collection_time_utc,collection_time_local,run_id,timestamp_utc,timestamp_local,value,unit,country,entsoe_area,variable,source,updated_at_utc
2026-06-27T21:06:46Z,2026-06-27T23:06:46+0200,44400f30-2862-403b-aedb-c9bc80837e62,2026-05-27T21:15:00Z,2026-05-27T23:15:00+0200,11619.64948,MW,DE,DE_LU,actual_onshore_wind_generation,Wind Onshore,2026-06-27T21:08:22Z
2026-06-27T21:06:46Z,2026-06-27T23:06:46+0200,44400f30-2862-403b-aedb-c9bc80837e62,2026-05-27T21:30:00Z,2026-05-27T23:30:00+0200,11170.74743,MW,DE,DE_LU,actual_onshore_wind_generation,Wind Onshore,2026-06-27T21:08:22Z
2026-06-27T21:06:46Z,2026-06-27T23:06:46+0200,44400f30-2862-403b-aedb-c9bc80837e62,2026-05-27T21:45:00Z,2026-05-27T23:45:00+0200,10894.49286,MW,DE,DE_LU,actual_onshore_wind_generation,Wind Onshore,2026-06-27T21:08:22Z
2026-06-27T21:06:46Z,2026-06-27T23:06:46+0200,44400f30-2862-403b-aedb-c9bc80837e62,2026-05-27T22:00:00Z,2026-05-28T00:00:00+0200,10723.8009,MW,DE,DE_LU,actual_onshore_wind_generation,Wind Onshore,2026-06-27T21:08:22Z
2026-06-27T21:06:46Z,2026-06-27T23:06:46+0200,44400f30-2862-403b-aedb-c9bc80837e62,2026-05-27T22:15:00Z,2026-05-28T00:15:00+0200,10431.27033,MW,DE,DE_LU,actual_onshore_wind_generation,Wind Onshore,2026-06-27T21:08:22Z
2026-06-27T21:06:46Z,2026-06-27T23:06:46+0200,44400f30-2862-403b-aedb-c9bc80837e62,2026-05-27T22:30:00Z,2026-05-28T00:30:00+0200,10119.95456,MW,DE,DE_LU,actual_onshore_wind_generation,Wind Onshore,2026-06-27T21:08:22Z
2026-06-27T21:06:46Z,2026-06-27T23:06:46+0200,44400f30-2862-403b-aedb-c9bc80837e62,2026-05-27T22:45:00Z,2026-05-28T00:45:00+0200,9873.06597,MW,DE,DE_LU,actual_onshore_wind_generation,Wind Onshore,2026-06-27T21:08:22Z
2026-06-27T21:06:46Z,2026-06-27T23:06:46+0200,44400f30-2862-403b-aedb-c9bc80837e62,2026-05-27T23:00:00Z,2026-05-28T01:00:00+0200,9460.72215,MW,DE,DE_LU,actual_onshore_wind_generation,Wind Onshore,2026-06-27T21:08:22Z
2026-06-27T21:06:46Z,2026-06-27T23:06:46+0200,44400f30-2862-403b-aedb-c9bc80837e62,2026-05-27T23:15:00Z,2026-05-28T01:15:00+0200,9166.74679,MW,DE,DE_LU,actual_onshore_wind_generation,Wind Onshore,2026-06-27T21:08:22Z
2026-06-27T21:06:46Z,2026-06-27T23:06:46+0200,44400f30-2862-403b-aedb-c9bc80837e62,2026-05-27T23:30:00Z,2026-05-28T01:30:00+0200,8939.66875,MW,DE,DE_LU,actual_onshore_wind_generation,Wind Onshore,2026-06-27T21:08:22Z
2026-06-27T21:06:46Z,2026-06-27T23:06:46+0200,44400f30-2862-403b-aedb-c9bc80837e62,2026-05-27T23:45:00Z,2026-05-28T01:45:00+0200,8635.52458,MW,DE,DE_LU,actual_onshore_wind_generation,Wind Onshore,2026-06-27T21:08:22Z
2026-06-27T21:06:46Z,2026-06-27T23:06:46+0200,44400f30-2862-403b-aedb-c9bc80837e62,2026-05-28T00:00:00Z,2026-05-28T02:00:00+0200,8147.50186,MW,DE,DE_LU,actual_onshore_wind_generation,Wind Onshore,2026-06-27T21:08:22Z
2026-06-27T21:06:46Z,2026-06-27T23:06:46+0200,44400f30-2862-403b-aedb-c9bc80837e62,2026-05-28T00:15:00Z,2026-05-28T02:15:00+0200,7605.4097,MW,DE,DE_LU,actual_onshore_wind_generation,Wind Onshore,2026-06-27T21:08:22Z
2026-06-27T21:06:46Z,2026-06-27T23:06:46+0200,44400f30-2862-403b-aedb-c9bc80837e62,2026-05-28T00:30:00Z,2026-05-28T02:30:00+0200,7135.97997,MW,DE,DE_LU,actual_onshore_wind_generation,Wind Onshore,2026-06-27T21:08:22Z
2026-06-27T21:06:46Z,2026-06-27T23:06:46+0200,44400f30-2862-403b-aedb-c9bc80837e62,2026-05-28T00:45:00Z,2026-05-28T02:45:00+0200,6776.60056,MW,DE,DE_LU,actual_onshore_wind_generation,Wind Onshore,2026-06-27T21:08:22Z
2026-06-27T21:06:46Z,2026-06-27T23:06:46+0200,44400f30-2862-403b-aedb-c9bc80837e62,2026-05-28T01:00:00Z,2026-05-28T03:00:00+0200,6565.92648,MW,DE,DE_LU,actual_onshore_wind_generation,Wind Onshore,2026-06-27T21:08:22Z
2026-06-27T21:06:46Z,2026-06-27T23:06:46+0200,44400f30-2862-403b-aedb-c9bc80837e62,2026-05-28T01:15:00Z,2026-05-28T03:15:00+0200,6366.98345,MW,DE,DE_LU,actual_onshore_wind_generation,Wind Onshore,2026-06-27T21:08:22Z
2026-06-27T21:06:46Z,2026-06-27T23:06:46+0200,44400f30-2862-403b-aedb-c9bc80837e62,2026-05-28T01:30:00Z,2026-05-28T03:30:00+0200,6249.5557,MW,DE,DE_LU,actual_onshore_wind_generation,Wind Onshore,2026-06-27T21:08:22Z
2026-06-27T21:06:46Z,2026-06-27T23:06:46+0200,44400f30-2862-403b-aedb-c9bc80837e62,2026-05-28T01:45:00Z,2026-05-28T03:45:00+0200,6199.22811,MW,DE,DE_LU,actual_onshore_wind_generation,Wind Onshore,2026-06-27T21:08:22Z
2026-06-27T21:06:46Z,2026-06-27T23:06:46+0200,44400f30-2862-403b-aedb-c9bc80837e62,2026-05-28T02:00:00Z,2026-05-28T04:00:00+0200,6237.05428,MW,DE,DE_LU,actual_onshore_wind_generation,Wind Onshore,2026-06-27T21:08:22Z
2026-06-27T21:06:46Z,2026-06-27T23:06:46+0200,44400f30-2862-403b-aedb-c9bc80837e62,2026-05-28T02:15:00Z,2026-05-28T04:15:00+0200,6262.8471,MW,DE,DE_LU,actual_onshore_wind_generation,Wind Onshore,2026-06-27T21:08:22Z
2026-06-27T21:06:46Z,2026-06-27T23:06:46+0200,44400f30-2862-403b-aedb-c9bc80837e62,2026-05-28T02:30:00Z,2026-05-28T04:30:00+0200,6290.53546,MW,DE,DE_LU,actual_onshore_wind_generation,Wind Onshore,2026-06-27T21:08:22Z
2026-06-27T21:06:46Z,2026-06-27T23:06:46+0200,44400f30-2862-403b-aedb-c9bc80837e62,2026-05-28T02:45:00Z,2026-05-28T04:45:00+0200,6300.33675,MW,DE,DE_LU,actual_onshore_wind_generation,Wind Onshore,2026-06-27T21:08:22Z
2026-06-27T21:06:46Z,2026-06-27T23:06:46+0200,44400f30-2862-403b-aedb-c9bc80837e62,2026-05-28T03:00:00Z,2026-05-28T05:00:00+0200,6217.37682,MW,DE,DE_LU,actual_onshore_wind_generation,Wind Onshore,2026-06-27T21:08:22Z
2026-06-27T21:06:46Z,2026-06-27T23:06:46+0200,44400f30-2862-403b-aedb-c9bc80837e62,2026-05-28T03:15:00Z,2026-05-28T05:15:00+0200,6152.70187,MW,DE,DE_LU,actual_onshore_wind_generation,Wind Onshore,2026-06-27T21:08:22Z
2026-06-27T21:06:46Z,2026-06-27T23:06:46+0200,44400f30-2862-403b-aedb-c9bc80837e62,2026-05-28T03:30:00Z,2026-05-28T05:30:00+0200,5977.29779,MW,DE,DE_LU,actual_onshore_wind_generation,Wind Onshore,2026-06-27T21:08:22Z
2026-06-27T21:06:46Z,2026-06-27T23:06:46+0200,44400f30-2862-403b-aedb-c9bc80837e62,2026-05-28T03:45:00Z,2026-05-28T05:45:00+0200,5705.74367,MW,DE,DE_LU,actual_onshore_wind_generation,Wind Onshore,2026-06-27T21:08:22Z
2026-06-27T21:06:46Z,2026-06-27T23:06:46+0200,44400f30-2862-403b-aedb-c9bc80837e62,2026-05-28T04:00:00Z,2026-05-28T06:00:00+0200,5420.19542,MW,DE,DE_LU,actual_onshore_wind_generation,Wind Onshore,2026-06-27T21:08:22Z
2026-06-27T21:06:46Z,2026-06-27T23:06:46+0200,44400f30-2862-403b-aedb-c9bc80837e62,2026-05-28T04:15:00Z,2026-05-28T06:15:00+0200,5055.72766,MW,DE,DE_LU,actual_onshore_wind_generation,Wind Onshore,2026-06-27T21:08:22Z
2026-06-27T21:06:46Z,2026-06-27T23:06:46+0200,44400f30-2862-403b-aedb-c9bc80837e62,2026-05-28T04:30:00Z,2026-05-28T06:30:00+0200,4574.96402,MW,DE,DE_LU,actual_onshore_wind_generation,Wind Onshore,2026-06-27T21:08:22Z
2026-06-27T21:06:46Z,2026-06-27T23:06:46+0200,44400f30-2862-403b-aedb-c9bc80837e62,2026-05-28T04:45:00Z,2026-05-28T06:45:00+0200,4022.98532,MW,DE,DE_LU,actual_onshore_wind_generation,Wind Onshore,2026-06-27T21:08:22Z
2026-06-27T21:06:46Z,2026-06-27T23:06:46+0200,44400f30-2862-403b-aedb-c9bc80837e62,2026-05-28T05:00:00Z,2026-05-28T07:00:00+0200,3253.07044,MW,DE,DE_LU,actual_onshore_wind_generation,Wind Onshore,2026-06-27T21:08:22Z
2026-06-27T21:06:46Z,2026-06-27T23:06:46+0200,44400f30-2862-403b-aedb-c9bc80837e62,2026-05-28T05:15:00Z,2026-05-28T07:15:00+0200,2539.65584,MW,DE,DE_LU,actual_onshore_wind_generation,Wind Onshore,2026-06-27T21:08:22Z
2026-06-27T21:06:46Z,2026-06-27T23:06:46+0200,44400f30-2862-403b-aedb-c9bc80837e62,2026-05-28T05:30:00Z,2026-05-28T07:30:00+0200,1982.66614,MW,DE,DE_LU,actual_onshore_wind_generation,Wind Onshore,2026-06-27T21:08:22Z
2026-06-27T21:06:46Z,2026-06-27T23:06:46+0200,44400f30-2862-403b-aedb-c9bc80837e62,2026-05-28T05:45:00Z,2026-05-28T07:45:00+0200,1791.69129,MW,DE,DE_LU,actual_onshore_wind_generation,Wind Onshore,2026-06-27T21:08:22Z
2026-06-27T21:06:46Z,2026-06-27T23:06:46+0200,44400f30-2862-403b-aedb-c9bc80837e62,2026-05-28T06:00:00Z,2026-05-28T08:00:00+0200,1672.07276,MW,DE,DE_LU,actual_onshore_wind_generation,Wind Onshore,2026-06-27T21:08:22Z
2026-06-27T21:06:46Z,2026-06-27T23:06:46+0200,44400f30-2862-403b-aedb-c9bc80837e62,2026-05-28T06:15:00Z,2026-05-28T08:15:00+0200,1587.26378,MW,DE,DE_LU,actual_onshore_wind_generation,Wind Onshore,2026-06-27T21:08:22Z
2026-06-27T21:06:46Z,2026-06-27T23:06:46+0200,44400f30-2862-403b-aedb-c9bc80837e62,2026-05-28T06:30:00Z,2026-05-28T08:30:00+0200,1491.21969,MW,DE,DE_LU,actual_onshore_wind_generation,Wind Onshore,2026-06-27T21:08:22Z
2026-06-27T21:06:46Z,2026-06-27T23:06:46+0200,44400f30-2862-403b-aedb-c9bc80837e62,2026-05-28T06:45:00Z,2026-05-28T08:45:00+0200,1481.96077,MW,DE,DE_LU,actual_onshore_wind_generation,Wind Onshore,2026-06-27T21:08:22Z
2026-06-27T21:06:46Z,2026-06-27T23:06:46+0200,44400f30-2862-403b-aedb-c9bc80837e62,2026-05-28T07:00:00Z,2026-05-28T09:00:00+0200,1440.17135,MW,DE,DE_LU,actual_onshore_wind_generation,Wind Onshore,2026-06-27T21:08:22Z
2026-06-27T21:06:46Z,2026-06-27T23:06:46+0200,44400f30-2862-403b-aedb-c9bc80837e62,2026-05-28T07:15:00Z,2026-05-28T09:15:00+0200,1423.54424,MW,DE,DE_LU,actual_onshore_wind_generation,Wind Onshore,2026-06-27T21:08:22Z
2026-06-27T21:06:46Z,2026-06-27T23:06:46+0200,44400f30-2862-403b-aedb-c9bc80837e62,2026-05-28T07:30:00Z,2026-05-28T09:30:00+0200,1401.14492,MW,DE,DE_LU,actual_onshore_wind_generation,Wind Onshore,2026-06-27T21:08:22Z
2026-06-27T21:06:46Z,2026-06-27T23:06:46+0200,44400f30-2862-403b-aedb-c9bc80837e62,2026-05-28T07:45:00Z,2026-05-28T09:45:00+0200,1187.14699,MW,DE,DE_LU,actual_onshore_wind_generation,Wind Onshore,2026-06-27T21:08:22Z
2026-06-27T21:06:46Z,2026-06-27T23:06:46+0200,44400f30-2862-403b-aedb-c9bc80837e62,2026-05-28T08:00:00Z,2026-05-28T10:00:00+0200,1104.1914,MW,DE,DE_LU,actual_onshore_wind_generation,Wind Onshore,2026-06-27T21:08:22Z
2026-06-27T21:06:46Z,2026-06-27T23:06:46+0200,44400f30-2862-403b-aedb-c9bc80837e62,2026-05-28T08:15:00Z,2026-05-28T10:15:00+0200,1124.40291,MW,DE,DE_LU,actual_onshore_wind_generation,Wind Onshore,2026-06-27T21:08:22Z
2026-06-27T21:06:46Z,2026-06-27T23:06:46+0200,44400f30-2862-403b-aedb-c9bc80837e62,2026-05-28T08:30:00Z,2026-05-28T10:30:00+0200,1157.00875,MW,DE,DE_LU,actual_onshore_wind_generation,Wind Onshore,2026-06-27T21:08:22Z
2026-06-27T21:06:46Z,2026-06-27T23:06:46+0200,44400f30-2862-403b-aedb-c9bc80837e62,2026-05-28T08:45:00Z,2026-05-28T10:45:00+0200,1262.89512,MW,DE,DE_LU,actual_onshore_wind_generation,Wind Onshore,2026-06-27T21:08:22Z
2026-06-27T21:06:46Z,2026-06-27T23:06:46+0200,44400f30-2862-403b-aedb-c9bc80837e62,2026-05-28T09:00:00Z,2026-05-28T11:00:00+0200,1410.91016,MW,DE,DE_LU,actual_onshore_wind_generation,Wind Onshore,2026-06-27T21:08:22Z
2026-06-27T21:06:46Z,2026-06-27T23:06:46+0200,44400f30-2862-403b-aedb-c9bc80837e62,2026-05-28T09:15:00Z,2026-05-28T11:15:00+0200,1373.50191,MW,DE,DE_LU,actual_onshore_wind_generation,Wind Onshore,2026-06-27T21:08:22Z
2026-06-27T21:06:46Z,2026-06-27T23:06:46+0200,44400f30-2862-403b-aedb-c9bc80837e62,2026-05-28T09:30:00Z,2026-05-28T11:30:00+0200,1385.87175,MW,DE,DE_LU,actual_onshore_wind_generation,Wind Onshore,2026-06-27T21:08:22Z
2026-06-27T21:06:46Z,2026-06-27T23:06:46+0200,44400f30-2862-403b-aedb-c9bc80837e62,2026-05-28T09:45:00Z,2026-05-28T11:45:00+0200,1283.83291,MW,DE,DE_LU,actual_onshore_wind_generation,Wind Onshore,2026-06-27T21:08:22Z
2026-06-27T21:06:46Z,2026-06-27T23:06:46+0200,44400f30-2862-403b-aedb-c9bc80837e62,2026-05-28T10:00:00Z,2026-05-28T12:00:00+0200,1186.43569,MW,DE,DE_LU,actual_onshore_wind_generation,Wind Onshore,2026-06-27T21:08:22Z
2026-06-27T21:06:46Z,2026-06-27T23:06:46+0200,44400f30-2862-403b-aedb-c9bc80837e62,2026-05-28T10:15:00Z,2026-05-28T12:15:00+0200,1114.49864,MW,DE,DE_LU,actual_onshore_wind_generation,Wind Onshore,2026-06-27T21:08:22Z
2026-06-27T21:06:46Z,2026-06-27T23:06:46+0200,44400f30-2862-403b-aedb-c9bc80837e62,2026-05-28T10:30:00Z,2026-05-28T12:30:00+0200,995.21263,MW,DE,DE_LU,actual_onshore_wind_generation,Wind Onshore,2026-06-27T21:08:22Z
2026-06-27T21:06:46Z,2026-06-27T23:06:46+0200,44400f30-2862-403b-aedb-c9bc80837e62,2026-05-28T10:45:00Z,2026-05-28T12:45:00+0200,1097.08896,MW,DE,DE_LU,actual_onshore_wind_generation,Wind Onshore,2026-06-27T21:08:22Z
2026-06-27T21:06:46Z,2026-06-27T23:06:46+0200,44400f30-2862-403b-aedb-c9bc80837e62,2026-05-28T11:00:00Z,2026-05-28T13:00:00+0200,1148.86186,MW,DE,DE_LU,actual_onshore_wind_generation,Wind Onshore,2026-06-27T21:08:22Z
2026-06-27T21:06:46Z,2026-06-27T23:06:46+0200,44400f30-2862-403b-aedb-c9bc80837e62,2026-05-28T11:15:00Z,2026-05-28T13:15:00+0200,1150.27953,MW,DE,DE_LU,actual_onshore_wind_generation,Wind Onshore,2026-06-27T21:08:22Z
2026-06-27T21:06:46Z,2026-06-27T23:06:46+0200,44400f30-2862-403b-aedb-c9bc80837e62,2026-05-28T11:30:00Z,2026-05-28T13:30:00+0200,1078.19827,MW,DE,DE_LU,actual_onshore_wind_generation,Wind Onshore,2026-06-27T21:08:22Z
2026-06-27T21:06:46Z,2026-06-27T23:06:46+0200,44400f30-2862-403b-aedb-c9bc80837e62,2026-05-28T11:45:00Z,2026-05-28T13:45:00+0200,1080.64405,MW,DE,DE_LU,actual_onshore_wind_generation,Wind Onshore,2026-06-27T21:08:22Z
2026-06-27T21:06:46Z,2026-06-27T23:06:46+0200,44400f30-2862-403b-aedb-c9bc80837e62,2026-05-28T12:00:00Z,2026-05-28T14:00:00+0200,1109.81076,MW,DE,DE_LU,actual_onshore_wind_generation,Wind Onshore,2026-06-27T21:08:22Z
2026-06-27T21:06:46Z,2026-06-27T23:06:46+0200,44400f30-2862-403b-aedb-c9bc80837e62,2026-05-28T12:15:00Z,2026-05-28T14:15:00+0200,1183.39404,MW,DE,DE_LU,actual_onshore_wind_generation,Wind Onshore,2026-06-27T21:08:22Z
2026-06-27T21:06:46Z,2026-06-27T23:06:46+0200,44400f30-2862-403b-aedb-c9bc80837e62,2026-05-28T12:30:00Z,2026-05-28T14:30:00+0200,1232.2399,MW,DE,DE_LU,actual_onshore_wind_generation,Wind Onshore,2026-06-27T21:08:22Z
2026-06-27T21:06:46Z,2026-06-27T23:06:46+0200,44400f30-2862-403b-aedb-c9bc80837e62,2026-05-28T12:45:00Z,2026-05-28T14:45:00+0200,1308.88296,MW,DE,DE_LU,actual_onshore_wind_generation,Wind Onshore,2026-06-27T21:08:22Z
2026-06-27T21:06:46Z,2026-06-27T23:06:46+0200,44400f30-2862-403b-aedb-c9bc80837e62,2026-05-28T13:00:00Z,2026-05-28T15:00:00+0200,1360.23128,MW,DE,DE_LU,actual_onshore_wind_generation,Wind Onshore,2026-06-27T21:08:22Z
2026-06-27T21:06:46Z,2026-06-27T23:06:46+0200,44400f30-2862-403b-aedb-c9bc80837e62,2026-05-28T13:15:00Z,2026-05-28T15:15:00+0200,1349.50676,MW,DE,DE_LU,actual_onshore_wind_generation,Wind Onshore,2026-06-27T21:08:22Z
2026-06-27T21:06:46Z,2026-06-27T23:06:46+0200,44400f30-2862-403b-aedb-c9bc80837e62,2026-05-28T13:30:00Z,2026-05-28T15:30:00+0200,1313.61549,MW,DE,DE_LU,actual_onshore_wind_generation,Wind Onshore,2026-06-27T21:08:22Z
2026-06-27T21:06:46Z,2026-06-27T23:06:46+0200,44400f30-2862-403b-aedb-c9bc80837e62,2026-05-28T13:45:00Z,2026-05-28T15:45:00+0200,1265.98266,MW,DE,DE_LU,actual_onshore_wind_generation,Wind Onshore,2026-06-27T21:08:22Z
2026-06-27T21:06:46Z,2026-06-27T23:06:46+0200,44400f30-2862-403b-aedb-c9bc80837e62,2026-05-28T14:00:00Z,2026-05-28T16:00:00+0200,1368.34135,MW,DE,DE_LU,actual_onshore_wind_generation,Wind Onshore,2026-06-27T21:08:22Z
2026-06-27T21:06:46Z,2026-06-27T23:06:46+0200,44400f30-2862-403b-aedb-c9bc80837e62,2026-05-28T14:15:00Z,2026-05-28T16:15:00+0200,1601.69519,MW,DE,DE_LU,actual_onshore_wind_generation,Wind Onshore,2026-06-27T21:08:22Z
2026-06-27T21:06:46Z,2026-06-27T23:06:46+0200,44400f30-2862-403b-aedb-c9bc80837e62,2026-05-28T14:30:00Z,2026-05-28T16:30:00+0200,1735.92,MW,DE,DE_LU,actual_onshore_wind_generation,Wind Onshore,2026-06-27T21:08:22Z
2026-06-27T21:06:46Z,2026-06-27T23:06:46+0200,44400f30-2862-403b-aedb-c9bc80837e62,2026-05-28T14:45:00Z,2026-05-28T16:45:00+0200,1826.00097,MW,DE,DE_LU,actual_onshore_wind_generation,Wind Onshore,2026-06-27T21:08:22Z
2026-06-27T21:06:46Z,2026-06-27T23:06:46+0200,44400f30-2862-403b-aedb-c9bc80837e62,2026-05-28T15:00:00Z,2026-05-28T17:00:00+0200,1874.33019,MW,DE,DE_LU,actual_onshore_wind_generation,Wind Onshore,2026-06-27T21:08:22Z
2026-06-27T21:06:46Z,2026-06-27T23:06:46+0200,44400f30-2862-403b-aedb-c9bc80837e62,2026-05-28T15:15:00Z,2026-05-28T17:15:00+0200,1884.50055,MW,DE,DE_LU,actual_onshore_wind_generation,Wind Onshore,2026-06-27T21:08:22Z
2026-06-27T21:06:46Z,2026-06-27T23:06:46+0200,44400f30-2862-403b-aedb-c9bc80837e62,2026-05-28T15:30:00Z,2026-05-28T17:30:00+0200,1836.46289,MW,DE,DE_LU,actual_onshore_wind_generation,Wind Onshore,2026-06-27T21:08:22Z
2026-06-27T21:06:46Z,2026-06-27T23:06:46+0200,44400f30-2862-403b-aedb-c9bc80837e62,2026-05-28T15:45:00Z,2026-05-28T17:45:00+0200,1769.89743,MW,DE,DE_LU,actual_onshore_wind_generation,Wind Onshore,2026-06-27T21:08:22Z
2026-06-27T21:06:46Z,2026-06-27T23:06:46+0200,44400f30-2862-403b-aedb-c9bc80837e62,2026-05-28T16:00:00Z,2026-05-28T18:00:00+0200,1748.66404,MW,DE,DE_LU,actual_onshore_wind_generation,Wind Onshore,2026-06-27T21:08:22Z
2026-06-27T21:06:46Z,2026-06-27T23:06:46+0200,44400f30-2862-403b-aedb-c9bc80837e62,2026-05-28T16:15:00Z,2026-05-28T18:15:00+0200,1741.35968,MW,DE,DE_LU,actual_onshore_wind_generation,Wind Onshore,2026-06-27T21:08:22Z
2026-06-27T21:06:46Z,2026-06-27T23:06:46+0200,44400f30-2862-403b-aedb-c9bc80837e62,2026-05-28T16:30:00Z,2026-05-28T18:30:00+0200,1667.44693,MW,DE,DE_LU,actual_onshore_wind_generation,Wind Onshore,2026-06-27T21:08:22Z
2026-06-27T21:06:46Z,2026-06-27T23:06:46+0200,44400f30-2862-403b-aedb-c9bc80837e62,2026-05-28T16:45:00Z,2026-05-28T18:45:00+0200,1610.91884,MW,DE,DE_LU,actual_onshore_wind_generation,Wind Onshore,2026-06-27T21:08:22Z
2026-06-27T21:06:46Z,2026-06-27T23:06:46+0200,44400f30-2862-403b-aedb-c9bc80837e62,2026-05-28T17:00:00Z,2026-05-28T19:00:00+0200,1535.04379,MW,DE,DE_LU,actual_onshore_wind_generation,Wind Onshore,2026-06-27T21:08:22Z
2026-06-27T21:06:46Z,2026-06-27T23:06:46+0200,44400f30-2862-403b-aedb-c9bc80837e62,2026-05-28T17:15:00Z,2026-05-28T19:15:00+0200,1443.97278,MW,DE,DE_LU,actual_onshore_wind_generation,Wind Onshore,2026-06-27T21:08:22Z
2026-06-27T21:06:46Z,2026-06-27T23:06:46+0200,44400f30-2862-403b-aedb-c9bc80837e62,2026-05-28T17:30:00Z,2026-05-28T19:30:00+0200,1404.26814,MW,DE,DE_LU,actual_onshore_wind_generation,Wind Onshore,2026-06-27T21:08:22Z
2026-06-27T21:06:46Z,2026-06-27T23:06:46+0200,44400f30-2862-403b-aedb-c9bc80837e62,2026-05-28T17:45:00Z,2026-05-28T19:45:00+0200,1357.70062,MW,DE,DE_LU,actual_onshore_wind_generation,Wind Onshore,2026-06-27T21:08:22Z
2026-06-27T21:06:46Z,2026-06-27T23:06:46+0200,44400f30-2862-403b-aedb-c9bc80837e62,2026-05-28T18:00:00Z,2026-05-28T20:00:00+0200,1351.78356,MW,DE,DE_LU,actual_onshore_wind_generation,Wind Onshore,2026-06-27T21:08:22Z
2026-06-27T21:06:46Z,2026-06-27T23:06:46+0200,44400f30-2862-403b-aedb-c9bc80837e62,2026-05-28T18:15:00Z,2026-05-28T20:15:00+0200,1305.34309,MW,DE,DE_LU,actual_onshore_wind_generation,Wind Onshore,2026-06-27T21:08:22Z
2026-06-27T21:06:46Z,2026-06-27T23:06:46+0200,44400f30-2862-403b-aedb-c9bc80837e62,2026-05-28T18:30:00Z,2026-05-28T20:30:00+0200,1270.50424,MW,DE,DE_LU,actual_onshore_wind_generation,Wind Onshore,2026-06-27T21:08:22Z
2026-06-27T21:06:46Z,2026-06-27T23:06:46+0200,44400f30-2862-403b-aedb-c9bc80837e62,2026-05-28T18:45:00Z,2026-05-28T20:45:00+0200,1377.23415,MW,DE,DE_LU,actual_onshore_wind_generation,Wind Onshore,2026-06-27T21:08:22Z
2026-06-27T21:06:46Z,2026-06-27T23:06:46+0200,44400f30-2862-403b-aedb-c9bc80837e62,2026-05-28T19:00:00Z,2026-05-28T21:00:00+0200,1504.23187,MW,DE,DE_LU,actual_onshore_wind_generation,Wind Onshore,2026-06-27T21:08:22Z
2026-06-27T21:06:46Z,2026-06-27T23:06:46+0200,44400f30-2862-403b-aedb-c9bc80837e62,2026-05-28T19:15:00Z,2026-05-28T21:15:00+0200,1554.7126,MW,DE,DE_LU,actual_onshore_wind_generation,Wind Onshore,2026-06-27T21:08:22Z
2026-06-27T21:06:46Z,2026-06-27T23:06:46+0200,44400f30-2862-403b-aedb-c9bc80837e62,2026-05-28T19:30:00Z,2026-05-28T21:30:00+0200,1583.64375,MW,DE,DE_LU,actual_onshore_wind_generation,Wind Onshore,2026-06-27T21:08:22Z
2026-06-27T21:06:46Z,2026-06-27T23:06:46+0200,44400f30-2862-403b-aedb-c9bc80837e62,2026-05-28T19:45:00Z,2026-05-28T21:45:00+0200,1636.32111,MW,DE,DE_LU,actual_onshore_wind_generation,Wind Onshore,2026-06-27T21:08:22Z
2026-06-27T21:06:46Z,2026-06-27T23:06:46+0200,44400f30-2862-403b-aedb-c9bc80837e62,2026-05-28T20:00:00Z,2026-05-28T22:00:00+0200,1696.34335,MW,DE,DE_LU,actual_onshore_wind_generation,Wind Onshore,2026-06-27T21:08:22Z
2026-06-27T21:06:46Z,2026-06-27T23:06:46+0200,44400f30-2862-403b-aedb-c9bc80837e62,2026-05-28T20:15:00Z,2026-05-28T22:15:00+0200,1727.05314,MW,DE,DE_LU,actual_onshore_wind_generation,Wind Onshore,2026-06-27T21:08:22Z
2026-06-27T21:06:46Z,2026-06-27T23:06:46+0200,44400f30-2862-403b-aedb-c9bc80837e62,2026-05-28T20:30:00Z,2026-05-28T22:30:00+0200,1766.94002,MW,DE,DE_LU,actual_onshore_wind_generation,Wind Onshore,2026-06-27T21:08:22Z
2026-06-27T21:06:46Z,2026-06-27T23:06:46+0200,44400f30-2862-403b-aedb-c9bc80837e62,2026-05-28T20:45:00Z,2026-05-28T22:45:00+0200,1822.8109,MW,DE,DE_LU,actual_onshore_wind_generation,Wind Onshore,2026-06-27T21:08:22Z
2026-06-27T21:06:46Z,2026-06-27T23:06:46+0200,44400f30-2862-403b-aedb-c9bc80837e62,2026-05-28T21:00:00Z,2026-05-28T23:00:00+0200,1857.78209,MW,DE,DE_LU,actual_onshore_wind_generation,Wind Onshore,2026-06-27T21:08:22Z
2026-06-27T21:06:46Z,2026-06-27T23:06:46+0200,44400f30-2862-403b-aedb-c9bc80837e62,2026-05-28T21:15:00Z,2026-05-28T23:15:00+0200,1923.15985,MW,DE,DE_LU,actual_onshore_wind_generation,Wind Onshore,2026-06-27T21:08:22Z
2026-06-27T21:06:46Z,2026-06-27T23:06:46+0200,44400f30-2862-403b-aedb-c9bc80837e62,2026-05-28T21:30:00Z,2026-05-28T23:30:00+0200,1912.70976,MW,DE,DE_LU,actual_onshore_wind_generation,Wind Onshore,2026-06-27T21:08:22Z
2026-06-27T21:06:46Z,2026-06-27T23:06:46+0200,44400f30-2862-403b-aedb-c9bc80837e62,2026-05-28T21:45:00Z,2026-05-28T23:45:00+0200,1897.20427,MW,DE,DE_LU,actual_onshore_wind_generation,Wind Onshore,2026-06-27T21:08:22Z
2026-06-27T21:06:46Z,2026-06-27T23:06:46+0200,44400f30-2862-403b-aedb-c9bc80837e62,2026-05-28T22:00:00Z,2026-05-29T00:00:00+0200,1898.77536,MW,DE,DE_LU,actual_onshore_wind_generation,Wind Onshore,2026-06-27T21:08:22Z
2026-06-27T21:06:46Z,2026-06-27T23:06:46+0200,44400f30-2862-403b-aedb-c9bc80837e62,2026-05-28T22:15:00Z,2026-05-29T00:15:00+0200,1898.48312,MW,DE,DE_LU,actual_onshore_wind_generation,Wind Onshore,2026-06-27T21:08:22Z
2026-06-27T21:06:46Z,2026-06-27T23:06:46+0200,44400f30-2862-403b-aedb-c9bc80837e62,2026-05-28T22:30:00Z,2026-05-29T00:30:00+0200,1896.06059,MW,DE,DE_LU,actual_onshore_wind_generation,Wind Onshore,2026-06-27T21:08:22Z
2026-06-27T21:06:46Z,2026-06-27T23:06:46+0200,44400f30-2862-403b-aedb-c9bc80837e62,2026-05-28T22:45:00Z,2026-05-29T00:45:00+0200,1925.17332,MW,DE,DE_LU,actual_onshore_wind_generation,Wind Onshore,2026-06-27T21:08:22Z
2026-06-27T21:06:46Z,2026-06-27T23:06:46+0200,44400f30-2862-403b-aedb-c9bc80837e62,2026-05-28T23:00:00Z,2026-05-29T01:00:00+0200,1978.42485,MW,DE,DE_LU,actual_onshore_wind_generation,Wind Onshore,2026-06-27T21:08:22Z
2026-06-27T21:06:46Z,2026-06-27T23:06:46+0200,44400f30-2862-403b-aedb-c9bc80837e62,2026-05-28T23:15:00Z,2026-05-29T01:15:00+0200,2126.45547,MW,DE,DE_LU,actual_onshore_wind_generation,Wind Onshore,2026-06-27T21:08:22Z
2026-06-27T21:06:46Z,2026-06-27T23:06:46+0200,44400f30-2862-403b-aedb-c9bc80837e62,2026-05-28T23:30:00Z,2026-05-29T01:30:00+0200,2294.15563,MW,DE,DE_LU,actual_onshore_wind_generation,Wind Onshore,2026-06-27T21:08:22Z
2026-06-27T21:06:46Z,2026-06-27T23:06:46+0200,44400f30-2862-403b-aedb-c9bc80837e62,2026-05-28T23:45:00Z,2026-05-29T01:45:00+0200,2509.58529,MW,DE,DE_LU,actual_onshore_wind_generation,Wind Onshore,2026-06-27T21:08:22Z
2026-06-27T21:06:46Z,2026-06-27T23:06:46+0200,44400f30-2862-403b-aedb-c9bc80837e62,2026-05-29T00:00:00Z,2026-05-29T02:00:00+0200,2700.02908,MW,DE,DE_LU,actual_onshore_wind_generation,Wind Onshore,2026-06-27T21:08:22Z
2026-06-27T21:06:46Z,2026-06-27T23:06:46+0200,44400f30-2862-403b-aedb-c9bc80837e62,2026-05-29T00:15:00Z,2026-05-29T02:15:00+0200,2796.30765,MW,DE,DE_LU,actual_onshore_wind_generation,Wind Onshore,2026-06-27T21:08:22Z
2026-06-27T21:06:46Z,2026-06-27T23:06:46+0200,44400f30-2862-403b-aedb-c9bc80837e62,2026-05-29T00:30:00Z,2026-05-29T02:30:00+0200,2853.72844,MW,DE,DE_LU,actual_onshore_wind_generation,Wind Onshore,2026-06-27T21:08:22Z
2026-06-27T21:06:46Z,2026-06-27T23:06:46+0200,44400f30-2862-403b-aedb-c9bc80837e62,2026-05-29T00:45:00Z,2026-05-29T02:45:00+0200,2995.04071,MW,DE,DE_LU,actual_onshore_wind_generation,Wind Onshore,2026-06-27T21:08:22Z
2026-06-27T21:06:46Z,2026-06-27T23:06:46+0200,44400f30-2862-403b-aedb-c9bc80837e62,2026-05-29T01:00:00Z,2026-05-29T03:00:00+0200,3120.99988,MW,DE,DE_LU,actual_onshore_wind_generation,Wind Onshore,2026-06-27T21:08:22Z
2026-06-27T21:06:46Z,2026-06-27T23:06:46+0200,44400f30-2862-403b-aedb-c9bc80837e62,2026-05-29T01:15:00Z,2026-05-29T03:15:00+0200,3250.88561,MW,DE,DE_LU,actual_onshore_wind_generation,Wind Onshore,2026-06-27T21:08:22Z
2026-06-27T21:06:46Z,2026-06-27T23:06:46+0200,44400f30-2862-403b-aedb-c9bc80837e62,2026-05-29T01:30:00Z,2026-05-29T03:30:00+0200,3463.17822,MW,DE,DE_LU,actual_onshore_wind_generation,Wind Onshore,2026-06-27T21:08:22Z
2026-06-27T21:06:46Z,2026-06-27T23:06:46+0200,44400f30-2862-403b-aedb-c9bc80837e62,2026-05-29T01:45:00Z,2026-05-29T03:45:00+0200,3679.22004,MW,DE,DE_LU,actual_onshore_wind_generation,Wind Onshore,2026-06-27T21:08:22Z
2026-06-27T21:06:46Z,2026-06-27T23:06:46+0200,44400f30-2862-403b-aedb-c9bc80837e62,2026-05-29T02:00:00Z,2026-05-29T04:00:00+0200,3815.12854,MW,DE,DE_LU,actual_onshore_wind_generation,Wind Onshore,2026-06-27T21:08:22Z
2026-06-27T21:06:46Z,2026-06-27T23:06:46+0200,44400f30-2862-403b-aedb-c9bc80837e62,2026-05-29T02:15:00Z,2026-05-29T04:15:00+0200,3915.36912,MW,DE,DE_LU,actual_onshore_wind_generation,Wind Onshore,2026-06-27T21:08:22Z
2026-06-27T21:06:46Z,2026-06-27T23:06:46+0200,44400f30-2862-403b-aedb-c9bc80837e62,2026-05-29T02:30:00Z,2026-05-29T04:30:00+0200,4084.08661,MW,DE,DE_LU,actual_onshore_wind_generation,Wind Onshore,2026-06-27T21:08:22Z
2026-06-27T21:06:46Z,2026-06-27T23:06:46+0200,44400f30-2862-403b-aedb-c9bc80837e62,2026-05-29T02:45:00Z,2026-05-29T04:45:00+0200,4219.01082,MW,DE,DE_LU,actual_onshore_wind_generation,Wind Onshore,2026-06-27T21:08:22Z
2026-06-27T21:06:46Z,2026-06-27T23:06:46+0200,44400f30-2862-403b-aedb-c9bc80837e62,2026-05-29T03:00:00Z,2026-05-29T05:00:00+0200,4396.77367,MW,DE,DE_LU,actual_onshore_wind_generation,Wind Onshore,2026-06-27T21:08:22Z
2026-06-27T21:06:46Z,2026-06-27T23:06:46+0200,44400f30-2862-403b-aedb-c9bc80837e62,2026-05-29T03:15:00Z,2026-05-29T05:15:00+0200,4790.88772,MW,DE,DE_LU,actual_onshore_wind_generation,Wind Onshore,2026-06-27T21:08:22Z
2026-06-27T21:06:46Z,2026-06-27T23:06:46+0200,44400f30-2862-403b-aedb-c9bc80837e62,2026-05-29T03:30:00Z,2026-05-29T05:30:00+0200,5060.27363,MW,DE,DE_LU,actual_onshore_wind_generation,Wind Onshore,2026-06-27T21:08:22Z
2026-06-27T21:06:46Z,2026-06-27T23:06:46+0200,44400f30-2862-403b-aedb-c9bc80837e62,2026-05-29T03:45:00Z,2026-05-29T05:45:00+0200,5159.51476,MW,DE,DE_LU,actual_onshore_wind_generation,Wind Onshore,2026-06-27T21:08:22Z
2026-06-27T21:06:46Z,2026-06-27T23:06:46+0200,44400f30-2862-403b-aedb-c9bc80837e62,2026-05-29T04:00:00Z,2026-05-29T06:00:00+0200,5366.85041,MW,DE,DE_LU,actual_onshore_wind_generation,Wind Onshore,2026-06-27T21:08:22Z
2026-06-27T21:06:46Z,2026-06-27T23:06:46+0200,44400f30-2862-403b-aedb-c9bc80837e62,2026-05-29T04:15:00Z,2026-05-29T06:15:00+0200,5416.14214,MW,DE,DE_LU,actual_onshore_wind_generation,Wind Onshore,2026-06-27T21:08:22Z
2026-06-27T21:06:46Z,2026-06-27T23:06:46+0200,44400f30-2862-403b-aedb-c9bc80837e62,2026-05-29T04:30:00Z,2026-05-29T06:30:00+0200,5534.94883,MW,DE,DE_LU,actual_onshore_wind_generation,Wind Onshore,2026-06-27T21:08:22Z
2026-06-27T21:06:46Z,2026-06-27T23:06:46+0200,44400f30-2862-403b-aedb-c9bc80837e62,2026-05-29T04:45:00Z,2026-05-29T06:45:00+0200,5578.94336,MW,DE,DE_LU,actual_onshore_wind_generation,Wind Onshore,2026-06-27T21:08:22Z
2026-06-27T21:06:46Z,2026-06-27T23:06:46+0200,44400f30-2862-403b-aedb-c9bc80837e62,2026-05-29T05:00:00Z,2026-05-29T07:00:00+0200,5341.6664,MW,DE,DE_LU,actual_onshore_wind_generation,Wind Onshore,2026-06-27T21:08:22Z
2026-06-27T21:06:46Z,2026-06-27T23:06:46+0200,44400f30-2862-403b-aedb-c9bc80837e62,2026-05-29T05:15:00Z,2026-05-29T07:15:00+0200,5035.1423,MW,DE,DE_LU,actual_onshore_wind_generation,Wind Onshore,2026-06-27T21:08:22Z
2026-06-27T21:06:46Z,2026-06-27T23:06:46+0200,44400f30-2862-403b-aedb-c9bc80837e62,2026-05-29T05:30:00Z,2026-05-29T07:30:00+0200,4594.90219,MW,DE,DE_LU,actual_onshore_wind_generation,Wind Onshore,2026-06-27T21:08:22Z
2026-06-27T21:06:46Z,2026-06-27T23:06:46+0200,44400f30-2862-403b-aedb-c9bc80837e62,2026-05-29T05:45:00Z,2026-05-29T07:45:00+0200,4213.93663,MW,DE,DE_LU,actual_onshore_wind_generation,Wind Onshore,2026-06-27T21:08:22Z
2026-06-27T21:06:46Z,2026-06-27T23:06:46+0200,44400f30-2862-403b-aedb-c9bc80837e62,2026-05-29T06:00:00Z,2026-05-29T08:00:00+0200,3503.4437,MW,DE,DE_LU,actual_onshore_wind_generation,Wind Onshore,2026-06-27T21:08:22Z
2026-06-27T21:06:46Z,2026-06-27T23:06:46+0200,44400f30-2862-403b-aedb-c9bc80837e62,2026-05-29T06:15:00Z,2026-05-29T08:15:00+0200,3041.9045,MW,DE,DE_LU,actual_onshore_wind_generation,Wind Onshore,2026-06-27T21:08:22Z
2026-06-27T21:06:46Z,2026-06-27T23:06:46+0200,44400f30-2862-403b-aedb-c9bc80837e62,2026-05-29T06:30:00Z,2026-05-29T08:30:00+0200,2763.74163,MW,DE,DE_LU,actual_onshore_wind_generation,Wind Onshore,2026-06-27T21:08:22Z
2026-06-27T21:06:46Z,2026-06-27T23:06:46+0200,44400f30-2862-403b-aedb-c9bc80837e62,2026-05-29T06:45:00Z,2026-05-29T08:45:00+0200,2642.85502,MW,DE,DE_LU,actual_onshore_wind_generation,Wind Onshore,2026-06-27T21:08:22Z
2026-06-27T21:06:46Z,2026-06-27T23:06:46+0200,44400f30-2862-403b-aedb-c9bc80837e62,2026-05-29T07:00:00Z,2026-05-29T09:00:00+0200,2672.65399,MW,DE,DE_LU,actual_onshore_wind_generation,Wind Onshore,2026-06-27T21:08:22Z
2026-06-27T21:06:46Z,2026-06-27T23:06:46+0200,44400f30-2862-403b-aedb-c9bc80837e62,2026-05-29T07:15:00Z,2026-05-29T09:15:00+0200,2768.83556,MW,DE,DE_LU,actual_onshore_wind_generation,Wind Onshore,2026-06-27T21:08:22Z
2026-06-27T21:06:46Z,2026-06-27T23:06:46+0200,44400f30-2862-403b-aedb-c9bc80837e62,2026-05-29T07:30:00Z,2026-05-29T09:30:00+0200,2688.74256,MW,DE,DE_LU,actual_onshore_wind_generation,Wind Onshore,2026-06-27T21:08:22Z
2026-06-27T21:06:46Z,2026-06-27T23:06:46+0200,44400f30-2862-403b-aedb-c9bc80837e62,2026-05-29T07:45:00Z,2026-05-29T09:45:00+0200,2517.77455,MW,DE,DE_LU,actual_onshore_wind_generation,Wind Onshore,2026-06-27T21:08:22Z
2026-06-27T21:06:46Z,2026-06-27T23:06:46+0200,44400f30-2862-403b-aedb-c9bc80837e62,2026-05-29T08:00:00Z,2026-05-29T10:00:00+0200,2346.63,MW,DE,DE_LU,actual_onshore_wind_generation,Wind Onshore,2026-06-27T21:08:22Z
2026-06-27T21:06:46Z,2026-06-27T23:06:46+0200,44400f30-2862-403b-aedb-c9bc80837e62,2026-05-29T08:15:00Z,2026-05-29T10:15:00+0200,2365.02858,MW,DE,DE_LU,actual_onshore_wind_generation,Wind Onshore,2026-06-27T21:08:22Z
2026-06-27T21:06:46Z,2026-06-27T23:06:46+0200,44400f30-2862-403b-aedb-c9bc80837e62,2026-05-29T08:30:00Z,2026-05-29T10:30:00+0200,2513.56559,MW,DE,DE_LU,actual_onshore_wind_generation,Wind Onshore,2026-06-27T21:08:22Z
2026-06-27T21:06:46Z,2026-06-27T23:06:46+0200,44400f30-2862-403b-aedb-c9bc80837e62,2026-05-29T08:45:00Z,2026-05-29T10:45:00+0200,2661.93191,MW,DE,DE_LU,actual_onshore_wind_generation,Wind Onshore,2026-06-27T21:08:22Z
2026-06-27T21:06:46Z,2026-06-27T23:06:46+0200,44400f30-2862-403b-aedb-c9bc80837e62,2026-05-29T09:00:00Z,2026-05-29T11:00:00+0200,2851.2464,MW,DE,DE_LU,actual_onshore_wind_generation,Wind Onshore,2026-06-27T21:08:22Z
2026-06-27T21:06:46Z,2026-06-27T23:06:46+0200,44400f30-2862-403b-aedb-c9bc80837e62,2026-05-29T09:15:00Z,2026-05-29T11:15:00+0200,2885.50477,MW,DE,DE_LU,actual_onshore_wind_generation,Wind Onshore,2026-06-27T21:08:22Z
2026-06-27T21:06:46Z,2026-06-27T23:06:46+0200,44400f30-2862-403b-aedb-c9bc80837e62,2026-05-29T09:30:00Z,2026-05-29T11:30:00+0200,2851.92296,MW,DE,DE_LU,actual_onshore_wind_generation,Wind Onshore,2026-06-27T21:08:22Z
2026-06-27T21:06:46Z,2026-06-27T23:06:46+0200,44400f30-2862-403b-aedb-c9bc80837e62,2026-05-29T09:45:00Z,2026-05-29T11:45:00+0200,2678.09289,MW,DE,DE_LU,actual_onshore_wind_generation,Wind Onshore,2026-06-27T21:08:22Z
2026-06-27T21:06:46Z,2026-06-27T23:06:46+0200,44400f30-2862-403b-aedb-c9bc80837e62,2026-05-29T10:00:00Z,2026-05-29T12:00:00+0200,2973.22137,MW,DE,DE_LU,actual_onshore_wind_generation,Wind Onshore,2026-06-27T21:08:22Z
2026-06-27T21:06:46Z,2026-06-27T23:06:46+0200,44400f30-2862-403b-aedb-c9bc80837e62,2026-05-29T10:15:00Z,2026-05-29T12:15:00+0200,3181.37236,MW,DE,DE_LU,actual_onshore_wind_generation,Wind Onshore,2026-06-27T21:08:22Z
2026-06-27T21:06:46Z,2026-06-27T23:06:46+0200,44400f30-2862-403b-aedb-c9bc80837e62,2026-05-29T10:30:00Z,2026-05-29T12:30:00+0200,3216.9548,MW,DE,DE_LU,actual_onshore_wind_generation,Wind Onshore,2026-06-27T21:08:22Z
2026-06-27T21:06:46Z,2026-06-27T23:06:46+0200,44400f30-2862-403b-aedb-c9bc80837e62,2026-05-29T10:45:00Z,2026-05-29T12:45:00+0200,3534.41097,MW,DE,DE_LU,actual_onshore_wind_generation,Wind Onshore,2026-06-27T21:08:22Z
2026-06-27T21:06:46Z,2026-06-27T23:06:46+0200,44400f30-2862-403b-aedb-c9bc80837e62,2026-05-29T11:00:00Z,2026-05-29T13:00:00+0200,3415.36938,MW,DE,DE_LU,actual_onshore_wind_generation,Wind Onshore,2026-06-27T21:08:22Z
2026-06-27T21:06:46Z,2026-06-27T23:06:46+0200,44400f30-2862-403b-aedb-c9bc80837e62,2026-05-29T11:15:00Z,2026-05-29T13:15:00+0200,3385.49715,MW,DE,DE_LU,actual_onshore_wind_generation,Wind Onshore,2026-06-27T21:08:22Z
2026-06-27T21:06:46Z,2026-06-27T23:06:46+0200,44400f30-2862-403b-aedb-c9bc80837e62,2026-05-29T11:30:00Z,2026-05-29T13:30:00+0200,3367.71896,MW,DE,DE_LU,actual_onshore_wind_generation,Wind Onshore,2026-06-27T21:08:22Z
2026-06-27T21:06:46Z,2026-06-27T23:06:46+0200,44400f30-2862-403b-aedb-c9bc80837e62,2026-05-29T11:45:00Z,2026-05-29T13:45:00+0200,3352.55471,MW,DE,DE_LU,actual_onshore_wind_generation,Wind Onshore,2026-06-27T21:08:22Z
2026-06-27T21:06:46Z,2026-06-27T23:06:46+0200,44400f30-2862-403b-aedb-c9bc80837e62,2026-05-29T12:00:00Z,2026-05-29T14:00:00+0200,3182.8951,MW,DE,DE_LU,actual_onshore_wind_generation,Wind Onshore,2026-06-27T21:08:22Z
2026-06-27T21:06:46Z,2026-06-27T23:06:46+0200,44400f30-2862-403b-aedb-c9bc80837e62,2026-05-29T12:15:00Z,2026-05-29T14:15:00+0200,3428.33973,MW,DE,DE_LU,actual_onshore_wind_generation,Wind Onshore,2026-06-27T21:08:22Z
2026-06-27T21:06:46Z,2026-06-27T23:06:46+0200,44400f30-2862-403b-aedb-c9bc80837e62,2026-05-29T12:30:00Z,2026-05-29T14:30:00+0200,3692.41822,MW,DE,DE_LU,actual_onshore_wind_generation,Wind Onshore,2026-06-27T21:08:22Z
2026-06-27T21:06:46Z,2026-06-27T23:06:46+0200,44400f30-2862-403b-aedb-c9bc80837e62,2026-05-29T12:45:00Z,2026-05-29T14:45:00+0200,3635.14388,MW,DE,DE_LU,actual_onshore_wind_generation,Wind Onshore,2026-06-27T21:08:22Z
2026-06-27T21:06:46Z,2026-06-27T23:06:46+0200,44400f30-2862-403b-aedb-c9bc80837e62,2026-05-29T13:00:00Z,2026-05-29T15:00:00+0200,4067.17002,MW,DE,DE_LU,actual_onshore_wind_generation,Wind Onshore,2026-06-27T21:08:22Z
2026-06-27T21:06:46Z,2026-06-27T23:06:46+0200,44400f30-2862-403b-aedb-c9bc80837e62,2026-05-29T13:15:00Z,2026-05-29T15:15:00+0200,4611.43441,MW,DE,DE_LU,actual_onshore_wind_generation,Wind Onshore,2026-06-27T21:08:22Z
2026-06-27T21:06:46Z,2026-06-27T23:06:46+0200,44400f30-2862-403b-aedb-c9bc80837e62,2026-05-29T13:30:00Z,2026-05-29T15:30:00+0200,5024.6899,MW,DE,DE_LU,actual_onshore_wind_generation,Wind Onshore,2026-06-27T21:08:22Z
2026-06-27T21:06:46Z,2026-06-27T23:06:46+0200,44400f30-2862-403b-aedb-c9bc80837e62,2026-05-29T13:45:00Z,2026-05-29T15:45:00+0200,5239.30796,MW,DE,DE_LU,actual_onshore_wind_generation,Wind Onshore,2026-06-27T21:08:22Z
2026-06-27T21:06:46Z,2026-06-27T23:06:46+0200,44400f30-2862-403b-aedb-c9bc80837e62,2026-05-29T14:00:00Z,2026-05-29T16:00:00+0200,5275.80063,MW,DE,DE_LU,actual_onshore_wind_generation,Wind Onshore,2026-06-27T21:08:22Z
2026-06-27T21:06:46Z,2026-06-27T23:06:46+0200,44400f30-2862-403b-aedb-c9bc80837e62,2026-05-29T14:15:00Z,2026-05-29T16:15:00+0200,5139.6742,MW,DE,DE_LU,actual_onshore_wind_generation,Wind Onshore,2026-06-27T21:08:22Z
2026-06-27T21:06:46Z,2026-06-27T23:06:46+0200,44400f30-2862-403b-aedb-c9bc80837e62,2026-05-29T14:30:00Z,2026-05-29T16:30:00+0200,4661.36358,MW,DE,DE_LU,actual_onshore_wind_generation,Wind Onshore,2026-06-27T21:08:22Z
2026-06-27T21:06:46Z,2026-06-27T23:06:46+0200,44400f30-2862-403b-aedb-c9bc80837e62,2026-05-29T14:45:00Z,2026-05-29T16:45:00+0200,4348.75482,MW,DE,DE_LU,actual_onshore_wind_generation,Wind Onshore,2026-06-27T21:08:22Z
2026-06-27T21:06:46Z,2026-06-27T23:06:46+0200,44400f30-2862-403b-aedb-c9bc80837e62,2026-05-29T15:00:00Z,2026-05-29T17:00:00+0200,4346.13329,MW,DE,DE_LU,actual_onshore_wind_generation,Wind Onshore,2026-06-27T21:08:22Z
2026-06-27T21:06:46Z,2026-06-27T23:06:46+0200,44400f30-2862-403b-aedb-c9bc80837e62,2026-05-29T15:15:00Z,2026-05-29T17:15:00+0200,4668.76978,MW,DE,DE_LU,actual_onshore_wind_generation,Wind Onshore,2026-06-27T21:08:22Z
2026-06-27T21:06:46Z,2026-06-27T23:06:46+0200,44400f30-2862-403b-aedb-c9bc80837e62,2026-05-29T15:30:00Z,2026-05-29T17:30:00+0200,4893.72267,MW,DE,DE_LU,actual_onshore_wind_generation,Wind Onshore,2026-06-27T21:08:22Z
2026-06-27T21:06:46Z,2026-06-27T23:06:46+0200,44400f30-2862-403b-aedb-c9bc80837e62,2026-05-29T15:45:00Z,2026-05-29T17:45:00+0200,5325.67104,MW,DE,DE_LU,actual_onshore_wind_generation,Wind Onshore,2026-06-27T21:08:22Z
2026-06-27T21:06:46Z,2026-06-27T23:06:46+0200,44400f30-2862-403b-aedb-c9bc80837e62,2026-05-29T16:00:00Z,2026-05-29T18:00:00+0200,6239.26622,MW,DE,DE_LU,actual_onshore_wind_generation,Wind Onshore,2026-06-27T21:08:22Z
2026-06-27T21:06:46Z,2026-06-27T23:06:46+0200,44400f30-2862-403b-aedb-c9bc80837e62,2026-05-29T16:15:00Z,2026-05-29T18:15:00+0200,6555.84329,MW,DE,DE_LU,actual_onshore_wind_generation,Wind Onshore,2026-06-27T21:08:22Z
2026-06-27T21:06:46Z,2026-06-27T23:06:46+0200,44400f30-2862-403b-aedb-c9bc80837e62,2026-05-29T16:30:00Z,2026-05-29T18:30:00+0200,6376.34012,MW,DE,DE_LU,actual_onshore_wind_generation,Wind Onshore,2026-06-27T21:08:22Z
2026-06-27T21:06:46Z,2026-06-27T23:06:46+0200,44400f30-2862-403b-aedb-c9bc80837e62,2026-05-29T16:45:00Z,2026-05-29T18:45:00+0200,6241.82739,MW,DE,DE_LU,actual_onshore_wind_generation,Wind Onshore,2026-06-27T21:08:22Z
2026-06-27T21:06:46Z,2026-06-27T23:06:46+0200,44400f30-2862-403b-aedb-c9bc80837e62,2026-05-29T17:00:00Z,2026-05-29T19:00:00+0200,6632.1978,MW,DE,DE_LU,actual_onshore_wind_generation,Wind Onshore,2026-06-27T21:08:22Z
2026-06-27T21:06:46Z,2026-06-27T23:06:46+0200,44400f30-2862-403b-aedb-c9bc80837e62,2026-05-29T17:15:00Z,2026-05-29T19:15:00+0200,7261.97833,MW,DE,DE_LU,actual_onshore_wind_generation,Wind Onshore,2026-06-27T21:08:22Z
2026-06-27T21:06:46Z,2026-06-27T23:06:46+0200,44400f30-2862-403b-aedb-c9bc80837e62,2026-05-29T17:30:00Z,2026-05-29T19:30:00+0200,7268.34983,MW,DE,DE_LU,actual_onshore_wind_generation,Wind Onshore,2026-06-27T21:08:22Z
2026-06-27T21:06:46Z,2026-06-27T23:06:46+0200,44400f30-2862-403b-aedb-c9bc80837e62,2026-05-29T17:45:00Z,2026-05-29T19:45:00+0200,8007.54727,MW,DE,DE_LU,actual_onshore_wind_generation,Wind Onshore,2026-06-27T21:08:22Z
2026-06-27T21:06:46Z,2026-06-27T23:06:46+0200,44400f30-2862-403b-aedb-c9bc80837e62,2026-05-29T18:00:00Z,2026-05-29T20:00:00+0200,8596.97093,MW,DE,DE_LU,actual_onshore_wind_generation,Wind Onshore,2026-06-27T21:08:22Z
2026-06-27T21:06:46Z,2026-06-27T23:06:46+0200,44400f30-2862-403b-aedb-c9bc80837e62,2026-05-29T18:15:00Z,2026-05-29T20:15:00+0200,8123.52943,MW,DE,DE_LU,actual_onshore_wind_generation,Wind Onshore,2026-06-27T21:08:22Z
2026-06-27T21:06:46Z,2026-06-27T23:06:46+0200,44400f30-2862-403b-aedb-c9bc80837e62,2026-05-29T18:30:00Z,2026-05-29T20:30:00+0200,8170.73628,MW,DE,DE_LU,actual_onshore_wind_generation,Wind Onshore,2026-06-27T21:08:22Z
2026-06-27T21:06:46Z,2026-06-27T23:06:46+0200,44400f30-2862-403b-aedb-c9bc80837e62,2026-05-29T18:45:00Z,2026-05-29T20:45:00+0200,7899.95713,MW,DE,DE_LU,actual_onshore_wind_generation,Wind Onshore,2026-06-27T21:08:22Z
2026-06-27T21:06:46Z,2026-06-27T23:06:46+0200,44400f30-2862-403b-aedb-c9bc80837e62,2026-05-29T19:00:00Z,2026-05-29T21:00:00+0200,8442.58726,MW,DE,DE_LU,actual_onshore_wind_generation,Wind Onshore,2026-06-27T21:08:22Z
2026-06-27T21:06:46Z,2026-06-27T23:06:46+0200,44400f30-2862-403b-aedb-c9bc80837e62,2026-05-29T19:15:00Z,2026-05-29T21:15:00+0200,8734.6876,MW,DE,DE_LU,actual_onshore_wind_generation,Wind Onshore,2026-06-27T21:08:22Z
2026-06-27T21:06:46Z,2026-06-27T23:06:46+0200,44400f30-2862-403b-aedb-c9bc80837e62,2026-05-29T19:30:00Z,2026-05-29T21:30:00+0200,8999.40591,MW,DE,DE_LU,actual_onshore_wind_generation,Wind Onshore,2026-06-27T21:08:22Z
2026-06-27T21:06:46Z,2026-06-27T23:06:46+0200,44400f30-2862-403b-aedb-c9bc80837e62,2026-05-29T19:45:00Z,2026-05-29T21:45:00+0200,10253.2155,MW,DE,DE_LU,actual_onshore_wind_generation,Wind Onshore,2026-06-27T21:08:22Z
2026-06-27T21:06:46Z,2026-06-27T23:06:46+0200,44400f30-2862-403b-aedb-c9bc80837e62,2026-05-29T20:00:00Z,2026-05-29T22:00:00+0200,11720.6753,MW,DE,DE_LU,actual_onshore_wind_generation,Wind Onshore,2026-06-27T21:08:22Z
2026-06-27T21:06:46Z,2026-06-27T23:06:46+0200,44400f30-2862-403b-aedb-c9bc80837e62,2026-05-29T20:15:00Z,2026-05-29T22:15:00+0200,13629.42171,MW,DE,DE_LU,actual_onshore_wind_generation,Wind Onshore,2026-06-27T21:08:22Z
2026-06-27T21:06:46Z,2026-06-27T23:06:46+0200,44400f30-2862-403b-aedb-c9bc80837e62,2026-05-29T20:30:00Z,2026-05-29T22:30:00+0200,14890.25181,MW,DE,DE_LU,actual_onshore_wind_generation,Wind Onshore,2026-06-27T21:08:22Z
2026-06-27T21:06:46Z,2026-06-27T23:06:46+0200,44400f30-2862-403b-aedb-c9bc80837e62,2026-05-29T20:45:00Z,2026-05-29T22:45:00+0200,15428.60688,MW,DE,DE_LU,actual_onshore_wind_generation,Wind Onshore,2026-06-27T21:08:22Z
2026-06-27T21:06:46Z,2026-06-27T23:06:46+0200,44400f30-2862-403b-aedb-c9bc80837e62,2026-05-29T21:00:00Z,2026-05-29T23:00:00+0200,15406.23611,MW,DE,DE_LU,actual_onshore_wind_generation,Wind Onshore,2026-06-27T21:08:22Z
2026-06-27T21:06:46Z,2026-06-27T23:06:46+0200,44400f30-2862-403b-aedb-c9bc80837e62,2026-05-29T21:15:00Z,2026-05-29T23:15:00+0200,15476.23352,MW,DE,DE_LU,actual_onshore_wind_generation,Wind Onshore,2026-06-27T21:08:22Z
2026-06-27T21:06:46Z,2026-06-27T23:06:46+0200,44400f30-2862-403b-aedb-c9bc80837e62,2026-05-29T21:30:00Z,2026-05-29T23:30:00+0200,15727.38213,MW,DE,DE_LU,actual_onshore_wind_generation,Wind Onshore,2026-06-27T21:08:22Z
2026-06-27T21:06:46Z,2026-06-27T23:06:46+0200,44400f30-2862-403b-aedb-c9bc80837e62,2026-05-29T21:45:00Z,2026-05-29T23:45:00+0200,15405.52357,MW,DE,DE_LU,actual_onshore_wind_generation,Wind Onshore,2026-06-27T21:08:22Z
2026-06-27T21:06:46Z,2026-06-27T23:06:46+0200,44400f30-2862-403b-aedb-c9bc80837e62,2026-05-29T22:00:00Z,2026-05-30T00:00:00+0200,15063.3463,MW,DE,DE_LU,actual_onshore_wind_generation,Wind Onshore,2026-06-27T21:08:22Z
2026-06-27T21:06:46Z,2026-06-27T23:06:46+0200,44400f30-2862-403b-aedb-c9bc80837e62,2026-05-29T22:15:00Z,2026-05-30T00:15:00+0200,14889.88945,MW,DE,DE_LU,actual_onshore_wind_generation,Wind Onshore,2026-06-27T21:08:22Z
2026-06-27T21:06:46Z,2026-06-27T23:06:46+0200,44400f30-2862-403b-aedb-c9bc80837e62,2026-05-29T22:30:00Z,2026-05-30T00:30:00+0200,14513.53732,MW,DE,DE_LU,actual_onshore_wind_generation,Wind Onshore,2026-06-27T21:08:22Z
2026-06-27T21:06:46Z,2026-06-27T23:06:46+0200,44400f30-2862-403b-aedb-c9bc80837e62,2026-05-29T22:45:00Z,2026-05-30T00:45:00+0200,14563.53013,MW,DE,DE_LU,actual_onshore_wind_generation,Wind Onshore,2026-06-27T21:08:22Z
2026-06-27T21:06:46Z,2026-06-27T23:06:46+0200,44400f30-2862-403b-aedb-c9bc80837e62,2026-05-29T23:00:00Z,2026-05-30T01:00:00+0200,14525.58138,MW,DE,DE_LU,actual_onshore_wind_generation,Wind Onshore,2026-06-27T21:08:22Z
2026-06-27T21:06:46Z,2026-06-27T23:06:46+0200,44400f30-2862-403b-aedb-c9bc80837e62,2026-05-29T23:15:00Z,2026-05-30T01:15:00+0200,14326.84598,MW,DE,DE_LU,actual_onshore_wind_generation,Wind Onshore,2026-06-27T21:08:22Z
2026-06-27T21:06:46Z,2026-06-27T23:06:46+0200,44400f30-2862-403b-aedb-c9bc80837e62,2026-05-29T23:30:00Z,2026-05-30T01:30:00+0200,14129.15264,MW,DE,DE_LU,actual_onshore_wind_generation,Wind Onshore,2026-06-27T21:08:22Z
2026-06-27T21:06:46Z,2026-06-27T23:06:46+0200,44400f30-2862-403b-aedb-c9bc80837e62,2026-05-29T23:45:00Z,2026-05-30T01:45:00+0200,14072.60107,MW,DE,DE_LU,actual_onshore_wind_generation,Wind Onshore,2026-06-27T21:08:22Z
2026-06-27T21:06:46Z,2026-06-27T23:06:46+0200,44400f30-2862-403b-aedb-c9bc80837e62,2026-05-30T00:00:00Z,2026-05-30T02:00:00+0200,14079.78682,MW,DE,DE_LU,actual_onshore_wind_generation,Wind Onshore,2026-06-27T21:08:22Z
2026-06-27T21:06:46Z,2026-06-27T23:06:46+0200,44400f30-2862-403b-aedb-c9bc80837e62,2026-05-30T00:15:00Z,2026-05-30T02:15:00+0200,13879.06498,MW,DE,DE_LU,actual_onshore_wind_generation,Wind Onshore,2026-06-27T21:08:22Z
2026-06-27T21:06:46Z,2026-06-27T23:06:46+0200,44400f30-2862-403b-aedb-c9bc80837e62,2026-05-30T00:30:00Z,2026-05-30T02:30:00+0200,13479.7403,MW,DE,DE_LU,actual_onshore_wind_generation,Wind Onshore,2026-06-27T21:08:22Z
2026-06-27T21:06:46Z,2026-06-27T23:06:46+0200,44400f30-2862-403b-aedb-c9bc80837e62,2026-05-30T00:45:00Z,2026-05-30T02:45:00+0200,13075.16453,MW,DE,DE_LU,actual_onshore_wind_generation,Wind Onshore,2026-06-27T21:08:22Z
2026-06-27T21:06:46Z,2026-06-27T23:06:46+0200,44400f30-2862-403b-aedb-c9bc80837e62,2026-05-30T01:00:00Z,2026-05-30T03:00:00+0200,12415.62234,MW,DE,DE_LU,actual_onshore_wind_generation,Wind Onshore,2026-06-27T21:08:22Z
2026-06-27T21:06:46Z,2026-06-27T23:06:46+0200,44400f30-2862-403b-aedb-c9bc80837e62,2026-05-30T01:15:00Z,2026-05-30T03:15:00+0200,12050.57351,MW,DE,DE_LU,actual_onshore_wind_generation,Wind Onshore,2026-06-27T21:08:22Z
2026-06-27T21:06:46Z,2026-06-27T23:06:46+0200,44400f30-2862-403b-aedb-c9bc80837e62,2026-05-30T01:30:00Z,2026-05-30T03:30:00+0200,11791.68872,MW,DE,DE_LU,actual_onshore_wind_generation,Wind Onshore,2026-06-27T21:08:22Z
2026-06-27T21:06:46Z,2026-06-27T23:06:46+0200,44400f30-2862-403b-aedb-c9bc80837e62,2026-05-30T01:45:00Z,2026-05-30T03:45:00+0200,11761.66441,MW,DE,DE_LU,actual_onshore_wind_generation,Wind Onshore,2026-06-27T21:08:22Z
2026-06-27T21:06:46Z,2026-06-27T23:06:46+0200,44400f30-2862-403b-aedb-c9bc80837e62,2026-05-30T02:00:00Z,2026-05-30T04:00:00+0200,11947.44338,MW,DE,DE_LU,actual_onshore_wind_generation,Wind Onshore,2026-06-27T21:08:22Z
2026-06-27T21:06:46Z,2026-06-27T23:06:46+0200,44400f30-2862-403b-aedb-c9bc80837e62,2026-05-30T02:15:00Z,2026-05-30T04:15:00+0200,12002.34636,MW,DE,DE_LU,actual_onshore_wind_generation,Wind Onshore,2026-06-27T21:08:22Z
2026-06-27T21:06:46Z,2026-06-27T23:06:46+0200,44400f30-2862-403b-aedb-c9bc80837e62,2026-05-30T02:30:00Z,2026-05-30T04:30:00+0200,11986.571,MW,DE,DE_LU,actual_onshore_wind_generation,Wind Onshore,2026-06-27T21:08:22Z
2026-06-27T21:06:46Z,2026-06-27T23:06:46+0200,44400f30-2862-403b-aedb-c9bc80837e62,2026-05-30T02:45:00Z,2026-05-30T04:45:00+0200,12092.56046,MW,DE,DE_LU,actual_onshore_wind_generation,Wind Onshore,2026-06-27T21:08:22Z
2026-06-27T21:06:46Z,2026-06-27T23:06:46+0200,44400f30-2862-403b-aedb-c9bc80837e62,2026-05-30T03:00:00Z,2026-05-30T05:00:00+0200,12149.21696,MW,DE,DE_LU,actual_onshore_wind_generation,Wind Onshore,2026-06-27T21:08:22Z
2026-06-27T21:06:46Z,2026-06-27T23:06:46+0200,44400f30-2862-403b-aedb-c9bc80837e62,2026-05-30T03:15:00Z,2026-05-30T05:15:00+0200,12134.35303,MW,DE,DE_LU,actual_onshore_wind_generation,Wind Onshore,2026-06-27T21:08:22Z
2026-06-27T21:06:46Z,2026-06-27T23:06:46+0200,44400f30-2862-403b-aedb-c9bc80837e62,2026-05-30T03:30:00Z,2026-05-30T05:30:00+0200,12128.70995,MW,DE,DE_LU,actual_onshore_wind_generation,Wind Onshore,2026-06-27T21:08:22Z
2026-06-27T21:06:46Z,2026-06-27T23:06:46+0200,44400f30-2862-403b-aedb-c9bc80837e62,2026-05-30T03:45:00Z,2026-05-30T05:45:00+0200,11809.93814,MW,DE,DE_LU,actual_onshore_wind_generation,Wind Onshore,2026-06-27T21:08:22Z
2026-06-27T21:06:46Z,2026-06-27T23:06:46+0200,44400f30-2862-403b-aedb-c9bc80837e62,2026-05-30T04:00:00Z,2026-05-30T06:00:00+0200,11553.48827,MW,DE,DE_LU,actual_onshore_wind_generation,Wind Onshore,2026-06-27T21:08:22Z
2026-06-27T21:06:46Z,2026-06-27T23:06:46+0200,44400f30-2862-403b-aedb-c9bc80837e62,2026-05-30T04:15:00Z,2026-05-30T06:15:00+0200,11355.34767,MW,DE,DE_LU,actual_onshore_wind_generation,Wind Onshore,2026-06-27T21:08:22Z
2026-06-27T21:06:46Z,2026-06-27T23:06:46+0200,44400f30-2862-403b-aedb-c9bc80837e62,2026-05-30T04:30:00Z,2026-05-30T06:30:00+0200,10745.93827,MW,DE,DE_LU,actual_onshore_wind_generation,Wind Onshore,2026-06-27T21:08:22Z
2026-06-27T21:06:46Z,2026-06-27T23:06:46+0200,44400f30-2862-403b-aedb-c9bc80837e62,2026-05-30T04:45:00Z,2026-05-30T06:45:00+0200,10240.85374,MW,DE,DE_LU,actual_onshore_wind_generation,Wind Onshore,2026-06-27T21:08:22Z
2026-06-27T21:06:46Z,2026-06-27T23:06:46+0200,44400f30-2862-403b-aedb-c9bc80837e62,2026-05-30T05:00:00Z,2026-05-30T07:00:00+0200,10037.81937,MW,DE,DE_LU,actual_onshore_wind_generation,Wind Onshore,2026-06-27T21:08:22Z
2026-06-27T21:06:46Z,2026-06-27T23:06:46+0200,44400f30-2862-403b-aedb-c9bc80837e62,2026-05-30T05:15:00Z,2026-05-30T07:15:00+0200,9679.74965,MW,DE,DE_LU,actual_onshore_wind_generation,Wind Onshore,2026-06-27T21:08:22Z
2026-06-27T21:06:46Z,2026-06-27T23:06:46+0200,44400f30-2862-403b-aedb-c9bc80837e62,2026-05-30T05:30:00Z,2026-05-30T07:30:00+0200,9019.15402,MW,DE,DE_LU,actual_onshore_wind_generation,Wind Onshore,2026-06-27T21:08:22Z
2026-06-27T21:06:46Z,2026-06-27T23:06:46+0200,44400f30-2862-403b-aedb-c9bc80837e62,2026-05-30T05:45:00Z,2026-05-30T07:45:00+0200,8583.35063,MW,DE,DE_LU,actual_onshore_wind_generation,Wind Onshore,2026-06-27T21:08:22Z
2026-06-27T21:06:46Z,2026-06-27T23:06:46+0200,44400f30-2862-403b-aedb-c9bc80837e62,2026-05-30T06:00:00Z,2026-05-30T08:00:00+0200,8347.21429,MW,DE,DE_LU,actual_onshore_wind_generation,Wind Onshore,2026-06-27T21:08:22Z
2026-06-27T21:06:46Z,2026-06-27T23:06:46+0200,44400f30-2862-403b-aedb-c9bc80837e62,2026-05-30T06:15:00Z,2026-05-30T08:15:00+0200,8302.79242,MW,DE,DE_LU,actual_onshore_wind_generation,Wind Onshore,2026-06-27T21:08:22Z
2026-06-27T21:06:46Z,2026-06-27T23:06:46+0200,44400f30-2862-403b-aedb-c9bc80837e62,2026-05-30T06:30:00Z,2026-05-30T08:30:00+0200,8311.07819,MW,DE,DE_LU,actual_onshore_wind_generation,Wind Onshore,2026-06-27T21:08:22Z
2026-06-27T21:06:46Z,2026-06-27T23:06:46+0200,44400f30-2862-403b-aedb-c9bc80837e62,2026-05-30T06:45:00Z,2026-05-30T08:45:00+0200,8459.14788,MW,DE,DE_LU,actual_onshore_wind_generation,Wind Onshore,2026-06-27T21:08:22Z
2026-06-27T21:06:46Z,2026-06-27T23:06:46+0200,44400f30-2862-403b-aedb-c9bc80837e62,2026-05-30T07:00:00Z,2026-05-30T09:00:00+0200,8491.69501,MW,DE,DE_LU,actual_onshore_wind_generation,Wind Onshore,2026-06-27T21:08:22Z
2026-06-27T21:06:46Z,2026-06-27T23:06:46+0200,44400f30-2862-403b-aedb-c9bc80837e62,2026-05-30T07:15:00Z,2026-05-30T09:15:00+0200,8444.9139,MW,DE,DE_LU,actual_onshore_wind_generation,Wind Onshore,2026-06-27T21:08:22Z
2026-06-27T21:06:46Z,2026-06-27T23:06:46+0200,44400f30-2862-403b-aedb-c9bc80837e62,2026-05-30T07:30:00Z,2026-05-30T09:30:00+0200,8853.85224,MW,DE,DE_LU,actual_onshore_wind_generation,Wind Onshore,2026-06-27T21:08:22Z
2026-06-27T21:06:46Z,2026-06-27T23:06:46+0200,44400f30-2862-403b-aedb-c9bc80837e62,2026-05-30T07:45:00Z,2026-05-30T09:45:00+0200,9142.69074,MW,DE,DE_LU,actual_onshore_wind_generation,Wind Onshore,2026-06-27T21:08:22Z
2026-06-27T21:06:46Z,2026-06-27T23:06:46+0200,44400f30-2862-403b-aedb-c9bc80837e62,2026-05-30T08:00:00Z,2026-05-30T10:00:00+0200,9122.75392,MW,DE,DE_LU,actual_onshore_wind_generation,Wind Onshore,2026-06-27T21:08:22Z
2026-06-27T21:06:46Z,2026-06-27T23:06:46+0200,44400f30-2862-403b-aedb-c9bc80837e62,2026-05-30T08:15:00Z,2026-05-30T10:15:00+0200,9248.7627,MW,DE,DE_LU,actual_onshore_wind_generation,Wind Onshore,2026-06-27T21:08:22Z
2026-06-27T21:06:46Z,2026-06-27T23:06:46+0200,44400f30-2862-403b-aedb-c9bc80837e62,2026-05-30T08:30:00Z,2026-05-30T10:30:00+0200,9470.6013,MW,DE,DE_LU,actual_onshore_wind_generation,Wind Onshore,2026-06-27T21:08:22Z
2026-06-27T21:06:46Z,2026-06-27T23:06:46+0200,44400f30-2862-403b-aedb-c9bc80837e62,2026-05-30T08:45:00Z,2026-05-30T10:45:00+0200,9645.83492,MW,DE,DE_LU,actual_onshore_wind_generation,Wind Onshore,2026-06-27T21:08:22Z
2026-06-27T21:06:46Z,2026-06-27T23:06:46+0200,44400f30-2862-403b-aedb-c9bc80837e62,2026-05-30T09:00:00Z,2026-05-30T11:00:00+0200,9747.4613,MW,DE,DE_LU,actual_onshore_wind_generation,Wind Onshore,2026-06-27T21:08:22Z
2026-06-27T21:06:46Z,2026-06-27T23:06:46+0200,44400f30-2862-403b-aedb-c9bc80837e62,2026-05-30T09:15:00Z,2026-05-30T11:15:00+0200,10106.17465,MW,DE,DE_LU,actual_onshore_wind_generation,Wind Onshore,2026-06-27T21:08:22Z
2026-06-27T21:06:46Z,2026-06-27T23:06:46+0200,44400f30-2862-403b-aedb-c9bc80837e62,2026-05-30T09:30:00Z,2026-05-30T11:30:00+0200,9853.75622,MW,DE,DE_LU,actual_onshore_wind_generation,Wind Onshore,2026-06-27T21:08:22Z
2026-06-27T21:06:46Z,2026-06-27T23:06:46+0200,44400f30-2862-403b-aedb-c9bc80837e62,2026-05-30T09:45:00Z,2026-05-30T11:45:00+0200,10010.92016,MW,DE,DE_LU,actual_onshore_wind_generation,Wind Onshore,2026-06-27T21:08:22Z
2026-06-27T21:06:46Z,2026-06-27T23:06:46+0200,44400f30-2862-403b-aedb-c9bc80837e62,2026-05-30T10:00:00Z,2026-05-30T12:00:00+0200,9982.03568,MW,DE,DE_LU,actual_onshore_wind_generation,Wind Onshore,2026-06-27T21:08:22Z
2026-06-27T21:06:46Z,2026-06-27T23:06:46+0200,44400f30-2862-403b-aedb-c9bc80837e62,2026-05-30T10:15:00Z,2026-05-30T12:15:00+0200,9682.55166,MW,DE,DE_LU,actual_onshore_wind_generation,Wind Onshore,2026-06-27T21:08:22Z
2026-06-27T21:06:46Z,2026-06-27T23:06:46+0200,44400f30-2862-403b-aedb-c9bc80837e62,2026-05-30T10:30:00Z,2026-05-30T12:30:00+0200,9813.41521,MW,DE,DE_LU,actual_onshore_wind_generation,Wind Onshore,2026-06-27T21:08:22Z
2026-06-27T21:06:46Z,2026-06-27T23:06:46+0200,44400f30-2862-403b-aedb-c9bc80837e62,2026-05-30T10:45:00Z,2026-05-30T12:45:00+0200,9249.28509,MW,DE,DE_LU,actual_onshore_wind_generation,Wind Onshore,2026-06-27T21:08:22Z
2026-06-27T21:06:46Z,2026-06-27T23:06:46+0200,44400f30-2862-403b-aedb-c9bc80837e62,2026-05-30T11:00:00Z,2026-05-30T13:00:00+0200,8945.84548,MW,DE,DE_LU,actual_onshore_wind_generation,Wind Onshore,2026-06-27T21:08:22Z
2026-06-27T21:06:46Z,2026-06-27T23:06:46+0200,44400f30-2862-403b-aedb-c9bc80837e62,2026-05-30T11:15:00Z,2026-05-30T13:15:00+0200,8757.60827,MW,DE,DE_LU,actual_onshore_wind_generation,Wind Onshore,2026-06-27T21:08:22Z
2026-06-27T21:06:46Z,2026-06-27T23:06:46+0200,44400f30-2862-403b-aedb-c9bc80837e62,2026-05-30T11:30:00Z,2026-05-30T13:30:00+0200,8643.69768,MW,DE,DE_LU,actual_onshore_wind_generation,Wind Onshore,2026-06-27T21:08:22Z
2026-06-27T21:06:46Z,2026-06-27T23:06:46+0200,44400f30-2862-403b-aedb-c9bc80837e62,2026-05-30T11:45:00Z,2026-05-30T13:45:00+0200,8517.11116,MW,DE,DE_LU,actual_onshore_wind_generation,Wind Onshore,2026-06-27T21:08:22Z
2026-06-27T21:06:46Z,2026-06-27T23:06:46+0200,44400f30-2862-403b-aedb-c9bc80837e62,2026-05-30T12:00:00Z,2026-05-30T14:00:00+0200,8727.15052,MW,DE,DE_LU,actual_onshore_wind_generation,Wind Onshore,2026-06-27T21:08:22Z
2026-06-27T21:06:46Z,2026-06-27T23:06:46+0200,44400f30-2862-403b-aedb-c9bc80837e62,2026-05-30T12:15:00Z,2026-05-30T14:15:00+0200,8954.34089,MW,DE,DE_LU,actual_onshore_wind_generation,Wind Onshore,2026-06-27T21:08:22Z
2026-06-27T21:06:46Z,2026-06-27T23:06:46+0200,44400f30-2862-403b-aedb-c9bc80837e62,2026-05-30T12:30:00Z,2026-05-30T14:30:00+0200,9110.39995,MW,DE,DE_LU,actual_onshore_wind_generation,Wind Onshore,2026-06-27T21:08:22Z
2026-06-27T21:06:46Z,2026-06-27T23:06:46+0200,44400f30-2862-403b-aedb-c9bc80837e62,2026-05-30T12:45:00Z,2026-05-30T14:45:00+0200,9052.9641,MW,DE,DE_LU,actual_onshore_wind_generation,Wind Onshore,2026-06-27T21:08:22Z
2026-06-27T21:06:46Z,2026-06-27T23:06:46+0200,44400f30-2862-403b-aedb-c9bc80837e62,2026-05-30T13:00:00Z,2026-05-30T15:00:00+0200,9378.77153,MW,DE,DE_LU,actual_onshore_wind_generation,Wind Onshore,2026-06-27T21:08:22Z
2026-06-27T21:06:46Z,2026-06-27T23:06:46+0200,44400f30-2862-403b-aedb-c9bc80837e62,2026-05-30T13:15:00Z,2026-05-30T15:15:00+0200,9690.93901,MW,DE,DE_LU,actual_onshore_wind_generation,Wind Onshore,2026-06-27T21:08:22Z
2026-06-27T21:06:46Z,2026-06-27T23:06:46+0200,44400f30-2862-403b-aedb-c9bc80837e62,2026-05-30T13:30:00Z,2026-05-30T15:30:00+0200,9638.03346,MW,DE,DE_LU,actual_onshore_wind_generation,Wind Onshore,2026-06-27T21:08:22Z
2026-06-27T21:06:46Z,2026-06-27T23:06:46+0200,44400f30-2862-403b-aedb-c9bc80837e62,2026-05-30T13:45:00Z,2026-05-30T15:45:00+0200,9073.60926,MW,DE,DE_LU,actual_onshore_wind_generation,Wind Onshore,2026-06-27T21:08:22Z
2026-06-27T21:06:46Z,2026-06-27T23:06:46+0200,44400f30-2862-403b-aedb-c9bc80837e62,2026-05-30T14:00:00Z,2026-05-30T16:00:00+0200,8694.96032,MW,DE,DE_LU,actual_onshore_wind_generation,Wind Onshore,2026-06-27T21:08:22Z
2026-06-27T21:06:46Z,2026-06-27T23:06:46+0200,44400f30-2862-403b-aedb-c9bc80837e62,2026-05-30T14:15:00Z,2026-05-30T16:15:00+0200,9335.83654,MW,DE,DE_LU,actual_onshore_wind_generation,Wind Onshore,2026-06-27T21:08:22Z
2026-06-27T21:06:46Z,2026-06-27T23:06:46+0200,44400f30-2862-403b-aedb-c9bc80837e62,2026-05-30T14:30:00Z,2026-05-30T16:30:00+0200,9085.88673,MW,DE,DE_LU,actual_onshore_wind_generation,Wind Onshore,2026-06-27T21:08:22Z
2026-06-27T21:06:46Z,2026-06-27T23:06:46+0200,44400f30-2862-403b-aedb-c9bc80837e62,2026-05-30T14:45:00Z,2026-05-30T16:45:00+0200,9368.88975,MW,DE,DE_LU,actual_onshore_wind_generation,Wind Onshore,2026-06-27T21:08:22Z
2026-06-27T21:06:46Z,2026-06-27T23:06:46+0200,44400f30-2862-403b-aedb-c9bc80837e62,2026-05-30T15:00:00Z,2026-05-30T17:00:00+0200,10213.64329,MW,DE,DE_LU,actual_onshore_wind_generation,Wind Onshore,2026-06-27T21:08:22Z
2026-06-27T21:06:46Z,2026-06-27T23:06:46+0200,44400f30-2862-403b-aedb-c9bc80837e62,2026-05-30T15:15:00Z,2026-05-30T17:15:00+0200,10544.87996,MW,DE,DE_LU,actual_onshore_wind_generation,Wind Onshore,2026-06-27T21:08:22Z
2026-06-27T21:06:46Z,2026-06-27T23:06:46+0200,44400f30-2862-403b-aedb-c9bc80837e62,2026-05-30T15:30:00Z,2026-05-30T17:30:00+0200,10243.75175,MW,DE,DE_LU,actual_onshore_wind_generation,Wind Onshore,2026-06-27T21:08:22Z
2026-06-27T21:06:46Z,2026-06-27T23:06:46+0200,44400f30-2862-403b-aedb-c9bc80837e62,2026-05-30T15:45:00Z,2026-05-30T17:45:00+0200,9871.23613,MW,DE,DE_LU,actual_onshore_wind_generation,Wind Onshore,2026-06-27T21:08:22Z
2026-06-27T21:06:46Z,2026-06-27T23:06:46+0200,44400f30-2862-403b-aedb-c9bc80837e62,2026-05-30T16:00:00Z,2026-05-30T18:00:00+0200,9354.73669,MW,DE,DE_LU,actual_onshore_wind_generation,Wind Onshore,2026-06-27T21:08:22Z
2026-06-27T21:06:46Z,2026-06-27T23:06:46+0200,44400f30-2862-403b-aedb-c9bc80837e62,2026-05-30T16:15:00Z,2026-05-30T18:15:00+0200,8890.68706,MW,DE,DE_LU,actual_onshore_wind_generation,Wind Onshore,2026-06-27T21:08:22Z
2026-06-27T21:06:46Z,2026-06-27T23:06:46+0200,44400f30-2862-403b-aedb-c9bc80837e62,2026-05-30T16:30:00Z,2026-05-30T18:30:00+0200,8461.19801,MW,DE,DE_LU,actual_onshore_wind_generation,Wind Onshore,2026-06-27T21:08:22Z
2026-06-27T21:06:46Z,2026-06-27T23:06:46+0200,44400f30-2862-403b-aedb-c9bc80837e62,2026-05-30T16:45:00Z,2026-05-30T18:45:00+0200,7852.76962,MW,DE,DE_LU,actual_onshore_wind_generation,Wind Onshore,2026-06-27T21:08:22Z
2026-06-27T21:06:46Z,2026-06-27T23:06:46+0200,44400f30-2862-403b-aedb-c9bc80837e62,2026-05-30T17:00:00Z,2026-05-30T19:00:00+0200,7177.99551,MW,DE,DE_LU,actual_onshore_wind_generation,Wind Onshore,2026-06-27T21:08:22Z
2026-06-27T21:06:46Z,2026-06-27T23:06:46+0200,44400f30-2862-403b-aedb-c9bc80837e62,2026-05-30T17:15:00Z,2026-05-30T19:15:00+0200,6508.15072,MW,DE,DE_LU,actual_onshore_wind_generation,Wind Onshore,2026-06-27T21:08:22Z
2026-06-27T21:06:46Z,2026-06-27T23:06:46+0200,44400f30-2862-403b-aedb-c9bc80837e62,2026-05-30T17:30:00Z,2026-05-30T19:30:00+0200,5894.86027,MW,DE,DE_LU,actual_onshore_wind_generation,Wind Onshore,2026-06-27T21:08:22Z
2026-06-27T21:06:46Z,2026-06-27T23:06:46+0200,44400f30-2862-403b-aedb-c9bc80837e62,2026-05-30T17:45:00Z,2026-05-30T19:45:00+0200,5368.90692,MW,DE,DE_LU,actual_onshore_wind_generation,Wind Onshore,2026-06-27T21:08:22Z
2026-06-27T21:06:46Z,2026-06-27T23:06:46+0200,44400f30-2862-403b-aedb-c9bc80837e62,2026-05-30T18:00:00Z,2026-05-30T20:00:00+0200,4894.11233,MW,DE,DE_LU,actual_onshore_wind_generation,Wind Onshore,2026-06-27T21:08:22Z
2026-06-27T21:06:46Z,2026-06-27T23:06:46+0200,44400f30-2862-403b-aedb-c9bc80837e62,2026-05-30T18:15:00Z,2026-05-30T20:15:00+0200,4459.1058,MW,DE,DE_LU,actual_onshore_wind_generation,Wind Onshore,2026-06-27T21:08:22Z
2026-06-27T21:06:46Z,2026-06-27T23:06:46+0200,44400f30-2862-403b-aedb-c9bc80837e62,2026-05-30T18:30:00Z,2026-05-30T20:30:00+0200,4062.44229,MW,DE,DE_LU,actual_onshore_wind_generation,Wind Onshore,2026-06-27T21:08:22Z
2026-06-27T21:06:46Z,2026-06-27T23:06:46+0200,44400f30-2862-403b-aedb-c9bc80837e62,2026-05-30T18:45:00Z,2026-05-30T20:45:00+0200,3740.43379,MW,DE,DE_LU,actual_onshore_wind_generation,Wind Onshore,2026-06-27T21:08:22Z
2026-06-27T21:06:46Z,2026-06-27T23:06:46+0200,44400f30-2862-403b-aedb-c9bc80837e62,2026-05-30T19:00:00Z,2026-05-30T21:00:00+0200,3627.65847,MW,DE,DE_LU,actual_onshore_wind_generation,Wind Onshore,2026-06-27T21:08:22Z
2026-06-27T21:06:46Z,2026-06-27T23:06:46+0200,44400f30-2862-403b-aedb-c9bc80837e62,2026-05-30T19:15:00Z,2026-05-30T21:15:00+0200,3547.50823,MW,DE,DE_LU,actual_onshore_wind_generation,Wind Onshore,2026-06-27T21:08:22Z
2026-06-27T21:06:46Z,2026-06-27T23:06:46+0200,44400f30-2862-403b-aedb-c9bc80837e62,2026-05-30T19:30:00Z,2026-05-30T21:30:00+0200,3217.23542,MW,DE,DE_LU,actual_onshore_wind_generation,Wind Onshore,2026-06-27T21:08:22Z
2026-06-27T21:06:46Z,2026-06-27T23:06:46+0200,44400f30-2862-403b-aedb-c9bc80837e62,2026-05-30T19:45:00Z,2026-05-30T21:45:00+0200,3067.56417,MW,DE,DE_LU,actual_onshore_wind_generation,Wind Onshore,2026-06-27T21:08:22Z
2026-06-27T21:06:46Z,2026-06-27T23:06:46+0200,44400f30-2862-403b-aedb-c9bc80837e62,2026-05-30T20:00:00Z,2026-05-30T22:00:00+0200,3055.61159,MW,DE,DE_LU,actual_onshore_wind_generation,Wind Onshore,2026-06-27T21:08:22Z
2026-06-27T21:06:46Z,2026-06-27T23:06:46+0200,44400f30-2862-403b-aedb-c9bc80837e62,2026-05-30T20:15:00Z,2026-05-30T22:15:00+0200,3115.92217,MW,DE,DE_LU,actual_onshore_wind_generation,Wind Onshore,2026-06-27T21:08:22Z
2026-06-27T21:06:46Z,2026-06-27T23:06:46+0200,44400f30-2862-403b-aedb-c9bc80837e62,2026-05-30T20:30:00Z,2026-05-30T22:30:00+0200,3220.64957,MW,DE,DE_LU,actual_onshore_wind_generation,Wind Onshore,2026-06-27T21:08:22Z
2026-06-27T21:06:46Z,2026-06-27T23:06:46+0200,44400f30-2862-403b-aedb-c9bc80837e62,2026-05-30T20:45:00Z,2026-05-30T22:45:00+0200,3263.24727,MW,DE,DE_LU,actual_onshore_wind_generation,Wind Onshore,2026-06-27T21:08:22Z
2026-06-27T21:06:46Z,2026-06-27T23:06:46+0200,44400f30-2862-403b-aedb-c9bc80837e62,2026-05-30T21:00:00Z,2026-05-30T23:00:00+0200,3284.66198,MW,DE,DE_LU,actual_onshore_wind_generation,Wind Onshore,2026-06-27T21:08:22Z
2026-06-27T21:06:46Z,2026-06-27T23:06:46+0200,44400f30-2862-403b-aedb-c9bc80837e62,2026-05-30T21:15:00Z,2026-05-30T23:15:00+0200,3323.18981,MW,DE,DE_LU,actual_onshore_wind_generation,Wind Onshore,2026-06-27T21:08:22Z
2026-06-27T21:06:46Z,2026-06-27T23:06:46+0200,44400f30-2862-403b-aedb-c9bc80837e62,2026-05-30T21:30:00Z,2026-05-30T23:30:00+0200,3257.06964,MW,DE,DE_LU,actual_onshore_wind_generation,Wind Onshore,2026-06-27T21:08:22Z
2026-06-27T21:06:46Z,2026-06-27T23:06:46+0200,44400f30-2862-403b-aedb-c9bc80837e62,2026-05-30T21:45:00Z,2026-05-30T23:45:00+0200,3209.71853,MW,DE,DE_LU,actual_onshore_wind_generation,Wind Onshore,2026-06-27T21:08:22Z
2026-06-27T21:06:46Z,2026-06-27T23:06:46+0200,44400f30-2862-403b-aedb-c9bc80837e62,2026-05-30T22:00:00Z,2026-05-31T00:00:00+0200,3183.9388,MW,DE,DE_LU,actual_onshore_wind_generation,Wind Onshore,2026-06-27T21:08:22Z
2026-06-27T21:06:46Z,2026-06-27T23:06:46+0200,44400f30-2862-403b-aedb-c9bc80837e62,2026-05-30T22:15:00Z,2026-05-31T00:15:00+0200,3319.6083,MW,DE,DE_LU,actual_onshore_wind_generation,Wind Onshore,2026-06-27T21:08:22Z
2026-06-27T21:06:46Z,2026-06-27T23:06:46+0200,44400f30-2862-403b-aedb-c9bc80837e62,2026-05-30T22:30:00Z,2026-05-31T00:30:00+0200,3440.84665,MW,DE,DE_LU,actual_onshore_wind_generation,Wind Onshore,2026-06-27T21:08:22Z
2026-06-27T21:06:46Z,2026-06-27T23:06:46+0200,44400f30-2862-403b-aedb-c9bc80837e62,2026-05-30T22:45:00Z,2026-05-31T00:45:00+0200,3637.71945,MW,DE,DE_LU,actual_onshore_wind_generation,Wind Onshore,2026-06-27T21:08:22Z
2026-06-27T21:06:46Z,2026-06-27T23:06:46+0200,44400f30-2862-403b-aedb-c9bc80837e62,2026-05-30T23:00:00Z,2026-05-31T01:00:00+0200,3645.71322,MW,DE,DE_LU,actual_onshore_wind_generation,Wind Onshore,2026-06-27T21:08:22Z
2026-06-27T21:06:46Z,2026-06-27T23:06:46+0200,44400f30-2862-403b-aedb-c9bc80837e62,2026-05-30T23:15:00Z,2026-05-31T01:15:00+0200,3692.68948,MW,DE,DE_LU,actual_onshore_wind_generation,Wind Onshore,2026-06-27T21:08:22Z
2026-06-27T21:06:46Z,2026-06-27T23:06:46+0200,44400f30-2862-403b-aedb-c9bc80837e62,2026-05-30T23:30:00Z,2026-05-31T01:30:00+0200,3818.11986,MW,DE,DE_LU,actual_onshore_wind_generation,Wind Onshore,2026-06-27T21:08:22Z
2026-06-27T21:06:46Z,2026-06-27T23:06:46+0200,44400f30-2862-403b-aedb-c9bc80837e62,2026-05-30T23:45:00Z,2026-05-31T01:45:00+0200,3952.38768,MW,DE,DE_LU,actual_onshore_wind_generation,Wind Onshore,2026-06-27T21:08:22Z
2026-06-27T21:06:46Z,2026-06-27T23:06:46+0200,44400f30-2862-403b-aedb-c9bc80837e62,2026-05-31T00:00:00Z,2026-05-31T02:00:00+0200,3905.71188,MW,DE,DE_LU,actual_onshore_wind_generation,Wind Onshore,2026-06-27T21:08:22Z
2026-06-27T21:06:46Z,2026-06-27T23:06:46+0200,44400f30-2862-403b-aedb-c9bc80837e62,2026-05-31T00:15:00Z,2026-05-31T02:15:00+0200,3576.98488,MW,DE,DE_LU,actual_onshore_wind_generation,Wind Onshore,2026-06-27T21:08:22Z
2026-06-27T21:06:46Z,2026-06-27T23:06:46+0200,44400f30-2862-403b-aedb-c9bc80837e62,2026-05-31T00:30:00Z,2026-05-31T02:30:00+0200,3192.0564,MW,DE,DE_LU,actual_onshore_wind_generation,Wind Onshore,2026-06-27T21:08:22Z
2026-06-27T21:06:46Z,2026-06-27T23:06:46+0200,44400f30-2862-403b-aedb-c9bc80837e62,2026-05-31T00:45:00Z,2026-05-31T02:45:00+0200,2871.51039,MW,DE,DE_LU,actual_onshore_wind_generation,Wind Onshore,2026-06-27T21:08:22Z
2026-06-27T21:06:46Z,2026-06-27T23:06:46+0200,44400f30-2862-403b-aedb-c9bc80837e62,2026-05-31T01:00:00Z,2026-05-31T03:00:00+0200,2662.77615,MW,DE,DE_LU,actual_onshore_wind_generation,Wind Onshore,2026-06-27T21:08:22Z
2026-06-27T21:06:46Z,2026-06-27T23:06:46+0200,44400f30-2862-403b-aedb-c9bc80837e62,2026-05-31T01:15:00Z,2026-05-31T03:15:00+0200,2602.09951,MW,DE,DE_LU,actual_onshore_wind_generation,Wind Onshore,2026-06-27T21:08:22Z
2026-06-27T21:06:46Z,2026-06-27T23:06:46+0200,44400f30-2862-403b-aedb-c9bc80837e62,2026-05-31T01:30:00Z,2026-05-31T03:30:00+0200,2386.76444,MW,DE,DE_LU,actual_onshore_wind_generation,Wind Onshore,2026-06-27T21:08:22Z
2026-06-27T21:06:46Z,2026-06-27T23:06:46+0200,44400f30-2862-403b-aedb-c9bc80837e62,2026-05-31T01:45:00Z,2026-05-31T03:45:00+0200,2289.92714,MW,DE,DE_LU,actual_onshore_wind_generation,Wind Onshore,2026-06-27T21:08:22Z
2026-06-27T21:06:46Z,2026-06-27T23:06:46+0200,44400f30-2862-403b-aedb-c9bc80837e62,2026-05-31T02:00:00Z,2026-05-31T04:00:00+0200,2099.88101,MW,DE,DE_LU,actual_onshore_wind_generation,Wind Onshore,2026-06-27T21:08:22Z
2026-06-27T21:06:46Z,2026-06-27T23:06:46+0200,44400f30-2862-403b-aedb-c9bc80837e62,2026-05-31T02:15:00Z,2026-05-31T04:15:00+0200,1967.00254,MW,DE,DE_LU,actual_onshore_wind_generation,Wind Onshore,2026-06-27T21:08:22Z
2026-06-27T21:06:46Z,2026-06-27T23:06:46+0200,44400f30-2862-403b-aedb-c9bc80837e62,2026-05-31T02:30:00Z,2026-05-31T04:30:00+0200,2075.16816,MW,DE,DE_LU,actual_onshore_wind_generation,Wind Onshore,2026-06-27T21:08:22Z
2026-06-27T21:06:46Z,2026-06-27T23:06:46+0200,44400f30-2862-403b-aedb-c9bc80837e62,2026-05-31T02:45:00Z,2026-05-31T04:45:00+0200,1968.53476,MW,DE,DE_LU,actual_onshore_wind_generation,Wind Onshore,2026-06-27T21:08:22Z
2026-06-27T21:06:46Z,2026-06-27T23:06:46+0200,44400f30-2862-403b-aedb-c9bc80837e62,2026-05-31T03:00:00Z,2026-05-31T05:00:00+0200,1990.28969,MW,DE,DE_LU,actual_onshore_wind_generation,Wind Onshore,2026-06-27T21:08:22Z
2026-06-27T21:06:46Z,2026-06-27T23:06:46+0200,44400f30-2862-403b-aedb-c9bc80837e62,2026-05-31T03:15:00Z,2026-05-31T05:15:00+0200,2170.08542,MW,DE,DE_LU,actual_onshore_wind_generation,Wind Onshore,2026-06-27T21:08:22Z
2026-06-27T21:06:46Z,2026-06-27T23:06:46+0200,44400f30-2862-403b-aedb-c9bc80837e62,2026-05-31T03:30:00Z,2026-05-31T05:30:00+0200,2493.11836,MW,DE,DE_LU,actual_onshore_wind_generation,Wind Onshore,2026-06-27T21:08:22Z
2026-06-27T21:06:46Z,2026-06-27T23:06:46+0200,44400f30-2862-403b-aedb-c9bc80837e62,2026-05-31T03:45:00Z,2026-05-31T05:45:00+0200,2903.61367,MW,DE,DE_LU,actual_onshore_wind_generation,Wind Onshore,2026-06-27T21:08:22Z
2026-06-27T21:06:46Z,2026-06-27T23:06:46+0200,44400f30-2862-403b-aedb-c9bc80837e62,2026-05-31T04:00:00Z,2026-05-31T06:00:00+0200,3175.20197,MW,DE,DE_LU,actual_onshore_wind_generation,Wind Onshore,2026-06-27T21:08:22Z
2026-06-27T21:06:46Z,2026-06-27T23:06:46+0200,44400f30-2862-403b-aedb-c9bc80837e62,2026-05-31T04:15:00Z,2026-05-31T06:15:00+0200,3132.0937,MW,DE,DE_LU,actual_onshore_wind_generation,Wind Onshore,2026-06-27T21:08:22Z
2026-06-27T21:06:46Z,2026-06-27T23:06:46+0200,44400f30-2862-403b-aedb-c9bc80837e62,2026-05-31T04:30:00Z,2026-05-31T06:30:00+0200,3218.53116,MW,DE,DE_LU,actual_onshore_wind_generation,Wind Onshore,2026-06-27T21:08:22Z
2026-06-27T21:06:46Z,2026-06-27T23:06:46+0200,44400f30-2862-403b-aedb-c9bc80837e62,2026-05-31T04:45:00Z,2026-05-31T06:45:00+0200,3474.13021,MW,DE,DE_LU,actual_onshore_wind_generation,Wind Onshore,2026-06-27T21:08:22Z
2026-06-27T21:06:46Z,2026-06-27T23:06:46+0200,44400f30-2862-403b-aedb-c9bc80837e62,2026-05-31T05:00:00Z,2026-05-31T07:00:00+0200,3665.98335,MW,DE,DE_LU,actual_onshore_wind_generation,Wind Onshore,2026-06-27T21:08:22Z
2026-06-27T21:06:46Z,2026-06-27T23:06:46+0200,44400f30-2862-403b-aedb-c9bc80837e62,2026-05-31T05:15:00Z,2026-05-31T07:15:00+0200,4125.61168,MW,DE,DE_LU,actual_onshore_wind_generation,Wind Onshore,2026-06-27T21:08:22Z
2026-06-27T21:06:46Z,2026-06-27T23:06:46+0200,44400f30-2862-403b-aedb-c9bc80837e62,2026-05-31T05:30:00Z,2026-05-31T07:30:00+0200,4546.34759,MW,DE,DE_LU,actual_onshore_wind_generation,Wind Onshore,2026-06-27T21:08:22Z
2026-06-27T21:06:46Z,2026-06-27T23:06:46+0200,44400f30-2862-403b-aedb-c9bc80837e62,2026-05-31T05:45:00Z,2026-05-31T07:45:00+0200,4709.19721,MW,DE,DE_LU,actual_onshore_wind_generation,Wind Onshore,2026-06-27T21:08:22Z
2026-06-27T21:06:46Z,2026-06-27T23:06:46+0200,44400f30-2862-403b-aedb-c9bc80837e62,2026-05-31T06:00:00Z,2026-05-31T08:00:00+0200,4720.33683,MW,DE,DE_LU,actual_onshore_wind_generation,Wind Onshore,2026-06-27T21:08:22Z
2026-06-27T21:06:46Z,2026-06-27T23:06:46+0200,44400f30-2862-403b-aedb-c9bc80837e62,2026-05-31T06:15:00Z,2026-05-31T08:15:00+0200,4547.03679,MW,DE,DE_LU,actual_onshore_wind_generation,Wind Onshore,2026-06-27T21:08:22Z
2026-06-27T21:06:46Z,2026-06-27T23:06:46+0200,44400f30-2862-403b-aedb-c9bc80837e62,2026-05-31T06:30:00Z,2026-05-31T08:30:00+0200,4515.46082,MW,DE,DE_LU,actual_onshore_wind_generation,Wind Onshore,2026-06-27T21:08:22Z
2026-06-27T21:06:46Z,2026-06-27T23:06:46+0200,44400f30-2862-403b-aedb-c9bc80837e62,2026-05-31T06:45:00Z,2026-05-31T08:45:00+0200,4464.36111,MW,DE,DE_LU,actual_onshore_wind_generation,Wind Onshore,2026-06-27T21:08:22Z
2026-06-27T21:06:46Z,2026-06-27T23:06:46+0200,44400f30-2862-403b-aedb-c9bc80837e62,2026-05-31T07:00:00Z,2026-05-31T09:00:00+0200,4339.36976,MW,DE,DE_LU,actual_onshore_wind_generation,Wind Onshore,2026-06-27T21:08:22Z
2026-06-27T21:06:46Z,2026-06-27T23:06:46+0200,44400f30-2862-403b-aedb-c9bc80837e62,2026-05-31T07:15:00Z,2026-05-31T09:15:00+0200,4102.01935,MW,DE,DE_LU,actual_onshore_wind_generation,Wind Onshore,2026-06-27T21:08:22Z
2026-06-27T21:06:46Z,2026-06-27T23:06:46+0200,44400f30-2862-403b-aedb-c9bc80837e62,2026-05-31T07:30:00Z,2026-05-31T09:30:00+0200,3855.93354,MW,DE,DE_LU,actual_onshore_wind_generation,Wind Onshore,2026-06-27T21:08:22Z
2026-06-27T21:06:46Z,2026-06-27T23:06:46+0200,44400f30-2862-403b-aedb-c9bc80837e62,2026-05-31T07:45:00Z,2026-05-31T09:45:00+0200,3605.90066,MW,DE,DE_LU,actual_onshore_wind_generation,Wind Onshore,2026-06-27T21:08:22Z
2026-06-27T21:06:46Z,2026-06-27T23:06:46+0200,44400f30-2862-403b-aedb-c9bc80837e62,2026-05-31T08:00:00Z,2026-05-31T10:00:00+0200,3620.54488,MW,DE,DE_LU,actual_onshore_wind_generation,Wind Onshore,2026-06-27T21:08:22Z
2026-06-27T21:06:46Z,2026-06-27T23:06:46+0200,44400f30-2862-403b-aedb-c9bc80837e62,2026-05-31T08:15:00Z,2026-05-31T10:15:00+0200,3854.2642,MW,DE,DE_LU,actual_onshore_wind_generation,Wind Onshore,2026-06-27T21:08:22Z
2026-06-27T21:06:46Z,2026-06-27T23:06:46+0200,44400f30-2862-403b-aedb-c9bc80837e62,2026-05-31T08:30:00Z,2026-05-31T10:30:00+0200,3977.00136,MW,DE,DE_LU,actual_onshore_wind_generation,Wind Onshore,2026-06-27T21:08:22Z
2026-06-27T21:06:46Z,2026-06-27T23:06:46+0200,44400f30-2862-403b-aedb-c9bc80837e62,2026-05-31T08:45:00Z,2026-05-31T10:45:00+0200,4140.25015,MW,DE,DE_LU,actual_onshore_wind_generation,Wind Onshore,2026-06-27T21:08:22Z
2026-06-27T21:06:46Z,2026-06-27T23:06:46+0200,44400f30-2862-403b-aedb-c9bc80837e62,2026-05-31T09:00:00Z,2026-05-31T11:00:00+0200,4124.80534,MW,DE,DE_LU,actual_onshore_wind_generation,Wind Onshore,2026-06-27T21:08:22Z
2026-06-27T21:06:46Z,2026-06-27T23:06:46+0200,44400f30-2862-403b-aedb-c9bc80837e62,2026-05-31T09:15:00Z,2026-05-31T11:15:00+0200,4369.99704,MW,DE,DE_LU,actual_onshore_wind_generation,Wind Onshore,2026-06-27T21:08:22Z
2026-06-27T21:06:46Z,2026-06-27T23:06:46+0200,44400f30-2862-403b-aedb-c9bc80837e62,2026-05-31T09:30:00Z,2026-05-31T11:30:00+0200,4702.64077,MW,DE,DE_LU,actual_onshore_wind_generation,Wind Onshore,2026-06-27T21:08:22Z
2026-06-27T21:06:46Z,2026-06-27T23:06:46+0200,44400f30-2862-403b-aedb-c9bc80837e62,2026-05-31T09:45:00Z,2026-05-31T11:45:00+0200,5122.58287,MW,DE,DE_LU,actual_onshore_wind_generation,Wind Onshore,2026-06-27T21:08:22Z
2026-06-27T21:06:46Z,2026-06-27T23:06:46+0200,44400f30-2862-403b-aedb-c9bc80837e62,2026-05-31T10:00:00Z,2026-05-31T12:00:00+0200,5351.03757,MW,DE,DE_LU,actual_onshore_wind_generation,Wind Onshore,2026-06-27T21:08:22Z
2026-06-27T21:06:46Z,2026-06-27T23:06:46+0200,44400f30-2862-403b-aedb-c9bc80837e62,2026-05-31T10:15:00Z,2026-05-31T12:15:00+0200,5481.59187,MW,DE,DE_LU,actual_onshore_wind_generation,Wind Onshore,2026-06-27T21:08:22Z
2026-06-27T21:06:46Z,2026-06-27T23:06:46+0200,44400f30-2862-403b-aedb-c9bc80837e62,2026-05-31T10:30:00Z,2026-05-31T12:30:00+0200,5424.0393,MW,DE,DE_LU,actual_onshore_wind_generation,Wind Onshore,2026-06-27T21:08:22Z
2026-06-27T21:06:46Z,2026-06-27T23:06:46+0200,44400f30-2862-403b-aedb-c9bc80837e62,2026-05-31T10:45:00Z,2026-05-31T12:45:00+0200,5548.89623,MW,DE,DE_LU,actual_onshore_wind_generation,Wind Onshore,2026-06-27T21:08:22Z
2026-06-27T21:06:46Z,2026-06-27T23:06:46+0200,44400f30-2862-403b-aedb-c9bc80837e62,2026-05-31T11:00:00Z,2026-05-31T13:00:00+0200,5535.27097,MW,DE,DE_LU,actual_onshore_wind_generation,Wind Onshore,2026-06-27T21:08:22Z
2026-06-27T21:06:46Z,2026-06-27T23:06:46+0200,44400f30-2862-403b-aedb-c9bc80837e62,2026-05-31T11:15:00Z,2026-05-31T13:15:00+0200,5547.45879,MW,DE,DE_LU,actual_onshore_wind_generation,Wind Onshore,2026-06-27T21:08:22Z
2026-06-27T21:06:46Z,2026-06-27T23:06:46+0200,44400f30-2862-403b-aedb-c9bc80837e62,2026-05-31T11:30:00Z,2026-05-31T13:30:00+0200,5475.53583,MW,DE,DE_LU,actual_onshore_wind_generation,Wind Onshore,2026-06-27T21:08:22Z
2026-06-27T21:06:46Z,2026-06-27T23:06:46+0200,44400f30-2862-403b-aedb-c9bc80837e62,2026-05-31T11:45:00Z,2026-05-31T13:45:00+0200,5635.50638,MW,DE,DE_LU,actual_onshore_wind_generation,Wind Onshore,2026-06-27T21:08:22Z
2026-06-27T21:06:46Z,2026-06-27T23:06:46+0200,44400f30-2862-403b-aedb-c9bc80837e62,2026-05-31T12:00:00Z,2026-05-31T14:00:00+0200,5984.62925,MW,DE,DE_LU,actual_onshore_wind_generation,Wind Onshore,2026-06-27T21:08:22Z
2026-06-27T21:06:46Z,2026-06-27T23:06:46+0200,44400f30-2862-403b-aedb-c9bc80837e62,2026-05-31T12:15:00Z,2026-05-31T14:15:00+0200,6167.37422,MW,DE,DE_LU,actual_onshore_wind_generation,Wind Onshore,2026-06-27T21:08:22Z
2026-06-27T21:06:46Z,2026-06-27T23:06:46+0200,44400f30-2862-403b-aedb-c9bc80837e62,2026-05-31T12:30:00Z,2026-05-31T14:30:00+0200,6393.73268,MW,DE,DE_LU,actual_onshore_wind_generation,Wind Onshore,2026-06-27T21:08:22Z
2026-06-27T21:06:46Z,2026-06-27T23:06:46+0200,44400f30-2862-403b-aedb-c9bc80837e62,2026-05-31T12:45:00Z,2026-05-31T14:45:00+0200,6543.61644,MW,DE,DE_LU,actual_onshore_wind_generation,Wind Onshore,2026-06-27T21:08:22Z
2026-06-27T21:06:46Z,2026-06-27T23:06:46+0200,44400f30-2862-403b-aedb-c9bc80837e62,2026-05-31T13:00:00Z,2026-05-31T15:00:00+0200,6593.32944,MW,DE,DE_LU,actual_onshore_wind_generation,Wind Onshore,2026-06-27T21:08:22Z
2026-06-27T21:06:46Z,2026-06-27T23:06:46+0200,44400f30-2862-403b-aedb-c9bc80837e62,2026-05-31T13:15:00Z,2026-05-31T15:15:00+0200,6726.50343,MW,DE,DE_LU,actual_onshore_wind_generation,Wind Onshore,2026-06-27T21:08:22Z
2026-06-27T21:06:46Z,2026-06-27T23:06:46+0200,44400f30-2862-403b-aedb-c9bc80837e62,2026-05-31T13:30:00Z,2026-05-31T15:30:00+0200,6985.60484,MW,DE,DE_LU,actual_onshore_wind_generation,Wind Onshore,2026-06-27T21:08:22Z
2026-06-27T21:06:46Z,2026-06-27T23:06:46+0200,44400f30-2862-403b-aedb-c9bc80837e62,2026-05-31T13:45:00Z,2026-05-31T15:45:00+0200,7343.74314,MW,DE,DE_LU,actual_onshore_wind_generation,Wind Onshore,2026-06-27T21:08:22Z
2026-06-27T21:06:46Z,2026-06-27T23:06:46+0200,44400f30-2862-403b-aedb-c9bc80837e62,2026-05-31T14:00:00Z,2026-05-31T16:00:00+0200,7579.79272,MW,DE,DE_LU,actual_onshore_wind_generation,Wind Onshore,2026-06-27T21:08:22Z
2026-06-27T21:06:46Z,2026-06-27T23:06:46+0200,44400f30-2862-403b-aedb-c9bc80837e62,2026-05-31T14:15:00Z,2026-05-31T16:15:00+0200,7808.28536,MW,DE,DE_LU,actual_onshore_wind_generation,Wind Onshore,2026-06-27T21:08:22Z
2026-06-27T21:06:46Z,2026-06-27T23:06:46+0200,44400f30-2862-403b-aedb-c9bc80837e62,2026-05-31T14:30:00Z,2026-05-31T16:30:00+0200,8025.90946,MW,DE,DE_LU,actual_onshore_wind_generation,Wind Onshore,2026-06-27T21:08:22Z
2026-06-27T21:06:46Z,2026-06-27T23:06:46+0200,44400f30-2862-403b-aedb-c9bc80837e62,2026-05-31T14:45:00Z,2026-05-31T16:45:00+0200,8099.43132,MW,DE,DE_LU,actual_onshore_wind_generation,Wind Onshore,2026-06-27T21:08:22Z
2026-06-27T21:06:46Z,2026-06-27T23:06:46+0200,44400f30-2862-403b-aedb-c9bc80837e62,2026-05-31T15:00:00Z,2026-05-31T17:00:00+0200,8285.24009,MW,DE,DE_LU,actual_onshore_wind_generation,Wind Onshore,2026-06-27T21:08:22Z
2026-06-27T21:06:46Z,2026-06-27T23:06:46+0200,44400f30-2862-403b-aedb-c9bc80837e62,2026-05-31T15:15:00Z,2026-05-31T17:15:00+0200,8436.58632,MW,DE,DE_LU,actual_onshore_wind_generation,Wind Onshore,2026-06-27T21:08:22Z
2026-06-27T21:06:46Z,2026-06-27T23:06:46+0200,44400f30-2862-403b-aedb-c9bc80837e62,2026-05-31T15:30:00Z,2026-05-31T17:30:00+0200,9073.92248,MW,DE,DE_LU,actual_onshore_wind_generation,Wind Onshore,2026-06-27T21:08:22Z
2026-06-27T21:06:46Z,2026-06-27T23:06:46+0200,44400f30-2862-403b-aedb-c9bc80837e62,2026-05-31T15:45:00Z,2026-05-31T17:45:00+0200,9524.03752,MW,DE,DE_LU,actual_onshore_wind_generation,Wind Onshore,2026-06-27T21:08:22Z
2026-06-27T21:06:46Z,2026-06-27T23:06:46+0200,44400f30-2862-403b-aedb-c9bc80837e62,2026-05-31T16:00:00Z,2026-05-31T18:00:00+0200,9322.35749,MW,DE,DE_LU,actual_onshore_wind_generation,Wind Onshore,2026-06-27T21:08:22Z
2026-06-27T21:06:46Z,2026-06-27T23:06:46+0200,44400f30-2862-403b-aedb-c9bc80837e62,2026-05-31T16:15:00Z,2026-05-31T18:15:00+0200,9060.38694,MW,DE,DE_LU,actual_onshore_wind_generation,Wind Onshore,2026-06-27T21:08:22Z
2026-06-27T21:06:46Z,2026-06-27T23:06:46+0200,44400f30-2862-403b-aedb-c9bc80837e62,2026-05-31T16:30:00Z,2026-05-31T18:30:00+0200,8729.58618,MW,DE,DE_LU,actual_onshore_wind_generation,Wind Onshore,2026-06-27T21:08:22Z
2026-06-27T21:06:46Z,2026-06-27T23:06:46+0200,44400f30-2862-403b-aedb-c9bc80837e62,2026-05-31T16:45:00Z,2026-05-31T18:45:00+0200,8874.70274,MW,DE,DE_LU,actual_onshore_wind_generation,Wind Onshore,2026-06-27T21:08:22Z
2026-06-27T21:06:46Z,2026-06-27T23:06:46+0200,44400f30-2862-403b-aedb-c9bc80837e62,2026-05-31T17:00:00Z,2026-05-31T19:00:00+0200,9040.0315,MW,DE,DE_LU,actual_onshore_wind_generation,Wind Onshore,2026-06-27T21:08:22Z
2026-06-27T21:06:46Z,2026-06-27T23:06:46+0200,44400f30-2862-403b-aedb-c9bc80837e62,2026-05-31T17:15:00Z,2026-05-31T19:15:00+0200,8900.33445,MW,DE,DE_LU,actual_onshore_wind_generation,Wind Onshore,2026-06-27T21:08:22Z
2026-06-27T21:06:46Z,2026-06-27T23:06:46+0200,44400f30-2862-403b-aedb-c9bc80837e62,2026-05-31T17:30:00Z,2026-05-31T19:30:00+0200,8737.45432,MW,DE,DE_LU,actual_onshore_wind_generation,Wind Onshore,2026-06-27T21:08:22Z
2026-06-27T21:06:46Z,2026-06-27T23:06:46+0200,44400f30-2862-403b-aedb-c9bc80837e62,2026-05-31T17:45:00Z,2026-05-31T19:45:00+0200,8719.37486,MW,DE,DE_LU,actual_onshore_wind_generation,Wind Onshore,2026-06-27T21:08:22Z
2026-06-27T21:06:46Z,2026-06-27T23:06:46+0200,44400f30-2862-403b-aedb-c9bc80837e62,2026-05-31T18:00:00Z,2026-05-31T20:00:00+0200,8678.41671,MW,DE,DE_LU,actual_onshore_wind_generation,Wind Onshore,2026-06-27T21:08:22Z
2026-06-27T21:06:46Z,2026-06-27T23:06:46+0200,44400f30-2862-403b-aedb-c9bc80837e62,2026-05-31T18:15:00Z,2026-05-31T20:15:00+0200,8437.7403,MW,DE,DE_LU,actual_onshore_wind_generation,Wind Onshore,2026-06-27T21:08:22Z
2026-06-27T21:06:46Z,2026-06-27T23:06:46+0200,44400f30-2862-403b-aedb-c9bc80837e62,2026-05-31T18:30:00Z,2026-05-31T20:30:00+0200,8151.30599,MW,DE,DE_LU,actual_onshore_wind_generation,Wind Onshore,2026-06-27T21:08:22Z
2026-06-27T21:06:46Z,2026-06-27T23:06:46+0200,44400f30-2862-403b-aedb-c9bc80837e62,2026-05-31T18:45:00Z,2026-05-31T20:45:00+0200,7808.85708,MW,DE,DE_LU,actual_onshore_wind_generation,Wind Onshore,2026-06-27T21:08:22Z
2026-06-27T21:06:46Z,2026-06-27T23:06:46+0200,44400f30-2862-403b-aedb-c9bc80837e62,2026-05-31T19:00:00Z,2026-05-31T21:00:00+0200,7756.84362,MW,DE,DE_LU,actual_onshore_wind_generation,Wind Onshore,2026-06-27T21:08:22Z
2026-06-27T21:06:46Z,2026-06-27T23:06:46+0200,44400f30-2862-403b-aedb-c9bc80837e62,2026-05-31T19:15:00Z,2026-05-31T21:15:00+0200,7768.3467,MW,DE,DE_LU,actual_onshore_wind_generation,Wind Onshore,2026-06-27T21:08:22Z
2026-06-27T21:06:46Z,2026-06-27T23:06:46+0200,44400f30-2862-403b-aedb-c9bc80837e62,2026-05-31T19:30:00Z,2026-05-31T21:30:00+0200,7566.21613,MW,DE,DE_LU,actual_onshore_wind_generation,Wind Onshore,2026-06-27T21:08:22Z
2026-06-27T21:06:46Z,2026-06-27T23:06:46+0200,44400f30-2862-403b-aedb-c9bc80837e62,2026-05-31T19:45:00Z,2026-05-31T21:45:00+0200,7382.66668,MW,DE,DE_LU,actual_onshore_wind_generation,Wind Onshore,2026-06-27T21:08:22Z
2026-06-27T21:06:46Z,2026-06-27T23:06:46+0200,44400f30-2862-403b-aedb-c9bc80837e62,2026-05-31T20:00:00Z,2026-05-31T22:00:00+0200,7041.29268,MW,DE,DE_LU,actual_onshore_wind_generation,Wind Onshore,2026-06-27T21:08:22Z
2026-06-27T21:06:46Z,2026-06-27T23:06:46+0200,44400f30-2862-403b-aedb-c9bc80837e62,2026-05-31T20:15:00Z,2026-05-31T22:15:00+0200,7028.12694,MW,DE,DE_LU,actual_onshore_wind_generation,Wind Onshore,2026-06-27T21:08:22Z
2026-06-27T21:06:46Z,2026-06-27T23:06:46+0200,44400f30-2862-403b-aedb-c9bc80837e62,2026-05-31T20:30:00Z,2026-05-31T22:30:00+0200,6878.69247,MW,DE,DE_LU,actual_onshore_wind_generation,Wind Onshore,2026-06-27T21:08:22Z
2026-06-27T21:06:46Z,2026-06-27T23:06:46+0200,44400f30-2862-403b-aedb-c9bc80837e62,2026-05-31T20:45:00Z,2026-05-31T22:45:00+0200,6646.69515,MW,DE,DE_LU,actual_onshore_wind_generation,Wind Onshore,2026-06-27T21:08:22Z
2026-06-27T21:06:46Z,2026-06-27T23:06:46+0200,44400f30-2862-403b-aedb-c9bc80837e62,2026-05-31T21:00:00Z,2026-05-31T23:00:00+0200,6351.91155,MW,DE,DE_LU,actual_onshore_wind_generation,Wind Onshore,2026-06-27T21:08:22Z
2026-06-27T21:06:46Z,2026-06-27T23:06:46+0200,44400f30-2862-403b-aedb-c9bc80837e62,2026-05-31T21:15:00Z,2026-05-31T23:15:00+0200,6138.23441,MW,DE,DE_LU,actual_onshore_wind_generation,Wind Onshore,2026-06-27T21:08:22Z
2026-06-27T21:06:46Z,2026-06-27T23:06:46+0200,44400f30-2862-403b-aedb-c9bc80837e62,2026-05-31T21:30:00Z,2026-05-31T23:30:00+0200,6080.80276,MW,DE,DE_LU,actual_onshore_wind_generation,Wind Onshore,2026-06-27T21:08:22Z
2026-06-27T21:06:46Z,2026-06-27T23:06:46+0200,44400f30-2862-403b-aedb-c9bc80837e62,2026-05-31T21:45:00Z,2026-05-31T23:45:00+0200,6103.25789,MW,DE,DE_LU,actual_onshore_wind_generation,Wind Onshore,2026-06-27T21:08:22Z
2026-06-27T21:06:46Z,2026-06-27T23:06:46+0200,44400f30-2862-403b-aedb-c9bc80837e62,2026-05-31T22:00:00Z,2026-06-01T00:00:00+0200,6209.83776,MW,DE,DE_LU,actual_onshore_wind_generation,Wind Onshore,2026-06-27T21:08:22Z
2026-06-27T21:06:46Z,2026-06-27T23:06:46+0200,44400f30-2862-403b-aedb-c9bc80837e62,2026-05-31T22:15:00Z,2026-06-01T00:15:00+0200,6344.20258,MW,DE,DE_LU,actual_onshore_wind_generation,Wind Onshore,2026-06-27T21:08:22Z
2026-06-27T21:06:46Z,2026-06-27T23:06:46+0200,44400f30-2862-403b-aedb-c9bc80837e62,2026-05-31T22:30:00Z,2026-06-01T00:30:00+0200,6554.51984,MW,DE,DE_LU,actual_onshore_wind_generation,Wind Onshore,2026-06-27T21:08:22Z
2026-06-27T21:06:46Z,2026-06-27T23:06:46+0200,44400f30-2862-403b-aedb-c9bc80837e62,2026-05-31T22:45:00Z,2026-06-01T00:45:00+0200,6335.0668,MW,DE,DE_LU,actual_onshore_wind_generation,Wind Onshore,2026-06-27T21:08:22Z
2026-06-27T21:06:46Z,2026-06-27T23:06:46+0200,44400f30-2862-403b-aedb-c9bc80837e62,2026-05-31T23:00:00Z,2026-06-01T01:00:00+0200,6141.92951,MW,DE,DE_LU,actual_onshore_wind_generation,Wind Onshore,2026-06-27T21:08:22Z
2026-06-27T21:06:46Z,2026-06-27T23:06:46+0200,44400f30-2862-403b-aedb-c9bc80837e62,2026-05-31T23:15:00Z,2026-06-01T01:15:00+0200,5982.72675,MW,DE,DE_LU,actual_onshore_wind_generation,Wind Onshore,2026-06-27T21:08:22Z
2026-06-27T21:06:46Z,2026-06-27T23:06:46+0200,44400f30-2862-403b-aedb-c9bc80837e62,2026-05-31T23:30:00Z,2026-06-01T01:30:00+0200,5933.70361,MW,DE,DE_LU,actual_onshore_wind_generation,Wind Onshore,2026-06-27T21:08:22Z
2026-06-27T21:06:46Z,2026-06-27T23:06:46+0200,44400f30-2862-403b-aedb-c9bc80837e62,2026-05-31T23:45:00Z,2026-06-01T01:45:00+0200,5868.28958,MW,DE,DE_LU,actual_onshore_wind_generation,Wind Onshore,2026-06-27T21:08:22Z
2026-06-27T21:06:46Z,2026-06-27T23:06:46+0200,44400f30-2862-403b-aedb-c9bc80837e62,2026-06-01T00:00:00Z,2026-06-01T02:00:00+0200,5780.71122,MW,DE,DE_LU,actual_onshore_wind_generation,Wind Onshore,2026-06-27T21:08:22Z
2026-06-27T21:06:46Z,2026-06-27T23:06:46+0200,44400f30-2862-403b-aedb-c9bc80837e62,2026-06-01T00:15:00Z,2026-06-01T02:15:00+0200,5612.28423,MW,DE,DE_LU,actual_onshore_wind_generation,Wind Onshore,2026-06-27T21:08:22Z
2026-06-27T21:06:46Z,2026-06-27T23:06:46+0200,44400f30-2862-403b-aedb-c9bc80837e62,2026-06-01T00:30:00Z,2026-06-01T02:30:00+0200,5521.90075,MW,DE,DE_LU,actual_onshore_wind_generation,Wind Onshore,2026-06-27T21:08:22Z
2026-06-27T21:06:46Z,2026-06-27T23:06:46+0200,44400f30-2862-403b-aedb-c9bc80837e62,2026-06-01T00:45:00Z,2026-06-01T02:45:00+0200,5436.80163,MW,DE,DE_LU,actual_onshore_wind_generation,Wind Onshore,2026-06-27T21:08:22Z
2026-06-27T21:06:46Z,2026-06-27T23:06:46+0200,44400f30-2862-403b-aedb-c9bc80837e62,2026-06-01T01:00:00Z,2026-06-01T03:00:00+0200,5369.58767,MW,DE,DE_LU,actual_onshore_wind_generation,Wind Onshore,2026-06-27T21:08:22Z
2026-06-27T21:06:46Z,2026-06-27T23:06:46+0200,44400f30-2862-403b-aedb-c9bc80837e62,2026-06-01T01:15:00Z,2026-06-01T03:15:00+0200,5386.81248,MW,DE,DE_LU,actual_onshore_wind_generation,Wind Onshore,2026-06-27T21:08:22Z
2026-06-27T21:06:46Z,2026-06-27T23:06:46+0200,44400f30-2862-403b-aedb-c9bc80837e62,2026-06-01T01:30:00Z,2026-06-01T03:30:00+0200,5420.16224,MW,DE,DE_LU,actual_onshore_wind_generation,Wind Onshore,2026-06-27T21:08:22Z
2026-06-27T21:06:46Z,2026-06-27T23:06:46+0200,44400f30-2862-403b-aedb-c9bc80837e62,2026-06-01T01:45:00Z,2026-06-01T03:45:00+0200,5482.3267,MW,DE,DE_LU,actual_onshore_wind_generation,Wind Onshore,2026-06-27T21:08:22Z
2026-06-27T21:06:46Z,2026-06-27T23:06:46+0200,44400f30-2862-403b-aedb-c9bc80837e62,2026-06-01T02:00:00Z,2026-06-01T04:00:00+0200,5442.872,MW,DE,DE_LU,actual_onshore_wind_generation,Wind Onshore,2026-06-27T21:08:22Z
2026-06-27T21:06:46Z,2026-06-27T23:06:46+0200,44400f30-2862-403b-aedb-c9bc80837e62,2026-06-01T02:15:00Z,2026-06-01T04:15:00+0200,5452.19194,MW,DE,DE_LU,actual_onshore_wind_generation,Wind Onshore,2026-06-27T21:08:22Z
2026-06-27T21:06:46Z,2026-06-27T23:06:46+0200,44400f30-2862-403b-aedb-c9bc80837e62,2026-06-01T02:30:00Z,2026-06-01T04:30:00+0200,5406.9215,MW,DE,DE_LU,actual_onshore_wind_generation,Wind Onshore,2026-06-27T21:08:22Z
2026-06-27T21:06:46Z,2026-06-27T23:06:46+0200,44400f30-2862-403b-aedb-c9bc80837e62,2026-06-01T02:45:00Z,2026-06-01T04:45:00+0200,5404.24073,MW,DE,DE_LU,actual_onshore_wind_generation,Wind Onshore,2026-06-27T21:08:22Z
2026-06-27T21:06:46Z,2026-06-27T23:06:46+0200,44400f30-2862-403b-aedb-c9bc80837e62,2026-06-01T03:00:00Z,2026-06-01T05:00:00+0200,5351.65991,MW,DE,DE_LU,actual_onshore_wind_generation,Wind Onshore,2026-06-27T21:08:22Z
2026-06-27T21:06:46Z,2026-06-27T23:06:46+0200,44400f30-2862-403b-aedb-c9bc80837e62,2026-06-01T03:15:00Z,2026-06-01T05:15:00+0200,5503.85496,MW,DE,DE_LU,actual_onshore_wind_generation,Wind Onshore,2026-06-27T21:08:22Z
2026-06-27T21:06:46Z,2026-06-27T23:06:46+0200,44400f30-2862-403b-aedb-c9bc80837e62,2026-06-01T03:30:00Z,2026-06-01T05:30:00+0200,5457.79479,MW,DE,DE_LU,actual_onshore_wind_generation,Wind Onshore,2026-06-27T21:08:22Z
2026-06-27T21:06:46Z,2026-06-27T23:06:46+0200,44400f30-2862-403b-aedb-c9bc80837e62,2026-06-01T03:45:00Z,2026-06-01T05:45:00+0200,5190.23586,MW,DE,DE_LU,actual_onshore_wind_generation,Wind Onshore,2026-06-27T21:08:22Z
2026-06-27T21:06:46Z,2026-06-27T23:06:46+0200,44400f30-2862-403b-aedb-c9bc80837e62,2026-06-01T04:00:00Z,2026-06-01T06:00:00+0200,5040.75877,MW,DE,DE_LU,actual_onshore_wind_generation,Wind Onshore,2026-06-27T21:08:22Z
2026-06-27T21:06:46Z,2026-06-27T23:06:46+0200,44400f30-2862-403b-aedb-c9bc80837e62,2026-06-01T04:15:00Z,2026-06-01T06:15:00+0200,4868.87493,MW,DE,DE_LU,actual_onshore_wind_generation,Wind Onshore,2026-06-27T21:08:22Z
2026-06-27T21:06:46Z,2026-06-27T23:06:46+0200,44400f30-2862-403b-aedb-c9bc80837e62,2026-06-01T04:30:00Z,2026-06-01T06:30:00+0200,4572.5608,MW,DE,DE_LU,actual_onshore_wind_generation,Wind Onshore,2026-06-27T21:08:22Z
2026-06-27T21:06:46Z,2026-06-27T23:06:46+0200,44400f30-2862-403b-aedb-c9bc80837e62,2026-06-01T04:45:00Z,2026-06-01T06:45:00+0200,4193.36028,MW,DE,DE_LU,actual_onshore_wind_generation,Wind Onshore,2026-06-27T21:08:22Z
2026-06-27T21:06:46Z,2026-06-27T23:06:46+0200,44400f30-2862-403b-aedb-c9bc80837e62,2026-06-01T05:00:00Z,2026-06-01T07:00:00+0200,3724.62218,MW,DE,DE_LU,actual_onshore_wind_generation,Wind Onshore,2026-06-27T21:08:22Z
2026-06-27T21:06:46Z,2026-06-27T23:06:46+0200,44400f30-2862-403b-aedb-c9bc80837e62,2026-06-01T05:15:00Z,2026-06-01T07:15:00+0200,3275.86504,MW,DE,DE_LU,actual_onshore_wind_generation,Wind Onshore,2026-06-27T21:08:22Z
2026-06-27T21:06:46Z,2026-06-27T23:06:46+0200,44400f30-2862-403b-aedb-c9bc80837e62,2026-06-01T05:30:00Z,2026-06-01T07:30:00+0200,2756.42691,MW,DE,DE_LU,actual_onshore_wind_generation,Wind Onshore,2026-06-27T21:08:22Z
2026-06-27T21:06:46Z,2026-06-27T23:06:46+0200,44400f30-2862-403b-aedb-c9bc80837e62,2026-06-01T05:45:00Z,2026-06-01T07:45:00+0200,2317.6579,MW,DE,DE_LU,actual_onshore_wind_generation,Wind Onshore,2026-06-27T21:08:22Z
2026-06-27T21:06:46Z,2026-06-27T23:06:46+0200,44400f30-2862-403b-aedb-c9bc80837e62,2026-06-01T06:00:00Z,2026-06-01T08:00:00+0200,2058.18397,MW,DE,DE_LU,actual_onshore_wind_generation,Wind Onshore,2026-06-27T21:08:22Z
2026-06-27T21:06:46Z,2026-06-27T23:06:46+0200,44400f30-2862-403b-aedb-c9bc80837e62,2026-06-01T06:15:00Z,2026-06-01T08:15:00+0200,1928.47871,MW,DE,DE_LU,actual_onshore_wind_generation,Wind Onshore,2026-06-27T21:08:22Z
2026-06-27T21:06:46Z,2026-06-27T23:06:46+0200,44400f30-2862-403b-aedb-c9bc80837e62,2026-06-01T06:30:00Z,2026-06-01T08:30:00+0200,1874.59743,MW,DE,DE_LU,actual_onshore_wind_generation,Wind Onshore,2026-06-27T21:08:22Z
2026-06-27T21:06:46Z,2026-06-27T23:06:46+0200,44400f30-2862-403b-aedb-c9bc80837e62,2026-06-01T06:45:00Z,2026-06-01T08:45:00+0200,1827.56584,MW,DE,DE_LU,actual_onshore_wind_generation,Wind Onshore,2026-06-27T21:08:22Z
2026-06-27T21:06:46Z,2026-06-27T23:06:46+0200,44400f30-2862-403b-aedb-c9bc80837e62,2026-06-01T07:00:00Z,2026-06-01T09:00:00+0200,1799.59887,MW,DE,DE_LU,actual_onshore_wind_generation,Wind Onshore,2026-06-27T21:08:22Z
2026-06-27T21:06:46Z,2026-06-27T23:06:46+0200,44400f30-2862-403b-aedb-c9bc80837e62,2026-06-01T07:15:00Z,2026-06-01T09:15:00+0200,1833.73958,MW,DE,DE_LU,actual_onshore_wind_generation,Wind Onshore,2026-06-27T21:08:22Z
2026-06-27T21:06:46Z,2026-06-27T23:06:46+0200,44400f30-2862-403b-aedb-c9bc80837e62,2026-06-01T07:30:00Z,2026-06-01T09:30:00+0200,1813.09162,MW,DE,DE_LU,actual_onshore_wind_generation,Wind Onshore,2026-06-27T21:08:22Z
2026-06-27T21:06:46Z,2026-06-27T23:06:46+0200,44400f30-2862-403b-aedb-c9bc80837e62,2026-06-01T07:45:00Z,2026-06-01T09:45:00+0200,1841.70233,MW,DE,DE_LU,actual_onshore_wind_generation,Wind Onshore,2026-06-27T21:08:22Z
2026-06-27T21:06:46Z,2026-06-27T23:06:46+0200,44400f30-2862-403b-aedb-c9bc80837e62,2026-06-01T08:00:00Z,2026-06-01T10:00:00+0200,1814.34391,MW,DE,DE_LU,actual_onshore_wind_generation,Wind Onshore,2026-06-27T21:08:22Z
2026-06-27T21:06:46Z,2026-06-27T23:06:46+0200,44400f30-2862-403b-aedb-c9bc80837e62,2026-06-01T08:15:00Z,2026-06-01T10:15:00+0200,1822.35112,MW,DE,DE_LU,actual_onshore_wind_generation,Wind Onshore,2026-06-27T21:08:22Z
2026-06-27T21:06:46Z,2026-06-27T23:06:46+0200,44400f30-2862-403b-aedb-c9bc80837e62,2026-06-01T08:30:00Z,2026-06-01T10:30:00+0200,1786.83945,MW,DE,DE_LU,actual_onshore_wind_generation,Wind Onshore,2026-06-27T21:08:22Z
2026-06-27T21:06:46Z,2026-06-27T23:06:46+0200,44400f30-2862-403b-aedb-c9bc80837e62,2026-06-01T08:45:00Z,2026-06-01T10:45:00+0200,1760.03008,MW,DE,DE_LU,actual_onshore_wind_generation,Wind Onshore,2026-06-27T21:08:22Z
2026-06-27T21:06:46Z,2026-06-27T23:06:46+0200,44400f30-2862-403b-aedb-c9bc80837e62,2026-06-01T09:00:00Z,2026-06-01T11:00:00+0200,1795.83767,MW,DE,DE_LU,actual_onshore_wind_generation,Wind Onshore,2026-06-27T21:08:22Z
2026-06-27T21:06:46Z,2026-06-27T23:06:46+0200,44400f30-2862-403b-aedb-c9bc80837e62,2026-06-01T09:15:00Z,2026-06-01T11:15:00+0200,1810.93832,MW,DE,DE_LU,actual_onshore_wind_generation,Wind Onshore,2026-06-27T21:08:22Z
2026-06-27T21:06:46Z,2026-06-27T23:06:46+0200,44400f30-2862-403b-aedb-c9bc80837e62,2026-06-01T09:30:00Z,2026-06-01T11:30:00+0200,1815.78509,MW,DE,DE_LU,actual_onshore_wind_generation,Wind Onshore,2026-06-27T21:08:22Z
2026-06-27T21:06:46Z,2026-06-27T23:06:46+0200,44400f30-2862-403b-aedb-c9bc80837e62,2026-06-01T09:45:00Z,2026-06-01T11:45:00+0200,1889.74386,MW,DE,DE_LU,actual_onshore_wind_generation,Wind Onshore,2026-06-27T21:08:22Z
2026-06-27T21:06:46Z,2026-06-27T23:06:46+0200,44400f30-2862-403b-aedb-c9bc80837e62,2026-06-01T10:00:00Z,2026-06-01T12:00:00+0200,1964.28244,MW,DE,DE_LU,actual_onshore_wind_generation,Wind Onshore,2026-06-27T21:08:22Z
2026-06-27T21:06:46Z,2026-06-27T23:06:46+0200,44400f30-2862-403b-aedb-c9bc80837e62,2026-06-01T10:15:00Z,2026-06-01T12:15:00+0200,2053.57344,MW,DE,DE_LU,actual_onshore_wind_generation,Wind Onshore,2026-06-27T21:08:22Z
2026-06-27T21:06:46Z,2026-06-27T23:06:46+0200,44400f30-2862-403b-aedb-c9bc80837e62,2026-06-01T10:30:00Z,2026-06-01T12:30:00+0200,2087.65797,MW,DE,DE_LU,actual_onshore_wind_generation,Wind Onshore,2026-06-27T21:08:22Z
2026-06-27T21:06:46Z,2026-06-27T23:06:46+0200,44400f30-2862-403b-aedb-c9bc80837e62,2026-06-01T10:45:00Z,2026-06-01T12:45:00+0200,2144.42524,MW,DE,DE_LU,actual_onshore_wind_generation,Wind Onshore,2026-06-27T21:08:22Z
2026-06-27T21:06:46Z,2026-06-27T23:06:46+0200,44400f30-2862-403b-aedb-c9bc80837e62,2026-06-01T11:00:00Z,2026-06-01T13:00:00+0200,2198.22453,MW,DE,DE_LU,actual_onshore_wind_generation,Wind Onshore,2026-06-27T21:08:22Z
2026-06-27T21:06:46Z,2026-06-27T23:06:46+0200,44400f30-2862-403b-aedb-c9bc80837e62,2026-06-01T11:15:00Z,2026-06-01T13:15:00+0200,2249.11053,MW,DE,DE_LU,actual_onshore_wind_generation,Wind Onshore,2026-06-27T21:08:22Z
2026-06-27T21:06:46Z,2026-06-27T23:06:46+0200,44400f30-2862-403b-aedb-c9bc80837e62,2026-06-01T11:30:00Z,2026-06-01T13:30:00+0200,2355.10327,MW,DE,DE_LU,actual_onshore_wind_generation,Wind Onshore,2026-06-27T21:08:22Z
2026-06-27T21:06:46Z,2026-06-27T23:06:46+0200,44400f30-2862-403b-aedb-c9bc80837e62,2026-06-01T11:45:00Z,2026-06-01T13:45:00+0200,2437.29793,MW,DE,DE_LU,actual_onshore_wind_generation,Wind Onshore,2026-06-27T21:08:22Z
2026-06-27T21:06:46Z,2026-06-27T23:06:46+0200,44400f30-2862-403b-aedb-c9bc80837e62,2026-06-01T12:00:00Z,2026-06-01T14:00:00+0200,2495.26548,MW,DE,DE_LU,actual_onshore_wind_generation,Wind Onshore,2026-06-27T21:08:22Z
2026-06-27T21:06:46Z,2026-06-27T23:06:46+0200,44400f30-2862-403b-aedb-c9bc80837e62,2026-06-01T12:15:00Z,2026-06-01T14:15:00+0200,2585.83693,MW,DE,DE_LU,actual_onshore_wind_generation,Wind Onshore,2026-06-27T21:08:22Z
2026-06-27T21:06:46Z,2026-06-27T23:06:46+0200,44400f30-2862-403b-aedb-c9bc80837e62,2026-06-01T12:30:00Z,2026-06-01T14:30:00+0200,2567.25437,MW,DE,DE_LU,actual_onshore_wind_generation,Wind Onshore,2026-06-27T21:08:22Z
2026-06-27T21:06:46Z,2026-06-27T23:06:46+0200,44400f30-2862-403b-aedb-c9bc80837e62,2026-06-01T12:45:00Z,2026-06-01T14:45:00+0200,2616.68693,MW,DE,DE_LU,actual_onshore_wind_generation,Wind Onshore,2026-06-27T21:08:22Z
2026-06-27T21:06:46Z,2026-06-27T23:06:46+0200,44400f30-2862-403b-aedb-c9bc80837e62,2026-06-01T13:00:00Z,2026-06-01T15:00:00+0200,2559.74427,MW,DE,DE_LU,actual_onshore_wind_generation,Wind Onshore,2026-06-27T21:08:22Z
2026-06-27T21:06:46Z,2026-06-27T23:06:46+0200,44400f30-2862-403b-aedb-c9bc80837e62,2026-06-01T13:15:00Z,2026-06-01T15:15:00+0200,2576.6231,MW,DE,DE_LU,actual_onshore_wind_generation,Wind Onshore,2026-06-27T21:08:22Z
2026-06-27T21:06:46Z,2026-06-27T23:06:46+0200,44400f30-2862-403b-aedb-c9bc80837e62,2026-06-01T13:30:00Z,2026-06-01T15:30:00+0200,2495.98545,MW,DE,DE_LU,actual_onshore_wind_generation,Wind Onshore,2026-06-27T21:08:22Z
2026-06-27T21:06:46Z,2026-06-27T23:06:46+0200,44400f30-2862-403b-aedb-c9bc80837e62,2026-06-01T13:45:00Z,2026-06-01T15:45:00+0200,2454.99539,MW,DE,DE_LU,actual_onshore_wind_generation,Wind Onshore,2026-06-27T21:08:22Z
2026-06-27T21:06:46Z,2026-06-27T23:06:46+0200,44400f30-2862-403b-aedb-c9bc80837e62,2026-06-01T14:00:00Z,2026-06-01T16:00:00+0200,2339.4865,MW,DE,DE_LU,actual_onshore_wind_generation,Wind Onshore,2026-06-27T21:08:22Z
2026-06-27T21:06:46Z,2026-06-27T23:06:46+0200,44400f30-2862-403b-aedb-c9bc80837e62,2026-06-01T14:15:00Z,2026-06-01T16:15:00+0200,2240.75053,MW,DE,DE_LU,actual_onshore_wind_generation,Wind Onshore,2026-06-27T21:08:22Z
2026-06-27T21:06:46Z,2026-06-27T23:06:46+0200,44400f30-2862-403b-aedb-c9bc80837e62,2026-06-01T14:30:00Z,2026-06-01T16:30:00+0200,2078.39059,MW,DE,DE_LU,actual_onshore_wind_generation,Wind Onshore,2026-06-27T21:08:22Z
2026-06-27T21:06:46Z,2026-06-27T23:06:46+0200,44400f30-2862-403b-aedb-c9bc80837e62,2026-06-01T14:45:00Z,2026-06-01T16:45:00+0200,1963.58881,MW,DE,DE_LU,actual_onshore_wind_generation,Wind Onshore,2026-06-27T21:08:22Z
2026-06-27T21:06:46Z,2026-06-27T23:06:46+0200,44400f30-2862-403b-aedb-c9bc80837e62,2026-06-01T15:00:00Z,2026-06-01T17:00:00+0200,1775.40055,MW,DE,DE_LU,actual_onshore_wind_generation,Wind Onshore,2026-06-27T21:08:22Z
2026-06-27T21:06:46Z,2026-06-27T23:06:46+0200,44400f30-2862-403b-aedb-c9bc80837e62,2026-06-01T15:15:00Z,2026-06-01T17:15:00+0200,1604.1501,MW,DE,DE_LU,actual_onshore_wind_generation,Wind Onshore,2026-06-27T21:08:22Z
2026-06-27T21:06:46Z,2026-06-27T23:06:46+0200,44400f30-2862-403b-aedb-c9bc80837e62,2026-06-01T15:30:00Z,2026-06-01T17:30:00+0200,1465.73094,MW,DE,DE_LU,actual_onshore_wind_generation,Wind Onshore,2026-06-27T21:08:22Z
2026-06-27T21:06:46Z,2026-06-27T23:06:46+0200,44400f30-2862-403b-aedb-c9bc80837e62,2026-06-01T15:45:00Z,2026-06-01T17:45:00+0200,1301.28026,MW,DE,DE_LU,actual_onshore_wind_generation,Wind Onshore,2026-06-27T21:08:22Z
2026-06-27T21:06:46Z,2026-06-27T23:06:46+0200,44400f30-2862-403b-aedb-c9bc80837e62,2026-06-01T16:00:00Z,2026-06-01T18:00:00+0200,1159.36659,MW,DE,DE_LU,actual_onshore_wind_generation,Wind Onshore,2026-06-27T21:08:22Z
2026-06-27T21:06:46Z,2026-06-27T23:06:46+0200,44400f30-2862-403b-aedb-c9bc80837e62,2026-06-01T16:15:00Z,2026-06-01T18:15:00+0200,1039.4581,MW,DE,DE_LU,actual_onshore_wind_generation,Wind Onshore,2026-06-27T21:08:22Z
2026-06-27T21:06:46Z,2026-06-27T23:06:46+0200,44400f30-2862-403b-aedb-c9bc80837e62,2026-06-01T16:30:00Z,2026-06-01T18:30:00+0200,897.09443,MW,DE,DE_LU,actual_onshore_wind_generation,Wind Onshore,2026-06-27T21:08:22Z
2026-06-27T21:06:46Z,2026-06-27T23:06:46+0200,44400f30-2862-403b-aedb-c9bc80837e62,2026-06-01T16:45:00Z,2026-06-01T18:45:00+0200,809.15753,MW,DE,DE_LU,actual_onshore_wind_generation,Wind Onshore,2026-06-27T21:08:22Z
2026-06-27T21:06:46Z,2026-06-27T23:06:46+0200,44400f30-2862-403b-aedb-c9bc80837e62,2026-06-01T17:00:00Z,2026-06-01T19:00:00+0200,738.83554,MW,DE,DE_LU,actual_onshore_wind_generation,Wind Onshore,2026-06-27T21:08:22Z
2026-06-27T21:06:46Z,2026-06-27T23:06:46+0200,44400f30-2862-403b-aedb-c9bc80837e62,2026-06-01T17:15:00Z,2026-06-01T19:15:00+0200,653.09526,MW,DE,DE_LU,actual_onshore_wind_generation,Wind Onshore,2026-06-27T21:08:22Z
2026-06-27T21:06:46Z,2026-06-27T23:06:46+0200,44400f30-2862-403b-aedb-c9bc80837e62,2026-06-01T17:30:00Z,2026-06-01T19:30:00+0200,550.99921,MW,DE,DE_LU,actual_onshore_wind_generation,Wind Onshore,2026-06-27T21:08:22Z
2026-06-27T21:06:46Z,2026-06-27T23:06:46+0200,44400f30-2862-403b-aedb-c9bc80837e62,2026-06-01T17:45:00Z,2026-06-01T19:45:00+0200,476.59508,MW,DE,DE_LU,actual_onshore_wind_generation,Wind Onshore,2026-06-27T21:08:22Z
2026-06-27T21:06:46Z,2026-06-27T23:06:46+0200,44400f30-2862-403b-aedb-c9bc80837e62,2026-06-01T18:00:00Z,2026-06-01T20:00:00+0200,460.08498,MW,DE,DE_LU,actual_onshore_wind_generation,Wind Onshore,2026-06-27T21:08:22Z
2026-06-27T21:06:46Z,2026-06-27T23:06:46+0200,44400f30-2862-403b-aedb-c9bc80837e62,2026-06-01T18:15:00Z,2026-06-01T20:15:00+0200,461.15874,MW,DE,DE_LU,actual_onshore_wind_generation,Wind Onshore,2026-06-27T21:08:22Z
2026-06-27T21:06:46Z,2026-06-27T23:06:46+0200,44400f30-2862-403b-aedb-c9bc80837e62,2026-06-01T18:30:00Z,2026-06-01T20:30:00+0200,478.86397,MW,DE,DE_LU,actual_onshore_wind_generation,Wind Onshore,2026-06-27T21:08:22Z
2026-06-27T21:06:46Z,2026-06-27T23:06:46+0200,44400f30-2862-403b-aedb-c9bc80837e62,2026-06-01T18:45:00Z,2026-06-01T20:45:00+0200,554.77469,MW,DE,DE_LU,actual_onshore_wind_generation,Wind Onshore,2026-06-27T21:08:22Z
2026-06-27T21:06:46Z,2026-06-27T23:06:46+0200,44400f30-2862-403b-aedb-c9bc80837e62,2026-06-01T19:00:00Z,2026-06-01T21:00:00+0200,666.54058,MW,DE,DE_LU,actual_onshore_wind_generation,Wind Onshore,2026-06-27T21:08:22Z
2026-06-27T21:06:46Z,2026-06-27T23:06:46+0200,44400f30-2862-403b-aedb-c9bc80837e62,2026-06-01T19:15:00Z,2026-06-01T21:15:00+0200,799.33798,MW,DE,DE_LU,actual_onshore_wind_generation,Wind Onshore,2026-06-27T21:08:22Z
2026-06-27T21:06:46Z,2026-06-27T23:06:46+0200,44400f30-2862-403b-aedb-c9bc80837e62,2026-06-01T19:30:00Z,2026-06-01T21:30:00+0200,869.58972,MW,DE,DE_LU,actual_onshore_wind_generation,Wind Onshore,2026-06-27T21:08:22Z
2026-06-27T21:06:46Z,2026-06-27T23:06:46+0200,44400f30-2862-403b-aedb-c9bc80837e62,2026-06-01T19:45:00Z,2026-06-01T21:45:00+0200,902.86558,MW,DE,DE_LU,actual_onshore_wind_generation,Wind Onshore,2026-06-27T21:08:22Z
2026-06-27T21:06:46Z,2026-06-27T23:06:46+0200,44400f30-2862-403b-aedb-c9bc80837e62,2026-06-01T20:00:00Z,2026-06-01T22:00:00+0200,1087.63076,MW,DE,DE_LU,actual_onshore_wind_generation,Wind Onshore,2026-06-27T21:08:22Z
2026-06-27T21:06:46Z,2026-06-27T23:06:46+0200,44400f30-2862-403b-aedb-c9bc80837e62,2026-06-01T20:15:00Z,2026-06-01T22:15:00+0200,1327.15114,MW,DE,DE_LU,actual_onshore_wind_generation,Wind Onshore,2026-06-27T21:08:22Z
2026-06-27T21:06:46Z,2026-06-27T23:06:46+0200,44400f30-2862-403b-aedb-c9bc80837e62,2026-06-01T20:30:00Z,2026-06-01T22:30:00+0200,1618.46806,MW,DE,DE_LU,actual_onshore_wind_generation,Wind Onshore,2026-06-27T21:08:22Z
2026-06-27T21:06:46Z,2026-06-27T23:06:46+0200,44400f30-2862-403b-aedb-c9bc80837e62,2026-06-01T20:45:00Z,2026-06-01T22:45:00+0200,1901.15173,MW,DE,DE_LU,actual_onshore_wind_generation,Wind Onshore,2026-06-27T21:08:22Z
2026-06-27T21:06:46Z,2026-06-27T23:06:46+0200,44400f30-2862-403b-aedb-c9bc80837e62,2026-06-01T21:00:00Z,2026-06-01T23:00:00+0200,2271.75984,MW,DE,DE_LU,actual_onshore_wind_generation,Wind Onshore,2026-06-27T21:08:22Z
2026-06-27T21:06:46Z,2026-06-27T23:06:46+0200,44400f30-2862-403b-aedb-c9bc80837e62,2026-06-01T21:15:00Z,2026-06-01T23:15:00+0200,2684.63904,MW,DE,DE_LU,actual_onshore_wind_generation,Wind Onshore,2026-06-27T21:08:22Z
2026-06-27T21:06:46Z,2026-06-27T23:06:46+0200,44400f30-2862-403b-aedb-c9bc80837e62,2026-06-01T21:30:00Z,2026-06-01T23:30:00+0200,3142.14738,MW,DE,DE_LU,actual_onshore_wind_generation,Wind Onshore,2026-06-27T21:08:22Z
2026-06-27T21:06:46Z,2026-06-27T23:06:46+0200,44400f30-2862-403b-aedb-c9bc80837e62,2026-06-01T21:45:00Z,2026-06-01T23:45:00+0200,3577.06739,MW,DE,DE_LU,actual_onshore_wind_generation,Wind Onshore,2026-06-27T21:08:22Z
2026-06-27T21:06:46Z,2026-06-27T23:06:46+0200,44400f30-2862-403b-aedb-c9bc80837e62,2026-06-01T22:00:00Z,2026-06-02T00:00:00+0200,4031.78253,MW,DE,DE_LU,actual_onshore_wind_generation,Wind Onshore,2026-06-27T21:08:22Z
2026-06-27T21:06:46Z,2026-06-27T23:06:46+0200,44400f30-2862-403b-aedb-c9bc80837e62,2026-06-01T22:15:00Z,2026-06-02T00:15:00+0200,4493.4963,MW,DE,DE_LU,actual_onshore_wind_generation,Wind Onshore,2026-06-27T21:08:22Z
2026-06-27T21:06:46Z,2026-06-27T23:06:46+0200,44400f30-2862-403b-aedb-c9bc80837e62,2026-06-01T22:30:00Z,2026-06-02T00:30:00+0200,4943.55603,MW,DE,DE_LU,actual_onshore_wind_generation,Wind Onshore,2026-06-27T21:08:22Z
2026-06-27T21:06:46Z,2026-06-27T23:06:46+0200,44400f30-2862-403b-aedb-c9bc80837e62,2026-06-01T22:45:00Z,2026-06-02T00:45:00+0200,5384.23185,MW,DE,DE_LU,actual_onshore_wind_generation,Wind Onshore,2026-06-27T21:08:22Z
2026-06-27T21:06:46Z,2026-06-27T23:06:46+0200,44400f30-2862-403b-aedb-c9bc80837e62,2026-06-01T23:00:00Z,2026-06-02T01:00:00+0200,5760.75426,MW,DE,DE_LU,actual_onshore_wind_generation,Wind Onshore,2026-06-27T21:08:22Z
2026-06-27T21:06:46Z,2026-06-27T23:06:46+0200,44400f30-2862-403b-aedb-c9bc80837e62,2026-06-01T23:15:00Z,2026-06-02T01:15:00+0200,6211.77967,MW,DE,DE_LU,actual_onshore_wind_generation,Wind Onshore,2026-06-27T21:08:22Z
2026-06-27T21:06:46Z,2026-06-27T23:06:46+0200,44400f30-2862-403b-aedb-c9bc80837e62,2026-06-01T23:30:00Z,2026-06-02T01:30:00+0200,6568.513,MW,DE,DE_LU,actual_onshore_wind_generation,Wind Onshore,2026-06-27T21:08:22Z
2026-06-27T21:06:46Z,2026-06-27T23:06:46+0200,44400f30-2862-403b-aedb-c9bc80837e62,2026-06-01T23:45:00Z,2026-06-02T01:45:00+0200,6900.25529,MW,DE,DE_LU,actual_onshore_wind_generation,Wind Onshore,2026-06-27T21:08:22Z
2026-06-27T21:06:46Z,2026-06-27T23:06:46+0200,44400f30-2862-403b-aedb-c9bc80837e62,2026-06-02T00:00:00Z,2026-06-02T02:00:00+0200,7203.51916,MW,DE,DE_LU,actual_onshore_wind_generation,Wind Onshore,2026-06-27T21:08:22Z
2026-06-27T21:06:46Z,2026-06-27T23:06:46+0200,44400f30-2862-403b-aedb-c9bc80837e62,2026-06-02T00:15:00Z,2026-06-02T02:15:00+0200,7531.46445,MW,DE,DE_LU,actual_onshore_wind_generation,Wind Onshore,2026-06-27T21:08:22Z
2026-06-27T21:06:46Z,2026-06-27T23:06:46+0200,44400f30-2862-403b-aedb-c9bc80837e62,2026-06-02T00:30:00Z,2026-06-02T02:30:00+0200,7825.92979,MW,DE,DE_LU,actual_onshore_wind_generation,Wind Onshore,2026-06-27T21:08:22Z
2026-06-27T21:06:46Z,2026-06-27T23:06:46+0200,44400f30-2862-403b-aedb-c9bc80837e62,2026-06-02T00:45:00Z,2026-06-02T02:45:00+0200,8061.31074,MW,DE,DE_LU,actual_onshore_wind_generation,Wind Onshore,2026-06-27T21:08:22Z
2026-06-27T21:06:46Z,2026-06-27T23:06:46+0200,44400f30-2862-403b-aedb-c9bc80837e62,2026-06-02T01:00:00Z,2026-06-02T03:00:00+0200,8272.27723,MW,DE,DE_LU,actual_onshore_wind_generation,Wind Onshore,2026-06-27T21:08:22Z
2026-06-27T21:06:46Z,2026-06-27T23:06:46+0200,44400f30-2862-403b-aedb-c9bc80837e62,2026-06-02T01:15:00Z,2026-06-02T03:15:00+0200,8337.38009,MW,DE,DE_LU,actual_onshore_wind_generation,Wind Onshore,2026-06-27T21:08:22Z
2026-06-27T21:06:46Z,2026-06-27T23:06:46+0200,44400f30-2862-403b-aedb-c9bc80837e62,2026-06-02T01:30:00Z,2026-06-02T03:30:00+0200,8349.38142,MW,DE,DE_LU,actual_onshore_wind_generation,Wind Onshore,2026-06-27T21:08:22Z
2026-06-27T21:06:46Z,2026-06-27T23:06:46+0200,44400f30-2862-403b-aedb-c9bc80837e62,2026-06-02T01:45:00Z,2026-06-02T03:45:00+0200,8340.94351,MW,DE,DE_LU,actual_onshore_wind_generation,Wind Onshore,2026-06-27T21:08:22Z
2026-06-27T21:06:46Z,2026-06-27T23:06:46+0200,44400f30-2862-403b-aedb-c9bc80837e62,2026-06-02T02:00:00Z,2026-06-02T04:00:00+0200,8343.58087,MW,DE,DE_LU,actual_onshore_wind_generation,Wind Onshore,2026-06-27T21:08:22Z
2026-06-27T21:06:46Z,2026-06-27T23:06:46+0200,44400f30-2862-403b-aedb-c9bc80837e62,2026-06-02T02:15:00Z,2026-06-02T04:15:00+0200,8428.44285,MW,DE,DE_LU,actual_onshore_wind_generation,Wind Onshore,2026-06-27T21:08:22Z
2026-06-27T21:06:46Z,2026-06-27T23:06:46+0200,44400f30-2862-403b-aedb-c9bc80837e62,2026-06-02T02:30:00Z,2026-06-02T04:30:00+0200,8587.65398,MW,DE,DE_LU,actual_onshore_wind_generation,Wind Onshore,2026-06-27T21:08:22Z
2026-06-27T21:06:46Z,2026-06-27T23:06:46+0200,44400f30-2862-403b-aedb-c9bc80837e62,2026-06-02T02:45:00Z,2026-06-02T04:45:00+0200,8756.88671,MW,DE,DE_LU,actual_onshore_wind_generation,Wind Onshore,2026-06-27T21:08:22Z
2026-06-27T21:06:46Z,2026-06-27T23:06:46+0200,44400f30-2862-403b-aedb-c9bc80837e62,2026-06-02T03:00:00Z,2026-06-02T05:00:00+0200,8900.93426,MW,DE,DE_LU,actual_onshore_wind_generation,Wind Onshore,2026-06-27T21:08:22Z
2026-06-27T21:06:46Z,2026-06-27T23:06:46+0200,44400f30-2862-403b-aedb-c9bc80837e62,2026-06-02T03:15:00Z,2026-06-02T05:15:00+0200,9184.34541,MW,DE,DE_LU,actual_onshore_wind_generation,Wind Onshore,2026-06-27T21:08:22Z
2026-06-27T21:06:46Z,2026-06-27T23:06:46+0200,44400f30-2862-403b-aedb-c9bc80837e62,2026-06-02T03:30:00Z,2026-06-02T05:30:00+0200,9308.5718,MW,DE,DE_LU,actual_onshore_wind_generation,Wind Onshore,2026-06-27T21:08:22Z
2026-06-27T21:06:46Z,2026-06-27T23:06:46+0200,44400f30-2862-403b-aedb-c9bc80837e62,2026-06-02T03:45:00Z,2026-06-02T05:45:00+0200,9265.53849,MW,DE,DE_LU,actual_onshore_wind_generation,Wind Onshore,2026-06-27T21:08:22Z
2026-06-27T21:06:46Z,2026-06-27T23:06:46+0200,44400f30-2862-403b-aedb-c9bc80837e62,2026-06-02T04:00:00Z,2026-06-02T06:00:00+0200,9352.87562,MW,DE,DE_LU,actual_onshore_wind_generation,Wind Onshore,2026-06-27T21:08:22Z
2026-06-27T21:06:46Z,2026-06-27T23:06:46+0200,44400f30-2862-403b-aedb-c9bc80837e62,2026-06-02T04:15:00Z,2026-06-02T06:15:00+0200,9338.16299,MW,DE,DE_LU,actual_onshore_wind_generation,Wind Onshore,2026-06-27T21:08:22Z
2026-06-27T21:06:46Z,2026-06-27T23:06:46+0200,44400f30-2862-403b-aedb-c9bc80837e62,2026-06-02T04:30:00Z,2026-06-02T06:30:00+0200,9337.04684,MW,DE,DE_LU,actual_onshore_wind_generation,Wind Onshore,2026-06-27T21:08:22Z
2026-06-27T21:06:46Z,2026-06-27T23:06:46+0200,44400f30-2862-403b-aedb-c9bc80837e62,2026-06-02T04:45:00Z,2026-06-02T06:45:00+0200,9267.65037,MW,DE,DE_LU,actual_onshore_wind_generation,Wind Onshore,2026-06-27T21:08:22Z
2026-06-27T21:06:46Z,2026-06-27T23:06:46+0200,44400f30-2862-403b-aedb-c9bc80837e62,2026-06-02T05:00:00Z,2026-06-02T07:00:00+0200,8949.86597,MW,DE,DE_LU,actual_onshore_wind_generation,Wind Onshore,2026-06-27T21:08:22Z
2026-06-27T21:06:46Z,2026-06-27T23:06:46+0200,44400f30-2862-403b-aedb-c9bc80837e62,2026-06-02T05:15:00Z,2026-06-02T07:15:00+0200,8518.8028,MW,DE,DE_LU,actual_onshore_wind_generation,Wind Onshore,2026-06-27T21:08:22Z
2026-06-27T21:06:46Z,2026-06-27T23:06:46+0200,44400f30-2862-403b-aedb-c9bc80837e62,2026-06-02T05:30:00Z,2026-06-02T07:30:00+0200,8034.05877,MW,DE,DE_LU,actual_onshore_wind_generation,Wind Onshore,2026-06-27T21:08:22Z
2026-06-27T21:06:46Z,2026-06-27T23:06:46+0200,44400f30-2862-403b-aedb-c9bc80837e62,2026-06-02T05:45:00Z,2026-06-02T07:45:00+0200,7355.49774,MW,DE,DE_LU,actual_onshore_wind_generation,Wind Onshore,2026-06-27T21:08:22Z
2026-06-27T21:06:46Z,2026-06-27T23:06:46+0200,44400f30-2862-403b-aedb-c9bc80837e62,2026-06-02T06:00:00Z,2026-06-02T08:00:00+0200,6590.69173,MW,DE,DE_LU,actual_onshore_wind_generation,Wind Onshore,2026-06-27T21:08:22Z
2026-06-27T21:06:46Z,2026-06-27T23:06:46+0200,44400f30-2862-403b-aedb-c9bc80837e62,2026-06-02T06:15:00Z,2026-06-02T08:15:00+0200,5842.01701,MW,DE,DE_LU,actual_onshore_wind_generation,Wind Onshore,2026-06-27T21:08:22Z
2026-06-27T21:06:46Z,2026-06-27T23:06:46+0200,44400f30-2862-403b-aedb-c9bc80837e62,2026-06-02T06:30:00Z,2026-06-02T08:30:00+0200,5219.91752,MW,DE,DE_LU,actual_onshore_wind_generation,Wind Onshore,2026-06-27T21:08:22Z
2026-06-27T21:06:46Z,2026-06-27T23:06:46+0200,44400f30-2862-403b-aedb-c9bc80837e62,2026-06-02T06:45:00Z,2026-06-02T08:45:00+0200,4817.90286,MW,DE,DE_LU,actual_onshore_wind_generation,Wind Onshore,2026-06-27T21:08:22Z
2026-06-27T21:06:46Z,2026-06-27T23:06:46+0200,44400f30-2862-403b-aedb-c9bc80837e62,2026-06-02T07:00:00Z,2026-06-02T09:00:00+0200,4615.49456,MW,DE,DE_LU,actual_onshore_wind_generation,Wind Onshore,2026-06-27T21:08:22Z
2026-06-27T21:06:46Z,2026-06-27T23:06:46+0200,44400f30-2862-403b-aedb-c9bc80837e62,2026-06-02T07:15:00Z,2026-06-02T09:15:00+0200,4486.18153,MW,DE,DE_LU,actual_onshore_wind_generation,Wind Onshore,2026-06-27T21:08:22Z
2026-06-27T21:06:46Z,2026-06-27T23:06:46+0200,44400f30-2862-403b-aedb-c9bc80837e62,2026-06-02T07:30:00Z,2026-06-02T09:30:00+0200,4614.22653,MW,DE,DE_LU,actual_onshore_wind_generation,Wind Onshore,2026-06-27T21:08:22Z
2026-06-27T21:06:46Z,2026-06-27T23:06:46+0200,44400f30-2862-403b-aedb-c9bc80837e62,2026-06-02T07:45:00Z,2026-06-02T09:45:00+0200,4792.18849,MW,DE,DE_LU,actual_onshore_wind_generation,Wind Onshore,2026-06-27T21:08:22Z
2026-06-27T21:06:46Z,2026-06-27T23:06:46+0200,44400f30-2862-403b-aedb-c9bc80837e62,2026-06-02T08:00:00Z,2026-06-02T10:00:00+0200,4963.1337,MW,DE,DE_LU,actual_onshore_wind_generation,Wind Onshore,2026-06-27T21:08:22Z
2026-06-27T21:06:46Z,2026-06-27T23:06:46+0200,44400f30-2862-403b-aedb-c9bc80837e62,2026-06-02T08:15:00Z,2026-06-02T10:15:00+0200,5205.75848,MW,DE,DE_LU,actual_onshore_wind_generation,Wind Onshore,2026-06-27T21:08:22Z
2026-06-27T21:06:46Z,2026-06-27T23:06:46+0200,44400f30-2862-403b-aedb-c9bc80837e62,2026-06-02T08:30:00Z,2026-06-02T10:30:00+0200,5534.55208,MW,DE,DE_LU,actual_onshore_wind_generation,Wind Onshore,2026-06-27T21:08:22Z
2026-06-27T21:06:46Z,2026-06-27T23:06:46+0200,44400f30-2862-403b-aedb-c9bc80837e62,2026-06-02T08:45:00Z,2026-06-02T10:45:00+0200,5987.43388,MW,DE,DE_LU,actual_onshore_wind_generation,Wind Onshore,2026-06-27T21:08:22Z
2026-06-27T21:06:46Z,2026-06-27T23:06:46+0200,44400f30-2862-403b-aedb-c9bc80837e62,2026-06-02T09:00:00Z,2026-06-02T11:00:00+0200,6580.96001,MW,DE,DE_LU,actual_onshore_wind_generation,Wind Onshore,2026-06-27T21:08:22Z
2026-06-27T21:06:46Z,2026-06-27T23:06:46+0200,44400f30-2862-403b-aedb-c9bc80837e62,2026-06-02T09:15:00Z,2026-06-02T11:15:00+0200,7158.51276,MW,DE,DE_LU,actual_onshore_wind_generation,Wind Onshore,2026-06-27T21:08:22Z
2026-06-27T21:06:46Z,2026-06-27T23:06:46+0200,44400f30-2862-403b-aedb-c9bc80837e62,2026-06-02T09:30:00Z,2026-06-02T11:30:00+0200,7559.30382,MW,DE,DE_LU,actual_onshore_wind_generation,Wind Onshore,2026-06-27T21:08:22Z
2026-06-27T21:06:46Z,2026-06-27T23:06:46+0200,44400f30-2862-403b-aedb-c9bc80837e62,2026-06-02T09:45:00Z,2026-06-02T11:45:00+0200,7993.37297,MW,DE,DE_LU,actual_onshore_wind_generation,Wind Onshore,2026-06-27T21:08:22Z
2026-06-27T21:06:46Z,2026-06-27T23:06:46+0200,44400f30-2862-403b-aedb-c9bc80837e62,2026-06-02T10:00:00Z,2026-06-02T12:00:00+0200,8204.65791,MW,DE,DE_LU,actual_onshore_wind_generation,Wind Onshore,2026-06-27T21:08:22Z
2026-06-27T21:06:46Z,2026-06-27T23:06:46+0200,44400f30-2862-403b-aedb-c9bc80837e62,2026-06-02T10:15:00Z,2026-06-02T12:15:00+0200,8712.26327,MW,DE,DE_LU,actual_onshore_wind_generation,Wind Onshore,2026-06-27T21:08:22Z
2026-06-27T21:06:46Z,2026-06-27T23:06:46+0200,44400f30-2862-403b-aedb-c9bc80837e62,2026-06-02T10:30:00Z,2026-06-02T12:30:00+0200,8204.12831,MW,DE,DE_LU,actual_onshore_wind_generation,Wind Onshore,2026-06-27T21:08:22Z
2026-06-27T21:06:46Z,2026-06-27T23:06:46+0200,44400f30-2862-403b-aedb-c9bc80837e62,2026-06-02T10:45:00Z,2026-06-02T12:45:00+0200,8252.61646,MW,DE,DE_LU,actual_onshore_wind_generation,Wind Onshore,2026-06-27T21:08:22Z
2026-06-27T21:06:46Z,2026-06-27T23:06:46+0200,44400f30-2862-403b-aedb-c9bc80837e62,2026-06-02T11:00:00Z,2026-06-02T13:00:00+0200,8175.45105,MW,DE,DE_LU,actual_onshore_wind_generation,Wind Onshore,2026-06-27T21:08:22Z
2026-06-27T21:06:46Z,2026-06-27T23:06:46+0200,44400f30-2862-403b-aedb-c9bc80837e62,2026-06-02T11:15:00Z,2026-06-02T13:15:00+0200,8609.3296,MW,DE,DE_LU,actual_onshore_wind_generation,Wind Onshore,2026-06-27T21:08:22Z
2026-06-27T21:06:46Z,2026-06-27T23:06:46+0200,44400f30-2862-403b-aedb-c9bc80837e62,2026-06-02T11:30:00Z,2026-06-02T13:30:00+0200,8880.18765,MW,DE,DE_LU,actual_onshore_wind_generation,Wind Onshore,2026-06-27T21:08:22Z
2026-06-27T21:06:46Z,2026-06-27T23:06:46+0200,44400f30-2862-403b-aedb-c9bc80837e62,2026-06-02T11:45:00Z,2026-06-02T13:45:00+0200,8787.7313,MW,DE,DE_LU,actual_onshore_wind_generation,Wind Onshore,2026-06-27T21:08:22Z
2026-06-27T21:06:46Z,2026-06-27T23:06:46+0200,44400f30-2862-403b-aedb-c9bc80837e62,2026-06-02T12:00:00Z,2026-06-02T14:00:00+0200,8411.3457,MW,DE,DE_LU,actual_onshore_wind_generation,Wind Onshore,2026-06-27T21:08:22Z
2026-06-27T21:06:46Z,2026-06-27T23:06:46+0200,44400f30-2862-403b-aedb-c9bc80837e62,2026-06-02T12:15:00Z,2026-06-02T14:15:00+0200,8604.82075,MW,DE,DE_LU,actual_onshore_wind_generation,Wind Onshore,2026-06-27T21:08:22Z
2026-06-27T21:06:46Z,2026-06-27T23:06:46+0200,44400f30-2862-403b-aedb-c9bc80837e62,2026-06-02T12:30:00Z,2026-06-02T14:30:00+0200,8814.03571,MW,DE,DE_LU,actual_onshore_wind_generation,Wind Onshore,2026-06-27T21:08:22Z
2026-06-27T21:06:46Z,2026-06-27T23:06:46+0200,44400f30-2862-403b-aedb-c9bc80837e62,2026-06-02T12:45:00Z,2026-06-02T14:45:00+0200,9364.55807,MW,DE,DE_LU,actual_onshore_wind_generation,Wind Onshore,2026-06-27T21:08:22Z
2026-06-27T21:06:46Z,2026-06-27T23:06:46+0200,44400f30-2862-403b-aedb-c9bc80837e62,2026-06-02T13:00:00Z,2026-06-02T15:00:00+0200,9497.71136,MW,DE,DE_LU,actual_onshore_wind_generation,Wind Onshore,2026-06-27T21:08:22Z
2026-06-27T21:06:46Z,2026-06-27T23:06:46+0200,44400f30-2862-403b-aedb-c9bc80837e62,2026-06-02T13:15:00Z,2026-06-02T15:15:00+0200,9693.79932,MW,DE,DE_LU,actual_onshore_wind_generation,Wind Onshore,2026-06-27T21:08:22Z
2026-06-27T21:06:46Z,2026-06-27T23:06:46+0200,44400f30-2862-403b-aedb-c9bc80837e62,2026-06-02T13:30:00Z,2026-06-02T15:30:00+0200,9565.19159,MW,DE,DE_LU,actual_onshore_wind_generation,Wind Onshore,2026-06-27T21:08:22Z
2026-06-27T21:06:46Z,2026-06-27T23:06:46+0200,44400f30-2862-403b-aedb-c9bc80837e62,2026-06-02T13:45:00Z,2026-06-02T15:45:00+0200,9481.0644,MW,DE,DE_LU,actual_onshore_wind_generation,Wind Onshore,2026-06-27T21:08:22Z
2026-06-27T21:06:46Z,2026-06-27T23:06:46+0200,44400f30-2862-403b-aedb-c9bc80837e62,2026-06-02T14:00:00Z,2026-06-02T16:00:00+0200,9654.60039,MW,DE,DE_LU,actual_onshore_wind_generation,Wind Onshore,2026-06-27T21:08:22Z
2026-06-27T21:06:46Z,2026-06-27T23:06:46+0200,44400f30-2862-403b-aedb-c9bc80837e62,2026-06-02T14:15:00Z,2026-06-02T16:15:00+0200,9706.57945,MW,DE,DE_LU,actual_onshore_wind_generation,Wind Onshore,2026-06-27T21:08:22Z
2026-06-27T21:06:46Z,2026-06-27T23:06:46+0200,44400f30-2862-403b-aedb-c9bc80837e62,2026-06-02T14:30:00Z,2026-06-02T16:30:00+0200,9498.50929,MW,DE,DE_LU,actual_onshore_wind_generation,Wind Onshore,2026-06-27T21:08:22Z
2026-06-27T21:06:46Z,2026-06-27T23:06:46+0200,44400f30-2862-403b-aedb-c9bc80837e62,2026-06-02T14:45:00Z,2026-06-02T16:45:00+0200,9603.5409,MW,DE,DE_LU,actual_onshore_wind_generation,Wind Onshore,2026-06-27T21:08:22Z
2026-06-27T21:06:46Z,2026-06-27T23:06:46+0200,44400f30-2862-403b-aedb-c9bc80837e62,2026-06-02T15:00:00Z,2026-06-02T17:00:00+0200,9938.37512,MW,DE,DE_LU,actual_onshore_wind_generation,Wind Onshore,2026-06-27T21:08:22Z
2026-06-27T21:06:46Z,2026-06-27T23:06:46+0200,44400f30-2862-403b-aedb-c9bc80837e62,2026-06-02T15:15:00Z,2026-06-02T17:15:00+0200,10060.23759,MW,DE,DE_LU,actual_onshore_wind_generation,Wind Onshore,2026-06-27T21:08:22Z
2026-06-27T21:06:46Z,2026-06-27T23:06:46+0200,44400f30-2862-403b-aedb-c9bc80837e62,2026-06-02T15:30:00Z,2026-06-02T17:30:00+0200,10370.66569,MW,DE,DE_LU,actual_onshore_wind_generation,Wind Onshore,2026-06-27T21:08:22Z
2026-06-27T21:06:46Z,2026-06-27T23:06:46+0200,44400f30-2862-403b-aedb-c9bc80837e62,2026-06-02T15:45:00Z,2026-06-02T17:45:00+0200,10848.70046,MW,DE,DE_LU,actual_onshore_wind_generation,Wind Onshore,2026-06-27T21:08:22Z
2026-06-27T21:06:46Z,2026-06-27T23:06:46+0200,44400f30-2862-403b-aedb-c9bc80837e62,2026-06-02T16:00:00Z,2026-06-02T18:00:00+0200,11330.53298,MW,DE,DE_LU,actual_onshore_wind_generation,Wind Onshore,2026-06-27T21:08:22Z
2026-06-27T21:06:46Z,2026-06-27T23:06:46+0200,44400f30-2862-403b-aedb-c9bc80837e62,2026-06-02T16:15:00Z,2026-06-02T18:15:00+0200,11499.03894,MW,DE,DE_LU,actual_onshore_wind_generation,Wind Onshore,2026-06-27T21:08:22Z
2026-06-27T21:06:46Z,2026-06-27T23:06:46+0200,44400f30-2862-403b-aedb-c9bc80837e62,2026-06-02T16:30:00Z,2026-06-02T18:30:00+0200,11565.95019,MW,DE,DE_LU,actual_onshore_wind_generation,Wind Onshore,2026-06-27T21:08:22Z
2026-06-27T21:06:46Z,2026-06-27T23:06:46+0200,44400f30-2862-403b-aedb-c9bc80837e62,2026-06-02T16:45:00Z,2026-06-02T18:45:00+0200,11634.46356,MW,DE,DE_LU,actual_onshore_wind_generation,Wind Onshore,2026-06-27T21:08:22Z
2026-06-27T21:06:46Z,2026-06-27T23:06:46+0200,44400f30-2862-403b-aedb-c9bc80837e62,2026-06-02T17:00:00Z,2026-06-02T19:00:00+0200,11698.6521,MW,DE,DE_LU,actual_onshore_wind_generation,Wind Onshore,2026-06-27T21:08:22Z
2026-06-27T21:06:46Z,2026-06-27T23:06:46+0200,44400f30-2862-403b-aedb-c9bc80837e62,2026-06-02T17:15:00Z,2026-06-02T19:15:00+0200,12321.96825,MW,DE,DE_LU,actual_onshore_wind_generation,Wind Onshore,2026-06-27T21:08:22Z
2026-06-27T21:06:46Z,2026-06-27T23:06:46+0200,44400f30-2862-403b-aedb-c9bc80837e62,2026-06-02T17:30:00Z,2026-06-02T19:30:00+0200,12887.16488,MW,DE,DE_LU,actual_onshore_wind_generation,Wind Onshore,2026-06-27T21:08:22Z
2026-06-27T21:06:46Z,2026-06-27T23:06:46+0200,44400f30-2862-403b-aedb-c9bc80837e62,2026-06-02T17:45:00Z,2026-06-02T19:45:00+0200,13402.97528,MW,DE,DE_LU,actual_onshore_wind_generation,Wind Onshore,2026-06-27T21:08:22Z
2026-06-27T21:06:46Z,2026-06-27T23:06:46+0200,44400f30-2862-403b-aedb-c9bc80837e62,2026-06-02T18:00:00Z,2026-06-02T20:00:00+0200,12806.01067,MW,DE,DE_LU,actual_onshore_wind_generation,Wind Onshore,2026-06-27T21:08:22Z
2026-06-27T21:06:46Z,2026-06-27T23:06:46+0200,44400f30-2862-403b-aedb-c9bc80837e62,2026-06-02T18:15:00Z,2026-06-02T20:15:00+0200,12857.4165,MW,DE,DE_LU,actual_onshore_wind_generation,Wind Onshore,2026-06-27T21:08:22Z
2026-06-27T21:06:46Z,2026-06-27T23:06:46+0200,44400f30-2862-403b-aedb-c9bc80837e62,2026-06-02T18:30:00Z,2026-06-02T20:30:00+0200,13044.99117,MW,DE,DE_LU,actual_onshore_wind_generation,Wind Onshore,2026-06-27T21:08:22Z
2026-06-27T21:06:46Z,2026-06-27T23:06:46+0200,44400f30-2862-403b-aedb-c9bc80837e62,2026-06-02T18:45:00Z,2026-06-02T20:45:00+0200,13530.56399,MW,DE,DE_LU,actual_onshore_wind_generation,Wind Onshore,2026-06-27T21:08:22Z
2026-06-27T21:06:46Z,2026-06-27T23:06:46+0200,44400f30-2862-403b-aedb-c9bc80837e62,2026-06-02T19:00:00Z,2026-06-02T21:00:00+0200,13613.76204,MW,DE,DE_LU,actual_onshore_wind_generation,Wind Onshore,2026-06-27T21:08:22Z
2026-06-27T21:06:46Z,2026-06-27T23:06:46+0200,44400f30-2862-403b-aedb-c9bc80837e62,2026-06-02T19:15:00Z,2026-06-02T21:15:00+0200,13611.62305,MW,DE,DE_LU,actual_onshore_wind_generation,Wind Onshore,2026-06-27T21:08:22Z
2026-06-27T21:06:46Z,2026-06-27T23:06:46+0200,44400f30-2862-403b-aedb-c9bc80837e62,2026-06-02T19:30:00Z,2026-06-02T21:30:00+0200,14299.68183,MW,DE,DE_LU,actual_onshore_wind_generation,Wind Onshore,2026-06-27T21:08:22Z
2026-06-27T21:06:46Z,2026-06-27T23:06:46+0200,44400f30-2862-403b-aedb-c9bc80837e62,2026-06-02T19:45:00Z,2026-06-02T21:45:00+0200,14607.20079,MW,DE,DE_LU,actual_onshore_wind_generation,Wind Onshore,2026-06-27T21:08:22Z
2026-06-27T21:06:46Z,2026-06-27T23:06:46+0200,44400f30-2862-403b-aedb-c9bc80837e62,2026-06-02T20:00:00Z,2026-06-02T22:00:00+0200,14772.49502,MW,DE,DE_LU,actual_onshore_wind_generation,Wind Onshore,2026-06-27T21:08:22Z
2026-06-27T21:06:46Z,2026-06-27T23:06:46+0200,44400f30-2862-403b-aedb-c9bc80837e62,2026-06-02T20:15:00Z,2026-06-02T22:15:00+0200,15489.06169,MW,DE,DE_LU,actual_onshore_wind_generation,Wind Onshore,2026-06-27T21:08:22Z
2026-06-27T21:06:46Z,2026-06-27T23:06:46+0200,44400f30-2862-403b-aedb-c9bc80837e62,2026-06-02T20:30:00Z,2026-06-02T22:30:00+0200,15872.02991,MW,DE,DE_LU,actual_onshore_wind_generation,Wind Onshore,2026-06-27T21:08:22Z
2026-06-27T21:06:46Z,2026-06-27T23:06:46+0200,44400f30-2862-403b-aedb-c9bc80837e62,2026-06-02T20:45:00Z,2026-06-02T22:45:00+0200,16154.0157,MW,DE,DE_LU,actual_onshore_wind_generation,Wind Onshore,2026-06-27T21:08:22Z
2026-06-27T21:06:46Z,2026-06-27T23:06:46+0200,44400f30-2862-403b-aedb-c9bc80837e62,2026-06-02T21:00:00Z,2026-06-02T23:00:00+0200,16319.36349,MW,DE,DE_LU,actual_onshore_wind_generation,Wind Onshore,2026-06-27T21:08:22Z
2026-06-27T21:06:46Z,2026-06-27T23:06:46+0200,44400f30-2862-403b-aedb-c9bc80837e62,2026-06-02T21:15:00Z,2026-06-02T23:15:00+0200,16330.45806,MW,DE,DE_LU,actual_onshore_wind_generation,Wind Onshore,2026-06-27T21:08:22Z
2026-06-27T21:06:46Z,2026-06-27T23:06:46+0200,44400f30-2862-403b-aedb-c9bc80837e62,2026-06-02T21:30:00Z,2026-06-02T23:30:00+0200,16626.42017,MW,DE,DE_LU,actual_onshore_wind_generation,Wind Onshore,2026-06-27T21:08:22Z
2026-06-27T21:06:46Z,2026-06-27T23:06:46+0200,44400f30-2862-403b-aedb-c9bc80837e62,2026-06-02T21:45:00Z,2026-06-02T23:45:00+0200,16798.0494,MW,DE,DE_LU,actual_onshore_wind_generation,Wind Onshore,2026-06-27T21:08:22Z
2026-06-27T21:06:46Z,2026-06-27T23:06:46+0200,44400f30-2862-403b-aedb-c9bc80837e62,2026-06-02T22:00:00Z,2026-06-03T00:00:00+0200,16587.36162,MW,DE,DE_LU,actual_onshore_wind_generation,Wind Onshore,2026-06-27T21:08:22Z
2026-06-27T21:06:46Z,2026-06-27T23:06:46+0200,44400f30-2862-403b-aedb-c9bc80837e62,2026-06-02T22:15:00Z,2026-06-03T00:15:00+0200,16444.6686,MW,DE,DE_LU,actual_onshore_wind_generation,Wind Onshore,2026-06-27T21:08:22Z
2026-06-27T21:06:46Z,2026-06-27T23:06:46+0200,44400f30-2862-403b-aedb-c9bc80837e62,2026-06-02T22:30:00Z,2026-06-03T00:30:00+0200,16489.74777,MW,DE,DE_LU,actual_onshore_wind_generation,Wind Onshore,2026-06-27T21:08:22Z
2026-06-27T21:06:46Z,2026-06-27T23:06:46+0200,44400f30-2862-403b-aedb-c9bc80837e62,2026-06-02T22:45:00Z,2026-06-03T00:45:00+0200,16338.65062,MW,DE,DE_LU,actual_onshore_wind_generation,Wind Onshore,2026-06-27T21:08:22Z
2026-06-27T21:06:46Z,2026-06-27T23:06:46+0200,44400f30-2862-403b-aedb-c9bc80837e62,2026-06-02T23:00:00Z,2026-06-03T01:00:00+0200,16168.49452,MW,DE,DE_LU,actual_onshore_wind_generation,Wind Onshore,2026-06-27T21:08:22Z
2026-06-27T21:06:46Z,2026-06-27T23:06:46+0200,44400f30-2862-403b-aedb-c9bc80837e62,2026-06-02T23:15:00Z,2026-06-03T01:15:00+0200,15502.12531,MW,DE,DE_LU,actual_onshore_wind_generation,Wind Onshore,2026-06-27T21:08:22Z
2026-06-27T21:06:46Z,2026-06-27T23:06:46+0200,44400f30-2862-403b-aedb-c9bc80837e62,2026-06-02T23:30:00Z,2026-06-03T01:30:00+0200,14842.72575,MW,DE,DE_LU,actual_onshore_wind_generation,Wind Onshore,2026-06-27T21:08:22Z
2026-06-27T21:06:46Z,2026-06-27T23:06:46+0200,44400f30-2862-403b-aedb-c9bc80837e62,2026-06-02T23:45:00Z,2026-06-03T01:45:00+0200,14550.26186,MW,DE,DE_LU,actual_onshore_wind_generation,Wind Onshore,2026-06-27T21:08:22Z
2026-06-27T21:06:46Z,2026-06-27T23:06:46+0200,44400f30-2862-403b-aedb-c9bc80837e62,2026-06-03T00:00:00Z,2026-06-03T02:00:00+0200,14540.22881,MW,DE,DE_LU,actual_onshore_wind_generation,Wind Onshore,2026-06-27T21:08:22Z
2026-06-27T21:06:46Z,2026-06-27T23:06:46+0200,44400f30-2862-403b-aedb-c9bc80837e62,2026-06-03T00:15:00Z,2026-06-03T02:15:00+0200,14490.82893,MW,DE,DE_LU,actual_onshore_wind_generation,Wind Onshore,2026-06-27T21:08:22Z
2026-06-27T21:06:46Z,2026-06-27T23:06:46+0200,44400f30-2862-403b-aedb-c9bc80837e62,2026-06-03T00:30:00Z,2026-06-03T02:30:00+0200,14483.81701,MW,DE,DE_LU,actual_onshore_wind_generation,Wind Onshore,2026-06-27T21:08:22Z
2026-06-27T21:06:46Z,2026-06-27T23:06:46+0200,44400f30-2862-403b-aedb-c9bc80837e62,2026-06-03T00:45:00Z,2026-06-03T02:45:00+0200,14516.625,MW,DE,DE_LU,actual_onshore_wind_generation,Wind Onshore,2026-06-27T21:08:22Z
2026-06-27T21:06:46Z,2026-06-27T23:06:46+0200,44400f30-2862-403b-aedb-c9bc80837e62,2026-06-03T01:00:00Z,2026-06-03T03:00:00+0200,14639.81558,MW,DE,DE_LU,actual_onshore_wind_generation,Wind Onshore,2026-06-27T21:08:22Z
2026-06-27T21:06:46Z,2026-06-27T23:06:46+0200,44400f30-2862-403b-aedb-c9bc80837e62,2026-06-03T01:15:00Z,2026-06-03T03:15:00+0200,14599.07883,MW,DE,DE_LU,actual_onshore_wind_generation,Wind Onshore,2026-06-27T21:08:22Z
2026-06-27T21:06:46Z,2026-06-27T23:06:46+0200,44400f30-2862-403b-aedb-c9bc80837e62,2026-06-03T01:30:00Z,2026-06-03T03:30:00+0200,14449.27017,MW,DE,DE_LU,actual_onshore_wind_generation,Wind Onshore,2026-06-27T21:08:22Z
2026-06-27T21:06:46Z,2026-06-27T23:06:46+0200,44400f30-2862-403b-aedb-c9bc80837e62,2026-06-03T01:45:00Z,2026-06-03T03:45:00+0200,14252.2406,MW,DE,DE_LU,actual_onshore_wind_generation,Wind Onshore,2026-06-27T21:08:22Z
2026-06-27T21:06:46Z,2026-06-27T23:06:46+0200,44400f30-2862-403b-aedb-c9bc80837e62,2026-06-03T02:00:00Z,2026-06-03T04:00:00+0200,14219.1483,MW,DE,DE_LU,actual_onshore_wind_generation,Wind Onshore,2026-06-27T21:08:22Z
2026-06-27T21:06:46Z,2026-06-27T23:06:46+0200,44400f30-2862-403b-aedb-c9bc80837e62,2026-06-03T02:15:00Z,2026-06-03T04:15:00+0200,14381.96777,MW,DE,DE_LU,actual_onshore_wind_generation,Wind Onshore,2026-06-27T21:08:22Z
2026-06-27T21:06:46Z,2026-06-27T23:06:46+0200,44400f30-2862-403b-aedb-c9bc80837e62,2026-06-03T02:30:00Z,2026-06-03T04:30:00+0200,14385.81081,MW,DE,DE_LU,actual_onshore_wind_generation,Wind Onshore,2026-06-27T21:08:22Z
2026-06-27T21:06:46Z,2026-06-27T23:06:46+0200,44400f30-2862-403b-aedb-c9bc80837e62,2026-06-03T02:45:00Z,2026-06-03T04:45:00+0200,14202.72441,MW,DE,DE_LU,actual_onshore_wind_generation,Wind Onshore,2026-06-27T21:08:22Z
2026-06-27T21:06:46Z,2026-06-27T23:06:46+0200,44400f30-2862-403b-aedb-c9bc80837e62,2026-06-03T03:00:00Z,2026-06-03T05:00:00+0200,14139.98014,MW,DE,DE_LU,actual_onshore_wind_generation,Wind Onshore,2026-06-27T21:08:22Z
2026-06-27T21:06:46Z,2026-06-27T23:06:46+0200,44400f30-2862-403b-aedb-c9bc80837e62,2026-06-03T03:15:00Z,2026-06-03T05:15:00+0200,14246.99357,MW,DE,DE_LU,actual_onshore_wind_generation,Wind Onshore,2026-06-27T21:08:22Z
2026-06-27T21:06:46Z,2026-06-27T23:06:46+0200,44400f30-2862-403b-aedb-c9bc80837e62,2026-06-03T03:30:00Z,2026-06-03T05:30:00+0200,14493.69334,MW,DE,DE_LU,actual_onshore_wind_generation,Wind Onshore,2026-06-27T21:08:22Z
2026-06-27T21:06:46Z,2026-06-27T23:06:46+0200,44400f30-2862-403b-aedb-c9bc80837e62,2026-06-03T03:45:00Z,2026-06-03T05:45:00+0200,14539.84118,MW,DE,DE_LU,actual_onshore_wind_generation,Wind Onshore,2026-06-27T21:08:22Z
2026-06-27T21:06:46Z,2026-06-27T23:06:46+0200,44400f30-2862-403b-aedb-c9bc80837e62,2026-06-03T04:00:00Z,2026-06-03T06:00:00+0200,14505.6956,MW,DE,DE_LU,actual_onshore_wind_generation,Wind Onshore,2026-06-27T21:08:22Z
2026-06-27T21:06:46Z,2026-06-27T23:06:46+0200,44400f30-2862-403b-aedb-c9bc80837e62,2026-06-03T04:15:00Z,2026-06-03T06:15:00+0200,14120.30448,MW,DE,DE_LU,actual_onshore_wind_generation,Wind Onshore,2026-06-27T21:08:22Z
2026-06-27T21:06:46Z,2026-06-27T23:06:46+0200,44400f30-2862-403b-aedb-c9bc80837e62,2026-06-03T04:30:00Z,2026-06-03T06:30:00+0200,13725.03322,MW,DE,DE_LU,actual_onshore_wind_generation,Wind Onshore,2026-06-27T21:08:22Z
2026-06-27T21:06:46Z,2026-06-27T23:06:46+0200,44400f30-2862-403b-aedb-c9bc80837e62,2026-06-03T04:45:00Z,2026-06-03T06:45:00+0200,13071.49819,MW,DE,DE_LU,actual_onshore_wind_generation,Wind Onshore,2026-06-27T21:08:22Z
2026-06-27T21:06:46Z,2026-06-27T23:06:46+0200,44400f30-2862-403b-aedb-c9bc80837e62,2026-06-03T05:00:00Z,2026-06-03T07:00:00+0200,12919.75178,MW,DE,DE_LU,actual_onshore_wind_generation,Wind Onshore,2026-06-27T21:08:22Z
2026-06-27T21:06:46Z,2026-06-27T23:06:46+0200,44400f30-2862-403b-aedb-c9bc80837e62,2026-06-03T05:15:00Z,2026-06-03T07:15:00+0200,12833.15001,MW,DE,DE_LU,actual_onshore_wind_generation,Wind Onshore,2026-06-27T21:08:22Z
2026-06-27T21:06:46Z,2026-06-27T23:06:46+0200,44400f30-2862-403b-aedb-c9bc80837e62,2026-06-03T05:30:00Z,2026-06-03T07:30:00+0200,12762.73541,MW,DE,DE_LU,actual_onshore_wind_generation,Wind Onshore,2026-06-27T21:08:22Z
2026-06-27T21:06:46Z,2026-06-27T23:06:46+0200,44400f30-2862-403b-aedb-c9bc80837e62,2026-06-03T05:45:00Z,2026-06-03T07:45:00+0200,12696.88365,MW,DE,DE_LU,actual_onshore_wind_generation,Wind Onshore,2026-06-27T21:08:22Z
2026-06-27T21:06:46Z,2026-06-27T23:06:46+0200,44400f30-2862-403b-aedb-c9bc80837e62,2026-06-03T06:00:00Z,2026-06-03T08:00:00+0200,12718.80658,MW,DE,DE_LU,actual_onshore_wind_generation,Wind Onshore,2026-06-27T21:08:22Z
2026-06-27T21:06:46Z,2026-06-27T23:06:46+0200,44400f30-2862-403b-aedb-c9bc80837e62,2026-06-03T06:15:00Z,2026-06-03T08:15:00+0200,13109.69808,MW,DE,DE_LU,actual_onshore_wind_generation,Wind Onshore,2026-06-27T21:08:22Z
2026-06-27T21:06:46Z,2026-06-27T23:06:46+0200,44400f30-2862-403b-aedb-c9bc80837e62,2026-06-03T06:30:00Z,2026-06-03T08:30:00+0200,13415.2233,MW,DE,DE_LU,actual_onshore_wind_generation,Wind Onshore,2026-06-27T21:08:22Z
2026-06-27T21:06:46Z,2026-06-27T23:06:46+0200,44400f30-2862-403b-aedb-c9bc80837e62,2026-06-03T06:45:00Z,2026-06-03T08:45:00+0200,13632.3657,MW,DE,DE_LU,actual_onshore_wind_generation,Wind Onshore,2026-06-27T21:08:22Z
2026-06-27T21:06:46Z,2026-06-27T23:06:46+0200,44400f30-2862-403b-aedb-c9bc80837e62,2026-06-03T07:00:00Z,2026-06-03T09:00:00+0200,14029.26336,MW,DE,DE_LU,actual_onshore_wind_generation,Wind Onshore,2026-06-27T21:08:22Z
2026-06-27T21:06:46Z,2026-06-27T23:06:46+0200,44400f30-2862-403b-aedb-c9bc80837e62,2026-06-03T07:15:00Z,2026-06-03T09:15:00+0200,14453.81929,MW,DE,DE_LU,actual_onshore_wind_generation,Wind Onshore,2026-06-27T21:08:22Z
2026-06-27T21:06:46Z,2026-06-27T23:06:46+0200,44400f30-2862-403b-aedb-c9bc80837e62,2026-06-03T07:30:00Z,2026-06-03T09:30:00+0200,14747.83148,MW,DE,DE_LU,actual_onshore_wind_generation,Wind Onshore,2026-06-27T21:08:22Z
2026-06-27T21:06:46Z,2026-06-27T23:06:46+0200,44400f30-2862-403b-aedb-c9bc80837e62,2026-06-03T07:45:00Z,2026-06-03T09:45:00+0200,14907.80495,MW,DE,DE_LU,actual_onshore_wind_generation,Wind Onshore,2026-06-27T21:08:22Z
2026-06-27T21:06:46Z,2026-06-27T23:06:46+0200,44400f30-2862-403b-aedb-c9bc80837e62,2026-06-03T08:00:00Z,2026-06-03T10:00:00+0200,15022.02643,MW,DE,DE_LU,actual_onshore_wind_generation,Wind Onshore,2026-06-27T21:08:22Z
2026-06-27T21:06:46Z,2026-06-27T23:06:46+0200,44400f30-2862-403b-aedb-c9bc80837e62,2026-06-03T08:15:00Z,2026-06-03T10:15:00+0200,15175.98575,MW,DE,DE_LU,actual_onshore_wind_generation,Wind Onshore,2026-06-27T21:08:22Z
2026-06-27T21:06:46Z,2026-06-27T23:06:46+0200,44400f30-2862-403b-aedb-c9bc80837e62,2026-06-03T08:30:00Z,2026-06-03T10:30:00+0200,15417.10922,MW,DE,DE_LU,actual_onshore_wind_generation,Wind Onshore,2026-06-27T21:08:22Z
2026-06-27T21:06:46Z,2026-06-27T23:06:46+0200,44400f30-2862-403b-aedb-c9bc80837e62,2026-06-03T08:45:00Z,2026-06-03T10:45:00+0200,15591.31581,MW,DE,DE_LU,actual_onshore_wind_generation,Wind Onshore,2026-06-27T21:08:22Z
2026-06-27T21:06:46Z,2026-06-27T23:06:46+0200,44400f30-2862-403b-aedb-c9bc80837e62,2026-06-03T09:00:00Z,2026-06-03T11:00:00+0200,15636.01272,MW,DE,DE_LU,actual_onshore_wind_generation,Wind Onshore,2026-06-27T21:08:22Z
2026-06-27T21:06:46Z,2026-06-27T23:06:46+0200,44400f30-2862-403b-aedb-c9bc80837e62,2026-06-03T09:15:00Z,2026-06-03T11:15:00+0200,15743.92666,MW,DE,DE_LU,actual_onshore_wind_generation,Wind Onshore,2026-06-27T21:08:22Z
2026-06-27T21:06:46Z,2026-06-27T23:06:46+0200,44400f30-2862-403b-aedb-c9bc80837e62,2026-06-03T09:30:00Z,2026-06-03T11:30:00+0200,15683.2383,MW,DE,DE_LU,actual_onshore_wind_generation,Wind Onshore,2026-06-27T21:08:22Z
2026-06-27T21:06:46Z,2026-06-27T23:06:46+0200,44400f30-2862-403b-aedb-c9bc80837e62,2026-06-03T09:45:00Z,2026-06-03T11:45:00+0200,15982.80734,MW,DE,DE_LU,actual_onshore_wind_generation,Wind Onshore,2026-06-27T21:08:22Z
2026-06-27T21:06:46Z,2026-06-27T23:06:46+0200,44400f30-2862-403b-aedb-c9bc80837e62,2026-06-03T10:00:00Z,2026-06-03T12:00:00+0200,15850.86241,MW,DE,DE_LU,actual_onshore_wind_generation,Wind Onshore,2026-06-27T21:08:22Z
2026-06-27T21:06:46Z,2026-06-27T23:06:46+0200,44400f30-2862-403b-aedb-c9bc80837e62,2026-06-03T10:15:00Z,2026-06-03T12:15:00+0200,15456.92236,MW,DE,DE_LU,actual_onshore_wind_generation,Wind Onshore,2026-06-27T21:08:22Z
2026-06-27T21:06:46Z,2026-06-27T23:06:46+0200,44400f30-2862-403b-aedb-c9bc80837e62,2026-06-03T10:30:00Z,2026-06-03T12:30:00+0200,15275.58515,MW,DE,DE_LU,actual_onshore_wind_generation,Wind Onshore,2026-06-27T21:08:22Z
2026-06-27T21:06:46Z,2026-06-27T23:06:46+0200,44400f30-2862-403b-aedb-c9bc80837e62,2026-06-03T10:45:00Z,2026-06-03T12:45:00+0200,15293.05099,MW,DE,DE_LU,actual_onshore_wind_generation,Wind Onshore,2026-06-27T21:08:22Z
2026-06-27T21:06:46Z,2026-06-27T23:06:46+0200,44400f30-2862-403b-aedb-c9bc80837e62,2026-06-03T11:00:00Z,2026-06-03T13:00:00+0200,15001.9708,MW,DE,DE_LU,actual_onshore_wind_generation,Wind Onshore,2026-06-27T21:08:22Z
2026-06-27T21:06:46Z,2026-06-27T23:06:46+0200,44400f30-2862-403b-aedb-c9bc80837e62,2026-06-03T11:15:00Z,2026-06-03T13:15:00+0200,14850.06131,MW,DE,DE_LU,actual_onshore_wind_generation,Wind Onshore,2026-06-27T21:08:22Z
2026-06-27T21:06:46Z,2026-06-27T23:06:46+0200,44400f30-2862-403b-aedb-c9bc80837e62,2026-06-03T11:30:00Z,2026-06-03T13:30:00+0200,14807.25808,MW,DE,DE_LU,actual_onshore_wind_generation,Wind Onshore,2026-06-27T21:08:22Z
2026-06-27T21:06:46Z,2026-06-27T23:06:46+0200,44400f30-2862-403b-aedb-c9bc80837e62,2026-06-03T11:45:00Z,2026-06-03T13:45:00+0200,14697.91218,MW,DE,DE_LU,actual_onshore_wind_generation,Wind Onshore,2026-06-27T21:08:22Z
2026-06-27T21:06:46Z,2026-06-27T23:06:46+0200,44400f30-2862-403b-aedb-c9bc80837e62,2026-06-03T12:00:00Z,2026-06-03T14:00:00+0200,14643.64086,MW,DE,DE_LU,actual_onshore_wind_generation,Wind Onshore,2026-06-27T21:08:22Z
2026-06-27T21:06:46Z,2026-06-27T23:06:46+0200,44400f30-2862-403b-aedb-c9bc80837e62,2026-06-03T12:15:00Z,2026-06-03T14:15:00+0200,14474.28423,MW,DE,DE_LU,actual_onshore_wind_generation,Wind Onshore,2026-06-27T21:08:22Z
2026-06-27T21:06:46Z,2026-06-27T23:06:46+0200,44400f30-2862-403b-aedb-c9bc80837e62,2026-06-03T12:30:00Z,2026-06-03T14:30:00+0200,14217.51865,MW,DE,DE_LU,actual_onshore_wind_generation,Wind Onshore,2026-06-27T21:08:22Z
2026-06-27T21:06:46Z,2026-06-27T23:06:46+0200,44400f30-2862-403b-aedb-c9bc80837e62,2026-06-03T12:45:00Z,2026-06-03T14:45:00+0200,14106.22088,MW,DE,DE_LU,actual_onshore_wind_generation,Wind Onshore,2026-06-27T21:08:22Z
2026-06-27T21:06:46Z,2026-06-27T23:06:46+0200,44400f30-2862-403b-aedb-c9bc80837e62,2026-06-03T13:00:00Z,2026-06-03T15:00:00+0200,13739.40795,MW,DE,DE_LU,actual_onshore_wind_generation,Wind Onshore,2026-06-27T21:08:22Z
2026-06-27T21:06:46Z,2026-06-27T23:06:46+0200,44400f30-2862-403b-aedb-c9bc80837e62,2026-06-03T13:15:00Z,2026-06-03T15:15:00+0200,13966.11793,MW,DE,DE_LU,actual_onshore_wind_generation,Wind Onshore,2026-06-27T21:08:22Z
2026-06-27T21:06:46Z,2026-06-27T23:06:46+0200,44400f30-2862-403b-aedb-c9bc80837e62,2026-06-03T13:30:00Z,2026-06-03T15:30:00+0200,14214.41227,MW,DE,DE_LU,actual_onshore_wind_generation,Wind Onshore,2026-06-27T21:08:22Z
2026-06-27T21:06:46Z,2026-06-27T23:06:46+0200,44400f30-2862-403b-aedb-c9bc80837e62,2026-06-03T13:45:00Z,2026-06-03T15:45:00+0200,13863.40934,MW,DE,DE_LU,actual_onshore_wind_generation,Wind Onshore,2026-06-27T21:08:22Z
2026-06-27T21:06:46Z,2026-06-27T23:06:46+0200,44400f30-2862-403b-aedb-c9bc80837e62,2026-06-03T14:00:00Z,2026-06-03T16:00:00+0200,13615.80282,MW,DE,DE_LU,actual_onshore_wind_generation,Wind Onshore,2026-06-27T21:08:22Z
2026-06-27T21:06:46Z,2026-06-27T23:06:46+0200,44400f30-2862-403b-aedb-c9bc80837e62,2026-06-03T14:15:00Z,2026-06-03T16:15:00+0200,13489.13866,MW,DE,DE_LU,actual_onshore_wind_generation,Wind Onshore,2026-06-27T21:08:22Z
2026-06-27T21:06:46Z,2026-06-27T23:06:46+0200,44400f30-2862-403b-aedb-c9bc80837e62,2026-06-03T14:30:00Z,2026-06-03T16:30:00+0200,13308.95594,MW,DE,DE_LU,actual_onshore_wind_generation,Wind Onshore,2026-06-27T21:08:22Z
2026-06-27T21:06:46Z,2026-06-27T23:06:46+0200,44400f30-2862-403b-aedb-c9bc80837e62,2026-06-03T14:45:00Z,2026-06-03T16:45:00+0200,13738.72121,MW,DE,DE_LU,actual_onshore_wind_generation,Wind Onshore,2026-06-27T21:08:22Z
2026-06-27T21:06:46Z,2026-06-27T23:06:46+0200,44400f30-2862-403b-aedb-c9bc80837e62,2026-06-03T15:00:00Z,2026-06-03T17:00:00+0200,13597.4142,MW,DE,DE_LU,actual_onshore_wind_generation,Wind Onshore,2026-06-27T21:08:22Z
2026-06-27T21:06:46Z,2026-06-27T23:06:46+0200,44400f30-2862-403b-aedb-c9bc80837e62,2026-06-03T15:15:00Z,2026-06-03T17:15:00+0200,13624.47282,MW,DE,DE_LU,actual_onshore_wind_generation,Wind Onshore,2026-06-27T21:08:22Z
2026-06-27T21:06:46Z,2026-06-27T23:06:46+0200,44400f30-2862-403b-aedb-c9bc80837e62,2026-06-03T15:30:00Z,2026-06-03T17:30:00+0200,13609.47377,MW,DE,DE_LU,actual_onshore_wind_generation,Wind Onshore,2026-06-27T21:08:22Z
2026-06-27T21:06:46Z,2026-06-27T23:06:46+0200,44400f30-2862-403b-aedb-c9bc80837e62,2026-06-03T15:45:00Z,2026-06-03T17:45:00+0200,13532.91539,MW,DE,DE_LU,actual_onshore_wind_generation,Wind Onshore,2026-06-27T21:08:22Z
2026-06-27T21:06:46Z,2026-06-27T23:06:46+0200,44400f30-2862-403b-aedb-c9bc80837e62,2026-06-03T16:00:00Z,2026-06-03T18:00:00+0200,13636.80512,MW,DE,DE_LU,actual_onshore_wind_generation,Wind Onshore,2026-06-27T21:08:22Z
2026-06-27T21:06:46Z,2026-06-27T23:06:46+0200,44400f30-2862-403b-aedb-c9bc80837e62,2026-06-03T16:15:00Z,2026-06-03T18:15:00+0200,13477.39085,MW,DE,DE_LU,actual_onshore_wind_generation,Wind Onshore,2026-06-27T21:08:22Z
2026-06-27T21:06:46Z,2026-06-27T23:06:46+0200,44400f30-2862-403b-aedb-c9bc80837e62,2026-06-03T16:30:00Z,2026-06-03T18:30:00+0200,13436.61257,MW,DE,DE_LU,actual_onshore_wind_generation,Wind Onshore,2026-06-27T21:08:22Z
2026-06-27T21:06:46Z,2026-06-27T23:06:46+0200,44400f30-2862-403b-aedb-c9bc80837e62,2026-06-03T16:45:00Z,2026-06-03T18:45:00+0200,13662.71321,MW,DE,DE_LU,actual_onshore_wind_generation,Wind Onshore,2026-06-27T21:08:22Z
2026-06-27T21:06:46Z,2026-06-27T23:06:46+0200,44400f30-2862-403b-aedb-c9bc80837e62,2026-06-03T17:00:00Z,2026-06-03T19:00:00+0200,13092.19761,MW,DE,DE_LU,actual_onshore_wind_generation,Wind Onshore,2026-06-27T21:08:22Z
2026-06-27T21:06:46Z,2026-06-27T23:06:46+0200,44400f30-2862-403b-aedb-c9bc80837e62,2026-06-03T17:15:00Z,2026-06-03T19:15:00+0200,12596.58017,MW,DE,DE_LU,actual_onshore_wind_generation,Wind Onshore,2026-06-27T21:08:22Z
2026-06-27T21:06:46Z,2026-06-27T23:06:46+0200,44400f30-2862-403b-aedb-c9bc80837e62,2026-06-03T17:30:00Z,2026-06-03T19:30:00+0200,12414.81573,MW,DE,DE_LU,actual_onshore_wind_generation,Wind Onshore,2026-06-27T21:08:22Z
2026-06-27T21:06:46Z,2026-06-27T23:06:46+0200,44400f30-2862-403b-aedb-c9bc80837e62,2026-06-03T17:45:00Z,2026-06-03T19:45:00+0200,12148.1584,MW,DE,DE_LU,actual_onshore_wind_generation,Wind Onshore,2026-06-27T21:08:22Z
2026-06-27T21:06:46Z,2026-06-27T23:06:46+0200,44400f30-2862-403b-aedb-c9bc80837e62,2026-06-03T18:00:00Z,2026-06-03T20:00:00+0200,12357.01606,MW,DE,DE_LU,actual_onshore_wind_generation,Wind Onshore,2026-06-27T21:08:22Z
2026-06-27T21:06:46Z,2026-06-27T23:06:46+0200,44400f30-2862-403b-aedb-c9bc80837e62,2026-06-03T18:15:00Z,2026-06-03T20:15:00+0200,12558.21454,MW,DE,DE_LU,actual_onshore_wind_generation,Wind Onshore,2026-06-27T21:08:22Z
2026-06-27T21:06:46Z,2026-06-27T23:06:46+0200,44400f30-2862-403b-aedb-c9bc80837e62,2026-06-03T18:30:00Z,2026-06-03T20:30:00+0200,13217.6248,MW,DE,DE_LU,actual_onshore_wind_generation,Wind Onshore,2026-06-27T21:08:22Z
2026-06-27T21:06:46Z,2026-06-27T23:06:46+0200,44400f30-2862-403b-aedb-c9bc80837e62,2026-06-03T18:45:00Z,2026-06-03T20:45:00+0200,13987.44245,MW,DE,DE_LU,actual_onshore_wind_generation,Wind Onshore,2026-06-27T21:08:22Z
2026-06-27T21:06:46Z,2026-06-27T23:06:46+0200,44400f30-2862-403b-aedb-c9bc80837e62,2026-06-03T19:00:00Z,2026-06-03T21:00:00+0200,15071.33777,MW,DE,DE_LU,actual_onshore_wind_generation,Wind Onshore,2026-06-27T21:08:22Z
2026-06-27T21:06:46Z,2026-06-27T23:06:46+0200,44400f30-2862-403b-aedb-c9bc80837e62,2026-06-03T19:15:00Z,2026-06-03T21:15:00+0200,16192.17341,MW,DE,DE_LU,actual_onshore_wind_generation,Wind Onshore,2026-06-27T21:08:22Z
2026-06-27T21:06:46Z,2026-06-27T23:06:46+0200,44400f30-2862-403b-aedb-c9bc80837e62,2026-06-03T19:30:00Z,2026-06-03T21:30:00+0200,16869.64178,MW,DE,DE_LU,actual_onshore_wind_generation,Wind Onshore,2026-06-27T21:08:22Z
2026-06-27T21:06:46Z,2026-06-27T23:06:46+0200,44400f30-2862-403b-aedb-c9bc80837e62,2026-06-03T19:45:00Z,2026-06-03T21:45:00+0200,17880.89732,MW,DE,DE_LU,actual_onshore_wind_generation,Wind Onshore,2026-06-27T21:08:22Z
2026-06-27T21:06:46Z,2026-06-27T23:06:46+0200,44400f30-2862-403b-aedb-c9bc80837e62,2026-06-03T20:00:00Z,2026-06-03T22:00:00+0200,18426.75387,MW,DE,DE_LU,actual_onshore_wind_generation,Wind Onshore,2026-06-27T21:08:22Z
2026-06-27T21:06:46Z,2026-06-27T23:06:46+0200,44400f30-2862-403b-aedb-c9bc80837e62,2026-06-03T20:15:00Z,2026-06-03T22:15:00+0200,19376.30455,MW,DE,DE_LU,actual_onshore_wind_generation,Wind Onshore,2026-06-27T21:08:22Z
2026-06-27T21:06:46Z,2026-06-27T23:06:46+0200,44400f30-2862-403b-aedb-c9bc80837e62,2026-06-03T20:30:00Z,2026-06-03T22:30:00+0200,20310.30954,MW,DE,DE_LU,actual_onshore_wind_generation,Wind Onshore,2026-06-27T21:08:22Z
2026-06-27T21:06:46Z,2026-06-27T23:06:46+0200,44400f30-2862-403b-aedb-c9bc80837e62,2026-06-03T20:45:00Z,2026-06-03T22:45:00+0200,21177.16683,MW,DE,DE_LU,actual_onshore_wind_generation,Wind Onshore,2026-06-27T21:08:22Z
2026-06-27T21:06:46Z,2026-06-27T23:06:46+0200,44400f30-2862-403b-aedb-c9bc80837e62,2026-06-03T21:00:00Z,2026-06-03T23:00:00+0200,21944.89206,MW,DE,DE_LU,actual_onshore_wind_generation,Wind Onshore,2026-06-27T21:08:22Z
2026-06-27T21:06:46Z,2026-06-27T23:06:46+0200,44400f30-2862-403b-aedb-c9bc80837e62,2026-06-03T21:15:00Z,2026-06-03T23:15:00+0200,22564.47363,MW,DE,DE_LU,actual_onshore_wind_generation,Wind Onshore,2026-06-27T21:08:22Z
2026-06-27T21:06:46Z,2026-06-27T23:06:46+0200,44400f30-2862-403b-aedb-c9bc80837e62,2026-06-03T21:30:00Z,2026-06-03T23:30:00+0200,23307.95165,MW,DE,DE_LU,actual_onshore_wind_generation,Wind Onshore,2026-06-27T21:08:22Z
2026-06-27T21:06:46Z,2026-06-27T23:06:46+0200,44400f30-2862-403b-aedb-c9bc80837e62,2026-06-03T21:45:00Z,2026-06-03T23:45:00+0200,24438.94871,MW,DE,DE_LU,actual_onshore_wind_generation,Wind Onshore,2026-06-27T21:08:22Z
2026-06-27T21:06:46Z,2026-06-27T23:06:46+0200,44400f30-2862-403b-aedb-c9bc80837e62,2026-06-03T22:00:00Z,2026-06-04T00:00:00+0200,25345.32563,MW,DE,DE_LU,actual_onshore_wind_generation,Wind Onshore,2026-06-27T21:08:22Z
2026-06-27T21:06:46Z,2026-06-27T23:06:46+0200,44400f30-2862-403b-aedb-c9bc80837e62,2026-06-03T22:15:00Z,2026-06-04T00:15:00+0200,25797.33705,MW,DE,DE_LU,actual_onshore_wind_generation,Wind Onshore,2026-06-27T21:08:22Z
2026-06-27T21:06:46Z,2026-06-27T23:06:46+0200,44400f30-2862-403b-aedb-c9bc80837e62,2026-06-03T22:30:00Z,2026-06-04T00:30:00+0200,26284.13064,MW,DE,DE_LU,actual_onshore_wind_generation,Wind Onshore,2026-06-27T21:08:22Z
2026-06-27T21:06:46Z,2026-06-27T23:06:46+0200,44400f30-2862-403b-aedb-c9bc80837e62,2026-06-03T22:45:00Z,2026-06-04T00:45:00+0200,26636.81708,MW,DE,DE_LU,actual_onshore_wind_generation,Wind Onshore,2026-06-27T21:08:22Z
2026-06-27T21:06:46Z,2026-06-27T23:06:46+0200,44400f30-2862-403b-aedb-c9bc80837e62,2026-06-03T23:00:00Z,2026-06-04T01:00:00+0200,27011.30945,MW,DE,DE_LU,actual_onshore_wind_generation,Wind Onshore,2026-06-27T21:08:22Z
2026-06-27T21:06:46Z,2026-06-27T23:06:46+0200,44400f30-2862-403b-aedb-c9bc80837e62,2026-06-03T23:15:00Z,2026-06-04T01:15:00+0200,27172.76864,MW,DE,DE_LU,actual_onshore_wind_generation,Wind Onshore,2026-06-27T21:08:22Z
2026-06-27T21:06:46Z,2026-06-27T23:06:46+0200,44400f30-2862-403b-aedb-c9bc80837e62,2026-06-03T23:30:00Z,2026-06-04T01:30:00+0200,27254.80183,MW,DE,DE_LU,actual_onshore_wind_generation,Wind Onshore,2026-06-27T21:08:22Z
2026-06-27T21:06:46Z,2026-06-27T23:06:46+0200,44400f30-2862-403b-aedb-c9bc80837e62,2026-06-03T23:45:00Z,2026-06-04T01:45:00+0200,27224.07299,MW,DE,DE_LU,actual_onshore_wind_generation,Wind Onshore,2026-06-27T21:08:22Z
2026-06-27T21:06:46Z,2026-06-27T23:06:46+0200,44400f30-2862-403b-aedb-c9bc80837e62,2026-06-04T00:00:00Z,2026-06-04T02:00:00+0200,27095.32419,MW,DE,DE_LU,actual_onshore_wind_generation,Wind Onshore,2026-06-27T21:08:22Z
2026-06-27T21:06:46Z,2026-06-27T23:06:46+0200,44400f30-2862-403b-aedb-c9bc80837e62,2026-06-04T00:15:00Z,2026-06-04T02:15:00+0200,26909.21493,MW,DE,DE_LU,actual_onshore_wind_generation,Wind Onshore,2026-06-27T21:08:22Z
2026-06-27T21:06:46Z,2026-06-27T23:06:46+0200,44400f30-2862-403b-aedb-c9bc80837e62,2026-06-04T00:30:00Z,2026-06-04T02:30:00+0200,26621.91091,MW,DE,DE_LU,actual_onshore_wind_generation,Wind Onshore,2026-06-27T21:08:22Z
2026-06-27T21:06:46Z,2026-06-27T23:06:46+0200,44400f30-2862-403b-aedb-c9bc80837e62,2026-06-04T00:45:00Z,2026-06-04T02:45:00+0200,26293.17458,MW,DE,DE_LU,actual_onshore_wind_generation,Wind Onshore,2026-06-27T21:08:22Z
2026-06-27T21:06:46Z,2026-06-27T23:06:46+0200,44400f30-2862-403b-aedb-c9bc80837e62,2026-06-04T01:00:00Z,2026-06-04T03:00:00+0200,26046.05052,MW,DE,DE_LU,actual_onshore_wind_generation,Wind Onshore,2026-06-27T21:08:22Z
2026-06-27T21:06:46Z,2026-06-27T23:06:46+0200,44400f30-2862-403b-aedb-c9bc80837e62,2026-06-04T01:15:00Z,2026-06-04T03:15:00+0200,25673.29465,MW,DE,DE_LU,actual_onshore_wind_generation,Wind Onshore,2026-06-27T21:08:22Z
2026-06-27T21:06:46Z,2026-06-27T23:06:46+0200,44400f30-2862-403b-aedb-c9bc80837e62,2026-06-04T01:30:00Z,2026-06-04T03:30:00+0200,25435.59824,MW,DE,DE_LU,actual_onshore_wind_generation,Wind Onshore,2026-06-27T21:08:22Z
2026-06-27T21:06:46Z,2026-06-27T23:06:46+0200,44400f30-2862-403b-aedb-c9bc80837e62,2026-06-04T01:45:00Z,2026-06-04T03:45:00+0200,25498.48645,MW,DE,DE_LU,actual_onshore_wind_generation,Wind Onshore,2026-06-27T21:08:22Z
2026-06-27T21:06:46Z,2026-06-27T23:06:46+0200,44400f30-2862-403b-aedb-c9bc80837e62,2026-06-04T02:00:00Z,2026-06-04T04:00:00+0200,25213.63946,MW,DE,DE_LU,actual_onshore_wind_generation,Wind Onshore,2026-06-27T21:08:22Z
2026-06-27T21:06:46Z,2026-06-27T23:06:46+0200,44400f30-2862-403b-aedb-c9bc80837e62,2026-06-04T02:15:00Z,2026-06-04T04:15:00+0200,24748.47822,MW,DE,DE_LU,actual_onshore_wind_generation,Wind Onshore,2026-06-27T21:08:22Z
2026-06-27T21:06:46Z,2026-06-27T23:06:46+0200,44400f30-2862-403b-aedb-c9bc80837e62,2026-06-04T02:30:00Z,2026-06-04T04:30:00+0200,24398.47899,MW,DE,DE_LU,actual_onshore_wind_generation,Wind Onshore,2026-06-27T21:08:22Z
2026-06-27T21:06:46Z,2026-06-27T23:06:46+0200,44400f30-2862-403b-aedb-c9bc80837e62,2026-06-04T02:45:00Z,2026-06-04T04:45:00+0200,24153.81461,MW,DE,DE_LU,actual_onshore_wind_generation,Wind Onshore,2026-06-27T21:08:22Z
2026-06-27T21:06:46Z,2026-06-27T23:06:46+0200,44400f30-2862-403b-aedb-c9bc80837e62,2026-06-04T03:00:00Z,2026-06-04T05:00:00+0200,24192.12577,MW,DE,DE_LU,actual_onshore_wind_generation,Wind Onshore,2026-06-27T21:08:22Z
2026-06-27T21:06:46Z,2026-06-27T23:06:46+0200,44400f30-2862-403b-aedb-c9bc80837e62,2026-06-04T03:15:00Z,2026-06-04T05:15:00+0200,23693.51394,MW,DE,DE_LU,actual_onshore_wind_generation,Wind Onshore,2026-06-27T21:08:22Z
2026-06-27T21:06:46Z,2026-06-27T23:06:46+0200,44400f30-2862-403b-aedb-c9bc80837e62,2026-06-04T03:30:00Z,2026-06-04T05:30:00+0200,23241.28282,MW,DE,DE_LU,actual_onshore_wind_generation,Wind Onshore,2026-06-27T21:08:22Z
2026-06-27T21:06:46Z,2026-06-27T23:06:46+0200,44400f30-2862-403b-aedb-c9bc80837e62,2026-06-04T03:45:00Z,2026-06-04T05:45:00+0200,22841.74725,MW,DE,DE_LU,actual_onshore_wind_generation,Wind Onshore,2026-06-27T21:08:22Z
2026-06-27T21:06:46Z,2026-06-27T23:06:46+0200,44400f30-2862-403b-aedb-c9bc80837e62,2026-06-04T04:00:00Z,2026-06-04T06:00:00+0200,23163.45534,MW,DE,DE_LU,actual_onshore_wind_generation,Wind Onshore,2026-06-27T21:08:22Z
2026-06-27T21:06:46Z,2026-06-27T23:06:46+0200,44400f30-2862-403b-aedb-c9bc80837e62,2026-06-04T04:15:00Z,2026-06-04T06:15:00+0200,22912.81997,MW,DE,DE_LU,actual_onshore_wind_generation,Wind Onshore,2026-06-27T21:08:22Z
2026-06-27T21:06:46Z,2026-06-27T23:06:46+0200,44400f30-2862-403b-aedb-c9bc80837e62,2026-06-04T04:30:00Z,2026-06-04T06:30:00+0200,22709.75111,MW,DE,DE_LU,actual_onshore_wind_generation,Wind Onshore,2026-06-27T21:08:22Z
2026-06-27T21:06:46Z,2026-06-27T23:06:46+0200,44400f30-2862-403b-aedb-c9bc80837e62,2026-06-04T04:45:00Z,2026-06-04T06:45:00+0200,21981.59854,MW,DE,DE_LU,actual_onshore_wind_generation,Wind Onshore,2026-06-27T21:08:22Z
2026-06-27T21:06:46Z,2026-06-27T23:06:46+0200,44400f30-2862-403b-aedb-c9bc80837e62,2026-06-04T05:00:00Z,2026-06-04T07:00:00+0200,21470.53093,MW,DE,DE_LU,actual_onshore_wind_generation,Wind Onshore,2026-06-27T21:08:22Z
2026-06-27T21:06:46Z,2026-06-27T23:06:46+0200,44400f30-2862-403b-aedb-c9bc80837e62,2026-06-04T05:15:00Z,2026-06-04T07:15:00+0200,20769.77879,MW,DE,DE_LU,actual_onshore_wind_generation,Wind Onshore,2026-06-27T21:08:22Z
2026-06-27T21:06:46Z,2026-06-27T23:06:46+0200,44400f30-2862-403b-aedb-c9bc80837e62,2026-06-04T05:30:00Z,2026-06-04T07:30:00+0200,20167.31725,MW,DE,DE_LU,actual_onshore_wind_generation,Wind Onshore,2026-06-27T21:08:22Z
2026-06-27T21:06:46Z,2026-06-27T23:06:46+0200,44400f30-2862-403b-aedb-c9bc80837e62,2026-06-04T05:45:00Z,2026-06-04T07:45:00+0200,20036.7855,MW,DE,DE_LU,actual_onshore_wind_generation,Wind Onshore,2026-06-27T21:08:22Z
2026-06-27T21:06:46Z,2026-06-27T23:06:46+0200,44400f30-2862-403b-aedb-c9bc80837e62,2026-06-04T06:00:00Z,2026-06-04T08:00:00+0200,20034.88342,MW,DE,DE_LU,actual_onshore_wind_generation,Wind Onshore,2026-06-27T21:08:22Z
2026-06-27T21:06:46Z,2026-06-27T23:06:46+0200,44400f30-2862-403b-aedb-c9bc80837e62,2026-06-04T06:15:00Z,2026-06-04T08:15:00+0200,19843.09831,MW,DE,DE_LU,actual_onshore_wind_generation,Wind Onshore,2026-06-27T21:08:22Z
2026-06-27T21:06:46Z,2026-06-27T23:06:46+0200,44400f30-2862-403b-aedb-c9bc80837e62,2026-06-04T06:30:00Z,2026-06-04T08:30:00+0200,19447.45064,MW,DE,DE_LU,actual_onshore_wind_generation,Wind Onshore,2026-06-27T21:08:22Z
2026-06-27T21:06:46Z,2026-06-27T23:06:46+0200,44400f30-2862-403b-aedb-c9bc80837e62,2026-06-04T06:45:00Z,2026-06-04T08:45:00+0200,19667.93405,MW,DE,DE_LU,actual_onshore_wind_generation,Wind Onshore,2026-06-27T21:08:22Z
2026-06-27T21:06:46Z,2026-06-27T23:06:46+0200,44400f30-2862-403b-aedb-c9bc80837e62,2026-06-04T07:00:00Z,2026-06-04T09:00:00+0200,19844.70107,MW,DE,DE_LU,actual_onshore_wind_generation,Wind Onshore,2026-06-27T21:08:22Z
2026-06-27T21:06:46Z,2026-06-27T23:06:46+0200,44400f30-2862-403b-aedb-c9bc80837e62,2026-06-04T07:15:00Z,2026-06-04T09:15:00+0200,19445.78741,MW,DE,DE_LU,actual_onshore_wind_generation,Wind Onshore,2026-06-27T21:08:22Z
2026-06-27T21:06:46Z,2026-06-27T23:06:46+0200,44400f30-2862-403b-aedb-c9bc80837e62,2026-06-04T07:30:00Z,2026-06-04T09:30:00+0200,19167.86657,MW,DE,DE_LU,actual_onshore_wind_generation,Wind Onshore,2026-06-27T21:08:22Z
2026-06-27T21:06:46Z,2026-06-27T23:06:46+0200,44400f30-2862-403b-aedb-c9bc80837e62,2026-06-04T07:45:00Z,2026-06-04T09:45:00+0200,19378.4188,MW,DE,DE_LU,actual_onshore_wind_generation,Wind Onshore,2026-06-27T21:08:22Z
2026-06-27T21:06:46Z,2026-06-27T23:06:46+0200,44400f30-2862-403b-aedb-c9bc80837e62,2026-06-04T08:00:00Z,2026-06-04T10:00:00+0200,19230.62693,MW,DE,DE_LU,actual_onshore_wind_generation,Wind Onshore,2026-06-27T21:08:22Z
2026-06-27T21:06:46Z,2026-06-27T23:06:46+0200,44400f30-2862-403b-aedb-c9bc80837e62,2026-06-04T08:15:00Z,2026-06-04T10:15:00+0200,19134.98986,MW,DE,DE_LU,actual_onshore_wind_generation,Wind Onshore,2026-06-27T21:08:22Z
2026-06-27T21:06:46Z,2026-06-27T23:06:46+0200,44400f30-2862-403b-aedb-c9bc80837e62,2026-06-04T08:30:00Z,2026-06-04T10:30:00+0200,19733.88241,MW,DE,DE_LU,actual_onshore_wind_generation,Wind Onshore,2026-06-27T21:08:22Z
2026-06-27T21:06:46Z,2026-06-27T23:06:46+0200,44400f30-2862-403b-aedb-c9bc80837e62,2026-06-04T08:45:00Z,2026-06-04T10:45:00+0200,19561.23567,MW,DE,DE_LU,actual_onshore_wind_generation,Wind Onshore,2026-06-27T21:08:22Z
2026-06-27T21:06:46Z,2026-06-27T23:06:46+0200,44400f30-2862-403b-aedb-c9bc80837e62,2026-06-04T09:00:00Z,2026-06-04T11:00:00+0200,19773.52118,MW,DE,DE_LU,actual_onshore_wind_generation,Wind Onshore,2026-06-27T21:08:22Z
2026-06-27T21:06:46Z,2026-06-27T23:06:46+0200,44400f30-2862-403b-aedb-c9bc80837e62,2026-06-04T09:15:00Z,2026-06-04T11:15:00+0200,19210.75324,MW,DE,DE_LU,actual_onshore_wind_generation,Wind Onshore,2026-06-27T21:08:22Z
2026-06-27T21:06:46Z,2026-06-27T23:06:46+0200,44400f30-2862-403b-aedb-c9bc80837e62,2026-06-04T09:30:00Z,2026-06-04T11:30:00+0200,18831.09968,MW,DE,DE_LU,actual_onshore_wind_generation,Wind Onshore,2026-06-27T21:08:22Z
2026-06-27T21:06:46Z,2026-06-27T23:06:46+0200,44400f30-2862-403b-aedb-c9bc80837e62,2026-06-04T09:45:00Z,2026-06-04T11:45:00+0200,19501.42685,MW,DE,DE_LU,actual_onshore_wind_generation,Wind Onshore,2026-06-27T21:08:22Z
2026-06-27T21:06:46Z,2026-06-27T23:06:46+0200,44400f30-2862-403b-aedb-c9bc80837e62,2026-06-04T10:00:00Z,2026-06-04T12:00:00+0200,19970.6605,MW,DE,DE_LU,actual_onshore_wind_generation,Wind Onshore,2026-06-27T21:08:22Z
2026-06-27T21:06:46Z,2026-06-27T23:06:46+0200,44400f30-2862-403b-aedb-c9bc80837e62,2026-06-04T10:15:00Z,2026-06-04T12:15:00+0200,20000.8158,MW,DE,DE_LU,actual_onshore_wind_generation,Wind Onshore,2026-06-27T21:08:22Z
2026-06-27T21:06:46Z,2026-06-27T23:06:46+0200,44400f30-2862-403b-aedb-c9bc80837e62,2026-06-04T10:30:00Z,2026-06-04T12:30:00+0200,19954.18145,MW,DE,DE_LU,actual_onshore_wind_generation,Wind Onshore,2026-06-27T21:08:22Z
2026-06-27T21:06:46Z,2026-06-27T23:06:46+0200,44400f30-2862-403b-aedb-c9bc80837e62,2026-06-04T10:45:00Z,2026-06-04T12:45:00+0200,20290.65599,MW,DE,DE_LU,actual_onshore_wind_generation,Wind Onshore,2026-06-27T21:08:22Z
2026-06-27T21:06:46Z,2026-06-27T23:06:46+0200,44400f30-2862-403b-aedb-c9bc80837e62,2026-06-04T11:00:00Z,2026-06-04T13:00:00+0200,21157.68275,MW,DE,DE_LU,actual_onshore_wind_generation,Wind Onshore,2026-06-27T21:08:22Z
2026-06-27T21:06:46Z,2026-06-27T23:06:46+0200,44400f30-2862-403b-aedb-c9bc80837e62,2026-06-04T11:15:00Z,2026-06-04T13:15:00+0200,21713.74454,MW,DE,DE_LU,actual_onshore_wind_generation,Wind Onshore,2026-06-27T21:08:22Z
2026-06-27T21:06:46Z,2026-06-27T23:06:46+0200,44400f30-2862-403b-aedb-c9bc80837e62,2026-06-04T11:30:00Z,2026-06-04T13:30:00+0200,21622.56368,MW,DE,DE_LU,actual_onshore_wind_generation,Wind Onshore,2026-06-27T21:08:22Z
2026-06-27T21:06:46Z,2026-06-27T23:06:46+0200,44400f30-2862-403b-aedb-c9bc80837e62,2026-06-04T11:45:00Z,2026-06-04T13:45:00+0200,21198.92749,MW,DE,DE_LU,actual_onshore_wind_generation,Wind Onshore,2026-06-27T21:08:22Z
2026-06-27T21:06:46Z,2026-06-27T23:06:46+0200,44400f30-2862-403b-aedb-c9bc80837e62,2026-06-04T12:00:00Z,2026-06-04T14:00:00+0200,20593.00611,MW,DE,DE_LU,actual_onshore_wind_generation,Wind Onshore,2026-06-27T21:08:22Z
2026-06-27T21:06:46Z,2026-06-27T23:06:46+0200,44400f30-2862-403b-aedb-c9bc80837e62,2026-06-04T12:15:00Z,2026-06-04T14:15:00+0200,20128.51395,MW,DE,DE_LU,actual_onshore_wind_generation,Wind Onshore,2026-06-27T21:08:22Z
2026-06-27T21:06:46Z,2026-06-27T23:06:46+0200,44400f30-2862-403b-aedb-c9bc80837e62,2026-06-04T12:30:00Z,2026-06-04T14:30:00+0200,20270.11387,MW,DE,DE_LU,actual_onshore_wind_generation,Wind Onshore,2026-06-27T21:08:22Z
2026-06-27T21:06:46Z,2026-06-27T23:06:46+0200,44400f30-2862-403b-aedb-c9bc80837e62,2026-06-04T12:45:00Z,2026-06-04T14:45:00+0200,20711.38773,MW,DE,DE_LU,actual_onshore_wind_generation,Wind Onshore,2026-06-27T21:08:22Z
2026-06-27T21:06:46Z,2026-06-27T23:06:46+0200,44400f30-2862-403b-aedb-c9bc80837e62,2026-06-04T13:00:00Z,2026-06-04T15:00:00+0200,21919.72245,MW,DE,DE_LU,actual_onshore_wind_generation,Wind Onshore,2026-06-27T21:08:22Z
2026-06-27T21:06:46Z,2026-06-27T23:06:46+0200,44400f30-2862-403b-aedb-c9bc80837e62,2026-06-04T13:15:00Z,2026-06-04T15:15:00+0200,22300.13809,MW,DE,DE_LU,actual_onshore_wind_generation,Wind Onshore,2026-06-27T21:08:22Z
2026-06-27T21:06:46Z,2026-06-27T23:06:46+0200,44400f30-2862-403b-aedb-c9bc80837e62,2026-06-04T13:30:00Z,2026-06-04T15:30:00+0200,23099.23509,MW,DE,DE_LU,actual_onshore_wind_generation,Wind Onshore,2026-06-27T21:08:22Z
2026-06-27T21:06:46Z,2026-06-27T23:06:46+0200,44400f30-2862-403b-aedb-c9bc80837e62,2026-06-04T13:45:00Z,2026-06-04T15:45:00+0200,23597.8595,MW,DE,DE_LU,actual_onshore_wind_generation,Wind Onshore,2026-06-27T21:08:22Z
2026-06-27T21:06:46Z,2026-06-27T23:06:46+0200,44400f30-2862-403b-aedb-c9bc80837e62,2026-06-04T14:00:00Z,2026-06-04T16:00:00+0200,23372.93943,MW,DE,DE_LU,actual_onshore_wind_generation,Wind Onshore,2026-06-27T21:08:22Z
2026-06-27T21:06:46Z,2026-06-27T23:06:46+0200,44400f30-2862-403b-aedb-c9bc80837e62,2026-06-04T14:15:00Z,2026-06-04T16:15:00+0200,23272.37165,MW,DE,DE_LU,actual_onshore_wind_generation,Wind Onshore,2026-06-27T21:08:22Z
2026-06-27T21:06:46Z,2026-06-27T23:06:46+0200,44400f30-2862-403b-aedb-c9bc80837e62,2026-06-04T14:30:00Z,2026-06-04T16:30:00+0200,23006.81434,MW,DE,DE_LU,actual_onshore_wind_generation,Wind Onshore,2026-06-27T21:08:22Z
2026-06-27T21:06:46Z,2026-06-27T23:06:46+0200,44400f30-2862-403b-aedb-c9bc80837e62,2026-06-04T14:45:00Z,2026-06-04T16:45:00+0200,24000.80492,MW,DE,DE_LU,actual_onshore_wind_generation,Wind Onshore,2026-06-27T21:08:22Z
2026-06-27T21:06:46Z,2026-06-27T23:06:46+0200,44400f30-2862-403b-aedb-c9bc80837e62,2026-06-04T15:00:00Z,2026-06-04T17:00:00+0200,23665.77256,MW,DE,DE_LU,actual_onshore_wind_generation,Wind Onshore,2026-06-27T21:08:22Z
2026-06-27T21:06:46Z,2026-06-27T23:06:46+0200,44400f30-2862-403b-aedb-c9bc80837e62,2026-06-04T15:15:00Z,2026-06-04T17:15:00+0200,24686.75936,MW,DE,DE_LU,actual_onshore_wind_generation,Wind Onshore,2026-06-27T21:08:22Z
2026-06-27T21:06:46Z,2026-06-27T23:06:46+0200,44400f30-2862-403b-aedb-c9bc80837e62,2026-06-04T15:30:00Z,2026-06-04T17:30:00+0200,25622.94032,MW,DE,DE_LU,actual_onshore_wind_generation,Wind Onshore,2026-06-27T21:08:22Z
2026-06-27T21:06:46Z,2026-06-27T23:06:46+0200,44400f30-2862-403b-aedb-c9bc80837e62,2026-06-04T15:45:00Z,2026-06-04T17:45:00+0200,25632.01457,MW,DE,DE_LU,actual_onshore_wind_generation,Wind Onshore,2026-06-27T21:08:22Z
2026-06-27T21:06:46Z,2026-06-27T23:06:46+0200,44400f30-2862-403b-aedb-c9bc80837e62,2026-06-04T16:00:00Z,2026-06-04T18:00:00+0200,25645.78197,MW,DE,DE_LU,actual_onshore_wind_generation,Wind Onshore,2026-06-27T21:08:22Z
2026-06-27T21:06:46Z,2026-06-27T23:06:46+0200,44400f30-2862-403b-aedb-c9bc80837e62,2026-06-04T16:15:00Z,2026-06-04T18:15:00+0200,25322.22409,MW,DE,DE_LU,actual_onshore_wind_generation,Wind Onshore,2026-06-27T21:08:22Z
2026-06-27T21:06:46Z,2026-06-27T23:06:46+0200,44400f30-2862-403b-aedb-c9bc80837e62,2026-06-04T16:30:00Z,2026-06-04T18:30:00+0200,24620.18519,MW,DE,DE_LU,actual_onshore_wind_generation,Wind Onshore,2026-06-27T21:08:22Z
2026-06-27T21:06:46Z,2026-06-27T23:06:46+0200,44400f30-2862-403b-aedb-c9bc80837e62,2026-06-04T16:45:00Z,2026-06-04T18:45:00+0200,24600.81625,MW,DE,DE_LU,actual_onshore_wind_generation,Wind Onshore,2026-06-27T21:08:22Z
2026-06-27T21:06:46Z,2026-06-27T23:06:46+0200,44400f30-2862-403b-aedb-c9bc80837e62,2026-06-04T17:00:00Z,2026-06-04T19:00:00+0200,24583.3714,MW,DE,DE_LU,actual_onshore_wind_generation,Wind Onshore,2026-06-27T21:08:22Z
2026-06-27T21:06:46Z,2026-06-27T23:06:46+0200,44400f30-2862-403b-aedb-c9bc80837e62,2026-06-04T17:15:00Z,2026-06-04T19:15:00+0200,23830.67998,MW,DE,DE_LU,actual_onshore_wind_generation,Wind Onshore,2026-06-27T21:08:22Z
2026-06-27T21:06:46Z,2026-06-27T23:06:46+0200,44400f30-2862-403b-aedb-c9bc80837e62,2026-06-04T17:30:00Z,2026-06-04T19:30:00+0200,23397.57351,MW,DE,DE_LU,actual_onshore_wind_generation,Wind Onshore,2026-06-27T21:08:22Z
2026-06-27T21:06:46Z,2026-06-27T23:06:46+0200,44400f30-2862-403b-aedb-c9bc80837e62,2026-06-04T17:45:00Z,2026-06-04T19:45:00+0200,22976.92641,MW,DE,DE_LU,actual_onshore_wind_generation,Wind Onshore,2026-06-27T21:08:22Z
2026-06-27T21:06:46Z,2026-06-27T23:06:46+0200,44400f30-2862-403b-aedb-c9bc80837e62,2026-06-04T18:00:00Z,2026-06-04T20:00:00+0200,22528.41865,MW,DE,DE_LU,actual_onshore_wind_generation,Wind Onshore,2026-06-27T21:08:22Z
2026-06-27T21:06:46Z,2026-06-27T23:06:46+0200,44400f30-2862-403b-aedb-c9bc80837e62,2026-06-04T18:15:00Z,2026-06-04T20:15:00+0200,21915.73876,MW,DE,DE_LU,actual_onshore_wind_generation,Wind Onshore,2026-06-27T21:08:22Z
2026-06-27T21:06:46Z,2026-06-27T23:06:46+0200,44400f30-2862-403b-aedb-c9bc80837e62,2026-06-04T18:30:00Z,2026-06-04T20:30:00+0200,21548.41924,MW,DE,DE_LU,actual_onshore_wind_generation,Wind Onshore,2026-06-27T21:08:22Z
2026-06-27T21:06:46Z,2026-06-27T23:06:46+0200,44400f30-2862-403b-aedb-c9bc80837e62,2026-06-04T18:45:00Z,2026-06-04T20:45:00+0200,21190.55732,MW,DE,DE_LU,actual_onshore_wind_generation,Wind Onshore,2026-06-27T21:08:22Z
2026-06-27T21:06:46Z,2026-06-27T23:06:46+0200,44400f30-2862-403b-aedb-c9bc80837e62,2026-06-04T19:00:00Z,2026-06-04T21:00:00+0200,20837.07062,MW,DE,DE_LU,actual_onshore_wind_generation,Wind Onshore,2026-06-27T21:08:22Z
2026-06-27T21:06:46Z,2026-06-27T23:06:46+0200,44400f30-2862-403b-aedb-c9bc80837e62,2026-06-04T19:15:00Z,2026-06-04T21:15:00+0200,21153.75234,MW,DE,DE_LU,actual_onshore_wind_generation,Wind Onshore,2026-06-27T21:08:22Z
2026-06-27T21:06:46Z,2026-06-27T23:06:46+0200,44400f30-2862-403b-aedb-c9bc80837e62,2026-06-04T19:30:00Z,2026-06-04T21:30:00+0200,21112.37474,MW,DE,DE_LU,actual_onshore_wind_generation,Wind Onshore,2026-06-27T21:08:22Z
2026-06-27T21:06:46Z,2026-06-27T23:06:46+0200,44400f30-2862-403b-aedb-c9bc80837e62,2026-06-04T19:45:00Z,2026-06-04T21:45:00+0200,20986.6797,MW,DE,DE_LU,actual_onshore_wind_generation,Wind Onshore,2026-06-27T21:08:22Z
2026-06-27T21:06:46Z,2026-06-27T23:06:46+0200,44400f30-2862-403b-aedb-c9bc80837e62,2026-06-04T20:00:00Z,2026-06-04T22:00:00+0200,20823.31066,MW,DE,DE_LU,actual_onshore_wind_generation,Wind Onshore,2026-06-27T21:08:22Z
2026-06-27T21:06:46Z,2026-06-27T23:06:46+0200,44400f30-2862-403b-aedb-c9bc80837e62,2026-06-04T20:15:00Z,2026-06-04T22:15:00+0200,21025.95991,MW,DE,DE_LU,actual_onshore_wind_generation,Wind Onshore,2026-06-27T21:08:22Z
2026-06-27T21:06:46Z,2026-06-27T23:06:46+0200,44400f30-2862-403b-aedb-c9bc80837e62,2026-06-04T20:30:00Z,2026-06-04T22:30:00+0200,21187.84256,MW,DE,DE_LU,actual_onshore_wind_generation,Wind Onshore,2026-06-27T21:08:22Z
2026-06-27T21:06:46Z,2026-06-27T23:06:46+0200,44400f30-2862-403b-aedb-c9bc80837e62,2026-06-04T20:45:00Z,2026-06-04T22:45:00+0200,21421.3001,MW,DE,DE_LU,actual_onshore_wind_generation,Wind Onshore,2026-06-27T21:08:22Z
2026-06-27T21:06:46Z,2026-06-27T23:06:46+0200,44400f30-2862-403b-aedb-c9bc80837e62,2026-06-04T21:00:00Z,2026-06-04T23:00:00+0200,21773.91602,MW,DE,DE_LU,actual_onshore_wind_generation,Wind Onshore,2026-06-27T21:08:22Z
2026-06-27T21:06:46Z,2026-06-27T23:06:46+0200,44400f30-2862-403b-aedb-c9bc80837e62,2026-06-04T21:15:00Z,2026-06-04T23:15:00+0200,21961.73752,MW,DE,DE_LU,actual_onshore_wind_generation,Wind Onshore,2026-06-27T21:08:22Z
2026-06-27T21:06:46Z,2026-06-27T23:06:46+0200,44400f30-2862-403b-aedb-c9bc80837e62,2026-06-04T21:30:00Z,2026-06-04T23:30:00+0200,22140.69172,MW,DE,DE_LU,actual_onshore_wind_generation,Wind Onshore,2026-06-27T21:08:22Z
2026-06-27T21:06:46Z,2026-06-27T23:06:46+0200,44400f30-2862-403b-aedb-c9bc80837e62,2026-06-04T21:45:00Z,2026-06-04T23:45:00+0200,22248.1647,MW,DE,DE_LU,actual_onshore_wind_generation,Wind Onshore,2026-06-27T21:08:22Z
2026-06-27T21:06:46Z,2026-06-27T23:06:46+0200,44400f30-2862-403b-aedb-c9bc80837e62,2026-06-04T22:00:00Z,2026-06-05T00:00:00+0200,22522.88301,MW,DE,DE_LU,actual_onshore_wind_generation,Wind Onshore,2026-06-27T21:08:22Z
2026-06-27T21:06:46Z,2026-06-27T23:06:46+0200,44400f30-2862-403b-aedb-c9bc80837e62,2026-06-04T22:15:00Z,2026-06-05T00:15:00+0200,23131.47404,MW,DE,DE_LU,actual_onshore_wind_generation,Wind Onshore,2026-06-27T21:08:22Z
2026-06-27T21:06:46Z,2026-06-27T23:06:46+0200,44400f30-2862-403b-aedb-c9bc80837e62,2026-06-04T22:30:00Z,2026-06-05T00:30:00+0200,23484.60933,MW,DE,DE_LU,actual_onshore_wind_generation,Wind Onshore,2026-06-27T21:08:22Z
2026-06-27T21:06:46Z,2026-06-27T23:06:46+0200,44400f30-2862-403b-aedb-c9bc80837e62,2026-06-04T22:45:00Z,2026-06-05T00:45:00+0200,23378.51471,MW,DE,DE_LU,actual_onshore_wind_generation,Wind Onshore,2026-06-27T21:08:22Z
2026-06-27T21:06:46Z,2026-06-27T23:06:46+0200,44400f30-2862-403b-aedb-c9bc80837e62,2026-06-04T23:00:00Z,2026-06-05T01:00:00+0200,23223.18108,MW,DE,DE_LU,actual_onshore_wind_generation,Wind Onshore,2026-06-27T21:08:22Z
2026-06-27T21:06:46Z,2026-06-27T23:06:46+0200,44400f30-2862-403b-aedb-c9bc80837e62,2026-06-04T23:15:00Z,2026-06-05T01:15:00+0200,23193.60674,MW,DE,DE_LU,actual_onshore_wind_generation,Wind Onshore,2026-06-27T21:08:22Z
2026-06-27T21:06:46Z,2026-06-27T23:06:46+0200,44400f30-2862-403b-aedb-c9bc80837e62,2026-06-04T23:30:00Z,2026-06-05T01:30:00+0200,23079.48581,MW,DE,DE_LU,actual_onshore_wind_generation,Wind Onshore,2026-06-27T21:08:22Z
2026-06-27T21:06:46Z,2026-06-27T23:06:46+0200,44400f30-2862-403b-aedb-c9bc80837e62,2026-06-04T23:45:00Z,2026-06-05T01:45:00+0200,23219.77411,MW,DE,DE_LU,actual_onshore_wind_generation,Wind Onshore,2026-06-27T21:08:22Z
2026-06-27T21:06:46Z,2026-06-27T23:06:46+0200,44400f30-2862-403b-aedb-c9bc80837e62,2026-06-05T00:00:00Z,2026-06-05T02:00:00+0200,23250.1463,MW,DE,DE_LU,actual_onshore_wind_generation,Wind Onshore,2026-06-27T21:08:22Z
2026-06-27T21:06:46Z,2026-06-27T23:06:46+0200,44400f30-2862-403b-aedb-c9bc80837e62,2026-06-05T00:15:00Z,2026-06-05T02:15:00+0200,23133.07369,MW,DE,DE_LU,actual_onshore_wind_generation,Wind Onshore,2026-06-27T21:08:22Z
2026-06-27T21:06:46Z,2026-06-27T23:06:46+0200,44400f30-2862-403b-aedb-c9bc80837e62,2026-06-05T00:30:00Z,2026-06-05T02:30:00+0200,22869.78209,MW,DE,DE_LU,actual_onshore_wind_generation,Wind Onshore,2026-06-27T21:08:22Z
2026-06-27T21:06:46Z,2026-06-27T23:06:46+0200,44400f30-2862-403b-aedb-c9bc80837e62,2026-06-05T00:45:00Z,2026-06-05T02:45:00+0200,22747.68384,MW,DE,DE_LU,actual_onshore_wind_generation,Wind Onshore,2026-06-27T21:08:22Z
2026-06-27T21:06:46Z,2026-06-27T23:06:46+0200,44400f30-2862-403b-aedb-c9bc80837e62,2026-06-05T01:00:00Z,2026-06-05T03:00:00+0200,22471.55469,MW,DE,DE_LU,actual_onshore_wind_generation,Wind Onshore,2026-06-27T21:08:22Z
2026-06-27T21:06:46Z,2026-06-27T23:06:46+0200,44400f30-2862-403b-aedb-c9bc80837e62,2026-06-05T01:15:00Z,2026-06-05T03:15:00+0200,21967.98856,MW,DE,DE_LU,actual_onshore_wind_generation,Wind Onshore,2026-06-27T21:08:22Z
2026-06-27T21:06:46Z,2026-06-27T23:06:46+0200,44400f30-2862-403b-aedb-c9bc80837e62,2026-06-05T01:30:00Z,2026-06-05T03:30:00+0200,21529.9635,MW,DE,DE_LU,actual_onshore_wind_generation,Wind Onshore,2026-06-27T21:08:22Z
2026-06-27T21:06:46Z,2026-06-27T23:06:46+0200,44400f30-2862-403b-aedb-c9bc80837e62,2026-06-05T01:45:00Z,2026-06-05T03:45:00+0200,21160.44619,MW,DE,DE_LU,actual_onshore_wind_generation,Wind Onshore,2026-06-27T21:08:22Z
2026-06-27T21:06:46Z,2026-06-27T23:06:46+0200,44400f30-2862-403b-aedb-c9bc80837e62,2026-06-05T02:00:00Z,2026-06-05T04:00:00+0200,20918.44869,MW,DE,DE_LU,actual_onshore_wind_generation,Wind Onshore,2026-06-27T21:08:22Z
2026-06-27T21:06:46Z,2026-06-27T23:06:46+0200,44400f30-2862-403b-aedb-c9bc80837e62,2026-06-05T02:15:00Z,2026-06-05T04:15:00+0200,20642.79537,MW,DE,DE_LU,actual_onshore_wind_generation,Wind Onshore,2026-06-27T21:08:22Z
2026-06-27T21:06:46Z,2026-06-27T23:06:46+0200,44400f30-2862-403b-aedb-c9bc80837e62,2026-06-05T02:30:00Z,2026-06-05T04:30:00+0200,20389.18732,MW,DE,DE_LU,actual_onshore_wind_generation,Wind Onshore,2026-06-27T21:08:22Z
2026-06-27T21:06:46Z,2026-06-27T23:06:46+0200,44400f30-2862-403b-aedb-c9bc80837e62,2026-06-05T02:45:00Z,2026-06-05T04:45:00+0200,19958.47882,MW,DE,DE_LU,actual_onshore_wind_generation,Wind Onshore,2026-06-27T21:08:22Z
2026-06-27T21:06:46Z,2026-06-27T23:06:46+0200,44400f30-2862-403b-aedb-c9bc80837e62,2026-06-05T03:00:00Z,2026-06-05T05:00:00+0200,19472.45863,MW,DE,DE_LU,actual_onshore_wind_generation,Wind Onshore,2026-06-27T21:08:22Z
2026-06-27T21:06:46Z,2026-06-27T23:06:46+0200,44400f30-2862-403b-aedb-c9bc80837e62,2026-06-05T03:15:00Z,2026-06-05T05:15:00+0200,19264.56588,MW,DE,DE_LU,actual_onshore_wind_generation,Wind Onshore,2026-06-27T21:08:22Z
2026-06-27T21:06:46Z,2026-06-27T23:06:46+0200,44400f30-2862-403b-aedb-c9bc80837e62,2026-06-05T03:30:00Z,2026-06-05T05:30:00+0200,18819.17849,MW,DE,DE_LU,actual_onshore_wind_generation,Wind Onshore,2026-06-27T21:08:22Z
2026-06-27T21:06:46Z,2026-06-27T23:06:46+0200,44400f30-2862-403b-aedb-c9bc80837e62,2026-06-05T03:45:00Z,2026-06-05T05:45:00+0200,18139.58713,MW,DE,DE_LU,actual_onshore_wind_generation,Wind Onshore,2026-06-27T21:08:22Z
2026-06-27T21:06:46Z,2026-06-27T23:06:46+0200,44400f30-2862-403b-aedb-c9bc80837e62,2026-06-05T04:00:00Z,2026-06-05T06:00:00+0200,17902.72555,MW,DE,DE_LU,actual_onshore_wind_generation,Wind Onshore,2026-06-27T21:08:22Z
2026-06-27T21:06:46Z,2026-06-27T23:06:46+0200,44400f30-2862-403b-aedb-c9bc80837e62,2026-06-05T04:15:00Z,2026-06-05T06:15:00+0200,17595.52379,MW,DE,DE_LU,actual_onshore_wind_generation,Wind Onshore,2026-06-27T21:08:22Z
2026-06-27T21:06:46Z,2026-06-27T23:06:46+0200,44400f30-2862-403b-aedb-c9bc80837e62,2026-06-05T04:30:00Z,2026-06-05T06:30:00+0200,17181.37502,MW,DE,DE_LU,actual_onshore_wind_generation,Wind Onshore,2026-06-27T21:08:22Z
2026-06-27T21:06:46Z,2026-06-27T23:06:46+0200,44400f30-2862-403b-aedb-c9bc80837e62,2026-06-05T04:45:00Z,2026-06-05T06:45:00+0200,16533.39644,MW,DE,DE_LU,actual_onshore_wind_generation,Wind Onshore,2026-06-27T21:08:22Z
2026-06-27T21:06:46Z,2026-06-27T23:06:46+0200,44400f30-2862-403b-aedb-c9bc80837e62,2026-06-05T05:00:00Z,2026-06-05T07:00:00+0200,15993.94217,MW,DE,DE_LU,actual_onshore_wind_generation,Wind Onshore,2026-06-27T21:08:22Z
2026-06-27T21:06:46Z,2026-06-27T23:06:46+0200,44400f30-2862-403b-aedb-c9bc80837e62,2026-06-05T05:15:00Z,2026-06-05T07:15:00+0200,15537.03403,MW,DE,DE_LU,actual_onshore_wind_generation,Wind Onshore,2026-06-27T21:08:22Z
2026-06-27T21:06:46Z,2026-06-27T23:06:46+0200,44400f30-2862-403b-aedb-c9bc80837e62,2026-06-05T05:30:00Z,2026-06-05T07:30:00+0200,14877.14003,MW,DE,DE_LU,actual_onshore_wind_generation,Wind Onshore,2026-06-27T21:08:22Z
2026-06-27T21:06:46Z,2026-06-27T23:06:46+0200,44400f30-2862-403b-aedb-c9bc80837e62,2026-06-05T05:45:00Z,2026-06-05T07:45:00+0200,14391.65206,MW,DE,DE_LU,actual_onshore_wind_generation,Wind Onshore,2026-06-27T21:08:22Z
2026-06-27T21:06:46Z,2026-06-27T23:06:46+0200,44400f30-2862-403b-aedb-c9bc80837e62,2026-06-05T06:00:00Z,2026-06-05T08:00:00+0200,14086.66305,MW,DE,DE_LU,actual_onshore_wind_generation,Wind Onshore,2026-06-27T21:08:22Z
2026-06-27T21:06:46Z,2026-06-27T23:06:46+0200,44400f30-2862-403b-aedb-c9bc80837e62,2026-06-05T06:15:00Z,2026-06-05T08:15:00+0200,13801.31922,MW,DE,DE_LU,actual_onshore_wind_generation,Wind Onshore,2026-06-27T21:08:22Z
2026-06-27T21:06:46Z,2026-06-27T23:06:46+0200,44400f30-2862-403b-aedb-c9bc80837e62,2026-06-05T06:30:00Z,2026-06-05T08:30:00+0200,13426.39627,MW,DE,DE_LU,actual_onshore_wind_generation,Wind Onshore,2026-06-27T21:08:22Z
2026-06-27T21:06:46Z,2026-06-27T23:06:46+0200,44400f30-2862-403b-aedb-c9bc80837e62,2026-06-05T06:45:00Z,2026-06-05T08:45:00+0200,13338.65147,MW,DE,DE_LU,actual_onshore_wind_generation,Wind Onshore,2026-06-27T21:08:22Z
2026-06-27T21:06:46Z,2026-06-27T23:06:46+0200,44400f30-2862-403b-aedb-c9bc80837e62,2026-06-05T07:00:00Z,2026-06-05T09:00:00+0200,13304.26989,MW,DE,DE_LU,actual_onshore_wind_generation,Wind Onshore,2026-06-27T21:08:22Z
2026-06-27T21:06:46Z,2026-06-27T23:06:46+0200,44400f30-2862-403b-aedb-c9bc80837e62,2026-06-05T07:15:00Z,2026-06-05T09:15:00+0200,13274.385,MW,DE,DE_LU,actual_onshore_wind_generation,Wind Onshore,2026-06-27T21:08:22Z
2026-06-27T21:06:46Z,2026-06-27T23:06:46+0200,44400f30-2862-403b-aedb-c9bc80837e62,2026-06-05T07:30:00Z,2026-06-05T09:30:00+0200,13381.4715,MW,DE,DE_LU,actual_onshore_wind_generation,Wind Onshore,2026-06-27T21:08:22Z
2026-06-27T21:06:46Z,2026-06-27T23:06:46+0200,44400f30-2862-403b-aedb-c9bc80837e62,2026-06-05T07:45:00Z,2026-06-05T09:45:00+0200,13380.54389,MW,DE,DE_LU,actual_onshore_wind_generation,Wind Onshore,2026-06-27T21:08:22Z
2026-06-27T21:06:46Z,2026-06-27T23:06:46+0200,44400f30-2862-403b-aedb-c9bc80837e62,2026-06-05T08:00:00Z,2026-06-05T10:00:00+0200,13176.88313,MW,DE,DE_LU,actual_onshore_wind_generation,Wind Onshore,2026-06-27T21:08:22Z
2026-06-27T21:06:46Z,2026-06-27T23:06:46+0200,44400f30-2862-403b-aedb-c9bc80837e62,2026-06-05T08:15:00Z,2026-06-05T10:15:00+0200,13223.53654,MW,DE,DE_LU,actual_onshore_wind_generation,Wind Onshore,2026-06-27T21:08:22Z
2026-06-27T21:06:46Z,2026-06-27T23:06:46+0200,44400f30-2862-403b-aedb-c9bc80837e62,2026-06-05T08:30:00Z,2026-06-05T10:30:00+0200,13113.72124,MW,DE,DE_LU,actual_onshore_wind_generation,Wind Onshore,2026-06-27T21:08:22Z
2026-06-27T21:06:46Z,2026-06-27T23:06:46+0200,44400f30-2862-403b-aedb-c9bc80837e62,2026-06-05T08:45:00Z,2026-06-05T10:45:00+0200,13203.91547,MW,DE,DE_LU,actual_onshore_wind_generation,Wind Onshore,2026-06-27T21:08:22Z
2026-06-27T21:06:46Z,2026-06-27T23:06:46+0200,44400f30-2862-403b-aedb-c9bc80837e62,2026-06-05T09:00:00Z,2026-06-05T11:00:00+0200,13142.91968,MW,DE,DE_LU,actual_onshore_wind_generation,Wind Onshore,2026-06-27T21:08:22Z
2026-06-27T21:06:46Z,2026-06-27T23:06:46+0200,44400f30-2862-403b-aedb-c9bc80837e62,2026-06-05T09:15:00Z,2026-06-05T11:15:00+0200,13096.77732,MW,DE,DE_LU,actual_onshore_wind_generation,Wind Onshore,2026-06-27T21:08:22Z
2026-06-27T21:06:46Z,2026-06-27T23:06:46+0200,44400f30-2862-403b-aedb-c9bc80837e62,2026-06-05T09:30:00Z,2026-06-05T11:30:00+0200,12956.94044,MW,DE,DE_LU,actual_onshore_wind_generation,Wind Onshore,2026-06-27T21:08:22Z
2026-06-27T21:06:46Z,2026-06-27T23:06:46+0200,44400f30-2862-403b-aedb-c9bc80837e62,2026-06-05T09:45:00Z,2026-06-05T11:45:00+0200,12981.41206,MW,DE,DE_LU,actual_onshore_wind_generation,Wind Onshore,2026-06-27T21:08:22Z
2026-06-27T21:06:46Z,2026-06-27T23:06:46+0200,44400f30-2862-403b-aedb-c9bc80837e62,2026-06-05T10:00:00Z,2026-06-05T12:00:00+0200,13118.05502,MW,DE,DE_LU,actual_onshore_wind_generation,Wind Onshore,2026-06-27T21:08:22Z
2026-06-27T21:06:46Z,2026-06-27T23:06:46+0200,44400f30-2862-403b-aedb-c9bc80837e62,2026-06-05T10:15:00Z,2026-06-05T12:15:00+0200,13121.39908,MW,DE,DE_LU,actual_onshore_wind_generation,Wind Onshore,2026-06-27T21:08:22Z
2026-06-27T21:06:46Z,2026-06-27T23:06:46+0200,44400f30-2862-403b-aedb-c9bc80837e62,2026-06-05T10:30:00Z,2026-06-05T12:30:00+0200,13302.85015,MW,DE,DE_LU,actual_onshore_wind_generation,Wind Onshore,2026-06-27T21:08:22Z
2026-06-27T21:06:46Z,2026-06-27T23:06:46+0200,44400f30-2862-403b-aedb-c9bc80837e62,2026-06-05T10:45:00Z,2026-06-05T12:45:00+0200,13144.40188,MW,DE,DE_LU,actual_onshore_wind_generation,Wind Onshore,2026-06-27T21:08:22Z
2026-06-27T21:06:46Z,2026-06-27T23:06:46+0200,44400f30-2862-403b-aedb-c9bc80837e62,2026-06-05T11:00:00Z,2026-06-05T13:00:00+0200,13262.36357,MW,DE,DE_LU,actual_onshore_wind_generation,Wind Onshore,2026-06-27T21:08:22Z
2026-06-27T21:06:46Z,2026-06-27T23:06:46+0200,44400f30-2862-403b-aedb-c9bc80837e62,2026-06-05T11:15:00Z,2026-06-05T13:15:00+0200,13246.05438,MW,DE,DE_LU,actual_onshore_wind_generation,Wind Onshore,2026-06-27T21:08:22Z
2026-06-27T21:06:46Z,2026-06-27T23:06:46+0200,44400f30-2862-403b-aedb-c9bc80837e62,2026-06-05T11:30:00Z,2026-06-05T13:30:00+0200,13148.2667,MW,DE,DE_LU,actual_onshore_wind_generation,Wind Onshore,2026-06-27T21:08:22Z
2026-06-27T21:06:46Z,2026-06-27T23:06:46+0200,44400f30-2862-403b-aedb-c9bc80837e62,2026-06-05T11:45:00Z,2026-06-05T13:45:00+0200,12483.58203,MW,DE,DE_LU,actual_onshore_wind_generation,Wind Onshore,2026-06-27T21:08:22Z
2026-06-27T21:06:46Z,2026-06-27T23:06:46+0200,44400f30-2862-403b-aedb-c9bc80837e62,2026-06-05T12:00:00Z,2026-06-05T14:00:00+0200,11996.13603,MW,DE,DE_LU,actual_onshore_wind_generation,Wind Onshore,2026-06-27T21:08:22Z
2026-06-27T21:06:46Z,2026-06-27T23:06:46+0200,44400f30-2862-403b-aedb-c9bc80837e62,2026-06-05T12:15:00Z,2026-06-05T14:15:00+0200,11318.38364,MW,DE,DE_LU,actual_onshore_wind_generation,Wind Onshore,2026-06-27T21:08:22Z
2026-06-27T21:06:46Z,2026-06-27T23:06:46+0200,44400f30-2862-403b-aedb-c9bc80837e62,2026-06-05T12:30:00Z,2026-06-05T14:30:00+0200,10829.98926,MW,DE,DE_LU,actual_onshore_wind_generation,Wind Onshore,2026-06-27T21:08:22Z
2026-06-27T21:06:46Z,2026-06-27T23:06:46+0200,44400f30-2862-403b-aedb-c9bc80837e62,2026-06-05T12:45:00Z,2026-06-05T14:45:00+0200,10611.03058,MW,DE,DE_LU,actual_onshore_wind_generation,Wind Onshore,2026-06-27T21:08:22Z
2026-06-27T21:06:46Z,2026-06-27T23:06:46+0200,44400f30-2862-403b-aedb-c9bc80837e62,2026-06-05T13:00:00Z,2026-06-05T15:00:00+0200,10502.90731,MW,DE,DE_LU,actual_onshore_wind_generation,Wind Onshore,2026-06-27T21:08:22Z
2026-06-27T21:06:46Z,2026-06-27T23:06:46+0200,44400f30-2862-403b-aedb-c9bc80837e62,2026-06-05T13:15:00Z,2026-06-05T15:15:00+0200,10175.26245,MW,DE,DE_LU,actual_onshore_wind_generation,Wind Onshore,2026-06-27T21:08:22Z
2026-06-27T21:06:46Z,2026-06-27T23:06:46+0200,44400f30-2862-403b-aedb-c9bc80837e62,2026-06-05T13:30:00Z,2026-06-05T15:30:00+0200,9663.97958,MW,DE,DE_LU,actual_onshore_wind_generation,Wind Onshore,2026-06-27T21:08:22Z
2026-06-27T21:06:46Z,2026-06-27T23:06:46+0200,44400f30-2862-403b-aedb-c9bc80837e62,2026-06-05T13:45:00Z,2026-06-05T15:45:00+0200,9493.60369,MW,DE,DE_LU,actual_onshore_wind_generation,Wind Onshore,2026-06-27T21:08:22Z
2026-06-27T21:06:46Z,2026-06-27T23:06:46+0200,44400f30-2862-403b-aedb-c9bc80837e62,2026-06-05T14:00:00Z,2026-06-05T16:00:00+0200,9192.3182,MW,DE,DE_LU,actual_onshore_wind_generation,Wind Onshore,2026-06-27T21:08:22Z
2026-06-27T21:06:46Z,2026-06-27T23:06:46+0200,44400f30-2862-403b-aedb-c9bc80837e62,2026-06-05T14:15:00Z,2026-06-05T16:15:00+0200,8812.32074,MW,DE,DE_LU,actual_onshore_wind_generation,Wind Onshore,2026-06-27T21:08:22Z
2026-06-27T21:06:46Z,2026-06-27T23:06:46+0200,44400f30-2862-403b-aedb-c9bc80837e62,2026-06-05T14:30:00Z,2026-06-05T16:30:00+0200,8467.09833,MW,DE,DE_LU,actual_onshore_wind_generation,Wind Onshore,2026-06-27T21:08:22Z
2026-06-27T21:06:46Z,2026-06-27T23:06:46+0200,44400f30-2862-403b-aedb-c9bc80837e62,2026-06-05T14:45:00Z,2026-06-05T16:45:00+0200,7933.36939,MW,DE,DE_LU,actual_onshore_wind_generation,Wind Onshore,2026-06-27T21:08:22Z
2026-06-27T21:06:46Z,2026-06-27T23:06:46+0200,44400f30-2862-403b-aedb-c9bc80837e62,2026-06-05T15:00:00Z,2026-06-05T17:00:00+0200,7543.04836,MW,DE,DE_LU,actual_onshore_wind_generation,Wind Onshore,2026-06-27T21:08:22Z
2026-06-27T21:06:46Z,2026-06-27T23:06:46+0200,44400f30-2862-403b-aedb-c9bc80837e62,2026-06-05T15:15:00Z,2026-06-05T17:15:00+0200,7491.75268,MW,DE,DE_LU,actual_onshore_wind_generation,Wind Onshore,2026-06-27T21:08:22Z
2026-06-27T21:06:46Z,2026-06-27T23:06:46+0200,44400f30-2862-403b-aedb-c9bc80837e62,2026-06-05T15:30:00Z,2026-06-05T17:30:00+0200,7080.31998,MW,DE,DE_LU,actual_onshore_wind_generation,Wind Onshore,2026-06-27T21:08:22Z
2026-06-27T21:06:46Z,2026-06-27T23:06:46+0200,44400f30-2862-403b-aedb-c9bc80837e62,2026-06-05T15:45:00Z,2026-06-05T17:45:00+0200,6626.81322,MW,DE,DE_LU,actual_onshore_wind_generation,Wind Onshore,2026-06-27T21:08:22Z
2026-06-27T21:06:46Z,2026-06-27T23:06:46+0200,44400f30-2862-403b-aedb-c9bc80837e62,2026-06-05T16:00:00Z,2026-06-05T18:00:00+0200,6567.22566,MW,DE,DE_LU,actual_onshore_wind_generation,Wind Onshore,2026-06-27T21:08:22Z
2026-06-27T21:06:46Z,2026-06-27T23:06:46+0200,44400f30-2862-403b-aedb-c9bc80837e62,2026-06-05T16:15:00Z,2026-06-05T18:15:00+0200,6326.139,MW,DE,DE_LU,actual_onshore_wind_generation,Wind Onshore,2026-06-27T21:08:22Z
2026-06-27T21:06:46Z,2026-06-27T23:06:46+0200,44400f30-2862-403b-aedb-c9bc80837e62,2026-06-05T16:30:00Z,2026-06-05T18:30:00+0200,6164.3713,MW,DE,DE_LU,actual_onshore_wind_generation,Wind Onshore,2026-06-27T21:08:22Z
2026-06-27T21:06:46Z,2026-06-27T23:06:46+0200,44400f30-2862-403b-aedb-c9bc80837e62,2026-06-05T16:45:00Z,2026-06-05T18:45:00+0200,5830.3141,MW,DE,DE_LU,actual_onshore_wind_generation,Wind Onshore,2026-06-27T21:08:22Z
2026-06-27T21:06:46Z,2026-06-27T23:06:46+0200,44400f30-2862-403b-aedb-c9bc80837e62,2026-06-05T17:00:00Z,2026-06-05T19:00:00+0200,5306.33975,MW,DE,DE_LU,actual_onshore_wind_generation,Wind Onshore,2026-06-27T21:08:22Z
2026-06-27T21:06:46Z,2026-06-27T23:06:46+0200,44400f30-2862-403b-aedb-c9bc80837e62,2026-06-05T17:15:00Z,2026-06-05T19:15:00+0200,4753.48004,MW,DE,DE_LU,actual_onshore_wind_generation,Wind Onshore,2026-06-27T21:08:22Z
2026-06-27T21:06:46Z,2026-06-27T23:06:46+0200,44400f30-2862-403b-aedb-c9bc80837e62,2026-06-05T17:30:00Z,2026-06-05T19:30:00+0200,4420.17605,MW,DE,DE_LU,actual_onshore_wind_generation,Wind Onshore,2026-06-27T21:08:22Z
2026-06-27T21:06:46Z,2026-06-27T23:06:46+0200,44400f30-2862-403b-aedb-c9bc80837e62,2026-06-05T17:45:00Z,2026-06-05T19:45:00+0200,4014.45393,MW,DE,DE_LU,actual_onshore_wind_generation,Wind Onshore,2026-06-27T21:08:22Z
2026-06-27T21:06:46Z,2026-06-27T23:06:46+0200,44400f30-2862-403b-aedb-c9bc80837e62,2026-06-05T18:00:00Z,2026-06-05T20:00:00+0200,3521.24783,MW,DE,DE_LU,actual_onshore_wind_generation,Wind Onshore,2026-06-27T21:08:22Z
2026-06-27T21:06:46Z,2026-06-27T23:06:46+0200,44400f30-2862-403b-aedb-c9bc80837e62,2026-06-05T18:15:00Z,2026-06-05T20:15:00+0200,3205.95429,MW,DE,DE_LU,actual_onshore_wind_generation,Wind Onshore,2026-06-27T21:08:22Z
2026-06-27T21:06:46Z,2026-06-27T23:06:46+0200,44400f30-2862-403b-aedb-c9bc80837e62,2026-06-05T18:30:00Z,2026-06-05T20:30:00+0200,2774.84734,MW,DE,DE_LU,actual_onshore_wind_generation,Wind Onshore,2026-06-27T21:08:22Z
2026-06-27T21:06:46Z,2026-06-27T23:06:46+0200,44400f30-2862-403b-aedb-c9bc80837e62,2026-06-05T18:45:00Z,2026-06-05T20:45:00+0200,2563.47728,MW,DE,DE_LU,actual_onshore_wind_generation,Wind Onshore,2026-06-27T21:08:22Z
2026-06-27T21:06:46Z,2026-06-27T23:06:46+0200,44400f30-2862-403b-aedb-c9bc80837e62,2026-06-05T19:00:00Z,2026-06-05T21:00:00+0200,2465.84535,MW,DE,DE_LU,actual_onshore_wind_generation,Wind Onshore,2026-06-27T21:08:22Z
2026-06-27T21:06:46Z,2026-06-27T23:06:46+0200,44400f30-2862-403b-aedb-c9bc80837e62,2026-06-05T19:15:00Z,2026-06-05T21:15:00+0200,2320.99078,MW,DE,DE_LU,actual_onshore_wind_generation,Wind Onshore,2026-06-27T21:08:22Z
2026-06-27T21:06:46Z,2026-06-27T23:06:46+0200,44400f30-2862-403b-aedb-c9bc80837e62,2026-06-05T19:30:00Z,2026-06-05T21:30:00+0200,2137.02956,MW,DE,DE_LU,actual_onshore_wind_generation,Wind Onshore,2026-06-27T21:08:22Z
2026-06-27T21:06:46Z,2026-06-27T23:06:46+0200,44400f30-2862-403b-aedb-c9bc80837e62,2026-06-05T19:45:00Z,2026-06-05T21:45:00+0200,1856.26163,MW,DE,DE_LU,actual_onshore_wind_generation,Wind Onshore,2026-06-27T21:08:22Z
2026-06-27T21:06:46Z,2026-06-27T23:06:46+0200,44400f30-2862-403b-aedb-c9bc80837e62,2026-06-05T20:00:00Z,2026-06-05T22:00:00+0200,1740.84156,MW,DE,DE_LU,actual_onshore_wind_generation,Wind Onshore,2026-06-27T21:08:22Z
2026-06-27T21:06:46Z,2026-06-27T23:06:46+0200,44400f30-2862-403b-aedb-c9bc80837e62,2026-06-05T20:15:00Z,2026-06-05T22:15:00+0200,1635.359,MW,DE,DE_LU,actual_onshore_wind_generation,Wind Onshore,2026-06-27T21:08:22Z
2026-06-27T21:06:46Z,2026-06-27T23:06:46+0200,44400f30-2862-403b-aedb-c9bc80837e62,2026-06-05T20:30:00Z,2026-06-05T22:30:00+0200,1594.66716,MW,DE,DE_LU,actual_onshore_wind_generation,Wind Onshore,2026-06-27T21:08:22Z
2026-06-27T21:06:46Z,2026-06-27T23:06:46+0200,44400f30-2862-403b-aedb-c9bc80837e62,2026-06-05T20:45:00Z,2026-06-05T22:45:00+0200,1546.06695,MW,DE,DE_LU,actual_onshore_wind_generation,Wind Onshore,2026-06-27T21:08:22Z
2026-06-27T21:06:46Z,2026-06-27T23:06:46+0200,44400f30-2862-403b-aedb-c9bc80837e62,2026-06-05T21:00:00Z,2026-06-05T23:00:00+0200,1478.45391,MW,DE,DE_LU,actual_onshore_wind_generation,Wind Onshore,2026-06-27T21:08:22Z
2026-06-27T21:06:46Z,2026-06-27T23:06:46+0200,44400f30-2862-403b-aedb-c9bc80837e62,2026-06-05T21:15:00Z,2026-06-05T23:15:00+0200,1400.04914,MW,DE,DE_LU,actual_onshore_wind_generation,Wind Onshore,2026-06-27T21:08:22Z
2026-06-27T21:06:46Z,2026-06-27T23:06:46+0200,44400f30-2862-403b-aedb-c9bc80837e62,2026-06-05T21:30:00Z,2026-06-05T23:30:00+0200,1378.99218,MW,DE,DE_LU,actual_onshore_wind_generation,Wind Onshore,2026-06-27T21:08:22Z
2026-06-27T21:06:46Z,2026-06-27T23:06:46+0200,44400f30-2862-403b-aedb-c9bc80837e62,2026-06-05T21:45:00Z,2026-06-05T23:45:00+0200,1384.46294,MW,DE,DE_LU,actual_onshore_wind_generation,Wind Onshore,2026-06-27T21:08:22Z
2026-06-27T21:06:46Z,2026-06-27T23:06:46+0200,44400f30-2862-403b-aedb-c9bc80837e62,2026-06-05T22:00:00Z,2026-06-06T00:00:00+0200,1379.57179,MW,DE,DE_LU,actual_onshore_wind_generation,Wind Onshore,2026-06-27T21:08:22Z
2026-06-27T21:06:46Z,2026-06-27T23:06:46+0200,44400f30-2862-403b-aedb-c9bc80837e62,2026-06-05T22:15:00Z,2026-06-06T00:15:00+0200,1392.11178,MW,DE,DE_LU,actual_onshore_wind_generation,Wind Onshore,2026-06-27T21:08:22Z
2026-06-27T21:06:46Z,2026-06-27T23:06:46+0200,44400f30-2862-403b-aedb-c9bc80837e62,2026-06-05T22:30:00Z,2026-06-06T00:30:00+0200,1409.96501,MW,DE,DE_LU,actual_onshore_wind_generation,Wind Onshore,2026-06-27T21:08:22Z
2026-06-27T21:06:46Z,2026-06-27T23:06:46+0200,44400f30-2862-403b-aedb-c9bc80837e62,2026-06-05T22:45:00Z,2026-06-06T00:45:00+0200,1417.25346,MW,DE,DE_LU,actual_onshore_wind_generation,Wind Onshore,2026-06-27T21:08:22Z
2026-06-27T21:06:46Z,2026-06-27T23:06:46+0200,44400f30-2862-403b-aedb-c9bc80837e62,2026-06-05T23:00:00Z,2026-06-06T01:00:00+0200,1408.33418,MW,DE,DE_LU,actual_onshore_wind_generation,Wind Onshore,2026-06-27T21:08:22Z
2026-06-27T21:06:46Z,2026-06-27T23:06:46+0200,44400f30-2862-403b-aedb-c9bc80837e62,2026-06-05T23:15:00Z,2026-06-06T01:15:00+0200,1395.8147,MW,DE,DE_LU,actual_onshore_wind_generation,Wind Onshore,2026-06-27T21:08:22Z
2026-06-27T21:06:46Z,2026-06-27T23:06:46+0200,44400f30-2862-403b-aedb-c9bc80837e62,2026-06-05T23:30:00Z,2026-06-06T01:30:00+0200,1365.13546,MW,DE,DE_LU,actual_onshore_wind_generation,Wind Onshore,2026-06-27T21:08:22Z
2026-06-27T21:06:46Z,2026-06-27T23:06:46+0200,44400f30-2862-403b-aedb-c9bc80837e62,2026-06-05T23:45:00Z,2026-06-06T01:45:00+0200,1325.00055,MW,DE,DE_LU,actual_onshore_wind_generation,Wind Onshore,2026-06-27T21:08:22Z
2026-06-27T21:06:46Z,2026-06-27T23:06:46+0200,44400f30-2862-403b-aedb-c9bc80837e62,2026-06-06T00:00:00Z,2026-06-06T02:00:00+0200,1270.29263,MW,DE,DE_LU,actual_onshore_wind_generation,Wind Onshore,2026-06-27T21:08:22Z
2026-06-27T21:06:46Z,2026-06-27T23:06:46+0200,44400f30-2862-403b-aedb-c9bc80837e62,2026-06-06T00:15:00Z,2026-06-06T02:15:00+0200,1220.37358,MW,DE,DE_LU,actual_onshore_wind_generation,Wind Onshore,2026-06-27T21:08:22Z
2026-06-27T21:06:46Z,2026-06-27T23:06:46+0200,44400f30-2862-403b-aedb-c9bc80837e62,2026-06-06T00:30:00Z,2026-06-06T02:30:00+0200,1209.52321,MW,DE,DE_LU,actual_onshore_wind_generation,Wind Onshore,2026-06-27T21:08:22Z
2026-06-27T21:06:46Z,2026-06-27T23:06:46+0200,44400f30-2862-403b-aedb-c9bc80837e62,2026-06-06T00:45:00Z,2026-06-06T02:45:00+0200,1195.23627,MW,DE,DE_LU,actual_onshore_wind_generation,Wind Onshore,2026-06-27T21:08:22Z
2026-06-27T21:06:46Z,2026-06-27T23:06:46+0200,44400f30-2862-403b-aedb-c9bc80837e62,2026-06-06T01:00:00Z,2026-06-06T03:00:00+0200,1195.92987,MW,DE,DE_LU,actual_onshore_wind_generation,Wind Onshore,2026-06-27T21:08:22Z
2026-06-27T21:06:46Z,2026-06-27T23:06:46+0200,44400f30-2862-403b-aedb-c9bc80837e62,2026-06-06T01:15:00Z,2026-06-06T03:15:00+0200,1178.28926,MW,DE,DE_LU,actual_onshore_wind_generation,Wind Onshore,2026-06-27T21:08:22Z
2026-06-27T21:06:46Z,2026-06-27T23:06:46+0200,44400f30-2862-403b-aedb-c9bc80837e62,2026-06-06T01:30:00Z,2026-06-06T03:30:00+0200,1143.12741,MW,DE,DE_LU,actual_onshore_wind_generation,Wind Onshore,2026-06-27T21:08:22Z
2026-06-27T21:06:46Z,2026-06-27T23:06:46+0200,44400f30-2862-403b-aedb-c9bc80837e62,2026-06-06T01:45:00Z,2026-06-06T03:45:00+0200,1155.74122,MW,DE,DE_LU,actual_onshore_wind_generation,Wind Onshore,2026-06-27T21:08:22Z
2026-06-27T21:06:46Z,2026-06-27T23:06:46+0200,44400f30-2862-403b-aedb-c9bc80837e62,2026-06-06T02:00:00Z,2026-06-06T04:00:00+0200,1170.06905,MW,DE,DE_LU,actual_onshore_wind_generation,Wind Onshore,2026-06-27T21:08:22Z
2026-06-27T21:06:46Z,2026-06-27T23:06:46+0200,44400f30-2862-403b-aedb-c9bc80837e62,2026-06-06T02:15:00Z,2026-06-06T04:15:00+0200,1176.03919,MW,DE,DE_LU,actual_onshore_wind_generation,Wind Onshore,2026-06-27T21:08:22Z
2026-06-27T21:06:46Z,2026-06-27T23:06:46+0200,44400f30-2862-403b-aedb-c9bc80837e62,2026-06-06T02:30:00Z,2026-06-06T04:30:00+0200,1201.8082,MW,DE,DE_LU,actual_onshore_wind_generation,Wind Onshore,2026-06-27T21:08:22Z
2026-06-27T21:06:46Z,2026-06-27T23:06:46+0200,44400f30-2862-403b-aedb-c9bc80837e62,2026-06-06T02:45:00Z,2026-06-06T04:45:00+0200,1275.46406,MW,DE,DE_LU,actual_onshore_wind_generation,Wind Onshore,2026-06-27T21:08:22Z
2026-06-27T21:06:46Z,2026-06-27T23:06:46+0200,44400f30-2862-403b-aedb-c9bc80837e62,2026-06-06T03:00:00Z,2026-06-06T05:00:00+0200,1330.97281,MW,DE,DE_LU,actual_onshore_wind_generation,Wind Onshore,2026-06-27T21:08:22Z
2026-06-27T21:06:46Z,2026-06-27T23:06:46+0200,44400f30-2862-403b-aedb-c9bc80837e62,2026-06-06T03:15:00Z,2026-06-06T05:15:00+0200,1510.37996,MW,DE,DE_LU,actual_onshore_wind_generation,Wind Onshore,2026-06-27T21:08:22Z
2026-06-27T21:06:46Z,2026-06-27T23:06:46+0200,44400f30-2862-403b-aedb-c9bc80837e62,2026-06-06T03:30:00Z,2026-06-06T05:30:00+0200,1712.37457,MW,DE,DE_LU,actual_onshore_wind_generation,Wind Onshore,2026-06-27T21:08:22Z
2026-06-27T21:06:46Z,2026-06-27T23:06:46+0200,44400f30-2862-403b-aedb-c9bc80837e62,2026-06-06T03:45:00Z,2026-06-06T05:45:00+0200,1791.91075,MW,DE,DE_LU,actual_onshore_wind_generation,Wind Onshore,2026-06-27T21:08:22Z
2026-06-27T21:06:46Z,2026-06-27T23:06:46+0200,44400f30-2862-403b-aedb-c9bc80837e62,2026-06-06T04:00:00Z,2026-06-06T06:00:00+0200,1849.60258,MW,DE,DE_LU,actual_onshore_wind_generation,Wind Onshore,2026-06-27T21:08:22Z
2026-06-27T21:06:46Z,2026-06-27T23:06:46+0200,44400f30-2862-403b-aedb-c9bc80837e62,2026-06-06T04:15:00Z,2026-06-06T06:15:00+0200,1911.36054,MW,DE,DE_LU,actual_onshore_wind_generation,Wind Onshore,2026-06-27T21:08:22Z
2026-06-27T21:06:46Z,2026-06-27T23:06:46+0200,44400f30-2862-403b-aedb-c9bc80837e62,2026-06-06T04:30:00Z,2026-06-06T06:30:00+0200,1961.42292,MW,DE,DE_LU,actual_onshore_wind_generation,Wind Onshore,2026-06-27T21:08:22Z
2026-06-27T21:06:46Z,2026-06-27T23:06:46+0200,44400f30-2862-403b-aedb-c9bc80837e62,2026-06-06T04:45:00Z,2026-06-06T06:45:00+0200,1970.05328,MW,DE,DE_LU,actual_onshore_wind_generation,Wind Onshore,2026-06-27T21:08:22Z
2026-06-27T21:06:46Z,2026-06-27T23:06:46+0200,44400f30-2862-403b-aedb-c9bc80837e62,2026-06-06T05:00:00Z,2026-06-06T07:00:00+0200,2003.18177,MW,DE,DE_LU,actual_onshore_wind_generation,Wind Onshore,2026-06-27T21:08:22Z
2026-06-27T21:06:46Z,2026-06-27T23:06:46+0200,44400f30-2862-403b-aedb-c9bc80837e62,2026-06-06T05:15:00Z,2026-06-06T07:15:00+0200,1908.6941,MW,DE,DE_LU,actual_onshore_wind_generation,Wind Onshore,2026-06-27T21:08:22Z
2026-06-27T21:06:46Z,2026-06-27T23:06:46+0200,44400f30-2862-403b-aedb-c9bc80837e62,2026-06-06T05:30:00Z,2026-06-06T07:30:00+0200,1792.39753,MW,DE,DE_LU,actual_onshore_wind_generation,Wind Onshore,2026-06-27T21:08:22Z
2026-06-27T21:06:46Z,2026-06-27T23:06:46+0200,44400f30-2862-403b-aedb-c9bc80837e62,2026-06-06T05:45:00Z,2026-06-06T07:45:00+0200,1595.05137,MW,DE,DE_LU,actual_onshore_wind_generation,Wind Onshore,2026-06-27T21:08:22Z
2026-06-27T21:06:46Z,2026-06-27T23:06:46+0200,44400f30-2862-403b-aedb-c9bc80837e62,2026-06-06T06:00:00Z,2026-06-06T08:00:00+0200,1408.43472,MW,DE,DE_LU,actual_onshore_wind_generation,Wind Onshore,2026-06-27T21:08:22Z
2026-06-27T21:06:46Z,2026-06-27T23:06:46+0200,44400f30-2862-403b-aedb-c9bc80837e62,2026-06-06T06:15:00Z,2026-06-06T08:15:00+0200,1256.84033,MW,DE,DE_LU,actual_onshore_wind_generation,Wind Onshore,2026-06-27T21:08:22Z
2026-06-27T21:06:46Z,2026-06-27T23:06:46+0200,44400f30-2862-403b-aedb-c9bc80837e62,2026-06-06T06:30:00Z,2026-06-06T08:30:00+0200,1101.05752,MW,DE,DE_LU,actual_onshore_wind_generation,Wind Onshore,2026-06-27T21:08:22Z
2026-06-27T21:06:46Z,2026-06-27T23:06:46+0200,44400f30-2862-403b-aedb-c9bc80837e62,2026-06-06T06:45:00Z,2026-06-06T08:45:00+0200,1029.61135,MW,DE,DE_LU,actual_onshore_wind_generation,Wind Onshore,2026-06-27T21:08:22Z
2026-06-27T21:06:46Z,2026-06-27T23:06:46+0200,44400f30-2862-403b-aedb-c9bc80837e62,2026-06-06T07:00:00Z,2026-06-06T09:00:00+0200,1027.40681,MW,DE,DE_LU,actual_onshore_wind_generation,Wind Onshore,2026-06-27T21:08:22Z
2026-06-27T21:06:46Z,2026-06-27T23:06:46+0200,44400f30-2862-403b-aedb-c9bc80837e62,2026-06-06T07:15:00Z,2026-06-06T09:15:00+0200,1010.09105,MW,DE,DE_LU,actual_onshore_wind_generation,Wind Onshore,2026-06-27T21:08:22Z
2026-06-27T21:06:46Z,2026-06-27T23:06:46+0200,44400f30-2862-403b-aedb-c9bc80837e62,2026-06-06T07:30:00Z,2026-06-06T09:30:00+0200,998.76143,MW,DE,DE_LU,actual_onshore_wind_generation,Wind Onshore,2026-06-27T21:08:22Z
2026-06-27T21:06:46Z,2026-06-27T23:06:46+0200,44400f30-2862-403b-aedb-c9bc80837e62,2026-06-06T07:45:00Z,2026-06-06T09:45:00+0200,1106.35267,MW,DE,DE_LU,actual_onshore_wind_generation,Wind Onshore,2026-06-27T21:08:22Z
2026-06-27T21:06:46Z,2026-06-27T23:06:46+0200,44400f30-2862-403b-aedb-c9bc80837e62,2026-06-06T08:00:00Z,2026-06-06T10:00:00+0200,1083.73852,MW,DE,DE_LU,actual_onshore_wind_generation,Wind Onshore,2026-06-27T21:08:22Z
2026-06-27T21:06:46Z,2026-06-27T23:06:46+0200,44400f30-2862-403b-aedb-c9bc80837e62,2026-06-06T08:15:00Z,2026-06-06T10:15:00+0200,1089.93067,MW,DE,DE_LU,actual_onshore_wind_generation,Wind Onshore,2026-06-27T21:08:22Z
2026-06-27T21:06:46Z,2026-06-27T23:06:46+0200,44400f30-2862-403b-aedb-c9bc80837e62,2026-06-06T08:30:00Z,2026-06-06T10:30:00+0200,1139.32433,MW,DE,DE_LU,actual_onshore_wind_generation,Wind Onshore,2026-06-27T21:08:22Z
2026-06-27T21:06:46Z,2026-06-27T23:06:46+0200,44400f30-2862-403b-aedb-c9bc80837e62,2026-06-06T08:45:00Z,2026-06-06T10:45:00+0200,1182.8804,MW,DE,DE_LU,actual_onshore_wind_generation,Wind Onshore,2026-06-27T21:08:22Z
2026-06-27T21:06:46Z,2026-06-27T23:06:46+0200,44400f30-2862-403b-aedb-c9bc80837e62,2026-06-06T09:00:00Z,2026-06-06T11:00:00+0200,1256.97736,MW,DE,DE_LU,actual_onshore_wind_generation,Wind Onshore,2026-06-27T21:08:22Z
2026-06-27T21:06:46Z,2026-06-27T23:06:46+0200,44400f30-2862-403b-aedb-c9bc80837e62,2026-06-06T09:15:00Z,2026-06-06T11:15:00+0200,1322.53108,MW,DE,DE_LU,actual_onshore_wind_generation,Wind Onshore,2026-06-27T21:08:22Z
2026-06-27T21:06:46Z,2026-06-27T23:06:46+0200,44400f30-2862-403b-aedb-c9bc80837e62,2026-06-06T09:30:00Z,2026-06-06T11:30:00+0200,1367.69893,MW,DE,DE_LU,actual_onshore_wind_generation,Wind Onshore,2026-06-27T21:08:22Z
2026-06-27T21:06:46Z,2026-06-27T23:06:46+0200,44400f30-2862-403b-aedb-c9bc80837e62,2026-06-06T09:45:00Z,2026-06-06T11:45:00+0200,1442.63043,MW,DE,DE_LU,actual_onshore_wind_generation,Wind Onshore,2026-06-27T21:08:22Z
2026-06-27T21:06:46Z,2026-06-27T23:06:46+0200,44400f30-2862-403b-aedb-c9bc80837e62,2026-06-06T10:00:00Z,2026-06-06T12:00:00+0200,1510.64938,MW,DE,DE_LU,actual_onshore_wind_generation,Wind Onshore,2026-06-27T21:08:22Z
2026-06-27T21:06:46Z,2026-06-27T23:06:46+0200,44400f30-2862-403b-aedb-c9bc80837e62,2026-06-06T10:15:00Z,2026-06-06T12:15:00+0200,1663.05646,MW,DE,DE_LU,actual_onshore_wind_generation,Wind Onshore,2026-06-27T21:08:22Z
2026-06-27T21:06:46Z,2026-06-27T23:06:46+0200,44400f30-2862-403b-aedb-c9bc80837e62,2026-06-06T10:30:00Z,2026-06-06T12:30:00+0200,1807.94383,MW,DE,DE_LU,actual_onshore_wind_generation,Wind Onshore,2026-06-27T21:08:22Z
2026-06-27T21:06:46Z,2026-06-27T23:06:46+0200,44400f30-2862-403b-aedb-c9bc80837e62,2026-06-06T10:45:00Z,2026-06-06T12:45:00+0200,1878.38464,MW,DE,DE_LU,actual_onshore_wind_generation,Wind Onshore,2026-06-27T21:08:22Z
2026-06-27T21:06:46Z,2026-06-27T23:06:46+0200,44400f30-2862-403b-aedb-c9bc80837e62,2026-06-06T11:00:00Z,2026-06-06T13:00:00+0200,1994.43884,MW,DE,DE_LU,actual_onshore_wind_generation,Wind Onshore,2026-06-27T21:08:22Z
2026-06-27T21:06:46Z,2026-06-27T23:06:46+0200,44400f30-2862-403b-aedb-c9bc80837e62,2026-06-06T11:15:00Z,2026-06-06T13:15:00+0200,2009.53297,MW,DE,DE_LU,actual_onshore_wind_generation,Wind Onshore,2026-06-27T21:08:22Z
2026-06-27T21:06:46Z,2026-06-27T23:06:46+0200,44400f30-2862-403b-aedb-c9bc80837e62,2026-06-06T11:30:00Z,2026-06-06T13:30:00+0200,2154.50604,MW,DE,DE_LU,actual_onshore_wind_generation,Wind Onshore,2026-06-27T21:08:22Z
2026-06-27T21:06:46Z,2026-06-27T23:06:46+0200,44400f30-2862-403b-aedb-c9bc80837e62,2026-06-06T11:45:00Z,2026-06-06T13:45:00+0200,2228.73854,MW,DE,DE_LU,actual_onshore_wind_generation,Wind Onshore,2026-06-27T21:08:22Z
2026-06-27T21:06:46Z,2026-06-27T23:06:46+0200,44400f30-2862-403b-aedb-c9bc80837e62,2026-06-06T12:00:00Z,2026-06-06T14:00:00+0200,2237.56958,MW,DE,DE_LU,actual_onshore_wind_generation,Wind Onshore,2026-06-27T21:08:22Z
2026-06-27T21:06:46Z,2026-06-27T23:06:46+0200,44400f30-2862-403b-aedb-c9bc80837e62,2026-06-06T12:15:00Z,2026-06-06T14:15:00+0200,2326.8718,MW,DE,DE_LU,actual_onshore_wind_generation,Wind Onshore,2026-06-27T21:08:22Z
2026-06-27T21:06:46Z,2026-06-27T23:06:46+0200,44400f30-2862-403b-aedb-c9bc80837e62,2026-06-06T12:30:00Z,2026-06-06T14:30:00+0200,2391.16814,MW,DE,DE_LU,actual_onshore_wind_generation,Wind Onshore,2026-06-27T21:08:22Z
2026-06-27T21:06:46Z,2026-06-27T23:06:46+0200,44400f30-2862-403b-aedb-c9bc80837e62,2026-06-06T12:45:00Z,2026-06-06T14:45:00+0200,2521.98848,MW,DE,DE_LU,actual_onshore_wind_generation,Wind Onshore,2026-06-27T21:08:22Z
2026-06-27T21:06:46Z,2026-06-27T23:06:46+0200,44400f30-2862-403b-aedb-c9bc80837e62,2026-06-06T13:00:00Z,2026-06-06T15:00:00+0200,3184.32059,MW,DE,DE_LU,actual_onshore_wind_generation,Wind Onshore,2026-06-27T21:08:22Z
2026-06-27T21:06:46Z,2026-06-27T23:06:46+0200,44400f30-2862-403b-aedb-c9bc80837e62,2026-06-06T13:15:00Z,2026-06-06T15:15:00+0200,3805.65736,MW,DE,DE_LU,actual_onshore_wind_generation,Wind Onshore,2026-06-27T21:08:22Z
2026-06-27T21:06:46Z,2026-06-27T23:06:46+0200,44400f30-2862-403b-aedb-c9bc80837e62,2026-06-06T13:30:00Z,2026-06-06T15:30:00+0200,4218.30975,MW,DE,DE_LU,actual_onshore_wind_generation,Wind Onshore,2026-06-27T21:08:22Z
2026-06-27T21:06:46Z,2026-06-27T23:06:46+0200,44400f30-2862-403b-aedb-c9bc80837e62,2026-06-06T13:45:00Z,2026-06-06T15:45:00+0200,4620.24076,MW,DE,DE_LU,actual_onshore_wind_generation,Wind Onshore,2026-06-27T21:08:22Z
2026-06-27T21:06:46Z,2026-06-27T23:06:46+0200,44400f30-2862-403b-aedb-c9bc80837e62,2026-06-06T14:00:00Z,2026-06-06T16:00:00+0200,4715.53838,MW,DE,DE_LU,actual_onshore_wind_generation,Wind Onshore,2026-06-27T21:08:22Z
2026-06-27T21:06:46Z,2026-06-27T23:06:46+0200,44400f30-2862-403b-aedb-c9bc80837e62,2026-06-06T14:15:00Z,2026-06-06T16:15:00+0200,5041.97891,MW,DE,DE_LU,actual_onshore_wind_generation,Wind Onshore,2026-06-27T21:08:22Z
2026-06-27T21:06:46Z,2026-06-27T23:06:46+0200,44400f30-2862-403b-aedb-c9bc80837e62,2026-06-06T14:30:00Z,2026-06-06T16:30:00+0200,5041.53761,MW,DE,DE_LU,actual_onshore_wind_generation,Wind Onshore,2026-06-27T21:08:22Z
2026-06-27T21:06:46Z,2026-06-27T23:06:46+0200,44400f30-2862-403b-aedb-c9bc80837e62,2026-06-06T14:45:00Z,2026-06-06T16:45:00+0200,5086.23739,MW,DE,DE_LU,actual_onshore_wind_generation,Wind Onshore,2026-06-27T21:08:22Z
2026-06-27T21:06:46Z,2026-06-27T23:06:46+0200,44400f30-2862-403b-aedb-c9bc80837e62,2026-06-06T15:00:00Z,2026-06-06T17:00:00+0200,5271.06955,MW,DE,DE_LU,actual_onshore_wind_generation,Wind Onshore,2026-06-27T21:08:22Z
2026-06-27T21:06:46Z,2026-06-27T23:06:46+0200,44400f30-2862-403b-aedb-c9bc80837e62,2026-06-06T15:15:00Z,2026-06-06T17:15:00+0200,5208.85361,MW,DE,DE_LU,actual_onshore_wind_generation,Wind Onshore,2026-06-27T21:08:22Z
2026-06-27T21:06:46Z,2026-06-27T23:06:46+0200,44400f30-2862-403b-aedb-c9bc80837e62,2026-06-06T15:30:00Z,2026-06-06T17:30:00+0200,5191.43674,MW,DE,DE_LU,actual_onshore_wind_generation,Wind Onshore,2026-06-27T21:08:22Z
2026-06-27T21:06:46Z,2026-06-27T23:06:46+0200,44400f30-2862-403b-aedb-c9bc80837e62,2026-06-06T15:45:00Z,2026-06-06T17:45:00+0200,5395.36843,MW,DE,DE_LU,actual_onshore_wind_generation,Wind Onshore,2026-06-27T21:08:22Z
2026-06-27T21:06:46Z,2026-06-27T23:06:46+0200,44400f30-2862-403b-aedb-c9bc80837e62,2026-06-06T16:00:00Z,2026-06-06T18:00:00+0200,5339.7881,MW,DE,DE_LU,actual_onshore_wind_generation,Wind Onshore,2026-06-27T21:08:22Z
2026-06-27T21:06:46Z,2026-06-27T23:06:46+0200,44400f30-2862-403b-aedb-c9bc80837e62,2026-06-06T16:15:00Z,2026-06-06T18:15:00+0200,5245.40489,MW,DE,DE_LU,actual_onshore_wind_generation,Wind Onshore,2026-06-27T21:08:22Z
2026-06-27T21:06:46Z,2026-06-27T23:06:46+0200,44400f30-2862-403b-aedb-c9bc80837e62,2026-06-06T16:30:00Z,2026-06-06T18:30:00+0200,5495.44974,MW,DE,DE_LU,actual_onshore_wind_generation,Wind Onshore,2026-06-27T21:08:22Z
2026-06-27T21:06:46Z,2026-06-27T23:06:46+0200,44400f30-2862-403b-aedb-c9bc80837e62,2026-06-06T16:45:00Z,2026-06-06T18:45:00+0200,5658.22188,MW,DE,DE_LU,actual_onshore_wind_generation,Wind Onshore,2026-06-27T21:08:22Z
2026-06-27T21:06:46Z,2026-06-27T23:06:46+0200,44400f30-2862-403b-aedb-c9bc80837e62,2026-06-06T17:00:00Z,2026-06-06T19:00:00+0200,5859.17593,MW,DE,DE_LU,actual_onshore_wind_generation,Wind Onshore,2026-06-27T21:08:22Z
2026-06-27T21:06:46Z,2026-06-27T23:06:46+0200,44400f30-2862-403b-aedb-c9bc80837e62,2026-06-06T17:15:00Z,2026-06-06T19:15:00+0200,5695.36746,MW,DE,DE_LU,actual_onshore_wind_generation,Wind Onshore,2026-06-27T21:08:22Z
2026-06-27T21:06:46Z,2026-06-27T23:06:46+0200,44400f30-2862-403b-aedb-c9bc80837e62,2026-06-06T17:30:00Z,2026-06-06T19:30:00+0200,5503.72095,MW,DE,DE_LU,actual_onshore_wind_generation,Wind Onshore,2026-06-27T21:08:22Z
2026-06-27T21:06:46Z,2026-06-27T23:06:46+0200,44400f30-2862-403b-aedb-c9bc80837e62,2026-06-06T17:45:00Z,2026-06-06T19:45:00+0200,5463.70105,MW,DE,DE_LU,actual_onshore_wind_generation,Wind Onshore,2026-06-27T21:08:22Z
2026-06-27T21:06:46Z,2026-06-27T23:06:46+0200,44400f30-2862-403b-aedb-c9bc80837e62,2026-06-06T18:00:00Z,2026-06-06T20:00:00+0200,5482.60961,MW,DE,DE_LU,actual_onshore_wind_generation,Wind Onshore,2026-06-27T21:08:22Z
2026-06-27T21:06:46Z,2026-06-27T23:06:46+0200,44400f30-2862-403b-aedb-c9bc80837e62,2026-06-06T18:15:00Z,2026-06-06T20:15:00+0200,5758.65577,MW,DE,DE_LU,actual_onshore_wind_generation,Wind Onshore,2026-06-27T21:08:22Z
2026-06-27T21:06:46Z,2026-06-27T23:06:46+0200,44400f30-2862-403b-aedb-c9bc80837e62,2026-06-06T18:30:00Z,2026-06-06T20:30:00+0200,6204.67603,MW,DE,DE_LU,actual_onshore_wind_generation,Wind Onshore,2026-06-27T21:08:22Z
2026-06-27T21:06:46Z,2026-06-27T23:06:46+0200,44400f30-2862-403b-aedb-c9bc80837e62,2026-06-06T18:45:00Z,2026-06-06T20:45:00+0200,6722.84059,MW,DE,DE_LU,actual_onshore_wind_generation,Wind Onshore,2026-06-27T21:08:22Z
2026-06-27T21:06:46Z,2026-06-27T23:06:46+0200,44400f30-2862-403b-aedb-c9bc80837e62,2026-06-06T19:00:00Z,2026-06-06T21:00:00+0200,7219.00233,MW,DE,DE_LU,actual_onshore_wind_generation,Wind Onshore,2026-06-27T21:08:22Z
2026-06-27T21:06:46Z,2026-06-27T23:06:46+0200,44400f30-2862-403b-aedb-c9bc80837e62,2026-06-06T19:15:00Z,2026-06-06T21:15:00+0200,7793.97873,MW,DE,DE_LU,actual_onshore_wind_generation,Wind Onshore,2026-06-27T21:08:22Z
2026-06-27T21:06:46Z,2026-06-27T23:06:46+0200,44400f30-2862-403b-aedb-c9bc80837e62,2026-06-06T19:30:00Z,2026-06-06T21:30:00+0200,8065.69846,MW,DE,DE_LU,actual_onshore_wind_generation,Wind Onshore,2026-06-27T21:08:22Z
2026-06-27T21:06:46Z,2026-06-27T23:06:46+0200,44400f30-2862-403b-aedb-c9bc80837e62,2026-06-06T19:45:00Z,2026-06-06T21:45:00+0200,7925.35489,MW,DE,DE_LU,actual_onshore_wind_generation,Wind Onshore,2026-06-27T21:08:22Z
2026-06-27T21:06:46Z,2026-06-27T23:06:46+0200,44400f30-2862-403b-aedb-c9bc80837e62,2026-06-06T20:00:00Z,2026-06-06T22:00:00+0200,7782.26398,MW,DE,DE_LU,actual_onshore_wind_generation,Wind Onshore,2026-06-27T21:08:22Z
2026-06-27T21:06:46Z,2026-06-27T23:06:46+0200,44400f30-2862-403b-aedb-c9bc80837e62,2026-06-06T20:15:00Z,2026-06-06T22:15:00+0200,8076.87594,MW,DE,DE_LU,actual_onshore_wind_generation,Wind Onshore,2026-06-27T21:08:22Z
2026-06-27T21:06:46Z,2026-06-27T23:06:46+0200,44400f30-2862-403b-aedb-c9bc80837e62,2026-06-06T20:30:00Z,2026-06-06T22:30:00+0200,8186.3261,MW,DE,DE_LU,actual_onshore_wind_generation,Wind Onshore,2026-06-27T21:08:22Z
2026-06-27T21:06:46Z,2026-06-27T23:06:46+0200,44400f30-2862-403b-aedb-c9bc80837e62,2026-06-06T20:45:00Z,2026-06-06T22:45:00+0200,8397.4274,MW,DE,DE_LU,actual_onshore_wind_generation,Wind Onshore,2026-06-27T21:08:22Z
2026-06-27T21:06:46Z,2026-06-27T23:06:46+0200,44400f30-2862-403b-aedb-c9bc80837e62,2026-06-06T21:00:00Z,2026-06-06T23:00:00+0200,8955.9634,MW,DE,DE_LU,actual_onshore_wind_generation,Wind Onshore,2026-06-27T21:08:22Z
2026-06-27T21:06:46Z,2026-06-27T23:06:46+0200,44400f30-2862-403b-aedb-c9bc80837e62,2026-06-06T21:15:00Z,2026-06-06T23:15:00+0200,9591.28109,MW,DE,DE_LU,actual_onshore_wind_generation,Wind Onshore,2026-06-27T21:08:22Z
2026-06-27T21:06:46Z,2026-06-27T23:06:46+0200,44400f30-2862-403b-aedb-c9bc80837e62,2026-06-06T21:30:00Z,2026-06-06T23:30:00+0200,10269.5345,MW,DE,DE_LU,actual_onshore_wind_generation,Wind Onshore,2026-06-27T21:08:22Z
2026-06-27T21:06:46Z,2026-06-27T23:06:46+0200,44400f30-2862-403b-aedb-c9bc80837e62,2026-06-06T21:45:00Z,2026-06-06T23:45:00+0200,10895.94028,MW,DE,DE_LU,actual_onshore_wind_generation,Wind Onshore,2026-06-27T21:08:22Z
2026-06-27T21:06:46Z,2026-06-27T23:06:46+0200,44400f30-2862-403b-aedb-c9bc80837e62,2026-06-06T22:00:00Z,2026-06-07T00:00:00+0200,11504.83851,MW,DE,DE_LU,actual_onshore_wind_generation,Wind Onshore,2026-06-27T21:08:22Z
2026-06-27T21:06:46Z,2026-06-27T23:06:46+0200,44400f30-2862-403b-aedb-c9bc80837e62,2026-06-06T22:15:00Z,2026-06-07T00:15:00+0200,12192.56382,MW,DE,DE_LU,actual_onshore_wind_generation,Wind Onshore,2026-06-27T21:08:22Z
2026-06-27T21:06:46Z,2026-06-27T23:06:46+0200,44400f30-2862-403b-aedb-c9bc80837e62,2026-06-06T22:30:00Z,2026-06-07T00:30:00+0200,13192.33022,MW,DE,DE_LU,actual_onshore_wind_generation,Wind Onshore,2026-06-27T21:08:22Z
2026-06-27T21:06:46Z,2026-06-27T23:06:46+0200,44400f30-2862-403b-aedb-c9bc80837e62,2026-06-06T22:45:00Z,2026-06-07T00:45:00+0200,13750.07689,MW,DE,DE_LU,actual_onshore_wind_generation,Wind Onshore,2026-06-27T21:08:22Z
2026-06-27T21:06:46Z,2026-06-27T23:06:46+0200,44400f30-2862-403b-aedb-c9bc80837e62,2026-06-06T23:00:00Z,2026-06-07T01:00:00+0200,13903.98826,MW,DE,DE_LU,actual_onshore_wind_generation,Wind Onshore,2026-06-27T21:08:22Z
2026-06-27T21:06:46Z,2026-06-27T23:06:46+0200,44400f30-2862-403b-aedb-c9bc80837e62,2026-06-06T23:15:00Z,2026-06-07T01:15:00+0200,13571.61486,MW,DE,DE_LU,actual_onshore_wind_generation,Wind Onshore,2026-06-27T21:08:22Z
2026-06-27T21:06:46Z,2026-06-27T23:06:46+0200,44400f30-2862-403b-aedb-c9bc80837e62,2026-06-06T23:30:00Z,2026-06-07T01:30:00+0200,13711.51415,MW,DE,DE_LU,actual_onshore_wind_generation,Wind Onshore,2026-06-27T21:08:22Z
2026-06-27T21:06:46Z,2026-06-27T23:06:46+0200,44400f30-2862-403b-aedb-c9bc80837e62,2026-06-06T23:45:00Z,2026-06-07T01:45:00+0200,13615.07544,MW,DE,DE_LU,actual_onshore_wind_generation,Wind Onshore,2026-06-27T21:08:22Z
2026-06-27T21:06:46Z,2026-06-27T23:06:46+0200,44400f30-2862-403b-aedb-c9bc80837e62,2026-06-07T00:00:00Z,2026-06-07T02:00:00+0200,13310.88686,MW,DE,DE_LU,actual_onshore_wind_generation,Wind Onshore,2026-06-27T21:08:22Z
2026-06-27T21:06:46Z,2026-06-27T23:06:46+0200,44400f30-2862-403b-aedb-c9bc80837e62,2026-06-07T00:15:00Z,2026-06-07T02:15:00+0200,13111.06025,MW,DE,DE_LU,actual_onshore_wind_generation,Wind Onshore,2026-06-27T21:08:22Z
2026-06-27T21:06:46Z,2026-06-27T23:06:46+0200,44400f30-2862-403b-aedb-c9bc80837e62,2026-06-07T00:30:00Z,2026-06-07T02:30:00+0200,13236.92842,MW,DE,DE_LU,actual_onshore_wind_generation,Wind Onshore,2026-06-27T21:08:22Z
2026-06-27T21:06:46Z,2026-06-27T23:06:46+0200,44400f30-2862-403b-aedb-c9bc80837e62,2026-06-07T00:45:00Z,2026-06-07T02:45:00+0200,13387.29833,MW,DE,DE_LU,actual_onshore_wind_generation,Wind Onshore,2026-06-27T21:08:22Z
2026-06-27T21:06:46Z,2026-06-27T23:06:46+0200,44400f30-2862-403b-aedb-c9bc80837e62,2026-06-07T01:00:00Z,2026-06-07T03:00:00+0200,13528.54995,MW,DE,DE_LU,actual_onshore_wind_generation,Wind Onshore,2026-06-27T21:08:22Z
2026-06-27T21:06:46Z,2026-06-27T23:06:46+0200,44400f30-2862-403b-aedb-c9bc80837e62,2026-06-07T01:15:00Z,2026-06-07T03:15:00+0200,13812.27106,MW,DE,DE_LU,actual_onshore_wind_generation,Wind Onshore,2026-06-27T21:08:22Z
2026-06-27T21:06:46Z,2026-06-27T23:06:46+0200,44400f30-2862-403b-aedb-c9bc80837e62,2026-06-07T01:30:00Z,2026-06-07T03:30:00+0200,14287.94472,MW,DE,DE_LU,actual_onshore_wind_generation,Wind Onshore,2026-06-27T21:08:22Z
2026-06-27T21:06:46Z,2026-06-27T23:06:46+0200,44400f30-2862-403b-aedb-c9bc80837e62,2026-06-07T01:45:00Z,2026-06-07T03:45:00+0200,14741.47527,MW,DE,DE_LU,actual_onshore_wind_generation,Wind Onshore,2026-06-27T21:08:22Z
2026-06-27T21:06:46Z,2026-06-27T23:06:46+0200,44400f30-2862-403b-aedb-c9bc80837e62,2026-06-07T02:00:00Z,2026-06-07T04:00:00+0200,15186.31143,MW,DE,DE_LU,actual_onshore_wind_generation,Wind Onshore,2026-06-27T21:08:22Z
2026-06-27T21:06:46Z,2026-06-27T23:06:46+0200,44400f30-2862-403b-aedb-c9bc80837e62,2026-06-07T02:15:00Z,2026-06-07T04:15:00+0200,15591.78995,MW,DE,DE_LU,actual_onshore_wind_generation,Wind Onshore,2026-06-27T21:08:22Z
2026-06-27T21:06:46Z,2026-06-27T23:06:46+0200,44400f30-2862-403b-aedb-c9bc80837e62,2026-06-07T02:30:00Z,2026-06-07T04:30:00+0200,16209.02388,MW,DE,DE_LU,actual_onshore_wind_generation,Wind Onshore,2026-06-27T21:08:22Z
2026-06-27T21:06:46Z,2026-06-27T23:06:46+0200,44400f30-2862-403b-aedb-c9bc80837e62,2026-06-07T02:45:00Z,2026-06-07T04:45:00+0200,16664.33834,MW,DE,DE_LU,actual_onshore_wind_generation,Wind Onshore,2026-06-27T21:08:22Z
2026-06-27T21:06:46Z,2026-06-27T23:06:46+0200,44400f30-2862-403b-aedb-c9bc80837e62,2026-06-07T03:00:00Z,2026-06-07T05:00:00+0200,17088.99991,MW,DE,DE_LU,actual_onshore_wind_generation,Wind Onshore,2026-06-27T21:08:22Z
2026-06-27T21:06:46Z,2026-06-27T23:06:46+0200,44400f30-2862-403b-aedb-c9bc80837e62,2026-06-07T03:15:00Z,2026-06-07T05:15:00+0200,17408.64765,MW,DE,DE_LU,actual_onshore_wind_generation,Wind Onshore,2026-06-27T21:08:22Z
2026-06-27T21:06:46Z,2026-06-27T23:06:46+0200,44400f30-2862-403b-aedb-c9bc80837e62,2026-06-07T03:30:00Z,2026-06-07T05:30:00+0200,17574.90039,MW,DE,DE_LU,actual_onshore_wind_generation,Wind Onshore,2026-06-27T21:08:22Z
2026-06-27T21:06:46Z,2026-06-27T23:06:46+0200,44400f30-2862-403b-aedb-c9bc80837e62,2026-06-07T03:45:00Z,2026-06-07T05:45:00+0200,17547.14879,MW,DE,DE_LU,actual_onshore_wind_generation,Wind Onshore,2026-06-27T21:08:22Z
2026-06-27T21:06:46Z,2026-06-27T23:06:46+0200,44400f30-2862-403b-aedb-c9bc80837e62,2026-06-07T04:00:00Z,2026-06-07T06:00:00+0200,17979.5467,MW,DE,DE_LU,actual_onshore_wind_generation,Wind Onshore,2026-06-27T21:08:22Z
2026-06-27T21:06:46Z,2026-06-27T23:06:46+0200,44400f30-2862-403b-aedb-c9bc80837e62,2026-06-07T04:15:00Z,2026-06-07T06:15:00+0200,17986.56175,MW,DE,DE_LU,actual_onshore_wind_generation,Wind Onshore,2026-06-27T21:08:22Z
2026-06-27T21:06:46Z,2026-06-27T23:06:46+0200,44400f30-2862-403b-aedb-c9bc80837e62,2026-06-07T04:30:00Z,2026-06-07T06:30:00+0200,17835.65035,MW,DE,DE_LU,actual_onshore_wind_generation,Wind Onshore,2026-06-27T21:08:22Z
2026-06-27T21:06:46Z,2026-06-27T23:06:46+0200,44400f30-2862-403b-aedb-c9bc80837e62,2026-06-07T04:45:00Z,2026-06-07T06:45:00+0200,17744.32717,MW,DE,DE_LU,actual_onshore_wind_generation,Wind Onshore,2026-06-27T21:08:22Z
2026-06-27T21:06:46Z,2026-06-27T23:06:46+0200,44400f30-2862-403b-aedb-c9bc80837e62,2026-06-07T05:00:00Z,2026-06-07T07:00:00+0200,17432.04291,MW,DE,DE_LU,actual_onshore_wind_generation,Wind Onshore,2026-06-27T21:08:22Z
2026-06-27T21:06:46Z,2026-06-27T23:06:46+0200,44400f30-2862-403b-aedb-c9bc80837e62,2026-06-07T05:15:00Z,2026-06-07T07:15:00+0200,16848.097,MW,DE,DE_LU,actual_onshore_wind_generation,Wind Onshore,2026-06-27T21:08:22Z
2026-06-27T21:06:46Z,2026-06-27T23:06:46+0200,44400f30-2862-403b-aedb-c9bc80837e62,2026-06-07T05:30:00Z,2026-06-07T07:30:00+0200,16845.66209,MW,DE,DE_LU,actual_onshore_wind_generation,Wind Onshore,2026-06-27T21:08:22Z
2026-06-27T21:06:46Z,2026-06-27T23:06:46+0200,44400f30-2862-403b-aedb-c9bc80837e62,2026-06-07T05:45:00Z,2026-06-07T07:45:00+0200,16643.32454,MW,DE,DE_LU,actual_onshore_wind_generation,Wind Onshore,2026-06-27T21:08:22Z
2026-06-27T21:06:46Z,2026-06-27T23:06:46+0200,44400f30-2862-403b-aedb-c9bc80837e62,2026-06-07T06:00:00Z,2026-06-07T08:00:00+0200,15958.99916,MW,DE,DE_LU,actual_onshore_wind_generation,Wind Onshore,2026-06-27T21:08:22Z
2026-06-27T21:06:46Z,2026-06-27T23:06:46+0200,44400f30-2862-403b-aedb-c9bc80837e62,2026-06-07T06:15:00Z,2026-06-07T08:15:00+0200,16118.35242,MW,DE,DE_LU,actual_onshore_wind_generation,Wind Onshore,2026-06-27T21:08:22Z
2026-06-27T21:06:46Z,2026-06-27T23:06:46+0200,44400f30-2862-403b-aedb-c9bc80837e62,2026-06-07T06:30:00Z,2026-06-07T08:30:00+0200,15482.1984,MW,DE,DE_LU,actual_onshore_wind_generation,Wind Onshore,2026-06-27T21:08:22Z
2026-06-27T21:06:46Z,2026-06-27T23:06:46+0200,44400f30-2862-403b-aedb-c9bc80837e62,2026-06-07T06:45:00Z,2026-06-07T08:45:00+0200,15133.69391,MW,DE,DE_LU,actual_onshore_wind_generation,Wind Onshore,2026-06-27T21:08:22Z
2026-06-27T21:06:46Z,2026-06-27T23:06:46+0200,44400f30-2862-403b-aedb-c9bc80837e62,2026-06-07T07:00:00Z,2026-06-07T09:00:00+0200,15417.92248,MW,DE,DE_LU,actual_onshore_wind_generation,Wind Onshore,2026-06-27T21:08:22Z
2026-06-27T21:06:46Z,2026-06-27T23:06:46+0200,44400f30-2862-403b-aedb-c9bc80837e62,2026-06-07T07:15:00Z,2026-06-07T09:15:00+0200,15780.9698,MW,DE,DE_LU,actual_onshore_wind_generation,Wind Onshore,2026-06-27T21:08:22Z
2026-06-27T21:06:46Z,2026-06-27T23:06:46+0200,44400f30-2862-403b-aedb-c9bc80837e62,2026-06-07T07:30:00Z,2026-06-07T09:30:00+0200,15554.12596,MW,DE,DE_LU,actual_onshore_wind_generation,Wind Onshore,2026-06-27T21:08:22Z
2026-06-27T21:06:46Z,2026-06-27T23:06:46+0200,44400f30-2862-403b-aedb-c9bc80837e62,2026-06-07T07:45:00Z,2026-06-07T09:45:00+0200,15274.78788,MW,DE,DE_LU,actual_onshore_wind_generation,Wind Onshore,2026-06-27T21:08:22Z
2026-06-27T21:06:46Z,2026-06-27T23:06:46+0200,44400f30-2862-403b-aedb-c9bc80837e62,2026-06-07T08:00:00Z,2026-06-07T10:00:00+0200,14399.48879,MW,DE,DE_LU,actual_onshore_wind_generation,Wind Onshore,2026-06-27T21:08:22Z
2026-06-27T21:06:46Z,2026-06-27T23:06:46+0200,44400f30-2862-403b-aedb-c9bc80837e62,2026-06-07T08:15:00Z,2026-06-07T10:15:00+0200,13940.19543,MW,DE,DE_LU,actual_onshore_wind_generation,Wind Onshore,2026-06-27T21:08:22Z
2026-06-27T21:06:46Z,2026-06-27T23:06:46+0200,44400f30-2862-403b-aedb-c9bc80837e62,2026-06-07T08:30:00Z,2026-06-07T10:30:00+0200,13763.65699,MW,DE,DE_LU,actual_onshore_wind_generation,Wind Onshore,2026-06-27T21:08:22Z
2026-06-27T21:06:46Z,2026-06-27T23:06:46+0200,44400f30-2862-403b-aedb-c9bc80837e62,2026-06-07T08:45:00Z,2026-06-07T10:45:00+0200,13608.39047,MW,DE,DE_LU,actual_onshore_wind_generation,Wind Onshore,2026-06-27T21:08:22Z
2026-06-27T21:06:46Z,2026-06-27T23:06:46+0200,44400f30-2862-403b-aedb-c9bc80837e62,2026-06-07T09:00:00Z,2026-06-07T11:00:00+0200,13307.85292,MW,DE,DE_LU,actual_onshore_wind_generation,Wind Onshore,2026-06-27T21:08:22Z
2026-06-27T21:06:46Z,2026-06-27T23:06:46+0200,44400f30-2862-403b-aedb-c9bc80837e62,2026-06-07T09:15:00Z,2026-06-07T11:15:00+0200,13427.61547,MW,DE,DE_LU,actual_onshore_wind_generation,Wind Onshore,2026-06-27T21:08:22Z
2026-06-27T21:06:46Z,2026-06-27T23:06:46+0200,44400f30-2862-403b-aedb-c9bc80837e62,2026-06-07T09:30:00Z,2026-06-07T11:30:00+0200,13516.57547,MW,DE,DE_LU,actual_onshore_wind_generation,Wind Onshore,2026-06-27T21:08:22Z
2026-06-27T21:06:46Z,2026-06-27T23:06:46+0200,44400f30-2862-403b-aedb-c9bc80837e62,2026-06-07T09:45:00Z,2026-06-07T11:45:00+0200,13563.67816,MW,DE,DE_LU,actual_onshore_wind_generation,Wind Onshore,2026-06-27T21:08:22Z
2026-06-27T21:06:46Z,2026-06-27T23:06:46+0200,44400f30-2862-403b-aedb-c9bc80837e62,2026-06-07T10:00:00Z,2026-06-07T12:00:00+0200,13205.46098,MW,DE,DE_LU,actual_onshore_wind_generation,Wind Onshore,2026-06-27T21:08:22Z
2026-06-27T21:06:46Z,2026-06-27T23:06:46+0200,44400f30-2862-403b-aedb-c9bc80837e62,2026-06-07T10:15:00Z,2026-06-07T12:15:00+0200,12975.18846,MW,DE,DE_LU,actual_onshore_wind_generation,Wind Onshore,2026-06-27T21:08:22Z
2026-06-27T21:06:46Z,2026-06-27T23:06:46+0200,44400f30-2862-403b-aedb-c9bc80837e62,2026-06-07T10:30:00Z,2026-06-07T12:30:00+0200,12226.84793,MW,DE,DE_LU,actual_onshore_wind_generation,Wind Onshore,2026-06-27T21:08:22Z
2026-06-27T21:06:46Z,2026-06-27T23:06:46+0200,44400f30-2862-403b-aedb-c9bc80837e62,2026-06-07T10:45:00Z,2026-06-07T12:45:00+0200,11756.04263,MW,DE,DE_LU,actual_onshore_wind_generation,Wind Onshore,2026-06-27T21:08:22Z
2026-06-27T21:06:46Z,2026-06-27T23:06:46+0200,44400f30-2862-403b-aedb-c9bc80837e62,2026-06-07T11:00:00Z,2026-06-07T13:00:00+0200,11434.82193,MW,DE,DE_LU,actual_onshore_wind_generation,Wind Onshore,2026-06-27T21:08:22Z
2026-06-27T21:06:46Z,2026-06-27T23:06:46+0200,44400f30-2862-403b-aedb-c9bc80837e62,2026-06-07T11:15:00Z,2026-06-07T13:15:00+0200,10659.04799,MW,DE,DE_LU,actual_onshore_wind_generation,Wind Onshore,2026-06-27T21:08:22Z
2026-06-27T21:06:46Z,2026-06-27T23:06:46+0200,44400f30-2862-403b-aedb-c9bc80837e62,2026-06-07T11:30:00Z,2026-06-07T13:30:00+0200,9665.25186,MW,DE,DE_LU,actual_onshore_wind_generation,Wind Onshore,2026-06-27T21:08:22Z
2026-06-27T21:06:46Z,2026-06-27T23:06:46+0200,44400f30-2862-403b-aedb-c9bc80837e62,2026-06-07T11:45:00Z,2026-06-07T13:45:00+0200,9475.77616,MW,DE,DE_LU,actual_onshore_wind_generation,Wind Onshore,2026-06-27T21:08:22Z
2026-06-27T21:06:46Z,2026-06-27T23:06:46+0200,44400f30-2862-403b-aedb-c9bc80837e62,2026-06-07T12:00:00Z,2026-06-07T14:00:00+0200,9375.69781,MW,DE,DE_LU,actual_onshore_wind_generation,Wind Onshore,2026-06-27T21:08:22Z
2026-06-27T21:06:46Z,2026-06-27T23:06:46+0200,44400f30-2862-403b-aedb-c9bc80837e62,2026-06-07T12:15:00Z,2026-06-07T14:15:00+0200,9052.67888,MW,DE,DE_LU,actual_onshore_wind_generation,Wind Onshore,2026-06-27T21:08:22Z
2026-06-27T21:06:46Z,2026-06-27T23:06:46+0200,44400f30-2862-403b-aedb-c9bc80837e62,2026-06-07T12:30:00Z,2026-06-07T14:30:00+0200,8997.87516,MW,DE,DE_LU,actual_onshore_wind_generation,Wind Onshore,2026-06-27T21:08:22Z
2026-06-27T21:06:46Z,2026-06-27T23:06:46+0200,44400f30-2862-403b-aedb-c9bc80837e62,2026-06-07T12:45:00Z,2026-06-07T14:45:00+0200,8843.54115,MW,DE,DE_LU,actual_onshore_wind_generation,Wind Onshore,2026-06-27T21:08:22Z
2026-06-27T21:06:46Z,2026-06-27T23:06:46+0200,44400f30-2862-403b-aedb-c9bc80837e62,2026-06-07T13:00:00Z,2026-06-07T15:00:00+0200,9378.39959,MW,DE,DE_LU,actual_onshore_wind_generation,Wind Onshore,2026-06-27T21:08:22Z
2026-06-27T21:06:46Z,2026-06-27T23:06:46+0200,44400f30-2862-403b-aedb-c9bc80837e62,2026-06-07T13:15:00Z,2026-06-07T15:15:00+0200,9757.81369,MW,DE,DE_LU,actual_onshore_wind_generation,Wind Onshore,2026-06-27T21:08:22Z
2026-06-27T21:06:46Z,2026-06-27T23:06:46+0200,44400f30-2862-403b-aedb-c9bc80837e62,2026-06-07T13:30:00Z,2026-06-07T15:30:00+0200,10080.49595,MW,DE,DE_LU,actual_onshore_wind_generation,Wind Onshore,2026-06-27T21:08:22Z
2026-06-27T21:06:46Z,2026-06-27T23:06:46+0200,44400f30-2862-403b-aedb-c9bc80837e62,2026-06-07T13:45:00Z,2026-06-07T15:45:00+0200,10721.19412,MW,DE,DE_LU,actual_onshore_wind_generation,Wind Onshore,2026-06-27T21:08:22Z
2026-06-27T21:06:46Z,2026-06-27T23:06:46+0200,44400f30-2862-403b-aedb-c9bc80837e62,2026-06-07T14:00:00Z,2026-06-07T16:00:00+0200,11001.80521,MW,DE,DE_LU,actual_onshore_wind_generation,Wind Onshore,2026-06-27T21:08:22Z
2026-06-27T21:06:46Z,2026-06-27T23:06:46+0200,44400f30-2862-403b-aedb-c9bc80837e62,2026-06-07T14:15:00Z,2026-06-07T16:15:00+0200,10759.45367,MW,DE,DE_LU,actual_onshore_wind_generation,Wind Onshore,2026-06-27T21:08:22Z
2026-06-27T21:06:46Z,2026-06-27T23:06:46+0200,44400f30-2862-403b-aedb-c9bc80837e62,2026-06-07T14:30:00Z,2026-06-07T16:30:00+0200,11294.14088,MW,DE,DE_LU,actual_onshore_wind_generation,Wind Onshore,2026-06-27T21:08:22Z
2026-06-27T21:06:46Z,2026-06-27T23:06:46+0200,44400f30-2862-403b-aedb-c9bc80837e62,2026-06-07T14:45:00Z,2026-06-07T16:45:00+0200,11846.17785,MW,DE,DE_LU,actual_onshore_wind_generation,Wind Onshore,2026-06-27T21:08:22Z
2026-06-27T21:06:46Z,2026-06-27T23:06:46+0200,44400f30-2862-403b-aedb-c9bc80837e62,2026-06-07T15:00:00Z,2026-06-07T17:00:00+0200,13663.18853,MW,DE,DE_LU,actual_onshore_wind_generation,Wind Onshore,2026-06-27T21:08:22Z
2026-06-27T21:06:46Z,2026-06-27T23:06:46+0200,44400f30-2862-403b-aedb-c9bc80837e62,2026-06-07T15:15:00Z,2026-06-07T17:15:00+0200,14926.3449,MW,DE,DE_LU,actual_onshore_wind_generation,Wind Onshore,2026-06-27T21:08:22Z
2026-06-27T21:06:46Z,2026-06-27T23:06:46+0200,44400f30-2862-403b-aedb-c9bc80837e62,2026-06-07T15:30:00Z,2026-06-07T17:30:00+0200,14893.79556,MW,DE,DE_LU,actual_onshore_wind_generation,Wind Onshore,2026-06-27T21:08:22Z
2026-06-27T21:06:46Z,2026-06-27T23:06:46+0200,44400f30-2862-403b-aedb-c9bc80837e62,2026-06-07T15:45:00Z,2026-06-07T17:45:00+0200,15648.26905,MW,DE,DE_LU,actual_onshore_wind_generation,Wind Onshore,2026-06-27T21:08:22Z
2026-06-27T21:06:46Z,2026-06-27T23:06:46+0200,44400f30-2862-403b-aedb-c9bc80837e62,2026-06-07T16:00:00Z,2026-06-07T18:00:00+0200,16180.90869,MW,DE,DE_LU,actual_onshore_wind_generation,Wind Onshore,2026-06-27T21:08:22Z
2026-06-27T21:06:46Z,2026-06-27T23:06:46+0200,44400f30-2862-403b-aedb-c9bc80837e62,2026-06-07T16:15:00Z,2026-06-07T18:15:00+0200,15934.25329,MW,DE,DE_LU,actual_onshore_wind_generation,Wind Onshore,2026-06-27T21:08:22Z
2026-06-27T21:06:46Z,2026-06-27T23:06:46+0200,44400f30-2862-403b-aedb-c9bc80837e62,2026-06-07T16:30:00Z,2026-06-07T18:30:00+0200,14927.98118,MW,DE,DE_LU,actual_onshore_wind_generation,Wind Onshore,2026-06-27T21:08:22Z
2026-06-27T21:06:46Z,2026-06-27T23:06:46+0200,44400f30-2862-403b-aedb-c9bc80837e62,2026-06-07T16:45:00Z,2026-06-07T18:45:00+0200,14284.51384,MW,DE,DE_LU,actual_onshore_wind_generation,Wind Onshore,2026-06-27T21:08:22Z
2026-06-27T21:06:46Z,2026-06-27T23:06:46+0200,44400f30-2862-403b-aedb-c9bc80837e62,2026-06-07T17:00:00Z,2026-06-07T19:00:00+0200,13795.57497,MW,DE,DE_LU,actual_onshore_wind_generation,Wind Onshore,2026-06-27T21:08:22Z
2026-06-27T21:06:46Z,2026-06-27T23:06:46+0200,44400f30-2862-403b-aedb-c9bc80837e62,2026-06-07T17:15:00Z,2026-06-07T19:15:00+0200,13111.55832,MW,DE,DE_LU,actual_onshore_wind_generation,Wind Onshore,2026-06-27T21:08:22Z
2026-06-27T21:06:46Z,2026-06-27T23:06:46+0200,44400f30-2862-403b-aedb-c9bc80837e62,2026-06-07T17:30:00Z,2026-06-07T19:30:00+0200,12112.38675,MW,DE,DE_LU,actual_onshore_wind_generation,Wind Onshore,2026-06-27T21:08:22Z
2026-06-27T21:06:46Z,2026-06-27T23:06:46+0200,44400f30-2862-403b-aedb-c9bc80837e62,2026-06-07T17:45:00Z,2026-06-07T19:45:00+0200,11391.92506,MW,DE,DE_LU,actual_onshore_wind_generation,Wind Onshore,2026-06-27T21:08:22Z
2026-06-27T21:06:46Z,2026-06-27T23:06:46+0200,44400f30-2862-403b-aedb-c9bc80837e62,2026-06-07T18:00:00Z,2026-06-07T20:00:00+0200,10522.18916,MW,DE,DE_LU,actual_onshore_wind_generation,Wind Onshore,2026-06-27T21:08:22Z
2026-06-27T21:06:46Z,2026-06-27T23:06:46+0200,44400f30-2862-403b-aedb-c9bc80837e62,2026-06-07T18:15:00Z,2026-06-07T20:15:00+0200,9629.99306,MW,DE,DE_LU,actual_onshore_wind_generation,Wind Onshore,2026-06-27T21:08:22Z
2026-06-27T21:06:46Z,2026-06-27T23:06:46+0200,44400f30-2862-403b-aedb-c9bc80837e62,2026-06-07T18:30:00Z,2026-06-07T20:30:00+0200,8737.05801,MW,DE,DE_LU,actual_onshore_wind_generation,Wind Onshore,2026-06-27T21:08:22Z
2026-06-27T21:06:46Z,2026-06-27T23:06:46+0200,44400f30-2862-403b-aedb-c9bc80837e62,2026-06-07T18:45:00Z,2026-06-07T20:45:00+0200,7954.50468,MW,DE,DE_LU,actual_onshore_wind_generation,Wind Onshore,2026-06-27T21:08:22Z
2026-06-27T21:06:46Z,2026-06-27T23:06:46+0200,44400f30-2862-403b-aedb-c9bc80837e62,2026-06-07T19:00:00Z,2026-06-07T21:00:00+0200,7550.37091,MW,DE,DE_LU,actual_onshore_wind_generation,Wind Onshore,2026-06-27T21:08:22Z
2026-06-27T21:06:46Z,2026-06-27T23:06:46+0200,44400f30-2862-403b-aedb-c9bc80837e62,2026-06-07T19:15:00Z,2026-06-07T21:15:00+0200,7150.05966,MW,DE,DE_LU,actual_onshore_wind_generation,Wind Onshore,2026-06-27T21:08:22Z
2026-06-27T21:06:46Z,2026-06-27T23:06:46+0200,44400f30-2862-403b-aedb-c9bc80837e62,2026-06-07T19:30:00Z,2026-06-07T21:30:00+0200,6541.61139,MW,DE,DE_LU,actual_onshore_wind_generation,Wind Onshore,2026-06-27T21:08:22Z
2026-06-27T21:06:46Z,2026-06-27T23:06:46+0200,44400f30-2862-403b-aedb-c9bc80837e62,2026-06-07T19:45:00Z,2026-06-07T21:45:00+0200,5796.04918,MW,DE,DE_LU,actual_onshore_wind_generation,Wind Onshore,2026-06-27T21:08:22Z
2026-06-27T21:06:46Z,2026-06-27T23:06:46+0200,44400f30-2862-403b-aedb-c9bc80837e62,2026-06-07T20:00:00Z,2026-06-07T22:00:00+0200,5304.50224,MW,DE,DE_LU,actual_onshore_wind_generation,Wind Onshore,2026-06-27T21:08:22Z
2026-06-27T21:06:46Z,2026-06-27T23:06:46+0200,44400f30-2862-403b-aedb-c9bc80837e62,2026-06-07T20:15:00Z,2026-06-07T22:15:00+0200,5086.66678,MW,DE,DE_LU,actual_onshore_wind_generation,Wind Onshore,2026-06-27T21:08:22Z
2026-06-27T21:06:46Z,2026-06-27T23:06:46+0200,44400f30-2862-403b-aedb-c9bc80837e62,2026-06-07T20:30:00Z,2026-06-07T22:30:00+0200,5030.26703,MW,DE,DE_LU,actual_onshore_wind_generation,Wind Onshore,2026-06-27T21:08:22Z
2026-06-27T21:06:46Z,2026-06-27T23:06:46+0200,44400f30-2862-403b-aedb-c9bc80837e62,2026-06-07T20:45:00Z,2026-06-07T22:45:00+0200,4850.69931,MW,DE,DE_LU,actual_onshore_wind_generation,Wind Onshore,2026-06-27T21:08:22Z
2026-06-27T21:06:46Z,2026-06-27T23:06:46+0200,44400f30-2862-403b-aedb-c9bc80837e62,2026-06-07T21:00:00Z,2026-06-07T23:00:00+0200,4676.1142,MW,DE,DE_LU,actual_onshore_wind_generation,Wind Onshore,2026-06-27T21:08:22Z
2026-06-27T21:06:46Z,2026-06-27T23:06:46+0200,44400f30-2862-403b-aedb-c9bc80837e62,2026-06-07T21:15:00Z,2026-06-07T23:15:00+0200,4574.64943,MW,DE,DE_LU,actual_onshore_wind_generation,Wind Onshore,2026-06-27T21:08:22Z
2026-06-27T21:06:46Z,2026-06-27T23:06:46+0200,44400f30-2862-403b-aedb-c9bc80837e62,2026-06-07T21:30:00Z,2026-06-07T23:30:00+0200,4489.51598,MW,DE,DE_LU,actual_onshore_wind_generation,Wind Onshore,2026-06-27T21:08:22Z
2026-06-27T21:06:46Z,2026-06-27T23:06:46+0200,44400f30-2862-403b-aedb-c9bc80837e62,2026-06-07T21:45:00Z,2026-06-07T23:45:00+0200,4222.95127,MW,DE,DE_LU,actual_onshore_wind_generation,Wind Onshore,2026-06-27T21:08:22Z
2026-06-27T21:06:46Z,2026-06-27T23:06:46+0200,44400f30-2862-403b-aedb-c9bc80837e62,2026-06-07T22:00:00Z,2026-06-08T00:00:00+0200,4024.39163,MW,DE,DE_LU,actual_onshore_wind_generation,Wind Onshore,2026-06-27T21:08:22Z
2026-06-27T21:06:46Z,2026-06-27T23:06:46+0200,44400f30-2862-403b-aedb-c9bc80837e62,2026-06-07T22:15:00Z,2026-06-08T00:15:00+0200,3859.33824,MW,DE,DE_LU,actual_onshore_wind_generation,Wind Onshore,2026-06-27T21:08:22Z
2026-06-27T21:06:46Z,2026-06-27T23:06:46+0200,44400f30-2862-403b-aedb-c9bc80837e62,2026-06-07T22:30:00Z,2026-06-08T00:30:00+0200,3679.71329,MW,DE,DE_LU,actual_onshore_wind_generation,Wind Onshore,2026-06-27T21:08:22Z
2026-06-27T21:06:46Z,2026-06-27T23:06:46+0200,44400f30-2862-403b-aedb-c9bc80837e62,2026-06-07T22:45:00Z,2026-06-08T00:45:00+0200,3553.51465,MW,DE,DE_LU,actual_onshore_wind_generation,Wind Onshore,2026-06-27T21:08:22Z
2026-06-27T21:06:46Z,2026-06-27T23:06:46+0200,44400f30-2862-403b-aedb-c9bc80837e62,2026-06-07T23:00:00Z,2026-06-08T01:00:00+0200,3407.19083,MW,DE,DE_LU,actual_onshore_wind_generation,Wind Onshore,2026-06-27T21:08:22Z
2026-06-27T21:06:46Z,2026-06-27T23:06:46+0200,44400f30-2862-403b-aedb-c9bc80837e62,2026-06-07T23:15:00Z,2026-06-08T01:15:00+0200,3209.40755,MW,DE,DE_LU,actual_onshore_wind_generation,Wind Onshore,2026-06-27T21:08:22Z
2026-06-27T21:06:46Z,2026-06-27T23:06:46+0200,44400f30-2862-403b-aedb-c9bc80837e62,2026-06-07T23:30:00Z,2026-06-08T01:30:00+0200,2994.19649,MW,DE,DE_LU,actual_onshore_wind_generation,Wind Onshore,2026-06-27T21:08:22Z
2026-06-27T21:06:46Z,2026-06-27T23:06:46+0200,44400f30-2862-403b-aedb-c9bc80837e62,2026-06-07T23:45:00Z,2026-06-08T01:45:00+0200,2899.01793,MW,DE,DE_LU,actual_onshore_wind_generation,Wind Onshore,2026-06-27T21:08:22Z
2026-06-27T21:06:46Z,2026-06-27T23:06:46+0200,44400f30-2862-403b-aedb-c9bc80837e62,2026-06-08T00:00:00Z,2026-06-08T02:00:00+0200,2765.51756,MW,DE,DE_LU,actual_onshore_wind_generation,Wind Onshore,2026-06-27T21:08:22Z
2026-06-27T21:06:46Z,2026-06-27T23:06:46+0200,44400f30-2862-403b-aedb-c9bc80837e62,2026-06-08T00:15:00Z,2026-06-08T02:15:00+0200,2666.40524,MW,DE,DE_LU,actual_onshore_wind_generation,Wind Onshore,2026-06-27T21:08:22Z
2026-06-27T21:06:46Z,2026-06-27T23:06:46+0200,44400f30-2862-403b-aedb-c9bc80837e62,2026-06-08T00:30:00Z,2026-06-08T02:30:00+0200,2556.39631,MW,DE,DE_LU,actual_onshore_wind_generation,Wind Onshore,2026-06-27T21:08:22Z
2026-06-27T21:06:46Z,2026-06-27T23:06:46+0200,44400f30-2862-403b-aedb-c9bc80837e62,2026-06-08T00:45:00Z,2026-06-08T02:45:00+0200,2494.29807,MW,DE,DE_LU,actual_onshore_wind_generation,Wind Onshore,2026-06-27T21:08:22Z
2026-06-27T21:06:46Z,2026-06-27T23:06:46+0200,44400f30-2862-403b-aedb-c9bc80837e62,2026-06-08T01:00:00Z,2026-06-08T03:00:00+0200,2563.73618,MW,DE,DE_LU,actual_onshore_wind_generation,Wind Onshore,2026-06-27T21:08:22Z
2026-06-27T21:06:46Z,2026-06-27T23:06:46+0200,44400f30-2862-403b-aedb-c9bc80837e62,2026-06-08T01:15:00Z,2026-06-08T03:15:00+0200,2654.59429,MW,DE,DE_LU,actual_onshore_wind_generation,Wind Onshore,2026-06-27T21:08:22Z
2026-06-27T21:06:46Z,2026-06-27T23:06:46+0200,44400f30-2862-403b-aedb-c9bc80837e62,2026-06-08T01:30:00Z,2026-06-08T03:30:00+0200,2805.11127,MW,DE,DE_LU,actual_onshore_wind_generation,Wind Onshore,2026-06-27T21:08:22Z
2026-06-27T21:06:46Z,2026-06-27T23:06:46+0200,44400f30-2862-403b-aedb-c9bc80837e62,2026-06-08T01:45:00Z,2026-06-08T03:45:00+0200,2994.78682,MW,DE,DE_LU,actual_onshore_wind_generation,Wind Onshore,2026-06-27T21:08:22Z
2026-06-27T21:06:46Z,2026-06-27T23:06:46+0200,44400f30-2862-403b-aedb-c9bc80837e62,2026-06-08T02:00:00Z,2026-06-08T04:00:00+0200,3214.12894,MW,DE,DE_LU,actual_onshore_wind_generation,Wind Onshore,2026-06-27T21:08:22Z
2026-06-27T21:06:46Z,2026-06-27T23:06:46+0200,44400f30-2862-403b-aedb-c9bc80837e62,2026-06-08T02:15:00Z,2026-06-08T04:15:00+0200,3550.8427,MW,DE,DE_LU,actual_onshore_wind_generation,Wind Onshore,2026-06-27T21:08:22Z
2026-06-27T21:06:46Z,2026-06-27T23:06:46+0200,44400f30-2862-403b-aedb-c9bc80837e62,2026-06-08T02:30:00Z,2026-06-08T04:30:00+0200,3880.21782,MW,DE,DE_LU,actual_onshore_wind_generation,Wind Onshore,2026-06-27T21:08:22Z
2026-06-27T21:06:46Z,2026-06-27T23:06:46+0200,44400f30-2862-403b-aedb-c9bc80837e62,2026-06-08T02:45:00Z,2026-06-08T04:45:00+0200,4220.04506,MW,DE,DE_LU,actual_onshore_wind_generation,Wind Onshore,2026-06-27T21:08:22Z
2026-06-27T21:06:46Z,2026-06-27T23:06:46+0200,44400f30-2862-403b-aedb-c9bc80837e62,2026-06-08T03:00:00Z,2026-06-08T05:00:00+0200,4514.97582,MW,DE,DE_LU,actual_onshore_wind_generation,Wind Onshore,2026-06-27T21:08:22Z
2026-06-27T21:06:46Z,2026-06-27T23:06:46+0200,44400f30-2862-403b-aedb-c9bc80837e62,2026-06-08T03:15:00Z,2026-06-08T05:15:00+0200,5062.40024,MW,DE,DE_LU,actual_onshore_wind_generation,Wind Onshore,2026-06-27T21:08:22Z
2026-06-27T21:06:46Z,2026-06-27T23:06:46+0200,44400f30-2862-403b-aedb-c9bc80837e62,2026-06-08T03:30:00Z,2026-06-08T05:30:00+0200,5324.54977,MW,DE,DE_LU,actual_onshore_wind_generation,Wind Onshore,2026-06-27T21:08:22Z
2026-06-27T21:06:46Z,2026-06-27T23:06:46+0200,44400f30-2862-403b-aedb-c9bc80837e62,2026-06-08T03:45:00Z,2026-06-08T05:45:00+0200,5457.16605,MW,DE,DE_LU,actual_onshore_wind_generation,Wind Onshore,2026-06-27T21:08:22Z
2026-06-27T21:06:46Z,2026-06-27T23:06:46+0200,44400f30-2862-403b-aedb-c9bc80837e62,2026-06-08T04:00:00Z,2026-06-08T06:00:00+0200,5647.58288,MW,DE,DE_LU,actual_onshore_wind_generation,Wind Onshore,2026-06-27T21:08:22Z
2026-06-27T21:06:46Z,2026-06-27T23:06:46+0200,44400f30-2862-403b-aedb-c9bc80837e62,2026-06-08T04:15:00Z,2026-06-08T06:15:00+0200,5744.7478,MW,DE,DE_LU,actual_onshore_wind_generation,Wind Onshore,2026-06-27T21:08:22Z
2026-06-27T21:06:46Z,2026-06-27T23:06:46+0200,44400f30-2862-403b-aedb-c9bc80837e62,2026-06-08T04:30:00Z,2026-06-08T06:30:00+0200,5793.51558,MW,DE,DE_LU,actual_onshore_wind_generation,Wind Onshore,2026-06-27T21:08:22Z
2026-06-27T21:06:46Z,2026-06-27T23:06:46+0200,44400f30-2862-403b-aedb-c9bc80837e62,2026-06-08T04:45:00Z,2026-06-08T06:45:00+0200,5773.41631,MW,DE,DE_LU,actual_onshore_wind_generation,Wind Onshore,2026-06-27T21:08:22Z
2026-06-27T21:06:46Z,2026-06-27T23:06:46+0200,44400f30-2862-403b-aedb-c9bc80837e62,2026-06-08T05:00:00Z,2026-06-08T07:00:00+0200,5572.33255,MW,DE,DE_LU,actual_onshore_wind_generation,Wind Onshore,2026-06-27T21:08:22Z
2026-06-27T21:06:46Z,2026-06-27T23:06:46+0200,44400f30-2862-403b-aedb-c9bc80837e62,2026-06-08T05:15:00Z,2026-06-08T07:15:00+0200,5235.22632,MW,DE,DE_LU,actual_onshore_wind_generation,Wind Onshore,2026-06-27T21:08:22Z
2026-06-27T21:06:46Z,2026-06-27T23:06:46+0200,44400f30-2862-403b-aedb-c9bc80837e62,2026-06-08T05:30:00Z,2026-06-08T07:30:00+0200,4761.75683,MW,DE,DE_LU,actual_onshore_wind_generation,Wind Onshore,2026-06-27T21:08:22Z
2026-06-27T21:06:46Z,2026-06-27T23:06:46+0200,44400f30-2862-403b-aedb-c9bc80837e62,2026-06-08T05:45:00Z,2026-06-08T07:45:00+0200,4297.90596,MW,DE,DE_LU,actual_onshore_wind_generation,Wind Onshore,2026-06-27T21:08:22Z
2026-06-27T21:06:46Z,2026-06-27T23:06:46+0200,44400f30-2862-403b-aedb-c9bc80837e62,2026-06-08T06:00:00Z,2026-06-08T08:00:00+0200,3737.43155,MW,DE,DE_LU,actual_onshore_wind_generation,Wind Onshore,2026-06-27T21:08:22Z
2026-06-27T21:06:46Z,2026-06-27T23:06:46+0200,44400f30-2862-403b-aedb-c9bc80837e62,2026-06-08T06:15:00Z,2026-06-08T08:15:00+0200,3219.70018,MW,DE,DE_LU,actual_onshore_wind_generation,Wind Onshore,2026-06-27T21:08:22Z
2026-06-27T21:06:46Z,2026-06-27T23:06:46+0200,44400f30-2862-403b-aedb-c9bc80837e62,2026-06-08T06:30:00Z,2026-06-08T08:30:00+0200,2805.84923,MW,DE,DE_LU,actual_onshore_wind_generation,Wind Onshore,2026-06-27T21:08:22Z
2026-06-27T21:06:46Z,2026-06-27T23:06:46+0200,44400f30-2862-403b-aedb-c9bc80837e62,2026-06-08T06:45:00Z,2026-06-08T08:45:00+0200,2501.84309,MW,DE,DE_LU,actual_onshore_wind_generation,Wind Onshore,2026-06-27T21:08:22Z
2026-06-27T21:06:46Z,2026-06-27T23:06:46+0200,44400f30-2862-403b-aedb-c9bc80837e62,2026-06-08T07:00:00Z,2026-06-08T09:00:00+0200,2427.11671,MW,DE,DE_LU,actual_onshore_wind_generation,Wind Onshore,2026-06-27T21:08:22Z
2026-06-27T21:06:46Z,2026-06-27T23:06:46+0200,44400f30-2862-403b-aedb-c9bc80837e62,2026-06-08T07:15:00Z,2026-06-08T09:15:00+0200,2438.84483,MW,DE,DE_LU,actual_onshore_wind_generation,Wind Onshore,2026-06-27T21:08:22Z
2026-06-27T21:06:46Z,2026-06-27T23:06:46+0200,44400f30-2862-403b-aedb-c9bc80837e62,2026-06-08T07:30:00Z,2026-06-08T09:30:00+0200,2515.81762,MW,DE,DE_LU,actual_onshore_wind_generation,Wind Onshore,2026-06-27T21:08:22Z
2026-06-27T21:06:46Z,2026-06-27T23:06:46+0200,44400f30-2862-403b-aedb-c9bc80837e62,2026-06-08T07:45:00Z,2026-06-08T09:45:00+0200,2678.85545,MW,DE,DE_LU,actual_onshore_wind_generation,Wind Onshore,2026-06-27T21:08:22Z
2026-06-27T21:06:46Z,2026-06-27T23:06:46+0200,44400f30-2862-403b-aedb-c9bc80837e62,2026-06-08T08:00:00Z,2026-06-08T10:00:00+0200,2741.71907,MW,DE,DE_LU,actual_onshore_wind_generation,Wind Onshore,2026-06-27T21:08:22Z
2026-06-27T21:06:46Z,2026-06-27T23:06:46+0200,44400f30-2862-403b-aedb-c9bc80837e62,2026-06-08T08:15:00Z,2026-06-08T10:15:00+0200,2760.45894,MW,DE,DE_LU,actual_onshore_wind_generation,Wind Onshore,2026-06-27T21:08:22Z
2026-06-27T21:06:46Z,2026-06-27T23:06:46+0200,44400f30-2862-403b-aedb-c9bc80837e62,2026-06-08T08:30:00Z,2026-06-08T10:30:00+0200,2764.01682,MW,DE,DE_LU,actual_onshore_wind_generation,Wind Onshore,2026-06-27T21:08:22Z
2026-06-27T21:06:46Z,2026-06-27T23:06:46+0200,44400f30-2862-403b-aedb-c9bc80837e62,2026-06-08T08:45:00Z,2026-06-08T10:45:00+0200,2779.56152,MW,DE,DE_LU,actual_onshore_wind_generation,Wind Onshore,2026-06-27T21:08:22Z
2026-06-27T21:06:46Z,2026-06-27T23:06:46+0200,44400f30-2862-403b-aedb-c9bc80837e62,2026-06-08T09:00:00Z,2026-06-08T11:00:00+0200,2809.87441,MW,DE,DE_LU,actual_onshore_wind_generation,Wind Onshore,2026-06-27T21:08:22Z
2026-06-27T21:06:46Z,2026-06-27T23:06:46+0200,44400f30-2862-403b-aedb-c9bc80837e62,2026-06-08T09:15:00Z,2026-06-08T11:15:00+0200,2857.71814,MW,DE,DE_LU,actual_onshore_wind_generation,Wind Onshore,2026-06-27T21:08:22Z
2026-06-27T21:06:46Z,2026-06-27T23:06:46+0200,44400f30-2862-403b-aedb-c9bc80837e62,2026-06-08T09:30:00Z,2026-06-08T11:30:00+0200,2947.53892,MW,DE,DE_LU,actual_onshore_wind_generation,Wind Onshore,2026-06-27T21:08:22Z
2026-06-27T21:06:46Z,2026-06-27T23:06:46+0200,44400f30-2862-403b-aedb-c9bc80837e62,2026-06-08T09:45:00Z,2026-06-08T11:45:00+0200,2937.9063,MW,DE,DE_LU,actual_onshore_wind_generation,Wind Onshore,2026-06-27T21:08:22Z
2026-06-27T21:06:46Z,2026-06-27T23:06:46+0200,44400f30-2862-403b-aedb-c9bc80837e62,2026-06-08T10:00:00Z,2026-06-08T12:00:00+0200,3063.94368,MW,DE,DE_LU,actual_onshore_wind_generation,Wind Onshore,2026-06-27T21:08:22Z
2026-06-27T21:06:46Z,2026-06-27T23:06:46+0200,44400f30-2862-403b-aedb-c9bc80837e62,2026-06-08T10:15:00Z,2026-06-08T12:15:00+0200,3130.30105,MW,DE,DE_LU,actual_onshore_wind_generation,Wind Onshore,2026-06-27T21:08:22Z
2026-06-27T21:06:46Z,2026-06-27T23:06:46+0200,44400f30-2862-403b-aedb-c9bc80837e62,2026-06-08T10:30:00Z,2026-06-08T12:30:00+0200,3105.94155,MW,DE,DE_LU,actual_onshore_wind_generation,Wind Onshore,2026-06-27T21:08:22Z
2026-06-27T21:06:46Z,2026-06-27T23:06:46+0200,44400f30-2862-403b-aedb-c9bc80837e62,2026-06-08T10:45:00Z,2026-06-08T12:45:00+0200,3172.89251,MW,DE,DE_LU,actual_onshore_wind_generation,Wind Onshore,2026-06-27T21:08:22Z
2026-06-27T21:06:46Z,2026-06-27T23:06:46+0200,44400f30-2862-403b-aedb-c9bc80837e62,2026-06-08T11:00:00Z,2026-06-08T13:00:00+0200,3287.41603,MW,DE,DE_LU,actual_onshore_wind_generation,Wind Onshore,2026-06-27T21:08:22Z
2026-06-27T21:06:46Z,2026-06-27T23:06:46+0200,44400f30-2862-403b-aedb-c9bc80837e62,2026-06-08T11:15:00Z,2026-06-08T13:15:00+0200,3370.87776,MW,DE,DE_LU,actual_onshore_wind_generation,Wind Onshore,2026-06-27T21:08:22Z
2026-06-27T21:06:46Z,2026-06-27T23:06:46+0200,44400f30-2862-403b-aedb-c9bc80837e62,2026-06-08T11:30:00Z,2026-06-08T13:30:00+0200,3470.73055,MW,DE,DE_LU,actual_onshore_wind_generation,Wind Onshore,2026-06-27T21:08:22Z
2026-06-27T21:06:46Z,2026-06-27T23:06:46+0200,44400f30-2862-403b-aedb-c9bc80837e62,2026-06-08T11:45:00Z,2026-06-08T13:45:00+0200,3622.17075,MW,DE,DE_LU,actual_onshore_wind_generation,Wind Onshore,2026-06-27T21:08:22Z
2026-06-27T21:06:46Z,2026-06-27T23:06:46+0200,44400f30-2862-403b-aedb-c9bc80837e62,2026-06-08T12:00:00Z,2026-06-08T14:00:00+0200,3778.68302,MW,DE,DE_LU,actual_onshore_wind_generation,Wind Onshore,2026-06-27T21:08:22Z
2026-06-27T21:06:46Z,2026-06-27T23:06:46+0200,44400f30-2862-403b-aedb-c9bc80837e62,2026-06-08T12:15:00Z,2026-06-08T14:15:00+0200,3991.32122,MW,DE,DE_LU,actual_onshore_wind_generation,Wind Onshore,2026-06-27T21:08:22Z
2026-06-27T21:06:46Z,2026-06-27T23:06:46+0200,44400f30-2862-403b-aedb-c9bc80837e62,2026-06-08T12:30:00Z,2026-06-08T14:30:00+0200,4306.77059,MW,DE,DE_LU,actual_onshore_wind_generation,Wind Onshore,2026-06-27T21:08:22Z
2026-06-27T21:06:46Z,2026-06-27T23:06:46+0200,44400f30-2862-403b-aedb-c9bc80837e62,2026-06-08T12:45:00Z,2026-06-08T14:45:00+0200,4562.48789,MW,DE,DE_LU,actual_onshore_wind_generation,Wind Onshore,2026-06-27T21:08:22Z
2026-06-27T21:06:46Z,2026-06-27T23:06:46+0200,44400f30-2862-403b-aedb-c9bc80837e62,2026-06-08T13:00:00Z,2026-06-08T15:00:00+0200,4764.03713,MW,DE,DE_LU,actual_onshore_wind_generation,Wind Onshore,2026-06-27T21:08:22Z
2026-06-27T21:06:46Z,2026-06-27T23:06:46+0200,44400f30-2862-403b-aedb-c9bc80837e62,2026-06-08T13:15:00Z,2026-06-08T15:15:00+0200,5035.20817,MW,DE,DE_LU,actual_onshore_wind_generation,Wind Onshore,2026-06-27T21:08:22Z
2026-06-27T21:06:46Z,2026-06-27T23:06:46+0200,44400f30-2862-403b-aedb-c9bc80837e62,2026-06-08T13:30:00Z,2026-06-08T15:30:00+0200,5217.86755,MW,DE,DE_LU,actual_onshore_wind_generation,Wind Onshore,2026-06-27T21:08:22Z
2026-06-27T21:06:46Z,2026-06-27T23:06:46+0200,44400f30-2862-403b-aedb-c9bc80837e62,2026-06-08T13:45:00Z,2026-06-08T15:45:00+0200,5405.47044,MW,DE,DE_LU,actual_onshore_wind_generation,Wind Onshore,2026-06-27T21:08:22Z
2026-06-27T21:06:46Z,2026-06-27T23:06:46+0200,44400f30-2862-403b-aedb-c9bc80837e62,2026-06-08T14:00:00Z,2026-06-08T16:00:00+0200,5523.70155,MW,DE,DE_LU,actual_onshore_wind_generation,Wind Onshore,2026-06-27T21:08:22Z
2026-06-27T21:06:46Z,2026-06-27T23:06:46+0200,44400f30-2862-403b-aedb-c9bc80837e62,2026-06-08T14:15:00Z,2026-06-08T16:15:00+0200,5641.88072,MW,DE,DE_LU,actual_onshore_wind_generation,Wind Onshore,2026-06-27T21:08:22Z
2026-06-27T21:06:46Z,2026-06-27T23:06:46+0200,44400f30-2862-403b-aedb-c9bc80837e62,2026-06-08T14:30:00Z,2026-06-08T16:30:00+0200,5821.39695,MW,DE,DE_LU,actual_onshore_wind_generation,Wind Onshore,2026-06-27T21:08:22Z
2026-06-27T21:06:46Z,2026-06-27T23:06:46+0200,44400f30-2862-403b-aedb-c9bc80837e62,2026-06-08T14:45:00Z,2026-06-08T16:45:00+0200,6021.15637,MW,DE,DE_LU,actual_onshore_wind_generation,Wind Onshore,2026-06-27T21:08:22Z
2026-06-27T21:06:46Z,2026-06-27T23:06:46+0200,44400f30-2862-403b-aedb-c9bc80837e62,2026-06-08T15:00:00Z,2026-06-08T17:00:00+0200,6322.33614,MW,DE,DE_LU,actual_onshore_wind_generation,Wind Onshore,2026-06-27T21:08:22Z
2026-06-27T21:06:46Z,2026-06-27T23:06:46+0200,44400f30-2862-403b-aedb-c9bc80837e62,2026-06-08T15:15:00Z,2026-06-08T17:15:00+0200,6551.7882,MW,DE,DE_LU,actual_onshore_wind_generation,Wind Onshore,2026-06-27T21:08:22Z
2026-06-27T21:06:46Z,2026-06-27T23:06:46+0200,44400f30-2862-403b-aedb-c9bc80837e62,2026-06-08T15:30:00Z,2026-06-08T17:30:00+0200,6461.10892,MW,DE,DE_LU,actual_onshore_wind_generation,Wind Onshore,2026-06-27T21:08:22Z
2026-06-27T21:06:46Z,2026-06-27T23:06:46+0200,44400f30-2862-403b-aedb-c9bc80837e62,2026-06-08T15:45:00Z,2026-06-08T17:45:00+0200,6618.36894,MW,DE,DE_LU,actual_onshore_wind_generation,Wind Onshore,2026-06-27T21:08:22Z
2026-06-27T21:06:46Z,2026-06-27T23:06:46+0200,44400f30-2862-403b-aedb-c9bc80837e62,2026-06-08T16:00:00Z,2026-06-08T18:00:00+0200,6730.95725,MW,DE,DE_LU,actual_onshore_wind_generation,Wind Onshore,2026-06-27T21:08:22Z
2026-06-27T21:06:46Z,2026-06-27T23:06:46+0200,44400f30-2862-403b-aedb-c9bc80837e62,2026-06-08T16:15:00Z,2026-06-08T18:15:00+0200,6775.19472,MW,DE,DE_LU,actual_onshore_wind_generation,Wind Onshore,2026-06-27T21:08:22Z
2026-06-27T21:06:46Z,2026-06-27T23:06:46+0200,44400f30-2862-403b-aedb-c9bc80837e62,2026-06-08T16:30:00Z,2026-06-08T18:30:00+0200,6841.2506,MW,DE,DE_LU,actual_onshore_wind_generation,Wind Onshore,2026-06-27T21:08:22Z
2026-06-27T21:06:46Z,2026-06-27T23:06:46+0200,44400f30-2862-403b-aedb-c9bc80837e62,2026-06-08T16:45:00Z,2026-06-08T18:45:00+0200,7045.36992,MW,DE,DE_LU,actual_onshore_wind_generation,Wind Onshore,2026-06-27T21:08:22Z
2026-06-27T21:06:46Z,2026-06-27T23:06:46+0200,44400f30-2862-403b-aedb-c9bc80837e62,2026-06-08T17:00:00Z,2026-06-08T19:00:00+0200,7384.64691,MW,DE,DE_LU,actual_onshore_wind_generation,Wind Onshore,2026-06-27T21:08:22Z
2026-06-27T21:06:46Z,2026-06-27T23:06:46+0200,44400f30-2862-403b-aedb-c9bc80837e62,2026-06-08T17:15:00Z,2026-06-08T19:15:00+0200,7640.47838,MW,DE,DE_LU,actual_onshore_wind_generation,Wind Onshore,2026-06-27T21:08:22Z
2026-06-27T21:06:46Z,2026-06-27T23:06:46+0200,44400f30-2862-403b-aedb-c9bc80837e62,2026-06-08T17:30:00Z,2026-06-08T19:30:00+0200,7497.78167,MW,DE,DE_LU,actual_onshore_wind_generation,Wind Onshore,2026-06-27T21:08:22Z
2026-06-27T21:06:46Z,2026-06-27T23:06:46+0200,44400f30-2862-403b-aedb-c9bc80837e62,2026-06-08T17:45:00Z,2026-06-08T19:45:00+0200,7585.36481,MW,DE,DE_LU,actual_onshore_wind_generation,Wind Onshore,2026-06-27T21:08:22Z
2026-06-27T21:06:46Z,2026-06-27T23:06:46+0200,44400f30-2862-403b-aedb-c9bc80837e62,2026-06-08T18:00:00Z,2026-06-08T20:00:00+0200,7945.47133,MW,DE,DE_LU,actual_onshore_wind_generation,Wind Onshore,2026-06-27T21:08:22Z
2026-06-27T21:06:46Z,2026-06-27T23:06:46+0200,44400f30-2862-403b-aedb-c9bc80837e62,2026-06-08T18:15:00Z,2026-06-08T20:15:00+0200,8790.01424,MW,DE,DE_LU,actual_onshore_wind_generation,Wind Onshore,2026-06-27T21:08:22Z
2026-06-27T21:06:46Z,2026-06-27T23:06:46+0200,44400f30-2862-403b-aedb-c9bc80837e62,2026-06-08T18:30:00Z,2026-06-08T20:30:00+0200,9480.32299,MW,DE,DE_LU,actual_onshore_wind_generation,Wind Onshore,2026-06-27T21:08:22Z
2026-06-27T21:06:46Z,2026-06-27T23:06:46+0200,44400f30-2862-403b-aedb-c9bc80837e62,2026-06-08T18:45:00Z,2026-06-08T20:45:00+0200,9989.43466,MW,DE,DE_LU,actual_onshore_wind_generation,Wind Onshore,2026-06-27T21:08:22Z
2026-06-27T21:06:46Z,2026-06-27T23:06:46+0200,44400f30-2862-403b-aedb-c9bc80837e62,2026-06-08T19:00:00Z,2026-06-08T21:00:00+0200,10599.13122,MW,DE,DE_LU,actual_onshore_wind_generation,Wind Onshore,2026-06-27T21:08:22Z
2026-06-27T21:06:46Z,2026-06-27T23:06:46+0200,44400f30-2862-403b-aedb-c9bc80837e62,2026-06-08T19:15:00Z,2026-06-08T21:15:00+0200,11430.38789,MW,DE,DE_LU,actual_onshore_wind_generation,Wind Onshore,2026-06-27T21:08:22Z
2026-06-27T21:06:46Z,2026-06-27T23:06:46+0200,44400f30-2862-403b-aedb-c9bc80837e62,2026-06-08T19:30:00Z,2026-06-08T21:30:00+0200,12307.09466,MW,DE,DE_LU,actual_onshore_wind_generation,Wind Onshore,2026-06-27T21:08:22Z
2026-06-27T21:06:46Z,2026-06-27T23:06:46+0200,44400f30-2862-403b-aedb-c9bc80837e62,2026-06-08T19:45:00Z,2026-06-08T21:45:00+0200,12798.74229,MW,DE,DE_LU,actual_onshore_wind_generation,Wind Onshore,2026-06-27T21:08:22Z
2026-06-27T21:06:46Z,2026-06-27T23:06:46+0200,44400f30-2862-403b-aedb-c9bc80837e62,2026-06-08T20:00:00Z,2026-06-08T22:00:00+0200,12990.39343,MW,DE,DE_LU,actual_onshore_wind_generation,Wind Onshore,2026-06-27T21:08:22Z
2026-06-27T21:06:46Z,2026-06-27T23:06:46+0200,44400f30-2862-403b-aedb-c9bc80837e62,2026-06-08T20:15:00Z,2026-06-08T22:15:00+0200,13704.5131,MW,DE,DE_LU,actual_onshore_wind_generation,Wind Onshore,2026-06-27T21:08:22Z
2026-06-27T21:06:46Z,2026-06-27T23:06:46+0200,44400f30-2862-403b-aedb-c9bc80837e62,2026-06-08T20:30:00Z,2026-06-08T22:30:00+0200,14520.62253,MW,DE,DE_LU,actual_onshore_wind_generation,Wind Onshore,2026-06-27T21:08:22Z
2026-06-27T21:06:46Z,2026-06-27T23:06:46+0200,44400f30-2862-403b-aedb-c9bc80837e62,2026-06-08T20:45:00Z,2026-06-08T22:45:00+0200,15470.47312,MW,DE,DE_LU,actual_onshore_wind_generation,Wind Onshore,2026-06-27T21:08:22Z
2026-06-27T21:06:46Z,2026-06-27T23:06:46+0200,44400f30-2862-403b-aedb-c9bc80837e62,2026-06-08T21:00:00Z,2026-06-08T23:00:00+0200,15951.46341,MW,DE,DE_LU,actual_onshore_wind_generation,Wind Onshore,2026-06-27T21:08:22Z
2026-06-27T21:06:46Z,2026-06-27T23:06:46+0200,44400f30-2862-403b-aedb-c9bc80837e62,2026-06-08T21:15:00Z,2026-06-08T23:15:00+0200,16375.34399,MW,DE,DE_LU,actual_onshore_wind_generation,Wind Onshore,2026-06-27T21:08:22Z
2026-06-27T21:06:46Z,2026-06-27T23:06:46+0200,44400f30-2862-403b-aedb-c9bc80837e62,2026-06-08T21:30:00Z,2026-06-08T23:30:00+0200,16470.51665,MW,DE,DE_LU,actual_onshore_wind_generation,Wind Onshore,2026-06-27T21:08:22Z
2026-06-27T21:06:46Z,2026-06-27T23:06:46+0200,44400f30-2862-403b-aedb-c9bc80837e62,2026-06-08T21:45:00Z,2026-06-08T23:45:00+0200,16503.70994,MW,DE,DE_LU,actual_onshore_wind_generation,Wind Onshore,2026-06-27T21:08:22Z
2026-06-27T21:06:46Z,2026-06-27T23:06:46+0200,44400f30-2862-403b-aedb-c9bc80837e62,2026-06-08T22:00:00Z,2026-06-09T00:00:00+0200,16568.51189,MW,DE,DE_LU,actual_onshore_wind_generation,Wind Onshore,2026-06-27T21:08:22Z
2026-06-27T21:06:46Z,2026-06-27T23:06:46+0200,44400f30-2862-403b-aedb-c9bc80837e62,2026-06-08T22:15:00Z,2026-06-09T00:15:00+0200,16861.24583,MW,DE,DE_LU,actual_onshore_wind_generation,Wind Onshore,2026-06-27T21:08:22Z
2026-06-27T21:06:46Z,2026-06-27T23:06:46+0200,44400f30-2862-403b-aedb-c9bc80837e62,2026-06-08T22:30:00Z,2026-06-09T00:30:00+0200,17046.76623,MW,DE,DE_LU,actual_onshore_wind_generation,Wind Onshore,2026-06-27T21:08:22Z
2026-06-27T21:06:46Z,2026-06-27T23:06:46+0200,44400f30-2862-403b-aedb-c9bc80837e62,2026-06-08T22:45:00Z,2026-06-09T00:45:00+0200,17471.14578,MW,DE,DE_LU,actual_onshore_wind_generation,Wind Onshore,2026-06-27T21:08:22Z
2026-06-27T21:06:46Z,2026-06-27T23:06:46+0200,44400f30-2862-403b-aedb-c9bc80837e62,2026-06-08T23:00:00Z,2026-06-09T01:00:00+0200,17709.79056,MW,DE,DE_LU,actual_onshore_wind_generation,Wind Onshore,2026-06-27T21:08:22Z
2026-06-27T21:06:46Z,2026-06-27T23:06:46+0200,44400f30-2862-403b-aedb-c9bc80837e62,2026-06-08T23:15:00Z,2026-06-09T01:15:00+0200,18097.5424,MW,DE,DE_LU,actual_onshore_wind_generation,Wind Onshore,2026-06-27T21:08:22Z
2026-06-27T21:06:46Z,2026-06-27T23:06:46+0200,44400f30-2862-403b-aedb-c9bc80837e62,2026-06-08T23:30:00Z,2026-06-09T01:30:00+0200,18225.58246,MW,DE,DE_LU,actual_onshore_wind_generation,Wind Onshore,2026-06-27T21:08:22Z
2026-06-27T21:06:46Z,2026-06-27T23:06:46+0200,44400f30-2862-403b-aedb-c9bc80837e62,2026-06-08T23:45:00Z,2026-06-09T01:45:00+0200,18250.33685,MW,DE,DE_LU,actual_onshore_wind_generation,Wind Onshore,2026-06-27T21:08:22Z
2026-06-27T21:06:46Z,2026-06-27T23:06:46+0200,44400f30-2862-403b-aedb-c9bc80837e62,2026-06-09T00:00:00Z,2026-06-09T02:00:00+0200,18287.81114,MW,DE,DE_LU,actual_onshore_wind_generation,Wind Onshore,2026-06-27T21:08:22Z
2026-06-27T21:06:46Z,2026-06-27T23:06:46+0200,44400f30-2862-403b-aedb-c9bc80837e62,2026-06-09T00:15:00Z,2026-06-09T02:15:00+0200,18497.28319,MW,DE,DE_LU,actual_onshore_wind_generation,Wind Onshore,2026-06-27T21:08:22Z
2026-06-27T21:06:46Z,2026-06-27T23:06:46+0200,44400f30-2862-403b-aedb-c9bc80837e62,2026-06-09T00:30:00Z,2026-06-09T02:30:00+0200,17846.58007,MW,DE,DE_LU,actual_onshore_wind_generation,Wind Onshore,2026-06-27T21:08:22Z
2026-06-27T21:06:46Z,2026-06-27T23:06:46+0200,44400f30-2862-403b-aedb-c9bc80837e62,2026-06-09T00:45:00Z,2026-06-09T02:45:00+0200,17438.9854,MW,DE,DE_LU,actual_onshore_wind_generation,Wind Onshore,2026-06-27T21:08:22Z
2026-06-27T21:06:46Z,2026-06-27T23:06:46+0200,44400f30-2862-403b-aedb-c9bc80837e62,2026-06-09T01:00:00Z,2026-06-09T03:00:00+0200,17238.84179,MW,DE,DE_LU,actual_onshore_wind_generation,Wind Onshore,2026-06-27T21:08:22Z
2026-06-27T21:06:46Z,2026-06-27T23:06:46+0200,44400f30-2862-403b-aedb-c9bc80837e62,2026-06-09T01:15:00Z,2026-06-09T03:15:00+0200,17261.99887,MW,DE,DE_LU,actual_onshore_wind_generation,Wind Onshore,2026-06-27T21:08:22Z
2026-06-27T21:06:46Z,2026-06-27T23:06:46+0200,44400f30-2862-403b-aedb-c9bc80837e62,2026-06-09T01:30:00Z,2026-06-09T03:30:00+0200,17221.0843,MW,DE,DE_LU,actual_onshore_wind_generation,Wind Onshore,2026-06-27T21:08:22Z
2026-06-27T21:06:46Z,2026-06-27T23:06:46+0200,44400f30-2862-403b-aedb-c9bc80837e62,2026-06-09T01:45:00Z,2026-06-09T03:45:00+0200,16982.52509,MW,DE,DE_LU,actual_onshore_wind_generation,Wind Onshore,2026-06-27T21:08:22Z
2026-06-27T21:06:46Z,2026-06-27T23:06:46+0200,44400f30-2862-403b-aedb-c9bc80837e62,2026-06-09T02:00:00Z,2026-06-09T04:00:00+0200,17136.04147,MW,DE,DE_LU,actual_onshore_wind_generation,Wind Onshore,2026-06-27T21:08:22Z
2026-06-27T21:06:46Z,2026-06-27T23:06:46+0200,44400f30-2862-403b-aedb-c9bc80837e62,2026-06-09T02:15:00Z,2026-06-09T04:15:00+0200,17456.4533,MW,DE,DE_LU,actual_onshore_wind_generation,Wind Onshore,2026-06-27T21:08:22Z
2026-06-27T21:06:46Z,2026-06-27T23:06:46+0200,44400f30-2862-403b-aedb-c9bc80837e62,2026-06-09T02:30:00Z,2026-06-09T04:30:00+0200,17885.91676,MW,DE,DE_LU,actual_onshore_wind_generation,Wind Onshore,2026-06-27T21:08:22Z
2026-06-27T21:06:46Z,2026-06-27T23:06:46+0200,44400f30-2862-403b-aedb-c9bc80837e62,2026-06-09T02:45:00Z,2026-06-09T04:45:00+0200,17936.8699,MW,DE,DE_LU,actual_onshore_wind_generation,Wind Onshore,2026-06-27T21:08:22Z
2026-06-27T21:06:46Z,2026-06-27T23:06:46+0200,44400f30-2862-403b-aedb-c9bc80837e62,2026-06-09T03:00:00Z,2026-06-09T05:00:00+0200,18459.53185,MW,DE,DE_LU,actual_onshore_wind_generation,Wind Onshore,2026-06-27T21:08:22Z
2026-06-27T21:06:46Z,2026-06-27T23:06:46+0200,44400f30-2862-403b-aedb-c9bc80837e62,2026-06-09T03:15:00Z,2026-06-09T05:15:00+0200,19207.05486,MW,DE,DE_LU,actual_onshore_wind_generation,Wind Onshore,2026-06-27T21:08:22Z
2026-06-27T21:06:46Z,2026-06-27T23:06:46+0200,44400f30-2862-403b-aedb-c9bc80837e62,2026-06-09T03:30:00Z,2026-06-09T05:30:00+0200,19497.04443,MW,DE,DE_LU,actual_onshore_wind_generation,Wind Onshore,2026-06-27T21:08:22Z
2026-06-27T21:06:46Z,2026-06-27T23:06:46+0200,44400f30-2862-403b-aedb-c9bc80837e62,2026-06-09T03:45:00Z,2026-06-09T05:45:00+0200,19247.8998,MW,DE,DE_LU,actual_onshore_wind_generation,Wind Onshore,2026-06-27T21:08:22Z
2026-06-27T21:06:46Z,2026-06-27T23:06:46+0200,44400f30-2862-403b-aedb-c9bc80837e62,2026-06-09T04:00:00Z,2026-06-09T06:00:00+0200,19507.47317,MW,DE,DE_LU,actual_onshore_wind_generation,Wind Onshore,2026-06-27T21:08:22Z
2026-06-27T21:06:46Z,2026-06-27T23:06:46+0200,44400f30-2862-403b-aedb-c9bc80837e62,2026-06-09T04:15:00Z,2026-06-09T06:15:00+0200,19533.86124,MW,DE,DE_LU,actual_onshore_wind_generation,Wind Onshore,2026-06-27T21:08:22Z
2026-06-27T21:06:46Z,2026-06-27T23:06:46+0200,44400f30-2862-403b-aedb-c9bc80837e62,2026-06-09T04:30:00Z,2026-06-09T06:30:00+0200,19518.67492,MW,DE,DE_LU,actual_onshore_wind_generation,Wind Onshore,2026-06-27T21:08:22Z
2026-06-27T21:06:46Z,2026-06-27T23:06:46+0200,44400f30-2862-403b-aedb-c9bc80837e62,2026-06-09T04:45:00Z,2026-06-09T06:45:00+0200,19608.56689,MW,DE,DE_LU,actual_onshore_wind_generation,Wind Onshore,2026-06-27T21:08:22Z
2026-06-27T21:06:46Z,2026-06-27T23:06:46+0200,44400f30-2862-403b-aedb-c9bc80837e62,2026-06-09T05:00:00Z,2026-06-09T07:00:00+0200,19296.69979,MW,DE,DE_LU,actual_onshore_wind_generation,Wind Onshore,2026-06-27T21:08:22Z
2026-06-27T21:06:46Z,2026-06-27T23:06:46+0200,44400f30-2862-403b-aedb-c9bc80837e62,2026-06-09T05:15:00Z,2026-06-09T07:15:00+0200,18932.70135,MW,DE,DE_LU,actual_onshore_wind_generation,Wind Onshore,2026-06-27T21:08:22Z
2026-06-27T21:06:46Z,2026-06-27T23:06:46+0200,44400f30-2862-403b-aedb-c9bc80837e62,2026-06-09T05:30:00Z,2026-06-09T07:30:00+0200,18430.41877,MW,DE,DE_LU,actual_onshore_wind_generation,Wind Onshore,2026-06-27T21:08:22Z
2026-06-27T21:06:46Z,2026-06-27T23:06:46+0200,44400f30-2862-403b-aedb-c9bc80837e62,2026-06-09T05:45:00Z,2026-06-09T07:45:00+0200,18115.93142,MW,DE,DE_LU,actual_onshore_wind_generation,Wind Onshore,2026-06-27T21:08:22Z
2026-06-27T21:06:46Z,2026-06-27T23:06:46+0200,44400f30-2862-403b-aedb-c9bc80837e62,2026-06-09T06:00:00Z,2026-06-09T08:00:00+0200,17850.91833,MW,DE,DE_LU,actual_onshore_wind_generation,Wind Onshore,2026-06-27T21:08:22Z
2026-06-27T21:06:46Z,2026-06-27T23:06:46+0200,44400f30-2862-403b-aedb-c9bc80837e62,2026-06-09T06:15:00Z,2026-06-09T08:15:00+0200,17879.50785,MW,DE,DE_LU,actual_onshore_wind_generation,Wind Onshore,2026-06-27T21:08:22Z
2026-06-27T21:06:46Z,2026-06-27T23:06:46+0200,44400f30-2862-403b-aedb-c9bc80837e62,2026-06-09T06:30:00Z,2026-06-09T08:30:00+0200,18325.8614,MW,DE,DE_LU,actual_onshore_wind_generation,Wind Onshore,2026-06-27T21:08:22Z
2026-06-27T21:06:46Z,2026-06-27T23:06:46+0200,44400f30-2862-403b-aedb-c9bc80837e62,2026-06-09T06:45:00Z,2026-06-09T08:45:00+0200,18683.06624,MW,DE,DE_LU,actual_onshore_wind_generation,Wind Onshore,2026-06-27T21:08:22Z
2026-06-27T21:06:46Z,2026-06-27T23:06:46+0200,44400f30-2862-403b-aedb-c9bc80837e62,2026-06-09T07:00:00Z,2026-06-09T09:00:00+0200,19152.41874,MW,DE,DE_LU,actual_onshore_wind_generation,Wind Onshore,2026-06-27T21:08:22Z
2026-06-27T21:06:46Z,2026-06-27T23:06:46+0200,44400f30-2862-403b-aedb-c9bc80837e62,2026-06-09T07:15:00Z,2026-06-09T09:15:00+0200,19644.42447,MW,DE,DE_LU,actual_onshore_wind_generation,Wind Onshore,2026-06-27T21:08:22Z
2026-06-27T21:06:46Z,2026-06-27T23:06:46+0200,44400f30-2862-403b-aedb-c9bc80837e62,2026-06-09T07:30:00Z,2026-06-09T09:30:00+0200,19819.97637,MW,DE,DE_LU,actual_onshore_wind_generation,Wind Onshore,2026-06-27T21:08:22Z
2026-06-27T21:06:46Z,2026-06-27T23:06:46+0200,44400f30-2862-403b-aedb-c9bc80837e62,2026-06-09T07:45:00Z,2026-06-09T09:45:00+0200,20360.12944,MW,DE,DE_LU,actual_onshore_wind_generation,Wind Onshore,2026-06-27T21:08:22Z
2026-06-27T21:06:46Z,2026-06-27T23:06:46+0200,44400f30-2862-403b-aedb-c9bc80837e62,2026-06-09T08:00:00Z,2026-06-09T10:00:00+0200,20346.1354,MW,DE,DE_LU,actual_onshore_wind_generation,Wind Onshore,2026-06-27T21:08:22Z
2026-06-27T21:06:46Z,2026-06-27T23:06:46+0200,44400f30-2862-403b-aedb-c9bc80837e62,2026-06-09T08:15:00Z,2026-06-09T10:15:00+0200,20717.70188,MW,DE,DE_LU,actual_onshore_wind_generation,Wind Onshore,2026-06-27T21:08:22Z
2026-06-27T21:06:46Z,2026-06-27T23:06:46+0200,44400f30-2862-403b-aedb-c9bc80837e62,2026-06-09T08:30:00Z,2026-06-09T10:30:00+0200,21004.93261,MW,DE,DE_LU,actual_onshore_wind_generation,Wind Onshore,2026-06-27T21:08:22Z
2026-06-27T21:06:46Z,2026-06-27T23:06:46+0200,44400f30-2862-403b-aedb-c9bc80837e62,2026-06-09T08:45:00Z,2026-06-09T10:45:00+0200,21131.74837,MW,DE,DE_LU,actual_onshore_wind_generation,Wind Onshore,2026-06-27T21:08:22Z
2026-06-27T21:06:46Z,2026-06-27T23:06:46+0200,44400f30-2862-403b-aedb-c9bc80837e62,2026-06-09T09:00:00Z,2026-06-09T11:00:00+0200,21518.54316,MW,DE,DE_LU,actual_onshore_wind_generation,Wind Onshore,2026-06-27T21:08:22Z
2026-06-27T21:06:46Z,2026-06-27T23:06:46+0200,44400f30-2862-403b-aedb-c9bc80837e62,2026-06-09T09:15:00Z,2026-06-09T11:15:00+0200,21569.86171,MW,DE,DE_LU,actual_onshore_wind_generation,Wind Onshore,2026-06-27T21:08:22Z
2026-06-27T21:06:46Z,2026-06-27T23:06:46+0200,44400f30-2862-403b-aedb-c9bc80837e62,2026-06-09T09:30:00Z,2026-06-09T11:30:00+0200,21461.66154,MW,DE,DE_LU,actual_onshore_wind_generation,Wind Onshore,2026-06-27T21:08:22Z
2026-06-27T21:06:46Z,2026-06-27T23:06:46+0200,44400f30-2862-403b-aedb-c9bc80837e62,2026-06-09T09:45:00Z,2026-06-09T11:45:00+0200,21325.94164,MW,DE,DE_LU,actual_onshore_wind_generation,Wind Onshore,2026-06-27T21:08:22Z
2026-06-27T21:06:46Z,2026-06-27T23:06:46+0200,44400f30-2862-403b-aedb-c9bc80837e62,2026-06-09T10:00:00Z,2026-06-09T12:00:00+0200,22006.74755,MW,DE,DE_LU,actual_onshore_wind_generation,Wind Onshore,2026-06-27T21:08:22Z
2026-06-27T21:06:46Z,2026-06-27T23:06:46+0200,44400f30-2862-403b-aedb-c9bc80837e62,2026-06-09T10:15:00Z,2026-06-09T12:15:00+0200,21828.18219,MW,DE,DE_LU,actual_onshore_wind_generation,Wind Onshore,2026-06-27T21:08:22Z
2026-06-27T21:06:46Z,2026-06-27T23:06:46+0200,44400f30-2862-403b-aedb-c9bc80837e62,2026-06-09T10:30:00Z,2026-06-09T12:30:00+0200,21833.5719,MW,DE,DE_LU,actual_onshore_wind_generation,Wind Onshore,2026-06-27T21:08:22Z
2026-06-27T21:06:46Z,2026-06-27T23:06:46+0200,44400f30-2862-403b-aedb-c9bc80837e62,2026-06-09T10:45:00Z,2026-06-09T12:45:00+0200,21820.95292,MW,DE,DE_LU,actual_onshore_wind_generation,Wind Onshore,2026-06-27T21:08:22Z
2026-06-27T21:06:46Z,2026-06-27T23:06:46+0200,44400f30-2862-403b-aedb-c9bc80837e62,2026-06-09T11:00:00Z,2026-06-09T13:00:00+0200,20270.96626,MW,DE,DE_LU,actual_onshore_wind_generation,Wind Onshore,2026-06-27T21:08:22Z
2026-06-27T21:06:46Z,2026-06-27T23:06:46+0200,44400f30-2862-403b-aedb-c9bc80837e62,2026-06-09T11:15:00Z,2026-06-09T13:15:00+0200,19817.50637,MW,DE,DE_LU,actual_onshore_wind_generation,Wind Onshore,2026-06-27T21:08:22Z
2026-06-27T21:06:46Z,2026-06-27T23:06:46+0200,44400f30-2862-403b-aedb-c9bc80837e62,2026-06-09T11:30:00Z,2026-06-09T13:30:00+0200,20191.91746,MW,DE,DE_LU,actual_onshore_wind_generation,Wind Onshore,2026-06-27T21:08:22Z
2026-06-27T21:06:46Z,2026-06-27T23:06:46+0200,44400f30-2862-403b-aedb-c9bc80837e62,2026-06-09T11:45:00Z,2026-06-09T13:45:00+0200,20707.57027,MW,DE,DE_LU,actual_onshore_wind_generation,Wind Onshore,2026-06-27T21:08:22Z
2026-06-27T21:06:46Z,2026-06-27T23:06:46+0200,44400f30-2862-403b-aedb-c9bc80837e62,2026-06-09T12:00:00Z,2026-06-09T14:00:00+0200,20786.41551,MW,DE,DE_LU,actual_onshore_wind_generation,Wind Onshore,2026-06-27T21:08:22Z
2026-06-27T21:06:46Z,2026-06-27T23:06:46+0200,44400f30-2862-403b-aedb-c9bc80837e62,2026-06-09T12:15:00Z,2026-06-09T14:15:00+0200,20348.08453,MW,DE,DE_LU,actual_onshore_wind_generation,Wind Onshore,2026-06-27T21:08:22Z
2026-06-27T21:06:46Z,2026-06-27T23:06:46+0200,44400f30-2862-403b-aedb-c9bc80837e62,2026-06-09T12:30:00Z,2026-06-09T14:30:00+0200,19014.40092,MW,DE,DE_LU,actual_onshore_wind_generation,Wind Onshore,2026-06-27T21:08:22Z
2026-06-27T21:06:46Z,2026-06-27T23:06:46+0200,44400f30-2862-403b-aedb-c9bc80837e62,2026-06-09T12:45:00Z,2026-06-09T14:45:00+0200,18624.17879,MW,DE,DE_LU,actual_onshore_wind_generation,Wind Onshore,2026-06-27T21:08:22Z
2026-06-27T21:06:46Z,2026-06-27T23:06:46+0200,44400f30-2862-403b-aedb-c9bc80837e62,2026-06-09T13:00:00Z,2026-06-09T15:00:00+0200,17723.18466,MW,DE,DE_LU,actual_onshore_wind_generation,Wind Onshore,2026-06-27T21:08:22Z
2026-06-27T21:06:46Z,2026-06-27T23:06:46+0200,44400f30-2862-403b-aedb-c9bc80837e62,2026-06-09T13:15:00Z,2026-06-09T15:15:00+0200,17845.2024,MW,DE,DE_LU,actual_onshore_wind_generation,Wind Onshore,2026-06-27T21:08:22Z
2026-06-27T21:06:46Z,2026-06-27T23:06:46+0200,44400f30-2862-403b-aedb-c9bc80837e62,2026-06-09T13:30:00Z,2026-06-09T15:30:00+0200,17909.18319,MW,DE,DE_LU,actual_onshore_wind_generation,Wind Onshore,2026-06-27T21:08:22Z
2026-06-27T21:06:46Z,2026-06-27T23:06:46+0200,44400f30-2862-403b-aedb-c9bc80837e62,2026-06-09T13:45:00Z,2026-06-09T15:45:00+0200,17812.49787,MW,DE,DE_LU,actual_onshore_wind_generation,Wind Onshore,2026-06-27T21:08:22Z
2026-06-27T21:06:46Z,2026-06-27T23:06:46+0200,44400f30-2862-403b-aedb-c9bc80837e62,2026-06-09T14:00:00Z,2026-06-09T16:00:00+0200,17895.17854,MW,DE,DE_LU,actual_onshore_wind_generation,Wind Onshore,2026-06-27T21:08:22Z
2026-06-27T21:06:46Z,2026-06-27T23:06:46+0200,44400f30-2862-403b-aedb-c9bc80837e62,2026-06-09T14:15:00Z,2026-06-09T16:15:00+0200,17957.24191,MW,DE,DE_LU,actual_onshore_wind_generation,Wind Onshore,2026-06-27T21:08:22Z
2026-06-27T21:06:46Z,2026-06-27T23:06:46+0200,44400f30-2862-403b-aedb-c9bc80837e62,2026-06-09T14:30:00Z,2026-06-09T16:30:00+0200,17951.0868,MW,DE,DE_LU,actual_onshore_wind_generation,Wind Onshore,2026-06-27T21:08:22Z
2026-06-27T21:06:46Z,2026-06-27T23:06:46+0200,44400f30-2862-403b-aedb-c9bc80837e62,2026-06-09T14:45:00Z,2026-06-09T16:45:00+0200,17835.29329,MW,DE,DE_LU,actual_onshore_wind_generation,Wind Onshore,2026-06-27T21:08:22Z
2026-06-27T21:06:46Z,2026-06-27T23:06:46+0200,44400f30-2862-403b-aedb-c9bc80837e62,2026-06-09T15:00:00Z,2026-06-09T17:00:00+0200,17974.24118,MW,DE,DE_LU,actual_onshore_wind_generation,Wind Onshore,2026-06-27T21:08:22Z
2026-06-27T21:06:46Z,2026-06-27T23:06:46+0200,44400f30-2862-403b-aedb-c9bc80837e62,2026-06-09T15:15:00Z,2026-06-09T17:15:00+0200,17935.83055,MW,DE,DE_LU,actual_onshore_wind_generation,Wind Onshore,2026-06-27T21:08:22Z
2026-06-27T21:06:46Z,2026-06-27T23:06:46+0200,44400f30-2862-403b-aedb-c9bc80837e62,2026-06-09T15:30:00Z,2026-06-09T17:30:00+0200,18348.15758,MW,DE,DE_LU,actual_onshore_wind_generation,Wind Onshore,2026-06-27T21:08:22Z
2026-06-27T21:06:46Z,2026-06-27T23:06:46+0200,44400f30-2862-403b-aedb-c9bc80837e62,2026-06-09T15:45:00Z,2026-06-09T17:45:00+0200,18009.17446,MW,DE,DE_LU,actual_onshore_wind_generation,Wind Onshore,2026-06-27T21:08:22Z
2026-06-27T21:06:46Z,2026-06-27T23:06:46+0200,44400f30-2862-403b-aedb-c9bc80837e62,2026-06-09T16:00:00Z,2026-06-09T18:00:00+0200,17362.07144,MW,DE,DE_LU,actual_onshore_wind_generation,Wind Onshore,2026-06-27T21:08:22Z
2026-06-27T21:06:46Z,2026-06-27T23:06:46+0200,44400f30-2862-403b-aedb-c9bc80837e62,2026-06-09T16:15:00Z,2026-06-09T18:15:00+0200,16400.03159,MW,DE,DE_LU,actual_onshore_wind_generation,Wind Onshore,2026-06-27T21:08:22Z
2026-06-27T21:06:46Z,2026-06-27T23:06:46+0200,44400f30-2862-403b-aedb-c9bc80837e62,2026-06-09T16:30:00Z,2026-06-09T18:30:00+0200,15036.00292,MW,DE,DE_LU,actual_onshore_wind_generation,Wind Onshore,2026-06-27T21:08:22Z
2026-06-27T21:06:46Z,2026-06-27T23:06:46+0200,44400f30-2862-403b-aedb-c9bc80837e62,2026-06-09T16:45:00Z,2026-06-09T18:45:00+0200,14235.96719,MW,DE,DE_LU,actual_onshore_wind_generation,Wind Onshore,2026-06-27T21:08:22Z
2026-06-27T21:06:46Z,2026-06-27T23:06:46+0200,44400f30-2862-403b-aedb-c9bc80837e62,2026-06-09T17:00:00Z,2026-06-09T19:00:00+0200,13317.59104,MW,DE,DE_LU,actual_onshore_wind_generation,Wind Onshore,2026-06-27T21:08:22Z
2026-06-27T21:06:46Z,2026-06-27T23:06:46+0200,44400f30-2862-403b-aedb-c9bc80837e62,2026-06-09T17:15:00Z,2026-06-09T19:15:00+0200,12378.60225,MW,DE,DE_LU,actual_onshore_wind_generation,Wind Onshore,2026-06-27T21:08:22Z
2026-06-27T21:06:46Z,2026-06-27T23:06:46+0200,44400f30-2862-403b-aedb-c9bc80837e62,2026-06-09T17:30:00Z,2026-06-09T19:30:00+0200,11662.89008,MW,DE,DE_LU,actual_onshore_wind_generation,Wind Onshore,2026-06-27T21:08:22Z
2026-06-27T21:06:46Z,2026-06-27T23:06:46+0200,44400f30-2862-403b-aedb-c9bc80837e62,2026-06-09T17:45:00Z,2026-06-09T19:45:00+0200,11229.19859,MW,DE,DE_LU,actual_onshore_wind_generation,Wind Onshore,2026-06-27T21:08:22Z
2026-06-27T21:06:46Z,2026-06-27T23:06:46+0200,44400f30-2862-403b-aedb-c9bc80837e62,2026-06-09T18:00:00Z,2026-06-09T20:00:00+0200,11154.77626,MW,DE,DE_LU,actual_onshore_wind_generation,Wind Onshore,2026-06-27T21:08:22Z
2026-06-27T21:06:46Z,2026-06-27T23:06:46+0200,44400f30-2862-403b-aedb-c9bc80837e62,2026-06-09T18:15:00Z,2026-06-09T20:15:00+0200,11128.76042,MW,DE,DE_LU,actual_onshore_wind_generation,Wind Onshore,2026-06-27T21:08:22Z
2026-06-27T21:06:46Z,2026-06-27T23:06:46+0200,44400f30-2862-403b-aedb-c9bc80837e62,2026-06-09T18:30:00Z,2026-06-09T20:30:00+0200,10772.8704,MW,DE,DE_LU,actual_onshore_wind_generation,Wind Onshore,2026-06-27T21:08:22Z
2026-06-27T21:06:46Z,2026-06-27T23:06:46+0200,44400f30-2862-403b-aedb-c9bc80837e62,2026-06-09T18:45:00Z,2026-06-09T20:45:00+0200,10579.97676,MW,DE,DE_LU,actual_onshore_wind_generation,Wind Onshore,2026-06-27T21:08:22Z
2026-06-27T21:06:46Z,2026-06-27T23:06:46+0200,44400f30-2862-403b-aedb-c9bc80837e62,2026-06-09T19:00:00Z,2026-06-09T21:00:00+0200,10353.53406,MW,DE,DE_LU,actual_onshore_wind_generation,Wind Onshore,2026-06-27T21:08:22Z
2026-06-27T21:06:46Z,2026-06-27T23:06:46+0200,44400f30-2862-403b-aedb-c9bc80837e62,2026-06-09T19:15:00Z,2026-06-09T21:15:00+0200,10451.2925,MW,DE,DE_LU,actual_onshore_wind_generation,Wind Onshore,2026-06-27T21:08:22Z
2026-06-27T21:06:46Z,2026-06-27T23:06:46+0200,44400f30-2862-403b-aedb-c9bc80837e62,2026-06-09T19:30:00Z,2026-06-09T21:30:00+0200,10525.72246,MW,DE,DE_LU,actual_onshore_wind_generation,Wind Onshore,2026-06-27T21:08:22Z
2026-06-27T21:06:46Z,2026-06-27T23:06:46+0200,44400f30-2862-403b-aedb-c9bc80837e62,2026-06-09T19:45:00Z,2026-06-09T21:45:00+0200,10701.10675,MW,DE,DE_LU,actual_onshore_wind_generation,Wind Onshore,2026-06-27T21:08:22Z
2026-06-27T21:06:46Z,2026-06-27T23:06:46+0200,44400f30-2862-403b-aedb-c9bc80837e62,2026-06-09T20:00:00Z,2026-06-09T22:00:00+0200,10693.20063,MW,DE,DE_LU,actual_onshore_wind_generation,Wind Onshore,2026-06-27T21:08:22Z
2026-06-27T21:06:46Z,2026-06-27T23:06:46+0200,44400f30-2862-403b-aedb-c9bc80837e62,2026-06-09T20:15:00Z,2026-06-09T22:15:00+0200,10771.35746,MW,DE,DE_LU,actual_onshore_wind_generation,Wind Onshore,2026-06-27T21:08:22Z
2026-06-27T21:06:46Z,2026-06-27T23:06:46+0200,44400f30-2862-403b-aedb-c9bc80837e62,2026-06-09T20:30:00Z,2026-06-09T22:30:00+0200,10470.69271,MW,DE,DE_LU,actual_onshore_wind_generation,Wind Onshore,2026-06-27T21:08:22Z
2026-06-27T21:06:46Z,2026-06-27T23:06:46+0200,44400f30-2862-403b-aedb-c9bc80837e62,2026-06-09T20:45:00Z,2026-06-09T22:45:00+0200,10969.03147,MW,DE,DE_LU,actual_onshore_wind_generation,Wind Onshore,2026-06-27T21:08:22Z
2026-06-27T21:06:46Z,2026-06-27T23:06:46+0200,44400f30-2862-403b-aedb-c9bc80837e62,2026-06-09T21:00:00Z,2026-06-09T23:00:00+0200,11438.73683,MW,DE,DE_LU,actual_onshore_wind_generation,Wind Onshore,2026-06-27T21:08:22Z
2026-06-27T21:06:46Z,2026-06-27T23:06:46+0200,44400f30-2862-403b-aedb-c9bc80837e62,2026-06-09T21:15:00Z,2026-06-09T23:15:00+0200,11596.0803,MW,DE,DE_LU,actual_onshore_wind_generation,Wind Onshore,2026-06-27T21:08:22Z
2026-06-27T21:06:46Z,2026-06-27T23:06:46+0200,44400f30-2862-403b-aedb-c9bc80837e62,2026-06-09T21:30:00Z,2026-06-09T23:30:00+0200,11622.62613,MW,DE,DE_LU,actual_onshore_wind_generation,Wind Onshore,2026-06-27T21:08:22Z
2026-06-27T21:06:46Z,2026-06-27T23:06:46+0200,44400f30-2862-403b-aedb-c9bc80837e62,2026-06-09T21:45:00Z,2026-06-09T23:45:00+0200,11608.38452,MW,DE,DE_LU,actual_onshore_wind_generation,Wind Onshore,2026-06-27T21:08:22Z
2026-06-27T21:06:46Z,2026-06-27T23:06:46+0200,44400f30-2862-403b-aedb-c9bc80837e62,2026-06-09T22:00:00Z,2026-06-10T00:00:00+0200,11831.91243,MW,DE,DE_LU,actual_onshore_wind_generation,Wind Onshore,2026-06-27T21:08:22Z
2026-06-27T21:06:46Z,2026-06-27T23:06:46+0200,44400f30-2862-403b-aedb-c9bc80837e62,2026-06-09T22:15:00Z,2026-06-10T00:15:00+0200,12242.47586,MW,DE,DE_LU,actual_onshore_wind_generation,Wind Onshore,2026-06-27T21:08:22Z
2026-06-27T21:06:46Z,2026-06-27T23:06:46+0200,44400f30-2862-403b-aedb-c9bc80837e62,2026-06-09T22:30:00Z,2026-06-10T00:30:00+0200,12676.07105,MW,DE,DE_LU,actual_onshore_wind_generation,Wind Onshore,2026-06-27T21:08:22Z
2026-06-27T21:06:46Z,2026-06-27T23:06:46+0200,44400f30-2862-403b-aedb-c9bc80837e62,2026-06-09T22:45:00Z,2026-06-10T00:45:00+0200,12943.45311,MW,DE,DE_LU,actual_onshore_wind_generation,Wind Onshore,2026-06-27T21:08:22Z
2026-06-27T21:06:46Z,2026-06-27T23:06:46+0200,44400f30-2862-403b-aedb-c9bc80837e62,2026-06-09T23:00:00Z,2026-06-10T01:00:00+0200,13103.44476,MW,DE,DE_LU,actual_onshore_wind_generation,Wind Onshore,2026-06-27T21:08:22Z
2026-06-27T21:06:46Z,2026-06-27T23:06:46+0200,44400f30-2862-403b-aedb-c9bc80837e62,2026-06-09T23:15:00Z,2026-06-10T01:15:00+0200,13329.19091,MW,DE,DE_LU,actual_onshore_wind_generation,Wind Onshore,2026-06-27T21:08:22Z
2026-06-27T21:06:46Z,2026-06-27T23:06:46+0200,44400f30-2862-403b-aedb-c9bc80837e62,2026-06-09T23:30:00Z,2026-06-10T01:30:00+0200,13415.6476,MW,DE,DE_LU,actual_onshore_wind_generation,Wind Onshore,2026-06-27T21:08:22Z
2026-06-27T21:06:46Z,2026-06-27T23:06:46+0200,44400f30-2862-403b-aedb-c9bc80837e62,2026-06-09T23:45:00Z,2026-06-10T01:45:00+0200,13442.03197,MW,DE,DE_LU,actual_onshore_wind_generation,Wind Onshore,2026-06-27T21:08:22Z
2026-06-27T21:06:46Z,2026-06-27T23:06:46+0200,44400f30-2862-403b-aedb-c9bc80837e62,2026-06-10T00:00:00Z,2026-06-10T02:00:00+0200,13266.29311,MW,DE,DE_LU,actual_onshore_wind_generation,Wind Onshore,2026-06-27T21:08:22Z
2026-06-27T21:06:46Z,2026-06-27T23:06:46+0200,44400f30-2862-403b-aedb-c9bc80837e62,2026-06-10T00:15:00Z,2026-06-10T02:15:00+0200,13167.70418,MW,DE,DE_LU,actual_onshore_wind_generation,Wind Onshore,2026-06-27T21:08:22Z
2026-06-27T21:06:46Z,2026-06-27T23:06:46+0200,44400f30-2862-403b-aedb-c9bc80837e62,2026-06-10T00:30:00Z,2026-06-10T02:30:00+0200,13054.53118,MW,DE,DE_LU,actual_onshore_wind_generation,Wind Onshore,2026-06-27T21:08:22Z
2026-06-27T21:06:46Z,2026-06-27T23:06:46+0200,44400f30-2862-403b-aedb-c9bc80837e62,2026-06-10T00:45:00Z,2026-06-10T02:45:00+0200,13068.43833,MW,DE,DE_LU,actual_onshore_wind_generation,Wind Onshore,2026-06-27T21:08:22Z
2026-06-27T21:06:46Z,2026-06-27T23:06:46+0200,44400f30-2862-403b-aedb-c9bc80837e62,2026-06-10T01:00:00Z,2026-06-10T03:00:00+0200,13072.09026,MW,DE,DE_LU,actual_onshore_wind_generation,Wind Onshore,2026-06-27T21:08:22Z
2026-06-27T21:06:46Z,2026-06-27T23:06:46+0200,44400f30-2862-403b-aedb-c9bc80837e62,2026-06-10T01:15:00Z,2026-06-10T03:15:00+0200,13096.58239,MW,DE,DE_LU,actual_onshore_wind_generation,Wind Onshore,2026-06-27T21:08:22Z
2026-06-27T21:06:46Z,2026-06-27T23:06:46+0200,44400f30-2862-403b-aedb-c9bc80837e62,2026-06-10T01:30:00Z,2026-06-10T03:30:00+0200,12898.45032,MW,DE,DE_LU,actual_onshore_wind_generation,Wind Onshore,2026-06-27T21:08:22Z
2026-06-27T21:06:46Z,2026-06-27T23:06:46+0200,44400f30-2862-403b-aedb-c9bc80837e62,2026-06-10T01:45:00Z,2026-06-10T03:45:00+0200,12676.61892,MW,DE,DE_LU,actual_onshore_wind_generation,Wind Onshore,2026-06-27T21:08:22Z
2026-06-27T21:06:46Z,2026-06-27T23:06:46+0200,44400f30-2862-403b-aedb-c9bc80837e62,2026-06-10T02:00:00Z,2026-06-10T04:00:00+0200,12621.45418,MW,DE,DE_LU,actual_onshore_wind_generation,Wind Onshore,2026-06-27T21:08:22Z
2026-06-27T21:06:46Z,2026-06-27T23:06:46+0200,44400f30-2862-403b-aedb-c9bc80837e62,2026-06-10T02:15:00Z,2026-06-10T04:15:00+0200,12411.72069,MW,DE,DE_LU,actual_onshore_wind_generation,Wind Onshore,2026-06-27T21:08:22Z
2026-06-27T21:06:46Z,2026-06-27T23:06:46+0200,44400f30-2862-403b-aedb-c9bc80837e62,2026-06-10T02:30:00Z,2026-06-10T04:30:00+0200,12274.47121,MW,DE,DE_LU,actual_onshore_wind_generation,Wind Onshore,2026-06-27T21:08:22Z
2026-06-27T21:06:46Z,2026-06-27T23:06:46+0200,44400f30-2862-403b-aedb-c9bc80837e62,2026-06-10T02:45:00Z,2026-06-10T04:45:00+0200,12095.17726,MW,DE,DE_LU,actual_onshore_wind_generation,Wind Onshore,2026-06-27T21:08:22Z
2026-06-27T21:06:46Z,2026-06-27T23:06:46+0200,44400f30-2862-403b-aedb-c9bc80837e62,2026-06-10T03:00:00Z,2026-06-10T05:00:00+0200,11912.75764,MW,DE,DE_LU,actual_onshore_wind_generation,Wind Onshore,2026-06-27T21:08:22Z
2026-06-27T21:06:46Z,2026-06-27T23:06:46+0200,44400f30-2862-403b-aedb-c9bc80837e62,2026-06-10T03:15:00Z,2026-06-10T05:15:00+0200,11630.07684,MW,DE,DE_LU,actual_onshore_wind_generation,Wind Onshore,2026-06-27T21:08:22Z
2026-06-27T21:06:46Z,2026-06-27T23:06:46+0200,44400f30-2862-403b-aedb-c9bc80837e62,2026-06-10T03:30:00Z,2026-06-10T05:30:00+0200,11040.58785,MW,DE,DE_LU,actual_onshore_wind_generation,Wind Onshore,2026-06-27T21:08:22Z
2026-06-27T21:06:46Z,2026-06-27T23:06:46+0200,44400f30-2862-403b-aedb-c9bc80837e62,2026-06-10T03:45:00Z,2026-06-10T05:45:00+0200,10537.78181,MW,DE,DE_LU,actual_onshore_wind_generation,Wind Onshore,2026-06-27T21:08:22Z
2026-06-27T21:06:46Z,2026-06-27T23:06:46+0200,44400f30-2862-403b-aedb-c9bc80837e62,2026-06-10T04:00:00Z,2026-06-10T06:00:00+0200,10281.78122,MW,DE,DE_LU,actual_onshore_wind_generation,Wind Onshore,2026-06-27T21:08:22Z
2026-06-27T21:06:46Z,2026-06-27T23:06:46+0200,44400f30-2862-403b-aedb-c9bc80837e62,2026-06-10T04:15:00Z,2026-06-10T06:15:00+0200,9797.14177,MW,DE,DE_LU,actual_onshore_wind_generation,Wind Onshore,2026-06-27T21:08:22Z
2026-06-27T21:06:46Z,2026-06-27T23:06:46+0200,44400f30-2862-403b-aedb-c9bc80837e62,2026-06-10T04:30:00Z,2026-06-10T06:30:00+0200,9090.51487,MW,DE,DE_LU,actual_onshore_wind_generation,Wind Onshore,2026-06-27T21:08:22Z
2026-06-27T21:06:46Z,2026-06-27T23:06:46+0200,44400f30-2862-403b-aedb-c9bc80837e62,2026-06-10T04:45:00Z,2026-06-10T06:45:00+0200,8207.78217,MW,DE,DE_LU,actual_onshore_wind_generation,Wind Onshore,2026-06-27T21:08:22Z
2026-06-27T21:06:46Z,2026-06-27T23:06:46+0200,44400f30-2862-403b-aedb-c9bc80837e62,2026-06-10T05:00:00Z,2026-06-10T07:00:00+0200,7376.49444,MW,DE,DE_LU,actual_onshore_wind_generation,Wind Onshore,2026-06-27T21:08:22Z
2026-06-27T21:06:46Z,2026-06-27T23:06:46+0200,44400f30-2862-403b-aedb-c9bc80837e62,2026-06-10T05:15:00Z,2026-06-10T07:15:00+0200,6743.3254,MW,DE,DE_LU,actual_onshore_wind_generation,Wind Onshore,2026-06-27T21:08:22Z
2026-06-27T21:06:46Z,2026-06-27T23:06:46+0200,44400f30-2862-403b-aedb-c9bc80837e62,2026-06-10T05:30:00Z,2026-06-10T07:30:00+0200,6043.7011,MW,DE,DE_LU,actual_onshore_wind_generation,Wind Onshore,2026-06-27T21:08:22Z
2026-06-27T21:06:46Z,2026-06-27T23:06:46+0200,44400f30-2862-403b-aedb-c9bc80837e62,2026-06-10T05:45:00Z,2026-06-10T07:45:00+0200,5750.88914,MW,DE,DE_LU,actual_onshore_wind_generation,Wind Onshore,2026-06-27T21:08:22Z
2026-06-27T21:06:46Z,2026-06-27T23:06:46+0200,44400f30-2862-403b-aedb-c9bc80837e62,2026-06-10T06:00:00Z,2026-06-10T08:00:00+0200,5597.02632,MW,DE,DE_LU,actual_onshore_wind_generation,Wind Onshore,2026-06-27T21:08:22Z
2026-06-27T21:06:46Z,2026-06-27T23:06:46+0200,44400f30-2862-403b-aedb-c9bc80837e62,2026-06-10T06:15:00Z,2026-06-10T08:15:00+0200,5537.30867,MW,DE,DE_LU,actual_onshore_wind_generation,Wind Onshore,2026-06-27T21:08:22Z
2026-06-27T21:06:46Z,2026-06-27T23:06:46+0200,44400f30-2862-403b-aedb-c9bc80837e62,2026-06-10T06:30:00Z,2026-06-10T08:30:00+0200,5653.51556,MW,DE,DE_LU,actual_onshore_wind_generation,Wind Onshore,2026-06-27T21:08:22Z
2026-06-27T21:06:46Z,2026-06-27T23:06:46+0200,44400f30-2862-403b-aedb-c9bc80837e62,2026-06-10T06:45:00Z,2026-06-10T08:45:00+0200,5949.08025,MW,DE,DE_LU,actual_onshore_wind_generation,Wind Onshore,2026-06-27T21:08:22Z
2026-06-27T21:06:46Z,2026-06-27T23:06:46+0200,44400f30-2862-403b-aedb-c9bc80837e62,2026-06-10T07:00:00Z,2026-06-10T09:00:00+0200,5850.41509,MW,DE,DE_LU,actual_onshore_wind_generation,Wind Onshore,2026-06-27T21:08:22Z
2026-06-27T21:06:46Z,2026-06-27T23:06:46+0200,44400f30-2862-403b-aedb-c9bc80837e62,2026-06-10T07:15:00Z,2026-06-10T09:15:00+0200,5705.02809,MW,DE,DE_LU,actual_onshore_wind_generation,Wind Onshore,2026-06-27T21:08:22Z
2026-06-27T21:06:46Z,2026-06-27T23:06:46+0200,44400f30-2862-403b-aedb-c9bc80837e62,2026-06-10T07:30:00Z,2026-06-10T09:30:00+0200,5932.96025,MW,DE,DE_LU,actual_onshore_wind_generation,Wind Onshore,2026-06-27T21:08:22Z
2026-06-27T21:06:46Z,2026-06-27T23:06:46+0200,44400f30-2862-403b-aedb-c9bc80837e62,2026-06-10T07:45:00Z,2026-06-10T09:45:00+0200,6342.85294,MW,DE,DE_LU,actual_onshore_wind_generation,Wind Onshore,2026-06-27T21:08:22Z
2026-06-27T21:06:46Z,2026-06-27T23:06:46+0200,44400f30-2862-403b-aedb-c9bc80837e62,2026-06-10T08:00:00Z,2026-06-10T10:00:00+0200,6819.54092,MW,DE,DE_LU,actual_onshore_wind_generation,Wind Onshore,2026-06-27T21:08:22Z
2026-06-27T21:06:46Z,2026-06-27T23:06:46+0200,44400f30-2862-403b-aedb-c9bc80837e62,2026-06-10T08:15:00Z,2026-06-10T10:15:00+0200,7220.77346,MW,DE,DE_LU,actual_onshore_wind_generation,Wind Onshore,2026-06-27T21:08:22Z
2026-06-27T21:06:46Z,2026-06-27T23:06:46+0200,44400f30-2862-403b-aedb-c9bc80837e62,2026-06-10T08:30:00Z,2026-06-10T10:30:00+0200,7829.6444,MW,DE,DE_LU,actual_onshore_wind_generation,Wind Onshore,2026-06-27T21:08:22Z
2026-06-27T21:06:46Z,2026-06-27T23:06:46+0200,44400f30-2862-403b-aedb-c9bc80837e62,2026-06-10T08:45:00Z,2026-06-10T10:45:00+0200,8082.09495,MW,DE,DE_LU,actual_onshore_wind_generation,Wind Onshore,2026-06-27T21:08:22Z
2026-06-27T21:06:46Z,2026-06-27T23:06:46+0200,44400f30-2862-403b-aedb-c9bc80837e62,2026-06-10T09:00:00Z,2026-06-10T11:00:00+0200,8613.87495,MW,DE,DE_LU,actual_onshore_wind_generation,Wind Onshore,2026-06-27T21:08:22Z
2026-06-27T21:06:46Z,2026-06-27T23:06:46+0200,44400f30-2862-403b-aedb-c9bc80837e62,2026-06-10T09:15:00Z,2026-06-10T11:15:00+0200,8788.49966,MW,DE,DE_LU,actual_onshore_wind_generation,Wind Onshore,2026-06-27T21:08:22Z
2026-06-27T21:06:46Z,2026-06-27T23:06:46+0200,44400f30-2862-403b-aedb-c9bc80837e62,2026-06-10T09:30:00Z,2026-06-10T11:30:00+0200,9071.81742,MW,DE,DE_LU,actual_onshore_wind_generation,Wind Onshore,2026-06-27T21:08:22Z
2026-06-27T21:06:46Z,2026-06-27T23:06:46+0200,44400f30-2862-403b-aedb-c9bc80837e62,2026-06-10T09:45:00Z,2026-06-10T11:45:00+0200,9345.03655,MW,DE,DE_LU,actual_onshore_wind_generation,Wind Onshore,2026-06-27T21:08:22Z
2026-06-27T21:06:46Z,2026-06-27T23:06:46+0200,44400f30-2862-403b-aedb-c9bc80837e62,2026-06-10T10:00:00Z,2026-06-10T12:00:00+0200,9265.51167,MW,DE,DE_LU,actual_onshore_wind_generation,Wind Onshore,2026-06-27T21:08:22Z
2026-06-27T21:06:46Z,2026-06-27T23:06:46+0200,44400f30-2862-403b-aedb-c9bc80837e62,2026-06-10T10:15:00Z,2026-06-10T12:15:00+0200,9215.62988,MW,DE,DE_LU,actual_onshore_wind_generation,Wind Onshore,2026-06-27T21:08:22Z
2026-06-27T21:06:46Z,2026-06-27T23:06:46+0200,44400f30-2862-403b-aedb-c9bc80837e62,2026-06-10T10:30:00Z,2026-06-10T12:30:00+0200,8933.41492,MW,DE,DE_LU,actual_onshore_wind_generation,Wind Onshore,2026-06-27T21:08:22Z
2026-06-27T21:06:46Z,2026-06-27T23:06:46+0200,44400f30-2862-403b-aedb-c9bc80837e62,2026-06-10T10:45:00Z,2026-06-10T12:45:00+0200,9151.67433,MW,DE,DE_LU,actual_onshore_wind_generation,Wind Onshore,2026-06-27T21:08:22Z
2026-06-27T21:06:46Z,2026-06-27T23:06:46+0200,44400f30-2862-403b-aedb-c9bc80837e62,2026-06-10T11:00:00Z,2026-06-10T13:00:00+0200,9192.68884,MW,DE,DE_LU,actual_onshore_wind_generation,Wind Onshore,2026-06-27T21:08:22Z
2026-06-27T21:06:46Z,2026-06-27T23:06:46+0200,44400f30-2862-403b-aedb-c9bc80837e62,2026-06-10T11:15:00Z,2026-06-10T13:15:00+0200,8831.07869,MW,DE,DE_LU,actual_onshore_wind_generation,Wind Onshore,2026-06-27T21:08:22Z
2026-06-27T21:06:46Z,2026-06-27T23:06:46+0200,44400f30-2862-403b-aedb-c9bc80837e62,2026-06-10T11:30:00Z,2026-06-10T13:30:00+0200,9312.47076,MW,DE,DE_LU,actual_onshore_wind_generation,Wind Onshore,2026-06-27T21:08:22Z
2026-06-27T21:06:46Z,2026-06-27T23:06:46+0200,44400f30-2862-403b-aedb-c9bc80837e62,2026-06-10T11:45:00Z,2026-06-10T13:45:00+0200,9593.42287,MW,DE,DE_LU,actual_onshore_wind_generation,Wind Onshore,2026-06-27T21:08:22Z
2026-06-27T21:06:46Z,2026-06-27T23:06:46+0200,44400f30-2862-403b-aedb-c9bc80837e62,2026-06-10T12:00:00Z,2026-06-10T14:00:00+0200,10036.05324,MW,DE,DE_LU,actual_onshore_wind_generation,Wind Onshore,2026-06-27T21:08:22Z
2026-06-27T21:06:46Z,2026-06-27T23:06:46+0200,44400f30-2862-403b-aedb-c9bc80837e62,2026-06-10T12:15:00Z,2026-06-10T14:15:00+0200,9981.38473,MW,DE,DE_LU,actual_onshore_wind_generation,Wind Onshore,2026-06-27T21:08:22Z
2026-06-27T21:06:46Z,2026-06-27T23:06:46+0200,44400f30-2862-403b-aedb-c9bc80837e62,2026-06-10T12:30:00Z,2026-06-10T14:30:00+0200,9442.56804,MW,DE,DE_LU,actual_onshore_wind_generation,Wind Onshore,2026-06-27T21:08:22Z
2026-06-27T21:06:46Z,2026-06-27T23:06:46+0200,44400f30-2862-403b-aedb-c9bc80837e62,2026-06-10T12:45:00Z,2026-06-10T14:45:00+0200,8950.10628,MW,DE,DE_LU,actual_onshore_wind_generation,Wind Onshore,2026-06-27T21:08:22Z
2026-06-27T21:06:46Z,2026-06-27T23:06:46+0200,44400f30-2862-403b-aedb-c9bc80837e62,2026-06-10T13:00:00Z,2026-06-10T15:00:00+0200,8670.48484,MW,DE,DE_LU,actual_onshore_wind_generation,Wind Onshore,2026-06-27T21:08:22Z
2026-06-27T21:06:46Z,2026-06-27T23:06:46+0200,44400f30-2862-403b-aedb-c9bc80837e62,2026-06-10T13:15:00Z,2026-06-10T15:15:00+0200,8307.99791,MW,DE,DE_LU,actual_onshore_wind_generation,Wind Onshore,2026-06-27T21:08:22Z
2026-06-27T21:06:46Z,2026-06-27T23:06:46+0200,44400f30-2862-403b-aedb-c9bc80837e62,2026-06-10T13:30:00Z,2026-06-10T15:30:00+0200,7958.66463,MW,DE,DE_LU,actual_onshore_wind_generation,Wind Onshore,2026-06-27T21:08:22Z
2026-06-27T21:06:46Z,2026-06-27T23:06:46+0200,44400f30-2862-403b-aedb-c9bc80837e62,2026-06-10T13:45:00Z,2026-06-10T15:45:00+0200,7900.45549,MW,DE,DE_LU,actual_onshore_wind_generation,Wind Onshore,2026-06-27T21:08:22Z
2026-06-27T21:06:46Z,2026-06-27T23:06:46+0200,44400f30-2862-403b-aedb-c9bc80837e62,2026-06-10T14:00:00Z,2026-06-10T16:00:00+0200,8150.34409,MW,DE,DE_LU,actual_onshore_wind_generation,Wind Onshore,2026-06-27T21:08:22Z
2026-06-27T21:06:46Z,2026-06-27T23:06:46+0200,44400f30-2862-403b-aedb-c9bc80837e62,2026-06-10T14:15:00Z,2026-06-10T16:15:00+0200,8255.07374,MW,DE,DE_LU,actual_onshore_wind_generation,Wind Onshore,2026-06-27T21:08:22Z
2026-06-27T21:06:46Z,2026-06-27T23:06:46+0200,44400f30-2862-403b-aedb-c9bc80837e62,2026-06-10T14:30:00Z,2026-06-10T16:30:00+0200,8400.41418,MW,DE,DE_LU,actual_onshore_wind_generation,Wind Onshore,2026-06-27T21:08:22Z
2026-06-27T21:06:46Z,2026-06-27T23:06:46+0200,44400f30-2862-403b-aedb-c9bc80837e62,2026-06-10T14:45:00Z,2026-06-10T16:45:00+0200,8346.53205,MW,DE,DE_LU,actual_onshore_wind_generation,Wind Onshore,2026-06-27T21:08:22Z
2026-06-27T21:06:46Z,2026-06-27T23:06:46+0200,44400f30-2862-403b-aedb-c9bc80837e62,2026-06-10T15:00:00Z,2026-06-10T17:00:00+0200,8096.60976,MW,DE,DE_LU,actual_onshore_wind_generation,Wind Onshore,2026-06-27T21:08:22Z
2026-06-27T21:06:46Z,2026-06-27T23:06:46+0200,44400f30-2862-403b-aedb-c9bc80837e62,2026-06-10T15:15:00Z,2026-06-10T17:15:00+0200,8160.25175,MW,DE,DE_LU,actual_onshore_wind_generation,Wind Onshore,2026-06-27T21:08:22Z
2026-06-27T21:06:46Z,2026-06-27T23:06:46+0200,44400f30-2862-403b-aedb-c9bc80837e62,2026-06-10T15:30:00Z,2026-06-10T17:30:00+0200,8134.95799,MW,DE,DE_LU,actual_onshore_wind_generation,Wind Onshore,2026-06-27T21:08:22Z
2026-06-27T21:06:46Z,2026-06-27T23:06:46+0200,44400f30-2862-403b-aedb-c9bc80837e62,2026-06-10T15:45:00Z,2026-06-10T17:45:00+0200,8172.20564,MW,DE,DE_LU,actual_onshore_wind_generation,Wind Onshore,2026-06-27T21:08:22Z
2026-06-27T21:06:46Z,2026-06-27T23:06:46+0200,44400f30-2862-403b-aedb-c9bc80837e62,2026-06-10T16:00:00Z,2026-06-10T18:00:00+0200,7807.31328,MW,DE,DE_LU,actual_onshore_wind_generation,Wind Onshore,2026-06-27T21:08:22Z
2026-06-27T21:06:46Z,2026-06-27T23:06:46+0200,44400f30-2862-403b-aedb-c9bc80837e62,2026-06-10T16:15:00Z,2026-06-10T18:15:00+0200,7573.16282,MW,DE,DE_LU,actual_onshore_wind_generation,Wind Onshore,2026-06-27T21:08:22Z
2026-06-27T21:06:46Z,2026-06-27T23:06:46+0200,44400f30-2862-403b-aedb-c9bc80837e62,2026-06-10T16:30:00Z,2026-06-10T18:30:00+0200,7079.07789,MW,DE,DE_LU,actual_onshore_wind_generation,Wind Onshore,2026-06-27T21:08:22Z
2026-06-27T21:06:46Z,2026-06-27T23:06:46+0200,44400f30-2862-403b-aedb-c9bc80837e62,2026-06-10T16:45:00Z,2026-06-10T18:45:00+0200,6820.72313,MW,DE,DE_LU,actual_onshore_wind_generation,Wind Onshore,2026-06-27T21:08:22Z
2026-06-27T21:06:46Z,2026-06-27T23:06:46+0200,44400f30-2862-403b-aedb-c9bc80837e62,2026-06-10T17:00:00Z,2026-06-10T19:00:00+0200,6365.46792,MW,DE,DE_LU,actual_onshore_wind_generation,Wind Onshore,2026-06-27T21:08:22Z
2026-06-27T21:06:46Z,2026-06-27T23:06:46+0200,44400f30-2862-403b-aedb-c9bc80837e62,2026-06-10T17:15:00Z,2026-06-10T19:15:00+0200,6254.66811,MW,DE,DE_LU,actual_onshore_wind_generation,Wind Onshore,2026-06-27T21:08:22Z
2026-06-27T21:06:46Z,2026-06-27T23:06:46+0200,44400f30-2862-403b-aedb-c9bc80837e62,2026-06-10T17:30:00Z,2026-06-10T19:30:00+0200,6021.50862,MW,DE,DE_LU,actual_onshore_wind_generation,Wind Onshore,2026-06-27T21:08:22Z
2026-06-27T21:06:46Z,2026-06-27T23:06:46+0200,44400f30-2862-403b-aedb-c9bc80837e62,2026-06-10T17:45:00Z,2026-06-10T19:45:00+0200,5830.30558,MW,DE,DE_LU,actual_onshore_wind_generation,Wind Onshore,2026-06-27T21:08:22Z
2026-06-27T21:06:46Z,2026-06-27T23:06:46+0200,44400f30-2862-403b-aedb-c9bc80837e62,2026-06-10T18:00:00Z,2026-06-10T20:00:00+0200,5908.03362,MW,DE,DE_LU,actual_onshore_wind_generation,Wind Onshore,2026-06-27T21:08:22Z
2026-06-27T21:06:46Z,2026-06-27T23:06:46+0200,44400f30-2862-403b-aedb-c9bc80837e62,2026-06-10T18:15:00Z,2026-06-10T20:15:00+0200,5988.06206,MW,DE,DE_LU,actual_onshore_wind_generation,Wind Onshore,2026-06-27T21:08:22Z
2026-06-27T21:06:46Z,2026-06-27T23:06:46+0200,44400f30-2862-403b-aedb-c9bc80837e62,2026-06-10T18:30:00Z,2026-06-10T20:30:00+0200,5816.96421,MW,DE,DE_LU,actual_onshore_wind_generation,Wind Onshore,2026-06-27T21:08:22Z
2026-06-27T21:06:46Z,2026-06-27T23:06:46+0200,44400f30-2862-403b-aedb-c9bc80837e62,2026-06-10T18:45:00Z,2026-06-10T20:45:00+0200,5698.19143,MW,DE,DE_LU,actual_onshore_wind_generation,Wind Onshore,2026-06-27T21:08:22Z
2026-06-27T21:06:46Z,2026-06-27T23:06:46+0200,44400f30-2862-403b-aedb-c9bc80837e62,2026-06-10T19:00:00Z,2026-06-10T21:00:00+0200,5597.32248,MW,DE,DE_LU,actual_onshore_wind_generation,Wind Onshore,2026-06-27T21:08:22Z
2026-06-27T21:06:46Z,2026-06-27T23:06:46+0200,44400f30-2862-403b-aedb-c9bc80837e62,2026-06-10T19:15:00Z,2026-06-10T21:15:00+0200,5731.00601,MW,DE,DE_LU,actual_onshore_wind_generation,Wind Onshore,2026-06-27T21:08:22Z
2026-06-27T21:06:46Z,2026-06-27T23:06:46+0200,44400f30-2862-403b-aedb-c9bc80837e62,2026-06-10T19:30:00Z,2026-06-10T21:30:00+0200,5775.0522,MW,DE,DE_LU,actual_onshore_wind_generation,Wind Onshore,2026-06-27T21:08:22Z
2026-06-27T21:06:46Z,2026-06-27T23:06:46+0200,44400f30-2862-403b-aedb-c9bc80837e62,2026-06-10T19:45:00Z,2026-06-10T21:45:00+0200,5444.91605,MW,DE,DE_LU,actual_onshore_wind_generation,Wind Onshore,2026-06-27T21:08:22Z
2026-06-27T21:06:46Z,2026-06-27T23:06:46+0200,44400f30-2862-403b-aedb-c9bc80837e62,2026-06-10T20:00:00Z,2026-06-10T22:00:00+0200,5006.34449,MW,DE,DE_LU,actual_onshore_wind_generation,Wind Onshore,2026-06-27T21:08:22Z
2026-06-27T21:06:46Z,2026-06-27T23:06:46+0200,44400f30-2862-403b-aedb-c9bc80837e62,2026-06-10T20:15:00Z,2026-06-10T22:15:00+0200,4843.55793,MW,DE,DE_LU,actual_onshore_wind_generation,Wind Onshore,2026-06-27T21:08:22Z
2026-06-27T21:06:46Z,2026-06-27T23:06:46+0200,44400f30-2862-403b-aedb-c9bc80837e62,2026-06-10T20:30:00Z,2026-06-10T22:30:00+0200,4788.19956,MW,DE,DE_LU,actual_onshore_wind_generation,Wind Onshore,2026-06-27T21:08:22Z
2026-06-27T21:06:46Z,2026-06-27T23:06:46+0200,44400f30-2862-403b-aedb-c9bc80837e62,2026-06-10T20:45:00Z,2026-06-10T22:45:00+0200,4722.42124,MW,DE,DE_LU,actual_onshore_wind_generation,Wind Onshore,2026-06-27T21:08:22Z
2026-06-27T21:06:46Z,2026-06-27T23:06:46+0200,44400f30-2862-403b-aedb-c9bc80837e62,2026-06-10T21:00:00Z,2026-06-10T23:00:00+0200,4717.52893,MW,DE,DE_LU,actual_onshore_wind_generation,Wind Onshore,2026-06-27T21:08:22Z
2026-06-27T21:06:46Z,2026-06-27T23:06:46+0200,44400f30-2862-403b-aedb-c9bc80837e62,2026-06-10T21:15:00Z,2026-06-10T23:15:00+0200,4734.41739,MW,DE,DE_LU,actual_onshore_wind_generation,Wind Onshore,2026-06-27T21:08:22Z
2026-06-27T21:06:46Z,2026-06-27T23:06:46+0200,44400f30-2862-403b-aedb-c9bc80837e62,2026-06-10T21:30:00Z,2026-06-10T23:30:00+0200,4807.09375,MW,DE,DE_LU,actual_onshore_wind_generation,Wind Onshore,2026-06-27T21:08:22Z
2026-06-27T21:06:46Z,2026-06-27T23:06:46+0200,44400f30-2862-403b-aedb-c9bc80837e62,2026-06-10T21:45:00Z,2026-06-10T23:45:00+0200,5040.20787,MW,DE,DE_LU,actual_onshore_wind_generation,Wind Onshore,2026-06-27T21:08:22Z
2026-06-27T21:06:46Z,2026-06-27T23:06:46+0200,44400f30-2862-403b-aedb-c9bc80837e62,2026-06-10T22:00:00Z,2026-06-11T00:00:00+0200,5168.97339,MW,DE,DE_LU,actual_onshore_wind_generation,Wind Onshore,2026-06-27T21:08:22Z
2026-06-27T21:06:46Z,2026-06-27T23:06:46+0200,44400f30-2862-403b-aedb-c9bc80837e62,2026-06-10T22:15:00Z,2026-06-11T00:15:00+0200,5203.13553,MW,DE,DE_LU,actual_onshore_wind_generation,Wind Onshore,2026-06-27T21:08:22Z
2026-06-27T21:06:46Z,2026-06-27T23:06:46+0200,44400f30-2862-403b-aedb-c9bc80837e62,2026-06-10T22:30:00Z,2026-06-11T00:30:00+0200,5197.95012,MW,DE,DE_LU,actual_onshore_wind_generation,Wind Onshore,2026-06-27T21:08:22Z
2026-06-27T21:06:46Z,2026-06-27T23:06:46+0200,44400f30-2862-403b-aedb-c9bc80837e62,2026-06-10T22:45:00Z,2026-06-11T00:45:00+0200,5348.88869,MW,DE,DE_LU,actual_onshore_wind_generation,Wind Onshore,2026-06-27T21:08:22Z
2026-06-27T21:06:46Z,2026-06-27T23:06:46+0200,44400f30-2862-403b-aedb-c9bc80837e62,2026-06-10T23:00:00Z,2026-06-11T01:00:00+0200,5490.64545,MW,DE,DE_LU,actual_onshore_wind_generation,Wind Onshore,2026-06-27T21:08:22Z
2026-06-27T21:06:46Z,2026-06-27T23:06:46+0200,44400f30-2862-403b-aedb-c9bc80837e62,2026-06-10T23:15:00Z,2026-06-11T01:15:00+0200,5727.65515,MW,DE,DE_LU,actual_onshore_wind_generation,Wind Onshore,2026-06-27T21:08:22Z
2026-06-27T21:06:46Z,2026-06-27T23:06:46+0200,44400f30-2862-403b-aedb-c9bc80837e62,2026-06-10T23:30:00Z,2026-06-11T01:30:00+0200,5946.71344,MW,DE,DE_LU,actual_onshore_wind_generation,Wind Onshore,2026-06-27T21:08:22Z
2026-06-27T21:06:46Z,2026-06-27T23:06:46+0200,44400f30-2862-403b-aedb-c9bc80837e62,2026-06-10T23:45:00Z,2026-06-11T01:45:00+0200,6116.68691,MW,DE,DE_LU,actual_onshore_wind_generation,Wind Onshore,2026-06-27T21:08:22Z
2026-06-27T21:06:46Z,2026-06-27T23:06:46+0200,44400f30-2862-403b-aedb-c9bc80837e62,2026-06-11T00:00:00Z,2026-06-11T02:00:00+0200,6258.80275,MW,DE,DE_LU,actual_onshore_wind_generation,Wind Onshore,2026-06-27T21:08:22Z
2026-06-27T21:06:46Z,2026-06-27T23:06:46+0200,44400f30-2862-403b-aedb-c9bc80837e62,2026-06-11T00:15:00Z,2026-06-11T02:15:00+0200,6408.20404,MW,DE,DE_LU,actual_onshore_wind_generation,Wind Onshore,2026-06-27T21:08:22Z
2026-06-27T21:06:46Z,2026-06-27T23:06:46+0200,44400f30-2862-403b-aedb-c9bc80837e62,2026-06-11T00:30:00Z,2026-06-11T02:30:00+0200,6549.29352,MW,DE,DE_LU,actual_onshore_wind_generation,Wind Onshore,2026-06-27T21:08:22Z
2026-06-27T21:06:46Z,2026-06-27T23:06:46+0200,44400f30-2862-403b-aedb-c9bc80837e62,2026-06-11T00:45:00Z,2026-06-11T02:45:00+0200,6612.1232,MW,DE,DE_LU,actual_onshore_wind_generation,Wind Onshore,2026-06-27T21:08:22Z
2026-06-27T21:06:46Z,2026-06-27T23:06:46+0200,44400f30-2862-403b-aedb-c9bc80837e62,2026-06-11T01:00:00Z,2026-06-11T03:00:00+0200,6772.6514,MW,DE,DE_LU,actual_onshore_wind_generation,Wind Onshore,2026-06-27T21:08:22Z
2026-06-27T21:06:46Z,2026-06-27T23:06:46+0200,44400f30-2862-403b-aedb-c9bc80837e62,2026-06-11T01:15:00Z,2026-06-11T03:15:00+0200,6888.90115,MW,DE,DE_LU,actual_onshore_wind_generation,Wind Onshore,2026-06-27T21:08:22Z
2026-06-27T21:06:46Z,2026-06-27T23:06:46+0200,44400f30-2862-403b-aedb-c9bc80837e62,2026-06-11T01:30:00Z,2026-06-11T03:30:00+0200,6976.13444,MW,DE,DE_LU,actual_onshore_wind_generation,Wind Onshore,2026-06-27T21:08:22Z
2026-06-27T21:06:46Z,2026-06-27T23:06:46+0200,44400f30-2862-403b-aedb-c9bc80837e62,2026-06-11T01:45:00Z,2026-06-11T03:45:00+0200,7082.08238,MW,DE,DE_LU,actual_onshore_wind_generation,Wind Onshore,2026-06-27T21:08:22Z
2026-06-27T21:06:46Z,2026-06-27T23:06:46+0200,44400f30-2862-403b-aedb-c9bc80837e62,2026-06-11T02:00:00Z,2026-06-11T04:00:00+0200,7125.9359,MW,DE,DE_LU,actual_onshore_wind_generation,Wind Onshore,2026-06-27T21:08:22Z
2026-06-27T21:06:46Z,2026-06-27T23:06:46+0200,44400f30-2862-403b-aedb-c9bc80837e62,2026-06-11T02:15:00Z,2026-06-11T04:15:00+0200,7233.77883,MW,DE,DE_LU,actual_onshore_wind_generation,Wind Onshore,2026-06-27T21:08:22Z
2026-06-27T21:06:46Z,2026-06-27T23:06:46+0200,44400f30-2862-403b-aedb-c9bc80837e62,2026-06-11T02:30:00Z,2026-06-11T04:30:00+0200,7625.31498,MW,DE,DE_LU,actual_onshore_wind_generation,Wind Onshore,2026-06-27T21:08:22Z
2026-06-27T21:06:46Z,2026-06-27T23:06:46+0200,44400f30-2862-403b-aedb-c9bc80837e62,2026-06-11T02:45:00Z,2026-06-11T04:45:00+0200,7867.755,MW,DE,DE_LU,actual_onshore_wind_generation,Wind Onshore,2026-06-27T21:08:22Z
2026-06-27T21:06:46Z,2026-06-27T23:06:46+0200,44400f30-2862-403b-aedb-c9bc80837e62,2026-06-11T03:00:00Z,2026-06-11T05:00:00+0200,7928.42104,MW,DE,DE_LU,actual_onshore_wind_generation,Wind Onshore,2026-06-27T21:08:22Z
2026-06-27T21:06:46Z,2026-06-27T23:06:46+0200,44400f30-2862-403b-aedb-c9bc80837e62,2026-06-11T03:15:00Z,2026-06-11T05:15:00+0200,8029.62572,MW,DE,DE_LU,actual_onshore_wind_generation,Wind Onshore,2026-06-27T21:08:22Z
2026-06-27T21:06:46Z,2026-06-27T23:06:46+0200,44400f30-2862-403b-aedb-c9bc80837e62,2026-06-11T03:30:00Z,2026-06-11T05:30:00+0200,7989.22959,MW,DE,DE_LU,actual_onshore_wind_generation,Wind Onshore,2026-06-27T21:08:22Z
2026-06-27T21:06:46Z,2026-06-27T23:06:46+0200,44400f30-2862-403b-aedb-c9bc80837e62,2026-06-11T03:45:00Z,2026-06-11T05:45:00+0200,7875.16201,MW,DE,DE_LU,actual_onshore_wind_generation,Wind Onshore,2026-06-27T21:08:22Z
2026-06-27T21:06:46Z,2026-06-27T23:06:46+0200,44400f30-2862-403b-aedb-c9bc80837e62,2026-06-11T04:00:00Z,2026-06-11T06:00:00+0200,7575.37068,MW,DE,DE_LU,actual_onshore_wind_generation,Wind Onshore,2026-06-27T21:08:22Z
2026-06-27T21:06:46Z,2026-06-27T23:06:46+0200,44400f30-2862-403b-aedb-c9bc80837e62,2026-06-11T04:15:00Z,2026-06-11T06:15:00+0200,7281.35987,MW,DE,DE_LU,actual_onshore_wind_generation,Wind Onshore,2026-06-27T21:08:22Z
2026-06-27T21:06:46Z,2026-06-27T23:06:46+0200,44400f30-2862-403b-aedb-c9bc80837e62,2026-06-11T04:30:00Z,2026-06-11T06:30:00+0200,6956.76482,MW,DE,DE_LU,actual_onshore_wind_generation,Wind Onshore,2026-06-27T21:08:22Z
2026-06-27T21:06:46Z,2026-06-27T23:06:46+0200,44400f30-2862-403b-aedb-c9bc80837e62,2026-06-11T04:45:00Z,2026-06-11T06:45:00+0200,6589.23852,MW,DE,DE_LU,actual_onshore_wind_generation,Wind Onshore,2026-06-27T21:08:22Z
2026-06-27T21:06:46Z,2026-06-27T23:06:46+0200,44400f30-2862-403b-aedb-c9bc80837e62,2026-06-11T05:00:00Z,2026-06-11T07:00:00+0200,5904.43915,MW,DE,DE_LU,actual_onshore_wind_generation,Wind Onshore,2026-06-27T21:08:22Z
2026-06-27T21:06:46Z,2026-06-27T23:06:46+0200,44400f30-2862-403b-aedb-c9bc80837e62,2026-06-11T05:15:00Z,2026-06-11T07:15:00+0200,5107.50779,MW,DE,DE_LU,actual_onshore_wind_generation,Wind Onshore,2026-06-27T21:08:22Z
2026-06-27T21:06:46Z,2026-06-27T23:06:46+0200,44400f30-2862-403b-aedb-c9bc80837e62,2026-06-11T05:30:00Z,2026-06-11T07:30:00+0200,4453.43819,MW,DE,DE_LU,actual_onshore_wind_generation,Wind Onshore,2026-06-27T21:08:22Z
2026-06-27T21:06:46Z,2026-06-27T23:06:46+0200,44400f30-2862-403b-aedb-c9bc80837e62,2026-06-11T05:45:00Z,2026-06-11T07:45:00+0200,4034.7868,MW,DE,DE_LU,actual_onshore_wind_generation,Wind Onshore,2026-06-27T21:08:22Z
2026-06-27T21:06:46Z,2026-06-27T23:06:46+0200,44400f30-2862-403b-aedb-c9bc80837e62,2026-06-11T06:00:00Z,2026-06-11T08:00:00+0200,3925.05783,MW,DE,DE_LU,actual_onshore_wind_generation,Wind Onshore,2026-06-27T21:08:22Z
2026-06-27T21:06:46Z,2026-06-27T23:06:46+0200,44400f30-2862-403b-aedb-c9bc80837e62,2026-06-11T06:15:00Z,2026-06-11T08:15:00+0200,3805.55921,MW,DE,DE_LU,actual_onshore_wind_generation,Wind Onshore,2026-06-27T21:08:22Z
2026-06-27T21:06:46Z,2026-06-27T23:06:46+0200,44400f30-2862-403b-aedb-c9bc80837e62,2026-06-11T06:30:00Z,2026-06-11T08:30:00+0200,3801.2991,MW,DE,DE_LU,actual_onshore_wind_generation,Wind Onshore,2026-06-27T21:08:22Z
2026-06-27T21:06:46Z,2026-06-27T23:06:46+0200,44400f30-2862-403b-aedb-c9bc80837e62,2026-06-11T06:45:00Z,2026-06-11T08:45:00+0200,3808.15201,MW,DE,DE_LU,actual_onshore_wind_generation,Wind Onshore,2026-06-27T21:08:22Z
2026-06-27T21:06:46Z,2026-06-27T23:06:46+0200,44400f30-2862-403b-aedb-c9bc80837e62,2026-06-11T07:00:00Z,2026-06-11T09:00:00+0200,3898.87312,MW,DE,DE_LU,actual_onshore_wind_generation,Wind Onshore,2026-06-27T21:08:22Z
2026-06-27T21:06:46Z,2026-06-27T23:06:46+0200,44400f30-2862-403b-aedb-c9bc80837e62,2026-06-11T07:15:00Z,2026-06-11T09:15:00+0200,3987.47092,MW,DE,DE_LU,actual_onshore_wind_generation,Wind Onshore,2026-06-27T21:08:22Z
2026-06-27T21:06:46Z,2026-06-27T23:06:46+0200,44400f30-2862-403b-aedb-c9bc80837e62,2026-06-11T07:30:00Z,2026-06-11T09:30:00+0200,4107.51775,MW,DE,DE_LU,actual_onshore_wind_generation,Wind Onshore,2026-06-27T21:08:22Z
2026-06-27T21:06:46Z,2026-06-27T23:06:46+0200,44400f30-2862-403b-aedb-c9bc80837e62,2026-06-11T07:45:00Z,2026-06-11T09:45:00+0200,4345.98552,MW,DE,DE_LU,actual_onshore_wind_generation,Wind Onshore,2026-06-27T21:08:22Z
2026-06-27T21:06:46Z,2026-06-27T23:06:46+0200,44400f30-2862-403b-aedb-c9bc80837e62,2026-06-11T08:00:00Z,2026-06-11T10:00:00+0200,4504.54658,MW,DE,DE_LU,actual_onshore_wind_generation,Wind Onshore,2026-06-27T21:08:22Z
2026-06-27T21:06:46Z,2026-06-27T23:06:46+0200,44400f30-2862-403b-aedb-c9bc80837e62,2026-06-11T08:15:00Z,2026-06-11T10:15:00+0200,4725.83296,MW,DE,DE_LU,actual_onshore_wind_generation,Wind Onshore,2026-06-27T21:08:22Z
2026-06-27T21:06:46Z,2026-06-27T23:06:46+0200,44400f30-2862-403b-aedb-c9bc80837e62,2026-06-11T08:30:00Z,2026-06-11T10:30:00+0200,5012.7362,MW,DE,DE_LU,actual_onshore_wind_generation,Wind Onshore,2026-06-27T21:08:22Z
2026-06-27T21:06:46Z,2026-06-27T23:06:46+0200,44400f30-2862-403b-aedb-c9bc80837e62,2026-06-11T08:45:00Z,2026-06-11T10:45:00+0200,5408.38881,MW,DE,DE_LU,actual_onshore_wind_generation,Wind Onshore,2026-06-27T21:08:22Z
2026-06-27T21:06:46Z,2026-06-27T23:06:46+0200,44400f30-2862-403b-aedb-c9bc80837e62,2026-06-11T09:00:00Z,2026-06-11T11:00:00+0200,5885.68207,MW,DE,DE_LU,actual_onshore_wind_generation,Wind Onshore,2026-06-27T21:08:22Z
2026-06-27T21:06:46Z,2026-06-27T23:06:46+0200,44400f30-2862-403b-aedb-c9bc80837e62,2026-06-11T09:15:00Z,2026-06-11T11:15:00+0200,6356.03408,MW,DE,DE_LU,actual_onshore_wind_generation,Wind Onshore,2026-06-27T21:08:22Z
2026-06-27T21:06:46Z,2026-06-27T23:06:46+0200,44400f30-2862-403b-aedb-c9bc80837e62,2026-06-11T09:30:00Z,2026-06-11T11:30:00+0200,6872.32117,MW,DE,DE_LU,actual_onshore_wind_generation,Wind Onshore,2026-06-27T21:08:22Z
2026-06-27T21:06:46Z,2026-06-27T23:06:46+0200,44400f30-2862-403b-aedb-c9bc80837e62,2026-06-11T09:45:00Z,2026-06-11T11:45:00+0200,7297.15922,MW,DE,DE_LU,actual_onshore_wind_generation,Wind Onshore,2026-06-27T21:08:22Z
2026-06-27T21:06:46Z,2026-06-27T23:06:46+0200,44400f30-2862-403b-aedb-c9bc80837e62,2026-06-11T10:00:00Z,2026-06-11T12:00:00+0200,7718.78224,MW,DE,DE_LU,actual_onshore_wind_generation,Wind Onshore,2026-06-27T21:08:22Z
2026-06-27T21:06:46Z,2026-06-27T23:06:46+0200,44400f30-2862-403b-aedb-c9bc80837e62,2026-06-11T10:15:00Z,2026-06-11T12:15:00+0200,7664.15257,MW,DE,DE_LU,actual_onshore_wind_generation,Wind Onshore,2026-06-27T21:08:22Z
2026-06-27T21:06:46Z,2026-06-27T23:06:46+0200,44400f30-2862-403b-aedb-c9bc80837e62,2026-06-11T10:30:00Z,2026-06-11T12:30:00+0200,7153.76312,MW,DE,DE_LU,actual_onshore_wind_generation,Wind Onshore,2026-06-27T21:08:22Z
2026-06-27T21:06:46Z,2026-06-27T23:06:46+0200,44400f30-2862-403b-aedb-c9bc80837e62,2026-06-11T10:45:00Z,2026-06-11T12:45:00+0200,7725.41624,MW,DE,DE_LU,actual_onshore_wind_generation,Wind Onshore,2026-06-27T21:08:22Z
2026-06-27T21:06:46Z,2026-06-27T23:06:46+0200,44400f30-2862-403b-aedb-c9bc80837e62,2026-06-11T11:00:00Z,2026-06-11T13:00:00+0200,7672.38448,MW,DE,DE_LU,actual_onshore_wind_generation,Wind Onshore,2026-06-27T21:08:22Z
2026-06-27T21:06:46Z,2026-06-27T23:06:46+0200,44400f30-2862-403b-aedb-c9bc80837e62,2026-06-11T11:15:00Z,2026-06-11T13:15:00+0200,7697.01629,MW,DE,DE_LU,actual_onshore_wind_generation,Wind Onshore,2026-06-27T21:08:22Z
2026-06-27T21:06:46Z,2026-06-27T23:06:46+0200,44400f30-2862-403b-aedb-c9bc80837e62,2026-06-11T11:30:00Z,2026-06-11T13:30:00+0200,7624.87875,MW,DE,DE_LU,actual_onshore_wind_generation,Wind Onshore,2026-06-27T21:08:22Z
2026-06-27T21:06:46Z,2026-06-27T23:06:46+0200,44400f30-2862-403b-aedb-c9bc80837e62,2026-06-11T11:45:00Z,2026-06-11T13:45:00+0200,7934.10684,MW,DE,DE_LU,actual_onshore_wind_generation,Wind Onshore,2026-06-27T21:08:22Z
2026-06-27T21:06:46Z,2026-06-27T23:06:46+0200,44400f30-2862-403b-aedb-c9bc80837e62,2026-06-11T12:00:00Z,2026-06-11T14:00:00+0200,8920.99227,MW,DE,DE_LU,actual_onshore_wind_generation,Wind Onshore,2026-06-27T21:08:22Z
2026-06-27T21:06:46Z,2026-06-27T23:06:46+0200,44400f30-2862-403b-aedb-c9bc80837e62,2026-06-11T12:15:00Z,2026-06-11T14:15:00+0200,9785.70849,MW,DE,DE_LU,actual_onshore_wind_generation,Wind Onshore,2026-06-27T21:08:22Z
2026-06-27T21:06:46Z,2026-06-27T23:06:46+0200,44400f30-2862-403b-aedb-c9bc80837e62,2026-06-11T12:30:00Z,2026-06-11T14:30:00+0200,10669.63298,MW,DE,DE_LU,actual_onshore_wind_generation,Wind Onshore,2026-06-27T21:08:22Z
2026-06-27T21:06:46Z,2026-06-27T23:06:46+0200,44400f30-2862-403b-aedb-c9bc80837e62,2026-06-11T12:45:00Z,2026-06-11T14:45:00+0200,11632.8876,MW,DE,DE_LU,actual_onshore_wind_generation,Wind Onshore,2026-06-27T21:08:22Z
2026-06-27T21:06:46Z,2026-06-27T23:06:46+0200,44400f30-2862-403b-aedb-c9bc80837e62,2026-06-11T13:00:00Z,2026-06-11T15:00:00+0200,11669.04468,MW,DE,DE_LU,actual_onshore_wind_generation,Wind Onshore,2026-06-27T21:08:22Z
2026-06-27T21:06:46Z,2026-06-27T23:06:46+0200,44400f30-2862-403b-aedb-c9bc80837e62,2026-06-11T13:15:00Z,2026-06-11T15:15:00+0200,11181.08425,MW,DE,DE_LU,actual_onshore_wind_generation,Wind Onshore,2026-06-27T21:08:22Z
2026-06-27T21:06:46Z,2026-06-27T23:06:46+0200,44400f30-2862-403b-aedb-c9bc80837e62,2026-06-11T13:30:00Z,2026-06-11T15:30:00+0200,11087.86172,MW,DE,DE_LU,actual_onshore_wind_generation,Wind Onshore,2026-06-27T21:08:22Z
2026-06-27T21:06:46Z,2026-06-27T23:06:46+0200,44400f30-2862-403b-aedb-c9bc80837e62,2026-06-11T13:45:00Z,2026-06-11T15:45:00+0200,11369.97083,MW,DE,DE_LU,actual_onshore_wind_generation,Wind Onshore,2026-06-27T21:08:22Z
2026-06-27T21:06:46Z,2026-06-27T23:06:46+0200,44400f30-2862-403b-aedb-c9bc80837e62,2026-06-11T14:00:00Z,2026-06-11T16:00:00+0200,11470.48105,MW,DE,DE_LU,actual_onshore_wind_generation,Wind Onshore,2026-06-27T21:08:22Z
2026-06-27T21:06:46Z,2026-06-27T23:06:46+0200,44400f30-2862-403b-aedb-c9bc80837e62,2026-06-11T14:15:00Z,2026-06-11T16:15:00+0200,11476.00125,MW,DE,DE_LU,actual_onshore_wind_generation,Wind Onshore,2026-06-27T21:08:22Z
2026-06-27T21:06:46Z,2026-06-27T23:06:46+0200,44400f30-2862-403b-aedb-c9bc80837e62,2026-06-11T14:30:00Z,2026-06-11T16:30:00+0200,11511.59776,MW,DE,DE_LU,actual_onshore_wind_generation,Wind Onshore,2026-06-27T21:08:22Z
2026-06-27T21:06:46Z,2026-06-27T23:06:46+0200,44400f30-2862-403b-aedb-c9bc80837e62,2026-06-11T14:45:00Z,2026-06-11T16:45:00+0200,11161.09138,MW,DE,DE_LU,actual_onshore_wind_generation,Wind Onshore,2026-06-27T21:08:22Z
2026-06-27T21:06:46Z,2026-06-27T23:06:46+0200,44400f30-2862-403b-aedb-c9bc80837e62,2026-06-11T15:00:00Z,2026-06-11T17:00:00+0200,10703.49336,MW,DE,DE_LU,actual_onshore_wind_generation,Wind Onshore,2026-06-27T21:08:22Z
2026-06-27T21:06:46Z,2026-06-27T23:06:46+0200,44400f30-2862-403b-aedb-c9bc80837e62,2026-06-11T15:15:00Z,2026-06-11T17:15:00+0200,10550.84659,MW,DE,DE_LU,actual_onshore_wind_generation,Wind Onshore,2026-06-27T21:08:22Z
2026-06-27T21:06:46Z,2026-06-27T23:06:46+0200,44400f30-2862-403b-aedb-c9bc80837e62,2026-06-11T15:30:00Z,2026-06-11T17:30:00+0200,9976.3241,MW,DE,DE_LU,actual_onshore_wind_generation,Wind Onshore,2026-06-27T21:08:22Z
2026-06-27T21:06:46Z,2026-06-27T23:06:46+0200,44400f30-2862-403b-aedb-c9bc80837e62,2026-06-11T15:45:00Z,2026-06-11T17:45:00+0200,9812.7075,MW,DE,DE_LU,actual_onshore_wind_generation,Wind Onshore,2026-06-27T21:08:22Z
2026-06-27T21:06:46Z,2026-06-27T23:06:46+0200,44400f30-2862-403b-aedb-c9bc80837e62,2026-06-11T16:00:00Z,2026-06-11T18:00:00+0200,9908.01861,MW,DE,DE_LU,actual_onshore_wind_generation,Wind Onshore,2026-06-27T21:08:22Z
2026-06-27T21:06:46Z,2026-06-27T23:06:46+0200,44400f30-2862-403b-aedb-c9bc80837e62,2026-06-11T16:15:00Z,2026-06-11T18:15:00+0200,9555.01076,MW,DE,DE_LU,actual_onshore_wind_generation,Wind Onshore,2026-06-27T21:08:22Z
2026-06-27T21:06:46Z,2026-06-27T23:06:46+0200,44400f30-2862-403b-aedb-c9bc80837e62,2026-06-11T16:30:00Z,2026-06-11T18:30:00+0200,9417.7571,MW,DE,DE_LU,actual_onshore_wind_generation,Wind Onshore,2026-06-27T21:08:22Z
2026-06-27T21:06:46Z,2026-06-27T23:06:46+0200,44400f30-2862-403b-aedb-c9bc80837e62,2026-06-11T16:45:00Z,2026-06-11T18:45:00+0200,8945.01321,MW,DE,DE_LU,actual_onshore_wind_generation,Wind Onshore,2026-06-27T21:08:22Z
2026-06-27T21:06:46Z,2026-06-27T23:06:46+0200,44400f30-2862-403b-aedb-c9bc80837e62,2026-06-11T17:00:00Z,2026-06-11T19:00:00+0200,8784.53372,MW,DE,DE_LU,actual_onshore_wind_generation,Wind Onshore,2026-06-27T21:08:22Z
2026-06-27T21:06:46Z,2026-06-27T23:06:46+0200,44400f30-2862-403b-aedb-c9bc80837e62,2026-06-11T17:15:00Z,2026-06-11T19:15:00+0200,8339.67857,MW,DE,DE_LU,actual_onshore_wind_generation,Wind Onshore,2026-06-27T21:08:22Z
2026-06-27T21:06:46Z,2026-06-27T23:06:46+0200,44400f30-2862-403b-aedb-c9bc80837e62,2026-06-11T17:30:00Z,2026-06-11T19:30:00+0200,8041.09306,MW,DE,DE_LU,actual_onshore_wind_generation,Wind Onshore,2026-06-27T21:08:22Z
2026-06-27T21:06:46Z,2026-06-27T23:06:46+0200,44400f30-2862-403b-aedb-c9bc80837e62,2026-06-11T17:45:00Z,2026-06-11T19:45:00+0200,7686.09613,MW,DE,DE_LU,actual_onshore_wind_generation,Wind Onshore,2026-06-27T21:08:22Z
2026-06-27T21:06:46Z,2026-06-27T23:06:46+0200,44400f30-2862-403b-aedb-c9bc80837e62,2026-06-11T18:00:00Z,2026-06-11T20:00:00+0200,7244.51123,MW,DE,DE_LU,actual_onshore_wind_generation,Wind Onshore,2026-06-27T21:08:22Z
2026-06-27T21:06:46Z,2026-06-27T23:06:46+0200,44400f30-2862-403b-aedb-c9bc80837e62,2026-06-11T18:15:00Z,2026-06-11T20:15:00+0200,6838.82758,MW,DE,DE_LU,actual_onshore_wind_generation,Wind Onshore,2026-06-27T21:08:22Z
2026-06-27T21:06:46Z,2026-06-27T23:06:46+0200,44400f30-2862-403b-aedb-c9bc80837e62,2026-06-11T18:30:00Z,2026-06-11T20:30:00+0200,6286.80596,MW,DE,DE_LU,actual_onshore_wind_generation,Wind Onshore,2026-06-27T21:08:22Z
2026-06-27T21:06:46Z,2026-06-27T23:06:46+0200,44400f30-2862-403b-aedb-c9bc80837e62,2026-06-11T18:45:00Z,2026-06-11T20:45:00+0200,6204.89617,MW,DE,DE_LU,actual_onshore_wind_generation,Wind Onshore,2026-06-27T21:08:22Z
2026-06-27T21:06:46Z,2026-06-27T23:06:46+0200,44400f30-2862-403b-aedb-c9bc80837e62,2026-06-11T19:00:00Z,2026-06-11T21:00:00+0200,6449.1147,MW,DE,DE_LU,actual_onshore_wind_generation,Wind Onshore,2026-06-27T21:08:22Z
2026-06-27T21:06:46Z,2026-06-27T23:06:46+0200,44400f30-2862-403b-aedb-c9bc80837e62,2026-06-11T19:15:00Z,2026-06-11T21:15:00+0200,6641.9605,MW,DE,DE_LU,actual_onshore_wind_generation,Wind Onshore,2026-06-27T21:08:22Z
2026-06-27T21:06:46Z,2026-06-27T23:06:46+0200,44400f30-2862-403b-aedb-c9bc80837e62,2026-06-11T19:30:00Z,2026-06-11T21:30:00+0200,6564.34027,MW,DE,DE_LU,actual_onshore_wind_generation,Wind Onshore,2026-06-27T21:08:22Z
2026-06-27T21:06:46Z,2026-06-27T23:06:46+0200,44400f30-2862-403b-aedb-c9bc80837e62,2026-06-11T19:45:00Z,2026-06-11T21:45:00+0200,6466.15377,MW,DE,DE_LU,actual_onshore_wind_generation,Wind Onshore,2026-06-27T21:08:22Z
2026-06-27T21:06:46Z,2026-06-27T23:06:46+0200,44400f30-2862-403b-aedb-c9bc80837e62,2026-06-11T20:00:00Z,2026-06-11T22:00:00+0200,6538.43463,MW,DE,DE_LU,actual_onshore_wind_generation,Wind Onshore,2026-06-27T21:08:22Z
2026-06-27T21:06:46Z,2026-06-27T23:06:46+0200,44400f30-2862-403b-aedb-c9bc80837e62,2026-06-11T20:15:00Z,2026-06-11T22:15:00+0200,6892.47324,MW,DE,DE_LU,actual_onshore_wind_generation,Wind Onshore,2026-06-27T21:08:22Z
2026-06-27T21:06:46Z,2026-06-27T23:06:46+0200,44400f30-2862-403b-aedb-c9bc80837e62,2026-06-11T20:30:00Z,2026-06-11T22:30:00+0200,7361.50564,MW,DE,DE_LU,actual_onshore_wind_generation,Wind Onshore,2026-06-27T21:08:22Z
2026-06-27T21:06:46Z,2026-06-27T23:06:46+0200,44400f30-2862-403b-aedb-c9bc80837e62,2026-06-11T20:45:00Z,2026-06-11T22:45:00+0200,7548.08555,MW,DE,DE_LU,actual_onshore_wind_generation,Wind Onshore,2026-06-27T21:08:22Z
2026-06-27T21:06:46Z,2026-06-27T23:06:46+0200,44400f30-2862-403b-aedb-c9bc80837e62,2026-06-11T21:00:00Z,2026-06-11T23:00:00+0200,7873.63982,MW,DE,DE_LU,actual_onshore_wind_generation,Wind Onshore,2026-06-27T21:08:22Z
2026-06-27T21:06:46Z,2026-06-27T23:06:46+0200,44400f30-2862-403b-aedb-c9bc80837e62,2026-06-11T21:15:00Z,2026-06-11T23:15:00+0200,8312.7384,MW,DE,DE_LU,actual_onshore_wind_generation,Wind Onshore,2026-06-27T21:08:22Z
2026-06-27T21:06:46Z,2026-06-27T23:06:46+0200,44400f30-2862-403b-aedb-c9bc80837e62,2026-06-11T21:30:00Z,2026-06-11T23:30:00+0200,8947.55649,MW,DE,DE_LU,actual_onshore_wind_generation,Wind Onshore,2026-06-27T21:08:22Z
2026-06-27T21:06:46Z,2026-06-27T23:06:46+0200,44400f30-2862-403b-aedb-c9bc80837e62,2026-06-11T21:45:00Z,2026-06-11T23:45:00+0200,9686.4082,MW,DE,DE_LU,actual_onshore_wind_generation,Wind Onshore,2026-06-27T21:08:22Z
2026-06-27T21:06:46Z,2026-06-27T23:06:46+0200,44400f30-2862-403b-aedb-c9bc80837e62,2026-06-11T22:00:00Z,2026-06-12T00:00:00+0200,10193.87264,MW,DE,DE_LU,actual_onshore_wind_generation,Wind Onshore,2026-06-27T21:08:22Z
2026-06-27T21:06:46Z,2026-06-27T23:06:46+0200,44400f30-2862-403b-aedb-c9bc80837e62,2026-06-11T22:15:00Z,2026-06-12T00:15:00+0200,10805.43692,MW,DE,DE_LU,actual_onshore_wind_generation,Wind Onshore,2026-06-27T21:08:22Z
2026-06-27T21:06:46Z,2026-06-27T23:06:46+0200,44400f30-2862-403b-aedb-c9bc80837e62,2026-06-11T22:30:00Z,2026-06-12T00:30:00+0200,11353.97501,MW,DE,DE_LU,actual_onshore_wind_generation,Wind Onshore,2026-06-27T21:08:22Z
2026-06-27T21:06:46Z,2026-06-27T23:06:46+0200,44400f30-2862-403b-aedb-c9bc80837e62,2026-06-11T22:45:00Z,2026-06-12T00:45:00+0200,11691.81235,MW,DE,DE_LU,actual_onshore_wind_generation,Wind Onshore,2026-06-27T21:08:22Z
2026-06-27T21:06:46Z,2026-06-27T23:06:46+0200,44400f30-2862-403b-aedb-c9bc80837e62,2026-06-11T23:00:00Z,2026-06-12T01:00:00+0200,12044.54356,MW,DE,DE_LU,actual_onshore_wind_generation,Wind Onshore,2026-06-27T21:08:22Z
2026-06-27T21:06:46Z,2026-06-27T23:06:46+0200,44400f30-2862-403b-aedb-c9bc80837e62,2026-06-11T23:15:00Z,2026-06-12T01:15:00+0200,12453.17639,MW,DE,DE_LU,actual_onshore_wind_generation,Wind Onshore,2026-06-27T21:08:22Z
2026-06-27T21:06:46Z,2026-06-27T23:06:46+0200,44400f30-2862-403b-aedb-c9bc80837e62,2026-06-11T23:30:00Z,2026-06-12T01:30:00+0200,12941.68936,MW,DE,DE_LU,actual_onshore_wind_generation,Wind Onshore,2026-06-27T21:08:22Z
2026-06-27T21:06:46Z,2026-06-27T23:06:46+0200,44400f30-2862-403b-aedb-c9bc80837e62,2026-06-11T23:45:00Z,2026-06-12T01:45:00+0200,13227.47916,MW,DE,DE_LU,actual_onshore_wind_generation,Wind Onshore,2026-06-27T21:08:22Z
2026-06-27T21:06:46Z,2026-06-27T23:06:46+0200,44400f30-2862-403b-aedb-c9bc80837e62,2026-06-12T00:00:00Z,2026-06-12T02:00:00+0200,13504.69986,MW,DE,DE_LU,actual_onshore_wind_generation,Wind Onshore,2026-06-27T21:08:22Z
2026-06-27T21:06:46Z,2026-06-27T23:06:46+0200,44400f30-2862-403b-aedb-c9bc80837e62,2026-06-12T00:15:00Z,2026-06-12T02:15:00+0200,13830.78019,MW,DE,DE_LU,actual_onshore_wind_generation,Wind Onshore,2026-06-27T21:08:22Z
2026-06-27T21:06:46Z,2026-06-27T23:06:46+0200,44400f30-2862-403b-aedb-c9bc80837e62,2026-06-12T00:30:00Z,2026-06-12T02:30:00+0200,14176.25852,MW,DE,DE_LU,actual_onshore_wind_generation,Wind Onshore,2026-06-27T21:08:22Z
2026-06-27T21:06:46Z,2026-06-27T23:06:46+0200,44400f30-2862-403b-aedb-c9bc80837e62,2026-06-12T00:45:00Z,2026-06-12T02:45:00+0200,14472.10689,MW,DE,DE_LU,actual_onshore_wind_generation,Wind Onshore,2026-06-27T21:08:22Z
2026-06-27T21:06:46Z,2026-06-27T23:06:46+0200,44400f30-2862-403b-aedb-c9bc80837e62,2026-06-12T01:00:00Z,2026-06-12T03:00:00+0200,14572.09919,MW,DE,DE_LU,actual_onshore_wind_generation,Wind Onshore,2026-06-27T21:08:22Z
2026-06-27T21:06:46Z,2026-06-27T23:06:46+0200,44400f30-2862-403b-aedb-c9bc80837e62,2026-06-12T01:15:00Z,2026-06-12T03:15:00+0200,14787.08253,MW,DE,DE_LU,actual_onshore_wind_generation,Wind Onshore,2026-06-27T21:08:22Z
2026-06-27T21:06:46Z,2026-06-27T23:06:46+0200,44400f30-2862-403b-aedb-c9bc80837e62,2026-06-12T01:30:00Z,2026-06-12T03:30:00+0200,15116.11797,MW,DE,DE_LU,actual_onshore_wind_generation,Wind Onshore,2026-06-27T21:08:22Z
2026-06-27T21:06:46Z,2026-06-27T23:06:46+0200,44400f30-2862-403b-aedb-c9bc80837e62,2026-06-12T01:45:00Z,2026-06-12T03:45:00+0200,15251.25194,MW,DE,DE_LU,actual_onshore_wind_generation,Wind Onshore,2026-06-27T21:08:22Z
2026-06-27T21:06:46Z,2026-06-27T23:06:46+0200,44400f30-2862-403b-aedb-c9bc80837e62,2026-06-12T02:00:00Z,2026-06-12T04:00:00+0200,15157.95508,MW,DE,DE_LU,actual_onshore_wind_generation,Wind Onshore,2026-06-27T21:08:22Z
2026-06-27T21:06:46Z,2026-06-27T23:06:46+0200,44400f30-2862-403b-aedb-c9bc80837e62,2026-06-12T02:15:00Z,2026-06-12T04:15:00+0200,15216.40439,MW,DE,DE_LU,actual_onshore_wind_generation,Wind Onshore,2026-06-27T21:08:22Z
2026-06-27T21:06:46Z,2026-06-27T23:06:46+0200,44400f30-2862-403b-aedb-c9bc80837e62,2026-06-12T02:30:00Z,2026-06-12T04:30:00+0200,15320.6147,MW,DE,DE_LU,actual_onshore_wind_generation,Wind Onshore,2026-06-27T21:08:22Z
2026-06-27T21:06:46Z,2026-06-27T23:06:46+0200,44400f30-2862-403b-aedb-c9bc80837e62,2026-06-12T02:45:00Z,2026-06-12T04:45:00+0200,15320.4113,MW,DE,DE_LU,actual_onshore_wind_generation,Wind Onshore,2026-06-27T21:08:22Z
2026-06-27T21:06:46Z,2026-06-27T23:06:46+0200,44400f30-2862-403b-aedb-c9bc80837e62,2026-06-12T03:00:00Z,2026-06-12T05:00:00+0200,15530.32791,MW,DE,DE_LU,actual_onshore_wind_generation,Wind Onshore,2026-06-27T21:08:22Z
2026-06-27T21:06:46Z,2026-06-27T23:06:46+0200,44400f30-2862-403b-aedb-c9bc80837e62,2026-06-12T03:15:00Z,2026-06-12T05:15:00+0200,15493.93287,MW,DE,DE_LU,actual_onshore_wind_generation,Wind Onshore,2026-06-27T21:08:22Z
2026-06-27T21:06:46Z,2026-06-27T23:06:46+0200,44400f30-2862-403b-aedb-c9bc80837e62,2026-06-12T03:30:00Z,2026-06-12T05:30:00+0200,15428.31834,MW,DE,DE_LU,actual_onshore_wind_generation,Wind Onshore,2026-06-27T21:08:22Z
2026-06-27T21:06:46Z,2026-06-27T23:06:46+0200,44400f30-2862-403b-aedb-c9bc80837e62,2026-06-12T03:45:00Z,2026-06-12T05:45:00+0200,15438.00946,MW,DE,DE_LU,actual_onshore_wind_generation,Wind Onshore,2026-06-27T21:08:22Z
2026-06-27T21:06:46Z,2026-06-27T23:06:46+0200,44400f30-2862-403b-aedb-c9bc80837e62,2026-06-12T04:00:00Z,2026-06-12T06:00:00+0200,15673.08647,MW,DE,DE_LU,actual_onshore_wind_generation,Wind Onshore,2026-06-27T21:08:22Z
2026-06-27T21:06:46Z,2026-06-27T23:06:46+0200,44400f30-2862-403b-aedb-c9bc80837e62,2026-06-12T04:15:00Z,2026-06-12T06:15:00+0200,15533.30449,MW,DE,DE_LU,actual_onshore_wind_generation,Wind Onshore,2026-06-27T21:08:22Z
2026-06-27T21:06:46Z,2026-06-27T23:06:46+0200,44400f30-2862-403b-aedb-c9bc80837e62,2026-06-12T04:30:00Z,2026-06-12T06:30:00+0200,15362.08342,MW,DE,DE_LU,actual_onshore_wind_generation,Wind Onshore,2026-06-27T21:08:22Z
2026-06-27T21:06:46Z,2026-06-27T23:06:46+0200,44400f30-2862-403b-aedb-c9bc80837e62,2026-06-12T04:45:00Z,2026-06-12T06:45:00+0200,15315.42844,MW,DE,DE_LU,actual_onshore_wind_generation,Wind Onshore,2026-06-27T21:08:22Z
2026-06-27T21:06:46Z,2026-06-27T23:06:46+0200,44400f30-2862-403b-aedb-c9bc80837e62,2026-06-12T05:00:00Z,2026-06-12T07:00:00+0200,15218.39964,MW,DE,DE_LU,actual_onshore_wind_generation,Wind Onshore,2026-06-27T21:08:22Z
2026-06-27T21:06:46Z,2026-06-27T23:06:46+0200,44400f30-2862-403b-aedb-c9bc80837e62,2026-06-12T05:15:00Z,2026-06-12T07:15:00+0200,14839.18569,MW,DE,DE_LU,actual_onshore_wind_generation,Wind Onshore,2026-06-27T21:08:22Z
2026-06-27T21:06:46Z,2026-06-27T23:06:46+0200,44400f30-2862-403b-aedb-c9bc80837e62,2026-06-12T05:30:00Z,2026-06-12T07:30:00+0200,14541.48194,MW,DE,DE_LU,actual_onshore_wind_generation,Wind Onshore,2026-06-27T21:08:22Z
2026-06-27T21:06:46Z,2026-06-27T23:06:46+0200,44400f30-2862-403b-aedb-c9bc80837e62,2026-06-12T05:45:00Z,2026-06-12T07:45:00+0200,14236.41093,MW,DE,DE_LU,actual_onshore_wind_generation,Wind Onshore,2026-06-27T21:08:22Z
2026-06-27T21:06:46Z,2026-06-27T23:06:46+0200,44400f30-2862-403b-aedb-c9bc80837e62,2026-06-12T06:00:00Z,2026-06-12T08:00:00+0200,13982.48505,MW,DE,DE_LU,actual_onshore_wind_generation,Wind Onshore,2026-06-27T21:08:22Z
2026-06-27T21:06:46Z,2026-06-27T23:06:46+0200,44400f30-2862-403b-aedb-c9bc80837e62,2026-06-12T06:15:00Z,2026-06-12T08:15:00+0200,14060.3809,MW,DE,DE_LU,actual_onshore_wind_generation,Wind Onshore,2026-06-27T21:08:22Z
2026-06-27T21:06:46Z,2026-06-27T23:06:46+0200,44400f30-2862-403b-aedb-c9bc80837e62,2026-06-12T06:30:00Z,2026-06-12T08:30:00+0200,14134.96006,MW,DE,DE_LU,actual_onshore_wind_generation,Wind Onshore,2026-06-27T21:08:22Z
2026-06-27T21:06:46Z,2026-06-27T23:06:46+0200,44400f30-2862-403b-aedb-c9bc80837e62,2026-06-12T06:45:00Z,2026-06-12T08:45:00+0200,14052.92146,MW,DE,DE_LU,actual_onshore_wind_generation,Wind Onshore,2026-06-27T21:08:22Z
2026-06-27T21:06:46Z,2026-06-27T23:06:46+0200,44400f30-2862-403b-aedb-c9bc80837e62,2026-06-12T07:00:00Z,2026-06-12T09:00:00+0200,14095.89739,MW,DE,DE_LU,actual_onshore_wind_generation,Wind Onshore,2026-06-27T21:08:22Z
2026-06-27T21:06:46Z,2026-06-27T23:06:46+0200,44400f30-2862-403b-aedb-c9bc80837e62,2026-06-12T07:15:00Z,2026-06-12T09:15:00+0200,14263.82829,MW,DE,DE_LU,actual_onshore_wind_generation,Wind Onshore,2026-06-27T21:08:22Z
2026-06-27T21:06:46Z,2026-06-27T23:06:46+0200,44400f30-2862-403b-aedb-c9bc80837e62,2026-06-12T07:30:00Z,2026-06-12T09:30:00+0200,14216.67473,MW,DE,DE_LU,actual_onshore_wind_generation,Wind Onshore,2026-06-27T21:08:22Z
2026-06-27T21:06:46Z,2026-06-27T23:06:46+0200,44400f30-2862-403b-aedb-c9bc80837e62,2026-06-12T07:45:00Z,2026-06-12T09:45:00+0200,14259.9573,MW,DE,DE_LU,actual_onshore_wind_generation,Wind Onshore,2026-06-27T21:08:22Z
2026-06-27T21:06:46Z,2026-06-27T23:06:46+0200,44400f30-2862-403b-aedb-c9bc80837e62,2026-06-12T08:00:00Z,2026-06-12T10:00:00+0200,14222.49704,MW,DE,DE_LU,actual_onshore_wind_generation,Wind Onshore,2026-06-27T21:08:22Z
2026-06-27T21:06:46Z,2026-06-27T23:06:46+0200,44400f30-2862-403b-aedb-c9bc80837e62,2026-06-12T08:15:00Z,2026-06-12T10:15:00+0200,14234.56322,MW,DE,DE_LU,actual_onshore_wind_generation,Wind Onshore,2026-06-27T21:08:22Z
2026-06-27T21:06:46Z,2026-06-27T23:06:46+0200,44400f30-2862-403b-aedb-c9bc80837e62,2026-06-12T08:30:00Z,2026-06-12T10:30:00+0200,14321.22376,MW,DE,DE_LU,actual_onshore_wind_generation,Wind Onshore,2026-06-27T21:08:22Z
2026-06-27T21:06:46Z,2026-06-27T23:06:46+0200,44400f30-2862-403b-aedb-c9bc80837e62,2026-06-12T08:45:00Z,2026-06-12T10:45:00+0200,14401.80741,MW,DE,DE_LU,actual_onshore_wind_generation,Wind Onshore,2026-06-27T21:08:22Z
2026-06-27T21:06:46Z,2026-06-27T23:06:46+0200,44400f30-2862-403b-aedb-c9bc80837e62,2026-06-12T09:00:00Z,2026-06-12T11:00:00+0200,14595.27189,MW,DE,DE_LU,actual_onshore_wind_generation,Wind Onshore,2026-06-27T21:08:22Z
2026-06-27T21:06:46Z,2026-06-27T23:06:46+0200,44400f30-2862-403b-aedb-c9bc80837e62,2026-06-12T09:15:00Z,2026-06-12T11:15:00+0200,14730.8595,MW,DE,DE_LU,actual_onshore_wind_generation,Wind Onshore,2026-06-27T21:08:22Z
2026-06-27T21:06:46Z,2026-06-27T23:06:46+0200,44400f30-2862-403b-aedb-c9bc80837e62,2026-06-12T09:30:00Z,2026-06-12T11:30:00+0200,14894.92979,MW,DE,DE_LU,actual_onshore_wind_generation,Wind Onshore,2026-06-27T21:08:22Z
2026-06-27T21:06:46Z,2026-06-27T23:06:46+0200,44400f30-2862-403b-aedb-c9bc80837e62,2026-06-12T09:45:00Z,2026-06-12T11:45:00+0200,15112.86049,MW,DE,DE_LU,actual_onshore_wind_generation,Wind Onshore,2026-06-27T21:08:22Z
2026-06-27T21:06:46Z,2026-06-27T23:06:46+0200,44400f30-2862-403b-aedb-c9bc80837e62,2026-06-12T10:00:00Z,2026-06-12T12:00:00+0200,15266.24084,MW,DE,DE_LU,actual_onshore_wind_generation,Wind Onshore,2026-06-27T21:08:22Z
2026-06-27T21:06:46Z,2026-06-27T23:06:46+0200,44400f30-2862-403b-aedb-c9bc80837e62,2026-06-12T10:15:00Z,2026-06-12T12:15:00+0200,15522.03388,MW,DE,DE_LU,actual_onshore_wind_generation,Wind Onshore,2026-06-27T21:08:22Z
2026-06-27T21:06:46Z,2026-06-27T23:06:46+0200,44400f30-2862-403b-aedb-c9bc80837e62,2026-06-12T10:30:00Z,2026-06-12T12:30:00+0200,16130.69227,MW,DE,DE_LU,actual_onshore_wind_generation,Wind Onshore,2026-06-27T21:08:22Z
2026-06-27T21:06:46Z,2026-06-27T23:06:46+0200,44400f30-2862-403b-aedb-c9bc80837e62,2026-06-12T10:45:00Z,2026-06-12T12:45:00+0200,16659.08892,MW,DE,DE_LU,actual_onshore_wind_generation,Wind Onshore,2026-06-27T21:08:22Z
2026-06-27T21:06:46Z,2026-06-27T23:06:46+0200,44400f30-2862-403b-aedb-c9bc80837e62,2026-06-12T11:00:00Z,2026-06-12T13:00:00+0200,17103.41086,MW,DE,DE_LU,actual_onshore_wind_generation,Wind Onshore,2026-06-27T21:08:22Z
2026-06-27T21:06:46Z,2026-06-27T23:06:46+0200,44400f30-2862-403b-aedb-c9bc80837e62,2026-06-12T11:15:00Z,2026-06-12T13:15:00+0200,17565.43013,MW,DE,DE_LU,actual_onshore_wind_generation,Wind Onshore,2026-06-27T21:08:22Z
2026-06-27T21:06:46Z,2026-06-27T23:06:46+0200,44400f30-2862-403b-aedb-c9bc80837e62,2026-06-12T11:30:00Z,2026-06-12T13:30:00+0200,18418.92367,MW,DE,DE_LU,actual_onshore_wind_generation,Wind Onshore,2026-06-27T21:08:22Z
2026-06-27T21:06:46Z,2026-06-27T23:06:46+0200,44400f30-2862-403b-aedb-c9bc80837e62,2026-06-12T11:45:00Z,2026-06-12T13:45:00+0200,19269.30313,MW,DE,DE_LU,actual_onshore_wind_generation,Wind Onshore,2026-06-27T21:08:22Z
2026-06-27T21:06:46Z,2026-06-27T23:06:46+0200,44400f30-2862-403b-aedb-c9bc80837e62,2026-06-12T12:00:00Z,2026-06-12T14:00:00+0200,19771.28332,MW,DE,DE_LU,actual_onshore_wind_generation,Wind Onshore,2026-06-27T21:08:22Z
2026-06-27T21:06:46Z,2026-06-27T23:06:46+0200,44400f30-2862-403b-aedb-c9bc80837e62,2026-06-12T12:15:00Z,2026-06-12T14:15:00+0200,20197.0179,MW,DE,DE_LU,actual_onshore_wind_generation,Wind Onshore,2026-06-27T21:08:22Z
2026-06-27T21:06:46Z,2026-06-27T23:06:46+0200,44400f30-2862-403b-aedb-c9bc80837e62,2026-06-12T12:30:00Z,2026-06-12T14:30:00+0200,20327.96535,MW,DE,DE_LU,actual_onshore_wind_generation,Wind Onshore,2026-06-27T21:08:22Z
2026-06-27T21:06:46Z,2026-06-27T23:06:46+0200,44400f30-2862-403b-aedb-c9bc80837e62,2026-06-12T12:45:00Z,2026-06-12T14:45:00+0200,20800.45204,MW,DE,DE_LU,actual_onshore_wind_generation,Wind Onshore,2026-06-27T21:08:22Z
2026-06-27T21:06:46Z,2026-06-27T23:06:46+0200,44400f30-2862-403b-aedb-c9bc80837e62,2026-06-12T13:00:00Z,2026-06-12T15:00:00+0200,21872.04508,MW,DE,DE_LU,actual_onshore_wind_generation,Wind Onshore,2026-06-27T21:08:22Z
2026-06-27T21:06:46Z,2026-06-27T23:06:46+0200,44400f30-2862-403b-aedb-c9bc80837e62,2026-06-12T13:15:00Z,2026-06-12T15:15:00+0200,22180.16504,MW,DE,DE_LU,actual_onshore_wind_generation,Wind Onshore,2026-06-27T21:08:22Z
2026-06-27T21:06:46Z,2026-06-27T23:06:46+0200,44400f30-2862-403b-aedb-c9bc80837e62,2026-06-12T13:30:00Z,2026-06-12T15:30:00+0200,23038.97834,MW,DE,DE_LU,actual_onshore_wind_generation,Wind Onshore,2026-06-27T21:08:22Z
2026-06-27T21:06:46Z,2026-06-27T23:06:46+0200,44400f30-2862-403b-aedb-c9bc80837e62,2026-06-12T13:45:00Z,2026-06-12T15:45:00+0200,23130.95371,MW,DE,DE_LU,actual_onshore_wind_generation,Wind Onshore,2026-06-27T21:08:22Z
2026-06-27T21:06:46Z,2026-06-27T23:06:46+0200,44400f30-2862-403b-aedb-c9bc80837e62,2026-06-12T14:00:00Z,2026-06-12T16:00:00+0200,23768.26986,MW,DE,DE_LU,actual_onshore_wind_generation,Wind Onshore,2026-06-27T21:08:22Z
2026-06-27T21:06:46Z,2026-06-27T23:06:46+0200,44400f30-2862-403b-aedb-c9bc80837e62,2026-06-12T14:15:00Z,2026-06-12T16:15:00+0200,24515.84367,MW,DE,DE_LU,actual_onshore_wind_generation,Wind Onshore,2026-06-27T21:08:22Z
2026-06-27T21:06:46Z,2026-06-27T23:06:46+0200,44400f30-2862-403b-aedb-c9bc80837e62,2026-06-12T14:30:00Z,2026-06-12T16:30:00+0200,25301.2118,MW,DE,DE_LU,actual_onshore_wind_generation,Wind Onshore,2026-06-27T21:08:22Z
2026-06-27T21:06:46Z,2026-06-27T23:06:46+0200,44400f30-2862-403b-aedb-c9bc80837e62,2026-06-12T14:45:00Z,2026-06-12T16:45:00+0200,25975.63557,MW,DE,DE_LU,actual_onshore_wind_generation,Wind Onshore,2026-06-27T21:08:22Z
2026-06-27T21:06:46Z,2026-06-27T23:06:46+0200,44400f30-2862-403b-aedb-c9bc80837e62,2026-06-12T15:00:00Z,2026-06-12T17:00:00+0200,26078.90311,MW,DE,DE_LU,actual_onshore_wind_generation,Wind Onshore,2026-06-27T21:08:22Z
2026-06-27T21:06:46Z,2026-06-27T23:06:46+0200,44400f30-2862-403b-aedb-c9bc80837e62,2026-06-12T15:15:00Z,2026-06-12T17:15:00+0200,26444.42393,MW,DE,DE_LU,actual_onshore_wind_generation,Wind Onshore,2026-06-27T21:08:22Z
2026-06-27T21:06:46Z,2026-06-27T23:06:46+0200,44400f30-2862-403b-aedb-c9bc80837e62,2026-06-12T15:30:00Z,2026-06-12T17:30:00+0200,25998.38907,MW,DE,DE_LU,actual_onshore_wind_generation,Wind Onshore,2026-06-27T21:08:22Z
2026-06-27T21:06:46Z,2026-06-27T23:06:46+0200,44400f30-2862-403b-aedb-c9bc80837e62,2026-06-12T15:45:00Z,2026-06-12T17:45:00+0200,25777.79073,MW,DE,DE_LU,actual_onshore_wind_generation,Wind Onshore,2026-06-27T21:08:22Z
2026-06-27T21:06:46Z,2026-06-27T23:06:46+0200,44400f30-2862-403b-aedb-c9bc80837e62,2026-06-12T16:00:00Z,2026-06-12T18:00:00+0200,25572.88195,MW,DE,DE_LU,actual_onshore_wind_generation,Wind Onshore,2026-06-27T21:08:22Z
2026-06-27T21:06:46Z,2026-06-27T23:06:46+0200,44400f30-2862-403b-aedb-c9bc80837e62,2026-06-12T16:15:00Z,2026-06-12T18:15:00+0200,25741.57073,MW,DE,DE_LU,actual_onshore_wind_generation,Wind Onshore,2026-06-27T21:08:22Z
2026-06-27T21:06:46Z,2026-06-27T23:06:46+0200,44400f30-2862-403b-aedb-c9bc80837e62,2026-06-12T16:30:00Z,2026-06-12T18:30:00+0200,26075.95978,MW,DE,DE_LU,actual_onshore_wind_generation,Wind Onshore,2026-06-27T21:08:22Z
2026-06-27T21:06:46Z,2026-06-27T23:06:46+0200,44400f30-2862-403b-aedb-c9bc80837e62,2026-06-12T16:45:00Z,2026-06-12T18:45:00+0200,25910.64853,MW,DE,DE_LU,actual_onshore_wind_generation,Wind Onshore,2026-06-27T21:08:22Z
2026-06-27T21:06:46Z,2026-06-27T23:06:46+0200,44400f30-2862-403b-aedb-c9bc80837e62,2026-06-12T17:00:00Z,2026-06-12T19:00:00+0200,25435.86134,MW,DE,DE_LU,actual_onshore_wind_generation,Wind Onshore,2026-06-27T21:08:22Z
2026-06-27T21:06:46Z,2026-06-27T23:06:46+0200,44400f30-2862-403b-aedb-c9bc80837e62,2026-06-12T17:15:00Z,2026-06-12T19:15:00+0200,25133.65242,MW,DE,DE_LU,actual_onshore_wind_generation,Wind Onshore,2026-06-27T21:08:22Z
2026-06-27T21:06:46Z,2026-06-27T23:06:46+0200,44400f30-2862-403b-aedb-c9bc80837e62,2026-06-12T17:30:00Z,2026-06-12T19:30:00+0200,24420.43275,MW,DE,DE_LU,actual_onshore_wind_generation,Wind Onshore,2026-06-27T21:08:22Z
2026-06-27T21:06:46Z,2026-06-27T23:06:46+0200,44400f30-2862-403b-aedb-c9bc80837e62,2026-06-12T17:45:00Z,2026-06-12T19:45:00+0200,23610.90822,MW,DE,DE_LU,actual_onshore_wind_generation,Wind Onshore,2026-06-27T21:08:22Z
2026-06-27T21:06:46Z,2026-06-27T23:06:46+0200,44400f30-2862-403b-aedb-c9bc80837e62,2026-06-12T18:00:00Z,2026-06-12T20:00:00+0200,22887.28703,MW,DE,DE_LU,actual_onshore_wind_generation,Wind Onshore,2026-06-27T21:08:22Z
2026-06-27T21:06:46Z,2026-06-27T23:06:46+0200,44400f30-2862-403b-aedb-c9bc80837e62,2026-06-12T18:15:00Z,2026-06-12T20:15:00+0200,21839.31647,MW,DE,DE_LU,actual_onshore_wind_generation,Wind Onshore,2026-06-27T21:08:22Z
2026-06-27T21:06:46Z,2026-06-27T23:06:46+0200,44400f30-2862-403b-aedb-c9bc80837e62,2026-06-12T18:30:00Z,2026-06-12T20:30:00+0200,21201.58795,MW,DE,DE_LU,actual_onshore_wind_generation,Wind Onshore,2026-06-27T21:08:22Z
2026-06-27T21:06:46Z,2026-06-27T23:06:46+0200,44400f30-2862-403b-aedb-c9bc80837e62,2026-06-12T18:45:00Z,2026-06-12T20:45:00+0200,20903.8743,MW,DE,DE_LU,actual_onshore_wind_generation,Wind Onshore,2026-06-27T21:08:22Z
2026-06-27T21:06:46Z,2026-06-27T23:06:46+0200,44400f30-2862-403b-aedb-c9bc80837e62,2026-06-12T19:00:00Z,2026-06-12T21:00:00+0200,20348.47697,MW,DE,DE_LU,actual_onshore_wind_generation,Wind Onshore,2026-06-27T21:08:22Z
2026-06-27T21:06:46Z,2026-06-27T23:06:46+0200,44400f30-2862-403b-aedb-c9bc80837e62,2026-06-12T19:15:00Z,2026-06-12T21:15:00+0200,19902.18762,MW,DE,DE_LU,actual_onshore_wind_generation,Wind Onshore,2026-06-27T21:08:22Z
2026-06-27T21:06:46Z,2026-06-27T23:06:46+0200,44400f30-2862-403b-aedb-c9bc80837e62,2026-06-12T19:30:00Z,2026-06-12T21:30:00+0200,19679.40376,MW,DE,DE_LU,actual_onshore_wind_generation,Wind Onshore,2026-06-27T21:08:22Z
2026-06-27T21:06:46Z,2026-06-27T23:06:46+0200,44400f30-2862-403b-aedb-c9bc80837e62,2026-06-12T19:45:00Z,2026-06-12T21:45:00+0200,19456.92237,MW,DE,DE_LU,actual_onshore_wind_generation,Wind Onshore,2026-06-27T21:08:22Z
2026-06-27T21:06:46Z,2026-06-27T23:06:46+0200,44400f30-2862-403b-aedb-c9bc80837e62,2026-06-12T20:00:00Z,2026-06-12T22:00:00+0200,19117.97057,MW,DE,DE_LU,actual_onshore_wind_generation,Wind Onshore,2026-06-27T21:08:22Z
2026-06-27T21:06:46Z,2026-06-27T23:06:46+0200,44400f30-2862-403b-aedb-c9bc80837e62,2026-06-12T20:15:00Z,2026-06-12T22:15:00+0200,19439.70482,MW,DE,DE_LU,actual_onshore_wind_generation,Wind Onshore,2026-06-27T21:08:22Z
2026-06-27T21:06:46Z,2026-06-27T23:06:46+0200,44400f30-2862-403b-aedb-c9bc80837e62,2026-06-12T20:30:00Z,2026-06-12T22:30:00+0200,19553.90576,MW,DE,DE_LU,actual_onshore_wind_generation,Wind Onshore,2026-06-27T21:08:22Z
2026-06-27T21:06:46Z,2026-06-27T23:06:46+0200,44400f30-2862-403b-aedb-c9bc80837e62,2026-06-12T20:45:00Z,2026-06-12T22:45:00+0200,19806.24733,MW,DE,DE_LU,actual_onshore_wind_generation,Wind Onshore,2026-06-27T21:08:22Z
2026-06-27T21:06:46Z,2026-06-27T23:06:46+0200,44400f30-2862-403b-aedb-c9bc80837e62,2026-06-12T21:00:00Z,2026-06-12T23:00:00+0200,19799.29255,MW,DE,DE_LU,actual_onshore_wind_generation,Wind Onshore,2026-06-27T21:08:22Z
2026-06-27T21:06:46Z,2026-06-27T23:06:46+0200,44400f30-2862-403b-aedb-c9bc80837e62,2026-06-12T21:15:00Z,2026-06-12T23:15:00+0200,19729.11718,MW,DE,DE_LU,actual_onshore_wind_generation,Wind Onshore,2026-06-27T21:08:22Z
2026-06-27T21:06:46Z,2026-06-27T23:06:46+0200,44400f30-2862-403b-aedb-c9bc80837e62,2026-06-12T21:30:00Z,2026-06-12T23:30:00+0200,19583.09483,MW,DE,DE_LU,actual_onshore_wind_generation,Wind Onshore,2026-06-27T21:08:22Z
2026-06-27T21:06:46Z,2026-06-27T23:06:46+0200,44400f30-2862-403b-aedb-c9bc80837e62,2026-06-12T21:45:00Z,2026-06-12T23:45:00+0200,19469.28481,MW,DE,DE_LU,actual_onshore_wind_generation,Wind Onshore,2026-06-27T21:08:22Z
2026-06-27T21:06:46Z,2026-06-27T23:06:46+0200,44400f30-2862-403b-aedb-c9bc80837e62,2026-06-12T22:00:00Z,2026-06-13T00:00:00+0200,19387.15105,MW,DE,DE_LU,actual_onshore_wind_generation,Wind Onshore,2026-06-27T21:08:22Z
2026-06-27T21:06:46Z,2026-06-27T23:06:46+0200,44400f30-2862-403b-aedb-c9bc80837e62,2026-06-12T22:15:00Z,2026-06-13T00:15:00+0200,19438.23375,MW,DE,DE_LU,actual_onshore_wind_generation,Wind Onshore,2026-06-27T21:08:22Z
2026-06-27T21:06:46Z,2026-06-27T23:06:46+0200,44400f30-2862-403b-aedb-c9bc80837e62,2026-06-12T22:30:00Z,2026-06-13T00:30:00+0200,19405.90385,MW,DE,DE_LU,actual_onshore_wind_generation,Wind Onshore,2026-06-27T21:08:22Z
2026-06-27T21:06:46Z,2026-06-27T23:06:46+0200,44400f30-2862-403b-aedb-c9bc80837e62,2026-06-12T22:45:00Z,2026-06-13T00:45:00+0200,19280.43547,MW,DE,DE_LU,actual_onshore_wind_generation,Wind Onshore,2026-06-27T21:08:22Z
2026-06-27T21:06:46Z,2026-06-27T23:06:46+0200,44400f30-2862-403b-aedb-c9bc80837e62,2026-06-12T23:00:00Z,2026-06-13T01:00:00+0200,19183.93709,MW,DE,DE_LU,actual_onshore_wind_generation,Wind Onshore,2026-06-27T21:08:22Z
2026-06-27T21:06:46Z,2026-06-27T23:06:46+0200,44400f30-2862-403b-aedb-c9bc80837e62,2026-06-12T23:15:00Z,2026-06-13T01:15:00+0200,19171.71363,MW,DE,DE_LU,actual_onshore_wind_generation,Wind Onshore,2026-06-27T21:08:22Z
2026-06-27T21:06:46Z,2026-06-27T23:06:46+0200,44400f30-2862-403b-aedb-c9bc80837e62,2026-06-12T23:30:00Z,2026-06-13T01:30:00+0200,19111.65466,MW,DE,DE_LU,actual_onshore_wind_generation,Wind Onshore,2026-06-27T21:08:22Z
2026-06-27T21:06:46Z,2026-06-27T23:06:46+0200,44400f30-2862-403b-aedb-c9bc80837e62,2026-06-12T23:45:00Z,2026-06-13T01:45:00+0200,19152.86466,MW,DE,DE_LU,actual_onshore_wind_generation,Wind Onshore,2026-06-27T21:08:22Z
2026-06-27T21:06:46Z,2026-06-27T23:06:46+0200,44400f30-2862-403b-aedb-c9bc80837e62,2026-06-13T00:00:00Z,2026-06-13T02:00:00+0200,19265.32441,MW,DE,DE_LU,actual_onshore_wind_generation,Wind Onshore,2026-06-27T21:08:22Z
2026-06-27T21:06:46Z,2026-06-27T23:06:46+0200,44400f30-2862-403b-aedb-c9bc80837e62,2026-06-13T00:15:00Z,2026-06-13T02:15:00+0200,19344.28749,MW,DE,DE_LU,actual_onshore_wind_generation,Wind Onshore,2026-06-27T21:08:22Z
2026-06-27T21:06:46Z,2026-06-27T23:06:46+0200,44400f30-2862-403b-aedb-c9bc80837e62,2026-06-13T00:30:00Z,2026-06-13T02:30:00+0200,19394.10408,MW,DE,DE_LU,actual_onshore_wind_generation,Wind Onshore,2026-06-27T21:08:22Z
2026-06-27T21:06:46Z,2026-06-27T23:06:46+0200,44400f30-2862-403b-aedb-c9bc80837e62,2026-06-13T00:45:00Z,2026-06-13T02:45:00+0200,19732.09687,MW,DE,DE_LU,actual_onshore_wind_generation,Wind Onshore,2026-06-27T21:08:22Z
2026-06-27T21:06:46Z,2026-06-27T23:06:46+0200,44400f30-2862-403b-aedb-c9bc80837e62,2026-06-13T01:00:00Z,2026-06-13T03:00:00+0200,19858.0116,MW,DE,DE_LU,actual_onshore_wind_generation,Wind Onshore,2026-06-27T21:08:22Z
2026-06-27T21:06:46Z,2026-06-27T23:06:46+0200,44400f30-2862-403b-aedb-c9bc80837e62,2026-06-13T01:15:00Z,2026-06-13T03:15:00+0200,19958.68256,MW,DE,DE_LU,actual_onshore_wind_generation,Wind Onshore,2026-06-27T21:08:22Z
2026-06-27T21:06:46Z,2026-06-27T23:06:46+0200,44400f30-2862-403b-aedb-c9bc80837e62,2026-06-13T01:30:00Z,2026-06-13T03:30:00+0200,20143.69993,MW,DE,DE_LU,actual_onshore_wind_generation,Wind Onshore,2026-06-27T21:08:22Z
2026-06-27T21:06:46Z,2026-06-27T23:06:46+0200,44400f30-2862-403b-aedb-c9bc80837e62,2026-06-13T01:45:00Z,2026-06-13T03:45:00+0200,20250.0287,MW,DE,DE_LU,actual_onshore_wind_generation,Wind Onshore,2026-06-27T21:08:22Z
2026-06-27T21:06:46Z,2026-06-27T23:06:46+0200,44400f30-2862-403b-aedb-c9bc80837e62,2026-06-13T02:00:00Z,2026-06-13T04:00:00+0200,20215.82023,MW,DE,DE_LU,actual_onshore_wind_generation,Wind Onshore,2026-06-27T21:08:22Z
2026-06-27T21:06:46Z,2026-06-27T23:06:46+0200,44400f30-2862-403b-aedb-c9bc80837e62,2026-06-13T02:15:00Z,2026-06-13T04:15:00+0200,20233.45275,MW,DE,DE_LU,actual_onshore_wind_generation,Wind Onshore,2026-06-27T21:08:22Z
2026-06-27T21:06:46Z,2026-06-27T23:06:46+0200,44400f30-2862-403b-aedb-c9bc80837e62,2026-06-13T02:30:00Z,2026-06-13T04:30:00+0200,20412.79523,MW,DE,DE_LU,actual_onshore_wind_generation,Wind Onshore,2026-06-27T21:08:22Z
2026-06-27T21:06:46Z,2026-06-27T23:06:46+0200,44400f30-2862-403b-aedb-c9bc80837e62,2026-06-13T02:45:00Z,2026-06-13T04:45:00+0200,21010.77469,MW,DE,DE_LU,actual_onshore_wind_generation,Wind Onshore,2026-06-27T21:08:22Z
2026-06-27T21:06:46Z,2026-06-27T23:06:46+0200,44400f30-2862-403b-aedb-c9bc80837e62,2026-06-13T03:00:00Z,2026-06-13T05:00:00+0200,21917.32675,MW,DE,DE_LU,actual_onshore_wind_generation,Wind Onshore,2026-06-27T21:08:22Z
2026-06-27T21:06:46Z,2026-06-27T23:06:46+0200,44400f30-2862-403b-aedb-c9bc80837e62,2026-06-13T03:15:00Z,2026-06-13T05:15:00+0200,22078.16018,MW,DE,DE_LU,actual_onshore_wind_generation,Wind Onshore,2026-06-27T21:08:22Z
2026-06-27T21:06:46Z,2026-06-27T23:06:46+0200,44400f30-2862-403b-aedb-c9bc80837e62,2026-06-13T03:30:00Z,2026-06-13T05:30:00+0200,21731.79279,MW,DE,DE_LU,actual_onshore_wind_generation,Wind Onshore,2026-06-27T21:08:22Z
2026-06-27T21:06:46Z,2026-06-27T23:06:46+0200,44400f30-2862-403b-aedb-c9bc80837e62,2026-06-13T03:45:00Z,2026-06-13T05:45:00+0200,21383.92121,MW,DE,DE_LU,actual_onshore_wind_generation,Wind Onshore,2026-06-27T21:08:22Z
2026-06-27T21:06:46Z,2026-06-27T23:06:46+0200,44400f30-2862-403b-aedb-c9bc80837e62,2026-06-13T04:00:00Z,2026-06-13T06:00:00+0200,21229.985,MW,DE,DE_LU,actual_onshore_wind_generation,Wind Onshore,2026-06-27T21:08:22Z
2026-06-27T21:06:46Z,2026-06-27T23:06:46+0200,44400f30-2862-403b-aedb-c9bc80837e62,2026-06-13T04:15:00Z,2026-06-13T06:15:00+0200,20542.30662,MW,DE,DE_LU,actual_onshore_wind_generation,Wind Onshore,2026-06-27T21:08:22Z
2026-06-27T21:06:46Z,2026-06-27T23:06:46+0200,44400f30-2862-403b-aedb-c9bc80837e62,2026-06-13T04:30:00Z,2026-06-13T06:30:00+0200,20182.06083,MW,DE,DE_LU,actual_onshore_wind_generation,Wind Onshore,2026-06-27T21:08:22Z
2026-06-27T21:06:46Z,2026-06-27T23:06:46+0200,44400f30-2862-403b-aedb-c9bc80837e62,2026-06-13T04:45:00Z,2026-06-13T06:45:00+0200,20063.12361,MW,DE,DE_LU,actual_onshore_wind_generation,Wind Onshore,2026-06-27T21:08:22Z
2026-06-27T21:06:46Z,2026-06-27T23:06:46+0200,44400f30-2862-403b-aedb-c9bc80837e62,2026-06-13T05:00:00Z,2026-06-13T07:00:00+0200,20284.07801,MW,DE,DE_LU,actual_onshore_wind_generation,Wind Onshore,2026-06-27T21:08:22Z
2026-06-27T21:06:46Z,2026-06-27T23:06:46+0200,44400f30-2862-403b-aedb-c9bc80837e62,2026-06-13T05:15:00Z,2026-06-13T07:15:00+0200,20098.51266,MW,DE,DE_LU,actual_onshore_wind_generation,Wind Onshore,2026-06-27T21:08:22Z
2026-06-27T21:06:46Z,2026-06-27T23:06:46+0200,44400f30-2862-403b-aedb-c9bc80837e62,2026-06-13T05:30:00Z,2026-06-13T07:30:00+0200,19770.61413,MW,DE,DE_LU,actual_onshore_wind_generation,Wind Onshore,2026-06-27T21:08:22Z
2026-06-27T21:06:46Z,2026-06-27T23:06:46+0200,44400f30-2862-403b-aedb-c9bc80837e62,2026-06-13T05:45:00Z,2026-06-13T07:45:00+0200,20172.59585,MW,DE,DE_LU,actual_onshore_wind_generation,Wind Onshore,2026-06-27T21:08:22Z
2026-06-27T21:06:46Z,2026-06-27T23:06:46+0200,44400f30-2862-403b-aedb-c9bc80837e62,2026-06-13T06:00:00Z,2026-06-13T08:00:00+0200,20677.002,MW,DE,DE_LU,actual_onshore_wind_generation,Wind Onshore,2026-06-27T21:08:22Z
2026-06-27T21:06:46Z,2026-06-27T23:06:46+0200,44400f30-2862-403b-aedb-c9bc80837e62,2026-06-13T06:15:00Z,2026-06-13T08:15:00+0200,21089.24897,MW,DE,DE_LU,actual_onshore_wind_generation,Wind Onshore,2026-06-27T21:08:22Z
2026-06-27T21:06:46Z,2026-06-27T23:06:46+0200,44400f30-2862-403b-aedb-c9bc80837e62,2026-06-13T06:30:00Z,2026-06-13T08:30:00+0200,21225.71556,MW,DE,DE_LU,actual_onshore_wind_generation,Wind Onshore,2026-06-27T21:08:22Z
2026-06-27T21:06:46Z,2026-06-27T23:06:46+0200,44400f30-2862-403b-aedb-c9bc80837e62,2026-06-13T06:45:00Z,2026-06-13T08:45:00+0200,21881.00032,MW,DE,DE_LU,actual_onshore_wind_generation,Wind Onshore,2026-06-27T21:08:22Z
2026-06-27T21:06:46Z,2026-06-27T23:06:46+0200,44400f30-2862-403b-aedb-c9bc80837e62,2026-06-13T07:00:00Z,2026-06-13T09:00:00+0200,20408.04715,MW,DE,DE_LU,actual_onshore_wind_generation,Wind Onshore,2026-06-27T21:08:22Z
2026-06-27T21:06:46Z,2026-06-27T23:06:46+0200,44400f30-2862-403b-aedb-c9bc80837e62,2026-06-13T07:15:00Z,2026-06-13T09:15:00+0200,21447.51711,MW,DE,DE_LU,actual_onshore_wind_generation,Wind Onshore,2026-06-27T21:08:22Z
2026-06-27T21:06:46Z,2026-06-27T23:06:46+0200,44400f30-2862-403b-aedb-c9bc80837e62,2026-06-13T07:30:00Z,2026-06-13T09:30:00+0200,21372.87138,MW,DE,DE_LU,actual_onshore_wind_generation,Wind Onshore,2026-06-27T21:08:22Z
2026-06-27T21:06:46Z,2026-06-27T23:06:46+0200,44400f30-2862-403b-aedb-c9bc80837e62,2026-06-13T07:45:00Z,2026-06-13T09:45:00+0200,21719.72745,MW,DE,DE_LU,actual_onshore_wind_generation,Wind Onshore,2026-06-27T21:08:22Z
2026-06-27T21:06:46Z,2026-06-27T23:06:46+0200,44400f30-2862-403b-aedb-c9bc80837e62,2026-06-13T08:00:00Z,2026-06-13T10:00:00+0200,21173.9547,MW,DE,DE_LU,actual_onshore_wind_generation,Wind Onshore,2026-06-27T21:08:22Z
2026-06-27T21:06:46Z,2026-06-27T23:06:46+0200,44400f30-2862-403b-aedb-c9bc80837e62,2026-06-13T08:15:00Z,2026-06-13T10:15:00+0200,20779.67246,MW,DE,DE_LU,actual_onshore_wind_generation,Wind Onshore,2026-06-27T21:08:22Z
2026-06-27T21:06:46Z,2026-06-27T23:06:46+0200,44400f30-2862-403b-aedb-c9bc80837e62,2026-06-13T08:30:00Z,2026-06-13T10:30:00+0200,20636.36017,MW,DE,DE_LU,actual_onshore_wind_generation,Wind Onshore,2026-06-27T21:08:22Z
2026-06-27T21:06:46Z,2026-06-27T23:06:46+0200,44400f30-2862-403b-aedb-c9bc80837e62,2026-06-13T08:45:00Z,2026-06-13T10:45:00+0200,20576.85025,MW,DE,DE_LU,actual_onshore_wind_generation,Wind Onshore,2026-06-27T21:08:22Z
2026-06-27T21:06:46Z,2026-06-27T23:06:46+0200,44400f30-2862-403b-aedb-c9bc80837e62,2026-06-13T09:00:00Z,2026-06-13T11:00:00+0200,21200.23693,MW,DE,DE_LU,actual_onshore_wind_generation,Wind Onshore,2026-06-27T21:08:22Z
2026-06-27T21:06:46Z,2026-06-27T23:06:46+0200,44400f30-2862-403b-aedb-c9bc80837e62,2026-06-13T09:15:00Z,2026-06-13T11:15:00+0200,21022.79827,MW,DE,DE_LU,actual_onshore_wind_generation,Wind Onshore,2026-06-27T21:08:22Z
2026-06-27T21:06:46Z,2026-06-27T23:06:46+0200,44400f30-2862-403b-aedb-c9bc80837e62,2026-06-13T09:30:00Z,2026-06-13T11:30:00+0200,20479.1941,MW,DE,DE_LU,actual_onshore_wind_generation,Wind Onshore,2026-06-27T21:08:22Z
2026-06-27T21:06:46Z,2026-06-27T23:06:46+0200,44400f30-2862-403b-aedb-c9bc80837e62,2026-06-13T09:45:00Z,2026-06-13T11:45:00+0200,20231.91597,MW,DE,DE_LU,actual_onshore_wind_generation,Wind Onshore,2026-06-27T21:08:22Z
2026-06-27T21:06:46Z,2026-06-27T23:06:46+0200,44400f30-2862-403b-aedb-c9bc80837e62,2026-06-13T10:00:00Z,2026-06-13T12:00:00+0200,18052.56738,MW,DE,DE_LU,actual_onshore_wind_generation,Wind Onshore,2026-06-27T21:08:22Z
2026-06-27T21:06:46Z,2026-06-27T23:06:46+0200,44400f30-2862-403b-aedb-c9bc80837e62,2026-06-13T10:15:00Z,2026-06-13T12:15:00+0200,17532.02084,MW,DE,DE_LU,actual_onshore_wind_generation,Wind Onshore,2026-06-27T21:08:22Z
2026-06-27T21:06:46Z,2026-06-27T23:06:46+0200,44400f30-2862-403b-aedb-c9bc80837e62,2026-06-13T10:30:00Z,2026-06-13T12:30:00+0200,16655.04672,MW,DE,DE_LU,actual_onshore_wind_generation,Wind Onshore,2026-06-27T21:08:22Z
2026-06-27T21:06:46Z,2026-06-27T23:06:46+0200,44400f30-2862-403b-aedb-c9bc80837e62,2026-06-13T10:45:00Z,2026-06-13T12:45:00+0200,16030.93552,MW,DE,DE_LU,actual_onshore_wind_generation,Wind Onshore,2026-06-27T21:08:22Z
2026-06-27T21:06:46Z,2026-06-27T23:06:46+0200,44400f30-2862-403b-aedb-c9bc80837e62,2026-06-13T11:00:00Z,2026-06-13T13:00:00+0200,16066.32643,MW,DE,DE_LU,actual_onshore_wind_generation,Wind Onshore,2026-06-27T21:08:22Z
2026-06-27T21:06:46Z,2026-06-27T23:06:46+0200,44400f30-2862-403b-aedb-c9bc80837e62,2026-06-13T11:15:00Z,2026-06-13T13:15:00+0200,15638.29086,MW,DE,DE_LU,actual_onshore_wind_generation,Wind Onshore,2026-06-27T21:08:22Z
2026-06-27T21:06:46Z,2026-06-27T23:06:46+0200,44400f30-2862-403b-aedb-c9bc80837e62,2026-06-13T11:30:00Z,2026-06-13T13:30:00+0200,15477.23759,MW,DE,DE_LU,actual_onshore_wind_generation,Wind Onshore,2026-06-27T21:08:22Z
2026-06-27T21:06:46Z,2026-06-27T23:06:46+0200,44400f30-2862-403b-aedb-c9bc80837e62,2026-06-13T11:45:00Z,2026-06-13T13:45:00+0200,15045.26887,MW,DE,DE_LU,actual_onshore_wind_generation,Wind Onshore,2026-06-27T21:08:22Z
2026-06-27T21:06:46Z,2026-06-27T23:06:46+0200,44400f30-2862-403b-aedb-c9bc80837e62,2026-06-13T12:00:00Z,2026-06-13T14:00:00+0200,15344.84278,MW,DE,DE_LU,actual_onshore_wind_generation,Wind Onshore,2026-06-27T21:08:22Z
2026-06-27T21:06:46Z,2026-06-27T23:06:46+0200,44400f30-2862-403b-aedb-c9bc80837e62,2026-06-13T12:15:00Z,2026-06-13T14:15:00+0200,16039.07264,MW,DE,DE_LU,actual_onshore_wind_generation,Wind Onshore,2026-06-27T21:08:22Z
2026-06-27T21:06:46Z,2026-06-27T23:06:46+0200,44400f30-2862-403b-aedb-c9bc80837e62,2026-06-13T12:30:00Z,2026-06-13T14:30:00+0200,16403.50235,MW,DE,DE_LU,actual_onshore_wind_generation,Wind Onshore,2026-06-27T21:08:22Z
2026-06-27T21:06:46Z,2026-06-27T23:06:46+0200,44400f30-2862-403b-aedb-c9bc80837e62,2026-06-13T12:45:00Z,2026-06-13T14:45:00+0200,16387.01196,MW,DE,DE_LU,actual_onshore_wind_generation,Wind Onshore,2026-06-27T21:08:22Z
2026-06-27T21:06:46Z,2026-06-27T23:06:46+0200,44400f30-2862-403b-aedb-c9bc80837e62,2026-06-13T13:00:00Z,2026-06-13T15:00:00+0200,17388.95862,MW,DE,DE_LU,actual_onshore_wind_generation,Wind Onshore,2026-06-27T21:08:22Z
2026-06-27T21:06:46Z,2026-06-27T23:06:46+0200,44400f30-2862-403b-aedb-c9bc80837e62,2026-06-13T13:15:00Z,2026-06-13T15:15:00+0200,17451.10004,MW,DE,DE_LU,actual_onshore_wind_generation,Wind Onshore,2026-06-27T21:08:22Z
2026-06-27T21:06:46Z,2026-06-27T23:06:46+0200,44400f30-2862-403b-aedb-c9bc80837e62,2026-06-13T13:30:00Z,2026-06-13T15:30:00+0200,17974.99824,MW,DE,DE_LU,actual_onshore_wind_generation,Wind Onshore,2026-06-27T21:08:22Z
2026-06-27T21:06:46Z,2026-06-27T23:06:46+0200,44400f30-2862-403b-aedb-c9bc80837e62,2026-06-13T13:45:00Z,2026-06-13T15:45:00+0200,17990.61381,MW,DE,DE_LU,actual_onshore_wind_generation,Wind Onshore,2026-06-27T21:08:22Z
2026-06-27T21:06:46Z,2026-06-27T23:06:46+0200,44400f30-2862-403b-aedb-c9bc80837e62,2026-06-13T14:00:00Z,2026-06-13T16:00:00+0200,20695.04328,MW,DE,DE_LU,actual_onshore_wind_generation,Wind Onshore,2026-06-27T21:08:22Z
2026-06-27T21:06:46Z,2026-06-27T23:06:46+0200,44400f30-2862-403b-aedb-c9bc80837e62,2026-06-13T14:15:00Z,2026-06-13T16:15:00+0200,22473.65818,MW,DE,DE_LU,actual_onshore_wind_generation,Wind Onshore,2026-06-27T21:08:22Z
2026-06-27T21:06:46Z,2026-06-27T23:06:46+0200,44400f30-2862-403b-aedb-c9bc80837e62,2026-06-13T14:30:00Z,2026-06-13T16:30:00+0200,23453.02274,MW,DE,DE_LU,actual_onshore_wind_generation,Wind Onshore,2026-06-27T21:08:22Z
2026-06-27T21:06:46Z,2026-06-27T23:06:46+0200,44400f30-2862-403b-aedb-c9bc80837e62,2026-06-13T14:45:00Z,2026-06-13T16:45:00+0200,25679.58347,MW,DE,DE_LU,actual_onshore_wind_generation,Wind Onshore,2026-06-27T21:08:22Z
2026-06-27T21:06:46Z,2026-06-27T23:06:46+0200,44400f30-2862-403b-aedb-c9bc80837e62,2026-06-13T15:00:00Z,2026-06-13T17:00:00+0200,27389.15908,MW,DE,DE_LU,actual_onshore_wind_generation,Wind Onshore,2026-06-27T21:08:22Z
2026-06-27T21:06:46Z,2026-06-27T23:06:46+0200,44400f30-2862-403b-aedb-c9bc80837e62,2026-06-13T15:15:00Z,2026-06-13T17:15:00+0200,28089.39272,MW,DE,DE_LU,actual_onshore_wind_generation,Wind Onshore,2026-06-27T21:08:22Z
2026-06-27T21:06:46Z,2026-06-27T23:06:46+0200,44400f30-2862-403b-aedb-c9bc80837e62,2026-06-13T15:30:00Z,2026-06-13T17:30:00+0200,29759.06295,MW,DE,DE_LU,actual_onshore_wind_generation,Wind Onshore,2026-06-27T21:08:22Z
2026-06-27T21:06:46Z,2026-06-27T23:06:46+0200,44400f30-2862-403b-aedb-c9bc80837e62,2026-06-13T15:45:00Z,2026-06-13T17:45:00+0200,30373.23577,MW,DE,DE_LU,actual_onshore_wind_generation,Wind Onshore,2026-06-27T21:08:22Z
2026-06-27T21:06:46Z,2026-06-27T23:06:46+0200,44400f30-2862-403b-aedb-c9bc80837e62,2026-06-13T16:00:00Z,2026-06-13T18:00:00+0200,31697.87368,MW,DE,DE_LU,actual_onshore_wind_generation,Wind Onshore,2026-06-27T21:08:22Z
2026-06-27T21:06:46Z,2026-06-27T23:06:46+0200,44400f30-2862-403b-aedb-c9bc80837e62,2026-06-13T16:15:00Z,2026-06-13T18:15:00+0200,32241.45716,MW,DE,DE_LU,actual_onshore_wind_generation,Wind Onshore,2026-06-27T21:08:22Z
2026-06-27T21:06:46Z,2026-06-27T23:06:46+0200,44400f30-2862-403b-aedb-c9bc80837e62,2026-06-13T16:30:00Z,2026-06-13T18:30:00+0200,33735.06185,MW,DE,DE_LU,actual_onshore_wind_generation,Wind Onshore,2026-06-27T21:08:22Z
2026-06-27T21:06:46Z,2026-06-27T23:06:46+0200,44400f30-2862-403b-aedb-c9bc80837e62,2026-06-13T16:45:00Z,2026-06-13T18:45:00+0200,34509.03046,MW,DE,DE_LU,actual_onshore_wind_generation,Wind Onshore,2026-06-27T21:08:22Z
2026-06-27T21:06:46Z,2026-06-27T23:06:46+0200,44400f30-2862-403b-aedb-c9bc80837e62,2026-06-13T17:00:00Z,2026-06-13T19:00:00+0200,35379.60349,MW,DE,DE_LU,actual_onshore_wind_generation,Wind Onshore,2026-06-27T21:08:22Z
2026-06-27T21:06:46Z,2026-06-27T23:06:46+0200,44400f30-2862-403b-aedb-c9bc80837e62,2026-06-13T17:15:00Z,2026-06-13T19:15:00+0200,35056.62535,MW,DE,DE_LU,actual_onshore_wind_generation,Wind Onshore,2026-06-27T21:08:22Z
2026-06-27T21:06:46Z,2026-06-27T23:06:46+0200,44400f30-2862-403b-aedb-c9bc80837e62,2026-06-13T17:30:00Z,2026-06-13T19:30:00+0200,34060.82878,MW,DE,DE_LU,actual_onshore_wind_generation,Wind Onshore,2026-06-27T21:08:22Z
2026-06-27T21:06:46Z,2026-06-27T23:06:46+0200,44400f30-2862-403b-aedb-c9bc80837e62,2026-06-13T17:45:00Z,2026-06-13T19:45:00+0200,33376.53328,MW,DE,DE_LU,actual_onshore_wind_generation,Wind Onshore,2026-06-27T21:08:22Z
2026-06-27T21:06:46Z,2026-06-27T23:06:46+0200,44400f30-2862-403b-aedb-c9bc80837e62,2026-06-13T18:00:00Z,2026-06-13T20:00:00+0200,32543.8286,MW,DE,DE_LU,actual_onshore_wind_generation,Wind Onshore,2026-06-27T21:08:22Z
2026-06-27T21:06:46Z,2026-06-27T23:06:46+0200,44400f30-2862-403b-aedb-c9bc80837e62,2026-06-13T18:15:00Z,2026-06-13T20:15:00+0200,31318.66638,MW,DE,DE_LU,actual_onshore_wind_generation,Wind Onshore,2026-06-27T21:08:22Z
2026-06-27T21:06:46Z,2026-06-27T23:06:46+0200,44400f30-2862-403b-aedb-c9bc80837e62,2026-06-13T18:30:00Z,2026-06-13T20:30:00+0200,30188.97365,MW,DE,DE_LU,actual_onshore_wind_generation,Wind Onshore,2026-06-27T21:08:22Z
2026-06-27T21:06:46Z,2026-06-27T23:06:46+0200,44400f30-2862-403b-aedb-c9bc80837e62,2026-06-13T18:45:00Z,2026-06-13T20:45:00+0200,28956.35137,MW,DE,DE_LU,actual_onshore_wind_generation,Wind Onshore,2026-06-27T21:08:22Z
2026-06-27T21:06:46Z,2026-06-27T23:06:46+0200,44400f30-2862-403b-aedb-c9bc80837e62,2026-06-13T19:00:00Z,2026-06-13T21:00:00+0200,28504.87682,MW,DE,DE_LU,actual_onshore_wind_generation,Wind Onshore,2026-06-27T21:08:22Z
2026-06-27T21:06:46Z,2026-06-27T23:06:46+0200,44400f30-2862-403b-aedb-c9bc80837e62,2026-06-13T19:15:00Z,2026-06-13T21:15:00+0200,28417.07953,MW,DE,DE_LU,actual_onshore_wind_generation,Wind Onshore,2026-06-27T21:08:22Z
2026-06-27T21:06:46Z,2026-06-27T23:06:46+0200,44400f30-2862-403b-aedb-c9bc80837e62,2026-06-13T19:30:00Z,2026-06-13T21:30:00+0200,27323.45505,MW,DE,DE_LU,actual_onshore_wind_generation,Wind Onshore,2026-06-27T21:08:22Z
2026-06-27T21:06:46Z,2026-06-27T23:06:46+0200,44400f30-2862-403b-aedb-c9bc80837e62,2026-06-13T19:45:00Z,2026-06-13T21:45:00+0200,26706.07928,MW,DE,DE_LU,actual_onshore_wind_generation,Wind Onshore,2026-06-27T21:08:22Z
2026-06-27T21:06:46Z,2026-06-27T23:06:46+0200,44400f30-2862-403b-aedb-c9bc80837e62,2026-06-13T20:00:00Z,2026-06-13T22:00:00+0200,25532.30651,MW,DE,DE_LU,actual_onshore_wind_generation,Wind Onshore,2026-06-27T21:08:22Z
2026-06-27T21:06:46Z,2026-06-27T23:06:46+0200,44400f30-2862-403b-aedb-c9bc80837e62,2026-06-13T20:15:00Z,2026-06-13T22:15:00+0200,25453.40668,MW,DE,DE_LU,actual_onshore_wind_generation,Wind Onshore,2026-06-27T21:08:22Z
2026-06-27T21:06:46Z,2026-06-27T23:06:46+0200,44400f30-2862-403b-aedb-c9bc80837e62,2026-06-13T20:30:00Z,2026-06-13T22:30:00+0200,25294.30234,MW,DE,DE_LU,actual_onshore_wind_generation,Wind Onshore,2026-06-27T21:08:22Z
2026-06-27T21:06:46Z,2026-06-27T23:06:46+0200,44400f30-2862-403b-aedb-c9bc80837e62,2026-06-13T20:45:00Z,2026-06-13T22:45:00+0200,24935.17911,MW,DE,DE_LU,actual_onshore_wind_generation,Wind Onshore,2026-06-27T21:08:22Z
2026-06-27T21:06:46Z,2026-06-27T23:06:46+0200,44400f30-2862-403b-aedb-c9bc80837e62,2026-06-13T21:00:00Z,2026-06-13T23:00:00+0200,24567.12705,MW,DE,DE_LU,actual_onshore_wind_generation,Wind Onshore,2026-06-27T21:08:22Z
2026-06-27T21:06:46Z,2026-06-27T23:06:46+0200,44400f30-2862-403b-aedb-c9bc80837e62,2026-06-13T21:15:00Z,2026-06-13T23:15:00+0200,24421.99632,MW,DE,DE_LU,actual_onshore_wind_generation,Wind Onshore,2026-06-27T21:08:22Z
2026-06-27T21:06:46Z,2026-06-27T23:06:46+0200,44400f30-2862-403b-aedb-c9bc80837e62,2026-06-13T21:30:00Z,2026-06-13T23:30:00+0200,23809.58902,MW,DE,DE_LU,actual_onshore_wind_generation,Wind Onshore,2026-06-27T21:08:22Z
2026-06-27T21:06:46Z,2026-06-27T23:06:46+0200,44400f30-2862-403b-aedb-c9bc80837e62,2026-06-13T21:45:00Z,2026-06-13T23:45:00+0200,23510.95819,MW,DE,DE_LU,actual_onshore_wind_generation,Wind Onshore,2026-06-27T21:08:22Z
2026-06-27T21:06:46Z,2026-06-27T23:06:46+0200,44400f30-2862-403b-aedb-c9bc80837e62,2026-06-13T22:00:00Z,2026-06-14T00:00:00+0200,23137.03023,MW,DE,DE_LU,actual_onshore_wind_generation,Wind Onshore,2026-06-27T21:08:22Z
2026-06-27T21:06:46Z,2026-06-27T23:06:46+0200,44400f30-2862-403b-aedb-c9bc80837e62,2026-06-13T22:15:00Z,2026-06-14T00:15:00+0200,23398.73582,MW,DE,DE_LU,actual_onshore_wind_generation,Wind Onshore,2026-06-27T21:08:22Z
2026-06-27T21:06:46Z,2026-06-27T23:06:46+0200,44400f30-2862-403b-aedb-c9bc80837e62,2026-06-13T22:30:00Z,2026-06-14T00:30:00+0200,23577.28882,MW,DE,DE_LU,actual_onshore_wind_generation,Wind Onshore,2026-06-27T21:08:22Z
2026-06-27T21:06:46Z,2026-06-27T23:06:46+0200,44400f30-2862-403b-aedb-c9bc80837e62,2026-06-13T22:45:00Z,2026-06-14T00:45:00+0200,23585.63068,MW,DE,DE_LU,actual_onshore_wind_generation,Wind Onshore,2026-06-27T21:08:22Z
2026-06-27T21:06:46Z,2026-06-27T23:06:46+0200,44400f30-2862-403b-aedb-c9bc80837e62,2026-06-13T23:00:00Z,2026-06-14T01:00:00+0200,23600.54253,MW,DE,DE_LU,actual_onshore_wind_generation,Wind Onshore,2026-06-27T21:08:22Z
2026-06-27T21:06:46Z,2026-06-27T23:06:46+0200,44400f30-2862-403b-aedb-c9bc80837e62,2026-06-13T23:15:00Z,2026-06-14T01:15:00+0200,23799.42387,MW,DE,DE_LU,actual_onshore_wind_generation,Wind Onshore,2026-06-27T21:08:22Z
2026-06-27T21:06:46Z,2026-06-27T23:06:46+0200,44400f30-2862-403b-aedb-c9bc80837e62,2026-06-13T23:30:00Z,2026-06-14T01:30:00+0200,23662.11148,MW,DE,DE_LU,actual_onshore_wind_generation,Wind Onshore,2026-06-27T21:08:22Z
2026-06-27T21:06:46Z,2026-06-27T23:06:46+0200,44400f30-2862-403b-aedb-c9bc80837e62,2026-06-13T23:45:00Z,2026-06-14T01:45:00+0200,23769.94154,MW,DE,DE_LU,actual_onshore_wind_generation,Wind Onshore,2026-06-27T21:08:22Z
2026-06-27T21:06:46Z,2026-06-27T23:06:46+0200,44400f30-2862-403b-aedb-c9bc80837e62,2026-06-14T00:00:00Z,2026-06-14T02:00:00+0200,23637.14442,MW,DE,DE_LU,actual_onshore_wind_generation,Wind Onshore,2026-06-27T21:08:22Z
2026-06-27T21:06:46Z,2026-06-27T23:06:46+0200,44400f30-2862-403b-aedb-c9bc80837e62,2026-06-14T00:15:00Z,2026-06-14T02:15:00+0200,23510.33608,MW,DE,DE_LU,actual_onshore_wind_generation,Wind Onshore,2026-06-27T21:08:22Z
2026-06-27T21:06:46Z,2026-06-27T23:06:46+0200,44400f30-2862-403b-aedb-c9bc80837e62,2026-06-14T00:30:00Z,2026-06-14T02:30:00+0200,23770.09887,MW,DE,DE_LU,actual_onshore_wind_generation,Wind Onshore,2026-06-27T21:08:22Z
2026-06-27T21:06:46Z,2026-06-27T23:06:46+0200,44400f30-2862-403b-aedb-c9bc80837e62,2026-06-14T00:45:00Z,2026-06-14T02:45:00+0200,23788.08584,MW,DE,DE_LU,actual_onshore_wind_generation,Wind Onshore,2026-06-27T21:08:22Z
2026-06-27T21:06:46Z,2026-06-27T23:06:46+0200,44400f30-2862-403b-aedb-c9bc80837e62,2026-06-14T01:00:00Z,2026-06-14T03:00:00+0200,23770.38853,MW,DE,DE_LU,actual_onshore_wind_generation,Wind Onshore,2026-06-27T21:08:22Z
2026-06-27T21:06:46Z,2026-06-27T23:06:46+0200,44400f30-2862-403b-aedb-c9bc80837e62,2026-06-14T01:15:00Z,2026-06-14T03:15:00+0200,22999.54033,MW,DE,DE_LU,actual_onshore_wind_generation,Wind Onshore,2026-06-27T21:08:22Z
2026-06-27T21:06:46Z,2026-06-27T23:06:46+0200,44400f30-2862-403b-aedb-c9bc80837e62,2026-06-14T01:30:00Z,2026-06-14T03:30:00+0200,22814.14705,MW,DE,DE_LU,actual_onshore_wind_generation,Wind Onshore,2026-06-27T21:08:22Z
2026-06-27T21:06:46Z,2026-06-27T23:06:46+0200,44400f30-2862-403b-aedb-c9bc80837e62,2026-06-14T01:45:00Z,2026-06-14T03:45:00+0200,23005.67414,MW,DE,DE_LU,actual_onshore_wind_generation,Wind Onshore,2026-06-27T21:08:22Z
2026-06-27T21:06:46Z,2026-06-27T23:06:46+0200,44400f30-2862-403b-aedb-c9bc80837e62,2026-06-14T02:00:00Z,2026-06-14T04:00:00+0200,23298.19775,MW,DE,DE_LU,actual_onshore_wind_generation,Wind Onshore,2026-06-27T21:08:22Z
2026-06-27T21:06:46Z,2026-06-27T23:06:46+0200,44400f30-2862-403b-aedb-c9bc80837e62,2026-06-14T02:15:00Z,2026-06-14T04:15:00+0200,23306.21318,MW,DE,DE_LU,actual_onshore_wind_generation,Wind Onshore,2026-06-27T21:08:22Z
2026-06-27T21:06:46Z,2026-06-27T23:06:46+0200,44400f30-2862-403b-aedb-c9bc80837e62,2026-06-14T02:30:00Z,2026-06-14T04:30:00+0200,23236.87121,MW,DE,DE_LU,actual_onshore_wind_generation,Wind Onshore,2026-06-27T21:08:22Z
2026-06-27T21:06:46Z,2026-06-27T23:06:46+0200,44400f30-2862-403b-aedb-c9bc80837e62,2026-06-14T02:45:00Z,2026-06-14T04:45:00+0200,22922.04233,MW,DE,DE_LU,actual_onshore_wind_generation,Wind Onshore,2026-06-27T21:08:22Z
2026-06-27T21:06:46Z,2026-06-27T23:06:46+0200,44400f30-2862-403b-aedb-c9bc80837e62,2026-06-14T03:00:00Z,2026-06-14T05:00:00+0200,22994.03594,MW,DE,DE_LU,actual_onshore_wind_generation,Wind Onshore,2026-06-27T21:08:22Z
2026-06-27T21:06:46Z,2026-06-27T23:06:46+0200,44400f30-2862-403b-aedb-c9bc80837e62,2026-06-14T03:15:00Z,2026-06-14T05:15:00+0200,23158.07991,MW,DE,DE_LU,actual_onshore_wind_generation,Wind Onshore,2026-06-27T21:08:22Z
2026-06-27T21:06:46Z,2026-06-27T23:06:46+0200,44400f30-2862-403b-aedb-c9bc80837e62,2026-06-14T03:30:00Z,2026-06-14T05:30:00+0200,23292.28806,MW,DE,DE_LU,actual_onshore_wind_generation,Wind Onshore,2026-06-27T21:08:22Z
2026-06-27T21:06:46Z,2026-06-27T23:06:46+0200,44400f30-2862-403b-aedb-c9bc80837e62,2026-06-14T03:45:00Z,2026-06-14T05:45:00+0200,23171.4958,MW,DE,DE_LU,actual_onshore_wind_generation,Wind Onshore,2026-06-27T21:08:22Z
2026-06-27T21:06:46Z,2026-06-27T23:06:46+0200,44400f30-2862-403b-aedb-c9bc80837e62,2026-06-14T04:00:00Z,2026-06-14T06:00:00+0200,23530.52353,MW,DE,DE_LU,actual_onshore_wind_generation,Wind Onshore,2026-06-27T21:08:22Z
2026-06-27T21:06:46Z,2026-06-27T23:06:46+0200,44400f30-2862-403b-aedb-c9bc80837e62,2026-06-14T04:15:00Z,2026-06-14T06:15:00+0200,23276.94414,MW,DE,DE_LU,actual_onshore_wind_generation,Wind Onshore,2026-06-27T21:08:22Z
2026-06-27T21:06:46Z,2026-06-27T23:06:46+0200,44400f30-2862-403b-aedb-c9bc80837e62,2026-06-14T04:30:00Z,2026-06-14T06:30:00+0200,22876.09988,MW,DE,DE_LU,actual_onshore_wind_generation,Wind Onshore,2026-06-27T21:08:22Z
2026-06-27T21:06:46Z,2026-06-27T23:06:46+0200,44400f30-2862-403b-aedb-c9bc80837e62,2026-06-14T04:45:00Z,2026-06-14T06:45:00+0200,22890.21307,MW,DE,DE_LU,actual_onshore_wind_generation,Wind Onshore,2026-06-27T21:08:22Z
2026-06-27T21:06:46Z,2026-06-27T23:06:46+0200,44400f30-2862-403b-aedb-c9bc80837e62,2026-06-14T05:00:00Z,2026-06-14T07:00:00+0200,22556.49106,MW,DE,DE_LU,actual_onshore_wind_generation,Wind Onshore,2026-06-27T21:08:22Z
2026-06-27T21:06:46Z,2026-06-27T23:06:46+0200,44400f30-2862-403b-aedb-c9bc80837e62,2026-06-14T05:15:00Z,2026-06-14T07:15:00+0200,22541.74353,MW,DE,DE_LU,actual_onshore_wind_generation,Wind Onshore,2026-06-27T21:08:22Z
2026-06-27T21:06:46Z,2026-06-27T23:06:46+0200,44400f30-2862-403b-aedb-c9bc80837e62,2026-06-14T05:30:00Z,2026-06-14T07:30:00+0200,22853.00725,MW,DE,DE_LU,actual_onshore_wind_generation,Wind Onshore,2026-06-27T21:08:22Z
2026-06-27T21:06:46Z,2026-06-27T23:06:46+0200,44400f30-2862-403b-aedb-c9bc80837e62,2026-06-14T05:45:00Z,2026-06-14T07:45:00+0200,22055.6603,MW,DE,DE_LU,actual_onshore_wind_generation,Wind Onshore,2026-06-27T21:08:22Z
2026-06-27T21:06:46Z,2026-06-27T23:06:46+0200,44400f30-2862-403b-aedb-c9bc80837e62,2026-06-14T06:00:00Z,2026-06-14T08:00:00+0200,20839.8881,MW,DE,DE_LU,actual_onshore_wind_generation,Wind Onshore,2026-06-27T21:08:22Z
2026-06-27T21:06:46Z,2026-06-27T23:06:46+0200,44400f30-2862-403b-aedb-c9bc80837e62,2026-06-14T06:15:00Z,2026-06-14T08:15:00+0200,20784.41824,MW,DE,DE_LU,actual_onshore_wind_generation,Wind Onshore,2026-06-27T21:08:22Z
2026-06-27T21:06:46Z,2026-06-27T23:06:46+0200,44400f30-2862-403b-aedb-c9bc80837e62,2026-06-14T06:30:00Z,2026-06-14T08:30:00+0200,20811.17166,MW,DE,DE_LU,actual_onshore_wind_generation,Wind Onshore,2026-06-27T21:08:22Z
2026-06-27T21:06:46Z,2026-06-27T23:06:46+0200,44400f30-2862-403b-aedb-c9bc80837e62,2026-06-14T06:45:00Z,2026-06-14T08:45:00+0200,20760.52653,MW,DE,DE_LU,actual_onshore_wind_generation,Wind Onshore,2026-06-27T21:08:22Z
2026-06-27T21:06:46Z,2026-06-27T23:06:46+0200,44400f30-2862-403b-aedb-c9bc80837e62,2026-06-14T07:00:00Z,2026-06-14T09:00:00+0200,20451.46083,MW,DE,DE_LU,actual_onshore_wind_generation,Wind Onshore,2026-06-27T21:08:22Z
2026-06-27T21:06:46Z,2026-06-27T23:06:46+0200,44400f30-2862-403b-aedb-c9bc80837e62,2026-06-14T07:15:00Z,2026-06-14T09:15:00+0200,20779.37224,MW,DE,DE_LU,actual_onshore_wind_generation,Wind Onshore,2026-06-27T21:08:22Z
2026-06-27T21:06:46Z,2026-06-27T23:06:46+0200,44400f30-2862-403b-aedb-c9bc80837e62,2026-06-14T07:30:00Z,2026-06-14T09:30:00+0200,20752.05392,MW,DE,DE_LU,actual_onshore_wind_generation,Wind Onshore,2026-06-27T21:08:22Z
2026-06-27T21:06:46Z,2026-06-27T23:06:46+0200,44400f30-2862-403b-aedb-c9bc80837e62,2026-06-14T07:45:00Z,2026-06-14T09:45:00+0200,20724.86791,MW,DE,DE_LU,actual_onshore_wind_generation,Wind Onshore,2026-06-27T21:08:22Z
2026-06-27T21:06:46Z,2026-06-27T23:06:46+0200,44400f30-2862-403b-aedb-c9bc80837e62,2026-06-14T08:00:00Z,2026-06-14T10:00:00+0200,20807.25699,MW,DE,DE_LU,actual_onshore_wind_generation,Wind Onshore,2026-06-27T21:08:22Z
2026-06-27T21:06:46Z,2026-06-27T23:06:46+0200,44400f30-2862-403b-aedb-c9bc80837e62,2026-06-14T08:15:00Z,2026-06-14T10:15:00+0200,21190.55513,MW,DE,DE_LU,actual_onshore_wind_generation,Wind Onshore,2026-06-27T21:08:22Z
2026-06-27T21:06:46Z,2026-06-27T23:06:46+0200,44400f30-2862-403b-aedb-c9bc80837e62,2026-06-14T08:30:00Z,2026-06-14T10:30:00+0200,21517.24753,MW,DE,DE_LU,actual_onshore_wind_generation,Wind Onshore,2026-06-27T21:08:22Z
2026-06-27T21:06:46Z,2026-06-27T23:06:46+0200,44400f30-2862-403b-aedb-c9bc80837e62,2026-06-14T08:45:00Z,2026-06-14T10:45:00+0200,21119.97302,MW,DE,DE_LU,actual_onshore_wind_generation,Wind Onshore,2026-06-27T21:08:22Z
2026-06-27T21:06:46Z,2026-06-27T23:06:46+0200,44400f30-2862-403b-aedb-c9bc80837e62,2026-06-14T09:00:00Z,2026-06-14T11:00:00+0200,20483.93049,MW,DE,DE_LU,actual_onshore_wind_generation,Wind Onshore,2026-06-27T21:08:22Z
2026-06-27T21:06:46Z,2026-06-27T23:06:46+0200,44400f30-2862-403b-aedb-c9bc80837e62,2026-06-14T09:15:00Z,2026-06-14T11:15:00+0200,20849.80897,MW,DE,DE_LU,actual_onshore_wind_generation,Wind Onshore,2026-06-27T21:08:22Z
2026-06-27T21:06:46Z,2026-06-27T23:06:46+0200,44400f30-2862-403b-aedb-c9bc80837e62,2026-06-14T09:30:00Z,2026-06-14T11:30:00+0200,20793.96215,MW,DE,DE_LU,actual_onshore_wind_generation,Wind Onshore,2026-06-27T21:08:22Z
2026-06-27T21:06:46Z,2026-06-27T23:06:46+0200,44400f30-2862-403b-aedb-c9bc80837e62,2026-06-14T09:45:00Z,2026-06-14T11:45:00+0200,21106.51214,MW,DE,DE_LU,actual_onshore_wind_generation,Wind Onshore,2026-06-27T21:08:22Z
2026-06-27T21:06:46Z,2026-06-27T23:06:46+0200,44400f30-2862-403b-aedb-c9bc80837e62,2026-06-14T10:00:00Z,2026-06-14T12:00:00+0200,20579.81242,MW,DE,DE_LU,actual_onshore_wind_generation,Wind Onshore,2026-06-27T21:08:22Z
2026-06-27T21:06:46Z,2026-06-27T23:06:46+0200,44400f30-2862-403b-aedb-c9bc80837e62,2026-06-14T10:15:00Z,2026-06-14T12:15:00+0200,20466.95337,MW,DE,DE_LU,actual_onshore_wind_generation,Wind Onshore,2026-06-27T21:08:22Z
2026-06-27T21:06:46Z,2026-06-27T23:06:46+0200,44400f30-2862-403b-aedb-c9bc80837e62,2026-06-14T10:30:00Z,2026-06-14T12:30:00+0200,19707.30951,MW,DE,DE_LU,actual_onshore_wind_generation,Wind Onshore,2026-06-27T21:08:22Z
2026-06-27T21:06:46Z,2026-06-27T23:06:46+0200,44400f30-2862-403b-aedb-c9bc80837e62,2026-06-14T10:45:00Z,2026-06-14T12:45:00+0200,18800.77437,MW,DE,DE_LU,actual_onshore_wind_generation,Wind Onshore,2026-06-27T21:08:22Z
2026-06-27T21:06:46Z,2026-06-27T23:06:46+0200,44400f30-2862-403b-aedb-c9bc80837e62,2026-06-14T11:00:00Z,2026-06-14T13:00:00+0200,17388.32822,MW,DE,DE_LU,actual_onshore_wind_generation,Wind Onshore,2026-06-27T21:08:22Z
2026-06-27T21:06:46Z,2026-06-27T23:06:46+0200,44400f30-2862-403b-aedb-c9bc80837e62,2026-06-14T11:15:00Z,2026-06-14T13:15:00+0200,16533.82372,MW,DE,DE_LU,actual_onshore_wind_generation,Wind Onshore,2026-06-27T21:08:22Z
2026-06-27T21:06:46Z,2026-06-27T23:06:46+0200,44400f30-2862-403b-aedb-c9bc80837e62,2026-06-14T11:30:00Z,2026-06-14T13:30:00+0200,15693.49135,MW,DE,DE_LU,actual_onshore_wind_generation,Wind Onshore,2026-06-27T21:08:22Z
2026-06-27T21:06:46Z,2026-06-27T23:06:46+0200,44400f30-2862-403b-aedb-c9bc80837e62,2026-06-14T11:45:00Z,2026-06-14T13:45:00+0200,15575.13921,MW,DE,DE_LU,actual_onshore_wind_generation,Wind Onshore,2026-06-27T21:08:22Z
2026-06-27T21:06:46Z,2026-06-27T23:06:46+0200,44400f30-2862-403b-aedb-c9bc80837e62,2026-06-14T12:00:00Z,2026-06-14T14:00:00+0200,15330.17845,MW,DE,DE_LU,actual_onshore_wind_generation,Wind Onshore,2026-06-27T21:08:22Z
2026-06-27T21:06:46Z,2026-06-27T23:06:46+0200,44400f30-2862-403b-aedb-c9bc80837e62,2026-06-14T12:15:00Z,2026-06-14T14:15:00+0200,15580.2012,MW,DE,DE_LU,actual_onshore_wind_generation,Wind Onshore,2026-06-27T21:08:22Z
2026-06-27T21:06:46Z,2026-06-27T23:06:46+0200,44400f30-2862-403b-aedb-c9bc80837e62,2026-06-14T12:30:00Z,2026-06-14T14:30:00+0200,15788.58251,MW,DE,DE_LU,actual_onshore_wind_generation,Wind Onshore,2026-06-27T21:08:22Z
2026-06-27T21:06:46Z,2026-06-27T23:06:46+0200,44400f30-2862-403b-aedb-c9bc80837e62,2026-06-14T12:45:00Z,2026-06-14T14:45:00+0200,15298.26731,MW,DE,DE_LU,actual_onshore_wind_generation,Wind Onshore,2026-06-27T21:08:22Z
2026-06-27T21:06:46Z,2026-06-27T23:06:46+0200,44400f30-2862-403b-aedb-c9bc80837e62,2026-06-14T13:00:00Z,2026-06-14T15:00:00+0200,17613.95649,MW,DE,DE_LU,actual_onshore_wind_generation,Wind Onshore,2026-06-27T21:08:22Z
2026-06-27T21:06:46Z,2026-06-27T23:06:46+0200,44400f30-2862-403b-aedb-c9bc80837e62,2026-06-14T13:15:00Z,2026-06-14T15:15:00+0200,18673.72679,MW,DE,DE_LU,actual_onshore_wind_generation,Wind Onshore,2026-06-27T21:08:22Z
2026-06-27T21:06:46Z,2026-06-27T23:06:46+0200,44400f30-2862-403b-aedb-c9bc80837e62,2026-06-14T13:30:00Z,2026-06-14T15:30:00+0200,18661.4516,MW,DE,DE_LU,actual_onshore_wind_generation,Wind Onshore,2026-06-27T21:08:22Z
2026-06-27T21:06:46Z,2026-06-27T23:06:46+0200,44400f30-2862-403b-aedb-c9bc80837e62,2026-06-14T13:45:00Z,2026-06-14T15:45:00+0200,18986.10688,MW,DE,DE_LU,actual_onshore_wind_generation,Wind Onshore,2026-06-27T21:08:22Z
2026-06-27T21:06:46Z,2026-06-27T23:06:46+0200,44400f30-2862-403b-aedb-c9bc80837e62,2026-06-14T14:00:00Z,2026-06-14T16:00:00+0200,20257.77424,MW,DE,DE_LU,actual_onshore_wind_generation,Wind Onshore,2026-06-27T21:08:22Z
2026-06-27T21:06:46Z,2026-06-27T23:06:46+0200,44400f30-2862-403b-aedb-c9bc80837e62,2026-06-14T14:15:00Z,2026-06-14T16:15:00+0200,21189.83079,MW,DE,DE_LU,actual_onshore_wind_generation,Wind Onshore,2026-06-27T21:08:22Z
2026-06-27T21:06:46Z,2026-06-27T23:06:46+0200,44400f30-2862-403b-aedb-c9bc80837e62,2026-06-14T14:30:00Z,2026-06-14T16:30:00+0200,21829.15305,MW,DE,DE_LU,actual_onshore_wind_generation,Wind Onshore,2026-06-27T21:08:22Z
2026-06-27T21:06:46Z,2026-06-27T23:06:46+0200,44400f30-2862-403b-aedb-c9bc80837e62,2026-06-14T14:45:00Z,2026-06-14T16:45:00+0200,22600.5151,MW,DE,DE_LU,actual_onshore_wind_generation,Wind Onshore,2026-06-27T21:08:22Z
2026-06-27T21:06:46Z,2026-06-27T23:06:46+0200,44400f30-2862-403b-aedb-c9bc80837e62,2026-06-14T15:00:00Z,2026-06-14T17:00:00+0200,24608.66497,MW,DE,DE_LU,actual_onshore_wind_generation,Wind Onshore,2026-06-27T21:08:22Z
2026-06-27T21:06:46Z,2026-06-27T23:06:46+0200,44400f30-2862-403b-aedb-c9bc80837e62,2026-06-14T15:15:00Z,2026-06-14T17:15:00+0200,25727.44042,MW,DE,DE_LU,actual_onshore_wind_generation,Wind Onshore,2026-06-27T21:08:22Z
2026-06-27T21:06:46Z,2026-06-27T23:06:46+0200,44400f30-2862-403b-aedb-c9bc80837e62,2026-06-14T15:30:00Z,2026-06-14T17:30:00+0200,26362.87757,MW,DE,DE_LU,actual_onshore_wind_generation,Wind Onshore,2026-06-27T21:08:22Z
2026-06-27T21:06:46Z,2026-06-27T23:06:46+0200,44400f30-2862-403b-aedb-c9bc80837e62,2026-06-14T15:45:00Z,2026-06-14T17:45:00+0200,26267.4562,MW,DE,DE_LU,actual_onshore_wind_generation,Wind Onshore,2026-06-27T21:08:22Z
2026-06-27T21:06:46Z,2026-06-27T23:06:46+0200,44400f30-2862-403b-aedb-c9bc80837e62,2026-06-14T16:00:00Z,2026-06-14T18:00:00+0200,27906.69784,MW,DE,DE_LU,actual_onshore_wind_generation,Wind Onshore,2026-06-27T21:08:22Z
2026-06-27T21:06:46Z,2026-06-27T23:06:46+0200,44400f30-2862-403b-aedb-c9bc80837e62,2026-06-14T16:15:00Z,2026-06-14T18:15:00+0200,30185.29304,MW,DE,DE_LU,actual_onshore_wind_generation,Wind Onshore,2026-06-27T21:08:22Z
2026-06-27T21:06:46Z,2026-06-27T23:06:46+0200,44400f30-2862-403b-aedb-c9bc80837e62,2026-06-14T16:30:00Z,2026-06-14T18:30:00+0200,31238.71728,MW,DE,DE_LU,actual_onshore_wind_generation,Wind Onshore,2026-06-27T21:08:22Z
2026-06-27T21:06:46Z,2026-06-27T23:06:46+0200,44400f30-2862-403b-aedb-c9bc80837e62,2026-06-14T16:45:00Z,2026-06-14T18:45:00+0200,32049.89995,MW,DE,DE_LU,actual_onshore_wind_generation,Wind Onshore,2026-06-27T21:08:22Z
2026-06-27T21:06:46Z,2026-06-27T23:06:46+0200,44400f30-2862-403b-aedb-c9bc80837e62,2026-06-14T17:00:00Z,2026-06-14T19:00:00+0200,32270.62024,MW,DE,DE_LU,actual_onshore_wind_generation,Wind Onshore,2026-06-27T21:08:22Z
2026-06-27T21:06:46Z,2026-06-27T23:06:46+0200,44400f30-2862-403b-aedb-c9bc80837e62,2026-06-14T17:15:00Z,2026-06-14T19:15:00+0200,31562.86809,MW,DE,DE_LU,actual_onshore_wind_generation,Wind Onshore,2026-06-27T21:08:22Z
2026-06-27T21:06:46Z,2026-06-27T23:06:46+0200,44400f30-2862-403b-aedb-c9bc80837e62,2026-06-14T17:30:00Z,2026-06-14T19:30:00+0200,30382.35637,MW,DE,DE_LU,actual_onshore_wind_generation,Wind Onshore,2026-06-27T21:08:22Z
2026-06-27T21:06:46Z,2026-06-27T23:06:46+0200,44400f30-2862-403b-aedb-c9bc80837e62,2026-06-14T17:45:00Z,2026-06-14T19:45:00+0200,29148.17569,MW,DE,DE_LU,actual_onshore_wind_generation,Wind Onshore,2026-06-27T21:08:22Z
2026-06-27T21:06:46Z,2026-06-27T23:06:46+0200,44400f30-2862-403b-aedb-c9bc80837e62,2026-06-14T18:00:00Z,2026-06-14T20:00:00+0200,28536.38238,MW,DE,DE_LU,actual_onshore_wind_generation,Wind Onshore,2026-06-27T21:08:22Z
2026-06-27T21:06:46Z,2026-06-27T23:06:46+0200,44400f30-2862-403b-aedb-c9bc80837e62,2026-06-14T18:15:00Z,2026-06-14T20:15:00+0200,27764.11639,MW,DE,DE_LU,actual_onshore_wind_generation,Wind Onshore,2026-06-27T21:08:22Z
2026-06-27T21:06:46Z,2026-06-27T23:06:46+0200,44400f30-2862-403b-aedb-c9bc80837e62,2026-06-14T18:30:00Z,2026-06-14T20:30:00+0200,26922.87777,MW,DE,DE_LU,actual_onshore_wind_generation,Wind Onshore,2026-06-27T21:08:22Z
2026-06-27T21:06:46Z,2026-06-27T23:06:46+0200,44400f30-2862-403b-aedb-c9bc80837e62,2026-06-14T18:45:00Z,2026-06-14T20:45:00+0200,26299.37282,MW,DE,DE_LU,actual_onshore_wind_generation,Wind Onshore,2026-06-27T21:08:22Z
2026-06-27T21:06:46Z,2026-06-27T23:06:46+0200,44400f30-2862-403b-aedb-c9bc80837e62,2026-06-14T19:00:00Z,2026-06-14T21:00:00+0200,25784.96613,MW,DE,DE_LU,actual_onshore_wind_generation,Wind Onshore,2026-06-27T21:08:22Z
2026-06-27T21:06:46Z,2026-06-27T23:06:46+0200,44400f30-2862-403b-aedb-c9bc80837e62,2026-06-14T19:15:00Z,2026-06-14T21:15:00+0200,25656.32914,MW,DE,DE_LU,actual_onshore_wind_generation,Wind Onshore,2026-06-27T21:08:22Z
2026-06-27T21:06:46Z,2026-06-27T23:06:46+0200,44400f30-2862-403b-aedb-c9bc80837e62,2026-06-14T19:30:00Z,2026-06-14T21:30:00+0200,24790.0093,MW,DE,DE_LU,actual_onshore_wind_generation,Wind Onshore,2026-06-27T21:08:22Z
2026-06-27T21:06:46Z,2026-06-27T23:06:46+0200,44400f30-2862-403b-aedb-c9bc80837e62,2026-06-14T19:45:00Z,2026-06-14T21:45:00+0200,23811.32844,MW,DE,DE_LU,actual_onshore_wind_generation,Wind Onshore,2026-06-27T21:08:22Z
2026-06-27T21:06:46Z,2026-06-27T23:06:46+0200,44400f30-2862-403b-aedb-c9bc80837e62,2026-06-14T20:00:00Z,2026-06-14T22:00:00+0200,22485.96953,MW,DE,DE_LU,actual_onshore_wind_generation,Wind Onshore,2026-06-27T21:08:22Z
2026-06-27T21:06:46Z,2026-06-27T23:06:46+0200,44400f30-2862-403b-aedb-c9bc80837e62,2026-06-14T20:15:00Z,2026-06-14T22:15:00+0200,22241.74774,MW,DE,DE_LU,actual_onshore_wind_generation,Wind Onshore,2026-06-27T21:08:22Z
2026-06-27T21:06:46Z,2026-06-27T23:06:46+0200,44400f30-2862-403b-aedb-c9bc80837e62,2026-06-14T20:30:00Z,2026-06-14T22:30:00+0200,21934.05167,MW,DE,DE_LU,actual_onshore_wind_generation,Wind Onshore,2026-06-27T21:08:22Z
2026-06-27T21:06:46Z,2026-06-27T23:06:46+0200,44400f30-2862-403b-aedb-c9bc80837e62,2026-06-14T20:45:00Z,2026-06-14T22:45:00+0200,21933.30496,MW,DE,DE_LU,actual_onshore_wind_generation,Wind Onshore,2026-06-27T21:08:22Z
2026-06-27T21:06:46Z,2026-06-27T23:06:46+0200,44400f30-2862-403b-aedb-c9bc80837e62,2026-06-14T21:00:00Z,2026-06-14T23:00:00+0200,21738.95894,MW,DE,DE_LU,actual_onshore_wind_generation,Wind Onshore,2026-06-27T21:08:22Z
2026-06-27T21:06:46Z,2026-06-27T23:06:46+0200,44400f30-2862-403b-aedb-c9bc80837e62,2026-06-14T21:15:00Z,2026-06-14T23:15:00+0200,21709.37426,MW,DE,DE_LU,actual_onshore_wind_generation,Wind Onshore,2026-06-27T21:08:22Z
2026-06-27T21:06:46Z,2026-06-27T23:06:46+0200,44400f30-2862-403b-aedb-c9bc80837e62,2026-06-14T21:30:00Z,2026-06-14T23:30:00+0200,21387.52146,MW,DE,DE_LU,actual_onshore_wind_generation,Wind Onshore,2026-06-27T21:08:22Z
2026-06-27T21:06:46Z,2026-06-27T23:06:46+0200,44400f30-2862-403b-aedb-c9bc80837e62,2026-06-14T21:45:00Z,2026-06-14T23:45:00+0200,21133.72274,MW,DE,DE_LU,actual_onshore_wind_generation,Wind Onshore,2026-06-27T21:08:22Z
2026-06-27T21:06:46Z,2026-06-27T23:06:46+0200,44400f30-2862-403b-aedb-c9bc80837e62,2026-06-14T22:00:00Z,2026-06-15T00:00:00+0200,21092.63855,MW,DE,DE_LU,actual_onshore_wind_generation,Wind Onshore,2026-06-27T21:08:22Z
2026-06-27T21:06:46Z,2026-06-27T23:06:46+0200,44400f30-2862-403b-aedb-c9bc80837e62,2026-06-14T22:15:00Z,2026-06-15T00:15:00+0200,20985.39775,MW,DE,DE_LU,actual_onshore_wind_generation,Wind Onshore,2026-06-27T21:08:22Z
2026-06-27T21:06:46Z,2026-06-27T23:06:46+0200,44400f30-2862-403b-aedb-c9bc80837e62,2026-06-14T22:30:00Z,2026-06-15T00:30:00+0200,20785.23998,MW,DE,DE_LU,actual_onshore_wind_generation,Wind Onshore,2026-06-27T21:08:22Z
2026-06-27T21:06:46Z,2026-06-27T23:06:46+0200,44400f30-2862-403b-aedb-c9bc80837e62,2026-06-14T22:45:00Z,2026-06-15T00:45:00+0200,20756.77538,MW,DE,DE_LU,actual_onshore_wind_generation,Wind Onshore,2026-06-27T21:08:22Z
2026-06-27T21:06:46Z,2026-06-27T23:06:46+0200,44400f30-2862-403b-aedb-c9bc80837e62,2026-06-14T23:00:00Z,2026-06-15T01:00:00+0200,20771.49744,MW,DE,DE_LU,actual_onshore_wind_generation,Wind Onshore,2026-06-27T21:08:22Z
2026-06-27T21:06:46Z,2026-06-27T23:06:46+0200,44400f30-2862-403b-aedb-c9bc80837e62,2026-06-14T23:15:00Z,2026-06-15T01:15:00+0200,20690.93977,MW,DE,DE_LU,actual_onshore_wind_generation,Wind Onshore,2026-06-27T21:08:22Z
2026-06-27T21:06:46Z,2026-06-27T23:06:46+0200,44400f30-2862-403b-aedb-c9bc80837e62,2026-06-14T23:30:00Z,2026-06-15T01:30:00+0200,20442.81215,MW,DE,DE_LU,actual_onshore_wind_generation,Wind Onshore,2026-06-27T21:08:22Z
2026-06-27T21:06:46Z,2026-06-27T23:06:46+0200,44400f30-2862-403b-aedb-c9bc80837e62,2026-06-14T23:45:00Z,2026-06-15T01:45:00+0200,20440.0035,MW,DE,DE_LU,actual_onshore_wind_generation,Wind Onshore,2026-06-27T21:08:22Z
2026-06-27T21:06:46Z,2026-06-27T23:06:46+0200,44400f30-2862-403b-aedb-c9bc80837e62,2026-06-15T00:00:00Z,2026-06-15T02:00:00+0200,20382.85371,MW,DE,DE_LU,actual_onshore_wind_generation,Wind Onshore,2026-06-27T21:08:22Z
2026-06-27T21:06:46Z,2026-06-27T23:06:46+0200,44400f30-2862-403b-aedb-c9bc80837e62,2026-06-15T00:15:00Z,2026-06-15T02:15:00+0200,20389.42518,MW,DE,DE_LU,actual_onshore_wind_generation,Wind Onshore,2026-06-27T21:08:22Z
2026-06-27T21:06:46Z,2026-06-27T23:06:46+0200,44400f30-2862-403b-aedb-c9bc80837e62,2026-06-15T00:30:00Z,2026-06-15T02:30:00+0200,20237.06138,MW,DE,DE_LU,actual_onshore_wind_generation,Wind Onshore,2026-06-27T21:08:22Z
2026-06-27T21:06:46Z,2026-06-27T23:06:46+0200,44400f30-2862-403b-aedb-c9bc80837e62,2026-06-15T00:45:00Z,2026-06-15T02:45:00+0200,20184.54905,MW,DE,DE_LU,actual_onshore_wind_generation,Wind Onshore,2026-06-27T21:08:22Z
2026-06-27T21:06:46Z,2026-06-27T23:06:46+0200,44400f30-2862-403b-aedb-c9bc80837e62,2026-06-15T01:00:00Z,2026-06-15T03:00:00+0200,20313.89781,MW,DE,DE_LU,actual_onshore_wind_generation,Wind Onshore,2026-06-27T21:08:22Z
2026-06-27T21:06:46Z,2026-06-27T23:06:46+0200,44400f30-2862-403b-aedb-c9bc80837e62,2026-06-15T01:15:00Z,2026-06-15T03:15:00+0200,20246.71064,MW,DE,DE_LU,actual_onshore_wind_generation,Wind Onshore,2026-06-27T21:08:22Z
2026-06-27T21:06:46Z,2026-06-27T23:06:46+0200,44400f30-2862-403b-aedb-c9bc80837e62,2026-06-15T01:30:00Z,2026-06-15T03:30:00+0200,20462.84568,MW,DE,DE_LU,actual_onshore_wind_generation,Wind Onshore,2026-06-27T21:08:22Z
2026-06-27T21:06:46Z,2026-06-27T23:06:46+0200,44400f30-2862-403b-aedb-c9bc80837e62,2026-06-15T01:45:00Z,2026-06-15T03:45:00+0200,20740.89898,MW,DE,DE_LU,actual_onshore_wind_generation,Wind Onshore,2026-06-27T21:08:22Z
2026-06-27T21:06:46Z,2026-06-27T23:06:46+0200,44400f30-2862-403b-aedb-c9bc80837e62,2026-06-15T02:00:00Z,2026-06-15T04:00:00+0200,20711.87284,MW,DE,DE_LU,actual_onshore_wind_generation,Wind Onshore,2026-06-27T21:08:22Z
2026-06-27T21:06:46Z,2026-06-27T23:06:46+0200,44400f30-2862-403b-aedb-c9bc80837e62,2026-06-15T02:15:00Z,2026-06-15T04:15:00+0200,20940.99862,MW,DE,DE_LU,actual_onshore_wind_generation,Wind Onshore,2026-06-27T21:08:22Z
2026-06-27T21:06:46Z,2026-06-27T23:06:46+0200,44400f30-2862-403b-aedb-c9bc80837e62,2026-06-15T02:30:00Z,2026-06-15T04:30:00+0200,21166.24264,MW,DE,DE_LU,actual_onshore_wind_generation,Wind Onshore,2026-06-27T21:08:22Z
2026-06-27T21:06:46Z,2026-06-27T23:06:46+0200,44400f30-2862-403b-aedb-c9bc80837e62,2026-06-15T02:45:00Z,2026-06-15T04:45:00+0200,21414.74078,MW,DE,DE_LU,actual_onshore_wind_generation,Wind Onshore,2026-06-27T21:08:22Z
2026-06-27T21:06:46Z,2026-06-27T23:06:46+0200,44400f30-2862-403b-aedb-c9bc80837e62,2026-06-15T03:00:00Z,2026-06-15T05:00:00+0200,21491.86457,MW,DE,DE_LU,actual_onshore_wind_generation,Wind Onshore,2026-06-27T21:08:22Z
2026-06-27T21:06:46Z,2026-06-27T23:06:46+0200,44400f30-2862-403b-aedb-c9bc80837e62,2026-06-15T03:15:00Z,2026-06-15T05:15:00+0200,21662.45324,MW,DE,DE_LU,actual_onshore_wind_generation,Wind Onshore,2026-06-27T21:08:22Z
2026-06-27T21:06:46Z,2026-06-27T23:06:46+0200,44400f30-2862-403b-aedb-c9bc80837e62,2026-06-15T03:30:00Z,2026-06-15T05:30:00+0200,21727.35868,MW,DE,DE_LU,actual_onshore_wind_generation,Wind Onshore,2026-06-27T21:08:22Z
2026-06-27T21:06:46Z,2026-06-27T23:06:46+0200,44400f30-2862-403b-aedb-c9bc80837e62,2026-06-15T03:45:00Z,2026-06-15T05:45:00+0200,21962.37429,MW,DE,DE_LU,actual_onshore_wind_generation,Wind Onshore,2026-06-27T21:08:22Z
2026-06-27T21:06:46Z,2026-06-27T23:06:46+0200,44400f30-2862-403b-aedb-c9bc80837e62,2026-06-15T04:00:00Z,2026-06-15T06:00:00+0200,22821.59045,MW,DE,DE_LU,actual_onshore_wind_generation,Wind Onshore,2026-06-27T21:08:22Z
2026-06-27T21:06:46Z,2026-06-27T23:06:46+0200,44400f30-2862-403b-aedb-c9bc80837e62,2026-06-15T04:15:00Z,2026-06-15T06:15:00+0200,23088.71923,MW,DE,DE_LU,actual_onshore_wind_generation,Wind Onshore,2026-06-27T21:08:22Z
2026-06-27T21:06:46Z,2026-06-27T23:06:46+0200,44400f30-2862-403b-aedb-c9bc80837e62,2026-06-15T04:30:00Z,2026-06-15T06:30:00+0200,23096.57625,MW,DE,DE_LU,actual_onshore_wind_generation,Wind Onshore,2026-06-27T21:08:22Z
2026-06-27T21:06:46Z,2026-06-27T23:06:46+0200,44400f30-2862-403b-aedb-c9bc80837e62,2026-06-15T04:45:00Z,2026-06-15T06:45:00+0200,22926.38569,MW,DE,DE_LU,actual_onshore_wind_generation,Wind Onshore,2026-06-27T21:08:22Z
2026-06-27T21:06:46Z,2026-06-27T23:06:46+0200,44400f30-2862-403b-aedb-c9bc80837e62,2026-06-15T05:00:00Z,2026-06-15T07:00:00+0200,23035.29893,MW,DE,DE_LU,actual_onshore_wind_generation,Wind Onshore,2026-06-27T21:08:22Z
2026-06-27T21:06:46Z,2026-06-27T23:06:46+0200,44400f30-2862-403b-aedb-c9bc80837e62,2026-06-15T05:15:00Z,2026-06-15T07:15:00+0200,23236.26894,MW,DE,DE_LU,actual_onshore_wind_generation,Wind Onshore,2026-06-27T21:08:22Z
2026-06-27T21:06:46Z,2026-06-27T23:06:46+0200,44400f30-2862-403b-aedb-c9bc80837e62,2026-06-15T05:30:00Z,2026-06-15T07:30:00+0200,23380.83105,MW,DE,DE_LU,actual_onshore_wind_generation,Wind Onshore,2026-06-27T21:08:22Z
2026-06-27T21:06:46Z,2026-06-27T23:06:46+0200,44400f30-2862-403b-aedb-c9bc80837e62,2026-06-15T05:45:00Z,2026-06-15T07:45:00+0200,23422.39317,MW,DE,DE_LU,actual_onshore_wind_generation,Wind Onshore,2026-06-27T21:08:22Z
2026-06-27T21:06:46Z,2026-06-27T23:06:46+0200,44400f30-2862-403b-aedb-c9bc80837e62,2026-06-15T06:00:00Z,2026-06-15T08:00:00+0200,23563.56909,MW,DE,DE_LU,actual_onshore_wind_generation,Wind Onshore,2026-06-27T21:08:22Z
2026-06-27T21:06:46Z,2026-06-27T23:06:46+0200,44400f30-2862-403b-aedb-c9bc80837e62,2026-06-15T06:15:00Z,2026-06-15T08:15:00+0200,23865.1915,MW,DE,DE_LU,actual_onshore_wind_generation,Wind Onshore,2026-06-27T21:08:22Z
2026-06-27T21:06:46Z,2026-06-27T23:06:46+0200,44400f30-2862-403b-aedb-c9bc80837e62,2026-06-15T06:30:00Z,2026-06-15T08:30:00+0200,24362.22188,MW,DE,DE_LU,actual_onshore_wind_generation,Wind Onshore,2026-06-27T21:08:22Z
2026-06-27T21:06:46Z,2026-06-27T23:06:46+0200,44400f30-2862-403b-aedb-c9bc80837e62,2026-06-15T06:45:00Z,2026-06-15T08:45:00+0200,24773.1049,MW,DE,DE_LU,actual_onshore_wind_generation,Wind Onshore,2026-06-27T21:08:22Z
2026-06-27T21:06:46Z,2026-06-27T23:06:46+0200,44400f30-2862-403b-aedb-c9bc80837e62,2026-06-15T07:00:00Z,2026-06-15T09:00:00+0200,25120.49649,MW,DE,DE_LU,actual_onshore_wind_generation,Wind Onshore,2026-06-27T21:08:22Z
2026-06-27T21:06:46Z,2026-06-27T23:06:46+0200,44400f30-2862-403b-aedb-c9bc80837e62,2026-06-15T07:15:00Z,2026-06-15T09:15:00+0200,25478.71331,MW,DE,DE_LU,actual_onshore_wind_generation,Wind Onshore,2026-06-27T21:08:22Z
2026-06-27T21:06:46Z,2026-06-27T23:06:46+0200,44400f30-2862-403b-aedb-c9bc80837e62,2026-06-15T07:30:00Z,2026-06-15T09:30:00+0200,25753.92239,MW,DE,DE_LU,actual_onshore_wind_generation,Wind Onshore,2026-06-27T21:08:22Z
2026-06-27T21:06:46Z,2026-06-27T23:06:46+0200,44400f30-2862-403b-aedb-c9bc80837e62,2026-06-15T07:45:00Z,2026-06-15T09:45:00+0200,26047.83606,MW,DE,DE_LU,actual_onshore_wind_generation,Wind Onshore,2026-06-27T21:08:22Z
2026-06-27T21:06:46Z,2026-06-27T23:06:46+0200,44400f30-2862-403b-aedb-c9bc80837e62,2026-06-15T08:00:00Z,2026-06-15T10:00:00+0200,26182.63518,MW,DE,DE_LU,actual_onshore_wind_generation,Wind Onshore,2026-06-27T21:08:22Z
2026-06-27T21:06:46Z,2026-06-27T23:06:46+0200,44400f30-2862-403b-aedb-c9bc80837e62,2026-06-15T08:15:00Z,2026-06-15T10:15:00+0200,26228.01013,MW,DE,DE_LU,actual_onshore_wind_generation,Wind Onshore,2026-06-27T21:08:22Z
2026-06-27T21:06:46Z,2026-06-27T23:06:46+0200,44400f30-2862-403b-aedb-c9bc80837e62,2026-06-15T08:30:00Z,2026-06-15T10:30:00+0200,26232.79267,MW,DE,DE_LU,actual_onshore_wind_generation,Wind Onshore,2026-06-27T21:08:22Z
2026-06-27T21:06:46Z,2026-06-27T23:06:46+0200,44400f30-2862-403b-aedb-c9bc80837e62,2026-06-15T08:45:00Z,2026-06-15T10:45:00+0200,26170.27936,MW,DE,DE_LU,actual_onshore_wind_generation,Wind Onshore,2026-06-27T21:08:22Z
2026-06-27T21:06:46Z,2026-06-27T23:06:46+0200,44400f30-2862-403b-aedb-c9bc80837e62,2026-06-15T09:00:00Z,2026-06-15T11:00:00+0200,25979.75429,MW,DE,DE_LU,actual_onshore_wind_generation,Wind Onshore,2026-06-27T21:08:22Z
2026-06-27T21:06:46Z,2026-06-27T23:06:46+0200,44400f30-2862-403b-aedb-c9bc80837e62,2026-06-15T09:15:00Z,2026-06-15T11:15:00+0200,26080.52591,MW,DE,DE_LU,actual_onshore_wind_generation,Wind Onshore,2026-06-27T21:08:22Z
2026-06-27T21:06:46Z,2026-06-27T23:06:46+0200,44400f30-2862-403b-aedb-c9bc80837e62,2026-06-15T09:30:00Z,2026-06-15T11:30:00+0200,25670.14549,MW,DE,DE_LU,actual_onshore_wind_generation,Wind Onshore,2026-06-27T21:08:22Z
2026-06-27T21:06:46Z,2026-06-27T23:06:46+0200,44400f30-2862-403b-aedb-c9bc80837e62,2026-06-15T09:45:00Z,2026-06-15T11:45:00+0200,25458.56536,MW,DE,DE_LU,actual_onshore_wind_generation,Wind Onshore,2026-06-27T21:08:22Z
2026-06-27T21:06:46Z,2026-06-27T23:06:46+0200,44400f30-2862-403b-aedb-c9bc80837e62,2026-06-15T10:00:00Z,2026-06-15T12:00:00+0200,25428.26057,MW,DE,DE_LU,actual_onshore_wind_generation,Wind Onshore,2026-06-27T21:08:22Z
2026-06-27T21:06:46Z,2026-06-27T23:06:46+0200,44400f30-2862-403b-aedb-c9bc80837e62,2026-06-15T10:15:00Z,2026-06-15T12:15:00+0200,25200.55705,MW,DE,DE_LU,actual_onshore_wind_generation,Wind Onshore,2026-06-27T21:08:22Z
2026-06-27T21:06:46Z,2026-06-27T23:06:46+0200,44400f30-2862-403b-aedb-c9bc80837e62,2026-06-15T10:30:00Z,2026-06-15T12:30:00+0200,25319.93922,MW,DE,DE_LU,actual_onshore_wind_generation,Wind Onshore,2026-06-27T21:08:22Z
2026-06-27T21:06:46Z,2026-06-27T23:06:46+0200,44400f30-2862-403b-aedb-c9bc80837e62,2026-06-15T10:45:00Z,2026-06-15T12:45:00+0200,25361.17735,MW,DE,DE_LU,actual_onshore_wind_generation,Wind Onshore,2026-06-27T21:08:22Z
2026-06-27T21:06:46Z,2026-06-27T23:06:46+0200,44400f30-2862-403b-aedb-c9bc80837e62,2026-06-15T11:00:00Z,2026-06-15T13:00:00+0200,25704.73685,MW,DE,DE_LU,actual_onshore_wind_generation,Wind Onshore,2026-06-27T21:08:22Z
2026-06-27T21:06:46Z,2026-06-27T23:06:46+0200,44400f30-2862-403b-aedb-c9bc80837e62,2026-06-15T11:15:00Z,2026-06-15T13:15:00+0200,25096.09654,MW,DE,DE_LU,actual_onshore_wind_generation,Wind Onshore,2026-06-27T21:08:22Z
2026-06-27T21:06:46Z,2026-06-27T23:06:46+0200,44400f30-2862-403b-aedb-c9bc80837e62,2026-06-15T11:30:00Z,2026-06-15T13:30:00+0200,25066.94241,MW,DE,DE_LU,actual_onshore_wind_generation,Wind Onshore,2026-06-27T21:08:22Z
2026-06-27T21:06:46Z,2026-06-27T23:06:46+0200,44400f30-2862-403b-aedb-c9bc80837e62,2026-06-15T11:45:00Z,2026-06-15T13:45:00+0200,24928.67134,MW,DE,DE_LU,actual_onshore_wind_generation,Wind Onshore,2026-06-27T21:08:22Z
2026-06-27T21:06:46Z,2026-06-27T23:06:46+0200,44400f30-2862-403b-aedb-c9bc80837e62,2026-06-15T12:00:00Z,2026-06-15T14:00:00+0200,25225.78128,MW,DE,DE_LU,actual_onshore_wind_generation,Wind Onshore,2026-06-27T21:08:22Z
2026-06-27T21:06:46Z,2026-06-27T23:06:46+0200,44400f30-2862-403b-aedb-c9bc80837e62,2026-06-15T12:15:00Z,2026-06-15T14:15:00+0200,25719.80543,MW,DE,DE_LU,actual_onshore_wind_generation,Wind Onshore,2026-06-27T21:08:22Z
2026-06-27T21:06:46Z,2026-06-27T23:06:46+0200,44400f30-2862-403b-aedb-c9bc80837e62,2026-06-15T12:30:00Z,2026-06-15T14:30:00+0200,25846.05505,MW,DE,DE_LU,actual_onshore_wind_generation,Wind Onshore,2026-06-27T21:08:22Z
2026-06-27T21:06:46Z,2026-06-27T23:06:46+0200,44400f30-2862-403b-aedb-c9bc80837e62,2026-06-15T12:45:00Z,2026-06-15T14:45:00+0200,25469.81978,MW,DE,DE_LU,actual_onshore_wind_generation,Wind Onshore,2026-06-27T21:08:22Z
2026-06-27T21:06:46Z,2026-06-27T23:06:46+0200,44400f30-2862-403b-aedb-c9bc80837e62,2026-06-15T13:00:00Z,2026-06-15T15:00:00+0200,25008.79334,MW,DE,DE_LU,actual_onshore_wind_generation,Wind Onshore,2026-06-27T21:08:22Z
2026-06-27T21:06:46Z,2026-06-27T23:06:46+0200,44400f30-2862-403b-aedb-c9bc80837e62,2026-06-15T13:15:00Z,2026-06-15T15:15:00+0200,24964.95358,MW,DE,DE_LU,actual_onshore_wind_generation,Wind Onshore,2026-06-27T21:08:22Z
2026-06-27T21:06:46Z,2026-06-27T23:06:46+0200,44400f30-2862-403b-aedb-c9bc80837e62,2026-06-15T13:30:00Z,2026-06-15T15:30:00+0200,24771.01294,MW,DE,DE_LU,actual_onshore_wind_generation,Wind Onshore,2026-06-27T21:08:22Z
2026-06-27T21:06:46Z,2026-06-27T23:06:46+0200,44400f30-2862-403b-aedb-c9bc80837e62,2026-06-15T13:45:00Z,2026-06-15T15:45:00+0200,24610.97565,MW,DE,DE_LU,actual_onshore_wind_generation,Wind Onshore,2026-06-27T21:08:22Z
2026-06-27T21:06:46Z,2026-06-27T23:06:46+0200,44400f30-2862-403b-aedb-c9bc80837e62,2026-06-15T14:00:00Z,2026-06-15T16:00:00+0200,24510.52144,MW,DE,DE_LU,actual_onshore_wind_generation,Wind Onshore,2026-06-27T21:08:22Z
2026-06-27T21:06:46Z,2026-06-27T23:06:46+0200,44400f30-2862-403b-aedb-c9bc80837e62,2026-06-15T14:15:00Z,2026-06-15T16:15:00+0200,24436.72473,MW,DE,DE_LU,actual_onshore_wind_generation,Wind Onshore,2026-06-27T21:08:22Z
2026-06-27T21:06:46Z,2026-06-27T23:06:46+0200,44400f30-2862-403b-aedb-c9bc80837e62,2026-06-15T14:30:00Z,2026-06-15T16:30:00+0200,23796.76601,MW,DE,DE_LU,actual_onshore_wind_generation,Wind Onshore,2026-06-27T21:08:22Z
2026-06-27T21:06:46Z,2026-06-27T23:06:46+0200,44400f30-2862-403b-aedb-c9bc80837e62,2026-06-15T14:45:00Z,2026-06-15T16:45:00+0200,23558.49856,MW,DE,DE_LU,actual_onshore_wind_generation,Wind Onshore,2026-06-27T21:08:22Z
2026-06-27T21:06:46Z,2026-06-27T23:06:46+0200,44400f30-2862-403b-aedb-c9bc80837e62,2026-06-15T15:00:00Z,2026-06-15T17:00:00+0200,23609.76981,MW,DE,DE_LU,actual_onshore_wind_generation,Wind Onshore,2026-06-27T21:08:22Z
2026-06-27T21:06:46Z,2026-06-27T23:06:46+0200,44400f30-2862-403b-aedb-c9bc80837e62,2026-06-15T15:15:00Z,2026-06-15T17:15:00+0200,23773.55703,MW,DE,DE_LU,actual_onshore_wind_generation,Wind Onshore,2026-06-27T21:08:22Z
2026-06-27T21:06:46Z,2026-06-27T23:06:46+0200,44400f30-2862-403b-aedb-c9bc80837e62,2026-06-15T15:30:00Z,2026-06-15T17:30:00+0200,23727.78034,MW,DE,DE_LU,actual_onshore_wind_generation,Wind Onshore,2026-06-27T21:08:22Z
2026-06-27T21:06:46Z,2026-06-27T23:06:46+0200,44400f30-2862-403b-aedb-c9bc80837e62,2026-06-15T15:45:00Z,2026-06-15T17:45:00+0200,23542.28175,MW,DE,DE_LU,actual_onshore_wind_generation,Wind Onshore,2026-06-27T21:08:22Z
2026-06-27T21:06:46Z,2026-06-27T23:06:46+0200,44400f30-2862-403b-aedb-c9bc80837e62,2026-06-15T16:00:00Z,2026-06-15T18:00:00+0200,23068.6943,MW,DE,DE_LU,actual_onshore_wind_generation,Wind Onshore,2026-06-27T21:08:22Z
2026-06-27T21:06:46Z,2026-06-27T23:06:46+0200,44400f30-2862-403b-aedb-c9bc80837e62,2026-06-15T16:15:00Z,2026-06-15T18:15:00+0200,22547.85327,MW,DE,DE_LU,actual_onshore_wind_generation,Wind Onshore,2026-06-27T21:08:22Z
2026-06-27T21:06:46Z,2026-06-27T23:06:46+0200,44400f30-2862-403b-aedb-c9bc80837e62,2026-06-15T16:30:00Z,2026-06-15T18:30:00+0200,21877.66439,MW,DE,DE_LU,actual_onshore_wind_generation,Wind Onshore,2026-06-27T21:08:22Z
2026-06-27T21:06:46Z,2026-06-27T23:06:46+0200,44400f30-2862-403b-aedb-c9bc80837e62,2026-06-15T16:45:00Z,2026-06-15T18:45:00+0200,20602.8177,MW,DE,DE_LU,actual_onshore_wind_generation,Wind Onshore,2026-06-27T21:08:22Z
2026-06-27T21:06:46Z,2026-06-27T23:06:46+0200,44400f30-2862-403b-aedb-c9bc80837e62,2026-06-15T17:00:00Z,2026-06-15T19:00:00+0200,20010.54669,MW,DE,DE_LU,actual_onshore_wind_generation,Wind Onshore,2026-06-27T21:08:22Z
2026-06-27T21:06:46Z,2026-06-27T23:06:46+0200,44400f30-2862-403b-aedb-c9bc80837e62,2026-06-15T17:15:00Z,2026-06-15T19:15:00+0200,19477.57921,MW,DE,DE_LU,actual_onshore_wind_generation,Wind Onshore,2026-06-27T21:08:22Z
2026-06-27T21:06:46Z,2026-06-27T23:06:46+0200,44400f30-2862-403b-aedb-c9bc80837e62,2026-06-15T17:30:00Z,2026-06-15T19:30:00+0200,18734.4171,MW,DE,DE_LU,actual_onshore_wind_generation,Wind Onshore,2026-06-27T21:08:22Z
2026-06-27T21:06:46Z,2026-06-27T23:06:46+0200,44400f30-2862-403b-aedb-c9bc80837e62,2026-06-15T17:45:00Z,2026-06-15T19:45:00+0200,17815.06951,MW,DE,DE_LU,actual_onshore_wind_generation,Wind Onshore,2026-06-27T21:08:22Z
2026-06-27T21:06:46Z,2026-06-27T23:06:46+0200,44400f30-2862-403b-aedb-c9bc80837e62,2026-06-15T18:00:00Z,2026-06-15T20:00:00+0200,17144.3064,MW,DE,DE_LU,actual_onshore_wind_generation,Wind Onshore,2026-06-27T21:08:22Z
2026-06-27T21:06:46Z,2026-06-27T23:06:46+0200,44400f30-2862-403b-aedb-c9bc80837e62,2026-06-15T18:15:00Z,2026-06-15T20:15:00+0200,16342.33559,MW,DE,DE_LU,actual_onshore_wind_generation,Wind Onshore,2026-06-27T21:08:22Z
2026-06-27T21:06:46Z,2026-06-27T23:06:46+0200,44400f30-2862-403b-aedb-c9bc80837e62,2026-06-15T18:30:00Z,2026-06-15T20:30:00+0200,15210.22303,MW,DE,DE_LU,actual_onshore_wind_generation,Wind Onshore,2026-06-27T21:08:22Z
2026-06-27T21:06:46Z,2026-06-27T23:06:46+0200,44400f30-2862-403b-aedb-c9bc80837e62,2026-06-15T18:45:00Z,2026-06-15T20:45:00+0200,14451.07368,MW,DE,DE_LU,actual_onshore_wind_generation,Wind Onshore,2026-06-27T21:08:22Z
2026-06-27T21:06:46Z,2026-06-27T23:06:46+0200,44400f30-2862-403b-aedb-c9bc80837e62,2026-06-15T19:00:00Z,2026-06-15T21:00:00+0200,13859.74101,MW,DE,DE_LU,actual_onshore_wind_generation,Wind Onshore,2026-06-27T21:08:22Z
2026-06-27T21:06:46Z,2026-06-27T23:06:46+0200,44400f30-2862-403b-aedb-c9bc80837e62,2026-06-15T19:15:00Z,2026-06-15T21:15:00+0200,13220.26845,MW,DE,DE_LU,actual_onshore_wind_generation,Wind Onshore,2026-06-27T21:08:22Z
2026-06-27T21:06:46Z,2026-06-27T23:06:46+0200,44400f30-2862-403b-aedb-c9bc80837e62,2026-06-15T19:30:00Z,2026-06-15T21:30:00+0200,12609.85298,MW,DE,DE_LU,actual_onshore_wind_generation,Wind Onshore,2026-06-27T21:08:22Z
2026-06-27T21:06:46Z,2026-06-27T23:06:46+0200,44400f30-2862-403b-aedb-c9bc80837e62,2026-06-15T19:45:00Z,2026-06-15T21:45:00+0200,12038.41342,MW,DE,DE_LU,actual_onshore_wind_generation,Wind Onshore,2026-06-27T21:08:22Z
2026-06-27T21:06:46Z,2026-06-27T23:06:46+0200,44400f30-2862-403b-aedb-c9bc80837e62,2026-06-15T20:00:00Z,2026-06-15T22:00:00+0200,11371.31309,MW,DE,DE_LU,actual_onshore_wind_generation,Wind Onshore,2026-06-27T21:08:22Z
2026-06-27T21:06:46Z,2026-06-27T23:06:46+0200,44400f30-2862-403b-aedb-c9bc80837e62,2026-06-15T20:15:00Z,2026-06-15T22:15:00+0200,11211.38023,MW,DE,DE_LU,actual_onshore_wind_generation,Wind Onshore,2026-06-27T21:08:22Z
2026-06-27T21:06:46Z,2026-06-27T23:06:46+0200,44400f30-2862-403b-aedb-c9bc80837e62,2026-06-15T20:30:00Z,2026-06-15T22:30:00+0200,11066.39285,MW,DE,DE_LU,actual_onshore_wind_generation,Wind Onshore,2026-06-27T21:08:22Z
2026-06-27T21:06:46Z,2026-06-27T23:06:46+0200,44400f30-2862-403b-aedb-c9bc80837e62,2026-06-15T20:45:00Z,2026-06-15T22:45:00+0200,10935.41145,MW,DE,DE_LU,actual_onshore_wind_generation,Wind Onshore,2026-06-27T21:08:22Z
2026-06-27T21:06:46Z,2026-06-27T23:06:46+0200,44400f30-2862-403b-aedb-c9bc80837e62,2026-06-15T21:00:00Z,2026-06-15T23:00:00+0200,10699.81208,MW,DE,DE_LU,actual_onshore_wind_generation,Wind Onshore,2026-06-27T21:08:22Z
2026-06-27T21:06:46Z,2026-06-27T23:06:46+0200,44400f30-2862-403b-aedb-c9bc80837e62,2026-06-15T21:15:00Z,2026-06-15T23:15:00+0200,10592.95978,MW,DE,DE_LU,actual_onshore_wind_generation,Wind Onshore,2026-06-27T21:08:22Z
2026-06-27T21:06:46Z,2026-06-27T23:06:46+0200,44400f30-2862-403b-aedb-c9bc80837e62,2026-06-15T21:30:00Z,2026-06-15T23:30:00+0200,10530.86718,MW,DE,DE_LU,actual_onshore_wind_generation,Wind Onshore,2026-06-27T21:08:22Z
2026-06-27T21:06:46Z,2026-06-27T23:06:46+0200,44400f30-2862-403b-aedb-c9bc80837e62,2026-06-15T21:45:00Z,2026-06-15T23:45:00+0200,10275.84265,MW,DE,DE_LU,actual_onshore_wind_generation,Wind Onshore,2026-06-27T21:08:22Z
2026-06-27T21:06:46Z,2026-06-27T23:06:46+0200,44400f30-2862-403b-aedb-c9bc80837e62,2026-06-15T22:00:00Z,2026-06-16T00:00:00+0200,10014.83387,MW,DE,DE_LU,actual_onshore_wind_generation,Wind Onshore,2026-06-27T21:08:22Z
2026-06-27T21:06:46Z,2026-06-27T23:06:46+0200,44400f30-2862-403b-aedb-c9bc80837e62,2026-06-15T22:15:00Z,2026-06-16T00:15:00+0200,9852.08721,MW,DE,DE_LU,actual_onshore_wind_generation,Wind Onshore,2026-06-27T21:08:22Z
2026-06-27T21:06:46Z,2026-06-27T23:06:46+0200,44400f30-2862-403b-aedb-c9bc80837e62,2026-06-15T22:30:00Z,2026-06-16T00:30:00+0200,9510.14136,MW,DE,DE_LU,actual_onshore_wind_generation,Wind Onshore,2026-06-27T21:08:22Z
2026-06-27T21:06:46Z,2026-06-27T23:06:46+0200,44400f30-2862-403b-aedb-c9bc80837e62,2026-06-15T22:45:00Z,2026-06-16T00:45:00+0200,9221.30098,MW,DE,DE_LU,actual_onshore_wind_generation,Wind Onshore,2026-06-27T21:08:22Z
2026-06-27T21:06:46Z,2026-06-27T23:06:46+0200,44400f30-2862-403b-aedb-c9bc80837e62,2026-06-15T23:00:00Z,2026-06-16T01:00:00+0200,8975.70373,MW,DE,DE_LU,actual_onshore_wind_generation,Wind Onshore,2026-06-27T21:08:22Z
2026-06-27T21:06:46Z,2026-06-27T23:06:46+0200,44400f30-2862-403b-aedb-c9bc80837e62,2026-06-15T23:15:00Z,2026-06-16T01:15:00+0200,8562.47359,MW,DE,DE_LU,actual_onshore_wind_generation,Wind Onshore,2026-06-27T21:08:22Z
2026-06-27T21:06:46Z,2026-06-27T23:06:46+0200,44400f30-2862-403b-aedb-c9bc80837e62,2026-06-15T23:30:00Z,2026-06-16T01:30:00+0200,8396.28727,MW,DE,DE_LU,actual_onshore_wind_generation,Wind Onshore,2026-06-27T21:08:22Z
2026-06-27T21:06:46Z,2026-06-27T23:06:46+0200,44400f30-2862-403b-aedb-c9bc80837e62,2026-06-15T23:45:00Z,2026-06-16T01:45:00+0200,8287.75609,MW,DE,DE_LU,actual_onshore_wind_generation,Wind Onshore,2026-06-27T21:08:22Z
2026-06-27T21:06:46Z,2026-06-27T23:06:46+0200,44400f30-2862-403b-aedb-c9bc80837e62,2026-06-16T00:00:00Z,2026-06-16T02:00:00+0200,8092.73628,MW,DE,DE_LU,actual_onshore_wind_generation,Wind Onshore,2026-06-27T21:08:22Z
2026-06-27T21:06:46Z,2026-06-27T23:06:46+0200,44400f30-2862-403b-aedb-c9bc80837e62,2026-06-16T00:15:00Z,2026-06-16T02:15:00+0200,8038.82482,MW,DE,DE_LU,actual_onshore_wind_generation,Wind Onshore,2026-06-27T21:08:22Z
2026-06-27T21:06:46Z,2026-06-27T23:06:46+0200,44400f30-2862-403b-aedb-c9bc80837e62,2026-06-16T00:30:00Z,2026-06-16T02:30:00+0200,8016.59075,MW,DE,DE_LU,actual_onshore_wind_generation,Wind Onshore,2026-06-27T21:08:22Z
2026-06-27T21:06:46Z,2026-06-27T23:06:46+0200,44400f30-2862-403b-aedb-c9bc80837e62,2026-06-16T00:45:00Z,2026-06-16T02:45:00+0200,7861.61959,MW,DE,DE_LU,actual_onshore_wind_generation,Wind Onshore,2026-06-27T21:08:22Z
2026-06-27T21:06:46Z,2026-06-27T23:06:46+0200,44400f30-2862-403b-aedb-c9bc80837e62,2026-06-16T01:00:00Z,2026-06-16T03:00:00+0200,7692.84975,MW,DE,DE_LU,actual_onshore_wind_generation,Wind Onshore,2026-06-27T21:08:22Z
2026-06-27T21:06:46Z,2026-06-27T23:06:46+0200,44400f30-2862-403b-aedb-c9bc80837e62,2026-06-16T01:15:00Z,2026-06-16T03:15:00+0200,7743.2093,MW,DE,DE_LU,actual_onshore_wind_generation,Wind Onshore,2026-06-27T21:08:22Z
2026-06-27T21:06:46Z,2026-06-27T23:06:46+0200,44400f30-2862-403b-aedb-c9bc80837e62,2026-06-16T01:30:00Z,2026-06-16T03:30:00+0200,7662.94878,MW,DE,DE_LU,actual_onshore_wind_generation,Wind Onshore,2026-06-27T21:08:22Z
2026-06-27T21:06:46Z,2026-06-27T23:06:46+0200,44400f30-2862-403b-aedb-c9bc80837e62,2026-06-16T01:45:00Z,2026-06-16T03:45:00+0200,7446.92166,MW,DE,DE_LU,actual_onshore_wind_generation,Wind Onshore,2026-06-27T21:08:22Z
2026-06-27T21:06:46Z,2026-06-27T23:06:46+0200,44400f30-2862-403b-aedb-c9bc80837e62,2026-06-16T02:00:00Z,2026-06-16T04:00:00+0200,7208.98007,MW,DE,DE_LU,actual_onshore_wind_generation,Wind Onshore,2026-06-27T21:08:22Z
2026-06-27T21:06:46Z,2026-06-27T23:06:46+0200,44400f30-2862-403b-aedb-c9bc80837e62,2026-06-16T02:15:00Z,2026-06-16T04:15:00+0200,7170.44869,MW,DE,DE_LU,actual_onshore_wind_generation,Wind Onshore,2026-06-27T21:08:22Z
2026-06-27T21:06:46Z,2026-06-27T23:06:46+0200,44400f30-2862-403b-aedb-c9bc80837e62,2026-06-16T02:30:00Z,2026-06-16T04:30:00+0200,7292.9522,MW,DE,DE_LU,actual_onshore_wind_generation,Wind Onshore,2026-06-27T21:08:22Z
2026-06-27T21:06:46Z,2026-06-27T23:06:46+0200,44400f30-2862-403b-aedb-c9bc80837e62,2026-06-16T02:45:00Z,2026-06-16T04:45:00+0200,7474.47922,MW,DE,DE_LU,actual_onshore_wind_generation,Wind Onshore,2026-06-27T21:08:22Z
2026-06-27T21:06:46Z,2026-06-27T23:06:46+0200,44400f30-2862-403b-aedb-c9bc80837e62,2026-06-16T03:00:00Z,2026-06-16T05:00:00+0200,7598.77902,MW,DE,DE_LU,actual_onshore_wind_generation,Wind Onshore,2026-06-27T21:08:22Z
2026-06-27T21:06:46Z,2026-06-27T23:06:46+0200,44400f30-2862-403b-aedb-c9bc80837e62,2026-06-16T03:15:00Z,2026-06-16T05:15:00+0200,7801.31117,MW,DE,DE_LU,actual_onshore_wind_generation,Wind Onshore,2026-06-27T21:08:22Z
2026-06-27T21:06:46Z,2026-06-27T23:06:46+0200,44400f30-2862-403b-aedb-c9bc80837e62,2026-06-16T03:30:00Z,2026-06-16T05:30:00+0200,7864.14271,MW,DE,DE_LU,actual_onshore_wind_generation,Wind Onshore,2026-06-27T21:08:22Z
2026-06-27T21:06:46Z,2026-06-27T23:06:46+0200,44400f30-2862-403b-aedb-c9bc80837e62,2026-06-16T03:45:00Z,2026-06-16T05:45:00+0200,8047.02766,MW,DE,DE_LU,actual_onshore_wind_generation,Wind Onshore,2026-06-27T21:08:22Z
2026-06-27T21:06:46Z,2026-06-27T23:06:46+0200,44400f30-2862-403b-aedb-c9bc80837e62,2026-06-16T04:00:00Z,2026-06-16T06:00:00+0200,8263.19682,MW,DE,DE_LU,actual_onshore_wind_generation,Wind Onshore,2026-06-27T21:08:22Z
2026-06-27T21:06:46Z,2026-06-27T23:06:46+0200,44400f30-2862-403b-aedb-c9bc80837e62,2026-06-16T04:15:00Z,2026-06-16T06:15:00+0200,8094.42858,MW,DE,DE_LU,actual_onshore_wind_generation,Wind Onshore,2026-06-27T21:08:22Z
2026-06-27T21:06:46Z,2026-06-27T23:06:46+0200,44400f30-2862-403b-aedb-c9bc80837e62,2026-06-16T04:30:00Z,2026-06-16T06:30:00+0200,7911.55749,MW,DE,DE_LU,actual_onshore_wind_generation,Wind Onshore,2026-06-27T21:08:22Z
2026-06-27T21:06:46Z,2026-06-27T23:06:46+0200,44400f30-2862-403b-aedb-c9bc80837e62,2026-06-16T04:45:00Z,2026-06-16T06:45:00+0200,7908.61529,MW,DE,DE_LU,actual_onshore_wind_generation,Wind Onshore,2026-06-27T21:08:22Z
2026-06-27T21:06:46Z,2026-06-27T23:06:46+0200,44400f30-2862-403b-aedb-c9bc80837e62,2026-06-16T05:00:00Z,2026-06-16T07:00:00+0200,7745.27667,MW,DE,DE_LU,actual_onshore_wind_generation,Wind Onshore,2026-06-27T21:08:22Z
2026-06-27T21:06:46Z,2026-06-27T23:06:46+0200,44400f30-2862-403b-aedb-c9bc80837e62,2026-06-16T05:15:00Z,2026-06-16T07:15:00+0200,7352.1552,MW,DE,DE_LU,actual_onshore_wind_generation,Wind Onshore,2026-06-27T21:08:22Z
2026-06-27T21:06:46Z,2026-06-27T23:06:46+0200,44400f30-2862-403b-aedb-c9bc80837e62,2026-06-16T05:30:00Z,2026-06-16T07:30:00+0200,7089.13417,MW,DE,DE_LU,actual_onshore_wind_generation,Wind Onshore,2026-06-27T21:08:22Z
2026-06-27T21:06:46Z,2026-06-27T23:06:46+0200,44400f30-2862-403b-aedb-c9bc80837e62,2026-06-16T05:45:00Z,2026-06-16T07:45:00+0200,6972.75772,MW,DE,DE_LU,actual_onshore_wind_generation,Wind Onshore,2026-06-27T21:08:22Z
2026-06-27T21:06:46Z,2026-06-27T23:06:46+0200,44400f30-2862-403b-aedb-c9bc80837e62,2026-06-16T06:00:00Z,2026-06-16T08:00:00+0200,6770.00472,MW,DE,DE_LU,actual_onshore_wind_generation,Wind Onshore,2026-06-27T21:08:22Z
2026-06-27T21:06:46Z,2026-06-27T23:06:46+0200,44400f30-2862-403b-aedb-c9bc80837e62,2026-06-16T06:15:00Z,2026-06-16T08:15:00+0200,6394.88795,MW,DE,DE_LU,actual_onshore_wind_generation,Wind Onshore,2026-06-27T21:08:22Z
2026-06-27T21:06:46Z,2026-06-27T23:06:46+0200,44400f30-2862-403b-aedb-c9bc80837e62,2026-06-16T06:30:00Z,2026-06-16T08:30:00+0200,6074.52872,MW,DE,DE_LU,actual_onshore_wind_generation,Wind Onshore,2026-06-27T21:08:22Z
2026-06-27T21:06:46Z,2026-06-27T23:06:46+0200,44400f30-2862-403b-aedb-c9bc80837e62,2026-06-16T06:45:00Z,2026-06-16T08:45:00+0200,5867.76558,MW,DE,DE_LU,actual_onshore_wind_generation,Wind Onshore,2026-06-27T21:08:22Z
2026-06-27T21:06:46Z,2026-06-27T23:06:46+0200,44400f30-2862-403b-aedb-c9bc80837e62,2026-06-16T07:00:00Z,2026-06-16T09:00:00+0200,5727.11288,MW,DE,DE_LU,actual_onshore_wind_generation,Wind Onshore,2026-06-27T21:08:22Z
2026-06-27T21:06:46Z,2026-06-27T23:06:46+0200,44400f30-2862-403b-aedb-c9bc80837e62,2026-06-16T07:15:00Z,2026-06-16T09:15:00+0200,5534.05662,MW,DE,DE_LU,actual_onshore_wind_generation,Wind Onshore,2026-06-27T21:08:22Z
2026-06-27T21:06:46Z,2026-06-27T23:06:46+0200,44400f30-2862-403b-aedb-c9bc80837e62,2026-06-16T07:30:00Z,2026-06-16T09:30:00+0200,5397.12003,MW,DE,DE_LU,actual_onshore_wind_generation,Wind Onshore,2026-06-27T21:08:22Z
2026-06-27T21:06:46Z,2026-06-27T23:06:46+0200,44400f30-2862-403b-aedb-c9bc80837e62,2026-06-16T07:45:00Z,2026-06-16T09:45:00+0200,5344.87755,MW,DE,DE_LU,actual_onshore_wind_generation,Wind Onshore,2026-06-27T21:08:22Z
2026-06-27T21:06:46Z,2026-06-27T23:06:46+0200,44400f30-2862-403b-aedb-c9bc80837e62,2026-06-16T08:00:00Z,2026-06-16T10:00:00+0200,5250.91448,MW,DE,DE_LU,actual_onshore_wind_generation,Wind Onshore,2026-06-27T21:08:22Z
2026-06-27T21:06:46Z,2026-06-27T23:06:46+0200,44400f30-2862-403b-aedb-c9bc80837e62,2026-06-16T08:15:00Z,2026-06-16T10:15:00+0200,5136.34884,MW,DE,DE_LU,actual_onshore_wind_generation,Wind Onshore,2026-06-27T21:08:22Z
2026-06-27T21:06:46Z,2026-06-27T23:06:46+0200,44400f30-2862-403b-aedb-c9bc80837e62,2026-06-16T08:30:00Z,2026-06-16T10:30:00+0200,5113.35566,MW,DE,DE_LU,actual_onshore_wind_generation,Wind Onshore,2026-06-27T21:08:22Z
2026-06-27T21:06:46Z,2026-06-27T23:06:46+0200,44400f30-2862-403b-aedb-c9bc80837e62,2026-06-16T08:45:00Z,2026-06-16T10:45:00+0200,5018.96755,MW,DE,DE_LU,actual_onshore_wind_generation,Wind Onshore,2026-06-27T21:08:22Z
2026-06-27T21:06:46Z,2026-06-27T23:06:46+0200,44400f30-2862-403b-aedb-c9bc80837e62,2026-06-16T09:00:00Z,2026-06-16T11:00:00+0200,5028.74339,MW,DE,DE_LU,actual_onshore_wind_generation,Wind Onshore,2026-06-27T21:08:22Z
2026-06-27T21:06:46Z,2026-06-27T23:06:46+0200,44400f30-2862-403b-aedb-c9bc80837e62,2026-06-16T09:15:00Z,2026-06-16T11:15:00+0200,4835.51128,MW,DE,DE_LU,actual_onshore_wind_generation,Wind Onshore,2026-06-27T21:08:22Z
2026-06-27T21:06:46Z,2026-06-27T23:06:46+0200,44400f30-2862-403b-aedb-c9bc80837e62,2026-06-16T09:30:00Z,2026-06-16T11:30:00+0200,4647.23566,MW,DE,DE_LU,actual_onshore_wind_generation,Wind Onshore,2026-06-27T21:08:22Z
2026-06-27T21:06:46Z,2026-06-27T23:06:46+0200,44400f30-2862-403b-aedb-c9bc80837e62,2026-06-16T09:45:00Z,2026-06-16T11:45:00+0200,4593.67212,MW,DE,DE_LU,actual_onshore_wind_generation,Wind Onshore,2026-06-27T21:08:22Z
2026-06-27T21:06:46Z,2026-06-27T23:06:46+0200,44400f30-2862-403b-aedb-c9bc80837e62,2026-06-16T10:00:00Z,2026-06-16T12:00:00+0200,4594.70797,MW,DE,DE_LU,actual_onshore_wind_generation,Wind Onshore,2026-06-27T21:08:22Z
2026-06-27T21:06:46Z,2026-06-27T23:06:46+0200,44400f30-2862-403b-aedb-c9bc80837e62,2026-06-16T10:15:00Z,2026-06-16T12:15:00+0200,4642.74935,MW,DE,DE_LU,actual_onshore_wind_generation,Wind Onshore,2026-06-27T21:08:22Z
2026-06-27T21:06:46Z,2026-06-27T23:06:46+0200,44400f30-2862-403b-aedb-c9bc80837e62,2026-06-16T10:30:00Z,2026-06-16T12:30:00+0200,4764.92954,MW,DE,DE_LU,actual_onshore_wind_generation,Wind Onshore,2026-06-27T21:08:22Z
2026-06-27T21:06:46Z,2026-06-27T23:06:46+0200,44400f30-2862-403b-aedb-c9bc80837e62,2026-06-16T10:45:00Z,2026-06-16T12:45:00+0200,4949.01462,MW,DE,DE_LU,actual_onshore_wind_generation,Wind Onshore,2026-06-27T21:08:22Z
2026-06-27T21:06:46Z,2026-06-27T23:06:46+0200,44400f30-2862-403b-aedb-c9bc80837e62,2026-06-16T11:00:00Z,2026-06-16T13:00:00+0200,5206.77624,MW,DE,DE_LU,actual_onshore_wind_generation,Wind Onshore,2026-06-27T21:08:22Z
2026-06-27T21:06:46Z,2026-06-27T23:06:46+0200,44400f30-2862-403b-aedb-c9bc80837e62,2026-06-16T11:15:00Z,2026-06-16T13:15:00+0200,5483.48421,MW,DE,DE_LU,actual_onshore_wind_generation,Wind Onshore,2026-06-27T21:08:22Z
2026-06-27T21:06:46Z,2026-06-27T23:06:46+0200,44400f30-2862-403b-aedb-c9bc80837e62,2026-06-16T11:30:00Z,2026-06-16T13:30:00+0200,5804.02581,MW,DE,DE_LU,actual_onshore_wind_generation,Wind Onshore,2026-06-27T21:08:22Z
2026-06-27T21:06:46Z,2026-06-27T23:06:46+0200,44400f30-2862-403b-aedb-c9bc80837e62,2026-06-16T11:45:00Z,2026-06-16T13:45:00+0200,6028.54581,MW,DE,DE_LU,actual_onshore_wind_generation,Wind Onshore,2026-06-27T21:08:22Z
2026-06-27T21:06:46Z,2026-06-27T23:06:46+0200,44400f30-2862-403b-aedb-c9bc80837e62,2026-06-16T12:00:00Z,2026-06-16T14:00:00+0200,6208.35233,MW,DE,DE_LU,actual_onshore_wind_generation,Wind Onshore,2026-06-27T21:08:22Z
2026-06-27T21:06:46Z,2026-06-27T23:06:46+0200,44400f30-2862-403b-aedb-c9bc80837e62,2026-06-16T12:15:00Z,2026-06-16T14:15:00+0200,6390.12958,MW,DE,DE_LU,actual_onshore_wind_generation,Wind Onshore,2026-06-27T21:08:22Z
2026-06-27T21:06:46Z,2026-06-27T23:06:46+0200,44400f30-2862-403b-aedb-c9bc80837e62,2026-06-16T12:30:00Z,2026-06-16T14:30:00+0200,6086.88573,MW,DE,DE_LU,actual_onshore_wind_generation,Wind Onshore,2026-06-27T21:08:22Z
2026-06-27T21:06:46Z,2026-06-27T23:06:46+0200,44400f30-2862-403b-aedb-c9bc80837e62,2026-06-16T12:45:00Z,2026-06-16T14:45:00+0200,6055.30471,MW,DE,DE_LU,actual_onshore_wind_generation,Wind Onshore,2026-06-27T21:08:22Z
2026-06-27T21:06:46Z,2026-06-27T23:06:46+0200,44400f30-2862-403b-aedb-c9bc80837e62,2026-06-16T13:00:00Z,2026-06-16T15:00:00+0200,6183.00929,MW,DE,DE_LU,actual_onshore_wind_generation,Wind Onshore,2026-06-27T21:08:22Z
2026-06-27T21:06:46Z,2026-06-27T23:06:46+0200,44400f30-2862-403b-aedb-c9bc80837e62,2026-06-16T13:15:00Z,2026-06-16T15:15:00+0200,6269.60232,MW,DE,DE_LU,actual_onshore_wind_generation,Wind Onshore,2026-06-27T21:08:22Z
2026-06-27T21:06:46Z,2026-06-27T23:06:46+0200,44400f30-2862-403b-aedb-c9bc80837e62,2026-06-16T13:30:00Z,2026-06-16T15:30:00+0200,6461.66216,MW,DE,DE_LU,actual_onshore_wind_generation,Wind Onshore,2026-06-27T21:08:22Z
2026-06-27T21:06:46Z,2026-06-27T23:06:46+0200,44400f30-2862-403b-aedb-c9bc80837e62,2026-06-16T13:45:00Z,2026-06-16T15:45:00+0200,6471.14843,MW,DE,DE_LU,actual_onshore_wind_generation,Wind Onshore,2026-06-27T21:08:22Z
2026-06-27T21:06:46Z,2026-06-27T23:06:46+0200,44400f30-2862-403b-aedb-c9bc80837e62,2026-06-16T14:00:00Z,2026-06-16T16:00:00+0200,6441.88842,MW,DE,DE_LU,actual_onshore_wind_generation,Wind Onshore,2026-06-27T21:08:22Z
2026-06-27T21:06:46Z,2026-06-27T23:06:46+0200,44400f30-2862-403b-aedb-c9bc80837e62,2026-06-16T14:15:00Z,2026-06-16T16:15:00+0200,6551.43114,MW,DE,DE_LU,actual_onshore_wind_generation,Wind Onshore,2026-06-27T21:08:22Z
2026-06-27T21:06:46Z,2026-06-27T23:06:46+0200,44400f30-2862-403b-aedb-c9bc80837e62,2026-06-16T14:30:00Z,2026-06-16T16:30:00+0200,6508.52866,MW,DE,DE_LU,actual_onshore_wind_generation,Wind Onshore,2026-06-27T21:08:22Z
2026-06-27T21:06:46Z,2026-06-27T23:06:46+0200,44400f30-2862-403b-aedb-c9bc80837e62,2026-06-16T14:45:00Z,2026-06-16T16:45:00+0200,6413.09382,MW,DE,DE_LU,actual_onshore_wind_generation,Wind Onshore,2026-06-27T21:08:22Z
2026-06-27T21:06:46Z,2026-06-27T23:06:46+0200,44400f30-2862-403b-aedb-c9bc80837e62,2026-06-16T15:00:00Z,2026-06-16T17:00:00+0200,6421.39323,MW,DE,DE_LU,actual_onshore_wind_generation,Wind Onshore,2026-06-27T21:08:22Z
2026-06-27T21:06:46Z,2026-06-27T23:06:46+0200,44400f30-2862-403b-aedb-c9bc80837e62,2026-06-16T15:15:00Z,2026-06-16T17:15:00+0200,6344.42199,MW,DE,DE_LU,actual_onshore_wind_generation,Wind Onshore,2026-06-27T21:08:22Z
2026-06-27T21:06:46Z,2026-06-27T23:06:46+0200,44400f30-2862-403b-aedb-c9bc80837e62,2026-06-16T15:30:00Z,2026-06-16T17:30:00+0200,6484.77855,MW,DE,DE_LU,actual_onshore_wind_generation,Wind Onshore,2026-06-27T21:08:22Z
2026-06-27T21:06:46Z,2026-06-27T23:06:46+0200,44400f30-2862-403b-aedb-c9bc80837e62,2026-06-16T15:45:00Z,2026-06-16T17:45:00+0200,6594.08549,MW,DE,DE_LU,actual_onshore_wind_generation,Wind Onshore,2026-06-27T21:08:22Z
2026-06-27T21:06:46Z,2026-06-27T23:06:46+0200,44400f30-2862-403b-aedb-c9bc80837e62,2026-06-16T16:00:00Z,2026-06-16T18:00:00+0200,6652.50378,MW,DE,DE_LU,actual_onshore_wind_generation,Wind Onshore,2026-06-27T21:08:22Z
2026-06-27T21:06:46Z,2026-06-27T23:06:46+0200,44400f30-2862-403b-aedb-c9bc80837e62,2026-06-16T16:15:00Z,2026-06-16T18:15:00+0200,6813.92558,MW,DE,DE_LU,actual_onshore_wind_generation,Wind Onshore,2026-06-27T21:08:22Z
2026-06-27T21:06:46Z,2026-06-27T23:06:46+0200,44400f30-2862-403b-aedb-c9bc80837e62,2026-06-16T16:30:00Z,2026-06-16T18:30:00+0200,6717.44304,MW,DE,DE_LU,actual_onshore_wind_generation,Wind Onshore,2026-06-27T21:08:22Z
2026-06-27T21:06:46Z,2026-06-27T23:06:46+0200,44400f30-2862-403b-aedb-c9bc80837e62,2026-06-16T16:45:00Z,2026-06-16T18:45:00+0200,6386.72596,MW,DE,DE_LU,actual_onshore_wind_generation,Wind Onshore,2026-06-27T21:08:22Z
2026-06-27T21:06:46Z,2026-06-27T23:06:46+0200,44400f30-2862-403b-aedb-c9bc80837e62,2026-06-16T17:00:00Z,2026-06-16T19:00:00+0200,6063.38079,MW,DE,DE_LU,actual_onshore_wind_generation,Wind Onshore,2026-06-27T21:08:22Z
2026-06-27T21:06:46Z,2026-06-27T23:06:46+0200,44400f30-2862-403b-aedb-c9bc80837e62,2026-06-16T17:15:00Z,2026-06-16T19:15:00+0200,5878.70392,MW,DE,DE_LU,actual_onshore_wind_generation,Wind Onshore,2026-06-27T21:08:22Z
2026-06-27T21:06:46Z,2026-06-27T23:06:46+0200,44400f30-2862-403b-aedb-c9bc80837e62,2026-06-16T17:30:00Z,2026-06-16T19:30:00+0200,5652.20373,MW,DE,DE_LU,actual_onshore_wind_generation,Wind Onshore,2026-06-27T21:08:22Z
2026-06-27T21:06:46Z,2026-06-27T23:06:46+0200,44400f30-2862-403b-aedb-c9bc80837e62,2026-06-16T17:45:00Z,2026-06-16T19:45:00+0200,5603.96396,MW,DE,DE_LU,actual_onshore_wind_generation,Wind Onshore,2026-06-27T21:08:22Z
2026-06-27T21:06:46Z,2026-06-27T23:06:46+0200,44400f30-2862-403b-aedb-c9bc80837e62,2026-06-16T18:00:00Z,2026-06-16T20:00:00+0200,5565.59968,MW,DE,DE_LU,actual_onshore_wind_generation,Wind Onshore,2026-06-27T21:08:22Z
2026-06-27T21:06:46Z,2026-06-27T23:06:46+0200,44400f30-2862-403b-aedb-c9bc80837e62,2026-06-16T18:15:00Z,2026-06-16T20:15:00+0200,5463.63974,MW,DE,DE_LU,actual_onshore_wind_generation,Wind Onshore,2026-06-27T21:08:22Z
2026-06-27T21:06:46Z,2026-06-27T23:06:46+0200,44400f30-2862-403b-aedb-c9bc80837e62,2026-06-16T18:30:00Z,2026-06-16T20:30:00+0200,5412.60254,MW,DE,DE_LU,actual_onshore_wind_generation,Wind Onshore,2026-06-27T21:08:22Z
2026-06-27T21:06:46Z,2026-06-27T23:06:46+0200,44400f30-2862-403b-aedb-c9bc80837e62,2026-06-16T18:45:00Z,2026-06-16T20:45:00+0200,5439.83995,MW,DE,DE_LU,actual_onshore_wind_generation,Wind Onshore,2026-06-27T21:08:22Z
2026-06-27T21:06:46Z,2026-06-27T23:06:46+0200,44400f30-2862-403b-aedb-c9bc80837e62,2026-06-16T19:00:00Z,2026-06-16T21:00:00+0200,5490.80003,MW,DE,DE_LU,actual_onshore_wind_generation,Wind Onshore,2026-06-27T21:08:22Z
2026-06-27T21:06:46Z,2026-06-27T23:06:46+0200,44400f30-2862-403b-aedb-c9bc80837e62,2026-06-16T19:15:00Z,2026-06-16T21:15:00+0200,5645.59259,MW,DE,DE_LU,actual_onshore_wind_generation,Wind Onshore,2026-06-27T21:08:22Z
2026-06-27T21:06:46Z,2026-06-27T23:06:46+0200,44400f30-2862-403b-aedb-c9bc80837e62,2026-06-16T19:30:00Z,2026-06-16T21:30:00+0200,5643.5655,MW,DE,DE_LU,actual_onshore_wind_generation,Wind Onshore,2026-06-27T21:08:22Z
2026-06-27T21:06:46Z,2026-06-27T23:06:46+0200,44400f30-2862-403b-aedb-c9bc80837e62,2026-06-16T19:45:00Z,2026-06-16T21:45:00+0200,5450.06217,MW,DE,DE_LU,actual_onshore_wind_generation,Wind Onshore,2026-06-27T21:08:22Z
2026-06-27T21:06:46Z,2026-06-27T23:06:46+0200,44400f30-2862-403b-aedb-c9bc80837e62,2026-06-16T20:00:00Z,2026-06-16T22:00:00+0200,5437.81863,MW,DE,DE_LU,actual_onshore_wind_generation,Wind Onshore,2026-06-27T21:08:22Z
2026-06-27T21:06:46Z,2026-06-27T23:06:46+0200,44400f30-2862-403b-aedb-c9bc80837e62,2026-06-16T20:15:00Z,2026-06-16T22:15:00+0200,5534.93347,MW,DE,DE_LU,actual_onshore_wind_generation,Wind Onshore,2026-06-27T21:08:22Z
2026-06-27T21:06:46Z,2026-06-27T23:06:46+0200,44400f30-2862-403b-aedb-c9bc80837e62,2026-06-16T20:30:00Z,2026-06-16T22:30:00+0200,5489.65573,MW,DE,DE_LU,actual_onshore_wind_generation,Wind Onshore,2026-06-27T21:08:22Z
2026-06-27T21:06:46Z,2026-06-27T23:06:46+0200,44400f30-2862-403b-aedb-c9bc80837e62,2026-06-16T20:45:00Z,2026-06-16T22:45:00+0200,5413.1169,MW,DE,DE_LU,actual_onshore_wind_generation,Wind Onshore,2026-06-27T21:08:22Z
2026-06-27T21:06:46Z,2026-06-27T23:06:46+0200,44400f30-2862-403b-aedb-c9bc80837e62,2026-06-16T21:00:00Z,2026-06-16T23:00:00+0200,5420.25883,MW,DE,DE_LU,actual_onshore_wind_generation,Wind Onshore,2026-06-27T21:08:22Z
2026-06-27T21:06:46Z,2026-06-27T23:06:46+0200,44400f30-2862-403b-aedb-c9bc80837e62,2026-06-16T21:15:00Z,2026-06-16T23:15:00+0200,5421.22533,MW,DE,DE_LU,actual_onshore_wind_generation,Wind Onshore,2026-06-27T21:08:22Z
2026-06-27T21:06:46Z,2026-06-27T23:06:46+0200,44400f30-2862-403b-aedb-c9bc80837e62,2026-06-16T21:30:00Z,2026-06-16T23:30:00+0200,5314.94072,MW,DE,DE_LU,actual_onshore_wind_generation,Wind Onshore,2026-06-27T21:08:22Z
2026-06-27T21:06:46Z,2026-06-27T23:06:46+0200,44400f30-2862-403b-aedb-c9bc80837e62,2026-06-16T21:45:00Z,2026-06-16T23:45:00+0200,5151.30621,MW,DE,DE_LU,actual_onshore_wind_generation,Wind Onshore,2026-06-27T21:08:22Z
2026-06-27T21:06:46Z,2026-06-27T23:06:46+0200,44400f30-2862-403b-aedb-c9bc80837e62,2026-06-16T22:00:00Z,2026-06-17T00:00:00+0200,4897.95923,MW,DE,DE_LU,actual_onshore_wind_generation,Wind Onshore,2026-06-27T21:08:22Z
2026-06-27T21:06:46Z,2026-06-27T23:06:46+0200,44400f30-2862-403b-aedb-c9bc80837e62,2026-06-16T22:15:00Z,2026-06-17T00:15:00+0200,4603.85596,MW,DE,DE_LU,actual_onshore_wind_generation,Wind Onshore,2026-06-27T21:08:22Z
2026-06-27T21:06:46Z,2026-06-27T23:06:46+0200,44400f30-2862-403b-aedb-c9bc80837e62,2026-06-16T22:30:00Z,2026-06-17T00:30:00+0200,4333.14128,MW,DE,DE_LU,actual_onshore_wind_generation,Wind Onshore,2026-06-27T21:08:22Z
2026-06-27T21:06:46Z,2026-06-27T23:06:46+0200,44400f30-2862-403b-aedb-c9bc80837e62,2026-06-16T22:45:00Z,2026-06-17T00:45:00+0200,4084.62619,MW,DE,DE_LU,actual_onshore_wind_generation,Wind Onshore,2026-06-27T21:08:22Z
2026-06-27T21:06:46Z,2026-06-27T23:06:46+0200,44400f30-2862-403b-aedb-c9bc80837e62,2026-06-16T23:00:00Z,2026-06-17T01:00:00+0200,3856.5906,MW,DE,DE_LU,actual_onshore_wind_generation,Wind Onshore,2026-06-27T21:08:22Z
2026-06-27T21:06:46Z,2026-06-27T23:06:46+0200,44400f30-2862-403b-aedb-c9bc80837e62,2026-06-16T23:15:00Z,2026-06-17T01:15:00+0200,3666.7481,MW,DE,DE_LU,actual_onshore_wind_generation,Wind Onshore,2026-06-27T21:08:22Z
2026-06-27T21:06:46Z,2026-06-27T23:06:46+0200,44400f30-2862-403b-aedb-c9bc80837e62,2026-06-16T23:30:00Z,2026-06-17T01:30:00+0200,3460.53763,MW,DE,DE_LU,actual_onshore_wind_generation,Wind Onshore,2026-06-27T21:08:22Z
2026-06-27T21:06:46Z,2026-06-27T23:06:46+0200,44400f30-2862-403b-aedb-c9bc80837e62,2026-06-16T23:45:00Z,2026-06-17T01:45:00+0200,3251.2703,MW,DE,DE_LU,actual_onshore_wind_generation,Wind Onshore,2026-06-27T21:08:22Z
2026-06-27T21:06:46Z,2026-06-27T23:06:46+0200,44400f30-2862-403b-aedb-c9bc80837e62,2026-06-17T00:00:00Z,2026-06-17T02:00:00+0200,3064.1863,MW,DE,DE_LU,actual_onshore_wind_generation,Wind Onshore,2026-06-27T21:08:22Z
2026-06-27T21:06:46Z,2026-06-27T23:06:46+0200,44400f30-2862-403b-aedb-c9bc80837e62,2026-06-17T00:15:00Z,2026-06-17T02:15:00+0200,2842.38886,MW,DE,DE_LU,actual_onshore_wind_generation,Wind Onshore,2026-06-27T21:08:22Z
2026-06-27T21:06:46Z,2026-06-27T23:06:46+0200,44400f30-2862-403b-aedb-c9bc80837e62,2026-06-17T00:30:00Z,2026-06-17T02:30:00+0200,2665.46395,MW,DE,DE_LU,actual_onshore_wind_generation,Wind Onshore,2026-06-27T21:08:22Z
2026-06-27T21:06:46Z,2026-06-27T23:06:46+0200,44400f30-2862-403b-aedb-c9bc80837e62,2026-06-17T00:45:00Z,2026-06-17T02:45:00+0200,2532.68721,MW,DE,DE_LU,actual_onshore_wind_generation,Wind Onshore,2026-06-27T21:08:22Z
2026-06-27T21:06:46Z,2026-06-27T23:06:46+0200,44400f30-2862-403b-aedb-c9bc80837e62,2026-06-17T01:00:00Z,2026-06-17T03:00:00+0200,2440.6972,MW,DE,DE_LU,actual_onshore_wind_generation,Wind Onshore,2026-06-27T21:08:22Z
2026-06-27T21:06:46Z,2026-06-27T23:06:46+0200,44400f30-2862-403b-aedb-c9bc80837e62,2026-06-17T01:15:00Z,2026-06-17T03:15:00+0200,2353.20495,MW,DE,DE_LU,actual_onshore_wind_generation,Wind Onshore,2026-06-27T21:08:22Z
2026-06-27T21:06:46Z,2026-06-27T23:06:46+0200,44400f30-2862-403b-aedb-c9bc80837e62,2026-06-17T01:30:00Z,2026-06-17T03:30:00+0200,2223.17832,MW,DE,DE_LU,actual_onshore_wind_generation,Wind Onshore,2026-06-27T21:08:22Z
2026-06-27T21:06:46Z,2026-06-27T23:06:46+0200,44400f30-2862-403b-aedb-c9bc80837e62,2026-06-17T01:45:00Z,2026-06-17T03:45:00+0200,2051.58917,MW,DE,DE_LU,actual_onshore_wind_generation,Wind Onshore,2026-06-27T21:08:22Z
2026-06-27T21:06:46Z,2026-06-27T23:06:46+0200,44400f30-2862-403b-aedb-c9bc80837e62,2026-06-17T02:00:00Z,2026-06-17T04:00:00+0200,1894.50382,MW,DE,DE_LU,actual_onshore_wind_generation,Wind Onshore,2026-06-27T21:08:22Z
2026-06-27T21:06:46Z,2026-06-27T23:06:46+0200,44400f30-2862-403b-aedb-c9bc80837e62,2026-06-17T02:15:00Z,2026-06-17T04:15:00+0200,1760.89509,MW,DE,DE_LU,actual_onshore_wind_generation,Wind Onshore,2026-06-27T21:08:22Z
2026-06-27T21:06:46Z,2026-06-27T23:06:46+0200,44400f30-2862-403b-aedb-c9bc80837e62,2026-06-17T02:30:00Z,2026-06-17T04:30:00+0200,1709.05968,MW,DE,DE_LU,actual_onshore_wind_generation,Wind Onshore,2026-06-27T21:08:22Z
2026-06-27T21:06:46Z,2026-06-27T23:06:46+0200,44400f30-2862-403b-aedb-c9bc80837e62,2026-06-17T02:45:00Z,2026-06-17T04:45:00+0200,1661.11126,MW,DE,DE_LU,actual_onshore_wind_generation,Wind Onshore,2026-06-27T21:08:22Z
2026-06-27T21:06:46Z,2026-06-27T23:06:46+0200,44400f30-2862-403b-aedb-c9bc80837e62,2026-06-17T03:00:00Z,2026-06-17T05:00:00+0200,1580.6461,MW,DE,DE_LU,actual_onshore_wind_generation,Wind Onshore,2026-06-27T21:08:22Z
2026-06-27T21:06:46Z,2026-06-27T23:06:46+0200,44400f30-2862-403b-aedb-c9bc80837e62,2026-06-17T03:15:00Z,2026-06-17T05:15:00+0200,1596.90141,MW,DE,DE_LU,actual_onshore_wind_generation,Wind Onshore,2026-06-27T21:08:22Z
2026-06-27T21:06:46Z,2026-06-27T23:06:46+0200,44400f30-2862-403b-aedb-c9bc80837e62,2026-06-17T03:30:00Z,2026-06-17T05:30:00+0200,1564.1212,MW,DE,DE_LU,actual_onshore_wind_generation,Wind Onshore,2026-06-27T21:08:22Z
2026-06-27T21:06:46Z,2026-06-27T23:06:46+0200,44400f30-2862-403b-aedb-c9bc80837e62,2026-06-17T03:45:00Z,2026-06-17T05:45:00+0200,1439.27925,MW,DE,DE_LU,actual_onshore_wind_generation,Wind Onshore,2026-06-27T21:08:22Z
2026-06-27T21:06:46Z,2026-06-27T23:06:46+0200,44400f30-2862-403b-aedb-c9bc80837e62,2026-06-17T04:00:00Z,2026-06-17T06:00:00+0200,1397.87888,MW,DE,DE_LU,actual_onshore_wind_generation,Wind Onshore,2026-06-27T21:08:22Z
2026-06-27T21:06:46Z,2026-06-27T23:06:46+0200,44400f30-2862-403b-aedb-c9bc80837e62,2026-06-17T04:15:00Z,2026-06-17T06:15:00+0200,1375.42923,MW,DE,DE_LU,actual_onshore_wind_generation,Wind Onshore,2026-06-27T21:08:22Z
2026-06-27T21:06:46Z,2026-06-27T23:06:46+0200,44400f30-2862-403b-aedb-c9bc80837e62,2026-06-17T04:30:00Z,2026-06-17T06:30:00+0200,1363.62517,MW,DE,DE_LU,actual_onshore_wind_generation,Wind Onshore,2026-06-27T21:08:22Z
2026-06-27T21:06:46Z,2026-06-27T23:06:46+0200,44400f30-2862-403b-aedb-c9bc80837e62,2026-06-17T04:45:00Z,2026-06-17T06:45:00+0200,1368.29959,MW,DE,DE_LU,actual_onshore_wind_generation,Wind Onshore,2026-06-27T21:08:22Z
2026-06-27T21:06:46Z,2026-06-27T23:06:46+0200,44400f30-2862-403b-aedb-c9bc80837e62,2026-06-17T05:00:00Z,2026-06-17T07:00:00+0200,1370.78163,MW,DE,DE_LU,actual_onshore_wind_generation,Wind Onshore,2026-06-27T21:08:22Z
2026-06-27T21:06:46Z,2026-06-27T23:06:46+0200,44400f30-2862-403b-aedb-c9bc80837e62,2026-06-17T05:15:00Z,2026-06-17T07:15:00+0200,1331.56295,MW,DE,DE_LU,actual_onshore_wind_generation,Wind Onshore,2026-06-27T21:08:22Z
2026-06-27T21:06:46Z,2026-06-27T23:06:46+0200,44400f30-2862-403b-aedb-c9bc80837e62,2026-06-17T05:30:00Z,2026-06-17T07:30:00+0200,1237.43202,MW,DE,DE_LU,actual_onshore_wind_generation,Wind Onshore,2026-06-27T21:08:22Z
2026-06-27T21:06:46Z,2026-06-27T23:06:46+0200,44400f30-2862-403b-aedb-c9bc80837e62,2026-06-17T05:45:00Z,2026-06-17T07:45:00+0200,1133.08047,MW,DE,DE_LU,actual_onshore_wind_generation,Wind Onshore,2026-06-27T21:08:22Z
2026-06-27T21:06:46Z,2026-06-27T23:06:46+0200,44400f30-2862-403b-aedb-c9bc80837e62,2026-06-17T06:00:00Z,2026-06-17T08:00:00+0200,1061.5285,MW,DE,DE_LU,actual_onshore_wind_generation,Wind Onshore,2026-06-27T21:08:22Z
2026-06-27T21:06:46Z,2026-06-27T23:06:46+0200,44400f30-2862-403b-aedb-c9bc80837e62,2026-06-17T06:15:00Z,2026-06-17T08:15:00+0200,924.6623,MW,DE,DE_LU,actual_onshore_wind_generation,Wind Onshore,2026-06-27T21:08:22Z
2026-06-27T21:06:46Z,2026-06-27T23:06:46+0200,44400f30-2862-403b-aedb-c9bc80837e62,2026-06-17T06:30:00Z,2026-06-17T08:30:00+0200,849.49603,MW,DE,DE_LU,actual_onshore_wind_generation,Wind Onshore,2026-06-27T21:08:22Z
2026-06-27T21:06:46Z,2026-06-27T23:06:46+0200,44400f30-2862-403b-aedb-c9bc80837e62,2026-06-17T06:45:00Z,2026-06-17T08:45:00+0200,818.10596,MW,DE,DE_LU,actual_onshore_wind_generation,Wind Onshore,2026-06-27T21:08:22Z
2026-06-27T21:06:46Z,2026-06-27T23:06:46+0200,44400f30-2862-403b-aedb-c9bc80837e62,2026-06-17T07:00:00Z,2026-06-17T09:00:00+0200,847.88444,MW,DE,DE_LU,actual_onshore_wind_generation,Wind Onshore,2026-06-27T21:08:22Z
2026-06-27T21:06:46Z,2026-06-27T23:06:46+0200,44400f30-2862-403b-aedb-c9bc80837e62,2026-06-17T07:15:00Z,2026-06-17T09:15:00+0200,913.59073,MW,DE,DE_LU,actual_onshore_wind_generation,Wind Onshore,2026-06-27T21:08:22Z
2026-06-27T21:06:46Z,2026-06-27T23:06:46+0200,44400f30-2862-403b-aedb-c9bc80837e62,2026-06-17T07:30:00Z,2026-06-17T09:30:00+0200,998.00915,MW,DE,DE_LU,actual_onshore_wind_generation,Wind Onshore,2026-06-27T21:08:22Z
2026-06-27T21:06:46Z,2026-06-27T23:06:46+0200,44400f30-2862-403b-aedb-c9bc80837e62,2026-06-17T07:45:00Z,2026-06-17T09:45:00+0200,1123.53647,MW,DE,DE_LU,actual_onshore_wind_generation,Wind Onshore,2026-06-27T21:08:22Z
2026-06-27T21:06:46Z,2026-06-27T23:06:46+0200,44400f30-2862-403b-aedb-c9bc80837e62,2026-06-17T08:00:00Z,2026-06-17T10:00:00+0200,1309.55821,MW,DE,DE_LU,actual_onshore_wind_generation,Wind Onshore,2026-06-27T21:08:22Z
2026-06-27T21:06:46Z,2026-06-27T23:06:46+0200,44400f30-2862-403b-aedb-c9bc80837e62,2026-06-17T08:15:00Z,2026-06-17T10:15:00+0200,1516.69138,MW,DE,DE_LU,actual_onshore_wind_generation,Wind Onshore,2026-06-27T21:08:22Z
2026-06-27T21:06:46Z,2026-06-27T23:06:46+0200,44400f30-2862-403b-aedb-c9bc80837e62,2026-06-17T08:30:00Z,2026-06-17T10:30:00+0200,1678.6052,MW,DE,DE_LU,actual_onshore_wind_generation,Wind Onshore,2026-06-27T21:08:22Z
2026-06-27T21:06:46Z,2026-06-27T23:06:46+0200,44400f30-2862-403b-aedb-c9bc80837e62,2026-06-17T08:45:00Z,2026-06-17T10:45:00+0200,1775.84073,MW,DE,DE_LU,actual_onshore_wind_generation,Wind Onshore,2026-06-27T21:08:22Z
2026-06-27T21:06:46Z,2026-06-27T23:06:46+0200,44400f30-2862-403b-aedb-c9bc80837e62,2026-06-17T09:00:00Z,2026-06-17T11:00:00+0200,1926.05429,MW,DE,DE_LU,actual_onshore_wind_generation,Wind Onshore,2026-06-27T21:08:22Z
2026-06-27T21:06:46Z,2026-06-27T23:06:46+0200,44400f30-2862-403b-aedb-c9bc80837e62,2026-06-17T09:15:00Z,2026-06-17T11:15:00+0200,2090.02662,MW,DE,DE_LU,actual_onshore_wind_generation,Wind Onshore,2026-06-27T21:08:22Z
2026-06-27T21:06:46Z,2026-06-27T23:06:46+0200,44400f30-2862-403b-aedb-c9bc80837e62,2026-06-17T09:30:00Z,2026-06-17T11:30:00+0200,2359.55984,MW,DE,DE_LU,actual_onshore_wind_generation,Wind Onshore,2026-06-27T21:08:22Z
2026-06-27T21:06:46Z,2026-06-27T23:06:46+0200,44400f30-2862-403b-aedb-c9bc80837e62,2026-06-17T09:45:00Z,2026-06-17T11:45:00+0200,2552.33737,MW,DE,DE_LU,actual_onshore_wind_generation,Wind Onshore,2026-06-27T21:08:22Z
2026-06-27T21:06:46Z,2026-06-27T23:06:46+0200,44400f30-2862-403b-aedb-c9bc80837e62,2026-06-17T10:00:00Z,2026-06-17T12:00:00+0200,2842.62403,MW,DE,DE_LU,actual_onshore_wind_generation,Wind Onshore,2026-06-27T21:08:22Z
2026-06-27T21:06:46Z,2026-06-27T23:06:46+0200,44400f30-2862-403b-aedb-c9bc80837e62,2026-06-17T10:15:00Z,2026-06-17T12:15:00+0200,3106.07441,MW,DE,DE_LU,actual_onshore_wind_generation,Wind Onshore,2026-06-27T21:08:22Z
2026-06-27T21:06:46Z,2026-06-27T23:06:46+0200,44400f30-2862-403b-aedb-c9bc80837e62,2026-06-17T10:30:00Z,2026-06-17T12:30:00+0200,3491.70351,MW,DE,DE_LU,actual_onshore_wind_generation,Wind Onshore,2026-06-27T21:08:22Z
2026-06-27T21:06:46Z,2026-06-27T23:06:46+0200,44400f30-2862-403b-aedb-c9bc80837e62,2026-06-17T10:45:00Z,2026-06-17T12:45:00+0200,3766.93812,MW,DE,DE_LU,actual_onshore_wind_generation,Wind Onshore,2026-06-27T21:08:22Z
2026-06-27T21:06:46Z,2026-06-27T23:06:46+0200,44400f30-2862-403b-aedb-c9bc80837e62,2026-06-17T11:00:00Z,2026-06-17T13:00:00+0200,4192.59774,MW,DE,DE_LU,actual_onshore_wind_generation,Wind Onshore,2026-06-27T21:08:22Z
2026-06-27T21:06:46Z,2026-06-27T23:06:46+0200,44400f30-2862-403b-aedb-c9bc80837e62,2026-06-17T11:15:00Z,2026-06-17T13:15:00+0200,4451.28655,MW,DE,DE_LU,actual_onshore_wind_generation,Wind Onshore,2026-06-27T21:08:22Z
2026-06-27T21:06:46Z,2026-06-27T23:06:46+0200,44400f30-2862-403b-aedb-c9bc80837e62,2026-06-17T11:30:00Z,2026-06-17T13:30:00+0200,4426.27833,MW,DE,DE_LU,actual_onshore_wind_generation,Wind Onshore,2026-06-27T21:08:22Z
2026-06-27T21:06:46Z,2026-06-27T23:06:46+0200,44400f30-2862-403b-aedb-c9bc80837e62,2026-06-17T11:45:00Z,2026-06-17T13:45:00+0200,4495.96744,MW,DE,DE_LU,actual_onshore_wind_generation,Wind Onshore,2026-06-27T21:08:22Z
2026-06-27T21:06:46Z,2026-06-27T23:06:46+0200,44400f30-2862-403b-aedb-c9bc80837e62,2026-06-17T12:00:00Z,2026-06-17T14:00:00+0200,4350.45213,MW,DE,DE_LU,actual_onshore_wind_generation,Wind Onshore,2026-06-27T21:08:22Z
2026-06-27T21:06:46Z,2026-06-27T23:06:46+0200,44400f30-2862-403b-aedb-c9bc80837e62,2026-06-17T12:15:00Z,2026-06-17T14:15:00+0200,4527.88507,MW,DE,DE_LU,actual_onshore_wind_generation,Wind Onshore,2026-06-27T21:08:22Z
2026-06-27T21:06:46Z,2026-06-27T23:06:46+0200,44400f30-2862-403b-aedb-c9bc80837e62,2026-06-17T12:30:00Z,2026-06-17T14:30:00+0200,4567.84273,MW,DE,DE_LU,actual_onshore_wind_generation,Wind Onshore,2026-06-27T21:08:22Z
2026-06-27T21:06:46Z,2026-06-27T23:06:46+0200,44400f30-2862-403b-aedb-c9bc80837e62,2026-06-17T12:45:00Z,2026-06-17T14:45:00+0200,4739.0094,MW,DE,DE_LU,actual_onshore_wind_generation,Wind Onshore,2026-06-27T21:08:22Z
2026-06-27T21:06:46Z,2026-06-27T23:06:46+0200,44400f30-2862-403b-aedb-c9bc80837e62,2026-06-17T13:00:00Z,2026-06-17T15:00:00+0200,4749.69689,MW,DE,DE_LU,actual_onshore_wind_generation,Wind Onshore,2026-06-27T21:08:22Z
2026-06-27T21:06:46Z,2026-06-27T23:06:46+0200,44400f30-2862-403b-aedb-c9bc80837e62,2026-06-17T13:15:00Z,2026-06-17T15:15:00+0200,4967.06779,MW,DE,DE_LU,actual_onshore_wind_generation,Wind Onshore,2026-06-27T21:08:22Z
2026-06-27T21:06:46Z,2026-06-27T23:06:46+0200,44400f30-2862-403b-aedb-c9bc80837e62,2026-06-17T13:30:00Z,2026-06-17T15:30:00+0200,4906.33658,MW,DE,DE_LU,actual_onshore_wind_generation,Wind Onshore,2026-06-27T21:08:22Z
2026-06-27T21:06:46Z,2026-06-27T23:06:46+0200,44400f30-2862-403b-aedb-c9bc80837e62,2026-06-17T13:45:00Z,2026-06-17T15:45:00+0200,5022.32558,MW,DE,DE_LU,actual_onshore_wind_generation,Wind Onshore,2026-06-27T21:08:22Z
2026-06-27T21:06:46Z,2026-06-27T23:06:46+0200,44400f30-2862-403b-aedb-c9bc80837e62,2026-06-17T14:00:00Z,2026-06-17T16:00:00+0200,5100.46995,MW,DE,DE_LU,actual_onshore_wind_generation,Wind Onshore,2026-06-27T21:08:22Z
2026-06-27T21:06:46Z,2026-06-27T23:06:46+0200,44400f30-2862-403b-aedb-c9bc80837e62,2026-06-17T14:15:00Z,2026-06-17T16:15:00+0200,5329.71091,MW,DE,DE_LU,actual_onshore_wind_generation,Wind Onshore,2026-06-27T21:08:22Z
2026-06-27T21:06:46Z,2026-06-27T23:06:46+0200,44400f30-2862-403b-aedb-c9bc80837e62,2026-06-17T14:30:00Z,2026-06-17T16:30:00+0200,5761.94189,MW,DE,DE_LU,actual_onshore_wind_generation,Wind Onshore,2026-06-27T21:08:22Z
2026-06-27T21:06:46Z,2026-06-27T23:06:46+0200,44400f30-2862-403b-aedb-c9bc80837e62,2026-06-17T14:45:00Z,2026-06-17T16:45:00+0200,5979.13614,MW,DE,DE_LU,actual_onshore_wind_generation,Wind Onshore,2026-06-27T21:08:22Z
2026-06-27T21:06:46Z,2026-06-27T23:06:46+0200,44400f30-2862-403b-aedb-c9bc80837e62,2026-06-17T15:00:00Z,2026-06-17T17:00:00+0200,5703.83568,MW,DE,DE_LU,actual_onshore_wind_generation,Wind Onshore,2026-06-27T21:08:22Z
2026-06-27T21:06:46Z,2026-06-27T23:06:46+0200,44400f30-2862-403b-aedb-c9bc80837e62,2026-06-17T15:15:00Z,2026-06-17T17:15:00+0200,5607.24004,MW,DE,DE_LU,actual_onshore_wind_generation,Wind Onshore,2026-06-27T21:08:22Z
2026-06-27T21:06:46Z,2026-06-27T23:06:46+0200,44400f30-2862-403b-aedb-c9bc80837e62,2026-06-17T15:30:00Z,2026-06-17T17:30:00+0200,5685.81682,MW,DE,DE_LU,actual_onshore_wind_generation,Wind Onshore,2026-06-27T21:08:22Z
2026-06-27T21:06:46Z,2026-06-27T23:06:46+0200,44400f30-2862-403b-aedb-c9bc80837e62,2026-06-17T15:45:00Z,2026-06-17T17:45:00+0200,5805.20576,MW,DE,DE_LU,actual_onshore_wind_generation,Wind Onshore,2026-06-27T21:08:22Z
2026-06-27T21:06:46Z,2026-06-27T23:06:46+0200,44400f30-2862-403b-aedb-c9bc80837e62,2026-06-17T16:00:00Z,2026-06-17T18:00:00+0200,5746.46125,MW,DE,DE_LU,actual_onshore_wind_generation,Wind Onshore,2026-06-27T21:08:22Z
2026-06-27T21:06:46Z,2026-06-27T23:06:46+0200,44400f30-2862-403b-aedb-c9bc80837e62,2026-06-17T16:15:00Z,2026-06-17T18:15:00+0200,5466.54469,MW,DE,DE_LU,actual_onshore_wind_generation,Wind Onshore,2026-06-27T21:08:22Z
2026-06-27T21:06:46Z,2026-06-27T23:06:46+0200,44400f30-2862-403b-aedb-c9bc80837e62,2026-06-17T16:30:00Z,2026-06-17T18:30:00+0200,5276.09538,MW,DE,DE_LU,actual_onshore_wind_generation,Wind Onshore,2026-06-27T21:08:22Z
2026-06-27T21:06:46Z,2026-06-27T23:06:46+0200,44400f30-2862-403b-aedb-c9bc80837e62,2026-06-17T16:45:00Z,2026-06-17T18:45:00+0200,4871.08337,MW,DE,DE_LU,actual_onshore_wind_generation,Wind Onshore,2026-06-27T21:08:22Z
2026-06-27T21:06:46Z,2026-06-27T23:06:46+0200,44400f30-2862-403b-aedb-c9bc80837e62,2026-06-17T17:00:00Z,2026-06-17T19:00:00+0200,4646.63038,MW,DE,DE_LU,actual_onshore_wind_generation,Wind Onshore,2026-06-27T21:08:22Z
2026-06-27T21:06:46Z,2026-06-27T23:06:46+0200,44400f30-2862-403b-aedb-c9bc80837e62,2026-06-17T17:15:00Z,2026-06-17T19:15:00+0200,4473.3767,MW,DE,DE_LU,actual_onshore_wind_generation,Wind Onshore,2026-06-27T21:08:22Z
2026-06-27T21:06:46Z,2026-06-27T23:06:46+0200,44400f30-2862-403b-aedb-c9bc80837e62,2026-06-17T17:30:00Z,2026-06-17T19:30:00+0200,4189.53482,MW,DE,DE_LU,actual_onshore_wind_generation,Wind Onshore,2026-06-27T21:08:22Z
2026-06-27T21:06:46Z,2026-06-27T23:06:46+0200,44400f30-2862-403b-aedb-c9bc80837e62,2026-06-17T17:45:00Z,2026-06-17T19:45:00+0200,3979.08854,MW,DE,DE_LU,actual_onshore_wind_generation,Wind Onshore,2026-06-27T21:08:22Z
2026-06-27T21:06:46Z,2026-06-27T23:06:46+0200,44400f30-2862-403b-aedb-c9bc80837e62,2026-06-17T18:00:00Z,2026-06-17T20:00:00+0200,4284.14941,MW,DE,DE_LU,actual_onshore_wind_generation,Wind Onshore,2026-06-27T21:08:22Z
2026-06-27T21:06:46Z,2026-06-27T23:06:46+0200,44400f30-2862-403b-aedb-c9bc80837e62,2026-06-17T18:15:00Z,2026-06-17T20:15:00+0200,4631.08153,MW,DE,DE_LU,actual_onshore_wind_generation,Wind Onshore,2026-06-27T21:08:22Z
2026-06-27T21:06:46Z,2026-06-27T23:06:46+0200,44400f30-2862-403b-aedb-c9bc80837e62,2026-06-17T18:30:00Z,2026-06-17T20:30:00+0200,4551.76791,MW,DE,DE_LU,actual_onshore_wind_generation,Wind Onshore,2026-06-27T21:08:22Z
2026-06-27T21:06:46Z,2026-06-27T23:06:46+0200,44400f30-2862-403b-aedb-c9bc80837e62,2026-06-17T18:45:00Z,2026-06-17T20:45:00+0200,4466.24391,MW,DE,DE_LU,actual_onshore_wind_generation,Wind Onshore,2026-06-27T21:08:22Z
2026-06-27T21:06:46Z,2026-06-27T23:06:46+0200,44400f30-2862-403b-aedb-c9bc80837e62,2026-06-17T19:00:00Z,2026-06-17T21:00:00+0200,4246.39609,MW,DE,DE_LU,actual_onshore_wind_generation,Wind Onshore,2026-06-27T21:08:22Z
2026-06-27T21:06:46Z,2026-06-27T23:06:46+0200,44400f30-2862-403b-aedb-c9bc80837e62,2026-06-17T19:15:00Z,2026-06-17T21:15:00+0200,4118.69594,MW,DE,DE_LU,actual_onshore_wind_generation,Wind Onshore,2026-06-27T21:08:22Z
2026-06-27T21:06:46Z,2026-06-27T23:06:46+0200,44400f30-2862-403b-aedb-c9bc80837e62,2026-06-17T19:30:00Z,2026-06-17T21:30:00+0200,4060.87425,MW,DE,DE_LU,actual_onshore_wind_generation,Wind Onshore,2026-06-27T21:08:22Z
2026-06-27T21:06:46Z,2026-06-27T23:06:46+0200,44400f30-2862-403b-aedb-c9bc80837e62,2026-06-17T19:45:00Z,2026-06-17T21:45:00+0200,3917.0183,MW,DE,DE_LU,actual_onshore_wind_generation,Wind Onshore,2026-06-27T21:08:22Z
2026-06-27T21:06:46Z,2026-06-27T23:06:46+0200,44400f30-2862-403b-aedb-c9bc80837e62,2026-06-17T20:00:00Z,2026-06-17T22:00:00+0200,3725.52614,MW,DE,DE_LU,actual_onshore_wind_generation,Wind Onshore,2026-06-27T21:08:22Z
2026-06-27T21:06:46Z,2026-06-27T23:06:46+0200,44400f30-2862-403b-aedb-c9bc80837e62,2026-06-17T20:15:00Z,2026-06-17T22:15:00+0200,3747.46827,MW,DE,DE_LU,actual_onshore_wind_generation,Wind Onshore,2026-06-27T21:08:22Z
2026-06-27T21:06:46Z,2026-06-27T23:06:46+0200,44400f30-2862-403b-aedb-c9bc80837e62,2026-06-17T20:30:00Z,2026-06-17T22:30:00+0200,3711.09642,MW,DE,DE_LU,actual_onshore_wind_generation,Wind Onshore,2026-06-27T21:08:22Z
2026-06-27T21:06:46Z,2026-06-27T23:06:46+0200,44400f30-2862-403b-aedb-c9bc80837e62,2026-06-17T20:45:00Z,2026-06-17T22:45:00+0200,3639.35895,MW,DE,DE_LU,actual_onshore_wind_generation,Wind Onshore,2026-06-27T21:08:22Z
2026-06-27T21:06:46Z,2026-06-27T23:06:46+0200,44400f30-2862-403b-aedb-c9bc80837e62,2026-06-17T21:00:00Z,2026-06-17T23:00:00+0200,3650.3589,MW,DE,DE_LU,actual_onshore_wind_generation,Wind Onshore,2026-06-27T21:08:22Z
2026-06-27T21:06:46Z,2026-06-27T23:06:46+0200,44400f30-2862-403b-aedb-c9bc80837e62,2026-06-17T21:15:00Z,2026-06-17T23:15:00+0200,3854.86622,MW,DE,DE_LU,actual_onshore_wind_generation,Wind Onshore,2026-06-27T21:08:22Z
2026-06-27T21:06:46Z,2026-06-27T23:06:46+0200,44400f30-2862-403b-aedb-c9bc80837e62,2026-06-17T21:30:00Z,2026-06-17T23:30:00+0200,4008.04802,MW,DE,DE_LU,actual_onshore_wind_generation,Wind Onshore,2026-06-27T21:08:22Z
2026-06-27T21:06:46Z,2026-06-27T23:06:46+0200,44400f30-2862-403b-aedb-c9bc80837e62,2026-06-17T21:45:00Z,2026-06-17T23:45:00+0200,3948.95782,MW,DE,DE_LU,actual_onshore_wind_generation,Wind Onshore,2026-06-27T21:08:22Z
2026-06-27T21:06:46Z,2026-06-27T23:06:46+0200,44400f30-2862-403b-aedb-c9bc80837e62,2026-06-17T22:00:00Z,2026-06-18T00:00:00+0200,3851.69942,MW,DE,DE_LU,actual_onshore_wind_generation,Wind Onshore,2026-06-27T21:08:22Z
2026-06-27T21:06:46Z,2026-06-27T23:06:46+0200,44400f30-2862-403b-aedb-c9bc80837e62,2026-06-17T22:15:00Z,2026-06-18T00:15:00+0200,3766.54259,MW,DE,DE_LU,actual_onshore_wind_generation,Wind Onshore,2026-06-27T21:08:22Z
2026-06-27T21:06:46Z,2026-06-27T23:06:46+0200,44400f30-2862-403b-aedb-c9bc80837e62,2026-06-17T22:30:00Z,2026-06-18T00:30:00+0200,3771.79684,MW,DE,DE_LU,actual_onshore_wind_generation,Wind Onshore,2026-06-27T21:08:22Z
2026-06-27T21:06:46Z,2026-06-27T23:06:46+0200,44400f30-2862-403b-aedb-c9bc80837e62,2026-06-17T22:45:00Z,2026-06-18T00:45:00+0200,3762.257,MW,DE,DE_LU,actual_onshore_wind_generation,Wind Onshore,2026-06-27T21:08:22Z
2026-06-27T21:06:46Z,2026-06-27T23:06:46+0200,44400f30-2862-403b-aedb-c9bc80837e62,2026-06-17T23:00:00Z,2026-06-18T01:00:00+0200,3764.02854,MW,DE,DE_LU,actual_onshore_wind_generation,Wind Onshore,2026-06-27T21:08:22Z
2026-06-27T21:06:46Z,2026-06-27T23:06:46+0200,44400f30-2862-403b-aedb-c9bc80837e62,2026-06-17T23:15:00Z,2026-06-18T01:15:00+0200,3805.20942,MW,DE,DE_LU,actual_onshore_wind_generation,Wind Onshore,2026-06-27T21:08:22Z
2026-06-27T21:06:46Z,2026-06-27T23:06:46+0200,44400f30-2862-403b-aedb-c9bc80837e62,2026-06-17T23:30:00Z,2026-06-18T01:30:00+0200,3758.12047,MW,DE,DE_LU,actual_onshore_wind_generation,Wind Onshore,2026-06-27T21:08:22Z
2026-06-27T21:06:46Z,2026-06-27T23:06:46+0200,44400f30-2862-403b-aedb-c9bc80837e62,2026-06-17T23:45:00Z,2026-06-18T01:45:00+0200,3697.76793,MW,DE,DE_LU,actual_onshore_wind_generation,Wind Onshore,2026-06-27T21:08:22Z
2026-06-27T21:06:46Z,2026-06-27T23:06:46+0200,44400f30-2862-403b-aedb-c9bc80837e62,2026-06-18T00:00:00Z,2026-06-18T02:00:00+0200,3589.23195,MW,DE,DE_LU,actual_onshore_wind_generation,Wind Onshore,2026-06-27T21:08:22Z
2026-06-27T21:06:46Z,2026-06-27T23:06:46+0200,44400f30-2862-403b-aedb-c9bc80837e62,2026-06-18T00:15:00Z,2026-06-18T02:15:00+0200,3638.17485,MW,DE,DE_LU,actual_onshore_wind_generation,Wind Onshore,2026-06-27T21:08:22Z
2026-06-27T21:06:46Z,2026-06-27T23:06:46+0200,44400f30-2862-403b-aedb-c9bc80837e62,2026-06-18T00:30:00Z,2026-06-18T02:30:00+0200,3643.84795,MW,DE,DE_LU,actual_onshore_wind_generation,Wind Onshore,2026-06-27T21:08:22Z
2026-06-27T21:06:46Z,2026-06-27T23:06:46+0200,44400f30-2862-403b-aedb-c9bc80837e62,2026-06-18T00:45:00Z,2026-06-18T02:45:00+0200,3658.89823,MW,DE,DE_LU,actual_onshore_wind_generation,Wind Onshore,2026-06-27T21:08:22Z
2026-06-27T21:06:46Z,2026-06-27T23:06:46+0200,44400f30-2862-403b-aedb-c9bc80837e62,2026-06-18T01:00:00Z,2026-06-18T03:00:00+0200,3596.43793,MW,DE,DE_LU,actual_onshore_wind_generation,Wind Onshore,2026-06-27T21:08:22Z
2026-06-27T21:06:46Z,2026-06-27T23:06:46+0200,44400f30-2862-403b-aedb-c9bc80837e62,2026-06-18T01:15:00Z,2026-06-18T03:15:00+0200,3569.05099,MW,DE,DE_LU,actual_onshore_wind_generation,Wind Onshore,2026-06-27T21:08:22Z
2026-06-27T21:06:46Z,2026-06-27T23:06:46+0200,44400f30-2862-403b-aedb-c9bc80837e62,2026-06-18T01:30:00Z,2026-06-18T03:30:00+0200,3545.01227,MW,DE,DE_LU,actual_onshore_wind_generation,Wind Onshore,2026-06-27T21:08:22Z
2026-06-27T21:06:46Z,2026-06-27T23:06:46+0200,44400f30-2862-403b-aedb-c9bc80837e62,2026-06-18T01:45:00Z,2026-06-18T03:45:00+0200,3550.24294,MW,DE,DE_LU,actual_onshore_wind_generation,Wind Onshore,2026-06-27T21:08:22Z
2026-06-27T21:06:46Z,2026-06-27T23:06:46+0200,44400f30-2862-403b-aedb-c9bc80837e62,2026-06-18T02:00:00Z,2026-06-18T04:00:00+0200,3500.18606,MW,DE,DE_LU,actual_onshore_wind_generation,Wind Onshore,2026-06-27T21:08:22Z
2026-06-27T21:06:46Z,2026-06-27T23:06:46+0200,44400f30-2862-403b-aedb-c9bc80837e62,2026-06-18T02:15:00Z,2026-06-18T04:15:00+0200,3464.46284,MW,DE,DE_LU,actual_onshore_wind_generation,Wind Onshore,2026-06-27T21:08:22Z
2026-06-27T21:06:46Z,2026-06-27T23:06:46+0200,44400f30-2862-403b-aedb-c9bc80837e62,2026-06-18T02:30:00Z,2026-06-18T04:30:00+0200,3376.71978,MW,DE,DE_LU,actual_onshore_wind_generation,Wind Onshore,2026-06-27T21:08:22Z
2026-06-27T21:06:46Z,2026-06-27T23:06:46+0200,44400f30-2862-403b-aedb-c9bc80837e62,2026-06-18T02:45:00Z,2026-06-18T04:45:00+0200,3275.49707,MW,DE,DE_LU,actual_onshore_wind_generation,Wind Onshore,2026-06-27T21:08:22Z
2026-06-27T21:06:46Z,2026-06-27T23:06:46+0200,44400f30-2862-403b-aedb-c9bc80837e62,2026-06-18T03:00:00Z,2026-06-18T05:00:00+0200,3284.44037,MW,DE,DE_LU,actual_onshore_wind_generation,Wind Onshore,2026-06-27T21:08:22Z
2026-06-27T21:06:46Z,2026-06-27T23:06:46+0200,44400f30-2862-403b-aedb-c9bc80837e62,2026-06-18T03:15:00Z,2026-06-18T05:15:00+0200,3345.38986,MW,DE,DE_LU,actual_onshore_wind_generation,Wind Onshore,2026-06-27T21:08:22Z
2026-06-27T21:06:46Z,2026-06-27T23:06:46+0200,44400f30-2862-403b-aedb-c9bc80837e62,2026-06-18T03:30:00Z,2026-06-18T05:30:00+0200,3274.47111,MW,DE,DE_LU,actual_onshore_wind_generation,Wind Onshore,2026-06-27T21:08:22Z
2026-06-27T21:06:46Z,2026-06-27T23:06:46+0200,44400f30-2862-403b-aedb-c9bc80837e62,2026-06-18T03:45:00Z,2026-06-18T05:45:00+0200,3174.63737,MW,DE,DE_LU,actual_onshore_wind_generation,Wind Onshore,2026-06-27T21:08:22Z
2026-06-27T21:06:46Z,2026-06-27T23:06:46+0200,44400f30-2862-403b-aedb-c9bc80837e62,2026-06-18T04:00:00Z,2026-06-18T06:00:00+0200,3158.33754,MW,DE,DE_LU,actual_onshore_wind_generation,Wind Onshore,2026-06-27T21:08:22Z
2026-06-27T21:06:46Z,2026-06-27T23:06:46+0200,44400f30-2862-403b-aedb-c9bc80837e62,2026-06-18T04:15:00Z,2026-06-18T06:15:00+0200,3081.14229,MW,DE,DE_LU,actual_onshore_wind_generation,Wind Onshore,2026-06-27T21:08:22Z
2026-06-27T21:06:46Z,2026-06-27T23:06:46+0200,44400f30-2862-403b-aedb-c9bc80837e62,2026-06-18T04:30:00Z,2026-06-18T06:30:00+0200,3037.45189,MW,DE,DE_LU,actual_onshore_wind_generation,Wind Onshore,2026-06-27T21:08:22Z
2026-06-27T21:06:46Z,2026-06-27T23:06:46+0200,44400f30-2862-403b-aedb-c9bc80837e62,2026-06-18T04:45:00Z,2026-06-18T06:45:00+0200,2926.65971,MW,DE,DE_LU,actual_onshore_wind_generation,Wind Onshore,2026-06-27T21:08:22Z
2026-06-27T21:06:46Z,2026-06-27T23:06:46+0200,44400f30-2862-403b-aedb-c9bc80837e62,2026-06-18T05:00:00Z,2026-06-18T07:00:00+0200,2927.47451,MW,DE,DE_LU,actual_onshore_wind_generation,Wind Onshore,2026-06-27T21:08:22Z
2026-06-27T21:06:46Z,2026-06-27T23:06:46+0200,44400f30-2862-403b-aedb-c9bc80837e62,2026-06-18T05:15:00Z,2026-06-18T07:15:00+0200,2765.55975,MW,DE,DE_LU,actual_onshore_wind_generation,Wind Onshore,2026-06-27T21:08:22Z
2026-06-27T21:06:46Z,2026-06-27T23:06:46+0200,44400f30-2862-403b-aedb-c9bc80837e62,2026-06-18T05:30:00Z,2026-06-18T07:30:00+0200,2526.54838,MW,DE,DE_LU,actual_onshore_wind_generation,Wind Onshore,2026-06-27T21:08:22Z
2026-06-27T21:06:46Z,2026-06-27T23:06:46+0200,44400f30-2862-403b-aedb-c9bc80837e62,2026-06-18T05:45:00Z,2026-06-18T07:45:00+0200,2288.50517,MW,DE,DE_LU,actual_onshore_wind_generation,Wind Onshore,2026-06-27T21:08:22Z
2026-06-27T21:06:46Z,2026-06-27T23:06:46+0200,44400f30-2862-403b-aedb-c9bc80837e62,2026-06-18T06:00:00Z,2026-06-18T08:00:00+0200,2078.06418,MW,DE,DE_LU,actual_onshore_wind_generation,Wind Onshore,2026-06-27T21:08:22Z
2026-06-27T21:06:46Z,2026-06-27T23:06:46+0200,44400f30-2862-403b-aedb-c9bc80837e62,2026-06-18T06:15:00Z,2026-06-18T08:15:00+0200,1912.07567,MW,DE,DE_LU,actual_onshore_wind_generation,Wind Onshore,2026-06-27T21:08:22Z
2026-06-27T21:06:46Z,2026-06-27T23:06:46+0200,44400f30-2862-403b-aedb-c9bc80837e62,2026-06-18T06:30:00Z,2026-06-18T08:30:00+0200,1894.69027,MW,DE,DE_LU,actual_onshore_wind_generation,Wind Onshore,2026-06-27T21:08:22Z
2026-06-27T21:06:46Z,2026-06-27T23:06:46+0200,44400f30-2862-403b-aedb-c9bc80837e62,2026-06-18T06:45:00Z,2026-06-18T08:45:00+0200,1951.31674,MW,DE,DE_LU,actual_onshore_wind_generation,Wind Onshore,2026-06-27T21:08:22Z
2026-06-27T21:06:46Z,2026-06-27T23:06:46+0200,44400f30-2862-403b-aedb-c9bc80837e62,2026-06-18T07:00:00Z,2026-06-18T09:00:00+0200,1990.50461,MW,DE,DE_LU,actual_onshore_wind_generation,Wind Onshore,2026-06-27T21:08:22Z
2026-06-27T21:06:46Z,2026-06-27T23:06:46+0200,44400f30-2862-403b-aedb-c9bc80837e62,2026-06-18T07:15:00Z,2026-06-18T09:15:00+0200,2129.57321,MW,DE,DE_LU,actual_onshore_wind_generation,Wind Onshore,2026-06-27T21:08:22Z
2026-06-27T21:06:46Z,2026-06-27T23:06:46+0200,44400f30-2862-403b-aedb-c9bc80837e62,2026-06-18T07:30:00Z,2026-06-18T09:30:00+0200,2241.94343,MW,DE,DE_LU,actual_onshore_wind_generation,Wind Onshore,2026-06-27T21:08:22Z
2026-06-27T21:06:46Z,2026-06-27T23:06:46+0200,44400f30-2862-403b-aedb-c9bc80837e62,2026-06-18T07:45:00Z,2026-06-18T09:45:00+0200,2313.7344,MW,DE,DE_LU,actual_onshore_wind_generation,Wind Onshore,2026-06-27T21:08:22Z
2026-06-27T21:06:46Z,2026-06-27T23:06:46+0200,44400f30-2862-403b-aedb-c9bc80837e62,2026-06-18T08:00:00Z,2026-06-18T10:00:00+0200,2398.39101,MW,DE,DE_LU,actual_onshore_wind_generation,Wind Onshore,2026-06-27T21:08:22Z
2026-06-27T21:06:46Z,2026-06-27T23:06:46+0200,44400f30-2862-403b-aedb-c9bc80837e62,2026-06-18T08:15:00Z,2026-06-18T10:15:00+0200,2486.08489,MW,DE,DE_LU,actual_onshore_wind_generation,Wind Onshore,2026-06-27T21:08:22Z
2026-06-27T21:06:46Z,2026-06-27T23:06:46+0200,44400f30-2862-403b-aedb-c9bc80837e62,2026-06-18T08:30:00Z,2026-06-18T10:30:00+0200,2647.76896,MW,DE,DE_LU,actual_onshore_wind_generation,Wind Onshore,2026-06-27T21:08:22Z
2026-06-27T21:06:46Z,2026-06-27T23:06:46+0200,44400f30-2862-403b-aedb-c9bc80837e62,2026-06-18T08:45:00Z,2026-06-18T10:45:00+0200,2799.21587,MW,DE,DE_LU,actual_onshore_wind_generation,Wind Onshore,2026-06-27T21:08:22Z
2026-06-27T21:06:46Z,2026-06-27T23:06:46+0200,44400f30-2862-403b-aedb-c9bc80837e62,2026-06-18T09:00:00Z,2026-06-18T11:00:00+0200,2926.91728,MW,DE,DE_LU,actual_onshore_wind_generation,Wind Onshore,2026-06-27T21:08:22Z
2026-06-27T21:06:46Z,2026-06-27T23:06:46+0200,44400f30-2862-403b-aedb-c9bc80837e62,2026-06-18T09:15:00Z,2026-06-18T11:15:00+0200,3061.18713,MW,DE,DE_LU,actual_onshore_wind_generation,Wind Onshore,2026-06-27T21:08:22Z
2026-06-27T21:06:46Z,2026-06-27T23:06:46+0200,44400f30-2862-403b-aedb-c9bc80837e62,2026-06-18T09:30:00Z,2026-06-18T11:30:00+0200,3296.99339,MW,DE,DE_LU,actual_onshore_wind_generation,Wind Onshore,2026-06-27T21:08:22Z
2026-06-27T21:06:46Z,2026-06-27T23:06:46+0200,44400f30-2862-403b-aedb-c9bc80837e62,2026-06-18T09:45:00Z,2026-06-18T11:45:00+0200,3414.53393,MW,DE,DE_LU,actual_onshore_wind_generation,Wind Onshore,2026-06-27T21:08:22Z
2026-06-27T21:06:46Z,2026-06-27T23:06:46+0200,44400f30-2862-403b-aedb-c9bc80837e62,2026-06-18T10:00:00Z,2026-06-18T12:00:00+0200,3502.74303,MW,DE,DE_LU,actual_onshore_wind_generation,Wind Onshore,2026-06-27T21:08:22Z
2026-06-27T21:06:46Z,2026-06-27T23:06:46+0200,44400f30-2862-403b-aedb-c9bc80837e62,2026-06-18T10:15:00Z,2026-06-18T12:15:00+0200,3741.66578,MW,DE,DE_LU,actual_onshore_wind_generation,Wind Onshore,2026-06-27T21:08:22Z
2026-06-27T21:06:46Z,2026-06-27T23:06:46+0200,44400f30-2862-403b-aedb-c9bc80837e62,2026-06-18T10:30:00Z,2026-06-18T12:30:00+0200,3852.28051,MW,DE,DE_LU,actual_onshore_wind_generation,Wind Onshore,2026-06-27T21:08:22Z
2026-06-27T21:06:46Z,2026-06-27T23:06:46+0200,44400f30-2862-403b-aedb-c9bc80837e62,2026-06-18T10:45:00Z,2026-06-18T12:45:00+0200,3879.21708,MW,DE,DE_LU,actual_onshore_wind_generation,Wind Onshore,2026-06-27T21:08:22Z
2026-06-27T21:06:46Z,2026-06-27T23:06:46+0200,44400f30-2862-403b-aedb-c9bc80837e62,2026-06-18T11:00:00Z,2026-06-18T13:00:00+0200,4041.40594,MW,DE,DE_LU,actual_onshore_wind_generation,Wind Onshore,2026-06-27T21:08:22Z
2026-06-27T21:06:46Z,2026-06-27T23:06:46+0200,44400f30-2862-403b-aedb-c9bc80837e62,2026-06-18T11:15:00Z,2026-06-18T13:15:00+0200,4145.25069,MW,DE,DE_LU,actual_onshore_wind_generation,Wind Onshore,2026-06-27T21:08:22Z
2026-06-27T21:06:46Z,2026-06-27T23:06:46+0200,44400f30-2862-403b-aedb-c9bc80837e62,2026-06-18T11:30:00Z,2026-06-18T13:30:00+0200,4044.81518,MW,DE,DE_LU,actual_onshore_wind_generation,Wind Onshore,2026-06-27T21:08:22Z
2026-06-27T21:06:46Z,2026-06-27T23:06:46+0200,44400f30-2862-403b-aedb-c9bc80837e62,2026-06-18T11:45:00Z,2026-06-18T13:45:00+0200,4076.51721,MW,DE,DE_LU,actual_onshore_wind_generation,Wind Onshore,2026-06-27T21:08:22Z
2026-06-27T21:06:46Z,2026-06-27T23:06:46+0200,44400f30-2862-403b-aedb-c9bc80837e62,2026-06-18T12:00:00Z,2026-06-18T14:00:00+0200,3965.79736,MW,DE,DE_LU,actual_onshore_wind_generation,Wind Onshore,2026-06-27T21:08:22Z
2026-06-27T21:06:46Z,2026-06-27T23:06:46+0200,44400f30-2862-403b-aedb-c9bc80837e62,2026-06-18T12:15:00Z,2026-06-18T14:15:00+0200,3768.98361,MW,DE,DE_LU,actual_onshore_wind_generation,Wind Onshore,2026-06-27T21:08:22Z
2026-06-27T21:06:46Z,2026-06-27T23:06:46+0200,44400f30-2862-403b-aedb-c9bc80837e62,2026-06-18T12:30:00Z,2026-06-18T14:30:00+0200,3640.25235,MW,DE,DE_LU,actual_onshore_wind_generation,Wind Onshore,2026-06-27T21:08:22Z
2026-06-27T21:06:46Z,2026-06-27T23:06:46+0200,44400f30-2862-403b-aedb-c9bc80837e62,2026-06-18T12:45:00Z,2026-06-18T14:45:00+0200,3557.63462,MW,DE,DE_LU,actual_onshore_wind_generation,Wind Onshore,2026-06-27T21:08:22Z
2026-06-27T21:06:46Z,2026-06-27T23:06:46+0200,44400f30-2862-403b-aedb-c9bc80837e62,2026-06-18T13:00:00Z,2026-06-18T15:00:00+0200,3391.21793,MW,DE,DE_LU,actual_onshore_wind_generation,Wind Onshore,2026-06-27T21:08:22Z
2026-06-27T21:06:46Z,2026-06-27T23:06:46+0200,44400f30-2862-403b-aedb-c9bc80837e62,2026-06-18T13:15:00Z,2026-06-18T15:15:00+0200,3374.6518,MW,DE,DE_LU,actual_onshore_wind_generation,Wind Onshore,2026-06-27T21:08:22Z
2026-06-27T21:06:46Z,2026-06-27T23:06:46+0200,44400f30-2862-403b-aedb-c9bc80837e62,2026-06-18T13:30:00Z,2026-06-18T15:30:00+0200,3257.09196,MW,DE,DE_LU,actual_onshore_wind_generation,Wind Onshore,2026-06-27T21:08:22Z
2026-06-27T21:06:46Z,2026-06-27T23:06:46+0200,44400f30-2862-403b-aedb-c9bc80837e62,2026-06-18T13:45:00Z,2026-06-18T15:45:00+0200,3145.2966,MW,DE,DE_LU,actual_onshore_wind_generation,Wind Onshore,2026-06-27T21:08:22Z
2026-06-27T21:06:46Z,2026-06-27T23:06:46+0200,44400f30-2862-403b-aedb-c9bc80837e62,2026-06-18T14:00:00Z,2026-06-18T16:00:00+0200,2906.43694,MW,DE,DE_LU,actual_onshore_wind_generation,Wind Onshore,2026-06-27T21:08:22Z
2026-06-27T21:06:46Z,2026-06-27T23:06:46+0200,44400f30-2862-403b-aedb-c9bc80837e62,2026-06-18T14:15:00Z,2026-06-18T16:15:00+0200,2667.07314,MW,DE,DE_LU,actual_onshore_wind_generation,Wind Onshore,2026-06-27T21:08:22Z
2026-06-27T21:06:46Z,2026-06-27T23:06:46+0200,44400f30-2862-403b-aedb-c9bc80837e62,2026-06-18T14:30:00Z,2026-06-18T16:30:00+0200,2483.61097,MW,DE,DE_LU,actual_onshore_wind_generation,Wind Onshore,2026-06-27T21:08:22Z
2026-06-27T21:06:46Z,2026-06-27T23:06:46+0200,44400f30-2862-403b-aedb-c9bc80837e62,2026-06-18T14:45:00Z,2026-06-18T16:45:00+0200,2250.05381,MW,DE,DE_LU,actual_onshore_wind_generation,Wind Onshore,2026-06-27T21:08:22Z
2026-06-27T21:06:46Z,2026-06-27T23:06:46+0200,44400f30-2862-403b-aedb-c9bc80837e62,2026-06-18T15:00:00Z,2026-06-18T17:00:00+0200,1978.28572,MW,DE,DE_LU,actual_onshore_wind_generation,Wind Onshore,2026-06-27T21:08:22Z
2026-06-27T21:06:46Z,2026-06-27T23:06:46+0200,44400f30-2862-403b-aedb-c9bc80837e62,2026-06-18T15:15:00Z,2026-06-18T17:15:00+0200,1752.7925,MW,DE,DE_LU,actual_onshore_wind_generation,Wind Onshore,2026-06-27T21:08:22Z
2026-06-27T21:06:46Z,2026-06-27T23:06:46+0200,44400f30-2862-403b-aedb-c9bc80837e62,2026-06-18T15:30:00Z,2026-06-18T17:30:00+0200,1580.21388,MW,DE,DE_LU,actual_onshore_wind_generation,Wind Onshore,2026-06-27T21:08:22Z
2026-06-27T21:06:46Z,2026-06-27T23:06:46+0200,44400f30-2862-403b-aedb-c9bc80837e62,2026-06-18T15:45:00Z,2026-06-18T17:45:00+0200,1379.45136,MW,DE,DE_LU,actual_onshore_wind_generation,Wind Onshore,2026-06-27T21:08:22Z
2026-06-27T21:06:46Z,2026-06-27T23:06:46+0200,44400f30-2862-403b-aedb-c9bc80837e62,2026-06-18T16:00:00Z,2026-06-18T18:00:00+0200,1208.00134,MW,DE,DE_LU,actual_onshore_wind_generation,Wind Onshore,2026-06-27T21:08:22Z
2026-06-27T21:06:46Z,2026-06-27T23:06:46+0200,44400f30-2862-403b-aedb-c9bc80837e62,2026-06-18T16:15:00Z,2026-06-18T18:15:00+0200,1003.05386,MW,DE,DE_LU,actual_onshore_wind_generation,Wind Onshore,2026-06-27T21:08:22Z
2026-06-27T21:06:46Z,2026-06-27T23:06:46+0200,44400f30-2862-403b-aedb-c9bc80837e62,2026-06-18T16:30:00Z,2026-06-18T18:30:00+0200,832.14887,MW,DE,DE_LU,actual_onshore_wind_generation,Wind Onshore,2026-06-27T21:08:22Z
2026-06-27T21:06:46Z,2026-06-27T23:06:46+0200,44400f30-2862-403b-aedb-c9bc80837e62,2026-06-18T16:45:00Z,2026-06-18T18:45:00+0200,691.45053,MW,DE,DE_LU,actual_onshore_wind_generation,Wind Onshore,2026-06-27T21:08:22Z
2026-06-27T21:06:46Z,2026-06-27T23:06:46+0200,44400f30-2862-403b-aedb-c9bc80837e62,2026-06-18T17:00:00Z,2026-06-18T19:00:00+0200,564.58125,MW,DE,DE_LU,actual_onshore_wind_generation,Wind Onshore,2026-06-27T21:08:22Z
2026-06-27T21:06:46Z,2026-06-27T23:06:46+0200,44400f30-2862-403b-aedb-c9bc80837e62,2026-06-18T17:15:00Z,2026-06-18T19:15:00+0200,501.5281,MW,DE,DE_LU,actual_onshore_wind_generation,Wind Onshore,2026-06-27T21:08:22Z
2026-06-27T21:06:46Z,2026-06-27T23:06:46+0200,44400f30-2862-403b-aedb-c9bc80837e62,2026-06-18T17:30:00Z,2026-06-18T19:30:00+0200,439.62031,MW,DE,DE_LU,actual_onshore_wind_generation,Wind Onshore,2026-06-27T21:08:22Z
2026-06-27T21:06:46Z,2026-06-27T23:06:46+0200,44400f30-2862-403b-aedb-c9bc80837e62,2026-06-18T17:45:00Z,2026-06-18T19:45:00+0200,436.31887,MW,DE,DE_LU,actual_onshore_wind_generation,Wind Onshore,2026-06-27T21:08:22Z
2026-06-27T21:06:46Z,2026-06-27T23:06:46+0200,44400f30-2862-403b-aedb-c9bc80837e62,2026-06-18T18:00:00Z,2026-06-18T20:00:00+0200,468.83224,MW,DE,DE_LU,actual_onshore_wind_generation,Wind Onshore,2026-06-27T21:08:22Z
2026-06-27T21:06:46Z,2026-06-27T23:06:46+0200,44400f30-2862-403b-aedb-c9bc80837e62,2026-06-18T18:15:00Z,2026-06-18T20:15:00+0200,483.32104,MW,DE,DE_LU,actual_onshore_wind_generation,Wind Onshore,2026-06-27T21:08:22Z
2026-06-27T21:06:46Z,2026-06-27T23:06:46+0200,44400f30-2862-403b-aedb-c9bc80837e62,2026-06-18T18:30:00Z,2026-06-18T20:30:00+0200,533.56391,MW,DE,DE_LU,actual_onshore_wind_generation,Wind Onshore,2026-06-27T21:08:22Z
2026-06-27T21:06:46Z,2026-06-27T23:06:46+0200,44400f30-2862-403b-aedb-c9bc80837e62,2026-06-18T18:45:00Z,2026-06-18T20:45:00+0200,614.57371,MW,DE,DE_LU,actual_onshore_wind_generation,Wind Onshore,2026-06-27T21:08:22Z
2026-06-27T21:06:46Z,2026-06-27T23:06:46+0200,44400f30-2862-403b-aedb-c9bc80837e62,2026-06-18T19:00:00Z,2026-06-18T21:00:00+0200,757.61676,MW,DE,DE_LU,actual_onshore_wind_generation,Wind Onshore,2026-06-27T21:08:22Z
2026-06-27T21:06:46Z,2026-06-27T23:06:46+0200,44400f30-2862-403b-aedb-c9bc80837e62,2026-06-18T19:15:00Z,2026-06-18T21:15:00+0200,921.88578,MW,DE,DE_LU,actual_onshore_wind_generation,Wind Onshore,2026-06-27T21:08:22Z
2026-06-27T21:06:46Z,2026-06-27T23:06:46+0200,44400f30-2862-403b-aedb-c9bc80837e62,2026-06-18T19:30:00Z,2026-06-18T21:30:00+0200,1055.25356,MW,DE,DE_LU,actual_onshore_wind_generation,Wind Onshore,2026-06-27T21:08:22Z
2026-06-27T21:06:46Z,2026-06-27T23:06:46+0200,44400f30-2862-403b-aedb-c9bc80837e62,2026-06-18T19:45:00Z,2026-06-18T21:45:00+0200,1146.07074,MW,DE,DE_LU,actual_onshore_wind_generation,Wind Onshore,2026-06-27T21:08:22Z
2026-06-27T21:06:46Z,2026-06-27T23:06:46+0200,44400f30-2862-403b-aedb-c9bc80837e62,2026-06-18T20:00:00Z,2026-06-18T22:00:00+0200,1335.06837,MW,DE,DE_LU,actual_onshore_wind_generation,Wind Onshore,2026-06-27T21:08:22Z
2026-06-27T21:06:46Z,2026-06-27T23:06:46+0200,44400f30-2862-403b-aedb-c9bc80837e62,2026-06-18T20:15:00Z,2026-06-18T22:15:00+0200,1552.96265,MW,DE,DE_LU,actual_onshore_wind_generation,Wind Onshore,2026-06-27T21:08:22Z
2026-06-27T21:06:46Z,2026-06-27T23:06:46+0200,44400f30-2862-403b-aedb-c9bc80837e62,2026-06-18T20:30:00Z,2026-06-18T22:30:00+0200,1856.53824,MW,DE,DE_LU,actual_onshore_wind_generation,Wind Onshore,2026-06-27T21:08:22Z
2026-06-27T21:06:46Z,2026-06-27T23:06:46+0200,44400f30-2862-403b-aedb-c9bc80837e62,2026-06-18T20:45:00Z,2026-06-18T22:45:00+0200,2118.3181,MW,DE,DE_LU,actual_onshore_wind_generation,Wind Onshore,2026-06-27T21:08:22Z
2026-06-27T21:06:46Z,2026-06-27T23:06:46+0200,44400f30-2862-403b-aedb-c9bc80837e62,2026-06-18T21:00:00Z,2026-06-18T23:00:00+0200,2372.04639,MW,DE,DE_LU,actual_onshore_wind_generation,Wind Onshore,2026-06-27T21:08:22Z
2026-06-27T21:06:46Z,2026-06-27T23:06:46+0200,44400f30-2862-403b-aedb-c9bc80837e62,2026-06-18T21:15:00Z,2026-06-18T23:15:00+0200,2650.11071,MW,DE,DE_LU,actual_onshore_wind_generation,Wind Onshore,2026-06-27T21:08:22Z
2026-06-27T21:06:46Z,2026-06-27T23:06:46+0200,44400f30-2862-403b-aedb-c9bc80837e62,2026-06-18T21:30:00Z,2026-06-18T23:30:00+0200,2950.73195,MW,DE,DE_LU,actual_onshore_wind_generation,Wind Onshore,2026-06-27T21:08:22Z
2026-06-27T21:06:46Z,2026-06-27T23:06:46+0200,44400f30-2862-403b-aedb-c9bc80837e62,2026-06-18T21:45:00Z,2026-06-18T23:45:00+0200,3293.60782,MW,DE,DE_LU,actual_onshore_wind_generation,Wind Onshore,2026-06-27T21:08:22Z
2026-06-27T21:06:46Z,2026-06-27T23:06:46+0200,44400f30-2862-403b-aedb-c9bc80837e62,2026-06-18T22:00:00Z,2026-06-19T00:00:00+0200,3655.96694,MW,DE,DE_LU,actual_onshore_wind_generation,Wind Onshore,2026-06-27T21:08:22Z
2026-06-27T21:06:46Z,2026-06-27T23:06:46+0200,44400f30-2862-403b-aedb-c9bc80837e62,2026-06-18T22:15:00Z,2026-06-19T00:15:00+0200,3987.80439,MW,DE,DE_LU,actual_onshore_wind_generation,Wind Onshore,2026-06-27T21:08:22Z
2026-06-27T21:06:46Z,2026-06-27T23:06:46+0200,44400f30-2862-403b-aedb-c9bc80837e62,2026-06-18T22:30:00Z,2026-06-19T00:30:00+0200,4436.30167,MW,DE,DE_LU,actual_onshore_wind_generation,Wind Onshore,2026-06-27T21:08:22Z
2026-06-27T21:06:46Z,2026-06-27T23:06:46+0200,44400f30-2862-403b-aedb-c9bc80837e62,2026-06-18T22:45:00Z,2026-06-19T00:45:00+0200,5285.95955,MW,DE,DE_LU,actual_onshore_wind_generation,Wind Onshore,2026-06-27T21:08:22Z
2026-06-27T21:06:46Z,2026-06-27T23:06:46+0200,44400f30-2862-403b-aedb-c9bc80837e62,2026-06-18T23:00:00Z,2026-06-19T01:00:00+0200,6077.17302,MW,DE,DE_LU,actual_onshore_wind_generation,Wind Onshore,2026-06-27T21:08:22Z
2026-06-27T21:06:46Z,2026-06-27T23:06:46+0200,44400f30-2862-403b-aedb-c9bc80837e62,2026-06-18T23:15:00Z,2026-06-19T01:15:00+0200,6656.7605,MW,DE,DE_LU,actual_onshore_wind_generation,Wind Onshore,2026-06-27T21:08:22Z
2026-06-27T21:06:46Z,2026-06-27T23:06:46+0200,44400f30-2862-403b-aedb-c9bc80837e62,2026-06-18T23:30:00Z,2026-06-19T01:30:00+0200,7062.13953,MW,DE,DE_LU,actual_onshore_wind_generation,Wind Onshore,2026-06-27T21:08:22Z
2026-06-27T21:06:46Z,2026-06-27T23:06:46+0200,44400f30-2862-403b-aedb-c9bc80837e62,2026-06-18T23:45:00Z,2026-06-19T01:45:00+0200,7431.97678,MW,DE,DE_LU,actual_onshore_wind_generation,Wind Onshore,2026-06-27T21:08:22Z
2026-06-27T21:06:46Z,2026-06-27T23:06:46+0200,44400f30-2862-403b-aedb-c9bc80837e62,2026-06-19T00:00:00Z,2026-06-19T02:00:00+0200,7857.28861,MW,DE,DE_LU,actual_onshore_wind_generation,Wind Onshore,2026-06-27T21:08:22Z
2026-06-27T21:06:46Z,2026-06-27T23:06:46+0200,44400f30-2862-403b-aedb-c9bc80837e62,2026-06-19T00:15:00Z,2026-06-19T02:15:00+0200,8325.99989,MW,DE,DE_LU,actual_onshore_wind_generation,Wind Onshore,2026-06-27T21:08:22Z
2026-06-27T21:06:46Z,2026-06-27T23:06:46+0200,44400f30-2862-403b-aedb-c9bc80837e62,2026-06-19T00:30:00Z,2026-06-19T02:30:00+0200,8429.26612,MW,DE,DE_LU,actual_onshore_wind_generation,Wind Onshore,2026-06-27T21:08:22Z
2026-06-27T21:06:46Z,2026-06-27T23:06:46+0200,44400f30-2862-403b-aedb-c9bc80837e62,2026-06-19T00:45:00Z,2026-06-19T02:45:00+0200,8694.30015,MW,DE,DE_LU,actual_onshore_wind_generation,Wind Onshore,2026-06-27T21:08:22Z
2026-06-27T21:06:46Z,2026-06-27T23:06:46+0200,44400f30-2862-403b-aedb-c9bc80837e62,2026-06-19T01:00:00Z,2026-06-19T03:00:00+0200,8664.43879,MW,DE,DE_LU,actual_onshore_wind_generation,Wind Onshore,2026-06-27T21:08:22Z
2026-06-27T21:06:46Z,2026-06-27T23:06:46+0200,44400f30-2862-403b-aedb-c9bc80837e62,2026-06-19T01:15:00Z,2026-06-19T03:15:00+0200,8928.62066,MW,DE,DE_LU,actual_onshore_wind_generation,Wind Onshore,2026-06-27T21:08:22Z
2026-06-27T21:06:46Z,2026-06-27T23:06:46+0200,44400f30-2862-403b-aedb-c9bc80837e62,2026-06-19T01:30:00Z,2026-06-19T03:30:00+0200,8764.55818,MW,DE,DE_LU,actual_onshore_wind_generation,Wind Onshore,2026-06-27T21:08:22Z
2026-06-27T21:06:46Z,2026-06-27T23:06:46+0200,44400f30-2862-403b-aedb-c9bc80837e62,2026-06-19T01:45:00Z,2026-06-19T03:45:00+0200,8338.96608,MW,DE,DE_LU,actual_onshore_wind_generation,Wind Onshore,2026-06-27T21:08:22Z
2026-06-27T21:06:46Z,2026-06-27T23:06:46+0200,44400f30-2862-403b-aedb-c9bc80837e62,2026-06-19T02:00:00Z,2026-06-19T04:00:00+0200,8122.66212,MW,DE,DE_LU,actual_onshore_wind_generation,Wind Onshore,2026-06-27T21:08:22Z
2026-06-27T21:06:46Z,2026-06-27T23:06:46+0200,44400f30-2862-403b-aedb-c9bc80837e62,2026-06-19T02:15:00Z,2026-06-19T04:15:00+0200,8014.02132,MW,DE,DE_LU,actual_onshore_wind_generation,Wind Onshore,2026-06-27T21:08:22Z
2026-06-27T21:06:46Z,2026-06-27T23:06:46+0200,44400f30-2862-403b-aedb-c9bc80837e62,2026-06-19T02:30:00Z,2026-06-19T04:30:00+0200,7607.27795,MW,DE,DE_LU,actual_onshore_wind_generation,Wind Onshore,2026-06-27T21:08:22Z
2026-06-27T21:06:46Z,2026-06-27T23:06:46+0200,44400f30-2862-403b-aedb-c9bc80837e62,2026-06-19T02:45:00Z,2026-06-19T04:45:00+0200,7047.46008,MW,DE,DE_LU,actual_onshore_wind_generation,Wind Onshore,2026-06-27T21:08:22Z
2026-06-27T21:06:46Z,2026-06-27T23:06:46+0200,44400f30-2862-403b-aedb-c9bc80837e62,2026-06-19T03:00:00Z,2026-06-19T05:00:00+0200,6866.45687,MW,DE,DE_LU,actual_onshore_wind_generation,Wind Onshore,2026-06-27T21:08:22Z
2026-06-27T21:06:46Z,2026-06-27T23:06:46+0200,44400f30-2862-403b-aedb-c9bc80837e62,2026-06-19T03:15:00Z,2026-06-19T05:15:00+0200,6854.18546,MW,DE,DE_LU,actual_onshore_wind_generation,Wind Onshore,2026-06-27T21:08:22Z
2026-06-27T21:06:46Z,2026-06-27T23:06:46+0200,44400f30-2862-403b-aedb-c9bc80837e62,2026-06-19T03:30:00Z,2026-06-19T05:30:00+0200,6650.50834,MW,DE,DE_LU,actual_onshore_wind_generation,Wind Onshore,2026-06-27T21:08:22Z
2026-06-27T21:06:46Z,2026-06-27T23:06:46+0200,44400f30-2862-403b-aedb-c9bc80837e62,2026-06-19T03:45:00Z,2026-06-19T05:45:00+0200,6534.72657,MW,DE,DE_LU,actual_onshore_wind_generation,Wind Onshore,2026-06-27T21:08:22Z
2026-06-27T21:06:46Z,2026-06-27T23:06:46+0200,44400f30-2862-403b-aedb-c9bc80837e62,2026-06-19T04:00:00Z,2026-06-19T06:00:00+0200,6556.90854,MW,DE,DE_LU,actual_onshore_wind_generation,Wind Onshore,2026-06-27T21:08:22Z
2026-06-27T21:06:46Z,2026-06-27T23:06:46+0200,44400f30-2862-403b-aedb-c9bc80837e62,2026-06-19T04:15:00Z,2026-06-19T06:15:00+0200,6375.79029,MW,DE,DE_LU,actual_onshore_wind_generation,Wind Onshore,2026-06-27T21:08:22Z
2026-06-27T21:06:46Z,2026-06-27T23:06:46+0200,44400f30-2862-403b-aedb-c9bc80837e62,2026-06-19T04:30:00Z,2026-06-19T06:30:00+0200,6123.08441,MW,DE,DE_LU,actual_onshore_wind_generation,Wind Onshore,2026-06-27T21:08:22Z
2026-06-27T21:06:46Z,2026-06-27T23:06:46+0200,44400f30-2862-403b-aedb-c9bc80837e62,2026-06-19T04:45:00Z,2026-06-19T06:45:00+0200,6007.07388,MW,DE,DE_LU,actual_onshore_wind_generation,Wind Onshore,2026-06-27T21:08:22Z
2026-06-27T21:06:46Z,2026-06-27T23:06:46+0200,44400f30-2862-403b-aedb-c9bc80837e62,2026-06-19T05:00:00Z,2026-06-19T07:00:00+0200,5752.7738,MW,DE,DE_LU,actual_onshore_wind_generation,Wind Onshore,2026-06-27T21:08:22Z
2026-06-27T21:06:46Z,2026-06-27T23:06:46+0200,44400f30-2862-403b-aedb-c9bc80837e62,2026-06-19T05:15:00Z,2026-06-19T07:15:00+0200,5624.53121,MW,DE,DE_LU,actual_onshore_wind_generation,Wind Onshore,2026-06-27T21:08:22Z
2026-06-27T21:06:46Z,2026-06-27T23:06:46+0200,44400f30-2862-403b-aedb-c9bc80837e62,2026-06-19T05:30:00Z,2026-06-19T07:30:00+0200,5207.86406,MW,DE,DE_LU,actual_onshore_wind_generation,Wind Onshore,2026-06-27T21:08:22Z
2026-06-27T21:06:46Z,2026-06-27T23:06:46+0200,44400f30-2862-403b-aedb-c9bc80837e62,2026-06-19T05:45:00Z,2026-06-19T07:45:00+0200,4656.89308,MW,DE,DE_LU,actual_onshore_wind_generation,Wind Onshore,2026-06-27T21:08:22Z
2026-06-27T21:06:46Z,2026-06-27T23:06:46+0200,44400f30-2862-403b-aedb-c9bc80837e62,2026-06-19T06:00:00Z,2026-06-19T08:00:00+0200,4185.70016,MW,DE,DE_LU,actual_onshore_wind_generation,Wind Onshore,2026-06-27T21:08:22Z
2026-06-27T21:06:46Z,2026-06-27T23:06:46+0200,44400f30-2862-403b-aedb-c9bc80837e62,2026-06-19T06:15:00Z,2026-06-19T08:15:00+0200,3671.33168,MW,DE,DE_LU,actual_onshore_wind_generation,Wind Onshore,2026-06-27T21:08:22Z
2026-06-27T21:06:46Z,2026-06-27T23:06:46+0200,44400f30-2862-403b-aedb-c9bc80837e62,2026-06-19T06:30:00Z,2026-06-19T08:30:00+0200,3069.58118,MW,DE,DE_LU,actual_onshore_wind_generation,Wind Onshore,2026-06-27T21:08:22Z
2026-06-27T21:06:46Z,2026-06-27T23:06:46+0200,44400f30-2862-403b-aedb-c9bc80837e62,2026-06-19T06:45:00Z,2026-06-19T08:45:00+0200,2497.38773,MW,DE,DE_LU,actual_onshore_wind_generation,Wind Onshore,2026-06-27T21:08:22Z
2026-06-27T21:06:46Z,2026-06-27T23:06:46+0200,44400f30-2862-403b-aedb-c9bc80837e62,2026-06-19T07:00:00Z,2026-06-19T09:00:00+0200,2244.14747,MW,DE,DE_LU,actual_onshore_wind_generation,Wind Onshore,2026-06-27T21:08:22Z
2026-06-27T21:06:46Z,2026-06-27T23:06:46+0200,44400f30-2862-403b-aedb-c9bc80837e62,2026-06-19T07:15:00Z,2026-06-19T09:15:00+0200,2058.9895,MW,DE,DE_LU,actual_onshore_wind_generation,Wind Onshore,2026-06-27T21:08:22Z
2026-06-27T21:06:46Z,2026-06-27T23:06:46+0200,44400f30-2862-403b-aedb-c9bc80837e62,2026-06-19T07:30:00Z,2026-06-19T09:30:00+0200,1935.65201,MW,DE,DE_LU,actual_onshore_wind_generation,Wind Onshore,2026-06-27T21:08:22Z
2026-06-27T21:06:46Z,2026-06-27T23:06:46+0200,44400f30-2862-403b-aedb-c9bc80837e62,2026-06-19T07:45:00Z,2026-06-19T09:45:00+0200,1919.47824,MW,DE,DE_LU,actual_onshore_wind_generation,Wind Onshore,2026-06-27T21:08:22Z
2026-06-27T21:06:46Z,2026-06-27T23:06:46+0200,44400f30-2862-403b-aedb-c9bc80837e62,2026-06-19T08:00:00Z,2026-06-19T10:00:00+0200,1933.28097,MW,DE,DE_LU,actual_onshore_wind_generation,Wind Onshore,2026-06-27T21:08:22Z
2026-06-27T21:06:46Z,2026-06-27T23:06:46+0200,44400f30-2862-403b-aedb-c9bc80837e62,2026-06-19T08:15:00Z,2026-06-19T10:15:00+0200,1985.12425,MW,DE,DE_LU,actual_onshore_wind_generation,Wind Onshore,2026-06-27T21:08:22Z
2026-06-27T21:06:46Z,2026-06-27T23:06:46+0200,44400f30-2862-403b-aedb-c9bc80837e62,2026-06-19T08:30:00Z,2026-06-19T10:30:00+0200,2112.78202,MW,DE,DE_LU,actual_onshore_wind_generation,Wind Onshore,2026-06-27T21:08:22Z
2026-06-27T21:06:46Z,2026-06-27T23:06:46+0200,44400f30-2862-403b-aedb-c9bc80837e62,2026-06-19T08:45:00Z,2026-06-19T10:45:00+0200,2326.64898,MW,DE,DE_LU,actual_onshore_wind_generation,Wind Onshore,2026-06-27T21:08:22Z
2026-06-27T21:06:46Z,2026-06-27T23:06:46+0200,44400f30-2862-403b-aedb-c9bc80837e62,2026-06-19T09:00:00Z,2026-06-19T11:00:00+0200,2584.851,MW,DE,DE_LU,actual_onshore_wind_generation,Wind Onshore,2026-06-27T21:08:22Z
2026-06-27T21:06:46Z,2026-06-27T23:06:46+0200,44400f30-2862-403b-aedb-c9bc80837e62,2026-06-19T09:15:00Z,2026-06-19T11:15:00+0200,2777.37247,MW,DE,DE_LU,actual_onshore_wind_generation,Wind Onshore,2026-06-27T21:08:22Z
2026-06-27T21:06:46Z,2026-06-27T23:06:46+0200,44400f30-2862-403b-aedb-c9bc80837e62,2026-06-19T09:30:00Z,2026-06-19T11:30:00+0200,2816.1958,MW,DE,DE_LU,actual_onshore_wind_generation,Wind Onshore,2026-06-27T21:08:22Z
2026-06-27T21:06:46Z,2026-06-27T23:06:46+0200,44400f30-2862-403b-aedb-c9bc80837e62,2026-06-19T09:45:00Z,2026-06-19T11:45:00+0200,2679.62532,MW,DE,DE_LU,actual_onshore_wind_generation,Wind Onshore,2026-06-27T21:08:22Z
2026-06-27T21:06:46Z,2026-06-27T23:06:46+0200,44400f30-2862-403b-aedb-c9bc80837e62,2026-06-19T10:00:00Z,2026-06-19T12:00:00+0200,2761.28788,MW,DE,DE_LU,actual_onshore_wind_generation,Wind Onshore,2026-06-27T21:08:22Z
2026-06-27T21:06:46Z,2026-06-27T23:06:46+0200,44400f30-2862-403b-aedb-c9bc80837e62,2026-06-19T10:15:00Z,2026-06-19T12:15:00+0200,3002.38771,MW,DE,DE_LU,actual_onshore_wind_generation,Wind Onshore,2026-06-27T21:08:22Z
2026-06-27T21:06:46Z,2026-06-27T23:06:46+0200,44400f30-2862-403b-aedb-c9bc80837e62,2026-06-19T10:30:00Z,2026-06-19T12:30:00+0200,3307.79324,MW,DE,DE_LU,actual_onshore_wind_generation,Wind Onshore,2026-06-27T21:08:22Z
2026-06-27T21:06:46Z,2026-06-27T23:06:46+0200,44400f30-2862-403b-aedb-c9bc80837e62,2026-06-19T10:45:00Z,2026-06-19T12:45:00+0200,3422.02575,MW,DE,DE_LU,actual_onshore_wind_generation,Wind Onshore,2026-06-27T21:08:22Z
2026-06-27T21:06:46Z,2026-06-27T23:06:46+0200,44400f30-2862-403b-aedb-c9bc80837e62,2026-06-19T11:00:00Z,2026-06-19T13:00:00+0200,3275.49585,MW,DE,DE_LU,actual_onshore_wind_generation,Wind Onshore,2026-06-27T21:08:22Z
2026-06-27T21:06:46Z,2026-06-27T23:06:46+0200,44400f30-2862-403b-aedb-c9bc80837e62,2026-06-19T11:15:00Z,2026-06-19T13:15:00+0200,3256.06727,MW,DE,DE_LU,actual_onshore_wind_generation,Wind Onshore,2026-06-27T21:08:22Z
2026-06-27T21:06:46Z,2026-06-27T23:06:46+0200,44400f30-2862-403b-aedb-c9bc80837e62,2026-06-19T11:30:00Z,2026-06-19T13:30:00+0200,3336.02281,MW,DE,DE_LU,actual_onshore_wind_generation,Wind Onshore,2026-06-27T21:08:22Z
2026-06-27T21:06:46Z,2026-06-27T23:06:46+0200,44400f30-2862-403b-aedb-c9bc80837e62,2026-06-19T11:45:00Z,2026-06-19T13:45:00+0200,3570.23607,MW,DE,DE_LU,actual_onshore_wind_generation,Wind Onshore,2026-06-27T21:08:22Z
2026-06-27T21:06:46Z,2026-06-27T23:06:46+0200,44400f30-2862-403b-aedb-c9bc80837e62,2026-06-19T12:00:00Z,2026-06-19T14:00:00+0200,3611.90607,MW,DE,DE_LU,actual_onshore_wind_generation,Wind Onshore,2026-06-27T21:08:22Z
2026-06-27T21:06:46Z,2026-06-27T23:06:46+0200,44400f30-2862-403b-aedb-c9bc80837e62,2026-06-19T12:15:00Z,2026-06-19T14:15:00+0200,3536.69694,MW,DE,DE_LU,actual_onshore_wind_generation,Wind Onshore,2026-06-27T21:08:22Z
2026-06-27T21:06:46Z,2026-06-27T23:06:46+0200,44400f30-2862-403b-aedb-c9bc80837e62,2026-06-19T12:30:00Z,2026-06-19T14:30:00+0200,3442.27771,MW,DE,DE_LU,actual_onshore_wind_generation,Wind Onshore,2026-06-27T21:08:22Z
2026-06-27T21:06:46Z,2026-06-27T23:06:46+0200,44400f30-2862-403b-aedb-c9bc80837e62,2026-06-19T12:45:00Z,2026-06-19T14:45:00+0200,3580.27669,MW,DE,DE_LU,actual_onshore_wind_generation,Wind Onshore,2026-06-27T21:08:22Z
2026-06-27T21:06:46Z,2026-06-27T23:06:46+0200,44400f30-2862-403b-aedb-c9bc80837e62,2026-06-19T13:00:00Z,2026-06-19T15:00:00+0200,3406.31415,MW,DE,DE_LU,actual_onshore_wind_generation,Wind Onshore,2026-06-27T21:08:22Z
2026-06-27T21:06:46Z,2026-06-27T23:06:46+0200,44400f30-2862-403b-aedb-c9bc80837e62,2026-06-19T13:15:00Z,2026-06-19T15:15:00+0200,3551.63625,MW,DE,DE_LU,actual_onshore_wind_generation,Wind Onshore,2026-06-27T21:08:22Z
2026-06-27T21:06:46Z,2026-06-27T23:06:46+0200,44400f30-2862-403b-aedb-c9bc80837e62,2026-06-19T13:30:00Z,2026-06-19T15:30:00+0200,3556.53262,MW,DE,DE_LU,actual_onshore_wind_generation,Wind Onshore,2026-06-27T21:08:22Z
2026-06-27T21:06:46Z,2026-06-27T23:06:46+0200,44400f30-2862-403b-aedb-c9bc80837e62,2026-06-19T13:45:00Z,2026-06-19T15:45:00+0200,3445.90858,MW,DE,DE_LU,actual_onshore_wind_generation,Wind Onshore,2026-06-27T21:08:22Z
2026-06-27T21:06:46Z,2026-06-27T23:06:46+0200,44400f30-2862-403b-aedb-c9bc80837e62,2026-06-19T14:00:00Z,2026-06-19T16:00:00+0200,3331.39592,MW,DE,DE_LU,actual_onshore_wind_generation,Wind Onshore,2026-06-27T21:08:22Z
2026-06-27T21:06:46Z,2026-06-27T23:06:46+0200,44400f30-2862-403b-aedb-c9bc80837e62,2026-06-19T14:15:00Z,2026-06-19T16:15:00+0200,3237.38519,MW,DE,DE_LU,actual_onshore_wind_generation,Wind Onshore,2026-06-27T21:08:22Z
2026-06-27T21:06:46Z,2026-06-27T23:06:46+0200,44400f30-2862-403b-aedb-c9bc80837e62,2026-06-19T14:30:00Z,2026-06-19T16:30:00+0200,3283.52507,MW,DE,DE_LU,actual_onshore_wind_generation,Wind Onshore,2026-06-27T21:08:22Z
2026-06-27T21:06:46Z,2026-06-27T23:06:46+0200,44400f30-2862-403b-aedb-c9bc80837e62,2026-06-19T14:45:00Z,2026-06-19T16:45:00+0200,3241.22425,MW,DE,DE_LU,actual_onshore_wind_generation,Wind Onshore,2026-06-27T21:08:22Z
2026-06-27T21:06:46Z,2026-06-27T23:06:46+0200,44400f30-2862-403b-aedb-c9bc80837e62,2026-06-19T15:00:00Z,2026-06-19T17:00:00+0200,3185.2441,MW,DE,DE_LU,actual_onshore_wind_generation,Wind Onshore,2026-06-27T21:08:22Z
2026-06-27T21:06:46Z,2026-06-27T23:06:46+0200,44400f30-2862-403b-aedb-c9bc80837e62,2026-06-19T15:15:00Z,2026-06-19T17:15:00+0200,3246.17981,MW,DE,DE_LU,actual_onshore_wind_generation,Wind Onshore,2026-06-27T21:08:22Z
2026-06-27T21:06:46Z,2026-06-27T23:06:46+0200,44400f30-2862-403b-aedb-c9bc80837e62,2026-06-19T15:30:00Z,2026-06-19T17:30:00+0200,3307.58391,MW,DE,DE_LU,actual_onshore_wind_generation,Wind Onshore,2026-06-27T21:08:22Z
2026-06-27T21:06:46Z,2026-06-27T23:06:46+0200,44400f30-2862-403b-aedb-c9bc80837e62,2026-06-19T15:45:00Z,2026-06-19T17:45:00+0200,3429.56108,MW,DE,DE_LU,actual_onshore_wind_generation,Wind Onshore,2026-06-27T21:08:22Z
2026-06-27T21:06:46Z,2026-06-27T23:06:46+0200,44400f30-2862-403b-aedb-c9bc80837e62,2026-06-19T16:00:00Z,2026-06-19T18:00:00+0200,3768.17011,MW,DE,DE_LU,actual_onshore_wind_generation,Wind Onshore,2026-06-27T21:08:22Z
2026-06-27T21:06:46Z,2026-06-27T23:06:46+0200,44400f30-2862-403b-aedb-c9bc80837e62,2026-06-19T16:15:00Z,2026-06-19T18:15:00+0200,3669.97595,MW,DE,DE_LU,actual_onshore_wind_generation,Wind Onshore,2026-06-27T21:08:22Z
2026-06-27T21:06:46Z,2026-06-27T23:06:46+0200,44400f30-2862-403b-aedb-c9bc80837e62,2026-06-19T16:30:00Z,2026-06-19T18:30:00+0200,3579.01298,MW,DE,DE_LU,actual_onshore_wind_generation,Wind Onshore,2026-06-27T21:08:22Z
2026-06-27T21:06:46Z,2026-06-27T23:06:46+0200,44400f30-2862-403b-aedb-c9bc80837e62,2026-06-19T16:45:00Z,2026-06-19T18:45:00+0200,3656.2098,MW,DE,DE_LU,actual_onshore_wind_generation,Wind Onshore,2026-06-27T21:08:22Z
2026-06-27T21:06:46Z,2026-06-27T23:06:46+0200,44400f30-2862-403b-aedb-c9bc80837e62,2026-06-19T17:00:00Z,2026-06-19T19:00:00+0200,3478.39032,MW,DE,DE_LU,actual_onshore_wind_generation,Wind Onshore,2026-06-27T21:08:22Z
2026-06-27T21:06:46Z,2026-06-27T23:06:46+0200,44400f30-2862-403b-aedb-c9bc80837e62,2026-06-19T17:15:00Z,2026-06-19T19:15:00+0200,3286.60197,MW,DE,DE_LU,actual_onshore_wind_generation,Wind Onshore,2026-06-27T21:08:22Z
2026-06-27T21:06:46Z,2026-06-27T23:06:46+0200,44400f30-2862-403b-aedb-c9bc80837e62,2026-06-19T17:30:00Z,2026-06-19T19:30:00+0200,3160.88723,MW,DE,DE_LU,actual_onshore_wind_generation,Wind Onshore,2026-06-27T21:08:22Z
2026-06-27T21:06:46Z,2026-06-27T23:06:46+0200,44400f30-2862-403b-aedb-c9bc80837e62,2026-06-19T17:45:00Z,2026-06-19T19:45:00+0200,3237.84124,MW,DE,DE_LU,actual_onshore_wind_generation,Wind Onshore,2026-06-27T21:08:22Z
2026-06-27T21:06:46Z,2026-06-27T23:06:46+0200,44400f30-2862-403b-aedb-c9bc80837e62,2026-06-19T18:00:00Z,2026-06-19T20:00:00+0200,3384.87176,MW,DE,DE_LU,actual_onshore_wind_generation,Wind Onshore,2026-06-27T21:08:22Z
2026-06-27T21:06:46Z,2026-06-27T23:06:46+0200,44400f30-2862-403b-aedb-c9bc80837e62,2026-06-19T18:15:00Z,2026-06-19T20:15:00+0200,3840.68548,MW,DE,DE_LU,actual_onshore_wind_generation,Wind Onshore,2026-06-27T21:08:22Z
2026-06-27T21:06:46Z,2026-06-27T23:06:46+0200,44400f30-2862-403b-aedb-c9bc80837e62,2026-06-19T18:30:00Z,2026-06-19T20:30:00+0200,4572.49431,MW,DE,DE_LU,actual_onshore_wind_generation,Wind Onshore,2026-06-27T21:08:22Z
2026-06-27T21:06:46Z,2026-06-27T23:06:46+0200,44400f30-2862-403b-aedb-c9bc80837e62,2026-06-19T18:45:00Z,2026-06-19T20:45:00+0200,5242.26204,MW,DE,DE_LU,actual_onshore_wind_generation,Wind Onshore,2026-06-27T21:08:22Z
2026-06-27T21:06:46Z,2026-06-27T23:06:46+0200,44400f30-2862-403b-aedb-c9bc80837e62,2026-06-19T19:00:00Z,2026-06-19T21:00:00+0200,6077.51482,MW,DE,DE_LU,actual_onshore_wind_generation,Wind Onshore,2026-06-27T21:08:22Z
2026-06-27T21:06:46Z,2026-06-27T23:06:46+0200,44400f30-2862-403b-aedb-c9bc80837e62,2026-06-19T19:15:00Z,2026-06-19T21:15:00+0200,7344.95824,MW,DE,DE_LU,actual_onshore_wind_generation,Wind Onshore,2026-06-27T21:08:22Z
2026-06-27T21:06:46Z,2026-06-27T23:06:46+0200,44400f30-2862-403b-aedb-c9bc80837e62,2026-06-19T19:30:00Z,2026-06-19T21:30:00+0200,8676.72679,MW,DE,DE_LU,actual_onshore_wind_generation,Wind Onshore,2026-06-27T21:08:22Z
2026-06-27T21:06:46Z,2026-06-27T23:06:46+0200,44400f30-2862-403b-aedb-c9bc80837e62,2026-06-19T19:45:00Z,2026-06-19T21:45:00+0200,9590.24404,MW,DE,DE_LU,actual_onshore_wind_generation,Wind Onshore,2026-06-27T21:08:22Z
2026-06-27T21:06:46Z,2026-06-27T23:06:46+0200,44400f30-2862-403b-aedb-c9bc80837e62,2026-06-19T20:00:00Z,2026-06-19T22:00:00+0200,10069.40913,MW,DE,DE_LU,actual_onshore_wind_generation,Wind Onshore,2026-06-27T21:08:22Z
2026-06-27T21:06:46Z,2026-06-27T23:06:46+0200,44400f30-2862-403b-aedb-c9bc80837e62,2026-06-19T20:15:00Z,2026-06-19T22:15:00+0200,11291.65229,MW,DE,DE_LU,actual_onshore_wind_generation,Wind Onshore,2026-06-27T21:08:22Z
2026-06-27T21:06:46Z,2026-06-27T23:06:46+0200,44400f30-2862-403b-aedb-c9bc80837e62,2026-06-19T20:30:00Z,2026-06-19T22:30:00+0200,12154.44956,MW,DE,DE_LU,actual_onshore_wind_generation,Wind Onshore,2026-06-27T21:08:22Z
2026-06-27T21:06:46Z,2026-06-27T23:06:46+0200,44400f30-2862-403b-aedb-c9bc80837e62,2026-06-19T20:45:00Z,2026-06-19T22:45:00+0200,12968.39266,MW,DE,DE_LU,actual_onshore_wind_generation,Wind Onshore,2026-06-27T21:08:22Z
2026-06-27T21:06:46Z,2026-06-27T23:06:46+0200,44400f30-2862-403b-aedb-c9bc80837e62,2026-06-19T21:00:00Z,2026-06-19T23:00:00+0200,13774.09211,MW,DE,DE_LU,actual_onshore_wind_generation,Wind Onshore,2026-06-27T21:08:22Z
2026-06-27T21:06:46Z,2026-06-27T23:06:46+0200,44400f30-2862-403b-aedb-c9bc80837e62,2026-06-19T21:15:00Z,2026-06-19T23:15:00+0200,14345.13359,MW,DE,DE_LU,actual_onshore_wind_generation,Wind Onshore,2026-06-27T21:08:22Z
2026-06-27T21:06:46Z,2026-06-27T23:06:46+0200,44400f30-2862-403b-aedb-c9bc80837e62,2026-06-19T21:30:00Z,2026-06-19T23:30:00+0200,14831.5951,MW,DE,DE_LU,actual_onshore_wind_generation,Wind Onshore,2026-06-27T21:08:22Z
2026-06-27T21:06:46Z,2026-06-27T23:06:46+0200,44400f30-2862-403b-aedb-c9bc80837e62,2026-06-19T21:45:00Z,2026-06-19T23:45:00+0200,15239.62173,MW,DE,DE_LU,actual_onshore_wind_generation,Wind Onshore,2026-06-27T21:08:22Z
2026-06-27T21:06:46Z,2026-06-27T23:06:46+0200,44400f30-2862-403b-aedb-c9bc80837e62,2026-06-19T22:00:00Z,2026-06-20T00:00:00+0200,15939.21903,MW,DE,DE_LU,actual_onshore_wind_generation,Wind Onshore,2026-06-27T21:08:22Z
2026-06-27T21:06:46Z,2026-06-27T23:06:46+0200,44400f30-2862-403b-aedb-c9bc80837e62,2026-06-19T22:15:00Z,2026-06-20T00:15:00+0200,15954.35798,MW,DE,DE_LU,actual_onshore_wind_generation,Wind Onshore,2026-06-27T21:08:22Z
2026-06-27T21:06:46Z,2026-06-27T23:06:46+0200,44400f30-2862-403b-aedb-c9bc80837e62,2026-06-19T22:30:00Z,2026-06-20T00:30:00+0200,16171.46771,MW,DE,DE_LU,actual_onshore_wind_generation,Wind Onshore,2026-06-27T21:08:22Z
2026-06-27T21:06:46Z,2026-06-27T23:06:46+0200,44400f30-2862-403b-aedb-c9bc80837e62,2026-06-19T22:45:00Z,2026-06-20T00:45:00+0200,16994.99389,MW,DE,DE_LU,actual_onshore_wind_generation,Wind Onshore,2026-06-27T21:08:22Z
2026-06-27T21:06:46Z,2026-06-27T23:06:46+0200,44400f30-2862-403b-aedb-c9bc80837e62,2026-06-19T23:00:00Z,2026-06-20T01:00:00+0200,17110.39433,MW,DE,DE_LU,actual_onshore_wind_generation,Wind Onshore,2026-06-27T21:08:22Z
2026-06-27T21:06:46Z,2026-06-27T23:06:46+0200,44400f30-2862-403b-aedb-c9bc80837e62,2026-06-19T23:15:00Z,2026-06-20T01:15:00+0200,16588.7379,MW,DE,DE_LU,actual_onshore_wind_generation,Wind Onshore,2026-06-27T21:08:22Z
2026-06-27T21:06:46Z,2026-06-27T23:06:46+0200,44400f30-2862-403b-aedb-c9bc80837e62,2026-06-19T23:30:00Z,2026-06-20T01:30:00+0200,16984.21065,MW,DE,DE_LU,actual_onshore_wind_generation,Wind Onshore,2026-06-27T21:08:22Z
2026-06-27T21:06:46Z,2026-06-27T23:06:46+0200,44400f30-2862-403b-aedb-c9bc80837e62,2026-06-19T23:45:00Z,2026-06-20T01:45:00+0200,17253.65654,MW,DE,DE_LU,actual_onshore_wind_generation,Wind Onshore,2026-06-27T21:08:22Z
2026-06-27T21:06:46Z,2026-06-27T23:06:46+0200,44400f30-2862-403b-aedb-c9bc80837e62,2026-06-20T00:00:00Z,2026-06-20T02:00:00+0200,17094.89873,MW,DE,DE_LU,actual_onshore_wind_generation,Wind Onshore,2026-06-27T21:08:22Z
2026-06-27T21:06:46Z,2026-06-27T23:06:46+0200,44400f30-2862-403b-aedb-c9bc80837e62,2026-06-20T00:15:00Z,2026-06-20T02:15:00+0200,17110.04298,MW,DE,DE_LU,actual_onshore_wind_generation,Wind Onshore,2026-06-27T21:08:22Z
2026-06-27T21:06:46Z,2026-06-27T23:06:46+0200,44400f30-2862-403b-aedb-c9bc80837e62,2026-06-20T00:30:00Z,2026-06-20T02:30:00+0200,16931.92827,MW,DE,DE_LU,actual_onshore_wind_generation,Wind Onshore,2026-06-27T21:08:22Z
2026-06-27T21:06:46Z,2026-06-27T23:06:46+0200,44400f30-2862-403b-aedb-c9bc80837e62,2026-06-20T00:45:00Z,2026-06-20T02:45:00+0200,17134.24783,MW,DE,DE_LU,actual_onshore_wind_generation,Wind Onshore,2026-06-27T21:08:22Z
2026-06-27T21:06:46Z,2026-06-27T23:06:46+0200,44400f30-2862-403b-aedb-c9bc80837e62,2026-06-20T01:00:00Z,2026-06-20T03:00:00+0200,15617.42378,MW,DE,DE_LU,actual_onshore_wind_generation,Wind Onshore,2026-06-27T21:08:22Z
2026-06-27T21:06:46Z,2026-06-27T23:06:46+0200,44400f30-2862-403b-aedb-c9bc80837e62,2026-06-20T01:15:00Z,2026-06-20T03:15:00+0200,14156.52945,MW,DE,DE_LU,actual_onshore_wind_generation,Wind Onshore,2026-06-27T21:08:22Z
2026-06-27T21:06:46Z,2026-06-27T23:06:46+0200,44400f30-2862-403b-aedb-c9bc80837e62,2026-06-20T01:30:00Z,2026-06-20T03:30:00+0200,13102.4347,MW,DE,DE_LU,actual_onshore_wind_generation,Wind Onshore,2026-06-27T21:08:22Z
2026-06-27T21:06:46Z,2026-06-27T23:06:46+0200,44400f30-2862-403b-aedb-c9bc80837e62,2026-06-20T01:45:00Z,2026-06-20T03:45:00+0200,12091.95699,MW,DE,DE_LU,actual_onshore_wind_generation,Wind Onshore,2026-06-27T21:08:22Z
2026-06-27T21:06:46Z,2026-06-27T23:06:46+0200,44400f30-2862-403b-aedb-c9bc80837e62,2026-06-20T02:00:00Z,2026-06-20T04:00:00+0200,11301.93785,MW,DE,DE_LU,actual_onshore_wind_generation,Wind Onshore,2026-06-27T21:08:22Z
2026-06-27T21:06:46Z,2026-06-27T23:06:46+0200,44400f30-2862-403b-aedb-c9bc80837e62,2026-06-20T02:15:00Z,2026-06-20T04:15:00+0200,10522.628,MW,DE,DE_LU,actual_onshore_wind_generation,Wind Onshore,2026-06-27T21:08:22Z
2026-06-27T21:06:46Z,2026-06-27T23:06:46+0200,44400f30-2862-403b-aedb-c9bc80837e62,2026-06-20T02:30:00Z,2026-06-20T04:30:00+0200,9534.58604,MW,DE,DE_LU,actual_onshore_wind_generation,Wind Onshore,2026-06-27T21:08:22Z
2026-06-27T21:06:46Z,2026-06-27T23:06:46+0200,44400f30-2862-403b-aedb-c9bc80837e62,2026-06-20T02:45:00Z,2026-06-20T04:45:00+0200,9315.33181,MW,DE,DE_LU,actual_onshore_wind_generation,Wind Onshore,2026-06-27T21:08:22Z
2026-06-27T21:06:46Z,2026-06-27T23:06:46+0200,44400f30-2862-403b-aedb-c9bc80837e62,2026-06-20T03:00:00Z,2026-06-20T05:00:00+0200,9326.38949,MW,DE,DE_LU,actual_onshore_wind_generation,Wind Onshore,2026-06-27T21:08:22Z
2026-06-27T21:06:46Z,2026-06-27T23:06:46+0200,44400f30-2862-403b-aedb-c9bc80837e62,2026-06-20T03:15:00Z,2026-06-20T05:15:00+0200,9705.8201,MW,DE,DE_LU,actual_onshore_wind_generation,Wind Onshore,2026-06-27T21:08:22Z
2026-06-27T21:06:46Z,2026-06-27T23:06:46+0200,44400f30-2862-403b-aedb-c9bc80837e62,2026-06-20T03:30:00Z,2026-06-20T05:30:00+0200,10442.90588,MW,DE,DE_LU,actual_onshore_wind_generation,Wind Onshore,2026-06-27T21:08:22Z
2026-06-27T21:06:46Z,2026-06-27T23:06:46+0200,44400f30-2862-403b-aedb-c9bc80837e62,2026-06-20T03:45:00Z,2026-06-20T05:45:00+0200,11307.28433,MW,DE,DE_LU,actual_onshore_wind_generation,Wind Onshore,2026-06-27T21:08:22Z
2026-06-27T21:06:46Z,2026-06-27T23:06:46+0200,44400f30-2862-403b-aedb-c9bc80837e62,2026-06-20T04:00:00Z,2026-06-20T06:00:00+0200,12447.06144,MW,DE,DE_LU,actual_onshore_wind_generation,Wind Onshore,2026-06-27T21:08:22Z
2026-06-27T21:06:46Z,2026-06-27T23:06:46+0200,44400f30-2862-403b-aedb-c9bc80837e62,2026-06-20T04:15:00Z,2026-06-20T06:15:00+0200,12820.94924,MW,DE,DE_LU,actual_onshore_wind_generation,Wind Onshore,2026-06-27T21:08:22Z
2026-06-27T21:06:46Z,2026-06-27T23:06:46+0200,44400f30-2862-403b-aedb-c9bc80837e62,2026-06-20T04:30:00Z,2026-06-20T06:30:00+0200,13043.3161,MW,DE,DE_LU,actual_onshore_wind_generation,Wind Onshore,2026-06-27T21:08:22Z
2026-06-27T21:06:46Z,2026-06-27T23:06:46+0200,44400f30-2862-403b-aedb-c9bc80837e62,2026-06-20T04:45:00Z,2026-06-20T06:45:00+0200,12892.72271,MW,DE,DE_LU,actual_onshore_wind_generation,Wind Onshore,2026-06-27T21:08:22Z
2026-06-27T21:06:46Z,2026-06-27T23:06:46+0200,44400f30-2862-403b-aedb-c9bc80837e62,2026-06-20T05:00:00Z,2026-06-20T07:00:00+0200,12196.48291,MW,DE,DE_LU,actual_onshore_wind_generation,Wind Onshore,2026-06-27T21:08:22Z
2026-06-27T21:06:46Z,2026-06-27T23:06:46+0200,44400f30-2862-403b-aedb-c9bc80837e62,2026-06-20T05:15:00Z,2026-06-20T07:15:00+0200,11699.20852,MW,DE,DE_LU,actual_onshore_wind_generation,Wind Onshore,2026-06-27T21:08:22Z
2026-06-27T21:06:46Z,2026-06-27T23:06:46+0200,44400f30-2862-403b-aedb-c9bc80837e62,2026-06-20T05:30:00Z,2026-06-20T07:30:00+0200,10562.22001,MW,DE,DE_LU,actual_onshore_wind_generation,Wind Onshore,2026-06-27T21:08:22Z
2026-06-27T21:06:46Z,2026-06-27T23:06:46+0200,44400f30-2862-403b-aedb-c9bc80837e62,2026-06-20T05:45:00Z,2026-06-20T07:45:00+0200,10405.41639,MW,DE,DE_LU,actual_onshore_wind_generation,Wind Onshore,2026-06-27T21:08:22Z
2026-06-27T21:06:46Z,2026-06-27T23:06:46+0200,44400f30-2862-403b-aedb-c9bc80837e62,2026-06-20T06:00:00Z,2026-06-20T08:00:00+0200,10559.79558,MW,DE,DE_LU,actual_onshore_wind_generation,Wind Onshore,2026-06-27T21:08:22Z
2026-06-27T21:06:46Z,2026-06-27T23:06:46+0200,44400f30-2862-403b-aedb-c9bc80837e62,2026-06-20T06:15:00Z,2026-06-20T08:15:00+0200,10378.98565,MW,DE,DE_LU,actual_onshore_wind_generation,Wind Onshore,2026-06-27T21:08:22Z
2026-06-27T21:06:46Z,2026-06-27T23:06:46+0200,44400f30-2862-403b-aedb-c9bc80837e62,2026-06-20T06:30:00Z,2026-06-20T08:30:00+0200,9550.74428,MW,DE,DE_LU,actual_onshore_wind_generation,Wind Onshore,2026-06-27T21:08:22Z
2026-06-27T21:06:46Z,2026-06-27T23:06:46+0200,44400f30-2862-403b-aedb-c9bc80837e62,2026-06-20T06:45:00Z,2026-06-20T08:45:00+0200,8836.42129,MW,DE,DE_LU,actual_onshore_wind_generation,Wind Onshore,2026-06-27T21:08:22Z
2026-06-27T21:06:46Z,2026-06-27T23:06:46+0200,44400f30-2862-403b-aedb-c9bc80837e62,2026-06-20T07:00:00Z,2026-06-20T09:00:00+0200,8557.51468,MW,DE,DE_LU,actual_onshore_wind_generation,Wind Onshore,2026-06-27T21:08:22Z
2026-06-27T21:06:46Z,2026-06-27T23:06:46+0200,44400f30-2862-403b-aedb-c9bc80837e62,2026-06-20T07:15:00Z,2026-06-20T09:15:00+0200,7473.66722,MW,DE,DE_LU,actual_onshore_wind_generation,Wind Onshore,2026-06-27T21:08:22Z
2026-06-27T21:06:46Z,2026-06-27T23:06:46+0200,44400f30-2862-403b-aedb-c9bc80837e62,2026-06-20T07:30:00Z,2026-06-20T09:30:00+0200,5886.66316,MW,DE,DE_LU,actual_onshore_wind_generation,Wind Onshore,2026-06-27T21:08:22Z
2026-06-27T21:06:46Z,2026-06-27T23:06:46+0200,44400f30-2862-403b-aedb-c9bc80837e62,2026-06-20T07:45:00Z,2026-06-20T09:45:00+0200,5240.35411,MW,DE,DE_LU,actual_onshore_wind_generation,Wind Onshore,2026-06-27T21:08:22Z
2026-06-27T21:06:46Z,2026-06-27T23:06:46+0200,44400f30-2862-403b-aedb-c9bc80837e62,2026-06-20T08:00:00Z,2026-06-20T10:00:00+0200,4956.46156,MW,DE,DE_LU,actual_onshore_wind_generation,Wind Onshore,2026-06-27T21:08:22Z
2026-06-27T21:06:46Z,2026-06-27T23:06:46+0200,44400f30-2862-403b-aedb-c9bc80837e62,2026-06-20T08:15:00Z,2026-06-20T10:15:00+0200,4307.79299,MW,DE,DE_LU,actual_onshore_wind_generation,Wind Onshore,2026-06-27T21:08:22Z
2026-06-27T21:06:46Z,2026-06-27T23:06:46+0200,44400f30-2862-403b-aedb-c9bc80837e62,2026-06-20T08:30:00Z,2026-06-20T10:30:00+0200,4029.88706,MW,DE,DE_LU,actual_onshore_wind_generation,Wind Onshore,2026-06-27T21:08:22Z
2026-06-27T21:06:46Z,2026-06-27T23:06:46+0200,44400f30-2862-403b-aedb-c9bc80837e62,2026-06-20T08:45:00Z,2026-06-20T10:45:00+0200,3977.08832,MW,DE,DE_LU,actual_onshore_wind_generation,Wind Onshore,2026-06-27T21:08:22Z
2026-06-27T21:06:46Z,2026-06-27T23:06:46+0200,44400f30-2862-403b-aedb-c9bc80837e62,2026-06-20T09:00:00Z,2026-06-20T11:00:00+0200,3873.39755,MW,DE,DE_LU,actual_onshore_wind_generation,Wind Onshore,2026-06-27T21:08:22Z
2026-06-27T21:06:46Z,2026-06-27T23:06:46+0200,44400f30-2862-403b-aedb-c9bc80837e62,2026-06-20T09:15:00Z,2026-06-20T11:15:00+0200,3701.37033,MW,DE,DE_LU,actual_onshore_wind_generation,Wind Onshore,2026-06-27T21:08:22Z
2026-06-27T21:06:46Z,2026-06-27T23:06:46+0200,44400f30-2862-403b-aedb-c9bc80837e62,2026-06-20T09:30:00Z,2026-06-20T11:30:00+0200,3485.76278,MW,DE,DE_LU,actual_onshore_wind_generation,Wind Onshore,2026-06-27T21:08:22Z
2026-06-27T21:06:46Z,2026-06-27T23:06:46+0200,44400f30-2862-403b-aedb-c9bc80837e62,2026-06-20T09:45:00Z,2026-06-20T11:45:00+0200,3708.77887,MW,DE,DE_LU,actual_onshore_wind_generation,Wind Onshore,2026-06-27T21:08:22Z
2026-06-27T21:06:46Z,2026-06-27T23:06:46+0200,44400f30-2862-403b-aedb-c9bc80837e62,2026-06-20T10:00:00Z,2026-06-20T12:00:00+0200,3920.65075,MW,DE,DE_LU,actual_onshore_wind_generation,Wind Onshore,2026-06-27T21:08:22Z
2026-06-27T21:06:46Z,2026-06-27T23:06:46+0200,44400f30-2862-403b-aedb-c9bc80837e62,2026-06-20T10:15:00Z,2026-06-20T12:15:00+0200,4039.63254,MW,DE,DE_LU,actual_onshore_wind_generation,Wind Onshore,2026-06-27T21:08:22Z
2026-06-27T21:06:46Z,2026-06-27T23:06:46+0200,44400f30-2862-403b-aedb-c9bc80837e62,2026-06-20T10:30:00Z,2026-06-20T12:30:00+0200,3968.34495,MW,DE,DE_LU,actual_onshore_wind_generation,Wind Onshore,2026-06-27T21:08:22Z
2026-06-27T21:06:46Z,2026-06-27T23:06:46+0200,44400f30-2862-403b-aedb-c9bc80837e62,2026-06-20T10:45:00Z,2026-06-20T12:45:00+0200,3932.54817,MW,DE,DE_LU,actual_onshore_wind_generation,Wind Onshore,2026-06-27T21:08:22Z
2026-06-27T21:06:46Z,2026-06-27T23:06:46+0200,44400f30-2862-403b-aedb-c9bc80837e62,2026-06-20T11:00:00Z,2026-06-20T13:00:00+0200,4068.0076,MW,DE,DE_LU,actual_onshore_wind_generation,Wind Onshore,2026-06-27T21:08:22Z
2026-06-27T21:06:46Z,2026-06-27T23:06:46+0200,44400f30-2862-403b-aedb-c9bc80837e62,2026-06-20T11:15:00Z,2026-06-20T13:15:00+0200,4020.50442,MW,DE,DE_LU,actual_onshore_wind_generation,Wind Onshore,2026-06-27T21:08:22Z
2026-06-27T21:06:46Z,2026-06-27T23:06:46+0200,44400f30-2862-403b-aedb-c9bc80837e62,2026-06-20T11:30:00Z,2026-06-20T13:30:00+0200,4046.54969,MW,DE,DE_LU,actual_onshore_wind_generation,Wind Onshore,2026-06-27T21:08:22Z
2026-06-27T21:06:46Z,2026-06-27T23:06:46+0200,44400f30-2862-403b-aedb-c9bc80837e62,2026-06-20T11:45:00Z,2026-06-20T13:45:00+0200,3845.80612,MW,DE,DE_LU,actual_onshore_wind_generation,Wind Onshore,2026-06-27T21:08:22Z
2026-06-27T21:06:46Z,2026-06-27T23:06:46+0200,44400f30-2862-403b-aedb-c9bc80837e62,2026-06-20T12:00:00Z,2026-06-20T14:00:00+0200,3653.80525,MW,DE,DE_LU,actual_onshore_wind_generation,Wind Onshore,2026-06-27T21:08:22Z
2026-06-27T21:06:46Z,2026-06-27T23:06:46+0200,44400f30-2862-403b-aedb-c9bc80837e62,2026-06-20T12:15:00Z,2026-06-20T14:15:00+0200,3527.65198,MW,DE,DE_LU,actual_onshore_wind_generation,Wind Onshore,2026-06-27T21:08:22Z
2026-06-27T21:06:46Z,2026-06-27T23:06:46+0200,44400f30-2862-403b-aedb-c9bc80837e62,2026-06-20T12:30:00Z,2026-06-20T14:30:00+0200,3594.93764,MW,DE,DE_LU,actual_onshore_wind_generation,Wind Onshore,2026-06-27T21:08:22Z
2026-06-27T21:06:46Z,2026-06-27T23:06:46+0200,44400f30-2862-403b-aedb-c9bc80837e62,2026-06-20T12:45:00Z,2026-06-20T14:45:00+0200,3644.03497,MW,DE,DE_LU,actual_onshore_wind_generation,Wind Onshore,2026-06-27T21:08:22Z
2026-06-27T21:06:46Z,2026-06-27T23:06:46+0200,44400f30-2862-403b-aedb-c9bc80837e62,2026-06-20T13:00:00Z,2026-06-20T15:00:00+0200,3439.05538,MW,DE,DE_LU,actual_onshore_wind_generation,Wind Onshore,2026-06-27T21:08:22Z
2026-06-27T21:06:46Z,2026-06-27T23:06:46+0200,44400f30-2862-403b-aedb-c9bc80837e62,2026-06-20T13:15:00Z,2026-06-20T15:15:00+0200,3316.39015,MW,DE,DE_LU,actual_onshore_wind_generation,Wind Onshore,2026-06-27T21:08:22Z
2026-06-27T21:06:46Z,2026-06-27T23:06:46+0200,44400f30-2862-403b-aedb-c9bc80837e62,2026-06-20T13:30:00Z,2026-06-20T15:30:00+0200,3260.50841,MW,DE,DE_LU,actual_onshore_wind_generation,Wind Onshore,2026-06-27T21:08:22Z
2026-06-27T21:06:46Z,2026-06-27T23:06:46+0200,44400f30-2862-403b-aedb-c9bc80837e62,2026-06-20T13:45:00Z,2026-06-20T15:45:00+0200,3071.92813,MW,DE,DE_LU,actual_onshore_wind_generation,Wind Onshore,2026-06-27T21:08:22Z
2026-06-27T21:06:46Z,2026-06-27T23:06:46+0200,44400f30-2862-403b-aedb-c9bc80837e62,2026-06-20T14:00:00Z,2026-06-20T16:00:00+0200,3041.43432,MW,DE,DE_LU,actual_onshore_wind_generation,Wind Onshore,2026-06-27T21:08:22Z
2026-06-27T21:06:46Z,2026-06-27T23:06:46+0200,44400f30-2862-403b-aedb-c9bc80837e62,2026-06-20T14:15:00Z,2026-06-20T16:15:00+0200,3237.628,MW,DE,DE_LU,actual_onshore_wind_generation,Wind Onshore,2026-06-27T21:08:22Z
2026-06-27T21:06:46Z,2026-06-27T23:06:46+0200,44400f30-2862-403b-aedb-c9bc80837e62,2026-06-20T14:30:00Z,2026-06-20T16:30:00+0200,3364.6587,MW,DE,DE_LU,actual_onshore_wind_generation,Wind Onshore,2026-06-27T21:08:22Z
2026-06-27T21:06:46Z,2026-06-27T23:06:46+0200,44400f30-2862-403b-aedb-c9bc80837e62,2026-06-20T14:45:00Z,2026-06-20T16:45:00+0200,3371.60292,MW,DE,DE_LU,actual_onshore_wind_generation,Wind Onshore,2026-06-27T21:08:22Z
2026-06-27T21:06:46Z,2026-06-27T23:06:46+0200,44400f30-2862-403b-aedb-c9bc80837e62,2026-06-20T15:00:00Z,2026-06-20T17:00:00+0200,3449.50858,MW,DE,DE_LU,actual_onshore_wind_generation,Wind Onshore,2026-06-27T21:08:22Z
2026-06-27T21:06:46Z,2026-06-27T23:06:46+0200,44400f30-2862-403b-aedb-c9bc80837e62,2026-06-20T15:15:00Z,2026-06-20T17:15:00+0200,3429.59048,MW,DE,DE_LU,actual_onshore_wind_generation,Wind Onshore,2026-06-27T21:08:22Z
2026-06-27T21:06:46Z,2026-06-27T23:06:46+0200,44400f30-2862-403b-aedb-c9bc80837e62,2026-06-20T15:30:00Z,2026-06-20T17:30:00+0200,3550.30283,MW,DE,DE_LU,actual_onshore_wind_generation,Wind Onshore,2026-06-27T21:08:22Z
2026-06-27T21:06:46Z,2026-06-27T23:06:46+0200,44400f30-2862-403b-aedb-c9bc80837e62,2026-06-20T15:45:00Z,2026-06-20T17:45:00+0200,3567.18534,MW,DE,DE_LU,actual_onshore_wind_generation,Wind Onshore,2026-06-27T21:08:22Z
2026-06-27T21:06:46Z,2026-06-27T23:06:46+0200,44400f30-2862-403b-aedb-c9bc80837e62,2026-06-20T16:00:00Z,2026-06-20T18:00:00+0200,3558.81923,MW,DE,DE_LU,actual_onshore_wind_generation,Wind Onshore,2026-06-27T21:08:22Z
2026-06-27T21:06:46Z,2026-06-27T23:06:46+0200,44400f30-2862-403b-aedb-c9bc80837e62,2026-06-20T16:15:00Z,2026-06-20T18:15:00+0200,3480.82987,MW,DE,DE_LU,actual_onshore_wind_generation,Wind Onshore,2026-06-27T21:08:22Z
2026-06-27T21:06:46Z,2026-06-27T23:06:46+0200,44400f30-2862-403b-aedb-c9bc80837e62,2026-06-20T16:30:00Z,2026-06-20T18:30:00+0200,3346.90879,MW,DE,DE_LU,actual_onshore_wind_generation,Wind Onshore,2026-06-27T21:08:22Z
2026-06-27T21:06:46Z,2026-06-27T23:06:46+0200,44400f30-2862-403b-aedb-c9bc80837e62,2026-06-20T16:45:00Z,2026-06-20T18:45:00+0200,3213.52447,MW,DE,DE_LU,actual_onshore_wind_generation,Wind Onshore,2026-06-27T21:08:22Z
2026-06-27T21:06:46Z,2026-06-27T23:06:46+0200,44400f30-2862-403b-aedb-c9bc80837e62,2026-06-20T17:00:00Z,2026-06-20T19:00:00+0200,3137.49242,MW,DE,DE_LU,actual_onshore_wind_generation,Wind Onshore,2026-06-27T21:08:22Z
2026-06-27T21:06:46Z,2026-06-27T23:06:46+0200,44400f30-2862-403b-aedb-c9bc80837e62,2026-06-20T17:15:00Z,2026-06-20T19:15:00+0200,3067.97189,MW,DE,DE_LU,actual_onshore_wind_generation,Wind Onshore,2026-06-27T21:08:22Z
2026-06-27T21:06:46Z,2026-06-27T23:06:46+0200,44400f30-2862-403b-aedb-c9bc80837e62,2026-06-20T17:30:00Z,2026-06-20T19:30:00+0200,2968.81764,MW,DE,DE_LU,actual_onshore_wind_generation,Wind Onshore,2026-06-27T21:08:22Z
2026-06-27T21:06:46Z,2026-06-27T23:06:46+0200,44400f30-2862-403b-aedb-c9bc80837e62,2026-06-20T17:45:00Z,2026-06-20T19:45:00+0200,2736.59199,MW,DE,DE_LU,actual_onshore_wind_generation,Wind Onshore,2026-06-27T21:08:22Z
2026-06-27T21:06:46Z,2026-06-27T23:06:46+0200,44400f30-2862-403b-aedb-c9bc80837e62,2026-06-20T18:00:00Z,2026-06-20T20:00:00+0200,2524.03149,MW,DE,DE_LU,actual_onshore_wind_generation,Wind Onshore,2026-06-27T21:08:22Z
2026-06-27T21:06:46Z,2026-06-27T23:06:46+0200,44400f30-2862-403b-aedb-c9bc80837e62,2026-06-20T18:15:00Z,2026-06-20T20:15:00+0200,2431.12644,MW,DE,DE_LU,actual_onshore_wind_generation,Wind Onshore,2026-06-27T21:08:22Z
2026-06-27T21:06:46Z,2026-06-27T23:06:46+0200,44400f30-2862-403b-aedb-c9bc80837e62,2026-06-20T18:30:00Z,2026-06-20T20:30:00+0200,2382.2479,MW,DE,DE_LU,actual_onshore_wind_generation,Wind Onshore,2026-06-27T21:08:22Z
2026-06-27T21:06:46Z,2026-06-27T23:06:46+0200,44400f30-2862-403b-aedb-c9bc80837e62,2026-06-20T18:45:00Z,2026-06-20T20:45:00+0200,2473.42982,MW,DE,DE_LU,actual_onshore_wind_generation,Wind Onshore,2026-06-27T21:08:22Z
2026-06-27T21:06:46Z,2026-06-27T23:06:46+0200,44400f30-2862-403b-aedb-c9bc80837e62,2026-06-20T19:00:00Z,2026-06-20T21:00:00+0200,2599.79926,MW,DE,DE_LU,actual_onshore_wind_generation,Wind Onshore,2026-06-27T21:08:22Z
2026-06-27T21:06:46Z,2026-06-27T23:06:46+0200,44400f30-2862-403b-aedb-c9bc80837e62,2026-06-20T19:15:00Z,2026-06-20T21:15:00+0200,2808.56607,MW,DE,DE_LU,actual_onshore_wind_generation,Wind Onshore,2026-06-27T21:08:22Z
2026-06-27T21:06:46Z,2026-06-27T23:06:46+0200,44400f30-2862-403b-aedb-c9bc80837e62,2026-06-20T19:30:00Z,2026-06-20T21:30:00+0200,2874.00074,MW,DE,DE_LU,actual_onshore_wind_generation,Wind Onshore,2026-06-27T21:08:22Z
2026-06-27T21:06:46Z,2026-06-27T23:06:46+0200,44400f30-2862-403b-aedb-c9bc80837e62,2026-06-20T19:45:00Z,2026-06-20T21:45:00+0200,2741.62343,MW,DE,DE_LU,actual_onshore_wind_generation,Wind Onshore,2026-06-27T21:08:22Z
2026-06-27T21:06:46Z,2026-06-27T23:06:46+0200,44400f30-2862-403b-aedb-c9bc80837e62,2026-06-20T20:00:00Z,2026-06-20T22:00:00+0200,2635.39287,MW,DE,DE_LU,actual_onshore_wind_generation,Wind Onshore,2026-06-27T21:08:22Z
2026-06-27T21:06:46Z,2026-06-27T23:06:46+0200,44400f30-2862-403b-aedb-c9bc80837e62,2026-06-20T20:15:00Z,2026-06-20T22:15:00+0200,2776.71827,MW,DE,DE_LU,actual_onshore_wind_generation,Wind Onshore,2026-06-27T21:08:22Z
2026-06-27T21:06:46Z,2026-06-27T23:06:46+0200,44400f30-2862-403b-aedb-c9bc80837e62,2026-06-20T20:30:00Z,2026-06-20T22:30:00+0200,2940.1751,MW,DE,DE_LU,actual_onshore_wind_generation,Wind Onshore,2026-06-27T21:08:22Z
2026-06-27T21:06:46Z,2026-06-27T23:06:46+0200,44400f30-2862-403b-aedb-c9bc80837e62,2026-06-20T20:45:00Z,2026-06-20T22:45:00+0200,2998.60889,MW,DE,DE_LU,actual_onshore_wind_generation,Wind Onshore,2026-06-27T21:08:22Z
2026-06-27T21:06:46Z,2026-06-27T23:06:46+0200,44400f30-2862-403b-aedb-c9bc80837e62,2026-06-20T21:00:00Z,2026-06-20T23:00:00+0200,2999.87932,MW,DE,DE_LU,actual_onshore_wind_generation,Wind Onshore,2026-06-27T21:08:22Z
2026-06-27T21:06:46Z,2026-06-27T23:06:46+0200,44400f30-2862-403b-aedb-c9bc80837e62,2026-06-20T21:15:00Z,2026-06-20T23:15:00+0200,3052.08799,MW,DE,DE_LU,actual_onshore_wind_generation,Wind Onshore,2026-06-27T21:08:22Z
2026-06-27T21:06:46Z,2026-06-27T23:06:46+0200,44400f30-2862-403b-aedb-c9bc80837e62,2026-06-20T21:30:00Z,2026-06-20T23:30:00+0200,3065.73188,MW,DE,DE_LU,actual_onshore_wind_generation,Wind Onshore,2026-06-27T21:08:22Z
2026-06-27T21:06:46Z,2026-06-27T23:06:46+0200,44400f30-2862-403b-aedb-c9bc80837e62,2026-06-20T21:45:00Z,2026-06-20T23:45:00+0200,3050.30064,MW,DE,DE_LU,actual_onshore_wind_generation,Wind Onshore,2026-06-27T21:08:22Z
2026-06-27T21:06:46Z,2026-06-27T23:06:46+0200,44400f30-2862-403b-aedb-c9bc80837e62,2026-06-20T22:00:00Z,2026-06-21T00:00:00+0200,2937.96553,MW,DE,DE_LU,actual_onshore_wind_generation,Wind Onshore,2026-06-27T21:08:22Z
2026-06-27T21:06:46Z,2026-06-27T23:06:46+0200,44400f30-2862-403b-aedb-c9bc80837e62,2026-06-20T22:15:00Z,2026-06-21T00:15:00+0200,2800.2607,MW,DE,DE_LU,actual_onshore_wind_generation,Wind Onshore,2026-06-27T21:08:22Z
2026-06-27T21:06:46Z,2026-06-27T23:06:46+0200,44400f30-2862-403b-aedb-c9bc80837e62,2026-06-20T22:30:00Z,2026-06-21T00:30:00+0200,2751.45616,MW,DE,DE_LU,actual_onshore_wind_generation,Wind Onshore,2026-06-27T21:08:22Z
2026-06-27T21:06:46Z,2026-06-27T23:06:46+0200,44400f30-2862-403b-aedb-c9bc80837e62,2026-06-20T22:45:00Z,2026-06-21T00:45:00+0200,2800.84091,MW,DE,DE_LU,actual_onshore_wind_generation,Wind Onshore,2026-06-27T21:08:22Z
2026-06-27T21:06:46Z,2026-06-27T23:06:46+0200,44400f30-2862-403b-aedb-c9bc80837e62,2026-06-20T23:00:00Z,2026-06-21T01:00:00+0200,2829.52171,MW,DE,DE_LU,actual_onshore_wind_generation,Wind Onshore,2026-06-27T21:08:22Z
2026-06-27T21:06:46Z,2026-06-27T23:06:46+0200,44400f30-2862-403b-aedb-c9bc80837e62,2026-06-20T23:15:00Z,2026-06-21T01:15:00+0200,2896.65564,MW,DE,DE_LU,actual_onshore_wind_generation,Wind Onshore,2026-06-27T21:08:22Z
2026-06-27T21:06:46Z,2026-06-27T23:06:46+0200,44400f30-2862-403b-aedb-c9bc80837e62,2026-06-20T23:30:00Z,2026-06-21T01:30:00+0200,2924.61551,MW,DE,DE_LU,actual_onshore_wind_generation,Wind Onshore,2026-06-27T21:08:22Z
2026-06-27T21:06:46Z,2026-06-27T23:06:46+0200,44400f30-2862-403b-aedb-c9bc80837e62,2026-06-20T23:45:00Z,2026-06-21T01:45:00+0200,2973.83519,MW,DE,DE_LU,actual_onshore_wind_generation,Wind Onshore,2026-06-27T21:08:22Z
2026-06-27T21:06:46Z,2026-06-27T23:06:46+0200,44400f30-2862-403b-aedb-c9bc80837e62,2026-06-21T00:00:00Z,2026-06-21T02:00:00+0200,2961.56348,MW,DE,DE_LU,actual_onshore_wind_generation,Wind Onshore,2026-06-27T21:08:22Z
2026-06-27T21:06:46Z,2026-06-27T23:06:46+0200,44400f30-2862-403b-aedb-c9bc80837e62,2026-06-21T00:15:00Z,2026-06-21T02:15:00+0200,2807.38152,MW,DE,DE_LU,actual_onshore_wind_generation,Wind Onshore,2026-06-27T21:08:22Z
2026-06-27T21:06:46Z,2026-06-27T23:06:46+0200,44400f30-2862-403b-aedb-c9bc80837e62,2026-06-21T00:30:00Z,2026-06-21T02:30:00+0200,2500.55723,MW,DE,DE_LU,actual_onshore_wind_generation,Wind Onshore,2026-06-27T21:08:22Z
2026-06-27T21:06:46Z,2026-06-27T23:06:46+0200,44400f30-2862-403b-aedb-c9bc80837e62,2026-06-21T00:45:00Z,2026-06-21T02:45:00+0200,2389.55477,MW,DE,DE_LU,actual_onshore_wind_generation,Wind Onshore,2026-06-27T21:08:22Z
2026-06-27T21:06:46Z,2026-06-27T23:06:46+0200,44400f30-2862-403b-aedb-c9bc80837e62,2026-06-21T01:00:00Z,2026-06-21T03:00:00+0200,2359.36866,MW,DE,DE_LU,actual_onshore_wind_generation,Wind Onshore,2026-06-27T21:08:22Z
2026-06-27T21:06:46Z,2026-06-27T23:06:46+0200,44400f30-2862-403b-aedb-c9bc80837e62,2026-06-21T01:15:00Z,2026-06-21T03:15:00+0200,2555.42129,MW,DE,DE_LU,actual_onshore_wind_generation,Wind Onshore,2026-06-27T21:08:22Z
2026-06-27T21:06:46Z,2026-06-27T23:06:46+0200,44400f30-2862-403b-aedb-c9bc80837e62,2026-06-21T01:30:00Z,2026-06-21T03:30:00+0200,2824.59946,MW,DE,DE_LU,actual_onshore_wind_generation,Wind Onshore,2026-06-27T21:08:22Z
2026-06-27T21:06:46Z,2026-06-27T23:06:46+0200,44400f30-2862-403b-aedb-c9bc80837e62,2026-06-21T01:45:00Z,2026-06-21T03:45:00+0200,3012.558,MW,DE,DE_LU,actual_onshore_wind_generation,Wind Onshore,2026-06-27T21:08:22Z
2026-06-27T21:06:46Z,2026-06-27T23:06:46+0200,44400f30-2862-403b-aedb-c9bc80837e62,2026-06-21T02:00:00Z,2026-06-21T04:00:00+0200,3433.26802,MW,DE,DE_LU,actual_onshore_wind_generation,Wind Onshore,2026-06-27T21:08:22Z
2026-06-27T21:06:46Z,2026-06-27T23:06:46+0200,44400f30-2862-403b-aedb-c9bc80837e62,2026-06-21T02:15:00Z,2026-06-21T04:15:00+0200,3736.11473,MW,DE,DE_LU,actual_onshore_wind_generation,Wind Onshore,2026-06-27T21:08:22Z
2026-06-27T21:06:46Z,2026-06-27T23:06:46+0200,44400f30-2862-403b-aedb-c9bc80837e62,2026-06-21T02:30:00Z,2026-06-21T04:30:00+0200,3941.72582,MW,DE,DE_LU,actual_onshore_wind_generation,Wind Onshore,2026-06-27T21:08:22Z
2026-06-27T21:06:46Z,2026-06-27T23:06:46+0200,44400f30-2862-403b-aedb-c9bc80837e62,2026-06-21T02:45:00Z,2026-06-21T04:45:00+0200,4472.70745,MW,DE,DE_LU,actual_onshore_wind_generation,Wind Onshore,2026-06-27T21:08:22Z
2026-06-27T21:06:46Z,2026-06-27T23:06:46+0200,44400f30-2862-403b-aedb-c9bc80837e62,2026-06-21T03:00:00Z,2026-06-21T05:00:00+0200,5131.30284,MW,DE,DE_LU,actual_onshore_wind_generation,Wind Onshore,2026-06-27T21:08:22Z
2026-06-27T21:06:46Z,2026-06-27T23:06:46+0200,44400f30-2862-403b-aedb-c9bc80837e62,2026-06-21T03:15:00Z,2026-06-21T05:15:00+0200,5298.59572,MW,DE,DE_LU,actual_onshore_wind_generation,Wind Onshore,2026-06-27T21:08:22Z
2026-06-27T21:06:46Z,2026-06-27T23:06:46+0200,44400f30-2862-403b-aedb-c9bc80837e62,2026-06-21T03:30:00Z,2026-06-21T05:30:00+0200,5259.44249,MW,DE,DE_LU,actual_onshore_wind_generation,Wind Onshore,2026-06-27T21:08:22Z
2026-06-27T21:06:46Z,2026-06-27T23:06:46+0200,44400f30-2862-403b-aedb-c9bc80837e62,2026-06-21T03:45:00Z,2026-06-21T05:45:00+0200,5190.45424,MW,DE,DE_LU,actual_onshore_wind_generation,Wind Onshore,2026-06-27T21:08:22Z
2026-06-27T21:06:46Z,2026-06-27T23:06:46+0200,44400f30-2862-403b-aedb-c9bc80837e62,2026-06-21T04:00:00Z,2026-06-21T06:00:00+0200,5289.74139,MW,DE,DE_LU,actual_onshore_wind_generation,Wind Onshore,2026-06-27T21:08:22Z
2026-06-27T21:06:46Z,2026-06-27T23:06:46+0200,44400f30-2862-403b-aedb-c9bc80837e62,2026-06-21T04:15:00Z,2026-06-21T06:15:00+0200,5182.77148,MW,DE,DE_LU,actual_onshore_wind_generation,Wind Onshore,2026-06-27T21:08:22Z
2026-06-27T21:06:46Z,2026-06-27T23:06:46+0200,44400f30-2862-403b-aedb-c9bc80837e62,2026-06-21T04:30:00Z,2026-06-21T06:30:00+0200,5385.0103,MW,DE,DE_LU,actual_onshore_wind_generation,Wind Onshore,2026-06-27T21:08:22Z
2026-06-27T21:06:46Z,2026-06-27T23:06:46+0200,44400f30-2862-403b-aedb-c9bc80837e62,2026-06-21T04:45:00Z,2026-06-21T06:45:00+0200,5517.61487,MW,DE,DE_LU,actual_onshore_wind_generation,Wind Onshore,2026-06-27T21:08:22Z
2026-06-27T21:06:46Z,2026-06-27T23:06:46+0200,44400f30-2862-403b-aedb-c9bc80837e62,2026-06-21T05:00:00Z,2026-06-21T07:00:00+0200,5794.37447,MW,DE,DE_LU,actual_onshore_wind_generation,Wind Onshore,2026-06-27T21:08:22Z
2026-06-27T21:06:46Z,2026-06-27T23:06:46+0200,44400f30-2862-403b-aedb-c9bc80837e62,2026-06-21T05:15:00Z,2026-06-21T07:15:00+0200,5893.03932,MW,DE,DE_LU,actual_onshore_wind_generation,Wind Onshore,2026-06-27T21:08:22Z
2026-06-27T21:06:46Z,2026-06-27T23:06:46+0200,44400f30-2862-403b-aedb-c9bc80837e62,2026-06-21T05:30:00Z,2026-06-21T07:30:00+0200,6012.6808,MW,DE,DE_LU,actual_onshore_wind_generation,Wind Onshore,2026-06-27T21:08:22Z
2026-06-27T21:06:46Z,2026-06-27T23:06:46+0200,44400f30-2862-403b-aedb-c9bc80837e62,2026-06-21T05:45:00Z,2026-06-21T07:45:00+0200,5865.99908,MW,DE,DE_LU,actual_onshore_wind_generation,Wind Onshore,2026-06-27T21:08:22Z
2026-06-27T21:06:46Z,2026-06-27T23:06:46+0200,44400f30-2862-403b-aedb-c9bc80837e62,2026-06-21T06:00:00Z,2026-06-21T08:00:00+0200,5476.5611,MW,DE,DE_LU,actual_onshore_wind_generation,Wind Onshore,2026-06-27T21:08:22Z
2026-06-27T21:06:46Z,2026-06-27T23:06:46+0200,44400f30-2862-403b-aedb-c9bc80837e62,2026-06-21T06:15:00Z,2026-06-21T08:15:00+0200,5094.02068,MW,DE,DE_LU,actual_onshore_wind_generation,Wind Onshore,2026-06-27T21:08:22Z
2026-06-27T21:06:46Z,2026-06-27T23:06:46+0200,44400f30-2862-403b-aedb-c9bc80837e62,2026-06-21T06:30:00Z,2026-06-21T08:30:00+0200,5494.28005,MW,DE,DE_LU,actual_onshore_wind_generation,Wind Onshore,2026-06-27T21:08:22Z
2026-06-27T21:06:46Z,2026-06-27T23:06:46+0200,44400f30-2862-403b-aedb-c9bc80837e62,2026-06-21T06:45:00Z,2026-06-21T08:45:00+0200,5886.44702,MW,DE,DE_LU,actual_onshore_wind_generation,Wind Onshore,2026-06-27T21:08:22Z
2026-06-27T21:06:46Z,2026-06-27T23:06:46+0200,44400f30-2862-403b-aedb-c9bc80837e62,2026-06-21T07:00:00Z,2026-06-21T09:00:00+0200,6124.95197,MW,DE,DE_LU,actual_onshore_wind_generation,Wind Onshore,2026-06-27T21:08:22Z
2026-06-27T21:06:46Z,2026-06-27T23:06:46+0200,44400f30-2862-403b-aedb-c9bc80837e62,2026-06-21T07:15:00Z,2026-06-21T09:15:00+0200,5841.71096,MW,DE,DE_LU,actual_onshore_wind_generation,Wind Onshore,2026-06-27T21:08:22Z
2026-06-27T21:06:46Z,2026-06-27T23:06:46+0200,44400f30-2862-403b-aedb-c9bc80837e62,2026-06-21T07:30:00Z,2026-06-21T09:30:00+0200,5464.41467,MW,DE,DE_LU,actual_onshore_wind_generation,Wind Onshore,2026-06-27T21:08:22Z
2026-06-27T21:06:46Z,2026-06-27T23:06:46+0200,44400f30-2862-403b-aedb-c9bc80837e62,2026-06-21T07:45:00Z,2026-06-21T09:45:00+0200,4719.12737,MW,DE,DE_LU,actual_onshore_wind_generation,Wind Onshore,2026-06-27T21:08:22Z
2026-06-27T21:06:46Z,2026-06-27T23:06:46+0200,44400f30-2862-403b-aedb-c9bc80837e62,2026-06-21T08:00:00Z,2026-06-21T10:00:00+0200,4186.90062,MW,DE,DE_LU,actual_onshore_wind_generation,Wind Onshore,2026-06-27T21:08:22Z
2026-06-27T21:06:46Z,2026-06-27T23:06:46+0200,44400f30-2862-403b-aedb-c9bc80837e62,2026-06-21T08:15:00Z,2026-06-21T10:15:00+0200,3879.66734,MW,DE,DE_LU,actual_onshore_wind_generation,Wind Onshore,2026-06-27T21:08:22Z
2026-06-27T21:06:46Z,2026-06-27T23:06:46+0200,44400f30-2862-403b-aedb-c9bc80837e62,2026-06-21T08:30:00Z,2026-06-21T10:30:00+0200,3552.62225,MW,DE,DE_LU,actual_onshore_wind_generation,Wind Onshore,2026-06-27T21:08:22Z
2026-06-27T21:06:46Z,2026-06-27T23:06:46+0200,44400f30-2862-403b-aedb-c9bc80837e62,2026-06-21T08:45:00Z,2026-06-21T10:45:00+0200,3316.72383,MW,DE,DE_LU,actual_onshore_wind_generation,Wind Onshore,2026-06-27T21:08:22Z
2026-06-27T21:06:46Z,2026-06-27T23:06:46+0200,44400f30-2862-403b-aedb-c9bc80837e62,2026-06-21T09:00:00Z,2026-06-21T11:00:00+0200,3327.41277,MW,DE,DE_LU,actual_onshore_wind_generation,Wind Onshore,2026-06-27T21:08:22Z
2026-06-27T21:06:46Z,2026-06-27T23:06:46+0200,44400f30-2862-403b-aedb-c9bc80837e62,2026-06-21T09:15:00Z,2026-06-21T11:15:00+0200,2789.2069,MW,DE,DE_LU,actual_onshore_wind_generation,Wind Onshore,2026-06-27T21:08:22Z
2026-06-27T21:06:46Z,2026-06-27T23:06:46+0200,44400f30-2862-403b-aedb-c9bc80837e62,2026-06-21T09:30:00Z,2026-06-21T11:30:00+0200,2706.32419,MW,DE,DE_LU,actual_onshore_wind_generation,Wind Onshore,2026-06-27T21:08:22Z
2026-06-27T21:06:46Z,2026-06-27T23:06:46+0200,44400f30-2862-403b-aedb-c9bc80837e62,2026-06-21T09:45:00Z,2026-06-21T11:45:00+0200,2984.55995,MW,DE,DE_LU,actual_onshore_wind_generation,Wind Onshore,2026-06-27T21:08:22Z
2026-06-27T21:06:46Z,2026-06-27T23:06:46+0200,44400f30-2862-403b-aedb-c9bc80837e62,2026-06-21T10:00:00Z,2026-06-21T12:00:00+0200,3134.98716,MW,DE,DE_LU,actual_onshore_wind_generation,Wind Onshore,2026-06-27T21:08:22Z
2026-06-27T21:06:46Z,2026-06-27T23:06:46+0200,44400f30-2862-403b-aedb-c9bc80837e62,2026-06-21T10:15:00Z,2026-06-21T12:15:00+0200,3073.1487,MW,DE,DE_LU,actual_onshore_wind_generation,Wind Onshore,2026-06-27T21:08:22Z
2026-06-27T21:06:46Z,2026-06-27T23:06:46+0200,44400f30-2862-403b-aedb-c9bc80837e62,2026-06-21T10:30:00Z,2026-06-21T12:30:00+0200,3134.96729,MW,DE,DE_LU,actual_onshore_wind_generation,Wind Onshore,2026-06-27T21:08:22Z
2026-06-27T21:06:46Z,2026-06-27T23:06:46+0200,44400f30-2862-403b-aedb-c9bc80837e62,2026-06-21T10:45:00Z,2026-06-21T12:45:00+0200,3155.3124,MW,DE,DE_LU,actual_onshore_wind_generation,Wind Onshore,2026-06-27T21:08:22Z
2026-06-27T21:06:46Z,2026-06-27T23:06:46+0200,44400f30-2862-403b-aedb-c9bc80837e62,2026-06-21T11:00:00Z,2026-06-21T13:00:00+0200,3103.56601,MW,DE,DE_LU,actual_onshore_wind_generation,Wind Onshore,2026-06-27T21:08:22Z
2026-06-27T21:06:46Z,2026-06-27T23:06:46+0200,44400f30-2862-403b-aedb-c9bc80837e62,2026-06-21T11:15:00Z,2026-06-21T13:15:00+0200,2627.7372,MW,DE,DE_LU,actual_onshore_wind_generation,Wind Onshore,2026-06-27T21:08:22Z
2026-06-27T21:06:46Z,2026-06-27T23:06:46+0200,44400f30-2862-403b-aedb-c9bc80837e62,2026-06-21T11:30:00Z,2026-06-21T13:30:00+0200,2284.64809,MW,DE,DE_LU,actual_onshore_wind_generation,Wind Onshore,2026-06-27T21:08:22Z
2026-06-27T21:06:46Z,2026-06-27T23:06:46+0200,44400f30-2862-403b-aedb-c9bc80837e62,2026-06-21T11:45:00Z,2026-06-21T13:45:00+0200,1982.82705,MW,DE,DE_LU,actual_onshore_wind_generation,Wind Onshore,2026-06-27T21:08:22Z
2026-06-27T21:06:46Z,2026-06-27T23:06:46+0200,44400f30-2862-403b-aedb-c9bc80837e62,2026-06-21T12:00:00Z,2026-06-21T14:00:00+0200,1754.68917,MW,DE,DE_LU,actual_onshore_wind_generation,Wind Onshore,2026-06-27T21:08:22Z
2026-06-27T21:06:46Z,2026-06-27T23:06:46+0200,44400f30-2862-403b-aedb-c9bc80837e62,2026-06-21T12:15:00Z,2026-06-21T14:15:00+0200,1538.77922,MW,DE,DE_LU,actual_onshore_wind_generation,Wind Onshore,2026-06-27T21:08:22Z
2026-06-27T21:06:46Z,2026-06-27T23:06:46+0200,44400f30-2862-403b-aedb-c9bc80837e62,2026-06-21T12:30:00Z,2026-06-21T14:30:00+0200,1402.77114,MW,DE,DE_LU,actual_onshore_wind_generation,Wind Onshore,2026-06-27T21:08:22Z
2026-06-27T21:06:46Z,2026-06-27T23:06:46+0200,44400f30-2862-403b-aedb-c9bc80837e62,2026-06-21T12:45:00Z,2026-06-21T14:45:00+0200,1261.36435,MW,DE,DE_LU,actual_onshore_wind_generation,Wind Onshore,2026-06-27T21:08:22Z
2026-06-27T21:06:46Z,2026-06-27T23:06:46+0200,44400f30-2862-403b-aedb-c9bc80837e62,2026-06-21T13:00:00Z,2026-06-21T15:00:00+0200,1321.01977,MW,DE,DE_LU,actual_onshore_wind_generation,Wind Onshore,2026-06-27T21:08:22Z
2026-06-27T21:06:46Z,2026-06-27T23:06:46+0200,44400f30-2862-403b-aedb-c9bc80837e62,2026-06-21T13:15:00Z,2026-06-21T15:15:00+0200,1346.96759,MW,DE,DE_LU,actual_onshore_wind_generation,Wind Onshore,2026-06-27T21:08:22Z
2026-06-27T21:06:46Z,2026-06-27T23:06:46+0200,44400f30-2862-403b-aedb-c9bc80837e62,2026-06-21T13:30:00Z,2026-06-21T15:30:00+0200,1461.65596,MW,DE,DE_LU,actual_onshore_wind_generation,Wind Onshore,2026-06-27T21:08:22Z
2026-06-27T21:06:46Z,2026-06-27T23:06:46+0200,44400f30-2862-403b-aedb-c9bc80837e62,2026-06-21T13:45:00Z,2026-06-21T15:45:00+0200,1649.23999,MW,DE,DE_LU,actual_onshore_wind_generation,Wind Onshore,2026-06-27T21:08:22Z
2026-06-27T21:06:46Z,2026-06-27T23:06:46+0200,44400f30-2862-403b-aedb-c9bc80837e62,2026-06-21T14:00:00Z,2026-06-21T16:00:00+0200,2024.41316,MW,DE,DE_LU,actual_onshore_wind_generation,Wind Onshore,2026-06-27T21:08:22Z
2026-06-27T21:06:46Z,2026-06-27T23:06:46+0200,44400f30-2862-403b-aedb-c9bc80837e62,2026-06-21T14:15:00Z,2026-06-21T16:15:00+0200,2288.36635,MW,DE,DE_LU,actual_onshore_wind_generation,Wind Onshore,2026-06-27T21:08:22Z
2026-06-27T21:06:46Z,2026-06-27T23:06:46+0200,44400f30-2862-403b-aedb-c9bc80837e62,2026-06-21T14:30:00Z,2026-06-21T16:30:00+0200,2445.42199,MW,DE,DE_LU,actual_onshore_wind_generation,Wind Onshore,2026-06-27T21:08:22Z
2026-06-27T21:06:46Z,2026-06-27T23:06:46+0200,44400f30-2862-403b-aedb-c9bc80837e62,2026-06-21T14:45:00Z,2026-06-21T16:45:00+0200,2788.33456,MW,DE,DE_LU,actual_onshore_wind_generation,Wind Onshore,2026-06-27T21:08:22Z
2026-06-27T21:06:46Z,2026-06-27T23:06:46+0200,44400f30-2862-403b-aedb-c9bc80837e62,2026-06-21T15:00:00Z,2026-06-21T17:00:00+0200,3037.55557,MW,DE,DE_LU,actual_onshore_wind_generation,Wind Onshore,2026-06-27T21:08:22Z
2026-06-27T21:06:46Z,2026-06-27T23:06:46+0200,44400f30-2862-403b-aedb-c9bc80837e62,2026-06-21T15:15:00Z,2026-06-21T17:15:00+0200,3261.60395,MW,DE,DE_LU,actual_onshore_wind_generation,Wind Onshore,2026-06-27T21:08:22Z
2026-06-27T21:06:46Z,2026-06-27T23:06:46+0200,44400f30-2862-403b-aedb-c9bc80837e62,2026-06-21T15:30:00Z,2026-06-21T17:30:00+0200,3506.12296,MW,DE,DE_LU,actual_onshore_wind_generation,Wind Onshore,2026-06-27T21:08:22Z
2026-06-27T21:06:46Z,2026-06-27T23:06:46+0200,44400f30-2862-403b-aedb-c9bc80837e62,2026-06-21T15:45:00Z,2026-06-21T17:45:00+0200,3750.92513,MW,DE,DE_LU,actual_onshore_wind_generation,Wind Onshore,2026-06-27T21:08:22Z
2026-06-27T21:06:46Z,2026-06-27T23:06:46+0200,44400f30-2862-403b-aedb-c9bc80837e62,2026-06-21T16:00:00Z,2026-06-21T18:00:00+0200,3741.78398,MW,DE,DE_LU,actual_onshore_wind_generation,Wind Onshore,2026-06-27T21:08:22Z
2026-06-27T21:06:46Z,2026-06-27T23:06:46+0200,44400f30-2862-403b-aedb-c9bc80837e62,2026-06-21T16:15:00Z,2026-06-21T18:15:00+0200,3766.07138,MW,DE,DE_LU,actual_onshore_wind_generation,Wind Onshore,2026-06-27T21:08:22Z
2026-06-27T21:06:46Z,2026-06-27T23:06:46+0200,44400f30-2862-403b-aedb-c9bc80837e62,2026-06-21T16:30:00Z,2026-06-21T18:30:00+0200,3759.14047,MW,DE,DE_LU,actual_onshore_wind_generation,Wind Onshore,2026-06-27T21:08:22Z
2026-06-27T21:06:46Z,2026-06-27T23:06:46+0200,44400f30-2862-403b-aedb-c9bc80837e62,2026-06-21T16:45:00Z,2026-06-21T18:45:00+0200,4020.13314,MW,DE,DE_LU,actual_onshore_wind_generation,Wind Onshore,2026-06-27T21:08:22Z
2026-06-27T21:06:46Z,2026-06-27T23:06:46+0200,44400f30-2862-403b-aedb-c9bc80837e62,2026-06-21T17:00:00Z,2026-06-21T19:00:00+0200,4210.21784,MW,DE,DE_LU,actual_onshore_wind_generation,Wind Onshore,2026-06-27T21:08:22Z
2026-06-27T21:06:46Z,2026-06-27T23:06:46+0200,44400f30-2862-403b-aedb-c9bc80837e62,2026-06-21T17:15:00Z,2026-06-21T19:15:00+0200,4486.24251,MW,DE,DE_LU,actual_onshore_wind_generation,Wind Onshore,2026-06-27T21:08:22Z
2026-06-27T21:06:46Z,2026-06-27T23:06:46+0200,44400f30-2862-403b-aedb-c9bc80837e62,2026-06-21T17:30:00Z,2026-06-21T19:30:00+0200,4589.21475,MW,DE,DE_LU,actual_onshore_wind_generation,Wind Onshore,2026-06-27T21:08:22Z
2026-06-27T21:06:46Z,2026-06-27T23:06:46+0200,44400f30-2862-403b-aedb-c9bc80837e62,2026-06-21T17:45:00Z,2026-06-21T19:45:00+0200,4568.60156,MW,DE,DE_LU,actual_onshore_wind_generation,Wind Onshore,2026-06-27T21:08:22Z
2026-06-27T21:06:46Z,2026-06-27T23:06:46+0200,44400f30-2862-403b-aedb-c9bc80837e62,2026-06-21T18:00:00Z,2026-06-21T20:00:00+0200,4496.0558,MW,DE,DE_LU,actual_onshore_wind_generation,Wind Onshore,2026-06-27T21:08:22Z
2026-06-27T21:06:46Z,2026-06-27T23:06:46+0200,44400f30-2862-403b-aedb-c9bc80837e62,2026-06-21T18:15:00Z,2026-06-21T20:15:00+0200,4543.96695,MW,DE,DE_LU,actual_onshore_wind_generation,Wind Onshore,2026-06-27T21:08:22Z
2026-06-27T21:06:46Z,2026-06-27T23:06:46+0200,44400f30-2862-403b-aedb-c9bc80837e62,2026-06-21T18:30:00Z,2026-06-21T20:30:00+0200,4456.27417,MW,DE,DE_LU,actual_onshore_wind_generation,Wind Onshore,2026-06-27T21:08:22Z
2026-06-27T21:06:46Z,2026-06-27T23:06:46+0200,44400f30-2862-403b-aedb-c9bc80837e62,2026-06-21T18:45:00Z,2026-06-21T20:45:00+0200,4394.71341,MW,DE,DE_LU,actual_onshore_wind_generation,Wind Onshore,2026-06-27T21:08:22Z
2026-06-27T21:06:46Z,2026-06-27T23:06:46+0200,44400f30-2862-403b-aedb-c9bc80837e62,2026-06-21T19:00:00Z,2026-06-21T21:00:00+0200,4481.67705,MW,DE,DE_LU,actual_onshore_wind_generation,Wind Onshore,2026-06-27T21:08:22Z
2026-06-27T21:06:46Z,2026-06-27T23:06:46+0200,44400f30-2862-403b-aedb-c9bc80837e62,2026-06-21T19:15:00Z,2026-06-21T21:15:00+0200,4758.82169,MW,DE,DE_LU,actual_onshore_wind_generation,Wind Onshore,2026-06-27T21:08:22Z
2026-06-27T21:06:46Z,2026-06-27T23:06:46+0200,44400f30-2862-403b-aedb-c9bc80837e62,2026-06-21T19:30:00Z,2026-06-21T21:30:00+0200,4980.766,MW,DE,DE_LU,actual_onshore_wind_generation,Wind Onshore,2026-06-27T21:08:22Z
2026-06-27T21:06:46Z,2026-06-27T23:06:46+0200,44400f30-2862-403b-aedb-c9bc80837e62,2026-06-21T19:45:00Z,2026-06-21T21:45:00+0200,4940.77001,MW,DE,DE_LU,actual_onshore_wind_generation,Wind Onshore,2026-06-27T21:08:22Z
2026-06-27T21:06:46Z,2026-06-27T23:06:46+0200,44400f30-2862-403b-aedb-c9bc80837e62,2026-06-21T20:00:00Z,2026-06-21T22:00:00+0200,4823.35479,MW,DE,DE_LU,actual_onshore_wind_generation,Wind Onshore,2026-06-27T21:08:22Z
2026-06-27T21:06:46Z,2026-06-27T23:06:46+0200,44400f30-2862-403b-aedb-c9bc80837e62,2026-06-21T20:15:00Z,2026-06-21T22:15:00+0200,5085.3518,MW,DE,DE_LU,actual_onshore_wind_generation,Wind Onshore,2026-06-27T21:08:22Z
2026-06-27T21:06:46Z,2026-06-27T23:06:46+0200,44400f30-2862-403b-aedb-c9bc80837e62,2026-06-21T20:30:00Z,2026-06-21T22:30:00+0200,5136.96255,MW,DE,DE_LU,actual_onshore_wind_generation,Wind Onshore,2026-06-27T21:08:22Z
2026-06-27T21:06:46Z,2026-06-27T23:06:46+0200,44400f30-2862-403b-aedb-c9bc80837e62,2026-06-21T20:45:00Z,2026-06-21T22:45:00+0200,5255.25211,MW,DE,DE_LU,actual_onshore_wind_generation,Wind Onshore,2026-06-27T21:08:22Z
2026-06-27T21:06:46Z,2026-06-27T23:06:46+0200,44400f30-2862-403b-aedb-c9bc80837e62,2026-06-21T21:00:00Z,2026-06-21T23:00:00+0200,5498.59182,MW,DE,DE_LU,actual_onshore_wind_generation,Wind Onshore,2026-06-27T21:08:22Z
2026-06-27T21:06:46Z,2026-06-27T23:06:46+0200,44400f30-2862-403b-aedb-c9bc80837e62,2026-06-21T21:15:00Z,2026-06-21T23:15:00+0200,5657.58746,MW,DE,DE_LU,actual_onshore_wind_generation,Wind Onshore,2026-06-27T21:08:22Z
2026-06-27T21:06:46Z,2026-06-27T23:06:46+0200,44400f30-2862-403b-aedb-c9bc80837e62,2026-06-21T21:30:00Z,2026-06-21T23:30:00+0200,5646.58034,MW,DE,DE_LU,actual_onshore_wind_generation,Wind Onshore,2026-06-27T21:08:22Z
2026-06-27T21:06:46Z,2026-06-27T23:06:46+0200,44400f30-2862-403b-aedb-c9bc80837e62,2026-06-21T21:45:00Z,2026-06-21T23:45:00+0200,5717.25377,MW,DE,DE_LU,actual_onshore_wind_generation,Wind Onshore,2026-06-27T21:08:22Z
2026-06-27T21:06:46Z,2026-06-27T23:06:46+0200,44400f30-2862-403b-aedb-c9bc80837e62,2026-06-21T22:00:00Z,2026-06-22T00:00:00+0200,5750.36283,MW,DE,DE_LU,actual_onshore_wind_generation,Wind Onshore,2026-06-27T21:08:22Z
2026-06-27T21:06:46Z,2026-06-27T23:06:46+0200,44400f30-2862-403b-aedb-c9bc80837e62,2026-06-21T22:15:00Z,2026-06-22T00:15:00+0200,5794.32207,MW,DE,DE_LU,actual_onshore_wind_generation,Wind Onshore,2026-06-27T21:08:22Z
2026-06-27T21:06:46Z,2026-06-27T23:06:46+0200,44400f30-2862-403b-aedb-c9bc80837e62,2026-06-21T22:30:00Z,2026-06-22T00:30:00+0200,5806.61595,MW,DE,DE_LU,actual_onshore_wind_generation,Wind Onshore,2026-06-27T21:08:22Z
2026-06-27T21:06:46Z,2026-06-27T23:06:46+0200,44400f30-2862-403b-aedb-c9bc80837e62,2026-06-21T22:45:00Z,2026-06-22T00:45:00+0200,5873.78373,MW,DE,DE_LU,actual_onshore_wind_generation,Wind Onshore,2026-06-27T21:08:22Z
2026-06-27T21:06:46Z,2026-06-27T23:06:46+0200,44400f30-2862-403b-aedb-c9bc80837e62,2026-06-21T23:00:00Z,2026-06-22T01:00:00+0200,5971.41552,MW,DE,DE_LU,actual_onshore_wind_generation,Wind Onshore,2026-06-27T21:08:22Z
2026-06-27T21:06:46Z,2026-06-27T23:06:46+0200,44400f30-2862-403b-aedb-c9bc80837e62,2026-06-21T23:15:00Z,2026-06-22T01:15:00+0200,5990.55706,MW,DE,DE_LU,actual_onshore_wind_generation,Wind Onshore,2026-06-27T21:08:22Z
2026-06-27T21:06:46Z,2026-06-27T23:06:46+0200,44400f30-2862-403b-aedb-c9bc80837e62,2026-06-21T23:30:00Z,2026-06-22T01:30:00+0200,5931.93619,MW,DE,DE_LU,actual_onshore_wind_generation,Wind Onshore,2026-06-27T21:08:22Z
2026-06-27T21:06:46Z,2026-06-27T23:06:46+0200,44400f30-2862-403b-aedb-c9bc80837e62,2026-06-21T23:45:00Z,2026-06-22T01:45:00+0200,5976.94483,MW,DE,DE_LU,actual_onshore_wind_generation,Wind Onshore,2026-06-27T21:08:22Z
2026-06-27T21:06:46Z,2026-06-27T23:06:46+0200,44400f30-2862-403b-aedb-c9bc80837e62,2026-06-22T00:00:00Z,2026-06-22T02:00:00+0200,6007.3467,MW,DE,DE_LU,actual_onshore_wind_generation,Wind Onshore,2026-06-27T21:08:22Z
2026-06-27T21:06:46Z,2026-06-27T23:06:46+0200,44400f30-2862-403b-aedb-c9bc80837e62,2026-06-22T00:15:00Z,2026-06-22T02:15:00+0200,6091.36817,MW,DE,DE_LU,actual_onshore_wind_generation,Wind Onshore,2026-06-27T21:08:22Z
2026-06-27T21:06:46Z,2026-06-27T23:06:46+0200,44400f30-2862-403b-aedb-c9bc80837e62,2026-06-22T00:30:00Z,2026-06-22T02:30:00+0200,6175.6783,MW,DE,DE_LU,actual_onshore_wind_generation,Wind Onshore,2026-06-27T21:08:22Z
2026-06-27T21:06:46Z,2026-06-27T23:06:46+0200,44400f30-2862-403b-aedb-c9bc80837e62,2026-06-22T00:45:00Z,2026-06-22T02:45:00+0200,6286.2151,MW,DE,DE_LU,actual_onshore_wind_generation,Wind Onshore,2026-06-27T21:08:22Z
2026-06-27T21:06:46Z,2026-06-27T23:06:46+0200,44400f30-2862-403b-aedb-c9bc80837e62,2026-06-22T01:00:00Z,2026-06-22T03:00:00+0200,6335.8742,MW,DE,DE_LU,actual_onshore_wind_generation,Wind Onshore,2026-06-27T21:08:22Z
2026-06-27T21:06:46Z,2026-06-27T23:06:46+0200,44400f30-2862-403b-aedb-c9bc80837e62,2026-06-22T01:15:00Z,2026-06-22T03:15:00+0200,6300.2671,MW,DE,DE_LU,actual_onshore_wind_generation,Wind Onshore,2026-06-27T21:08:22Z
2026-06-27T21:06:46Z,2026-06-27T23:06:46+0200,44400f30-2862-403b-aedb-c9bc80837e62,2026-06-22T01:30:00Z,2026-06-22T03:30:00+0200,6330.01551,MW,DE,DE_LU,actual_onshore_wind_generation,Wind Onshore,2026-06-27T21:08:22Z
2026-06-27T21:06:46Z,2026-06-27T23:06:46+0200,44400f30-2862-403b-aedb-c9bc80837e62,2026-06-22T01:45:00Z,2026-06-22T03:45:00+0200,6303.75517,MW,DE,DE_LU,actual_onshore_wind_generation,Wind Onshore,2026-06-27T21:08:22Z
2026-06-27T21:06:46Z,2026-06-27T23:06:46+0200,44400f30-2862-403b-aedb-c9bc80837e62,2026-06-22T02:00:00Z,2026-06-22T04:00:00+0200,6191.20407,MW,DE,DE_LU,actual_onshore_wind_generation,Wind Onshore,2026-06-27T21:08:22Z
2026-06-27T21:06:46Z,2026-06-27T23:06:46+0200,44400f30-2862-403b-aedb-c9bc80837e62,2026-06-22T02:15:00Z,2026-06-22T04:15:00+0200,6161.28796,MW,DE,DE_LU,actual_onshore_wind_generation,Wind Onshore,2026-06-27T21:08:22Z
2026-06-27T21:06:46Z,2026-06-27T23:06:46+0200,44400f30-2862-403b-aedb-c9bc80837e62,2026-06-22T02:30:00Z,2026-06-22T04:30:00+0200,6199.71121,MW,DE,DE_LU,actual_onshore_wind_generation,Wind Onshore,2026-06-27T21:08:22Z
2026-06-27T21:06:46Z,2026-06-27T23:06:46+0200,44400f30-2862-403b-aedb-c9bc80837e62,2026-06-22T02:45:00Z,2026-06-22T04:45:00+0200,6254.55102,MW,DE,DE_LU,actual_onshore_wind_generation,Wind Onshore,2026-06-27T21:08:22Z
2026-06-27T21:06:46Z,2026-06-27T23:06:46+0200,44400f30-2862-403b-aedb-c9bc80837e62,2026-06-22T03:00:00Z,2026-06-22T05:00:00+0200,6433.4355,MW,DE,DE_LU,actual_onshore_wind_generation,Wind Onshore,2026-06-27T21:08:22Z
2026-06-27T21:06:46Z,2026-06-27T23:06:46+0200,44400f30-2862-403b-aedb-c9bc80837e62,2026-06-22T03:15:00Z,2026-06-22T05:15:00+0200,6501.79669,MW,DE,DE_LU,actual_onshore_wind_generation,Wind Onshore,2026-06-27T21:08:22Z
2026-06-27T21:06:46Z,2026-06-27T23:06:46+0200,44400f30-2862-403b-aedb-c9bc80837e62,2026-06-22T03:30:00Z,2026-06-22T05:30:00+0200,6340.69556,MW,DE,DE_LU,actual_onshore_wind_generation,Wind Onshore,2026-06-27T21:08:22Z
2026-06-27T21:06:46Z,2026-06-27T23:06:46+0200,44400f30-2862-403b-aedb-c9bc80837e62,2026-06-22T03:45:00Z,2026-06-22T05:45:00+0200,6159.94961,MW,DE,DE_LU,actual_onshore_wind_generation,Wind Onshore,2026-06-27T21:08:22Z
2026-06-27T21:06:46Z,2026-06-27T23:06:46+0200,44400f30-2862-403b-aedb-c9bc80837e62,2026-06-22T04:00:00Z,2026-06-22T06:00:00+0200,5962.06274,MW,DE,DE_LU,actual_onshore_wind_generation,Wind Onshore,2026-06-27T21:08:22Z
2026-06-27T21:06:46Z,2026-06-27T23:06:46+0200,44400f30-2862-403b-aedb-c9bc80837e62,2026-06-22T04:15:00Z,2026-06-22T06:15:00+0200,5651.91708,MW,DE,DE_LU,actual_onshore_wind_generation,Wind Onshore,2026-06-27T21:08:22Z
2026-06-27T21:06:46Z,2026-06-27T23:06:46+0200,44400f30-2862-403b-aedb-c9bc80837e62,2026-06-22T04:30:00Z,2026-06-22T06:30:00+0200,5265.72667,MW,DE,DE_LU,actual_onshore_wind_generation,Wind Onshore,2026-06-27T21:08:22Z
2026-06-27T21:06:46Z,2026-06-27T23:06:46+0200,44400f30-2862-403b-aedb-c9bc80837e62,2026-06-22T04:45:00Z,2026-06-22T06:45:00+0200,4798.07535,MW,DE,DE_LU,actual_onshore_wind_generation,Wind Onshore,2026-06-27T21:08:22Z
2026-06-27T21:06:46Z,2026-06-27T23:06:46+0200,44400f30-2862-403b-aedb-c9bc80837e62,2026-06-22T05:00:00Z,2026-06-22T07:00:00+0200,4318.3853,MW,DE,DE_LU,actual_onshore_wind_generation,Wind Onshore,2026-06-27T21:08:22Z
2026-06-27T21:06:46Z,2026-06-27T23:06:46+0200,44400f30-2862-403b-aedb-c9bc80837e62,2026-06-22T05:15:00Z,2026-06-22T07:15:00+0200,3794.59535,MW,DE,DE_LU,actual_onshore_wind_generation,Wind Onshore,2026-06-27T21:08:22Z
2026-06-27T21:06:46Z,2026-06-27T23:06:46+0200,44400f30-2862-403b-aedb-c9bc80837e62,2026-06-22T05:30:00Z,2026-06-22T07:30:00+0200,3308.62055,MW,DE,DE_LU,actual_onshore_wind_generation,Wind Onshore,2026-06-27T21:08:22Z
2026-06-27T21:06:46Z,2026-06-27T23:06:46+0200,44400f30-2862-403b-aedb-c9bc80837e62,2026-06-22T05:45:00Z,2026-06-22T07:45:00+0200,2974.66631,MW,DE,DE_LU,actual_onshore_wind_generation,Wind Onshore,2026-06-27T21:08:22Z
2026-06-27T21:06:46Z,2026-06-27T23:06:46+0200,44400f30-2862-403b-aedb-c9bc80837e62,2026-06-22T06:00:00Z,2026-06-22T08:00:00+0200,2705.66301,MW,DE,DE_LU,actual_onshore_wind_generation,Wind Onshore,2026-06-27T21:08:22Z
2026-06-27T21:06:46Z,2026-06-27T23:06:46+0200,44400f30-2862-403b-aedb-c9bc80837e62,2026-06-22T06:15:00Z,2026-06-22T08:15:00+0200,2450.83528,MW,DE,DE_LU,actual_onshore_wind_generation,Wind Onshore,2026-06-27T21:08:22Z
2026-06-27T21:06:46Z,2026-06-27T23:06:46+0200,44400f30-2862-403b-aedb-c9bc80837e62,2026-06-22T06:30:00Z,2026-06-22T08:30:00+0200,2291.10115,MW,DE,DE_LU,actual_onshore_wind_generation,Wind Onshore,2026-06-27T21:08:22Z
2026-06-27T21:06:46Z,2026-06-27T23:06:46+0200,44400f30-2862-403b-aedb-c9bc80837e62,2026-06-22T06:45:00Z,2026-06-22T08:45:00+0200,2084.85165,MW,DE,DE_LU,actual_onshore_wind_generation,Wind Onshore,2026-06-27T21:08:22Z
2026-06-27T21:06:46Z,2026-06-27T23:06:46+0200,44400f30-2862-403b-aedb-c9bc80837e62,2026-06-22T07:00:00Z,2026-06-22T09:00:00+0200,1850.39394,MW,DE,DE_LU,actual_onshore_wind_generation,Wind Onshore,2026-06-27T21:08:22Z
2026-06-27T21:06:46Z,2026-06-27T23:06:46+0200,44400f30-2862-403b-aedb-c9bc80837e62,2026-06-22T07:15:00Z,2026-06-22T09:15:00+0200,1709.33539,MW,DE,DE_LU,actual_onshore_wind_generation,Wind Onshore,2026-06-27T21:08:22Z
2026-06-27T21:06:46Z,2026-06-27T23:06:46+0200,44400f30-2862-403b-aedb-c9bc80837e62,2026-06-22T07:30:00Z,2026-06-22T09:30:00+0200,1600.69962,MW,DE,DE_LU,actual_onshore_wind_generation,Wind Onshore,2026-06-27T21:08:22Z
2026-06-27T21:06:46Z,2026-06-27T23:06:46+0200,44400f30-2862-403b-aedb-c9bc80837e62,2026-06-22T07:45:00Z,2026-06-22T09:45:00+0200,1508.16566,MW,DE,DE_LU,actual_onshore_wind_generation,Wind Onshore,2026-06-27T21:08:22Z
2026-06-27T21:06:46Z,2026-06-27T23:06:46+0200,44400f30-2862-403b-aedb-c9bc80837e62,2026-06-22T08:00:00Z,2026-06-22T10:00:00+0200,1480.46249,MW,DE,DE_LU,actual_onshore_wind_generation,Wind Onshore,2026-06-27T21:08:22Z
2026-06-27T21:06:46Z,2026-06-27T23:06:46+0200,44400f30-2862-403b-aedb-c9bc80837e62,2026-06-22T08:15:00Z,2026-06-22T10:15:00+0200,1454.88143,MW,DE,DE_LU,actual_onshore_wind_generation,Wind Onshore,2026-06-27T21:08:22Z
2026-06-27T21:06:46Z,2026-06-27T23:06:46+0200,44400f30-2862-403b-aedb-c9bc80837e62,2026-06-22T08:30:00Z,2026-06-22T10:30:00+0200,1447.52638,MW,DE,DE_LU,actual_onshore_wind_generation,Wind Onshore,2026-06-27T21:08:22Z
2026-06-27T21:06:46Z,2026-06-27T23:06:46+0200,44400f30-2862-403b-aedb-c9bc80837e62,2026-06-22T08:45:00Z,2026-06-22T10:45:00+0200,1421.72024,MW,DE,DE_LU,actual_onshore_wind_generation,Wind Onshore,2026-06-27T21:08:22Z
2026-06-27T21:06:46Z,2026-06-27T23:06:46+0200,44400f30-2862-403b-aedb-c9bc80837e62,2026-06-22T09:00:00Z,2026-06-22T11:00:00+0200,1432.13626,MW,DE,DE_LU,actual_onshore_wind_generation,Wind Onshore,2026-06-27T21:08:22Z
2026-06-27T21:06:46Z,2026-06-27T23:06:46+0200,44400f30-2862-403b-aedb-c9bc80837e62,2026-06-22T09:15:00Z,2026-06-22T11:15:00+0200,1442.65177,MW,DE,DE_LU,actual_onshore_wind_generation,Wind Onshore,2026-06-27T21:08:22Z
2026-06-27T21:06:46Z,2026-06-27T23:06:46+0200,44400f30-2862-403b-aedb-c9bc80837e62,2026-06-22T09:30:00Z,2026-06-22T11:30:00+0200,1440.28362,MW,DE,DE_LU,actual_onshore_wind_generation,Wind Onshore,2026-06-27T21:08:22Z
2026-06-27T21:06:46Z,2026-06-27T23:06:46+0200,44400f30-2862-403b-aedb-c9bc80837e62,2026-06-22T09:45:00Z,2026-06-22T11:45:00+0200,1392.2201,MW,DE,DE_LU,actual_onshore_wind_generation,Wind Onshore,2026-06-27T21:08:22Z
2026-06-27T21:06:46Z,2026-06-27T23:06:46+0200,44400f30-2862-403b-aedb-c9bc80837e62,2026-06-22T10:00:00Z,2026-06-22T12:00:00+0200,1405.19071,MW,DE,DE_LU,actual_onshore_wind_generation,Wind Onshore,2026-06-27T21:08:22Z
2026-06-27T21:06:46Z,2026-06-27T23:06:46+0200,44400f30-2862-403b-aedb-c9bc80837e62,2026-06-22T10:15:00Z,2026-06-22T12:15:00+0200,1341.33383,MW,DE,DE_LU,actual_onshore_wind_generation,Wind Onshore,2026-06-27T21:08:22Z
2026-06-27T21:06:46Z,2026-06-27T23:06:46+0200,44400f30-2862-403b-aedb-c9bc80837e62,2026-06-22T10:30:00Z,2026-06-22T12:30:00+0200,1473.6228,MW,DE,DE_LU,actual_onshore_wind_generation,Wind Onshore,2026-06-27T21:08:22Z
2026-06-27T21:06:46Z,2026-06-27T23:06:46+0200,44400f30-2862-403b-aedb-c9bc80837e62,2026-06-22T10:45:00Z,2026-06-22T12:45:00+0200,1606.393,MW,DE,DE_LU,actual_onshore_wind_generation,Wind Onshore,2026-06-27T21:08:22Z
2026-06-27T21:06:46Z,2026-06-27T23:06:46+0200,44400f30-2862-403b-aedb-c9bc80837e62,2026-06-22T11:00:00Z,2026-06-22T13:00:00+0200,1664.75355,MW,DE,DE_LU,actual_onshore_wind_generation,Wind Onshore,2026-06-27T21:08:22Z
2026-06-27T21:06:46Z,2026-06-27T23:06:46+0200,44400f30-2862-403b-aedb-c9bc80837e62,2026-06-22T11:15:00Z,2026-06-22T13:15:00+0200,1743.55532,MW,DE,DE_LU,actual_onshore_wind_generation,Wind Onshore,2026-06-27T21:08:22Z
2026-06-27T21:06:46Z,2026-06-27T23:06:46+0200,44400f30-2862-403b-aedb-c9bc80837e62,2026-06-22T11:30:00Z,2026-06-22T13:30:00+0200,1755.21952,MW,DE,DE_LU,actual_onshore_wind_generation,Wind Onshore,2026-06-27T21:08:22Z
2026-06-27T21:06:46Z,2026-06-27T23:06:46+0200,44400f30-2862-403b-aedb-c9bc80837e62,2026-06-22T11:45:00Z,2026-06-22T13:45:00+0200,1841.45303,MW,DE,DE_LU,actual_onshore_wind_generation,Wind Onshore,2026-06-27T21:08:22Z
2026-06-27T21:06:46Z,2026-06-27T23:06:46+0200,44400f30-2862-403b-aedb-c9bc80837e62,2026-06-22T12:00:00Z,2026-06-22T14:00:00+0200,1949.22394,MW,DE,DE_LU,actual_onshore_wind_generation,Wind Onshore,2026-06-27T21:08:22Z
2026-06-27T21:06:46Z,2026-06-27T23:06:46+0200,44400f30-2862-403b-aedb-c9bc80837e62,2026-06-22T12:15:00Z,2026-06-22T14:15:00+0200,2091.83675,MW,DE,DE_LU,actual_onshore_wind_generation,Wind Onshore,2026-06-27T21:08:22Z
2026-06-27T21:06:46Z,2026-06-27T23:06:46+0200,44400f30-2862-403b-aedb-c9bc80837e62,2026-06-22T12:30:00Z,2026-06-22T14:30:00+0200,2185.42622,MW,DE,DE_LU,actual_onshore_wind_generation,Wind Onshore,2026-06-27T21:08:22Z
2026-06-27T21:06:46Z,2026-06-27T23:06:46+0200,44400f30-2862-403b-aedb-c9bc80837e62,2026-06-22T12:45:00Z,2026-06-22T14:45:00+0200,2282.81845,MW,DE,DE_LU,actual_onshore_wind_generation,Wind Onshore,2026-06-27T21:08:22Z
2026-06-27T21:06:46Z,2026-06-27T23:06:46+0200,44400f30-2862-403b-aedb-c9bc80837e62,2026-06-22T13:00:00Z,2026-06-22T15:00:00+0200,2423.44112,MW,DE,DE_LU,actual_onshore_wind_generation,Wind Onshore,2026-06-27T21:08:22Z
2026-06-27T21:06:46Z,2026-06-27T23:06:46+0200,44400f30-2862-403b-aedb-c9bc80837e62,2026-06-22T13:15:00Z,2026-06-22T15:15:00+0200,2647.85051,MW,DE,DE_LU,actual_onshore_wind_generation,Wind Onshore,2026-06-27T21:08:22Z
2026-06-27T21:06:46Z,2026-06-27T23:06:46+0200,44400f30-2862-403b-aedb-c9bc80837e62,2026-06-22T13:30:00Z,2026-06-22T15:30:00+0200,2820.60774,MW,DE,DE_LU,actual_onshore_wind_generation,Wind Onshore,2026-06-27T21:08:22Z
2026-06-27T21:06:46Z,2026-06-27T23:06:46+0200,44400f30-2862-403b-aedb-c9bc80837e62,2026-06-22T13:45:00Z,2026-06-22T15:45:00+0200,2940.9141,MW,DE,DE_LU,actual_onshore_wind_generation,Wind Onshore,2026-06-27T21:08:22Z
2026-06-27T21:06:46Z,2026-06-27T23:06:46+0200,44400f30-2862-403b-aedb-c9bc80837e62,2026-06-22T14:00:00Z,2026-06-22T16:00:00+0200,3141.43504,MW,DE,DE_LU,actual_onshore_wind_generation,Wind Onshore,2026-06-27T21:08:22Z
2026-06-27T21:06:46Z,2026-06-27T23:06:46+0200,44400f30-2862-403b-aedb-c9bc80837e62,2026-06-22T14:15:00Z,2026-06-22T16:15:00+0200,3370.23665,MW,DE,DE_LU,actual_onshore_wind_generation,Wind Onshore,2026-06-27T21:08:22Z
2026-06-27T21:06:46Z,2026-06-27T23:06:46+0200,44400f30-2862-403b-aedb-c9bc80837e62,2026-06-22T14:30:00Z,2026-06-22T16:30:00+0200,3626.22871,MW,DE,DE_LU,actual_onshore_wind_generation,Wind Onshore,2026-06-27T21:08:22Z
2026-06-27T21:06:46Z,2026-06-27T23:06:46+0200,44400f30-2862-403b-aedb-c9bc80837e62,2026-06-22T14:45:00Z,2026-06-22T16:45:00+0200,4040.09636,MW,DE,DE_LU,actual_onshore_wind_generation,Wind Onshore,2026-06-27T21:08:22Z
2026-06-27T21:06:46Z,2026-06-27T23:06:46+0200,44400f30-2862-403b-aedb-c9bc80837e62,2026-06-22T15:00:00Z,2026-06-22T17:00:00+0200,4422.00741,MW,DE,DE_LU,actual_onshore_wind_generation,Wind Onshore,2026-06-27T21:08:22Z
2026-06-27T21:06:46Z,2026-06-27T23:06:46+0200,44400f30-2862-403b-aedb-c9bc80837e62,2026-06-22T15:15:00Z,2026-06-22T17:15:00+0200,4807.70862,MW,DE,DE_LU,actual_onshore_wind_generation,Wind Onshore,2026-06-27T21:08:22Z
2026-06-27T21:06:46Z,2026-06-27T23:06:46+0200,44400f30-2862-403b-aedb-c9bc80837e62,2026-06-22T15:30:00Z,2026-06-22T17:30:00+0200,4981.27158,MW,DE,DE_LU,actual_onshore_wind_generation,Wind Onshore,2026-06-27T21:08:22Z
2026-06-27T21:06:46Z,2026-06-27T23:06:46+0200,44400f30-2862-403b-aedb-c9bc80837e62,2026-06-22T15:45:00Z,2026-06-22T17:45:00+0200,5220.10657,MW,DE,DE_LU,actual_onshore_wind_generation,Wind Onshore,2026-06-27T21:08:22Z
2026-06-27T21:06:46Z,2026-06-27T23:06:46+0200,44400f30-2862-403b-aedb-c9bc80837e62,2026-06-22T16:00:00Z,2026-06-22T18:00:00+0200,5367.1396,MW,DE,DE_LU,actual_onshore_wind_generation,Wind Onshore,2026-06-27T21:08:22Z
2026-06-27T21:06:46Z,2026-06-27T23:06:46+0200,44400f30-2862-403b-aedb-c9bc80837e62,2026-06-22T16:15:00Z,2026-06-22T18:15:00+0200,5488.04087,MW,DE,DE_LU,actual_onshore_wind_generation,Wind Onshore,2026-06-27T21:08:22Z
2026-06-27T21:06:46Z,2026-06-27T23:06:46+0200,44400f30-2862-403b-aedb-c9bc80837e62,2026-06-22T16:30:00Z,2026-06-22T18:30:00+0200,5551.43378,MW,DE,DE_LU,actual_onshore_wind_generation,Wind Onshore,2026-06-27T21:08:22Z
2026-06-27T21:06:46Z,2026-06-27T23:06:46+0200,44400f30-2862-403b-aedb-c9bc80837e62,2026-06-22T16:45:00Z,2026-06-22T18:45:00+0200,5466.31734,MW,DE,DE_LU,actual_onshore_wind_generation,Wind Onshore,2026-06-27T21:08:22Z
2026-06-27T21:06:46Z,2026-06-27T23:06:46+0200,44400f30-2862-403b-aedb-c9bc80837e62,2026-06-22T17:00:00Z,2026-06-22T19:00:00+0200,5415.56303,MW,DE,DE_LU,actual_onshore_wind_generation,Wind Onshore,2026-06-27T21:08:22Z
2026-06-27T21:06:46Z,2026-06-27T23:06:46+0200,44400f30-2862-403b-aedb-c9bc80837e62,2026-06-22T17:15:00Z,2026-06-22T19:15:00+0200,5388.24165,MW,DE,DE_LU,actual_onshore_wind_generation,Wind Onshore,2026-06-27T21:08:22Z
2026-06-27T21:06:46Z,2026-06-27T23:06:46+0200,44400f30-2862-403b-aedb-c9bc80837e62,2026-06-22T17:30:00Z,2026-06-22T19:30:00+0200,5381.8477,MW,DE,DE_LU,actual_onshore_wind_generation,Wind Onshore,2026-06-27T21:08:22Z
2026-06-27T21:06:46Z,2026-06-27T23:06:46+0200,44400f30-2862-403b-aedb-c9bc80837e62,2026-06-22T17:45:00Z,2026-06-22T19:45:00+0200,5345.64141,MW,DE,DE_LU,actual_onshore_wind_generation,Wind Onshore,2026-06-27T21:08:22Z
2026-06-27T21:06:46Z,2026-06-27T23:06:46+0200,44400f30-2862-403b-aedb-c9bc80837e62,2026-06-22T18:00:00Z,2026-06-22T20:00:00+0200,5369.23134,MW,DE,DE_LU,actual_onshore_wind_generation,Wind Onshore,2026-06-27T21:08:22Z
2026-06-27T21:06:46Z,2026-06-27T23:06:46+0200,44400f30-2862-403b-aedb-c9bc80837e62,2026-06-22T18:15:00Z,2026-06-22T20:15:00+0200,5418.82471,MW,DE,DE_LU,actual_onshore_wind_generation,Wind Onshore,2026-06-27T21:08:22Z
2026-06-27T21:06:46Z,2026-06-27T23:06:46+0200,44400f30-2862-403b-aedb-c9bc80837e62,2026-06-22T18:30:00Z,2026-06-22T20:30:00+0200,5462.22363,MW,DE,DE_LU,actual_onshore_wind_generation,Wind Onshore,2026-06-27T21:08:22Z
2026-06-27T21:06:46Z,2026-06-27T23:06:46+0200,44400f30-2862-403b-aedb-c9bc80837e62,2026-06-22T18:45:00Z,2026-06-22T20:45:00+0200,5572.99256,MW,DE,DE_LU,actual_onshore_wind_generation,Wind Onshore,2026-06-27T21:08:22Z
2026-06-27T21:06:46Z,2026-06-27T23:06:46+0200,44400f30-2862-403b-aedb-c9bc80837e62,2026-06-22T19:00:00Z,2026-06-22T21:00:00+0200,5826.05031,MW,DE,DE_LU,actual_onshore_wind_generation,Wind Onshore,2026-06-27T21:08:22Z
2026-06-27T21:06:46Z,2026-06-27T23:06:46+0200,44400f30-2862-403b-aedb-c9bc80837e62,2026-06-22T19:15:00Z,2026-06-22T21:15:00+0200,6377.94151,MW,DE,DE_LU,actual_onshore_wind_generation,Wind Onshore,2026-06-27T21:08:22Z
2026-06-27T21:06:46Z,2026-06-27T23:06:46+0200,44400f30-2862-403b-aedb-c9bc80837e62,2026-06-22T19:30:00Z,2026-06-22T21:30:00+0200,6711.18514,MW,DE,DE_LU,actual_onshore_wind_generation,Wind Onshore,2026-06-27T21:08:22Z
2026-06-27T21:06:46Z,2026-06-27T23:06:46+0200,44400f30-2862-403b-aedb-c9bc80837e62,2026-06-22T19:45:00Z,2026-06-22T21:45:00+0200,6799.76875,MW,DE,DE_LU,actual_onshore_wind_generation,Wind Onshore,2026-06-27T21:08:22Z
2026-06-27T21:06:46Z,2026-06-27T23:06:46+0200,44400f30-2862-403b-aedb-c9bc80837e62,2026-06-22T20:00:00Z,2026-06-22T22:00:00+0200,6651.4365,MW,DE,DE_LU,actual_onshore_wind_generation,Wind Onshore,2026-06-27T21:08:22Z
2026-06-27T21:06:46Z,2026-06-27T23:06:46+0200,44400f30-2862-403b-aedb-c9bc80837e62,2026-06-22T20:15:00Z,2026-06-22T22:15:00+0200,6910.0507,MW,DE,DE_LU,actual_onshore_wind_generation,Wind Onshore,2026-06-27T21:08:22Z
2026-06-27T21:06:46Z,2026-06-27T23:06:46+0200,44400f30-2862-403b-aedb-c9bc80837e62,2026-06-22T20:30:00Z,2026-06-22T22:30:00+0200,7008.67044,MW,DE,DE_LU,actual_onshore_wind_generation,Wind Onshore,2026-06-27T21:08:22Z
2026-06-27T21:06:46Z,2026-06-27T23:06:46+0200,44400f30-2862-403b-aedb-c9bc80837e62,2026-06-22T20:45:00Z,2026-06-22T22:45:00+0200,6910.16392,MW,DE,DE_LU,actual_onshore_wind_generation,Wind Onshore,2026-06-27T21:08:22Z
2026-06-27T21:06:46Z,2026-06-27T23:06:46+0200,44400f30-2862-403b-aedb-c9bc80837e62,2026-06-22T21:00:00Z,2026-06-22T23:00:00+0200,6907.94195,MW,DE,DE_LU,actual_onshore_wind_generation,Wind Onshore,2026-06-27T21:08:22Z
2026-06-27T21:06:46Z,2026-06-27T23:06:46+0200,44400f30-2862-403b-aedb-c9bc80837e62,2026-06-22T21:15:00Z,2026-06-22T23:15:00+0200,6833.61248,MW,DE,DE_LU,actual_onshore_wind_generation,Wind Onshore,2026-06-27T21:08:22Z
2026-06-27T21:06:46Z,2026-06-27T23:06:46+0200,44400f30-2862-403b-aedb-c9bc80837e62,2026-06-22T21:30:00Z,2026-06-22T23:30:00+0200,6618.19402,MW,DE,DE_LU,actual_onshore_wind_generation,Wind Onshore,2026-06-27T21:08:22Z
2026-06-27T21:06:46Z,2026-06-27T23:06:46+0200,44400f30-2862-403b-aedb-c9bc80837e62,2026-06-22T21:45:00Z,2026-06-22T23:45:00+0200,6314.20292,MW,DE,DE_LU,actual_onshore_wind_generation,Wind Onshore,2026-06-27T21:08:22Z
2026-06-27T21:06:46Z,2026-06-27T23:06:46+0200,44400f30-2862-403b-aedb-c9bc80837e62,2026-06-22T22:00:00Z,2026-06-23T00:00:00+0200,5986.91106,MW,DE,DE_LU,actual_onshore_wind_generation,Wind Onshore,2026-06-27T21:08:22Z
2026-06-27T21:06:46Z,2026-06-27T23:06:46+0200,44400f30-2862-403b-aedb-c9bc80837e62,2026-06-22T22:15:00Z,2026-06-23T00:15:00+0200,5711.45407,MW,DE,DE_LU,actual_onshore_wind_generation,Wind Onshore,2026-06-27T21:08:22Z
2026-06-27T21:06:46Z,2026-06-27T23:06:46+0200,44400f30-2862-403b-aedb-c9bc80837e62,2026-06-22T22:30:00Z,2026-06-23T00:30:00+0200,5526.98366,MW,DE,DE_LU,actual_onshore_wind_generation,Wind Onshore,2026-06-27T21:08:22Z
2026-06-27T21:06:46Z,2026-06-27T23:06:46+0200,44400f30-2862-403b-aedb-c9bc80837e62,2026-06-22T22:45:00Z,2026-06-23T00:45:00+0200,5320.56165,MW,DE,DE_LU,actual_onshore_wind_generation,Wind Onshore,2026-06-27T21:08:22Z
2026-06-27T21:06:46Z,2026-06-27T23:06:46+0200,44400f30-2862-403b-aedb-c9bc80837e62,2026-06-22T23:00:00Z,2026-06-23T01:00:00+0200,4964.9738,MW,DE,DE_LU,actual_onshore_wind_generation,Wind Onshore,2026-06-27T21:08:22Z
2026-06-27T21:06:46Z,2026-06-27T23:06:46+0200,44400f30-2862-403b-aedb-c9bc80837e62,2026-06-22T23:15:00Z,2026-06-23T01:15:00+0200,4674.45561,MW,DE,DE_LU,actual_onshore_wind_generation,Wind Onshore,2026-06-27T21:08:22Z
2026-06-27T21:06:46Z,2026-06-27T23:06:46+0200,44400f30-2862-403b-aedb-c9bc80837e62,2026-06-22T23:30:00Z,2026-06-23T01:30:00+0200,4464.58273,MW,DE,DE_LU,actual_onshore_wind_generation,Wind Onshore,2026-06-27T21:08:22Z
2026-06-27T21:06:46Z,2026-06-27T23:06:46+0200,44400f30-2862-403b-aedb-c9bc80837e62,2026-06-22T23:45:00Z,2026-06-23T01:45:00+0200,4144.53493,MW,DE,DE_LU,actual_onshore_wind_generation,Wind Onshore,2026-06-27T21:08:22Z
2026-06-27T21:06:46Z,2026-06-27T23:06:46+0200,44400f30-2862-403b-aedb-c9bc80837e62,2026-06-23T00:00:00Z,2026-06-23T02:00:00+0200,3852.76249,MW,DE,DE_LU,actual_onshore_wind_generation,Wind Onshore,2026-06-27T21:08:22Z
2026-06-27T21:06:46Z,2026-06-27T23:06:46+0200,44400f30-2862-403b-aedb-c9bc80837e62,2026-06-23T00:15:00Z,2026-06-23T02:15:00+0200,3661.86617,MW,DE,DE_LU,actual_onshore_wind_generation,Wind Onshore,2026-06-27T21:08:22Z
2026-06-27T21:06:46Z,2026-06-27T23:06:46+0200,44400f30-2862-403b-aedb-c9bc80837e62,2026-06-23T00:30:00Z,2026-06-23T02:30:00+0200,3411.75044,MW,DE,DE_LU,actual_onshore_wind_generation,Wind Onshore,2026-06-27T21:08:22Z
2026-06-27T21:06:46Z,2026-06-27T23:06:46+0200,44400f30-2862-403b-aedb-c9bc80837e62,2026-06-23T00:45:00Z,2026-06-23T02:45:00+0200,3253.79477,MW,DE,DE_LU,actual_onshore_wind_generation,Wind Onshore,2026-06-27T21:08:22Z
2026-06-27T21:06:46Z,2026-06-27T23:06:46+0200,44400f30-2862-403b-aedb-c9bc80837e62,2026-06-23T01:00:00Z,2026-06-23T03:00:00+0200,3176.60007,MW,DE,DE_LU,actual_onshore_wind_generation,Wind Onshore,2026-06-27T21:08:22Z
2026-06-27T21:06:46Z,2026-06-27T23:06:46+0200,44400f30-2862-403b-aedb-c9bc80837e62,2026-06-23T01:15:00Z,2026-06-23T03:15:00+0200,2986.8583,MW,DE,DE_LU,actual_onshore_wind_generation,Wind Onshore,2026-06-27T21:08:22Z
2026-06-27T21:06:46Z,2026-06-27T23:06:46+0200,44400f30-2862-403b-aedb-c9bc80837e62,2026-06-23T01:30:00Z,2026-06-23T03:30:00+0200,2845.77078,MW,DE,DE_LU,actual_onshore_wind_generation,Wind Onshore,2026-06-27T21:08:22Z
2026-06-27T21:06:46Z,2026-06-27T23:06:46+0200,44400f30-2862-403b-aedb-c9bc80837e62,2026-06-23T01:45:00Z,2026-06-23T03:45:00+0200,2725.23473,MW,DE,DE_LU,actual_onshore_wind_generation,Wind Onshore,2026-06-27T21:08:22Z
2026-06-27T21:06:46Z,2026-06-27T23:06:46+0200,44400f30-2862-403b-aedb-c9bc80837e62,2026-06-23T02:00:00Z,2026-06-23T04:00:00+0200,2621.36098,MW,DE,DE_LU,actual_onshore_wind_generation,Wind Onshore,2026-06-27T21:08:22Z
2026-06-27T21:06:46Z,2026-06-27T23:06:46+0200,44400f30-2862-403b-aedb-c9bc80837e62,2026-06-23T02:15:00Z,2026-06-23T04:15:00+0200,2512.09512,MW,DE,DE_LU,actual_onshore_wind_generation,Wind Onshore,2026-06-27T21:08:22Z
2026-06-27T21:06:46Z,2026-06-27T23:06:46+0200,44400f30-2862-403b-aedb-c9bc80837e62,2026-06-23T02:30:00Z,2026-06-23T04:30:00+0200,2508.88371,MW,DE,DE_LU,actual_onshore_wind_generation,Wind Onshore,2026-06-27T21:08:22Z
2026-06-27T21:06:46Z,2026-06-27T23:06:46+0200,44400f30-2862-403b-aedb-c9bc80837e62,2026-06-23T02:45:00Z,2026-06-23T04:45:00+0200,2482.48677,MW,DE,DE_LU,actual_onshore_wind_generation,Wind Onshore,2026-06-27T21:08:22Z
2026-06-27T21:06:46Z,2026-06-27T23:06:46+0200,44400f30-2862-403b-aedb-c9bc80837e62,2026-06-23T03:00:00Z,2026-06-23T05:00:00+0200,2504.96086,MW,DE,DE_LU,actual_onshore_wind_generation,Wind Onshore,2026-06-27T21:08:22Z
2026-06-27T21:06:46Z,2026-06-27T23:06:46+0200,44400f30-2862-403b-aedb-c9bc80837e62,2026-06-23T03:15:00Z,2026-06-23T05:15:00+0200,2531.44472,MW,DE,DE_LU,actual_onshore_wind_generation,Wind Onshore,2026-06-27T21:08:22Z
2026-06-27T21:06:46Z,2026-06-27T23:06:46+0200,44400f30-2862-403b-aedb-c9bc80837e62,2026-06-23T03:30:00Z,2026-06-23T05:30:00+0200,2467.79736,MW,DE,DE_LU,actual_onshore_wind_generation,Wind Onshore,2026-06-27T21:08:22Z
2026-06-27T21:06:46Z,2026-06-27T23:06:46+0200,44400f30-2862-403b-aedb-c9bc80837e62,2026-06-23T03:45:00Z,2026-06-23T05:45:00+0200,2373.55406,MW,DE,DE_LU,actual_onshore_wind_generation,Wind Onshore,2026-06-27T21:08:22Z
2026-06-27T21:06:46Z,2026-06-27T23:06:46+0200,44400f30-2862-403b-aedb-c9bc80837e62,2026-06-23T04:00:00Z,2026-06-23T06:00:00+0200,2250.4296,MW,DE,DE_LU,actual_onshore_wind_generation,Wind Onshore,2026-06-27T21:08:22Z
2026-06-27T21:06:46Z,2026-06-27T23:06:46+0200,44400f30-2862-403b-aedb-c9bc80837e62,2026-06-23T04:15:00Z,2026-06-23T06:15:00+0200,2125.90815,MW,DE,DE_LU,actual_onshore_wind_generation,Wind Onshore,2026-06-27T21:08:22Z
2026-06-27T21:06:46Z,2026-06-27T23:06:46+0200,44400f30-2862-403b-aedb-c9bc80837e62,2026-06-23T04:30:00Z,2026-06-23T06:30:00+0200,1922.43095,MW,DE,DE_LU,actual_onshore_wind_generation,Wind Onshore,2026-06-27T21:08:22Z
2026-06-27T21:06:46Z,2026-06-27T23:06:46+0200,44400f30-2862-403b-aedb-c9bc80837e62,2026-06-23T04:45:00Z,2026-06-23T06:45:00+0200,1714.89803,MW,DE,DE_LU,actual_onshore_wind_generation,Wind Onshore,2026-06-27T21:08:22Z
2026-06-27T21:06:46Z,2026-06-27T23:06:46+0200,44400f30-2862-403b-aedb-c9bc80837e62,2026-06-23T05:00:00Z,2026-06-23T07:00:00+0200,1476.10696,MW,DE,DE_LU,actual_onshore_wind_generation,Wind Onshore,2026-06-27T21:08:22Z
2026-06-27T21:06:46Z,2026-06-27T23:06:46+0200,44400f30-2862-403b-aedb-c9bc80837e62,2026-06-23T05:15:00Z,2026-06-23T07:15:00+0200,1212.81944,MW,DE,DE_LU,actual_onshore_wind_generation,Wind Onshore,2026-06-27T21:08:22Z
2026-06-27T21:06:46Z,2026-06-27T23:06:46+0200,44400f30-2862-403b-aedb-c9bc80837e62,2026-06-23T05:30:00Z,2026-06-23T07:30:00+0200,922.41862,MW,DE,DE_LU,actual_onshore_wind_generation,Wind Onshore,2026-06-27T21:08:22Z
2026-06-27T21:06:46Z,2026-06-27T23:06:46+0200,44400f30-2862-403b-aedb-c9bc80837e62,2026-06-23T05:45:00Z,2026-06-23T07:45:00+0200,686.78778,MW,DE,DE_LU,actual_onshore_wind_generation,Wind Onshore,2026-06-27T21:08:22Z
2026-06-27T21:06:46Z,2026-06-27T23:06:46+0200,44400f30-2862-403b-aedb-c9bc80837e62,2026-06-23T06:00:00Z,2026-06-23T08:00:00+0200,518.24594,MW,DE,DE_LU,actual_onshore_wind_generation,Wind Onshore,2026-06-27T21:08:22Z
2026-06-27T21:06:46Z,2026-06-27T23:06:46+0200,44400f30-2862-403b-aedb-c9bc80837e62,2026-06-23T06:15:00Z,2026-06-23T08:15:00+0200,395.94587,MW,DE,DE_LU,actual_onshore_wind_generation,Wind Onshore,2026-06-27T21:08:22Z
2026-06-27T21:06:46Z,2026-06-27T23:06:46+0200,44400f30-2862-403b-aedb-c9bc80837e62,2026-06-23T06:30:00Z,2026-06-23T08:30:00+0200,305.64015,MW,DE,DE_LU,actual_onshore_wind_generation,Wind Onshore,2026-06-27T21:08:22Z
2026-06-27T21:06:46Z,2026-06-27T23:06:46+0200,44400f30-2862-403b-aedb-c9bc80837e62,2026-06-23T06:45:00Z,2026-06-23T08:45:00+0200,235.10155,MW,DE,DE_LU,actual_onshore_wind_generation,Wind Onshore,2026-06-27T21:08:22Z
2026-06-27T21:06:46Z,2026-06-27T23:06:46+0200,44400f30-2862-403b-aedb-c9bc80837e62,2026-06-23T07:00:00Z,2026-06-23T09:00:00+0200,216.76763,MW,DE,DE_LU,actual_onshore_wind_generation,Wind Onshore,2026-06-27T21:08:22Z
2026-06-27T21:06:46Z,2026-06-27T23:06:46+0200,44400f30-2862-403b-aedb-c9bc80837e62,2026-06-23T07:15:00Z,2026-06-23T09:15:00+0200,203.73896,MW,DE,DE_LU,actual_onshore_wind_generation,Wind Onshore,2026-06-27T21:08:22Z
2026-06-27T21:06:46Z,2026-06-27T23:06:46+0200,44400f30-2862-403b-aedb-c9bc80837e62,2026-06-23T07:30:00Z,2026-06-23T09:30:00+0200,203.39542,MW,DE,DE_LU,actual_onshore_wind_generation,Wind Onshore,2026-06-27T21:08:22Z
2026-06-27T21:06:46Z,2026-06-27T23:06:46+0200,44400f30-2862-403b-aedb-c9bc80837e62,2026-06-23T07:45:00Z,2026-06-23T09:45:00+0200,220.95579,MW,DE,DE_LU,actual_onshore_wind_generation,Wind Onshore,2026-06-27T21:08:22Z
2026-06-27T21:06:46Z,2026-06-27T23:06:46+0200,44400f30-2862-403b-aedb-c9bc80837e62,2026-06-23T08:00:00Z,2026-06-23T10:00:00+0200,230.12103,MW,DE,DE_LU,actual_onshore_wind_generation,Wind Onshore,2026-06-27T21:08:22Z
2026-06-27T21:06:46Z,2026-06-27T23:06:46+0200,44400f30-2862-403b-aedb-c9bc80837e62,2026-06-23T08:15:00Z,2026-06-23T10:15:00+0200,243.86128,MW,DE,DE_LU,actual_onshore_wind_generation,Wind Onshore,2026-06-27T21:08:22Z
2026-06-27T21:06:46Z,2026-06-27T23:06:46+0200,44400f30-2862-403b-aedb-c9bc80837e62,2026-06-23T08:30:00Z,2026-06-23T10:30:00+0200,261.11469,MW,DE,DE_LU,actual_onshore_wind_generation,Wind Onshore,2026-06-27T21:08:22Z
2026-06-27T21:06:46Z,2026-06-27T23:06:46+0200,44400f30-2862-403b-aedb-c9bc80837e62,2026-06-23T08:45:00Z,2026-06-23T10:45:00+0200,294.46083,MW,DE,DE_LU,actual_onshore_wind_generation,Wind Onshore,2026-06-27T21:08:22Z
2026-06-27T21:06:46Z,2026-06-27T23:06:46+0200,44400f30-2862-403b-aedb-c9bc80837e62,2026-06-23T09:00:00Z,2026-06-23T11:00:00+0200,332.78661,MW,DE,DE_LU,actual_onshore_wind_generation,Wind Onshore,2026-06-27T21:08:22Z
2026-06-27T21:06:46Z,2026-06-27T23:06:46+0200,44400f30-2862-403b-aedb-c9bc80837e62,2026-06-23T09:15:00Z,2026-06-23T11:15:00+0200,351.74191,MW,DE,DE_LU,actual_onshore_wind_generation,Wind Onshore,2026-06-27T21:08:22Z
2026-06-27T21:06:46Z,2026-06-27T23:06:46+0200,44400f30-2862-403b-aedb-c9bc80837e62,2026-06-23T09:30:00Z,2026-06-23T11:30:00+0200,368.13402,MW,DE,DE_LU,actual_onshore_wind_generation,Wind Onshore,2026-06-27T21:08:22Z
2026-06-27T21:06:46Z,2026-06-27T23:06:46+0200,44400f30-2862-403b-aedb-c9bc80837e62,2026-06-23T09:45:00Z,2026-06-23T11:45:00+0200,387.24791,MW,DE,DE_LU,actual_onshore_wind_generation,Wind Onshore,2026-06-27T21:08:22Z
2026-06-27T21:06:46Z,2026-06-27T23:06:46+0200,44400f30-2862-403b-aedb-c9bc80837e62,2026-06-23T10:00:00Z,2026-06-23T12:00:00+0200,419.33129,MW,DE,DE_LU,actual_onshore_wind_generation,Wind Onshore,2026-06-27T21:08:22Z
2026-06-27T21:06:46Z,2026-06-27T23:06:46+0200,44400f30-2862-403b-aedb-c9bc80837e62,2026-06-23T10:15:00Z,2026-06-23T12:15:00+0200,458.4136,MW,DE,DE_LU,actual_onshore_wind_generation,Wind Onshore,2026-06-27T21:08:22Z
2026-06-27T21:06:46Z,2026-06-27T23:06:46+0200,44400f30-2862-403b-aedb-c9bc80837e62,2026-06-23T10:30:00Z,2026-06-23T12:30:00+0200,484.19755,MW,DE,DE_LU,actual_onshore_wind_generation,Wind Onshore,2026-06-27T21:08:22Z
2026-06-27T21:06:46Z,2026-06-27T23:06:46+0200,44400f30-2862-403b-aedb-c9bc80837e62,2026-06-23T10:45:00Z,2026-06-23T12:45:00+0200,510.35418,MW,DE,DE_LU,actual_onshore_wind_generation,Wind Onshore,2026-06-27T21:08:22Z
2026-06-27T21:06:46Z,2026-06-27T23:06:46+0200,44400f30-2862-403b-aedb-c9bc80837e62,2026-06-23T11:00:00Z,2026-06-23T13:00:00+0200,545.12205,MW,DE,DE_LU,actual_onshore_wind_generation,Wind Onshore,2026-06-27T21:08:22Z
2026-06-27T21:06:46Z,2026-06-27T23:06:46+0200,44400f30-2862-403b-aedb-c9bc80837e62,2026-06-23T11:15:00Z,2026-06-23T13:15:00+0200,569.45996,MW,DE,DE_LU,actual_onshore_wind_generation,Wind Onshore,2026-06-27T21:08:22Z
2026-06-27T21:06:46Z,2026-06-27T23:06:46+0200,44400f30-2862-403b-aedb-c9bc80837e62,2026-06-23T11:30:00Z,2026-06-23T13:30:00+0200,609.43748,MW,DE,DE_LU,actual_onshore_wind_generation,Wind Onshore,2026-06-27T21:08:22Z
2026-06-27T21:06:46Z,2026-06-27T23:06:46+0200,44400f30-2862-403b-aedb-c9bc80837e62,2026-06-23T11:45:00Z,2026-06-23T13:45:00+0200,629.62945,MW,DE,DE_LU,actual_onshore_wind_generation,Wind Onshore,2026-06-27T21:08:22Z
2026-06-27T21:06:46Z,2026-06-27T23:06:46+0200,44400f30-2862-403b-aedb-c9bc80837e62,2026-06-23T12:00:00Z,2026-06-23T14:00:00+0200,658.22111,MW,DE,DE_LU,actual_onshore_wind_generation,Wind Onshore,2026-06-27T21:08:22Z
2026-06-27T21:06:46Z,2026-06-27T23:06:46+0200,44400f30-2862-403b-aedb-c9bc80837e62,2026-06-23T12:15:00Z,2026-06-23T14:15:00+0200,676.24938,MW,DE,DE_LU,actual_onshore_wind_generation,Wind Onshore,2026-06-27T21:08:22Z
2026-06-27T21:06:46Z,2026-06-27T23:06:46+0200,44400f30-2862-403b-aedb-c9bc80837e62,2026-06-23T12:30:00Z,2026-06-23T14:30:00+0200,673.97169,MW,DE,DE_LU,actual_onshore_wind_generation,Wind Onshore,2026-06-27T21:08:22Z
2026-06-27T21:06:46Z,2026-06-27T23:06:46+0200,44400f30-2862-403b-aedb-c9bc80837e62,2026-06-23T12:45:00Z,2026-06-23T14:45:00+0200,692.77516,MW,DE,DE_LU,actual_onshore_wind_generation,Wind Onshore,2026-06-27T21:08:22Z
2026-06-27T21:06:46Z,2026-06-27T23:06:46+0200,44400f30-2862-403b-aedb-c9bc80837e62,2026-06-23T13:00:00Z,2026-06-23T15:00:00+0200,716.67141,MW,DE,DE_LU,actual_onshore_wind_generation,Wind Onshore,2026-06-27T21:08:22Z
2026-06-27T21:06:46Z,2026-06-27T23:06:46+0200,44400f30-2862-403b-aedb-c9bc80837e62,2026-06-23T13:15:00Z,2026-06-23T15:15:00+0200,719.74894,MW,DE,DE_LU,actual_onshore_wind_generation,Wind Onshore,2026-06-27T21:08:22Z
2026-06-27T21:06:46Z,2026-06-27T23:06:46+0200,44400f30-2862-403b-aedb-c9bc80837e62,2026-06-23T13:30:00Z,2026-06-23T15:30:00+0200,754.92316,MW,DE,DE_LU,actual_onshore_wind_generation,Wind Onshore,2026-06-27T21:08:22Z
2026-06-27T21:06:46Z,2026-06-27T23:06:46+0200,44400f30-2862-403b-aedb-c9bc80837e62,2026-06-23T13:45:00Z,2026-06-23T15:45:00+0200,760.82181,MW,DE,DE_LU,actual_onshore_wind_generation,Wind Onshore,2026-06-27T21:08:22Z
2026-06-27T21:06:46Z,2026-06-27T23:06:46+0200,44400f30-2862-403b-aedb-c9bc80837e62,2026-06-23T14:00:00Z,2026-06-23T16:00:00+0200,791.87063,MW,DE,DE_LU,actual_onshore_wind_generation,Wind Onshore,2026-06-27T21:08:22Z
2026-06-27T21:06:46Z,2026-06-27T23:06:46+0200,44400f30-2862-403b-aedb-c9bc80837e62,2026-06-23T14:15:00Z,2026-06-23T16:15:00+0200,843.2298,MW,DE,DE_LU,actual_onshore_wind_generation,Wind Onshore,2026-06-27T21:08:22Z
2026-06-27T21:06:46Z,2026-06-27T23:06:46+0200,44400f30-2862-403b-aedb-c9bc80837e62,2026-06-23T14:30:00Z,2026-06-23T16:30:00+0200,878.41703,MW,DE,DE_LU,actual_onshore_wind_generation,Wind Onshore,2026-06-27T21:08:22Z
2026-06-27T21:06:46Z,2026-06-27T23:06:46+0200,44400f30-2862-403b-aedb-c9bc80837e62,2026-06-23T14:45:00Z,2026-06-23T16:45:00+0200,910.05647,MW,DE,DE_LU,actual_onshore_wind_generation,Wind Onshore,2026-06-27T21:08:22Z
2026-06-27T21:06:46Z,2026-06-27T23:06:46+0200,44400f30-2862-403b-aedb-c9bc80837e62,2026-06-23T15:00:00Z,2026-06-23T17:00:00+0200,930.07667,MW,DE,DE_LU,actual_onshore_wind_generation,Wind Onshore,2026-06-27T21:08:22Z
2026-06-27T21:06:46Z,2026-06-27T23:06:46+0200,44400f30-2862-403b-aedb-c9bc80837e62,2026-06-23T15:15:00Z,2026-06-23T17:15:00+0200,953.16071,MW,DE,DE_LU,actual_onshore_wind_generation,Wind Onshore,2026-06-27T21:08:22Z
2026-06-27T21:06:46Z,2026-06-27T23:06:46+0200,44400f30-2862-403b-aedb-c9bc80837e62,2026-06-23T15:30:00Z,2026-06-23T17:30:00+0200,927.79981,MW,DE,DE_LU,actual_onshore_wind_generation,Wind Onshore,2026-06-27T21:08:22Z
2026-06-27T21:06:46Z,2026-06-27T23:06:46+0200,44400f30-2862-403b-aedb-c9bc80837e62,2026-06-23T15:45:00Z,2026-06-23T17:45:00+0200,939.63704,MW,DE,DE_LU,actual_onshore_wind_generation,Wind Onshore,2026-06-27T21:08:22Z
2026-06-27T21:06:46Z,2026-06-27T23:06:46+0200,44400f30-2862-403b-aedb-c9bc80837e62,2026-06-23T16:00:00Z,2026-06-23T18:00:00+0200,942.56969,MW,DE,DE_LU,actual_onshore_wind_generation,Wind Onshore,2026-06-27T21:08:22Z
2026-06-27T21:06:46Z,2026-06-27T23:06:46+0200,44400f30-2862-403b-aedb-c9bc80837e62,2026-06-23T16:15:00Z,2026-06-23T18:15:00+0200,1014.53816,MW,DE,DE_LU,actual_onshore_wind_generation,Wind Onshore,2026-06-27T21:08:22Z
2026-06-27T21:06:46Z,2026-06-27T23:06:46+0200,44400f30-2862-403b-aedb-c9bc80837e62,2026-06-23T16:30:00Z,2026-06-23T18:30:00+0200,1008.80039,MW,DE,DE_LU,actual_onshore_wind_generation,Wind Onshore,2026-06-27T21:08:22Z
2026-06-27T21:06:46Z,2026-06-27T23:06:46+0200,44400f30-2862-403b-aedb-c9bc80837e62,2026-06-23T16:45:00Z,2026-06-23T18:45:00+0200,957.34142,MW,DE,DE_LU,actual_onshore_wind_generation,Wind Onshore,2026-06-27T21:08:22Z
2026-06-27T21:06:46Z,2026-06-27T23:06:46+0200,44400f30-2862-403b-aedb-c9bc80837e62,2026-06-23T17:00:00Z,2026-06-23T19:00:00+0200,952.68874,MW,DE,DE_LU,actual_onshore_wind_generation,Wind Onshore,2026-06-27T21:08:22Z
2026-06-27T21:06:46Z,2026-06-27T23:06:46+0200,44400f30-2862-403b-aedb-c9bc80837e62,2026-06-23T17:15:00Z,2026-06-23T19:15:00+0200,978.69272,MW,DE,DE_LU,actual_onshore_wind_generation,Wind Onshore,2026-06-27T21:08:22Z
2026-06-27T21:06:46Z,2026-06-27T23:06:46+0200,44400f30-2862-403b-aedb-c9bc80837e62,2026-06-23T17:30:00Z,2026-06-23T19:30:00+0200,1017.80423,MW,DE,DE_LU,actual_onshore_wind_generation,Wind Onshore,2026-06-27T21:08:22Z
2026-06-27T21:06:46Z,2026-06-27T23:06:46+0200,44400f30-2862-403b-aedb-c9bc80837e62,2026-06-23T17:45:00Z,2026-06-23T19:45:00+0200,1077.26647,MW,DE,DE_LU,actual_onshore_wind_generation,Wind Onshore,2026-06-27T21:08:22Z
2026-06-27T21:06:46Z,2026-06-27T23:06:46+0200,44400f30-2862-403b-aedb-c9bc80837e62,2026-06-23T18:00:00Z,2026-06-23T20:00:00+0200,1137.38049,MW,DE,DE_LU,actual_onshore_wind_generation,Wind Onshore,2026-06-27T21:08:22Z
2026-06-27T21:06:46Z,2026-06-27T23:06:46+0200,44400f30-2862-403b-aedb-c9bc80837e62,2026-06-23T18:15:00Z,2026-06-23T20:15:00+0200,1270.09805,MW,DE,DE_LU,actual_onshore_wind_generation,Wind Onshore,2026-06-27T21:08:22Z
2026-06-27T21:06:46Z,2026-06-27T23:06:46+0200,44400f30-2862-403b-aedb-c9bc80837e62,2026-06-23T18:30:00Z,2026-06-23T20:30:00+0200,1350.15636,MW,DE,DE_LU,actual_onshore_wind_generation,Wind Onshore,2026-06-27T21:08:22Z
2026-06-27T21:06:46Z,2026-06-27T23:06:46+0200,44400f30-2862-403b-aedb-c9bc80837e62,2026-06-23T18:45:00Z,2026-06-23T20:45:00+0200,1406.41476,MW,DE,DE_LU,actual_onshore_wind_generation,Wind Onshore,2026-06-27T21:08:22Z
2026-06-27T21:06:46Z,2026-06-27T23:06:46+0200,44400f30-2862-403b-aedb-c9bc80837e62,2026-06-23T19:00:00Z,2026-06-23T21:00:00+0200,1518.09364,MW,DE,DE_LU,actual_onshore_wind_generation,Wind Onshore,2026-06-27T21:08:22Z
2026-06-27T21:06:46Z,2026-06-27T23:06:46+0200,44400f30-2862-403b-aedb-c9bc80837e62,2026-06-23T19:15:00Z,2026-06-23T21:15:00+0200,1640.46469,MW,DE,DE_LU,actual_onshore_wind_generation,Wind Onshore,2026-06-27T21:08:22Z
2026-06-27T21:06:46Z,2026-06-27T23:06:46+0200,44400f30-2862-403b-aedb-c9bc80837e62,2026-06-23T19:30:00Z,2026-06-23T21:30:00+0200,1646.69111,MW,DE,DE_LU,actual_onshore_wind_generation,Wind Onshore,2026-06-27T21:08:22Z
2026-06-27T21:06:46Z,2026-06-27T23:06:46+0200,44400f30-2862-403b-aedb-c9bc80837e62,2026-06-23T19:45:00Z,2026-06-23T21:45:00+0200,1694.80995,MW,DE,DE_LU,actual_onshore_wind_generation,Wind Onshore,2026-06-27T21:08:22Z
2026-06-27T21:06:46Z,2026-06-27T23:06:46+0200,44400f30-2862-403b-aedb-c9bc80837e62,2026-06-23T20:00:00Z,2026-06-23T22:00:00+0200,1808.6833,MW,DE,DE_LU,actual_onshore_wind_generation,Wind Onshore,2026-06-27T21:08:22Z
2026-06-27T21:06:46Z,2026-06-27T23:06:46+0200,44400f30-2862-403b-aedb-c9bc80837e62,2026-06-23T20:15:00Z,2026-06-23T22:15:00+0200,1921.31584,MW,DE,DE_LU,actual_onshore_wind_generation,Wind Onshore,2026-06-27T21:08:22Z
2026-06-27T21:06:46Z,2026-06-27T23:06:46+0200,44400f30-2862-403b-aedb-c9bc80837e62,2026-06-23T20:30:00Z,2026-06-23T22:30:00+0200,2121.78945,MW,DE,DE_LU,actual_onshore_wind_generation,Wind Onshore,2026-06-27T21:08:22Z
2026-06-27T21:06:46Z,2026-06-27T23:06:46+0200,44400f30-2862-403b-aedb-c9bc80837e62,2026-06-23T20:45:00Z,2026-06-23T22:45:00+0200,2321.13665,MW,DE,DE_LU,actual_onshore_wind_generation,Wind Onshore,2026-06-27T21:08:22Z
2026-06-27T21:06:46Z,2026-06-27T23:06:46+0200,44400f30-2862-403b-aedb-c9bc80837e62,2026-06-23T21:00:00Z,2026-06-23T23:00:00+0200,2501.89951,MW,DE,DE_LU,actual_onshore_wind_generation,Wind Onshore,2026-06-27T21:08:22Z
2026-06-27T21:06:46Z,2026-06-27T23:06:46+0200,44400f30-2862-403b-aedb-c9bc80837e62,2026-06-23T21:15:00Z,2026-06-23T23:15:00+0200,2593.75196,MW,DE,DE_LU,actual_onshore_wind_generation,Wind Onshore,2026-06-27T21:08:22Z
2026-06-27T21:06:46Z,2026-06-27T23:06:46+0200,44400f30-2862-403b-aedb-c9bc80837e62,2026-06-23T21:30:00Z,2026-06-23T23:30:00+0200,2599.24148,MW,DE,DE_LU,actual_onshore_wind_generation,Wind Onshore,2026-06-27T21:08:22Z
2026-06-27T21:06:46Z,2026-06-27T23:06:46+0200,44400f30-2862-403b-aedb-c9bc80837e62,2026-06-23T21:45:00Z,2026-06-23T23:45:00+0200,2616.70575,MW,DE,DE_LU,actual_onshore_wind_generation,Wind Onshore,2026-06-27T21:08:22Z
2026-06-27T21:06:46Z,2026-06-27T23:06:46+0200,44400f30-2862-403b-aedb-c9bc80837e62,2026-06-23T22:00:00Z,2026-06-24T00:00:00+0200,2665.27259,MW,DE,DE_LU,actual_onshore_wind_generation,Wind Onshore,2026-06-27T21:08:22Z
2026-06-27T21:06:46Z,2026-06-27T23:06:46+0200,44400f30-2862-403b-aedb-c9bc80837e62,2026-06-23T22:15:00Z,2026-06-24T00:15:00+0200,2702.02157,MW,DE,DE_LU,actual_onshore_wind_generation,Wind Onshore,2026-06-27T21:08:22Z
2026-06-27T21:06:46Z,2026-06-27T23:06:46+0200,44400f30-2862-403b-aedb-c9bc80837e62,2026-06-23T22:30:00Z,2026-06-24T00:30:00+0200,2743.61266,MW,DE,DE_LU,actual_onshore_wind_generation,Wind Onshore,2026-06-27T21:08:22Z
2026-06-27T21:06:46Z,2026-06-27T23:06:46+0200,44400f30-2862-403b-aedb-c9bc80837e62,2026-06-23T22:45:00Z,2026-06-24T00:45:00+0200,2798.41979,MW,DE,DE_LU,actual_onshore_wind_generation,Wind Onshore,2026-06-27T21:08:22Z
2026-06-27T21:06:46Z,2026-06-27T23:06:46+0200,44400f30-2862-403b-aedb-c9bc80837e62,2026-06-23T23:00:00Z,2026-06-24T01:00:00+0200,2803.01605,MW,DE,DE_LU,actual_onshore_wind_generation,Wind Onshore,2026-06-27T21:08:22Z
2026-06-27T21:06:46Z,2026-06-27T23:06:46+0200,44400f30-2862-403b-aedb-c9bc80837e62,2026-06-23T23:15:00Z,2026-06-24T01:15:00+0200,2810.21776,MW,DE,DE_LU,actual_onshore_wind_generation,Wind Onshore,2026-06-27T21:08:22Z
2026-06-27T21:06:46Z,2026-06-27T23:06:46+0200,44400f30-2862-403b-aedb-c9bc80837e62,2026-06-23T23:30:00Z,2026-06-24T01:30:00+0200,2820.45858,MW,DE,DE_LU,actual_onshore_wind_generation,Wind Onshore,2026-06-27T21:08:22Z
2026-06-27T21:06:46Z,2026-06-27T23:06:46+0200,44400f30-2862-403b-aedb-c9bc80837e62,2026-06-23T23:45:00Z,2026-06-24T01:45:00+0200,2810.07544,MW,DE,DE_LU,actual_onshore_wind_generation,Wind Onshore,2026-06-27T21:08:22Z
2026-06-27T21:06:46Z,2026-06-27T23:06:46+0200,44400f30-2862-403b-aedb-c9bc80837e62,2026-06-24T00:00:00Z,2026-06-24T02:00:00+0200,2760.09756,MW,DE,DE_LU,actual_onshore_wind_generation,Wind Onshore,2026-06-27T21:08:22Z
2026-06-27T21:06:46Z,2026-06-27T23:06:46+0200,44400f30-2862-403b-aedb-c9bc80837e62,2026-06-24T00:15:00Z,2026-06-24T02:15:00+0200,2752.13913,MW,DE,DE_LU,actual_onshore_wind_generation,Wind Onshore,2026-06-27T21:08:22Z
2026-06-27T21:06:46Z,2026-06-27T23:06:46+0200,44400f30-2862-403b-aedb-c9bc80837e62,2026-06-24T00:30:00Z,2026-06-24T02:30:00+0200,2668.91848,MW,DE,DE_LU,actual_onshore_wind_generation,Wind Onshore,2026-06-27T21:08:22Z
2026-06-27T21:06:46Z,2026-06-27T23:06:46+0200,44400f30-2862-403b-aedb-c9bc80837e62,2026-06-24T00:45:00Z,2026-06-24T02:45:00+0200,2629.64725,MW,DE,DE_LU,actual_onshore_wind_generation,Wind Onshore,2026-06-27T21:08:22Z
2026-06-27T21:06:46Z,2026-06-27T23:06:46+0200,44400f30-2862-403b-aedb-c9bc80837e62,2026-06-24T01:00:00Z,2026-06-24T03:00:00+0200,2609.85038,MW,DE,DE_LU,actual_onshore_wind_generation,Wind Onshore,2026-06-27T21:08:22Z
2026-06-27T21:06:46Z,2026-06-27T23:06:46+0200,44400f30-2862-403b-aedb-c9bc80837e62,2026-06-24T01:15:00Z,2026-06-24T03:15:00+0200,2612.82279,MW,DE,DE_LU,actual_onshore_wind_generation,Wind Onshore,2026-06-27T21:08:22Z
2026-06-27T21:06:46Z,2026-06-27T23:06:46+0200,44400f30-2862-403b-aedb-c9bc80837e62,2026-06-24T01:30:00Z,2026-06-24T03:30:00+0200,2555.30505,MW,DE,DE_LU,actual_onshore_wind_generation,Wind Onshore,2026-06-27T21:08:22Z
2026-06-27T21:06:46Z,2026-06-27T23:06:46+0200,44400f30-2862-403b-aedb-c9bc80837e62,2026-06-24T01:45:00Z,2026-06-24T03:45:00+0200,2546.8277,MW,DE,DE_LU,actual_onshore_wind_generation,Wind Onshore,2026-06-27T21:08:22Z
2026-06-27T21:06:46Z,2026-06-27T23:06:46+0200,44400f30-2862-403b-aedb-c9bc80837e62,2026-06-24T02:00:00Z,2026-06-24T04:00:00+0200,2442.11379,MW,DE,DE_LU,actual_onshore_wind_generation,Wind Onshore,2026-06-27T21:08:22Z
2026-06-27T21:06:46Z,2026-06-27T23:06:46+0200,44400f30-2862-403b-aedb-c9bc80837e62,2026-06-24T02:15:00Z,2026-06-24T04:15:00+0200,2384.51783,MW,DE,DE_LU,actual_onshore_wind_generation,Wind Onshore,2026-06-27T21:08:22Z
2026-06-27T21:06:46Z,2026-06-27T23:06:46+0200,44400f30-2862-403b-aedb-c9bc80837e62,2026-06-24T02:30:00Z,2026-06-24T04:30:00+0200,2300.20259,MW,DE,DE_LU,actual_onshore_wind_generation,Wind Onshore,2026-06-27T21:08:22Z
2026-06-27T21:06:46Z,2026-06-27T23:06:46+0200,44400f30-2862-403b-aedb-c9bc80837e62,2026-06-24T02:45:00Z,2026-06-24T04:45:00+0200,2206.29379,MW,DE,DE_LU,actual_onshore_wind_generation,Wind Onshore,2026-06-27T21:08:22Z
2026-06-27T21:06:46Z,2026-06-27T23:06:46+0200,44400f30-2862-403b-aedb-c9bc80837e62,2026-06-24T03:00:00Z,2026-06-24T05:00:00+0200,2210.58658,MW,DE,DE_LU,actual_onshore_wind_generation,Wind Onshore,2026-06-27T21:08:22Z
2026-06-27T21:06:46Z,2026-06-27T23:06:46+0200,44400f30-2862-403b-aedb-c9bc80837e62,2026-06-24T03:15:00Z,2026-06-24T05:15:00+0200,2190.13664,MW,DE,DE_LU,actual_onshore_wind_generation,Wind Onshore,2026-06-27T21:08:22Z
2026-06-27T21:06:46Z,2026-06-27T23:06:46+0200,44400f30-2862-403b-aedb-c9bc80837e62,2026-06-24T03:30:00Z,2026-06-24T05:30:00+0200,2043.73822,MW,DE,DE_LU,actual_onshore_wind_generation,Wind Onshore,2026-06-27T21:08:22Z
2026-06-27T21:06:46Z,2026-06-27T23:06:46+0200,44400f30-2862-403b-aedb-c9bc80837e62,2026-06-24T03:45:00Z,2026-06-24T05:45:00+0200,1891.36223,MW,DE,DE_LU,actual_onshore_wind_generation,Wind Onshore,2026-06-27T21:08:22Z
2026-06-27T21:06:46Z,2026-06-27T23:06:46+0200,44400f30-2862-403b-aedb-c9bc80837e62,2026-06-24T04:00:00Z,2026-06-24T06:00:00+0200,1837.7582,MW,DE,DE_LU,actual_onshore_wind_generation,Wind Onshore,2026-06-27T21:08:22Z
2026-06-27T21:06:46Z,2026-06-27T23:06:46+0200,44400f30-2862-403b-aedb-c9bc80837e62,2026-06-24T04:15:00Z,2026-06-24T06:15:00+0200,1734.23973,MW,DE,DE_LU,actual_onshore_wind_generation,Wind Onshore,2026-06-27T21:08:22Z
2026-06-27T21:06:46Z,2026-06-27T23:06:46+0200,44400f30-2862-403b-aedb-c9bc80837e62,2026-06-24T04:30:00Z,2026-06-24T06:30:00+0200,1608.70184,MW,DE,DE_LU,actual_onshore_wind_generation,Wind Onshore,2026-06-27T21:08:22Z
2026-06-27T21:06:46Z,2026-06-27T23:06:46+0200,44400f30-2862-403b-aedb-c9bc80837e62,2026-06-24T04:45:00Z,2026-06-24T06:45:00+0200,1503.64074,MW,DE,DE_LU,actual_onshore_wind_generation,Wind Onshore,2026-06-27T21:08:22Z
2026-06-27T21:06:46Z,2026-06-27T23:06:46+0200,44400f30-2862-403b-aedb-c9bc80837e62,2026-06-24T05:00:00Z,2026-06-24T07:00:00+0200,1415.26945,MW,DE,DE_LU,actual_onshore_wind_generation,Wind Onshore,2026-06-27T21:08:22Z
2026-06-27T21:06:46Z,2026-06-27T23:06:46+0200,44400f30-2862-403b-aedb-c9bc80837e62,2026-06-24T05:15:00Z,2026-06-24T07:15:00+0200,1327.78741,MW,DE,DE_LU,actual_onshore_wind_generation,Wind Onshore,2026-06-27T21:08:22Z
2026-06-27T21:06:46Z,2026-06-27T23:06:46+0200,44400f30-2862-403b-aedb-c9bc80837e62,2026-06-24T05:30:00Z,2026-06-24T07:30:00+0200,1149.12269,MW,DE,DE_LU,actual_onshore_wind_generation,Wind Onshore,2026-06-27T21:08:22Z
2026-06-27T21:06:46Z,2026-06-27T23:06:46+0200,44400f30-2862-403b-aedb-c9bc80837e62,2026-06-24T05:45:00Z,2026-06-24T07:45:00+0200,927.76787,MW,DE,DE_LU,actual_onshore_wind_generation,Wind Onshore,2026-06-27T21:08:22Z
2026-06-27T21:06:46Z,2026-06-27T23:06:46+0200,44400f30-2862-403b-aedb-c9bc80837e62,2026-06-24T06:00:00Z,2026-06-24T08:00:00+0200,714.22938,MW,DE,DE_LU,actual_onshore_wind_generation,Wind Onshore,2026-06-27T21:08:22Z
2026-06-27T21:06:46Z,2026-06-27T23:06:46+0200,44400f30-2862-403b-aedb-c9bc80837e62,2026-06-24T06:15:00Z,2026-06-24T08:15:00+0200,508.13735,MW,DE,DE_LU,actual_onshore_wind_generation,Wind Onshore,2026-06-27T21:08:22Z
2026-06-27T21:06:46Z,2026-06-27T23:06:46+0200,44400f30-2862-403b-aedb-c9bc80837e62,2026-06-24T06:30:00Z,2026-06-24T08:30:00+0200,359.90857,MW,DE,DE_LU,actual_onshore_wind_generation,Wind Onshore,2026-06-27T21:08:22Z
2026-06-27T21:06:46Z,2026-06-27T23:06:46+0200,44400f30-2862-403b-aedb-c9bc80837e62,2026-06-24T06:45:00Z,2026-06-24T08:45:00+0200,258.7614,MW,DE,DE_LU,actual_onshore_wind_generation,Wind Onshore,2026-06-27T21:08:22Z
2026-06-27T21:06:46Z,2026-06-27T23:06:46+0200,44400f30-2862-403b-aedb-c9bc80837e62,2026-06-24T07:00:00Z,2026-06-24T09:00:00+0200,186.23156,MW,DE,DE_LU,actual_onshore_wind_generation,Wind Onshore,2026-06-27T21:08:22Z
2026-06-27T21:06:46Z,2026-06-27T23:06:46+0200,44400f30-2862-403b-aedb-c9bc80837e62,2026-06-24T07:15:00Z,2026-06-24T09:15:00+0200,134.75157,MW,DE,DE_LU,actual_onshore_wind_generation,Wind Onshore,2026-06-27T21:08:22Z
2026-06-27T21:06:46Z,2026-06-27T23:06:46+0200,44400f30-2862-403b-aedb-c9bc80837e62,2026-06-24T07:30:00Z,2026-06-24T09:30:00+0200,108.08118,MW,DE,DE_LU,actual_onshore_wind_generation,Wind Onshore,2026-06-27T21:08:22Z
2026-06-27T21:06:46Z,2026-06-27T23:06:46+0200,44400f30-2862-403b-aedb-c9bc80837e62,2026-06-24T07:45:00Z,2026-06-24T09:45:00+0200,97.07937,MW,DE,DE_LU,actual_onshore_wind_generation,Wind Onshore,2026-06-27T21:08:22Z
2026-06-27T21:06:46Z,2026-06-27T23:06:46+0200,44400f30-2862-403b-aedb-c9bc80837e62,2026-06-24T08:00:00Z,2026-06-24T10:00:00+0200,107.14311,MW,DE,DE_LU,actual_onshore_wind_generation,Wind Onshore,2026-06-27T21:08:22Z
2026-06-27T21:06:46Z,2026-06-27T23:06:46+0200,44400f30-2862-403b-aedb-c9bc80837e62,2026-06-24T08:15:00Z,2026-06-24T10:15:00+0200,120.51302,MW,DE,DE_LU,actual_onshore_wind_generation,Wind Onshore,2026-06-27T21:08:22Z
2026-06-27T21:06:46Z,2026-06-27T23:06:46+0200,44400f30-2862-403b-aedb-c9bc80837e62,2026-06-24T08:30:00Z,2026-06-24T10:30:00+0200,131.12039,MW,DE,DE_LU,actual_onshore_wind_generation,Wind Onshore,2026-06-27T21:08:22Z
2026-06-27T21:06:46Z,2026-06-27T23:06:46+0200,44400f30-2862-403b-aedb-c9bc80837e62,2026-06-24T08:45:00Z,2026-06-24T10:45:00+0200,169.99757,MW,DE,DE_LU,actual_onshore_wind_generation,Wind Onshore,2026-06-27T21:08:22Z
2026-06-27T21:06:46Z,2026-06-27T23:06:46+0200,44400f30-2862-403b-aedb-c9bc80837e62,2026-06-24T09:00:00Z,2026-06-24T11:00:00+0200,203.32459,MW,DE,DE_LU,actual_onshore_wind_generation,Wind Onshore,2026-06-27T21:08:22Z
2026-06-27T21:06:46Z,2026-06-27T23:06:46+0200,44400f30-2862-403b-aedb-c9bc80837e62,2026-06-24T09:15:00Z,2026-06-24T11:15:00+0200,216.47401,MW,DE,DE_LU,actual_onshore_wind_generation,Wind Onshore,2026-06-27T21:08:22Z
2026-06-27T21:06:46Z,2026-06-27T23:06:46+0200,44400f30-2862-403b-aedb-c9bc80837e62,2026-06-24T09:30:00Z,2026-06-24T11:30:00+0200,215.41564,MW,DE,DE_LU,actual_onshore_wind_generation,Wind Onshore,2026-06-27T21:08:22Z
2026-06-27T21:06:46Z,2026-06-27T23:06:46+0200,44400f30-2862-403b-aedb-c9bc80837e62,2026-06-24T09:45:00Z,2026-06-24T11:45:00+0200,223.96584,MW,DE,DE_LU,actual_onshore_wind_generation,Wind Onshore,2026-06-27T21:08:22Z
2026-06-27T21:06:46Z,2026-06-27T23:06:46+0200,44400f30-2862-403b-aedb-c9bc80837e62,2026-06-24T10:00:00Z,2026-06-24T12:00:00+0200,243.43341,MW,DE,DE_LU,actual_onshore_wind_generation,Wind Onshore,2026-06-27T21:08:22Z
2026-06-27T21:06:46Z,2026-06-27T23:06:46+0200,44400f30-2862-403b-aedb-c9bc80837e62,2026-06-24T10:15:00Z,2026-06-24T12:15:00+0200,271.55974,MW,DE,DE_LU,actual_onshore_wind_generation,Wind Onshore,2026-06-27T21:08:22Z
2026-06-27T21:06:46Z,2026-06-27T23:06:46+0200,44400f30-2862-403b-aedb-c9bc80837e62,2026-06-24T10:30:00Z,2026-06-24T12:30:00+0200,313.00555,MW,DE,DE_LU,actual_onshore_wind_generation,Wind Onshore,2026-06-27T21:08:22Z
2026-06-27T21:06:46Z,2026-06-27T23:06:46+0200,44400f30-2862-403b-aedb-c9bc80837e62,2026-06-24T10:45:00Z,2026-06-24T12:45:00+0200,343.28665,MW,DE,DE_LU,actual_onshore_wind_generation,Wind Onshore,2026-06-27T21:08:22Z
2026-06-27T21:06:46Z,2026-06-27T23:06:46+0200,44400f30-2862-403b-aedb-c9bc80837e62,2026-06-24T11:00:00Z,2026-06-24T13:00:00+0200,388.0655,MW,DE,DE_LU,actual_onshore_wind_generation,Wind Onshore,2026-06-27T21:08:22Z
2026-06-27T21:06:46Z,2026-06-27T23:06:46+0200,44400f30-2862-403b-aedb-c9bc80837e62,2026-06-24T11:15:00Z,2026-06-24T13:15:00+0200,417.57906,MW,DE,DE_LU,actual_onshore_wind_generation,Wind Onshore,2026-06-27T21:08:22Z
2026-06-27T21:06:46Z,2026-06-27T23:06:46+0200,44400f30-2862-403b-aedb-c9bc80837e62,2026-06-24T11:30:00Z,2026-06-24T13:30:00+0200,433.28351,MW,DE,DE_LU,actual_onshore_wind_generation,Wind Onshore,2026-06-27T21:08:22Z
2026-06-27T21:06:46Z,2026-06-27T23:06:46+0200,44400f30-2862-403b-aedb-c9bc80837e62,2026-06-24T11:45:00Z,2026-06-24T13:45:00+0200,462.50465,MW,DE,DE_LU,actual_onshore_wind_generation,Wind Onshore,2026-06-27T21:08:22Z
2026-06-27T21:06:46Z,2026-06-27T23:06:46+0200,44400f30-2862-403b-aedb-c9bc80837e62,2026-06-24T12:00:00Z,2026-06-24T14:00:00+0200,508.12235,MW,DE,DE_LU,actual_onshore_wind_generation,Wind Onshore,2026-06-27T21:08:22Z
2026-06-27T21:06:46Z,2026-06-27T23:06:46+0200,44400f30-2862-403b-aedb-c9bc80837e62,2026-06-24T12:15:00Z,2026-06-24T14:15:00+0200,547.59984,MW,DE,DE_LU,actual_onshore_wind_generation,Wind Onshore,2026-06-27T21:08:22Z
2026-06-27T21:06:46Z,2026-06-27T23:06:46+0200,44400f30-2862-403b-aedb-c9bc80837e62,2026-06-24T12:30:00Z,2026-06-24T14:30:00+0200,548.58575,MW,DE,DE_LU,actual_onshore_wind_generation,Wind Onshore,2026-06-27T21:08:22Z
2026-06-27T21:06:46Z,2026-06-27T23:06:46+0200,44400f30-2862-403b-aedb-c9bc80837e62,2026-06-24T12:45:00Z,2026-06-24T14:45:00+0200,572.28598,MW,DE,DE_LU,actual_onshore_wind_generation,Wind Onshore,2026-06-27T21:08:22Z
2026-06-27T21:06:46Z,2026-06-27T23:06:46+0200,44400f30-2862-403b-aedb-c9bc80837e62,2026-06-24T13:00:00Z,2026-06-24T15:00:00+0200,595.37893,MW,DE,DE_LU,actual_onshore_wind_generation,Wind Onshore,2026-06-27T21:08:22Z
2026-06-27T21:06:46Z,2026-06-27T23:06:46+0200,44400f30-2862-403b-aedb-c9bc80837e62,2026-06-24T13:15:00Z,2026-06-24T15:15:00+0200,628.15393,MW,DE,DE_LU,actual_onshore_wind_generation,Wind Onshore,2026-06-27T21:08:22Z
2026-06-27T21:06:46Z,2026-06-27T23:06:46+0200,44400f30-2862-403b-aedb-c9bc80837e62,2026-06-24T13:30:00Z,2026-06-24T15:30:00+0200,639.19235,MW,DE,DE_LU,actual_onshore_wind_generation,Wind Onshore,2026-06-27T21:08:22Z
2026-06-27T21:06:46Z,2026-06-27T23:06:46+0200,44400f30-2862-403b-aedb-c9bc80837e62,2026-06-24T13:45:00Z,2026-06-24T15:45:00+0200,648.12896,MW,DE,DE_LU,actual_onshore_wind_generation,Wind Onshore,2026-06-27T21:08:22Z
2026-06-27T21:06:46Z,2026-06-27T23:06:46+0200,44400f30-2862-403b-aedb-c9bc80837e62,2026-06-24T14:00:00Z,2026-06-24T16:00:00+0200,670.65659,MW,DE,DE_LU,actual_onshore_wind_generation,Wind Onshore,2026-06-27T21:08:22Z
2026-06-27T21:06:46Z,2026-06-27T23:06:46+0200,44400f30-2862-403b-aedb-c9bc80837e62,2026-06-24T14:15:00Z,2026-06-24T16:15:00+0200,728.53933,MW,DE,DE_LU,actual_onshore_wind_generation,Wind Onshore,2026-06-27T21:08:22Z
2026-06-27T21:06:46Z,2026-06-27T23:06:46+0200,44400f30-2862-403b-aedb-c9bc80837e62,2026-06-24T14:30:00Z,2026-06-24T16:30:00+0200,769.93245,MW,DE,DE_LU,actual_onshore_wind_generation,Wind Onshore,2026-06-27T21:08:22Z
2026-06-27T21:06:46Z,2026-06-27T23:06:46+0200,44400f30-2862-403b-aedb-c9bc80837e62,2026-06-24T14:45:00Z,2026-06-24T16:45:00+0200,819.82134,MW,DE,DE_LU,actual_onshore_wind_generation,Wind Onshore,2026-06-27T21:08:22Z
2026-06-27T21:06:46Z,2026-06-27T23:06:46+0200,44400f30-2862-403b-aedb-c9bc80837e62,2026-06-24T15:00:00Z,2026-06-24T17:00:00+0200,811.11026,MW,DE,DE_LU,actual_onshore_wind_generation,Wind Onshore,2026-06-27T21:08:22Z
2026-06-27T21:06:46Z,2026-06-27T23:06:46+0200,44400f30-2862-403b-aedb-c9bc80837e62,2026-06-24T15:15:00Z,2026-06-24T17:15:00+0200,823.3967,MW,DE,DE_LU,actual_onshore_wind_generation,Wind Onshore,2026-06-27T21:08:22Z
2026-06-27T21:06:46Z,2026-06-27T23:06:46+0200,44400f30-2862-403b-aedb-c9bc80837e62,2026-06-24T15:30:00Z,2026-06-24T17:30:00+0200,842.72671,MW,DE,DE_LU,actual_onshore_wind_generation,Wind Onshore,2026-06-27T21:08:22Z
2026-06-27T21:06:46Z,2026-06-27T23:06:46+0200,44400f30-2862-403b-aedb-c9bc80837e62,2026-06-24T15:45:00Z,2026-06-24T17:45:00+0200,890.38552,MW,DE,DE_LU,actual_onshore_wind_generation,Wind Onshore,2026-06-27T21:08:22Z
2026-06-27T21:06:46Z,2026-06-27T23:06:46+0200,44400f30-2862-403b-aedb-c9bc80837e62,2026-06-24T16:00:00Z,2026-06-24T18:00:00+0200,879.82591,MW,DE,DE_LU,actual_onshore_wind_generation,Wind Onshore,2026-06-27T21:08:22Z
2026-06-27T21:06:46Z,2026-06-27T23:06:46+0200,44400f30-2862-403b-aedb-c9bc80837e62,2026-06-24T16:15:00Z,2026-06-24T18:15:00+0200,902.23393,MW,DE,DE_LU,actual_onshore_wind_generation,Wind Onshore,2026-06-27T21:08:22Z
2026-06-27T21:06:46Z,2026-06-27T23:06:46+0200,44400f30-2862-403b-aedb-c9bc80837e62,2026-06-24T16:30:00Z,2026-06-24T18:30:00+0200,929.54235,MW,DE,DE_LU,actual_onshore_wind_generation,Wind Onshore,2026-06-27T21:08:22Z
2026-06-27T21:06:46Z,2026-06-27T23:06:46+0200,44400f30-2862-403b-aedb-c9bc80837e62,2026-06-24T16:45:00Z,2026-06-24T18:45:00+0200,943.82269,MW,DE,DE_LU,actual_onshore_wind_generation,Wind Onshore,2026-06-27T21:08:22Z
2026-06-27T21:06:46Z,2026-06-27T23:06:46+0200,44400f30-2862-403b-aedb-c9bc80837e62,2026-06-24T17:00:00Z,2026-06-24T19:00:00+0200,904.29856,MW,DE,DE_LU,actual_onshore_wind_generation,Wind Onshore,2026-06-27T21:08:22Z
2026-06-27T21:06:46Z,2026-06-27T23:06:46+0200,44400f30-2862-403b-aedb-c9bc80837e62,2026-06-24T17:15:00Z,2026-06-24T19:15:00+0200,864.87825,MW,DE,DE_LU,actual_onshore_wind_generation,Wind Onshore,2026-06-27T21:08:22Z
2026-06-27T21:06:46Z,2026-06-27T23:06:46+0200,44400f30-2862-403b-aedb-c9bc80837e62,2026-06-24T17:30:00Z,2026-06-24T19:30:00+0200,881.8729,MW,DE,DE_LU,actual_onshore_wind_generation,Wind Onshore,2026-06-27T21:08:22Z
2026-06-27T21:06:46Z,2026-06-27T23:06:46+0200,44400f30-2862-403b-aedb-c9bc80837e62,2026-06-24T17:45:00Z,2026-06-24T19:45:00+0200,920.84144,MW,DE,DE_LU,actual_onshore_wind_generation,Wind Onshore,2026-06-27T21:08:22Z
2026-06-27T21:06:46Z,2026-06-27T23:06:46+0200,44400f30-2862-403b-aedb-c9bc80837e62,2026-06-24T18:00:00Z,2026-06-24T20:00:00+0200,945.62046,MW,DE,DE_LU,actual_onshore_wind_generation,Wind Onshore,2026-06-27T21:08:22Z
2026-06-27T21:06:46Z,2026-06-27T23:06:46+0200,44400f30-2862-403b-aedb-c9bc80837e62,2026-06-24T18:15:00Z,2026-06-24T20:15:00+0200,1007.48969,MW,DE,DE_LU,actual_onshore_wind_generation,Wind Onshore,2026-06-27T21:08:22Z
2026-06-27T21:06:46Z,2026-06-27T23:06:46+0200,44400f30-2862-403b-aedb-c9bc80837e62,2026-06-24T18:30:00Z,2026-06-24T20:30:00+0200,1083.19591,MW,DE,DE_LU,actual_onshore_wind_generation,Wind Onshore,2026-06-27T21:08:22Z
2026-06-27T21:06:46Z,2026-06-27T23:06:46+0200,44400f30-2862-403b-aedb-c9bc80837e62,2026-06-24T18:45:00Z,2026-06-24T20:45:00+0200,1182.56153,MW,DE,DE_LU,actual_onshore_wind_generation,Wind Onshore,2026-06-27T21:08:22Z
2026-06-27T21:06:46Z,2026-06-27T23:06:46+0200,44400f30-2862-403b-aedb-c9bc80837e62,2026-06-24T19:00:00Z,2026-06-24T21:00:00+0200,1295.52918,MW,DE,DE_LU,actual_onshore_wind_generation,Wind Onshore,2026-06-27T21:08:22Z
2026-06-27T21:06:46Z,2026-06-27T23:06:46+0200,44400f30-2862-403b-aedb-c9bc80837e62,2026-06-24T19:15:00Z,2026-06-24T21:15:00+0200,1474.83011,MW,DE,DE_LU,actual_onshore_wind_generation,Wind Onshore,2026-06-27T21:08:22Z
2026-06-27T21:06:46Z,2026-06-27T23:06:46+0200,44400f30-2862-403b-aedb-c9bc80837e62,2026-06-24T19:30:00Z,2026-06-24T21:30:00+0200,1554.86483,MW,DE,DE_LU,actual_onshore_wind_generation,Wind Onshore,2026-06-27T21:08:22Z
2026-06-27T21:06:46Z,2026-06-27T23:06:46+0200,44400f30-2862-403b-aedb-c9bc80837e62,2026-06-24T19:45:00Z,2026-06-24T21:45:00+0200,1592.69993,MW,DE,DE_LU,actual_onshore_wind_generation,Wind Onshore,2026-06-27T21:08:22Z
2026-06-27T21:06:46Z,2026-06-27T23:06:46+0200,44400f30-2862-403b-aedb-c9bc80837e62,2026-06-24T20:00:00Z,2026-06-24T22:00:00+0200,1628.49607,MW,DE,DE_LU,actual_onshore_wind_generation,Wind Onshore,2026-06-27T21:08:22Z
2026-06-27T21:06:46Z,2026-06-27T23:06:46+0200,44400f30-2862-403b-aedb-c9bc80837e62,2026-06-24T20:15:00Z,2026-06-24T22:15:00+0200,1757.13014,MW,DE,DE_LU,actual_onshore_wind_generation,Wind Onshore,2026-06-27T21:08:22Z
2026-06-27T21:06:46Z,2026-06-27T23:06:46+0200,44400f30-2862-403b-aedb-c9bc80837e62,2026-06-24T20:30:00Z,2026-06-24T22:30:00+0200,1861.63411,MW,DE,DE_LU,actual_onshore_wind_generation,Wind Onshore,2026-06-27T21:08:22Z
2026-06-27T21:06:46Z,2026-06-27T23:06:46+0200,44400f30-2862-403b-aedb-c9bc80837e62,2026-06-24T20:45:00Z,2026-06-24T22:45:00+0200,1861.16407,MW,DE,DE_LU,actual_onshore_wind_generation,Wind Onshore,2026-06-27T21:08:22Z
2026-06-27T21:06:46Z,2026-06-27T23:06:46+0200,44400f30-2862-403b-aedb-c9bc80837e62,2026-06-24T21:00:00Z,2026-06-24T23:00:00+0200,1965.85718,MW,DE,DE_LU,actual_onshore_wind_generation,Wind Onshore,2026-06-27T21:08:22Z
2026-06-27T21:06:46Z,2026-06-27T23:06:46+0200,44400f30-2862-403b-aedb-c9bc80837e62,2026-06-24T21:15:00Z,2026-06-24T23:15:00+0200,2096.69441,MW,DE,DE_LU,actual_onshore_wind_generation,Wind Onshore,2026-06-27T21:08:22Z
2026-06-27T21:06:46Z,2026-06-27T23:06:46+0200,44400f30-2862-403b-aedb-c9bc80837e62,2026-06-24T21:30:00Z,2026-06-24T23:30:00+0200,2124.30612,MW,DE,DE_LU,actual_onshore_wind_generation,Wind Onshore,2026-06-27T21:08:22Z
2026-06-27T21:06:46Z,2026-06-27T23:06:46+0200,44400f30-2862-403b-aedb-c9bc80837e62,2026-06-24T21:45:00Z,2026-06-24T23:45:00+0200,2157.51546,MW,DE,DE_LU,actual_onshore_wind_generation,Wind Onshore,2026-06-27T21:08:22Z
2026-06-27T21:06:46Z,2026-06-27T23:06:46+0200,44400f30-2862-403b-aedb-c9bc80837e62,2026-06-24T22:00:00Z,2026-06-25T00:00:00+0200,2113.16717,MW,DE,DE_LU,actual_onshore_wind_generation,Wind Onshore,2026-06-27T21:08:22Z
2026-06-27T21:06:46Z,2026-06-27T23:06:46+0200,44400f30-2862-403b-aedb-c9bc80837e62,2026-06-24T22:15:00Z,2026-06-25T00:15:00+0200,2096.19932,MW,DE,DE_LU,actual_onshore_wind_generation,Wind Onshore,2026-06-27T21:08:22Z
2026-06-27T21:06:46Z,2026-06-27T23:06:46+0200,44400f30-2862-403b-aedb-c9bc80837e62,2026-06-24T22:30:00Z,2026-06-25T00:30:00+0200,1995.50622,MW,DE,DE_LU,actual_onshore_wind_generation,Wind Onshore,2026-06-27T21:08:22Z
2026-06-27T21:06:46Z,2026-06-27T23:06:46+0200,44400f30-2862-403b-aedb-c9bc80837e62,2026-06-24T22:45:00Z,2026-06-25T00:45:00+0200,1952.19573,MW,DE,DE_LU,actual_onshore_wind_generation,Wind Onshore,2026-06-27T21:08:22Z
2026-06-27T21:06:46Z,2026-06-27T23:06:46+0200,44400f30-2862-403b-aedb-c9bc80837e62,2026-06-24T23:00:00Z,2026-06-25T01:00:00+0200,1915.03631,MW,DE,DE_LU,actual_onshore_wind_generation,Wind Onshore,2026-06-27T21:08:22Z
2026-06-27T21:06:46Z,2026-06-27T23:06:46+0200,44400f30-2862-403b-aedb-c9bc80837e62,2026-06-24T23:15:00Z,2026-06-25T01:15:00+0200,1844.56593,MW,DE,DE_LU,actual_onshore_wind_generation,Wind Onshore,2026-06-27T21:08:22Z
2026-06-27T21:06:46Z,2026-06-27T23:06:46+0200,44400f30-2862-403b-aedb-c9bc80837e62,2026-06-24T23:30:00Z,2026-06-25T01:30:00+0200,1764.03887,MW,DE,DE_LU,actual_onshore_wind_generation,Wind Onshore,2026-06-27T21:08:22Z
2026-06-27T21:06:46Z,2026-06-27T23:06:46+0200,44400f30-2862-403b-aedb-c9bc80837e62,2026-06-24T23:45:00Z,2026-06-25T01:45:00+0200,1703.08414,MW,DE,DE_LU,actual_onshore_wind_generation,Wind Onshore,2026-06-27T21:08:22Z
2026-06-27T21:06:46Z,2026-06-27T23:06:46+0200,44400f30-2862-403b-aedb-c9bc80837e62,2026-06-25T00:00:00Z,2026-06-25T02:00:00+0200,1617.86809,MW,DE,DE_LU,actual_onshore_wind_generation,Wind Onshore,2026-06-27T21:08:22Z
2026-06-27T21:06:46Z,2026-06-27T23:06:46+0200,44400f30-2862-403b-aedb-c9bc80837e62,2026-06-25T00:15:00Z,2026-06-25T02:15:00+0200,1567.94838,MW,DE,DE_LU,actual_onshore_wind_generation,Wind Onshore,2026-06-27T21:08:22Z
2026-06-27T21:06:46Z,2026-06-27T23:06:46+0200,44400f30-2862-403b-aedb-c9bc80837e62,2026-06-25T00:30:00Z,2026-06-25T02:30:00+0200,1518.00052,MW,DE,DE_LU,actual_onshore_wind_generation,Wind Onshore,2026-06-27T21:08:22Z
2026-06-27T21:06:46Z,2026-06-27T23:06:46+0200,44400f30-2862-403b-aedb-c9bc80837e62,2026-06-25T00:45:00Z,2026-06-25T02:45:00+0200,1491.24754,MW,DE,DE_LU,actual_onshore_wind_generation,Wind Onshore,2026-06-27T21:08:22Z
2026-06-27T21:06:46Z,2026-06-27T23:06:46+0200,44400f30-2862-403b-aedb-c9bc80837e62,2026-06-25T01:00:00Z,2026-06-25T03:00:00+0200,1535.81345,MW,DE,DE_LU,actual_onshore_wind_generation,Wind Onshore,2026-06-27T21:08:22Z
2026-06-27T21:06:46Z,2026-06-27T23:06:46+0200,44400f30-2862-403b-aedb-c9bc80837e62,2026-06-25T01:15:00Z,2026-06-25T03:15:00+0200,1524.57336,MW,DE,DE_LU,actual_onshore_wind_generation,Wind Onshore,2026-06-27T21:08:22Z
2026-06-27T21:06:46Z,2026-06-27T23:06:46+0200,44400f30-2862-403b-aedb-c9bc80837e62,2026-06-25T01:30:00Z,2026-06-25T03:30:00+0200,1464.89292,MW,DE,DE_LU,actual_onshore_wind_generation,Wind Onshore,2026-06-27T21:08:22Z
2026-06-27T21:06:46Z,2026-06-27T23:06:46+0200,44400f30-2862-403b-aedb-c9bc80837e62,2026-06-25T01:45:00Z,2026-06-25T03:45:00+0200,1438.80795,MW,DE,DE_LU,actual_onshore_wind_generation,Wind Onshore,2026-06-27T21:08:22Z
2026-06-27T21:06:46Z,2026-06-27T23:06:46+0200,44400f30-2862-403b-aedb-c9bc80837e62,2026-06-25T02:00:00Z,2026-06-25T04:00:00+0200,1471.31825,MW,DE,DE_LU,actual_onshore_wind_generation,Wind Onshore,2026-06-27T21:08:22Z
2026-06-27T21:06:46Z,2026-06-27T23:06:46+0200,44400f30-2862-403b-aedb-c9bc80837e62,2026-06-25T02:15:00Z,2026-06-25T04:15:00+0200,1540.13017,MW,DE,DE_LU,actual_onshore_wind_generation,Wind Onshore,2026-06-27T21:08:22Z
2026-06-27T21:06:46Z,2026-06-27T23:06:46+0200,44400f30-2862-403b-aedb-c9bc80837e62,2026-06-25T02:30:00Z,2026-06-25T04:30:00+0200,1655.53223,MW,DE,DE_LU,actual_onshore_wind_generation,Wind Onshore,2026-06-27T21:08:22Z
2026-06-27T21:06:46Z,2026-06-27T23:06:46+0200,44400f30-2862-403b-aedb-c9bc80837e62,2026-06-25T02:45:00Z,2026-06-25T04:45:00+0200,1763.80096,MW,DE,DE_LU,actual_onshore_wind_generation,Wind Onshore,2026-06-27T21:08:22Z
2026-06-27T21:06:46Z,2026-06-27T23:06:46+0200,44400f30-2862-403b-aedb-c9bc80837e62,2026-06-25T03:00:00Z,2026-06-25T05:00:00+0200,1846.14444,MW,DE,DE_LU,actual_onshore_wind_generation,Wind Onshore,2026-06-27T21:08:22Z
2026-06-27T21:06:46Z,2026-06-27T23:06:46+0200,44400f30-2862-403b-aedb-c9bc80837e62,2026-06-25T03:15:00Z,2026-06-25T05:15:00+0200,2008.61504,MW,DE,DE_LU,actual_onshore_wind_generation,Wind Onshore,2026-06-27T21:08:22Z
2026-06-27T21:06:46Z,2026-06-27T23:06:46+0200,44400f30-2862-403b-aedb-c9bc80837e62,2026-06-25T03:30:00Z,2026-06-25T05:30:00+0200,2110.09503,MW,DE,DE_LU,actual_onshore_wind_generation,Wind Onshore,2026-06-27T21:08:22Z
2026-06-27T21:06:46Z,2026-06-27T23:06:46+0200,44400f30-2862-403b-aedb-c9bc80837e62,2026-06-25T03:45:00Z,2026-06-25T05:45:00+0200,2184.34759,MW,DE,DE_LU,actual_onshore_wind_generation,Wind Onshore,2026-06-27T21:08:22Z
2026-06-27T21:06:46Z,2026-06-27T23:06:46+0200,44400f30-2862-403b-aedb-c9bc80837e62,2026-06-25T04:00:00Z,2026-06-25T06:00:00+0200,2287.49853,MW,DE,DE_LU,actual_onshore_wind_generation,Wind Onshore,2026-06-27T21:08:22Z
2026-06-27T21:06:46Z,2026-06-27T23:06:46+0200,44400f30-2862-403b-aedb-c9bc80837e62,2026-06-25T04:15:00Z,2026-06-25T06:15:00+0200,2270.94226,MW,DE,DE_LU,actual_onshore_wind_generation,Wind Onshore,2026-06-27T21:08:22Z
2026-06-27T21:06:46Z,2026-06-27T23:06:46+0200,44400f30-2862-403b-aedb-c9bc80837e62,2026-06-25T04:30:00Z,2026-06-25T06:30:00+0200,2282.81017,MW,DE,DE_LU,actual_onshore_wind_generation,Wind Onshore,2026-06-27T21:08:22Z
2026-06-27T21:06:46Z,2026-06-27T23:06:46+0200,44400f30-2862-403b-aedb-c9bc80837e62,2026-06-25T04:45:00Z,2026-06-25T06:45:00+0200,2282.41608,MW,DE,DE_LU,actual_onshore_wind_generation,Wind Onshore,2026-06-27T21:08:22Z
2026-06-27T21:06:46Z,2026-06-27T23:06:46+0200,44400f30-2862-403b-aedb-c9bc80837e62,2026-06-25T05:00:00Z,2026-06-25T07:00:00+0200,2172.74254,MW,DE,DE_LU,actual_onshore_wind_generation,Wind Onshore,2026-06-27T21:08:22Z
2026-06-27T21:06:46Z,2026-06-27T23:06:46+0200,44400f30-2862-403b-aedb-c9bc80837e62,2026-06-25T05:15:00Z,2026-06-25T07:15:00+0200,1996.38974,MW,DE,DE_LU,actual_onshore_wind_generation,Wind Onshore,2026-06-27T21:08:22Z
2026-06-27T21:06:46Z,2026-06-27T23:06:46+0200,44400f30-2862-403b-aedb-c9bc80837e62,2026-06-25T05:30:00Z,2026-06-25T07:30:00+0200,1779.59925,MW,DE,DE_LU,actual_onshore_wind_generation,Wind Onshore,2026-06-27T21:08:22Z
2026-06-27T21:06:46Z,2026-06-27T23:06:46+0200,44400f30-2862-403b-aedb-c9bc80837e62,2026-06-25T05:45:00Z,2026-06-25T07:45:00+0200,1595.14737,MW,DE,DE_LU,actual_onshore_wind_generation,Wind Onshore,2026-06-27T21:08:22Z
2026-06-27T21:06:46Z,2026-06-27T23:06:46+0200,44400f30-2862-403b-aedb-c9bc80837e62,2026-06-25T06:00:00Z,2026-06-25T08:00:00+0200,1366.2962,MW,DE,DE_LU,actual_onshore_wind_generation,Wind Onshore,2026-06-27T21:08:22Z
2026-06-27T21:06:46Z,2026-06-27T23:06:46+0200,44400f30-2862-403b-aedb-c9bc80837e62,2026-06-25T06:15:00Z,2026-06-25T08:15:00+0200,1146.88153,MW,DE,DE_LU,actual_onshore_wind_generation,Wind Onshore,2026-06-27T21:08:22Z
2026-06-27T21:06:46Z,2026-06-27T23:06:46+0200,44400f30-2862-403b-aedb-c9bc80837e62,2026-06-25T06:30:00Z,2026-06-25T08:30:00+0200,991.89576,MW,DE,DE_LU,actual_onshore_wind_generation,Wind Onshore,2026-06-27T21:08:22Z
2026-06-27T21:06:46Z,2026-06-27T23:06:46+0200,44400f30-2862-403b-aedb-c9bc80837e62,2026-06-25T06:45:00Z,2026-06-25T08:45:00+0200,924.18414,MW,DE,DE_LU,actual_onshore_wind_generation,Wind Onshore,2026-06-27T21:08:22Z
2026-06-27T21:06:46Z,2026-06-27T23:06:46+0200,44400f30-2862-403b-aedb-c9bc80837e62,2026-06-25T07:00:00Z,2026-06-25T09:00:00+0200,887.91395,MW,DE,DE_LU,actual_onshore_wind_generation,Wind Onshore,2026-06-27T21:08:22Z
2026-06-27T21:06:46Z,2026-06-27T23:06:46+0200,44400f30-2862-403b-aedb-c9bc80837e62,2026-06-25T07:15:00Z,2026-06-25T09:15:00+0200,868.25849,MW,DE,DE_LU,actual_onshore_wind_generation,Wind Onshore,2026-06-27T21:08:22Z
2026-06-27T21:06:46Z,2026-06-27T23:06:46+0200,44400f30-2862-403b-aedb-c9bc80837e62,2026-06-25T07:30:00Z,2026-06-25T09:30:00+0200,831.59523,MW,DE,DE_LU,actual_onshore_wind_generation,Wind Onshore,2026-06-27T21:08:22Z
2026-06-27T21:06:46Z,2026-06-27T23:06:46+0200,44400f30-2862-403b-aedb-c9bc80837e62,2026-06-25T07:45:00Z,2026-06-25T09:45:00+0200,824.8426,MW,DE,DE_LU,actual_onshore_wind_generation,Wind Onshore,2026-06-27T21:08:22Z
2026-06-27T21:06:46Z,2026-06-27T23:06:46+0200,44400f30-2862-403b-aedb-c9bc80837e62,2026-06-25T08:00:00Z,2026-06-25T10:00:00+0200,888.63583,MW,DE,DE_LU,actual_onshore_wind_generation,Wind Onshore,2026-06-27T21:08:22Z
2026-06-27T21:06:46Z,2026-06-27T23:06:46+0200,44400f30-2862-403b-aedb-c9bc80837e62,2026-06-25T08:15:00Z,2026-06-25T10:15:00+0200,974.93892,MW,DE,DE_LU,actual_onshore_wind_generation,Wind Onshore,2026-06-27T21:08:22Z
2026-06-27T21:06:46Z,2026-06-27T23:06:46+0200,44400f30-2862-403b-aedb-c9bc80837e62,2026-06-25T08:30:00Z,2026-06-25T10:30:00+0200,1099.03989,MW,DE,DE_LU,actual_onshore_wind_generation,Wind Onshore,2026-06-27T21:08:22Z
2026-06-27T21:06:46Z,2026-06-27T23:06:46+0200,44400f30-2862-403b-aedb-c9bc80837e62,2026-06-25T08:45:00Z,2026-06-25T10:45:00+0200,1236.62353,MW,DE,DE_LU,actual_onshore_wind_generation,Wind Onshore,2026-06-27T21:08:22Z
2026-06-27T21:06:46Z,2026-06-27T23:06:46+0200,44400f30-2862-403b-aedb-c9bc80837e62,2026-06-25T09:00:00Z,2026-06-25T11:00:00+0200,1411.6471,MW,DE,DE_LU,actual_onshore_wind_generation,Wind Onshore,2026-06-27T21:08:22Z
2026-06-27T21:06:46Z,2026-06-27T23:06:46+0200,44400f30-2862-403b-aedb-c9bc80837e62,2026-06-25T09:15:00Z,2026-06-25T11:15:00+0200,1577.89229,MW,DE,DE_LU,actual_onshore_wind_generation,Wind Onshore,2026-06-27T21:08:22Z
2026-06-27T21:06:46Z,2026-06-27T23:06:46+0200,44400f30-2862-403b-aedb-c9bc80837e62,2026-06-25T09:30:00Z,2026-06-25T11:30:00+0200,1734.9555,MW,DE,DE_LU,actual_onshore_wind_generation,Wind Onshore,2026-06-27T21:08:22Z
2026-06-27T21:06:46Z,2026-06-27T23:06:46+0200,44400f30-2862-403b-aedb-c9bc80837e62,2026-06-25T09:45:00Z,2026-06-25T11:45:00+0200,1888.141,MW,DE,DE_LU,actual_onshore_wind_generation,Wind Onshore,2026-06-27T21:08:22Z
2026-06-27T21:06:46Z,2026-06-27T23:06:46+0200,44400f30-2862-403b-aedb-c9bc80837e62,2026-06-25T10:00:00Z,2026-06-25T12:00:00+0200,1994.78372,MW,DE,DE_LU,actual_onshore_wind_generation,Wind Onshore,2026-06-27T21:08:22Z
2026-06-27T21:06:46Z,2026-06-27T23:06:46+0200,44400f30-2862-403b-aedb-c9bc80837e62,2026-06-25T10:15:00Z,2026-06-25T12:15:00+0200,2056.16075,MW,DE,DE_LU,actual_onshore_wind_generation,Wind Onshore,2026-06-27T21:08:22Z
2026-06-27T21:06:46Z,2026-06-27T23:06:46+0200,44400f30-2862-403b-aedb-c9bc80837e62,2026-06-25T10:30:00Z,2026-06-25T12:30:00+0200,2176.67854,MW,DE,DE_LU,actual_onshore_wind_generation,Wind Onshore,2026-06-27T21:08:22Z
2026-06-27T21:06:46Z,2026-06-27T23:06:46+0200,44400f30-2862-403b-aedb-c9bc80837e62,2026-06-25T10:45:00Z,2026-06-25T12:45:00+0200,2262.66284,MW,DE,DE_LU,actual_onshore_wind_generation,Wind Onshore,2026-06-27T21:08:22Z
2026-06-27T21:06:46Z,2026-06-27T23:06:46+0200,44400f30-2862-403b-aedb-c9bc80837e62,2026-06-25T11:00:00Z,2026-06-25T13:00:00+0200,2303.76758,MW,DE,DE_LU,actual_onshore_wind_generation,Wind Onshore,2026-06-27T21:08:22Z
2026-06-27T21:06:46Z,2026-06-27T23:06:46+0200,44400f30-2862-403b-aedb-c9bc80837e62,2026-06-25T11:15:00Z,2026-06-25T13:15:00+0200,2413.80149,MW,DE,DE_LU,actual_onshore_wind_generation,Wind Onshore,2026-06-27T21:08:22Z
2026-06-27T21:06:46Z,2026-06-27T23:06:46+0200,44400f30-2862-403b-aedb-c9bc80837e62,2026-06-25T11:30:00Z,2026-06-25T13:30:00+0200,2447.91495,MW,DE,DE_LU,actual_onshore_wind_generation,Wind Onshore,2026-06-27T21:08:22Z
2026-06-27T21:06:46Z,2026-06-27T23:06:46+0200,44400f30-2862-403b-aedb-c9bc80837e62,2026-06-25T11:45:00Z,2026-06-25T13:45:00+0200,2472.31706,MW,DE,DE_LU,actual_onshore_wind_generation,Wind Onshore,2026-06-27T21:08:22Z
2026-06-27T21:06:46Z,2026-06-27T23:06:46+0200,44400f30-2862-403b-aedb-c9bc80837e62,2026-06-25T12:00:00Z,2026-06-25T14:00:00+0200,2455.3288,MW,DE,DE_LU,actual_onshore_wind_generation,Wind Onshore,2026-06-27T21:08:22Z
2026-06-27T21:06:46Z,2026-06-27T23:06:46+0200,44400f30-2862-403b-aedb-c9bc80837e62,2026-06-25T12:15:00Z,2026-06-25T14:15:00+0200,2452.56813,MW,DE,DE_LU,actual_onshore_wind_generation,Wind Onshore,2026-06-27T21:08:22Z
2026-06-27T21:06:46Z,2026-06-27T23:06:46+0200,44400f30-2862-403b-aedb-c9bc80837e62,2026-06-25T12:30:00Z,2026-06-25T14:30:00+0200,2497.86934,MW,DE,DE_LU,actual_onshore_wind_generation,Wind Onshore,2026-06-27T21:08:22Z
2026-06-27T21:06:46Z,2026-06-27T23:06:46+0200,44400f30-2862-403b-aedb-c9bc80837e62,2026-06-25T12:45:00Z,2026-06-25T14:45:00+0200,2530.01803,MW,DE,DE_LU,actual_onshore_wind_generation,Wind Onshore,2026-06-27T21:08:22Z
2026-06-27T21:06:46Z,2026-06-27T23:06:46+0200,44400f30-2862-403b-aedb-c9bc80837e62,2026-06-25T13:00:00Z,2026-06-25T15:00:00+0200,2611.59271,MW,DE,DE_LU,actual_onshore_wind_generation,Wind Onshore,2026-06-27T21:08:22Z
2026-06-27T21:06:46Z,2026-06-27T23:06:46+0200,44400f30-2862-403b-aedb-c9bc80837e62,2026-06-25T13:15:00Z,2026-06-25T15:15:00+0200,2686.88235,MW,DE,DE_LU,actual_onshore_wind_generation,Wind Onshore,2026-06-27T21:08:22Z
2026-06-27T21:06:46Z,2026-06-27T23:06:46+0200,44400f30-2862-403b-aedb-c9bc80837e62,2026-06-25T13:30:00Z,2026-06-25T15:30:00+0200,2767.16172,MW,DE,DE_LU,actual_onshore_wind_generation,Wind Onshore,2026-06-27T21:08:22Z
2026-06-27T21:06:46Z,2026-06-27T23:06:46+0200,44400f30-2862-403b-aedb-c9bc80837e62,2026-06-25T13:45:00Z,2026-06-25T15:45:00+0200,2856.89082,MW,DE,DE_LU,actual_onshore_wind_generation,Wind Onshore,2026-06-27T21:08:22Z
2026-06-27T21:06:46Z,2026-06-27T23:06:46+0200,44400f30-2862-403b-aedb-c9bc80837e62,2026-06-25T14:00:00Z,2026-06-25T16:00:00+0200,2975.26834,MW,DE,DE_LU,actual_onshore_wind_generation,Wind Onshore,2026-06-27T21:08:22Z
2026-06-27T21:06:46Z,2026-06-27T23:06:46+0200,44400f30-2862-403b-aedb-c9bc80837e62,2026-06-25T14:15:00Z,2026-06-25T16:15:00+0200,3111.67448,MW,DE,DE_LU,actual_onshore_wind_generation,Wind Onshore,2026-06-27T21:08:22Z
2026-06-27T21:06:46Z,2026-06-27T23:06:46+0200,44400f30-2862-403b-aedb-c9bc80837e62,2026-06-25T14:30:00Z,2026-06-25T16:30:00+0200,3117.90258,MW,DE,DE_LU,actual_onshore_wind_generation,Wind Onshore,2026-06-27T21:08:22Z
2026-06-27T21:06:46Z,2026-06-27T23:06:46+0200,44400f30-2862-403b-aedb-c9bc80837e62,2026-06-25T14:45:00Z,2026-06-25T16:45:00+0200,3189.8323,MW,DE,DE_LU,actual_onshore_wind_generation,Wind Onshore,2026-06-27T21:08:22Z
2026-06-27T21:06:46Z,2026-06-27T23:06:46+0200,44400f30-2862-403b-aedb-c9bc80837e62,2026-06-25T15:00:00Z,2026-06-25T17:00:00+0200,3273.4867,MW,DE,DE_LU,actual_onshore_wind_generation,Wind Onshore,2026-06-27T21:08:22Z
2026-06-27T21:06:46Z,2026-06-27T23:06:46+0200,44400f30-2862-403b-aedb-c9bc80837e62,2026-06-25T15:15:00Z,2026-06-25T17:15:00+0200,3400.41363,MW,DE,DE_LU,actual_onshore_wind_generation,Wind Onshore,2026-06-27T21:08:22Z
2026-06-27T21:06:46Z,2026-06-27T23:06:46+0200,44400f30-2862-403b-aedb-c9bc80837e62,2026-06-25T15:30:00Z,2026-06-25T17:30:00+0200,3528.57697,MW,DE,DE_LU,actual_onshore_wind_generation,Wind Onshore,2026-06-27T21:08:22Z
2026-06-27T21:06:46Z,2026-06-27T23:06:46+0200,44400f30-2862-403b-aedb-c9bc80837e62,2026-06-25T15:45:00Z,2026-06-25T17:45:00+0200,3626.5806,MW,DE,DE_LU,actual_onshore_wind_generation,Wind Onshore,2026-06-27T21:08:22Z
2026-06-27T21:06:46Z,2026-06-27T23:06:46+0200,44400f30-2862-403b-aedb-c9bc80837e62,2026-06-25T16:00:00Z,2026-06-25T18:00:00+0200,3707.87603,MW,DE,DE_LU,actual_onshore_wind_generation,Wind Onshore,2026-06-27T21:08:22Z
2026-06-27T21:06:46Z,2026-06-27T23:06:46+0200,44400f30-2862-403b-aedb-c9bc80837e62,2026-06-25T16:15:00Z,2026-06-25T18:15:00+0200,3829.63021,MW,DE,DE_LU,actual_onshore_wind_generation,Wind Onshore,2026-06-27T21:08:22Z
2026-06-27T21:06:46Z,2026-06-27T23:06:46+0200,44400f30-2862-403b-aedb-c9bc80837e62,2026-06-25T16:30:00Z,2026-06-25T18:30:00+0200,4043.96297,MW,DE,DE_LU,actual_onshore_wind_generation,Wind Onshore,2026-06-27T21:08:22Z
2026-06-27T21:06:46Z,2026-06-27T23:06:46+0200,44400f30-2862-403b-aedb-c9bc80837e62,2026-06-25T16:45:00Z,2026-06-25T18:45:00+0200,4226.87579,MW,DE,DE_LU,actual_onshore_wind_generation,Wind Onshore,2026-06-27T21:08:22Z
2026-06-27T21:06:46Z,2026-06-27T23:06:46+0200,44400f30-2862-403b-aedb-c9bc80837e62,2026-06-25T17:00:00Z,2026-06-25T19:00:00+0200,4528.59178,MW,DE,DE_LU,actual_onshore_wind_generation,Wind Onshore,2026-06-27T21:08:22Z
2026-06-27T21:06:46Z,2026-06-27T23:06:46+0200,44400f30-2862-403b-aedb-c9bc80837e62,2026-06-25T17:15:00Z,2026-06-25T19:15:00+0200,4769.87415,MW,DE,DE_LU,actual_onshore_wind_generation,Wind Onshore,2026-06-27T21:08:22Z
2026-06-27T21:06:46Z,2026-06-27T23:06:46+0200,44400f30-2862-403b-aedb-c9bc80837e62,2026-06-25T17:30:00Z,2026-06-25T19:30:00+0200,5054.45219,MW,DE,DE_LU,actual_onshore_wind_generation,Wind Onshore,2026-06-27T21:08:22Z
2026-06-27T21:06:46Z,2026-06-27T23:06:46+0200,44400f30-2862-403b-aedb-c9bc80837e62,2026-06-25T17:45:00Z,2026-06-25T19:45:00+0200,5300.76808,MW,DE,DE_LU,actual_onshore_wind_generation,Wind Onshore,2026-06-27T21:08:22Z
2026-06-27T21:06:46Z,2026-06-27T23:06:46+0200,44400f30-2862-403b-aedb-c9bc80837e62,2026-06-25T18:00:00Z,2026-06-25T20:00:00+0200,5570.94062,MW,DE,DE_LU,actual_onshore_wind_generation,Wind Onshore,2026-06-27T21:08:22Z
2026-06-27T21:06:46Z,2026-06-27T23:06:46+0200,44400f30-2862-403b-aedb-c9bc80837e62,2026-06-25T18:15:00Z,2026-06-25T20:15:00+0200,5877.57477,MW,DE,DE_LU,actual_onshore_wind_generation,Wind Onshore,2026-06-27T21:08:22Z
2026-06-27T21:06:46Z,2026-06-27T23:06:46+0200,44400f30-2862-403b-aedb-c9bc80837e62,2026-06-25T18:30:00Z,2026-06-25T20:30:00+0200,6202.84396,MW,DE,DE_LU,actual_onshore_wind_generation,Wind Onshore,2026-06-27T21:08:22Z
2026-06-27T21:06:46Z,2026-06-27T23:06:46+0200,44400f30-2862-403b-aedb-c9bc80837e62,2026-06-25T18:45:00Z,2026-06-25T20:45:00+0200,6536.50644,MW,DE,DE_LU,actual_onshore_wind_generation,Wind Onshore,2026-06-27T21:08:22Z
2026-06-27T21:06:46Z,2026-06-27T23:06:46+0200,44400f30-2862-403b-aedb-c9bc80837e62,2026-06-25T19:00:00Z,2026-06-25T21:00:00+0200,7164.41173,MW,DE,DE_LU,actual_onshore_wind_generation,Wind Onshore,2026-06-27T21:08:22Z
2026-06-27T21:06:46Z,2026-06-27T23:06:46+0200,44400f30-2862-403b-aedb-c9bc80837e62,2026-06-25T19:15:00Z,2026-06-25T21:15:00+0200,7977.40945,MW,DE,DE_LU,actual_onshore_wind_generation,Wind Onshore,2026-06-27T21:08:22Z
2026-06-27T21:06:46Z,2026-06-27T23:06:46+0200,44400f30-2862-403b-aedb-c9bc80837e62,2026-06-25T19:30:00Z,2026-06-25T21:30:00+0200,8696.39249,MW,DE,DE_LU,actual_onshore_wind_generation,Wind Onshore,2026-06-27T21:08:22Z
2026-06-27T21:06:46Z,2026-06-27T23:06:46+0200,44400f30-2862-403b-aedb-c9bc80837e62,2026-06-25T19:45:00Z,2026-06-25T21:45:00+0200,9054.53167,MW,DE,DE_LU,actual_onshore_wind_generation,Wind Onshore,2026-06-27T21:08:22Z
2026-06-27T21:06:46Z,2026-06-27T23:06:46+0200,44400f30-2862-403b-aedb-c9bc80837e62,2026-06-25T20:00:00Z,2026-06-25T22:00:00+0200,9130.30072,MW,DE,DE_LU,actual_onshore_wind_generation,Wind Onshore,2026-06-27T21:08:22Z
2026-06-27T21:06:46Z,2026-06-27T23:06:46+0200,44400f30-2862-403b-aedb-c9bc80837e62,2026-06-25T20:15:00Z,2026-06-25T22:15:00+0200,9376.18651,MW,DE,DE_LU,actual_onshore_wind_generation,Wind Onshore,2026-06-27T21:08:22Z
2026-06-27T21:06:46Z,2026-06-27T23:06:46+0200,44400f30-2862-403b-aedb-c9bc80837e62,2026-06-25T20:30:00Z,2026-06-25T22:30:00+0200,9527.48589,MW,DE,DE_LU,actual_onshore_wind_generation,Wind Onshore,2026-06-27T21:08:22Z
2026-06-27T21:06:46Z,2026-06-27T23:06:46+0200,44400f30-2862-403b-aedb-c9bc80837e62,2026-06-25T20:45:00Z,2026-06-25T22:45:00+0200,9681.6235,MW,DE,DE_LU,actual_onshore_wind_generation,Wind Onshore,2026-06-27T21:08:22Z
2026-06-27T21:06:46Z,2026-06-27T23:06:46+0200,44400f30-2862-403b-aedb-c9bc80837e62,2026-06-25T21:00:00Z,2026-06-25T23:00:00+0200,9624.25981,MW,DE,DE_LU,actual_onshore_wind_generation,Wind Onshore,2026-06-27T21:08:22Z
2026-06-27T21:06:46Z,2026-06-27T23:06:46+0200,44400f30-2862-403b-aedb-c9bc80837e62,2026-06-25T21:15:00Z,2026-06-25T23:15:00+0200,9565.51127,MW,DE,DE_LU,actual_onshore_wind_generation,Wind Onshore,2026-06-27T21:08:22Z
2026-06-27T21:06:46Z,2026-06-27T23:06:46+0200,44400f30-2862-403b-aedb-c9bc80837e62,2026-06-25T21:30:00Z,2026-06-25T23:30:00+0200,9394.33024,MW,DE,DE_LU,actual_onshore_wind_generation,Wind Onshore,2026-06-27T21:08:22Z
2026-06-27T21:06:46Z,2026-06-27T23:06:46+0200,44400f30-2862-403b-aedb-c9bc80837e62,2026-06-25T21:45:00Z,2026-06-25T23:45:00+0200,9307.75466,MW,DE,DE_LU,actual_onshore_wind_generation,Wind Onshore,2026-06-27T21:08:22Z
2026-06-27T21:06:46Z,2026-06-27T23:06:46+0200,44400f30-2862-403b-aedb-c9bc80837e62,2026-06-25T22:00:00Z,2026-06-26T00:00:00+0200,9105.31129,MW,DE,DE_LU,actual_onshore_wind_generation,Wind Onshore,2026-06-27T21:08:22Z
2026-06-27T21:06:46Z,2026-06-27T23:06:46+0200,44400f30-2862-403b-aedb-c9bc80837e62,2026-06-25T22:15:00Z,2026-06-26T00:15:00+0200,8896.54825,MW,DE,DE_LU,actual_onshore_wind_generation,Wind Onshore,2026-06-27T21:08:22Z
2026-06-27T21:06:46Z,2026-06-27T23:06:46+0200,44400f30-2862-403b-aedb-c9bc80837e62,2026-06-25T22:30:00Z,2026-06-26T00:30:00+0200,8764.51287,MW,DE,DE_LU,actual_onshore_wind_generation,Wind Onshore,2026-06-27T21:08:22Z
2026-06-27T21:06:46Z,2026-06-27T23:06:46+0200,44400f30-2862-403b-aedb-c9bc80837e62,2026-06-25T22:45:00Z,2026-06-26T00:45:00+0200,8660.06833,MW,DE,DE_LU,actual_onshore_wind_generation,Wind Onshore,2026-06-27T21:08:22Z
2026-06-27T21:06:46Z,2026-06-27T23:06:46+0200,44400f30-2862-403b-aedb-c9bc80837e62,2026-06-25T23:00:00Z,2026-06-26T01:00:00+0200,8363.63238,MW,DE,DE_LU,actual_onshore_wind_generation,Wind Onshore,2026-06-27T21:08:22Z
2026-06-27T21:06:46Z,2026-06-27T23:06:46+0200,44400f30-2862-403b-aedb-c9bc80837e62,2026-06-25T23:15:00Z,2026-06-26T01:15:00+0200,8112.92923,MW,DE,DE_LU,actual_onshore_wind_generation,Wind Onshore,2026-06-27T21:08:22Z
2026-06-27T21:06:46Z,2026-06-27T23:06:46+0200,44400f30-2862-403b-aedb-c9bc80837e62,2026-06-25T23:30:00Z,2026-06-26T01:30:00+0200,7966.4128,MW,DE,DE_LU,actual_onshore_wind_generation,Wind Onshore,2026-06-27T21:08:22Z
2026-06-27T21:06:46Z,2026-06-27T23:06:46+0200,44400f30-2862-403b-aedb-c9bc80837e62,2026-06-25T23:45:00Z,2026-06-26T01:45:00+0200,7919.91445,MW,DE,DE_LU,actual_onshore_wind_generation,Wind Onshore,2026-06-27T21:08:22Z
2026-06-27T21:06:46Z,2026-06-27T23:06:46+0200,44400f30-2862-403b-aedb-c9bc80837e62,2026-06-26T00:00:00Z,2026-06-26T02:00:00+0200,7820.84409,MW,DE,DE_LU,actual_onshore_wind_generation,Wind Onshore,2026-06-27T21:08:22Z
2026-06-27T21:06:46Z,2026-06-27T23:06:46+0200,44400f30-2862-403b-aedb-c9bc80837e62,2026-06-26T00:15:00Z,2026-06-26T02:15:00+0200,7798.30766,MW,DE,DE_LU,actual_onshore_wind_generation,Wind Onshore,2026-06-27T21:08:22Z
2026-06-27T21:06:46Z,2026-06-27T23:06:46+0200,44400f30-2862-403b-aedb-c9bc80837e62,2026-06-26T00:30:00Z,2026-06-26T02:30:00+0200,7750.85271,MW,DE,DE_LU,actual_onshore_wind_generation,Wind Onshore,2026-06-27T21:08:22Z
2026-06-27T21:06:46Z,2026-06-27T23:06:46+0200,44400f30-2862-403b-aedb-c9bc80837e62,2026-06-26T00:45:00Z,2026-06-26T02:45:00+0200,7670.13854,MW,DE,DE_LU,actual_onshore_wind_generation,Wind Onshore,2026-06-27T21:08:22Z
2026-06-27T21:06:46Z,2026-06-27T23:06:46+0200,44400f30-2862-403b-aedb-c9bc80837e62,2026-06-26T01:00:00Z,2026-06-26T03:00:00+0200,7532.64404,MW,DE,DE_LU,actual_onshore_wind_generation,Wind Onshore,2026-06-27T21:08:22Z
2026-06-27T21:06:46Z,2026-06-27T23:06:46+0200,44400f30-2862-403b-aedb-c9bc80837e62,2026-06-26T01:15:00Z,2026-06-26T03:15:00+0200,7387.86547,MW,DE,DE_LU,actual_onshore_wind_generation,Wind Onshore,2026-06-27T21:08:22Z
2026-06-27T21:06:46Z,2026-06-27T23:06:46+0200,44400f30-2862-403b-aedb-c9bc80837e62,2026-06-26T01:30:00Z,2026-06-26T03:30:00+0200,7252.25313,MW,DE,DE_LU,actual_onshore_wind_generation,Wind Onshore,2026-06-27T21:08:22Z
2026-06-27T21:06:46Z,2026-06-27T23:06:46+0200,44400f30-2862-403b-aedb-c9bc80837e62,2026-06-26T01:45:00Z,2026-06-26T03:45:00+0200,7251.36969,MW,DE,DE_LU,actual_onshore_wind_generation,Wind Onshore,2026-06-27T21:08:22Z
2026-06-27T21:06:46Z,2026-06-27T23:06:46+0200,44400f30-2862-403b-aedb-c9bc80837e62,2026-06-26T02:00:00Z,2026-06-26T04:00:00+0200,7373.38814,MW,DE,DE_LU,actual_onshore_wind_generation,Wind Onshore,2026-06-27T21:08:22Z
2026-06-27T21:06:46Z,2026-06-27T23:06:46+0200,44400f30-2862-403b-aedb-c9bc80837e62,2026-06-26T02:15:00Z,2026-06-26T04:15:00+0200,7560.84011,MW,DE,DE_LU,actual_onshore_wind_generation,Wind Onshore,2026-06-27T21:08:22Z
2026-06-27T21:06:46Z,2026-06-27T23:06:46+0200,44400f30-2862-403b-aedb-c9bc80837e62,2026-06-26T02:30:00Z,2026-06-26T04:30:00+0200,7812.60356,MW,DE,DE_LU,actual_onshore_wind_generation,Wind Onshore,2026-06-27T21:08:22Z
2026-06-27T21:06:46Z,2026-06-27T23:06:46+0200,44400f30-2862-403b-aedb-c9bc80837e62,2026-06-26T02:45:00Z,2026-06-26T04:45:00+0200,7979.86313,MW,DE,DE_LU,actual_onshore_wind_generation,Wind Onshore,2026-06-27T21:08:22Z
2026-06-27T21:06:46Z,2026-06-27T23:06:46+0200,44400f30-2862-403b-aedb-c9bc80837e62,2026-06-26T03:00:00Z,2026-06-26T05:00:00+0200,8189.76652,MW,DE,DE_LU,actual_onshore_wind_generation,Wind Onshore,2026-06-27T21:08:22Z
2026-06-27T21:06:46Z,2026-06-27T23:06:46+0200,44400f30-2862-403b-aedb-c9bc80837e62,2026-06-26T03:15:00Z,2026-06-26T05:15:00+0200,8286.49696,MW,DE,DE_LU,actual_onshore_wind_generation,Wind Onshore,2026-06-27T21:08:22Z
2026-06-27T21:06:46Z,2026-06-27T23:06:46+0200,44400f30-2862-403b-aedb-c9bc80837e62,2026-06-26T03:30:00Z,2026-06-26T05:30:00+0200,8174.21497,MW,DE,DE_LU,actual_onshore_wind_generation,Wind Onshore,2026-06-27T21:08:22Z
2026-06-27T21:06:46Z,2026-06-27T23:06:46+0200,44400f30-2862-403b-aedb-c9bc80837e62,2026-06-26T03:45:00Z,2026-06-26T05:45:00+0200,7914.59953,MW,DE,DE_LU,actual_onshore_wind_generation,Wind Onshore,2026-06-27T21:08:22Z
2026-06-27T21:06:46Z,2026-06-27T23:06:46+0200,44400f30-2862-403b-aedb-c9bc80837e62,2026-06-26T04:00:00Z,2026-06-26T06:00:00+0200,7918.27796,MW,DE,DE_LU,actual_onshore_wind_generation,Wind Onshore,2026-06-27T21:08:22Z
2026-06-27T21:06:46Z,2026-06-27T23:06:46+0200,44400f30-2862-403b-aedb-c9bc80837e62,2026-06-26T04:15:00Z,2026-06-26T06:15:00+0200,7698.66229,MW,DE,DE_LU,actual_onshore_wind_generation,Wind Onshore,2026-06-27T21:08:22Z
2026-06-27T21:06:46Z,2026-06-27T23:06:46+0200,44400f30-2862-403b-aedb-c9bc80837e62,2026-06-26T04:30:00Z,2026-06-26T06:30:00+0200,7455.74739,MW,DE,DE_LU,actual_onshore_wind_generation,Wind Onshore,2026-06-27T21:08:22Z
2026-06-27T21:06:46Z,2026-06-27T23:06:46+0200,44400f30-2862-403b-aedb-c9bc80837e62,2026-06-26T04:45:00Z,2026-06-26T06:45:00+0200,7092.80742,MW,DE,DE_LU,actual_onshore_wind_generation,Wind Onshore,2026-06-27T21:08:22Z
2026-06-27T21:06:46Z,2026-06-27T23:06:46+0200,44400f30-2862-403b-aedb-c9bc80837e62,2026-06-26T05:00:00Z,2026-06-26T07:00:00+0200,6682.71768,MW,DE,DE_LU,actual_onshore_wind_generation,Wind Onshore,2026-06-27T21:08:22Z
2026-06-27T21:06:46Z,2026-06-27T23:06:46+0200,44400f30-2862-403b-aedb-c9bc80837e62,2026-06-26T05:15:00Z,2026-06-26T07:15:00+0200,6072.20936,MW,DE,DE_LU,actual_onshore_wind_generation,Wind Onshore,2026-06-27T21:08:22Z
2026-06-27T21:06:46Z,2026-06-27T23:06:46+0200,44400f30-2862-403b-aedb-c9bc80837e62,2026-06-26T05:30:00Z,2026-06-26T07:30:00+0200,5361.79946,MW,DE,DE_LU,actual_onshore_wind_generation,Wind Onshore,2026-06-27T21:08:22Z
2026-06-27T21:06:46Z,2026-06-27T23:06:46+0200,44400f30-2862-403b-aedb-c9bc80837e62,2026-06-26T05:45:00Z,2026-06-26T07:45:00+0200,4671.1622,MW,DE,DE_LU,actual_onshore_wind_generation,Wind Onshore,2026-06-27T21:08:22Z
2026-06-27T21:06:46Z,2026-06-27T23:06:46+0200,44400f30-2862-403b-aedb-c9bc80837e62,2026-06-26T06:00:00Z,2026-06-26T08:00:00+0200,3969.44659,MW,DE,DE_LU,actual_onshore_wind_generation,Wind Onshore,2026-06-27T21:08:22Z
2026-06-27T21:06:46Z,2026-06-27T23:06:46+0200,44400f30-2862-403b-aedb-c9bc80837e62,2026-06-26T06:15:00Z,2026-06-26T08:15:00+0200,3238.87346,MW,DE,DE_LU,actual_onshore_wind_generation,Wind Onshore,2026-06-27T21:08:22Z
2026-06-27T21:06:46Z,2026-06-27T23:06:46+0200,44400f30-2862-403b-aedb-c9bc80837e62,2026-06-26T06:30:00Z,2026-06-26T08:30:00+0200,2706.57807,MW,DE,DE_LU,actual_onshore_wind_generation,Wind Onshore,2026-06-27T21:08:22Z
2026-06-27T21:06:46Z,2026-06-27T23:06:46+0200,44400f30-2862-403b-aedb-c9bc80837e62,2026-06-26T06:45:00Z,2026-06-26T08:45:00+0200,2380.61767,MW,DE,DE_LU,actual_onshore_wind_generation,Wind Onshore,2026-06-27T21:08:22Z
2026-06-27T21:06:46Z,2026-06-27T23:06:46+0200,44400f30-2862-403b-aedb-c9bc80837e62,2026-06-26T07:00:00Z,2026-06-26T09:00:00+0200,2162.38417,MW,DE,DE_LU,actual_onshore_wind_generation,Wind Onshore,2026-06-27T21:08:22Z
2026-06-27T21:06:46Z,2026-06-27T23:06:46+0200,44400f30-2862-403b-aedb-c9bc80837e62,2026-06-26T07:15:00Z,2026-06-26T09:15:00+0200,1992.43483,MW,DE,DE_LU,actual_onshore_wind_generation,Wind Onshore,2026-06-27T21:08:22Z
2026-06-27T21:06:46Z,2026-06-27T23:06:46+0200,44400f30-2862-403b-aedb-c9bc80837e62,2026-06-26T07:30:00Z,2026-06-26T09:30:00+0200,1780.43622,MW,DE,DE_LU,actual_onshore_wind_generation,Wind Onshore,2026-06-27T21:08:22Z
2026-06-27T21:06:46Z,2026-06-27T23:06:46+0200,44400f30-2862-403b-aedb-c9bc80837e62,2026-06-26T07:45:00Z,2026-06-26T09:45:00+0200,1679.70928,MW,DE,DE_LU,actual_onshore_wind_generation,Wind Onshore,2026-06-27T21:08:22Z
2026-06-27T21:06:46Z,2026-06-27T23:06:46+0200,44400f30-2862-403b-aedb-c9bc80837e62,2026-06-26T08:00:00Z,2026-06-26T10:00:00+0200,1574.33597,MW,DE,DE_LU,actual_onshore_wind_generation,Wind Onshore,2026-06-27T21:08:22Z
2026-06-27T21:06:46Z,2026-06-27T23:06:46+0200,44400f30-2862-403b-aedb-c9bc80837e62,2026-06-26T08:15:00Z,2026-06-26T10:15:00+0200,1499.67626,MW,DE,DE_LU,actual_onshore_wind_generation,Wind Onshore,2026-06-27T21:08:22Z
2026-06-27T21:06:46Z,2026-06-27T23:06:46+0200,44400f30-2862-403b-aedb-c9bc80837e62,2026-06-26T08:30:00Z,2026-06-26T10:30:00+0200,1450.914,MW,DE,DE_LU,actual_onshore_wind_generation,Wind Onshore,2026-06-27T21:08:22Z
2026-06-27T21:06:46Z,2026-06-27T23:06:46+0200,44400f30-2862-403b-aedb-c9bc80837e62,2026-06-26T08:45:00Z,2026-06-26T10:45:00+0200,1480.76739,MW,DE,DE_LU,actual_onshore_wind_generation,Wind Onshore,2026-06-27T21:08:22Z
2026-06-27T21:06:46Z,2026-06-27T23:06:46+0200,44400f30-2862-403b-aedb-c9bc80837e62,2026-06-26T09:00:00Z,2026-06-26T11:00:00+0200,1509.52481,MW,DE,DE_LU,actual_onshore_wind_generation,Wind Onshore,2026-06-27T21:08:22Z
2026-06-27T21:06:46Z,2026-06-27T23:06:46+0200,44400f30-2862-403b-aedb-c9bc80837e62,2026-06-26T09:15:00Z,2026-06-26T11:15:00+0200,1563.0257,MW,DE,DE_LU,actual_onshore_wind_generation,Wind Onshore,2026-06-27T21:08:22Z
2026-06-27T21:06:46Z,2026-06-27T23:06:46+0200,44400f30-2862-403b-aedb-c9bc80837e62,2026-06-26T09:30:00Z,2026-06-26T11:30:00+0200,1639.01969,MW,DE,DE_LU,actual_onshore_wind_generation,Wind Onshore,2026-06-27T21:08:22Z
2026-06-27T21:06:46Z,2026-06-27T23:06:46+0200,44400f30-2862-403b-aedb-c9bc80837e62,2026-06-26T09:45:00Z,2026-06-26T11:45:00+0200,1704.26168,MW,DE,DE_LU,actual_onshore_wind_generation,Wind Onshore,2026-06-27T21:08:22Z
2026-06-27T21:06:46Z,2026-06-27T23:06:46+0200,44400f30-2862-403b-aedb-c9bc80837e62,2026-06-26T10:00:00Z,2026-06-26T12:00:00+0200,1849.09018,MW,DE,DE_LU,actual_onshore_wind_generation,Wind Onshore,2026-06-27T21:08:22Z
2026-06-27T21:06:46Z,2026-06-27T23:06:46+0200,44400f30-2862-403b-aedb-c9bc80837e62,2026-06-26T10:15:00Z,2026-06-26T12:15:00+0200,2011.0435,MW,DE,DE_LU,actual_onshore_wind_generation,Wind Onshore,2026-06-27T21:08:22Z
2026-06-27T21:06:46Z,2026-06-27T23:06:46+0200,44400f30-2862-403b-aedb-c9bc80837e62,2026-06-26T10:30:00Z,2026-06-26T12:30:00+0200,2174.37398,MW,DE,DE_LU,actual_onshore_wind_generation,Wind Onshore,2026-06-27T21:08:22Z
2026-06-27T21:06:46Z,2026-06-27T23:06:46+0200,44400f30-2862-403b-aedb-c9bc80837e62,2026-06-26T10:45:00Z,2026-06-26T12:45:00+0200,2317.45037,MW,DE,DE_LU,actual_onshore_wind_generation,Wind Onshore,2026-06-27T21:08:22Z
2026-06-27T21:06:46Z,2026-06-27T23:06:46+0200,44400f30-2862-403b-aedb-c9bc80837e62,2026-06-26T11:00:00Z,2026-06-26T13:00:00+0200,2501.36083,MW,DE,DE_LU,actual_onshore_wind_generation,Wind Onshore,2026-06-27T21:08:22Z
2026-06-27T21:06:46Z,2026-06-27T23:06:46+0200,44400f30-2862-403b-aedb-c9bc80837e62,2026-06-26T11:15:00Z,2026-06-26T13:15:00+0200,2591.31619,MW,DE,DE_LU,actual_onshore_wind_generation,Wind Onshore,2026-06-27T21:08:22Z
2026-06-27T21:06:46Z,2026-06-27T23:06:46+0200,44400f30-2862-403b-aedb-c9bc80837e62,2026-06-26T11:30:00Z,2026-06-26T13:30:00+0200,2770.16802,MW,DE,DE_LU,actual_onshore_wind_generation,Wind Onshore,2026-06-27T21:08:22Z
2026-06-27T21:06:46Z,2026-06-27T23:06:46+0200,44400f30-2862-403b-aedb-c9bc80837e62,2026-06-26T11:45:00Z,2026-06-26T13:45:00+0200,3000.67082,MW,DE,DE_LU,actual_onshore_wind_generation,Wind Onshore,2026-06-27T21:08:22Z
2026-06-27T21:06:46Z,2026-06-27T23:06:46+0200,44400f30-2862-403b-aedb-c9bc80837e62,2026-06-26T12:00:00Z,2026-06-26T14:00:00+0200,3289.31639,MW,DE,DE_LU,actual_onshore_wind_generation,Wind Onshore,2026-06-27T21:08:22Z
2026-06-27T21:06:46Z,2026-06-27T23:06:46+0200,44400f30-2862-403b-aedb-c9bc80837e62,2026-06-26T12:15:00Z,2026-06-26T14:15:00+0200,3535.56289,MW,DE,DE_LU,actual_onshore_wind_generation,Wind Onshore,2026-06-27T21:08:22Z
2026-06-27T21:06:46Z,2026-06-27T23:06:46+0200,44400f30-2862-403b-aedb-c9bc80837e62,2026-06-26T12:30:00Z,2026-06-26T14:30:00+0200,3824.6661,MW,DE,DE_LU,actual_onshore_wind_generation,Wind Onshore,2026-06-27T21:08:22Z
2026-06-27T21:06:46Z,2026-06-27T23:06:46+0200,44400f30-2862-403b-aedb-c9bc80837e62,2026-06-26T12:45:00Z,2026-06-26T14:45:00+0200,3623.70672,MW,DE,DE_LU,actual_onshore_wind_generation,Wind Onshore,2026-06-27T21:08:22Z
2026-06-27T21:06:46Z,2026-06-27T23:06:46+0200,44400f30-2862-403b-aedb-c9bc80837e62,2026-06-26T13:00:00Z,2026-06-26T15:00:00+0200,3483.70791,MW,DE,DE_LU,actual_onshore_wind_generation,Wind Onshore,2026-06-27T21:08:22Z
2026-06-27T21:06:46Z,2026-06-27T23:06:46+0200,44400f30-2862-403b-aedb-c9bc80837e62,2026-06-26T13:15:00Z,2026-06-26T15:15:00+0200,3445.36641,MW,DE,DE_LU,actual_onshore_wind_generation,Wind Onshore,2026-06-27T21:08:22Z
2026-06-27T21:06:46Z,2026-06-27T23:06:46+0200,44400f30-2862-403b-aedb-c9bc80837e62,2026-06-26T13:30:00Z,2026-06-26T15:30:00+0200,3189.37194,MW,DE,DE_LU,actual_onshore_wind_generation,Wind Onshore,2026-06-27T21:08:22Z
2026-06-27T21:06:46Z,2026-06-27T23:06:46+0200,44400f30-2862-403b-aedb-c9bc80837e62,2026-06-26T13:45:00Z,2026-06-26T15:45:00+0200,3029.63797,MW,DE,DE_LU,actual_onshore_wind_generation,Wind Onshore,2026-06-27T21:08:22Z
2026-06-27T21:06:46Z,2026-06-27T23:06:46+0200,44400f30-2862-403b-aedb-c9bc80837e62,2026-06-26T14:00:00Z,2026-06-26T16:00:00+0200,2846.72482,MW,DE,DE_LU,actual_onshore_wind_generation,Wind Onshore,2026-06-27T21:08:22Z
2026-06-27T21:06:46Z,2026-06-27T23:06:46+0200,44400f30-2862-403b-aedb-c9bc80837e62,2026-06-26T14:15:00Z,2026-06-26T16:15:00+0200,2598.48102,MW,DE,DE_LU,actual_onshore_wind_generation,Wind Onshore,2026-06-27T21:08:22Z
2026-06-27T21:06:46Z,2026-06-27T23:06:46+0200,44400f30-2862-403b-aedb-c9bc80837e62,2026-06-26T14:30:00Z,2026-06-26T16:30:00+0200,2362.50431,MW,DE,DE_LU,actual_onshore_wind_generation,Wind Onshore,2026-06-27T21:08:22Z
2026-06-27T21:06:46Z,2026-06-27T23:06:46+0200,44400f30-2862-403b-aedb-c9bc80837e62,2026-06-26T14:45:00Z,2026-06-26T16:45:00+0200,2075.88879,MW,DE,DE_LU,actual_onshore_wind_generation,Wind Onshore,2026-06-27T21:08:22Z
2026-06-27T21:06:46Z,2026-06-27T23:06:46+0200,44400f30-2862-403b-aedb-c9bc80837e62,2026-06-26T15:00:00Z,2026-06-26T17:00:00+0200,1937.15244,MW,DE,DE_LU,actual_onshore_wind_generation,Wind Onshore,2026-06-27T21:08:22Z
2026-06-27T21:06:46Z,2026-06-27T23:06:46+0200,44400f30-2862-403b-aedb-c9bc80837e62,2026-06-26T15:15:00Z,2026-06-26T17:15:00+0200,1782.76553,MW,DE,DE_LU,actual_onshore_wind_generation,Wind Onshore,2026-06-27T21:08:22Z
2026-06-27T21:06:46Z,2026-06-27T23:06:46+0200,44400f30-2862-403b-aedb-c9bc80837e62,2026-06-26T15:30:00Z,2026-06-26T17:30:00+0200,1710.74146,MW,DE,DE_LU,actual_onshore_wind_generation,Wind Onshore,2026-06-27T21:08:22Z
2026-06-27T21:06:46Z,2026-06-27T23:06:46+0200,44400f30-2862-403b-aedb-c9bc80837e62,2026-06-26T15:45:00Z,2026-06-26T17:45:00+0200,1694.5763,MW,DE,DE_LU,actual_onshore_wind_generation,Wind Onshore,2026-06-27T21:08:22Z
2026-06-27T21:06:46Z,2026-06-27T23:06:46+0200,44400f30-2862-403b-aedb-c9bc80837e62,2026-06-26T16:00:00Z,2026-06-26T18:00:00+0200,1612.80392,MW,DE,DE_LU,actual_onshore_wind_generation,Wind Onshore,2026-06-27T21:08:22Z
2026-06-27T21:06:46Z,2026-06-27T23:06:46+0200,44400f30-2862-403b-aedb-c9bc80837e62,2026-06-26T16:15:00Z,2026-06-26T18:15:00+0200,1657.01431,MW,DE,DE_LU,actual_onshore_wind_generation,Wind Onshore,2026-06-27T21:08:22Z
2026-06-27T21:06:46Z,2026-06-27T23:06:46+0200,44400f30-2862-403b-aedb-c9bc80837e62,2026-06-26T16:30:00Z,2026-06-26T18:30:00+0200,1684.41804,MW,DE,DE_LU,actual_onshore_wind_generation,Wind Onshore,2026-06-27T21:08:22Z
2026-06-27T21:06:46Z,2026-06-27T23:06:46+0200,44400f30-2862-403b-aedb-c9bc80837e62,2026-06-26T16:45:00Z,2026-06-26T18:45:00+0200,1781.43735,MW,DE,DE_LU,actual_onshore_wind_generation,Wind Onshore,2026-06-27T21:08:22Z
2026-06-27T21:06:46Z,2026-06-27T23:06:46+0200,44400f30-2862-403b-aedb-c9bc80837e62,2026-06-26T17:00:00Z,2026-06-26T19:00:00+0200,1923.35223,MW,DE,DE_LU,actual_onshore_wind_generation,Wind Onshore,2026-06-27T21:08:22Z
2026-06-27T21:06:46Z,2026-06-27T23:06:46+0200,44400f30-2862-403b-aedb-c9bc80837e62,2026-06-26T17:15:00Z,2026-06-26T19:15:00+0200,2067.73263,MW,DE,DE_LU,actual_onshore_wind_generation,Wind Onshore,2026-06-27T21:08:22Z
2026-06-27T21:06:46Z,2026-06-27T23:06:46+0200,44400f30-2862-403b-aedb-c9bc80837e62,2026-06-26T17:30:00Z,2026-06-26T19:30:00+0200,2296.10455,MW,DE,DE_LU,actual_onshore_wind_generation,Wind Onshore,2026-06-27T21:08:22Z
2026-06-27T21:06:46Z,2026-06-27T23:06:46+0200,44400f30-2862-403b-aedb-c9bc80837e62,2026-06-26T17:45:00Z,2026-06-26T19:45:00+0200,2618.94396,MW,DE,DE_LU,actual_onshore_wind_generation,Wind Onshore,2026-06-27T21:08:22Z
2026-06-27T21:06:46Z,2026-06-27T23:06:46+0200,44400f30-2862-403b-aedb-c9bc80837e62,2026-06-26T18:00:00Z,2026-06-26T20:00:00+0200,3097.43032,MW,DE,DE_LU,actual_onshore_wind_generation,Wind Onshore,2026-06-27T21:08:22Z
2026-06-27T21:06:46Z,2026-06-27T23:06:46+0200,44400f30-2862-403b-aedb-c9bc80837e62,2026-06-26T18:15:00Z,2026-06-26T20:15:00+0200,3584.37034,MW,DE,DE_LU,actual_onshore_wind_generation,Wind Onshore,2026-06-27T21:08:22Z
2026-06-27T21:06:46Z,2026-06-27T23:06:46+0200,44400f30-2862-403b-aedb-c9bc80837e62,2026-06-26T18:30:00Z,2026-06-26T20:30:00+0200,3998.83094,MW,DE,DE_LU,actual_onshore_wind_generation,Wind Onshore,2026-06-27T21:08:22Z
2026-06-27T21:06:46Z,2026-06-27T23:06:46+0200,44400f30-2862-403b-aedb-c9bc80837e62,2026-06-26T18:45:00Z,2026-06-26T20:45:00+0200,4514.42404,MW,DE,DE_LU,actual_onshore_wind_generation,Wind Onshore,2026-06-27T21:08:22Z
2026-06-27T21:06:46Z,2026-06-27T23:06:46+0200,44400f30-2862-403b-aedb-c9bc80837e62,2026-06-26T19:00:00Z,2026-06-26T21:00:00+0200,5203.76172,MW,DE,DE_LU,actual_onshore_wind_generation,Wind Onshore,2026-06-27T21:08:22Z
2026-06-27T21:06:46Z,2026-06-27T23:06:46+0200,44400f30-2862-403b-aedb-c9bc80837e62,2026-06-26T19:15:00Z,2026-06-26T21:15:00+0200,6152.79831,MW,DE,DE_LU,actual_onshore_wind_generation,Wind Onshore,2026-06-27T21:08:22Z
2026-06-27T21:06:46Z,2026-06-27T23:06:46+0200,44400f30-2862-403b-aedb-c9bc80837e62,2026-06-26T19:30:00Z,2026-06-26T21:30:00+0200,7183.54363,MW,DE,DE_LU,actual_onshore_wind_generation,Wind Onshore,2026-06-27T21:08:22Z
2026-06-27T21:06:46Z,2026-06-27T23:06:46+0200,44400f30-2862-403b-aedb-c9bc80837e62,2026-06-26T19:45:00Z,2026-06-26T21:45:00+0200,7902.18172,MW,DE,DE_LU,actual_onshore_wind_generation,Wind Onshore,2026-06-27T21:08:22Z
2026-06-27T21:06:46Z,2026-06-27T23:06:46+0200,44400f30-2862-403b-aedb-c9bc80837e62,2026-06-26T20:00:00Z,2026-06-26T22:00:00+0200,8643.64335,MW,DE,DE_LU,actual_onshore_wind_generation,Wind Onshore,2026-06-27T21:08:22Z
2026-06-27T21:06:46Z,2026-06-27T23:06:46+0200,44400f30-2862-403b-aedb-c9bc80837e62,2026-06-26T20:15:00Z,2026-06-26T22:15:00+0200,9568.22161,MW,DE,DE_LU,actual_onshore_wind_generation,Wind Onshore,2026-06-27T21:08:22Z
2026-06-27T21:06:46Z,2026-06-27T23:06:46+0200,44400f30-2862-403b-aedb-c9bc80837e62,2026-06-26T20:30:00Z,2026-06-26T22:30:00+0200,10271.63768,MW,DE,DE_LU,actual_onshore_wind_generation,Wind Onshore,2026-06-27T21:08:22Z
2026-06-27T21:06:46Z,2026-06-27T23:06:46+0200,44400f30-2862-403b-aedb-c9bc80837e62,2026-06-26T20:45:00Z,2026-06-26T22:45:00+0200,10859.16443,MW,DE,DE_LU,actual_onshore_wind_generation,Wind Onshore,2026-06-27T21:08:22Z
2026-06-27T21:06:46Z,2026-06-27T23:06:46+0200,44400f30-2862-403b-aedb-c9bc80837e62,2026-06-26T21:00:00Z,2026-06-26T23:00:00+0200,11292.17518,MW,DE,DE_LU,actual_onshore_wind_generation,Wind Onshore,2026-06-27T21:08:22Z
2026-06-27T21:06:46Z,2026-06-27T23:06:46+0200,44400f30-2862-403b-aedb-c9bc80837e62,2026-06-26T21:15:00Z,2026-06-26T23:15:00+0200,11643.92294,MW,DE,DE_LU,actual_onshore_wind_generation,Wind Onshore,2026-06-27T21:08:22Z
2026-06-27T21:06:46Z,2026-06-27T23:06:46+0200,44400f30-2862-403b-aedb-c9bc80837e62,2026-06-26T21:30:00Z,2026-06-26T23:30:00+0200,11975.85101,MW,DE,DE_LU,actual_onshore_wind_generation,Wind Onshore,2026-06-27T21:08:22Z
2026-06-27T21:06:46Z,2026-06-27T23:06:46+0200,44400f30-2862-403b-aedb-c9bc80837e62,2026-06-26T21:45:00Z,2026-06-26T23:45:00+0200,12158.10607,MW,DE,DE_LU,actual_onshore_wind_generation,Wind Onshore,2026-06-27T21:08:22Z
2026-06-27T21:06:46Z,2026-06-27T23:06:46+0200,44400f30-2862-403b-aedb-c9bc80837e62,2026-06-26T22:00:00Z,2026-06-27T00:00:00+0200,12184.72994,MW,DE,DE_LU,actual_onshore_wind_generation,Wind Onshore,2026-06-27T21:08:22Z
2026-06-27T21:06:46Z,2026-06-27T23:06:46+0200,44400f30-2862-403b-aedb-c9bc80837e62,2026-06-26T22:15:00Z,2026-06-27T00:15:00+0200,12332.35924,MW,DE,DE_LU,actual_onshore_wind_generation,Wind Onshore,2026-06-27T21:08:22Z
2026-06-27T21:06:46Z,2026-06-27T23:06:46+0200,44400f30-2862-403b-aedb-c9bc80837e62,2026-06-26T22:30:00Z,2026-06-27T00:30:00+0200,12441.67446,MW,DE,DE_LU,actual_onshore_wind_generation,Wind Onshore,2026-06-27T21:08:22Z
2026-06-27T21:06:46Z,2026-06-27T23:06:46+0200,44400f30-2862-403b-aedb-c9bc80837e62,2026-06-26T22:45:00Z,2026-06-27T00:45:00+0200,12521.78853,MW,DE,DE_LU,actual_onshore_wind_generation,Wind Onshore,2026-06-27T21:08:22Z
2026-06-27T21:06:46Z,2026-06-27T23:06:46+0200,44400f30-2862-403b-aedb-c9bc80837e62,2026-06-26T23:00:00Z,2026-06-27T01:00:00+0200,12196.76939,MW,DE,DE_LU,actual_onshore_wind_generation,Wind Onshore,2026-06-27T21:08:22Z
2026-06-27T21:06:46Z,2026-06-27T23:06:46+0200,44400f30-2862-403b-aedb-c9bc80837e62,2026-06-26T23:15:00Z,2026-06-27T01:15:00+0200,11813.22271,MW,DE,DE_LU,actual_onshore_wind_generation,Wind Onshore,2026-06-27T21:08:22Z
2026-06-27T21:06:46Z,2026-06-27T23:06:46+0200,44400f30-2862-403b-aedb-c9bc80837e62,2026-06-26T23:30:00Z,2026-06-27T01:30:00+0200,11596.79204,MW,DE,DE_LU,actual_onshore_wind_generation,Wind Onshore,2026-06-27T21:08:22Z
2026-06-27T21:06:46Z,2026-06-27T23:06:46+0200,44400f30-2862-403b-aedb-c9bc80837e62,2026-06-26T23:45:00Z,2026-06-27T01:45:00+0200,11330.04804,MW,DE,DE_LU,actual_onshore_wind_generation,Wind Onshore,2026-06-27T21:08:22Z
2026-06-27T21:06:46Z,2026-06-27T23:06:46+0200,44400f30-2862-403b-aedb-c9bc80837e62,2026-06-27T00:00:00Z,2026-06-27T02:00:00+0200,10893.08133,MW,DE,DE_LU,actual_onshore_wind_generation,Wind Onshore,2026-06-27T21:08:22Z
2026-06-27T21:06:46Z,2026-06-27T23:06:46+0200,44400f30-2862-403b-aedb-c9bc80837e62,2026-06-27T00:15:00Z,2026-06-27T02:15:00+0200,10510.49514,MW,DE,DE_LU,actual_onshore_wind_generation,Wind Onshore,2026-06-27T21:08:22Z
2026-06-27T21:06:46Z,2026-06-27T23:06:46+0200,44400f30-2862-403b-aedb-c9bc80837e62,2026-06-27T00:30:00Z,2026-06-27T02:30:00+0200,10132.6513,MW,DE,DE_LU,actual_onshore_wind_generation,Wind Onshore,2026-06-27T21:08:22Z
2026-06-27T21:06:46Z,2026-06-27T23:06:46+0200,44400f30-2862-403b-aedb-c9bc80837e62,2026-06-27T00:45:00Z,2026-06-27T02:45:00+0200,9822.78985,MW,DE,DE_LU,actual_onshore_wind_generation,Wind Onshore,2026-06-27T21:08:22Z
2026-06-27T21:06:46Z,2026-06-27T23:06:46+0200,44400f30-2862-403b-aedb-c9bc80837e62,2026-06-27T01:00:00Z,2026-06-27T03:00:00+0200,9470.6054,MW,DE,DE_LU,actual_onshore_wind_generation,Wind Onshore,2026-06-27T21:08:22Z
2026-06-27T21:06:46Z,2026-06-27T23:06:46+0200,44400f30-2862-403b-aedb-c9bc80837e62,2026-06-27T01:15:00Z,2026-06-27T03:15:00+0200,9092.21511,MW,DE,DE_LU,actual_onshore_wind_generation,Wind Onshore,2026-06-27T21:08:22Z
2026-06-27T21:06:46Z,2026-06-27T23:06:46+0200,44400f30-2862-403b-aedb-c9bc80837e62,2026-06-27T01:30:00Z,2026-06-27T03:30:00+0200,8631.88836,MW,DE,DE_LU,actual_onshore_wind_generation,Wind Onshore,2026-06-27T21:08:22Z
2026-06-27T21:06:46Z,2026-06-27T23:06:46+0200,44400f30-2862-403b-aedb-c9bc80837e62,2026-06-27T01:45:00Z,2026-06-27T03:45:00+0200,8277.11901,MW,DE,DE_LU,actual_onshore_wind_generation,Wind Onshore,2026-06-27T21:08:22Z
2026-06-27T21:06:46Z,2026-06-27T23:06:46+0200,44400f30-2862-403b-aedb-c9bc80837e62,2026-06-27T02:00:00Z,2026-06-27T04:00:00+0200,7973.89145,MW,DE,DE_LU,actual_onshore_wind_generation,Wind Onshore,2026-06-27T21:08:22Z
2026-06-27T21:06:46Z,2026-06-27T23:06:46+0200,44400f30-2862-403b-aedb-c9bc80837e62,2026-06-27T02:15:00Z,2026-06-27T04:15:00+0200,7660.48394,MW,DE,DE_LU,actual_onshore_wind_generation,Wind Onshore,2026-06-27T21:08:22Z
2026-06-27T21:06:46Z,2026-06-27T23:06:46+0200,44400f30-2862-403b-aedb-c9bc80837e62,2026-06-27T02:30:00Z,2026-06-27T04:30:00+0200,7385.98351,MW,DE,DE_LU,actual_onshore_wind_generation,Wind Onshore,2026-06-27T21:08:22Z
2026-06-27T21:06:46Z,2026-06-27T23:06:46+0200,44400f30-2862-403b-aedb-c9bc80837e62,2026-06-27T02:45:00Z,2026-06-27T04:45:00+0200,7087.36891,MW,DE,DE_LU,actual_onshore_wind_generation,Wind Onshore,2026-06-27T21:08:22Z
2026-06-27T21:06:46Z,2026-06-27T23:06:46+0200,44400f30-2862-403b-aedb-c9bc80837e62,2026-06-27T03:00:00Z,2026-06-27T05:00:00+0200,6861.03792,MW,DE,DE_LU,actual_onshore_wind_generation,Wind Onshore,2026-06-27T21:08:22Z
2026-06-27T21:06:46Z,2026-06-27T23:06:46+0200,44400f30-2862-403b-aedb-c9bc80837e62,2026-06-27T03:15:00Z,2026-06-27T05:15:00+0200,6623.07206,MW,DE,DE_LU,actual_onshore_wind_generation,Wind Onshore,2026-06-27T21:08:22Z
2026-06-27T21:06:46Z,2026-06-27T23:06:46+0200,44400f30-2862-403b-aedb-c9bc80837e62,2026-06-27T03:30:00Z,2026-06-27T05:30:00+0200,6259.29616,MW,DE,DE_LU,actual_onshore_wind_generation,Wind Onshore,2026-06-27T21:08:22Z
2026-06-27T21:06:46Z,2026-06-27T23:06:46+0200,44400f30-2862-403b-aedb-c9bc80837e62,2026-06-27T03:45:00Z,2026-06-27T05:45:00+0200,5955.603,MW,DE,DE_LU,actual_onshore_wind_generation,Wind Onshore,2026-06-27T21:08:22Z
2026-06-27T21:06:46Z,2026-06-27T23:06:46+0200,44400f30-2862-403b-aedb-c9bc80837e62,2026-06-27T04:00:00Z,2026-06-27T06:00:00+0200,5719.79356,MW,DE,DE_LU,actual_onshore_wind_generation,Wind Onshore,2026-06-27T21:08:22Z
2026-06-27T21:06:46Z,2026-06-27T23:06:46+0200,44400f30-2862-403b-aedb-c9bc80837e62,2026-06-27T04:15:00Z,2026-06-27T06:15:00+0200,5410.95387,MW,DE,DE_LU,actual_onshore_wind_generation,Wind Onshore,2026-06-27T21:08:22Z
2026-06-27T21:06:46Z,2026-06-27T23:06:46+0200,44400f30-2862-403b-aedb-c9bc80837e62,2026-06-27T04:30:00Z,2026-06-27T06:30:00+0200,5042.8957,MW,DE,DE_LU,actual_onshore_wind_generation,Wind Onshore,2026-06-27T21:08:22Z
2026-06-27T21:06:46Z,2026-06-27T23:06:46+0200,44400f30-2862-403b-aedb-c9bc80837e62,2026-06-27T04:45:00Z,2026-06-27T06:45:00+0200,4645.73482,MW,DE,DE_LU,actual_onshore_wind_generation,Wind Onshore,2026-06-27T21:08:22Z
2026-06-27T21:06:46Z,2026-06-27T23:06:46+0200,44400f30-2862-403b-aedb-c9bc80837e62,2026-06-27T05:00:00Z,2026-06-27T07:00:00+0200,4159.33234,MW,DE,DE_LU,actual_onshore_wind_generation,Wind Onshore,2026-06-27T21:08:22Z
2026-06-27T21:06:46Z,2026-06-27T23:06:46+0200,44400f30-2862-403b-aedb-c9bc80837e62,2026-06-27T05:15:00Z,2026-06-27T07:15:00+0200,3650.11326,MW,DE,DE_LU,actual_onshore_wind_generation,Wind Onshore,2026-06-27T21:08:22Z
2026-06-27T21:06:46Z,2026-06-27T23:06:46+0200,44400f30-2862-403b-aedb-c9bc80837e62,2026-06-27T05:30:00Z,2026-06-27T07:30:00+0200,3170.01224,MW,DE,DE_LU,actual_onshore_wind_generation,Wind Onshore,2026-06-27T21:08:22Z
2026-06-27T21:06:46Z,2026-06-27T23:06:46+0200,44400f30-2862-403b-aedb-c9bc80837e62,2026-06-27T05:45:00Z,2026-06-27T07:45:00+0200,2711.15732,MW,DE,DE_LU,actual_onshore_wind_generation,Wind Onshore,2026-06-27T21:08:22Z
2026-06-27T21:06:46Z,2026-06-27T23:06:46+0200,44400f30-2862-403b-aedb-c9bc80837e62,2026-06-27T06:00:00Z,2026-06-27T08:00:00+0200,2231.7155,MW,DE,DE_LU,actual_onshore_wind_generation,Wind Onshore,2026-06-27T21:08:22Z
2026-06-27T21:06:46Z,2026-06-27T23:06:46+0200,44400f30-2862-403b-aedb-c9bc80837e62,2026-06-27T06:15:00Z,2026-06-27T08:15:00+0200,1752.09996,MW,DE,DE_LU,actual_onshore_wind_generation,Wind Onshore,2026-06-27T21:08:22Z
2026-06-27T21:06:46Z,2026-06-27T23:06:46+0200,44400f30-2862-403b-aedb-c9bc80837e62,2026-06-27T06:30:00Z,2026-06-27T08:30:00+0200,1325.63661,MW,DE,DE_LU,actual_onshore_wind_generation,Wind Onshore,2026-06-27T21:08:22Z
2026-06-27T21:06:46Z,2026-06-27T23:06:46+0200,44400f30-2862-403b-aedb-c9bc80837e62,2026-06-27T06:45:00Z,2026-06-27T08:45:00+0200,1000.83925,MW,DE,DE_LU,actual_onshore_wind_generation,Wind Onshore,2026-06-27T21:08:22Z
2026-06-27T21:06:46Z,2026-06-27T23:06:46+0200,44400f30-2862-403b-aedb-c9bc80837e62,2026-06-27T07:00:00Z,2026-06-27T09:00:00+0200,788.67586,MW,DE,DE_LU,actual_onshore_wind_generation,Wind Onshore,2026-06-27T21:08:22Z
2026-06-27T21:06:46Z,2026-06-27T23:06:46+0200,44400f30-2862-403b-aedb-c9bc80837e62,2026-06-27T07:15:00Z,2026-06-27T09:15:00+0200,637.84961,MW,DE,DE_LU,actual_onshore_wind_generation,Wind Onshore,2026-06-27T21:08:22Z
2026-06-27T21:06:46Z,2026-06-27T23:06:46+0200,44400f30-2862-403b-aedb-c9bc80837e62,2026-06-27T07:30:00Z,2026-06-27T09:30:00+0200,505.40481,MW,DE,DE_LU,actual_onshore_wind_generation,Wind Onshore,2026-06-27T21:08:22Z
2026-06-27T21:06:46Z,2026-06-27T23:06:46+0200,44400f30-2862-403b-aedb-c9bc80837e62,2026-06-27T07:45:00Z,2026-06-27T09:45:00+0200,422.29447,MW,DE,DE_LU,actual_onshore_wind_generation,Wind Onshore,2026-06-27T21:08:22Z
2026-06-27T21:06:46Z,2026-06-27T23:06:46+0200,44400f30-2862-403b-aedb-c9bc80837e62,2026-06-27T08:00:00Z,2026-06-27T10:00:00+0200,388.42467,MW,DE,DE_LU,actual_onshore_wind_generation,Wind Onshore,2026-06-27T21:08:22Z
2026-06-27T21:06:46Z,2026-06-27T23:06:46+0200,44400f30-2862-403b-aedb-c9bc80837e62,2026-06-27T08:15:00Z,2026-06-27T10:15:00+0200,396.33173,MW,DE,DE_LU,actual_onshore_wind_generation,Wind Onshore,2026-06-27T21:08:22Z
2026-06-27T21:06:46Z,2026-06-27T23:06:46+0200,44400f30-2862-403b-aedb-c9bc80837e62,2026-06-27T08:30:00Z,2026-06-27T10:30:00+0200,387.40477,MW,DE,DE_LU,actual_onshore_wind_generation,Wind Onshore,2026-06-27T21:08:22Z
2026-06-27T21:06:46Z,2026-06-27T23:06:46+0200,44400f30-2862-403b-aedb-c9bc80837e62,2026-06-27T08:45:00Z,2026-06-27T10:45:00+0200,402.06837,MW,DE,DE_LU,actual_onshore_wind_generation,Wind Onshore,2026-06-27T21:08:22Z
2026-06-27T21:06:46Z,2026-06-27T23:06:46+0200,44400f30-2862-403b-aedb-c9bc80837e62,2026-06-27T09:00:00Z,2026-06-27T11:00:00+0200,432.15774,MW,DE,DE_LU,actual_onshore_wind_generation,Wind Onshore,2026-06-27T21:08:22Z
2026-06-27T21:06:46Z,2026-06-27T23:06:46+0200,44400f30-2862-403b-aedb-c9bc80837e62,2026-06-27T09:15:00Z,2026-06-27T11:15:00+0200,497.50943,MW,DE,DE_LU,actual_onshore_wind_generation,Wind Onshore,2026-06-27T21:08:22Z
2026-06-27T21:06:46Z,2026-06-27T23:06:46+0200,44400f30-2862-403b-aedb-c9bc80837e62,2026-06-27T09:30:00Z,2026-06-27T11:30:00+0200,574.48042,MW,DE,DE_LU,actual_onshore_wind_generation,Wind Onshore,2026-06-27T21:08:22Z
2026-06-27T21:06:46Z,2026-06-27T23:06:46+0200,44400f30-2862-403b-aedb-c9bc80837e62,2026-06-27T09:45:00Z,2026-06-27T11:45:00+0200,675.91129,MW,DE,DE_LU,actual_onshore_wind_generation,Wind Onshore,2026-06-27T21:08:22Z
2026-06-27T21:06:46Z,2026-06-27T23:06:46+0200,44400f30-2862-403b-aedb-c9bc80837e62,2026-06-27T10:00:00Z,2026-06-27T12:00:00+0200,814.07328,MW,DE,DE_LU,actual_onshore_wind_generation,Wind Onshore,2026-06-27T21:08:22Z
2026-06-27T21:06:46Z,2026-06-27T23:06:46+0200,44400f30-2862-403b-aedb-c9bc80837e62,2026-06-27T10:15:00Z,2026-06-27T12:15:00+0200,907.65525,MW,DE,DE_LU,actual_onshore_wind_generation,Wind Onshore,2026-06-27T21:08:22Z
2026-06-27T21:06:46Z,2026-06-27T23:06:46+0200,44400f30-2862-403b-aedb-c9bc80837e62,2026-06-27T10:30:00Z,2026-06-27T12:30:00+0200,965.46079,MW,DE,DE_LU,actual_onshore_wind_generation,Wind Onshore,2026-06-27T21:08:22Z
2026-06-27T21:06:46Z,2026-06-27T23:06:46+0200,44400f30-2862-403b-aedb-c9bc80837e62,2026-06-27T10:45:00Z,2026-06-27T12:45:00+0200,1029.72059,MW,DE,DE_LU,actual_onshore_wind_generation,Wind Onshore,2026-06-27T21:08:22Z
2026-06-27T21:06:46Z,2026-06-27T23:06:46+0200,44400f30-2862-403b-aedb-c9bc80837e62,2026-06-27T11:00:00Z,2026-06-27T13:00:00+0200,1059.30074,MW,DE,DE_LU,actual_onshore_wind_generation,Wind Onshore,2026-06-27T21:08:22Z
2026-06-27T21:06:46Z,2026-06-27T23:06:46+0200,44400f30-2862-403b-aedb-c9bc80837e62,2026-06-27T11:15:00Z,2026-06-27T13:15:00+0200,1144.54982,MW,DE,DE_LU,actual_onshore_wind_generation,Wind Onshore,2026-06-27T21:08:22Z
2026-06-27T21:06:46Z,2026-06-27T23:06:46+0200,44400f30-2862-403b-aedb-c9bc80837e62,2026-06-27T11:30:00Z,2026-06-27T13:30:00+0200,1350.20962,MW,DE,DE_LU,actual_onshore_wind_generation,Wind Onshore,2026-06-27T21:08:22Z
2026-06-27T21:06:46Z,2026-06-27T23:06:46+0200,44400f30-2862-403b-aedb-c9bc80837e62,2026-06-27T11:45:00Z,2026-06-27T13:45:00+0200,2683.54211,MW,DE,DE_LU,actual_onshore_wind_generation,Wind Onshore,2026-06-27T21:08:22Z
2026-06-27T21:06:46Z,2026-06-27T23:06:46+0200,44400f30-2862-403b-aedb-c9bc80837e62,2026-06-27T12:00:00Z,2026-06-27T14:00:00+0200,3596.6229,MW,DE,DE_LU,actual_onshore_wind_generation,Wind Onshore,2026-06-27T21:08:22Z
2026-06-27T21:06:46Z,2026-06-27T23:06:46+0200,44400f30-2862-403b-aedb-c9bc80837e62,2026-06-27T12:15:00Z,2026-06-27T14:15:00+0200,3796.25539,MW,DE,DE_LU,actual_onshore_wind_generation,Wind Onshore,2026-06-27T21:08:22Z
2026-06-27T21:06:46Z,2026-06-27T23:06:46+0200,44400f30-2862-403b-aedb-c9bc80837e62,2026-06-27T12:30:00Z,2026-06-27T14:30:00+0200,3964.38801,MW,DE,DE_LU,actual_onshore_wind_generation,Wind Onshore,2026-06-27T21:08:22Z
2026-06-27T21:06:46Z,2026-06-27T23:06:46+0200,44400f30-2862-403b-aedb-c9bc80837e62,2026-06-27T12:45:00Z,2026-06-27T14:45:00+0200,3491.85047,MW,DE,DE_LU,actual_onshore_wind_generation,Wind Onshore,2026-06-27T21:08:22Z
2026-06-27T21:06:46Z,2026-06-27T23:06:46+0200,44400f30-2862-403b-aedb-c9bc80837e62,2026-06-27T13:00:00Z,2026-06-27T15:00:00+0200,3485.60549,MW,DE,DE_LU,actual_onshore_wind_generation,Wind Onshore,2026-06-27T21:08:22Z
2026-06-27T21:06:46Z,2026-06-27T23:06:46+0200,44400f30-2862-403b-aedb-c9bc80837e62,2026-06-27T13:15:00Z,2026-06-27T15:15:00+0200,3615.36215,MW,DE,DE_LU,actual_onshore_wind_generation,Wind Onshore,2026-06-27T21:08:22Z
2026-06-27T21:06:46Z,2026-06-27T23:06:46+0200,44400f30-2862-403b-aedb-c9bc80837e62,2026-06-27T13:30:00Z,2026-06-27T15:30:00+0200,3383.33435,MW,DE,DE_LU,actual_onshore_wind_generation,Wind Onshore,2026-06-27T21:08:22Z
2026-06-27T21:06:46Z,2026-06-27T23:06:46+0200,44400f30-2862-403b-aedb-c9bc80837e62,2026-06-27T13:45:00Z,2026-06-27T15:45:00+0200,2782.73171,MW,DE,DE_LU,actual_onshore_wind_generation,Wind Onshore,2026-06-27T21:08:22Z
2026-06-27T21:06:46Z,2026-06-27T23:06:46+0200,44400f30-2862-403b-aedb-c9bc80837e62,2026-06-27T14:00:00Z,2026-06-27T16:00:00+0200,2589.1526,MW,DE,DE_LU,actual_onshore_wind_generation,Wind Onshore,2026-06-27T21:08:22Z
2026-06-27T21:06:46Z,2026-06-27T23:06:46+0200,44400f30-2862-403b-aedb-c9bc80837e62,2026-06-27T14:15:00Z,2026-06-27T16:15:00+0200,2555.30685,MW,DE,DE_LU,actual_onshore_wind_generation,Wind Onshore,2026-06-27T21:08:22Z
2026-06-27T21:06:46Z,2026-06-27T23:06:46+0200,44400f30-2862-403b-aedb-c9bc80837e62,2026-06-27T14:30:00Z,2026-06-27T16:30:00+0200,2514.70448,MW,DE,DE_LU,actual_onshore_wind_generation,Wind Onshore,2026-06-27T21:08:22Z
2026-06-27T21:06:46Z,2026-06-27T23:06:46+0200,44400f30-2862-403b-aedb-c9bc80837e62,2026-06-27T14:45:00Z,2026-06-27T16:45:00+0200,2520.97169,MW,DE,DE_LU,actual_onshore_wind_generation,Wind Onshore,2026-06-27T21:08:22Z
2026-06-27T21:06:46Z,2026-06-27T23:06:46+0200,44400f30-2862-403b-aedb-c9bc80837e62,2026-06-27T15:00:00Z,2026-06-27T17:00:00+0200,2744.40946,MW,DE,DE_LU,actual_onshore_wind_generation,Wind Onshore,2026-06-27T21:08:22Z
2026-06-27T21:06:46Z,2026-06-27T23:06:46+0200,44400f30-2862-403b-aedb-c9bc80837e62,2026-06-27T15:15:00Z,2026-06-27T17:15:00+0200,2868.85773,MW,DE,DE_LU,actual_onshore_wind_generation,Wind Onshore,2026-06-27T21:08:22Z
2026-06-27T21:06:46Z,2026-06-27T23:06:46+0200,44400f30-2862-403b-aedb-c9bc80837e62,2026-06-27T15:30:00Z,2026-06-27T17:30:00+0200,2900.08964,MW,DE,DE_LU,actual_onshore_wind_generation,Wind Onshore,2026-06-27T21:08:22Z
2026-06-27T21:06:46Z,2026-06-27T23:06:46+0200,44400f30-2862-403b-aedb-c9bc80837e62,2026-06-27T15:45:00Z,2026-06-27T17:45:00+0200,2862.05802,MW,DE,DE_LU,actual_onshore_wind_generation,Wind Onshore,2026-06-27T21:08:22Z
2026-06-27T21:06:46Z,2026-06-27T23:06:46+0200,44400f30-2862-403b-aedb-c9bc80837e62,2026-06-27T16:00:00Z,2026-06-27T18:00:00+0200,2786.93988,MW,DE,DE_LU,actual_onshore_wind_generation,Wind Onshore,2026-06-27T21:08:22Z
2026-06-27T21:06:46Z,2026-06-27T23:06:46+0200,44400f30-2862-403b-aedb-c9bc80837e62,2026-06-27T16:15:00Z,2026-06-27T18:15:00+0200,2807.0251,MW,DE,DE_LU,actual_onshore_wind_generation,Wind Onshore,2026-06-27T21:08:22Z
2026-06-27T21:06:46Z,2026-06-27T23:06:46+0200,44400f30-2862-403b-aedb-c9bc80837e62,2026-06-27T16:30:00Z,2026-06-27T18:30:00+0200,2615.95396,MW,DE,DE_LU,actual_onshore_wind_generation,Wind Onshore,2026-06-27T21:08:22Z
2026-06-27T21:06:46Z,2026-06-27T23:06:46+0200,44400f30-2862-403b-aedb-c9bc80837e62,2026-06-27T16:45:00Z,2026-06-27T18:45:00+0200,2776.94546,MW,DE,DE_LU,actual_onshore_wind_generation,Wind Onshore,2026-06-27T21:08:22Z
2026-06-27T21:06:46Z,2026-06-27T23:06:46+0200,44400f30-2862-403b-aedb-c9bc80837e62,2026-06-27T17:00:00Z,2026-06-27T19:00:00+0200,3038.71947,MW,DE,DE_LU,actual_onshore_wind_generation,Wind Onshore,2026-06-27T21:08:22Z
2026-06-27T21:06:46Z,2026-06-27T23:06:46+0200,44400f30-2862-403b-aedb-c9bc80837e62,2026-06-27T17:15:00Z,2026-06-27T19:15:00+0200,3472.67668,MW,DE,DE_LU,actual_onshore_wind_generation,Wind Onshore,2026-06-27T21:08:22Z
2026-06-27T21:06:46Z,2026-06-27T23:06:46+0200,44400f30-2862-403b-aedb-c9bc80837e62,2026-06-27T17:30:00Z,2026-06-27T19:30:00+0200,3839.60676,MW,DE,DE_LU,actual_onshore_wind_generation,Wind Onshore,2026-06-27T21:08:22Z
2026-06-27T21:06:46Z,2026-06-27T23:06:46+0200,44400f30-2862-403b-aedb-c9bc80837e62,2026-06-27T17:45:00Z,2026-06-27T19:45:00+0200,4480.2123,MW,DE,DE_LU,actual_onshore_wind_generation,Wind Onshore,2026-06-27T21:08:22Z
2026-06-27T21:06:46Z,2026-06-27T23:06:46+0200,44400f30-2862-403b-aedb-c9bc80837e62,2026-06-27T18:00:00Z,2026-06-27T20:00:00+0200,5008.27836,MW,DE,DE_LU,actual_onshore_wind_generation,Wind Onshore,2026-06-27T21:08:22Z
2026-06-27T21:06:46Z,2026-06-27T23:06:46+0200,44400f30-2862-403b-aedb-c9bc80837e62,2026-06-27T18:15:00Z,2026-06-27T20:15:00+0200,5779.32061,MW,DE,DE_LU,actual_onshore_wind_generation,Wind Onshore,2026-06-27T21:08:22Z
2026-06-27T21:06:46Z,2026-06-27T23:06:46+0200,44400f30-2862-403b-aedb-c9bc80837e62,2026-06-27T18:30:00Z,2026-06-27T20:30:00+0200,6698.90336,MW,DE,DE_LU,actual_onshore_wind_generation,Wind Onshore,2026-06-27T21:08:22Z
2026-06-27T21:06:46Z,2026-06-27T23:06:46+0200,44400f30-2862-403b-aedb-c9bc80837e62,2026-06-27T18:45:00Z,2026-06-27T20:45:00+0200,7166.3998,MW,DE,DE_LU,actual_onshore_wind_generation,Wind Onshore,2026-06-27T21:08:22Z
2026-06-27T21:06:46Z,2026-06-27T23:06:46+0200,44400f30-2862-403b-aedb-c9bc80837e62,2026-06-27T19:00:00Z,2026-06-27T21:00:00+0200,7286.1677,MW,DE,DE_LU,actual_onshore_wind_generation,Wind Onshore,2026-06-27T21:08:22Z
2026-06-27T21:06:46Z,2026-06-27T23:06:46+0200,44400f30-2862-403b-aedb-c9bc80837e62,2026-06-27T19:15:00Z,2026-06-27T21:15:00+0200,7577.5209,MW,DE,DE_LU,actual_onshore_wind_generation,Wind Onshore,2026-06-27T21:08:22Z
2026-06-27T21:06:46Z,2026-06-27T23:06:46+0200,44400f30-2862-403b-aedb-c9bc80837e62,2026-06-27T19:30:00Z,2026-06-27T21:30:00+0200,7577.62233,MW,DE,DE_LU,actual_onshore_wind_generation,Wind Onshore,2026-06-27T21:08:22Z
2026-06-27T21:06:46Z,2026-06-27T23:06:46+0200,44400f30-2862-403b-aedb-c9bc80837e62,2026-06-27T19:45:00Z,2026-06-27T21:45:00+0200,7815.86226,MW,DE,DE_LU,actual_onshore_wind_generation,Wind Onshore,2026-06-27T21:08:22Z
2026-06-27T21:06:46Z,2026-06-27T23:06:46+0200,44400f30-2862-403b-aedb-c9bc80837e62,2026-06-27T20:00:00Z,2026-06-27T22:00:00+0200,8328.39898,MW,DE,DE_LU,actual_onshore_wind_generation,Wind Onshore,2026-06-27T21:08:22Z
2026-06-27T21:06:46Z,2026-06-27T23:06:46+0200,44400f30-2862-403b-aedb-c9bc80837e62,2026-06-27T20:15:00Z,2026-06-27T22:15:00+0200,9036.87107,MW,DE,DE_LU,actual_onshore_wind_generation,Wind Onshore,2026-06-27T21:08:22Z
2026-06-27T21:06:46Z,2026-06-27T23:06:46+0200,44400f30-2862-403b-aedb-c9bc80837e62,2026-06-27T20:30:00Z,2026-06-27T22:30:00+0200,10013.95621,MW,DE,DE_LU,actual_onshore_wind_generation,Wind Onshore,2026-06-27T21:08:22Z
