collection_time_utc,collection_time_local,run_id,timestamp_utc,timestamp_local,value,unit,country,entsoe_area,variable,source,updated_at_utc
2026-07-26T12:59:54Z,2026-07-26T14:59:54+0200,adf59793-da45-49b4-9a92-f95cd560cccb,2026-06-25T13:15:00Z,2026-06-25T15:15:00+0200,59670.39362,MW,DE,DE_LU,actual_load,Actual Load,2026-07-26T13:03:42Z
2026-07-26T12:59:54Z,2026-07-26T14:59:54+0200,adf59793-da45-49b4-9a92-f95cd560cccb,2026-06-25T13:30:00Z,2026-06-25T15:30:00+0200,59137.51859,MW,DE,DE_LU,actual_load,Actual Load,2026-07-26T13:03:42Z
2026-07-26T12:59:54Z,2026-07-26T14:59:54+0200,adf59793-da45-49b4-9a92-f95cd560cccb,2026-06-25T13:45:00Z,2026-06-25T15:45:00+0200,59142.23607,MW,DE,DE_LU,actual_load,Actual Load,2026-07-26T13:03:42Z
2026-07-26T12:59:54Z,2026-07-26T14:59:54+0200,adf59793-da45-49b4-9a92-f95cd560cccb,2026-06-25T14:00:00Z,2026-06-25T16:00:00+0200,60228.67452,MW,DE,DE_LU,actual_load,Actual Load,2026-07-26T13:03:42Z
2026-07-26T12:59:54Z,2026-07-26T14:59:54+0200,adf59793-da45-49b4-9a92-f95cd560cccb,2026-06-25T14:15:00Z,2026-06-25T16:15:00+0200,59629.04084,MW,DE,DE_LU,actual_load,Actual Load,2026-07-26T13:03:42Z
2026-07-26T12:59:54Z,2026-07-26T14:59:54+0200,adf59793-da45-49b4-9a92-f95cd560cccb,2026-06-25T14:30:00Z,2026-06-25T16:30:00+0200,59778.55196,MW,DE,DE_LU,actual_load,Actual Load,2026-07-26T13:03:42Z
2026-07-26T12:59:54Z,2026-07-26T14:59:54+0200,adf59793-da45-49b4-9a92-f95cd560cccb,2026-06-25T14:45:00Z,2026-06-25T16:45:00+0200,59519.61488,MW,DE,DE_LU,actual_load,Actual Load,2026-07-26T13:03:42Z
2026-07-26T12:59:54Z,2026-07-26T14:59:54+0200,adf59793-da45-49b4-9a92-f95cd560cccb,2026-06-25T15:00:00Z,2026-06-25T17:00:00+0200,60981.49254,MW,DE,DE_LU,actual_load,Actual Load,2026-07-26T13:03:42Z
2026-07-26T12:59:54Z,2026-07-26T14:59:54+0200,adf59793-da45-49b4-9a92-f95cd560cccb,2026-06-25T15:15:00Z,2026-06-25T17:15:00+0200,60496.18366,MW,DE,DE_LU,actual_load,Actual Load,2026-07-26T13:03:42Z
2026-07-26T12:59:54Z,2026-07-26T14:59:54+0200,adf59793-da45-49b4-9a92-f95cd560cccb,2026-06-25T15:30:00Z,2026-06-25T17:30:00+0200,60587.80722,MW,DE,DE_LU,actual_load,Actual Load,2026-07-26T13:03:42Z
2026-07-26T12:59:54Z,2026-07-26T14:59:54+0200,adf59793-da45-49b4-9a92-f95cd560cccb,2026-06-25T15:45:00Z,2026-06-25T17:45:00+0200,60770.41332,MW,DE,DE_LU,actual_load,Actual Load,2026-07-26T13:03:42Z
2026-07-26T12:59:54Z,2026-07-26T14:59:54+0200,adf59793-da45-49b4-9a92-f95cd560cccb,2026-06-25T16:00:00Z,2026-06-25T18:00:00+0200,61744.5447,MW,DE,DE_LU,actual_load,Actual Load,2026-07-26T13:03:42Z
2026-07-26T12:59:54Z,2026-07-26T14:59:54+0200,adf59793-da45-49b4-9a92-f95cd560cccb,2026-06-25T16:15:00Z,2026-06-25T18:15:00+0200,62088.63486,MW,DE,DE_LU,actual_load,Actual Load,2026-07-26T13:03:42Z
2026-07-26T12:59:54Z,2026-07-26T14:59:54+0200,adf59793-da45-49b4-9a92-f95cd560cccb,2026-06-25T16:30:00Z,2026-06-25T18:30:00+0200,62496.76941,MW,DE,DE_LU,actual_load,Actual Load,2026-07-26T13:03:42Z
2026-07-26T12:59:54Z,2026-07-26T14:59:54+0200,adf59793-da45-49b4-9a92-f95cd560cccb,2026-06-25T16:45:00Z,2026-06-25T18:45:00+0200,62757.57613,MW,DE,DE_LU,actual_load,Actual Load,2026-07-26T13:03:42Z
2026-07-26T12:59:54Z,2026-07-26T14:59:54+0200,adf59793-da45-49b4-9a92-f95cd560cccb,2026-06-25T17:00:00Z,2026-06-25T19:00:00+0200,63345.25744,MW,DE,DE_LU,actual_load,Actual Load,2026-07-26T13:03:42Z
2026-07-26T12:59:54Z,2026-07-26T14:59:54+0200,adf59793-da45-49b4-9a92-f95cd560cccb,2026-06-25T17:15:00Z,2026-06-25T19:15:00+0200,63320.59328,MW,DE,DE_LU,actual_load,Actual Load,2026-07-26T13:03:42Z
2026-07-26T12:59:54Z,2026-07-26T14:59:54+0200,adf59793-da45-49b4-9a92-f95cd560cccb,2026-06-25T17:30:00Z,2026-06-25T19:30:00+0200,62729.50594,MW,DE,DE_LU,actual_load,Actual Load,2026-07-26T13:03:42Z
2026-07-26T12:59:54Z,2026-07-26T14:59:54+0200,adf59793-da45-49b4-9a92-f95cd560cccb,2026-06-25T17:45:00Z,2026-06-25T19:45:00+0200,61911.93034,MW,DE,DE_LU,actual_load,Actual Load,2026-07-26T13:03:42Z
2026-07-26T12:59:54Z,2026-07-26T14:59:54+0200,adf59793-da45-49b4-9a92-f95cd560cccb,2026-06-25T18:00:00Z,2026-06-25T20:00:00+0200,61732.04963,MW,DE,DE_LU,actual_load,Actual Load,2026-07-26T13:03:42Z
2026-07-26T12:59:54Z,2026-07-26T14:59:54+0200,adf59793-da45-49b4-9a92-f95cd560cccb,2026-06-25T18:15:00Z,2026-06-25T20:15:00+0200,61207.42583,MW,DE,DE_LU,actual_load,Actual Load,2026-07-26T13:03:42Z
2026-07-26T12:59:54Z,2026-07-26T14:59:54+0200,adf59793-da45-49b4-9a92-f95cd560cccb,2026-06-25T18:30:00Z,2026-06-25T20:30:00+0200,60482.74283,MW,DE,DE_LU,actual_load,Actual Load,2026-07-26T13:03:42Z
2026-07-26T12:59:54Z,2026-07-26T14:59:54+0200,adf59793-da45-49b4-9a92-f95cd560cccb,2026-06-25T18:45:00Z,2026-06-25T20:45:00+0200,60032.83691,MW,DE,DE_LU,actual_load,Actual Load,2026-07-26T13:03:42Z
2026-07-26T12:59:54Z,2026-07-26T14:59:54+0200,adf59793-da45-49b4-9a92-f95cd560cccb,2026-06-25T19:00:00Z,2026-06-25T21:00:00+0200,59172.05347,MW,DE,DE_LU,actual_load,Actual Load,2026-07-26T13:03:42Z
2026-07-26T12:59:54Z,2026-07-26T14:59:54+0200,adf59793-da45-49b4-9a92-f95cd560cccb,2026-06-25T19:15:00Z,2026-06-25T21:15:00+0200,58817.73341,MW,DE,DE_LU,actual_load,Actual Load,2026-07-26T13:03:42Z
2026-07-26T12:59:54Z,2026-07-26T14:59:54+0200,adf59793-da45-49b4-9a92-f95cd560cccb,2026-06-25T19:30:00Z,2026-06-25T21:30:00+0200,58484.72305,MW,DE,DE_LU,actual_load,Actual Load,2026-07-26T13:03:42Z
2026-07-26T12:59:54Z,2026-07-26T14:59:54+0200,adf59793-da45-49b4-9a92-f95cd560cccb,2026-06-25T19:45:00Z,2026-06-25T21:45:00+0200,58399.35308,MW,DE,DE_LU,actual_load,Actual Load,2026-07-26T13:03:42Z
2026-07-26T12:59:54Z,2026-07-26T14:59:54+0200,adf59793-da45-49b4-9a92-f95cd560cccb,2026-06-25T20:00:00Z,2026-06-25T22:00:00+0200,57179.45038,MW,DE,DE_LU,actual_load,Actual Load,2026-07-26T13:03:42Z
2026-07-26T12:59:54Z,2026-07-26T14:59:54+0200,adf59793-da45-49b4-9a92-f95cd560cccb,2026-06-25T20:15:00Z,2026-06-25T22:15:00+0200,56784.2551,MW,DE,DE_LU,actual_load,Actual Load,2026-07-26T13:03:42Z
2026-07-26T12:59:54Z,2026-07-26T14:59:54+0200,adf59793-da45-49b4-9a92-f95cd560cccb,2026-06-25T20:30:00Z,2026-06-25T22:30:00+0200,56343.59042,MW,DE,DE_LU,actual_load,Actual Load,2026-07-26T13:03:42Z
2026-07-26T12:59:54Z,2026-07-26T14:59:54+0200,adf59793-da45-49b4-9a92-f95cd560cccb,2026-06-25T20:45:00Z,2026-06-25T22:45:00+0200,55824.7938,MW,DE,DE_LU,actual_load,Actual Load,2026-07-26T13:03:42Z
2026-07-26T12:59:54Z,2026-07-26T14:59:54+0200,adf59793-da45-49b4-9a92-f95cd560cccb,2026-06-25T21:00:00Z,2026-06-25T23:00:00+0200,54616.62489,MW,DE,DE_LU,actual_load,Actual Load,2026-07-26T13:03:42Z
2026-07-26T12:59:54Z,2026-07-26T14:59:54+0200,adf59793-da45-49b4-9a92-f95cd560cccb,2026-06-25T21:15:00Z,2026-06-25T23:15:00+0200,53844.64842,MW,DE,DE_LU,actual_load,Actual Load,2026-07-26T13:03:42Z
2026-07-26T12:59:54Z,2026-07-26T14:59:54+0200,adf59793-da45-49b4-9a92-f95cd560cccb,2026-06-25T21:30:00Z,2026-06-25T23:30:00+0200,53205.02084,MW,DE,DE_LU,actual_load,Actual Load,2026-07-26T13:03:42Z
2026-07-26T12:59:54Z,2026-07-26T14:59:54+0200,adf59793-da45-49b4-9a92-f95cd560cccb,2026-06-25T21:45:00Z,2026-06-25T23:45:00+0200,52624.74667,MW,DE,DE_LU,actual_load,Actual Load,2026-07-26T13:03:42Z
2026-07-26T12:59:54Z,2026-07-26T14:59:54+0200,adf59793-da45-49b4-9a92-f95cd560cccb,2026-06-25T22:00:00Z,2026-06-26T00:00:00+0200,52472.7344,MW,DE,DE_LU,actual_load,Actual Load,2026-07-26T13:03:42Z
2026-07-26T12:59:54Z,2026-07-26T14:59:54+0200,adf59793-da45-49b4-9a92-f95cd560cccb,2026-06-25T22:15:00Z,2026-06-26T00:15:00+0200,51614.14632,MW,DE,DE_LU,actual_load,Actual Load,2026-07-26T13:03:42Z
2026-07-26T12:59:54Z,2026-07-26T14:59:54+0200,adf59793-da45-49b4-9a92-f95cd560cccb,2026-06-25T22:30:00Z,2026-06-26T00:30:00+0200,51152.17211,MW,DE,DE_LU,actual_load,Actual Load,2026-07-26T13:03:42Z
2026-07-26T12:59:54Z,2026-07-26T14:59:54+0200,adf59793-da45-49b4-9a92-f95cd560cccb,2026-06-25T22:45:00Z,2026-06-26T00:45:00+0200,51016.89311,MW,DE,DE_LU,actual_load,Actual Load,2026-07-26T13:03:42Z
2026-07-26T12:59:54Z,2026-07-26T14:59:54+0200,adf59793-da45-49b4-9a92-f95cd560cccb,2026-06-25T23:00:00Z,2026-06-26T01:00:00+0200,50421.21897,MW,DE,DE_LU,actual_load,Actual Load,2026-07-26T13:03:42Z
2026-07-26T12:59:54Z,2026-07-26T14:59:54+0200,adf59793-da45-49b4-9a92-f95cd560cccb,2026-06-25T23:15:00Z,2026-06-26T01:15:00+0200,49858.54243,MW,DE,DE_LU,actual_load,Actual Load,2026-07-26T13:03:42Z
2026-07-26T12:59:54Z,2026-07-26T14:59:54+0200,adf59793-da45-49b4-9a92-f95cd560cccb,2026-06-25T23:30:00Z,2026-06-26T01:30:00+0200,49379.26723,MW,DE,DE_LU,actual_load,Actual Load,2026-07-26T13:03:42Z
2026-07-26T12:59:54Z,2026-07-26T14:59:54+0200,adf59793-da45-49b4-9a92-f95cd560cccb,2026-06-25T23:45:00Z,2026-06-26T01:45:00+0200,48959.46923,MW,DE,DE_LU,actual_load,Actual Load,2026-07-26T13:03:42Z
2026-07-26T12:59:54Z,2026-07-26T14:59:54+0200,adf59793-da45-49b4-9a92-f95cd560cccb,2026-06-26T00:00:00Z,2026-06-26T02:00:00+0200,48596.63851,MW,DE,DE_LU,actual_load,Actual Load,2026-07-26T13:03:42Z
2026-07-26T12:59:54Z,2026-07-26T14:59:54+0200,adf59793-da45-49b4-9a92-f95cd560cccb,2026-06-26T00:15:00Z,2026-06-26T02:15:00+0200,48247.83797,MW,DE,DE_LU,actual_load,Actual Load,2026-07-26T13:03:42Z
2026-07-26T12:59:54Z,2026-07-26T14:59:54+0200,adf59793-da45-49b4-9a92-f95cd560cccb,2026-06-26T00:30:00Z,2026-06-26T02:30:00+0200,48144.2724,MW,DE,DE_LU,actual_load,Actual Load,2026-07-26T13:03:42Z
2026-07-26T12:59:54Z,2026-07-26T14:59:54+0200,adf59793-da45-49b4-9a92-f95cd560cccb,2026-06-26T00:45:00Z,2026-06-26T02:45:00+0200,48149.8533,MW,DE,DE_LU,actual_load,Actual Load,2026-07-26T13:03:42Z
2026-07-26T12:59:54Z,2026-07-26T14:59:54+0200,adf59793-da45-49b4-9a92-f95cd560cccb,2026-06-26T01:00:00Z,2026-06-26T03:00:00+0200,48515.54886,MW,DE,DE_LU,actual_load,Actual Load,2026-07-26T13:03:42Z
2026-07-26T12:59:54Z,2026-07-26T14:59:54+0200,adf59793-da45-49b4-9a92-f95cd560cccb,2026-06-26T01:15:00Z,2026-06-26T03:15:00+0200,48813.07976,MW,DE,DE_LU,actual_load,Actual Load,2026-07-26T13:03:42Z
2026-07-26T12:59:54Z,2026-07-26T14:59:54+0200,adf59793-da45-49b4-9a92-f95cd560cccb,2026-06-26T01:30:00Z,2026-06-26T03:30:00+0200,49017.83663,MW,DE,DE_LU,actual_load,Actual Load,2026-07-26T13:03:42Z
2026-07-26T12:59:54Z,2026-07-26T14:59:54+0200,adf59793-da45-49b4-9a92-f95cd560cccb,2026-06-26T01:45:00Z,2026-06-26T03:45:00+0200,49040.86935,MW,DE,DE_LU,actual_load,Actual Load,2026-07-26T13:03:42Z
2026-07-26T12:59:54Z,2026-07-26T14:59:54+0200,adf59793-da45-49b4-9a92-f95cd560cccb,2026-06-26T02:00:00Z,2026-06-26T04:00:00+0200,48969.24618,MW,DE,DE_LU,actual_load,Actual Load,2026-07-26T13:03:42Z
2026-07-26T12:59:54Z,2026-07-26T14:59:54+0200,adf59793-da45-49b4-9a92-f95cd560cccb,2026-06-26T02:15:00Z,2026-06-26T04:15:00+0200,49380.80092,MW,DE,DE_LU,actual_load,Actual Load,2026-07-26T13:03:42Z
2026-07-26T12:59:54Z,2026-07-26T14:59:54+0200,adf59793-da45-49b4-9a92-f95cd560cccb,2026-06-26T02:30:00Z,2026-06-26T04:30:00+0200,49734.48362,MW,DE,DE_LU,actual_load,Actual Load,2026-07-26T13:03:42Z
2026-07-26T12:59:54Z,2026-07-26T14:59:54+0200,adf59793-da45-49b4-9a92-f95cd560cccb,2026-06-26T02:45:00Z,2026-06-26T04:45:00+0200,49600.15738,MW,DE,DE_LU,actual_load,Actual Load,2026-07-26T13:03:42Z
2026-07-26T12:59:54Z,2026-07-26T14:59:54+0200,adf59793-da45-49b4-9a92-f95cd560cccb,2026-06-26T03:00:00Z,2026-06-26T05:00:00+0200,50087.39234,MW,DE,DE_LU,actual_load,Actual Load,2026-07-26T13:03:42Z
2026-07-26T12:59:54Z,2026-07-26T14:59:54+0200,adf59793-da45-49b4-9a92-f95cd560cccb,2026-06-26T03:15:00Z,2026-06-26T05:15:00+0200,50521.38959,MW,DE,DE_LU,actual_load,Actual Load,2026-07-26T13:03:42Z
2026-07-26T12:59:54Z,2026-07-26T14:59:54+0200,adf59793-da45-49b4-9a92-f95cd560cccb,2026-06-26T03:30:00Z,2026-06-26T05:30:00+0200,51618.95903,MW,DE,DE_LU,actual_load,Actual Load,2026-07-26T13:03:42Z
2026-07-26T12:59:54Z,2026-07-26T14:59:54+0200,adf59793-da45-49b4-9a92-f95cd560cccb,2026-06-26T03:45:00Z,2026-06-26T05:45:00+0200,53085.03765,MW,DE,DE_LU,actual_load,Actual Load,2026-07-26T13:03:42Z
2026-07-26T12:59:54Z,2026-07-26T14:59:54+0200,adf59793-da45-49b4-9a92-f95cd560cccb,2026-06-26T04:00:00Z,2026-06-26T06:00:00+0200,54438.31091,MW,DE,DE_LU,actual_load,Actual Load,2026-07-26T13:03:42Z
2026-07-26T12:59:54Z,2026-07-26T14:59:54+0200,adf59793-da45-49b4-9a92-f95cd560cccb,2026-06-26T04:15:00Z,2026-06-26T06:15:00+0200,56196.61912,MW,DE,DE_LU,actual_load,Actual Load,2026-07-26T13:03:42Z
2026-07-26T12:59:54Z,2026-07-26T14:59:54+0200,adf59793-da45-49b4-9a92-f95cd560cccb,2026-06-26T04:30:00Z,2026-06-26T06:30:00+0200,57870.03514,MW,DE,DE_LU,actual_load,Actual Load,2026-07-26T13:03:42Z
2026-07-26T12:59:54Z,2026-07-26T14:59:54+0200,adf59793-da45-49b4-9a92-f95cd560cccb,2026-06-26T04:45:00Z,2026-06-26T06:45:00+0200,59441.06009,MW,DE,DE_LU,actual_load,Actual Load,2026-07-26T13:03:42Z
2026-07-26T12:59:54Z,2026-07-26T14:59:54+0200,adf59793-da45-49b4-9a92-f95cd560cccb,2026-06-26T05:00:00Z,2026-06-26T07:00:00+0200,60017.15734,MW,DE,DE_LU,actual_load,Actual Load,2026-07-26T13:03:42Z
2026-07-26T12:59:54Z,2026-07-26T14:59:54+0200,adf59793-da45-49b4-9a92-f95cd560cccb,2026-06-26T05:15:00Z,2026-06-26T07:15:00+0200,61667.58157,MW,DE,DE_LU,actual_load,Actual Load,2026-07-26T13:03:42Z
2026-07-26T12:59:54Z,2026-07-26T14:59:54+0200,adf59793-da45-49b4-9a92-f95cd560cccb,2026-06-26T05:30:00Z,2026-06-26T07:30:00+0200,62999.84962,MW,DE,DE_LU,actual_load,Actual Load,2026-07-26T13:03:42Z
2026-07-26T12:59:54Z,2026-07-26T14:59:54+0200,adf59793-da45-49b4-9a92-f95cd560cccb,2026-06-26T05:45:00Z,2026-06-26T07:45:00+0200,63748.66009,MW,DE,DE_LU,actual_load,Actual Load,2026-07-26T13:03:42Z
2026-07-26T12:59:54Z,2026-07-26T14:59:54+0200,adf59793-da45-49b4-9a92-f95cd560cccb,2026-06-26T06:00:00Z,2026-06-26T08:00:00+0200,63535.13705,MW,DE,DE_LU,actual_load,Actual Load,2026-07-26T13:03:42Z
2026-07-26T12:59:54Z,2026-07-26T14:59:54+0200,adf59793-da45-49b4-9a92-f95cd560cccb,2026-06-26T06:15:00Z,2026-06-26T08:15:00+0200,64536.16716,MW,DE,DE_LU,actual_load,Actual Load,2026-07-26T13:03:42Z
2026-07-26T12:59:54Z,2026-07-26T14:59:54+0200,adf59793-da45-49b4-9a92-f95cd560cccb,2026-06-26T06:30:00Z,2026-06-26T08:30:00+0200,65536.99368,MW,DE,DE_LU,actual_load,Actual Load,2026-07-26T13:03:42Z
2026-07-26T12:59:54Z,2026-07-26T14:59:54+0200,adf59793-da45-49b4-9a92-f95cd560cccb,2026-06-26T06:45:00Z,2026-06-26T08:45:00+0200,65833.5113,MW,DE,DE_LU,actual_load,Actual Load,2026-07-26T13:03:42Z
2026-07-26T12:59:54Z,2026-07-26T14:59:54+0200,adf59793-da45-49b4-9a92-f95cd560cccb,2026-06-26T07:00:00Z,2026-06-26T09:00:00+0200,65860.78012,MW,DE,DE_LU,actual_load,Actual Load,2026-07-26T13:03:42Z
2026-07-26T12:59:54Z,2026-07-26T14:59:54+0200,adf59793-da45-49b4-9a92-f95cd560cccb,2026-06-26T07:15:00Z,2026-06-26T09:15:00+0200,65991.89836,MW,DE,DE_LU,actual_load,Actual Load,2026-07-26T13:03:42Z
2026-07-26T12:59:54Z,2026-07-26T14:59:54+0200,adf59793-da45-49b4-9a92-f95cd560cccb,2026-06-26T07:30:00Z,2026-06-26T09:30:00+0200,65404.92408,MW,DE,DE_LU,actual_load,Actual Load,2026-07-26T13:03:42Z
2026-07-26T12:59:54Z,2026-07-26T14:59:54+0200,adf59793-da45-49b4-9a92-f95cd560cccb,2026-06-26T07:45:00Z,2026-06-26T09:45:00+0200,64856.27938,MW,DE,DE_LU,actual_load,Actual Load,2026-07-26T13:03:42Z
2026-07-26T12:59:54Z,2026-07-26T14:59:54+0200,adf59793-da45-49b4-9a92-f95cd560cccb,2026-06-26T08:00:00Z,2026-06-26T10:00:00+0200,64409.22978,MW,DE,DE_LU,actual_load,Actual Load,2026-07-26T13:03:42Z
2026-07-26T12:59:54Z,2026-07-26T14:59:54+0200,adf59793-da45-49b4-9a92-f95cd560cccb,2026-06-26T08:15:00Z,2026-06-26T10:15:00+0200,64005.86168,MW,DE,DE_LU,actual_load,Actual Load,2026-07-26T13:03:42Z
2026-07-26T12:59:54Z,2026-07-26T14:59:54+0200,adf59793-da45-49b4-9a92-f95cd560cccb,2026-06-26T08:30:00Z,2026-06-26T10:30:00+0200,64135.93343,MW,DE,DE_LU,actual_load,Actual Load,2026-07-26T13:03:42Z
2026-07-26T12:59:54Z,2026-07-26T14:59:54+0200,adf59793-da45-49b4-9a92-f95cd560cccb,2026-06-26T08:45:00Z,2026-06-26T10:45:00+0200,63748.77591,MW,DE,DE_LU,actual_load,Actual Load,2026-07-26T13:03:42Z
2026-07-26T12:59:54Z,2026-07-26T14:59:54+0200,adf59793-da45-49b4-9a92-f95cd560cccb,2026-06-26T09:00:00Z,2026-06-26T11:00:00+0200,62868.71915,MW,DE,DE_LU,actual_load,Actual Load,2026-07-26T13:03:42Z
2026-07-26T12:59:54Z,2026-07-26T14:59:54+0200,adf59793-da45-49b4-9a92-f95cd560cccb,2026-06-26T09:15:00Z,2026-06-26T11:15:00+0200,62626.6578,MW,DE,DE_LU,actual_load,Actual Load,2026-07-26T13:03:42Z
2026-07-26T12:59:54Z,2026-07-26T14:59:54+0200,adf59793-da45-49b4-9a92-f95cd560cccb,2026-06-26T09:30:00Z,2026-06-26T11:30:00+0200,62508.07645,MW,DE,DE_LU,actual_load,Actual Load,2026-07-26T13:03:42Z
2026-07-26T12:59:54Z,2026-07-26T14:59:54+0200,adf59793-da45-49b4-9a92-f95cd560cccb,2026-06-26T09:45:00Z,2026-06-26T11:45:00+0200,62085.98399,MW,DE,DE_LU,actual_load,Actual Load,2026-07-26T13:03:42Z
2026-07-26T12:59:54Z,2026-07-26T14:59:54+0200,adf59793-da45-49b4-9a92-f95cd560cccb,2026-06-26T10:00:00Z,2026-06-26T12:00:00+0200,61803.70703,MW,DE,DE_LU,actual_load,Actual Load,2026-07-26T13:03:42Z
2026-07-26T12:59:54Z,2026-07-26T14:59:54+0200,adf59793-da45-49b4-9a92-f95cd560cccb,2026-06-26T10:15:00Z,2026-06-26T12:15:00+0200,61869.55653,MW,DE,DE_LU,actual_load,Actual Load,2026-07-26T13:03:42Z
2026-07-26T12:59:54Z,2026-07-26T14:59:54+0200,adf59793-da45-49b4-9a92-f95cd560cccb,2026-06-26T10:30:00Z,2026-06-26T12:30:00+0200,62067.59904,MW,DE,DE_LU,actual_load,Actual Load,2026-07-26T13:03:42Z
2026-07-26T12:59:54Z,2026-07-26T14:59:54+0200,adf59793-da45-49b4-9a92-f95cd560cccb,2026-06-26T10:45:00Z,2026-06-26T12:45:00+0200,62080.85646,MW,DE,DE_LU,actual_load,Actual Load,2026-07-26T13:03:42Z
2026-07-26T12:59:54Z,2026-07-26T14:59:54+0200,adf59793-da45-49b4-9a92-f95cd560cccb,2026-06-26T11:00:00Z,2026-06-26T13:00:00+0200,61539.91628,MW,DE,DE_LU,actual_load,Actual Load,2026-07-26T13:03:42Z
2026-07-26T12:59:54Z,2026-07-26T14:59:54+0200,adf59793-da45-49b4-9a92-f95cd560cccb,2026-06-26T11:15:00Z,2026-06-26T13:15:00+0200,60635.96747,MW,DE,DE_LU,actual_load,Actual Load,2026-07-26T13:03:42Z
2026-07-26T12:59:54Z,2026-07-26T14:59:54+0200,adf59793-da45-49b4-9a92-f95cd560cccb,2026-06-26T11:30:00Z,2026-06-26T13:30:00+0200,59778.45256,MW,DE,DE_LU,actual_load,Actual Load,2026-07-26T13:03:42Z
2026-07-26T12:59:54Z,2026-07-26T14:59:54+0200,adf59793-da45-49b4-9a92-f95cd560cccb,2026-06-26T11:45:00Z,2026-06-26T13:45:00+0200,58748.30121,MW,DE,DE_LU,actual_load,Actual Load,2026-07-26T13:03:42Z
2026-07-26T12:59:54Z,2026-07-26T14:59:54+0200,adf59793-da45-49b4-9a92-f95cd560cccb,2026-06-26T12:00:00Z,2026-06-26T14:00:00+0200,58267.7027,MW,DE,DE_LU,actual_load,Actual Load,2026-07-26T13:03:42Z
2026-07-26T12:59:54Z,2026-07-26T14:59:54+0200,adf59793-da45-49b4-9a92-f95cd560cccb,2026-06-26T12:15:00Z,2026-06-26T14:15:00+0200,58118.38948,MW,DE,DE_LU,actual_load,Actual Load,2026-07-26T13:03:42Z
2026-07-26T12:59:54Z,2026-07-26T14:59:54+0200,adf59793-da45-49b4-9a92-f95cd560cccb,2026-06-26T12:30:00Z,2026-06-26T14:30:00+0200,57638.53987,MW,DE,DE_LU,actual_load,Actual Load,2026-07-26T13:03:42Z
2026-07-26T12:59:54Z,2026-07-26T14:59:54+0200,adf59793-da45-49b4-9a92-f95cd560cccb,2026-06-26T12:45:00Z,2026-06-26T14:45:00+0200,57150.36542,MW,DE,DE_LU,actual_load,Actual Load,2026-07-26T13:03:42Z
2026-07-26T12:59:54Z,2026-07-26T14:59:54+0200,adf59793-da45-49b4-9a92-f95cd560cccb,2026-06-26T13:00:00Z,2026-06-26T15:00:00+0200,56747.95532,MW,DE,DE_LU,actual_load,Actual Load,2026-07-26T13:03:42Z
2026-07-26T12:59:54Z,2026-07-26T14:59:54+0200,adf59793-da45-49b4-9a92-f95cd560cccb,2026-06-26T13:15:00Z,2026-06-26T15:15:00+0200,56239.65638,MW,DE,DE_LU,actual_load,Actual Load,2026-07-26T13:03:42Z
2026-07-26T12:59:54Z,2026-07-26T14:59:54+0200,adf59793-da45-49b4-9a92-f95cd560cccb,2026-06-26T13:30:00Z,2026-06-26T15:30:00+0200,55815.44569,MW,DE,DE_LU,actual_load,Actual Load,2026-07-26T13:03:42Z
2026-07-26T12:59:54Z,2026-07-26T14:59:54+0200,adf59793-da45-49b4-9a92-f95cd560cccb,2026-06-26T13:45:00Z,2026-06-26T15:45:00+0200,55562.51436,MW,DE,DE_LU,actual_load,Actual Load,2026-07-26T13:03:42Z
2026-07-26T12:59:54Z,2026-07-26T14:59:54+0200,adf59793-da45-49b4-9a92-f95cd560cccb,2026-06-26T14:00:00Z,2026-06-26T16:00:00+0200,56617.40113,MW,DE,DE_LU,actual_load,Actual Load,2026-07-26T13:03:42Z
2026-07-26T12:59:54Z,2026-07-26T14:59:54+0200,adf59793-da45-49b4-9a92-f95cd560cccb,2026-06-26T14:15:00Z,2026-06-26T16:15:00+0200,56321.65841,MW,DE,DE_LU,actual_load,Actual Load,2026-07-26T13:03:42Z
2026-07-26T12:59:54Z,2026-07-26T14:59:54+0200,adf59793-da45-49b4-9a92-f95cd560cccb,2026-06-26T14:30:00Z,2026-06-26T16:30:00+0200,56804.02375,MW,DE,DE_LU,actual_load,Actual Load,2026-07-26T13:03:42Z
2026-07-26T12:59:54Z,2026-07-26T14:59:54+0200,adf59793-da45-49b4-9a92-f95cd560cccb,2026-06-26T14:45:00Z,2026-06-26T16:45:00+0200,56648.01675,MW,DE,DE_LU,actual_load,Actual Load,2026-07-26T13:03:42Z
2026-07-26T12:59:54Z,2026-07-26T14:59:54+0200,adf59793-da45-49b4-9a92-f95cd560cccb,2026-06-26T15:00:00Z,2026-06-26T17:00:00+0200,57952.95709,MW,DE,DE_LU,actual_load,Actual Load,2026-07-26T13:03:42Z
2026-07-26T12:59:54Z,2026-07-26T14:59:54+0200,adf59793-da45-49b4-9a92-f95cd560cccb,2026-06-26T15:15:00Z,2026-06-26T17:15:00+0200,58173.8328,MW,DE,DE_LU,actual_load,Actual Load,2026-07-26T13:03:42Z
2026-07-26T12:59:54Z,2026-07-26T14:59:54+0200,adf59793-da45-49b4-9a92-f95cd560cccb,2026-06-26T15:30:00Z,2026-06-26T17:30:00+0200,58597.5871,MW,DE,DE_LU,actual_load,Actual Load,2026-07-26T13:03:42Z
2026-07-26T12:59:54Z,2026-07-26T14:59:54+0200,adf59793-da45-49b4-9a92-f95cd560cccb,2026-06-26T15:45:00Z,2026-06-26T17:45:00+0200,59139.16867,MW,DE,DE_LU,actual_load,Actual Load,2026-07-26T13:03:42Z
2026-07-26T12:59:54Z,2026-07-26T14:59:54+0200,adf59793-da45-49b4-9a92-f95cd560cccb,2026-06-26T16:00:00Z,2026-06-26T18:00:00+0200,60201.38414,MW,DE,DE_LU,actual_load,Actual Load,2026-07-26T13:03:42Z
2026-07-26T12:59:54Z,2026-07-26T14:59:54+0200,adf59793-da45-49b4-9a92-f95cd560cccb,2026-06-26T16:15:00Z,2026-06-26T18:15:00+0200,60070.37043,MW,DE,DE_LU,actual_load,Actual Load,2026-07-26T13:03:42Z
2026-07-26T12:59:54Z,2026-07-26T14:59:54+0200,adf59793-da45-49b4-9a92-f95cd560cccb,2026-06-26T16:30:00Z,2026-06-26T18:30:00+0200,59990.40297,MW,DE,DE_LU,actual_load,Actual Load,2026-07-26T13:03:42Z
2026-07-26T12:59:54Z,2026-07-26T14:59:54+0200,adf59793-da45-49b4-9a92-f95cd560cccb,2026-06-26T16:45:00Z,2026-06-26T18:45:00+0200,60182.68458,MW,DE,DE_LU,actual_load,Actual Load,2026-07-26T13:03:42Z
2026-07-26T12:59:54Z,2026-07-26T14:59:54+0200,adf59793-da45-49b4-9a92-f95cd560cccb,2026-06-26T17:00:00Z,2026-06-26T19:00:00+0200,61318.51569,MW,DE,DE_LU,actual_load,Actual Load,2026-07-26T13:03:42Z
2026-07-26T12:59:54Z,2026-07-26T14:59:54+0200,adf59793-da45-49b4-9a92-f95cd560cccb,2026-06-26T17:15:00Z,2026-06-26T19:15:00+0200,60848.55381,MW,DE,DE_LU,actual_load,Actual Load,2026-07-26T13:03:42Z
2026-07-26T12:59:54Z,2026-07-26T14:59:54+0200,adf59793-da45-49b4-9a92-f95cd560cccb,2026-06-26T17:30:00Z,2026-06-26T19:30:00+0200,60190.35619,MW,DE,DE_LU,actual_load,Actual Load,2026-07-26T13:03:42Z
2026-07-26T12:59:54Z,2026-07-26T14:59:54+0200,adf59793-da45-49b4-9a92-f95cd560cccb,2026-06-26T17:45:00Z,2026-06-26T19:45:00+0200,59645.62667,MW,DE,DE_LU,actual_load,Actual Load,2026-07-26T13:03:42Z
2026-07-26T12:59:54Z,2026-07-26T14:59:54+0200,adf59793-da45-49b4-9a92-f95cd560cccb,2026-06-26T18:00:00Z,2026-06-26T20:00:00+0200,59868.87856,MW,DE,DE_LU,actual_load,Actual Load,2026-07-26T13:03:42Z
2026-07-26T12:59:54Z,2026-07-26T14:59:54+0200,adf59793-da45-49b4-9a92-f95cd560cccb,2026-06-26T18:15:00Z,2026-06-26T20:15:00+0200,59134.09193,MW,DE,DE_LU,actual_load,Actual Load,2026-07-26T13:03:42Z
2026-07-26T12:59:54Z,2026-07-26T14:59:54+0200,adf59793-da45-49b4-9a92-f95cd560cccb,2026-06-26T18:30:00Z,2026-06-26T20:30:00+0200,58732.18613,MW,DE,DE_LU,actual_load,Actual Load,2026-07-26T13:03:42Z
2026-07-26T12:59:54Z,2026-07-26T14:59:54+0200,adf59793-da45-49b4-9a92-f95cd560cccb,2026-06-26T18:45:00Z,2026-06-26T20:45:00+0200,58246.06602,MW,DE,DE_LU,actual_load,Actual Load,2026-07-26T13:03:42Z
2026-07-26T12:59:54Z,2026-07-26T14:59:54+0200,adf59793-da45-49b4-9a92-f95cd560cccb,2026-06-26T19:00:00Z,2026-06-26T21:00:00+0200,58285.49422,MW,DE,DE_LU,actual_load,Actual Load,2026-07-26T13:03:42Z
2026-07-26T12:59:54Z,2026-07-26T14:59:54+0200,adf59793-da45-49b4-9a92-f95cd560cccb,2026-06-26T19:15:00Z,2026-06-26T21:15:00+0200,58058.6137,MW,DE,DE_LU,actual_load,Actual Load,2026-07-26T13:03:42Z
2026-07-26T12:59:54Z,2026-07-26T14:59:54+0200,adf59793-da45-49b4-9a92-f95cd560cccb,2026-06-26T19:30:00Z,2026-06-26T21:30:00+0200,57940.26526,MW,DE,DE_LU,actual_load,Actual Load,2026-07-26T13:03:42Z
2026-07-26T12:59:54Z,2026-07-26T14:59:54+0200,adf59793-da45-49b4-9a92-f95cd560cccb,2026-06-26T19:45:00Z,2026-06-26T21:45:00+0200,57998.63667,MW,DE,DE_LU,actual_load,Actual Load,2026-07-26T13:03:42Z
2026-07-26T12:59:54Z,2026-07-26T14:59:54+0200,adf59793-da45-49b4-9a92-f95cd560cccb,2026-06-26T20:00:00Z,2026-06-26T22:00:00+0200,56799.28438,MW,DE,DE_LU,actual_load,Actual Load,2026-07-26T13:03:42Z
2026-07-26T12:59:54Z,2026-07-26T14:59:54+0200,adf59793-da45-49b4-9a92-f95cd560cccb,2026-06-26T20:15:00Z,2026-06-26T22:15:00+0200,56634.46712,MW,DE,DE_LU,actual_load,Actual Load,2026-07-26T13:03:42Z
2026-07-26T12:59:54Z,2026-07-26T14:59:54+0200,adf59793-da45-49b4-9a92-f95cd560cccb,2026-06-26T20:30:00Z,2026-06-26T22:30:00+0200,55750.28624,MW,DE,DE_LU,actual_load,Actual Load,2026-07-26T13:03:42Z
2026-07-26T12:59:54Z,2026-07-26T14:59:54+0200,adf59793-da45-49b4-9a92-f95cd560cccb,2026-06-26T20:45:00Z,2026-06-26T22:45:00+0200,55313.51212,MW,DE,DE_LU,actual_load,Actual Load,2026-07-26T13:03:42Z
2026-07-26T12:59:54Z,2026-07-26T14:59:54+0200,adf59793-da45-49b4-9a92-f95cd560cccb,2026-06-26T21:00:00Z,2026-06-26T23:00:00+0200,53540.67937,MW,DE,DE_LU,actual_load,Actual Load,2026-07-26T13:03:42Z
2026-07-26T12:59:54Z,2026-07-26T14:59:54+0200,adf59793-da45-49b4-9a92-f95cd560cccb,2026-06-26T21:15:00Z,2026-06-26T23:15:00+0200,53129.74752,MW,DE,DE_LU,actual_load,Actual Load,2026-07-26T13:03:42Z
2026-07-26T12:59:54Z,2026-07-26T14:59:54+0200,adf59793-da45-49b4-9a92-f95cd560cccb,2026-06-26T21:30:00Z,2026-06-26T23:30:00+0200,52975.13636,MW,DE,DE_LU,actual_load,Actual Load,2026-07-26T13:03:42Z
2026-07-26T12:59:54Z,2026-07-26T14:59:54+0200,adf59793-da45-49b4-9a92-f95cd560cccb,2026-06-26T21:45:00Z,2026-06-26T23:45:00+0200,52273.70863,MW,DE,DE_LU,actual_load,Actual Load,2026-07-26T13:03:42Z
2026-07-26T12:59:54Z,2026-07-26T14:59:54+0200,adf59793-da45-49b4-9a92-f95cd560cccb,2026-06-26T22:00:00Z,2026-06-27T00:00:00+0200,50346.04437,MW,DE,DE_LU,actual_load,Actual Load,2026-07-26T13:03:42Z
2026-07-26T12:59:54Z,2026-07-26T14:59:54+0200,adf59793-da45-49b4-9a92-f95cd560cccb,2026-06-26T22:15:00Z,2026-06-27T00:15:00+0200,49832.71388,MW,DE,DE_LU,actual_load,Actual Load,2026-07-26T13:03:42Z
2026-07-26T12:59:54Z,2026-07-26T14:59:54+0200,adf59793-da45-49b4-9a92-f95cd560cccb,2026-06-26T22:30:00Z,2026-06-27T00:30:00+0200,49232.34977,MW,DE,DE_LU,actual_load,Actual Load,2026-07-26T13:03:42Z
2026-07-26T12:59:54Z,2026-07-26T14:59:54+0200,adf59793-da45-49b4-9a92-f95cd560cccb,2026-06-26T22:45:00Z,2026-06-27T00:45:00+0200,48755.20939,MW,DE,DE_LU,actual_load,Actual Load,2026-07-26T13:03:42Z
2026-07-26T12:59:54Z,2026-07-26T14:59:54+0200,adf59793-da45-49b4-9a92-f95cd560cccb,2026-06-26T23:00:00Z,2026-06-27T01:00:00+0200,48367.57109,MW,DE,DE_LU,actual_load,Actual Load,2026-07-26T13:03:42Z
2026-07-26T12:59:54Z,2026-07-26T14:59:54+0200,adf59793-da45-49b4-9a92-f95cd560cccb,2026-06-26T23:15:00Z,2026-06-27T01:15:00+0200,48133.5777,MW,DE,DE_LU,actual_load,Actual Load,2026-07-26T13:03:42Z
2026-07-26T12:59:54Z,2026-07-26T14:59:54+0200,adf59793-da45-49b4-9a92-f95cd560cccb,2026-06-26T23:30:00Z,2026-06-27T01:30:00+0200,47684.08531,MW,DE,DE_LU,actual_load,Actual Load,2026-07-26T13:03:42Z
2026-07-26T12:59:54Z,2026-07-26T14:59:54+0200,adf59793-da45-49b4-9a92-f95cd560cccb,2026-06-26T23:45:00Z,2026-06-27T01:45:00+0200,47318.29273,MW,DE,DE_LU,actual_load,Actual Load,2026-07-26T13:03:42Z
2026-07-26T12:59:54Z,2026-07-26T14:59:54+0200,adf59793-da45-49b4-9a92-f95cd560cccb,2026-06-27T00:00:00Z,2026-06-27T02:00:00+0200,46583.74059,MW,DE,DE_LU,actual_load,Actual Load,2026-07-26T13:03:42Z
2026-07-26T12:59:54Z,2026-07-26T14:59:54+0200,adf59793-da45-49b4-9a92-f95cd560cccb,2026-06-27T00:15:00Z,2026-06-27T02:15:00+0200,46217.41509,MW,DE,DE_LU,actual_load,Actual Load,2026-07-26T13:03:42Z
2026-07-26T12:59:54Z,2026-07-26T14:59:54+0200,adf59793-da45-49b4-9a92-f95cd560cccb,2026-06-27T00:30:00Z,2026-06-27T02:30:00+0200,45979.78087,MW,DE,DE_LU,actual_load,Actual Load,2026-07-26T13:03:42Z
2026-07-26T12:59:54Z,2026-07-26T14:59:54+0200,adf59793-da45-49b4-9a92-f95cd560cccb,2026-06-27T00:45:00Z,2026-06-27T02:45:00+0200,45675.19898,MW,DE,DE_LU,actual_load,Actual Load,2026-07-26T13:03:42Z
2026-07-26T12:59:54Z,2026-07-26T14:59:54+0200,adf59793-da45-49b4-9a92-f95cd560cccb,2026-06-27T01:00:00Z,2026-06-27T03:00:00+0200,45961.69917,MW,DE,DE_LU,actual_load,Actual Load,2026-07-26T13:03:42Z
2026-07-26T12:59:54Z,2026-07-26T14:59:54+0200,adf59793-da45-49b4-9a92-f95cd560cccb,2026-06-27T01:15:00Z,2026-06-27T03:15:00+0200,45510.40323,MW,DE,DE_LU,actual_load,Actual Load,2026-07-26T13:03:42Z
2026-07-26T12:59:54Z,2026-07-26T14:59:54+0200,adf59793-da45-49b4-9a92-f95cd560cccb,2026-06-27T01:30:00Z,2026-06-27T03:30:00+0200,45415.64449,MW,DE,DE_LU,actual_load,Actual Load,2026-07-26T13:03:42Z
2026-07-26T12:59:54Z,2026-07-26T14:59:54+0200,adf59793-da45-49b4-9a92-f95cd560cccb,2026-06-27T01:45:00Z,2026-06-27T03:45:00+0200,45164.72044,MW,DE,DE_LU,actual_load,Actual Load,2026-07-26T13:03:42Z
2026-07-26T12:59:54Z,2026-07-26T14:59:54+0200,adf59793-da45-49b4-9a92-f95cd560cccb,2026-06-27T02:00:00Z,2026-06-27T04:00:00+0200,45101.6777,MW,DE,DE_LU,actual_load,Actual Load,2026-07-26T13:03:42Z
2026-07-26T12:59:54Z,2026-07-26T14:59:54+0200,adf59793-da45-49b4-9a92-f95cd560cccb,2026-06-27T02:15:00Z,2026-06-27T04:15:00+0200,44896.04625,MW,DE,DE_LU,actual_load,Actual Load,2026-07-26T13:03:42Z
2026-07-26T12:59:54Z,2026-07-26T14:59:54+0200,adf59793-da45-49b4-9a92-f95cd560cccb,2026-06-27T02:30:00Z,2026-06-27T04:30:00+0200,44741.69807,MW,DE,DE_LU,actual_load,Actual Load,2026-07-26T13:03:42Z
2026-07-26T12:59:54Z,2026-07-26T14:59:54+0200,adf59793-da45-49b4-9a92-f95cd560cccb,2026-06-27T02:45:00Z,2026-06-27T04:45:00+0200,44553.33251,MW,DE,DE_LU,actual_load,Actual Load,2026-07-26T13:03:42Z
2026-07-26T12:59:54Z,2026-07-26T14:59:54+0200,adf59793-da45-49b4-9a92-f95cd560cccb,2026-06-27T03:00:00Z,2026-06-27T05:00:00+0200,44361.46331,MW,DE,DE_LU,actual_load,Actual Load,2026-07-26T13:03:42Z
2026-07-26T12:59:54Z,2026-07-26T14:59:54+0200,adf59793-da45-49b4-9a92-f95cd560cccb,2026-06-27T03:15:00Z,2026-06-27T05:15:00+0200,44356.51598,MW,DE,DE_LU,actual_load,Actual Load,2026-07-26T13:03:42Z
2026-07-26T12:59:54Z,2026-07-26T14:59:54+0200,adf59793-da45-49b4-9a92-f95cd560cccb,2026-06-27T03:30:00Z,2026-06-27T05:30:00+0200,44564.48563,MW,DE,DE_LU,actual_load,Actual Load,2026-07-26T13:03:42Z
2026-07-26T12:59:54Z,2026-07-26T14:59:54+0200,adf59793-da45-49b4-9a92-f95cd560cccb,2026-06-27T03:45:00Z,2026-06-27T05:45:00+0200,45069.5893,MW,DE,DE_LU,actual_load,Actual Load,2026-07-26T13:03:42Z
2026-07-26T12:59:54Z,2026-07-26T14:59:54+0200,adf59793-da45-49b4-9a92-f95cd560cccb,2026-06-27T04:00:00Z,2026-06-27T06:00:00+0200,45903.78438,MW,DE,DE_LU,actual_load,Actual Load,2026-07-26T13:03:42Z
2026-07-26T12:59:54Z,2026-07-26T14:59:54+0200,adf59793-da45-49b4-9a92-f95cd560cccb,2026-06-27T04:15:00Z,2026-06-27T06:15:00+0200,46585.07977,MW,DE,DE_LU,actual_load,Actual Load,2026-07-26T13:03:42Z
2026-07-26T12:59:54Z,2026-07-26T14:59:54+0200,adf59793-da45-49b4-9a92-f95cd560cccb,2026-06-27T04:30:00Z,2026-06-27T06:30:00+0200,47045.03773,MW,DE,DE_LU,actual_load,Actual Load,2026-07-26T13:03:42Z
2026-07-26T12:59:54Z,2026-07-26T14:59:54+0200,adf59793-da45-49b4-9a92-f95cd560cccb,2026-06-27T04:45:00Z,2026-06-27T06:45:00+0200,47553.76844,MW,DE,DE_LU,actual_load,Actual Load,2026-07-26T13:03:42Z
2026-07-26T12:59:54Z,2026-07-26T14:59:54+0200,adf59793-da45-49b4-9a92-f95cd560cccb,2026-06-27T05:00:00Z,2026-06-27T07:00:00+0200,47785.24369,MW,DE,DE_LU,actual_load,Actual Load,2026-07-26T13:03:42Z
2026-07-26T12:59:54Z,2026-07-26T14:59:54+0200,adf59793-da45-49b4-9a92-f95cd560cccb,2026-06-27T05:15:00Z,2026-06-27T07:15:00+0200,48154.98645,MW,DE,DE_LU,actual_load,Actual Load,2026-07-26T13:03:42Z
2026-07-26T12:59:54Z,2026-07-26T14:59:54+0200,adf59793-da45-49b4-9a92-f95cd560cccb,2026-06-27T05:30:00Z,2026-06-27T07:30:00+0200,49126.21563,MW,DE,DE_LU,actual_load,Actual Load,2026-07-26T13:03:42Z
2026-07-26T12:59:54Z,2026-07-26T14:59:54+0200,adf59793-da45-49b4-9a92-f95cd560cccb,2026-06-27T05:45:00Z,2026-06-27T07:45:00+0200,49795.08764,MW,DE,DE_LU,actual_load,Actual Load,2026-07-26T13:03:42Z
2026-07-26T12:59:54Z,2026-07-26T14:59:54+0200,adf59793-da45-49b4-9a92-f95cd560cccb,2026-06-27T06:00:00Z,2026-06-27T08:00:00+0200,49445.99042,MW,DE,DE_LU,actual_load,Actual Load,2026-07-26T13:03:42Z
2026-07-26T12:59:54Z,2026-07-26T14:59:54+0200,adf59793-da45-49b4-9a92-f95cd560cccb,2026-06-27T06:15:00Z,2026-06-27T08:15:00+0200,49902.63009,MW,DE,DE_LU,actual_load,Actual Load,2026-07-26T13:03:42Z
2026-07-26T12:59:54Z,2026-07-26T14:59:54+0200,adf59793-da45-49b4-9a92-f95cd560cccb,2026-06-27T06:30:00Z,2026-06-27T08:30:00+0200,50371.06786,MW,DE,DE_LU,actual_load,Actual Load,2026-07-26T13:03:42Z
2026-07-26T12:59:54Z,2026-07-26T14:59:54+0200,adf59793-da45-49b4-9a92-f95cd560cccb,2026-06-27T06:45:00Z,2026-06-27T08:45:00+0200,50699.79765,MW,DE,DE_LU,actual_load,Actual Load,2026-07-26T13:03:42Z
2026-07-26T12:59:54Z,2026-07-26T14:59:54+0200,adf59793-da45-49b4-9a92-f95cd560cccb,2026-06-27T07:00:00Z,2026-06-27T09:00:00+0200,51097.19217,MW,DE,DE_LU,actual_load,Actual Load,2026-07-26T13:03:42Z
2026-07-26T12:59:54Z,2026-07-26T14:59:54+0200,adf59793-da45-49b4-9a92-f95cd560cccb,2026-06-27T07:15:00Z,2026-06-27T09:15:00+0200,51576.12638,MW,DE,DE_LU,actual_load,Actual Load,2026-07-26T13:03:42Z
2026-07-26T12:59:54Z,2026-07-26T14:59:54+0200,adf59793-da45-49b4-9a92-f95cd560cccb,2026-06-27T07:30:00Z,2026-06-27T09:30:00+0200,51872.17566,MW,DE,DE_LU,actual_load,Actual Load,2026-07-26T13:03:42Z
2026-07-26T12:59:54Z,2026-07-26T14:59:54+0200,adf59793-da45-49b4-9a92-f95cd560cccb,2026-06-27T07:45:00Z,2026-06-27T09:45:00+0200,51782.21148,MW,DE,DE_LU,actual_load,Actual Load,2026-07-26T13:03:42Z
2026-07-26T12:59:54Z,2026-07-26T14:59:54+0200,adf59793-da45-49b4-9a92-f95cd560cccb,2026-06-27T08:00:00Z,2026-06-27T10:00:00+0200,52102.48251,MW,DE,DE_LU,actual_load,Actual Load,2026-07-26T13:03:42Z
2026-07-26T12:59:54Z,2026-07-26T14:59:54+0200,adf59793-da45-49b4-9a92-f95cd560cccb,2026-06-27T08:15:00Z,2026-06-27T10:15:00+0200,52201.30011,MW,DE,DE_LU,actual_load,Actual Load,2026-07-26T13:03:42Z
2026-07-26T12:59:54Z,2026-07-26T14:59:54+0200,adf59793-da45-49b4-9a92-f95cd560cccb,2026-06-27T08:30:00Z,2026-06-27T10:30:00+0200,52457.90345,MW,DE,DE_LU,actual_load,Actual Load,2026-07-26T13:03:42Z
2026-07-26T12:59:54Z,2026-07-26T14:59:54+0200,adf59793-da45-49b4-9a92-f95cd560cccb,2026-06-27T08:45:00Z,2026-06-27T10:45:00+0200,53028.68295,MW,DE,DE_LU,actual_load,Actual Load,2026-07-26T13:03:42Z
2026-07-26T12:59:54Z,2026-07-26T14:59:54+0200,adf59793-da45-49b4-9a92-f95cd560cccb,2026-06-27T09:00:00Z,2026-06-27T11:00:00+0200,52869.48199,MW,DE,DE_LU,actual_load,Actual Load,2026-07-26T13:03:42Z
2026-07-26T12:59:54Z,2026-07-26T14:59:54+0200,adf59793-da45-49b4-9a92-f95cd560cccb,2026-06-27T09:15:00Z,2026-06-27T11:15:00+0200,53050.59098,MW,DE,DE_LU,actual_load,Actual Load,2026-07-26T13:03:42Z
2026-07-26T12:59:54Z,2026-07-26T14:59:54+0200,adf59793-da45-49b4-9a92-f95cd560cccb,2026-06-27T09:30:00Z,2026-06-27T11:30:00+0200,53051.08986,MW,DE,DE_LU,actual_load,Actual Load,2026-07-26T13:03:42Z
2026-07-26T12:59:54Z,2026-07-26T14:59:54+0200,adf59793-da45-49b4-9a92-f95cd560cccb,2026-06-27T09:45:00Z,2026-06-27T11:45:00+0200,52740.53831,MW,DE,DE_LU,actual_load,Actual Load,2026-07-26T13:03:42Z
2026-07-26T12:59:54Z,2026-07-26T14:59:54+0200,adf59793-da45-49b4-9a92-f95cd560cccb,2026-06-27T10:00:00Z,2026-06-27T12:00:00+0200,51950.15615,MW,DE,DE_LU,actual_load,Actual Load,2026-07-26T13:03:42Z
2026-07-26T12:59:54Z,2026-07-26T14:59:54+0200,adf59793-da45-49b4-9a92-f95cd560cccb,2026-06-27T10:15:00Z,2026-06-27T12:15:00+0200,51878.95062,MW,DE,DE_LU,actual_load,Actual Load,2026-07-26T13:03:42Z
2026-07-26T12:59:54Z,2026-07-26T14:59:54+0200,adf59793-da45-49b4-9a92-f95cd560cccb,2026-06-27T10:30:00Z,2026-06-27T12:30:00+0200,51666.68541,MW,DE,DE_LU,actual_load,Actual Load,2026-07-26T13:03:42Z
2026-07-26T12:59:54Z,2026-07-26T14:59:54+0200,adf59793-da45-49b4-9a92-f95cd560cccb,2026-06-27T10:45:00Z,2026-06-27T12:45:00+0200,51630.46822,MW,DE,DE_LU,actual_load,Actual Load,2026-07-26T13:03:42Z
2026-07-26T12:59:54Z,2026-07-26T14:59:54+0200,adf59793-da45-49b4-9a92-f95cd560cccb,2026-06-27T11:00:00Z,2026-06-27T13:00:00+0200,51193.35426,MW,DE,DE_LU,actual_load,Actual Load,2026-07-26T13:03:42Z
2026-07-26T12:59:54Z,2026-07-26T14:59:54+0200,adf59793-da45-49b4-9a92-f95cd560cccb,2026-06-27T11:15:00Z,2026-06-27T13:15:00+0200,50925.88966,MW,DE,DE_LU,actual_load,Actual Load,2026-07-26T13:03:42Z
2026-07-26T12:59:54Z,2026-07-26T14:59:54+0200,adf59793-da45-49b4-9a92-f95cd560cccb,2026-06-27T11:30:00Z,2026-06-27T13:30:00+0200,50859.40071,MW,DE,DE_LU,actual_load,Actual Load,2026-07-26T13:03:42Z
2026-07-26T12:59:54Z,2026-07-26T14:59:54+0200,adf59793-da45-49b4-9a92-f95cd560cccb,2026-06-27T11:45:00Z,2026-06-27T13:45:00+0200,49680.845,MW,DE,DE_LU,actual_load,Actual Load,2026-07-26T13:03:42Z
2026-07-26T12:59:54Z,2026-07-26T14:59:54+0200,adf59793-da45-49b4-9a92-f95cd560cccb,2026-06-27T12:00:00Z,2026-06-27T14:00:00+0200,49111.87745,MW,DE,DE_LU,actual_load,Actual Load,2026-07-26T13:03:42Z
2026-07-26T12:59:54Z,2026-07-26T14:59:54+0200,adf59793-da45-49b4-9a92-f95cd560cccb,2026-06-27T12:15:00Z,2026-06-27T14:15:00+0200,48907.08859,MW,DE,DE_LU,actual_load,Actual Load,2026-07-26T13:03:42Z
2026-07-26T12:59:54Z,2026-07-26T14:59:54+0200,adf59793-da45-49b4-9a92-f95cd560cccb,2026-06-27T12:30:00Z,2026-06-27T14:30:00+0200,48704.66886,MW,DE,DE_LU,actual_load,Actual Load,2026-07-26T13:03:42Z
2026-07-26T12:59:54Z,2026-07-26T14:59:54+0200,adf59793-da45-49b4-9a92-f95cd560cccb,2026-06-27T12:45:00Z,2026-06-27T14:45:00+0200,48488.29937,MW,DE,DE_LU,actual_load,Actual Load,2026-07-26T13:03:42Z
2026-07-26T12:59:54Z,2026-07-26T14:59:54+0200,adf59793-da45-49b4-9a92-f95cd560cccb,2026-06-27T13:00:00Z,2026-06-27T15:00:00+0200,48595.97755,MW,DE,DE_LU,actual_load,Actual Load,2026-07-26T13:03:42Z
2026-07-26T12:59:54Z,2026-07-26T14:59:54+0200,adf59793-da45-49b4-9a92-f95cd560cccb,2026-06-27T13:15:00Z,2026-06-27T15:15:00+0200,48354.3416,MW,DE,DE_LU,actual_load,Actual Load,2026-07-26T13:03:42Z
2026-07-26T12:59:54Z,2026-07-26T14:59:54+0200,adf59793-da45-49b4-9a92-f95cd560cccb,2026-06-27T13:30:00Z,2026-06-27T15:30:00+0200,48765.50654,MW,DE,DE_LU,actual_load,Actual Load,2026-07-26T13:03:42Z
2026-07-26T12:59:54Z,2026-07-26T14:59:54+0200,adf59793-da45-49b4-9a92-f95cd560cccb,2026-06-27T13:45:00Z,2026-06-27T15:45:00+0200,49181.64268,MW,DE,DE_LU,actual_load,Actual Load,2026-07-26T13:03:42Z
2026-07-26T12:59:54Z,2026-07-26T14:59:54+0200,adf59793-da45-49b4-9a92-f95cd560cccb,2026-06-27T14:00:00Z,2026-06-27T16:00:00+0200,50483.45874,MW,DE,DE_LU,actual_load,Actual Load,2026-07-26T13:03:42Z
2026-07-26T12:59:54Z,2026-07-26T14:59:54+0200,adf59793-da45-49b4-9a92-f95cd560cccb,2026-06-27T14:15:00Z,2026-06-27T16:15:00+0200,50054.95339,MW,DE,DE_LU,actual_load,Actual Load,2026-07-26T13:03:42Z
2026-07-26T12:59:54Z,2026-07-26T14:59:54+0200,adf59793-da45-49b4-9a92-f95cd560cccb,2026-06-27T14:30:00Z,2026-06-27T16:30:00+0200,49782.93268,MW,DE,DE_LU,actual_load,Actual Load,2026-07-26T13:03:42Z
2026-07-26T12:59:54Z,2026-07-26T14:59:54+0200,adf59793-da45-49b4-9a92-f95cd560cccb,2026-06-27T14:45:00Z,2026-06-27T16:45:00+0200,50427.54629,MW,DE,DE_LU,actual_load,Actual Load,2026-07-26T13:03:42Z
2026-07-26T12:59:54Z,2026-07-26T14:59:54+0200,adf59793-da45-49b4-9a92-f95cd560cccb,2026-06-27T15:00:00Z,2026-06-27T17:00:00+0200,51205.04923,MW,DE,DE_LU,actual_load,Actual Load,2026-07-26T13:03:42Z
2026-07-26T12:59:54Z,2026-07-26T14:59:54+0200,adf59793-da45-49b4-9a92-f95cd560cccb,2026-06-27T15:15:00Z,2026-06-27T17:15:00+0200,51021.82367,MW,DE,DE_LU,actual_load,Actual Load,2026-07-26T13:03:42Z
2026-07-26T12:59:54Z,2026-07-26T14:59:54+0200,adf59793-da45-49b4-9a92-f95cd560cccb,2026-06-27T15:30:00Z,2026-06-27T17:30:00+0200,51322.87842,MW,DE,DE_LU,actual_load,Actual Load,2026-07-26T13:03:42Z
2026-07-26T12:59:54Z,2026-07-26T14:59:54+0200,adf59793-da45-49b4-9a92-f95cd560cccb,2026-06-27T15:45:00Z,2026-06-27T17:45:00+0200,52405.72619,MW,DE,DE_LU,actual_load,Actual Load,2026-07-26T13:03:42Z
2026-07-26T12:59:54Z,2026-07-26T14:59:54+0200,adf59793-da45-49b4-9a92-f95cd560cccb,2026-06-27T16:00:00Z,2026-06-27T18:00:00+0200,53187.17478,MW,DE,DE_LU,actual_load,Actual Load,2026-07-26T13:03:42Z
2026-07-26T12:59:54Z,2026-07-26T14:59:54+0200,adf59793-da45-49b4-9a92-f95cd560cccb,2026-06-27T16:15:00Z,2026-06-27T18:15:00+0200,53171.70731,MW,DE,DE_LU,actual_load,Actual Load,2026-07-26T13:03:42Z
2026-07-26T12:59:54Z,2026-07-26T14:59:54+0200,adf59793-da45-49b4-9a92-f95cd560cccb,2026-06-27T16:30:00Z,2026-06-27T18:30:00+0200,53794.31379,MW,DE,DE_LU,actual_load,Actual Load,2026-07-26T13:03:42Z
2026-07-26T12:59:54Z,2026-07-26T14:59:54+0200,adf59793-da45-49b4-9a92-f95cd560cccb,2026-06-27T16:45:00Z,2026-06-27T18:45:00+0200,53788.06797,MW,DE,DE_LU,actual_load,Actual Load,2026-07-26T13:03:42Z
2026-07-26T12:59:54Z,2026-07-26T14:59:54+0200,adf59793-da45-49b4-9a92-f95cd560cccb,2026-06-27T17:00:00Z,2026-06-27T19:00:00+0200,53964.73232,MW,DE,DE_LU,actual_load,Actual Load,2026-07-26T13:03:42Z
2026-07-26T12:59:54Z,2026-07-26T14:59:54+0200,adf59793-da45-49b4-9a92-f95cd560cccb,2026-06-27T17:15:00Z,2026-06-27T19:15:00+0200,53949.48759,MW,DE,DE_LU,actual_load,Actual Load,2026-07-26T13:03:42Z
2026-07-26T12:59:54Z,2026-07-26T14:59:54+0200,adf59793-da45-49b4-9a92-f95cd560cccb,2026-06-27T17:30:00Z,2026-06-27T19:30:00+0200,53850.83154,MW,DE,DE_LU,actual_load,Actual Load,2026-07-26T13:03:42Z
2026-07-26T12:59:54Z,2026-07-26T14:59:54+0200,adf59793-da45-49b4-9a92-f95cd560cccb,2026-06-27T17:45:00Z,2026-06-27T19:45:00+0200,53234.71254,MW,DE,DE_LU,actual_load,Actual Load,2026-07-26T13:03:42Z
2026-07-26T12:59:54Z,2026-07-26T14:59:54+0200,adf59793-da45-49b4-9a92-f95cd560cccb,2026-06-27T18:00:00Z,2026-06-27T20:00:00+0200,53507.43402,MW,DE,DE_LU,actual_load,Actual Load,2026-07-26T13:03:42Z
2026-07-26T12:59:54Z,2026-07-26T14:59:54+0200,adf59793-da45-49b4-9a92-f95cd560cccb,2026-06-27T18:15:00Z,2026-06-27T20:15:00+0200,53230.72196,MW,DE,DE_LU,actual_load,Actual Load,2026-07-26T13:03:42Z
2026-07-26T12:59:54Z,2026-07-26T14:59:54+0200,adf59793-da45-49b4-9a92-f95cd560cccb,2026-06-27T18:30:00Z,2026-06-27T20:30:00+0200,52789.06807,MW,DE,DE_LU,actual_load,Actual Load,2026-07-26T13:03:42Z
2026-07-26T12:59:54Z,2026-07-26T14:59:54+0200,adf59793-da45-49b4-9a92-f95cd560cccb,2026-06-27T18:45:00Z,2026-06-27T20:45:00+0200,52006.58024,MW,DE,DE_LU,actual_load,Actual Load,2026-07-26T13:03:42Z
2026-07-26T12:59:54Z,2026-07-26T14:59:54+0200,adf59793-da45-49b4-9a92-f95cd560cccb,2026-06-27T19:00:00Z,2026-06-27T21:00:00+0200,51889.46141,MW,DE,DE_LU,actual_load,Actual Load,2026-07-26T13:03:42Z
2026-07-26T12:59:54Z,2026-07-26T14:59:54+0200,adf59793-da45-49b4-9a92-f95cd560cccb,2026-06-27T19:15:00Z,2026-06-27T21:15:00+0200,51355.51546,MW,DE,DE_LU,actual_load,Actual Load,2026-07-26T13:03:42Z
2026-07-26T12:59:54Z,2026-07-26T14:59:54+0200,adf59793-da45-49b4-9a92-f95cd560cccb,2026-06-27T19:30:00Z,2026-06-27T21:30:00+0200,51162.01738,MW,DE,DE_LU,actual_load,Actual Load,2026-07-26T13:03:42Z
2026-07-26T12:59:54Z,2026-07-26T14:59:54+0200,adf59793-da45-49b4-9a92-f95cd560cccb,2026-06-27T19:45:00Z,2026-06-27T21:45:00+0200,51099.06973,MW,DE,DE_LU,actual_load,Actual Load,2026-07-26T13:03:42Z
2026-07-26T12:59:54Z,2026-07-26T14:59:54+0200,adf59793-da45-49b4-9a92-f95cd560cccb,2026-06-27T20:00:00Z,2026-06-27T22:00:00+0200,50839.77926,MW,DE,DE_LU,actual_load,Actual Load,2026-07-26T13:03:42Z
2026-07-26T12:59:54Z,2026-07-26T14:59:54+0200,adf59793-da45-49b4-9a92-f95cd560cccb,2026-06-27T20:15:00Z,2026-06-27T22:15:00+0200,51002.86473,MW,DE,DE_LU,actual_load,Actual Load,2026-07-26T13:03:42Z
2026-07-26T12:59:54Z,2026-07-26T14:59:54+0200,adf59793-da45-49b4-9a92-f95cd560cccb,2026-06-27T20:30:00Z,2026-06-27T22:30:00+0200,50333.33108,MW,DE,DE_LU,actual_load,Actual Load,2026-07-26T13:03:42Z
2026-07-26T12:59:54Z,2026-07-26T14:59:54+0200,adf59793-da45-49b4-9a92-f95cd560cccb,2026-06-27T20:45:00Z,2026-06-27T22:45:00+0200,49573.1889,MW,DE,DE_LU,actual_load,Actual Load,2026-07-26T13:03:42Z
2026-07-26T12:59:54Z,2026-07-26T14:59:54+0200,adf59793-da45-49b4-9a92-f95cd560cccb,2026-06-27T21:00:00Z,2026-06-27T23:00:00+0200,49308.73972,MW,DE,DE_LU,actual_load,Actual Load,2026-07-26T13:03:42Z
2026-07-26T12:59:54Z,2026-07-26T14:59:54+0200,adf59793-da45-49b4-9a92-f95cd560cccb,2026-06-27T21:15:00Z,2026-06-27T23:15:00+0200,49162.43563,MW,DE,DE_LU,actual_load,Actual Load,2026-07-26T13:03:42Z
2026-07-26T12:59:54Z,2026-07-26T14:59:54+0200,adf59793-da45-49b4-9a92-f95cd560cccb,2026-06-27T21:30:00Z,2026-06-27T23:30:00+0200,48677.527,MW,DE,DE_LU,actual_load,Actual Load,2026-07-26T13:03:42Z
2026-07-26T12:59:54Z,2026-07-26T14:59:54+0200,adf59793-da45-49b4-9a92-f95cd560cccb,2026-06-27T21:45:00Z,2026-06-27T23:45:00+0200,48278.04903,MW,DE,DE_LU,actual_load,Actual Load,2026-07-26T13:03:42Z
2026-07-26T12:59:54Z,2026-07-26T14:59:54+0200,adf59793-da45-49b4-9a92-f95cd560cccb,2026-06-27T22:00:00Z,2026-06-28T00:00:00+0200,46816.29642,MW,DE,DE_LU,actual_load,Actual Load,2026-07-26T13:03:42Z
2026-07-26T12:59:54Z,2026-07-26T14:59:54+0200,adf59793-da45-49b4-9a92-f95cd560cccb,2026-06-27T22:15:00Z,2026-06-28T00:15:00+0200,46157.51786,MW,DE,DE_LU,actual_load,Actual Load,2026-07-26T13:03:42Z
2026-07-26T12:59:54Z,2026-07-26T14:59:54+0200,adf59793-da45-49b4-9a92-f95cd560cccb,2026-06-27T22:30:00Z,2026-06-28T00:30:00+0200,45686.26818,MW,DE,DE_LU,actual_load,Actual Load,2026-07-26T13:03:42Z
2026-07-26T12:59:54Z,2026-07-26T14:59:54+0200,adf59793-da45-49b4-9a92-f95cd560cccb,2026-06-27T22:45:00Z,2026-06-28T00:45:00+0200,45446.67755,MW,DE,DE_LU,actual_load,Actual Load,2026-07-26T13:03:42Z
2026-07-26T12:59:54Z,2026-07-26T14:59:54+0200,adf59793-da45-49b4-9a92-f95cd560cccb,2026-06-27T23:00:00Z,2026-06-28T01:00:00+0200,45562.06648,MW,DE,DE_LU,actual_load,Actual Load,2026-07-26T13:03:42Z
2026-07-26T12:59:54Z,2026-07-26T14:59:54+0200,adf59793-da45-49b4-9a92-f95cd560cccb,2026-06-27T23:15:00Z,2026-06-28T01:15:00+0200,45939.36737,MW,DE,DE_LU,actual_load,Actual Load,2026-07-26T13:03:42Z
2026-07-26T12:59:54Z,2026-07-26T14:59:54+0200,adf59793-da45-49b4-9a92-f95cd560cccb,2026-06-27T23:30:00Z,2026-06-28T01:30:00+0200,44609.16044,MW,DE,DE_LU,actual_load,Actual Load,2026-07-26T13:03:42Z
2026-07-26T12:59:54Z,2026-07-26T14:59:54+0200,adf59793-da45-49b4-9a92-f95cd560cccb,2026-06-27T23:45:00Z,2026-06-28T01:45:00+0200,44153.63761,MW,DE,DE_LU,actual_load,Actual Load,2026-07-26T13:03:42Z
2026-07-26T12:59:54Z,2026-07-26T14:59:54+0200,adf59793-da45-49b4-9a92-f95cd560cccb,2026-06-28T00:00:00Z,2026-06-28T02:00:00+0200,43410.17612,MW,DE,DE_LU,actual_load,Actual Load,2026-07-26T13:03:42Z
2026-07-26T12:59:54Z,2026-07-26T14:59:54+0200,adf59793-da45-49b4-9a92-f95cd560cccb,2026-06-28T00:15:00Z,2026-06-28T02:15:00+0200,42537.75764,MW,DE,DE_LU,actual_load,Actual Load,2026-07-26T13:03:42Z
2026-07-26T12:59:54Z,2026-07-26T14:59:54+0200,adf59793-da45-49b4-9a92-f95cd560cccb,2026-06-28T00:30:00Z,2026-06-28T02:30:00+0200,42281.5998,MW,DE,DE_LU,actual_load,Actual Load,2026-07-26T13:03:42Z
2026-07-26T12:59:54Z,2026-07-26T14:59:54+0200,adf59793-da45-49b4-9a92-f95cd560cccb,2026-06-28T00:45:00Z,2026-06-28T02:45:00+0200,43171.93654,MW,DE,DE_LU,actual_load,Actual Load,2026-07-26T13:03:42Z
2026-07-26T12:59:54Z,2026-07-26T14:59:54+0200,adf59793-da45-49b4-9a92-f95cd560cccb,2026-06-28T01:00:00Z,2026-06-28T03:00:00+0200,43423.40987,MW,DE,DE_LU,actual_load,Actual Load,2026-07-26T13:03:42Z
2026-07-26T12:59:54Z,2026-07-26T14:59:54+0200,adf59793-da45-49b4-9a92-f95cd560cccb,2026-06-28T01:15:00Z,2026-06-28T03:15:00+0200,42872.43403,MW,DE,DE_LU,actual_load,Actual Load,2026-07-26T13:03:42Z
2026-07-26T12:59:54Z,2026-07-26T14:59:54+0200,adf59793-da45-49b4-9a92-f95cd560cccb,2026-06-28T01:30:00Z,2026-06-28T03:30:00+0200,42915.17163,MW,DE,DE_LU,actual_load,Actual Load,2026-07-26T13:03:42Z
2026-07-26T12:59:54Z,2026-07-26T14:59:54+0200,adf59793-da45-49b4-9a92-f95cd560cccb,2026-06-28T01:45:00Z,2026-06-28T03:45:00+0200,42021.39235,MW,DE,DE_LU,actual_load,Actual Load,2026-07-26T13:03:42Z
2026-07-26T12:59:54Z,2026-07-26T14:59:54+0200,adf59793-da45-49b4-9a92-f95cd560cccb,2026-06-28T02:00:00Z,2026-06-28T04:00:00+0200,41616.7983,MW,DE,DE_LU,actual_load,Actual Load,2026-07-26T13:03:42Z
2026-07-26T12:59:54Z,2026-07-26T14:59:54+0200,adf59793-da45-49b4-9a92-f95cd560cccb,2026-06-28T02:15:00Z,2026-06-28T04:15:00+0200,40871.14068,MW,DE,DE_LU,actual_load,Actual Load,2026-07-26T13:03:42Z
2026-07-26T12:59:54Z,2026-07-26T14:59:54+0200,adf59793-da45-49b4-9a92-f95cd560cccb,2026-06-28T02:30:00Z,2026-06-28T04:30:00+0200,40951.48665,MW,DE,DE_LU,actual_load,Actual Load,2026-07-26T13:03:42Z
2026-07-26T12:59:54Z,2026-07-26T14:59:54+0200,adf59793-da45-49b4-9a92-f95cd560cccb,2026-06-28T02:45:00Z,2026-06-28T04:45:00+0200,41838.08536,MW,DE,DE_LU,actual_load,Actual Load,2026-07-26T13:03:42Z
2026-07-26T12:59:54Z,2026-07-26T14:59:54+0200,adf59793-da45-49b4-9a92-f95cd560cccb,2026-06-28T03:00:00Z,2026-06-28T05:00:00+0200,42382.63734,MW,DE,DE_LU,actual_load,Actual Load,2026-07-26T13:03:42Z
2026-07-26T12:59:54Z,2026-07-26T14:59:54+0200,adf59793-da45-49b4-9a92-f95cd560cccb,2026-06-28T03:15:00Z,2026-06-28T05:15:00+0200,42342.03839,MW,DE,DE_LU,actual_load,Actual Load,2026-07-26T13:03:42Z
2026-07-26T12:59:54Z,2026-07-26T14:59:54+0200,adf59793-da45-49b4-9a92-f95cd560cccb,2026-06-28T03:30:00Z,2026-06-28T05:30:00+0200,42513.53715,MW,DE,DE_LU,actual_load,Actual Load,2026-07-26T13:03:42Z
2026-07-26T12:59:54Z,2026-07-26T14:59:54+0200,adf59793-da45-49b4-9a92-f95cd560cccb,2026-06-28T03:45:00Z,2026-06-28T05:45:00+0200,43333.31519,MW,DE,DE_LU,actual_load,Actual Load,2026-07-26T13:03:42Z
2026-07-26T12:59:54Z,2026-07-26T14:59:54+0200,adf59793-da45-49b4-9a92-f95cd560cccb,2026-06-28T04:00:00Z,2026-06-28T06:00:00+0200,42748.64007,MW,DE,DE_LU,actual_load,Actual Load,2026-07-26T13:03:42Z
2026-07-26T12:59:54Z,2026-07-26T14:59:54+0200,adf59793-da45-49b4-9a92-f95cd560cccb,2026-06-28T04:15:00Z,2026-06-28T06:15:00+0200,42080.45817,MW,DE,DE_LU,actual_load,Actual Load,2026-07-26T13:03:42Z
2026-07-26T12:59:54Z,2026-07-26T14:59:54+0200,adf59793-da45-49b4-9a92-f95cd560cccb,2026-06-28T04:30:00Z,2026-06-28T06:30:00+0200,42908.78018,MW,DE,DE_LU,actual_load,Actual Load,2026-07-26T13:03:42Z
2026-07-26T12:59:54Z,2026-07-26T14:59:54+0200,adf59793-da45-49b4-9a92-f95cd560cccb,2026-06-28T04:45:00Z,2026-06-28T06:45:00+0200,43461.09153,MW,DE,DE_LU,actual_load,Actual Load,2026-07-26T13:03:42Z
2026-07-26T12:59:54Z,2026-07-26T14:59:54+0200,adf59793-da45-49b4-9a92-f95cd560cccb,2026-06-28T05:00:00Z,2026-06-28T07:00:00+0200,44222.08677,MW,DE,DE_LU,actual_load,Actual Load,2026-07-26T13:03:42Z
2026-07-26T12:59:54Z,2026-07-26T14:59:54+0200,adf59793-da45-49b4-9a92-f95cd560cccb,2026-06-28T05:15:00Z,2026-06-28T07:15:00+0200,45111.58625,MW,DE,DE_LU,actual_load,Actual Load,2026-07-26T13:03:42Z
2026-07-26T12:59:54Z,2026-07-26T14:59:54+0200,adf59793-da45-49b4-9a92-f95cd560cccb,2026-06-28T05:30:00Z,2026-06-28T07:30:00+0200,45130.76025,MW,DE,DE_LU,actual_load,Actual Load,2026-07-26T13:03:42Z
2026-07-26T12:59:54Z,2026-07-26T14:59:54+0200,adf59793-da45-49b4-9a92-f95cd560cccb,2026-06-28T05:45:00Z,2026-06-28T07:45:00+0200,44750.87794,MW,DE,DE_LU,actual_load,Actual Load,2026-07-26T13:03:42Z
2026-07-26T12:59:54Z,2026-07-26T14:59:54+0200,adf59793-da45-49b4-9a92-f95cd560cccb,2026-06-28T06:00:00Z,2026-06-28T08:00:00+0200,44190.19703,MW,DE,DE_LU,actual_load,Actual Load,2026-07-26T13:03:42Z
2026-07-26T12:59:54Z,2026-07-26T14:59:54+0200,adf59793-da45-49b4-9a92-f95cd560cccb,2026-06-28T06:15:00Z,2026-06-28T08:15:00+0200,45142.73757,MW,DE,DE_LU,actual_load,Actual Load,2026-07-26T13:03:42Z
2026-07-26T12:59:54Z,2026-07-26T14:59:54+0200,adf59793-da45-49b4-9a92-f95cd560cccb,2026-06-28T06:30:00Z,2026-06-28T08:30:00+0200,45489.51707,MW,DE,DE_LU,actual_load,Actual Load,2026-07-26T13:03:42Z
2026-07-26T12:59:54Z,2026-07-26T14:59:54+0200,adf59793-da45-49b4-9a92-f95cd560cccb,2026-06-28T06:45:00Z,2026-06-28T08:45:00+0200,46035.18436,MW,DE,DE_LU,actual_load,Actual Load,2026-07-26T13:03:42Z
2026-07-26T12:59:54Z,2026-07-26T14:59:54+0200,adf59793-da45-49b4-9a92-f95cd560cccb,2026-06-28T07:00:00Z,2026-06-28T09:00:00+0200,46427.82694,MW,DE,DE_LU,actual_load,Actual Load,2026-07-26T13:03:42Z
2026-07-26T12:59:54Z,2026-07-26T14:59:54+0200,adf59793-da45-49b4-9a92-f95cd560cccb,2026-06-28T07:15:00Z,2026-06-28T09:15:00+0200,47190.94114,MW,DE,DE_LU,actual_load,Actual Load,2026-07-26T13:03:42Z
2026-07-26T12:59:54Z,2026-07-26T14:59:54+0200,adf59793-da45-49b4-9a92-f95cd560cccb,2026-06-28T07:30:00Z,2026-06-28T09:30:00+0200,47141.56628,MW,DE,DE_LU,actual_load,Actual Load,2026-07-26T13:03:42Z
2026-07-26T12:59:54Z,2026-07-26T14:59:54+0200,adf59793-da45-49b4-9a92-f95cd560cccb,2026-06-28T07:45:00Z,2026-06-28T09:45:00+0200,46976.90078,MW,DE,DE_LU,actual_load,Actual Load,2026-07-26T13:03:42Z
2026-07-26T12:59:54Z,2026-07-26T14:59:54+0200,adf59793-da45-49b4-9a92-f95cd560cccb,2026-06-28T08:00:00Z,2026-06-28T10:00:00+0200,47518.10663,MW,DE,DE_LU,actual_load,Actual Load,2026-07-26T13:03:42Z
2026-07-26T12:59:54Z,2026-07-26T14:59:54+0200,adf59793-da45-49b4-9a92-f95cd560cccb,2026-06-28T08:15:00Z,2026-06-28T10:15:00+0200,47784.06534,MW,DE,DE_LU,actual_load,Actual Load,2026-07-26T13:03:42Z
2026-07-26T12:59:54Z,2026-07-26T14:59:54+0200,adf59793-da45-49b4-9a92-f95cd560cccb,2026-06-28T08:30:00Z,2026-06-28T10:30:00+0200,48003.2171,MW,DE,DE_LU,actual_load,Actual Load,2026-07-26T13:03:42Z
2026-07-26T12:59:54Z,2026-07-26T14:59:54+0200,adf59793-da45-49b4-9a92-f95cd560cccb,2026-06-28T08:45:00Z,2026-06-28T10:45:00+0200,48960.91486,MW,DE,DE_LU,actual_load,Actual Load,2026-07-26T13:03:42Z
2026-07-26T12:59:54Z,2026-07-26T14:59:54+0200,adf59793-da45-49b4-9a92-f95cd560cccb,2026-06-28T09:00:00Z,2026-06-28T11:00:00+0200,48322.34459,MW,DE,DE_LU,actual_load,Actual Load,2026-07-26T13:03:42Z
2026-07-26T12:59:54Z,2026-07-26T14:59:54+0200,adf59793-da45-49b4-9a92-f95cd560cccb,2026-06-28T09:15:00Z,2026-06-28T11:15:00+0200,48829.88738,MW,DE,DE_LU,actual_load,Actual Load,2026-07-26T13:03:42Z
2026-07-26T12:59:54Z,2026-07-26T14:59:54+0200,adf59793-da45-49b4-9a92-f95cd560cccb,2026-06-28T09:30:00Z,2026-06-28T11:30:00+0200,49149.4037,MW,DE,DE_LU,actual_load,Actual Load,2026-07-26T13:03:42Z
2026-07-26T12:59:54Z,2026-07-26T14:59:54+0200,adf59793-da45-49b4-9a92-f95cd560cccb,2026-06-28T09:45:00Z,2026-06-28T11:45:00+0200,49305.03293,MW,DE,DE_LU,actual_load,Actual Load,2026-07-26T13:03:42Z
2026-07-26T12:59:54Z,2026-07-26T14:59:54+0200,adf59793-da45-49b4-9a92-f95cd560cccb,2026-06-28T10:00:00Z,2026-06-28T12:00:00+0200,48735.64471,MW,DE,DE_LU,actual_load,Actual Load,2026-07-26T13:03:42Z
2026-07-26T12:59:54Z,2026-07-26T14:59:54+0200,adf59793-da45-49b4-9a92-f95cd560cccb,2026-06-28T10:15:00Z,2026-06-28T12:15:00+0200,48725.65361,MW,DE,DE_LU,actual_load,Actual Load,2026-07-26T13:03:42Z
2026-07-26T12:59:54Z,2026-07-26T14:59:54+0200,adf59793-da45-49b4-9a92-f95cd560cccb,2026-06-28T10:30:00Z,2026-06-28T12:30:00+0200,48878.12536,MW,DE,DE_LU,actual_load,Actual Load,2026-07-26T13:03:42Z
2026-07-26T12:59:54Z,2026-07-26T14:59:54+0200,adf59793-da45-49b4-9a92-f95cd560cccb,2026-06-28T10:45:00Z,2026-06-28T12:45:00+0200,48275.93454,MW,DE,DE_LU,actual_load,Actual Load,2026-07-26T13:03:42Z
2026-07-26T12:59:54Z,2026-07-26T14:59:54+0200,adf59793-da45-49b4-9a92-f95cd560cccb,2026-06-28T11:00:00Z,2026-06-28T13:00:00+0200,47777.40427,MW,DE,DE_LU,actual_load,Actual Load,2026-07-26T13:03:42Z
2026-07-26T12:59:54Z,2026-07-26T14:59:54+0200,adf59793-da45-49b4-9a92-f95cd560cccb,2026-06-28T11:15:00Z,2026-06-28T13:15:00+0200,47865.59135,MW,DE,DE_LU,actual_load,Actual Load,2026-07-26T13:03:42Z
2026-07-26T12:59:54Z,2026-07-26T14:59:54+0200,adf59793-da45-49b4-9a92-f95cd560cccb,2026-06-28T11:30:00Z,2026-06-28T13:30:00+0200,47619.74726,MW,DE,DE_LU,actual_load,Actual Load,2026-07-26T13:03:42Z
2026-07-26T12:59:54Z,2026-07-26T14:59:54+0200,adf59793-da45-49b4-9a92-f95cd560cccb,2026-06-28T11:45:00Z,2026-06-28T13:45:00+0200,47257.39495,MW,DE,DE_LU,actual_load,Actual Load,2026-07-26T13:03:42Z
2026-07-26T12:59:54Z,2026-07-26T14:59:54+0200,adf59793-da45-49b4-9a92-f95cd560cccb,2026-06-28T12:00:00Z,2026-06-28T14:00:00+0200,46962.15025,MW,DE,DE_LU,actual_load,Actual Load,2026-07-26T13:03:42Z
2026-07-26T12:59:54Z,2026-07-26T14:59:54+0200,adf59793-da45-49b4-9a92-f95cd560cccb,2026-06-28T12:15:00Z,2026-06-28T14:15:00+0200,46177.10878,MW,DE,DE_LU,actual_load,Actual Load,2026-07-26T13:03:42Z
2026-07-26T12:59:54Z,2026-07-26T14:59:54+0200,adf59793-da45-49b4-9a92-f95cd560cccb,2026-06-28T12:30:00Z,2026-06-28T14:30:00+0200,45343.87559,MW,DE,DE_LU,actual_load,Actual Load,2026-07-26T13:03:42Z
2026-07-26T12:59:54Z,2026-07-26T14:59:54+0200,adf59793-da45-49b4-9a92-f95cd560cccb,2026-06-28T12:45:00Z,2026-06-28T14:45:00+0200,45496.02781,MW,DE,DE_LU,actual_load,Actual Load,2026-07-26T13:03:42Z
2026-07-26T12:59:54Z,2026-07-26T14:59:54+0200,adf59793-da45-49b4-9a92-f95cd560cccb,2026-06-28T13:00:00Z,2026-06-28T15:00:00+0200,45532.76944,MW,DE,DE_LU,actual_load,Actual Load,2026-07-26T13:03:42Z
2026-07-26T12:59:54Z,2026-07-26T14:59:54+0200,adf59793-da45-49b4-9a92-f95cd560cccb,2026-06-28T13:15:00Z,2026-06-28T15:15:00+0200,45968.43867,MW,DE,DE_LU,actual_load,Actual Load,2026-07-26T13:03:42Z
2026-07-26T12:59:54Z,2026-07-26T14:59:54+0200,adf59793-da45-49b4-9a92-f95cd560cccb,2026-06-28T13:30:00Z,2026-06-28T15:30:00+0200,45976.98673,MW,DE,DE_LU,actual_load,Actual Load,2026-07-26T13:03:42Z
2026-07-26T12:59:54Z,2026-07-26T14:59:54+0200,adf59793-da45-49b4-9a92-f95cd560cccb,2026-06-28T13:45:00Z,2026-06-28T15:45:00+0200,46185.83688,MW,DE,DE_LU,actual_load,Actual Load,2026-07-26T13:03:42Z
2026-07-26T12:59:54Z,2026-07-26T14:59:54+0200,adf59793-da45-49b4-9a92-f95cd560cccb,2026-06-28T14:00:00Z,2026-06-28T16:00:00+0200,46734.97476,MW,DE,DE_LU,actual_load,Actual Load,2026-07-26T13:03:42Z
2026-07-26T12:59:54Z,2026-07-26T14:59:54+0200,adf59793-da45-49b4-9a92-f95cd560cccb,2026-06-28T14:15:00Z,2026-06-28T16:15:00+0200,46645.92186,MW,DE,DE_LU,actual_load,Actual Load,2026-07-26T13:03:42Z
2026-07-26T12:59:54Z,2026-07-26T14:59:54+0200,adf59793-da45-49b4-9a92-f95cd560cccb,2026-06-28T14:30:00Z,2026-06-28T16:30:00+0200,47065.70428,MW,DE,DE_LU,actual_load,Actual Load,2026-07-26T13:03:42Z
2026-07-26T12:59:54Z,2026-07-26T14:59:54+0200,adf59793-da45-49b4-9a92-f95cd560cccb,2026-06-28T14:45:00Z,2026-06-28T16:45:00+0200,47382.81561,MW,DE,DE_LU,actual_load,Actual Load,2026-07-26T13:03:42Z
2026-07-26T12:59:54Z,2026-07-26T14:59:54+0200,adf59793-da45-49b4-9a92-f95cd560cccb,2026-06-28T15:00:00Z,2026-06-28T17:00:00+0200,49270.96238,MW,DE,DE_LU,actual_load,Actual Load,2026-07-26T13:03:42Z
2026-07-26T12:59:54Z,2026-07-26T14:59:54+0200,adf59793-da45-49b4-9a92-f95cd560cccb,2026-06-28T15:15:00Z,2026-06-28T17:15:00+0200,49702.55353,MW,DE,DE_LU,actual_load,Actual Load,2026-07-26T13:03:42Z
2026-07-26T12:59:54Z,2026-07-26T14:59:54+0200,adf59793-da45-49b4-9a92-f95cd560cccb,2026-06-28T15:30:00Z,2026-06-28T17:30:00+0200,50230.4788,MW,DE,DE_LU,actual_load,Actual Load,2026-07-26T13:03:42Z
2026-07-26T12:59:54Z,2026-07-26T14:59:54+0200,adf59793-da45-49b4-9a92-f95cd560cccb,2026-06-28T15:45:00Z,2026-06-28T17:45:00+0200,50750.34,MW,DE,DE_LU,actual_load,Actual Load,2026-07-26T13:03:42Z
2026-07-26T12:59:54Z,2026-07-26T14:59:54+0200,adf59793-da45-49b4-9a92-f95cd560cccb,2026-06-28T16:00:00Z,2026-06-28T18:00:00+0200,51708.68174,MW,DE,DE_LU,actual_load,Actual Load,2026-07-26T13:03:42Z
2026-07-26T12:59:54Z,2026-07-26T14:59:54+0200,adf59793-da45-49b4-9a92-f95cd560cccb,2026-06-28T16:15:00Z,2026-06-28T18:15:00+0200,52216.67094,MW,DE,DE_LU,actual_load,Actual Load,2026-07-26T13:03:42Z
2026-07-26T12:59:54Z,2026-07-26T14:59:54+0200,adf59793-da45-49b4-9a92-f95cd560cccb,2026-06-28T16:30:00Z,2026-06-28T18:30:00+0200,52808.4053,MW,DE,DE_LU,actual_load,Actual Load,2026-07-26T13:03:42Z
2026-07-26T12:59:54Z,2026-07-26T14:59:54+0200,adf59793-da45-49b4-9a92-f95cd560cccb,2026-06-28T16:45:00Z,2026-06-28T18:45:00+0200,53361.23288,MW,DE,DE_LU,actual_load,Actual Load,2026-07-26T13:03:42Z
2026-07-26T12:59:54Z,2026-07-26T14:59:54+0200,adf59793-da45-49b4-9a92-f95cd560cccb,2026-06-28T17:00:00Z,2026-06-28T19:00:00+0200,53972.3643,MW,DE,DE_LU,actual_load,Actual Load,2026-07-26T13:03:42Z
2026-07-26T12:59:54Z,2026-07-26T14:59:54+0200,adf59793-da45-49b4-9a92-f95cd560cccb,2026-06-28T17:15:00Z,2026-06-28T19:15:00+0200,53447.10989,MW,DE,DE_LU,actual_load,Actual Load,2026-07-26T13:03:42Z
2026-07-26T12:59:54Z,2026-07-26T14:59:54+0200,adf59793-da45-49b4-9a92-f95cd560cccb,2026-06-28T17:30:00Z,2026-06-28T19:30:00+0200,53629.94464,MW,DE,DE_LU,actual_load,Actual Load,2026-07-26T13:03:42Z
2026-07-26T12:59:54Z,2026-07-26T14:59:54+0200,adf59793-da45-49b4-9a92-f95cd560cccb,2026-06-28T17:45:00Z,2026-06-28T19:45:00+0200,53691.16855,MW,DE,DE_LU,actual_load,Actual Load,2026-07-26T13:03:42Z
2026-07-26T12:59:54Z,2026-07-26T14:59:54+0200,adf59793-da45-49b4-9a92-f95cd560cccb,2026-06-28T18:00:00Z,2026-06-28T20:00:00+0200,53672.19737,MW,DE,DE_LU,actual_load,Actual Load,2026-07-26T13:03:42Z
2026-07-26T12:59:54Z,2026-07-26T14:59:54+0200,adf59793-da45-49b4-9a92-f95cd560cccb,2026-06-28T18:15:00Z,2026-06-28T20:15:00+0200,53751.90138,MW,DE,DE_LU,actual_load,Actual Load,2026-07-26T13:03:42Z
2026-07-26T12:59:54Z,2026-07-26T14:59:54+0200,adf59793-da45-49b4-9a92-f95cd560cccb,2026-06-28T18:30:00Z,2026-06-28T20:30:00+0200,53610.06132,MW,DE,DE_LU,actual_load,Actual Load,2026-07-26T13:03:42Z
2026-07-26T12:59:54Z,2026-07-26T14:59:54+0200,adf59793-da45-49b4-9a92-f95cd560cccb,2026-06-28T18:45:00Z,2026-06-28T20:45:00+0200,53013.29244,MW,DE,DE_LU,actual_load,Actual Load,2026-07-26T13:03:42Z
2026-07-26T12:59:54Z,2026-07-26T14:59:54+0200,adf59793-da45-49b4-9a92-f95cd560cccb,2026-06-28T19:00:00Z,2026-06-28T21:00:00+0200,52582.28649,MW,DE,DE_LU,actual_load,Actual Load,2026-07-26T13:03:42Z
2026-07-26T12:59:54Z,2026-07-26T14:59:54+0200,adf59793-da45-49b4-9a92-f95cd560cccb,2026-06-28T19:15:00Z,2026-06-28T21:15:00+0200,52379.48075,MW,DE,DE_LU,actual_load,Actual Load,2026-07-26T13:03:42Z
2026-07-26T12:59:54Z,2026-07-26T14:59:54+0200,adf59793-da45-49b4-9a92-f95cd560cccb,2026-06-28T19:30:00Z,2026-06-28T21:30:00+0200,52079.50436,MW,DE,DE_LU,actual_load,Actual Load,2026-07-26T13:03:42Z
2026-07-26T12:59:54Z,2026-07-26T14:59:54+0200,adf59793-da45-49b4-9a92-f95cd560cccb,2026-06-28T19:45:00Z,2026-06-28T21:45:00+0200,52591.43991,MW,DE,DE_LU,actual_load,Actual Load,2026-07-26T13:03:42Z
2026-07-26T12:59:54Z,2026-07-26T14:59:54+0200,adf59793-da45-49b4-9a92-f95cd560cccb,2026-06-28T20:00:00Z,2026-06-28T22:00:00+0200,51679.34494,MW,DE,DE_LU,actual_load,Actual Load,2026-07-26T13:03:42Z
2026-07-26T12:59:54Z,2026-07-26T14:59:54+0200,adf59793-da45-49b4-9a92-f95cd560cccb,2026-06-28T20:15:00Z,2026-06-28T22:15:00+0200,51863.86738,MW,DE,DE_LU,actual_load,Actual Load,2026-07-26T13:03:42Z
2026-07-26T12:59:54Z,2026-07-26T14:59:54+0200,adf59793-da45-49b4-9a92-f95cd560cccb,2026-06-28T20:30:00Z,2026-06-28T22:30:00+0200,51428.45893,MW,DE,DE_LU,actual_load,Actual Load,2026-07-26T13:03:42Z
2026-07-26T12:59:54Z,2026-07-26T14:59:54+0200,adf59793-da45-49b4-9a92-f95cd560cccb,2026-06-28T20:45:00Z,2026-06-28T22:45:00+0200,51019.36152,MW,DE,DE_LU,actual_load,Actual Load,2026-07-26T13:03:42Z
2026-07-26T12:59:54Z,2026-07-26T14:59:54+0200,adf59793-da45-49b4-9a92-f95cd560cccb,2026-06-28T21:00:00Z,2026-06-28T23:00:00+0200,49747.14585,MW,DE,DE_LU,actual_load,Actual Load,2026-07-26T13:03:42Z
2026-07-26T12:59:54Z,2026-07-26T14:59:54+0200,adf59793-da45-49b4-9a92-f95cd560cccb,2026-06-28T21:15:00Z,2026-06-28T23:15:00+0200,49095.14959,MW,DE,DE_LU,actual_load,Actual Load,2026-07-26T13:03:42Z
2026-07-26T12:59:54Z,2026-07-26T14:59:54+0200,adf59793-da45-49b4-9a92-f95cd560cccb,2026-06-28T21:30:00Z,2026-06-28T23:30:00+0200,48846.49512,MW,DE,DE_LU,actual_load,Actual Load,2026-07-26T13:03:42Z
2026-07-26T12:59:54Z,2026-07-26T14:59:54+0200,adf59793-da45-49b4-9a92-f95cd560cccb,2026-06-28T21:45:00Z,2026-06-28T23:45:00+0200,48348.40467,MW,DE,DE_LU,actual_load,Actual Load,2026-07-26T13:03:42Z
2026-07-26T12:59:54Z,2026-07-26T14:59:54+0200,adf59793-da45-49b4-9a92-f95cd560cccb,2026-06-28T22:00:00Z,2026-06-29T00:00:00+0200,47511.56022,MW,DE,DE_LU,actual_load,Actual Load,2026-07-26T13:03:42Z
2026-07-26T12:59:54Z,2026-07-26T14:59:54+0200,adf59793-da45-49b4-9a92-f95cd560cccb,2026-06-28T22:15:00Z,2026-06-29T00:15:00+0200,47478.28383,MW,DE,DE_LU,actual_load,Actual Load,2026-07-26T13:03:42Z
2026-07-26T12:59:54Z,2026-07-26T14:59:54+0200,adf59793-da45-49b4-9a92-f95cd560cccb,2026-06-28T22:30:00Z,2026-06-29T00:30:00+0200,47127.82384,MW,DE,DE_LU,actual_load,Actual Load,2026-07-26T13:03:42Z
2026-07-26T12:59:54Z,2026-07-26T14:59:54+0200,adf59793-da45-49b4-9a92-f95cd560cccb,2026-06-28T22:45:00Z,2026-06-29T00:45:00+0200,47045.54721,MW,DE,DE_LU,actual_load,Actual Load,2026-07-26T13:03:42Z
2026-07-26T12:59:54Z,2026-07-26T14:59:54+0200,adf59793-da45-49b4-9a92-f95cd560cccb,2026-06-28T23:00:00Z,2026-06-29T01:00:00+0200,46747.97433,MW,DE,DE_LU,actual_load,Actual Load,2026-07-26T13:03:42Z
2026-07-26T12:59:54Z,2026-07-26T14:59:54+0200,adf59793-da45-49b4-9a92-f95cd560cccb,2026-06-28T23:15:00Z,2026-06-29T01:15:00+0200,46189.10775,MW,DE,DE_LU,actual_load,Actual Load,2026-07-26T13:03:42Z
2026-07-26T12:59:54Z,2026-07-26T14:59:54+0200,adf59793-da45-49b4-9a92-f95cd560cccb,2026-06-28T23:30:00Z,2026-06-29T01:30:00+0200,45591.72984,MW,DE,DE_LU,actual_load,Actual Load,2026-07-26T13:03:42Z
2026-07-26T12:59:54Z,2026-07-26T14:59:54+0200,adf59793-da45-49b4-9a92-f95cd560cccb,2026-06-28T23:45:00Z,2026-06-29T01:45:00+0200,45093.38805,MW,DE,DE_LU,actual_load,Actual Load,2026-07-26T13:03:42Z
2026-07-26T12:59:54Z,2026-07-26T14:59:54+0200,adf59793-da45-49b4-9a92-f95cd560cccb,2026-06-29T00:00:00Z,2026-06-29T02:00:00+0200,44763.35086,MW,DE,DE_LU,actual_load,Actual Load,2026-07-26T13:03:42Z
2026-07-26T12:59:54Z,2026-07-26T14:59:54+0200,adf59793-da45-49b4-9a92-f95cd560cccb,2026-06-29T00:15:00Z,2026-06-29T02:15:00+0200,44854.71608,MW,DE,DE_LU,actual_load,Actual Load,2026-07-26T13:03:42Z
2026-07-26T12:59:54Z,2026-07-26T14:59:54+0200,adf59793-da45-49b4-9a92-f95cd560cccb,2026-06-29T00:30:00Z,2026-06-29T02:30:00+0200,44932.69963,MW,DE,DE_LU,actual_load,Actual Load,2026-07-26T13:03:42Z
2026-07-26T12:59:54Z,2026-07-26T14:59:54+0200,adf59793-da45-49b4-9a92-f95cd560cccb,2026-06-29T00:45:00Z,2026-06-29T02:45:00+0200,45070.9442,MW,DE,DE_LU,actual_load,Actual Load,2026-07-26T13:03:42Z
2026-07-26T12:59:54Z,2026-07-26T14:59:54+0200,adf59793-da45-49b4-9a92-f95cd560cccb,2026-06-29T01:00:00Z,2026-06-29T03:00:00+0200,44981.26378,MW,DE,DE_LU,actual_load,Actual Load,2026-07-26T13:03:42Z
2026-07-26T12:59:54Z,2026-07-26T14:59:54+0200,adf59793-da45-49b4-9a92-f95cd560cccb,2026-06-29T01:15:00Z,2026-06-29T03:15:00+0200,45549.548,MW,DE,DE_LU,actual_load,Actual Load,2026-07-26T13:03:42Z
2026-07-26T12:59:54Z,2026-07-26T14:59:54+0200,adf59793-da45-49b4-9a92-f95cd560cccb,2026-06-29T01:30:00Z,2026-06-29T03:30:00+0200,45442.31493,MW,DE,DE_LU,actual_load,Actual Load,2026-07-26T13:03:42Z
2026-07-26T12:59:54Z,2026-07-26T14:59:54+0200,adf59793-da45-49b4-9a92-f95cd560cccb,2026-06-29T01:45:00Z,2026-06-29T03:45:00+0200,45280.87669,MW,DE,DE_LU,actual_load,Actual Load,2026-07-26T13:03:42Z
2026-07-26T12:59:54Z,2026-07-26T14:59:54+0200,adf59793-da45-49b4-9a92-f95cd560cccb,2026-06-29T02:00:00Z,2026-06-29T04:00:00+0200,44827.70752,MW,DE,DE_LU,actual_load,Actual Load,2026-07-26T13:03:42Z
2026-07-26T12:59:54Z,2026-07-26T14:59:54+0200,adf59793-da45-49b4-9a92-f95cd560cccb,2026-06-29T02:15:00Z,2026-06-29T04:15:00+0200,44889.31697,MW,DE,DE_LU,actual_load,Actual Load,2026-07-26T13:03:42Z
2026-07-26T12:59:54Z,2026-07-26T14:59:54+0200,adf59793-da45-49b4-9a92-f95cd560cccb,2026-06-29T02:30:00Z,2026-06-29T04:30:00+0200,45498.62707,MW,DE,DE_LU,actual_load,Actual Load,2026-07-26T13:03:42Z
2026-07-26T12:59:54Z,2026-07-26T14:59:54+0200,adf59793-da45-49b4-9a92-f95cd560cccb,2026-06-29T02:45:00Z,2026-06-29T04:45:00+0200,45756.93934,MW,DE,DE_LU,actual_load,Actual Load,2026-07-26T13:03:42Z
2026-07-26T12:59:54Z,2026-07-26T14:59:54+0200,adf59793-da45-49b4-9a92-f95cd560cccb,2026-06-29T03:00:00Z,2026-06-29T05:00:00+0200,47277.65052,MW,DE,DE_LU,actual_load,Actual Load,2026-07-26T13:03:42Z
2026-07-26T12:59:54Z,2026-07-26T14:59:54+0200,adf59793-da45-49b4-9a92-f95cd560cccb,2026-06-29T03:15:00Z,2026-06-29T05:15:00+0200,47650.1453,MW,DE,DE_LU,actual_load,Actual Load,2026-07-26T13:03:42Z
2026-07-26T12:59:54Z,2026-07-26T14:59:54+0200,adf59793-da45-49b4-9a92-f95cd560cccb,2026-06-29T03:30:00Z,2026-06-29T05:30:00+0200,48601.19897,MW,DE,DE_LU,actual_load,Actual Load,2026-07-26T13:03:42Z
2026-07-26T12:59:54Z,2026-07-26T14:59:54+0200,adf59793-da45-49b4-9a92-f95cd560cccb,2026-06-29T03:45:00Z,2026-06-29T05:45:00+0200,50227.4092,MW,DE,DE_LU,actual_load,Actual Load,2026-07-26T13:03:42Z
2026-07-26T12:59:54Z,2026-07-26T14:59:54+0200,adf59793-da45-49b4-9a92-f95cd560cccb,2026-06-29T04:00:00Z,2026-06-29T06:00:00+0200,52813.96216,MW,DE,DE_LU,actual_load,Actual Load,2026-07-26T13:03:42Z
2026-07-26T12:59:54Z,2026-07-26T14:59:54+0200,adf59793-da45-49b4-9a92-f95cd560cccb,2026-06-29T04:15:00Z,2026-06-29T06:15:00+0200,54872.90154,MW,DE,DE_LU,actual_load,Actual Load,2026-07-26T13:03:42Z
2026-07-26T12:59:54Z,2026-07-26T14:59:54+0200,adf59793-da45-49b4-9a92-f95cd560cccb,2026-06-29T04:30:00Z,2026-06-29T06:30:00+0200,56186.98504,MW,DE,DE_LU,actual_load,Actual Load,2026-07-26T13:03:42Z
2026-07-26T12:59:54Z,2026-07-26T14:59:54+0200,adf59793-da45-49b4-9a92-f95cd560cccb,2026-06-29T04:45:00Z,2026-06-29T06:45:00+0200,57419.38413,MW,DE,DE_LU,actual_load,Actual Load,2026-07-26T13:03:42Z
2026-07-26T12:59:54Z,2026-07-26T14:59:54+0200,adf59793-da45-49b4-9a92-f95cd560cccb,2026-06-29T05:00:00Z,2026-06-29T07:00:00+0200,59023.36518,MW,DE,DE_LU,actual_load,Actual Load,2026-07-26T13:03:42Z
2026-07-26T12:59:54Z,2026-07-26T14:59:54+0200,adf59793-da45-49b4-9a92-f95cd560cccb,2026-06-29T05:15:00Z,2026-06-29T07:15:00+0200,60260.93907,MW,DE,DE_LU,actual_load,Actual Load,2026-07-26T13:03:42Z
2026-07-26T12:59:54Z,2026-07-26T14:59:54+0200,adf59793-da45-49b4-9a92-f95cd560cccb,2026-06-29T05:30:00Z,2026-06-29T07:30:00+0200,60923.66372,MW,DE,DE_LU,actual_load,Actual Load,2026-07-26T13:03:42Z
2026-07-26T12:59:54Z,2026-07-26T14:59:54+0200,adf59793-da45-49b4-9a92-f95cd560cccb,2026-06-29T05:45:00Z,2026-06-29T07:45:00+0200,61850.22706,MW,DE,DE_LU,actual_load,Actual Load,2026-07-26T13:03:42Z
2026-07-26T12:59:54Z,2026-07-26T14:59:54+0200,adf59793-da45-49b4-9a92-f95cd560cccb,2026-06-29T06:00:00Z,2026-06-29T08:00:00+0200,62766.83375,MW,DE,DE_LU,actual_load,Actual Load,2026-07-26T13:03:42Z
2026-07-26T12:59:54Z,2026-07-26T14:59:54+0200,adf59793-da45-49b4-9a92-f95cd560cccb,2026-06-29T06:15:00Z,2026-06-29T08:15:00+0200,63314.7734,MW,DE,DE_LU,actual_load,Actual Load,2026-07-26T13:03:42Z
2026-07-26T12:59:54Z,2026-07-26T14:59:54+0200,adf59793-da45-49b4-9a92-f95cd560cccb,2026-06-29T06:30:00Z,2026-06-29T08:30:00+0200,64772.88333,MW,DE,DE_LU,actual_load,Actual Load,2026-07-26T13:03:42Z
2026-07-26T12:59:54Z,2026-07-26T14:59:54+0200,adf59793-da45-49b4-9a92-f95cd560cccb,2026-06-29T06:45:00Z,2026-06-29T08:45:00+0200,65682.02109,MW,DE,DE_LU,actual_load,Actual Load,2026-07-26T13:03:42Z
2026-07-26T12:59:54Z,2026-07-26T14:59:54+0200,adf59793-da45-49b4-9a92-f95cd560cccb,2026-06-29T07:00:00Z,2026-06-29T09:00:00+0200,65883.34318,MW,DE,DE_LU,actual_load,Actual Load,2026-07-26T13:03:42Z
2026-07-26T12:59:54Z,2026-07-26T14:59:54+0200,adf59793-da45-49b4-9a92-f95cd560cccb,2026-06-29T07:15:00Z,2026-06-29T09:15:00+0200,66003.0776,MW,DE,DE_LU,actual_load,Actual Load,2026-07-26T13:03:42Z
2026-07-26T12:59:54Z,2026-07-26T14:59:54+0200,adf59793-da45-49b4-9a92-f95cd560cccb,2026-06-29T07:30:00Z,2026-06-29T09:30:00+0200,66696.25219,MW,DE,DE_LU,actual_load,Actual Load,2026-07-26T13:03:42Z
2026-07-26T12:59:54Z,2026-07-26T14:59:54+0200,adf59793-da45-49b4-9a92-f95cd560cccb,2026-06-29T07:45:00Z,2026-06-29T09:45:00+0200,67517.18687,MW,DE,DE_LU,actual_load,Actual Load,2026-07-26T13:03:42Z
2026-07-26T12:59:54Z,2026-07-26T14:59:54+0200,adf59793-da45-49b4-9a92-f95cd560cccb,2026-06-29T08:00:00Z,2026-06-29T10:00:00+0200,67554.87812,MW,DE,DE_LU,actual_load,Actual Load,2026-07-26T13:03:42Z
2026-07-26T12:59:54Z,2026-07-26T14:59:54+0200,adf59793-da45-49b4-9a92-f95cd560cccb,2026-06-29T08:15:00Z,2026-06-29T10:15:00+0200,67653.72479,MW,DE,DE_LU,actual_load,Actual Load,2026-07-26T13:03:42Z
2026-07-26T12:59:54Z,2026-07-26T14:59:54+0200,adf59793-da45-49b4-9a92-f95cd560cccb,2026-06-29T08:30:00Z,2026-06-29T10:30:00+0200,67143.80669,MW,DE,DE_LU,actual_load,Actual Load,2026-07-26T13:03:42Z
2026-07-26T12:59:54Z,2026-07-26T14:59:54+0200,adf59793-da45-49b4-9a92-f95cd560cccb,2026-06-29T08:45:00Z,2026-06-29T10:45:00+0200,67713.45366,MW,DE,DE_LU,actual_load,Actual Load,2026-07-26T13:03:42Z
2026-07-26T12:59:54Z,2026-07-26T14:59:54+0200,adf59793-da45-49b4-9a92-f95cd560cccb,2026-06-29T09:00:00Z,2026-06-29T11:00:00+0200,66631.76251,MW,DE,DE_LU,actual_load,Actual Load,2026-07-26T13:03:42Z
2026-07-26T12:59:54Z,2026-07-26T14:59:54+0200,adf59793-da45-49b4-9a92-f95cd560cccb,2026-06-29T09:15:00Z,2026-06-29T11:15:00+0200,66681.77493,MW,DE,DE_LU,actual_load,Actual Load,2026-07-26T13:03:42Z
2026-07-26T12:59:54Z,2026-07-26T14:59:54+0200,adf59793-da45-49b4-9a92-f95cd560cccb,2026-06-29T09:30:00Z,2026-06-29T11:30:00+0200,66613.66002,MW,DE,DE_LU,actual_load,Actual Load,2026-07-26T13:03:42Z
2026-07-26T12:59:54Z,2026-07-26T14:59:54+0200,adf59793-da45-49b4-9a92-f95cd560cccb,2026-06-29T09:45:00Z,2026-06-29T11:45:00+0200,66123.9051,MW,DE,DE_LU,actual_load,Actual Load,2026-07-26T13:03:42Z
2026-07-26T12:59:54Z,2026-07-26T14:59:54+0200,adf59793-da45-49b4-9a92-f95cd560cccb,2026-06-29T10:00:00Z,2026-06-29T12:00:00+0200,64963.81677,MW,DE,DE_LU,actual_load,Actual Load,2026-07-26T13:03:42Z
2026-07-26T12:59:54Z,2026-07-26T14:59:54+0200,adf59793-da45-49b4-9a92-f95cd560cccb,2026-06-29T10:15:00Z,2026-06-29T12:15:00+0200,65304.80771,MW,DE,DE_LU,actual_load,Actual Load,2026-07-26T13:03:42Z
2026-07-26T12:59:54Z,2026-07-26T14:59:54+0200,adf59793-da45-49b4-9a92-f95cd560cccb,2026-06-29T10:30:00Z,2026-06-29T12:30:00+0200,64759.36996,MW,DE,DE_LU,actual_load,Actual Load,2026-07-26T13:03:42Z
2026-07-26T12:59:54Z,2026-07-26T14:59:54+0200,adf59793-da45-49b4-9a92-f95cd560cccb,2026-06-29T10:45:00Z,2026-06-29T12:45:00+0200,63995.43026,MW,DE,DE_LU,actual_load,Actual Load,2026-07-26T13:03:42Z
2026-07-26T12:59:54Z,2026-07-26T14:59:54+0200,adf59793-da45-49b4-9a92-f95cd560cccb,2026-06-29T11:00:00Z,2026-06-29T13:00:00+0200,63368.35575,MW,DE,DE_LU,actual_load,Actual Load,2026-07-26T13:03:42Z
2026-07-26T12:59:54Z,2026-07-26T14:59:54+0200,adf59793-da45-49b4-9a92-f95cd560cccb,2026-06-29T11:15:00Z,2026-06-29T13:15:00+0200,63100.91505,MW,DE,DE_LU,actual_load,Actual Load,2026-07-26T13:03:42Z
2026-07-26T12:59:54Z,2026-07-26T14:59:54+0200,adf59793-da45-49b4-9a92-f95cd560cccb,2026-06-29T11:30:00Z,2026-06-29T13:30:00+0200,63302.62956,MW,DE,DE_LU,actual_load,Actual Load,2026-07-26T13:03:42Z
2026-07-26T12:59:54Z,2026-07-26T14:59:54+0200,adf59793-da45-49b4-9a92-f95cd560cccb,2026-06-29T11:45:00Z,2026-06-29T13:45:00+0200,62729.23911,MW,DE,DE_LU,actual_load,Actual Load,2026-07-26T13:03:42Z
2026-07-26T12:59:54Z,2026-07-26T14:59:54+0200,adf59793-da45-49b4-9a92-f95cd560cccb,2026-06-29T12:00:00Z,2026-06-29T14:00:00+0200,61945.72241,MW,DE,DE_LU,actual_load,Actual Load,2026-07-26T13:03:42Z
2026-07-26T12:59:54Z,2026-07-26T14:59:54+0200,adf59793-da45-49b4-9a92-f95cd560cccb,2026-06-29T12:15:00Z,2026-06-29T14:15:00+0200,61844.19523,MW,DE,DE_LU,actual_load,Actual Load,2026-07-26T13:03:42Z
2026-07-26T12:59:54Z,2026-07-26T14:59:54+0200,adf59793-da45-49b4-9a92-f95cd560cccb,2026-06-29T12:30:00Z,2026-06-29T14:30:00+0200,61245.2376,MW,DE,DE_LU,actual_load,Actual Load,2026-07-26T13:03:42Z
2026-07-26T12:59:54Z,2026-07-26T14:59:54+0200,adf59793-da45-49b4-9a92-f95cd560cccb,2026-06-29T12:45:00Z,2026-06-29T14:45:00+0200,60563.41609,MW,DE,DE_LU,actual_load,Actual Load,2026-07-26T13:03:42Z
2026-07-26T12:59:54Z,2026-07-26T14:59:54+0200,adf59793-da45-49b4-9a92-f95cd560cccb,2026-06-29T13:00:00Z,2026-06-29T15:00:00+0200,60199.84876,MW,DE,DE_LU,actual_load,Actual Load,2026-07-26T13:03:42Z
2026-07-26T12:59:54Z,2026-07-26T14:59:54+0200,adf59793-da45-49b4-9a92-f95cd560cccb,2026-06-29T13:15:00Z,2026-06-29T15:15:00+0200,59630.15308,MW,DE,DE_LU,actual_load,Actual Load,2026-07-26T13:03:42Z
2026-07-26T12:59:54Z,2026-07-26T14:59:54+0200,adf59793-da45-49b4-9a92-f95cd560cccb,2026-06-29T13:30:00Z,2026-06-29T15:30:00+0200,59366.90236,MW,DE,DE_LU,actual_load,Actual Load,2026-07-26T13:03:42Z
2026-07-26T12:59:54Z,2026-07-26T14:59:54+0200,adf59793-da45-49b4-9a92-f95cd560cccb,2026-06-29T13:45:00Z,2026-06-29T15:45:00+0200,59281.32235,MW,DE,DE_LU,actual_load,Actual Load,2026-07-26T13:03:42Z
2026-07-26T12:59:54Z,2026-07-26T14:59:54+0200,adf59793-da45-49b4-9a92-f95cd560cccb,2026-06-29T14:00:00Z,2026-06-29T16:00:00+0200,59620.09196,MW,DE,DE_LU,actual_load,Actual Load,2026-07-26T13:03:42Z
2026-07-26T12:59:54Z,2026-07-26T14:59:54+0200,adf59793-da45-49b4-9a92-f95cd560cccb,2026-06-29T14:15:00Z,2026-06-29T16:15:00+0200,59239.4921,MW,DE,DE_LU,actual_load,Actual Load,2026-07-26T13:03:42Z
2026-07-26T12:59:54Z,2026-07-26T14:59:54+0200,adf59793-da45-49b4-9a92-f95cd560cccb,2026-06-29T14:30:00Z,2026-06-29T16:30:00+0200,58992.60174,MW,DE,DE_LU,actual_load,Actual Load,2026-07-26T13:03:42Z
2026-07-26T12:59:54Z,2026-07-26T14:59:54+0200,adf59793-da45-49b4-9a92-f95cd560cccb,2026-06-29T14:45:00Z,2026-06-29T16:45:00+0200,59170.99442,MW,DE,DE_LU,actual_load,Actual Load,2026-07-26T13:03:42Z
2026-07-26T12:59:54Z,2026-07-26T14:59:54+0200,adf59793-da45-49b4-9a92-f95cd560cccb,2026-06-29T15:00:00Z,2026-06-29T17:00:00+0200,59898.13227,MW,DE,DE_LU,actual_load,Actual Load,2026-07-26T13:03:42Z
2026-07-26T12:59:54Z,2026-07-26T14:59:54+0200,adf59793-da45-49b4-9a92-f95cd560cccb,2026-06-29T15:15:00Z,2026-06-29T17:15:00+0200,60136.53493,MW,DE,DE_LU,actual_load,Actual Load,2026-07-26T13:03:42Z
2026-07-26T12:59:54Z,2026-07-26T14:59:54+0200,adf59793-da45-49b4-9a92-f95cd560cccb,2026-06-29T15:30:00Z,2026-06-29T17:30:00+0200,60379.30899,MW,DE,DE_LU,actual_load,Actual Load,2026-07-26T13:03:42Z
2026-07-26T12:59:54Z,2026-07-26T14:59:54+0200,adf59793-da45-49b4-9a92-f95cd560cccb,2026-06-29T15:45:00Z,2026-06-29T17:45:00+0200,60245.22386,MW,DE,DE_LU,actual_load,Actual Load,2026-07-26T13:03:42Z
2026-07-26T12:59:54Z,2026-07-26T14:59:54+0200,adf59793-da45-49b4-9a92-f95cd560cccb,2026-06-29T16:00:00Z,2026-06-29T18:00:00+0200,60299.22269,MW,DE,DE_LU,actual_load,Actual Load,2026-07-26T13:03:42Z
2026-07-26T12:59:54Z,2026-07-26T14:59:54+0200,adf59793-da45-49b4-9a92-f95cd560cccb,2026-06-29T16:15:00Z,2026-06-29T18:15:00+0200,60368.03963,MW,DE,DE_LU,actual_load,Actual Load,2026-07-26T13:03:42Z
2026-07-26T12:59:54Z,2026-07-26T14:59:54+0200,adf59793-da45-49b4-9a92-f95cd560cccb,2026-06-29T16:30:00Z,2026-06-29T18:30:00+0200,60721.8146,MW,DE,DE_LU,actual_load,Actual Load,2026-07-26T13:03:42Z
2026-07-26T12:59:54Z,2026-07-26T14:59:54+0200,adf59793-da45-49b4-9a92-f95cd560cccb,2026-06-29T16:45:00Z,2026-06-29T18:45:00+0200,60746.94596,MW,DE,DE_LU,actual_load,Actual Load,2026-07-26T13:03:42Z
2026-07-26T12:59:54Z,2026-07-26T14:59:54+0200,adf59793-da45-49b4-9a92-f95cd560cccb,2026-06-29T17:00:00Z,2026-06-29T19:00:00+0200,61288.47984,MW,DE,DE_LU,actual_load,Actual Load,2026-07-26T13:03:42Z
2026-07-26T12:59:54Z,2026-07-26T14:59:54+0200,adf59793-da45-49b4-9a92-f95cd560cccb,2026-06-29T17:15:00Z,2026-06-29T19:15:00+0200,61111.91242,MW,DE,DE_LU,actual_load,Actual Load,2026-07-26T13:03:42Z
2026-07-26T12:59:54Z,2026-07-26T14:59:54+0200,adf59793-da45-49b4-9a92-f95cd560cccb,2026-06-29T17:30:00Z,2026-06-29T19:30:00+0200,60355.95991,MW,DE,DE_LU,actual_load,Actual Load,2026-07-26T13:03:42Z
2026-07-26T12:59:54Z,2026-07-26T14:59:54+0200,adf59793-da45-49b4-9a92-f95cd560cccb,2026-06-29T17:45:00Z,2026-06-29T19:45:00+0200,59477.84844,MW,DE,DE_LU,actual_load,Actual Load,2026-07-26T13:03:42Z
2026-07-26T12:59:54Z,2026-07-26T14:59:54+0200,adf59793-da45-49b4-9a92-f95cd560cccb,2026-06-29T18:00:00Z,2026-06-29T20:00:00+0200,59541.55717,MW,DE,DE_LU,actual_load,Actual Load,2026-07-26T13:03:42Z
2026-07-26T12:59:54Z,2026-07-26T14:59:54+0200,adf59793-da45-49b4-9a92-f95cd560cccb,2026-06-29T18:15:00Z,2026-06-29T20:15:00+0200,58517.04625,MW,DE,DE_LU,actual_load,Actual Load,2026-07-26T13:03:42Z
2026-07-26T12:59:54Z,2026-07-26T14:59:54+0200,adf59793-da45-49b4-9a92-f95cd560cccb,2026-06-29T18:30:00Z,2026-06-29T20:30:00+0200,58368.92137,MW,DE,DE_LU,actual_load,Actual Load,2026-07-26T13:03:42Z
2026-07-26T12:59:54Z,2026-07-26T14:59:54+0200,adf59793-da45-49b4-9a92-f95cd560cccb,2026-06-29T18:45:00Z,2026-06-29T20:45:00+0200,57866.95333,MW,DE,DE_LU,actual_load,Actual Load,2026-07-26T13:03:42Z
2026-07-26T12:59:54Z,2026-07-26T14:59:54+0200,adf59793-da45-49b4-9a92-f95cd560cccb,2026-06-29T19:00:00Z,2026-06-29T21:00:00+0200,57393.19577,MW,DE,DE_LU,actual_load,Actual Load,2026-07-26T13:03:42Z
2026-07-26T12:59:54Z,2026-07-26T14:59:54+0200,adf59793-da45-49b4-9a92-f95cd560cccb,2026-06-29T19:15:00Z,2026-06-29T21:15:00+0200,56777.82644,MW,DE,DE_LU,actual_load,Actual Load,2026-07-26T13:03:42Z
2026-07-26T12:59:54Z,2026-07-26T14:59:54+0200,adf59793-da45-49b4-9a92-f95cd560cccb,2026-06-29T19:30:00Z,2026-06-29T21:30:00+0200,55864.07542,MW,DE,DE_LU,actual_load,Actual Load,2026-07-26T13:03:42Z
2026-07-26T12:59:54Z,2026-07-26T14:59:54+0200,adf59793-da45-49b4-9a92-f95cd560cccb,2026-06-29T19:45:00Z,2026-06-29T21:45:00+0200,55565.34515,MW,DE,DE_LU,actual_load,Actual Load,2026-07-26T13:03:42Z
2026-07-26T12:59:54Z,2026-07-26T14:59:54+0200,adf59793-da45-49b4-9a92-f95cd560cccb,2026-06-29T20:00:00Z,2026-06-29T22:00:00+0200,55433.17002,MW,DE,DE_LU,actual_load,Actual Load,2026-07-26T13:03:42Z
2026-07-26T12:59:54Z,2026-07-26T14:59:54+0200,adf59793-da45-49b4-9a92-f95cd560cccb,2026-06-29T20:15:00Z,2026-06-29T22:15:00+0200,55090.69838,MW,DE,DE_LU,actual_load,Actual Load,2026-07-26T13:03:42Z
2026-07-26T12:59:54Z,2026-07-26T14:59:54+0200,adf59793-da45-49b4-9a92-f95cd560cccb,2026-06-29T20:30:00Z,2026-06-29T22:30:00+0200,54464.45147,MW,DE,DE_LU,actual_load,Actual Load,2026-07-26T13:03:42Z
2026-07-26T12:59:54Z,2026-07-26T14:59:54+0200,adf59793-da45-49b4-9a92-f95cd560cccb,2026-06-29T20:45:00Z,2026-06-29T22:45:00+0200,53679.36248,MW,DE,DE_LU,actual_load,Actual Load,2026-07-26T13:03:42Z
2026-07-26T12:59:54Z,2026-07-26T14:59:54+0200,adf59793-da45-49b4-9a92-f95cd560cccb,2026-06-29T21:00:00Z,2026-06-29T23:00:00+0200,52461.04481,MW,DE,DE_LU,actual_load,Actual Load,2026-07-26T13:03:42Z
2026-07-26T12:59:54Z,2026-07-26T14:59:54+0200,adf59793-da45-49b4-9a92-f95cd560cccb,2026-06-29T21:15:00Z,2026-06-29T23:15:00+0200,51965.53731,MW,DE,DE_LU,actual_load,Actual Load,2026-07-26T13:03:42Z
2026-07-26T12:59:54Z,2026-07-26T14:59:54+0200,adf59793-da45-49b4-9a92-f95cd560cccb,2026-06-29T21:30:00Z,2026-06-29T23:30:00+0200,51451.21633,MW,DE,DE_LU,actual_load,Actual Load,2026-07-26T13:03:42Z
2026-07-26T12:59:54Z,2026-07-26T14:59:54+0200,adf59793-da45-49b4-9a92-f95cd560cccb,2026-06-29T21:45:00Z,2026-06-29T23:45:00+0200,50895.89735,MW,DE,DE_LU,actual_load,Actual Load,2026-07-26T13:03:42Z
2026-07-26T12:59:54Z,2026-07-26T14:59:54+0200,adf59793-da45-49b4-9a92-f95cd560cccb,2026-06-29T22:00:00Z,2026-06-30T00:00:00+0200,50317.56415,MW,DE,DE_LU,actual_load,Actual Load,2026-07-26T13:03:42Z
2026-07-26T12:59:54Z,2026-07-26T14:59:54+0200,adf59793-da45-49b4-9a92-f95cd560cccb,2026-06-29T22:15:00Z,2026-06-30T00:15:00+0200,49972.42321,MW,DE,DE_LU,actual_load,Actual Load,2026-07-26T13:03:42Z
2026-07-26T12:59:54Z,2026-07-26T14:59:54+0200,adf59793-da45-49b4-9a92-f95cd560cccb,2026-06-29T22:30:00Z,2026-06-30T00:30:00+0200,49678.2426,MW,DE,DE_LU,actual_load,Actual Load,2026-07-26T13:03:42Z
2026-07-26T12:59:54Z,2026-07-26T14:59:54+0200,adf59793-da45-49b4-9a92-f95cd560cccb,2026-06-29T22:45:00Z,2026-06-30T00:45:00+0200,49318.7376,MW,DE,DE_LU,actual_load,Actual Load,2026-07-26T13:03:42Z
2026-07-26T12:59:54Z,2026-07-26T14:59:54+0200,adf59793-da45-49b4-9a92-f95cd560cccb,2026-06-29T23:00:00Z,2026-06-30T01:00:00+0200,48797.39172,MW,DE,DE_LU,actual_load,Actual Load,2026-07-26T13:03:42Z
2026-07-26T12:59:54Z,2026-07-26T14:59:54+0200,adf59793-da45-49b4-9a92-f95cd560cccb,2026-06-29T23:15:00Z,2026-06-30T01:15:00+0200,48416.11538,MW,DE,DE_LU,actual_load,Actual Load,2026-07-26T13:03:42Z
2026-07-26T12:59:54Z,2026-07-26T14:59:54+0200,adf59793-da45-49b4-9a92-f95cd560cccb,2026-06-29T23:30:00Z,2026-06-30T01:30:00+0200,47841.90075,MW,DE,DE_LU,actual_load,Actual Load,2026-07-26T13:03:42Z
2026-07-26T12:59:54Z,2026-07-26T14:59:54+0200,adf59793-da45-49b4-9a92-f95cd560cccb,2026-06-29T23:45:00Z,2026-06-30T01:45:00+0200,47619.50621,MW,DE,DE_LU,actual_load,Actual Load,2026-07-26T13:03:42Z
2026-07-26T12:59:54Z,2026-07-26T14:59:54+0200,adf59793-da45-49b4-9a92-f95cd560cccb,2026-06-30T00:00:00Z,2026-06-30T02:00:00+0200,46709.82681,MW,DE,DE_LU,actual_load,Actual Load,2026-07-26T13:03:42Z
2026-07-26T12:59:54Z,2026-07-26T14:59:54+0200,adf59793-da45-49b4-9a92-f95cd560cccb,2026-06-30T00:15:00Z,2026-06-30T02:15:00+0200,46587.70275,MW,DE,DE_LU,actual_load,Actual Load,2026-07-26T13:03:42Z
2026-07-26T12:59:54Z,2026-07-26T14:59:54+0200,adf59793-da45-49b4-9a92-f95cd560cccb,2026-06-30T00:30:00Z,2026-06-30T02:30:00+0200,46622.47236,MW,DE,DE_LU,actual_load,Actual Load,2026-07-26T13:03:42Z
2026-07-26T12:59:54Z,2026-07-26T14:59:54+0200,adf59793-da45-49b4-9a92-f95cd560cccb,2026-06-30T00:45:00Z,2026-06-30T02:45:00+0200,46302.55826,MW,DE,DE_LU,actual_load,Actual Load,2026-07-26T13:03:42Z
2026-07-26T12:59:54Z,2026-07-26T14:59:54+0200,adf59793-da45-49b4-9a92-f95cd560cccb,2026-06-30T01:00:00Z,2026-06-30T03:00:00+0200,46445.14598,MW,DE,DE_LU,actual_load,Actual Load,2026-07-26T13:03:42Z
2026-07-26T12:59:54Z,2026-07-26T14:59:54+0200,adf59793-da45-49b4-9a92-f95cd560cccb,2026-06-30T01:15:00Z,2026-06-30T03:15:00+0200,46521.73297,MW,DE,DE_LU,actual_load,Actual Load,2026-07-26T13:03:42Z
2026-07-26T12:59:54Z,2026-07-26T14:59:54+0200,adf59793-da45-49b4-9a92-f95cd560cccb,2026-06-30T01:30:00Z,2026-06-30T03:30:00+0200,46288.104,MW,DE,DE_LU,actual_load,Actual Load,2026-07-26T13:03:42Z
2026-07-26T12:59:54Z,2026-07-26T14:59:54+0200,adf59793-da45-49b4-9a92-f95cd560cccb,2026-06-30T01:45:00Z,2026-06-30T03:45:00+0200,46233.56101,MW,DE,DE_LU,actual_load,Actual Load,2026-07-26T13:03:42Z
2026-07-26T12:59:54Z,2026-07-26T14:59:54+0200,adf59793-da45-49b4-9a92-f95cd560cccb,2026-06-30T02:00:00Z,2026-06-30T04:00:00+0200,46755.99851,MW,DE,DE_LU,actual_load,Actual Load,2026-07-26T13:03:42Z
2026-07-26T12:59:54Z,2026-07-26T14:59:54+0200,adf59793-da45-49b4-9a92-f95cd560cccb,2026-06-30T02:15:00Z,2026-06-30T04:15:00+0200,46831.43228,MW,DE,DE_LU,actual_load,Actual Load,2026-07-26T13:03:42Z
2026-07-26T12:59:54Z,2026-07-26T14:59:54+0200,adf59793-da45-49b4-9a92-f95cd560cccb,2026-06-30T02:30:00Z,2026-06-30T04:30:00+0200,47342.78434,MW,DE,DE_LU,actual_load,Actual Load,2026-07-26T13:03:42Z
2026-07-26T12:59:54Z,2026-07-26T14:59:54+0200,adf59793-da45-49b4-9a92-f95cd560cccb,2026-06-30T02:45:00Z,2026-06-30T04:45:00+0200,47405.6759,MW,DE,DE_LU,actual_load,Actual Load,2026-07-26T13:03:42Z
2026-07-26T12:59:54Z,2026-07-26T14:59:54+0200,adf59793-da45-49b4-9a92-f95cd560cccb,2026-06-30T03:00:00Z,2026-06-30T05:00:00+0200,48028.48602,MW,DE,DE_LU,actual_load,Actual Load,2026-07-26T13:03:42Z
2026-07-26T12:59:54Z,2026-07-26T14:59:54+0200,adf59793-da45-49b4-9a92-f95cd560cccb,2026-06-30T03:15:00Z,2026-06-30T05:15:00+0200,48184.8392,MW,DE,DE_LU,actual_load,Actual Load,2026-07-26T13:03:42Z
2026-07-26T12:59:54Z,2026-07-26T14:59:54+0200,adf59793-da45-49b4-9a92-f95cd560cccb,2026-06-30T03:30:00Z,2026-06-30T05:30:00+0200,49352.86606,MW,DE,DE_LU,actual_load,Actual Load,2026-07-26T13:03:42Z
2026-07-26T12:59:54Z,2026-07-26T14:59:54+0200,adf59793-da45-49b4-9a92-f95cd560cccb,2026-06-30T03:45:00Z,2026-06-30T05:45:00+0200,50806.92576,MW,DE,DE_LU,actual_load,Actual Load,2026-07-26T13:03:42Z
2026-07-26T12:59:54Z,2026-07-26T14:59:54+0200,adf59793-da45-49b4-9a92-f95cd560cccb,2026-06-30T04:00:00Z,2026-06-30T06:00:00+0200,52554.76383,MW,DE,DE_LU,actual_load,Actual Load,2026-07-26T13:03:42Z
2026-07-26T12:59:54Z,2026-07-26T14:59:54+0200,adf59793-da45-49b4-9a92-f95cd560cccb,2026-06-30T04:15:00Z,2026-06-30T06:15:00+0200,54234.38142,MW,DE,DE_LU,actual_load,Actual Load,2026-07-26T13:03:42Z
2026-07-26T12:59:54Z,2026-07-26T14:59:54+0200,adf59793-da45-49b4-9a92-f95cd560cccb,2026-06-30T04:30:00Z,2026-06-30T06:30:00+0200,55893.4502,MW,DE,DE_LU,actual_load,Actual Load,2026-07-26T13:03:42Z
2026-07-26T12:59:54Z,2026-07-26T14:59:54+0200,adf59793-da45-49b4-9a92-f95cd560cccb,2026-06-30T04:45:00Z,2026-06-30T06:45:00+0200,56509.79934,MW,DE,DE_LU,actual_load,Actual Load,2026-07-26T13:03:42Z
2026-07-26T12:59:54Z,2026-07-26T14:59:54+0200,adf59793-da45-49b4-9a92-f95cd560cccb,2026-06-30T05:00:00Z,2026-06-30T07:00:00+0200,57444.30185,MW,DE,DE_LU,actual_load,Actual Load,2026-07-26T13:03:42Z
2026-07-26T12:59:54Z,2026-07-26T14:59:54+0200,adf59793-da45-49b4-9a92-f95cd560cccb,2026-06-30T05:15:00Z,2026-06-30T07:15:00+0200,58302.73571,MW,DE,DE_LU,actual_load,Actual Load,2026-07-26T13:03:42Z
2026-07-26T12:59:54Z,2026-07-26T14:59:54+0200,adf59793-da45-49b4-9a92-f95cd560cccb,2026-06-30T05:30:00Z,2026-06-30T07:30:00+0200,59043.91333,MW,DE,DE_LU,actual_load,Actual Load,2026-07-26T13:03:42Z
2026-07-26T12:59:54Z,2026-07-26T14:59:54+0200,adf59793-da45-49b4-9a92-f95cd560cccb,2026-06-30T05:45:00Z,2026-06-30T07:45:00+0200,59860.80089,MW,DE,DE_LU,actual_load,Actual Load,2026-07-26T13:03:42Z
2026-07-26T12:59:54Z,2026-07-26T14:59:54+0200,adf59793-da45-49b4-9a92-f95cd560cccb,2026-06-30T06:00:00Z,2026-06-30T08:00:00+0200,60743.10425,MW,DE,DE_LU,actual_load,Actual Load,2026-07-26T13:03:42Z
2026-07-26T12:59:54Z,2026-07-26T14:59:54+0200,adf59793-da45-49b4-9a92-f95cd560cccb,2026-06-30T06:15:00Z,2026-06-30T08:15:00+0200,61068.93628,MW,DE,DE_LU,actual_load,Actual Load,2026-07-26T13:03:42Z
2026-07-26T12:59:54Z,2026-07-26T14:59:54+0200,adf59793-da45-49b4-9a92-f95cd560cccb,2026-06-30T06:30:00Z,2026-06-30T08:30:00+0200,62223.78857,MW,DE,DE_LU,actual_load,Actual Load,2026-07-26T13:03:42Z
2026-07-26T12:59:54Z,2026-07-26T14:59:54+0200,adf59793-da45-49b4-9a92-f95cd560cccb,2026-06-30T06:45:00Z,2026-06-30T08:45:00+0200,62385.30103,MW,DE,DE_LU,actual_load,Actual Load,2026-07-26T13:03:42Z
2026-07-26T12:59:54Z,2026-07-26T14:59:54+0200,adf59793-da45-49b4-9a92-f95cd560cccb,2026-06-30T07:00:00Z,2026-06-30T09:00:00+0200,61362.14065,MW,DE,DE_LU,actual_load,Actual Load,2026-07-26T13:03:42Z
2026-07-26T12:59:54Z,2026-07-26T14:59:54+0200,adf59793-da45-49b4-9a92-f95cd560cccb,2026-06-30T07:15:00Z,2026-06-30T09:15:00+0200,61384.18449,MW,DE,DE_LU,actual_load,Actual Load,2026-07-26T13:03:42Z
2026-07-26T12:59:54Z,2026-07-26T14:59:54+0200,adf59793-da45-49b4-9a92-f95cd560cccb,2026-06-30T07:30:00Z,2026-06-30T09:30:00+0200,61708.85852,MW,DE,DE_LU,actual_load,Actual Load,2026-07-26T13:03:42Z
2026-07-26T12:59:54Z,2026-07-26T14:59:54+0200,adf59793-da45-49b4-9a92-f95cd560cccb,2026-06-30T07:45:00Z,2026-06-30T09:45:00+0200,61892.50521,MW,DE,DE_LU,actual_load,Actual Load,2026-07-26T13:03:42Z
2026-07-26T12:59:54Z,2026-07-26T14:59:54+0200,adf59793-da45-49b4-9a92-f95cd560cccb,2026-06-30T08:00:00Z,2026-06-30T10:00:00+0200,61315.96427,MW,DE,DE_LU,actual_load,Actual Load,2026-07-26T13:03:42Z
2026-07-26T12:59:54Z,2026-07-26T14:59:54+0200,adf59793-da45-49b4-9a92-f95cd560cccb,2026-06-30T08:15:00Z,2026-06-30T10:15:00+0200,61164.8397,MW,DE,DE_LU,actual_load,Actual Load,2026-07-26T13:03:42Z
2026-07-26T12:59:54Z,2026-07-26T14:59:54+0200,adf59793-da45-49b4-9a92-f95cd560cccb,2026-06-30T08:30:00Z,2026-06-30T10:30:00+0200,61334.31732,MW,DE,DE_LU,actual_load,Actual Load,2026-07-26T13:03:42Z
2026-07-26T12:59:54Z,2026-07-26T14:59:54+0200,adf59793-da45-49b4-9a92-f95cd560cccb,2026-06-30T08:45:00Z,2026-06-30T10:45:00+0200,61112.07274,MW,DE,DE_LU,actual_load,Actual Load,2026-07-26T13:03:42Z
2026-07-26T12:59:54Z,2026-07-26T14:59:54+0200,adf59793-da45-49b4-9a92-f95cd560cccb,2026-06-30T09:00:00Z,2026-06-30T11:00:00+0200,60737.91089,MW,DE,DE_LU,actual_load,Actual Load,2026-07-26T13:03:42Z
2026-07-26T12:59:54Z,2026-07-26T14:59:54+0200,adf59793-da45-49b4-9a92-f95cd560cccb,2026-06-30T09:15:00Z,2026-06-30T11:15:00+0200,60867.80578,MW,DE,DE_LU,actual_load,Actual Load,2026-07-26T13:03:42Z
2026-07-26T12:59:54Z,2026-07-26T14:59:54+0200,adf59793-da45-49b4-9a92-f95cd560cccb,2026-06-30T09:30:00Z,2026-06-30T11:30:00+0200,61261.28724,MW,DE,DE_LU,actual_load,Actual Load,2026-07-26T13:03:42Z
2026-07-26T12:59:54Z,2026-07-26T14:59:54+0200,adf59793-da45-49b4-9a92-f95cd560cccb,2026-06-30T09:45:00Z,2026-06-30T11:45:00+0200,61368.29129,MW,DE,DE_LU,actual_load,Actual Load,2026-07-26T13:03:42Z
2026-07-26T12:59:54Z,2026-07-26T14:59:54+0200,adf59793-da45-49b4-9a92-f95cd560cccb,2026-06-30T10:00:00Z,2026-06-30T12:00:00+0200,60352.96881,MW,DE,DE_LU,actual_load,Actual Load,2026-07-26T13:03:42Z
2026-07-26T12:59:54Z,2026-07-26T14:59:54+0200,adf59793-da45-49b4-9a92-f95cd560cccb,2026-06-30T10:15:00Z,2026-06-30T12:15:00+0200,59725.15308,MW,DE,DE_LU,actual_load,Actual Load,2026-07-26T13:03:42Z
2026-07-26T12:59:54Z,2026-07-26T14:59:54+0200,adf59793-da45-49b4-9a92-f95cd560cccb,2026-06-30T10:30:00Z,2026-06-30T12:30:00+0200,60554.04806,MW,DE,DE_LU,actual_load,Actual Load,2026-07-26T13:03:42Z
2026-07-26T12:59:54Z,2026-07-26T14:59:54+0200,adf59793-da45-49b4-9a92-f95cd560cccb,2026-06-30T10:45:00Z,2026-06-30T12:45:00+0200,60716.65132,MW,DE,DE_LU,actual_load,Actual Load,2026-07-26T13:03:42Z
2026-07-26T12:59:54Z,2026-07-26T14:59:54+0200,adf59793-da45-49b4-9a92-f95cd560cccb,2026-06-30T11:00:00Z,2026-06-30T13:00:00+0200,60032.69003,MW,DE,DE_LU,actual_load,Actual Load,2026-07-26T13:03:42Z
2026-07-26T12:59:54Z,2026-07-26T14:59:54+0200,adf59793-da45-49b4-9a92-f95cd560cccb,2026-06-30T11:15:00Z,2026-06-30T13:15:00+0200,59929.76905,MW,DE,DE_LU,actual_load,Actual Load,2026-07-26T13:03:42Z
2026-07-26T12:59:54Z,2026-07-26T14:59:54+0200,adf59793-da45-49b4-9a92-f95cd560cccb,2026-06-30T11:30:00Z,2026-06-30T13:30:00+0200,59514.26374,MW,DE,DE_LU,actual_load,Actual Load,2026-07-26T13:03:42Z
2026-07-26T12:59:54Z,2026-07-26T14:59:54+0200,adf59793-da45-49b4-9a92-f95cd560cccb,2026-06-30T11:45:00Z,2026-06-30T13:45:00+0200,59508.07886,MW,DE,DE_LU,actual_load,Actual Load,2026-07-26T13:03:42Z
2026-07-26T12:59:54Z,2026-07-26T14:59:54+0200,adf59793-da45-49b4-9a92-f95cd560cccb,2026-06-30T12:00:00Z,2026-06-30T14:00:00+0200,59183.45909,MW,DE,DE_LU,actual_load,Actual Load,2026-07-26T13:03:42Z
2026-07-26T12:59:54Z,2026-07-26T14:59:54+0200,adf59793-da45-49b4-9a92-f95cd560cccb,2026-06-30T12:15:00Z,2026-06-30T14:15:00+0200,58963.74736,MW,DE,DE_LU,actual_load,Actual Load,2026-07-26T13:03:42Z
2026-07-26T12:59:54Z,2026-07-26T14:59:54+0200,adf59793-da45-49b4-9a92-f95cd560cccb,2026-06-30T12:30:00Z,2026-06-30T14:30:00+0200,58062.56072,MW,DE,DE_LU,actual_load,Actual Load,2026-07-26T13:03:42Z
2026-07-26T12:59:54Z,2026-07-26T14:59:54+0200,adf59793-da45-49b4-9a92-f95cd560cccb,2026-06-30T12:45:00Z,2026-06-30T14:45:00+0200,58282.09119,MW,DE,DE_LU,actual_load,Actual Load,2026-07-26T13:03:42Z
2026-07-26T12:59:54Z,2026-07-26T14:59:54+0200,adf59793-da45-49b4-9a92-f95cd560cccb,2026-06-30T13:00:00Z,2026-06-30T15:00:00+0200,59231.26976,MW,DE,DE_LU,actual_load,Actual Load,2026-07-26T13:03:42Z
2026-07-26T12:59:54Z,2026-07-26T14:59:54+0200,adf59793-da45-49b4-9a92-f95cd560cccb,2026-06-30T13:15:00Z,2026-06-30T15:15:00+0200,59646.51659,MW,DE,DE_LU,actual_load,Actual Load,2026-07-26T13:03:42Z
2026-07-26T12:59:54Z,2026-07-26T14:59:54+0200,adf59793-da45-49b4-9a92-f95cd560cccb,2026-06-30T13:30:00Z,2026-06-30T15:30:00+0200,58801.78461,MW,DE,DE_LU,actual_load,Actual Load,2026-07-26T13:03:42Z
2026-07-26T12:59:54Z,2026-07-26T14:59:54+0200,adf59793-da45-49b4-9a92-f95cd560cccb,2026-06-30T13:45:00Z,2026-06-30T15:45:00+0200,59046.48805,MW,DE,DE_LU,actual_load,Actual Load,2026-07-26T13:03:42Z
2026-07-26T12:59:54Z,2026-07-26T14:59:54+0200,adf59793-da45-49b4-9a92-f95cd560cccb,2026-06-30T14:00:00Z,2026-06-30T16:00:00+0200,60153.38535,MW,DE,DE_LU,actual_load,Actual Load,2026-07-26T13:03:42Z
2026-07-26T12:59:54Z,2026-07-26T14:59:54+0200,adf59793-da45-49b4-9a92-f95cd560cccb,2026-06-30T14:15:00Z,2026-06-30T16:15:00+0200,59470.82731,MW,DE,DE_LU,actual_load,Actual Load,2026-07-26T13:03:42Z
2026-07-26T12:59:54Z,2026-07-26T14:59:54+0200,adf59793-da45-49b4-9a92-f95cd560cccb,2026-06-30T14:30:00Z,2026-06-30T16:30:00+0200,58934.85143,MW,DE,DE_LU,actual_load,Actual Load,2026-07-26T13:03:42Z
2026-07-26T12:59:54Z,2026-07-26T14:59:54+0200,adf59793-da45-49b4-9a92-f95cd560cccb,2026-06-30T14:45:00Z,2026-06-30T16:45:00+0200,59108.36718,MW,DE,DE_LU,actual_load,Actual Load,2026-07-26T13:03:42Z
2026-07-26T12:59:54Z,2026-07-26T14:59:54+0200,adf59793-da45-49b4-9a92-f95cd560cccb,2026-06-30T15:00:00Z,2026-06-30T17:00:00+0200,59550.72395,MW,DE,DE_LU,actual_load,Actual Load,2026-07-26T13:03:42Z
2026-07-26T12:59:54Z,2026-07-26T14:59:54+0200,adf59793-da45-49b4-9a92-f95cd560cccb,2026-06-30T15:15:00Z,2026-06-30T17:15:00+0200,59728.69145,MW,DE,DE_LU,actual_load,Actual Load,2026-07-26T13:03:42Z
2026-07-26T12:59:54Z,2026-07-26T14:59:54+0200,adf59793-da45-49b4-9a92-f95cd560cccb,2026-06-30T15:30:00Z,2026-06-30T17:30:00+0200,60544.16064,MW,DE,DE_LU,actual_load,Actual Load,2026-07-26T13:03:42Z
2026-07-26T12:59:54Z,2026-07-26T14:59:54+0200,adf59793-da45-49b4-9a92-f95cd560cccb,2026-06-30T15:45:00Z,2026-06-30T17:45:00+0200,60771.69231,MW,DE,DE_LU,actual_load,Actual Load,2026-07-26T13:03:42Z
2026-07-26T12:59:54Z,2026-07-26T14:59:54+0200,adf59793-da45-49b4-9a92-f95cd560cccb,2026-06-30T16:00:00Z,2026-06-30T18:00:00+0200,60938.20308,MW,DE,DE_LU,actual_load,Actual Load,2026-07-26T13:03:42Z
2026-07-26T12:59:54Z,2026-07-26T14:59:54+0200,adf59793-da45-49b4-9a92-f95cd560cccb,2026-06-30T16:15:00Z,2026-06-30T18:15:00+0200,60529.64604,MW,DE,DE_LU,actual_load,Actual Load,2026-07-26T13:03:42Z
2026-07-26T12:59:54Z,2026-07-26T14:59:54+0200,adf59793-da45-49b4-9a92-f95cd560cccb,2026-06-30T16:30:00Z,2026-06-30T18:30:00+0200,60804.45974,MW,DE,DE_LU,actual_load,Actual Load,2026-07-26T13:03:42Z
2026-07-26T12:59:54Z,2026-07-26T14:59:54+0200,adf59793-da45-49b4-9a92-f95cd560cccb,2026-06-30T16:45:00Z,2026-06-30T18:45:00+0200,60276.24416,MW,DE,DE_LU,actual_load,Actual Load,2026-07-26T13:03:42Z
2026-07-26T12:59:54Z,2026-07-26T14:59:54+0200,adf59793-da45-49b4-9a92-f95cd560cccb,2026-06-30T17:00:00Z,2026-06-30T19:00:00+0200,61108.16422,MW,DE,DE_LU,actual_load,Actual Load,2026-07-26T13:03:42Z
2026-07-26T12:59:54Z,2026-07-26T14:59:54+0200,adf59793-da45-49b4-9a92-f95cd560cccb,2026-06-30T17:15:00Z,2026-06-30T19:15:00+0200,60799.6542,MW,DE,DE_LU,actual_load,Actual Load,2026-07-26T13:03:42Z
2026-07-26T12:59:54Z,2026-07-26T14:59:54+0200,adf59793-da45-49b4-9a92-f95cd560cccb,2026-06-30T17:30:00Z,2026-06-30T19:30:00+0200,60026.25607,MW,DE,DE_LU,actual_load,Actual Load,2026-07-26T13:03:42Z
2026-07-26T12:59:54Z,2026-07-26T14:59:54+0200,adf59793-da45-49b4-9a92-f95cd560cccb,2026-06-30T17:45:00Z,2026-06-30T19:45:00+0200,59635.92077,MW,DE,DE_LU,actual_load,Actual Load,2026-07-26T13:03:42Z
2026-07-26T12:59:54Z,2026-07-26T14:59:54+0200,adf59793-da45-49b4-9a92-f95cd560cccb,2026-06-30T18:00:00Z,2026-06-30T20:00:00+0200,59313.05448,MW,DE,DE_LU,actual_load,Actual Load,2026-07-26T13:03:42Z
2026-07-26T12:59:54Z,2026-07-26T14:59:54+0200,adf59793-da45-49b4-9a92-f95cd560cccb,2026-06-30T18:15:00Z,2026-06-30T20:15:00+0200,58668.27446,MW,DE,DE_LU,actual_load,Actual Load,2026-07-26T13:03:42Z
2026-07-26T12:59:54Z,2026-07-26T14:59:54+0200,adf59793-da45-49b4-9a92-f95cd560cccb,2026-06-30T18:30:00Z,2026-06-30T20:30:00+0200,58067.39303,MW,DE,DE_LU,actual_load,Actual Load,2026-07-26T13:03:42Z
2026-07-26T12:59:54Z,2026-07-26T14:59:54+0200,adf59793-da45-49b4-9a92-f95cd560cccb,2026-06-30T18:45:00Z,2026-06-30T20:45:00+0200,57563.15918,MW,DE,DE_LU,actual_load,Actual Load,2026-07-26T13:03:42Z
2026-07-26T12:59:54Z,2026-07-26T14:59:54+0200,adf59793-da45-49b4-9a92-f95cd560cccb,2026-06-30T19:00:00Z,2026-06-30T21:00:00+0200,56645.90998,MW,DE,DE_LU,actual_load,Actual Load,2026-07-26T13:03:42Z
2026-07-26T12:59:54Z,2026-07-26T14:59:54+0200,adf59793-da45-49b4-9a92-f95cd560cccb,2026-06-30T19:15:00Z,2026-06-30T21:15:00+0200,55917.94096,MW,DE,DE_LU,actual_load,Actual Load,2026-07-26T13:03:42Z
2026-07-26T12:59:54Z,2026-07-26T14:59:54+0200,adf59793-da45-49b4-9a92-f95cd560cccb,2026-06-30T19:30:00Z,2026-06-30T21:30:00+0200,55469.98406,MW,DE,DE_LU,actual_load,Actual Load,2026-07-26T13:03:42Z
2026-07-26T12:59:54Z,2026-07-26T14:59:54+0200,adf59793-da45-49b4-9a92-f95cd560cccb,2026-06-30T19:45:00Z,2026-06-30T21:45:00+0200,55242.1785,MW,DE,DE_LU,actual_load,Actual Load,2026-07-26T13:03:42Z
2026-07-26T12:59:54Z,2026-07-26T14:59:54+0200,adf59793-da45-49b4-9a92-f95cd560cccb,2026-06-30T20:00:00Z,2026-06-30T22:00:00+0200,54511.21667,MW,DE,DE_LU,actual_load,Actual Load,2026-07-26T13:03:42Z
2026-07-26T12:59:54Z,2026-07-26T14:59:54+0200,adf59793-da45-49b4-9a92-f95cd560cccb,2026-06-30T20:15:00Z,2026-06-30T22:15:00+0200,54328.39782,MW,DE,DE_LU,actual_load,Actual Load,2026-07-26T13:03:42Z
2026-07-26T12:59:54Z,2026-07-26T14:59:54+0200,adf59793-da45-49b4-9a92-f95cd560cccb,2026-06-30T20:30:00Z,2026-06-30T22:30:00+0200,54027.8185,MW,DE,DE_LU,actual_load,Actual Load,2026-07-26T13:03:42Z
2026-07-26T12:59:54Z,2026-07-26T14:59:54+0200,adf59793-da45-49b4-9a92-f95cd560cccb,2026-06-30T20:45:00Z,2026-06-30T22:45:00+0200,53294.83128,MW,DE,DE_LU,actual_load,Actual Load,2026-07-26T13:03:42Z
2026-07-26T12:59:54Z,2026-07-26T14:59:54+0200,adf59793-da45-49b4-9a92-f95cd560cccb,2026-06-30T21:00:00Z,2026-06-30T23:00:00+0200,51535.19937,MW,DE,DE_LU,actual_load,Actual Load,2026-07-26T13:03:42Z
2026-07-26T12:59:54Z,2026-07-26T14:59:54+0200,adf59793-da45-49b4-9a92-f95cd560cccb,2026-06-30T21:15:00Z,2026-06-30T23:15:00+0200,51446.31858,MW,DE,DE_LU,actual_load,Actual Load,2026-07-26T13:03:42Z
2026-07-26T12:59:54Z,2026-07-26T14:59:54+0200,adf59793-da45-49b4-9a92-f95cd560cccb,2026-06-30T21:30:00Z,2026-06-30T23:30:00+0200,51383.08516,MW,DE,DE_LU,actual_load,Actual Load,2026-07-26T13:03:42Z
2026-07-26T12:59:54Z,2026-07-26T14:59:54+0200,adf59793-da45-49b4-9a92-f95cd560cccb,2026-06-30T21:45:00Z,2026-06-30T23:45:00+0200,50613.27447,MW,DE,DE_LU,actual_load,Actual Load,2026-07-26T13:03:42Z
2026-07-26T12:59:54Z,2026-07-26T14:59:54+0200,adf59793-da45-49b4-9a92-f95cd560cccb,2026-06-30T22:00:00Z,2026-07-01T00:00:00+0200,49389.73104,MW,DE,DE_LU,actual_load,Actual Load,2026-07-26T13:03:42Z
2026-07-26T12:59:54Z,2026-07-26T14:59:54+0200,adf59793-da45-49b4-9a92-f95cd560cccb,2026-06-30T22:15:00Z,2026-07-01T00:15:00+0200,49119.23513,MW,DE,DE_LU,actual_load,Actual Load,2026-07-26T13:03:42Z
2026-07-26T12:59:54Z,2026-07-26T14:59:54+0200,adf59793-da45-49b4-9a92-f95cd560cccb,2026-06-30T22:30:00Z,2026-07-01T00:30:00+0200,48697.43238,MW,DE,DE_LU,actual_load,Actual Load,2026-07-26T13:03:42Z
2026-07-26T12:59:54Z,2026-07-26T14:59:54+0200,adf59793-da45-49b4-9a92-f95cd560cccb,2026-06-30T22:45:00Z,2026-07-01T00:45:00+0200,48271.26327,MW,DE,DE_LU,actual_load,Actual Load,2026-07-26T13:03:42Z
2026-07-26T12:59:54Z,2026-07-26T14:59:54+0200,adf59793-da45-49b4-9a92-f95cd560cccb,2026-06-30T23:00:00Z,2026-07-01T01:00:00+0200,47764.3672,MW,DE,DE_LU,actual_load,Actual Load,2026-07-26T13:03:42Z
2026-07-26T12:59:54Z,2026-07-26T14:59:54+0200,adf59793-da45-49b4-9a92-f95cd560cccb,2026-06-30T23:15:00Z,2026-07-01T01:15:00+0200,47355.54657,MW,DE,DE_LU,actual_load,Actual Load,2026-07-26T13:03:42Z
2026-07-26T12:59:54Z,2026-07-26T14:59:54+0200,adf59793-da45-49b4-9a92-f95cd560cccb,2026-06-30T23:30:00Z,2026-07-01T01:30:00+0200,47023.05338,MW,DE,DE_LU,actual_load,Actual Load,2026-07-26T13:03:42Z
2026-07-26T12:59:54Z,2026-07-26T14:59:54+0200,adf59793-da45-49b4-9a92-f95cd560cccb,2026-06-30T23:45:00Z,2026-07-01T01:45:00+0200,46939.39306,MW,DE,DE_LU,actual_load,Actual Load,2026-07-26T13:03:42Z
2026-07-26T12:59:54Z,2026-07-26T14:59:54+0200,adf59793-da45-49b4-9a92-f95cd560cccb,2026-07-01T00:00:00Z,2026-07-01T02:00:00+0200,46323.54891,MW,DE,DE_LU,actual_load,Actual Load,2026-07-26T13:03:42Z
2026-07-26T12:59:54Z,2026-07-26T14:59:54+0200,adf59793-da45-49b4-9a92-f95cd560cccb,2026-07-01T00:15:00Z,2026-07-01T02:15:00+0200,46263.82614,MW,DE,DE_LU,actual_load,Actual Load,2026-07-26T13:03:42Z
2026-07-26T12:59:54Z,2026-07-26T14:59:54+0200,adf59793-da45-49b4-9a92-f95cd560cccb,2026-07-01T00:30:00Z,2026-07-01T02:30:00+0200,46648.45549,MW,DE,DE_LU,actual_load,Actual Load,2026-07-26T13:03:42Z
2026-07-26T12:59:54Z,2026-07-26T14:59:54+0200,adf59793-da45-49b4-9a92-f95cd560cccb,2026-07-01T00:45:00Z,2026-07-01T02:45:00+0200,46467.05147,MW,DE,DE_LU,actual_load,Actual Load,2026-07-26T13:03:42Z
2026-07-26T12:59:54Z,2026-07-26T14:59:54+0200,adf59793-da45-49b4-9a92-f95cd560cccb,2026-07-01T01:00:00Z,2026-07-01T03:00:00+0200,45712.95026,MW,DE,DE_LU,actual_load,Actual Load,2026-07-26T13:03:42Z
2026-07-26T12:59:54Z,2026-07-26T14:59:54+0200,adf59793-da45-49b4-9a92-f95cd560cccb,2026-07-01T01:15:00Z,2026-07-01T03:15:00+0200,45623.34053,MW,DE,DE_LU,actual_load,Actual Load,2026-07-26T13:03:42Z
2026-07-26T12:59:54Z,2026-07-26T14:59:54+0200,adf59793-da45-49b4-9a92-f95cd560cccb,2026-07-01T01:30:00Z,2026-07-01T03:30:00+0200,45611.5363,MW,DE,DE_LU,actual_load,Actual Load,2026-07-26T13:03:42Z
2026-07-26T12:59:54Z,2026-07-26T14:59:54+0200,adf59793-da45-49b4-9a92-f95cd560cccb,2026-07-01T01:45:00Z,2026-07-01T03:45:00+0200,46047.88626,MW,DE,DE_LU,actual_load,Actual Load,2026-07-26T13:03:42Z
2026-07-26T12:59:54Z,2026-07-26T14:59:54+0200,adf59793-da45-49b4-9a92-f95cd560cccb,2026-07-01T02:00:00Z,2026-07-01T04:00:00+0200,46326.61733,MW,DE,DE_LU,actual_load,Actual Load,2026-07-26T13:03:42Z
2026-07-26T12:59:54Z,2026-07-26T14:59:54+0200,adf59793-da45-49b4-9a92-f95cd560cccb,2026-07-01T02:15:00Z,2026-07-01T04:15:00+0200,46212.14422,MW,DE,DE_LU,actual_load,Actual Load,2026-07-26T13:03:42Z
2026-07-26T12:59:54Z,2026-07-26T14:59:54+0200,adf59793-da45-49b4-9a92-f95cd560cccb,2026-07-01T02:30:00Z,2026-07-01T04:30:00+0200,46486.69398,MW,DE,DE_LU,actual_load,Actual Load,2026-07-26T13:03:42Z
2026-07-26T12:59:54Z,2026-07-26T14:59:54+0200,adf59793-da45-49b4-9a92-f95cd560cccb,2026-07-01T02:45:00Z,2026-07-01T04:45:00+0200,46825.48934,MW,DE,DE_LU,actual_load,Actual Load,2026-07-26T13:03:42Z
2026-07-26T12:59:54Z,2026-07-26T14:59:54+0200,adf59793-da45-49b4-9a92-f95cd560cccb,2026-07-01T03:00:00Z,2026-07-01T05:00:00+0200,48151.33176,MW,DE,DE_LU,actual_load,Actual Load,2026-07-26T13:03:42Z
2026-07-26T12:59:54Z,2026-07-26T14:59:54+0200,adf59793-da45-49b4-9a92-f95cd560cccb,2026-07-01T03:15:00Z,2026-07-01T05:15:00+0200,48574.16606,MW,DE,DE_LU,actual_load,Actual Load,2026-07-26T13:03:42Z
2026-07-26T12:59:54Z,2026-07-26T14:59:54+0200,adf59793-da45-49b4-9a92-f95cd560cccb,2026-07-01T03:30:00Z,2026-07-01T05:30:00+0200,49525.40207,MW,DE,DE_LU,actual_load,Actual Load,2026-07-26T13:03:42Z
2026-07-26T12:59:54Z,2026-07-26T14:59:54+0200,adf59793-da45-49b4-9a92-f95cd560cccb,2026-07-01T03:45:00Z,2026-07-01T05:45:00+0200,50591.76838,MW,DE,DE_LU,actual_load,Actual Load,2026-07-26T13:03:42Z
2026-07-26T12:59:54Z,2026-07-26T14:59:54+0200,adf59793-da45-49b4-9a92-f95cd560cccb,2026-07-01T04:00:00Z,2026-07-01T06:00:00+0200,52123.53016,MW,DE,DE_LU,actual_load,Actual Load,2026-07-26T13:03:42Z
2026-07-26T12:59:54Z,2026-07-26T14:59:54+0200,adf59793-da45-49b4-9a92-f95cd560cccb,2026-07-01T04:15:00Z,2026-07-01T06:15:00+0200,53871.79833,MW,DE,DE_LU,actual_load,Actual Load,2026-07-26T13:03:42Z
2026-07-26T12:59:54Z,2026-07-26T14:59:54+0200,adf59793-da45-49b4-9a92-f95cd560cccb,2026-07-01T04:30:00Z,2026-07-01T06:30:00+0200,55319.78727,MW,DE,DE_LU,actual_load,Actual Load,2026-07-26T13:03:42Z
2026-07-26T12:59:54Z,2026-07-26T14:59:54+0200,adf59793-da45-49b4-9a92-f95cd560cccb,2026-07-01T04:45:00Z,2026-07-01T06:45:00+0200,56627.90361,MW,DE,DE_LU,actual_load,Actual Load,2026-07-26T13:03:42Z
2026-07-26T12:59:54Z,2026-07-26T14:59:54+0200,adf59793-da45-49b4-9a92-f95cd560cccb,2026-07-01T05:00:00Z,2026-07-01T07:00:00+0200,58074.94326,MW,DE,DE_LU,actual_load,Actual Load,2026-07-26T13:03:42Z
2026-07-26T12:59:54Z,2026-07-26T14:59:54+0200,adf59793-da45-49b4-9a92-f95cd560cccb,2026-07-01T05:15:00Z,2026-07-01T07:15:00+0200,59301.55948,MW,DE,DE_LU,actual_load,Actual Load,2026-07-26T13:03:42Z
2026-07-26T12:59:54Z,2026-07-26T14:59:54+0200,adf59793-da45-49b4-9a92-f95cd560cccb,2026-07-01T05:30:00Z,2026-07-01T07:30:00+0200,60230.00598,MW,DE,DE_LU,actual_load,Actual Load,2026-07-26T13:03:42Z
2026-07-26T12:59:54Z,2026-07-26T14:59:54+0200,adf59793-da45-49b4-9a92-f95cd560cccb,2026-07-01T05:45:00Z,2026-07-01T07:45:00+0200,61144.88974,MW,DE,DE_LU,actual_load,Actual Load,2026-07-26T13:03:42Z
2026-07-26T12:59:54Z,2026-07-26T14:59:54+0200,adf59793-da45-49b4-9a92-f95cd560cccb,2026-07-01T06:00:00Z,2026-07-01T08:00:00+0200,62105.8054,MW,DE,DE_LU,actual_load,Actual Load,2026-07-26T13:03:42Z
2026-07-26T12:59:54Z,2026-07-26T14:59:54+0200,adf59793-da45-49b4-9a92-f95cd560cccb,2026-07-01T06:15:00Z,2026-07-01T08:15:00+0200,62965.72937,MW,DE,DE_LU,actual_load,Actual Load,2026-07-26T13:03:42Z
2026-07-26T12:59:54Z,2026-07-26T14:59:54+0200,adf59793-da45-49b4-9a92-f95cd560cccb,2026-07-01T06:30:00Z,2026-07-01T08:30:00+0200,63546.86294,MW,DE,DE_LU,actual_load,Actual Load,2026-07-26T13:03:42Z
2026-07-26T12:59:54Z,2026-07-26T14:59:54+0200,adf59793-da45-49b4-9a92-f95cd560cccb,2026-07-01T06:45:00Z,2026-07-01T08:45:00+0200,63828.19537,MW,DE,DE_LU,actual_load,Actual Load,2026-07-26T13:03:42Z
2026-07-26T12:59:54Z,2026-07-26T14:59:54+0200,adf59793-da45-49b4-9a92-f95cd560cccb,2026-07-01T07:00:00Z,2026-07-01T09:00:00+0200,63142.04954,MW,DE,DE_LU,actual_load,Actual Load,2026-07-26T13:03:42Z
2026-07-26T12:59:54Z,2026-07-26T14:59:54+0200,adf59793-da45-49b4-9a92-f95cd560cccb,2026-07-01T07:15:00Z,2026-07-01T09:15:00+0200,63725.92028,MW,DE,DE_LU,actual_load,Actual Load,2026-07-26T13:03:42Z
2026-07-26T12:59:54Z,2026-07-26T14:59:54+0200,adf59793-da45-49b4-9a92-f95cd560cccb,2026-07-01T07:30:00Z,2026-07-01T09:30:00+0200,63610.26646,MW,DE,DE_LU,actual_load,Actual Load,2026-07-26T13:03:42Z
2026-07-26T12:59:54Z,2026-07-26T14:59:54+0200,adf59793-da45-49b4-9a92-f95cd560cccb,2026-07-01T07:45:00Z,2026-07-01T09:45:00+0200,63545.34456,MW,DE,DE_LU,actual_load,Actual Load,2026-07-26T13:03:42Z
2026-07-26T12:59:54Z,2026-07-26T14:59:54+0200,adf59793-da45-49b4-9a92-f95cd560cccb,2026-07-01T08:00:00Z,2026-07-01T10:00:00+0200,63163.84599,MW,DE,DE_LU,actual_load,Actual Load,2026-07-26T13:03:42Z
2026-07-26T12:59:54Z,2026-07-26T14:59:54+0200,adf59793-da45-49b4-9a92-f95cd560cccb,2026-07-01T08:15:00Z,2026-07-01T10:15:00+0200,63152.23221,MW,DE,DE_LU,actual_load,Actual Load,2026-07-26T13:03:42Z
2026-07-26T12:59:54Z,2026-07-26T14:59:54+0200,adf59793-da45-49b4-9a92-f95cd560cccb,2026-07-01T08:30:00Z,2026-07-01T10:30:00+0200,62753.97567,MW,DE,DE_LU,actual_load,Actual Load,2026-07-26T13:03:42Z
2026-07-26T12:59:54Z,2026-07-26T14:59:54+0200,adf59793-da45-49b4-9a92-f95cd560cccb,2026-07-01T08:45:00Z,2026-07-01T10:45:00+0200,62755.16138,MW,DE,DE_LU,actual_load,Actual Load,2026-07-26T13:03:42Z
2026-07-26T12:59:54Z,2026-07-26T14:59:54+0200,adf59793-da45-49b4-9a92-f95cd560cccb,2026-07-01T09:00:00Z,2026-07-01T11:00:00+0200,62552.43089,MW,DE,DE_LU,actual_load,Actual Load,2026-07-26T13:03:42Z
2026-07-26T12:59:54Z,2026-07-26T14:59:54+0200,adf59793-da45-49b4-9a92-f95cd560cccb,2026-07-01T09:15:00Z,2026-07-01T11:15:00+0200,62540.61108,MW,DE,DE_LU,actual_load,Actual Load,2026-07-26T13:03:42Z
2026-07-26T12:59:54Z,2026-07-26T14:59:54+0200,adf59793-da45-49b4-9a92-f95cd560cccb,2026-07-01T09:30:00Z,2026-07-01T11:30:00+0200,62228.59688,MW,DE,DE_LU,actual_load,Actual Load,2026-07-26T13:03:42Z
2026-07-26T12:59:54Z,2026-07-26T14:59:54+0200,adf59793-da45-49b4-9a92-f95cd560cccb,2026-07-01T09:45:00Z,2026-07-01T11:45:00+0200,62710.6609,MW,DE,DE_LU,actual_load,Actual Load,2026-07-26T13:03:42Z
2026-07-26T12:59:54Z,2026-07-26T14:59:54+0200,adf59793-da45-49b4-9a92-f95cd560cccb,2026-07-01T10:00:00Z,2026-07-01T12:00:00+0200,62041.39059,MW,DE,DE_LU,actual_load,Actual Load,2026-07-26T13:03:42Z
2026-07-26T12:59:54Z,2026-07-26T14:59:54+0200,adf59793-da45-49b4-9a92-f95cd560cccb,2026-07-01T10:15:00Z,2026-07-01T12:15:00+0200,61284.31384,MW,DE,DE_LU,actual_load,Actual Load,2026-07-26T13:03:42Z
2026-07-26T12:59:54Z,2026-07-26T14:59:54+0200,adf59793-da45-49b4-9a92-f95cd560cccb,2026-07-01T10:30:00Z,2026-07-01T12:30:00+0200,61219.08556,MW,DE,DE_LU,actual_load,Actual Load,2026-07-26T13:03:42Z
2026-07-26T12:59:54Z,2026-07-26T14:59:54+0200,adf59793-da45-49b4-9a92-f95cd560cccb,2026-07-01T10:45:00Z,2026-07-01T12:45:00+0200,61859.77577,MW,DE,DE_LU,actual_load,Actual Load,2026-07-26T13:03:42Z
2026-07-26T12:59:54Z,2026-07-26T14:59:54+0200,adf59793-da45-49b4-9a92-f95cd560cccb,2026-07-01T11:00:00Z,2026-07-01T13:00:00+0200,60850.77236,MW,DE,DE_LU,actual_load,Actual Load,2026-07-26T13:03:42Z
2026-07-26T12:59:54Z,2026-07-26T14:59:54+0200,adf59793-da45-49b4-9a92-f95cd560cccb,2026-07-01T11:15:00Z,2026-07-01T13:15:00+0200,60542.64581,MW,DE,DE_LU,actual_load,Actual Load,2026-07-26T13:03:42Z
2026-07-26T12:59:54Z,2026-07-26T14:59:54+0200,adf59793-da45-49b4-9a92-f95cd560cccb,2026-07-01T11:30:00Z,2026-07-01T13:30:00+0200,60256.49242,MW,DE,DE_LU,actual_load,Actual Load,2026-07-26T13:03:42Z
2026-07-26T12:59:54Z,2026-07-26T14:59:54+0200,adf59793-da45-49b4-9a92-f95cd560cccb,2026-07-01T11:45:00Z,2026-07-01T13:45:00+0200,59930.2798,MW,DE,DE_LU,actual_load,Actual Load,2026-07-26T13:03:42Z
2026-07-26T12:59:54Z,2026-07-26T14:59:54+0200,adf59793-da45-49b4-9a92-f95cd560cccb,2026-07-01T12:00:00Z,2026-07-01T14:00:00+0200,59669.85932,MW,DE,DE_LU,actual_load,Actual Load,2026-07-26T13:03:42Z
2026-07-26T12:59:54Z,2026-07-26T14:59:54+0200,adf59793-da45-49b4-9a92-f95cd560cccb,2026-07-01T12:15:00Z,2026-07-01T14:15:00+0200,59292.52901,MW,DE,DE_LU,actual_load,Actual Load,2026-07-26T13:03:42Z
2026-07-26T12:59:54Z,2026-07-26T14:59:54+0200,adf59793-da45-49b4-9a92-f95cd560cccb,2026-07-01T12:30:00Z,2026-07-01T14:30:00+0200,58670.48616,MW,DE,DE_LU,actual_load,Actual Load,2026-07-26T13:03:42Z
2026-07-26T12:59:54Z,2026-07-26T14:59:54+0200,adf59793-da45-49b4-9a92-f95cd560cccb,2026-07-01T12:45:00Z,2026-07-01T14:45:00+0200,58082.28024,MW,DE,DE_LU,actual_load,Actual Load,2026-07-26T13:03:42Z
2026-07-26T12:59:54Z,2026-07-26T14:59:54+0200,adf59793-da45-49b4-9a92-f95cd560cccb,2026-07-01T13:00:00Z,2026-07-01T15:00:00+0200,58527.31037,MW,DE,DE_LU,actual_load,Actual Load,2026-07-26T13:03:42Z
2026-07-26T12:59:54Z,2026-07-26T14:59:54+0200,adf59793-da45-49b4-9a92-f95cd560cccb,2026-07-01T13:15:00Z,2026-07-01T15:15:00+0200,57393.59472,MW,DE,DE_LU,actual_load,Actual Load,2026-07-26T13:03:42Z
2026-07-26T12:59:54Z,2026-07-26T14:59:54+0200,adf59793-da45-49b4-9a92-f95cd560cccb,2026-07-01T13:30:00Z,2026-07-01T15:30:00+0200,57666.13532,MW,DE,DE_LU,actual_load,Actual Load,2026-07-26T13:03:42Z
2026-07-26T12:59:54Z,2026-07-26T14:59:54+0200,adf59793-da45-49b4-9a92-f95cd560cccb,2026-07-01T13:45:00Z,2026-07-01T15:45:00+0200,57378.69315,MW,DE,DE_LU,actual_load,Actual Load,2026-07-26T13:03:42Z
2026-07-26T12:59:54Z,2026-07-26T14:59:54+0200,adf59793-da45-49b4-9a92-f95cd560cccb,2026-07-01T14:00:00Z,2026-07-01T16:00:00+0200,58071.09304,MW,DE,DE_LU,actual_load,Actual Load,2026-07-26T13:03:42Z
2026-07-26T12:59:54Z,2026-07-26T14:59:54+0200,adf59793-da45-49b4-9a92-f95cd560cccb,2026-07-01T14:15:00Z,2026-07-01T16:15:00+0200,57657.57175,MW,DE,DE_LU,actual_load,Actual Load,2026-07-26T13:03:42Z
2026-07-26T12:59:54Z,2026-07-26T14:59:54+0200,adf59793-da45-49b4-9a92-f95cd560cccb,2026-07-01T14:30:00Z,2026-07-01T16:30:00+0200,56474.43768,MW,DE,DE_LU,actual_load,Actual Load,2026-07-26T13:03:42Z
2026-07-26T12:59:54Z,2026-07-26T14:59:54+0200,adf59793-da45-49b4-9a92-f95cd560cccb,2026-07-01T14:45:00Z,2026-07-01T16:45:00+0200,56148.75492,MW,DE,DE_LU,actual_load,Actual Load,2026-07-26T13:03:42Z
2026-07-26T12:59:54Z,2026-07-26T14:59:54+0200,adf59793-da45-49b4-9a92-f95cd560cccb,2026-07-01T15:00:00Z,2026-07-01T17:00:00+0200,57395.83111,MW,DE,DE_LU,actual_load,Actual Load,2026-07-26T13:03:42Z
2026-07-26T12:59:54Z,2026-07-26T14:59:54+0200,adf59793-da45-49b4-9a92-f95cd560cccb,2026-07-01T15:15:00Z,2026-07-01T17:15:00+0200,57433.3191,MW,DE,DE_LU,actual_load,Actual Load,2026-07-26T13:03:42Z
2026-07-26T12:59:54Z,2026-07-26T14:59:54+0200,adf59793-da45-49b4-9a92-f95cd560cccb,2026-07-01T15:30:00Z,2026-07-01T17:30:00+0200,57301.2908,MW,DE,DE_LU,actual_load,Actual Load,2026-07-26T13:03:42Z
2026-07-26T12:59:54Z,2026-07-26T14:59:54+0200,adf59793-da45-49b4-9a92-f95cd560cccb,2026-07-01T15:45:00Z,2026-07-01T17:45:00+0200,58277.57451,MW,DE,DE_LU,actual_load,Actual Load,2026-07-26T13:03:42Z
2026-07-26T12:59:54Z,2026-07-26T14:59:54+0200,adf59793-da45-49b4-9a92-f95cd560cccb,2026-07-01T16:00:00Z,2026-07-01T18:00:00+0200,60432.27892,MW,DE,DE_LU,actual_load,Actual Load,2026-07-26T13:03:42Z
2026-07-26T12:59:54Z,2026-07-26T14:59:54+0200,adf59793-da45-49b4-9a92-f95cd560cccb,2026-07-01T16:15:00Z,2026-07-01T18:15:00+0200,59814.94361,MW,DE,DE_LU,actual_load,Actual Load,2026-07-26T13:03:42Z
2026-07-26T12:59:54Z,2026-07-26T14:59:54+0200,adf59793-da45-49b4-9a92-f95cd560cccb,2026-07-01T16:30:00Z,2026-07-01T18:30:00+0200,59860.16507,MW,DE,DE_LU,actual_load,Actual Load,2026-07-26T13:03:42Z
2026-07-26T12:59:54Z,2026-07-26T14:59:54+0200,adf59793-da45-49b4-9a92-f95cd560cccb,2026-07-01T16:45:00Z,2026-07-01T18:45:00+0200,59864.68901,MW,DE,DE_LU,actual_load,Actual Load,2026-07-26T13:03:42Z
2026-07-26T12:59:54Z,2026-07-26T14:59:54+0200,adf59793-da45-49b4-9a92-f95cd560cccb,2026-07-01T17:00:00Z,2026-07-01T19:00:00+0200,60104.85599,MW,DE,DE_LU,actual_load,Actual Load,2026-07-26T13:03:42Z
2026-07-26T12:59:54Z,2026-07-26T14:59:54+0200,adf59793-da45-49b4-9a92-f95cd560cccb,2026-07-01T17:15:00Z,2026-07-01T19:15:00+0200,59750.15773,MW,DE,DE_LU,actual_load,Actual Load,2026-07-26T13:03:42Z
2026-07-26T12:59:54Z,2026-07-26T14:59:54+0200,adf59793-da45-49b4-9a92-f95cd560cccb,2026-07-01T17:30:00Z,2026-07-01T19:30:00+0200,59520.42852,MW,DE,DE_LU,actual_load,Actual Load,2026-07-26T13:03:42Z
2026-07-26T12:59:54Z,2026-07-26T14:59:54+0200,adf59793-da45-49b4-9a92-f95cd560cccb,2026-07-01T17:45:00Z,2026-07-01T19:45:00+0200,59162.63706,MW,DE,DE_LU,actual_load,Actual Load,2026-07-26T13:03:42Z
2026-07-26T12:59:54Z,2026-07-26T14:59:54+0200,adf59793-da45-49b4-9a92-f95cd560cccb,2026-07-01T18:00:00Z,2026-07-01T20:00:00+0200,58662.23488,MW,DE,DE_LU,actual_load,Actual Load,2026-07-26T13:03:42Z
2026-07-26T12:59:54Z,2026-07-26T14:59:54+0200,adf59793-da45-49b4-9a92-f95cd560cccb,2026-07-01T18:15:00Z,2026-07-01T20:15:00+0200,57988.79819,MW,DE,DE_LU,actual_load,Actual Load,2026-07-26T13:03:42Z
2026-07-26T12:59:54Z,2026-07-26T14:59:54+0200,adf59793-da45-49b4-9a92-f95cd560cccb,2026-07-01T18:30:00Z,2026-07-01T20:30:00+0200,56741.91536,MW,DE,DE_LU,actual_load,Actual Load,2026-07-26T13:03:42Z
2026-07-26T12:59:54Z,2026-07-26T14:59:54+0200,adf59793-da45-49b4-9a92-f95cd560cccb,2026-07-01T18:45:00Z,2026-07-01T20:45:00+0200,56085.30953,MW,DE,DE_LU,actual_load,Actual Load,2026-07-26T13:03:42Z
2026-07-26T12:59:54Z,2026-07-26T14:59:54+0200,adf59793-da45-49b4-9a92-f95cd560cccb,2026-07-01T19:00:00Z,2026-07-01T21:00:00+0200,55817.90854,MW,DE,DE_LU,actual_load,Actual Load,2026-07-26T13:03:42Z
2026-07-26T12:59:54Z,2026-07-26T14:59:54+0200,adf59793-da45-49b4-9a92-f95cd560cccb,2026-07-01T19:15:00Z,2026-07-01T21:15:00+0200,55698.28072,MW,DE,DE_LU,actual_load,Actual Load,2026-07-26T13:03:42Z
2026-07-26T12:59:54Z,2026-07-26T14:59:54+0200,adf59793-da45-49b4-9a92-f95cd560cccb,2026-07-01T19:30:00Z,2026-07-01T21:30:00+0200,55226.68447,MW,DE,DE_LU,actual_load,Actual Load,2026-07-26T13:03:42Z
2026-07-26T12:59:54Z,2026-07-26T14:59:54+0200,adf59793-da45-49b4-9a92-f95cd560cccb,2026-07-01T19:45:00Z,2026-07-01T21:45:00+0200,55027.24082,MW,DE,DE_LU,actual_load,Actual Load,2026-07-26T13:03:42Z
2026-07-26T12:59:54Z,2026-07-26T14:59:54+0200,adf59793-da45-49b4-9a92-f95cd560cccb,2026-07-01T20:00:00Z,2026-07-01T22:00:00+0200,53819.0837,MW,DE,DE_LU,actual_load,Actual Load,2026-07-26T13:03:42Z
2026-07-26T12:59:54Z,2026-07-26T14:59:54+0200,adf59793-da45-49b4-9a92-f95cd560cccb,2026-07-01T20:15:00Z,2026-07-01T22:15:00+0200,53193.23652,MW,DE,DE_LU,actual_load,Actual Load,2026-07-26T13:03:42Z
2026-07-26T12:59:54Z,2026-07-26T14:59:54+0200,adf59793-da45-49b4-9a92-f95cd560cccb,2026-07-01T20:30:00Z,2026-07-01T22:30:00+0200,52085.70326,MW,DE,DE_LU,actual_load,Actual Load,2026-07-26T13:03:42Z
2026-07-26T12:59:54Z,2026-07-26T14:59:54+0200,adf59793-da45-49b4-9a92-f95cd560cccb,2026-07-01T20:45:00Z,2026-07-01T22:45:00+0200,52148.67251,MW,DE,DE_LU,actual_load,Actual Load,2026-07-26T13:03:42Z
2026-07-26T12:59:54Z,2026-07-26T14:59:54+0200,adf59793-da45-49b4-9a92-f95cd560cccb,2026-07-01T21:00:00Z,2026-07-01T23:00:00+0200,50857.48031,MW,DE,DE_LU,actual_load,Actual Load,2026-07-26T13:03:42Z
2026-07-26T12:59:54Z,2026-07-26T14:59:54+0200,adf59793-da45-49b4-9a92-f95cd560cccb,2026-07-01T21:15:00Z,2026-07-01T23:15:00+0200,50122.52569,MW,DE,DE_LU,actual_load,Actual Load,2026-07-26T13:03:42Z
2026-07-26T12:59:54Z,2026-07-26T14:59:54+0200,adf59793-da45-49b4-9a92-f95cd560cccb,2026-07-01T21:30:00Z,2026-07-01T23:30:00+0200,49816.6346,MW,DE,DE_LU,actual_load,Actual Load,2026-07-26T13:03:42Z
2026-07-26T12:59:54Z,2026-07-26T14:59:54+0200,adf59793-da45-49b4-9a92-f95cd560cccb,2026-07-01T21:45:00Z,2026-07-01T23:45:00+0200,49554.979,MW,DE,DE_LU,actual_load,Actual Load,2026-07-26T13:03:42Z
2026-07-26T12:59:54Z,2026-07-26T14:59:54+0200,adf59793-da45-49b4-9a92-f95cd560cccb,2026-07-01T22:00:00Z,2026-07-02T00:00:00+0200,47967.91562,MW,DE,DE_LU,actual_load,Actual Load,2026-07-26T13:03:42Z
2026-07-26T12:59:54Z,2026-07-26T14:59:54+0200,adf59793-da45-49b4-9a92-f95cd560cccb,2026-07-01T22:15:00Z,2026-07-02T00:15:00+0200,47338.14897,MW,DE,DE_LU,actual_load,Actual Load,2026-07-26T13:03:42Z
2026-07-26T12:59:54Z,2026-07-26T14:59:54+0200,adf59793-da45-49b4-9a92-f95cd560cccb,2026-07-01T22:30:00Z,2026-07-02T00:30:00+0200,46526.28337,MW,DE,DE_LU,actual_load,Actual Load,2026-07-26T13:03:42Z
2026-07-26T12:59:54Z,2026-07-26T14:59:54+0200,adf59793-da45-49b4-9a92-f95cd560cccb,2026-07-01T22:45:00Z,2026-07-02T00:45:00+0200,46534.34981,MW,DE,DE_LU,actual_load,Actual Load,2026-07-26T13:03:42Z
2026-07-26T12:59:54Z,2026-07-26T14:59:54+0200,adf59793-da45-49b4-9a92-f95cd560cccb,2026-07-01T23:00:00Z,2026-07-02T01:00:00+0200,46121.97781,MW,DE,DE_LU,actual_load,Actual Load,2026-07-26T13:03:42Z
2026-07-26T12:59:54Z,2026-07-26T14:59:54+0200,adf59793-da45-49b4-9a92-f95cd560cccb,2026-07-01T23:15:00Z,2026-07-02T01:15:00+0200,46090.96359,MW,DE,DE_LU,actual_load,Actual Load,2026-07-26T13:03:42Z
2026-07-26T12:59:54Z,2026-07-26T14:59:54+0200,adf59793-da45-49b4-9a92-f95cd560cccb,2026-07-01T23:30:00Z,2026-07-02T01:30:00+0200,45884.77024,MW,DE,DE_LU,actual_load,Actual Load,2026-07-26T13:03:42Z
2026-07-26T12:59:54Z,2026-07-26T14:59:54+0200,adf59793-da45-49b4-9a92-f95cd560cccb,2026-07-01T23:45:00Z,2026-07-02T01:45:00+0200,45568.262,MW,DE,DE_LU,actual_load,Actual Load,2026-07-26T13:03:42Z
2026-07-26T12:59:54Z,2026-07-26T14:59:54+0200,adf59793-da45-49b4-9a92-f95cd560cccb,2026-07-02T00:00:00Z,2026-07-02T02:00:00+0200,44906.11211,MW,DE,DE_LU,actual_load,Actual Load,2026-07-26T13:03:42Z
2026-07-26T12:59:54Z,2026-07-26T14:59:54+0200,adf59793-da45-49b4-9a92-f95cd560cccb,2026-07-02T00:15:00Z,2026-07-02T02:15:00+0200,44795.10965,MW,DE,DE_LU,actual_load,Actual Load,2026-07-26T13:03:42Z
2026-07-26T12:59:54Z,2026-07-26T14:59:54+0200,adf59793-da45-49b4-9a92-f95cd560cccb,2026-07-02T00:30:00Z,2026-07-02T02:30:00+0200,44817.24772,MW,DE,DE_LU,actual_load,Actual Load,2026-07-26T13:03:42Z
2026-07-26T12:59:54Z,2026-07-26T14:59:54+0200,adf59793-da45-49b4-9a92-f95cd560cccb,2026-07-02T00:45:00Z,2026-07-02T02:45:00+0200,45183.22289,MW,DE,DE_LU,actual_load,Actual Load,2026-07-26T13:03:42Z
2026-07-26T12:59:54Z,2026-07-26T14:59:54+0200,adf59793-da45-49b4-9a92-f95cd560cccb,2026-07-02T01:00:00Z,2026-07-02T03:00:00+0200,45272.85611,MW,DE,DE_LU,actual_load,Actual Load,2026-07-26T13:03:42Z
2026-07-26T12:59:54Z,2026-07-26T14:59:54+0200,adf59793-da45-49b4-9a92-f95cd560cccb,2026-07-02T01:15:00Z,2026-07-02T03:15:00+0200,45501.72097,MW,DE,DE_LU,actual_load,Actual Load,2026-07-26T13:03:42Z
2026-07-26T12:59:54Z,2026-07-26T14:59:54+0200,adf59793-da45-49b4-9a92-f95cd560cccb,2026-07-02T01:30:00Z,2026-07-02T03:30:00+0200,45758.07379,MW,DE,DE_LU,actual_load,Actual Load,2026-07-26T13:03:42Z
2026-07-26T12:59:54Z,2026-07-26T14:59:54+0200,adf59793-da45-49b4-9a92-f95cd560cccb,2026-07-02T01:45:00Z,2026-07-02T03:45:00+0200,46136.38,MW,DE,DE_LU,actual_load,Actual Load,2026-07-26T13:03:42Z
2026-07-26T12:59:54Z,2026-07-26T14:59:54+0200,adf59793-da45-49b4-9a92-f95cd560cccb,2026-07-02T02:00:00Z,2026-07-02T04:00:00+0200,46560.93233,MW,DE,DE_LU,actual_load,Actual Load,2026-07-26T13:03:42Z
2026-07-26T12:59:54Z,2026-07-26T14:59:54+0200,adf59793-da45-49b4-9a92-f95cd560cccb,2026-07-02T02:15:00Z,2026-07-02T04:15:00+0200,46952.66024,MW,DE,DE_LU,actual_load,Actual Load,2026-07-26T13:03:42Z
2026-07-26T12:59:54Z,2026-07-26T14:59:54+0200,adf59793-da45-49b4-9a92-f95cd560cccb,2026-07-02T02:30:00Z,2026-07-02T04:30:00+0200,47471.37426,MW,DE,DE_LU,actual_load,Actual Load,2026-07-26T13:03:42Z
2026-07-26T12:59:54Z,2026-07-26T14:59:54+0200,adf59793-da45-49b4-9a92-f95cd560cccb,2026-07-02T02:45:00Z,2026-07-02T04:45:00+0200,48021.91608,MW,DE,DE_LU,actual_load,Actual Load,2026-07-26T13:03:42Z
2026-07-26T12:59:54Z,2026-07-26T14:59:54+0200,adf59793-da45-49b4-9a92-f95cd560cccb,2026-07-02T03:00:00Z,2026-07-02T05:00:00+0200,48896.34493,MW,DE,DE_LU,actual_load,Actual Load,2026-07-26T13:03:42Z
2026-07-26T12:59:54Z,2026-07-26T14:59:54+0200,adf59793-da45-49b4-9a92-f95cd560cccb,2026-07-02T03:15:00Z,2026-07-02T05:15:00+0200,49447.80417,MW,DE,DE_LU,actual_load,Actual Load,2026-07-26T13:03:42Z
2026-07-26T12:59:54Z,2026-07-26T14:59:54+0200,adf59793-da45-49b4-9a92-f95cd560cccb,2026-07-02T03:30:00Z,2026-07-02T05:30:00+0200,50517.42699,MW,DE,DE_LU,actual_load,Actual Load,2026-07-26T13:03:42Z
2026-07-26T12:59:54Z,2026-07-26T14:59:54+0200,adf59793-da45-49b4-9a92-f95cd560cccb,2026-07-02T03:45:00Z,2026-07-02T05:45:00+0200,52012.45389,MW,DE,DE_LU,actual_load,Actual Load,2026-07-26T13:03:42Z
2026-07-26T12:59:54Z,2026-07-26T14:59:54+0200,adf59793-da45-49b4-9a92-f95cd560cccb,2026-07-02T04:00:00Z,2026-07-02T06:00:00+0200,53927.63364,MW,DE,DE_LU,actual_load,Actual Load,2026-07-26T13:03:42Z
2026-07-26T12:59:54Z,2026-07-26T14:59:54+0200,adf59793-da45-49b4-9a92-f95cd560cccb,2026-07-02T04:15:00Z,2026-07-02T06:15:00+0200,55489.68189,MW,DE,DE_LU,actual_load,Actual Load,2026-07-26T13:03:42Z
2026-07-26T12:59:54Z,2026-07-26T14:59:54+0200,adf59793-da45-49b4-9a92-f95cd560cccb,2026-07-02T04:30:00Z,2026-07-02T06:30:00+0200,56990.03528,MW,DE,DE_LU,actual_load,Actual Load,2026-07-26T13:03:42Z
2026-07-26T12:59:54Z,2026-07-26T14:59:54+0200,adf59793-da45-49b4-9a92-f95cd560cccb,2026-07-02T04:45:00Z,2026-07-02T06:45:00+0200,58519.89911,MW,DE,DE_LU,actual_load,Actual Load,2026-07-26T13:03:42Z
2026-07-26T12:59:54Z,2026-07-26T14:59:54+0200,adf59793-da45-49b4-9a92-f95cd560cccb,2026-07-02T05:00:00Z,2026-07-02T07:00:00+0200,59439.22605,MW,DE,DE_LU,actual_load,Actual Load,2026-07-26T13:03:42Z
2026-07-26T12:59:54Z,2026-07-26T14:59:54+0200,adf59793-da45-49b4-9a92-f95cd560cccb,2026-07-02T05:15:00Z,2026-07-02T07:15:00+0200,60043.14967,MW,DE,DE_LU,actual_load,Actual Load,2026-07-26T13:03:42Z
2026-07-26T12:59:54Z,2026-07-26T14:59:54+0200,adf59793-da45-49b4-9a92-f95cd560cccb,2026-07-02T05:30:00Z,2026-07-02T07:30:00+0200,60744.61257,MW,DE,DE_LU,actual_load,Actual Load,2026-07-26T13:03:42Z
2026-07-26T12:59:54Z,2026-07-26T14:59:54+0200,adf59793-da45-49b4-9a92-f95cd560cccb,2026-07-02T05:45:00Z,2026-07-02T07:45:00+0200,61469.17672,MW,DE,DE_LU,actual_load,Actual Load,2026-07-26T13:03:42Z
2026-07-26T12:59:54Z,2026-07-26T14:59:54+0200,adf59793-da45-49b4-9a92-f95cd560cccb,2026-07-02T06:00:00Z,2026-07-02T08:00:00+0200,61338.77606,MW,DE,DE_LU,actual_load,Actual Load,2026-07-26T13:03:42Z
2026-07-26T12:59:54Z,2026-07-26T14:59:54+0200,adf59793-da45-49b4-9a92-f95cd560cccb,2026-07-02T06:15:00Z,2026-07-02T08:15:00+0200,61975.23594,MW,DE,DE_LU,actual_load,Actual Load,2026-07-26T13:03:42Z
2026-07-26T12:59:54Z,2026-07-26T14:59:54+0200,adf59793-da45-49b4-9a92-f95cd560cccb,2026-07-02T06:30:00Z,2026-07-02T08:30:00+0200,61690.88637,MW,DE,DE_LU,actual_load,Actual Load,2026-07-26T13:03:42Z
2026-07-26T12:59:54Z,2026-07-26T14:59:54+0200,adf59793-da45-49b4-9a92-f95cd560cccb,2026-07-02T06:45:00Z,2026-07-02T08:45:00+0200,61290.63407,MW,DE,DE_LU,actual_load,Actual Load,2026-07-26T13:03:42Z
2026-07-26T12:59:54Z,2026-07-26T14:59:54+0200,adf59793-da45-49b4-9a92-f95cd560cccb,2026-07-02T07:00:00Z,2026-07-02T09:00:00+0200,59530.6915,MW,DE,DE_LU,actual_load,Actual Load,2026-07-26T13:03:42Z
2026-07-26T12:59:54Z,2026-07-26T14:59:54+0200,adf59793-da45-49b4-9a92-f95cd560cccb,2026-07-02T07:15:00Z,2026-07-02T09:15:00+0200,59391.38162,MW,DE,DE_LU,actual_load,Actual Load,2026-07-26T13:03:42Z
2026-07-26T12:59:54Z,2026-07-26T14:59:54+0200,adf59793-da45-49b4-9a92-f95cd560cccb,2026-07-02T07:30:00Z,2026-07-02T09:30:00+0200,59929.96493,MW,DE,DE_LU,actual_load,Actual Load,2026-07-26T13:03:42Z
2026-07-26T12:59:54Z,2026-07-26T14:59:54+0200,adf59793-da45-49b4-9a92-f95cd560cccb,2026-07-02T07:45:00Z,2026-07-02T09:45:00+0200,59000.57356,MW,DE,DE_LU,actual_load,Actual Load,2026-07-26T13:03:42Z
2026-07-26T12:59:54Z,2026-07-26T14:59:54+0200,adf59793-da45-49b4-9a92-f95cd560cccb,2026-07-02T08:00:00Z,2026-07-02T10:00:00+0200,58498.3767,MW,DE,DE_LU,actual_load,Actual Load,2026-07-26T13:03:42Z
2026-07-26T12:59:54Z,2026-07-26T14:59:54+0200,adf59793-da45-49b4-9a92-f95cd560cccb,2026-07-02T08:15:00Z,2026-07-02T10:15:00+0200,59933.84154,MW,DE,DE_LU,actual_load,Actual Load,2026-07-26T13:03:42Z
2026-07-26T12:59:54Z,2026-07-26T14:59:54+0200,adf59793-da45-49b4-9a92-f95cd560cccb,2026-07-02T08:30:00Z,2026-07-02T10:30:00+0200,59939.21332,MW,DE,DE_LU,actual_load,Actual Load,2026-07-26T13:03:42Z
2026-07-26T12:59:54Z,2026-07-26T14:59:54+0200,adf59793-da45-49b4-9a92-f95cd560cccb,2026-07-02T08:45:00Z,2026-07-02T10:45:00+0200,59972.43878,MW,DE,DE_LU,actual_load,Actual Load,2026-07-26T13:03:42Z
2026-07-26T12:59:54Z,2026-07-26T14:59:54+0200,adf59793-da45-49b4-9a92-f95cd560cccb,2026-07-02T09:00:00Z,2026-07-02T11:00:00+0200,60819.72519,MW,DE,DE_LU,actual_load,Actual Load,2026-07-26T13:03:42Z
2026-07-26T12:59:54Z,2026-07-26T14:59:54+0200,adf59793-da45-49b4-9a92-f95cd560cccb,2026-07-02T09:15:00Z,2026-07-02T11:15:00+0200,60922.30912,MW,DE,DE_LU,actual_load,Actual Load,2026-07-26T13:03:42Z
2026-07-26T12:59:54Z,2026-07-26T14:59:54+0200,adf59793-da45-49b4-9a92-f95cd560cccb,2026-07-02T09:30:00Z,2026-07-02T11:30:00+0200,61168.29617,MW,DE,DE_LU,actual_load,Actual Load,2026-07-26T13:03:42Z
2026-07-26T12:59:54Z,2026-07-26T14:59:54+0200,adf59793-da45-49b4-9a92-f95cd560cccb,2026-07-02T09:45:00Z,2026-07-02T11:45:00+0200,61244.51346,MW,DE,DE_LU,actual_load,Actual Load,2026-07-26T13:03:42Z
2026-07-26T12:59:54Z,2026-07-26T14:59:54+0200,adf59793-da45-49b4-9a92-f95cd560cccb,2026-07-02T10:00:00Z,2026-07-02T12:00:00+0200,60343.20991,MW,DE,DE_LU,actual_load,Actual Load,2026-07-26T13:03:42Z
2026-07-26T12:59:54Z,2026-07-26T14:59:54+0200,adf59793-da45-49b4-9a92-f95cd560cccb,2026-07-02T10:15:00Z,2026-07-02T12:15:00+0200,59309.08758,MW,DE,DE_LU,actual_load,Actual Load,2026-07-26T13:03:42Z
2026-07-26T12:59:54Z,2026-07-26T14:59:54+0200,adf59793-da45-49b4-9a92-f95cd560cccb,2026-07-02T10:30:00Z,2026-07-02T12:30:00+0200,59374.94822,MW,DE,DE_LU,actual_load,Actual Load,2026-07-26T13:03:42Z
2026-07-26T12:59:54Z,2026-07-26T14:59:54+0200,adf59793-da45-49b4-9a92-f95cd560cccb,2026-07-02T10:45:00Z,2026-07-02T12:45:00+0200,59577.91467,MW,DE,DE_LU,actual_load,Actual Load,2026-07-26T13:03:42Z
2026-07-26T12:59:54Z,2026-07-26T14:59:54+0200,adf59793-da45-49b4-9a92-f95cd560cccb,2026-07-02T11:00:00Z,2026-07-02T13:00:00+0200,59870.65542,MW,DE,DE_LU,actual_load,Actual Load,2026-07-26T13:03:42Z
2026-07-26T12:59:54Z,2026-07-26T14:59:54+0200,adf59793-da45-49b4-9a92-f95cd560cccb,2026-07-02T11:15:00Z,2026-07-02T13:15:00+0200,59724.63946,MW,DE,DE_LU,actual_load,Actual Load,2026-07-26T13:03:42Z
2026-07-26T12:59:54Z,2026-07-26T14:59:54+0200,adf59793-da45-49b4-9a92-f95cd560cccb,2026-07-02T11:30:00Z,2026-07-02T13:30:00+0200,58909.8169,MW,DE,DE_LU,actual_load,Actual Load,2026-07-26T13:03:42Z
2026-07-26T12:59:54Z,2026-07-26T14:59:54+0200,adf59793-da45-49b4-9a92-f95cd560cccb,2026-07-02T11:45:00Z,2026-07-02T13:45:00+0200,58461.0615,MW,DE,DE_LU,actual_load,Actual Load,2026-07-26T13:03:42Z
2026-07-26T12:59:54Z,2026-07-26T14:59:54+0200,adf59793-da45-49b4-9a92-f95cd560cccb,2026-07-02T12:00:00Z,2026-07-02T14:00:00+0200,58305.74141,MW,DE,DE_LU,actual_load,Actual Load,2026-07-26T13:03:42Z
2026-07-26T12:59:54Z,2026-07-26T14:59:54+0200,adf59793-da45-49b4-9a92-f95cd560cccb,2026-07-02T12:15:00Z,2026-07-02T14:15:00+0200,58006.96755,MW,DE,DE_LU,actual_load,Actual Load,2026-07-26T13:03:42Z
2026-07-26T12:59:54Z,2026-07-26T14:59:54+0200,adf59793-da45-49b4-9a92-f95cd560cccb,2026-07-02T12:30:00Z,2026-07-02T14:30:00+0200,58004.53172,MW,DE,DE_LU,actual_load,Actual Load,2026-07-26T13:03:42Z
2026-07-26T12:59:54Z,2026-07-26T14:59:54+0200,adf59793-da45-49b4-9a92-f95cd560cccb,2026-07-02T12:45:00Z,2026-07-02T14:45:00+0200,58655.83331,MW,DE,DE_LU,actual_load,Actual Load,2026-07-26T13:03:42Z
2026-07-26T12:59:54Z,2026-07-26T14:59:54+0200,adf59793-da45-49b4-9a92-f95cd560cccb,2026-07-02T13:00:00Z,2026-07-02T15:00:00+0200,58375.45226,MW,DE,DE_LU,actual_load,Actual Load,2026-07-26T13:03:42Z
2026-07-26T12:59:54Z,2026-07-26T14:59:54+0200,adf59793-da45-49b4-9a92-f95cd560cccb,2026-07-02T13:15:00Z,2026-07-02T15:15:00+0200,57901.75296,MW,DE,DE_LU,actual_load,Actual Load,2026-07-26T13:03:42Z
2026-07-26T12:59:54Z,2026-07-26T14:59:54+0200,adf59793-da45-49b4-9a92-f95cd560cccb,2026-07-02T13:30:00Z,2026-07-02T15:30:00+0200,58273.22549,MW,DE,DE_LU,actual_load,Actual Load,2026-07-26T13:03:42Z
2026-07-26T12:59:54Z,2026-07-26T14:59:54+0200,adf59793-da45-49b4-9a92-f95cd560cccb,2026-07-02T13:45:00Z,2026-07-02T15:45:00+0200,58267.54472,MW,DE,DE_LU,actual_load,Actual Load,2026-07-26T13:03:42Z
2026-07-26T12:59:54Z,2026-07-26T14:59:54+0200,adf59793-da45-49b4-9a92-f95cd560cccb,2026-07-02T14:00:00Z,2026-07-02T16:00:00+0200,57741.50061,MW,DE,DE_LU,actual_load,Actual Load,2026-07-26T13:03:42Z
2026-07-26T12:59:54Z,2026-07-26T14:59:54+0200,adf59793-da45-49b4-9a92-f95cd560cccb,2026-07-02T14:15:00Z,2026-07-02T16:15:00+0200,57081.49894,MW,DE,DE_LU,actual_load,Actual Load,2026-07-26T13:03:42Z
2026-07-26T12:59:54Z,2026-07-26T14:59:54+0200,adf59793-da45-49b4-9a92-f95cd560cccb,2026-07-02T14:30:00Z,2026-07-02T16:30:00+0200,57218.94905,MW,DE,DE_LU,actual_load,Actual Load,2026-07-26T13:03:42Z
2026-07-26T12:59:54Z,2026-07-26T14:59:54+0200,adf59793-da45-49b4-9a92-f95cd560cccb,2026-07-02T14:45:00Z,2026-07-02T16:45:00+0200,56986.06698,MW,DE,DE_LU,actual_load,Actual Load,2026-07-26T13:03:42Z
2026-07-26T12:59:54Z,2026-07-26T14:59:54+0200,adf59793-da45-49b4-9a92-f95cd560cccb,2026-07-02T15:00:00Z,2026-07-02T17:00:00+0200,57591.4419,MW,DE,DE_LU,actual_load,Actual Load,2026-07-26T13:03:42Z
2026-07-26T12:59:54Z,2026-07-26T14:59:54+0200,adf59793-da45-49b4-9a92-f95cd560cccb,2026-07-02T15:15:00Z,2026-07-02T17:15:00+0200,57736.64665,MW,DE,DE_LU,actual_load,Actual Load,2026-07-26T13:03:42Z
2026-07-26T12:59:54Z,2026-07-26T14:59:54+0200,adf59793-da45-49b4-9a92-f95cd560cccb,2026-07-02T15:30:00Z,2026-07-02T17:30:00+0200,58118.22828,MW,DE,DE_LU,actual_load,Actual Load,2026-07-26T13:03:42Z
2026-07-26T12:59:54Z,2026-07-26T14:59:54+0200,adf59793-da45-49b4-9a92-f95cd560cccb,2026-07-02T15:45:00Z,2026-07-02T17:45:00+0200,58806.5713,MW,DE,DE_LU,actual_load,Actual Load,2026-07-26T13:03:42Z
2026-07-26T12:59:54Z,2026-07-26T14:59:54+0200,adf59793-da45-49b4-9a92-f95cd560cccb,2026-07-02T16:00:00Z,2026-07-02T18:00:00+0200,59256.69751,MW,DE,DE_LU,actual_load,Actual Load,2026-07-26T13:03:42Z
2026-07-26T12:59:54Z,2026-07-26T14:59:54+0200,adf59793-da45-49b4-9a92-f95cd560cccb,2026-07-02T16:15:00Z,2026-07-02T18:15:00+0200,59834.78491,MW,DE,DE_LU,actual_load,Actual Load,2026-07-26T13:03:42Z
2026-07-26T12:59:54Z,2026-07-26T14:59:54+0200,adf59793-da45-49b4-9a92-f95cd560cccb,2026-07-02T16:30:00Z,2026-07-02T18:30:00+0200,59221.29111,MW,DE,DE_LU,actual_load,Actual Load,2026-07-26T13:03:42Z
2026-07-26T12:59:54Z,2026-07-26T14:59:54+0200,adf59793-da45-49b4-9a92-f95cd560cccb,2026-07-02T16:45:00Z,2026-07-02T18:45:00+0200,58962.80353,MW,DE,DE_LU,actual_load,Actual Load,2026-07-26T13:03:42Z
2026-07-26T12:59:54Z,2026-07-26T14:59:54+0200,adf59793-da45-49b4-9a92-f95cd560cccb,2026-07-02T17:00:00Z,2026-07-02T19:00:00+0200,58879.02111,MW,DE,DE_LU,actual_load,Actual Load,2026-07-26T13:03:42Z
2026-07-26T12:59:54Z,2026-07-26T14:59:54+0200,adf59793-da45-49b4-9a92-f95cd560cccb,2026-07-02T17:15:00Z,2026-07-02T19:15:00+0200,57953.52357,MW,DE,DE_LU,actual_load,Actual Load,2026-07-26T13:03:42Z
2026-07-26T12:59:54Z,2026-07-26T14:59:54+0200,adf59793-da45-49b4-9a92-f95cd560cccb,2026-07-02T17:30:00Z,2026-07-02T19:30:00+0200,57325.44258,MW,DE,DE_LU,actual_load,Actual Load,2026-07-26T13:03:42Z
2026-07-26T12:59:54Z,2026-07-26T14:59:54+0200,adf59793-da45-49b4-9a92-f95cd560cccb,2026-07-02T17:45:00Z,2026-07-02T19:45:00+0200,56977.4477,MW,DE,DE_LU,actual_load,Actual Load,2026-07-26T13:03:42Z
2026-07-26T12:59:54Z,2026-07-26T14:59:54+0200,adf59793-da45-49b4-9a92-f95cd560cccb,2026-07-02T18:00:00Z,2026-07-02T20:00:00+0200,56928.12977,MW,DE,DE_LU,actual_load,Actual Load,2026-07-26T13:03:42Z
2026-07-26T12:59:54Z,2026-07-26T14:59:54+0200,adf59793-da45-49b4-9a92-f95cd560cccb,2026-07-02T18:15:00Z,2026-07-02T20:15:00+0200,56250.18848,MW,DE,DE_LU,actual_load,Actual Load,2026-07-26T13:03:42Z
2026-07-26T12:59:54Z,2026-07-26T14:59:54+0200,adf59793-da45-49b4-9a92-f95cd560cccb,2026-07-02T18:30:00Z,2026-07-02T20:30:00+0200,55707.96088,MW,DE,DE_LU,actual_load,Actual Load,2026-07-26T13:03:42Z
2026-07-26T12:59:54Z,2026-07-26T14:59:54+0200,adf59793-da45-49b4-9a92-f95cd560cccb,2026-07-02T18:45:00Z,2026-07-02T20:45:00+0200,54692.47276,MW,DE,DE_LU,actual_load,Actual Load,2026-07-26T13:03:42Z
2026-07-26T12:59:54Z,2026-07-26T14:59:54+0200,adf59793-da45-49b4-9a92-f95cd560cccb,2026-07-02T19:00:00Z,2026-07-02T21:00:00+0200,53864.25426,MW,DE,DE_LU,actual_load,Actual Load,2026-07-26T13:03:42Z
2026-07-26T12:59:54Z,2026-07-26T14:59:54+0200,adf59793-da45-49b4-9a92-f95cd560cccb,2026-07-02T19:15:00Z,2026-07-02T21:15:00+0200,53057.59629,MW,DE,DE_LU,actual_load,Actual Load,2026-07-26T13:03:42Z
2026-07-26T12:59:54Z,2026-07-26T14:59:54+0200,adf59793-da45-49b4-9a92-f95cd560cccb,2026-07-02T19:30:00Z,2026-07-02T21:30:00+0200,53176.61342,MW,DE,DE_LU,actual_load,Actual Load,2026-07-26T13:03:42Z
2026-07-26T12:59:54Z,2026-07-26T14:59:54+0200,adf59793-da45-49b4-9a92-f95cd560cccb,2026-07-02T19:45:00Z,2026-07-02T21:45:00+0200,53230.90456,MW,DE,DE_LU,actual_load,Actual Load,2026-07-26T13:03:42Z
2026-07-26T12:59:54Z,2026-07-26T14:59:54+0200,adf59793-da45-49b4-9a92-f95cd560cccb,2026-07-02T20:00:00Z,2026-07-02T22:00:00+0200,52789.30071,MW,DE,DE_LU,actual_load,Actual Load,2026-07-26T13:03:42Z
2026-07-26T12:59:54Z,2026-07-26T14:59:54+0200,adf59793-da45-49b4-9a92-f95cd560cccb,2026-07-02T20:15:00Z,2026-07-02T22:15:00+0200,52222.13497,MW,DE,DE_LU,actual_load,Actual Load,2026-07-26T13:03:42Z
2026-07-26T12:59:54Z,2026-07-26T14:59:54+0200,adf59793-da45-49b4-9a92-f95cd560cccb,2026-07-02T20:30:00Z,2026-07-02T22:30:00+0200,51466.78054,MW,DE,DE_LU,actual_load,Actual Load,2026-07-26T13:03:42Z
2026-07-26T12:59:54Z,2026-07-26T14:59:54+0200,adf59793-da45-49b4-9a92-f95cd560cccb,2026-07-02T20:45:00Z,2026-07-02T22:45:00+0200,50229.16713,MW,DE,DE_LU,actual_load,Actual Load,2026-07-26T13:03:42Z
2026-07-26T12:59:54Z,2026-07-26T14:59:54+0200,adf59793-da45-49b4-9a92-f95cd560cccb,2026-07-02T21:00:00Z,2026-07-02T23:00:00+0200,48573.40368,MW,DE,DE_LU,actual_load,Actual Load,2026-07-26T13:03:42Z
2026-07-26T12:59:54Z,2026-07-26T14:59:54+0200,adf59793-da45-49b4-9a92-f95cd560cccb,2026-07-02T21:15:00Z,2026-07-02T23:15:00+0200,47871.709,MW,DE,DE_LU,actual_load,Actual Load,2026-07-26T13:03:42Z
2026-07-26T12:59:54Z,2026-07-26T14:59:54+0200,adf59793-da45-49b4-9a92-f95cd560cccb,2026-07-02T21:30:00Z,2026-07-02T23:30:00+0200,46531.89197,MW,DE,DE_LU,actual_load,Actual Load,2026-07-26T13:03:42Z
2026-07-26T12:59:54Z,2026-07-26T14:59:54+0200,adf59793-da45-49b4-9a92-f95cd560cccb,2026-07-02T21:45:00Z,2026-07-02T23:45:00+0200,46314.66187,MW,DE,DE_LU,actual_load,Actual Load,2026-07-26T13:03:42Z
2026-07-26T12:59:54Z,2026-07-26T14:59:54+0200,adf59793-da45-49b4-9a92-f95cd560cccb,2026-07-02T22:00:00Z,2026-07-03T00:00:00+0200,45217.16032,MW,DE,DE_LU,actual_load,Actual Load,2026-07-26T13:03:42Z
2026-07-26T12:59:54Z,2026-07-26T14:59:54+0200,adf59793-da45-49b4-9a92-f95cd560cccb,2026-07-02T22:15:00Z,2026-07-03T00:15:00+0200,45070.373779,MW,DE,DE_LU,actual_load,Actual Load,2026-07-26T13:03:42Z
2026-07-26T12:59:54Z,2026-07-26T14:59:54+0200,adf59793-da45-49b4-9a92-f95cd560cccb,2026-07-02T22:30:00Z,2026-07-03T00:30:00+0200,44344.3083,MW,DE,DE_LU,actual_load,Actual Load,2026-07-26T13:03:42Z
2026-07-26T12:59:54Z,2026-07-26T14:59:54+0200,adf59793-da45-49b4-9a92-f95cd560cccb,2026-07-02T22:45:00Z,2026-07-03T00:45:00+0200,44339.56129,MW,DE,DE_LU,actual_load,Actual Load,2026-07-26T13:03:42Z
2026-07-26T12:59:54Z,2026-07-26T14:59:54+0200,adf59793-da45-49b4-9a92-f95cd560cccb,2026-07-02T23:00:00Z,2026-07-03T01:00:00+0200,43339.51147,MW,DE,DE_LU,actual_load,Actual Load,2026-07-26T13:03:42Z
2026-07-26T12:59:54Z,2026-07-26T14:59:54+0200,adf59793-da45-49b4-9a92-f95cd560cccb,2026-07-02T23:15:00Z,2026-07-03T01:15:00+0200,43274.61211,MW,DE,DE_LU,actual_load,Actual Load,2026-07-26T13:03:42Z
2026-07-26T12:59:54Z,2026-07-26T14:59:54+0200,adf59793-da45-49b4-9a92-f95cd560cccb,2026-07-02T23:30:00Z,2026-07-03T01:30:00+0200,43455.53054,MW,DE,DE_LU,actual_load,Actual Load,2026-07-26T13:03:42Z
2026-07-26T12:59:54Z,2026-07-26T14:59:54+0200,adf59793-da45-49b4-9a92-f95cd560cccb,2026-07-02T23:45:00Z,2026-07-03T01:45:00+0200,43408.16935,MW,DE,DE_LU,actual_load,Actual Load,2026-07-26T13:03:42Z
2026-07-26T12:59:54Z,2026-07-26T14:59:54+0200,adf59793-da45-49b4-9a92-f95cd560cccb,2026-07-03T00:00:00Z,2026-07-03T02:00:00+0200,42863.25299,MW,DE,DE_LU,actual_load,Actual Load,2026-07-26T13:03:42Z
2026-07-26T12:59:54Z,2026-07-26T14:59:54+0200,adf59793-da45-49b4-9a92-f95cd560cccb,2026-07-03T00:15:00Z,2026-07-03T02:15:00+0200,42406.80629,MW,DE,DE_LU,actual_load,Actual Load,2026-07-26T13:03:42Z
2026-07-26T12:59:54Z,2026-07-26T14:59:54+0200,adf59793-da45-49b4-9a92-f95cd560cccb,2026-07-03T00:30:00Z,2026-07-03T02:30:00+0200,42886.44241,MW,DE,DE_LU,actual_load,Actual Load,2026-07-26T13:03:42Z
2026-07-26T12:59:54Z,2026-07-26T14:59:54+0200,adf59793-da45-49b4-9a92-f95cd560cccb,2026-07-03T00:45:00Z,2026-07-03T02:45:00+0200,42939.43224,MW,DE,DE_LU,actual_load,Actual Load,2026-07-26T13:03:42Z
2026-07-26T12:59:54Z,2026-07-26T14:59:54+0200,adf59793-da45-49b4-9a92-f95cd560cccb,2026-07-03T01:00:00Z,2026-07-03T03:00:00+0200,42709.6116,MW,DE,DE_LU,actual_load,Actual Load,2026-07-26T13:03:42Z
2026-07-26T12:59:54Z,2026-07-26T14:59:54+0200,adf59793-da45-49b4-9a92-f95cd560cccb,2026-07-03T01:15:00Z,2026-07-03T03:15:00+0200,42830.359349,MW,DE,DE_LU,actual_load,Actual Load,2026-07-26T13:03:42Z
2026-07-26T12:59:54Z,2026-07-26T14:59:54+0200,adf59793-da45-49b4-9a92-f95cd560cccb,2026-07-03T01:30:00Z,2026-07-03T03:30:00+0200,42437.57812,MW,DE,DE_LU,actual_load,Actual Load,2026-07-26T13:03:42Z
2026-07-26T12:59:54Z,2026-07-26T14:59:54+0200,adf59793-da45-49b4-9a92-f95cd560cccb,2026-07-03T01:45:00Z,2026-07-03T03:45:00+0200,42612.468,MW,DE,DE_LU,actual_load,Actual Load,2026-07-26T13:03:42Z
2026-07-26T12:59:54Z,2026-07-26T14:59:54+0200,adf59793-da45-49b4-9a92-f95cd560cccb,2026-07-03T02:00:00Z,2026-07-03T04:00:00+0200,42793.00948,MW,DE,DE_LU,actual_load,Actual Load,2026-07-26T13:03:42Z
2026-07-26T12:59:54Z,2026-07-26T14:59:54+0200,adf59793-da45-49b4-9a92-f95cd560cccb,2026-07-03T02:15:00Z,2026-07-03T04:15:00+0200,42965.93715,MW,DE,DE_LU,actual_load,Actual Load,2026-07-26T13:03:42Z
2026-07-26T12:59:54Z,2026-07-26T14:59:54+0200,adf59793-da45-49b4-9a92-f95cd560cccb,2026-07-03T02:30:00Z,2026-07-03T04:30:00+0200,43533.33698,MW,DE,DE_LU,actual_load,Actual Load,2026-07-26T13:03:42Z
2026-07-26T12:59:54Z,2026-07-26T14:59:54+0200,adf59793-da45-49b4-9a92-f95cd560cccb,2026-07-03T02:45:00Z,2026-07-03T04:45:00+0200,43641.54343,MW,DE,DE_LU,actual_load,Actual Load,2026-07-26T13:03:42Z
2026-07-26T12:59:54Z,2026-07-26T14:59:54+0200,adf59793-da45-49b4-9a92-f95cd560cccb,2026-07-03T03:00:00Z,2026-07-03T05:00:00+0200,44675.73705,MW,DE,DE_LU,actual_load,Actual Load,2026-07-26T13:03:42Z
2026-07-26T12:59:54Z,2026-07-26T14:59:54+0200,adf59793-da45-49b4-9a92-f95cd560cccb,2026-07-03T03:15:00Z,2026-07-03T05:15:00+0200,44809.10133,MW,DE,DE_LU,actual_load,Actual Load,2026-07-26T13:03:42Z
2026-07-26T12:59:54Z,2026-07-26T14:59:54+0200,adf59793-da45-49b4-9a92-f95cd560cccb,2026-07-03T03:30:00Z,2026-07-03T05:30:00+0200,45752.31308,MW,DE,DE_LU,actual_load,Actual Load,2026-07-26T13:03:42Z
2026-07-26T12:59:54Z,2026-07-26T14:59:54+0200,adf59793-da45-49b4-9a92-f95cd560cccb,2026-07-03T03:45:00Z,2026-07-03T05:45:00+0200,46948.080679,MW,DE,DE_LU,actual_load,Actual Load,2026-07-26T13:03:42Z
2026-07-26T12:59:54Z,2026-07-26T14:59:54+0200,adf59793-da45-49b4-9a92-f95cd560cccb,2026-07-03T04:00:00Z,2026-07-03T06:00:00+0200,49322.97185,MW,DE,DE_LU,actual_load,Actual Load,2026-07-26T13:03:42Z
2026-07-26T12:59:54Z,2026-07-26T14:59:54+0200,adf59793-da45-49b4-9a92-f95cd560cccb,2026-07-03T04:15:00Z,2026-07-03T06:15:00+0200,51034.36798,MW,DE,DE_LU,actual_load,Actual Load,2026-07-26T13:03:42Z
2026-07-26T12:59:54Z,2026-07-26T14:59:54+0200,adf59793-da45-49b4-9a92-f95cd560cccb,2026-07-03T04:30:00Z,2026-07-03T06:30:00+0200,52491.24616,MW,DE,DE_LU,actual_load,Actual Load,2026-07-26T13:03:42Z
2026-07-26T12:59:54Z,2026-07-26T14:59:54+0200,adf59793-da45-49b4-9a92-f95cd560cccb,2026-07-03T04:45:00Z,2026-07-03T06:45:00+0200,53796.05256,MW,DE,DE_LU,actual_load,Actual Load,2026-07-26T13:03:42Z
2026-07-26T12:59:54Z,2026-07-26T14:59:54+0200,adf59793-da45-49b4-9a92-f95cd560cccb,2026-07-03T05:00:00Z,2026-07-03T07:00:00+0200,54805.90811,MW,DE,DE_LU,actual_load,Actual Load,2026-07-26T13:03:42Z
2026-07-26T12:59:54Z,2026-07-26T14:59:54+0200,adf59793-da45-49b4-9a92-f95cd560cccb,2026-07-03T05:15:00Z,2026-07-03T07:15:00+0200,55481.04745,MW,DE,DE_LU,actual_load,Actual Load,2026-07-26T13:03:42Z
2026-07-26T12:59:54Z,2026-07-26T14:59:54+0200,adf59793-da45-49b4-9a92-f95cd560cccb,2026-07-03T05:30:00Z,2026-07-03T07:30:00+0200,56558.6609,MW,DE,DE_LU,actual_load,Actual Load,2026-07-26T13:03:42Z
2026-07-26T12:59:54Z,2026-07-26T14:59:54+0200,adf59793-da45-49b4-9a92-f95cd560cccb,2026-07-03T05:45:00Z,2026-07-03T07:45:00+0200,57126.38908,MW,DE,DE_LU,actual_load,Actual Load,2026-07-26T13:03:42Z
2026-07-26T12:59:54Z,2026-07-26T14:59:54+0200,adf59793-da45-49b4-9a92-f95cd560cccb,2026-07-03T06:00:00Z,2026-07-03T08:00:00+0200,57795.37779,MW,DE,DE_LU,actual_load,Actual Load,2026-07-26T13:03:42Z
2026-07-26T12:59:54Z,2026-07-26T14:59:54+0200,adf59793-da45-49b4-9a92-f95cd560cccb,2026-07-03T06:15:00Z,2026-07-03T08:15:00+0200,58652.10098,MW,DE,DE_LU,actual_load,Actual Load,2026-07-26T13:03:42Z
2026-07-26T12:59:54Z,2026-07-26T14:59:54+0200,adf59793-da45-49b4-9a92-f95cd560cccb,2026-07-03T06:30:00Z,2026-07-03T08:30:00+0200,58771.74373,MW,DE,DE_LU,actual_load,Actual Load,2026-07-26T13:03:42Z
2026-07-26T12:59:54Z,2026-07-26T14:59:54+0200,adf59793-da45-49b4-9a92-f95cd560cccb,2026-07-03T06:45:00Z,2026-07-03T08:45:00+0200,58559.06148,MW,DE,DE_LU,actual_load,Actual Load,2026-07-26T13:03:42Z
2026-07-26T12:59:54Z,2026-07-26T14:59:54+0200,adf59793-da45-49b4-9a92-f95cd560cccb,2026-07-03T07:00:00Z,2026-07-03T09:00:00+0200,58186.51519,MW,DE,DE_LU,actual_load,Actual Load,2026-07-26T13:03:42Z
2026-07-26T12:59:54Z,2026-07-26T14:59:54+0200,adf59793-da45-49b4-9a92-f95cd560cccb,2026-07-03T07:15:00Z,2026-07-03T09:15:00+0200,57951.52791,MW,DE,DE_LU,actual_load,Actual Load,2026-07-26T13:03:42Z
2026-07-26T12:59:54Z,2026-07-26T14:59:54+0200,adf59793-da45-49b4-9a92-f95cd560cccb,2026-07-03T07:30:00Z,2026-07-03T09:30:00+0200,57291.68184,MW,DE,DE_LU,actual_load,Actual Load,2026-07-26T13:03:42Z
2026-07-26T12:59:54Z,2026-07-26T14:59:54+0200,adf59793-da45-49b4-9a92-f95cd560cccb,2026-07-03T07:45:00Z,2026-07-03T09:45:00+0200,57344.705369,MW,DE,DE_LU,actual_load,Actual Load,2026-07-26T13:03:42Z
2026-07-26T12:59:54Z,2026-07-26T14:59:54+0200,adf59793-da45-49b4-9a92-f95cd560cccb,2026-07-03T08:00:00Z,2026-07-03T10:00:00+0200,57220.13165,MW,DE,DE_LU,actual_load,Actual Load,2026-07-26T13:03:42Z
2026-07-26T12:59:54Z,2026-07-26T14:59:54+0200,adf59793-da45-49b4-9a92-f95cd560cccb,2026-07-03T08:15:00Z,2026-07-03T10:15:00+0200,58215.23422,MW,DE,DE_LU,actual_load,Actual Load,2026-07-26T13:03:42Z
2026-07-26T12:59:54Z,2026-07-26T14:59:54+0200,adf59793-da45-49b4-9a92-f95cd560cccb,2026-07-03T08:30:00Z,2026-07-03T10:30:00+0200,58671.32694,MW,DE,DE_LU,actual_load,Actual Load,2026-07-26T13:03:42Z
2026-07-26T12:59:54Z,2026-07-26T14:59:54+0200,adf59793-da45-49b4-9a92-f95cd560cccb,2026-07-03T08:45:00Z,2026-07-03T10:45:00+0200,58975.75151,MW,DE,DE_LU,actual_load,Actual Load,2026-07-26T13:03:42Z
2026-07-26T12:59:54Z,2026-07-26T14:59:54+0200,adf59793-da45-49b4-9a92-f95cd560cccb,2026-07-03T09:00:00Z,2026-07-03T11:00:00+0200,58934.70288,MW,DE,DE_LU,actual_load,Actual Load,2026-07-26T13:03:42Z
2026-07-26T12:59:54Z,2026-07-26T14:59:54+0200,adf59793-da45-49b4-9a92-f95cd560cccb,2026-07-03T09:15:00Z,2026-07-03T11:15:00+0200,57489.04855,MW,DE,DE_LU,actual_load,Actual Load,2026-07-26T13:03:42Z
2026-07-26T12:59:54Z,2026-07-26T14:59:54+0200,adf59793-da45-49b4-9a92-f95cd560cccb,2026-07-03T09:30:00Z,2026-07-03T11:30:00+0200,58130.47832,MW,DE,DE_LU,actual_load,Actual Load,2026-07-26T13:03:42Z
2026-07-26T12:59:54Z,2026-07-26T14:59:54+0200,adf59793-da45-49b4-9a92-f95cd560cccb,2026-07-03T09:45:00Z,2026-07-03T11:45:00+0200,58241.40249,MW,DE,DE_LU,actual_load,Actual Load,2026-07-26T13:03:42Z
2026-07-26T12:59:54Z,2026-07-26T14:59:54+0200,adf59793-da45-49b4-9a92-f95cd560cccb,2026-07-03T10:00:00Z,2026-07-03T12:00:00+0200,56648.9401,MW,DE,DE_LU,actual_load,Actual Load,2026-07-26T13:03:42Z
2026-07-26T12:59:54Z,2026-07-26T14:59:54+0200,adf59793-da45-49b4-9a92-f95cd560cccb,2026-07-03T10:15:00Z,2026-07-03T12:15:00+0200,56109.88971,MW,DE,DE_LU,actual_load,Actual Load,2026-07-26T13:03:42Z
2026-07-26T12:59:54Z,2026-07-26T14:59:54+0200,adf59793-da45-49b4-9a92-f95cd560cccb,2026-07-03T10:30:00Z,2026-07-03T12:30:00+0200,56830.71048,MW,DE,DE_LU,actual_load,Actual Load,2026-07-26T13:03:42Z
2026-07-26T12:59:54Z,2026-07-26T14:59:54+0200,adf59793-da45-49b4-9a92-f95cd560cccb,2026-07-03T10:45:00Z,2026-07-03T12:45:00+0200,57016.66628,MW,DE,DE_LU,actual_load,Actual Load,2026-07-26T13:03:42Z
2026-07-26T12:59:54Z,2026-07-26T14:59:54+0200,adf59793-da45-49b4-9a92-f95cd560cccb,2026-07-03T11:00:00Z,2026-07-03T13:00:00+0200,56452.11043,MW,DE,DE_LU,actual_load,Actual Load,2026-07-26T13:03:42Z
2026-07-26T12:59:54Z,2026-07-26T14:59:54+0200,adf59793-da45-49b4-9a92-f95cd560cccb,2026-07-03T11:15:00Z,2026-07-03T13:15:00+0200,56047.7131,MW,DE,DE_LU,actual_load,Actual Load,2026-07-26T13:03:42Z
2026-07-26T12:59:54Z,2026-07-26T14:59:54+0200,adf59793-da45-49b4-9a92-f95cd560cccb,2026-07-03T11:30:00Z,2026-07-03T13:30:00+0200,55454.01008,MW,DE,DE_LU,actual_load,Actual Load,2026-07-26T13:03:42Z
2026-07-26T12:59:54Z,2026-07-26T14:59:54+0200,adf59793-da45-49b4-9a92-f95cd560cccb,2026-07-03T11:45:00Z,2026-07-03T13:45:00+0200,55036.713459,MW,DE,DE_LU,actual_load,Actual Load,2026-07-26T13:03:42Z
2026-07-26T12:59:54Z,2026-07-26T14:59:54+0200,adf59793-da45-49b4-9a92-f95cd560cccb,2026-07-03T12:00:00Z,2026-07-03T14:00:00+0200,54595.98797,MW,DE,DE_LU,actual_load,Actual Load,2026-07-26T13:03:42Z
2026-07-26T12:59:54Z,2026-07-26T14:59:54+0200,adf59793-da45-49b4-9a92-f95cd560cccb,2026-07-03T12:15:00Z,2026-07-03T14:15:00+0200,54585.37011,MW,DE,DE_LU,actual_load,Actual Load,2026-07-26T13:03:42Z
2026-07-26T12:59:54Z,2026-07-26T14:59:54+0200,adf59793-da45-49b4-9a92-f95cd560cccb,2026-07-03T12:30:00Z,2026-07-03T14:30:00+0200,54014.990179,MW,DE,DE_LU,actual_load,Actual Load,2026-07-26T13:03:42Z
2026-07-26T12:59:54Z,2026-07-26T14:59:54+0200,adf59793-da45-49b4-9a92-f95cd560cccb,2026-07-03T12:45:00Z,2026-07-03T14:45:00+0200,53901.25612,MW,DE,DE_LU,actual_load,Actual Load,2026-07-26T13:03:42Z
2026-07-26T12:59:54Z,2026-07-26T14:59:54+0200,adf59793-da45-49b4-9a92-f95cd560cccb,2026-07-03T13:00:00Z,2026-07-03T15:00:00+0200,53650.133549,MW,DE,DE_LU,actual_load,Actual Load,2026-07-26T13:03:42Z
2026-07-26T12:59:54Z,2026-07-26T14:59:54+0200,adf59793-da45-49b4-9a92-f95cd560cccb,2026-07-03T13:15:00Z,2026-07-03T15:15:00+0200,53181.682399,MW,DE,DE_LU,actual_load,Actual Load,2026-07-26T13:03:42Z
2026-07-26T12:59:54Z,2026-07-26T14:59:54+0200,adf59793-da45-49b4-9a92-f95cd560cccb,2026-07-03T13:30:00Z,2026-07-03T15:30:00+0200,52917.033569,MW,DE,DE_LU,actual_load,Actual Load,2026-07-26T13:03:42Z
2026-07-26T12:59:54Z,2026-07-26T14:59:54+0200,adf59793-da45-49b4-9a92-f95cd560cccb,2026-07-03T13:45:00Z,2026-07-03T15:45:00+0200,52908.85947,MW,DE,DE_LU,actual_load,Actual Load,2026-07-26T13:03:42Z
2026-07-26T12:59:54Z,2026-07-26T14:59:54+0200,adf59793-da45-49b4-9a92-f95cd560cccb,2026-07-03T14:00:00Z,2026-07-03T16:00:00+0200,53056.29436,MW,DE,DE_LU,actual_load,Actual Load,2026-07-26T13:03:42Z
2026-07-26T12:59:54Z,2026-07-26T14:59:54+0200,adf59793-da45-49b4-9a92-f95cd560cccb,2026-07-03T14:15:00Z,2026-07-03T16:15:00+0200,52508.84626,MW,DE,DE_LU,actual_load,Actual Load,2026-07-26T13:03:42Z
2026-07-26T12:59:54Z,2026-07-26T14:59:54+0200,adf59793-da45-49b4-9a92-f95cd560cccb,2026-07-03T14:30:00Z,2026-07-03T16:30:00+0200,53680.308319,MW,DE,DE_LU,actual_load,Actual Load,2026-07-26T13:03:42Z
2026-07-26T12:59:54Z,2026-07-26T14:59:54+0200,adf59793-da45-49b4-9a92-f95cd560cccb,2026-07-03T14:45:00Z,2026-07-03T16:45:00+0200,53457.44624,MW,DE,DE_LU,actual_load,Actual Load,2026-07-26T13:03:42Z
2026-07-26T12:59:54Z,2026-07-26T14:59:54+0200,adf59793-da45-49b4-9a92-f95cd560cccb,2026-07-03T15:00:00Z,2026-07-03T17:00:00+0200,53125.64308,MW,DE,DE_LU,actual_load,Actual Load,2026-07-26T13:03:42Z
2026-07-26T12:59:54Z,2026-07-26T14:59:54+0200,adf59793-da45-49b4-9a92-f95cd560cccb,2026-07-03T15:15:00Z,2026-07-03T17:15:00+0200,52498.49224,MW,DE,DE_LU,actual_load,Actual Load,2026-07-26T13:03:42Z
2026-07-26T12:59:54Z,2026-07-26T14:59:54+0200,adf59793-da45-49b4-9a92-f95cd560cccb,2026-07-03T15:30:00Z,2026-07-03T17:30:00+0200,52475.05432,MW,DE,DE_LU,actual_load,Actual Load,2026-07-26T13:03:42Z
2026-07-26T12:59:54Z,2026-07-26T14:59:54+0200,adf59793-da45-49b4-9a92-f95cd560cccb,2026-07-03T15:45:00Z,2026-07-03T17:45:00+0200,52477.60574,MW,DE,DE_LU,actual_load,Actual Load,2026-07-26T13:03:42Z
2026-07-26T12:59:54Z,2026-07-26T14:59:54+0200,adf59793-da45-49b4-9a92-f95cd560cccb,2026-07-03T16:00:00Z,2026-07-03T18:00:00+0200,53236.531899,MW,DE,DE_LU,actual_load,Actual Load,2026-07-26T13:03:42Z
2026-07-26T12:59:54Z,2026-07-26T14:59:54+0200,adf59793-da45-49b4-9a92-f95cd560cccb,2026-07-03T16:15:00Z,2026-07-03T18:15:00+0200,53589.000969,MW,DE,DE_LU,actual_load,Actual Load,2026-07-26T13:03:42Z
2026-07-26T12:59:54Z,2026-07-26T14:59:54+0200,adf59793-da45-49b4-9a92-f95cd560cccb,2026-07-03T16:30:00Z,2026-07-03T18:30:00+0200,54134.65375,MW,DE,DE_LU,actual_load,Actual Load,2026-07-26T13:03:42Z
2026-07-26T12:59:54Z,2026-07-26T14:59:54+0200,adf59793-da45-49b4-9a92-f95cd560cccb,2026-07-03T16:45:00Z,2026-07-03T18:45:00+0200,54910.08735,MW,DE,DE_LU,actual_load,Actual Load,2026-07-26T13:03:42Z
2026-07-26T12:59:54Z,2026-07-26T14:59:54+0200,adf59793-da45-49b4-9a92-f95cd560cccb,2026-07-03T17:00:00Z,2026-07-03T19:00:00+0200,54552.53247,MW,DE,DE_LU,actual_load,Actual Load,2026-07-26T13:03:42Z
2026-07-26T12:59:54Z,2026-07-26T14:59:54+0200,adf59793-da45-49b4-9a92-f95cd560cccb,2026-07-03T17:15:00Z,2026-07-03T19:15:00+0200,54156.98666,MW,DE,DE_LU,actual_load,Actual Load,2026-07-26T13:03:42Z
2026-07-26T12:59:54Z,2026-07-26T14:59:54+0200,adf59793-da45-49b4-9a92-f95cd560cccb,2026-07-03T17:30:00Z,2026-07-03T19:30:00+0200,53762.70677,MW,DE,DE_LU,actual_load,Actual Load,2026-07-26T13:03:42Z
2026-07-26T12:59:54Z,2026-07-26T14:59:54+0200,adf59793-da45-49b4-9a92-f95cd560cccb,2026-07-03T17:45:00Z,2026-07-03T19:45:00+0200,53397.09029,MW,DE,DE_LU,actual_load,Actual Load,2026-07-26T13:03:42Z
2026-07-26T12:59:54Z,2026-07-26T14:59:54+0200,adf59793-da45-49b4-9a92-f95cd560cccb,2026-07-03T18:00:00Z,2026-07-03T20:00:00+0200,53320.08954,MW,DE,DE_LU,actual_load,Actual Load,2026-07-26T13:03:42Z
2026-07-26T12:59:54Z,2026-07-26T14:59:54+0200,adf59793-da45-49b4-9a92-f95cd560cccb,2026-07-03T18:15:00Z,2026-07-03T20:15:00+0200,52718.63033,MW,DE,DE_LU,actual_load,Actual Load,2026-07-26T13:03:42Z
2026-07-26T12:59:54Z,2026-07-26T14:59:54+0200,adf59793-da45-49b4-9a92-f95cd560cccb,2026-07-03T18:30:00Z,2026-07-03T20:30:00+0200,51761.72868,MW,DE,DE_LU,actual_load,Actual Load,2026-07-26T13:03:42Z
2026-07-26T12:59:54Z,2026-07-26T14:59:54+0200,adf59793-da45-49b4-9a92-f95cd560cccb,2026-07-03T18:45:00Z,2026-07-03T20:45:00+0200,51031.2075,MW,DE,DE_LU,actual_load,Actual Load,2026-07-26T13:03:42Z
2026-07-26T12:59:54Z,2026-07-26T14:59:54+0200,adf59793-da45-49b4-9a92-f95cd560cccb,2026-07-03T19:00:00Z,2026-07-03T21:00:00+0200,50401.6842,MW,DE,DE_LU,actual_load,Actual Load,2026-07-26T13:03:42Z
2026-07-26T12:59:54Z,2026-07-26T14:59:54+0200,adf59793-da45-49b4-9a92-f95cd560cccb,2026-07-03T19:15:00Z,2026-07-03T21:15:00+0200,49678.38772,MW,DE,DE_LU,actual_load,Actual Load,2026-07-26T13:03:42Z
2026-07-26T12:59:54Z,2026-07-26T14:59:54+0200,adf59793-da45-49b4-9a92-f95cd560cccb,2026-07-03T19:30:00Z,2026-07-03T21:30:00+0200,48932.9878,MW,DE,DE_LU,actual_load,Actual Load,2026-07-26T13:03:42Z
2026-07-26T12:59:54Z,2026-07-26T14:59:54+0200,adf59793-da45-49b4-9a92-f95cd560cccb,2026-07-03T19:45:00Z,2026-07-03T21:45:00+0200,49012.282609,MW,DE,DE_LU,actual_load,Actual Load,2026-07-26T13:03:42Z
2026-07-26T12:59:54Z,2026-07-26T14:59:54+0200,adf59793-da45-49b4-9a92-f95cd560cccb,2026-07-03T20:00:00Z,2026-07-03T22:00:00+0200,48761.40916,MW,DE,DE_LU,actual_load,Actual Load,2026-07-26T13:03:42Z
2026-07-26T12:59:54Z,2026-07-26T14:59:54+0200,adf59793-da45-49b4-9a92-f95cd560cccb,2026-07-03T20:15:00Z,2026-07-03T22:15:00+0200,48565.71821,MW,DE,DE_LU,actual_load,Actual Load,2026-07-26T13:03:42Z
2026-07-26T12:59:54Z,2026-07-26T14:59:54+0200,adf59793-da45-49b4-9a92-f95cd560cccb,2026-07-03T20:30:00Z,2026-07-03T22:30:00+0200,48347.39482,MW,DE,DE_LU,actual_load,Actual Load,2026-07-26T13:03:42Z
2026-07-26T12:59:54Z,2026-07-26T14:59:54+0200,adf59793-da45-49b4-9a92-f95cd560cccb,2026-07-03T20:45:00Z,2026-07-03T22:45:00+0200,47392.48226,MW,DE,DE_LU,actual_load,Actual Load,2026-07-26T13:03:42Z
2026-07-26T12:59:54Z,2026-07-26T14:59:54+0200,adf59793-da45-49b4-9a92-f95cd560cccb,2026-07-03T21:00:00Z,2026-07-03T23:00:00+0200,46878.384299,MW,DE,DE_LU,actual_load,Actual Load,2026-07-26T13:03:42Z
2026-07-26T12:59:54Z,2026-07-26T14:59:54+0200,adf59793-da45-49b4-9a92-f95cd560cccb,2026-07-03T21:15:00Z,2026-07-03T23:15:00+0200,46150.62396,MW,DE,DE_LU,actual_load,Actual Load,2026-07-26T13:03:42Z
2026-07-26T12:59:54Z,2026-07-26T14:59:54+0200,adf59793-da45-49b4-9a92-f95cd560cccb,2026-07-03T21:30:00Z,2026-07-03T23:30:00+0200,45420.23522,MW,DE,DE_LU,actual_load,Actual Load,2026-07-26T13:03:42Z
2026-07-26T12:59:54Z,2026-07-26T14:59:54+0200,adf59793-da45-49b4-9a92-f95cd560cccb,2026-07-03T21:45:00Z,2026-07-03T23:45:00+0200,44640.252379,MW,DE,DE_LU,actual_load,Actual Load,2026-07-26T13:03:42Z
2026-07-26T12:59:54Z,2026-07-26T14:59:54+0200,adf59793-da45-49b4-9a92-f95cd560cccb,2026-07-03T22:00:00Z,2026-07-04T00:00:00+0200,44196.53264,MW,DE,DE_LU,actual_load,Actual Load,2026-07-26T13:03:42Z
2026-07-26T12:59:54Z,2026-07-26T14:59:54+0200,adf59793-da45-49b4-9a92-f95cd560cccb,2026-07-03T22:15:00Z,2026-07-04T00:15:00+0200,44082.77826,MW,DE,DE_LU,actual_load,Actual Load,2026-07-26T13:03:42Z
2026-07-26T12:59:54Z,2026-07-26T14:59:54+0200,adf59793-da45-49b4-9a92-f95cd560cccb,2026-07-03T22:30:00Z,2026-07-04T00:30:00+0200,43469.81401,MW,DE,DE_LU,actual_load,Actual Load,2026-07-26T13:03:42Z
2026-07-26T12:59:54Z,2026-07-26T14:59:54+0200,adf59793-da45-49b4-9a92-f95cd560cccb,2026-07-03T22:45:00Z,2026-07-04T00:45:00+0200,43247.68716,MW,DE,DE_LU,actual_load,Actual Load,2026-07-26T13:03:42Z
2026-07-26T12:59:54Z,2026-07-26T14:59:54+0200,adf59793-da45-49b4-9a92-f95cd560cccb,2026-07-03T23:00:00Z,2026-07-04T01:00:00+0200,42855.01012,MW,DE,DE_LU,actual_load,Actual Load,2026-07-26T13:03:42Z
2026-07-26T12:59:54Z,2026-07-26T14:59:54+0200,adf59793-da45-49b4-9a92-f95cd560cccb,2026-07-03T23:15:00Z,2026-07-04T01:15:00+0200,42867.294279,MW,DE,DE_LU,actual_load,Actual Load,2026-07-26T13:03:42Z
2026-07-26T12:59:54Z,2026-07-26T14:59:54+0200,adf59793-da45-49b4-9a92-f95cd560cccb,2026-07-03T23:30:00Z,2026-07-04T01:30:00+0200,42540.72792,MW,DE,DE_LU,actual_load,Actual Load,2026-07-26T13:03:42Z
2026-07-26T12:59:54Z,2026-07-26T14:59:54+0200,adf59793-da45-49b4-9a92-f95cd560cccb,2026-07-03T23:45:00Z,2026-07-04T01:45:00+0200,42382.63711,MW,DE,DE_LU,actual_load,Actual Load,2026-07-26T13:03:42Z
2026-07-26T12:59:54Z,2026-07-26T14:59:54+0200,adf59793-da45-49b4-9a92-f95cd560cccb,2026-07-04T00:00:00Z,2026-07-04T02:00:00+0200,42126.95161,MW,DE,DE_LU,actual_load,Actual Load,2026-07-26T13:03:42Z
2026-07-26T12:59:54Z,2026-07-26T14:59:54+0200,adf59793-da45-49b4-9a92-f95cd560cccb,2026-07-04T00:15:00Z,2026-07-04T02:15:00+0200,42021.03636,MW,DE,DE_LU,actual_load,Actual Load,2026-07-26T13:03:42Z
2026-07-26T12:59:54Z,2026-07-26T14:59:54+0200,adf59793-da45-49b4-9a92-f95cd560cccb,2026-07-04T00:30:00Z,2026-07-04T02:30:00+0200,41501.76322,MW,DE,DE_LU,actual_load,Actual Load,2026-07-26T13:03:42Z
2026-07-26T12:59:54Z,2026-07-26T14:59:54+0200,adf59793-da45-49b4-9a92-f95cd560cccb,2026-07-04T00:45:00Z,2026-07-04T02:45:00+0200,41224.02911,MW,DE,DE_LU,actual_load,Actual Load,2026-07-26T13:03:42Z
2026-07-26T12:59:54Z,2026-07-26T14:59:54+0200,adf59793-da45-49b4-9a92-f95cd560cccb,2026-07-04T01:00:00Z,2026-07-04T03:00:00+0200,40998.14996,MW,DE,DE_LU,actual_load,Actual Load,2026-07-26T13:03:42Z
2026-07-26T12:59:54Z,2026-07-26T14:59:54+0200,adf59793-da45-49b4-9a92-f95cd560cccb,2026-07-04T01:15:00Z,2026-07-04T03:15:00+0200,41347.82235,MW,DE,DE_LU,actual_load,Actual Load,2026-07-26T13:03:42Z
2026-07-26T12:59:54Z,2026-07-26T14:59:54+0200,adf59793-da45-49b4-9a92-f95cd560cccb,2026-07-04T01:30:00Z,2026-07-04T03:30:00+0200,41571.91962,MW,DE,DE_LU,actual_load,Actual Load,2026-07-26T13:03:42Z
2026-07-26T12:59:54Z,2026-07-26T14:59:54+0200,adf59793-da45-49b4-9a92-f95cd560cccb,2026-07-04T01:45:00Z,2026-07-04T03:45:00+0200,41543.78378,MW,DE,DE_LU,actual_load,Actual Load,2026-07-26T13:03:42Z
2026-07-26T12:59:54Z,2026-07-26T14:59:54+0200,adf59793-da45-49b4-9a92-f95cd560cccb,2026-07-04T02:00:00Z,2026-07-04T04:00:00+0200,41719.83793,MW,DE,DE_LU,actual_load,Actual Load,2026-07-26T13:03:42Z
2026-07-26T12:59:54Z,2026-07-26T14:59:54+0200,adf59793-da45-49b4-9a92-f95cd560cccb,2026-07-04T02:15:00Z,2026-07-04T04:15:00+0200,41981.97797,MW,DE,DE_LU,actual_load,Actual Load,2026-07-26T13:03:42Z
2026-07-26T12:59:54Z,2026-07-26T14:59:54+0200,adf59793-da45-49b4-9a92-f95cd560cccb,2026-07-04T02:30:00Z,2026-07-04T04:30:00+0200,41862.80611,MW,DE,DE_LU,actual_load,Actual Load,2026-07-26T13:03:42Z
2026-07-26T12:59:54Z,2026-07-26T14:59:54+0200,adf59793-da45-49b4-9a92-f95cd560cccb,2026-07-04T02:45:00Z,2026-07-04T04:45:00+0200,41502.58971,MW,DE,DE_LU,actual_load,Actual Load,2026-07-26T13:03:42Z
2026-07-26T12:59:54Z,2026-07-26T14:59:54+0200,adf59793-da45-49b4-9a92-f95cd560cccb,2026-07-04T03:00:00Z,2026-07-04T05:00:00+0200,41145.877879,MW,DE,DE_LU,actual_load,Actual Load,2026-07-26T13:03:42Z
2026-07-26T12:59:54Z,2026-07-26T14:59:54+0200,adf59793-da45-49b4-9a92-f95cd560cccb,2026-07-04T03:15:00Z,2026-07-04T05:15:00+0200,41127.04206,MW,DE,DE_LU,actual_load,Actual Load,2026-07-26T13:03:42Z
2026-07-26T12:59:54Z,2026-07-26T14:59:54+0200,adf59793-da45-49b4-9a92-f95cd560cccb,2026-07-04T03:30:00Z,2026-07-04T05:30:00+0200,41245.47429,MW,DE,DE_LU,actual_load,Actual Load,2026-07-26T13:03:42Z
2026-07-26T12:59:54Z,2026-07-26T14:59:54+0200,adf59793-da45-49b4-9a92-f95cd560cccb,2026-07-04T03:45:00Z,2026-07-04T05:45:00+0200,41453.84197,MW,DE,DE_LU,actual_load,Actual Load,2026-07-26T13:03:42Z
2026-07-26T12:59:54Z,2026-07-26T14:59:54+0200,adf59793-da45-49b4-9a92-f95cd560cccb,2026-07-04T04:00:00Z,2026-07-04T06:00:00+0200,42847.42072,MW,DE,DE_LU,actual_load,Actual Load,2026-07-26T13:03:42Z
2026-07-26T12:59:54Z,2026-07-26T14:59:54+0200,adf59793-da45-49b4-9a92-f95cd560cccb,2026-07-04T04:15:00Z,2026-07-04T06:15:00+0200,43601.00113,MW,DE,DE_LU,actual_load,Actual Load,2026-07-26T13:03:42Z
2026-07-26T12:59:54Z,2026-07-26T14:59:54+0200,adf59793-da45-49b4-9a92-f95cd560cccb,2026-07-04T04:30:00Z,2026-07-04T06:30:00+0200,44414.41775,MW,DE,DE_LU,actual_load,Actual Load,2026-07-26T13:03:42Z
2026-07-26T12:59:54Z,2026-07-26T14:59:54+0200,adf59793-da45-49b4-9a92-f95cd560cccb,2026-07-04T04:45:00Z,2026-07-04T06:45:00+0200,44458.10632,MW,DE,DE_LU,actual_load,Actual Load,2026-07-26T13:03:42Z
2026-07-26T12:59:54Z,2026-07-26T14:59:54+0200,adf59793-da45-49b4-9a92-f95cd560cccb,2026-07-04T05:00:00Z,2026-07-04T07:00:00+0200,44022.91962,MW,DE,DE_LU,actual_load,Actual Load,2026-07-26T13:03:42Z
2026-07-26T12:59:54Z,2026-07-26T14:59:54+0200,adf59793-da45-49b4-9a92-f95cd560cccb,2026-07-04T05:15:00Z,2026-07-04T07:15:00+0200,44981.48042,MW,DE,DE_LU,actual_load,Actual Load,2026-07-26T13:03:42Z
2026-07-26T12:59:54Z,2026-07-26T14:59:54+0200,adf59793-da45-49b4-9a92-f95cd560cccb,2026-07-04T05:30:00Z,2026-07-04T07:30:00+0200,45426.377,MW,DE,DE_LU,actual_load,Actual Load,2026-07-26T13:03:42Z
2026-07-26T12:59:54Z,2026-07-26T14:59:54+0200,adf59793-da45-49b4-9a92-f95cd560cccb,2026-07-04T05:45:00Z,2026-07-04T07:45:00+0200,46029.31006,MW,DE,DE_LU,actual_load,Actual Load,2026-07-26T13:03:42Z
2026-07-26T12:59:54Z,2026-07-26T14:59:54+0200,adf59793-da45-49b4-9a92-f95cd560cccb,2026-07-04T06:00:00Z,2026-07-04T08:00:00+0200,46237.10502,MW,DE,DE_LU,actual_load,Actual Load,2026-07-26T13:03:42Z
2026-07-26T12:59:54Z,2026-07-26T14:59:54+0200,adf59793-da45-49b4-9a92-f95cd560cccb,2026-07-04T06:15:00Z,2026-07-04T08:15:00+0200,46938.131199,MW,DE,DE_LU,actual_load,Actual Load,2026-07-26T13:03:42Z
2026-07-26T12:59:54Z,2026-07-26T14:59:54+0200,adf59793-da45-49b4-9a92-f95cd560cccb,2026-07-04T06:30:00Z,2026-07-04T08:30:00+0200,47130.87954,MW,DE,DE_LU,actual_load,Actual Load,2026-07-26T13:03:42Z
2026-07-26T12:59:54Z,2026-07-26T14:59:54+0200,adf59793-da45-49b4-9a92-f95cd560cccb,2026-07-04T06:45:00Z,2026-07-04T08:45:00+0200,47761.422409,MW,DE,DE_LU,actual_load,Actual Load,2026-07-26T13:03:42Z
2026-07-26T12:59:54Z,2026-07-26T14:59:54+0200,adf59793-da45-49b4-9a92-f95cd560cccb,2026-07-04T07:00:00Z,2026-07-04T09:00:00+0200,46845.22798,MW,DE,DE_LU,actual_load,Actual Load,2026-07-26T13:03:42Z
2026-07-26T12:59:54Z,2026-07-26T14:59:54+0200,adf59793-da45-49b4-9a92-f95cd560cccb,2026-07-04T07:15:00Z,2026-07-04T09:15:00+0200,46803.73135,MW,DE,DE_LU,actual_load,Actual Load,2026-07-26T13:03:42Z
2026-07-26T12:59:54Z,2026-07-26T14:59:54+0200,adf59793-da45-49b4-9a92-f95cd560cccb,2026-07-04T07:30:00Z,2026-07-04T09:30:00+0200,47129.044459,MW,DE,DE_LU,actual_load,Actual Load,2026-07-26T13:03:42Z
2026-07-26T12:59:54Z,2026-07-26T14:59:54+0200,adf59793-da45-49b4-9a92-f95cd560cccb,2026-07-04T07:45:00Z,2026-07-04T09:45:00+0200,47631.06129,MW,DE,DE_LU,actual_load,Actual Load,2026-07-26T13:03:42Z
2026-07-26T12:59:54Z,2026-07-26T14:59:54+0200,adf59793-da45-49b4-9a92-f95cd560cccb,2026-07-04T08:00:00Z,2026-07-04T10:00:00+0200,48211.5408,MW,DE,DE_LU,actual_load,Actual Load,2026-07-26T13:03:42Z
2026-07-26T12:59:54Z,2026-07-26T14:59:54+0200,adf59793-da45-49b4-9a92-f95cd560cccb,2026-07-04T08:15:00Z,2026-07-04T10:15:00+0200,48839.53768,MW,DE,DE_LU,actual_load,Actual Load,2026-07-26T13:03:42Z
2026-07-26T12:59:54Z,2026-07-26T14:59:54+0200,adf59793-da45-49b4-9a92-f95cd560cccb,2026-07-04T08:30:00Z,2026-07-04T10:30:00+0200,49305.28832,MW,DE,DE_LU,actual_load,Actual Load,2026-07-26T13:03:42Z
2026-07-26T12:59:54Z,2026-07-26T14:59:54+0200,adf59793-da45-49b4-9a92-f95cd560cccb,2026-07-04T08:45:00Z,2026-07-04T10:45:00+0200,49291.74817,MW,DE,DE_LU,actual_load,Actual Load,2026-07-26T13:03:42Z
2026-07-26T12:59:54Z,2026-07-26T14:59:54+0200,adf59793-da45-49b4-9a92-f95cd560cccb,2026-07-04T09:00:00Z,2026-07-04T11:00:00+0200,48971.57364,MW,DE,DE_LU,actual_load,Actual Load,2026-07-26T13:03:42Z
2026-07-26T12:59:54Z,2026-07-26T14:59:54+0200,adf59793-da45-49b4-9a92-f95cd560cccb,2026-07-04T09:15:00Z,2026-07-04T11:15:00+0200,49286.26395,MW,DE,DE_LU,actual_load,Actual Load,2026-07-26T13:03:42Z
2026-07-26T12:59:54Z,2026-07-26T14:59:54+0200,adf59793-da45-49b4-9a92-f95cd560cccb,2026-07-04T09:30:00Z,2026-07-04T11:30:00+0200,49531.72648,MW,DE,DE_LU,actual_load,Actual Load,2026-07-26T13:03:42Z
2026-07-26T12:59:54Z,2026-07-26T14:59:54+0200,adf59793-da45-49b4-9a92-f95cd560cccb,2026-07-04T09:45:00Z,2026-07-04T11:45:00+0200,49788.110629,MW,DE,DE_LU,actual_load,Actual Load,2026-07-26T13:03:42Z
2026-07-26T12:59:54Z,2026-07-26T14:59:54+0200,adf59793-da45-49b4-9a92-f95cd560cccb,2026-07-04T10:00:00Z,2026-07-04T12:00:00+0200,49456.04799,MW,DE,DE_LU,actual_load,Actual Load,2026-07-26T13:03:42Z
2026-07-26T12:59:54Z,2026-07-26T14:59:54+0200,adf59793-da45-49b4-9a92-f95cd560cccb,2026-07-04T10:15:00Z,2026-07-04T12:15:00+0200,49637.17762,MW,DE,DE_LU,actual_load,Actual Load,2026-07-26T13:03:42Z
2026-07-26T12:59:54Z,2026-07-26T14:59:54+0200,adf59793-da45-49b4-9a92-f95cd560cccb,2026-07-04T10:30:00Z,2026-07-04T12:30:00+0200,49876.79377,MW,DE,DE_LU,actual_load,Actual Load,2026-07-26T13:03:42Z
2026-07-26T12:59:54Z,2026-07-26T14:59:54+0200,adf59793-da45-49b4-9a92-f95cd560cccb,2026-07-04T10:45:00Z,2026-07-04T12:45:00+0200,50022.060989,MW,DE,DE_LU,actual_load,Actual Load,2026-07-26T13:03:42Z
2026-07-26T12:59:54Z,2026-07-26T14:59:54+0200,adf59793-da45-49b4-9a92-f95cd560cccb,2026-07-04T11:00:00Z,2026-07-04T13:00:00+0200,48528.97154,MW,DE,DE_LU,actual_load,Actual Load,2026-07-26T13:03:42Z
2026-07-26T12:59:54Z,2026-07-26T14:59:54+0200,adf59793-da45-49b4-9a92-f95cd560cccb,2026-07-04T11:15:00Z,2026-07-04T13:15:00+0200,48239.53602,MW,DE,DE_LU,actual_load,Actual Load,2026-07-26T13:03:42Z
2026-07-26T12:59:54Z,2026-07-26T14:59:54+0200,adf59793-da45-49b4-9a92-f95cd560cccb,2026-07-04T11:30:00Z,2026-07-04T13:30:00+0200,47950.97084,MW,DE,DE_LU,actual_load,Actual Load,2026-07-26T13:03:42Z
2026-07-26T12:59:54Z,2026-07-26T14:59:54+0200,adf59793-da45-49b4-9a92-f95cd560cccb,2026-07-04T11:45:00Z,2026-07-04T13:45:00+0200,47944.039649,MW,DE,DE_LU,actual_load,Actual Load,2026-07-26T13:03:42Z
2026-07-26T12:59:54Z,2026-07-26T14:59:54+0200,adf59793-da45-49b4-9a92-f95cd560cccb,2026-07-04T12:00:00Z,2026-07-04T14:00:00+0200,47041.6876,MW,DE,DE_LU,actual_load,Actual Load,2026-07-26T13:03:42Z
2026-07-26T12:59:54Z,2026-07-26T14:59:54+0200,adf59793-da45-49b4-9a92-f95cd560cccb,2026-07-04T12:15:00Z,2026-07-04T14:15:00+0200,46679.36892,MW,DE,DE_LU,actual_load,Actual Load,2026-07-26T13:03:42Z
2026-07-26T12:59:54Z,2026-07-26T14:59:54+0200,adf59793-da45-49b4-9a92-f95cd560cccb,2026-07-04T12:30:00Z,2026-07-04T14:30:00+0200,46573.18303,MW,DE,DE_LU,actual_load,Actual Load,2026-07-26T13:03:42Z
2026-07-26T12:59:54Z,2026-07-26T14:59:54+0200,adf59793-da45-49b4-9a92-f95cd560cccb,2026-07-04T12:45:00Z,2026-07-04T14:45:00+0200,46232.926039,MW,DE,DE_LU,actual_load,Actual Load,2026-07-26T13:03:42Z
2026-07-26T12:59:54Z,2026-07-26T14:59:54+0200,adf59793-da45-49b4-9a92-f95cd560cccb,2026-07-04T13:00:00Z,2026-07-04T15:00:00+0200,46652.75286,MW,DE,DE_LU,actual_load,Actual Load,2026-07-26T13:03:42Z
2026-07-26T12:59:54Z,2026-07-26T14:59:54+0200,adf59793-da45-49b4-9a92-f95cd560cccb,2026-07-04T13:15:00Z,2026-07-04T15:15:00+0200,46663.97009,MW,DE,DE_LU,actual_load,Actual Load,2026-07-26T13:03:42Z
2026-07-26T12:59:54Z,2026-07-26T14:59:54+0200,adf59793-da45-49b4-9a92-f95cd560cccb,2026-07-04T13:30:00Z,2026-07-04T15:30:00+0200,45839.28976,MW,DE,DE_LU,actual_load,Actual Load,2026-07-26T13:03:42Z
2026-07-26T12:59:54Z,2026-07-26T14:59:54+0200,adf59793-da45-49b4-9a92-f95cd560cccb,2026-07-04T13:45:00Z,2026-07-04T15:45:00+0200,45691.071109,MW,DE,DE_LU,actual_load,Actual Load,2026-07-26T13:03:42Z
2026-07-26T12:59:54Z,2026-07-26T14:59:54+0200,adf59793-da45-49b4-9a92-f95cd560cccb,2026-07-04T14:00:00Z,2026-07-04T16:00:00+0200,46645.92915,MW,DE,DE_LU,actual_load,Actual Load,2026-07-26T13:03:42Z
2026-07-26T12:59:54Z,2026-07-26T14:59:54+0200,adf59793-da45-49b4-9a92-f95cd560cccb,2026-07-04T14:15:00Z,2026-07-04T16:15:00+0200,45927.170099,MW,DE,DE_LU,actual_load,Actual Load,2026-07-26T13:03:42Z
2026-07-26T12:59:54Z,2026-07-26T14:59:54+0200,adf59793-da45-49b4-9a92-f95cd560cccb,2026-07-04T14:30:00Z,2026-07-04T16:30:00+0200,45483.339199,MW,DE,DE_LU,actual_load,Actual Load,2026-07-26T13:03:42Z
2026-07-26T12:59:54Z,2026-07-26T14:59:54+0200,adf59793-da45-49b4-9a92-f95cd560cccb,2026-07-04T14:45:00Z,2026-07-04T16:45:00+0200,45346.959,MW,DE,DE_LU,actual_load,Actual Load,2026-07-26T13:03:42Z
2026-07-26T12:59:54Z,2026-07-26T14:59:54+0200,adf59793-da45-49b4-9a92-f95cd560cccb,2026-07-04T15:00:00Z,2026-07-04T17:00:00+0200,45928.72014,MW,DE,DE_LU,actual_load,Actual Load,2026-07-26T13:03:42Z
2026-07-26T12:59:54Z,2026-07-26T14:59:54+0200,adf59793-da45-49b4-9a92-f95cd560cccb,2026-07-04T15:15:00Z,2026-07-04T17:15:00+0200,45688.22284,MW,DE,DE_LU,actual_load,Actual Load,2026-07-26T13:03:42Z
2026-07-26T12:59:54Z,2026-07-26T14:59:54+0200,adf59793-da45-49b4-9a92-f95cd560cccb,2026-07-04T15:30:00Z,2026-07-04T17:30:00+0200,46327.46653,MW,DE,DE_LU,actual_load,Actual Load,2026-07-26T13:03:42Z
2026-07-26T12:59:54Z,2026-07-26T14:59:54+0200,adf59793-da45-49b4-9a92-f95cd560cccb,2026-07-04T15:45:00Z,2026-07-04T17:45:00+0200,45929.40448,MW,DE,DE_LU,actual_load,Actual Load,2026-07-26T13:03:42Z
2026-07-26T12:59:54Z,2026-07-26T14:59:54+0200,adf59793-da45-49b4-9a92-f95cd560cccb,2026-07-04T16:00:00Z,2026-07-04T18:00:00+0200,46962.56389,MW,DE,DE_LU,actual_load,Actual Load,2026-07-26T13:03:42Z
2026-07-26T12:59:54Z,2026-07-26T14:59:54+0200,adf59793-da45-49b4-9a92-f95cd560cccb,2026-07-04T16:15:00Z,2026-07-04T18:15:00+0200,47643.00849,MW,DE,DE_LU,actual_load,Actual Load,2026-07-26T13:03:42Z
2026-07-26T12:59:54Z,2026-07-26T14:59:54+0200,adf59793-da45-49b4-9a92-f95cd560cccb,2026-07-04T16:30:00Z,2026-07-04T18:30:00+0200,48428.3014,MW,DE,DE_LU,actual_load,Actual Load,2026-07-26T13:03:42Z
2026-07-26T12:59:54Z,2026-07-26T14:59:54+0200,adf59793-da45-49b4-9a92-f95cd560cccb,2026-07-04T16:45:00Z,2026-07-04T18:45:00+0200,48609.76184,MW,DE,DE_LU,actual_load,Actual Load,2026-07-26T13:03:42Z
2026-07-26T12:59:54Z,2026-07-26T14:59:54+0200,adf59793-da45-49b4-9a92-f95cd560cccb,2026-07-04T17:00:00Z,2026-07-04T19:00:00+0200,48471.63771,MW,DE,DE_LU,actual_load,Actual Load,2026-07-26T13:03:42Z
2026-07-26T12:59:54Z,2026-07-26T14:59:54+0200,adf59793-da45-49b4-9a92-f95cd560cccb,2026-07-04T17:15:00Z,2026-07-04T19:15:00+0200,48136.90378,MW,DE,DE_LU,actual_load,Actual Load,2026-07-26T13:03:42Z
2026-07-26T12:59:54Z,2026-07-26T14:59:54+0200,adf59793-da45-49b4-9a92-f95cd560cccb,2026-07-04T17:30:00Z,2026-07-04T19:30:00+0200,47651.65998,MW,DE,DE_LU,actual_load,Actual Load,2026-07-26T13:03:42Z
2026-07-26T12:59:54Z,2026-07-26T14:59:54+0200,adf59793-da45-49b4-9a92-f95cd560cccb,2026-07-04T17:45:00Z,2026-07-04T19:45:00+0200,47796.09222,MW,DE,DE_LU,actual_load,Actual Load,2026-07-26T13:03:42Z
2026-07-26T12:59:54Z,2026-07-26T14:59:54+0200,adf59793-da45-49b4-9a92-f95cd560cccb,2026-07-04T18:00:00Z,2026-07-04T20:00:00+0200,47867.01389,MW,DE,DE_LU,actual_load,Actual Load,2026-07-26T13:03:42Z
2026-07-26T12:59:54Z,2026-07-26T14:59:54+0200,adf59793-da45-49b4-9a92-f95cd560cccb,2026-07-04T18:15:00Z,2026-07-04T20:15:00+0200,46861.39967,MW,DE,DE_LU,actual_load,Actual Load,2026-07-26T13:03:42Z
2026-07-26T12:59:54Z,2026-07-26T14:59:54+0200,adf59793-da45-49b4-9a92-f95cd560cccb,2026-07-04T18:30:00Z,2026-07-04T20:30:00+0200,46532.05503,MW,DE,DE_LU,actual_load,Actual Load,2026-07-26T13:03:42Z
2026-07-26T12:59:54Z,2026-07-26T14:59:54+0200,adf59793-da45-49b4-9a92-f95cd560cccb,2026-07-04T18:45:00Z,2026-07-04T20:45:00+0200,45448.55872,MW,DE,DE_LU,actual_load,Actual Load,2026-07-26T13:03:42Z
2026-07-26T12:59:54Z,2026-07-26T14:59:54+0200,adf59793-da45-49b4-9a92-f95cd560cccb,2026-07-04T19:00:00Z,2026-07-04T21:00:00+0200,44901.66606,MW,DE,DE_LU,actual_load,Actual Load,2026-07-26T13:03:42Z
2026-07-26T12:59:54Z,2026-07-26T14:59:54+0200,adf59793-da45-49b4-9a92-f95cd560cccb,2026-07-04T19:15:00Z,2026-07-04T21:15:00+0200,44476.04278,MW,DE,DE_LU,actual_load,Actual Load,2026-07-26T13:03:42Z
2026-07-26T12:59:54Z,2026-07-26T14:59:54+0200,adf59793-da45-49b4-9a92-f95cd560cccb,2026-07-04T19:30:00Z,2026-07-04T21:30:00+0200,44351.06191,MW,DE,DE_LU,actual_load,Actual Load,2026-07-26T13:03:42Z
2026-07-26T12:59:54Z,2026-07-26T14:59:54+0200,adf59793-da45-49b4-9a92-f95cd560cccb,2026-07-04T19:45:00Z,2026-07-04T21:45:00+0200,44674.65766,MW,DE,DE_LU,actual_load,Actual Load,2026-07-26T13:03:42Z
2026-07-26T12:59:54Z,2026-07-26T14:59:54+0200,adf59793-da45-49b4-9a92-f95cd560cccb,2026-07-04T20:00:00Z,2026-07-04T22:00:00+0200,44698.68937,MW,DE,DE_LU,actual_load,Actual Load,2026-07-26T13:03:42Z
2026-07-26T12:59:54Z,2026-07-26T14:59:54+0200,adf59793-da45-49b4-9a92-f95cd560cccb,2026-07-04T20:15:00Z,2026-07-04T22:15:00+0200,43987.743799,MW,DE,DE_LU,actual_load,Actual Load,2026-07-26T13:03:42Z
2026-07-26T12:59:54Z,2026-07-26T14:59:54+0200,adf59793-da45-49b4-9a92-f95cd560cccb,2026-07-04T20:30:00Z,2026-07-04T22:30:00+0200,44009.22047,MW,DE,DE_LU,actual_load,Actual Load,2026-07-26T13:03:42Z
2026-07-26T12:59:54Z,2026-07-26T14:59:54+0200,adf59793-da45-49b4-9a92-f95cd560cccb,2026-07-04T20:45:00Z,2026-07-04T22:45:00+0200,43711.66098,MW,DE,DE_LU,actual_load,Actual Load,2026-07-26T13:03:42Z
2026-07-26T12:59:54Z,2026-07-26T14:59:54+0200,adf59793-da45-49b4-9a92-f95cd560cccb,2026-07-04T21:00:00Z,2026-07-04T23:00:00+0200,43276.47457,MW,DE,DE_LU,actual_load,Actual Load,2026-07-26T13:03:42Z
2026-07-26T12:59:54Z,2026-07-26T14:59:54+0200,adf59793-da45-49b4-9a92-f95cd560cccb,2026-07-04T21:15:00Z,2026-07-04T23:15:00+0200,42703.91956,MW,DE,DE_LU,actual_load,Actual Load,2026-07-26T13:03:42Z
2026-07-26T12:59:54Z,2026-07-26T14:59:54+0200,adf59793-da45-49b4-9a92-f95cd560cccb,2026-07-04T21:30:00Z,2026-07-04T23:30:00+0200,42558.11968,MW,DE,DE_LU,actual_load,Actual Load,2026-07-26T13:03:42Z
2026-07-26T12:59:54Z,2026-07-26T14:59:54+0200,adf59793-da45-49b4-9a92-f95cd560cccb,2026-07-04T21:45:00Z,2026-07-04T23:45:00+0200,41206.59122,MW,DE,DE_LU,actual_load,Actual Load,2026-07-26T13:03:42Z
2026-07-26T12:59:54Z,2026-07-26T14:59:54+0200,adf59793-da45-49b4-9a92-f95cd560cccb,2026-07-04T22:00:00Z,2026-07-05T00:00:00+0200,40716.53848,MW,DE,DE_LU,actual_load,Actual Load,2026-07-26T13:03:42Z
2026-07-26T12:59:54Z,2026-07-26T14:59:54+0200,adf59793-da45-49b4-9a92-f95cd560cccb,2026-07-04T22:15:00Z,2026-07-05T00:15:00+0200,40735.46912,MW,DE,DE_LU,actual_load,Actual Load,2026-07-26T13:03:42Z
2026-07-26T12:59:54Z,2026-07-26T14:59:54+0200,adf59793-da45-49b4-9a92-f95cd560cccb,2026-07-04T22:30:00Z,2026-07-05T00:30:00+0200,40576.46937,MW,DE,DE_LU,actual_load,Actual Load,2026-07-26T13:03:42Z
2026-07-26T12:59:54Z,2026-07-26T14:59:54+0200,adf59793-da45-49b4-9a92-f95cd560cccb,2026-07-04T22:45:00Z,2026-07-05T00:45:00+0200,39987.23249,MW,DE,DE_LU,actual_load,Actual Load,2026-07-26T13:03:42Z
2026-07-26T12:59:54Z,2026-07-26T14:59:54+0200,adf59793-da45-49b4-9a92-f95cd560cccb,2026-07-04T23:00:00Z,2026-07-05T01:00:00+0200,39474.96194,MW,DE,DE_LU,actual_load,Actual Load,2026-07-26T13:03:42Z
2026-07-26T12:59:54Z,2026-07-26T14:59:54+0200,adf59793-da45-49b4-9a92-f95cd560cccb,2026-07-04T23:15:00Z,2026-07-05T01:15:00+0200,39447.3963,MW,DE,DE_LU,actual_load,Actual Load,2026-07-26T13:03:42Z
2026-07-26T12:59:54Z,2026-07-26T14:59:54+0200,adf59793-da45-49b4-9a92-f95cd560cccb,2026-07-04T23:30:00Z,2026-07-05T01:30:00+0200,39013.10219,MW,DE,DE_LU,actual_load,Actual Load,2026-07-26T13:03:42Z
2026-07-26T12:59:54Z,2026-07-26T14:59:54+0200,adf59793-da45-49b4-9a92-f95cd560cccb,2026-07-04T23:45:00Z,2026-07-05T01:45:00+0200,39024.00188,MW,DE,DE_LU,actual_load,Actual Load,2026-07-26T13:03:42Z
2026-07-26T12:59:54Z,2026-07-26T14:59:54+0200,adf59793-da45-49b4-9a92-f95cd560cccb,2026-07-05T00:00:00Z,2026-07-05T02:00:00+0200,38107.32096,MW,DE,DE_LU,actual_load,Actual Load,2026-07-26T13:03:42Z
2026-07-26T12:59:54Z,2026-07-26T14:59:54+0200,adf59793-da45-49b4-9a92-f95cd560cccb,2026-07-05T00:15:00Z,2026-07-05T02:15:00+0200,37324.38604,MW,DE,DE_LU,actual_load,Actual Load,2026-07-26T13:03:42Z
2026-07-26T12:59:54Z,2026-07-26T14:59:54+0200,adf59793-da45-49b4-9a92-f95cd560cccb,2026-07-05T00:30:00Z,2026-07-05T02:30:00+0200,37135.42719,MW,DE,DE_LU,actual_load,Actual Load,2026-07-26T13:03:42Z
2026-07-26T12:59:54Z,2026-07-26T14:59:54+0200,adf59793-da45-49b4-9a92-f95cd560cccb,2026-07-05T00:45:00Z,2026-07-05T02:45:00+0200,36989.52918,MW,DE,DE_LU,actual_load,Actual Load,2026-07-26T13:03:42Z
2026-07-26T12:59:54Z,2026-07-26T14:59:54+0200,adf59793-da45-49b4-9a92-f95cd560cccb,2026-07-05T01:00:00Z,2026-07-05T03:00:00+0200,36868.9273,MW,DE,DE_LU,actual_load,Actual Load,2026-07-26T13:03:42Z
2026-07-26T12:59:54Z,2026-07-26T14:59:54+0200,adf59793-da45-49b4-9a92-f95cd560cccb,2026-07-05T01:15:00Z,2026-07-05T03:15:00+0200,36258.86796,MW,DE,DE_LU,actual_load,Actual Load,2026-07-26T13:03:42Z
2026-07-26T12:59:54Z,2026-07-26T14:59:54+0200,adf59793-da45-49b4-9a92-f95cd560cccb,2026-07-05T01:30:00Z,2026-07-05T03:30:00+0200,36353.66121,MW,DE,DE_LU,actual_load,Actual Load,2026-07-26T13:03:42Z
2026-07-26T12:59:54Z,2026-07-26T14:59:54+0200,adf59793-da45-49b4-9a92-f95cd560cccb,2026-07-05T01:45:00Z,2026-07-05T03:45:00+0200,36188.1966,MW,DE,DE_LU,actual_load,Actual Load,2026-07-26T13:03:42Z
2026-07-26T12:59:54Z,2026-07-26T14:59:54+0200,adf59793-da45-49b4-9a92-f95cd560cccb,2026-07-05T02:00:00Z,2026-07-05T04:00:00+0200,36099.6849,MW,DE,DE_LU,actual_load,Actual Load,2026-07-26T13:03:42Z
2026-07-26T12:59:54Z,2026-07-26T14:59:54+0200,adf59793-da45-49b4-9a92-f95cd560cccb,2026-07-05T02:15:00Z,2026-07-05T04:15:00+0200,36475.97513,MW,DE,DE_LU,actual_load,Actual Load,2026-07-26T13:03:42Z
2026-07-26T12:59:54Z,2026-07-26T14:59:54+0200,adf59793-da45-49b4-9a92-f95cd560cccb,2026-07-05T02:30:00Z,2026-07-05T04:30:00+0200,36871.40674,MW,DE,DE_LU,actual_load,Actual Load,2026-07-26T13:03:42Z
2026-07-26T12:59:54Z,2026-07-26T14:59:54+0200,adf59793-da45-49b4-9a92-f95cd560cccb,2026-07-05T02:45:00Z,2026-07-05T04:45:00+0200,36925.29564,MW,DE,DE_LU,actual_load,Actual Load,2026-07-26T13:03:42Z
2026-07-26T12:59:54Z,2026-07-26T14:59:54+0200,adf59793-da45-49b4-9a92-f95cd560cccb,2026-07-05T03:00:00Z,2026-07-05T05:00:00+0200,36627.27477,MW,DE,DE_LU,actual_load,Actual Load,2026-07-26T13:03:42Z
2026-07-26T12:59:54Z,2026-07-26T14:59:54+0200,adf59793-da45-49b4-9a92-f95cd560cccb,2026-07-05T03:15:00Z,2026-07-05T05:15:00+0200,36015.75829,MW,DE,DE_LU,actual_load,Actual Load,2026-07-26T13:03:42Z
2026-07-26T12:59:54Z,2026-07-26T14:59:54+0200,adf59793-da45-49b4-9a92-f95cd560cccb,2026-07-05T03:30:00Z,2026-07-05T05:30:00+0200,36007.30406,MW,DE,DE_LU,actual_load,Actual Load,2026-07-26T13:03:42Z
2026-07-26T12:59:54Z,2026-07-26T14:59:54+0200,adf59793-da45-49b4-9a92-f95cd560cccb,2026-07-05T03:45:00Z,2026-07-05T05:45:00+0200,36204.13239,MW,DE,DE_LU,actual_load,Actual Load,2026-07-26T13:03:42Z
2026-07-26T12:59:54Z,2026-07-26T14:59:54+0200,adf59793-da45-49b4-9a92-f95cd560cccb,2026-07-05T04:00:00Z,2026-07-05T06:00:00+0200,36557.77864,MW,DE,DE_LU,actual_load,Actual Load,2026-07-26T13:03:42Z
2026-07-26T12:59:54Z,2026-07-26T14:59:54+0200,adf59793-da45-49b4-9a92-f95cd560cccb,2026-07-05T04:15:00Z,2026-07-05T06:15:00+0200,36656.22144,MW,DE,DE_LU,actual_load,Actual Load,2026-07-26T13:03:42Z
2026-07-26T12:59:54Z,2026-07-26T14:59:54+0200,adf59793-da45-49b4-9a92-f95cd560cccb,2026-07-05T04:30:00Z,2026-07-05T06:30:00+0200,37468.64549,MW,DE,DE_LU,actual_load,Actual Load,2026-07-26T13:03:42Z
2026-07-26T12:59:54Z,2026-07-26T14:59:54+0200,adf59793-da45-49b4-9a92-f95cd560cccb,2026-07-05T04:45:00Z,2026-07-05T06:45:00+0200,38355.71051,MW,DE,DE_LU,actual_load,Actual Load,2026-07-26T13:03:42Z
2026-07-26T12:59:54Z,2026-07-26T14:59:54+0200,adf59793-da45-49b4-9a92-f95cd560cccb,2026-07-05T05:00:00Z,2026-07-05T07:00:00+0200,38675.96633,MW,DE,DE_LU,actual_load,Actual Load,2026-07-26T13:03:42Z
2026-07-26T12:59:54Z,2026-07-26T14:59:54+0200,adf59793-da45-49b4-9a92-f95cd560cccb,2026-07-05T05:15:00Z,2026-07-05T07:15:00+0200,39625.54224,MW,DE,DE_LU,actual_load,Actual Load,2026-07-26T13:03:42Z
2026-07-26T12:59:54Z,2026-07-26T14:59:54+0200,adf59793-da45-49b4-9a92-f95cd560cccb,2026-07-05T05:30:00Z,2026-07-05T07:30:00+0200,40633.38863,MW,DE,DE_LU,actual_load,Actual Load,2026-07-26T13:03:42Z
2026-07-26T12:59:54Z,2026-07-26T14:59:54+0200,adf59793-da45-49b4-9a92-f95cd560cccb,2026-07-05T05:45:00Z,2026-07-05T07:45:00+0200,41240.04716,MW,DE,DE_LU,actual_load,Actual Load,2026-07-26T13:03:42Z
2026-07-26T12:59:54Z,2026-07-26T14:59:54+0200,adf59793-da45-49b4-9a92-f95cd560cccb,2026-07-05T06:00:00Z,2026-07-05T08:00:00+0200,41702.31758,MW,DE,DE_LU,actual_load,Actual Load,2026-07-26T13:03:42Z
2026-07-26T12:59:54Z,2026-07-26T14:59:54+0200,adf59793-da45-49b4-9a92-f95cd560cccb,2026-07-05T06:15:00Z,2026-07-05T08:15:00+0200,42351.23802,MW,DE,DE_LU,actual_load,Actual Load,2026-07-26T13:03:42Z
2026-07-26T12:59:54Z,2026-07-26T14:59:54+0200,adf59793-da45-49b4-9a92-f95cd560cccb,2026-07-05T06:30:00Z,2026-07-05T08:30:00+0200,43205.62302,MW,DE,DE_LU,actual_load,Actual Load,2026-07-26T13:03:42Z
2026-07-26T12:59:54Z,2026-07-26T14:59:54+0200,adf59793-da45-49b4-9a92-f95cd560cccb,2026-07-05T06:45:00Z,2026-07-05T08:45:00+0200,43689.14801,MW,DE,DE_LU,actual_load,Actual Load,2026-07-26T13:03:42Z
2026-07-26T12:59:54Z,2026-07-26T14:59:54+0200,adf59793-da45-49b4-9a92-f95cd560cccb,2026-07-05T07:00:00Z,2026-07-05T09:00:00+0200,43829.27975,MW,DE,DE_LU,actual_load,Actual Load,2026-07-26T13:03:42Z
2026-07-26T12:59:54Z,2026-07-26T14:59:54+0200,adf59793-da45-49b4-9a92-f95cd560cccb,2026-07-05T07:15:00Z,2026-07-05T09:15:00+0200,43813.58911,MW,DE,DE_LU,actual_load,Actual Load,2026-07-26T13:03:42Z
2026-07-26T12:59:54Z,2026-07-26T14:59:54+0200,adf59793-da45-49b4-9a92-f95cd560cccb,2026-07-05T07:30:00Z,2026-07-05T09:30:00+0200,43950.36726,MW,DE,DE_LU,actual_load,Actual Load,2026-07-26T13:03:42Z
2026-07-26T12:59:54Z,2026-07-26T14:59:54+0200,adf59793-da45-49b4-9a92-f95cd560cccb,2026-07-05T07:45:00Z,2026-07-05T09:45:00+0200,44231.38621,MW,DE,DE_LU,actual_load,Actual Load,2026-07-26T13:03:42Z
2026-07-26T12:59:54Z,2026-07-26T14:59:54+0200,adf59793-da45-49b4-9a92-f95cd560cccb,2026-07-05T08:00:00Z,2026-07-05T10:00:00+0200,44196.88545,MW,DE,DE_LU,actual_load,Actual Load,2026-07-26T13:03:42Z
2026-07-26T12:59:54Z,2026-07-26T14:59:54+0200,adf59793-da45-49b4-9a92-f95cd560cccb,2026-07-05T08:15:00Z,2026-07-05T10:15:00+0200,44951.06123,MW,DE,DE_LU,actual_load,Actual Load,2026-07-26T13:03:42Z
2026-07-26T12:59:54Z,2026-07-26T14:59:54+0200,adf59793-da45-49b4-9a92-f95cd560cccb,2026-07-05T08:30:00Z,2026-07-05T10:30:00+0200,44917.44267,MW,DE,DE_LU,actual_load,Actual Load,2026-07-26T13:03:42Z
2026-07-26T12:59:54Z,2026-07-26T14:59:54+0200,adf59793-da45-49b4-9a92-f95cd560cccb,2026-07-05T08:45:00Z,2026-07-05T10:45:00+0200,45084.81437,MW,DE,DE_LU,actual_load,Actual Load,2026-07-26T13:03:42Z
2026-07-26T12:59:54Z,2026-07-26T14:59:54+0200,adf59793-da45-49b4-9a92-f95cd560cccb,2026-07-05T09:00:00Z,2026-07-05T11:00:00+0200,45442.02648,MW,DE,DE_LU,actual_load,Actual Load,2026-07-26T13:03:42Z
2026-07-26T12:59:54Z,2026-07-26T14:59:54+0200,adf59793-da45-49b4-9a92-f95cd560cccb,2026-07-05T09:15:00Z,2026-07-05T11:15:00+0200,46164.02508,MW,DE,DE_LU,actual_load,Actual Load,2026-07-26T13:03:42Z
2026-07-26T12:59:54Z,2026-07-26T14:59:54+0200,adf59793-da45-49b4-9a92-f95cd560cccb,2026-07-05T09:30:00Z,2026-07-05T11:30:00+0200,46320.32525,MW,DE,DE_LU,actual_load,Actual Load,2026-07-26T13:03:42Z
2026-07-26T12:59:54Z,2026-07-26T14:59:54+0200,adf59793-da45-49b4-9a92-f95cd560cccb,2026-07-05T09:45:00Z,2026-07-05T11:45:00+0200,46117.70655,MW,DE,DE_LU,actual_load,Actual Load,2026-07-26T13:03:42Z
2026-07-26T12:59:54Z,2026-07-26T14:59:54+0200,adf59793-da45-49b4-9a92-f95cd560cccb,2026-07-05T10:00:00Z,2026-07-05T12:00:00+0200,45432.08379,MW,DE,DE_LU,actual_load,Actual Load,2026-07-26T13:03:42Z
2026-07-26T12:59:54Z,2026-07-26T14:59:54+0200,adf59793-da45-49b4-9a92-f95cd560cccb,2026-07-05T10:15:00Z,2026-07-05T12:15:00+0200,45541.96354,MW,DE,DE_LU,actual_load,Actual Load,2026-07-26T13:03:42Z
2026-07-26T12:59:54Z,2026-07-26T14:59:54+0200,adf59793-da45-49b4-9a92-f95cd560cccb,2026-07-05T10:30:00Z,2026-07-05T12:30:00+0200,44787.67505,MW,DE,DE_LU,actual_load,Actual Load,2026-07-26T13:03:42Z
2026-07-26T12:59:54Z,2026-07-26T14:59:54+0200,adf59793-da45-49b4-9a92-f95cd560cccb,2026-07-05T10:45:00Z,2026-07-05T12:45:00+0200,44279.2632,MW,DE,DE_LU,actual_load,Actual Load,2026-07-26T13:03:42Z
2026-07-26T12:59:54Z,2026-07-26T14:59:54+0200,adf59793-da45-49b4-9a92-f95cd560cccb,2026-07-05T11:00:00Z,2026-07-05T13:00:00+0200,44125.77788,MW,DE,DE_LU,actual_load,Actual Load,2026-07-26T13:03:42Z
2026-07-26T12:59:54Z,2026-07-26T14:59:54+0200,adf59793-da45-49b4-9a92-f95cd560cccb,2026-07-05T11:15:00Z,2026-07-05T13:15:00+0200,44168.7905,MW,DE,DE_LU,actual_load,Actual Load,2026-07-26T13:03:42Z
2026-07-26T12:59:54Z,2026-07-26T14:59:54+0200,adf59793-da45-49b4-9a92-f95cd560cccb,2026-07-05T11:30:00Z,2026-07-05T13:30:00+0200,44269.16055,MW,DE,DE_LU,actual_load,Actual Load,2026-07-26T13:03:42Z
2026-07-26T12:59:54Z,2026-07-26T14:59:54+0200,adf59793-da45-49b4-9a92-f95cd560cccb,2026-07-05T11:45:00Z,2026-07-05T13:45:00+0200,44751.99678,MW,DE,DE_LU,actual_load,Actual Load,2026-07-26T13:03:42Z
2026-07-26T12:59:54Z,2026-07-26T14:59:54+0200,adf59793-da45-49b4-9a92-f95cd560cccb,2026-07-05T12:00:00Z,2026-07-05T14:00:00+0200,43930.8128,MW,DE,DE_LU,actual_load,Actual Load,2026-07-26T13:03:42Z
2026-07-26T12:59:54Z,2026-07-26T14:59:54+0200,adf59793-da45-49b4-9a92-f95cd560cccb,2026-07-05T12:15:00Z,2026-07-05T14:15:00+0200,43984.92204,MW,DE,DE_LU,actual_load,Actual Load,2026-07-26T13:03:42Z
2026-07-26T12:59:54Z,2026-07-26T14:59:54+0200,adf59793-da45-49b4-9a92-f95cd560cccb,2026-07-05T12:30:00Z,2026-07-05T14:30:00+0200,43159.02422,MW,DE,DE_LU,actual_load,Actual Load,2026-07-26T13:03:42Z
2026-07-26T12:59:54Z,2026-07-26T14:59:54+0200,adf59793-da45-49b4-9a92-f95cd560cccb,2026-07-05T12:45:00Z,2026-07-05T14:45:00+0200,42878.24349,MW,DE,DE_LU,actual_load,Actual Load,2026-07-26T13:03:42Z
2026-07-26T12:59:54Z,2026-07-26T14:59:54+0200,adf59793-da45-49b4-9a92-f95cd560cccb,2026-07-05T13:00:00Z,2026-07-05T15:00:00+0200,42153.84836,MW,DE,DE_LU,actual_load,Actual Load,2026-07-26T13:03:42Z
2026-07-26T12:59:54Z,2026-07-26T14:59:54+0200,adf59793-da45-49b4-9a92-f95cd560cccb,2026-07-05T13:15:00Z,2026-07-05T15:15:00+0200,42275.59765,MW,DE,DE_LU,actual_load,Actual Load,2026-07-26T13:03:42Z
2026-07-26T12:59:54Z,2026-07-26T14:59:54+0200,adf59793-da45-49b4-9a92-f95cd560cccb,2026-07-05T13:30:00Z,2026-07-05T15:30:00+0200,42132.84274,MW,DE,DE_LU,actual_load,Actual Load,2026-07-26T13:03:42Z
2026-07-26T12:59:54Z,2026-07-26T14:59:54+0200,adf59793-da45-49b4-9a92-f95cd560cccb,2026-07-05T13:45:00Z,2026-07-05T15:45:00+0200,41609.01641,MW,DE,DE_LU,actual_load,Actual Load,2026-07-26T13:03:42Z
2026-07-26T12:59:54Z,2026-07-26T14:59:54+0200,adf59793-da45-49b4-9a92-f95cd560cccb,2026-07-05T14:00:00Z,2026-07-05T16:00:00+0200,42537.96468,MW,DE,DE_LU,actual_load,Actual Load,2026-07-26T13:03:42Z
2026-07-26T12:59:54Z,2026-07-26T14:59:54+0200,adf59793-da45-49b4-9a92-f95cd560cccb,2026-07-05T14:15:00Z,2026-07-05T16:15:00+0200,43476.30734,MW,DE,DE_LU,actual_load,Actual Load,2026-07-26T13:03:42Z
2026-07-26T12:59:54Z,2026-07-26T14:59:54+0200,adf59793-da45-49b4-9a92-f95cd560cccb,2026-07-05T14:30:00Z,2026-07-05T16:30:00+0200,43890.97878,MW,DE,DE_LU,actual_load,Actual Load,2026-07-26T13:03:42Z
2026-07-26T12:59:54Z,2026-07-26T14:59:54+0200,adf59793-da45-49b4-9a92-f95cd560cccb,2026-07-05T14:45:00Z,2026-07-05T16:45:00+0200,43027.70146,MW,DE,DE_LU,actual_load,Actual Load,2026-07-26T13:03:42Z
2026-07-26T12:59:54Z,2026-07-26T14:59:54+0200,adf59793-da45-49b4-9a92-f95cd560cccb,2026-07-05T15:00:00Z,2026-07-05T17:00:00+0200,44191.02512,MW,DE,DE_LU,actual_load,Actual Load,2026-07-26T13:03:42Z
2026-07-26T12:59:54Z,2026-07-26T14:59:54+0200,adf59793-da45-49b4-9a92-f95cd560cccb,2026-07-05T15:15:00Z,2026-07-05T17:15:00+0200,44115.61107,MW,DE,DE_LU,actual_load,Actual Load,2026-07-26T13:03:42Z
2026-07-26T12:59:54Z,2026-07-26T14:59:54+0200,adf59793-da45-49b4-9a92-f95cd560cccb,2026-07-05T15:30:00Z,2026-07-05T17:30:00+0200,44375.25383,MW,DE,DE_LU,actual_load,Actual Load,2026-07-26T13:03:42Z
2026-07-26T12:59:54Z,2026-07-26T14:59:54+0200,adf59793-da45-49b4-9a92-f95cd560cccb,2026-07-05T15:45:00Z,2026-07-05T17:45:00+0200,44604.99261,MW,DE,DE_LU,actual_load,Actual Load,2026-07-26T13:03:42Z
2026-07-26T12:59:54Z,2026-07-26T14:59:54+0200,adf59793-da45-49b4-9a92-f95cd560cccb,2026-07-05T16:00:00Z,2026-07-05T18:00:00+0200,45229.19574,MW,DE,DE_LU,actual_load,Actual Load,2026-07-26T13:03:42Z
2026-07-26T12:59:54Z,2026-07-26T14:59:54+0200,adf59793-da45-49b4-9a92-f95cd560cccb,2026-07-05T16:15:00Z,2026-07-05T18:15:00+0200,45013.19124,MW,DE,DE_LU,actual_load,Actual Load,2026-07-26T13:03:42Z
2026-07-26T12:59:54Z,2026-07-26T14:59:54+0200,adf59793-da45-49b4-9a92-f95cd560cccb,2026-07-05T16:30:00Z,2026-07-05T18:30:00+0200,45846.98163,MW,DE,DE_LU,actual_load,Actual Load,2026-07-26T13:03:42Z
2026-07-26T12:59:54Z,2026-07-26T14:59:54+0200,adf59793-da45-49b4-9a92-f95cd560cccb,2026-07-05T16:45:00Z,2026-07-05T18:45:00+0200,46012.74111,MW,DE,DE_LU,actual_load,Actual Load,2026-07-26T13:03:42Z
2026-07-26T12:59:54Z,2026-07-26T14:59:54+0200,adf59793-da45-49b4-9a92-f95cd560cccb,2026-07-05T17:00:00Z,2026-07-05T19:00:00+0200,46723.41665,MW,DE,DE_LU,actual_load,Actual Load,2026-07-26T13:03:42Z
2026-07-26T12:59:54Z,2026-07-26T14:59:54+0200,adf59793-da45-49b4-9a92-f95cd560cccb,2026-07-05T17:15:00Z,2026-07-05T19:15:00+0200,46576.91934,MW,DE,DE_LU,actual_load,Actual Load,2026-07-26T13:03:42Z
2026-07-26T12:59:54Z,2026-07-26T14:59:54+0200,adf59793-da45-49b4-9a92-f95cd560cccb,2026-07-05T17:30:00Z,2026-07-05T19:30:00+0200,46338.71787,MW,DE,DE_LU,actual_load,Actual Load,2026-07-26T13:03:42Z
2026-07-26T12:59:54Z,2026-07-26T14:59:54+0200,adf59793-da45-49b4-9a92-f95cd560cccb,2026-07-05T17:45:00Z,2026-07-05T19:45:00+0200,46307.78832,MW,DE,DE_LU,actual_load,Actual Load,2026-07-26T13:03:42Z
2026-07-26T12:59:54Z,2026-07-26T14:59:54+0200,adf59793-da45-49b4-9a92-f95cd560cccb,2026-07-05T18:00:00Z,2026-07-05T20:00:00+0200,46575.83885,MW,DE,DE_LU,actual_load,Actual Load,2026-07-26T13:03:42Z
2026-07-26T12:59:54Z,2026-07-26T14:59:54+0200,adf59793-da45-49b4-9a92-f95cd560cccb,2026-07-05T18:15:00Z,2026-07-05T20:15:00+0200,46434.67556,MW,DE,DE_LU,actual_load,Actual Load,2026-07-26T13:03:42Z
2026-07-26T12:59:54Z,2026-07-26T14:59:54+0200,adf59793-da45-49b4-9a92-f95cd560cccb,2026-07-05T18:30:00Z,2026-07-05T20:30:00+0200,45879.80675,MW,DE,DE_LU,actual_load,Actual Load,2026-07-26T13:03:42Z
2026-07-26T12:59:54Z,2026-07-26T14:59:54+0200,adf59793-da45-49b4-9a92-f95cd560cccb,2026-07-05T18:45:00Z,2026-07-05T20:45:00+0200,44973.41451,MW,DE,DE_LU,actual_load,Actual Load,2026-07-26T13:03:42Z
2026-07-26T12:59:54Z,2026-07-26T14:59:54+0200,adf59793-da45-49b4-9a92-f95cd560cccb,2026-07-05T19:00:00Z,2026-07-05T21:00:00+0200,44941.2425,MW,DE,DE_LU,actual_load,Actual Load,2026-07-26T13:03:42Z
2026-07-26T12:59:54Z,2026-07-26T14:59:54+0200,adf59793-da45-49b4-9a92-f95cd560cccb,2026-07-05T19:15:00Z,2026-07-05T21:15:00+0200,45099.90681,MW,DE,DE_LU,actual_load,Actual Load,2026-07-26T13:03:42Z
2026-07-26T12:59:54Z,2026-07-26T14:59:54+0200,adf59793-da45-49b4-9a92-f95cd560cccb,2026-07-05T19:30:00Z,2026-07-05T21:30:00+0200,45810.88313,MW,DE,DE_LU,actual_load,Actual Load,2026-07-26T13:03:42Z
2026-07-26T12:59:54Z,2026-07-26T14:59:54+0200,adf59793-da45-49b4-9a92-f95cd560cccb,2026-07-05T19:45:00Z,2026-07-05T21:45:00+0200,46385.73527,MW,DE,DE_LU,actual_load,Actual Load,2026-07-26T13:03:42Z
2026-07-26T12:59:54Z,2026-07-26T14:59:54+0200,adf59793-da45-49b4-9a92-f95cd560cccb,2026-07-05T20:00:00Z,2026-07-05T22:00:00+0200,46895.28074,MW,DE,DE_LU,actual_load,Actual Load,2026-07-26T13:03:42Z
2026-07-26T12:59:54Z,2026-07-26T14:59:54+0200,adf59793-da45-49b4-9a92-f95cd560cccb,2026-07-05T20:15:00Z,2026-07-05T22:15:00+0200,46923.25836,MW,DE,DE_LU,actual_load,Actual Load,2026-07-26T13:03:42Z
2026-07-26T12:59:54Z,2026-07-26T14:59:54+0200,adf59793-da45-49b4-9a92-f95cd560cccb,2026-07-05T20:30:00Z,2026-07-05T22:30:00+0200,46609.28773,MW,DE,DE_LU,actual_load,Actual Load,2026-07-26T13:03:42Z
2026-07-26T12:59:54Z,2026-07-26T14:59:54+0200,adf59793-da45-49b4-9a92-f95cd560cccb,2026-07-05T20:45:00Z,2026-07-05T22:45:00+0200,46020.07061,MW,DE,DE_LU,actual_load,Actual Load,2026-07-26T13:03:42Z
2026-07-26T12:59:54Z,2026-07-26T14:59:54+0200,adf59793-da45-49b4-9a92-f95cd560cccb,2026-07-05T21:00:00Z,2026-07-05T23:00:00+0200,45226.84861,MW,DE,DE_LU,actual_load,Actual Load,2026-07-26T13:03:42Z
2026-07-26T12:59:54Z,2026-07-26T14:59:54+0200,adf59793-da45-49b4-9a92-f95cd560cccb,2026-07-05T21:15:00Z,2026-07-05T23:15:00+0200,45121.89064,MW,DE,DE_LU,actual_load,Actual Load,2026-07-26T13:03:42Z
2026-07-26T12:59:54Z,2026-07-26T14:59:54+0200,adf59793-da45-49b4-9a92-f95cd560cccb,2026-07-05T21:30:00Z,2026-07-05T23:30:00+0200,44623.28249,MW,DE,DE_LU,actual_load,Actual Load,2026-07-26T13:03:42Z
2026-07-26T12:59:54Z,2026-07-26T14:59:54+0200,adf59793-da45-49b4-9a92-f95cd560cccb,2026-07-05T21:45:00Z,2026-07-05T23:45:00+0200,44084.61477,MW,DE,DE_LU,actual_load,Actual Load,2026-07-26T13:03:42Z
2026-07-26T12:59:54Z,2026-07-26T14:59:54+0200,adf59793-da45-49b4-9a92-f95cd560cccb,2026-07-05T22:00:00Z,2026-07-06T00:00:00+0200,43412.36,MW,DE,DE_LU,actual_load,Actual Load,2026-07-26T13:03:42Z
2026-07-26T12:59:54Z,2026-07-26T14:59:54+0200,adf59793-da45-49b4-9a92-f95cd560cccb,2026-07-05T22:15:00Z,2026-07-06T00:15:00+0200,43791.87893,MW,DE,DE_LU,actual_load,Actual Load,2026-07-26T13:03:42Z
2026-07-26T12:59:54Z,2026-07-26T14:59:54+0200,adf59793-da45-49b4-9a92-f95cd560cccb,2026-07-05T22:30:00Z,2026-07-06T00:30:00+0200,43396.72091,MW,DE,DE_LU,actual_load,Actual Load,2026-07-26T13:03:42Z
2026-07-26T12:59:54Z,2026-07-26T14:59:54+0200,adf59793-da45-49b4-9a92-f95cd560cccb,2026-07-05T22:45:00Z,2026-07-06T00:45:00+0200,43216.00958,MW,DE,DE_LU,actual_load,Actual Load,2026-07-26T13:03:42Z
2026-07-26T12:59:54Z,2026-07-26T14:59:54+0200,adf59793-da45-49b4-9a92-f95cd560cccb,2026-07-05T23:00:00Z,2026-07-06T01:00:00+0200,42614.27398,MW,DE,DE_LU,actual_load,Actual Load,2026-07-26T13:03:42Z
2026-07-26T12:59:54Z,2026-07-26T14:59:54+0200,adf59793-da45-49b4-9a92-f95cd560cccb,2026-07-05T23:15:00Z,2026-07-06T01:15:00+0200,42284.83954,MW,DE,DE_LU,actual_load,Actual Load,2026-07-26T13:03:42Z
2026-07-26T12:59:54Z,2026-07-26T14:59:54+0200,adf59793-da45-49b4-9a92-f95cd560cccb,2026-07-05T23:30:00Z,2026-07-06T01:30:00+0200,42113.72866,MW,DE,DE_LU,actual_load,Actual Load,2026-07-26T13:03:42Z
2026-07-26T12:59:54Z,2026-07-26T14:59:54+0200,adf59793-da45-49b4-9a92-f95cd560cccb,2026-07-05T23:45:00Z,2026-07-06T01:45:00+0200,42084.85564,MW,DE,DE_LU,actual_load,Actual Load,2026-07-26T13:03:42Z
2026-07-26T12:59:54Z,2026-07-26T14:59:54+0200,adf59793-da45-49b4-9a92-f95cd560cccb,2026-07-06T00:00:00Z,2026-07-06T02:00:00+0200,41653.31604,MW,DE,DE_LU,actual_load,Actual Load,2026-07-26T13:03:42Z
2026-07-26T12:59:54Z,2026-07-26T14:59:54+0200,adf59793-da45-49b4-9a92-f95cd560cccb,2026-07-06T00:15:00Z,2026-07-06T02:15:00+0200,41590.35348,MW,DE,DE_LU,actual_load,Actual Load,2026-07-26T13:03:42Z
2026-07-26T12:59:54Z,2026-07-26T14:59:54+0200,adf59793-da45-49b4-9a92-f95cd560cccb,2026-07-06T00:30:00Z,2026-07-06T02:30:00+0200,41675.19609,MW,DE,DE_LU,actual_load,Actual Load,2026-07-26T13:03:42Z
2026-07-26T12:59:54Z,2026-07-26T14:59:54+0200,adf59793-da45-49b4-9a92-f95cd560cccb,2026-07-06T00:45:00Z,2026-07-06T02:45:00+0200,41155.8954,MW,DE,DE_LU,actual_load,Actual Load,2026-07-26T13:03:42Z
2026-07-26T12:59:54Z,2026-07-26T14:59:54+0200,adf59793-da45-49b4-9a92-f95cd560cccb,2026-07-06T01:00:00Z,2026-07-06T03:00:00+0200,40523.2161,MW,DE,DE_LU,actual_load,Actual Load,2026-07-26T13:03:42Z
2026-07-26T12:59:54Z,2026-07-26T14:59:54+0200,adf59793-da45-49b4-9a92-f95cd560cccb,2026-07-06T01:15:00Z,2026-07-06T03:15:00+0200,41059.42791,MW,DE,DE_LU,actual_load,Actual Load,2026-07-26T13:03:42Z
2026-07-26T12:59:54Z,2026-07-26T14:59:54+0200,adf59793-da45-49b4-9a92-f95cd560cccb,2026-07-06T01:30:00Z,2026-07-06T03:30:00+0200,41076.248,MW,DE,DE_LU,actual_load,Actual Load,2026-07-26T13:03:42Z
2026-07-26T12:59:54Z,2026-07-26T14:59:54+0200,adf59793-da45-49b4-9a92-f95cd560cccb,2026-07-06T01:45:00Z,2026-07-06T03:45:00+0200,41537.42879,MW,DE,DE_LU,actual_load,Actual Load,2026-07-26T13:03:42Z
2026-07-26T12:59:54Z,2026-07-26T14:59:54+0200,adf59793-da45-49b4-9a92-f95cd560cccb,2026-07-06T02:00:00Z,2026-07-06T04:00:00+0200,42300.90828,MW,DE,DE_LU,actual_load,Actual Load,2026-07-26T13:03:42Z
2026-07-26T12:59:54Z,2026-07-26T14:59:54+0200,adf59793-da45-49b4-9a92-f95cd560cccb,2026-07-06T02:15:00Z,2026-07-06T04:15:00+0200,42757.53167,MW,DE,DE_LU,actual_load,Actual Load,2026-07-26T13:03:42Z
2026-07-26T12:59:54Z,2026-07-26T14:59:54+0200,adf59793-da45-49b4-9a92-f95cd560cccb,2026-07-06T02:30:00Z,2026-07-06T04:30:00+0200,43229.73171,MW,DE,DE_LU,actual_load,Actual Load,2026-07-26T13:03:42Z
2026-07-26T12:59:54Z,2026-07-26T14:59:54+0200,adf59793-da45-49b4-9a92-f95cd560cccb,2026-07-06T02:45:00Z,2026-07-06T04:45:00+0200,43643.29514,MW,DE,DE_LU,actual_load,Actual Load,2026-07-26T13:03:42Z
2026-07-26T12:59:54Z,2026-07-26T14:59:54+0200,adf59793-da45-49b4-9a92-f95cd560cccb,2026-07-06T03:00:00Z,2026-07-06T05:00:00+0200,44670.50171,MW,DE,DE_LU,actual_load,Actual Load,2026-07-26T13:03:42Z
2026-07-26T12:59:54Z,2026-07-26T14:59:54+0200,adf59793-da45-49b4-9a92-f95cd560cccb,2026-07-06T03:15:00Z,2026-07-06T05:15:00+0200,45430.20117,MW,DE,DE_LU,actual_load,Actual Load,2026-07-26T13:03:42Z
2026-07-26T12:59:54Z,2026-07-26T14:59:54+0200,adf59793-da45-49b4-9a92-f95cd560cccb,2026-07-06T03:30:00Z,2026-07-06T05:30:00+0200,46231.53803,MW,DE,DE_LU,actual_load,Actual Load,2026-07-26T13:03:42Z
2026-07-26T12:59:54Z,2026-07-26T14:59:54+0200,adf59793-da45-49b4-9a92-f95cd560cccb,2026-07-06T03:45:00Z,2026-07-06T05:45:00+0200,47875.97425,MW,DE,DE_LU,actual_load,Actual Load,2026-07-26T13:03:42Z
2026-07-26T12:59:54Z,2026-07-26T14:59:54+0200,adf59793-da45-49b4-9a92-f95cd560cccb,2026-07-06T04:00:00Z,2026-07-06T06:00:00+0200,50401.95089,MW,DE,DE_LU,actual_load,Actual Load,2026-07-26T13:03:42Z
2026-07-26T12:59:54Z,2026-07-26T14:59:54+0200,adf59793-da45-49b4-9a92-f95cd560cccb,2026-07-06T04:15:00Z,2026-07-06T06:15:00+0200,51857.90623,MW,DE,DE_LU,actual_load,Actual Load,2026-07-26T13:03:42Z
2026-07-26T12:59:54Z,2026-07-26T14:59:54+0200,adf59793-da45-49b4-9a92-f95cd560cccb,2026-07-06T04:30:00Z,2026-07-06T06:30:00+0200,53205.45922,MW,DE,DE_LU,actual_load,Actual Load,2026-07-26T13:03:42Z
2026-07-26T12:59:54Z,2026-07-26T14:59:54+0200,adf59793-da45-49b4-9a92-f95cd560cccb,2026-07-06T04:45:00Z,2026-07-06T06:45:00+0200,54372.51867,MW,DE,DE_LU,actual_load,Actual Load,2026-07-26T13:03:42Z
2026-07-26T12:59:54Z,2026-07-26T14:59:54+0200,adf59793-da45-49b4-9a92-f95cd560cccb,2026-07-06T05:00:00Z,2026-07-06T07:00:00+0200,55133.32636,MW,DE,DE_LU,actual_load,Actual Load,2026-07-26T13:03:42Z
2026-07-26T12:59:54Z,2026-07-26T14:59:54+0200,adf59793-da45-49b4-9a92-f95cd560cccb,2026-07-06T05:15:00Z,2026-07-06T07:15:00+0200,56810.89429,MW,DE,DE_LU,actual_load,Actual Load,2026-07-26T13:03:42Z
2026-07-26T12:59:54Z,2026-07-26T14:59:54+0200,adf59793-da45-49b4-9a92-f95cd560cccb,2026-07-06T05:30:00Z,2026-07-06T07:30:00+0200,57491.66366,MW,DE,DE_LU,actual_load,Actual Load,2026-07-26T13:03:42Z
2026-07-26T12:59:54Z,2026-07-26T14:59:54+0200,adf59793-da45-49b4-9a92-f95cd560cccb,2026-07-06T05:45:00Z,2026-07-06T07:45:00+0200,58289.47127,MW,DE,DE_LU,actual_load,Actual Load,2026-07-26T13:03:42Z
2026-07-26T12:59:54Z,2026-07-26T14:59:54+0200,adf59793-da45-49b4-9a92-f95cd560cccb,2026-07-06T06:00:00Z,2026-07-06T08:00:00+0200,58009.64723,MW,DE,DE_LU,actual_load,Actual Load,2026-07-26T13:03:42Z
2026-07-26T12:59:54Z,2026-07-26T14:59:54+0200,adf59793-da45-49b4-9a92-f95cd560cccb,2026-07-06T06:15:00Z,2026-07-06T08:15:00+0200,59301.67038,MW,DE,DE_LU,actual_load,Actual Load,2026-07-26T13:03:42Z
2026-07-26T12:59:54Z,2026-07-26T14:59:54+0200,adf59793-da45-49b4-9a92-f95cd560cccb,2026-07-06T06:30:00Z,2026-07-06T08:30:00+0200,59823.73804,MW,DE,DE_LU,actual_load,Actual Load,2026-07-26T13:03:42Z
2026-07-26T12:59:54Z,2026-07-26T14:59:54+0200,adf59793-da45-49b4-9a92-f95cd560cccb,2026-07-06T06:45:00Z,2026-07-06T08:45:00+0200,60666.63459,MW,DE,DE_LU,actual_load,Actual Load,2026-07-26T13:03:42Z
2026-07-26T12:59:54Z,2026-07-26T14:59:54+0200,adf59793-da45-49b4-9a92-f95cd560cccb,2026-07-06T07:00:00Z,2026-07-06T09:00:00+0200,61336.68028,MW,DE,DE_LU,actual_load,Actual Load,2026-07-26T13:03:42Z
2026-07-26T12:59:54Z,2026-07-26T14:59:54+0200,adf59793-da45-49b4-9a92-f95cd560cccb,2026-07-06T07:15:00Z,2026-07-06T09:15:00+0200,62086.92633,MW,DE,DE_LU,actual_load,Actual Load,2026-07-26T13:03:42Z
2026-07-26T12:59:54Z,2026-07-26T14:59:54+0200,adf59793-da45-49b4-9a92-f95cd560cccb,2026-07-06T07:30:00Z,2026-07-06T09:30:00+0200,62137.34982,MW,DE,DE_LU,actual_load,Actual Load,2026-07-26T13:03:42Z
2026-07-26T12:59:54Z,2026-07-26T14:59:54+0200,adf59793-da45-49b4-9a92-f95cd560cccb,2026-07-06T07:45:00Z,2026-07-06T09:45:00+0200,62205.08688,MW,DE,DE_LU,actual_load,Actual Load,2026-07-26T13:03:42Z
2026-07-26T12:59:54Z,2026-07-26T14:59:54+0200,adf59793-da45-49b4-9a92-f95cd560cccb,2026-07-06T08:00:00Z,2026-07-06T10:00:00+0200,62154.65572,MW,DE,DE_LU,actual_load,Actual Load,2026-07-26T13:03:42Z
2026-07-26T12:59:54Z,2026-07-26T14:59:54+0200,adf59793-da45-49b4-9a92-f95cd560cccb,2026-07-06T08:15:00Z,2026-07-06T10:15:00+0200,62287.89341,MW,DE,DE_LU,actual_load,Actual Load,2026-07-26T13:03:42Z
2026-07-26T12:59:54Z,2026-07-26T14:59:54+0200,adf59793-da45-49b4-9a92-f95cd560cccb,2026-07-06T08:30:00Z,2026-07-06T10:30:00+0200,62731.84741,MW,DE,DE_LU,actual_load,Actual Load,2026-07-26T13:03:42Z
2026-07-26T12:59:54Z,2026-07-26T14:59:54+0200,adf59793-da45-49b4-9a92-f95cd560cccb,2026-07-06T08:45:00Z,2026-07-06T10:45:00+0200,62197.50634,MW,DE,DE_LU,actual_load,Actual Load,2026-07-26T13:03:42Z
2026-07-26T12:59:54Z,2026-07-26T14:59:54+0200,adf59793-da45-49b4-9a92-f95cd560cccb,2026-07-06T09:00:00Z,2026-07-06T11:00:00+0200,62353.19447,MW,DE,DE_LU,actual_load,Actual Load,2026-07-26T13:03:42Z
2026-07-26T12:59:54Z,2026-07-26T14:59:54+0200,adf59793-da45-49b4-9a92-f95cd560cccb,2026-07-06T09:15:00Z,2026-07-06T11:15:00+0200,62139.64651,MW,DE,DE_LU,actual_load,Actual Load,2026-07-26T13:03:42Z
2026-07-26T12:59:54Z,2026-07-26T14:59:54+0200,adf59793-da45-49b4-9a92-f95cd560cccb,2026-07-06T09:30:00Z,2026-07-06T11:30:00+0200,62106.65854,MW,DE,DE_LU,actual_load,Actual Load,2026-07-26T13:03:42Z
2026-07-26T12:59:54Z,2026-07-26T14:59:54+0200,adf59793-da45-49b4-9a92-f95cd560cccb,2026-07-06T09:45:00Z,2026-07-06T11:45:00+0200,61708.77827,MW,DE,DE_LU,actual_load,Actual Load,2026-07-26T13:03:42Z
2026-07-26T12:59:54Z,2026-07-26T14:59:54+0200,adf59793-da45-49b4-9a92-f95cd560cccb,2026-07-06T10:00:00Z,2026-07-06T12:00:00+0200,60113.68884,MW,DE,DE_LU,actual_load,Actual Load,2026-07-26T13:03:42Z
2026-07-26T12:59:54Z,2026-07-26T14:59:54+0200,adf59793-da45-49b4-9a92-f95cd560cccb,2026-07-06T10:15:00Z,2026-07-06T12:15:00+0200,59998.83026,MW,DE,DE_LU,actual_load,Actual Load,2026-07-26T13:03:42Z
2026-07-26T12:59:54Z,2026-07-26T14:59:54+0200,adf59793-da45-49b4-9a92-f95cd560cccb,2026-07-06T10:30:00Z,2026-07-06T12:30:00+0200,60437.03904,MW,DE,DE_LU,actual_load,Actual Load,2026-07-26T13:03:42Z
2026-07-26T12:59:54Z,2026-07-26T14:59:54+0200,adf59793-da45-49b4-9a92-f95cd560cccb,2026-07-06T10:45:00Z,2026-07-06T12:45:00+0200,60468.48779,MW,DE,DE_LU,actual_load,Actual Load,2026-07-26T13:03:42Z
2026-07-26T12:59:54Z,2026-07-26T14:59:54+0200,adf59793-da45-49b4-9a92-f95cd560cccb,2026-07-06T11:00:00Z,2026-07-06T13:00:00+0200,60203.90779,MW,DE,DE_LU,actual_load,Actual Load,2026-07-26T13:03:42Z
2026-07-26T12:59:54Z,2026-07-26T14:59:54+0200,adf59793-da45-49b4-9a92-f95cd560cccb,2026-07-06T11:15:00Z,2026-07-06T13:15:00+0200,59739.26837,MW,DE,DE_LU,actual_load,Actual Load,2026-07-26T13:03:42Z
2026-07-26T12:59:54Z,2026-07-26T14:59:54+0200,adf59793-da45-49b4-9a92-f95cd560cccb,2026-07-06T11:30:00Z,2026-07-06T13:30:00+0200,59684.37515,MW,DE,DE_LU,actual_load,Actual Load,2026-07-26T13:03:42Z
2026-07-26T12:59:54Z,2026-07-26T14:59:54+0200,adf59793-da45-49b4-9a92-f95cd560cccb,2026-07-06T11:45:00Z,2026-07-06T13:45:00+0200,59915.4024,MW,DE,DE_LU,actual_load,Actual Load,2026-07-26T13:03:42Z
2026-07-26T12:59:54Z,2026-07-26T14:59:54+0200,adf59793-da45-49b4-9a92-f95cd560cccb,2026-07-06T12:00:00Z,2026-07-06T14:00:00+0200,58986.14606,MW,DE,DE_LU,actual_load,Actual Load,2026-07-26T13:03:42Z
2026-07-26T12:59:54Z,2026-07-26T14:59:54+0200,adf59793-da45-49b4-9a92-f95cd560cccb,2026-07-06T12:15:00Z,2026-07-06T14:15:00+0200,59213.37731,MW,DE,DE_LU,actual_load,Actual Load,2026-07-26T13:03:42Z
2026-07-26T12:59:54Z,2026-07-26T14:59:54+0200,adf59793-da45-49b4-9a92-f95cd560cccb,2026-07-06T12:30:00Z,2026-07-06T14:30:00+0200,58779.4367,MW,DE,DE_LU,actual_load,Actual Load,2026-07-26T13:03:42Z
2026-07-26T12:59:54Z,2026-07-26T14:59:54+0200,adf59793-da45-49b4-9a92-f95cd560cccb,2026-07-06T12:45:00Z,2026-07-06T14:45:00+0200,58408.95258,MW,DE,DE_LU,actual_load,Actual Load,2026-07-26T13:03:42Z
2026-07-26T12:59:54Z,2026-07-26T14:59:54+0200,adf59793-da45-49b4-9a92-f95cd560cccb,2026-07-06T13:00:00Z,2026-07-06T15:00:00+0200,58186.87685,MW,DE,DE_LU,actual_load,Actual Load,2026-07-26T13:03:42Z
2026-07-26T12:59:54Z,2026-07-26T14:59:54+0200,adf59793-da45-49b4-9a92-f95cd560cccb,2026-07-06T13:15:00Z,2026-07-06T15:15:00+0200,58504.32395,MW,DE,DE_LU,actual_load,Actual Load,2026-07-26T13:03:42Z
2026-07-26T12:59:54Z,2026-07-26T14:59:54+0200,adf59793-da45-49b4-9a92-f95cd560cccb,2026-07-06T13:30:00Z,2026-07-06T15:30:00+0200,58510.19257,MW,DE,DE_LU,actual_load,Actual Load,2026-07-26T13:03:42Z
2026-07-26T12:59:54Z,2026-07-26T14:59:54+0200,adf59793-da45-49b4-9a92-f95cd560cccb,2026-07-06T13:45:00Z,2026-07-06T15:45:00+0200,58416.56992,MW,DE,DE_LU,actual_load,Actual Load,2026-07-26T13:03:42Z
2026-07-26T12:59:54Z,2026-07-26T14:59:54+0200,adf59793-da45-49b4-9a92-f95cd560cccb,2026-07-06T14:00:00Z,2026-07-06T16:00:00+0200,58954.56535,MW,DE,DE_LU,actual_load,Actual Load,2026-07-26T13:03:42Z
2026-07-26T12:59:54Z,2026-07-26T14:59:54+0200,adf59793-da45-49b4-9a92-f95cd560cccb,2026-07-06T14:15:00Z,2026-07-06T16:15:00+0200,58822.4544,MW,DE,DE_LU,actual_load,Actual Load,2026-07-26T13:03:42Z
2026-07-26T12:59:54Z,2026-07-26T14:59:54+0200,adf59793-da45-49b4-9a92-f95cd560cccb,2026-07-06T14:30:00Z,2026-07-06T16:30:00+0200,58524.77183,MW,DE,DE_LU,actual_load,Actual Load,2026-07-26T13:03:42Z
2026-07-26T12:59:54Z,2026-07-26T14:59:54+0200,adf59793-da45-49b4-9a92-f95cd560cccb,2026-07-06T14:45:00Z,2026-07-06T16:45:00+0200,58143.49117,MW,DE,DE_LU,actual_load,Actual Load,2026-07-26T13:03:42Z
2026-07-26T12:59:54Z,2026-07-26T14:59:54+0200,adf59793-da45-49b4-9a92-f95cd560cccb,2026-07-06T15:00:00Z,2026-07-06T17:00:00+0200,57436.6875,MW,DE,DE_LU,actual_load,Actual Load,2026-07-26T13:03:42Z
2026-07-26T12:59:54Z,2026-07-26T14:59:54+0200,adf59793-da45-49b4-9a92-f95cd560cccb,2026-07-06T15:15:00Z,2026-07-06T17:15:00+0200,57303.87946,MW,DE,DE_LU,actual_load,Actual Load,2026-07-26T13:03:42Z
2026-07-26T12:59:54Z,2026-07-26T14:59:54+0200,adf59793-da45-49b4-9a92-f95cd560cccb,2026-07-06T15:30:00Z,2026-07-06T17:30:00+0200,57991.89002,MW,DE,DE_LU,actual_load,Actual Load,2026-07-26T13:03:42Z
2026-07-26T12:59:54Z,2026-07-26T14:59:54+0200,adf59793-da45-49b4-9a92-f95cd560cccb,2026-07-06T15:45:00Z,2026-07-06T17:45:00+0200,57628.36369,MW,DE,DE_LU,actual_load,Actual Load,2026-07-26T13:03:42Z
2026-07-26T12:59:54Z,2026-07-26T14:59:54+0200,adf59793-da45-49b4-9a92-f95cd560cccb,2026-07-06T16:00:00Z,2026-07-06T18:00:00+0200,58363.588,MW,DE,DE_LU,actual_load,Actual Load,2026-07-26T13:03:42Z
2026-07-26T12:59:54Z,2026-07-26T14:59:54+0200,adf59793-da45-49b4-9a92-f95cd560cccb,2026-07-06T16:15:00Z,2026-07-06T18:15:00+0200,58441.94768,MW,DE,DE_LU,actual_load,Actual Load,2026-07-26T13:03:42Z
2026-07-26T12:59:54Z,2026-07-26T14:59:54+0200,adf59793-da45-49b4-9a92-f95cd560cccb,2026-07-06T16:30:00Z,2026-07-06T18:30:00+0200,58579.8806,MW,DE,DE_LU,actual_load,Actual Load,2026-07-26T13:03:42Z
2026-07-26T12:59:54Z,2026-07-26T14:59:54+0200,adf59793-da45-49b4-9a92-f95cd560cccb,2026-07-06T16:45:00Z,2026-07-06T18:45:00+0200,58475.23085,MW,DE,DE_LU,actual_load,Actual Load,2026-07-26T13:03:42Z
2026-07-26T12:59:54Z,2026-07-26T14:59:54+0200,adf59793-da45-49b4-9a92-f95cd560cccb,2026-07-06T17:00:00Z,2026-07-06T19:00:00+0200,59026.60433,MW,DE,DE_LU,actual_load,Actual Load,2026-07-26T13:03:42Z
2026-07-26T12:59:54Z,2026-07-26T14:59:54+0200,adf59793-da45-49b4-9a92-f95cd560cccb,2026-07-06T17:15:00Z,2026-07-06T19:15:00+0200,58406.27531,MW,DE,DE_LU,actual_load,Actual Load,2026-07-26T13:03:42Z
2026-07-26T12:59:54Z,2026-07-26T14:59:54+0200,adf59793-da45-49b4-9a92-f95cd560cccb,2026-07-06T17:30:00Z,2026-07-06T19:30:00+0200,58538.01179,MW,DE,DE_LU,actual_load,Actual Load,2026-07-26T13:03:42Z
2026-07-26T12:59:54Z,2026-07-26T14:59:54+0200,adf59793-da45-49b4-9a92-f95cd560cccb,2026-07-06T17:45:00Z,2026-07-06T19:45:00+0200,58183.78281,MW,DE,DE_LU,actual_load,Actual Load,2026-07-26T13:03:42Z
2026-07-26T12:59:54Z,2026-07-26T14:59:54+0200,adf59793-da45-49b4-9a92-f95cd560cccb,2026-07-06T18:00:00Z,2026-07-06T20:00:00+0200,57762.91118,MW,DE,DE_LU,actual_load,Actual Load,2026-07-26T13:03:42Z
2026-07-26T12:59:54Z,2026-07-26T14:59:54+0200,adf59793-da45-49b4-9a92-f95cd560cccb,2026-07-06T18:15:00Z,2026-07-06T20:15:00+0200,57145.33616,MW,DE,DE_LU,actual_load,Actual Load,2026-07-26T13:03:42Z
2026-07-26T12:59:54Z,2026-07-26T14:59:54+0200,adf59793-da45-49b4-9a92-f95cd560cccb,2026-07-06T18:30:00Z,2026-07-06T20:30:00+0200,56778.14529,MW,DE,DE_LU,actual_load,Actual Load,2026-07-26T13:03:42Z
2026-07-26T12:59:54Z,2026-07-26T14:59:54+0200,adf59793-da45-49b4-9a92-f95cd560cccb,2026-07-06T18:45:00Z,2026-07-06T20:45:00+0200,55579.38899,MW,DE,DE_LU,actual_load,Actual Load,2026-07-26T13:03:42Z
2026-07-26T12:59:54Z,2026-07-26T14:59:54+0200,adf59793-da45-49b4-9a92-f95cd560cccb,2026-07-06T19:00:00Z,2026-07-06T21:00:00+0200,54230.55205,MW,DE,DE_LU,actual_load,Actual Load,2026-07-26T13:03:42Z
2026-07-26T12:59:54Z,2026-07-26T14:59:54+0200,adf59793-da45-49b4-9a92-f95cd560cccb,2026-07-06T19:15:00Z,2026-07-06T21:15:00+0200,53222.13006,MW,DE,DE_LU,actual_load,Actual Load,2026-07-26T13:03:42Z
2026-07-26T12:59:54Z,2026-07-26T14:59:54+0200,adf59793-da45-49b4-9a92-f95cd560cccb,2026-07-06T19:30:00Z,2026-07-06T21:30:00+0200,53211.64444,MW,DE,DE_LU,actual_load,Actual Load,2026-07-26T13:03:42Z
2026-07-26T12:59:54Z,2026-07-26T14:59:54+0200,adf59793-da45-49b4-9a92-f95cd560cccb,2026-07-06T19:45:00Z,2026-07-06T21:45:00+0200,53121.8205,MW,DE,DE_LU,actual_load,Actual Load,2026-07-26T13:03:42Z
2026-07-26T12:59:54Z,2026-07-26T14:59:54+0200,adf59793-da45-49b4-9a92-f95cd560cccb,2026-07-06T20:00:00Z,2026-07-06T22:00:00+0200,52446.50597,MW,DE,DE_LU,actual_load,Actual Load,2026-07-26T13:03:42Z
2026-07-26T12:59:54Z,2026-07-26T14:59:54+0200,adf59793-da45-49b4-9a92-f95cd560cccb,2026-07-06T20:15:00Z,2026-07-06T22:15:00+0200,51700.90592,MW,DE,DE_LU,actual_load,Actual Load,2026-07-26T13:03:42Z
2026-07-26T12:59:54Z,2026-07-26T14:59:54+0200,adf59793-da45-49b4-9a92-f95cd560cccb,2026-07-06T20:30:00Z,2026-07-06T22:30:00+0200,50898.91659,MW,DE,DE_LU,actual_load,Actual Load,2026-07-26T13:03:42Z
2026-07-26T12:59:54Z,2026-07-26T14:59:54+0200,adf59793-da45-49b4-9a92-f95cd560cccb,2026-07-06T20:45:00Z,2026-07-06T22:45:00+0200,50579.59311,MW,DE,DE_LU,actual_load,Actual Load,2026-07-26T13:03:42Z
2026-07-26T12:59:54Z,2026-07-26T14:59:54+0200,adf59793-da45-49b4-9a92-f95cd560cccb,2026-07-06T21:00:00Z,2026-07-06T23:00:00+0200,49016.68717,MW,DE,DE_LU,actual_load,Actual Load,2026-07-26T13:03:42Z
2026-07-26T12:59:54Z,2026-07-26T14:59:54+0200,adf59793-da45-49b4-9a92-f95cd560cccb,2026-07-06T21:15:00Z,2026-07-06T23:15:00+0200,47988.5256,MW,DE,DE_LU,actual_load,Actual Load,2026-07-26T13:03:42Z
2026-07-26T12:59:54Z,2026-07-26T14:59:54+0200,adf59793-da45-49b4-9a92-f95cd560cccb,2026-07-06T21:30:00Z,2026-07-06T23:30:00+0200,47091.39749,MW,DE,DE_LU,actual_load,Actual Load,2026-07-26T13:03:42Z
2026-07-26T12:59:54Z,2026-07-26T14:59:54+0200,adf59793-da45-49b4-9a92-f95cd560cccb,2026-07-06T21:45:00Z,2026-07-06T23:45:00+0200,46731.67845,MW,DE,DE_LU,actual_load,Actual Load,2026-07-26T13:03:42Z
2026-07-26T12:59:54Z,2026-07-26T14:59:54+0200,adf59793-da45-49b4-9a92-f95cd560cccb,2026-07-06T22:00:00Z,2026-07-07T00:00:00+0200,44569.2953,MW,DE,DE_LU,actual_load,Actual Load,2026-07-26T13:03:42Z
2026-07-26T12:59:54Z,2026-07-26T14:59:54+0200,adf59793-da45-49b4-9a92-f95cd560cccb,2026-07-06T22:15:00Z,2026-07-07T00:15:00+0200,44574.90882,MW,DE,DE_LU,actual_load,Actual Load,2026-07-26T13:03:42Z
2026-07-26T12:59:54Z,2026-07-26T14:59:54+0200,adf59793-da45-49b4-9a92-f95cd560cccb,2026-07-06T22:30:00Z,2026-07-07T00:30:00+0200,44618.0651,MW,DE,DE_LU,actual_load,Actual Load,2026-07-26T13:03:42Z
2026-07-26T12:59:54Z,2026-07-26T14:59:54+0200,adf59793-da45-49b4-9a92-f95cd560cccb,2026-07-06T22:45:00Z,2026-07-07T00:45:00+0200,44554.09944,MW,DE,DE_LU,actual_load,Actual Load,2026-07-26T13:03:42Z
2026-07-26T12:59:54Z,2026-07-26T14:59:54+0200,adf59793-da45-49b4-9a92-f95cd560cccb,2026-07-06T23:00:00Z,2026-07-07T01:00:00+0200,43866.07826,MW,DE,DE_LU,actual_load,Actual Load,2026-07-26T13:03:42Z
2026-07-26T12:59:54Z,2026-07-26T14:59:54+0200,adf59793-da45-49b4-9a92-f95cd560cccb,2026-07-06T23:15:00Z,2026-07-07T01:15:00+0200,43890.11464,MW,DE,DE_LU,actual_load,Actual Load,2026-07-26T13:03:42Z
2026-07-26T12:59:54Z,2026-07-26T14:59:54+0200,adf59793-da45-49b4-9a92-f95cd560cccb,2026-07-06T23:30:00Z,2026-07-07T01:30:00+0200,43670.8081,MW,DE,DE_LU,actual_load,Actual Load,2026-07-26T13:03:42Z
2026-07-26T12:59:54Z,2026-07-26T14:59:54+0200,adf59793-da45-49b4-9a92-f95cd560cccb,2026-07-06T23:45:00Z,2026-07-07T01:45:00+0200,43629.98786,MW,DE,DE_LU,actual_load,Actual Load,2026-07-26T13:03:42Z
2026-07-26T12:59:54Z,2026-07-26T14:59:54+0200,adf59793-da45-49b4-9a92-f95cd560cccb,2026-07-07T00:00:00Z,2026-07-07T02:00:00+0200,43055.66282,MW,DE,DE_LU,actual_load,Actual Load,2026-07-26T13:03:42Z
2026-07-26T12:59:54Z,2026-07-26T14:59:54+0200,adf59793-da45-49b4-9a92-f95cd560cccb,2026-07-07T00:15:00Z,2026-07-07T02:15:00+0200,42399.70965,MW,DE,DE_LU,actual_load,Actual Load,2026-07-26T13:03:42Z
2026-07-26T12:59:54Z,2026-07-26T14:59:54+0200,adf59793-da45-49b4-9a92-f95cd560cccb,2026-07-07T00:30:00Z,2026-07-07T02:30:00+0200,42489.08354,MW,DE,DE_LU,actual_load,Actual Load,2026-07-26T13:03:42Z
2026-07-26T12:59:54Z,2026-07-26T14:59:54+0200,adf59793-da45-49b4-9a92-f95cd560cccb,2026-07-07T00:45:00Z,2026-07-07T02:45:00+0200,42816.07643,MW,DE,DE_LU,actual_load,Actual Load,2026-07-26T13:03:42Z
2026-07-26T12:59:54Z,2026-07-26T14:59:54+0200,adf59793-da45-49b4-9a92-f95cd560cccb,2026-07-07T01:00:00Z,2026-07-07T03:00:00+0200,43298.12878,MW,DE,DE_LU,actual_load,Actual Load,2026-07-26T13:03:42Z
2026-07-26T12:59:54Z,2026-07-26T14:59:54+0200,adf59793-da45-49b4-9a92-f95cd560cccb,2026-07-07T01:15:00Z,2026-07-07T03:15:00+0200,43614.3186,MW,DE,DE_LU,actual_load,Actual Load,2026-07-26T13:03:42Z
2026-07-26T12:59:54Z,2026-07-26T14:59:54+0200,adf59793-da45-49b4-9a92-f95cd560cccb,2026-07-07T01:30:00Z,2026-07-07T03:30:00+0200,43408.84696,MW,DE,DE_LU,actual_load,Actual Load,2026-07-26T13:03:42Z
2026-07-26T12:59:54Z,2026-07-26T14:59:54+0200,adf59793-da45-49b4-9a92-f95cd560cccb,2026-07-07T01:45:00Z,2026-07-07T03:45:00+0200,43433.3478,MW,DE,DE_LU,actual_load,Actual Load,2026-07-26T13:03:42Z
2026-07-26T12:59:54Z,2026-07-26T14:59:54+0200,adf59793-da45-49b4-9a92-f95cd560cccb,2026-07-07T02:00:00Z,2026-07-07T04:00:00+0200,43282.45775,MW,DE,DE_LU,actual_load,Actual Load,2026-07-26T13:03:42Z
2026-07-26T12:59:54Z,2026-07-26T14:59:54+0200,adf59793-da45-49b4-9a92-f95cd560cccb,2026-07-07T02:15:00Z,2026-07-07T04:15:00+0200,43380.34707,MW,DE,DE_LU,actual_load,Actual Load,2026-07-26T13:03:42Z
2026-07-26T12:59:54Z,2026-07-26T14:59:54+0200,adf59793-da45-49b4-9a92-f95cd560cccb,2026-07-07T02:30:00Z,2026-07-07T04:30:00+0200,44150.13909,MW,DE,DE_LU,actual_load,Actual Load,2026-07-26T13:03:42Z
2026-07-26T12:59:54Z,2026-07-26T14:59:54+0200,adf59793-da45-49b4-9a92-f95cd560cccb,2026-07-07T02:45:00Z,2026-07-07T04:45:00+0200,44837.97929,MW,DE,DE_LU,actual_load,Actual Load,2026-07-26T13:03:42Z
2026-07-26T12:59:54Z,2026-07-26T14:59:54+0200,adf59793-da45-49b4-9a92-f95cd560cccb,2026-07-07T03:00:00Z,2026-07-07T05:00:00+0200,45325.32437,MW,DE,DE_LU,actual_load,Actual Load,2026-07-26T13:03:42Z
2026-07-26T12:59:54Z,2026-07-26T14:59:54+0200,adf59793-da45-49b4-9a92-f95cd560cccb,2026-07-07T03:15:00Z,2026-07-07T05:15:00+0200,45769.71373,MW,DE,DE_LU,actual_load,Actual Load,2026-07-26T13:03:42Z
2026-07-26T12:59:54Z,2026-07-26T14:59:54+0200,adf59793-da45-49b4-9a92-f95cd560cccb,2026-07-07T03:30:00Z,2026-07-07T05:30:00+0200,46441.02465,MW,DE,DE_LU,actual_load,Actual Load,2026-07-26T13:03:42Z
2026-07-26T12:59:54Z,2026-07-26T14:59:54+0200,adf59793-da45-49b4-9a92-f95cd560cccb,2026-07-07T03:45:00Z,2026-07-07T05:45:00+0200,47752.4748,MW,DE,DE_LU,actual_load,Actual Load,2026-07-26T13:03:42Z
2026-07-26T12:59:54Z,2026-07-26T14:59:54+0200,adf59793-da45-49b4-9a92-f95cd560cccb,2026-07-07T04:00:00Z,2026-07-07T06:00:00+0200,49497.18086,MW,DE,DE_LU,actual_load,Actual Load,2026-07-26T13:03:42Z
2026-07-26T12:59:54Z,2026-07-26T14:59:54+0200,adf59793-da45-49b4-9a92-f95cd560cccb,2026-07-07T04:15:00Z,2026-07-07T06:15:00+0200,51196.86022,MW,DE,DE_LU,actual_load,Actual Load,2026-07-26T13:03:42Z
2026-07-26T12:59:54Z,2026-07-26T14:59:54+0200,adf59793-da45-49b4-9a92-f95cd560cccb,2026-07-07T04:30:00Z,2026-07-07T06:30:00+0200,52232.76427,MW,DE,DE_LU,actual_load,Actual Load,2026-07-26T13:03:42Z
2026-07-26T12:59:54Z,2026-07-26T14:59:54+0200,adf59793-da45-49b4-9a92-f95cd560cccb,2026-07-07T04:45:00Z,2026-07-07T06:45:00+0200,52861.90339,MW,DE,DE_LU,actual_load,Actual Load,2026-07-26T13:03:42Z
2026-07-26T12:59:54Z,2026-07-26T14:59:54+0200,adf59793-da45-49b4-9a92-f95cd560cccb,2026-07-07T05:00:00Z,2026-07-07T07:00:00+0200,54374.63971,MW,DE,DE_LU,actual_load,Actual Load,2026-07-26T13:03:42Z
2026-07-26T12:59:54Z,2026-07-26T14:59:54+0200,adf59793-da45-49b4-9a92-f95cd560cccb,2026-07-07T05:15:00Z,2026-07-07T07:15:00+0200,55750.38721,MW,DE,DE_LU,actual_load,Actual Load,2026-07-26T13:03:42Z
2026-07-26T12:59:54Z,2026-07-26T14:59:54+0200,adf59793-da45-49b4-9a92-f95cd560cccb,2026-07-07T05:30:00Z,2026-07-07T07:30:00+0200,56507.28614,MW,DE,DE_LU,actual_load,Actual Load,2026-07-26T13:03:42Z
2026-07-26T12:59:54Z,2026-07-26T14:59:54+0200,adf59793-da45-49b4-9a92-f95cd560cccb,2026-07-07T05:45:00Z,2026-07-07T07:45:00+0200,57458.79764,MW,DE,DE_LU,actual_load,Actual Load,2026-07-26T13:03:42Z
2026-07-26T12:59:54Z,2026-07-26T14:59:54+0200,adf59793-da45-49b4-9a92-f95cd560cccb,2026-07-07T06:00:00Z,2026-07-07T08:00:00+0200,58299.89008,MW,DE,DE_LU,actual_load,Actual Load,2026-07-26T13:03:42Z
2026-07-26T12:59:54Z,2026-07-26T14:59:54+0200,adf59793-da45-49b4-9a92-f95cd560cccb,2026-07-07T06:15:00Z,2026-07-07T08:15:00+0200,59151.78569,MW,DE,DE_LU,actual_load,Actual Load,2026-07-26T13:03:42Z
2026-07-26T12:59:54Z,2026-07-26T14:59:54+0200,adf59793-da45-49b4-9a92-f95cd560cccb,2026-07-07T06:30:00Z,2026-07-07T08:30:00+0200,60101.92908,MW,DE,DE_LU,actual_load,Actual Load,2026-07-26T13:03:42Z
2026-07-26T12:59:54Z,2026-07-26T14:59:54+0200,adf59793-da45-49b4-9a92-f95cd560cccb,2026-07-07T06:45:00Z,2026-07-07T08:45:00+0200,60093.93905,MW,DE,DE_LU,actual_load,Actual Load,2026-07-26T13:03:42Z
2026-07-26T12:59:54Z,2026-07-26T14:59:54+0200,adf59793-da45-49b4-9a92-f95cd560cccb,2026-07-07T07:00:00Z,2026-07-07T09:00:00+0200,59997.00715,MW,DE,DE_LU,actual_load,Actual Load,2026-07-26T13:03:42Z
2026-07-26T12:59:54Z,2026-07-26T14:59:54+0200,adf59793-da45-49b4-9a92-f95cd560cccb,2026-07-07T07:15:00Z,2026-07-07T09:15:00+0200,60452.48852,MW,DE,DE_LU,actual_load,Actual Load,2026-07-26T13:03:42Z
2026-07-26T12:59:54Z,2026-07-26T14:59:54+0200,adf59793-da45-49b4-9a92-f95cd560cccb,2026-07-07T07:30:00Z,2026-07-07T09:30:00+0200,61184.30915,MW,DE,DE_LU,actual_load,Actual Load,2026-07-26T13:03:42Z
2026-07-26T12:59:54Z,2026-07-26T14:59:54+0200,adf59793-da45-49b4-9a92-f95cd560cccb,2026-07-07T07:45:00Z,2026-07-07T09:45:00+0200,61405.20523,MW,DE,DE_LU,actual_load,Actual Load,2026-07-26T13:03:42Z
2026-07-26T12:59:54Z,2026-07-26T14:59:54+0200,adf59793-da45-49b4-9a92-f95cd560cccb,2026-07-07T08:00:00Z,2026-07-07T10:00:00+0200,61552.47408,MW,DE,DE_LU,actual_load,Actual Load,2026-07-26T13:03:42Z
2026-07-26T12:59:54Z,2026-07-26T14:59:54+0200,adf59793-da45-49b4-9a92-f95cd560cccb,2026-07-07T08:15:00Z,2026-07-07T10:15:00+0200,61878.34162,MW,DE,DE_LU,actual_load,Actual Load,2026-07-26T13:03:42Z
2026-07-26T12:59:54Z,2026-07-26T14:59:54+0200,adf59793-da45-49b4-9a92-f95cd560cccb,2026-07-07T08:30:00Z,2026-07-07T10:30:00+0200,62439.83302,MW,DE,DE_LU,actual_load,Actual Load,2026-07-26T13:03:42Z
2026-07-26T12:59:54Z,2026-07-26T14:59:54+0200,adf59793-da45-49b4-9a92-f95cd560cccb,2026-07-07T08:45:00Z,2026-07-07T10:45:00+0200,62796.30383,MW,DE,DE_LU,actual_load,Actual Load,2026-07-26T13:03:42Z
2026-07-26T12:59:54Z,2026-07-26T14:59:54+0200,adf59793-da45-49b4-9a92-f95cd560cccb,2026-07-07T09:00:00Z,2026-07-07T11:00:00+0200,62564.64937,MW,DE,DE_LU,actual_load,Actual Load,2026-07-26T13:03:42Z
2026-07-26T12:59:54Z,2026-07-26T14:59:54+0200,adf59793-da45-49b4-9a92-f95cd560cccb,2026-07-07T09:15:00Z,2026-07-07T11:15:00+0200,62234.50031,MW,DE,DE_LU,actual_load,Actual Load,2026-07-26T13:03:42Z
2026-07-26T12:59:54Z,2026-07-26T14:59:54+0200,adf59793-da45-49b4-9a92-f95cd560cccb,2026-07-07T09:30:00Z,2026-07-07T11:30:00+0200,62153.65829,MW,DE,DE_LU,actual_load,Actual Load,2026-07-26T13:03:42Z
2026-07-26T12:59:54Z,2026-07-26T14:59:54+0200,adf59793-da45-49b4-9a92-f95cd560cccb,2026-07-07T09:45:00Z,2026-07-07T11:45:00+0200,62387.76078,MW,DE,DE_LU,actual_load,Actual Load,2026-07-26T13:03:42Z
2026-07-26T12:59:54Z,2026-07-26T14:59:54+0200,adf59793-da45-49b4-9a92-f95cd560cccb,2026-07-07T10:00:00Z,2026-07-07T12:00:00+0200,62351.72668,MW,DE,DE_LU,actual_load,Actual Load,2026-07-26T13:03:42Z
2026-07-26T12:59:54Z,2026-07-26T14:59:54+0200,adf59793-da45-49b4-9a92-f95cd560cccb,2026-07-07T10:15:00Z,2026-07-07T12:15:00+0200,62640.59562,MW,DE,DE_LU,actual_load,Actual Load,2026-07-26T13:03:42Z
2026-07-26T12:59:54Z,2026-07-26T14:59:54+0200,adf59793-da45-49b4-9a92-f95cd560cccb,2026-07-07T10:30:00Z,2026-07-07T12:30:00+0200,63257.09752,MW,DE,DE_LU,actual_load,Actual Load,2026-07-26T13:03:42Z
2026-07-26T12:59:54Z,2026-07-26T14:59:54+0200,adf59793-da45-49b4-9a92-f95cd560cccb,2026-07-07T10:45:00Z,2026-07-07T12:45:00+0200,63185.28081,MW,DE,DE_LU,actual_load,Actual Load,2026-07-26T13:03:42Z
2026-07-26T12:59:54Z,2026-07-26T14:59:54+0200,adf59793-da45-49b4-9a92-f95cd560cccb,2026-07-07T11:00:00Z,2026-07-07T13:00:00+0200,62594.03104,MW,DE,DE_LU,actual_load,Actual Load,2026-07-26T13:03:42Z
2026-07-26T12:59:54Z,2026-07-26T14:59:54+0200,adf59793-da45-49b4-9a92-f95cd560cccb,2026-07-07T11:15:00Z,2026-07-07T13:15:00+0200,61768.46254,MW,DE,DE_LU,actual_load,Actual Load,2026-07-26T13:03:42Z
2026-07-26T12:59:54Z,2026-07-26T14:59:54+0200,adf59793-da45-49b4-9a92-f95cd560cccb,2026-07-07T11:30:00Z,2026-07-07T13:30:00+0200,61532.17819,MW,DE,DE_LU,actual_load,Actual Load,2026-07-26T13:03:42Z
2026-07-26T12:59:54Z,2026-07-26T14:59:54+0200,adf59793-da45-49b4-9a92-f95cd560cccb,2026-07-07T11:45:00Z,2026-07-07T13:45:00+0200,62005.66797,MW,DE,DE_LU,actual_load,Actual Load,2026-07-26T13:03:42Z
2026-07-26T12:59:54Z,2026-07-26T14:59:54+0200,adf59793-da45-49b4-9a92-f95cd560cccb,2026-07-07T12:00:00Z,2026-07-07T14:00:00+0200,61279.78886,MW,DE,DE_LU,actual_load,Actual Load,2026-07-26T13:03:42Z
2026-07-26T12:59:54Z,2026-07-26T14:59:54+0200,adf59793-da45-49b4-9a92-f95cd560cccb,2026-07-07T12:15:00Z,2026-07-07T14:15:00+0200,61565.71887,MW,DE,DE_LU,actual_load,Actual Load,2026-07-26T13:03:42Z
2026-07-26T12:59:54Z,2026-07-26T14:59:54+0200,adf59793-da45-49b4-9a92-f95cd560cccb,2026-07-07T12:30:00Z,2026-07-07T14:30:00+0200,61092.1802,MW,DE,DE_LU,actual_load,Actual Load,2026-07-26T13:03:42Z
2026-07-26T12:59:54Z,2026-07-26T14:59:54+0200,adf59793-da45-49b4-9a92-f95cd560cccb,2026-07-07T12:45:00Z,2026-07-07T14:45:00+0200,60956.0307,MW,DE,DE_LU,actual_load,Actual Load,2026-07-26T13:03:42Z
2026-07-26T12:59:54Z,2026-07-26T14:59:54+0200,adf59793-da45-49b4-9a92-f95cd560cccb,2026-07-07T13:00:00Z,2026-07-07T15:00:00+0200,60709.89545,MW,DE,DE_LU,actual_load,Actual Load,2026-07-26T13:03:42Z
2026-07-26T12:59:54Z,2026-07-26T14:59:54+0200,adf59793-da45-49b4-9a92-f95cd560cccb,2026-07-07T13:15:00Z,2026-07-07T15:15:00+0200,60515.76581,MW,DE,DE_LU,actual_load,Actual Load,2026-07-26T13:03:42Z
2026-07-26T12:59:54Z,2026-07-26T14:59:54+0200,adf59793-da45-49b4-9a92-f95cd560cccb,2026-07-07T13:30:00Z,2026-07-07T15:30:00+0200,61029.21447,MW,DE,DE_LU,actual_load,Actual Load,2026-07-26T13:03:42Z
2026-07-26T12:59:54Z,2026-07-26T14:59:54+0200,adf59793-da45-49b4-9a92-f95cd560cccb,2026-07-07T13:45:00Z,2026-07-07T15:45:00+0200,60758.63882,MW,DE,DE_LU,actual_load,Actual Load,2026-07-26T13:03:42Z
2026-07-26T12:59:54Z,2026-07-26T14:59:54+0200,adf59793-da45-49b4-9a92-f95cd560cccb,2026-07-07T14:00:00Z,2026-07-07T16:00:00+0200,60378.13273,MW,DE,DE_LU,actual_load,Actual Load,2026-07-26T13:03:42Z
2026-07-26T12:59:54Z,2026-07-26T14:59:54+0200,adf59793-da45-49b4-9a92-f95cd560cccb,2026-07-07T14:15:00Z,2026-07-07T16:15:00+0200,59985.97232,MW,DE,DE_LU,actual_load,Actual Load,2026-07-26T13:03:42Z
2026-07-26T12:59:54Z,2026-07-26T14:59:54+0200,adf59793-da45-49b4-9a92-f95cd560cccb,2026-07-07T14:30:00Z,2026-07-07T16:30:00+0200,59305.81788,MW,DE,DE_LU,actual_load,Actual Load,2026-07-26T13:03:42Z
2026-07-26T12:59:54Z,2026-07-26T14:59:54+0200,adf59793-da45-49b4-9a92-f95cd560cccb,2026-07-07T14:45:00Z,2026-07-07T16:45:00+0200,59474.15825,MW,DE,DE_LU,actual_load,Actual Load,2026-07-26T13:03:42Z
2026-07-26T12:59:54Z,2026-07-26T14:59:54+0200,adf59793-da45-49b4-9a92-f95cd560cccb,2026-07-07T15:00:00Z,2026-07-07T17:00:00+0200,59546.88056,MW,DE,DE_LU,actual_load,Actual Load,2026-07-26T13:03:42Z
2026-07-26T12:59:54Z,2026-07-26T14:59:54+0200,adf59793-da45-49b4-9a92-f95cd560cccb,2026-07-07T15:15:00Z,2026-07-07T17:15:00+0200,58281.03019,MW,DE,DE_LU,actual_load,Actual Load,2026-07-26T13:03:42Z
2026-07-26T12:59:54Z,2026-07-26T14:59:54+0200,adf59793-da45-49b4-9a92-f95cd560cccb,2026-07-07T15:30:00Z,2026-07-07T17:30:00+0200,59012.43894,MW,DE,DE_LU,actual_load,Actual Load,2026-07-26T13:03:42Z
2026-07-26T12:59:54Z,2026-07-26T14:59:54+0200,adf59793-da45-49b4-9a92-f95cd560cccb,2026-07-07T15:45:00Z,2026-07-07T17:45:00+0200,58826.91654,MW,DE,DE_LU,actual_load,Actual Load,2026-07-26T13:03:42Z
2026-07-26T12:59:54Z,2026-07-26T14:59:54+0200,adf59793-da45-49b4-9a92-f95cd560cccb,2026-07-07T16:00:00Z,2026-07-07T18:00:00+0200,59922.13247,MW,DE,DE_LU,actual_load,Actual Load,2026-07-26T13:03:42Z
2026-07-26T12:59:54Z,2026-07-26T14:59:54+0200,adf59793-da45-49b4-9a92-f95cd560cccb,2026-07-07T16:15:00Z,2026-07-07T18:15:00+0200,59648.45579,MW,DE,DE_LU,actual_load,Actual Load,2026-07-26T13:03:42Z
2026-07-26T12:59:54Z,2026-07-26T14:59:54+0200,adf59793-da45-49b4-9a92-f95cd560cccb,2026-07-07T16:30:00Z,2026-07-07T18:30:00+0200,58775.58373,MW,DE,DE_LU,actual_load,Actual Load,2026-07-26T13:03:42Z
2026-07-26T12:59:54Z,2026-07-26T14:59:54+0200,adf59793-da45-49b4-9a92-f95cd560cccb,2026-07-07T16:45:00Z,2026-07-07T18:45:00+0200,59245.19388,MW,DE,DE_LU,actual_load,Actual Load,2026-07-26T13:03:42Z
2026-07-26T12:59:54Z,2026-07-26T14:59:54+0200,adf59793-da45-49b4-9a92-f95cd560cccb,2026-07-07T17:00:00Z,2026-07-07T19:00:00+0200,59733.42051,MW,DE,DE_LU,actual_load,Actual Load,2026-07-26T13:03:42Z
2026-07-26T12:59:54Z,2026-07-26T14:59:54+0200,adf59793-da45-49b4-9a92-f95cd560cccb,2026-07-07T17:15:00Z,2026-07-07T19:15:00+0200,58731.85016,MW,DE,DE_LU,actual_load,Actual Load,2026-07-26T13:03:42Z
2026-07-26T12:59:54Z,2026-07-26T14:59:54+0200,adf59793-da45-49b4-9a92-f95cd560cccb,2026-07-07T17:30:00Z,2026-07-07T19:30:00+0200,57576.88363,MW,DE,DE_LU,actual_load,Actual Load,2026-07-26T13:03:42Z
2026-07-26T12:59:54Z,2026-07-26T14:59:54+0200,adf59793-da45-49b4-9a92-f95cd560cccb,2026-07-07T17:45:00Z,2026-07-07T19:45:00+0200,56822.53481,MW,DE,DE_LU,actual_load,Actual Load,2026-07-26T13:03:42Z
2026-07-26T12:59:54Z,2026-07-26T14:59:54+0200,adf59793-da45-49b4-9a92-f95cd560cccb,2026-07-07T18:00:00Z,2026-07-07T20:00:00+0200,56288.73467,MW,DE,DE_LU,actual_load,Actual Load,2026-07-26T13:03:42Z
2026-07-26T12:59:54Z,2026-07-26T14:59:54+0200,adf59793-da45-49b4-9a92-f95cd560cccb,2026-07-07T18:15:00Z,2026-07-07T20:15:00+0200,55006.8081,MW,DE,DE_LU,actual_load,Actual Load,2026-07-26T13:03:42Z
2026-07-26T12:59:54Z,2026-07-26T14:59:54+0200,adf59793-da45-49b4-9a92-f95cd560cccb,2026-07-07T18:30:00Z,2026-07-07T20:30:00+0200,54085.62541,MW,DE,DE_LU,actual_load,Actual Load,2026-07-26T13:03:42Z
2026-07-26T12:59:54Z,2026-07-26T14:59:54+0200,adf59793-da45-49b4-9a92-f95cd560cccb,2026-07-07T18:45:00Z,2026-07-07T20:45:00+0200,54099.01164,MW,DE,DE_LU,actual_load,Actual Load,2026-07-26T13:03:42Z
2026-07-26T12:59:54Z,2026-07-26T14:59:54+0200,adf59793-da45-49b4-9a92-f95cd560cccb,2026-07-07T19:00:00Z,2026-07-07T21:00:00+0200,54038.40134,MW,DE,DE_LU,actual_load,Actual Load,2026-07-26T13:03:42Z
2026-07-26T12:59:54Z,2026-07-26T14:59:54+0200,adf59793-da45-49b4-9a92-f95cd560cccb,2026-07-07T19:15:00Z,2026-07-07T21:15:00+0200,53069.11898,MW,DE,DE_LU,actual_load,Actual Load,2026-07-26T13:03:42Z
2026-07-26T12:59:54Z,2026-07-26T14:59:54+0200,adf59793-da45-49b4-9a92-f95cd560cccb,2026-07-07T19:30:00Z,2026-07-07T21:30:00+0200,52411.59035,MW,DE,DE_LU,actual_load,Actual Load,2026-07-26T13:03:42Z
2026-07-26T12:59:54Z,2026-07-26T14:59:54+0200,adf59793-da45-49b4-9a92-f95cd560cccb,2026-07-07T19:45:00Z,2026-07-07T21:45:00+0200,52284.49276,MW,DE,DE_LU,actual_load,Actual Load,2026-07-26T13:03:42Z
2026-07-26T12:59:54Z,2026-07-26T14:59:54+0200,adf59793-da45-49b4-9a92-f95cd560cccb,2026-07-07T20:00:00Z,2026-07-07T22:00:00+0200,50662.49013,MW,DE,DE_LU,actual_load,Actual Load,2026-07-26T13:03:42Z
2026-07-26T12:59:54Z,2026-07-26T14:59:54+0200,adf59793-da45-49b4-9a92-f95cd560cccb,2026-07-07T20:15:00Z,2026-07-07T22:15:00+0200,50456.47378,MW,DE,DE_LU,actual_load,Actual Load,2026-07-26T13:03:42Z
2026-07-26T12:59:54Z,2026-07-26T14:59:54+0200,adf59793-da45-49b4-9a92-f95cd560cccb,2026-07-07T20:30:00Z,2026-07-07T22:30:00+0200,49943.25934,MW,DE,DE_LU,actual_load,Actual Load,2026-07-26T13:03:42Z
2026-07-26T12:59:54Z,2026-07-26T14:59:54+0200,adf59793-da45-49b4-9a92-f95cd560cccb,2026-07-07T20:45:00Z,2026-07-07T22:45:00+0200,49043.13998,MW,DE,DE_LU,actual_load,Actual Load,2026-07-26T13:03:42Z
2026-07-26T12:59:54Z,2026-07-26T14:59:54+0200,adf59793-da45-49b4-9a92-f95cd560cccb,2026-07-07T21:00:00Z,2026-07-07T23:00:00+0200,48125.18204,MW,DE,DE_LU,actual_load,Actual Load,2026-07-26T13:03:42Z
2026-07-26T12:59:54Z,2026-07-26T14:59:54+0200,adf59793-da45-49b4-9a92-f95cd560cccb,2026-07-07T21:15:00Z,2026-07-07T23:15:00+0200,47581.57891,MW,DE,DE_LU,actual_load,Actual Load,2026-07-26T13:03:42Z
2026-07-26T12:59:54Z,2026-07-26T14:59:54+0200,adf59793-da45-49b4-9a92-f95cd560cccb,2026-07-07T21:30:00Z,2026-07-07T23:30:00+0200,47382.68412,MW,DE,DE_LU,actual_load,Actual Load,2026-07-26T13:03:42Z
2026-07-26T12:59:54Z,2026-07-26T14:59:54+0200,adf59793-da45-49b4-9a92-f95cd560cccb,2026-07-07T21:45:00Z,2026-07-07T23:45:00+0200,46705.51643,MW,DE,DE_LU,actual_load,Actual Load,2026-07-26T13:03:42Z
2026-07-26T12:59:54Z,2026-07-26T14:59:54+0200,adf59793-da45-49b4-9a92-f95cd560cccb,2026-07-07T22:00:00Z,2026-07-08T00:00:00+0200,46445.25603,MW,DE,DE_LU,actual_load,Actual Load,2026-07-26T13:03:42Z
2026-07-26T12:59:54Z,2026-07-26T14:59:54+0200,adf59793-da45-49b4-9a92-f95cd560cccb,2026-07-07T22:15:00Z,2026-07-08T00:15:00+0200,46556.21355,MW,DE,DE_LU,actual_load,Actual Load,2026-07-26T13:03:42Z
2026-07-26T12:59:54Z,2026-07-26T14:59:54+0200,adf59793-da45-49b4-9a92-f95cd560cccb,2026-07-07T22:30:00Z,2026-07-08T00:30:00+0200,46471.35208,MW,DE,DE_LU,actual_load,Actual Load,2026-07-26T13:03:42Z
2026-07-26T12:59:54Z,2026-07-26T14:59:54+0200,adf59793-da45-49b4-9a92-f95cd560cccb,2026-07-07T22:45:00Z,2026-07-08T00:45:00+0200,46159.19703,MW,DE,DE_LU,actual_load,Actual Load,2026-07-26T13:03:42Z
2026-07-26T12:59:54Z,2026-07-26T14:59:54+0200,adf59793-da45-49b4-9a92-f95cd560cccb,2026-07-07T23:00:00Z,2026-07-08T01:00:00+0200,45457.09182,MW,DE,DE_LU,actual_load,Actual Load,2026-07-26T13:03:42Z
2026-07-26T12:59:54Z,2026-07-26T14:59:54+0200,adf59793-da45-49b4-9a92-f95cd560cccb,2026-07-07T23:15:00Z,2026-07-08T01:15:00+0200,45177.22271,MW,DE,DE_LU,actual_load,Actual Load,2026-07-26T13:03:42Z
2026-07-26T12:59:54Z,2026-07-26T14:59:54+0200,adf59793-da45-49b4-9a92-f95cd560cccb,2026-07-07T23:30:00Z,2026-07-08T01:30:00+0200,44655.17497,MW,DE,DE_LU,actual_load,Actual Load,2026-07-26T13:03:42Z
2026-07-26T12:59:54Z,2026-07-26T14:59:54+0200,adf59793-da45-49b4-9a92-f95cd560cccb,2026-07-07T23:45:00Z,2026-07-08T01:45:00+0200,44282.65262,MW,DE,DE_LU,actual_load,Actual Load,2026-07-26T13:03:42Z
2026-07-26T12:59:54Z,2026-07-26T14:59:54+0200,adf59793-da45-49b4-9a92-f95cd560cccb,2026-07-08T00:00:00Z,2026-07-08T02:00:00+0200,43928.94458,MW,DE,DE_LU,actual_load,Actual Load,2026-07-26T13:03:42Z
2026-07-26T12:59:54Z,2026-07-26T14:59:54+0200,adf59793-da45-49b4-9a92-f95cd560cccb,2026-07-08T00:15:00Z,2026-07-08T02:15:00+0200,43772.48674,MW,DE,DE_LU,actual_load,Actual Load,2026-07-26T13:03:42Z
2026-07-26T12:59:54Z,2026-07-26T14:59:54+0200,adf59793-da45-49b4-9a92-f95cd560cccb,2026-07-08T00:30:00Z,2026-07-08T02:30:00+0200,43189.76029,MW,DE,DE_LU,actual_load,Actual Load,2026-07-26T13:03:42Z
2026-07-26T12:59:54Z,2026-07-26T14:59:54+0200,adf59793-da45-49b4-9a92-f95cd560cccb,2026-07-08T00:45:00Z,2026-07-08T02:45:00+0200,43245.37144,MW,DE,DE_LU,actual_load,Actual Load,2026-07-26T13:03:42Z
2026-07-26T12:59:54Z,2026-07-26T14:59:54+0200,adf59793-da45-49b4-9a92-f95cd560cccb,2026-07-08T01:00:00Z,2026-07-08T03:00:00+0200,43510.51069,MW,DE,DE_LU,actual_load,Actual Load,2026-07-26T13:03:42Z
2026-07-26T12:59:54Z,2026-07-26T14:59:54+0200,adf59793-da45-49b4-9a92-f95cd560cccb,2026-07-08T01:15:00Z,2026-07-08T03:15:00+0200,43335.43493,MW,DE,DE_LU,actual_load,Actual Load,2026-07-26T13:03:42Z
2026-07-26T12:59:54Z,2026-07-26T14:59:54+0200,adf59793-da45-49b4-9a92-f95cd560cccb,2026-07-08T01:30:00Z,2026-07-08T03:30:00+0200,42937.46646,MW,DE,DE_LU,actual_load,Actual Load,2026-07-26T13:03:42Z
2026-07-26T12:59:54Z,2026-07-26T14:59:54+0200,adf59793-da45-49b4-9a92-f95cd560cccb,2026-07-08T01:45:00Z,2026-07-08T03:45:00+0200,43166.28959,MW,DE,DE_LU,actual_load,Actual Load,2026-07-26T13:03:42Z
2026-07-26T12:59:54Z,2026-07-26T14:59:54+0200,adf59793-da45-49b4-9a92-f95cd560cccb,2026-07-08T02:00:00Z,2026-07-08T04:00:00+0200,43710.12838,MW,DE,DE_LU,actual_load,Actual Load,2026-07-26T13:03:42Z
2026-07-26T12:59:54Z,2026-07-26T14:59:54+0200,adf59793-da45-49b4-9a92-f95cd560cccb,2026-07-08T02:15:00Z,2026-07-08T04:15:00+0200,44065.63506,MW,DE,DE_LU,actual_load,Actual Load,2026-07-26T13:03:42Z
2026-07-26T12:59:54Z,2026-07-26T14:59:54+0200,adf59793-da45-49b4-9a92-f95cd560cccb,2026-07-08T02:30:00Z,2026-07-08T04:30:00+0200,44124.25037,MW,DE,DE_LU,actual_load,Actual Load,2026-07-26T13:03:42Z
2026-07-26T12:59:54Z,2026-07-26T14:59:54+0200,adf59793-da45-49b4-9a92-f95cd560cccb,2026-07-08T02:45:00Z,2026-07-08T04:45:00+0200,44301.01367,MW,DE,DE_LU,actual_load,Actual Load,2026-07-26T13:03:42Z
2026-07-26T12:59:54Z,2026-07-26T14:59:54+0200,adf59793-da45-49b4-9a92-f95cd560cccb,2026-07-08T03:00:00Z,2026-07-08T05:00:00+0200,45764.84977,MW,DE,DE_LU,actual_load,Actual Load,2026-07-26T13:03:42Z
2026-07-26T12:59:54Z,2026-07-26T14:59:54+0200,adf59793-da45-49b4-9a92-f95cd560cccb,2026-07-08T03:15:00Z,2026-07-08T05:15:00+0200,46255.27675,MW,DE,DE_LU,actual_load,Actual Load,2026-07-26T13:03:42Z
2026-07-26T12:59:54Z,2026-07-26T14:59:54+0200,adf59793-da45-49b4-9a92-f95cd560cccb,2026-07-08T03:30:00Z,2026-07-08T05:30:00+0200,47045.25572,MW,DE,DE_LU,actual_load,Actual Load,2026-07-26T13:03:42Z
2026-07-26T12:59:54Z,2026-07-26T14:59:54+0200,adf59793-da45-49b4-9a92-f95cd560cccb,2026-07-08T03:45:00Z,2026-07-08T05:45:00+0200,48328.6082,MW,DE,DE_LU,actual_load,Actual Load,2026-07-26T13:03:42Z
2026-07-26T12:59:54Z,2026-07-26T14:59:54+0200,adf59793-da45-49b4-9a92-f95cd560cccb,2026-07-08T04:00:00Z,2026-07-08T06:00:00+0200,50789.47258,MW,DE,DE_LU,actual_load,Actual Load,2026-07-26T13:03:42Z
2026-07-26T12:59:54Z,2026-07-26T14:59:54+0200,adf59793-da45-49b4-9a92-f95cd560cccb,2026-07-08T04:15:00Z,2026-07-08T06:15:00+0200,52439.32529,MW,DE,DE_LU,actual_load,Actual Load,2026-07-26T13:03:42Z
2026-07-26T12:59:54Z,2026-07-26T14:59:54+0200,adf59793-da45-49b4-9a92-f95cd560cccb,2026-07-08T04:30:00Z,2026-07-08T06:30:00+0200,53327.4649,MW,DE,DE_LU,actual_load,Actual Load,2026-07-26T13:03:42Z
2026-07-26T12:59:54Z,2026-07-26T14:59:54+0200,adf59793-da45-49b4-9a92-f95cd560cccb,2026-07-08T04:45:00Z,2026-07-08T06:45:00+0200,54410.94312,MW,DE,DE_LU,actual_load,Actual Load,2026-07-26T13:03:42Z
2026-07-26T12:59:54Z,2026-07-26T14:59:54+0200,adf59793-da45-49b4-9a92-f95cd560cccb,2026-07-08T05:00:00Z,2026-07-08T07:00:00+0200,55303.96662,MW,DE,DE_LU,actual_load,Actual Load,2026-07-26T13:03:42Z
2026-07-26T12:59:54Z,2026-07-26T14:59:54+0200,adf59793-da45-49b4-9a92-f95cd560cccb,2026-07-08T05:15:00Z,2026-07-08T07:15:00+0200,56827.07937,MW,DE,DE_LU,actual_load,Actual Load,2026-07-26T13:03:42Z
2026-07-26T12:59:54Z,2026-07-26T14:59:54+0200,adf59793-da45-49b4-9a92-f95cd560cccb,2026-07-08T05:30:00Z,2026-07-08T07:30:00+0200,57810.33254,MW,DE,DE_LU,actual_load,Actual Load,2026-07-26T13:03:42Z
2026-07-26T12:59:54Z,2026-07-26T14:59:54+0200,adf59793-da45-49b4-9a92-f95cd560cccb,2026-07-08T05:45:00Z,2026-07-08T07:45:00+0200,58428.66852,MW,DE,DE_LU,actual_load,Actual Load,2026-07-26T13:03:42Z
2026-07-26T12:59:54Z,2026-07-26T14:59:54+0200,adf59793-da45-49b4-9a92-f95cd560cccb,2026-07-08T06:00:00Z,2026-07-08T08:00:00+0200,58823.93672,MW,DE,DE_LU,actual_load,Actual Load,2026-07-26T13:03:42Z
2026-07-26T12:59:54Z,2026-07-26T14:59:54+0200,adf59793-da45-49b4-9a92-f95cd560cccb,2026-07-08T06:15:00Z,2026-07-08T08:15:00+0200,59680.87391,MW,DE,DE_LU,actual_load,Actual Load,2026-07-26T13:03:42Z
2026-07-26T12:59:54Z,2026-07-26T14:59:54+0200,adf59793-da45-49b4-9a92-f95cd560cccb,2026-07-08T06:30:00Z,2026-07-08T08:30:00+0200,60586.48773,MW,DE,DE_LU,actual_load,Actual Load,2026-07-26T13:03:42Z
2026-07-26T12:59:54Z,2026-07-26T14:59:54+0200,adf59793-da45-49b4-9a92-f95cd560cccb,2026-07-08T06:45:00Z,2026-07-08T08:45:00+0200,61002.18132,MW,DE,DE_LU,actual_load,Actual Load,2026-07-26T13:03:42Z
2026-07-26T12:59:54Z,2026-07-26T14:59:54+0200,adf59793-da45-49b4-9a92-f95cd560cccb,2026-07-08T07:00:00Z,2026-07-08T09:00:00+0200,59828.19582,MW,DE,DE_LU,actual_load,Actual Load,2026-07-26T13:03:42Z
2026-07-26T12:59:54Z,2026-07-26T14:59:54+0200,adf59793-da45-49b4-9a92-f95cd560cccb,2026-07-08T07:15:00Z,2026-07-08T09:15:00+0200,60254.54532,MW,DE,DE_LU,actual_load,Actual Load,2026-07-26T13:03:42Z
2026-07-26T12:59:54Z,2026-07-26T14:59:54+0200,adf59793-da45-49b4-9a92-f95cd560cccb,2026-07-08T07:30:00Z,2026-07-08T09:30:00+0200,60545.91376,MW,DE,DE_LU,actual_load,Actual Load,2026-07-26T13:03:42Z
2026-07-26T12:59:54Z,2026-07-26T14:59:54+0200,adf59793-da45-49b4-9a92-f95cd560cccb,2026-07-08T07:45:00Z,2026-07-08T09:45:00+0200,61015.4609,MW,DE,DE_LU,actual_load,Actual Load,2026-07-26T13:03:42Z
2026-07-26T12:59:54Z,2026-07-26T14:59:54+0200,adf59793-da45-49b4-9a92-f95cd560cccb,2026-07-08T08:00:00Z,2026-07-08T10:00:00+0200,60897.08429,MW,DE,DE_LU,actual_load,Actual Load,2026-07-26T13:03:42Z
2026-07-26T12:59:54Z,2026-07-26T14:59:54+0200,adf59793-da45-49b4-9a92-f95cd560cccb,2026-07-08T08:15:00Z,2026-07-08T10:15:00+0200,61359.63025,MW,DE,DE_LU,actual_load,Actual Load,2026-07-26T13:03:42Z
2026-07-26T12:59:54Z,2026-07-26T14:59:54+0200,adf59793-da45-49b4-9a92-f95cd560cccb,2026-07-08T08:30:00Z,2026-07-08T10:30:00+0200,61398.03055,MW,DE,DE_LU,actual_load,Actual Load,2026-07-26T13:03:42Z
2026-07-26T12:59:54Z,2026-07-26T14:59:54+0200,adf59793-da45-49b4-9a92-f95cd560cccb,2026-07-08T08:45:00Z,2026-07-08T10:45:00+0200,61495.34202,MW,DE,DE_LU,actual_load,Actual Load,2026-07-26T13:03:42Z
2026-07-26T12:59:54Z,2026-07-26T14:59:54+0200,adf59793-da45-49b4-9a92-f95cd560cccb,2026-07-08T09:00:00Z,2026-07-08T11:00:00+0200,61064.01867,MW,DE,DE_LU,actual_load,Actual Load,2026-07-26T13:03:42Z
2026-07-26T12:59:54Z,2026-07-26T14:59:54+0200,adf59793-da45-49b4-9a92-f95cd560cccb,2026-07-08T09:15:00Z,2026-07-08T11:15:00+0200,61210.60659,MW,DE,DE_LU,actual_load,Actual Load,2026-07-26T13:03:42Z
2026-07-26T12:59:54Z,2026-07-26T14:59:54+0200,adf59793-da45-49b4-9a92-f95cd560cccb,2026-07-08T09:30:00Z,2026-07-08T11:30:00+0200,61444.28461,MW,DE,DE_LU,actual_load,Actual Load,2026-07-26T13:03:42Z
2026-07-26T12:59:54Z,2026-07-26T14:59:54+0200,adf59793-da45-49b4-9a92-f95cd560cccb,2026-07-08T09:45:00Z,2026-07-08T11:45:00+0200,61246.02945,MW,DE,DE_LU,actual_load,Actual Load,2026-07-26T13:03:42Z
2026-07-26T12:59:54Z,2026-07-26T14:59:54+0200,adf59793-da45-49b4-9a92-f95cd560cccb,2026-07-08T10:00:00Z,2026-07-08T12:00:00+0200,60237.79384,MW,DE,DE_LU,actual_load,Actual Load,2026-07-26T13:03:42Z
2026-07-26T12:59:54Z,2026-07-26T14:59:54+0200,adf59793-da45-49b4-9a92-f95cd560cccb,2026-07-08T10:15:00Z,2026-07-08T12:15:00+0200,59846.49772,MW,DE,DE_LU,actual_load,Actual Load,2026-07-26T13:03:42Z
2026-07-26T12:59:54Z,2026-07-26T14:59:54+0200,adf59793-da45-49b4-9a92-f95cd560cccb,2026-07-08T10:30:00Z,2026-07-08T12:30:00+0200,60333.53578,MW,DE,DE_LU,actual_load,Actual Load,2026-07-26T13:03:42Z
2026-07-26T12:59:54Z,2026-07-26T14:59:54+0200,adf59793-da45-49b4-9a92-f95cd560cccb,2026-07-08T10:45:00Z,2026-07-08T12:45:00+0200,60537.76798,MW,DE,DE_LU,actual_load,Actual Load,2026-07-26T13:03:42Z
2026-07-26T12:59:54Z,2026-07-26T14:59:54+0200,adf59793-da45-49b4-9a92-f95cd560cccb,2026-07-08T11:00:00Z,2026-07-08T13:00:00+0200,61056.53762,MW,DE,DE_LU,actual_load,Actual Load,2026-07-26T13:03:42Z
2026-07-26T12:59:54Z,2026-07-26T14:59:54+0200,adf59793-da45-49b4-9a92-f95cd560cccb,2026-07-08T11:15:00Z,2026-07-08T13:15:00+0200,60278.0234,MW,DE,DE_LU,actual_load,Actual Load,2026-07-26T13:03:42Z
2026-07-26T12:59:54Z,2026-07-26T14:59:54+0200,adf59793-da45-49b4-9a92-f95cd560cccb,2026-07-08T11:30:00Z,2026-07-08T13:30:00+0200,59448.39749,MW,DE,DE_LU,actual_load,Actual Load,2026-07-26T13:03:42Z
2026-07-26T12:59:54Z,2026-07-26T14:59:54+0200,adf59793-da45-49b4-9a92-f95cd560cccb,2026-07-08T11:45:00Z,2026-07-08T13:45:00+0200,59236.41337,MW,DE,DE_LU,actual_load,Actual Load,2026-07-26T13:03:42Z
2026-07-26T12:59:54Z,2026-07-26T14:59:54+0200,adf59793-da45-49b4-9a92-f95cd560cccb,2026-07-08T12:00:00Z,2026-07-08T14:00:00+0200,58672.15355,MW,DE,DE_LU,actual_load,Actual Load,2026-07-26T13:03:42Z
2026-07-26T12:59:54Z,2026-07-26T14:59:54+0200,adf59793-da45-49b4-9a92-f95cd560cccb,2026-07-08T12:15:00Z,2026-07-08T14:15:00+0200,59091.79083,MW,DE,DE_LU,actual_load,Actual Load,2026-07-26T13:03:42Z
2026-07-26T12:59:54Z,2026-07-26T14:59:54+0200,adf59793-da45-49b4-9a92-f95cd560cccb,2026-07-08T12:30:00Z,2026-07-08T14:30:00+0200,58815.95405,MW,DE,DE_LU,actual_load,Actual Load,2026-07-26T13:03:42Z
2026-07-26T12:59:54Z,2026-07-26T14:59:54+0200,adf59793-da45-49b4-9a92-f95cd560cccb,2026-07-08T12:45:00Z,2026-07-08T14:45:00+0200,58634.96687,MW,DE,DE_LU,actual_load,Actual Load,2026-07-26T13:03:42Z
2026-07-26T12:59:54Z,2026-07-26T14:59:54+0200,adf59793-da45-49b4-9a92-f95cd560cccb,2026-07-08T13:00:00Z,2026-07-08T15:00:00+0200,58909.50078,MW,DE,DE_LU,actual_load,Actual Load,2026-07-26T13:03:42Z
2026-07-26T12:59:54Z,2026-07-26T14:59:54+0200,adf59793-da45-49b4-9a92-f95cd560cccb,2026-07-08T13:15:00Z,2026-07-08T15:15:00+0200,58618.008,MW,DE,DE_LU,actual_load,Actual Load,2026-07-26T13:03:42Z
2026-07-26T12:59:54Z,2026-07-26T14:59:54+0200,adf59793-da45-49b4-9a92-f95cd560cccb,2026-07-08T13:30:00Z,2026-07-08T15:30:00+0200,58787.533,MW,DE,DE_LU,actual_load,Actual Load,2026-07-26T13:03:42Z
2026-07-26T12:59:54Z,2026-07-26T14:59:54+0200,adf59793-da45-49b4-9a92-f95cd560cccb,2026-07-08T13:45:00Z,2026-07-08T15:45:00+0200,58823.40643,MW,DE,DE_LU,actual_load,Actual Load,2026-07-26T13:03:42Z
2026-07-26T12:59:54Z,2026-07-26T14:59:54+0200,adf59793-da45-49b4-9a92-f95cd560cccb,2026-07-08T14:00:00Z,2026-07-08T16:00:00+0200,58750.09622,MW,DE,DE_LU,actual_load,Actual Load,2026-07-26T13:03:42Z
2026-07-26T12:59:54Z,2026-07-26T14:59:54+0200,adf59793-da45-49b4-9a92-f95cd560cccb,2026-07-08T14:15:00Z,2026-07-08T16:15:00+0200,58309.03234,MW,DE,DE_LU,actual_load,Actual Load,2026-07-26T13:03:42Z
2026-07-26T12:59:54Z,2026-07-26T14:59:54+0200,adf59793-da45-49b4-9a92-f95cd560cccb,2026-07-08T14:30:00Z,2026-07-08T16:30:00+0200,57766.41902,MW,DE,DE_LU,actual_load,Actual Load,2026-07-26T13:03:42Z
2026-07-26T12:59:54Z,2026-07-26T14:59:54+0200,adf59793-da45-49b4-9a92-f95cd560cccb,2026-07-08T14:45:00Z,2026-07-08T16:45:00+0200,58038.39526,MW,DE,DE_LU,actual_load,Actual Load,2026-07-26T13:03:42Z
2026-07-26T12:59:54Z,2026-07-26T14:59:54+0200,adf59793-da45-49b4-9a92-f95cd560cccb,2026-07-08T15:00:00Z,2026-07-08T17:00:00+0200,58173.49516,MW,DE,DE_LU,actual_load,Actual Load,2026-07-26T13:03:42Z
2026-07-26T12:59:54Z,2026-07-26T14:59:54+0200,adf59793-da45-49b4-9a92-f95cd560cccb,2026-07-08T15:15:00Z,2026-07-08T17:15:00+0200,58293.19578,MW,DE,DE_LU,actual_load,Actual Load,2026-07-26T13:03:42Z
2026-07-26T12:59:54Z,2026-07-26T14:59:54+0200,adf59793-da45-49b4-9a92-f95cd560cccb,2026-07-08T15:30:00Z,2026-07-08T17:30:00+0200,57722.26355,MW,DE,DE_LU,actual_load,Actual Load,2026-07-26T13:03:42Z
2026-07-26T12:59:54Z,2026-07-26T14:59:54+0200,adf59793-da45-49b4-9a92-f95cd560cccb,2026-07-08T15:45:00Z,2026-07-08T17:45:00+0200,57791.50018,MW,DE,DE_LU,actual_load,Actual Load,2026-07-26T13:03:42Z
2026-07-26T12:59:54Z,2026-07-26T14:59:54+0200,adf59793-da45-49b4-9a92-f95cd560cccb,2026-07-08T16:00:00Z,2026-07-08T18:00:00+0200,58165.8579,MW,DE,DE_LU,actual_load,Actual Load,2026-07-26T13:03:42Z
2026-07-26T12:59:54Z,2026-07-26T14:59:54+0200,adf59793-da45-49b4-9a92-f95cd560cccb,2026-07-08T16:15:00Z,2026-07-08T18:15:00+0200,58441.53131,MW,DE,DE_LU,actual_load,Actual Load,2026-07-26T13:03:42Z
2026-07-26T12:59:54Z,2026-07-26T14:59:54+0200,adf59793-da45-49b4-9a92-f95cd560cccb,2026-07-08T16:30:00Z,2026-07-08T18:30:00+0200,58495.69074,MW,DE,DE_LU,actual_load,Actual Load,2026-07-26T13:03:42Z
2026-07-26T12:59:54Z,2026-07-26T14:59:54+0200,adf59793-da45-49b4-9a92-f95cd560cccb,2026-07-08T16:45:00Z,2026-07-08T18:45:00+0200,58933.60311,MW,DE,DE_LU,actual_load,Actual Load,2026-07-26T13:03:42Z
2026-07-26T12:59:54Z,2026-07-26T14:59:54+0200,adf59793-da45-49b4-9a92-f95cd560cccb,2026-07-08T17:00:00Z,2026-07-08T19:00:00+0200,59196.26834,MW,DE,DE_LU,actual_load,Actual Load,2026-07-26T13:03:42Z
2026-07-26T12:59:54Z,2026-07-26T14:59:54+0200,adf59793-da45-49b4-9a92-f95cd560cccb,2026-07-08T17:15:00Z,2026-07-08T19:15:00+0200,57842.02279,MW,DE,DE_LU,actual_load,Actual Load,2026-07-26T13:03:42Z
2026-07-26T12:59:54Z,2026-07-26T14:59:54+0200,adf59793-da45-49b4-9a92-f95cd560cccb,2026-07-08T17:30:00Z,2026-07-08T19:30:00+0200,58028.93789,MW,DE,DE_LU,actual_load,Actual Load,2026-07-26T13:03:42Z
2026-07-26T12:59:54Z,2026-07-26T14:59:54+0200,adf59793-da45-49b4-9a92-f95cd560cccb,2026-07-08T17:45:00Z,2026-07-08T19:45:00+0200,58318.74642,MW,DE,DE_LU,actual_load,Actual Load,2026-07-26T13:03:42Z
2026-07-26T12:59:54Z,2026-07-26T14:59:54+0200,adf59793-da45-49b4-9a92-f95cd560cccb,2026-07-08T18:00:00Z,2026-07-08T20:00:00+0200,57301.60676,MW,DE,DE_LU,actual_load,Actual Load,2026-07-26T13:03:42Z
2026-07-26T12:59:54Z,2026-07-26T14:59:54+0200,adf59793-da45-49b4-9a92-f95cd560cccb,2026-07-08T18:15:00Z,2026-07-08T20:15:00+0200,56138.49152,MW,DE,DE_LU,actual_load,Actual Load,2026-07-26T13:03:42Z
2026-07-26T12:59:54Z,2026-07-26T14:59:54+0200,adf59793-da45-49b4-9a92-f95cd560cccb,2026-07-08T18:30:00Z,2026-07-08T20:30:00+0200,55333.1394,MW,DE,DE_LU,actual_load,Actual Load,2026-07-26T13:03:42Z
2026-07-26T12:59:54Z,2026-07-26T14:59:54+0200,adf59793-da45-49b4-9a92-f95cd560cccb,2026-07-08T18:45:00Z,2026-07-08T20:45:00+0200,54487.28944,MW,DE,DE_LU,actual_load,Actual Load,2026-07-26T13:03:42Z
2026-07-26T12:59:54Z,2026-07-26T14:59:54+0200,adf59793-da45-49b4-9a92-f95cd560cccb,2026-07-08T19:00:00Z,2026-07-08T21:00:00+0200,54144.9083,MW,DE,DE_LU,actual_load,Actual Load,2026-07-26T13:03:42Z
2026-07-26T12:59:54Z,2026-07-26T14:59:54+0200,adf59793-da45-49b4-9a92-f95cd560cccb,2026-07-08T19:15:00Z,2026-07-08T21:15:00+0200,53559.57861,MW,DE,DE_LU,actual_load,Actual Load,2026-07-26T13:03:42Z
2026-07-26T12:59:54Z,2026-07-26T14:59:54+0200,adf59793-da45-49b4-9a92-f95cd560cccb,2026-07-08T19:30:00Z,2026-07-08T21:30:00+0200,53063.58826,MW,DE,DE_LU,actual_load,Actual Load,2026-07-26T13:03:42Z
2026-07-26T12:59:54Z,2026-07-26T14:59:54+0200,adf59793-da45-49b4-9a92-f95cd560cccb,2026-07-08T19:45:00Z,2026-07-08T21:45:00+0200,53133.34867,MW,DE,DE_LU,actual_load,Actual Load,2026-07-26T13:03:42Z
2026-07-26T12:59:54Z,2026-07-26T14:59:54+0200,adf59793-da45-49b4-9a92-f95cd560cccb,2026-07-08T20:00:00Z,2026-07-08T22:00:00+0200,53289.02344,MW,DE,DE_LU,actual_load,Actual Load,2026-07-26T13:03:42Z
2026-07-26T12:59:54Z,2026-07-26T14:59:54+0200,adf59793-da45-49b4-9a92-f95cd560cccb,2026-07-08T20:15:00Z,2026-07-08T22:15:00+0200,52989.87209,MW,DE,DE_LU,actual_load,Actual Load,2026-07-26T13:03:42Z
2026-07-26T12:59:54Z,2026-07-26T14:59:54+0200,adf59793-da45-49b4-9a92-f95cd560cccb,2026-07-08T20:30:00Z,2026-07-08T22:30:00+0200,52684.76417,MW,DE,DE_LU,actual_load,Actual Load,2026-07-26T13:03:42Z
2026-07-26T12:59:54Z,2026-07-26T14:59:54+0200,adf59793-da45-49b4-9a92-f95cd560cccb,2026-07-08T20:45:00Z,2026-07-08T22:45:00+0200,51860.0097,MW,DE,DE_LU,actual_load,Actual Load,2026-07-26T13:03:42Z
2026-07-26T12:59:54Z,2026-07-26T14:59:54+0200,adf59793-da45-49b4-9a92-f95cd560cccb,2026-07-08T21:00:00Z,2026-07-08T23:00:00+0200,51035.38069,MW,DE,DE_LU,actual_load,Actual Load,2026-07-26T13:03:42Z
2026-07-26T12:59:54Z,2026-07-26T14:59:54+0200,adf59793-da45-49b4-9a92-f95cd560cccb,2026-07-08T21:15:00Z,2026-07-08T23:15:00+0200,50541.55743,MW,DE,DE_LU,actual_load,Actual Load,2026-07-26T13:03:42Z
2026-07-26T12:59:54Z,2026-07-26T14:59:54+0200,adf59793-da45-49b4-9a92-f95cd560cccb,2026-07-08T21:30:00Z,2026-07-08T23:30:00+0200,49610.06164,MW,DE,DE_LU,actual_load,Actual Load,2026-07-26T13:03:42Z
2026-07-26T12:59:54Z,2026-07-26T14:59:54+0200,adf59793-da45-49b4-9a92-f95cd560cccb,2026-07-08T21:45:00Z,2026-07-08T23:45:00+0200,48886.41381,MW,DE,DE_LU,actual_load,Actual Load,2026-07-26T13:03:42Z
2026-07-26T12:59:54Z,2026-07-26T14:59:54+0200,adf59793-da45-49b4-9a92-f95cd560cccb,2026-07-08T22:00:00Z,2026-07-09T00:00:00+0200,48020.16957,MW,DE,DE_LU,actual_load,Actual Load,2026-07-26T13:03:42Z
2026-07-26T12:59:54Z,2026-07-26T14:59:54+0200,adf59793-da45-49b4-9a92-f95cd560cccb,2026-07-08T22:15:00Z,2026-07-09T00:15:00+0200,47570.90158,MW,DE,DE_LU,actual_load,Actual Load,2026-07-26T13:03:42Z
2026-07-26T12:59:54Z,2026-07-26T14:59:54+0200,adf59793-da45-49b4-9a92-f95cd560cccb,2026-07-08T22:30:00Z,2026-07-09T00:30:00+0200,46988.80674,MW,DE,DE_LU,actual_load,Actual Load,2026-07-26T13:03:42Z
2026-07-26T12:59:54Z,2026-07-26T14:59:54+0200,adf59793-da45-49b4-9a92-f95cd560cccb,2026-07-08T22:45:00Z,2026-07-09T00:45:00+0200,46822.94948,MW,DE,DE_LU,actual_load,Actual Load,2026-07-26T13:03:42Z
2026-07-26T12:59:54Z,2026-07-26T14:59:54+0200,adf59793-da45-49b4-9a92-f95cd560cccb,2026-07-08T23:00:00Z,2026-07-09T01:00:00+0200,45789.74131,MW,DE,DE_LU,actual_load,Actual Load,2026-07-26T13:03:42Z
2026-07-26T12:59:54Z,2026-07-26T14:59:54+0200,adf59793-da45-49b4-9a92-f95cd560cccb,2026-07-08T23:15:00Z,2026-07-09T01:15:00+0200,45803.38614,MW,DE,DE_LU,actual_load,Actual Load,2026-07-26T13:03:42Z
2026-07-26T12:59:54Z,2026-07-26T14:59:54+0200,adf59793-da45-49b4-9a92-f95cd560cccb,2026-07-08T23:30:00Z,2026-07-09T01:30:00+0200,45466.38487,MW,DE,DE_LU,actual_load,Actual Load,2026-07-26T13:03:42Z
2026-07-26T12:59:54Z,2026-07-26T14:59:54+0200,adf59793-da45-49b4-9a92-f95cd560cccb,2026-07-08T23:45:00Z,2026-07-09T01:45:00+0200,45232.53287,MW,DE,DE_LU,actual_load,Actual Load,2026-07-26T13:03:42Z
2026-07-26T12:59:54Z,2026-07-26T14:59:54+0200,adf59793-da45-49b4-9a92-f95cd560cccb,2026-07-09T00:00:00Z,2026-07-09T02:00:00+0200,45062.91065,MW,DE,DE_LU,actual_load,Actual Load,2026-07-26T13:03:42Z
2026-07-26T12:59:54Z,2026-07-26T14:59:54+0200,adf59793-da45-49b4-9a92-f95cd560cccb,2026-07-09T00:15:00Z,2026-07-09T02:15:00+0200,44765.86637,MW,DE,DE_LU,actual_load,Actual Load,2026-07-26T13:03:42Z
2026-07-26T12:59:54Z,2026-07-26T14:59:54+0200,adf59793-da45-49b4-9a92-f95cd560cccb,2026-07-09T00:30:00Z,2026-07-09T02:30:00+0200,44479.70651,MW,DE,DE_LU,actual_load,Actual Load,2026-07-26T13:03:42Z
2026-07-26T12:59:54Z,2026-07-26T14:59:54+0200,adf59793-da45-49b4-9a92-f95cd560cccb,2026-07-09T00:45:00Z,2026-07-09T02:45:00+0200,44617.73536,MW,DE,DE_LU,actual_load,Actual Load,2026-07-26T13:03:42Z
2026-07-26T12:59:54Z,2026-07-26T14:59:54+0200,adf59793-da45-49b4-9a92-f95cd560cccb,2026-07-09T01:00:00Z,2026-07-09T03:00:00+0200,44983.30005,MW,DE,DE_LU,actual_load,Actual Load,2026-07-26T13:03:42Z
2026-07-26T12:59:54Z,2026-07-26T14:59:54+0200,adf59793-da45-49b4-9a92-f95cd560cccb,2026-07-09T01:15:00Z,2026-07-09T03:15:00+0200,45270.58834,MW,DE,DE_LU,actual_load,Actual Load,2026-07-26T13:03:42Z
2026-07-26T12:59:54Z,2026-07-26T14:59:54+0200,adf59793-da45-49b4-9a92-f95cd560cccb,2026-07-09T01:30:00Z,2026-07-09T03:30:00+0200,45528.89108,MW,DE,DE_LU,actual_load,Actual Load,2026-07-26T13:03:42Z
2026-07-26T12:59:54Z,2026-07-26T14:59:54+0200,adf59793-da45-49b4-9a92-f95cd560cccb,2026-07-09T01:45:00Z,2026-07-09T03:45:00+0200,45261.23971,MW,DE,DE_LU,actual_load,Actual Load,2026-07-26T13:03:42Z
2026-07-26T12:59:54Z,2026-07-26T14:59:54+0200,adf59793-da45-49b4-9a92-f95cd560cccb,2026-07-09T02:00:00Z,2026-07-09T04:00:00+0200,45788.06344,MW,DE,DE_LU,actual_load,Actual Load,2026-07-26T13:03:42Z
2026-07-26T12:59:54Z,2026-07-26T14:59:54+0200,adf59793-da45-49b4-9a92-f95cd560cccb,2026-07-09T02:15:00Z,2026-07-09T04:15:00+0200,45513.93686,MW,DE,DE_LU,actual_load,Actual Load,2026-07-26T13:03:42Z
2026-07-26T12:59:54Z,2026-07-26T14:59:54+0200,adf59793-da45-49b4-9a92-f95cd560cccb,2026-07-09T02:30:00Z,2026-07-09T04:30:00+0200,45442.15284,MW,DE,DE_LU,actual_load,Actual Load,2026-07-26T13:03:42Z
2026-07-26T12:59:54Z,2026-07-26T14:59:54+0200,adf59793-da45-49b4-9a92-f95cd560cccb,2026-07-09T02:45:00Z,2026-07-09T04:45:00+0200,45913.28558,MW,DE,DE_LU,actual_load,Actual Load,2026-07-26T13:03:42Z
2026-07-26T12:59:54Z,2026-07-26T14:59:54+0200,adf59793-da45-49b4-9a92-f95cd560cccb,2026-07-09T03:00:00Z,2026-07-09T05:00:00+0200,46491.48313,MW,DE,DE_LU,actual_load,Actual Load,2026-07-26T13:03:42Z
2026-07-26T12:59:54Z,2026-07-26T14:59:54+0200,adf59793-da45-49b4-9a92-f95cd560cccb,2026-07-09T03:15:00Z,2026-07-09T05:15:00+0200,47213.90265,MW,DE,DE_LU,actual_load,Actual Load,2026-07-26T13:03:42Z
2026-07-26T12:59:54Z,2026-07-26T14:59:54+0200,adf59793-da45-49b4-9a92-f95cd560cccb,2026-07-09T03:30:00Z,2026-07-09T05:30:00+0200,48106.68485,MW,DE,DE_LU,actual_load,Actual Load,2026-07-26T13:03:42Z
2026-07-26T12:59:54Z,2026-07-26T14:59:54+0200,adf59793-da45-49b4-9a92-f95cd560cccb,2026-07-09T03:45:00Z,2026-07-09T05:45:00+0200,49631.23865,MW,DE,DE_LU,actual_load,Actual Load,2026-07-26T13:03:42Z
2026-07-26T12:59:54Z,2026-07-26T14:59:54+0200,adf59793-da45-49b4-9a92-f95cd560cccb,2026-07-09T04:00:00Z,2026-07-09T06:00:00+0200,51823.67134,MW,DE,DE_LU,actual_load,Actual Load,2026-07-26T13:03:42Z
2026-07-26T12:59:54Z,2026-07-26T14:59:54+0200,adf59793-da45-49b4-9a92-f95cd560cccb,2026-07-09T04:15:00Z,2026-07-09T06:15:00+0200,52911.31478,MW,DE,DE_LU,actual_load,Actual Load,2026-07-26T13:03:42Z
2026-07-26T12:59:54Z,2026-07-26T14:59:54+0200,adf59793-da45-49b4-9a92-f95cd560cccb,2026-07-09T04:30:00Z,2026-07-09T06:30:00+0200,54814.89113,MW,DE,DE_LU,actual_load,Actual Load,2026-07-26T13:03:42Z
2026-07-26T12:59:54Z,2026-07-26T14:59:54+0200,adf59793-da45-49b4-9a92-f95cd560cccb,2026-07-09T04:45:00Z,2026-07-09T06:45:00+0200,56025.08221,MW,DE,DE_LU,actual_load,Actual Load,2026-07-26T13:03:42Z
2026-07-26T12:59:54Z,2026-07-26T14:59:54+0200,adf59793-da45-49b4-9a92-f95cd560cccb,2026-07-09T05:00:00Z,2026-07-09T07:00:00+0200,56881.45525,MW,DE,DE_LU,actual_load,Actual Load,2026-07-26T13:03:42Z
2026-07-26T12:59:54Z,2026-07-26T14:59:54+0200,adf59793-da45-49b4-9a92-f95cd560cccb,2026-07-09T05:15:00Z,2026-07-09T07:15:00+0200,58406.14485,MW,DE,DE_LU,actual_load,Actual Load,2026-07-26T13:03:42Z
2026-07-26T12:59:54Z,2026-07-26T14:59:54+0200,adf59793-da45-49b4-9a92-f95cd560cccb,2026-07-09T05:30:00Z,2026-07-09T07:30:00+0200,59578.07376,MW,DE,DE_LU,actual_load,Actual Load,2026-07-26T13:03:42Z
2026-07-26T12:59:54Z,2026-07-26T14:59:54+0200,adf59793-da45-49b4-9a92-f95cd560cccb,2026-07-09T05:45:00Z,2026-07-09T07:45:00+0200,60340.64859,MW,DE,DE_LU,actual_load,Actual Load,2026-07-26T13:03:42Z
2026-07-26T12:59:54Z,2026-07-26T14:59:54+0200,adf59793-da45-49b4-9a92-f95cd560cccb,2026-07-09T06:00:00Z,2026-07-09T08:00:00+0200,60517.55072,MW,DE,DE_LU,actual_load,Actual Load,2026-07-26T13:03:42Z
2026-07-26T12:59:54Z,2026-07-26T14:59:54+0200,adf59793-da45-49b4-9a92-f95cd560cccb,2026-07-09T06:15:00Z,2026-07-09T08:15:00+0200,61539.28974,MW,DE,DE_LU,actual_load,Actual Load,2026-07-26T13:03:42Z
2026-07-26T12:59:54Z,2026-07-26T14:59:54+0200,adf59793-da45-49b4-9a92-f95cd560cccb,2026-07-09T06:30:00Z,2026-07-09T08:30:00+0200,62380.037,MW,DE,DE_LU,actual_load,Actual Load,2026-07-26T13:03:42Z
2026-07-26T12:59:54Z,2026-07-26T14:59:54+0200,adf59793-da45-49b4-9a92-f95cd560cccb,2026-07-09T06:45:00Z,2026-07-09T08:45:00+0200,62437.24026,MW,DE,DE_LU,actual_load,Actual Load,2026-07-26T13:03:42Z
2026-07-26T12:59:54Z,2026-07-26T14:59:54+0200,adf59793-da45-49b4-9a92-f95cd560cccb,2026-07-09T07:00:00Z,2026-07-09T09:00:00+0200,61973.89142,MW,DE,DE_LU,actual_load,Actual Load,2026-07-26T13:03:42Z
2026-07-26T12:59:54Z,2026-07-26T14:59:54+0200,adf59793-da45-49b4-9a92-f95cd560cccb,2026-07-09T07:15:00Z,2026-07-09T09:15:00+0200,61841.29829,MW,DE,DE_LU,actual_load,Actual Load,2026-07-26T13:03:42Z
2026-07-26T12:59:54Z,2026-07-26T14:59:54+0200,adf59793-da45-49b4-9a92-f95cd560cccb,2026-07-09T07:30:00Z,2026-07-09T09:30:00+0200,61663.33436,MW,DE,DE_LU,actual_load,Actual Load,2026-07-26T13:03:42Z
2026-07-26T12:59:54Z,2026-07-26T14:59:54+0200,adf59793-da45-49b4-9a92-f95cd560cccb,2026-07-09T07:45:00Z,2026-07-09T09:45:00+0200,61418.02697,MW,DE,DE_LU,actual_load,Actual Load,2026-07-26T13:03:42Z
2026-07-26T12:59:54Z,2026-07-26T14:59:54+0200,adf59793-da45-49b4-9a92-f95cd560cccb,2026-07-09T08:00:00Z,2026-07-09T10:00:00+0200,61991.93523,MW,DE,DE_LU,actual_load,Actual Load,2026-07-26T13:03:42Z
2026-07-26T12:59:54Z,2026-07-26T14:59:54+0200,adf59793-da45-49b4-9a92-f95cd560cccb,2026-07-09T08:15:00Z,2026-07-09T10:15:00+0200,62267.8897,MW,DE,DE_LU,actual_load,Actual Load,2026-07-26T13:03:42Z
2026-07-26T12:59:54Z,2026-07-26T14:59:54+0200,adf59793-da45-49b4-9a92-f95cd560cccb,2026-07-09T08:30:00Z,2026-07-09T10:30:00+0200,62082.4952,MW,DE,DE_LU,actual_load,Actual Load,2026-07-26T13:03:42Z
2026-07-26T12:59:54Z,2026-07-26T14:59:54+0200,adf59793-da45-49b4-9a92-f95cd560cccb,2026-07-09T08:45:00Z,2026-07-09T10:45:00+0200,62033.19263,MW,DE,DE_LU,actual_load,Actual Load,2026-07-26T13:03:42Z
2026-07-26T12:59:54Z,2026-07-26T14:59:54+0200,adf59793-da45-49b4-9a92-f95cd560cccb,2026-07-09T09:00:00Z,2026-07-09T11:00:00+0200,61767.36794,MW,DE,DE_LU,actual_load,Actual Load,2026-07-26T13:03:42Z
2026-07-26T12:59:54Z,2026-07-26T14:59:54+0200,adf59793-da45-49b4-9a92-f95cd560cccb,2026-07-09T09:15:00Z,2026-07-09T11:15:00+0200,61799.19938,MW,DE,DE_LU,actual_load,Actual Load,2026-07-26T13:03:42Z
2026-07-26T12:59:54Z,2026-07-26T14:59:54+0200,adf59793-da45-49b4-9a92-f95cd560cccb,2026-07-09T09:30:00Z,2026-07-09T11:30:00+0200,61725.69164,MW,DE,DE_LU,actual_load,Actual Load,2026-07-26T13:03:42Z
2026-07-26T12:59:54Z,2026-07-26T14:59:54+0200,adf59793-da45-49b4-9a92-f95cd560cccb,2026-07-09T09:45:00Z,2026-07-09T11:45:00+0200,61558.99907,MW,DE,DE_LU,actual_load,Actual Load,2026-07-26T13:03:42Z
2026-07-26T12:59:54Z,2026-07-26T14:59:54+0200,adf59793-da45-49b4-9a92-f95cd560cccb,2026-07-09T10:00:00Z,2026-07-09T12:00:00+0200,60660.24305,MW,DE,DE_LU,actual_load,Actual Load,2026-07-26T13:03:42Z
2026-07-26T12:59:54Z,2026-07-26T14:59:54+0200,adf59793-da45-49b4-9a92-f95cd560cccb,2026-07-09T10:15:00Z,2026-07-09T12:15:00+0200,60270.34341,MW,DE,DE_LU,actual_load,Actual Load,2026-07-26T13:03:42Z
2026-07-26T12:59:54Z,2026-07-26T14:59:54+0200,adf59793-da45-49b4-9a92-f95cd560cccb,2026-07-09T10:30:00Z,2026-07-09T12:30:00+0200,59901.38512,MW,DE,DE_LU,actual_load,Actual Load,2026-07-26T13:03:42Z
2026-07-26T12:59:54Z,2026-07-26T14:59:54+0200,adf59793-da45-49b4-9a92-f95cd560cccb,2026-07-09T10:45:00Z,2026-07-09T12:45:00+0200,60038.00265,MW,DE,DE_LU,actual_load,Actual Load,2026-07-26T13:03:42Z
2026-07-26T12:59:54Z,2026-07-26T14:59:54+0200,adf59793-da45-49b4-9a92-f95cd560cccb,2026-07-09T11:00:00Z,2026-07-09T13:00:00+0200,60470.37596,MW,DE,DE_LU,actual_load,Actual Load,2026-07-26T13:03:42Z
2026-07-26T12:59:54Z,2026-07-26T14:59:54+0200,adf59793-da45-49b4-9a92-f95cd560cccb,2026-07-09T11:15:00Z,2026-07-09T13:15:00+0200,59662.09446,MW,DE,DE_LU,actual_load,Actual Load,2026-07-26T13:03:42Z
2026-07-26T12:59:54Z,2026-07-26T14:59:54+0200,adf59793-da45-49b4-9a92-f95cd560cccb,2026-07-09T11:30:00Z,2026-07-09T13:30:00+0200,59070.59393,MW,DE,DE_LU,actual_load,Actual Load,2026-07-26T13:03:42Z
2026-07-26T12:59:54Z,2026-07-26T14:59:54+0200,adf59793-da45-49b4-9a92-f95cd560cccb,2026-07-09T11:45:00Z,2026-07-09T13:45:00+0200,58660.68054,MW,DE,DE_LU,actual_load,Actual Load,2026-07-26T13:03:42Z
2026-07-26T12:59:54Z,2026-07-26T14:59:54+0200,adf59793-da45-49b4-9a92-f95cd560cccb,2026-07-09T12:00:00Z,2026-07-09T14:00:00+0200,58039.86928,MW,DE,DE_LU,actual_load,Actual Load,2026-07-26T13:03:42Z
2026-07-26T12:59:54Z,2026-07-26T14:59:54+0200,adf59793-da45-49b4-9a92-f95cd560cccb,2026-07-09T12:15:00Z,2026-07-09T14:15:00+0200,57855.98072,MW,DE,DE_LU,actual_load,Actual Load,2026-07-26T13:03:42Z
2026-07-26T12:59:54Z,2026-07-26T14:59:54+0200,adf59793-da45-49b4-9a92-f95cd560cccb,2026-07-09T12:30:00Z,2026-07-09T14:30:00+0200,57329.88659,MW,DE,DE_LU,actual_load,Actual Load,2026-07-26T13:03:42Z
2026-07-26T12:59:54Z,2026-07-26T14:59:54+0200,adf59793-da45-49b4-9a92-f95cd560cccb,2026-07-09T12:45:00Z,2026-07-09T14:45:00+0200,56991.8531,MW,DE,DE_LU,actual_load,Actual Load,2026-07-26T13:03:42Z
2026-07-26T12:59:54Z,2026-07-26T14:59:54+0200,adf59793-da45-49b4-9a92-f95cd560cccb,2026-07-09T13:00:00Z,2026-07-09T15:00:00+0200,56848.88802,MW,DE,DE_LU,actual_load,Actual Load,2026-07-26T13:03:42Z
2026-07-26T12:59:54Z,2026-07-26T14:59:54+0200,adf59793-da45-49b4-9a92-f95cd560cccb,2026-07-09T13:15:00Z,2026-07-09T15:15:00+0200,56083.80408,MW,DE,DE_LU,actual_load,Actual Load,2026-07-26T13:03:42Z
2026-07-26T12:59:54Z,2026-07-26T14:59:54+0200,adf59793-da45-49b4-9a92-f95cd560cccb,2026-07-09T13:30:00Z,2026-07-09T15:30:00+0200,55265.16654,MW,DE,DE_LU,actual_load,Actual Load,2026-07-26T13:03:42Z
2026-07-26T12:59:54Z,2026-07-26T14:59:54+0200,adf59793-da45-49b4-9a92-f95cd560cccb,2026-07-09T13:45:00Z,2026-07-09T15:45:00+0200,55023.22527,MW,DE,DE_LU,actual_load,Actual Load,2026-07-26T13:03:42Z
2026-07-26T12:59:54Z,2026-07-26T14:59:54+0200,adf59793-da45-49b4-9a92-f95cd560cccb,2026-07-09T14:00:00Z,2026-07-09T16:00:00+0200,55123.48527,MW,DE,DE_LU,actual_load,Actual Load,2026-07-26T13:03:42Z
2026-07-26T12:59:54Z,2026-07-26T14:59:54+0200,adf59793-da45-49b4-9a92-f95cd560cccb,2026-07-09T14:15:00Z,2026-07-09T16:15:00+0200,54881.96001,MW,DE,DE_LU,actual_load,Actual Load,2026-07-26T13:03:42Z
2026-07-26T12:59:54Z,2026-07-26T14:59:54+0200,adf59793-da45-49b4-9a92-f95cd560cccb,2026-07-09T14:30:00Z,2026-07-09T16:30:00+0200,54818.95764,MW,DE,DE_LU,actual_load,Actual Load,2026-07-26T13:03:42Z
2026-07-26T12:59:54Z,2026-07-26T14:59:54+0200,adf59793-da45-49b4-9a92-f95cd560cccb,2026-07-09T14:45:00Z,2026-07-09T16:45:00+0200,54631.93713,MW,DE,DE_LU,actual_load,Actual Load,2026-07-26T13:03:42Z
2026-07-26T12:59:54Z,2026-07-26T14:59:54+0200,adf59793-da45-49b4-9a92-f95cd560cccb,2026-07-09T15:00:00Z,2026-07-09T17:00:00+0200,55562.56204,MW,DE,DE_LU,actual_load,Actual Load,2026-07-26T13:03:42Z
2026-07-26T12:59:54Z,2026-07-26T14:59:54+0200,adf59793-da45-49b4-9a92-f95cd560cccb,2026-07-09T15:15:00Z,2026-07-09T17:15:00+0200,55674.86809,MW,DE,DE_LU,actual_load,Actual Load,2026-07-26T13:03:42Z
2026-07-26T12:59:54Z,2026-07-26T14:59:54+0200,adf59793-da45-49b4-9a92-f95cd560cccb,2026-07-09T15:30:00Z,2026-07-09T17:30:00+0200,56292.36932,MW,DE,DE_LU,actual_load,Actual Load,2026-07-26T13:03:42Z
2026-07-26T12:59:54Z,2026-07-26T14:59:54+0200,adf59793-da45-49b4-9a92-f95cd560cccb,2026-07-09T15:45:00Z,2026-07-09T17:45:00+0200,56749.78114,MW,DE,DE_LU,actual_load,Actual Load,2026-07-26T13:03:42Z
2026-07-26T12:59:54Z,2026-07-26T14:59:54+0200,adf59793-da45-49b4-9a92-f95cd560cccb,2026-07-09T16:00:00Z,2026-07-09T18:00:00+0200,57048.56201,MW,DE,DE_LU,actual_load,Actual Load,2026-07-26T13:03:42Z
2026-07-26T12:59:54Z,2026-07-26T14:59:54+0200,adf59793-da45-49b4-9a92-f95cd560cccb,2026-07-09T16:15:00Z,2026-07-09T18:15:00+0200,57727.77376,MW,DE,DE_LU,actual_load,Actual Load,2026-07-26T13:03:42Z
2026-07-26T12:59:54Z,2026-07-26T14:59:54+0200,adf59793-da45-49b4-9a92-f95cd560cccb,2026-07-09T16:30:00Z,2026-07-09T18:30:00+0200,57830.95623,MW,DE,DE_LU,actual_load,Actual Load,2026-07-26T13:03:42Z
2026-07-26T12:59:54Z,2026-07-26T14:59:54+0200,adf59793-da45-49b4-9a92-f95cd560cccb,2026-07-09T16:45:00Z,2026-07-09T18:45:00+0200,58134.03153,MW,DE,DE_LU,actual_load,Actual Load,2026-07-26T13:03:42Z
2026-07-26T12:59:54Z,2026-07-26T14:59:54+0200,adf59793-da45-49b4-9a92-f95cd560cccb,2026-07-09T17:00:00Z,2026-07-09T19:00:00+0200,58769.70726,MW,DE,DE_LU,actual_load,Actual Load,2026-07-26T13:03:42Z
2026-07-26T12:59:54Z,2026-07-26T14:59:54+0200,adf59793-da45-49b4-9a92-f95cd560cccb,2026-07-09T17:15:00Z,2026-07-09T19:15:00+0200,57649.63049,MW,DE,DE_LU,actual_load,Actual Load,2026-07-26T13:03:42Z
2026-07-26T12:59:54Z,2026-07-26T14:59:54+0200,adf59793-da45-49b4-9a92-f95cd560cccb,2026-07-09T17:30:00Z,2026-07-09T19:30:00+0200,57777.78292,MW,DE,DE_LU,actual_load,Actual Load,2026-07-26T13:03:42Z
2026-07-26T12:59:54Z,2026-07-26T14:59:54+0200,adf59793-da45-49b4-9a92-f95cd560cccb,2026-07-09T17:45:00Z,2026-07-09T19:45:00+0200,57395.13058,MW,DE,DE_LU,actual_load,Actual Load,2026-07-26T13:03:42Z
2026-07-26T12:59:54Z,2026-07-26T14:59:54+0200,adf59793-da45-49b4-9a92-f95cd560cccb,2026-07-09T18:00:00Z,2026-07-09T20:00:00+0200,57657.38326,MW,DE,DE_LU,actual_load,Actual Load,2026-07-26T13:03:42Z
2026-07-26T12:59:54Z,2026-07-26T14:59:54+0200,adf59793-da45-49b4-9a92-f95cd560cccb,2026-07-09T18:15:00Z,2026-07-09T20:15:00+0200,57519.98414,MW,DE,DE_LU,actual_load,Actual Load,2026-07-26T13:03:42Z
2026-07-26T12:59:54Z,2026-07-26T14:59:54+0200,adf59793-da45-49b4-9a92-f95cd560cccb,2026-07-09T18:30:00Z,2026-07-09T20:30:00+0200,57064.17201,MW,DE,DE_LU,actual_load,Actual Load,2026-07-26T13:03:42Z
2026-07-26T12:59:54Z,2026-07-26T14:59:54+0200,adf59793-da45-49b4-9a92-f95cd560cccb,2026-07-09T18:45:00Z,2026-07-09T20:45:00+0200,56156.21493,MW,DE,DE_LU,actual_load,Actual Load,2026-07-26T13:03:42Z
2026-07-26T12:59:54Z,2026-07-26T14:59:54+0200,adf59793-da45-49b4-9a92-f95cd560cccb,2026-07-09T19:00:00Z,2026-07-09T21:00:00+0200,54888.81258,MW,DE,DE_LU,actual_load,Actual Load,2026-07-26T13:03:42Z
2026-07-26T12:59:54Z,2026-07-26T14:59:54+0200,adf59793-da45-49b4-9a92-f95cd560cccb,2026-07-09T19:15:00Z,2026-07-09T21:15:00+0200,54573.40504,MW,DE,DE_LU,actual_load,Actual Load,2026-07-26T13:03:42Z
2026-07-26T12:59:54Z,2026-07-26T14:59:54+0200,adf59793-da45-49b4-9a92-f95cd560cccb,2026-07-09T19:30:00Z,2026-07-09T21:30:00+0200,54322.92738,MW,DE,DE_LU,actual_load,Actual Load,2026-07-26T13:03:42Z
2026-07-26T12:59:54Z,2026-07-26T14:59:54+0200,adf59793-da45-49b4-9a92-f95cd560cccb,2026-07-09T19:45:00Z,2026-07-09T21:45:00+0200,54213.12053,MW,DE,DE_LU,actual_load,Actual Load,2026-07-26T13:03:42Z
2026-07-26T12:59:54Z,2026-07-26T14:59:54+0200,adf59793-da45-49b4-9a92-f95cd560cccb,2026-07-09T20:00:00Z,2026-07-09T22:00:00+0200,52802.18701,MW,DE,DE_LU,actual_load,Actual Load,2026-07-26T13:03:42Z
2026-07-26T12:59:54Z,2026-07-26T14:59:54+0200,adf59793-da45-49b4-9a92-f95cd560cccb,2026-07-09T20:15:00Z,2026-07-09T22:15:00+0200,52250.2539,MW,DE,DE_LU,actual_load,Actual Load,2026-07-26T13:03:42Z
2026-07-26T12:59:54Z,2026-07-26T14:59:54+0200,adf59793-da45-49b4-9a92-f95cd560cccb,2026-07-09T20:30:00Z,2026-07-09T22:30:00+0200,51475.85977,MW,DE,DE_LU,actual_load,Actual Load,2026-07-26T13:03:42Z
2026-07-26T12:59:54Z,2026-07-26T14:59:54+0200,adf59793-da45-49b4-9a92-f95cd560cccb,2026-07-09T20:45:00Z,2026-07-09T22:45:00+0200,51359.07036,MW,DE,DE_LU,actual_load,Actual Load,2026-07-26T13:03:42Z
2026-07-26T12:59:54Z,2026-07-26T14:59:54+0200,adf59793-da45-49b4-9a92-f95cd560cccb,2026-07-09T21:00:00Z,2026-07-09T23:00:00+0200,50161.44033,MW,DE,DE_LU,actual_load,Actual Load,2026-07-26T13:03:42Z
2026-07-26T12:59:54Z,2026-07-26T14:59:54+0200,adf59793-da45-49b4-9a92-f95cd560cccb,2026-07-09T21:15:00Z,2026-07-09T23:15:00+0200,49261.40567,MW,DE,DE_LU,actual_load,Actual Load,2026-07-26T13:03:42Z
2026-07-26T12:59:54Z,2026-07-26T14:59:54+0200,adf59793-da45-49b4-9a92-f95cd560cccb,2026-07-09T21:30:00Z,2026-07-09T23:30:00+0200,48739.60788,MW,DE,DE_LU,actual_load,Actual Load,2026-07-26T13:03:42Z
2026-07-26T12:59:54Z,2026-07-26T14:59:54+0200,adf59793-da45-49b4-9a92-f95cd560cccb,2026-07-09T21:45:00Z,2026-07-09T23:45:00+0200,48430.26628,MW,DE,DE_LU,actual_load,Actual Load,2026-07-26T13:03:42Z
2026-07-26T12:59:54Z,2026-07-26T14:59:54+0200,adf59793-da45-49b4-9a92-f95cd560cccb,2026-07-09T22:00:00Z,2026-07-10T00:00:00+0200,47448.30551,MW,DE,DE_LU,actual_load,Actual Load,2026-07-26T13:03:42Z
2026-07-26T12:59:54Z,2026-07-26T14:59:54+0200,adf59793-da45-49b4-9a92-f95cd560cccb,2026-07-09T22:15:00Z,2026-07-10T00:15:00+0200,47515.50061,MW,DE,DE_LU,actual_load,Actual Load,2026-07-26T13:03:42Z
2026-07-26T12:59:54Z,2026-07-26T14:59:54+0200,adf59793-da45-49b4-9a92-f95cd560cccb,2026-07-09T22:30:00Z,2026-07-10T00:30:00+0200,46664.69954,MW,DE,DE_LU,actual_load,Actual Load,2026-07-26T13:03:42Z
2026-07-26T12:59:54Z,2026-07-26T14:59:54+0200,adf59793-da45-49b4-9a92-f95cd560cccb,2026-07-09T22:45:00Z,2026-07-10T00:45:00+0200,46320.93876,MW,DE,DE_LU,actual_load,Actual Load,2026-07-26T13:03:42Z
2026-07-26T12:59:54Z,2026-07-26T14:59:54+0200,adf59793-da45-49b4-9a92-f95cd560cccb,2026-07-09T23:00:00Z,2026-07-10T01:00:00+0200,45737.5234,MW,DE,DE_LU,actual_load,Actual Load,2026-07-26T13:03:42Z
2026-07-26T12:59:54Z,2026-07-26T14:59:54+0200,adf59793-da45-49b4-9a92-f95cd560cccb,2026-07-09T23:15:00Z,2026-07-10T01:15:00+0200,45478.70913,MW,DE,DE_LU,actual_load,Actual Load,2026-07-26T13:03:42Z
2026-07-26T12:59:54Z,2026-07-26T14:59:54+0200,adf59793-da45-49b4-9a92-f95cd560cccb,2026-07-09T23:30:00Z,2026-07-10T01:30:00+0200,45693.20475,MW,DE,DE_LU,actual_load,Actual Load,2026-07-26T13:03:42Z
2026-07-26T12:59:54Z,2026-07-26T14:59:54+0200,adf59793-da45-49b4-9a92-f95cd560cccb,2026-07-09T23:45:00Z,2026-07-10T01:45:00+0200,44960.54601,MW,DE,DE_LU,actual_load,Actual Load,2026-07-26T13:03:42Z
2026-07-26T12:59:54Z,2026-07-26T14:59:54+0200,adf59793-da45-49b4-9a92-f95cd560cccb,2026-07-10T00:00:00Z,2026-07-10T02:00:00+0200,44875.98697,MW,DE,DE_LU,actual_load,Actual Load,2026-07-26T13:03:42Z
2026-07-26T12:59:54Z,2026-07-26T14:59:54+0200,adf59793-da45-49b4-9a92-f95cd560cccb,2026-07-10T00:15:00Z,2026-07-10T02:15:00+0200,44996.74945,MW,DE,DE_LU,actual_load,Actual Load,2026-07-26T13:03:42Z
2026-07-26T12:59:54Z,2026-07-26T14:59:54+0200,adf59793-da45-49b4-9a92-f95cd560cccb,2026-07-10T00:30:00Z,2026-07-10T02:30:00+0200,44998.36542,MW,DE,DE_LU,actual_load,Actual Load,2026-07-26T13:03:42Z
2026-07-26T12:59:54Z,2026-07-26T14:59:54+0200,adf59793-da45-49b4-9a92-f95cd560cccb,2026-07-10T00:45:00Z,2026-07-10T02:45:00+0200,44936.10979,MW,DE,DE_LU,actual_load,Actual Load,2026-07-26T13:03:42Z
2026-07-26T12:59:54Z,2026-07-26T14:59:54+0200,adf59793-da45-49b4-9a92-f95cd560cccb,2026-07-10T01:00:00Z,2026-07-10T03:00:00+0200,45238.17336,MW,DE,DE_LU,actual_load,Actual Load,2026-07-26T13:03:42Z
2026-07-26T12:59:54Z,2026-07-26T14:59:54+0200,adf59793-da45-49b4-9a92-f95cd560cccb,2026-07-10T01:15:00Z,2026-07-10T03:15:00+0200,44829.72967,MW,DE,DE_LU,actual_load,Actual Load,2026-07-26T13:03:42Z
2026-07-26T12:59:54Z,2026-07-26T14:59:54+0200,adf59793-da45-49b4-9a92-f95cd560cccb,2026-07-10T01:30:00Z,2026-07-10T03:30:00+0200,44569.8871,MW,DE,DE_LU,actual_load,Actual Load,2026-07-26T13:03:42Z
2026-07-26T12:59:54Z,2026-07-26T14:59:54+0200,adf59793-da45-49b4-9a92-f95cd560cccb,2026-07-10T01:45:00Z,2026-07-10T03:45:00+0200,44380.4752,MW,DE,DE_LU,actual_load,Actual Load,2026-07-26T13:03:42Z
2026-07-26T12:59:54Z,2026-07-26T14:59:54+0200,adf59793-da45-49b4-9a92-f95cd560cccb,2026-07-10T02:00:00Z,2026-07-10T04:00:00+0200,44737.10286,MW,DE,DE_LU,actual_load,Actual Load,2026-07-26T13:03:42Z
2026-07-26T12:59:54Z,2026-07-26T14:59:54+0200,adf59793-da45-49b4-9a92-f95cd560cccb,2026-07-10T02:15:00Z,2026-07-10T04:15:00+0200,45014.48855,MW,DE,DE_LU,actual_load,Actual Load,2026-07-26T13:03:42Z
2026-07-26T12:59:54Z,2026-07-26T14:59:54+0200,adf59793-da45-49b4-9a92-f95cd560cccb,2026-07-10T02:30:00Z,2026-07-10T04:30:00+0200,45744.86668,MW,DE,DE_LU,actual_load,Actual Load,2026-07-26T13:03:42Z
2026-07-26T12:59:54Z,2026-07-26T14:59:54+0200,adf59793-da45-49b4-9a92-f95cd560cccb,2026-07-10T02:45:00Z,2026-07-10T04:45:00+0200,45585.82791,MW,DE,DE_LU,actual_load,Actual Load,2026-07-26T13:03:42Z
2026-07-26T12:59:54Z,2026-07-26T14:59:54+0200,adf59793-da45-49b4-9a92-f95cd560cccb,2026-07-10T03:00:00Z,2026-07-10T05:00:00+0200,46224.68977,MW,DE,DE_LU,actual_load,Actual Load,2026-07-26T13:03:42Z
2026-07-26T12:59:54Z,2026-07-26T14:59:54+0200,adf59793-da45-49b4-9a92-f95cd560cccb,2026-07-10T03:15:00Z,2026-07-10T05:15:00+0200,46488.36708,MW,DE,DE_LU,actual_load,Actual Load,2026-07-26T13:03:42Z
2026-07-26T12:59:54Z,2026-07-26T14:59:54+0200,adf59793-da45-49b4-9a92-f95cd560cccb,2026-07-10T03:30:00Z,2026-07-10T05:30:00+0200,46989.62519,MW,DE,DE_LU,actual_load,Actual Load,2026-07-26T13:03:42Z
2026-07-26T12:59:54Z,2026-07-26T14:59:54+0200,adf59793-da45-49b4-9a92-f95cd560cccb,2026-07-10T03:45:00Z,2026-07-10T05:45:00+0200,48829.19087,MW,DE,DE_LU,actual_load,Actual Load,2026-07-26T13:03:42Z
2026-07-26T12:59:54Z,2026-07-26T14:59:54+0200,adf59793-da45-49b4-9a92-f95cd560cccb,2026-07-10T04:00:00Z,2026-07-10T06:00:00+0200,51460.56313,MW,DE,DE_LU,actual_load,Actual Load,2026-07-26T13:03:42Z
2026-07-26T12:59:54Z,2026-07-26T14:59:54+0200,adf59793-da45-49b4-9a92-f95cd560cccb,2026-07-10T04:15:00Z,2026-07-10T06:15:00+0200,52902.58084,MW,DE,DE_LU,actual_load,Actual Load,2026-07-26T13:03:42Z
2026-07-26T12:59:54Z,2026-07-26T14:59:54+0200,adf59793-da45-49b4-9a92-f95cd560cccb,2026-07-10T04:30:00Z,2026-07-10T06:30:00+0200,54330.58797,MW,DE,DE_LU,actual_load,Actual Load,2026-07-26T13:03:42Z
2026-07-26T12:59:54Z,2026-07-26T14:59:54+0200,adf59793-da45-49b4-9a92-f95cd560cccb,2026-07-10T04:45:00Z,2026-07-10T06:45:00+0200,56088.06737,MW,DE,DE_LU,actual_load,Actual Load,2026-07-26T13:03:42Z
2026-07-26T12:59:54Z,2026-07-26T14:59:54+0200,adf59793-da45-49b4-9a92-f95cd560cccb,2026-07-10T05:00:00Z,2026-07-10T07:00:00+0200,56243.24169,MW,DE,DE_LU,actual_load,Actual Load,2026-07-26T13:03:42Z
2026-07-26T12:59:54Z,2026-07-26T14:59:54+0200,adf59793-da45-49b4-9a92-f95cd560cccb,2026-07-10T05:15:00Z,2026-07-10T07:15:00+0200,57822.88739,MW,DE,DE_LU,actual_load,Actual Load,2026-07-26T13:03:42Z
2026-07-26T12:59:54Z,2026-07-26T14:59:54+0200,adf59793-da45-49b4-9a92-f95cd560cccb,2026-07-10T05:30:00Z,2026-07-10T07:30:00+0200,59073.11615,MW,DE,DE_LU,actual_load,Actual Load,2026-07-26T13:03:42Z
2026-07-26T12:59:54Z,2026-07-26T14:59:54+0200,adf59793-da45-49b4-9a92-f95cd560cccb,2026-07-10T05:45:00Z,2026-07-10T07:45:00+0200,60002.30221,MW,DE,DE_LU,actual_load,Actual Load,2026-07-26T13:03:42Z
2026-07-26T12:59:54Z,2026-07-26T14:59:54+0200,adf59793-da45-49b4-9a92-f95cd560cccb,2026-07-10T06:00:00Z,2026-07-10T08:00:00+0200,60213.42829,MW,DE,DE_LU,actual_load,Actual Load,2026-07-26T13:03:42Z
2026-07-26T12:59:54Z,2026-07-26T14:59:54+0200,adf59793-da45-49b4-9a92-f95cd560cccb,2026-07-10T06:15:00Z,2026-07-10T08:15:00+0200,61110.07107,MW,DE,DE_LU,actual_load,Actual Load,2026-07-26T13:03:42Z
2026-07-26T12:59:54Z,2026-07-26T14:59:54+0200,adf59793-da45-49b4-9a92-f95cd560cccb,2026-07-10T06:30:00Z,2026-07-10T08:30:00+0200,61448.22089,MW,DE,DE_LU,actual_load,Actual Load,2026-07-26T13:03:42Z
2026-07-26T12:59:54Z,2026-07-26T14:59:54+0200,adf59793-da45-49b4-9a92-f95cd560cccb,2026-07-10T06:45:00Z,2026-07-10T08:45:00+0200,61754.32974,MW,DE,DE_LU,actual_load,Actual Load,2026-07-26T13:03:42Z
2026-07-26T12:59:54Z,2026-07-26T14:59:54+0200,adf59793-da45-49b4-9a92-f95cd560cccb,2026-07-10T07:00:00Z,2026-07-10T09:00:00+0200,59709.38589,MW,DE,DE_LU,actual_load,Actual Load,2026-07-26T13:03:42Z
2026-07-26T12:59:54Z,2026-07-26T14:59:54+0200,adf59793-da45-49b4-9a92-f95cd560cccb,2026-07-10T07:15:00Z,2026-07-10T09:15:00+0200,59726.83611,MW,DE,DE_LU,actual_load,Actual Load,2026-07-26T13:03:42Z
2026-07-26T12:59:54Z,2026-07-26T14:59:54+0200,adf59793-da45-49b4-9a92-f95cd560cccb,2026-07-10T07:30:00Z,2026-07-10T09:30:00+0200,59743.34903,MW,DE,DE_LU,actual_load,Actual Load,2026-07-26T13:03:42Z
2026-07-26T12:59:54Z,2026-07-26T14:59:54+0200,adf59793-da45-49b4-9a92-f95cd560cccb,2026-07-10T07:45:00Z,2026-07-10T09:45:00+0200,59802.77684,MW,DE,DE_LU,actual_load,Actual Load,2026-07-26T13:03:42Z
2026-07-26T12:59:54Z,2026-07-26T14:59:54+0200,adf59793-da45-49b4-9a92-f95cd560cccb,2026-07-10T08:00:00Z,2026-07-10T10:00:00+0200,58633.55364,MW,DE,DE_LU,actual_load,Actual Load,2026-07-26T13:03:42Z
2026-07-26T12:59:54Z,2026-07-26T14:59:54+0200,adf59793-da45-49b4-9a92-f95cd560cccb,2026-07-10T08:15:00Z,2026-07-10T10:15:00+0200,57938.59843,MW,DE,DE_LU,actual_load,Actual Load,2026-07-26T13:03:42Z
2026-07-26T12:59:54Z,2026-07-26T14:59:54+0200,adf59793-da45-49b4-9a92-f95cd560cccb,2026-07-10T08:30:00Z,2026-07-10T10:30:00+0200,57960.70851,MW,DE,DE_LU,actual_load,Actual Load,2026-07-26T13:03:42Z
2026-07-26T12:59:54Z,2026-07-26T14:59:54+0200,adf59793-da45-49b4-9a92-f95cd560cccb,2026-07-10T08:45:00Z,2026-07-10T10:45:00+0200,57446.13586,MW,DE,DE_LU,actual_load,Actual Load,2026-07-26T13:03:42Z
2026-07-26T12:59:54Z,2026-07-26T14:59:54+0200,adf59793-da45-49b4-9a92-f95cd560cccb,2026-07-10T09:00:00Z,2026-07-10T11:00:00+0200,56613.50967,MW,DE,DE_LU,actual_load,Actual Load,2026-07-26T13:03:42Z
2026-07-26T12:59:54Z,2026-07-26T14:59:54+0200,adf59793-da45-49b4-9a92-f95cd560cccb,2026-07-10T09:15:00Z,2026-07-10T11:15:00+0200,56593.70998,MW,DE,DE_LU,actual_load,Actual Load,2026-07-26T13:03:42Z
2026-07-26T12:59:54Z,2026-07-26T14:59:54+0200,adf59793-da45-49b4-9a92-f95cd560cccb,2026-07-10T09:30:00Z,2026-07-10T11:30:00+0200,56840.29241,MW,DE,DE_LU,actual_load,Actual Load,2026-07-26T13:03:42Z
2026-07-26T12:59:54Z,2026-07-26T14:59:54+0200,adf59793-da45-49b4-9a92-f95cd560cccb,2026-07-10T09:45:00Z,2026-07-10T11:45:00+0200,56526.65208,MW,DE,DE_LU,actual_load,Actual Load,2026-07-26T13:03:42Z
2026-07-26T12:59:54Z,2026-07-26T14:59:54+0200,adf59793-da45-49b4-9a92-f95cd560cccb,2026-07-10T10:00:00Z,2026-07-10T12:00:00+0200,55304.90942,MW,DE,DE_LU,actual_load,Actual Load,2026-07-26T13:03:42Z
2026-07-26T12:59:54Z,2026-07-26T14:59:54+0200,adf59793-da45-49b4-9a92-f95cd560cccb,2026-07-10T10:15:00Z,2026-07-10T12:15:00+0200,55570.32345,MW,DE,DE_LU,actual_load,Actual Load,2026-07-26T13:03:42Z
2026-07-26T12:59:54Z,2026-07-26T14:59:54+0200,adf59793-da45-49b4-9a92-f95cd560cccb,2026-07-10T10:30:00Z,2026-07-10T12:30:00+0200,55196.85418,MW,DE,DE_LU,actual_load,Actual Load,2026-07-26T13:03:42Z
2026-07-26T12:59:54Z,2026-07-26T14:59:54+0200,adf59793-da45-49b4-9a92-f95cd560cccb,2026-07-10T10:45:00Z,2026-07-10T12:45:00+0200,55523.49233,MW,DE,DE_LU,actual_load,Actual Load,2026-07-26T13:03:42Z
2026-07-26T12:59:54Z,2026-07-26T14:59:54+0200,adf59793-da45-49b4-9a92-f95cd560cccb,2026-07-10T11:00:00Z,2026-07-10T13:00:00+0200,55273.13082,MW,DE,DE_LU,actual_load,Actual Load,2026-07-26T13:03:42Z
2026-07-26T12:59:54Z,2026-07-26T14:59:54+0200,adf59793-da45-49b4-9a92-f95cd560cccb,2026-07-10T11:15:00Z,2026-07-10T13:15:00+0200,54767.03538,MW,DE,DE_LU,actual_load,Actual Load,2026-07-26T13:03:42Z
2026-07-26T12:59:54Z,2026-07-26T14:59:54+0200,adf59793-da45-49b4-9a92-f95cd560cccb,2026-07-10T11:30:00Z,2026-07-10T13:30:00+0200,54753.66034,MW,DE,DE_LU,actual_load,Actual Load,2026-07-26T13:03:42Z
2026-07-26T12:59:54Z,2026-07-26T14:59:54+0200,adf59793-da45-49b4-9a92-f95cd560cccb,2026-07-10T11:45:00Z,2026-07-10T13:45:00+0200,54568.9161,MW,DE,DE_LU,actual_load,Actual Load,2026-07-26T13:03:42Z
2026-07-26T12:59:54Z,2026-07-26T14:59:54+0200,adf59793-da45-49b4-9a92-f95cd560cccb,2026-07-10T12:00:00Z,2026-07-10T14:00:00+0200,54059.77466,MW,DE,DE_LU,actual_load,Actual Load,2026-07-26T13:03:42Z
2026-07-26T12:59:54Z,2026-07-26T14:59:54+0200,adf59793-da45-49b4-9a92-f95cd560cccb,2026-07-10T12:15:00Z,2026-07-10T14:15:00+0200,53329.74041,MW,DE,DE_LU,actual_load,Actual Load,2026-07-26T13:03:42Z
2026-07-26T12:59:54Z,2026-07-26T14:59:54+0200,adf59793-da45-49b4-9a92-f95cd560cccb,2026-07-10T12:30:00Z,2026-07-10T14:30:00+0200,53448.53619,MW,DE,DE_LU,actual_load,Actual Load,2026-07-26T13:03:42Z
2026-07-26T12:59:54Z,2026-07-26T14:59:54+0200,adf59793-da45-49b4-9a92-f95cd560cccb,2026-07-10T12:45:00Z,2026-07-10T14:45:00+0200,53379.68429,MW,DE,DE_LU,actual_load,Actual Load,2026-07-26T13:03:42Z
2026-07-26T12:59:54Z,2026-07-26T14:59:54+0200,adf59793-da45-49b4-9a92-f95cd560cccb,2026-07-10T13:00:00Z,2026-07-10T15:00:00+0200,52809.63681,MW,DE,DE_LU,actual_load,Actual Load,2026-07-26T13:03:42Z
2026-07-26T12:59:54Z,2026-07-26T14:59:54+0200,adf59793-da45-49b4-9a92-f95cd560cccb,2026-07-10T13:15:00Z,2026-07-10T15:15:00+0200,52402.5119,MW,DE,DE_LU,actual_load,Actual Load,2026-07-26T13:03:42Z
2026-07-26T12:59:54Z,2026-07-26T14:59:54+0200,adf59793-da45-49b4-9a92-f95cd560cccb,2026-07-10T13:30:00Z,2026-07-10T15:30:00+0200,52214.45401,MW,DE,DE_LU,actual_load,Actual Load,2026-07-26T13:03:42Z
2026-07-26T12:59:54Z,2026-07-26T14:59:54+0200,adf59793-da45-49b4-9a92-f95cd560cccb,2026-07-10T13:45:00Z,2026-07-10T15:45:00+0200,51972.73901,MW,DE,DE_LU,actual_load,Actual Load,2026-07-26T13:03:42Z
2026-07-26T12:59:54Z,2026-07-26T14:59:54+0200,adf59793-da45-49b4-9a92-f95cd560cccb,2026-07-10T14:00:00Z,2026-07-10T16:00:00+0200,53042.51054,MW,DE,DE_LU,actual_load,Actual Load,2026-07-26T13:03:42Z
2026-07-26T12:59:54Z,2026-07-26T14:59:54+0200,adf59793-da45-49b4-9a92-f95cd560cccb,2026-07-10T14:15:00Z,2026-07-10T16:15:00+0200,53149.13698,MW,DE,DE_LU,actual_load,Actual Load,2026-07-26T13:03:42Z
2026-07-26T12:59:54Z,2026-07-26T14:59:54+0200,adf59793-da45-49b4-9a92-f95cd560cccb,2026-07-10T14:30:00Z,2026-07-10T16:30:00+0200,53034.96061,MW,DE,DE_LU,actual_load,Actual Load,2026-07-26T13:03:42Z
2026-07-26T12:59:54Z,2026-07-26T14:59:54+0200,adf59793-da45-49b4-9a92-f95cd560cccb,2026-07-10T14:45:00Z,2026-07-10T16:45:00+0200,53185.56914,MW,DE,DE_LU,actual_load,Actual Load,2026-07-26T13:03:42Z
2026-07-26T12:59:54Z,2026-07-26T14:59:54+0200,adf59793-da45-49b4-9a92-f95cd560cccb,2026-07-10T15:00:00Z,2026-07-10T17:00:00+0200,53943.0785,MW,DE,DE_LU,actual_load,Actual Load,2026-07-26T13:03:42Z
2026-07-26T12:59:54Z,2026-07-26T14:59:54+0200,adf59793-da45-49b4-9a92-f95cd560cccb,2026-07-10T15:15:00Z,2026-07-10T17:15:00+0200,53895.48856,MW,DE,DE_LU,actual_load,Actual Load,2026-07-26T13:03:42Z
2026-07-26T12:59:54Z,2026-07-26T14:59:54+0200,adf59793-da45-49b4-9a92-f95cd560cccb,2026-07-10T15:30:00Z,2026-07-10T17:30:00+0200,54264.29574,MW,DE,DE_LU,actual_load,Actual Load,2026-07-26T13:03:42Z
2026-07-26T12:59:54Z,2026-07-26T14:59:54+0200,adf59793-da45-49b4-9a92-f95cd560cccb,2026-07-10T15:45:00Z,2026-07-10T17:45:00+0200,54885.78802,MW,DE,DE_LU,actual_load,Actual Load,2026-07-26T13:03:42Z
2026-07-26T12:59:54Z,2026-07-26T14:59:54+0200,adf59793-da45-49b4-9a92-f95cd560cccb,2026-07-10T16:00:00Z,2026-07-10T18:00:00+0200,55461.97961,MW,DE,DE_LU,actual_load,Actual Load,2026-07-26T13:03:42Z
2026-07-26T12:59:54Z,2026-07-26T14:59:54+0200,adf59793-da45-49b4-9a92-f95cd560cccb,2026-07-10T16:15:00Z,2026-07-10T18:15:00+0200,55923.45424,MW,DE,DE_LU,actual_load,Actual Load,2026-07-26T13:03:42Z
2026-07-26T12:59:54Z,2026-07-26T14:59:54+0200,adf59793-da45-49b4-9a92-f95cd560cccb,2026-07-10T16:30:00Z,2026-07-10T18:30:00+0200,56667.62608,MW,DE,DE_LU,actual_load,Actual Load,2026-07-26T13:03:42Z
2026-07-26T12:59:54Z,2026-07-26T14:59:54+0200,adf59793-da45-49b4-9a92-f95cd560cccb,2026-07-10T16:45:00Z,2026-07-10T18:45:00+0200,56916.55928,MW,DE,DE_LU,actual_load,Actual Load,2026-07-26T13:03:42Z
2026-07-26T12:59:54Z,2026-07-26T14:59:54+0200,adf59793-da45-49b4-9a92-f95cd560cccb,2026-07-10T17:00:00Z,2026-07-10T19:00:00+0200,57223.71986,MW,DE,DE_LU,actual_load,Actual Load,2026-07-26T13:03:42Z
2026-07-26T12:59:54Z,2026-07-26T14:59:54+0200,adf59793-da45-49b4-9a92-f95cd560cccb,2026-07-10T17:15:00Z,2026-07-10T19:15:00+0200,56904.33957,MW,DE,DE_LU,actual_load,Actual Load,2026-07-26T13:03:42Z
2026-07-26T12:59:54Z,2026-07-26T14:59:54+0200,adf59793-da45-49b4-9a92-f95cd560cccb,2026-07-10T17:30:00Z,2026-07-10T19:30:00+0200,56573.24074,MW,DE,DE_LU,actual_load,Actual Load,2026-07-26T13:03:42Z
2026-07-26T12:59:54Z,2026-07-26T14:59:54+0200,adf59793-da45-49b4-9a92-f95cd560cccb,2026-07-10T17:45:00Z,2026-07-10T19:45:00+0200,56097.52457,MW,DE,DE_LU,actual_load,Actual Load,2026-07-26T13:03:42Z
2026-07-26T12:59:54Z,2026-07-26T14:59:54+0200,adf59793-da45-49b4-9a92-f95cd560cccb,2026-07-10T18:00:00Z,2026-07-10T20:00:00+0200,56510.47217,MW,DE,DE_LU,actual_load,Actual Load,2026-07-26T13:03:42Z
2026-07-26T12:59:54Z,2026-07-26T14:59:54+0200,adf59793-da45-49b4-9a92-f95cd560cccb,2026-07-10T18:15:00Z,2026-07-10T20:15:00+0200,55752.99004,MW,DE,DE_LU,actual_load,Actual Load,2026-07-26T13:03:42Z
2026-07-26T12:59:54Z,2026-07-26T14:59:54+0200,adf59793-da45-49b4-9a92-f95cd560cccb,2026-07-10T18:30:00Z,2026-07-10T20:30:00+0200,54385.24267,MW,DE,DE_LU,actual_load,Actual Load,2026-07-26T13:03:42Z
2026-07-26T12:59:54Z,2026-07-26T14:59:54+0200,adf59793-da45-49b4-9a92-f95cd560cccb,2026-07-10T18:45:00Z,2026-07-10T20:45:00+0200,54125.90066,MW,DE,DE_LU,actual_load,Actual Load,2026-07-26T13:03:42Z
2026-07-26T12:59:54Z,2026-07-26T14:59:54+0200,adf59793-da45-49b4-9a92-f95cd560cccb,2026-07-10T19:00:00Z,2026-07-10T21:00:00+0200,53585.18106,MW,DE,DE_LU,actual_load,Actual Load,2026-07-26T13:03:42Z
2026-07-26T12:59:54Z,2026-07-26T14:59:54+0200,adf59793-da45-49b4-9a92-f95cd560cccb,2026-07-10T19:15:00Z,2026-07-10T21:15:00+0200,52659.63755,MW,DE,DE_LU,actual_load,Actual Load,2026-07-26T13:03:42Z
2026-07-26T12:59:54Z,2026-07-26T14:59:54+0200,adf59793-da45-49b4-9a92-f95cd560cccb,2026-07-10T19:30:00Z,2026-07-10T21:30:00+0200,52224.64939,MW,DE,DE_LU,actual_load,Actual Load,2026-07-26T13:03:42Z
2026-07-26T12:59:54Z,2026-07-26T14:59:54+0200,adf59793-da45-49b4-9a92-f95cd560cccb,2026-07-10T19:45:00Z,2026-07-10T21:45:00+0200,52176.28544,MW,DE,DE_LU,actual_load,Actual Load,2026-07-26T13:03:42Z
2026-07-26T12:59:54Z,2026-07-26T14:59:54+0200,adf59793-da45-49b4-9a92-f95cd560cccb,2026-07-10T20:00:00Z,2026-07-10T22:00:00+0200,51084.96612,MW,DE,DE_LU,actual_load,Actual Load,2026-07-26T13:03:42Z
2026-07-26T12:59:54Z,2026-07-26T14:59:54+0200,adf59793-da45-49b4-9a92-f95cd560cccb,2026-07-10T20:15:00Z,2026-07-10T22:15:00+0200,50608.8298,MW,DE,DE_LU,actual_load,Actual Load,2026-07-26T13:03:42Z
2026-07-26T12:59:54Z,2026-07-26T14:59:54+0200,adf59793-da45-49b4-9a92-f95cd560cccb,2026-07-10T20:30:00Z,2026-07-10T22:30:00+0200,50302.37073,MW,DE,DE_LU,actual_load,Actual Load,2026-07-26T13:03:42Z
2026-07-26T12:59:54Z,2026-07-26T14:59:54+0200,adf59793-da45-49b4-9a92-f95cd560cccb,2026-07-10T20:45:00Z,2026-07-10T22:45:00+0200,49925.51507,MW,DE,DE_LU,actual_load,Actual Load,2026-07-26T13:03:42Z
2026-07-26T12:59:54Z,2026-07-26T14:59:54+0200,adf59793-da45-49b4-9a92-f95cd560cccb,2026-07-10T21:00:00Z,2026-07-10T23:00:00+0200,48689.01486,MW,DE,DE_LU,actual_load,Actual Load,2026-07-26T13:03:42Z
2026-07-26T12:59:54Z,2026-07-26T14:59:54+0200,adf59793-da45-49b4-9a92-f95cd560cccb,2026-07-10T21:15:00Z,2026-07-10T23:15:00+0200,48395.32763,MW,DE,DE_LU,actual_load,Actual Load,2026-07-26T13:03:42Z
2026-07-26T12:59:54Z,2026-07-26T14:59:54+0200,adf59793-da45-49b4-9a92-f95cd560cccb,2026-07-10T21:30:00Z,2026-07-10T23:30:00+0200,47799.75702,MW,DE,DE_LU,actual_load,Actual Load,2026-07-26T13:03:42Z
2026-07-26T12:59:54Z,2026-07-26T14:59:54+0200,adf59793-da45-49b4-9a92-f95cd560cccb,2026-07-10T21:45:00Z,2026-07-10T23:45:00+0200,47200.01287,MW,DE,DE_LU,actual_load,Actual Load,2026-07-26T13:03:42Z
2026-07-26T12:59:54Z,2026-07-26T14:59:54+0200,adf59793-da45-49b4-9a92-f95cd560cccb,2026-07-10T22:00:00Z,2026-07-11T00:00:00+0200,45721.50704,MW,DE,DE_LU,actual_load,Actual Load,2026-07-26T13:03:42Z
2026-07-26T12:59:54Z,2026-07-26T14:59:54+0200,adf59793-da45-49b4-9a92-f95cd560cccb,2026-07-10T22:15:00Z,2026-07-11T00:15:00+0200,45047.28654,MW,DE,DE_LU,actual_load,Actual Load,2026-07-26T13:03:42Z
2026-07-26T12:59:54Z,2026-07-26T14:59:54+0200,adf59793-da45-49b4-9a92-f95cd560cccb,2026-07-10T22:30:00Z,2026-07-11T00:30:00+0200,45035.60213,MW,DE,DE_LU,actual_load,Actual Load,2026-07-26T13:03:42Z
2026-07-26T12:59:54Z,2026-07-26T14:59:54+0200,adf59793-da45-49b4-9a92-f95cd560cccb,2026-07-10T22:45:00Z,2026-07-11T00:45:00+0200,44666.35729,MW,DE,DE_LU,actual_load,Actual Load,2026-07-26T13:03:42Z
2026-07-26T12:59:54Z,2026-07-26T14:59:54+0200,adf59793-da45-49b4-9a92-f95cd560cccb,2026-07-10T23:00:00Z,2026-07-11T01:00:00+0200,43590.26559,MW,DE,DE_LU,actual_load,Actual Load,2026-07-26T13:03:42Z
2026-07-26T12:59:54Z,2026-07-26T14:59:54+0200,adf59793-da45-49b4-9a92-f95cd560cccb,2026-07-10T23:15:00Z,2026-07-11T01:15:00+0200,42974.21563,MW,DE,DE_LU,actual_load,Actual Load,2026-07-26T13:03:42Z
2026-07-26T12:59:54Z,2026-07-26T14:59:54+0200,adf59793-da45-49b4-9a92-f95cd560cccb,2026-07-10T23:30:00Z,2026-07-11T01:30:00+0200,43123.03473,MW,DE,DE_LU,actual_load,Actual Load,2026-07-26T13:03:42Z
2026-07-26T12:59:54Z,2026-07-26T14:59:54+0200,adf59793-da45-49b4-9a92-f95cd560cccb,2026-07-10T23:45:00Z,2026-07-11T01:45:00+0200,42740.70882,MW,DE,DE_LU,actual_load,Actual Load,2026-07-26T13:03:42Z
2026-07-26T12:59:54Z,2026-07-26T14:59:54+0200,adf59793-da45-49b4-9a92-f95cd560cccb,2026-07-11T00:00:00Z,2026-07-11T02:00:00+0200,41947.73597,MW,DE,DE_LU,actual_load,Actual Load,2026-07-26T13:03:42Z
2026-07-26T12:59:54Z,2026-07-26T14:59:54+0200,adf59793-da45-49b4-9a92-f95cd560cccb,2026-07-11T00:15:00Z,2026-07-11T02:15:00+0200,42000.02544,MW,DE,DE_LU,actual_load,Actual Load,2026-07-26T13:03:42Z
2026-07-26T12:59:54Z,2026-07-26T14:59:54+0200,adf59793-da45-49b4-9a92-f95cd560cccb,2026-07-11T00:30:00Z,2026-07-11T02:30:00+0200,42344.78215,MW,DE,DE_LU,actual_load,Actual Load,2026-07-26T13:03:42Z
2026-07-26T12:59:54Z,2026-07-26T14:59:54+0200,adf59793-da45-49b4-9a92-f95cd560cccb,2026-07-11T00:45:00Z,2026-07-11T02:45:00+0200,42279.36164,MW,DE,DE_LU,actual_load,Actual Load,2026-07-26T13:03:42Z
2026-07-26T12:59:54Z,2026-07-26T14:59:54+0200,adf59793-da45-49b4-9a92-f95cd560cccb,2026-07-11T01:00:00Z,2026-07-11T03:00:00+0200,42588.4857,MW,DE,DE_LU,actual_load,Actual Load,2026-07-26T13:03:42Z
2026-07-26T12:59:54Z,2026-07-26T14:59:54+0200,adf59793-da45-49b4-9a92-f95cd560cccb,2026-07-11T01:15:00Z,2026-07-11T03:15:00+0200,42693.02212,MW,DE,DE_LU,actual_load,Actual Load,2026-07-26T13:03:42Z
2026-07-26T12:59:54Z,2026-07-26T14:59:54+0200,adf59793-da45-49b4-9a92-f95cd560cccb,2026-07-11T01:30:00Z,2026-07-11T03:30:00+0200,42158.84275,MW,DE,DE_LU,actual_load,Actual Load,2026-07-26T13:03:42Z
2026-07-26T12:59:54Z,2026-07-26T14:59:54+0200,adf59793-da45-49b4-9a92-f95cd560cccb,2026-07-11T01:45:00Z,2026-07-11T03:45:00+0200,42414.07524,MW,DE,DE_LU,actual_load,Actual Load,2026-07-26T13:03:42Z
2026-07-26T12:59:54Z,2026-07-26T14:59:54+0200,adf59793-da45-49b4-9a92-f95cd560cccb,2026-07-11T02:00:00Z,2026-07-11T04:00:00+0200,42117.01947,MW,DE,DE_LU,actual_load,Actual Load,2026-07-26T13:03:42Z
2026-07-26T12:59:54Z,2026-07-26T14:59:54+0200,adf59793-da45-49b4-9a92-f95cd560cccb,2026-07-11T02:15:00Z,2026-07-11T04:15:00+0200,41987.4422,MW,DE,DE_LU,actual_load,Actual Load,2026-07-26T13:03:42Z
2026-07-26T12:59:54Z,2026-07-26T14:59:54+0200,adf59793-da45-49b4-9a92-f95cd560cccb,2026-07-11T02:30:00Z,2026-07-11T04:30:00+0200,42132.87689,MW,DE,DE_LU,actual_load,Actual Load,2026-07-26T13:03:42Z
2026-07-26T12:59:54Z,2026-07-26T14:59:54+0200,adf59793-da45-49b4-9a92-f95cd560cccb,2026-07-11T02:45:00Z,2026-07-11T04:45:00+0200,41991.06319,MW,DE,DE_LU,actual_load,Actual Load,2026-07-26T13:03:42Z
2026-07-26T12:59:54Z,2026-07-26T14:59:54+0200,adf59793-da45-49b4-9a92-f95cd560cccb,2026-07-11T03:00:00Z,2026-07-11T05:00:00+0200,42048.15944,MW,DE,DE_LU,actual_load,Actual Load,2026-07-26T13:03:42Z
2026-07-26T12:59:54Z,2026-07-26T14:59:54+0200,adf59793-da45-49b4-9a92-f95cd560cccb,2026-07-11T03:15:00Z,2026-07-11T05:15:00+0200,42075.39664,MW,DE,DE_LU,actual_load,Actual Load,2026-07-26T13:03:42Z
2026-07-26T12:59:54Z,2026-07-26T14:59:54+0200,adf59793-da45-49b4-9a92-f95cd560cccb,2026-07-11T03:30:00Z,2026-07-11T05:30:00+0200,42686.55641,MW,DE,DE_LU,actual_load,Actual Load,2026-07-26T13:03:42Z
2026-07-26T12:59:54Z,2026-07-26T14:59:54+0200,adf59793-da45-49b4-9a92-f95cd560cccb,2026-07-11T03:45:00Z,2026-07-11T05:45:00+0200,43429.58143,MW,DE,DE_LU,actual_load,Actual Load,2026-07-26T13:03:42Z
2026-07-26T12:59:54Z,2026-07-26T14:59:54+0200,adf59793-da45-49b4-9a92-f95cd560cccb,2026-07-11T04:00:00Z,2026-07-11T06:00:00+0200,44265.59345,MW,DE,DE_LU,actual_load,Actual Load,2026-07-26T13:03:42Z
2026-07-26T12:59:54Z,2026-07-26T14:59:54+0200,adf59793-da45-49b4-9a92-f95cd560cccb,2026-07-11T04:15:00Z,2026-07-11T06:15:00+0200,44934.58613,MW,DE,DE_LU,actual_load,Actual Load,2026-07-26T13:03:42Z
2026-07-26T12:59:54Z,2026-07-26T14:59:54+0200,adf59793-da45-49b4-9a92-f95cd560cccb,2026-07-11T04:30:00Z,2026-07-11T06:30:00+0200,45116.96478,MW,DE,DE_LU,actual_load,Actual Load,2026-07-26T13:03:42Z
2026-07-26T12:59:54Z,2026-07-26T14:59:54+0200,adf59793-da45-49b4-9a92-f95cd560cccb,2026-07-11T04:45:00Z,2026-07-11T06:45:00+0200,45440.90074,MW,DE,DE_LU,actual_load,Actual Load,2026-07-26T13:03:42Z
2026-07-26T12:59:54Z,2026-07-26T14:59:54+0200,adf59793-da45-49b4-9a92-f95cd560cccb,2026-07-11T05:00:00Z,2026-07-11T07:00:00+0200,45617.18357,MW,DE,DE_LU,actual_load,Actual Load,2026-07-26T13:03:42Z
2026-07-26T12:59:54Z,2026-07-26T14:59:54+0200,adf59793-da45-49b4-9a92-f95cd560cccb,2026-07-11T05:15:00Z,2026-07-11T07:15:00+0200,46228.44025,MW,DE,DE_LU,actual_load,Actual Load,2026-07-26T13:03:42Z
2026-07-26T12:59:54Z,2026-07-26T14:59:54+0200,adf59793-da45-49b4-9a92-f95cd560cccb,2026-07-11T05:30:00Z,2026-07-11T07:30:00+0200,46675.36903,MW,DE,DE_LU,actual_load,Actual Load,2026-07-26T13:03:42Z
2026-07-26T12:59:54Z,2026-07-26T14:59:54+0200,adf59793-da45-49b4-9a92-f95cd560cccb,2026-07-11T05:45:00Z,2026-07-11T07:45:00+0200,47063.66433,MW,DE,DE_LU,actual_load,Actual Load,2026-07-26T13:03:42Z
2026-07-26T12:59:54Z,2026-07-26T14:59:54+0200,adf59793-da45-49b4-9a92-f95cd560cccb,2026-07-11T06:00:00Z,2026-07-11T08:00:00+0200,46549.51601,MW,DE,DE_LU,actual_load,Actual Load,2026-07-26T13:03:42Z
2026-07-26T12:59:54Z,2026-07-26T14:59:54+0200,adf59793-da45-49b4-9a92-f95cd560cccb,2026-07-11T06:15:00Z,2026-07-11T08:15:00+0200,46696.16357,MW,DE,DE_LU,actual_load,Actual Load,2026-07-26T13:03:42Z
2026-07-26T12:59:54Z,2026-07-26T14:59:54+0200,adf59793-da45-49b4-9a92-f95cd560cccb,2026-07-11T06:30:00Z,2026-07-11T08:30:00+0200,47108.96132,MW,DE,DE_LU,actual_load,Actual Load,2026-07-26T13:03:42Z
2026-07-26T12:59:54Z,2026-07-26T14:59:54+0200,adf59793-da45-49b4-9a92-f95cd560cccb,2026-07-11T06:45:00Z,2026-07-11T08:45:00+0200,47432.69381,MW,DE,DE_LU,actual_load,Actual Load,2026-07-26T13:03:42Z
2026-07-26T12:59:54Z,2026-07-26T14:59:54+0200,adf59793-da45-49b4-9a92-f95cd560cccb,2026-07-11T07:00:00Z,2026-07-11T09:00:00+0200,47412.56266,MW,DE,DE_LU,actual_load,Actual Load,2026-07-26T13:03:42Z
2026-07-26T12:59:54Z,2026-07-26T14:59:54+0200,adf59793-da45-49b4-9a92-f95cd560cccb,2026-07-11T07:15:00Z,2026-07-11T09:15:00+0200,47466.28397,MW,DE,DE_LU,actual_load,Actual Load,2026-07-26T13:03:42Z
2026-07-26T12:59:54Z,2026-07-26T14:59:54+0200,adf59793-da45-49b4-9a92-f95cd560cccb,2026-07-11T07:30:00Z,2026-07-11T09:30:00+0200,47144.07939,MW,DE,DE_LU,actual_load,Actual Load,2026-07-26T13:03:42Z
2026-07-26T12:59:54Z,2026-07-26T14:59:54+0200,adf59793-da45-49b4-9a92-f95cd560cccb,2026-07-11T07:45:00Z,2026-07-11T09:45:00+0200,47575.65128,MW,DE,DE_LU,actual_load,Actual Load,2026-07-26T13:03:42Z
2026-07-26T12:59:54Z,2026-07-26T14:59:54+0200,adf59793-da45-49b4-9a92-f95cd560cccb,2026-07-11T08:00:00Z,2026-07-11T10:00:00+0200,47635.36052,MW,DE,DE_LU,actual_load,Actual Load,2026-07-26T13:03:42Z
2026-07-26T12:59:54Z,2026-07-26T14:59:54+0200,adf59793-da45-49b4-9a92-f95cd560cccb,2026-07-11T08:15:00Z,2026-07-11T10:15:00+0200,47219.31382,MW,DE,DE_LU,actual_load,Actual Load,2026-07-26T13:03:42Z
2026-07-26T12:59:54Z,2026-07-26T14:59:54+0200,adf59793-da45-49b4-9a92-f95cd560cccb,2026-07-11T08:30:00Z,2026-07-11T10:30:00+0200,47170.22206,MW,DE,DE_LU,actual_load,Actual Load,2026-07-26T13:03:42Z
2026-07-26T12:59:54Z,2026-07-26T14:59:54+0200,adf59793-da45-49b4-9a92-f95cd560cccb,2026-07-11T08:45:00Z,2026-07-11T10:45:00+0200,46849.9626,MW,DE,DE_LU,actual_load,Actual Load,2026-07-26T13:03:42Z
2026-07-26T12:59:54Z,2026-07-26T14:59:54+0200,adf59793-da45-49b4-9a92-f95cd560cccb,2026-07-11T09:00:00Z,2026-07-11T11:00:00+0200,47324.24151,MW,DE,DE_LU,actual_load,Actual Load,2026-07-26T13:03:42Z
2026-07-26T12:59:54Z,2026-07-26T14:59:54+0200,adf59793-da45-49b4-9a92-f95cd560cccb,2026-07-11T09:15:00Z,2026-07-11T11:15:00+0200,47114.74026,MW,DE,DE_LU,actual_load,Actual Load,2026-07-26T13:03:42Z
2026-07-26T12:59:54Z,2026-07-26T14:59:54+0200,adf59793-da45-49b4-9a92-f95cd560cccb,2026-07-11T09:30:00Z,2026-07-11T11:30:00+0200,46568.85723,MW,DE,DE_LU,actual_load,Actual Load,2026-07-26T13:03:42Z
2026-07-26T12:59:54Z,2026-07-26T14:59:54+0200,adf59793-da45-49b4-9a92-f95cd560cccb,2026-07-11T09:45:00Z,2026-07-11T11:45:00+0200,46988.26705,MW,DE,DE_LU,actual_load,Actual Load,2026-07-26T13:03:42Z
2026-07-26T12:59:54Z,2026-07-26T14:59:54+0200,adf59793-da45-49b4-9a92-f95cd560cccb,2026-07-11T10:00:00Z,2026-07-11T12:00:00+0200,47239.84644,MW,DE,DE_LU,actual_load,Actual Load,2026-07-26T13:03:42Z
2026-07-26T12:59:54Z,2026-07-26T14:59:54+0200,adf59793-da45-49b4-9a92-f95cd560cccb,2026-07-11T10:15:00Z,2026-07-11T12:15:00+0200,47541.48721,MW,DE,DE_LU,actual_load,Actual Load,2026-07-26T13:03:42Z
2026-07-26T12:59:54Z,2026-07-26T14:59:54+0200,adf59793-da45-49b4-9a92-f95cd560cccb,2026-07-11T10:30:00Z,2026-07-11T12:30:00+0200,47544.05976,MW,DE,DE_LU,actual_load,Actual Load,2026-07-26T13:03:42Z
2026-07-26T12:59:54Z,2026-07-26T14:59:54+0200,adf59793-da45-49b4-9a92-f95cd560cccb,2026-07-11T10:45:00Z,2026-07-11T12:45:00+0200,47603.107,MW,DE,DE_LU,actual_load,Actual Load,2026-07-26T13:03:42Z
2026-07-26T12:59:54Z,2026-07-26T14:59:54+0200,adf59793-da45-49b4-9a92-f95cd560cccb,2026-07-11T11:00:00Z,2026-07-11T13:00:00+0200,46644.79787,MW,DE,DE_LU,actual_load,Actual Load,2026-07-26T13:03:42Z
2026-07-26T12:59:54Z,2026-07-26T14:59:54+0200,adf59793-da45-49b4-9a92-f95cd560cccb,2026-07-11T11:15:00Z,2026-07-11T13:15:00+0200,46150.05257,MW,DE,DE_LU,actual_load,Actual Load,2026-07-26T13:03:42Z
2026-07-26T12:59:54Z,2026-07-26T14:59:54+0200,adf59793-da45-49b4-9a92-f95cd560cccb,2026-07-11T11:30:00Z,2026-07-11T13:30:00+0200,45912.95704,MW,DE,DE_LU,actual_load,Actual Load,2026-07-26T13:03:42Z
2026-07-26T12:59:54Z,2026-07-26T14:59:54+0200,adf59793-da45-49b4-9a92-f95cd560cccb,2026-07-11T11:45:00Z,2026-07-11T13:45:00+0200,45900.72592,MW,DE,DE_LU,actual_load,Actual Load,2026-07-26T13:03:42Z
2026-07-26T12:59:54Z,2026-07-26T14:59:54+0200,adf59793-da45-49b4-9a92-f95cd560cccb,2026-07-11T12:00:00Z,2026-07-11T14:00:00+0200,45477.03818,MW,DE,DE_LU,actual_load,Actual Load,2026-07-26T13:03:42Z
2026-07-26T12:59:54Z,2026-07-26T14:59:54+0200,adf59793-da45-49b4-9a92-f95cd560cccb,2026-07-11T12:15:00Z,2026-07-11T14:15:00+0200,44660.79744,MW,DE,DE_LU,actual_load,Actual Load,2026-07-26T13:03:42Z
2026-07-26T12:59:54Z,2026-07-26T14:59:54+0200,adf59793-da45-49b4-9a92-f95cd560cccb,2026-07-11T12:30:00Z,2026-07-11T14:30:00+0200,44234.53883,MW,DE,DE_LU,actual_load,Actual Load,2026-07-26T13:03:42Z
2026-07-26T12:59:54Z,2026-07-26T14:59:54+0200,adf59793-da45-49b4-9a92-f95cd560cccb,2026-07-11T12:45:00Z,2026-07-11T14:45:00+0200,44128.99521,MW,DE,DE_LU,actual_load,Actual Load,2026-07-26T13:03:42Z
2026-07-26T12:59:54Z,2026-07-26T14:59:54+0200,adf59793-da45-49b4-9a92-f95cd560cccb,2026-07-11T13:00:00Z,2026-07-11T15:00:00+0200,45073.47289,MW,DE,DE_LU,actual_load,Actual Load,2026-07-26T13:03:42Z
2026-07-26T12:59:54Z,2026-07-26T14:59:54+0200,adf59793-da45-49b4-9a92-f95cd560cccb,2026-07-11T13:15:00Z,2026-07-11T15:15:00+0200,44705.58798,MW,DE,DE_LU,actual_load,Actual Load,2026-07-26T13:03:42Z
2026-07-26T12:59:54Z,2026-07-26T14:59:54+0200,adf59793-da45-49b4-9a92-f95cd560cccb,2026-07-11T13:30:00Z,2026-07-11T15:30:00+0200,43897.84029,MW,DE,DE_LU,actual_load,Actual Load,2026-07-26T13:03:42Z
2026-07-26T12:59:54Z,2026-07-26T14:59:54+0200,adf59793-da45-49b4-9a92-f95cd560cccb,2026-07-11T13:45:00Z,2026-07-11T15:45:00+0200,44318.96588,MW,DE,DE_LU,actual_load,Actual Load,2026-07-26T13:03:42Z
2026-07-26T12:59:54Z,2026-07-26T14:59:54+0200,adf59793-da45-49b4-9a92-f95cd560cccb,2026-07-11T14:00:00Z,2026-07-11T16:00:00+0200,43828.66131,MW,DE,DE_LU,actual_load,Actual Load,2026-07-26T13:03:42Z
2026-07-26T12:59:54Z,2026-07-26T14:59:54+0200,adf59793-da45-49b4-9a92-f95cd560cccb,2026-07-11T14:15:00Z,2026-07-11T16:15:00+0200,44361.71378,MW,DE,DE_LU,actual_load,Actual Load,2026-07-26T13:03:42Z
2026-07-26T12:59:54Z,2026-07-26T14:59:54+0200,adf59793-da45-49b4-9a92-f95cd560cccb,2026-07-11T14:30:00Z,2026-07-11T16:30:00+0200,44013.61706,MW,DE,DE_LU,actual_load,Actual Load,2026-07-26T13:03:42Z
2026-07-26T12:59:54Z,2026-07-26T14:59:54+0200,adf59793-da45-49b4-9a92-f95cd560cccb,2026-07-11T14:45:00Z,2026-07-11T16:45:00+0200,43963.02611,MW,DE,DE_LU,actual_load,Actual Load,2026-07-26T13:03:42Z
2026-07-26T12:59:54Z,2026-07-26T14:59:54+0200,adf59793-da45-49b4-9a92-f95cd560cccb,2026-07-11T15:00:00Z,2026-07-11T17:00:00+0200,44650.43038,MW,DE,DE_LU,actual_load,Actual Load,2026-07-26T13:03:42Z
2026-07-26T12:59:54Z,2026-07-26T14:59:54+0200,adf59793-da45-49b4-9a92-f95cd560cccb,2026-07-11T15:15:00Z,2026-07-11T17:15:00+0200,44798.40779,MW,DE,DE_LU,actual_load,Actual Load,2026-07-26T13:03:42Z
2026-07-26T12:59:54Z,2026-07-26T14:59:54+0200,adf59793-da45-49b4-9a92-f95cd560cccb,2026-07-11T15:30:00Z,2026-07-11T17:30:00+0200,45349.76835,MW,DE,DE_LU,actual_load,Actual Load,2026-07-26T13:03:42Z
2026-07-26T12:59:54Z,2026-07-26T14:59:54+0200,adf59793-da45-49b4-9a92-f95cd560cccb,2026-07-11T15:45:00Z,2026-07-11T17:45:00+0200,46213.78653,MW,DE,DE_LU,actual_load,Actual Load,2026-07-26T13:03:42Z
2026-07-26T12:59:54Z,2026-07-26T14:59:54+0200,adf59793-da45-49b4-9a92-f95cd560cccb,2026-07-11T16:00:00Z,2026-07-11T18:00:00+0200,47193.00695,MW,DE,DE_LU,actual_load,Actual Load,2026-07-26T13:03:42Z
2026-07-26T12:59:54Z,2026-07-26T14:59:54+0200,adf59793-da45-49b4-9a92-f95cd560cccb,2026-07-11T16:15:00Z,2026-07-11T18:15:00+0200,47322.77749,MW,DE,DE_LU,actual_load,Actual Load,2026-07-26T13:03:42Z
2026-07-26T12:59:54Z,2026-07-26T14:59:54+0200,adf59793-da45-49b4-9a92-f95cd560cccb,2026-07-11T16:30:00Z,2026-07-11T18:30:00+0200,48308.72969,MW,DE,DE_LU,actual_load,Actual Load,2026-07-26T13:03:42Z
2026-07-26T12:59:54Z,2026-07-26T14:59:54+0200,adf59793-da45-49b4-9a92-f95cd560cccb,2026-07-11T16:45:00Z,2026-07-11T18:45:00+0200,48928.72121,MW,DE,DE_LU,actual_load,Actual Load,2026-07-26T13:03:42Z
2026-07-26T12:59:54Z,2026-07-26T14:59:54+0200,adf59793-da45-49b4-9a92-f95cd560cccb,2026-07-11T17:00:00Z,2026-07-11T19:00:00+0200,48666.35757,MW,DE,DE_LU,actual_load,Actual Load,2026-07-26T13:03:42Z
2026-07-26T12:59:54Z,2026-07-26T14:59:54+0200,adf59793-da45-49b4-9a92-f95cd560cccb,2026-07-11T17:15:00Z,2026-07-11T19:15:00+0200,47923.21811,MW,DE,DE_LU,actual_load,Actual Load,2026-07-26T13:03:42Z
2026-07-26T12:59:54Z,2026-07-26T14:59:54+0200,adf59793-da45-49b4-9a92-f95cd560cccb,2026-07-11T17:30:00Z,2026-07-11T19:30:00+0200,48566.9213,MW,DE,DE_LU,actual_load,Actual Load,2026-07-26T13:03:42Z
2026-07-26T12:59:54Z,2026-07-26T14:59:54+0200,adf59793-da45-49b4-9a92-f95cd560cccb,2026-07-11T17:45:00Z,2026-07-11T19:45:00+0200,48650.52093,MW,DE,DE_LU,actual_load,Actual Load,2026-07-26T13:03:42Z
2026-07-26T12:59:54Z,2026-07-26T14:59:54+0200,adf59793-da45-49b4-9a92-f95cd560cccb,2026-07-11T18:00:00Z,2026-07-11T20:00:00+0200,49293.60679,MW,DE,DE_LU,actual_load,Actual Load,2026-07-26T13:03:42Z
2026-07-26T12:59:54Z,2026-07-26T14:59:54+0200,adf59793-da45-49b4-9a92-f95cd560cccb,2026-07-11T18:15:00Z,2026-07-11T20:15:00+0200,48737.56747,MW,DE,DE_LU,actual_load,Actual Load,2026-07-26T13:03:42Z
2026-07-26T12:59:54Z,2026-07-26T14:59:54+0200,adf59793-da45-49b4-9a92-f95cd560cccb,2026-07-11T18:30:00Z,2026-07-11T20:30:00+0200,48079.81124,MW,DE,DE_LU,actual_load,Actual Load,2026-07-26T13:03:42Z
2026-07-26T12:59:54Z,2026-07-26T14:59:54+0200,adf59793-da45-49b4-9a92-f95cd560cccb,2026-07-11T18:45:00Z,2026-07-11T20:45:00+0200,47619.52015,MW,DE,DE_LU,actual_load,Actual Load,2026-07-26T13:03:42Z
2026-07-26T12:59:54Z,2026-07-26T14:59:54+0200,adf59793-da45-49b4-9a92-f95cd560cccb,2026-07-11T19:00:00Z,2026-07-11T21:00:00+0200,47001.70782,MW,DE,DE_LU,actual_load,Actual Load,2026-07-26T13:03:42Z
2026-07-26T12:59:54Z,2026-07-26T14:59:54+0200,adf59793-da45-49b4-9a92-f95cd560cccb,2026-07-11T19:15:00Z,2026-07-11T21:15:00+0200,46524.92372,MW,DE,DE_LU,actual_load,Actual Load,2026-07-26T13:03:42Z
2026-07-26T12:59:54Z,2026-07-26T14:59:54+0200,adf59793-da45-49b4-9a92-f95cd560cccb,2026-07-11T19:30:00Z,2026-07-11T21:30:00+0200,46023.57043,MW,DE,DE_LU,actual_load,Actual Load,2026-07-26T13:03:42Z
2026-07-26T12:59:54Z,2026-07-26T14:59:54+0200,adf59793-da45-49b4-9a92-f95cd560cccb,2026-07-11T19:45:00Z,2026-07-11T21:45:00+0200,46397.84481,MW,DE,DE_LU,actual_load,Actual Load,2026-07-26T13:03:42Z
2026-07-26T12:59:54Z,2026-07-26T14:59:54+0200,adf59793-da45-49b4-9a92-f95cd560cccb,2026-07-11T20:00:00Z,2026-07-11T22:00:00+0200,46229.89478,MW,DE,DE_LU,actual_load,Actual Load,2026-07-26T13:03:42Z
2026-07-26T12:59:54Z,2026-07-26T14:59:54+0200,adf59793-da45-49b4-9a92-f95cd560cccb,2026-07-11T20:15:00Z,2026-07-11T22:15:00+0200,45872.82881,MW,DE,DE_LU,actual_load,Actual Load,2026-07-26T13:03:42Z
2026-07-26T12:59:54Z,2026-07-26T14:59:54+0200,adf59793-da45-49b4-9a92-f95cd560cccb,2026-07-11T20:30:00Z,2026-07-11T22:30:00+0200,45226.26297,MW,DE,DE_LU,actual_load,Actual Load,2026-07-26T13:03:42Z
2026-07-26T12:59:54Z,2026-07-26T14:59:54+0200,adf59793-da45-49b4-9a92-f95cd560cccb,2026-07-11T20:45:00Z,2026-07-11T22:45:00+0200,45497.56538,MW,DE,DE_LU,actual_load,Actual Load,2026-07-26T13:03:42Z
2026-07-26T12:59:54Z,2026-07-26T14:59:54+0200,adf59793-da45-49b4-9a92-f95cd560cccb,2026-07-11T21:00:00Z,2026-07-11T23:00:00+0200,44219.76098,MW,DE,DE_LU,actual_load,Actual Load,2026-07-26T13:03:42Z
2026-07-26T12:59:54Z,2026-07-26T14:59:54+0200,adf59793-da45-49b4-9a92-f95cd560cccb,2026-07-11T21:15:00Z,2026-07-11T23:15:00+0200,44105.10808,MW,DE,DE_LU,actual_load,Actual Load,2026-07-26T13:03:42Z
2026-07-26T12:59:54Z,2026-07-26T14:59:54+0200,adf59793-da45-49b4-9a92-f95cd560cccb,2026-07-11T21:30:00Z,2026-07-11T23:30:00+0200,43288.90425,MW,DE,DE_LU,actual_load,Actual Load,2026-07-26T13:03:42Z
2026-07-26T12:59:54Z,2026-07-26T14:59:54+0200,adf59793-da45-49b4-9a92-f95cd560cccb,2026-07-11T21:45:00Z,2026-07-11T23:45:00+0200,42529.63878,MW,DE,DE_LU,actual_load,Actual Load,2026-07-26T13:03:42Z
2026-07-26T12:59:54Z,2026-07-26T14:59:54+0200,adf59793-da45-49b4-9a92-f95cd560cccb,2026-07-11T22:00:00Z,2026-07-12T00:00:00+0200,42000.12006,MW,DE,DE_LU,actual_load,Actual Load,2026-07-26T13:03:42Z
2026-07-26T12:59:54Z,2026-07-26T14:59:54+0200,adf59793-da45-49b4-9a92-f95cd560cccb,2026-07-11T22:15:00Z,2026-07-12T00:15:00+0200,41239.97796,MW,DE,DE_LU,actual_load,Actual Load,2026-07-26T13:03:42Z
2026-07-26T12:59:54Z,2026-07-26T14:59:54+0200,adf59793-da45-49b4-9a92-f95cd560cccb,2026-07-11T22:30:00Z,2026-07-12T00:30:00+0200,40972.93083,MW,DE,DE_LU,actual_load,Actual Load,2026-07-26T13:03:42Z
2026-07-26T12:59:54Z,2026-07-26T14:59:54+0200,adf59793-da45-49b4-9a92-f95cd560cccb,2026-07-11T22:45:00Z,2026-07-12T00:45:00+0200,40548.34739,MW,DE,DE_LU,actual_load,Actual Load,2026-07-26T13:03:42Z
2026-07-26T12:59:54Z,2026-07-26T14:59:54+0200,adf59793-da45-49b4-9a92-f95cd560cccb,2026-07-11T23:00:00Z,2026-07-12T01:00:00+0200,39834.79434,MW,DE,DE_LU,actual_load,Actual Load,2026-07-26T13:03:42Z
2026-07-26T12:59:54Z,2026-07-26T14:59:54+0200,adf59793-da45-49b4-9a92-f95cd560cccb,2026-07-11T23:15:00Z,2026-07-12T01:15:00+0200,39073.31997,MW,DE,DE_LU,actual_load,Actual Load,2026-07-26T13:03:42Z
2026-07-26T12:59:54Z,2026-07-26T14:59:54+0200,adf59793-da45-49b4-9a92-f95cd560cccb,2026-07-11T23:30:00Z,2026-07-12T01:30:00+0200,38987.05069,MW,DE,DE_LU,actual_load,Actual Load,2026-07-26T13:03:42Z
2026-07-26T12:59:54Z,2026-07-26T14:59:54+0200,adf59793-da45-49b4-9a92-f95cd560cccb,2026-07-11T23:45:00Z,2026-07-12T01:45:00+0200,39151.28383,MW,DE,DE_LU,actual_load,Actual Load,2026-07-26T13:03:42Z
2026-07-26T12:59:54Z,2026-07-26T14:59:54+0200,adf59793-da45-49b4-9a92-f95cd560cccb,2026-07-12T00:00:00Z,2026-07-12T02:00:00+0200,38734.73744,MW,DE,DE_LU,actual_load,Actual Load,2026-07-26T13:03:42Z
2026-07-26T12:59:54Z,2026-07-26T14:59:54+0200,adf59793-da45-49b4-9a92-f95cd560cccb,2026-07-12T00:15:00Z,2026-07-12T02:15:00+0200,38595.84248,MW,DE,DE_LU,actual_load,Actual Load,2026-07-26T13:03:42Z
2026-07-26T12:59:54Z,2026-07-26T14:59:54+0200,adf59793-da45-49b4-9a92-f95cd560cccb,2026-07-12T00:30:00Z,2026-07-12T02:30:00+0200,38751.30575,MW,DE,DE_LU,actual_load,Actual Load,2026-07-26T13:03:42Z
2026-07-26T12:59:54Z,2026-07-26T14:59:54+0200,adf59793-da45-49b4-9a92-f95cd560cccb,2026-07-12T00:45:00Z,2026-07-12T02:45:00+0200,37880.50867,MW,DE,DE_LU,actual_load,Actual Load,2026-07-26T13:03:42Z
2026-07-26T12:59:54Z,2026-07-26T14:59:54+0200,adf59793-da45-49b4-9a92-f95cd560cccb,2026-07-12T01:00:00Z,2026-07-12T03:00:00+0200,37909.24126,MW,DE,DE_LU,actual_load,Actual Load,2026-07-26T13:03:42Z
2026-07-26T12:59:54Z,2026-07-26T14:59:54+0200,adf59793-da45-49b4-9a92-f95cd560cccb,2026-07-12T01:15:00Z,2026-07-12T03:15:00+0200,37924.8867,MW,DE,DE_LU,actual_load,Actual Load,2026-07-26T13:03:42Z
2026-07-26T12:59:54Z,2026-07-26T14:59:54+0200,adf59793-da45-49b4-9a92-f95cd560cccb,2026-07-12T01:30:00Z,2026-07-12T03:30:00+0200,37831.78381,MW,DE,DE_LU,actual_load,Actual Load,2026-07-26T13:03:42Z
2026-07-26T12:59:54Z,2026-07-26T14:59:54+0200,adf59793-da45-49b4-9a92-f95cd560cccb,2026-07-12T01:45:00Z,2026-07-12T03:45:00+0200,37553.61468,MW,DE,DE_LU,actual_load,Actual Load,2026-07-26T13:03:42Z
2026-07-26T12:59:54Z,2026-07-26T14:59:54+0200,adf59793-da45-49b4-9a92-f95cd560cccb,2026-07-12T02:00:00Z,2026-07-12T04:00:00+0200,37049.58652,MW,DE,DE_LU,actual_load,Actual Load,2026-07-26T13:03:42Z
2026-07-26T12:59:54Z,2026-07-26T14:59:54+0200,adf59793-da45-49b4-9a92-f95cd560cccb,2026-07-12T02:15:00Z,2026-07-12T04:15:00+0200,37574.52586,MW,DE,DE_LU,actual_load,Actual Load,2026-07-26T13:03:42Z
2026-07-26T12:59:54Z,2026-07-26T14:59:54+0200,adf59793-da45-49b4-9a92-f95cd560cccb,2026-07-12T02:30:00Z,2026-07-12T04:30:00+0200,37817.80541,MW,DE,DE_LU,actual_load,Actual Load,2026-07-26T13:03:42Z
2026-07-26T12:59:54Z,2026-07-26T14:59:54+0200,adf59793-da45-49b4-9a92-f95cd560cccb,2026-07-12T02:45:00Z,2026-07-12T04:45:00+0200,37624.43665,MW,DE,DE_LU,actual_load,Actual Load,2026-07-26T13:03:42Z
2026-07-26T12:59:54Z,2026-07-26T14:59:54+0200,adf59793-da45-49b4-9a92-f95cd560cccb,2026-07-12T03:00:00Z,2026-07-12T05:00:00+0200,37946.07586,MW,DE,DE_LU,actual_load,Actual Load,2026-07-26T13:03:42Z
2026-07-26T12:59:54Z,2026-07-26T14:59:54+0200,adf59793-da45-49b4-9a92-f95cd560cccb,2026-07-12T03:15:00Z,2026-07-12T05:15:00+0200,37667.53748,MW,DE,DE_LU,actual_load,Actual Load,2026-07-26T13:03:42Z
2026-07-26T12:59:54Z,2026-07-26T14:59:54+0200,adf59793-da45-49b4-9a92-f95cd560cccb,2026-07-12T03:30:00Z,2026-07-12T05:30:00+0200,37389.89695,MW,DE,DE_LU,actual_load,Actual Load,2026-07-26T13:03:42Z
2026-07-26T12:59:54Z,2026-07-26T14:59:54+0200,adf59793-da45-49b4-9a92-f95cd560cccb,2026-07-12T03:45:00Z,2026-07-12T05:45:00+0200,37196.07667,MW,DE,DE_LU,actual_load,Actual Load,2026-07-26T13:03:42Z
2026-07-26T12:59:54Z,2026-07-26T14:59:54+0200,adf59793-da45-49b4-9a92-f95cd560cccb,2026-07-12T04:00:00Z,2026-07-12T06:00:00+0200,38245.21148,MW,DE,DE_LU,actual_load,Actual Load,2026-07-26T13:03:42Z
2026-07-26T12:59:54Z,2026-07-26T14:59:54+0200,adf59793-da45-49b4-9a92-f95cd560cccb,2026-07-12T04:15:00Z,2026-07-12T06:15:00+0200,38469.55335,MW,DE,DE_LU,actual_load,Actual Load,2026-07-26T13:03:42Z
2026-07-26T12:59:54Z,2026-07-26T14:59:54+0200,adf59793-da45-49b4-9a92-f95cd560cccb,2026-07-12T04:30:00Z,2026-07-12T06:30:00+0200,38815.63725,MW,DE,DE_LU,actual_load,Actual Load,2026-07-26T13:03:42Z
2026-07-26T12:59:54Z,2026-07-26T14:59:54+0200,adf59793-da45-49b4-9a92-f95cd560cccb,2026-07-12T04:45:00Z,2026-07-12T06:45:00+0200,38835.97783,MW,DE,DE_LU,actual_load,Actual Load,2026-07-26T13:03:42Z
2026-07-26T12:59:54Z,2026-07-26T14:59:54+0200,adf59793-da45-49b4-9a92-f95cd560cccb,2026-07-12T05:00:00Z,2026-07-12T07:00:00+0200,39440.36263,MW,DE,DE_LU,actual_load,Actual Load,2026-07-26T13:03:42Z
2026-07-26T12:59:54Z,2026-07-26T14:59:54+0200,adf59793-da45-49b4-9a92-f95cd560cccb,2026-07-12T05:15:00Z,2026-07-12T07:15:00+0200,39672.29279,MW,DE,DE_LU,actual_load,Actual Load,2026-07-26T13:03:42Z
2026-07-26T12:59:54Z,2026-07-26T14:59:54+0200,adf59793-da45-49b4-9a92-f95cd560cccb,2026-07-12T05:30:00Z,2026-07-12T07:30:00+0200,40108.18643,MW,DE,DE_LU,actual_load,Actual Load,2026-07-26T13:03:42Z
2026-07-26T12:59:54Z,2026-07-26T14:59:54+0200,adf59793-da45-49b4-9a92-f95cd560cccb,2026-07-12T05:45:00Z,2026-07-12T07:45:00+0200,40795.03973,MW,DE,DE_LU,actual_load,Actual Load,2026-07-26T13:03:42Z
2026-07-26T12:59:54Z,2026-07-26T14:59:54+0200,adf59793-da45-49b4-9a92-f95cd560cccb,2026-07-12T06:00:00Z,2026-07-12T08:00:00+0200,40876.94501,MW,DE,DE_LU,actual_load,Actual Load,2026-07-26T13:03:42Z
2026-07-26T12:59:54Z,2026-07-26T14:59:54+0200,adf59793-da45-49b4-9a92-f95cd560cccb,2026-07-12T06:15:00Z,2026-07-12T08:15:00+0200,41653.11299,MW,DE,DE_LU,actual_load,Actual Load,2026-07-26T13:03:42Z
2026-07-26T12:59:54Z,2026-07-26T14:59:54+0200,adf59793-da45-49b4-9a92-f95cd560cccb,2026-07-12T06:30:00Z,2026-07-12T08:30:00+0200,41710.04374,MW,DE,DE_LU,actual_load,Actual Load,2026-07-26T13:03:42Z
2026-07-26T12:59:54Z,2026-07-26T14:59:54+0200,adf59793-da45-49b4-9a92-f95cd560cccb,2026-07-12T06:45:00Z,2026-07-12T08:45:00+0200,41237.85267,MW,DE,DE_LU,actual_load,Actual Load,2026-07-26T13:03:42Z
2026-07-26T12:59:54Z,2026-07-26T14:59:54+0200,adf59793-da45-49b4-9a92-f95cd560cccb,2026-07-12T07:00:00Z,2026-07-12T09:00:00+0200,41384.8715,MW,DE,DE_LU,actual_load,Actual Load,2026-07-26T13:03:42Z
2026-07-26T12:59:54Z,2026-07-26T14:59:54+0200,adf59793-da45-49b4-9a92-f95cd560cccb,2026-07-12T07:15:00Z,2026-07-12T09:15:00+0200,41544.47854,MW,DE,DE_LU,actual_load,Actual Load,2026-07-26T13:03:42Z
2026-07-26T12:59:54Z,2026-07-26T14:59:54+0200,adf59793-da45-49b4-9a92-f95cd560cccb,2026-07-12T07:30:00Z,2026-07-12T09:30:00+0200,41805.33458,MW,DE,DE_LU,actual_load,Actual Load,2026-07-26T13:03:42Z
2026-07-26T12:59:54Z,2026-07-26T14:59:54+0200,adf59793-da45-49b4-9a92-f95cd560cccb,2026-07-12T07:45:00Z,2026-07-12T09:45:00+0200,42344.82767,MW,DE,DE_LU,actual_load,Actual Load,2026-07-26T13:03:42Z
2026-07-26T12:59:54Z,2026-07-26T14:59:54+0200,adf59793-da45-49b4-9a92-f95cd560cccb,2026-07-12T08:00:00Z,2026-07-12T10:00:00+0200,42330.80237,MW,DE,DE_LU,actual_load,Actual Load,2026-07-26T13:03:42Z
2026-07-26T12:59:54Z,2026-07-26T14:59:54+0200,adf59793-da45-49b4-9a92-f95cd560cccb,2026-07-12T08:15:00Z,2026-07-12T10:15:00+0200,42829.95558,MW,DE,DE_LU,actual_load,Actual Load,2026-07-26T13:03:42Z
2026-07-26T12:59:54Z,2026-07-26T14:59:54+0200,adf59793-da45-49b4-9a92-f95cd560cccb,2026-07-12T08:30:00Z,2026-07-12T10:30:00+0200,43255.56767,MW,DE,DE_LU,actual_load,Actual Load,2026-07-26T13:03:42Z
2026-07-26T12:59:54Z,2026-07-26T14:59:54+0200,adf59793-da45-49b4-9a92-f95cd560cccb,2026-07-12T08:45:00Z,2026-07-12T10:45:00+0200,42596.39937,MW,DE,DE_LU,actual_load,Actual Load,2026-07-26T13:03:42Z
2026-07-26T12:59:54Z,2026-07-26T14:59:54+0200,adf59793-da45-49b4-9a92-f95cd560cccb,2026-07-12T09:00:00Z,2026-07-12T11:00:00+0200,43586.53732,MW,DE,DE_LU,actual_load,Actual Load,2026-07-26T13:03:42Z
2026-07-26T12:59:54Z,2026-07-26T14:59:54+0200,adf59793-da45-49b4-9a92-f95cd560cccb,2026-07-12T09:15:00Z,2026-07-12T11:15:00+0200,43729.12971,MW,DE,DE_LU,actual_load,Actual Load,2026-07-26T13:03:42Z
2026-07-26T12:59:54Z,2026-07-26T14:59:54+0200,adf59793-da45-49b4-9a92-f95cd560cccb,2026-07-12T09:30:00Z,2026-07-12T11:30:00+0200,44480.369,MW,DE,DE_LU,actual_load,Actual Load,2026-07-26T13:03:42Z
2026-07-26T12:59:54Z,2026-07-26T14:59:54+0200,adf59793-da45-49b4-9a92-f95cd560cccb,2026-07-12T09:45:00Z,2026-07-12T11:45:00+0200,43768.21071,MW,DE,DE_LU,actual_load,Actual Load,2026-07-26T13:03:42Z
2026-07-26T12:59:54Z,2026-07-26T14:59:54+0200,adf59793-da45-49b4-9a92-f95cd560cccb,2026-07-12T10:00:00Z,2026-07-12T12:00:00+0200,44272.407,MW,DE,DE_LU,actual_load,Actual Load,2026-07-26T13:03:42Z
2026-07-26T12:59:54Z,2026-07-26T14:59:54+0200,adf59793-da45-49b4-9a92-f95cd560cccb,2026-07-12T10:15:00Z,2026-07-12T12:15:00+0200,44392.75652,MW,DE,DE_LU,actual_load,Actual Load,2026-07-26T13:03:42Z
2026-07-26T12:59:54Z,2026-07-26T14:59:54+0200,adf59793-da45-49b4-9a92-f95cd560cccb,2026-07-12T10:30:00Z,2026-07-12T12:30:00+0200,44257.05063,MW,DE,DE_LU,actual_load,Actual Load,2026-07-26T13:03:42Z
2026-07-26T12:59:54Z,2026-07-26T14:59:54+0200,adf59793-da45-49b4-9a92-f95cd560cccb,2026-07-12T10:45:00Z,2026-07-12T12:45:00+0200,44155.35462,MW,DE,DE_LU,actual_load,Actual Load,2026-07-26T13:03:42Z
2026-07-26T12:59:54Z,2026-07-26T14:59:54+0200,adf59793-da45-49b4-9a92-f95cd560cccb,2026-07-12T11:00:00Z,2026-07-12T13:00:00+0200,43363.83038,MW,DE,DE_LU,actual_load,Actual Load,2026-07-26T13:03:42Z
2026-07-26T12:59:54Z,2026-07-26T14:59:54+0200,adf59793-da45-49b4-9a92-f95cd560cccb,2026-07-12T11:15:00Z,2026-07-12T13:15:00+0200,42607.89103,MW,DE,DE_LU,actual_load,Actual Load,2026-07-26T13:03:42Z
2026-07-26T12:59:54Z,2026-07-26T14:59:54+0200,adf59793-da45-49b4-9a92-f95cd560cccb,2026-07-12T11:30:00Z,2026-07-12T13:30:00+0200,42534.16091,MW,DE,DE_LU,actual_load,Actual Load,2026-07-26T13:03:42Z
2026-07-26T12:59:54Z,2026-07-26T14:59:54+0200,adf59793-da45-49b4-9a92-f95cd560cccb,2026-07-12T11:45:00Z,2026-07-12T13:45:00+0200,42222.66947,MW,DE,DE_LU,actual_load,Actual Load,2026-07-26T13:03:42Z
2026-07-26T12:59:54Z,2026-07-26T14:59:54+0200,adf59793-da45-49b4-9a92-f95cd560cccb,2026-07-12T12:00:00Z,2026-07-12T14:00:00+0200,41790.23812,MW,DE,DE_LU,actual_load,Actual Load,2026-07-26T13:03:42Z
2026-07-26T12:59:54Z,2026-07-26T14:59:54+0200,adf59793-da45-49b4-9a92-f95cd560cccb,2026-07-12T12:15:00Z,2026-07-12T14:15:00+0200,41756.28,MW,DE,DE_LU,actual_load,Actual Load,2026-07-26T13:03:42Z
2026-07-26T12:59:54Z,2026-07-26T14:59:54+0200,adf59793-da45-49b4-9a92-f95cd560cccb,2026-07-12T12:30:00Z,2026-07-12T14:30:00+0200,41484.8514,MW,DE,DE_LU,actual_load,Actual Load,2026-07-26T13:03:42Z
2026-07-26T12:59:54Z,2026-07-26T14:59:54+0200,adf59793-da45-49b4-9a92-f95cd560cccb,2026-07-12T12:45:00Z,2026-07-12T14:45:00+0200,41218.87494,MW,DE,DE_LU,actual_load,Actual Load,2026-07-26T13:03:42Z
2026-07-26T12:59:54Z,2026-07-26T14:59:54+0200,adf59793-da45-49b4-9a92-f95cd560cccb,2026-07-12T13:00:00Z,2026-07-12T15:00:00+0200,41656.26819,MW,DE,DE_LU,actual_load,Actual Load,2026-07-26T13:03:42Z
2026-07-26T12:59:54Z,2026-07-26T14:59:54+0200,adf59793-da45-49b4-9a92-f95cd560cccb,2026-07-12T13:15:00Z,2026-07-12T15:15:00+0200,41380.78301,MW,DE,DE_LU,actual_load,Actual Load,2026-07-26T13:03:42Z
2026-07-26T12:59:54Z,2026-07-26T14:59:54+0200,adf59793-da45-49b4-9a92-f95cd560cccb,2026-07-12T13:30:00Z,2026-07-12T15:30:00+0200,41528.18005,MW,DE,DE_LU,actual_load,Actual Load,2026-07-26T13:03:42Z
2026-07-26T12:59:54Z,2026-07-26T14:59:54+0200,adf59793-da45-49b4-9a92-f95cd560cccb,2026-07-12T13:45:00Z,2026-07-12T15:45:00+0200,41651.84486,MW,DE,DE_LU,actual_load,Actual Load,2026-07-26T13:03:42Z
2026-07-26T12:59:54Z,2026-07-26T14:59:54+0200,adf59793-da45-49b4-9a92-f95cd560cccb,2026-07-12T14:00:00Z,2026-07-12T16:00:00+0200,41008.89662,MW,DE,DE_LU,actual_load,Actual Load,2026-07-26T13:03:42Z
2026-07-26T12:59:54Z,2026-07-26T14:59:54+0200,adf59793-da45-49b4-9a92-f95cd560cccb,2026-07-12T14:15:00Z,2026-07-12T16:15:00+0200,41137.35206,MW,DE,DE_LU,actual_load,Actual Load,2026-07-26T13:03:42Z
2026-07-26T12:59:54Z,2026-07-26T14:59:54+0200,adf59793-da45-49b4-9a92-f95cd560cccb,2026-07-12T14:30:00Z,2026-07-12T16:30:00+0200,41782.85801,MW,DE,DE_LU,actual_load,Actual Load,2026-07-26T13:03:42Z
2026-07-26T12:59:54Z,2026-07-26T14:59:54+0200,adf59793-da45-49b4-9a92-f95cd560cccb,2026-07-12T14:45:00Z,2026-07-12T16:45:00+0200,42496.30862,MW,DE,DE_LU,actual_load,Actual Load,2026-07-26T13:03:42Z
2026-07-26T12:59:54Z,2026-07-26T14:59:54+0200,adf59793-da45-49b4-9a92-f95cd560cccb,2026-07-12T15:00:00Z,2026-07-12T17:00:00+0200,42991.2443,MW,DE,DE_LU,actual_load,Actual Load,2026-07-26T13:03:42Z
2026-07-26T12:59:54Z,2026-07-26T14:59:54+0200,adf59793-da45-49b4-9a92-f95cd560cccb,2026-07-12T15:15:00Z,2026-07-12T17:15:00+0200,43550.92857,MW,DE,DE_LU,actual_load,Actual Load,2026-07-26T13:03:42Z
2026-07-26T12:59:54Z,2026-07-26T14:59:54+0200,adf59793-da45-49b4-9a92-f95cd560cccb,2026-07-12T15:30:00Z,2026-07-12T17:30:00+0200,44214.08276,MW,DE,DE_LU,actual_load,Actual Load,2026-07-26T13:03:42Z
2026-07-26T12:59:54Z,2026-07-26T14:59:54+0200,adf59793-da45-49b4-9a92-f95cd560cccb,2026-07-12T15:45:00Z,2026-07-12T17:45:00+0200,44297.75879,MW,DE,DE_LU,actual_load,Actual Load,2026-07-26T13:03:42Z
2026-07-26T12:59:54Z,2026-07-26T14:59:54+0200,adf59793-da45-49b4-9a92-f95cd560cccb,2026-07-12T16:00:00Z,2026-07-12T18:00:00+0200,45297.20894,MW,DE,DE_LU,actual_load,Actual Load,2026-07-26T13:03:42Z
2026-07-26T12:59:54Z,2026-07-26T14:59:54+0200,adf59793-da45-49b4-9a92-f95cd560cccb,2026-07-12T16:15:00Z,2026-07-12T18:15:00+0200,45961.17007,MW,DE,DE_LU,actual_load,Actual Load,2026-07-26T13:03:42Z
2026-07-26T12:59:54Z,2026-07-26T14:59:54+0200,adf59793-da45-49b4-9a92-f95cd560cccb,2026-07-12T16:30:00Z,2026-07-12T18:30:00+0200,46667.82959,MW,DE,DE_LU,actual_load,Actual Load,2026-07-26T13:03:42Z
2026-07-26T12:59:54Z,2026-07-26T14:59:54+0200,adf59793-da45-49b4-9a92-f95cd560cccb,2026-07-12T16:45:00Z,2026-07-12T18:45:00+0200,47297.97689,MW,DE,DE_LU,actual_load,Actual Load,2026-07-26T13:03:42Z
2026-07-26T12:59:54Z,2026-07-26T14:59:54+0200,adf59793-da45-49b4-9a92-f95cd560cccb,2026-07-12T17:00:00Z,2026-07-12T19:00:00+0200,48703.46643,MW,DE,DE_LU,actual_load,Actual Load,2026-07-26T13:03:42Z
2026-07-26T12:59:54Z,2026-07-26T14:59:54+0200,adf59793-da45-49b4-9a92-f95cd560cccb,2026-07-12T17:15:00Z,2026-07-12T19:15:00+0200,48959.4564,MW,DE,DE_LU,actual_load,Actual Load,2026-07-26T13:03:42Z
2026-07-26T12:59:54Z,2026-07-26T14:59:54+0200,adf59793-da45-49b4-9a92-f95cd560cccb,2026-07-12T17:30:00Z,2026-07-12T19:30:00+0200,49396.14651,MW,DE,DE_LU,actual_load,Actual Load,2026-07-26T13:03:42Z
2026-07-26T12:59:54Z,2026-07-26T14:59:54+0200,adf59793-da45-49b4-9a92-f95cd560cccb,2026-07-12T17:45:00Z,2026-07-12T19:45:00+0200,49954.22322,MW,DE,DE_LU,actual_load,Actual Load,2026-07-26T13:03:42Z
2026-07-26T12:59:54Z,2026-07-26T14:59:54+0200,adf59793-da45-49b4-9a92-f95cd560cccb,2026-07-12T18:00:00Z,2026-07-12T20:00:00+0200,50427.51133,MW,DE,DE_LU,actual_load,Actual Load,2026-07-26T13:03:42Z
2026-07-26T12:59:54Z,2026-07-26T14:59:54+0200,adf59793-da45-49b4-9a92-f95cd560cccb,2026-07-12T18:15:00Z,2026-07-12T20:15:00+0200,50452.22941,MW,DE,DE_LU,actual_load,Actual Load,2026-07-26T13:03:42Z
2026-07-26T12:59:54Z,2026-07-26T14:59:54+0200,adf59793-da45-49b4-9a92-f95cd560cccb,2026-07-12T18:30:00Z,2026-07-12T20:30:00+0200,50459.1262,MW,DE,DE_LU,actual_load,Actual Load,2026-07-26T13:03:42Z
2026-07-26T12:59:54Z,2026-07-26T14:59:54+0200,adf59793-da45-49b4-9a92-f95cd560cccb,2026-07-12T18:45:00Z,2026-07-12T20:45:00+0200,49914.14043,MW,DE,DE_LU,actual_load,Actual Load,2026-07-26T13:03:42Z
2026-07-26T12:59:54Z,2026-07-26T14:59:54+0200,adf59793-da45-49b4-9a92-f95cd560cccb,2026-07-12T19:00:00Z,2026-07-12T21:00:00+0200,49907.29201,MW,DE,DE_LU,actual_load,Actual Load,2026-07-26T13:03:42Z
2026-07-26T12:59:54Z,2026-07-26T14:59:54+0200,adf59793-da45-49b4-9a92-f95cd560cccb,2026-07-12T19:15:00Z,2026-07-12T21:15:00+0200,49724.15898,MW,DE,DE_LU,actual_load,Actual Load,2026-07-26T13:03:42Z
2026-07-26T12:59:54Z,2026-07-26T14:59:54+0200,adf59793-da45-49b4-9a92-f95cd560cccb,2026-07-12T19:30:00Z,2026-07-12T21:30:00+0200,49643.42156,MW,DE,DE_LU,actual_load,Actual Load,2026-07-26T13:03:42Z
2026-07-26T12:59:54Z,2026-07-26T14:59:54+0200,adf59793-da45-49b4-9a92-f95cd560cccb,2026-07-12T19:45:00Z,2026-07-12T21:45:00+0200,49985.08318,MW,DE,DE_LU,actual_load,Actual Load,2026-07-26T13:03:42Z
2026-07-26T12:59:54Z,2026-07-26T14:59:54+0200,adf59793-da45-49b4-9a92-f95cd560cccb,2026-07-12T20:00:00Z,2026-07-12T22:00:00+0200,49755.33515,MW,DE,DE_LU,actual_load,Actual Load,2026-07-26T13:03:42Z
2026-07-26T12:59:54Z,2026-07-26T14:59:54+0200,adf59793-da45-49b4-9a92-f95cd560cccb,2026-07-12T20:15:00Z,2026-07-12T22:15:00+0200,50308.56719,MW,DE,DE_LU,actual_load,Actual Load,2026-07-26T13:03:42Z
2026-07-26T12:59:54Z,2026-07-26T14:59:54+0200,adf59793-da45-49b4-9a92-f95cd560cccb,2026-07-12T20:30:00Z,2026-07-12T22:30:00+0200,50066.82455,MW,DE,DE_LU,actual_load,Actual Load,2026-07-26T13:03:42Z
2026-07-26T12:59:54Z,2026-07-26T14:59:54+0200,adf59793-da45-49b4-9a92-f95cd560cccb,2026-07-12T20:45:00Z,2026-07-12T22:45:00+0200,49247.95071,MW,DE,DE_LU,actual_load,Actual Load,2026-07-26T13:03:42Z
2026-07-26T12:59:54Z,2026-07-26T14:59:54+0200,adf59793-da45-49b4-9a92-f95cd560cccb,2026-07-12T21:00:00Z,2026-07-12T23:00:00+0200,48130.72301,MW,DE,DE_LU,actual_load,Actual Load,2026-07-26T13:03:42Z
2026-07-26T12:59:54Z,2026-07-26T14:59:54+0200,adf59793-da45-49b4-9a92-f95cd560cccb,2026-07-12T21:15:00Z,2026-07-12T23:15:00+0200,47717.60758,MW,DE,DE_LU,actual_load,Actual Load,2026-07-26T13:03:42Z
2026-07-26T12:59:54Z,2026-07-26T14:59:54+0200,adf59793-da45-49b4-9a92-f95cd560cccb,2026-07-12T21:30:00Z,2026-07-12T23:30:00+0200,46702.9795,MW,DE,DE_LU,actual_load,Actual Load,2026-07-26T13:03:42Z
2026-07-26T12:59:54Z,2026-07-26T14:59:54+0200,adf59793-da45-49b4-9a92-f95cd560cccb,2026-07-12T21:45:00Z,2026-07-12T23:45:00+0200,46293.00301,MW,DE,DE_LU,actual_load,Actual Load,2026-07-26T13:03:42Z
2026-07-26T12:59:54Z,2026-07-26T14:59:54+0200,adf59793-da45-49b4-9a92-f95cd560cccb,2026-07-12T22:00:00Z,2026-07-13T00:00:00+0200,45639.7068,MW,DE,DE_LU,actual_load,Actual Load,2026-07-26T13:03:42Z
2026-07-26T12:59:54Z,2026-07-26T14:59:54+0200,adf59793-da45-49b4-9a92-f95cd560cccb,2026-07-12T22:15:00Z,2026-07-13T00:15:00+0200,45767.48174,MW,DE,DE_LU,actual_load,Actual Load,2026-07-26T13:03:42Z
2026-07-26T12:59:54Z,2026-07-26T14:59:54+0200,adf59793-da45-49b4-9a92-f95cd560cccb,2026-07-12T22:30:00Z,2026-07-13T00:30:00+0200,45298.25952,MW,DE,DE_LU,actual_load,Actual Load,2026-07-26T13:03:42Z
2026-07-26T12:59:54Z,2026-07-26T14:59:54+0200,adf59793-da45-49b4-9a92-f95cd560cccb,2026-07-12T22:45:00Z,2026-07-13T00:45:00+0200,44985.94342,MW,DE,DE_LU,actual_load,Actual Load,2026-07-26T13:03:42Z
2026-07-26T12:59:54Z,2026-07-26T14:59:54+0200,adf59793-da45-49b4-9a92-f95cd560cccb,2026-07-12T23:00:00Z,2026-07-13T01:00:00+0200,43963.22207,MW,DE,DE_LU,actual_load,Actual Load,2026-07-26T13:03:42Z
2026-07-26T12:59:54Z,2026-07-26T14:59:54+0200,adf59793-da45-49b4-9a92-f95cd560cccb,2026-07-12T23:15:00Z,2026-07-13T01:15:00+0200,43998.74023,MW,DE,DE_LU,actual_load,Actual Load,2026-07-26T13:03:42Z
2026-07-26T12:59:54Z,2026-07-26T14:59:54+0200,adf59793-da45-49b4-9a92-f95cd560cccb,2026-07-12T23:30:00Z,2026-07-13T01:30:00+0200,43626.53828,MW,DE,DE_LU,actual_load,Actual Load,2026-07-26T13:03:42Z
2026-07-26T12:59:54Z,2026-07-26T14:59:54+0200,adf59793-da45-49b4-9a92-f95cd560cccb,2026-07-12T23:45:00Z,2026-07-13T01:45:00+0200,43522.70028,MW,DE,DE_LU,actual_load,Actual Load,2026-07-26T13:03:42Z
2026-07-26T12:59:54Z,2026-07-26T14:59:54+0200,adf59793-da45-49b4-9a92-f95cd560cccb,2026-07-13T00:00:00Z,2026-07-13T02:00:00+0200,42599.6305,MW,DE,DE_LU,actual_load,Actual Load,2026-07-26T13:03:42Z
2026-07-26T12:59:54Z,2026-07-26T14:59:54+0200,adf59793-da45-49b4-9a92-f95cd560cccb,2026-07-13T00:15:00Z,2026-07-13T02:15:00+0200,42399.68601,MW,DE,DE_LU,actual_load,Actual Load,2026-07-26T13:03:42Z
2026-07-26T12:59:54Z,2026-07-26T14:59:54+0200,adf59793-da45-49b4-9a92-f95cd560cccb,2026-07-13T00:30:00Z,2026-07-13T02:30:00+0200,42718.16298,MW,DE,DE_LU,actual_load,Actual Load,2026-07-26T13:03:42Z
2026-07-26T12:59:54Z,2026-07-26T14:59:54+0200,adf59793-da45-49b4-9a92-f95cd560cccb,2026-07-13T00:45:00Z,2026-07-13T02:45:00+0200,42961.21089,MW,DE,DE_LU,actual_load,Actual Load,2026-07-26T13:03:42Z
2026-07-26T12:59:54Z,2026-07-26T14:59:54+0200,adf59793-da45-49b4-9a92-f95cd560cccb,2026-07-13T01:00:00Z,2026-07-13T03:00:00+0200,43240.76131,MW,DE,DE_LU,actual_load,Actual Load,2026-07-26T13:03:42Z
2026-07-26T12:59:54Z,2026-07-26T14:59:54+0200,adf59793-da45-49b4-9a92-f95cd560cccb,2026-07-13T01:15:00Z,2026-07-13T03:15:00+0200,43119.84916,MW,DE,DE_LU,actual_load,Actual Load,2026-07-26T13:03:42Z
2026-07-26T12:59:54Z,2026-07-26T14:59:54+0200,adf59793-da45-49b4-9a92-f95cd560cccb,2026-07-13T01:30:00Z,2026-07-13T03:30:00+0200,42871.20722,MW,DE,DE_LU,actual_load,Actual Load,2026-07-26T13:03:42Z
2026-07-26T12:59:54Z,2026-07-26T14:59:54+0200,adf59793-da45-49b4-9a92-f95cd560cccb,2026-07-13T01:45:00Z,2026-07-13T03:45:00+0200,43117.97304,MW,DE,DE_LU,actual_load,Actual Load,2026-07-26T13:03:42Z
2026-07-26T12:59:54Z,2026-07-26T14:59:54+0200,adf59793-da45-49b4-9a92-f95cd560cccb,2026-07-13T02:00:00Z,2026-07-13T04:00:00+0200,43774.478,MW,DE,DE_LU,actual_load,Actual Load,2026-07-26T13:03:42Z
2026-07-26T12:59:54Z,2026-07-26T14:59:54+0200,adf59793-da45-49b4-9a92-f95cd560cccb,2026-07-13T02:15:00Z,2026-07-13T04:15:00+0200,43367.1398,MW,DE,DE_LU,actual_load,Actual Load,2026-07-26T13:03:42Z
2026-07-26T12:59:54Z,2026-07-26T14:59:54+0200,adf59793-da45-49b4-9a92-f95cd560cccb,2026-07-13T02:30:00Z,2026-07-13T04:30:00+0200,43748.97274,MW,DE,DE_LU,actual_load,Actual Load,2026-07-26T13:03:42Z
2026-07-26T12:59:54Z,2026-07-26T14:59:54+0200,adf59793-da45-49b4-9a92-f95cd560cccb,2026-07-13T02:45:00Z,2026-07-13T04:45:00+0200,44087.93244,MW,DE,DE_LU,actual_load,Actual Load,2026-07-26T13:03:42Z
2026-07-26T12:59:54Z,2026-07-26T14:59:54+0200,adf59793-da45-49b4-9a92-f95cd560cccb,2026-07-13T03:00:00Z,2026-07-13T05:00:00+0200,45512.25177,MW,DE,DE_LU,actual_load,Actual Load,2026-07-26T13:03:42Z
2026-07-26T12:59:54Z,2026-07-26T14:59:54+0200,adf59793-da45-49b4-9a92-f95cd560cccb,2026-07-13T03:15:00Z,2026-07-13T05:15:00+0200,45974.47981,MW,DE,DE_LU,actual_load,Actual Load,2026-07-26T13:03:42Z
2026-07-26T12:59:54Z,2026-07-26T14:59:54+0200,adf59793-da45-49b4-9a92-f95cd560cccb,2026-07-13T03:30:00Z,2026-07-13T05:30:00+0200,46400.42681,MW,DE,DE_LU,actual_load,Actual Load,2026-07-26T13:03:42Z
2026-07-26T12:59:54Z,2026-07-26T14:59:54+0200,adf59793-da45-49b4-9a92-f95cd560cccb,2026-07-13T03:45:00Z,2026-07-13T05:45:00+0200,47798.25388,MW,DE,DE_LU,actual_load,Actual Load,2026-07-26T13:03:42Z
2026-07-26T12:59:54Z,2026-07-26T14:59:54+0200,adf59793-da45-49b4-9a92-f95cd560cccb,2026-07-13T04:00:00Z,2026-07-13T06:00:00+0200,50628.99876,MW,DE,DE_LU,actual_load,Actual Load,2026-07-26T13:03:42Z
2026-07-26T12:59:54Z,2026-07-26T14:59:54+0200,adf59793-da45-49b4-9a92-f95cd560cccb,2026-07-13T04:15:00Z,2026-07-13T06:15:00+0200,52858.22668,MW,DE,DE_LU,actual_load,Actual Load,2026-07-26T13:03:42Z
2026-07-26T12:59:54Z,2026-07-26T14:59:54+0200,adf59793-da45-49b4-9a92-f95cd560cccb,2026-07-13T04:30:00Z,2026-07-13T06:30:00+0200,54085.7787,MW,DE,DE_LU,actual_load,Actual Load,2026-07-26T13:03:42Z
2026-07-26T12:59:54Z,2026-07-26T14:59:54+0200,adf59793-da45-49b4-9a92-f95cd560cccb,2026-07-13T04:45:00Z,2026-07-13T06:45:00+0200,55599.27882,MW,DE,DE_LU,actual_load,Actual Load,2026-07-26T13:03:42Z
2026-07-26T12:59:54Z,2026-07-26T14:59:54+0200,adf59793-da45-49b4-9a92-f95cd560cccb,2026-07-13T05:00:00Z,2026-07-13T07:00:00+0200,56566.26762,MW,DE,DE_LU,actual_load,Actual Load,2026-07-26T13:03:42Z
2026-07-26T12:59:54Z,2026-07-26T14:59:54+0200,adf59793-da45-49b4-9a92-f95cd560cccb,2026-07-13T05:15:00Z,2026-07-13T07:15:00+0200,57754.73401,MW,DE,DE_LU,actual_load,Actual Load,2026-07-26T13:03:42Z
2026-07-26T12:59:54Z,2026-07-26T14:59:54+0200,adf59793-da45-49b4-9a92-f95cd560cccb,2026-07-13T05:30:00Z,2026-07-13T07:30:00+0200,58575.37938,MW,DE,DE_LU,actual_load,Actual Load,2026-07-26T13:03:42Z
2026-07-26T12:59:54Z,2026-07-26T14:59:54+0200,adf59793-da45-49b4-9a92-f95cd560cccb,2026-07-13T05:45:00Z,2026-07-13T07:45:00+0200,59730.26853,MW,DE,DE_LU,actual_load,Actual Load,2026-07-26T13:03:42Z
2026-07-26T12:59:54Z,2026-07-26T14:59:54+0200,adf59793-da45-49b4-9a92-f95cd560cccb,2026-07-13T06:00:00Z,2026-07-13T08:00:00+0200,59959.15487,MW,DE,DE_LU,actual_load,Actual Load,2026-07-26T13:03:42Z
2026-07-26T12:59:54Z,2026-07-26T14:59:54+0200,adf59793-da45-49b4-9a92-f95cd560cccb,2026-07-13T06:15:00Z,2026-07-13T08:15:00+0200,60793.94787,MW,DE,DE_LU,actual_load,Actual Load,2026-07-26T13:03:42Z
2026-07-26T12:59:54Z,2026-07-26T14:59:54+0200,adf59793-da45-49b4-9a92-f95cd560cccb,2026-07-13T06:30:00Z,2026-07-13T08:30:00+0200,62339.7721,MW,DE,DE_LU,actual_load,Actual Load,2026-07-26T13:03:42Z
2026-07-26T12:59:54Z,2026-07-26T14:59:54+0200,adf59793-da45-49b4-9a92-f95cd560cccb,2026-07-13T06:45:00Z,2026-07-13T08:45:00+0200,62477.03221,MW,DE,DE_LU,actual_load,Actual Load,2026-07-26T13:03:42Z
2026-07-26T12:59:54Z,2026-07-26T14:59:54+0200,adf59793-da45-49b4-9a92-f95cd560cccb,2026-07-13T07:00:00Z,2026-07-13T09:00:00+0200,60828.374,MW,DE,DE_LU,actual_load,Actual Load,2026-07-26T13:03:42Z
2026-07-26T12:59:54Z,2026-07-26T14:59:54+0200,adf59793-da45-49b4-9a92-f95cd560cccb,2026-07-13T07:15:00Z,2026-07-13T09:15:00+0200,60769.88774,MW,DE,DE_LU,actual_load,Actual Load,2026-07-26T13:03:42Z
2026-07-26T12:59:54Z,2026-07-26T14:59:54+0200,adf59793-da45-49b4-9a92-f95cd560cccb,2026-07-13T07:30:00Z,2026-07-13T09:30:00+0200,60323.46194,MW,DE,DE_LU,actual_load,Actual Load,2026-07-26T13:03:42Z
2026-07-26T12:59:54Z,2026-07-26T14:59:54+0200,adf59793-da45-49b4-9a92-f95cd560cccb,2026-07-13T07:45:00Z,2026-07-13T09:45:00+0200,60472.6885,MW,DE,DE_LU,actual_load,Actual Load,2026-07-26T13:03:42Z
2026-07-26T12:59:54Z,2026-07-26T14:59:54+0200,adf59793-da45-49b4-9a92-f95cd560cccb,2026-07-13T08:00:00Z,2026-07-13T10:00:00+0200,59982.89436,MW,DE,DE_LU,actual_load,Actual Load,2026-07-26T13:03:42Z
2026-07-26T12:59:54Z,2026-07-26T14:59:54+0200,adf59793-da45-49b4-9a92-f95cd560cccb,2026-07-13T08:15:00Z,2026-07-13T10:15:00+0200,59431.38183,MW,DE,DE_LU,actual_load,Actual Load,2026-07-26T13:03:42Z
2026-07-26T12:59:54Z,2026-07-26T14:59:54+0200,adf59793-da45-49b4-9a92-f95cd560cccb,2026-07-13T08:30:00Z,2026-07-13T10:30:00+0200,59543.37788,MW,DE,DE_LU,actual_load,Actual Load,2026-07-26T13:03:42Z
2026-07-26T12:59:54Z,2026-07-26T14:59:54+0200,adf59793-da45-49b4-9a92-f95cd560cccb,2026-07-13T08:45:00Z,2026-07-13T10:45:00+0200,59063.58857,MW,DE,DE_LU,actual_load,Actual Load,2026-07-26T13:03:42Z
2026-07-26T12:59:54Z,2026-07-26T14:59:54+0200,adf59793-da45-49b4-9a92-f95cd560cccb,2026-07-13T09:00:00Z,2026-07-13T11:00:00+0200,58952.19654,MW,DE,DE_LU,actual_load,Actual Load,2026-07-26T13:03:42Z
2026-07-26T12:59:54Z,2026-07-26T14:59:54+0200,adf59793-da45-49b4-9a92-f95cd560cccb,2026-07-13T09:15:00Z,2026-07-13T11:15:00+0200,58726.5299,MW,DE,DE_LU,actual_load,Actual Load,2026-07-26T13:03:42Z
2026-07-26T12:59:54Z,2026-07-26T14:59:54+0200,adf59793-da45-49b4-9a92-f95cd560cccb,2026-07-13T09:30:00Z,2026-07-13T11:30:00+0200,58365.10035,MW,DE,DE_LU,actual_load,Actual Load,2026-07-26T13:03:42Z
2026-07-26T12:59:54Z,2026-07-26T14:59:54+0200,adf59793-da45-49b4-9a92-f95cd560cccb,2026-07-13T09:45:00Z,2026-07-13T11:45:00+0200,58597.47525,MW,DE,DE_LU,actual_load,Actual Load,2026-07-26T13:03:42Z
2026-07-26T12:59:54Z,2026-07-26T14:59:54+0200,adf59793-da45-49b4-9a92-f95cd560cccb,2026-07-13T10:00:00Z,2026-07-13T12:00:00+0200,57550.91618,MW,DE,DE_LU,actual_load,Actual Load,2026-07-26T13:03:42Z
2026-07-26T12:59:54Z,2026-07-26T14:59:54+0200,adf59793-da45-49b4-9a92-f95cd560cccb,2026-07-13T10:15:00Z,2026-07-13T12:15:00+0200,57748.88101,MW,DE,DE_LU,actual_load,Actual Load,2026-07-26T13:03:42Z
2026-07-26T12:59:54Z,2026-07-26T14:59:54+0200,adf59793-da45-49b4-9a92-f95cd560cccb,2026-07-13T10:30:00Z,2026-07-13T12:30:00+0200,57672.32048,MW,DE,DE_LU,actual_load,Actual Load,2026-07-26T13:03:42Z
2026-07-26T12:59:54Z,2026-07-26T14:59:54+0200,adf59793-da45-49b4-9a92-f95cd560cccb,2026-07-13T10:45:00Z,2026-07-13T12:45:00+0200,57688.21055,MW,DE,DE_LU,actual_load,Actual Load,2026-07-26T13:03:42Z
2026-07-26T12:59:54Z,2026-07-26T14:59:54+0200,adf59793-da45-49b4-9a92-f95cd560cccb,2026-07-13T11:00:00Z,2026-07-13T13:00:00+0200,57704.00876,MW,DE,DE_LU,actual_load,Actual Load,2026-07-26T13:03:42Z
2026-07-26T12:59:54Z,2026-07-26T14:59:54+0200,adf59793-da45-49b4-9a92-f95cd560cccb,2026-07-13T11:15:00Z,2026-07-13T13:15:00+0200,57870.29173,MW,DE,DE_LU,actual_load,Actual Load,2026-07-26T13:03:42Z
2026-07-26T12:59:54Z,2026-07-26T14:59:54+0200,adf59793-da45-49b4-9a92-f95cd560cccb,2026-07-13T11:30:00Z,2026-07-13T13:30:00+0200,57640.54893,MW,DE,DE_LU,actual_load,Actual Load,2026-07-26T13:03:42Z
2026-07-26T12:59:54Z,2026-07-26T14:59:54+0200,adf59793-da45-49b4-9a92-f95cd560cccb,2026-07-13T11:45:00Z,2026-07-13T13:45:00+0200,56736.62954,MW,DE,DE_LU,actual_load,Actual Load,2026-07-26T13:03:42Z
2026-07-26T12:59:54Z,2026-07-26T14:59:54+0200,adf59793-da45-49b4-9a92-f95cd560cccb,2026-07-13T12:00:00Z,2026-07-13T14:00:00+0200,56870.48887,MW,DE,DE_LU,actual_load,Actual Load,2026-07-26T13:03:42Z
2026-07-26T12:59:54Z,2026-07-26T14:59:54+0200,adf59793-da45-49b4-9a92-f95cd560cccb,2026-07-13T12:15:00Z,2026-07-13T14:15:00+0200,56737.34274,MW,DE,DE_LU,actual_load,Actual Load,2026-07-26T13:03:42Z
2026-07-26T12:59:54Z,2026-07-26T14:59:54+0200,adf59793-da45-49b4-9a92-f95cd560cccb,2026-07-13T12:30:00Z,2026-07-13T14:30:00+0200,56993.69783,MW,DE,DE_LU,actual_load,Actual Load,2026-07-26T13:03:42Z
2026-07-26T12:59:54Z,2026-07-26T14:59:54+0200,adf59793-da45-49b4-9a92-f95cd560cccb,2026-07-13T12:45:00Z,2026-07-13T14:45:00+0200,56040.0864,MW,DE,DE_LU,actual_load,Actual Load,2026-07-26T13:03:42Z
2026-07-26T12:59:54Z,2026-07-26T14:59:54+0200,adf59793-da45-49b4-9a92-f95cd560cccb,2026-07-13T13:00:00Z,2026-07-13T15:00:00+0200,56399.43729,MW,DE,DE_LU,actual_load,Actual Load,2026-07-26T13:03:42Z
2026-07-26T12:59:54Z,2026-07-26T14:59:54+0200,adf59793-da45-49b4-9a92-f95cd560cccb,2026-07-13T13:15:00Z,2026-07-13T15:15:00+0200,56217.06668,MW,DE,DE_LU,actual_load,Actual Load,2026-07-26T13:03:42Z
2026-07-26T12:59:54Z,2026-07-26T14:59:54+0200,adf59793-da45-49b4-9a92-f95cd560cccb,2026-07-13T13:30:00Z,2026-07-13T15:30:00+0200,56175.63887,MW,DE,DE_LU,actual_load,Actual Load,2026-07-26T13:03:42Z
2026-07-26T12:59:54Z,2026-07-26T14:59:54+0200,adf59793-da45-49b4-9a92-f95cd560cccb,2026-07-13T13:45:00Z,2026-07-13T15:45:00+0200,56253.25997,MW,DE,DE_LU,actual_load,Actual Load,2026-07-26T13:03:42Z
2026-07-26T12:59:54Z,2026-07-26T14:59:54+0200,adf59793-da45-49b4-9a92-f95cd560cccb,2026-07-13T14:00:00Z,2026-07-13T16:00:00+0200,57237.05514,MW,DE,DE_LU,actual_load,Actual Load,2026-07-26T13:03:42Z
2026-07-26T12:59:54Z,2026-07-26T14:59:54+0200,adf59793-da45-49b4-9a92-f95cd560cccb,2026-07-13T14:15:00Z,2026-07-13T16:15:00+0200,56870.33657,MW,DE,DE_LU,actual_load,Actual Load,2026-07-26T13:03:42Z
2026-07-26T12:59:54Z,2026-07-26T14:59:54+0200,adf59793-da45-49b4-9a92-f95cd560cccb,2026-07-13T14:30:00Z,2026-07-13T16:30:00+0200,57577.51321,MW,DE,DE_LU,actual_load,Actual Load,2026-07-26T13:03:42Z
2026-07-26T12:59:54Z,2026-07-26T14:59:54+0200,adf59793-da45-49b4-9a92-f95cd560cccb,2026-07-13T14:45:00Z,2026-07-13T16:45:00+0200,57822.41137,MW,DE,DE_LU,actual_load,Actual Load,2026-07-26T13:03:42Z
2026-07-26T12:59:54Z,2026-07-26T14:59:54+0200,adf59793-da45-49b4-9a92-f95cd560cccb,2026-07-13T15:00:00Z,2026-07-13T17:00:00+0200,58541.44875,MW,DE,DE_LU,actual_load,Actual Load,2026-07-26T13:03:42Z
2026-07-26T12:59:54Z,2026-07-26T14:59:54+0200,adf59793-da45-49b4-9a92-f95cd560cccb,2026-07-13T15:15:00Z,2026-07-13T17:15:00+0200,58304.46758,MW,DE,DE_LU,actual_load,Actual Load,2026-07-26T13:03:42Z
2026-07-26T12:59:54Z,2026-07-26T14:59:54+0200,adf59793-da45-49b4-9a92-f95cd560cccb,2026-07-13T15:30:00Z,2026-07-13T17:30:00+0200,59169.4117,MW,DE,DE_LU,actual_load,Actual Load,2026-07-26T13:03:42Z
2026-07-26T12:59:54Z,2026-07-26T14:59:54+0200,adf59793-da45-49b4-9a92-f95cd560cccb,2026-07-13T15:45:00Z,2026-07-13T17:45:00+0200,59519.01106,MW,DE,DE_LU,actual_load,Actual Load,2026-07-26T13:03:42Z
2026-07-26T12:59:54Z,2026-07-26T14:59:54+0200,adf59793-da45-49b4-9a92-f95cd560cccb,2026-07-13T16:00:00Z,2026-07-13T18:00:00+0200,60008.25521,MW,DE,DE_LU,actual_load,Actual Load,2026-07-26T13:03:42Z
2026-07-26T12:59:54Z,2026-07-26T14:59:54+0200,adf59793-da45-49b4-9a92-f95cd560cccb,2026-07-13T16:15:00Z,2026-07-13T18:15:00+0200,60284.82384,MW,DE,DE_LU,actual_load,Actual Load,2026-07-26T13:03:42Z
2026-07-26T12:59:54Z,2026-07-26T14:59:54+0200,adf59793-da45-49b4-9a92-f95cd560cccb,2026-07-13T16:30:00Z,2026-07-13T18:30:00+0200,61614.0737,MW,DE,DE_LU,actual_load,Actual Load,2026-07-26T13:03:42Z
2026-07-26T12:59:54Z,2026-07-26T14:59:54+0200,adf59793-da45-49b4-9a92-f95cd560cccb,2026-07-13T16:45:00Z,2026-07-13T18:45:00+0200,62219.98524,MW,DE,DE_LU,actual_load,Actual Load,2026-07-26T13:03:42Z
2026-07-26T12:59:54Z,2026-07-26T14:59:54+0200,adf59793-da45-49b4-9a92-f95cd560cccb,2026-07-13T17:00:00Z,2026-07-13T19:00:00+0200,62454.31402,MW,DE,DE_LU,actual_load,Actual Load,2026-07-26T13:03:42Z
2026-07-26T12:59:54Z,2026-07-26T14:59:54+0200,adf59793-da45-49b4-9a92-f95cd560cccb,2026-07-13T17:15:00Z,2026-07-13T19:15:00+0200,62205.2443,MW,DE,DE_LU,actual_load,Actual Load,2026-07-26T13:03:42Z
2026-07-26T12:59:54Z,2026-07-26T14:59:54+0200,adf59793-da45-49b4-9a92-f95cd560cccb,2026-07-13T17:30:00Z,2026-07-13T19:30:00+0200,61983.80164,MW,DE,DE_LU,actual_load,Actual Load,2026-07-26T13:03:42Z
2026-07-26T12:59:54Z,2026-07-26T14:59:54+0200,adf59793-da45-49b4-9a92-f95cd560cccb,2026-07-13T17:45:00Z,2026-07-13T19:45:00+0200,61087.22885,MW,DE,DE_LU,actual_load,Actual Load,2026-07-26T13:03:42Z
2026-07-26T12:59:54Z,2026-07-26T14:59:54+0200,adf59793-da45-49b4-9a92-f95cd560cccb,2026-07-13T18:00:00Z,2026-07-13T20:00:00+0200,60833.36011,MW,DE,DE_LU,actual_load,Actual Load,2026-07-26T13:03:42Z
2026-07-26T12:59:54Z,2026-07-26T14:59:54+0200,adf59793-da45-49b4-9a92-f95cd560cccb,2026-07-13T18:15:00Z,2026-07-13T20:15:00+0200,60698.25084,MW,DE,DE_LU,actual_load,Actual Load,2026-07-26T13:03:42Z
2026-07-26T12:59:54Z,2026-07-26T14:59:54+0200,adf59793-da45-49b4-9a92-f95cd560cccb,2026-07-13T18:30:00Z,2026-07-13T20:30:00+0200,60736.88455,MW,DE,DE_LU,actual_load,Actual Load,2026-07-26T13:03:42Z
2026-07-26T12:59:54Z,2026-07-26T14:59:54+0200,adf59793-da45-49b4-9a92-f95cd560cccb,2026-07-13T18:45:00Z,2026-07-13T20:45:00+0200,59809.40072,MW,DE,DE_LU,actual_load,Actual Load,2026-07-26T13:03:42Z
2026-07-26T12:59:54Z,2026-07-26T14:59:54+0200,adf59793-da45-49b4-9a92-f95cd560cccb,2026-07-13T19:00:00Z,2026-07-13T21:00:00+0200,58674.99641,MW,DE,DE_LU,actual_load,Actual Load,2026-07-26T13:03:42Z
2026-07-26T12:59:54Z,2026-07-26T14:59:54+0200,adf59793-da45-49b4-9a92-f95cd560cccb,2026-07-13T19:15:00Z,2026-07-13T21:15:00+0200,57925.14879,MW,DE,DE_LU,actual_load,Actual Load,2026-07-26T13:03:42Z
2026-07-26T12:59:54Z,2026-07-26T14:59:54+0200,adf59793-da45-49b4-9a92-f95cd560cccb,2026-07-13T19:30:00Z,2026-07-13T21:30:00+0200,58502.83406,MW,DE,DE_LU,actual_load,Actual Load,2026-07-26T13:03:42Z
2026-07-26T12:59:54Z,2026-07-26T14:59:54+0200,adf59793-da45-49b4-9a92-f95cd560cccb,2026-07-13T19:45:00Z,2026-07-13T21:45:00+0200,58483.84804,MW,DE,DE_LU,actual_load,Actual Load,2026-07-26T13:03:42Z
2026-07-26T12:59:54Z,2026-07-26T14:59:54+0200,adf59793-da45-49b4-9a92-f95cd560cccb,2026-07-13T20:00:00Z,2026-07-13T22:00:00+0200,56928.77929,MW,DE,DE_LU,actual_load,Actual Load,2026-07-26T13:03:42Z
2026-07-26T12:59:54Z,2026-07-26T14:59:54+0200,adf59793-da45-49b4-9a92-f95cd560cccb,2026-07-13T20:15:00Z,2026-07-13T22:15:00+0200,55995.29025,MW,DE,DE_LU,actual_load,Actual Load,2026-07-26T13:03:42Z
2026-07-26T12:59:54Z,2026-07-26T14:59:54+0200,adf59793-da45-49b4-9a92-f95cd560cccb,2026-07-13T20:30:00Z,2026-07-13T22:30:00+0200,54997.3847,MW,DE,DE_LU,actual_load,Actual Load,2026-07-26T13:03:42Z
2026-07-26T12:59:54Z,2026-07-26T14:59:54+0200,adf59793-da45-49b4-9a92-f95cd560cccb,2026-07-13T20:45:00Z,2026-07-13T22:45:00+0200,54280.33318,MW,DE,DE_LU,actual_load,Actual Load,2026-07-26T13:03:42Z
2026-07-26T12:59:54Z,2026-07-26T14:59:54+0200,adf59793-da45-49b4-9a92-f95cd560cccb,2026-07-13T21:00:00Z,2026-07-13T23:00:00+0200,52412.42212,MW,DE,DE_LU,actual_load,Actual Load,2026-07-26T13:03:42Z
2026-07-26T12:59:54Z,2026-07-26T14:59:54+0200,adf59793-da45-49b4-9a92-f95cd560cccb,2026-07-13T21:15:00Z,2026-07-13T23:15:00+0200,51368.53823,MW,DE,DE_LU,actual_load,Actual Load,2026-07-26T13:03:42Z
2026-07-26T12:59:54Z,2026-07-26T14:59:54+0200,adf59793-da45-49b4-9a92-f95cd560cccb,2026-07-13T21:30:00Z,2026-07-13T23:30:00+0200,50634.57925,MW,DE,DE_LU,actual_load,Actual Load,2026-07-26T13:03:42Z
2026-07-26T12:59:54Z,2026-07-26T14:59:54+0200,adf59793-da45-49b4-9a92-f95cd560cccb,2026-07-13T21:45:00Z,2026-07-13T23:45:00+0200,49904.02951,MW,DE,DE_LU,actual_load,Actual Load,2026-07-26T13:03:42Z
2026-07-26T12:59:54Z,2026-07-26T14:59:54+0200,adf59793-da45-49b4-9a92-f95cd560cccb,2026-07-13T22:00:00Z,2026-07-14T00:00:00+0200,48890.63127,MW,DE,DE_LU,actual_load,Actual Load,2026-07-26T13:03:42Z
2026-07-26T12:59:54Z,2026-07-26T14:59:54+0200,adf59793-da45-49b4-9a92-f95cd560cccb,2026-07-13T22:15:00Z,2026-07-14T00:15:00+0200,48660.32688,MW,DE,DE_LU,actual_load,Actual Load,2026-07-26T13:03:42Z
2026-07-26T12:59:54Z,2026-07-26T14:59:54+0200,adf59793-da45-49b4-9a92-f95cd560cccb,2026-07-13T22:30:00Z,2026-07-14T00:30:00+0200,48410.01675,MW,DE,DE_LU,actual_load,Actual Load,2026-07-26T13:03:42Z
2026-07-26T12:59:54Z,2026-07-26T14:59:54+0200,adf59793-da45-49b4-9a92-f95cd560cccb,2026-07-13T22:45:00Z,2026-07-14T00:45:00+0200,48077.99778,MW,DE,DE_LU,actual_load,Actual Load,2026-07-26T13:03:42Z
2026-07-26T12:59:54Z,2026-07-26T14:59:54+0200,adf59793-da45-49b4-9a92-f95cd560cccb,2026-07-13T23:00:00Z,2026-07-14T01:00:00+0200,47541.99801,MW,DE,DE_LU,actual_load,Actual Load,2026-07-26T13:03:42Z
2026-07-26T12:59:54Z,2026-07-26T14:59:54+0200,adf59793-da45-49b4-9a92-f95cd560cccb,2026-07-13T23:15:00Z,2026-07-14T01:15:00+0200,47263.37095,MW,DE,DE_LU,actual_load,Actual Load,2026-07-26T13:03:42Z
2026-07-26T12:59:54Z,2026-07-26T14:59:54+0200,adf59793-da45-49b4-9a92-f95cd560cccb,2026-07-13T23:30:00Z,2026-07-14T01:30:00+0200,47427.68921,MW,DE,DE_LU,actual_load,Actual Load,2026-07-26T13:03:42Z
2026-07-26T12:59:54Z,2026-07-26T14:59:54+0200,adf59793-da45-49b4-9a92-f95cd560cccb,2026-07-13T23:45:00Z,2026-07-14T01:45:00+0200,47077.65612,MW,DE,DE_LU,actual_load,Actual Load,2026-07-26T13:03:42Z
2026-07-26T12:59:54Z,2026-07-26T14:59:54+0200,adf59793-da45-49b4-9a92-f95cd560cccb,2026-07-14T00:00:00Z,2026-07-14T02:00:00+0200,46438.28376,MW,DE,DE_LU,actual_load,Actual Load,2026-07-26T13:03:42Z
2026-07-26T12:59:54Z,2026-07-26T14:59:54+0200,adf59793-da45-49b4-9a92-f95cd560cccb,2026-07-14T00:15:00Z,2026-07-14T02:15:00+0200,46573.64194,MW,DE,DE_LU,actual_load,Actual Load,2026-07-26T13:03:42Z
2026-07-26T12:59:54Z,2026-07-26T14:59:54+0200,adf59793-da45-49b4-9a92-f95cd560cccb,2026-07-14T00:30:00Z,2026-07-14T02:30:00+0200,46583.96332,MW,DE,DE_LU,actual_load,Actual Load,2026-07-26T13:03:42Z
2026-07-26T12:59:54Z,2026-07-26T14:59:54+0200,adf59793-da45-49b4-9a92-f95cd560cccb,2026-07-14T00:45:00Z,2026-07-14T02:45:00+0200,46639.05886,MW,DE,DE_LU,actual_load,Actual Load,2026-07-26T13:03:42Z
2026-07-26T12:59:54Z,2026-07-26T14:59:54+0200,adf59793-da45-49b4-9a92-f95cd560cccb,2026-07-14T01:00:00Z,2026-07-14T03:00:00+0200,46424.49066,MW,DE,DE_LU,actual_load,Actual Load,2026-07-26T13:03:42Z
2026-07-26T12:59:54Z,2026-07-26T14:59:54+0200,adf59793-da45-49b4-9a92-f95cd560cccb,2026-07-14T01:15:00Z,2026-07-14T03:15:00+0200,46463.89294,MW,DE,DE_LU,actual_load,Actual Load,2026-07-26T13:03:42Z
2026-07-26T12:59:54Z,2026-07-26T14:59:54+0200,adf59793-da45-49b4-9a92-f95cd560cccb,2026-07-14T01:30:00Z,2026-07-14T03:30:00+0200,46757.34082,MW,DE,DE_LU,actual_load,Actual Load,2026-07-26T13:03:42Z
2026-07-26T12:59:54Z,2026-07-26T14:59:54+0200,adf59793-da45-49b4-9a92-f95cd560cccb,2026-07-14T01:45:00Z,2026-07-14T03:45:00+0200,46639.8907,MW,DE,DE_LU,actual_load,Actual Load,2026-07-26T13:03:42Z
2026-07-26T12:59:54Z,2026-07-26T14:59:54+0200,adf59793-da45-49b4-9a92-f95cd560cccb,2026-07-14T02:00:00Z,2026-07-14T04:00:00+0200,46868.97172,MW,DE,DE_LU,actual_load,Actual Load,2026-07-26T13:03:42Z
2026-07-26T12:59:54Z,2026-07-26T14:59:54+0200,adf59793-da45-49b4-9a92-f95cd560cccb,2026-07-14T02:15:00Z,2026-07-14T04:15:00+0200,46949.89558,MW,DE,DE_LU,actual_load,Actual Load,2026-07-26T13:03:42Z
2026-07-26T12:59:54Z,2026-07-26T14:59:54+0200,adf59793-da45-49b4-9a92-f95cd560cccb,2026-07-14T02:30:00Z,2026-07-14T04:30:00+0200,47386.48876,MW,DE,DE_LU,actual_load,Actual Load,2026-07-26T13:03:42Z
2026-07-26T12:59:54Z,2026-07-26T14:59:54+0200,adf59793-da45-49b4-9a92-f95cd560cccb,2026-07-14T02:45:00Z,2026-07-14T04:45:00+0200,47632.25331,MW,DE,DE_LU,actual_load,Actual Load,2026-07-26T13:03:42Z
2026-07-26T12:59:54Z,2026-07-26T14:59:54+0200,adf59793-da45-49b4-9a92-f95cd560cccb,2026-07-14T03:00:00Z,2026-07-14T05:00:00+0200,48452.47298,MW,DE,DE_LU,actual_load,Actual Load,2026-07-26T13:03:42Z
2026-07-26T12:59:54Z,2026-07-26T14:59:54+0200,adf59793-da45-49b4-9a92-f95cd560cccb,2026-07-14T03:15:00Z,2026-07-14T05:15:00+0200,48649.46688,MW,DE,DE_LU,actual_load,Actual Load,2026-07-26T13:03:42Z
2026-07-26T12:59:54Z,2026-07-26T14:59:54+0200,adf59793-da45-49b4-9a92-f95cd560cccb,2026-07-14T03:30:00Z,2026-07-14T05:30:00+0200,49288.60868,MW,DE,DE_LU,actual_load,Actual Load,2026-07-26T13:03:42Z
2026-07-26T12:59:54Z,2026-07-26T14:59:54+0200,adf59793-da45-49b4-9a92-f95cd560cccb,2026-07-14T03:45:00Z,2026-07-14T05:45:00+0200,50867.96195,MW,DE,DE_LU,actual_load,Actual Load,2026-07-26T13:03:42Z
2026-07-26T12:59:54Z,2026-07-26T14:59:54+0200,adf59793-da45-49b4-9a92-f95cd560cccb,2026-07-14T04:00:00Z,2026-07-14T06:00:00+0200,53447.23094,MW,DE,DE_LU,actual_load,Actual Load,2026-07-26T13:03:42Z
2026-07-26T12:59:54Z,2026-07-26T14:59:54+0200,adf59793-da45-49b4-9a92-f95cd560cccb,2026-07-14T04:15:00Z,2026-07-14T06:15:00+0200,55273.64762,MW,DE,DE_LU,actual_load,Actual Load,2026-07-26T13:03:42Z
2026-07-26T12:59:54Z,2026-07-26T14:59:54+0200,adf59793-da45-49b4-9a92-f95cd560cccb,2026-07-14T04:30:00Z,2026-07-14T06:30:00+0200,56423.75148,MW,DE,DE_LU,actual_load,Actual Load,2026-07-26T13:03:42Z
2026-07-26T12:59:54Z,2026-07-26T14:59:54+0200,adf59793-da45-49b4-9a92-f95cd560cccb,2026-07-14T04:45:00Z,2026-07-14T06:45:00+0200,58050.31736,MW,DE,DE_LU,actual_load,Actual Load,2026-07-26T13:03:42Z
2026-07-26T12:59:54Z,2026-07-26T14:59:54+0200,adf59793-da45-49b4-9a92-f95cd560cccb,2026-07-14T05:00:00Z,2026-07-14T07:00:00+0200,59269.06841,MW,DE,DE_LU,actual_load,Actual Load,2026-07-26T13:03:42Z
2026-07-26T12:59:54Z,2026-07-26T14:59:54+0200,adf59793-da45-49b4-9a92-f95cd560cccb,2026-07-14T05:15:00Z,2026-07-14T07:15:00+0200,60634.40398,MW,DE,DE_LU,actual_load,Actual Load,2026-07-26T13:03:42Z
2026-07-26T12:59:54Z,2026-07-26T14:59:54+0200,adf59793-da45-49b4-9a92-f95cd560cccb,2026-07-14T05:30:00Z,2026-07-14T07:30:00+0200,61647.49469,MW,DE,DE_LU,actual_load,Actual Load,2026-07-26T13:03:42Z
2026-07-26T12:59:54Z,2026-07-26T14:59:54+0200,adf59793-da45-49b4-9a92-f95cd560cccb,2026-07-14T05:45:00Z,2026-07-14T07:45:00+0200,62653.63209,MW,DE,DE_LU,actual_load,Actual Load,2026-07-26T13:03:42Z
2026-07-26T12:59:54Z,2026-07-26T14:59:54+0200,adf59793-da45-49b4-9a92-f95cd560cccb,2026-07-14T06:00:00Z,2026-07-14T08:00:00+0200,62163.54525,MW,DE,DE_LU,actual_load,Actual Load,2026-07-26T13:03:42Z
2026-07-26T12:59:54Z,2026-07-26T14:59:54+0200,adf59793-da45-49b4-9a92-f95cd560cccb,2026-07-14T06:15:00Z,2026-07-14T08:15:00+0200,63254.34248,MW,DE,DE_LU,actual_load,Actual Load,2026-07-26T13:03:42Z
2026-07-26T12:59:54Z,2026-07-26T14:59:54+0200,adf59793-da45-49b4-9a92-f95cd560cccb,2026-07-14T06:30:00Z,2026-07-14T08:30:00+0200,64096.31299,MW,DE,DE_LU,actual_load,Actual Load,2026-07-26T13:03:42Z
2026-07-26T12:59:54Z,2026-07-26T14:59:54+0200,adf59793-da45-49b4-9a92-f95cd560cccb,2026-07-14T06:45:00Z,2026-07-14T08:45:00+0200,63954.54256,MW,DE,DE_LU,actual_load,Actual Load,2026-07-26T13:03:42Z
2026-07-26T12:59:54Z,2026-07-26T14:59:54+0200,adf59793-da45-49b4-9a92-f95cd560cccb,2026-07-14T07:00:00Z,2026-07-14T09:00:00+0200,63008.51072,MW,DE,DE_LU,actual_load,Actual Load,2026-07-26T13:03:42Z
2026-07-26T12:59:54Z,2026-07-26T14:59:54+0200,adf59793-da45-49b4-9a92-f95cd560cccb,2026-07-14T07:15:00Z,2026-07-14T09:15:00+0200,62834.7285,MW,DE,DE_LU,actual_load,Actual Load,2026-07-26T13:03:42Z
2026-07-26T12:59:54Z,2026-07-26T14:59:54+0200,adf59793-da45-49b4-9a92-f95cd560cccb,2026-07-14T07:30:00Z,2026-07-14T09:30:00+0200,62553.74413,MW,DE,DE_LU,actual_load,Actual Load,2026-07-26T13:03:42Z
2026-07-26T12:59:54Z,2026-07-26T14:59:54+0200,adf59793-da45-49b4-9a92-f95cd560cccb,2026-07-14T07:45:00Z,2026-07-14T09:45:00+0200,61605.76808,MW,DE,DE_LU,actual_load,Actual Load,2026-07-26T13:03:42Z
2026-07-26T12:59:54Z,2026-07-26T14:59:54+0200,adf59793-da45-49b4-9a92-f95cd560cccb,2026-07-14T08:00:00Z,2026-07-14T10:00:00+0200,61593.88631,MW,DE,DE_LU,actual_load,Actual Load,2026-07-26T13:03:42Z
2026-07-26T12:59:54Z,2026-07-26T14:59:54+0200,adf59793-da45-49b4-9a92-f95cd560cccb,2026-07-14T08:15:00Z,2026-07-14T10:15:00+0200,61595.65887,MW,DE,DE_LU,actual_load,Actual Load,2026-07-26T13:03:42Z
2026-07-26T12:59:54Z,2026-07-26T14:59:54+0200,adf59793-da45-49b4-9a92-f95cd560cccb,2026-07-14T08:30:00Z,2026-07-14T10:30:00+0200,61297.94684,MW,DE,DE_LU,actual_load,Actual Load,2026-07-26T13:03:42Z
2026-07-26T12:59:54Z,2026-07-26T14:59:54+0200,adf59793-da45-49b4-9a92-f95cd560cccb,2026-07-14T08:45:00Z,2026-07-14T10:45:00+0200,61046.04886,MW,DE,DE_LU,actual_load,Actual Load,2026-07-26T13:03:42Z
2026-07-26T12:59:54Z,2026-07-26T14:59:54+0200,adf59793-da45-49b4-9a92-f95cd560cccb,2026-07-14T09:00:00Z,2026-07-14T11:00:00+0200,60842.74006,MW,DE,DE_LU,actual_load,Actual Load,2026-07-26T13:03:42Z
2026-07-26T12:59:54Z,2026-07-26T14:59:54+0200,adf59793-da45-49b4-9a92-f95cd560cccb,2026-07-14T09:15:00Z,2026-07-14T11:15:00+0200,60399.23379,MW,DE,DE_LU,actual_load,Actual Load,2026-07-26T13:03:42Z
2026-07-26T12:59:54Z,2026-07-26T14:59:54+0200,adf59793-da45-49b4-9a92-f95cd560cccb,2026-07-14T09:30:00Z,2026-07-14T11:30:00+0200,60055.50594,MW,DE,DE_LU,actual_load,Actual Load,2026-07-26T13:03:42Z
2026-07-26T12:59:54Z,2026-07-26T14:59:54+0200,adf59793-da45-49b4-9a92-f95cd560cccb,2026-07-14T09:45:00Z,2026-07-14T11:45:00+0200,59768.09675,MW,DE,DE_LU,actual_load,Actual Load,2026-07-26T13:03:42Z
2026-07-26T12:59:54Z,2026-07-26T14:59:54+0200,adf59793-da45-49b4-9a92-f95cd560cccb,2026-07-14T10:00:00Z,2026-07-14T12:00:00+0200,58832.53517,MW,DE,DE_LU,actual_load,Actual Load,2026-07-26T13:03:42Z
2026-07-26T12:59:54Z,2026-07-26T14:59:54+0200,adf59793-da45-49b4-9a92-f95cd560cccb,2026-07-14T10:15:00Z,2026-07-14T12:15:00+0200,58443.10048,MW,DE,DE_LU,actual_load,Actual Load,2026-07-26T13:03:42Z
2026-07-26T12:59:54Z,2026-07-26T14:59:54+0200,adf59793-da45-49b4-9a92-f95cd560cccb,2026-07-14T10:30:00Z,2026-07-14T12:30:00+0200,58356.34291,MW,DE,DE_LU,actual_load,Actual Load,2026-07-26T13:03:42Z
2026-07-26T12:59:54Z,2026-07-26T14:59:54+0200,adf59793-da45-49b4-9a92-f95cd560cccb,2026-07-14T10:45:00Z,2026-07-14T12:45:00+0200,58726.75567,MW,DE,DE_LU,actual_load,Actual Load,2026-07-26T13:03:42Z
2026-07-26T12:59:54Z,2026-07-26T14:59:54+0200,adf59793-da45-49b4-9a92-f95cd560cccb,2026-07-14T11:00:00Z,2026-07-14T13:00:00+0200,58105.61402,MW,DE,DE_LU,actual_load,Actual Load,2026-07-26T13:03:42Z
2026-07-26T12:59:54Z,2026-07-26T14:59:54+0200,adf59793-da45-49b4-9a92-f95cd560cccb,2026-07-14T11:15:00Z,2026-07-14T13:15:00+0200,57579.72817,MW,DE,DE_LU,actual_load,Actual Load,2026-07-26T13:03:42Z
2026-07-26T12:59:54Z,2026-07-26T14:59:54+0200,adf59793-da45-49b4-9a92-f95cd560cccb,2026-07-14T11:30:00Z,2026-07-14T13:30:00+0200,57277.38698,MW,DE,DE_LU,actual_load,Actual Load,2026-07-26T13:03:42Z
2026-07-26T12:59:54Z,2026-07-26T14:59:54+0200,adf59793-da45-49b4-9a92-f95cd560cccb,2026-07-14T11:45:00Z,2026-07-14T13:45:00+0200,56573.48635,MW,DE,DE_LU,actual_load,Actual Load,2026-07-26T13:03:42Z
2026-07-26T12:59:54Z,2026-07-26T14:59:54+0200,adf59793-da45-49b4-9a92-f95cd560cccb,2026-07-14T12:00:00Z,2026-07-14T14:00:00+0200,56596.88459,MW,DE,DE_LU,actual_load,Actual Load,2026-07-26T13:03:42Z
2026-07-26T12:59:54Z,2026-07-26T14:59:54+0200,adf59793-da45-49b4-9a92-f95cd560cccb,2026-07-14T12:15:00Z,2026-07-14T14:15:00+0200,56577.7466,MW,DE,DE_LU,actual_load,Actual Load,2026-07-26T13:03:42Z
2026-07-26T12:59:54Z,2026-07-26T14:59:54+0200,adf59793-da45-49b4-9a92-f95cd560cccb,2026-07-14T12:30:00Z,2026-07-14T14:30:00+0200,56133.26874,MW,DE,DE_LU,actual_load,Actual Load,2026-07-26T13:03:42Z
2026-07-26T12:59:54Z,2026-07-26T14:59:54+0200,adf59793-da45-49b4-9a92-f95cd560cccb,2026-07-14T12:45:00Z,2026-07-14T14:45:00+0200,55874.52094,MW,DE,DE_LU,actual_load,Actual Load,2026-07-26T13:03:42Z
2026-07-26T12:59:54Z,2026-07-26T14:59:54+0200,adf59793-da45-49b4-9a92-f95cd560cccb,2026-07-14T13:00:00Z,2026-07-14T15:00:00+0200,56437.29368,MW,DE,DE_LU,actual_load,Actual Load,2026-07-26T13:03:42Z
2026-07-26T12:59:54Z,2026-07-26T14:59:54+0200,adf59793-da45-49b4-9a92-f95cd560cccb,2026-07-14T13:15:00Z,2026-07-14T15:15:00+0200,56034.98872,MW,DE,DE_LU,actual_load,Actual Load,2026-07-26T13:03:42Z
2026-07-26T12:59:54Z,2026-07-26T14:59:54+0200,adf59793-da45-49b4-9a92-f95cd560cccb,2026-07-14T13:30:00Z,2026-07-14T15:30:00+0200,56242.5478,MW,DE,DE_LU,actual_load,Actual Load,2026-07-26T13:03:42Z
2026-07-26T12:59:54Z,2026-07-26T14:59:54+0200,adf59793-da45-49b4-9a92-f95cd560cccb,2026-07-14T13:45:00Z,2026-07-14T15:45:00+0200,56201.127,MW,DE,DE_LU,actual_load,Actual Load,2026-07-26T13:03:42Z
2026-07-26T12:59:54Z,2026-07-26T14:59:54+0200,adf59793-da45-49b4-9a92-f95cd560cccb,2026-07-14T14:00:00Z,2026-07-14T16:00:00+0200,56493.14351,MW,DE,DE_LU,actual_load,Actual Load,2026-07-26T13:03:42Z
2026-07-26T12:59:54Z,2026-07-26T14:59:54+0200,adf59793-da45-49b4-9a92-f95cd560cccb,2026-07-14T14:15:00Z,2026-07-14T16:15:00+0200,56572.65643,MW,DE,DE_LU,actual_load,Actual Load,2026-07-26T13:03:42Z
2026-07-26T12:59:54Z,2026-07-26T14:59:54+0200,adf59793-da45-49b4-9a92-f95cd560cccb,2026-07-14T14:30:00Z,2026-07-14T16:30:00+0200,57406.80516,MW,DE,DE_LU,actual_load,Actual Load,2026-07-26T13:03:42Z
2026-07-26T12:59:54Z,2026-07-26T14:59:54+0200,adf59793-da45-49b4-9a92-f95cd560cccb,2026-07-14T14:45:00Z,2026-07-14T16:45:00+0200,57406.17601,MW,DE,DE_LU,actual_load,Actual Load,2026-07-26T13:03:42Z
2026-07-26T12:59:54Z,2026-07-26T14:59:54+0200,adf59793-da45-49b4-9a92-f95cd560cccb,2026-07-14T15:00:00Z,2026-07-14T17:00:00+0200,57837.87006,MW,DE,DE_LU,actual_load,Actual Load,2026-07-26T13:03:42Z
2026-07-26T12:59:54Z,2026-07-26T14:59:54+0200,adf59793-da45-49b4-9a92-f95cd560cccb,2026-07-14T15:15:00Z,2026-07-14T17:15:00+0200,58152.5778,MW,DE,DE_LU,actual_load,Actual Load,2026-07-26T13:03:42Z
2026-07-26T12:59:54Z,2026-07-26T14:59:54+0200,adf59793-da45-49b4-9a92-f95cd560cccb,2026-07-14T15:30:00Z,2026-07-14T17:30:00+0200,58988.2468,MW,DE,DE_LU,actual_load,Actual Load,2026-07-26T13:03:42Z
2026-07-26T12:59:54Z,2026-07-26T14:59:54+0200,adf59793-da45-49b4-9a92-f95cd560cccb,2026-07-14T15:45:00Z,2026-07-14T17:45:00+0200,59683.96122,MW,DE,DE_LU,actual_load,Actual Load,2026-07-26T13:03:42Z
2026-07-26T12:59:54Z,2026-07-26T14:59:54+0200,adf59793-da45-49b4-9a92-f95cd560cccb,2026-07-14T16:00:00Z,2026-07-14T18:00:00+0200,60426.34225,MW,DE,DE_LU,actual_load,Actual Load,2026-07-26T13:03:42Z
2026-07-26T12:59:54Z,2026-07-26T14:59:54+0200,adf59793-da45-49b4-9a92-f95cd560cccb,2026-07-14T16:15:00Z,2026-07-14T18:15:00+0200,60838.84819,MW,DE,DE_LU,actual_load,Actual Load,2026-07-26T13:03:42Z
2026-07-26T12:59:54Z,2026-07-26T14:59:54+0200,adf59793-da45-49b4-9a92-f95cd560cccb,2026-07-14T16:30:00Z,2026-07-14T18:30:00+0200,60429.33325,MW,DE,DE_LU,actual_load,Actual Load,2026-07-26T13:03:42Z
2026-07-26T12:59:54Z,2026-07-26T14:59:54+0200,adf59793-da45-49b4-9a92-f95cd560cccb,2026-07-14T16:45:00Z,2026-07-14T18:45:00+0200,60913.61167,MW,DE,DE_LU,actual_load,Actual Load,2026-07-26T13:03:42Z
2026-07-26T12:59:54Z,2026-07-26T14:59:54+0200,adf59793-da45-49b4-9a92-f95cd560cccb,2026-07-14T17:00:00Z,2026-07-14T19:00:00+0200,60900.5589,MW,DE,DE_LU,actual_load,Actual Load,2026-07-26T13:03:42Z
2026-07-26T12:59:54Z,2026-07-26T14:59:54+0200,adf59793-da45-49b4-9a92-f95cd560cccb,2026-07-14T17:15:00Z,2026-07-14T19:15:00+0200,60746.34198,MW,DE,DE_LU,actual_load,Actual Load,2026-07-26T13:03:42Z
2026-07-26T12:59:54Z,2026-07-26T14:59:54+0200,adf59793-da45-49b4-9a92-f95cd560cccb,2026-07-14T17:30:00Z,2026-07-14T19:30:00+0200,60333.68006,MW,DE,DE_LU,actual_load,Actual Load,2026-07-26T13:03:42Z
2026-07-26T12:59:54Z,2026-07-26T14:59:54+0200,adf59793-da45-49b4-9a92-f95cd560cccb,2026-07-14T17:45:00Z,2026-07-14T19:45:00+0200,59718.90101,MW,DE,DE_LU,actual_load,Actual Load,2026-07-26T13:03:42Z
2026-07-26T12:59:54Z,2026-07-26T14:59:54+0200,adf59793-da45-49b4-9a92-f95cd560cccb,2026-07-14T18:00:00Z,2026-07-14T20:00:00+0200,60033.84748,MW,DE,DE_LU,actual_load,Actual Load,2026-07-26T13:03:42Z
2026-07-26T12:59:54Z,2026-07-26T14:59:54+0200,adf59793-da45-49b4-9a92-f95cd560cccb,2026-07-14T18:15:00Z,2026-07-14T20:15:00+0200,59295.25053,MW,DE,DE_LU,actual_load,Actual Load,2026-07-26T13:03:42Z
2026-07-26T12:59:54Z,2026-07-26T14:59:54+0200,adf59793-da45-49b4-9a92-f95cd560cccb,2026-07-14T18:30:00Z,2026-07-14T20:30:00+0200,58336.7608,MW,DE,DE_LU,actual_load,Actual Load,2026-07-26T13:03:42Z
2026-07-26T12:59:54Z,2026-07-26T14:59:54+0200,adf59793-da45-49b4-9a92-f95cd560cccb,2026-07-14T18:45:00Z,2026-07-14T20:45:00+0200,57771.10762,MW,DE,DE_LU,actual_load,Actual Load,2026-07-26T13:03:42Z
2026-07-26T12:59:54Z,2026-07-26T14:59:54+0200,adf59793-da45-49b4-9a92-f95cd560cccb,2026-07-14T19:00:00Z,2026-07-14T21:00:00+0200,56933.15931,MW,DE,DE_LU,actual_load,Actual Load,2026-07-26T13:03:42Z
2026-07-26T12:59:54Z,2026-07-26T14:59:54+0200,adf59793-da45-49b4-9a92-f95cd560cccb,2026-07-14T19:15:00Z,2026-07-14T21:15:00+0200,56282.01529,MW,DE,DE_LU,actual_load,Actual Load,2026-07-26T13:03:42Z
2026-07-26T12:59:54Z,2026-07-26T14:59:54+0200,adf59793-da45-49b4-9a92-f95cd560cccb,2026-07-14T19:30:00Z,2026-07-14T21:30:00+0200,55800.31171,MW,DE,DE_LU,actual_load,Actual Load,2026-07-26T13:03:42Z
2026-07-26T12:59:54Z,2026-07-26T14:59:54+0200,adf59793-da45-49b4-9a92-f95cd560cccb,2026-07-14T19:45:00Z,2026-07-14T21:45:00+0200,55297.90193,MW,DE,DE_LU,actual_load,Actual Load,2026-07-26T13:03:42Z
2026-07-26T12:59:54Z,2026-07-26T14:59:54+0200,adf59793-da45-49b4-9a92-f95cd560cccb,2026-07-14T20:00:00Z,2026-07-14T22:00:00+0200,55173.39932,MW,DE,DE_LU,actual_load,Actual Load,2026-07-26T13:03:42Z
2026-07-26T12:59:54Z,2026-07-26T14:59:54+0200,adf59793-da45-49b4-9a92-f95cd560cccb,2026-07-14T20:15:00Z,2026-07-14T22:15:00+0200,54773.2282,MW,DE,DE_LU,actual_load,Actual Load,2026-07-26T13:03:42Z
2026-07-26T12:59:54Z,2026-07-26T14:59:54+0200,adf59793-da45-49b4-9a92-f95cd560cccb,2026-07-14T20:30:00Z,2026-07-14T22:30:00+0200,54364.53155,MW,DE,DE_LU,actual_load,Actual Load,2026-07-26T13:03:42Z
2026-07-26T12:59:54Z,2026-07-26T14:59:54+0200,adf59793-da45-49b4-9a92-f95cd560cccb,2026-07-14T20:45:00Z,2026-07-14T22:45:00+0200,53421.0705,MW,DE,DE_LU,actual_load,Actual Load,2026-07-26T13:03:42Z
2026-07-26T12:59:54Z,2026-07-26T14:59:54+0200,adf59793-da45-49b4-9a92-f95cd560cccb,2026-07-14T21:00:00Z,2026-07-14T23:00:00+0200,52379.17669,MW,DE,DE_LU,actual_load,Actual Load,2026-07-26T13:03:42Z
2026-07-26T12:59:54Z,2026-07-26T14:59:54+0200,adf59793-da45-49b4-9a92-f95cd560cccb,2026-07-14T21:15:00Z,2026-07-14T23:15:00+0200,51769.78339,MW,DE,DE_LU,actual_load,Actual Load,2026-07-26T13:03:42Z
2026-07-26T12:59:54Z,2026-07-26T14:59:54+0200,adf59793-da45-49b4-9a92-f95cd560cccb,2026-07-14T21:30:00Z,2026-07-14T23:30:00+0200,51137.16367,MW,DE,DE_LU,actual_load,Actual Load,2026-07-26T13:03:42Z
2026-07-26T12:59:54Z,2026-07-26T14:59:54+0200,adf59793-da45-49b4-9a92-f95cd560cccb,2026-07-14T21:45:00Z,2026-07-14T23:45:00+0200,50638.53217,MW,DE,DE_LU,actual_load,Actual Load,2026-07-26T13:03:42Z
2026-07-26T12:59:54Z,2026-07-26T14:59:54+0200,adf59793-da45-49b4-9a92-f95cd560cccb,2026-07-14T22:00:00Z,2026-07-15T00:00:00+0200,49527.72749,MW,DE,DE_LU,actual_load,Actual Load,2026-07-26T13:03:42Z
2026-07-26T12:59:54Z,2026-07-26T14:59:54+0200,adf59793-da45-49b4-9a92-f95cd560cccb,2026-07-14T22:15:00Z,2026-07-15T00:15:00+0200,49067.58623,MW,DE,DE_LU,actual_load,Actual Load,2026-07-26T13:03:42Z
2026-07-26T12:59:54Z,2026-07-26T14:59:54+0200,adf59793-da45-49b4-9a92-f95cd560cccb,2026-07-14T22:30:00Z,2026-07-15T00:30:00+0200,48856.78028,MW,DE,DE_LU,actual_load,Actual Load,2026-07-26T13:03:42Z
2026-07-26T12:59:54Z,2026-07-26T14:59:54+0200,adf59793-da45-49b4-9a92-f95cd560cccb,2026-07-14T22:45:00Z,2026-07-15T00:45:00+0200,48828.32135,MW,DE,DE_LU,actual_load,Actual Load,2026-07-26T13:03:42Z
2026-07-26T12:59:54Z,2026-07-26T14:59:54+0200,adf59793-da45-49b4-9a92-f95cd560cccb,2026-07-14T23:00:00Z,2026-07-15T01:00:00+0200,48199.19631,MW,DE,DE_LU,actual_load,Actual Load,2026-07-26T13:03:42Z
2026-07-26T12:59:54Z,2026-07-26T14:59:54+0200,adf59793-da45-49b4-9a92-f95cd560cccb,2026-07-14T23:15:00Z,2026-07-15T01:15:00+0200,47739.04401,MW,DE,DE_LU,actual_load,Actual Load,2026-07-26T13:03:42Z
2026-07-26T12:59:54Z,2026-07-26T14:59:54+0200,adf59793-da45-49b4-9a92-f95cd560cccb,2026-07-14T23:30:00Z,2026-07-15T01:30:00+0200,47291.18087,MW,DE,DE_LU,actual_load,Actual Load,2026-07-26T13:03:42Z
2026-07-26T12:59:54Z,2026-07-26T14:59:54+0200,adf59793-da45-49b4-9a92-f95cd560cccb,2026-07-14T23:45:00Z,2026-07-15T01:45:00+0200,47164.17099,MW,DE,DE_LU,actual_load,Actual Load,2026-07-26T13:03:42Z
2026-07-26T12:59:54Z,2026-07-26T14:59:54+0200,adf59793-da45-49b4-9a92-f95cd560cccb,2026-07-15T00:00:00Z,2026-07-15T02:00:00+0200,46044.76093,MW,DE,DE_LU,actual_load,Actual Load,2026-07-26T13:03:42Z
2026-07-26T12:59:54Z,2026-07-26T14:59:54+0200,adf59793-da45-49b4-9a92-f95cd560cccb,2026-07-15T00:15:00Z,2026-07-15T02:15:00+0200,46674.36663,MW,DE,DE_LU,actual_load,Actual Load,2026-07-26T13:03:42Z
2026-07-26T12:59:54Z,2026-07-26T14:59:54+0200,adf59793-da45-49b4-9a92-f95cd560cccb,2026-07-15T00:30:00Z,2026-07-15T02:30:00+0200,46562.32217,MW,DE,DE_LU,actual_load,Actual Load,2026-07-26T13:03:42Z
2026-07-26T12:59:54Z,2026-07-26T14:59:54+0200,adf59793-da45-49b4-9a92-f95cd560cccb,2026-07-15T00:45:00Z,2026-07-15T02:45:00+0200,46370.61802,MW,DE,DE_LU,actual_load,Actual Load,2026-07-26T13:03:42Z
2026-07-26T12:59:54Z,2026-07-26T14:59:54+0200,adf59793-da45-49b4-9a92-f95cd560cccb,2026-07-15T01:00:00Z,2026-07-15T03:00:00+0200,46425.45226,MW,DE,DE_LU,actual_load,Actual Load,2026-07-26T13:03:42Z
2026-07-26T12:59:54Z,2026-07-26T14:59:54+0200,adf59793-da45-49b4-9a92-f95cd560cccb,2026-07-15T01:15:00Z,2026-07-15T03:15:00+0200,46616.41752,MW,DE,DE_LU,actual_load,Actual Load,2026-07-26T13:03:42Z
2026-07-26T12:59:54Z,2026-07-26T14:59:54+0200,adf59793-da45-49b4-9a92-f95cd560cccb,2026-07-15T01:30:00Z,2026-07-15T03:30:00+0200,46752.50295,MW,DE,DE_LU,actual_load,Actual Load,2026-07-26T13:03:42Z
2026-07-26T12:59:54Z,2026-07-26T14:59:54+0200,adf59793-da45-49b4-9a92-f95cd560cccb,2026-07-15T01:45:00Z,2026-07-15T03:45:00+0200,47050.15515,MW,DE,DE_LU,actual_load,Actual Load,2026-07-26T13:03:42Z
2026-07-26T12:59:54Z,2026-07-26T14:59:54+0200,adf59793-da45-49b4-9a92-f95cd560cccb,2026-07-15T02:00:00Z,2026-07-15T04:00:00+0200,47512.13359,MW,DE,DE_LU,actual_load,Actual Load,2026-07-26T13:03:42Z
2026-07-26T12:59:54Z,2026-07-26T14:59:54+0200,adf59793-da45-49b4-9a92-f95cd560cccb,2026-07-15T02:15:00Z,2026-07-15T04:15:00+0200,47915.7074,MW,DE,DE_LU,actual_load,Actual Load,2026-07-26T13:03:42Z
2026-07-26T12:59:54Z,2026-07-26T14:59:54+0200,adf59793-da45-49b4-9a92-f95cd560cccb,2026-07-15T02:30:00Z,2026-07-15T04:30:00+0200,47796.70508,MW,DE,DE_LU,actual_load,Actual Load,2026-07-26T13:03:42Z
2026-07-26T12:59:54Z,2026-07-26T14:59:54+0200,adf59793-da45-49b4-9a92-f95cd560cccb,2026-07-15T02:45:00Z,2026-07-15T04:45:00+0200,48160.86794,MW,DE,DE_LU,actual_load,Actual Load,2026-07-26T13:03:42Z
2026-07-26T12:59:54Z,2026-07-26T14:59:54+0200,adf59793-da45-49b4-9a92-f95cd560cccb,2026-07-15T03:00:00Z,2026-07-15T05:00:00+0200,49226.80071,MW,DE,DE_LU,actual_load,Actual Load,2026-07-26T13:03:42Z
2026-07-26T12:59:54Z,2026-07-26T14:59:54+0200,adf59793-da45-49b4-9a92-f95cd560cccb,2026-07-15T03:15:00Z,2026-07-15T05:15:00+0200,49625.7447,MW,DE,DE_LU,actual_load,Actual Load,2026-07-26T13:03:42Z
2026-07-26T12:59:54Z,2026-07-26T14:59:54+0200,adf59793-da45-49b4-9a92-f95cd560cccb,2026-07-15T03:30:00Z,2026-07-15T05:30:00+0200,50304.27698,MW,DE,DE_LU,actual_load,Actual Load,2026-07-26T13:03:42Z
2026-07-26T12:59:54Z,2026-07-26T14:59:54+0200,adf59793-da45-49b4-9a92-f95cd560cccb,2026-07-15T03:45:00Z,2026-07-15T05:45:00+0200,51722.02042,MW,DE,DE_LU,actual_load,Actual Load,2026-07-26T13:03:42Z
2026-07-26T12:59:54Z,2026-07-26T14:59:54+0200,adf59793-da45-49b4-9a92-f95cd560cccb,2026-07-15T04:00:00Z,2026-07-15T06:00:00+0200,53898.01341,MW,DE,DE_LU,actual_load,Actual Load,2026-07-26T13:03:42Z
2026-07-26T12:59:54Z,2026-07-26T14:59:54+0200,adf59793-da45-49b4-9a92-f95cd560cccb,2026-07-15T04:15:00Z,2026-07-15T06:15:00+0200,55582.23895,MW,DE,DE_LU,actual_load,Actual Load,2026-07-26T13:03:42Z
2026-07-26T12:59:54Z,2026-07-26T14:59:54+0200,adf59793-da45-49b4-9a92-f95cd560cccb,2026-07-15T04:30:00Z,2026-07-15T06:30:00+0200,56673.8752,MW,DE,DE_LU,actual_load,Actual Load,2026-07-26T13:03:42Z
2026-07-26T12:59:54Z,2026-07-26T14:59:54+0200,adf59793-da45-49b4-9a92-f95cd560cccb,2026-07-15T04:45:00Z,2026-07-15T06:45:00+0200,58230.12039,MW,DE,DE_LU,actual_load,Actual Load,2026-07-26T13:03:42Z
2026-07-26T12:59:54Z,2026-07-26T14:59:54+0200,adf59793-da45-49b4-9a92-f95cd560cccb,2026-07-15T05:00:00Z,2026-07-15T07:00:00+0200,58775.16432,MW,DE,DE_LU,actual_load,Actual Load,2026-07-26T13:03:42Z
2026-07-26T12:59:54Z,2026-07-26T14:59:54+0200,adf59793-da45-49b4-9a92-f95cd560cccb,2026-07-15T05:15:00Z,2026-07-15T07:15:00+0200,59695.2484,MW,DE,DE_LU,actual_load,Actual Load,2026-07-26T13:03:42Z
2026-07-26T12:59:54Z,2026-07-26T14:59:54+0200,adf59793-da45-49b4-9a92-f95cd560cccb,2026-07-15T05:30:00Z,2026-07-15T07:30:00+0200,60521.89733,MW,DE,DE_LU,actual_load,Actual Load,2026-07-26T13:03:42Z
2026-07-26T12:59:54Z,2026-07-26T14:59:54+0200,adf59793-da45-49b4-9a92-f95cd560cccb,2026-07-15T05:45:00Z,2026-07-15T07:45:00+0200,61187.80387,MW,DE,DE_LU,actual_load,Actual Load,2026-07-26T13:03:42Z
2026-07-26T12:59:54Z,2026-07-26T14:59:54+0200,adf59793-da45-49b4-9a92-f95cd560cccb,2026-07-15T06:00:00Z,2026-07-15T08:00:00+0200,60963.06031,MW,DE,DE_LU,actual_load,Actual Load,2026-07-26T13:03:42Z
2026-07-26T12:59:54Z,2026-07-26T14:59:54+0200,adf59793-da45-49b4-9a92-f95cd560cccb,2026-07-15T06:15:00Z,2026-07-15T08:15:00+0200,61960.11028,MW,DE,DE_LU,actual_load,Actual Load,2026-07-26T13:03:42Z
2026-07-26T12:59:54Z,2026-07-26T14:59:54+0200,adf59793-da45-49b4-9a92-f95cd560cccb,2026-07-15T06:30:00Z,2026-07-15T08:30:00+0200,62720.44452,MW,DE,DE_LU,actual_load,Actual Load,2026-07-26T13:03:42Z
2026-07-26T12:59:54Z,2026-07-26T14:59:54+0200,adf59793-da45-49b4-9a92-f95cd560cccb,2026-07-15T06:45:00Z,2026-07-15T08:45:00+0200,63394.31723,MW,DE,DE_LU,actual_load,Actual Load,2026-07-26T13:03:42Z
2026-07-26T12:59:54Z,2026-07-26T14:59:54+0200,adf59793-da45-49b4-9a92-f95cd560cccb,2026-07-15T07:00:00Z,2026-07-15T09:00:00+0200,61971.37477,MW,DE,DE_LU,actual_load,Actual Load,2026-07-26T13:03:42Z
2026-07-26T12:59:54Z,2026-07-26T14:59:54+0200,adf59793-da45-49b4-9a92-f95cd560cccb,2026-07-15T07:15:00Z,2026-07-15T09:15:00+0200,62282.90095,MW,DE,DE_LU,actual_load,Actual Load,2026-07-26T13:03:42Z
2026-07-26T12:59:54Z,2026-07-26T14:59:54+0200,adf59793-da45-49b4-9a92-f95cd560cccb,2026-07-15T07:30:00Z,2026-07-15T09:30:00+0200,61992.66923,MW,DE,DE_LU,actual_load,Actual Load,2026-07-26T13:03:42Z
2026-07-26T12:59:54Z,2026-07-26T14:59:54+0200,adf59793-da45-49b4-9a92-f95cd560cccb,2026-07-15T07:45:00Z,2026-07-15T09:45:00+0200,60697.86462,MW,DE,DE_LU,actual_load,Actual Load,2026-07-26T13:03:42Z
2026-07-26T12:59:54Z,2026-07-26T14:59:54+0200,adf59793-da45-49b4-9a92-f95cd560cccb,2026-07-15T08:00:00Z,2026-07-15T10:00:00+0200,59925.54293,MW,DE,DE_LU,actual_load,Actual Load,2026-07-26T13:03:42Z
2026-07-26T12:59:54Z,2026-07-26T14:59:54+0200,adf59793-da45-49b4-9a92-f95cd560cccb,2026-07-15T08:15:00Z,2026-07-15T10:15:00+0200,59903.30047,MW,DE,DE_LU,actual_load,Actual Load,2026-07-26T13:03:42Z
2026-07-26T12:59:54Z,2026-07-26T14:59:54+0200,adf59793-da45-49b4-9a92-f95cd560cccb,2026-07-15T08:30:00Z,2026-07-15T10:30:00+0200,59966.41758,MW,DE,DE_LU,actual_load,Actual Load,2026-07-26T13:03:42Z
2026-07-26T12:59:54Z,2026-07-26T14:59:54+0200,adf59793-da45-49b4-9a92-f95cd560cccb,2026-07-15T08:45:00Z,2026-07-15T10:45:00+0200,60002.77992,MW,DE,DE_LU,actual_load,Actual Load,2026-07-26T13:03:42Z
2026-07-26T12:59:54Z,2026-07-26T14:59:54+0200,adf59793-da45-49b4-9a92-f95cd560cccb,2026-07-15T09:00:00Z,2026-07-15T11:00:00+0200,59537.79898,MW,DE,DE_LU,actual_load,Actual Load,2026-07-26T13:03:42Z
2026-07-26T12:59:54Z,2026-07-26T14:59:54+0200,adf59793-da45-49b4-9a92-f95cd560cccb,2026-07-15T09:15:00Z,2026-07-15T11:15:00+0200,59752.75235,MW,DE,DE_LU,actual_load,Actual Load,2026-07-26T13:03:42Z
2026-07-26T12:59:54Z,2026-07-26T14:59:54+0200,adf59793-da45-49b4-9a92-f95cd560cccb,2026-07-15T09:30:00Z,2026-07-15T11:30:00+0200,59854.24022,MW,DE,DE_LU,actual_load,Actual Load,2026-07-26T13:03:42Z
2026-07-26T12:59:54Z,2026-07-26T14:59:54+0200,adf59793-da45-49b4-9a92-f95cd560cccb,2026-07-15T09:45:00Z,2026-07-15T11:45:00+0200,59481.96035,MW,DE,DE_LU,actual_load,Actual Load,2026-07-26T13:03:42Z
2026-07-26T12:59:54Z,2026-07-26T14:59:54+0200,adf59793-da45-49b4-9a92-f95cd560cccb,2026-07-15T10:00:00Z,2026-07-15T12:00:00+0200,59201.76095,MW,DE,DE_LU,actual_load,Actual Load,2026-07-26T13:03:42Z
2026-07-26T12:59:54Z,2026-07-26T14:59:54+0200,adf59793-da45-49b4-9a92-f95cd560cccb,2026-07-15T10:15:00Z,2026-07-15T12:15:00+0200,58353.23059,MW,DE,DE_LU,actual_load,Actual Load,2026-07-26T13:03:42Z
2026-07-26T12:59:54Z,2026-07-26T14:59:54+0200,adf59793-da45-49b4-9a92-f95cd560cccb,2026-07-15T10:30:00Z,2026-07-15T12:30:00+0200,58765.38579,MW,DE,DE_LU,actual_load,Actual Load,2026-07-26T13:03:42Z
2026-07-26T12:59:54Z,2026-07-26T14:59:54+0200,adf59793-da45-49b4-9a92-f95cd560cccb,2026-07-15T10:45:00Z,2026-07-15T12:45:00+0200,58560.3899,MW,DE,DE_LU,actual_load,Actual Load,2026-07-26T13:03:42Z
2026-07-26T12:59:54Z,2026-07-26T14:59:54+0200,adf59793-da45-49b4-9a92-f95cd560cccb,2026-07-15T11:00:00Z,2026-07-15T13:00:00+0200,58777.06147,MW,DE,DE_LU,actual_load,Actual Load,2026-07-26T13:03:42Z
2026-07-26T12:59:54Z,2026-07-26T14:59:54+0200,adf59793-da45-49b4-9a92-f95cd560cccb,2026-07-15T11:15:00Z,2026-07-15T13:15:00+0200,59162.22708,MW,DE,DE_LU,actual_load,Actual Load,2026-07-26T13:03:42Z
2026-07-26T12:59:54Z,2026-07-26T14:59:54+0200,adf59793-da45-49b4-9a92-f95cd560cccb,2026-07-15T11:30:00Z,2026-07-15T13:30:00+0200,57809.94084,MW,DE,DE_LU,actual_load,Actual Load,2026-07-26T13:03:42Z
2026-07-26T12:59:54Z,2026-07-26T14:59:54+0200,adf59793-da45-49b4-9a92-f95cd560cccb,2026-07-15T11:45:00Z,2026-07-15T13:45:00+0200,57485.81206,MW,DE,DE_LU,actual_load,Actual Load,2026-07-26T13:03:42Z
2026-07-26T12:59:54Z,2026-07-26T14:59:54+0200,adf59793-da45-49b4-9a92-f95cd560cccb,2026-07-15T12:00:00Z,2026-07-15T14:00:00+0200,57672.55372,MW,DE,DE_LU,actual_load,Actual Load,2026-07-26T13:03:42Z
2026-07-26T12:59:54Z,2026-07-26T14:59:54+0200,adf59793-da45-49b4-9a92-f95cd560cccb,2026-07-15T12:15:00Z,2026-07-15T14:15:00+0200,57294.47799,MW,DE,DE_LU,actual_load,Actual Load,2026-07-26T13:03:42Z
2026-07-26T12:59:54Z,2026-07-26T14:59:54+0200,adf59793-da45-49b4-9a92-f95cd560cccb,2026-07-15T12:30:00Z,2026-07-15T14:30:00+0200,56271.1996,MW,DE,DE_LU,actual_load,Actual Load,2026-07-26T13:03:42Z
2026-07-26T12:59:54Z,2026-07-26T14:59:54+0200,adf59793-da45-49b4-9a92-f95cd560cccb,2026-07-15T12:45:00Z,2026-07-15T14:45:00+0200,56876.36925,MW,DE,DE_LU,actual_load,Actual Load,2026-07-26T13:03:42Z
2026-07-26T12:59:54Z,2026-07-26T14:59:54+0200,adf59793-da45-49b4-9a92-f95cd560cccb,2026-07-15T13:00:00Z,2026-07-15T15:00:00+0200,56929.52084,MW,DE,DE_LU,actual_load,Actual Load,2026-07-26T13:03:42Z
2026-07-26T12:59:54Z,2026-07-26T14:59:54+0200,adf59793-da45-49b4-9a92-f95cd560cccb,2026-07-15T13:15:00Z,2026-07-15T15:15:00+0200,57043.92383,MW,DE,DE_LU,actual_load,Actual Load,2026-07-26T13:03:42Z
2026-07-26T12:59:54Z,2026-07-26T14:59:54+0200,adf59793-da45-49b4-9a92-f95cd560cccb,2026-07-15T13:30:00Z,2026-07-15T15:30:00+0200,57324.08958,MW,DE,DE_LU,actual_load,Actual Load,2026-07-26T13:03:42Z
2026-07-26T12:59:54Z,2026-07-26T14:59:54+0200,adf59793-da45-49b4-9a92-f95cd560cccb,2026-07-15T13:45:00Z,2026-07-15T15:45:00+0200,57116.20839,MW,DE,DE_LU,actual_load,Actual Load,2026-07-26T13:03:42Z
2026-07-26T12:59:54Z,2026-07-26T14:59:54+0200,adf59793-da45-49b4-9a92-f95cd560cccb,2026-07-15T14:00:00Z,2026-07-15T16:00:00+0200,58420.21162,MW,DE,DE_LU,actual_load,Actual Load,2026-07-26T13:03:42Z
2026-07-26T12:59:54Z,2026-07-26T14:59:54+0200,adf59793-da45-49b4-9a92-f95cd560cccb,2026-07-15T14:15:00Z,2026-07-15T16:15:00+0200,58302.47891,MW,DE,DE_LU,actual_load,Actual Load,2026-07-26T13:03:42Z
2026-07-26T12:59:54Z,2026-07-26T14:59:54+0200,adf59793-da45-49b4-9a92-f95cd560cccb,2026-07-15T14:30:00Z,2026-07-15T16:30:00+0200,57987.97432,MW,DE,DE_LU,actual_load,Actual Load,2026-07-26T13:03:42Z
2026-07-26T12:59:54Z,2026-07-26T14:59:54+0200,adf59793-da45-49b4-9a92-f95cd560cccb,2026-07-15T14:45:00Z,2026-07-15T16:45:00+0200,57972.43082,MW,DE,DE_LU,actual_load,Actual Load,2026-07-26T13:03:42Z
2026-07-26T12:59:54Z,2026-07-26T14:59:54+0200,adf59793-da45-49b4-9a92-f95cd560cccb,2026-07-15T15:00:00Z,2026-07-15T17:00:00+0200,59320.77928,MW,DE,DE_LU,actual_load,Actual Load,2026-07-26T13:03:42Z
2026-07-26T12:59:54Z,2026-07-26T14:59:54+0200,adf59793-da45-49b4-9a92-f95cd560cccb,2026-07-15T15:15:00Z,2026-07-15T17:15:00+0200,59379.22891,MW,DE,DE_LU,actual_load,Actual Load,2026-07-26T13:03:42Z
2026-07-26T12:59:54Z,2026-07-26T14:59:54+0200,adf59793-da45-49b4-9a92-f95cd560cccb,2026-07-15T15:30:00Z,2026-07-15T17:30:00+0200,59315.71704,MW,DE,DE_LU,actual_load,Actual Load,2026-07-26T13:03:42Z
2026-07-26T12:59:54Z,2026-07-26T14:59:54+0200,adf59793-da45-49b4-9a92-f95cd560cccb,2026-07-15T15:45:00Z,2026-07-15T17:45:00+0200,59986.00568,MW,DE,DE_LU,actual_load,Actual Load,2026-07-26T13:03:42Z
2026-07-26T12:59:54Z,2026-07-26T14:59:54+0200,adf59793-da45-49b4-9a92-f95cd560cccb,2026-07-15T16:00:00Z,2026-07-15T18:00:00+0200,61209.23472,MW,DE,DE_LU,actual_load,Actual Load,2026-07-26T13:03:42Z
2026-07-26T12:59:54Z,2026-07-26T14:59:54+0200,adf59793-da45-49b4-9a92-f95cd560cccb,2026-07-15T16:15:00Z,2026-07-15T18:15:00+0200,60456.49269,MW,DE,DE_LU,actual_load,Actual Load,2026-07-26T13:03:42Z
2026-07-26T12:59:54Z,2026-07-26T14:59:54+0200,adf59793-da45-49b4-9a92-f95cd560cccb,2026-07-15T16:30:00Z,2026-07-15T18:30:00+0200,61039.98572,MW,DE,DE_LU,actual_load,Actual Load,2026-07-26T13:03:42Z
2026-07-26T12:59:54Z,2026-07-26T14:59:54+0200,adf59793-da45-49b4-9a92-f95cd560cccb,2026-07-15T16:45:00Z,2026-07-15T18:45:00+0200,61690.83461,MW,DE,DE_LU,actual_load,Actual Load,2026-07-26T13:03:42Z
2026-07-26T12:59:54Z,2026-07-26T14:59:54+0200,adf59793-da45-49b4-9a92-f95cd560cccb,2026-07-15T17:00:00Z,2026-07-15T19:00:00+0200,62110.85426,MW,DE,DE_LU,actual_load,Actual Load,2026-07-26T13:03:42Z
2026-07-26T12:59:54Z,2026-07-26T14:59:54+0200,adf59793-da45-49b4-9a92-f95cd560cccb,2026-07-15T17:15:00Z,2026-07-15T19:15:00+0200,61711.24464,MW,DE,DE_LU,actual_load,Actual Load,2026-07-26T13:03:42Z
2026-07-26T12:59:54Z,2026-07-26T14:59:54+0200,adf59793-da45-49b4-9a92-f95cd560cccb,2026-07-15T17:30:00Z,2026-07-15T19:30:00+0200,60789.61714,MW,DE,DE_LU,actual_load,Actual Load,2026-07-26T13:03:42Z
2026-07-26T12:59:54Z,2026-07-26T14:59:54+0200,adf59793-da45-49b4-9a92-f95cd560cccb,2026-07-15T17:45:00Z,2026-07-15T19:45:00+0200,60214.06172,MW,DE,DE_LU,actual_load,Actual Load,2026-07-26T13:03:42Z
2026-07-26T12:59:54Z,2026-07-26T14:59:54+0200,adf59793-da45-49b4-9a92-f95cd560cccb,2026-07-15T18:00:00Z,2026-07-15T20:00:00+0200,60354.56292,MW,DE,DE_LU,actual_load,Actual Load,2026-07-26T13:03:42Z
2026-07-26T12:59:54Z,2026-07-26T14:59:54+0200,adf59793-da45-49b4-9a92-f95cd560cccb,2026-07-15T18:15:00Z,2026-07-15T20:15:00+0200,59746.31926,MW,DE,DE_LU,actual_load,Actual Load,2026-07-26T13:03:42Z
2026-07-26T12:59:54Z,2026-07-26T14:59:54+0200,adf59793-da45-49b4-9a92-f95cd560cccb,2026-07-15T18:30:00Z,2026-07-15T20:30:00+0200,59043.96532,MW,DE,DE_LU,actual_load,Actual Load,2026-07-26T13:03:42Z
2026-07-26T12:59:54Z,2026-07-26T14:59:54+0200,adf59793-da45-49b4-9a92-f95cd560cccb,2026-07-15T18:45:00Z,2026-07-15T20:45:00+0200,58542.3208,MW,DE,DE_LU,actual_load,Actual Load,2026-07-26T13:03:42Z
2026-07-26T12:59:54Z,2026-07-26T14:59:54+0200,adf59793-da45-49b4-9a92-f95cd560cccb,2026-07-15T19:00:00Z,2026-07-15T21:00:00+0200,58012.5838,MW,DE,DE_LU,actual_load,Actual Load,2026-07-26T13:03:42Z
2026-07-26T12:59:54Z,2026-07-26T14:59:54+0200,adf59793-da45-49b4-9a92-f95cd560cccb,2026-07-15T19:15:00Z,2026-07-15T21:15:00+0200,57897.76104,MW,DE,DE_LU,actual_load,Actual Load,2026-07-26T13:03:42Z
2026-07-26T12:59:54Z,2026-07-26T14:59:54+0200,adf59793-da45-49b4-9a92-f95cd560cccb,2026-07-15T19:30:00Z,2026-07-15T21:30:00+0200,57336.12138,MW,DE,DE_LU,actual_load,Actual Load,2026-07-26T13:03:42Z
2026-07-26T12:59:54Z,2026-07-26T14:59:54+0200,adf59793-da45-49b4-9a92-f95cd560cccb,2026-07-15T19:45:00Z,2026-07-15T21:45:00+0200,57078.46677,MW,DE,DE_LU,actual_load,Actual Load,2026-07-26T13:03:42Z
2026-07-26T12:59:54Z,2026-07-26T14:59:54+0200,adf59793-da45-49b4-9a92-f95cd560cccb,2026-07-15T20:00:00Z,2026-07-15T22:00:00+0200,56896.53596,MW,DE,DE_LU,actual_load,Actual Load,2026-07-26T13:03:42Z
2026-07-26T12:59:54Z,2026-07-26T14:59:54+0200,adf59793-da45-49b4-9a92-f95cd560cccb,2026-07-15T20:15:00Z,2026-07-15T22:15:00+0200,56056.44204,MW,DE,DE_LU,actual_load,Actual Load,2026-07-26T13:03:42Z
2026-07-26T12:59:54Z,2026-07-26T14:59:54+0200,adf59793-da45-49b4-9a92-f95cd560cccb,2026-07-15T20:30:00Z,2026-07-15T22:30:00+0200,55113.62247,MW,DE,DE_LU,actual_load,Actual Load,2026-07-26T13:03:42Z
2026-07-26T12:59:54Z,2026-07-26T14:59:54+0200,adf59793-da45-49b4-9a92-f95cd560cccb,2026-07-15T20:45:00Z,2026-07-15T22:45:00+0200,54346.20676,MW,DE,DE_LU,actual_load,Actual Load,2026-07-26T13:03:42Z
2026-07-26T12:59:54Z,2026-07-26T14:59:54+0200,adf59793-da45-49b4-9a92-f95cd560cccb,2026-07-15T21:00:00Z,2026-07-15T23:00:00+0200,53216.31031,MW,DE,DE_LU,actual_load,Actual Load,2026-07-26T13:03:42Z
2026-07-26T12:59:54Z,2026-07-26T14:59:54+0200,adf59793-da45-49b4-9a92-f95cd560cccb,2026-07-15T21:15:00Z,2026-07-15T23:15:00+0200,52614.67193,MW,DE,DE_LU,actual_load,Actual Load,2026-07-26T13:03:42Z
2026-07-26T12:59:54Z,2026-07-26T14:59:54+0200,adf59793-da45-49b4-9a92-f95cd560cccb,2026-07-15T21:30:00Z,2026-07-15T23:30:00+0200,51255.8671,MW,DE,DE_LU,actual_load,Actual Load,2026-07-26T13:03:42Z
2026-07-26T12:59:54Z,2026-07-26T14:59:54+0200,adf59793-da45-49b4-9a92-f95cd560cccb,2026-07-15T21:45:00Z,2026-07-15T23:45:00+0200,50596.64245,MW,DE,DE_LU,actual_load,Actual Load,2026-07-26T13:03:42Z
2026-07-26T12:59:54Z,2026-07-26T14:59:54+0200,adf59793-da45-49b4-9a92-f95cd560cccb,2026-07-15T22:00:00Z,2026-07-16T00:00:00+0200,50455.12345,MW,DE,DE_LU,actual_load,Actual Load,2026-07-26T13:03:42Z
2026-07-26T12:59:54Z,2026-07-26T14:59:54+0200,adf59793-da45-49b4-9a92-f95cd560cccb,2026-07-15T22:15:00Z,2026-07-16T00:15:00+0200,50087.46196,MW,DE,DE_LU,actual_load,Actual Load,2026-07-26T13:03:42Z
2026-07-26T12:59:54Z,2026-07-26T14:59:54+0200,adf59793-da45-49b4-9a92-f95cd560cccb,2026-07-15T22:30:00Z,2026-07-16T00:30:00+0200,49625.62417,MW,DE,DE_LU,actual_load,Actual Load,2026-07-26T13:03:42Z
2026-07-26T12:59:54Z,2026-07-26T14:59:54+0200,adf59793-da45-49b4-9a92-f95cd560cccb,2026-07-15T22:45:00Z,2026-07-16T00:45:00+0200,50003.36649,MW,DE,DE_LU,actual_load,Actual Load,2026-07-26T13:03:42Z
2026-07-26T12:59:54Z,2026-07-26T14:59:54+0200,adf59793-da45-49b4-9a92-f95cd560cccb,2026-07-15T23:00:00Z,2026-07-16T01:00:00+0200,49329.6131,MW,DE,DE_LU,actual_load,Actual Load,2026-07-26T13:03:42Z
2026-07-26T12:59:54Z,2026-07-26T14:59:54+0200,adf59793-da45-49b4-9a92-f95cd560cccb,2026-07-15T23:15:00Z,2026-07-16T01:15:00+0200,49374.52085,MW,DE,DE_LU,actual_load,Actual Load,2026-07-26T13:03:42Z
2026-07-26T12:59:54Z,2026-07-26T14:59:54+0200,adf59793-da45-49b4-9a92-f95cd560cccb,2026-07-15T23:30:00Z,2026-07-16T01:30:00+0200,48877.72786,MW,DE,DE_LU,actual_load,Actual Load,2026-07-26T13:03:42Z
2026-07-26T12:59:54Z,2026-07-26T14:59:54+0200,adf59793-da45-49b4-9a92-f95cd560cccb,2026-07-15T23:45:00Z,2026-07-16T01:45:00+0200,48625.22067,MW,DE,DE_LU,actual_load,Actual Load,2026-07-26T13:03:42Z
2026-07-26T12:59:54Z,2026-07-26T14:59:54+0200,adf59793-da45-49b4-9a92-f95cd560cccb,2026-07-16T00:00:00Z,2026-07-16T02:00:00+0200,47653.88898,MW,DE,DE_LU,actual_load,Actual Load,2026-07-26T13:03:42Z
2026-07-26T12:59:54Z,2026-07-26T14:59:54+0200,adf59793-da45-49b4-9a92-f95cd560cccb,2026-07-16T00:15:00Z,2026-07-16T02:15:00+0200,47564.81386,MW,DE,DE_LU,actual_load,Actual Load,2026-07-26T13:03:42Z
2026-07-26T12:59:54Z,2026-07-26T14:59:54+0200,adf59793-da45-49b4-9a92-f95cd560cccb,2026-07-16T00:30:00Z,2026-07-16T02:30:00+0200,47788.57323,MW,DE,DE_LU,actual_load,Actual Load,2026-07-26T13:03:42Z
2026-07-26T12:59:54Z,2026-07-26T14:59:54+0200,adf59793-da45-49b4-9a92-f95cd560cccb,2026-07-16T00:45:00Z,2026-07-16T02:45:00+0200,47814.17169,MW,DE,DE_LU,actual_load,Actual Load,2026-07-26T13:03:42Z
2026-07-26T12:59:54Z,2026-07-26T14:59:54+0200,adf59793-da45-49b4-9a92-f95cd560cccb,2026-07-16T01:00:00Z,2026-07-16T03:00:00+0200,48098.1275,MW,DE,DE_LU,actual_load,Actual Load,2026-07-26T13:03:42Z
2026-07-26T12:59:54Z,2026-07-26T14:59:54+0200,adf59793-da45-49b4-9a92-f95cd560cccb,2026-07-16T01:15:00Z,2026-07-16T03:15:00+0200,47882.88415,MW,DE,DE_LU,actual_load,Actual Load,2026-07-26T13:03:42Z
2026-07-26T12:59:54Z,2026-07-26T14:59:54+0200,adf59793-da45-49b4-9a92-f95cd560cccb,2026-07-16T01:30:00Z,2026-07-16T03:30:00+0200,47874.52155,MW,DE,DE_LU,actual_load,Actual Load,2026-07-26T13:03:42Z
2026-07-26T12:59:54Z,2026-07-26T14:59:54+0200,adf59793-da45-49b4-9a92-f95cd560cccb,2026-07-16T01:45:00Z,2026-07-16T03:45:00+0200,47976.83481,MW,DE,DE_LU,actual_load,Actual Load,2026-07-26T13:03:42Z
2026-07-26T12:59:54Z,2026-07-26T14:59:54+0200,adf59793-da45-49b4-9a92-f95cd560cccb,2026-07-16T02:00:00Z,2026-07-16T04:00:00+0200,48713.14238,MW,DE,DE_LU,actual_load,Actual Load,2026-07-26T13:03:42Z
2026-07-26T12:59:54Z,2026-07-26T14:59:54+0200,adf59793-da45-49b4-9a92-f95cd560cccb,2026-07-16T02:15:00Z,2026-07-16T04:15:00+0200,48904.29442,MW,DE,DE_LU,actual_load,Actual Load,2026-07-26T13:03:42Z
2026-07-26T12:59:54Z,2026-07-26T14:59:54+0200,adf59793-da45-49b4-9a92-f95cd560cccb,2026-07-16T02:30:00Z,2026-07-16T04:30:00+0200,49000.09575,MW,DE,DE_LU,actual_load,Actual Load,2026-07-26T13:03:42Z
2026-07-26T12:59:54Z,2026-07-26T14:59:54+0200,adf59793-da45-49b4-9a92-f95cd560cccb,2026-07-16T02:45:00Z,2026-07-16T04:45:00+0200,49397.4045,MW,DE,DE_LU,actual_load,Actual Load,2026-07-26T13:03:42Z
2026-07-26T12:59:54Z,2026-07-26T14:59:54+0200,adf59793-da45-49b4-9a92-f95cd560cccb,2026-07-16T03:00:00Z,2026-07-16T05:00:00+0200,50155.34259,MW,DE,DE_LU,actual_load,Actual Load,2026-07-26T13:03:42Z
2026-07-26T12:59:54Z,2026-07-26T14:59:54+0200,adf59793-da45-49b4-9a92-f95cd560cccb,2026-07-16T03:15:00Z,2026-07-16T05:15:00+0200,50589.096,MW,DE,DE_LU,actual_load,Actual Load,2026-07-26T13:03:42Z
2026-07-26T12:59:54Z,2026-07-26T14:59:54+0200,adf59793-da45-49b4-9a92-f95cd560cccb,2026-07-16T03:30:00Z,2026-07-16T05:30:00+0200,51094.83837,MW,DE,DE_LU,actual_load,Actual Load,2026-07-26T13:03:42Z
2026-07-26T12:59:54Z,2026-07-26T14:59:54+0200,adf59793-da45-49b4-9a92-f95cd560cccb,2026-07-16T03:45:00Z,2026-07-16T05:45:00+0200,51896.53609,MW,DE,DE_LU,actual_load,Actual Load,2026-07-26T13:03:42Z
2026-07-26T12:59:54Z,2026-07-26T14:59:54+0200,adf59793-da45-49b4-9a92-f95cd560cccb,2026-07-16T04:00:00Z,2026-07-16T06:00:00+0200,54263.07176,MW,DE,DE_LU,actual_load,Actual Load,2026-07-26T13:03:42Z
2026-07-26T12:59:54Z,2026-07-26T14:59:54+0200,adf59793-da45-49b4-9a92-f95cd560cccb,2026-07-16T04:15:00Z,2026-07-16T06:15:00+0200,55833.77144,MW,DE,DE_LU,actual_load,Actual Load,2026-07-26T13:03:42Z
2026-07-26T12:59:54Z,2026-07-26T14:59:54+0200,adf59793-da45-49b4-9a92-f95cd560cccb,2026-07-16T04:30:00Z,2026-07-16T06:30:00+0200,57324.75157,MW,DE,DE_LU,actual_load,Actual Load,2026-07-26T13:03:42Z
2026-07-26T12:59:54Z,2026-07-26T14:59:54+0200,adf59793-da45-49b4-9a92-f95cd560cccb,2026-07-16T04:45:00Z,2026-07-16T06:45:00+0200,58368.90828,MW,DE,DE_LU,actual_load,Actual Load,2026-07-26T13:03:42Z
2026-07-26T12:59:54Z,2026-07-26T14:59:54+0200,adf59793-da45-49b4-9a92-f95cd560cccb,2026-07-16T05:00:00Z,2026-07-16T07:00:00+0200,59018.45433,MW,DE,DE_LU,actual_load,Actual Load,2026-07-26T13:03:42Z
2026-07-26T12:59:54Z,2026-07-26T14:59:54+0200,adf59793-da45-49b4-9a92-f95cd560cccb,2026-07-16T05:15:00Z,2026-07-16T07:15:00+0200,60595.39031,MW,DE,DE_LU,actual_load,Actual Load,2026-07-26T13:03:42Z
2026-07-26T12:59:54Z,2026-07-26T14:59:54+0200,adf59793-da45-49b4-9a92-f95cd560cccb,2026-07-16T05:30:00Z,2026-07-16T07:30:00+0200,61779.50886,MW,DE,DE_LU,actual_load,Actual Load,2026-07-26T13:03:42Z
2026-07-26T12:59:54Z,2026-07-26T14:59:54+0200,adf59793-da45-49b4-9a92-f95cd560cccb,2026-07-16T05:45:00Z,2026-07-16T07:45:00+0200,62785.78317,MW,DE,DE_LU,actual_load,Actual Load,2026-07-26T13:03:42Z
2026-07-26T12:59:54Z,2026-07-26T14:59:54+0200,adf59793-da45-49b4-9a92-f95cd560cccb,2026-07-16T06:00:00Z,2026-07-16T08:00:00+0200,62683.16779,MW,DE,DE_LU,actual_load,Actual Load,2026-07-26T13:03:42Z
2026-07-26T12:59:54Z,2026-07-26T14:59:54+0200,adf59793-da45-49b4-9a92-f95cd560cccb,2026-07-16T06:15:00Z,2026-07-16T08:15:00+0200,63326.17967,MW,DE,DE_LU,actual_load,Actual Load,2026-07-26T13:03:42Z
2026-07-26T12:59:54Z,2026-07-26T14:59:54+0200,adf59793-da45-49b4-9a92-f95cd560cccb,2026-07-16T06:30:00Z,2026-07-16T08:30:00+0200,63624.5204,MW,DE,DE_LU,actual_load,Actual Load,2026-07-26T13:03:42Z
2026-07-26T12:59:54Z,2026-07-26T14:59:54+0200,adf59793-da45-49b4-9a92-f95cd560cccb,2026-07-16T06:45:00Z,2026-07-16T08:45:00+0200,63518.36353,MW,DE,DE_LU,actual_load,Actual Load,2026-07-26T13:03:42Z
2026-07-26T12:59:54Z,2026-07-26T14:59:54+0200,adf59793-da45-49b4-9a92-f95cd560cccb,2026-07-16T07:00:00Z,2026-07-16T09:00:00+0200,62449.94654,MW,DE,DE_LU,actual_load,Actual Load,2026-07-26T13:03:42Z
2026-07-26T12:59:54Z,2026-07-26T14:59:54+0200,adf59793-da45-49b4-9a92-f95cd560cccb,2026-07-16T07:15:00Z,2026-07-16T09:15:00+0200,62825.37413,MW,DE,DE_LU,actual_load,Actual Load,2026-07-26T13:03:42Z
2026-07-26T12:59:54Z,2026-07-26T14:59:54+0200,adf59793-da45-49b4-9a92-f95cd560cccb,2026-07-16T07:30:00Z,2026-07-16T09:30:00+0200,63193.6576,MW,DE,DE_LU,actual_load,Actual Load,2026-07-26T13:03:42Z
2026-07-26T12:59:54Z,2026-07-26T14:59:54+0200,adf59793-da45-49b4-9a92-f95cd560cccb,2026-07-16T07:45:00Z,2026-07-16T09:45:00+0200,62930.66674,MW,DE,DE_LU,actual_load,Actual Load,2026-07-26T13:03:42Z
2026-07-26T12:59:54Z,2026-07-26T14:59:54+0200,adf59793-da45-49b4-9a92-f95cd560cccb,2026-07-16T08:00:00Z,2026-07-16T10:00:00+0200,61970.12745,MW,DE,DE_LU,actual_load,Actual Load,2026-07-26T13:03:42Z
2026-07-26T12:59:54Z,2026-07-26T14:59:54+0200,adf59793-da45-49b4-9a92-f95cd560cccb,2026-07-16T08:15:00Z,2026-07-16T10:15:00+0200,61434.47376,MW,DE,DE_LU,actual_load,Actual Load,2026-07-26T13:03:42Z
2026-07-26T12:59:54Z,2026-07-26T14:59:54+0200,adf59793-da45-49b4-9a92-f95cd560cccb,2026-07-16T08:30:00Z,2026-07-16T10:30:00+0200,61270.19238,MW,DE,DE_LU,actual_load,Actual Load,2026-07-26T13:03:42Z
2026-07-26T12:59:54Z,2026-07-26T14:59:54+0200,adf59793-da45-49b4-9a92-f95cd560cccb,2026-07-16T08:45:00Z,2026-07-16T10:45:00+0200,61481.19094,MW,DE,DE_LU,actual_load,Actual Load,2026-07-26T13:03:42Z
2026-07-26T12:59:54Z,2026-07-26T14:59:54+0200,adf59793-da45-49b4-9a92-f95cd560cccb,2026-07-16T09:00:00Z,2026-07-16T11:00:00+0200,61374.9536,MW,DE,DE_LU,actual_load,Actual Load,2026-07-26T13:03:42Z
2026-07-26T12:59:54Z,2026-07-26T14:59:54+0200,adf59793-da45-49b4-9a92-f95cd560cccb,2026-07-16T09:15:00Z,2026-07-16T11:15:00+0200,61002.20768,MW,DE,DE_LU,actual_load,Actual Load,2026-07-26T13:03:42Z
2026-07-26T12:59:54Z,2026-07-26T14:59:54+0200,adf59793-da45-49b4-9a92-f95cd560cccb,2026-07-16T09:30:00Z,2026-07-16T11:30:00+0200,60349.09952,MW,DE,DE_LU,actual_load,Actual Load,2026-07-26T13:03:42Z
2026-07-26T12:59:54Z,2026-07-26T14:59:54+0200,adf59793-da45-49b4-9a92-f95cd560cccb,2026-07-16T09:45:00Z,2026-07-16T11:45:00+0200,60019.00983,MW,DE,DE_LU,actual_load,Actual Load,2026-07-26T13:03:42Z
2026-07-26T12:59:54Z,2026-07-26T14:59:54+0200,adf59793-da45-49b4-9a92-f95cd560cccb,2026-07-16T10:00:00Z,2026-07-16T12:00:00+0200,59291.83572,MW,DE,DE_LU,actual_load,Actual Load,2026-07-26T13:03:42Z
2026-07-26T12:59:54Z,2026-07-26T14:59:54+0200,adf59793-da45-49b4-9a92-f95cd560cccb,2026-07-16T10:15:00Z,2026-07-16T12:15:00+0200,58933.2563,MW,DE,DE_LU,actual_load,Actual Load,2026-07-26T13:03:42Z
2026-07-26T12:59:54Z,2026-07-26T14:59:54+0200,adf59793-da45-49b4-9a92-f95cd560cccb,2026-07-16T10:30:00Z,2026-07-16T12:30:00+0200,58956.04105,MW,DE,DE_LU,actual_load,Actual Load,2026-07-26T13:03:42Z
2026-07-26T12:59:54Z,2026-07-26T14:59:54+0200,adf59793-da45-49b4-9a92-f95cd560cccb,2026-07-16T10:45:00Z,2026-07-16T12:45:00+0200,58804.83872,MW,DE,DE_LU,actual_load,Actual Load,2026-07-26T13:03:42Z
2026-07-26T12:59:54Z,2026-07-26T14:59:54+0200,adf59793-da45-49b4-9a92-f95cd560cccb,2026-07-16T11:00:00Z,2026-07-16T13:00:00+0200,59867.53235,MW,DE,DE_LU,actual_load,Actual Load,2026-07-26T13:03:42Z
2026-07-26T12:59:54Z,2026-07-26T14:59:54+0200,adf59793-da45-49b4-9a92-f95cd560cccb,2026-07-16T11:15:00Z,2026-07-16T13:15:00+0200,59338.56268,MW,DE,DE_LU,actual_load,Actual Load,2026-07-26T13:03:42Z
2026-07-26T12:59:54Z,2026-07-26T14:59:54+0200,adf59793-da45-49b4-9a92-f95cd560cccb,2026-07-16T11:30:00Z,2026-07-16T13:30:00+0200,58822.36975,MW,DE,DE_LU,actual_load,Actual Load,2026-07-26T13:03:42Z
2026-07-26T12:59:54Z,2026-07-26T14:59:54+0200,adf59793-da45-49b4-9a92-f95cd560cccb,2026-07-16T11:45:00Z,2026-07-16T13:45:00+0200,58203.61659,MW,DE,DE_LU,actual_load,Actual Load,2026-07-26T13:03:42Z
2026-07-26T12:59:54Z,2026-07-26T14:59:54+0200,adf59793-da45-49b4-9a92-f95cd560cccb,2026-07-16T12:00:00Z,2026-07-16T14:00:00+0200,58932.91728,MW,DE,DE_LU,actual_load,Actual Load,2026-07-26T13:03:42Z
2026-07-26T12:59:54Z,2026-07-26T14:59:54+0200,adf59793-da45-49b4-9a92-f95cd560cccb,2026-07-16T12:15:00Z,2026-07-16T14:15:00+0200,58529.41356,MW,DE,DE_LU,actual_load,Actual Load,2026-07-26T13:03:42Z
2026-07-26T12:59:54Z,2026-07-26T14:59:54+0200,adf59793-da45-49b4-9a92-f95cd560cccb,2026-07-16T12:30:00Z,2026-07-16T14:30:00+0200,58159.98501,MW,DE,DE_LU,actual_load,Actual Load,2026-07-26T13:03:42Z
2026-07-26T12:59:54Z,2026-07-26T14:59:54+0200,adf59793-da45-49b4-9a92-f95cd560cccb,2026-07-16T12:45:00Z,2026-07-16T14:45:00+0200,57450.48175,MW,DE,DE_LU,actual_load,Actual Load,2026-07-26T13:03:42Z
2026-07-26T12:59:54Z,2026-07-26T14:59:54+0200,adf59793-da45-49b4-9a92-f95cd560cccb,2026-07-16T13:00:00Z,2026-07-16T15:00:00+0200,58590.74427,MW,DE,DE_LU,actual_load,Actual Load,2026-07-26T13:03:42Z
2026-07-26T12:59:54Z,2026-07-26T14:59:54+0200,adf59793-da45-49b4-9a92-f95cd560cccb,2026-07-16T13:15:00Z,2026-07-16T15:15:00+0200,58706.61574,MW,DE,DE_LU,actual_load,Actual Load,2026-07-26T13:03:42Z
2026-07-26T12:59:54Z,2026-07-26T14:59:54+0200,adf59793-da45-49b4-9a92-f95cd560cccb,2026-07-16T13:30:00Z,2026-07-16T15:30:00+0200,58256.70443,MW,DE,DE_LU,actual_load,Actual Load,2026-07-26T13:03:42Z
2026-07-26T12:59:54Z,2026-07-26T14:59:54+0200,adf59793-da45-49b4-9a92-f95cd560cccb,2026-07-16T13:45:00Z,2026-07-16T15:45:00+0200,58749.7762,MW,DE,DE_LU,actual_load,Actual Load,2026-07-26T13:03:42Z
2026-07-26T12:59:54Z,2026-07-26T14:59:54+0200,adf59793-da45-49b4-9a92-f95cd560cccb,2026-07-16T14:00:00Z,2026-07-16T16:00:00+0200,59173.92137,MW,DE,DE_LU,actual_load,Actual Load,2026-07-26T13:03:42Z
2026-07-26T12:59:54Z,2026-07-26T14:59:54+0200,adf59793-da45-49b4-9a92-f95cd560cccb,2026-07-16T14:15:00Z,2026-07-16T16:15:00+0200,59230.11382,MW,DE,DE_LU,actual_load,Actual Load,2026-07-26T13:03:42Z
2026-07-26T12:59:54Z,2026-07-26T14:59:54+0200,adf59793-da45-49b4-9a92-f95cd560cccb,2026-07-16T14:30:00Z,2026-07-16T16:30:00+0200,58855.6442,MW,DE,DE_LU,actual_load,Actual Load,2026-07-26T13:03:42Z
2026-07-26T12:59:54Z,2026-07-26T14:59:54+0200,adf59793-da45-49b4-9a92-f95cd560cccb,2026-07-16T14:45:00Z,2026-07-16T16:45:00+0200,59179.71522,MW,DE,DE_LU,actual_load,Actual Load,2026-07-26T13:03:42Z
2026-07-26T12:59:54Z,2026-07-26T14:59:54+0200,adf59793-da45-49b4-9a92-f95cd560cccb,2026-07-16T15:00:00Z,2026-07-16T17:00:00+0200,59743.66679,MW,DE,DE_LU,actual_load,Actual Load,2026-07-26T13:03:42Z
2026-07-26T12:59:54Z,2026-07-26T14:59:54+0200,adf59793-da45-49b4-9a92-f95cd560cccb,2026-07-16T15:15:00Z,2026-07-16T17:15:00+0200,60288.92717,MW,DE,DE_LU,actual_load,Actual Load,2026-07-26T13:03:42Z
2026-07-26T12:59:54Z,2026-07-26T14:59:54+0200,adf59793-da45-49b4-9a92-f95cd560cccb,2026-07-16T15:30:00Z,2026-07-16T17:30:00+0200,59968.22407,MW,DE,DE_LU,actual_load,Actual Load,2026-07-26T13:03:42Z
2026-07-26T12:59:54Z,2026-07-26T14:59:54+0200,adf59793-da45-49b4-9a92-f95cd560cccb,2026-07-16T15:45:00Z,2026-07-16T17:45:00+0200,60269.0082,MW,DE,DE_LU,actual_load,Actual Load,2026-07-26T13:03:42Z
2026-07-26T12:59:54Z,2026-07-26T14:59:54+0200,adf59793-da45-49b4-9a92-f95cd560cccb,2026-07-16T16:00:00Z,2026-07-16T18:00:00+0200,61398.88762,MW,DE,DE_LU,actual_load,Actual Load,2026-07-26T13:03:42Z
2026-07-26T12:59:54Z,2026-07-26T14:59:54+0200,adf59793-da45-49b4-9a92-f95cd560cccb,2026-07-16T16:15:00Z,2026-07-16T18:15:00+0200,60580.04046,MW,DE,DE_LU,actual_load,Actual Load,2026-07-26T13:03:42Z
2026-07-26T12:59:54Z,2026-07-26T14:59:54+0200,adf59793-da45-49b4-9a92-f95cd560cccb,2026-07-16T16:30:00Z,2026-07-16T18:30:00+0200,61041.86519,MW,DE,DE_LU,actual_load,Actual Load,2026-07-26T13:03:42Z
2026-07-26T12:59:54Z,2026-07-26T14:59:54+0200,adf59793-da45-49b4-9a92-f95cd560cccb,2026-07-16T16:45:00Z,2026-07-16T18:45:00+0200,60888.69583,MW,DE,DE_LU,actual_load,Actual Load,2026-07-26T13:03:42Z
2026-07-26T12:59:54Z,2026-07-26T14:59:54+0200,adf59793-da45-49b4-9a92-f95cd560cccb,2026-07-16T17:00:00Z,2026-07-16T19:00:00+0200,61490.95357,MW,DE,DE_LU,actual_load,Actual Load,2026-07-26T13:03:42Z
2026-07-26T12:59:54Z,2026-07-26T14:59:54+0200,adf59793-da45-49b4-9a92-f95cd560cccb,2026-07-16T17:15:00Z,2026-07-16T19:15:00+0200,60877.3232,MW,DE,DE_LU,actual_load,Actual Load,2026-07-26T13:03:42Z
2026-07-26T12:59:54Z,2026-07-26T14:59:54+0200,adf59793-da45-49b4-9a92-f95cd560cccb,2026-07-16T17:30:00Z,2026-07-16T19:30:00+0200,60313.45437,MW,DE,DE_LU,actual_load,Actual Load,2026-07-26T13:03:42Z
2026-07-26T12:59:54Z,2026-07-26T14:59:54+0200,adf59793-da45-49b4-9a92-f95cd560cccb,2026-07-16T17:45:00Z,2026-07-16T19:45:00+0200,59504.55903,MW,DE,DE_LU,actual_load,Actual Load,2026-07-26T13:03:42Z
2026-07-26T12:59:54Z,2026-07-26T14:59:54+0200,adf59793-da45-49b4-9a92-f95cd560cccb,2026-07-16T18:00:00Z,2026-07-16T20:00:00+0200,59191.49601,MW,DE,DE_LU,actual_load,Actual Load,2026-07-26T13:03:42Z
2026-07-26T12:59:54Z,2026-07-26T14:59:54+0200,adf59793-da45-49b4-9a92-f95cd560cccb,2026-07-16T18:15:00Z,2026-07-16T20:15:00+0200,58612.38072,MW,DE,DE_LU,actual_load,Actual Load,2026-07-26T13:03:42Z
2026-07-26T12:59:54Z,2026-07-26T14:59:54+0200,adf59793-da45-49b4-9a92-f95cd560cccb,2026-07-16T18:30:00Z,2026-07-16T20:30:00+0200,58050.21179,MW,DE,DE_LU,actual_load,Actual Load,2026-07-26T13:03:42Z
2026-07-26T12:59:54Z,2026-07-26T14:59:54+0200,adf59793-da45-49b4-9a92-f95cd560cccb,2026-07-16T18:45:00Z,2026-07-16T20:45:00+0200,57562.46407,MW,DE,DE_LU,actual_load,Actual Load,2026-07-26T13:03:42Z
2026-07-26T12:59:54Z,2026-07-26T14:59:54+0200,adf59793-da45-49b4-9a92-f95cd560cccb,2026-07-16T19:00:00Z,2026-07-16T21:00:00+0200,56347.79742,MW,DE,DE_LU,actual_load,Actual Load,2026-07-26T13:03:42Z
2026-07-26T12:59:54Z,2026-07-26T14:59:54+0200,adf59793-da45-49b4-9a92-f95cd560cccb,2026-07-16T19:15:00Z,2026-07-16T21:15:00+0200,56309.62293,MW,DE,DE_LU,actual_load,Actual Load,2026-07-26T13:03:42Z
2026-07-26T12:59:54Z,2026-07-26T14:59:54+0200,adf59793-da45-49b4-9a92-f95cd560cccb,2026-07-16T19:30:00Z,2026-07-16T21:30:00+0200,56284.93617,MW,DE,DE_LU,actual_load,Actual Load,2026-07-26T13:03:42Z
2026-07-26T12:59:54Z,2026-07-26T14:59:54+0200,adf59793-da45-49b4-9a92-f95cd560cccb,2026-07-16T19:45:00Z,2026-07-16T21:45:00+0200,56043.76282,MW,DE,DE_LU,actual_load,Actual Load,2026-07-26T13:03:42Z
2026-07-26T12:59:54Z,2026-07-26T14:59:54+0200,adf59793-da45-49b4-9a92-f95cd560cccb,2026-07-16T20:00:00Z,2026-07-16T22:00:00+0200,54533.09269,MW,DE,DE_LU,actual_load,Actual Load,2026-07-26T13:03:42Z
2026-07-26T12:59:54Z,2026-07-26T14:59:54+0200,adf59793-da45-49b4-9a92-f95cd560cccb,2026-07-16T20:15:00Z,2026-07-16T22:15:00+0200,54071.72225,MW,DE,DE_LU,actual_load,Actual Load,2026-07-26T13:03:42Z
2026-07-26T12:59:54Z,2026-07-26T14:59:54+0200,adf59793-da45-49b4-9a92-f95cd560cccb,2026-07-16T20:30:00Z,2026-07-16T22:30:00+0200,53188.73961,MW,DE,DE_LU,actual_load,Actual Load,2026-07-26T13:03:42Z
2026-07-26T12:59:54Z,2026-07-26T14:59:54+0200,adf59793-da45-49b4-9a92-f95cd560cccb,2026-07-16T20:45:00Z,2026-07-16T22:45:00+0200,52610.70073,MW,DE,DE_LU,actual_load,Actual Load,2026-07-26T13:03:42Z
2026-07-26T12:59:54Z,2026-07-26T14:59:54+0200,adf59793-da45-49b4-9a92-f95cd560cccb,2026-07-16T21:00:00Z,2026-07-16T23:00:00+0200,51032.42542,MW,DE,DE_LU,actual_load,Actual Load,2026-07-26T13:03:42Z
2026-07-26T12:59:54Z,2026-07-26T14:59:54+0200,adf59793-da45-49b4-9a92-f95cd560cccb,2026-07-16T21:15:00Z,2026-07-16T23:15:00+0200,51001.30855,MW,DE,DE_LU,actual_load,Actual Load,2026-07-26T13:03:42Z
2026-07-26T12:59:54Z,2026-07-26T14:59:54+0200,adf59793-da45-49b4-9a92-f95cd560cccb,2026-07-16T21:30:00Z,2026-07-16T23:30:00+0200,49926.63149,MW,DE,DE_LU,actual_load,Actual Load,2026-07-26T13:03:42Z
2026-07-26T12:59:54Z,2026-07-26T14:59:54+0200,adf59793-da45-49b4-9a92-f95cd560cccb,2026-07-16T21:45:00Z,2026-07-16T23:45:00+0200,49808.43523,MW,DE,DE_LU,actual_load,Actual Load,2026-07-26T13:03:42Z
2026-07-26T12:59:54Z,2026-07-26T14:59:54+0200,adf59793-da45-49b4-9a92-f95cd560cccb,2026-07-16T22:00:00Z,2026-07-17T00:00:00+0200,49139.09951,MW,DE,DE_LU,actual_load,Actual Load,2026-07-26T13:03:42Z
2026-07-26T12:59:54Z,2026-07-26T14:59:54+0200,adf59793-da45-49b4-9a92-f95cd560cccb,2026-07-16T22:15:00Z,2026-07-17T00:15:00+0200,48452.96032,MW,DE,DE_LU,actual_load,Actual Load,2026-07-26T13:03:42Z
2026-07-26T12:59:54Z,2026-07-26T14:59:54+0200,adf59793-da45-49b4-9a92-f95cd560cccb,2026-07-16T22:30:00Z,2026-07-17T00:30:00+0200,48502.76311,MW,DE,DE_LU,actual_load,Actual Load,2026-07-26T13:03:42Z
2026-07-26T12:59:54Z,2026-07-26T14:59:54+0200,adf59793-da45-49b4-9a92-f95cd560cccb,2026-07-16T22:45:00Z,2026-07-17T00:45:00+0200,47926.75523,MW,DE,DE_LU,actual_load,Actual Load,2026-07-26T13:03:42Z
2026-07-26T12:59:54Z,2026-07-26T14:59:54+0200,adf59793-da45-49b4-9a92-f95cd560cccb,2026-07-16T23:00:00Z,2026-07-17T01:00:00+0200,47668.49731,MW,DE,DE_LU,actual_load,Actual Load,2026-07-26T13:03:42Z
2026-07-26T12:59:54Z,2026-07-26T14:59:54+0200,adf59793-da45-49b4-9a92-f95cd560cccb,2026-07-16T23:15:00Z,2026-07-17T01:15:00+0200,47227.08174,MW,DE,DE_LU,actual_load,Actual Load,2026-07-26T13:03:42Z
2026-07-26T12:59:54Z,2026-07-26T14:59:54+0200,adf59793-da45-49b4-9a92-f95cd560cccb,2026-07-16T23:30:00Z,2026-07-17T01:30:00+0200,47003.83686,MW,DE,DE_LU,actual_load,Actual Load,2026-07-26T13:03:42Z
2026-07-26T12:59:54Z,2026-07-26T14:59:54+0200,adf59793-da45-49b4-9a92-f95cd560cccb,2026-07-16T23:45:00Z,2026-07-17T01:45:00+0200,46969.94155,MW,DE,DE_LU,actual_load,Actual Load,2026-07-26T13:03:42Z
2026-07-26T12:59:54Z,2026-07-26T14:59:54+0200,adf59793-da45-49b4-9a92-f95cd560cccb,2026-07-17T00:00:00Z,2026-07-17T02:00:00+0200,47163.49818,MW,DE,DE_LU,actual_load,Actual Load,2026-07-26T13:03:42Z
2026-07-26T12:59:54Z,2026-07-26T14:59:54+0200,adf59793-da45-49b4-9a92-f95cd560cccb,2026-07-17T00:15:00Z,2026-07-17T02:15:00+0200,47160.02484,MW,DE,DE_LU,actual_load,Actual Load,2026-07-26T13:03:42Z
2026-07-26T12:59:54Z,2026-07-26T14:59:54+0200,adf59793-da45-49b4-9a92-f95cd560cccb,2026-07-17T00:30:00Z,2026-07-17T02:30:00+0200,46953.84643,MW,DE,DE_LU,actual_load,Actual Load,2026-07-26T13:03:42Z
2026-07-26T12:59:54Z,2026-07-26T14:59:54+0200,adf59793-da45-49b4-9a92-f95cd560cccb,2026-07-17T00:45:00Z,2026-07-17T02:45:00+0200,46762.71596,MW,DE,DE_LU,actual_load,Actual Load,2026-07-26T13:03:42Z
2026-07-26T12:59:54Z,2026-07-26T14:59:54+0200,adf59793-da45-49b4-9a92-f95cd560cccb,2026-07-17T01:00:00Z,2026-07-17T03:00:00+0200,46453.36075,MW,DE,DE_LU,actual_load,Actual Load,2026-07-26T13:03:42Z
2026-07-26T12:59:54Z,2026-07-26T14:59:54+0200,adf59793-da45-49b4-9a92-f95cd560cccb,2026-07-17T01:15:00Z,2026-07-17T03:15:00+0200,46502.24532,MW,DE,DE_LU,actual_load,Actual Load,2026-07-26T13:03:42Z
2026-07-26T12:59:54Z,2026-07-26T14:59:54+0200,adf59793-da45-49b4-9a92-f95cd560cccb,2026-07-17T01:30:00Z,2026-07-17T03:30:00+0200,47062.51451,MW,DE,DE_LU,actual_load,Actual Load,2026-07-26T13:03:42Z
2026-07-26T12:59:54Z,2026-07-26T14:59:54+0200,adf59793-da45-49b4-9a92-f95cd560cccb,2026-07-17T01:45:00Z,2026-07-17T03:45:00+0200,47089.52655,MW,DE,DE_LU,actual_load,Actual Load,2026-07-26T13:03:42Z
2026-07-26T12:59:54Z,2026-07-26T14:59:54+0200,adf59793-da45-49b4-9a92-f95cd560cccb,2026-07-17T02:00:00Z,2026-07-17T04:00:00+0200,47968.11747,MW,DE,DE_LU,actual_load,Actual Load,2026-07-26T13:03:42Z
2026-07-26T12:59:54Z,2026-07-26T14:59:54+0200,adf59793-da45-49b4-9a92-f95cd560cccb,2026-07-17T02:15:00Z,2026-07-17T04:15:00+0200,47770.67913,MW,DE,DE_LU,actual_load,Actual Load,2026-07-26T13:03:42Z
2026-07-26T12:59:54Z,2026-07-26T14:59:54+0200,adf59793-da45-49b4-9a92-f95cd560cccb,2026-07-17T02:30:00Z,2026-07-17T04:30:00+0200,48332.07105,MW,DE,DE_LU,actual_load,Actual Load,2026-07-26T13:03:42Z
2026-07-26T12:59:54Z,2026-07-26T14:59:54+0200,adf59793-da45-49b4-9a92-f95cd560cccb,2026-07-17T02:45:00Z,2026-07-17T04:45:00+0200,48791.52304,MW,DE,DE_LU,actual_load,Actual Load,2026-07-26T13:03:42Z
2026-07-26T12:59:54Z,2026-07-26T14:59:54+0200,adf59793-da45-49b4-9a92-f95cd560cccb,2026-07-17T03:00:00Z,2026-07-17T05:00:00+0200,48711.61825,MW,DE,DE_LU,actual_load,Actual Load,2026-07-26T13:03:42Z
2026-07-26T12:59:54Z,2026-07-26T14:59:54+0200,adf59793-da45-49b4-9a92-f95cd560cccb,2026-07-17T03:15:00Z,2026-07-17T05:15:00+0200,49341.1892,MW,DE,DE_LU,actual_load,Actual Load,2026-07-26T13:03:42Z
2026-07-26T12:59:54Z,2026-07-26T14:59:54+0200,adf59793-da45-49b4-9a92-f95cd560cccb,2026-07-17T03:30:00Z,2026-07-17T05:30:00+0200,49612.95572,MW,DE,DE_LU,actual_load,Actual Load,2026-07-26T13:03:42Z
2026-07-26T12:59:54Z,2026-07-26T14:59:54+0200,adf59793-da45-49b4-9a92-f95cd560cccb,2026-07-17T03:45:00Z,2026-07-17T05:45:00+0200,50691.72742,MW,DE,DE_LU,actual_load,Actual Load,2026-07-26T13:03:42Z
2026-07-26T12:59:54Z,2026-07-26T14:59:54+0200,adf59793-da45-49b4-9a92-f95cd560cccb,2026-07-17T04:00:00Z,2026-07-17T06:00:00+0200,53002.3269,MW,DE,DE_LU,actual_load,Actual Load,2026-07-26T13:03:42Z
2026-07-26T12:59:54Z,2026-07-26T14:59:54+0200,adf59793-da45-49b4-9a92-f95cd560cccb,2026-07-17T04:15:00Z,2026-07-17T06:15:00+0200,54264.10941,MW,DE,DE_LU,actual_load,Actual Load,2026-07-26T13:03:42Z
2026-07-26T12:59:54Z,2026-07-26T14:59:54+0200,adf59793-da45-49b4-9a92-f95cd560cccb,2026-07-17T04:30:00Z,2026-07-17T06:30:00+0200,55665.43802,MW,DE,DE_LU,actual_load,Actual Load,2026-07-26T13:03:42Z
2026-07-26T12:59:54Z,2026-07-26T14:59:54+0200,adf59793-da45-49b4-9a92-f95cd560cccb,2026-07-17T04:45:00Z,2026-07-17T06:45:00+0200,56813.892,MW,DE,DE_LU,actual_load,Actual Load,2026-07-26T13:03:42Z
2026-07-26T12:59:54Z,2026-07-26T14:59:54+0200,adf59793-da45-49b4-9a92-f95cd560cccb,2026-07-17T05:00:00Z,2026-07-17T07:00:00+0200,57770.75536,MW,DE,DE_LU,actual_load,Actual Load,2026-07-26T13:03:42Z
2026-07-26T12:59:54Z,2026-07-26T14:59:54+0200,adf59793-da45-49b4-9a92-f95cd560cccb,2026-07-17T05:15:00Z,2026-07-17T07:15:00+0200,58796.79778,MW,DE,DE_LU,actual_load,Actual Load,2026-07-26T13:03:42Z
2026-07-26T12:59:54Z,2026-07-26T14:59:54+0200,adf59793-da45-49b4-9a92-f95cd560cccb,2026-07-17T05:30:00Z,2026-07-17T07:30:00+0200,59817.38498,MW,DE,DE_LU,actual_load,Actual Load,2026-07-26T13:03:42Z
2026-07-26T12:59:54Z,2026-07-26T14:59:54+0200,adf59793-da45-49b4-9a92-f95cd560cccb,2026-07-17T05:45:00Z,2026-07-17T07:45:00+0200,60573.34723,MW,DE,DE_LU,actual_load,Actual Load,2026-07-26T13:03:42Z
2026-07-26T12:59:54Z,2026-07-26T14:59:54+0200,adf59793-da45-49b4-9a92-f95cd560cccb,2026-07-17T06:00:00Z,2026-07-17T08:00:00+0200,61117.95737,MW,DE,DE_LU,actual_load,Actual Load,2026-07-26T13:03:42Z
2026-07-26T12:59:54Z,2026-07-26T14:59:54+0200,adf59793-da45-49b4-9a92-f95cd560cccb,2026-07-17T06:15:00Z,2026-07-17T08:15:00+0200,61960.32688,MW,DE,DE_LU,actual_load,Actual Load,2026-07-26T13:03:42Z
2026-07-26T12:59:54Z,2026-07-26T14:59:54+0200,adf59793-da45-49b4-9a92-f95cd560cccb,2026-07-17T06:30:00Z,2026-07-17T08:30:00+0200,63234.80563,MW,DE,DE_LU,actual_load,Actual Load,2026-07-26T13:03:42Z
2026-07-26T12:59:54Z,2026-07-26T14:59:54+0200,adf59793-da45-49b4-9a92-f95cd560cccb,2026-07-17T06:45:00Z,2026-07-17T08:45:00+0200,63050.57961,MW,DE,DE_LU,actual_load,Actual Load,2026-07-26T13:03:42Z
2026-07-26T12:59:54Z,2026-07-26T14:59:54+0200,adf59793-da45-49b4-9a92-f95cd560cccb,2026-07-17T07:00:00Z,2026-07-17T09:00:00+0200,62326.29601,MW,DE,DE_LU,actual_load,Actual Load,2026-07-26T13:03:42Z
2026-07-26T12:59:54Z,2026-07-26T14:59:54+0200,adf59793-da45-49b4-9a92-f95cd560cccb,2026-07-17T07:15:00Z,2026-07-17T09:15:00+0200,62663.15316,MW,DE,DE_LU,actual_load,Actual Load,2026-07-26T13:03:42Z
2026-07-26T12:59:54Z,2026-07-26T14:59:54+0200,adf59793-da45-49b4-9a92-f95cd560cccb,2026-07-17T07:30:00Z,2026-07-17T09:30:00+0200,63234.48867,MW,DE,DE_LU,actual_load,Actual Load,2026-07-26T13:03:42Z
2026-07-26T12:59:54Z,2026-07-26T14:59:54+0200,adf59793-da45-49b4-9a92-f95cd560cccb,2026-07-17T07:45:00Z,2026-07-17T09:45:00+0200,63487.51219,MW,DE,DE_LU,actual_load,Actual Load,2026-07-26T13:03:42Z
2026-07-26T12:59:54Z,2026-07-26T14:59:54+0200,adf59793-da45-49b4-9a92-f95cd560cccb,2026-07-17T08:00:00Z,2026-07-17T10:00:00+0200,62703.41619,MW,DE,DE_LU,actual_load,Actual Load,2026-07-26T13:03:42Z
2026-07-26T12:59:54Z,2026-07-26T14:59:54+0200,adf59793-da45-49b4-9a92-f95cd560cccb,2026-07-17T08:15:00Z,2026-07-17T10:15:00+0200,62779.4662,MW,DE,DE_LU,actual_load,Actual Load,2026-07-26T13:03:42Z
2026-07-26T12:59:54Z,2026-07-26T14:59:54+0200,adf59793-da45-49b4-9a92-f95cd560cccb,2026-07-17T08:30:00Z,2026-07-17T10:30:00+0200,63318.52733,MW,DE,DE_LU,actual_load,Actual Load,2026-07-26T13:03:42Z
2026-07-26T12:59:54Z,2026-07-26T14:59:54+0200,adf59793-da45-49b4-9a92-f95cd560cccb,2026-07-17T08:45:00Z,2026-07-17T10:45:00+0200,62920.4438,MW,DE,DE_LU,actual_load,Actual Load,2026-07-26T13:03:42Z
2026-07-26T12:59:54Z,2026-07-26T14:59:54+0200,adf59793-da45-49b4-9a92-f95cd560cccb,2026-07-17T09:00:00Z,2026-07-17T11:00:00+0200,62551.11543,MW,DE,DE_LU,actual_load,Actual Load,2026-07-26T13:03:42Z
2026-07-26T12:59:54Z,2026-07-26T14:59:54+0200,adf59793-da45-49b4-9a92-f95cd560cccb,2026-07-17T09:15:00Z,2026-07-17T11:15:00+0200,62462.73918,MW,DE,DE_LU,actual_load,Actual Load,2026-07-26T13:03:42Z
2026-07-26T12:59:54Z,2026-07-26T14:59:54+0200,adf59793-da45-49b4-9a92-f95cd560cccb,2026-07-17T09:30:00Z,2026-07-17T11:30:00+0200,61966.15768,MW,DE,DE_LU,actual_load,Actual Load,2026-07-26T13:03:42Z
2026-07-26T12:59:54Z,2026-07-26T14:59:54+0200,adf59793-da45-49b4-9a92-f95cd560cccb,2026-07-17T09:45:00Z,2026-07-17T11:45:00+0200,61953.16537,MW,DE,DE_LU,actual_load,Actual Load,2026-07-26T13:03:42Z
2026-07-26T12:59:54Z,2026-07-26T14:59:54+0200,adf59793-da45-49b4-9a92-f95cd560cccb,2026-07-17T10:00:00Z,2026-07-17T12:00:00+0200,60606.98555,MW,DE,DE_LU,actual_load,Actual Load,2026-07-26T13:03:42Z
2026-07-26T12:59:54Z,2026-07-26T14:59:54+0200,adf59793-da45-49b4-9a92-f95cd560cccb,2026-07-17T10:15:00Z,2026-07-17T12:15:00+0200,60585.20283,MW,DE,DE_LU,actual_load,Actual Load,2026-07-26T13:03:42Z
2026-07-26T12:59:54Z,2026-07-26T14:59:54+0200,adf59793-da45-49b4-9a92-f95cd560cccb,2026-07-17T10:30:00Z,2026-07-17T12:30:00+0200,60466.01238,MW,DE,DE_LU,actual_load,Actual Load,2026-07-26T13:03:42Z
2026-07-26T12:59:54Z,2026-07-26T14:59:54+0200,adf59793-da45-49b4-9a92-f95cd560cccb,2026-07-17T10:45:00Z,2026-07-17T12:45:00+0200,60448.36691,MW,DE,DE_LU,actual_load,Actual Load,2026-07-26T13:03:42Z
2026-07-26T12:59:54Z,2026-07-26T14:59:54+0200,adf59793-da45-49b4-9a92-f95cd560cccb,2026-07-17T11:00:00Z,2026-07-17T13:00:00+0200,59800.37134,MW,DE,DE_LU,actual_load,Actual Load,2026-07-26T13:03:42Z
2026-07-26T12:59:54Z,2026-07-26T14:59:54+0200,adf59793-da45-49b4-9a92-f95cd560cccb,2026-07-17T11:15:00Z,2026-07-17T13:15:00+0200,59341.3183,MW,DE,DE_LU,actual_load,Actual Load,2026-07-26T13:03:42Z
2026-07-26T12:59:54Z,2026-07-26T14:59:54+0200,adf59793-da45-49b4-9a92-f95cd560cccb,2026-07-17T11:30:00Z,2026-07-17T13:30:00+0200,58984.26924,MW,DE,DE_LU,actual_load,Actual Load,2026-07-26T13:03:42Z
2026-07-26T12:59:54Z,2026-07-26T14:59:54+0200,adf59793-da45-49b4-9a92-f95cd560cccb,2026-07-17T11:45:00Z,2026-07-17T13:45:00+0200,58202.96039,MW,DE,DE_LU,actual_load,Actual Load,2026-07-26T13:03:42Z
2026-07-26T12:59:54Z,2026-07-26T14:59:54+0200,adf59793-da45-49b4-9a92-f95cd560cccb,2026-07-17T12:00:00Z,2026-07-17T14:00:00+0200,58080.47582,MW,DE,DE_LU,actual_load,Actual Load,2026-07-26T13:03:42Z
2026-07-26T12:59:54Z,2026-07-26T14:59:54+0200,adf59793-da45-49b4-9a92-f95cd560cccb,2026-07-17T12:15:00Z,2026-07-17T14:15:00+0200,57879.67278,MW,DE,DE_LU,actual_load,Actual Load,2026-07-26T13:03:42Z
2026-07-26T12:59:54Z,2026-07-26T14:59:54+0200,adf59793-da45-49b4-9a92-f95cd560cccb,2026-07-17T12:30:00Z,2026-07-17T14:30:00+0200,57502.82194,MW,DE,DE_LU,actual_load,Actual Load,2026-07-26T13:03:42Z
2026-07-26T12:59:54Z,2026-07-26T14:59:54+0200,adf59793-da45-49b4-9a92-f95cd560cccb,2026-07-17T12:45:00Z,2026-07-17T14:45:00+0200,57117.96674,MW,DE,DE_LU,actual_load,Actual Load,2026-07-26T13:03:42Z
2026-07-26T12:59:54Z,2026-07-26T14:59:54+0200,adf59793-da45-49b4-9a92-f95cd560cccb,2026-07-17T13:00:00Z,2026-07-17T15:00:00+0200,57114.02188,MW,DE,DE_LU,actual_load,Actual Load,2026-07-26T13:03:42Z
2026-07-26T12:59:54Z,2026-07-26T14:59:54+0200,adf59793-da45-49b4-9a92-f95cd560cccb,2026-07-17T13:15:00Z,2026-07-17T15:15:00+0200,56786.82472,MW,DE,DE_LU,actual_load,Actual Load,2026-07-26T13:03:42Z
2026-07-26T12:59:54Z,2026-07-26T14:59:54+0200,adf59793-da45-49b4-9a92-f95cd560cccb,2026-07-17T13:30:00Z,2026-07-17T15:30:00+0200,57914.23057,MW,DE,DE_LU,actual_load,Actual Load,2026-07-26T13:03:42Z
2026-07-26T12:59:54Z,2026-07-26T14:59:54+0200,adf59793-da45-49b4-9a92-f95cd560cccb,2026-07-17T13:45:00Z,2026-07-17T15:45:00+0200,58069.8209,MW,DE,DE_LU,actual_load,Actual Load,2026-07-26T13:03:42Z
2026-07-26T12:59:54Z,2026-07-26T14:59:54+0200,adf59793-da45-49b4-9a92-f95cd560cccb,2026-07-17T14:00:00Z,2026-07-17T16:00:00+0200,58383.2781,MW,DE,DE_LU,actual_load,Actual Load,2026-07-26T13:03:42Z
2026-07-26T12:59:54Z,2026-07-26T14:59:54+0200,adf59793-da45-49b4-9a92-f95cd560cccb,2026-07-17T14:15:00Z,2026-07-17T16:15:00+0200,58027.85027,MW,DE,DE_LU,actual_load,Actual Load,2026-07-26T13:03:42Z
2026-07-26T12:59:54Z,2026-07-26T14:59:54+0200,adf59793-da45-49b4-9a92-f95cd560cccb,2026-07-17T14:30:00Z,2026-07-17T16:30:00+0200,57718.46144,MW,DE,DE_LU,actual_load,Actual Load,2026-07-26T13:03:42Z
2026-07-26T12:59:54Z,2026-07-26T14:59:54+0200,adf59793-da45-49b4-9a92-f95cd560cccb,2026-07-17T14:45:00Z,2026-07-17T16:45:00+0200,57640.41341,MW,DE,DE_LU,actual_load,Actual Load,2026-07-26T13:03:42Z
2026-07-26T12:59:54Z,2026-07-26T14:59:54+0200,adf59793-da45-49b4-9a92-f95cd560cccb,2026-07-17T15:00:00Z,2026-07-17T17:00:00+0200,58304.29271,MW,DE,DE_LU,actual_load,Actual Load,2026-07-26T13:03:42Z
2026-07-26T12:59:54Z,2026-07-26T14:59:54+0200,adf59793-da45-49b4-9a92-f95cd560cccb,2026-07-17T15:15:00Z,2026-07-17T17:15:00+0200,57985.0262,MW,DE,DE_LU,actual_load,Actual Load,2026-07-26T13:03:42Z
2026-07-26T12:59:54Z,2026-07-26T14:59:54+0200,adf59793-da45-49b4-9a92-f95cd560cccb,2026-07-17T15:30:00Z,2026-07-17T17:30:00+0200,58667.60243,MW,DE,DE_LU,actual_load,Actual Load,2026-07-26T13:03:42Z
2026-07-26T12:59:54Z,2026-07-26T14:59:54+0200,adf59793-da45-49b4-9a92-f95cd560cccb,2026-07-17T15:45:00Z,2026-07-17T17:45:00+0200,58555.36505,MW,DE,DE_LU,actual_load,Actual Load,2026-07-26T13:03:42Z
2026-07-26T12:59:54Z,2026-07-26T14:59:54+0200,adf59793-da45-49b4-9a92-f95cd560cccb,2026-07-17T16:00:00Z,2026-07-17T18:00:00+0200,58890.68872,MW,DE,DE_LU,actual_load,Actual Load,2026-07-26T13:03:42Z
2026-07-26T12:59:54Z,2026-07-26T14:59:54+0200,adf59793-da45-49b4-9a92-f95cd560cccb,2026-07-17T16:15:00Z,2026-07-17T18:15:00+0200,58901.41389,MW,DE,DE_LU,actual_load,Actual Load,2026-07-26T13:03:42Z
2026-07-26T12:59:54Z,2026-07-26T14:59:54+0200,adf59793-da45-49b4-9a92-f95cd560cccb,2026-07-17T16:30:00Z,2026-07-17T18:30:00+0200,58902.95475,MW,DE,DE_LU,actual_load,Actual Load,2026-07-26T13:03:42Z
2026-07-26T12:59:54Z,2026-07-26T14:59:54+0200,adf59793-da45-49b4-9a92-f95cd560cccb,2026-07-17T16:45:00Z,2026-07-17T18:45:00+0200,59151.42488,MW,DE,DE_LU,actual_load,Actual Load,2026-07-26T13:03:42Z
2026-07-26T12:59:54Z,2026-07-26T14:59:54+0200,adf59793-da45-49b4-9a92-f95cd560cccb,2026-07-17T17:00:00Z,2026-07-17T19:00:00+0200,58503.8161,MW,DE,DE_LU,actual_load,Actual Load,2026-07-26T13:03:42Z
2026-07-26T12:59:54Z,2026-07-26T14:59:54+0200,adf59793-da45-49b4-9a92-f95cd560cccb,2026-07-17T17:15:00Z,2026-07-17T19:15:00+0200,57792.67612,MW,DE,DE_LU,actual_load,Actual Load,2026-07-26T13:03:42Z
2026-07-26T12:59:54Z,2026-07-26T14:59:54+0200,adf59793-da45-49b4-9a92-f95cd560cccb,2026-07-17T17:30:00Z,2026-07-17T19:30:00+0200,57246.69906,MW,DE,DE_LU,actual_load,Actual Load,2026-07-26T13:03:42Z
2026-07-26T12:59:54Z,2026-07-26T14:59:54+0200,adf59793-da45-49b4-9a92-f95cd560cccb,2026-07-17T17:45:00Z,2026-07-17T19:45:00+0200,56562.4393,MW,DE,DE_LU,actual_load,Actual Load,2026-07-26T13:03:42Z
2026-07-26T12:59:54Z,2026-07-26T14:59:54+0200,adf59793-da45-49b4-9a92-f95cd560cccb,2026-07-17T18:00:00Z,2026-07-17T20:00:00+0200,56140.12263,MW,DE,DE_LU,actual_load,Actual Load,2026-07-26T13:03:42Z
2026-07-26T12:59:54Z,2026-07-26T14:59:54+0200,adf59793-da45-49b4-9a92-f95cd560cccb,2026-07-17T18:15:00Z,2026-07-17T20:15:00+0200,55105.32457,MW,DE,DE_LU,actual_load,Actual Load,2026-07-26T13:03:42Z
2026-07-26T12:59:54Z,2026-07-26T14:59:54+0200,adf59793-da45-49b4-9a92-f95cd560cccb,2026-07-17T18:30:00Z,2026-07-17T20:30:00+0200,54991.57981,MW,DE,DE_LU,actual_load,Actual Load,2026-07-26T13:03:42Z
2026-07-26T12:59:54Z,2026-07-26T14:59:54+0200,adf59793-da45-49b4-9a92-f95cd560cccb,2026-07-17T18:45:00Z,2026-07-17T20:45:00+0200,54418.52123,MW,DE,DE_LU,actual_load,Actual Load,2026-07-26T13:03:42Z
2026-07-26T12:59:54Z,2026-07-26T14:59:54+0200,adf59793-da45-49b4-9a92-f95cd560cccb,2026-07-17T19:00:00Z,2026-07-17T21:00:00+0200,53792.46852,MW,DE,DE_LU,actual_load,Actual Load,2026-07-26T13:03:42Z
2026-07-26T12:59:54Z,2026-07-26T14:59:54+0200,adf59793-da45-49b4-9a92-f95cd560cccb,2026-07-17T19:15:00Z,2026-07-17T21:15:00+0200,53073.69135,MW,DE,DE_LU,actual_load,Actual Load,2026-07-26T13:03:42Z
2026-07-26T12:59:54Z,2026-07-26T14:59:54+0200,adf59793-da45-49b4-9a92-f95cd560cccb,2026-07-17T19:30:00Z,2026-07-17T21:30:00+0200,53161.85664,MW,DE,DE_LU,actual_load,Actual Load,2026-07-26T13:03:42Z
2026-07-26T12:59:54Z,2026-07-26T14:59:54+0200,adf59793-da45-49b4-9a92-f95cd560cccb,2026-07-17T19:45:00Z,2026-07-17T21:45:00+0200,52900.74025,MW,DE,DE_LU,actual_load,Actual Load,2026-07-26T13:03:42Z
2026-07-26T12:59:54Z,2026-07-26T14:59:54+0200,adf59793-da45-49b4-9a92-f95cd560cccb,2026-07-17T20:00:00Z,2026-07-17T22:00:00+0200,51990.94939,MW,DE,DE_LU,actual_load,Actual Load,2026-07-26T13:03:42Z
2026-07-26T12:59:54Z,2026-07-26T14:59:54+0200,adf59793-da45-49b4-9a92-f95cd560cccb,2026-07-17T20:15:00Z,2026-07-17T22:15:00+0200,51578.84704,MW,DE,DE_LU,actual_load,Actual Load,2026-07-26T13:03:42Z
2026-07-26T12:59:54Z,2026-07-26T14:59:54+0200,adf59793-da45-49b4-9a92-f95cd560cccb,2026-07-17T20:30:00Z,2026-07-17T22:30:00+0200,51348.91025,MW,DE,DE_LU,actual_load,Actual Load,2026-07-26T13:03:42Z
2026-07-26T12:59:54Z,2026-07-26T14:59:54+0200,adf59793-da45-49b4-9a92-f95cd560cccb,2026-07-17T20:45:00Z,2026-07-17T22:45:00+0200,50637.80874,MW,DE,DE_LU,actual_load,Actual Load,2026-07-26T13:03:42Z
2026-07-26T12:59:54Z,2026-07-26T14:59:54+0200,adf59793-da45-49b4-9a92-f95cd560cccb,2026-07-17T21:00:00Z,2026-07-17T23:00:00+0200,49266.3814,MW,DE,DE_LU,actual_load,Actual Load,2026-07-26T13:03:42Z
2026-07-26T12:59:54Z,2026-07-26T14:59:54+0200,adf59793-da45-49b4-9a92-f95cd560cccb,2026-07-17T21:15:00Z,2026-07-17T23:15:00+0200,49016.3553,MW,DE,DE_LU,actual_load,Actual Load,2026-07-26T13:03:42Z
2026-07-26T12:59:54Z,2026-07-26T14:59:54+0200,adf59793-da45-49b4-9a92-f95cd560cccb,2026-07-17T21:30:00Z,2026-07-17T23:30:00+0200,48759.16684,MW,DE,DE_LU,actual_load,Actual Load,2026-07-26T13:03:42Z
2026-07-26T12:59:54Z,2026-07-26T14:59:54+0200,adf59793-da45-49b4-9a92-f95cd560cccb,2026-07-17T21:45:00Z,2026-07-17T23:45:00+0200,48210.39872,MW,DE,DE_LU,actual_load,Actual Load,2026-07-26T13:03:42Z
2026-07-26T12:59:54Z,2026-07-26T14:59:54+0200,adf59793-da45-49b4-9a92-f95cd560cccb,2026-07-17T22:00:00Z,2026-07-18T00:00:00+0200,46671.32348,MW,DE,DE_LU,actual_load,Actual Load,2026-07-26T13:03:42Z
2026-07-26T12:59:54Z,2026-07-26T14:59:54+0200,adf59793-da45-49b4-9a92-f95cd560cccb,2026-07-17T22:15:00Z,2026-07-18T00:15:00+0200,45863.14648,MW,DE,DE_LU,actual_load,Actual Load,2026-07-26T13:03:42Z
2026-07-26T12:59:54Z,2026-07-26T14:59:54+0200,adf59793-da45-49b4-9a92-f95cd560cccb,2026-07-17T22:30:00Z,2026-07-18T00:30:00+0200,45976.95022,MW,DE,DE_LU,actual_load,Actual Load,2026-07-26T13:03:42Z
2026-07-26T12:59:54Z,2026-07-26T14:59:54+0200,adf59793-da45-49b4-9a92-f95cd560cccb,2026-07-17T22:45:00Z,2026-07-18T00:45:00+0200,45678.19703,MW,DE,DE_LU,actual_load,Actual Load,2026-07-26T13:03:42Z
2026-07-26T12:59:54Z,2026-07-26T14:59:54+0200,adf59793-da45-49b4-9a92-f95cd560cccb,2026-07-17T23:00:00Z,2026-07-18T01:00:00+0200,44907.59809,MW,DE,DE_LU,actual_load,Actual Load,2026-07-26T13:03:42Z
2026-07-26T12:59:54Z,2026-07-26T14:59:54+0200,adf59793-da45-49b4-9a92-f95cd560cccb,2026-07-17T23:15:00Z,2026-07-18T01:15:00+0200,44025.26791,MW,DE,DE_LU,actual_load,Actual Load,2026-07-26T13:03:42Z
2026-07-26T12:59:54Z,2026-07-26T14:59:54+0200,adf59793-da45-49b4-9a92-f95cd560cccb,2026-07-17T23:30:00Z,2026-07-18T01:30:00+0200,43955.28091,MW,DE,DE_LU,actual_load,Actual Load,2026-07-26T13:03:42Z
2026-07-26T12:59:54Z,2026-07-26T14:59:54+0200,adf59793-da45-49b4-9a92-f95cd560cccb,2026-07-17T23:45:00Z,2026-07-18T01:45:00+0200,44244.62449,MW,DE,DE_LU,actual_load,Actual Load,2026-07-26T13:03:42Z
2026-07-26T12:59:54Z,2026-07-26T14:59:54+0200,adf59793-da45-49b4-9a92-f95cd560cccb,2026-07-18T00:00:00Z,2026-07-18T02:00:00+0200,43856.47613,MW,DE,DE_LU,actual_load,Actual Load,2026-07-26T13:03:42Z
2026-07-26T12:59:54Z,2026-07-26T14:59:54+0200,adf59793-da45-49b4-9a92-f95cd560cccb,2026-07-18T00:15:00Z,2026-07-18T02:15:00+0200,43389.67565,MW,DE,DE_LU,actual_load,Actual Load,2026-07-26T13:03:42Z
2026-07-26T12:59:54Z,2026-07-26T14:59:54+0200,adf59793-da45-49b4-9a92-f95cd560cccb,2026-07-18T00:30:00Z,2026-07-18T02:30:00+0200,43352.12097,MW,DE,DE_LU,actual_load,Actual Load,2026-07-26T13:03:42Z
2026-07-26T12:59:54Z,2026-07-26T14:59:54+0200,adf59793-da45-49b4-9a92-f95cd560cccb,2026-07-18T00:45:00Z,2026-07-18T02:45:00+0200,43297.63962,MW,DE,DE_LU,actual_load,Actual Load,2026-07-26T13:03:42Z
2026-07-26T12:59:54Z,2026-07-26T14:59:54+0200,adf59793-da45-49b4-9a92-f95cd560cccb,2026-07-18T01:00:00Z,2026-07-18T03:00:00+0200,42608.62738,MW,DE,DE_LU,actual_load,Actual Load,2026-07-26T13:03:42Z
2026-07-26T12:59:54Z,2026-07-26T14:59:54+0200,adf59793-da45-49b4-9a92-f95cd560cccb,2026-07-18T01:15:00Z,2026-07-18T03:15:00+0200,42620.60437,MW,DE,DE_LU,actual_load,Actual Load,2026-07-26T13:03:42Z
2026-07-26T12:59:54Z,2026-07-26T14:59:54+0200,adf59793-da45-49b4-9a92-f95cd560cccb,2026-07-18T01:30:00Z,2026-07-18T03:30:00+0200,42687.02199,MW,DE,DE_LU,actual_load,Actual Load,2026-07-26T13:03:42Z
2026-07-26T12:59:54Z,2026-07-26T14:59:54+0200,adf59793-da45-49b4-9a92-f95cd560cccb,2026-07-18T01:45:00Z,2026-07-18T03:45:00+0200,42582.5509,MW,DE,DE_LU,actual_load,Actual Load,2026-07-26T13:03:42Z
2026-07-26T12:59:54Z,2026-07-26T14:59:54+0200,adf59793-da45-49b4-9a92-f95cd560cccb,2026-07-18T02:00:00Z,2026-07-18T04:00:00+0200,42351.21911,MW,DE,DE_LU,actual_load,Actual Load,2026-07-26T13:03:42Z
2026-07-26T12:59:54Z,2026-07-26T14:59:54+0200,adf59793-da45-49b4-9a92-f95cd560cccb,2026-07-18T02:15:00Z,2026-07-18T04:15:00+0200,42213.09598,MW,DE,DE_LU,actual_load,Actual Load,2026-07-26T13:03:42Z
2026-07-26T12:59:54Z,2026-07-26T14:59:54+0200,adf59793-da45-49b4-9a92-f95cd560cccb,2026-07-18T02:30:00Z,2026-07-18T04:30:00+0200,42413.47823,MW,DE,DE_LU,actual_load,Actual Load,2026-07-26T13:03:42Z
2026-07-26T12:59:54Z,2026-07-26T14:59:54+0200,adf59793-da45-49b4-9a92-f95cd560cccb,2026-07-18T02:45:00Z,2026-07-18T04:45:00+0200,42429.17531,MW,DE,DE_LU,actual_load,Actual Load,2026-07-26T13:03:42Z
2026-07-26T12:59:54Z,2026-07-26T14:59:54+0200,adf59793-da45-49b4-9a92-f95cd560cccb,2026-07-18T03:00:00Z,2026-07-18T05:00:00+0200,42831.75241,MW,DE,DE_LU,actual_load,Actual Load,2026-07-26T13:03:42Z
2026-07-26T12:59:54Z,2026-07-26T14:59:54+0200,adf59793-da45-49b4-9a92-f95cd560cccb,2026-07-18T03:15:00Z,2026-07-18T05:15:00+0200,42628.7023,MW,DE,DE_LU,actual_load,Actual Load,2026-07-26T13:03:42Z
2026-07-26T12:59:54Z,2026-07-26T14:59:54+0200,adf59793-da45-49b4-9a92-f95cd560cccb,2026-07-18T03:30:00Z,2026-07-18T05:30:00+0200,42039.67298,MW,DE,DE_LU,actual_load,Actual Load,2026-07-26T13:03:42Z
2026-07-26T12:59:54Z,2026-07-26T14:59:54+0200,adf59793-da45-49b4-9a92-f95cd560cccb,2026-07-18T03:45:00Z,2026-07-18T05:45:00+0200,41959.32226,MW,DE,DE_LU,actual_load,Actual Load,2026-07-26T13:03:42Z
2026-07-26T12:59:54Z,2026-07-26T14:59:54+0200,adf59793-da45-49b4-9a92-f95cd560cccb,2026-07-18T04:00:00Z,2026-07-18T06:00:00+0200,42540.63969,MW,DE,DE_LU,actual_load,Actual Load,2026-07-26T13:03:42Z
2026-07-26T12:59:54Z,2026-07-26T14:59:54+0200,adf59793-da45-49b4-9a92-f95cd560cccb,2026-07-18T04:15:00Z,2026-07-18T06:15:00+0200,43147.69484,MW,DE,DE_LU,actual_load,Actual Load,2026-07-26T13:03:42Z
2026-07-26T12:59:54Z,2026-07-26T14:59:54+0200,adf59793-da45-49b4-9a92-f95cd560cccb,2026-07-18T04:30:00Z,2026-07-18T06:30:00+0200,43299.48024,MW,DE,DE_LU,actual_load,Actual Load,2026-07-26T13:03:42Z
2026-07-26T12:59:54Z,2026-07-26T14:59:54+0200,adf59793-da45-49b4-9a92-f95cd560cccb,2026-07-18T04:45:00Z,2026-07-18T06:45:00+0200,43887.23354,MW,DE,DE_LU,actual_load,Actual Load,2026-07-26T13:03:42Z
2026-07-26T12:59:54Z,2026-07-26T14:59:54+0200,adf59793-da45-49b4-9a92-f95cd560cccb,2026-07-18T05:00:00Z,2026-07-18T07:00:00+0200,44087.51102,MW,DE,DE_LU,actual_load,Actual Load,2026-07-26T13:03:42Z
2026-07-26T12:59:54Z,2026-07-26T14:59:54+0200,adf59793-da45-49b4-9a92-f95cd560cccb,2026-07-18T05:15:00Z,2026-07-18T07:15:00+0200,45000.62587,MW,DE,DE_LU,actual_load,Actual Load,2026-07-26T13:03:42Z
2026-07-26T12:59:54Z,2026-07-26T14:59:54+0200,adf59793-da45-49b4-9a92-f95cd560cccb,2026-07-18T05:30:00Z,2026-07-18T07:30:00+0200,45740.22146,MW,DE,DE_LU,actual_load,Actual Load,2026-07-26T13:03:42Z
2026-07-26T12:59:54Z,2026-07-26T14:59:54+0200,adf59793-da45-49b4-9a92-f95cd560cccb,2026-07-18T05:45:00Z,2026-07-18T07:45:00+0200,46681.92652,MW,DE,DE_LU,actual_load,Actual Load,2026-07-26T13:03:42Z
2026-07-26T12:59:54Z,2026-07-26T14:59:54+0200,adf59793-da45-49b4-9a92-f95cd560cccb,2026-07-18T06:00:00Z,2026-07-18T08:00:00+0200,46264.30343,MW,DE,DE_LU,actual_load,Actual Load,2026-07-26T13:03:42Z
2026-07-26T12:59:54Z,2026-07-26T14:59:54+0200,adf59793-da45-49b4-9a92-f95cd560cccb,2026-07-18T06:15:00Z,2026-07-18T08:15:00+0200,47896.6328,MW,DE,DE_LU,actual_load,Actual Load,2026-07-26T13:03:42Z
2026-07-26T12:59:54Z,2026-07-26T14:59:54+0200,adf59793-da45-49b4-9a92-f95cd560cccb,2026-07-18T06:30:00Z,2026-07-18T08:30:00+0200,48737.68375,MW,DE,DE_LU,actual_load,Actual Load,2026-07-26T13:03:42Z
2026-07-26T12:59:54Z,2026-07-26T14:59:54+0200,adf59793-da45-49b4-9a92-f95cd560cccb,2026-07-18T06:45:00Z,2026-07-18T08:45:00+0200,49615.71991,MW,DE,DE_LU,actual_load,Actual Load,2026-07-26T13:03:42Z
2026-07-26T12:59:54Z,2026-07-26T14:59:54+0200,adf59793-da45-49b4-9a92-f95cd560cccb,2026-07-18T07:00:00Z,2026-07-18T09:00:00+0200,49983.33055,MW,DE,DE_LU,actual_load,Actual Load,2026-07-26T13:03:42Z
2026-07-26T12:59:54Z,2026-07-26T14:59:54+0200,adf59793-da45-49b4-9a92-f95cd560cccb,2026-07-18T07:15:00Z,2026-07-18T09:15:00+0200,49926.72676,MW,DE,DE_LU,actual_load,Actual Load,2026-07-26T13:03:42Z
2026-07-26T12:59:54Z,2026-07-26T14:59:54+0200,adf59793-da45-49b4-9a92-f95cd560cccb,2026-07-18T07:30:00Z,2026-07-18T09:30:00+0200,50360.26777,MW,DE,DE_LU,actual_load,Actual Load,2026-07-26T13:03:42Z
2026-07-26T12:59:54Z,2026-07-26T14:59:54+0200,adf59793-da45-49b4-9a92-f95cd560cccb,2026-07-18T07:45:00Z,2026-07-18T09:45:00+0200,51081.34791,MW,DE,DE_LU,actual_load,Actual Load,2026-07-26T13:03:42Z
2026-07-26T12:59:54Z,2026-07-26T14:59:54+0200,adf59793-da45-49b4-9a92-f95cd560cccb,2026-07-18T08:00:00Z,2026-07-18T10:00:00+0200,51123.68613,MW,DE,DE_LU,actual_load,Actual Load,2026-07-26T13:03:42Z
2026-07-26T12:59:54Z,2026-07-26T14:59:54+0200,adf59793-da45-49b4-9a92-f95cd560cccb,2026-07-18T08:15:00Z,2026-07-18T10:15:00+0200,51027.14647,MW,DE,DE_LU,actual_load,Actual Load,2026-07-26T13:03:42Z
2026-07-26T12:59:54Z,2026-07-26T14:59:54+0200,adf59793-da45-49b4-9a92-f95cd560cccb,2026-07-18T08:30:00Z,2026-07-18T10:30:00+0200,51428.20708,MW,DE,DE_LU,actual_load,Actual Load,2026-07-26T13:03:42Z
2026-07-26T12:59:54Z,2026-07-26T14:59:54+0200,adf59793-da45-49b4-9a92-f95cd560cccb,2026-07-18T08:45:00Z,2026-07-18T10:45:00+0200,50718.05273,MW,DE,DE_LU,actual_load,Actual Load,2026-07-26T13:03:42Z
2026-07-26T12:59:54Z,2026-07-26T14:59:54+0200,adf59793-da45-49b4-9a92-f95cd560cccb,2026-07-18T09:00:00Z,2026-07-18T11:00:00+0200,50787.28844,MW,DE,DE_LU,actual_load,Actual Load,2026-07-26T13:03:42Z
2026-07-26T12:59:54Z,2026-07-26T14:59:54+0200,adf59793-da45-49b4-9a92-f95cd560cccb,2026-07-18T09:15:00Z,2026-07-18T11:15:00+0200,50932.73818,MW,DE,DE_LU,actual_load,Actual Load,2026-07-26T13:03:42Z
2026-07-26T12:59:54Z,2026-07-26T14:59:54+0200,adf59793-da45-49b4-9a92-f95cd560cccb,2026-07-18T09:30:00Z,2026-07-18T11:30:00+0200,50442.97735,MW,DE,DE_LU,actual_load,Actual Load,2026-07-26T13:03:42Z
2026-07-26T12:59:54Z,2026-07-26T14:59:54+0200,adf59793-da45-49b4-9a92-f95cd560cccb,2026-07-18T09:45:00Z,2026-07-18T11:45:00+0200,50835.11854,MW,DE,DE_LU,actual_load,Actual Load,2026-07-26T13:03:42Z
2026-07-26T12:59:54Z,2026-07-26T14:59:54+0200,adf59793-da45-49b4-9a92-f95cd560cccb,2026-07-18T10:00:00Z,2026-07-18T12:00:00+0200,50076.74277,MW,DE,DE_LU,actual_load,Actual Load,2026-07-26T13:03:42Z
2026-07-26T12:59:54Z,2026-07-26T14:59:54+0200,adf59793-da45-49b4-9a92-f95cd560cccb,2026-07-18T10:15:00Z,2026-07-18T12:15:00+0200,49631.13758,MW,DE,DE_LU,actual_load,Actual Load,2026-07-26T13:03:42Z
2026-07-26T12:59:54Z,2026-07-26T14:59:54+0200,adf59793-da45-49b4-9a92-f95cd560cccb,2026-07-18T10:30:00Z,2026-07-18T12:30:00+0200,49544.34622,MW,DE,DE_LU,actual_load,Actual Load,2026-07-26T13:03:42Z
2026-07-26T12:59:54Z,2026-07-26T14:59:54+0200,adf59793-da45-49b4-9a92-f95cd560cccb,2026-07-18T10:45:00Z,2026-07-18T12:45:00+0200,49119.97352,MW,DE,DE_LU,actual_load,Actual Load,2026-07-26T13:03:42Z
2026-07-26T12:59:54Z,2026-07-26T14:59:54+0200,adf59793-da45-49b4-9a92-f95cd560cccb,2026-07-18T11:00:00Z,2026-07-18T13:00:00+0200,48939.65841,MW,DE,DE_LU,actual_load,Actual Load,2026-07-26T13:03:42Z
2026-07-26T12:59:54Z,2026-07-26T14:59:54+0200,adf59793-da45-49b4-9a92-f95cd560cccb,2026-07-18T11:15:00Z,2026-07-18T13:15:00+0200,48597.55775,MW,DE,DE_LU,actual_load,Actual Load,2026-07-26T13:03:42Z
2026-07-26T12:59:54Z,2026-07-26T14:59:54+0200,adf59793-da45-49b4-9a92-f95cd560cccb,2026-07-18T11:30:00Z,2026-07-18T13:30:00+0200,47836.77021,MW,DE,DE_LU,actual_load,Actual Load,2026-07-26T13:03:42Z
2026-07-26T12:59:54Z,2026-07-26T14:59:54+0200,adf59793-da45-49b4-9a92-f95cd560cccb,2026-07-18T11:45:00Z,2026-07-18T13:45:00+0200,47235.62929,MW,DE,DE_LU,actual_load,Actual Load,2026-07-26T13:03:42Z
2026-07-26T12:59:54Z,2026-07-26T14:59:54+0200,adf59793-da45-49b4-9a92-f95cd560cccb,2026-07-18T12:00:00Z,2026-07-18T14:00:00+0200,47624.95698,MW,DE,DE_LU,actual_load,Actual Load,2026-07-26T13:03:42Z
2026-07-26T12:59:54Z,2026-07-26T14:59:54+0200,adf59793-da45-49b4-9a92-f95cd560cccb,2026-07-18T12:15:00Z,2026-07-18T14:15:00+0200,46626.61009,MW,DE,DE_LU,actual_load,Actual Load,2026-07-26T13:03:42Z
2026-07-26T12:59:54Z,2026-07-26T14:59:54+0200,adf59793-da45-49b4-9a92-f95cd560cccb,2026-07-18T12:30:00Z,2026-07-18T14:30:00+0200,46844.75308,MW,DE,DE_LU,actual_load,Actual Load,2026-07-26T13:03:42Z
2026-07-26T12:59:54Z,2026-07-26T14:59:54+0200,adf59793-da45-49b4-9a92-f95cd560cccb,2026-07-18T12:45:00Z,2026-07-18T14:45:00+0200,46275.18477,MW,DE,DE_LU,actual_load,Actual Load,2026-07-26T13:03:42Z
2026-07-26T12:59:54Z,2026-07-26T14:59:54+0200,adf59793-da45-49b4-9a92-f95cd560cccb,2026-07-18T13:00:00Z,2026-07-18T15:00:00+0200,46384.02901,MW,DE,DE_LU,actual_load,Actual Load,2026-07-26T13:03:42Z
2026-07-26T12:59:54Z,2026-07-26T14:59:54+0200,adf59793-da45-49b4-9a92-f95cd560cccb,2026-07-18T13:15:00Z,2026-07-18T15:15:00+0200,46080.38411,MW,DE,DE_LU,actual_load,Actual Load,2026-07-26T13:03:42Z
2026-07-26T12:59:54Z,2026-07-26T14:59:54+0200,adf59793-da45-49b4-9a92-f95cd560cccb,2026-07-18T13:30:00Z,2026-07-18T15:30:00+0200,45793.84711,MW,DE,DE_LU,actual_load,Actual Load,2026-07-26T13:03:42Z
2026-07-26T12:59:54Z,2026-07-26T14:59:54+0200,adf59793-da45-49b4-9a92-f95cd560cccb,2026-07-18T13:45:00Z,2026-07-18T15:45:00+0200,45889.09633,MW,DE,DE_LU,actual_load,Actual Load,2026-07-26T13:03:42Z
2026-07-26T12:59:54Z,2026-07-26T14:59:54+0200,adf59793-da45-49b4-9a92-f95cd560cccb,2026-07-18T14:00:00Z,2026-07-18T16:00:00+0200,46504.29319,MW,DE,DE_LU,actual_load,Actual Load,2026-07-26T13:03:42Z
2026-07-26T12:59:54Z,2026-07-26T14:59:54+0200,adf59793-da45-49b4-9a92-f95cd560cccb,2026-07-18T14:15:00Z,2026-07-18T16:15:00+0200,46548.25325,MW,DE,DE_LU,actual_load,Actual Load,2026-07-26T13:03:42Z
2026-07-26T12:59:54Z,2026-07-26T14:59:54+0200,adf59793-da45-49b4-9a92-f95cd560cccb,2026-07-18T14:30:00Z,2026-07-18T16:30:00+0200,46470.41235,MW,DE,DE_LU,actual_load,Actual Load,2026-07-26T13:03:42Z
2026-07-26T12:59:54Z,2026-07-26T14:59:54+0200,adf59793-da45-49b4-9a92-f95cd560cccb,2026-07-18T14:45:00Z,2026-07-18T16:45:00+0200,46518.03792,MW,DE,DE_LU,actual_load,Actual Load,2026-07-26T13:03:42Z
2026-07-26T12:59:54Z,2026-07-26T14:59:54+0200,adf59793-da45-49b4-9a92-f95cd560cccb,2026-07-18T15:00:00Z,2026-07-18T17:00:00+0200,47197.44008,MW,DE,DE_LU,actual_load,Actual Load,2026-07-26T13:03:42Z
2026-07-26T12:59:54Z,2026-07-26T14:59:54+0200,adf59793-da45-49b4-9a92-f95cd560cccb,2026-07-18T15:15:00Z,2026-07-18T17:15:00+0200,47327.50066,MW,DE,DE_LU,actual_load,Actual Load,2026-07-26T13:03:42Z
2026-07-26T12:59:54Z,2026-07-26T14:59:54+0200,adf59793-da45-49b4-9a92-f95cd560cccb,2026-07-18T15:30:00Z,2026-07-18T17:30:00+0200,47336.2965,MW,DE,DE_LU,actual_load,Actual Load,2026-07-26T13:03:42Z
2026-07-26T12:59:54Z,2026-07-26T14:59:54+0200,adf59793-da45-49b4-9a92-f95cd560cccb,2026-07-18T15:45:00Z,2026-07-18T17:45:00+0200,47127.64466,MW,DE,DE_LU,actual_load,Actual Load,2026-07-26T13:03:42Z
2026-07-26T12:59:54Z,2026-07-26T14:59:54+0200,adf59793-da45-49b4-9a92-f95cd560cccb,2026-07-18T16:00:00Z,2026-07-18T18:00:00+0200,47347.42726,MW,DE,DE_LU,actual_load,Actual Load,2026-07-26T13:03:42Z
2026-07-26T12:59:54Z,2026-07-26T14:59:54+0200,adf59793-da45-49b4-9a92-f95cd560cccb,2026-07-18T16:15:00Z,2026-07-18T18:15:00+0200,47436.39933,MW,DE,DE_LU,actual_load,Actual Load,2026-07-26T13:03:42Z
2026-07-26T12:59:54Z,2026-07-26T14:59:54+0200,adf59793-da45-49b4-9a92-f95cd560cccb,2026-07-18T16:30:00Z,2026-07-18T18:30:00+0200,47578.90954,MW,DE,DE_LU,actual_load,Actual Load,2026-07-26T13:03:42Z
2026-07-26T12:59:54Z,2026-07-26T14:59:54+0200,adf59793-da45-49b4-9a92-f95cd560cccb,2026-07-18T16:45:00Z,2026-07-18T18:45:00+0200,48313.05356,MW,DE,DE_LU,actual_load,Actual Load,2026-07-26T13:03:42Z
2026-07-26T12:59:54Z,2026-07-26T14:59:54+0200,adf59793-da45-49b4-9a92-f95cd560cccb,2026-07-18T17:00:00Z,2026-07-18T19:00:00+0200,47974.04004,MW,DE,DE_LU,actual_load,Actual Load,2026-07-26T13:03:42Z
2026-07-26T12:59:54Z,2026-07-26T14:59:54+0200,adf59793-da45-49b4-9a92-f95cd560cccb,2026-07-18T17:15:00Z,2026-07-18T19:15:00+0200,47659.12386,MW,DE,DE_LU,actual_load,Actual Load,2026-07-26T13:03:42Z
2026-07-26T12:59:54Z,2026-07-26T14:59:54+0200,adf59793-da45-49b4-9a92-f95cd560cccb,2026-07-18T17:30:00Z,2026-07-18T19:30:00+0200,47571.70609,MW,DE,DE_LU,actual_load,Actual Load,2026-07-26T13:03:42Z
2026-07-26T12:59:54Z,2026-07-26T14:59:54+0200,adf59793-da45-49b4-9a92-f95cd560cccb,2026-07-18T17:45:00Z,2026-07-18T19:45:00+0200,47236.0488,MW,DE,DE_LU,actual_load,Actual Load,2026-07-26T13:03:42Z
2026-07-26T12:59:54Z,2026-07-26T14:59:54+0200,adf59793-da45-49b4-9a92-f95cd560cccb,2026-07-18T18:00:00Z,2026-07-18T20:00:00+0200,47617.72606,MW,DE,DE_LU,actual_load,Actual Load,2026-07-26T13:03:42Z
2026-07-26T12:59:54Z,2026-07-26T14:59:54+0200,adf59793-da45-49b4-9a92-f95cd560cccb,2026-07-18T18:15:00Z,2026-07-18T20:15:00+0200,47196.91252,MW,DE,DE_LU,actual_load,Actual Load,2026-07-26T13:03:42Z
2026-07-26T12:59:54Z,2026-07-26T14:59:54+0200,adf59793-da45-49b4-9a92-f95cd560cccb,2026-07-18T18:30:00Z,2026-07-18T20:30:00+0200,46077.10348,MW,DE,DE_LU,actual_load,Actual Load,2026-07-26T13:03:42Z
2026-07-26T12:59:54Z,2026-07-26T14:59:54+0200,adf59793-da45-49b4-9a92-f95cd560cccb,2026-07-18T18:45:00Z,2026-07-18T20:45:00+0200,45219.84637,MW,DE,DE_LU,actual_load,Actual Load,2026-07-26T13:03:42Z
2026-07-26T12:59:54Z,2026-07-26T14:59:54+0200,adf59793-da45-49b4-9a92-f95cd560cccb,2026-07-18T19:00:00Z,2026-07-18T21:00:00+0200,44572.24288,MW,DE,DE_LU,actual_load,Actual Load,2026-07-26T13:03:42Z
2026-07-26T12:59:54Z,2026-07-26T14:59:54+0200,adf59793-da45-49b4-9a92-f95cd560cccb,2026-07-18T19:15:00Z,2026-07-18T21:15:00+0200,44357.48746,MW,DE,DE_LU,actual_load,Actual Load,2026-07-26T13:03:42Z
2026-07-26T12:59:54Z,2026-07-26T14:59:54+0200,adf59793-da45-49b4-9a92-f95cd560cccb,2026-07-18T19:30:00Z,2026-07-18T21:30:00+0200,44995.47809,MW,DE,DE_LU,actual_load,Actual Load,2026-07-26T13:03:42Z
2026-07-26T12:59:54Z,2026-07-26T14:59:54+0200,adf59793-da45-49b4-9a92-f95cd560cccb,2026-07-18T19:45:00Z,2026-07-18T21:45:00+0200,45234.96427,MW,DE,DE_LU,actual_load,Actual Load,2026-07-26T13:03:42Z
2026-07-26T12:59:54Z,2026-07-26T14:59:54+0200,adf59793-da45-49b4-9a92-f95cd560cccb,2026-07-18T20:00:00Z,2026-07-18T22:00:00+0200,44547.03972,MW,DE,DE_LU,actual_load,Actual Load,2026-07-26T13:03:42Z
2026-07-26T12:59:54Z,2026-07-26T14:59:54+0200,adf59793-da45-49b4-9a92-f95cd560cccb,2026-07-18T20:15:00Z,2026-07-18T22:15:00+0200,44613.90473,MW,DE,DE_LU,actual_load,Actual Load,2026-07-26T13:03:42Z
2026-07-26T12:59:54Z,2026-07-26T14:59:54+0200,adf59793-da45-49b4-9a92-f95cd560cccb,2026-07-18T20:30:00Z,2026-07-18T22:30:00+0200,43720.97059,MW,DE,DE_LU,actual_load,Actual Load,2026-07-26T13:03:42Z
2026-07-26T12:59:54Z,2026-07-26T14:59:54+0200,adf59793-da45-49b4-9a92-f95cd560cccb,2026-07-18T20:45:00Z,2026-07-18T22:45:00+0200,43513.58753,MW,DE,DE_LU,actual_load,Actual Load,2026-07-26T13:03:42Z
2026-07-26T12:59:54Z,2026-07-26T14:59:54+0200,adf59793-da45-49b4-9a92-f95cd560cccb,2026-07-18T21:00:00Z,2026-07-18T23:00:00+0200,42916.24243,MW,DE,DE_LU,actual_load,Actual Load,2026-07-26T13:03:42Z
2026-07-26T12:59:54Z,2026-07-26T14:59:54+0200,adf59793-da45-49b4-9a92-f95cd560cccb,2026-07-18T21:15:00Z,2026-07-18T23:15:00+0200,43215.3683,MW,DE,DE_LU,actual_load,Actual Load,2026-07-26T13:03:42Z
2026-07-26T12:59:54Z,2026-07-26T14:59:54+0200,adf59793-da45-49b4-9a92-f95cd560cccb,2026-07-18T21:30:00Z,2026-07-18T23:30:00+0200,42586.80951,MW,DE,DE_LU,actual_load,Actual Load,2026-07-26T13:03:42Z
2026-07-26T12:59:54Z,2026-07-26T14:59:54+0200,adf59793-da45-49b4-9a92-f95cd560cccb,2026-07-18T21:45:00Z,2026-07-18T23:45:00+0200,42013.34778,MW,DE,DE_LU,actual_load,Actual Load,2026-07-26T13:03:42Z
2026-07-26T12:59:54Z,2026-07-26T14:59:54+0200,adf59793-da45-49b4-9a92-f95cd560cccb,2026-07-18T22:00:00Z,2026-07-19T00:00:00+0200,41732.54777,MW,DE,DE_LU,actual_load,Actual Load,2026-07-26T13:03:42Z
2026-07-26T12:59:54Z,2026-07-26T14:59:54+0200,adf59793-da45-49b4-9a92-f95cd560cccb,2026-07-18T22:15:00Z,2026-07-19T00:15:00+0200,41228.82224,MW,DE,DE_LU,actual_load,Actual Load,2026-07-26T13:03:42Z
2026-07-26T12:59:54Z,2026-07-26T14:59:54+0200,adf59793-da45-49b4-9a92-f95cd560cccb,2026-07-18T22:30:00Z,2026-07-19T00:30:00+0200,40944.45041,MW,DE,DE_LU,actual_load,Actual Load,2026-07-26T13:03:42Z
2026-07-26T12:59:54Z,2026-07-26T14:59:54+0200,adf59793-da45-49b4-9a92-f95cd560cccb,2026-07-18T22:45:00Z,2026-07-19T00:45:00+0200,40350.09342,MW,DE,DE_LU,actual_load,Actual Load,2026-07-26T13:03:42Z
2026-07-26T12:59:54Z,2026-07-26T14:59:54+0200,adf59793-da45-49b4-9a92-f95cd560cccb,2026-07-18T23:00:00Z,2026-07-19T01:00:00+0200,39494.87543,MW,DE,DE_LU,actual_load,Actual Load,2026-07-26T13:03:42Z
2026-07-26T12:59:54Z,2026-07-26T14:59:54+0200,adf59793-da45-49b4-9a92-f95cd560cccb,2026-07-18T23:15:00Z,2026-07-19T01:15:00+0200,39455.06267,MW,DE,DE_LU,actual_load,Actual Load,2026-07-26T13:03:42Z
2026-07-26T12:59:54Z,2026-07-26T14:59:54+0200,adf59793-da45-49b4-9a92-f95cd560cccb,2026-07-18T23:30:00Z,2026-07-19T01:30:00+0200,38922.22757,MW,DE,DE_LU,actual_load,Actual Load,2026-07-26T13:03:42Z
2026-07-26T12:59:54Z,2026-07-26T14:59:54+0200,adf59793-da45-49b4-9a92-f95cd560cccb,2026-07-18T23:45:00Z,2026-07-19T01:45:00+0200,38454.6541,MW,DE,DE_LU,actual_load,Actual Load,2026-07-26T13:03:42Z
2026-07-26T12:59:54Z,2026-07-26T14:59:54+0200,adf59793-da45-49b4-9a92-f95cd560cccb,2026-07-19T00:00:00Z,2026-07-19T02:00:00+0200,38258.38556,MW,DE,DE_LU,actual_load,Actual Load,2026-07-26T13:03:42Z
2026-07-26T12:59:54Z,2026-07-26T14:59:54+0200,adf59793-da45-49b4-9a92-f95cd560cccb,2026-07-19T00:15:00Z,2026-07-19T02:15:00+0200,38320.68009,MW,DE,DE_LU,actual_load,Actual Load,2026-07-26T13:03:42Z
2026-07-26T12:59:54Z,2026-07-26T14:59:54+0200,adf59793-da45-49b4-9a92-f95cd560cccb,2026-07-19T00:30:00Z,2026-07-19T02:30:00+0200,38054.89808,MW,DE,DE_LU,actual_load,Actual Load,2026-07-26T13:03:42Z
2026-07-26T12:59:54Z,2026-07-26T14:59:54+0200,adf59793-da45-49b4-9a92-f95cd560cccb,2026-07-19T00:45:00Z,2026-07-19T02:45:00+0200,37491.70536,MW,DE,DE_LU,actual_load,Actual Load,2026-07-26T13:03:42Z
2026-07-26T12:59:54Z,2026-07-26T14:59:54+0200,adf59793-da45-49b4-9a92-f95cd560cccb,2026-07-19T01:00:00Z,2026-07-19T03:00:00+0200,37591.72358,MW,DE,DE_LU,actual_load,Actual Load,2026-07-26T13:03:42Z
2026-07-26T12:59:54Z,2026-07-26T14:59:54+0200,adf59793-da45-49b4-9a92-f95cd560cccb,2026-07-19T01:15:00Z,2026-07-19T03:15:00+0200,37816.75136,MW,DE,DE_LU,actual_load,Actual Load,2026-07-26T13:03:42Z
2026-07-26T12:59:54Z,2026-07-26T14:59:54+0200,adf59793-da45-49b4-9a92-f95cd560cccb,2026-07-19T01:30:00Z,2026-07-19T03:30:00+0200,38061.49267,MW,DE,DE_LU,actual_load,Actual Load,2026-07-26T13:03:42Z
2026-07-26T12:59:54Z,2026-07-26T14:59:54+0200,adf59793-da45-49b4-9a92-f95cd560cccb,2026-07-19T01:45:00Z,2026-07-19T03:45:00+0200,37957.08504,MW,DE,DE_LU,actual_load,Actual Load,2026-07-26T13:03:42Z
2026-07-26T12:59:54Z,2026-07-26T14:59:54+0200,adf59793-da45-49b4-9a92-f95cd560cccb,2026-07-19T02:00:00Z,2026-07-19T04:00:00+0200,37918.58077,MW,DE,DE_LU,actual_load,Actual Load,2026-07-26T13:03:42Z
2026-07-26T12:59:54Z,2026-07-26T14:59:54+0200,adf59793-da45-49b4-9a92-f95cd560cccb,2026-07-19T02:15:00Z,2026-07-19T04:15:00+0200,37984.37963,MW,DE,DE_LU,actual_load,Actual Load,2026-07-26T13:03:42Z
2026-07-26T12:59:54Z,2026-07-26T14:59:54+0200,adf59793-da45-49b4-9a92-f95cd560cccb,2026-07-19T02:30:00Z,2026-07-19T04:30:00+0200,37697.50749,MW,DE,DE_LU,actual_load,Actual Load,2026-07-26T13:03:42Z
2026-07-26T12:59:54Z,2026-07-26T14:59:54+0200,adf59793-da45-49b4-9a92-f95cd560cccb,2026-07-19T02:45:00Z,2026-07-19T04:45:00+0200,37969.20597,MW,DE,DE_LU,actual_load,Actual Load,2026-07-26T13:03:42Z
2026-07-26T12:59:54Z,2026-07-26T14:59:54+0200,adf59793-da45-49b4-9a92-f95cd560cccb,2026-07-19T03:00:00Z,2026-07-19T05:00:00+0200,37809.65278,MW,DE,DE_LU,actual_load,Actual Load,2026-07-26T13:03:42Z
2026-07-26T12:59:54Z,2026-07-26T14:59:54+0200,adf59793-da45-49b4-9a92-f95cd560cccb,2026-07-19T03:15:00Z,2026-07-19T05:15:00+0200,37918.38243,MW,DE,DE_LU,actual_load,Actual Load,2026-07-26T13:03:42Z
2026-07-26T12:59:54Z,2026-07-26T14:59:54+0200,adf59793-da45-49b4-9a92-f95cd560cccb,2026-07-19T03:30:00Z,2026-07-19T05:30:00+0200,37969.06487,MW,DE,DE_LU,actual_load,Actual Load,2026-07-26T13:03:42Z
2026-07-26T12:59:54Z,2026-07-26T14:59:54+0200,adf59793-da45-49b4-9a92-f95cd560cccb,2026-07-19T03:45:00Z,2026-07-19T05:45:00+0200,38244.25057,MW,DE,DE_LU,actual_load,Actual Load,2026-07-26T13:03:42Z
2026-07-26T12:59:54Z,2026-07-26T14:59:54+0200,adf59793-da45-49b4-9a92-f95cd560cccb,2026-07-19T04:00:00Z,2026-07-19T06:00:00+0200,39172.09516,MW,DE,DE_LU,actual_load,Actual Load,2026-07-26T13:03:42Z
2026-07-26T12:59:54Z,2026-07-26T14:59:54+0200,adf59793-da45-49b4-9a92-f95cd560cccb,2026-07-19T04:15:00Z,2026-07-19T06:15:00+0200,39484.80581,MW,DE,DE_LU,actual_load,Actual Load,2026-07-26T13:03:42Z
2026-07-26T12:59:54Z,2026-07-26T14:59:54+0200,adf59793-da45-49b4-9a92-f95cd560cccb,2026-07-19T04:30:00Z,2026-07-19T06:30:00+0200,39761.39268,MW,DE,DE_LU,actual_load,Actual Load,2026-07-26T13:03:42Z
2026-07-26T12:59:54Z,2026-07-26T14:59:54+0200,adf59793-da45-49b4-9a92-f95cd560cccb,2026-07-19T04:45:00Z,2026-07-19T06:45:00+0200,40041.80998,MW,DE,DE_LU,actual_load,Actual Load,2026-07-26T13:03:42Z
2026-07-26T12:59:54Z,2026-07-26T14:59:54+0200,adf59793-da45-49b4-9a92-f95cd560cccb,2026-07-19T05:00:00Z,2026-07-19T07:00:00+0200,40288.90004,MW,DE,DE_LU,actual_load,Actual Load,2026-07-26T13:03:42Z
2026-07-26T12:59:54Z,2026-07-26T14:59:54+0200,adf59793-da45-49b4-9a92-f95cd560cccb,2026-07-19T05:15:00Z,2026-07-19T07:15:00+0200,40168.54059,MW,DE,DE_LU,actual_load,Actual Load,2026-07-26T13:03:42Z
2026-07-26T12:59:54Z,2026-07-26T14:59:54+0200,adf59793-da45-49b4-9a92-f95cd560cccb,2026-07-19T05:30:00Z,2026-07-19T07:30:00+0200,40737.7954,MW,DE,DE_LU,actual_load,Actual Load,2026-07-26T13:03:42Z
2026-07-26T12:59:54Z,2026-07-26T14:59:54+0200,adf59793-da45-49b4-9a92-f95cd560cccb,2026-07-19T05:45:00Z,2026-07-19T07:45:00+0200,40979.28328,MW,DE,DE_LU,actual_load,Actual Load,2026-07-26T13:03:42Z
2026-07-26T12:59:54Z,2026-07-26T14:59:54+0200,adf59793-da45-49b4-9a92-f95cd560cccb,2026-07-19T06:00:00Z,2026-07-19T08:00:00+0200,40879.58666,MW,DE,DE_LU,actual_load,Actual Load,2026-07-26T13:03:42Z
2026-07-26T12:59:54Z,2026-07-26T14:59:54+0200,adf59793-da45-49b4-9a92-f95cd560cccb,2026-07-19T06:15:00Z,2026-07-19T08:15:00+0200,41994.82849,MW,DE,DE_LU,actual_load,Actual Load,2026-07-26T13:03:42Z
2026-07-26T12:59:54Z,2026-07-26T14:59:54+0200,adf59793-da45-49b4-9a92-f95cd560cccb,2026-07-19T06:30:00Z,2026-07-19T08:30:00+0200,43002.01192,MW,DE,DE_LU,actual_load,Actual Load,2026-07-26T13:03:42Z
2026-07-26T12:59:54Z,2026-07-26T14:59:54+0200,adf59793-da45-49b4-9a92-f95cd560cccb,2026-07-19T06:45:00Z,2026-07-19T08:45:00+0200,43708.94818,MW,DE,DE_LU,actual_load,Actual Load,2026-07-26T13:03:42Z
2026-07-26T12:59:54Z,2026-07-26T14:59:54+0200,adf59793-da45-49b4-9a92-f95cd560cccb,2026-07-19T07:00:00Z,2026-07-19T09:00:00+0200,44101.63132,MW,DE,DE_LU,actual_load,Actual Load,2026-07-26T13:03:42Z
2026-07-26T12:59:54Z,2026-07-26T14:59:54+0200,adf59793-da45-49b4-9a92-f95cd560cccb,2026-07-19T07:15:00Z,2026-07-19T09:15:00+0200,44602.51863,MW,DE,DE_LU,actual_load,Actual Load,2026-07-26T13:03:42Z
2026-07-26T12:59:54Z,2026-07-26T14:59:54+0200,adf59793-da45-49b4-9a92-f95cd560cccb,2026-07-19T07:30:00Z,2026-07-19T09:30:00+0200,44719.29439,MW,DE,DE_LU,actual_load,Actual Load,2026-07-26T13:03:42Z
2026-07-26T12:59:54Z,2026-07-26T14:59:54+0200,adf59793-da45-49b4-9a92-f95cd560cccb,2026-07-19T07:45:00Z,2026-07-19T09:45:00+0200,44989.97093,MW,DE,DE_LU,actual_load,Actual Load,2026-07-26T13:03:42Z
2026-07-26T12:59:54Z,2026-07-26T14:59:54+0200,adf59793-da45-49b4-9a92-f95cd560cccb,2026-07-19T08:00:00Z,2026-07-19T10:00:00+0200,45320.02787,MW,DE,DE_LU,actual_load,Actual Load,2026-07-26T13:03:42Z
2026-07-26T12:59:54Z,2026-07-26T14:59:54+0200,adf59793-da45-49b4-9a92-f95cd560cccb,2026-07-19T08:15:00Z,2026-07-19T10:15:00+0200,46017.24736,MW,DE,DE_LU,actual_load,Actual Load,2026-07-26T13:03:42Z
2026-07-26T12:59:54Z,2026-07-26T14:59:54+0200,adf59793-da45-49b4-9a92-f95cd560cccb,2026-07-19T08:30:00Z,2026-07-19T10:30:00+0200,46370.2437,MW,DE,DE_LU,actual_load,Actual Load,2026-07-26T13:03:42Z
2026-07-26T12:59:54Z,2026-07-26T14:59:54+0200,adf59793-da45-49b4-9a92-f95cd560cccb,2026-07-19T08:45:00Z,2026-07-19T10:45:00+0200,46997.42939,MW,DE,DE_LU,actual_load,Actual Load,2026-07-26T13:03:42Z
2026-07-26T12:59:54Z,2026-07-26T14:59:54+0200,adf59793-da45-49b4-9a92-f95cd560cccb,2026-07-19T09:00:00Z,2026-07-19T11:00:00+0200,46579.08799,MW,DE,DE_LU,actual_load,Actual Load,2026-07-26T13:03:42Z
2026-07-26T12:59:54Z,2026-07-26T14:59:54+0200,adf59793-da45-49b4-9a92-f95cd560cccb,2026-07-19T09:15:00Z,2026-07-19T11:15:00+0200,47509.87157,MW,DE,DE_LU,actual_load,Actual Load,2026-07-26T13:03:42Z
2026-07-26T12:59:54Z,2026-07-26T14:59:54+0200,adf59793-da45-49b4-9a92-f95cd560cccb,2026-07-19T09:30:00Z,2026-07-19T11:30:00+0200,47636.84602,MW,DE,DE_LU,actual_load,Actual Load,2026-07-26T13:03:42Z
2026-07-26T12:59:54Z,2026-07-26T14:59:54+0200,adf59793-da45-49b4-9a92-f95cd560cccb,2026-07-19T09:45:00Z,2026-07-19T11:45:00+0200,47593.42904,MW,DE,DE_LU,actual_load,Actual Load,2026-07-26T13:03:42Z
2026-07-26T12:59:54Z,2026-07-26T14:59:54+0200,adf59793-da45-49b4-9a92-f95cd560cccb,2026-07-19T10:00:00Z,2026-07-19T12:00:00+0200,47471.18084,MW,DE,DE_LU,actual_load,Actual Load,2026-07-26T13:03:42Z
2026-07-26T12:59:54Z,2026-07-26T14:59:54+0200,adf59793-da45-49b4-9a92-f95cd560cccb,2026-07-19T10:15:00Z,2026-07-19T12:15:00+0200,46757.54773,MW,DE,DE_LU,actual_load,Actual Load,2026-07-26T13:03:42Z
2026-07-26T12:59:54Z,2026-07-26T14:59:54+0200,adf59793-da45-49b4-9a92-f95cd560cccb,2026-07-19T10:30:00Z,2026-07-19T12:30:00+0200,45747.08216,MW,DE,DE_LU,actual_load,Actual Load,2026-07-26T13:03:42Z
2026-07-26T12:59:54Z,2026-07-26T14:59:54+0200,adf59793-da45-49b4-9a92-f95cd560cccb,2026-07-19T10:45:00Z,2026-07-19T12:45:00+0200,45781.97295,MW,DE,DE_LU,actual_load,Actual Load,2026-07-26T13:03:42Z
2026-07-26T12:59:54Z,2026-07-26T14:59:54+0200,adf59793-da45-49b4-9a92-f95cd560cccb,2026-07-19T11:00:00Z,2026-07-19T13:00:00+0200,45366.24214,MW,DE,DE_LU,actual_load,Actual Load,2026-07-26T13:03:42Z
2026-07-26T12:59:54Z,2026-07-26T14:59:54+0200,adf59793-da45-49b4-9a92-f95cd560cccb,2026-07-19T11:15:00Z,2026-07-19T13:15:00+0200,44944.69076,MW,DE,DE_LU,actual_load,Actual Load,2026-07-26T13:03:42Z
2026-07-26T12:59:54Z,2026-07-26T14:59:54+0200,adf59793-da45-49b4-9a92-f95cd560cccb,2026-07-19T11:30:00Z,2026-07-19T13:30:00+0200,44399.59427,MW,DE,DE_LU,actual_load,Actual Load,2026-07-26T13:03:42Z
2026-07-26T12:59:54Z,2026-07-26T14:59:54+0200,adf59793-da45-49b4-9a92-f95cd560cccb,2026-07-19T11:45:00Z,2026-07-19T13:45:00+0200,43793.38108,MW,DE,DE_LU,actual_load,Actual Load,2026-07-26T13:03:42Z
2026-07-26T12:59:54Z,2026-07-26T14:59:54+0200,adf59793-da45-49b4-9a92-f95cd560cccb,2026-07-19T12:00:00Z,2026-07-19T14:00:00+0200,42865.42663,MW,DE,DE_LU,actual_load,Actual Load,2026-07-26T13:03:42Z
2026-07-26T12:59:54Z,2026-07-26T14:59:54+0200,adf59793-da45-49b4-9a92-f95cd560cccb,2026-07-19T12:15:00Z,2026-07-19T14:15:00+0200,42960.81256,MW,DE,DE_LU,actual_load,Actual Load,2026-07-26T13:03:42Z
2026-07-26T12:59:54Z,2026-07-26T14:59:54+0200,adf59793-da45-49b4-9a92-f95cd560cccb,2026-07-19T12:30:00Z,2026-07-19T14:30:00+0200,41954.59894,MW,DE,DE_LU,actual_load,Actual Load,2026-07-26T13:03:42Z
2026-07-26T12:59:54Z,2026-07-26T14:59:54+0200,adf59793-da45-49b4-9a92-f95cd560cccb,2026-07-19T12:45:00Z,2026-07-19T14:45:00+0200,41273.2833,MW,DE,DE_LU,actual_load,Actual Load,2026-07-26T13:03:42Z
2026-07-26T12:59:54Z,2026-07-26T14:59:54+0200,adf59793-da45-49b4-9a92-f95cd560cccb,2026-07-19T13:00:00Z,2026-07-19T15:00:00+0200,41891.00215,MW,DE,DE_LU,actual_load,Actual Load,2026-07-26T13:03:42Z
2026-07-26T12:59:54Z,2026-07-26T14:59:54+0200,adf59793-da45-49b4-9a92-f95cd560cccb,2026-07-19T13:15:00Z,2026-07-19T15:15:00+0200,41898.49313,MW,DE,DE_LU,actual_load,Actual Load,2026-07-26T13:03:42Z
2026-07-26T12:59:54Z,2026-07-26T14:59:54+0200,adf59793-da45-49b4-9a92-f95cd560cccb,2026-07-19T13:30:00Z,2026-07-19T15:30:00+0200,41657.70262,MW,DE,DE_LU,actual_load,Actual Load,2026-07-26T13:03:42Z
2026-07-26T12:59:54Z,2026-07-26T14:59:54+0200,adf59793-da45-49b4-9a92-f95cd560cccb,2026-07-19T13:45:00Z,2026-07-19T15:45:00+0200,41901.65908,MW,DE,DE_LU,actual_load,Actual Load,2026-07-26T13:03:42Z
2026-07-26T12:59:54Z,2026-07-26T14:59:54+0200,adf59793-da45-49b4-9a92-f95cd560cccb,2026-07-19T14:00:00Z,2026-07-19T16:00:00+0200,42211.78883,MW,DE,DE_LU,actual_load,Actual Load,2026-07-26T13:03:42Z
2026-07-26T12:59:54Z,2026-07-26T14:59:54+0200,adf59793-da45-49b4-9a92-f95cd560cccb,2026-07-19T14:15:00Z,2026-07-19T16:15:00+0200,42051.35049,MW,DE,DE_LU,actual_load,Actual Load,2026-07-26T13:03:42Z
2026-07-26T12:59:54Z,2026-07-26T14:59:54+0200,adf59793-da45-49b4-9a92-f95cd560cccb,2026-07-19T14:30:00Z,2026-07-19T16:30:00+0200,42466.96127,MW,DE,DE_LU,actual_load,Actual Load,2026-07-26T13:03:42Z
2026-07-26T12:59:54Z,2026-07-26T14:59:54+0200,adf59793-da45-49b4-9a92-f95cd560cccb,2026-07-19T14:45:00Z,2026-07-19T16:45:00+0200,42173.18914,MW,DE,DE_LU,actual_load,Actual Load,2026-07-26T13:03:42Z
2026-07-26T12:59:54Z,2026-07-26T14:59:54+0200,adf59793-da45-49b4-9a92-f95cd560cccb,2026-07-19T15:00:00Z,2026-07-19T17:00:00+0200,42079.79559,MW,DE,DE_LU,actual_load,Actual Load,2026-07-26T13:03:42Z
2026-07-26T12:59:54Z,2026-07-26T14:59:54+0200,adf59793-da45-49b4-9a92-f95cd560cccb,2026-07-19T15:15:00Z,2026-07-19T17:15:00+0200,42994.08447,MW,DE,DE_LU,actual_load,Actual Load,2026-07-26T13:03:42Z
2026-07-26T12:59:54Z,2026-07-26T14:59:54+0200,adf59793-da45-49b4-9a92-f95cd560cccb,2026-07-19T15:30:00Z,2026-07-19T17:30:00+0200,43813.79046,MW,DE,DE_LU,actual_load,Actual Load,2026-07-26T13:03:42Z
2026-07-26T12:59:54Z,2026-07-26T14:59:54+0200,adf59793-da45-49b4-9a92-f95cd560cccb,2026-07-19T15:45:00Z,2026-07-19T17:45:00+0200,43769.37725,MW,DE,DE_LU,actual_load,Actual Load,2026-07-26T13:03:42Z
2026-07-26T12:59:54Z,2026-07-26T14:59:54+0200,adf59793-da45-49b4-9a92-f95cd560cccb,2026-07-19T16:00:00Z,2026-07-19T18:00:00+0200,44356.01521,MW,DE,DE_LU,actual_load,Actual Load,2026-07-26T13:03:42Z
2026-07-26T12:59:54Z,2026-07-26T14:59:54+0200,adf59793-da45-49b4-9a92-f95cd560cccb,2026-07-19T16:15:00Z,2026-07-19T18:15:00+0200,45159.33451,MW,DE,DE_LU,actual_load,Actual Load,2026-07-26T13:03:42Z
2026-07-26T12:59:54Z,2026-07-26T14:59:54+0200,adf59793-da45-49b4-9a92-f95cd560cccb,2026-07-19T16:30:00Z,2026-07-19T18:30:00+0200,45483.3897,MW,DE,DE_LU,actual_load,Actual Load,2026-07-26T13:03:42Z
2026-07-26T12:59:54Z,2026-07-26T14:59:54+0200,adf59793-da45-49b4-9a92-f95cd560cccb,2026-07-19T16:45:00Z,2026-07-19T18:45:00+0200,45069.16111,MW,DE,DE_LU,actual_load,Actual Load,2026-07-26T13:03:42Z
2026-07-26T12:59:54Z,2026-07-26T14:59:54+0200,adf59793-da45-49b4-9a92-f95cd560cccb,2026-07-19T17:00:00Z,2026-07-19T19:00:00+0200,44918.8739,MW,DE,DE_LU,actual_load,Actual Load,2026-07-26T13:03:42Z
2026-07-26T12:59:54Z,2026-07-26T14:59:54+0200,adf59793-da45-49b4-9a92-f95cd560cccb,2026-07-19T17:15:00Z,2026-07-19T19:15:00+0200,44541.61947,MW,DE,DE_LU,actual_load,Actual Load,2026-07-26T13:03:42Z
2026-07-26T12:59:54Z,2026-07-26T14:59:54+0200,adf59793-da45-49b4-9a92-f95cd560cccb,2026-07-19T17:30:00Z,2026-07-19T19:30:00+0200,44494.6932,MW,DE,DE_LU,actual_load,Actual Load,2026-07-26T13:03:42Z
2026-07-26T12:59:54Z,2026-07-26T14:59:54+0200,adf59793-da45-49b4-9a92-f95cd560cccb,2026-07-19T17:45:00Z,2026-07-19T19:45:00+0200,44729.63217,MW,DE,DE_LU,actual_load,Actual Load,2026-07-26T13:03:42Z
2026-07-26T12:59:54Z,2026-07-26T14:59:54+0200,adf59793-da45-49b4-9a92-f95cd560cccb,2026-07-19T18:00:00Z,2026-07-19T20:00:00+0200,45726.5893,MW,DE,DE_LU,actual_load,Actual Load,2026-07-26T13:03:42Z
2026-07-26T12:59:54Z,2026-07-26T14:59:54+0200,adf59793-da45-49b4-9a92-f95cd560cccb,2026-07-19T18:15:00Z,2026-07-19T20:15:00+0200,45114.34251,MW,DE,DE_LU,actual_load,Actual Load,2026-07-26T13:03:42Z
2026-07-26T12:59:54Z,2026-07-26T14:59:54+0200,adf59793-da45-49b4-9a92-f95cd560cccb,2026-07-19T18:30:00Z,2026-07-19T20:30:00+0200,44487.8339,MW,DE,DE_LU,actual_load,Actual Load,2026-07-26T13:03:42Z
2026-07-26T12:59:54Z,2026-07-26T14:59:54+0200,adf59793-da45-49b4-9a92-f95cd560cccb,2026-07-19T18:45:00Z,2026-07-19T20:45:00+0200,43751.76086,MW,DE,DE_LU,actual_load,Actual Load,2026-07-26T13:03:42Z
2026-07-26T12:59:54Z,2026-07-26T14:59:54+0200,adf59793-da45-49b4-9a92-f95cd560cccb,2026-07-19T19:00:00Z,2026-07-19T21:00:00+0200,43754.75344,MW,DE,DE_LU,actual_load,Actual Load,2026-07-26T13:03:42Z
2026-07-26T12:59:54Z,2026-07-26T14:59:54+0200,adf59793-da45-49b4-9a92-f95cd560cccb,2026-07-19T19:15:00Z,2026-07-19T21:15:00+0200,44093.71976,MW,DE,DE_LU,actual_load,Actual Load,2026-07-26T13:03:42Z
2026-07-26T12:59:54Z,2026-07-26T14:59:54+0200,adf59793-da45-49b4-9a92-f95cd560cccb,2026-07-19T19:30:00Z,2026-07-19T21:30:00+0200,44622.1968,MW,DE,DE_LU,actual_load,Actual Load,2026-07-26T13:03:42Z
2026-07-26T12:59:54Z,2026-07-26T14:59:54+0200,adf59793-da45-49b4-9a92-f95cd560cccb,2026-07-19T19:45:00Z,2026-07-19T21:45:00+0200,44498.2893,MW,DE,DE_LU,actual_load,Actual Load,2026-07-26T13:03:42Z
2026-07-26T12:59:54Z,2026-07-26T14:59:54+0200,adf59793-da45-49b4-9a92-f95cd560cccb,2026-07-19T20:00:00Z,2026-07-19T22:00:00+0200,45512.63604,MW,DE,DE_LU,actual_load,Actual Load,2026-07-26T13:03:42Z
2026-07-26T12:59:54Z,2026-07-26T14:59:54+0200,adf59793-da45-49b4-9a92-f95cd560cccb,2026-07-19T20:15:00Z,2026-07-19T22:15:00+0200,45437.20111,MW,DE,DE_LU,actual_load,Actual Load,2026-07-26T13:03:42Z
2026-07-26T12:59:54Z,2026-07-26T14:59:54+0200,adf59793-da45-49b4-9a92-f95cd560cccb,2026-07-19T20:30:00Z,2026-07-19T22:30:00+0200,44739.61011,MW,DE,DE_LU,actual_load,Actual Load,2026-07-26T13:03:42Z
2026-07-26T12:59:54Z,2026-07-26T14:59:54+0200,adf59793-da45-49b4-9a92-f95cd560cccb,2026-07-19T20:45:00Z,2026-07-19T22:45:00+0200,44134.80701,MW,DE,DE_LU,actual_load,Actual Load,2026-07-26T13:03:42Z
2026-07-26T12:59:54Z,2026-07-26T14:59:54+0200,adf59793-da45-49b4-9a92-f95cd560cccb,2026-07-19T21:00:00Z,2026-07-19T23:00:00+0200,42737.81988,MW,DE,DE_LU,actual_load,Actual Load,2026-07-26T13:03:42Z
2026-07-26T12:59:54Z,2026-07-26T14:59:54+0200,adf59793-da45-49b4-9a92-f95cd560cccb,2026-07-19T21:15:00Z,2026-07-19T23:15:00+0200,42610.13477,MW,DE,DE_LU,actual_load,Actual Load,2026-07-26T13:03:42Z
2026-07-26T12:59:54Z,2026-07-26T14:59:54+0200,adf59793-da45-49b4-9a92-f95cd560cccb,2026-07-19T21:30:00Z,2026-07-19T23:30:00+0200,42183.62943,MW,DE,DE_LU,actual_load,Actual Load,2026-07-26T13:03:42Z
2026-07-26T12:59:54Z,2026-07-26T14:59:54+0200,adf59793-da45-49b4-9a92-f95cd560cccb,2026-07-19T21:45:00Z,2026-07-19T23:45:00+0200,41898.52811,MW,DE,DE_LU,actual_load,Actual Load,2026-07-26T13:03:42Z
2026-07-26T12:59:54Z,2026-07-26T14:59:54+0200,adf59793-da45-49b4-9a92-f95cd560cccb,2026-07-19T22:00:00Z,2026-07-20T00:00:00+0200,41040.48638,MW,DE,DE_LU,actual_load,Actual Load,2026-07-26T13:03:42Z
2026-07-26T12:59:54Z,2026-07-26T14:59:54+0200,adf59793-da45-49b4-9a92-f95cd560cccb,2026-07-19T22:15:00Z,2026-07-20T00:15:00+0200,41661.49177,MW,DE,DE_LU,actual_load,Actual Load,2026-07-26T13:03:42Z
2026-07-26T12:59:54Z,2026-07-26T14:59:54+0200,adf59793-da45-49b4-9a92-f95cd560cccb,2026-07-19T22:30:00Z,2026-07-20T00:30:00+0200,41422.65792,MW,DE,DE_LU,actual_load,Actual Load,2026-07-26T13:03:42Z
2026-07-26T12:59:54Z,2026-07-26T14:59:54+0200,adf59793-da45-49b4-9a92-f95cd560cccb,2026-07-19T22:45:00Z,2026-07-20T00:45:00+0200,41214.25796,MW,DE,DE_LU,actual_load,Actual Load,2026-07-26T13:03:42Z
2026-07-26T12:59:54Z,2026-07-26T14:59:54+0200,adf59793-da45-49b4-9a92-f95cd560cccb,2026-07-19T23:00:00Z,2026-07-20T01:00:00+0200,40887.42954,MW,DE,DE_LU,actual_load,Actual Load,2026-07-26T13:03:42Z
2026-07-26T12:59:54Z,2026-07-26T14:59:54+0200,adf59793-da45-49b4-9a92-f95cd560cccb,2026-07-19T23:15:00Z,2026-07-20T01:15:00+0200,40671.97298,MW,DE,DE_LU,actual_load,Actual Load,2026-07-26T13:03:42Z
2026-07-26T12:59:54Z,2026-07-26T14:59:54+0200,adf59793-da45-49b4-9a92-f95cd560cccb,2026-07-19T23:30:00Z,2026-07-20T01:30:00+0200,39988.73785,MW,DE,DE_LU,actual_load,Actual Load,2026-07-26T13:03:42Z
2026-07-26T12:59:54Z,2026-07-26T14:59:54+0200,adf59793-da45-49b4-9a92-f95cd560cccb,2026-07-19T23:45:00Z,2026-07-20T01:45:00+0200,39688.9265,MW,DE,DE_LU,actual_load,Actual Load,2026-07-26T13:03:42Z
2026-07-26T12:59:54Z,2026-07-26T14:59:54+0200,adf59793-da45-49b4-9a92-f95cd560cccb,2026-07-20T00:00:00Z,2026-07-20T02:00:00+0200,38946.9192,MW,DE,DE_LU,actual_load,Actual Load,2026-07-26T13:03:42Z
2026-07-26T12:59:54Z,2026-07-26T14:59:54+0200,adf59793-da45-49b4-9a92-f95cd560cccb,2026-07-20T00:15:00Z,2026-07-20T02:15:00+0200,38842.37055,MW,DE,DE_LU,actual_load,Actual Load,2026-07-26T13:03:42Z
2026-07-26T12:59:54Z,2026-07-26T14:59:54+0200,adf59793-da45-49b4-9a92-f95cd560cccb,2026-07-20T00:30:00Z,2026-07-20T02:30:00+0200,39366.26007,MW,DE,DE_LU,actual_load,Actual Load,2026-07-26T13:03:42Z
2026-07-26T12:59:54Z,2026-07-26T14:59:54+0200,adf59793-da45-49b4-9a92-f95cd560cccb,2026-07-20T00:45:00Z,2026-07-20T02:45:00+0200,39335.92372,MW,DE,DE_LU,actual_load,Actual Load,2026-07-26T13:03:42Z
2026-07-26T12:59:54Z,2026-07-26T14:59:54+0200,adf59793-da45-49b4-9a92-f95cd560cccb,2026-07-20T01:00:00Z,2026-07-20T03:00:00+0200,39748.5134,MW,DE,DE_LU,actual_load,Actual Load,2026-07-26T13:03:42Z
2026-07-26T12:59:54Z,2026-07-26T14:59:54+0200,adf59793-da45-49b4-9a92-f95cd560cccb,2026-07-20T01:15:00Z,2026-07-20T03:15:00+0200,39622.38052,MW,DE,DE_LU,actual_load,Actual Load,2026-07-26T13:03:42Z
2026-07-26T12:59:54Z,2026-07-26T14:59:54+0200,adf59793-da45-49b4-9a92-f95cd560cccb,2026-07-20T01:30:00Z,2026-07-20T03:30:00+0200,39571.98374,MW,DE,DE_LU,actual_load,Actual Load,2026-07-26T13:03:42Z
2026-07-26T12:59:54Z,2026-07-26T14:59:54+0200,adf59793-da45-49b4-9a92-f95cd560cccb,2026-07-20T01:45:00Z,2026-07-20T03:45:00+0200,39460.58866,MW,DE,DE_LU,actual_load,Actual Load,2026-07-26T13:03:42Z
2026-07-26T12:59:54Z,2026-07-26T14:59:54+0200,adf59793-da45-49b4-9a92-f95cd560cccb,2026-07-20T02:00:00Z,2026-07-20T04:00:00+0200,39812.38736,MW,DE,DE_LU,actual_load,Actual Load,2026-07-26T13:03:42Z
2026-07-26T12:59:54Z,2026-07-26T14:59:54+0200,adf59793-da45-49b4-9a92-f95cd560cccb,2026-07-20T02:15:00Z,2026-07-20T04:15:00+0200,40398.82769,MW,DE,DE_LU,actual_load,Actual Load,2026-07-26T13:03:42Z
2026-07-26T12:59:54Z,2026-07-26T14:59:54+0200,adf59793-da45-49b4-9a92-f95cd560cccb,2026-07-20T02:30:00Z,2026-07-20T04:30:00+0200,41321.97659,MW,DE,DE_LU,actual_load,Actual Load,2026-07-26T13:03:42Z
2026-07-26T12:59:54Z,2026-07-26T14:59:54+0200,adf59793-da45-49b4-9a92-f95cd560cccb,2026-07-20T02:45:00Z,2026-07-20T04:45:00+0200,41345.76674,MW,DE,DE_LU,actual_load,Actual Load,2026-07-26T13:03:42Z
2026-07-26T12:59:54Z,2026-07-26T14:59:54+0200,adf59793-da45-49b4-9a92-f95cd560cccb,2026-07-20T03:00:00Z,2026-07-20T05:00:00+0200,41991.91238,MW,DE,DE_LU,actual_load,Actual Load,2026-07-26T13:03:42Z
2026-07-26T12:59:54Z,2026-07-26T14:59:54+0200,adf59793-da45-49b4-9a92-f95cd560cccb,2026-07-20T03:15:00Z,2026-07-20T05:15:00+0200,42884.50353,MW,DE,DE_LU,actual_load,Actual Load,2026-07-26T13:03:42Z
2026-07-26T12:59:54Z,2026-07-26T14:59:54+0200,adf59793-da45-49b4-9a92-f95cd560cccb,2026-07-20T03:30:00Z,2026-07-20T05:30:00+0200,44002.82795,MW,DE,DE_LU,actual_load,Actual Load,2026-07-26T13:03:42Z
2026-07-26T12:59:54Z,2026-07-26T14:59:54+0200,adf59793-da45-49b4-9a92-f95cd560cccb,2026-07-20T03:45:00Z,2026-07-20T05:45:00+0200,45098.24703,MW,DE,DE_LU,actual_load,Actual Load,2026-07-26T13:03:42Z
2026-07-26T12:59:54Z,2026-07-26T14:59:54+0200,adf59793-da45-49b4-9a92-f95cd560cccb,2026-07-20T04:00:00Z,2026-07-20T06:00:00+0200,47225.09457,MW,DE,DE_LU,actual_load,Actual Load,2026-07-26T13:03:42Z
2026-07-26T12:59:54Z,2026-07-26T14:59:54+0200,adf59793-da45-49b4-9a92-f95cd560cccb,2026-07-20T04:15:00Z,2026-07-20T06:15:00+0200,48712.75153,MW,DE,DE_LU,actual_load,Actual Load,2026-07-26T13:03:42Z
2026-07-26T12:59:54Z,2026-07-26T14:59:54+0200,adf59793-da45-49b4-9a92-f95cd560cccb,2026-07-20T04:30:00Z,2026-07-20T06:30:00+0200,50478.89591,MW,DE,DE_LU,actual_load,Actual Load,2026-07-26T13:03:42Z
2026-07-26T12:59:54Z,2026-07-26T14:59:54+0200,adf59793-da45-49b4-9a92-f95cd560cccb,2026-07-20T04:45:00Z,2026-07-20T06:45:00+0200,51621.94707,MW,DE,DE_LU,actual_load,Actual Load,2026-07-26T13:03:42Z
2026-07-26T12:59:54Z,2026-07-26T14:59:54+0200,adf59793-da45-49b4-9a92-f95cd560cccb,2026-07-20T05:00:00Z,2026-07-20T07:00:00+0200,52590.52091,MW,DE,DE_LU,actual_load,Actual Load,2026-07-26T13:03:42Z
2026-07-26T12:59:54Z,2026-07-26T14:59:54+0200,adf59793-da45-49b4-9a92-f95cd560cccb,2026-07-20T05:15:00Z,2026-07-20T07:15:00+0200,54013.27314,MW,DE,DE_LU,actual_load,Actual Load,2026-07-26T13:03:42Z
2026-07-26T12:59:54Z,2026-07-26T14:59:54+0200,adf59793-da45-49b4-9a92-f95cd560cccb,2026-07-20T05:30:00Z,2026-07-20T07:30:00+0200,55206.63109,MW,DE,DE_LU,actual_load,Actual Load,2026-07-26T13:03:42Z
2026-07-26T12:59:54Z,2026-07-26T14:59:54+0200,adf59793-da45-49b4-9a92-f95cd560cccb,2026-07-20T05:45:00Z,2026-07-20T07:45:00+0200,56581.80322,MW,DE,DE_LU,actual_load,Actual Load,2026-07-26T13:03:42Z
2026-07-26T12:59:54Z,2026-07-26T14:59:54+0200,adf59793-da45-49b4-9a92-f95cd560cccb,2026-07-20T06:00:00Z,2026-07-20T08:00:00+0200,56918.1613,MW,DE,DE_LU,actual_load,Actual Load,2026-07-26T13:03:42Z
2026-07-26T12:59:54Z,2026-07-26T14:59:54+0200,adf59793-da45-49b4-9a92-f95cd560cccb,2026-07-20T06:15:00Z,2026-07-20T08:15:00+0200,58502.83394,MW,DE,DE_LU,actual_load,Actual Load,2026-07-26T13:03:42Z
2026-07-26T12:59:54Z,2026-07-26T14:59:54+0200,adf59793-da45-49b4-9a92-f95cd560cccb,2026-07-20T06:30:00Z,2026-07-20T08:30:00+0200,59319.1054,MW,DE,DE_LU,actual_load,Actual Load,2026-07-26T13:03:42Z
2026-07-26T12:59:54Z,2026-07-26T14:59:54+0200,adf59793-da45-49b4-9a92-f95cd560cccb,2026-07-20T06:45:00Z,2026-07-20T08:45:00+0200,59277.47222,MW,DE,DE_LU,actual_load,Actual Load,2026-07-26T13:03:42Z
2026-07-26T12:59:54Z,2026-07-26T14:59:54+0200,adf59793-da45-49b4-9a92-f95cd560cccb,2026-07-20T07:00:00Z,2026-07-20T09:00:00+0200,59244.51378,MW,DE,DE_LU,actual_load,Actual Load,2026-07-26T13:03:42Z
2026-07-26T12:59:54Z,2026-07-26T14:59:54+0200,adf59793-da45-49b4-9a92-f95cd560cccb,2026-07-20T07:15:00Z,2026-07-20T09:15:00+0200,60077.96856,MW,DE,DE_LU,actual_load,Actual Load,2026-07-26T13:03:42Z
2026-07-26T12:59:54Z,2026-07-26T14:59:54+0200,adf59793-da45-49b4-9a92-f95cd560cccb,2026-07-20T07:30:00Z,2026-07-20T09:30:00+0200,60507.75191,MW,DE,DE_LU,actual_load,Actual Load,2026-07-26T13:03:42Z
2026-07-26T12:59:54Z,2026-07-26T14:59:54+0200,adf59793-da45-49b4-9a92-f95cd560cccb,2026-07-20T07:45:00Z,2026-07-20T09:45:00+0200,60195.55318,MW,DE,DE_LU,actual_load,Actual Load,2026-07-26T13:03:42Z
2026-07-26T12:59:54Z,2026-07-26T14:59:54+0200,adf59793-da45-49b4-9a92-f95cd560cccb,2026-07-20T08:00:00Z,2026-07-20T10:00:00+0200,60072.70693,MW,DE,DE_LU,actual_load,Actual Load,2026-07-26T13:03:42Z
2026-07-26T12:59:54Z,2026-07-26T14:59:54+0200,adf59793-da45-49b4-9a92-f95cd560cccb,2026-07-20T08:15:00Z,2026-07-20T10:15:00+0200,59718.57098,MW,DE,DE_LU,actual_load,Actual Load,2026-07-26T13:03:42Z
2026-07-26T12:59:54Z,2026-07-26T14:59:54+0200,adf59793-da45-49b4-9a92-f95cd560cccb,2026-07-20T08:30:00Z,2026-07-20T10:30:00+0200,59147.07419,MW,DE,DE_LU,actual_load,Actual Load,2026-07-26T13:03:42Z
2026-07-26T12:59:54Z,2026-07-26T14:59:54+0200,adf59793-da45-49b4-9a92-f95cd560cccb,2026-07-20T08:45:00Z,2026-07-20T10:45:00+0200,59483.04909,MW,DE,DE_LU,actual_load,Actual Load,2026-07-26T13:03:42Z
2026-07-26T12:59:54Z,2026-07-26T14:59:54+0200,adf59793-da45-49b4-9a92-f95cd560cccb,2026-07-20T09:00:00Z,2026-07-20T11:00:00+0200,59419.42864,MW,DE,DE_LU,actual_load,Actual Load,2026-07-26T13:03:42Z
2026-07-26T12:59:54Z,2026-07-26T14:59:54+0200,adf59793-da45-49b4-9a92-f95cd560cccb,2026-07-20T09:15:00Z,2026-07-20T11:15:00+0200,59495.40103,MW,DE,DE_LU,actual_load,Actual Load,2026-07-26T13:03:42Z
2026-07-26T12:59:54Z,2026-07-26T14:59:54+0200,adf59793-da45-49b4-9a92-f95cd560cccb,2026-07-20T09:30:00Z,2026-07-20T11:30:00+0200,59759.90052,MW,DE,DE_LU,actual_load,Actual Load,2026-07-26T13:03:42Z
2026-07-26T12:59:54Z,2026-07-26T14:59:54+0200,adf59793-da45-49b4-9a92-f95cd560cccb,2026-07-20T09:45:00Z,2026-07-20T11:45:00+0200,59718.71927,MW,DE,DE_LU,actual_load,Actual Load,2026-07-26T13:03:42Z
2026-07-26T12:59:54Z,2026-07-26T14:59:54+0200,adf59793-da45-49b4-9a92-f95cd560cccb,2026-07-20T10:00:00Z,2026-07-20T12:00:00+0200,58525.41731,MW,DE,DE_LU,actual_load,Actual Load,2026-07-26T13:03:42Z
2026-07-26T12:59:54Z,2026-07-26T14:59:54+0200,adf59793-da45-49b4-9a92-f95cd560cccb,2026-07-20T10:15:00Z,2026-07-20T12:15:00+0200,58090.43152,MW,DE,DE_LU,actual_load,Actual Load,2026-07-26T13:03:42Z
2026-07-26T12:59:54Z,2026-07-26T14:59:54+0200,adf59793-da45-49b4-9a92-f95cd560cccb,2026-07-20T10:30:00Z,2026-07-20T12:30:00+0200,57560.32197,MW,DE,DE_LU,actual_load,Actual Load,2026-07-26T13:03:42Z
2026-07-26T12:59:54Z,2026-07-26T14:59:54+0200,adf59793-da45-49b4-9a92-f95cd560cccb,2026-07-20T10:45:00Z,2026-07-20T12:45:00+0200,57278.05097,MW,DE,DE_LU,actual_load,Actual Load,2026-07-26T13:03:42Z
2026-07-26T12:59:54Z,2026-07-26T14:59:54+0200,adf59793-da45-49b4-9a92-f95cd560cccb,2026-07-20T11:00:00Z,2026-07-20T13:00:00+0200,58258.32388,MW,DE,DE_LU,actual_load,Actual Load,2026-07-26T13:03:42Z
2026-07-26T12:59:54Z,2026-07-26T14:59:54+0200,adf59793-da45-49b4-9a92-f95cd560cccb,2026-07-20T11:15:00Z,2026-07-20T13:15:00+0200,58628.53756,MW,DE,DE_LU,actual_load,Actual Load,2026-07-26T13:03:42Z
2026-07-26T12:59:54Z,2026-07-26T14:59:54+0200,adf59793-da45-49b4-9a92-f95cd560cccb,2026-07-20T11:30:00Z,2026-07-20T13:30:00+0200,57006.13812,MW,DE,DE_LU,actual_load,Actual Load,2026-07-26T13:03:42Z
2026-07-26T12:59:54Z,2026-07-26T14:59:54+0200,adf59793-da45-49b4-9a92-f95cd560cccb,2026-07-20T11:45:00Z,2026-07-20T13:45:00+0200,57278.11566,MW,DE,DE_LU,actual_load,Actual Load,2026-07-26T13:03:42Z
2026-07-26T12:59:54Z,2026-07-26T14:59:54+0200,adf59793-da45-49b4-9a92-f95cd560cccb,2026-07-20T12:00:00Z,2026-07-20T14:00:00+0200,57304.99594,MW,DE,DE_LU,actual_load,Actual Load,2026-07-26T13:03:42Z
2026-07-26T12:59:54Z,2026-07-26T14:59:54+0200,adf59793-da45-49b4-9a92-f95cd560cccb,2026-07-20T12:15:00Z,2026-07-20T14:15:00+0200,57132.73846,MW,DE,DE_LU,actual_load,Actual Load,2026-07-26T13:03:42Z
2026-07-26T12:59:54Z,2026-07-26T14:59:54+0200,adf59793-da45-49b4-9a92-f95cd560cccb,2026-07-20T12:30:00Z,2026-07-20T14:30:00+0200,55883.18381,MW,DE,DE_LU,actual_load,Actual Load,2026-07-26T13:03:42Z
2026-07-26T12:59:54Z,2026-07-26T14:59:54+0200,adf59793-da45-49b4-9a92-f95cd560cccb,2026-07-20T12:45:00Z,2026-07-20T14:45:00+0200,55704.00048,MW,DE,DE_LU,actual_load,Actual Load,2026-07-26T13:03:42Z
2026-07-26T12:59:54Z,2026-07-26T14:59:54+0200,adf59793-da45-49b4-9a92-f95cd560cccb,2026-07-20T13:00:00Z,2026-07-20T15:00:00+0200,56601.55684,MW,DE,DE_LU,actual_load,Actual Load,2026-07-26T13:03:42Z
2026-07-26T12:59:54Z,2026-07-26T14:59:54+0200,adf59793-da45-49b4-9a92-f95cd560cccb,2026-07-20T13:15:00Z,2026-07-20T15:15:00+0200,56056.73371,MW,DE,DE_LU,actual_load,Actual Load,2026-07-26T13:03:42Z
2026-07-26T12:59:54Z,2026-07-26T14:59:54+0200,adf59793-da45-49b4-9a92-f95cd560cccb,2026-07-20T13:30:00Z,2026-07-20T15:30:00+0200,55336.93603,MW,DE,DE_LU,actual_load,Actual Load,2026-07-26T13:03:42Z
2026-07-26T12:59:54Z,2026-07-26T14:59:54+0200,adf59793-da45-49b4-9a92-f95cd560cccb,2026-07-20T13:45:00Z,2026-07-20T15:45:00+0200,54549.44925,MW,DE,DE_LU,actual_load,Actual Load,2026-07-26T13:03:42Z
2026-07-26T12:59:54Z,2026-07-26T14:59:54+0200,adf59793-da45-49b4-9a92-f95cd560cccb,2026-07-20T14:00:00Z,2026-07-20T16:00:00+0200,54956.21022,MW,DE,DE_LU,actual_load,Actual Load,2026-07-26T13:03:42Z
2026-07-26T12:59:54Z,2026-07-26T14:59:54+0200,adf59793-da45-49b4-9a92-f95cd560cccb,2026-07-20T14:15:00Z,2026-07-20T16:15:00+0200,54718.99608,MW,DE,DE_LU,actual_load,Actual Load,2026-07-26T13:03:42Z
2026-07-26T12:59:54Z,2026-07-26T14:59:54+0200,adf59793-da45-49b4-9a92-f95cd560cccb,2026-07-20T14:30:00Z,2026-07-20T16:30:00+0200,54075.09925,MW,DE,DE_LU,actual_load,Actual Load,2026-07-26T13:03:42Z
2026-07-26T12:59:54Z,2026-07-26T14:59:54+0200,adf59793-da45-49b4-9a92-f95cd560cccb,2026-07-20T14:45:00Z,2026-07-20T16:45:00+0200,54610.39216,MW,DE,DE_LU,actual_load,Actual Load,2026-07-26T13:03:42Z
2026-07-26T12:59:54Z,2026-07-26T14:59:54+0200,adf59793-da45-49b4-9a92-f95cd560cccb,2026-07-20T15:00:00Z,2026-07-20T17:00:00+0200,54278.8203,MW,DE,DE_LU,actual_load,Actual Load,2026-07-26T13:03:42Z
2026-07-26T12:59:54Z,2026-07-26T14:59:54+0200,adf59793-da45-49b4-9a92-f95cd560cccb,2026-07-20T15:15:00Z,2026-07-20T17:15:00+0200,54192.71259,MW,DE,DE_LU,actual_load,Actual Load,2026-07-26T13:03:42Z
2026-07-26T12:59:54Z,2026-07-26T14:59:54+0200,adf59793-da45-49b4-9a92-f95cd560cccb,2026-07-20T15:30:00Z,2026-07-20T17:30:00+0200,54522.84047,MW,DE,DE_LU,actual_load,Actual Load,2026-07-26T13:03:42Z
2026-07-26T12:59:54Z,2026-07-26T14:59:54+0200,adf59793-da45-49b4-9a92-f95cd560cccb,2026-07-20T15:45:00Z,2026-07-20T17:45:00+0200,54365.59414,MW,DE,DE_LU,actual_load,Actual Load,2026-07-26T13:03:42Z
2026-07-26T12:59:54Z,2026-07-26T14:59:54+0200,adf59793-da45-49b4-9a92-f95cd560cccb,2026-07-20T16:00:00Z,2026-07-20T18:00:00+0200,54231.51704,MW,DE,DE_LU,actual_load,Actual Load,2026-07-26T13:03:42Z
2026-07-26T12:59:54Z,2026-07-26T14:59:54+0200,adf59793-da45-49b4-9a92-f95cd560cccb,2026-07-20T16:15:00Z,2026-07-20T18:15:00+0200,54487.72915,MW,DE,DE_LU,actual_load,Actual Load,2026-07-26T13:03:42Z
2026-07-26T12:59:54Z,2026-07-26T14:59:54+0200,adf59793-da45-49b4-9a92-f95cd560cccb,2026-07-20T16:30:00Z,2026-07-20T18:30:00+0200,55307.44385,MW,DE,DE_LU,actual_load,Actual Load,2026-07-26T13:03:42Z
2026-07-26T12:59:54Z,2026-07-26T14:59:54+0200,adf59793-da45-49b4-9a92-f95cd560cccb,2026-07-20T16:45:00Z,2026-07-20T18:45:00+0200,55768.6348,MW,DE,DE_LU,actual_load,Actual Load,2026-07-26T13:03:42Z
2026-07-26T12:59:54Z,2026-07-26T14:59:54+0200,adf59793-da45-49b4-9a92-f95cd560cccb,2026-07-20T17:00:00Z,2026-07-20T19:00:00+0200,56103.68133,MW,DE,DE_LU,actual_load,Actual Load,2026-07-26T13:03:42Z
2026-07-26T12:59:54Z,2026-07-26T14:59:54+0200,adf59793-da45-49b4-9a92-f95cd560cccb,2026-07-20T17:15:00Z,2026-07-20T19:15:00+0200,55881.24891,MW,DE,DE_LU,actual_load,Actual Load,2026-07-26T13:03:42Z
2026-07-26T12:59:54Z,2026-07-26T14:59:54+0200,adf59793-da45-49b4-9a92-f95cd560cccb,2026-07-20T17:30:00Z,2026-07-20T19:30:00+0200,56152.69012,MW,DE,DE_LU,actual_load,Actual Load,2026-07-26T13:03:42Z
2026-07-26T12:59:54Z,2026-07-26T14:59:54+0200,adf59793-da45-49b4-9a92-f95cd560cccb,2026-07-20T17:45:00Z,2026-07-20T19:45:00+0200,55538.81502,MW,DE,DE_LU,actual_load,Actual Load,2026-07-26T13:03:42Z
2026-07-26T12:59:54Z,2026-07-26T14:59:54+0200,adf59793-da45-49b4-9a92-f95cd560cccb,2026-07-20T18:00:00Z,2026-07-20T20:00:00+0200,55650.04124,MW,DE,DE_LU,actual_load,Actual Load,2026-07-26T13:03:42Z
2026-07-26T12:59:54Z,2026-07-26T14:59:54+0200,adf59793-da45-49b4-9a92-f95cd560cccb,2026-07-20T18:15:00Z,2026-07-20T20:15:00+0200,55065.63562,MW,DE,DE_LU,actual_load,Actual Load,2026-07-26T13:03:42Z
2026-07-26T12:59:54Z,2026-07-26T14:59:54+0200,adf59793-da45-49b4-9a92-f95cd560cccb,2026-07-20T18:30:00Z,2026-07-20T20:30:00+0200,54395.78819,MW,DE,DE_LU,actual_load,Actual Load,2026-07-26T13:03:42Z
2026-07-26T12:59:54Z,2026-07-26T14:59:54+0200,adf59793-da45-49b4-9a92-f95cd560cccb,2026-07-20T18:45:00Z,2026-07-20T20:45:00+0200,53866.80984,MW,DE,DE_LU,actual_load,Actual Load,2026-07-26T13:03:42Z
2026-07-26T12:59:54Z,2026-07-26T14:59:54+0200,adf59793-da45-49b4-9a92-f95cd560cccb,2026-07-20T19:00:00Z,2026-07-20T21:00:00+0200,53325.14902,MW,DE,DE_LU,actual_load,Actual Load,2026-07-26T13:03:42Z
2026-07-26T12:59:54Z,2026-07-26T14:59:54+0200,adf59793-da45-49b4-9a92-f95cd560cccb,2026-07-20T19:15:00Z,2026-07-20T21:15:00+0200,52773.42908,MW,DE,DE_LU,actual_load,Actual Load,2026-07-26T13:03:42Z
2026-07-26T12:59:54Z,2026-07-26T14:59:54+0200,adf59793-da45-49b4-9a92-f95cd560cccb,2026-07-20T19:30:00Z,2026-07-20T21:30:00+0200,52466.46223,MW,DE,DE_LU,actual_load,Actual Load,2026-07-26T13:03:42Z
2026-07-26T12:59:54Z,2026-07-26T14:59:54+0200,adf59793-da45-49b4-9a92-f95cd560cccb,2026-07-20T19:45:00Z,2026-07-20T21:45:00+0200,52527.52337,MW,DE,DE_LU,actual_load,Actual Load,2026-07-26T13:03:42Z
2026-07-26T12:59:54Z,2026-07-26T14:59:54+0200,adf59793-da45-49b4-9a92-f95cd560cccb,2026-07-20T20:00:00Z,2026-07-20T22:00:00+0200,52031.31992,MW,DE,DE_LU,actual_load,Actual Load,2026-07-26T13:03:42Z
2026-07-26T12:59:54Z,2026-07-26T14:59:54+0200,adf59793-da45-49b4-9a92-f95cd560cccb,2026-07-20T20:15:00Z,2026-07-20T22:15:00+0200,51410.14096,MW,DE,DE_LU,actual_load,Actual Load,2026-07-26T13:03:42Z
2026-07-26T12:59:54Z,2026-07-26T14:59:54+0200,adf59793-da45-49b4-9a92-f95cd560cccb,2026-07-20T20:30:00Z,2026-07-20T22:30:00+0200,50303.58947,MW,DE,DE_LU,actual_load,Actual Load,2026-07-26T13:03:42Z
2026-07-26T12:59:54Z,2026-07-26T14:59:54+0200,adf59793-da45-49b4-9a92-f95cd560cccb,2026-07-20T20:45:00Z,2026-07-20T22:45:00+0200,49769.41827,MW,DE,DE_LU,actual_load,Actual Load,2026-07-26T13:03:42Z
2026-07-26T12:59:54Z,2026-07-26T14:59:54+0200,adf59793-da45-49b4-9a92-f95cd560cccb,2026-07-20T21:00:00Z,2026-07-20T23:00:00+0200,48542.2529,MW,DE,DE_LU,actual_load,Actual Load,2026-07-26T13:03:42Z
2026-07-26T12:59:54Z,2026-07-26T14:59:54+0200,adf59793-da45-49b4-9a92-f95cd560cccb,2026-07-20T21:15:00Z,2026-07-20T23:15:00+0200,48762.52917,MW,DE,DE_LU,actual_load,Actual Load,2026-07-26T13:03:42Z
2026-07-26T12:59:54Z,2026-07-26T14:59:54+0200,adf59793-da45-49b4-9a92-f95cd560cccb,2026-07-20T21:30:00Z,2026-07-20T23:30:00+0200,47894.19412,MW,DE,DE_LU,actual_load,Actual Load,2026-07-26T13:03:42Z
2026-07-26T12:59:54Z,2026-07-26T14:59:54+0200,adf59793-da45-49b4-9a92-f95cd560cccb,2026-07-20T21:45:00Z,2026-07-20T23:45:00+0200,47237.05415,MW,DE,DE_LU,actual_load,Actual Load,2026-07-26T13:03:42Z
2026-07-26T12:59:54Z,2026-07-26T14:59:54+0200,adf59793-da45-49b4-9a92-f95cd560cccb,2026-07-20T22:00:00Z,2026-07-21T00:00:00+0200,46038.60904,MW,DE,DE_LU,actual_load,Actual Load,2026-07-26T13:03:42Z
2026-07-26T12:59:54Z,2026-07-26T14:59:54+0200,adf59793-da45-49b4-9a92-f95cd560cccb,2026-07-20T22:15:00Z,2026-07-21T00:15:00+0200,45746.95764,MW,DE,DE_LU,actual_load,Actual Load,2026-07-26T13:03:42Z
2026-07-26T12:59:54Z,2026-07-26T14:59:54+0200,adf59793-da45-49b4-9a92-f95cd560cccb,2026-07-20T22:30:00Z,2026-07-21T00:30:00+0200,45410.70218,MW,DE,DE_LU,actual_load,Actual Load,2026-07-26T13:03:42Z
2026-07-26T12:59:54Z,2026-07-26T14:59:54+0200,adf59793-da45-49b4-9a92-f95cd560cccb,2026-07-20T22:45:00Z,2026-07-21T00:45:00+0200,45138.90438,MW,DE,DE_LU,actual_load,Actual Load,2026-07-26T13:03:42Z
2026-07-26T12:59:54Z,2026-07-26T14:59:54+0200,adf59793-da45-49b4-9a92-f95cd560cccb,2026-07-20T23:00:00Z,2026-07-21T01:00:00+0200,44614.1353,MW,DE,DE_LU,actual_load,Actual Load,2026-07-26T13:03:42Z
2026-07-26T12:59:54Z,2026-07-26T14:59:54+0200,adf59793-da45-49b4-9a92-f95cd560cccb,2026-07-20T23:15:00Z,2026-07-21T01:15:00+0200,44328.19209,MW,DE,DE_LU,actual_load,Actual Load,2026-07-26T13:03:42Z
2026-07-26T12:59:54Z,2026-07-26T14:59:54+0200,adf59793-da45-49b4-9a92-f95cd560cccb,2026-07-20T23:30:00Z,2026-07-21T01:30:00+0200,44001.97259,MW,DE,DE_LU,actual_load,Actual Load,2026-07-26T13:03:42Z
2026-07-26T12:59:54Z,2026-07-26T14:59:54+0200,adf59793-da45-49b4-9a92-f95cd560cccb,2026-07-20T23:45:00Z,2026-07-21T01:45:00+0200,43688.77819,MW,DE,DE_LU,actual_load,Actual Load,2026-07-26T13:03:42Z
2026-07-26T12:59:54Z,2026-07-26T14:59:54+0200,adf59793-da45-49b4-9a92-f95cd560cccb,2026-07-21T00:00:00Z,2026-07-21T02:00:00+0200,43505.10061,MW,DE,DE_LU,actual_load,Actual Load,2026-07-26T13:03:42Z
2026-07-26T12:59:54Z,2026-07-26T14:59:54+0200,adf59793-da45-49b4-9a92-f95cd560cccb,2026-07-21T00:15:00Z,2026-07-21T02:15:00+0200,43257.21771,MW,DE,DE_LU,actual_load,Actual Load,2026-07-26T13:03:42Z
2026-07-26T12:59:54Z,2026-07-26T14:59:54+0200,adf59793-da45-49b4-9a92-f95cd560cccb,2026-07-21T00:30:00Z,2026-07-21T02:30:00+0200,43353.90443,MW,DE,DE_LU,actual_load,Actual Load,2026-07-26T13:03:42Z
2026-07-26T12:59:54Z,2026-07-26T14:59:54+0200,adf59793-da45-49b4-9a92-f95cd560cccb,2026-07-21T00:45:00Z,2026-07-21T02:45:00+0200,43233.25475,MW,DE,DE_LU,actual_load,Actual Load,2026-07-26T13:03:42Z
2026-07-26T12:59:54Z,2026-07-26T14:59:54+0200,adf59793-da45-49b4-9a92-f95cd560cccb,2026-07-21T01:00:00Z,2026-07-21T03:00:00+0200,43240.49199,MW,DE,DE_LU,actual_load,Actual Load,2026-07-26T13:03:42Z
2026-07-26T12:59:54Z,2026-07-26T14:59:54+0200,adf59793-da45-49b4-9a92-f95cd560cccb,2026-07-21T01:15:00Z,2026-07-21T03:15:00+0200,43438.60692,MW,DE,DE_LU,actual_load,Actual Load,2026-07-26T13:03:42Z
2026-07-26T12:59:54Z,2026-07-26T14:59:54+0200,adf59793-da45-49b4-9a92-f95cd560cccb,2026-07-21T01:30:00Z,2026-07-21T03:30:00+0200,43439.19848,MW,DE,DE_LU,actual_load,Actual Load,2026-07-26T13:03:42Z
2026-07-26T12:59:54Z,2026-07-26T14:59:54+0200,adf59793-da45-49b4-9a92-f95cd560cccb,2026-07-21T01:45:00Z,2026-07-21T03:45:00+0200,43551.39016,MW,DE,DE_LU,actual_load,Actual Load,2026-07-26T13:03:42Z
2026-07-26T12:59:54Z,2026-07-26T14:59:54+0200,adf59793-da45-49b4-9a92-f95cd560cccb,2026-07-21T02:00:00Z,2026-07-21T04:00:00+0200,44001.41276,MW,DE,DE_LU,actual_load,Actual Load,2026-07-26T13:03:42Z
2026-07-26T12:59:54Z,2026-07-26T14:59:54+0200,adf59793-da45-49b4-9a92-f95cd560cccb,2026-07-21T02:15:00Z,2026-07-21T04:15:00+0200,44239.6011,MW,DE,DE_LU,actual_load,Actual Load,2026-07-26T13:03:42Z
2026-07-26T12:59:54Z,2026-07-26T14:59:54+0200,adf59793-da45-49b4-9a92-f95cd560cccb,2026-07-21T02:30:00Z,2026-07-21T04:30:00+0200,44636.92666,MW,DE,DE_LU,actual_load,Actual Load,2026-07-26T13:03:42Z
2026-07-26T12:59:54Z,2026-07-26T14:59:54+0200,adf59793-da45-49b4-9a92-f95cd560cccb,2026-07-21T02:45:00Z,2026-07-21T04:45:00+0200,45156.57176,MW,DE,DE_LU,actual_load,Actual Load,2026-07-26T13:03:42Z
2026-07-26T12:59:54Z,2026-07-26T14:59:54+0200,adf59793-da45-49b4-9a92-f95cd560cccb,2026-07-21T03:00:00Z,2026-07-21T05:00:00+0200,46393.17921,MW,DE,DE_LU,actual_load,Actual Load,2026-07-26T13:03:42Z
2026-07-26T12:59:54Z,2026-07-26T14:59:54+0200,adf59793-da45-49b4-9a92-f95cd560cccb,2026-07-21T03:15:00Z,2026-07-21T05:15:00+0200,46656.69992,MW,DE,DE_LU,actual_load,Actual Load,2026-07-26T13:03:42Z
2026-07-26T12:59:54Z,2026-07-26T14:59:54+0200,adf59793-da45-49b4-9a92-f95cd560cccb,2026-07-21T03:30:00Z,2026-07-21T05:30:00+0200,47156.51552,MW,DE,DE_LU,actual_load,Actual Load,2026-07-26T13:03:42Z
2026-07-26T12:59:54Z,2026-07-26T14:59:54+0200,adf59793-da45-49b4-9a92-f95cd560cccb,2026-07-21T03:45:00Z,2026-07-21T05:45:00+0200,48407.48516,MW,DE,DE_LU,actual_load,Actual Load,2026-07-26T13:03:42Z
2026-07-26T12:59:54Z,2026-07-26T14:59:54+0200,adf59793-da45-49b4-9a92-f95cd560cccb,2026-07-21T04:00:00Z,2026-07-21T06:00:00+0200,50781.80423,MW,DE,DE_LU,actual_load,Actual Load,2026-07-26T13:03:42Z
2026-07-26T12:59:54Z,2026-07-26T14:59:54+0200,adf59793-da45-49b4-9a92-f95cd560cccb,2026-07-21T04:15:00Z,2026-07-21T06:15:00+0200,52727.23245,MW,DE,DE_LU,actual_load,Actual Load,2026-07-26T13:03:42Z
2026-07-26T12:59:54Z,2026-07-26T14:59:54+0200,adf59793-da45-49b4-9a92-f95cd560cccb,2026-07-21T04:30:00Z,2026-07-21T06:30:00+0200,53803.23498,MW,DE,DE_LU,actual_load,Actual Load,2026-07-26T13:03:42Z
2026-07-26T12:59:54Z,2026-07-26T14:59:54+0200,adf59793-da45-49b4-9a92-f95cd560cccb,2026-07-21T04:45:00Z,2026-07-21T06:45:00+0200,54779.56036,MW,DE,DE_LU,actual_load,Actual Load,2026-07-26T13:03:42Z
2026-07-26T12:59:54Z,2026-07-26T14:59:54+0200,adf59793-da45-49b4-9a92-f95cd560cccb,2026-07-21T05:00:00Z,2026-07-21T07:00:00+0200,55871.06393,MW,DE,DE_LU,actual_load,Actual Load,2026-07-26T13:03:42Z
2026-07-26T12:59:54Z,2026-07-26T14:59:54+0200,adf59793-da45-49b4-9a92-f95cd560cccb,2026-07-21T05:15:00Z,2026-07-21T07:15:00+0200,57833.13946,MW,DE,DE_LU,actual_load,Actual Load,2026-07-26T13:03:42Z
2026-07-26T12:59:54Z,2026-07-26T14:59:54+0200,adf59793-da45-49b4-9a92-f95cd560cccb,2026-07-21T05:30:00Z,2026-07-21T07:30:00+0200,58428.77254,MW,DE,DE_LU,actual_load,Actual Load,2026-07-26T13:03:42Z
2026-07-26T12:59:54Z,2026-07-26T14:59:54+0200,adf59793-da45-49b4-9a92-f95cd560cccb,2026-07-21T05:45:00Z,2026-07-21T07:45:00+0200,59087.36719,MW,DE,DE_LU,actual_load,Actual Load,2026-07-26T13:03:42Z
2026-07-26T12:59:54Z,2026-07-26T14:59:54+0200,adf59793-da45-49b4-9a92-f95cd560cccb,2026-07-21T06:00:00Z,2026-07-21T08:00:00+0200,58573.40083,MW,DE,DE_LU,actual_load,Actual Load,2026-07-26T13:03:42Z
2026-07-26T12:59:54Z,2026-07-26T14:59:54+0200,adf59793-da45-49b4-9a92-f95cd560cccb,2026-07-21T06:15:00Z,2026-07-21T08:15:00+0200,59236.76566,MW,DE,DE_LU,actual_load,Actual Load,2026-07-26T13:03:42Z
2026-07-26T12:59:54Z,2026-07-26T14:59:54+0200,adf59793-da45-49b4-9a92-f95cd560cccb,2026-07-21T06:30:00Z,2026-07-21T08:30:00+0200,59386.96075,MW,DE,DE_LU,actual_load,Actual Load,2026-07-26T13:03:42Z
2026-07-26T12:59:54Z,2026-07-26T14:59:54+0200,adf59793-da45-49b4-9a92-f95cd560cccb,2026-07-21T06:45:00Z,2026-07-21T08:45:00+0200,59154.2726,MW,DE,DE_LU,actual_load,Actual Load,2026-07-26T13:03:42Z
2026-07-26T12:59:54Z,2026-07-26T14:59:54+0200,adf59793-da45-49b4-9a92-f95cd560cccb,2026-07-21T07:00:00Z,2026-07-21T09:00:00+0200,58199.56066,MW,DE,DE_LU,actual_load,Actual Load,2026-07-26T13:03:42Z
2026-07-26T12:59:54Z,2026-07-26T14:59:54+0200,adf59793-da45-49b4-9a92-f95cd560cccb,2026-07-21T07:15:00Z,2026-07-21T09:15:00+0200,58376.27845,MW,DE,DE_LU,actual_load,Actual Load,2026-07-26T13:03:42Z
2026-07-26T12:59:54Z,2026-07-26T14:59:54+0200,adf59793-da45-49b4-9a92-f95cd560cccb,2026-07-21T07:30:00Z,2026-07-21T09:30:00+0200,57874.40868,MW,DE,DE_LU,actual_load,Actual Load,2026-07-26T13:03:42Z
2026-07-26T12:59:54Z,2026-07-26T14:59:54+0200,adf59793-da45-49b4-9a92-f95cd560cccb,2026-07-21T07:45:00Z,2026-07-21T09:45:00+0200,57898.00697,MW,DE,DE_LU,actual_load,Actual Load,2026-07-26T13:03:42Z
2026-07-26T12:59:54Z,2026-07-26T14:59:54+0200,adf59793-da45-49b4-9a92-f95cd560cccb,2026-07-21T08:00:00Z,2026-07-21T10:00:00+0200,57464.11079,MW,DE,DE_LU,actual_load,Actual Load,2026-07-26T13:03:42Z
2026-07-26T12:59:54Z,2026-07-26T14:59:54+0200,adf59793-da45-49b4-9a92-f95cd560cccb,2026-07-21T08:15:00Z,2026-07-21T10:15:00+0200,57057.49468,MW,DE,DE_LU,actual_load,Actual Load,2026-07-26T13:03:42Z
2026-07-26T12:59:54Z,2026-07-26T14:59:54+0200,adf59793-da45-49b4-9a92-f95cd560cccb,2026-07-21T08:30:00Z,2026-07-21T10:30:00+0200,56810.05687,MW,DE,DE_LU,actual_load,Actual Load,2026-07-26T13:03:42Z
2026-07-26T12:59:54Z,2026-07-26T14:59:54+0200,adf59793-da45-49b4-9a92-f95cd560cccb,2026-07-21T08:45:00Z,2026-07-21T10:45:00+0200,57119.47182,MW,DE,DE_LU,actual_load,Actual Load,2026-07-26T13:03:42Z
2026-07-26T12:59:54Z,2026-07-26T14:59:54+0200,adf59793-da45-49b4-9a92-f95cd560cccb,2026-07-21T09:00:00Z,2026-07-21T11:00:00+0200,56821.82975,MW,DE,DE_LU,actual_load,Actual Load,2026-07-26T13:03:42Z
2026-07-26T12:59:54Z,2026-07-26T14:59:54+0200,adf59793-da45-49b4-9a92-f95cd560cccb,2026-07-21T09:15:00Z,2026-07-21T11:15:00+0200,56515.54074,MW,DE,DE_LU,actual_load,Actual Load,2026-07-26T13:03:42Z
2026-07-26T12:59:54Z,2026-07-26T14:59:54+0200,adf59793-da45-49b4-9a92-f95cd560cccb,2026-07-21T09:30:00Z,2026-07-21T11:30:00+0200,56706.73468,MW,DE,DE_LU,actual_load,Actual Load,2026-07-26T13:03:42Z
2026-07-26T12:59:54Z,2026-07-26T14:59:54+0200,adf59793-da45-49b4-9a92-f95cd560cccb,2026-07-21T09:45:00Z,2026-07-21T11:45:00+0200,56328.6077,MW,DE,DE_LU,actual_load,Actual Load,2026-07-26T13:03:42Z
2026-07-26T12:59:54Z,2026-07-26T14:59:54+0200,adf59793-da45-49b4-9a92-f95cd560cccb,2026-07-21T10:00:00Z,2026-07-21T12:00:00+0200,55671.42001,MW,DE,DE_LU,actual_load,Actual Load,2026-07-26T13:03:42Z
2026-07-26T12:59:54Z,2026-07-26T14:59:54+0200,adf59793-da45-49b4-9a92-f95cd560cccb,2026-07-21T10:15:00Z,2026-07-21T12:15:00+0200,55065.48814,MW,DE,DE_LU,actual_load,Actual Load,2026-07-26T13:03:42Z
2026-07-26T12:59:54Z,2026-07-26T14:59:54+0200,adf59793-da45-49b4-9a92-f95cd560cccb,2026-07-21T10:30:00Z,2026-07-21T12:30:00+0200,54868.24375,MW,DE,DE_LU,actual_load,Actual Load,2026-07-26T13:03:42Z
2026-07-26T12:59:54Z,2026-07-26T14:59:54+0200,adf59793-da45-49b4-9a92-f95cd560cccb,2026-07-21T10:45:00Z,2026-07-21T12:45:00+0200,55143.84407,MW,DE,DE_LU,actual_load,Actual Load,2026-07-26T13:03:42Z
2026-07-26T12:59:54Z,2026-07-26T14:59:54+0200,adf59793-da45-49b4-9a92-f95cd560cccb,2026-07-21T11:00:00Z,2026-07-21T13:00:00+0200,54965.47622,MW,DE,DE_LU,actual_load,Actual Load,2026-07-26T13:03:42Z
2026-07-26T12:59:54Z,2026-07-26T14:59:54+0200,adf59793-da45-49b4-9a92-f95cd560cccb,2026-07-21T11:15:00Z,2026-07-21T13:15:00+0200,54835.00424,MW,DE,DE_LU,actual_load,Actual Load,2026-07-26T13:03:42Z
2026-07-26T12:59:54Z,2026-07-26T14:59:54+0200,adf59793-da45-49b4-9a92-f95cd560cccb,2026-07-21T11:30:00Z,2026-07-21T13:30:00+0200,53682.57666,MW,DE,DE_LU,actual_load,Actual Load,2026-07-26T13:03:42Z
2026-07-26T12:59:54Z,2026-07-26T14:59:54+0200,adf59793-da45-49b4-9a92-f95cd560cccb,2026-07-21T11:45:00Z,2026-07-21T13:45:00+0200,53524.31389,MW,DE,DE_LU,actual_load,Actual Load,2026-07-26T13:03:42Z
2026-07-26T12:59:54Z,2026-07-26T14:59:54+0200,adf59793-da45-49b4-9a92-f95cd560cccb,2026-07-21T12:00:00Z,2026-07-21T14:00:00+0200,53125.40923,MW,DE,DE_LU,actual_load,Actual Load,2026-07-26T13:03:42Z
2026-07-26T12:59:54Z,2026-07-26T14:59:54+0200,adf59793-da45-49b4-9a92-f95cd560cccb,2026-07-21T12:15:00Z,2026-07-21T14:15:00+0200,52870.89773,MW,DE,DE_LU,actual_load,Actual Load,2026-07-26T13:03:42Z
2026-07-26T12:59:54Z,2026-07-26T14:59:54+0200,adf59793-da45-49b4-9a92-f95cd560cccb,2026-07-21T12:30:00Z,2026-07-21T14:30:00+0200,52851.56635,MW,DE,DE_LU,actual_load,Actual Load,2026-07-26T13:03:42Z
2026-07-26T12:59:54Z,2026-07-26T14:59:54+0200,adf59793-da45-49b4-9a92-f95cd560cccb,2026-07-21T12:45:00Z,2026-07-21T14:45:00+0200,52992.51413,MW,DE,DE_LU,actual_load,Actual Load,2026-07-26T13:03:42Z
2026-07-26T12:59:54Z,2026-07-26T14:59:54+0200,adf59793-da45-49b4-9a92-f95cd560cccb,2026-07-21T13:00:00Z,2026-07-21T15:00:00+0200,53107.98285,MW,DE,DE_LU,actual_load,Actual Load,2026-07-26T13:03:42Z
2026-07-26T12:59:54Z,2026-07-26T14:59:54+0200,adf59793-da45-49b4-9a92-f95cd560cccb,2026-07-21T13:15:00Z,2026-07-21T15:15:00+0200,52716.46687,MW,DE,DE_LU,actual_load,Actual Load,2026-07-26T13:03:42Z
2026-07-26T12:59:54Z,2026-07-26T14:59:54+0200,adf59793-da45-49b4-9a92-f95cd560cccb,2026-07-21T13:30:00Z,2026-07-21T15:30:00+0200,52541.32478,MW,DE,DE_LU,actual_load,Actual Load,2026-07-26T13:03:42Z
2026-07-26T12:59:54Z,2026-07-26T14:59:54+0200,adf59793-da45-49b4-9a92-f95cd560cccb,2026-07-21T13:45:00Z,2026-07-21T15:45:00+0200,52792.04431,MW,DE,DE_LU,actual_load,Actual Load,2026-07-26T13:03:42Z
2026-07-26T12:59:54Z,2026-07-26T14:59:54+0200,adf59793-da45-49b4-9a92-f95cd560cccb,2026-07-21T14:00:00Z,2026-07-21T16:00:00+0200,53468.38861,MW,DE,DE_LU,actual_load,Actual Load,2026-07-26T13:03:42Z
2026-07-26T12:59:54Z,2026-07-26T14:59:54+0200,adf59793-da45-49b4-9a92-f95cd560cccb,2026-07-21T14:15:00Z,2026-07-21T16:15:00+0200,53390.57103,MW,DE,DE_LU,actual_load,Actual Load,2026-07-26T13:03:42Z
2026-07-26T12:59:54Z,2026-07-26T14:59:54+0200,adf59793-da45-49b4-9a92-f95cd560cccb,2026-07-21T14:30:00Z,2026-07-21T16:30:00+0200,53174.93542,MW,DE,DE_LU,actual_load,Actual Load,2026-07-26T13:03:42Z
2026-07-26T12:59:54Z,2026-07-26T14:59:54+0200,adf59793-da45-49b4-9a92-f95cd560cccb,2026-07-21T14:45:00Z,2026-07-21T16:45:00+0200,53391.17774,MW,DE,DE_LU,actual_load,Actual Load,2026-07-26T13:03:42Z
2026-07-26T12:59:54Z,2026-07-26T14:59:54+0200,adf59793-da45-49b4-9a92-f95cd560cccb,2026-07-21T15:00:00Z,2026-07-21T17:00:00+0200,54094.22807,MW,DE,DE_LU,actual_load,Actual Load,2026-07-26T13:03:42Z
2026-07-26T12:59:54Z,2026-07-26T14:59:54+0200,adf59793-da45-49b4-9a92-f95cd560cccb,2026-07-21T15:15:00Z,2026-07-21T17:15:00+0200,54213.73745,MW,DE,DE_LU,actual_load,Actual Load,2026-07-26T13:03:42Z
2026-07-26T12:59:54Z,2026-07-26T14:59:54+0200,adf59793-da45-49b4-9a92-f95cd560cccb,2026-07-21T15:30:00Z,2026-07-21T17:30:00+0200,54454.59787,MW,DE,DE_LU,actual_load,Actual Load,2026-07-26T13:03:42Z
2026-07-26T12:59:54Z,2026-07-26T14:59:54+0200,adf59793-da45-49b4-9a92-f95cd560cccb,2026-07-21T15:45:00Z,2026-07-21T17:45:00+0200,54946.91258,MW,DE,DE_LU,actual_load,Actual Load,2026-07-26T13:03:42Z
2026-07-26T12:59:54Z,2026-07-26T14:59:54+0200,adf59793-da45-49b4-9a92-f95cd560cccb,2026-07-21T16:00:00Z,2026-07-21T18:00:00+0200,55161.67167,MW,DE,DE_LU,actual_load,Actual Load,2026-07-26T13:03:42Z
2026-07-26T12:59:54Z,2026-07-26T14:59:54+0200,adf59793-da45-49b4-9a92-f95cd560cccb,2026-07-21T16:15:00Z,2026-07-21T18:15:00+0200,55352.01071,MW,DE,DE_LU,actual_load,Actual Load,2026-07-26T13:03:42Z
2026-07-26T12:59:54Z,2026-07-26T14:59:54+0200,adf59793-da45-49b4-9a92-f95cd560cccb,2026-07-21T16:30:00Z,2026-07-21T18:30:00+0200,55771.39504,MW,DE,DE_LU,actual_load,Actual Load,2026-07-26T13:03:42Z
2026-07-26T12:59:54Z,2026-07-26T14:59:54+0200,adf59793-da45-49b4-9a92-f95cd560cccb,2026-07-21T16:45:00Z,2026-07-21T18:45:00+0200,56053.0078,MW,DE,DE_LU,actual_load,Actual Load,2026-07-26T13:03:42Z
2026-07-26T12:59:54Z,2026-07-26T14:59:54+0200,adf59793-da45-49b4-9a92-f95cd560cccb,2026-07-21T17:00:00Z,2026-07-21T19:00:00+0200,56149.45294,MW,DE,DE_LU,actual_load,Actual Load,2026-07-26T13:03:42Z
2026-07-26T12:59:54Z,2026-07-26T14:59:54+0200,adf59793-da45-49b4-9a92-f95cd560cccb,2026-07-21T17:15:00Z,2026-07-21T19:15:00+0200,55877.29725,MW,DE,DE_LU,actual_load,Actual Load,2026-07-26T13:03:42Z
2026-07-26T12:59:54Z,2026-07-26T14:59:54+0200,adf59793-da45-49b4-9a92-f95cd560cccb,2026-07-21T17:30:00Z,2026-07-21T19:30:00+0200,55796.6539,MW,DE,DE_LU,actual_load,Actual Load,2026-07-26T13:03:42Z
2026-07-26T12:59:54Z,2026-07-26T14:59:54+0200,adf59793-da45-49b4-9a92-f95cd560cccb,2026-07-21T17:45:00Z,2026-07-21T19:45:00+0200,55238.07931,MW,DE,DE_LU,actual_load,Actual Load,2026-07-26T13:03:42Z
2026-07-26T12:59:54Z,2026-07-26T14:59:54+0200,adf59793-da45-49b4-9a92-f95cd560cccb,2026-07-21T18:00:00Z,2026-07-21T20:00:00+0200,55428.92313,MW,DE,DE_LU,actual_load,Actual Load,2026-07-26T13:03:42Z
2026-07-26T12:59:54Z,2026-07-26T14:59:54+0200,adf59793-da45-49b4-9a92-f95cd560cccb,2026-07-21T18:15:00Z,2026-07-21T20:15:00+0200,54795.01984,MW,DE,DE_LU,actual_load,Actual Load,2026-07-26T13:03:42Z
2026-07-26T12:59:54Z,2026-07-26T14:59:54+0200,adf59793-da45-49b4-9a92-f95cd560cccb,2026-07-21T18:30:00Z,2026-07-21T20:30:00+0200,54079.36804,MW,DE,DE_LU,actual_load,Actual Load,2026-07-26T13:03:42Z
2026-07-26T12:59:54Z,2026-07-26T14:59:54+0200,adf59793-da45-49b4-9a92-f95cd560cccb,2026-07-21T18:45:00Z,2026-07-21T20:45:00+0200,53016.24039,MW,DE,DE_LU,actual_load,Actual Load,2026-07-26T13:03:42Z
2026-07-26T12:59:54Z,2026-07-26T14:59:54+0200,adf59793-da45-49b4-9a92-f95cd560cccb,2026-07-21T19:00:00Z,2026-07-21T21:00:00+0200,52511.26371,MW,DE,DE_LU,actual_load,Actual Load,2026-07-26T13:03:42Z
2026-07-26T12:59:54Z,2026-07-26T14:59:54+0200,adf59793-da45-49b4-9a92-f95cd560cccb,2026-07-21T19:15:00Z,2026-07-21T21:15:00+0200,52465.72589,MW,DE,DE_LU,actual_load,Actual Load,2026-07-26T13:03:42Z
2026-07-26T12:59:54Z,2026-07-26T14:59:54+0200,adf59793-da45-49b4-9a92-f95cd560cccb,2026-07-21T19:30:00Z,2026-07-21T21:30:00+0200,52867.66528,MW,DE,DE_LU,actual_load,Actual Load,2026-07-26T13:03:42Z
2026-07-26T12:59:54Z,2026-07-26T14:59:54+0200,adf59793-da45-49b4-9a92-f95cd560cccb,2026-07-21T19:45:00Z,2026-07-21T21:45:00+0200,52605.23423,MW,DE,DE_LU,actual_load,Actual Load,2026-07-26T13:03:42Z
2026-07-26T12:59:54Z,2026-07-26T14:59:54+0200,adf59793-da45-49b4-9a92-f95cd560cccb,2026-07-21T20:00:00Z,2026-07-21T22:00:00+0200,50768.13058,MW,DE,DE_LU,actual_load,Actual Load,2026-07-26T13:03:42Z
2026-07-26T12:59:54Z,2026-07-26T14:59:54+0200,adf59793-da45-49b4-9a92-f95cd560cccb,2026-07-21T20:15:00Z,2026-07-21T22:15:00+0200,50068.05078,MW,DE,DE_LU,actual_load,Actual Load,2026-07-26T13:03:42Z
2026-07-26T12:59:54Z,2026-07-26T14:59:54+0200,adf59793-da45-49b4-9a92-f95cd560cccb,2026-07-21T20:30:00Z,2026-07-21T22:30:00+0200,49589.21191,MW,DE,DE_LU,actual_load,Actual Load,2026-07-26T13:03:42Z
2026-07-26T12:59:54Z,2026-07-26T14:59:54+0200,adf59793-da45-49b4-9a92-f95cd560cccb,2026-07-21T20:45:00Z,2026-07-21T22:45:00+0200,49240.36716,MW,DE,DE_LU,actual_load,Actual Load,2026-07-26T13:03:42Z
2026-07-26T12:59:54Z,2026-07-26T14:59:54+0200,adf59793-da45-49b4-9a92-f95cd560cccb,2026-07-21T21:00:00Z,2026-07-21T23:00:00+0200,48225.47021,MW,DE,DE_LU,actual_load,Actual Load,2026-07-26T13:03:42Z
2026-07-26T12:59:54Z,2026-07-26T14:59:54+0200,adf59793-da45-49b4-9a92-f95cd560cccb,2026-07-21T21:15:00Z,2026-07-21T23:15:00+0200,47464.99348,MW,DE,DE_LU,actual_load,Actual Load,2026-07-26T13:03:42Z
2026-07-26T12:59:54Z,2026-07-26T14:59:54+0200,adf59793-da45-49b4-9a92-f95cd560cccb,2026-07-21T21:30:00Z,2026-07-21T23:30:00+0200,46944.64291,MW,DE,DE_LU,actual_load,Actual Load,2026-07-26T13:03:42Z
2026-07-26T12:59:54Z,2026-07-26T14:59:54+0200,adf59793-da45-49b4-9a92-f95cd560cccb,2026-07-21T21:45:00Z,2026-07-21T23:45:00+0200,46739.6933,MW,DE,DE_LU,actual_load,Actual Load,2026-07-26T13:03:42Z
2026-07-26T12:59:54Z,2026-07-26T14:59:54+0200,adf59793-da45-49b4-9a92-f95cd560cccb,2026-07-21T22:00:00Z,2026-07-22T00:00:00+0200,46116.63932,MW,DE,DE_LU,actual_load,Actual Load,2026-07-26T13:03:42Z
2026-07-26T12:59:54Z,2026-07-26T14:59:54+0200,adf59793-da45-49b4-9a92-f95cd560cccb,2026-07-21T22:15:00Z,2026-07-22T00:15:00+0200,45743.76357,MW,DE,DE_LU,actual_load,Actual Load,2026-07-26T13:03:42Z
2026-07-26T12:59:54Z,2026-07-26T14:59:54+0200,adf59793-da45-49b4-9a92-f95cd560cccb,2026-07-21T22:30:00Z,2026-07-22T00:30:00+0200,45644.60695,MW,DE,DE_LU,actual_load,Actual Load,2026-07-26T13:03:42Z
2026-07-26T12:59:54Z,2026-07-26T14:59:54+0200,adf59793-da45-49b4-9a92-f95cd560cccb,2026-07-21T22:45:00Z,2026-07-22T00:45:00+0200,45338.92962,MW,DE,DE_LU,actual_load,Actual Load,2026-07-26T13:03:42Z
2026-07-26T12:59:54Z,2026-07-26T14:59:54+0200,adf59793-da45-49b4-9a92-f95cd560cccb,2026-07-21T23:00:00Z,2026-07-22T01:00:00+0200,44613.91907,MW,DE,DE_LU,actual_load,Actual Load,2026-07-26T13:03:42Z
2026-07-26T12:59:54Z,2026-07-26T14:59:54+0200,adf59793-da45-49b4-9a92-f95cd560cccb,2026-07-21T23:15:00Z,2026-07-22T01:15:00+0200,44457.488,MW,DE,DE_LU,actual_load,Actual Load,2026-07-26T13:03:42Z
2026-07-26T12:59:54Z,2026-07-26T14:59:54+0200,adf59793-da45-49b4-9a92-f95cd560cccb,2026-07-21T23:30:00Z,2026-07-22T01:30:00+0200,44269.1856,MW,DE,DE_LU,actual_load,Actual Load,2026-07-26T13:03:42Z
2026-07-26T12:59:54Z,2026-07-26T14:59:54+0200,adf59793-da45-49b4-9a92-f95cd560cccb,2026-07-21T23:45:00Z,2026-07-22T01:45:00+0200,44346.91317,MW,DE,DE_LU,actual_load,Actual Load,2026-07-26T13:03:42Z
2026-07-26T12:59:54Z,2026-07-26T14:59:54+0200,adf59793-da45-49b4-9a92-f95cd560cccb,2026-07-22T00:00:00Z,2026-07-22T02:00:00+0200,43866.22577,MW,DE,DE_LU,actual_load,Actual Load,2026-07-26T13:03:42Z
2026-07-26T12:59:54Z,2026-07-26T14:59:54+0200,adf59793-da45-49b4-9a92-f95cd560cccb,2026-07-22T00:15:00Z,2026-07-22T02:15:00+0200,43895.91475,MW,DE,DE_LU,actual_load,Actual Load,2026-07-26T13:03:42Z
2026-07-26T12:59:54Z,2026-07-26T14:59:54+0200,adf59793-da45-49b4-9a92-f95cd560cccb,2026-07-22T00:30:00Z,2026-07-22T02:30:00+0200,44110.83171,MW,DE,DE_LU,actual_load,Actual Load,2026-07-26T13:03:42Z
2026-07-26T12:59:54Z,2026-07-26T14:59:54+0200,adf59793-da45-49b4-9a92-f95cd560cccb,2026-07-22T00:45:00Z,2026-07-22T02:45:00+0200,44313.92102,MW,DE,DE_LU,actual_load,Actual Load,2026-07-26T13:03:42Z
2026-07-26T12:59:54Z,2026-07-26T14:59:54+0200,adf59793-da45-49b4-9a92-f95cd560cccb,2026-07-22T01:00:00Z,2026-07-22T03:00:00+0200,43828.91711,MW,DE,DE_LU,actual_load,Actual Load,2026-07-26T13:03:42Z
2026-07-26T12:59:54Z,2026-07-26T14:59:54+0200,adf59793-da45-49b4-9a92-f95cd560cccb,2026-07-22T01:15:00Z,2026-07-22T03:15:00+0200,43915.11564,MW,DE,DE_LU,actual_load,Actual Load,2026-07-26T13:03:42Z
2026-07-26T12:59:54Z,2026-07-26T14:59:54+0200,adf59793-da45-49b4-9a92-f95cd560cccb,2026-07-22T01:30:00Z,2026-07-22T03:30:00+0200,43834.64016,MW,DE,DE_LU,actual_load,Actual Load,2026-07-26T13:03:42Z
2026-07-26T12:59:54Z,2026-07-26T14:59:54+0200,adf59793-da45-49b4-9a92-f95cd560cccb,2026-07-22T01:45:00Z,2026-07-22T03:45:00+0200,44328.22965,MW,DE,DE_LU,actual_load,Actual Load,2026-07-26T13:03:42Z
2026-07-26T12:59:54Z,2026-07-26T14:59:54+0200,adf59793-da45-49b4-9a92-f95cd560cccb,2026-07-22T02:00:00Z,2026-07-22T04:00:00+0200,44240.97657,MW,DE,DE_LU,actual_load,Actual Load,2026-07-26T13:03:42Z
2026-07-26T12:59:54Z,2026-07-26T14:59:54+0200,adf59793-da45-49b4-9a92-f95cd560cccb,2026-07-22T02:15:00Z,2026-07-22T04:15:00+0200,44357.70715,MW,DE,DE_LU,actual_load,Actual Load,2026-07-26T13:03:42Z
2026-07-26T12:59:54Z,2026-07-26T14:59:54+0200,adf59793-da45-49b4-9a92-f95cd560cccb,2026-07-22T02:30:00Z,2026-07-22T04:30:00+0200,44747.87086,MW,DE,DE_LU,actual_load,Actual Load,2026-07-26T13:03:42Z
2026-07-26T12:59:54Z,2026-07-26T14:59:54+0200,adf59793-da45-49b4-9a92-f95cd560cccb,2026-07-22T02:45:00Z,2026-07-22T04:45:00+0200,45446.15745,MW,DE,DE_LU,actual_load,Actual Load,2026-07-26T13:03:42Z
2026-07-26T12:59:54Z,2026-07-26T14:59:54+0200,adf59793-da45-49b4-9a92-f95cd560cccb,2026-07-22T03:00:00Z,2026-07-22T05:00:00+0200,46410.2254,MW,DE,DE_LU,actual_load,Actual Load,2026-07-26T13:03:42Z
2026-07-26T12:59:54Z,2026-07-26T14:59:54+0200,adf59793-da45-49b4-9a92-f95cd560cccb,2026-07-22T03:15:00Z,2026-07-22T05:15:00+0200,46788.61448,MW,DE,DE_LU,actual_load,Actual Load,2026-07-26T13:03:42Z
2026-07-26T12:59:54Z,2026-07-26T14:59:54+0200,adf59793-da45-49b4-9a92-f95cd560cccb,2026-07-22T03:30:00Z,2026-07-22T05:30:00+0200,47381.46884,MW,DE,DE_LU,actual_load,Actual Load,2026-07-26T13:03:42Z
2026-07-26T12:59:54Z,2026-07-26T14:59:54+0200,adf59793-da45-49b4-9a92-f95cd560cccb,2026-07-22T03:45:00Z,2026-07-22T05:45:00+0200,48199.83595,MW,DE,DE_LU,actual_load,Actual Load,2026-07-26T13:03:42Z
2026-07-26T12:59:54Z,2026-07-26T14:59:54+0200,adf59793-da45-49b4-9a92-f95cd560cccb,2026-07-22T04:00:00Z,2026-07-22T06:00:00+0200,50714.62376,MW,DE,DE_LU,actual_load,Actual Load,2026-07-26T13:03:42Z
2026-07-26T12:59:54Z,2026-07-26T14:59:54+0200,adf59793-da45-49b4-9a92-f95cd560cccb,2026-07-22T04:15:00Z,2026-07-22T06:15:00+0200,52279.04737,MW,DE,DE_LU,actual_load,Actual Load,2026-07-26T13:03:42Z
2026-07-26T12:59:54Z,2026-07-26T14:59:54+0200,adf59793-da45-49b4-9a92-f95cd560cccb,2026-07-22T04:30:00Z,2026-07-22T06:30:00+0200,53465.37072,MW,DE,DE_LU,actual_load,Actual Load,2026-07-26T13:03:42Z
2026-07-26T12:59:54Z,2026-07-26T14:59:54+0200,adf59793-da45-49b4-9a92-f95cd560cccb,2026-07-22T04:45:00Z,2026-07-22T06:45:00+0200,54855.68083,MW,DE,DE_LU,actual_load,Actual Load,2026-07-26T13:03:42Z
2026-07-26T12:59:54Z,2026-07-26T14:59:54+0200,adf59793-da45-49b4-9a92-f95cd560cccb,2026-07-22T05:00:00Z,2026-07-22T07:00:00+0200,55757.06184,MW,DE,DE_LU,actual_load,Actual Load,2026-07-26T13:03:42Z
2026-07-26T12:59:54Z,2026-07-26T14:59:54+0200,adf59793-da45-49b4-9a92-f95cd560cccb,2026-07-22T05:15:00Z,2026-07-22T07:15:00+0200,56289.1025,MW,DE,DE_LU,actual_load,Actual Load,2026-07-26T13:03:42Z
2026-07-26T12:59:54Z,2026-07-26T14:59:54+0200,adf59793-da45-49b4-9a92-f95cd560cccb,2026-07-22T05:30:00Z,2026-07-22T07:30:00+0200,57886.21213,MW,DE,DE_LU,actual_load,Actual Load,2026-07-26T13:03:42Z
2026-07-26T12:59:54Z,2026-07-26T14:59:54+0200,adf59793-da45-49b4-9a92-f95cd560cccb,2026-07-22T05:45:00Z,2026-07-22T07:45:00+0200,58860.16584,MW,DE,DE_LU,actual_load,Actual Load,2026-07-26T13:03:42Z
2026-07-26T12:59:54Z,2026-07-26T14:59:54+0200,adf59793-da45-49b4-9a92-f95cd560cccb,2026-07-22T06:00:00Z,2026-07-22T08:00:00+0200,59813.1746,MW,DE,DE_LU,actual_load,Actual Load,2026-07-26T13:03:42Z
2026-07-26T12:59:54Z,2026-07-26T14:59:54+0200,adf59793-da45-49b4-9a92-f95cd560cccb,2026-07-22T06:15:00Z,2026-07-22T08:15:00+0200,60168.94393,MW,DE,DE_LU,actual_load,Actual Load,2026-07-26T13:03:42Z
2026-07-26T12:59:54Z,2026-07-26T14:59:54+0200,adf59793-da45-49b4-9a92-f95cd560cccb,2026-07-22T06:30:00Z,2026-07-22T08:30:00+0200,61189.53498,MW,DE,DE_LU,actual_load,Actual Load,2026-07-26T13:03:42Z
2026-07-26T12:59:54Z,2026-07-26T14:59:54+0200,adf59793-da45-49b4-9a92-f95cd560cccb,2026-07-22T06:45:00Z,2026-07-22T08:45:00+0200,60657.0716,MW,DE,DE_LU,actual_load,Actual Load,2026-07-26T13:03:42Z
2026-07-26T12:59:54Z,2026-07-26T14:59:54+0200,adf59793-da45-49b4-9a92-f95cd560cccb,2026-07-22T07:00:00Z,2026-07-22T09:00:00+0200,59754.16366,MW,DE,DE_LU,actual_load,Actual Load,2026-07-26T13:03:42Z
2026-07-26T12:59:54Z,2026-07-26T14:59:54+0200,adf59793-da45-49b4-9a92-f95cd560cccb,2026-07-22T07:15:00Z,2026-07-22T09:15:00+0200,59888.97212,MW,DE,DE_LU,actual_load,Actual Load,2026-07-26T13:03:42Z
2026-07-26T12:59:54Z,2026-07-26T14:59:54+0200,adf59793-da45-49b4-9a92-f95cd560cccb,2026-07-22T07:30:00Z,2026-07-22T09:30:00+0200,60241.03793,MW,DE,DE_LU,actual_load,Actual Load,2026-07-26T13:03:42Z
2026-07-26T12:59:54Z,2026-07-26T14:59:54+0200,adf59793-da45-49b4-9a92-f95cd560cccb,2026-07-22T07:45:00Z,2026-07-22T09:45:00+0200,60292.46377,MW,DE,DE_LU,actual_load,Actual Load,2026-07-26T13:03:42Z
2026-07-26T12:59:54Z,2026-07-26T14:59:54+0200,adf59793-da45-49b4-9a92-f95cd560cccb,2026-07-22T08:00:00Z,2026-07-22T10:00:00+0200,60222.33609,MW,DE,DE_LU,actual_load,Actual Load,2026-07-26T13:03:42Z
2026-07-26T12:59:54Z,2026-07-26T14:59:54+0200,adf59793-da45-49b4-9a92-f95cd560cccb,2026-07-22T08:15:00Z,2026-07-22T10:15:00+0200,60748.65944,MW,DE,DE_LU,actual_load,Actual Load,2026-07-26T13:03:42Z
2026-07-26T12:59:54Z,2026-07-26T14:59:54+0200,adf59793-da45-49b4-9a92-f95cd560cccb,2026-07-22T08:30:00Z,2026-07-22T10:30:00+0200,61140.97092,MW,DE,DE_LU,actual_load,Actual Load,2026-07-26T13:03:42Z
2026-07-26T12:59:54Z,2026-07-26T14:59:54+0200,adf59793-da45-49b4-9a92-f95cd560cccb,2026-07-22T08:45:00Z,2026-07-22T10:45:00+0200,60851.31313,MW,DE,DE_LU,actual_load,Actual Load,2026-07-26T13:03:42Z
2026-07-26T12:59:54Z,2026-07-26T14:59:54+0200,adf59793-da45-49b4-9a92-f95cd560cccb,2026-07-22T09:00:00Z,2026-07-22T11:00:00+0200,60491.69585,MW,DE,DE_LU,actual_load,Actual Load,2026-07-26T13:03:42Z
2026-07-26T12:59:54Z,2026-07-26T14:59:54+0200,adf59793-da45-49b4-9a92-f95cd560cccb,2026-07-22T09:15:00Z,2026-07-22T11:15:00+0200,60966.77457,MW,DE,DE_LU,actual_load,Actual Load,2026-07-26T13:03:42Z
2026-07-26T12:59:54Z,2026-07-26T14:59:54+0200,adf59793-da45-49b4-9a92-f95cd560cccb,2026-07-22T09:30:00Z,2026-07-22T11:30:00+0200,60909.69853,MW,DE,DE_LU,actual_load,Actual Load,2026-07-26T13:03:42Z
2026-07-26T12:59:54Z,2026-07-26T14:59:54+0200,adf59793-da45-49b4-9a92-f95cd560cccb,2026-07-22T09:45:00Z,2026-07-22T11:45:00+0200,61133.46675,MW,DE,DE_LU,actual_load,Actual Load,2026-07-26T13:03:42Z
2026-07-26T12:59:54Z,2026-07-26T14:59:54+0200,adf59793-da45-49b4-9a92-f95cd560cccb,2026-07-22T10:00:00Z,2026-07-22T12:00:00+0200,60849.91835,MW,DE,DE_LU,actual_load,Actual Load,2026-07-26T13:03:42Z
2026-07-26T12:59:54Z,2026-07-26T14:59:54+0200,adf59793-da45-49b4-9a92-f95cd560cccb,2026-07-22T10:15:00Z,2026-07-22T12:15:00+0200,60856.83219,MW,DE,DE_LU,actual_load,Actual Load,2026-07-26T13:03:42Z
2026-07-26T12:59:54Z,2026-07-26T14:59:54+0200,adf59793-da45-49b4-9a92-f95cd560cccb,2026-07-22T10:30:00Z,2026-07-22T12:30:00+0200,60793.80996,MW,DE,DE_LU,actual_load,Actual Load,2026-07-26T13:03:42Z
2026-07-26T12:59:54Z,2026-07-26T14:59:54+0200,adf59793-da45-49b4-9a92-f95cd560cccb,2026-07-22T10:45:00Z,2026-07-22T12:45:00+0200,60895.90991,MW,DE,DE_LU,actual_load,Actual Load,2026-07-26T13:03:42Z
2026-07-26T12:59:54Z,2026-07-26T14:59:54+0200,adf59793-da45-49b4-9a92-f95cd560cccb,2026-07-22T11:00:00Z,2026-07-22T13:00:00+0200,60178.89709,MW,DE,DE_LU,actual_load,Actual Load,2026-07-26T13:03:42Z
2026-07-26T12:59:54Z,2026-07-26T14:59:54+0200,adf59793-da45-49b4-9a92-f95cd560cccb,2026-07-22T11:15:00Z,2026-07-22T13:15:00+0200,60452.18121,MW,DE,DE_LU,actual_load,Actual Load,2026-07-26T13:03:42Z
2026-07-26T12:59:54Z,2026-07-26T14:59:54+0200,adf59793-da45-49b4-9a92-f95cd560cccb,2026-07-22T11:30:00Z,2026-07-22T13:30:00+0200,59220.11814,MW,DE,DE_LU,actual_load,Actual Load,2026-07-26T13:03:42Z
2026-07-26T12:59:54Z,2026-07-26T14:59:54+0200,adf59793-da45-49b4-9a92-f95cd560cccb,2026-07-22T11:45:00Z,2026-07-22T13:45:00+0200,58177.69944,MW,DE,DE_LU,actual_load,Actual Load,2026-07-26T13:03:42Z
2026-07-26T12:59:54Z,2026-07-26T14:59:54+0200,adf59793-da45-49b4-9a92-f95cd560cccb,2026-07-22T12:00:00Z,2026-07-22T14:00:00+0200,58019.41178,MW,DE,DE_LU,actual_load,Actual Load,2026-07-26T13:03:42Z
2026-07-26T12:59:54Z,2026-07-26T14:59:54+0200,adf59793-da45-49b4-9a92-f95cd560cccb,2026-07-22T12:15:00Z,2026-07-22T14:15:00+0200,57617.35311,MW,DE,DE_LU,actual_load,Actual Load,2026-07-26T13:03:42Z
2026-07-26T12:59:54Z,2026-07-26T14:59:54+0200,adf59793-da45-49b4-9a92-f95cd560cccb,2026-07-22T12:30:00Z,2026-07-22T14:30:00+0200,58296.40733,MW,DE,DE_LU,actual_load,Actual Load,2026-07-26T13:03:42Z
2026-07-26T12:59:54Z,2026-07-26T14:59:54+0200,adf59793-da45-49b4-9a92-f95cd560cccb,2026-07-22T12:45:00Z,2026-07-22T14:45:00+0200,57060.55134,MW,DE,DE_LU,actual_load,Actual Load,2026-07-26T13:03:42Z
2026-07-26T12:59:54Z,2026-07-26T14:59:54+0200,adf59793-da45-49b4-9a92-f95cd560cccb,2026-07-22T13:00:00Z,2026-07-22T15:00:00+0200,56493.38377,MW,DE,DE_LU,actual_load,Actual Load,2026-07-26T13:03:42Z
2026-07-26T12:59:54Z,2026-07-26T14:59:54+0200,adf59793-da45-49b4-9a92-f95cd560cccb,2026-07-22T13:15:00Z,2026-07-22T15:15:00+0200,55482.80304,MW,DE,DE_LU,actual_load,Actual Load,2026-07-26T13:03:42Z
2026-07-26T12:59:54Z,2026-07-26T14:59:54+0200,adf59793-da45-49b4-9a92-f95cd560cccb,2026-07-22T13:30:00Z,2026-07-22T15:30:00+0200,55077.23925,MW,DE,DE_LU,actual_load,Actual Load,2026-07-26T13:03:42Z
2026-07-26T12:59:54Z,2026-07-26T14:59:54+0200,adf59793-da45-49b4-9a92-f95cd560cccb,2026-07-22T13:45:00Z,2026-07-22T15:45:00+0200,54798.26602,MW,DE,DE_LU,actual_load,Actual Load,2026-07-26T13:03:42Z
2026-07-26T12:59:54Z,2026-07-26T14:59:54+0200,adf59793-da45-49b4-9a92-f95cd560cccb,2026-07-22T14:00:00Z,2026-07-22T16:00:00+0200,55015.97162,MW,DE,DE_LU,actual_load,Actual Load,2026-07-26T13:03:42Z
2026-07-26T12:59:54Z,2026-07-26T14:59:54+0200,adf59793-da45-49b4-9a92-f95cd560cccb,2026-07-22T14:15:00Z,2026-07-22T16:15:00+0200,55181.52073,MW,DE,DE_LU,actual_load,Actual Load,2026-07-26T13:03:42Z
2026-07-26T12:59:54Z,2026-07-26T14:59:54+0200,adf59793-da45-49b4-9a92-f95cd560cccb,2026-07-22T14:30:00Z,2026-07-22T16:30:00+0200,55124.99819,MW,DE,DE_LU,actual_load,Actual Load,2026-07-26T13:03:42Z
2026-07-26T12:59:54Z,2026-07-26T14:59:54+0200,adf59793-da45-49b4-9a92-f95cd560cccb,2026-07-22T14:45:00Z,2026-07-22T16:45:00+0200,55401.31284,MW,DE,DE_LU,actual_load,Actual Load,2026-07-26T13:03:42Z
2026-07-26T12:59:54Z,2026-07-26T14:59:54+0200,adf59793-da45-49b4-9a92-f95cd560cccb,2026-07-22T15:00:00Z,2026-07-22T17:00:00+0200,55918.96225,MW,DE,DE_LU,actual_load,Actual Load,2026-07-26T13:03:42Z
2026-07-26T12:59:54Z,2026-07-26T14:59:54+0200,adf59793-da45-49b4-9a92-f95cd560cccb,2026-07-22T15:15:00Z,2026-07-22T17:15:00+0200,55966.21248,MW,DE,DE_LU,actual_load,Actual Load,2026-07-26T13:03:42Z
2026-07-26T12:59:54Z,2026-07-26T14:59:54+0200,adf59793-da45-49b4-9a92-f95cd560cccb,2026-07-22T15:30:00Z,2026-07-22T17:30:00+0200,56322.41219,MW,DE,DE_LU,actual_load,Actual Load,2026-07-26T13:03:42Z
2026-07-26T12:59:54Z,2026-07-26T14:59:54+0200,adf59793-da45-49b4-9a92-f95cd560cccb,2026-07-22T15:45:00Z,2026-07-22T17:45:00+0200,56515.06292,MW,DE,DE_LU,actual_load,Actual Load,2026-07-26T13:03:42Z
2026-07-26T12:59:54Z,2026-07-26T14:59:54+0200,adf59793-da45-49b4-9a92-f95cd560cccb,2026-07-22T16:00:00Z,2026-07-22T18:00:00+0200,57068.40233,MW,DE,DE_LU,actual_load,Actual Load,2026-07-26T13:03:42Z
2026-07-26T12:59:54Z,2026-07-26T14:59:54+0200,adf59793-da45-49b4-9a92-f95cd560cccb,2026-07-22T16:15:00Z,2026-07-22T18:15:00+0200,56480.4686,MW,DE,DE_LU,actual_load,Actual Load,2026-07-26T13:03:42Z
2026-07-26T12:59:54Z,2026-07-26T14:59:54+0200,adf59793-da45-49b4-9a92-f95cd560cccb,2026-07-22T16:30:00Z,2026-07-22T18:30:00+0200,56937.31007,MW,DE,DE_LU,actual_load,Actual Load,2026-07-26T13:03:42Z
2026-07-26T12:59:54Z,2026-07-26T14:59:54+0200,adf59793-da45-49b4-9a92-f95cd560cccb,2026-07-22T16:45:00Z,2026-07-22T18:45:00+0200,56724.61922,MW,DE,DE_LU,actual_load,Actual Load,2026-07-26T13:03:42Z
2026-07-26T12:59:54Z,2026-07-26T14:59:54+0200,adf59793-da45-49b4-9a92-f95cd560cccb,2026-07-22T17:00:00Z,2026-07-22T19:00:00+0200,57506.06674,MW,DE,DE_LU,actual_load,Actual Load,2026-07-26T13:03:42Z
2026-07-26T12:59:54Z,2026-07-26T14:59:54+0200,adf59793-da45-49b4-9a92-f95cd560cccb,2026-07-22T17:15:00Z,2026-07-22T19:15:00+0200,56769.13779,MW,DE,DE_LU,actual_load,Actual Load,2026-07-26T13:03:42Z
2026-07-26T12:59:54Z,2026-07-26T14:59:54+0200,adf59793-da45-49b4-9a92-f95cd560cccb,2026-07-22T17:30:00Z,2026-07-22T19:30:00+0200,56283.24199,MW,DE,DE_LU,actual_load,Actual Load,2026-07-26T13:03:42Z
2026-07-26T12:59:54Z,2026-07-26T14:59:54+0200,adf59793-da45-49b4-9a92-f95cd560cccb,2026-07-22T17:45:00Z,2026-07-22T19:45:00+0200,56323.90504,MW,DE,DE_LU,actual_load,Actual Load,2026-07-26T13:03:42Z
2026-07-26T12:59:54Z,2026-07-26T14:59:54+0200,adf59793-da45-49b4-9a92-f95cd560cccb,2026-07-22T18:00:00Z,2026-07-22T20:00:00+0200,56271.28587,MW,DE,DE_LU,actual_load,Actual Load,2026-07-26T13:03:42Z
2026-07-26T12:59:54Z,2026-07-26T14:59:54+0200,adf59793-da45-49b4-9a92-f95cd560cccb,2026-07-22T18:15:00Z,2026-07-22T20:15:00+0200,54928.05897,MW,DE,DE_LU,actual_load,Actual Load,2026-07-26T13:03:42Z
2026-07-26T12:59:54Z,2026-07-26T14:59:54+0200,adf59793-da45-49b4-9a92-f95cd560cccb,2026-07-22T18:30:00Z,2026-07-22T20:30:00+0200,54666.6634,MW,DE,DE_LU,actual_load,Actual Load,2026-07-26T13:03:42Z
2026-07-26T12:59:54Z,2026-07-26T14:59:54+0200,adf59793-da45-49b4-9a92-f95cd560cccb,2026-07-22T18:45:00Z,2026-07-22T20:45:00+0200,54165.55836,MW,DE,DE_LU,actual_load,Actual Load,2026-07-26T13:03:42Z
2026-07-26T12:59:54Z,2026-07-26T14:59:54+0200,adf59793-da45-49b4-9a92-f95cd560cccb,2026-07-22T19:00:00Z,2026-07-22T21:00:00+0200,53997.15469,MW,DE,DE_LU,actual_load,Actual Load,2026-07-26T13:03:42Z
2026-07-26T12:59:54Z,2026-07-26T14:59:54+0200,adf59793-da45-49b4-9a92-f95cd560cccb,2026-07-22T19:15:00Z,2026-07-22T21:15:00+0200,53600.28257,MW,DE,DE_LU,actual_load,Actual Load,2026-07-26T13:03:42Z
2026-07-26T12:59:54Z,2026-07-26T14:59:54+0200,adf59793-da45-49b4-9a92-f95cd560cccb,2026-07-22T19:30:00Z,2026-07-22T21:30:00+0200,53192.63566,MW,DE,DE_LU,actual_load,Actual Load,2026-07-26T13:03:42Z
2026-07-26T12:59:54Z,2026-07-26T14:59:54+0200,adf59793-da45-49b4-9a92-f95cd560cccb,2026-07-22T19:45:00Z,2026-07-22T21:45:00+0200,53086.40486,MW,DE,DE_LU,actual_load,Actual Load,2026-07-26T13:03:42Z
2026-07-26T12:59:54Z,2026-07-26T14:59:54+0200,adf59793-da45-49b4-9a92-f95cd560cccb,2026-07-22T20:00:00Z,2026-07-22T22:00:00+0200,52246.27296,MW,DE,DE_LU,actual_load,Actual Load,2026-07-26T13:03:42Z
2026-07-26T12:59:54Z,2026-07-26T14:59:54+0200,adf59793-da45-49b4-9a92-f95cd560cccb,2026-07-22T20:15:00Z,2026-07-22T22:15:00+0200,51681.91651,MW,DE,DE_LU,actual_load,Actual Load,2026-07-26T13:03:42Z
2026-07-26T12:59:54Z,2026-07-26T14:59:54+0200,adf59793-da45-49b4-9a92-f95cd560cccb,2026-07-22T20:30:00Z,2026-07-22T22:30:00+0200,51388.07331,MW,DE,DE_LU,actual_load,Actual Load,2026-07-26T13:03:42Z
2026-07-26T12:59:54Z,2026-07-26T14:59:54+0200,adf59793-da45-49b4-9a92-f95cd560cccb,2026-07-22T20:45:00Z,2026-07-22T22:45:00+0200,50532.70942,MW,DE,DE_LU,actual_load,Actual Load,2026-07-26T13:03:42Z
2026-07-26T12:59:54Z,2026-07-26T14:59:54+0200,adf59793-da45-49b4-9a92-f95cd560cccb,2026-07-22T21:00:00Z,2026-07-22T23:00:00+0200,49038.11903,MW,DE,DE_LU,actual_load,Actual Load,2026-07-26T13:03:42Z
2026-07-26T12:59:54Z,2026-07-26T14:59:54+0200,adf59793-da45-49b4-9a92-f95cd560cccb,2026-07-22T21:15:00Z,2026-07-22T23:15:00+0200,48557.67085,MW,DE,DE_LU,actual_load,Actual Load,2026-07-26T13:03:42Z
2026-07-26T12:59:54Z,2026-07-26T14:59:54+0200,adf59793-da45-49b4-9a92-f95cd560cccb,2026-07-22T21:30:00Z,2026-07-22T23:30:00+0200,48317.49397,MW,DE,DE_LU,actual_load,Actual Load,2026-07-26T13:03:42Z
2026-07-26T12:59:54Z,2026-07-26T14:59:54+0200,adf59793-da45-49b4-9a92-f95cd560cccb,2026-07-22T21:45:00Z,2026-07-22T23:45:00+0200,47426.47791,MW,DE,DE_LU,actual_load,Actual Load,2026-07-26T13:03:42Z
2026-07-26T12:59:54Z,2026-07-26T14:59:54+0200,adf59793-da45-49b4-9a92-f95cd560cccb,2026-07-22T22:00:00Z,2026-07-23T00:00:00+0200,46809.33447,MW,DE,DE_LU,actual_load,Actual Load,2026-07-26T13:03:42Z
2026-07-26T12:59:54Z,2026-07-26T14:59:54+0200,adf59793-da45-49b4-9a92-f95cd560cccb,2026-07-22T22:15:00Z,2026-07-23T00:15:00+0200,46767.58683,MW,DE,DE_LU,actual_load,Actual Load,2026-07-26T13:03:42Z
2026-07-26T12:59:54Z,2026-07-26T14:59:54+0200,adf59793-da45-49b4-9a92-f95cd560cccb,2026-07-22T22:30:00Z,2026-07-23T00:30:00+0200,46514.84825,MW,DE,DE_LU,actual_load,Actual Load,2026-07-26T13:03:42Z
2026-07-26T12:59:54Z,2026-07-26T14:59:54+0200,adf59793-da45-49b4-9a92-f95cd560cccb,2026-07-22T22:45:00Z,2026-07-23T00:45:00+0200,46034.69212,MW,DE,DE_LU,actual_load,Actual Load,2026-07-26T13:03:42Z
2026-07-26T12:59:54Z,2026-07-26T14:59:54+0200,adf59793-da45-49b4-9a92-f95cd560cccb,2026-07-22T23:00:00Z,2026-07-23T01:00:00+0200,44986.32204,MW,DE,DE_LU,actual_load,Actual Load,2026-07-26T13:03:42Z
2026-07-26T12:59:54Z,2026-07-26T14:59:54+0200,adf59793-da45-49b4-9a92-f95cd560cccb,2026-07-22T23:15:00Z,2026-07-23T01:15:00+0200,45099.67213,MW,DE,DE_LU,actual_load,Actual Load,2026-07-26T13:03:42Z
2026-07-26T12:59:54Z,2026-07-26T14:59:54+0200,adf59793-da45-49b4-9a92-f95cd560cccb,2026-07-22T23:30:00Z,2026-07-23T01:30:00+0200,44994.4831,MW,DE,DE_LU,actual_load,Actual Load,2026-07-26T13:03:42Z
2026-07-26T12:59:54Z,2026-07-26T14:59:54+0200,adf59793-da45-49b4-9a92-f95cd560cccb,2026-07-22T23:45:00Z,2026-07-23T01:45:00+0200,44590.0707,MW,DE,DE_LU,actual_load,Actual Load,2026-07-26T13:03:42Z
2026-07-26T12:59:54Z,2026-07-26T14:59:54+0200,adf59793-da45-49b4-9a92-f95cd560cccb,2026-07-23T00:00:00Z,2026-07-23T02:00:00+0200,43610.99957,MW,DE,DE_LU,actual_load,Actual Load,2026-07-26T13:03:42Z
2026-07-26T12:59:54Z,2026-07-26T14:59:54+0200,adf59793-da45-49b4-9a92-f95cd560cccb,2026-07-23T00:15:00Z,2026-07-23T02:15:00+0200,43392.75419,MW,DE,DE_LU,actual_load,Actual Load,2026-07-26T13:03:42Z
2026-07-26T12:59:54Z,2026-07-26T14:59:54+0200,adf59793-da45-49b4-9a92-f95cd560cccb,2026-07-23T00:30:00Z,2026-07-23T02:30:00+0200,43252.30857,MW,DE,DE_LU,actual_load,Actual Load,2026-07-26T13:03:42Z
2026-07-26T12:59:54Z,2026-07-26T14:59:54+0200,adf59793-da45-49b4-9a92-f95cd560cccb,2026-07-23T00:45:00Z,2026-07-23T02:45:00+0200,43523.33341,MW,DE,DE_LU,actual_load,Actual Load,2026-07-26T13:03:42Z
2026-07-26T12:59:54Z,2026-07-26T14:59:54+0200,adf59793-da45-49b4-9a92-f95cd560cccb,2026-07-23T01:00:00Z,2026-07-23T03:00:00+0200,43186.48307,MW,DE,DE_LU,actual_load,Actual Load,2026-07-26T13:03:42Z
2026-07-26T12:59:54Z,2026-07-26T14:59:54+0200,adf59793-da45-49b4-9a92-f95cd560cccb,2026-07-23T01:15:00Z,2026-07-23T03:15:00+0200,42991.99424,MW,DE,DE_LU,actual_load,Actual Load,2026-07-26T13:03:42Z
2026-07-26T12:59:54Z,2026-07-26T14:59:54+0200,adf59793-da45-49b4-9a92-f95cd560cccb,2026-07-23T01:30:00Z,2026-07-23T03:30:00+0200,42874.22297,MW,DE,DE_LU,actual_load,Actual Load,2026-07-26T13:03:42Z
2026-07-26T12:59:54Z,2026-07-26T14:59:54+0200,adf59793-da45-49b4-9a92-f95cd560cccb,2026-07-23T01:45:00Z,2026-07-23T03:45:00+0200,42713.1215,MW,DE,DE_LU,actual_load,Actual Load,2026-07-26T13:03:42Z
2026-07-26T12:59:54Z,2026-07-26T14:59:54+0200,adf59793-da45-49b4-9a92-f95cd560cccb,2026-07-23T02:00:00Z,2026-07-23T04:00:00+0200,42951.32918,MW,DE,DE_LU,actual_load,Actual Load,2026-07-26T13:03:42Z
2026-07-26T12:59:54Z,2026-07-26T14:59:54+0200,adf59793-da45-49b4-9a92-f95cd560cccb,2026-07-23T02:15:00Z,2026-07-23T04:15:00+0200,43480.35165,MW,DE,DE_LU,actual_load,Actual Load,2026-07-26T13:03:42Z
2026-07-26T12:59:54Z,2026-07-26T14:59:54+0200,adf59793-da45-49b4-9a92-f95cd560cccb,2026-07-23T02:30:00Z,2026-07-23T04:30:00+0200,43989.80652,MW,DE,DE_LU,actual_load,Actual Load,2026-07-26T13:03:42Z
2026-07-26T12:59:54Z,2026-07-26T14:59:54+0200,adf59793-da45-49b4-9a92-f95cd560cccb,2026-07-23T02:45:00Z,2026-07-23T04:45:00+0200,44146.32119,MW,DE,DE_LU,actual_load,Actual Load,2026-07-26T13:03:42Z
2026-07-26T12:59:54Z,2026-07-26T14:59:54+0200,adf59793-da45-49b4-9a92-f95cd560cccb,2026-07-23T03:00:00Z,2026-07-23T05:00:00+0200,45265.00769,MW,DE,DE_LU,actual_load,Actual Load,2026-07-26T13:03:42Z
2026-07-26T12:59:54Z,2026-07-26T14:59:54+0200,adf59793-da45-49b4-9a92-f95cd560cccb,2026-07-23T03:15:00Z,2026-07-23T05:15:00+0200,46390.30413,MW,DE,DE_LU,actual_load,Actual Load,2026-07-26T13:03:42Z
2026-07-26T12:59:54Z,2026-07-26T14:59:54+0200,adf59793-da45-49b4-9a92-f95cd560cccb,2026-07-23T03:30:00Z,2026-07-23T05:30:00+0200,47482.72794,MW,DE,DE_LU,actual_load,Actual Load,2026-07-26T13:03:42Z
2026-07-26T12:59:54Z,2026-07-26T14:59:54+0200,adf59793-da45-49b4-9a92-f95cd560cccb,2026-07-23T03:45:00Z,2026-07-23T05:45:00+0200,48113.08598,MW,DE,DE_LU,actual_load,Actual Load,2026-07-26T13:03:42Z
2026-07-26T12:59:54Z,2026-07-26T14:59:54+0200,adf59793-da45-49b4-9a92-f95cd560cccb,2026-07-23T04:00:00Z,2026-07-23T06:00:00+0200,50027.29815,MW,DE,DE_LU,actual_load,Actual Load,2026-07-26T13:03:42Z
2026-07-26T12:59:54Z,2026-07-26T14:59:54+0200,adf59793-da45-49b4-9a92-f95cd560cccb,2026-07-23T04:15:00Z,2026-07-23T06:15:00+0200,51608.63352,MW,DE,DE_LU,actual_load,Actual Load,2026-07-26T13:03:42Z
2026-07-26T12:59:54Z,2026-07-26T14:59:54+0200,adf59793-da45-49b4-9a92-f95cd560cccb,2026-07-23T04:30:00Z,2026-07-23T06:30:00+0200,52726.67919,MW,DE,DE_LU,actual_load,Actual Load,2026-07-26T13:03:42Z
2026-07-26T12:59:54Z,2026-07-26T14:59:54+0200,adf59793-da45-49b4-9a92-f95cd560cccb,2026-07-23T04:45:00Z,2026-07-23T06:45:00+0200,54114.02264,MW,DE,DE_LU,actual_load,Actual Load,2026-07-26T13:03:42Z
2026-07-26T12:59:54Z,2026-07-26T14:59:54+0200,adf59793-da45-49b4-9a92-f95cd560cccb,2026-07-23T05:00:00Z,2026-07-23T07:00:00+0200,55520.52445,MW,DE,DE_LU,actual_load,Actual Load,2026-07-26T13:03:42Z
2026-07-26T12:59:54Z,2026-07-26T14:59:54+0200,adf59793-da45-49b4-9a92-f95cd560cccb,2026-07-23T05:15:00Z,2026-07-23T07:15:00+0200,56543.69309,MW,DE,DE_LU,actual_load,Actual Load,2026-07-26T13:03:42Z
2026-07-26T12:59:54Z,2026-07-26T14:59:54+0200,adf59793-da45-49b4-9a92-f95cd560cccb,2026-07-23T05:30:00Z,2026-07-23T07:30:00+0200,57414.94102,MW,DE,DE_LU,actual_load,Actual Load,2026-07-26T13:03:42Z
2026-07-26T12:59:54Z,2026-07-26T14:59:54+0200,adf59793-da45-49b4-9a92-f95cd560cccb,2026-07-23T05:45:00Z,2026-07-23T07:45:00+0200,58273.39784,MW,DE,DE_LU,actual_load,Actual Load,2026-07-26T13:03:42Z
2026-07-26T12:59:54Z,2026-07-26T14:59:54+0200,adf59793-da45-49b4-9a92-f95cd560cccb,2026-07-23T06:00:00Z,2026-07-23T08:00:00+0200,58563.66806,MW,DE,DE_LU,actual_load,Actual Load,2026-07-26T13:03:42Z
2026-07-26T12:59:54Z,2026-07-26T14:59:54+0200,adf59793-da45-49b4-9a92-f95cd560cccb,2026-07-23T06:15:00Z,2026-07-23T08:15:00+0200,59090.02971,MW,DE,DE_LU,actual_load,Actual Load,2026-07-26T13:03:42Z
2026-07-26T12:59:54Z,2026-07-26T14:59:54+0200,adf59793-da45-49b4-9a92-f95cd560cccb,2026-07-23T06:30:00Z,2026-07-23T08:30:00+0200,59972.41739,MW,DE,DE_LU,actual_load,Actual Load,2026-07-26T13:03:42Z
2026-07-26T12:59:54Z,2026-07-26T14:59:54+0200,adf59793-da45-49b4-9a92-f95cd560cccb,2026-07-23T06:45:00Z,2026-07-23T08:45:00+0200,59988.93625,MW,DE,DE_LU,actual_load,Actual Load,2026-07-26T13:03:42Z
2026-07-26T12:59:54Z,2026-07-26T14:59:54+0200,adf59793-da45-49b4-9a92-f95cd560cccb,2026-07-23T07:00:00Z,2026-07-23T09:00:00+0200,60287.18285,MW,DE,DE_LU,actual_load,Actual Load,2026-07-26T13:03:42Z
2026-07-26T12:59:54Z,2026-07-26T14:59:54+0200,adf59793-da45-49b4-9a92-f95cd560cccb,2026-07-23T07:15:00Z,2026-07-23T09:15:00+0200,60720.32863,MW,DE,DE_LU,actual_load,Actual Load,2026-07-26T13:03:42Z
2026-07-26T12:59:54Z,2026-07-26T14:59:54+0200,adf59793-da45-49b4-9a92-f95cd560cccb,2026-07-23T07:30:00Z,2026-07-23T09:30:00+0200,61021.57753,MW,DE,DE_LU,actual_load,Actual Load,2026-07-26T13:03:42Z
2026-07-26T12:59:54Z,2026-07-26T14:59:54+0200,adf59793-da45-49b4-9a92-f95cd560cccb,2026-07-23T07:45:00Z,2026-07-23T09:45:00+0200,60632.55178,MW,DE,DE_LU,actual_load,Actual Load,2026-07-26T13:03:42Z
2026-07-26T12:59:54Z,2026-07-26T14:59:54+0200,adf59793-da45-49b4-9a92-f95cd560cccb,2026-07-23T08:00:00Z,2026-07-23T10:00:00+0200,61028.20808,MW,DE,DE_LU,actual_load,Actual Load,2026-07-26T13:03:42Z
2026-07-26T12:59:54Z,2026-07-26T14:59:54+0200,adf59793-da45-49b4-9a92-f95cd560cccb,2026-07-23T08:15:00Z,2026-07-23T10:15:00+0200,61232.5581,MW,DE,DE_LU,actual_load,Actual Load,2026-07-26T13:03:42Z
2026-07-26T12:59:54Z,2026-07-26T14:59:54+0200,adf59793-da45-49b4-9a92-f95cd560cccb,2026-07-23T08:30:00Z,2026-07-23T10:30:00+0200,61514.93028,MW,DE,DE_LU,actual_load,Actual Load,2026-07-26T13:03:42Z
2026-07-26T12:59:54Z,2026-07-26T14:59:54+0200,adf59793-da45-49b4-9a92-f95cd560cccb,2026-07-23T08:45:00Z,2026-07-23T10:45:00+0200,61268.6744,MW,DE,DE_LU,actual_load,Actual Load,2026-07-26T13:03:42Z
2026-07-26T12:59:54Z,2026-07-26T14:59:54+0200,adf59793-da45-49b4-9a92-f95cd560cccb,2026-07-23T09:00:00Z,2026-07-23T11:00:00+0200,60976.3485,MW,DE,DE_LU,actual_load,Actual Load,2026-07-26T13:03:42Z
2026-07-26T12:59:54Z,2026-07-26T14:59:54+0200,adf59793-da45-49b4-9a92-f95cd560cccb,2026-07-23T09:15:00Z,2026-07-23T11:15:00+0200,60760.87886,MW,DE,DE_LU,actual_load,Actual Load,2026-07-26T13:03:42Z
2026-07-26T12:59:54Z,2026-07-26T14:59:54+0200,adf59793-da45-49b4-9a92-f95cd560cccb,2026-07-23T09:30:00Z,2026-07-23T11:30:00+0200,60873.36961,MW,DE,DE_LU,actual_load,Actual Load,2026-07-26T13:03:42Z
2026-07-26T12:59:54Z,2026-07-26T14:59:54+0200,adf59793-da45-49b4-9a92-f95cd560cccb,2026-07-23T09:45:00Z,2026-07-23T11:45:00+0200,60100.67896,MW,DE,DE_LU,actual_load,Actual Load,2026-07-26T13:03:42Z
2026-07-26T12:59:54Z,2026-07-26T14:59:54+0200,adf59793-da45-49b4-9a92-f95cd560cccb,2026-07-23T10:00:00Z,2026-07-23T12:00:00+0200,59576.98598,MW,DE,DE_LU,actual_load,Actual Load,2026-07-26T13:03:42Z
2026-07-26T12:59:54Z,2026-07-26T14:59:54+0200,adf59793-da45-49b4-9a92-f95cd560cccb,2026-07-23T10:15:00Z,2026-07-23T12:15:00+0200,59193.49619,MW,DE,DE_LU,actual_load,Actual Load,2026-07-26T13:03:42Z
2026-07-26T12:59:54Z,2026-07-26T14:59:54+0200,adf59793-da45-49b4-9a92-f95cd560cccb,2026-07-23T10:30:00Z,2026-07-23T12:30:00+0200,59259.65998,MW,DE,DE_LU,actual_load,Actual Load,2026-07-26T13:03:42Z
2026-07-26T12:59:54Z,2026-07-26T14:59:54+0200,adf59793-da45-49b4-9a92-f95cd560cccb,2026-07-23T10:45:00Z,2026-07-23T12:45:00+0200,58028.81347,MW,DE,DE_LU,actual_load,Actual Load,2026-07-26T13:03:42Z
2026-07-26T12:59:54Z,2026-07-26T14:59:54+0200,adf59793-da45-49b4-9a92-f95cd560cccb,2026-07-23T11:00:00Z,2026-07-23T13:00:00+0200,56573.91376,MW,DE,DE_LU,actual_load,Actual Load,2026-07-26T13:03:42Z
2026-07-26T12:59:54Z,2026-07-26T14:59:54+0200,adf59793-da45-49b4-9a92-f95cd560cccb,2026-07-23T11:15:00Z,2026-07-23T13:15:00+0200,57303.28581,MW,DE,DE_LU,actual_load,Actual Load,2026-07-26T13:03:42Z
2026-07-26T12:59:54Z,2026-07-26T14:59:54+0200,adf59793-da45-49b4-9a92-f95cd560cccb,2026-07-23T11:30:00Z,2026-07-23T13:30:00+0200,56838.71273,MW,DE,DE_LU,actual_load,Actual Load,2026-07-26T13:03:42Z
2026-07-26T12:59:54Z,2026-07-26T14:59:54+0200,adf59793-da45-49b4-9a92-f95cd560cccb,2026-07-23T11:45:00Z,2026-07-23T13:45:00+0200,56013.95693,MW,DE,DE_LU,actual_load,Actual Load,2026-07-26T13:03:42Z
2026-07-26T12:59:54Z,2026-07-26T14:59:54+0200,adf59793-da45-49b4-9a92-f95cd560cccb,2026-07-23T12:00:00Z,2026-07-23T14:00:00+0200,55845.98384,MW,DE,DE_LU,actual_load,Actual Load,2026-07-26T13:03:42Z
2026-07-26T12:59:54Z,2026-07-26T14:59:54+0200,adf59793-da45-49b4-9a92-f95cd560cccb,2026-07-23T12:15:00Z,2026-07-23T14:15:00+0200,55610.70272,MW,DE,DE_LU,actual_load,Actual Load,2026-07-26T13:03:42Z
2026-07-26T12:59:54Z,2026-07-26T14:59:54+0200,adf59793-da45-49b4-9a92-f95cd560cccb,2026-07-23T12:30:00Z,2026-07-23T14:30:00+0200,54928.8315,MW,DE,DE_LU,actual_load,Actual Load,2026-07-26T13:03:42Z
2026-07-26T12:59:54Z,2026-07-26T14:59:54+0200,adf59793-da45-49b4-9a92-f95cd560cccb,2026-07-23T12:45:00Z,2026-07-23T14:45:00+0200,54389.67196,MW,DE,DE_LU,actual_load,Actual Load,2026-07-26T13:03:42Z
2026-07-26T12:59:54Z,2026-07-26T14:59:54+0200,adf59793-da45-49b4-9a92-f95cd560cccb,2026-07-23T13:00:00Z,2026-07-23T15:00:00+0200,54306.66466,MW,DE,DE_LU,actual_load,Actual Load,2026-07-26T13:03:42Z
2026-07-26T12:59:54Z,2026-07-26T14:59:54+0200,adf59793-da45-49b4-9a92-f95cd560cccb,2026-07-23T13:15:00Z,2026-07-23T15:15:00+0200,53300.76055,MW,DE,DE_LU,actual_load,Actual Load,2026-07-26T13:03:42Z
2026-07-26T12:59:54Z,2026-07-26T14:59:54+0200,adf59793-da45-49b4-9a92-f95cd560cccb,2026-07-23T13:30:00Z,2026-07-23T15:30:00+0200,53036.83645,MW,DE,DE_LU,actual_load,Actual Load,2026-07-26T13:03:42Z
2026-07-26T12:59:54Z,2026-07-26T14:59:54+0200,adf59793-da45-49b4-9a92-f95cd560cccb,2026-07-23T13:45:00Z,2026-07-23T15:45:00+0200,52705.34558,MW,DE,DE_LU,actual_load,Actual Load,2026-07-26T13:03:42Z
2026-07-26T12:59:54Z,2026-07-26T14:59:54+0200,adf59793-da45-49b4-9a92-f95cd560cccb,2026-07-23T14:00:00Z,2026-07-23T16:00:00+0200,53354.1125,MW,DE,DE_LU,actual_load,Actual Load,2026-07-26T13:03:42Z
2026-07-26T12:59:54Z,2026-07-26T14:59:54+0200,adf59793-da45-49b4-9a92-f95cd560cccb,2026-07-23T14:15:00Z,2026-07-23T16:15:00+0200,52671.54329,MW,DE,DE_LU,actual_load,Actual Load,2026-07-26T13:03:42Z
2026-07-26T12:59:54Z,2026-07-26T14:59:54+0200,adf59793-da45-49b4-9a92-f95cd560cccb,2026-07-23T14:30:00Z,2026-07-23T16:30:00+0200,52427.69035,MW,DE,DE_LU,actual_load,Actual Load,2026-07-26T13:03:42Z
2026-07-26T12:59:54Z,2026-07-26T14:59:54+0200,adf59793-da45-49b4-9a92-f95cd560cccb,2026-07-23T14:45:00Z,2026-07-23T16:45:00+0200,52408.14891,MW,DE,DE_LU,actual_load,Actual Load,2026-07-26T13:03:42Z
2026-07-26T12:59:54Z,2026-07-26T14:59:54+0200,adf59793-da45-49b4-9a92-f95cd560cccb,2026-07-23T15:00:00Z,2026-07-23T17:00:00+0200,52288.53865,MW,DE,DE_LU,actual_load,Actual Load,2026-07-26T13:03:42Z
2026-07-26T12:59:54Z,2026-07-26T14:59:54+0200,adf59793-da45-49b4-9a92-f95cd560cccb,2026-07-23T15:15:00Z,2026-07-23T17:15:00+0200,52450.31823,MW,DE,DE_LU,actual_load,Actual Load,2026-07-26T13:03:42Z
2026-07-26T12:59:54Z,2026-07-26T14:59:54+0200,adf59793-da45-49b4-9a92-f95cd560cccb,2026-07-23T15:30:00Z,2026-07-23T17:30:00+0200,53496.64464,MW,DE,DE_LU,actual_load,Actual Load,2026-07-26T13:03:42Z
2026-07-26T12:59:54Z,2026-07-26T14:59:54+0200,adf59793-da45-49b4-9a92-f95cd560cccb,2026-07-23T15:45:00Z,2026-07-23T17:45:00+0200,53872.44673,MW,DE,DE_LU,actual_load,Actual Load,2026-07-26T13:03:42Z
2026-07-26T12:59:54Z,2026-07-26T14:59:54+0200,adf59793-da45-49b4-9a92-f95cd560cccb,2026-07-23T16:00:00Z,2026-07-23T18:00:00+0200,55409.97087,MW,DE,DE_LU,actual_load,Actual Load,2026-07-26T13:03:42Z
2026-07-26T12:59:54Z,2026-07-26T14:59:54+0200,adf59793-da45-49b4-9a92-f95cd560cccb,2026-07-23T16:15:00Z,2026-07-23T18:15:00+0200,55372.6445,MW,DE,DE_LU,actual_load,Actual Load,2026-07-26T13:03:42Z
2026-07-26T12:59:54Z,2026-07-26T14:59:54+0200,adf59793-da45-49b4-9a92-f95cd560cccb,2026-07-23T16:30:00Z,2026-07-23T18:30:00+0200,55984.2568,MW,DE,DE_LU,actual_load,Actual Load,2026-07-26T13:03:42Z
2026-07-26T12:59:54Z,2026-07-26T14:59:54+0200,adf59793-da45-49b4-9a92-f95cd560cccb,2026-07-23T16:45:00Z,2026-07-23T18:45:00+0200,56639.22656,MW,DE,DE_LU,actual_load,Actual Load,2026-07-26T13:03:42Z
2026-07-26T12:59:54Z,2026-07-26T14:59:54+0200,adf59793-da45-49b4-9a92-f95cd560cccb,2026-07-23T17:00:00Z,2026-07-23T19:00:00+0200,57510.96342,MW,DE,DE_LU,actual_load,Actual Load,2026-07-26T13:03:42Z
2026-07-26T12:59:54Z,2026-07-26T14:59:54+0200,adf59793-da45-49b4-9a92-f95cd560cccb,2026-07-23T17:15:00Z,2026-07-23T19:15:00+0200,57425.38244,MW,DE,DE_LU,actual_load,Actual Load,2026-07-26T13:03:42Z
2026-07-26T12:59:54Z,2026-07-26T14:59:54+0200,adf59793-da45-49b4-9a92-f95cd560cccb,2026-07-23T17:30:00Z,2026-07-23T19:30:00+0200,57250.72249,MW,DE,DE_LU,actual_load,Actual Load,2026-07-26T13:03:42Z
2026-07-26T12:59:54Z,2026-07-26T14:59:54+0200,adf59793-da45-49b4-9a92-f95cd560cccb,2026-07-23T17:45:00Z,2026-07-23T19:45:00+0200,56976.73733,MW,DE,DE_LU,actual_load,Actual Load,2026-07-26T13:03:42Z
2026-07-26T12:59:54Z,2026-07-26T14:59:54+0200,adf59793-da45-49b4-9a92-f95cd560cccb,2026-07-23T18:00:00Z,2026-07-23T20:00:00+0200,56557.23912,MW,DE,DE_LU,actual_load,Actual Load,2026-07-26T13:03:42Z
2026-07-26T12:59:54Z,2026-07-26T14:59:54+0200,adf59793-da45-49b4-9a92-f95cd560cccb,2026-07-23T18:15:00Z,2026-07-23T20:15:00+0200,55933.04712,MW,DE,DE_LU,actual_load,Actual Load,2026-07-26T13:03:42Z
2026-07-26T12:59:54Z,2026-07-26T14:59:54+0200,adf59793-da45-49b4-9a92-f95cd560cccb,2026-07-23T18:30:00Z,2026-07-23T20:30:00+0200,55237.20336,MW,DE,DE_LU,actual_load,Actual Load,2026-07-26T13:03:42Z
2026-07-26T12:59:54Z,2026-07-26T14:59:54+0200,adf59793-da45-49b4-9a92-f95cd560cccb,2026-07-23T18:45:00Z,2026-07-23T20:45:00+0200,54755.64097,MW,DE,DE_LU,actual_load,Actual Load,2026-07-26T13:03:42Z
2026-07-26T12:59:54Z,2026-07-26T14:59:54+0200,adf59793-da45-49b4-9a92-f95cd560cccb,2026-07-23T19:00:00Z,2026-07-23T21:00:00+0200,53974.74245,MW,DE,DE_LU,actual_load,Actual Load,2026-07-26T13:03:42Z
2026-07-26T12:59:54Z,2026-07-26T14:59:54+0200,adf59793-da45-49b4-9a92-f95cd560cccb,2026-07-23T19:15:00Z,2026-07-23T21:15:00+0200,54164.17916,MW,DE,DE_LU,actual_load,Actual Load,2026-07-26T13:03:42Z
2026-07-26T12:59:54Z,2026-07-26T14:59:54+0200,adf59793-da45-49b4-9a92-f95cd560cccb,2026-07-23T19:30:00Z,2026-07-23T21:30:00+0200,54302.45593,MW,DE,DE_LU,actual_load,Actual Load,2026-07-26T13:03:42Z
2026-07-26T12:59:54Z,2026-07-26T14:59:54+0200,adf59793-da45-49b4-9a92-f95cd560cccb,2026-07-23T19:45:00Z,2026-07-23T21:45:00+0200,53859.91145,MW,DE,DE_LU,actual_load,Actual Load,2026-07-26T13:03:42Z
2026-07-26T12:59:54Z,2026-07-26T14:59:54+0200,adf59793-da45-49b4-9a92-f95cd560cccb,2026-07-23T20:00:00Z,2026-07-23T22:00:00+0200,52381.96817,MW,DE,DE_LU,actual_load,Actual Load,2026-07-26T13:03:42Z
2026-07-26T12:59:54Z,2026-07-26T14:59:54+0200,adf59793-da45-49b4-9a92-f95cd560cccb,2026-07-23T20:15:00Z,2026-07-23T22:15:00+0200,52318.74368,MW,DE,DE_LU,actual_load,Actual Load,2026-07-26T13:03:42Z
2026-07-26T12:59:54Z,2026-07-26T14:59:54+0200,adf59793-da45-49b4-9a92-f95cd560cccb,2026-07-23T20:30:00Z,2026-07-23T22:30:00+0200,51868.17128,MW,DE,DE_LU,actual_load,Actual Load,2026-07-26T13:03:42Z
2026-07-26T12:59:54Z,2026-07-26T14:59:54+0200,adf59793-da45-49b4-9a92-f95cd560cccb,2026-07-23T20:45:00Z,2026-07-23T22:45:00+0200,50654.27364,MW,DE,DE_LU,actual_load,Actual Load,2026-07-26T13:03:42Z
2026-07-26T12:59:54Z,2026-07-26T14:59:54+0200,adf59793-da45-49b4-9a92-f95cd560cccb,2026-07-23T21:00:00Z,2026-07-23T23:00:00+0200,49376.45223,MW,DE,DE_LU,actual_load,Actual Load,2026-07-26T13:03:42Z
2026-07-26T12:59:54Z,2026-07-26T14:59:54+0200,adf59793-da45-49b4-9a92-f95cd560cccb,2026-07-23T21:15:00Z,2026-07-23T23:15:00+0200,49294.77011,MW,DE,DE_LU,actual_load,Actual Load,2026-07-26T13:03:42Z
2026-07-26T12:59:54Z,2026-07-26T14:59:54+0200,adf59793-da45-49b4-9a92-f95cd560cccb,2026-07-23T21:30:00Z,2026-07-23T23:30:00+0200,48837.30615,MW,DE,DE_LU,actual_load,Actual Load,2026-07-26T13:03:42Z
2026-07-26T12:59:54Z,2026-07-26T14:59:54+0200,adf59793-da45-49b4-9a92-f95cd560cccb,2026-07-23T21:45:00Z,2026-07-23T23:45:00+0200,48149.44875,MW,DE,DE_LU,actual_load,Actual Load,2026-07-26T13:03:42Z
2026-07-26T12:59:54Z,2026-07-26T14:59:54+0200,adf59793-da45-49b4-9a92-f95cd560cccb,2026-07-23T22:00:00Z,2026-07-24T00:00:00+0200,47394.46765,MW,DE,DE_LU,actual_load,Actual Load,2026-07-26T13:03:42Z
2026-07-26T12:59:54Z,2026-07-26T14:59:54+0200,adf59793-da45-49b4-9a92-f95cd560cccb,2026-07-23T22:15:00Z,2026-07-24T00:15:00+0200,46866.46064,MW,DE,DE_LU,actual_load,Actual Load,2026-07-26T13:03:42Z
2026-07-26T12:59:54Z,2026-07-26T14:59:54+0200,adf59793-da45-49b4-9a92-f95cd560cccb,2026-07-23T22:30:00Z,2026-07-24T00:30:00+0200,46758.42479,MW,DE,DE_LU,actual_load,Actual Load,2026-07-26T13:03:42Z
2026-07-26T12:59:54Z,2026-07-26T14:59:54+0200,adf59793-da45-49b4-9a92-f95cd560cccb,2026-07-23T22:45:00Z,2026-07-24T00:45:00+0200,46414.29115,MW,DE,DE_LU,actual_load,Actual Load,2026-07-26T13:03:42Z
2026-07-26T12:59:54Z,2026-07-26T14:59:54+0200,adf59793-da45-49b4-9a92-f95cd560cccb,2026-07-23T23:00:00Z,2026-07-24T01:00:00+0200,45781.38178,MW,DE,DE_LU,actual_load,Actual Load,2026-07-26T13:03:42Z
2026-07-26T12:59:54Z,2026-07-26T14:59:54+0200,adf59793-da45-49b4-9a92-f95cd560cccb,2026-07-23T23:15:00Z,2026-07-24T01:15:00+0200,45504.76395,MW,DE,DE_LU,actual_load,Actual Load,2026-07-26T13:03:42Z
2026-07-26T12:59:54Z,2026-07-26T14:59:54+0200,adf59793-da45-49b4-9a92-f95cd560cccb,2026-07-23T23:30:00Z,2026-07-24T01:30:00+0200,44876.11811,MW,DE,DE_LU,actual_load,Actual Load,2026-07-26T13:03:42Z
2026-07-26T12:59:54Z,2026-07-26T14:59:54+0200,adf59793-da45-49b4-9a92-f95cd560cccb,2026-07-23T23:45:00Z,2026-07-24T01:45:00+0200,44601.97116,MW,DE,DE_LU,actual_load,Actual Load,2026-07-26T13:03:42Z
2026-07-26T12:59:54Z,2026-07-26T14:59:54+0200,adf59793-da45-49b4-9a92-f95cd560cccb,2026-07-24T00:00:00Z,2026-07-24T02:00:00+0200,44485.10741,MW,DE,DE_LU,actual_load,Actual Load,2026-07-26T13:03:42Z
2026-07-26T12:59:54Z,2026-07-26T14:59:54+0200,adf59793-da45-49b4-9a92-f95cd560cccb,2026-07-24T00:15:00Z,2026-07-24T02:15:00+0200,44580.06038,MW,DE,DE_LU,actual_load,Actual Load,2026-07-26T13:03:42Z
2026-07-26T12:59:54Z,2026-07-26T14:59:54+0200,adf59793-da45-49b4-9a92-f95cd560cccb,2026-07-24T00:30:00Z,2026-07-24T02:30:00+0200,44416.77807,MW,DE,DE_LU,actual_load,Actual Load,2026-07-26T13:03:42Z
2026-07-26T12:59:54Z,2026-07-26T14:59:54+0200,adf59793-da45-49b4-9a92-f95cd560cccb,2026-07-24T00:45:00Z,2026-07-24T02:45:00+0200,44767.97789,MW,DE,DE_LU,actual_load,Actual Load,2026-07-26T13:03:42Z
2026-07-26T12:59:54Z,2026-07-26T14:59:54+0200,adf59793-da45-49b4-9a92-f95cd560cccb,2026-07-24T01:00:00Z,2026-07-24T03:00:00+0200,44769.71637,MW,DE,DE_LU,actual_load,Actual Load,2026-07-26T13:03:42Z
2026-07-26T12:59:54Z,2026-07-26T14:59:54+0200,adf59793-da45-49b4-9a92-f95cd560cccb,2026-07-24T01:15:00Z,2026-07-24T03:15:00+0200,44607.54686,MW,DE,DE_LU,actual_load,Actual Load,2026-07-26T13:03:42Z
2026-07-26T12:59:54Z,2026-07-26T14:59:54+0200,adf59793-da45-49b4-9a92-f95cd560cccb,2026-07-24T01:30:00Z,2026-07-24T03:30:00+0200,44555.226589,MW,DE,DE_LU,actual_load,Actual Load,2026-07-26T13:03:42Z
2026-07-26T12:59:54Z,2026-07-26T14:59:54+0200,adf59793-da45-49b4-9a92-f95cd560cccb,2026-07-24T01:45:00Z,2026-07-24T03:45:00+0200,45064.224699,MW,DE,DE_LU,actual_load,Actual Load,2026-07-26T13:03:42Z
2026-07-26T12:59:54Z,2026-07-26T14:59:54+0200,adf59793-da45-49b4-9a92-f95cd560cccb,2026-07-24T02:00:00Z,2026-07-24T04:00:00+0200,45537.22322,MW,DE,DE_LU,actual_load,Actual Load,2026-07-26T13:03:42Z
2026-07-26T12:59:54Z,2026-07-26T14:59:54+0200,adf59793-da45-49b4-9a92-f95cd560cccb,2026-07-24T02:15:00Z,2026-07-24T04:15:00+0200,45642.019159,MW,DE,DE_LU,actual_load,Actual Load,2026-07-26T13:03:42Z
2026-07-26T12:59:54Z,2026-07-26T14:59:54+0200,adf59793-da45-49b4-9a92-f95cd560cccb,2026-07-24T02:30:00Z,2026-07-24T04:30:00+0200,45656.36324,MW,DE,DE_LU,actual_load,Actual Load,2026-07-26T13:03:42Z
2026-07-26T12:59:54Z,2026-07-26T14:59:54+0200,adf59793-da45-49b4-9a92-f95cd560cccb,2026-07-24T02:45:00Z,2026-07-24T04:45:00+0200,46198.68704,MW,DE,DE_LU,actual_load,Actual Load,2026-07-26T13:03:42Z
2026-07-26T12:59:54Z,2026-07-26T14:59:54+0200,adf59793-da45-49b4-9a92-f95cd560cccb,2026-07-24T03:00:00Z,2026-07-24T05:00:00+0200,47425.93043,MW,DE,DE_LU,actual_load,Actual Load,2026-07-26T13:03:42Z
2026-07-26T12:59:54Z,2026-07-26T14:59:54+0200,adf59793-da45-49b4-9a92-f95cd560cccb,2026-07-24T03:15:00Z,2026-07-24T05:15:00+0200,47603.560029,MW,DE,DE_LU,actual_load,Actual Load,2026-07-26T13:03:42Z
2026-07-26T12:59:54Z,2026-07-26T14:59:54+0200,adf59793-da45-49b4-9a92-f95cd560cccb,2026-07-24T03:30:00Z,2026-07-24T05:30:00+0200,48159.559789,MW,DE,DE_LU,actual_load,Actual Load,2026-07-26T13:03:42Z
2026-07-26T12:59:54Z,2026-07-26T14:59:54+0200,adf59793-da45-49b4-9a92-f95cd560cccb,2026-07-24T03:45:00Z,2026-07-24T05:45:00+0200,49345.8428,MW,DE,DE_LU,actual_load,Actual Load,2026-07-26T13:03:42Z
2026-07-26T12:59:54Z,2026-07-26T14:59:54+0200,adf59793-da45-49b4-9a92-f95cd560cccb,2026-07-24T04:00:00Z,2026-07-24T06:00:00+0200,51500.942459,MW,DE,DE_LU,actual_load,Actual Load,2026-07-26T13:03:42Z
2026-07-26T12:59:54Z,2026-07-26T14:59:54+0200,adf59793-da45-49b4-9a92-f95cd560cccb,2026-07-24T04:15:00Z,2026-07-24T06:15:00+0200,53005.1135,MW,DE,DE_LU,actual_load,Actual Load,2026-07-26T13:03:42Z
2026-07-26T12:59:54Z,2026-07-26T14:59:54+0200,adf59793-da45-49b4-9a92-f95cd560cccb,2026-07-24T04:30:00Z,2026-07-24T06:30:00+0200,53855.92299,MW,DE,DE_LU,actual_load,Actual Load,2026-07-26T13:03:42Z
2026-07-26T12:59:54Z,2026-07-26T14:59:54+0200,adf59793-da45-49b4-9a92-f95cd560cccb,2026-07-24T04:45:00Z,2026-07-24T06:45:00+0200,54896.72432,MW,DE,DE_LU,actual_load,Actual Load,2026-07-26T13:03:42Z
2026-07-26T12:59:54Z,2026-07-26T14:59:54+0200,adf59793-da45-49b4-9a92-f95cd560cccb,2026-07-24T05:00:00Z,2026-07-24T07:00:00+0200,56352.29701,MW,DE,DE_LU,actual_load,Actual Load,2026-07-26T13:03:42Z
2026-07-26T12:59:54Z,2026-07-26T14:59:54+0200,adf59793-da45-49b4-9a92-f95cd560cccb,2026-07-24T05:15:00Z,2026-07-24T07:15:00+0200,57444.11315,MW,DE,DE_LU,actual_load,Actual Load,2026-07-26T13:03:42Z
2026-07-26T12:59:54Z,2026-07-26T14:59:54+0200,adf59793-da45-49b4-9a92-f95cd560cccb,2026-07-24T05:30:00Z,2026-07-24T07:30:00+0200,58795.28318,MW,DE,DE_LU,actual_load,Actual Load,2026-07-26T13:03:42Z
2026-07-26T12:59:54Z,2026-07-26T14:59:54+0200,adf59793-da45-49b4-9a92-f95cd560cccb,2026-07-24T05:45:00Z,2026-07-24T07:45:00+0200,59712.71278,MW,DE,DE_LU,actual_load,Actual Load,2026-07-26T13:03:42Z
2026-07-26T12:59:54Z,2026-07-26T14:59:54+0200,adf59793-da45-49b4-9a92-f95cd560cccb,2026-07-24T06:00:00Z,2026-07-24T08:00:00+0200,59951.91789,MW,DE,DE_LU,actual_load,Actual Load,2026-07-26T13:03:42Z
2026-07-26T12:59:54Z,2026-07-26T14:59:54+0200,adf59793-da45-49b4-9a92-f95cd560cccb,2026-07-24T06:15:00Z,2026-07-24T08:15:00+0200,60304.30163,MW,DE,DE_LU,actual_load,Actual Load,2026-07-26T13:03:42Z
2026-07-26T12:59:54Z,2026-07-26T14:59:54+0200,adf59793-da45-49b4-9a92-f95cd560cccb,2026-07-24T06:30:00Z,2026-07-24T08:30:00+0200,61223.81158,MW,DE,DE_LU,actual_load,Actual Load,2026-07-26T13:03:42Z
2026-07-26T12:59:54Z,2026-07-26T14:59:54+0200,adf59793-da45-49b4-9a92-f95cd560cccb,2026-07-24T06:45:00Z,2026-07-24T08:45:00+0200,61406.24523,MW,DE,DE_LU,actual_load,Actual Load,2026-07-26T13:03:42Z
2026-07-26T12:59:54Z,2026-07-26T14:59:54+0200,adf59793-da45-49b4-9a92-f95cd560cccb,2026-07-24T07:00:00Z,2026-07-24T09:00:00+0200,59618.28689,MW,DE,DE_LU,actual_load,Actual Load,2026-07-26T13:03:42Z
2026-07-26T12:59:54Z,2026-07-26T14:59:54+0200,adf59793-da45-49b4-9a92-f95cd560cccb,2026-07-24T07:15:00Z,2026-07-24T09:15:00+0200,59809.027,MW,DE,DE_LU,actual_load,Actual Load,2026-07-26T13:03:42Z
2026-07-26T12:59:54Z,2026-07-26T14:59:54+0200,adf59793-da45-49b4-9a92-f95cd560cccb,2026-07-24T07:30:00Z,2026-07-24T09:30:00+0200,59624.36001,MW,DE,DE_LU,actual_load,Actual Load,2026-07-26T13:03:42Z
2026-07-26T12:59:54Z,2026-07-26T14:59:54+0200,adf59793-da45-49b4-9a92-f95cd560cccb,2026-07-24T07:45:00Z,2026-07-24T09:45:00+0200,58860.14984,MW,DE,DE_LU,actual_load,Actual Load,2026-07-26T13:03:42Z
2026-07-26T12:59:54Z,2026-07-26T14:59:54+0200,adf59793-da45-49b4-9a92-f95cd560cccb,2026-07-24T08:00:00Z,2026-07-24T10:00:00+0200,58856.21033,MW,DE,DE_LU,actual_load,Actual Load,2026-07-26T13:03:42Z
2026-07-26T12:59:54Z,2026-07-26T14:59:54+0200,adf59793-da45-49b4-9a92-f95cd560cccb,2026-07-24T08:15:00Z,2026-07-24T10:15:00+0200,58537.128709,MW,DE,DE_LU,actual_load,Actual Load,2026-07-26T13:03:42Z
2026-07-26T12:59:54Z,2026-07-26T14:59:54+0200,adf59793-da45-49b4-9a92-f95cd560cccb,2026-07-24T08:30:00Z,2026-07-24T10:30:00+0200,58175.327429,MW,DE,DE_LU,actual_load,Actual Load,2026-07-26T13:03:42Z
2026-07-26T12:59:54Z,2026-07-26T14:59:54+0200,adf59793-da45-49b4-9a92-f95cd560cccb,2026-07-24T08:45:00Z,2026-07-24T10:45:00+0200,58086.555089,MW,DE,DE_LU,actual_load,Actual Load,2026-07-26T13:03:42Z
2026-07-26T12:59:54Z,2026-07-26T14:59:54+0200,adf59793-da45-49b4-9a92-f95cd560cccb,2026-07-24T09:00:00Z,2026-07-24T11:00:00+0200,57735.99164,MW,DE,DE_LU,actual_load,Actual Load,2026-07-26T13:03:42Z
2026-07-26T12:59:54Z,2026-07-26T14:59:54+0200,adf59793-da45-49b4-9a92-f95cd560cccb,2026-07-24T09:15:00Z,2026-07-24T11:15:00+0200,57353.72803,MW,DE,DE_LU,actual_load,Actual Load,2026-07-26T13:03:42Z
2026-07-26T12:59:54Z,2026-07-26T14:59:54+0200,adf59793-da45-49b4-9a92-f95cd560cccb,2026-07-24T09:30:00Z,2026-07-24T11:30:00+0200,57476.680749,MW,DE,DE_LU,actual_load,Actual Load,2026-07-26T13:03:42Z
2026-07-26T12:59:54Z,2026-07-26T14:59:54+0200,adf59793-da45-49b4-9a92-f95cd560cccb,2026-07-24T09:45:00Z,2026-07-24T11:45:00+0200,56840.18411,MW,DE,DE_LU,actual_load,Actual Load,2026-07-26T13:03:42Z
2026-07-26T12:59:54Z,2026-07-26T14:59:54+0200,adf59793-da45-49b4-9a92-f95cd560cccb,2026-07-24T10:00:00Z,2026-07-24T12:00:00+0200,56348.68433,MW,DE,DE_LU,actual_load,Actual Load,2026-07-26T13:03:42Z
2026-07-26T12:59:54Z,2026-07-26T14:59:54+0200,adf59793-da45-49b4-9a92-f95cd560cccb,2026-07-24T10:15:00Z,2026-07-24T12:15:00+0200,56768.8635,MW,DE,DE_LU,actual_load,Actual Load,2026-07-26T13:03:42Z
2026-07-26T12:59:54Z,2026-07-26T14:59:54+0200,adf59793-da45-49b4-9a92-f95cd560cccb,2026-07-24T10:30:00Z,2026-07-24T12:30:00+0200,56517.34796,MW,DE,DE_LU,actual_load,Actual Load,2026-07-26T13:03:42Z
2026-07-26T12:59:54Z,2026-07-26T14:59:54+0200,adf59793-da45-49b4-9a92-f95cd560cccb,2026-07-24T10:45:00Z,2026-07-24T12:45:00+0200,56441.12263,MW,DE,DE_LU,actual_load,Actual Load,2026-07-26T13:03:42Z
2026-07-26T12:59:54Z,2026-07-26T14:59:54+0200,adf59793-da45-49b4-9a92-f95cd560cccb,2026-07-24T11:00:00Z,2026-07-24T13:00:00+0200,55177.71425,MW,DE,DE_LU,actual_load,Actual Load,2026-07-26T13:03:42Z
2026-07-26T12:59:54Z,2026-07-26T14:59:54+0200,adf59793-da45-49b4-9a92-f95cd560cccb,2026-07-24T11:15:00Z,2026-07-24T13:15:00+0200,54430.92127,MW,DE,DE_LU,actual_load,Actual Load,2026-07-26T13:03:42Z
2026-07-26T12:59:54Z,2026-07-26T14:59:54+0200,adf59793-da45-49b4-9a92-f95cd560cccb,2026-07-24T11:30:00Z,2026-07-24T13:30:00+0200,54476.7696,MW,DE,DE_LU,actual_load,Actual Load,2026-07-26T13:03:42Z
2026-07-26T12:59:54Z,2026-07-26T14:59:54+0200,adf59793-da45-49b4-9a92-f95cd560cccb,2026-07-24T11:45:00Z,2026-07-24T13:45:00+0200,54186.3019,MW,DE,DE_LU,actual_load,Actual Load,2026-07-26T13:03:42Z
2026-07-26T12:59:54Z,2026-07-26T14:59:54+0200,adf59793-da45-49b4-9a92-f95cd560cccb,2026-07-24T12:00:00Z,2026-07-24T14:00:00+0200,53067.677179,MW,DE,DE_LU,actual_load,Actual Load,2026-07-26T13:03:42Z
2026-07-26T12:59:54Z,2026-07-26T14:59:54+0200,adf59793-da45-49b4-9a92-f95cd560cccb,2026-07-24T12:15:00Z,2026-07-24T14:15:00+0200,52667.71321,MW,DE,DE_LU,actual_load,Actual Load,2026-07-26T13:03:42Z
2026-07-26T12:59:54Z,2026-07-26T14:59:54+0200,adf59793-da45-49b4-9a92-f95cd560cccb,2026-07-24T12:30:00Z,2026-07-24T14:30:00+0200,52273.26485,MW,DE,DE_LU,actual_load,Actual Load,2026-07-26T13:03:42Z
2026-07-26T12:59:54Z,2026-07-26T14:59:54+0200,adf59793-da45-49b4-9a92-f95cd560cccb,2026-07-24T12:45:00Z,2026-07-24T14:45:00+0200,52144.64626,MW,DE,DE_LU,actual_load,Actual Load,2026-07-26T13:03:42Z
2026-07-26T12:59:54Z,2026-07-26T14:59:54+0200,adf59793-da45-49b4-9a92-f95cd560cccb,2026-07-24T13:00:00Z,2026-07-24T15:00:00+0200,52343.3623,MW,DE,DE_LU,actual_load,Actual Load,2026-07-26T13:03:42Z
2026-07-26T12:59:54Z,2026-07-26T14:59:54+0200,adf59793-da45-49b4-9a92-f95cd560cccb,2026-07-24T13:15:00Z,2026-07-24T15:15:00+0200,51954.97875,MW,DE,DE_LU,actual_load,Actual Load,2026-07-26T13:03:42Z
2026-07-26T12:59:54Z,2026-07-26T14:59:54+0200,adf59793-da45-49b4-9a92-f95cd560cccb,2026-07-24T13:30:00Z,2026-07-24T15:30:00+0200,51294.49054,MW,DE,DE_LU,actual_load,Actual Load,2026-07-26T13:03:42Z
2026-07-26T12:59:54Z,2026-07-26T14:59:54+0200,adf59793-da45-49b4-9a92-f95cd560cccb,2026-07-24T13:45:00Z,2026-07-24T15:45:00+0200,51146.98566,MW,DE,DE_LU,actual_load,Actual Load,2026-07-26T13:03:42Z
2026-07-26T12:59:54Z,2026-07-26T14:59:54+0200,adf59793-da45-49b4-9a92-f95cd560cccb,2026-07-24T14:00:00Z,2026-07-24T16:00:00+0200,51676.16629,MW,DE,DE_LU,actual_load,Actual Load,2026-07-26T13:03:42Z
2026-07-26T12:59:54Z,2026-07-26T14:59:54+0200,adf59793-da45-49b4-9a92-f95cd560cccb,2026-07-24T14:15:00Z,2026-07-24T16:15:00+0200,51407.37691,MW,DE,DE_LU,actual_load,Actual Load,2026-07-26T13:03:42Z
2026-07-26T12:59:54Z,2026-07-26T14:59:54+0200,adf59793-da45-49b4-9a92-f95cd560cccb,2026-07-24T14:30:00Z,2026-07-24T16:30:00+0200,51984.59007,MW,DE,DE_LU,actual_load,Actual Load,2026-07-26T13:03:42Z
2026-07-26T12:59:54Z,2026-07-26T14:59:54+0200,adf59793-da45-49b4-9a92-f95cd560cccb,2026-07-24T14:45:00Z,2026-07-24T16:45:00+0200,52029.86187,MW,DE,DE_LU,actual_load,Actual Load,2026-07-26T13:03:42Z
2026-07-26T12:59:54Z,2026-07-26T14:59:54+0200,adf59793-da45-49b4-9a92-f95cd560cccb,2026-07-24T15:00:00Z,2026-07-24T17:00:00+0200,52510.52077,MW,DE,DE_LU,actual_load,Actual Load,2026-07-26T13:03:42Z
2026-07-26T12:59:54Z,2026-07-26T14:59:54+0200,adf59793-da45-49b4-9a92-f95cd560cccb,2026-07-24T15:15:00Z,2026-07-24T17:15:00+0200,52251.74586,MW,DE,DE_LU,actual_load,Actual Load,2026-07-26T13:03:42Z
2026-07-26T12:59:54Z,2026-07-26T14:59:54+0200,adf59793-da45-49b4-9a92-f95cd560cccb,2026-07-24T15:30:00Z,2026-07-24T17:30:00+0200,53305.08395,MW,DE,DE_LU,actual_load,Actual Load,2026-07-26T13:03:42Z
2026-07-26T12:59:54Z,2026-07-26T14:59:54+0200,adf59793-da45-49b4-9a92-f95cd560cccb,2026-07-24T15:45:00Z,2026-07-24T17:45:00+0200,53886.36007,MW,DE,DE_LU,actual_load,Actual Load,2026-07-26T13:03:42Z
2026-07-26T12:59:54Z,2026-07-26T14:59:54+0200,adf59793-da45-49b4-9a92-f95cd560cccb,2026-07-24T16:00:00Z,2026-07-24T18:00:00+0200,54614.40508,MW,DE,DE_LU,actual_load,Actual Load,2026-07-26T13:03:42Z
2026-07-26T12:59:54Z,2026-07-26T14:59:54+0200,adf59793-da45-49b4-9a92-f95cd560cccb,2026-07-24T16:15:00Z,2026-07-24T18:15:00+0200,54440.51913,MW,DE,DE_LU,actual_load,Actual Load,2026-07-26T13:03:42Z
2026-07-26T12:59:54Z,2026-07-26T14:59:54+0200,adf59793-da45-49b4-9a92-f95cd560cccb,2026-07-24T16:30:00Z,2026-07-24T18:30:00+0200,55234.22676,MW,DE,DE_LU,actual_load,Actual Load,2026-07-26T13:03:42Z
2026-07-26T12:59:54Z,2026-07-26T14:59:54+0200,adf59793-da45-49b4-9a92-f95cd560cccb,2026-07-24T16:45:00Z,2026-07-24T18:45:00+0200,55577.072689,MW,DE,DE_LU,actual_load,Actual Load,2026-07-26T13:03:42Z
2026-07-26T12:59:54Z,2026-07-26T14:59:54+0200,adf59793-da45-49b4-9a92-f95cd560cccb,2026-07-24T17:00:00Z,2026-07-24T19:00:00+0200,56744.30624,MW,DE,DE_LU,actual_load,Actual Load,2026-07-26T13:03:42Z
2026-07-26T12:59:54Z,2026-07-26T14:59:54+0200,adf59793-da45-49b4-9a92-f95cd560cccb,2026-07-24T17:15:00Z,2026-07-24T19:15:00+0200,55895.05658,MW,DE,DE_LU,actual_load,Actual Load,2026-07-26T13:03:42Z
2026-07-26T12:59:54Z,2026-07-26T14:59:54+0200,adf59793-da45-49b4-9a92-f95cd560cccb,2026-07-24T17:30:00Z,2026-07-24T19:30:00+0200,55757.28946,MW,DE,DE_LU,actual_load,Actual Load,2026-07-26T13:03:42Z
2026-07-26T12:59:54Z,2026-07-26T14:59:54+0200,adf59793-da45-49b4-9a92-f95cd560cccb,2026-07-24T17:45:00Z,2026-07-24T19:45:00+0200,55259.675119,MW,DE,DE_LU,actual_load,Actual Load,2026-07-26T13:03:42Z
2026-07-26T12:59:54Z,2026-07-26T14:59:54+0200,adf59793-da45-49b4-9a92-f95cd560cccb,2026-07-24T18:00:00Z,2026-07-24T20:00:00+0200,55113.20613,MW,DE,DE_LU,actual_load,Actual Load,2026-07-26T13:03:42Z
2026-07-26T12:59:54Z,2026-07-26T14:59:54+0200,adf59793-da45-49b4-9a92-f95cd560cccb,2026-07-24T18:15:00Z,2026-07-24T20:15:00+0200,54367.20294,MW,DE,DE_LU,actual_load,Actual Load,2026-07-26T13:03:42Z
2026-07-26T12:59:54Z,2026-07-26T14:59:54+0200,adf59793-da45-49b4-9a92-f95cd560cccb,2026-07-24T18:30:00Z,2026-07-24T20:30:00+0200,53626.07384,MW,DE,DE_LU,actual_load,Actual Load,2026-07-26T13:03:42Z
2026-07-26T12:59:54Z,2026-07-26T14:59:54+0200,adf59793-da45-49b4-9a92-f95cd560cccb,2026-07-24T18:45:00Z,2026-07-24T20:45:00+0200,52986.14455,MW,DE,DE_LU,actual_load,Actual Load,2026-07-26T13:03:42Z
2026-07-26T12:59:54Z,2026-07-26T14:59:54+0200,adf59793-da45-49b4-9a92-f95cd560cccb,2026-07-24T19:00:00Z,2026-07-24T21:00:00+0200,52066.66585,MW,DE,DE_LU,actual_load,Actual Load,2026-07-26T13:03:42Z
2026-07-26T12:59:54Z,2026-07-26T14:59:54+0200,adf59793-da45-49b4-9a92-f95cd560cccb,2026-07-24T19:15:00Z,2026-07-24T21:15:00+0200,52299.93781,MW,DE,DE_LU,actual_load,Actual Load,2026-07-26T13:03:42Z
2026-07-26T12:59:54Z,2026-07-26T14:59:54+0200,adf59793-da45-49b4-9a92-f95cd560cccb,2026-07-24T19:30:00Z,2026-07-24T21:30:00+0200,51881.89897,MW,DE,DE_LU,actual_load,Actual Load,2026-07-26T13:03:42Z
2026-07-26T12:59:54Z,2026-07-26T14:59:54+0200,adf59793-da45-49b4-9a92-f95cd560cccb,2026-07-24T19:45:00Z,2026-07-24T21:45:00+0200,51998.96766,MW,DE,DE_LU,actual_load,Actual Load,2026-07-26T13:03:42Z
2026-07-26T12:59:54Z,2026-07-26T14:59:54+0200,adf59793-da45-49b4-9a92-f95cd560cccb,2026-07-24T20:00:00Z,2026-07-24T22:00:00+0200,50185.91096,MW,DE,DE_LU,actual_load,Actual Load,2026-07-26T13:03:42Z
2026-07-26T12:59:54Z,2026-07-26T14:59:54+0200,adf59793-da45-49b4-9a92-f95cd560cccb,2026-07-24T20:15:00Z,2026-07-24T22:15:00+0200,50147.38898,MW,DE,DE_LU,actual_load,Actual Load,2026-07-26T13:03:42Z
2026-07-26T12:59:54Z,2026-07-26T14:59:54+0200,adf59793-da45-49b4-9a92-f95cd560cccb,2026-07-24T20:30:00Z,2026-07-24T22:30:00+0200,49618.45674,MW,DE,DE_LU,actual_load,Actual Load,2026-07-26T13:03:42Z
2026-07-26T12:59:54Z,2026-07-26T14:59:54+0200,adf59793-da45-49b4-9a92-f95cd560cccb,2026-07-24T20:45:00Z,2026-07-24T22:45:00+0200,49168.52252,MW,DE,DE_LU,actual_load,Actual Load,2026-07-26T13:03:42Z
2026-07-26T12:59:54Z,2026-07-26T14:59:54+0200,adf59793-da45-49b4-9a92-f95cd560cccb,2026-07-24T21:00:00Z,2026-07-24T23:00:00+0200,47551.92669,MW,DE,DE_LU,actual_load,Actual Load,2026-07-26T13:03:42Z
2026-07-26T12:59:54Z,2026-07-26T14:59:54+0200,adf59793-da45-49b4-9a92-f95cd560cccb,2026-07-24T21:15:00Z,2026-07-24T23:15:00+0200,47229.96695,MW,DE,DE_LU,actual_load,Actual Load,2026-07-26T13:03:42Z
2026-07-26T12:59:54Z,2026-07-26T14:59:54+0200,adf59793-da45-49b4-9a92-f95cd560cccb,2026-07-24T21:30:00Z,2026-07-24T23:30:00+0200,46669.70621,MW,DE,DE_LU,actual_load,Actual Load,2026-07-26T13:03:42Z
2026-07-26T12:59:54Z,2026-07-26T14:59:54+0200,adf59793-da45-49b4-9a92-f95cd560cccb,2026-07-24T21:45:00Z,2026-07-24T23:45:00+0200,45843.49239,MW,DE,DE_LU,actual_load,Actual Load,2026-07-26T13:03:42Z
2026-07-26T12:59:54Z,2026-07-26T14:59:54+0200,adf59793-da45-49b4-9a92-f95cd560cccb,2026-07-24T22:00:00Z,2026-07-25T00:00:00+0200,45184.13354,MW,DE,DE_LU,actual_load,Actual Load,2026-07-26T13:03:42Z
2026-07-26T12:59:54Z,2026-07-26T14:59:54+0200,adf59793-da45-49b4-9a92-f95cd560cccb,2026-07-24T22:15:00Z,2026-07-25T00:15:00+0200,45175.02403,MW,DE,DE_LU,actual_load,Actual Load,2026-07-26T13:03:42Z
2026-07-26T12:59:54Z,2026-07-26T14:59:54+0200,adf59793-da45-49b4-9a92-f95cd560cccb,2026-07-24T22:30:00Z,2026-07-25T00:30:00+0200,45029.35741,MW,DE,DE_LU,actual_load,Actual Load,2026-07-26T13:03:42Z
2026-07-26T12:59:54Z,2026-07-26T14:59:54+0200,adf59793-da45-49b4-9a92-f95cd560cccb,2026-07-24T22:45:00Z,2026-07-25T00:45:00+0200,44817.06278,MW,DE,DE_LU,actual_load,Actual Load,2026-07-26T13:03:42Z
2026-07-26T12:59:54Z,2026-07-26T14:59:54+0200,adf59793-da45-49b4-9a92-f95cd560cccb,2026-07-24T23:00:00Z,2026-07-25T01:00:00+0200,43944.26862,MW,DE,DE_LU,actual_load,Actual Load,2026-07-26T13:03:42Z
2026-07-26T12:59:54Z,2026-07-26T14:59:54+0200,adf59793-da45-49b4-9a92-f95cd560cccb,2026-07-24T23:15:00Z,2026-07-25T01:15:00+0200,43599.38582,MW,DE,DE_LU,actual_load,Actual Load,2026-07-26T13:03:42Z
2026-07-26T12:59:54Z,2026-07-26T14:59:54+0200,adf59793-da45-49b4-9a92-f95cd560cccb,2026-07-24T23:30:00Z,2026-07-25T01:30:00+0200,43167.72401,MW,DE,DE_LU,actual_load,Actual Load,2026-07-26T13:03:42Z
2026-07-26T12:59:54Z,2026-07-26T14:59:54+0200,adf59793-da45-49b4-9a92-f95cd560cccb,2026-07-24T23:45:00Z,2026-07-25T01:45:00+0200,42506.36159,MW,DE,DE_LU,actual_load,Actual Load,2026-07-26T13:03:42Z
2026-07-26T12:59:54Z,2026-07-26T14:59:54+0200,adf59793-da45-49b4-9a92-f95cd560cccb,2026-07-25T00:00:00Z,2026-07-25T02:00:00+0200,42245.17466,MW,DE,DE_LU,actual_load,Actual Load,2026-07-26T13:03:42Z
2026-07-26T12:59:54Z,2026-07-26T14:59:54+0200,adf59793-da45-49b4-9a92-f95cd560cccb,2026-07-25T00:15:00Z,2026-07-25T02:15:00+0200,42236.21847,MW,DE,DE_LU,actual_load,Actual Load,2026-07-26T13:03:42Z
2026-07-26T12:59:54Z,2026-07-26T14:59:54+0200,adf59793-da45-49b4-9a92-f95cd560cccb,2026-07-25T00:30:00Z,2026-07-25T02:30:00+0200,42333.951249,MW,DE,DE_LU,actual_load,Actual Load,2026-07-26T13:03:42Z
2026-07-26T12:59:54Z,2026-07-26T14:59:54+0200,adf59793-da45-49b4-9a92-f95cd560cccb,2026-07-25T00:45:00Z,2026-07-25T02:45:00+0200,42599.86379,MW,DE,DE_LU,actual_load,Actual Load,2026-07-26T13:03:42Z
2026-07-26T12:59:54Z,2026-07-26T14:59:54+0200,adf59793-da45-49b4-9a92-f95cd560cccb,2026-07-25T01:00:00Z,2026-07-25T03:00:00+0200,42126.0455,MW,DE,DE_LU,actual_load,Actual Load,2026-07-26T13:03:42Z
2026-07-26T12:59:54Z,2026-07-26T14:59:54+0200,adf59793-da45-49b4-9a92-f95cd560cccb,2026-07-25T01:15:00Z,2026-07-25T03:15:00+0200,42019.39643,MW,DE,DE_LU,actual_load,Actual Load,2026-07-26T13:03:42Z
2026-07-26T12:59:54Z,2026-07-26T14:59:54+0200,adf59793-da45-49b4-9a92-f95cd560cccb,2026-07-25T01:30:00Z,2026-07-25T03:30:00+0200,41940.90315,MW,DE,DE_LU,actual_load,Actual Load,2026-07-26T13:03:42Z
2026-07-26T12:59:54Z,2026-07-26T14:59:54+0200,adf59793-da45-49b4-9a92-f95cd560cccb,2026-07-25T01:45:00Z,2026-07-25T03:45:00+0200,42043.3949,MW,DE,DE_LU,actual_load,Actual Load,2026-07-26T13:03:42Z
2026-07-26T12:59:54Z,2026-07-26T14:59:54+0200,adf59793-da45-49b4-9a92-f95cd560cccb,2026-07-25T02:00:00Z,2026-07-25T04:00:00+0200,41580.03432,MW,DE,DE_LU,actual_load,Actual Load,2026-07-26T13:03:42Z
2026-07-26T12:59:54Z,2026-07-26T14:59:54+0200,adf59793-da45-49b4-9a92-f95cd560cccb,2026-07-25T02:15:00Z,2026-07-25T04:15:00+0200,41359.56521,MW,DE,DE_LU,actual_load,Actual Load,2026-07-26T13:03:42Z
2026-07-26T12:59:54Z,2026-07-26T14:59:54+0200,adf59793-da45-49b4-9a92-f95cd560cccb,2026-07-25T02:30:00Z,2026-07-25T04:30:00+0200,41344.717899,MW,DE,DE_LU,actual_load,Actual Load,2026-07-26T13:03:42Z
2026-07-26T12:59:54Z,2026-07-26T14:59:54+0200,adf59793-da45-49b4-9a92-f95cd560cccb,2026-07-25T02:45:00Z,2026-07-25T04:45:00+0200,41482.08192,MW,DE,DE_LU,actual_load,Actual Load,2026-07-26T13:03:42Z
2026-07-26T12:59:54Z,2026-07-26T14:59:54+0200,adf59793-da45-49b4-9a92-f95cd560cccb,2026-07-25T03:00:00Z,2026-07-25T05:00:00+0200,41895.99445,MW,DE,DE_LU,actual_load,Actual Load,2026-07-26T13:03:42Z
2026-07-26T12:59:54Z,2026-07-26T14:59:54+0200,adf59793-da45-49b4-9a92-f95cd560cccb,2026-07-25T03:15:00Z,2026-07-25T05:15:00+0200,41732.23039,MW,DE,DE_LU,actual_load,Actual Load,2026-07-26T13:03:42Z
2026-07-26T12:59:54Z,2026-07-26T14:59:54+0200,adf59793-da45-49b4-9a92-f95cd560cccb,2026-07-25T03:30:00Z,2026-07-25T05:30:00+0200,41435.34589,MW,DE,DE_LU,actual_load,Actual Load,2026-07-26T13:03:42Z
2026-07-26T12:59:54Z,2026-07-26T14:59:54+0200,adf59793-da45-49b4-9a92-f95cd560cccb,2026-07-25T03:45:00Z,2026-07-25T05:45:00+0200,41573.71551,MW,DE,DE_LU,actual_load,Actual Load,2026-07-26T13:03:42Z
2026-07-26T12:59:54Z,2026-07-26T14:59:54+0200,adf59793-da45-49b4-9a92-f95cd560cccb,2026-07-25T04:00:00Z,2026-07-25T06:00:00+0200,42379.439859,MW,DE,DE_LU,actual_load,Actual Load,2026-07-26T13:03:42Z
2026-07-26T12:59:54Z,2026-07-26T14:59:54+0200,adf59793-da45-49b4-9a92-f95cd560cccb,2026-07-25T04:15:00Z,2026-07-25T06:15:00+0200,42588.1756,MW,DE,DE_LU,actual_load,Actual Load,2026-07-26T13:03:42Z
2026-07-26T12:59:54Z,2026-07-26T14:59:54+0200,adf59793-da45-49b4-9a92-f95cd560cccb,2026-07-25T04:30:00Z,2026-07-25T06:30:00+0200,43142.53977,MW,DE,DE_LU,actual_load,Actual Load,2026-07-26T13:03:42Z
2026-07-26T12:59:54Z,2026-07-26T14:59:54+0200,adf59793-da45-49b4-9a92-f95cd560cccb,2026-07-25T04:45:00Z,2026-07-25T06:45:00+0200,43757.60424,MW,DE,DE_LU,actual_load,Actual Load,2026-07-26T13:03:42Z
2026-07-26T12:59:54Z,2026-07-26T14:59:54+0200,adf59793-da45-49b4-9a92-f95cd560cccb,2026-07-25T05:00:00Z,2026-07-25T07:00:00+0200,44105.41342,MW,DE,DE_LU,actual_load,Actual Load,2026-07-26T13:03:42Z
2026-07-26T12:59:54Z,2026-07-26T14:59:54+0200,adf59793-da45-49b4-9a92-f95cd560cccb,2026-07-25T05:15:00Z,2026-07-25T07:15:00+0200,44925.89272,MW,DE,DE_LU,actual_load,Actual Load,2026-07-26T13:03:42Z
2026-07-26T12:59:54Z,2026-07-26T14:59:54+0200,adf59793-da45-49b4-9a92-f95cd560cccb,2026-07-25T05:30:00Z,2026-07-25T07:30:00+0200,45339.489389,MW,DE,DE_LU,actual_load,Actual Load,2026-07-26T13:03:42Z
2026-07-26T12:59:54Z,2026-07-26T14:59:54+0200,adf59793-da45-49b4-9a92-f95cd560cccb,2026-07-25T05:45:00Z,2026-07-25T07:45:00+0200,46310.36639,MW,DE,DE_LU,actual_load,Actual Load,2026-07-26T13:03:42Z
2026-07-26T12:59:54Z,2026-07-26T14:59:54+0200,adf59793-da45-49b4-9a92-f95cd560cccb,2026-07-25T06:00:00Z,2026-07-25T08:00:00+0200,45713.56175,MW,DE,DE_LU,actual_load,Actual Load,2026-07-26T13:03:42Z
2026-07-26T12:59:54Z,2026-07-26T14:59:54+0200,adf59793-da45-49b4-9a92-f95cd560cccb,2026-07-25T06:15:00Z,2026-07-25T08:15:00+0200,46428.3831,MW,DE,DE_LU,actual_load,Actual Load,2026-07-26T13:03:42Z
2026-07-26T12:59:54Z,2026-07-26T14:59:54+0200,adf59793-da45-49b4-9a92-f95cd560cccb,2026-07-25T06:30:00Z,2026-07-25T08:30:00+0200,46865.984629,MW,DE,DE_LU,actual_load,Actual Load,2026-07-26T13:03:42Z
2026-07-26T12:59:54Z,2026-07-26T14:59:54+0200,adf59793-da45-49b4-9a92-f95cd560cccb,2026-07-25T06:45:00Z,2026-07-25T08:45:00+0200,47557.79365,MW,DE,DE_LU,actual_load,Actual Load,2026-07-26T13:03:42Z
2026-07-26T12:59:54Z,2026-07-26T14:59:54+0200,adf59793-da45-49b4-9a92-f95cd560cccb,2026-07-25T07:00:00Z,2026-07-25T09:00:00+0200,47320.10574,MW,DE,DE_LU,actual_load,Actual Load,2026-07-26T13:03:42Z
2026-07-26T12:59:54Z,2026-07-26T14:59:54+0200,adf59793-da45-49b4-9a92-f95cd560cccb,2026-07-25T07:15:00Z,2026-07-25T09:15:00+0200,47337.400549,MW,DE,DE_LU,actual_load,Actual Load,2026-07-26T13:03:42Z
2026-07-26T12:59:54Z,2026-07-26T14:59:54+0200,adf59793-da45-49b4-9a92-f95cd560cccb,2026-07-25T07:30:00Z,2026-07-25T09:30:00+0200,47264.95754,MW,DE,DE_LU,actual_load,Actual Load,2026-07-26T13:03:42Z
2026-07-26T12:59:54Z,2026-07-26T14:59:54+0200,adf59793-da45-49b4-9a92-f95cd560cccb,2026-07-25T07:45:00Z,2026-07-25T09:45:00+0200,47433.51117,MW,DE,DE_LU,actual_load,Actual Load,2026-07-26T13:03:42Z
2026-07-26T12:59:54Z,2026-07-26T14:59:54+0200,adf59793-da45-49b4-9a92-f95cd560cccb,2026-07-25T08:00:00Z,2026-07-25T10:00:00+0200,47963.7176,MW,DE,DE_LU,actual_load,Actual Load,2026-07-26T13:03:42Z
2026-07-26T12:59:54Z,2026-07-26T14:59:54+0200,adf59793-da45-49b4-9a92-f95cd560cccb,2026-07-25T08:15:00Z,2026-07-25T10:15:00+0200,48246.14479,MW,DE,DE_LU,actual_load,Actual Load,2026-07-26T13:03:42Z
2026-07-26T12:59:54Z,2026-07-26T14:59:54+0200,adf59793-da45-49b4-9a92-f95cd560cccb,2026-07-25T08:30:00Z,2026-07-25T10:30:00+0200,48106.17232,MW,DE,DE_LU,actual_load,Actual Load,2026-07-26T13:03:42Z
2026-07-26T12:59:54Z,2026-07-26T14:59:54+0200,adf59793-da45-49b4-9a92-f95cd560cccb,2026-07-25T08:45:00Z,2026-07-25T10:45:00+0200,47993.21606,MW,DE,DE_LU,actual_load,Actual Load,2026-07-26T13:03:42Z
2026-07-26T12:59:54Z,2026-07-26T14:59:54+0200,adf59793-da45-49b4-9a92-f95cd560cccb,2026-07-25T09:00:00Z,2026-07-25T11:00:00+0200,47943.38583,MW,DE,DE_LU,actual_load,Actual Load,2026-07-26T13:03:42Z
2026-07-26T12:59:54Z,2026-07-26T14:59:54+0200,adf59793-da45-49b4-9a92-f95cd560cccb,2026-07-25T09:15:00Z,2026-07-25T11:15:00+0200,47925.53252,MW,DE,DE_LU,actual_load,Actual Load,2026-07-26T13:03:42Z
2026-07-26T12:59:54Z,2026-07-26T14:59:54+0200,adf59793-da45-49b4-9a92-f95cd560cccb,2026-07-25T09:30:00Z,2026-07-25T11:30:00+0200,47761.909049,MW,DE,DE_LU,actual_load,Actual Load,2026-07-26T13:03:42Z
2026-07-26T12:59:54Z,2026-07-26T14:59:54+0200,adf59793-da45-49b4-9a92-f95cd560cccb,2026-07-25T09:45:00Z,2026-07-25T11:45:00+0200,47301.10554,MW,DE,DE_LU,actual_load,Actual Load,2026-07-26T13:03:42Z
2026-07-26T12:59:54Z,2026-07-26T14:59:54+0200,adf59793-da45-49b4-9a92-f95cd560cccb,2026-07-25T10:00:00Z,2026-07-25T12:00:00+0200,46915.89032,MW,DE,DE_LU,actual_load,Actual Load,2026-07-26T13:03:42Z
2026-07-26T12:59:54Z,2026-07-26T14:59:54+0200,adf59793-da45-49b4-9a92-f95cd560cccb,2026-07-25T10:15:00Z,2026-07-25T12:15:00+0200,46440.7852,MW,DE,DE_LU,actual_load,Actual Load,2026-07-26T13:03:42Z
2026-07-26T12:59:54Z,2026-07-26T14:59:54+0200,adf59793-da45-49b4-9a92-f95cd560cccb,2026-07-25T10:30:00Z,2026-07-25T12:30:00+0200,46248.80075,MW,DE,DE_LU,actual_load,Actual Load,2026-07-26T13:03:42Z
2026-07-26T12:59:54Z,2026-07-26T14:59:54+0200,adf59793-da45-49b4-9a92-f95cd560cccb,2026-07-25T10:45:00Z,2026-07-25T12:45:00+0200,46173.73962,MW,DE,DE_LU,actual_load,Actual Load,2026-07-26T13:03:42Z
2026-07-26T12:59:54Z,2026-07-26T14:59:54+0200,adf59793-da45-49b4-9a92-f95cd560cccb,2026-07-25T11:00:00Z,2026-07-25T13:00:00+0200,45902.31638,MW,DE,DE_LU,actual_load,Actual Load,2026-07-26T13:03:42Z
2026-07-26T12:59:54Z,2026-07-26T14:59:54+0200,adf59793-da45-49b4-9a92-f95cd560cccb,2026-07-25T11:15:00Z,2026-07-25T13:15:00+0200,45619.02947,MW,DE,DE_LU,actual_load,Actual Load,2026-07-26T13:03:42Z
2026-07-26T12:59:54Z,2026-07-26T14:59:54+0200,adf59793-da45-49b4-9a92-f95cd560cccb,2026-07-25T11:30:00Z,2026-07-25T13:30:00+0200,45876.78302,MW,DE,DE_LU,actual_load,Actual Load,2026-07-26T13:03:42Z
2026-07-26T12:59:54Z,2026-07-26T14:59:54+0200,adf59793-da45-49b4-9a92-f95cd560cccb,2026-07-25T11:45:00Z,2026-07-25T13:45:00+0200,45615.61409,MW,DE,DE_LU,actual_load,Actual Load,2026-07-26T13:03:42Z
2026-07-26T12:59:54Z,2026-07-26T14:59:54+0200,adf59793-da45-49b4-9a92-f95cd560cccb,2026-07-25T12:00:00Z,2026-07-25T14:00:00+0200,45360.11963,MW,DE,DE_LU,actual_load,Actual Load,2026-07-26T13:03:42Z
2026-07-26T12:59:54Z,2026-07-26T14:59:54+0200,adf59793-da45-49b4-9a92-f95cd560cccb,2026-07-25T12:15:00Z,2026-07-25T14:15:00+0200,44718.01371,MW,DE,DE_LU,actual_load,Actual Load,2026-07-26T13:03:42Z
2026-07-26T12:59:54Z,2026-07-26T14:59:54+0200,adf59793-da45-49b4-9a92-f95cd560cccb,2026-07-25T12:30:00Z,2026-07-25T14:30:00+0200,44514.42505,MW,DE,DE_LU,actual_load,Actual Load,2026-07-26T13:03:42Z
2026-07-26T12:59:54Z,2026-07-26T14:59:54+0200,adf59793-da45-49b4-9a92-f95cd560cccb,2026-07-25T12:45:00Z,2026-07-25T14:45:00+0200,44780.21631,MW,DE,DE_LU,actual_load,Actual Load,2026-07-26T13:03:42Z
2026-07-26T12:59:54Z,2026-07-26T14:59:54+0200,adf59793-da45-49b4-9a92-f95cd560cccb,2026-07-25T13:00:00Z,2026-07-25T15:00:00+0200,44330.68525,MW,DE,DE_LU,actual_load,Actual Load,2026-07-26T13:03:42Z
2026-07-26T12:59:54Z,2026-07-26T14:59:54+0200,adf59793-da45-49b4-9a92-f95cd560cccb,2026-07-25T13:15:00Z,2026-07-25T15:15:00+0200,44630.64217,MW,DE,DE_LU,actual_load,Actual Load,2026-07-26T13:03:42Z
2026-07-26T12:59:54Z,2026-07-26T14:59:54+0200,adf59793-da45-49b4-9a92-f95cd560cccb,2026-07-25T13:30:00Z,2026-07-25T15:30:00+0200,44783.41718,MW,DE,DE_LU,actual_load,Actual Load,2026-07-26T13:03:42Z
2026-07-26T12:59:54Z,2026-07-26T14:59:54+0200,adf59793-da45-49b4-9a92-f95cd560cccb,2026-07-25T13:45:00Z,2026-07-25T15:45:00+0200,44379.687369,MW,DE,DE_LU,actual_load,Actual Load,2026-07-26T13:03:42Z
2026-07-26T12:59:54Z,2026-07-26T14:59:54+0200,adf59793-da45-49b4-9a92-f95cd560cccb,2026-07-25T14:00:00Z,2026-07-25T16:00:00+0200,45083.06603,MW,DE,DE_LU,actual_load,Actual Load,2026-07-26T13:03:42Z
2026-07-26T12:59:54Z,2026-07-26T14:59:54+0200,adf59793-da45-49b4-9a92-f95cd560cccb,2026-07-25T14:15:00Z,2026-07-25T16:15:00+0200,44847.20617,MW,DE,DE_LU,actual_load,Actual Load,2026-07-26T13:03:42Z
2026-07-26T12:59:54Z,2026-07-26T14:59:54+0200,adf59793-da45-49b4-9a92-f95cd560cccb,2026-07-25T14:30:00Z,2026-07-25T16:30:00+0200,44741.28937,MW,DE,DE_LU,actual_load,Actual Load,2026-07-26T13:03:42Z
2026-07-26T12:59:54Z,2026-07-26T14:59:54+0200,adf59793-da45-49b4-9a92-f95cd560cccb,2026-07-25T14:45:00Z,2026-07-25T16:45:00+0200,45310.61157,MW,DE,DE_LU,actual_load,Actual Load,2026-07-26T13:03:42Z
2026-07-26T12:59:54Z,2026-07-26T14:59:54+0200,adf59793-da45-49b4-9a92-f95cd560cccb,2026-07-25T15:00:00Z,2026-07-25T17:00:00+0200,45135.280459,MW,DE,DE_LU,actual_load,Actual Load,2026-07-26T13:03:42Z
2026-07-26T12:59:54Z,2026-07-26T14:59:54+0200,adf59793-da45-49b4-9a92-f95cd560cccb,2026-07-25T15:15:00Z,2026-07-25T17:15:00+0200,45469.32053,MW,DE,DE_LU,actual_load,Actual Load,2026-07-26T13:03:42Z
2026-07-26T12:59:54Z,2026-07-26T14:59:54+0200,adf59793-da45-49b4-9a92-f95cd560cccb,2026-07-25T15:30:00Z,2026-07-25T17:30:00+0200,45906.44751,MW,DE,DE_LU,actual_load,Actual Load,2026-07-26T13:03:42Z
2026-07-26T12:59:54Z,2026-07-26T14:59:54+0200,adf59793-da45-49b4-9a92-f95cd560cccb,2026-07-25T15:45:00Z,2026-07-25T17:45:00+0200,46094.65731,MW,DE,DE_LU,actual_load,Actual Load,2026-07-26T13:03:42Z
2026-07-26T12:59:54Z,2026-07-26T14:59:54+0200,adf59793-da45-49b4-9a92-f95cd560cccb,2026-07-25T16:00:00Z,2026-07-25T18:00:00+0200,46827.72006,MW,DE,DE_LU,actual_load,Actual Load,2026-07-26T13:03:42Z
2026-07-26T12:59:54Z,2026-07-26T14:59:54+0200,adf59793-da45-49b4-9a92-f95cd560cccb,2026-07-25T16:15:00Z,2026-07-25T18:15:00+0200,47415.39915,MW,DE,DE_LU,actual_load,Actual Load,2026-07-26T13:03:42Z
2026-07-26T12:59:54Z,2026-07-26T14:59:54+0200,adf59793-da45-49b4-9a92-f95cd560cccb,2026-07-25T16:30:00Z,2026-07-25T18:30:00+0200,47995.97307,MW,DE,DE_LU,actual_load,Actual Load,2026-07-26T13:03:42Z
2026-07-26T12:59:54Z,2026-07-26T14:59:54+0200,adf59793-da45-49b4-9a92-f95cd560cccb,2026-07-25T16:45:00Z,2026-07-25T18:45:00+0200,48316.09004,MW,DE,DE_LU,actual_load,Actual Load,2026-07-26T13:03:42Z
2026-07-26T12:59:54Z,2026-07-26T14:59:54+0200,adf59793-da45-49b4-9a92-f95cd560cccb,2026-07-25T17:00:00Z,2026-07-25T19:00:00+0200,48893.80595,MW,DE,DE_LU,actual_load,Actual Load,2026-07-26T13:03:42Z
2026-07-26T12:59:54Z,2026-07-26T14:59:54+0200,adf59793-da45-49b4-9a92-f95cd560cccb,2026-07-25T17:15:00Z,2026-07-25T19:15:00+0200,48519.8724,MW,DE,DE_LU,actual_load,Actual Load,2026-07-26T13:03:42Z
2026-07-26T12:59:54Z,2026-07-26T14:59:54+0200,adf59793-da45-49b4-9a92-f95cd560cccb,2026-07-25T17:30:00Z,2026-07-25T19:30:00+0200,48657.71568,MW,DE,DE_LU,actual_load,Actual Load,2026-07-26T13:03:42Z
2026-07-26T12:59:54Z,2026-07-26T14:59:54+0200,adf59793-da45-49b4-9a92-f95cd560cccb,2026-07-25T17:45:00Z,2026-07-25T19:45:00+0200,48869.58051,MW,DE,DE_LU,actual_load,Actual Load,2026-07-26T13:03:42Z
2026-07-26T12:59:54Z,2026-07-26T14:59:54+0200,adf59793-da45-49b4-9a92-f95cd560cccb,2026-07-25T18:00:00Z,2026-07-25T20:00:00+0200,49299.75837,MW,DE,DE_LU,actual_load,Actual Load,2026-07-26T13:03:42Z
2026-07-26T12:59:54Z,2026-07-26T14:59:54+0200,adf59793-da45-49b4-9a92-f95cd560cccb,2026-07-25T18:15:00Z,2026-07-25T20:15:00+0200,48297.52056,MW,DE,DE_LU,actual_load,Actual Load,2026-07-26T13:03:42Z
2026-07-26T12:59:54Z,2026-07-26T14:59:54+0200,adf59793-da45-49b4-9a92-f95cd560cccb,2026-07-25T18:30:00Z,2026-07-25T20:30:00+0200,47790.49186,MW,DE,DE_LU,actual_load,Actual Load,2026-07-26T13:03:42Z
2026-07-26T12:59:54Z,2026-07-26T14:59:54+0200,adf59793-da45-49b4-9a92-f95cd560cccb,2026-07-25T18:45:00Z,2026-07-25T20:45:00+0200,47000.94784,MW,DE,DE_LU,actual_load,Actual Load,2026-07-26T13:03:42Z
2026-07-26T12:59:54Z,2026-07-26T14:59:54+0200,adf59793-da45-49b4-9a92-f95cd560cccb,2026-07-25T19:00:00Z,2026-07-25T21:00:00+0200,45496.01413,MW,DE,DE_LU,actual_load,Actual Load,2026-07-26T13:03:42Z
2026-07-26T12:59:54Z,2026-07-26T14:59:54+0200,adf59793-da45-49b4-9a92-f95cd560cccb,2026-07-25T19:15:00Z,2026-07-25T21:15:00+0200,45660.1412,MW,DE,DE_LU,actual_load,Actual Load,2026-07-26T13:03:42Z
2026-07-26T12:59:54Z,2026-07-26T14:59:54+0200,adf59793-da45-49b4-9a92-f95cd560cccb,2026-07-25T19:30:00Z,2026-07-25T21:30:00+0200,45581.25972,MW,DE,DE_LU,actual_load,Actual Load,2026-07-26T13:03:42Z
2026-07-26T12:59:54Z,2026-07-26T14:59:54+0200,adf59793-da45-49b4-9a92-f95cd560cccb,2026-07-25T19:45:00Z,2026-07-25T21:45:00+0200,45658.90578,MW,DE,DE_LU,actual_load,Actual Load,2026-07-26T13:03:42Z
2026-07-26T12:59:54Z,2026-07-26T14:59:54+0200,adf59793-da45-49b4-9a92-f95cd560cccb,2026-07-25T20:00:00Z,2026-07-25T22:00:00+0200,45001.15578,MW,DE,DE_LU,actual_load,Actual Load,2026-07-26T13:03:42Z
2026-07-26T12:59:54Z,2026-07-26T14:59:54+0200,adf59793-da45-49b4-9a92-f95cd560cccb,2026-07-25T20:15:00Z,2026-07-25T22:15:00+0200,44806.99772,MW,DE,DE_LU,actual_load,Actual Load,2026-07-26T13:03:42Z
2026-07-26T12:59:54Z,2026-07-26T14:59:54+0200,adf59793-da45-49b4-9a92-f95cd560cccb,2026-07-25T20:30:00Z,2026-07-25T22:30:00+0200,44348.63456,MW,DE,DE_LU,actual_load,Actual Load,2026-07-26T13:03:42Z
2026-07-26T12:59:54Z,2026-07-26T14:59:54+0200,adf59793-da45-49b4-9a92-f95cd560cccb,2026-07-25T20:45:00Z,2026-07-25T22:45:00+0200,44209.4568,MW,DE,DE_LU,actual_load,Actual Load,2026-07-26T13:03:42Z
2026-07-26T12:59:54Z,2026-07-26T14:59:54+0200,adf59793-da45-49b4-9a92-f95cd560cccb,2026-07-25T21:00:00Z,2026-07-25T23:00:00+0200,43221.77221,MW,DE,DE_LU,actual_load,Actual Load,2026-07-26T13:03:42Z
2026-07-26T12:59:54Z,2026-07-26T14:59:54+0200,adf59793-da45-49b4-9a92-f95cd560cccb,2026-07-25T21:15:00Z,2026-07-25T23:15:00+0200,43123.72753,MW,DE,DE_LU,actual_load,Actual Load,2026-07-26T13:03:42Z
2026-07-26T12:59:54Z,2026-07-26T14:59:54+0200,adf59793-da45-49b4-9a92-f95cd560cccb,2026-07-25T21:30:00Z,2026-07-25T23:30:00+0200,42831.753119,MW,DE,DE_LU,actual_load,Actual Load,2026-07-26T13:03:42Z
2026-07-26T12:59:54Z,2026-07-26T14:59:54+0200,adf59793-da45-49b4-9a92-f95cd560cccb,2026-07-25T21:45:00Z,2026-07-25T23:45:00+0200,42198.16516,MW,DE,DE_LU,actual_load,Actual Load,2026-07-26T13:03:42Z
2026-07-26T12:59:54Z,2026-07-26T14:59:54+0200,adf59793-da45-49b4-9a92-f95cd560cccb,2026-07-25T22:00:00Z,2026-07-26T00:00:00+0200,42015.20649,MW,DE,DE_LU,actual_load,Actual Load,2026-07-26T13:03:42Z
2026-07-26T12:59:54Z,2026-07-26T14:59:54+0200,adf59793-da45-49b4-9a92-f95cd560cccb,2026-07-25T22:15:00Z,2026-07-26T00:15:00+0200,41764.73177,MW,DE,DE_LU,actual_load,Actual Load,2026-07-26T13:03:42Z
2026-07-26T12:59:54Z,2026-07-26T14:59:54+0200,adf59793-da45-49b4-9a92-f95cd560cccb,2026-07-25T22:30:00Z,2026-07-26T00:30:00+0200,40776.18808,MW,DE,DE_LU,actual_load,Actual Load,2026-07-26T13:03:42Z
2026-07-26T12:59:54Z,2026-07-26T14:59:54+0200,adf59793-da45-49b4-9a92-f95cd560cccb,2026-07-25T22:45:00Z,2026-07-26T00:45:00+0200,40214.86337,MW,DE,DE_LU,actual_load,Actual Load,2026-07-26T13:03:42Z
2026-07-26T12:59:54Z,2026-07-26T14:59:54+0200,adf59793-da45-49b4-9a92-f95cd560cccb,2026-07-25T23:00:00Z,2026-07-26T01:00:00+0200,39915.01407,MW,DE,DE_LU,actual_load,Actual Load,2026-07-26T13:03:42Z
2026-07-26T12:59:54Z,2026-07-26T14:59:54+0200,adf59793-da45-49b4-9a92-f95cd560cccb,2026-07-25T23:15:00Z,2026-07-26T01:15:00+0200,39690.79519,MW,DE,DE_LU,actual_load,Actual Load,2026-07-26T13:03:42Z
2026-07-26T12:59:54Z,2026-07-26T14:59:54+0200,adf59793-da45-49b4-9a92-f95cd560cccb,2026-07-25T23:30:00Z,2026-07-26T01:30:00+0200,39485.88347,MW,DE,DE_LU,actual_load,Actual Load,2026-07-26T13:03:42Z
2026-07-26T12:59:54Z,2026-07-26T14:59:54+0200,adf59793-da45-49b4-9a92-f95cd560cccb,2026-07-25T23:45:00Z,2026-07-26T01:45:00+0200,39053.88694,MW,DE,DE_LU,actual_load,Actual Load,2026-07-26T13:03:42Z
2026-07-26T12:59:54Z,2026-07-26T14:59:54+0200,adf59793-da45-49b4-9a92-f95cd560cccb,2026-07-26T00:00:00Z,2026-07-26T02:00:00+0200,39229.40791,MW,DE,DE_LU,actual_load,Actual Load,2026-07-26T13:03:42Z
2026-07-26T12:59:54Z,2026-07-26T14:59:54+0200,adf59793-da45-49b4-9a92-f95cd560cccb,2026-07-26T00:15:00Z,2026-07-26T02:15:00+0200,38937.16567,MW,DE,DE_LU,actual_load,Actual Load,2026-07-26T13:03:42Z
2026-07-26T12:59:54Z,2026-07-26T14:59:54+0200,adf59793-da45-49b4-9a92-f95cd560cccb,2026-07-26T00:30:00Z,2026-07-26T02:30:00+0200,38671.724269,MW,DE,DE_LU,actual_load,Actual Load,2026-07-26T13:03:42Z
2026-07-26T12:59:54Z,2026-07-26T14:59:54+0200,adf59793-da45-49b4-9a92-f95cd560cccb,2026-07-26T00:45:00Z,2026-07-26T02:45:00+0200,38216.09141,MW,DE,DE_LU,actual_load,Actual Load,2026-07-26T13:03:42Z
2026-07-26T12:59:54Z,2026-07-26T14:59:54+0200,adf59793-da45-49b4-9a92-f95cd560cccb,2026-07-26T01:00:00Z,2026-07-26T03:00:00+0200,38640.28631,MW,DE,DE_LU,actual_load,Actual Load,2026-07-26T13:03:42Z
2026-07-26T12:59:54Z,2026-07-26T14:59:54+0200,adf59793-da45-49b4-9a92-f95cd560cccb,2026-07-26T01:15:00Z,2026-07-26T03:15:00+0200,38462.930029,MW,DE,DE_LU,actual_load,Actual Load,2026-07-26T13:03:42Z
2026-07-26T12:59:54Z,2026-07-26T14:59:54+0200,adf59793-da45-49b4-9a92-f95cd560cccb,2026-07-26T01:30:00Z,2026-07-26T03:30:00+0200,38152.453469,MW,DE,DE_LU,actual_load,Actual Load,2026-07-26T13:03:42Z
2026-07-26T12:59:54Z,2026-07-26T14:59:54+0200,adf59793-da45-49b4-9a92-f95cd560cccb,2026-07-26T01:45:00Z,2026-07-26T03:45:00+0200,38017.61043,MW,DE,DE_LU,actual_load,Actual Load,2026-07-26T13:03:42Z
2026-07-26T12:59:54Z,2026-07-26T14:59:54+0200,adf59793-da45-49b4-9a92-f95cd560cccb,2026-07-26T02:00:00Z,2026-07-26T04:00:00+0200,38067.97398,MW,DE,DE_LU,actual_load,Actual Load,2026-07-26T13:03:42Z
2026-07-26T12:59:54Z,2026-07-26T14:59:54+0200,adf59793-da45-49b4-9a92-f95cd560cccb,2026-07-26T02:15:00Z,2026-07-26T04:15:00+0200,37828.29558,MW,DE,DE_LU,actual_load,Actual Load,2026-07-26T13:03:42Z
2026-07-26T12:59:54Z,2026-07-26T14:59:54+0200,adf59793-da45-49b4-9a92-f95cd560cccb,2026-07-26T02:30:00Z,2026-07-26T04:30:00+0200,37759.25693,MW,DE,DE_LU,actual_load,Actual Load,2026-07-26T13:03:42Z
2026-07-26T12:59:54Z,2026-07-26T14:59:54+0200,adf59793-da45-49b4-9a92-f95cd560cccb,2026-07-26T02:45:00Z,2026-07-26T04:45:00+0200,37768.93391,MW,DE,DE_LU,actual_load,Actual Load,2026-07-26T13:03:42Z
2026-07-26T12:59:54Z,2026-07-26T14:59:54+0200,adf59793-da45-49b4-9a92-f95cd560cccb,2026-07-26T03:00:00Z,2026-07-26T05:00:00+0200,37938.19664,MW,DE,DE_LU,actual_load,Actual Load,2026-07-26T13:03:42Z
2026-07-26T12:59:54Z,2026-07-26T14:59:54+0200,adf59793-da45-49b4-9a92-f95cd560cccb,2026-07-26T03:15:00Z,2026-07-26T05:15:00+0200,37755.19819,MW,DE,DE_LU,actual_load,Actual Load,2026-07-26T13:03:42Z
2026-07-26T12:59:54Z,2026-07-26T14:59:54+0200,adf59793-da45-49b4-9a92-f95cd560cccb,2026-07-26T03:30:00Z,2026-07-26T05:30:00+0200,37623.52925,MW,DE,DE_LU,actual_load,Actual Load,2026-07-26T13:03:42Z
2026-07-26T12:59:54Z,2026-07-26T14:59:54+0200,adf59793-da45-49b4-9a92-f95cd560cccb,2026-07-26T03:45:00Z,2026-07-26T05:45:00+0200,37637.798219,MW,DE,DE_LU,actual_load,Actual Load,2026-07-26T13:03:42Z
2026-07-26T12:59:54Z,2026-07-26T14:59:54+0200,adf59793-da45-49b4-9a92-f95cd560cccb,2026-07-26T04:00:00Z,2026-07-26T06:00:00+0200,38332.36071,MW,DE,DE_LU,actual_load,Actual Load,2026-07-26T13:03:42Z
2026-07-26T12:59:54Z,2026-07-26T14:59:54+0200,adf59793-da45-49b4-9a92-f95cd560cccb,2026-07-26T04:15:00Z,2026-07-26T06:15:00+0200,38723.99483,MW,DE,DE_LU,actual_load,Actual Load,2026-07-26T13:03:42Z
2026-07-26T12:59:54Z,2026-07-26T14:59:54+0200,adf59793-da45-49b4-9a92-f95cd560cccb,2026-07-26T04:30:00Z,2026-07-26T06:30:00+0200,39031.80012,MW,DE,DE_LU,actual_load,Actual Load,2026-07-26T13:03:42Z
2026-07-26T12:59:54Z,2026-07-26T14:59:54+0200,adf59793-da45-49b4-9a92-f95cd560cccb,2026-07-26T04:45:00Z,2026-07-26T06:45:00+0200,39379.558209,MW,DE,DE_LU,actual_load,Actual Load,2026-07-26T13:03:42Z
2026-07-26T12:59:54Z,2026-07-26T14:59:54+0200,adf59793-da45-49b4-9a92-f95cd560cccb,2026-07-26T05:00:00Z,2026-07-26T07:00:00+0200,39450.89892,MW,DE,DE_LU,actual_load,Actual Load,2026-07-26T13:03:42Z
2026-07-26T12:59:54Z,2026-07-26T14:59:54+0200,adf59793-da45-49b4-9a92-f95cd560cccb,2026-07-26T05:15:00Z,2026-07-26T07:15:00+0200,39736.24421,MW,DE,DE_LU,actual_load,Actual Load,2026-07-26T13:03:42Z
2026-07-26T12:59:54Z,2026-07-26T14:59:54+0200,adf59793-da45-49b4-9a92-f95cd560cccb,2026-07-26T05:30:00Z,2026-07-26T07:30:00+0200,40346.10204,MW,DE,DE_LU,actual_load,Actual Load,2026-07-26T13:03:42Z
2026-07-26T12:59:54Z,2026-07-26T14:59:54+0200,adf59793-da45-49b4-9a92-f95cd560cccb,2026-07-26T05:45:00Z,2026-07-26T07:45:00+0200,40778.51568,MW,DE,DE_LU,actual_load,Actual Load,2026-07-26T13:03:42Z
2026-07-26T12:59:54Z,2026-07-26T14:59:54+0200,adf59793-da45-49b4-9a92-f95cd560cccb,2026-07-26T06:00:00Z,2026-07-26T08:00:00+0200,41601.370169,MW,DE,DE_LU,actual_load,Actual Load,2026-07-26T13:03:42Z
2026-07-26T12:59:54Z,2026-07-26T14:59:54+0200,adf59793-da45-49b4-9a92-f95cd560cccb,2026-07-26T06:15:00Z,2026-07-26T08:15:00+0200,42667.49314,MW,DE,DE_LU,actual_load,Actual Load,2026-07-26T13:03:42Z
2026-07-26T12:59:54Z,2026-07-26T14:59:54+0200,adf59793-da45-49b4-9a92-f95cd560cccb,2026-07-26T06:30:00Z,2026-07-26T08:30:00+0200,43064.93301,MW,DE,DE_LU,actual_load,Actual Load,2026-07-26T13:03:42Z
2026-07-26T12:59:54Z,2026-07-26T14:59:54+0200,adf59793-da45-49b4-9a92-f95cd560cccb,2026-07-26T06:45:00Z,2026-07-26T08:45:00+0200,43784.66063,MW,DE,DE_LU,actual_load,Actual Load,2026-07-26T13:03:42Z
2026-07-26T12:59:54Z,2026-07-26T14:59:54+0200,adf59793-da45-49b4-9a92-f95cd560cccb,2026-07-26T07:00:00Z,2026-07-26T09:00:00+0200,42923.05423,MW,DE,DE_LU,actual_load,Actual Load,2026-07-26T13:03:42Z
2026-07-26T12:59:54Z,2026-07-26T14:59:54+0200,adf59793-da45-49b4-9a92-f95cd560cccb,2026-07-26T07:15:00Z,2026-07-26T09:15:00+0200,43367.94748,MW,DE,DE_LU,actual_load,Actual Load,2026-07-26T13:03:42Z
2026-07-26T12:59:54Z,2026-07-26T14:59:54+0200,adf59793-da45-49b4-9a92-f95cd560cccb,2026-07-26T07:30:00Z,2026-07-26T09:30:00+0200,43289.62178,MW,DE,DE_LU,actual_load,Actual Load,2026-07-26T13:03:42Z
2026-07-26T12:59:54Z,2026-07-26T14:59:54+0200,adf59793-da45-49b4-9a92-f95cd560cccb,2026-07-26T07:45:00Z,2026-07-26T09:45:00+0200,43147.00125,MW,DE,DE_LU,actual_load,Actual Load,2026-07-26T13:03:42Z
2026-07-26T12:59:54Z,2026-07-26T14:59:54+0200,adf59793-da45-49b4-9a92-f95cd560cccb,2026-07-26T08:00:00Z,2026-07-26T10:00:00+0200,44234.981569,MW,DE,DE_LU,actual_load,Actual Load,2026-07-26T13:03:42Z
2026-07-26T12:59:54Z,2026-07-26T14:59:54+0200,adf59793-da45-49b4-9a92-f95cd560cccb,2026-07-26T08:15:00Z,2026-07-26T10:15:00+0200,44238.32191,MW,DE,DE_LU,actual_load,Actual Load,2026-07-26T13:03:42Z
2026-07-26T12:59:54Z,2026-07-26T14:59:54+0200,adf59793-da45-49b4-9a92-f95cd560cccb,2026-07-26T08:30:00Z,2026-07-26T10:30:00+0200,44382.33692,MW,DE,DE_LU,actual_load,Actual Load,2026-07-26T13:03:42Z
2026-07-26T12:59:54Z,2026-07-26T14:59:54+0200,adf59793-da45-49b4-9a92-f95cd560cccb,2026-07-26T08:45:00Z,2026-07-26T10:45:00+0200,44548.68613,MW,DE,DE_LU,actual_load,Actual Load,2026-07-26T13:03:42Z
2026-07-26T12:59:54Z,2026-07-26T14:59:54+0200,adf59793-da45-49b4-9a92-f95cd560cccb,2026-07-26T09:00:00Z,2026-07-26T11:00:00+0200,45486.64968,MW,DE,DE_LU,actual_load,Actual Load,2026-07-26T13:03:42Z
2026-07-26T12:59:54Z,2026-07-26T14:59:54+0200,adf59793-da45-49b4-9a92-f95cd560cccb,2026-07-26T09:15:00Z,2026-07-26T11:15:00+0200,46151.431199,MW,DE,DE_LU,actual_load,Actual Load,2026-07-26T13:03:42Z
2026-07-26T12:59:54Z,2026-07-26T14:59:54+0200,adf59793-da45-49b4-9a92-f95cd560cccb,2026-07-26T09:30:00Z,2026-07-26T11:30:00+0200,46903.46233,MW,DE,DE_LU,actual_load,Actual Load,2026-07-26T13:03:42Z
2026-07-26T12:59:54Z,2026-07-26T14:59:54+0200,adf59793-da45-49b4-9a92-f95cd560cccb,2026-07-26T09:45:00Z,2026-07-26T11:45:00+0200,46746.29499,MW,DE,DE_LU,actual_load,Actual Load,2026-07-26T13:03:42Z
2026-07-26T12:59:54Z,2026-07-26T14:59:54+0200,adf59793-da45-49b4-9a92-f95cd560cccb,2026-07-26T10:00:00Z,2026-07-26T12:00:00+0200,45885.92366,MW,DE,DE_LU,actual_load,Actual Load,2026-07-26T13:03:42Z
2026-07-26T12:59:54Z,2026-07-26T14:59:54+0200,adf59793-da45-49b4-9a92-f95cd560cccb,2026-07-26T10:15:00Z,2026-07-26T12:15:00+0200,46994.32878,MW,DE,DE_LU,actual_load,Actual Load,2026-07-26T13:03:42Z
2026-07-26T12:59:54Z,2026-07-26T14:59:54+0200,adf59793-da45-49b4-9a92-f95cd560cccb,2026-07-26T10:30:00Z,2026-07-26T12:30:00+0200,47284.381449,MW,DE,DE_LU,actual_load,Actual Load,2026-07-26T13:03:42Z
2026-07-26T12:59:54Z,2026-07-26T14:59:54+0200,adf59793-da45-49b4-9a92-f95cd560cccb,2026-07-26T10:45:00Z,2026-07-26T12:45:00+0200,47208.72229,MW,DE,DE_LU,actual_load,Actual Load,2026-07-26T13:03:42Z
2026-07-26T12:59:54Z,2026-07-26T14:59:54+0200,adf59793-da45-49b4-9a92-f95cd560cccb,2026-07-26T11:00:00Z,2026-07-26T13:00:00+0200,45837.69095,MW,DE,DE_LU,actual_load,Actual Load,2026-07-26T13:03:42Z
2026-07-26T12:59:54Z,2026-07-26T14:59:54+0200,adf59793-da45-49b4-9a92-f95cd560cccb,2026-07-26T11:15:00Z,2026-07-26T13:15:00+0200,45417.85035,MW,DE,DE_LU,actual_load,Actual Load,2026-07-26T13:03:42Z
2026-07-26T12:59:54Z,2026-07-26T14:59:54+0200,adf59793-da45-49b4-9a92-f95cd560cccb,2026-07-26T11:30:00Z,2026-07-26T13:30:00+0200,45728.809869,MW,DE,DE_LU,actual_load,Actual Load,2026-07-26T13:03:42Z
2026-07-26T12:59:54Z,2026-07-26T14:59:54+0200,adf59793-da45-49b4-9a92-f95cd560cccb,2026-07-26T11:45:00Z,2026-07-26T13:45:00+0200,45873.28859,MW,DE,DE_LU,actual_load,Actual Load,2026-07-26T13:03:42Z
2026-07-26T12:59:54Z,2026-07-26T14:59:54+0200,adf59793-da45-49b4-9a92-f95cd560cccb,2026-07-26T12:00:00Z,2026-07-26T14:00:00+0200,46374.3964,MW,DE,DE_LU,actual_load,Actual Load,2026-07-26T13:03:42Z
