collection_time_utc,collection_time_local,run_id,timestamp_utc,timestamp_local,value,unit,country,entsoe_area,variable,source,updated_at_utc
2026-08-01T23:18:50Z,2026-08-02T01:18:50+0200,914f204b-61c9-48d9-af2c-6470ecd1bcbf,2026-07-01T23:30:00Z,2026-07-02T01:30:00+0200,131.72,EUR/MWh,NL,NL,day_ahead_price,value,2026-08-01T23:22:07Z
2026-08-01T23:18:50Z,2026-08-02T01:18:50+0200,914f204b-61c9-48d9-af2c-6470ecd1bcbf,2026-07-01T23:45:00Z,2026-07-02T01:45:00+0200,130.22,EUR/MWh,NL,NL,day_ahead_price,value,2026-08-01T23:22:07Z
2026-08-01T23:18:50Z,2026-08-02T01:18:50+0200,914f204b-61c9-48d9-af2c-6470ecd1bcbf,2026-07-02T00:00:00Z,2026-07-02T02:00:00+0200,140.0,EUR/MWh,NL,NL,day_ahead_price,value,2026-08-01T23:22:07Z
2026-08-01T23:18:50Z,2026-08-02T01:18:50+0200,914f204b-61c9-48d9-af2c-6470ecd1bcbf,2026-07-02T00:15:00Z,2026-07-02T02:15:00+0200,133.66,EUR/MWh,NL,NL,day_ahead_price,value,2026-08-01T23:22:07Z
2026-08-01T23:18:50Z,2026-08-02T01:18:50+0200,914f204b-61c9-48d9-af2c-6470ecd1bcbf,2026-07-02T00:30:00Z,2026-07-02T02:30:00+0200,133.22,EUR/MWh,NL,NL,day_ahead_price,value,2026-08-01T23:22:07Z
2026-08-01T23:18:50Z,2026-08-02T01:18:50+0200,914f204b-61c9-48d9-af2c-6470ecd1bcbf,2026-07-02T00:45:00Z,2026-07-02T02:45:00+0200,126.4,EUR/MWh,NL,NL,day_ahead_price,value,2026-08-01T23:22:07Z
2026-08-01T23:18:50Z,2026-08-02T01:18:50+0200,914f204b-61c9-48d9-af2c-6470ecd1bcbf,2026-07-02T01:00:00Z,2026-07-02T03:00:00+0200,122.24,EUR/MWh,NL,NL,day_ahead_price,value,2026-08-01T23:22:07Z
2026-08-01T23:18:50Z,2026-08-02T01:18:50+0200,914f204b-61c9-48d9-af2c-6470ecd1bcbf,2026-07-02T01:15:00Z,2026-07-02T03:15:00+0200,119.64,EUR/MWh,NL,NL,day_ahead_price,value,2026-08-01T23:22:07Z
2026-08-01T23:18:50Z,2026-08-02T01:18:50+0200,914f204b-61c9-48d9-af2c-6470ecd1bcbf,2026-07-02T01:30:00Z,2026-07-02T03:30:00+0200,115.92,EUR/MWh,NL,NL,day_ahead_price,value,2026-08-01T23:22:07Z
2026-08-01T23:18:50Z,2026-08-02T01:18:50+0200,914f204b-61c9-48d9-af2c-6470ecd1bcbf,2026-07-02T01:45:00Z,2026-07-02T03:45:00+0200,109.16,EUR/MWh,NL,NL,day_ahead_price,value,2026-08-01T23:22:07Z
2026-08-01T23:18:50Z,2026-08-02T01:18:50+0200,914f204b-61c9-48d9-af2c-6470ecd1bcbf,2026-07-02T02:00:00Z,2026-07-02T04:00:00+0200,109.95,EUR/MWh,NL,NL,day_ahead_price,value,2026-08-01T23:22:07Z
2026-08-01T23:18:50Z,2026-08-02T01:18:50+0200,914f204b-61c9-48d9-af2c-6470ecd1bcbf,2026-07-02T02:15:00Z,2026-07-02T04:15:00+0200,112.07,EUR/MWh,NL,NL,day_ahead_price,value,2026-08-01T23:22:07Z
2026-08-01T23:18:50Z,2026-08-02T01:18:50+0200,914f204b-61c9-48d9-af2c-6470ecd1bcbf,2026-07-02T02:30:00Z,2026-07-02T04:30:00+0200,106.82,EUR/MWh,NL,NL,day_ahead_price,value,2026-08-01T23:22:07Z
2026-08-01T23:18:50Z,2026-08-02T01:18:50+0200,914f204b-61c9-48d9-af2c-6470ecd1bcbf,2026-07-02T02:45:00Z,2026-07-02T04:45:00+0200,106.41,EUR/MWh,NL,NL,day_ahead_price,value,2026-08-01T23:22:07Z
2026-08-01T23:18:50Z,2026-08-02T01:18:50+0200,914f204b-61c9-48d9-af2c-6470ecd1bcbf,2026-07-02T03:00:00Z,2026-07-02T05:00:00+0200,110.15,EUR/MWh,NL,NL,day_ahead_price,value,2026-08-01T23:22:07Z
2026-08-01T23:18:50Z,2026-08-02T01:18:50+0200,914f204b-61c9-48d9-af2c-6470ecd1bcbf,2026-07-02T03:15:00Z,2026-07-02T05:15:00+0200,110.49,EUR/MWh,NL,NL,day_ahead_price,value,2026-08-01T23:22:07Z
2026-08-01T23:18:50Z,2026-08-02T01:18:50+0200,914f204b-61c9-48d9-af2c-6470ecd1bcbf,2026-07-02T03:30:00Z,2026-07-02T05:30:00+0200,109.16,EUR/MWh,NL,NL,day_ahead_price,value,2026-08-01T23:22:07Z
2026-08-01T23:18:50Z,2026-08-02T01:18:50+0200,914f204b-61c9-48d9-af2c-6470ecd1bcbf,2026-07-02T03:45:00Z,2026-07-02T05:45:00+0200,111.61,EUR/MWh,NL,NL,day_ahead_price,value,2026-08-01T23:22:07Z
2026-08-01T23:18:50Z,2026-08-02T01:18:50+0200,914f204b-61c9-48d9-af2c-6470ecd1bcbf,2026-07-02T04:00:00Z,2026-07-02T06:00:00+0200,125.28,EUR/MWh,NL,NL,day_ahead_price,value,2026-08-01T23:22:07Z
2026-08-01T23:18:50Z,2026-08-02T01:18:50+0200,914f204b-61c9-48d9-af2c-6470ecd1bcbf,2026-07-02T04:15:00Z,2026-07-02T06:15:00+0200,119.52,EUR/MWh,NL,NL,day_ahead_price,value,2026-08-01T23:22:07Z
2026-08-01T23:18:50Z,2026-08-02T01:18:50+0200,914f204b-61c9-48d9-af2c-6470ecd1bcbf,2026-07-02T04:30:00Z,2026-07-02T06:30:00+0200,113.27,EUR/MWh,NL,NL,day_ahead_price,value,2026-08-01T23:22:07Z
2026-08-01T23:18:50Z,2026-08-02T01:18:50+0200,914f204b-61c9-48d9-af2c-6470ecd1bcbf,2026-07-02T04:45:00Z,2026-07-02T06:45:00+0200,107.08,EUR/MWh,NL,NL,day_ahead_price,value,2026-08-01T23:22:07Z
2026-08-01T23:18:50Z,2026-08-02T01:18:50+0200,914f204b-61c9-48d9-af2c-6470ecd1bcbf,2026-07-02T05:00:00Z,2026-07-02T07:00:00+0200,127.39,EUR/MWh,NL,NL,day_ahead_price,value,2026-08-01T23:22:07Z
2026-08-01T23:18:50Z,2026-08-02T01:18:50+0200,914f204b-61c9-48d9-af2c-6470ecd1bcbf,2026-07-02T05:15:00Z,2026-07-02T07:15:00+0200,116.85,EUR/MWh,NL,NL,day_ahead_price,value,2026-08-01T23:22:07Z
2026-08-01T23:18:50Z,2026-08-02T01:18:50+0200,914f204b-61c9-48d9-af2c-6470ecd1bcbf,2026-07-02T05:30:00Z,2026-07-02T07:30:00+0200,106.29,EUR/MWh,NL,NL,day_ahead_price,value,2026-08-01T23:22:07Z
2026-08-01T23:18:50Z,2026-08-02T01:18:50+0200,914f204b-61c9-48d9-af2c-6470ecd1bcbf,2026-07-02T05:45:00Z,2026-07-02T07:45:00+0200,90.98,EUR/MWh,NL,NL,day_ahead_price,value,2026-08-01T23:22:07Z
2026-08-01T23:18:50Z,2026-08-02T01:18:50+0200,914f204b-61c9-48d9-af2c-6470ecd1bcbf,2026-07-02T06:00:00Z,2026-07-02T08:00:00+0200,116.0,EUR/MWh,NL,NL,day_ahead_price,value,2026-08-01T23:22:07Z
2026-08-01T23:18:50Z,2026-08-02T01:18:50+0200,914f204b-61c9-48d9-af2c-6470ecd1bcbf,2026-07-02T06:15:00Z,2026-07-02T08:15:00+0200,100.96,EUR/MWh,NL,NL,day_ahead_price,value,2026-08-01T23:22:07Z
2026-08-01T23:18:50Z,2026-08-02T01:18:50+0200,914f204b-61c9-48d9-af2c-6470ecd1bcbf,2026-07-02T06:30:00Z,2026-07-02T08:30:00+0200,86.32,EUR/MWh,NL,NL,day_ahead_price,value,2026-08-01T23:22:07Z
2026-08-01T23:18:50Z,2026-08-02T01:18:50+0200,914f204b-61c9-48d9-af2c-6470ecd1bcbf,2026-07-02T06:45:00Z,2026-07-02T08:45:00+0200,41.47,EUR/MWh,NL,NL,day_ahead_price,value,2026-08-01T23:22:07Z
2026-08-01T23:18:50Z,2026-08-02T01:18:50+0200,914f204b-61c9-48d9-af2c-6470ecd1bcbf,2026-07-02T07:00:00Z,2026-07-02T09:00:00+0200,80.53,EUR/MWh,NL,NL,day_ahead_price,value,2026-08-01T23:22:07Z
2026-08-01T23:18:50Z,2026-08-02T01:18:50+0200,914f204b-61c9-48d9-af2c-6470ecd1bcbf,2026-07-02T07:15:00Z,2026-07-02T09:15:00+0200,61.11,EUR/MWh,NL,NL,day_ahead_price,value,2026-08-01T23:22:07Z
2026-08-01T23:18:50Z,2026-08-02T01:18:50+0200,914f204b-61c9-48d9-af2c-6470ecd1bcbf,2026-07-02T07:30:00Z,2026-07-02T09:30:00+0200,23.94,EUR/MWh,NL,NL,day_ahead_price,value,2026-08-01T23:22:07Z
2026-08-01T23:18:50Z,2026-08-02T01:18:50+0200,914f204b-61c9-48d9-af2c-6470ecd1bcbf,2026-07-02T07:45:00Z,2026-07-02T09:45:00+0200,0.52,EUR/MWh,NL,NL,day_ahead_price,value,2026-08-01T23:22:07Z
2026-08-01T23:18:50Z,2026-08-02T01:18:50+0200,914f204b-61c9-48d9-af2c-6470ecd1bcbf,2026-07-02T08:00:00Z,2026-07-02T10:00:00+0200,17.3,EUR/MWh,NL,NL,day_ahead_price,value,2026-08-01T23:22:07Z
2026-08-01T23:18:50Z,2026-08-02T01:18:50+0200,914f204b-61c9-48d9-af2c-6470ecd1bcbf,2026-07-02T08:15:00Z,2026-07-02T10:15:00+0200,4.9,EUR/MWh,NL,NL,day_ahead_price,value,2026-08-01T23:22:07Z
2026-08-01T23:18:50Z,2026-08-02T01:18:50+0200,914f204b-61c9-48d9-af2c-6470ecd1bcbf,2026-07-02T08:30:00Z,2026-07-02T10:30:00+0200,0.64,EUR/MWh,NL,NL,day_ahead_price,value,2026-08-01T23:22:07Z
2026-08-01T23:18:50Z,2026-08-02T01:18:50+0200,914f204b-61c9-48d9-af2c-6470ecd1bcbf,2026-07-02T08:45:00Z,2026-07-02T10:45:00+0200,1.04,EUR/MWh,NL,NL,day_ahead_price,value,2026-08-01T23:22:07Z
2026-08-01T23:18:50Z,2026-08-02T01:18:50+0200,914f204b-61c9-48d9-af2c-6470ecd1bcbf,2026-07-02T09:00:00Z,2026-07-02T11:00:00+0200,2.06,EUR/MWh,NL,NL,day_ahead_price,value,2026-08-01T23:22:07Z
2026-08-01T23:18:50Z,2026-08-02T01:18:50+0200,914f204b-61c9-48d9-af2c-6470ecd1bcbf,2026-07-02T09:15:00Z,2026-07-02T11:15:00+0200,4.48,EUR/MWh,NL,NL,day_ahead_price,value,2026-08-01T23:22:07Z
2026-08-01T23:18:50Z,2026-08-02T01:18:50+0200,914f204b-61c9-48d9-af2c-6470ecd1bcbf,2026-07-02T09:30:00Z,2026-07-02T11:30:00+0200,8.48,EUR/MWh,NL,NL,day_ahead_price,value,2026-08-01T23:22:07Z
2026-08-01T23:18:50Z,2026-08-02T01:18:50+0200,914f204b-61c9-48d9-af2c-6470ecd1bcbf,2026-07-02T09:45:00Z,2026-07-02T11:45:00+0200,9.67,EUR/MWh,NL,NL,day_ahead_price,value,2026-08-01T23:22:07Z
2026-08-01T23:18:50Z,2026-08-02T01:18:50+0200,914f204b-61c9-48d9-af2c-6470ecd1bcbf,2026-07-02T10:00:00Z,2026-07-02T12:00:00+0200,2.93,EUR/MWh,NL,NL,day_ahead_price,value,2026-08-01T23:22:07Z
2026-08-01T23:18:50Z,2026-08-02T01:18:50+0200,914f204b-61c9-48d9-af2c-6470ecd1bcbf,2026-07-02T10:15:00Z,2026-07-02T12:15:00+0200,7.63,EUR/MWh,NL,NL,day_ahead_price,value,2026-08-01T23:22:07Z
2026-08-01T23:18:50Z,2026-08-02T01:18:50+0200,914f204b-61c9-48d9-af2c-6470ecd1bcbf,2026-07-02T10:30:00Z,2026-07-02T12:30:00+0200,7.71,EUR/MWh,NL,NL,day_ahead_price,value,2026-08-01T23:22:07Z
2026-08-01T23:18:50Z,2026-08-02T01:18:50+0200,914f204b-61c9-48d9-af2c-6470ecd1bcbf,2026-07-02T10:45:00Z,2026-07-02T12:45:00+0200,6.8,EUR/MWh,NL,NL,day_ahead_price,value,2026-08-01T23:22:07Z
2026-08-01T23:18:50Z,2026-08-02T01:18:50+0200,914f204b-61c9-48d9-af2c-6470ecd1bcbf,2026-07-02T11:00:00Z,2026-07-02T13:00:00+0200,7.08,EUR/MWh,NL,NL,day_ahead_price,value,2026-08-01T23:22:07Z
2026-08-01T23:18:50Z,2026-08-02T01:18:50+0200,914f204b-61c9-48d9-af2c-6470ecd1bcbf,2026-07-02T11:15:00Z,2026-07-02T13:15:00+0200,7.31,EUR/MWh,NL,NL,day_ahead_price,value,2026-08-01T23:22:07Z
2026-08-01T23:18:50Z,2026-08-02T01:18:50+0200,914f204b-61c9-48d9-af2c-6470ecd1bcbf,2026-07-02T11:30:00Z,2026-07-02T13:30:00+0200,5.41,EUR/MWh,NL,NL,day_ahead_price,value,2026-08-01T23:22:07Z
2026-08-01T23:18:50Z,2026-08-02T01:18:50+0200,914f204b-61c9-48d9-af2c-6470ecd1bcbf,2026-07-02T11:45:00Z,2026-07-02T13:45:00+0200,5.4,EUR/MWh,NL,NL,day_ahead_price,value,2026-08-01T23:22:07Z
2026-08-01T23:18:50Z,2026-08-02T01:18:50+0200,914f204b-61c9-48d9-af2c-6470ecd1bcbf,2026-07-02T12:00:00Z,2026-07-02T14:00:00+0200,2.09,EUR/MWh,NL,NL,day_ahead_price,value,2026-08-01T23:22:07Z
2026-08-01T23:18:50Z,2026-08-02T01:18:50+0200,914f204b-61c9-48d9-af2c-6470ecd1bcbf,2026-07-02T12:15:00Z,2026-07-02T14:15:00+0200,2.04,EUR/MWh,NL,NL,day_ahead_price,value,2026-08-01T23:22:07Z
2026-08-01T23:18:50Z,2026-08-02T01:18:50+0200,914f204b-61c9-48d9-af2c-6470ecd1bcbf,2026-07-02T12:30:00Z,2026-07-02T14:30:00+0200,2.55,EUR/MWh,NL,NL,day_ahead_price,value,2026-08-01T23:22:07Z
2026-08-01T23:18:50Z,2026-08-02T01:18:50+0200,914f204b-61c9-48d9-af2c-6470ecd1bcbf,2026-07-02T12:45:00Z,2026-07-02T14:45:00+0200,2.24,EUR/MWh,NL,NL,day_ahead_price,value,2026-08-01T23:22:07Z
2026-08-01T23:18:50Z,2026-08-02T01:18:50+0200,914f204b-61c9-48d9-af2c-6470ecd1bcbf,2026-07-02T13:00:00Z,2026-07-02T15:00:00+0200,-0.01,EUR/MWh,NL,NL,day_ahead_price,value,2026-08-01T23:22:07Z
2026-08-01T23:18:50Z,2026-08-02T01:18:50+0200,914f204b-61c9-48d9-af2c-6470ecd1bcbf,2026-07-02T13:15:00Z,2026-07-02T15:15:00+0200,-0.57,EUR/MWh,NL,NL,day_ahead_price,value,2026-08-01T23:22:07Z
2026-08-01T23:18:50Z,2026-08-02T01:18:50+0200,914f204b-61c9-48d9-af2c-6470ecd1bcbf,2026-07-02T13:30:00Z,2026-07-02T15:30:00+0200,-0.34,EUR/MWh,NL,NL,day_ahead_price,value,2026-08-01T23:22:07Z
2026-08-01T23:18:50Z,2026-08-02T01:18:50+0200,914f204b-61c9-48d9-af2c-6470ecd1bcbf,2026-07-02T13:45:00Z,2026-07-02T15:45:00+0200,0.0,EUR/MWh,NL,NL,day_ahead_price,value,2026-08-01T23:22:07Z
2026-08-01T23:18:50Z,2026-08-02T01:18:50+0200,914f204b-61c9-48d9-af2c-6470ecd1bcbf,2026-07-02T14:00:00Z,2026-07-02T16:00:00+0200,0.16,EUR/MWh,NL,NL,day_ahead_price,value,2026-08-01T23:22:07Z
2026-08-01T23:18:50Z,2026-08-02T01:18:50+0200,914f204b-61c9-48d9-af2c-6470ecd1bcbf,2026-07-02T14:15:00Z,2026-07-02T16:15:00+0200,0.44,EUR/MWh,NL,NL,day_ahead_price,value,2026-08-01T23:22:07Z
2026-08-01T23:18:50Z,2026-08-02T01:18:50+0200,914f204b-61c9-48d9-af2c-6470ecd1bcbf,2026-07-02T14:30:00Z,2026-07-02T16:30:00+0200,1.64,EUR/MWh,NL,NL,day_ahead_price,value,2026-08-01T23:22:07Z
2026-08-01T23:18:50Z,2026-08-02T01:18:50+0200,914f204b-61c9-48d9-af2c-6470ecd1bcbf,2026-07-02T14:45:00Z,2026-07-02T16:45:00+0200,1.71,EUR/MWh,NL,NL,day_ahead_price,value,2026-08-01T23:22:07Z
2026-08-01T23:18:50Z,2026-08-02T01:18:50+0200,914f204b-61c9-48d9-af2c-6470ecd1bcbf,2026-07-02T15:00:00Z,2026-07-02T17:00:00+0200,2.65,EUR/MWh,NL,NL,day_ahead_price,value,2026-08-01T23:22:07Z
2026-08-01T23:18:50Z,2026-08-02T01:18:50+0200,914f204b-61c9-48d9-af2c-6470ecd1bcbf,2026-07-02T15:15:00Z,2026-07-02T17:15:00+0200,1.53,EUR/MWh,NL,NL,day_ahead_price,value,2026-08-01T23:22:07Z
2026-08-01T23:18:50Z,2026-08-02T01:18:50+0200,914f204b-61c9-48d9-af2c-6470ecd1bcbf,2026-07-02T15:30:00Z,2026-07-02T17:30:00+0200,2.93,EUR/MWh,NL,NL,day_ahead_price,value,2026-08-01T23:22:07Z
2026-08-01T23:18:50Z,2026-08-02T01:18:50+0200,914f204b-61c9-48d9-af2c-6470ecd1bcbf,2026-07-02T15:45:00Z,2026-07-02T17:45:00+0200,12.9,EUR/MWh,NL,NL,day_ahead_price,value,2026-08-01T23:22:07Z
2026-08-01T23:18:50Z,2026-08-02T01:18:50+0200,914f204b-61c9-48d9-af2c-6470ecd1bcbf,2026-07-02T16:00:00Z,2026-07-02T18:00:00+0200,16.92,EUR/MWh,NL,NL,day_ahead_price,value,2026-08-01T23:22:07Z
2026-08-01T23:18:50Z,2026-08-02T01:18:50+0200,914f204b-61c9-48d9-af2c-6470ecd1bcbf,2026-07-02T16:15:00Z,2026-07-02T18:15:00+0200,27.95,EUR/MWh,NL,NL,day_ahead_price,value,2026-08-01T23:22:07Z
2026-08-01T23:18:50Z,2026-08-02T01:18:50+0200,914f204b-61c9-48d9-af2c-6470ecd1bcbf,2026-07-02T16:30:00Z,2026-07-02T18:30:00+0200,68.53,EUR/MWh,NL,NL,day_ahead_price,value,2026-08-01T23:22:07Z
2026-08-01T23:18:50Z,2026-08-02T01:18:50+0200,914f204b-61c9-48d9-af2c-6470ecd1bcbf,2026-07-02T16:45:00Z,2026-07-02T18:45:00+0200,88.94,EUR/MWh,NL,NL,day_ahead_price,value,2026-08-01T23:22:07Z
2026-08-01T23:18:50Z,2026-08-02T01:18:50+0200,914f204b-61c9-48d9-af2c-6470ecd1bcbf,2026-07-02T17:00:00Z,2026-07-02T19:00:00+0200,67.22,EUR/MWh,NL,NL,day_ahead_price,value,2026-08-01T23:22:07Z
2026-08-01T23:18:50Z,2026-08-02T01:18:50+0200,914f204b-61c9-48d9-af2c-6470ecd1bcbf,2026-07-02T17:15:00Z,2026-07-02T19:15:00+0200,88.59,EUR/MWh,NL,NL,day_ahead_price,value,2026-08-01T23:22:07Z
2026-08-01T23:18:50Z,2026-08-02T01:18:50+0200,914f204b-61c9-48d9-af2c-6470ecd1bcbf,2026-07-02T17:30:00Z,2026-07-02T19:30:00+0200,96.22,EUR/MWh,NL,NL,day_ahead_price,value,2026-08-01T23:22:07Z
2026-08-01T23:18:50Z,2026-08-02T01:18:50+0200,914f204b-61c9-48d9-af2c-6470ecd1bcbf,2026-07-02T17:45:00Z,2026-07-02T19:45:00+0200,114.81,EUR/MWh,NL,NL,day_ahead_price,value,2026-08-01T23:22:07Z
2026-08-01T23:18:50Z,2026-08-02T01:18:50+0200,914f204b-61c9-48d9-af2c-6470ecd1bcbf,2026-07-02T18:00:00Z,2026-07-02T20:00:00+0200,93.51,EUR/MWh,NL,NL,day_ahead_price,value,2026-08-01T23:22:07Z
2026-08-01T23:18:50Z,2026-08-02T01:18:50+0200,914f204b-61c9-48d9-af2c-6470ecd1bcbf,2026-07-02T18:15:00Z,2026-07-02T20:15:00+0200,109.0,EUR/MWh,NL,NL,day_ahead_price,value,2026-08-01T23:22:07Z
2026-08-01T23:18:50Z,2026-08-02T01:18:50+0200,914f204b-61c9-48d9-af2c-6470ecd1bcbf,2026-07-02T18:30:00Z,2026-07-02T20:30:00+0200,127.29,EUR/MWh,NL,NL,day_ahead_price,value,2026-08-01T23:22:07Z
2026-08-01T23:18:50Z,2026-08-02T01:18:50+0200,914f204b-61c9-48d9-af2c-6470ecd1bcbf,2026-07-02T18:45:00Z,2026-07-02T20:45:00+0200,142.61,EUR/MWh,NL,NL,day_ahead_price,value,2026-08-01T23:22:07Z
2026-08-01T23:18:50Z,2026-08-02T01:18:50+0200,914f204b-61c9-48d9-af2c-6470ecd1bcbf,2026-07-02T19:00:00Z,2026-07-02T21:00:00+0200,114.08,EUR/MWh,NL,NL,day_ahead_price,value,2026-08-01T23:22:07Z
2026-08-01T23:18:50Z,2026-08-02T01:18:50+0200,914f204b-61c9-48d9-af2c-6470ecd1bcbf,2026-07-02T19:15:00Z,2026-07-02T21:15:00+0200,121.49,EUR/MWh,NL,NL,day_ahead_price,value,2026-08-01T23:22:07Z
2026-08-01T23:18:50Z,2026-08-02T01:18:50+0200,914f204b-61c9-48d9-af2c-6470ecd1bcbf,2026-07-02T19:30:00Z,2026-07-02T21:30:00+0200,139.99,EUR/MWh,NL,NL,day_ahead_price,value,2026-08-01T23:22:07Z
2026-08-01T23:18:50Z,2026-08-02T01:18:50+0200,914f204b-61c9-48d9-af2c-6470ecd1bcbf,2026-07-02T19:45:00Z,2026-07-02T21:45:00+0200,146.73,EUR/MWh,NL,NL,day_ahead_price,value,2026-08-01T23:22:07Z
2026-08-01T23:18:50Z,2026-08-02T01:18:50+0200,914f204b-61c9-48d9-af2c-6470ecd1bcbf,2026-07-02T20:00:00Z,2026-07-02T22:00:00+0200,144.8,EUR/MWh,NL,NL,day_ahead_price,value,2026-08-01T23:22:07Z
2026-08-01T23:18:50Z,2026-08-02T01:18:50+0200,914f204b-61c9-48d9-af2c-6470ecd1bcbf,2026-07-02T20:15:00Z,2026-07-02T22:15:00+0200,144.54,EUR/MWh,NL,NL,day_ahead_price,value,2026-08-01T23:22:07Z
2026-08-01T23:18:50Z,2026-08-02T01:18:50+0200,914f204b-61c9-48d9-af2c-6470ecd1bcbf,2026-07-02T20:30:00Z,2026-07-02T22:30:00+0200,147.9,EUR/MWh,NL,NL,day_ahead_price,value,2026-08-01T23:22:07Z
2026-08-01T23:18:50Z,2026-08-02T01:18:50+0200,914f204b-61c9-48d9-af2c-6470ecd1bcbf,2026-07-02T20:45:00Z,2026-07-02T22:45:00+0200,129.4,EUR/MWh,NL,NL,day_ahead_price,value,2026-08-01T23:22:07Z
2026-08-01T23:18:50Z,2026-08-02T01:18:50+0200,914f204b-61c9-48d9-af2c-6470ecd1bcbf,2026-07-02T21:00:00Z,2026-07-02T23:00:00+0200,141.23,EUR/MWh,NL,NL,day_ahead_price,value,2026-08-01T23:22:07Z
2026-08-01T23:18:50Z,2026-08-02T01:18:50+0200,914f204b-61c9-48d9-af2c-6470ecd1bcbf,2026-07-02T21:15:00Z,2026-07-02T23:15:00+0200,124.65,EUR/MWh,NL,NL,day_ahead_price,value,2026-08-01T23:22:07Z
2026-08-01T23:18:50Z,2026-08-02T01:18:50+0200,914f204b-61c9-48d9-af2c-6470ecd1bcbf,2026-07-02T21:30:00Z,2026-07-02T23:30:00+0200,135.18,EUR/MWh,NL,NL,day_ahead_price,value,2026-08-01T23:22:07Z
2026-08-01T23:18:50Z,2026-08-02T01:18:50+0200,914f204b-61c9-48d9-af2c-6470ecd1bcbf,2026-07-02T21:45:00Z,2026-07-02T23:45:00+0200,126.73,EUR/MWh,NL,NL,day_ahead_price,value,2026-08-01T23:22:07Z
2026-08-01T23:18:50Z,2026-08-02T01:18:50+0200,914f204b-61c9-48d9-af2c-6470ecd1bcbf,2026-07-02T22:00:00Z,2026-07-03T00:00:00+0200,144.7,EUR/MWh,NL,NL,day_ahead_price,value,2026-08-01T23:22:07Z
2026-08-01T23:18:50Z,2026-08-02T01:18:50+0200,914f204b-61c9-48d9-af2c-6470ecd1bcbf,2026-07-02T22:15:00Z,2026-07-03T00:15:00+0200,127.28,EUR/MWh,NL,NL,day_ahead_price,value,2026-08-01T23:22:07Z
2026-08-01T23:18:50Z,2026-08-02T01:18:50+0200,914f204b-61c9-48d9-af2c-6470ecd1bcbf,2026-07-02T22:30:00Z,2026-07-03T00:30:00+0200,107.1,EUR/MWh,NL,NL,day_ahead_price,value,2026-08-01T23:22:07Z
2026-08-01T23:18:50Z,2026-08-02T01:18:50+0200,914f204b-61c9-48d9-af2c-6470ecd1bcbf,2026-07-02T22:45:00Z,2026-07-03T00:45:00+0200,100.1,EUR/MWh,NL,NL,day_ahead_price,value,2026-08-01T23:22:07Z
2026-08-01T23:18:50Z,2026-08-02T01:18:50+0200,914f204b-61c9-48d9-af2c-6470ecd1bcbf,2026-07-02T23:00:00Z,2026-07-03T01:00:00+0200,133.5,EUR/MWh,NL,NL,day_ahead_price,value,2026-08-01T23:22:07Z
2026-08-01T23:18:50Z,2026-08-02T01:18:50+0200,914f204b-61c9-48d9-af2c-6470ecd1bcbf,2026-07-02T23:15:00Z,2026-07-03T01:15:00+0200,117.28,EUR/MWh,NL,NL,day_ahead_price,value,2026-08-01T23:22:07Z
2026-08-01T23:18:50Z,2026-08-02T01:18:50+0200,914f204b-61c9-48d9-af2c-6470ecd1bcbf,2026-07-02T23:30:00Z,2026-07-03T01:30:00+0200,100.39,EUR/MWh,NL,NL,day_ahead_price,value,2026-08-01T23:22:07Z
2026-08-01T23:18:50Z,2026-08-02T01:18:50+0200,914f204b-61c9-48d9-af2c-6470ecd1bcbf,2026-07-02T23:45:00Z,2026-07-03T01:45:00+0200,94.97,EUR/MWh,NL,NL,day_ahead_price,value,2026-08-01T23:22:07Z
2026-08-01T23:18:50Z,2026-08-02T01:18:50+0200,914f204b-61c9-48d9-af2c-6470ecd1bcbf,2026-07-03T00:00:00Z,2026-07-03T02:00:00+0200,103.3,EUR/MWh,NL,NL,day_ahead_price,value,2026-08-01T23:22:07Z
2026-08-01T23:18:50Z,2026-08-02T01:18:50+0200,914f204b-61c9-48d9-af2c-6470ecd1bcbf,2026-07-03T00:15:00Z,2026-07-03T02:15:00+0200,109.35,EUR/MWh,NL,NL,day_ahead_price,value,2026-08-01T23:22:07Z
2026-08-01T23:18:50Z,2026-08-02T01:18:50+0200,914f204b-61c9-48d9-af2c-6470ecd1bcbf,2026-07-03T00:30:00Z,2026-07-03T02:30:00+0200,107.8,EUR/MWh,NL,NL,day_ahead_price,value,2026-08-01T23:22:07Z
2026-08-01T23:18:50Z,2026-08-02T01:18:50+0200,914f204b-61c9-48d9-af2c-6470ecd1bcbf,2026-07-03T00:45:00Z,2026-07-03T02:45:00+0200,105.23,EUR/MWh,NL,NL,day_ahead_price,value,2026-08-01T23:22:07Z
2026-08-01T23:18:50Z,2026-08-02T01:18:50+0200,914f204b-61c9-48d9-af2c-6470ecd1bcbf,2026-07-03T01:00:00Z,2026-07-03T03:00:00+0200,104.71,EUR/MWh,NL,NL,day_ahead_price,value,2026-08-01T23:22:07Z
2026-08-01T23:18:50Z,2026-08-02T01:18:50+0200,914f204b-61c9-48d9-af2c-6470ecd1bcbf,2026-07-03T01:15:00Z,2026-07-03T03:15:00+0200,101.97,EUR/MWh,NL,NL,day_ahead_price,value,2026-08-01T23:22:07Z
2026-08-01T23:18:50Z,2026-08-02T01:18:50+0200,914f204b-61c9-48d9-af2c-6470ecd1bcbf,2026-07-03T01:30:00Z,2026-07-03T03:30:00+0200,98.24,EUR/MWh,NL,NL,day_ahead_price,value,2026-08-01T23:22:07Z
2026-08-01T23:18:50Z,2026-08-02T01:18:50+0200,914f204b-61c9-48d9-af2c-6470ecd1bcbf,2026-07-03T01:45:00Z,2026-07-03T03:45:00+0200,93.07,EUR/MWh,NL,NL,day_ahead_price,value,2026-08-01T23:22:07Z
2026-08-01T23:18:50Z,2026-08-02T01:18:50+0200,914f204b-61c9-48d9-af2c-6470ecd1bcbf,2026-07-03T02:00:00Z,2026-07-03T04:00:00+0200,101.98,EUR/MWh,NL,NL,day_ahead_price,value,2026-08-01T23:22:07Z
2026-08-01T23:18:50Z,2026-08-02T01:18:50+0200,914f204b-61c9-48d9-af2c-6470ecd1bcbf,2026-07-03T02:15:00Z,2026-07-03T04:15:00+0200,98.84,EUR/MWh,NL,NL,day_ahead_price,value,2026-08-01T23:22:07Z
2026-08-01T23:18:50Z,2026-08-02T01:18:50+0200,914f204b-61c9-48d9-af2c-6470ecd1bcbf,2026-07-03T02:30:00Z,2026-07-03T04:30:00+0200,93.95,EUR/MWh,NL,NL,day_ahead_price,value,2026-08-01T23:22:07Z
2026-08-01T23:18:50Z,2026-08-02T01:18:50+0200,914f204b-61c9-48d9-af2c-6470ecd1bcbf,2026-07-03T02:45:00Z,2026-07-03T04:45:00+0200,95.88,EUR/MWh,NL,NL,day_ahead_price,value,2026-08-01T23:22:07Z
2026-08-01T23:18:50Z,2026-08-02T01:18:50+0200,914f204b-61c9-48d9-af2c-6470ecd1bcbf,2026-07-03T03:00:00Z,2026-07-03T05:00:00+0200,94.77,EUR/MWh,NL,NL,day_ahead_price,value,2026-08-01T23:22:07Z
2026-08-01T23:18:50Z,2026-08-02T01:18:50+0200,914f204b-61c9-48d9-af2c-6470ecd1bcbf,2026-07-03T03:15:00Z,2026-07-03T05:15:00+0200,94.42,EUR/MWh,NL,NL,day_ahead_price,value,2026-08-01T23:22:07Z
2026-08-01T23:18:50Z,2026-08-02T01:18:50+0200,914f204b-61c9-48d9-af2c-6470ecd1bcbf,2026-07-03T03:30:00Z,2026-07-03T05:30:00+0200,96.8,EUR/MWh,NL,NL,day_ahead_price,value,2026-08-01T23:22:07Z
2026-08-01T23:18:50Z,2026-08-02T01:18:50+0200,914f204b-61c9-48d9-af2c-6470ecd1bcbf,2026-07-03T03:45:00Z,2026-07-03T05:45:00+0200,99.95,EUR/MWh,NL,NL,day_ahead_price,value,2026-08-01T23:22:07Z
2026-08-01T23:18:50Z,2026-08-02T01:18:50+0200,914f204b-61c9-48d9-af2c-6470ecd1bcbf,2026-07-03T04:00:00Z,2026-07-03T06:00:00+0200,109.74,EUR/MWh,NL,NL,day_ahead_price,value,2026-08-01T23:22:07Z
2026-08-01T23:18:50Z,2026-08-02T01:18:50+0200,914f204b-61c9-48d9-af2c-6470ecd1bcbf,2026-07-03T04:15:00Z,2026-07-03T06:15:00+0200,113.8,EUR/MWh,NL,NL,day_ahead_price,value,2026-08-01T23:22:07Z
2026-08-01T23:18:50Z,2026-08-02T01:18:50+0200,914f204b-61c9-48d9-af2c-6470ecd1bcbf,2026-07-03T04:30:00Z,2026-07-03T06:30:00+0200,111.7,EUR/MWh,NL,NL,day_ahead_price,value,2026-08-01T23:22:07Z
2026-08-01T23:18:50Z,2026-08-02T01:18:50+0200,914f204b-61c9-48d9-af2c-6470ecd1bcbf,2026-07-03T04:45:00Z,2026-07-03T06:45:00+0200,109.79,EUR/MWh,NL,NL,day_ahead_price,value,2026-08-01T23:22:07Z
2026-08-01T23:18:50Z,2026-08-02T01:18:50+0200,914f204b-61c9-48d9-af2c-6470ecd1bcbf,2026-07-03T05:00:00Z,2026-07-03T07:00:00+0200,131.26,EUR/MWh,NL,NL,day_ahead_price,value,2026-08-01T23:22:07Z
2026-08-01T23:18:50Z,2026-08-02T01:18:50+0200,914f204b-61c9-48d9-af2c-6470ecd1bcbf,2026-07-03T05:15:00Z,2026-07-03T07:15:00+0200,117.4,EUR/MWh,NL,NL,day_ahead_price,value,2026-08-01T23:22:07Z
2026-08-01T23:18:50Z,2026-08-02T01:18:50+0200,914f204b-61c9-48d9-af2c-6470ecd1bcbf,2026-07-03T05:30:00Z,2026-07-03T07:30:00+0200,106.64,EUR/MWh,NL,NL,day_ahead_price,value,2026-08-01T23:22:07Z
2026-08-01T23:18:50Z,2026-08-02T01:18:50+0200,914f204b-61c9-48d9-af2c-6470ecd1bcbf,2026-07-03T05:45:00Z,2026-07-03T07:45:00+0200,88.02,EUR/MWh,NL,NL,day_ahead_price,value,2026-08-01T23:22:07Z
2026-08-01T23:18:50Z,2026-08-02T01:18:50+0200,914f204b-61c9-48d9-af2c-6470ecd1bcbf,2026-07-03T06:00:00Z,2026-07-03T08:00:00+0200,191.09,EUR/MWh,NL,NL,day_ahead_price,value,2026-08-01T23:22:07Z
2026-08-01T23:18:50Z,2026-08-02T01:18:50+0200,914f204b-61c9-48d9-af2c-6470ecd1bcbf,2026-07-03T06:15:00Z,2026-07-03T08:15:00+0200,103.41,EUR/MWh,NL,NL,day_ahead_price,value,2026-08-01T23:22:07Z
2026-08-01T23:18:50Z,2026-08-02T01:18:50+0200,914f204b-61c9-48d9-af2c-6470ecd1bcbf,2026-07-03T06:30:00Z,2026-07-03T08:30:00+0200,76.82,EUR/MWh,NL,NL,day_ahead_price,value,2026-08-01T23:22:07Z
2026-08-01T23:18:50Z,2026-08-02T01:18:50+0200,914f204b-61c9-48d9-af2c-6470ecd1bcbf,2026-07-03T06:45:00Z,2026-07-03T08:45:00+0200,52.88,EUR/MWh,NL,NL,day_ahead_price,value,2026-08-01T23:22:07Z
2026-08-01T23:18:50Z,2026-08-02T01:18:50+0200,914f204b-61c9-48d9-af2c-6470ecd1bcbf,2026-07-03T07:00:00Z,2026-07-03T09:00:00+0200,72.32,EUR/MWh,NL,NL,day_ahead_price,value,2026-08-01T23:22:07Z
2026-08-01T23:18:50Z,2026-08-02T01:18:50+0200,914f204b-61c9-48d9-af2c-6470ecd1bcbf,2026-07-03T07:15:00Z,2026-07-03T09:15:00+0200,49.95,EUR/MWh,NL,NL,day_ahead_price,value,2026-08-01T23:22:07Z
2026-08-01T23:18:50Z,2026-08-02T01:18:50+0200,914f204b-61c9-48d9-af2c-6470ecd1bcbf,2026-07-03T07:30:00Z,2026-07-03T09:30:00+0200,18.52,EUR/MWh,NL,NL,day_ahead_price,value,2026-08-01T23:22:07Z
2026-08-01T23:18:50Z,2026-08-02T01:18:50+0200,914f204b-61c9-48d9-af2c-6470ecd1bcbf,2026-07-03T07:45:00Z,2026-07-03T09:45:00+0200,0.49,EUR/MWh,NL,NL,day_ahead_price,value,2026-08-01T23:22:07Z
2026-08-01T23:18:50Z,2026-08-02T01:18:50+0200,914f204b-61c9-48d9-af2c-6470ecd1bcbf,2026-07-03T08:00:00Z,2026-07-03T10:00:00+0200,0.55,EUR/MWh,NL,NL,day_ahead_price,value,2026-08-01T23:22:07Z
2026-08-01T23:18:50Z,2026-08-02T01:18:50+0200,914f204b-61c9-48d9-af2c-6470ecd1bcbf,2026-07-03T08:15:00Z,2026-07-03T10:15:00+0200,0.39,EUR/MWh,NL,NL,day_ahead_price,value,2026-08-01T23:22:07Z
2026-08-01T23:18:50Z,2026-08-02T01:18:50+0200,914f204b-61c9-48d9-af2c-6470ecd1bcbf,2026-07-03T08:30:00Z,2026-07-03T10:30:00+0200,0.36,EUR/MWh,NL,NL,day_ahead_price,value,2026-08-01T23:22:07Z
2026-08-01T23:18:50Z,2026-08-02T01:18:50+0200,914f204b-61c9-48d9-af2c-6470ecd1bcbf,2026-07-03T08:45:00Z,2026-07-03T10:45:00+0200,0.0,EUR/MWh,NL,NL,day_ahead_price,value,2026-08-01T23:22:07Z
2026-08-01T23:18:50Z,2026-08-02T01:18:50+0200,914f204b-61c9-48d9-af2c-6470ecd1bcbf,2026-07-03T09:00:00Z,2026-07-03T11:00:00+0200,-0.01,EUR/MWh,NL,NL,day_ahead_price,value,2026-08-01T23:22:07Z
2026-08-01T23:18:50Z,2026-08-02T01:18:50+0200,914f204b-61c9-48d9-af2c-6470ecd1bcbf,2026-07-03T09:15:00Z,2026-07-03T11:15:00+0200,-0.42,EUR/MWh,NL,NL,day_ahead_price,value,2026-08-01T23:22:07Z
2026-08-01T23:18:50Z,2026-08-02T01:18:50+0200,914f204b-61c9-48d9-af2c-6470ecd1bcbf,2026-07-03T09:30:00Z,2026-07-03T11:30:00+0200,-0.55,EUR/MWh,NL,NL,day_ahead_price,value,2026-08-01T23:22:07Z
2026-08-01T23:18:50Z,2026-08-02T01:18:50+0200,914f204b-61c9-48d9-af2c-6470ecd1bcbf,2026-07-03T09:45:00Z,2026-07-03T11:45:00+0200,-1.14,EUR/MWh,NL,NL,day_ahead_price,value,2026-08-01T23:22:07Z
2026-08-01T23:18:50Z,2026-08-02T01:18:50+0200,914f204b-61c9-48d9-af2c-6470ecd1bcbf,2026-07-03T10:00:00Z,2026-07-03T12:00:00+0200,-1.28,EUR/MWh,NL,NL,day_ahead_price,value,2026-08-01T23:22:07Z
2026-08-01T23:18:50Z,2026-08-02T01:18:50+0200,914f204b-61c9-48d9-af2c-6470ecd1bcbf,2026-07-03T10:15:00Z,2026-07-03T12:15:00+0200,-1.47,EUR/MWh,NL,NL,day_ahead_price,value,2026-08-01T23:22:07Z
2026-08-01T23:18:50Z,2026-08-02T01:18:50+0200,914f204b-61c9-48d9-af2c-6470ecd1bcbf,2026-07-03T10:30:00Z,2026-07-03T12:30:00+0200,-1.44,EUR/MWh,NL,NL,day_ahead_price,value,2026-08-01T23:22:07Z
2026-08-01T23:18:50Z,2026-08-02T01:18:50+0200,914f204b-61c9-48d9-af2c-6470ecd1bcbf,2026-07-03T10:45:00Z,2026-07-03T12:45:00+0200,-1.57,EUR/MWh,NL,NL,day_ahead_price,value,2026-08-01T23:22:07Z
2026-08-01T23:18:50Z,2026-08-02T01:18:50+0200,914f204b-61c9-48d9-af2c-6470ecd1bcbf,2026-07-03T11:00:00Z,2026-07-03T13:00:00+0200,-2.05,EUR/MWh,NL,NL,day_ahead_price,value,2026-08-01T23:22:07Z
2026-08-01T23:18:50Z,2026-08-02T01:18:50+0200,914f204b-61c9-48d9-af2c-6470ecd1bcbf,2026-07-03T11:15:00Z,2026-07-03T13:15:00+0200,-2.41,EUR/MWh,NL,NL,day_ahead_price,value,2026-08-01T23:22:07Z
2026-08-01T23:18:50Z,2026-08-02T01:18:50+0200,914f204b-61c9-48d9-af2c-6470ecd1bcbf,2026-07-03T11:30:00Z,2026-07-03T13:30:00+0200,-3.0,EUR/MWh,NL,NL,day_ahead_price,value,2026-08-01T23:22:07Z
2026-08-01T23:18:50Z,2026-08-02T01:18:50+0200,914f204b-61c9-48d9-af2c-6470ecd1bcbf,2026-07-03T11:45:00Z,2026-07-03T13:45:00+0200,-4.0,EUR/MWh,NL,NL,day_ahead_price,value,2026-08-01T23:22:07Z
2026-08-01T23:18:50Z,2026-08-02T01:18:50+0200,914f204b-61c9-48d9-af2c-6470ecd1bcbf,2026-07-03T12:00:00Z,2026-07-03T14:00:00+0200,-3.74,EUR/MWh,NL,NL,day_ahead_price,value,2026-08-01T23:22:07Z
2026-08-01T23:18:50Z,2026-08-02T01:18:50+0200,914f204b-61c9-48d9-af2c-6470ecd1bcbf,2026-07-03T12:15:00Z,2026-07-03T14:15:00+0200,-3.96,EUR/MWh,NL,NL,day_ahead_price,value,2026-08-01T23:22:07Z
2026-08-01T23:18:50Z,2026-08-02T01:18:50+0200,914f204b-61c9-48d9-af2c-6470ecd1bcbf,2026-07-03T12:30:00Z,2026-07-03T14:30:00+0200,-3.66,EUR/MWh,NL,NL,day_ahead_price,value,2026-08-01T23:22:07Z
2026-08-01T23:18:50Z,2026-08-02T01:18:50+0200,914f204b-61c9-48d9-af2c-6470ecd1bcbf,2026-07-03T12:45:00Z,2026-07-03T14:45:00+0200,-4.03,EUR/MWh,NL,NL,day_ahead_price,value,2026-08-01T23:22:07Z
2026-08-01T23:18:50Z,2026-08-02T01:18:50+0200,914f204b-61c9-48d9-af2c-6470ecd1bcbf,2026-07-03T13:00:00Z,2026-07-03T15:00:00+0200,-3.5,EUR/MWh,NL,NL,day_ahead_price,value,2026-08-01T23:22:07Z
2026-08-01T23:18:50Z,2026-08-02T01:18:50+0200,914f204b-61c9-48d9-af2c-6470ecd1bcbf,2026-07-03T13:15:00Z,2026-07-03T15:15:00+0200,-3.55,EUR/MWh,NL,NL,day_ahead_price,value,2026-08-01T23:22:07Z
2026-08-01T23:18:50Z,2026-08-02T01:18:50+0200,914f204b-61c9-48d9-af2c-6470ecd1bcbf,2026-07-03T13:30:00Z,2026-07-03T15:30:00+0200,-1.44,EUR/MWh,NL,NL,day_ahead_price,value,2026-08-01T23:22:07Z
2026-08-01T23:18:50Z,2026-08-02T01:18:50+0200,914f204b-61c9-48d9-af2c-6470ecd1bcbf,2026-07-03T13:45:00Z,2026-07-03T15:45:00+0200,-2.44,EUR/MWh,NL,NL,day_ahead_price,value,2026-08-01T23:22:07Z
2026-08-01T23:18:50Z,2026-08-02T01:18:50+0200,914f204b-61c9-48d9-af2c-6470ecd1bcbf,2026-07-03T14:00:00Z,2026-07-03T16:00:00+0200,-0.81,EUR/MWh,NL,NL,day_ahead_price,value,2026-08-01T23:22:07Z
2026-08-01T23:18:50Z,2026-08-02T01:18:50+0200,914f204b-61c9-48d9-af2c-6470ecd1bcbf,2026-07-03T14:15:00Z,2026-07-03T16:15:00+0200,-1.47,EUR/MWh,NL,NL,day_ahead_price,value,2026-08-01T23:22:07Z
2026-08-01T23:18:50Z,2026-08-02T01:18:50+0200,914f204b-61c9-48d9-af2c-6470ecd1bcbf,2026-07-03T14:30:00Z,2026-07-03T16:30:00+0200,-0.01,EUR/MWh,NL,NL,day_ahead_price,value,2026-08-01T23:22:07Z
2026-08-01T23:18:50Z,2026-08-02T01:18:50+0200,914f204b-61c9-48d9-af2c-6470ecd1bcbf,2026-07-03T14:45:00Z,2026-07-03T16:45:00+0200,0.73,EUR/MWh,NL,NL,day_ahead_price,value,2026-08-01T23:22:07Z
2026-08-01T23:18:50Z,2026-08-02T01:18:50+0200,914f204b-61c9-48d9-af2c-6470ecd1bcbf,2026-07-03T15:00:00Z,2026-07-03T17:00:00+0200,0.76,EUR/MWh,NL,NL,day_ahead_price,value,2026-08-01T23:22:07Z
2026-08-01T23:18:50Z,2026-08-02T01:18:50+0200,914f204b-61c9-48d9-af2c-6470ecd1bcbf,2026-07-03T15:15:00Z,2026-07-03T17:15:00+0200,2.7,EUR/MWh,NL,NL,day_ahead_price,value,2026-08-01T23:22:07Z
2026-08-01T23:18:50Z,2026-08-02T01:18:50+0200,914f204b-61c9-48d9-af2c-6470ecd1bcbf,2026-07-03T15:30:00Z,2026-07-03T17:30:00+0200,6.4,EUR/MWh,NL,NL,day_ahead_price,value,2026-08-01T23:22:07Z
2026-08-01T23:18:50Z,2026-08-02T01:18:50+0200,914f204b-61c9-48d9-af2c-6470ecd1bcbf,2026-07-03T15:45:00Z,2026-07-03T17:45:00+0200,9.9,EUR/MWh,NL,NL,day_ahead_price,value,2026-08-01T23:22:07Z
2026-08-01T23:18:50Z,2026-08-02T01:18:50+0200,914f204b-61c9-48d9-af2c-6470ecd1bcbf,2026-07-03T16:00:00Z,2026-07-03T18:00:00+0200,2.45,EUR/MWh,NL,NL,day_ahead_price,value,2026-08-01T23:22:07Z
2026-08-01T23:18:50Z,2026-08-02T01:18:50+0200,914f204b-61c9-48d9-af2c-6470ecd1bcbf,2026-07-03T16:15:00Z,2026-07-03T18:15:00+0200,23.42,EUR/MWh,NL,NL,day_ahead_price,value,2026-08-01T23:22:07Z
2026-08-01T23:18:50Z,2026-08-02T01:18:50+0200,914f204b-61c9-48d9-af2c-6470ecd1bcbf,2026-07-03T16:30:00Z,2026-07-03T18:30:00+0200,70.1,EUR/MWh,NL,NL,day_ahead_price,value,2026-08-01T23:22:07Z
2026-08-01T23:18:50Z,2026-08-02T01:18:50+0200,914f204b-61c9-48d9-af2c-6470ecd1bcbf,2026-07-03T16:45:00Z,2026-07-03T18:45:00+0200,92.05,EUR/MWh,NL,NL,day_ahead_price,value,2026-08-01T23:22:07Z
2026-08-01T23:18:50Z,2026-08-02T01:18:50+0200,914f204b-61c9-48d9-af2c-6470ecd1bcbf,2026-07-03T17:00:00Z,2026-07-03T19:00:00+0200,77.0,EUR/MWh,NL,NL,day_ahead_price,value,2026-08-01T23:22:07Z
2026-08-01T23:18:50Z,2026-08-02T01:18:50+0200,914f204b-61c9-48d9-af2c-6470ecd1bcbf,2026-07-03T17:15:00Z,2026-07-03T19:15:00+0200,107.4,EUR/MWh,NL,NL,day_ahead_price,value,2026-08-01T23:22:07Z
2026-08-01T23:18:50Z,2026-08-02T01:18:50+0200,914f204b-61c9-48d9-af2c-6470ecd1bcbf,2026-07-03T17:30:00Z,2026-07-03T19:30:00+0200,122.31,EUR/MWh,NL,NL,day_ahead_price,value,2026-08-01T23:22:07Z
2026-08-01T23:18:50Z,2026-08-02T01:18:50+0200,914f204b-61c9-48d9-af2c-6470ecd1bcbf,2026-07-03T17:45:00Z,2026-07-03T19:45:00+0200,130.27,EUR/MWh,NL,NL,day_ahead_price,value,2026-08-01T23:22:07Z
2026-08-01T23:18:50Z,2026-08-02T01:18:50+0200,914f204b-61c9-48d9-af2c-6470ecd1bcbf,2026-07-03T18:00:00Z,2026-07-03T20:00:00+0200,112.15,EUR/MWh,NL,NL,day_ahead_price,value,2026-08-01T23:22:07Z
2026-08-01T23:18:50Z,2026-08-02T01:18:50+0200,914f204b-61c9-48d9-af2c-6470ecd1bcbf,2026-07-03T18:15:00Z,2026-07-03T20:15:00+0200,119.91,EUR/MWh,NL,NL,day_ahead_price,value,2026-08-01T23:22:07Z
2026-08-01T23:18:50Z,2026-08-02T01:18:50+0200,914f204b-61c9-48d9-af2c-6470ecd1bcbf,2026-07-03T18:30:00Z,2026-07-03T20:30:00+0200,128.93,EUR/MWh,NL,NL,day_ahead_price,value,2026-08-01T23:22:07Z
2026-08-01T23:18:50Z,2026-08-02T01:18:50+0200,914f204b-61c9-48d9-af2c-6470ecd1bcbf,2026-07-03T18:45:00Z,2026-07-03T20:45:00+0200,152.5,EUR/MWh,NL,NL,day_ahead_price,value,2026-08-01T23:22:07Z
2026-08-01T23:18:50Z,2026-08-02T01:18:50+0200,914f204b-61c9-48d9-af2c-6470ecd1bcbf,2026-07-03T19:00:00Z,2026-07-03T21:00:00+0200,127.55,EUR/MWh,NL,NL,day_ahead_price,value,2026-08-01T23:22:07Z
2026-08-01T23:18:50Z,2026-08-02T01:18:50+0200,914f204b-61c9-48d9-af2c-6470ecd1bcbf,2026-07-03T19:15:00Z,2026-07-03T21:15:00+0200,135.44,EUR/MWh,NL,NL,day_ahead_price,value,2026-08-01T23:22:07Z
2026-08-01T23:18:50Z,2026-08-02T01:18:50+0200,914f204b-61c9-48d9-af2c-6470ecd1bcbf,2026-07-03T19:30:00Z,2026-07-03T21:30:00+0200,139.35,EUR/MWh,NL,NL,day_ahead_price,value,2026-08-01T23:22:07Z
2026-08-01T23:18:50Z,2026-08-02T01:18:50+0200,914f204b-61c9-48d9-af2c-6470ecd1bcbf,2026-07-03T19:45:00Z,2026-07-03T21:45:00+0200,142.2,EUR/MWh,NL,NL,day_ahead_price,value,2026-08-01T23:22:07Z
2026-08-01T23:18:50Z,2026-08-02T01:18:50+0200,914f204b-61c9-48d9-af2c-6470ecd1bcbf,2026-07-03T20:00:00Z,2026-07-03T22:00:00+0200,143.4,EUR/MWh,NL,NL,day_ahead_price,value,2026-08-01T23:22:07Z
2026-08-01T23:18:50Z,2026-08-02T01:18:50+0200,914f204b-61c9-48d9-af2c-6470ecd1bcbf,2026-07-03T20:15:00Z,2026-07-03T22:15:00+0200,139.43,EUR/MWh,NL,NL,day_ahead_price,value,2026-08-01T23:22:07Z
2026-08-01T23:18:50Z,2026-08-02T01:18:50+0200,914f204b-61c9-48d9-af2c-6470ecd1bcbf,2026-07-03T20:30:00Z,2026-07-03T22:30:00+0200,136.28,EUR/MWh,NL,NL,day_ahead_price,value,2026-08-01T23:22:07Z
2026-08-01T23:18:50Z,2026-08-02T01:18:50+0200,914f204b-61c9-48d9-af2c-6470ecd1bcbf,2026-07-03T20:45:00Z,2026-07-03T22:45:00+0200,131.27,EUR/MWh,NL,NL,day_ahead_price,value,2026-08-01T23:22:07Z
2026-08-01T23:18:50Z,2026-08-02T01:18:50+0200,914f204b-61c9-48d9-af2c-6470ecd1bcbf,2026-07-03T21:00:00Z,2026-07-03T23:00:00+0200,133.44,EUR/MWh,NL,NL,day_ahead_price,value,2026-08-01T23:22:07Z
2026-08-01T23:18:50Z,2026-08-02T01:18:50+0200,914f204b-61c9-48d9-af2c-6470ecd1bcbf,2026-07-03T21:15:00Z,2026-07-03T23:15:00+0200,129.36,EUR/MWh,NL,NL,day_ahead_price,value,2026-08-01T23:22:07Z
2026-08-01T23:18:50Z,2026-08-02T01:18:50+0200,914f204b-61c9-48d9-af2c-6470ecd1bcbf,2026-07-03T21:30:00Z,2026-07-03T23:30:00+0200,128.32,EUR/MWh,NL,NL,day_ahead_price,value,2026-08-01T23:22:07Z
2026-08-01T23:18:50Z,2026-08-02T01:18:50+0200,914f204b-61c9-48d9-af2c-6470ecd1bcbf,2026-07-03T21:45:00Z,2026-07-03T23:45:00+0200,120.47,EUR/MWh,NL,NL,day_ahead_price,value,2026-08-01T23:22:07Z
2026-08-01T23:18:50Z,2026-08-02T01:18:50+0200,914f204b-61c9-48d9-af2c-6470ecd1bcbf,2026-07-03T22:00:00Z,2026-07-04T00:00:00+0200,142.5,EUR/MWh,NL,NL,day_ahead_price,value,2026-08-01T23:22:07Z
2026-08-01T23:18:50Z,2026-08-02T01:18:50+0200,914f204b-61c9-48d9-af2c-6470ecd1bcbf,2026-07-03T22:15:00Z,2026-07-04T00:15:00+0200,129.61,EUR/MWh,NL,NL,day_ahead_price,value,2026-08-01T23:22:07Z
2026-08-01T23:18:50Z,2026-08-02T01:18:50+0200,914f204b-61c9-48d9-af2c-6470ecd1bcbf,2026-07-03T22:30:00Z,2026-07-04T00:30:00+0200,123.98,EUR/MWh,NL,NL,day_ahead_price,value,2026-08-01T23:22:07Z
2026-08-01T23:18:50Z,2026-08-02T01:18:50+0200,914f204b-61c9-48d9-af2c-6470ecd1bcbf,2026-07-03T22:45:00Z,2026-07-04T00:45:00+0200,114.97,EUR/MWh,NL,NL,day_ahead_price,value,2026-08-01T23:22:07Z
2026-08-01T23:18:50Z,2026-08-02T01:18:50+0200,914f204b-61c9-48d9-af2c-6470ecd1bcbf,2026-07-03T23:00:00Z,2026-07-04T01:00:00+0200,129.58,EUR/MWh,NL,NL,day_ahead_price,value,2026-08-01T23:22:07Z
2026-08-01T23:18:50Z,2026-08-02T01:18:50+0200,914f204b-61c9-48d9-af2c-6470ecd1bcbf,2026-07-03T23:15:00Z,2026-07-04T01:15:00+0200,119.75,EUR/MWh,NL,NL,day_ahead_price,value,2026-08-01T23:22:07Z
2026-08-01T23:18:50Z,2026-08-02T01:18:50+0200,914f204b-61c9-48d9-af2c-6470ecd1bcbf,2026-07-03T23:30:00Z,2026-07-04T01:30:00+0200,116.5,EUR/MWh,NL,NL,day_ahead_price,value,2026-08-01T23:22:07Z
2026-08-01T23:18:50Z,2026-08-02T01:18:50+0200,914f204b-61c9-48d9-af2c-6470ecd1bcbf,2026-07-03T23:45:00Z,2026-07-04T01:45:00+0200,114.87,EUR/MWh,NL,NL,day_ahead_price,value,2026-08-01T23:22:07Z
2026-08-01T23:18:50Z,2026-08-02T01:18:50+0200,914f204b-61c9-48d9-af2c-6470ecd1bcbf,2026-07-04T00:00:00Z,2026-07-04T02:00:00+0200,115.85,EUR/MWh,NL,NL,day_ahead_price,value,2026-08-01T23:22:07Z
2026-08-01T23:18:50Z,2026-08-02T01:18:50+0200,914f204b-61c9-48d9-af2c-6470ecd1bcbf,2026-07-04T00:15:00Z,2026-07-04T02:15:00+0200,114.32,EUR/MWh,NL,NL,day_ahead_price,value,2026-08-01T23:22:07Z
2026-08-01T23:18:50Z,2026-08-02T01:18:50+0200,914f204b-61c9-48d9-af2c-6470ecd1bcbf,2026-07-04T00:30:00Z,2026-07-04T02:30:00+0200,114.29,EUR/MWh,NL,NL,day_ahead_price,value,2026-08-01T23:22:07Z
2026-08-01T23:18:50Z,2026-08-02T01:18:50+0200,914f204b-61c9-48d9-af2c-6470ecd1bcbf,2026-07-04T00:45:00Z,2026-07-04T02:45:00+0200,112.71,EUR/MWh,NL,NL,day_ahead_price,value,2026-08-01T23:22:07Z
2026-08-01T23:18:50Z,2026-08-02T01:18:50+0200,914f204b-61c9-48d9-af2c-6470ecd1bcbf,2026-07-04T01:00:00Z,2026-07-04T03:00:00+0200,114.37,EUR/MWh,NL,NL,day_ahead_price,value,2026-08-01T23:22:07Z
2026-08-01T23:18:50Z,2026-08-02T01:18:50+0200,914f204b-61c9-48d9-af2c-6470ecd1bcbf,2026-07-04T01:15:00Z,2026-07-04T03:15:00+0200,111.77,EUR/MWh,NL,NL,day_ahead_price,value,2026-08-01T23:22:07Z
2026-08-01T23:18:50Z,2026-08-02T01:18:50+0200,914f204b-61c9-48d9-af2c-6470ecd1bcbf,2026-07-04T01:30:00Z,2026-07-04T03:30:00+0200,107.4,EUR/MWh,NL,NL,day_ahead_price,value,2026-08-01T23:22:07Z
2026-08-01T23:18:50Z,2026-08-02T01:18:50+0200,914f204b-61c9-48d9-af2c-6470ecd1bcbf,2026-07-04T01:45:00Z,2026-07-04T03:45:00+0200,104.99,EUR/MWh,NL,NL,day_ahead_price,value,2026-08-01T23:22:07Z
2026-08-01T23:18:50Z,2026-08-02T01:18:50+0200,914f204b-61c9-48d9-af2c-6470ecd1bcbf,2026-07-04T02:00:00Z,2026-07-04T04:00:00+0200,102.42,EUR/MWh,NL,NL,day_ahead_price,value,2026-08-01T23:22:07Z
2026-08-01T23:18:50Z,2026-08-02T01:18:50+0200,914f204b-61c9-48d9-af2c-6470ecd1bcbf,2026-07-04T02:15:00Z,2026-07-04T04:15:00+0200,104.07,EUR/MWh,NL,NL,day_ahead_price,value,2026-08-01T23:22:07Z
2026-08-01T23:18:50Z,2026-08-02T01:18:50+0200,914f204b-61c9-48d9-af2c-6470ecd1bcbf,2026-07-04T02:30:00Z,2026-07-04T04:30:00+0200,101.01,EUR/MWh,NL,NL,day_ahead_price,value,2026-08-01T23:22:07Z
2026-08-01T23:18:50Z,2026-08-02T01:18:50+0200,914f204b-61c9-48d9-af2c-6470ecd1bcbf,2026-07-04T02:45:00Z,2026-07-04T04:45:00+0200,101.71,EUR/MWh,NL,NL,day_ahead_price,value,2026-08-01T23:22:07Z
2026-08-01T23:18:50Z,2026-08-02T01:18:50+0200,914f204b-61c9-48d9-af2c-6470ecd1bcbf,2026-07-04T03:00:00Z,2026-07-04T05:00:00+0200,101.0,EUR/MWh,NL,NL,day_ahead_price,value,2026-08-01T23:22:07Z
2026-08-01T23:18:50Z,2026-08-02T01:18:50+0200,914f204b-61c9-48d9-af2c-6470ecd1bcbf,2026-07-04T03:15:00Z,2026-07-04T05:15:00+0200,101.68,EUR/MWh,NL,NL,day_ahead_price,value,2026-08-01T23:22:07Z
2026-08-01T23:18:50Z,2026-08-02T01:18:50+0200,914f204b-61c9-48d9-af2c-6470ecd1bcbf,2026-07-04T03:30:00Z,2026-07-04T05:30:00+0200,97.01,EUR/MWh,NL,NL,day_ahead_price,value,2026-08-01T23:22:07Z
2026-08-01T23:18:50Z,2026-08-02T01:18:50+0200,914f204b-61c9-48d9-af2c-6470ecd1bcbf,2026-07-04T03:45:00Z,2026-07-04T05:45:00+0200,90.97,EUR/MWh,NL,NL,day_ahead_price,value,2026-08-01T23:22:07Z
2026-08-01T23:18:50Z,2026-08-02T01:18:50+0200,914f204b-61c9-48d9-af2c-6470ecd1bcbf,2026-07-04T04:00:00Z,2026-07-04T06:00:00+0200,102.45,EUR/MWh,NL,NL,day_ahead_price,value,2026-08-01T23:22:07Z
2026-08-01T23:18:50Z,2026-08-02T01:18:50+0200,914f204b-61c9-48d9-af2c-6470ecd1bcbf,2026-07-04T04:15:00Z,2026-07-04T06:15:00+0200,98.0,EUR/MWh,NL,NL,day_ahead_price,value,2026-08-01T23:22:07Z
2026-08-01T23:18:50Z,2026-08-02T01:18:50+0200,914f204b-61c9-48d9-af2c-6470ecd1bcbf,2026-07-04T04:30:00Z,2026-07-04T06:30:00+0200,87.73,EUR/MWh,NL,NL,day_ahead_price,value,2026-08-01T23:22:07Z
2026-08-01T23:18:50Z,2026-08-02T01:18:50+0200,914f204b-61c9-48d9-af2c-6470ecd1bcbf,2026-07-04T04:45:00Z,2026-07-04T06:45:00+0200,73.02,EUR/MWh,NL,NL,day_ahead_price,value,2026-08-01T23:22:07Z
2026-08-01T23:18:50Z,2026-08-02T01:18:50+0200,914f204b-61c9-48d9-af2c-6470ecd1bcbf,2026-07-04T05:00:00Z,2026-07-04T07:00:00+0200,98.03,EUR/MWh,NL,NL,day_ahead_price,value,2026-08-01T23:22:07Z
2026-08-01T23:18:50Z,2026-08-02T01:18:50+0200,914f204b-61c9-48d9-af2c-6470ecd1bcbf,2026-07-04T05:15:00Z,2026-07-04T07:15:00+0200,77.62,EUR/MWh,NL,NL,day_ahead_price,value,2026-08-01T23:22:07Z
2026-08-01T23:18:50Z,2026-08-02T01:18:50+0200,914f204b-61c9-48d9-af2c-6470ecd1bcbf,2026-07-04T05:30:00Z,2026-07-04T07:30:00+0200,58.72,EUR/MWh,NL,NL,day_ahead_price,value,2026-08-01T23:22:07Z
2026-08-01T23:18:50Z,2026-08-02T01:18:50+0200,914f204b-61c9-48d9-af2c-6470ecd1bcbf,2026-07-04T05:45:00Z,2026-07-04T07:45:00+0200,44.76,EUR/MWh,NL,NL,day_ahead_price,value,2026-08-01T23:22:07Z
2026-08-01T23:18:50Z,2026-08-02T01:18:50+0200,914f204b-61c9-48d9-af2c-6470ecd1bcbf,2026-07-04T06:00:00Z,2026-07-04T08:00:00+0200,61.82,EUR/MWh,NL,NL,day_ahead_price,value,2026-08-01T23:22:07Z
2026-08-01T23:18:50Z,2026-08-02T01:18:50+0200,914f204b-61c9-48d9-af2c-6470ecd1bcbf,2026-07-04T06:15:00Z,2026-07-04T08:15:00+0200,32.53,EUR/MWh,NL,NL,day_ahead_price,value,2026-08-01T23:22:07Z
2026-08-01T23:18:50Z,2026-08-02T01:18:50+0200,914f204b-61c9-48d9-af2c-6470ecd1bcbf,2026-07-04T06:30:00Z,2026-07-04T08:30:00+0200,13.89,EUR/MWh,NL,NL,day_ahead_price,value,2026-08-01T23:22:07Z
2026-08-01T23:18:50Z,2026-08-02T01:18:50+0200,914f204b-61c9-48d9-af2c-6470ecd1bcbf,2026-07-04T06:45:00Z,2026-07-04T08:45:00+0200,4.48,EUR/MWh,NL,NL,day_ahead_price,value,2026-08-01T23:22:07Z
2026-08-01T23:18:50Z,2026-08-02T01:18:50+0200,914f204b-61c9-48d9-af2c-6470ecd1bcbf,2026-07-04T07:00:00Z,2026-07-04T09:00:00+0200,3.6,EUR/MWh,NL,NL,day_ahead_price,value,2026-08-01T23:22:07Z
2026-08-01T23:18:50Z,2026-08-02T01:18:50+0200,914f204b-61c9-48d9-af2c-6470ecd1bcbf,2026-07-04T07:15:00Z,2026-07-04T09:15:00+0200,0.05,EUR/MWh,NL,NL,day_ahead_price,value,2026-08-01T23:22:07Z
2026-08-01T23:18:50Z,2026-08-02T01:18:50+0200,914f204b-61c9-48d9-af2c-6470ecd1bcbf,2026-07-04T07:30:00Z,2026-07-04T09:30:00+0200,0.0,EUR/MWh,NL,NL,day_ahead_price,value,2026-08-01T23:22:07Z
2026-08-01T23:18:50Z,2026-08-02T01:18:50+0200,914f204b-61c9-48d9-af2c-6470ecd1bcbf,2026-07-04T07:45:00Z,2026-07-04T09:45:00+0200,0.0,EUR/MWh,NL,NL,day_ahead_price,value,2026-08-01T23:22:07Z
2026-08-01T23:18:50Z,2026-08-02T01:18:50+0200,914f204b-61c9-48d9-af2c-6470ecd1bcbf,2026-07-04T08:00:00Z,2026-07-04T10:00:00+0200,0.0,EUR/MWh,NL,NL,day_ahead_price,value,2026-08-01T23:22:07Z
2026-08-01T23:18:50Z,2026-08-02T01:18:50+0200,914f204b-61c9-48d9-af2c-6470ecd1bcbf,2026-07-04T08:15:00Z,2026-07-04T10:15:00+0200,0.0,EUR/MWh,NL,NL,day_ahead_price,value,2026-08-01T23:22:07Z
2026-08-01T23:18:50Z,2026-08-02T01:18:50+0200,914f204b-61c9-48d9-af2c-6470ecd1bcbf,2026-07-04T08:30:00Z,2026-07-04T10:30:00+0200,-0.01,EUR/MWh,NL,NL,day_ahead_price,value,2026-08-01T23:22:07Z
2026-08-01T23:18:50Z,2026-08-02T01:18:50+0200,914f204b-61c9-48d9-af2c-6470ecd1bcbf,2026-07-04T08:45:00Z,2026-07-04T10:45:00+0200,-0.04,EUR/MWh,NL,NL,day_ahead_price,value,2026-08-01T23:22:07Z
2026-08-01T23:18:50Z,2026-08-02T01:18:50+0200,914f204b-61c9-48d9-af2c-6470ecd1bcbf,2026-07-04T09:00:00Z,2026-07-04T11:00:00+0200,-0.11,EUR/MWh,NL,NL,day_ahead_price,value,2026-08-01T23:22:07Z
2026-08-01T23:18:50Z,2026-08-02T01:18:50+0200,914f204b-61c9-48d9-af2c-6470ecd1bcbf,2026-07-04T09:15:00Z,2026-07-04T11:15:00+0200,-0.12,EUR/MWh,NL,NL,day_ahead_price,value,2026-08-01T23:22:07Z
2026-08-01T23:18:50Z,2026-08-02T01:18:50+0200,914f204b-61c9-48d9-af2c-6470ecd1bcbf,2026-07-04T09:30:00Z,2026-07-04T11:30:00+0200,-0.93,EUR/MWh,NL,NL,day_ahead_price,value,2026-08-01T23:22:07Z
2026-08-01T23:18:50Z,2026-08-02T01:18:50+0200,914f204b-61c9-48d9-af2c-6470ecd1bcbf,2026-07-04T09:45:00Z,2026-07-04T11:45:00+0200,-1.79,EUR/MWh,NL,NL,day_ahead_price,value,2026-08-01T23:22:07Z
2026-08-01T23:18:50Z,2026-08-02T01:18:50+0200,914f204b-61c9-48d9-af2c-6470ecd1bcbf,2026-07-04T10:00:00Z,2026-07-04T12:00:00+0200,-1.51,EUR/MWh,NL,NL,day_ahead_price,value,2026-08-01T23:22:07Z
2026-08-01T23:18:50Z,2026-08-02T01:18:50+0200,914f204b-61c9-48d9-af2c-6470ecd1bcbf,2026-07-04T10:15:00Z,2026-07-04T12:15:00+0200,-2.16,EUR/MWh,NL,NL,day_ahead_price,value,2026-08-01T23:22:07Z
2026-08-01T23:18:50Z,2026-08-02T01:18:50+0200,914f204b-61c9-48d9-af2c-6470ecd1bcbf,2026-07-04T10:30:00Z,2026-07-04T12:30:00+0200,-3.15,EUR/MWh,NL,NL,day_ahead_price,value,2026-08-01T23:22:07Z
2026-08-01T23:18:50Z,2026-08-02T01:18:50+0200,914f204b-61c9-48d9-af2c-6470ecd1bcbf,2026-07-04T10:45:00Z,2026-07-04T12:45:00+0200,-4.59,EUR/MWh,NL,NL,day_ahead_price,value,2026-08-01T23:22:07Z
2026-08-01T23:18:50Z,2026-08-02T01:18:50+0200,914f204b-61c9-48d9-af2c-6470ecd1bcbf,2026-07-04T11:00:00Z,2026-07-04T13:00:00+0200,-5.91,EUR/MWh,NL,NL,day_ahead_price,value,2026-08-01T23:22:07Z
2026-08-01T23:18:50Z,2026-08-02T01:18:50+0200,914f204b-61c9-48d9-af2c-6470ecd1bcbf,2026-07-04T11:15:00Z,2026-07-04T13:15:00+0200,-7.3,EUR/MWh,NL,NL,day_ahead_price,value,2026-08-01T23:22:07Z
2026-08-01T23:18:50Z,2026-08-02T01:18:50+0200,914f204b-61c9-48d9-af2c-6470ecd1bcbf,2026-07-04T11:30:00Z,2026-07-04T13:30:00+0200,-8.0,EUR/MWh,NL,NL,day_ahead_price,value,2026-08-01T23:22:07Z
2026-08-01T23:18:50Z,2026-08-02T01:18:50+0200,914f204b-61c9-48d9-af2c-6470ecd1bcbf,2026-07-04T11:45:00Z,2026-07-04T13:45:00+0200,-9.23,EUR/MWh,NL,NL,day_ahead_price,value,2026-08-01T23:22:07Z
2026-08-01T23:18:50Z,2026-08-02T01:18:50+0200,914f204b-61c9-48d9-af2c-6470ecd1bcbf,2026-07-04T12:00:00Z,2026-07-04T14:00:00+0200,-10.95,EUR/MWh,NL,NL,day_ahead_price,value,2026-08-01T23:22:07Z
2026-08-01T23:18:50Z,2026-08-02T01:18:50+0200,914f204b-61c9-48d9-af2c-6470ecd1bcbf,2026-07-04T12:15:00Z,2026-07-04T14:15:00+0200,-10.02,EUR/MWh,NL,NL,day_ahead_price,value,2026-08-01T23:22:07Z
2026-08-01T23:18:50Z,2026-08-02T01:18:50+0200,914f204b-61c9-48d9-af2c-6470ecd1bcbf,2026-07-04T12:30:00Z,2026-07-04T14:30:00+0200,-9.26,EUR/MWh,NL,NL,day_ahead_price,value,2026-08-01T23:22:07Z
2026-08-01T23:18:50Z,2026-08-02T01:18:50+0200,914f204b-61c9-48d9-af2c-6470ecd1bcbf,2026-07-04T12:45:00Z,2026-07-04T14:45:00+0200,-8.0,EUR/MWh,NL,NL,day_ahead_price,value,2026-08-01T23:22:07Z
2026-08-01T23:18:50Z,2026-08-02T01:18:50+0200,914f204b-61c9-48d9-af2c-6470ecd1bcbf,2026-07-04T13:00:00Z,2026-07-04T15:00:00+0200,-5.57,EUR/MWh,NL,NL,day_ahead_price,value,2026-08-01T23:22:07Z
2026-08-01T23:18:50Z,2026-08-02T01:18:50+0200,914f204b-61c9-48d9-af2c-6470ecd1bcbf,2026-07-04T13:15:00Z,2026-07-04T15:15:00+0200,-4.64,EUR/MWh,NL,NL,day_ahead_price,value,2026-08-01T23:22:07Z
2026-08-01T23:18:50Z,2026-08-02T01:18:50+0200,914f204b-61c9-48d9-af2c-6470ecd1bcbf,2026-07-04T13:30:00Z,2026-07-04T15:30:00+0200,-3.43,EUR/MWh,NL,NL,day_ahead_price,value,2026-08-01T23:22:07Z
2026-08-01T23:18:50Z,2026-08-02T01:18:50+0200,914f204b-61c9-48d9-af2c-6470ecd1bcbf,2026-07-04T13:45:00Z,2026-07-04T15:45:00+0200,-2.23,EUR/MWh,NL,NL,day_ahead_price,value,2026-08-01T23:22:07Z
2026-08-01T23:18:50Z,2026-08-02T01:18:50+0200,914f204b-61c9-48d9-af2c-6470ecd1bcbf,2026-07-04T14:00:00Z,2026-07-04T16:00:00+0200,-0.94,EUR/MWh,NL,NL,day_ahead_price,value,2026-08-01T23:22:07Z
2026-08-01T23:18:50Z,2026-08-02T01:18:50+0200,914f204b-61c9-48d9-af2c-6470ecd1bcbf,2026-07-04T14:15:00Z,2026-07-04T16:15:00+0200,-0.13,EUR/MWh,NL,NL,day_ahead_price,value,2026-08-01T23:22:07Z
2026-08-01T23:18:50Z,2026-08-02T01:18:50+0200,914f204b-61c9-48d9-af2c-6470ecd1bcbf,2026-07-04T14:30:00Z,2026-07-04T16:30:00+0200,-0.11,EUR/MWh,NL,NL,day_ahead_price,value,2026-08-01T23:22:07Z
2026-08-01T23:18:50Z,2026-08-02T01:18:50+0200,914f204b-61c9-48d9-af2c-6470ecd1bcbf,2026-07-04T14:45:00Z,2026-07-04T16:45:00+0200,-0.01,EUR/MWh,NL,NL,day_ahead_price,value,2026-08-01T23:22:07Z
2026-08-01T23:18:50Z,2026-08-02T01:18:50+0200,914f204b-61c9-48d9-af2c-6470ecd1bcbf,2026-07-04T15:00:00Z,2026-07-04T17:00:00+0200,0.0,EUR/MWh,NL,NL,day_ahead_price,value,2026-08-01T23:22:07Z
2026-08-01T23:18:50Z,2026-08-02T01:18:50+0200,914f204b-61c9-48d9-af2c-6470ecd1bcbf,2026-07-04T15:15:00Z,2026-07-04T17:15:00+0200,0.22,EUR/MWh,NL,NL,day_ahead_price,value,2026-08-01T23:22:07Z
2026-08-01T23:18:50Z,2026-08-02T01:18:50+0200,914f204b-61c9-48d9-af2c-6470ecd1bcbf,2026-07-04T15:30:00Z,2026-07-04T17:30:00+0200,1.16,EUR/MWh,NL,NL,day_ahead_price,value,2026-08-01T23:22:07Z
2026-08-01T23:18:50Z,2026-08-02T01:18:50+0200,914f204b-61c9-48d9-af2c-6470ecd1bcbf,2026-07-04T15:45:00Z,2026-07-04T17:45:00+0200,16.64,EUR/MWh,NL,NL,day_ahead_price,value,2026-08-01T23:22:07Z
2026-08-01T23:18:50Z,2026-08-02T01:18:50+0200,914f204b-61c9-48d9-af2c-6470ecd1bcbf,2026-07-04T16:00:00Z,2026-07-04T18:00:00+0200,10.68,EUR/MWh,NL,NL,day_ahead_price,value,2026-08-01T23:22:07Z
2026-08-01T23:18:50Z,2026-08-02T01:18:50+0200,914f204b-61c9-48d9-af2c-6470ecd1bcbf,2026-07-04T16:15:00Z,2026-07-04T18:15:00+0200,44.26,EUR/MWh,NL,NL,day_ahead_price,value,2026-08-01T23:22:07Z
2026-08-01T23:18:50Z,2026-08-02T01:18:50+0200,914f204b-61c9-48d9-af2c-6470ecd1bcbf,2026-07-04T16:30:00Z,2026-07-04T18:30:00+0200,67.21,EUR/MWh,NL,NL,day_ahead_price,value,2026-08-01T23:22:07Z
2026-08-01T23:18:50Z,2026-08-02T01:18:50+0200,914f204b-61c9-48d9-af2c-6470ecd1bcbf,2026-07-04T16:45:00Z,2026-07-04T18:45:00+0200,85.9,EUR/MWh,NL,NL,day_ahead_price,value,2026-08-01T23:22:07Z
2026-08-01T23:18:50Z,2026-08-02T01:18:50+0200,914f204b-61c9-48d9-af2c-6470ecd1bcbf,2026-07-04T17:00:00Z,2026-07-04T19:00:00+0200,77.37,EUR/MWh,NL,NL,day_ahead_price,value,2026-08-01T23:22:07Z
2026-08-01T23:18:50Z,2026-08-02T01:18:50+0200,914f204b-61c9-48d9-af2c-6470ecd1bcbf,2026-07-04T17:15:00Z,2026-07-04T19:15:00+0200,93.38,EUR/MWh,NL,NL,day_ahead_price,value,2026-08-01T23:22:07Z
2026-08-01T23:18:50Z,2026-08-02T01:18:50+0200,914f204b-61c9-48d9-af2c-6470ecd1bcbf,2026-07-04T17:30:00Z,2026-07-04T19:30:00+0200,115.03,EUR/MWh,NL,NL,day_ahead_price,value,2026-08-01T23:22:07Z
2026-08-01T23:18:50Z,2026-08-02T01:18:50+0200,914f204b-61c9-48d9-af2c-6470ecd1bcbf,2026-07-04T17:45:00Z,2026-07-04T19:45:00+0200,123.98,EUR/MWh,NL,NL,day_ahead_price,value,2026-08-01T23:22:07Z
2026-08-01T23:18:50Z,2026-08-02T01:18:50+0200,914f204b-61c9-48d9-af2c-6470ecd1bcbf,2026-07-04T18:00:00Z,2026-07-04T20:00:00+0200,110.61,EUR/MWh,NL,NL,day_ahead_price,value,2026-08-01T23:22:07Z
2026-08-01T23:18:50Z,2026-08-02T01:18:50+0200,914f204b-61c9-48d9-af2c-6470ecd1bcbf,2026-07-04T18:15:00Z,2026-07-04T20:15:00+0200,117.41,EUR/MWh,NL,NL,day_ahead_price,value,2026-08-01T23:22:07Z
2026-08-01T23:18:50Z,2026-08-02T01:18:50+0200,914f204b-61c9-48d9-af2c-6470ecd1bcbf,2026-07-04T18:30:00Z,2026-07-04T20:30:00+0200,125.54,EUR/MWh,NL,NL,day_ahead_price,value,2026-08-01T23:22:07Z
2026-08-01T23:18:50Z,2026-08-02T01:18:50+0200,914f204b-61c9-48d9-af2c-6470ecd1bcbf,2026-07-04T18:45:00Z,2026-07-04T20:45:00+0200,137.38,EUR/MWh,NL,NL,day_ahead_price,value,2026-08-01T23:22:07Z
2026-08-01T23:18:50Z,2026-08-02T01:18:50+0200,914f204b-61c9-48d9-af2c-6470ecd1bcbf,2026-07-04T19:00:00Z,2026-07-04T21:00:00+0200,127.97,EUR/MWh,NL,NL,day_ahead_price,value,2026-08-01T23:22:07Z
2026-08-01T23:18:50Z,2026-08-02T01:18:50+0200,914f204b-61c9-48d9-af2c-6470ecd1bcbf,2026-07-04T19:15:00Z,2026-07-04T21:15:00+0200,129.86,EUR/MWh,NL,NL,day_ahead_price,value,2026-08-01T23:22:07Z
2026-08-01T23:18:50Z,2026-08-02T01:18:50+0200,914f204b-61c9-48d9-af2c-6470ecd1bcbf,2026-07-04T19:30:00Z,2026-07-04T21:30:00+0200,133.49,EUR/MWh,NL,NL,day_ahead_price,value,2026-08-01T23:22:07Z
2026-08-01T23:18:50Z,2026-08-02T01:18:50+0200,914f204b-61c9-48d9-af2c-6470ecd1bcbf,2026-07-04T19:45:00Z,2026-07-04T21:45:00+0200,131.17,EUR/MWh,NL,NL,day_ahead_price,value,2026-08-01T23:22:07Z
2026-08-01T23:18:50Z,2026-08-02T01:18:50+0200,914f204b-61c9-48d9-af2c-6470ecd1bcbf,2026-07-04T20:00:00Z,2026-07-04T22:00:00+0200,138.25,EUR/MWh,NL,NL,day_ahead_price,value,2026-08-01T23:22:07Z
2026-08-01T23:18:50Z,2026-08-02T01:18:50+0200,914f204b-61c9-48d9-af2c-6470ecd1bcbf,2026-07-04T20:15:00Z,2026-07-04T22:15:00+0200,129.41,EUR/MWh,NL,NL,day_ahead_price,value,2026-08-01T23:22:07Z
2026-08-01T23:18:50Z,2026-08-02T01:18:50+0200,914f204b-61c9-48d9-af2c-6470ecd1bcbf,2026-07-04T20:30:00Z,2026-07-04T22:30:00+0200,129.2,EUR/MWh,NL,NL,day_ahead_price,value,2026-08-01T23:22:07Z
2026-08-01T23:18:50Z,2026-08-02T01:18:50+0200,914f204b-61c9-48d9-af2c-6470ecd1bcbf,2026-07-04T20:45:00Z,2026-07-04T22:45:00+0200,119.08,EUR/MWh,NL,NL,day_ahead_price,value,2026-08-01T23:22:07Z
2026-08-01T23:18:50Z,2026-08-02T01:18:50+0200,914f204b-61c9-48d9-af2c-6470ecd1bcbf,2026-07-04T21:00:00Z,2026-07-04T23:00:00+0200,131.41,EUR/MWh,NL,NL,day_ahead_price,value,2026-08-01T23:22:07Z
2026-08-01T23:18:50Z,2026-08-02T01:18:50+0200,914f204b-61c9-48d9-af2c-6470ecd1bcbf,2026-07-04T21:15:00Z,2026-07-04T23:15:00+0200,120.1,EUR/MWh,NL,NL,day_ahead_price,value,2026-08-01T23:22:07Z
2026-08-01T23:18:50Z,2026-08-02T01:18:50+0200,914f204b-61c9-48d9-af2c-6470ecd1bcbf,2026-07-04T21:30:00Z,2026-07-04T23:30:00+0200,117.46,EUR/MWh,NL,NL,day_ahead_price,value,2026-08-01T23:22:07Z
2026-08-01T23:18:50Z,2026-08-02T01:18:50+0200,914f204b-61c9-48d9-af2c-6470ecd1bcbf,2026-07-04T21:45:00Z,2026-07-04T23:45:00+0200,119.95,EUR/MWh,NL,NL,day_ahead_price,value,2026-08-01T23:22:07Z
2026-08-01T23:18:50Z,2026-08-02T01:18:50+0200,914f204b-61c9-48d9-af2c-6470ecd1bcbf,2026-07-04T22:00:00Z,2026-07-05T00:00:00+0200,144.91,EUR/MWh,NL,NL,day_ahead_price,value,2026-08-01T23:22:07Z
2026-08-01T23:18:50Z,2026-08-02T01:18:50+0200,914f204b-61c9-48d9-af2c-6470ecd1bcbf,2026-07-04T22:15:00Z,2026-07-05T00:15:00+0200,141.13,EUR/MWh,NL,NL,day_ahead_price,value,2026-08-01T23:22:07Z
2026-08-01T23:18:50Z,2026-08-02T01:18:50+0200,914f204b-61c9-48d9-af2c-6470ecd1bcbf,2026-07-04T22:30:00Z,2026-07-05T00:30:00+0200,125.56,EUR/MWh,NL,NL,day_ahead_price,value,2026-08-01T23:22:07Z
2026-08-01T23:18:50Z,2026-08-02T01:18:50+0200,914f204b-61c9-48d9-af2c-6470ecd1bcbf,2026-07-04T22:45:00Z,2026-07-05T00:45:00+0200,114.04,EUR/MWh,NL,NL,day_ahead_price,value,2026-08-01T23:22:07Z
2026-08-01T23:18:50Z,2026-08-02T01:18:50+0200,914f204b-61c9-48d9-af2c-6470ecd1bcbf,2026-07-04T23:00:00Z,2026-07-05T01:00:00+0200,138.9,EUR/MWh,NL,NL,day_ahead_price,value,2026-08-01T23:22:07Z
2026-08-01T23:18:50Z,2026-08-02T01:18:50+0200,914f204b-61c9-48d9-af2c-6470ecd1bcbf,2026-07-04T23:15:00Z,2026-07-05T01:15:00+0200,117.21,EUR/MWh,NL,NL,day_ahead_price,value,2026-08-01T23:22:07Z
2026-08-01T23:18:50Z,2026-08-02T01:18:50+0200,914f204b-61c9-48d9-af2c-6470ecd1bcbf,2026-07-04T23:30:00Z,2026-07-05T01:30:00+0200,110.85,EUR/MWh,NL,NL,day_ahead_price,value,2026-08-01T23:22:07Z
2026-08-01T23:18:50Z,2026-08-02T01:18:50+0200,914f204b-61c9-48d9-af2c-6470ecd1bcbf,2026-07-04T23:45:00Z,2026-07-05T01:45:00+0200,101.63,EUR/MWh,NL,NL,day_ahead_price,value,2026-08-01T23:22:07Z
2026-08-01T23:18:50Z,2026-08-02T01:18:50+0200,914f204b-61c9-48d9-af2c-6470ecd1bcbf,2026-07-05T00:00:00Z,2026-07-05T02:00:00+0200,116.86,EUR/MWh,NL,NL,day_ahead_price,value,2026-08-01T23:22:07Z
2026-08-01T23:18:50Z,2026-08-02T01:18:50+0200,914f204b-61c9-48d9-af2c-6470ecd1bcbf,2026-07-05T00:15:00Z,2026-07-05T02:15:00+0200,124.32,EUR/MWh,NL,NL,day_ahead_price,value,2026-08-01T23:22:07Z
2026-08-01T23:18:50Z,2026-08-02T01:18:50+0200,914f204b-61c9-48d9-af2c-6470ecd1bcbf,2026-07-05T00:30:00Z,2026-07-05T02:30:00+0200,115.54,EUR/MWh,NL,NL,day_ahead_price,value,2026-08-01T23:22:07Z
2026-08-01T23:18:50Z,2026-08-02T01:18:50+0200,914f204b-61c9-48d9-af2c-6470ecd1bcbf,2026-07-05T00:45:00Z,2026-07-05T02:45:00+0200,103.33,EUR/MWh,NL,NL,day_ahead_price,value,2026-08-01T23:22:07Z
2026-08-01T23:18:50Z,2026-08-02T01:18:50+0200,914f204b-61c9-48d9-af2c-6470ecd1bcbf,2026-07-05T01:00:00Z,2026-07-05T03:00:00+0200,114.55,EUR/MWh,NL,NL,day_ahead_price,value,2026-08-01T23:22:07Z
2026-08-01T23:18:50Z,2026-08-02T01:18:50+0200,914f204b-61c9-48d9-af2c-6470ecd1bcbf,2026-07-05T01:15:00Z,2026-07-05T03:15:00+0200,108.38,EUR/MWh,NL,NL,day_ahead_price,value,2026-08-01T23:22:07Z
2026-08-01T23:18:50Z,2026-08-02T01:18:50+0200,914f204b-61c9-48d9-af2c-6470ecd1bcbf,2026-07-05T01:30:00Z,2026-07-05T03:30:00+0200,106.0,EUR/MWh,NL,NL,day_ahead_price,value,2026-08-01T23:22:07Z
2026-08-01T23:18:50Z,2026-08-02T01:18:50+0200,914f204b-61c9-48d9-af2c-6470ecd1bcbf,2026-07-05T01:45:00Z,2026-07-05T03:45:00+0200,96.67,EUR/MWh,NL,NL,day_ahead_price,value,2026-08-01T23:22:07Z
2026-08-01T23:18:50Z,2026-08-02T01:18:50+0200,914f204b-61c9-48d9-af2c-6470ecd1bcbf,2026-07-05T02:00:00Z,2026-07-05T04:00:00+0200,106.06,EUR/MWh,NL,NL,day_ahead_price,value,2026-08-01T23:22:07Z
2026-08-01T23:18:50Z,2026-08-02T01:18:50+0200,914f204b-61c9-48d9-af2c-6470ecd1bcbf,2026-07-05T02:15:00Z,2026-07-05T04:15:00+0200,101.91,EUR/MWh,NL,NL,day_ahead_price,value,2026-08-01T23:22:07Z
2026-08-01T23:18:50Z,2026-08-02T01:18:50+0200,914f204b-61c9-48d9-af2c-6470ecd1bcbf,2026-07-05T02:30:00Z,2026-07-05T04:30:00+0200,101.64,EUR/MWh,NL,NL,day_ahead_price,value,2026-08-01T23:22:07Z
2026-08-01T23:18:50Z,2026-08-02T01:18:50+0200,914f204b-61c9-48d9-af2c-6470ecd1bcbf,2026-07-05T02:45:00Z,2026-07-05T04:45:00+0200,101.73,EUR/MWh,NL,NL,day_ahead_price,value,2026-08-01T23:22:07Z
2026-08-01T23:18:50Z,2026-08-02T01:18:50+0200,914f204b-61c9-48d9-af2c-6470ecd1bcbf,2026-07-05T03:00:00Z,2026-07-05T05:00:00+0200,102.52,EUR/MWh,NL,NL,day_ahead_price,value,2026-08-01T23:22:07Z
2026-08-01T23:18:50Z,2026-08-02T01:18:50+0200,914f204b-61c9-48d9-af2c-6470ecd1bcbf,2026-07-05T03:15:00Z,2026-07-05T05:15:00+0200,102.95,EUR/MWh,NL,NL,day_ahead_price,value,2026-08-01T23:22:07Z
2026-08-01T23:18:50Z,2026-08-02T01:18:50+0200,914f204b-61c9-48d9-af2c-6470ecd1bcbf,2026-07-05T03:30:00Z,2026-07-05T05:30:00+0200,98.47,EUR/MWh,NL,NL,day_ahead_price,value,2026-08-01T23:22:07Z
2026-08-01T23:18:50Z,2026-08-02T01:18:50+0200,914f204b-61c9-48d9-af2c-6470ecd1bcbf,2026-07-05T03:45:00Z,2026-07-05T05:45:00+0200,90.1,EUR/MWh,NL,NL,day_ahead_price,value,2026-08-01T23:22:07Z
2026-08-01T23:18:50Z,2026-08-02T01:18:50+0200,914f204b-61c9-48d9-af2c-6470ecd1bcbf,2026-07-05T04:00:00Z,2026-07-05T06:00:00+0200,108.91,EUR/MWh,NL,NL,day_ahead_price,value,2026-08-01T23:22:07Z
2026-08-01T23:18:50Z,2026-08-02T01:18:50+0200,914f204b-61c9-48d9-af2c-6470ecd1bcbf,2026-07-05T04:15:00Z,2026-07-05T06:15:00+0200,94.51,EUR/MWh,NL,NL,day_ahead_price,value,2026-08-01T23:22:07Z
2026-08-01T23:18:50Z,2026-08-02T01:18:50+0200,914f204b-61c9-48d9-af2c-6470ecd1bcbf,2026-07-05T04:30:00Z,2026-07-05T06:30:00+0200,80.0,EUR/MWh,NL,NL,day_ahead_price,value,2026-08-01T23:22:07Z
2026-08-01T23:18:50Z,2026-08-02T01:18:50+0200,914f204b-61c9-48d9-af2c-6470ecd1bcbf,2026-07-05T04:45:00Z,2026-07-05T06:45:00+0200,65.02,EUR/MWh,NL,NL,day_ahead_price,value,2026-08-01T23:22:07Z
2026-08-01T23:18:50Z,2026-08-02T01:18:50+0200,914f204b-61c9-48d9-af2c-6470ecd1bcbf,2026-07-05T05:00:00Z,2026-07-05T07:00:00+0200,92.73,EUR/MWh,NL,NL,day_ahead_price,value,2026-08-01T23:22:07Z
2026-08-01T23:18:50Z,2026-08-02T01:18:50+0200,914f204b-61c9-48d9-af2c-6470ecd1bcbf,2026-07-05T05:15:00Z,2026-07-05T07:15:00+0200,65.75,EUR/MWh,NL,NL,day_ahead_price,value,2026-08-01T23:22:07Z
2026-08-01T23:18:50Z,2026-08-02T01:18:50+0200,914f204b-61c9-48d9-af2c-6470ecd1bcbf,2026-07-05T05:30:00Z,2026-07-05T07:30:00+0200,40.02,EUR/MWh,NL,NL,day_ahead_price,value,2026-08-01T23:22:07Z
2026-08-01T23:18:50Z,2026-08-02T01:18:50+0200,914f204b-61c9-48d9-af2c-6470ecd1bcbf,2026-07-05T05:45:00Z,2026-07-05T07:45:00+0200,29.58,EUR/MWh,NL,NL,day_ahead_price,value,2026-08-01T23:22:07Z
2026-08-01T23:18:50Z,2026-08-02T01:18:50+0200,914f204b-61c9-48d9-af2c-6470ecd1bcbf,2026-07-05T06:00:00Z,2026-07-05T08:00:00+0200,43.58,EUR/MWh,NL,NL,day_ahead_price,value,2026-08-01T23:22:07Z
2026-08-01T23:18:50Z,2026-08-02T01:18:50+0200,914f204b-61c9-48d9-af2c-6470ecd1bcbf,2026-07-05T06:15:00Z,2026-07-05T08:15:00+0200,23.15,EUR/MWh,NL,NL,day_ahead_price,value,2026-08-01T23:22:07Z
2026-08-01T23:18:50Z,2026-08-02T01:18:50+0200,914f204b-61c9-48d9-af2c-6470ecd1bcbf,2026-07-05T06:30:00Z,2026-07-05T08:30:00+0200,10.13,EUR/MWh,NL,NL,day_ahead_price,value,2026-08-01T23:22:07Z
2026-08-01T23:18:50Z,2026-08-02T01:18:50+0200,914f204b-61c9-48d9-af2c-6470ecd1bcbf,2026-07-05T06:45:00Z,2026-07-05T08:45:00+0200,5.91,EUR/MWh,NL,NL,day_ahead_price,value,2026-08-01T23:22:07Z
2026-08-01T23:18:50Z,2026-08-02T01:18:50+0200,914f204b-61c9-48d9-af2c-6470ecd1bcbf,2026-07-05T07:00:00Z,2026-07-05T09:00:00+0200,5.99,EUR/MWh,NL,NL,day_ahead_price,value,2026-08-01T23:22:07Z
2026-08-01T23:18:50Z,2026-08-02T01:18:50+0200,914f204b-61c9-48d9-af2c-6470ecd1bcbf,2026-07-05T07:15:00Z,2026-07-05T09:15:00+0200,1.77,EUR/MWh,NL,NL,day_ahead_price,value,2026-08-01T23:22:07Z
2026-08-01T23:18:50Z,2026-08-02T01:18:50+0200,914f204b-61c9-48d9-af2c-6470ecd1bcbf,2026-07-05T07:30:00Z,2026-07-05T09:30:00+0200,0.03,EUR/MWh,NL,NL,day_ahead_price,value,2026-08-01T23:22:07Z
2026-08-01T23:18:50Z,2026-08-02T01:18:50+0200,914f204b-61c9-48d9-af2c-6470ecd1bcbf,2026-07-05T07:45:00Z,2026-07-05T09:45:00+0200,0.01,EUR/MWh,NL,NL,day_ahead_price,value,2026-08-01T23:22:07Z
2026-08-01T23:18:50Z,2026-08-02T01:18:50+0200,914f204b-61c9-48d9-af2c-6470ecd1bcbf,2026-07-05T08:00:00Z,2026-07-05T10:00:00+0200,0.0,EUR/MWh,NL,NL,day_ahead_price,value,2026-08-01T23:22:07Z
2026-08-01T23:18:50Z,2026-08-02T01:18:50+0200,914f204b-61c9-48d9-af2c-6470ecd1bcbf,2026-07-05T08:15:00Z,2026-07-05T10:15:00+0200,0.0,EUR/MWh,NL,NL,day_ahead_price,value,2026-08-01T23:22:07Z
2026-08-01T23:18:50Z,2026-08-02T01:18:50+0200,914f204b-61c9-48d9-af2c-6470ecd1bcbf,2026-07-05T08:30:00Z,2026-07-05T10:30:00+0200,0.02,EUR/MWh,NL,NL,day_ahead_price,value,2026-08-01T23:22:07Z
2026-08-01T23:18:50Z,2026-08-02T01:18:50+0200,914f204b-61c9-48d9-af2c-6470ecd1bcbf,2026-07-05T08:45:00Z,2026-07-05T10:45:00+0200,0.01,EUR/MWh,NL,NL,day_ahead_price,value,2026-08-01T23:22:07Z
2026-08-01T23:18:50Z,2026-08-02T01:18:50+0200,914f204b-61c9-48d9-af2c-6470ecd1bcbf,2026-07-05T09:00:00Z,2026-07-05T11:00:00+0200,0.0,EUR/MWh,NL,NL,day_ahead_price,value,2026-08-01T23:22:07Z
2026-08-01T23:18:50Z,2026-08-02T01:18:50+0200,914f204b-61c9-48d9-af2c-6470ecd1bcbf,2026-07-05T09:15:00Z,2026-07-05T11:15:00+0200,0.01,EUR/MWh,NL,NL,day_ahead_price,value,2026-08-01T23:22:07Z
2026-08-01T23:18:50Z,2026-08-02T01:18:50+0200,914f204b-61c9-48d9-af2c-6470ecd1bcbf,2026-07-05T09:30:00Z,2026-07-05T11:30:00+0200,0.0,EUR/MWh,NL,NL,day_ahead_price,value,2026-08-01T23:22:07Z
2026-08-01T23:18:50Z,2026-08-02T01:18:50+0200,914f204b-61c9-48d9-af2c-6470ecd1bcbf,2026-07-05T09:45:00Z,2026-07-05T11:45:00+0200,-0.01,EUR/MWh,NL,NL,day_ahead_price,value,2026-08-01T23:22:07Z
2026-08-01T23:18:50Z,2026-08-02T01:18:50+0200,914f204b-61c9-48d9-af2c-6470ecd1bcbf,2026-07-05T10:00:00Z,2026-07-05T12:00:00+0200,-0.08,EUR/MWh,NL,NL,day_ahead_price,value,2026-08-01T23:22:07Z
2026-08-01T23:18:50Z,2026-08-02T01:18:50+0200,914f204b-61c9-48d9-af2c-6470ecd1bcbf,2026-07-05T10:15:00Z,2026-07-05T12:15:00+0200,-0.09,EUR/MWh,NL,NL,day_ahead_price,value,2026-08-01T23:22:07Z
2026-08-01T23:18:50Z,2026-08-02T01:18:50+0200,914f204b-61c9-48d9-af2c-6470ecd1bcbf,2026-07-05T10:30:00Z,2026-07-05T12:30:00+0200,-0.11,EUR/MWh,NL,NL,day_ahead_price,value,2026-08-01T23:22:07Z
2026-08-01T23:18:50Z,2026-08-02T01:18:50+0200,914f204b-61c9-48d9-af2c-6470ecd1bcbf,2026-07-05T10:45:00Z,2026-07-05T12:45:00+0200,-0.12,EUR/MWh,NL,NL,day_ahead_price,value,2026-08-01T23:22:07Z
2026-08-01T23:18:50Z,2026-08-02T01:18:50+0200,914f204b-61c9-48d9-af2c-6470ecd1bcbf,2026-07-05T11:00:00Z,2026-07-05T13:00:00+0200,-0.16,EUR/MWh,NL,NL,day_ahead_price,value,2026-08-01T23:22:07Z
2026-08-01T23:18:50Z,2026-08-02T01:18:50+0200,914f204b-61c9-48d9-af2c-6470ecd1bcbf,2026-07-05T11:15:00Z,2026-07-05T13:15:00+0200,-0.21,EUR/MWh,NL,NL,day_ahead_price,value,2026-08-01T23:22:07Z
2026-08-01T23:18:50Z,2026-08-02T01:18:50+0200,914f204b-61c9-48d9-af2c-6470ecd1bcbf,2026-07-05T11:30:00Z,2026-07-05T13:30:00+0200,-0.97,EUR/MWh,NL,NL,day_ahead_price,value,2026-08-01T23:22:07Z
2026-08-01T23:18:50Z,2026-08-02T01:18:50+0200,914f204b-61c9-48d9-af2c-6470ecd1bcbf,2026-07-05T11:45:00Z,2026-07-05T13:45:00+0200,-1.04,EUR/MWh,NL,NL,day_ahead_price,value,2026-08-01T23:22:07Z
2026-08-01T23:18:50Z,2026-08-02T01:18:50+0200,914f204b-61c9-48d9-af2c-6470ecd1bcbf,2026-07-05T12:00:00Z,2026-07-05T14:00:00+0200,-1.27,EUR/MWh,NL,NL,day_ahead_price,value,2026-08-01T23:22:07Z
2026-08-01T23:18:50Z,2026-08-02T01:18:50+0200,914f204b-61c9-48d9-af2c-6470ecd1bcbf,2026-07-05T12:15:00Z,2026-07-05T14:15:00+0200,-1.16,EUR/MWh,NL,NL,day_ahead_price,value,2026-08-01T23:22:07Z
2026-08-01T23:18:50Z,2026-08-02T01:18:50+0200,914f204b-61c9-48d9-af2c-6470ecd1bcbf,2026-07-05T12:30:00Z,2026-07-05T14:30:00+0200,-1.06,EUR/MWh,NL,NL,day_ahead_price,value,2026-08-01T23:22:07Z
2026-08-01T23:18:50Z,2026-08-02T01:18:50+0200,914f204b-61c9-48d9-af2c-6470ecd1bcbf,2026-07-05T12:45:00Z,2026-07-05T14:45:00+0200,-1.01,EUR/MWh,NL,NL,day_ahead_price,value,2026-08-01T23:22:07Z
2026-08-01T23:18:50Z,2026-08-02T01:18:50+0200,914f204b-61c9-48d9-af2c-6470ecd1bcbf,2026-07-05T13:00:00Z,2026-07-05T15:00:00+0200,-0.99,EUR/MWh,NL,NL,day_ahead_price,value,2026-08-01T23:22:07Z
2026-08-01T23:18:50Z,2026-08-02T01:18:50+0200,914f204b-61c9-48d9-af2c-6470ecd1bcbf,2026-07-05T13:15:00Z,2026-07-05T15:15:00+0200,-1.02,EUR/MWh,NL,NL,day_ahead_price,value,2026-08-01T23:22:07Z
2026-08-01T23:18:50Z,2026-08-02T01:18:50+0200,914f204b-61c9-48d9-af2c-6470ecd1bcbf,2026-07-05T13:30:00Z,2026-07-05T15:30:00+0200,-0.98,EUR/MWh,NL,NL,day_ahead_price,value,2026-08-01T23:22:07Z
2026-08-01T23:18:50Z,2026-08-02T01:18:50+0200,914f204b-61c9-48d9-af2c-6470ecd1bcbf,2026-07-05T13:45:00Z,2026-07-05T15:45:00+0200,-0.97,EUR/MWh,NL,NL,day_ahead_price,value,2026-08-01T23:22:07Z
2026-08-01T23:18:50Z,2026-08-02T01:18:50+0200,914f204b-61c9-48d9-af2c-6470ecd1bcbf,2026-07-05T14:00:00Z,2026-07-05T16:00:00+0200,-0.06,EUR/MWh,NL,NL,day_ahead_price,value,2026-08-01T23:22:07Z
2026-08-01T23:18:50Z,2026-08-02T01:18:50+0200,914f204b-61c9-48d9-af2c-6470ecd1bcbf,2026-07-05T14:15:00Z,2026-07-05T16:15:00+0200,-0.06,EUR/MWh,NL,NL,day_ahead_price,value,2026-08-01T23:22:07Z
2026-08-01T23:18:50Z,2026-08-02T01:18:50+0200,914f204b-61c9-48d9-af2c-6470ecd1bcbf,2026-07-05T14:30:00Z,2026-07-05T16:30:00+0200,-0.01,EUR/MWh,NL,NL,day_ahead_price,value,2026-08-01T23:22:07Z
2026-08-01T23:18:50Z,2026-08-02T01:18:50+0200,914f204b-61c9-48d9-af2c-6470ecd1bcbf,2026-07-05T14:45:00Z,2026-07-05T16:45:00+0200,0.7,EUR/MWh,NL,NL,day_ahead_price,value,2026-08-01T23:22:07Z
2026-08-01T23:18:50Z,2026-08-02T01:18:50+0200,914f204b-61c9-48d9-af2c-6470ecd1bcbf,2026-07-05T15:00:00Z,2026-07-05T17:00:00+0200,0.0,EUR/MWh,NL,NL,day_ahead_price,value,2026-08-01T23:22:07Z
2026-08-01T23:18:50Z,2026-08-02T01:18:50+0200,914f204b-61c9-48d9-af2c-6470ecd1bcbf,2026-07-05T15:15:00Z,2026-07-05T17:15:00+0200,0.95,EUR/MWh,NL,NL,day_ahead_price,value,2026-08-01T23:22:07Z
2026-08-01T23:18:50Z,2026-08-02T01:18:50+0200,914f204b-61c9-48d9-af2c-6470ecd1bcbf,2026-07-05T15:30:00Z,2026-07-05T17:30:00+0200,13.07,EUR/MWh,NL,NL,day_ahead_price,value,2026-08-01T23:22:07Z
2026-08-01T23:18:50Z,2026-08-02T01:18:50+0200,914f204b-61c9-48d9-af2c-6470ecd1bcbf,2026-07-05T15:45:00Z,2026-07-05T17:45:00+0200,32.4,EUR/MWh,NL,NL,day_ahead_price,value,2026-08-01T23:22:07Z
2026-08-01T23:18:50Z,2026-08-02T01:18:50+0200,914f204b-61c9-48d9-af2c-6470ecd1bcbf,2026-07-05T16:00:00Z,2026-07-05T18:00:00+0200,33.67,EUR/MWh,NL,NL,day_ahead_price,value,2026-08-01T23:22:07Z
2026-08-01T23:18:50Z,2026-08-02T01:18:50+0200,914f204b-61c9-48d9-af2c-6470ecd1bcbf,2026-07-05T16:15:00Z,2026-07-05T18:15:00+0200,62.9,EUR/MWh,NL,NL,day_ahead_price,value,2026-08-01T23:22:07Z
2026-08-01T23:18:50Z,2026-08-02T01:18:50+0200,914f204b-61c9-48d9-af2c-6470ecd1bcbf,2026-07-05T16:30:00Z,2026-07-05T18:30:00+0200,106.62,EUR/MWh,NL,NL,day_ahead_price,value,2026-08-01T23:22:07Z
2026-08-01T23:18:50Z,2026-08-02T01:18:50+0200,914f204b-61c9-48d9-af2c-6470ecd1bcbf,2026-07-05T16:45:00Z,2026-07-05T18:45:00+0200,133.88,EUR/MWh,NL,NL,day_ahead_price,value,2026-08-01T23:22:07Z
2026-08-01T23:18:50Z,2026-08-02T01:18:50+0200,914f204b-61c9-48d9-af2c-6470ecd1bcbf,2026-07-05T17:00:00Z,2026-07-05T19:00:00+0200,83.65,EUR/MWh,NL,NL,day_ahead_price,value,2026-08-01T23:22:07Z
2026-08-01T23:18:50Z,2026-08-02T01:18:50+0200,914f204b-61c9-48d9-af2c-6470ecd1bcbf,2026-07-05T17:15:00Z,2026-07-05T19:15:00+0200,119.31,EUR/MWh,NL,NL,day_ahead_price,value,2026-08-01T23:22:07Z
2026-08-01T23:18:50Z,2026-08-02T01:18:50+0200,914f204b-61c9-48d9-af2c-6470ecd1bcbf,2026-07-05T17:30:00Z,2026-07-05T19:30:00+0200,143.51,EUR/MWh,NL,NL,day_ahead_price,value,2026-08-01T23:22:07Z
2026-08-01T23:18:50Z,2026-08-02T01:18:50+0200,914f204b-61c9-48d9-af2c-6470ecd1bcbf,2026-07-05T17:45:00Z,2026-07-05T19:45:00+0200,147.65,EUR/MWh,NL,NL,day_ahead_price,value,2026-08-01T23:22:07Z
2026-08-01T23:18:50Z,2026-08-02T01:18:50+0200,914f204b-61c9-48d9-af2c-6470ecd1bcbf,2026-07-05T18:00:00Z,2026-07-05T20:00:00+0200,126.18,EUR/MWh,NL,NL,day_ahead_price,value,2026-08-01T23:22:07Z
2026-08-01T23:18:50Z,2026-08-02T01:18:50+0200,914f204b-61c9-48d9-af2c-6470ecd1bcbf,2026-07-05T18:15:00Z,2026-07-05T20:15:00+0200,126.61,EUR/MWh,NL,NL,day_ahead_price,value,2026-08-01T23:22:07Z
2026-08-01T23:18:50Z,2026-08-02T01:18:50+0200,914f204b-61c9-48d9-af2c-6470ecd1bcbf,2026-07-05T18:30:00Z,2026-07-05T20:30:00+0200,138.41,EUR/MWh,NL,NL,day_ahead_price,value,2026-08-01T23:22:07Z
2026-08-01T23:18:50Z,2026-08-02T01:18:50+0200,914f204b-61c9-48d9-af2c-6470ecd1bcbf,2026-07-05T18:45:00Z,2026-07-05T20:45:00+0200,150.02,EUR/MWh,NL,NL,day_ahead_price,value,2026-08-01T23:22:07Z
2026-08-01T23:18:50Z,2026-08-02T01:18:50+0200,914f204b-61c9-48d9-af2c-6470ecd1bcbf,2026-07-05T19:00:00Z,2026-07-05T21:00:00+0200,130.87,EUR/MWh,NL,NL,day_ahead_price,value,2026-08-01T23:22:07Z
2026-08-01T23:18:50Z,2026-08-02T01:18:50+0200,914f204b-61c9-48d9-af2c-6470ecd1bcbf,2026-07-05T19:15:00Z,2026-07-05T21:15:00+0200,134.32,EUR/MWh,NL,NL,day_ahead_price,value,2026-08-01T23:22:07Z
2026-08-01T23:18:50Z,2026-08-02T01:18:50+0200,914f204b-61c9-48d9-af2c-6470ecd1bcbf,2026-07-05T19:30:00Z,2026-07-05T21:30:00+0200,145.04,EUR/MWh,NL,NL,day_ahead_price,value,2026-08-01T23:22:07Z
2026-08-01T23:18:50Z,2026-08-02T01:18:50+0200,914f204b-61c9-48d9-af2c-6470ecd1bcbf,2026-07-05T19:45:00Z,2026-07-05T21:45:00+0200,164.0,EUR/MWh,NL,NL,day_ahead_price,value,2026-08-01T23:22:07Z
2026-08-01T23:18:50Z,2026-08-02T01:18:50+0200,914f204b-61c9-48d9-af2c-6470ecd1bcbf,2026-07-05T20:00:00Z,2026-07-05T22:00:00+0200,148.68,EUR/MWh,NL,NL,day_ahead_price,value,2026-08-01T23:22:07Z
2026-08-01T23:18:50Z,2026-08-02T01:18:50+0200,914f204b-61c9-48d9-af2c-6470ecd1bcbf,2026-07-05T20:15:00Z,2026-07-05T22:15:00+0200,154.73,EUR/MWh,NL,NL,day_ahead_price,value,2026-08-01T23:22:07Z
2026-08-01T23:18:50Z,2026-08-02T01:18:50+0200,914f204b-61c9-48d9-af2c-6470ecd1bcbf,2026-07-05T20:30:00Z,2026-07-05T22:30:00+0200,140.1,EUR/MWh,NL,NL,day_ahead_price,value,2026-08-01T23:22:07Z
2026-08-01T23:18:50Z,2026-08-02T01:18:50+0200,914f204b-61c9-48d9-af2c-6470ecd1bcbf,2026-07-05T20:45:00Z,2026-07-05T22:45:00+0200,142.22,EUR/MWh,NL,NL,day_ahead_price,value,2026-08-01T23:22:07Z
2026-08-01T23:18:50Z,2026-08-02T01:18:50+0200,914f204b-61c9-48d9-af2c-6470ecd1bcbf,2026-07-05T21:00:00Z,2026-07-05T23:00:00+0200,135.91,EUR/MWh,NL,NL,day_ahead_price,value,2026-08-01T23:22:07Z
2026-08-01T23:18:50Z,2026-08-02T01:18:50+0200,914f204b-61c9-48d9-af2c-6470ecd1bcbf,2026-07-05T21:15:00Z,2026-07-05T23:15:00+0200,128.69,EUR/MWh,NL,NL,day_ahead_price,value,2026-08-01T23:22:07Z
2026-08-01T23:18:50Z,2026-08-02T01:18:50+0200,914f204b-61c9-48d9-af2c-6470ecd1bcbf,2026-07-05T21:30:00Z,2026-07-05T23:30:00+0200,135.15,EUR/MWh,NL,NL,day_ahead_price,value,2026-08-01T23:22:07Z
2026-08-01T23:18:50Z,2026-08-02T01:18:50+0200,914f204b-61c9-48d9-af2c-6470ecd1bcbf,2026-07-05T21:45:00Z,2026-07-05T23:45:00+0200,127.51,EUR/MWh,NL,NL,day_ahead_price,value,2026-08-01T23:22:07Z
2026-08-01T23:18:50Z,2026-08-02T01:18:50+0200,914f204b-61c9-48d9-af2c-6470ecd1bcbf,2026-07-05T22:00:00Z,2026-07-06T00:00:00+0200,151.91,EUR/MWh,NL,NL,day_ahead_price,value,2026-08-01T23:22:07Z
2026-08-01T23:18:50Z,2026-08-02T01:18:50+0200,914f204b-61c9-48d9-af2c-6470ecd1bcbf,2026-07-05T22:15:00Z,2026-07-06T00:15:00+0200,151.86,EUR/MWh,NL,NL,day_ahead_price,value,2026-08-01T23:22:07Z
2026-08-01T23:18:50Z,2026-08-02T01:18:50+0200,914f204b-61c9-48d9-af2c-6470ecd1bcbf,2026-07-05T22:30:00Z,2026-07-06T00:30:00+0200,135.8,EUR/MWh,NL,NL,day_ahead_price,value,2026-08-01T23:22:07Z
2026-08-01T23:18:50Z,2026-08-02T01:18:50+0200,914f204b-61c9-48d9-af2c-6470ecd1bcbf,2026-07-05T22:45:00Z,2026-07-06T00:45:00+0200,124.82,EUR/MWh,NL,NL,day_ahead_price,value,2026-08-01T23:22:07Z
2026-08-01T23:18:50Z,2026-08-02T01:18:50+0200,914f204b-61c9-48d9-af2c-6470ecd1bcbf,2026-07-05T23:00:00Z,2026-07-06T01:00:00+0200,131.27,EUR/MWh,NL,NL,day_ahead_price,value,2026-08-01T23:22:07Z
2026-08-01T23:18:50Z,2026-08-02T01:18:50+0200,914f204b-61c9-48d9-af2c-6470ecd1bcbf,2026-07-05T23:15:00Z,2026-07-06T01:15:00+0200,126.35,EUR/MWh,NL,NL,day_ahead_price,value,2026-08-01T23:22:07Z
2026-08-01T23:18:50Z,2026-08-02T01:18:50+0200,914f204b-61c9-48d9-af2c-6470ecd1bcbf,2026-07-05T23:30:00Z,2026-07-06T01:30:00+0200,124.1,EUR/MWh,NL,NL,day_ahead_price,value,2026-08-01T23:22:07Z
2026-08-01T23:18:50Z,2026-08-02T01:18:50+0200,914f204b-61c9-48d9-af2c-6470ecd1bcbf,2026-07-05T23:45:00Z,2026-07-06T01:45:00+0200,120.68,EUR/MWh,NL,NL,day_ahead_price,value,2026-08-01T23:22:07Z
2026-08-01T23:18:50Z,2026-08-02T01:18:50+0200,914f204b-61c9-48d9-af2c-6470ecd1bcbf,2026-07-06T00:00:00Z,2026-07-06T02:00:00+0200,125.22,EUR/MWh,NL,NL,day_ahead_price,value,2026-08-01T23:22:07Z
2026-08-01T23:18:50Z,2026-08-02T01:18:50+0200,914f204b-61c9-48d9-af2c-6470ecd1bcbf,2026-07-06T00:15:00Z,2026-07-06T02:15:00+0200,118.81,EUR/MWh,NL,NL,day_ahead_price,value,2026-08-01T23:22:07Z
2026-08-01T23:18:50Z,2026-08-02T01:18:50+0200,914f204b-61c9-48d9-af2c-6470ecd1bcbf,2026-07-06T00:30:00Z,2026-07-06T02:30:00+0200,116.79,EUR/MWh,NL,NL,day_ahead_price,value,2026-08-01T23:22:07Z
2026-08-01T23:18:50Z,2026-08-02T01:18:50+0200,914f204b-61c9-48d9-af2c-6470ecd1bcbf,2026-07-06T00:45:00Z,2026-07-06T02:45:00+0200,112.3,EUR/MWh,NL,NL,day_ahead_price,value,2026-08-01T23:22:07Z
2026-08-01T23:18:50Z,2026-08-02T01:18:50+0200,914f204b-61c9-48d9-af2c-6470ecd1bcbf,2026-07-06T01:00:00Z,2026-07-06T03:00:00+0200,113.56,EUR/MWh,NL,NL,day_ahead_price,value,2026-08-01T23:22:07Z
2026-08-01T23:18:50Z,2026-08-02T01:18:50+0200,914f204b-61c9-48d9-af2c-6470ecd1bcbf,2026-07-06T01:15:00Z,2026-07-06T03:15:00+0200,112.15,EUR/MWh,NL,NL,day_ahead_price,value,2026-08-01T23:22:07Z
2026-08-01T23:18:50Z,2026-08-02T01:18:50+0200,914f204b-61c9-48d9-af2c-6470ecd1bcbf,2026-07-06T01:30:00Z,2026-07-06T03:30:00+0200,113.61,EUR/MWh,NL,NL,day_ahead_price,value,2026-08-01T23:22:07Z
2026-08-01T23:18:50Z,2026-08-02T01:18:50+0200,914f204b-61c9-48d9-af2c-6470ecd1bcbf,2026-07-06T01:45:00Z,2026-07-06T03:45:00+0200,113.66,EUR/MWh,NL,NL,day_ahead_price,value,2026-08-01T23:22:07Z
2026-08-01T23:18:50Z,2026-08-02T01:18:50+0200,914f204b-61c9-48d9-af2c-6470ecd1bcbf,2026-07-06T02:00:00Z,2026-07-06T04:00:00+0200,111.8,EUR/MWh,NL,NL,day_ahead_price,value,2026-08-01T23:22:07Z
2026-08-01T23:18:50Z,2026-08-02T01:18:50+0200,914f204b-61c9-48d9-af2c-6470ecd1bcbf,2026-07-06T02:15:00Z,2026-07-06T04:15:00+0200,112.13,EUR/MWh,NL,NL,day_ahead_price,value,2026-08-01T23:22:07Z
2026-08-01T23:18:50Z,2026-08-02T01:18:50+0200,914f204b-61c9-48d9-af2c-6470ecd1bcbf,2026-07-06T02:30:00Z,2026-07-06T04:30:00+0200,114.19,EUR/MWh,NL,NL,day_ahead_price,value,2026-08-01T23:22:07Z
2026-08-01T23:18:50Z,2026-08-02T01:18:50+0200,914f204b-61c9-48d9-af2c-6470ecd1bcbf,2026-07-06T02:45:00Z,2026-07-06T04:45:00+0200,115.05,EUR/MWh,NL,NL,day_ahead_price,value,2026-08-01T23:22:07Z
2026-08-01T23:18:50Z,2026-08-02T01:18:50+0200,914f204b-61c9-48d9-af2c-6470ecd1bcbf,2026-07-06T03:00:00Z,2026-07-06T05:00:00+0200,114.38,EUR/MWh,NL,NL,day_ahead_price,value,2026-08-01T23:22:07Z
2026-08-01T23:18:50Z,2026-08-02T01:18:50+0200,914f204b-61c9-48d9-af2c-6470ecd1bcbf,2026-07-06T03:15:00Z,2026-07-06T05:15:00+0200,115.59,EUR/MWh,NL,NL,day_ahead_price,value,2026-08-01T23:22:07Z
2026-08-01T23:18:50Z,2026-08-02T01:18:50+0200,914f204b-61c9-48d9-af2c-6470ecd1bcbf,2026-07-06T03:30:00Z,2026-07-06T05:30:00+0200,119.43,EUR/MWh,NL,NL,day_ahead_price,value,2026-08-01T23:22:07Z
2026-08-01T23:18:50Z,2026-08-02T01:18:50+0200,914f204b-61c9-48d9-af2c-6470ecd1bcbf,2026-07-06T03:45:00Z,2026-07-06T05:45:00+0200,130.19,EUR/MWh,NL,NL,day_ahead_price,value,2026-08-01T23:22:07Z
2026-08-01T23:18:50Z,2026-08-02T01:18:50+0200,914f204b-61c9-48d9-af2c-6470ecd1bcbf,2026-07-06T04:00:00Z,2026-07-06T06:00:00+0200,128.06,EUR/MWh,NL,NL,day_ahead_price,value,2026-08-01T23:22:07Z
2026-08-01T23:18:50Z,2026-08-02T01:18:50+0200,914f204b-61c9-48d9-af2c-6470ecd1bcbf,2026-07-06T04:15:00Z,2026-07-06T06:15:00+0200,138.47,EUR/MWh,NL,NL,day_ahead_price,value,2026-08-01T23:22:07Z
2026-08-01T23:18:50Z,2026-08-02T01:18:50+0200,914f204b-61c9-48d9-af2c-6470ecd1bcbf,2026-07-06T04:30:00Z,2026-07-06T06:30:00+0200,138.73,EUR/MWh,NL,NL,day_ahead_price,value,2026-08-01T23:22:07Z
2026-08-01T23:18:50Z,2026-08-02T01:18:50+0200,914f204b-61c9-48d9-af2c-6470ecd1bcbf,2026-07-06T04:45:00Z,2026-07-06T06:45:00+0200,136.63,EUR/MWh,NL,NL,day_ahead_price,value,2026-08-01T23:22:07Z
2026-08-01T23:18:50Z,2026-08-02T01:18:50+0200,914f204b-61c9-48d9-af2c-6470ecd1bcbf,2026-07-06T05:00:00Z,2026-07-06T07:00:00+0200,155.69,EUR/MWh,NL,NL,day_ahead_price,value,2026-08-01T23:22:07Z
2026-08-01T23:18:50Z,2026-08-02T01:18:50+0200,914f204b-61c9-48d9-af2c-6470ecd1bcbf,2026-07-06T05:15:00Z,2026-07-06T07:15:00+0200,151.15,EUR/MWh,NL,NL,day_ahead_price,value,2026-08-01T23:22:07Z
2026-08-01T23:18:50Z,2026-08-02T01:18:50+0200,914f204b-61c9-48d9-af2c-6470ecd1bcbf,2026-07-06T05:30:00Z,2026-07-06T07:30:00+0200,139.15,EUR/MWh,NL,NL,day_ahead_price,value,2026-08-01T23:22:07Z
2026-08-01T23:18:50Z,2026-08-02T01:18:50+0200,914f204b-61c9-48d9-af2c-6470ecd1bcbf,2026-07-06T05:45:00Z,2026-07-06T07:45:00+0200,155.15,EUR/MWh,NL,NL,day_ahead_price,value,2026-08-01T23:22:07Z
2026-08-01T23:18:50Z,2026-08-02T01:18:50+0200,914f204b-61c9-48d9-af2c-6470ecd1bcbf,2026-07-06T06:00:00Z,2026-07-06T08:00:00+0200,164.96,EUR/MWh,NL,NL,day_ahead_price,value,2026-08-01T23:22:07Z
2026-08-01T23:18:50Z,2026-08-02T01:18:50+0200,914f204b-61c9-48d9-af2c-6470ecd1bcbf,2026-07-06T06:15:00Z,2026-07-06T08:15:00+0200,143.72,EUR/MWh,NL,NL,day_ahead_price,value,2026-08-01T23:22:07Z
2026-08-01T23:18:50Z,2026-08-02T01:18:50+0200,914f204b-61c9-48d9-af2c-6470ecd1bcbf,2026-07-06T06:30:00Z,2026-07-06T08:30:00+0200,138.85,EUR/MWh,NL,NL,day_ahead_price,value,2026-08-01T23:22:07Z
2026-08-01T23:18:50Z,2026-08-02T01:18:50+0200,914f204b-61c9-48d9-af2c-6470ecd1bcbf,2026-07-06T06:45:00Z,2026-07-06T08:45:00+0200,132.3,EUR/MWh,NL,NL,day_ahead_price,value,2026-08-01T23:22:07Z
2026-08-01T23:18:50Z,2026-08-02T01:18:50+0200,914f204b-61c9-48d9-af2c-6470ecd1bcbf,2026-07-06T07:00:00Z,2026-07-06T09:00:00+0200,135.93,EUR/MWh,NL,NL,day_ahead_price,value,2026-08-01T23:22:07Z
2026-08-01T23:18:50Z,2026-08-02T01:18:50+0200,914f204b-61c9-48d9-af2c-6470ecd1bcbf,2026-07-06T07:15:00Z,2026-07-06T09:15:00+0200,128.57,EUR/MWh,NL,NL,day_ahead_price,value,2026-08-01T23:22:07Z
2026-08-01T23:18:50Z,2026-08-02T01:18:50+0200,914f204b-61c9-48d9-af2c-6470ecd1bcbf,2026-07-06T07:30:00Z,2026-07-06T09:30:00+0200,116.36,EUR/MWh,NL,NL,day_ahead_price,value,2026-08-01T23:22:07Z
2026-08-01T23:18:50Z,2026-08-02T01:18:50+0200,914f204b-61c9-48d9-af2c-6470ecd1bcbf,2026-07-06T07:45:00Z,2026-07-06T09:45:00+0200,104.8,EUR/MWh,NL,NL,day_ahead_price,value,2026-08-01T23:22:07Z
2026-08-01T23:18:50Z,2026-08-02T01:18:50+0200,914f204b-61c9-48d9-af2c-6470ecd1bcbf,2026-07-06T08:00:00Z,2026-07-06T10:00:00+0200,136.61,EUR/MWh,NL,NL,day_ahead_price,value,2026-08-01T23:22:07Z
2026-08-01T23:18:50Z,2026-08-02T01:18:50+0200,914f204b-61c9-48d9-af2c-6470ecd1bcbf,2026-07-06T08:15:00Z,2026-07-06T10:15:00+0200,110.41,EUR/MWh,NL,NL,day_ahead_price,value,2026-08-01T23:22:07Z
2026-08-01T23:18:50Z,2026-08-02T01:18:50+0200,914f204b-61c9-48d9-af2c-6470ecd1bcbf,2026-07-06T08:30:00Z,2026-07-06T10:30:00+0200,95.18,EUR/MWh,NL,NL,day_ahead_price,value,2026-08-01T23:22:07Z
2026-08-01T23:18:50Z,2026-08-02T01:18:50+0200,914f204b-61c9-48d9-af2c-6470ecd1bcbf,2026-07-06T08:45:00Z,2026-07-06T10:45:00+0200,82.69,EUR/MWh,NL,NL,day_ahead_price,value,2026-08-01T23:22:07Z
2026-08-01T23:18:50Z,2026-08-02T01:18:50+0200,914f204b-61c9-48d9-af2c-6470ecd1bcbf,2026-07-06T09:00:00Z,2026-07-06T11:00:00+0200,106.05,EUR/MWh,NL,NL,day_ahead_price,value,2026-08-01T23:22:07Z
2026-08-01T23:18:50Z,2026-08-02T01:18:50+0200,914f204b-61c9-48d9-af2c-6470ecd1bcbf,2026-07-06T09:15:00Z,2026-07-06T11:15:00+0200,93.45,EUR/MWh,NL,NL,day_ahead_price,value,2026-08-01T23:22:07Z
2026-08-01T23:18:50Z,2026-08-02T01:18:50+0200,914f204b-61c9-48d9-af2c-6470ecd1bcbf,2026-07-06T09:30:00Z,2026-07-06T11:30:00+0200,64.8,EUR/MWh,NL,NL,day_ahead_price,value,2026-08-01T23:22:07Z
2026-08-01T23:18:50Z,2026-08-02T01:18:50+0200,914f204b-61c9-48d9-af2c-6470ecd1bcbf,2026-07-06T09:45:00Z,2026-07-06T11:45:00+0200,64.66,EUR/MWh,NL,NL,day_ahead_price,value,2026-08-01T23:22:07Z
2026-08-01T23:18:50Z,2026-08-02T01:18:50+0200,914f204b-61c9-48d9-af2c-6470ecd1bcbf,2026-07-06T10:00:00Z,2026-07-06T12:00:00+0200,66.79,EUR/MWh,NL,NL,day_ahead_price,value,2026-08-01T23:22:07Z
2026-08-01T23:18:50Z,2026-08-02T01:18:50+0200,914f204b-61c9-48d9-af2c-6470ecd1bcbf,2026-07-06T10:15:00Z,2026-07-06T12:15:00+0200,45.43,EUR/MWh,NL,NL,day_ahead_price,value,2026-08-01T23:22:07Z
2026-08-01T23:18:50Z,2026-08-02T01:18:50+0200,914f204b-61c9-48d9-af2c-6470ecd1bcbf,2026-07-06T10:30:00Z,2026-07-06T12:30:00+0200,37.11,EUR/MWh,NL,NL,day_ahead_price,value,2026-08-01T23:22:07Z
2026-08-01T23:18:50Z,2026-08-02T01:18:50+0200,914f204b-61c9-48d9-af2c-6470ecd1bcbf,2026-07-06T10:45:00Z,2026-07-06T12:45:00+0200,25.52,EUR/MWh,NL,NL,day_ahead_price,value,2026-08-01T23:22:07Z
2026-08-01T23:18:50Z,2026-08-02T01:18:50+0200,914f204b-61c9-48d9-af2c-6470ecd1bcbf,2026-07-06T11:00:00Z,2026-07-06T13:00:00+0200,39.28,EUR/MWh,NL,NL,day_ahead_price,value,2026-08-01T23:22:07Z
2026-08-01T23:18:50Z,2026-08-02T01:18:50+0200,914f204b-61c9-48d9-af2c-6470ecd1bcbf,2026-07-06T11:15:00Z,2026-07-06T13:15:00+0200,25.02,EUR/MWh,NL,NL,day_ahead_price,value,2026-08-01T23:22:07Z
2026-08-01T23:18:50Z,2026-08-02T01:18:50+0200,914f204b-61c9-48d9-af2c-6470ecd1bcbf,2026-07-06T11:30:00Z,2026-07-06T13:30:00+0200,14.16,EUR/MWh,NL,NL,day_ahead_price,value,2026-08-01T23:22:07Z
2026-08-01T23:18:50Z,2026-08-02T01:18:50+0200,914f204b-61c9-48d9-af2c-6470ecd1bcbf,2026-07-06T11:45:00Z,2026-07-06T13:45:00+0200,3.88,EUR/MWh,NL,NL,day_ahead_price,value,2026-08-01T23:22:07Z
2026-08-01T23:18:50Z,2026-08-02T01:18:50+0200,914f204b-61c9-48d9-af2c-6470ecd1bcbf,2026-07-06T12:00:00Z,2026-07-06T14:00:00+0200,19.26,EUR/MWh,NL,NL,day_ahead_price,value,2026-08-01T23:22:07Z
2026-08-01T23:18:50Z,2026-08-02T01:18:50+0200,914f204b-61c9-48d9-af2c-6470ecd1bcbf,2026-07-06T12:15:00Z,2026-07-06T14:15:00+0200,10.47,EUR/MWh,NL,NL,day_ahead_price,value,2026-08-01T23:22:07Z
2026-08-01T23:18:50Z,2026-08-02T01:18:50+0200,914f204b-61c9-48d9-af2c-6470ecd1bcbf,2026-07-06T12:30:00Z,2026-07-06T14:30:00+0200,9.48,EUR/MWh,NL,NL,day_ahead_price,value,2026-08-01T23:22:07Z
2026-08-01T23:18:50Z,2026-08-02T01:18:50+0200,914f204b-61c9-48d9-af2c-6470ecd1bcbf,2026-07-06T12:45:00Z,2026-07-06T14:45:00+0200,2.03,EUR/MWh,NL,NL,day_ahead_price,value,2026-08-01T23:22:07Z
2026-08-01T23:18:50Z,2026-08-02T01:18:50+0200,914f204b-61c9-48d9-af2c-6470ecd1bcbf,2026-07-06T13:00:00Z,2026-07-06T15:00:00+0200,4.64,EUR/MWh,NL,NL,day_ahead_price,value,2026-08-01T23:22:07Z
2026-08-01T23:18:50Z,2026-08-02T01:18:50+0200,914f204b-61c9-48d9-af2c-6470ecd1bcbf,2026-07-06T13:15:00Z,2026-07-06T15:15:00+0200,3.46,EUR/MWh,NL,NL,day_ahead_price,value,2026-08-01T23:22:07Z
2026-08-01T23:18:50Z,2026-08-02T01:18:50+0200,914f204b-61c9-48d9-af2c-6470ecd1bcbf,2026-07-06T13:30:00Z,2026-07-06T15:30:00+0200,5.92,EUR/MWh,NL,NL,day_ahead_price,value,2026-08-01T23:22:07Z
2026-08-01T23:18:50Z,2026-08-02T01:18:50+0200,914f204b-61c9-48d9-af2c-6470ecd1bcbf,2026-07-06T13:45:00Z,2026-07-06T15:45:00+0200,12.59,EUR/MWh,NL,NL,day_ahead_price,value,2026-08-01T23:22:07Z
2026-08-01T23:18:50Z,2026-08-02T01:18:50+0200,914f204b-61c9-48d9-af2c-6470ecd1bcbf,2026-07-06T14:00:00Z,2026-07-06T16:00:00+0200,4.72,EUR/MWh,NL,NL,day_ahead_price,value,2026-08-01T23:22:07Z
2026-08-01T23:18:50Z,2026-08-02T01:18:50+0200,914f204b-61c9-48d9-af2c-6470ecd1bcbf,2026-07-06T14:15:00Z,2026-07-06T16:15:00+0200,18.2,EUR/MWh,NL,NL,day_ahead_price,value,2026-08-01T23:22:07Z
2026-08-01T23:18:50Z,2026-08-02T01:18:50+0200,914f204b-61c9-48d9-af2c-6470ecd1bcbf,2026-07-06T14:30:00Z,2026-07-06T16:30:00+0200,37.72,EUR/MWh,NL,NL,day_ahead_price,value,2026-08-01T23:22:07Z
2026-08-01T23:18:50Z,2026-08-02T01:18:50+0200,914f204b-61c9-48d9-af2c-6470ecd1bcbf,2026-07-06T14:45:00Z,2026-07-06T16:45:00+0200,56.71,EUR/MWh,NL,NL,day_ahead_price,value,2026-08-01T23:22:07Z
2026-08-01T23:18:50Z,2026-08-02T01:18:50+0200,914f204b-61c9-48d9-af2c-6470ecd1bcbf,2026-07-06T15:00:00Z,2026-07-06T17:00:00+0200,34.68,EUR/MWh,NL,NL,day_ahead_price,value,2026-08-01T23:22:07Z
2026-08-01T23:18:50Z,2026-08-02T01:18:50+0200,914f204b-61c9-48d9-af2c-6470ecd1bcbf,2026-07-06T15:15:00Z,2026-07-06T17:15:00+0200,73.73,EUR/MWh,NL,NL,day_ahead_price,value,2026-08-01T23:22:07Z
2026-08-01T23:18:50Z,2026-08-02T01:18:50+0200,914f204b-61c9-48d9-af2c-6470ecd1bcbf,2026-07-06T15:30:00Z,2026-07-06T17:30:00+0200,86.9,EUR/MWh,NL,NL,day_ahead_price,value,2026-08-01T23:22:07Z
2026-08-01T23:18:50Z,2026-08-02T01:18:50+0200,914f204b-61c9-48d9-af2c-6470ecd1bcbf,2026-07-06T15:45:00Z,2026-07-06T17:45:00+0200,102.7,EUR/MWh,NL,NL,day_ahead_price,value,2026-08-01T23:22:07Z
2026-08-01T23:18:50Z,2026-08-02T01:18:50+0200,914f204b-61c9-48d9-af2c-6470ecd1bcbf,2026-07-06T16:00:00Z,2026-07-06T18:00:00+0200,83.73,EUR/MWh,NL,NL,day_ahead_price,value,2026-08-01T23:22:07Z
2026-08-01T23:18:50Z,2026-08-02T01:18:50+0200,914f204b-61c9-48d9-af2c-6470ecd1bcbf,2026-07-06T16:15:00Z,2026-07-06T18:15:00+0200,100.01,EUR/MWh,NL,NL,day_ahead_price,value,2026-08-01T23:22:07Z
2026-08-01T23:18:50Z,2026-08-02T01:18:50+0200,914f204b-61c9-48d9-af2c-6470ecd1bcbf,2026-07-06T16:30:00Z,2026-07-06T18:30:00+0200,118.26,EUR/MWh,NL,NL,day_ahead_price,value,2026-08-01T23:22:07Z
2026-08-01T23:18:50Z,2026-08-02T01:18:50+0200,914f204b-61c9-48d9-af2c-6470ecd1bcbf,2026-07-06T16:45:00Z,2026-07-06T18:45:00+0200,123.67,EUR/MWh,NL,NL,day_ahead_price,value,2026-08-01T23:22:07Z
2026-08-01T23:18:50Z,2026-08-02T01:18:50+0200,914f204b-61c9-48d9-af2c-6470ecd1bcbf,2026-07-06T17:00:00Z,2026-07-06T19:00:00+0200,105.74,EUR/MWh,NL,NL,day_ahead_price,value,2026-08-01T23:22:07Z
2026-08-01T23:18:50Z,2026-08-02T01:18:50+0200,914f204b-61c9-48d9-af2c-6470ecd1bcbf,2026-07-06T17:15:00Z,2026-07-06T19:15:00+0200,112.81,EUR/MWh,NL,NL,day_ahead_price,value,2026-08-01T23:22:07Z
2026-08-01T23:18:50Z,2026-08-02T01:18:50+0200,914f204b-61c9-48d9-af2c-6470ecd1bcbf,2026-07-06T17:30:00Z,2026-07-06T19:30:00+0200,126.68,EUR/MWh,NL,NL,day_ahead_price,value,2026-08-01T23:22:07Z
2026-08-01T23:18:50Z,2026-08-02T01:18:50+0200,914f204b-61c9-48d9-af2c-6470ecd1bcbf,2026-07-06T17:45:00Z,2026-07-06T19:45:00+0200,136.22,EUR/MWh,NL,NL,day_ahead_price,value,2026-08-01T23:22:07Z
2026-08-01T23:18:50Z,2026-08-02T01:18:50+0200,914f204b-61c9-48d9-af2c-6470ecd1bcbf,2026-07-06T18:00:00Z,2026-07-06T20:00:00+0200,125.09,EUR/MWh,NL,NL,day_ahead_price,value,2026-08-01T23:22:07Z
2026-08-01T23:18:50Z,2026-08-02T01:18:50+0200,914f204b-61c9-48d9-af2c-6470ecd1bcbf,2026-07-06T18:15:00Z,2026-07-06T20:15:00+0200,136.27,EUR/MWh,NL,NL,day_ahead_price,value,2026-08-01T23:22:07Z
2026-08-01T23:18:50Z,2026-08-02T01:18:50+0200,914f204b-61c9-48d9-af2c-6470ecd1bcbf,2026-07-06T18:30:00Z,2026-07-06T20:30:00+0200,142.43,EUR/MWh,NL,NL,day_ahead_price,value,2026-08-01T23:22:07Z
2026-08-01T23:18:50Z,2026-08-02T01:18:50+0200,914f204b-61c9-48d9-af2c-6470ecd1bcbf,2026-07-06T18:45:00Z,2026-07-06T20:45:00+0200,156.8,EUR/MWh,NL,NL,day_ahead_price,value,2026-08-01T23:22:07Z
2026-08-01T23:18:50Z,2026-08-02T01:18:50+0200,914f204b-61c9-48d9-af2c-6470ecd1bcbf,2026-07-06T19:00:00Z,2026-07-06T21:00:00+0200,155.24,EUR/MWh,NL,NL,day_ahead_price,value,2026-08-01T23:22:07Z
2026-08-01T23:18:50Z,2026-08-02T01:18:50+0200,914f204b-61c9-48d9-af2c-6470ecd1bcbf,2026-07-06T19:15:00Z,2026-07-06T21:15:00+0200,159.98,EUR/MWh,NL,NL,day_ahead_price,value,2026-08-01T23:22:07Z
2026-08-01T23:18:50Z,2026-08-02T01:18:50+0200,914f204b-61c9-48d9-af2c-6470ecd1bcbf,2026-07-06T19:30:00Z,2026-07-06T21:30:00+0200,157.59,EUR/MWh,NL,NL,day_ahead_price,value,2026-08-01T23:22:07Z
2026-08-01T23:18:50Z,2026-08-02T01:18:50+0200,914f204b-61c9-48d9-af2c-6470ecd1bcbf,2026-07-06T19:45:00Z,2026-07-06T21:45:00+0200,147.46,EUR/MWh,NL,NL,day_ahead_price,value,2026-08-01T23:22:07Z
2026-08-01T23:18:50Z,2026-08-02T01:18:50+0200,914f204b-61c9-48d9-af2c-6470ecd1bcbf,2026-07-06T20:00:00Z,2026-07-06T22:00:00+0200,156.99,EUR/MWh,NL,NL,day_ahead_price,value,2026-08-01T23:22:07Z
2026-08-01T23:18:50Z,2026-08-02T01:18:50+0200,914f204b-61c9-48d9-af2c-6470ecd1bcbf,2026-07-06T20:15:00Z,2026-07-06T22:15:00+0200,146.82,EUR/MWh,NL,NL,day_ahead_price,value,2026-08-01T23:22:07Z
2026-08-01T23:18:50Z,2026-08-02T01:18:50+0200,914f204b-61c9-48d9-af2c-6470ecd1bcbf,2026-07-06T20:30:00Z,2026-07-06T22:30:00+0200,155.15,EUR/MWh,NL,NL,day_ahead_price,value,2026-08-01T23:22:07Z
2026-08-01T23:18:50Z,2026-08-02T01:18:50+0200,914f204b-61c9-48d9-af2c-6470ecd1bcbf,2026-07-06T20:45:00Z,2026-07-06T22:45:00+0200,146.09,EUR/MWh,NL,NL,day_ahead_price,value,2026-08-01T23:22:07Z
2026-08-01T23:18:50Z,2026-08-02T01:18:50+0200,914f204b-61c9-48d9-af2c-6470ecd1bcbf,2026-07-06T21:00:00Z,2026-07-06T23:00:00+0200,150.0,EUR/MWh,NL,NL,day_ahead_price,value,2026-08-01T23:22:07Z
2026-08-01T23:18:50Z,2026-08-02T01:18:50+0200,914f204b-61c9-48d9-af2c-6470ecd1bcbf,2026-07-06T21:15:00Z,2026-07-06T23:15:00+0200,139.27,EUR/MWh,NL,NL,day_ahead_price,value,2026-08-01T23:22:07Z
2026-08-01T23:18:50Z,2026-08-02T01:18:50+0200,914f204b-61c9-48d9-af2c-6470ecd1bcbf,2026-07-06T21:30:00Z,2026-07-06T23:30:00+0200,135.41,EUR/MWh,NL,NL,day_ahead_price,value,2026-08-01T23:22:07Z
2026-08-01T23:18:50Z,2026-08-02T01:18:50+0200,914f204b-61c9-48d9-af2c-6470ecd1bcbf,2026-07-06T21:45:00Z,2026-07-06T23:45:00+0200,131.15,EUR/MWh,NL,NL,day_ahead_price,value,2026-08-01T23:22:07Z
2026-08-01T23:18:50Z,2026-08-02T01:18:50+0200,914f204b-61c9-48d9-af2c-6470ecd1bcbf,2026-07-06T22:00:00Z,2026-07-07T00:00:00+0200,131.57,EUR/MWh,NL,NL,day_ahead_price,value,2026-08-01T23:22:07Z
2026-08-01T23:18:50Z,2026-08-02T01:18:50+0200,914f204b-61c9-48d9-af2c-6470ecd1bcbf,2026-07-06T22:15:00Z,2026-07-07T00:15:00+0200,129.42,EUR/MWh,NL,NL,day_ahead_price,value,2026-08-01T23:22:07Z
2026-08-01T23:18:50Z,2026-08-02T01:18:50+0200,914f204b-61c9-48d9-af2c-6470ecd1bcbf,2026-07-06T22:30:00Z,2026-07-07T00:30:00+0200,116.67,EUR/MWh,NL,NL,day_ahead_price,value,2026-08-01T23:22:07Z
2026-08-01T23:18:50Z,2026-08-02T01:18:50+0200,914f204b-61c9-48d9-af2c-6470ecd1bcbf,2026-07-06T22:45:00Z,2026-07-07T00:45:00+0200,111.91,EUR/MWh,NL,NL,day_ahead_price,value,2026-08-01T23:22:07Z
2026-08-01T23:18:50Z,2026-08-02T01:18:50+0200,914f204b-61c9-48d9-af2c-6470ecd1bcbf,2026-07-06T23:00:00Z,2026-07-07T01:00:00+0200,124.1,EUR/MWh,NL,NL,day_ahead_price,value,2026-08-01T23:22:07Z
2026-08-01T23:18:50Z,2026-08-02T01:18:50+0200,914f204b-61c9-48d9-af2c-6470ecd1bcbf,2026-07-06T23:15:00Z,2026-07-07T01:15:00+0200,115.15,EUR/MWh,NL,NL,day_ahead_price,value,2026-08-01T23:22:07Z
2026-08-01T23:18:50Z,2026-08-02T01:18:50+0200,914f204b-61c9-48d9-af2c-6470ecd1bcbf,2026-07-06T23:30:00Z,2026-07-07T01:30:00+0200,113.96,EUR/MWh,NL,NL,day_ahead_price,value,2026-08-01T23:22:07Z
2026-08-01T23:18:50Z,2026-08-02T01:18:50+0200,914f204b-61c9-48d9-af2c-6470ecd1bcbf,2026-07-06T23:45:00Z,2026-07-07T01:45:00+0200,110.67,EUR/MWh,NL,NL,day_ahead_price,value,2026-08-01T23:22:07Z
2026-08-01T23:18:50Z,2026-08-02T01:18:50+0200,914f204b-61c9-48d9-af2c-6470ecd1bcbf,2026-07-07T00:00:00Z,2026-07-07T02:00:00+0200,114.38,EUR/MWh,NL,NL,day_ahead_price,value,2026-08-01T23:22:07Z
2026-08-01T23:18:50Z,2026-08-02T01:18:50+0200,914f204b-61c9-48d9-af2c-6470ecd1bcbf,2026-07-07T00:15:00Z,2026-07-07T02:15:00+0200,109.99,EUR/MWh,NL,NL,day_ahead_price,value,2026-08-01T23:22:07Z
2026-08-01T23:18:50Z,2026-08-02T01:18:50+0200,914f204b-61c9-48d9-af2c-6470ecd1bcbf,2026-07-07T00:30:00Z,2026-07-07T02:30:00+0200,106.48,EUR/MWh,NL,NL,day_ahead_price,value,2026-08-01T23:22:07Z
2026-08-01T23:18:50Z,2026-08-02T01:18:50+0200,914f204b-61c9-48d9-af2c-6470ecd1bcbf,2026-07-07T00:45:00Z,2026-07-07T02:45:00+0200,110.51,EUR/MWh,NL,NL,day_ahead_price,value,2026-08-01T23:22:07Z
2026-08-01T23:18:50Z,2026-08-02T01:18:50+0200,914f204b-61c9-48d9-af2c-6470ecd1bcbf,2026-07-07T01:00:00Z,2026-07-07T03:00:00+0200,104.57,EUR/MWh,NL,NL,day_ahead_price,value,2026-08-01T23:22:07Z
2026-08-01T23:18:50Z,2026-08-02T01:18:50+0200,914f204b-61c9-48d9-af2c-6470ecd1bcbf,2026-07-07T01:15:00Z,2026-07-07T03:15:00+0200,102.21,EUR/MWh,NL,NL,day_ahead_price,value,2026-08-01T23:22:07Z
2026-08-01T23:18:50Z,2026-08-02T01:18:50+0200,914f204b-61c9-48d9-af2c-6470ecd1bcbf,2026-07-07T01:30:00Z,2026-07-07T03:30:00+0200,104.93,EUR/MWh,NL,NL,day_ahead_price,value,2026-08-01T23:22:07Z
2026-08-01T23:18:50Z,2026-08-02T01:18:50+0200,914f204b-61c9-48d9-af2c-6470ecd1bcbf,2026-07-07T01:45:00Z,2026-07-07T03:45:00+0200,106.97,EUR/MWh,NL,NL,day_ahead_price,value,2026-08-01T23:22:07Z
2026-08-01T23:18:50Z,2026-08-02T01:18:50+0200,914f204b-61c9-48d9-af2c-6470ecd1bcbf,2026-07-07T02:00:00Z,2026-07-07T04:00:00+0200,99.37,EUR/MWh,NL,NL,day_ahead_price,value,2026-08-01T23:22:07Z
2026-08-01T23:18:50Z,2026-08-02T01:18:50+0200,914f204b-61c9-48d9-af2c-6470ecd1bcbf,2026-07-07T02:15:00Z,2026-07-07T04:15:00+0200,102.09,EUR/MWh,NL,NL,day_ahead_price,value,2026-08-01T23:22:07Z
2026-08-01T23:18:50Z,2026-08-02T01:18:50+0200,914f204b-61c9-48d9-af2c-6470ecd1bcbf,2026-07-07T02:30:00Z,2026-07-07T04:30:00+0200,105.24,EUR/MWh,NL,NL,day_ahead_price,value,2026-08-01T23:22:07Z
2026-08-01T23:18:50Z,2026-08-02T01:18:50+0200,914f204b-61c9-48d9-af2c-6470ecd1bcbf,2026-07-07T02:45:00Z,2026-07-07T04:45:00+0200,106.27,EUR/MWh,NL,NL,day_ahead_price,value,2026-08-01T23:22:07Z
2026-08-01T23:18:50Z,2026-08-02T01:18:50+0200,914f204b-61c9-48d9-af2c-6470ecd1bcbf,2026-07-07T03:00:00Z,2026-07-07T05:00:00+0200,107.76,EUR/MWh,NL,NL,day_ahead_price,value,2026-08-01T23:22:07Z
2026-08-01T23:18:50Z,2026-08-02T01:18:50+0200,914f204b-61c9-48d9-af2c-6470ecd1bcbf,2026-07-07T03:15:00Z,2026-07-07T05:15:00+0200,106.35,EUR/MWh,NL,NL,day_ahead_price,value,2026-08-01T23:22:07Z
2026-08-01T23:18:50Z,2026-08-02T01:18:50+0200,914f204b-61c9-48d9-af2c-6470ecd1bcbf,2026-07-07T03:30:00Z,2026-07-07T05:30:00+0200,107.42,EUR/MWh,NL,NL,day_ahead_price,value,2026-08-01T23:22:07Z
2026-08-01T23:18:50Z,2026-08-02T01:18:50+0200,914f204b-61c9-48d9-af2c-6470ecd1bcbf,2026-07-07T03:45:00Z,2026-07-07T05:45:00+0200,112.34,EUR/MWh,NL,NL,day_ahead_price,value,2026-08-01T23:22:07Z
2026-08-01T23:18:50Z,2026-08-02T01:18:50+0200,914f204b-61c9-48d9-af2c-6470ecd1bcbf,2026-07-07T04:00:00Z,2026-07-07T06:00:00+0200,121.8,EUR/MWh,NL,NL,day_ahead_price,value,2026-08-01T23:22:07Z
2026-08-01T23:18:50Z,2026-08-02T01:18:50+0200,914f204b-61c9-48d9-af2c-6470ecd1bcbf,2026-07-07T04:15:00Z,2026-07-07T06:15:00+0200,125.14,EUR/MWh,NL,NL,day_ahead_price,value,2026-08-01T23:22:07Z
2026-08-01T23:18:50Z,2026-08-02T01:18:50+0200,914f204b-61c9-48d9-af2c-6470ecd1bcbf,2026-07-07T04:30:00Z,2026-07-07T06:30:00+0200,122.71,EUR/MWh,NL,NL,day_ahead_price,value,2026-08-01T23:22:07Z
2026-08-01T23:18:50Z,2026-08-02T01:18:50+0200,914f204b-61c9-48d9-af2c-6470ecd1bcbf,2026-07-07T04:45:00Z,2026-07-07T06:45:00+0200,121.28,EUR/MWh,NL,NL,day_ahead_price,value,2026-08-01T23:22:07Z
2026-08-01T23:18:50Z,2026-08-02T01:18:50+0200,914f204b-61c9-48d9-af2c-6470ecd1bcbf,2026-07-07T05:00:00Z,2026-07-07T07:00:00+0200,130.03,EUR/MWh,NL,NL,day_ahead_price,value,2026-08-01T23:22:07Z
2026-08-01T23:18:50Z,2026-08-02T01:18:50+0200,914f204b-61c9-48d9-af2c-6470ecd1bcbf,2026-07-07T05:15:00Z,2026-07-07T07:15:00+0200,125.36,EUR/MWh,NL,NL,day_ahead_price,value,2026-08-01T23:22:07Z
2026-08-01T23:18:50Z,2026-08-02T01:18:50+0200,914f204b-61c9-48d9-af2c-6470ecd1bcbf,2026-07-07T05:30:00Z,2026-07-07T07:30:00+0200,118.47,EUR/MWh,NL,NL,day_ahead_price,value,2026-08-01T23:22:07Z
2026-08-01T23:18:50Z,2026-08-02T01:18:50+0200,914f204b-61c9-48d9-af2c-6470ecd1bcbf,2026-07-07T05:45:00Z,2026-07-07T07:45:00+0200,116.66,EUR/MWh,NL,NL,day_ahead_price,value,2026-08-01T23:22:07Z
2026-08-01T23:18:50Z,2026-08-02T01:18:50+0200,914f204b-61c9-48d9-af2c-6470ecd1bcbf,2026-07-07T06:00:00Z,2026-07-07T08:00:00+0200,129.07,EUR/MWh,NL,NL,day_ahead_price,value,2026-08-01T23:22:07Z
2026-08-01T23:18:50Z,2026-08-02T01:18:50+0200,914f204b-61c9-48d9-af2c-6470ecd1bcbf,2026-07-07T06:15:00Z,2026-07-07T08:15:00+0200,114.45,EUR/MWh,NL,NL,day_ahead_price,value,2026-08-01T23:22:07Z
2026-08-01T23:18:50Z,2026-08-02T01:18:50+0200,914f204b-61c9-48d9-af2c-6470ecd1bcbf,2026-07-07T06:30:00Z,2026-07-07T08:30:00+0200,115.22,EUR/MWh,NL,NL,day_ahead_price,value,2026-08-01T23:22:07Z
2026-08-01T23:18:50Z,2026-08-02T01:18:50+0200,914f204b-61c9-48d9-af2c-6470ecd1bcbf,2026-07-07T06:45:00Z,2026-07-07T08:45:00+0200,112.87,EUR/MWh,NL,NL,day_ahead_price,value,2026-08-01T23:22:07Z
2026-08-01T23:18:50Z,2026-08-02T01:18:50+0200,914f204b-61c9-48d9-af2c-6470ecd1bcbf,2026-07-07T07:00:00Z,2026-07-07T09:00:00+0200,121.94,EUR/MWh,NL,NL,day_ahead_price,value,2026-08-01T23:22:07Z
2026-08-01T23:18:50Z,2026-08-02T01:18:50+0200,914f204b-61c9-48d9-af2c-6470ecd1bcbf,2026-07-07T07:15:00Z,2026-07-07T09:15:00+0200,111.22,EUR/MWh,NL,NL,day_ahead_price,value,2026-08-01T23:22:07Z
2026-08-01T23:18:50Z,2026-08-02T01:18:50+0200,914f204b-61c9-48d9-af2c-6470ecd1bcbf,2026-07-07T07:30:00Z,2026-07-07T09:30:00+0200,112.93,EUR/MWh,NL,NL,day_ahead_price,value,2026-08-01T23:22:07Z
2026-08-01T23:18:50Z,2026-08-02T01:18:50+0200,914f204b-61c9-48d9-af2c-6470ecd1bcbf,2026-07-07T07:45:00Z,2026-07-07T09:45:00+0200,78.15,EUR/MWh,NL,NL,day_ahead_price,value,2026-08-01T23:22:07Z
2026-08-01T23:18:50Z,2026-08-02T01:18:50+0200,914f204b-61c9-48d9-af2c-6470ecd1bcbf,2026-07-07T08:00:00Z,2026-07-07T10:00:00+0200,102.81,EUR/MWh,NL,NL,day_ahead_price,value,2026-08-01T23:22:07Z
2026-08-01T23:18:50Z,2026-08-02T01:18:50+0200,914f204b-61c9-48d9-af2c-6470ecd1bcbf,2026-07-07T08:15:00Z,2026-07-07T10:15:00+0200,73.47,EUR/MWh,NL,NL,day_ahead_price,value,2026-08-01T23:22:07Z
2026-08-01T23:18:50Z,2026-08-02T01:18:50+0200,914f204b-61c9-48d9-af2c-6470ecd1bcbf,2026-07-07T08:30:00Z,2026-07-07T10:30:00+0200,46.97,EUR/MWh,NL,NL,day_ahead_price,value,2026-08-01T23:22:07Z
2026-08-01T23:18:50Z,2026-08-02T01:18:50+0200,914f204b-61c9-48d9-af2c-6470ecd1bcbf,2026-07-07T08:45:00Z,2026-07-07T10:45:00+0200,7.25,EUR/MWh,NL,NL,day_ahead_price,value,2026-08-01T23:22:07Z
2026-08-01T23:18:50Z,2026-08-02T01:18:50+0200,914f204b-61c9-48d9-af2c-6470ecd1bcbf,2026-07-07T09:00:00Z,2026-07-07T11:00:00+0200,28.18,EUR/MWh,NL,NL,day_ahead_price,value,2026-08-01T23:22:07Z
2026-08-01T23:18:50Z,2026-08-02T01:18:50+0200,914f204b-61c9-48d9-af2c-6470ecd1bcbf,2026-07-07T09:15:00Z,2026-07-07T11:15:00+0200,3.82,EUR/MWh,NL,NL,day_ahead_price,value,2026-08-01T23:22:07Z
2026-08-01T23:18:50Z,2026-08-02T01:18:50+0200,914f204b-61c9-48d9-af2c-6470ecd1bcbf,2026-07-07T09:30:00Z,2026-07-07T11:30:00+0200,1.13,EUR/MWh,NL,NL,day_ahead_price,value,2026-08-01T23:22:07Z
2026-08-01T23:18:50Z,2026-08-02T01:18:50+0200,914f204b-61c9-48d9-af2c-6470ecd1bcbf,2026-07-07T09:45:00Z,2026-07-07T11:45:00+0200,1.12,EUR/MWh,NL,NL,day_ahead_price,value,2026-08-01T23:22:07Z
2026-08-01T23:18:50Z,2026-08-02T01:18:50+0200,914f204b-61c9-48d9-af2c-6470ecd1bcbf,2026-07-07T10:00:00Z,2026-07-07T12:00:00+0200,1.96,EUR/MWh,NL,NL,day_ahead_price,value,2026-08-01T23:22:07Z
2026-08-01T23:18:50Z,2026-08-02T01:18:50+0200,914f204b-61c9-48d9-af2c-6470ecd1bcbf,2026-07-07T10:15:00Z,2026-07-07T12:15:00+0200,1.35,EUR/MWh,NL,NL,day_ahead_price,value,2026-08-01T23:22:07Z
2026-08-01T23:18:50Z,2026-08-02T01:18:50+0200,914f204b-61c9-48d9-af2c-6470ecd1bcbf,2026-07-07T10:30:00Z,2026-07-07T12:30:00+0200,1.4,EUR/MWh,NL,NL,day_ahead_price,value,2026-08-01T23:22:07Z
2026-08-01T23:18:50Z,2026-08-02T01:18:50+0200,914f204b-61c9-48d9-af2c-6470ecd1bcbf,2026-07-07T10:45:00Z,2026-07-07T12:45:00+0200,-0.01,EUR/MWh,NL,NL,day_ahead_price,value,2026-08-01T23:22:07Z
2026-08-01T23:18:50Z,2026-08-02T01:18:50+0200,914f204b-61c9-48d9-af2c-6470ecd1bcbf,2026-07-07T11:00:00Z,2026-07-07T13:00:00+0200,0.0,EUR/MWh,NL,NL,day_ahead_price,value,2026-08-01T23:22:07Z
2026-08-01T23:18:50Z,2026-08-02T01:18:50+0200,914f204b-61c9-48d9-af2c-6470ecd1bcbf,2026-07-07T11:15:00Z,2026-07-07T13:15:00+0200,-1.03,EUR/MWh,NL,NL,day_ahead_price,value,2026-08-01T23:22:07Z
2026-08-01T23:18:50Z,2026-08-02T01:18:50+0200,914f204b-61c9-48d9-af2c-6470ecd1bcbf,2026-07-07T11:30:00Z,2026-07-07T13:30:00+0200,-1.68,EUR/MWh,NL,NL,day_ahead_price,value,2026-08-01T23:22:07Z
2026-08-01T23:18:50Z,2026-08-02T01:18:50+0200,914f204b-61c9-48d9-af2c-6470ecd1bcbf,2026-07-07T11:45:00Z,2026-07-07T13:45:00+0200,-2.44,EUR/MWh,NL,NL,day_ahead_price,value,2026-08-01T23:22:07Z
2026-08-01T23:18:50Z,2026-08-02T01:18:50+0200,914f204b-61c9-48d9-af2c-6470ecd1bcbf,2026-07-07T12:00:00Z,2026-07-07T14:00:00+0200,-2.34,EUR/MWh,NL,NL,day_ahead_price,value,2026-08-01T23:22:07Z
2026-08-01T23:18:50Z,2026-08-02T01:18:50+0200,914f204b-61c9-48d9-af2c-6470ecd1bcbf,2026-07-07T12:15:00Z,2026-07-07T14:15:00+0200,-2.19,EUR/MWh,NL,NL,day_ahead_price,value,2026-08-01T23:22:07Z
2026-08-01T23:18:50Z,2026-08-02T01:18:50+0200,914f204b-61c9-48d9-af2c-6470ecd1bcbf,2026-07-07T12:30:00Z,2026-07-07T14:30:00+0200,-2.04,EUR/MWh,NL,NL,day_ahead_price,value,2026-08-01T23:22:07Z
2026-08-01T23:18:50Z,2026-08-02T01:18:50+0200,914f204b-61c9-48d9-af2c-6470ecd1bcbf,2026-07-07T12:45:00Z,2026-07-07T14:45:00+0200,-2.02,EUR/MWh,NL,NL,day_ahead_price,value,2026-08-01T23:22:07Z
2026-08-01T23:18:50Z,2026-08-02T01:18:50+0200,914f204b-61c9-48d9-af2c-6470ecd1bcbf,2026-07-07T13:00:00Z,2026-07-07T15:00:00+0200,-1.48,EUR/MWh,NL,NL,day_ahead_price,value,2026-08-01T23:22:07Z
2026-08-01T23:18:50Z,2026-08-02T01:18:50+0200,914f204b-61c9-48d9-af2c-6470ecd1bcbf,2026-07-07T13:15:00Z,2026-07-07T15:15:00+0200,-0.01,EUR/MWh,NL,NL,day_ahead_price,value,2026-08-01T23:22:07Z
2026-08-01T23:18:50Z,2026-08-02T01:18:50+0200,914f204b-61c9-48d9-af2c-6470ecd1bcbf,2026-07-07T13:30:00Z,2026-07-07T15:30:00+0200,2.01,EUR/MWh,NL,NL,day_ahead_price,value,2026-08-01T23:22:07Z
2026-08-01T23:18:50Z,2026-08-02T01:18:50+0200,914f204b-61c9-48d9-af2c-6470ecd1bcbf,2026-07-07T13:45:00Z,2026-07-07T15:45:00+0200,4.84,EUR/MWh,NL,NL,day_ahead_price,value,2026-08-01T23:22:07Z
2026-08-01T23:18:50Z,2026-08-02T01:18:50+0200,914f204b-61c9-48d9-af2c-6470ecd1bcbf,2026-07-07T14:00:00Z,2026-07-07T16:00:00+0200,3.05,EUR/MWh,NL,NL,day_ahead_price,value,2026-08-01T23:22:07Z
2026-08-01T23:18:50Z,2026-08-02T01:18:50+0200,914f204b-61c9-48d9-af2c-6470ecd1bcbf,2026-07-07T14:15:00Z,2026-07-07T16:15:00+0200,5.45,EUR/MWh,NL,NL,day_ahead_price,value,2026-08-01T23:22:07Z
2026-08-01T23:18:50Z,2026-08-02T01:18:50+0200,914f204b-61c9-48d9-af2c-6470ecd1bcbf,2026-07-07T14:30:00Z,2026-07-07T16:30:00+0200,8.29,EUR/MWh,NL,NL,day_ahead_price,value,2026-08-01T23:22:07Z
2026-08-01T23:18:50Z,2026-08-02T01:18:50+0200,914f204b-61c9-48d9-af2c-6470ecd1bcbf,2026-07-07T14:45:00Z,2026-07-07T16:45:00+0200,21.1,EUR/MWh,NL,NL,day_ahead_price,value,2026-08-01T23:22:07Z
2026-08-01T23:18:50Z,2026-08-02T01:18:50+0200,914f204b-61c9-48d9-af2c-6470ecd1bcbf,2026-07-07T15:00:00Z,2026-07-07T17:00:00+0200,6.62,EUR/MWh,NL,NL,day_ahead_price,value,2026-08-01T23:22:07Z
2026-08-01T23:18:50Z,2026-08-02T01:18:50+0200,914f204b-61c9-48d9-af2c-6470ecd1bcbf,2026-07-07T15:15:00Z,2026-07-07T17:15:00+0200,16.6,EUR/MWh,NL,NL,day_ahead_price,value,2026-08-01T23:22:07Z
2026-08-01T23:18:50Z,2026-08-02T01:18:50+0200,914f204b-61c9-48d9-af2c-6470ecd1bcbf,2026-07-07T15:30:00Z,2026-07-07T17:30:00+0200,81.59,EUR/MWh,NL,NL,day_ahead_price,value,2026-08-01T23:22:07Z
2026-08-01T23:18:50Z,2026-08-02T01:18:50+0200,914f204b-61c9-48d9-af2c-6470ecd1bcbf,2026-07-07T15:45:00Z,2026-07-07T17:45:00+0200,163.08,EUR/MWh,NL,NL,day_ahead_price,value,2026-08-01T23:22:07Z
2026-08-01T23:18:50Z,2026-08-02T01:18:50+0200,914f204b-61c9-48d9-af2c-6470ecd1bcbf,2026-07-07T16:00:00Z,2026-07-07T18:00:00+0200,77.78,EUR/MWh,NL,NL,day_ahead_price,value,2026-08-01T23:22:07Z
2026-08-01T23:18:50Z,2026-08-02T01:18:50+0200,914f204b-61c9-48d9-af2c-6470ecd1bcbf,2026-07-07T16:15:00Z,2026-07-07T18:15:00+0200,110.1,EUR/MWh,NL,NL,day_ahead_price,value,2026-08-01T23:22:07Z
2026-08-01T23:18:50Z,2026-08-02T01:18:50+0200,914f204b-61c9-48d9-af2c-6470ecd1bcbf,2026-07-07T16:30:00Z,2026-07-07T18:30:00+0200,126.85,EUR/MWh,NL,NL,day_ahead_price,value,2026-08-01T23:22:07Z
2026-08-01T23:18:50Z,2026-08-02T01:18:50+0200,914f204b-61c9-48d9-af2c-6470ecd1bcbf,2026-07-07T16:45:00Z,2026-07-07T18:45:00+0200,150.72,EUR/MWh,NL,NL,day_ahead_price,value,2026-08-01T23:22:07Z
2026-08-01T23:18:50Z,2026-08-02T01:18:50+0200,914f204b-61c9-48d9-af2c-6470ecd1bcbf,2026-07-07T17:00:00Z,2026-07-07T19:00:00+0200,87.93,EUR/MWh,NL,NL,day_ahead_price,value,2026-08-01T23:22:07Z
2026-08-01T23:18:50Z,2026-08-02T01:18:50+0200,914f204b-61c9-48d9-af2c-6470ecd1bcbf,2026-07-07T17:15:00Z,2026-07-07T19:15:00+0200,110.0,EUR/MWh,NL,NL,day_ahead_price,value,2026-08-01T23:22:07Z
2026-08-01T23:18:50Z,2026-08-02T01:18:50+0200,914f204b-61c9-48d9-af2c-6470ecd1bcbf,2026-07-07T17:30:00Z,2026-07-07T19:30:00+0200,135.27,EUR/MWh,NL,NL,day_ahead_price,value,2026-08-01T23:22:07Z
2026-08-01T23:18:50Z,2026-08-02T01:18:50+0200,914f204b-61c9-48d9-af2c-6470ecd1bcbf,2026-07-07T17:45:00Z,2026-07-07T19:45:00+0200,150.48,EUR/MWh,NL,NL,day_ahead_price,value,2026-08-01T23:22:07Z
2026-08-01T23:18:50Z,2026-08-02T01:18:50+0200,914f204b-61c9-48d9-af2c-6470ecd1bcbf,2026-07-07T18:00:00Z,2026-07-07T20:00:00+0200,115.23,EUR/MWh,NL,NL,day_ahead_price,value,2026-08-01T23:22:07Z
2026-08-01T23:18:50Z,2026-08-02T01:18:50+0200,914f204b-61c9-48d9-af2c-6470ecd1bcbf,2026-07-07T18:15:00Z,2026-07-07T20:15:00+0200,125.64,EUR/MWh,NL,NL,day_ahead_price,value,2026-08-01T23:22:07Z
2026-08-01T23:18:50Z,2026-08-02T01:18:50+0200,914f204b-61c9-48d9-af2c-6470ecd1bcbf,2026-07-07T18:30:00Z,2026-07-07T20:30:00+0200,141.85,EUR/MWh,NL,NL,day_ahead_price,value,2026-08-01T23:22:07Z
2026-08-01T23:18:50Z,2026-08-02T01:18:50+0200,914f204b-61c9-48d9-af2c-6470ecd1bcbf,2026-07-07T18:45:00Z,2026-07-07T20:45:00+0200,182.97,EUR/MWh,NL,NL,day_ahead_price,value,2026-08-01T23:22:07Z
2026-08-01T23:18:50Z,2026-08-02T01:18:50+0200,914f204b-61c9-48d9-af2c-6470ecd1bcbf,2026-07-07T19:00:00Z,2026-07-07T21:00:00+0200,127.58,EUR/MWh,NL,NL,day_ahead_price,value,2026-08-01T23:22:07Z
2026-08-01T23:18:50Z,2026-08-02T01:18:50+0200,914f204b-61c9-48d9-af2c-6470ecd1bcbf,2026-07-07T19:15:00Z,2026-07-07T21:15:00+0200,138.73,EUR/MWh,NL,NL,day_ahead_price,value,2026-08-01T23:22:07Z
2026-08-01T23:18:50Z,2026-08-02T01:18:50+0200,914f204b-61c9-48d9-af2c-6470ecd1bcbf,2026-07-07T19:30:00Z,2026-07-07T21:30:00+0200,158.96,EUR/MWh,NL,NL,day_ahead_price,value,2026-08-01T23:22:07Z
2026-08-01T23:18:50Z,2026-08-02T01:18:50+0200,914f204b-61c9-48d9-af2c-6470ecd1bcbf,2026-07-07T19:45:00Z,2026-07-07T21:45:00+0200,174.47,EUR/MWh,NL,NL,day_ahead_price,value,2026-08-01T23:22:07Z
2026-08-01T23:18:50Z,2026-08-02T01:18:50+0200,914f204b-61c9-48d9-af2c-6470ecd1bcbf,2026-07-07T20:00:00Z,2026-07-07T22:00:00+0200,148.25,EUR/MWh,NL,NL,day_ahead_price,value,2026-08-01T23:22:07Z
2026-08-01T23:18:50Z,2026-08-02T01:18:50+0200,914f204b-61c9-48d9-af2c-6470ecd1bcbf,2026-07-07T20:15:00Z,2026-07-07T22:15:00+0200,150.9,EUR/MWh,NL,NL,day_ahead_price,value,2026-08-01T23:22:07Z
2026-08-01T23:18:50Z,2026-08-02T01:18:50+0200,914f204b-61c9-48d9-af2c-6470ecd1bcbf,2026-07-07T20:30:00Z,2026-07-07T22:30:00+0200,149.75,EUR/MWh,NL,NL,day_ahead_price,value,2026-08-01T23:22:07Z
2026-08-01T23:18:50Z,2026-08-02T01:18:50+0200,914f204b-61c9-48d9-af2c-6470ecd1bcbf,2026-07-07T20:45:00Z,2026-07-07T22:45:00+0200,144.86,EUR/MWh,NL,NL,day_ahead_price,value,2026-08-01T23:22:07Z
2026-08-01T23:18:50Z,2026-08-02T01:18:50+0200,914f204b-61c9-48d9-af2c-6470ecd1bcbf,2026-07-07T21:00:00Z,2026-07-07T23:00:00+0200,149.34,EUR/MWh,NL,NL,day_ahead_price,value,2026-08-01T23:22:07Z
2026-08-01T23:18:50Z,2026-08-02T01:18:50+0200,914f204b-61c9-48d9-af2c-6470ecd1bcbf,2026-07-07T21:15:00Z,2026-07-07T23:15:00+0200,140.1,EUR/MWh,NL,NL,day_ahead_price,value,2026-08-01T23:22:07Z
2026-08-01T23:18:50Z,2026-08-02T01:18:50+0200,914f204b-61c9-48d9-af2c-6470ecd1bcbf,2026-07-07T21:30:00Z,2026-07-07T23:30:00+0200,130.77,EUR/MWh,NL,NL,day_ahead_price,value,2026-08-01T23:22:07Z
2026-08-01T23:18:50Z,2026-08-02T01:18:50+0200,914f204b-61c9-48d9-af2c-6470ecd1bcbf,2026-07-07T21:45:00Z,2026-07-07T23:45:00+0200,138.1,EUR/MWh,NL,NL,day_ahead_price,value,2026-08-01T23:22:07Z
2026-08-01T23:18:50Z,2026-08-02T01:18:50+0200,914f204b-61c9-48d9-af2c-6470ecd1bcbf,2026-07-07T22:00:00Z,2026-07-08T00:00:00+0200,137.63,EUR/MWh,NL,NL,day_ahead_price,value,2026-08-01T23:22:07Z
2026-08-01T23:18:50Z,2026-08-02T01:18:50+0200,914f204b-61c9-48d9-af2c-6470ecd1bcbf,2026-07-07T22:15:00Z,2026-07-08T00:15:00+0200,126.48,EUR/MWh,NL,NL,day_ahead_price,value,2026-08-01T23:22:07Z
2026-08-01T23:18:50Z,2026-08-02T01:18:50+0200,914f204b-61c9-48d9-af2c-6470ecd1bcbf,2026-07-07T22:30:00Z,2026-07-08T00:30:00+0200,120.66,EUR/MWh,NL,NL,day_ahead_price,value,2026-08-01T23:22:07Z
2026-08-01T23:18:50Z,2026-08-02T01:18:50+0200,914f204b-61c9-48d9-af2c-6470ecd1bcbf,2026-07-07T22:45:00Z,2026-07-08T00:45:00+0200,115.62,EUR/MWh,NL,NL,day_ahead_price,value,2026-08-01T23:22:07Z
2026-08-01T23:18:50Z,2026-08-02T01:18:50+0200,914f204b-61c9-48d9-af2c-6470ecd1bcbf,2026-07-07T23:00:00Z,2026-07-08T01:00:00+0200,127.01,EUR/MWh,NL,NL,day_ahead_price,value,2026-08-01T23:22:07Z
2026-08-01T23:18:50Z,2026-08-02T01:18:50+0200,914f204b-61c9-48d9-af2c-6470ecd1bcbf,2026-07-07T23:15:00Z,2026-07-08T01:15:00+0200,120.23,EUR/MWh,NL,NL,day_ahead_price,value,2026-08-01T23:22:07Z
2026-08-01T23:18:50Z,2026-08-02T01:18:50+0200,914f204b-61c9-48d9-af2c-6470ecd1bcbf,2026-07-07T23:30:00Z,2026-07-08T01:30:00+0200,118.56,EUR/MWh,NL,NL,day_ahead_price,value,2026-08-01T23:22:07Z
2026-08-01T23:18:50Z,2026-08-02T01:18:50+0200,914f204b-61c9-48d9-af2c-6470ecd1bcbf,2026-07-07T23:45:00Z,2026-07-08T01:45:00+0200,111.68,EUR/MWh,NL,NL,day_ahead_price,value,2026-08-01T23:22:07Z
2026-08-01T23:18:50Z,2026-08-02T01:18:50+0200,914f204b-61c9-48d9-af2c-6470ecd1bcbf,2026-07-08T00:00:00Z,2026-07-08T02:00:00+0200,120.56,EUR/MWh,NL,NL,day_ahead_price,value,2026-08-01T23:22:07Z
2026-08-01T23:18:50Z,2026-08-02T01:18:50+0200,914f204b-61c9-48d9-af2c-6470ecd1bcbf,2026-07-08T00:15:00Z,2026-07-08T02:15:00+0200,114.48,EUR/MWh,NL,NL,day_ahead_price,value,2026-08-01T23:22:07Z
2026-08-01T23:18:50Z,2026-08-02T01:18:50+0200,914f204b-61c9-48d9-af2c-6470ecd1bcbf,2026-07-08T00:30:00Z,2026-07-08T02:30:00+0200,114.08,EUR/MWh,NL,NL,day_ahead_price,value,2026-08-01T23:22:07Z
2026-08-01T23:18:50Z,2026-08-02T01:18:50+0200,914f204b-61c9-48d9-af2c-6470ecd1bcbf,2026-07-08T00:45:00Z,2026-07-08T02:45:00+0200,110.51,EUR/MWh,NL,NL,day_ahead_price,value,2026-08-01T23:22:07Z
2026-08-01T23:18:50Z,2026-08-02T01:18:50+0200,914f204b-61c9-48d9-af2c-6470ecd1bcbf,2026-07-08T01:00:00Z,2026-07-08T03:00:00+0200,108.76,EUR/MWh,NL,NL,day_ahead_price,value,2026-08-01T23:22:07Z
2026-08-01T23:18:50Z,2026-08-02T01:18:50+0200,914f204b-61c9-48d9-af2c-6470ecd1bcbf,2026-07-08T01:15:00Z,2026-07-08T03:15:00+0200,111.67,EUR/MWh,NL,NL,day_ahead_price,value,2026-08-01T23:22:07Z
2026-08-01T23:18:50Z,2026-08-02T01:18:50+0200,914f204b-61c9-48d9-af2c-6470ecd1bcbf,2026-07-08T01:30:00Z,2026-07-08T03:30:00+0200,113.55,EUR/MWh,NL,NL,day_ahead_price,value,2026-08-01T23:22:07Z
2026-08-01T23:18:50Z,2026-08-02T01:18:50+0200,914f204b-61c9-48d9-af2c-6470ecd1bcbf,2026-07-08T01:45:00Z,2026-07-08T03:45:00+0200,115.84,EUR/MWh,NL,NL,day_ahead_price,value,2026-08-01T23:22:07Z
2026-08-01T23:18:50Z,2026-08-02T01:18:50+0200,914f204b-61c9-48d9-af2c-6470ecd1bcbf,2026-07-08T02:00:00Z,2026-07-08T04:00:00+0200,112.4,EUR/MWh,NL,NL,day_ahead_price,value,2026-08-01T23:22:07Z
2026-08-01T23:18:50Z,2026-08-02T01:18:50+0200,914f204b-61c9-48d9-af2c-6470ecd1bcbf,2026-07-08T02:15:00Z,2026-07-08T04:15:00+0200,120.5,EUR/MWh,NL,NL,day_ahead_price,value,2026-08-01T23:22:07Z
2026-08-01T23:18:50Z,2026-08-02T01:18:50+0200,914f204b-61c9-48d9-af2c-6470ecd1bcbf,2026-07-08T02:30:00Z,2026-07-08T04:30:00+0200,121.15,EUR/MWh,NL,NL,day_ahead_price,value,2026-08-01T23:22:07Z
2026-08-01T23:18:50Z,2026-08-02T01:18:50+0200,914f204b-61c9-48d9-af2c-6470ecd1bcbf,2026-07-08T02:45:00Z,2026-07-08T04:45:00+0200,125.96,EUR/MWh,NL,NL,day_ahead_price,value,2026-08-01T23:22:07Z
2026-08-01T23:18:50Z,2026-08-02T01:18:50+0200,914f204b-61c9-48d9-af2c-6470ecd1bcbf,2026-07-08T03:00:00Z,2026-07-08T05:00:00+0200,119.88,EUR/MWh,NL,NL,day_ahead_price,value,2026-08-01T23:22:07Z
2026-08-01T23:18:50Z,2026-08-02T01:18:50+0200,914f204b-61c9-48d9-af2c-6470ecd1bcbf,2026-07-08T03:15:00Z,2026-07-08T05:15:00+0200,124.01,EUR/MWh,NL,NL,day_ahead_price,value,2026-08-01T23:22:07Z
2026-08-01T23:18:50Z,2026-08-02T01:18:50+0200,914f204b-61c9-48d9-af2c-6470ecd1bcbf,2026-07-08T03:30:00Z,2026-07-08T05:30:00+0200,125.76,EUR/MWh,NL,NL,day_ahead_price,value,2026-08-01T23:22:07Z
2026-08-01T23:18:50Z,2026-08-02T01:18:50+0200,914f204b-61c9-48d9-af2c-6470ecd1bcbf,2026-07-08T03:45:00Z,2026-07-08T05:45:00+0200,126.35,EUR/MWh,NL,NL,day_ahead_price,value,2026-08-01T23:22:07Z
2026-08-01T23:18:50Z,2026-08-02T01:18:50+0200,914f204b-61c9-48d9-af2c-6470ecd1bcbf,2026-07-08T04:00:00Z,2026-07-08T06:00:00+0200,134.22,EUR/MWh,NL,NL,day_ahead_price,value,2026-08-01T23:22:07Z
2026-08-01T23:18:50Z,2026-08-02T01:18:50+0200,914f204b-61c9-48d9-af2c-6470ecd1bcbf,2026-07-08T04:15:00Z,2026-07-08T06:15:00+0200,137.29,EUR/MWh,NL,NL,day_ahead_price,value,2026-08-01T23:22:07Z
2026-08-01T23:18:50Z,2026-08-02T01:18:50+0200,914f204b-61c9-48d9-af2c-6470ecd1bcbf,2026-07-08T04:30:00Z,2026-07-08T06:30:00+0200,139.64,EUR/MWh,NL,NL,day_ahead_price,value,2026-08-01T23:22:07Z
2026-08-01T23:18:50Z,2026-08-02T01:18:50+0200,914f204b-61c9-48d9-af2c-6470ecd1bcbf,2026-07-08T04:45:00Z,2026-07-08T06:45:00+0200,139.06,EUR/MWh,NL,NL,day_ahead_price,value,2026-08-01T23:22:07Z
2026-08-01T23:18:50Z,2026-08-02T01:18:50+0200,914f204b-61c9-48d9-af2c-6470ecd1bcbf,2026-07-08T05:00:00Z,2026-07-08T07:00:00+0200,140.71,EUR/MWh,NL,NL,day_ahead_price,value,2026-08-01T23:22:07Z
2026-08-01T23:18:50Z,2026-08-02T01:18:50+0200,914f204b-61c9-48d9-af2c-6470ecd1bcbf,2026-07-08T05:15:00Z,2026-07-08T07:15:00+0200,138.66,EUR/MWh,NL,NL,day_ahead_price,value,2026-08-01T23:22:07Z
2026-08-01T23:18:50Z,2026-08-02T01:18:50+0200,914f204b-61c9-48d9-af2c-6470ecd1bcbf,2026-07-08T05:30:00Z,2026-07-08T07:30:00+0200,136.23,EUR/MWh,NL,NL,day_ahead_price,value,2026-08-01T23:22:07Z
2026-08-01T23:18:50Z,2026-08-02T01:18:50+0200,914f204b-61c9-48d9-af2c-6470ecd1bcbf,2026-07-08T05:45:00Z,2026-07-08T07:45:00+0200,129.79,EUR/MWh,NL,NL,day_ahead_price,value,2026-08-01T23:22:07Z
2026-08-01T23:18:50Z,2026-08-02T01:18:50+0200,914f204b-61c9-48d9-af2c-6470ecd1bcbf,2026-07-08T06:00:00Z,2026-07-08T08:00:00+0200,148.88,EUR/MWh,NL,NL,day_ahead_price,value,2026-08-01T23:22:07Z
2026-08-01T23:18:50Z,2026-08-02T01:18:50+0200,914f204b-61c9-48d9-af2c-6470ecd1bcbf,2026-07-08T06:15:00Z,2026-07-08T08:15:00+0200,140.71,EUR/MWh,NL,NL,day_ahead_price,value,2026-08-01T23:22:07Z
2026-08-01T23:18:50Z,2026-08-02T01:18:50+0200,914f204b-61c9-48d9-af2c-6470ecd1bcbf,2026-07-08T06:30:00Z,2026-07-08T08:30:00+0200,128.89,EUR/MWh,NL,NL,day_ahead_price,value,2026-08-01T23:22:07Z
2026-08-01T23:18:50Z,2026-08-02T01:18:50+0200,914f204b-61c9-48d9-af2c-6470ecd1bcbf,2026-07-08T06:45:00Z,2026-07-08T08:45:00+0200,126.44,EUR/MWh,NL,NL,day_ahead_price,value,2026-08-01T23:22:07Z
2026-08-01T23:18:50Z,2026-08-02T01:18:50+0200,914f204b-61c9-48d9-af2c-6470ecd1bcbf,2026-07-08T07:00:00Z,2026-07-08T09:00:00+0200,138.28,EUR/MWh,NL,NL,day_ahead_price,value,2026-08-01T23:22:07Z
2026-08-01T23:18:50Z,2026-08-02T01:18:50+0200,914f204b-61c9-48d9-af2c-6470ecd1bcbf,2026-07-08T07:15:00Z,2026-07-08T09:15:00+0200,131.83,EUR/MWh,NL,NL,day_ahead_price,value,2026-08-01T23:22:07Z
2026-08-01T23:18:50Z,2026-08-02T01:18:50+0200,914f204b-61c9-48d9-af2c-6470ecd1bcbf,2026-07-08T07:30:00Z,2026-07-08T09:30:00+0200,101.83,EUR/MWh,NL,NL,day_ahead_price,value,2026-08-01T23:22:07Z
2026-08-01T23:18:50Z,2026-08-02T01:18:50+0200,914f204b-61c9-48d9-af2c-6470ecd1bcbf,2026-07-08T07:45:00Z,2026-07-08T09:45:00+0200,93.72,EUR/MWh,NL,NL,day_ahead_price,value,2026-08-01T23:22:07Z
2026-08-01T23:18:50Z,2026-08-02T01:18:50+0200,914f204b-61c9-48d9-af2c-6470ecd1bcbf,2026-07-08T08:00:00Z,2026-07-08T10:00:00+0200,107.66,EUR/MWh,NL,NL,day_ahead_price,value,2026-08-01T23:22:07Z
2026-08-01T23:18:50Z,2026-08-02T01:18:50+0200,914f204b-61c9-48d9-af2c-6470ecd1bcbf,2026-07-08T08:15:00Z,2026-07-08T10:15:00+0200,100.32,EUR/MWh,NL,NL,day_ahead_price,value,2026-08-01T23:22:07Z
2026-08-01T23:18:50Z,2026-08-02T01:18:50+0200,914f204b-61c9-48d9-af2c-6470ecd1bcbf,2026-07-08T08:30:00Z,2026-07-08T10:30:00+0200,98.57,EUR/MWh,NL,NL,day_ahead_price,value,2026-08-01T23:22:07Z
2026-08-01T23:18:50Z,2026-08-02T01:18:50+0200,914f204b-61c9-48d9-af2c-6470ecd1bcbf,2026-07-08T08:45:00Z,2026-07-08T10:45:00+0200,95.3,EUR/MWh,NL,NL,day_ahead_price,value,2026-08-01T23:22:07Z
2026-08-01T23:18:50Z,2026-08-02T01:18:50+0200,914f204b-61c9-48d9-af2c-6470ecd1bcbf,2026-07-08T09:00:00Z,2026-07-08T11:00:00+0200,102.51,EUR/MWh,NL,NL,day_ahead_price,value,2026-08-01T23:22:07Z
2026-08-01T23:18:50Z,2026-08-02T01:18:50+0200,914f204b-61c9-48d9-af2c-6470ecd1bcbf,2026-07-08T09:15:00Z,2026-07-08T11:15:00+0200,94.18,EUR/MWh,NL,NL,day_ahead_price,value,2026-08-01T23:22:07Z
2026-08-01T23:18:50Z,2026-08-02T01:18:50+0200,914f204b-61c9-48d9-af2c-6470ecd1bcbf,2026-07-08T09:30:00Z,2026-07-08T11:30:00+0200,91.96,EUR/MWh,NL,NL,day_ahead_price,value,2026-08-01T23:22:07Z
2026-08-01T23:18:50Z,2026-08-02T01:18:50+0200,914f204b-61c9-48d9-af2c-6470ecd1bcbf,2026-07-08T09:45:00Z,2026-07-08T11:45:00+0200,77.39,EUR/MWh,NL,NL,day_ahead_price,value,2026-08-01T23:22:07Z
2026-08-01T23:18:50Z,2026-08-02T01:18:50+0200,914f204b-61c9-48d9-af2c-6470ecd1bcbf,2026-07-08T10:00:00Z,2026-07-08T12:00:00+0200,70.17,EUR/MWh,NL,NL,day_ahead_price,value,2026-08-01T23:22:07Z
2026-08-01T23:18:50Z,2026-08-02T01:18:50+0200,914f204b-61c9-48d9-af2c-6470ecd1bcbf,2026-07-08T10:15:00Z,2026-07-08T12:15:00+0200,80.1,EUR/MWh,NL,NL,day_ahead_price,value,2026-08-01T23:22:07Z
2026-08-01T23:18:50Z,2026-08-02T01:18:50+0200,914f204b-61c9-48d9-af2c-6470ecd1bcbf,2026-07-08T10:30:00Z,2026-07-08T12:30:00+0200,70.04,EUR/MWh,NL,NL,day_ahead_price,value,2026-08-01T23:22:07Z
2026-08-01T23:18:50Z,2026-08-02T01:18:50+0200,914f204b-61c9-48d9-af2c-6470ecd1bcbf,2026-07-08T10:45:00Z,2026-07-08T12:45:00+0200,56.92,EUR/MWh,NL,NL,day_ahead_price,value,2026-08-01T23:22:07Z
2026-08-01T23:18:50Z,2026-08-02T01:18:50+0200,914f204b-61c9-48d9-af2c-6470ecd1bcbf,2026-07-08T11:00:00Z,2026-07-08T13:00:00+0200,62.71,EUR/MWh,NL,NL,day_ahead_price,value,2026-08-01T23:22:07Z
2026-08-01T23:18:50Z,2026-08-02T01:18:50+0200,914f204b-61c9-48d9-af2c-6470ecd1bcbf,2026-07-08T11:15:00Z,2026-07-08T13:15:00+0200,50.4,EUR/MWh,NL,NL,day_ahead_price,value,2026-08-01T23:22:07Z
2026-08-01T23:18:50Z,2026-08-02T01:18:50+0200,914f204b-61c9-48d9-af2c-6470ecd1bcbf,2026-07-08T11:30:00Z,2026-07-08T13:30:00+0200,59.3,EUR/MWh,NL,NL,day_ahead_price,value,2026-08-01T23:22:07Z
2026-08-01T23:18:50Z,2026-08-02T01:18:50+0200,914f204b-61c9-48d9-af2c-6470ecd1bcbf,2026-07-08T11:45:00Z,2026-07-08T13:45:00+0200,55.23,EUR/MWh,NL,NL,day_ahead_price,value,2026-08-01T23:22:07Z
2026-08-01T23:18:50Z,2026-08-02T01:18:50+0200,914f204b-61c9-48d9-af2c-6470ecd1bcbf,2026-07-08T12:00:00Z,2026-07-08T14:00:00+0200,65.9,EUR/MWh,NL,NL,day_ahead_price,value,2026-08-01T23:22:07Z
2026-08-01T23:18:50Z,2026-08-02T01:18:50+0200,914f204b-61c9-48d9-af2c-6470ecd1bcbf,2026-07-08T12:15:00Z,2026-07-08T14:15:00+0200,56.89,EUR/MWh,NL,NL,day_ahead_price,value,2026-08-01T23:22:07Z
2026-08-01T23:18:50Z,2026-08-02T01:18:50+0200,914f204b-61c9-48d9-af2c-6470ecd1bcbf,2026-07-08T12:30:00Z,2026-07-08T14:30:00+0200,57.3,EUR/MWh,NL,NL,day_ahead_price,value,2026-08-01T23:22:07Z
2026-08-01T23:18:50Z,2026-08-02T01:18:50+0200,914f204b-61c9-48d9-af2c-6470ecd1bcbf,2026-07-08T12:45:00Z,2026-07-08T14:45:00+0200,55.91,EUR/MWh,NL,NL,day_ahead_price,value,2026-08-01T23:22:07Z
2026-08-01T23:18:50Z,2026-08-02T01:18:50+0200,914f204b-61c9-48d9-af2c-6470ecd1bcbf,2026-07-08T13:00:00Z,2026-07-08T15:00:00+0200,44.03,EUR/MWh,NL,NL,day_ahead_price,value,2026-08-01T23:22:07Z
2026-08-01T23:18:50Z,2026-08-02T01:18:50+0200,914f204b-61c9-48d9-af2c-6470ecd1bcbf,2026-07-08T13:15:00Z,2026-07-08T15:15:00+0200,53.02,EUR/MWh,NL,NL,day_ahead_price,value,2026-08-01T23:22:07Z
2026-08-01T23:18:50Z,2026-08-02T01:18:50+0200,914f204b-61c9-48d9-af2c-6470ecd1bcbf,2026-07-08T13:30:00Z,2026-07-08T15:30:00+0200,60.08,EUR/MWh,NL,NL,day_ahead_price,value,2026-08-01T23:22:07Z
2026-08-01T23:18:50Z,2026-08-02T01:18:50+0200,914f204b-61c9-48d9-af2c-6470ecd1bcbf,2026-07-08T13:45:00Z,2026-07-08T15:45:00+0200,66.47,EUR/MWh,NL,NL,day_ahead_price,value,2026-08-01T23:22:07Z
2026-08-01T23:18:50Z,2026-08-02T01:18:50+0200,914f204b-61c9-48d9-af2c-6470ecd1bcbf,2026-07-08T14:00:00Z,2026-07-08T16:00:00+0200,59.15,EUR/MWh,NL,NL,day_ahead_price,value,2026-08-01T23:22:07Z
2026-08-01T23:18:50Z,2026-08-02T01:18:50+0200,914f204b-61c9-48d9-af2c-6470ecd1bcbf,2026-07-08T14:15:00Z,2026-07-08T16:15:00+0200,51.09,EUR/MWh,NL,NL,day_ahead_price,value,2026-08-01T23:22:07Z
2026-08-01T23:18:50Z,2026-08-02T01:18:50+0200,914f204b-61c9-48d9-af2c-6470ecd1bcbf,2026-07-08T14:30:00Z,2026-07-08T16:30:00+0200,77.13,EUR/MWh,NL,NL,day_ahead_price,value,2026-08-01T23:22:07Z
2026-08-01T23:18:50Z,2026-08-02T01:18:50+0200,914f204b-61c9-48d9-af2c-6470ecd1bcbf,2026-07-08T14:45:00Z,2026-07-08T16:45:00+0200,99.56,EUR/MWh,NL,NL,day_ahead_price,value,2026-08-01T23:22:07Z
2026-08-01T23:18:50Z,2026-08-02T01:18:50+0200,914f204b-61c9-48d9-af2c-6470ecd1bcbf,2026-07-08T15:00:00Z,2026-07-08T17:00:00+0200,78.76,EUR/MWh,NL,NL,day_ahead_price,value,2026-08-01T23:22:07Z
2026-08-01T23:18:50Z,2026-08-02T01:18:50+0200,914f204b-61c9-48d9-af2c-6470ecd1bcbf,2026-07-08T15:15:00Z,2026-07-08T17:15:00+0200,88.18,EUR/MWh,NL,NL,day_ahead_price,value,2026-08-01T23:22:07Z
2026-08-01T23:18:50Z,2026-08-02T01:18:50+0200,914f204b-61c9-48d9-af2c-6470ecd1bcbf,2026-07-08T15:30:00Z,2026-07-08T17:30:00+0200,85.9,EUR/MWh,NL,NL,day_ahead_price,value,2026-08-01T23:22:07Z
2026-08-01T23:18:50Z,2026-08-02T01:18:50+0200,914f204b-61c9-48d9-af2c-6470ecd1bcbf,2026-07-08T15:45:00Z,2026-07-08T17:45:00+0200,90.19,EUR/MWh,NL,NL,day_ahead_price,value,2026-08-01T23:22:07Z
2026-08-01T23:18:50Z,2026-08-02T01:18:50+0200,914f204b-61c9-48d9-af2c-6470ecd1bcbf,2026-07-08T16:00:00Z,2026-07-08T18:00:00+0200,87.72,EUR/MWh,NL,NL,day_ahead_price,value,2026-08-01T23:22:07Z
2026-08-01T23:18:50Z,2026-08-02T01:18:50+0200,914f204b-61c9-48d9-af2c-6470ecd1bcbf,2026-07-08T16:15:00Z,2026-07-08T18:15:00+0200,95.99,EUR/MWh,NL,NL,day_ahead_price,value,2026-08-01T23:22:07Z
2026-08-01T23:18:50Z,2026-08-02T01:18:50+0200,914f204b-61c9-48d9-af2c-6470ecd1bcbf,2026-07-08T16:30:00Z,2026-07-08T18:30:00+0200,114.32,EUR/MWh,NL,NL,day_ahead_price,value,2026-08-01T23:22:07Z
2026-08-01T23:18:50Z,2026-08-02T01:18:50+0200,914f204b-61c9-48d9-af2c-6470ecd1bcbf,2026-07-08T16:45:00Z,2026-07-08T18:45:00+0200,132.81,EUR/MWh,NL,NL,day_ahead_price,value,2026-08-01T23:22:07Z
2026-08-01T23:18:50Z,2026-08-02T01:18:50+0200,914f204b-61c9-48d9-af2c-6470ecd1bcbf,2026-07-08T17:00:00Z,2026-07-08T19:00:00+0200,120.16,EUR/MWh,NL,NL,day_ahead_price,value,2026-08-01T23:22:07Z
2026-08-01T23:18:50Z,2026-08-02T01:18:50+0200,914f204b-61c9-48d9-af2c-6470ecd1bcbf,2026-07-08T17:15:00Z,2026-07-08T19:15:00+0200,135.44,EUR/MWh,NL,NL,day_ahead_price,value,2026-08-01T23:22:07Z
2026-08-01T23:18:50Z,2026-08-02T01:18:50+0200,914f204b-61c9-48d9-af2c-6470ecd1bcbf,2026-07-08T17:30:00Z,2026-07-08T19:30:00+0200,139.44,EUR/MWh,NL,NL,day_ahead_price,value,2026-08-01T23:22:07Z
2026-08-01T23:18:50Z,2026-08-02T01:18:50+0200,914f204b-61c9-48d9-af2c-6470ecd1bcbf,2026-07-08T17:45:00Z,2026-07-08T19:45:00+0200,153.71,EUR/MWh,NL,NL,day_ahead_price,value,2026-08-01T23:22:07Z
2026-08-01T23:18:50Z,2026-08-02T01:18:50+0200,914f204b-61c9-48d9-af2c-6470ecd1bcbf,2026-07-08T18:00:00Z,2026-07-08T20:00:00+0200,133.66,EUR/MWh,NL,NL,day_ahead_price,value,2026-08-01T23:22:07Z
2026-08-01T23:18:50Z,2026-08-02T01:18:50+0200,914f204b-61c9-48d9-af2c-6470ecd1bcbf,2026-07-08T18:15:00Z,2026-07-08T20:15:00+0200,147.82,EUR/MWh,NL,NL,day_ahead_price,value,2026-08-01T23:22:07Z
2026-08-01T23:18:50Z,2026-08-02T01:18:50+0200,914f204b-61c9-48d9-af2c-6470ecd1bcbf,2026-07-08T18:30:00Z,2026-07-08T20:30:00+0200,158.86,EUR/MWh,NL,NL,day_ahead_price,value,2026-08-01T23:22:07Z
2026-08-01T23:18:50Z,2026-08-02T01:18:50+0200,914f204b-61c9-48d9-af2c-6470ecd1bcbf,2026-07-08T18:45:00Z,2026-07-08T20:45:00+0200,174.84,EUR/MWh,NL,NL,day_ahead_price,value,2026-08-01T23:22:07Z
2026-08-01T23:18:50Z,2026-08-02T01:18:50+0200,914f204b-61c9-48d9-af2c-6470ecd1bcbf,2026-07-08T19:00:00Z,2026-07-08T21:00:00+0200,164.78,EUR/MWh,NL,NL,day_ahead_price,value,2026-08-01T23:22:07Z
2026-08-01T23:18:50Z,2026-08-02T01:18:50+0200,914f204b-61c9-48d9-af2c-6470ecd1bcbf,2026-07-08T19:15:00Z,2026-07-08T21:15:00+0200,161.07,EUR/MWh,NL,NL,day_ahead_price,value,2026-08-01T23:22:07Z
2026-08-01T23:18:50Z,2026-08-02T01:18:50+0200,914f204b-61c9-48d9-af2c-6470ecd1bcbf,2026-07-08T19:30:00Z,2026-07-08T21:30:00+0200,163.17,EUR/MWh,NL,NL,day_ahead_price,value,2026-08-01T23:22:07Z
2026-08-01T23:18:50Z,2026-08-02T01:18:50+0200,914f204b-61c9-48d9-af2c-6470ecd1bcbf,2026-07-08T19:45:00Z,2026-07-08T21:45:00+0200,159.73,EUR/MWh,NL,NL,day_ahead_price,value,2026-08-01T23:22:07Z
2026-08-01T23:18:50Z,2026-08-02T01:18:50+0200,914f204b-61c9-48d9-af2c-6470ecd1bcbf,2026-07-08T20:00:00Z,2026-07-08T22:00:00+0200,167.11,EUR/MWh,NL,NL,day_ahead_price,value,2026-08-01T23:22:07Z
2026-08-01T23:18:50Z,2026-08-02T01:18:50+0200,914f204b-61c9-48d9-af2c-6470ecd1bcbf,2026-07-08T20:15:00Z,2026-07-08T22:15:00+0200,163.15,EUR/MWh,NL,NL,day_ahead_price,value,2026-08-01T23:22:07Z
2026-08-01T23:18:50Z,2026-08-02T01:18:50+0200,914f204b-61c9-48d9-af2c-6470ecd1bcbf,2026-07-08T20:30:00Z,2026-07-08T22:30:00+0200,159.66,EUR/MWh,NL,NL,day_ahead_price,value,2026-08-01T23:22:07Z
2026-08-01T23:18:50Z,2026-08-02T01:18:50+0200,914f204b-61c9-48d9-af2c-6470ecd1bcbf,2026-07-08T20:45:00Z,2026-07-08T22:45:00+0200,147.1,EUR/MWh,NL,NL,day_ahead_price,value,2026-08-01T23:22:07Z
2026-08-01T23:18:50Z,2026-08-02T01:18:50+0200,914f204b-61c9-48d9-af2c-6470ecd1bcbf,2026-07-08T21:00:00Z,2026-07-08T23:00:00+0200,154.21,EUR/MWh,NL,NL,day_ahead_price,value,2026-08-01T23:22:07Z
2026-08-01T23:18:50Z,2026-08-02T01:18:50+0200,914f204b-61c9-48d9-af2c-6470ecd1bcbf,2026-07-08T21:15:00Z,2026-07-08T23:15:00+0200,145.52,EUR/MWh,NL,NL,day_ahead_price,value,2026-08-01T23:22:07Z
2026-08-01T23:18:50Z,2026-08-02T01:18:50+0200,914f204b-61c9-48d9-af2c-6470ecd1bcbf,2026-07-08T21:30:00Z,2026-07-08T23:30:00+0200,144.53,EUR/MWh,NL,NL,day_ahead_price,value,2026-08-01T23:22:07Z
2026-08-01T23:18:50Z,2026-08-02T01:18:50+0200,914f204b-61c9-48d9-af2c-6470ecd1bcbf,2026-07-08T21:45:00Z,2026-07-08T23:45:00+0200,137.9,EUR/MWh,NL,NL,day_ahead_price,value,2026-08-01T23:22:07Z
2026-08-01T23:18:50Z,2026-08-02T01:18:50+0200,914f204b-61c9-48d9-af2c-6470ecd1bcbf,2026-07-08T22:00:00Z,2026-07-09T00:00:00+0200,152.04,EUR/MWh,NL,NL,day_ahead_price,value,2026-08-01T23:22:07Z
2026-08-01T23:18:50Z,2026-08-02T01:18:50+0200,914f204b-61c9-48d9-af2c-6470ecd1bcbf,2026-07-08T22:15:00Z,2026-07-09T00:15:00+0200,145.0,EUR/MWh,NL,NL,day_ahead_price,value,2026-08-01T23:22:07Z
2026-08-01T23:18:50Z,2026-08-02T01:18:50+0200,914f204b-61c9-48d9-af2c-6470ecd1bcbf,2026-07-08T22:30:00Z,2026-07-09T00:30:00+0200,137.09,EUR/MWh,NL,NL,day_ahead_price,value,2026-08-01T23:22:07Z
2026-08-01T23:18:50Z,2026-08-02T01:18:50+0200,914f204b-61c9-48d9-af2c-6470ecd1bcbf,2026-07-08T22:45:00Z,2026-07-09T00:45:00+0200,131.51,EUR/MWh,NL,NL,day_ahead_price,value,2026-08-01T23:22:07Z
2026-08-01T23:18:50Z,2026-08-02T01:18:50+0200,914f204b-61c9-48d9-af2c-6470ecd1bcbf,2026-07-08T23:00:00Z,2026-07-09T01:00:00+0200,141.66,EUR/MWh,NL,NL,day_ahead_price,value,2026-08-01T23:22:07Z
2026-08-01T23:18:50Z,2026-08-02T01:18:50+0200,914f204b-61c9-48d9-af2c-6470ecd1bcbf,2026-07-08T23:15:00Z,2026-07-09T01:15:00+0200,134.28,EUR/MWh,NL,NL,day_ahead_price,value,2026-08-01T23:22:07Z
2026-08-01T23:18:50Z,2026-08-02T01:18:50+0200,914f204b-61c9-48d9-af2c-6470ecd1bcbf,2026-07-08T23:30:00Z,2026-07-09T01:30:00+0200,130.98,EUR/MWh,NL,NL,day_ahead_price,value,2026-08-01T23:22:07Z
2026-08-01T23:18:50Z,2026-08-02T01:18:50+0200,914f204b-61c9-48d9-af2c-6470ecd1bcbf,2026-07-08T23:45:00Z,2026-07-09T01:45:00+0200,129.24,EUR/MWh,NL,NL,day_ahead_price,value,2026-08-01T23:22:07Z
2026-08-01T23:18:50Z,2026-08-02T01:18:50+0200,914f204b-61c9-48d9-af2c-6470ecd1bcbf,2026-07-09T00:00:00Z,2026-07-09T02:00:00+0200,128.53,EUR/MWh,NL,NL,day_ahead_price,value,2026-08-01T23:22:07Z
2026-08-01T23:18:50Z,2026-08-02T01:18:50+0200,914f204b-61c9-48d9-af2c-6470ecd1bcbf,2026-07-09T00:15:00Z,2026-07-09T02:15:00+0200,127.56,EUR/MWh,NL,NL,day_ahead_price,value,2026-08-01T23:22:07Z
2026-08-01T23:18:50Z,2026-08-02T01:18:50+0200,914f204b-61c9-48d9-af2c-6470ecd1bcbf,2026-07-09T00:30:00Z,2026-07-09T02:30:00+0200,127.06,EUR/MWh,NL,NL,day_ahead_price,value,2026-08-01T23:22:07Z
2026-08-01T23:18:50Z,2026-08-02T01:18:50+0200,914f204b-61c9-48d9-af2c-6470ecd1bcbf,2026-07-09T00:45:00Z,2026-07-09T02:45:00+0200,127.85,EUR/MWh,NL,NL,day_ahead_price,value,2026-08-01T23:22:07Z
2026-08-01T23:18:50Z,2026-08-02T01:18:50+0200,914f204b-61c9-48d9-af2c-6470ecd1bcbf,2026-07-09T01:00:00Z,2026-07-09T03:00:00+0200,123.44,EUR/MWh,NL,NL,day_ahead_price,value,2026-08-01T23:22:07Z
2026-08-01T23:18:50Z,2026-08-02T01:18:50+0200,914f204b-61c9-48d9-af2c-6470ecd1bcbf,2026-07-09T01:15:00Z,2026-07-09T03:15:00+0200,123.41,EUR/MWh,NL,NL,day_ahead_price,value,2026-08-01T23:22:07Z
2026-08-01T23:18:50Z,2026-08-02T01:18:50+0200,914f204b-61c9-48d9-af2c-6470ecd1bcbf,2026-07-09T01:30:00Z,2026-07-09T03:30:00+0200,124.61,EUR/MWh,NL,NL,day_ahead_price,value,2026-08-01T23:22:07Z
2026-08-01T23:18:50Z,2026-08-02T01:18:50+0200,914f204b-61c9-48d9-af2c-6470ecd1bcbf,2026-07-09T01:45:00Z,2026-07-09T03:45:00+0200,124.95,EUR/MWh,NL,NL,day_ahead_price,value,2026-08-01T23:22:07Z
2026-08-01T23:18:50Z,2026-08-02T01:18:50+0200,914f204b-61c9-48d9-af2c-6470ecd1bcbf,2026-07-09T02:00:00Z,2026-07-09T04:00:00+0200,119.42,EUR/MWh,NL,NL,day_ahead_price,value,2026-08-01T23:22:07Z
2026-08-01T23:18:50Z,2026-08-02T01:18:50+0200,914f204b-61c9-48d9-af2c-6470ecd1bcbf,2026-07-09T02:15:00Z,2026-07-09T04:15:00+0200,123.37,EUR/MWh,NL,NL,day_ahead_price,value,2026-08-01T23:22:07Z
2026-08-01T23:18:50Z,2026-08-02T01:18:50+0200,914f204b-61c9-48d9-af2c-6470ecd1bcbf,2026-07-09T02:30:00Z,2026-07-09T04:30:00+0200,125.94,EUR/MWh,NL,NL,day_ahead_price,value,2026-08-01T23:22:07Z
2026-08-01T23:18:50Z,2026-08-02T01:18:50+0200,914f204b-61c9-48d9-af2c-6470ecd1bcbf,2026-07-09T02:45:00Z,2026-07-09T04:45:00+0200,129.33,EUR/MWh,NL,NL,day_ahead_price,value,2026-08-01T23:22:07Z
2026-08-01T23:18:50Z,2026-08-02T01:18:50+0200,914f204b-61c9-48d9-af2c-6470ecd1bcbf,2026-07-09T03:00:00Z,2026-07-09T05:00:00+0200,127.79,EUR/MWh,NL,NL,day_ahead_price,value,2026-08-01T23:22:07Z
2026-08-01T23:18:50Z,2026-08-02T01:18:50+0200,914f204b-61c9-48d9-af2c-6470ecd1bcbf,2026-07-09T03:15:00Z,2026-07-09T05:15:00+0200,131.66,EUR/MWh,NL,NL,day_ahead_price,value,2026-08-01T23:22:07Z
2026-08-01T23:18:50Z,2026-08-02T01:18:50+0200,914f204b-61c9-48d9-af2c-6470ecd1bcbf,2026-07-09T03:30:00Z,2026-07-09T05:30:00+0200,135.0,EUR/MWh,NL,NL,day_ahead_price,value,2026-08-01T23:22:07Z
2026-08-01T23:18:50Z,2026-08-02T01:18:50+0200,914f204b-61c9-48d9-af2c-6470ecd1bcbf,2026-07-09T03:45:00Z,2026-07-09T05:45:00+0200,141.3,EUR/MWh,NL,NL,day_ahead_price,value,2026-08-01T23:22:07Z
2026-08-01T23:18:50Z,2026-08-02T01:18:50+0200,914f204b-61c9-48d9-af2c-6470ecd1bcbf,2026-07-09T04:00:00Z,2026-07-09T06:00:00+0200,149.16,EUR/MWh,NL,NL,day_ahead_price,value,2026-08-01T23:22:07Z
2026-08-01T23:18:50Z,2026-08-02T01:18:50+0200,914f204b-61c9-48d9-af2c-6470ecd1bcbf,2026-07-09T04:15:00Z,2026-07-09T06:15:00+0200,156.51,EUR/MWh,NL,NL,day_ahead_price,value,2026-08-01T23:22:07Z
2026-08-01T23:18:50Z,2026-08-02T01:18:50+0200,914f204b-61c9-48d9-af2c-6470ecd1bcbf,2026-07-09T04:30:00Z,2026-07-09T06:30:00+0200,162.55,EUR/MWh,NL,NL,day_ahead_price,value,2026-08-01T23:22:07Z
2026-08-01T23:18:50Z,2026-08-02T01:18:50+0200,914f204b-61c9-48d9-af2c-6470ecd1bcbf,2026-07-09T04:45:00Z,2026-07-09T06:45:00+0200,152.53,EUR/MWh,NL,NL,day_ahead_price,value,2026-08-01T23:22:07Z
2026-08-01T23:18:50Z,2026-08-02T01:18:50+0200,914f204b-61c9-48d9-af2c-6470ecd1bcbf,2026-07-09T05:00:00Z,2026-07-09T07:00:00+0200,169.87,EUR/MWh,NL,NL,day_ahead_price,value,2026-08-01T23:22:07Z
2026-08-01T23:18:50Z,2026-08-02T01:18:50+0200,914f204b-61c9-48d9-af2c-6470ecd1bcbf,2026-07-09T05:15:00Z,2026-07-09T07:15:00+0200,151.65,EUR/MWh,NL,NL,day_ahead_price,value,2026-08-01T23:22:07Z
2026-08-01T23:18:50Z,2026-08-02T01:18:50+0200,914f204b-61c9-48d9-af2c-6470ecd1bcbf,2026-07-09T05:30:00Z,2026-07-09T07:30:00+0200,143.06,EUR/MWh,NL,NL,day_ahead_price,value,2026-08-01T23:22:07Z
2026-08-01T23:18:50Z,2026-08-02T01:18:50+0200,914f204b-61c9-48d9-af2c-6470ecd1bcbf,2026-07-09T05:45:00Z,2026-07-09T07:45:00+0200,132.17,EUR/MWh,NL,NL,day_ahead_price,value,2026-08-01T23:22:07Z
2026-08-01T23:18:50Z,2026-08-02T01:18:50+0200,914f204b-61c9-48d9-af2c-6470ecd1bcbf,2026-07-09T06:00:00Z,2026-07-09T08:00:00+0200,154.08,EUR/MWh,NL,NL,day_ahead_price,value,2026-08-01T23:22:07Z
2026-08-01T23:18:50Z,2026-08-02T01:18:50+0200,914f204b-61c9-48d9-af2c-6470ecd1bcbf,2026-07-09T06:15:00Z,2026-07-09T08:15:00+0200,139.93,EUR/MWh,NL,NL,day_ahead_price,value,2026-08-01T23:22:07Z
2026-08-01T23:18:50Z,2026-08-02T01:18:50+0200,914f204b-61c9-48d9-af2c-6470ecd1bcbf,2026-07-09T06:30:00Z,2026-07-09T08:30:00+0200,134.85,EUR/MWh,NL,NL,day_ahead_price,value,2026-08-01T23:22:07Z
2026-08-01T23:18:50Z,2026-08-02T01:18:50+0200,914f204b-61c9-48d9-af2c-6470ecd1bcbf,2026-07-09T06:45:00Z,2026-07-09T08:45:00+0200,125.62,EUR/MWh,NL,NL,day_ahead_price,value,2026-08-01T23:22:07Z
2026-08-01T23:18:50Z,2026-08-02T01:18:50+0200,914f204b-61c9-48d9-af2c-6470ecd1bcbf,2026-07-09T07:00:00Z,2026-07-09T09:00:00+0200,132.56,EUR/MWh,NL,NL,day_ahead_price,value,2026-08-01T23:22:07Z
2026-08-01T23:18:50Z,2026-08-02T01:18:50+0200,914f204b-61c9-48d9-af2c-6470ecd1bcbf,2026-07-09T07:15:00Z,2026-07-09T09:15:00+0200,123.24,EUR/MWh,NL,NL,day_ahead_price,value,2026-08-01T23:22:07Z
2026-08-01T23:18:50Z,2026-08-02T01:18:50+0200,914f204b-61c9-48d9-af2c-6470ecd1bcbf,2026-07-09T07:30:00Z,2026-07-09T09:30:00+0200,123.48,EUR/MWh,NL,NL,day_ahead_price,value,2026-08-01T23:22:07Z
2026-08-01T23:18:50Z,2026-08-02T01:18:50+0200,914f204b-61c9-48d9-af2c-6470ecd1bcbf,2026-07-09T07:45:00Z,2026-07-09T09:45:00+0200,117.34,EUR/MWh,NL,NL,day_ahead_price,value,2026-08-01T23:22:07Z
2026-08-01T23:18:50Z,2026-08-02T01:18:50+0200,914f204b-61c9-48d9-af2c-6470ecd1bcbf,2026-07-09T08:00:00Z,2026-07-09T10:00:00+0200,120.64,EUR/MWh,NL,NL,day_ahead_price,value,2026-08-01T23:22:07Z
2026-08-01T23:18:50Z,2026-08-02T01:18:50+0200,914f204b-61c9-48d9-af2c-6470ecd1bcbf,2026-07-09T08:15:00Z,2026-07-09T10:15:00+0200,116.1,EUR/MWh,NL,NL,day_ahead_price,value,2026-08-01T23:22:07Z
2026-08-01T23:18:50Z,2026-08-02T01:18:50+0200,914f204b-61c9-48d9-af2c-6470ecd1bcbf,2026-07-09T08:30:00Z,2026-07-09T10:30:00+0200,110.49,EUR/MWh,NL,NL,day_ahead_price,value,2026-08-01T23:22:07Z
2026-08-01T23:18:50Z,2026-08-02T01:18:50+0200,914f204b-61c9-48d9-af2c-6470ecd1bcbf,2026-07-09T08:45:00Z,2026-07-09T10:45:00+0200,101.99,EUR/MWh,NL,NL,day_ahead_price,value,2026-08-01T23:22:07Z
2026-08-01T23:18:50Z,2026-08-02T01:18:50+0200,914f204b-61c9-48d9-af2c-6470ecd1bcbf,2026-07-09T09:00:00Z,2026-07-09T11:00:00+0200,122.83,EUR/MWh,NL,NL,day_ahead_price,value,2026-08-01T23:22:07Z
2026-08-01T23:18:50Z,2026-08-02T01:18:50+0200,914f204b-61c9-48d9-af2c-6470ecd1bcbf,2026-07-09T09:15:00Z,2026-07-09T11:15:00+0200,99.6,EUR/MWh,NL,NL,day_ahead_price,value,2026-08-01T23:22:07Z
2026-08-01T23:18:50Z,2026-08-02T01:18:50+0200,914f204b-61c9-48d9-af2c-6470ecd1bcbf,2026-07-09T09:30:00Z,2026-07-09T11:30:00+0200,94.54,EUR/MWh,NL,NL,day_ahead_price,value,2026-08-01T23:22:07Z
2026-08-01T23:18:50Z,2026-08-02T01:18:50+0200,914f204b-61c9-48d9-af2c-6470ecd1bcbf,2026-07-09T09:45:00Z,2026-07-09T11:45:00+0200,92.99,EUR/MWh,NL,NL,day_ahead_price,value,2026-08-01T23:22:07Z
2026-08-01T23:18:50Z,2026-08-02T01:18:50+0200,914f204b-61c9-48d9-af2c-6470ecd1bcbf,2026-07-09T10:00:00Z,2026-07-09T12:00:00+0200,102.27,EUR/MWh,NL,NL,day_ahead_price,value,2026-08-01T23:22:07Z
2026-08-01T23:18:50Z,2026-08-02T01:18:50+0200,914f204b-61c9-48d9-af2c-6470ecd1bcbf,2026-07-09T10:15:00Z,2026-07-09T12:15:00+0200,83.36,EUR/MWh,NL,NL,day_ahead_price,value,2026-08-01T23:22:07Z
2026-08-01T23:18:50Z,2026-08-02T01:18:50+0200,914f204b-61c9-48d9-af2c-6470ecd1bcbf,2026-07-09T10:30:00Z,2026-07-09T12:30:00+0200,71.43,EUR/MWh,NL,NL,day_ahead_price,value,2026-08-01T23:22:07Z
2026-08-01T23:18:50Z,2026-08-02T01:18:50+0200,914f204b-61c9-48d9-af2c-6470ecd1bcbf,2026-07-09T10:45:00Z,2026-07-09T12:45:00+0200,65.96,EUR/MWh,NL,NL,day_ahead_price,value,2026-08-01T23:22:07Z
2026-08-01T23:18:50Z,2026-08-02T01:18:50+0200,914f204b-61c9-48d9-af2c-6470ecd1bcbf,2026-07-09T11:00:00Z,2026-07-09T13:00:00+0200,70.79,EUR/MWh,NL,NL,day_ahead_price,value,2026-08-01T23:22:07Z
2026-08-01T23:18:50Z,2026-08-02T01:18:50+0200,914f204b-61c9-48d9-af2c-6470ecd1bcbf,2026-07-09T11:15:00Z,2026-07-09T13:15:00+0200,63.34,EUR/MWh,NL,NL,day_ahead_price,value,2026-08-01T23:22:07Z
2026-08-01T23:18:50Z,2026-08-02T01:18:50+0200,914f204b-61c9-48d9-af2c-6470ecd1bcbf,2026-07-09T11:30:00Z,2026-07-09T13:30:00+0200,48.28,EUR/MWh,NL,NL,day_ahead_price,value,2026-08-01T23:22:07Z
2026-08-01T23:18:50Z,2026-08-02T01:18:50+0200,914f204b-61c9-48d9-af2c-6470ecd1bcbf,2026-07-09T11:45:00Z,2026-07-09T13:45:00+0200,29.55,EUR/MWh,NL,NL,day_ahead_price,value,2026-08-01T23:22:07Z
2026-08-01T23:18:50Z,2026-08-02T01:18:50+0200,914f204b-61c9-48d9-af2c-6470ecd1bcbf,2026-07-09T12:00:00Z,2026-07-09T14:00:00+0200,37.54,EUR/MWh,NL,NL,day_ahead_price,value,2026-08-01T23:22:07Z
2026-08-01T23:18:50Z,2026-08-02T01:18:50+0200,914f204b-61c9-48d9-af2c-6470ecd1bcbf,2026-07-09T12:15:00Z,2026-07-09T14:15:00+0200,39.77,EUR/MWh,NL,NL,day_ahead_price,value,2026-08-01T23:22:07Z
2026-08-01T23:18:50Z,2026-08-02T01:18:50+0200,914f204b-61c9-48d9-af2c-6470ecd1bcbf,2026-07-09T12:30:00Z,2026-07-09T14:30:00+0200,39.1,EUR/MWh,NL,NL,day_ahead_price,value,2026-08-01T23:22:07Z
2026-08-01T23:18:50Z,2026-08-02T01:18:50+0200,914f204b-61c9-48d9-af2c-6470ecd1bcbf,2026-07-09T12:45:00Z,2026-07-09T14:45:00+0200,47.95,EUR/MWh,NL,NL,day_ahead_price,value,2026-08-01T23:22:07Z
2026-08-01T23:18:50Z,2026-08-02T01:18:50+0200,914f204b-61c9-48d9-af2c-6470ecd1bcbf,2026-07-09T13:00:00Z,2026-07-09T15:00:00+0200,35.39,EUR/MWh,NL,NL,day_ahead_price,value,2026-08-01T23:22:07Z
2026-08-01T23:18:50Z,2026-08-02T01:18:50+0200,914f204b-61c9-48d9-af2c-6470ecd1bcbf,2026-07-09T13:15:00Z,2026-07-09T15:15:00+0200,50.1,EUR/MWh,NL,NL,day_ahead_price,value,2026-08-01T23:22:07Z
2026-08-01T23:18:50Z,2026-08-02T01:18:50+0200,914f204b-61c9-48d9-af2c-6470ecd1bcbf,2026-07-09T13:30:00Z,2026-07-09T15:30:00+0200,67.27,EUR/MWh,NL,NL,day_ahead_price,value,2026-08-01T23:22:07Z
2026-08-01T23:18:50Z,2026-08-02T01:18:50+0200,914f204b-61c9-48d9-af2c-6470ecd1bcbf,2026-07-09T13:45:00Z,2026-07-09T15:45:00+0200,91.53,EUR/MWh,NL,NL,day_ahead_price,value,2026-08-01T23:22:07Z
2026-08-01T23:18:50Z,2026-08-02T01:18:50+0200,914f204b-61c9-48d9-af2c-6470ecd1bcbf,2026-07-09T14:00:00Z,2026-07-09T16:00:00+0200,73.29,EUR/MWh,NL,NL,day_ahead_price,value,2026-08-01T23:22:07Z
2026-08-01T23:18:50Z,2026-08-02T01:18:50+0200,914f204b-61c9-48d9-af2c-6470ecd1bcbf,2026-07-09T14:15:00Z,2026-07-09T16:15:00+0200,91.39,EUR/MWh,NL,NL,day_ahead_price,value,2026-08-01T23:22:07Z
2026-08-01T23:18:50Z,2026-08-02T01:18:50+0200,914f204b-61c9-48d9-af2c-6470ecd1bcbf,2026-07-09T14:30:00Z,2026-07-09T16:30:00+0200,98.99,EUR/MWh,NL,NL,day_ahead_price,value,2026-08-01T23:22:07Z
2026-08-01T23:18:50Z,2026-08-02T01:18:50+0200,914f204b-61c9-48d9-af2c-6470ecd1bcbf,2026-07-09T14:45:00Z,2026-07-09T16:45:00+0200,109.4,EUR/MWh,NL,NL,day_ahead_price,value,2026-08-01T23:22:07Z
2026-08-01T23:18:50Z,2026-08-02T01:18:50+0200,914f204b-61c9-48d9-af2c-6470ecd1bcbf,2026-07-09T15:00:00Z,2026-07-09T17:00:00+0200,89.72,EUR/MWh,NL,NL,day_ahead_price,value,2026-08-01T23:22:07Z
2026-08-01T23:18:50Z,2026-08-02T01:18:50+0200,914f204b-61c9-48d9-af2c-6470ecd1bcbf,2026-07-09T15:15:00Z,2026-07-09T17:15:00+0200,110.09,EUR/MWh,NL,NL,day_ahead_price,value,2026-08-01T23:22:07Z
2026-08-01T23:18:50Z,2026-08-02T01:18:50+0200,914f204b-61c9-48d9-af2c-6470ecd1bcbf,2026-07-09T15:30:00Z,2026-07-09T17:30:00+0200,114.44,EUR/MWh,NL,NL,day_ahead_price,value,2026-08-01T23:22:07Z
2026-08-01T23:18:50Z,2026-08-02T01:18:50+0200,914f204b-61c9-48d9-af2c-6470ecd1bcbf,2026-07-09T15:45:00Z,2026-07-09T17:45:00+0200,130.18,EUR/MWh,NL,NL,day_ahead_price,value,2026-08-01T23:22:07Z
2026-08-01T23:18:50Z,2026-08-02T01:18:50+0200,914f204b-61c9-48d9-af2c-6470ecd1bcbf,2026-07-09T16:00:00Z,2026-07-09T18:00:00+0200,122.73,EUR/MWh,NL,NL,day_ahead_price,value,2026-08-01T23:22:07Z
2026-08-01T23:18:50Z,2026-08-02T01:18:50+0200,914f204b-61c9-48d9-af2c-6470ecd1bcbf,2026-07-09T16:15:00Z,2026-07-09T18:15:00+0200,123.58,EUR/MWh,NL,NL,day_ahead_price,value,2026-08-01T23:22:07Z
2026-08-01T23:18:50Z,2026-08-02T01:18:50+0200,914f204b-61c9-48d9-af2c-6470ecd1bcbf,2026-07-09T16:30:00Z,2026-07-09T18:30:00+0200,137.31,EUR/MWh,NL,NL,day_ahead_price,value,2026-08-01T23:22:07Z
2026-08-01T23:18:50Z,2026-08-02T01:18:50+0200,914f204b-61c9-48d9-af2c-6470ecd1bcbf,2026-07-09T16:45:00Z,2026-07-09T18:45:00+0200,147.83,EUR/MWh,NL,NL,day_ahead_price,value,2026-08-01T23:22:07Z
2026-08-01T23:18:50Z,2026-08-02T01:18:50+0200,914f204b-61c9-48d9-af2c-6470ecd1bcbf,2026-07-09T17:00:00Z,2026-07-09T19:00:00+0200,144.06,EUR/MWh,NL,NL,day_ahead_price,value,2026-08-01T23:22:07Z
2026-08-01T23:18:50Z,2026-08-02T01:18:50+0200,914f204b-61c9-48d9-af2c-6470ecd1bcbf,2026-07-09T17:15:00Z,2026-07-09T19:15:00+0200,156.64,EUR/MWh,NL,NL,day_ahead_price,value,2026-08-01T23:22:07Z
2026-08-01T23:18:50Z,2026-08-02T01:18:50+0200,914f204b-61c9-48d9-af2c-6470ecd1bcbf,2026-07-09T17:30:00Z,2026-07-09T19:30:00+0200,174.12,EUR/MWh,NL,NL,day_ahead_price,value,2026-08-01T23:22:07Z
2026-08-01T23:18:50Z,2026-08-02T01:18:50+0200,914f204b-61c9-48d9-af2c-6470ecd1bcbf,2026-07-09T17:45:00Z,2026-07-09T19:45:00+0200,200.92,EUR/MWh,NL,NL,day_ahead_price,value,2026-08-01T23:22:07Z
2026-08-01T23:18:50Z,2026-08-02T01:18:50+0200,914f204b-61c9-48d9-af2c-6470ecd1bcbf,2026-07-09T18:00:00Z,2026-07-09T20:00:00+0200,190.97,EUR/MWh,NL,NL,day_ahead_price,value,2026-08-01T23:22:07Z
2026-08-01T23:18:50Z,2026-08-02T01:18:50+0200,914f204b-61c9-48d9-af2c-6470ecd1bcbf,2026-07-09T18:15:00Z,2026-07-09T20:15:00+0200,210.86,EUR/MWh,NL,NL,day_ahead_price,value,2026-08-01T23:22:07Z
2026-08-01T23:18:50Z,2026-08-02T01:18:50+0200,914f204b-61c9-48d9-af2c-6470ecd1bcbf,2026-07-09T18:30:00Z,2026-07-09T20:30:00+0200,239.06,EUR/MWh,NL,NL,day_ahead_price,value,2026-08-01T23:22:07Z
2026-08-01T23:18:50Z,2026-08-02T01:18:50+0200,914f204b-61c9-48d9-af2c-6470ecd1bcbf,2026-07-09T18:45:00Z,2026-07-09T20:45:00+0200,261.08,EUR/MWh,NL,NL,day_ahead_price,value,2026-08-01T23:22:07Z
2026-08-01T23:18:50Z,2026-08-02T01:18:50+0200,914f204b-61c9-48d9-af2c-6470ecd1bcbf,2026-07-09T19:00:00Z,2026-07-09T21:00:00+0200,257.59,EUR/MWh,NL,NL,day_ahead_price,value,2026-08-01T23:22:07Z
2026-08-01T23:18:50Z,2026-08-02T01:18:50+0200,914f204b-61c9-48d9-af2c-6470ecd1bcbf,2026-07-09T19:15:00Z,2026-07-09T21:15:00+0200,245.49,EUR/MWh,NL,NL,day_ahead_price,value,2026-08-01T23:22:07Z
2026-08-01T23:18:50Z,2026-08-02T01:18:50+0200,914f204b-61c9-48d9-af2c-6470ecd1bcbf,2026-07-09T19:30:00Z,2026-07-09T21:30:00+0200,221.81,EUR/MWh,NL,NL,day_ahead_price,value,2026-08-01T23:22:07Z
2026-08-01T23:18:50Z,2026-08-02T01:18:50+0200,914f204b-61c9-48d9-af2c-6470ecd1bcbf,2026-07-09T19:45:00Z,2026-07-09T21:45:00+0200,200.1,EUR/MWh,NL,NL,day_ahead_price,value,2026-08-01T23:22:07Z
2026-08-01T23:18:50Z,2026-08-02T01:18:50+0200,914f204b-61c9-48d9-af2c-6470ecd1bcbf,2026-07-09T20:00:00Z,2026-07-09T22:00:00+0200,221.02,EUR/MWh,NL,NL,day_ahead_price,value,2026-08-01T23:22:07Z
2026-08-01T23:18:50Z,2026-08-02T01:18:50+0200,914f204b-61c9-48d9-af2c-6470ecd1bcbf,2026-07-09T20:15:00Z,2026-07-09T22:15:00+0200,195.24,EUR/MWh,NL,NL,day_ahead_price,value,2026-08-01T23:22:07Z
2026-08-01T23:18:50Z,2026-08-02T01:18:50+0200,914f204b-61c9-48d9-af2c-6470ecd1bcbf,2026-07-09T20:30:00Z,2026-07-09T22:30:00+0200,174.8,EUR/MWh,NL,NL,day_ahead_price,value,2026-08-01T23:22:07Z
2026-08-01T23:18:50Z,2026-08-02T01:18:50+0200,914f204b-61c9-48d9-af2c-6470ecd1bcbf,2026-07-09T20:45:00Z,2026-07-09T22:45:00+0200,164.71,EUR/MWh,NL,NL,day_ahead_price,value,2026-08-01T23:22:07Z
2026-08-01T23:18:50Z,2026-08-02T01:18:50+0200,914f204b-61c9-48d9-af2c-6470ecd1bcbf,2026-07-09T21:00:00Z,2026-07-09T23:00:00+0200,175.62,EUR/MWh,NL,NL,day_ahead_price,value,2026-08-01T23:22:07Z
2026-08-01T23:18:50Z,2026-08-02T01:18:50+0200,914f204b-61c9-48d9-af2c-6470ecd1bcbf,2026-07-09T21:15:00Z,2026-07-09T23:15:00+0200,169.91,EUR/MWh,NL,NL,day_ahead_price,value,2026-08-01T23:22:07Z
2026-08-01T23:18:50Z,2026-08-02T01:18:50+0200,914f204b-61c9-48d9-af2c-6470ecd1bcbf,2026-07-09T21:30:00Z,2026-07-09T23:30:00+0200,157.23,EUR/MWh,NL,NL,day_ahead_price,value,2026-08-01T23:22:07Z
2026-08-01T23:18:50Z,2026-08-02T01:18:50+0200,914f204b-61c9-48d9-af2c-6470ecd1bcbf,2026-07-09T21:45:00Z,2026-07-09T23:45:00+0200,160.1,EUR/MWh,NL,NL,day_ahead_price,value,2026-08-01T23:22:07Z
2026-08-01T23:18:50Z,2026-08-02T01:18:50+0200,914f204b-61c9-48d9-af2c-6470ecd1bcbf,2026-07-09T22:00:00Z,2026-07-10T00:00:00+0200,171.31,EUR/MWh,NL,NL,day_ahead_price,value,2026-08-01T23:22:07Z
2026-08-01T23:18:50Z,2026-08-02T01:18:50+0200,914f204b-61c9-48d9-af2c-6470ecd1bcbf,2026-07-09T22:15:00Z,2026-07-10T00:15:00+0200,154.65,EUR/MWh,NL,NL,day_ahead_price,value,2026-08-01T23:22:07Z
2026-08-01T23:18:50Z,2026-08-02T01:18:50+0200,914f204b-61c9-48d9-af2c-6470ecd1bcbf,2026-07-09T22:30:00Z,2026-07-10T00:30:00+0200,149.74,EUR/MWh,NL,NL,day_ahead_price,value,2026-08-01T23:22:07Z
2026-08-01T23:18:50Z,2026-08-02T01:18:50+0200,914f204b-61c9-48d9-af2c-6470ecd1bcbf,2026-07-09T22:45:00Z,2026-07-10T00:45:00+0200,148.19,EUR/MWh,NL,NL,day_ahead_price,value,2026-08-01T23:22:07Z
2026-08-01T23:18:50Z,2026-08-02T01:18:50+0200,914f204b-61c9-48d9-af2c-6470ecd1bcbf,2026-07-09T23:00:00Z,2026-07-10T01:00:00+0200,149.61,EUR/MWh,NL,NL,day_ahead_price,value,2026-08-01T23:22:07Z
2026-08-01T23:18:50Z,2026-08-02T01:18:50+0200,914f204b-61c9-48d9-af2c-6470ecd1bcbf,2026-07-09T23:15:00Z,2026-07-10T01:15:00+0200,144.16,EUR/MWh,NL,NL,day_ahead_price,value,2026-08-01T23:22:07Z
2026-08-01T23:18:50Z,2026-08-02T01:18:50+0200,914f204b-61c9-48d9-af2c-6470ecd1bcbf,2026-07-09T23:30:00Z,2026-07-10T01:30:00+0200,142.3,EUR/MWh,NL,NL,day_ahead_price,value,2026-08-01T23:22:07Z
2026-08-01T23:18:50Z,2026-08-02T01:18:50+0200,914f204b-61c9-48d9-af2c-6470ecd1bcbf,2026-07-09T23:45:00Z,2026-07-10T01:45:00+0200,140.34,EUR/MWh,NL,NL,day_ahead_price,value,2026-08-01T23:22:07Z
2026-08-01T23:18:50Z,2026-08-02T01:18:50+0200,914f204b-61c9-48d9-af2c-6470ecd1bcbf,2026-07-10T00:00:00Z,2026-07-10T02:00:00+0200,141.98,EUR/MWh,NL,NL,day_ahead_price,value,2026-08-01T23:22:07Z
2026-08-01T23:18:50Z,2026-08-02T01:18:50+0200,914f204b-61c9-48d9-af2c-6470ecd1bcbf,2026-07-10T00:15:00Z,2026-07-10T02:15:00+0200,141.16,EUR/MWh,NL,NL,day_ahead_price,value,2026-08-01T23:22:07Z
2026-08-01T23:18:50Z,2026-08-02T01:18:50+0200,914f204b-61c9-48d9-af2c-6470ecd1bcbf,2026-07-10T00:30:00Z,2026-07-10T02:30:00+0200,138.37,EUR/MWh,NL,NL,day_ahead_price,value,2026-08-01T23:22:07Z
2026-08-01T23:18:50Z,2026-08-02T01:18:50+0200,914f204b-61c9-48d9-af2c-6470ecd1bcbf,2026-07-10T00:45:00Z,2026-07-10T02:45:00+0200,141.91,EUR/MWh,NL,NL,day_ahead_price,value,2026-08-01T23:22:07Z
2026-08-01T23:18:50Z,2026-08-02T01:18:50+0200,914f204b-61c9-48d9-af2c-6470ecd1bcbf,2026-07-10T01:00:00Z,2026-07-10T03:00:00+0200,138.55,EUR/MWh,NL,NL,day_ahead_price,value,2026-08-01T23:22:07Z
2026-08-01T23:18:50Z,2026-08-02T01:18:50+0200,914f204b-61c9-48d9-af2c-6470ecd1bcbf,2026-07-10T01:15:00Z,2026-07-10T03:15:00+0200,138.43,EUR/MWh,NL,NL,day_ahead_price,value,2026-08-01T23:22:07Z
2026-08-01T23:18:50Z,2026-08-02T01:18:50+0200,914f204b-61c9-48d9-af2c-6470ecd1bcbf,2026-07-10T01:30:00Z,2026-07-10T03:30:00+0200,137.7,EUR/MWh,NL,NL,day_ahead_price,value,2026-08-01T23:22:07Z
2026-08-01T23:18:50Z,2026-08-02T01:18:50+0200,914f204b-61c9-48d9-af2c-6470ecd1bcbf,2026-07-10T01:45:00Z,2026-07-10T03:45:00+0200,138.93,EUR/MWh,NL,NL,day_ahead_price,value,2026-08-01T23:22:07Z
2026-08-01T23:18:50Z,2026-08-02T01:18:50+0200,914f204b-61c9-48d9-af2c-6470ecd1bcbf,2026-07-10T02:00:00Z,2026-07-10T04:00:00+0200,136.94,EUR/MWh,NL,NL,day_ahead_price,value,2026-08-01T23:22:07Z
2026-08-01T23:18:50Z,2026-08-02T01:18:50+0200,914f204b-61c9-48d9-af2c-6470ecd1bcbf,2026-07-10T02:15:00Z,2026-07-10T04:15:00+0200,137.09,EUR/MWh,NL,NL,day_ahead_price,value,2026-08-01T23:22:07Z
2026-08-01T23:18:50Z,2026-08-02T01:18:50+0200,914f204b-61c9-48d9-af2c-6470ecd1bcbf,2026-07-10T02:30:00Z,2026-07-10T04:30:00+0200,136.86,EUR/MWh,NL,NL,day_ahead_price,value,2026-08-01T23:22:07Z
2026-08-01T23:18:50Z,2026-08-02T01:18:50+0200,914f204b-61c9-48d9-af2c-6470ecd1bcbf,2026-07-10T02:45:00Z,2026-07-10T04:45:00+0200,139.5,EUR/MWh,NL,NL,day_ahead_price,value,2026-08-01T23:22:07Z
2026-08-01T23:18:50Z,2026-08-02T01:18:50+0200,914f204b-61c9-48d9-af2c-6470ecd1bcbf,2026-07-10T03:00:00Z,2026-07-10T05:00:00+0200,141.89,EUR/MWh,NL,NL,day_ahead_price,value,2026-08-01T23:22:07Z
2026-08-01T23:18:50Z,2026-08-02T01:18:50+0200,914f204b-61c9-48d9-af2c-6470ecd1bcbf,2026-07-10T03:15:00Z,2026-07-10T05:15:00+0200,142.16,EUR/MWh,NL,NL,day_ahead_price,value,2026-08-01T23:22:07Z
2026-08-01T23:18:50Z,2026-08-02T01:18:50+0200,914f204b-61c9-48d9-af2c-6470ecd1bcbf,2026-07-10T03:30:00Z,2026-07-10T05:30:00+0200,142.44,EUR/MWh,NL,NL,day_ahead_price,value,2026-08-01T23:22:07Z
2026-08-01T23:18:50Z,2026-08-02T01:18:50+0200,914f204b-61c9-48d9-af2c-6470ecd1bcbf,2026-07-10T03:45:00Z,2026-07-10T05:45:00+0200,145.96,EUR/MWh,NL,NL,day_ahead_price,value,2026-08-01T23:22:07Z
2026-08-01T23:18:50Z,2026-08-02T01:18:50+0200,914f204b-61c9-48d9-af2c-6470ecd1bcbf,2026-07-10T04:00:00Z,2026-07-10T06:00:00+0200,147.3,EUR/MWh,NL,NL,day_ahead_price,value,2026-08-01T23:22:07Z
2026-08-01T23:18:50Z,2026-08-02T01:18:50+0200,914f204b-61c9-48d9-af2c-6470ecd1bcbf,2026-07-10T04:15:00Z,2026-07-10T06:15:00+0200,156.45,EUR/MWh,NL,NL,day_ahead_price,value,2026-08-01T23:22:07Z
2026-08-01T23:18:50Z,2026-08-02T01:18:50+0200,914f204b-61c9-48d9-af2c-6470ecd1bcbf,2026-07-10T04:30:00Z,2026-07-10T06:30:00+0200,152.31,EUR/MWh,NL,NL,day_ahead_price,value,2026-08-01T23:22:07Z
2026-08-01T23:18:50Z,2026-08-02T01:18:50+0200,914f204b-61c9-48d9-af2c-6470ecd1bcbf,2026-07-10T04:45:00Z,2026-07-10T06:45:00+0200,150.08,EUR/MWh,NL,NL,day_ahead_price,value,2026-08-01T23:22:07Z
2026-08-01T23:18:50Z,2026-08-02T01:18:50+0200,914f204b-61c9-48d9-af2c-6470ecd1bcbf,2026-07-10T05:00:00Z,2026-07-10T07:00:00+0200,162.52,EUR/MWh,NL,NL,day_ahead_price,value,2026-08-01T23:22:07Z
2026-08-01T23:18:50Z,2026-08-02T01:18:50+0200,914f204b-61c9-48d9-af2c-6470ecd1bcbf,2026-07-10T05:15:00Z,2026-07-10T07:15:00+0200,153.35,EUR/MWh,NL,NL,day_ahead_price,value,2026-08-01T23:22:07Z
2026-08-01T23:18:50Z,2026-08-02T01:18:50+0200,914f204b-61c9-48d9-af2c-6470ecd1bcbf,2026-07-10T05:30:00Z,2026-07-10T07:30:00+0200,144.96,EUR/MWh,NL,NL,day_ahead_price,value,2026-08-01T23:22:07Z
2026-08-01T23:18:50Z,2026-08-02T01:18:50+0200,914f204b-61c9-48d9-af2c-6470ecd1bcbf,2026-07-10T05:45:00Z,2026-07-10T07:45:00+0200,131.92,EUR/MWh,NL,NL,day_ahead_price,value,2026-08-01T23:22:07Z
2026-08-01T23:18:50Z,2026-08-02T01:18:50+0200,914f204b-61c9-48d9-af2c-6470ecd1bcbf,2026-07-10T06:00:00Z,2026-07-10T08:00:00+0200,155.02,EUR/MWh,NL,NL,day_ahead_price,value,2026-08-01T23:22:07Z
2026-08-01T23:18:50Z,2026-08-02T01:18:50+0200,914f204b-61c9-48d9-af2c-6470ecd1bcbf,2026-07-10T06:15:00Z,2026-07-10T08:15:00+0200,141.88,EUR/MWh,NL,NL,day_ahead_price,value,2026-08-01T23:22:07Z
2026-08-01T23:18:50Z,2026-08-02T01:18:50+0200,914f204b-61c9-48d9-af2c-6470ecd1bcbf,2026-07-10T06:30:00Z,2026-07-10T08:30:00+0200,132.32,EUR/MWh,NL,NL,day_ahead_price,value,2026-08-01T23:22:07Z
2026-08-01T23:18:50Z,2026-08-02T01:18:50+0200,914f204b-61c9-48d9-af2c-6470ecd1bcbf,2026-07-10T06:45:00Z,2026-07-10T08:45:00+0200,113.41,EUR/MWh,NL,NL,day_ahead_price,value,2026-08-01T23:22:07Z
2026-08-01T23:18:50Z,2026-08-02T01:18:50+0200,914f204b-61c9-48d9-af2c-6470ecd1bcbf,2026-07-10T07:00:00Z,2026-07-10T09:00:00+0200,138.6,EUR/MWh,NL,NL,day_ahead_price,value,2026-08-01T23:22:07Z
2026-08-01T23:18:50Z,2026-08-02T01:18:50+0200,914f204b-61c9-48d9-af2c-6470ecd1bcbf,2026-07-10T07:15:00Z,2026-07-10T09:15:00+0200,130.9,EUR/MWh,NL,NL,day_ahead_price,value,2026-08-01T23:22:07Z
2026-08-01T23:18:50Z,2026-08-02T01:18:50+0200,914f204b-61c9-48d9-af2c-6470ecd1bcbf,2026-07-10T07:30:00Z,2026-07-10T09:30:00+0200,115.47,EUR/MWh,NL,NL,day_ahead_price,value,2026-08-01T23:22:07Z
2026-08-01T23:18:50Z,2026-08-02T01:18:50+0200,914f204b-61c9-48d9-af2c-6470ecd1bcbf,2026-07-10T07:45:00Z,2026-07-10T09:45:00+0200,108.77,EUR/MWh,NL,NL,day_ahead_price,value,2026-08-01T23:22:07Z
2026-08-01T23:18:50Z,2026-08-02T01:18:50+0200,914f204b-61c9-48d9-af2c-6470ecd1bcbf,2026-07-10T08:00:00Z,2026-07-10T10:00:00+0200,116.58,EUR/MWh,NL,NL,day_ahead_price,value,2026-08-01T23:22:07Z
2026-08-01T23:18:50Z,2026-08-02T01:18:50+0200,914f204b-61c9-48d9-af2c-6470ecd1bcbf,2026-07-10T08:15:00Z,2026-07-10T10:15:00+0200,114.2,EUR/MWh,NL,NL,day_ahead_price,value,2026-08-01T23:22:07Z
2026-08-01T23:18:50Z,2026-08-02T01:18:50+0200,914f204b-61c9-48d9-af2c-6470ecd1bcbf,2026-07-10T08:30:00Z,2026-07-10T10:30:00+0200,95.24,EUR/MWh,NL,NL,day_ahead_price,value,2026-08-01T23:22:07Z
2026-08-01T23:18:50Z,2026-08-02T01:18:50+0200,914f204b-61c9-48d9-af2c-6470ecd1bcbf,2026-07-10T08:45:00Z,2026-07-10T10:45:00+0200,84.39,EUR/MWh,NL,NL,day_ahead_price,value,2026-08-01T23:22:07Z
2026-08-01T23:18:50Z,2026-08-02T01:18:50+0200,914f204b-61c9-48d9-af2c-6470ecd1bcbf,2026-07-10T09:00:00Z,2026-07-10T11:00:00+0200,89.7,EUR/MWh,NL,NL,day_ahead_price,value,2026-08-01T23:22:07Z
2026-08-01T23:18:50Z,2026-08-02T01:18:50+0200,914f204b-61c9-48d9-af2c-6470ecd1bcbf,2026-07-10T09:15:00Z,2026-07-10T11:15:00+0200,82.55,EUR/MWh,NL,NL,day_ahead_price,value,2026-08-01T23:22:07Z
2026-08-01T23:18:50Z,2026-08-02T01:18:50+0200,914f204b-61c9-48d9-af2c-6470ecd1bcbf,2026-07-10T09:30:00Z,2026-07-10T11:30:00+0200,75.0,EUR/MWh,NL,NL,day_ahead_price,value,2026-08-01T23:22:07Z
2026-08-01T23:18:50Z,2026-08-02T01:18:50+0200,914f204b-61c9-48d9-af2c-6470ecd1bcbf,2026-07-10T09:45:00Z,2026-07-10T11:45:00+0200,66.61,EUR/MWh,NL,NL,day_ahead_price,value,2026-08-01T23:22:07Z
2026-08-01T23:18:50Z,2026-08-02T01:18:50+0200,914f204b-61c9-48d9-af2c-6470ecd1bcbf,2026-07-10T10:00:00Z,2026-07-10T12:00:00+0200,76.69,EUR/MWh,NL,NL,day_ahead_price,value,2026-08-01T23:22:07Z
2026-08-01T23:18:50Z,2026-08-02T01:18:50+0200,914f204b-61c9-48d9-af2c-6470ecd1bcbf,2026-07-10T10:15:00Z,2026-07-10T12:15:00+0200,66.61,EUR/MWh,NL,NL,day_ahead_price,value,2026-08-01T23:22:07Z
2026-08-01T23:18:50Z,2026-08-02T01:18:50+0200,914f204b-61c9-48d9-af2c-6470ecd1bcbf,2026-07-10T10:30:00Z,2026-07-10T12:30:00+0200,52.74,EUR/MWh,NL,NL,day_ahead_price,value,2026-08-01T23:22:07Z
2026-08-01T23:18:50Z,2026-08-02T01:18:50+0200,914f204b-61c9-48d9-af2c-6470ecd1bcbf,2026-07-10T10:45:00Z,2026-07-10T12:45:00+0200,40.01,EUR/MWh,NL,NL,day_ahead_price,value,2026-08-01T23:22:07Z
2026-08-01T23:18:50Z,2026-08-02T01:18:50+0200,914f204b-61c9-48d9-af2c-6470ecd1bcbf,2026-07-10T11:00:00Z,2026-07-10T13:00:00+0200,43.44,EUR/MWh,NL,NL,day_ahead_price,value,2026-08-01T23:22:07Z
2026-08-01T23:18:50Z,2026-08-02T01:18:50+0200,914f204b-61c9-48d9-af2c-6470ecd1bcbf,2026-07-10T11:15:00Z,2026-07-10T13:15:00+0200,39.0,EUR/MWh,NL,NL,day_ahead_price,value,2026-08-01T23:22:07Z
2026-08-01T23:18:50Z,2026-08-02T01:18:50+0200,914f204b-61c9-48d9-af2c-6470ecd1bcbf,2026-07-10T11:30:00Z,2026-07-10T13:30:00+0200,37.0,EUR/MWh,NL,NL,day_ahead_price,value,2026-08-01T23:22:07Z
2026-08-01T23:18:50Z,2026-08-02T01:18:50+0200,914f204b-61c9-48d9-af2c-6470ecd1bcbf,2026-07-10T11:45:00Z,2026-07-10T13:45:00+0200,30.0,EUR/MWh,NL,NL,day_ahead_price,value,2026-08-01T23:22:07Z
2026-08-01T23:18:50Z,2026-08-02T01:18:50+0200,914f204b-61c9-48d9-af2c-6470ecd1bcbf,2026-07-10T12:00:00Z,2026-07-10T14:00:00+0200,38.9,EUR/MWh,NL,NL,day_ahead_price,value,2026-08-01T23:22:07Z
2026-08-01T23:18:50Z,2026-08-02T01:18:50+0200,914f204b-61c9-48d9-af2c-6470ecd1bcbf,2026-07-10T12:15:00Z,2026-07-10T14:15:00+0200,40.0,EUR/MWh,NL,NL,day_ahead_price,value,2026-08-01T23:22:07Z
2026-08-01T23:18:50Z,2026-08-02T01:18:50+0200,914f204b-61c9-48d9-af2c-6470ecd1bcbf,2026-07-10T12:30:00Z,2026-07-10T14:30:00+0200,42.91,EUR/MWh,NL,NL,day_ahead_price,value,2026-08-01T23:22:07Z
2026-08-01T23:18:50Z,2026-08-02T01:18:50+0200,914f204b-61c9-48d9-af2c-6470ecd1bcbf,2026-07-10T12:45:00Z,2026-07-10T14:45:00+0200,41.99,EUR/MWh,NL,NL,day_ahead_price,value,2026-08-01T23:22:07Z
2026-08-01T23:18:50Z,2026-08-02T01:18:50+0200,914f204b-61c9-48d9-af2c-6470ecd1bcbf,2026-07-10T13:00:00Z,2026-07-10T15:00:00+0200,46.23,EUR/MWh,NL,NL,day_ahead_price,value,2026-08-01T23:22:07Z
2026-08-01T23:18:50Z,2026-08-02T01:18:50+0200,914f204b-61c9-48d9-af2c-6470ecd1bcbf,2026-07-10T13:15:00Z,2026-07-10T15:15:00+0200,55.83,EUR/MWh,NL,NL,day_ahead_price,value,2026-08-01T23:22:07Z
2026-08-01T23:18:50Z,2026-08-02T01:18:50+0200,914f204b-61c9-48d9-af2c-6470ecd1bcbf,2026-07-10T13:30:00Z,2026-07-10T15:30:00+0200,65.81,EUR/MWh,NL,NL,day_ahead_price,value,2026-08-01T23:22:07Z
2026-08-01T23:18:50Z,2026-08-02T01:18:50+0200,914f204b-61c9-48d9-af2c-6470ecd1bcbf,2026-07-10T13:45:00Z,2026-07-10T15:45:00+0200,80.53,EUR/MWh,NL,NL,day_ahead_price,value,2026-08-01T23:22:07Z
2026-08-01T23:18:50Z,2026-08-02T01:18:50+0200,914f204b-61c9-48d9-af2c-6470ecd1bcbf,2026-07-10T14:00:00Z,2026-07-10T16:00:00+0200,61.2,EUR/MWh,NL,NL,day_ahead_price,value,2026-08-01T23:22:07Z
2026-08-01T23:18:50Z,2026-08-02T01:18:50+0200,914f204b-61c9-48d9-af2c-6470ecd1bcbf,2026-07-10T14:15:00Z,2026-07-10T16:15:00+0200,83.11,EUR/MWh,NL,NL,day_ahead_price,value,2026-08-01T23:22:07Z
2026-08-01T23:18:50Z,2026-08-02T01:18:50+0200,914f204b-61c9-48d9-af2c-6470ecd1bcbf,2026-07-10T14:30:00Z,2026-07-10T16:30:00+0200,97.1,EUR/MWh,NL,NL,day_ahead_price,value,2026-08-01T23:22:07Z
2026-08-01T23:18:50Z,2026-08-02T01:18:50+0200,914f204b-61c9-48d9-af2c-6470ecd1bcbf,2026-07-10T14:45:00Z,2026-07-10T16:45:00+0200,111.0,EUR/MWh,NL,NL,day_ahead_price,value,2026-08-01T23:22:07Z
2026-08-01T23:18:50Z,2026-08-02T01:18:50+0200,914f204b-61c9-48d9-af2c-6470ecd1bcbf,2026-07-10T15:00:00Z,2026-07-10T17:00:00+0200,103.64,EUR/MWh,NL,NL,day_ahead_price,value,2026-08-01T23:22:07Z
2026-08-01T23:18:50Z,2026-08-02T01:18:50+0200,914f204b-61c9-48d9-af2c-6470ecd1bcbf,2026-07-10T15:15:00Z,2026-07-10T17:15:00+0200,106.72,EUR/MWh,NL,NL,day_ahead_price,value,2026-08-01T23:22:07Z
2026-08-01T23:18:50Z,2026-08-02T01:18:50+0200,914f204b-61c9-48d9-af2c-6470ecd1bcbf,2026-07-10T15:30:00Z,2026-07-10T17:30:00+0200,117.76,EUR/MWh,NL,NL,day_ahead_price,value,2026-08-01T23:22:07Z
2026-08-01T23:18:50Z,2026-08-02T01:18:50+0200,914f204b-61c9-48d9-af2c-6470ecd1bcbf,2026-07-10T15:45:00Z,2026-07-10T17:45:00+0200,128.86,EUR/MWh,NL,NL,day_ahead_price,value,2026-08-01T23:22:07Z
2026-08-01T23:18:50Z,2026-08-02T01:18:50+0200,914f204b-61c9-48d9-af2c-6470ecd1bcbf,2026-07-10T16:00:00Z,2026-07-10T18:00:00+0200,109.28,EUR/MWh,NL,NL,day_ahead_price,value,2026-08-01T23:22:07Z
2026-08-01T23:18:50Z,2026-08-02T01:18:50+0200,914f204b-61c9-48d9-af2c-6470ecd1bcbf,2026-07-10T16:15:00Z,2026-07-10T18:15:00+0200,121.08,EUR/MWh,NL,NL,day_ahead_price,value,2026-08-01T23:22:07Z
2026-08-01T23:18:50Z,2026-08-02T01:18:50+0200,914f204b-61c9-48d9-af2c-6470ecd1bcbf,2026-07-10T16:30:00Z,2026-07-10T18:30:00+0200,138.91,EUR/MWh,NL,NL,day_ahead_price,value,2026-08-01T23:22:07Z
2026-08-01T23:18:50Z,2026-08-02T01:18:50+0200,914f204b-61c9-48d9-af2c-6470ecd1bcbf,2026-07-10T16:45:00Z,2026-07-10T18:45:00+0200,145.39,EUR/MWh,NL,NL,day_ahead_price,value,2026-08-01T23:22:07Z
2026-08-01T23:18:50Z,2026-08-02T01:18:50+0200,914f204b-61c9-48d9-af2c-6470ecd1bcbf,2026-07-10T17:00:00Z,2026-07-10T19:00:00+0200,140.95,EUR/MWh,NL,NL,day_ahead_price,value,2026-08-01T23:22:07Z
2026-08-01T23:18:50Z,2026-08-02T01:18:50+0200,914f204b-61c9-48d9-af2c-6470ecd1bcbf,2026-07-10T17:15:00Z,2026-07-10T19:15:00+0200,149.54,EUR/MWh,NL,NL,day_ahead_price,value,2026-08-01T23:22:07Z
2026-08-01T23:18:50Z,2026-08-02T01:18:50+0200,914f204b-61c9-48d9-af2c-6470ecd1bcbf,2026-07-10T17:30:00Z,2026-07-10T19:30:00+0200,170.74,EUR/MWh,NL,NL,day_ahead_price,value,2026-08-01T23:22:07Z
2026-08-01T23:18:50Z,2026-08-02T01:18:50+0200,914f204b-61c9-48d9-af2c-6470ecd1bcbf,2026-07-10T17:45:00Z,2026-07-10T19:45:00+0200,186.35,EUR/MWh,NL,NL,day_ahead_price,value,2026-08-01T23:22:07Z
2026-08-01T23:18:50Z,2026-08-02T01:18:50+0200,914f204b-61c9-48d9-af2c-6470ecd1bcbf,2026-07-10T18:00:00Z,2026-07-10T20:00:00+0200,169.18,EUR/MWh,NL,NL,day_ahead_price,value,2026-08-01T23:22:07Z
2026-08-01T23:18:50Z,2026-08-02T01:18:50+0200,914f204b-61c9-48d9-af2c-6470ecd1bcbf,2026-07-10T18:15:00Z,2026-07-10T20:15:00+0200,177.11,EUR/MWh,NL,NL,day_ahead_price,value,2026-08-01T23:22:07Z
2026-08-01T23:18:50Z,2026-08-02T01:18:50+0200,914f204b-61c9-48d9-af2c-6470ecd1bcbf,2026-07-10T18:30:00Z,2026-07-10T20:30:00+0200,186.97,EUR/MWh,NL,NL,day_ahead_price,value,2026-08-01T23:22:07Z
2026-08-01T23:18:50Z,2026-08-02T01:18:50+0200,914f204b-61c9-48d9-af2c-6470ecd1bcbf,2026-07-10T18:45:00Z,2026-07-10T20:45:00+0200,189.2,EUR/MWh,NL,NL,day_ahead_price,value,2026-08-01T23:22:07Z
2026-08-01T23:18:50Z,2026-08-02T01:18:50+0200,914f204b-61c9-48d9-af2c-6470ecd1bcbf,2026-07-10T19:00:00Z,2026-07-10T21:00:00+0200,185.14,EUR/MWh,NL,NL,day_ahead_price,value,2026-08-01T23:22:07Z
2026-08-01T23:18:50Z,2026-08-02T01:18:50+0200,914f204b-61c9-48d9-af2c-6470ecd1bcbf,2026-07-10T19:15:00Z,2026-07-10T21:15:00+0200,176.86,EUR/MWh,NL,NL,day_ahead_price,value,2026-08-01T23:22:07Z
2026-08-01T23:18:50Z,2026-08-02T01:18:50+0200,914f204b-61c9-48d9-af2c-6470ecd1bcbf,2026-07-10T19:30:00Z,2026-07-10T21:30:00+0200,170.0,EUR/MWh,NL,NL,day_ahead_price,value,2026-08-01T23:22:07Z
2026-08-01T23:18:50Z,2026-08-02T01:18:50+0200,914f204b-61c9-48d9-af2c-6470ecd1bcbf,2026-07-10T19:45:00Z,2026-07-10T21:45:00+0200,168.56,EUR/MWh,NL,NL,day_ahead_price,value,2026-08-01T23:22:07Z
2026-08-01T23:18:50Z,2026-08-02T01:18:50+0200,914f204b-61c9-48d9-af2c-6470ecd1bcbf,2026-07-10T20:00:00Z,2026-07-10T22:00:00+0200,172.7,EUR/MWh,NL,NL,day_ahead_price,value,2026-08-01T23:22:07Z
2026-08-01T23:18:50Z,2026-08-02T01:18:50+0200,914f204b-61c9-48d9-af2c-6470ecd1bcbf,2026-07-10T20:15:00Z,2026-07-10T22:15:00+0200,169.16,EUR/MWh,NL,NL,day_ahead_price,value,2026-08-01T23:22:07Z
2026-08-01T23:18:50Z,2026-08-02T01:18:50+0200,914f204b-61c9-48d9-af2c-6470ecd1bcbf,2026-07-10T20:30:00Z,2026-07-10T22:30:00+0200,168.55,EUR/MWh,NL,NL,day_ahead_price,value,2026-08-01T23:22:07Z
2026-08-01T23:18:50Z,2026-08-02T01:18:50+0200,914f204b-61c9-48d9-af2c-6470ecd1bcbf,2026-07-10T20:45:00Z,2026-07-10T22:45:00+0200,161.59,EUR/MWh,NL,NL,day_ahead_price,value,2026-08-01T23:22:07Z
2026-08-01T23:18:50Z,2026-08-02T01:18:50+0200,914f204b-61c9-48d9-af2c-6470ecd1bcbf,2026-07-10T21:00:00Z,2026-07-10T23:00:00+0200,162.26,EUR/MWh,NL,NL,day_ahead_price,value,2026-08-01T23:22:07Z
2026-08-01T23:18:50Z,2026-08-02T01:18:50+0200,914f204b-61c9-48d9-af2c-6470ecd1bcbf,2026-07-10T21:15:00Z,2026-07-10T23:15:00+0200,156.32,EUR/MWh,NL,NL,day_ahead_price,value,2026-08-01T23:22:07Z
2026-08-01T23:18:50Z,2026-08-02T01:18:50+0200,914f204b-61c9-48d9-af2c-6470ecd1bcbf,2026-07-10T21:30:00Z,2026-07-10T23:30:00+0200,153.37,EUR/MWh,NL,NL,day_ahead_price,value,2026-08-01T23:22:07Z
2026-08-01T23:18:50Z,2026-08-02T01:18:50+0200,914f204b-61c9-48d9-af2c-6470ecd1bcbf,2026-07-10T21:45:00Z,2026-07-10T23:45:00+0200,145.9,EUR/MWh,NL,NL,day_ahead_price,value,2026-08-01T23:22:07Z
2026-08-01T23:18:50Z,2026-08-02T01:18:50+0200,914f204b-61c9-48d9-af2c-6470ecd1bcbf,2026-07-10T22:00:00Z,2026-07-11T00:00:00+0200,160.31,EUR/MWh,NL,NL,day_ahead_price,value,2026-08-01T23:22:07Z
2026-08-01T23:18:50Z,2026-08-02T01:18:50+0200,914f204b-61c9-48d9-af2c-6470ecd1bcbf,2026-07-10T22:15:00Z,2026-07-11T00:15:00+0200,154.02,EUR/MWh,NL,NL,day_ahead_price,value,2026-08-01T23:22:07Z
2026-08-01T23:18:50Z,2026-08-02T01:18:50+0200,914f204b-61c9-48d9-af2c-6470ecd1bcbf,2026-07-10T22:30:00Z,2026-07-11T00:30:00+0200,146.5,EUR/MWh,NL,NL,day_ahead_price,value,2026-08-01T23:22:07Z
2026-08-01T23:18:50Z,2026-08-02T01:18:50+0200,914f204b-61c9-48d9-af2c-6470ecd1bcbf,2026-07-10T22:45:00Z,2026-07-11T00:45:00+0200,141.81,EUR/MWh,NL,NL,day_ahead_price,value,2026-08-01T23:22:07Z
2026-08-01T23:18:50Z,2026-08-02T01:18:50+0200,914f204b-61c9-48d9-af2c-6470ecd1bcbf,2026-07-10T23:00:00Z,2026-07-11T01:00:00+0200,145.62,EUR/MWh,NL,NL,day_ahead_price,value,2026-08-01T23:22:07Z
2026-08-01T23:18:50Z,2026-08-02T01:18:50+0200,914f204b-61c9-48d9-af2c-6470ecd1bcbf,2026-07-10T23:15:00Z,2026-07-11T01:15:00+0200,145.0,EUR/MWh,NL,NL,day_ahead_price,value,2026-08-01T23:22:07Z
2026-08-01T23:18:50Z,2026-08-02T01:18:50+0200,914f204b-61c9-48d9-af2c-6470ecd1bcbf,2026-07-10T23:30:00Z,2026-07-11T01:30:00+0200,144.98,EUR/MWh,NL,NL,day_ahead_price,value,2026-08-01T23:22:07Z
2026-08-01T23:18:50Z,2026-08-02T01:18:50+0200,914f204b-61c9-48d9-af2c-6470ecd1bcbf,2026-07-10T23:45:00Z,2026-07-11T01:45:00+0200,140.41,EUR/MWh,NL,NL,day_ahead_price,value,2026-08-01T23:22:07Z
2026-08-01T23:18:50Z,2026-08-02T01:18:50+0200,914f204b-61c9-48d9-af2c-6470ecd1bcbf,2026-07-11T00:00:00Z,2026-07-11T02:00:00+0200,143.47,EUR/MWh,NL,NL,day_ahead_price,value,2026-08-01T23:22:07Z
2026-08-01T23:18:50Z,2026-08-02T01:18:50+0200,914f204b-61c9-48d9-af2c-6470ecd1bcbf,2026-07-11T00:15:00Z,2026-07-11T02:15:00+0200,140.71,EUR/MWh,NL,NL,day_ahead_price,value,2026-08-01T23:22:07Z
2026-08-01T23:18:50Z,2026-08-02T01:18:50+0200,914f204b-61c9-48d9-af2c-6470ecd1bcbf,2026-07-11T00:30:00Z,2026-07-11T02:30:00+0200,139.23,EUR/MWh,NL,NL,day_ahead_price,value,2026-08-01T23:22:07Z
2026-08-01T23:18:50Z,2026-08-02T01:18:50+0200,914f204b-61c9-48d9-af2c-6470ecd1bcbf,2026-07-11T00:45:00Z,2026-07-11T02:45:00+0200,138.36,EUR/MWh,NL,NL,day_ahead_price,value,2026-08-01T23:22:07Z
2026-08-01T23:18:50Z,2026-08-02T01:18:50+0200,914f204b-61c9-48d9-af2c-6470ecd1bcbf,2026-07-11T01:00:00Z,2026-07-11T03:00:00+0200,140.69,EUR/MWh,NL,NL,day_ahead_price,value,2026-08-01T23:22:07Z
2026-08-01T23:18:50Z,2026-08-02T01:18:50+0200,914f204b-61c9-48d9-af2c-6470ecd1bcbf,2026-07-11T01:15:00Z,2026-07-11T03:15:00+0200,138.95,EUR/MWh,NL,NL,day_ahead_price,value,2026-08-01T23:22:07Z
2026-08-01T23:18:50Z,2026-08-02T01:18:50+0200,914f204b-61c9-48d9-af2c-6470ecd1bcbf,2026-07-11T01:30:00Z,2026-07-11T03:30:00+0200,138.08,EUR/MWh,NL,NL,day_ahead_price,value,2026-08-01T23:22:07Z
2026-08-01T23:18:50Z,2026-08-02T01:18:50+0200,914f204b-61c9-48d9-af2c-6470ecd1bcbf,2026-07-11T01:45:00Z,2026-07-11T03:45:00+0200,138.01,EUR/MWh,NL,NL,day_ahead_price,value,2026-08-01T23:22:07Z
2026-08-01T23:18:50Z,2026-08-02T01:18:50+0200,914f204b-61c9-48d9-af2c-6470ecd1bcbf,2026-07-11T02:00:00Z,2026-07-11T04:00:00+0200,139.54,EUR/MWh,NL,NL,day_ahead_price,value,2026-08-01T23:22:07Z
2026-08-01T23:18:50Z,2026-08-02T01:18:50+0200,914f204b-61c9-48d9-af2c-6470ecd1bcbf,2026-07-11T02:15:00Z,2026-07-11T04:15:00+0200,141.77,EUR/MWh,NL,NL,day_ahead_price,value,2026-08-01T23:22:07Z
2026-08-01T23:18:50Z,2026-08-02T01:18:50+0200,914f204b-61c9-48d9-af2c-6470ecd1bcbf,2026-07-11T02:30:00Z,2026-07-11T04:30:00+0200,136.57,EUR/MWh,NL,NL,day_ahead_price,value,2026-08-01T23:22:07Z
2026-08-01T23:18:50Z,2026-08-02T01:18:50+0200,914f204b-61c9-48d9-af2c-6470ecd1bcbf,2026-07-11T02:45:00Z,2026-07-11T04:45:00+0200,136.68,EUR/MWh,NL,NL,day_ahead_price,value,2026-08-01T23:22:07Z
2026-08-01T23:18:50Z,2026-08-02T01:18:50+0200,914f204b-61c9-48d9-af2c-6470ecd1bcbf,2026-07-11T03:00:00Z,2026-07-11T05:00:00+0200,138.71,EUR/MWh,NL,NL,day_ahead_price,value,2026-08-01T23:22:07Z
2026-08-01T23:18:50Z,2026-08-02T01:18:50+0200,914f204b-61c9-48d9-af2c-6470ecd1bcbf,2026-07-11T03:15:00Z,2026-07-11T05:15:00+0200,136.7,EUR/MWh,NL,NL,day_ahead_price,value,2026-08-01T23:22:07Z
2026-08-01T23:18:50Z,2026-08-02T01:18:50+0200,914f204b-61c9-48d9-af2c-6470ecd1bcbf,2026-07-11T03:30:00Z,2026-07-11T05:30:00+0200,136.43,EUR/MWh,NL,NL,day_ahead_price,value,2026-08-01T23:22:07Z
2026-08-01T23:18:50Z,2026-08-02T01:18:50+0200,914f204b-61c9-48d9-af2c-6470ecd1bcbf,2026-07-11T03:45:00Z,2026-07-11T05:45:00+0200,132.93,EUR/MWh,NL,NL,day_ahead_price,value,2026-08-01T23:22:07Z
2026-08-01T23:18:50Z,2026-08-02T01:18:50+0200,914f204b-61c9-48d9-af2c-6470ecd1bcbf,2026-07-11T04:00:00Z,2026-07-11T06:00:00+0200,142.13,EUR/MWh,NL,NL,day_ahead_price,value,2026-08-01T23:22:07Z
2026-08-01T23:18:50Z,2026-08-02T01:18:50+0200,914f204b-61c9-48d9-af2c-6470ecd1bcbf,2026-07-11T04:15:00Z,2026-07-11T06:15:00+0200,138.98,EUR/MWh,NL,NL,day_ahead_price,value,2026-08-01T23:22:07Z
2026-08-01T23:18:50Z,2026-08-02T01:18:50+0200,914f204b-61c9-48d9-af2c-6470ecd1bcbf,2026-07-11T04:30:00Z,2026-07-11T06:30:00+0200,131.6,EUR/MWh,NL,NL,day_ahead_price,value,2026-08-01T23:22:07Z
2026-08-01T23:18:50Z,2026-08-02T01:18:50+0200,914f204b-61c9-48d9-af2c-6470ecd1bcbf,2026-07-11T04:45:00Z,2026-07-11T06:45:00+0200,125.18,EUR/MWh,NL,NL,day_ahead_price,value,2026-08-01T23:22:07Z
2026-08-01T23:18:50Z,2026-08-02T01:18:50+0200,914f204b-61c9-48d9-af2c-6470ecd1bcbf,2026-07-11T05:00:00Z,2026-07-11T07:00:00+0200,131.74,EUR/MWh,NL,NL,day_ahead_price,value,2026-08-01T23:22:07Z
2026-08-01T23:18:50Z,2026-08-02T01:18:50+0200,914f204b-61c9-48d9-af2c-6470ecd1bcbf,2026-07-11T05:15:00Z,2026-07-11T07:15:00+0200,126.98,EUR/MWh,NL,NL,day_ahead_price,value,2026-08-01T23:22:07Z
2026-08-01T23:18:50Z,2026-08-02T01:18:50+0200,914f204b-61c9-48d9-af2c-6470ecd1bcbf,2026-07-11T05:30:00Z,2026-07-11T07:30:00+0200,122.42,EUR/MWh,NL,NL,day_ahead_price,value,2026-08-01T23:22:07Z
2026-08-01T23:18:50Z,2026-08-02T01:18:50+0200,914f204b-61c9-48d9-af2c-6470ecd1bcbf,2026-07-11T05:45:00Z,2026-07-11T07:45:00+0200,117.69,EUR/MWh,NL,NL,day_ahead_price,value,2026-08-01T23:22:07Z
2026-08-01T23:18:50Z,2026-08-02T01:18:50+0200,914f204b-61c9-48d9-af2c-6470ecd1bcbf,2026-07-11T06:00:00Z,2026-07-11T08:00:00+0200,142.16,EUR/MWh,NL,NL,day_ahead_price,value,2026-08-01T23:22:07Z
2026-08-01T23:18:50Z,2026-08-02T01:18:50+0200,914f204b-61c9-48d9-af2c-6470ecd1bcbf,2026-07-11T06:15:00Z,2026-07-11T08:15:00+0200,123.95,EUR/MWh,NL,NL,day_ahead_price,value,2026-08-01T23:22:07Z
2026-08-01T23:18:50Z,2026-08-02T01:18:50+0200,914f204b-61c9-48d9-af2c-6470ecd1bcbf,2026-07-11T06:30:00Z,2026-07-11T08:30:00+0200,105.58,EUR/MWh,NL,NL,day_ahead_price,value,2026-08-01T23:22:07Z
2026-08-01T23:18:50Z,2026-08-02T01:18:50+0200,914f204b-61c9-48d9-af2c-6470ecd1bcbf,2026-07-11T06:45:00Z,2026-07-11T08:45:00+0200,90.49,EUR/MWh,NL,NL,day_ahead_price,value,2026-08-01T23:22:07Z
2026-08-01T23:18:50Z,2026-08-02T01:18:50+0200,914f204b-61c9-48d9-af2c-6470ecd1bcbf,2026-07-11T07:00:00Z,2026-07-11T09:00:00+0200,107.07,EUR/MWh,NL,NL,day_ahead_price,value,2026-08-01T23:22:07Z
2026-08-01T23:18:50Z,2026-08-02T01:18:50+0200,914f204b-61c9-48d9-af2c-6470ecd1bcbf,2026-07-11T07:15:00Z,2026-07-11T09:15:00+0200,94.45,EUR/MWh,NL,NL,day_ahead_price,value,2026-08-01T23:22:07Z
2026-08-01T23:18:50Z,2026-08-02T01:18:50+0200,914f204b-61c9-48d9-af2c-6470ecd1bcbf,2026-07-11T07:30:00Z,2026-07-11T09:30:00+0200,67.22,EUR/MWh,NL,NL,day_ahead_price,value,2026-08-01T23:22:07Z
2026-08-01T23:18:50Z,2026-08-02T01:18:50+0200,914f204b-61c9-48d9-af2c-6470ecd1bcbf,2026-07-11T07:45:00Z,2026-07-11T09:45:00+0200,29.41,EUR/MWh,NL,NL,day_ahead_price,value,2026-08-01T23:22:07Z
2026-08-01T23:18:50Z,2026-08-02T01:18:50+0200,914f204b-61c9-48d9-af2c-6470ecd1bcbf,2026-07-11T08:00:00Z,2026-07-11T10:00:00+0200,40.0,EUR/MWh,NL,NL,day_ahead_price,value,2026-08-01T23:22:07Z
2026-08-01T23:18:50Z,2026-08-02T01:18:50+0200,914f204b-61c9-48d9-af2c-6470ecd1bcbf,2026-07-11T08:15:00Z,2026-07-11T10:15:00+0200,18.09,EUR/MWh,NL,NL,day_ahead_price,value,2026-08-01T23:22:07Z
2026-08-01T23:18:50Z,2026-08-02T01:18:50+0200,914f204b-61c9-48d9-af2c-6470ecd1bcbf,2026-07-11T08:30:00Z,2026-07-11T10:30:00+0200,5.18,EUR/MWh,NL,NL,day_ahead_price,value,2026-08-01T23:22:07Z
2026-08-01T23:18:50Z,2026-08-02T01:18:50+0200,914f204b-61c9-48d9-af2c-6470ecd1bcbf,2026-07-11T08:45:00Z,2026-07-11T10:45:00+0200,1.08,EUR/MWh,NL,NL,day_ahead_price,value,2026-08-01T23:22:07Z
2026-08-01T23:18:50Z,2026-08-02T01:18:50+0200,914f204b-61c9-48d9-af2c-6470ecd1bcbf,2026-07-11T09:00:00Z,2026-07-11T11:00:00+0200,1.0,EUR/MWh,NL,NL,day_ahead_price,value,2026-08-01T23:22:07Z
2026-08-01T23:18:50Z,2026-08-02T01:18:50+0200,914f204b-61c9-48d9-af2c-6470ecd1bcbf,2026-07-11T09:15:00Z,2026-07-11T11:15:00+0200,0.29,EUR/MWh,NL,NL,day_ahead_price,value,2026-08-01T23:22:07Z
2026-08-01T23:18:50Z,2026-08-02T01:18:50+0200,914f204b-61c9-48d9-af2c-6470ecd1bcbf,2026-07-11T09:30:00Z,2026-07-11T11:30:00+0200,0.02,EUR/MWh,NL,NL,day_ahead_price,value,2026-08-01T23:22:07Z
2026-08-01T23:18:50Z,2026-08-02T01:18:50+0200,914f204b-61c9-48d9-af2c-6470ecd1bcbf,2026-07-11T09:45:00Z,2026-07-11T11:45:00+0200,0.0,EUR/MWh,NL,NL,day_ahead_price,value,2026-08-01T23:22:07Z
2026-08-01T23:18:50Z,2026-08-02T01:18:50+0200,914f204b-61c9-48d9-af2c-6470ecd1bcbf,2026-07-11T10:00:00Z,2026-07-11T12:00:00+0200,0.0,EUR/MWh,NL,NL,day_ahead_price,value,2026-08-01T23:22:07Z
2026-08-01T23:18:50Z,2026-08-02T01:18:50+0200,914f204b-61c9-48d9-af2c-6470ecd1bcbf,2026-07-11T10:15:00Z,2026-07-11T12:15:00+0200,0.0,EUR/MWh,NL,NL,day_ahead_price,value,2026-08-01T23:22:07Z
2026-08-01T23:18:50Z,2026-08-02T01:18:50+0200,914f204b-61c9-48d9-af2c-6470ecd1bcbf,2026-07-11T10:30:00Z,2026-07-11T12:30:00+0200,-0.01,EUR/MWh,NL,NL,day_ahead_price,value,2026-08-01T23:22:07Z
2026-08-01T23:18:50Z,2026-08-02T01:18:50+0200,914f204b-61c9-48d9-af2c-6470ecd1bcbf,2026-07-11T10:45:00Z,2026-07-11T12:45:00+0200,-0.03,EUR/MWh,NL,NL,day_ahead_price,value,2026-08-01T23:22:07Z
2026-08-01T23:18:50Z,2026-08-02T01:18:50+0200,914f204b-61c9-48d9-af2c-6470ecd1bcbf,2026-07-11T11:00:00Z,2026-07-11T13:00:00+0200,-0.15,EUR/MWh,NL,NL,day_ahead_price,value,2026-08-01T23:22:07Z
2026-08-01T23:18:50Z,2026-08-02T01:18:50+0200,914f204b-61c9-48d9-af2c-6470ecd1bcbf,2026-07-11T11:15:00Z,2026-07-11T13:15:00+0200,-1.85,EUR/MWh,NL,NL,day_ahead_price,value,2026-08-01T23:22:07Z
2026-08-01T23:18:50Z,2026-08-02T01:18:50+0200,914f204b-61c9-48d9-af2c-6470ecd1bcbf,2026-07-11T11:30:00Z,2026-07-11T13:30:00+0200,-2.07,EUR/MWh,NL,NL,day_ahead_price,value,2026-08-01T23:22:07Z
2026-08-01T23:18:50Z,2026-08-02T01:18:50+0200,914f204b-61c9-48d9-af2c-6470ecd1bcbf,2026-07-11T11:45:00Z,2026-07-11T13:45:00+0200,-2.32,EUR/MWh,NL,NL,day_ahead_price,value,2026-08-01T23:22:07Z
2026-08-01T23:18:50Z,2026-08-02T01:18:50+0200,914f204b-61c9-48d9-af2c-6470ecd1bcbf,2026-07-11T12:00:00Z,2026-07-11T14:00:00+0200,-2.32,EUR/MWh,NL,NL,day_ahead_price,value,2026-08-01T23:22:07Z
2026-08-01T23:18:50Z,2026-08-02T01:18:50+0200,914f204b-61c9-48d9-af2c-6470ecd1bcbf,2026-07-11T12:15:00Z,2026-07-11T14:15:00+0200,-2.32,EUR/MWh,NL,NL,day_ahead_price,value,2026-08-01T23:22:07Z
2026-08-01T23:18:50Z,2026-08-02T01:18:50+0200,914f204b-61c9-48d9-af2c-6470ecd1bcbf,2026-07-11T12:30:00Z,2026-07-11T14:30:00+0200,-2.3,EUR/MWh,NL,NL,day_ahead_price,value,2026-08-01T23:22:07Z
2026-08-01T23:18:50Z,2026-08-02T01:18:50+0200,914f204b-61c9-48d9-af2c-6470ecd1bcbf,2026-07-11T12:45:00Z,2026-07-11T14:45:00+0200,-2.02,EUR/MWh,NL,NL,day_ahead_price,value,2026-08-01T23:22:07Z
2026-08-01T23:18:50Z,2026-08-02T01:18:50+0200,914f204b-61c9-48d9-af2c-6470ecd1bcbf,2026-07-11T13:00:00Z,2026-07-11T15:00:00+0200,-2.01,EUR/MWh,NL,NL,day_ahead_price,value,2026-08-01T23:22:07Z
2026-08-01T23:18:50Z,2026-08-02T01:18:50+0200,914f204b-61c9-48d9-af2c-6470ecd1bcbf,2026-07-11T13:15:00Z,2026-07-11T15:15:00+0200,-0.95,EUR/MWh,NL,NL,day_ahead_price,value,2026-08-01T23:22:07Z
2026-08-01T23:18:50Z,2026-08-02T01:18:50+0200,914f204b-61c9-48d9-af2c-6470ecd1bcbf,2026-07-11T13:30:00Z,2026-07-11T15:30:00+0200,-0.08,EUR/MWh,NL,NL,day_ahead_price,value,2026-08-01T23:22:07Z
2026-08-01T23:18:50Z,2026-08-02T01:18:50+0200,914f204b-61c9-48d9-af2c-6470ecd1bcbf,2026-07-11T13:45:00Z,2026-07-11T15:45:00+0200,-0.31,EUR/MWh,NL,NL,day_ahead_price,value,2026-08-01T23:22:07Z
2026-08-01T23:18:50Z,2026-08-02T01:18:50+0200,914f204b-61c9-48d9-af2c-6470ecd1bcbf,2026-07-11T14:00:00Z,2026-07-11T16:00:00+0200,-0.01,EUR/MWh,NL,NL,day_ahead_price,value,2026-08-01T23:22:07Z
2026-08-01T23:18:50Z,2026-08-02T01:18:50+0200,914f204b-61c9-48d9-af2c-6470ecd1bcbf,2026-07-11T14:15:00Z,2026-07-11T16:15:00+0200,0.27,EUR/MWh,NL,NL,day_ahead_price,value,2026-08-01T23:22:07Z
2026-08-01T23:18:50Z,2026-08-02T01:18:50+0200,914f204b-61c9-48d9-af2c-6470ecd1bcbf,2026-07-11T14:30:00Z,2026-07-11T16:30:00+0200,0.44,EUR/MWh,NL,NL,day_ahead_price,value,2026-08-01T23:22:07Z
2026-08-01T23:18:50Z,2026-08-02T01:18:50+0200,914f204b-61c9-48d9-af2c-6470ecd1bcbf,2026-07-11T14:45:00Z,2026-07-11T16:45:00+0200,25.23,EUR/MWh,NL,NL,day_ahead_price,value,2026-08-01T23:22:07Z
2026-08-01T23:18:50Z,2026-08-02T01:18:50+0200,914f204b-61c9-48d9-af2c-6470ecd1bcbf,2026-07-11T15:00:00Z,2026-07-11T17:00:00+0200,14.58,EUR/MWh,NL,NL,day_ahead_price,value,2026-08-01T23:22:07Z
2026-08-01T23:18:50Z,2026-08-02T01:18:50+0200,914f204b-61c9-48d9-af2c-6470ecd1bcbf,2026-07-11T15:15:00Z,2026-07-11T17:15:00+0200,67.13,EUR/MWh,NL,NL,day_ahead_price,value,2026-08-01T23:22:07Z
2026-08-01T23:18:50Z,2026-08-02T01:18:50+0200,914f204b-61c9-48d9-af2c-6470ecd1bcbf,2026-07-11T15:30:00Z,2026-07-11T17:30:00+0200,94.75,EUR/MWh,NL,NL,day_ahead_price,value,2026-08-01T23:22:07Z
2026-08-01T23:18:50Z,2026-08-02T01:18:50+0200,914f204b-61c9-48d9-af2c-6470ecd1bcbf,2026-07-11T15:45:00Z,2026-07-11T17:45:00+0200,123.63,EUR/MWh,NL,NL,day_ahead_price,value,2026-08-01T23:22:07Z
2026-08-01T23:18:50Z,2026-08-02T01:18:50+0200,914f204b-61c9-48d9-af2c-6470ecd1bcbf,2026-07-11T16:00:00Z,2026-07-11T18:00:00+0200,98.02,EUR/MWh,NL,NL,day_ahead_price,value,2026-08-01T23:22:07Z
2026-08-01T23:18:50Z,2026-08-02T01:18:50+0200,914f204b-61c9-48d9-af2c-6470ecd1bcbf,2026-07-11T16:15:00Z,2026-07-11T18:15:00+0200,113.68,EUR/MWh,NL,NL,day_ahead_price,value,2026-08-01T23:22:07Z
2026-08-01T23:18:50Z,2026-08-02T01:18:50+0200,914f204b-61c9-48d9-af2c-6470ecd1bcbf,2026-07-11T16:30:00Z,2026-07-11T18:30:00+0200,131.18,EUR/MWh,NL,NL,day_ahead_price,value,2026-08-01T23:22:07Z
2026-08-01T23:18:50Z,2026-08-02T01:18:50+0200,914f204b-61c9-48d9-af2c-6470ecd1bcbf,2026-07-11T16:45:00Z,2026-07-11T18:45:00+0200,140.07,EUR/MWh,NL,NL,day_ahead_price,value,2026-08-01T23:22:07Z
2026-08-01T23:18:50Z,2026-08-02T01:18:50+0200,914f204b-61c9-48d9-af2c-6470ecd1bcbf,2026-07-11T17:00:00Z,2026-07-11T19:00:00+0200,130.17,EUR/MWh,NL,NL,day_ahead_price,value,2026-08-01T23:22:07Z
2026-08-01T23:18:50Z,2026-08-02T01:18:50+0200,914f204b-61c9-48d9-af2c-6470ecd1bcbf,2026-07-11T17:15:00Z,2026-07-11T19:15:00+0200,141.02,EUR/MWh,NL,NL,day_ahead_price,value,2026-08-01T23:22:07Z
2026-08-01T23:18:50Z,2026-08-02T01:18:50+0200,914f204b-61c9-48d9-af2c-6470ecd1bcbf,2026-07-11T17:30:00Z,2026-07-11T19:30:00+0200,144.14,EUR/MWh,NL,NL,day_ahead_price,value,2026-08-01T23:22:07Z
2026-08-01T23:18:50Z,2026-08-02T01:18:50+0200,914f204b-61c9-48d9-af2c-6470ecd1bcbf,2026-07-11T17:45:00Z,2026-07-11T19:45:00+0200,148.74,EUR/MWh,NL,NL,day_ahead_price,value,2026-08-01T23:22:07Z
2026-08-01T23:18:50Z,2026-08-02T01:18:50+0200,914f204b-61c9-48d9-af2c-6470ecd1bcbf,2026-07-11T18:00:00Z,2026-07-11T20:00:00+0200,148.18,EUR/MWh,NL,NL,day_ahead_price,value,2026-08-01T23:22:07Z
2026-08-01T23:18:50Z,2026-08-02T01:18:50+0200,914f204b-61c9-48d9-af2c-6470ecd1bcbf,2026-07-11T18:15:00Z,2026-07-11T20:15:00+0200,151.27,EUR/MWh,NL,NL,day_ahead_price,value,2026-08-01T23:22:07Z
2026-08-01T23:18:50Z,2026-08-02T01:18:50+0200,914f204b-61c9-48d9-af2c-6470ecd1bcbf,2026-07-11T18:30:00Z,2026-07-11T20:30:00+0200,153.14,EUR/MWh,NL,NL,day_ahead_price,value,2026-08-01T23:22:07Z
2026-08-01T23:18:50Z,2026-08-02T01:18:50+0200,914f204b-61c9-48d9-af2c-6470ecd1bcbf,2026-07-11T18:45:00Z,2026-07-11T20:45:00+0200,154.47,EUR/MWh,NL,NL,day_ahead_price,value,2026-08-01T23:22:07Z
2026-08-01T23:18:50Z,2026-08-02T01:18:50+0200,914f204b-61c9-48d9-af2c-6470ecd1bcbf,2026-07-11T19:00:00Z,2026-07-11T21:00:00+0200,155.98,EUR/MWh,NL,NL,day_ahead_price,value,2026-08-01T23:22:07Z
2026-08-01T23:18:50Z,2026-08-02T01:18:50+0200,914f204b-61c9-48d9-af2c-6470ecd1bcbf,2026-07-11T19:15:00Z,2026-07-11T21:15:00+0200,154.63,EUR/MWh,NL,NL,day_ahead_price,value,2026-08-01T23:22:07Z
2026-08-01T23:18:50Z,2026-08-02T01:18:50+0200,914f204b-61c9-48d9-af2c-6470ecd1bcbf,2026-07-11T19:30:00Z,2026-07-11T21:30:00+0200,157.95,EUR/MWh,NL,NL,day_ahead_price,value,2026-08-01T23:22:07Z
2026-08-01T23:18:50Z,2026-08-02T01:18:50+0200,914f204b-61c9-48d9-af2c-6470ecd1bcbf,2026-07-11T19:45:00Z,2026-07-11T21:45:00+0200,156.54,EUR/MWh,NL,NL,day_ahead_price,value,2026-08-01T23:22:07Z
2026-08-01T23:18:50Z,2026-08-02T01:18:50+0200,914f204b-61c9-48d9-af2c-6470ecd1bcbf,2026-07-11T20:00:00Z,2026-07-11T22:00:00+0200,160.01,EUR/MWh,NL,NL,day_ahead_price,value,2026-08-01T23:22:07Z
2026-08-01T23:18:50Z,2026-08-02T01:18:50+0200,914f204b-61c9-48d9-af2c-6470ecd1bcbf,2026-07-11T20:15:00Z,2026-07-11T22:15:00+0200,155.31,EUR/MWh,NL,NL,day_ahead_price,value,2026-08-01T23:22:07Z
2026-08-01T23:18:50Z,2026-08-02T01:18:50+0200,914f204b-61c9-48d9-af2c-6470ecd1bcbf,2026-07-11T20:30:00Z,2026-07-11T22:30:00+0200,155.28,EUR/MWh,NL,NL,day_ahead_price,value,2026-08-01T23:22:07Z
2026-08-01T23:18:50Z,2026-08-02T01:18:50+0200,914f204b-61c9-48d9-af2c-6470ecd1bcbf,2026-07-11T20:45:00Z,2026-07-11T22:45:00+0200,148.95,EUR/MWh,NL,NL,day_ahead_price,value,2026-08-01T23:22:07Z
2026-08-01T23:18:50Z,2026-08-02T01:18:50+0200,914f204b-61c9-48d9-af2c-6470ecd1bcbf,2026-07-11T21:00:00Z,2026-07-11T23:00:00+0200,151.36,EUR/MWh,NL,NL,day_ahead_price,value,2026-08-01T23:22:07Z
2026-08-01T23:18:50Z,2026-08-02T01:18:50+0200,914f204b-61c9-48d9-af2c-6470ecd1bcbf,2026-07-11T21:15:00Z,2026-07-11T23:15:00+0200,145.21,EUR/MWh,NL,NL,day_ahead_price,value,2026-08-01T23:22:07Z
2026-08-01T23:18:50Z,2026-08-02T01:18:50+0200,914f204b-61c9-48d9-af2c-6470ecd1bcbf,2026-07-11T21:30:00Z,2026-07-11T23:30:00+0200,145.0,EUR/MWh,NL,NL,day_ahead_price,value,2026-08-01T23:22:07Z
2026-08-01T23:18:50Z,2026-08-02T01:18:50+0200,914f204b-61c9-48d9-af2c-6470ecd1bcbf,2026-07-11T21:45:00Z,2026-07-11T23:45:00+0200,140.78,EUR/MWh,NL,NL,day_ahead_price,value,2026-08-01T23:22:07Z
2026-08-01T23:18:50Z,2026-08-02T01:18:50+0200,914f204b-61c9-48d9-af2c-6470ecd1bcbf,2026-07-11T22:00:00Z,2026-07-12T00:00:00+0200,140.51,EUR/MWh,NL,NL,day_ahead_price,value,2026-08-01T23:22:07Z
2026-08-01T23:18:50Z,2026-08-02T01:18:50+0200,914f204b-61c9-48d9-af2c-6470ecd1bcbf,2026-07-11T22:15:00Z,2026-07-12T00:15:00+0200,140.0,EUR/MWh,NL,NL,day_ahead_price,value,2026-08-01T23:22:07Z
2026-08-01T23:18:50Z,2026-08-02T01:18:50+0200,914f204b-61c9-48d9-af2c-6470ecd1bcbf,2026-07-11T22:30:00Z,2026-07-12T00:30:00+0200,138.76,EUR/MWh,NL,NL,day_ahead_price,value,2026-08-01T23:22:07Z
2026-08-01T23:18:50Z,2026-08-02T01:18:50+0200,914f204b-61c9-48d9-af2c-6470ecd1bcbf,2026-07-11T22:45:00Z,2026-07-12T00:45:00+0200,130.5,EUR/MWh,NL,NL,day_ahead_price,value,2026-08-01T23:22:07Z
2026-08-01T23:18:50Z,2026-08-02T01:18:50+0200,914f204b-61c9-48d9-af2c-6470ecd1bcbf,2026-07-11T23:00:00Z,2026-07-12T01:00:00+0200,135.2,EUR/MWh,NL,NL,day_ahead_price,value,2026-08-01T23:22:07Z
2026-08-01T23:18:50Z,2026-08-02T01:18:50+0200,914f204b-61c9-48d9-af2c-6470ecd1bcbf,2026-07-11T23:15:00Z,2026-07-12T01:15:00+0200,135.0,EUR/MWh,NL,NL,day_ahead_price,value,2026-08-01T23:22:07Z
2026-08-01T23:18:50Z,2026-08-02T01:18:50+0200,914f204b-61c9-48d9-af2c-6470ecd1bcbf,2026-07-11T23:30:00Z,2026-07-12T01:30:00+0200,131.34,EUR/MWh,NL,NL,day_ahead_price,value,2026-08-01T23:22:07Z
2026-08-01T23:18:50Z,2026-08-02T01:18:50+0200,914f204b-61c9-48d9-af2c-6470ecd1bcbf,2026-07-11T23:45:00Z,2026-07-12T01:45:00+0200,126.0,EUR/MWh,NL,NL,day_ahead_price,value,2026-08-01T23:22:07Z
2026-08-01T23:18:50Z,2026-08-02T01:18:50+0200,914f204b-61c9-48d9-af2c-6470ecd1bcbf,2026-07-12T00:00:00Z,2026-07-12T02:00:00+0200,127.94,EUR/MWh,NL,NL,day_ahead_price,value,2026-08-01T23:22:07Z
2026-08-01T23:18:50Z,2026-08-02T01:18:50+0200,914f204b-61c9-48d9-af2c-6470ecd1bcbf,2026-07-12T00:15:00Z,2026-07-12T02:15:00+0200,126.04,EUR/MWh,NL,NL,day_ahead_price,value,2026-08-01T23:22:07Z
2026-08-01T23:18:50Z,2026-08-02T01:18:50+0200,914f204b-61c9-48d9-af2c-6470ecd1bcbf,2026-07-12T00:30:00Z,2026-07-12T02:30:00+0200,124.8,EUR/MWh,NL,NL,day_ahead_price,value,2026-08-01T23:22:07Z
2026-08-01T23:18:50Z,2026-08-02T01:18:50+0200,914f204b-61c9-48d9-af2c-6470ecd1bcbf,2026-07-12T00:45:00Z,2026-07-12T02:45:00+0200,123.5,EUR/MWh,NL,NL,day_ahead_price,value,2026-08-01T23:22:07Z
2026-08-01T23:18:50Z,2026-08-02T01:18:50+0200,914f204b-61c9-48d9-af2c-6470ecd1bcbf,2026-07-12T01:00:00Z,2026-07-12T03:00:00+0200,127.93,EUR/MWh,NL,NL,day_ahead_price,value,2026-08-01T23:22:07Z
2026-08-01T23:18:50Z,2026-08-02T01:18:50+0200,914f204b-61c9-48d9-af2c-6470ecd1bcbf,2026-07-12T01:15:00Z,2026-07-12T03:15:00+0200,127.92,EUR/MWh,NL,NL,day_ahead_price,value,2026-08-01T23:22:07Z
2026-08-01T23:18:50Z,2026-08-02T01:18:50+0200,914f204b-61c9-48d9-af2c-6470ecd1bcbf,2026-07-12T01:30:00Z,2026-07-12T03:30:00+0200,122.85,EUR/MWh,NL,NL,day_ahead_price,value,2026-08-01T23:22:07Z
2026-08-01T23:18:50Z,2026-08-02T01:18:50+0200,914f204b-61c9-48d9-af2c-6470ecd1bcbf,2026-07-12T01:45:00Z,2026-07-12T03:45:00+0200,121.7,EUR/MWh,NL,NL,day_ahead_price,value,2026-08-01T23:22:07Z
2026-08-01T23:18:50Z,2026-08-02T01:18:50+0200,914f204b-61c9-48d9-af2c-6470ecd1bcbf,2026-07-12T02:00:00Z,2026-07-12T04:00:00+0200,127.0,EUR/MWh,NL,NL,day_ahead_price,value,2026-08-01T23:22:07Z
2026-08-01T23:18:50Z,2026-08-02T01:18:50+0200,914f204b-61c9-48d9-af2c-6470ecd1bcbf,2026-07-12T02:15:00Z,2026-07-12T04:15:00+0200,123.23,EUR/MWh,NL,NL,day_ahead_price,value,2026-08-01T23:22:07Z
2026-08-01T23:18:50Z,2026-08-02T01:18:50+0200,914f204b-61c9-48d9-af2c-6470ecd1bcbf,2026-07-12T02:30:00Z,2026-07-12T04:30:00+0200,121.11,EUR/MWh,NL,NL,day_ahead_price,value,2026-08-01T23:22:07Z
2026-08-01T23:18:50Z,2026-08-02T01:18:50+0200,914f204b-61c9-48d9-af2c-6470ecd1bcbf,2026-07-12T02:45:00Z,2026-07-12T04:45:00+0200,120.19,EUR/MWh,NL,NL,day_ahead_price,value,2026-08-01T23:22:07Z
2026-08-01T23:18:50Z,2026-08-02T01:18:50+0200,914f204b-61c9-48d9-af2c-6470ecd1bcbf,2026-07-12T03:00:00Z,2026-07-12T05:00:00+0200,124.0,EUR/MWh,NL,NL,day_ahead_price,value,2026-08-01T23:22:07Z
2026-08-01T23:18:50Z,2026-08-02T01:18:50+0200,914f204b-61c9-48d9-af2c-6470ecd1bcbf,2026-07-12T03:15:00Z,2026-07-12T05:15:00+0200,122.18,EUR/MWh,NL,NL,day_ahead_price,value,2026-08-01T23:22:07Z
2026-08-01T23:18:50Z,2026-08-02T01:18:50+0200,914f204b-61c9-48d9-af2c-6470ecd1bcbf,2026-07-12T03:30:00Z,2026-07-12T05:30:00+0200,120.54,EUR/MWh,NL,NL,day_ahead_price,value,2026-08-01T23:22:07Z
2026-08-01T23:18:50Z,2026-08-02T01:18:50+0200,914f204b-61c9-48d9-af2c-6470ecd1bcbf,2026-07-12T03:45:00Z,2026-07-12T05:45:00+0200,114.2,EUR/MWh,NL,NL,day_ahead_price,value,2026-08-01T23:22:07Z
2026-08-01T23:18:50Z,2026-08-02T01:18:50+0200,914f204b-61c9-48d9-af2c-6470ecd1bcbf,2026-07-12T04:00:00Z,2026-07-12T06:00:00+0200,118.64,EUR/MWh,NL,NL,day_ahead_price,value,2026-08-01T23:22:07Z
2026-08-01T23:18:50Z,2026-08-02T01:18:50+0200,914f204b-61c9-48d9-af2c-6470ecd1bcbf,2026-07-12T04:15:00Z,2026-07-12T06:15:00+0200,112.33,EUR/MWh,NL,NL,day_ahead_price,value,2026-08-01T23:22:07Z
2026-08-01T23:18:50Z,2026-08-02T01:18:50+0200,914f204b-61c9-48d9-af2c-6470ecd1bcbf,2026-07-12T04:30:00Z,2026-07-12T06:30:00+0200,110.0,EUR/MWh,NL,NL,day_ahead_price,value,2026-08-01T23:22:07Z
2026-08-01T23:18:50Z,2026-08-02T01:18:50+0200,914f204b-61c9-48d9-af2c-6470ecd1bcbf,2026-07-12T04:45:00Z,2026-07-12T06:45:00+0200,105.48,EUR/MWh,NL,NL,day_ahead_price,value,2026-08-01T23:22:07Z
2026-08-01T23:18:50Z,2026-08-02T01:18:50+0200,914f204b-61c9-48d9-af2c-6470ecd1bcbf,2026-07-12T05:00:00Z,2026-07-12T07:00:00+0200,112.31,EUR/MWh,NL,NL,day_ahead_price,value,2026-08-01T23:22:07Z
2026-08-01T23:18:50Z,2026-08-02T01:18:50+0200,914f204b-61c9-48d9-af2c-6470ecd1bcbf,2026-07-12T05:15:00Z,2026-07-12T07:15:00+0200,108.3,EUR/MWh,NL,NL,day_ahead_price,value,2026-08-01T23:22:07Z
2026-08-01T23:18:50Z,2026-08-02T01:18:50+0200,914f204b-61c9-48d9-af2c-6470ecd1bcbf,2026-07-12T05:30:00Z,2026-07-12T07:30:00+0200,101.21,EUR/MWh,NL,NL,day_ahead_price,value,2026-08-01T23:22:07Z
2026-08-01T23:18:50Z,2026-08-02T01:18:50+0200,914f204b-61c9-48d9-af2c-6470ecd1bcbf,2026-07-12T05:45:00Z,2026-07-12T07:45:00+0200,77.28,EUR/MWh,NL,NL,day_ahead_price,value,2026-08-01T23:22:07Z
2026-08-01T23:18:50Z,2026-08-02T01:18:50+0200,914f204b-61c9-48d9-af2c-6470ecd1bcbf,2026-07-12T06:00:00Z,2026-07-12T08:00:00+0200,103.56,EUR/MWh,NL,NL,day_ahead_price,value,2026-08-01T23:22:07Z
2026-08-01T23:18:50Z,2026-08-02T01:18:50+0200,914f204b-61c9-48d9-af2c-6470ecd1bcbf,2026-07-12T06:15:00Z,2026-07-12T08:15:00+0200,79.19,EUR/MWh,NL,NL,day_ahead_price,value,2026-08-01T23:22:07Z
2026-08-01T23:18:50Z,2026-08-02T01:18:50+0200,914f204b-61c9-48d9-af2c-6470ecd1bcbf,2026-07-12T06:30:00Z,2026-07-12T08:30:00+0200,52.09,EUR/MWh,NL,NL,day_ahead_price,value,2026-08-01T23:22:07Z
2026-08-01T23:18:50Z,2026-08-02T01:18:50+0200,914f204b-61c9-48d9-af2c-6470ecd1bcbf,2026-07-12T06:45:00Z,2026-07-12T08:45:00+0200,13.17,EUR/MWh,NL,NL,day_ahead_price,value,2026-08-01T23:22:07Z
2026-08-01T23:18:50Z,2026-08-02T01:18:50+0200,914f204b-61c9-48d9-af2c-6470ecd1bcbf,2026-07-12T07:00:00Z,2026-07-12T09:00:00+0200,20.0,EUR/MWh,NL,NL,day_ahead_price,value,2026-08-01T23:22:07Z
2026-08-01T23:18:50Z,2026-08-02T01:18:50+0200,914f204b-61c9-48d9-af2c-6470ecd1bcbf,2026-07-12T07:15:00Z,2026-07-12T09:15:00+0200,1.54,EUR/MWh,NL,NL,day_ahead_price,value,2026-08-01T23:22:07Z
2026-08-01T23:18:50Z,2026-08-02T01:18:50+0200,914f204b-61c9-48d9-af2c-6470ecd1bcbf,2026-07-12T07:30:00Z,2026-07-12T09:30:00+0200,0.0,EUR/MWh,NL,NL,day_ahead_price,value,2026-08-01T23:22:07Z
2026-08-01T23:18:50Z,2026-08-02T01:18:50+0200,914f204b-61c9-48d9-af2c-6470ecd1bcbf,2026-07-12T07:45:00Z,2026-07-12T09:45:00+0200,0.0,EUR/MWh,NL,NL,day_ahead_price,value,2026-08-01T23:22:07Z
2026-08-01T23:18:50Z,2026-08-02T01:18:50+0200,914f204b-61c9-48d9-af2c-6470ecd1bcbf,2026-07-12T08:00:00Z,2026-07-12T10:00:00+0200,-0.01,EUR/MWh,NL,NL,day_ahead_price,value,2026-08-01T23:22:07Z
2026-08-01T23:18:50Z,2026-08-02T01:18:50+0200,914f204b-61c9-48d9-af2c-6470ecd1bcbf,2026-07-12T08:15:00Z,2026-07-12T10:15:00+0200,-0.01,EUR/MWh,NL,NL,day_ahead_price,value,2026-08-01T23:22:07Z
2026-08-01T23:18:50Z,2026-08-02T01:18:50+0200,914f204b-61c9-48d9-af2c-6470ecd1bcbf,2026-07-12T08:30:00Z,2026-07-12T10:30:00+0200,-0.05,EUR/MWh,NL,NL,day_ahead_price,value,2026-08-01T23:22:07Z
2026-08-01T23:18:50Z,2026-08-02T01:18:50+0200,914f204b-61c9-48d9-af2c-6470ecd1bcbf,2026-07-12T08:45:00Z,2026-07-12T10:45:00+0200,-0.11,EUR/MWh,NL,NL,day_ahead_price,value,2026-08-01T23:22:07Z
2026-08-01T23:18:50Z,2026-08-02T01:18:50+0200,914f204b-61c9-48d9-af2c-6470ecd1bcbf,2026-07-12T09:00:00Z,2026-07-12T11:00:00+0200,-2.05,EUR/MWh,NL,NL,day_ahead_price,value,2026-08-01T23:22:07Z
2026-08-01T23:18:50Z,2026-08-02T01:18:50+0200,914f204b-61c9-48d9-af2c-6470ecd1bcbf,2026-07-12T09:15:00Z,2026-07-12T11:15:00+0200,-3.05,EUR/MWh,NL,NL,day_ahead_price,value,2026-08-01T23:22:07Z
2026-08-01T23:18:50Z,2026-08-02T01:18:50+0200,914f204b-61c9-48d9-af2c-6470ecd1bcbf,2026-07-12T09:30:00Z,2026-07-12T11:30:00+0200,-4.11,EUR/MWh,NL,NL,day_ahead_price,value,2026-08-01T23:22:07Z
2026-08-01T23:18:50Z,2026-08-02T01:18:50+0200,914f204b-61c9-48d9-af2c-6470ecd1bcbf,2026-07-12T09:45:00Z,2026-07-12T11:45:00+0200,-7.04,EUR/MWh,NL,NL,day_ahead_price,value,2026-08-01T23:22:07Z
2026-08-01T23:18:50Z,2026-08-02T01:18:50+0200,914f204b-61c9-48d9-af2c-6470ecd1bcbf,2026-07-12T10:00:00Z,2026-07-12T12:00:00+0200,-10.35,EUR/MWh,NL,NL,day_ahead_price,value,2026-08-01T23:22:07Z
2026-08-01T23:18:50Z,2026-08-02T01:18:50+0200,914f204b-61c9-48d9-af2c-6470ecd1bcbf,2026-07-12T10:15:00Z,2026-07-12T12:15:00+0200,-13.2,EUR/MWh,NL,NL,day_ahead_price,value,2026-08-01T23:22:07Z
2026-08-01T23:18:50Z,2026-08-02T01:18:50+0200,914f204b-61c9-48d9-af2c-6470ecd1bcbf,2026-07-12T10:30:00Z,2026-07-12T12:30:00+0200,-17.32,EUR/MWh,NL,NL,day_ahead_price,value,2026-08-01T23:22:07Z
2026-08-01T23:18:50Z,2026-08-02T01:18:50+0200,914f204b-61c9-48d9-af2c-6470ecd1bcbf,2026-07-12T10:45:00Z,2026-07-12T12:45:00+0200,-20.0,EUR/MWh,NL,NL,day_ahead_price,value,2026-08-01T23:22:07Z
2026-08-01T23:18:50Z,2026-08-02T01:18:50+0200,914f204b-61c9-48d9-af2c-6470ecd1bcbf,2026-07-12T11:00:00Z,2026-07-12T13:00:00+0200,-20.39,EUR/MWh,NL,NL,day_ahead_price,value,2026-08-01T23:22:07Z
2026-08-01T23:18:50Z,2026-08-02T01:18:50+0200,914f204b-61c9-48d9-af2c-6470ecd1bcbf,2026-07-12T11:15:00Z,2026-07-12T13:15:00+0200,-21.56,EUR/MWh,NL,NL,day_ahead_price,value,2026-08-01T23:22:07Z
2026-08-01T23:18:50Z,2026-08-02T01:18:50+0200,914f204b-61c9-48d9-af2c-6470ecd1bcbf,2026-07-12T11:30:00Z,2026-07-12T13:30:00+0200,-25.0,EUR/MWh,NL,NL,day_ahead_price,value,2026-08-01T23:22:07Z
2026-08-01T23:18:50Z,2026-08-02T01:18:50+0200,914f204b-61c9-48d9-af2c-6470ecd1bcbf,2026-07-12T11:45:00Z,2026-07-12T13:45:00+0200,-25.1,EUR/MWh,NL,NL,day_ahead_price,value,2026-08-01T23:22:07Z
2026-08-01T23:18:50Z,2026-08-02T01:18:50+0200,914f204b-61c9-48d9-af2c-6470ecd1bcbf,2026-07-12T12:00:00Z,2026-07-12T14:00:00+0200,-22.22,EUR/MWh,NL,NL,day_ahead_price,value,2026-08-01T23:22:07Z
2026-08-01T23:18:50Z,2026-08-02T01:18:50+0200,914f204b-61c9-48d9-af2c-6470ecd1bcbf,2026-07-12T12:15:00Z,2026-07-12T14:15:00+0200,-21.74,EUR/MWh,NL,NL,day_ahead_price,value,2026-08-01T23:22:07Z
2026-08-01T23:18:50Z,2026-08-02T01:18:50+0200,914f204b-61c9-48d9-af2c-6470ecd1bcbf,2026-07-12T12:30:00Z,2026-07-12T14:30:00+0200,-21.25,EUR/MWh,NL,NL,day_ahead_price,value,2026-08-01T23:22:07Z
2026-08-01T23:18:50Z,2026-08-02T01:18:50+0200,914f204b-61c9-48d9-af2c-6470ecd1bcbf,2026-07-12T12:45:00Z,2026-07-12T14:45:00+0200,-20.0,EUR/MWh,NL,NL,day_ahead_price,value,2026-08-01T23:22:07Z
2026-08-01T23:18:50Z,2026-08-02T01:18:50+0200,914f204b-61c9-48d9-af2c-6470ecd1bcbf,2026-07-12T13:00:00Z,2026-07-12T15:00:00+0200,-18.57,EUR/MWh,NL,NL,day_ahead_price,value,2026-08-01T23:22:07Z
2026-08-01T23:18:50Z,2026-08-02T01:18:50+0200,914f204b-61c9-48d9-af2c-6470ecd1bcbf,2026-07-12T13:15:00Z,2026-07-12T15:15:00+0200,-13.2,EUR/MWh,NL,NL,day_ahead_price,value,2026-08-01T23:22:07Z
2026-08-01T23:18:50Z,2026-08-02T01:18:50+0200,914f204b-61c9-48d9-af2c-6470ecd1bcbf,2026-07-12T13:30:00Z,2026-07-12T15:30:00+0200,-9.96,EUR/MWh,NL,NL,day_ahead_price,value,2026-08-01T23:22:07Z
2026-08-01T23:18:50Z,2026-08-02T01:18:50+0200,914f204b-61c9-48d9-af2c-6470ecd1bcbf,2026-07-12T13:45:00Z,2026-07-12T15:45:00+0200,-6.0,EUR/MWh,NL,NL,day_ahead_price,value,2026-08-01T23:22:07Z
2026-08-01T23:18:50Z,2026-08-02T01:18:50+0200,914f204b-61c9-48d9-af2c-6470ecd1bcbf,2026-07-12T14:00:00Z,2026-07-12T16:00:00+0200,-3.04,EUR/MWh,NL,NL,day_ahead_price,value,2026-08-01T23:22:07Z
2026-08-01T23:18:50Z,2026-08-02T01:18:50+0200,914f204b-61c9-48d9-af2c-6470ecd1bcbf,2026-07-12T14:15:00Z,2026-07-12T16:15:00+0200,-2.04,EUR/MWh,NL,NL,day_ahead_price,value,2026-08-01T23:22:07Z
2026-08-01T23:18:50Z,2026-08-02T01:18:50+0200,914f204b-61c9-48d9-af2c-6470ecd1bcbf,2026-07-12T14:30:00Z,2026-07-12T16:30:00+0200,-2.0,EUR/MWh,NL,NL,day_ahead_price,value,2026-08-01T23:22:07Z
2026-08-01T23:18:50Z,2026-08-02T01:18:50+0200,914f204b-61c9-48d9-af2c-6470ecd1bcbf,2026-07-12T14:45:00Z,2026-07-12T16:45:00+0200,-3.69,EUR/MWh,NL,NL,day_ahead_price,value,2026-08-01T23:22:07Z
2026-08-01T23:18:50Z,2026-08-02T01:18:50+0200,914f204b-61c9-48d9-af2c-6470ecd1bcbf,2026-07-12T15:00:00Z,2026-07-12T17:00:00+0200,-1.16,EUR/MWh,NL,NL,day_ahead_price,value,2026-08-01T23:22:07Z
2026-08-01T23:18:50Z,2026-08-02T01:18:50+0200,914f204b-61c9-48d9-af2c-6470ecd1bcbf,2026-07-12T15:15:00Z,2026-07-12T17:15:00+0200,-0.01,EUR/MWh,NL,NL,day_ahead_price,value,2026-08-01T23:22:07Z
2026-08-01T23:18:50Z,2026-08-02T01:18:50+0200,914f204b-61c9-48d9-af2c-6470ecd1bcbf,2026-07-12T15:30:00Z,2026-07-12T17:30:00+0200,0.97,EUR/MWh,NL,NL,day_ahead_price,value,2026-08-01T23:22:07Z
2026-08-01T23:18:50Z,2026-08-02T01:18:50+0200,914f204b-61c9-48d9-af2c-6470ecd1bcbf,2026-07-12T15:45:00Z,2026-07-12T17:45:00+0200,29.1,EUR/MWh,NL,NL,day_ahead_price,value,2026-08-01T23:22:07Z
2026-08-01T23:18:50Z,2026-08-02T01:18:50+0200,914f204b-61c9-48d9-af2c-6470ecd1bcbf,2026-07-12T16:00:00Z,2026-07-12T18:00:00+0200,25.64,EUR/MWh,NL,NL,day_ahead_price,value,2026-08-01T23:22:07Z
2026-08-01T23:18:50Z,2026-08-02T01:18:50+0200,914f204b-61c9-48d9-af2c-6470ecd1bcbf,2026-07-12T16:15:00Z,2026-07-12T18:15:00+0200,90.67,EUR/MWh,NL,NL,day_ahead_price,value,2026-08-01T23:22:07Z
2026-08-01T23:18:50Z,2026-08-02T01:18:50+0200,914f204b-61c9-48d9-af2c-6470ecd1bcbf,2026-07-12T16:30:00Z,2026-07-12T18:30:00+0200,116.12,EUR/MWh,NL,NL,day_ahead_price,value,2026-08-01T23:22:07Z
2026-08-01T23:18:50Z,2026-08-02T01:18:50+0200,914f204b-61c9-48d9-af2c-6470ecd1bcbf,2026-07-12T16:45:00Z,2026-07-12T18:45:00+0200,132.01,EUR/MWh,NL,NL,day_ahead_price,value,2026-08-01T23:22:07Z
2026-08-01T23:18:50Z,2026-08-02T01:18:50+0200,914f204b-61c9-48d9-af2c-6470ecd1bcbf,2026-07-12T17:00:00Z,2026-07-12T19:00:00+0200,111.42,EUR/MWh,NL,NL,day_ahead_price,value,2026-08-01T23:22:07Z
2026-08-01T23:18:50Z,2026-08-02T01:18:50+0200,914f204b-61c9-48d9-af2c-6470ecd1bcbf,2026-07-12T17:15:00Z,2026-07-12T19:15:00+0200,133.75,EUR/MWh,NL,NL,day_ahead_price,value,2026-08-01T23:22:07Z
2026-08-01T23:18:50Z,2026-08-02T01:18:50+0200,914f204b-61c9-48d9-af2c-6470ecd1bcbf,2026-07-12T17:30:00Z,2026-07-12T19:30:00+0200,136.1,EUR/MWh,NL,NL,day_ahead_price,value,2026-08-01T23:22:07Z
2026-08-01T23:18:50Z,2026-08-02T01:18:50+0200,914f204b-61c9-48d9-af2c-6470ecd1bcbf,2026-07-12T17:45:00Z,2026-07-12T19:45:00+0200,145.0,EUR/MWh,NL,NL,day_ahead_price,value,2026-08-01T23:22:07Z
2026-08-01T23:18:50Z,2026-08-02T01:18:50+0200,914f204b-61c9-48d9-af2c-6470ecd1bcbf,2026-07-12T18:00:00Z,2026-07-12T20:00:00+0200,135.56,EUR/MWh,NL,NL,day_ahead_price,value,2026-08-01T23:22:07Z
2026-08-01T23:18:50Z,2026-08-02T01:18:50+0200,914f204b-61c9-48d9-af2c-6470ecd1bcbf,2026-07-12T18:15:00Z,2026-07-12T20:15:00+0200,137.93,EUR/MWh,NL,NL,day_ahead_price,value,2026-08-01T23:22:07Z
2026-08-01T23:18:50Z,2026-08-02T01:18:50+0200,914f204b-61c9-48d9-af2c-6470ecd1bcbf,2026-07-12T18:30:00Z,2026-07-12T20:30:00+0200,140.92,EUR/MWh,NL,NL,day_ahead_price,value,2026-08-01T23:22:07Z
2026-08-01T23:18:50Z,2026-08-02T01:18:50+0200,914f204b-61c9-48d9-af2c-6470ecd1bcbf,2026-07-12T18:45:00Z,2026-07-12T20:45:00+0200,144.12,EUR/MWh,NL,NL,day_ahead_price,value,2026-08-01T23:22:07Z
2026-08-01T23:18:50Z,2026-08-02T01:18:50+0200,914f204b-61c9-48d9-af2c-6470ecd1bcbf,2026-07-12T19:00:00Z,2026-07-12T21:00:00+0200,140.1,EUR/MWh,NL,NL,day_ahead_price,value,2026-08-01T23:22:07Z
2026-08-01T23:18:50Z,2026-08-02T01:18:50+0200,914f204b-61c9-48d9-af2c-6470ecd1bcbf,2026-07-12T19:15:00Z,2026-07-12T21:15:00+0200,144.94,EUR/MWh,NL,NL,day_ahead_price,value,2026-08-01T23:22:07Z
2026-08-01T23:18:50Z,2026-08-02T01:18:50+0200,914f204b-61c9-48d9-af2c-6470ecd1bcbf,2026-07-12T19:30:00Z,2026-07-12T21:30:00+0200,145.93,EUR/MWh,NL,NL,day_ahead_price,value,2026-08-01T23:22:07Z
2026-08-01T23:18:50Z,2026-08-02T01:18:50+0200,914f204b-61c9-48d9-af2c-6470ecd1bcbf,2026-07-12T19:45:00Z,2026-07-12T21:45:00+0200,146.98,EUR/MWh,NL,NL,day_ahead_price,value,2026-08-01T23:22:07Z
2026-08-01T23:18:50Z,2026-08-02T01:18:50+0200,914f204b-61c9-48d9-af2c-6470ecd1bcbf,2026-07-12T20:00:00Z,2026-07-12T22:00:00+0200,149.7,EUR/MWh,NL,NL,day_ahead_price,value,2026-08-01T23:22:07Z
2026-08-01T23:18:50Z,2026-08-02T01:18:50+0200,914f204b-61c9-48d9-af2c-6470ecd1bcbf,2026-07-12T20:15:00Z,2026-07-12T22:15:00+0200,145.0,EUR/MWh,NL,NL,day_ahead_price,value,2026-08-01T23:22:07Z
2026-08-01T23:18:50Z,2026-08-02T01:18:50+0200,914f204b-61c9-48d9-af2c-6470ecd1bcbf,2026-07-12T20:30:00Z,2026-07-12T22:30:00+0200,144.94,EUR/MWh,NL,NL,day_ahead_price,value,2026-08-01T23:22:07Z
2026-08-01T23:18:50Z,2026-08-02T01:18:50+0200,914f204b-61c9-48d9-af2c-6470ecd1bcbf,2026-07-12T20:45:00Z,2026-07-12T22:45:00+0200,140.08,EUR/MWh,NL,NL,day_ahead_price,value,2026-08-01T23:22:07Z
2026-08-01T23:18:50Z,2026-08-02T01:18:50+0200,914f204b-61c9-48d9-af2c-6470ecd1bcbf,2026-07-12T21:00:00Z,2026-07-12T23:00:00+0200,144.97,EUR/MWh,NL,NL,day_ahead_price,value,2026-08-01T23:22:07Z
2026-08-01T23:18:50Z,2026-08-02T01:18:50+0200,914f204b-61c9-48d9-af2c-6470ecd1bcbf,2026-07-12T21:15:00Z,2026-07-12T23:15:00+0200,137.9,EUR/MWh,NL,NL,day_ahead_price,value,2026-08-01T23:22:07Z
2026-08-01T23:18:50Z,2026-08-02T01:18:50+0200,914f204b-61c9-48d9-af2c-6470ecd1bcbf,2026-07-12T21:30:00Z,2026-07-12T23:30:00+0200,138.47,EUR/MWh,NL,NL,day_ahead_price,value,2026-08-01T23:22:07Z
2026-08-01T23:18:50Z,2026-08-02T01:18:50+0200,914f204b-61c9-48d9-af2c-6470ecd1bcbf,2026-07-12T21:45:00Z,2026-07-12T23:45:00+0200,135.93,EUR/MWh,NL,NL,day_ahead_price,value,2026-08-01T23:22:07Z
2026-08-01T23:18:50Z,2026-08-02T01:18:50+0200,914f204b-61c9-48d9-af2c-6470ecd1bcbf,2026-07-12T22:00:00Z,2026-07-13T00:00:00+0200,131.94,EUR/MWh,NL,NL,day_ahead_price,value,2026-08-01T23:22:07Z
2026-08-01T23:18:50Z,2026-08-02T01:18:50+0200,914f204b-61c9-48d9-af2c-6470ecd1bcbf,2026-07-12T22:15:00Z,2026-07-13T00:15:00+0200,130.0,EUR/MWh,NL,NL,day_ahead_price,value,2026-08-01T23:22:07Z
2026-08-01T23:18:50Z,2026-08-02T01:18:50+0200,914f204b-61c9-48d9-af2c-6470ecd1bcbf,2026-07-12T22:30:00Z,2026-07-13T00:30:00+0200,129.41,EUR/MWh,NL,NL,day_ahead_price,value,2026-08-01T23:22:07Z
2026-08-01T23:18:50Z,2026-08-02T01:18:50+0200,914f204b-61c9-48d9-af2c-6470ecd1bcbf,2026-07-12T22:45:00Z,2026-07-13T00:45:00+0200,127.57,EUR/MWh,NL,NL,day_ahead_price,value,2026-08-01T23:22:07Z
2026-08-01T23:18:50Z,2026-08-02T01:18:50+0200,914f204b-61c9-48d9-af2c-6470ecd1bcbf,2026-07-12T23:00:00Z,2026-07-13T01:00:00+0200,128.42,EUR/MWh,NL,NL,day_ahead_price,value,2026-08-01T23:22:07Z
2026-08-01T23:18:50Z,2026-08-02T01:18:50+0200,914f204b-61c9-48d9-af2c-6470ecd1bcbf,2026-07-12T23:15:00Z,2026-07-13T01:15:00+0200,124.17,EUR/MWh,NL,NL,day_ahead_price,value,2026-08-01T23:22:07Z
2026-08-01T23:18:50Z,2026-08-02T01:18:50+0200,914f204b-61c9-48d9-af2c-6470ecd1bcbf,2026-07-12T23:30:00Z,2026-07-13T01:30:00+0200,123.7,EUR/MWh,NL,NL,day_ahead_price,value,2026-08-01T23:22:07Z
2026-08-01T23:18:50Z,2026-08-02T01:18:50+0200,914f204b-61c9-48d9-af2c-6470ecd1bcbf,2026-07-12T23:45:00Z,2026-07-13T01:45:00+0200,119.03,EUR/MWh,NL,NL,day_ahead_price,value,2026-08-01T23:22:07Z
2026-08-01T23:18:50Z,2026-08-02T01:18:50+0200,914f204b-61c9-48d9-af2c-6470ecd1bcbf,2026-07-13T00:00:00Z,2026-07-13T02:00:00+0200,122.93,EUR/MWh,NL,NL,day_ahead_price,value,2026-08-01T23:22:07Z
2026-08-01T23:18:50Z,2026-08-02T01:18:50+0200,914f204b-61c9-48d9-af2c-6470ecd1bcbf,2026-07-13T00:15:00Z,2026-07-13T02:15:00+0200,118.68,EUR/MWh,NL,NL,day_ahead_price,value,2026-08-01T23:22:07Z
2026-08-01T23:18:50Z,2026-08-02T01:18:50+0200,914f204b-61c9-48d9-af2c-6470ecd1bcbf,2026-07-13T00:30:00Z,2026-07-13T02:30:00+0200,116.93,EUR/MWh,NL,NL,day_ahead_price,value,2026-08-01T23:22:07Z
2026-08-01T23:18:50Z,2026-08-02T01:18:50+0200,914f204b-61c9-48d9-af2c-6470ecd1bcbf,2026-07-13T00:45:00Z,2026-07-13T02:45:00+0200,120.49,EUR/MWh,NL,NL,day_ahead_price,value,2026-08-01T23:22:07Z
2026-08-01T23:18:50Z,2026-08-02T01:18:50+0200,914f204b-61c9-48d9-af2c-6470ecd1bcbf,2026-07-13T01:00:00Z,2026-07-13T03:00:00+0200,118.52,EUR/MWh,NL,NL,day_ahead_price,value,2026-08-01T23:22:07Z
2026-08-01T23:18:50Z,2026-08-02T01:18:50+0200,914f204b-61c9-48d9-af2c-6470ecd1bcbf,2026-07-13T01:15:00Z,2026-07-13T03:15:00+0200,118.83,EUR/MWh,NL,NL,day_ahead_price,value,2026-08-01T23:22:07Z
2026-08-01T23:18:50Z,2026-08-02T01:18:50+0200,914f204b-61c9-48d9-af2c-6470ecd1bcbf,2026-07-13T01:30:00Z,2026-07-13T03:30:00+0200,121.92,EUR/MWh,NL,NL,day_ahead_price,value,2026-08-01T23:22:07Z
2026-08-01T23:18:50Z,2026-08-02T01:18:50+0200,914f204b-61c9-48d9-af2c-6470ecd1bcbf,2026-07-13T01:45:00Z,2026-07-13T03:45:00+0200,122.7,EUR/MWh,NL,NL,day_ahead_price,value,2026-08-01T23:22:07Z
2026-08-01T23:18:50Z,2026-08-02T01:18:50+0200,914f204b-61c9-48d9-af2c-6470ecd1bcbf,2026-07-13T02:00:00Z,2026-07-13T04:00:00+0200,118.68,EUR/MWh,NL,NL,day_ahead_price,value,2026-08-01T23:22:07Z
2026-08-01T23:18:50Z,2026-08-02T01:18:50+0200,914f204b-61c9-48d9-af2c-6470ecd1bcbf,2026-07-13T02:15:00Z,2026-07-13T04:15:00+0200,122.74,EUR/MWh,NL,NL,day_ahead_price,value,2026-08-01T23:22:07Z
2026-08-01T23:18:50Z,2026-08-02T01:18:50+0200,914f204b-61c9-48d9-af2c-6470ecd1bcbf,2026-07-13T02:30:00Z,2026-07-13T04:30:00+0200,125.75,EUR/MWh,NL,NL,day_ahead_price,value,2026-08-01T23:22:07Z
2026-08-01T23:18:50Z,2026-08-02T01:18:50+0200,914f204b-61c9-48d9-af2c-6470ecd1bcbf,2026-07-13T02:45:00Z,2026-07-13T04:45:00+0200,126.2,EUR/MWh,NL,NL,day_ahead_price,value,2026-08-01T23:22:07Z
2026-08-01T23:18:50Z,2026-08-02T01:18:50+0200,914f204b-61c9-48d9-af2c-6470ecd1bcbf,2026-07-13T03:00:00Z,2026-07-13T05:00:00+0200,124.98,EUR/MWh,NL,NL,day_ahead_price,value,2026-08-01T23:22:07Z
2026-08-01T23:18:50Z,2026-08-02T01:18:50+0200,914f204b-61c9-48d9-af2c-6470ecd1bcbf,2026-07-13T03:15:00Z,2026-07-13T05:15:00+0200,128.58,EUR/MWh,NL,NL,day_ahead_price,value,2026-08-01T23:22:07Z
2026-08-01T23:18:50Z,2026-08-02T01:18:50+0200,914f204b-61c9-48d9-af2c-6470ecd1bcbf,2026-07-13T03:30:00Z,2026-07-13T05:30:00+0200,135.14,EUR/MWh,NL,NL,day_ahead_price,value,2026-08-01T23:22:07Z
2026-08-01T23:18:50Z,2026-08-02T01:18:50+0200,914f204b-61c9-48d9-af2c-6470ecd1bcbf,2026-07-13T03:45:00Z,2026-07-13T05:45:00+0200,141.07,EUR/MWh,NL,NL,day_ahead_price,value,2026-08-01T23:22:07Z
2026-08-01T23:18:50Z,2026-08-02T01:18:50+0200,914f204b-61c9-48d9-af2c-6470ecd1bcbf,2026-07-13T04:00:00Z,2026-07-13T06:00:00+0200,143.74,EUR/MWh,NL,NL,day_ahead_price,value,2026-08-01T23:22:07Z
2026-08-01T23:18:50Z,2026-08-02T01:18:50+0200,914f204b-61c9-48d9-af2c-6470ecd1bcbf,2026-07-13T04:15:00Z,2026-07-13T06:15:00+0200,151.22,EUR/MWh,NL,NL,day_ahead_price,value,2026-08-01T23:22:07Z
2026-08-01T23:18:50Z,2026-08-02T01:18:50+0200,914f204b-61c9-48d9-af2c-6470ecd1bcbf,2026-07-13T04:30:00Z,2026-07-13T06:30:00+0200,149.6,EUR/MWh,NL,NL,day_ahead_price,value,2026-08-01T23:22:07Z
2026-08-01T23:18:50Z,2026-08-02T01:18:50+0200,914f204b-61c9-48d9-af2c-6470ecd1bcbf,2026-07-13T04:45:00Z,2026-07-13T06:45:00+0200,150.52,EUR/MWh,NL,NL,day_ahead_price,value,2026-08-01T23:22:07Z
2026-08-01T23:18:50Z,2026-08-02T01:18:50+0200,914f204b-61c9-48d9-af2c-6470ecd1bcbf,2026-07-13T05:00:00Z,2026-07-13T07:00:00+0200,160.31,EUR/MWh,NL,NL,day_ahead_price,value,2026-08-01T23:22:07Z
2026-08-01T23:18:50Z,2026-08-02T01:18:50+0200,914f204b-61c9-48d9-af2c-6470ecd1bcbf,2026-07-13T05:15:00Z,2026-07-13T07:15:00+0200,159.68,EUR/MWh,NL,NL,day_ahead_price,value,2026-08-01T23:22:07Z
2026-08-01T23:18:50Z,2026-08-02T01:18:50+0200,914f204b-61c9-48d9-af2c-6470ecd1bcbf,2026-07-13T05:30:00Z,2026-07-13T07:30:00+0200,149.99,EUR/MWh,NL,NL,day_ahead_price,value,2026-08-01T23:22:07Z
2026-08-01T23:18:50Z,2026-08-02T01:18:50+0200,914f204b-61c9-48d9-af2c-6470ecd1bcbf,2026-07-13T05:45:00Z,2026-07-13T07:45:00+0200,143.05,EUR/MWh,NL,NL,day_ahead_price,value,2026-08-01T23:22:07Z
2026-08-01T23:18:50Z,2026-08-02T01:18:50+0200,914f204b-61c9-48d9-af2c-6470ecd1bcbf,2026-07-13T06:00:00Z,2026-07-13T08:00:00+0200,149.55,EUR/MWh,NL,NL,day_ahead_price,value,2026-08-01T23:22:07Z
2026-08-01T23:18:50Z,2026-08-02T01:18:50+0200,914f204b-61c9-48d9-af2c-6470ecd1bcbf,2026-07-13T06:15:00Z,2026-07-13T08:15:00+0200,145.85,EUR/MWh,NL,NL,day_ahead_price,value,2026-08-01T23:22:07Z
2026-08-01T23:18:50Z,2026-08-02T01:18:50+0200,914f204b-61c9-48d9-af2c-6470ecd1bcbf,2026-07-13T06:30:00Z,2026-07-13T08:30:00+0200,130.1,EUR/MWh,NL,NL,day_ahead_price,value,2026-08-01T23:22:07Z
2026-08-01T23:18:50Z,2026-08-02T01:18:50+0200,914f204b-61c9-48d9-af2c-6470ecd1bcbf,2026-07-13T06:45:00Z,2026-07-13T08:45:00+0200,126.3,EUR/MWh,NL,NL,day_ahead_price,value,2026-08-01T23:22:07Z
2026-08-01T23:18:50Z,2026-08-02T01:18:50+0200,914f204b-61c9-48d9-af2c-6470ecd1bcbf,2026-07-13T07:00:00Z,2026-07-13T09:00:00+0200,142.85,EUR/MWh,NL,NL,day_ahead_price,value,2026-08-01T23:22:07Z
2026-08-01T23:18:50Z,2026-08-02T01:18:50+0200,914f204b-61c9-48d9-af2c-6470ecd1bcbf,2026-07-13T07:15:00Z,2026-07-13T09:15:00+0200,129.42,EUR/MWh,NL,NL,day_ahead_price,value,2026-08-01T23:22:07Z
2026-08-01T23:18:50Z,2026-08-02T01:18:50+0200,914f204b-61c9-48d9-af2c-6470ecd1bcbf,2026-07-13T07:30:00Z,2026-07-13T09:30:00+0200,113.88,EUR/MWh,NL,NL,day_ahead_price,value,2026-08-01T23:22:07Z
2026-08-01T23:18:50Z,2026-08-02T01:18:50+0200,914f204b-61c9-48d9-af2c-6470ecd1bcbf,2026-07-13T07:45:00Z,2026-07-13T09:45:00+0200,101.26,EUR/MWh,NL,NL,day_ahead_price,value,2026-08-01T23:22:07Z
2026-08-01T23:18:50Z,2026-08-02T01:18:50+0200,914f204b-61c9-48d9-af2c-6470ecd1bcbf,2026-07-13T08:00:00Z,2026-07-13T10:00:00+0200,118.35,EUR/MWh,NL,NL,day_ahead_price,value,2026-08-01T23:22:07Z
2026-08-01T23:18:50Z,2026-08-02T01:18:50+0200,914f204b-61c9-48d9-af2c-6470ecd1bcbf,2026-07-13T08:15:00Z,2026-07-13T10:15:00+0200,101.96,EUR/MWh,NL,NL,day_ahead_price,value,2026-08-01T23:22:07Z
2026-08-01T23:18:50Z,2026-08-02T01:18:50+0200,914f204b-61c9-48d9-af2c-6470ecd1bcbf,2026-07-13T08:30:00Z,2026-07-13T10:30:00+0200,94.5,EUR/MWh,NL,NL,day_ahead_price,value,2026-08-01T23:22:07Z
2026-08-01T23:18:50Z,2026-08-02T01:18:50+0200,914f204b-61c9-48d9-af2c-6470ecd1bcbf,2026-07-13T08:45:00Z,2026-07-13T10:45:00+0200,80.98,EUR/MWh,NL,NL,day_ahead_price,value,2026-08-01T23:22:07Z
2026-08-01T23:18:50Z,2026-08-02T01:18:50+0200,914f204b-61c9-48d9-af2c-6470ecd1bcbf,2026-07-13T09:00:00Z,2026-07-13T11:00:00+0200,87.28,EUR/MWh,NL,NL,day_ahead_price,value,2026-08-01T23:22:07Z
2026-08-01T23:18:50Z,2026-08-02T01:18:50+0200,914f204b-61c9-48d9-af2c-6470ecd1bcbf,2026-07-13T09:15:00Z,2026-07-13T11:15:00+0200,78.66,EUR/MWh,NL,NL,day_ahead_price,value,2026-08-01T23:22:07Z
2026-08-01T23:18:50Z,2026-08-02T01:18:50+0200,914f204b-61c9-48d9-af2c-6470ecd1bcbf,2026-07-13T09:30:00Z,2026-07-13T11:30:00+0200,70.0,EUR/MWh,NL,NL,day_ahead_price,value,2026-08-01T23:22:07Z
2026-08-01T23:18:50Z,2026-08-02T01:18:50+0200,914f204b-61c9-48d9-af2c-6470ecd1bcbf,2026-07-13T09:45:00Z,2026-07-13T11:45:00+0200,56.47,EUR/MWh,NL,NL,day_ahead_price,value,2026-08-01T23:22:07Z
2026-08-01T23:18:50Z,2026-08-02T01:18:50+0200,914f204b-61c9-48d9-af2c-6470ecd1bcbf,2026-07-13T10:00:00Z,2026-07-13T12:00:00+0200,58.79,EUR/MWh,NL,NL,day_ahead_price,value,2026-08-01T23:22:07Z
2026-08-01T23:18:50Z,2026-08-02T01:18:50+0200,914f204b-61c9-48d9-af2c-6470ecd1bcbf,2026-07-13T10:15:00Z,2026-07-13T12:15:00+0200,42.7,EUR/MWh,NL,NL,day_ahead_price,value,2026-08-01T23:22:07Z
2026-08-01T23:18:50Z,2026-08-02T01:18:50+0200,914f204b-61c9-48d9-af2c-6470ecd1bcbf,2026-07-13T10:30:00Z,2026-07-13T12:30:00+0200,31.43,EUR/MWh,NL,NL,day_ahead_price,value,2026-08-01T23:22:07Z
2026-08-01T23:18:50Z,2026-08-02T01:18:50+0200,914f204b-61c9-48d9-af2c-6470ecd1bcbf,2026-07-13T10:45:00Z,2026-07-13T12:45:00+0200,23.08,EUR/MWh,NL,NL,day_ahead_price,value,2026-08-01T23:22:07Z
2026-08-01T23:18:50Z,2026-08-02T01:18:50+0200,914f204b-61c9-48d9-af2c-6470ecd1bcbf,2026-07-13T11:00:00Z,2026-07-13T13:00:00+0200,29.26,EUR/MWh,NL,NL,day_ahead_price,value,2026-08-01T23:22:07Z
2026-08-01T23:18:50Z,2026-08-02T01:18:50+0200,914f204b-61c9-48d9-af2c-6470ecd1bcbf,2026-07-13T11:15:00Z,2026-07-13T13:15:00+0200,23.29,EUR/MWh,NL,NL,day_ahead_price,value,2026-08-01T23:22:07Z
2026-08-01T23:18:50Z,2026-08-02T01:18:50+0200,914f204b-61c9-48d9-af2c-6470ecd1bcbf,2026-07-13T11:30:00Z,2026-07-13T13:30:00+0200,14.8,EUR/MWh,NL,NL,day_ahead_price,value,2026-08-01T23:22:07Z
2026-08-01T23:18:50Z,2026-08-02T01:18:50+0200,914f204b-61c9-48d9-af2c-6470ecd1bcbf,2026-07-13T11:45:00Z,2026-07-13T13:45:00+0200,0.01,EUR/MWh,NL,NL,day_ahead_price,value,2026-08-01T23:22:07Z
2026-08-01T23:18:50Z,2026-08-02T01:18:50+0200,914f204b-61c9-48d9-af2c-6470ecd1bcbf,2026-07-13T12:00:00Z,2026-07-13T14:00:00+0200,6.83,EUR/MWh,NL,NL,day_ahead_price,value,2026-08-01T23:22:07Z
2026-08-01T23:18:50Z,2026-08-02T01:18:50+0200,914f204b-61c9-48d9-af2c-6470ecd1bcbf,2026-07-13T12:15:00Z,2026-07-13T14:15:00+0200,7.24,EUR/MWh,NL,NL,day_ahead_price,value,2026-08-01T23:22:07Z
2026-08-01T23:18:50Z,2026-08-02T01:18:50+0200,914f204b-61c9-48d9-af2c-6470ecd1bcbf,2026-07-13T12:30:00Z,2026-07-13T14:30:00+0200,11.26,EUR/MWh,NL,NL,day_ahead_price,value,2026-08-01T23:22:07Z
2026-08-01T23:18:50Z,2026-08-02T01:18:50+0200,914f204b-61c9-48d9-af2c-6470ecd1bcbf,2026-07-13T12:45:00Z,2026-07-13T14:45:00+0200,20.77,EUR/MWh,NL,NL,day_ahead_price,value,2026-08-01T23:22:07Z
2026-08-01T23:18:50Z,2026-08-02T01:18:50+0200,914f204b-61c9-48d9-af2c-6470ecd1bcbf,2026-07-13T13:00:00Z,2026-07-13T15:00:00+0200,18.63,EUR/MWh,NL,NL,day_ahead_price,value,2026-08-01T23:22:07Z
2026-08-01T23:18:50Z,2026-08-02T01:18:50+0200,914f204b-61c9-48d9-af2c-6470ecd1bcbf,2026-07-13T13:15:00Z,2026-07-13T15:15:00+0200,40.0,EUR/MWh,NL,NL,day_ahead_price,value,2026-08-01T23:22:07Z
2026-08-01T23:18:50Z,2026-08-02T01:18:50+0200,914f204b-61c9-48d9-af2c-6470ecd1bcbf,2026-07-13T13:30:00Z,2026-07-13T15:30:00+0200,47.23,EUR/MWh,NL,NL,day_ahead_price,value,2026-08-01T23:22:07Z
2026-08-01T23:18:50Z,2026-08-02T01:18:50+0200,914f204b-61c9-48d9-af2c-6470ecd1bcbf,2026-07-13T13:45:00Z,2026-07-13T15:45:00+0200,61.5,EUR/MWh,NL,NL,day_ahead_price,value,2026-08-01T23:22:07Z
2026-08-01T23:18:50Z,2026-08-02T01:18:50+0200,914f204b-61c9-48d9-af2c-6470ecd1bcbf,2026-07-13T14:00:00Z,2026-07-13T16:00:00+0200,66.2,EUR/MWh,NL,NL,day_ahead_price,value,2026-08-01T23:22:07Z
2026-08-01T23:18:50Z,2026-08-02T01:18:50+0200,914f204b-61c9-48d9-af2c-6470ecd1bcbf,2026-07-13T14:15:00Z,2026-07-13T16:15:00+0200,89.22,EUR/MWh,NL,NL,day_ahead_price,value,2026-08-01T23:22:07Z
2026-08-01T23:18:50Z,2026-08-02T01:18:50+0200,914f204b-61c9-48d9-af2c-6470ecd1bcbf,2026-07-13T14:30:00Z,2026-07-13T16:30:00+0200,87.97,EUR/MWh,NL,NL,day_ahead_price,value,2026-08-01T23:22:07Z
2026-08-01T23:18:50Z,2026-08-02T01:18:50+0200,914f204b-61c9-48d9-af2c-6470ecd1bcbf,2026-07-13T14:45:00Z,2026-07-13T16:45:00+0200,92.45,EUR/MWh,NL,NL,day_ahead_price,value,2026-08-01T23:22:07Z
2026-08-01T23:18:50Z,2026-08-02T01:18:50+0200,914f204b-61c9-48d9-af2c-6470ecd1bcbf,2026-07-13T15:00:00Z,2026-07-13T17:00:00+0200,93.14,EUR/MWh,NL,NL,day_ahead_price,value,2026-08-01T23:22:07Z
2026-08-01T23:18:50Z,2026-08-02T01:18:50+0200,914f204b-61c9-48d9-af2c-6470ecd1bcbf,2026-07-13T15:15:00Z,2026-07-13T17:15:00+0200,107.78,EUR/MWh,NL,NL,day_ahead_price,value,2026-08-01T23:22:07Z
2026-08-01T23:18:50Z,2026-08-02T01:18:50+0200,914f204b-61c9-48d9-af2c-6470ecd1bcbf,2026-07-13T15:30:00Z,2026-07-13T17:30:00+0200,122.88,EUR/MWh,NL,NL,day_ahead_price,value,2026-08-01T23:22:07Z
2026-08-01T23:18:50Z,2026-08-02T01:18:50+0200,914f204b-61c9-48d9-af2c-6470ecd1bcbf,2026-07-13T15:45:00Z,2026-07-13T17:45:00+0200,131.22,EUR/MWh,NL,NL,day_ahead_price,value,2026-08-01T23:22:07Z
2026-08-01T23:18:50Z,2026-08-02T01:18:50+0200,914f204b-61c9-48d9-af2c-6470ecd1bcbf,2026-07-13T16:00:00Z,2026-07-13T18:00:00+0200,116.43,EUR/MWh,NL,NL,day_ahead_price,value,2026-08-01T23:22:07Z
2026-08-01T23:18:50Z,2026-08-02T01:18:50+0200,914f204b-61c9-48d9-af2c-6470ecd1bcbf,2026-07-13T16:15:00Z,2026-07-13T18:15:00+0200,120.44,EUR/MWh,NL,NL,day_ahead_price,value,2026-08-01T23:22:07Z
2026-08-01T23:18:50Z,2026-08-02T01:18:50+0200,914f204b-61c9-48d9-af2c-6470ecd1bcbf,2026-07-13T16:30:00Z,2026-07-13T18:30:00+0200,126.17,EUR/MWh,NL,NL,day_ahead_price,value,2026-08-01T23:22:07Z
2026-08-01T23:18:50Z,2026-08-02T01:18:50+0200,914f204b-61c9-48d9-af2c-6470ecd1bcbf,2026-07-13T16:45:00Z,2026-07-13T18:45:00+0200,136.52,EUR/MWh,NL,NL,day_ahead_price,value,2026-08-01T23:22:07Z
2026-08-01T23:18:50Z,2026-08-02T01:18:50+0200,914f204b-61c9-48d9-af2c-6470ecd1bcbf,2026-07-13T17:00:00Z,2026-07-13T19:00:00+0200,121.54,EUR/MWh,NL,NL,day_ahead_price,value,2026-08-01T23:22:07Z
2026-08-01T23:18:50Z,2026-08-02T01:18:50+0200,914f204b-61c9-48d9-af2c-6470ecd1bcbf,2026-07-13T17:15:00Z,2026-07-13T19:15:00+0200,147.12,EUR/MWh,NL,NL,day_ahead_price,value,2026-08-01T23:22:07Z
2026-08-01T23:18:50Z,2026-08-02T01:18:50+0200,914f204b-61c9-48d9-af2c-6470ecd1bcbf,2026-07-13T17:30:00Z,2026-07-13T19:30:00+0200,153.58,EUR/MWh,NL,NL,day_ahead_price,value,2026-08-01T23:22:07Z
2026-08-01T23:18:50Z,2026-08-02T01:18:50+0200,914f204b-61c9-48d9-af2c-6470ecd1bcbf,2026-07-13T17:45:00Z,2026-07-13T19:45:00+0200,170.33,EUR/MWh,NL,NL,day_ahead_price,value,2026-08-01T23:22:07Z
2026-08-01T23:18:50Z,2026-08-02T01:18:50+0200,914f204b-61c9-48d9-af2c-6470ecd1bcbf,2026-07-13T18:00:00Z,2026-07-13T20:00:00+0200,154.36,EUR/MWh,NL,NL,day_ahead_price,value,2026-08-01T23:22:07Z
2026-08-01T23:18:50Z,2026-08-02T01:18:50+0200,914f204b-61c9-48d9-af2c-6470ecd1bcbf,2026-07-13T18:15:00Z,2026-07-13T20:15:00+0200,166.93,EUR/MWh,NL,NL,day_ahead_price,value,2026-08-01T23:22:07Z
2026-08-01T23:18:50Z,2026-08-02T01:18:50+0200,914f204b-61c9-48d9-af2c-6470ecd1bcbf,2026-07-13T18:30:00Z,2026-07-13T20:30:00+0200,177.16,EUR/MWh,NL,NL,day_ahead_price,value,2026-08-01T23:22:07Z
2026-08-01T23:18:50Z,2026-08-02T01:18:50+0200,914f204b-61c9-48d9-af2c-6470ecd1bcbf,2026-07-13T18:45:00Z,2026-07-13T20:45:00+0200,179.29,EUR/MWh,NL,NL,day_ahead_price,value,2026-08-01T23:22:07Z
2026-08-01T23:18:50Z,2026-08-02T01:18:50+0200,914f204b-61c9-48d9-af2c-6470ecd1bcbf,2026-07-13T19:00:00Z,2026-07-13T21:00:00+0200,178.8,EUR/MWh,NL,NL,day_ahead_price,value,2026-08-01T23:22:07Z
2026-08-01T23:18:50Z,2026-08-02T01:18:50+0200,914f204b-61c9-48d9-af2c-6470ecd1bcbf,2026-07-13T19:15:00Z,2026-07-13T21:15:00+0200,176.15,EUR/MWh,NL,NL,day_ahead_price,value,2026-08-01T23:22:07Z
2026-08-01T23:18:50Z,2026-08-02T01:18:50+0200,914f204b-61c9-48d9-af2c-6470ecd1bcbf,2026-07-13T19:30:00Z,2026-07-13T21:30:00+0200,163.0,EUR/MWh,NL,NL,day_ahead_price,value,2026-08-01T23:22:07Z
2026-08-01T23:18:50Z,2026-08-02T01:18:50+0200,914f204b-61c9-48d9-af2c-6470ecd1bcbf,2026-07-13T19:45:00Z,2026-07-13T21:45:00+0200,153.31,EUR/MWh,NL,NL,day_ahead_price,value,2026-08-01T23:22:07Z
2026-08-01T23:18:50Z,2026-08-02T01:18:50+0200,914f204b-61c9-48d9-af2c-6470ecd1bcbf,2026-07-13T20:00:00Z,2026-07-13T22:00:00+0200,172.84,EUR/MWh,NL,NL,day_ahead_price,value,2026-08-01T23:22:07Z
2026-08-01T23:18:50Z,2026-08-02T01:18:50+0200,914f204b-61c9-48d9-af2c-6470ecd1bcbf,2026-07-13T20:15:00Z,2026-07-13T22:15:00+0200,155.98,EUR/MWh,NL,NL,day_ahead_price,value,2026-08-01T23:22:07Z
2026-08-01T23:18:50Z,2026-08-02T01:18:50+0200,914f204b-61c9-48d9-af2c-6470ecd1bcbf,2026-07-13T20:30:00Z,2026-07-13T22:30:00+0200,157.0,EUR/MWh,NL,NL,day_ahead_price,value,2026-08-01T23:22:07Z
2026-08-01T23:18:50Z,2026-08-02T01:18:50+0200,914f204b-61c9-48d9-af2c-6470ecd1bcbf,2026-07-13T20:45:00Z,2026-07-13T22:45:00+0200,150.47,EUR/MWh,NL,NL,day_ahead_price,value,2026-08-01T23:22:07Z
2026-08-01T23:18:50Z,2026-08-02T01:18:50+0200,914f204b-61c9-48d9-af2c-6470ecd1bcbf,2026-07-13T21:00:00Z,2026-07-13T23:00:00+0200,149.64,EUR/MWh,NL,NL,day_ahead_price,value,2026-08-01T23:22:07Z
2026-08-01T23:18:50Z,2026-08-02T01:18:50+0200,914f204b-61c9-48d9-af2c-6470ecd1bcbf,2026-07-13T21:15:00Z,2026-07-13T23:15:00+0200,144.4,EUR/MWh,NL,NL,day_ahead_price,value,2026-08-01T23:22:07Z
2026-08-01T23:18:50Z,2026-08-02T01:18:50+0200,914f204b-61c9-48d9-af2c-6470ecd1bcbf,2026-07-13T21:30:00Z,2026-07-13T23:30:00+0200,142.74,EUR/MWh,NL,NL,day_ahead_price,value,2026-08-01T23:22:07Z
2026-08-01T23:18:50Z,2026-08-02T01:18:50+0200,914f204b-61c9-48d9-af2c-6470ecd1bcbf,2026-07-13T21:45:00Z,2026-07-13T23:45:00+0200,138.99,EUR/MWh,NL,NL,day_ahead_price,value,2026-08-01T23:22:07Z
2026-08-01T23:18:50Z,2026-08-02T01:18:50+0200,914f204b-61c9-48d9-af2c-6470ecd1bcbf,2026-07-13T22:00:00Z,2026-07-14T00:00:00+0200,148.15,EUR/MWh,NL,NL,day_ahead_price,value,2026-08-01T23:22:07Z
2026-08-01T23:18:50Z,2026-08-02T01:18:50+0200,914f204b-61c9-48d9-af2c-6470ecd1bcbf,2026-07-13T22:15:00Z,2026-07-14T00:15:00+0200,140.99,EUR/MWh,NL,NL,day_ahead_price,value,2026-08-01T23:22:07Z
2026-08-01T23:18:50Z,2026-08-02T01:18:50+0200,914f204b-61c9-48d9-af2c-6470ecd1bcbf,2026-07-13T22:30:00Z,2026-07-14T00:30:00+0200,136.97,EUR/MWh,NL,NL,day_ahead_price,value,2026-08-01T23:22:07Z
2026-08-01T23:18:50Z,2026-08-02T01:18:50+0200,914f204b-61c9-48d9-af2c-6470ecd1bcbf,2026-07-13T22:45:00Z,2026-07-14T00:45:00+0200,131.91,EUR/MWh,NL,NL,day_ahead_price,value,2026-08-01T23:22:07Z
2026-08-01T23:18:50Z,2026-08-02T01:18:50+0200,914f204b-61c9-48d9-af2c-6470ecd1bcbf,2026-07-13T23:00:00Z,2026-07-14T01:00:00+0200,138.79,EUR/MWh,NL,NL,day_ahead_price,value,2026-08-01T23:22:07Z
2026-08-01T23:18:50Z,2026-08-02T01:18:50+0200,914f204b-61c9-48d9-af2c-6470ecd1bcbf,2026-07-13T23:15:00Z,2026-07-14T01:15:00+0200,134.5,EUR/MWh,NL,NL,day_ahead_price,value,2026-08-01T23:22:07Z
2026-08-01T23:18:50Z,2026-08-02T01:18:50+0200,914f204b-61c9-48d9-af2c-6470ecd1bcbf,2026-07-13T23:30:00Z,2026-07-14T01:30:00+0200,132.99,EUR/MWh,NL,NL,day_ahead_price,value,2026-08-01T23:22:07Z
2026-08-01T23:18:50Z,2026-08-02T01:18:50+0200,914f204b-61c9-48d9-af2c-6470ecd1bcbf,2026-07-13T23:45:00Z,2026-07-14T01:45:00+0200,129.27,EUR/MWh,NL,NL,day_ahead_price,value,2026-08-01T23:22:07Z
2026-08-01T23:18:50Z,2026-08-02T01:18:50+0200,914f204b-61c9-48d9-af2c-6470ecd1bcbf,2026-07-14T00:00:00Z,2026-07-14T02:00:00+0200,129.55,EUR/MWh,NL,NL,day_ahead_price,value,2026-08-01T23:22:07Z
2026-08-01T23:18:50Z,2026-08-02T01:18:50+0200,914f204b-61c9-48d9-af2c-6470ecd1bcbf,2026-07-14T00:15:00Z,2026-07-14T02:15:00+0200,126.71,EUR/MWh,NL,NL,day_ahead_price,value,2026-08-01T23:22:07Z
2026-08-01T23:18:50Z,2026-08-02T01:18:50+0200,914f204b-61c9-48d9-af2c-6470ecd1bcbf,2026-07-14T00:30:00Z,2026-07-14T02:30:00+0200,127.44,EUR/MWh,NL,NL,day_ahead_price,value,2026-08-01T23:22:07Z
2026-08-01T23:18:50Z,2026-08-02T01:18:50+0200,914f204b-61c9-48d9-af2c-6470ecd1bcbf,2026-07-14T00:45:00Z,2026-07-14T02:45:00+0200,125.7,EUR/MWh,NL,NL,day_ahead_price,value,2026-08-01T23:22:07Z
2026-08-01T23:18:50Z,2026-08-02T01:18:50+0200,914f204b-61c9-48d9-af2c-6470ecd1bcbf,2026-07-14T01:00:00Z,2026-07-14T03:00:00+0200,128.0,EUR/MWh,NL,NL,day_ahead_price,value,2026-08-01T23:22:07Z
2026-08-01T23:18:50Z,2026-08-02T01:18:50+0200,914f204b-61c9-48d9-af2c-6470ecd1bcbf,2026-07-14T01:15:00Z,2026-07-14T03:15:00+0200,127.28,EUR/MWh,NL,NL,day_ahead_price,value,2026-08-01T23:22:07Z
2026-08-01T23:18:50Z,2026-08-02T01:18:50+0200,914f204b-61c9-48d9-af2c-6470ecd1bcbf,2026-07-14T01:30:00Z,2026-07-14T03:30:00+0200,127.09,EUR/MWh,NL,NL,day_ahead_price,value,2026-08-01T23:22:07Z
2026-08-01T23:18:50Z,2026-08-02T01:18:50+0200,914f204b-61c9-48d9-af2c-6470ecd1bcbf,2026-07-14T01:45:00Z,2026-07-14T03:45:00+0200,126.5,EUR/MWh,NL,NL,day_ahead_price,value,2026-08-01T23:22:07Z
2026-08-01T23:18:50Z,2026-08-02T01:18:50+0200,914f204b-61c9-48d9-af2c-6470ecd1bcbf,2026-07-14T02:00:00Z,2026-07-14T04:00:00+0200,125.62,EUR/MWh,NL,NL,day_ahead_price,value,2026-08-01T23:22:07Z
2026-08-01T23:18:50Z,2026-08-02T01:18:50+0200,914f204b-61c9-48d9-af2c-6470ecd1bcbf,2026-07-14T02:15:00Z,2026-07-14T04:15:00+0200,125.87,EUR/MWh,NL,NL,day_ahead_price,value,2026-08-01T23:22:07Z
2026-08-01T23:18:50Z,2026-08-02T01:18:50+0200,914f204b-61c9-48d9-af2c-6470ecd1bcbf,2026-07-14T02:30:00Z,2026-07-14T04:30:00+0200,128.23,EUR/MWh,NL,NL,day_ahead_price,value,2026-08-01T23:22:07Z
2026-08-01T23:18:50Z,2026-08-02T01:18:50+0200,914f204b-61c9-48d9-af2c-6470ecd1bcbf,2026-07-14T02:45:00Z,2026-07-14T04:45:00+0200,130.88,EUR/MWh,NL,NL,day_ahead_price,value,2026-08-01T23:22:07Z
2026-08-01T23:18:50Z,2026-08-02T01:18:50+0200,914f204b-61c9-48d9-af2c-6470ecd1bcbf,2026-07-14T03:00:00Z,2026-07-14T05:00:00+0200,130.27,EUR/MWh,NL,NL,day_ahead_price,value,2026-08-01T23:22:07Z
2026-08-01T23:18:50Z,2026-08-02T01:18:50+0200,914f204b-61c9-48d9-af2c-6470ecd1bcbf,2026-07-14T03:15:00Z,2026-07-14T05:15:00+0200,133.28,EUR/MWh,NL,NL,day_ahead_price,value,2026-08-01T23:22:07Z
2026-08-01T23:18:50Z,2026-08-02T01:18:50+0200,914f204b-61c9-48d9-af2c-6470ecd1bcbf,2026-07-14T03:30:00Z,2026-07-14T05:30:00+0200,136.93,EUR/MWh,NL,NL,day_ahead_price,value,2026-08-01T23:22:07Z
2026-08-01T23:18:50Z,2026-08-02T01:18:50+0200,914f204b-61c9-48d9-af2c-6470ecd1bcbf,2026-07-14T03:45:00Z,2026-07-14T05:45:00+0200,139.6,EUR/MWh,NL,NL,day_ahead_price,value,2026-08-01T23:22:07Z
2026-08-01T23:18:50Z,2026-08-02T01:18:50+0200,914f204b-61c9-48d9-af2c-6470ecd1bcbf,2026-07-14T04:00:00Z,2026-07-14T06:00:00+0200,142.86,EUR/MWh,NL,NL,day_ahead_price,value,2026-08-01T23:22:07Z
2026-08-01T23:18:50Z,2026-08-02T01:18:50+0200,914f204b-61c9-48d9-af2c-6470ecd1bcbf,2026-07-14T04:15:00Z,2026-07-14T06:15:00+0200,139.95,EUR/MWh,NL,NL,day_ahead_price,value,2026-08-01T23:22:07Z
2026-08-01T23:18:50Z,2026-08-02T01:18:50+0200,914f204b-61c9-48d9-af2c-6470ecd1bcbf,2026-07-14T04:30:00Z,2026-07-14T06:30:00+0200,145.42,EUR/MWh,NL,NL,day_ahead_price,value,2026-08-01T23:22:07Z
2026-08-01T23:18:50Z,2026-08-02T01:18:50+0200,914f204b-61c9-48d9-af2c-6470ecd1bcbf,2026-07-14T04:45:00Z,2026-07-14T06:45:00+0200,144.2,EUR/MWh,NL,NL,day_ahead_price,value,2026-08-01T23:22:07Z
2026-08-01T23:18:50Z,2026-08-02T01:18:50+0200,914f204b-61c9-48d9-af2c-6470ecd1bcbf,2026-07-14T05:00:00Z,2026-07-14T07:00:00+0200,148.41,EUR/MWh,NL,NL,day_ahead_price,value,2026-08-01T23:22:07Z
2026-08-01T23:18:50Z,2026-08-02T01:18:50+0200,914f204b-61c9-48d9-af2c-6470ecd1bcbf,2026-07-14T05:15:00Z,2026-07-14T07:15:00+0200,143.8,EUR/MWh,NL,NL,day_ahead_price,value,2026-08-01T23:22:07Z
2026-08-01T23:18:50Z,2026-08-02T01:18:50+0200,914f204b-61c9-48d9-af2c-6470ecd1bcbf,2026-07-14T05:30:00Z,2026-07-14T07:30:00+0200,141.53,EUR/MWh,NL,NL,day_ahead_price,value,2026-08-01T23:22:07Z
2026-08-01T23:18:50Z,2026-08-02T01:18:50+0200,914f204b-61c9-48d9-af2c-6470ecd1bcbf,2026-07-14T05:45:00Z,2026-07-14T07:45:00+0200,137.9,EUR/MWh,NL,NL,day_ahead_price,value,2026-08-01T23:22:07Z
2026-08-01T23:18:50Z,2026-08-02T01:18:50+0200,914f204b-61c9-48d9-af2c-6470ecd1bcbf,2026-07-14T06:00:00Z,2026-07-14T08:00:00+0200,148.37,EUR/MWh,NL,NL,day_ahead_price,value,2026-08-01T23:22:07Z
2026-08-01T23:18:50Z,2026-08-02T01:18:50+0200,914f204b-61c9-48d9-af2c-6470ecd1bcbf,2026-07-14T06:15:00Z,2026-07-14T08:15:00+0200,138.64,EUR/MWh,NL,NL,day_ahead_price,value,2026-08-01T23:22:07Z
2026-08-01T23:18:50Z,2026-08-02T01:18:50+0200,914f204b-61c9-48d9-af2c-6470ecd1bcbf,2026-07-14T06:30:00Z,2026-07-14T08:30:00+0200,131.7,EUR/MWh,NL,NL,day_ahead_price,value,2026-08-01T23:22:07Z
2026-08-01T23:18:50Z,2026-08-02T01:18:50+0200,914f204b-61c9-48d9-af2c-6470ecd1bcbf,2026-07-14T06:45:00Z,2026-07-14T08:45:00+0200,120.92,EUR/MWh,NL,NL,day_ahead_price,value,2026-08-01T23:22:07Z
2026-08-01T23:18:50Z,2026-08-02T01:18:50+0200,914f204b-61c9-48d9-af2c-6470ecd1bcbf,2026-07-14T07:00:00Z,2026-07-14T09:00:00+0200,134.58,EUR/MWh,NL,NL,day_ahead_price,value,2026-08-01T23:22:07Z
2026-08-01T23:18:50Z,2026-08-02T01:18:50+0200,914f204b-61c9-48d9-af2c-6470ecd1bcbf,2026-07-14T07:15:00Z,2026-07-14T09:15:00+0200,124.66,EUR/MWh,NL,NL,day_ahead_price,value,2026-08-01T23:22:07Z
2026-08-01T23:18:50Z,2026-08-02T01:18:50+0200,914f204b-61c9-48d9-af2c-6470ecd1bcbf,2026-07-14T07:30:00Z,2026-07-14T09:30:00+0200,115.13,EUR/MWh,NL,NL,day_ahead_price,value,2026-08-01T23:22:07Z
2026-08-01T23:18:50Z,2026-08-02T01:18:50+0200,914f204b-61c9-48d9-af2c-6470ecd1bcbf,2026-07-14T07:45:00Z,2026-07-14T09:45:00+0200,108.06,EUR/MWh,NL,NL,day_ahead_price,value,2026-08-01T23:22:07Z
2026-08-01T23:18:50Z,2026-08-02T01:18:50+0200,914f204b-61c9-48d9-af2c-6470ecd1bcbf,2026-07-14T08:00:00Z,2026-07-14T10:00:00+0200,118.22,EUR/MWh,NL,NL,day_ahead_price,value,2026-08-01T23:22:07Z
2026-08-01T23:18:50Z,2026-08-02T01:18:50+0200,914f204b-61c9-48d9-af2c-6470ecd1bcbf,2026-07-14T08:15:00Z,2026-07-14T10:15:00+0200,104.52,EUR/MWh,NL,NL,day_ahead_price,value,2026-08-01T23:22:07Z
2026-08-01T23:18:50Z,2026-08-02T01:18:50+0200,914f204b-61c9-48d9-af2c-6470ecd1bcbf,2026-07-14T08:30:00Z,2026-07-14T10:30:00+0200,97.59,EUR/MWh,NL,NL,day_ahead_price,value,2026-08-01T23:22:07Z
2026-08-01T23:18:50Z,2026-08-02T01:18:50+0200,914f204b-61c9-48d9-af2c-6470ecd1bcbf,2026-07-14T08:45:00Z,2026-07-14T10:45:00+0200,92.15,EUR/MWh,NL,NL,day_ahead_price,value,2026-08-01T23:22:07Z
2026-08-01T23:18:50Z,2026-08-02T01:18:50+0200,914f204b-61c9-48d9-af2c-6470ecd1bcbf,2026-07-14T09:00:00Z,2026-07-14T11:00:00+0200,95.49,EUR/MWh,NL,NL,day_ahead_price,value,2026-08-01T23:22:07Z
2026-08-01T23:18:50Z,2026-08-02T01:18:50+0200,914f204b-61c9-48d9-af2c-6470ecd1bcbf,2026-07-14T09:15:00Z,2026-07-14T11:15:00+0200,85.8,EUR/MWh,NL,NL,day_ahead_price,value,2026-08-01T23:22:07Z
2026-08-01T23:18:50Z,2026-08-02T01:18:50+0200,914f204b-61c9-48d9-af2c-6470ecd1bcbf,2026-07-14T09:30:00Z,2026-07-14T11:30:00+0200,58.23,EUR/MWh,NL,NL,day_ahead_price,value,2026-08-01T23:22:07Z
2026-08-01T23:18:50Z,2026-08-02T01:18:50+0200,914f204b-61c9-48d9-af2c-6470ecd1bcbf,2026-07-14T09:45:00Z,2026-07-14T11:45:00+0200,10.0,EUR/MWh,NL,NL,day_ahead_price,value,2026-08-01T23:22:07Z
2026-08-01T23:18:50Z,2026-08-02T01:18:50+0200,914f204b-61c9-48d9-af2c-6470ecd1bcbf,2026-07-14T10:00:00Z,2026-07-14T12:00:00+0200,42.5,EUR/MWh,NL,NL,day_ahead_price,value,2026-08-01T23:22:07Z
2026-08-01T23:18:50Z,2026-08-02T01:18:50+0200,914f204b-61c9-48d9-af2c-6470ecd1bcbf,2026-07-14T10:15:00Z,2026-07-14T12:15:00+0200,24.4,EUR/MWh,NL,NL,day_ahead_price,value,2026-08-01T23:22:07Z
2026-08-01T23:18:50Z,2026-08-02T01:18:50+0200,914f204b-61c9-48d9-af2c-6470ecd1bcbf,2026-07-14T10:30:00Z,2026-07-14T12:30:00+0200,20.7,EUR/MWh,NL,NL,day_ahead_price,value,2026-08-01T23:22:07Z
2026-08-01T23:18:50Z,2026-08-02T01:18:50+0200,914f204b-61c9-48d9-af2c-6470ecd1bcbf,2026-07-14T10:45:00Z,2026-07-14T12:45:00+0200,7.4,EUR/MWh,NL,NL,day_ahead_price,value,2026-08-01T23:22:07Z
2026-08-01T23:18:50Z,2026-08-02T01:18:50+0200,914f204b-61c9-48d9-af2c-6470ecd1bcbf,2026-07-14T11:00:00Z,2026-07-14T13:00:00+0200,0.0,EUR/MWh,NL,NL,day_ahead_price,value,2026-08-01T23:22:07Z
2026-08-01T23:18:50Z,2026-08-02T01:18:50+0200,914f204b-61c9-48d9-af2c-6470ecd1bcbf,2026-07-14T11:15:00Z,2026-07-14T13:15:00+0200,0.0,EUR/MWh,NL,NL,day_ahead_price,value,2026-08-01T23:22:07Z
2026-08-01T23:18:50Z,2026-08-02T01:18:50+0200,914f204b-61c9-48d9-af2c-6470ecd1bcbf,2026-07-14T11:30:00Z,2026-07-14T13:30:00+0200,-0.01,EUR/MWh,NL,NL,day_ahead_price,value,2026-08-01T23:22:07Z
2026-08-01T23:18:50Z,2026-08-02T01:18:50+0200,914f204b-61c9-48d9-af2c-6470ecd1bcbf,2026-07-14T11:45:00Z,2026-07-14T13:45:00+0200,-0.01,EUR/MWh,NL,NL,day_ahead_price,value,2026-08-01T23:22:07Z
2026-08-01T23:18:50Z,2026-08-02T01:18:50+0200,914f204b-61c9-48d9-af2c-6470ecd1bcbf,2026-07-14T12:00:00Z,2026-07-14T14:00:00+0200,0.0,EUR/MWh,NL,NL,day_ahead_price,value,2026-08-01T23:22:07Z
2026-08-01T23:18:50Z,2026-08-02T01:18:50+0200,914f204b-61c9-48d9-af2c-6470ecd1bcbf,2026-07-14T12:15:00Z,2026-07-14T14:15:00+0200,0.0,EUR/MWh,NL,NL,day_ahead_price,value,2026-08-01T23:22:07Z
2026-08-01T23:18:50Z,2026-08-02T01:18:50+0200,914f204b-61c9-48d9-af2c-6470ecd1bcbf,2026-07-14T12:30:00Z,2026-07-14T14:30:00+0200,0.0,EUR/MWh,NL,NL,day_ahead_price,value,2026-08-01T23:22:07Z
2026-08-01T23:18:50Z,2026-08-02T01:18:50+0200,914f204b-61c9-48d9-af2c-6470ecd1bcbf,2026-07-14T12:45:00Z,2026-07-14T14:45:00+0200,0.0,EUR/MWh,NL,NL,day_ahead_price,value,2026-08-01T23:22:07Z
2026-08-01T23:18:50Z,2026-08-02T01:18:50+0200,914f204b-61c9-48d9-af2c-6470ecd1bcbf,2026-07-14T13:00:00Z,2026-07-14T15:00:00+0200,5.0,EUR/MWh,NL,NL,day_ahead_price,value,2026-08-01T23:22:07Z
2026-08-01T23:18:50Z,2026-08-02T01:18:50+0200,914f204b-61c9-48d9-af2c-6470ecd1bcbf,2026-07-14T13:15:00Z,2026-07-14T15:15:00+0200,18.81,EUR/MWh,NL,NL,day_ahead_price,value,2026-08-01T23:22:07Z
2026-08-01T23:18:50Z,2026-08-02T01:18:50+0200,914f204b-61c9-48d9-af2c-6470ecd1bcbf,2026-07-14T13:30:00Z,2026-07-14T15:30:00+0200,25.0,EUR/MWh,NL,NL,day_ahead_price,value,2026-08-01T23:22:07Z
2026-08-01T23:18:50Z,2026-08-02T01:18:50+0200,914f204b-61c9-48d9-af2c-6470ecd1bcbf,2026-07-14T13:45:00Z,2026-07-14T15:45:00+0200,40.93,EUR/MWh,NL,NL,day_ahead_price,value,2026-08-01T23:22:07Z
2026-08-01T23:18:50Z,2026-08-02T01:18:50+0200,914f204b-61c9-48d9-af2c-6470ecd1bcbf,2026-07-14T14:00:00Z,2026-07-14T16:00:00+0200,52.71,EUR/MWh,NL,NL,day_ahead_price,value,2026-08-01T23:22:07Z
2026-08-01T23:18:50Z,2026-08-02T01:18:50+0200,914f204b-61c9-48d9-af2c-6470ecd1bcbf,2026-07-14T14:15:00Z,2026-07-14T16:15:00+0200,67.8,EUR/MWh,NL,NL,day_ahead_price,value,2026-08-01T23:22:07Z
2026-08-01T23:18:50Z,2026-08-02T01:18:50+0200,914f204b-61c9-48d9-af2c-6470ecd1bcbf,2026-07-14T14:30:00Z,2026-07-14T16:30:00+0200,84.37,EUR/MWh,NL,NL,day_ahead_price,value,2026-08-01T23:22:07Z
2026-08-01T23:18:50Z,2026-08-02T01:18:50+0200,914f204b-61c9-48d9-af2c-6470ecd1bcbf,2026-07-14T14:45:00Z,2026-07-14T16:45:00+0200,80.1,EUR/MWh,NL,NL,day_ahead_price,value,2026-08-01T23:22:07Z
2026-08-01T23:18:50Z,2026-08-02T01:18:50+0200,914f204b-61c9-48d9-af2c-6470ecd1bcbf,2026-07-14T15:00:00Z,2026-07-14T17:00:00+0200,94.46,EUR/MWh,NL,NL,day_ahead_price,value,2026-08-01T23:22:07Z
2026-08-01T23:18:50Z,2026-08-02T01:18:50+0200,914f204b-61c9-48d9-af2c-6470ecd1bcbf,2026-07-14T15:15:00Z,2026-07-14T17:15:00+0200,94.71,EUR/MWh,NL,NL,day_ahead_price,value,2026-08-01T23:22:07Z
2026-08-01T23:18:50Z,2026-08-02T01:18:50+0200,914f204b-61c9-48d9-af2c-6470ecd1bcbf,2026-07-14T15:30:00Z,2026-07-14T17:30:00+0200,100.0,EUR/MWh,NL,NL,day_ahead_price,value,2026-08-01T23:22:07Z
2026-08-01T23:18:50Z,2026-08-02T01:18:50+0200,914f204b-61c9-48d9-af2c-6470ecd1bcbf,2026-07-14T15:45:00Z,2026-07-14T17:45:00+0200,109.2,EUR/MWh,NL,NL,day_ahead_price,value,2026-08-01T23:22:07Z
2026-08-01T23:18:50Z,2026-08-02T01:18:50+0200,914f204b-61c9-48d9-af2c-6470ecd1bcbf,2026-07-14T16:00:00Z,2026-07-14T18:00:00+0200,120.2,EUR/MWh,NL,NL,day_ahead_price,value,2026-08-01T23:22:07Z
2026-08-01T23:18:50Z,2026-08-02T01:18:50+0200,914f204b-61c9-48d9-af2c-6470ecd1bcbf,2026-07-14T16:15:00Z,2026-07-14T18:15:00+0200,104.79,EUR/MWh,NL,NL,day_ahead_price,value,2026-08-01T23:22:07Z
2026-08-01T23:18:50Z,2026-08-02T01:18:50+0200,914f204b-61c9-48d9-af2c-6470ecd1bcbf,2026-07-14T16:30:00Z,2026-07-14T18:30:00+0200,102.25,EUR/MWh,NL,NL,day_ahead_price,value,2026-08-01T23:22:07Z
2026-08-01T23:18:50Z,2026-08-02T01:18:50+0200,914f204b-61c9-48d9-af2c-6470ecd1bcbf,2026-07-14T16:45:00Z,2026-07-14T18:45:00+0200,115.23,EUR/MWh,NL,NL,day_ahead_price,value,2026-08-01T23:22:07Z
2026-08-01T23:18:50Z,2026-08-02T01:18:50+0200,914f204b-61c9-48d9-af2c-6470ecd1bcbf,2026-07-14T17:00:00Z,2026-07-14T19:00:00+0200,117.89,EUR/MWh,NL,NL,day_ahead_price,value,2026-08-01T23:22:07Z
2026-08-01T23:18:50Z,2026-08-02T01:18:50+0200,914f204b-61c9-48d9-af2c-6470ecd1bcbf,2026-07-14T17:15:00Z,2026-07-14T19:15:00+0200,135.03,EUR/MWh,NL,NL,day_ahead_price,value,2026-08-01T23:22:07Z
2026-08-01T23:18:50Z,2026-08-02T01:18:50+0200,914f204b-61c9-48d9-af2c-6470ecd1bcbf,2026-07-14T17:30:00Z,2026-07-14T19:30:00+0200,157.21,EUR/MWh,NL,NL,day_ahead_price,value,2026-08-01T23:22:07Z
2026-08-01T23:18:50Z,2026-08-02T01:18:50+0200,914f204b-61c9-48d9-af2c-6470ecd1bcbf,2026-07-14T17:45:00Z,2026-07-14T19:45:00+0200,160.1,EUR/MWh,NL,NL,day_ahead_price,value,2026-08-01T23:22:07Z
2026-08-01T23:18:50Z,2026-08-02T01:18:50+0200,914f204b-61c9-48d9-af2c-6470ecd1bcbf,2026-07-14T18:00:00Z,2026-07-14T20:00:00+0200,126.37,EUR/MWh,NL,NL,day_ahead_price,value,2026-08-01T23:22:07Z
2026-08-01T23:18:50Z,2026-08-02T01:18:50+0200,914f204b-61c9-48d9-af2c-6470ecd1bcbf,2026-07-14T18:15:00Z,2026-07-14T20:15:00+0200,154.52,EUR/MWh,NL,NL,day_ahead_price,value,2026-08-01T23:22:07Z
2026-08-01T23:18:50Z,2026-08-02T01:18:50+0200,914f204b-61c9-48d9-af2c-6470ecd1bcbf,2026-07-14T18:30:00Z,2026-07-14T20:30:00+0200,176.47,EUR/MWh,NL,NL,day_ahead_price,value,2026-08-01T23:22:07Z
2026-08-01T23:18:50Z,2026-08-02T01:18:50+0200,914f204b-61c9-48d9-af2c-6470ecd1bcbf,2026-07-14T18:45:00Z,2026-07-14T20:45:00+0200,182.76,EUR/MWh,NL,NL,day_ahead_price,value,2026-08-01T23:22:07Z
2026-08-01T23:18:50Z,2026-08-02T01:18:50+0200,914f204b-61c9-48d9-af2c-6470ecd1bcbf,2026-07-14T19:00:00Z,2026-07-14T21:00:00+0200,174.45,EUR/MWh,NL,NL,day_ahead_price,value,2026-08-01T23:22:07Z
2026-08-01T23:18:50Z,2026-08-02T01:18:50+0200,914f204b-61c9-48d9-af2c-6470ecd1bcbf,2026-07-14T19:15:00Z,2026-07-14T21:15:00+0200,174.32,EUR/MWh,NL,NL,day_ahead_price,value,2026-08-01T23:22:07Z
2026-08-01T23:18:50Z,2026-08-02T01:18:50+0200,914f204b-61c9-48d9-af2c-6470ecd1bcbf,2026-07-14T19:30:00Z,2026-07-14T21:30:00+0200,174.02,EUR/MWh,NL,NL,day_ahead_price,value,2026-08-01T23:22:07Z
2026-08-01T23:18:50Z,2026-08-02T01:18:50+0200,914f204b-61c9-48d9-af2c-6470ecd1bcbf,2026-07-14T19:45:00Z,2026-07-14T21:45:00+0200,171.96,EUR/MWh,NL,NL,day_ahead_price,value,2026-08-01T23:22:07Z
2026-08-01T23:18:50Z,2026-08-02T01:18:50+0200,914f204b-61c9-48d9-af2c-6470ecd1bcbf,2026-07-14T20:00:00Z,2026-07-14T22:00:00+0200,178.44,EUR/MWh,NL,NL,day_ahead_price,value,2026-08-01T23:22:07Z
2026-08-01T23:18:50Z,2026-08-02T01:18:50+0200,914f204b-61c9-48d9-af2c-6470ecd1bcbf,2026-07-14T20:15:00Z,2026-07-14T22:15:00+0200,170.58,EUR/MWh,NL,NL,day_ahead_price,value,2026-08-01T23:22:07Z
2026-08-01T23:18:50Z,2026-08-02T01:18:50+0200,914f204b-61c9-48d9-af2c-6470ecd1bcbf,2026-07-14T20:30:00Z,2026-07-14T22:30:00+0200,167.11,EUR/MWh,NL,NL,day_ahead_price,value,2026-08-01T23:22:07Z
2026-08-01T23:18:50Z,2026-08-02T01:18:50+0200,914f204b-61c9-48d9-af2c-6470ecd1bcbf,2026-07-14T20:45:00Z,2026-07-14T22:45:00+0200,158.93,EUR/MWh,NL,NL,day_ahead_price,value,2026-08-01T23:22:07Z
2026-08-01T23:18:50Z,2026-08-02T01:18:50+0200,914f204b-61c9-48d9-af2c-6470ecd1bcbf,2026-07-14T21:00:00Z,2026-07-14T23:00:00+0200,158.51,EUR/MWh,NL,NL,day_ahead_price,value,2026-08-01T23:22:07Z
2026-08-01T23:18:50Z,2026-08-02T01:18:50+0200,914f204b-61c9-48d9-af2c-6470ecd1bcbf,2026-07-14T21:15:00Z,2026-07-14T23:15:00+0200,153.0,EUR/MWh,NL,NL,day_ahead_price,value,2026-08-01T23:22:07Z
2026-08-01T23:18:50Z,2026-08-02T01:18:50+0200,914f204b-61c9-48d9-af2c-6470ecd1bcbf,2026-07-14T21:30:00Z,2026-07-14T23:30:00+0200,150.31,EUR/MWh,NL,NL,day_ahead_price,value,2026-08-01T23:22:07Z
2026-08-01T23:18:50Z,2026-08-02T01:18:50+0200,914f204b-61c9-48d9-af2c-6470ecd1bcbf,2026-07-14T21:45:00Z,2026-07-14T23:45:00+0200,144.26,EUR/MWh,NL,NL,day_ahead_price,value,2026-08-01T23:22:07Z
2026-08-01T23:18:50Z,2026-08-02T01:18:50+0200,914f204b-61c9-48d9-af2c-6470ecd1bcbf,2026-07-14T22:00:00Z,2026-07-15T00:00:00+0200,158.34,EUR/MWh,NL,NL,day_ahead_price,value,2026-08-01T23:22:07Z
2026-08-01T23:18:50Z,2026-08-02T01:18:50+0200,914f204b-61c9-48d9-af2c-6470ecd1bcbf,2026-07-14T22:15:00Z,2026-07-15T00:15:00+0200,154.5,EUR/MWh,NL,NL,day_ahead_price,value,2026-08-01T23:22:07Z
2026-08-01T23:18:50Z,2026-08-02T01:18:50+0200,914f204b-61c9-48d9-af2c-6470ecd1bcbf,2026-07-14T22:30:00Z,2026-07-15T00:30:00+0200,148.54,EUR/MWh,NL,NL,day_ahead_price,value,2026-08-01T23:22:07Z
2026-08-01T23:18:50Z,2026-08-02T01:18:50+0200,914f204b-61c9-48d9-af2c-6470ecd1bcbf,2026-07-14T22:45:00Z,2026-07-15T00:45:00+0200,142.29,EUR/MWh,NL,NL,day_ahead_price,value,2026-08-01T23:22:07Z
2026-08-01T23:18:50Z,2026-08-02T01:18:50+0200,914f204b-61c9-48d9-af2c-6470ecd1bcbf,2026-07-14T23:00:00Z,2026-07-15T01:00:00+0200,150.45,EUR/MWh,NL,NL,day_ahead_price,value,2026-08-01T23:22:07Z
2026-08-01T23:18:50Z,2026-08-02T01:18:50+0200,914f204b-61c9-48d9-af2c-6470ecd1bcbf,2026-07-14T23:15:00Z,2026-07-15T01:15:00+0200,145.0,EUR/MWh,NL,NL,day_ahead_price,value,2026-08-01T23:22:07Z
2026-08-01T23:18:50Z,2026-08-02T01:18:50+0200,914f204b-61c9-48d9-af2c-6470ecd1bcbf,2026-07-14T23:30:00Z,2026-07-15T01:30:00+0200,142.9,EUR/MWh,NL,NL,day_ahead_price,value,2026-08-01T23:22:07Z
2026-08-01T23:18:50Z,2026-08-02T01:18:50+0200,914f204b-61c9-48d9-af2c-6470ecd1bcbf,2026-07-14T23:45:00Z,2026-07-15T01:45:00+0200,139.44,EUR/MWh,NL,NL,day_ahead_price,value,2026-08-01T23:22:07Z
2026-08-01T23:18:50Z,2026-08-02T01:18:50+0200,914f204b-61c9-48d9-af2c-6470ecd1bcbf,2026-07-15T00:00:00Z,2026-07-15T02:00:00+0200,141.39,EUR/MWh,NL,NL,day_ahead_price,value,2026-08-01T23:22:07Z
2026-08-01T23:18:50Z,2026-08-02T01:18:50+0200,914f204b-61c9-48d9-af2c-6470ecd1bcbf,2026-07-15T00:15:00Z,2026-07-15T02:15:00+0200,138.28,EUR/MWh,NL,NL,day_ahead_price,value,2026-08-01T23:22:07Z
2026-08-01T23:18:50Z,2026-08-02T01:18:50+0200,914f204b-61c9-48d9-af2c-6470ecd1bcbf,2026-07-15T00:30:00Z,2026-07-15T02:30:00+0200,138.73,EUR/MWh,NL,NL,day_ahead_price,value,2026-08-01T23:22:07Z
2026-08-01T23:18:50Z,2026-08-02T01:18:50+0200,914f204b-61c9-48d9-af2c-6470ecd1bcbf,2026-07-15T00:45:00Z,2026-07-15T02:45:00+0200,134.21,EUR/MWh,NL,NL,day_ahead_price,value,2026-08-01T23:22:07Z
2026-08-01T23:18:50Z,2026-08-02T01:18:50+0200,914f204b-61c9-48d9-af2c-6470ecd1bcbf,2026-07-15T01:00:00Z,2026-07-15T03:00:00+0200,136.5,EUR/MWh,NL,NL,day_ahead_price,value,2026-08-01T23:22:07Z
2026-08-01T23:18:50Z,2026-08-02T01:18:50+0200,914f204b-61c9-48d9-af2c-6470ecd1bcbf,2026-07-15T01:15:00Z,2026-07-15T03:15:00+0200,124.23,EUR/MWh,NL,NL,day_ahead_price,value,2026-08-01T23:22:07Z
2026-08-01T23:18:50Z,2026-08-02T01:18:50+0200,914f204b-61c9-48d9-af2c-6470ecd1bcbf,2026-07-15T01:30:00Z,2026-07-15T03:30:00+0200,135.03,EUR/MWh,NL,NL,day_ahead_price,value,2026-08-01T23:22:07Z
2026-08-01T23:18:50Z,2026-08-02T01:18:50+0200,914f204b-61c9-48d9-af2c-6470ecd1bcbf,2026-07-15T01:45:00Z,2026-07-15T03:45:00+0200,131.28,EUR/MWh,NL,NL,day_ahead_price,value,2026-08-01T23:22:07Z
2026-08-01T23:18:50Z,2026-08-02T01:18:50+0200,914f204b-61c9-48d9-af2c-6470ecd1bcbf,2026-07-15T02:00:00Z,2026-07-15T04:00:00+0200,136.5,EUR/MWh,NL,NL,day_ahead_price,value,2026-08-01T23:22:07Z
2026-08-01T23:18:50Z,2026-08-02T01:18:50+0200,914f204b-61c9-48d9-af2c-6470ecd1bcbf,2026-07-15T02:15:00Z,2026-07-15T04:15:00+0200,134.0,EUR/MWh,NL,NL,day_ahead_price,value,2026-08-01T23:22:07Z
2026-08-01T23:18:50Z,2026-08-02T01:18:50+0200,914f204b-61c9-48d9-af2c-6470ecd1bcbf,2026-07-15T02:30:00Z,2026-07-15T04:30:00+0200,132.18,EUR/MWh,NL,NL,day_ahead_price,value,2026-08-01T23:22:07Z
2026-08-01T23:18:50Z,2026-08-02T01:18:50+0200,914f204b-61c9-48d9-af2c-6470ecd1bcbf,2026-07-15T02:45:00Z,2026-07-15T04:45:00+0200,136.96,EUR/MWh,NL,NL,day_ahead_price,value,2026-08-01T23:22:07Z
2026-08-01T23:18:50Z,2026-08-02T01:18:50+0200,914f204b-61c9-48d9-af2c-6470ecd1bcbf,2026-07-15T03:00:00Z,2026-07-15T05:00:00+0200,127.02,EUR/MWh,NL,NL,day_ahead_price,value,2026-08-01T23:22:07Z
2026-08-01T23:18:50Z,2026-08-02T01:18:50+0200,914f204b-61c9-48d9-af2c-6470ecd1bcbf,2026-07-15T03:15:00Z,2026-07-15T05:15:00+0200,138.8,EUR/MWh,NL,NL,day_ahead_price,value,2026-08-01T23:22:07Z
2026-08-01T23:18:50Z,2026-08-02T01:18:50+0200,914f204b-61c9-48d9-af2c-6470ecd1bcbf,2026-07-15T03:30:00Z,2026-07-15T05:30:00+0200,147.69,EUR/MWh,NL,NL,day_ahead_price,value,2026-08-01T23:22:07Z
2026-08-01T23:18:50Z,2026-08-02T01:18:50+0200,914f204b-61c9-48d9-af2c-6470ecd1bcbf,2026-07-15T03:45:00Z,2026-07-15T05:45:00+0200,154.07,EUR/MWh,NL,NL,day_ahead_price,value,2026-08-01T23:22:07Z
2026-08-01T23:18:50Z,2026-08-02T01:18:50+0200,914f204b-61c9-48d9-af2c-6470ecd1bcbf,2026-07-15T04:00:00Z,2026-07-15T06:00:00+0200,144.3,EUR/MWh,NL,NL,day_ahead_price,value,2026-08-01T23:22:07Z
2026-08-01T23:18:50Z,2026-08-02T01:18:50+0200,914f204b-61c9-48d9-af2c-6470ecd1bcbf,2026-07-15T04:15:00Z,2026-07-15T06:15:00+0200,155.0,EUR/MWh,NL,NL,day_ahead_price,value,2026-08-01T23:22:07Z
2026-08-01T23:18:50Z,2026-08-02T01:18:50+0200,914f204b-61c9-48d9-af2c-6470ecd1bcbf,2026-07-15T04:30:00Z,2026-07-15T06:30:00+0200,154.99,EUR/MWh,NL,NL,day_ahead_price,value,2026-08-01T23:22:07Z
2026-08-01T23:18:50Z,2026-08-02T01:18:50+0200,914f204b-61c9-48d9-af2c-6470ecd1bcbf,2026-07-15T04:45:00Z,2026-07-15T06:45:00+0200,152.53,EUR/MWh,NL,NL,day_ahead_price,value,2026-08-01T23:22:07Z
2026-08-01T23:18:50Z,2026-08-02T01:18:50+0200,914f204b-61c9-48d9-af2c-6470ecd1bcbf,2026-07-15T05:00:00Z,2026-07-15T07:00:00+0200,162.62,EUR/MWh,NL,NL,day_ahead_price,value,2026-08-01T23:22:07Z
2026-08-01T23:18:50Z,2026-08-02T01:18:50+0200,914f204b-61c9-48d9-af2c-6470ecd1bcbf,2026-07-15T05:15:00Z,2026-07-15T07:15:00+0200,163.97,EUR/MWh,NL,NL,day_ahead_price,value,2026-08-01T23:22:07Z
2026-08-01T23:18:50Z,2026-08-02T01:18:50+0200,914f204b-61c9-48d9-af2c-6470ecd1bcbf,2026-07-15T05:30:00Z,2026-07-15T07:30:00+0200,164.39,EUR/MWh,NL,NL,day_ahead_price,value,2026-08-01T23:22:07Z
2026-08-01T23:18:50Z,2026-08-02T01:18:50+0200,914f204b-61c9-48d9-af2c-6470ecd1bcbf,2026-07-15T05:45:00Z,2026-07-15T07:45:00+0200,159.04,EUR/MWh,NL,NL,day_ahead_price,value,2026-08-01T23:22:07Z
2026-08-01T23:18:50Z,2026-08-02T01:18:50+0200,914f204b-61c9-48d9-af2c-6470ecd1bcbf,2026-07-15T06:00:00Z,2026-07-15T08:00:00+0200,167.28,EUR/MWh,NL,NL,day_ahead_price,value,2026-08-01T23:22:07Z
2026-08-01T23:18:50Z,2026-08-02T01:18:50+0200,914f204b-61c9-48d9-af2c-6470ecd1bcbf,2026-07-15T06:15:00Z,2026-07-15T08:15:00+0200,159.17,EUR/MWh,NL,NL,day_ahead_price,value,2026-08-01T23:22:07Z
2026-08-01T23:18:50Z,2026-08-02T01:18:50+0200,914f204b-61c9-48d9-af2c-6470ecd1bcbf,2026-07-15T06:30:00Z,2026-07-15T08:30:00+0200,152.05,EUR/MWh,NL,NL,day_ahead_price,value,2026-08-01T23:22:07Z
2026-08-01T23:18:50Z,2026-08-02T01:18:50+0200,914f204b-61c9-48d9-af2c-6470ecd1bcbf,2026-07-15T06:45:00Z,2026-07-15T08:45:00+0200,139.88,EUR/MWh,NL,NL,day_ahead_price,value,2026-08-01T23:22:07Z
2026-08-01T23:18:50Z,2026-08-02T01:18:50+0200,914f204b-61c9-48d9-af2c-6470ecd1bcbf,2026-07-15T07:00:00Z,2026-07-15T09:00:00+0200,149.73,EUR/MWh,NL,NL,day_ahead_price,value,2026-08-01T23:22:07Z
2026-08-01T23:18:50Z,2026-08-02T01:18:50+0200,914f204b-61c9-48d9-af2c-6470ecd1bcbf,2026-07-15T07:15:00Z,2026-07-15T09:15:00+0200,139.48,EUR/MWh,NL,NL,day_ahead_price,value,2026-08-01T23:22:07Z
2026-08-01T23:18:50Z,2026-08-02T01:18:50+0200,914f204b-61c9-48d9-af2c-6470ecd1bcbf,2026-07-15T07:30:00Z,2026-07-15T09:30:00+0200,130.18,EUR/MWh,NL,NL,day_ahead_price,value,2026-08-01T23:22:07Z
2026-08-01T23:18:50Z,2026-08-02T01:18:50+0200,914f204b-61c9-48d9-af2c-6470ecd1bcbf,2026-07-15T07:45:00Z,2026-07-15T09:45:00+0200,120.37,EUR/MWh,NL,NL,day_ahead_price,value,2026-08-01T23:22:07Z
2026-08-01T23:18:50Z,2026-08-02T01:18:50+0200,914f204b-61c9-48d9-af2c-6470ecd1bcbf,2026-07-15T08:00:00Z,2026-07-15T10:00:00+0200,118.96,EUR/MWh,NL,NL,day_ahead_price,value,2026-08-01T23:22:07Z
2026-08-01T23:18:50Z,2026-08-02T01:18:50+0200,914f204b-61c9-48d9-af2c-6470ecd1bcbf,2026-07-15T08:15:00Z,2026-07-15T10:15:00+0200,105.02,EUR/MWh,NL,NL,day_ahead_price,value,2026-08-01T23:22:07Z
2026-08-01T23:18:50Z,2026-08-02T01:18:50+0200,914f204b-61c9-48d9-af2c-6470ecd1bcbf,2026-07-15T08:30:00Z,2026-07-15T10:30:00+0200,101.95,EUR/MWh,NL,NL,day_ahead_price,value,2026-08-01T23:22:07Z
2026-08-01T23:18:50Z,2026-08-02T01:18:50+0200,914f204b-61c9-48d9-af2c-6470ecd1bcbf,2026-07-15T08:45:00Z,2026-07-15T10:45:00+0200,98.07,EUR/MWh,NL,NL,day_ahead_price,value,2026-08-01T23:22:07Z
2026-08-01T23:18:50Z,2026-08-02T01:18:50+0200,914f204b-61c9-48d9-af2c-6470ecd1bcbf,2026-07-15T09:00:00Z,2026-07-15T11:00:00+0200,89.06,EUR/MWh,NL,NL,day_ahead_price,value,2026-08-01T23:22:07Z
2026-08-01T23:18:50Z,2026-08-02T01:18:50+0200,914f204b-61c9-48d9-af2c-6470ecd1bcbf,2026-07-15T09:15:00Z,2026-07-15T11:15:00+0200,90.01,EUR/MWh,NL,NL,day_ahead_price,value,2026-08-01T23:22:07Z
2026-08-01T23:18:50Z,2026-08-02T01:18:50+0200,914f204b-61c9-48d9-af2c-6470ecd1bcbf,2026-07-15T09:30:00Z,2026-07-15T11:30:00+0200,93.69,EUR/MWh,NL,NL,day_ahead_price,value,2026-08-01T23:22:07Z
2026-08-01T23:18:50Z,2026-08-02T01:18:50+0200,914f204b-61c9-48d9-af2c-6470ecd1bcbf,2026-07-15T09:45:00Z,2026-07-15T11:45:00+0200,64.91,EUR/MWh,NL,NL,day_ahead_price,value,2026-08-01T23:22:07Z
2026-08-01T23:18:50Z,2026-08-02T01:18:50+0200,914f204b-61c9-48d9-af2c-6470ecd1bcbf,2026-07-15T10:00:00Z,2026-07-15T12:00:00+0200,67.13,EUR/MWh,NL,NL,day_ahead_price,value,2026-08-01T23:22:07Z
2026-08-01T23:18:50Z,2026-08-02T01:18:50+0200,914f204b-61c9-48d9-af2c-6470ecd1bcbf,2026-07-15T10:15:00Z,2026-07-15T12:15:00+0200,49.39,EUR/MWh,NL,NL,day_ahead_price,value,2026-08-01T23:22:07Z
2026-08-01T23:18:50Z,2026-08-02T01:18:50+0200,914f204b-61c9-48d9-af2c-6470ecd1bcbf,2026-07-15T10:30:00Z,2026-07-15T12:30:00+0200,34.92,EUR/MWh,NL,NL,day_ahead_price,value,2026-08-01T23:22:07Z
2026-08-01T23:18:50Z,2026-08-02T01:18:50+0200,914f204b-61c9-48d9-af2c-6470ecd1bcbf,2026-07-15T10:45:00Z,2026-07-15T12:45:00+0200,28.28,EUR/MWh,NL,NL,day_ahead_price,value,2026-08-01T23:22:07Z
2026-08-01T23:18:50Z,2026-08-02T01:18:50+0200,914f204b-61c9-48d9-af2c-6470ecd1bcbf,2026-07-15T11:00:00Z,2026-07-15T13:00:00+0200,35.87,EUR/MWh,NL,NL,day_ahead_price,value,2026-08-01T23:22:07Z
2026-08-01T23:18:50Z,2026-08-02T01:18:50+0200,914f204b-61c9-48d9-af2c-6470ecd1bcbf,2026-07-15T11:15:00Z,2026-07-15T13:15:00+0200,35.29,EUR/MWh,NL,NL,day_ahead_price,value,2026-08-01T23:22:07Z
2026-08-01T23:18:50Z,2026-08-02T01:18:50+0200,914f204b-61c9-48d9-af2c-6470ecd1bcbf,2026-07-15T11:30:00Z,2026-07-15T13:30:00+0200,25.32,EUR/MWh,NL,NL,day_ahead_price,value,2026-08-01T23:22:07Z
2026-08-01T23:18:50Z,2026-08-02T01:18:50+0200,914f204b-61c9-48d9-af2c-6470ecd1bcbf,2026-07-15T11:45:00Z,2026-07-15T13:45:00+0200,23.53,EUR/MWh,NL,NL,day_ahead_price,value,2026-08-01T23:22:07Z
2026-08-01T23:18:50Z,2026-08-02T01:18:50+0200,914f204b-61c9-48d9-af2c-6470ecd1bcbf,2026-07-15T12:00:00Z,2026-07-15T14:00:00+0200,23.95,EUR/MWh,NL,NL,day_ahead_price,value,2026-08-01T23:22:07Z
2026-08-01T23:18:50Z,2026-08-02T01:18:50+0200,914f204b-61c9-48d9-af2c-6470ecd1bcbf,2026-07-15T12:15:00Z,2026-07-15T14:15:00+0200,20.55,EUR/MWh,NL,NL,day_ahead_price,value,2026-08-01T23:22:07Z
2026-08-01T23:18:50Z,2026-08-02T01:18:50+0200,914f204b-61c9-48d9-af2c-6470ecd1bcbf,2026-07-15T12:30:00Z,2026-07-15T14:30:00+0200,17.21,EUR/MWh,NL,NL,day_ahead_price,value,2026-08-01T23:22:07Z
2026-08-01T23:18:50Z,2026-08-02T01:18:50+0200,914f204b-61c9-48d9-af2c-6470ecd1bcbf,2026-07-15T12:45:00Z,2026-07-15T14:45:00+0200,14.59,EUR/MWh,NL,NL,day_ahead_price,value,2026-08-01T23:22:07Z
2026-08-01T23:18:50Z,2026-08-02T01:18:50+0200,914f204b-61c9-48d9-af2c-6470ecd1bcbf,2026-07-15T13:00:00Z,2026-07-15T15:00:00+0200,18.96,EUR/MWh,NL,NL,day_ahead_price,value,2026-08-01T23:22:07Z
2026-08-01T23:18:50Z,2026-08-02T01:18:50+0200,914f204b-61c9-48d9-af2c-6470ecd1bcbf,2026-07-15T13:15:00Z,2026-07-15T15:15:00+0200,33.47,EUR/MWh,NL,NL,day_ahead_price,value,2026-08-01T23:22:07Z
2026-08-01T23:18:50Z,2026-08-02T01:18:50+0200,914f204b-61c9-48d9-af2c-6470ecd1bcbf,2026-07-15T13:30:00Z,2026-07-15T15:30:00+0200,46.7,EUR/MWh,NL,NL,day_ahead_price,value,2026-08-01T23:22:07Z
2026-08-01T23:18:50Z,2026-08-02T01:18:50+0200,914f204b-61c9-48d9-af2c-6470ecd1bcbf,2026-07-15T13:45:00Z,2026-07-15T15:45:00+0200,50.38,EUR/MWh,NL,NL,day_ahead_price,value,2026-08-01T23:22:07Z
2026-08-01T23:18:50Z,2026-08-02T01:18:50+0200,914f204b-61c9-48d9-af2c-6470ecd1bcbf,2026-07-15T14:00:00Z,2026-07-15T16:00:00+0200,72.37,EUR/MWh,NL,NL,day_ahead_price,value,2026-08-01T23:22:07Z
2026-08-01T23:18:50Z,2026-08-02T01:18:50+0200,914f204b-61c9-48d9-af2c-6470ecd1bcbf,2026-07-15T14:15:00Z,2026-07-15T16:15:00+0200,80.65,EUR/MWh,NL,NL,day_ahead_price,value,2026-08-01T23:22:07Z
2026-08-01T23:18:50Z,2026-08-02T01:18:50+0200,914f204b-61c9-48d9-af2c-6470ecd1bcbf,2026-07-15T14:30:00Z,2026-07-15T16:30:00+0200,89.7,EUR/MWh,NL,NL,day_ahead_price,value,2026-08-01T23:22:07Z
2026-08-01T23:18:50Z,2026-08-02T01:18:50+0200,914f204b-61c9-48d9-af2c-6470ecd1bcbf,2026-07-15T14:45:00Z,2026-07-15T16:45:00+0200,92.6,EUR/MWh,NL,NL,day_ahead_price,value,2026-08-01T23:22:07Z
2026-08-01T23:18:50Z,2026-08-02T01:18:50+0200,914f204b-61c9-48d9-af2c-6470ecd1bcbf,2026-07-15T15:00:00Z,2026-07-15T17:00:00+0200,100.0,EUR/MWh,NL,NL,day_ahead_price,value,2026-08-01T23:22:07Z
2026-08-01T23:18:50Z,2026-08-02T01:18:50+0200,914f204b-61c9-48d9-af2c-6470ecd1bcbf,2026-07-15T15:15:00Z,2026-07-15T17:15:00+0200,99.1,EUR/MWh,NL,NL,day_ahead_price,value,2026-08-01T23:22:07Z
2026-08-01T23:18:50Z,2026-08-02T01:18:50+0200,914f204b-61c9-48d9-af2c-6470ecd1bcbf,2026-07-15T15:30:00Z,2026-07-15T17:30:00+0200,113.77,EUR/MWh,NL,NL,day_ahead_price,value,2026-08-01T23:22:07Z
2026-08-01T23:18:50Z,2026-08-02T01:18:50+0200,914f204b-61c9-48d9-af2c-6470ecd1bcbf,2026-07-15T15:45:00Z,2026-07-15T17:45:00+0200,126.66,EUR/MWh,NL,NL,day_ahead_price,value,2026-08-01T23:22:07Z
2026-08-01T23:18:50Z,2026-08-02T01:18:50+0200,914f204b-61c9-48d9-af2c-6470ecd1bcbf,2026-07-15T16:00:00Z,2026-07-15T18:00:00+0200,128.21,EUR/MWh,NL,NL,day_ahead_price,value,2026-08-01T23:22:07Z
2026-08-01T23:18:50Z,2026-08-02T01:18:50+0200,914f204b-61c9-48d9-af2c-6470ecd1bcbf,2026-07-15T16:15:00Z,2026-07-15T18:15:00+0200,130.01,EUR/MWh,NL,NL,day_ahead_price,value,2026-08-01T23:22:07Z
2026-08-01T23:18:50Z,2026-08-02T01:18:50+0200,914f204b-61c9-48d9-af2c-6470ecd1bcbf,2026-07-15T16:30:00Z,2026-07-15T18:30:00+0200,130.55,EUR/MWh,NL,NL,day_ahead_price,value,2026-08-01T23:22:07Z
2026-08-01T23:18:50Z,2026-08-02T01:18:50+0200,914f204b-61c9-48d9-af2c-6470ecd1bcbf,2026-07-15T16:45:00Z,2026-07-15T18:45:00+0200,140.66,EUR/MWh,NL,NL,day_ahead_price,value,2026-08-01T23:22:07Z
2026-08-01T23:18:50Z,2026-08-02T01:18:50+0200,914f204b-61c9-48d9-af2c-6470ecd1bcbf,2026-07-15T17:00:00Z,2026-07-15T19:00:00+0200,98.36,EUR/MWh,NL,NL,day_ahead_price,value,2026-08-01T23:22:07Z
2026-08-01T23:18:50Z,2026-08-02T01:18:50+0200,914f204b-61c9-48d9-af2c-6470ecd1bcbf,2026-07-15T17:15:00Z,2026-07-15T19:15:00+0200,130.51,EUR/MWh,NL,NL,day_ahead_price,value,2026-08-01T23:22:07Z
2026-08-01T23:18:50Z,2026-08-02T01:18:50+0200,914f204b-61c9-48d9-af2c-6470ecd1bcbf,2026-07-15T17:30:00Z,2026-07-15T19:30:00+0200,153.39,EUR/MWh,NL,NL,day_ahead_price,value,2026-08-01T23:22:07Z
2026-08-01T23:18:50Z,2026-08-02T01:18:50+0200,914f204b-61c9-48d9-af2c-6470ecd1bcbf,2026-07-15T17:45:00Z,2026-07-15T19:45:00+0200,180.62,EUR/MWh,NL,NL,day_ahead_price,value,2026-08-01T23:22:07Z
2026-08-01T23:18:50Z,2026-08-02T01:18:50+0200,914f204b-61c9-48d9-af2c-6470ecd1bcbf,2026-07-15T18:00:00Z,2026-07-15T20:00:00+0200,166.53,EUR/MWh,NL,NL,day_ahead_price,value,2026-08-01T23:22:07Z
2026-08-01T23:18:50Z,2026-08-02T01:18:50+0200,914f204b-61c9-48d9-af2c-6470ecd1bcbf,2026-07-15T18:15:00Z,2026-07-15T20:15:00+0200,183.91,EUR/MWh,NL,NL,day_ahead_price,value,2026-08-01T23:22:07Z
2026-08-01T23:18:50Z,2026-08-02T01:18:50+0200,914f204b-61c9-48d9-af2c-6470ecd1bcbf,2026-07-15T18:30:00Z,2026-07-15T20:30:00+0200,180.43,EUR/MWh,NL,NL,day_ahead_price,value,2026-08-01T23:22:07Z
2026-08-01T23:18:50Z,2026-08-02T01:18:50+0200,914f204b-61c9-48d9-af2c-6470ecd1bcbf,2026-07-15T18:45:00Z,2026-07-15T20:45:00+0200,187.25,EUR/MWh,NL,NL,day_ahead_price,value,2026-08-01T23:22:07Z
2026-08-01T23:18:50Z,2026-08-02T01:18:50+0200,914f204b-61c9-48d9-af2c-6470ecd1bcbf,2026-07-15T19:00:00Z,2026-07-15T21:00:00+0200,170.83,EUR/MWh,NL,NL,day_ahead_price,value,2026-08-01T23:22:07Z
2026-08-01T23:18:50Z,2026-08-02T01:18:50+0200,914f204b-61c9-48d9-af2c-6470ecd1bcbf,2026-07-15T19:15:00Z,2026-07-15T21:15:00+0200,196.12,EUR/MWh,NL,NL,day_ahead_price,value,2026-08-01T23:22:07Z
2026-08-01T23:18:50Z,2026-08-02T01:18:50+0200,914f204b-61c9-48d9-af2c-6470ecd1bcbf,2026-07-15T19:30:00Z,2026-07-15T21:30:00+0200,197.13,EUR/MWh,NL,NL,day_ahead_price,value,2026-08-01T23:22:07Z
2026-08-01T23:18:50Z,2026-08-02T01:18:50+0200,914f204b-61c9-48d9-af2c-6470ecd1bcbf,2026-07-15T19:45:00Z,2026-07-15T21:45:00+0200,192.33,EUR/MWh,NL,NL,day_ahead_price,value,2026-08-01T23:22:07Z
2026-08-01T23:18:50Z,2026-08-02T01:18:50+0200,914f204b-61c9-48d9-af2c-6470ecd1bcbf,2026-07-15T20:00:00Z,2026-07-15T22:00:00+0200,199.99,EUR/MWh,NL,NL,day_ahead_price,value,2026-08-01T23:22:07Z
2026-08-01T23:18:50Z,2026-08-02T01:18:50+0200,914f204b-61c9-48d9-af2c-6470ecd1bcbf,2026-07-15T20:15:00Z,2026-07-15T22:15:00+0200,190.0,EUR/MWh,NL,NL,day_ahead_price,value,2026-08-01T23:22:07Z
2026-08-01T23:18:50Z,2026-08-02T01:18:50+0200,914f204b-61c9-48d9-af2c-6470ecd1bcbf,2026-07-15T20:30:00Z,2026-07-15T22:30:00+0200,187.9,EUR/MWh,NL,NL,day_ahead_price,value,2026-08-01T23:22:07Z
2026-08-01T23:18:50Z,2026-08-02T01:18:50+0200,914f204b-61c9-48d9-af2c-6470ecd1bcbf,2026-07-15T20:45:00Z,2026-07-15T22:45:00+0200,175.63,EUR/MWh,NL,NL,day_ahead_price,value,2026-08-01T23:22:07Z
2026-08-01T23:18:50Z,2026-08-02T01:18:50+0200,914f204b-61c9-48d9-af2c-6470ecd1bcbf,2026-07-15T21:00:00Z,2026-07-15T23:00:00+0200,179.14,EUR/MWh,NL,NL,day_ahead_price,value,2026-08-01T23:22:07Z
2026-08-01T23:18:50Z,2026-08-02T01:18:50+0200,914f204b-61c9-48d9-af2c-6470ecd1bcbf,2026-07-15T21:15:00Z,2026-07-15T23:15:00+0200,171.94,EUR/MWh,NL,NL,day_ahead_price,value,2026-08-01T23:22:07Z
2026-08-01T23:18:50Z,2026-08-02T01:18:50+0200,914f204b-61c9-48d9-af2c-6470ecd1bcbf,2026-07-15T21:30:00Z,2026-07-15T23:30:00+0200,169.62,EUR/MWh,NL,NL,day_ahead_price,value,2026-08-01T23:22:07Z
2026-08-01T23:18:50Z,2026-08-02T01:18:50+0200,914f204b-61c9-48d9-af2c-6470ecd1bcbf,2026-07-15T21:45:00Z,2026-07-15T23:45:00+0200,164.96,EUR/MWh,NL,NL,day_ahead_price,value,2026-08-01T23:22:07Z
2026-08-01T23:18:50Z,2026-08-02T01:18:50+0200,914f204b-61c9-48d9-af2c-6470ecd1bcbf,2026-07-15T22:00:00Z,2026-07-16T00:00:00+0200,173.58,EUR/MWh,NL,NL,day_ahead_price,value,2026-08-01T23:22:07Z
2026-08-01T23:18:50Z,2026-08-02T01:18:50+0200,914f204b-61c9-48d9-af2c-6470ecd1bcbf,2026-07-15T22:15:00Z,2026-07-16T00:15:00+0200,169.04,EUR/MWh,NL,NL,day_ahead_price,value,2026-08-01T23:22:07Z
2026-08-01T23:18:50Z,2026-08-02T01:18:50+0200,914f204b-61c9-48d9-af2c-6470ecd1bcbf,2026-07-15T22:30:00Z,2026-07-16T00:30:00+0200,163.51,EUR/MWh,NL,NL,day_ahead_price,value,2026-08-01T23:22:07Z
2026-08-01T23:18:50Z,2026-08-02T01:18:50+0200,914f204b-61c9-48d9-af2c-6470ecd1bcbf,2026-07-15T22:45:00Z,2026-07-16T00:45:00+0200,158.0,EUR/MWh,NL,NL,day_ahead_price,value,2026-08-01T23:22:07Z
2026-08-01T23:18:50Z,2026-08-02T01:18:50+0200,914f204b-61c9-48d9-af2c-6470ecd1bcbf,2026-07-15T23:00:00Z,2026-07-16T01:00:00+0200,162.03,EUR/MWh,NL,NL,day_ahead_price,value,2026-08-01T23:22:07Z
2026-08-01T23:18:50Z,2026-08-02T01:18:50+0200,914f204b-61c9-48d9-af2c-6470ecd1bcbf,2026-07-15T23:15:00Z,2026-07-16T01:15:00+0200,158.0,EUR/MWh,NL,NL,day_ahead_price,value,2026-08-01T23:22:07Z
2026-08-01T23:18:50Z,2026-08-02T01:18:50+0200,914f204b-61c9-48d9-af2c-6470ecd1bcbf,2026-07-15T23:30:00Z,2026-07-16T01:30:00+0200,158.97,EUR/MWh,NL,NL,day_ahead_price,value,2026-08-01T23:22:07Z
2026-08-01T23:18:50Z,2026-08-02T01:18:50+0200,914f204b-61c9-48d9-af2c-6470ecd1bcbf,2026-07-15T23:45:00Z,2026-07-16T01:45:00+0200,157.8,EUR/MWh,NL,NL,day_ahead_price,value,2026-08-01T23:22:07Z
2026-08-01T23:18:50Z,2026-08-02T01:18:50+0200,914f204b-61c9-48d9-af2c-6470ecd1bcbf,2026-07-16T00:00:00Z,2026-07-16T02:00:00+0200,157.62,EUR/MWh,NL,NL,day_ahead_price,value,2026-08-01T23:22:07Z
2026-08-01T23:18:50Z,2026-08-02T01:18:50+0200,914f204b-61c9-48d9-af2c-6470ecd1bcbf,2026-07-16T00:15:00Z,2026-07-16T02:15:00+0200,154.67,EUR/MWh,NL,NL,day_ahead_price,value,2026-08-01T23:22:07Z
2026-08-01T23:18:50Z,2026-08-02T01:18:50+0200,914f204b-61c9-48d9-af2c-6470ecd1bcbf,2026-07-16T00:30:00Z,2026-07-16T02:30:00+0200,150.18,EUR/MWh,NL,NL,day_ahead_price,value,2026-08-01T23:22:07Z
2026-08-01T23:18:50Z,2026-08-02T01:18:50+0200,914f204b-61c9-48d9-af2c-6470ecd1bcbf,2026-07-16T00:45:00Z,2026-07-16T02:45:00+0200,147.32,EUR/MWh,NL,NL,day_ahead_price,value,2026-08-01T23:22:07Z
2026-08-01T23:18:50Z,2026-08-02T01:18:50+0200,914f204b-61c9-48d9-af2c-6470ecd1bcbf,2026-07-16T01:00:00Z,2026-07-16T03:00:00+0200,150.39,EUR/MWh,NL,NL,day_ahead_price,value,2026-08-01T23:22:07Z
2026-08-01T23:18:50Z,2026-08-02T01:18:50+0200,914f204b-61c9-48d9-af2c-6470ecd1bcbf,2026-07-16T01:15:00Z,2026-07-16T03:15:00+0200,147.23,EUR/MWh,NL,NL,day_ahead_price,value,2026-08-01T23:22:07Z
2026-08-01T23:18:50Z,2026-08-02T01:18:50+0200,914f204b-61c9-48d9-af2c-6470ecd1bcbf,2026-07-16T01:30:00Z,2026-07-16T03:30:00+0200,148.08,EUR/MWh,NL,NL,day_ahead_price,value,2026-08-01T23:22:07Z
2026-08-01T23:18:50Z,2026-08-02T01:18:50+0200,914f204b-61c9-48d9-af2c-6470ecd1bcbf,2026-07-16T01:45:00Z,2026-07-16T03:45:00+0200,147.92,EUR/MWh,NL,NL,day_ahead_price,value,2026-08-01T23:22:07Z
2026-08-01T23:18:50Z,2026-08-02T01:18:50+0200,914f204b-61c9-48d9-af2c-6470ecd1bcbf,2026-07-16T02:00:00Z,2026-07-16T04:00:00+0200,138.97,EUR/MWh,NL,NL,day_ahead_price,value,2026-08-01T23:22:07Z
2026-08-01T23:18:50Z,2026-08-02T01:18:50+0200,914f204b-61c9-48d9-af2c-6470ecd1bcbf,2026-07-16T02:15:00Z,2026-07-16T04:15:00+0200,143.83,EUR/MWh,NL,NL,day_ahead_price,value,2026-08-01T23:22:07Z
2026-08-01T23:18:50Z,2026-08-02T01:18:50+0200,914f204b-61c9-48d9-af2c-6470ecd1bcbf,2026-07-16T02:30:00Z,2026-07-16T04:30:00+0200,143.85,EUR/MWh,NL,NL,day_ahead_price,value,2026-08-01T23:22:07Z
2026-08-01T23:18:50Z,2026-08-02T01:18:50+0200,914f204b-61c9-48d9-af2c-6470ecd1bcbf,2026-07-16T02:45:00Z,2026-07-16T04:45:00+0200,149.47,EUR/MWh,NL,NL,day_ahead_price,value,2026-08-01T23:22:07Z
2026-08-01T23:18:50Z,2026-08-02T01:18:50+0200,914f204b-61c9-48d9-af2c-6470ecd1bcbf,2026-07-16T03:00:00Z,2026-07-16T05:00:00+0200,124.95,EUR/MWh,NL,NL,day_ahead_price,value,2026-08-01T23:22:07Z
2026-08-01T23:18:50Z,2026-08-02T01:18:50+0200,914f204b-61c9-48d9-af2c-6470ecd1bcbf,2026-07-16T03:15:00Z,2026-07-16T05:15:00+0200,147.71,EUR/MWh,NL,NL,day_ahead_price,value,2026-08-01T23:22:07Z
2026-08-01T23:18:50Z,2026-08-02T01:18:50+0200,914f204b-61c9-48d9-af2c-6470ecd1bcbf,2026-07-16T03:30:00Z,2026-07-16T05:30:00+0200,160.1,EUR/MWh,NL,NL,day_ahead_price,value,2026-08-01T23:22:07Z
2026-08-01T23:18:50Z,2026-08-02T01:18:50+0200,914f204b-61c9-48d9-af2c-6470ecd1bcbf,2026-07-16T03:45:00Z,2026-07-16T05:45:00+0200,163.28,EUR/MWh,NL,NL,day_ahead_price,value,2026-08-01T23:22:07Z
2026-08-01T23:18:50Z,2026-08-02T01:18:50+0200,914f204b-61c9-48d9-af2c-6470ecd1bcbf,2026-07-16T04:00:00Z,2026-07-16T06:00:00+0200,148.56,EUR/MWh,NL,NL,day_ahead_price,value,2026-08-01T23:22:07Z
2026-08-01T23:18:50Z,2026-08-02T01:18:50+0200,914f204b-61c9-48d9-af2c-6470ecd1bcbf,2026-07-16T04:15:00Z,2026-07-16T06:15:00+0200,162.87,EUR/MWh,NL,NL,day_ahead_price,value,2026-08-01T23:22:07Z
2026-08-01T23:18:50Z,2026-08-02T01:18:50+0200,914f204b-61c9-48d9-af2c-6470ecd1bcbf,2026-07-16T04:30:00Z,2026-07-16T06:30:00+0200,163.52,EUR/MWh,NL,NL,day_ahead_price,value,2026-08-01T23:22:07Z
2026-08-01T23:18:50Z,2026-08-02T01:18:50+0200,914f204b-61c9-48d9-af2c-6470ecd1bcbf,2026-07-16T04:45:00Z,2026-07-16T06:45:00+0200,165.64,EUR/MWh,NL,NL,day_ahead_price,value,2026-08-01T23:22:07Z
2026-08-01T23:18:50Z,2026-08-02T01:18:50+0200,914f204b-61c9-48d9-af2c-6470ecd1bcbf,2026-07-16T05:00:00Z,2026-07-16T07:00:00+0200,166.09,EUR/MWh,NL,NL,day_ahead_price,value,2026-08-01T23:22:07Z
2026-08-01T23:18:50Z,2026-08-02T01:18:50+0200,914f204b-61c9-48d9-af2c-6470ecd1bcbf,2026-07-16T05:15:00Z,2026-07-16T07:15:00+0200,169.11,EUR/MWh,NL,NL,day_ahead_price,value,2026-08-01T23:22:07Z
2026-08-01T23:18:50Z,2026-08-02T01:18:50+0200,914f204b-61c9-48d9-af2c-6470ecd1bcbf,2026-07-16T05:30:00Z,2026-07-16T07:30:00+0200,168.21,EUR/MWh,NL,NL,day_ahead_price,value,2026-08-01T23:22:07Z
2026-08-01T23:18:50Z,2026-08-02T01:18:50+0200,914f204b-61c9-48d9-af2c-6470ecd1bcbf,2026-07-16T05:45:00Z,2026-07-16T07:45:00+0200,161.15,EUR/MWh,NL,NL,day_ahead_price,value,2026-08-01T23:22:07Z
2026-08-01T23:18:50Z,2026-08-02T01:18:50+0200,914f204b-61c9-48d9-af2c-6470ecd1bcbf,2026-07-16T06:00:00Z,2026-07-16T08:00:00+0200,169.39,EUR/MWh,NL,NL,day_ahead_price,value,2026-08-01T23:22:07Z
2026-08-01T23:18:50Z,2026-08-02T01:18:50+0200,914f204b-61c9-48d9-af2c-6470ecd1bcbf,2026-07-16T06:15:00Z,2026-07-16T08:15:00+0200,166.08,EUR/MWh,NL,NL,day_ahead_price,value,2026-08-01T23:22:07Z
2026-08-01T23:18:50Z,2026-08-02T01:18:50+0200,914f204b-61c9-48d9-af2c-6470ecd1bcbf,2026-07-16T06:30:00Z,2026-07-16T08:30:00+0200,157.19,EUR/MWh,NL,NL,day_ahead_price,value,2026-08-01T23:22:07Z
2026-08-01T23:18:50Z,2026-08-02T01:18:50+0200,914f204b-61c9-48d9-af2c-6470ecd1bcbf,2026-07-16T06:45:00Z,2026-07-16T08:45:00+0200,138.05,EUR/MWh,NL,NL,day_ahead_price,value,2026-08-01T23:22:07Z
2026-08-01T23:18:50Z,2026-08-02T01:18:50+0200,914f204b-61c9-48d9-af2c-6470ecd1bcbf,2026-07-16T07:00:00Z,2026-07-16T09:00:00+0200,152.98,EUR/MWh,NL,NL,day_ahead_price,value,2026-08-01T23:22:07Z
2026-08-01T23:18:50Z,2026-08-02T01:18:50+0200,914f204b-61c9-48d9-af2c-6470ecd1bcbf,2026-07-16T07:15:00Z,2026-07-16T09:15:00+0200,138.24,EUR/MWh,NL,NL,day_ahead_price,value,2026-08-01T23:22:07Z
2026-08-01T23:18:50Z,2026-08-02T01:18:50+0200,914f204b-61c9-48d9-af2c-6470ecd1bcbf,2026-07-16T07:30:00Z,2026-07-16T09:30:00+0200,132.72,EUR/MWh,NL,NL,day_ahead_price,value,2026-08-01T23:22:07Z
2026-08-01T23:18:50Z,2026-08-02T01:18:50+0200,914f204b-61c9-48d9-af2c-6470ecd1bcbf,2026-07-16T07:45:00Z,2026-07-16T09:45:00+0200,123.74,EUR/MWh,NL,NL,day_ahead_price,value,2026-08-01T23:22:07Z
2026-08-01T23:18:50Z,2026-08-02T01:18:50+0200,914f204b-61c9-48d9-af2c-6470ecd1bcbf,2026-07-16T08:00:00Z,2026-07-16T10:00:00+0200,140.34,EUR/MWh,NL,NL,day_ahead_price,value,2026-08-01T23:22:07Z
2026-08-01T23:18:50Z,2026-08-02T01:18:50+0200,914f204b-61c9-48d9-af2c-6470ecd1bcbf,2026-07-16T08:15:00Z,2026-07-16T10:15:00+0200,122.62,EUR/MWh,NL,NL,day_ahead_price,value,2026-08-01T23:22:07Z
2026-08-01T23:18:50Z,2026-08-02T01:18:50+0200,914f204b-61c9-48d9-af2c-6470ecd1bcbf,2026-07-16T08:30:00Z,2026-07-16T10:30:00+0200,110.34,EUR/MWh,NL,NL,day_ahead_price,value,2026-08-01T23:22:07Z
2026-08-01T23:18:50Z,2026-08-02T01:18:50+0200,914f204b-61c9-48d9-af2c-6470ecd1bcbf,2026-07-16T08:45:00Z,2026-07-16T10:45:00+0200,100.21,EUR/MWh,NL,NL,day_ahead_price,value,2026-08-01T23:22:07Z
2026-08-01T23:18:50Z,2026-08-02T01:18:50+0200,914f204b-61c9-48d9-af2c-6470ecd1bcbf,2026-07-16T09:00:00Z,2026-07-16T11:00:00+0200,113.13,EUR/MWh,NL,NL,day_ahead_price,value,2026-08-01T23:22:07Z
2026-08-01T23:18:50Z,2026-08-02T01:18:50+0200,914f204b-61c9-48d9-af2c-6470ecd1bcbf,2026-07-16T09:15:00Z,2026-07-16T11:15:00+0200,109.09,EUR/MWh,NL,NL,day_ahead_price,value,2026-08-01T23:22:07Z
2026-08-01T23:18:50Z,2026-08-02T01:18:50+0200,914f204b-61c9-48d9-af2c-6470ecd1bcbf,2026-07-16T09:30:00Z,2026-07-16T11:30:00+0200,105.98,EUR/MWh,NL,NL,day_ahead_price,value,2026-08-01T23:22:07Z
2026-08-01T23:18:50Z,2026-08-02T01:18:50+0200,914f204b-61c9-48d9-af2c-6470ecd1bcbf,2026-07-16T09:45:00Z,2026-07-16T11:45:00+0200,100.36,EUR/MWh,NL,NL,day_ahead_price,value,2026-08-01T23:22:07Z
2026-08-01T23:18:50Z,2026-08-02T01:18:50+0200,914f204b-61c9-48d9-af2c-6470ecd1bcbf,2026-07-16T10:00:00Z,2026-07-16T12:00:00+0200,100.37,EUR/MWh,NL,NL,day_ahead_price,value,2026-08-01T23:22:07Z
2026-08-01T23:18:50Z,2026-08-02T01:18:50+0200,914f204b-61c9-48d9-af2c-6470ecd1bcbf,2026-07-16T10:15:00Z,2026-07-16T12:15:00+0200,94.65,EUR/MWh,NL,NL,day_ahead_price,value,2026-08-01T23:22:07Z
2026-08-01T23:18:50Z,2026-08-02T01:18:50+0200,914f204b-61c9-48d9-af2c-6470ecd1bcbf,2026-07-16T10:30:00Z,2026-07-16T12:30:00+0200,94.09,EUR/MWh,NL,NL,day_ahead_price,value,2026-08-01T23:22:07Z
2026-08-01T23:18:50Z,2026-08-02T01:18:50+0200,914f204b-61c9-48d9-af2c-6470ecd1bcbf,2026-07-16T10:45:00Z,2026-07-16T12:45:00+0200,92.85,EUR/MWh,NL,NL,day_ahead_price,value,2026-08-01T23:22:07Z
2026-08-01T23:18:50Z,2026-08-02T01:18:50+0200,914f204b-61c9-48d9-af2c-6470ecd1bcbf,2026-07-16T11:00:00Z,2026-07-16T13:00:00+0200,93.79,EUR/MWh,NL,NL,day_ahead_price,value,2026-08-01T23:22:07Z
2026-08-01T23:18:50Z,2026-08-02T01:18:50+0200,914f204b-61c9-48d9-af2c-6470ecd1bcbf,2026-07-16T11:15:00Z,2026-07-16T13:15:00+0200,92.69,EUR/MWh,NL,NL,day_ahead_price,value,2026-08-01T23:22:07Z
2026-08-01T23:18:50Z,2026-08-02T01:18:50+0200,914f204b-61c9-48d9-af2c-6470ecd1bcbf,2026-07-16T11:30:00Z,2026-07-16T13:30:00+0200,85.22,EUR/MWh,NL,NL,day_ahead_price,value,2026-08-01T23:22:07Z
2026-08-01T23:18:50Z,2026-08-02T01:18:50+0200,914f204b-61c9-48d9-af2c-6470ecd1bcbf,2026-07-16T11:45:00Z,2026-07-16T13:45:00+0200,83.38,EUR/MWh,NL,NL,day_ahead_price,value,2026-08-01T23:22:07Z
2026-08-01T23:18:50Z,2026-08-02T01:18:50+0200,914f204b-61c9-48d9-af2c-6470ecd1bcbf,2026-07-16T12:00:00Z,2026-07-16T14:00:00+0200,92.15,EUR/MWh,NL,NL,day_ahead_price,value,2026-08-01T23:22:07Z
2026-08-01T23:18:50Z,2026-08-02T01:18:50+0200,914f204b-61c9-48d9-af2c-6470ecd1bcbf,2026-07-16T12:15:00Z,2026-07-16T14:15:00+0200,94.01,EUR/MWh,NL,NL,day_ahead_price,value,2026-08-01T23:22:07Z
2026-08-01T23:18:50Z,2026-08-02T01:18:50+0200,914f204b-61c9-48d9-af2c-6470ecd1bcbf,2026-07-16T12:30:00Z,2026-07-16T14:30:00+0200,97.05,EUR/MWh,NL,NL,day_ahead_price,value,2026-08-01T23:22:07Z
2026-08-01T23:18:50Z,2026-08-02T01:18:50+0200,914f204b-61c9-48d9-af2c-6470ecd1bcbf,2026-07-16T12:45:00Z,2026-07-16T14:45:00+0200,103.01,EUR/MWh,NL,NL,day_ahead_price,value,2026-08-01T23:22:07Z
2026-08-01T23:18:50Z,2026-08-02T01:18:50+0200,914f204b-61c9-48d9-af2c-6470ecd1bcbf,2026-07-16T13:00:00Z,2026-07-16T15:00:00+0200,105.29,EUR/MWh,NL,NL,day_ahead_price,value,2026-08-01T23:22:07Z
2026-08-01T23:18:50Z,2026-08-02T01:18:50+0200,914f204b-61c9-48d9-af2c-6470ecd1bcbf,2026-07-16T13:15:00Z,2026-07-16T15:15:00+0200,107.46,EUR/MWh,NL,NL,day_ahead_price,value,2026-08-01T23:22:07Z
2026-08-01T23:18:50Z,2026-08-02T01:18:50+0200,914f204b-61c9-48d9-af2c-6470ecd1bcbf,2026-07-16T13:30:00Z,2026-07-16T15:30:00+0200,109.36,EUR/MWh,NL,NL,day_ahead_price,value,2026-08-01T23:22:07Z
2026-08-01T23:18:50Z,2026-08-02T01:18:50+0200,914f204b-61c9-48d9-af2c-6470ecd1bcbf,2026-07-16T13:45:00Z,2026-07-16T15:45:00+0200,112.44,EUR/MWh,NL,NL,day_ahead_price,value,2026-08-01T23:22:07Z
2026-08-01T23:18:50Z,2026-08-02T01:18:50+0200,914f204b-61c9-48d9-af2c-6470ecd1bcbf,2026-07-16T14:00:00Z,2026-07-16T16:00:00+0200,105.78,EUR/MWh,NL,NL,day_ahead_price,value,2026-08-01T23:22:07Z
2026-08-01T23:18:50Z,2026-08-02T01:18:50+0200,914f204b-61c9-48d9-af2c-6470ecd1bcbf,2026-07-16T14:15:00Z,2026-07-16T16:15:00+0200,112.67,EUR/MWh,NL,NL,day_ahead_price,value,2026-08-01T23:22:07Z
2026-08-01T23:18:50Z,2026-08-02T01:18:50+0200,914f204b-61c9-48d9-af2c-6470ecd1bcbf,2026-07-16T14:30:00Z,2026-07-16T16:30:00+0200,127.74,EUR/MWh,NL,NL,day_ahead_price,value,2026-08-01T23:22:07Z
2026-08-01T23:18:50Z,2026-08-02T01:18:50+0200,914f204b-61c9-48d9-af2c-6470ecd1bcbf,2026-07-16T14:45:00Z,2026-07-16T16:45:00+0200,129.47,EUR/MWh,NL,NL,day_ahead_price,value,2026-08-01T23:22:07Z
2026-08-01T23:18:50Z,2026-08-02T01:18:50+0200,914f204b-61c9-48d9-af2c-6470ecd1bcbf,2026-07-16T15:00:00Z,2026-07-16T17:00:00+0200,124.59,EUR/MWh,NL,NL,day_ahead_price,value,2026-08-01T23:22:07Z
2026-08-01T23:18:50Z,2026-08-02T01:18:50+0200,914f204b-61c9-48d9-af2c-6470ecd1bcbf,2026-07-16T15:15:00Z,2026-07-16T17:15:00+0200,135.37,EUR/MWh,NL,NL,day_ahead_price,value,2026-08-01T23:22:07Z
2026-08-01T23:18:50Z,2026-08-02T01:18:50+0200,914f204b-61c9-48d9-af2c-6470ecd1bcbf,2026-07-16T15:30:00Z,2026-07-16T17:30:00+0200,139.37,EUR/MWh,NL,NL,day_ahead_price,value,2026-08-01T23:22:07Z
2026-08-01T23:18:50Z,2026-08-02T01:18:50+0200,914f204b-61c9-48d9-af2c-6470ecd1bcbf,2026-07-16T15:45:00Z,2026-07-16T17:45:00+0200,148.06,EUR/MWh,NL,NL,day_ahead_price,value,2026-08-01T23:22:07Z
2026-08-01T23:18:50Z,2026-08-02T01:18:50+0200,914f204b-61c9-48d9-af2c-6470ecd1bcbf,2026-07-16T16:00:00Z,2026-07-16T18:00:00+0200,135.42,EUR/MWh,NL,NL,day_ahead_price,value,2026-08-01T23:22:07Z
2026-08-01T23:18:50Z,2026-08-02T01:18:50+0200,914f204b-61c9-48d9-af2c-6470ecd1bcbf,2026-07-16T16:15:00Z,2026-07-16T18:15:00+0200,159.96,EUR/MWh,NL,NL,day_ahead_price,value,2026-08-01T23:22:07Z
2026-08-01T23:18:50Z,2026-08-02T01:18:50+0200,914f204b-61c9-48d9-af2c-6470ecd1bcbf,2026-07-16T16:30:00Z,2026-07-16T18:30:00+0200,146.98,EUR/MWh,NL,NL,day_ahead_price,value,2026-08-01T23:22:07Z
2026-08-01T23:18:50Z,2026-08-02T01:18:50+0200,914f204b-61c9-48d9-af2c-6470ecd1bcbf,2026-07-16T16:45:00Z,2026-07-16T18:45:00+0200,177.63,EUR/MWh,NL,NL,day_ahead_price,value,2026-08-01T23:22:07Z
2026-08-01T23:18:50Z,2026-08-02T01:18:50+0200,914f204b-61c9-48d9-af2c-6470ecd1bcbf,2026-07-16T17:00:00Z,2026-07-16T19:00:00+0200,155.17,EUR/MWh,NL,NL,day_ahead_price,value,2026-08-01T23:22:07Z
2026-08-01T23:18:50Z,2026-08-02T01:18:50+0200,914f204b-61c9-48d9-af2c-6470ecd1bcbf,2026-07-16T17:15:00Z,2026-07-16T19:15:00+0200,184.62,EUR/MWh,NL,NL,day_ahead_price,value,2026-08-01T23:22:07Z
2026-08-01T23:18:50Z,2026-08-02T01:18:50+0200,914f204b-61c9-48d9-af2c-6470ecd1bcbf,2026-07-16T17:30:00Z,2026-07-16T19:30:00+0200,210.63,EUR/MWh,NL,NL,day_ahead_price,value,2026-08-01T23:22:07Z
2026-08-01T23:18:50Z,2026-08-02T01:18:50+0200,914f204b-61c9-48d9-af2c-6470ecd1bcbf,2026-07-16T17:45:00Z,2026-07-16T19:45:00+0200,229.75,EUR/MWh,NL,NL,day_ahead_price,value,2026-08-01T23:22:07Z
2026-08-01T23:18:50Z,2026-08-02T01:18:50+0200,914f204b-61c9-48d9-af2c-6470ecd1bcbf,2026-07-16T18:00:00Z,2026-07-16T20:00:00+0200,186.05,EUR/MWh,NL,NL,day_ahead_price,value,2026-08-01T23:22:07Z
2026-08-01T23:18:50Z,2026-08-02T01:18:50+0200,914f204b-61c9-48d9-af2c-6470ecd1bcbf,2026-07-16T18:15:00Z,2026-07-16T20:15:00+0200,198.69,EUR/MWh,NL,NL,day_ahead_price,value,2026-08-01T23:22:07Z
2026-08-01T23:18:50Z,2026-08-02T01:18:50+0200,914f204b-61c9-48d9-af2c-6470ecd1bcbf,2026-07-16T18:30:00Z,2026-07-16T20:30:00+0200,263.48,EUR/MWh,NL,NL,day_ahead_price,value,2026-08-01T23:22:07Z
2026-08-01T23:18:50Z,2026-08-02T01:18:50+0200,914f204b-61c9-48d9-af2c-6470ecd1bcbf,2026-07-16T18:45:00Z,2026-07-16T20:45:00+0200,300.07,EUR/MWh,NL,NL,day_ahead_price,value,2026-08-01T23:22:07Z
2026-08-01T23:18:50Z,2026-08-02T01:18:50+0200,914f204b-61c9-48d9-af2c-6470ecd1bcbf,2026-07-16T19:00:00Z,2026-07-16T21:00:00+0200,275.33,EUR/MWh,NL,NL,day_ahead_price,value,2026-08-01T23:22:07Z
2026-08-01T23:18:50Z,2026-08-02T01:18:50+0200,914f204b-61c9-48d9-af2c-6470ecd1bcbf,2026-07-16T19:15:00Z,2026-07-16T21:15:00+0200,245.58,EUR/MWh,NL,NL,day_ahead_price,value,2026-08-01T23:22:07Z
2026-08-01T23:18:50Z,2026-08-02T01:18:50+0200,914f204b-61c9-48d9-af2c-6470ecd1bcbf,2026-07-16T19:30:00Z,2026-07-16T21:30:00+0200,217.06,EUR/MWh,NL,NL,day_ahead_price,value,2026-08-01T23:22:07Z
2026-08-01T23:18:50Z,2026-08-02T01:18:50+0200,914f204b-61c9-48d9-af2c-6470ecd1bcbf,2026-07-16T19:45:00Z,2026-07-16T21:45:00+0200,203.75,EUR/MWh,NL,NL,day_ahead_price,value,2026-08-01T23:22:07Z
2026-08-01T23:18:50Z,2026-08-02T01:18:50+0200,914f204b-61c9-48d9-af2c-6470ecd1bcbf,2026-07-16T20:00:00Z,2026-07-16T22:00:00+0200,228.77,EUR/MWh,NL,NL,day_ahead_price,value,2026-08-01T23:22:07Z
2026-08-01T23:18:50Z,2026-08-02T01:18:50+0200,914f204b-61c9-48d9-af2c-6470ecd1bcbf,2026-07-16T20:15:00Z,2026-07-16T22:15:00+0200,203.75,EUR/MWh,NL,NL,day_ahead_price,value,2026-08-01T23:22:07Z
2026-08-01T23:18:50Z,2026-08-02T01:18:50+0200,914f204b-61c9-48d9-af2c-6470ecd1bcbf,2026-07-16T20:30:00Z,2026-07-16T22:30:00+0200,205.0,EUR/MWh,NL,NL,day_ahead_price,value,2026-08-01T23:22:07Z
2026-08-01T23:18:50Z,2026-08-02T01:18:50+0200,914f204b-61c9-48d9-af2c-6470ecd1bcbf,2026-07-16T20:45:00Z,2026-07-16T22:45:00+0200,189.84,EUR/MWh,NL,NL,day_ahead_price,value,2026-08-01T23:22:07Z
2026-08-01T23:18:50Z,2026-08-02T01:18:50+0200,914f204b-61c9-48d9-af2c-6470ecd1bcbf,2026-07-16T21:00:00Z,2026-07-16T23:00:00+0200,196.03,EUR/MWh,NL,NL,day_ahead_price,value,2026-08-01T23:22:07Z
2026-08-01T23:18:50Z,2026-08-02T01:18:50+0200,914f204b-61c9-48d9-af2c-6470ecd1bcbf,2026-07-16T21:15:00Z,2026-07-16T23:15:00+0200,180.6,EUR/MWh,NL,NL,day_ahead_price,value,2026-08-01T23:22:07Z
2026-08-01T23:18:50Z,2026-08-02T01:18:50+0200,914f204b-61c9-48d9-af2c-6470ecd1bcbf,2026-07-16T21:30:00Z,2026-07-16T23:30:00+0200,175.1,EUR/MWh,NL,NL,day_ahead_price,value,2026-08-01T23:22:07Z
2026-08-01T23:18:50Z,2026-08-02T01:18:50+0200,914f204b-61c9-48d9-af2c-6470ecd1bcbf,2026-07-16T21:45:00Z,2026-07-16T23:45:00+0200,169.52,EUR/MWh,NL,NL,day_ahead_price,value,2026-08-01T23:22:07Z
2026-08-01T23:18:50Z,2026-08-02T01:18:50+0200,914f204b-61c9-48d9-af2c-6470ecd1bcbf,2026-07-16T22:00:00Z,2026-07-17T00:00:00+0200,175.0,EUR/MWh,NL,NL,day_ahead_price,value,2026-08-01T23:22:07Z
2026-08-01T23:18:50Z,2026-08-02T01:18:50+0200,914f204b-61c9-48d9-af2c-6470ecd1bcbf,2026-07-16T22:15:00Z,2026-07-17T00:15:00+0200,171.31,EUR/MWh,NL,NL,day_ahead_price,value,2026-08-01T23:22:07Z
2026-08-01T23:18:50Z,2026-08-02T01:18:50+0200,914f204b-61c9-48d9-af2c-6470ecd1bcbf,2026-07-16T22:30:00Z,2026-07-17T00:30:00+0200,169.45,EUR/MWh,NL,NL,day_ahead_price,value,2026-08-01T23:22:07Z
2026-08-01T23:18:50Z,2026-08-02T01:18:50+0200,914f204b-61c9-48d9-af2c-6470ecd1bcbf,2026-07-16T22:45:00Z,2026-07-17T00:45:00+0200,166.5,EUR/MWh,NL,NL,day_ahead_price,value,2026-08-01T23:22:07Z
2026-08-01T23:18:50Z,2026-08-02T01:18:50+0200,914f204b-61c9-48d9-af2c-6470ecd1bcbf,2026-07-16T23:00:00Z,2026-07-17T01:00:00+0200,167.0,EUR/MWh,NL,NL,day_ahead_price,value,2026-08-01T23:22:07Z
2026-08-01T23:18:50Z,2026-08-02T01:18:50+0200,914f204b-61c9-48d9-af2c-6470ecd1bcbf,2026-07-16T23:15:00Z,2026-07-17T01:15:00+0200,162.88,EUR/MWh,NL,NL,day_ahead_price,value,2026-08-01T23:22:07Z
2026-08-01T23:18:50Z,2026-08-02T01:18:50+0200,914f204b-61c9-48d9-af2c-6470ecd1bcbf,2026-07-16T23:30:00Z,2026-07-17T01:30:00+0200,160.64,EUR/MWh,NL,NL,day_ahead_price,value,2026-08-01T23:22:07Z
2026-08-01T23:18:50Z,2026-08-02T01:18:50+0200,914f204b-61c9-48d9-af2c-6470ecd1bcbf,2026-07-16T23:45:00Z,2026-07-17T01:45:00+0200,155.28,EUR/MWh,NL,NL,day_ahead_price,value,2026-08-01T23:22:07Z
2026-08-01T23:18:50Z,2026-08-02T01:18:50+0200,914f204b-61c9-48d9-af2c-6470ecd1bcbf,2026-07-17T00:00:00Z,2026-07-17T02:00:00+0200,156.97,EUR/MWh,NL,NL,day_ahead_price,value,2026-08-01T23:22:07Z
2026-08-01T23:18:50Z,2026-08-02T01:18:50+0200,914f204b-61c9-48d9-af2c-6470ecd1bcbf,2026-07-17T00:15:00Z,2026-07-17T02:15:00+0200,153.0,EUR/MWh,NL,NL,day_ahead_price,value,2026-08-01T23:22:07Z
2026-08-01T23:18:50Z,2026-08-02T01:18:50+0200,914f204b-61c9-48d9-af2c-6470ecd1bcbf,2026-07-17T00:30:00Z,2026-07-17T02:30:00+0200,151.91,EUR/MWh,NL,NL,day_ahead_price,value,2026-08-01T23:22:07Z
2026-08-01T23:18:50Z,2026-08-02T01:18:50+0200,914f204b-61c9-48d9-af2c-6470ecd1bcbf,2026-07-17T00:45:00Z,2026-07-17T02:45:00+0200,146.02,EUR/MWh,NL,NL,day_ahead_price,value,2026-08-01T23:22:07Z
2026-08-01T23:18:50Z,2026-08-02T01:18:50+0200,914f204b-61c9-48d9-af2c-6470ecd1bcbf,2026-07-17T01:00:00Z,2026-07-17T03:00:00+0200,148.0,EUR/MWh,NL,NL,day_ahead_price,value,2026-08-01T23:22:07Z
2026-08-01T23:18:50Z,2026-08-02T01:18:50+0200,914f204b-61c9-48d9-af2c-6470ecd1bcbf,2026-07-17T01:15:00Z,2026-07-17T03:15:00+0200,145.0,EUR/MWh,NL,NL,day_ahead_price,value,2026-08-01T23:22:07Z
2026-08-01T23:18:50Z,2026-08-02T01:18:50+0200,914f204b-61c9-48d9-af2c-6470ecd1bcbf,2026-07-17T01:30:00Z,2026-07-17T03:30:00+0200,142.0,EUR/MWh,NL,NL,day_ahead_price,value,2026-08-01T23:22:07Z
2026-08-01T23:18:50Z,2026-08-02T01:18:50+0200,914f204b-61c9-48d9-af2c-6470ecd1bcbf,2026-07-17T01:45:00Z,2026-07-17T03:45:00+0200,140.76,EUR/MWh,NL,NL,day_ahead_price,value,2026-08-01T23:22:07Z
2026-08-01T23:18:50Z,2026-08-02T01:18:50+0200,914f204b-61c9-48d9-af2c-6470ecd1bcbf,2026-07-17T02:00:00Z,2026-07-17T04:00:00+0200,141.04,EUR/MWh,NL,NL,day_ahead_price,value,2026-08-01T23:22:07Z
2026-08-01T23:18:50Z,2026-08-02T01:18:50+0200,914f204b-61c9-48d9-af2c-6470ecd1bcbf,2026-07-17T02:15:00Z,2026-07-17T04:15:00+0200,142.2,EUR/MWh,NL,NL,day_ahead_price,value,2026-08-01T23:22:07Z
2026-08-01T23:18:50Z,2026-08-02T01:18:50+0200,914f204b-61c9-48d9-af2c-6470ecd1bcbf,2026-07-17T02:30:00Z,2026-07-17T04:30:00+0200,142.35,EUR/MWh,NL,NL,day_ahead_price,value,2026-08-01T23:22:07Z
2026-08-01T23:18:50Z,2026-08-02T01:18:50+0200,914f204b-61c9-48d9-af2c-6470ecd1bcbf,2026-07-17T02:45:00Z,2026-07-17T04:45:00+0200,146.01,EUR/MWh,NL,NL,day_ahead_price,value,2026-08-01T23:22:07Z
2026-08-01T23:18:50Z,2026-08-02T01:18:50+0200,914f204b-61c9-48d9-af2c-6470ecd1bcbf,2026-07-17T03:00:00Z,2026-07-17T05:00:00+0200,145.4,EUR/MWh,NL,NL,day_ahead_price,value,2026-08-01T23:22:07Z
2026-08-01T23:18:50Z,2026-08-02T01:18:50+0200,914f204b-61c9-48d9-af2c-6470ecd1bcbf,2026-07-17T03:15:00Z,2026-07-17T05:15:00+0200,143.12,EUR/MWh,NL,NL,day_ahead_price,value,2026-08-01T23:22:07Z
2026-08-01T23:18:50Z,2026-08-02T01:18:50+0200,914f204b-61c9-48d9-af2c-6470ecd1bcbf,2026-07-17T03:30:00Z,2026-07-17T05:30:00+0200,149.42,EUR/MWh,NL,NL,day_ahead_price,value,2026-08-01T23:22:07Z
2026-08-01T23:18:50Z,2026-08-02T01:18:50+0200,914f204b-61c9-48d9-af2c-6470ecd1bcbf,2026-07-17T03:45:00Z,2026-07-17T05:45:00+0200,157.48,EUR/MWh,NL,NL,day_ahead_price,value,2026-08-01T23:22:07Z
2026-08-01T23:18:50Z,2026-08-02T01:18:50+0200,914f204b-61c9-48d9-af2c-6470ecd1bcbf,2026-07-17T04:00:00Z,2026-07-17T06:00:00+0200,151.02,EUR/MWh,NL,NL,day_ahead_price,value,2026-08-01T23:22:07Z
2026-08-01T23:18:50Z,2026-08-02T01:18:50+0200,914f204b-61c9-48d9-af2c-6470ecd1bcbf,2026-07-17T04:15:00Z,2026-07-17T06:15:00+0200,153.49,EUR/MWh,NL,NL,day_ahead_price,value,2026-08-01T23:22:07Z
2026-08-01T23:18:50Z,2026-08-02T01:18:50+0200,914f204b-61c9-48d9-af2c-6470ecd1bcbf,2026-07-17T04:30:00Z,2026-07-17T06:30:00+0200,153.92,EUR/MWh,NL,NL,day_ahead_price,value,2026-08-01T23:22:07Z
2026-08-01T23:18:50Z,2026-08-02T01:18:50+0200,914f204b-61c9-48d9-af2c-6470ecd1bcbf,2026-07-17T04:45:00Z,2026-07-17T06:45:00+0200,154.48,EUR/MWh,NL,NL,day_ahead_price,value,2026-08-01T23:22:07Z
2026-08-01T23:18:50Z,2026-08-02T01:18:50+0200,914f204b-61c9-48d9-af2c-6470ecd1bcbf,2026-07-17T05:00:00Z,2026-07-17T07:00:00+0200,156.74,EUR/MWh,NL,NL,day_ahead_price,value,2026-08-01T23:22:07Z
2026-08-01T23:18:50Z,2026-08-02T01:18:50+0200,914f204b-61c9-48d9-af2c-6470ecd1bcbf,2026-07-17T05:15:00Z,2026-07-17T07:15:00+0200,154.13,EUR/MWh,NL,NL,day_ahead_price,value,2026-08-01T23:22:07Z
2026-08-01T23:18:50Z,2026-08-02T01:18:50+0200,914f204b-61c9-48d9-af2c-6470ecd1bcbf,2026-07-17T05:30:00Z,2026-07-17T07:30:00+0200,160.73,EUR/MWh,NL,NL,day_ahead_price,value,2026-08-01T23:22:07Z
2026-08-01T23:18:50Z,2026-08-02T01:18:50+0200,914f204b-61c9-48d9-af2c-6470ecd1bcbf,2026-07-17T05:45:00Z,2026-07-17T07:45:00+0200,150.96,EUR/MWh,NL,NL,day_ahead_price,value,2026-08-01T23:22:07Z
2026-08-01T23:18:50Z,2026-08-02T01:18:50+0200,914f204b-61c9-48d9-af2c-6470ecd1bcbf,2026-07-17T06:00:00Z,2026-07-17T08:00:00+0200,155.19,EUR/MWh,NL,NL,day_ahead_price,value,2026-08-01T23:22:07Z
2026-08-01T23:18:50Z,2026-08-02T01:18:50+0200,914f204b-61c9-48d9-af2c-6470ecd1bcbf,2026-07-17T06:15:00Z,2026-07-17T08:15:00+0200,158.83,EUR/MWh,NL,NL,day_ahead_price,value,2026-08-01T23:22:07Z
2026-08-01T23:18:50Z,2026-08-02T01:18:50+0200,914f204b-61c9-48d9-af2c-6470ecd1bcbf,2026-07-17T06:30:00Z,2026-07-17T08:30:00+0200,152.04,EUR/MWh,NL,NL,day_ahead_price,value,2026-08-01T23:22:07Z
2026-08-01T23:18:50Z,2026-08-02T01:18:50+0200,914f204b-61c9-48d9-af2c-6470ecd1bcbf,2026-07-17T06:45:00Z,2026-07-17T08:45:00+0200,124.86,EUR/MWh,NL,NL,day_ahead_price,value,2026-08-01T23:22:07Z
2026-08-01T23:18:50Z,2026-08-02T01:18:50+0200,914f204b-61c9-48d9-af2c-6470ecd1bcbf,2026-07-17T07:00:00Z,2026-07-17T09:00:00+0200,150.0,EUR/MWh,NL,NL,day_ahead_price,value,2026-08-01T23:22:07Z
2026-08-01T23:18:50Z,2026-08-02T01:18:50+0200,914f204b-61c9-48d9-af2c-6470ecd1bcbf,2026-07-17T07:15:00Z,2026-07-17T09:15:00+0200,138.6,EUR/MWh,NL,NL,day_ahead_price,value,2026-08-01T23:22:07Z
2026-08-01T23:18:50Z,2026-08-02T01:18:50+0200,914f204b-61c9-48d9-af2c-6470ecd1bcbf,2026-07-17T07:30:00Z,2026-07-17T09:30:00+0200,134.23,EUR/MWh,NL,NL,day_ahead_price,value,2026-08-01T23:22:07Z
2026-08-01T23:18:50Z,2026-08-02T01:18:50+0200,914f204b-61c9-48d9-af2c-6470ecd1bcbf,2026-07-17T07:45:00Z,2026-07-17T09:45:00+0200,118.81,EUR/MWh,NL,NL,day_ahead_price,value,2026-08-01T23:22:07Z
2026-08-01T23:18:50Z,2026-08-02T01:18:50+0200,914f204b-61c9-48d9-af2c-6470ecd1bcbf,2026-07-17T08:00:00Z,2026-07-17T10:00:00+0200,148.62,EUR/MWh,NL,NL,day_ahead_price,value,2026-08-01T23:22:07Z
2026-08-01T23:18:50Z,2026-08-02T01:18:50+0200,914f204b-61c9-48d9-af2c-6470ecd1bcbf,2026-07-17T08:15:00Z,2026-07-17T10:15:00+0200,131.9,EUR/MWh,NL,NL,day_ahead_price,value,2026-08-01T23:22:07Z
2026-08-01T23:18:50Z,2026-08-02T01:18:50+0200,914f204b-61c9-48d9-af2c-6470ecd1bcbf,2026-07-17T08:30:00Z,2026-07-17T10:30:00+0200,120.67,EUR/MWh,NL,NL,day_ahead_price,value,2026-08-01T23:22:07Z
2026-08-01T23:18:50Z,2026-08-02T01:18:50+0200,914f204b-61c9-48d9-af2c-6470ecd1bcbf,2026-07-17T08:45:00Z,2026-07-17T10:45:00+0200,112.41,EUR/MWh,NL,NL,day_ahead_price,value,2026-08-01T23:22:07Z
2026-08-01T23:18:50Z,2026-08-02T01:18:50+0200,914f204b-61c9-48d9-af2c-6470ecd1bcbf,2026-07-17T09:00:00Z,2026-07-17T11:00:00+0200,121.75,EUR/MWh,NL,NL,day_ahead_price,value,2026-08-01T23:22:07Z
2026-08-01T23:18:50Z,2026-08-02T01:18:50+0200,914f204b-61c9-48d9-af2c-6470ecd1bcbf,2026-07-17T09:15:00Z,2026-07-17T11:15:00+0200,112.47,EUR/MWh,NL,NL,day_ahead_price,value,2026-08-01T23:22:07Z
2026-08-01T23:18:50Z,2026-08-02T01:18:50+0200,914f204b-61c9-48d9-af2c-6470ecd1bcbf,2026-07-17T09:30:00Z,2026-07-17T11:30:00+0200,112.07,EUR/MWh,NL,NL,day_ahead_price,value,2026-08-01T23:22:07Z
2026-08-01T23:18:50Z,2026-08-02T01:18:50+0200,914f204b-61c9-48d9-af2c-6470ecd1bcbf,2026-07-17T09:45:00Z,2026-07-17T11:45:00+0200,110.91,EUR/MWh,NL,NL,day_ahead_price,value,2026-08-01T23:22:07Z
2026-08-01T23:18:50Z,2026-08-02T01:18:50+0200,914f204b-61c9-48d9-af2c-6470ecd1bcbf,2026-07-17T10:00:00Z,2026-07-17T12:00:00+0200,113.07,EUR/MWh,NL,NL,day_ahead_price,value,2026-08-01T23:22:07Z
2026-08-01T23:18:50Z,2026-08-02T01:18:50+0200,914f204b-61c9-48d9-af2c-6470ecd1bcbf,2026-07-17T10:15:00Z,2026-07-17T12:15:00+0200,105.0,EUR/MWh,NL,NL,day_ahead_price,value,2026-08-01T23:22:07Z
2026-08-01T23:18:50Z,2026-08-02T01:18:50+0200,914f204b-61c9-48d9-af2c-6470ecd1bcbf,2026-07-17T10:30:00Z,2026-07-17T12:30:00+0200,100.0,EUR/MWh,NL,NL,day_ahead_price,value,2026-08-01T23:22:07Z
2026-08-01T23:18:50Z,2026-08-02T01:18:50+0200,914f204b-61c9-48d9-af2c-6470ecd1bcbf,2026-07-17T10:45:00Z,2026-07-17T12:45:00+0200,98.3,EUR/MWh,NL,NL,day_ahead_price,value,2026-08-01T23:22:07Z
2026-08-01T23:18:50Z,2026-08-02T01:18:50+0200,914f204b-61c9-48d9-af2c-6470ecd1bcbf,2026-07-17T11:00:00Z,2026-07-17T13:00:00+0200,98.96,EUR/MWh,NL,NL,day_ahead_price,value,2026-08-01T23:22:07Z
2026-08-01T23:18:50Z,2026-08-02T01:18:50+0200,914f204b-61c9-48d9-af2c-6470ecd1bcbf,2026-07-17T11:15:00Z,2026-07-17T13:15:00+0200,98.35,EUR/MWh,NL,NL,day_ahead_price,value,2026-08-01T23:22:07Z
2026-08-01T23:18:50Z,2026-08-02T01:18:50+0200,914f204b-61c9-48d9-af2c-6470ecd1bcbf,2026-07-17T11:30:00Z,2026-07-17T13:30:00+0200,97.81,EUR/MWh,NL,NL,day_ahead_price,value,2026-08-01T23:22:07Z
2026-08-01T23:18:50Z,2026-08-02T01:18:50+0200,914f204b-61c9-48d9-af2c-6470ecd1bcbf,2026-07-17T11:45:00Z,2026-07-17T13:45:00+0200,97.68,EUR/MWh,NL,NL,day_ahead_price,value,2026-08-01T23:22:07Z
2026-08-01T23:18:50Z,2026-08-02T01:18:50+0200,914f204b-61c9-48d9-af2c-6470ecd1bcbf,2026-07-17T12:00:00Z,2026-07-17T14:00:00+0200,97.94,EUR/MWh,NL,NL,day_ahead_price,value,2026-08-01T23:22:07Z
2026-08-01T23:18:50Z,2026-08-02T01:18:50+0200,914f204b-61c9-48d9-af2c-6470ecd1bcbf,2026-07-17T12:15:00Z,2026-07-17T14:15:00+0200,98.09,EUR/MWh,NL,NL,day_ahead_price,value,2026-08-01T23:22:07Z
2026-08-01T23:18:50Z,2026-08-02T01:18:50+0200,914f204b-61c9-48d9-af2c-6470ecd1bcbf,2026-07-17T12:30:00Z,2026-07-17T14:30:00+0200,98.41,EUR/MWh,NL,NL,day_ahead_price,value,2026-08-01T23:22:07Z
2026-08-01T23:18:50Z,2026-08-02T01:18:50+0200,914f204b-61c9-48d9-af2c-6470ecd1bcbf,2026-07-17T12:45:00Z,2026-07-17T14:45:00+0200,99.36,EUR/MWh,NL,NL,day_ahead_price,value,2026-08-01T23:22:07Z
2026-08-01T23:18:50Z,2026-08-02T01:18:50+0200,914f204b-61c9-48d9-af2c-6470ecd1bcbf,2026-07-17T13:00:00Z,2026-07-17T15:00:00+0200,99.7,EUR/MWh,NL,NL,day_ahead_price,value,2026-08-01T23:22:07Z
2026-08-01T23:18:50Z,2026-08-02T01:18:50+0200,914f204b-61c9-48d9-af2c-6470ecd1bcbf,2026-07-17T13:15:00Z,2026-07-17T15:15:00+0200,105.3,EUR/MWh,NL,NL,day_ahead_price,value,2026-08-01T23:22:07Z
2026-08-01T23:18:50Z,2026-08-02T01:18:50+0200,914f204b-61c9-48d9-af2c-6470ecd1bcbf,2026-07-17T13:30:00Z,2026-07-17T15:30:00+0200,106.06,EUR/MWh,NL,NL,day_ahead_price,value,2026-08-01T23:22:07Z
2026-08-01T23:18:50Z,2026-08-02T01:18:50+0200,914f204b-61c9-48d9-af2c-6470ecd1bcbf,2026-07-17T13:45:00Z,2026-07-17T15:45:00+0200,103.18,EUR/MWh,NL,NL,day_ahead_price,value,2026-08-01T23:22:07Z
2026-08-01T23:18:50Z,2026-08-02T01:18:50+0200,914f204b-61c9-48d9-af2c-6470ecd1bcbf,2026-07-17T14:00:00Z,2026-07-17T16:00:00+0200,105.0,EUR/MWh,NL,NL,day_ahead_price,value,2026-08-01T23:22:07Z
2026-08-01T23:18:50Z,2026-08-02T01:18:50+0200,914f204b-61c9-48d9-af2c-6470ecd1bcbf,2026-07-17T14:15:00Z,2026-07-17T16:15:00+0200,111.55,EUR/MWh,NL,NL,day_ahead_price,value,2026-08-01T23:22:07Z
2026-08-01T23:18:50Z,2026-08-02T01:18:50+0200,914f204b-61c9-48d9-af2c-6470ecd1bcbf,2026-07-17T14:30:00Z,2026-07-17T16:30:00+0200,116.86,EUR/MWh,NL,NL,day_ahead_price,value,2026-08-01T23:22:07Z
2026-08-01T23:18:50Z,2026-08-02T01:18:50+0200,914f204b-61c9-48d9-af2c-6470ecd1bcbf,2026-07-17T14:45:00Z,2026-07-17T16:45:00+0200,124.79,EUR/MWh,NL,NL,day_ahead_price,value,2026-08-01T23:22:07Z
2026-08-01T23:18:50Z,2026-08-02T01:18:50+0200,914f204b-61c9-48d9-af2c-6470ecd1bcbf,2026-07-17T15:00:00Z,2026-07-17T17:00:00+0200,114.73,EUR/MWh,NL,NL,day_ahead_price,value,2026-08-01T23:22:07Z
2026-08-01T23:18:50Z,2026-08-02T01:18:50+0200,914f204b-61c9-48d9-af2c-6470ecd1bcbf,2026-07-17T15:15:00Z,2026-07-17T17:15:00+0200,122.57,EUR/MWh,NL,NL,day_ahead_price,value,2026-08-01T23:22:07Z
2026-08-01T23:18:50Z,2026-08-02T01:18:50+0200,914f204b-61c9-48d9-af2c-6470ecd1bcbf,2026-07-17T15:30:00Z,2026-07-17T17:30:00+0200,130.5,EUR/MWh,NL,NL,day_ahead_price,value,2026-08-01T23:22:07Z
2026-08-01T23:18:50Z,2026-08-02T01:18:50+0200,914f204b-61c9-48d9-af2c-6470ecd1bcbf,2026-07-17T15:45:00Z,2026-07-17T17:45:00+0200,141.79,EUR/MWh,NL,NL,day_ahead_price,value,2026-08-01T23:22:07Z
2026-08-01T23:18:50Z,2026-08-02T01:18:50+0200,914f204b-61c9-48d9-af2c-6470ecd1bcbf,2026-07-17T16:00:00Z,2026-07-17T18:00:00+0200,122.92,EUR/MWh,NL,NL,day_ahead_price,value,2026-08-01T23:22:07Z
2026-08-01T23:18:50Z,2026-08-02T01:18:50+0200,914f204b-61c9-48d9-af2c-6470ecd1bcbf,2026-07-17T16:15:00Z,2026-07-17T18:15:00+0200,137.9,EUR/MWh,NL,NL,day_ahead_price,value,2026-08-01T23:22:07Z
2026-08-01T23:18:50Z,2026-08-02T01:18:50+0200,914f204b-61c9-48d9-af2c-6470ecd1bcbf,2026-07-17T16:30:00Z,2026-07-17T18:30:00+0200,142.41,EUR/MWh,NL,NL,day_ahead_price,value,2026-08-01T23:22:07Z
2026-08-01T23:18:50Z,2026-08-02T01:18:50+0200,914f204b-61c9-48d9-af2c-6470ecd1bcbf,2026-07-17T16:45:00Z,2026-07-17T18:45:00+0200,149.33,EUR/MWh,NL,NL,day_ahead_price,value,2026-08-01T23:22:07Z
2026-08-01T23:18:50Z,2026-08-02T01:18:50+0200,914f204b-61c9-48d9-af2c-6470ecd1bcbf,2026-07-17T17:00:00Z,2026-07-17T19:00:00+0200,145.65,EUR/MWh,NL,NL,day_ahead_price,value,2026-08-01T23:22:07Z
2026-08-01T23:18:50Z,2026-08-02T01:18:50+0200,914f204b-61c9-48d9-af2c-6470ecd1bcbf,2026-07-17T17:15:00Z,2026-07-17T19:15:00+0200,153.84,EUR/MWh,NL,NL,day_ahead_price,value,2026-08-01T23:22:07Z
2026-08-01T23:18:50Z,2026-08-02T01:18:50+0200,914f204b-61c9-48d9-af2c-6470ecd1bcbf,2026-07-17T17:30:00Z,2026-07-17T19:30:00+0200,149.76,EUR/MWh,NL,NL,day_ahead_price,value,2026-08-01T23:22:07Z
2026-08-01T23:18:50Z,2026-08-02T01:18:50+0200,914f204b-61c9-48d9-af2c-6470ecd1bcbf,2026-07-17T17:45:00Z,2026-07-17T19:45:00+0200,157.94,EUR/MWh,NL,NL,day_ahead_price,value,2026-08-01T23:22:07Z
2026-08-01T23:18:50Z,2026-08-02T01:18:50+0200,914f204b-61c9-48d9-af2c-6470ecd1bcbf,2026-07-17T18:00:00Z,2026-07-17T20:00:00+0200,150.9,EUR/MWh,NL,NL,day_ahead_price,value,2026-08-01T23:22:07Z
2026-08-01T23:18:50Z,2026-08-02T01:18:50+0200,914f204b-61c9-48d9-af2c-6470ecd1bcbf,2026-07-17T18:15:00Z,2026-07-17T20:15:00+0200,157.88,EUR/MWh,NL,NL,day_ahead_price,value,2026-08-01T23:22:07Z
2026-08-01T23:18:50Z,2026-08-02T01:18:50+0200,914f204b-61c9-48d9-af2c-6470ecd1bcbf,2026-07-17T18:30:00Z,2026-07-17T20:30:00+0200,163.66,EUR/MWh,NL,NL,day_ahead_price,value,2026-08-01T23:22:07Z
2026-08-01T23:18:50Z,2026-08-02T01:18:50+0200,914f204b-61c9-48d9-af2c-6470ecd1bcbf,2026-07-17T18:45:00Z,2026-07-17T20:45:00+0200,171.47,EUR/MWh,NL,NL,day_ahead_price,value,2026-08-01T23:22:07Z
2026-08-01T23:18:50Z,2026-08-02T01:18:50+0200,914f204b-61c9-48d9-af2c-6470ecd1bcbf,2026-07-17T19:00:00Z,2026-07-17T21:00:00+0200,166.01,EUR/MWh,NL,NL,day_ahead_price,value,2026-08-01T23:22:07Z
2026-08-01T23:18:50Z,2026-08-02T01:18:50+0200,914f204b-61c9-48d9-af2c-6470ecd1bcbf,2026-07-17T19:15:00Z,2026-07-17T21:15:00+0200,166.34,EUR/MWh,NL,NL,day_ahead_price,value,2026-08-01T23:22:07Z
2026-08-01T23:18:50Z,2026-08-02T01:18:50+0200,914f204b-61c9-48d9-af2c-6470ecd1bcbf,2026-07-17T19:30:00Z,2026-07-17T21:30:00+0200,169.09,EUR/MWh,NL,NL,day_ahead_price,value,2026-08-01T23:22:07Z
2026-08-01T23:18:50Z,2026-08-02T01:18:50+0200,914f204b-61c9-48d9-af2c-6470ecd1bcbf,2026-07-17T19:45:00Z,2026-07-17T21:45:00+0200,168.39,EUR/MWh,NL,NL,day_ahead_price,value,2026-08-01T23:22:07Z
2026-08-01T23:18:50Z,2026-08-02T01:18:50+0200,914f204b-61c9-48d9-af2c-6470ecd1bcbf,2026-07-17T20:00:00Z,2026-07-17T22:00:00+0200,168.98,EUR/MWh,NL,NL,day_ahead_price,value,2026-08-01T23:22:07Z
2026-08-01T23:18:50Z,2026-08-02T01:18:50+0200,914f204b-61c9-48d9-af2c-6470ecd1bcbf,2026-07-17T20:15:00Z,2026-07-17T22:15:00+0200,165.61,EUR/MWh,NL,NL,day_ahead_price,value,2026-08-01T23:22:07Z
2026-08-01T23:18:50Z,2026-08-02T01:18:50+0200,914f204b-61c9-48d9-af2c-6470ecd1bcbf,2026-07-17T20:30:00Z,2026-07-17T22:30:00+0200,164.61,EUR/MWh,NL,NL,day_ahead_price,value,2026-08-01T23:22:07Z
2026-08-01T23:18:50Z,2026-08-02T01:18:50+0200,914f204b-61c9-48d9-af2c-6470ecd1bcbf,2026-07-17T20:45:00Z,2026-07-17T22:45:00+0200,160.03,EUR/MWh,NL,NL,day_ahead_price,value,2026-08-01T23:22:07Z
2026-08-01T23:18:50Z,2026-08-02T01:18:50+0200,914f204b-61c9-48d9-af2c-6470ecd1bcbf,2026-07-17T21:00:00Z,2026-07-17T23:00:00+0200,163.18,EUR/MWh,NL,NL,day_ahead_price,value,2026-08-01T23:22:07Z
2026-08-01T23:18:50Z,2026-08-02T01:18:50+0200,914f204b-61c9-48d9-af2c-6470ecd1bcbf,2026-07-17T21:15:00Z,2026-07-17T23:15:00+0200,160.78,EUR/MWh,NL,NL,day_ahead_price,value,2026-08-01T23:22:07Z
2026-08-01T23:18:50Z,2026-08-02T01:18:50+0200,914f204b-61c9-48d9-af2c-6470ecd1bcbf,2026-07-17T21:30:00Z,2026-07-17T23:30:00+0200,159.04,EUR/MWh,NL,NL,day_ahead_price,value,2026-08-01T23:22:07Z
2026-08-01T23:18:50Z,2026-08-02T01:18:50+0200,914f204b-61c9-48d9-af2c-6470ecd1bcbf,2026-07-17T21:45:00Z,2026-07-17T23:45:00+0200,150.48,EUR/MWh,NL,NL,day_ahead_price,value,2026-08-01T23:22:07Z
2026-08-01T23:18:50Z,2026-08-02T01:18:50+0200,914f204b-61c9-48d9-af2c-6470ecd1bcbf,2026-07-17T22:00:00Z,2026-07-18T00:00:00+0200,168.41,EUR/MWh,NL,NL,day_ahead_price,value,2026-08-01T23:22:07Z
2026-08-01T23:18:50Z,2026-08-02T01:18:50+0200,914f204b-61c9-48d9-af2c-6470ecd1bcbf,2026-07-17T22:15:00Z,2026-07-18T00:15:00+0200,160.22,EUR/MWh,NL,NL,day_ahead_price,value,2026-08-01T23:22:07Z
2026-08-01T23:18:50Z,2026-08-02T01:18:50+0200,914f204b-61c9-48d9-af2c-6470ecd1bcbf,2026-07-17T22:30:00Z,2026-07-18T00:30:00+0200,151.24,EUR/MWh,NL,NL,day_ahead_price,value,2026-08-01T23:22:07Z
2026-08-01T23:18:50Z,2026-08-02T01:18:50+0200,914f204b-61c9-48d9-af2c-6470ecd1bcbf,2026-07-17T22:45:00Z,2026-07-18T00:45:00+0200,145.0,EUR/MWh,NL,NL,day_ahead_price,value,2026-08-01T23:22:07Z
2026-08-01T23:18:50Z,2026-08-02T01:18:50+0200,914f204b-61c9-48d9-af2c-6470ecd1bcbf,2026-07-17T23:00:00Z,2026-07-18T01:00:00+0200,152.94,EUR/MWh,NL,NL,day_ahead_price,value,2026-08-01T23:22:07Z
2026-08-01T23:18:50Z,2026-08-02T01:18:50+0200,914f204b-61c9-48d9-af2c-6470ecd1bcbf,2026-07-17T23:15:00Z,2026-07-18T01:15:00+0200,146.81,EUR/MWh,NL,NL,day_ahead_price,value,2026-08-01T23:22:07Z
2026-08-01T23:18:50Z,2026-08-02T01:18:50+0200,914f204b-61c9-48d9-af2c-6470ecd1bcbf,2026-07-17T23:30:00Z,2026-07-18T01:30:00+0200,143.43,EUR/MWh,NL,NL,day_ahead_price,value,2026-08-01T23:22:07Z
2026-08-01T23:18:50Z,2026-08-02T01:18:50+0200,914f204b-61c9-48d9-af2c-6470ecd1bcbf,2026-07-17T23:45:00Z,2026-07-18T01:45:00+0200,138.39,EUR/MWh,NL,NL,day_ahead_price,value,2026-08-01T23:22:07Z
2026-08-01T23:18:50Z,2026-08-02T01:18:50+0200,914f204b-61c9-48d9-af2c-6470ecd1bcbf,2026-07-18T00:00:00Z,2026-07-18T02:00:00+0200,146.13,EUR/MWh,NL,NL,day_ahead_price,value,2026-08-01T23:22:07Z
2026-08-01T23:18:50Z,2026-08-02T01:18:50+0200,914f204b-61c9-48d9-af2c-6470ecd1bcbf,2026-07-18T00:15:00Z,2026-07-18T02:15:00+0200,142.61,EUR/MWh,NL,NL,day_ahead_price,value,2026-08-01T23:22:07Z
2026-08-01T23:18:50Z,2026-08-02T01:18:50+0200,914f204b-61c9-48d9-af2c-6470ecd1bcbf,2026-07-18T00:30:00Z,2026-07-18T02:30:00+0200,139.09,EUR/MWh,NL,NL,day_ahead_price,value,2026-08-01T23:22:07Z
2026-08-01T23:18:50Z,2026-08-02T01:18:50+0200,914f204b-61c9-48d9-af2c-6470ecd1bcbf,2026-07-18T00:45:00Z,2026-07-18T02:45:00+0200,140.17,EUR/MWh,NL,NL,day_ahead_price,value,2026-08-01T23:22:07Z
2026-08-01T23:18:50Z,2026-08-02T01:18:50+0200,914f204b-61c9-48d9-af2c-6470ecd1bcbf,2026-07-18T01:00:00Z,2026-07-18T03:00:00+0200,137.21,EUR/MWh,NL,NL,day_ahead_price,value,2026-08-01T23:22:07Z
2026-08-01T23:18:50Z,2026-08-02T01:18:50+0200,914f204b-61c9-48d9-af2c-6470ecd1bcbf,2026-07-18T01:15:00Z,2026-07-18T03:15:00+0200,135.55,EUR/MWh,NL,NL,day_ahead_price,value,2026-08-01T23:22:07Z
2026-08-01T23:18:50Z,2026-08-02T01:18:50+0200,914f204b-61c9-48d9-af2c-6470ecd1bcbf,2026-07-18T01:30:00Z,2026-07-18T03:30:00+0200,135.0,EUR/MWh,NL,NL,day_ahead_price,value,2026-08-01T23:22:07Z
2026-08-01T23:18:50Z,2026-08-02T01:18:50+0200,914f204b-61c9-48d9-af2c-6470ecd1bcbf,2026-07-18T01:45:00Z,2026-07-18T03:45:00+0200,133.44,EUR/MWh,NL,NL,day_ahead_price,value,2026-08-01T23:22:07Z
2026-08-01T23:18:50Z,2026-08-02T01:18:50+0200,914f204b-61c9-48d9-af2c-6470ecd1bcbf,2026-07-18T02:00:00Z,2026-07-18T04:00:00+0200,137.6,EUR/MWh,NL,NL,day_ahead_price,value,2026-08-01T23:22:07Z
2026-08-01T23:18:50Z,2026-08-02T01:18:50+0200,914f204b-61c9-48d9-af2c-6470ecd1bcbf,2026-07-18T02:15:00Z,2026-07-18T04:15:00+0200,137.71,EUR/MWh,NL,NL,day_ahead_price,value,2026-08-01T23:22:07Z
2026-08-01T23:18:50Z,2026-08-02T01:18:50+0200,914f204b-61c9-48d9-af2c-6470ecd1bcbf,2026-07-18T02:30:00Z,2026-07-18T04:30:00+0200,135.12,EUR/MWh,NL,NL,day_ahead_price,value,2026-08-01T23:22:07Z
2026-08-01T23:18:50Z,2026-08-02T01:18:50+0200,914f204b-61c9-48d9-af2c-6470ecd1bcbf,2026-07-18T02:45:00Z,2026-07-18T04:45:00+0200,130.39,EUR/MWh,NL,NL,day_ahead_price,value,2026-08-01T23:22:07Z
2026-08-01T23:18:50Z,2026-08-02T01:18:50+0200,914f204b-61c9-48d9-af2c-6470ecd1bcbf,2026-07-18T03:00:00Z,2026-07-18T05:00:00+0200,143.05,EUR/MWh,NL,NL,day_ahead_price,value,2026-08-01T23:22:07Z
2026-08-01T23:18:50Z,2026-08-02T01:18:50+0200,914f204b-61c9-48d9-af2c-6470ecd1bcbf,2026-07-18T03:15:00Z,2026-07-18T05:15:00+0200,135.17,EUR/MWh,NL,NL,day_ahead_price,value,2026-08-01T23:22:07Z
2026-08-01T23:18:50Z,2026-08-02T01:18:50+0200,914f204b-61c9-48d9-af2c-6470ecd1bcbf,2026-07-18T03:30:00Z,2026-07-18T05:30:00+0200,131.34,EUR/MWh,NL,NL,day_ahead_price,value,2026-08-01T23:22:07Z
2026-08-01T23:18:50Z,2026-08-02T01:18:50+0200,914f204b-61c9-48d9-af2c-6470ecd1bcbf,2026-07-18T03:45:00Z,2026-07-18T05:45:00+0200,123.55,EUR/MWh,NL,NL,day_ahead_price,value,2026-08-01T23:22:07Z
2026-08-01T23:18:50Z,2026-08-02T01:18:50+0200,914f204b-61c9-48d9-af2c-6470ecd1bcbf,2026-07-18T04:00:00Z,2026-07-18T06:00:00+0200,133.0,EUR/MWh,NL,NL,day_ahead_price,value,2026-08-01T23:22:07Z
2026-08-01T23:18:50Z,2026-08-02T01:18:50+0200,914f204b-61c9-48d9-af2c-6470ecd1bcbf,2026-07-18T04:15:00Z,2026-07-18T06:15:00+0200,130.4,EUR/MWh,NL,NL,day_ahead_price,value,2026-08-01T23:22:07Z
2026-08-01T23:18:50Z,2026-08-02T01:18:50+0200,914f204b-61c9-48d9-af2c-6470ecd1bcbf,2026-07-18T04:30:00Z,2026-07-18T06:30:00+0200,127.99,EUR/MWh,NL,NL,day_ahead_price,value,2026-08-01T23:22:07Z
2026-08-01T23:18:50Z,2026-08-02T01:18:50+0200,914f204b-61c9-48d9-af2c-6470ecd1bcbf,2026-07-18T04:45:00Z,2026-07-18T06:45:00+0200,118.01,EUR/MWh,NL,NL,day_ahead_price,value,2026-08-01T23:22:07Z
2026-08-01T23:18:50Z,2026-08-02T01:18:50+0200,914f204b-61c9-48d9-af2c-6470ecd1bcbf,2026-07-18T05:00:00Z,2026-07-18T07:00:00+0200,154.46,EUR/MWh,NL,NL,day_ahead_price,value,2026-08-01T23:22:07Z
2026-08-01T23:18:50Z,2026-08-02T01:18:50+0200,914f204b-61c9-48d9-af2c-6470ecd1bcbf,2026-07-18T05:15:00Z,2026-07-18T07:15:00+0200,120.87,EUR/MWh,NL,NL,day_ahead_price,value,2026-08-01T23:22:07Z
2026-08-01T23:18:50Z,2026-08-02T01:18:50+0200,914f204b-61c9-48d9-af2c-6470ecd1bcbf,2026-07-18T05:30:00Z,2026-07-18T07:30:00+0200,109.52,EUR/MWh,NL,NL,day_ahead_price,value,2026-08-01T23:22:07Z
2026-08-01T23:18:50Z,2026-08-02T01:18:50+0200,914f204b-61c9-48d9-af2c-6470ecd1bcbf,2026-07-18T05:45:00Z,2026-07-18T07:45:00+0200,96.88,EUR/MWh,NL,NL,day_ahead_price,value,2026-08-01T23:22:07Z
2026-08-01T23:18:50Z,2026-08-02T01:18:50+0200,914f204b-61c9-48d9-af2c-6470ecd1bcbf,2026-07-18T06:00:00Z,2026-07-18T08:00:00+0200,122.73,EUR/MWh,NL,NL,day_ahead_price,value,2026-08-01T23:22:07Z
2026-08-01T23:18:50Z,2026-08-02T01:18:50+0200,914f204b-61c9-48d9-af2c-6470ecd1bcbf,2026-07-18T06:15:00Z,2026-07-18T08:15:00+0200,106.87,EUR/MWh,NL,NL,day_ahead_price,value,2026-08-01T23:22:07Z
2026-08-01T23:18:50Z,2026-08-02T01:18:50+0200,914f204b-61c9-48d9-af2c-6470ecd1bcbf,2026-07-18T06:30:00Z,2026-07-18T08:30:00+0200,91.03,EUR/MWh,NL,NL,day_ahead_price,value,2026-08-01T23:22:07Z
2026-08-01T23:18:50Z,2026-08-02T01:18:50+0200,914f204b-61c9-48d9-af2c-6470ecd1bcbf,2026-07-18T06:45:00Z,2026-07-18T08:45:00+0200,73.25,EUR/MWh,NL,NL,day_ahead_price,value,2026-08-01T23:22:07Z
2026-08-01T23:18:50Z,2026-08-02T01:18:50+0200,914f204b-61c9-48d9-af2c-6470ecd1bcbf,2026-07-18T07:00:00Z,2026-07-18T09:00:00+0200,82.67,EUR/MWh,NL,NL,day_ahead_price,value,2026-08-01T23:22:07Z
2026-08-01T23:18:50Z,2026-08-02T01:18:50+0200,914f204b-61c9-48d9-af2c-6470ecd1bcbf,2026-07-18T07:15:00Z,2026-07-18T09:15:00+0200,60.83,EUR/MWh,NL,NL,day_ahead_price,value,2026-08-01T23:22:07Z
2026-08-01T23:18:50Z,2026-08-02T01:18:50+0200,914f204b-61c9-48d9-af2c-6470ecd1bcbf,2026-07-18T07:30:00Z,2026-07-18T09:30:00+0200,27.97,EUR/MWh,NL,NL,day_ahead_price,value,2026-08-01T23:22:07Z
2026-08-01T23:18:50Z,2026-08-02T01:18:50+0200,914f204b-61c9-48d9-af2c-6470ecd1bcbf,2026-07-18T07:45:00Z,2026-07-18T09:45:00+0200,11.0,EUR/MWh,NL,NL,day_ahead_price,value,2026-08-01T23:22:07Z
2026-08-01T23:18:50Z,2026-08-02T01:18:50+0200,914f204b-61c9-48d9-af2c-6470ecd1bcbf,2026-07-18T08:00:00Z,2026-07-18T10:00:00+0200,23.15,EUR/MWh,NL,NL,day_ahead_price,value,2026-08-01T23:22:07Z
2026-08-01T23:18:50Z,2026-08-02T01:18:50+0200,914f204b-61c9-48d9-af2c-6470ecd1bcbf,2026-07-18T08:15:00Z,2026-07-18T10:15:00+0200,11.96,EUR/MWh,NL,NL,day_ahead_price,value,2026-08-01T23:22:07Z
2026-08-01T23:18:50Z,2026-08-02T01:18:50+0200,914f204b-61c9-48d9-af2c-6470ecd1bcbf,2026-07-18T08:30:00Z,2026-07-18T10:30:00+0200,4.99,EUR/MWh,NL,NL,day_ahead_price,value,2026-08-01T23:22:07Z
2026-08-01T23:18:50Z,2026-08-02T01:18:50+0200,914f204b-61c9-48d9-af2c-6470ecd1bcbf,2026-07-18T08:45:00Z,2026-07-18T10:45:00+0200,1.86,EUR/MWh,NL,NL,day_ahead_price,value,2026-08-01T23:22:07Z
2026-08-01T23:18:50Z,2026-08-02T01:18:50+0200,914f204b-61c9-48d9-af2c-6470ecd1bcbf,2026-07-18T09:00:00Z,2026-07-18T11:00:00+0200,0.87,EUR/MWh,NL,NL,day_ahead_price,value,2026-08-01T23:22:07Z
2026-08-01T23:18:50Z,2026-08-02T01:18:50+0200,914f204b-61c9-48d9-af2c-6470ecd1bcbf,2026-07-18T09:15:00Z,2026-07-18T11:15:00+0200,0.85,EUR/MWh,NL,NL,day_ahead_price,value,2026-08-01T23:22:07Z
2026-08-01T23:18:50Z,2026-08-02T01:18:50+0200,914f204b-61c9-48d9-af2c-6470ecd1bcbf,2026-07-18T09:30:00Z,2026-07-18T11:30:00+0200,0.33,EUR/MWh,NL,NL,day_ahead_price,value,2026-08-01T23:22:07Z
2026-08-01T23:18:50Z,2026-08-02T01:18:50+0200,914f204b-61c9-48d9-af2c-6470ecd1bcbf,2026-07-18T09:45:00Z,2026-07-18T11:45:00+0200,0.29,EUR/MWh,NL,NL,day_ahead_price,value,2026-08-01T23:22:07Z
2026-08-01T23:18:50Z,2026-08-02T01:18:50+0200,914f204b-61c9-48d9-af2c-6470ecd1bcbf,2026-07-18T10:00:00Z,2026-07-18T12:00:00+0200,0.05,EUR/MWh,NL,NL,day_ahead_price,value,2026-08-01T23:22:07Z
2026-08-01T23:18:50Z,2026-08-02T01:18:50+0200,914f204b-61c9-48d9-af2c-6470ecd1bcbf,2026-07-18T10:15:00Z,2026-07-18T12:15:00+0200,0.01,EUR/MWh,NL,NL,day_ahead_price,value,2026-08-01T23:22:07Z
2026-08-01T23:18:50Z,2026-08-02T01:18:50+0200,914f204b-61c9-48d9-af2c-6470ecd1bcbf,2026-07-18T10:30:00Z,2026-07-18T12:30:00+0200,-0.01,EUR/MWh,NL,NL,day_ahead_price,value,2026-08-01T23:22:07Z
2026-08-01T23:18:50Z,2026-08-02T01:18:50+0200,914f204b-61c9-48d9-af2c-6470ecd1bcbf,2026-07-18T10:45:00Z,2026-07-18T12:45:00+0200,-0.1,EUR/MWh,NL,NL,day_ahead_price,value,2026-08-01T23:22:07Z
2026-08-01T23:18:50Z,2026-08-02T01:18:50+0200,914f204b-61c9-48d9-af2c-6470ecd1bcbf,2026-07-18T11:00:00Z,2026-07-18T13:00:00+0200,-0.65,EUR/MWh,NL,NL,day_ahead_price,value,2026-08-01T23:22:07Z
2026-08-01T23:18:50Z,2026-08-02T01:18:50+0200,914f204b-61c9-48d9-af2c-6470ecd1bcbf,2026-07-18T11:15:00Z,2026-07-18T13:15:00+0200,-0.88,EUR/MWh,NL,NL,day_ahead_price,value,2026-08-01T23:22:07Z
2026-08-01T23:18:50Z,2026-08-02T01:18:50+0200,914f204b-61c9-48d9-af2c-6470ecd1bcbf,2026-07-18T11:30:00Z,2026-07-18T13:30:00+0200,-0.96,EUR/MWh,NL,NL,day_ahead_price,value,2026-08-01T23:22:07Z
2026-08-01T23:18:50Z,2026-08-02T01:18:50+0200,914f204b-61c9-48d9-af2c-6470ecd1bcbf,2026-07-18T11:45:00Z,2026-07-18T13:45:00+0200,-1.4,EUR/MWh,NL,NL,day_ahead_price,value,2026-08-01T23:22:07Z
2026-08-01T23:18:50Z,2026-08-02T01:18:50+0200,914f204b-61c9-48d9-af2c-6470ecd1bcbf,2026-07-18T12:00:00Z,2026-07-18T14:00:00+0200,-1.37,EUR/MWh,NL,NL,day_ahead_price,value,2026-08-01T23:22:07Z
2026-08-01T23:18:50Z,2026-08-02T01:18:50+0200,914f204b-61c9-48d9-af2c-6470ecd1bcbf,2026-07-18T12:15:00Z,2026-07-18T14:15:00+0200,-1.48,EUR/MWh,NL,NL,day_ahead_price,value,2026-08-01T23:22:07Z
2026-08-01T23:18:50Z,2026-08-02T01:18:50+0200,914f204b-61c9-48d9-af2c-6470ecd1bcbf,2026-07-18T12:30:00Z,2026-07-18T14:30:00+0200,-1.51,EUR/MWh,NL,NL,day_ahead_price,value,2026-08-01T23:22:07Z
2026-08-01T23:18:50Z,2026-08-02T01:18:50+0200,914f204b-61c9-48d9-af2c-6470ecd1bcbf,2026-07-18T12:45:00Z,2026-07-18T14:45:00+0200,-1.85,EUR/MWh,NL,NL,day_ahead_price,value,2026-08-01T23:22:07Z
2026-08-01T23:18:50Z,2026-08-02T01:18:50+0200,914f204b-61c9-48d9-af2c-6470ecd1bcbf,2026-07-18T13:00:00Z,2026-07-18T15:00:00+0200,-1.68,EUR/MWh,NL,NL,day_ahead_price,value,2026-08-01T23:22:07Z
2026-08-01T23:18:50Z,2026-08-02T01:18:50+0200,914f204b-61c9-48d9-af2c-6470ecd1bcbf,2026-07-18T13:15:00Z,2026-07-18T15:15:00+0200,-1.91,EUR/MWh,NL,NL,day_ahead_price,value,2026-08-01T23:22:07Z
2026-08-01T23:18:50Z,2026-08-02T01:18:50+0200,914f204b-61c9-48d9-af2c-6470ecd1bcbf,2026-07-18T13:30:00Z,2026-07-18T15:30:00+0200,-2.35,EUR/MWh,NL,NL,day_ahead_price,value,2026-08-01T23:22:07Z
2026-08-01T23:18:50Z,2026-08-02T01:18:50+0200,914f204b-61c9-48d9-af2c-6470ecd1bcbf,2026-07-18T13:45:00Z,2026-07-18T15:45:00+0200,-4.0,EUR/MWh,NL,NL,day_ahead_price,value,2026-08-01T23:22:07Z
2026-08-01T23:18:50Z,2026-08-02T01:18:50+0200,914f204b-61c9-48d9-af2c-6470ecd1bcbf,2026-07-18T14:00:00Z,2026-07-18T16:00:00+0200,-1.68,EUR/MWh,NL,NL,day_ahead_price,value,2026-08-01T23:22:07Z
2026-08-01T23:18:50Z,2026-08-02T01:18:50+0200,914f204b-61c9-48d9-af2c-6470ecd1bcbf,2026-07-18T14:15:00Z,2026-07-18T16:15:00+0200,-0.89,EUR/MWh,NL,NL,day_ahead_price,value,2026-08-01T23:22:07Z
2026-08-01T23:18:50Z,2026-08-02T01:18:50+0200,914f204b-61c9-48d9-af2c-6470ecd1bcbf,2026-07-18T14:30:00Z,2026-07-18T16:30:00+0200,-0.53,EUR/MWh,NL,NL,day_ahead_price,value,2026-08-01T23:22:07Z
2026-08-01T23:18:50Z,2026-08-02T01:18:50+0200,914f204b-61c9-48d9-af2c-6470ecd1bcbf,2026-07-18T14:45:00Z,2026-07-18T16:45:00+0200,0.25,EUR/MWh,NL,NL,day_ahead_price,value,2026-08-01T23:22:07Z
2026-08-01T23:18:50Z,2026-08-02T01:18:50+0200,914f204b-61c9-48d9-af2c-6470ecd1bcbf,2026-07-18T15:00:00Z,2026-07-18T17:00:00+0200,-0.19,EUR/MWh,NL,NL,day_ahead_price,value,2026-08-01T23:22:07Z
2026-08-01T23:18:50Z,2026-08-02T01:18:50+0200,914f204b-61c9-48d9-af2c-6470ecd1bcbf,2026-07-18T15:15:00Z,2026-07-18T17:15:00+0200,0.22,EUR/MWh,NL,NL,day_ahead_price,value,2026-08-01T23:22:07Z
2026-08-01T23:18:50Z,2026-08-02T01:18:50+0200,914f204b-61c9-48d9-af2c-6470ecd1bcbf,2026-07-18T15:30:00Z,2026-07-18T17:30:00+0200,0.22,EUR/MWh,NL,NL,day_ahead_price,value,2026-08-01T23:22:07Z
2026-08-01T23:18:50Z,2026-08-02T01:18:50+0200,914f204b-61c9-48d9-af2c-6470ecd1bcbf,2026-07-18T15:45:00Z,2026-07-18T17:45:00+0200,3.2,EUR/MWh,NL,NL,day_ahead_price,value,2026-08-01T23:22:07Z
2026-08-01T23:18:50Z,2026-08-02T01:18:50+0200,914f204b-61c9-48d9-af2c-6470ecd1bcbf,2026-07-18T16:00:00Z,2026-07-18T18:00:00+0200,3.53,EUR/MWh,NL,NL,day_ahead_price,value,2026-08-01T23:22:07Z
2026-08-01T23:18:50Z,2026-08-02T01:18:50+0200,914f204b-61c9-48d9-af2c-6470ecd1bcbf,2026-07-18T16:15:00Z,2026-07-18T18:15:00+0200,41.54,EUR/MWh,NL,NL,day_ahead_price,value,2026-08-01T23:22:07Z
2026-08-01T23:18:50Z,2026-08-02T01:18:50+0200,914f204b-61c9-48d9-af2c-6470ecd1bcbf,2026-07-18T16:30:00Z,2026-07-18T18:30:00+0200,84.43,EUR/MWh,NL,NL,day_ahead_price,value,2026-08-01T23:22:07Z
2026-08-01T23:18:50Z,2026-08-02T01:18:50+0200,914f204b-61c9-48d9-af2c-6470ecd1bcbf,2026-07-18T16:45:00Z,2026-07-18T18:45:00+0200,101.89,EUR/MWh,NL,NL,day_ahead_price,value,2026-08-01T23:22:07Z
2026-08-01T23:18:50Z,2026-08-02T01:18:50+0200,914f204b-61c9-48d9-af2c-6470ecd1bcbf,2026-07-18T17:00:00Z,2026-07-18T19:00:00+0200,90.23,EUR/MWh,NL,NL,day_ahead_price,value,2026-08-01T23:22:07Z
2026-08-01T23:18:50Z,2026-08-02T01:18:50+0200,914f204b-61c9-48d9-af2c-6470ecd1bcbf,2026-07-18T17:15:00Z,2026-07-18T19:15:00+0200,111.96,EUR/MWh,NL,NL,day_ahead_price,value,2026-08-01T23:22:07Z
2026-08-01T23:18:50Z,2026-08-02T01:18:50+0200,914f204b-61c9-48d9-af2c-6470ecd1bcbf,2026-07-18T17:30:00Z,2026-07-18T19:30:00+0200,119.02,EUR/MWh,NL,NL,day_ahead_price,value,2026-08-01T23:22:07Z
2026-08-01T23:18:50Z,2026-08-02T01:18:50+0200,914f204b-61c9-48d9-af2c-6470ecd1bcbf,2026-07-18T17:45:00Z,2026-07-18T19:45:00+0200,126.99,EUR/MWh,NL,NL,day_ahead_price,value,2026-08-01T23:22:07Z
2026-08-01T23:18:50Z,2026-08-02T01:18:50+0200,914f204b-61c9-48d9-af2c-6470ecd1bcbf,2026-07-18T18:00:00Z,2026-07-18T20:00:00+0200,121.92,EUR/MWh,NL,NL,day_ahead_price,value,2026-08-01T23:22:07Z
2026-08-01T23:18:50Z,2026-08-02T01:18:50+0200,914f204b-61c9-48d9-af2c-6470ecd1bcbf,2026-07-18T18:15:00Z,2026-07-18T20:15:00+0200,131.32,EUR/MWh,NL,NL,day_ahead_price,value,2026-08-01T23:22:07Z
2026-08-01T23:18:50Z,2026-08-02T01:18:50+0200,914f204b-61c9-48d9-af2c-6470ecd1bcbf,2026-07-18T18:30:00Z,2026-07-18T20:30:00+0200,138.06,EUR/MWh,NL,NL,day_ahead_price,value,2026-08-01T23:22:07Z
2026-08-01T23:18:50Z,2026-08-02T01:18:50+0200,914f204b-61c9-48d9-af2c-6470ecd1bcbf,2026-07-18T18:45:00Z,2026-07-18T20:45:00+0200,145.48,EUR/MWh,NL,NL,day_ahead_price,value,2026-08-01T23:22:07Z
2026-08-01T23:18:50Z,2026-08-02T01:18:50+0200,914f204b-61c9-48d9-af2c-6470ecd1bcbf,2026-07-18T19:00:00Z,2026-07-18T21:00:00+0200,144.95,EUR/MWh,NL,NL,day_ahead_price,value,2026-08-01T23:22:07Z
2026-08-01T23:18:50Z,2026-08-02T01:18:50+0200,914f204b-61c9-48d9-af2c-6470ecd1bcbf,2026-07-18T19:15:00Z,2026-07-18T21:15:00+0200,144.4,EUR/MWh,NL,NL,day_ahead_price,value,2026-08-01T23:22:07Z
2026-08-01T23:18:50Z,2026-08-02T01:18:50+0200,914f204b-61c9-48d9-af2c-6470ecd1bcbf,2026-07-18T19:30:00Z,2026-07-18T21:30:00+0200,147.28,EUR/MWh,NL,NL,day_ahead_price,value,2026-08-01T23:22:07Z
2026-08-01T23:18:50Z,2026-08-02T01:18:50+0200,914f204b-61c9-48d9-af2c-6470ecd1bcbf,2026-07-18T19:45:00Z,2026-07-18T21:45:00+0200,155.17,EUR/MWh,NL,NL,day_ahead_price,value,2026-08-01T23:22:07Z
2026-08-01T23:18:50Z,2026-08-02T01:18:50+0200,914f204b-61c9-48d9-af2c-6470ecd1bcbf,2026-07-18T20:00:00Z,2026-07-18T22:00:00+0200,155.51,EUR/MWh,NL,NL,day_ahead_price,value,2026-08-01T23:22:07Z
2026-08-01T23:18:50Z,2026-08-02T01:18:50+0200,914f204b-61c9-48d9-af2c-6470ecd1bcbf,2026-07-18T20:15:00Z,2026-07-18T22:15:00+0200,155.13,EUR/MWh,NL,NL,day_ahead_price,value,2026-08-01T23:22:07Z
2026-08-01T23:18:50Z,2026-08-02T01:18:50+0200,914f204b-61c9-48d9-af2c-6470ecd1bcbf,2026-07-18T20:30:00Z,2026-07-18T22:30:00+0200,154.96,EUR/MWh,NL,NL,day_ahead_price,value,2026-08-01T23:22:07Z
2026-08-01T23:18:50Z,2026-08-02T01:18:50+0200,914f204b-61c9-48d9-af2c-6470ecd1bcbf,2026-07-18T20:45:00Z,2026-07-18T22:45:00+0200,151.84,EUR/MWh,NL,NL,day_ahead_price,value,2026-08-01T23:22:07Z
2026-08-01T23:18:50Z,2026-08-02T01:18:50+0200,914f204b-61c9-48d9-af2c-6470ecd1bcbf,2026-07-18T21:00:00Z,2026-07-18T23:00:00+0200,151.99,EUR/MWh,NL,NL,day_ahead_price,value,2026-08-01T23:22:07Z
2026-08-01T23:18:50Z,2026-08-02T01:18:50+0200,914f204b-61c9-48d9-af2c-6470ecd1bcbf,2026-07-18T21:15:00Z,2026-07-18T23:15:00+0200,150.19,EUR/MWh,NL,NL,day_ahead_price,value,2026-08-01T23:22:07Z
2026-08-01T23:18:50Z,2026-08-02T01:18:50+0200,914f204b-61c9-48d9-af2c-6470ecd1bcbf,2026-07-18T21:30:00Z,2026-07-18T23:30:00+0200,147.81,EUR/MWh,NL,NL,day_ahead_price,value,2026-08-01T23:22:07Z
2026-08-01T23:18:50Z,2026-08-02T01:18:50+0200,914f204b-61c9-48d9-af2c-6470ecd1bcbf,2026-07-18T21:45:00Z,2026-07-18T23:45:00+0200,137.06,EUR/MWh,NL,NL,day_ahead_price,value,2026-08-01T23:22:07Z
2026-08-01T23:18:50Z,2026-08-02T01:18:50+0200,914f204b-61c9-48d9-af2c-6470ecd1bcbf,2026-07-18T22:00:00Z,2026-07-19T00:00:00+0200,145.59,EUR/MWh,NL,NL,day_ahead_price,value,2026-08-01T23:22:07Z
2026-08-01T23:18:50Z,2026-08-02T01:18:50+0200,914f204b-61c9-48d9-af2c-6470ecd1bcbf,2026-07-18T22:15:00Z,2026-07-19T00:15:00+0200,142.6,EUR/MWh,NL,NL,day_ahead_price,value,2026-08-01T23:22:07Z
2026-08-01T23:18:50Z,2026-08-02T01:18:50+0200,914f204b-61c9-48d9-af2c-6470ecd1bcbf,2026-07-18T22:30:00Z,2026-07-19T00:30:00+0200,135.63,EUR/MWh,NL,NL,day_ahead_price,value,2026-08-01T23:22:07Z
2026-08-01T23:18:50Z,2026-08-02T01:18:50+0200,914f204b-61c9-48d9-af2c-6470ecd1bcbf,2026-07-18T22:45:00Z,2026-07-19T00:45:00+0200,130.97,EUR/MWh,NL,NL,day_ahead_price,value,2026-08-01T23:22:07Z
2026-08-01T23:18:50Z,2026-08-02T01:18:50+0200,914f204b-61c9-48d9-af2c-6470ecd1bcbf,2026-07-18T23:00:00Z,2026-07-19T01:00:00+0200,135.0,EUR/MWh,NL,NL,day_ahead_price,value,2026-08-01T23:22:07Z
2026-08-01T23:18:50Z,2026-08-02T01:18:50+0200,914f204b-61c9-48d9-af2c-6470ecd1bcbf,2026-07-18T23:15:00Z,2026-07-19T01:15:00+0200,132.23,EUR/MWh,NL,NL,day_ahead_price,value,2026-08-01T23:22:07Z
2026-08-01T23:18:50Z,2026-08-02T01:18:50+0200,914f204b-61c9-48d9-af2c-6470ecd1bcbf,2026-07-18T23:30:00Z,2026-07-19T01:30:00+0200,130.06,EUR/MWh,NL,NL,day_ahead_price,value,2026-08-01T23:22:07Z
2026-08-01T23:18:50Z,2026-08-02T01:18:50+0200,914f204b-61c9-48d9-af2c-6470ecd1bcbf,2026-07-18T23:45:00Z,2026-07-19T01:45:00+0200,125.68,EUR/MWh,NL,NL,day_ahead_price,value,2026-08-01T23:22:07Z
2026-08-01T23:18:50Z,2026-08-02T01:18:50+0200,914f204b-61c9-48d9-af2c-6470ecd1bcbf,2026-07-19T00:00:00Z,2026-07-19T02:00:00+0200,127.55,EUR/MWh,NL,NL,day_ahead_price,value,2026-08-01T23:22:07Z
2026-08-01T23:18:50Z,2026-08-02T01:18:50+0200,914f204b-61c9-48d9-af2c-6470ecd1bcbf,2026-07-19T00:15:00Z,2026-07-19T02:15:00+0200,122.31,EUR/MWh,NL,NL,day_ahead_price,value,2026-08-01T23:22:07Z
2026-08-01T23:18:50Z,2026-08-02T01:18:50+0200,914f204b-61c9-48d9-af2c-6470ecd1bcbf,2026-07-19T00:30:00Z,2026-07-19T02:30:00+0200,120.85,EUR/MWh,NL,NL,day_ahead_price,value,2026-08-01T23:22:07Z
2026-08-01T23:18:50Z,2026-08-02T01:18:50+0200,914f204b-61c9-48d9-af2c-6470ecd1bcbf,2026-07-19T00:45:00Z,2026-07-19T02:45:00+0200,116.84,EUR/MWh,NL,NL,day_ahead_price,value,2026-08-01T23:22:07Z
2026-08-01T23:18:50Z,2026-08-02T01:18:50+0200,914f204b-61c9-48d9-af2c-6470ecd1bcbf,2026-07-19T01:00:00Z,2026-07-19T03:00:00+0200,121.07,EUR/MWh,NL,NL,day_ahead_price,value,2026-08-01T23:22:07Z
2026-08-01T23:18:50Z,2026-08-02T01:18:50+0200,914f204b-61c9-48d9-af2c-6470ecd1bcbf,2026-07-19T01:15:00Z,2026-07-19T03:15:00+0200,120.09,EUR/MWh,NL,NL,day_ahead_price,value,2026-08-01T23:22:07Z
2026-08-01T23:18:50Z,2026-08-02T01:18:50+0200,914f204b-61c9-48d9-af2c-6470ecd1bcbf,2026-07-19T01:30:00Z,2026-07-19T03:30:00+0200,118.88,EUR/MWh,NL,NL,day_ahead_price,value,2026-08-01T23:22:07Z
2026-08-01T23:18:50Z,2026-08-02T01:18:50+0200,914f204b-61c9-48d9-af2c-6470ecd1bcbf,2026-07-19T01:45:00Z,2026-07-19T03:45:00+0200,114.78,EUR/MWh,NL,NL,day_ahead_price,value,2026-08-01T23:22:07Z
2026-08-01T23:18:50Z,2026-08-02T01:18:50+0200,914f204b-61c9-48d9-af2c-6470ecd1bcbf,2026-07-19T02:00:00Z,2026-07-19T04:00:00+0200,116.88,EUR/MWh,NL,NL,day_ahead_price,value,2026-08-01T23:22:07Z
2026-08-01T23:18:50Z,2026-08-02T01:18:50+0200,914f204b-61c9-48d9-af2c-6470ecd1bcbf,2026-07-19T02:15:00Z,2026-07-19T04:15:00+0200,112.6,EUR/MWh,NL,NL,day_ahead_price,value,2026-08-01T23:22:07Z
2026-08-01T23:18:50Z,2026-08-02T01:18:50+0200,914f204b-61c9-48d9-af2c-6470ecd1bcbf,2026-07-19T02:30:00Z,2026-07-19T04:30:00+0200,112.52,EUR/MWh,NL,NL,day_ahead_price,value,2026-08-01T23:22:07Z
2026-08-01T23:18:50Z,2026-08-02T01:18:50+0200,914f204b-61c9-48d9-af2c-6470ecd1bcbf,2026-07-19T02:45:00Z,2026-07-19T04:45:00+0200,111.12,EUR/MWh,NL,NL,day_ahead_price,value,2026-08-01T23:22:07Z
2026-08-01T23:18:50Z,2026-08-02T01:18:50+0200,914f204b-61c9-48d9-af2c-6470ecd1bcbf,2026-07-19T03:00:00Z,2026-07-19T05:00:00+0200,107.59,EUR/MWh,NL,NL,day_ahead_price,value,2026-08-01T23:22:07Z
2026-08-01T23:18:50Z,2026-08-02T01:18:50+0200,914f204b-61c9-48d9-af2c-6470ecd1bcbf,2026-07-19T03:15:00Z,2026-07-19T05:15:00+0200,105.92,EUR/MWh,NL,NL,day_ahead_price,value,2026-08-01T23:22:07Z
2026-08-01T23:18:50Z,2026-08-02T01:18:50+0200,914f204b-61c9-48d9-af2c-6470ecd1bcbf,2026-07-19T03:30:00Z,2026-07-19T05:30:00+0200,106.42,EUR/MWh,NL,NL,day_ahead_price,value,2026-08-01T23:22:07Z
2026-08-01T23:18:50Z,2026-08-02T01:18:50+0200,914f204b-61c9-48d9-af2c-6470ecd1bcbf,2026-07-19T03:45:00Z,2026-07-19T05:45:00+0200,104.81,EUR/MWh,NL,NL,day_ahead_price,value,2026-08-01T23:22:07Z
2026-08-01T23:18:50Z,2026-08-02T01:18:50+0200,914f204b-61c9-48d9-af2c-6470ecd1bcbf,2026-07-19T04:00:00Z,2026-07-19T06:00:00+0200,105.13,EUR/MWh,NL,NL,day_ahead_price,value,2026-08-01T23:22:07Z
2026-08-01T23:18:50Z,2026-08-02T01:18:50+0200,914f204b-61c9-48d9-af2c-6470ecd1bcbf,2026-07-19T04:15:00Z,2026-07-19T06:15:00+0200,97.11,EUR/MWh,NL,NL,day_ahead_price,value,2026-08-01T23:22:07Z
2026-08-01T23:18:50Z,2026-08-02T01:18:50+0200,914f204b-61c9-48d9-af2c-6470ecd1bcbf,2026-07-19T04:30:00Z,2026-07-19T06:30:00+0200,93.81,EUR/MWh,NL,NL,day_ahead_price,value,2026-08-01T23:22:07Z
2026-08-01T23:18:50Z,2026-08-02T01:18:50+0200,914f204b-61c9-48d9-af2c-6470ecd1bcbf,2026-07-19T04:45:00Z,2026-07-19T06:45:00+0200,82.4,EUR/MWh,NL,NL,day_ahead_price,value,2026-08-01T23:22:07Z
2026-08-01T23:18:50Z,2026-08-02T01:18:50+0200,914f204b-61c9-48d9-af2c-6470ecd1bcbf,2026-07-19T05:00:00Z,2026-07-19T07:00:00+0200,88.4,EUR/MWh,NL,NL,day_ahead_price,value,2026-08-01T23:22:07Z
2026-08-01T23:18:50Z,2026-08-02T01:18:50+0200,914f204b-61c9-48d9-af2c-6470ecd1bcbf,2026-07-19T05:15:00Z,2026-07-19T07:15:00+0200,81.33,EUR/MWh,NL,NL,day_ahead_price,value,2026-08-01T23:22:07Z
2026-08-01T23:18:50Z,2026-08-02T01:18:50+0200,914f204b-61c9-48d9-af2c-6470ecd1bcbf,2026-07-19T05:30:00Z,2026-07-19T07:30:00+0200,76.83,EUR/MWh,NL,NL,day_ahead_price,value,2026-08-01T23:22:07Z
2026-08-01T23:18:50Z,2026-08-02T01:18:50+0200,914f204b-61c9-48d9-af2c-6470ecd1bcbf,2026-07-19T05:45:00Z,2026-07-19T07:45:00+0200,63.63,EUR/MWh,NL,NL,day_ahead_price,value,2026-08-01T23:22:07Z
2026-08-01T23:18:50Z,2026-08-02T01:18:50+0200,914f204b-61c9-48d9-af2c-6470ecd1bcbf,2026-07-19T06:00:00Z,2026-07-19T08:00:00+0200,66.47,EUR/MWh,NL,NL,day_ahead_price,value,2026-08-01T23:22:07Z
2026-08-01T23:18:50Z,2026-08-02T01:18:50+0200,914f204b-61c9-48d9-af2c-6470ecd1bcbf,2026-07-19T06:15:00Z,2026-07-19T08:15:00+0200,49.43,EUR/MWh,NL,NL,day_ahead_price,value,2026-08-01T23:22:07Z
2026-08-01T23:18:50Z,2026-08-02T01:18:50+0200,914f204b-61c9-48d9-af2c-6470ecd1bcbf,2026-07-19T06:30:00Z,2026-07-19T08:30:00+0200,26.75,EUR/MWh,NL,NL,day_ahead_price,value,2026-08-01T23:22:07Z
2026-08-01T23:18:50Z,2026-08-02T01:18:50+0200,914f204b-61c9-48d9-af2c-6470ecd1bcbf,2026-07-19T06:45:00Z,2026-07-19T08:45:00+0200,9.07,EUR/MWh,NL,NL,day_ahead_price,value,2026-08-01T23:22:07Z
2026-08-01T23:18:50Z,2026-08-02T01:18:50+0200,914f204b-61c9-48d9-af2c-6470ecd1bcbf,2026-07-19T07:00:00Z,2026-07-19T09:00:00+0200,8.93,EUR/MWh,NL,NL,day_ahead_price,value,2026-08-01T23:22:07Z
2026-08-01T23:18:50Z,2026-08-02T01:18:50+0200,914f204b-61c9-48d9-af2c-6470ecd1bcbf,2026-07-19T07:15:00Z,2026-07-19T09:15:00+0200,3.76,EUR/MWh,NL,NL,day_ahead_price,value,2026-08-01T23:22:07Z
2026-08-01T23:18:50Z,2026-08-02T01:18:50+0200,914f204b-61c9-48d9-af2c-6470ecd1bcbf,2026-07-19T07:30:00Z,2026-07-19T09:30:00+0200,1.23,EUR/MWh,NL,NL,day_ahead_price,value,2026-08-01T23:22:07Z
2026-08-01T23:18:50Z,2026-08-02T01:18:50+0200,914f204b-61c9-48d9-af2c-6470ecd1bcbf,2026-07-19T07:45:00Z,2026-07-19T09:45:00+0200,0.22,EUR/MWh,NL,NL,day_ahead_price,value,2026-08-01T23:22:07Z
2026-08-01T23:18:50Z,2026-08-02T01:18:50+0200,914f204b-61c9-48d9-af2c-6470ecd1bcbf,2026-07-19T08:00:00Z,2026-07-19T10:00:00+0200,0.05,EUR/MWh,NL,NL,day_ahead_price,value,2026-08-01T23:22:07Z
2026-08-01T23:18:50Z,2026-08-02T01:18:50+0200,914f204b-61c9-48d9-af2c-6470ecd1bcbf,2026-07-19T08:15:00Z,2026-07-19T10:15:00+0200,0.0,EUR/MWh,NL,NL,day_ahead_price,value,2026-08-01T23:22:07Z
2026-08-01T23:18:50Z,2026-08-02T01:18:50+0200,914f204b-61c9-48d9-af2c-6470ecd1bcbf,2026-07-19T08:30:00Z,2026-07-19T10:30:00+0200,0.0,EUR/MWh,NL,NL,day_ahead_price,value,2026-08-01T23:22:07Z
2026-08-01T23:18:50Z,2026-08-02T01:18:50+0200,914f204b-61c9-48d9-af2c-6470ecd1bcbf,2026-07-19T08:45:00Z,2026-07-19T10:45:00+0200,0.0,EUR/MWh,NL,NL,day_ahead_price,value,2026-08-01T23:22:07Z
2026-08-01T23:18:50Z,2026-08-02T01:18:50+0200,914f204b-61c9-48d9-af2c-6470ecd1bcbf,2026-07-19T09:00:00Z,2026-07-19T11:00:00+0200,-0.01,EUR/MWh,NL,NL,day_ahead_price,value,2026-08-01T23:22:07Z
2026-08-01T23:18:50Z,2026-08-02T01:18:50+0200,914f204b-61c9-48d9-af2c-6470ecd1bcbf,2026-07-19T09:15:00Z,2026-07-19T11:15:00+0200,-0.02,EUR/MWh,NL,NL,day_ahead_price,value,2026-08-01T23:22:07Z
2026-08-01T23:18:50Z,2026-08-02T01:18:50+0200,914f204b-61c9-48d9-af2c-6470ecd1bcbf,2026-07-19T09:30:00Z,2026-07-19T11:30:00+0200,-0.04,EUR/MWh,NL,NL,day_ahead_price,value,2026-08-01T23:22:07Z
2026-08-01T23:18:50Z,2026-08-02T01:18:50+0200,914f204b-61c9-48d9-af2c-6470ecd1bcbf,2026-07-19T09:45:00Z,2026-07-19T11:45:00+0200,-0.09,EUR/MWh,NL,NL,day_ahead_price,value,2026-08-01T23:22:07Z
2026-08-01T23:18:50Z,2026-08-02T01:18:50+0200,914f204b-61c9-48d9-af2c-6470ecd1bcbf,2026-07-19T10:00:00Z,2026-07-19T12:00:00+0200,-0.4,EUR/MWh,NL,NL,day_ahead_price,value,2026-08-01T23:22:07Z
2026-08-01T23:18:50Z,2026-08-02T01:18:50+0200,914f204b-61c9-48d9-af2c-6470ecd1bcbf,2026-07-19T10:15:00Z,2026-07-19T12:15:00+0200,-0.66,EUR/MWh,NL,NL,day_ahead_price,value,2026-08-01T23:22:07Z
2026-08-01T23:18:50Z,2026-08-02T01:18:50+0200,914f204b-61c9-48d9-af2c-6470ecd1bcbf,2026-07-19T10:30:00Z,2026-07-19T12:30:00+0200,-0.72,EUR/MWh,NL,NL,day_ahead_price,value,2026-08-01T23:22:07Z
2026-08-01T23:18:50Z,2026-08-02T01:18:50+0200,914f204b-61c9-48d9-af2c-6470ecd1bcbf,2026-07-19T10:45:00Z,2026-07-19T12:45:00+0200,-1.19,EUR/MWh,NL,NL,day_ahead_price,value,2026-08-01T23:22:07Z
2026-08-01T23:18:50Z,2026-08-02T01:18:50+0200,914f204b-61c9-48d9-af2c-6470ecd1bcbf,2026-07-19T11:00:00Z,2026-07-19T13:00:00+0200,-1.7,EUR/MWh,NL,NL,day_ahead_price,value,2026-08-01T23:22:07Z
2026-08-01T23:18:50Z,2026-08-02T01:18:50+0200,914f204b-61c9-48d9-af2c-6470ecd1bcbf,2026-07-19T11:15:00Z,2026-07-19T13:15:00+0200,-2.3,EUR/MWh,NL,NL,day_ahead_price,value,2026-08-01T23:22:07Z
2026-08-01T23:18:50Z,2026-08-02T01:18:50+0200,914f204b-61c9-48d9-af2c-6470ecd1bcbf,2026-07-19T11:30:00Z,2026-07-19T13:30:00+0200,-3.02,EUR/MWh,NL,NL,day_ahead_price,value,2026-08-01T23:22:07Z
2026-08-01T23:18:50Z,2026-08-02T01:18:50+0200,914f204b-61c9-48d9-af2c-6470ecd1bcbf,2026-07-19T11:45:00Z,2026-07-19T13:45:00+0200,-4.0,EUR/MWh,NL,NL,day_ahead_price,value,2026-08-01T23:22:07Z
2026-08-01T23:18:50Z,2026-08-02T01:18:50+0200,914f204b-61c9-48d9-af2c-6470ecd1bcbf,2026-07-19T12:00:00Z,2026-07-19T14:00:00+0200,-4.47,EUR/MWh,NL,NL,day_ahead_price,value,2026-08-01T23:22:07Z
2026-08-01T23:18:50Z,2026-08-02T01:18:50+0200,914f204b-61c9-48d9-af2c-6470ecd1bcbf,2026-07-19T12:15:00Z,2026-07-19T14:15:00+0200,-4.82,EUR/MWh,NL,NL,day_ahead_price,value,2026-08-01T23:22:07Z
2026-08-01T23:18:50Z,2026-08-02T01:18:50+0200,914f204b-61c9-48d9-af2c-6470ecd1bcbf,2026-07-19T12:30:00Z,2026-07-19T14:30:00+0200,-4.81,EUR/MWh,NL,NL,day_ahead_price,value,2026-08-01T23:22:07Z
2026-08-01T23:18:50Z,2026-08-02T01:18:50+0200,914f204b-61c9-48d9-af2c-6470ecd1bcbf,2026-07-19T12:45:00Z,2026-07-19T14:45:00+0200,-5.19,EUR/MWh,NL,NL,day_ahead_price,value,2026-08-01T23:22:07Z
2026-08-01T23:18:50Z,2026-08-02T01:18:50+0200,914f204b-61c9-48d9-af2c-6470ecd1bcbf,2026-07-19T13:00:00Z,2026-07-19T15:00:00+0200,-5.43,EUR/MWh,NL,NL,day_ahead_price,value,2026-08-01T23:22:07Z
2026-08-01T23:18:50Z,2026-08-02T01:18:50+0200,914f204b-61c9-48d9-af2c-6470ecd1bcbf,2026-07-19T13:15:00Z,2026-07-19T15:15:00+0200,-5.0,EUR/MWh,NL,NL,day_ahead_price,value,2026-08-01T23:22:07Z
2026-08-01T23:18:50Z,2026-08-02T01:18:50+0200,914f204b-61c9-48d9-af2c-6470ecd1bcbf,2026-07-19T13:30:00Z,2026-07-19T15:30:00+0200,-4.49,EUR/MWh,NL,NL,day_ahead_price,value,2026-08-01T23:22:07Z
2026-08-01T23:18:50Z,2026-08-02T01:18:50+0200,914f204b-61c9-48d9-af2c-6470ecd1bcbf,2026-07-19T13:45:00Z,2026-07-19T15:45:00+0200,-3.6,EUR/MWh,NL,NL,day_ahead_price,value,2026-08-01T23:22:07Z
2026-08-01T23:18:50Z,2026-08-02T01:18:50+0200,914f204b-61c9-48d9-af2c-6470ecd1bcbf,2026-07-19T14:00:00Z,2026-07-19T16:00:00+0200,-2.0,EUR/MWh,NL,NL,day_ahead_price,value,2026-08-01T23:22:07Z
2026-08-01T23:18:50Z,2026-08-02T01:18:50+0200,914f204b-61c9-48d9-af2c-6470ecd1bcbf,2026-07-19T14:15:00Z,2026-07-19T16:15:00+0200,-2.45,EUR/MWh,NL,NL,day_ahead_price,value,2026-08-01T23:22:07Z
2026-08-01T23:18:50Z,2026-08-02T01:18:50+0200,914f204b-61c9-48d9-af2c-6470ecd1bcbf,2026-07-19T14:30:00Z,2026-07-19T16:30:00+0200,-3.03,EUR/MWh,NL,NL,day_ahead_price,value,2026-08-01T23:22:07Z
2026-08-01T23:18:50Z,2026-08-02T01:18:50+0200,914f204b-61c9-48d9-af2c-6470ecd1bcbf,2026-07-19T14:45:00Z,2026-07-19T16:45:00+0200,-1.3,EUR/MWh,NL,NL,day_ahead_price,value,2026-08-01T23:22:07Z
2026-08-01T23:18:50Z,2026-08-02T01:18:50+0200,914f204b-61c9-48d9-af2c-6470ecd1bcbf,2026-07-19T15:00:00Z,2026-07-19T17:00:00+0200,-0.97,EUR/MWh,NL,NL,day_ahead_price,value,2026-08-01T23:22:07Z
2026-08-01T23:18:50Z,2026-08-02T01:18:50+0200,914f204b-61c9-48d9-af2c-6470ecd1bcbf,2026-07-19T15:15:00Z,2026-07-19T17:15:00+0200,-0.6,EUR/MWh,NL,NL,day_ahead_price,value,2026-08-01T23:22:07Z
2026-08-01T23:18:50Z,2026-08-02T01:18:50+0200,914f204b-61c9-48d9-af2c-6470ecd1bcbf,2026-07-19T15:30:00Z,2026-07-19T17:30:00+0200,0.08,EUR/MWh,NL,NL,day_ahead_price,value,2026-08-01T23:22:07Z
2026-08-01T23:18:50Z,2026-08-02T01:18:50+0200,914f204b-61c9-48d9-af2c-6470ecd1bcbf,2026-07-19T15:45:00Z,2026-07-19T17:45:00+0200,0.6,EUR/MWh,NL,NL,day_ahead_price,value,2026-08-01T23:22:07Z
2026-08-01T23:18:50Z,2026-08-02T01:18:50+0200,914f204b-61c9-48d9-af2c-6470ecd1bcbf,2026-07-19T16:00:00Z,2026-07-19T18:00:00+0200,1.0,EUR/MWh,NL,NL,day_ahead_price,value,2026-08-01T23:22:07Z
2026-08-01T23:18:50Z,2026-08-02T01:18:50+0200,914f204b-61c9-48d9-af2c-6470ecd1bcbf,2026-07-19T16:15:00Z,2026-07-19T18:15:00+0200,25.87,EUR/MWh,NL,NL,day_ahead_price,value,2026-08-01T23:22:07Z
2026-08-01T23:18:50Z,2026-08-02T01:18:50+0200,914f204b-61c9-48d9-af2c-6470ecd1bcbf,2026-07-19T16:30:00Z,2026-07-19T18:30:00+0200,56.74,EUR/MWh,NL,NL,day_ahead_price,value,2026-08-01T23:22:07Z
2026-08-01T23:18:50Z,2026-08-02T01:18:50+0200,914f204b-61c9-48d9-af2c-6470ecd1bcbf,2026-07-19T16:45:00Z,2026-07-19T18:45:00+0200,92.02,EUR/MWh,NL,NL,day_ahead_price,value,2026-08-01T23:22:07Z
2026-08-01T23:18:50Z,2026-08-02T01:18:50+0200,914f204b-61c9-48d9-af2c-6470ecd1bcbf,2026-07-19T17:00:00Z,2026-07-19T19:00:00+0200,86.32,EUR/MWh,NL,NL,day_ahead_price,value,2026-08-01T23:22:07Z
2026-08-01T23:18:50Z,2026-08-02T01:18:50+0200,914f204b-61c9-48d9-af2c-6470ecd1bcbf,2026-07-19T17:15:00Z,2026-07-19T19:15:00+0200,108.05,EUR/MWh,NL,NL,day_ahead_price,value,2026-08-01T23:22:07Z
2026-08-01T23:18:50Z,2026-08-02T01:18:50+0200,914f204b-61c9-48d9-af2c-6470ecd1bcbf,2026-07-19T17:30:00Z,2026-07-19T19:30:00+0200,128.73,EUR/MWh,NL,NL,day_ahead_price,value,2026-08-01T23:22:07Z
2026-08-01T23:18:50Z,2026-08-02T01:18:50+0200,914f204b-61c9-48d9-af2c-6470ecd1bcbf,2026-07-19T17:45:00Z,2026-07-19T19:45:00+0200,137.91,EUR/MWh,NL,NL,day_ahead_price,value,2026-08-01T23:22:07Z
2026-08-01T23:18:50Z,2026-08-02T01:18:50+0200,914f204b-61c9-48d9-af2c-6470ecd1bcbf,2026-07-19T18:00:00Z,2026-07-19T20:00:00+0200,132.27,EUR/MWh,NL,NL,day_ahead_price,value,2026-08-01T23:22:07Z
2026-08-01T23:18:50Z,2026-08-02T01:18:50+0200,914f204b-61c9-48d9-af2c-6470ecd1bcbf,2026-07-19T18:15:00Z,2026-07-19T20:15:00+0200,140.12,EUR/MWh,NL,NL,day_ahead_price,value,2026-08-01T23:22:07Z
2026-08-01T23:18:50Z,2026-08-02T01:18:50+0200,914f204b-61c9-48d9-af2c-6470ecd1bcbf,2026-07-19T18:30:00Z,2026-07-19T20:30:00+0200,151.63,EUR/MWh,NL,NL,day_ahead_price,value,2026-08-01T23:22:07Z
2026-08-01T23:18:50Z,2026-08-02T01:18:50+0200,914f204b-61c9-48d9-af2c-6470ecd1bcbf,2026-07-19T18:45:00Z,2026-07-19T20:45:00+0200,158.07,EUR/MWh,NL,NL,day_ahead_price,value,2026-08-01T23:22:07Z
2026-08-01T23:18:50Z,2026-08-02T01:18:50+0200,914f204b-61c9-48d9-af2c-6470ecd1bcbf,2026-07-19T19:00:00Z,2026-07-19T21:00:00+0200,153.25,EUR/MWh,NL,NL,day_ahead_price,value,2026-08-01T23:22:07Z
2026-08-01T23:18:50Z,2026-08-02T01:18:50+0200,914f204b-61c9-48d9-af2c-6470ecd1bcbf,2026-07-19T19:15:00Z,2026-07-19T21:15:00+0200,150.92,EUR/MWh,NL,NL,day_ahead_price,value,2026-08-01T23:22:07Z
2026-08-01T23:18:50Z,2026-08-02T01:18:50+0200,914f204b-61c9-48d9-af2c-6470ecd1bcbf,2026-07-19T19:30:00Z,2026-07-19T21:30:00+0200,150.04,EUR/MWh,NL,NL,day_ahead_price,value,2026-08-01T23:22:07Z
2026-08-01T23:18:50Z,2026-08-02T01:18:50+0200,914f204b-61c9-48d9-af2c-6470ecd1bcbf,2026-07-19T19:45:00Z,2026-07-19T21:45:00+0200,146.46,EUR/MWh,NL,NL,day_ahead_price,value,2026-08-01T23:22:07Z
2026-08-01T23:18:50Z,2026-08-02T01:18:50+0200,914f204b-61c9-48d9-af2c-6470ecd1bcbf,2026-07-19T20:00:00Z,2026-07-19T22:00:00+0200,160.47,EUR/MWh,NL,NL,day_ahead_price,value,2026-08-01T23:22:07Z
2026-08-01T23:18:50Z,2026-08-02T01:18:50+0200,914f204b-61c9-48d9-af2c-6470ecd1bcbf,2026-07-19T20:15:00Z,2026-07-19T22:15:00+0200,151.69,EUR/MWh,NL,NL,day_ahead_price,value,2026-08-01T23:22:07Z
2026-08-01T23:18:50Z,2026-08-02T01:18:50+0200,914f204b-61c9-48d9-af2c-6470ecd1bcbf,2026-07-19T20:30:00Z,2026-07-19T22:30:00+0200,148.84,EUR/MWh,NL,NL,day_ahead_price,value,2026-08-01T23:22:07Z
2026-08-01T23:18:50Z,2026-08-02T01:18:50+0200,914f204b-61c9-48d9-af2c-6470ecd1bcbf,2026-07-19T20:45:00Z,2026-07-19T22:45:00+0200,140.43,EUR/MWh,NL,NL,day_ahead_price,value,2026-08-01T23:22:07Z
2026-08-01T23:18:50Z,2026-08-02T01:18:50+0200,914f204b-61c9-48d9-af2c-6470ecd1bcbf,2026-07-19T21:00:00Z,2026-07-19T23:00:00+0200,152.5,EUR/MWh,NL,NL,day_ahead_price,value,2026-08-01T23:22:07Z
2026-08-01T23:18:50Z,2026-08-02T01:18:50+0200,914f204b-61c9-48d9-af2c-6470ecd1bcbf,2026-07-19T21:15:00Z,2026-07-19T23:15:00+0200,137.02,EUR/MWh,NL,NL,day_ahead_price,value,2026-08-01T23:22:07Z
2026-08-01T23:18:50Z,2026-08-02T01:18:50+0200,914f204b-61c9-48d9-af2c-6470ecd1bcbf,2026-07-19T21:30:00Z,2026-07-19T23:30:00+0200,135.65,EUR/MWh,NL,NL,day_ahead_price,value,2026-08-01T23:22:07Z
2026-08-01T23:18:50Z,2026-08-02T01:18:50+0200,914f204b-61c9-48d9-af2c-6470ecd1bcbf,2026-07-19T21:45:00Z,2026-07-19T23:45:00+0200,128.43,EUR/MWh,NL,NL,day_ahead_price,value,2026-08-01T23:22:07Z
2026-08-01T23:18:50Z,2026-08-02T01:18:50+0200,914f204b-61c9-48d9-af2c-6470ecd1bcbf,2026-07-19T22:00:00Z,2026-07-20T00:00:00+0200,167.33,EUR/MWh,NL,NL,day_ahead_price,value,2026-08-01T23:22:07Z
2026-08-01T23:18:50Z,2026-08-02T01:18:50+0200,914f204b-61c9-48d9-af2c-6470ecd1bcbf,2026-07-19T22:15:00Z,2026-07-20T00:15:00+0200,150.11,EUR/MWh,NL,NL,day_ahead_price,value,2026-08-01T23:22:07Z
2026-08-01T23:18:50Z,2026-08-02T01:18:50+0200,914f204b-61c9-48d9-af2c-6470ecd1bcbf,2026-07-19T22:30:00Z,2026-07-20T00:30:00+0200,140.74,EUR/MWh,NL,NL,day_ahead_price,value,2026-08-01T23:22:07Z
2026-08-01T23:18:50Z,2026-08-02T01:18:50+0200,914f204b-61c9-48d9-af2c-6470ecd1bcbf,2026-07-19T22:45:00Z,2026-07-20T00:45:00+0200,131.63,EUR/MWh,NL,NL,day_ahead_price,value,2026-08-01T23:22:07Z
2026-08-01T23:18:50Z,2026-08-02T01:18:50+0200,914f204b-61c9-48d9-af2c-6470ecd1bcbf,2026-07-19T23:00:00Z,2026-07-20T01:00:00+0200,148.25,EUR/MWh,NL,NL,day_ahead_price,value,2026-08-01T23:22:07Z
2026-08-01T23:18:50Z,2026-08-02T01:18:50+0200,914f204b-61c9-48d9-af2c-6470ecd1bcbf,2026-07-19T23:15:00Z,2026-07-20T01:15:00+0200,140.01,EUR/MWh,NL,NL,day_ahead_price,value,2026-08-01T23:22:07Z
2026-08-01T23:18:50Z,2026-08-02T01:18:50+0200,914f204b-61c9-48d9-af2c-6470ecd1bcbf,2026-07-19T23:30:00Z,2026-07-20T01:30:00+0200,135.68,EUR/MWh,NL,NL,day_ahead_price,value,2026-08-01T23:22:07Z
2026-08-01T23:18:50Z,2026-08-02T01:18:50+0200,914f204b-61c9-48d9-af2c-6470ecd1bcbf,2026-07-19T23:45:00Z,2026-07-20T01:45:00+0200,129.99,EUR/MWh,NL,NL,day_ahead_price,value,2026-08-01T23:22:07Z
2026-08-01T23:18:50Z,2026-08-02T01:18:50+0200,914f204b-61c9-48d9-af2c-6470ecd1bcbf,2026-07-20T00:00:00Z,2026-07-20T02:00:00+0200,132.56,EUR/MWh,NL,NL,day_ahead_price,value,2026-08-01T23:22:07Z
2026-08-01T23:18:50Z,2026-08-02T01:18:50+0200,914f204b-61c9-48d9-af2c-6470ecd1bcbf,2026-07-20T00:15:00Z,2026-07-20T02:15:00+0200,131.3,EUR/MWh,NL,NL,day_ahead_price,value,2026-08-01T23:22:07Z
2026-08-01T23:18:50Z,2026-08-02T01:18:50+0200,914f204b-61c9-48d9-af2c-6470ecd1bcbf,2026-07-20T00:30:00Z,2026-07-20T02:30:00+0200,130.39,EUR/MWh,NL,NL,day_ahead_price,value,2026-08-01T23:22:07Z
2026-08-01T23:18:50Z,2026-08-02T01:18:50+0200,914f204b-61c9-48d9-af2c-6470ecd1bcbf,2026-07-20T00:45:00Z,2026-07-20T02:45:00+0200,134.36,EUR/MWh,NL,NL,day_ahead_price,value,2026-08-01T23:22:07Z
2026-08-01T23:18:50Z,2026-08-02T01:18:50+0200,914f204b-61c9-48d9-af2c-6470ecd1bcbf,2026-07-20T01:00:00Z,2026-07-20T03:00:00+0200,129.4,EUR/MWh,NL,NL,day_ahead_price,value,2026-08-01T23:22:07Z
2026-08-01T23:18:50Z,2026-08-02T01:18:50+0200,914f204b-61c9-48d9-af2c-6470ecd1bcbf,2026-07-20T01:15:00Z,2026-07-20T03:15:00+0200,127.5,EUR/MWh,NL,NL,day_ahead_price,value,2026-08-01T23:22:07Z
2026-08-01T23:18:50Z,2026-08-02T01:18:50+0200,914f204b-61c9-48d9-af2c-6470ecd1bcbf,2026-07-20T01:30:00Z,2026-07-20T03:30:00+0200,126.37,EUR/MWh,NL,NL,day_ahead_price,value,2026-08-01T23:22:07Z
2026-08-01T23:18:50Z,2026-08-02T01:18:50+0200,914f204b-61c9-48d9-af2c-6470ecd1bcbf,2026-07-20T01:45:00Z,2026-07-20T03:45:00+0200,126.67,EUR/MWh,NL,NL,day_ahead_price,value,2026-08-01T23:22:07Z
2026-08-01T23:18:50Z,2026-08-02T01:18:50+0200,914f204b-61c9-48d9-af2c-6470ecd1bcbf,2026-07-20T02:00:00Z,2026-07-20T04:00:00+0200,124.05,EUR/MWh,NL,NL,day_ahead_price,value,2026-08-01T23:22:07Z
2026-08-01T23:18:50Z,2026-08-02T01:18:50+0200,914f204b-61c9-48d9-af2c-6470ecd1bcbf,2026-07-20T02:15:00Z,2026-07-20T04:15:00+0200,129.31,EUR/MWh,NL,NL,day_ahead_price,value,2026-08-01T23:22:07Z
2026-08-01T23:18:50Z,2026-08-02T01:18:50+0200,914f204b-61c9-48d9-af2c-6470ecd1bcbf,2026-07-20T02:30:00Z,2026-07-20T04:30:00+0200,130.66,EUR/MWh,NL,NL,day_ahead_price,value,2026-08-01T23:22:07Z
2026-08-01T23:18:50Z,2026-08-02T01:18:50+0200,914f204b-61c9-48d9-af2c-6470ecd1bcbf,2026-07-20T02:45:00Z,2026-07-20T04:45:00+0200,133.99,EUR/MWh,NL,NL,day_ahead_price,value,2026-08-01T23:22:07Z
2026-08-01T23:18:50Z,2026-08-02T01:18:50+0200,914f204b-61c9-48d9-af2c-6470ecd1bcbf,2026-07-20T03:00:00Z,2026-07-20T05:00:00+0200,137.25,EUR/MWh,NL,NL,day_ahead_price,value,2026-08-01T23:22:07Z
2026-08-01T23:18:50Z,2026-08-02T01:18:50+0200,914f204b-61c9-48d9-af2c-6470ecd1bcbf,2026-07-20T03:15:00Z,2026-07-20T05:15:00+0200,139.28,EUR/MWh,NL,NL,day_ahead_price,value,2026-08-01T23:22:07Z
2026-08-01T23:18:50Z,2026-08-02T01:18:50+0200,914f204b-61c9-48d9-af2c-6470ecd1bcbf,2026-07-20T03:30:00Z,2026-07-20T05:30:00+0200,141.19,EUR/MWh,NL,NL,day_ahead_price,value,2026-08-01T23:22:07Z
2026-08-01T23:18:50Z,2026-08-02T01:18:50+0200,914f204b-61c9-48d9-af2c-6470ecd1bcbf,2026-07-20T03:45:00Z,2026-07-20T05:45:00+0200,145.48,EUR/MWh,NL,NL,day_ahead_price,value,2026-08-01T23:22:07Z
2026-08-01T23:18:50Z,2026-08-02T01:18:50+0200,914f204b-61c9-48d9-af2c-6470ecd1bcbf,2026-07-20T04:00:00Z,2026-07-20T06:00:00+0200,147.73,EUR/MWh,NL,NL,day_ahead_price,value,2026-08-01T23:22:07Z
2026-08-01T23:18:50Z,2026-08-02T01:18:50+0200,914f204b-61c9-48d9-af2c-6470ecd1bcbf,2026-07-20T04:15:00Z,2026-07-20T06:15:00+0200,150.03,EUR/MWh,NL,NL,day_ahead_price,value,2026-08-01T23:22:07Z
2026-08-01T23:18:50Z,2026-08-02T01:18:50+0200,914f204b-61c9-48d9-af2c-6470ecd1bcbf,2026-07-20T04:30:00Z,2026-07-20T06:30:00+0200,150.46,EUR/MWh,NL,NL,day_ahead_price,value,2026-08-01T23:22:07Z
2026-08-01T23:18:50Z,2026-08-02T01:18:50+0200,914f204b-61c9-48d9-af2c-6470ecd1bcbf,2026-07-20T04:45:00Z,2026-07-20T06:45:00+0200,149.19,EUR/MWh,NL,NL,day_ahead_price,value,2026-08-01T23:22:07Z
2026-08-01T23:18:50Z,2026-08-02T01:18:50+0200,914f204b-61c9-48d9-af2c-6470ecd1bcbf,2026-07-20T05:00:00Z,2026-07-20T07:00:00+0200,159.92,EUR/MWh,NL,NL,day_ahead_price,value,2026-08-01T23:22:07Z
2026-08-01T23:18:50Z,2026-08-02T01:18:50+0200,914f204b-61c9-48d9-af2c-6470ecd1bcbf,2026-07-20T05:15:00Z,2026-07-20T07:15:00+0200,152.96,EUR/MWh,NL,NL,day_ahead_price,value,2026-08-01T23:22:07Z
2026-08-01T23:18:50Z,2026-08-02T01:18:50+0200,914f204b-61c9-48d9-af2c-6470ecd1bcbf,2026-07-20T05:30:00Z,2026-07-20T07:30:00+0200,148.99,EUR/MWh,NL,NL,day_ahead_price,value,2026-08-01T23:22:07Z
2026-08-01T23:18:50Z,2026-08-02T01:18:50+0200,914f204b-61c9-48d9-af2c-6470ecd1bcbf,2026-07-20T05:45:00Z,2026-07-20T07:45:00+0200,141.83,EUR/MWh,NL,NL,day_ahead_price,value,2026-08-01T23:22:07Z
2026-08-01T23:18:50Z,2026-08-02T01:18:50+0200,914f204b-61c9-48d9-af2c-6470ecd1bcbf,2026-07-20T06:00:00Z,2026-07-20T08:00:00+0200,159.0,EUR/MWh,NL,NL,day_ahead_price,value,2026-08-01T23:22:07Z
2026-08-01T23:18:50Z,2026-08-02T01:18:50+0200,914f204b-61c9-48d9-af2c-6470ecd1bcbf,2026-07-20T06:15:00Z,2026-07-20T08:15:00+0200,140.0,EUR/MWh,NL,NL,day_ahead_price,value,2026-08-01T23:22:07Z
2026-08-01T23:18:50Z,2026-08-02T01:18:50+0200,914f204b-61c9-48d9-af2c-6470ecd1bcbf,2026-07-20T06:30:00Z,2026-07-20T08:30:00+0200,120.7,EUR/MWh,NL,NL,day_ahead_price,value,2026-08-01T23:22:07Z
2026-08-01T23:18:50Z,2026-08-02T01:18:50+0200,914f204b-61c9-48d9-af2c-6470ecd1bcbf,2026-07-20T06:45:00Z,2026-07-20T08:45:00+0200,104.29,EUR/MWh,NL,NL,day_ahead_price,value,2026-08-01T23:22:07Z
2026-08-01T23:18:50Z,2026-08-02T01:18:50+0200,914f204b-61c9-48d9-af2c-6470ecd1bcbf,2026-07-20T07:00:00Z,2026-07-20T09:00:00+0200,113.72,EUR/MWh,NL,NL,day_ahead_price,value,2026-08-01T23:22:07Z
2026-08-01T23:18:50Z,2026-08-02T01:18:50+0200,914f204b-61c9-48d9-af2c-6470ecd1bcbf,2026-07-20T07:15:00Z,2026-07-20T09:15:00+0200,102.0,EUR/MWh,NL,NL,day_ahead_price,value,2026-08-01T23:22:07Z
2026-08-01T23:18:50Z,2026-08-02T01:18:50+0200,914f204b-61c9-48d9-af2c-6470ecd1bcbf,2026-07-20T07:30:00Z,2026-07-20T09:30:00+0200,89.33,EUR/MWh,NL,NL,day_ahead_price,value,2026-08-01T23:22:07Z
2026-08-01T23:18:50Z,2026-08-02T01:18:50+0200,914f204b-61c9-48d9-af2c-6470ecd1bcbf,2026-07-20T07:45:00Z,2026-07-20T09:45:00+0200,65.82,EUR/MWh,NL,NL,day_ahead_price,value,2026-08-01T23:22:07Z
2026-08-01T23:18:50Z,2026-08-02T01:18:50+0200,914f204b-61c9-48d9-af2c-6470ecd1bcbf,2026-07-20T08:00:00Z,2026-07-20T10:00:00+0200,83.1,EUR/MWh,NL,NL,day_ahead_price,value,2026-08-01T23:22:07Z
2026-08-01T23:18:50Z,2026-08-02T01:18:50+0200,914f204b-61c9-48d9-af2c-6470ecd1bcbf,2026-07-20T08:15:00Z,2026-07-20T10:15:00+0200,73.36,EUR/MWh,NL,NL,day_ahead_price,value,2026-08-01T23:22:07Z
2026-08-01T23:18:50Z,2026-08-02T01:18:50+0200,914f204b-61c9-48d9-af2c-6470ecd1bcbf,2026-07-20T08:30:00Z,2026-07-20T10:30:00+0200,59.54,EUR/MWh,NL,NL,day_ahead_price,value,2026-08-01T23:22:07Z
2026-08-01T23:18:50Z,2026-08-02T01:18:50+0200,914f204b-61c9-48d9-af2c-6470ecd1bcbf,2026-07-20T08:45:00Z,2026-07-20T10:45:00+0200,33.16,EUR/MWh,NL,NL,day_ahead_price,value,2026-08-01T23:22:07Z
2026-08-01T23:18:50Z,2026-08-02T01:18:50+0200,914f204b-61c9-48d9-af2c-6470ecd1bcbf,2026-07-20T09:00:00Z,2026-07-20T11:00:00+0200,31.91,EUR/MWh,NL,NL,day_ahead_price,value,2026-08-01T23:22:07Z
2026-08-01T23:18:50Z,2026-08-02T01:18:50+0200,914f204b-61c9-48d9-af2c-6470ecd1bcbf,2026-07-20T09:15:00Z,2026-07-20T11:15:00+0200,28.91,EUR/MWh,NL,NL,day_ahead_price,value,2026-08-01T23:22:07Z
2026-08-01T23:18:50Z,2026-08-02T01:18:50+0200,914f204b-61c9-48d9-af2c-6470ecd1bcbf,2026-07-20T09:30:00Z,2026-07-20T11:30:00+0200,15.0,EUR/MWh,NL,NL,day_ahead_price,value,2026-08-01T23:22:07Z
2026-08-01T23:18:50Z,2026-08-02T01:18:50+0200,914f204b-61c9-48d9-af2c-6470ecd1bcbf,2026-07-20T09:45:00Z,2026-07-20T11:45:00+0200,10.27,EUR/MWh,NL,NL,day_ahead_price,value,2026-08-01T23:22:07Z
2026-08-01T23:18:50Z,2026-08-02T01:18:50+0200,914f204b-61c9-48d9-af2c-6470ecd1bcbf,2026-07-20T10:00:00Z,2026-07-20T12:00:00+0200,30.62,EUR/MWh,NL,NL,day_ahead_price,value,2026-08-01T23:22:07Z
2026-08-01T23:18:50Z,2026-08-02T01:18:50+0200,914f204b-61c9-48d9-af2c-6470ecd1bcbf,2026-07-20T10:15:00Z,2026-07-20T12:15:00+0200,15.82,EUR/MWh,NL,NL,day_ahead_price,value,2026-08-01T23:22:07Z
2026-08-01T23:18:50Z,2026-08-02T01:18:50+0200,914f204b-61c9-48d9-af2c-6470ecd1bcbf,2026-07-20T10:30:00Z,2026-07-20T12:30:00+0200,19.2,EUR/MWh,NL,NL,day_ahead_price,value,2026-08-01T23:22:07Z
2026-08-01T23:18:50Z,2026-08-02T01:18:50+0200,914f204b-61c9-48d9-af2c-6470ecd1bcbf,2026-07-20T10:45:00Z,2026-07-20T12:45:00+0200,14.9,EUR/MWh,NL,NL,day_ahead_price,value,2026-08-01T23:22:07Z
2026-08-01T23:18:50Z,2026-08-02T01:18:50+0200,914f204b-61c9-48d9-af2c-6470ecd1bcbf,2026-07-20T11:00:00Z,2026-07-20T13:00:00+0200,5.47,EUR/MWh,NL,NL,day_ahead_price,value,2026-08-01T23:22:07Z
2026-08-01T23:18:50Z,2026-08-02T01:18:50+0200,914f204b-61c9-48d9-af2c-6470ecd1bcbf,2026-07-20T11:15:00Z,2026-07-20T13:15:00+0200,5.44,EUR/MWh,NL,NL,day_ahead_price,value,2026-08-01T23:22:07Z
2026-08-01T23:18:50Z,2026-08-02T01:18:50+0200,914f204b-61c9-48d9-af2c-6470ecd1bcbf,2026-07-20T11:30:00Z,2026-07-20T13:30:00+0200,3.54,EUR/MWh,NL,NL,day_ahead_price,value,2026-08-01T23:22:07Z
2026-08-01T23:18:50Z,2026-08-02T01:18:50+0200,914f204b-61c9-48d9-af2c-6470ecd1bcbf,2026-07-20T11:45:00Z,2026-07-20T13:45:00+0200,3.36,EUR/MWh,NL,NL,day_ahead_price,value,2026-08-01T23:22:07Z
2026-08-01T23:18:50Z,2026-08-02T01:18:50+0200,914f204b-61c9-48d9-af2c-6470ecd1bcbf,2026-07-20T12:00:00Z,2026-07-20T14:00:00+0200,8.72,EUR/MWh,NL,NL,day_ahead_price,value,2026-08-01T23:22:07Z
2026-08-01T23:18:50Z,2026-08-02T01:18:50+0200,914f204b-61c9-48d9-af2c-6470ecd1bcbf,2026-07-20T12:15:00Z,2026-07-20T14:15:00+0200,8.9,EUR/MWh,NL,NL,day_ahead_price,value,2026-08-01T23:22:07Z
2026-08-01T23:18:50Z,2026-08-02T01:18:50+0200,914f204b-61c9-48d9-af2c-6470ecd1bcbf,2026-07-20T12:30:00Z,2026-07-20T14:30:00+0200,9.27,EUR/MWh,NL,NL,day_ahead_price,value,2026-08-01T23:22:07Z
2026-08-01T23:18:50Z,2026-08-02T01:18:50+0200,914f204b-61c9-48d9-af2c-6470ecd1bcbf,2026-07-20T12:45:00Z,2026-07-20T14:45:00+0200,11.18,EUR/MWh,NL,NL,day_ahead_price,value,2026-08-01T23:22:07Z
2026-08-01T23:18:50Z,2026-08-02T01:18:50+0200,914f204b-61c9-48d9-af2c-6470ecd1bcbf,2026-07-20T13:00:00Z,2026-07-20T15:00:00+0200,3.56,EUR/MWh,NL,NL,day_ahead_price,value,2026-08-01T23:22:07Z
2026-08-01T23:18:50Z,2026-08-02T01:18:50+0200,914f204b-61c9-48d9-af2c-6470ecd1bcbf,2026-07-20T13:15:00Z,2026-07-20T15:15:00+0200,4.85,EUR/MWh,NL,NL,day_ahead_price,value,2026-08-01T23:22:07Z
2026-08-01T23:18:50Z,2026-08-02T01:18:50+0200,914f204b-61c9-48d9-af2c-6470ecd1bcbf,2026-07-20T13:30:00Z,2026-07-20T15:30:00+0200,10.24,EUR/MWh,NL,NL,day_ahead_price,value,2026-08-01T23:22:07Z
2026-08-01T23:18:50Z,2026-08-02T01:18:50+0200,914f204b-61c9-48d9-af2c-6470ecd1bcbf,2026-07-20T13:45:00Z,2026-07-20T15:45:00+0200,10.0,EUR/MWh,NL,NL,day_ahead_price,value,2026-08-01T23:22:07Z
2026-08-01T23:18:50Z,2026-08-02T01:18:50+0200,914f204b-61c9-48d9-af2c-6470ecd1bcbf,2026-07-20T14:00:00Z,2026-07-20T16:00:00+0200,11.21,EUR/MWh,NL,NL,day_ahead_price,value,2026-08-01T23:22:07Z
2026-08-01T23:18:50Z,2026-08-02T01:18:50+0200,914f204b-61c9-48d9-af2c-6470ecd1bcbf,2026-07-20T14:15:00Z,2026-07-20T16:15:00+0200,11.38,EUR/MWh,NL,NL,day_ahead_price,value,2026-08-01T23:22:07Z
2026-08-01T23:18:50Z,2026-08-02T01:18:50+0200,914f204b-61c9-48d9-af2c-6470ecd1bcbf,2026-07-20T14:30:00Z,2026-07-20T16:30:00+0200,23.41,EUR/MWh,NL,NL,day_ahead_price,value,2026-08-01T23:22:07Z
2026-08-01T23:18:50Z,2026-08-02T01:18:50+0200,914f204b-61c9-48d9-af2c-6470ecd1bcbf,2026-07-20T14:45:00Z,2026-07-20T16:45:00+0200,62.15,EUR/MWh,NL,NL,day_ahead_price,value,2026-08-01T23:22:07Z
2026-08-01T23:18:50Z,2026-08-02T01:18:50+0200,914f204b-61c9-48d9-af2c-6470ecd1bcbf,2026-07-20T15:00:00Z,2026-07-20T17:00:00+0200,26.74,EUR/MWh,NL,NL,day_ahead_price,value,2026-08-01T23:22:07Z
2026-08-01T23:18:50Z,2026-08-02T01:18:50+0200,914f204b-61c9-48d9-af2c-6470ecd1bcbf,2026-07-20T15:15:00Z,2026-07-20T17:15:00+0200,80.0,EUR/MWh,NL,NL,day_ahead_price,value,2026-08-01T23:22:07Z
2026-08-01T23:18:50Z,2026-08-02T01:18:50+0200,914f204b-61c9-48d9-af2c-6470ecd1bcbf,2026-07-20T15:30:00Z,2026-07-20T17:30:00+0200,92.32,EUR/MWh,NL,NL,day_ahead_price,value,2026-08-01T23:22:07Z
2026-08-01T23:18:50Z,2026-08-02T01:18:50+0200,914f204b-61c9-48d9-af2c-6470ecd1bcbf,2026-07-20T15:45:00Z,2026-07-20T17:45:00+0200,108.17,EUR/MWh,NL,NL,day_ahead_price,value,2026-08-01T23:22:07Z
2026-08-01T23:18:50Z,2026-08-02T01:18:50+0200,914f204b-61c9-48d9-af2c-6470ecd1bcbf,2026-07-20T16:00:00Z,2026-07-20T18:00:00+0200,101.96,EUR/MWh,NL,NL,day_ahead_price,value,2026-08-01T23:22:07Z
2026-08-01T23:18:50Z,2026-08-02T01:18:50+0200,914f204b-61c9-48d9-af2c-6470ecd1bcbf,2026-07-20T16:15:00Z,2026-07-20T18:15:00+0200,111.94,EUR/MWh,NL,NL,day_ahead_price,value,2026-08-01T23:22:07Z
2026-08-01T23:18:50Z,2026-08-02T01:18:50+0200,914f204b-61c9-48d9-af2c-6470ecd1bcbf,2026-07-20T16:30:00Z,2026-07-20T18:30:00+0200,133.44,EUR/MWh,NL,NL,day_ahead_price,value,2026-08-01T23:22:07Z
2026-08-01T23:18:50Z,2026-08-02T01:18:50+0200,914f204b-61c9-48d9-af2c-6470ecd1bcbf,2026-07-20T16:45:00Z,2026-07-20T18:45:00+0200,144.85,EUR/MWh,NL,NL,day_ahead_price,value,2026-08-01T23:22:07Z
2026-08-01T23:18:50Z,2026-08-02T01:18:50+0200,914f204b-61c9-48d9-af2c-6470ecd1bcbf,2026-07-20T17:00:00Z,2026-07-20T19:00:00+0200,142.45,EUR/MWh,NL,NL,day_ahead_price,value,2026-08-01T23:22:07Z
2026-08-01T23:18:50Z,2026-08-02T01:18:50+0200,914f204b-61c9-48d9-af2c-6470ecd1bcbf,2026-07-20T17:15:00Z,2026-07-20T19:15:00+0200,152.97,EUR/MWh,NL,NL,day_ahead_price,value,2026-08-01T23:22:07Z
2026-08-01T23:18:50Z,2026-08-02T01:18:50+0200,914f204b-61c9-48d9-af2c-6470ecd1bcbf,2026-07-20T17:30:00Z,2026-07-20T19:30:00+0200,162.06,EUR/MWh,NL,NL,day_ahead_price,value,2026-08-01T23:22:07Z
2026-08-01T23:18:50Z,2026-08-02T01:18:50+0200,914f204b-61c9-48d9-af2c-6470ecd1bcbf,2026-07-20T17:45:00Z,2026-07-20T19:45:00+0200,177.88,EUR/MWh,NL,NL,day_ahead_price,value,2026-08-01T23:22:07Z
2026-08-01T23:18:50Z,2026-08-02T01:18:50+0200,914f204b-61c9-48d9-af2c-6470ecd1bcbf,2026-07-20T18:00:00Z,2026-07-20T20:00:00+0200,161.95,EUR/MWh,NL,NL,day_ahead_price,value,2026-08-01T23:22:07Z
2026-08-01T23:18:50Z,2026-08-02T01:18:50+0200,914f204b-61c9-48d9-af2c-6470ecd1bcbf,2026-07-20T18:15:00Z,2026-07-20T20:15:00+0200,169.82,EUR/MWh,NL,NL,day_ahead_price,value,2026-08-01T23:22:07Z
2026-08-01T23:18:50Z,2026-08-02T01:18:50+0200,914f204b-61c9-48d9-af2c-6470ecd1bcbf,2026-07-20T18:30:00Z,2026-07-20T20:30:00+0200,180.14,EUR/MWh,NL,NL,day_ahead_price,value,2026-08-01T23:22:07Z
2026-08-01T23:18:50Z,2026-08-02T01:18:50+0200,914f204b-61c9-48d9-af2c-6470ecd1bcbf,2026-07-20T18:45:00Z,2026-07-20T20:45:00+0200,192.15,EUR/MWh,NL,NL,day_ahead_price,value,2026-08-01T23:22:07Z
2026-08-01T23:18:50Z,2026-08-02T01:18:50+0200,914f204b-61c9-48d9-af2c-6470ecd1bcbf,2026-07-20T19:00:00Z,2026-07-20T21:00:00+0200,180.0,EUR/MWh,NL,NL,day_ahead_price,value,2026-08-01T23:22:07Z
2026-08-01T23:18:50Z,2026-08-02T01:18:50+0200,914f204b-61c9-48d9-af2c-6470ecd1bcbf,2026-07-20T19:15:00Z,2026-07-20T21:15:00+0200,180.29,EUR/MWh,NL,NL,day_ahead_price,value,2026-08-01T23:22:07Z
2026-08-01T23:18:50Z,2026-08-02T01:18:50+0200,914f204b-61c9-48d9-af2c-6470ecd1bcbf,2026-07-20T19:30:00Z,2026-07-20T21:30:00+0200,179.92,EUR/MWh,NL,NL,day_ahead_price,value,2026-08-01T23:22:07Z
2026-08-01T23:18:50Z,2026-08-02T01:18:50+0200,914f204b-61c9-48d9-af2c-6470ecd1bcbf,2026-07-20T19:45:00Z,2026-07-20T21:45:00+0200,178.0,EUR/MWh,NL,NL,day_ahead_price,value,2026-08-01T23:22:07Z
2026-08-01T23:18:50Z,2026-08-02T01:18:50+0200,914f204b-61c9-48d9-af2c-6470ecd1bcbf,2026-07-20T20:00:00Z,2026-07-20T22:00:00+0200,186.34,EUR/MWh,NL,NL,day_ahead_price,value,2026-08-01T23:22:07Z
2026-08-01T23:18:50Z,2026-08-02T01:18:50+0200,914f204b-61c9-48d9-af2c-6470ecd1bcbf,2026-07-20T20:15:00Z,2026-07-20T22:15:00+0200,175.98,EUR/MWh,NL,NL,day_ahead_price,value,2026-08-01T23:22:07Z
2026-08-01T23:18:50Z,2026-08-02T01:18:50+0200,914f204b-61c9-48d9-af2c-6470ecd1bcbf,2026-07-20T20:30:00Z,2026-07-20T22:30:00+0200,171.94,EUR/MWh,NL,NL,day_ahead_price,value,2026-08-01T23:22:07Z
2026-08-01T23:18:50Z,2026-08-02T01:18:50+0200,914f204b-61c9-48d9-af2c-6470ecd1bcbf,2026-07-20T20:45:00Z,2026-07-20T22:45:00+0200,165.0,EUR/MWh,NL,NL,day_ahead_price,value,2026-08-01T23:22:07Z
2026-08-01T23:18:50Z,2026-08-02T01:18:50+0200,914f204b-61c9-48d9-af2c-6470ecd1bcbf,2026-07-20T21:00:00Z,2026-07-20T23:00:00+0200,168.43,EUR/MWh,NL,NL,day_ahead_price,value,2026-08-01T23:22:07Z
2026-08-01T23:18:50Z,2026-08-02T01:18:50+0200,914f204b-61c9-48d9-af2c-6470ecd1bcbf,2026-07-20T21:15:00Z,2026-07-20T23:15:00+0200,162.06,EUR/MWh,NL,NL,day_ahead_price,value,2026-08-01T23:22:07Z
2026-08-01T23:18:50Z,2026-08-02T01:18:50+0200,914f204b-61c9-48d9-af2c-6470ecd1bcbf,2026-07-20T21:30:00Z,2026-07-20T23:30:00+0200,158.48,EUR/MWh,NL,NL,day_ahead_price,value,2026-08-01T23:22:07Z
2026-08-01T23:18:50Z,2026-08-02T01:18:50+0200,914f204b-61c9-48d9-af2c-6470ecd1bcbf,2026-07-20T21:45:00Z,2026-07-20T23:45:00+0200,149.46,EUR/MWh,NL,NL,day_ahead_price,value,2026-08-01T23:22:07Z
2026-08-01T23:18:50Z,2026-08-02T01:18:50+0200,914f204b-61c9-48d9-af2c-6470ecd1bcbf,2026-07-20T22:00:00Z,2026-07-21T00:00:00+0200,154.74,EUR/MWh,NL,NL,day_ahead_price,value,2026-08-01T23:22:07Z
2026-08-01T23:18:50Z,2026-08-02T01:18:50+0200,914f204b-61c9-48d9-af2c-6470ecd1bcbf,2026-07-20T22:15:00Z,2026-07-21T00:15:00+0200,150.89,EUR/MWh,NL,NL,day_ahead_price,value,2026-08-01T23:22:07Z
2026-08-01T23:18:50Z,2026-08-02T01:18:50+0200,914f204b-61c9-48d9-af2c-6470ecd1bcbf,2026-07-20T22:30:00Z,2026-07-21T00:30:00+0200,146.95,EUR/MWh,NL,NL,day_ahead_price,value,2026-08-01T23:22:07Z
2026-08-01T23:18:50Z,2026-08-02T01:18:50+0200,914f204b-61c9-48d9-af2c-6470ecd1bcbf,2026-07-20T22:45:00Z,2026-07-21T00:45:00+0200,145.53,EUR/MWh,NL,NL,day_ahead_price,value,2026-08-01T23:22:07Z
2026-08-01T23:18:50Z,2026-08-02T01:18:50+0200,914f204b-61c9-48d9-af2c-6470ecd1bcbf,2026-07-20T23:00:00Z,2026-07-21T01:00:00+0200,152.2,EUR/MWh,NL,NL,day_ahead_price,value,2026-08-01T23:22:07Z
2026-08-01T23:18:50Z,2026-08-02T01:18:50+0200,914f204b-61c9-48d9-af2c-6470ecd1bcbf,2026-07-20T23:15:00Z,2026-07-21T01:15:00+0200,150.9,EUR/MWh,NL,NL,day_ahead_price,value,2026-08-01T23:22:07Z
2026-08-01T23:18:50Z,2026-08-02T01:18:50+0200,914f204b-61c9-48d9-af2c-6470ecd1bcbf,2026-07-20T23:30:00Z,2026-07-21T01:30:00+0200,149.78,EUR/MWh,NL,NL,day_ahead_price,value,2026-08-01T23:22:07Z
2026-08-01T23:18:50Z,2026-08-02T01:18:50+0200,914f204b-61c9-48d9-af2c-6470ecd1bcbf,2026-07-20T23:45:00Z,2026-07-21T01:45:00+0200,146.97,EUR/MWh,NL,NL,day_ahead_price,value,2026-08-01T23:22:07Z
2026-08-01T23:18:50Z,2026-08-02T01:18:50+0200,914f204b-61c9-48d9-af2c-6470ecd1bcbf,2026-07-21T00:00:00Z,2026-07-21T02:00:00+0200,147.17,EUR/MWh,NL,NL,day_ahead_price,value,2026-08-01T23:22:07Z
2026-08-01T23:18:50Z,2026-08-02T01:18:50+0200,914f204b-61c9-48d9-af2c-6470ecd1bcbf,2026-07-21T00:15:00Z,2026-07-21T02:15:00+0200,144.64,EUR/MWh,NL,NL,day_ahead_price,value,2026-08-01T23:22:07Z
2026-08-01T23:18:50Z,2026-08-02T01:18:50+0200,914f204b-61c9-48d9-af2c-6470ecd1bcbf,2026-07-21T00:30:00Z,2026-07-21T02:30:00+0200,143.66,EUR/MWh,NL,NL,day_ahead_price,value,2026-08-01T23:22:07Z
2026-08-01T23:18:50Z,2026-08-02T01:18:50+0200,914f204b-61c9-48d9-af2c-6470ecd1bcbf,2026-07-21T00:45:00Z,2026-07-21T02:45:00+0200,140.35,EUR/MWh,NL,NL,day_ahead_price,value,2026-08-01T23:22:07Z
2026-08-01T23:18:50Z,2026-08-02T01:18:50+0200,914f204b-61c9-48d9-af2c-6470ecd1bcbf,2026-07-21T01:00:00Z,2026-07-21T03:00:00+0200,140.62,EUR/MWh,NL,NL,day_ahead_price,value,2026-08-01T23:22:07Z
2026-08-01T23:18:50Z,2026-08-02T01:18:50+0200,914f204b-61c9-48d9-af2c-6470ecd1bcbf,2026-07-21T01:15:00Z,2026-07-21T03:15:00+0200,138.45,EUR/MWh,NL,NL,day_ahead_price,value,2026-08-01T23:22:07Z
2026-08-01T23:18:50Z,2026-08-02T01:18:50+0200,914f204b-61c9-48d9-af2c-6470ecd1bcbf,2026-07-21T01:30:00Z,2026-07-21T03:30:00+0200,138.56,EUR/MWh,NL,NL,day_ahead_price,value,2026-08-01T23:22:07Z
2026-08-01T23:18:50Z,2026-08-02T01:18:50+0200,914f204b-61c9-48d9-af2c-6470ecd1bcbf,2026-07-21T01:45:00Z,2026-07-21T03:45:00+0200,139.32,EUR/MWh,NL,NL,day_ahead_price,value,2026-08-01T23:22:07Z
2026-08-01T23:18:50Z,2026-08-02T01:18:50+0200,914f204b-61c9-48d9-af2c-6470ecd1bcbf,2026-07-21T02:00:00Z,2026-07-21T04:00:00+0200,135.03,EUR/MWh,NL,NL,day_ahead_price,value,2026-08-01T23:22:07Z
2026-08-01T23:18:50Z,2026-08-02T01:18:50+0200,914f204b-61c9-48d9-af2c-6470ecd1bcbf,2026-07-21T02:15:00Z,2026-07-21T04:15:00+0200,137.53,EUR/MWh,NL,NL,day_ahead_price,value,2026-08-01T23:22:07Z
2026-08-01T23:18:50Z,2026-08-02T01:18:50+0200,914f204b-61c9-48d9-af2c-6470ecd1bcbf,2026-07-21T02:30:00Z,2026-07-21T04:30:00+0200,141.44,EUR/MWh,NL,NL,day_ahead_price,value,2026-08-01T23:22:07Z
2026-08-01T23:18:50Z,2026-08-02T01:18:50+0200,914f204b-61c9-48d9-af2c-6470ecd1bcbf,2026-07-21T02:45:00Z,2026-07-21T04:45:00+0200,144.18,EUR/MWh,NL,NL,day_ahead_price,value,2026-08-01T23:22:07Z
2026-08-01T23:18:50Z,2026-08-02T01:18:50+0200,914f204b-61c9-48d9-af2c-6470ecd1bcbf,2026-07-21T03:00:00Z,2026-07-21T05:00:00+0200,141.19,EUR/MWh,NL,NL,day_ahead_price,value,2026-08-01T23:22:07Z
2026-08-01T23:18:50Z,2026-08-02T01:18:50+0200,914f204b-61c9-48d9-af2c-6470ecd1bcbf,2026-07-21T03:15:00Z,2026-07-21T05:15:00+0200,144.0,EUR/MWh,NL,NL,day_ahead_price,value,2026-08-01T23:22:07Z
2026-08-01T23:18:50Z,2026-08-02T01:18:50+0200,914f204b-61c9-48d9-af2c-6470ecd1bcbf,2026-07-21T03:30:00Z,2026-07-21T05:30:00+0200,147.4,EUR/MWh,NL,NL,day_ahead_price,value,2026-08-01T23:22:07Z
2026-08-01T23:18:50Z,2026-08-02T01:18:50+0200,914f204b-61c9-48d9-af2c-6470ecd1bcbf,2026-07-21T03:45:00Z,2026-07-21T05:45:00+0200,149.65,EUR/MWh,NL,NL,day_ahead_price,value,2026-08-01T23:22:07Z
2026-08-01T23:18:50Z,2026-08-02T01:18:50+0200,914f204b-61c9-48d9-af2c-6470ecd1bcbf,2026-07-21T04:00:00Z,2026-07-21T06:00:00+0200,155.03,EUR/MWh,NL,NL,day_ahead_price,value,2026-08-01T23:22:07Z
2026-08-01T23:18:50Z,2026-08-02T01:18:50+0200,914f204b-61c9-48d9-af2c-6470ecd1bcbf,2026-07-21T04:15:00Z,2026-07-21T06:15:00+0200,159.69,EUR/MWh,NL,NL,day_ahead_price,value,2026-08-01T23:22:07Z
2026-08-01T23:18:50Z,2026-08-02T01:18:50+0200,914f204b-61c9-48d9-af2c-6470ecd1bcbf,2026-07-21T04:30:00Z,2026-07-21T06:30:00+0200,159.86,EUR/MWh,NL,NL,day_ahead_price,value,2026-08-01T23:22:07Z
2026-08-01T23:18:50Z,2026-08-02T01:18:50+0200,914f204b-61c9-48d9-af2c-6470ecd1bcbf,2026-07-21T04:45:00Z,2026-07-21T06:45:00+0200,156.52,EUR/MWh,NL,NL,day_ahead_price,value,2026-08-01T23:22:07Z
2026-08-01T23:18:50Z,2026-08-02T01:18:50+0200,914f204b-61c9-48d9-af2c-6470ecd1bcbf,2026-07-21T05:00:00Z,2026-07-21T07:00:00+0200,167.0,EUR/MWh,NL,NL,day_ahead_price,value,2026-08-01T23:22:07Z
2026-08-01T23:18:50Z,2026-08-02T01:18:50+0200,914f204b-61c9-48d9-af2c-6470ecd1bcbf,2026-07-21T05:15:00Z,2026-07-21T07:15:00+0200,159.35,EUR/MWh,NL,NL,day_ahead_price,value,2026-08-01T23:22:07Z
2026-08-01T23:18:50Z,2026-08-02T01:18:50+0200,914f204b-61c9-48d9-af2c-6470ecd1bcbf,2026-07-21T05:30:00Z,2026-07-21T07:30:00+0200,155.01,EUR/MWh,NL,NL,day_ahead_price,value,2026-08-01T23:22:07Z
2026-08-01T23:18:50Z,2026-08-02T01:18:50+0200,914f204b-61c9-48d9-af2c-6470ecd1bcbf,2026-07-21T05:45:00Z,2026-07-21T07:45:00+0200,136.35,EUR/MWh,NL,NL,day_ahead_price,value,2026-08-01T23:22:07Z
2026-08-01T23:18:50Z,2026-08-02T01:18:50+0200,914f204b-61c9-48d9-af2c-6470ecd1bcbf,2026-07-21T06:00:00Z,2026-07-21T08:00:00+0200,164.78,EUR/MWh,NL,NL,day_ahead_price,value,2026-08-01T23:22:07Z
2026-08-01T23:18:50Z,2026-08-02T01:18:50+0200,914f204b-61c9-48d9-af2c-6470ecd1bcbf,2026-07-21T06:15:00Z,2026-07-21T08:15:00+0200,149.0,EUR/MWh,NL,NL,day_ahead_price,value,2026-08-01T23:22:07Z
2026-08-01T23:18:50Z,2026-08-02T01:18:50+0200,914f204b-61c9-48d9-af2c-6470ecd1bcbf,2026-07-21T06:30:00Z,2026-07-21T08:30:00+0200,142.16,EUR/MWh,NL,NL,day_ahead_price,value,2026-08-01T23:22:07Z
2026-08-01T23:18:50Z,2026-08-02T01:18:50+0200,914f204b-61c9-48d9-af2c-6470ecd1bcbf,2026-07-21T06:45:00Z,2026-07-21T08:45:00+0200,125.57,EUR/MWh,NL,NL,day_ahead_price,value,2026-08-01T23:22:07Z
2026-08-01T23:18:50Z,2026-08-02T01:18:50+0200,914f204b-61c9-48d9-af2c-6470ecd1bcbf,2026-07-21T07:00:00Z,2026-07-21T09:00:00+0200,153.01,EUR/MWh,NL,NL,day_ahead_price,value,2026-08-01T23:22:07Z
2026-08-01T23:18:50Z,2026-08-02T01:18:50+0200,914f204b-61c9-48d9-af2c-6470ecd1bcbf,2026-07-21T07:15:00Z,2026-07-21T09:15:00+0200,120.13,EUR/MWh,NL,NL,day_ahead_price,value,2026-08-01T23:22:07Z
2026-08-01T23:18:50Z,2026-08-02T01:18:50+0200,914f204b-61c9-48d9-af2c-6470ecd1bcbf,2026-07-21T07:30:00Z,2026-07-21T09:30:00+0200,107.37,EUR/MWh,NL,NL,day_ahead_price,value,2026-08-01T23:22:07Z
2026-08-01T23:18:50Z,2026-08-02T01:18:50+0200,914f204b-61c9-48d9-af2c-6470ecd1bcbf,2026-07-21T07:45:00Z,2026-07-21T09:45:00+0200,77.85,EUR/MWh,NL,NL,day_ahead_price,value,2026-08-01T23:22:07Z
2026-08-01T23:18:50Z,2026-08-02T01:18:50+0200,914f204b-61c9-48d9-af2c-6470ecd1bcbf,2026-07-21T08:00:00Z,2026-07-21T10:00:00+0200,100.55,EUR/MWh,NL,NL,day_ahead_price,value,2026-08-01T23:22:07Z
2026-08-01T23:18:50Z,2026-08-02T01:18:50+0200,914f204b-61c9-48d9-af2c-6470ecd1bcbf,2026-07-21T08:15:00Z,2026-07-21T10:15:00+0200,82.91,EUR/MWh,NL,NL,day_ahead_price,value,2026-08-01T23:22:07Z
2026-08-01T23:18:50Z,2026-08-02T01:18:50+0200,914f204b-61c9-48d9-af2c-6470ecd1bcbf,2026-07-21T08:30:00Z,2026-07-21T10:30:00+0200,71.83,EUR/MWh,NL,NL,day_ahead_price,value,2026-08-01T23:22:07Z
2026-08-01T23:18:50Z,2026-08-02T01:18:50+0200,914f204b-61c9-48d9-af2c-6470ecd1bcbf,2026-07-21T08:45:00Z,2026-07-21T10:45:00+0200,57.46,EUR/MWh,NL,NL,day_ahead_price,value,2026-08-01T23:22:07Z
2026-08-01T23:18:50Z,2026-08-02T01:18:50+0200,914f204b-61c9-48d9-af2c-6470ecd1bcbf,2026-07-21T09:00:00Z,2026-07-21T11:00:00+0200,58.4,EUR/MWh,NL,NL,day_ahead_price,value,2026-08-01T23:22:07Z
2026-08-01T23:18:50Z,2026-08-02T01:18:50+0200,914f204b-61c9-48d9-af2c-6470ecd1bcbf,2026-07-21T09:15:00Z,2026-07-21T11:15:00+0200,53.7,EUR/MWh,NL,NL,day_ahead_price,value,2026-08-01T23:22:07Z
2026-08-01T23:18:50Z,2026-08-02T01:18:50+0200,914f204b-61c9-48d9-af2c-6470ecd1bcbf,2026-07-21T09:30:00Z,2026-07-21T11:30:00+0200,34.23,EUR/MWh,NL,NL,day_ahead_price,value,2026-08-01T23:22:07Z
2026-08-01T23:18:50Z,2026-08-02T01:18:50+0200,914f204b-61c9-48d9-af2c-6470ecd1bcbf,2026-07-21T09:45:00Z,2026-07-21T11:45:00+0200,14.88,EUR/MWh,NL,NL,day_ahead_price,value,2026-08-01T23:22:07Z
2026-08-01T23:18:50Z,2026-08-02T01:18:50+0200,914f204b-61c9-48d9-af2c-6470ecd1bcbf,2026-07-21T10:00:00Z,2026-07-21T12:00:00+0200,17.27,EUR/MWh,NL,NL,day_ahead_price,value,2026-08-01T23:22:07Z
2026-08-01T23:18:50Z,2026-08-02T01:18:50+0200,914f204b-61c9-48d9-af2c-6470ecd1bcbf,2026-07-21T10:15:00Z,2026-07-21T12:15:00+0200,9.03,EUR/MWh,NL,NL,day_ahead_price,value,2026-08-01T23:22:07Z
2026-08-01T23:18:50Z,2026-08-02T01:18:50+0200,914f204b-61c9-48d9-af2c-6470ecd1bcbf,2026-07-21T10:30:00Z,2026-07-21T12:30:00+0200,7.45,EUR/MWh,NL,NL,day_ahead_price,value,2026-08-01T23:22:07Z
2026-08-01T23:18:50Z,2026-08-02T01:18:50+0200,914f204b-61c9-48d9-af2c-6470ecd1bcbf,2026-07-21T10:45:00Z,2026-07-21T12:45:00+0200,6.26,EUR/MWh,NL,NL,day_ahead_price,value,2026-08-01T23:22:07Z
2026-08-01T23:18:50Z,2026-08-02T01:18:50+0200,914f204b-61c9-48d9-af2c-6470ecd1bcbf,2026-07-21T11:00:00Z,2026-07-21T13:00:00+0200,4.97,EUR/MWh,NL,NL,day_ahead_price,value,2026-08-01T23:22:07Z
2026-08-01T23:18:50Z,2026-08-02T01:18:50+0200,914f204b-61c9-48d9-af2c-6470ecd1bcbf,2026-07-21T11:15:00Z,2026-07-21T13:15:00+0200,4.23,EUR/MWh,NL,NL,day_ahead_price,value,2026-08-01T23:22:07Z
2026-08-01T23:18:50Z,2026-08-02T01:18:50+0200,914f204b-61c9-48d9-af2c-6470ecd1bcbf,2026-07-21T11:30:00Z,2026-07-21T13:30:00+0200,4.35,EUR/MWh,NL,NL,day_ahead_price,value,2026-08-01T23:22:07Z
2026-08-01T23:18:50Z,2026-08-02T01:18:50+0200,914f204b-61c9-48d9-af2c-6470ecd1bcbf,2026-07-21T11:45:00Z,2026-07-21T13:45:00+0200,3.1,EUR/MWh,NL,NL,day_ahead_price,value,2026-08-01T23:22:07Z
2026-08-01T23:18:50Z,2026-08-02T01:18:50+0200,914f204b-61c9-48d9-af2c-6470ecd1bcbf,2026-07-21T12:00:00Z,2026-07-21T14:00:00+0200,0.41,EUR/MWh,NL,NL,day_ahead_price,value,2026-08-01T23:22:07Z
2026-08-01T23:18:50Z,2026-08-02T01:18:50+0200,914f204b-61c9-48d9-af2c-6470ecd1bcbf,2026-07-21T12:15:00Z,2026-07-21T14:15:00+0200,0.58,EUR/MWh,NL,NL,day_ahead_price,value,2026-08-01T23:22:07Z
2026-08-01T23:18:50Z,2026-08-02T01:18:50+0200,914f204b-61c9-48d9-af2c-6470ecd1bcbf,2026-07-21T12:30:00Z,2026-07-21T14:30:00+0200,0.62,EUR/MWh,NL,NL,day_ahead_price,value,2026-08-01T23:22:07Z
2026-08-01T23:18:50Z,2026-08-02T01:18:50+0200,914f204b-61c9-48d9-af2c-6470ecd1bcbf,2026-07-21T12:45:00Z,2026-07-21T14:45:00+0200,3.94,EUR/MWh,NL,NL,day_ahead_price,value,2026-08-01T23:22:07Z
2026-08-01T23:18:50Z,2026-08-02T01:18:50+0200,914f204b-61c9-48d9-af2c-6470ecd1bcbf,2026-07-21T13:00:00Z,2026-07-21T15:00:00+0200,2.96,EUR/MWh,NL,NL,day_ahead_price,value,2026-08-01T23:22:07Z
2026-08-01T23:18:50Z,2026-08-02T01:18:50+0200,914f204b-61c9-48d9-af2c-6470ecd1bcbf,2026-07-21T13:15:00Z,2026-07-21T15:15:00+0200,6.11,EUR/MWh,NL,NL,day_ahead_price,value,2026-08-01T23:22:07Z
2026-08-01T23:18:50Z,2026-08-02T01:18:50+0200,914f204b-61c9-48d9-af2c-6470ecd1bcbf,2026-07-21T13:30:00Z,2026-07-21T15:30:00+0200,10.08,EUR/MWh,NL,NL,day_ahead_price,value,2026-08-01T23:22:07Z
2026-08-01T23:18:50Z,2026-08-02T01:18:50+0200,914f204b-61c9-48d9-af2c-6470ecd1bcbf,2026-07-21T13:45:00Z,2026-07-21T15:45:00+0200,28.85,EUR/MWh,NL,NL,day_ahead_price,value,2026-08-01T23:22:07Z
2026-08-01T23:18:50Z,2026-08-02T01:18:50+0200,914f204b-61c9-48d9-af2c-6470ecd1bcbf,2026-07-21T14:00:00Z,2026-07-21T16:00:00+0200,26.25,EUR/MWh,NL,NL,day_ahead_price,value,2026-08-01T23:22:07Z
2026-08-01T23:18:50Z,2026-08-02T01:18:50+0200,914f204b-61c9-48d9-af2c-6470ecd1bcbf,2026-07-21T14:15:00Z,2026-07-21T16:15:00+0200,56.22,EUR/MWh,NL,NL,day_ahead_price,value,2026-08-01T23:22:07Z
2026-08-01T23:18:50Z,2026-08-02T01:18:50+0200,914f204b-61c9-48d9-af2c-6470ecd1bcbf,2026-07-21T14:30:00Z,2026-07-21T16:30:00+0200,63.56,EUR/MWh,NL,NL,day_ahead_price,value,2026-08-01T23:22:07Z
2026-08-01T23:18:50Z,2026-08-02T01:18:50+0200,914f204b-61c9-48d9-af2c-6470ecd1bcbf,2026-07-21T14:45:00Z,2026-07-21T16:45:00+0200,74.12,EUR/MWh,NL,NL,day_ahead_price,value,2026-08-01T23:22:07Z
2026-08-01T23:18:50Z,2026-08-02T01:18:50+0200,914f204b-61c9-48d9-af2c-6470ecd1bcbf,2026-07-21T15:00:00Z,2026-07-21T17:00:00+0200,67.56,EUR/MWh,NL,NL,day_ahead_price,value,2026-08-01T23:22:07Z
2026-08-01T23:18:50Z,2026-08-02T01:18:50+0200,914f204b-61c9-48d9-af2c-6470ecd1bcbf,2026-07-21T15:15:00Z,2026-07-21T17:15:00+0200,84.76,EUR/MWh,NL,NL,day_ahead_price,value,2026-08-01T23:22:07Z
2026-08-01T23:18:50Z,2026-08-02T01:18:50+0200,914f204b-61c9-48d9-af2c-6470ecd1bcbf,2026-07-21T15:30:00Z,2026-07-21T17:30:00+0200,106.5,EUR/MWh,NL,NL,day_ahead_price,value,2026-08-01T23:22:07Z
2026-08-01T23:18:50Z,2026-08-02T01:18:50+0200,914f204b-61c9-48d9-af2c-6470ecd1bcbf,2026-07-21T15:45:00Z,2026-07-21T17:45:00+0200,124.3,EUR/MWh,NL,NL,day_ahead_price,value,2026-08-01T23:22:07Z
2026-08-01T23:18:50Z,2026-08-02T01:18:50+0200,914f204b-61c9-48d9-af2c-6470ecd1bcbf,2026-07-21T16:00:00Z,2026-07-21T18:00:00+0200,113.17,EUR/MWh,NL,NL,day_ahead_price,value,2026-08-01T23:22:07Z
2026-08-01T23:18:50Z,2026-08-02T01:18:50+0200,914f204b-61c9-48d9-af2c-6470ecd1bcbf,2026-07-21T16:15:00Z,2026-07-21T18:15:00+0200,129.49,EUR/MWh,NL,NL,day_ahead_price,value,2026-08-01T23:22:07Z
2026-08-01T23:18:50Z,2026-08-02T01:18:50+0200,914f204b-61c9-48d9-af2c-6470ecd1bcbf,2026-07-21T16:30:00Z,2026-07-21T18:30:00+0200,141.34,EUR/MWh,NL,NL,day_ahead_price,value,2026-08-01T23:22:07Z
2026-08-01T23:18:50Z,2026-08-02T01:18:50+0200,914f204b-61c9-48d9-af2c-6470ecd1bcbf,2026-07-21T16:45:00Z,2026-07-21T18:45:00+0200,153.02,EUR/MWh,NL,NL,day_ahead_price,value,2026-08-01T23:22:07Z
2026-08-01T23:18:50Z,2026-08-02T01:18:50+0200,914f204b-61c9-48d9-af2c-6470ecd1bcbf,2026-07-21T17:00:00Z,2026-07-21T19:00:00+0200,141.53,EUR/MWh,NL,NL,day_ahead_price,value,2026-08-01T23:22:07Z
2026-08-01T23:18:50Z,2026-08-02T01:18:50+0200,914f204b-61c9-48d9-af2c-6470ecd1bcbf,2026-07-21T17:15:00Z,2026-07-21T19:15:00+0200,150.92,EUR/MWh,NL,NL,day_ahead_price,value,2026-08-01T23:22:07Z
2026-08-01T23:18:50Z,2026-08-02T01:18:50+0200,914f204b-61c9-48d9-af2c-6470ecd1bcbf,2026-07-21T17:30:00Z,2026-07-21T19:30:00+0200,158.37,EUR/MWh,NL,NL,day_ahead_price,value,2026-08-01T23:22:07Z
2026-08-01T23:18:50Z,2026-08-02T01:18:50+0200,914f204b-61c9-48d9-af2c-6470ecd1bcbf,2026-07-21T17:45:00Z,2026-07-21T19:45:00+0200,164.88,EUR/MWh,NL,NL,day_ahead_price,value,2026-08-01T23:22:07Z
2026-08-01T23:18:50Z,2026-08-02T01:18:50+0200,914f204b-61c9-48d9-af2c-6470ecd1bcbf,2026-07-21T18:00:00Z,2026-07-21T20:00:00+0200,165.44,EUR/MWh,NL,NL,day_ahead_price,value,2026-08-01T23:22:07Z
2026-08-01T23:18:50Z,2026-08-02T01:18:50+0200,914f204b-61c9-48d9-af2c-6470ecd1bcbf,2026-07-21T18:15:00Z,2026-07-21T20:15:00+0200,171.31,EUR/MWh,NL,NL,day_ahead_price,value,2026-08-01T23:22:07Z
2026-08-01T23:18:50Z,2026-08-02T01:18:50+0200,914f204b-61c9-48d9-af2c-6470ecd1bcbf,2026-07-21T18:30:00Z,2026-07-21T20:30:00+0200,174.1,EUR/MWh,NL,NL,day_ahead_price,value,2026-08-01T23:22:07Z
2026-08-01T23:18:50Z,2026-08-02T01:18:50+0200,914f204b-61c9-48d9-af2c-6470ecd1bcbf,2026-07-21T18:45:00Z,2026-07-21T20:45:00+0200,174.86,EUR/MWh,NL,NL,day_ahead_price,value,2026-08-01T23:22:07Z
2026-08-01T23:18:50Z,2026-08-02T01:18:50+0200,914f204b-61c9-48d9-af2c-6470ecd1bcbf,2026-07-21T19:00:00Z,2026-07-21T21:00:00+0200,176.89,EUR/MWh,NL,NL,day_ahead_price,value,2026-08-01T23:22:07Z
2026-08-01T23:18:50Z,2026-08-02T01:18:50+0200,914f204b-61c9-48d9-af2c-6470ecd1bcbf,2026-07-21T19:15:00Z,2026-07-21T21:15:00+0200,175.93,EUR/MWh,NL,NL,day_ahead_price,value,2026-08-01T23:22:07Z
2026-08-01T23:18:50Z,2026-08-02T01:18:50+0200,914f204b-61c9-48d9-af2c-6470ecd1bcbf,2026-07-21T19:30:00Z,2026-07-21T21:30:00+0200,174.82,EUR/MWh,NL,NL,day_ahead_price,value,2026-08-01T23:22:07Z
2026-08-01T23:18:50Z,2026-08-02T01:18:50+0200,914f204b-61c9-48d9-af2c-6470ecd1bcbf,2026-07-21T19:45:00Z,2026-07-21T21:45:00+0200,169.92,EUR/MWh,NL,NL,day_ahead_price,value,2026-08-01T23:22:07Z
2026-08-01T23:18:50Z,2026-08-02T01:18:50+0200,914f204b-61c9-48d9-af2c-6470ecd1bcbf,2026-07-21T20:00:00Z,2026-07-21T22:00:00+0200,176.26,EUR/MWh,NL,NL,day_ahead_price,value,2026-08-01T23:22:07Z
2026-08-01T23:18:50Z,2026-08-02T01:18:50+0200,914f204b-61c9-48d9-af2c-6470ecd1bcbf,2026-07-21T20:15:00Z,2026-07-21T22:15:00+0200,169.06,EUR/MWh,NL,NL,day_ahead_price,value,2026-08-01T23:22:07Z
2026-08-01T23:18:50Z,2026-08-02T01:18:50+0200,914f204b-61c9-48d9-af2c-6470ecd1bcbf,2026-07-21T20:30:00Z,2026-07-21T22:30:00+0200,171.61,EUR/MWh,NL,NL,day_ahead_price,value,2026-08-01T23:22:07Z
2026-08-01T23:18:50Z,2026-08-02T01:18:50+0200,914f204b-61c9-48d9-af2c-6470ecd1bcbf,2026-07-21T20:45:00Z,2026-07-21T22:45:00+0200,159.38,EUR/MWh,NL,NL,day_ahead_price,value,2026-08-01T23:22:07Z
2026-08-01T23:18:50Z,2026-08-02T01:18:50+0200,914f204b-61c9-48d9-af2c-6470ecd1bcbf,2026-07-21T21:00:00Z,2026-07-21T23:00:00+0200,165.98,EUR/MWh,NL,NL,day_ahead_price,value,2026-08-01T23:22:07Z
2026-08-01T23:18:50Z,2026-08-02T01:18:50+0200,914f204b-61c9-48d9-af2c-6470ecd1bcbf,2026-07-21T21:15:00Z,2026-07-21T23:15:00+0200,156.19,EUR/MWh,NL,NL,day_ahead_price,value,2026-08-01T23:22:07Z
2026-08-01T23:18:50Z,2026-08-02T01:18:50+0200,914f204b-61c9-48d9-af2c-6470ecd1bcbf,2026-07-21T21:30:00Z,2026-07-21T23:30:00+0200,154.17,EUR/MWh,NL,NL,day_ahead_price,value,2026-08-01T23:22:07Z
2026-08-01T23:18:50Z,2026-08-02T01:18:50+0200,914f204b-61c9-48d9-af2c-6470ecd1bcbf,2026-07-21T21:45:00Z,2026-07-21T23:45:00+0200,146.36,EUR/MWh,NL,NL,day_ahead_price,value,2026-08-01T23:22:07Z
2026-08-01T23:18:50Z,2026-08-02T01:18:50+0200,914f204b-61c9-48d9-af2c-6470ecd1bcbf,2026-07-21T22:00:00Z,2026-07-22T00:00:00+0200,158.85,EUR/MWh,NL,NL,day_ahead_price,value,2026-08-01T23:22:07Z
2026-08-01T23:18:50Z,2026-08-02T01:18:50+0200,914f204b-61c9-48d9-af2c-6470ecd1bcbf,2026-07-21T22:15:00Z,2026-07-22T00:15:00+0200,157.76,EUR/MWh,NL,NL,day_ahead_price,value,2026-08-01T23:22:07Z
2026-08-01T23:18:50Z,2026-08-02T01:18:50+0200,914f204b-61c9-48d9-af2c-6470ecd1bcbf,2026-07-21T22:30:00Z,2026-07-22T00:30:00+0200,153.25,EUR/MWh,NL,NL,day_ahead_price,value,2026-08-01T23:22:07Z
2026-08-01T23:18:50Z,2026-08-02T01:18:50+0200,914f204b-61c9-48d9-af2c-6470ecd1bcbf,2026-07-21T22:45:00Z,2026-07-22T00:45:00+0200,147.16,EUR/MWh,NL,NL,day_ahead_price,value,2026-08-01T23:22:07Z
2026-08-01T23:18:50Z,2026-08-02T01:18:50+0200,914f204b-61c9-48d9-af2c-6470ecd1bcbf,2026-07-21T23:00:00Z,2026-07-22T01:00:00+0200,159.72,EUR/MWh,NL,NL,day_ahead_price,value,2026-08-01T23:22:07Z
2026-08-01T23:18:50Z,2026-08-02T01:18:50+0200,914f204b-61c9-48d9-af2c-6470ecd1bcbf,2026-07-21T23:15:00Z,2026-07-22T01:15:00+0200,151.15,EUR/MWh,NL,NL,day_ahead_price,value,2026-08-01T23:22:07Z
2026-08-01T23:18:50Z,2026-08-02T01:18:50+0200,914f204b-61c9-48d9-af2c-6470ecd1bcbf,2026-07-21T23:30:00Z,2026-07-22T01:30:00+0200,148.0,EUR/MWh,NL,NL,day_ahead_price,value,2026-08-01T23:22:07Z
2026-08-01T23:18:50Z,2026-08-02T01:18:50+0200,914f204b-61c9-48d9-af2c-6470ecd1bcbf,2026-07-21T23:45:00Z,2026-07-22T01:45:00+0200,144.41,EUR/MWh,NL,NL,day_ahead_price,value,2026-08-01T23:22:07Z
2026-08-01T23:18:50Z,2026-08-02T01:18:50+0200,914f204b-61c9-48d9-af2c-6470ecd1bcbf,2026-07-22T00:00:00Z,2026-07-22T02:00:00+0200,150.11,EUR/MWh,NL,NL,day_ahead_price,value,2026-08-01T23:22:07Z
2026-08-01T23:18:50Z,2026-08-02T01:18:50+0200,914f204b-61c9-48d9-af2c-6470ecd1bcbf,2026-07-22T00:15:00Z,2026-07-22T02:15:00+0200,147.76,EUR/MWh,NL,NL,day_ahead_price,value,2026-08-01T23:22:07Z
2026-08-01T23:18:50Z,2026-08-02T01:18:50+0200,914f204b-61c9-48d9-af2c-6470ecd1bcbf,2026-07-22T00:30:00Z,2026-07-22T02:30:00+0200,145.56,EUR/MWh,NL,NL,day_ahead_price,value,2026-08-01T23:22:07Z
2026-08-01T23:18:50Z,2026-08-02T01:18:50+0200,914f204b-61c9-48d9-af2c-6470ecd1bcbf,2026-07-22T00:45:00Z,2026-07-22T02:45:00+0200,139.92,EUR/MWh,NL,NL,day_ahead_price,value,2026-08-01T23:22:07Z
2026-08-01T23:18:50Z,2026-08-02T01:18:50+0200,914f204b-61c9-48d9-af2c-6470ecd1bcbf,2026-07-22T01:00:00Z,2026-07-22T03:00:00+0200,144.97,EUR/MWh,NL,NL,day_ahead_price,value,2026-08-01T23:22:07Z
2026-08-01T23:18:50Z,2026-08-02T01:18:50+0200,914f204b-61c9-48d9-af2c-6470ecd1bcbf,2026-07-22T01:15:00Z,2026-07-22T03:15:00+0200,136.71,EUR/MWh,NL,NL,day_ahead_price,value,2026-08-01T23:22:07Z
2026-08-01T23:18:50Z,2026-08-02T01:18:50+0200,914f204b-61c9-48d9-af2c-6470ecd1bcbf,2026-07-22T01:30:00Z,2026-07-22T03:30:00+0200,133.76,EUR/MWh,NL,NL,day_ahead_price,value,2026-08-01T23:22:07Z
2026-08-01T23:18:50Z,2026-08-02T01:18:50+0200,914f204b-61c9-48d9-af2c-6470ecd1bcbf,2026-07-22T01:45:00Z,2026-07-22T03:45:00+0200,132.41,EUR/MWh,NL,NL,day_ahead_price,value,2026-08-01T23:22:07Z
2026-08-01T23:18:50Z,2026-08-02T01:18:50+0200,914f204b-61c9-48d9-af2c-6470ecd1bcbf,2026-07-22T02:00:00Z,2026-07-22T04:00:00+0200,132.02,EUR/MWh,NL,NL,day_ahead_price,value,2026-08-01T23:22:07Z
2026-08-01T23:18:50Z,2026-08-02T01:18:50+0200,914f204b-61c9-48d9-af2c-6470ecd1bcbf,2026-07-22T02:15:00Z,2026-07-22T04:15:00+0200,131.51,EUR/MWh,NL,NL,day_ahead_price,value,2026-08-01T23:22:07Z
2026-08-01T23:18:50Z,2026-08-02T01:18:50+0200,914f204b-61c9-48d9-af2c-6470ecd1bcbf,2026-07-22T02:30:00Z,2026-07-22T04:30:00+0200,132.93,EUR/MWh,NL,NL,day_ahead_price,value,2026-08-01T23:22:07Z
2026-08-01T23:18:50Z,2026-08-02T01:18:50+0200,914f204b-61c9-48d9-af2c-6470ecd1bcbf,2026-07-22T02:45:00Z,2026-07-22T04:45:00+0200,133.56,EUR/MWh,NL,NL,day_ahead_price,value,2026-08-01T23:22:07Z
2026-08-01T23:18:50Z,2026-08-02T01:18:50+0200,914f204b-61c9-48d9-af2c-6470ecd1bcbf,2026-07-22T03:00:00Z,2026-07-22T05:00:00+0200,130.54,EUR/MWh,NL,NL,day_ahead_price,value,2026-08-01T23:22:07Z
2026-08-01T23:18:50Z,2026-08-02T01:18:50+0200,914f204b-61c9-48d9-af2c-6470ecd1bcbf,2026-07-22T03:15:00Z,2026-07-22T05:15:00+0200,136.85,EUR/MWh,NL,NL,day_ahead_price,value,2026-08-01T23:22:07Z
2026-08-01T23:18:50Z,2026-08-02T01:18:50+0200,914f204b-61c9-48d9-af2c-6470ecd1bcbf,2026-07-22T03:30:00Z,2026-07-22T05:30:00+0200,142.66,EUR/MWh,NL,NL,day_ahead_price,value,2026-08-01T23:22:07Z
2026-08-01T23:18:50Z,2026-08-02T01:18:50+0200,914f204b-61c9-48d9-af2c-6470ecd1bcbf,2026-07-22T03:45:00Z,2026-07-22T05:45:00+0200,148.21,EUR/MWh,NL,NL,day_ahead_price,value,2026-08-01T23:22:07Z
2026-08-01T23:18:50Z,2026-08-02T01:18:50+0200,914f204b-61c9-48d9-af2c-6470ecd1bcbf,2026-07-22T04:00:00Z,2026-07-22T06:00:00+0200,148.28,EUR/MWh,NL,NL,day_ahead_price,value,2026-08-01T23:22:07Z
2026-08-01T23:18:50Z,2026-08-02T01:18:50+0200,914f204b-61c9-48d9-af2c-6470ecd1bcbf,2026-07-22T04:15:00Z,2026-07-22T06:15:00+0200,154.36,EUR/MWh,NL,NL,day_ahead_price,value,2026-08-01T23:22:07Z
2026-08-01T23:18:50Z,2026-08-02T01:18:50+0200,914f204b-61c9-48d9-af2c-6470ecd1bcbf,2026-07-22T04:30:00Z,2026-07-22T06:30:00+0200,160.98,EUR/MWh,NL,NL,day_ahead_price,value,2026-08-01T23:22:07Z
2026-08-01T23:18:50Z,2026-08-02T01:18:50+0200,914f204b-61c9-48d9-af2c-6470ecd1bcbf,2026-07-22T04:45:00Z,2026-07-22T06:45:00+0200,150.74,EUR/MWh,NL,NL,day_ahead_price,value,2026-08-01T23:22:07Z
2026-08-01T23:18:50Z,2026-08-02T01:18:50+0200,914f204b-61c9-48d9-af2c-6470ecd1bcbf,2026-07-22T05:00:00Z,2026-07-22T07:00:00+0200,162.24,EUR/MWh,NL,NL,day_ahead_price,value,2026-08-01T23:22:07Z
2026-08-01T23:18:50Z,2026-08-02T01:18:50+0200,914f204b-61c9-48d9-af2c-6470ecd1bcbf,2026-07-22T05:15:00Z,2026-07-22T07:15:00+0200,154.32,EUR/MWh,NL,NL,day_ahead_price,value,2026-08-01T23:22:07Z
2026-08-01T23:18:50Z,2026-08-02T01:18:50+0200,914f204b-61c9-48d9-af2c-6470ecd1bcbf,2026-07-22T05:30:00Z,2026-07-22T07:30:00+0200,148.79,EUR/MWh,NL,NL,day_ahead_price,value,2026-08-01T23:22:07Z
2026-08-01T23:18:50Z,2026-08-02T01:18:50+0200,914f204b-61c9-48d9-af2c-6470ecd1bcbf,2026-07-22T05:45:00Z,2026-07-22T07:45:00+0200,130.61,EUR/MWh,NL,NL,day_ahead_price,value,2026-08-01T23:22:07Z
2026-08-01T23:18:50Z,2026-08-02T01:18:50+0200,914f204b-61c9-48d9-af2c-6470ecd1bcbf,2026-07-22T06:00:00Z,2026-07-22T08:00:00+0200,163.15,EUR/MWh,NL,NL,day_ahead_price,value,2026-08-01T23:22:07Z
2026-08-01T23:18:50Z,2026-08-02T01:18:50+0200,914f204b-61c9-48d9-af2c-6470ecd1bcbf,2026-07-22T06:15:00Z,2026-07-22T08:15:00+0200,143.94,EUR/MWh,NL,NL,day_ahead_price,value,2026-08-01T23:22:07Z
2026-08-01T23:18:50Z,2026-08-02T01:18:50+0200,914f204b-61c9-48d9-af2c-6470ecd1bcbf,2026-07-22T06:30:00Z,2026-07-22T08:30:00+0200,123.18,EUR/MWh,NL,NL,day_ahead_price,value,2026-08-01T23:22:07Z
2026-08-01T23:18:50Z,2026-08-02T01:18:50+0200,914f204b-61c9-48d9-af2c-6470ecd1bcbf,2026-07-22T06:45:00Z,2026-07-22T08:45:00+0200,107.79,EUR/MWh,NL,NL,day_ahead_price,value,2026-08-01T23:22:07Z
2026-08-01T23:18:50Z,2026-08-02T01:18:50+0200,914f204b-61c9-48d9-af2c-6470ecd1bcbf,2026-07-22T07:00:00Z,2026-07-22T09:00:00+0200,122.4,EUR/MWh,NL,NL,day_ahead_price,value,2026-08-01T23:22:07Z
2026-08-01T23:18:50Z,2026-08-02T01:18:50+0200,914f204b-61c9-48d9-af2c-6470ecd1bcbf,2026-07-22T07:15:00Z,2026-07-22T09:15:00+0200,105.05,EUR/MWh,NL,NL,day_ahead_price,value,2026-08-01T23:22:07Z
2026-08-01T23:18:50Z,2026-08-02T01:18:50+0200,914f204b-61c9-48d9-af2c-6470ecd1bcbf,2026-07-22T07:30:00Z,2026-07-22T09:30:00+0200,90.59,EUR/MWh,NL,NL,day_ahead_price,value,2026-08-01T23:22:07Z
2026-08-01T23:18:50Z,2026-08-02T01:18:50+0200,914f204b-61c9-48d9-af2c-6470ecd1bcbf,2026-07-22T07:45:00Z,2026-07-22T09:45:00+0200,85.38,EUR/MWh,NL,NL,day_ahead_price,value,2026-08-01T23:22:07Z
2026-08-01T23:18:50Z,2026-08-02T01:18:50+0200,914f204b-61c9-48d9-af2c-6470ecd1bcbf,2026-07-22T08:00:00Z,2026-07-22T10:00:00+0200,98.76,EUR/MWh,NL,NL,day_ahead_price,value,2026-08-01T23:22:07Z
2026-08-01T23:18:50Z,2026-08-02T01:18:50+0200,914f204b-61c9-48d9-af2c-6470ecd1bcbf,2026-07-22T08:15:00Z,2026-07-22T10:15:00+0200,83.71,EUR/MWh,NL,NL,day_ahead_price,value,2026-08-01T23:22:07Z
2026-08-01T23:18:50Z,2026-08-02T01:18:50+0200,914f204b-61c9-48d9-af2c-6470ecd1bcbf,2026-07-22T08:30:00Z,2026-07-22T10:30:00+0200,66.46,EUR/MWh,NL,NL,day_ahead_price,value,2026-08-01T23:22:07Z
2026-08-01T23:18:50Z,2026-08-02T01:18:50+0200,914f204b-61c9-48d9-af2c-6470ecd1bcbf,2026-07-22T08:45:00Z,2026-07-22T10:45:00+0200,53.87,EUR/MWh,NL,NL,day_ahead_price,value,2026-08-01T23:22:07Z
2026-08-01T23:18:50Z,2026-08-02T01:18:50+0200,914f204b-61c9-48d9-af2c-6470ecd1bcbf,2026-07-22T09:00:00Z,2026-07-22T11:00:00+0200,53.31,EUR/MWh,NL,NL,day_ahead_price,value,2026-08-01T23:22:07Z
2026-08-01T23:18:50Z,2026-08-02T01:18:50+0200,914f204b-61c9-48d9-af2c-6470ecd1bcbf,2026-07-22T09:15:00Z,2026-07-22T11:15:00+0200,48.15,EUR/MWh,NL,NL,day_ahead_price,value,2026-08-01T23:22:07Z
2026-08-01T23:18:50Z,2026-08-02T01:18:50+0200,914f204b-61c9-48d9-af2c-6470ecd1bcbf,2026-07-22T09:30:00Z,2026-07-22T11:30:00+0200,40.18,EUR/MWh,NL,NL,day_ahead_price,value,2026-08-01T23:22:07Z
2026-08-01T23:18:50Z,2026-08-02T01:18:50+0200,914f204b-61c9-48d9-af2c-6470ecd1bcbf,2026-07-22T09:45:00Z,2026-07-22T11:45:00+0200,31.27,EUR/MWh,NL,NL,day_ahead_price,value,2026-08-01T23:22:07Z
2026-08-01T23:18:50Z,2026-08-02T01:18:50+0200,914f204b-61c9-48d9-af2c-6470ecd1bcbf,2026-07-22T10:00:00Z,2026-07-22T12:00:00+0200,28.97,EUR/MWh,NL,NL,day_ahead_price,value,2026-08-01T23:22:07Z
2026-08-01T23:18:50Z,2026-08-02T01:18:50+0200,914f204b-61c9-48d9-af2c-6470ecd1bcbf,2026-07-22T10:15:00Z,2026-07-22T12:15:00+0200,27.37,EUR/MWh,NL,NL,day_ahead_price,value,2026-08-01T23:22:07Z
2026-08-01T23:18:50Z,2026-08-02T01:18:50+0200,914f204b-61c9-48d9-af2c-6470ecd1bcbf,2026-07-22T10:30:00Z,2026-07-22T12:30:00+0200,22.53,EUR/MWh,NL,NL,day_ahead_price,value,2026-08-01T23:22:07Z
2026-08-01T23:18:50Z,2026-08-02T01:18:50+0200,914f204b-61c9-48d9-af2c-6470ecd1bcbf,2026-07-22T10:45:00Z,2026-07-22T12:45:00+0200,17.13,EUR/MWh,NL,NL,day_ahead_price,value,2026-08-01T23:22:07Z
2026-08-01T23:18:50Z,2026-08-02T01:18:50+0200,914f204b-61c9-48d9-af2c-6470ecd1bcbf,2026-07-22T11:00:00Z,2026-07-22T13:00:00+0200,18.68,EUR/MWh,NL,NL,day_ahead_price,value,2026-08-01T23:22:07Z
2026-08-01T23:18:50Z,2026-08-02T01:18:50+0200,914f204b-61c9-48d9-af2c-6470ecd1bcbf,2026-07-22T11:15:00Z,2026-07-22T13:15:00+0200,14.45,EUR/MWh,NL,NL,day_ahead_price,value,2026-08-01T23:22:07Z
2026-08-01T23:18:50Z,2026-08-02T01:18:50+0200,914f204b-61c9-48d9-af2c-6470ecd1bcbf,2026-07-22T11:30:00Z,2026-07-22T13:30:00+0200,13.03,EUR/MWh,NL,NL,day_ahead_price,value,2026-08-01T23:22:07Z
2026-08-01T23:18:50Z,2026-08-02T01:18:50+0200,914f204b-61c9-48d9-af2c-6470ecd1bcbf,2026-07-22T11:45:00Z,2026-07-22T13:45:00+0200,10.44,EUR/MWh,NL,NL,day_ahead_price,value,2026-08-01T23:22:07Z
2026-08-01T23:18:50Z,2026-08-02T01:18:50+0200,914f204b-61c9-48d9-af2c-6470ecd1bcbf,2026-07-22T12:00:00Z,2026-07-22T14:00:00+0200,3.36,EUR/MWh,NL,NL,day_ahead_price,value,2026-08-01T23:22:07Z
2026-08-01T23:18:50Z,2026-08-02T01:18:50+0200,914f204b-61c9-48d9-af2c-6470ecd1bcbf,2026-07-22T12:15:00Z,2026-07-22T14:15:00+0200,3.23,EUR/MWh,NL,NL,day_ahead_price,value,2026-08-01T23:22:07Z
2026-08-01T23:18:50Z,2026-08-02T01:18:50+0200,914f204b-61c9-48d9-af2c-6470ecd1bcbf,2026-07-22T12:30:00Z,2026-07-22T14:30:00+0200,3.99,EUR/MWh,NL,NL,day_ahead_price,value,2026-08-01T23:22:07Z
2026-08-01T23:18:50Z,2026-08-02T01:18:50+0200,914f204b-61c9-48d9-af2c-6470ecd1bcbf,2026-07-22T12:45:00Z,2026-07-22T14:45:00+0200,5.0,EUR/MWh,NL,NL,day_ahead_price,value,2026-08-01T23:22:07Z
2026-08-01T23:18:50Z,2026-08-02T01:18:50+0200,914f204b-61c9-48d9-af2c-6470ecd1bcbf,2026-07-22T13:00:00Z,2026-07-22T15:00:00+0200,2.88,EUR/MWh,NL,NL,day_ahead_price,value,2026-08-01T23:22:07Z
2026-08-01T23:18:50Z,2026-08-02T01:18:50+0200,914f204b-61c9-48d9-af2c-6470ecd1bcbf,2026-07-22T13:15:00Z,2026-07-22T15:15:00+0200,2.63,EUR/MWh,NL,NL,day_ahead_price,value,2026-08-01T23:22:07Z
2026-08-01T23:18:50Z,2026-08-02T01:18:50+0200,914f204b-61c9-48d9-af2c-6470ecd1bcbf,2026-07-22T13:30:00Z,2026-07-22T15:30:00+0200,3.56,EUR/MWh,NL,NL,day_ahead_price,value,2026-08-01T23:22:07Z
2026-08-01T23:18:50Z,2026-08-02T01:18:50+0200,914f204b-61c9-48d9-af2c-6470ecd1bcbf,2026-07-22T13:45:00Z,2026-07-22T15:45:00+0200,8.41,EUR/MWh,NL,NL,day_ahead_price,value,2026-08-01T23:22:07Z
2026-08-01T23:18:50Z,2026-08-02T01:18:50+0200,914f204b-61c9-48d9-af2c-6470ecd1bcbf,2026-07-22T14:00:00Z,2026-07-22T16:00:00+0200,5.11,EUR/MWh,NL,NL,day_ahead_price,value,2026-08-01T23:22:07Z
2026-08-01T23:18:50Z,2026-08-02T01:18:50+0200,914f204b-61c9-48d9-af2c-6470ecd1bcbf,2026-07-22T14:15:00Z,2026-07-22T16:15:00+0200,12.42,EUR/MWh,NL,NL,day_ahead_price,value,2026-08-01T23:22:07Z
2026-08-01T23:18:50Z,2026-08-02T01:18:50+0200,914f204b-61c9-48d9-af2c-6470ecd1bcbf,2026-07-22T14:30:00Z,2026-07-22T16:30:00+0200,13.88,EUR/MWh,NL,NL,day_ahead_price,value,2026-08-01T23:22:07Z
2026-08-01T23:18:50Z,2026-08-02T01:18:50+0200,914f204b-61c9-48d9-af2c-6470ecd1bcbf,2026-07-22T14:45:00Z,2026-07-22T16:45:00+0200,38.64,EUR/MWh,NL,NL,day_ahead_price,value,2026-08-01T23:22:07Z
2026-08-01T23:18:50Z,2026-08-02T01:18:50+0200,914f204b-61c9-48d9-af2c-6470ecd1bcbf,2026-07-22T15:00:00Z,2026-07-22T17:00:00+0200,24.99,EUR/MWh,NL,NL,day_ahead_price,value,2026-08-01T23:22:07Z
2026-08-01T23:18:50Z,2026-08-02T01:18:50+0200,914f204b-61c9-48d9-af2c-6470ecd1bcbf,2026-07-22T15:15:00Z,2026-07-22T17:15:00+0200,60.68,EUR/MWh,NL,NL,day_ahead_price,value,2026-08-01T23:22:07Z
2026-08-01T23:18:50Z,2026-08-02T01:18:50+0200,914f204b-61c9-48d9-af2c-6470ecd1bcbf,2026-07-22T15:30:00Z,2026-07-22T17:30:00+0200,77.67,EUR/MWh,NL,NL,day_ahead_price,value,2026-08-01T23:22:07Z
2026-08-01T23:18:50Z,2026-08-02T01:18:50+0200,914f204b-61c9-48d9-af2c-6470ecd1bcbf,2026-07-22T15:45:00Z,2026-07-22T17:45:00+0200,100.47,EUR/MWh,NL,NL,day_ahead_price,value,2026-08-01T23:22:07Z
2026-08-01T23:18:50Z,2026-08-02T01:18:50+0200,914f204b-61c9-48d9-af2c-6470ecd1bcbf,2026-07-22T16:00:00Z,2026-07-22T18:00:00+0200,88.08,EUR/MWh,NL,NL,day_ahead_price,value,2026-08-01T23:22:07Z
2026-08-01T23:18:50Z,2026-08-02T01:18:50+0200,914f204b-61c9-48d9-af2c-6470ecd1bcbf,2026-07-22T16:15:00Z,2026-07-22T18:15:00+0200,103.28,EUR/MWh,NL,NL,day_ahead_price,value,2026-08-01T23:22:07Z
2026-08-01T23:18:50Z,2026-08-02T01:18:50+0200,914f204b-61c9-48d9-af2c-6470ecd1bcbf,2026-07-22T16:30:00Z,2026-07-22T18:30:00+0200,115.88,EUR/MWh,NL,NL,day_ahead_price,value,2026-08-01T23:22:07Z
2026-08-01T23:18:50Z,2026-08-02T01:18:50+0200,914f204b-61c9-48d9-af2c-6470ecd1bcbf,2026-07-22T16:45:00Z,2026-07-22T18:45:00+0200,133.86,EUR/MWh,NL,NL,day_ahead_price,value,2026-08-01T23:22:07Z
2026-08-01T23:18:50Z,2026-08-02T01:18:50+0200,914f204b-61c9-48d9-af2c-6470ecd1bcbf,2026-07-22T17:00:00Z,2026-07-22T19:00:00+0200,124.07,EUR/MWh,NL,NL,day_ahead_price,value,2026-08-01T23:22:07Z
2026-08-01T23:18:50Z,2026-08-02T01:18:50+0200,914f204b-61c9-48d9-af2c-6470ecd1bcbf,2026-07-22T17:15:00Z,2026-07-22T19:15:00+0200,139.33,EUR/MWh,NL,NL,day_ahead_price,value,2026-08-01T23:22:07Z
2026-08-01T23:18:50Z,2026-08-02T01:18:50+0200,914f204b-61c9-48d9-af2c-6470ecd1bcbf,2026-07-22T17:30:00Z,2026-07-22T19:30:00+0200,148.97,EUR/MWh,NL,NL,day_ahead_price,value,2026-08-01T23:22:07Z
2026-08-01T23:18:50Z,2026-08-02T01:18:50+0200,914f204b-61c9-48d9-af2c-6470ecd1bcbf,2026-07-22T17:45:00Z,2026-07-22T19:45:00+0200,149.01,EUR/MWh,NL,NL,day_ahead_price,value,2026-08-01T23:22:07Z
2026-08-01T23:18:50Z,2026-08-02T01:18:50+0200,914f204b-61c9-48d9-af2c-6470ecd1bcbf,2026-07-22T18:00:00Z,2026-07-22T20:00:00+0200,155.02,EUR/MWh,NL,NL,day_ahead_price,value,2026-08-01T23:22:07Z
2026-08-01T23:18:50Z,2026-08-02T01:18:50+0200,914f204b-61c9-48d9-af2c-6470ecd1bcbf,2026-07-22T18:15:00Z,2026-07-22T20:15:00+0200,158.78,EUR/MWh,NL,NL,day_ahead_price,value,2026-08-01T23:22:07Z
2026-08-01T23:18:50Z,2026-08-02T01:18:50+0200,914f204b-61c9-48d9-af2c-6470ecd1bcbf,2026-07-22T18:30:00Z,2026-07-22T20:30:00+0200,162.78,EUR/MWh,NL,NL,day_ahead_price,value,2026-08-01T23:22:07Z
2026-08-01T23:18:50Z,2026-08-02T01:18:50+0200,914f204b-61c9-48d9-af2c-6470ecd1bcbf,2026-07-22T18:45:00Z,2026-07-22T20:45:00+0200,169.29,EUR/MWh,NL,NL,day_ahead_price,value,2026-08-01T23:22:07Z
2026-08-01T23:18:50Z,2026-08-02T01:18:50+0200,914f204b-61c9-48d9-af2c-6470ecd1bcbf,2026-07-22T19:00:00Z,2026-07-22T21:00:00+0200,170.34,EUR/MWh,NL,NL,day_ahead_price,value,2026-08-01T23:22:07Z
2026-08-01T23:18:50Z,2026-08-02T01:18:50+0200,914f204b-61c9-48d9-af2c-6470ecd1bcbf,2026-07-22T19:15:00Z,2026-07-22T21:15:00+0200,165.77,EUR/MWh,NL,NL,day_ahead_price,value,2026-08-01T23:22:07Z
2026-08-01T23:18:50Z,2026-08-02T01:18:50+0200,914f204b-61c9-48d9-af2c-6470ecd1bcbf,2026-07-22T19:30:00Z,2026-07-22T21:30:00+0200,165.44,EUR/MWh,NL,NL,day_ahead_price,value,2026-08-01T23:22:07Z
2026-08-01T23:18:50Z,2026-08-02T01:18:50+0200,914f204b-61c9-48d9-af2c-6470ecd1bcbf,2026-07-22T19:45:00Z,2026-07-22T21:45:00+0200,159.12,EUR/MWh,NL,NL,day_ahead_price,value,2026-08-01T23:22:07Z
2026-08-01T23:18:50Z,2026-08-02T01:18:50+0200,914f204b-61c9-48d9-af2c-6470ecd1bcbf,2026-07-22T20:00:00Z,2026-07-22T22:00:00+0200,171.41,EUR/MWh,NL,NL,day_ahead_price,value,2026-08-01T23:22:07Z
2026-08-01T23:18:50Z,2026-08-02T01:18:50+0200,914f204b-61c9-48d9-af2c-6470ecd1bcbf,2026-07-22T20:15:00Z,2026-07-22T22:15:00+0200,162.65,EUR/MWh,NL,NL,day_ahead_price,value,2026-08-01T23:22:07Z
2026-08-01T23:18:50Z,2026-08-02T01:18:50+0200,914f204b-61c9-48d9-af2c-6470ecd1bcbf,2026-07-22T20:30:00Z,2026-07-22T22:30:00+0200,158.82,EUR/MWh,NL,NL,day_ahead_price,value,2026-08-01T23:22:07Z
2026-08-01T23:18:50Z,2026-08-02T01:18:50+0200,914f204b-61c9-48d9-af2c-6470ecd1bcbf,2026-07-22T20:45:00Z,2026-07-22T22:45:00+0200,149.97,EUR/MWh,NL,NL,day_ahead_price,value,2026-08-01T23:22:07Z
2026-08-01T23:18:50Z,2026-08-02T01:18:50+0200,914f204b-61c9-48d9-af2c-6470ecd1bcbf,2026-07-22T21:00:00Z,2026-07-22T23:00:00+0200,157.41,EUR/MWh,NL,NL,day_ahead_price,value,2026-08-01T23:22:07Z
2026-08-01T23:18:50Z,2026-08-02T01:18:50+0200,914f204b-61c9-48d9-af2c-6470ecd1bcbf,2026-07-22T21:15:00Z,2026-07-22T23:15:00+0200,153.17,EUR/MWh,NL,NL,day_ahead_price,value,2026-08-01T23:22:07Z
2026-08-01T23:18:50Z,2026-08-02T01:18:50+0200,914f204b-61c9-48d9-af2c-6470ecd1bcbf,2026-07-22T21:30:00Z,2026-07-22T23:30:00+0200,152.42,EUR/MWh,NL,NL,day_ahead_price,value,2026-08-01T23:22:07Z
2026-08-01T23:18:50Z,2026-08-02T01:18:50+0200,914f204b-61c9-48d9-af2c-6470ecd1bcbf,2026-07-22T21:45:00Z,2026-07-22T23:45:00+0200,139.65,EUR/MWh,NL,NL,day_ahead_price,value,2026-08-01T23:22:07Z
2026-08-01T23:18:50Z,2026-08-02T01:18:50+0200,914f204b-61c9-48d9-af2c-6470ecd1bcbf,2026-07-22T22:00:00Z,2026-07-23T00:00:00+0200,160.46,EUR/MWh,NL,NL,day_ahead_price,value,2026-08-01T23:22:07Z
2026-08-01T23:18:50Z,2026-08-02T01:18:50+0200,914f204b-61c9-48d9-af2c-6470ecd1bcbf,2026-07-22T22:15:00Z,2026-07-23T00:15:00+0200,151.45,EUR/MWh,NL,NL,day_ahead_price,value,2026-08-01T23:22:07Z
2026-08-01T23:18:50Z,2026-08-02T01:18:50+0200,914f204b-61c9-48d9-af2c-6470ecd1bcbf,2026-07-22T22:30:00Z,2026-07-23T00:30:00+0200,142.5,EUR/MWh,NL,NL,day_ahead_price,value,2026-08-01T23:22:07Z
2026-08-01T23:18:50Z,2026-08-02T01:18:50+0200,914f204b-61c9-48d9-af2c-6470ecd1bcbf,2026-07-22T22:45:00Z,2026-07-23T00:45:00+0200,132.39,EUR/MWh,NL,NL,day_ahead_price,value,2026-08-01T23:22:07Z
2026-08-01T23:18:50Z,2026-08-02T01:18:50+0200,914f204b-61c9-48d9-af2c-6470ecd1bcbf,2026-07-22T23:00:00Z,2026-07-23T01:00:00+0200,144.26,EUR/MWh,NL,NL,day_ahead_price,value,2026-08-01T23:22:07Z
2026-08-01T23:18:50Z,2026-08-02T01:18:50+0200,914f204b-61c9-48d9-af2c-6470ecd1bcbf,2026-07-22T23:15:00Z,2026-07-23T01:15:00+0200,141.54,EUR/MWh,NL,NL,day_ahead_price,value,2026-08-01T23:22:07Z
2026-08-01T23:18:50Z,2026-08-02T01:18:50+0200,914f204b-61c9-48d9-af2c-6470ecd1bcbf,2026-07-22T23:30:00Z,2026-07-23T01:30:00+0200,140.32,EUR/MWh,NL,NL,day_ahead_price,value,2026-08-01T23:22:07Z
2026-08-01T23:18:50Z,2026-08-02T01:18:50+0200,914f204b-61c9-48d9-af2c-6470ecd1bcbf,2026-07-22T23:45:00Z,2026-07-23T01:45:00+0200,133.36,EUR/MWh,NL,NL,day_ahead_price,value,2026-08-01T23:22:07Z
2026-08-01T23:18:50Z,2026-08-02T01:18:50+0200,914f204b-61c9-48d9-af2c-6470ecd1bcbf,2026-07-23T00:00:00Z,2026-07-23T02:00:00+0200,139.2,EUR/MWh,NL,NL,day_ahead_price,value,2026-08-01T23:22:07Z
2026-08-01T23:18:50Z,2026-08-02T01:18:50+0200,914f204b-61c9-48d9-af2c-6470ecd1bcbf,2026-07-23T00:15:00Z,2026-07-23T02:15:00+0200,135.4,EUR/MWh,NL,NL,day_ahead_price,value,2026-08-01T23:22:07Z
2026-08-01T23:18:50Z,2026-08-02T01:18:50+0200,914f204b-61c9-48d9-af2c-6470ecd1bcbf,2026-07-23T00:30:00Z,2026-07-23T02:30:00+0200,134.85,EUR/MWh,NL,NL,day_ahead_price,value,2026-08-01T23:22:07Z
2026-08-01T23:18:50Z,2026-08-02T01:18:50+0200,914f204b-61c9-48d9-af2c-6470ecd1bcbf,2026-07-23T00:45:00Z,2026-07-23T02:45:00+0200,133.16,EUR/MWh,NL,NL,day_ahead_price,value,2026-08-01T23:22:07Z
2026-08-01T23:18:50Z,2026-08-02T01:18:50+0200,914f204b-61c9-48d9-af2c-6470ecd1bcbf,2026-07-23T01:00:00Z,2026-07-23T03:00:00+0200,133.06,EUR/MWh,NL,NL,day_ahead_price,value,2026-08-01T23:22:07Z
2026-08-01T23:18:50Z,2026-08-02T01:18:50+0200,914f204b-61c9-48d9-af2c-6470ecd1bcbf,2026-07-23T01:15:00Z,2026-07-23T03:15:00+0200,135.76,EUR/MWh,NL,NL,day_ahead_price,value,2026-08-01T23:22:07Z
2026-08-01T23:18:50Z,2026-08-02T01:18:50+0200,914f204b-61c9-48d9-af2c-6470ecd1bcbf,2026-07-23T01:30:00Z,2026-07-23T03:30:00+0200,133.24,EUR/MWh,NL,NL,day_ahead_price,value,2026-08-01T23:22:07Z
2026-08-01T23:18:50Z,2026-08-02T01:18:50+0200,914f204b-61c9-48d9-af2c-6470ecd1bcbf,2026-07-23T01:45:00Z,2026-07-23T03:45:00+0200,133.25,EUR/MWh,NL,NL,day_ahead_price,value,2026-08-01T23:22:07Z
2026-08-01T23:18:50Z,2026-08-02T01:18:50+0200,914f204b-61c9-48d9-af2c-6470ecd1bcbf,2026-07-23T02:00:00Z,2026-07-23T04:00:00+0200,133.61,EUR/MWh,NL,NL,day_ahead_price,value,2026-08-01T23:22:07Z
2026-08-01T23:18:50Z,2026-08-02T01:18:50+0200,914f204b-61c9-48d9-af2c-6470ecd1bcbf,2026-07-23T02:15:00Z,2026-07-23T04:15:00+0200,134.7,EUR/MWh,NL,NL,day_ahead_price,value,2026-08-01T23:22:07Z
2026-08-01T23:18:50Z,2026-08-02T01:18:50+0200,914f204b-61c9-48d9-af2c-6470ecd1bcbf,2026-07-23T02:30:00Z,2026-07-23T04:30:00+0200,138.31,EUR/MWh,NL,NL,day_ahead_price,value,2026-08-01T23:22:07Z
2026-08-01T23:18:50Z,2026-08-02T01:18:50+0200,914f204b-61c9-48d9-af2c-6470ecd1bcbf,2026-07-23T02:45:00Z,2026-07-23T04:45:00+0200,141.85,EUR/MWh,NL,NL,day_ahead_price,value,2026-08-01T23:22:07Z
2026-08-01T23:18:50Z,2026-08-02T01:18:50+0200,914f204b-61c9-48d9-af2c-6470ecd1bcbf,2026-07-23T03:00:00Z,2026-07-23T05:00:00+0200,133.45,EUR/MWh,NL,NL,day_ahead_price,value,2026-08-01T23:22:07Z
2026-08-01T23:18:50Z,2026-08-02T01:18:50+0200,914f204b-61c9-48d9-af2c-6470ecd1bcbf,2026-07-23T03:15:00Z,2026-07-23T05:15:00+0200,139.08,EUR/MWh,NL,NL,day_ahead_price,value,2026-08-01T23:22:07Z
2026-08-01T23:18:50Z,2026-08-02T01:18:50+0200,914f204b-61c9-48d9-af2c-6470ecd1bcbf,2026-07-23T03:30:00Z,2026-07-23T05:30:00+0200,149.35,EUR/MWh,NL,NL,day_ahead_price,value,2026-08-01T23:22:07Z
2026-08-01T23:18:50Z,2026-08-02T01:18:50+0200,914f204b-61c9-48d9-af2c-6470ecd1bcbf,2026-07-23T03:45:00Z,2026-07-23T05:45:00+0200,155.95,EUR/MWh,NL,NL,day_ahead_price,value,2026-08-01T23:22:07Z
2026-08-01T23:18:50Z,2026-08-02T01:18:50+0200,914f204b-61c9-48d9-af2c-6470ecd1bcbf,2026-07-23T04:00:00Z,2026-07-23T06:00:00+0200,150.27,EUR/MWh,NL,NL,day_ahead_price,value,2026-08-01T23:22:07Z
2026-08-01T23:18:50Z,2026-08-02T01:18:50+0200,914f204b-61c9-48d9-af2c-6470ecd1bcbf,2026-07-23T04:15:00Z,2026-07-23T06:15:00+0200,162.55,EUR/MWh,NL,NL,day_ahead_price,value,2026-08-01T23:22:07Z
2026-08-01T23:18:50Z,2026-08-02T01:18:50+0200,914f204b-61c9-48d9-af2c-6470ecd1bcbf,2026-07-23T04:30:00Z,2026-07-23T06:30:00+0200,161.79,EUR/MWh,NL,NL,day_ahead_price,value,2026-08-01T23:22:07Z
2026-08-01T23:18:50Z,2026-08-02T01:18:50+0200,914f204b-61c9-48d9-af2c-6470ecd1bcbf,2026-07-23T04:45:00Z,2026-07-23T06:45:00+0200,164.01,EUR/MWh,NL,NL,day_ahead_price,value,2026-08-01T23:22:07Z
2026-08-01T23:18:50Z,2026-08-02T01:18:50+0200,914f204b-61c9-48d9-af2c-6470ecd1bcbf,2026-07-23T05:00:00Z,2026-07-23T07:00:00+0200,173.16,EUR/MWh,NL,NL,day_ahead_price,value,2026-08-01T23:22:07Z
2026-08-01T23:18:50Z,2026-08-02T01:18:50+0200,914f204b-61c9-48d9-af2c-6470ecd1bcbf,2026-07-23T05:15:00Z,2026-07-23T07:15:00+0200,173.72,EUR/MWh,NL,NL,day_ahead_price,value,2026-08-01T23:22:07Z
2026-08-01T23:18:50Z,2026-08-02T01:18:50+0200,914f204b-61c9-48d9-af2c-6470ecd1bcbf,2026-07-23T05:30:00Z,2026-07-23T07:30:00+0200,163.92,EUR/MWh,NL,NL,day_ahead_price,value,2026-08-01T23:22:07Z
2026-08-01T23:18:50Z,2026-08-02T01:18:50+0200,914f204b-61c9-48d9-af2c-6470ecd1bcbf,2026-07-23T05:45:00Z,2026-07-23T07:45:00+0200,161.23,EUR/MWh,NL,NL,day_ahead_price,value,2026-08-01T23:22:07Z
2026-08-01T23:18:50Z,2026-08-02T01:18:50+0200,914f204b-61c9-48d9-af2c-6470ecd1bcbf,2026-07-23T06:00:00Z,2026-07-23T08:00:00+0200,174.01,EUR/MWh,NL,NL,day_ahead_price,value,2026-08-01T23:22:07Z
2026-08-01T23:18:50Z,2026-08-02T01:18:50+0200,914f204b-61c9-48d9-af2c-6470ecd1bcbf,2026-07-23T06:15:00Z,2026-07-23T08:15:00+0200,162.8,EUR/MWh,NL,NL,day_ahead_price,value,2026-08-01T23:22:07Z
2026-08-01T23:18:50Z,2026-08-02T01:18:50+0200,914f204b-61c9-48d9-af2c-6470ecd1bcbf,2026-07-23T06:30:00Z,2026-07-23T08:30:00+0200,159.67,EUR/MWh,NL,NL,day_ahead_price,value,2026-08-01T23:22:07Z
2026-08-01T23:18:50Z,2026-08-02T01:18:50+0200,914f204b-61c9-48d9-af2c-6470ecd1bcbf,2026-07-23T06:45:00Z,2026-07-23T08:45:00+0200,142.3,EUR/MWh,NL,NL,day_ahead_price,value,2026-08-01T23:22:07Z
2026-08-01T23:18:50Z,2026-08-02T01:18:50+0200,914f204b-61c9-48d9-af2c-6470ecd1bcbf,2026-07-23T07:00:00Z,2026-07-23T09:00:00+0200,161.81,EUR/MWh,NL,NL,day_ahead_price,value,2026-08-01T23:22:07Z
2026-08-01T23:18:50Z,2026-08-02T01:18:50+0200,914f204b-61c9-48d9-af2c-6470ecd1bcbf,2026-07-23T07:15:00Z,2026-07-23T09:15:00+0200,143.88,EUR/MWh,NL,NL,day_ahead_price,value,2026-08-01T23:22:07Z
2026-08-01T23:18:50Z,2026-08-02T01:18:50+0200,914f204b-61c9-48d9-af2c-6470ecd1bcbf,2026-07-23T07:30:00Z,2026-07-23T09:30:00+0200,118.38,EUR/MWh,NL,NL,day_ahead_price,value,2026-08-01T23:22:07Z
2026-08-01T23:18:50Z,2026-08-02T01:18:50+0200,914f204b-61c9-48d9-af2c-6470ecd1bcbf,2026-07-23T07:45:00Z,2026-07-23T09:45:00+0200,111.43,EUR/MWh,NL,NL,day_ahead_price,value,2026-08-01T23:22:07Z
2026-08-01T23:18:50Z,2026-08-02T01:18:50+0200,914f204b-61c9-48d9-af2c-6470ecd1bcbf,2026-07-23T08:00:00Z,2026-07-23T10:00:00+0200,116.74,EUR/MWh,NL,NL,day_ahead_price,value,2026-08-01T23:22:07Z
2026-08-01T23:18:50Z,2026-08-02T01:18:50+0200,914f204b-61c9-48d9-af2c-6470ecd1bcbf,2026-07-23T08:15:00Z,2026-07-23T10:15:00+0200,112.18,EUR/MWh,NL,NL,day_ahead_price,value,2026-08-01T23:22:07Z
2026-08-01T23:18:50Z,2026-08-02T01:18:50+0200,914f204b-61c9-48d9-af2c-6470ecd1bcbf,2026-07-23T08:30:00Z,2026-07-23T10:30:00+0200,107.85,EUR/MWh,NL,NL,day_ahead_price,value,2026-08-01T23:22:07Z
2026-08-01T23:18:50Z,2026-08-02T01:18:50+0200,914f204b-61c9-48d9-af2c-6470ecd1bcbf,2026-07-23T08:45:00Z,2026-07-23T10:45:00+0200,93.22,EUR/MWh,NL,NL,day_ahead_price,value,2026-08-01T23:22:07Z
2026-08-01T23:18:50Z,2026-08-02T01:18:50+0200,914f204b-61c9-48d9-af2c-6470ecd1bcbf,2026-07-23T09:00:00Z,2026-07-23T11:00:00+0200,108.65,EUR/MWh,NL,NL,day_ahead_price,value,2026-08-01T23:22:07Z
2026-08-01T23:18:50Z,2026-08-02T01:18:50+0200,914f204b-61c9-48d9-af2c-6470ecd1bcbf,2026-07-23T09:15:00Z,2026-07-23T11:15:00+0200,87.81,EUR/MWh,NL,NL,day_ahead_price,value,2026-08-01T23:22:07Z
2026-08-01T23:18:50Z,2026-08-02T01:18:50+0200,914f204b-61c9-48d9-af2c-6470ecd1bcbf,2026-07-23T09:30:00Z,2026-07-23T11:30:00+0200,78.92,EUR/MWh,NL,NL,day_ahead_price,value,2026-08-01T23:22:07Z
2026-08-01T23:18:50Z,2026-08-02T01:18:50+0200,914f204b-61c9-48d9-af2c-6470ecd1bcbf,2026-07-23T09:45:00Z,2026-07-23T11:45:00+0200,80.07,EUR/MWh,NL,NL,day_ahead_price,value,2026-08-01T23:22:07Z
2026-08-01T23:18:50Z,2026-08-02T01:18:50+0200,914f204b-61c9-48d9-af2c-6470ecd1bcbf,2026-07-23T10:00:00Z,2026-07-23T12:00:00+0200,79.01,EUR/MWh,NL,NL,day_ahead_price,value,2026-08-01T23:22:07Z
2026-08-01T23:18:50Z,2026-08-02T01:18:50+0200,914f204b-61c9-48d9-af2c-6470ecd1bcbf,2026-07-23T10:15:00Z,2026-07-23T12:15:00+0200,42.72,EUR/MWh,NL,NL,day_ahead_price,value,2026-08-01T23:22:07Z
2026-08-01T23:18:50Z,2026-08-02T01:18:50+0200,914f204b-61c9-48d9-af2c-6470ecd1bcbf,2026-07-23T10:30:00Z,2026-07-23T12:30:00+0200,22.21,EUR/MWh,NL,NL,day_ahead_price,value,2026-08-01T23:22:07Z
2026-08-01T23:18:50Z,2026-08-02T01:18:50+0200,914f204b-61c9-48d9-af2c-6470ecd1bcbf,2026-07-23T10:45:00Z,2026-07-23T12:45:00+0200,9.5,EUR/MWh,NL,NL,day_ahead_price,value,2026-08-01T23:22:07Z
2026-08-01T23:18:50Z,2026-08-02T01:18:50+0200,914f204b-61c9-48d9-af2c-6470ecd1bcbf,2026-07-23T11:00:00Z,2026-07-23T13:00:00+0200,20.44,EUR/MWh,NL,NL,day_ahead_price,value,2026-08-01T23:22:07Z
2026-08-01T23:18:50Z,2026-08-02T01:18:50+0200,914f204b-61c9-48d9-af2c-6470ecd1bcbf,2026-07-23T11:15:00Z,2026-07-23T13:15:00+0200,10.35,EUR/MWh,NL,NL,day_ahead_price,value,2026-08-01T23:22:07Z
2026-08-01T23:18:50Z,2026-08-02T01:18:50+0200,914f204b-61c9-48d9-af2c-6470ecd1bcbf,2026-07-23T11:30:00Z,2026-07-23T13:30:00+0200,4.94,EUR/MWh,NL,NL,day_ahead_price,value,2026-08-01T23:22:07Z
2026-08-01T23:18:50Z,2026-08-02T01:18:50+0200,914f204b-61c9-48d9-af2c-6470ecd1bcbf,2026-07-23T11:45:00Z,2026-07-23T13:45:00+0200,3.69,EUR/MWh,NL,NL,day_ahead_price,value,2026-08-01T23:22:07Z
2026-08-01T23:18:50Z,2026-08-02T01:18:50+0200,914f204b-61c9-48d9-af2c-6470ecd1bcbf,2026-07-23T12:00:00Z,2026-07-23T14:00:00+0200,1.42,EUR/MWh,NL,NL,day_ahead_price,value,2026-08-01T23:22:07Z
2026-08-01T23:18:50Z,2026-08-02T01:18:50+0200,914f204b-61c9-48d9-af2c-6470ecd1bcbf,2026-07-23T12:15:00Z,2026-07-23T14:15:00+0200,1.63,EUR/MWh,NL,NL,day_ahead_price,value,2026-08-01T23:22:07Z
2026-08-01T23:18:50Z,2026-08-02T01:18:50+0200,914f204b-61c9-48d9-af2c-6470ecd1bcbf,2026-07-23T12:30:00Z,2026-07-23T14:30:00+0200,5.14,EUR/MWh,NL,NL,day_ahead_price,value,2026-08-01T23:22:07Z
2026-08-01T23:18:50Z,2026-08-02T01:18:50+0200,914f204b-61c9-48d9-af2c-6470ecd1bcbf,2026-07-23T12:45:00Z,2026-07-23T14:45:00+0200,3.89,EUR/MWh,NL,NL,day_ahead_price,value,2026-08-01T23:22:07Z
2026-08-01T23:18:50Z,2026-08-02T01:18:50+0200,914f204b-61c9-48d9-af2c-6470ecd1bcbf,2026-07-23T13:00:00Z,2026-07-23T15:00:00+0200,1.14,EUR/MWh,NL,NL,day_ahead_price,value,2026-08-01T23:22:07Z
2026-08-01T23:18:50Z,2026-08-02T01:18:50+0200,914f204b-61c9-48d9-af2c-6470ecd1bcbf,2026-07-23T13:15:00Z,2026-07-23T15:15:00+0200,2.79,EUR/MWh,NL,NL,day_ahead_price,value,2026-08-01T23:22:07Z
2026-08-01T23:18:50Z,2026-08-02T01:18:50+0200,914f204b-61c9-48d9-af2c-6470ecd1bcbf,2026-07-23T13:30:00Z,2026-07-23T15:30:00+0200,2.84,EUR/MWh,NL,NL,day_ahead_price,value,2026-08-01T23:22:07Z
2026-08-01T23:18:50Z,2026-08-02T01:18:50+0200,914f204b-61c9-48d9-af2c-6470ecd1bcbf,2026-07-23T13:45:00Z,2026-07-23T15:45:00+0200,13.23,EUR/MWh,NL,NL,day_ahead_price,value,2026-08-01T23:22:07Z
2026-08-01T23:18:50Z,2026-08-02T01:18:50+0200,914f204b-61c9-48d9-af2c-6470ecd1bcbf,2026-07-23T14:00:00Z,2026-07-23T16:00:00+0200,4.18,EUR/MWh,NL,NL,day_ahead_price,value,2026-08-01T23:22:07Z
2026-08-01T23:18:50Z,2026-08-02T01:18:50+0200,914f204b-61c9-48d9-af2c-6470ecd1bcbf,2026-07-23T14:15:00Z,2026-07-23T16:15:00+0200,15.97,EUR/MWh,NL,NL,day_ahead_price,value,2026-08-01T23:22:07Z
2026-08-01T23:18:50Z,2026-08-02T01:18:50+0200,914f204b-61c9-48d9-af2c-6470ecd1bcbf,2026-07-23T14:30:00Z,2026-07-23T16:30:00+0200,27.44,EUR/MWh,NL,NL,day_ahead_price,value,2026-08-01T23:22:07Z
2026-08-01T23:18:50Z,2026-08-02T01:18:50+0200,914f204b-61c9-48d9-af2c-6470ecd1bcbf,2026-07-23T14:45:00Z,2026-07-23T16:45:00+0200,60.09,EUR/MWh,NL,NL,day_ahead_price,value,2026-08-01T23:22:07Z
2026-08-01T23:18:50Z,2026-08-02T01:18:50+0200,914f204b-61c9-48d9-af2c-6470ecd1bcbf,2026-07-23T15:00:00Z,2026-07-23T17:00:00+0200,51.54,EUR/MWh,NL,NL,day_ahead_price,value,2026-08-01T23:22:07Z
2026-08-01T23:18:50Z,2026-08-02T01:18:50+0200,914f204b-61c9-48d9-af2c-6470ecd1bcbf,2026-07-23T15:15:00Z,2026-07-23T17:15:00+0200,93.75,EUR/MWh,NL,NL,day_ahead_price,value,2026-08-01T23:22:07Z
2026-08-01T23:18:50Z,2026-08-02T01:18:50+0200,914f204b-61c9-48d9-af2c-6470ecd1bcbf,2026-07-23T15:30:00Z,2026-07-23T17:30:00+0200,112.13,EUR/MWh,NL,NL,day_ahead_price,value,2026-08-01T23:22:07Z
2026-08-01T23:18:50Z,2026-08-02T01:18:50+0200,914f204b-61c9-48d9-af2c-6470ecd1bcbf,2026-07-23T15:45:00Z,2026-07-23T17:45:00+0200,125.18,EUR/MWh,NL,NL,day_ahead_price,value,2026-08-01T23:22:07Z
2026-08-01T23:18:50Z,2026-08-02T01:18:50+0200,914f204b-61c9-48d9-af2c-6470ecd1bcbf,2026-07-23T16:00:00Z,2026-07-23T18:00:00+0200,111.54,EUR/MWh,NL,NL,day_ahead_price,value,2026-08-01T23:22:07Z
2026-08-01T23:18:50Z,2026-08-02T01:18:50+0200,914f204b-61c9-48d9-af2c-6470ecd1bcbf,2026-07-23T16:15:00Z,2026-07-23T18:15:00+0200,138.77,EUR/MWh,NL,NL,day_ahead_price,value,2026-08-01T23:22:07Z
2026-08-01T23:18:50Z,2026-08-02T01:18:50+0200,914f204b-61c9-48d9-af2c-6470ecd1bcbf,2026-07-23T16:30:00Z,2026-07-23T18:30:00+0200,153.5,EUR/MWh,NL,NL,day_ahead_price,value,2026-08-01T23:22:07Z
2026-08-01T23:18:50Z,2026-08-02T01:18:50+0200,914f204b-61c9-48d9-af2c-6470ecd1bcbf,2026-07-23T16:45:00Z,2026-07-23T18:45:00+0200,165.0,EUR/MWh,NL,NL,day_ahead_price,value,2026-08-01T23:22:07Z
2026-08-01T23:18:50Z,2026-08-02T01:18:50+0200,914f204b-61c9-48d9-af2c-6470ecd1bcbf,2026-07-23T17:00:00Z,2026-07-23T19:00:00+0200,152.77,EUR/MWh,NL,NL,day_ahead_price,value,2026-08-01T23:22:07Z
2026-08-01T23:18:50Z,2026-08-02T01:18:50+0200,914f204b-61c9-48d9-af2c-6470ecd1bcbf,2026-07-23T17:15:00Z,2026-07-23T19:15:00+0200,164.67,EUR/MWh,NL,NL,day_ahead_price,value,2026-08-01T23:22:07Z
2026-08-01T23:18:50Z,2026-08-02T01:18:50+0200,914f204b-61c9-48d9-af2c-6470ecd1bcbf,2026-07-23T17:30:00Z,2026-07-23T19:30:00+0200,168.27,EUR/MWh,NL,NL,day_ahead_price,value,2026-08-01T23:22:07Z
2026-08-01T23:18:50Z,2026-08-02T01:18:50+0200,914f204b-61c9-48d9-af2c-6470ecd1bcbf,2026-07-23T17:45:00Z,2026-07-23T19:45:00+0200,178.69,EUR/MWh,NL,NL,day_ahead_price,value,2026-08-01T23:22:07Z
2026-08-01T23:18:50Z,2026-08-02T01:18:50+0200,914f204b-61c9-48d9-af2c-6470ecd1bcbf,2026-07-23T18:00:00Z,2026-07-23T20:00:00+0200,172.79,EUR/MWh,NL,NL,day_ahead_price,value,2026-08-01T23:22:07Z
2026-08-01T23:18:50Z,2026-08-02T01:18:50+0200,914f204b-61c9-48d9-af2c-6470ecd1bcbf,2026-07-23T18:15:00Z,2026-07-23T20:15:00+0200,184.53,EUR/MWh,NL,NL,day_ahead_price,value,2026-08-01T23:22:07Z
2026-08-01T23:18:50Z,2026-08-02T01:18:50+0200,914f204b-61c9-48d9-af2c-6470ecd1bcbf,2026-07-23T18:30:00Z,2026-07-23T20:30:00+0200,185.8,EUR/MWh,NL,NL,day_ahead_price,value,2026-08-01T23:22:07Z
2026-08-01T23:18:50Z,2026-08-02T01:18:50+0200,914f204b-61c9-48d9-af2c-6470ecd1bcbf,2026-07-23T18:45:00Z,2026-07-23T20:45:00+0200,197.5,EUR/MWh,NL,NL,day_ahead_price,value,2026-08-01T23:22:07Z
2026-08-01T23:18:50Z,2026-08-02T01:18:50+0200,914f204b-61c9-48d9-af2c-6470ecd1bcbf,2026-07-23T19:00:00Z,2026-07-23T21:00:00+0200,192.84,EUR/MWh,NL,NL,day_ahead_price,value,2026-08-01T23:22:07Z
2026-08-01T23:18:50Z,2026-08-02T01:18:50+0200,914f204b-61c9-48d9-af2c-6470ecd1bcbf,2026-07-23T19:15:00Z,2026-07-23T21:15:00+0200,191.79,EUR/MWh,NL,NL,day_ahead_price,value,2026-08-01T23:22:07Z
2026-08-01T23:18:50Z,2026-08-02T01:18:50+0200,914f204b-61c9-48d9-af2c-6470ecd1bcbf,2026-07-23T19:30:00Z,2026-07-23T21:30:00+0200,189.7,EUR/MWh,NL,NL,day_ahead_price,value,2026-08-01T23:22:07Z
2026-08-01T23:18:50Z,2026-08-02T01:18:50+0200,914f204b-61c9-48d9-af2c-6470ecd1bcbf,2026-07-23T19:45:00Z,2026-07-23T21:45:00+0200,185.67,EUR/MWh,NL,NL,day_ahead_price,value,2026-08-01T23:22:07Z
2026-08-01T23:18:50Z,2026-08-02T01:18:50+0200,914f204b-61c9-48d9-af2c-6470ecd1bcbf,2026-07-23T20:00:00Z,2026-07-23T22:00:00+0200,195.92,EUR/MWh,NL,NL,day_ahead_price,value,2026-08-01T23:22:07Z
2026-08-01T23:18:50Z,2026-08-02T01:18:50+0200,914f204b-61c9-48d9-af2c-6470ecd1bcbf,2026-07-23T20:15:00Z,2026-07-23T22:15:00+0200,188.96,EUR/MWh,NL,NL,day_ahead_price,value,2026-08-01T23:22:07Z
2026-08-01T23:18:50Z,2026-08-02T01:18:50+0200,914f204b-61c9-48d9-af2c-6470ecd1bcbf,2026-07-23T20:30:00Z,2026-07-23T22:30:00+0200,184.29,EUR/MWh,NL,NL,day_ahead_price,value,2026-08-01T23:22:07Z
2026-08-01T23:18:50Z,2026-08-02T01:18:50+0200,914f204b-61c9-48d9-af2c-6470ecd1bcbf,2026-07-23T20:45:00Z,2026-07-23T22:45:00+0200,177.0,EUR/MWh,NL,NL,day_ahead_price,value,2026-08-01T23:22:07Z
2026-08-01T23:18:50Z,2026-08-02T01:18:50+0200,914f204b-61c9-48d9-af2c-6470ecd1bcbf,2026-07-23T21:00:00Z,2026-07-23T23:00:00+0200,181.68,EUR/MWh,NL,NL,day_ahead_price,value,2026-08-01T23:22:07Z
2026-08-01T23:18:50Z,2026-08-02T01:18:50+0200,914f204b-61c9-48d9-af2c-6470ecd1bcbf,2026-07-23T21:15:00Z,2026-07-23T23:15:00+0200,170.66,EUR/MWh,NL,NL,day_ahead_price,value,2026-08-01T23:22:07Z
2026-08-01T23:18:50Z,2026-08-02T01:18:50+0200,914f204b-61c9-48d9-af2c-6470ecd1bcbf,2026-07-23T21:30:00Z,2026-07-23T23:30:00+0200,166.94,EUR/MWh,NL,NL,day_ahead_price,value,2026-08-01T23:22:07Z
2026-08-01T23:18:50Z,2026-08-02T01:18:50+0200,914f204b-61c9-48d9-af2c-6470ecd1bcbf,2026-07-23T21:45:00Z,2026-07-23T23:45:00+0200,162.4,EUR/MWh,NL,NL,day_ahead_price,value,2026-08-01T23:22:07Z
2026-08-01T23:18:50Z,2026-08-02T01:18:50+0200,914f204b-61c9-48d9-af2c-6470ecd1bcbf,2026-07-23T22:00:00Z,2026-07-24T00:00:00+0200,168.22,EUR/MWh,NL,NL,day_ahead_price,value,2026-08-01T23:22:07Z
2026-08-01T23:18:50Z,2026-08-02T01:18:50+0200,914f204b-61c9-48d9-af2c-6470ecd1bcbf,2026-07-23T22:15:00Z,2026-07-24T00:15:00+0200,163.65,EUR/MWh,NL,NL,day_ahead_price,value,2026-08-01T23:22:07Z
2026-08-01T23:18:50Z,2026-08-02T01:18:50+0200,914f204b-61c9-48d9-af2c-6470ecd1bcbf,2026-07-23T22:30:00Z,2026-07-24T00:30:00+0200,160.58,EUR/MWh,NL,NL,day_ahead_price,value,2026-08-01T23:22:07Z
2026-08-01T23:18:50Z,2026-08-02T01:18:50+0200,914f204b-61c9-48d9-af2c-6470ecd1bcbf,2026-07-23T22:45:00Z,2026-07-24T00:45:00+0200,151.56,EUR/MWh,NL,NL,day_ahead_price,value,2026-08-01T23:22:07Z
2026-08-01T23:18:50Z,2026-08-02T01:18:50+0200,914f204b-61c9-48d9-af2c-6470ecd1bcbf,2026-07-23T23:00:00Z,2026-07-24T01:00:00+0200,162.54,EUR/MWh,NL,NL,day_ahead_price,value,2026-08-01T23:22:07Z
2026-08-01T23:18:50Z,2026-08-02T01:18:50+0200,914f204b-61c9-48d9-af2c-6470ecd1bcbf,2026-07-23T23:15:00Z,2026-07-24T01:15:00+0200,157.95,EUR/MWh,NL,NL,day_ahead_price,value,2026-08-01T23:22:07Z
2026-08-01T23:18:50Z,2026-08-02T01:18:50+0200,914f204b-61c9-48d9-af2c-6470ecd1bcbf,2026-07-23T23:30:00Z,2026-07-24T01:30:00+0200,155.89,EUR/MWh,NL,NL,day_ahead_price,value,2026-08-01T23:22:07Z
2026-08-01T23:18:50Z,2026-08-02T01:18:50+0200,914f204b-61c9-48d9-af2c-6470ecd1bcbf,2026-07-23T23:45:00Z,2026-07-24T01:45:00+0200,151.94,EUR/MWh,NL,NL,day_ahead_price,value,2026-08-01T23:22:07Z
2026-08-01T23:18:50Z,2026-08-02T01:18:50+0200,914f204b-61c9-48d9-af2c-6470ecd1bcbf,2026-07-24T00:00:00Z,2026-07-24T02:00:00+0200,155.26,EUR/MWh,NL,NL,day_ahead_price,value,2026-08-01T23:22:07Z
2026-08-01T23:18:50Z,2026-08-02T01:18:50+0200,914f204b-61c9-48d9-af2c-6470ecd1bcbf,2026-07-24T00:15:00Z,2026-07-24T02:15:00+0200,151.69,EUR/MWh,NL,NL,day_ahead_price,value,2026-08-01T23:22:07Z
2026-08-01T23:18:50Z,2026-08-02T01:18:50+0200,914f204b-61c9-48d9-af2c-6470ecd1bcbf,2026-07-24T00:30:00Z,2026-07-24T02:30:00+0200,148.43,EUR/MWh,NL,NL,day_ahead_price,value,2026-08-01T23:22:07Z
2026-08-01T23:18:50Z,2026-08-02T01:18:50+0200,914f204b-61c9-48d9-af2c-6470ecd1bcbf,2026-07-24T00:45:00Z,2026-07-24T02:45:00+0200,145.73,EUR/MWh,NL,NL,day_ahead_price,value,2026-08-01T23:22:07Z
2026-08-01T23:18:50Z,2026-08-02T01:18:50+0200,914f204b-61c9-48d9-af2c-6470ecd1bcbf,2026-07-24T01:00:00Z,2026-07-24T03:00:00+0200,154.45,EUR/MWh,NL,NL,day_ahead_price,value,2026-08-01T23:22:07Z
2026-08-01T23:18:50Z,2026-08-02T01:18:50+0200,914f204b-61c9-48d9-af2c-6470ecd1bcbf,2026-07-24T01:15:00Z,2026-07-24T03:15:00+0200,151.85,EUR/MWh,NL,NL,day_ahead_price,value,2026-08-01T23:22:07Z
2026-08-01T23:18:50Z,2026-08-02T01:18:50+0200,914f204b-61c9-48d9-af2c-6470ecd1bcbf,2026-07-24T01:30:00Z,2026-07-24T03:30:00+0200,151.69,EUR/MWh,NL,NL,day_ahead_price,value,2026-08-01T23:22:07Z
2026-08-01T23:18:50Z,2026-08-02T01:18:50+0200,914f204b-61c9-48d9-af2c-6470ecd1bcbf,2026-07-24T01:45:00Z,2026-07-24T03:45:00+0200,152.13,EUR/MWh,NL,NL,day_ahead_price,value,2026-08-01T23:22:07Z
2026-08-01T23:18:50Z,2026-08-02T01:18:50+0200,914f204b-61c9-48d9-af2c-6470ecd1bcbf,2026-07-24T02:00:00Z,2026-07-24T04:00:00+0200,149.73,EUR/MWh,NL,NL,day_ahead_price,value,2026-08-01T23:22:07Z
2026-08-01T23:18:50Z,2026-08-02T01:18:50+0200,914f204b-61c9-48d9-af2c-6470ecd1bcbf,2026-07-24T02:15:00Z,2026-07-24T04:15:00+0200,150.33,EUR/MWh,NL,NL,day_ahead_price,value,2026-08-01T23:22:07Z
2026-08-01T23:18:50Z,2026-08-02T01:18:50+0200,914f204b-61c9-48d9-af2c-6470ecd1bcbf,2026-07-24T02:30:00Z,2026-07-24T04:30:00+0200,151.0,EUR/MWh,NL,NL,day_ahead_price,value,2026-08-01T23:22:07Z
2026-08-01T23:18:50Z,2026-08-02T01:18:50+0200,914f204b-61c9-48d9-af2c-6470ecd1bcbf,2026-07-24T02:45:00Z,2026-07-24T04:45:00+0200,163.06,EUR/MWh,NL,NL,day_ahead_price,value,2026-08-01T23:22:07Z
2026-08-01T23:18:50Z,2026-08-02T01:18:50+0200,914f204b-61c9-48d9-af2c-6470ecd1bcbf,2026-07-24T03:00:00Z,2026-07-24T05:00:00+0200,153.15,EUR/MWh,NL,NL,day_ahead_price,value,2026-08-01T23:22:07Z
2026-08-01T23:18:50Z,2026-08-02T01:18:50+0200,914f204b-61c9-48d9-af2c-6470ecd1bcbf,2026-07-24T03:15:00Z,2026-07-24T05:15:00+0200,158.68,EUR/MWh,NL,NL,day_ahead_price,value,2026-08-01T23:22:07Z
2026-08-01T23:18:50Z,2026-08-02T01:18:50+0200,914f204b-61c9-48d9-af2c-6470ecd1bcbf,2026-07-24T03:30:00Z,2026-07-24T05:30:00+0200,165.85,EUR/MWh,NL,NL,day_ahead_price,value,2026-08-01T23:22:07Z
2026-08-01T23:18:50Z,2026-08-02T01:18:50+0200,914f204b-61c9-48d9-af2c-6470ecd1bcbf,2026-07-24T03:45:00Z,2026-07-24T05:45:00+0200,169.86,EUR/MWh,NL,NL,day_ahead_price,value,2026-08-01T23:22:07Z
2026-08-01T23:18:50Z,2026-08-02T01:18:50+0200,914f204b-61c9-48d9-af2c-6470ecd1bcbf,2026-07-24T04:00:00Z,2026-07-24T06:00:00+0200,168.45,EUR/MWh,NL,NL,day_ahead_price,value,2026-08-01T23:22:07Z
2026-08-01T23:18:50Z,2026-08-02T01:18:50+0200,914f204b-61c9-48d9-af2c-6470ecd1bcbf,2026-07-24T04:15:00Z,2026-07-24T06:15:00+0200,177.73,EUR/MWh,NL,NL,day_ahead_price,value,2026-08-01T23:22:07Z
2026-08-01T23:18:50Z,2026-08-02T01:18:50+0200,914f204b-61c9-48d9-af2c-6470ecd1bcbf,2026-07-24T04:30:00Z,2026-07-24T06:30:00+0200,175.31,EUR/MWh,NL,NL,day_ahead_price,value,2026-08-01T23:22:07Z
2026-08-01T23:18:50Z,2026-08-02T01:18:50+0200,914f204b-61c9-48d9-af2c-6470ecd1bcbf,2026-07-24T04:45:00Z,2026-07-24T06:45:00+0200,172.12,EUR/MWh,NL,NL,day_ahead_price,value,2026-08-01T23:22:07Z
2026-08-01T23:18:50Z,2026-08-02T01:18:50+0200,914f204b-61c9-48d9-af2c-6470ecd1bcbf,2026-07-24T05:00:00Z,2026-07-24T07:00:00+0200,178.28,EUR/MWh,NL,NL,day_ahead_price,value,2026-08-01T23:22:07Z
2026-08-01T23:18:50Z,2026-08-02T01:18:50+0200,914f204b-61c9-48d9-af2c-6470ecd1bcbf,2026-07-24T05:15:00Z,2026-07-24T07:15:00+0200,172.39,EUR/MWh,NL,NL,day_ahead_price,value,2026-08-01T23:22:07Z
2026-08-01T23:18:50Z,2026-08-02T01:18:50+0200,914f204b-61c9-48d9-af2c-6470ecd1bcbf,2026-07-24T05:30:00Z,2026-07-24T07:30:00+0200,167.43,EUR/MWh,NL,NL,day_ahead_price,value,2026-08-01T23:22:07Z
2026-08-01T23:18:50Z,2026-08-02T01:18:50+0200,914f204b-61c9-48d9-af2c-6470ecd1bcbf,2026-07-24T05:45:00Z,2026-07-24T07:45:00+0200,152.73,EUR/MWh,NL,NL,day_ahead_price,value,2026-08-01T23:22:07Z
2026-08-01T23:18:50Z,2026-08-02T01:18:50+0200,914f204b-61c9-48d9-af2c-6470ecd1bcbf,2026-07-24T06:00:00Z,2026-07-24T08:00:00+0200,173.99,EUR/MWh,NL,NL,day_ahead_price,value,2026-08-01T23:22:07Z
2026-08-01T23:18:50Z,2026-08-02T01:18:50+0200,914f204b-61c9-48d9-af2c-6470ecd1bcbf,2026-07-24T06:15:00Z,2026-07-24T08:15:00+0200,166.76,EUR/MWh,NL,NL,day_ahead_price,value,2026-08-01T23:22:07Z
2026-08-01T23:18:50Z,2026-08-02T01:18:50+0200,914f204b-61c9-48d9-af2c-6470ecd1bcbf,2026-07-24T06:30:00Z,2026-07-24T08:30:00+0200,159.08,EUR/MWh,NL,NL,day_ahead_price,value,2026-08-01T23:22:07Z
2026-08-01T23:18:50Z,2026-08-02T01:18:50+0200,914f204b-61c9-48d9-af2c-6470ecd1bcbf,2026-07-24T06:45:00Z,2026-07-24T08:45:00+0200,139.84,EUR/MWh,NL,NL,day_ahead_price,value,2026-08-01T23:22:07Z
2026-08-01T23:18:50Z,2026-08-02T01:18:50+0200,914f204b-61c9-48d9-af2c-6470ecd1bcbf,2026-07-24T07:00:00Z,2026-07-24T09:00:00+0200,169.74,EUR/MWh,NL,NL,day_ahead_price,value,2026-08-01T23:22:07Z
2026-08-01T23:18:50Z,2026-08-02T01:18:50+0200,914f204b-61c9-48d9-af2c-6470ecd1bcbf,2026-07-24T07:15:00Z,2026-07-24T09:15:00+0200,133.75,EUR/MWh,NL,NL,day_ahead_price,value,2026-08-01T23:22:07Z
2026-08-01T23:18:50Z,2026-08-02T01:18:50+0200,914f204b-61c9-48d9-af2c-6470ecd1bcbf,2026-07-24T07:30:00Z,2026-07-24T09:30:00+0200,118.55,EUR/MWh,NL,NL,day_ahead_price,value,2026-08-01T23:22:07Z
2026-08-01T23:18:50Z,2026-08-02T01:18:50+0200,914f204b-61c9-48d9-af2c-6470ecd1bcbf,2026-07-24T07:45:00Z,2026-07-24T09:45:00+0200,119.67,EUR/MWh,NL,NL,day_ahead_price,value,2026-08-01T23:22:07Z
2026-08-01T23:18:50Z,2026-08-02T01:18:50+0200,914f204b-61c9-48d9-af2c-6470ecd1bcbf,2026-07-24T08:00:00Z,2026-07-24T10:00:00+0200,124.14,EUR/MWh,NL,NL,day_ahead_price,value,2026-08-01T23:22:07Z
2026-08-01T23:18:50Z,2026-08-02T01:18:50+0200,914f204b-61c9-48d9-af2c-6470ecd1bcbf,2026-07-24T08:15:00Z,2026-07-24T10:15:00+0200,115.25,EUR/MWh,NL,NL,day_ahead_price,value,2026-08-01T23:22:07Z
2026-08-01T23:18:50Z,2026-08-02T01:18:50+0200,914f204b-61c9-48d9-af2c-6470ecd1bcbf,2026-07-24T08:30:00Z,2026-07-24T10:30:00+0200,109.25,EUR/MWh,NL,NL,day_ahead_price,value,2026-08-01T23:22:07Z
2026-08-01T23:18:50Z,2026-08-02T01:18:50+0200,914f204b-61c9-48d9-af2c-6470ecd1bcbf,2026-07-24T08:45:00Z,2026-07-24T10:45:00+0200,102.12,EUR/MWh,NL,NL,day_ahead_price,value,2026-08-01T23:22:07Z
2026-08-01T23:18:50Z,2026-08-02T01:18:50+0200,914f204b-61c9-48d9-af2c-6470ecd1bcbf,2026-07-24T09:00:00Z,2026-07-24T11:00:00+0200,104.0,EUR/MWh,NL,NL,day_ahead_price,value,2026-08-01T23:22:07Z
2026-08-01T23:18:50Z,2026-08-02T01:18:50+0200,914f204b-61c9-48d9-af2c-6470ecd1bcbf,2026-07-24T09:15:00Z,2026-07-24T11:15:00+0200,96.22,EUR/MWh,NL,NL,day_ahead_price,value,2026-08-01T23:22:07Z
2026-08-01T23:18:50Z,2026-08-02T01:18:50+0200,914f204b-61c9-48d9-af2c-6470ecd1bcbf,2026-07-24T09:30:00Z,2026-07-24T11:30:00+0200,80.49,EUR/MWh,NL,NL,day_ahead_price,value,2026-08-01T23:22:07Z
2026-08-01T23:18:50Z,2026-08-02T01:18:50+0200,914f204b-61c9-48d9-af2c-6470ecd1bcbf,2026-07-24T09:45:00Z,2026-07-24T11:45:00+0200,64.93,EUR/MWh,NL,NL,day_ahead_price,value,2026-08-01T23:22:07Z
2026-08-01T23:18:50Z,2026-08-02T01:18:50+0200,914f204b-61c9-48d9-af2c-6470ecd1bcbf,2026-07-24T10:00:00Z,2026-07-24T12:00:00+0200,70.41,EUR/MWh,NL,NL,day_ahead_price,value,2026-08-01T23:22:07Z
2026-08-01T23:18:50Z,2026-08-02T01:18:50+0200,914f204b-61c9-48d9-af2c-6470ecd1bcbf,2026-07-24T10:15:00Z,2026-07-24T12:15:00+0200,73.87,EUR/MWh,NL,NL,day_ahead_price,value,2026-08-01T23:22:07Z
2026-08-01T23:18:50Z,2026-08-02T01:18:50+0200,914f204b-61c9-48d9-af2c-6470ecd1bcbf,2026-07-24T10:30:00Z,2026-07-24T12:30:00+0200,54.76,EUR/MWh,NL,NL,day_ahead_price,value,2026-08-01T23:22:07Z
2026-08-01T23:18:50Z,2026-08-02T01:18:50+0200,914f204b-61c9-48d9-af2c-6470ecd1bcbf,2026-07-24T10:45:00Z,2026-07-24T12:45:00+0200,36.14,EUR/MWh,NL,NL,day_ahead_price,value,2026-08-01T23:22:07Z
2026-08-01T23:18:50Z,2026-08-02T01:18:50+0200,914f204b-61c9-48d9-af2c-6470ecd1bcbf,2026-07-24T11:00:00Z,2026-07-24T13:00:00+0200,53.07,EUR/MWh,NL,NL,day_ahead_price,value,2026-08-01T23:22:07Z
2026-08-01T23:18:50Z,2026-08-02T01:18:50+0200,914f204b-61c9-48d9-af2c-6470ecd1bcbf,2026-07-24T11:15:00Z,2026-07-24T13:15:00+0200,33.67,EUR/MWh,NL,NL,day_ahead_price,value,2026-08-01T23:22:07Z
2026-08-01T23:18:50Z,2026-08-02T01:18:50+0200,914f204b-61c9-48d9-af2c-6470ecd1bcbf,2026-07-24T11:30:00Z,2026-07-24T13:30:00+0200,24.84,EUR/MWh,NL,NL,day_ahead_price,value,2026-08-01T23:22:07Z
2026-08-01T23:18:50Z,2026-08-02T01:18:50+0200,914f204b-61c9-48d9-af2c-6470ecd1bcbf,2026-07-24T11:45:00Z,2026-07-24T13:45:00+0200,12.22,EUR/MWh,NL,NL,day_ahead_price,value,2026-08-01T23:22:07Z
2026-08-01T23:18:50Z,2026-08-02T01:18:50+0200,914f204b-61c9-48d9-af2c-6470ecd1bcbf,2026-07-24T12:00:00Z,2026-07-24T14:00:00+0200,9.17,EUR/MWh,NL,NL,day_ahead_price,value,2026-08-01T23:22:07Z
2026-08-01T23:18:50Z,2026-08-02T01:18:50+0200,914f204b-61c9-48d9-af2c-6470ecd1bcbf,2026-07-24T12:15:00Z,2026-07-24T14:15:00+0200,8.6,EUR/MWh,NL,NL,day_ahead_price,value,2026-08-01T23:22:07Z
2026-08-01T23:18:50Z,2026-08-02T01:18:50+0200,914f204b-61c9-48d9-af2c-6470ecd1bcbf,2026-07-24T12:30:00Z,2026-07-24T14:30:00+0200,9.35,EUR/MWh,NL,NL,day_ahead_price,value,2026-08-01T23:22:07Z
2026-08-01T23:18:50Z,2026-08-02T01:18:50+0200,914f204b-61c9-48d9-af2c-6470ecd1bcbf,2026-07-24T12:45:00Z,2026-07-24T14:45:00+0200,14.34,EUR/MWh,NL,NL,day_ahead_price,value,2026-08-01T23:22:07Z
2026-08-01T23:18:50Z,2026-08-02T01:18:50+0200,914f204b-61c9-48d9-af2c-6470ecd1bcbf,2026-07-24T13:00:00Z,2026-07-24T15:00:00+0200,3.86,EUR/MWh,NL,NL,day_ahead_price,value,2026-08-01T23:22:07Z
2026-08-01T23:18:50Z,2026-08-02T01:18:50+0200,914f204b-61c9-48d9-af2c-6470ecd1bcbf,2026-07-24T13:15:00Z,2026-07-24T15:15:00+0200,7.15,EUR/MWh,NL,NL,day_ahead_price,value,2026-08-01T23:22:07Z
2026-08-01T23:18:50Z,2026-08-02T01:18:50+0200,914f204b-61c9-48d9-af2c-6470ecd1bcbf,2026-07-24T13:30:00Z,2026-07-24T15:30:00+0200,20.11,EUR/MWh,NL,NL,day_ahead_price,value,2026-08-01T23:22:07Z
2026-08-01T23:18:50Z,2026-08-02T01:18:50+0200,914f204b-61c9-48d9-af2c-6470ecd1bcbf,2026-07-24T13:45:00Z,2026-07-24T15:45:00+0200,39.91,EUR/MWh,NL,NL,day_ahead_price,value,2026-08-01T23:22:07Z
2026-08-01T23:18:50Z,2026-08-02T01:18:50+0200,914f204b-61c9-48d9-af2c-6470ecd1bcbf,2026-07-24T14:00:00Z,2026-07-24T16:00:00+0200,29.7,EUR/MWh,NL,NL,day_ahead_price,value,2026-08-01T23:22:07Z
2026-08-01T23:18:50Z,2026-08-02T01:18:50+0200,914f204b-61c9-48d9-af2c-6470ecd1bcbf,2026-07-24T14:15:00Z,2026-07-24T16:15:00+0200,55.16,EUR/MWh,NL,NL,day_ahead_price,value,2026-08-01T23:22:07Z
2026-08-01T23:18:50Z,2026-08-02T01:18:50+0200,914f204b-61c9-48d9-af2c-6470ecd1bcbf,2026-07-24T14:30:00Z,2026-07-24T16:30:00+0200,74.31,EUR/MWh,NL,NL,day_ahead_price,value,2026-08-01T23:22:07Z
2026-08-01T23:18:50Z,2026-08-02T01:18:50+0200,914f204b-61c9-48d9-af2c-6470ecd1bcbf,2026-07-24T14:45:00Z,2026-07-24T16:45:00+0200,92.83,EUR/MWh,NL,NL,day_ahead_price,value,2026-08-01T23:22:07Z
2026-08-01T23:18:50Z,2026-08-02T01:18:50+0200,914f204b-61c9-48d9-af2c-6470ecd1bcbf,2026-07-24T15:00:00Z,2026-07-24T17:00:00+0200,70.43,EUR/MWh,NL,NL,day_ahead_price,value,2026-08-01T23:22:07Z
2026-08-01T23:18:50Z,2026-08-02T01:18:50+0200,914f204b-61c9-48d9-af2c-6470ecd1bcbf,2026-07-24T15:15:00Z,2026-07-24T17:15:00+0200,103.17,EUR/MWh,NL,NL,day_ahead_price,value,2026-08-01T23:22:07Z
2026-08-01T23:18:50Z,2026-08-02T01:18:50+0200,914f204b-61c9-48d9-af2c-6470ecd1bcbf,2026-07-24T15:30:00Z,2026-07-24T17:30:00+0200,120.13,EUR/MWh,NL,NL,day_ahead_price,value,2026-08-01T23:22:07Z
2026-08-01T23:18:50Z,2026-08-02T01:18:50+0200,914f204b-61c9-48d9-af2c-6470ecd1bcbf,2026-07-24T15:45:00Z,2026-07-24T17:45:00+0200,140.87,EUR/MWh,NL,NL,day_ahead_price,value,2026-08-01T23:22:07Z
2026-08-01T23:18:50Z,2026-08-02T01:18:50+0200,914f204b-61c9-48d9-af2c-6470ecd1bcbf,2026-07-24T16:00:00Z,2026-07-24T18:00:00+0200,123.26,EUR/MWh,NL,NL,day_ahead_price,value,2026-08-01T23:22:07Z
2026-08-01T23:18:50Z,2026-08-02T01:18:50+0200,914f204b-61c9-48d9-af2c-6470ecd1bcbf,2026-07-24T16:15:00Z,2026-07-24T18:15:00+0200,145.4,EUR/MWh,NL,NL,day_ahead_price,value,2026-08-01T23:22:07Z
2026-08-01T23:18:50Z,2026-08-02T01:18:50+0200,914f204b-61c9-48d9-af2c-6470ecd1bcbf,2026-07-24T16:30:00Z,2026-07-24T18:30:00+0200,160.02,EUR/MWh,NL,NL,day_ahead_price,value,2026-08-01T23:22:07Z
2026-08-01T23:18:50Z,2026-08-02T01:18:50+0200,914f204b-61c9-48d9-af2c-6470ecd1bcbf,2026-07-24T16:45:00Z,2026-07-24T18:45:00+0200,179.82,EUR/MWh,NL,NL,day_ahead_price,value,2026-08-01T23:22:07Z
2026-08-01T23:18:50Z,2026-08-02T01:18:50+0200,914f204b-61c9-48d9-af2c-6470ecd1bcbf,2026-07-24T17:00:00Z,2026-07-24T19:00:00+0200,149.31,EUR/MWh,NL,NL,day_ahead_price,value,2026-08-01T23:22:07Z
2026-08-01T23:18:50Z,2026-08-02T01:18:50+0200,914f204b-61c9-48d9-af2c-6470ecd1bcbf,2026-07-24T17:15:00Z,2026-07-24T19:15:00+0200,173.61,EUR/MWh,NL,NL,day_ahead_price,value,2026-08-01T23:22:07Z
2026-08-01T23:18:50Z,2026-08-02T01:18:50+0200,914f204b-61c9-48d9-af2c-6470ecd1bcbf,2026-07-24T17:30:00Z,2026-07-24T19:30:00+0200,190.23,EUR/MWh,NL,NL,day_ahead_price,value,2026-08-01T23:22:07Z
2026-08-01T23:18:50Z,2026-08-02T01:18:50+0200,914f204b-61c9-48d9-af2c-6470ecd1bcbf,2026-07-24T17:45:00Z,2026-07-24T19:45:00+0200,204.95,EUR/MWh,NL,NL,day_ahead_price,value,2026-08-01T23:22:07Z
2026-08-01T23:18:50Z,2026-08-02T01:18:50+0200,914f204b-61c9-48d9-af2c-6470ecd1bcbf,2026-07-24T18:00:00Z,2026-07-24T20:00:00+0200,188.54,EUR/MWh,NL,NL,day_ahead_price,value,2026-08-01T23:22:07Z
2026-08-01T23:18:50Z,2026-08-02T01:18:50+0200,914f204b-61c9-48d9-af2c-6470ecd1bcbf,2026-07-24T18:15:00Z,2026-07-24T20:15:00+0200,194.59,EUR/MWh,NL,NL,day_ahead_price,value,2026-08-01T23:22:07Z
2026-08-01T23:18:50Z,2026-08-02T01:18:50+0200,914f204b-61c9-48d9-af2c-6470ecd1bcbf,2026-07-24T18:30:00Z,2026-07-24T20:30:00+0200,207.21,EUR/MWh,NL,NL,day_ahead_price,value,2026-08-01T23:22:07Z
2026-08-01T23:18:50Z,2026-08-02T01:18:50+0200,914f204b-61c9-48d9-af2c-6470ecd1bcbf,2026-07-24T18:45:00Z,2026-07-24T20:45:00+0200,213.38,EUR/MWh,NL,NL,day_ahead_price,value,2026-08-01T23:22:07Z
2026-08-01T23:18:50Z,2026-08-02T01:18:50+0200,914f204b-61c9-48d9-af2c-6470ecd1bcbf,2026-07-24T19:00:00Z,2026-07-24T21:00:00+0200,210.53,EUR/MWh,NL,NL,day_ahead_price,value,2026-08-01T23:22:07Z
2026-08-01T23:18:50Z,2026-08-02T01:18:50+0200,914f204b-61c9-48d9-af2c-6470ecd1bcbf,2026-07-24T19:15:00Z,2026-07-24T21:15:00+0200,207.8,EUR/MWh,NL,NL,day_ahead_price,value,2026-08-01T23:22:07Z
2026-08-01T23:18:50Z,2026-08-02T01:18:50+0200,914f204b-61c9-48d9-af2c-6470ecd1bcbf,2026-07-24T19:30:00Z,2026-07-24T21:30:00+0200,201.88,EUR/MWh,NL,NL,day_ahead_price,value,2026-08-01T23:22:07Z
2026-08-01T23:18:50Z,2026-08-02T01:18:50+0200,914f204b-61c9-48d9-af2c-6470ecd1bcbf,2026-07-24T19:45:00Z,2026-07-24T21:45:00+0200,195.72,EUR/MWh,NL,NL,day_ahead_price,value,2026-08-01T23:22:07Z
2026-08-01T23:18:50Z,2026-08-02T01:18:50+0200,914f204b-61c9-48d9-af2c-6470ecd1bcbf,2026-07-24T20:00:00Z,2026-07-24T22:00:00+0200,208.26,EUR/MWh,NL,NL,day_ahead_price,value,2026-08-01T23:22:07Z
2026-08-01T23:18:50Z,2026-08-02T01:18:50+0200,914f204b-61c9-48d9-af2c-6470ecd1bcbf,2026-07-24T20:15:00Z,2026-07-24T22:15:00+0200,197.9,EUR/MWh,NL,NL,day_ahead_price,value,2026-08-01T23:22:07Z
2026-08-01T23:18:50Z,2026-08-02T01:18:50+0200,914f204b-61c9-48d9-af2c-6470ecd1bcbf,2026-07-24T20:30:00Z,2026-07-24T22:30:00+0200,188.64,EUR/MWh,NL,NL,day_ahead_price,value,2026-08-01T23:22:07Z
2026-08-01T23:18:50Z,2026-08-02T01:18:50+0200,914f204b-61c9-48d9-af2c-6470ecd1bcbf,2026-07-24T20:45:00Z,2026-07-24T22:45:00+0200,184.5,EUR/MWh,NL,NL,day_ahead_price,value,2026-08-01T23:22:07Z
2026-08-01T23:18:50Z,2026-08-02T01:18:50+0200,914f204b-61c9-48d9-af2c-6470ecd1bcbf,2026-07-24T21:00:00Z,2026-07-24T23:00:00+0200,185.48,EUR/MWh,NL,NL,day_ahead_price,value,2026-08-01T23:22:07Z
2026-08-01T23:18:50Z,2026-08-02T01:18:50+0200,914f204b-61c9-48d9-af2c-6470ecd1bcbf,2026-07-24T21:15:00Z,2026-07-24T23:15:00+0200,183.0,EUR/MWh,NL,NL,day_ahead_price,value,2026-08-01T23:22:07Z
2026-08-01T23:18:50Z,2026-08-02T01:18:50+0200,914f204b-61c9-48d9-af2c-6470ecd1bcbf,2026-07-24T21:30:00Z,2026-07-24T23:30:00+0200,181.31,EUR/MWh,NL,NL,day_ahead_price,value,2026-08-01T23:22:07Z
2026-08-01T23:18:50Z,2026-08-02T01:18:50+0200,914f204b-61c9-48d9-af2c-6470ecd1bcbf,2026-07-24T21:45:00Z,2026-07-24T23:45:00+0200,170.67,EUR/MWh,NL,NL,day_ahead_price,value,2026-08-01T23:22:07Z
2026-08-01T23:18:50Z,2026-08-02T01:18:50+0200,914f204b-61c9-48d9-af2c-6470ecd1bcbf,2026-07-24T22:00:00Z,2026-07-25T00:00:00+0200,175.92,EUR/MWh,NL,NL,day_ahead_price,value,2026-08-01T23:22:07Z
2026-08-01T23:18:50Z,2026-08-02T01:18:50+0200,914f204b-61c9-48d9-af2c-6470ecd1bcbf,2026-07-24T22:15:00Z,2026-07-25T00:15:00+0200,168.63,EUR/MWh,NL,NL,day_ahead_price,value,2026-08-01T23:22:07Z
2026-08-01T23:18:50Z,2026-08-02T01:18:50+0200,914f204b-61c9-48d9-af2c-6470ecd1bcbf,2026-07-24T22:30:00Z,2026-07-25T00:30:00+0200,164.66,EUR/MWh,NL,NL,day_ahead_price,value,2026-08-01T23:22:07Z
2026-08-01T23:18:50Z,2026-08-02T01:18:50+0200,914f204b-61c9-48d9-af2c-6470ecd1bcbf,2026-07-24T22:45:00Z,2026-07-25T00:45:00+0200,154.18,EUR/MWh,NL,NL,day_ahead_price,value,2026-08-01T23:22:07Z
2026-08-01T23:18:50Z,2026-08-02T01:18:50+0200,914f204b-61c9-48d9-af2c-6470ecd1bcbf,2026-07-24T23:00:00Z,2026-07-25T01:00:00+0200,170.01,EUR/MWh,NL,NL,day_ahead_price,value,2026-08-01T23:22:07Z
2026-08-01T23:18:50Z,2026-08-02T01:18:50+0200,914f204b-61c9-48d9-af2c-6470ecd1bcbf,2026-07-24T23:15:00Z,2026-07-25T01:15:00+0200,156.89,EUR/MWh,NL,NL,day_ahead_price,value,2026-08-01T23:22:07Z
2026-08-01T23:18:50Z,2026-08-02T01:18:50+0200,914f204b-61c9-48d9-af2c-6470ecd1bcbf,2026-07-24T23:30:00Z,2026-07-25T01:30:00+0200,161.64,EUR/MWh,NL,NL,day_ahead_price,value,2026-08-01T23:22:07Z
2026-08-01T23:18:50Z,2026-08-02T01:18:50+0200,914f204b-61c9-48d9-af2c-6470ecd1bcbf,2026-07-24T23:45:00Z,2026-07-25T01:45:00+0200,158.1,EUR/MWh,NL,NL,day_ahead_price,value,2026-08-01T23:22:07Z
2026-08-01T23:18:50Z,2026-08-02T01:18:50+0200,914f204b-61c9-48d9-af2c-6470ecd1bcbf,2026-07-25T00:00:00Z,2026-07-25T02:00:00+0200,162.0,EUR/MWh,NL,NL,day_ahead_price,value,2026-08-01T23:22:07Z
2026-08-01T23:18:50Z,2026-08-02T01:18:50+0200,914f204b-61c9-48d9-af2c-6470ecd1bcbf,2026-07-25T00:15:00Z,2026-07-25T02:15:00+0200,157.83,EUR/MWh,NL,NL,day_ahead_price,value,2026-08-01T23:22:07Z
2026-08-01T23:18:50Z,2026-08-02T01:18:50+0200,914f204b-61c9-48d9-af2c-6470ecd1bcbf,2026-07-25T00:30:00Z,2026-07-25T02:30:00+0200,159.06,EUR/MWh,NL,NL,day_ahead_price,value,2026-08-01T23:22:07Z
2026-08-01T23:18:50Z,2026-08-02T01:18:50+0200,914f204b-61c9-48d9-af2c-6470ecd1bcbf,2026-07-25T00:45:00Z,2026-07-25T02:45:00+0200,154.49,EUR/MWh,NL,NL,day_ahead_price,value,2026-08-01T23:22:07Z
2026-08-01T23:18:50Z,2026-08-02T01:18:50+0200,914f204b-61c9-48d9-af2c-6470ecd1bcbf,2026-07-25T01:00:00Z,2026-07-25T03:00:00+0200,156.42,EUR/MWh,NL,NL,day_ahead_price,value,2026-08-01T23:22:07Z
2026-08-01T23:18:50Z,2026-08-02T01:18:50+0200,914f204b-61c9-48d9-af2c-6470ecd1bcbf,2026-07-25T01:15:00Z,2026-07-25T03:15:00+0200,156.85,EUR/MWh,NL,NL,day_ahead_price,value,2026-08-01T23:22:07Z
2026-08-01T23:18:50Z,2026-08-02T01:18:50+0200,914f204b-61c9-48d9-af2c-6470ecd1bcbf,2026-07-25T01:30:00Z,2026-07-25T03:30:00+0200,156.23,EUR/MWh,NL,NL,day_ahead_price,value,2026-08-01T23:22:07Z
2026-08-01T23:18:50Z,2026-08-02T01:18:50+0200,914f204b-61c9-48d9-af2c-6470ecd1bcbf,2026-07-25T01:45:00Z,2026-07-25T03:45:00+0200,152.0,EUR/MWh,NL,NL,day_ahead_price,value,2026-08-01T23:22:07Z
2026-08-01T23:18:50Z,2026-08-02T01:18:50+0200,914f204b-61c9-48d9-af2c-6470ecd1bcbf,2026-07-25T02:00:00Z,2026-07-25T04:00:00+0200,149.29,EUR/MWh,NL,NL,day_ahead_price,value,2026-08-01T23:22:07Z
2026-08-01T23:18:50Z,2026-08-02T01:18:50+0200,914f204b-61c9-48d9-af2c-6470ecd1bcbf,2026-07-25T02:15:00Z,2026-07-25T04:15:00+0200,146.88,EUR/MWh,NL,NL,day_ahead_price,value,2026-08-01T23:22:07Z
2026-08-01T23:18:50Z,2026-08-02T01:18:50+0200,914f204b-61c9-48d9-af2c-6470ecd1bcbf,2026-07-25T02:30:00Z,2026-07-25T04:30:00+0200,146.58,EUR/MWh,NL,NL,day_ahead_price,value,2026-08-01T23:22:07Z
2026-08-01T23:18:50Z,2026-08-02T01:18:50+0200,914f204b-61c9-48d9-af2c-6470ecd1bcbf,2026-07-25T02:45:00Z,2026-07-25T04:45:00+0200,149.17,EUR/MWh,NL,NL,day_ahead_price,value,2026-08-01T23:22:07Z
2026-08-01T23:18:50Z,2026-08-02T01:18:50+0200,914f204b-61c9-48d9-af2c-6470ecd1bcbf,2026-07-25T03:00:00Z,2026-07-25T05:00:00+0200,145.76,EUR/MWh,NL,NL,day_ahead_price,value,2026-08-01T23:22:07Z
2026-08-01T23:18:50Z,2026-08-02T01:18:50+0200,914f204b-61c9-48d9-af2c-6470ecd1bcbf,2026-07-25T03:15:00Z,2026-07-25T05:15:00+0200,145.6,EUR/MWh,NL,NL,day_ahead_price,value,2026-08-01T23:22:07Z
2026-08-01T23:18:50Z,2026-08-02T01:18:50+0200,914f204b-61c9-48d9-af2c-6470ecd1bcbf,2026-07-25T03:30:00Z,2026-07-25T05:30:00+0200,147.97,EUR/MWh,NL,NL,day_ahead_price,value,2026-08-01T23:22:07Z
2026-08-01T23:18:50Z,2026-08-02T01:18:50+0200,914f204b-61c9-48d9-af2c-6470ecd1bcbf,2026-07-25T03:45:00Z,2026-07-25T05:45:00+0200,140.76,EUR/MWh,NL,NL,day_ahead_price,value,2026-08-01T23:22:07Z
2026-08-01T23:18:50Z,2026-08-02T01:18:50+0200,914f204b-61c9-48d9-af2c-6470ecd1bcbf,2026-07-25T04:00:00Z,2026-07-25T06:00:00+0200,155.34,EUR/MWh,NL,NL,day_ahead_price,value,2026-08-01T23:22:07Z
2026-08-01T23:18:50Z,2026-08-02T01:18:50+0200,914f204b-61c9-48d9-af2c-6470ecd1bcbf,2026-07-25T04:15:00Z,2026-07-25T06:15:00+0200,135.92,EUR/MWh,NL,NL,day_ahead_price,value,2026-08-01T23:22:07Z
2026-08-01T23:18:50Z,2026-08-02T01:18:50+0200,914f204b-61c9-48d9-af2c-6470ecd1bcbf,2026-07-25T04:30:00Z,2026-07-25T06:30:00+0200,129.1,EUR/MWh,NL,NL,day_ahead_price,value,2026-08-01T23:22:07Z
2026-08-01T23:18:50Z,2026-08-02T01:18:50+0200,914f204b-61c9-48d9-af2c-6470ecd1bcbf,2026-07-25T04:45:00Z,2026-07-25T06:45:00+0200,117.46,EUR/MWh,NL,NL,day_ahead_price,value,2026-08-01T23:22:07Z
2026-08-01T23:18:50Z,2026-08-02T01:18:50+0200,914f204b-61c9-48d9-af2c-6470ecd1bcbf,2026-07-25T05:00:00Z,2026-07-25T07:00:00+0200,135.55,EUR/MWh,NL,NL,day_ahead_price,value,2026-08-01T23:22:07Z
2026-08-01T23:18:50Z,2026-08-02T01:18:50+0200,914f204b-61c9-48d9-af2c-6470ecd1bcbf,2026-07-25T05:15:00Z,2026-07-25T07:15:00+0200,119.85,EUR/MWh,NL,NL,day_ahead_price,value,2026-08-01T23:22:07Z
2026-08-01T23:18:50Z,2026-08-02T01:18:50+0200,914f204b-61c9-48d9-af2c-6470ecd1bcbf,2026-07-25T05:30:00Z,2026-07-25T07:30:00+0200,107.52,EUR/MWh,NL,NL,day_ahead_price,value,2026-08-01T23:22:07Z
2026-08-01T23:18:50Z,2026-08-02T01:18:50+0200,914f204b-61c9-48d9-af2c-6470ecd1bcbf,2026-07-25T05:45:00Z,2026-07-25T07:45:00+0200,97.31,EUR/MWh,NL,NL,day_ahead_price,value,2026-08-01T23:22:07Z
2026-08-01T23:18:50Z,2026-08-02T01:18:50+0200,914f204b-61c9-48d9-af2c-6470ecd1bcbf,2026-07-25T06:00:00Z,2026-07-25T08:00:00+0200,123.36,EUR/MWh,NL,NL,day_ahead_price,value,2026-08-01T23:22:07Z
2026-08-01T23:18:50Z,2026-08-02T01:18:50+0200,914f204b-61c9-48d9-af2c-6470ecd1bcbf,2026-07-25T06:15:00Z,2026-07-25T08:15:00+0200,103.02,EUR/MWh,NL,NL,day_ahead_price,value,2026-08-01T23:22:07Z
2026-08-01T23:18:50Z,2026-08-02T01:18:50+0200,914f204b-61c9-48d9-af2c-6470ecd1bcbf,2026-07-25T06:30:00Z,2026-07-25T08:30:00+0200,80.29,EUR/MWh,NL,NL,day_ahead_price,value,2026-08-01T23:22:07Z
2026-08-01T23:18:50Z,2026-08-02T01:18:50+0200,914f204b-61c9-48d9-af2c-6470ecd1bcbf,2026-07-25T06:45:00Z,2026-07-25T08:45:00+0200,29.08,EUR/MWh,NL,NL,day_ahead_price,value,2026-08-01T23:22:07Z
2026-08-01T23:18:50Z,2026-08-02T01:18:50+0200,914f204b-61c9-48d9-af2c-6470ecd1bcbf,2026-07-25T07:00:00Z,2026-07-25T09:00:00+0200,39.42,EUR/MWh,NL,NL,day_ahead_price,value,2026-08-01T23:22:07Z
2026-08-01T23:18:50Z,2026-08-02T01:18:50+0200,914f204b-61c9-48d9-af2c-6470ecd1bcbf,2026-07-25T07:15:00Z,2026-07-25T09:15:00+0200,5.03,EUR/MWh,NL,NL,day_ahead_price,value,2026-08-01T23:22:07Z
2026-08-01T23:18:50Z,2026-08-02T01:18:50+0200,914f204b-61c9-48d9-af2c-6470ecd1bcbf,2026-07-25T07:30:00Z,2026-07-25T09:30:00+0200,0.01,EUR/MWh,NL,NL,day_ahead_price,value,2026-08-01T23:22:07Z
2026-08-01T23:18:50Z,2026-08-02T01:18:50+0200,914f204b-61c9-48d9-af2c-6470ecd1bcbf,2026-07-25T07:45:00Z,2026-07-25T09:45:00+0200,0.0,EUR/MWh,NL,NL,day_ahead_price,value,2026-08-01T23:22:07Z
2026-08-01T23:18:50Z,2026-08-02T01:18:50+0200,914f204b-61c9-48d9-af2c-6470ecd1bcbf,2026-07-25T08:00:00Z,2026-07-25T10:00:00+0200,0.0,EUR/MWh,NL,NL,day_ahead_price,value,2026-08-01T23:22:07Z
2026-08-01T23:18:50Z,2026-08-02T01:18:50+0200,914f204b-61c9-48d9-af2c-6470ecd1bcbf,2026-07-25T08:15:00Z,2026-07-25T10:15:00+0200,-0.01,EUR/MWh,NL,NL,day_ahead_price,value,2026-08-01T23:22:07Z
2026-08-01T23:18:50Z,2026-08-02T01:18:50+0200,914f204b-61c9-48d9-af2c-6470ecd1bcbf,2026-07-25T08:30:00Z,2026-07-25T10:30:00+0200,-0.07,EUR/MWh,NL,NL,day_ahead_price,value,2026-08-01T23:22:07Z
2026-08-01T23:18:50Z,2026-08-02T01:18:50+0200,914f204b-61c9-48d9-af2c-6470ecd1bcbf,2026-07-25T08:45:00Z,2026-07-25T10:45:00+0200,-0.39,EUR/MWh,NL,NL,day_ahead_price,value,2026-08-01T23:22:07Z
2026-08-01T23:18:50Z,2026-08-02T01:18:50+0200,914f204b-61c9-48d9-af2c-6470ecd1bcbf,2026-07-25T09:00:00Z,2026-07-25T11:00:00+0200,-0.82,EUR/MWh,NL,NL,day_ahead_price,value,2026-08-01T23:22:07Z
2026-08-01T23:18:50Z,2026-08-02T01:18:50+0200,914f204b-61c9-48d9-af2c-6470ecd1bcbf,2026-07-25T09:15:00Z,2026-07-25T11:15:00+0200,-1.19,EUR/MWh,NL,NL,day_ahead_price,value,2026-08-01T23:22:07Z
2026-08-01T23:18:50Z,2026-08-02T01:18:50+0200,914f204b-61c9-48d9-af2c-6470ecd1bcbf,2026-07-25T09:30:00Z,2026-07-25T11:30:00+0200,-3.41,EUR/MWh,NL,NL,day_ahead_price,value,2026-08-01T23:22:07Z
2026-08-01T23:18:50Z,2026-08-02T01:18:50+0200,914f204b-61c9-48d9-af2c-6470ecd1bcbf,2026-07-25T09:45:00Z,2026-07-25T11:45:00+0200,-5.01,EUR/MWh,NL,NL,day_ahead_price,value,2026-08-01T23:22:07Z
2026-08-01T23:18:50Z,2026-08-02T01:18:50+0200,914f204b-61c9-48d9-af2c-6470ecd1bcbf,2026-07-25T10:00:00Z,2026-07-25T12:00:00+0200,-4.82,EUR/MWh,NL,NL,day_ahead_price,value,2026-08-01T23:22:07Z
2026-08-01T23:18:50Z,2026-08-02T01:18:50+0200,914f204b-61c9-48d9-af2c-6470ecd1bcbf,2026-07-25T10:15:00Z,2026-07-25T12:15:00+0200,-5.0,EUR/MWh,NL,NL,day_ahead_price,value,2026-08-01T23:22:07Z
2026-08-01T23:18:50Z,2026-08-02T01:18:50+0200,914f204b-61c9-48d9-af2c-6470ecd1bcbf,2026-07-25T10:30:00Z,2026-07-25T12:30:00+0200,-5.54,EUR/MWh,NL,NL,day_ahead_price,value,2026-08-01T23:22:07Z
2026-08-01T23:18:50Z,2026-08-02T01:18:50+0200,914f204b-61c9-48d9-af2c-6470ecd1bcbf,2026-07-25T10:45:00Z,2026-07-25T12:45:00+0200,-8.46,EUR/MWh,NL,NL,day_ahead_price,value,2026-08-01T23:22:07Z
2026-08-01T23:18:50Z,2026-08-02T01:18:50+0200,914f204b-61c9-48d9-af2c-6470ecd1bcbf,2026-07-25T11:00:00Z,2026-07-25T13:00:00+0200,-7.92,EUR/MWh,NL,NL,day_ahead_price,value,2026-08-01T23:22:07Z
2026-08-01T23:18:50Z,2026-08-02T01:18:50+0200,914f204b-61c9-48d9-af2c-6470ecd1bcbf,2026-07-25T11:15:00Z,2026-07-25T13:15:00+0200,-9.9,EUR/MWh,NL,NL,day_ahead_price,value,2026-08-01T23:22:07Z
2026-08-01T23:18:50Z,2026-08-02T01:18:50+0200,914f204b-61c9-48d9-af2c-6470ecd1bcbf,2026-07-25T11:30:00Z,2026-07-25T13:30:00+0200,-10.43,EUR/MWh,NL,NL,day_ahead_price,value,2026-08-01T23:22:07Z
2026-08-01T23:18:50Z,2026-08-02T01:18:50+0200,914f204b-61c9-48d9-af2c-6470ecd1bcbf,2026-07-25T11:45:00Z,2026-07-25T13:45:00+0200,-11.36,EUR/MWh,NL,NL,day_ahead_price,value,2026-08-01T23:22:07Z
2026-08-01T23:18:50Z,2026-08-02T01:18:50+0200,914f204b-61c9-48d9-af2c-6470ecd1bcbf,2026-07-25T12:00:00Z,2026-07-25T14:00:00+0200,-13.24,EUR/MWh,NL,NL,day_ahead_price,value,2026-08-01T23:22:07Z
2026-08-01T23:18:50Z,2026-08-02T01:18:50+0200,914f204b-61c9-48d9-af2c-6470ecd1bcbf,2026-07-25T12:15:00Z,2026-07-25T14:15:00+0200,-12.34,EUR/MWh,NL,NL,day_ahead_price,value,2026-08-01T23:22:07Z
2026-08-01T23:18:50Z,2026-08-02T01:18:50+0200,914f204b-61c9-48d9-af2c-6470ecd1bcbf,2026-07-25T12:30:00Z,2026-07-25T14:30:00+0200,-9.9,EUR/MWh,NL,NL,day_ahead_price,value,2026-08-01T23:22:07Z
2026-08-01T23:18:50Z,2026-08-02T01:18:50+0200,914f204b-61c9-48d9-af2c-6470ecd1bcbf,2026-07-25T12:45:00Z,2026-07-25T14:45:00+0200,-7.04,EUR/MWh,NL,NL,day_ahead_price,value,2026-08-01T23:22:07Z
2026-08-01T23:18:50Z,2026-08-02T01:18:50+0200,914f204b-61c9-48d9-af2c-6470ecd1bcbf,2026-07-25T13:00:00Z,2026-07-25T15:00:00+0200,-5.6,EUR/MWh,NL,NL,day_ahead_price,value,2026-08-01T23:22:07Z
2026-08-01T23:18:50Z,2026-08-02T01:18:50+0200,914f204b-61c9-48d9-af2c-6470ecd1bcbf,2026-07-25T13:15:00Z,2026-07-25T15:15:00+0200,-3.28,EUR/MWh,NL,NL,day_ahead_price,value,2026-08-01T23:22:07Z
2026-08-01T23:18:50Z,2026-08-02T01:18:50+0200,914f204b-61c9-48d9-af2c-6470ecd1bcbf,2026-07-25T13:30:00Z,2026-07-25T15:30:00+0200,-2.32,EUR/MWh,NL,NL,day_ahead_price,value,2026-08-01T23:22:07Z
2026-08-01T23:18:50Z,2026-08-02T01:18:50+0200,914f204b-61c9-48d9-af2c-6470ecd1bcbf,2026-07-25T13:45:00Z,2026-07-25T15:45:00+0200,-1.31,EUR/MWh,NL,NL,day_ahead_price,value,2026-08-01T23:22:07Z
2026-08-01T23:18:50Z,2026-08-02T01:18:50+0200,914f204b-61c9-48d9-af2c-6470ecd1bcbf,2026-07-25T14:00:00Z,2026-07-25T16:00:00+0200,-1.36,EUR/MWh,NL,NL,day_ahead_price,value,2026-08-01T23:22:07Z
2026-08-01T23:18:50Z,2026-08-02T01:18:50+0200,914f204b-61c9-48d9-af2c-6470ecd1bcbf,2026-07-25T14:15:00Z,2026-07-25T16:15:00+0200,-0.12,EUR/MWh,NL,NL,day_ahead_price,value,2026-08-01T23:22:07Z
2026-08-01T23:18:50Z,2026-08-02T01:18:50+0200,914f204b-61c9-48d9-af2c-6470ecd1bcbf,2026-07-25T14:30:00Z,2026-07-25T16:30:00+0200,-0.09,EUR/MWh,NL,NL,day_ahead_price,value,2026-08-01T23:22:07Z
2026-08-01T23:18:50Z,2026-08-02T01:18:50+0200,914f204b-61c9-48d9-af2c-6470ecd1bcbf,2026-07-25T14:45:00Z,2026-07-25T16:45:00+0200,-0.01,EUR/MWh,NL,NL,day_ahead_price,value,2026-08-01T23:22:07Z
2026-08-01T23:18:50Z,2026-08-02T01:18:50+0200,914f204b-61c9-48d9-af2c-6470ecd1bcbf,2026-07-25T15:00:00Z,2026-07-25T17:00:00+0200,-0.01,EUR/MWh,NL,NL,day_ahead_price,value,2026-08-01T23:22:07Z
2026-08-01T23:18:50Z,2026-08-02T01:18:50+0200,914f204b-61c9-48d9-af2c-6470ecd1bcbf,2026-07-25T15:15:00Z,2026-07-25T17:15:00+0200,0.0,EUR/MWh,NL,NL,day_ahead_price,value,2026-08-01T23:22:07Z
2026-08-01T23:18:50Z,2026-08-02T01:18:50+0200,914f204b-61c9-48d9-af2c-6470ecd1bcbf,2026-07-25T15:30:00Z,2026-07-25T17:30:00+0200,2.42,EUR/MWh,NL,NL,day_ahead_price,value,2026-08-01T23:22:07Z
2026-08-01T23:18:50Z,2026-08-02T01:18:50+0200,914f204b-61c9-48d9-af2c-6470ecd1bcbf,2026-07-25T15:45:00Z,2026-07-25T17:45:00+0200,40.0,EUR/MWh,NL,NL,day_ahead_price,value,2026-08-01T23:22:07Z
2026-08-01T23:18:50Z,2026-08-02T01:18:50+0200,914f204b-61c9-48d9-af2c-6470ecd1bcbf,2026-07-25T16:00:00Z,2026-07-25T18:00:00+0200,21.84,EUR/MWh,NL,NL,day_ahead_price,value,2026-08-01T23:22:07Z
2026-08-01T23:18:50Z,2026-08-02T01:18:50+0200,914f204b-61c9-48d9-af2c-6470ecd1bcbf,2026-07-25T16:15:00Z,2026-07-25T18:15:00+0200,96.27,EUR/MWh,NL,NL,day_ahead_price,value,2026-08-01T23:22:07Z
2026-08-01T23:18:50Z,2026-08-02T01:18:50+0200,914f204b-61c9-48d9-af2c-6470ecd1bcbf,2026-07-25T16:30:00Z,2026-07-25T18:30:00+0200,118.41,EUR/MWh,NL,NL,day_ahead_price,value,2026-08-01T23:22:07Z
2026-08-01T23:18:50Z,2026-08-02T01:18:50+0200,914f204b-61c9-48d9-af2c-6470ecd1bcbf,2026-07-25T16:45:00Z,2026-07-25T18:45:00+0200,139.98,EUR/MWh,NL,NL,day_ahead_price,value,2026-08-01T23:22:07Z
2026-08-01T23:18:50Z,2026-08-02T01:18:50+0200,914f204b-61c9-48d9-af2c-6470ecd1bcbf,2026-07-25T17:00:00Z,2026-07-25T19:00:00+0200,138.92,EUR/MWh,NL,NL,day_ahead_price,value,2026-08-01T23:22:07Z
2026-08-01T23:18:50Z,2026-08-02T01:18:50+0200,914f204b-61c9-48d9-af2c-6470ecd1bcbf,2026-07-25T17:15:00Z,2026-07-25T19:15:00+0200,150.86,EUR/MWh,NL,NL,day_ahead_price,value,2026-08-01T23:22:07Z
2026-08-01T23:18:50Z,2026-08-02T01:18:50+0200,914f204b-61c9-48d9-af2c-6470ecd1bcbf,2026-07-25T17:30:00Z,2026-07-25T19:30:00+0200,163.44,EUR/MWh,NL,NL,day_ahead_price,value,2026-08-01T23:22:07Z
2026-08-01T23:18:50Z,2026-08-02T01:18:50+0200,914f204b-61c9-48d9-af2c-6470ecd1bcbf,2026-07-25T17:45:00Z,2026-07-25T19:45:00+0200,174.91,EUR/MWh,NL,NL,day_ahead_price,value,2026-08-01T23:22:07Z
2026-08-01T23:18:50Z,2026-08-02T01:18:50+0200,914f204b-61c9-48d9-af2c-6470ecd1bcbf,2026-07-25T18:00:00Z,2026-07-25T20:00:00+0200,163.37,EUR/MWh,NL,NL,day_ahead_price,value,2026-08-01T23:22:07Z
2026-08-01T23:18:50Z,2026-08-02T01:18:50+0200,914f204b-61c9-48d9-af2c-6470ecd1bcbf,2026-07-25T18:15:00Z,2026-07-25T20:15:00+0200,174.82,EUR/MWh,NL,NL,day_ahead_price,value,2026-08-01T23:22:07Z
2026-08-01T23:18:50Z,2026-08-02T01:18:50+0200,914f204b-61c9-48d9-af2c-6470ecd1bcbf,2026-07-25T18:30:00Z,2026-07-25T20:30:00+0200,173.61,EUR/MWh,NL,NL,day_ahead_price,value,2026-08-01T23:22:07Z
2026-08-01T23:18:50Z,2026-08-02T01:18:50+0200,914f204b-61c9-48d9-af2c-6470ecd1bcbf,2026-07-25T18:45:00Z,2026-07-25T20:45:00+0200,171.17,EUR/MWh,NL,NL,day_ahead_price,value,2026-08-01T23:22:07Z
2026-08-01T23:18:50Z,2026-08-02T01:18:50+0200,914f204b-61c9-48d9-af2c-6470ecd1bcbf,2026-07-25T19:00:00Z,2026-07-25T21:00:00+0200,174.86,EUR/MWh,NL,NL,day_ahead_price,value,2026-08-01T23:22:07Z
2026-08-01T23:18:50Z,2026-08-02T01:18:50+0200,914f204b-61c9-48d9-af2c-6470ecd1bcbf,2026-07-25T19:15:00Z,2026-07-25T21:15:00+0200,171.94,EUR/MWh,NL,NL,day_ahead_price,value,2026-08-01T23:22:07Z
2026-08-01T23:18:50Z,2026-08-02T01:18:50+0200,914f204b-61c9-48d9-af2c-6470ecd1bcbf,2026-07-25T19:30:00Z,2026-07-25T21:30:00+0200,165.5,EUR/MWh,NL,NL,day_ahead_price,value,2026-08-01T23:22:07Z
2026-08-01T23:18:50Z,2026-08-02T01:18:50+0200,914f204b-61c9-48d9-af2c-6470ecd1bcbf,2026-07-25T19:45:00Z,2026-07-25T21:45:00+0200,164.78,EUR/MWh,NL,NL,day_ahead_price,value,2026-08-01T23:22:07Z
2026-08-01T23:18:50Z,2026-08-02T01:18:50+0200,914f204b-61c9-48d9-af2c-6470ecd1bcbf,2026-07-25T20:00:00Z,2026-07-25T22:00:00+0200,173.22,EUR/MWh,NL,NL,day_ahead_price,value,2026-08-01T23:22:07Z
2026-08-01T23:18:50Z,2026-08-02T01:18:50+0200,914f204b-61c9-48d9-af2c-6470ecd1bcbf,2026-07-25T20:15:00Z,2026-07-25T22:15:00+0200,165.16,EUR/MWh,NL,NL,day_ahead_price,value,2026-08-01T23:22:07Z
2026-08-01T23:18:50Z,2026-08-02T01:18:50+0200,914f204b-61c9-48d9-af2c-6470ecd1bcbf,2026-07-25T20:30:00Z,2026-07-25T22:30:00+0200,164.99,EUR/MWh,NL,NL,day_ahead_price,value,2026-08-01T23:22:07Z
2026-08-01T23:18:50Z,2026-08-02T01:18:50+0200,914f204b-61c9-48d9-af2c-6470ecd1bcbf,2026-07-25T20:45:00Z,2026-07-25T22:45:00+0200,158.56,EUR/MWh,NL,NL,day_ahead_price,value,2026-08-01T23:22:07Z
2026-08-01T23:18:50Z,2026-08-02T01:18:50+0200,914f204b-61c9-48d9-af2c-6470ecd1bcbf,2026-07-25T21:00:00Z,2026-07-25T23:00:00+0200,166.84,EUR/MWh,NL,NL,day_ahead_price,value,2026-08-01T23:22:07Z
2026-08-01T23:18:50Z,2026-08-02T01:18:50+0200,914f204b-61c9-48d9-af2c-6470ecd1bcbf,2026-07-25T21:15:00Z,2026-07-25T23:15:00+0200,160.33,EUR/MWh,NL,NL,day_ahead_price,value,2026-08-01T23:22:07Z
2026-08-01T23:18:50Z,2026-08-02T01:18:50+0200,914f204b-61c9-48d9-af2c-6470ecd1bcbf,2026-07-25T21:30:00Z,2026-07-25T23:30:00+0200,160.64,EUR/MWh,NL,NL,day_ahead_price,value,2026-08-01T23:22:07Z
2026-08-01T23:18:50Z,2026-08-02T01:18:50+0200,914f204b-61c9-48d9-af2c-6470ecd1bcbf,2026-07-25T21:45:00Z,2026-07-25T23:45:00+0200,152.19,EUR/MWh,NL,NL,day_ahead_price,value,2026-08-01T23:22:07Z
2026-08-01T23:18:50Z,2026-08-02T01:18:50+0200,914f204b-61c9-48d9-af2c-6470ecd1bcbf,2026-07-25T22:00:00Z,2026-07-26T00:00:00+0200,147.95,EUR/MWh,NL,NL,day_ahead_price,value,2026-08-01T23:22:07Z
2026-08-01T23:18:50Z,2026-08-02T01:18:50+0200,914f204b-61c9-48d9-af2c-6470ecd1bcbf,2026-07-25T22:15:00Z,2026-07-26T00:15:00+0200,153.86,EUR/MWh,NL,NL,day_ahead_price,value,2026-08-01T23:22:07Z
2026-08-01T23:18:50Z,2026-08-02T01:18:50+0200,914f204b-61c9-48d9-af2c-6470ecd1bcbf,2026-07-25T22:30:00Z,2026-07-26T00:30:00+0200,156.17,EUR/MWh,NL,NL,day_ahead_price,value,2026-08-01T23:22:07Z
2026-08-01T23:18:50Z,2026-08-02T01:18:50+0200,914f204b-61c9-48d9-af2c-6470ecd1bcbf,2026-07-25T22:45:00Z,2026-07-26T00:45:00+0200,156.25,EUR/MWh,NL,NL,day_ahead_price,value,2026-08-01T23:22:07Z
2026-08-01T23:18:50Z,2026-08-02T01:18:50+0200,914f204b-61c9-48d9-af2c-6470ecd1bcbf,2026-07-25T23:00:00Z,2026-07-26T01:00:00+0200,158.13,EUR/MWh,NL,NL,day_ahead_price,value,2026-08-01T23:22:07Z
2026-08-01T23:18:50Z,2026-08-02T01:18:50+0200,914f204b-61c9-48d9-af2c-6470ecd1bcbf,2026-07-25T23:15:00Z,2026-07-26T01:15:00+0200,157.76,EUR/MWh,NL,NL,day_ahead_price,value,2026-08-01T23:22:07Z
2026-08-01T23:18:50Z,2026-08-02T01:18:50+0200,914f204b-61c9-48d9-af2c-6470ecd1bcbf,2026-07-25T23:30:00Z,2026-07-26T01:30:00+0200,149.73,EUR/MWh,NL,NL,day_ahead_price,value,2026-08-01T23:22:07Z
2026-08-01T23:18:50Z,2026-08-02T01:18:50+0200,914f204b-61c9-48d9-af2c-6470ecd1bcbf,2026-07-25T23:45:00Z,2026-07-26T01:45:00+0200,149.78,EUR/MWh,NL,NL,day_ahead_price,value,2026-08-01T23:22:07Z
2026-08-01T23:18:50Z,2026-08-02T01:18:50+0200,914f204b-61c9-48d9-af2c-6470ecd1bcbf,2026-07-26T00:00:00Z,2026-07-26T02:00:00+0200,142.92,EUR/MWh,NL,NL,day_ahead_price,value,2026-08-01T23:22:07Z
2026-08-01T23:18:50Z,2026-08-02T01:18:50+0200,914f204b-61c9-48d9-af2c-6470ecd1bcbf,2026-07-26T00:15:00Z,2026-07-26T02:15:00+0200,143.48,EUR/MWh,NL,NL,day_ahead_price,value,2026-08-01T23:22:07Z
2026-08-01T23:18:50Z,2026-08-02T01:18:50+0200,914f204b-61c9-48d9-af2c-6470ecd1bcbf,2026-07-26T00:30:00Z,2026-07-26T02:30:00+0200,145.73,EUR/MWh,NL,NL,day_ahead_price,value,2026-08-01T23:22:07Z
2026-08-01T23:18:50Z,2026-08-02T01:18:50+0200,914f204b-61c9-48d9-af2c-6470ecd1bcbf,2026-07-26T00:45:00Z,2026-07-26T02:45:00+0200,151.32,EUR/MWh,NL,NL,day_ahead_price,value,2026-08-01T23:22:07Z
2026-08-01T23:18:50Z,2026-08-02T01:18:50+0200,914f204b-61c9-48d9-af2c-6470ecd1bcbf,2026-07-26T01:00:00Z,2026-07-26T03:00:00+0200,145.71,EUR/MWh,NL,NL,day_ahead_price,value,2026-08-01T23:22:07Z
2026-08-01T23:18:50Z,2026-08-02T01:18:50+0200,914f204b-61c9-48d9-af2c-6470ecd1bcbf,2026-07-26T01:15:00Z,2026-07-26T03:15:00+0200,150.82,EUR/MWh,NL,NL,day_ahead_price,value,2026-08-01T23:22:07Z
2026-08-01T23:18:50Z,2026-08-02T01:18:50+0200,914f204b-61c9-48d9-af2c-6470ecd1bcbf,2026-07-26T01:30:00Z,2026-07-26T03:30:00+0200,148.4,EUR/MWh,NL,NL,day_ahead_price,value,2026-08-01T23:22:07Z
2026-08-01T23:18:50Z,2026-08-02T01:18:50+0200,914f204b-61c9-48d9-af2c-6470ecd1bcbf,2026-07-26T01:45:00Z,2026-07-26T03:45:00+0200,146.24,EUR/MWh,NL,NL,day_ahead_price,value,2026-08-01T23:22:07Z
2026-08-01T23:18:50Z,2026-08-02T01:18:50+0200,914f204b-61c9-48d9-af2c-6470ecd1bcbf,2026-07-26T02:00:00Z,2026-07-26T04:00:00+0200,150.98,EUR/MWh,NL,NL,day_ahead_price,value,2026-08-01T23:22:07Z
2026-08-01T23:18:50Z,2026-08-02T01:18:50+0200,914f204b-61c9-48d9-af2c-6470ecd1bcbf,2026-07-26T02:15:00Z,2026-07-26T04:15:00+0200,142.38,EUR/MWh,NL,NL,day_ahead_price,value,2026-08-01T23:22:07Z
2026-08-01T23:18:50Z,2026-08-02T01:18:50+0200,914f204b-61c9-48d9-af2c-6470ecd1bcbf,2026-07-26T02:30:00Z,2026-07-26T04:30:00+0200,140.48,EUR/MWh,NL,NL,day_ahead_price,value,2026-08-01T23:22:07Z
2026-08-01T23:18:50Z,2026-08-02T01:18:50+0200,914f204b-61c9-48d9-af2c-6470ecd1bcbf,2026-07-26T02:45:00Z,2026-07-26T04:45:00+0200,138.23,EUR/MWh,NL,NL,day_ahead_price,value,2026-08-01T23:22:07Z
2026-08-01T23:18:50Z,2026-08-02T01:18:50+0200,914f204b-61c9-48d9-af2c-6470ecd1bcbf,2026-07-26T03:00:00Z,2026-07-26T05:00:00+0200,136.76,EUR/MWh,NL,NL,day_ahead_price,value,2026-08-01T23:22:07Z
2026-08-01T23:18:50Z,2026-08-02T01:18:50+0200,914f204b-61c9-48d9-af2c-6470ecd1bcbf,2026-07-26T03:15:00Z,2026-07-26T05:15:00+0200,135.56,EUR/MWh,NL,NL,day_ahead_price,value,2026-08-01T23:22:07Z
2026-08-01T23:18:50Z,2026-08-02T01:18:50+0200,914f204b-61c9-48d9-af2c-6470ecd1bcbf,2026-07-26T03:30:00Z,2026-07-26T05:30:00+0200,134.38,EUR/MWh,NL,NL,day_ahead_price,value,2026-08-01T23:22:07Z
2026-08-01T23:18:50Z,2026-08-02T01:18:50+0200,914f204b-61c9-48d9-af2c-6470ecd1bcbf,2026-07-26T03:45:00Z,2026-07-26T05:45:00+0200,133.54,EUR/MWh,NL,NL,day_ahead_price,value,2026-08-01T23:22:07Z
2026-08-01T23:18:50Z,2026-08-02T01:18:50+0200,914f204b-61c9-48d9-af2c-6470ecd1bcbf,2026-07-26T04:00:00Z,2026-07-26T06:00:00+0200,126.64,EUR/MWh,NL,NL,day_ahead_price,value,2026-08-01T23:22:07Z
2026-08-01T23:18:50Z,2026-08-02T01:18:50+0200,914f204b-61c9-48d9-af2c-6470ecd1bcbf,2026-07-26T04:15:00Z,2026-07-26T06:15:00+0200,120.23,EUR/MWh,NL,NL,day_ahead_price,value,2026-08-01T23:22:07Z
2026-08-01T23:18:50Z,2026-08-02T01:18:50+0200,914f204b-61c9-48d9-af2c-6470ecd1bcbf,2026-07-26T04:30:00Z,2026-07-26T06:30:00+0200,114.6,EUR/MWh,NL,NL,day_ahead_price,value,2026-08-01T23:22:07Z
2026-08-01T23:18:50Z,2026-08-02T01:18:50+0200,914f204b-61c9-48d9-af2c-6470ecd1bcbf,2026-07-26T04:45:00Z,2026-07-26T06:45:00+0200,112.7,EUR/MWh,NL,NL,day_ahead_price,value,2026-08-01T23:22:07Z
2026-08-01T23:18:50Z,2026-08-02T01:18:50+0200,914f204b-61c9-48d9-af2c-6470ecd1bcbf,2026-07-26T05:00:00Z,2026-07-26T07:00:00+0200,112.3,EUR/MWh,NL,NL,day_ahead_price,value,2026-08-01T23:22:07Z
2026-08-01T23:18:50Z,2026-08-02T01:18:50+0200,914f204b-61c9-48d9-af2c-6470ecd1bcbf,2026-07-26T05:15:00Z,2026-07-26T07:15:00+0200,106.01,EUR/MWh,NL,NL,day_ahead_price,value,2026-08-01T23:22:07Z
2026-08-01T23:18:50Z,2026-08-02T01:18:50+0200,914f204b-61c9-48d9-af2c-6470ecd1bcbf,2026-07-26T05:30:00Z,2026-07-26T07:30:00+0200,103.62,EUR/MWh,NL,NL,day_ahead_price,value,2026-08-01T23:22:07Z
2026-08-01T23:18:50Z,2026-08-02T01:18:50+0200,914f204b-61c9-48d9-af2c-6470ecd1bcbf,2026-07-26T05:45:00Z,2026-07-26T07:45:00+0200,99.92,EUR/MWh,NL,NL,day_ahead_price,value,2026-08-01T23:22:07Z
2026-08-01T23:18:50Z,2026-08-02T01:18:50+0200,914f204b-61c9-48d9-af2c-6470ecd1bcbf,2026-07-26T06:00:00Z,2026-07-26T08:00:00+0200,104.33,EUR/MWh,NL,NL,day_ahead_price,value,2026-08-01T23:22:07Z
2026-08-01T23:18:50Z,2026-08-02T01:18:50+0200,914f204b-61c9-48d9-af2c-6470ecd1bcbf,2026-07-26T06:15:00Z,2026-07-26T08:15:00+0200,106.89,EUR/MWh,NL,NL,day_ahead_price,value,2026-08-01T23:22:07Z
2026-08-01T23:18:50Z,2026-08-02T01:18:50+0200,914f204b-61c9-48d9-af2c-6470ecd1bcbf,2026-07-26T06:30:00Z,2026-07-26T08:30:00+0200,94.37,EUR/MWh,NL,NL,day_ahead_price,value,2026-08-01T23:22:07Z
2026-08-01T23:18:50Z,2026-08-02T01:18:50+0200,914f204b-61c9-48d9-af2c-6470ecd1bcbf,2026-07-26T06:45:00Z,2026-07-26T08:45:00+0200,84.44,EUR/MWh,NL,NL,day_ahead_price,value,2026-08-01T23:22:07Z
2026-08-01T23:18:50Z,2026-08-02T01:18:50+0200,914f204b-61c9-48d9-af2c-6470ecd1bcbf,2026-07-26T07:00:00Z,2026-07-26T09:00:00+0200,100.34,EUR/MWh,NL,NL,day_ahead_price,value,2026-08-01T23:22:07Z
2026-08-01T23:18:50Z,2026-08-02T01:18:50+0200,914f204b-61c9-48d9-af2c-6470ecd1bcbf,2026-07-26T07:15:00Z,2026-07-26T09:15:00+0200,79.13,EUR/MWh,NL,NL,day_ahead_price,value,2026-08-01T23:22:07Z
2026-08-01T23:18:50Z,2026-08-02T01:18:50+0200,914f204b-61c9-48d9-af2c-6470ecd1bcbf,2026-07-26T07:30:00Z,2026-07-26T09:30:00+0200,51.15,EUR/MWh,NL,NL,day_ahead_price,value,2026-08-01T23:22:07Z
2026-08-01T23:18:50Z,2026-08-02T01:18:50+0200,914f204b-61c9-48d9-af2c-6470ecd1bcbf,2026-07-26T07:45:00Z,2026-07-26T09:45:00+0200,12.1,EUR/MWh,NL,NL,day_ahead_price,value,2026-08-01T23:22:07Z
2026-08-01T23:18:50Z,2026-08-02T01:18:50+0200,914f204b-61c9-48d9-af2c-6470ecd1bcbf,2026-07-26T08:00:00Z,2026-07-26T10:00:00+0200,38.19,EUR/MWh,NL,NL,day_ahead_price,value,2026-08-01T23:22:07Z
2026-08-01T23:18:50Z,2026-08-02T01:18:50+0200,914f204b-61c9-48d9-af2c-6470ecd1bcbf,2026-07-26T08:15:00Z,2026-07-26T10:15:00+0200,9.45,EUR/MWh,NL,NL,day_ahead_price,value,2026-08-01T23:22:07Z
2026-08-01T23:18:50Z,2026-08-02T01:18:50+0200,914f204b-61c9-48d9-af2c-6470ecd1bcbf,2026-07-26T08:30:00Z,2026-07-26T10:30:00+0200,0.17,EUR/MWh,NL,NL,day_ahead_price,value,2026-08-01T23:22:07Z
2026-08-01T23:18:50Z,2026-08-02T01:18:50+0200,914f204b-61c9-48d9-af2c-6470ecd1bcbf,2026-07-26T08:45:00Z,2026-07-26T10:45:00+0200,0.0,EUR/MWh,NL,NL,day_ahead_price,value,2026-08-01T23:22:07Z
2026-08-01T23:18:50Z,2026-08-02T01:18:50+0200,914f204b-61c9-48d9-af2c-6470ecd1bcbf,2026-07-26T09:00:00Z,2026-07-26T11:00:00+0200,0.0,EUR/MWh,NL,NL,day_ahead_price,value,2026-08-01T23:22:07Z
2026-08-01T23:18:50Z,2026-08-02T01:18:50+0200,914f204b-61c9-48d9-af2c-6470ecd1bcbf,2026-07-26T09:15:00Z,2026-07-26T11:15:00+0200,-0.01,EUR/MWh,NL,NL,day_ahead_price,value,2026-08-01T23:22:07Z
2026-08-01T23:18:50Z,2026-08-02T01:18:50+0200,914f204b-61c9-48d9-af2c-6470ecd1bcbf,2026-07-26T09:30:00Z,2026-07-26T11:30:00+0200,-0.01,EUR/MWh,NL,NL,day_ahead_price,value,2026-08-01T23:22:07Z
2026-08-01T23:18:50Z,2026-08-02T01:18:50+0200,914f204b-61c9-48d9-af2c-6470ecd1bcbf,2026-07-26T09:45:00Z,2026-07-26T11:45:00+0200,0.01,EUR/MWh,NL,NL,day_ahead_price,value,2026-08-01T23:22:07Z
2026-08-01T23:18:50Z,2026-08-02T01:18:50+0200,914f204b-61c9-48d9-af2c-6470ecd1bcbf,2026-07-26T10:00:00Z,2026-07-26T12:00:00+0200,-0.03,EUR/MWh,NL,NL,day_ahead_price,value,2026-08-01T23:22:07Z
2026-08-01T23:18:50Z,2026-08-02T01:18:50+0200,914f204b-61c9-48d9-af2c-6470ecd1bcbf,2026-07-26T10:15:00Z,2026-07-26T12:15:00+0200,-0.04,EUR/MWh,NL,NL,day_ahead_price,value,2026-08-01T23:22:07Z
2026-08-01T23:18:50Z,2026-08-02T01:18:50+0200,914f204b-61c9-48d9-af2c-6470ecd1bcbf,2026-07-26T10:30:00Z,2026-07-26T12:30:00+0200,-0.08,EUR/MWh,NL,NL,day_ahead_price,value,2026-08-01T23:22:07Z
2026-08-01T23:18:50Z,2026-08-02T01:18:50+0200,914f204b-61c9-48d9-af2c-6470ecd1bcbf,2026-07-26T10:45:00Z,2026-07-26T12:45:00+0200,-0.11,EUR/MWh,NL,NL,day_ahead_price,value,2026-08-01T23:22:07Z
2026-08-01T23:18:50Z,2026-08-02T01:18:50+0200,914f204b-61c9-48d9-af2c-6470ecd1bcbf,2026-07-26T11:00:00Z,2026-07-26T13:00:00+0200,-0.12,EUR/MWh,NL,NL,day_ahead_price,value,2026-08-01T23:22:07Z
2026-08-01T23:18:50Z,2026-08-02T01:18:50+0200,914f204b-61c9-48d9-af2c-6470ecd1bcbf,2026-07-26T11:15:00Z,2026-07-26T13:15:00+0200,-0.12,EUR/MWh,NL,NL,day_ahead_price,value,2026-08-01T23:22:07Z
2026-08-01T23:18:50Z,2026-08-02T01:18:50+0200,914f204b-61c9-48d9-af2c-6470ecd1bcbf,2026-07-26T11:30:00Z,2026-07-26T13:30:00+0200,-0.12,EUR/MWh,NL,NL,day_ahead_price,value,2026-08-01T23:22:07Z
2026-08-01T23:18:50Z,2026-08-02T01:18:50+0200,914f204b-61c9-48d9-af2c-6470ecd1bcbf,2026-07-26T11:45:00Z,2026-07-26T13:45:00+0200,-0.72,EUR/MWh,NL,NL,day_ahead_price,value,2026-08-01T23:22:07Z
2026-08-01T23:18:50Z,2026-08-02T01:18:50+0200,914f204b-61c9-48d9-af2c-6470ecd1bcbf,2026-07-26T12:00:00Z,2026-07-26T14:00:00+0200,-0.71,EUR/MWh,NL,NL,day_ahead_price,value,2026-08-01T23:22:07Z
2026-08-01T23:18:50Z,2026-08-02T01:18:50+0200,914f204b-61c9-48d9-af2c-6470ecd1bcbf,2026-07-26T12:15:00Z,2026-07-26T14:15:00+0200,-0.67,EUR/MWh,NL,NL,day_ahead_price,value,2026-08-01T23:22:07Z
2026-08-01T23:18:50Z,2026-08-02T01:18:50+0200,914f204b-61c9-48d9-af2c-6470ecd1bcbf,2026-07-26T12:30:00Z,2026-07-26T14:30:00+0200,-0.67,EUR/MWh,NL,NL,day_ahead_price,value,2026-08-01T23:22:07Z
2026-08-01T23:18:50Z,2026-08-02T01:18:50+0200,914f204b-61c9-48d9-af2c-6470ecd1bcbf,2026-07-26T12:45:00Z,2026-07-26T14:45:00+0200,-0.67,EUR/MWh,NL,NL,day_ahead_price,value,2026-08-01T23:22:07Z
2026-08-01T23:18:50Z,2026-08-02T01:18:50+0200,914f204b-61c9-48d9-af2c-6470ecd1bcbf,2026-07-26T13:00:00Z,2026-07-26T15:00:00+0200,-0.85,EUR/MWh,NL,NL,day_ahead_price,value,2026-08-01T23:22:07Z
2026-08-01T23:18:50Z,2026-08-02T01:18:50+0200,914f204b-61c9-48d9-af2c-6470ecd1bcbf,2026-07-26T13:15:00Z,2026-07-26T15:15:00+0200,-0.88,EUR/MWh,NL,NL,day_ahead_price,value,2026-08-01T23:22:07Z
2026-08-01T23:18:50Z,2026-08-02T01:18:50+0200,914f204b-61c9-48d9-af2c-6470ecd1bcbf,2026-07-26T13:30:00Z,2026-07-26T15:30:00+0200,-0.93,EUR/MWh,NL,NL,day_ahead_price,value,2026-08-01T23:22:07Z
2026-08-01T23:18:50Z,2026-08-02T01:18:50+0200,914f204b-61c9-48d9-af2c-6470ecd1bcbf,2026-07-26T13:45:00Z,2026-07-26T15:45:00+0200,-0.93,EUR/MWh,NL,NL,day_ahead_price,value,2026-08-01T23:22:07Z
2026-08-01T23:18:50Z,2026-08-02T01:18:50+0200,914f204b-61c9-48d9-af2c-6470ecd1bcbf,2026-07-26T14:00:00Z,2026-07-26T16:00:00+0200,-0.23,EUR/MWh,NL,NL,day_ahead_price,value,2026-08-01T23:22:07Z
2026-08-01T23:18:50Z,2026-08-02T01:18:50+0200,914f204b-61c9-48d9-af2c-6470ecd1bcbf,2026-07-26T14:15:00Z,2026-07-26T16:15:00+0200,-0.19,EUR/MWh,NL,NL,day_ahead_price,value,2026-08-01T23:22:07Z
2026-08-01T23:18:50Z,2026-08-02T01:18:50+0200,914f204b-61c9-48d9-af2c-6470ecd1bcbf,2026-07-26T14:30:00Z,2026-07-26T16:30:00+0200,-0.36,EUR/MWh,NL,NL,day_ahead_price,value,2026-08-01T23:22:07Z
2026-08-01T23:18:50Z,2026-08-02T01:18:50+0200,914f204b-61c9-48d9-af2c-6470ecd1bcbf,2026-07-26T14:45:00Z,2026-07-26T16:45:00+0200,1.8,EUR/MWh,NL,NL,day_ahead_price,value,2026-08-01T23:22:07Z
2026-08-01T23:18:50Z,2026-08-02T01:18:50+0200,914f204b-61c9-48d9-af2c-6470ecd1bcbf,2026-07-26T15:00:00Z,2026-07-26T17:00:00+0200,4.32,EUR/MWh,NL,NL,day_ahead_price,value,2026-08-01T23:22:07Z
2026-08-01T23:18:50Z,2026-08-02T01:18:50+0200,914f204b-61c9-48d9-af2c-6470ecd1bcbf,2026-07-26T15:15:00Z,2026-07-26T17:15:00+0200,30.1,EUR/MWh,NL,NL,day_ahead_price,value,2026-08-01T23:22:07Z
2026-08-01T23:18:50Z,2026-08-02T01:18:50+0200,914f204b-61c9-48d9-af2c-6470ecd1bcbf,2026-07-26T15:30:00Z,2026-07-26T17:30:00+0200,56.92,EUR/MWh,NL,NL,day_ahead_price,value,2026-08-01T23:22:07Z
2026-08-01T23:18:50Z,2026-08-02T01:18:50+0200,914f204b-61c9-48d9-af2c-6470ecd1bcbf,2026-07-26T15:45:00Z,2026-07-26T17:45:00+0200,93.01,EUR/MWh,NL,NL,day_ahead_price,value,2026-08-01T23:22:07Z
2026-08-01T23:18:50Z,2026-08-02T01:18:50+0200,914f204b-61c9-48d9-af2c-6470ecd1bcbf,2026-07-26T16:00:00Z,2026-07-26T18:00:00+0200,67.8,EUR/MWh,NL,NL,day_ahead_price,value,2026-08-01T23:22:07Z
2026-08-01T23:18:50Z,2026-08-02T01:18:50+0200,914f204b-61c9-48d9-af2c-6470ecd1bcbf,2026-07-26T16:15:00Z,2026-07-26T18:15:00+0200,94.28,EUR/MWh,NL,NL,day_ahead_price,value,2026-08-01T23:22:07Z
2026-08-01T23:18:50Z,2026-08-02T01:18:50+0200,914f204b-61c9-48d9-af2c-6470ecd1bcbf,2026-07-26T16:30:00Z,2026-07-26T18:30:00+0200,108.22,EUR/MWh,NL,NL,day_ahead_price,value,2026-08-01T23:22:07Z
2026-08-01T23:18:50Z,2026-08-02T01:18:50+0200,914f204b-61c9-48d9-af2c-6470ecd1bcbf,2026-07-26T16:45:00Z,2026-07-26T18:45:00+0200,114.63,EUR/MWh,NL,NL,day_ahead_price,value,2026-08-01T23:22:07Z
2026-08-01T23:18:50Z,2026-08-02T01:18:50+0200,914f204b-61c9-48d9-af2c-6470ecd1bcbf,2026-07-26T17:00:00Z,2026-07-26T19:00:00+0200,117.66,EUR/MWh,NL,NL,day_ahead_price,value,2026-08-01T23:22:07Z
2026-08-01T23:18:50Z,2026-08-02T01:18:50+0200,914f204b-61c9-48d9-af2c-6470ecd1bcbf,2026-07-26T17:15:00Z,2026-07-26T19:15:00+0200,126.2,EUR/MWh,NL,NL,day_ahead_price,value,2026-08-01T23:22:07Z
2026-08-01T23:18:50Z,2026-08-02T01:18:50+0200,914f204b-61c9-48d9-af2c-6470ecd1bcbf,2026-07-26T17:30:00Z,2026-07-26T19:30:00+0200,132.76,EUR/MWh,NL,NL,day_ahead_price,value,2026-08-01T23:22:07Z
2026-08-01T23:18:50Z,2026-08-02T01:18:50+0200,914f204b-61c9-48d9-af2c-6470ecd1bcbf,2026-07-26T17:45:00Z,2026-07-26T19:45:00+0200,140.1,EUR/MWh,NL,NL,day_ahead_price,value,2026-08-01T23:22:07Z
2026-08-01T23:18:50Z,2026-08-02T01:18:50+0200,914f204b-61c9-48d9-af2c-6470ecd1bcbf,2026-07-26T18:00:00Z,2026-07-26T20:00:00+0200,148.19,EUR/MWh,NL,NL,day_ahead_price,value,2026-08-01T23:22:07Z
2026-08-01T23:18:50Z,2026-08-02T01:18:50+0200,914f204b-61c9-48d9-af2c-6470ecd1bcbf,2026-07-26T18:15:00Z,2026-07-26T20:15:00+0200,155.58,EUR/MWh,NL,NL,day_ahead_price,value,2026-08-01T23:22:07Z
2026-08-01T23:18:50Z,2026-08-02T01:18:50+0200,914f204b-61c9-48d9-af2c-6470ecd1bcbf,2026-07-26T18:30:00Z,2026-07-26T20:30:00+0200,154.85,EUR/MWh,NL,NL,day_ahead_price,value,2026-08-01T23:22:07Z
2026-08-01T23:18:50Z,2026-08-02T01:18:50+0200,914f204b-61c9-48d9-af2c-6470ecd1bcbf,2026-07-26T18:45:00Z,2026-07-26T20:45:00+0200,156.78,EUR/MWh,NL,NL,day_ahead_price,value,2026-08-01T23:22:07Z
2026-08-01T23:18:50Z,2026-08-02T01:18:50+0200,914f204b-61c9-48d9-af2c-6470ecd1bcbf,2026-07-26T19:00:00Z,2026-07-26T21:00:00+0200,158.59,EUR/MWh,NL,NL,day_ahead_price,value,2026-08-01T23:22:07Z
2026-08-01T23:18:50Z,2026-08-02T01:18:50+0200,914f204b-61c9-48d9-af2c-6470ecd1bcbf,2026-07-26T19:15:00Z,2026-07-26T21:15:00+0200,156.17,EUR/MWh,NL,NL,day_ahead_price,value,2026-08-01T23:22:07Z
2026-08-01T23:18:50Z,2026-08-02T01:18:50+0200,914f204b-61c9-48d9-af2c-6470ecd1bcbf,2026-07-26T19:30:00Z,2026-07-26T21:30:00+0200,152.21,EUR/MWh,NL,NL,day_ahead_price,value,2026-08-01T23:22:07Z
2026-08-01T23:18:50Z,2026-08-02T01:18:50+0200,914f204b-61c9-48d9-af2c-6470ecd1bcbf,2026-07-26T19:45:00Z,2026-07-26T21:45:00+0200,149.99,EUR/MWh,NL,NL,day_ahead_price,value,2026-08-01T23:22:07Z
2026-08-01T23:18:50Z,2026-08-02T01:18:50+0200,914f204b-61c9-48d9-af2c-6470ecd1bcbf,2026-07-26T20:00:00Z,2026-07-26T22:00:00+0200,160.07,EUR/MWh,NL,NL,day_ahead_price,value,2026-08-01T23:22:07Z
2026-08-01T23:18:50Z,2026-08-02T01:18:50+0200,914f204b-61c9-48d9-af2c-6470ecd1bcbf,2026-07-26T20:15:00Z,2026-07-26T22:15:00+0200,150.26,EUR/MWh,NL,NL,day_ahead_price,value,2026-08-01T23:22:07Z
2026-08-01T23:18:50Z,2026-08-02T01:18:50+0200,914f204b-61c9-48d9-af2c-6470ecd1bcbf,2026-07-26T20:30:00Z,2026-07-26T22:30:00+0200,147.98,EUR/MWh,NL,NL,day_ahead_price,value,2026-08-01T23:22:07Z
2026-08-01T23:18:50Z,2026-08-02T01:18:50+0200,914f204b-61c9-48d9-af2c-6470ecd1bcbf,2026-07-26T20:45:00Z,2026-07-26T22:45:00+0200,139.84,EUR/MWh,NL,NL,day_ahead_price,value,2026-08-01T23:22:07Z
2026-08-01T23:18:50Z,2026-08-02T01:18:50+0200,914f204b-61c9-48d9-af2c-6470ecd1bcbf,2026-07-26T21:00:00Z,2026-07-26T23:00:00+0200,145.35,EUR/MWh,NL,NL,day_ahead_price,value,2026-08-01T23:22:07Z
2026-08-01T23:18:50Z,2026-08-02T01:18:50+0200,914f204b-61c9-48d9-af2c-6470ecd1bcbf,2026-07-26T21:15:00Z,2026-07-26T23:15:00+0200,138.09,EUR/MWh,NL,NL,day_ahead_price,value,2026-08-01T23:22:07Z
2026-08-01T23:18:50Z,2026-08-02T01:18:50+0200,914f204b-61c9-48d9-af2c-6470ecd1bcbf,2026-07-26T21:30:00Z,2026-07-26T23:30:00+0200,136.73,EUR/MWh,NL,NL,day_ahead_price,value,2026-08-01T23:22:07Z
2026-08-01T23:18:50Z,2026-08-02T01:18:50+0200,914f204b-61c9-48d9-af2c-6470ecd1bcbf,2026-07-26T21:45:00Z,2026-07-26T23:45:00+0200,127.01,EUR/MWh,NL,NL,day_ahead_price,value,2026-08-01T23:22:07Z
2026-08-01T23:18:50Z,2026-08-02T01:18:50+0200,914f204b-61c9-48d9-af2c-6470ecd1bcbf,2026-07-26T22:00:00Z,2026-07-27T00:00:00+0200,77.22,EUR/MWh,NL,NL,day_ahead_price,value,2026-08-01T23:22:07Z
2026-08-01T23:18:50Z,2026-08-02T01:18:50+0200,914f204b-61c9-48d9-af2c-6470ecd1bcbf,2026-07-26T22:15:00Z,2026-07-27T00:15:00+0200,79.81,EUR/MWh,NL,NL,day_ahead_price,value,2026-08-01T23:22:07Z
2026-08-01T23:18:50Z,2026-08-02T01:18:50+0200,914f204b-61c9-48d9-af2c-6470ecd1bcbf,2026-07-26T22:30:00Z,2026-07-27T00:30:00+0200,77.49,EUR/MWh,NL,NL,day_ahead_price,value,2026-08-01T23:22:07Z
2026-08-01T23:18:50Z,2026-08-02T01:18:50+0200,914f204b-61c9-48d9-af2c-6470ecd1bcbf,2026-07-26T22:45:00Z,2026-07-27T00:45:00+0200,72.69,EUR/MWh,NL,NL,day_ahead_price,value,2026-08-01T23:22:07Z
2026-08-01T23:18:50Z,2026-08-02T01:18:50+0200,914f204b-61c9-48d9-af2c-6470ecd1bcbf,2026-07-26T23:00:00Z,2026-07-27T01:00:00+0200,76.86,EUR/MWh,NL,NL,day_ahead_price,value,2026-08-01T23:22:07Z
2026-08-01T23:18:50Z,2026-08-02T01:18:50+0200,914f204b-61c9-48d9-af2c-6470ecd1bcbf,2026-07-26T23:15:00Z,2026-07-27T01:15:00+0200,70.16,EUR/MWh,NL,NL,day_ahead_price,value,2026-08-01T23:22:07Z
2026-08-01T23:18:50Z,2026-08-02T01:18:50+0200,914f204b-61c9-48d9-af2c-6470ecd1bcbf,2026-07-26T23:30:00Z,2026-07-27T01:30:00+0200,68.14,EUR/MWh,NL,NL,day_ahead_price,value,2026-08-01T23:22:07Z
2026-08-01T23:18:50Z,2026-08-02T01:18:50+0200,914f204b-61c9-48d9-af2c-6470ecd1bcbf,2026-07-26T23:45:00Z,2026-07-27T01:45:00+0200,55.66,EUR/MWh,NL,NL,day_ahead_price,value,2026-08-01T23:22:07Z
2026-08-01T23:18:50Z,2026-08-02T01:18:50+0200,914f204b-61c9-48d9-af2c-6470ecd1bcbf,2026-07-27T00:00:00Z,2026-07-27T02:00:00+0200,60.82,EUR/MWh,NL,NL,day_ahead_price,value,2026-08-01T23:22:07Z
2026-08-01T23:18:50Z,2026-08-02T01:18:50+0200,914f204b-61c9-48d9-af2c-6470ecd1bcbf,2026-07-27T00:15:00Z,2026-07-27T02:15:00+0200,50.27,EUR/MWh,NL,NL,day_ahead_price,value,2026-08-01T23:22:07Z
2026-08-01T23:18:50Z,2026-08-02T01:18:50+0200,914f204b-61c9-48d9-af2c-6470ecd1bcbf,2026-07-27T00:30:00Z,2026-07-27T02:30:00+0200,67.08,EUR/MWh,NL,NL,day_ahead_price,value,2026-08-01T23:22:07Z
2026-08-01T23:18:50Z,2026-08-02T01:18:50+0200,914f204b-61c9-48d9-af2c-6470ecd1bcbf,2026-07-27T00:45:00Z,2026-07-27T02:45:00+0200,58.38,EUR/MWh,NL,NL,day_ahead_price,value,2026-08-01T23:22:07Z
2026-08-01T23:18:50Z,2026-08-02T01:18:50+0200,914f204b-61c9-48d9-af2c-6470ecd1bcbf,2026-07-27T01:00:00Z,2026-07-27T03:00:00+0200,61.86,EUR/MWh,NL,NL,day_ahead_price,value,2026-08-01T23:22:07Z
2026-08-01T23:18:50Z,2026-08-02T01:18:50+0200,914f204b-61c9-48d9-af2c-6470ecd1bcbf,2026-07-27T01:15:00Z,2026-07-27T03:15:00+0200,56.13,EUR/MWh,NL,NL,day_ahead_price,value,2026-08-01T23:22:07Z
2026-08-01T23:18:50Z,2026-08-02T01:18:50+0200,914f204b-61c9-48d9-af2c-6470ecd1bcbf,2026-07-27T01:30:00Z,2026-07-27T03:30:00+0200,54.15,EUR/MWh,NL,NL,day_ahead_price,value,2026-08-01T23:22:07Z
2026-08-01T23:18:50Z,2026-08-02T01:18:50+0200,914f204b-61c9-48d9-af2c-6470ecd1bcbf,2026-07-27T01:45:00Z,2026-07-27T03:45:00+0200,56.75,EUR/MWh,NL,NL,day_ahead_price,value,2026-08-01T23:22:07Z
2026-08-01T23:18:50Z,2026-08-02T01:18:50+0200,914f204b-61c9-48d9-af2c-6470ecd1bcbf,2026-07-27T02:00:00Z,2026-07-27T04:00:00+0200,62.22,EUR/MWh,NL,NL,day_ahead_price,value,2026-08-01T23:22:07Z
2026-08-01T23:18:50Z,2026-08-02T01:18:50+0200,914f204b-61c9-48d9-af2c-6470ecd1bcbf,2026-07-27T02:15:00Z,2026-07-27T04:15:00+0200,60.68,EUR/MWh,NL,NL,day_ahead_price,value,2026-08-01T23:22:07Z
2026-08-01T23:18:50Z,2026-08-02T01:18:50+0200,914f204b-61c9-48d9-af2c-6470ecd1bcbf,2026-07-27T02:30:00Z,2026-07-27T04:30:00+0200,62.04,EUR/MWh,NL,NL,day_ahead_price,value,2026-08-01T23:22:07Z
2026-08-01T23:18:50Z,2026-08-02T01:18:50+0200,914f204b-61c9-48d9-af2c-6470ecd1bcbf,2026-07-27T02:45:00Z,2026-07-27T04:45:00+0200,78.97,EUR/MWh,NL,NL,day_ahead_price,value,2026-08-01T23:22:07Z
2026-08-01T23:18:50Z,2026-08-02T01:18:50+0200,914f204b-61c9-48d9-af2c-6470ecd1bcbf,2026-07-27T03:00:00Z,2026-07-27T05:00:00+0200,57.09,EUR/MWh,NL,NL,day_ahead_price,value,2026-08-01T23:22:07Z
2026-08-01T23:18:50Z,2026-08-02T01:18:50+0200,914f204b-61c9-48d9-af2c-6470ecd1bcbf,2026-07-27T03:15:00Z,2026-07-27T05:15:00+0200,85.34,EUR/MWh,NL,NL,day_ahead_price,value,2026-08-01T23:22:07Z
2026-08-01T23:18:50Z,2026-08-02T01:18:50+0200,914f204b-61c9-48d9-af2c-6470ecd1bcbf,2026-07-27T03:30:00Z,2026-07-27T05:30:00+0200,99.79,EUR/MWh,NL,NL,day_ahead_price,value,2026-08-01T23:22:07Z
2026-08-01T23:18:50Z,2026-08-02T01:18:50+0200,914f204b-61c9-48d9-af2c-6470ecd1bcbf,2026-07-27T03:45:00Z,2026-07-27T05:45:00+0200,115.03,EUR/MWh,NL,NL,day_ahead_price,value,2026-08-01T23:22:07Z
2026-08-01T23:18:50Z,2026-08-02T01:18:50+0200,914f204b-61c9-48d9-af2c-6470ecd1bcbf,2026-07-27T04:00:00Z,2026-07-27T06:00:00+0200,101.41,EUR/MWh,NL,NL,day_ahead_price,value,2026-08-01T23:22:07Z
2026-08-01T23:18:50Z,2026-08-02T01:18:50+0200,914f204b-61c9-48d9-af2c-6470ecd1bcbf,2026-07-27T04:15:00Z,2026-07-27T06:15:00+0200,116.43,EUR/MWh,NL,NL,day_ahead_price,value,2026-08-01T23:22:07Z
2026-08-01T23:18:50Z,2026-08-02T01:18:50+0200,914f204b-61c9-48d9-af2c-6470ecd1bcbf,2026-07-27T04:30:00Z,2026-07-27T06:30:00+0200,117.74,EUR/MWh,NL,NL,day_ahead_price,value,2026-08-01T23:22:07Z
2026-08-01T23:18:50Z,2026-08-02T01:18:50+0200,914f204b-61c9-48d9-af2c-6470ecd1bcbf,2026-07-27T04:45:00Z,2026-07-27T06:45:00+0200,129.82,EUR/MWh,NL,NL,day_ahead_price,value,2026-08-01T23:22:07Z
2026-08-01T23:18:50Z,2026-08-02T01:18:50+0200,914f204b-61c9-48d9-af2c-6470ecd1bcbf,2026-07-27T05:00:00Z,2026-07-27T07:00:00+0200,135.14,EUR/MWh,NL,NL,day_ahead_price,value,2026-08-01T23:22:07Z
2026-08-01T23:18:50Z,2026-08-02T01:18:50+0200,914f204b-61c9-48d9-af2c-6470ecd1bcbf,2026-07-27T05:15:00Z,2026-07-27T07:15:00+0200,134.06,EUR/MWh,NL,NL,day_ahead_price,value,2026-08-01T23:22:07Z
2026-08-01T23:18:50Z,2026-08-02T01:18:50+0200,914f204b-61c9-48d9-af2c-6470ecd1bcbf,2026-07-27T05:30:00Z,2026-07-27T07:30:00+0200,126.4,EUR/MWh,NL,NL,day_ahead_price,value,2026-08-01T23:22:07Z
2026-08-01T23:18:50Z,2026-08-02T01:18:50+0200,914f204b-61c9-48d9-af2c-6470ecd1bcbf,2026-07-27T05:45:00Z,2026-07-27T07:45:00+0200,124.09,EUR/MWh,NL,NL,day_ahead_price,value,2026-08-01T23:22:07Z
2026-08-01T23:18:50Z,2026-08-02T01:18:50+0200,914f204b-61c9-48d9-af2c-6470ecd1bcbf,2026-07-27T06:00:00Z,2026-07-27T08:00:00+0200,146.11,EUR/MWh,NL,NL,day_ahead_price,value,2026-08-01T23:22:07Z
2026-08-01T23:18:50Z,2026-08-02T01:18:50+0200,914f204b-61c9-48d9-af2c-6470ecd1bcbf,2026-07-27T06:15:00Z,2026-07-27T08:15:00+0200,133.35,EUR/MWh,NL,NL,day_ahead_price,value,2026-08-01T23:22:07Z
2026-08-01T23:18:50Z,2026-08-02T01:18:50+0200,914f204b-61c9-48d9-af2c-6470ecd1bcbf,2026-07-27T06:30:00Z,2026-07-27T08:30:00+0200,112.22,EUR/MWh,NL,NL,day_ahead_price,value,2026-08-01T23:22:07Z
2026-08-01T23:18:50Z,2026-08-02T01:18:50+0200,914f204b-61c9-48d9-af2c-6470ecd1bcbf,2026-07-27T06:45:00Z,2026-07-27T08:45:00+0200,91.88,EUR/MWh,NL,NL,day_ahead_price,value,2026-08-01T23:22:07Z
2026-08-01T23:18:50Z,2026-08-02T01:18:50+0200,914f204b-61c9-48d9-af2c-6470ecd1bcbf,2026-07-27T07:00:00Z,2026-07-27T09:00:00+0200,107.48,EUR/MWh,NL,NL,day_ahead_price,value,2026-08-01T23:22:07Z
2026-08-01T23:18:50Z,2026-08-02T01:18:50+0200,914f204b-61c9-48d9-af2c-6470ecd1bcbf,2026-07-27T07:15:00Z,2026-07-27T09:15:00+0200,87.44,EUR/MWh,NL,NL,day_ahead_price,value,2026-08-01T23:22:07Z
2026-08-01T23:18:50Z,2026-08-02T01:18:50+0200,914f204b-61c9-48d9-af2c-6470ecd1bcbf,2026-07-27T07:30:00Z,2026-07-27T09:30:00+0200,72.2,EUR/MWh,NL,NL,day_ahead_price,value,2026-08-01T23:22:07Z
2026-08-01T23:18:50Z,2026-08-02T01:18:50+0200,914f204b-61c9-48d9-af2c-6470ecd1bcbf,2026-07-27T07:45:00Z,2026-07-27T09:45:00+0200,32.26,EUR/MWh,NL,NL,day_ahead_price,value,2026-08-01T23:22:07Z
2026-08-01T23:18:50Z,2026-08-02T01:18:50+0200,914f204b-61c9-48d9-af2c-6470ecd1bcbf,2026-07-27T08:00:00Z,2026-07-27T10:00:00+0200,53.49,EUR/MWh,NL,NL,day_ahead_price,value,2026-08-01T23:22:07Z
2026-08-01T23:18:50Z,2026-08-02T01:18:50+0200,914f204b-61c9-48d9-af2c-6470ecd1bcbf,2026-07-27T08:15:00Z,2026-07-27T10:15:00+0200,17.99,EUR/MWh,NL,NL,day_ahead_price,value,2026-08-01T23:22:07Z
2026-08-01T23:18:50Z,2026-08-02T01:18:50+0200,914f204b-61c9-48d9-af2c-6470ecd1bcbf,2026-07-27T08:30:00Z,2026-07-27T10:30:00+0200,13.75,EUR/MWh,NL,NL,day_ahead_price,value,2026-08-01T23:22:07Z
2026-08-01T23:18:50Z,2026-08-02T01:18:50+0200,914f204b-61c9-48d9-af2c-6470ecd1bcbf,2026-07-27T08:45:00Z,2026-07-27T10:45:00+0200,5.16,EUR/MWh,NL,NL,day_ahead_price,value,2026-08-01T23:22:07Z
2026-08-01T23:18:50Z,2026-08-02T01:18:50+0200,914f204b-61c9-48d9-af2c-6470ecd1bcbf,2026-07-27T09:00:00Z,2026-07-27T11:00:00+0200,4.42,EUR/MWh,NL,NL,day_ahead_price,value,2026-08-01T23:22:07Z
2026-08-01T23:18:50Z,2026-08-02T01:18:50+0200,914f204b-61c9-48d9-af2c-6470ecd1bcbf,2026-07-27T09:15:00Z,2026-07-27T11:15:00+0200,2.14,EUR/MWh,NL,NL,day_ahead_price,value,2026-08-01T23:22:07Z
2026-08-01T23:18:50Z,2026-08-02T01:18:50+0200,914f204b-61c9-48d9-af2c-6470ecd1bcbf,2026-07-27T09:30:00Z,2026-07-27T11:30:00+0200,0.0,EUR/MWh,NL,NL,day_ahead_price,value,2026-08-01T23:22:07Z
2026-08-01T23:18:50Z,2026-08-02T01:18:50+0200,914f204b-61c9-48d9-af2c-6470ecd1bcbf,2026-07-27T09:45:00Z,2026-07-27T11:45:00+0200,-0.01,EUR/MWh,NL,NL,day_ahead_price,value,2026-08-01T23:22:07Z
2026-08-01T23:18:50Z,2026-08-02T01:18:50+0200,914f204b-61c9-48d9-af2c-6470ecd1bcbf,2026-07-27T10:00:00Z,2026-07-27T12:00:00+0200,0.01,EUR/MWh,NL,NL,day_ahead_price,value,2026-08-01T23:22:07Z
2026-08-01T23:18:50Z,2026-08-02T01:18:50+0200,914f204b-61c9-48d9-af2c-6470ecd1bcbf,2026-07-27T10:15:00Z,2026-07-27T12:15:00+0200,0.01,EUR/MWh,NL,NL,day_ahead_price,value,2026-08-01T23:22:07Z
2026-08-01T23:18:50Z,2026-08-02T01:18:50+0200,914f204b-61c9-48d9-af2c-6470ecd1bcbf,2026-07-27T10:30:00Z,2026-07-27T12:30:00+0200,0.0,EUR/MWh,NL,NL,day_ahead_price,value,2026-08-01T23:22:07Z
2026-08-01T23:18:50Z,2026-08-02T01:18:50+0200,914f204b-61c9-48d9-af2c-6470ecd1bcbf,2026-07-27T10:45:00Z,2026-07-27T12:45:00+0200,-0.01,EUR/MWh,NL,NL,day_ahead_price,value,2026-08-01T23:22:07Z
2026-08-01T23:18:50Z,2026-08-02T01:18:50+0200,914f204b-61c9-48d9-af2c-6470ecd1bcbf,2026-07-27T11:00:00Z,2026-07-27T13:00:00+0200,2.65,EUR/MWh,NL,NL,day_ahead_price,value,2026-08-01T23:22:07Z
2026-08-01T23:18:50Z,2026-08-02T01:18:50+0200,914f204b-61c9-48d9-af2c-6470ecd1bcbf,2026-07-27T11:15:00Z,2026-07-27T13:15:00+0200,2.39,EUR/MWh,NL,NL,day_ahead_price,value,2026-08-01T23:22:07Z
2026-08-01T23:18:50Z,2026-08-02T01:18:50+0200,914f204b-61c9-48d9-af2c-6470ecd1bcbf,2026-07-27T11:30:00Z,2026-07-27T13:30:00+0200,1.71,EUR/MWh,NL,NL,day_ahead_price,value,2026-08-01T23:22:07Z
2026-08-01T23:18:50Z,2026-08-02T01:18:50+0200,914f204b-61c9-48d9-af2c-6470ecd1bcbf,2026-07-27T11:45:00Z,2026-07-27T13:45:00+0200,0.46,EUR/MWh,NL,NL,day_ahead_price,value,2026-08-01T23:22:07Z
2026-08-01T23:18:50Z,2026-08-02T01:18:50+0200,914f204b-61c9-48d9-af2c-6470ecd1bcbf,2026-07-27T12:00:00Z,2026-07-27T14:00:00+0200,-0.56,EUR/MWh,NL,NL,day_ahead_price,value,2026-08-01T23:22:07Z
2026-08-01T23:18:50Z,2026-08-02T01:18:50+0200,914f204b-61c9-48d9-af2c-6470ecd1bcbf,2026-07-27T12:15:00Z,2026-07-27T14:15:00+0200,-0.9,EUR/MWh,NL,NL,day_ahead_price,value,2026-08-01T23:22:07Z
2026-08-01T23:18:50Z,2026-08-02T01:18:50+0200,914f204b-61c9-48d9-af2c-6470ecd1bcbf,2026-07-27T12:30:00Z,2026-07-27T14:30:00+0200,-0.65,EUR/MWh,NL,NL,day_ahead_price,value,2026-08-01T23:22:07Z
2026-08-01T23:18:50Z,2026-08-02T01:18:50+0200,914f204b-61c9-48d9-af2c-6470ecd1bcbf,2026-07-27T12:45:00Z,2026-07-27T14:45:00+0200,-0.25,EUR/MWh,NL,NL,day_ahead_price,value,2026-08-01T23:22:07Z
2026-08-01T23:18:50Z,2026-08-02T01:18:50+0200,914f204b-61c9-48d9-af2c-6470ecd1bcbf,2026-07-27T13:00:00Z,2026-07-27T15:00:00+0200,-0.15,EUR/MWh,NL,NL,day_ahead_price,value,2026-08-01T23:22:07Z
2026-08-01T23:18:50Z,2026-08-02T01:18:50+0200,914f204b-61c9-48d9-af2c-6470ecd1bcbf,2026-07-27T13:15:00Z,2026-07-27T15:15:00+0200,-0.14,EUR/MWh,NL,NL,day_ahead_price,value,2026-08-01T23:22:07Z
2026-08-01T23:18:50Z,2026-08-02T01:18:50+0200,914f204b-61c9-48d9-af2c-6470ecd1bcbf,2026-07-27T13:30:00Z,2026-07-27T15:30:00+0200,-0.11,EUR/MWh,NL,NL,day_ahead_price,value,2026-08-01T23:22:07Z
2026-08-01T23:18:50Z,2026-08-02T01:18:50+0200,914f204b-61c9-48d9-af2c-6470ecd1bcbf,2026-07-27T13:45:00Z,2026-07-27T15:45:00+0200,-0.19,EUR/MWh,NL,NL,day_ahead_price,value,2026-08-01T23:22:07Z
2026-08-01T23:18:50Z,2026-08-02T01:18:50+0200,914f204b-61c9-48d9-af2c-6470ecd1bcbf,2026-07-27T14:00:00Z,2026-07-27T16:00:00+0200,-0.15,EUR/MWh,NL,NL,day_ahead_price,value,2026-08-01T23:22:07Z
2026-08-01T23:18:50Z,2026-08-02T01:18:50+0200,914f204b-61c9-48d9-af2c-6470ecd1bcbf,2026-07-27T14:15:00Z,2026-07-27T16:15:00+0200,-0.39,EUR/MWh,NL,NL,day_ahead_price,value,2026-08-01T23:22:07Z
2026-08-01T23:18:50Z,2026-08-02T01:18:50+0200,914f204b-61c9-48d9-af2c-6470ecd1bcbf,2026-07-27T14:30:00Z,2026-07-27T16:30:00+0200,-0.43,EUR/MWh,NL,NL,day_ahead_price,value,2026-08-01T23:22:07Z
2026-08-01T23:18:50Z,2026-08-02T01:18:50+0200,914f204b-61c9-48d9-af2c-6470ecd1bcbf,2026-07-27T14:45:00Z,2026-07-27T16:45:00+0200,-0.05,EUR/MWh,NL,NL,day_ahead_price,value,2026-08-01T23:22:07Z
2026-08-01T23:18:50Z,2026-08-02T01:18:50+0200,914f204b-61c9-48d9-af2c-6470ecd1bcbf,2026-07-27T15:00:00Z,2026-07-27T17:00:00+0200,-0.12,EUR/MWh,NL,NL,day_ahead_price,value,2026-08-01T23:22:07Z
2026-08-01T23:18:50Z,2026-08-02T01:18:50+0200,914f204b-61c9-48d9-af2c-6470ecd1bcbf,2026-07-27T15:15:00Z,2026-07-27T17:15:00+0200,2.26,EUR/MWh,NL,NL,day_ahead_price,value,2026-08-01T23:22:07Z
2026-08-01T23:18:50Z,2026-08-02T01:18:50+0200,914f204b-61c9-48d9-af2c-6470ecd1bcbf,2026-07-27T15:30:00Z,2026-07-27T17:30:00+0200,10.1,EUR/MWh,NL,NL,day_ahead_price,value,2026-08-01T23:22:07Z
2026-08-01T23:18:50Z,2026-08-02T01:18:50+0200,914f204b-61c9-48d9-af2c-6470ecd1bcbf,2026-07-27T15:45:00Z,2026-07-27T17:45:00+0200,44.07,EUR/MWh,NL,NL,day_ahead_price,value,2026-08-01T23:22:07Z
2026-08-01T23:18:50Z,2026-08-02T01:18:50+0200,914f204b-61c9-48d9-af2c-6470ecd1bcbf,2026-07-27T16:00:00Z,2026-07-27T18:00:00+0200,52.77,EUR/MWh,NL,NL,day_ahead_price,value,2026-08-01T23:22:07Z
2026-08-01T23:18:50Z,2026-08-02T01:18:50+0200,914f204b-61c9-48d9-af2c-6470ecd1bcbf,2026-07-27T16:15:00Z,2026-07-27T18:15:00+0200,91.22,EUR/MWh,NL,NL,day_ahead_price,value,2026-08-01T23:22:07Z
2026-08-01T23:18:50Z,2026-08-02T01:18:50+0200,914f204b-61c9-48d9-af2c-6470ecd1bcbf,2026-07-27T16:30:00Z,2026-07-27T18:30:00+0200,112.05,EUR/MWh,NL,NL,day_ahead_price,value,2026-08-01T23:22:07Z
2026-08-01T23:18:50Z,2026-08-02T01:18:50+0200,914f204b-61c9-48d9-af2c-6470ecd1bcbf,2026-07-27T16:45:00Z,2026-07-27T18:45:00+0200,133.58,EUR/MWh,NL,NL,day_ahead_price,value,2026-08-01T23:22:07Z
2026-08-01T23:18:50Z,2026-08-02T01:18:50+0200,914f204b-61c9-48d9-af2c-6470ecd1bcbf,2026-07-27T17:00:00Z,2026-07-27T19:00:00+0200,118.83,EUR/MWh,NL,NL,day_ahead_price,value,2026-08-01T23:22:07Z
2026-08-01T23:18:50Z,2026-08-02T01:18:50+0200,914f204b-61c9-48d9-af2c-6470ecd1bcbf,2026-07-27T17:15:00Z,2026-07-27T19:15:00+0200,147.99,EUR/MWh,NL,NL,day_ahead_price,value,2026-08-01T23:22:07Z
2026-08-01T23:18:50Z,2026-08-02T01:18:50+0200,914f204b-61c9-48d9-af2c-6470ecd1bcbf,2026-07-27T17:30:00Z,2026-07-27T19:30:00+0200,157.65,EUR/MWh,NL,NL,day_ahead_price,value,2026-08-01T23:22:07Z
2026-08-01T23:18:50Z,2026-08-02T01:18:50+0200,914f204b-61c9-48d9-af2c-6470ecd1bcbf,2026-07-27T17:45:00Z,2026-07-27T19:45:00+0200,179.33,EUR/MWh,NL,NL,day_ahead_price,value,2026-08-01T23:22:07Z
2026-08-01T23:18:50Z,2026-08-02T01:18:50+0200,914f204b-61c9-48d9-af2c-6470ecd1bcbf,2026-07-27T18:00:00Z,2026-07-27T20:00:00+0200,154.99,EUR/MWh,NL,NL,day_ahead_price,value,2026-08-01T23:22:07Z
2026-08-01T23:18:50Z,2026-08-02T01:18:50+0200,914f204b-61c9-48d9-af2c-6470ecd1bcbf,2026-07-27T18:15:00Z,2026-07-27T20:15:00+0200,172.28,EUR/MWh,NL,NL,day_ahead_price,value,2026-08-01T23:22:07Z
2026-08-01T23:18:50Z,2026-08-02T01:18:50+0200,914f204b-61c9-48d9-af2c-6470ecd1bcbf,2026-07-27T18:30:00Z,2026-07-27T20:30:00+0200,180.13,EUR/MWh,NL,NL,day_ahead_price,value,2026-08-01T23:22:07Z
2026-08-01T23:18:50Z,2026-08-02T01:18:50+0200,914f204b-61c9-48d9-af2c-6470ecd1bcbf,2026-07-27T18:45:00Z,2026-07-27T20:45:00+0200,187.05,EUR/MWh,NL,NL,day_ahead_price,value,2026-08-01T23:22:07Z
2026-08-01T23:18:50Z,2026-08-02T01:18:50+0200,914f204b-61c9-48d9-af2c-6470ecd1bcbf,2026-07-27T19:00:00Z,2026-07-27T21:00:00+0200,183.1,EUR/MWh,NL,NL,day_ahead_price,value,2026-08-01T23:22:07Z
2026-08-01T23:18:50Z,2026-08-02T01:18:50+0200,914f204b-61c9-48d9-af2c-6470ecd1bcbf,2026-07-27T19:15:00Z,2026-07-27T21:15:00+0200,181.08,EUR/MWh,NL,NL,day_ahead_price,value,2026-08-01T23:22:07Z
2026-08-01T23:18:50Z,2026-08-02T01:18:50+0200,914f204b-61c9-48d9-af2c-6470ecd1bcbf,2026-07-27T19:30:00Z,2026-07-27T21:30:00+0200,177.65,EUR/MWh,NL,NL,day_ahead_price,value,2026-08-01T23:22:07Z
2026-08-01T23:18:50Z,2026-08-02T01:18:50+0200,914f204b-61c9-48d9-af2c-6470ecd1bcbf,2026-07-27T19:45:00Z,2026-07-27T21:45:00+0200,172.45,EUR/MWh,NL,NL,day_ahead_price,value,2026-08-01T23:22:07Z
2026-08-01T23:18:50Z,2026-08-02T01:18:50+0200,914f204b-61c9-48d9-af2c-6470ecd1bcbf,2026-07-27T20:00:00Z,2026-07-27T22:00:00+0200,183.58,EUR/MWh,NL,NL,day_ahead_price,value,2026-08-01T23:22:07Z
2026-08-01T23:18:50Z,2026-08-02T01:18:50+0200,914f204b-61c9-48d9-af2c-6470ecd1bcbf,2026-07-27T20:15:00Z,2026-07-27T22:15:00+0200,175.48,EUR/MWh,NL,NL,day_ahead_price,value,2026-08-01T23:22:07Z
2026-08-01T23:18:50Z,2026-08-02T01:18:50+0200,914f204b-61c9-48d9-af2c-6470ecd1bcbf,2026-07-27T20:30:00Z,2026-07-27T22:30:00+0200,176.69,EUR/MWh,NL,NL,day_ahead_price,value,2026-08-01T23:22:07Z
2026-08-01T23:18:50Z,2026-08-02T01:18:50+0200,914f204b-61c9-48d9-af2c-6470ecd1bcbf,2026-07-27T20:45:00Z,2026-07-27T22:45:00+0200,157.08,EUR/MWh,NL,NL,day_ahead_price,value,2026-08-01T23:22:07Z
2026-08-01T23:18:50Z,2026-08-02T01:18:50+0200,914f204b-61c9-48d9-af2c-6470ecd1bcbf,2026-07-27T21:00:00Z,2026-07-27T23:00:00+0200,162.37,EUR/MWh,NL,NL,day_ahead_price,value,2026-08-01T23:22:07Z
2026-08-01T23:18:50Z,2026-08-02T01:18:50+0200,914f204b-61c9-48d9-af2c-6470ecd1bcbf,2026-07-27T21:15:00Z,2026-07-27T23:15:00+0200,162.41,EUR/MWh,NL,NL,day_ahead_price,value,2026-08-01T23:22:07Z
2026-08-01T23:18:50Z,2026-08-02T01:18:50+0200,914f204b-61c9-48d9-af2c-6470ecd1bcbf,2026-07-27T21:30:00Z,2026-07-27T23:30:00+0200,162.69,EUR/MWh,NL,NL,day_ahead_price,value,2026-08-01T23:22:07Z
2026-08-01T23:18:50Z,2026-08-02T01:18:50+0200,914f204b-61c9-48d9-af2c-6470ecd1bcbf,2026-07-27T21:45:00Z,2026-07-27T23:45:00+0200,149.53,EUR/MWh,NL,NL,day_ahead_price,value,2026-08-01T23:22:07Z
2026-08-01T23:18:50Z,2026-08-02T01:18:50+0200,914f204b-61c9-48d9-af2c-6470ecd1bcbf,2026-07-27T22:00:00Z,2026-07-28T00:00:00+0200,179.29,EUR/MWh,NL,NL,day_ahead_price,value,2026-08-01T23:22:07Z
2026-08-01T23:18:50Z,2026-08-02T01:18:50+0200,914f204b-61c9-48d9-af2c-6470ecd1bcbf,2026-07-27T22:15:00Z,2026-07-28T00:15:00+0200,170.29,EUR/MWh,NL,NL,day_ahead_price,value,2026-08-01T23:22:07Z
2026-08-01T23:18:50Z,2026-08-02T01:18:50+0200,914f204b-61c9-48d9-af2c-6470ecd1bcbf,2026-07-27T22:30:00Z,2026-07-28T00:30:00+0200,151.78,EUR/MWh,NL,NL,day_ahead_price,value,2026-08-01T23:22:07Z
2026-08-01T23:18:50Z,2026-08-02T01:18:50+0200,914f204b-61c9-48d9-af2c-6470ecd1bcbf,2026-07-27T22:45:00Z,2026-07-28T00:45:00+0200,142.97,EUR/MWh,NL,NL,day_ahead_price,value,2026-08-01T23:22:07Z
2026-08-01T23:18:50Z,2026-08-02T01:18:50+0200,914f204b-61c9-48d9-af2c-6470ecd1bcbf,2026-07-27T23:00:00Z,2026-07-28T01:00:00+0200,155.21,EUR/MWh,NL,NL,day_ahead_price,value,2026-08-01T23:22:07Z
2026-08-01T23:18:50Z,2026-08-02T01:18:50+0200,914f204b-61c9-48d9-af2c-6470ecd1bcbf,2026-07-27T23:15:00Z,2026-07-28T01:15:00+0200,149.8,EUR/MWh,NL,NL,day_ahead_price,value,2026-08-01T23:22:07Z
2026-08-01T23:18:50Z,2026-08-02T01:18:50+0200,914f204b-61c9-48d9-af2c-6470ecd1bcbf,2026-07-27T23:30:00Z,2026-07-28T01:30:00+0200,145.48,EUR/MWh,NL,NL,day_ahead_price,value,2026-08-01T23:22:07Z
2026-08-01T23:18:50Z,2026-08-02T01:18:50+0200,914f204b-61c9-48d9-af2c-6470ecd1bcbf,2026-07-27T23:45:00Z,2026-07-28T01:45:00+0200,143.8,EUR/MWh,NL,NL,day_ahead_price,value,2026-08-01T23:22:07Z
2026-08-01T23:18:50Z,2026-08-02T01:18:50+0200,914f204b-61c9-48d9-af2c-6470ecd1bcbf,2026-07-28T00:00:00Z,2026-07-28T02:00:00+0200,147.49,EUR/MWh,NL,NL,day_ahead_price,value,2026-08-01T23:22:07Z
2026-08-01T23:18:50Z,2026-08-02T01:18:50+0200,914f204b-61c9-48d9-af2c-6470ecd1bcbf,2026-07-28T00:15:00Z,2026-07-28T02:15:00+0200,142.22,EUR/MWh,NL,NL,day_ahead_price,value,2026-08-01T23:22:07Z
2026-08-01T23:18:50Z,2026-08-02T01:18:50+0200,914f204b-61c9-48d9-af2c-6470ecd1bcbf,2026-07-28T00:30:00Z,2026-07-28T02:30:00+0200,139.31,EUR/MWh,NL,NL,day_ahead_price,value,2026-08-01T23:22:07Z
2026-08-01T23:18:50Z,2026-08-02T01:18:50+0200,914f204b-61c9-48d9-af2c-6470ecd1bcbf,2026-07-28T00:45:00Z,2026-07-28T02:45:00+0200,138.01,EUR/MWh,NL,NL,day_ahead_price,value,2026-08-01T23:22:07Z
2026-08-01T23:18:50Z,2026-08-02T01:18:50+0200,914f204b-61c9-48d9-af2c-6470ecd1bcbf,2026-07-28T01:00:00Z,2026-07-28T03:00:00+0200,136.5,EUR/MWh,NL,NL,day_ahead_price,value,2026-08-01T23:22:07Z
2026-08-01T23:18:50Z,2026-08-02T01:18:50+0200,914f204b-61c9-48d9-af2c-6470ecd1bcbf,2026-07-28T01:15:00Z,2026-07-28T03:15:00+0200,134.82,EUR/MWh,NL,NL,day_ahead_price,value,2026-08-01T23:22:07Z
2026-08-01T23:18:50Z,2026-08-02T01:18:50+0200,914f204b-61c9-48d9-af2c-6470ecd1bcbf,2026-07-28T01:30:00Z,2026-07-28T03:30:00+0200,133.43,EUR/MWh,NL,NL,day_ahead_price,value,2026-08-01T23:22:07Z
2026-08-01T23:18:50Z,2026-08-02T01:18:50+0200,914f204b-61c9-48d9-af2c-6470ecd1bcbf,2026-07-28T01:45:00Z,2026-07-28T03:45:00+0200,133.99,EUR/MWh,NL,NL,day_ahead_price,value,2026-08-01T23:22:07Z
2026-08-01T23:18:50Z,2026-08-02T01:18:50+0200,914f204b-61c9-48d9-af2c-6470ecd1bcbf,2026-07-28T02:00:00Z,2026-07-28T04:00:00+0200,131.36,EUR/MWh,NL,NL,day_ahead_price,value,2026-08-01T23:22:07Z
2026-08-01T23:18:50Z,2026-08-02T01:18:50+0200,914f204b-61c9-48d9-af2c-6470ecd1bcbf,2026-07-28T02:15:00Z,2026-07-28T04:15:00+0200,133.3,EUR/MWh,NL,NL,day_ahead_price,value,2026-08-01T23:22:07Z
2026-08-01T23:18:50Z,2026-08-02T01:18:50+0200,914f204b-61c9-48d9-af2c-6470ecd1bcbf,2026-07-28T02:30:00Z,2026-07-28T04:30:00+0200,138.85,EUR/MWh,NL,NL,day_ahead_price,value,2026-08-01T23:22:07Z
2026-08-01T23:18:50Z,2026-08-02T01:18:50+0200,914f204b-61c9-48d9-af2c-6470ecd1bcbf,2026-07-28T02:45:00Z,2026-07-28T04:45:00+0200,144.49,EUR/MWh,NL,NL,day_ahead_price,value,2026-08-01T23:22:07Z
2026-08-01T23:18:50Z,2026-08-02T01:18:50+0200,914f204b-61c9-48d9-af2c-6470ecd1bcbf,2026-07-28T03:00:00Z,2026-07-28T05:00:00+0200,137.96,EUR/MWh,NL,NL,day_ahead_price,value,2026-08-01T23:22:07Z
2026-08-01T23:18:50Z,2026-08-02T01:18:50+0200,914f204b-61c9-48d9-af2c-6470ecd1bcbf,2026-07-28T03:15:00Z,2026-07-28T05:15:00+0200,143.1,EUR/MWh,NL,NL,day_ahead_price,value,2026-08-01T23:22:07Z
2026-08-01T23:18:50Z,2026-08-02T01:18:50+0200,914f204b-61c9-48d9-af2c-6470ecd1bcbf,2026-07-28T03:30:00Z,2026-07-28T05:30:00+0200,153.42,EUR/MWh,NL,NL,day_ahead_price,value,2026-08-01T23:22:07Z
2026-08-01T23:18:50Z,2026-08-02T01:18:50+0200,914f204b-61c9-48d9-af2c-6470ecd1bcbf,2026-07-28T03:45:00Z,2026-07-28T05:45:00+0200,160.5,EUR/MWh,NL,NL,day_ahead_price,value,2026-08-01T23:22:07Z
2026-08-01T23:18:50Z,2026-08-02T01:18:50+0200,914f204b-61c9-48d9-af2c-6470ecd1bcbf,2026-07-28T04:00:00Z,2026-07-28T06:00:00+0200,163.4,EUR/MWh,NL,NL,day_ahead_price,value,2026-08-01T23:22:07Z
2026-08-01T23:18:50Z,2026-08-02T01:18:50+0200,914f204b-61c9-48d9-af2c-6470ecd1bcbf,2026-07-28T04:15:00Z,2026-07-28T06:15:00+0200,167.8,EUR/MWh,NL,NL,day_ahead_price,value,2026-08-01T23:22:07Z
2026-08-01T23:18:50Z,2026-08-02T01:18:50+0200,914f204b-61c9-48d9-af2c-6470ecd1bcbf,2026-07-28T04:30:00Z,2026-07-28T06:30:00+0200,166.12,EUR/MWh,NL,NL,day_ahead_price,value,2026-08-01T23:22:07Z
2026-08-01T23:18:50Z,2026-08-02T01:18:50+0200,914f204b-61c9-48d9-af2c-6470ecd1bcbf,2026-07-28T04:45:00Z,2026-07-28T06:45:00+0200,159.69,EUR/MWh,NL,NL,day_ahead_price,value,2026-08-01T23:22:07Z
2026-08-01T23:18:50Z,2026-08-02T01:18:50+0200,914f204b-61c9-48d9-af2c-6470ecd1bcbf,2026-07-28T05:00:00Z,2026-07-28T07:00:00+0200,178.81,EUR/MWh,NL,NL,day_ahead_price,value,2026-08-01T23:22:07Z
2026-08-01T23:18:50Z,2026-08-02T01:18:50+0200,914f204b-61c9-48d9-af2c-6470ecd1bcbf,2026-07-28T05:15:00Z,2026-07-28T07:15:00+0200,168.62,EUR/MWh,NL,NL,day_ahead_price,value,2026-08-01T23:22:07Z
2026-08-01T23:18:50Z,2026-08-02T01:18:50+0200,914f204b-61c9-48d9-af2c-6470ecd1bcbf,2026-07-28T05:30:00Z,2026-07-28T07:30:00+0200,156.75,EUR/MWh,NL,NL,day_ahead_price,value,2026-08-01T23:22:07Z
2026-08-01T23:18:50Z,2026-08-02T01:18:50+0200,914f204b-61c9-48d9-af2c-6470ecd1bcbf,2026-07-28T05:45:00Z,2026-07-28T07:45:00+0200,147.89,EUR/MWh,NL,NL,day_ahead_price,value,2026-08-01T23:22:07Z
2026-08-01T23:18:50Z,2026-08-02T01:18:50+0200,914f204b-61c9-48d9-af2c-6470ecd1bcbf,2026-07-28T06:00:00Z,2026-07-28T08:00:00+0200,167.38,EUR/MWh,NL,NL,day_ahead_price,value,2026-08-01T23:22:07Z
2026-08-01T23:18:50Z,2026-08-02T01:18:50+0200,914f204b-61c9-48d9-af2c-6470ecd1bcbf,2026-07-28T06:15:00Z,2026-07-28T08:15:00+0200,155.31,EUR/MWh,NL,NL,day_ahead_price,value,2026-08-01T23:22:07Z
2026-08-01T23:18:50Z,2026-08-02T01:18:50+0200,914f204b-61c9-48d9-af2c-6470ecd1bcbf,2026-07-28T06:30:00Z,2026-07-28T08:30:00+0200,146.77,EUR/MWh,NL,NL,day_ahead_price,value,2026-08-01T23:22:07Z
2026-08-01T23:18:50Z,2026-08-02T01:18:50+0200,914f204b-61c9-48d9-af2c-6470ecd1bcbf,2026-07-28T06:45:00Z,2026-07-28T08:45:00+0200,131.49,EUR/MWh,NL,NL,day_ahead_price,value,2026-08-01T23:22:07Z
2026-08-01T23:18:50Z,2026-08-02T01:18:50+0200,914f204b-61c9-48d9-af2c-6470ecd1bcbf,2026-07-28T07:00:00Z,2026-07-28T09:00:00+0200,160.88,EUR/MWh,NL,NL,day_ahead_price,value,2026-08-01T23:22:07Z
2026-08-01T23:18:50Z,2026-08-02T01:18:50+0200,914f204b-61c9-48d9-af2c-6470ecd1bcbf,2026-07-28T07:15:00Z,2026-07-28T09:15:00+0200,128.98,EUR/MWh,NL,NL,day_ahead_price,value,2026-08-01T23:22:07Z
2026-08-01T23:18:50Z,2026-08-02T01:18:50+0200,914f204b-61c9-48d9-af2c-6470ecd1bcbf,2026-07-28T07:30:00Z,2026-07-28T09:30:00+0200,110.92,EUR/MWh,NL,NL,day_ahead_price,value,2026-08-01T23:22:07Z
2026-08-01T23:18:50Z,2026-08-02T01:18:50+0200,914f204b-61c9-48d9-af2c-6470ecd1bcbf,2026-07-28T07:45:00Z,2026-07-28T09:45:00+0200,100.0,EUR/MWh,NL,NL,day_ahead_price,value,2026-08-01T23:22:07Z
2026-08-01T23:18:50Z,2026-08-02T01:18:50+0200,914f204b-61c9-48d9-af2c-6470ecd1bcbf,2026-07-28T08:00:00Z,2026-07-28T10:00:00+0200,125.98,EUR/MWh,NL,NL,day_ahead_price,value,2026-08-01T23:22:07Z
2026-08-01T23:18:50Z,2026-08-02T01:18:50+0200,914f204b-61c9-48d9-af2c-6470ecd1bcbf,2026-07-28T08:15:00Z,2026-07-28T10:15:00+0200,62.54,EUR/MWh,NL,NL,day_ahead_price,value,2026-08-01T23:22:07Z
2026-08-01T23:18:50Z,2026-08-02T01:18:50+0200,914f204b-61c9-48d9-af2c-6470ecd1bcbf,2026-07-28T08:30:00Z,2026-07-28T10:30:00+0200,22.73,EUR/MWh,NL,NL,day_ahead_price,value,2026-08-01T23:22:07Z
2026-08-01T23:18:50Z,2026-08-02T01:18:50+0200,914f204b-61c9-48d9-af2c-6470ecd1bcbf,2026-07-28T08:45:00Z,2026-07-28T10:45:00+0200,4.76,EUR/MWh,NL,NL,day_ahead_price,value,2026-08-01T23:22:07Z
2026-08-01T23:18:50Z,2026-08-02T01:18:50+0200,914f204b-61c9-48d9-af2c-6470ecd1bcbf,2026-07-28T09:00:00Z,2026-07-28T11:00:00+0200,7.11,EUR/MWh,NL,NL,day_ahead_price,value,2026-08-01T23:22:07Z
2026-08-01T23:18:50Z,2026-08-02T01:18:50+0200,914f204b-61c9-48d9-af2c-6470ecd1bcbf,2026-07-28T09:15:00Z,2026-07-28T11:15:00+0200,7.28,EUR/MWh,NL,NL,day_ahead_price,value,2026-08-01T23:22:07Z
2026-08-01T23:18:50Z,2026-08-02T01:18:50+0200,914f204b-61c9-48d9-af2c-6470ecd1bcbf,2026-07-28T09:30:00Z,2026-07-28T11:30:00+0200,3.63,EUR/MWh,NL,NL,day_ahead_price,value,2026-08-01T23:22:07Z
2026-08-01T23:18:50Z,2026-08-02T01:18:50+0200,914f204b-61c9-48d9-af2c-6470ecd1bcbf,2026-07-28T09:45:00Z,2026-07-28T11:45:00+0200,1.38,EUR/MWh,NL,NL,day_ahead_price,value,2026-08-01T23:22:07Z
2026-08-01T23:18:50Z,2026-08-02T01:18:50+0200,914f204b-61c9-48d9-af2c-6470ecd1bcbf,2026-07-28T10:00:00Z,2026-07-28T12:00:00+0200,0.23,EUR/MWh,NL,NL,day_ahead_price,value,2026-08-01T23:22:07Z
2026-08-01T23:18:50Z,2026-08-02T01:18:50+0200,914f204b-61c9-48d9-af2c-6470ecd1bcbf,2026-07-28T10:15:00Z,2026-07-28T12:15:00+0200,0.2,EUR/MWh,NL,NL,day_ahead_price,value,2026-08-01T23:22:07Z
2026-08-01T23:18:50Z,2026-08-02T01:18:50+0200,914f204b-61c9-48d9-af2c-6470ecd1bcbf,2026-07-28T10:30:00Z,2026-07-28T12:30:00+0200,0.18,EUR/MWh,NL,NL,day_ahead_price,value,2026-08-01T23:22:07Z
2026-08-01T23:18:50Z,2026-08-02T01:18:50+0200,914f204b-61c9-48d9-af2c-6470ecd1bcbf,2026-07-28T10:45:00Z,2026-07-28T12:45:00+0200,0.16,EUR/MWh,NL,NL,day_ahead_price,value,2026-08-01T23:22:07Z
2026-08-01T23:18:50Z,2026-08-02T01:18:50+0200,914f204b-61c9-48d9-af2c-6470ecd1bcbf,2026-07-28T11:00:00Z,2026-07-28T13:00:00+0200,0.19,EUR/MWh,NL,NL,day_ahead_price,value,2026-08-01T23:22:07Z
2026-08-01T23:18:50Z,2026-08-02T01:18:50+0200,914f204b-61c9-48d9-af2c-6470ecd1bcbf,2026-07-28T11:15:00Z,2026-07-28T13:15:00+0200,0.15,EUR/MWh,NL,NL,day_ahead_price,value,2026-08-01T23:22:07Z
2026-08-01T23:18:50Z,2026-08-02T01:18:50+0200,914f204b-61c9-48d9-af2c-6470ecd1bcbf,2026-07-28T11:30:00Z,2026-07-28T13:30:00+0200,0.12,EUR/MWh,NL,NL,day_ahead_price,value,2026-08-01T23:22:07Z
2026-08-01T23:18:50Z,2026-08-02T01:18:50+0200,914f204b-61c9-48d9-af2c-6470ecd1bcbf,2026-07-28T11:45:00Z,2026-07-28T13:45:00+0200,0.04,EUR/MWh,NL,NL,day_ahead_price,value,2026-08-01T23:22:07Z
2026-08-01T23:18:50Z,2026-08-02T01:18:50+0200,914f204b-61c9-48d9-af2c-6470ecd1bcbf,2026-07-28T12:00:00Z,2026-07-28T14:00:00+0200,1.22,EUR/MWh,NL,NL,day_ahead_price,value,2026-08-01T23:22:07Z
2026-08-01T23:18:50Z,2026-08-02T01:18:50+0200,914f204b-61c9-48d9-af2c-6470ecd1bcbf,2026-07-28T12:15:00Z,2026-07-28T14:15:00+0200,1.48,EUR/MWh,NL,NL,day_ahead_price,value,2026-08-01T23:22:07Z
2026-08-01T23:18:50Z,2026-08-02T01:18:50+0200,914f204b-61c9-48d9-af2c-6470ecd1bcbf,2026-07-28T12:30:00Z,2026-07-28T14:30:00+0200,1.65,EUR/MWh,NL,NL,day_ahead_price,value,2026-08-01T23:22:07Z
2026-08-01T23:18:50Z,2026-08-02T01:18:50+0200,914f204b-61c9-48d9-af2c-6470ecd1bcbf,2026-07-28T12:45:00Z,2026-07-28T14:45:00+0200,1.97,EUR/MWh,NL,NL,day_ahead_price,value,2026-08-01T23:22:07Z
2026-08-01T23:18:50Z,2026-08-02T01:18:50+0200,914f204b-61c9-48d9-af2c-6470ecd1bcbf,2026-07-28T13:00:00Z,2026-07-28T15:00:00+0200,0.23,EUR/MWh,NL,NL,day_ahead_price,value,2026-08-01T23:22:07Z
2026-08-01T23:18:50Z,2026-08-02T01:18:50+0200,914f204b-61c9-48d9-af2c-6470ecd1bcbf,2026-07-28T13:15:00Z,2026-07-28T15:15:00+0200,1.14,EUR/MWh,NL,NL,day_ahead_price,value,2026-08-01T23:22:07Z
2026-08-01T23:18:50Z,2026-08-02T01:18:50+0200,914f204b-61c9-48d9-af2c-6470ecd1bcbf,2026-07-28T13:30:00Z,2026-07-28T15:30:00+0200,2.68,EUR/MWh,NL,NL,day_ahead_price,value,2026-08-01T23:22:07Z
2026-08-01T23:18:50Z,2026-08-02T01:18:50+0200,914f204b-61c9-48d9-af2c-6470ecd1bcbf,2026-07-28T13:45:00Z,2026-07-28T15:45:00+0200,9.46,EUR/MWh,NL,NL,day_ahead_price,value,2026-08-01T23:22:07Z
2026-08-01T23:18:50Z,2026-08-02T01:18:50+0200,914f204b-61c9-48d9-af2c-6470ecd1bcbf,2026-07-28T14:00:00Z,2026-07-28T16:00:00+0200,4.03,EUR/MWh,NL,NL,day_ahead_price,value,2026-08-01T23:22:07Z
2026-08-01T23:18:50Z,2026-08-02T01:18:50+0200,914f204b-61c9-48d9-af2c-6470ecd1bcbf,2026-07-28T14:15:00Z,2026-07-28T16:15:00+0200,14.73,EUR/MWh,NL,NL,day_ahead_price,value,2026-08-01T23:22:07Z
2026-08-01T23:18:50Z,2026-08-02T01:18:50+0200,914f204b-61c9-48d9-af2c-6470ecd1bcbf,2026-07-28T14:30:00Z,2026-07-28T16:30:00+0200,55.7,EUR/MWh,NL,NL,day_ahead_price,value,2026-08-01T23:22:07Z
2026-08-01T23:18:50Z,2026-08-02T01:18:50+0200,914f204b-61c9-48d9-af2c-6470ecd1bcbf,2026-07-28T14:45:00Z,2026-07-28T16:45:00+0200,89.54,EUR/MWh,NL,NL,day_ahead_price,value,2026-08-01T23:22:07Z
2026-08-01T23:18:50Z,2026-08-02T01:18:50+0200,914f204b-61c9-48d9-af2c-6470ecd1bcbf,2026-07-28T15:00:00Z,2026-07-28T17:00:00+0200,59.91,EUR/MWh,NL,NL,day_ahead_price,value,2026-08-01T23:22:07Z
2026-08-01T23:18:50Z,2026-08-02T01:18:50+0200,914f204b-61c9-48d9-af2c-6470ecd1bcbf,2026-07-28T15:15:00Z,2026-07-28T17:15:00+0200,100.0,EUR/MWh,NL,NL,day_ahead_price,value,2026-08-01T23:22:07Z
2026-08-01T23:18:50Z,2026-08-02T01:18:50+0200,914f204b-61c9-48d9-af2c-6470ecd1bcbf,2026-07-28T15:30:00Z,2026-07-28T17:30:00+0200,118.14,EUR/MWh,NL,NL,day_ahead_price,value,2026-08-01T23:22:07Z
2026-08-01T23:18:50Z,2026-08-02T01:18:50+0200,914f204b-61c9-48d9-af2c-6470ecd1bcbf,2026-07-28T15:45:00Z,2026-07-28T17:45:00+0200,142.38,EUR/MWh,NL,NL,day_ahead_price,value,2026-08-01T23:22:07Z
2026-08-01T23:18:50Z,2026-08-02T01:18:50+0200,914f204b-61c9-48d9-af2c-6470ecd1bcbf,2026-07-28T16:00:00Z,2026-07-28T18:00:00+0200,124.18,EUR/MWh,NL,NL,day_ahead_price,value,2026-08-01T23:22:07Z
2026-08-01T23:18:50Z,2026-08-02T01:18:50+0200,914f204b-61c9-48d9-af2c-6470ecd1bcbf,2026-07-28T16:15:00Z,2026-07-28T18:15:00+0200,153.4,EUR/MWh,NL,NL,day_ahead_price,value,2026-08-01T23:22:07Z
2026-08-01T23:18:50Z,2026-08-02T01:18:50+0200,914f204b-61c9-48d9-af2c-6470ecd1bcbf,2026-07-28T16:30:00Z,2026-07-28T18:30:00+0200,164.31,EUR/MWh,NL,NL,day_ahead_price,value,2026-08-01T23:22:07Z
2026-08-01T23:18:50Z,2026-08-02T01:18:50+0200,914f204b-61c9-48d9-af2c-6470ecd1bcbf,2026-07-28T16:45:00Z,2026-07-28T18:45:00+0200,175.62,EUR/MWh,NL,NL,day_ahead_price,value,2026-08-01T23:22:07Z
2026-08-01T23:18:50Z,2026-08-02T01:18:50+0200,914f204b-61c9-48d9-af2c-6470ecd1bcbf,2026-07-28T17:00:00Z,2026-07-28T19:00:00+0200,170.36,EUR/MWh,NL,NL,day_ahead_price,value,2026-08-01T23:22:07Z
2026-08-01T23:18:50Z,2026-08-02T01:18:50+0200,914f204b-61c9-48d9-af2c-6470ecd1bcbf,2026-07-28T17:15:00Z,2026-07-28T19:15:00+0200,183.39,EUR/MWh,NL,NL,day_ahead_price,value,2026-08-01T23:22:07Z
2026-08-01T23:18:50Z,2026-08-02T01:18:50+0200,914f204b-61c9-48d9-af2c-6470ecd1bcbf,2026-07-28T17:30:00Z,2026-07-28T19:30:00+0200,198.12,EUR/MWh,NL,NL,day_ahead_price,value,2026-08-01T23:22:07Z
2026-08-01T23:18:50Z,2026-08-02T01:18:50+0200,914f204b-61c9-48d9-af2c-6470ecd1bcbf,2026-07-28T17:45:00Z,2026-07-28T19:45:00+0200,223.41,EUR/MWh,NL,NL,day_ahead_price,value,2026-08-01T23:22:07Z
2026-08-01T23:18:50Z,2026-08-02T01:18:50+0200,914f204b-61c9-48d9-af2c-6470ecd1bcbf,2026-07-28T18:00:00Z,2026-07-28T20:00:00+0200,197.94,EUR/MWh,NL,NL,day_ahead_price,value,2026-08-01T23:22:07Z
2026-08-01T23:18:50Z,2026-08-02T01:18:50+0200,914f204b-61c9-48d9-af2c-6470ecd1bcbf,2026-07-28T18:15:00Z,2026-07-28T20:15:00+0200,206.17,EUR/MWh,NL,NL,day_ahead_price,value,2026-08-01T23:22:07Z
2026-08-01T23:18:50Z,2026-08-02T01:18:50+0200,914f204b-61c9-48d9-af2c-6470ecd1bcbf,2026-07-28T18:30:00Z,2026-07-28T20:30:00+0200,218.8,EUR/MWh,NL,NL,day_ahead_price,value,2026-08-01T23:22:07Z
2026-08-01T23:18:50Z,2026-08-02T01:18:50+0200,914f204b-61c9-48d9-af2c-6470ecd1bcbf,2026-07-28T18:45:00Z,2026-07-28T20:45:00+0200,237.04,EUR/MWh,NL,NL,day_ahead_price,value,2026-08-01T23:22:07Z
2026-08-01T23:18:50Z,2026-08-02T01:18:50+0200,914f204b-61c9-48d9-af2c-6470ecd1bcbf,2026-07-28T19:00:00Z,2026-07-28T21:00:00+0200,219.99,EUR/MWh,NL,NL,day_ahead_price,value,2026-08-01T23:22:07Z
2026-08-01T23:18:50Z,2026-08-02T01:18:50+0200,914f204b-61c9-48d9-af2c-6470ecd1bcbf,2026-07-28T19:15:00Z,2026-07-28T21:15:00+0200,213.91,EUR/MWh,NL,NL,day_ahead_price,value,2026-08-01T23:22:07Z
2026-08-01T23:18:50Z,2026-08-02T01:18:50+0200,914f204b-61c9-48d9-af2c-6470ecd1bcbf,2026-07-28T19:30:00Z,2026-07-28T21:30:00+0200,205.71,EUR/MWh,NL,NL,day_ahead_price,value,2026-08-01T23:22:07Z
2026-08-01T23:18:50Z,2026-08-02T01:18:50+0200,914f204b-61c9-48d9-af2c-6470ecd1bcbf,2026-07-28T19:45:00Z,2026-07-28T21:45:00+0200,200.1,EUR/MWh,NL,NL,day_ahead_price,value,2026-08-01T23:22:07Z
2026-08-01T23:18:50Z,2026-08-02T01:18:50+0200,914f204b-61c9-48d9-af2c-6470ecd1bcbf,2026-07-28T20:00:00Z,2026-07-28T22:00:00+0200,210.79,EUR/MWh,NL,NL,day_ahead_price,value,2026-08-01T23:22:07Z
2026-08-01T23:18:50Z,2026-08-02T01:18:50+0200,914f204b-61c9-48d9-af2c-6470ecd1bcbf,2026-07-28T20:15:00Z,2026-07-28T22:15:00+0200,197.06,EUR/MWh,NL,NL,day_ahead_price,value,2026-08-01T23:22:07Z
2026-08-01T23:18:50Z,2026-08-02T01:18:50+0200,914f204b-61c9-48d9-af2c-6470ecd1bcbf,2026-07-28T20:30:00Z,2026-07-28T22:30:00+0200,187.55,EUR/MWh,NL,NL,day_ahead_price,value,2026-08-01T23:22:07Z
2026-08-01T23:18:50Z,2026-08-02T01:18:50+0200,914f204b-61c9-48d9-af2c-6470ecd1bcbf,2026-07-28T20:45:00Z,2026-07-28T22:45:00+0200,180.43,EUR/MWh,NL,NL,day_ahead_price,value,2026-08-01T23:22:07Z
2026-08-01T23:18:50Z,2026-08-02T01:18:50+0200,914f204b-61c9-48d9-af2c-6470ecd1bcbf,2026-07-28T21:00:00Z,2026-07-28T23:00:00+0200,186.88,EUR/MWh,NL,NL,day_ahead_price,value,2026-08-01T23:22:07Z
2026-08-01T23:18:50Z,2026-08-02T01:18:50+0200,914f204b-61c9-48d9-af2c-6470ecd1bcbf,2026-07-28T21:15:00Z,2026-07-28T23:15:00+0200,165.83,EUR/MWh,NL,NL,day_ahead_price,value,2026-08-01T23:22:07Z
2026-08-01T23:18:50Z,2026-08-02T01:18:50+0200,914f204b-61c9-48d9-af2c-6470ecd1bcbf,2026-07-28T21:30:00Z,2026-07-28T23:30:00+0200,165.95,EUR/MWh,NL,NL,day_ahead_price,value,2026-08-01T23:22:07Z
2026-08-01T23:18:50Z,2026-08-02T01:18:50+0200,914f204b-61c9-48d9-af2c-6470ecd1bcbf,2026-07-28T21:45:00Z,2026-07-28T23:45:00+0200,160.78,EUR/MWh,NL,NL,day_ahead_price,value,2026-08-01T23:22:07Z
2026-08-01T23:18:50Z,2026-08-02T01:18:50+0200,914f204b-61c9-48d9-af2c-6470ecd1bcbf,2026-07-28T22:00:00Z,2026-07-29T00:00:00+0200,161.09,EUR/MWh,NL,NL,day_ahead_price,value,2026-08-01T23:22:07Z
2026-08-01T23:18:50Z,2026-08-02T01:18:50+0200,914f204b-61c9-48d9-af2c-6470ecd1bcbf,2026-07-28T22:15:00Z,2026-07-29T00:15:00+0200,143.19,EUR/MWh,NL,NL,day_ahead_price,value,2026-08-01T23:22:07Z
2026-08-01T23:18:50Z,2026-08-02T01:18:50+0200,914f204b-61c9-48d9-af2c-6470ecd1bcbf,2026-07-28T22:30:00Z,2026-07-29T00:30:00+0200,152.07,EUR/MWh,NL,NL,day_ahead_price,value,2026-08-01T23:22:07Z
2026-08-01T23:18:50Z,2026-08-02T01:18:50+0200,914f204b-61c9-48d9-af2c-6470ecd1bcbf,2026-07-28T22:45:00Z,2026-07-29T00:45:00+0200,143.98,EUR/MWh,NL,NL,day_ahead_price,value,2026-08-01T23:22:07Z
2026-08-01T23:18:50Z,2026-08-02T01:18:50+0200,914f204b-61c9-48d9-af2c-6470ecd1bcbf,2026-07-28T23:00:00Z,2026-07-29T01:00:00+0200,155.48,EUR/MWh,NL,NL,day_ahead_price,value,2026-08-01T23:22:07Z
2026-08-01T23:18:50Z,2026-08-02T01:18:50+0200,914f204b-61c9-48d9-af2c-6470ecd1bcbf,2026-07-28T23:15:00Z,2026-07-29T01:15:00+0200,146.85,EUR/MWh,NL,NL,day_ahead_price,value,2026-08-01T23:22:07Z
2026-08-01T23:18:50Z,2026-08-02T01:18:50+0200,914f204b-61c9-48d9-af2c-6470ecd1bcbf,2026-07-28T23:30:00Z,2026-07-29T01:30:00+0200,144.93,EUR/MWh,NL,NL,day_ahead_price,value,2026-08-01T23:22:07Z
2026-08-01T23:18:50Z,2026-08-02T01:18:50+0200,914f204b-61c9-48d9-af2c-6470ecd1bcbf,2026-07-28T23:45:00Z,2026-07-29T01:45:00+0200,139.1,EUR/MWh,NL,NL,day_ahead_price,value,2026-08-01T23:22:07Z
2026-08-01T23:18:50Z,2026-08-02T01:18:50+0200,914f204b-61c9-48d9-af2c-6470ecd1bcbf,2026-07-29T00:00:00Z,2026-07-29T02:00:00+0200,140.9,EUR/MWh,NL,NL,day_ahead_price,value,2026-08-01T23:22:07Z
2026-08-01T23:18:50Z,2026-08-02T01:18:50+0200,914f204b-61c9-48d9-af2c-6470ecd1bcbf,2026-07-29T00:15:00Z,2026-07-29T02:15:00+0200,138.32,EUR/MWh,NL,NL,day_ahead_price,value,2026-08-01T23:22:07Z
2026-08-01T23:18:50Z,2026-08-02T01:18:50+0200,914f204b-61c9-48d9-af2c-6470ecd1bcbf,2026-07-29T00:30:00Z,2026-07-29T02:30:00+0200,133.6,EUR/MWh,NL,NL,day_ahead_price,value,2026-08-01T23:22:07Z
2026-08-01T23:18:50Z,2026-08-02T01:18:50+0200,914f204b-61c9-48d9-af2c-6470ecd1bcbf,2026-07-29T00:45:00Z,2026-07-29T02:45:00+0200,132.49,EUR/MWh,NL,NL,day_ahead_price,value,2026-08-01T23:22:07Z
2026-08-01T23:18:50Z,2026-08-02T01:18:50+0200,914f204b-61c9-48d9-af2c-6470ecd1bcbf,2026-07-29T01:00:00Z,2026-07-29T03:00:00+0200,135.01,EUR/MWh,NL,NL,day_ahead_price,value,2026-08-01T23:22:07Z
2026-08-01T23:18:50Z,2026-08-02T01:18:50+0200,914f204b-61c9-48d9-af2c-6470ecd1bcbf,2026-07-29T01:15:00Z,2026-07-29T03:15:00+0200,135.15,EUR/MWh,NL,NL,day_ahead_price,value,2026-08-01T23:22:07Z
2026-08-01T23:18:50Z,2026-08-02T01:18:50+0200,914f204b-61c9-48d9-af2c-6470ecd1bcbf,2026-07-29T01:30:00Z,2026-07-29T03:30:00+0200,135.03,EUR/MWh,NL,NL,day_ahead_price,value,2026-08-01T23:22:07Z
2026-08-01T23:18:50Z,2026-08-02T01:18:50+0200,914f204b-61c9-48d9-af2c-6470ecd1bcbf,2026-07-29T01:45:00Z,2026-07-29T03:45:00+0200,134.82,EUR/MWh,NL,NL,day_ahead_price,value,2026-08-01T23:22:07Z
2026-08-01T23:18:50Z,2026-08-02T01:18:50+0200,914f204b-61c9-48d9-af2c-6470ecd1bcbf,2026-07-29T02:00:00Z,2026-07-29T04:00:00+0200,134.22,EUR/MWh,NL,NL,day_ahead_price,value,2026-08-01T23:22:07Z
2026-08-01T23:18:50Z,2026-08-02T01:18:50+0200,914f204b-61c9-48d9-af2c-6470ecd1bcbf,2026-07-29T02:15:00Z,2026-07-29T04:15:00+0200,138.12,EUR/MWh,NL,NL,day_ahead_price,value,2026-08-01T23:22:07Z
2026-08-01T23:18:50Z,2026-08-02T01:18:50+0200,914f204b-61c9-48d9-af2c-6470ecd1bcbf,2026-07-29T02:30:00Z,2026-07-29T04:30:00+0200,138.64,EUR/MWh,NL,NL,day_ahead_price,value,2026-08-01T23:22:07Z
2026-08-01T23:18:50Z,2026-08-02T01:18:50+0200,914f204b-61c9-48d9-af2c-6470ecd1bcbf,2026-07-29T02:45:00Z,2026-07-29T04:45:00+0200,143.73,EUR/MWh,NL,NL,day_ahead_price,value,2026-08-01T23:22:07Z
2026-08-01T23:18:50Z,2026-08-02T01:18:50+0200,914f204b-61c9-48d9-af2c-6470ecd1bcbf,2026-07-29T03:00:00Z,2026-07-29T05:00:00+0200,138.17,EUR/MWh,NL,NL,day_ahead_price,value,2026-08-01T23:22:07Z
2026-08-01T23:18:50Z,2026-08-02T01:18:50+0200,914f204b-61c9-48d9-af2c-6470ecd1bcbf,2026-07-29T03:15:00Z,2026-07-29T05:15:00+0200,139.76,EUR/MWh,NL,NL,day_ahead_price,value,2026-08-01T23:22:07Z
2026-08-01T23:18:50Z,2026-08-02T01:18:50+0200,914f204b-61c9-48d9-af2c-6470ecd1bcbf,2026-07-29T03:30:00Z,2026-07-29T05:30:00+0200,149.99,EUR/MWh,NL,NL,day_ahead_price,value,2026-08-01T23:22:07Z
2026-08-01T23:18:50Z,2026-08-02T01:18:50+0200,914f204b-61c9-48d9-af2c-6470ecd1bcbf,2026-07-29T03:45:00Z,2026-07-29T05:45:00+0200,160.48,EUR/MWh,NL,NL,day_ahead_price,value,2026-08-01T23:22:07Z
2026-08-01T23:18:50Z,2026-08-02T01:18:50+0200,914f204b-61c9-48d9-af2c-6470ecd1bcbf,2026-07-29T04:00:00Z,2026-07-29T06:00:00+0200,159.53,EUR/MWh,NL,NL,day_ahead_price,value,2026-08-01T23:22:07Z
2026-08-01T23:18:50Z,2026-08-02T01:18:50+0200,914f204b-61c9-48d9-af2c-6470ecd1bcbf,2026-07-29T04:15:00Z,2026-07-29T06:15:00+0200,168.55,EUR/MWh,NL,NL,day_ahead_price,value,2026-08-01T23:22:07Z
2026-08-01T23:18:50Z,2026-08-02T01:18:50+0200,914f204b-61c9-48d9-af2c-6470ecd1bcbf,2026-07-29T04:30:00Z,2026-07-29T06:30:00+0200,167.33,EUR/MWh,NL,NL,day_ahead_price,value,2026-08-01T23:22:07Z
2026-08-01T23:18:50Z,2026-08-02T01:18:50+0200,914f204b-61c9-48d9-af2c-6470ecd1bcbf,2026-07-29T04:45:00Z,2026-07-29T06:45:00+0200,167.14,EUR/MWh,NL,NL,day_ahead_price,value,2026-08-01T23:22:07Z
2026-08-01T23:18:50Z,2026-08-02T01:18:50+0200,914f204b-61c9-48d9-af2c-6470ecd1bcbf,2026-07-29T05:00:00Z,2026-07-29T07:00:00+0200,169.45,EUR/MWh,NL,NL,day_ahead_price,value,2026-08-01T23:22:07Z
2026-08-01T23:18:50Z,2026-08-02T01:18:50+0200,914f204b-61c9-48d9-af2c-6470ecd1bcbf,2026-07-29T05:15:00Z,2026-07-29T07:15:00+0200,167.83,EUR/MWh,NL,NL,day_ahead_price,value,2026-08-01T23:22:07Z
2026-08-01T23:18:50Z,2026-08-02T01:18:50+0200,914f204b-61c9-48d9-af2c-6470ecd1bcbf,2026-07-29T05:30:00Z,2026-07-29T07:30:00+0200,158.4,EUR/MWh,NL,NL,day_ahead_price,value,2026-08-01T23:22:07Z
2026-08-01T23:18:50Z,2026-08-02T01:18:50+0200,914f204b-61c9-48d9-af2c-6470ecd1bcbf,2026-07-29T05:45:00Z,2026-07-29T07:45:00+0200,142.37,EUR/MWh,NL,NL,day_ahead_price,value,2026-08-01T23:22:07Z
2026-08-01T23:18:50Z,2026-08-02T01:18:50+0200,914f204b-61c9-48d9-af2c-6470ecd1bcbf,2026-07-29T06:00:00Z,2026-07-29T08:00:00+0200,167.23,EUR/MWh,NL,NL,day_ahead_price,value,2026-08-01T23:22:07Z
2026-08-01T23:18:50Z,2026-08-02T01:18:50+0200,914f204b-61c9-48d9-af2c-6470ecd1bcbf,2026-07-29T06:15:00Z,2026-07-29T08:15:00+0200,152.03,EUR/MWh,NL,NL,day_ahead_price,value,2026-08-01T23:22:07Z
2026-08-01T23:18:50Z,2026-08-02T01:18:50+0200,914f204b-61c9-48d9-af2c-6470ecd1bcbf,2026-07-29T06:30:00Z,2026-07-29T08:30:00+0200,144.21,EUR/MWh,NL,NL,day_ahead_price,value,2026-08-01T23:22:07Z
2026-08-01T23:18:50Z,2026-08-02T01:18:50+0200,914f204b-61c9-48d9-af2c-6470ecd1bcbf,2026-07-29T06:45:00Z,2026-07-29T08:45:00+0200,124.07,EUR/MWh,NL,NL,day_ahead_price,value,2026-08-01T23:22:07Z
2026-08-01T23:18:50Z,2026-08-02T01:18:50+0200,914f204b-61c9-48d9-af2c-6470ecd1bcbf,2026-07-29T07:00:00Z,2026-07-29T09:00:00+0200,153.79,EUR/MWh,NL,NL,day_ahead_price,value,2026-08-01T23:22:07Z
2026-08-01T23:18:50Z,2026-08-02T01:18:50+0200,914f204b-61c9-48d9-af2c-6470ecd1bcbf,2026-07-29T07:15:00Z,2026-07-29T09:15:00+0200,126.87,EUR/MWh,NL,NL,day_ahead_price,value,2026-08-01T23:22:07Z
2026-08-01T23:18:50Z,2026-08-02T01:18:50+0200,914f204b-61c9-48d9-af2c-6470ecd1bcbf,2026-07-29T07:30:00Z,2026-07-29T09:30:00+0200,110.74,EUR/MWh,NL,NL,day_ahead_price,value,2026-08-01T23:22:07Z
2026-08-01T23:18:50Z,2026-08-02T01:18:50+0200,914f204b-61c9-48d9-af2c-6470ecd1bcbf,2026-07-29T07:45:00Z,2026-07-29T09:45:00+0200,104.44,EUR/MWh,NL,NL,day_ahead_price,value,2026-08-01T23:22:07Z
2026-08-01T23:18:50Z,2026-08-02T01:18:50+0200,914f204b-61c9-48d9-af2c-6470ecd1bcbf,2026-07-29T08:00:00Z,2026-07-29T10:00:00+0200,110.68,EUR/MWh,NL,NL,day_ahead_price,value,2026-08-01T23:22:07Z
2026-08-01T23:18:50Z,2026-08-02T01:18:50+0200,914f204b-61c9-48d9-af2c-6470ecd1bcbf,2026-07-29T08:15:00Z,2026-07-29T10:15:00+0200,101.45,EUR/MWh,NL,NL,day_ahead_price,value,2026-08-01T23:22:07Z
2026-08-01T23:18:50Z,2026-08-02T01:18:50+0200,914f204b-61c9-48d9-af2c-6470ecd1bcbf,2026-07-29T08:30:00Z,2026-07-29T10:30:00+0200,80.34,EUR/MWh,NL,NL,day_ahead_price,value,2026-08-01T23:22:07Z
2026-08-01T23:18:50Z,2026-08-02T01:18:50+0200,914f204b-61c9-48d9-af2c-6470ecd1bcbf,2026-07-29T08:45:00Z,2026-07-29T10:45:00+0200,50.1,EUR/MWh,NL,NL,day_ahead_price,value,2026-08-01T23:22:07Z
2026-08-01T23:18:50Z,2026-08-02T01:18:50+0200,914f204b-61c9-48d9-af2c-6470ecd1bcbf,2026-07-29T09:00:00Z,2026-07-29T11:00:00+0200,62.23,EUR/MWh,NL,NL,day_ahead_price,value,2026-08-01T23:22:07Z
2026-08-01T23:18:50Z,2026-08-02T01:18:50+0200,914f204b-61c9-48d9-af2c-6470ecd1bcbf,2026-07-29T09:15:00Z,2026-07-29T11:15:00+0200,32.8,EUR/MWh,NL,NL,day_ahead_price,value,2026-08-01T23:22:07Z
2026-08-01T23:18:50Z,2026-08-02T01:18:50+0200,914f204b-61c9-48d9-af2c-6470ecd1bcbf,2026-07-29T09:30:00Z,2026-07-29T11:30:00+0200,12.68,EUR/MWh,NL,NL,day_ahead_price,value,2026-08-01T23:22:07Z
2026-08-01T23:18:50Z,2026-08-02T01:18:50+0200,914f204b-61c9-48d9-af2c-6470ecd1bcbf,2026-07-29T09:45:00Z,2026-07-29T11:45:00+0200,8.43,EUR/MWh,NL,NL,day_ahead_price,value,2026-08-01T23:22:07Z
2026-08-01T23:18:50Z,2026-08-02T01:18:50+0200,914f204b-61c9-48d9-af2c-6470ecd1bcbf,2026-07-29T10:00:00Z,2026-07-29T12:00:00+0200,5.32,EUR/MWh,NL,NL,day_ahead_price,value,2026-08-01T23:22:07Z
2026-08-01T23:18:50Z,2026-08-02T01:18:50+0200,914f204b-61c9-48d9-af2c-6470ecd1bcbf,2026-07-29T10:15:00Z,2026-07-29T12:15:00+0200,0.23,EUR/MWh,NL,NL,day_ahead_price,value,2026-08-01T23:22:07Z
2026-08-01T23:18:50Z,2026-08-02T01:18:50+0200,914f204b-61c9-48d9-af2c-6470ecd1bcbf,2026-07-29T10:30:00Z,2026-07-29T12:30:00+0200,0.18,EUR/MWh,NL,NL,day_ahead_price,value,2026-08-01T23:22:07Z
2026-08-01T23:18:50Z,2026-08-02T01:18:50+0200,914f204b-61c9-48d9-af2c-6470ecd1bcbf,2026-07-29T10:45:00Z,2026-07-29T12:45:00+0200,0.13,EUR/MWh,NL,NL,day_ahead_price,value,2026-08-01T23:22:07Z
2026-08-01T23:18:50Z,2026-08-02T01:18:50+0200,914f204b-61c9-48d9-af2c-6470ecd1bcbf,2026-07-29T11:00:00Z,2026-07-29T13:00:00+0200,0.28,EUR/MWh,NL,NL,day_ahead_price,value,2026-08-01T23:22:07Z
2026-08-01T23:18:50Z,2026-08-02T01:18:50+0200,914f204b-61c9-48d9-af2c-6470ecd1bcbf,2026-07-29T11:15:00Z,2026-07-29T13:15:00+0200,0.29,EUR/MWh,NL,NL,day_ahead_price,value,2026-08-01T23:22:07Z
2026-08-01T23:18:50Z,2026-08-02T01:18:50+0200,914f204b-61c9-48d9-af2c-6470ecd1bcbf,2026-07-29T11:30:00Z,2026-07-29T13:30:00+0200,0.26,EUR/MWh,NL,NL,day_ahead_price,value,2026-08-01T23:22:07Z
2026-08-01T23:18:50Z,2026-08-02T01:18:50+0200,914f204b-61c9-48d9-af2c-6470ecd1bcbf,2026-07-29T11:45:00Z,2026-07-29T13:45:00+0200,0.24,EUR/MWh,NL,NL,day_ahead_price,value,2026-08-01T23:22:07Z
2026-08-01T23:18:50Z,2026-08-02T01:18:50+0200,914f204b-61c9-48d9-af2c-6470ecd1bcbf,2026-07-29T12:00:00Z,2026-07-29T14:00:00+0200,0.62,EUR/MWh,NL,NL,day_ahead_price,value,2026-08-01T23:22:07Z
2026-08-01T23:18:50Z,2026-08-02T01:18:50+0200,914f204b-61c9-48d9-af2c-6470ecd1bcbf,2026-07-29T12:15:00Z,2026-07-29T14:15:00+0200,0.82,EUR/MWh,NL,NL,day_ahead_price,value,2026-08-01T23:22:07Z
2026-08-01T23:18:50Z,2026-08-02T01:18:50+0200,914f204b-61c9-48d9-af2c-6470ecd1bcbf,2026-07-29T12:30:00Z,2026-07-29T14:30:00+0200,0.84,EUR/MWh,NL,NL,day_ahead_price,value,2026-08-01T23:22:07Z
2026-08-01T23:18:50Z,2026-08-02T01:18:50+0200,914f204b-61c9-48d9-af2c-6470ecd1bcbf,2026-07-29T12:45:00Z,2026-07-29T14:45:00+0200,1.04,EUR/MWh,NL,NL,day_ahead_price,value,2026-08-01T23:22:07Z
2026-08-01T23:18:50Z,2026-08-02T01:18:50+0200,914f204b-61c9-48d9-af2c-6470ecd1bcbf,2026-07-29T13:00:00Z,2026-07-29T15:00:00+0200,0.89,EUR/MWh,NL,NL,day_ahead_price,value,2026-08-01T23:22:07Z
2026-08-01T23:18:50Z,2026-08-02T01:18:50+0200,914f204b-61c9-48d9-af2c-6470ecd1bcbf,2026-07-29T13:15:00Z,2026-07-29T15:15:00+0200,1.42,EUR/MWh,NL,NL,day_ahead_price,value,2026-08-01T23:22:07Z
2026-08-01T23:18:50Z,2026-08-02T01:18:50+0200,914f204b-61c9-48d9-af2c-6470ecd1bcbf,2026-07-29T13:30:00Z,2026-07-29T15:30:00+0200,6.01,EUR/MWh,NL,NL,day_ahead_price,value,2026-08-01T23:22:07Z
2026-08-01T23:18:50Z,2026-08-02T01:18:50+0200,914f204b-61c9-48d9-af2c-6470ecd1bcbf,2026-07-29T13:45:00Z,2026-07-29T15:45:00+0200,20.78,EUR/MWh,NL,NL,day_ahead_price,value,2026-08-01T23:22:07Z
2026-08-01T23:18:50Z,2026-08-02T01:18:50+0200,914f204b-61c9-48d9-af2c-6470ecd1bcbf,2026-07-29T14:00:00Z,2026-07-29T16:00:00+0200,23.0,EUR/MWh,NL,NL,day_ahead_price,value,2026-08-01T23:22:07Z
2026-08-01T23:18:50Z,2026-08-02T01:18:50+0200,914f204b-61c9-48d9-af2c-6470ecd1bcbf,2026-07-29T14:15:00Z,2026-07-29T16:15:00+0200,70.13,EUR/MWh,NL,NL,day_ahead_price,value,2026-08-01T23:22:07Z
2026-08-01T23:18:50Z,2026-08-02T01:18:50+0200,914f204b-61c9-48d9-af2c-6470ecd1bcbf,2026-07-29T14:30:00Z,2026-07-29T16:30:00+0200,90.01,EUR/MWh,NL,NL,day_ahead_price,value,2026-08-01T23:22:07Z
2026-08-01T23:18:50Z,2026-08-02T01:18:50+0200,914f204b-61c9-48d9-af2c-6470ecd1bcbf,2026-07-29T14:45:00Z,2026-07-29T16:45:00+0200,103.51,EUR/MWh,NL,NL,day_ahead_price,value,2026-08-01T23:22:07Z
2026-08-01T23:18:50Z,2026-08-02T01:18:50+0200,914f204b-61c9-48d9-af2c-6470ecd1bcbf,2026-07-29T15:00:00Z,2026-07-29T17:00:00+0200,96.79,EUR/MWh,NL,NL,day_ahead_price,value,2026-08-01T23:22:07Z
2026-08-01T23:18:50Z,2026-08-02T01:18:50+0200,914f204b-61c9-48d9-af2c-6470ecd1bcbf,2026-07-29T15:15:00Z,2026-07-29T17:15:00+0200,111.97,EUR/MWh,NL,NL,day_ahead_price,value,2026-08-01T23:22:07Z
2026-08-01T23:18:50Z,2026-08-02T01:18:50+0200,914f204b-61c9-48d9-af2c-6470ecd1bcbf,2026-07-29T15:30:00Z,2026-07-29T17:30:00+0200,133.26,EUR/MWh,NL,NL,day_ahead_price,value,2026-08-01T23:22:07Z
2026-08-01T23:18:50Z,2026-08-02T01:18:50+0200,914f204b-61c9-48d9-af2c-6470ecd1bcbf,2026-07-29T15:45:00Z,2026-07-29T17:45:00+0200,150.1,EUR/MWh,NL,NL,day_ahead_price,value,2026-08-01T23:22:07Z
2026-08-01T23:18:50Z,2026-08-02T01:18:50+0200,914f204b-61c9-48d9-af2c-6470ecd1bcbf,2026-07-29T16:00:00Z,2026-07-29T18:00:00+0200,127.51,EUR/MWh,NL,NL,day_ahead_price,value,2026-08-01T23:22:07Z
2026-08-01T23:18:50Z,2026-08-02T01:18:50+0200,914f204b-61c9-48d9-af2c-6470ecd1bcbf,2026-07-29T16:15:00Z,2026-07-29T18:15:00+0200,147.29,EUR/MWh,NL,NL,day_ahead_price,value,2026-08-01T23:22:07Z
2026-08-01T23:18:50Z,2026-08-02T01:18:50+0200,914f204b-61c9-48d9-af2c-6470ecd1bcbf,2026-07-29T16:30:00Z,2026-07-29T18:30:00+0200,165.52,EUR/MWh,NL,NL,day_ahead_price,value,2026-08-01T23:22:07Z
2026-08-01T23:18:50Z,2026-08-02T01:18:50+0200,914f204b-61c9-48d9-af2c-6470ecd1bcbf,2026-07-29T16:45:00Z,2026-07-29T18:45:00+0200,202.52,EUR/MWh,NL,NL,day_ahead_price,value,2026-08-01T23:22:07Z
2026-08-01T23:18:50Z,2026-08-02T01:18:50+0200,914f204b-61c9-48d9-af2c-6470ecd1bcbf,2026-07-29T17:00:00Z,2026-07-29T19:00:00+0200,172.76,EUR/MWh,NL,NL,day_ahead_price,value,2026-08-01T23:22:07Z
2026-08-01T23:18:50Z,2026-08-02T01:18:50+0200,914f204b-61c9-48d9-af2c-6470ecd1bcbf,2026-07-29T17:15:00Z,2026-07-29T19:15:00+0200,196.3,EUR/MWh,NL,NL,day_ahead_price,value,2026-08-01T23:22:07Z
2026-08-01T23:18:50Z,2026-08-02T01:18:50+0200,914f204b-61c9-48d9-af2c-6470ecd1bcbf,2026-07-29T17:30:00Z,2026-07-29T19:30:00+0200,243.88,EUR/MWh,NL,NL,day_ahead_price,value,2026-08-01T23:22:07Z
2026-08-01T23:18:50Z,2026-08-02T01:18:50+0200,914f204b-61c9-48d9-af2c-6470ecd1bcbf,2026-07-29T17:45:00Z,2026-07-29T19:45:00+0200,339.01,EUR/MWh,NL,NL,day_ahead_price,value,2026-08-01T23:22:07Z
2026-08-01T23:18:50Z,2026-08-02T01:18:50+0200,914f204b-61c9-48d9-af2c-6470ecd1bcbf,2026-07-29T18:00:00Z,2026-07-29T20:00:00+0200,245.71,EUR/MWh,NL,NL,day_ahead_price,value,2026-08-01T23:22:07Z
2026-08-01T23:18:50Z,2026-08-02T01:18:50+0200,914f204b-61c9-48d9-af2c-6470ecd1bcbf,2026-07-29T18:15:00Z,2026-07-29T20:15:00+0200,258.0,EUR/MWh,NL,NL,day_ahead_price,value,2026-08-01T23:22:07Z
2026-08-01T23:18:50Z,2026-08-02T01:18:50+0200,914f204b-61c9-48d9-af2c-6470ecd1bcbf,2026-07-29T18:30:00Z,2026-07-29T20:30:00+0200,269.85,EUR/MWh,NL,NL,day_ahead_price,value,2026-08-01T23:22:07Z
2026-08-01T23:18:50Z,2026-08-02T01:18:50+0200,914f204b-61c9-48d9-af2c-6470ecd1bcbf,2026-07-29T18:45:00Z,2026-07-29T20:45:00+0200,254.65,EUR/MWh,NL,NL,day_ahead_price,value,2026-08-01T23:22:07Z
2026-08-01T23:18:50Z,2026-08-02T01:18:50+0200,914f204b-61c9-48d9-af2c-6470ecd1bcbf,2026-07-29T19:00:00Z,2026-07-29T21:00:00+0200,250.08,EUR/MWh,NL,NL,day_ahead_price,value,2026-08-01T23:22:07Z
2026-08-01T23:18:50Z,2026-08-02T01:18:50+0200,914f204b-61c9-48d9-af2c-6470ecd1bcbf,2026-07-29T19:15:00Z,2026-07-29T21:15:00+0200,225.09,EUR/MWh,NL,NL,day_ahead_price,value,2026-08-01T23:22:07Z
2026-08-01T23:18:50Z,2026-08-02T01:18:50+0200,914f204b-61c9-48d9-af2c-6470ecd1bcbf,2026-07-29T19:30:00Z,2026-07-29T21:30:00+0200,217.3,EUR/MWh,NL,NL,day_ahead_price,value,2026-08-01T23:22:07Z
2026-08-01T23:18:50Z,2026-08-02T01:18:50+0200,914f204b-61c9-48d9-af2c-6470ecd1bcbf,2026-07-29T19:45:00Z,2026-07-29T21:45:00+0200,202.0,EUR/MWh,NL,NL,day_ahead_price,value,2026-08-01T23:22:07Z
2026-08-01T23:18:50Z,2026-08-02T01:18:50+0200,914f204b-61c9-48d9-af2c-6470ecd1bcbf,2026-07-29T20:00:00Z,2026-07-29T22:00:00+0200,206.99,EUR/MWh,NL,NL,day_ahead_price,value,2026-08-01T23:22:07Z
2026-08-01T23:18:50Z,2026-08-02T01:18:50+0200,914f204b-61c9-48d9-af2c-6470ecd1bcbf,2026-07-29T20:15:00Z,2026-07-29T22:15:00+0200,198.3,EUR/MWh,NL,NL,day_ahead_price,value,2026-08-01T23:22:07Z
2026-08-01T23:18:50Z,2026-08-02T01:18:50+0200,914f204b-61c9-48d9-af2c-6470ecd1bcbf,2026-07-29T20:30:00Z,2026-07-29T22:30:00+0200,190.39,EUR/MWh,NL,NL,day_ahead_price,value,2026-08-01T23:22:07Z
2026-08-01T23:18:50Z,2026-08-02T01:18:50+0200,914f204b-61c9-48d9-af2c-6470ecd1bcbf,2026-07-29T20:45:00Z,2026-07-29T22:45:00+0200,176.02,EUR/MWh,NL,NL,day_ahead_price,value,2026-08-01T23:22:07Z
2026-08-01T23:18:50Z,2026-08-02T01:18:50+0200,914f204b-61c9-48d9-af2c-6470ecd1bcbf,2026-07-29T21:00:00Z,2026-07-29T23:00:00+0200,178.24,EUR/MWh,NL,NL,day_ahead_price,value,2026-08-01T23:22:07Z
2026-08-01T23:18:50Z,2026-08-02T01:18:50+0200,914f204b-61c9-48d9-af2c-6470ecd1bcbf,2026-07-29T21:15:00Z,2026-07-29T23:15:00+0200,173.34,EUR/MWh,NL,NL,day_ahead_price,value,2026-08-01T23:22:07Z
2026-08-01T23:18:50Z,2026-08-02T01:18:50+0200,914f204b-61c9-48d9-af2c-6470ecd1bcbf,2026-07-29T21:30:00Z,2026-07-29T23:30:00+0200,170.38,EUR/MWh,NL,NL,day_ahead_price,value,2026-08-01T23:22:07Z
2026-08-01T23:18:50Z,2026-08-02T01:18:50+0200,914f204b-61c9-48d9-af2c-6470ecd1bcbf,2026-07-29T21:45:00Z,2026-07-29T23:45:00+0200,146.1,EUR/MWh,NL,NL,day_ahead_price,value,2026-08-01T23:22:07Z
2026-08-01T23:18:50Z,2026-08-02T01:18:50+0200,914f204b-61c9-48d9-af2c-6470ecd1bcbf,2026-07-29T22:00:00Z,2026-07-30T00:00:00+0200,162.16,EUR/MWh,NL,NL,day_ahead_price,value,2026-08-01T23:22:07Z
2026-08-01T23:18:50Z,2026-08-02T01:18:50+0200,914f204b-61c9-48d9-af2c-6470ecd1bcbf,2026-07-29T22:15:00Z,2026-07-30T00:15:00+0200,152.0,EUR/MWh,NL,NL,day_ahead_price,value,2026-08-01T23:22:07Z
2026-08-01T23:18:50Z,2026-08-02T01:18:50+0200,914f204b-61c9-48d9-af2c-6470ecd1bcbf,2026-07-29T22:30:00Z,2026-07-30T00:30:00+0200,142.66,EUR/MWh,NL,NL,day_ahead_price,value,2026-08-01T23:22:07Z
2026-08-01T23:18:50Z,2026-08-02T01:18:50+0200,914f204b-61c9-48d9-af2c-6470ecd1bcbf,2026-07-29T22:45:00Z,2026-07-30T00:45:00+0200,142.2,EUR/MWh,NL,NL,day_ahead_price,value,2026-08-01T23:22:07Z
2026-08-01T23:18:50Z,2026-08-02T01:18:50+0200,914f204b-61c9-48d9-af2c-6470ecd1bcbf,2026-07-29T23:00:00Z,2026-07-30T01:00:00+0200,144.05,EUR/MWh,NL,NL,day_ahead_price,value,2026-08-01T23:22:07Z
2026-08-01T23:18:50Z,2026-08-02T01:18:50+0200,914f204b-61c9-48d9-af2c-6470ecd1bcbf,2026-07-29T23:15:00Z,2026-07-30T01:15:00+0200,141.88,EUR/MWh,NL,NL,day_ahead_price,value,2026-08-01T23:22:07Z
2026-08-01T23:18:50Z,2026-08-02T01:18:50+0200,914f204b-61c9-48d9-af2c-6470ecd1bcbf,2026-07-29T23:30:00Z,2026-07-30T01:30:00+0200,145.61,EUR/MWh,NL,NL,day_ahead_price,value,2026-08-01T23:22:07Z
2026-08-01T23:18:50Z,2026-08-02T01:18:50+0200,914f204b-61c9-48d9-af2c-6470ecd1bcbf,2026-07-29T23:45:00Z,2026-07-30T01:45:00+0200,138.0,EUR/MWh,NL,NL,day_ahead_price,value,2026-08-01T23:22:07Z
2026-08-01T23:18:50Z,2026-08-02T01:18:50+0200,914f204b-61c9-48d9-af2c-6470ecd1bcbf,2026-07-30T00:00:00Z,2026-07-30T02:00:00+0200,143.0,EUR/MWh,NL,NL,day_ahead_price,value,2026-08-01T23:22:07Z
2026-08-01T23:18:50Z,2026-08-02T01:18:50+0200,914f204b-61c9-48d9-af2c-6470ecd1bcbf,2026-07-30T00:15:00Z,2026-07-30T02:15:00+0200,142.63,EUR/MWh,NL,NL,day_ahead_price,value,2026-08-01T23:22:07Z
2026-08-01T23:18:50Z,2026-08-02T01:18:50+0200,914f204b-61c9-48d9-af2c-6470ecd1bcbf,2026-07-30T00:30:00Z,2026-07-30T02:30:00+0200,137.99,EUR/MWh,NL,NL,day_ahead_price,value,2026-08-01T23:22:07Z
2026-08-01T23:18:50Z,2026-08-02T01:18:50+0200,914f204b-61c9-48d9-af2c-6470ecd1bcbf,2026-07-30T00:45:00Z,2026-07-30T02:45:00+0200,136.37,EUR/MWh,NL,NL,day_ahead_price,value,2026-08-01T23:22:07Z
2026-08-01T23:18:50Z,2026-08-02T01:18:50+0200,914f204b-61c9-48d9-af2c-6470ecd1bcbf,2026-07-30T01:00:00Z,2026-07-30T03:00:00+0200,135.94,EUR/MWh,NL,NL,day_ahead_price,value,2026-08-01T23:22:07Z
2026-08-01T23:18:50Z,2026-08-02T01:18:50+0200,914f204b-61c9-48d9-af2c-6470ecd1bcbf,2026-07-30T01:15:00Z,2026-07-30T03:15:00+0200,134.12,EUR/MWh,NL,NL,day_ahead_price,value,2026-08-01T23:22:07Z
2026-08-01T23:18:50Z,2026-08-02T01:18:50+0200,914f204b-61c9-48d9-af2c-6470ecd1bcbf,2026-07-30T01:30:00Z,2026-07-30T03:30:00+0200,132.18,EUR/MWh,NL,NL,day_ahead_price,value,2026-08-01T23:22:07Z
2026-08-01T23:18:50Z,2026-08-02T01:18:50+0200,914f204b-61c9-48d9-af2c-6470ecd1bcbf,2026-07-30T01:45:00Z,2026-07-30T03:45:00+0200,133.42,EUR/MWh,NL,NL,day_ahead_price,value,2026-08-01T23:22:07Z
2026-08-01T23:18:50Z,2026-08-02T01:18:50+0200,914f204b-61c9-48d9-af2c-6470ecd1bcbf,2026-07-30T02:00:00Z,2026-07-30T04:00:00+0200,132.03,EUR/MWh,NL,NL,day_ahead_price,value,2026-08-01T23:22:07Z
2026-08-01T23:18:50Z,2026-08-02T01:18:50+0200,914f204b-61c9-48d9-af2c-6470ecd1bcbf,2026-07-30T02:15:00Z,2026-07-30T04:15:00+0200,131.84,EUR/MWh,NL,NL,day_ahead_price,value,2026-08-01T23:22:07Z
2026-08-01T23:18:50Z,2026-08-02T01:18:50+0200,914f204b-61c9-48d9-af2c-6470ecd1bcbf,2026-07-30T02:30:00Z,2026-07-30T04:30:00+0200,132.19,EUR/MWh,NL,NL,day_ahead_price,value,2026-08-01T23:22:07Z
2026-08-01T23:18:50Z,2026-08-02T01:18:50+0200,914f204b-61c9-48d9-af2c-6470ecd1bcbf,2026-07-30T02:45:00Z,2026-07-30T04:45:00+0200,130.31,EUR/MWh,NL,NL,day_ahead_price,value,2026-08-01T23:22:07Z
2026-08-01T23:18:50Z,2026-08-02T01:18:50+0200,914f204b-61c9-48d9-af2c-6470ecd1bcbf,2026-07-30T03:00:00Z,2026-07-30T05:00:00+0200,132.0,EUR/MWh,NL,NL,day_ahead_price,value,2026-08-01T23:22:07Z
2026-08-01T23:18:50Z,2026-08-02T01:18:50+0200,914f204b-61c9-48d9-af2c-6470ecd1bcbf,2026-07-30T03:15:00Z,2026-07-30T05:15:00+0200,131.7,EUR/MWh,NL,NL,day_ahead_price,value,2026-08-01T23:22:07Z
2026-08-01T23:18:50Z,2026-08-02T01:18:50+0200,914f204b-61c9-48d9-af2c-6470ecd1bcbf,2026-07-30T03:30:00Z,2026-07-30T05:30:00+0200,138.75,EUR/MWh,NL,NL,day_ahead_price,value,2026-08-01T23:22:07Z
2026-08-01T23:18:50Z,2026-08-02T01:18:50+0200,914f204b-61c9-48d9-af2c-6470ecd1bcbf,2026-07-30T03:45:00Z,2026-07-30T05:45:00+0200,143.16,EUR/MWh,NL,NL,day_ahead_price,value,2026-08-01T23:22:07Z
2026-08-01T23:18:50Z,2026-08-02T01:18:50+0200,914f204b-61c9-48d9-af2c-6470ecd1bcbf,2026-07-30T04:00:00Z,2026-07-30T06:00:00+0200,143.49,EUR/MWh,NL,NL,day_ahead_price,value,2026-08-01T23:22:07Z
2026-08-01T23:18:50Z,2026-08-02T01:18:50+0200,914f204b-61c9-48d9-af2c-6470ecd1bcbf,2026-07-30T04:15:00Z,2026-07-30T06:15:00+0200,150.87,EUR/MWh,NL,NL,day_ahead_price,value,2026-08-01T23:22:07Z
2026-08-01T23:18:50Z,2026-08-02T01:18:50+0200,914f204b-61c9-48d9-af2c-6470ecd1bcbf,2026-07-30T04:30:00Z,2026-07-30T06:30:00+0200,150.66,EUR/MWh,NL,NL,day_ahead_price,value,2026-08-01T23:22:07Z
2026-08-01T23:18:50Z,2026-08-02T01:18:50+0200,914f204b-61c9-48d9-af2c-6470ecd1bcbf,2026-07-30T04:45:00Z,2026-07-30T06:45:00+0200,148.1,EUR/MWh,NL,NL,day_ahead_price,value,2026-08-01T23:22:07Z
2026-08-01T23:18:50Z,2026-08-02T01:18:50+0200,914f204b-61c9-48d9-af2c-6470ecd1bcbf,2026-07-30T05:00:00Z,2026-07-30T07:00:00+0200,165.76,EUR/MWh,NL,NL,day_ahead_price,value,2026-08-01T23:22:07Z
2026-08-01T23:18:50Z,2026-08-02T01:18:50+0200,914f204b-61c9-48d9-af2c-6470ecd1bcbf,2026-07-30T05:15:00Z,2026-07-30T07:15:00+0200,154.01,EUR/MWh,NL,NL,day_ahead_price,value,2026-08-01T23:22:07Z
2026-08-01T23:18:50Z,2026-08-02T01:18:50+0200,914f204b-61c9-48d9-af2c-6470ecd1bcbf,2026-07-30T05:30:00Z,2026-07-30T07:30:00+0200,143.1,EUR/MWh,NL,NL,day_ahead_price,value,2026-08-01T23:22:07Z
2026-08-01T23:18:50Z,2026-08-02T01:18:50+0200,914f204b-61c9-48d9-af2c-6470ecd1bcbf,2026-07-30T05:45:00Z,2026-07-30T07:45:00+0200,128.96,EUR/MWh,NL,NL,day_ahead_price,value,2026-08-01T23:22:07Z
2026-08-01T23:18:50Z,2026-08-02T01:18:50+0200,914f204b-61c9-48d9-af2c-6470ecd1bcbf,2026-07-30T06:00:00Z,2026-07-30T08:00:00+0200,164.6,EUR/MWh,NL,NL,day_ahead_price,value,2026-08-01T23:22:07Z
2026-08-01T23:18:50Z,2026-08-02T01:18:50+0200,914f204b-61c9-48d9-af2c-6470ecd1bcbf,2026-07-30T06:15:00Z,2026-07-30T08:15:00+0200,147.45,EUR/MWh,NL,NL,day_ahead_price,value,2026-08-01T23:22:07Z
2026-08-01T23:18:50Z,2026-08-02T01:18:50+0200,914f204b-61c9-48d9-af2c-6470ecd1bcbf,2026-07-30T06:30:00Z,2026-07-30T08:30:00+0200,131.79,EUR/MWh,NL,NL,day_ahead_price,value,2026-08-01T23:22:07Z
2026-08-01T23:18:50Z,2026-08-02T01:18:50+0200,914f204b-61c9-48d9-af2c-6470ecd1bcbf,2026-07-30T06:45:00Z,2026-07-30T08:45:00+0200,116.32,EUR/MWh,NL,NL,day_ahead_price,value,2026-08-01T23:22:07Z
2026-08-01T23:18:50Z,2026-08-02T01:18:50+0200,914f204b-61c9-48d9-af2c-6470ecd1bcbf,2026-07-30T07:00:00Z,2026-07-30T09:00:00+0200,141.21,EUR/MWh,NL,NL,day_ahead_price,value,2026-08-01T23:22:07Z
2026-08-01T23:18:50Z,2026-08-02T01:18:50+0200,914f204b-61c9-48d9-af2c-6470ecd1bcbf,2026-07-30T07:15:00Z,2026-07-30T09:15:00+0200,124.68,EUR/MWh,NL,NL,day_ahead_price,value,2026-08-01T23:22:07Z
2026-08-01T23:18:50Z,2026-08-02T01:18:50+0200,914f204b-61c9-48d9-af2c-6470ecd1bcbf,2026-07-30T07:30:00Z,2026-07-30T09:30:00+0200,111.06,EUR/MWh,NL,NL,day_ahead_price,value,2026-08-01T23:22:07Z
2026-08-01T23:18:50Z,2026-08-02T01:18:50+0200,914f204b-61c9-48d9-af2c-6470ecd1bcbf,2026-07-30T07:45:00Z,2026-07-30T09:45:00+0200,100.96,EUR/MWh,NL,NL,day_ahead_price,value,2026-08-01T23:22:07Z
2026-08-01T23:18:50Z,2026-08-02T01:18:50+0200,914f204b-61c9-48d9-af2c-6470ecd1bcbf,2026-07-30T08:00:00Z,2026-07-30T10:00:00+0200,112.34,EUR/MWh,NL,NL,day_ahead_price,value,2026-08-01T23:22:07Z
2026-08-01T23:18:50Z,2026-08-02T01:18:50+0200,914f204b-61c9-48d9-af2c-6470ecd1bcbf,2026-07-30T08:15:00Z,2026-07-30T10:15:00+0200,94.5,EUR/MWh,NL,NL,day_ahead_price,value,2026-08-01T23:22:07Z
2026-08-01T23:18:50Z,2026-08-02T01:18:50+0200,914f204b-61c9-48d9-af2c-6470ecd1bcbf,2026-07-30T08:30:00Z,2026-07-30T10:30:00+0200,81.53,EUR/MWh,NL,NL,day_ahead_price,value,2026-08-01T23:22:07Z
2026-08-01T23:18:50Z,2026-08-02T01:18:50+0200,914f204b-61c9-48d9-af2c-6470ecd1bcbf,2026-07-30T08:45:00Z,2026-07-30T10:45:00+0200,58.48,EUR/MWh,NL,NL,day_ahead_price,value,2026-08-01T23:22:07Z
2026-08-01T23:18:50Z,2026-08-02T01:18:50+0200,914f204b-61c9-48d9-af2c-6470ecd1bcbf,2026-07-30T09:00:00Z,2026-07-30T11:00:00+0200,75.48,EUR/MWh,NL,NL,day_ahead_price,value,2026-08-01T23:22:07Z
2026-08-01T23:18:50Z,2026-08-02T01:18:50+0200,914f204b-61c9-48d9-af2c-6470ecd1bcbf,2026-07-30T09:15:00Z,2026-07-30T11:15:00+0200,40.8,EUR/MWh,NL,NL,day_ahead_price,value,2026-08-01T23:22:07Z
2026-08-01T23:18:50Z,2026-08-02T01:18:50+0200,914f204b-61c9-48d9-af2c-6470ecd1bcbf,2026-07-30T09:30:00Z,2026-07-30T11:30:00+0200,25.0,EUR/MWh,NL,NL,day_ahead_price,value,2026-08-01T23:22:07Z
2026-08-01T23:18:50Z,2026-08-02T01:18:50+0200,914f204b-61c9-48d9-af2c-6470ecd1bcbf,2026-07-30T09:45:00Z,2026-07-30T11:45:00+0200,15.52,EUR/MWh,NL,NL,day_ahead_price,value,2026-08-01T23:22:07Z
2026-08-01T23:18:50Z,2026-08-02T01:18:50+0200,914f204b-61c9-48d9-af2c-6470ecd1bcbf,2026-07-30T10:00:00Z,2026-07-30T12:00:00+0200,15.49,EUR/MWh,NL,NL,day_ahead_price,value,2026-08-01T23:22:07Z
2026-08-01T23:18:50Z,2026-08-02T01:18:50+0200,914f204b-61c9-48d9-af2c-6470ecd1bcbf,2026-07-30T10:15:00Z,2026-07-30T12:15:00+0200,13.88,EUR/MWh,NL,NL,day_ahead_price,value,2026-08-01T23:22:07Z
2026-08-01T23:18:50Z,2026-08-02T01:18:50+0200,914f204b-61c9-48d9-af2c-6470ecd1bcbf,2026-07-30T10:30:00Z,2026-07-30T12:30:00+0200,22.44,EUR/MWh,NL,NL,day_ahead_price,value,2026-08-01T23:22:07Z
2026-08-01T23:18:50Z,2026-08-02T01:18:50+0200,914f204b-61c9-48d9-af2c-6470ecd1bcbf,2026-07-30T10:45:00Z,2026-07-30T12:45:00+0200,19.02,EUR/MWh,NL,NL,day_ahead_price,value,2026-08-01T23:22:07Z
2026-08-01T23:18:50Z,2026-08-02T01:18:50+0200,914f204b-61c9-48d9-af2c-6470ecd1bcbf,2026-07-30T11:00:00Z,2026-07-30T13:00:00+0200,9.06,EUR/MWh,NL,NL,day_ahead_price,value,2026-08-01T23:22:07Z
2026-08-01T23:18:50Z,2026-08-02T01:18:50+0200,914f204b-61c9-48d9-af2c-6470ecd1bcbf,2026-07-30T11:15:00Z,2026-07-30T13:15:00+0200,23.7,EUR/MWh,NL,NL,day_ahead_price,value,2026-08-01T23:22:07Z
2026-08-01T23:18:50Z,2026-08-02T01:18:50+0200,914f204b-61c9-48d9-af2c-6470ecd1bcbf,2026-07-30T11:30:00Z,2026-07-30T13:30:00+0200,33.0,EUR/MWh,NL,NL,day_ahead_price,value,2026-08-01T23:22:07Z
2026-08-01T23:18:50Z,2026-08-02T01:18:50+0200,914f204b-61c9-48d9-af2c-6470ecd1bcbf,2026-07-30T11:45:00Z,2026-07-30T13:45:00+0200,29.91,EUR/MWh,NL,NL,day_ahead_price,value,2026-08-01T23:22:07Z
2026-08-01T23:18:50Z,2026-08-02T01:18:50+0200,914f204b-61c9-48d9-af2c-6470ecd1bcbf,2026-07-30T12:00:00Z,2026-07-30T14:00:00+0200,18.38,EUR/MWh,NL,NL,day_ahead_price,value,2026-08-01T23:22:07Z
2026-08-01T23:18:50Z,2026-08-02T01:18:50+0200,914f204b-61c9-48d9-af2c-6470ecd1bcbf,2026-07-30T12:15:00Z,2026-07-30T14:15:00+0200,28.46,EUR/MWh,NL,NL,day_ahead_price,value,2026-08-01T23:22:07Z
2026-08-01T23:18:50Z,2026-08-02T01:18:50+0200,914f204b-61c9-48d9-af2c-6470ecd1bcbf,2026-07-30T12:30:00Z,2026-07-30T14:30:00+0200,37.19,EUR/MWh,NL,NL,day_ahead_price,value,2026-08-01T23:22:07Z
2026-08-01T23:18:50Z,2026-08-02T01:18:50+0200,914f204b-61c9-48d9-af2c-6470ecd1bcbf,2026-07-30T12:45:00Z,2026-07-30T14:45:00+0200,77.81,EUR/MWh,NL,NL,day_ahead_price,value,2026-08-01T23:22:07Z
2026-08-01T23:18:50Z,2026-08-02T01:18:50+0200,914f204b-61c9-48d9-af2c-6470ecd1bcbf,2026-07-30T13:00:00Z,2026-07-30T15:00:00+0200,51.0,EUR/MWh,NL,NL,day_ahead_price,value,2026-08-01T23:22:07Z
2026-08-01T23:18:50Z,2026-08-02T01:18:50+0200,914f204b-61c9-48d9-af2c-6470ecd1bcbf,2026-07-30T13:15:00Z,2026-07-30T15:15:00+0200,71.9,EUR/MWh,NL,NL,day_ahead_price,value,2026-08-01T23:22:07Z
2026-08-01T23:18:50Z,2026-08-02T01:18:50+0200,914f204b-61c9-48d9-af2c-6470ecd1bcbf,2026-07-30T13:30:00Z,2026-07-30T15:30:00+0200,87.95,EUR/MWh,NL,NL,day_ahead_price,value,2026-08-01T23:22:07Z
2026-08-01T23:18:50Z,2026-08-02T01:18:50+0200,914f204b-61c9-48d9-af2c-6470ecd1bcbf,2026-07-30T13:45:00Z,2026-07-30T15:45:00+0200,105.75,EUR/MWh,NL,NL,day_ahead_price,value,2026-08-01T23:22:07Z
2026-08-01T23:18:50Z,2026-08-02T01:18:50+0200,914f204b-61c9-48d9-af2c-6470ecd1bcbf,2026-07-30T14:00:00Z,2026-07-30T16:00:00+0200,85.36,EUR/MWh,NL,NL,day_ahead_price,value,2026-08-01T23:22:07Z
2026-08-01T23:18:50Z,2026-08-02T01:18:50+0200,914f204b-61c9-48d9-af2c-6470ecd1bcbf,2026-07-30T14:15:00Z,2026-07-30T16:15:00+0200,93.83,EUR/MWh,NL,NL,day_ahead_price,value,2026-08-01T23:22:07Z
2026-08-01T23:18:50Z,2026-08-02T01:18:50+0200,914f204b-61c9-48d9-af2c-6470ecd1bcbf,2026-07-30T14:30:00Z,2026-07-30T16:30:00+0200,107.02,EUR/MWh,NL,NL,day_ahead_price,value,2026-08-01T23:22:07Z
2026-08-01T23:18:50Z,2026-08-02T01:18:50+0200,914f204b-61c9-48d9-af2c-6470ecd1bcbf,2026-07-30T14:45:00Z,2026-07-30T16:45:00+0200,125.99,EUR/MWh,NL,NL,day_ahead_price,value,2026-08-01T23:22:07Z
2026-08-01T23:18:50Z,2026-08-02T01:18:50+0200,914f204b-61c9-48d9-af2c-6470ecd1bcbf,2026-07-30T15:00:00Z,2026-07-30T17:00:00+0200,115.54,EUR/MWh,NL,NL,day_ahead_price,value,2026-08-01T23:22:07Z
2026-08-01T23:18:50Z,2026-08-02T01:18:50+0200,914f204b-61c9-48d9-af2c-6470ecd1bcbf,2026-07-30T15:15:00Z,2026-07-30T17:15:00+0200,114.15,EUR/MWh,NL,NL,day_ahead_price,value,2026-08-01T23:22:07Z
2026-08-01T23:18:50Z,2026-08-02T01:18:50+0200,914f204b-61c9-48d9-af2c-6470ecd1bcbf,2026-07-30T15:30:00Z,2026-07-30T17:30:00+0200,129.72,EUR/MWh,NL,NL,day_ahead_price,value,2026-08-01T23:22:07Z
2026-08-01T23:18:50Z,2026-08-02T01:18:50+0200,914f204b-61c9-48d9-af2c-6470ecd1bcbf,2026-07-30T15:45:00Z,2026-07-30T17:45:00+0200,151.93,EUR/MWh,NL,NL,day_ahead_price,value,2026-08-01T23:22:07Z
2026-08-01T23:18:50Z,2026-08-02T01:18:50+0200,914f204b-61c9-48d9-af2c-6470ecd1bcbf,2026-07-30T16:00:00Z,2026-07-30T18:00:00+0200,128.08,EUR/MWh,NL,NL,day_ahead_price,value,2026-08-01T23:22:07Z
2026-08-01T23:18:50Z,2026-08-02T01:18:50+0200,914f204b-61c9-48d9-af2c-6470ecd1bcbf,2026-07-30T16:15:00Z,2026-07-30T18:15:00+0200,143.83,EUR/MWh,NL,NL,day_ahead_price,value,2026-08-01T23:22:07Z
2026-08-01T23:18:50Z,2026-08-02T01:18:50+0200,914f204b-61c9-48d9-af2c-6470ecd1bcbf,2026-07-30T16:30:00Z,2026-07-30T18:30:00+0200,158.3,EUR/MWh,NL,NL,day_ahead_price,value,2026-08-01T23:22:07Z
2026-08-01T23:18:50Z,2026-08-02T01:18:50+0200,914f204b-61c9-48d9-af2c-6470ecd1bcbf,2026-07-30T16:45:00Z,2026-07-30T18:45:00+0200,161.07,EUR/MWh,NL,NL,day_ahead_price,value,2026-08-01T23:22:07Z
2026-08-01T23:18:50Z,2026-08-02T01:18:50+0200,914f204b-61c9-48d9-af2c-6470ecd1bcbf,2026-07-30T17:00:00Z,2026-07-30T19:00:00+0200,149.0,EUR/MWh,NL,NL,day_ahead_price,value,2026-08-01T23:22:07Z
2026-08-01T23:18:50Z,2026-08-02T01:18:50+0200,914f204b-61c9-48d9-af2c-6470ecd1bcbf,2026-07-30T17:15:00Z,2026-07-30T19:15:00+0200,171.98,EUR/MWh,NL,NL,day_ahead_price,value,2026-08-01T23:22:07Z
2026-08-01T23:18:50Z,2026-08-02T01:18:50+0200,914f204b-61c9-48d9-af2c-6470ecd1bcbf,2026-07-30T17:30:00Z,2026-07-30T19:30:00+0200,181.64,EUR/MWh,NL,NL,day_ahead_price,value,2026-08-01T23:22:07Z
2026-08-01T23:18:50Z,2026-08-02T01:18:50+0200,914f204b-61c9-48d9-af2c-6470ecd1bcbf,2026-07-30T17:45:00Z,2026-07-30T19:45:00+0200,191.18,EUR/MWh,NL,NL,day_ahead_price,value,2026-08-01T23:22:07Z
2026-08-01T23:18:50Z,2026-08-02T01:18:50+0200,914f204b-61c9-48d9-af2c-6470ecd1bcbf,2026-07-30T18:00:00Z,2026-07-30T20:00:00+0200,182.93,EUR/MWh,NL,NL,day_ahead_price,value,2026-08-01T23:22:07Z
2026-08-01T23:18:50Z,2026-08-02T01:18:50+0200,914f204b-61c9-48d9-af2c-6470ecd1bcbf,2026-07-30T18:15:00Z,2026-07-30T20:15:00+0200,188.34,EUR/MWh,NL,NL,day_ahead_price,value,2026-08-01T23:22:07Z
2026-08-01T23:18:50Z,2026-08-02T01:18:50+0200,914f204b-61c9-48d9-af2c-6470ecd1bcbf,2026-07-30T18:30:00Z,2026-07-30T20:30:00+0200,198.55,EUR/MWh,NL,NL,day_ahead_price,value,2026-08-01T23:22:07Z
2026-08-01T23:18:50Z,2026-08-02T01:18:50+0200,914f204b-61c9-48d9-af2c-6470ecd1bcbf,2026-07-30T18:45:00Z,2026-07-30T20:45:00+0200,217.19,EUR/MWh,NL,NL,day_ahead_price,value,2026-08-01T23:22:07Z
2026-08-01T23:18:50Z,2026-08-02T01:18:50+0200,914f204b-61c9-48d9-af2c-6470ecd1bcbf,2026-07-30T19:00:00Z,2026-07-30T21:00:00+0200,214.16,EUR/MWh,NL,NL,day_ahead_price,value,2026-08-01T23:22:07Z
2026-08-01T23:18:50Z,2026-08-02T01:18:50+0200,914f204b-61c9-48d9-af2c-6470ecd1bcbf,2026-07-30T19:15:00Z,2026-07-30T21:15:00+0200,210.27,EUR/MWh,NL,NL,day_ahead_price,value,2026-08-01T23:22:07Z
2026-08-01T23:18:50Z,2026-08-02T01:18:50+0200,914f204b-61c9-48d9-af2c-6470ecd1bcbf,2026-07-30T19:30:00Z,2026-07-30T21:30:00+0200,203.12,EUR/MWh,NL,NL,day_ahead_price,value,2026-08-01T23:22:07Z
2026-08-01T23:18:50Z,2026-08-02T01:18:50+0200,914f204b-61c9-48d9-af2c-6470ecd1bcbf,2026-07-30T19:45:00Z,2026-07-30T21:45:00+0200,190.46,EUR/MWh,NL,NL,day_ahead_price,value,2026-08-01T23:22:07Z
2026-08-01T23:18:50Z,2026-08-02T01:18:50+0200,914f204b-61c9-48d9-af2c-6470ecd1bcbf,2026-07-30T20:00:00Z,2026-07-30T22:00:00+0200,201.3,EUR/MWh,NL,NL,day_ahead_price,value,2026-08-01T23:22:07Z
2026-08-01T23:18:50Z,2026-08-02T01:18:50+0200,914f204b-61c9-48d9-af2c-6470ecd1bcbf,2026-07-30T20:15:00Z,2026-07-30T22:15:00+0200,194.09,EUR/MWh,NL,NL,day_ahead_price,value,2026-08-01T23:22:07Z
2026-08-01T23:18:50Z,2026-08-02T01:18:50+0200,914f204b-61c9-48d9-af2c-6470ecd1bcbf,2026-07-30T20:30:00Z,2026-07-30T22:30:00+0200,187.25,EUR/MWh,NL,NL,day_ahead_price,value,2026-08-01T23:22:07Z
2026-08-01T23:18:50Z,2026-08-02T01:18:50+0200,914f204b-61c9-48d9-af2c-6470ecd1bcbf,2026-07-30T20:45:00Z,2026-07-30T22:45:00+0200,178.55,EUR/MWh,NL,NL,day_ahead_price,value,2026-08-01T23:22:07Z
2026-08-01T23:18:50Z,2026-08-02T01:18:50+0200,914f204b-61c9-48d9-af2c-6470ecd1bcbf,2026-07-30T21:00:00Z,2026-07-30T23:00:00+0200,181.29,EUR/MWh,NL,NL,day_ahead_price,value,2026-08-01T23:22:07Z
2026-08-01T23:18:50Z,2026-08-02T01:18:50+0200,914f204b-61c9-48d9-af2c-6470ecd1bcbf,2026-07-30T21:15:00Z,2026-07-30T23:15:00+0200,172.65,EUR/MWh,NL,NL,day_ahead_price,value,2026-08-01T23:22:07Z
2026-08-01T23:18:50Z,2026-08-02T01:18:50+0200,914f204b-61c9-48d9-af2c-6470ecd1bcbf,2026-07-30T21:30:00Z,2026-07-30T23:30:00+0200,169.78,EUR/MWh,NL,NL,day_ahead_price,value,2026-08-01T23:22:07Z
2026-08-01T23:18:50Z,2026-08-02T01:18:50+0200,914f204b-61c9-48d9-af2c-6470ecd1bcbf,2026-07-30T21:45:00Z,2026-07-30T23:45:00+0200,159.6,EUR/MWh,NL,NL,day_ahead_price,value,2026-08-01T23:22:07Z
2026-08-01T23:18:50Z,2026-08-02T01:18:50+0200,914f204b-61c9-48d9-af2c-6470ecd1bcbf,2026-07-30T22:00:00Z,2026-07-31T00:00:00+0200,177.28,EUR/MWh,NL,NL,day_ahead_price,value,2026-08-01T23:22:07Z
2026-08-01T23:18:50Z,2026-08-02T01:18:50+0200,914f204b-61c9-48d9-af2c-6470ecd1bcbf,2026-07-30T22:15:00Z,2026-07-31T00:15:00+0200,170.09,EUR/MWh,NL,NL,day_ahead_price,value,2026-08-01T23:22:07Z
2026-08-01T23:18:50Z,2026-08-02T01:18:50+0200,914f204b-61c9-48d9-af2c-6470ecd1bcbf,2026-07-30T22:30:00Z,2026-07-31T00:30:00+0200,164.6,EUR/MWh,NL,NL,day_ahead_price,value,2026-08-01T23:22:07Z
2026-08-01T23:18:50Z,2026-08-02T01:18:50+0200,914f204b-61c9-48d9-af2c-6470ecd1bcbf,2026-07-30T22:45:00Z,2026-07-31T00:45:00+0200,160.0,EUR/MWh,NL,NL,day_ahead_price,value,2026-08-01T23:22:07Z
2026-08-01T23:18:50Z,2026-08-02T01:18:50+0200,914f204b-61c9-48d9-af2c-6470ecd1bcbf,2026-07-30T23:00:00Z,2026-07-31T01:00:00+0200,171.32,EUR/MWh,NL,NL,day_ahead_price,value,2026-08-01T23:22:07Z
2026-08-01T23:18:50Z,2026-08-02T01:18:50+0200,914f204b-61c9-48d9-af2c-6470ecd1bcbf,2026-07-30T23:15:00Z,2026-07-31T01:15:00+0200,164.32,EUR/MWh,NL,NL,day_ahead_price,value,2026-08-01T23:22:07Z
2026-08-01T23:18:50Z,2026-08-02T01:18:50+0200,914f204b-61c9-48d9-af2c-6470ecd1bcbf,2026-07-30T23:30:00Z,2026-07-31T01:30:00+0200,157.61,EUR/MWh,NL,NL,day_ahead_price,value,2026-08-01T23:22:07Z
2026-08-01T23:18:50Z,2026-08-02T01:18:50+0200,914f204b-61c9-48d9-af2c-6470ecd1bcbf,2026-07-30T23:45:00Z,2026-07-31T01:45:00+0200,154.04,EUR/MWh,NL,NL,day_ahead_price,value,2026-08-01T23:22:07Z
2026-08-01T23:18:50Z,2026-08-02T01:18:50+0200,914f204b-61c9-48d9-af2c-6470ecd1bcbf,2026-07-31T00:00:00Z,2026-07-31T02:00:00+0200,157.15,EUR/MWh,NL,NL,day_ahead_price,value,2026-08-01T23:22:07Z
2026-08-01T23:18:50Z,2026-08-02T01:18:50+0200,914f204b-61c9-48d9-af2c-6470ecd1bcbf,2026-07-31T00:15:00Z,2026-07-31T02:15:00+0200,154.5,EUR/MWh,NL,NL,day_ahead_price,value,2026-08-01T23:22:07Z
2026-08-01T23:18:50Z,2026-08-02T01:18:50+0200,914f204b-61c9-48d9-af2c-6470ecd1bcbf,2026-07-31T00:30:00Z,2026-07-31T02:30:00+0200,152.82,EUR/MWh,NL,NL,day_ahead_price,value,2026-08-01T23:22:07Z
2026-08-01T23:18:50Z,2026-08-02T01:18:50+0200,914f204b-61c9-48d9-af2c-6470ecd1bcbf,2026-07-31T00:45:00Z,2026-07-31T02:45:00+0200,149.89,EUR/MWh,NL,NL,day_ahead_price,value,2026-08-01T23:22:07Z
2026-08-01T23:18:50Z,2026-08-02T01:18:50+0200,914f204b-61c9-48d9-af2c-6470ecd1bcbf,2026-07-31T01:00:00Z,2026-07-31T03:00:00+0200,149.97,EUR/MWh,NL,NL,day_ahead_price,value,2026-08-01T23:22:07Z
2026-08-01T23:18:50Z,2026-08-02T01:18:50+0200,914f204b-61c9-48d9-af2c-6470ecd1bcbf,2026-07-31T01:15:00Z,2026-07-31T03:15:00+0200,152.09,EUR/MWh,NL,NL,day_ahead_price,value,2026-08-01T23:22:07Z
2026-08-01T23:18:50Z,2026-08-02T01:18:50+0200,914f204b-61c9-48d9-af2c-6470ecd1bcbf,2026-07-31T01:30:00Z,2026-07-31T03:30:00+0200,150.8,EUR/MWh,NL,NL,day_ahead_price,value,2026-08-01T23:22:07Z
2026-08-01T23:18:50Z,2026-08-02T01:18:50+0200,914f204b-61c9-48d9-af2c-6470ecd1bcbf,2026-07-31T01:45:00Z,2026-07-31T03:45:00+0200,150.16,EUR/MWh,NL,NL,day_ahead_price,value,2026-08-01T23:22:07Z
2026-08-01T23:18:50Z,2026-08-02T01:18:50+0200,914f204b-61c9-48d9-af2c-6470ecd1bcbf,2026-07-31T02:00:00Z,2026-07-31T04:00:00+0200,150.6,EUR/MWh,NL,NL,day_ahead_price,value,2026-08-01T23:22:07Z
2026-08-01T23:18:50Z,2026-08-02T01:18:50+0200,914f204b-61c9-48d9-af2c-6470ecd1bcbf,2026-07-31T02:15:00Z,2026-07-31T04:15:00+0200,148.59,EUR/MWh,NL,NL,day_ahead_price,value,2026-08-01T23:22:07Z
2026-08-01T23:18:50Z,2026-08-02T01:18:50+0200,914f204b-61c9-48d9-af2c-6470ecd1bcbf,2026-07-31T02:30:00Z,2026-07-31T04:30:00+0200,152.63,EUR/MWh,NL,NL,day_ahead_price,value,2026-08-01T23:22:07Z
2026-08-01T23:18:50Z,2026-08-02T01:18:50+0200,914f204b-61c9-48d9-af2c-6470ecd1bcbf,2026-07-31T02:45:00Z,2026-07-31T04:45:00+0200,158.75,EUR/MWh,NL,NL,day_ahead_price,value,2026-08-01T23:22:07Z
2026-08-01T23:18:50Z,2026-08-02T01:18:50+0200,914f204b-61c9-48d9-af2c-6470ecd1bcbf,2026-07-31T03:00:00Z,2026-07-31T05:00:00+0200,151.22,EUR/MWh,NL,NL,day_ahead_price,value,2026-08-01T23:22:07Z
2026-08-01T23:18:50Z,2026-08-02T01:18:50+0200,914f204b-61c9-48d9-af2c-6470ecd1bcbf,2026-07-31T03:15:00Z,2026-07-31T05:15:00+0200,158.9,EUR/MWh,NL,NL,day_ahead_price,value,2026-08-01T23:22:07Z
2026-08-01T23:18:50Z,2026-08-02T01:18:50+0200,914f204b-61c9-48d9-af2c-6470ecd1bcbf,2026-07-31T03:30:00Z,2026-07-31T05:30:00+0200,169.39,EUR/MWh,NL,NL,day_ahead_price,value,2026-08-01T23:22:07Z
2026-08-01T23:18:50Z,2026-08-02T01:18:50+0200,914f204b-61c9-48d9-af2c-6470ecd1bcbf,2026-07-31T03:45:00Z,2026-07-31T05:45:00+0200,169.13,EUR/MWh,NL,NL,day_ahead_price,value,2026-08-01T23:22:07Z
2026-08-01T23:18:50Z,2026-08-02T01:18:50+0200,914f204b-61c9-48d9-af2c-6470ecd1bcbf,2026-07-31T04:00:00Z,2026-07-31T06:00:00+0200,169.65,EUR/MWh,NL,NL,day_ahead_price,value,2026-08-01T23:22:07Z
2026-08-01T23:18:50Z,2026-08-02T01:18:50+0200,914f204b-61c9-48d9-af2c-6470ecd1bcbf,2026-07-31T04:15:00Z,2026-07-31T06:15:00+0200,178.13,EUR/MWh,NL,NL,day_ahead_price,value,2026-08-01T23:22:07Z
2026-08-01T23:18:50Z,2026-08-02T01:18:50+0200,914f204b-61c9-48d9-af2c-6470ecd1bcbf,2026-07-31T04:30:00Z,2026-07-31T06:30:00+0200,181.13,EUR/MWh,NL,NL,day_ahead_price,value,2026-08-01T23:22:07Z
2026-08-01T23:18:50Z,2026-08-02T01:18:50+0200,914f204b-61c9-48d9-af2c-6470ecd1bcbf,2026-07-31T04:45:00Z,2026-07-31T06:45:00+0200,178.26,EUR/MWh,NL,NL,day_ahead_price,value,2026-08-01T23:22:07Z
2026-08-01T23:18:50Z,2026-08-02T01:18:50+0200,914f204b-61c9-48d9-af2c-6470ecd1bcbf,2026-07-31T05:00:00Z,2026-07-31T07:00:00+0200,184.54,EUR/MWh,NL,NL,day_ahead_price,value,2026-08-01T23:22:07Z
2026-08-01T23:18:50Z,2026-08-02T01:18:50+0200,914f204b-61c9-48d9-af2c-6470ecd1bcbf,2026-07-31T05:15:00Z,2026-07-31T07:15:00+0200,180.0,EUR/MWh,NL,NL,day_ahead_price,value,2026-08-01T23:22:07Z
2026-08-01T23:18:50Z,2026-08-02T01:18:50+0200,914f204b-61c9-48d9-af2c-6470ecd1bcbf,2026-07-31T05:30:00Z,2026-07-31T07:30:00+0200,172.61,EUR/MWh,NL,NL,day_ahead_price,value,2026-08-01T23:22:07Z
2026-08-01T23:18:50Z,2026-08-02T01:18:50+0200,914f204b-61c9-48d9-af2c-6470ecd1bcbf,2026-07-31T05:45:00Z,2026-07-31T07:45:00+0200,150.2,EUR/MWh,NL,NL,day_ahead_price,value,2026-08-01T23:22:07Z
2026-08-01T23:18:50Z,2026-08-02T01:18:50+0200,914f204b-61c9-48d9-af2c-6470ecd1bcbf,2026-07-31T06:00:00Z,2026-07-31T08:00:00+0200,182.6,EUR/MWh,NL,NL,day_ahead_price,value,2026-08-01T23:22:07Z
2026-08-01T23:18:50Z,2026-08-02T01:18:50+0200,914f204b-61c9-48d9-af2c-6470ecd1bcbf,2026-07-31T06:15:00Z,2026-07-31T08:15:00+0200,170.72,EUR/MWh,NL,NL,day_ahead_price,value,2026-08-01T23:22:07Z
2026-08-01T23:18:50Z,2026-08-02T01:18:50+0200,914f204b-61c9-48d9-af2c-6470ecd1bcbf,2026-07-31T06:30:00Z,2026-07-31T08:30:00+0200,153.29,EUR/MWh,NL,NL,day_ahead_price,value,2026-08-01T23:22:07Z
2026-08-01T23:18:50Z,2026-08-02T01:18:50+0200,914f204b-61c9-48d9-af2c-6470ecd1bcbf,2026-07-31T06:45:00Z,2026-07-31T08:45:00+0200,129.14,EUR/MWh,NL,NL,day_ahead_price,value,2026-08-01T23:22:07Z
2026-08-01T23:18:50Z,2026-08-02T01:18:50+0200,914f204b-61c9-48d9-af2c-6470ecd1bcbf,2026-07-31T07:00:00Z,2026-07-31T09:00:00+0200,160.01,EUR/MWh,NL,NL,day_ahead_price,value,2026-08-01T23:22:07Z
2026-08-01T23:18:50Z,2026-08-02T01:18:50+0200,914f204b-61c9-48d9-af2c-6470ecd1bcbf,2026-07-31T07:15:00Z,2026-07-31T09:15:00+0200,144.3,EUR/MWh,NL,NL,day_ahead_price,value,2026-08-01T23:22:07Z
2026-08-01T23:18:50Z,2026-08-02T01:18:50+0200,914f204b-61c9-48d9-af2c-6470ecd1bcbf,2026-07-31T07:30:00Z,2026-07-31T09:30:00+0200,131.7,EUR/MWh,NL,NL,day_ahead_price,value,2026-08-01T23:22:07Z
2026-08-01T23:18:50Z,2026-08-02T01:18:50+0200,914f204b-61c9-48d9-af2c-6470ecd1bcbf,2026-07-31T07:45:00Z,2026-07-31T09:45:00+0200,128.5,EUR/MWh,NL,NL,day_ahead_price,value,2026-08-01T23:22:07Z
2026-08-01T23:18:50Z,2026-08-02T01:18:50+0200,914f204b-61c9-48d9-af2c-6470ecd1bcbf,2026-07-31T08:00:00Z,2026-07-31T10:00:00+0200,136.48,EUR/MWh,NL,NL,day_ahead_price,value,2026-08-01T23:22:07Z
2026-08-01T23:18:50Z,2026-08-02T01:18:50+0200,914f204b-61c9-48d9-af2c-6470ecd1bcbf,2026-07-31T08:15:00Z,2026-07-31T10:15:00+0200,138.63,EUR/MWh,NL,NL,day_ahead_price,value,2026-08-01T23:22:07Z
2026-08-01T23:18:50Z,2026-08-02T01:18:50+0200,914f204b-61c9-48d9-af2c-6470ecd1bcbf,2026-07-31T08:30:00Z,2026-07-31T10:30:00+0200,116.6,EUR/MWh,NL,NL,day_ahead_price,value,2026-08-01T23:22:07Z
2026-08-01T23:18:50Z,2026-08-02T01:18:50+0200,914f204b-61c9-48d9-af2c-6470ecd1bcbf,2026-07-31T08:45:00Z,2026-07-31T10:45:00+0200,104.29,EUR/MWh,NL,NL,day_ahead_price,value,2026-08-01T23:22:07Z
2026-08-01T23:18:50Z,2026-08-02T01:18:50+0200,914f204b-61c9-48d9-af2c-6470ecd1bcbf,2026-07-31T09:00:00Z,2026-07-31T11:00:00+0200,114.56,EUR/MWh,NL,NL,day_ahead_price,value,2026-08-01T23:22:07Z
2026-08-01T23:18:50Z,2026-08-02T01:18:50+0200,914f204b-61c9-48d9-af2c-6470ecd1bcbf,2026-07-31T09:15:00Z,2026-07-31T11:15:00+0200,102.05,EUR/MWh,NL,NL,day_ahead_price,value,2026-08-01T23:22:07Z
2026-08-01T23:18:50Z,2026-08-02T01:18:50+0200,914f204b-61c9-48d9-af2c-6470ecd1bcbf,2026-07-31T09:30:00Z,2026-07-31T11:30:00+0200,104.89,EUR/MWh,NL,NL,day_ahead_price,value,2026-08-01T23:22:07Z
2026-08-01T23:18:50Z,2026-08-02T01:18:50+0200,914f204b-61c9-48d9-af2c-6470ecd1bcbf,2026-07-31T09:45:00Z,2026-07-31T11:45:00+0200,95.59,EUR/MWh,NL,NL,day_ahead_price,value,2026-08-01T23:22:07Z
2026-08-01T23:18:50Z,2026-08-02T01:18:50+0200,914f204b-61c9-48d9-af2c-6470ecd1bcbf,2026-07-31T10:00:00Z,2026-07-31T12:00:00+0200,97.72,EUR/MWh,NL,NL,day_ahead_price,value,2026-08-01T23:22:07Z
2026-08-01T23:18:50Z,2026-08-02T01:18:50+0200,914f204b-61c9-48d9-af2c-6470ecd1bcbf,2026-07-31T10:15:00Z,2026-07-31T12:15:00+0200,95.74,EUR/MWh,NL,NL,day_ahead_price,value,2026-08-01T23:22:07Z
2026-08-01T23:18:50Z,2026-08-02T01:18:50+0200,914f204b-61c9-48d9-af2c-6470ecd1bcbf,2026-07-31T10:30:00Z,2026-07-31T12:30:00+0200,96.03,EUR/MWh,NL,NL,day_ahead_price,value,2026-08-01T23:22:07Z
2026-08-01T23:18:50Z,2026-08-02T01:18:50+0200,914f204b-61c9-48d9-af2c-6470ecd1bcbf,2026-07-31T10:45:00Z,2026-07-31T12:45:00+0200,86.99,EUR/MWh,NL,NL,day_ahead_price,value,2026-08-01T23:22:07Z
2026-08-01T23:18:50Z,2026-08-02T01:18:50+0200,914f204b-61c9-48d9-af2c-6470ecd1bcbf,2026-07-31T11:00:00Z,2026-07-31T13:00:00+0200,85.01,EUR/MWh,NL,NL,day_ahead_price,value,2026-08-01T23:22:07Z
2026-08-01T23:18:50Z,2026-08-02T01:18:50+0200,914f204b-61c9-48d9-af2c-6470ecd1bcbf,2026-07-31T11:15:00Z,2026-07-31T13:15:00+0200,84.46,EUR/MWh,NL,NL,day_ahead_price,value,2026-08-01T23:22:07Z
2026-08-01T23:18:50Z,2026-08-02T01:18:50+0200,914f204b-61c9-48d9-af2c-6470ecd1bcbf,2026-07-31T11:30:00Z,2026-07-31T13:30:00+0200,82.25,EUR/MWh,NL,NL,day_ahead_price,value,2026-08-01T23:22:07Z
2026-08-01T23:18:50Z,2026-08-02T01:18:50+0200,914f204b-61c9-48d9-af2c-6470ecd1bcbf,2026-07-31T11:45:00Z,2026-07-31T13:45:00+0200,81.35,EUR/MWh,NL,NL,day_ahead_price,value,2026-08-01T23:22:07Z
2026-08-01T23:18:50Z,2026-08-02T01:18:50+0200,914f204b-61c9-48d9-af2c-6470ecd1bcbf,2026-07-31T12:00:00Z,2026-07-31T14:00:00+0200,80.4,EUR/MWh,NL,NL,day_ahead_price,value,2026-08-01T23:22:07Z
2026-08-01T23:18:50Z,2026-08-02T01:18:50+0200,914f204b-61c9-48d9-af2c-6470ecd1bcbf,2026-07-31T12:15:00Z,2026-07-31T14:15:00+0200,81.99,EUR/MWh,NL,NL,day_ahead_price,value,2026-08-01T23:22:07Z
2026-08-01T23:18:50Z,2026-08-02T01:18:50+0200,914f204b-61c9-48d9-af2c-6470ecd1bcbf,2026-07-31T12:30:00Z,2026-07-31T14:30:00+0200,87.81,EUR/MWh,NL,NL,day_ahead_price,value,2026-08-01T23:22:07Z
2026-08-01T23:18:50Z,2026-08-02T01:18:50+0200,914f204b-61c9-48d9-af2c-6470ecd1bcbf,2026-07-31T12:45:00Z,2026-07-31T14:45:00+0200,94.94,EUR/MWh,NL,NL,day_ahead_price,value,2026-08-01T23:22:07Z
2026-08-01T23:18:50Z,2026-08-02T01:18:50+0200,914f204b-61c9-48d9-af2c-6470ecd1bcbf,2026-07-31T13:00:00Z,2026-07-31T15:00:00+0200,88.71,EUR/MWh,NL,NL,day_ahead_price,value,2026-08-01T23:22:07Z
2026-08-01T23:18:50Z,2026-08-02T01:18:50+0200,914f204b-61c9-48d9-af2c-6470ecd1bcbf,2026-07-31T13:15:00Z,2026-07-31T15:15:00+0200,96.13,EUR/MWh,NL,NL,day_ahead_price,value,2026-08-01T23:22:07Z
2026-08-01T23:18:50Z,2026-08-02T01:18:50+0200,914f204b-61c9-48d9-af2c-6470ecd1bcbf,2026-07-31T13:30:00Z,2026-07-31T15:30:00+0200,98.51,EUR/MWh,NL,NL,day_ahead_price,value,2026-08-01T23:22:07Z
2026-08-01T23:18:50Z,2026-08-02T01:18:50+0200,914f204b-61c9-48d9-af2c-6470ecd1bcbf,2026-07-31T13:45:00Z,2026-07-31T15:45:00+0200,109.41,EUR/MWh,NL,NL,day_ahead_price,value,2026-08-01T23:22:07Z
2026-08-01T23:18:50Z,2026-08-02T01:18:50+0200,914f204b-61c9-48d9-af2c-6470ecd1bcbf,2026-07-31T14:00:00Z,2026-07-31T16:00:00+0200,105.24,EUR/MWh,NL,NL,day_ahead_price,value,2026-08-01T23:22:07Z
2026-08-01T23:18:50Z,2026-08-02T01:18:50+0200,914f204b-61c9-48d9-af2c-6470ecd1bcbf,2026-07-31T14:15:00Z,2026-07-31T16:15:00+0200,109.12,EUR/MWh,NL,NL,day_ahead_price,value,2026-08-01T23:22:07Z
2026-08-01T23:18:50Z,2026-08-02T01:18:50+0200,914f204b-61c9-48d9-af2c-6470ecd1bcbf,2026-07-31T14:30:00Z,2026-07-31T16:30:00+0200,116.93,EUR/MWh,NL,NL,day_ahead_price,value,2026-08-01T23:22:07Z
2026-08-01T23:18:50Z,2026-08-02T01:18:50+0200,914f204b-61c9-48d9-af2c-6470ecd1bcbf,2026-07-31T14:45:00Z,2026-07-31T16:45:00+0200,127.57,EUR/MWh,NL,NL,day_ahead_price,value,2026-08-01T23:22:07Z
2026-08-01T23:18:50Z,2026-08-02T01:18:50+0200,914f204b-61c9-48d9-af2c-6470ecd1bcbf,2026-07-31T15:00:00Z,2026-07-31T17:00:00+0200,119.32,EUR/MWh,NL,NL,day_ahead_price,value,2026-08-01T23:22:07Z
2026-08-01T23:18:50Z,2026-08-02T01:18:50+0200,914f204b-61c9-48d9-af2c-6470ecd1bcbf,2026-07-31T15:15:00Z,2026-07-31T17:15:00+0200,128.09,EUR/MWh,NL,NL,day_ahead_price,value,2026-08-01T23:22:07Z
2026-08-01T23:18:50Z,2026-08-02T01:18:50+0200,914f204b-61c9-48d9-af2c-6470ecd1bcbf,2026-07-31T15:30:00Z,2026-07-31T17:30:00+0200,153.84,EUR/MWh,NL,NL,day_ahead_price,value,2026-08-01T23:22:07Z
2026-08-01T23:18:50Z,2026-08-02T01:18:50+0200,914f204b-61c9-48d9-af2c-6470ecd1bcbf,2026-07-31T15:45:00Z,2026-07-31T17:45:00+0200,157.58,EUR/MWh,NL,NL,day_ahead_price,value,2026-08-01T23:22:07Z
2026-08-01T23:18:50Z,2026-08-02T01:18:50+0200,914f204b-61c9-48d9-af2c-6470ecd1bcbf,2026-07-31T16:00:00Z,2026-07-31T18:00:00+0200,138.82,EUR/MWh,NL,NL,day_ahead_price,value,2026-08-01T23:22:07Z
2026-08-01T23:18:50Z,2026-08-02T01:18:50+0200,914f204b-61c9-48d9-af2c-6470ecd1bcbf,2026-07-31T16:15:00Z,2026-07-31T18:15:00+0200,153.42,EUR/MWh,NL,NL,day_ahead_price,value,2026-08-01T23:22:07Z
2026-08-01T23:18:50Z,2026-08-02T01:18:50+0200,914f204b-61c9-48d9-af2c-6470ecd1bcbf,2026-07-31T16:30:00Z,2026-07-31T18:30:00+0200,159.3,EUR/MWh,NL,NL,day_ahead_price,value,2026-08-01T23:22:07Z
2026-08-01T23:18:50Z,2026-08-02T01:18:50+0200,914f204b-61c9-48d9-af2c-6470ecd1bcbf,2026-07-31T16:45:00Z,2026-07-31T18:45:00+0200,156.45,EUR/MWh,NL,NL,day_ahead_price,value,2026-08-01T23:22:07Z
2026-08-01T23:18:50Z,2026-08-02T01:18:50+0200,914f204b-61c9-48d9-af2c-6470ecd1bcbf,2026-07-31T17:00:00Z,2026-07-31T19:00:00+0200,150.51,EUR/MWh,NL,NL,day_ahead_price,value,2026-08-01T23:22:07Z
2026-08-01T23:18:50Z,2026-08-02T01:18:50+0200,914f204b-61c9-48d9-af2c-6470ecd1bcbf,2026-07-31T17:15:00Z,2026-07-31T19:15:00+0200,162.9,EUR/MWh,NL,NL,day_ahead_price,value,2026-08-01T23:22:07Z
2026-08-01T23:18:50Z,2026-08-02T01:18:50+0200,914f204b-61c9-48d9-af2c-6470ecd1bcbf,2026-07-31T17:30:00Z,2026-07-31T19:30:00+0200,181.64,EUR/MWh,NL,NL,day_ahead_price,value,2026-08-01T23:22:07Z
2026-08-01T23:18:50Z,2026-08-02T01:18:50+0200,914f204b-61c9-48d9-af2c-6470ecd1bcbf,2026-07-31T17:45:00Z,2026-07-31T19:45:00+0200,200.0,EUR/MWh,NL,NL,day_ahead_price,value,2026-08-01T23:22:07Z
2026-08-01T23:18:50Z,2026-08-02T01:18:50+0200,914f204b-61c9-48d9-af2c-6470ecd1bcbf,2026-07-31T18:00:00Z,2026-07-31T20:00:00+0200,183.54,EUR/MWh,NL,NL,day_ahead_price,value,2026-08-01T23:22:07Z
2026-08-01T23:18:50Z,2026-08-02T01:18:50+0200,914f204b-61c9-48d9-af2c-6470ecd1bcbf,2026-07-31T18:15:00Z,2026-07-31T20:15:00+0200,181.94,EUR/MWh,NL,NL,day_ahead_price,value,2026-08-01T23:22:07Z
2026-08-01T23:18:50Z,2026-08-02T01:18:50+0200,914f204b-61c9-48d9-af2c-6470ecd1bcbf,2026-07-31T18:30:00Z,2026-07-31T20:30:00+0200,195.72,EUR/MWh,NL,NL,day_ahead_price,value,2026-08-01T23:22:07Z
2026-08-01T23:18:50Z,2026-08-02T01:18:50+0200,914f204b-61c9-48d9-af2c-6470ecd1bcbf,2026-07-31T18:45:00Z,2026-07-31T20:45:00+0200,197.5,EUR/MWh,NL,NL,day_ahead_price,value,2026-08-01T23:22:07Z
2026-08-01T23:18:50Z,2026-08-02T01:18:50+0200,914f204b-61c9-48d9-af2c-6470ecd1bcbf,2026-07-31T19:00:00Z,2026-07-31T21:00:00+0200,191.58,EUR/MWh,NL,NL,day_ahead_price,value,2026-08-01T23:22:07Z
2026-08-01T23:18:50Z,2026-08-02T01:18:50+0200,914f204b-61c9-48d9-af2c-6470ecd1bcbf,2026-07-31T19:15:00Z,2026-07-31T21:15:00+0200,192.74,EUR/MWh,NL,NL,day_ahead_price,value,2026-08-01T23:22:07Z
2026-08-01T23:18:50Z,2026-08-02T01:18:50+0200,914f204b-61c9-48d9-af2c-6470ecd1bcbf,2026-07-31T19:30:00Z,2026-07-31T21:30:00+0200,194.83,EUR/MWh,NL,NL,day_ahead_price,value,2026-08-01T23:22:07Z
2026-08-01T23:18:50Z,2026-08-02T01:18:50+0200,914f204b-61c9-48d9-af2c-6470ecd1bcbf,2026-07-31T19:45:00Z,2026-07-31T21:45:00+0200,195.15,EUR/MWh,NL,NL,day_ahead_price,value,2026-08-01T23:22:07Z
2026-08-01T23:18:50Z,2026-08-02T01:18:50+0200,914f204b-61c9-48d9-af2c-6470ecd1bcbf,2026-07-31T20:00:00Z,2026-07-31T22:00:00+0200,200.41,EUR/MWh,NL,NL,day_ahead_price,value,2026-08-01T23:22:07Z
2026-08-01T23:18:50Z,2026-08-02T01:18:50+0200,914f204b-61c9-48d9-af2c-6470ecd1bcbf,2026-07-31T20:15:00Z,2026-07-31T22:15:00+0200,197.94,EUR/MWh,NL,NL,day_ahead_price,value,2026-08-01T23:22:07Z
2026-08-01T23:18:50Z,2026-08-02T01:18:50+0200,914f204b-61c9-48d9-af2c-6470ecd1bcbf,2026-07-31T20:30:00Z,2026-07-31T22:30:00+0200,183.18,EUR/MWh,NL,NL,day_ahead_price,value,2026-08-01T23:22:07Z
2026-08-01T23:18:50Z,2026-08-02T01:18:50+0200,914f204b-61c9-48d9-af2c-6470ecd1bcbf,2026-07-31T20:45:00Z,2026-07-31T22:45:00+0200,174.62,EUR/MWh,NL,NL,day_ahead_price,value,2026-08-01T23:22:07Z
2026-08-01T23:18:50Z,2026-08-02T01:18:50+0200,914f204b-61c9-48d9-af2c-6470ecd1bcbf,2026-07-31T21:00:00Z,2026-07-31T23:00:00+0200,177.06,EUR/MWh,NL,NL,day_ahead_price,value,2026-08-01T23:22:07Z
2026-08-01T23:18:50Z,2026-08-02T01:18:50+0200,914f204b-61c9-48d9-af2c-6470ecd1bcbf,2026-07-31T21:15:00Z,2026-07-31T23:15:00+0200,169.53,EUR/MWh,NL,NL,day_ahead_price,value,2026-08-01T23:22:07Z
2026-08-01T23:18:50Z,2026-08-02T01:18:50+0200,914f204b-61c9-48d9-af2c-6470ecd1bcbf,2026-07-31T21:30:00Z,2026-07-31T23:30:00+0200,167.36,EUR/MWh,NL,NL,day_ahead_price,value,2026-08-01T23:22:07Z
2026-08-01T23:18:50Z,2026-08-02T01:18:50+0200,914f204b-61c9-48d9-af2c-6470ecd1bcbf,2026-07-31T21:45:00Z,2026-07-31T23:45:00+0200,165.13,EUR/MWh,NL,NL,day_ahead_price,value,2026-08-01T23:22:07Z
2026-08-01T23:18:50Z,2026-08-02T01:18:50+0200,914f204b-61c9-48d9-af2c-6470ecd1bcbf,2026-07-31T22:00:00Z,2026-08-01T00:00:00+0200,182.99,EUR/MWh,NL,NL,day_ahead_price,value,2026-08-01T23:22:07Z
2026-08-01T23:18:50Z,2026-08-02T01:18:50+0200,914f204b-61c9-48d9-af2c-6470ecd1bcbf,2026-07-31T22:15:00Z,2026-08-01T00:15:00+0200,172.68,EUR/MWh,NL,NL,day_ahead_price,value,2026-08-01T23:22:07Z
2026-08-01T23:18:50Z,2026-08-02T01:18:50+0200,914f204b-61c9-48d9-af2c-6470ecd1bcbf,2026-07-31T22:30:00Z,2026-08-01T00:30:00+0200,163.31,EUR/MWh,NL,NL,day_ahead_price,value,2026-08-01T23:22:07Z
2026-08-01T23:18:50Z,2026-08-02T01:18:50+0200,914f204b-61c9-48d9-af2c-6470ecd1bcbf,2026-07-31T22:45:00Z,2026-08-01T00:45:00+0200,154.37,EUR/MWh,NL,NL,day_ahead_price,value,2026-08-01T23:22:07Z
2026-08-01T23:18:50Z,2026-08-02T01:18:50+0200,914f204b-61c9-48d9-af2c-6470ecd1bcbf,2026-07-31T23:00:00Z,2026-08-01T01:00:00+0200,168.13,EUR/MWh,NL,NL,day_ahead_price,value,2026-08-01T23:22:07Z
2026-08-01T23:18:50Z,2026-08-02T01:18:50+0200,914f204b-61c9-48d9-af2c-6470ecd1bcbf,2026-07-31T23:15:00Z,2026-08-01T01:15:00+0200,163.05,EUR/MWh,NL,NL,day_ahead_price,value,2026-08-01T23:22:07Z
2026-08-01T23:18:50Z,2026-08-02T01:18:50+0200,914f204b-61c9-48d9-af2c-6470ecd1bcbf,2026-07-31T23:30:00Z,2026-08-01T01:30:00+0200,157.12,EUR/MWh,NL,NL,day_ahead_price,value,2026-08-01T23:22:07Z
2026-08-01T23:18:50Z,2026-08-02T01:18:50+0200,914f204b-61c9-48d9-af2c-6470ecd1bcbf,2026-07-31T23:45:00Z,2026-08-01T01:45:00+0200,156.91,EUR/MWh,NL,NL,day_ahead_price,value,2026-08-01T23:22:07Z
2026-08-01T23:18:50Z,2026-08-02T01:18:50+0200,914f204b-61c9-48d9-af2c-6470ecd1bcbf,2026-08-01T00:00:00Z,2026-08-01T02:00:00+0200,159.51,EUR/MWh,NL,NL,day_ahead_price,value,2026-08-01T23:22:07Z
2026-08-01T23:18:50Z,2026-08-02T01:18:50+0200,914f204b-61c9-48d9-af2c-6470ecd1bcbf,2026-08-01T00:15:00Z,2026-08-01T02:15:00+0200,157.05,EUR/MWh,NL,NL,day_ahead_price,value,2026-08-01T23:22:07Z
2026-08-01T23:18:50Z,2026-08-02T01:18:50+0200,914f204b-61c9-48d9-af2c-6470ecd1bcbf,2026-08-01T00:30:00Z,2026-08-01T02:30:00+0200,154.7,EUR/MWh,NL,NL,day_ahead_price,value,2026-08-01T23:22:07Z
2026-08-01T23:18:50Z,2026-08-02T01:18:50+0200,914f204b-61c9-48d9-af2c-6470ecd1bcbf,2026-08-01T00:45:00Z,2026-08-01T02:45:00+0200,150.58,EUR/MWh,NL,NL,day_ahead_price,value,2026-08-01T23:22:07Z
2026-08-01T23:18:50Z,2026-08-02T01:18:50+0200,914f204b-61c9-48d9-af2c-6470ecd1bcbf,2026-08-01T01:00:00Z,2026-08-01T03:00:00+0200,155.14,EUR/MWh,NL,NL,day_ahead_price,value,2026-08-01T23:22:07Z
2026-08-01T23:18:50Z,2026-08-02T01:18:50+0200,914f204b-61c9-48d9-af2c-6470ecd1bcbf,2026-08-01T01:15:00Z,2026-08-01T03:15:00+0200,152.08,EUR/MWh,NL,NL,day_ahead_price,value,2026-08-01T23:22:07Z
2026-08-01T23:18:50Z,2026-08-02T01:18:50+0200,914f204b-61c9-48d9-af2c-6470ecd1bcbf,2026-08-01T01:30:00Z,2026-08-01T03:30:00+0200,153.45,EUR/MWh,NL,NL,day_ahead_price,value,2026-08-01T23:22:07Z
2026-08-01T23:18:50Z,2026-08-02T01:18:50+0200,914f204b-61c9-48d9-af2c-6470ecd1bcbf,2026-08-01T01:45:00Z,2026-08-01T03:45:00+0200,151.16,EUR/MWh,NL,NL,day_ahead_price,value,2026-08-01T23:22:07Z
2026-08-01T23:18:50Z,2026-08-02T01:18:50+0200,914f204b-61c9-48d9-af2c-6470ecd1bcbf,2026-08-01T02:00:00Z,2026-08-01T04:00:00+0200,152.13,EUR/MWh,NL,NL,day_ahead_price,value,2026-08-01T23:22:07Z
2026-08-01T23:18:50Z,2026-08-02T01:18:50+0200,914f204b-61c9-48d9-af2c-6470ecd1bcbf,2026-08-01T02:15:00Z,2026-08-01T04:15:00+0200,154.39,EUR/MWh,NL,NL,day_ahead_price,value,2026-08-01T23:22:07Z
2026-08-01T23:18:50Z,2026-08-02T01:18:50+0200,914f204b-61c9-48d9-af2c-6470ecd1bcbf,2026-08-01T02:30:00Z,2026-08-01T04:30:00+0200,151.87,EUR/MWh,NL,NL,day_ahead_price,value,2026-08-01T23:22:07Z
2026-08-01T23:18:50Z,2026-08-02T01:18:50+0200,914f204b-61c9-48d9-af2c-6470ecd1bcbf,2026-08-01T02:45:00Z,2026-08-01T04:45:00+0200,150.52,EUR/MWh,NL,NL,day_ahead_price,value,2026-08-01T23:22:07Z
2026-08-01T23:18:50Z,2026-08-02T01:18:50+0200,914f204b-61c9-48d9-af2c-6470ecd1bcbf,2026-08-01T03:00:00Z,2026-08-01T05:00:00+0200,151.09,EUR/MWh,NL,NL,day_ahead_price,value,2026-08-01T23:22:07Z
2026-08-01T23:18:50Z,2026-08-02T01:18:50+0200,914f204b-61c9-48d9-af2c-6470ecd1bcbf,2026-08-01T03:15:00Z,2026-08-01T05:15:00+0200,154.32,EUR/MWh,NL,NL,day_ahead_price,value,2026-08-01T23:22:07Z
2026-08-01T23:18:50Z,2026-08-02T01:18:50+0200,914f204b-61c9-48d9-af2c-6470ecd1bcbf,2026-08-01T03:30:00Z,2026-08-01T05:30:00+0200,154.29,EUR/MWh,NL,NL,day_ahead_price,value,2026-08-01T23:22:07Z
2026-08-01T23:18:50Z,2026-08-02T01:18:50+0200,914f204b-61c9-48d9-af2c-6470ecd1bcbf,2026-08-01T03:45:00Z,2026-08-01T05:45:00+0200,156.45,EUR/MWh,NL,NL,day_ahead_price,value,2026-08-01T23:22:07Z
2026-08-01T23:18:50Z,2026-08-02T01:18:50+0200,914f204b-61c9-48d9-af2c-6470ecd1bcbf,2026-08-01T04:00:00Z,2026-08-01T06:00:00+0200,159.33,EUR/MWh,NL,NL,day_ahead_price,value,2026-08-01T23:22:07Z
2026-08-01T23:18:50Z,2026-08-02T01:18:50+0200,914f204b-61c9-48d9-af2c-6470ecd1bcbf,2026-08-01T04:15:00Z,2026-08-01T06:15:00+0200,154.25,EUR/MWh,NL,NL,day_ahead_price,value,2026-08-01T23:22:07Z
2026-08-01T23:18:50Z,2026-08-02T01:18:50+0200,914f204b-61c9-48d9-af2c-6470ecd1bcbf,2026-08-01T04:30:00Z,2026-08-01T06:30:00+0200,151.86,EUR/MWh,NL,NL,day_ahead_price,value,2026-08-01T23:22:07Z
2026-08-01T23:18:50Z,2026-08-02T01:18:50+0200,914f204b-61c9-48d9-af2c-6470ecd1bcbf,2026-08-01T04:45:00Z,2026-08-01T06:45:00+0200,149.8,EUR/MWh,NL,NL,day_ahead_price,value,2026-08-01T23:22:07Z
2026-08-01T23:18:50Z,2026-08-02T01:18:50+0200,914f204b-61c9-48d9-af2c-6470ecd1bcbf,2026-08-01T05:00:00Z,2026-08-01T07:00:00+0200,162.96,EUR/MWh,NL,NL,day_ahead_price,value,2026-08-01T23:22:07Z
2026-08-01T23:18:50Z,2026-08-02T01:18:50+0200,914f204b-61c9-48d9-af2c-6470ecd1bcbf,2026-08-01T05:15:00Z,2026-08-01T07:15:00+0200,147.0,EUR/MWh,NL,NL,day_ahead_price,value,2026-08-01T23:22:07Z
2026-08-01T23:18:50Z,2026-08-02T01:18:50+0200,914f204b-61c9-48d9-af2c-6470ecd1bcbf,2026-08-01T05:30:00Z,2026-08-01T07:30:00+0200,141.73,EUR/MWh,NL,NL,day_ahead_price,value,2026-08-01T23:22:07Z
2026-08-01T23:18:50Z,2026-08-02T01:18:50+0200,914f204b-61c9-48d9-af2c-6470ecd1bcbf,2026-08-01T05:45:00Z,2026-08-01T07:45:00+0200,134.0,EUR/MWh,NL,NL,day_ahead_price,value,2026-08-01T23:22:07Z
2026-08-01T23:18:50Z,2026-08-02T01:18:50+0200,914f204b-61c9-48d9-af2c-6470ecd1bcbf,2026-08-01T06:00:00Z,2026-08-01T08:00:00+0200,160.86,EUR/MWh,NL,NL,day_ahead_price,value,2026-08-01T23:22:07Z
2026-08-01T23:18:50Z,2026-08-02T01:18:50+0200,914f204b-61c9-48d9-af2c-6470ecd1bcbf,2026-08-01T06:15:00Z,2026-08-01T08:15:00+0200,143.7,EUR/MWh,NL,NL,day_ahead_price,value,2026-08-01T23:22:07Z
2026-08-01T23:18:50Z,2026-08-02T01:18:50+0200,914f204b-61c9-48d9-af2c-6470ecd1bcbf,2026-08-01T06:30:00Z,2026-08-01T08:30:00+0200,133.18,EUR/MWh,NL,NL,day_ahead_price,value,2026-08-01T23:22:07Z
2026-08-01T23:18:50Z,2026-08-02T01:18:50+0200,914f204b-61c9-48d9-af2c-6470ecd1bcbf,2026-08-01T06:45:00Z,2026-08-01T08:45:00+0200,123.02,EUR/MWh,NL,NL,day_ahead_price,value,2026-08-01T23:22:07Z
2026-08-01T23:18:50Z,2026-08-02T01:18:50+0200,914f204b-61c9-48d9-af2c-6470ecd1bcbf,2026-08-01T07:00:00Z,2026-08-01T09:00:00+0200,145.41,EUR/MWh,NL,NL,day_ahead_price,value,2026-08-01T23:22:07Z
2026-08-01T23:18:50Z,2026-08-02T01:18:50+0200,914f204b-61c9-48d9-af2c-6470ecd1bcbf,2026-08-01T07:15:00Z,2026-08-01T09:15:00+0200,121.02,EUR/MWh,NL,NL,day_ahead_price,value,2026-08-01T23:22:07Z
2026-08-01T23:18:50Z,2026-08-02T01:18:50+0200,914f204b-61c9-48d9-af2c-6470ecd1bcbf,2026-08-01T07:30:00Z,2026-08-01T09:30:00+0200,113.29,EUR/MWh,NL,NL,day_ahead_price,value,2026-08-01T23:22:07Z
2026-08-01T23:18:50Z,2026-08-02T01:18:50+0200,914f204b-61c9-48d9-af2c-6470ecd1bcbf,2026-08-01T07:45:00Z,2026-08-01T09:45:00+0200,100.27,EUR/MWh,NL,NL,day_ahead_price,value,2026-08-01T23:22:07Z
2026-08-01T23:18:50Z,2026-08-02T01:18:50+0200,914f204b-61c9-48d9-af2c-6470ecd1bcbf,2026-08-01T08:00:00Z,2026-08-01T10:00:00+0200,107.89,EUR/MWh,NL,NL,day_ahead_price,value,2026-08-01T23:22:07Z
2026-08-01T23:18:50Z,2026-08-02T01:18:50+0200,914f204b-61c9-48d9-af2c-6470ecd1bcbf,2026-08-01T08:15:00Z,2026-08-01T10:15:00+0200,93.22,EUR/MWh,NL,NL,day_ahead_price,value,2026-08-01T23:22:07Z
2026-08-01T23:18:50Z,2026-08-02T01:18:50+0200,914f204b-61c9-48d9-af2c-6470ecd1bcbf,2026-08-01T08:30:00Z,2026-08-01T10:30:00+0200,86.12,EUR/MWh,NL,NL,day_ahead_price,value,2026-08-01T23:22:07Z
2026-08-01T23:18:50Z,2026-08-02T01:18:50+0200,914f204b-61c9-48d9-af2c-6470ecd1bcbf,2026-08-01T08:45:00Z,2026-08-01T10:45:00+0200,68.44,EUR/MWh,NL,NL,day_ahead_price,value,2026-08-01T23:22:07Z
2026-08-01T23:18:50Z,2026-08-02T01:18:50+0200,914f204b-61c9-48d9-af2c-6470ecd1bcbf,2026-08-01T09:00:00Z,2026-08-01T11:00:00+0200,70.19,EUR/MWh,NL,NL,day_ahead_price,value,2026-08-01T23:22:07Z
2026-08-01T23:18:50Z,2026-08-02T01:18:50+0200,914f204b-61c9-48d9-af2c-6470ecd1bcbf,2026-08-01T09:15:00Z,2026-08-01T11:15:00+0200,57.33,EUR/MWh,NL,NL,day_ahead_price,value,2026-08-01T23:22:07Z
2026-08-01T23:18:50Z,2026-08-02T01:18:50+0200,914f204b-61c9-48d9-af2c-6470ecd1bcbf,2026-08-01T09:30:00Z,2026-08-01T11:30:00+0200,43.1,EUR/MWh,NL,NL,day_ahead_price,value,2026-08-01T23:22:07Z
2026-08-01T23:18:50Z,2026-08-02T01:18:50+0200,914f204b-61c9-48d9-af2c-6470ecd1bcbf,2026-08-01T09:45:00Z,2026-08-01T11:45:00+0200,22.38,EUR/MWh,NL,NL,day_ahead_price,value,2026-08-01T23:22:07Z
2026-08-01T23:18:50Z,2026-08-02T01:18:50+0200,914f204b-61c9-48d9-af2c-6470ecd1bcbf,2026-08-01T10:00:00Z,2026-08-01T12:00:00+0200,26.67,EUR/MWh,NL,NL,day_ahead_price,value,2026-08-01T23:22:07Z
2026-08-01T23:18:50Z,2026-08-02T01:18:50+0200,914f204b-61c9-48d9-af2c-6470ecd1bcbf,2026-08-01T10:15:00Z,2026-08-01T12:15:00+0200,16.62,EUR/MWh,NL,NL,day_ahead_price,value,2026-08-01T23:22:07Z
2026-08-01T23:18:50Z,2026-08-02T01:18:50+0200,914f204b-61c9-48d9-af2c-6470ecd1bcbf,2026-08-01T10:30:00Z,2026-08-01T12:30:00+0200,10.0,EUR/MWh,NL,NL,day_ahead_price,value,2026-08-01T23:22:07Z
2026-08-01T23:18:50Z,2026-08-02T01:18:50+0200,914f204b-61c9-48d9-af2c-6470ecd1bcbf,2026-08-01T10:45:00Z,2026-08-01T12:45:00+0200,3.49,EUR/MWh,NL,NL,day_ahead_price,value,2026-08-01T23:22:07Z
2026-08-01T23:18:50Z,2026-08-02T01:18:50+0200,914f204b-61c9-48d9-af2c-6470ecd1bcbf,2026-08-01T11:00:00Z,2026-08-01T13:00:00+0200,1.59,EUR/MWh,NL,NL,day_ahead_price,value,2026-08-01T23:22:07Z
2026-08-01T23:18:50Z,2026-08-02T01:18:50+0200,914f204b-61c9-48d9-af2c-6470ecd1bcbf,2026-08-01T11:15:00Z,2026-08-01T13:15:00+0200,0.08,EUR/MWh,NL,NL,day_ahead_price,value,2026-08-01T23:22:07Z
2026-08-01T23:18:50Z,2026-08-02T01:18:50+0200,914f204b-61c9-48d9-af2c-6470ecd1bcbf,2026-08-01T11:30:00Z,2026-08-01T13:30:00+0200,0.08,EUR/MWh,NL,NL,day_ahead_price,value,2026-08-01T23:22:07Z
2026-08-01T23:18:50Z,2026-08-02T01:18:50+0200,914f204b-61c9-48d9-af2c-6470ecd1bcbf,2026-08-01T11:45:00Z,2026-08-01T13:45:00+0200,0.08,EUR/MWh,NL,NL,day_ahead_price,value,2026-08-01T23:22:07Z
2026-08-01T23:18:50Z,2026-08-02T01:18:50+0200,914f204b-61c9-48d9-af2c-6470ecd1bcbf,2026-08-01T12:00:00Z,2026-08-01T14:00:00+0200,0.0,EUR/MWh,NL,NL,day_ahead_price,value,2026-08-01T23:22:07Z
2026-08-01T23:18:50Z,2026-08-02T01:18:50+0200,914f204b-61c9-48d9-af2c-6470ecd1bcbf,2026-08-01T12:15:00Z,2026-08-01T14:15:00+0200,0.0,EUR/MWh,NL,NL,day_ahead_price,value,2026-08-01T23:22:07Z
2026-08-01T23:18:50Z,2026-08-02T01:18:50+0200,914f204b-61c9-48d9-af2c-6470ecd1bcbf,2026-08-01T12:30:00Z,2026-08-01T14:30:00+0200,0.0,EUR/MWh,NL,NL,day_ahead_price,value,2026-08-01T23:22:07Z
2026-08-01T23:18:50Z,2026-08-02T01:18:50+0200,914f204b-61c9-48d9-af2c-6470ecd1bcbf,2026-08-01T12:45:00Z,2026-08-01T14:45:00+0200,0.0,EUR/MWh,NL,NL,day_ahead_price,value,2026-08-01T23:22:07Z
2026-08-01T23:18:50Z,2026-08-02T01:18:50+0200,914f204b-61c9-48d9-af2c-6470ecd1bcbf,2026-08-01T13:00:00Z,2026-08-01T15:00:00+0200,0.0,EUR/MWh,NL,NL,day_ahead_price,value,2026-08-01T23:22:07Z
2026-08-01T23:18:50Z,2026-08-02T01:18:50+0200,914f204b-61c9-48d9-af2c-6470ecd1bcbf,2026-08-01T13:15:00Z,2026-08-01T15:15:00+0200,0.27,EUR/MWh,NL,NL,day_ahead_price,value,2026-08-01T23:22:07Z
2026-08-01T23:18:50Z,2026-08-02T01:18:50+0200,914f204b-61c9-48d9-af2c-6470ecd1bcbf,2026-08-01T13:30:00Z,2026-08-01T15:30:00+0200,2.4,EUR/MWh,NL,NL,day_ahead_price,value,2026-08-01T23:22:07Z
2026-08-01T23:18:50Z,2026-08-02T01:18:50+0200,914f204b-61c9-48d9-af2c-6470ecd1bcbf,2026-08-01T13:45:00Z,2026-08-01T15:45:00+0200,7.74,EUR/MWh,NL,NL,day_ahead_price,value,2026-08-01T23:22:07Z
2026-08-01T23:18:50Z,2026-08-02T01:18:50+0200,914f204b-61c9-48d9-af2c-6470ecd1bcbf,2026-08-01T14:00:00Z,2026-08-01T16:00:00+0200,5.4,EUR/MWh,NL,NL,day_ahead_price,value,2026-08-01T23:22:07Z
2026-08-01T23:18:50Z,2026-08-02T01:18:50+0200,914f204b-61c9-48d9-af2c-6470ecd1bcbf,2026-08-01T14:15:00Z,2026-08-01T16:15:00+0200,20.0,EUR/MWh,NL,NL,day_ahead_price,value,2026-08-01T23:22:07Z
2026-08-01T23:18:50Z,2026-08-02T01:18:50+0200,914f204b-61c9-48d9-af2c-6470ecd1bcbf,2026-08-01T14:30:00Z,2026-08-01T16:30:00+0200,53.56,EUR/MWh,NL,NL,day_ahead_price,value,2026-08-01T23:22:07Z
2026-08-01T23:18:50Z,2026-08-02T01:18:50+0200,914f204b-61c9-48d9-af2c-6470ecd1bcbf,2026-08-01T14:45:00Z,2026-08-01T16:45:00+0200,73.27,EUR/MWh,NL,NL,day_ahead_price,value,2026-08-01T23:22:07Z
2026-08-01T23:18:50Z,2026-08-02T01:18:50+0200,914f204b-61c9-48d9-af2c-6470ecd1bcbf,2026-08-01T15:00:00Z,2026-08-01T17:00:00+0200,74.04,EUR/MWh,NL,NL,day_ahead_price,value,2026-08-01T23:22:07Z
2026-08-01T23:18:50Z,2026-08-02T01:18:50+0200,914f204b-61c9-48d9-af2c-6470ecd1bcbf,2026-08-01T15:15:00Z,2026-08-01T17:15:00+0200,86.38,EUR/MWh,NL,NL,day_ahead_price,value,2026-08-01T23:22:07Z
2026-08-01T23:18:50Z,2026-08-02T01:18:50+0200,914f204b-61c9-48d9-af2c-6470ecd1bcbf,2026-08-01T15:30:00Z,2026-08-01T17:30:00+0200,107.15,EUR/MWh,NL,NL,day_ahead_price,value,2026-08-01T23:22:07Z
2026-08-01T23:18:50Z,2026-08-02T01:18:50+0200,914f204b-61c9-48d9-af2c-6470ecd1bcbf,2026-08-01T15:45:00Z,2026-08-01T17:45:00+0200,115.65,EUR/MWh,NL,NL,day_ahead_price,value,2026-08-01T23:22:07Z
2026-08-01T23:18:50Z,2026-08-02T01:18:50+0200,914f204b-61c9-48d9-af2c-6470ecd1bcbf,2026-08-01T16:00:00Z,2026-08-01T18:00:00+0200,114.82,EUR/MWh,NL,NL,day_ahead_price,value,2026-08-01T23:22:07Z
2026-08-01T23:18:50Z,2026-08-02T01:18:50+0200,914f204b-61c9-48d9-af2c-6470ecd1bcbf,2026-08-01T16:15:00Z,2026-08-01T18:15:00+0200,128.21,EUR/MWh,NL,NL,day_ahead_price,value,2026-08-01T23:22:07Z
2026-08-01T23:18:50Z,2026-08-02T01:18:50+0200,914f204b-61c9-48d9-af2c-6470ecd1bcbf,2026-08-01T16:30:00Z,2026-08-01T18:30:00+0200,154.01,EUR/MWh,NL,NL,day_ahead_price,value,2026-08-01T23:22:07Z
2026-08-01T23:18:50Z,2026-08-02T01:18:50+0200,914f204b-61c9-48d9-af2c-6470ecd1bcbf,2026-08-01T16:45:00Z,2026-08-01T18:45:00+0200,163.01,EUR/MWh,NL,NL,day_ahead_price,value,2026-08-01T23:22:07Z
2026-08-01T23:18:50Z,2026-08-02T01:18:50+0200,914f204b-61c9-48d9-af2c-6470ecd1bcbf,2026-08-01T17:00:00Z,2026-08-01T19:00:00+0200,145.32,EUR/MWh,NL,NL,day_ahead_price,value,2026-08-01T23:22:07Z
2026-08-01T23:18:50Z,2026-08-02T01:18:50+0200,914f204b-61c9-48d9-af2c-6470ecd1bcbf,2026-08-01T17:15:00Z,2026-08-01T19:15:00+0200,158.11,EUR/MWh,NL,NL,day_ahead_price,value,2026-08-01T23:22:07Z
2026-08-01T23:18:50Z,2026-08-02T01:18:50+0200,914f204b-61c9-48d9-af2c-6470ecd1bcbf,2026-08-01T17:30:00Z,2026-08-01T19:30:00+0200,175.44,EUR/MWh,NL,NL,day_ahead_price,value,2026-08-01T23:22:07Z
2026-08-01T23:18:50Z,2026-08-02T01:18:50+0200,914f204b-61c9-48d9-af2c-6470ecd1bcbf,2026-08-01T17:45:00Z,2026-08-01T19:45:00+0200,186.72,EUR/MWh,NL,NL,day_ahead_price,value,2026-08-01T23:22:07Z
2026-08-01T23:18:50Z,2026-08-02T01:18:50+0200,914f204b-61c9-48d9-af2c-6470ecd1bcbf,2026-08-01T18:00:00Z,2026-08-01T20:00:00+0200,174.13,EUR/MWh,NL,NL,day_ahead_price,value,2026-08-01T23:22:07Z
2026-08-01T23:18:50Z,2026-08-02T01:18:50+0200,914f204b-61c9-48d9-af2c-6470ecd1bcbf,2026-08-01T18:15:00Z,2026-08-01T20:15:00+0200,180.32,EUR/MWh,NL,NL,day_ahead_price,value,2026-08-01T23:22:07Z
2026-08-01T23:18:50Z,2026-08-02T01:18:50+0200,914f204b-61c9-48d9-af2c-6470ecd1bcbf,2026-08-01T18:30:00Z,2026-08-01T20:30:00+0200,183.52,EUR/MWh,NL,NL,day_ahead_price,value,2026-08-01T23:22:07Z
2026-08-01T23:18:50Z,2026-08-02T01:18:50+0200,914f204b-61c9-48d9-af2c-6470ecd1bcbf,2026-08-01T18:45:00Z,2026-08-01T20:45:00+0200,186.29,EUR/MWh,NL,NL,day_ahead_price,value,2026-08-01T23:22:07Z
2026-08-01T23:18:50Z,2026-08-02T01:18:50+0200,914f204b-61c9-48d9-af2c-6470ecd1bcbf,2026-08-01T19:00:00Z,2026-08-01T21:00:00+0200,185.12,EUR/MWh,NL,NL,day_ahead_price,value,2026-08-01T23:22:07Z
2026-08-01T23:18:50Z,2026-08-02T01:18:50+0200,914f204b-61c9-48d9-af2c-6470ecd1bcbf,2026-08-01T19:15:00Z,2026-08-01T21:15:00+0200,181.85,EUR/MWh,NL,NL,day_ahead_price,value,2026-08-01T23:22:07Z
2026-08-01T23:18:50Z,2026-08-02T01:18:50+0200,914f204b-61c9-48d9-af2c-6470ecd1bcbf,2026-08-01T19:30:00Z,2026-08-01T21:30:00+0200,182.41,EUR/MWh,NL,NL,day_ahead_price,value,2026-08-01T23:22:07Z
2026-08-01T23:18:50Z,2026-08-02T01:18:50+0200,914f204b-61c9-48d9-af2c-6470ecd1bcbf,2026-08-01T19:45:00Z,2026-08-01T21:45:00+0200,173.85,EUR/MWh,NL,NL,day_ahead_price,value,2026-08-01T23:22:07Z
2026-08-01T23:18:50Z,2026-08-02T01:18:50+0200,914f204b-61c9-48d9-af2c-6470ecd1bcbf,2026-08-01T20:00:00Z,2026-08-01T22:00:00+0200,190.2,EUR/MWh,NL,NL,day_ahead_price,value,2026-08-01T23:22:07Z
2026-08-01T23:18:50Z,2026-08-02T01:18:50+0200,914f204b-61c9-48d9-af2c-6470ecd1bcbf,2026-08-01T20:15:00Z,2026-08-01T22:15:00+0200,179.69,EUR/MWh,NL,NL,day_ahead_price,value,2026-08-01T23:22:07Z
2026-08-01T23:18:50Z,2026-08-02T01:18:50+0200,914f204b-61c9-48d9-af2c-6470ecd1bcbf,2026-08-01T20:30:00Z,2026-08-01T22:30:00+0200,175.2,EUR/MWh,NL,NL,day_ahead_price,value,2026-08-01T23:22:07Z
2026-08-01T23:18:50Z,2026-08-02T01:18:50+0200,914f204b-61c9-48d9-af2c-6470ecd1bcbf,2026-08-01T20:45:00Z,2026-08-01T22:45:00+0200,169.1,EUR/MWh,NL,NL,day_ahead_price,value,2026-08-01T23:22:07Z
2026-08-01T23:18:50Z,2026-08-02T01:18:50+0200,914f204b-61c9-48d9-af2c-6470ecd1bcbf,2026-08-01T21:00:00Z,2026-08-01T23:00:00+0200,172.11,EUR/MWh,NL,NL,day_ahead_price,value,2026-08-01T23:22:07Z
2026-08-01T23:18:50Z,2026-08-02T01:18:50+0200,914f204b-61c9-48d9-af2c-6470ecd1bcbf,2026-08-01T21:15:00Z,2026-08-01T23:15:00+0200,171.94,EUR/MWh,NL,NL,day_ahead_price,value,2026-08-01T23:22:07Z
2026-08-01T23:18:50Z,2026-08-02T01:18:50+0200,914f204b-61c9-48d9-af2c-6470ecd1bcbf,2026-08-01T21:30:00Z,2026-08-01T23:30:00+0200,171.23,EUR/MWh,NL,NL,day_ahead_price,value,2026-08-01T23:22:07Z
2026-08-01T23:18:50Z,2026-08-02T01:18:50+0200,914f204b-61c9-48d9-af2c-6470ecd1bcbf,2026-08-01T21:45:00Z,2026-08-01T23:45:00+0200,164.72,EUR/MWh,NL,NL,day_ahead_price,value,2026-08-01T23:22:07Z
2026-08-01T23:18:50Z,2026-08-02T01:18:50+0200,914f204b-61c9-48d9-af2c-6470ecd1bcbf,2026-08-01T22:00:00Z,2026-08-02T00:00:00+0200,187.51,EUR/MWh,NL,NL,day_ahead_price,value,2026-08-01T23:22:07Z
2026-08-01T23:18:50Z,2026-08-02T01:18:50+0200,914f204b-61c9-48d9-af2c-6470ecd1bcbf,2026-08-01T22:15:00Z,2026-08-02T00:15:00+0200,170.56,EUR/MWh,NL,NL,day_ahead_price,value,2026-08-01T23:22:07Z
2026-08-01T23:18:50Z,2026-08-02T01:18:50+0200,914f204b-61c9-48d9-af2c-6470ecd1bcbf,2026-08-01T22:30:00Z,2026-08-02T00:30:00+0200,161.1,EUR/MWh,NL,NL,day_ahead_price,value,2026-08-01T23:22:07Z
2026-08-01T23:18:50Z,2026-08-02T01:18:50+0200,914f204b-61c9-48d9-af2c-6470ecd1bcbf,2026-08-01T22:45:00Z,2026-08-02T00:45:00+0200,154.44,EUR/MWh,NL,NL,day_ahead_price,value,2026-08-01T23:22:07Z
2026-08-01T23:18:50Z,2026-08-02T01:18:50+0200,914f204b-61c9-48d9-af2c-6470ecd1bcbf,2026-08-01T23:00:00Z,2026-08-02T01:00:00+0200,160.86,EUR/MWh,NL,NL,day_ahead_price,value,2026-08-01T23:22:07Z
2026-08-01T23:18:50Z,2026-08-02T01:18:50+0200,914f204b-61c9-48d9-af2c-6470ecd1bcbf,2026-08-01T23:15:00Z,2026-08-02T01:15:00+0200,156.81,EUR/MWh,NL,NL,day_ahead_price,value,2026-08-01T23:22:07Z
2026-08-01T23:18:50Z,2026-08-02T01:18:50+0200,914f204b-61c9-48d9-af2c-6470ecd1bcbf,2026-08-01T23:30:00Z,2026-08-02T01:30:00+0200,162.01,EUR/MWh,NL,NL,day_ahead_price,value,2026-08-01T23:22:07Z
