collection_time_utc,collection_time_local,run_id,timestamp_utc,timestamp_local,value,unit,country,entsoe_area,variable,source,updated_at_utc
2026-09-05T16:31:41Z,2026-09-05T18:31:41+0200,fa75d70c-947c-4264-bf00-b7d014ff1049,2026-08-29T17:00:00Z,2026-08-29T19:00:00+0200,47446.532579,MW,DE,DE_LU,forecast_load,Forecasted Load,2026-09-05T16:32:01Z
2026-09-05T16:31:41Z,2026-09-05T18:31:41+0200,fa75d70c-947c-4264-bf00-b7d014ff1049,2026-08-29T17:15:00Z,2026-08-29T19:15:00+0200,47702.975603,MW,DE,DE_LU,forecast_load,Forecasted Load,2026-09-05T16:32:01Z
2026-09-05T16:31:41Z,2026-09-05T18:31:41+0200,fa75d70c-947c-4264-bf00-b7d014ff1049,2026-08-29T17:30:00Z,2026-08-29T19:30:00+0200,47332.924181,MW,DE,DE_LU,forecast_load,Forecasted Load,2026-09-05T16:32:01Z
2026-09-05T16:31:41Z,2026-09-05T18:31:41+0200,fa75d70c-947c-4264-bf00-b7d014ff1049,2026-08-29T17:45:00Z,2026-08-29T19:45:00+0200,47287.260662,MW,DE,DE_LU,forecast_load,Forecasted Load,2026-09-05T16:32:01Z
2026-09-05T16:31:41Z,2026-09-05T18:31:41+0200,fa75d70c-947c-4264-bf00-b7d014ff1049,2026-08-29T18:00:00Z,2026-08-29T20:00:00+0200,47117.51316,MW,DE,DE_LU,forecast_load,Forecasted Load,2026-09-05T16:32:01Z
2026-09-05T16:31:41Z,2026-09-05T18:31:41+0200,fa75d70c-947c-4264-bf00-b7d014ff1049,2026-08-29T18:15:00Z,2026-08-29T20:15:00+0200,47244.078212,MW,DE,DE_LU,forecast_load,Forecasted Load,2026-09-05T16:32:01Z
2026-09-05T16:31:41Z,2026-09-05T18:31:41+0200,fa75d70c-947c-4264-bf00-b7d014ff1049,2026-08-29T18:30:00Z,2026-08-29T20:30:00+0200,46528.044445,MW,DE,DE_LU,forecast_load,Forecasted Load,2026-09-05T16:32:01Z
2026-09-05T16:31:41Z,2026-09-05T18:31:41+0200,fa75d70c-947c-4264-bf00-b7d014ff1049,2026-08-29T18:45:00Z,2026-08-29T20:45:00+0200,46414.494187,MW,DE,DE_LU,forecast_load,Forecasted Load,2026-09-05T16:32:01Z
2026-09-05T16:31:41Z,2026-09-05T18:31:41+0200,fa75d70c-947c-4264-bf00-b7d014ff1049,2026-08-29T19:00:00Z,2026-08-29T21:00:00+0200,45756.919802,MW,DE,DE_LU,forecast_load,Forecasted Load,2026-09-05T16:32:01Z
2026-09-05T16:31:41Z,2026-09-05T18:31:41+0200,fa75d70c-947c-4264-bf00-b7d014ff1049,2026-08-29T19:15:00Z,2026-08-29T21:15:00+0200,45061.8419,MW,DE,DE_LU,forecast_load,Forecasted Load,2026-09-05T16:32:01Z
2026-09-05T16:31:41Z,2026-09-05T18:31:41+0200,fa75d70c-947c-4264-bf00-b7d014ff1049,2026-08-29T19:30:00Z,2026-08-29T21:30:00+0200,44669.473945,MW,DE,DE_LU,forecast_load,Forecasted Load,2026-09-05T16:32:01Z
2026-09-05T16:31:41Z,2026-09-05T18:31:41+0200,fa75d70c-947c-4264-bf00-b7d014ff1049,2026-08-29T19:45:00Z,2026-08-29T21:45:00+0200,44201.128491,MW,DE,DE_LU,forecast_load,Forecasted Load,2026-09-05T16:32:01Z
2026-09-05T16:31:41Z,2026-09-05T18:31:41+0200,fa75d70c-947c-4264-bf00-b7d014ff1049,2026-08-29T20:00:00Z,2026-08-29T22:00:00+0200,43636.943104,MW,DE,DE_LU,forecast_load,Forecasted Load,2026-09-05T16:32:01Z
2026-09-05T16:31:41Z,2026-09-05T18:31:41+0200,fa75d70c-947c-4264-bf00-b7d014ff1049,2026-08-29T20:15:00Z,2026-08-29T22:15:00+0200,43115.482667,MW,DE,DE_LU,forecast_load,Forecasted Load,2026-09-05T16:32:01Z
2026-09-05T16:31:41Z,2026-09-05T18:31:41+0200,fa75d70c-947c-4264-bf00-b7d014ff1049,2026-08-29T20:30:00Z,2026-08-29T22:30:00+0200,42461.637205,MW,DE,DE_LU,forecast_load,Forecasted Load,2026-09-05T16:32:01Z
2026-09-05T16:31:41Z,2026-09-05T18:31:41+0200,fa75d70c-947c-4264-bf00-b7d014ff1049,2026-08-29T20:45:00Z,2026-08-29T22:45:00+0200,42147.575487,MW,DE,DE_LU,forecast_load,Forecasted Load,2026-09-05T16:32:01Z
2026-09-05T16:31:41Z,2026-09-05T18:31:41+0200,fa75d70c-947c-4264-bf00-b7d014ff1049,2026-08-29T21:00:00Z,2026-08-29T23:00:00+0200,41292.32342,MW,DE,DE_LU,forecast_load,Forecasted Load,2026-09-05T16:32:01Z
2026-09-05T16:31:41Z,2026-09-05T18:31:41+0200,fa75d70c-947c-4264-bf00-b7d014ff1049,2026-08-29T21:15:00Z,2026-08-29T23:15:00+0200,40813.780023,MW,DE,DE_LU,forecast_load,Forecasted Load,2026-09-05T16:32:01Z
2026-09-05T16:31:41Z,2026-09-05T18:31:41+0200,fa75d70c-947c-4264-bf00-b7d014ff1049,2026-08-29T21:30:00Z,2026-08-29T23:30:00+0200,40228.435753,MW,DE,DE_LU,forecast_load,Forecasted Load,2026-09-05T16:32:01Z
2026-09-05T16:31:41Z,2026-09-05T18:31:41+0200,fa75d70c-947c-4264-bf00-b7d014ff1049,2026-08-29T21:45:00Z,2026-08-29T23:45:00+0200,39803.873537,MW,DE,DE_LU,forecast_load,Forecasted Load,2026-09-05T16:32:01Z
2026-09-05T16:31:41Z,2026-09-05T18:31:41+0200,fa75d70c-947c-4264-bf00-b7d014ff1049,2026-08-29T22:00:00Z,2026-08-30T00:00:00+0200,40049.556822,MW,DE,DE_LU,forecast_load,Forecasted Load,2026-09-05T16:32:01Z
2026-09-05T16:31:41Z,2026-09-05T18:31:41+0200,fa75d70c-947c-4264-bf00-b7d014ff1049,2026-08-29T22:15:00Z,2026-08-30T00:15:00+0200,39363.703531,MW,DE,DE_LU,forecast_load,Forecasted Load,2026-09-05T16:32:01Z
2026-09-05T16:31:41Z,2026-09-05T18:31:41+0200,fa75d70c-947c-4264-bf00-b7d014ff1049,2026-08-29T22:30:00Z,2026-08-30T00:30:00+0200,38977.49573,MW,DE,DE_LU,forecast_load,Forecasted Load,2026-09-05T16:32:01Z
2026-09-05T16:31:41Z,2026-09-05T18:31:41+0200,fa75d70c-947c-4264-bf00-b7d014ff1049,2026-08-29T22:45:00Z,2026-08-30T00:45:00+0200,38544.052039,MW,DE,DE_LU,forecast_load,Forecasted Load,2026-09-05T16:32:01Z
2026-09-05T16:31:41Z,2026-09-05T18:31:41+0200,fa75d70c-947c-4264-bf00-b7d014ff1049,2026-08-29T23:00:00Z,2026-08-30T01:00:00+0200,38004.045809,MW,DE,DE_LU,forecast_load,Forecasted Load,2026-09-05T16:32:01Z
2026-09-05T16:31:41Z,2026-09-05T18:31:41+0200,fa75d70c-947c-4264-bf00-b7d014ff1049,2026-08-29T23:15:00Z,2026-08-30T01:15:00+0200,37604.242648,MW,DE,DE_LU,forecast_load,Forecasted Load,2026-09-05T16:32:01Z
2026-09-05T16:31:41Z,2026-09-05T18:31:41+0200,fa75d70c-947c-4264-bf00-b7d014ff1049,2026-08-29T23:30:00Z,2026-08-30T01:30:00+0200,37340.787312,MW,DE,DE_LU,forecast_load,Forecasted Load,2026-09-05T16:32:01Z
2026-09-05T16:31:41Z,2026-09-05T18:31:41+0200,fa75d70c-947c-4264-bf00-b7d014ff1049,2026-08-29T23:45:00Z,2026-08-30T01:45:00+0200,37048.746374,MW,DE,DE_LU,forecast_load,Forecasted Load,2026-09-05T16:32:01Z
2026-09-05T16:31:41Z,2026-09-05T18:31:41+0200,fa75d70c-947c-4264-bf00-b7d014ff1049,2026-08-30T00:00:00Z,2026-08-30T02:00:00+0200,36963.143958,MW,DE,DE_LU,forecast_load,Forecasted Load,2026-09-05T16:32:01Z
2026-09-05T16:31:41Z,2026-09-05T18:31:41+0200,fa75d70c-947c-4264-bf00-b7d014ff1049,2026-08-30T00:15:00Z,2026-08-30T02:15:00+0200,36659.008319,MW,DE,DE_LU,forecast_load,Forecasted Load,2026-09-05T16:32:01Z
2026-09-05T16:31:41Z,2026-09-05T18:31:41+0200,fa75d70c-947c-4264-bf00-b7d014ff1049,2026-08-30T00:30:00Z,2026-08-30T02:30:00+0200,36445.351495,MW,DE,DE_LU,forecast_load,Forecasted Load,2026-09-05T16:32:01Z
2026-09-05T16:31:41Z,2026-09-05T18:31:41+0200,fa75d70c-947c-4264-bf00-b7d014ff1049,2026-08-30T00:45:00Z,2026-08-30T02:45:00+0200,36296.824952,MW,DE,DE_LU,forecast_load,Forecasted Load,2026-09-05T16:32:01Z
2026-09-05T16:31:41Z,2026-09-05T18:31:41+0200,fa75d70c-947c-4264-bf00-b7d014ff1049,2026-08-30T01:00:00Z,2026-08-30T03:00:00+0200,36336.203918,MW,DE,DE_LU,forecast_load,Forecasted Load,2026-09-05T16:32:01Z
2026-09-05T16:31:41Z,2026-09-05T18:31:41+0200,fa75d70c-947c-4264-bf00-b7d014ff1049,2026-08-30T01:15:00Z,2026-08-30T03:15:00+0200,35996.960996,MW,DE,DE_LU,forecast_load,Forecasted Load,2026-09-05T16:32:01Z
2026-09-05T16:31:41Z,2026-09-05T18:31:41+0200,fa75d70c-947c-4264-bf00-b7d014ff1049,2026-08-30T01:30:00Z,2026-08-30T03:30:00+0200,36061.475732,MW,DE,DE_LU,forecast_load,Forecasted Load,2026-09-05T16:32:01Z
2026-09-05T16:31:41Z,2026-09-05T18:31:41+0200,fa75d70c-947c-4264-bf00-b7d014ff1049,2026-08-30T01:45:00Z,2026-08-30T03:45:00+0200,35844.055896,MW,DE,DE_LU,forecast_load,Forecasted Load,2026-09-05T16:32:01Z
2026-09-05T16:31:41Z,2026-09-05T18:31:41+0200,fa75d70c-947c-4264-bf00-b7d014ff1049,2026-08-30T02:00:00Z,2026-08-30T04:00:00+0200,35970.343181,MW,DE,DE_LU,forecast_load,Forecasted Load,2026-09-05T16:32:01Z
2026-09-05T16:31:41Z,2026-09-05T18:31:41+0200,fa75d70c-947c-4264-bf00-b7d014ff1049,2026-08-30T02:15:00Z,2026-08-30T04:15:00+0200,36134.531848,MW,DE,DE_LU,forecast_load,Forecasted Load,2026-09-05T16:32:01Z
2026-09-05T16:31:41Z,2026-09-05T18:31:41+0200,fa75d70c-947c-4264-bf00-b7d014ff1049,2026-08-30T02:30:00Z,2026-08-30T04:30:00+0200,36363.1834,MW,DE,DE_LU,forecast_load,Forecasted Load,2026-09-05T16:32:01Z
2026-09-05T16:31:41Z,2026-09-05T18:31:41+0200,fa75d70c-947c-4264-bf00-b7d014ff1049,2026-08-30T02:45:00Z,2026-08-30T04:45:00+0200,36425.132384,MW,DE,DE_LU,forecast_load,Forecasted Load,2026-09-05T16:32:01Z
2026-09-05T16:31:41Z,2026-09-05T18:31:41+0200,fa75d70c-947c-4264-bf00-b7d014ff1049,2026-08-30T03:00:00Z,2026-08-30T05:00:00+0200,36774.430902,MW,DE,DE_LU,forecast_load,Forecasted Load,2026-09-05T16:32:01Z
2026-09-05T16:31:41Z,2026-09-05T18:31:41+0200,fa75d70c-947c-4264-bf00-b7d014ff1049,2026-08-30T03:15:00Z,2026-08-30T05:15:00+0200,36995.286728,MW,DE,DE_LU,forecast_load,Forecasted Load,2026-09-05T16:32:01Z
2026-09-05T16:31:41Z,2026-09-05T18:31:41+0200,fa75d70c-947c-4264-bf00-b7d014ff1049,2026-08-30T03:30:00Z,2026-08-30T05:30:00+0200,36751.543655,MW,DE,DE_LU,forecast_load,Forecasted Load,2026-09-05T16:32:01Z
2026-09-05T16:31:41Z,2026-09-05T18:31:41+0200,fa75d70c-947c-4264-bf00-b7d014ff1049,2026-08-30T03:45:00Z,2026-08-30T05:45:00+0200,37127.569738,MW,DE,DE_LU,forecast_load,Forecasted Load,2026-09-05T16:32:01Z
2026-09-05T16:31:41Z,2026-09-05T18:31:41+0200,fa75d70c-947c-4264-bf00-b7d014ff1049,2026-08-30T04:00:00Z,2026-08-30T06:00:00+0200,37650.69514,MW,DE,DE_LU,forecast_load,Forecasted Load,2026-09-05T16:32:01Z
2026-09-05T16:31:41Z,2026-09-05T18:31:41+0200,fa75d70c-947c-4264-bf00-b7d014ff1049,2026-08-30T04:15:00Z,2026-08-30T06:15:00+0200,38198.871006,MW,DE,DE_LU,forecast_load,Forecasted Load,2026-09-05T16:32:01Z
2026-09-05T16:31:41Z,2026-09-05T18:31:41+0200,fa75d70c-947c-4264-bf00-b7d014ff1049,2026-08-30T04:30:00Z,2026-08-30T06:30:00+0200,38617.726069,MW,DE,DE_LU,forecast_load,Forecasted Load,2026-09-05T16:32:01Z
2026-09-05T16:31:41Z,2026-09-05T18:31:41+0200,fa75d70c-947c-4264-bf00-b7d014ff1049,2026-08-30T04:45:00Z,2026-08-30T06:45:00+0200,38882.23297,MW,DE,DE_LU,forecast_load,Forecasted Load,2026-09-05T16:32:01Z
2026-09-05T16:31:41Z,2026-09-05T18:31:41+0200,fa75d70c-947c-4264-bf00-b7d014ff1049,2026-08-30T05:00:00Z,2026-08-30T07:00:00+0200,39346.751362,MW,DE,DE_LU,forecast_load,Forecasted Load,2026-09-05T16:32:01Z
2026-09-05T16:31:41Z,2026-09-05T18:31:41+0200,fa75d70c-947c-4264-bf00-b7d014ff1049,2026-08-30T05:15:00Z,2026-08-30T07:15:00+0200,39834.355243,MW,DE,DE_LU,forecast_load,Forecasted Load,2026-09-05T16:32:01Z
2026-09-05T16:31:41Z,2026-09-05T18:31:41+0200,fa75d70c-947c-4264-bf00-b7d014ff1049,2026-08-30T05:30:00Z,2026-08-30T07:30:00+0200,40739.616349,MW,DE,DE_LU,forecast_load,Forecasted Load,2026-09-05T16:32:01Z
2026-09-05T16:31:41Z,2026-09-05T18:31:41+0200,fa75d70c-947c-4264-bf00-b7d014ff1049,2026-08-30T05:45:00Z,2026-08-30T07:45:00+0200,41797.784357,MW,DE,DE_LU,forecast_load,Forecasted Load,2026-09-05T16:32:01Z
2026-09-05T16:31:41Z,2026-09-05T18:31:41+0200,fa75d70c-947c-4264-bf00-b7d014ff1049,2026-08-30T06:00:00Z,2026-08-30T08:00:00+0200,41841.827939,MW,DE,DE_LU,forecast_load,Forecasted Load,2026-09-05T16:32:01Z
2026-09-05T16:31:41Z,2026-09-05T18:31:41+0200,fa75d70c-947c-4264-bf00-b7d014ff1049,2026-08-30T06:15:00Z,2026-08-30T08:15:00+0200,42547.654633,MW,DE,DE_LU,forecast_load,Forecasted Load,2026-09-05T16:32:01Z
2026-09-05T16:31:41Z,2026-09-05T18:31:41+0200,fa75d70c-947c-4264-bf00-b7d014ff1049,2026-08-30T06:30:00Z,2026-08-30T08:30:00+0200,43071.0459,MW,DE,DE_LU,forecast_load,Forecasted Load,2026-09-05T16:32:01Z
2026-09-05T16:31:41Z,2026-09-05T18:31:41+0200,fa75d70c-947c-4264-bf00-b7d014ff1049,2026-08-30T06:45:00Z,2026-08-30T08:45:00+0200,43437.707679,MW,DE,DE_LU,forecast_load,Forecasted Load,2026-09-05T16:32:01Z
2026-09-05T16:31:41Z,2026-09-05T18:31:41+0200,fa75d70c-947c-4264-bf00-b7d014ff1049,2026-08-30T07:00:00Z,2026-08-30T09:00:00+0200,43828.769897,MW,DE,DE_LU,forecast_load,Forecasted Load,2026-09-05T16:32:01Z
2026-09-05T16:31:41Z,2026-09-05T18:31:41+0200,fa75d70c-947c-4264-bf00-b7d014ff1049,2026-08-30T07:15:00Z,2026-08-30T09:15:00+0200,44283.745491,MW,DE,DE_LU,forecast_load,Forecasted Load,2026-09-05T16:32:01Z
2026-09-05T16:31:41Z,2026-09-05T18:31:41+0200,fa75d70c-947c-4264-bf00-b7d014ff1049,2026-08-30T07:30:00Z,2026-08-30T09:30:00+0200,44872.313464,MW,DE,DE_LU,forecast_load,Forecasted Load,2026-09-05T16:32:01Z
2026-09-05T16:31:41Z,2026-09-05T18:31:41+0200,fa75d70c-947c-4264-bf00-b7d014ff1049,2026-08-30T07:45:00Z,2026-08-30T09:45:00+0200,45328.924079,MW,DE,DE_LU,forecast_load,Forecasted Load,2026-09-05T16:32:01Z
2026-09-05T16:31:41Z,2026-09-05T18:31:41+0200,fa75d70c-947c-4264-bf00-b7d014ff1049,2026-08-30T08:00:00Z,2026-08-30T10:00:00+0200,45347.576972,MW,DE,DE_LU,forecast_load,Forecasted Load,2026-09-05T16:32:01Z
2026-09-05T16:31:41Z,2026-09-05T18:31:41+0200,fa75d70c-947c-4264-bf00-b7d014ff1049,2026-08-30T08:15:00Z,2026-08-30T10:15:00+0200,46265.981127,MW,DE,DE_LU,forecast_load,Forecasted Load,2026-09-05T16:32:01Z
2026-09-05T16:31:41Z,2026-09-05T18:31:41+0200,fa75d70c-947c-4264-bf00-b7d014ff1049,2026-08-30T08:30:00Z,2026-08-30T10:30:00+0200,46222.368565,MW,DE,DE_LU,forecast_load,Forecasted Load,2026-09-05T16:32:01Z
2026-09-05T16:31:41Z,2026-09-05T18:31:41+0200,fa75d70c-947c-4264-bf00-b7d014ff1049,2026-08-30T08:45:00Z,2026-08-30T10:45:00+0200,46291.732455,MW,DE,DE_LU,forecast_load,Forecasted Load,2026-09-05T16:32:01Z
2026-09-05T16:31:41Z,2026-09-05T18:31:41+0200,fa75d70c-947c-4264-bf00-b7d014ff1049,2026-08-30T09:00:00Z,2026-08-30T11:00:00+0200,46717.383802,MW,DE,DE_LU,forecast_load,Forecasted Load,2026-09-05T16:32:01Z
2026-09-05T16:31:41Z,2026-09-05T18:31:41+0200,fa75d70c-947c-4264-bf00-b7d014ff1049,2026-08-30T09:15:00Z,2026-08-30T11:15:00+0200,46971.010812,MW,DE,DE_LU,forecast_load,Forecasted Load,2026-09-05T16:32:01Z
2026-09-05T16:31:41Z,2026-09-05T18:31:41+0200,fa75d70c-947c-4264-bf00-b7d014ff1049,2026-08-30T09:30:00Z,2026-08-30T11:30:00+0200,46174.088474,MW,DE,DE_LU,forecast_load,Forecasted Load,2026-09-05T16:32:01Z
2026-09-05T16:31:41Z,2026-09-05T18:31:41+0200,fa75d70c-947c-4264-bf00-b7d014ff1049,2026-08-30T09:45:00Z,2026-08-30T11:45:00+0200,46557.65265,MW,DE,DE_LU,forecast_load,Forecasted Load,2026-09-05T16:32:01Z
2026-09-05T16:31:41Z,2026-09-05T18:31:41+0200,fa75d70c-947c-4264-bf00-b7d014ff1049,2026-08-30T10:00:00Z,2026-08-30T12:00:00+0200,45862.277332,MW,DE,DE_LU,forecast_load,Forecasted Load,2026-09-05T16:32:01Z
2026-09-05T16:31:41Z,2026-09-05T18:31:41+0200,fa75d70c-947c-4264-bf00-b7d014ff1049,2026-08-30T10:15:00Z,2026-08-30T12:15:00+0200,46257.407647,MW,DE,DE_LU,forecast_load,Forecasted Load,2026-09-05T16:32:01Z
2026-09-05T16:31:41Z,2026-09-05T18:31:41+0200,fa75d70c-947c-4264-bf00-b7d014ff1049,2026-08-30T10:30:00Z,2026-08-30T12:30:00+0200,45917.32897,MW,DE,DE_LU,forecast_load,Forecasted Load,2026-09-05T16:32:01Z
2026-09-05T16:31:41Z,2026-09-05T18:31:41+0200,fa75d70c-947c-4264-bf00-b7d014ff1049,2026-08-30T10:45:00Z,2026-08-30T12:45:00+0200,45400.661525,MW,DE,DE_LU,forecast_load,Forecasted Load,2026-09-05T16:32:01Z
2026-09-05T16:31:41Z,2026-09-05T18:31:41+0200,fa75d70c-947c-4264-bf00-b7d014ff1049,2026-08-30T11:00:00Z,2026-08-30T13:00:00+0200,45684.443005,MW,DE,DE_LU,forecast_load,Forecasted Load,2026-09-05T16:32:01Z
2026-09-05T16:31:41Z,2026-09-05T18:31:41+0200,fa75d70c-947c-4264-bf00-b7d014ff1049,2026-08-30T11:15:00Z,2026-08-30T13:15:00+0200,45642.128796,MW,DE,DE_LU,forecast_load,Forecasted Load,2026-09-05T16:32:01Z
2026-09-05T16:31:41Z,2026-09-05T18:31:41+0200,fa75d70c-947c-4264-bf00-b7d014ff1049,2026-08-30T11:30:00Z,2026-08-30T13:30:00+0200,44915.747029,MW,DE,DE_LU,forecast_load,Forecasted Load,2026-09-05T16:32:01Z
2026-09-05T16:31:41Z,2026-09-05T18:31:41+0200,fa75d70c-947c-4264-bf00-b7d014ff1049,2026-08-30T11:45:00Z,2026-08-30T13:45:00+0200,44923.666889,MW,DE,DE_LU,forecast_load,Forecasted Load,2026-09-05T16:32:01Z
2026-09-05T16:31:41Z,2026-09-05T18:31:41+0200,fa75d70c-947c-4264-bf00-b7d014ff1049,2026-08-30T12:00:00Z,2026-08-30T14:00:00+0200,44658.444502,MW,DE,DE_LU,forecast_load,Forecasted Load,2026-09-05T16:32:01Z
2026-09-05T16:31:41Z,2026-09-05T18:31:41+0200,fa75d70c-947c-4264-bf00-b7d014ff1049,2026-08-30T12:15:00Z,2026-08-30T14:15:00+0200,44493.318888,MW,DE,DE_LU,forecast_load,Forecasted Load,2026-09-05T16:32:01Z
2026-09-05T16:31:41Z,2026-09-05T18:31:41+0200,fa75d70c-947c-4264-bf00-b7d014ff1049,2026-08-30T12:30:00Z,2026-08-30T14:30:00+0200,44392.628484,MW,DE,DE_LU,forecast_load,Forecasted Load,2026-09-05T16:32:01Z
2026-09-05T16:31:41Z,2026-09-05T18:31:41+0200,fa75d70c-947c-4264-bf00-b7d014ff1049,2026-08-30T12:45:00Z,2026-08-30T14:45:00+0200,44173.619928,MW,DE,DE_LU,forecast_load,Forecasted Load,2026-09-05T16:32:01Z
2026-09-05T16:31:41Z,2026-09-05T18:31:41+0200,fa75d70c-947c-4264-bf00-b7d014ff1049,2026-08-30T13:00:00Z,2026-08-30T15:00:00+0200,44016.654735,MW,DE,DE_LU,forecast_load,Forecasted Load,2026-09-05T16:32:01Z
2026-09-05T16:31:41Z,2026-09-05T18:31:41+0200,fa75d70c-947c-4264-bf00-b7d014ff1049,2026-08-30T13:15:00Z,2026-08-30T15:15:00+0200,43881.346611,MW,DE,DE_LU,forecast_load,Forecasted Load,2026-09-05T16:32:01Z
2026-09-05T16:31:41Z,2026-09-05T18:31:41+0200,fa75d70c-947c-4264-bf00-b7d014ff1049,2026-08-30T13:30:00Z,2026-08-30T15:30:00+0200,43465.537406,MW,DE,DE_LU,forecast_load,Forecasted Load,2026-09-05T16:32:01Z
2026-09-05T16:31:41Z,2026-09-05T18:31:41+0200,fa75d70c-947c-4264-bf00-b7d014ff1049,2026-08-30T13:45:00Z,2026-08-30T15:45:00+0200,43058.95218,MW,DE,DE_LU,forecast_load,Forecasted Load,2026-09-05T16:32:01Z
2026-09-05T16:31:41Z,2026-09-05T18:31:41+0200,fa75d70c-947c-4264-bf00-b7d014ff1049,2026-08-30T14:00:00Z,2026-08-30T16:00:00+0200,43440.475927,MW,DE,DE_LU,forecast_load,Forecasted Load,2026-09-05T16:32:01Z
2026-09-05T16:31:41Z,2026-09-05T18:31:41+0200,fa75d70c-947c-4264-bf00-b7d014ff1049,2026-08-30T14:15:00Z,2026-08-30T16:15:00+0200,43058.843022,MW,DE,DE_LU,forecast_load,Forecasted Load,2026-09-05T16:32:01Z
2026-09-05T16:31:41Z,2026-09-05T18:31:41+0200,fa75d70c-947c-4264-bf00-b7d014ff1049,2026-08-30T14:30:00Z,2026-08-30T16:30:00+0200,43460.708301,MW,DE,DE_LU,forecast_load,Forecasted Load,2026-09-05T16:32:01Z
2026-09-05T16:31:41Z,2026-09-05T18:31:41+0200,fa75d70c-947c-4264-bf00-b7d014ff1049,2026-08-30T14:45:00Z,2026-08-30T16:45:00+0200,43811.173927,MW,DE,DE_LU,forecast_load,Forecasted Load,2026-09-05T16:32:01Z
2026-09-05T16:31:41Z,2026-09-05T18:31:41+0200,fa75d70c-947c-4264-bf00-b7d014ff1049,2026-08-30T15:00:00Z,2026-08-30T17:00:00+0200,44705.794338,MW,DE,DE_LU,forecast_load,Forecasted Load,2026-09-05T16:32:01Z
2026-09-05T16:31:41Z,2026-09-05T18:31:41+0200,fa75d70c-947c-4264-bf00-b7d014ff1049,2026-08-30T15:15:00Z,2026-08-30T17:15:00+0200,44606.381705,MW,DE,DE_LU,forecast_load,Forecasted Load,2026-09-05T16:32:01Z
2026-09-05T16:31:41Z,2026-09-05T18:31:41+0200,fa75d70c-947c-4264-bf00-b7d014ff1049,2026-08-30T15:30:00Z,2026-08-30T17:30:00+0200,45074.444729,MW,DE,DE_LU,forecast_load,Forecasted Load,2026-09-05T16:32:01Z
2026-09-05T16:31:41Z,2026-09-05T18:31:41+0200,fa75d70c-947c-4264-bf00-b7d014ff1049,2026-08-30T15:45:00Z,2026-08-30T17:45:00+0200,45466.751112,MW,DE,DE_LU,forecast_load,Forecasted Load,2026-09-05T16:32:01Z
2026-09-05T16:31:41Z,2026-09-05T18:31:41+0200,fa75d70c-947c-4264-bf00-b7d014ff1049,2026-08-30T16:00:00Z,2026-08-30T18:00:00+0200,46005.576833,MW,DE,DE_LU,forecast_load,Forecasted Load,2026-09-05T16:32:01Z
2026-09-05T16:31:41Z,2026-09-05T18:31:41+0200,fa75d70c-947c-4264-bf00-b7d014ff1049,2026-08-30T16:15:00Z,2026-08-30T18:15:00+0200,46526.994529,MW,DE,DE_LU,forecast_load,Forecasted Load,2026-09-05T16:32:01Z
2026-09-05T16:31:41Z,2026-09-05T18:31:41+0200,fa75d70c-947c-4264-bf00-b7d014ff1049,2026-08-30T16:30:00Z,2026-08-30T18:30:00+0200,46938.278181,MW,DE,DE_LU,forecast_load,Forecasted Load,2026-09-05T16:32:01Z
2026-09-05T16:31:41Z,2026-09-05T18:31:41+0200,fa75d70c-947c-4264-bf00-b7d014ff1049,2026-08-30T16:45:00Z,2026-08-30T18:45:00+0200,47304.117322,MW,DE,DE_LU,forecast_load,Forecasted Load,2026-09-05T16:32:01Z
2026-09-05T16:31:41Z,2026-09-05T18:31:41+0200,fa75d70c-947c-4264-bf00-b7d014ff1049,2026-08-30T17:00:00Z,2026-08-30T19:00:00+0200,47160.198415,MW,DE,DE_LU,forecast_load,Forecasted Load,2026-09-05T16:32:01Z
2026-09-05T16:31:41Z,2026-09-05T18:31:41+0200,fa75d70c-947c-4264-bf00-b7d014ff1049,2026-08-30T17:15:00Z,2026-08-30T19:15:00+0200,47171.542664,MW,DE,DE_LU,forecast_load,Forecasted Load,2026-09-05T16:32:01Z
2026-09-05T16:31:41Z,2026-09-05T18:31:41+0200,fa75d70c-947c-4264-bf00-b7d014ff1049,2026-08-30T17:30:00Z,2026-08-30T19:30:00+0200,47367.232054,MW,DE,DE_LU,forecast_load,Forecasted Load,2026-09-05T16:32:01Z
2026-09-05T16:31:41Z,2026-09-05T18:31:41+0200,fa75d70c-947c-4264-bf00-b7d014ff1049,2026-08-30T17:45:00Z,2026-08-30T19:45:00+0200,47104.573897,MW,DE,DE_LU,forecast_load,Forecasted Load,2026-09-05T16:32:01Z
2026-09-05T16:31:41Z,2026-09-05T18:31:41+0200,fa75d70c-947c-4264-bf00-b7d014ff1049,2026-08-30T18:00:00Z,2026-08-30T20:00:00+0200,46877.873285,MW,DE,DE_LU,forecast_load,Forecasted Load,2026-09-05T16:32:01Z
2026-09-05T16:31:41Z,2026-09-05T18:31:41+0200,fa75d70c-947c-4264-bf00-b7d014ff1049,2026-08-30T18:15:00Z,2026-08-30T20:15:00+0200,46842.012183,MW,DE,DE_LU,forecast_load,Forecasted Load,2026-09-05T16:32:01Z
2026-09-05T16:31:41Z,2026-09-05T18:31:41+0200,fa75d70c-947c-4264-bf00-b7d014ff1049,2026-08-30T18:30:00Z,2026-08-30T20:30:00+0200,46814.846985,MW,DE,DE_LU,forecast_load,Forecasted Load,2026-09-05T16:32:01Z
2026-09-05T16:31:41Z,2026-09-05T18:31:41+0200,fa75d70c-947c-4264-bf00-b7d014ff1049,2026-08-30T18:45:00Z,2026-08-30T20:45:00+0200,46716.120994,MW,DE,DE_LU,forecast_load,Forecasted Load,2026-09-05T16:32:01Z
2026-09-05T16:31:41Z,2026-09-05T18:31:41+0200,fa75d70c-947c-4264-bf00-b7d014ff1049,2026-08-30T19:00:00Z,2026-08-30T21:00:00+0200,46317.193021,MW,DE,DE_LU,forecast_load,Forecasted Load,2026-09-05T16:32:01Z
2026-09-05T16:31:41Z,2026-09-05T18:31:41+0200,fa75d70c-947c-4264-bf00-b7d014ff1049,2026-08-30T19:15:00Z,2026-08-30T21:15:00+0200,46018.412781,MW,DE,DE_LU,forecast_load,Forecasted Load,2026-09-05T16:32:01Z
2026-09-05T16:31:41Z,2026-09-05T18:31:41+0200,fa75d70c-947c-4264-bf00-b7d014ff1049,2026-08-30T19:30:00Z,2026-08-30T21:30:00+0200,45722.919184,MW,DE,DE_LU,forecast_load,Forecasted Load,2026-09-05T16:32:01Z
2026-09-05T16:31:41Z,2026-09-05T18:31:41+0200,fa75d70c-947c-4264-bf00-b7d014ff1049,2026-08-30T19:45:00Z,2026-08-30T21:45:00+0200,45363.989494,MW,DE,DE_LU,forecast_load,Forecasted Load,2026-09-05T16:32:01Z
2026-09-05T16:31:41Z,2026-09-05T18:31:41+0200,fa75d70c-947c-4264-bf00-b7d014ff1049,2026-08-30T20:00:00Z,2026-08-30T22:00:00+0200,44912.760766,MW,DE,DE_LU,forecast_load,Forecasted Load,2026-09-05T16:32:01Z
2026-09-05T16:31:41Z,2026-09-05T18:31:41+0200,fa75d70c-947c-4264-bf00-b7d014ff1049,2026-08-30T20:15:00Z,2026-08-30T22:15:00+0200,44416.807733,MW,DE,DE_LU,forecast_load,Forecasted Load,2026-09-05T16:32:01Z
2026-09-05T16:31:41Z,2026-09-05T18:31:41+0200,fa75d70c-947c-4264-bf00-b7d014ff1049,2026-08-30T20:30:00Z,2026-08-30T22:30:00+0200,43725.607993,MW,DE,DE_LU,forecast_load,Forecasted Load,2026-09-05T16:32:01Z
2026-09-05T16:31:41Z,2026-09-05T18:31:41+0200,fa75d70c-947c-4264-bf00-b7d014ff1049,2026-08-30T20:45:00Z,2026-08-30T22:45:00+0200,43175.773364,MW,DE,DE_LU,forecast_load,Forecasted Load,2026-09-05T16:32:01Z
2026-09-05T16:31:41Z,2026-09-05T18:31:41+0200,fa75d70c-947c-4264-bf00-b7d014ff1049,2026-08-30T21:00:00Z,2026-08-30T23:00:00+0200,42466.908836,MW,DE,DE_LU,forecast_load,Forecasted Load,2026-09-05T16:32:01Z
2026-09-05T16:31:41Z,2026-09-05T18:31:41+0200,fa75d70c-947c-4264-bf00-b7d014ff1049,2026-08-30T21:15:00Z,2026-08-30T23:15:00+0200,42029.195898,MW,DE,DE_LU,forecast_load,Forecasted Load,2026-09-05T16:32:01Z
2026-09-05T16:31:41Z,2026-09-05T18:31:41+0200,fa75d70c-947c-4264-bf00-b7d014ff1049,2026-08-30T21:30:00Z,2026-08-30T23:30:00+0200,41517.143051,MW,DE,DE_LU,forecast_load,Forecasted Load,2026-09-05T16:32:01Z
2026-09-05T16:31:41Z,2026-09-05T18:31:41+0200,fa75d70c-947c-4264-bf00-b7d014ff1049,2026-08-30T21:45:00Z,2026-08-30T23:45:00+0200,40971.417417,MW,DE,DE_LU,forecast_load,Forecasted Load,2026-09-05T16:32:01Z
2026-09-05T16:31:41Z,2026-09-05T18:31:41+0200,fa75d70c-947c-4264-bf00-b7d014ff1049,2026-08-30T22:00:00Z,2026-08-31T00:00:00+0200,40090.740634,MW,DE,DE_LU,forecast_load,Forecasted Load,2026-09-05T16:32:01Z
2026-09-05T16:31:41Z,2026-09-05T18:31:41+0200,fa75d70c-947c-4264-bf00-b7d014ff1049,2026-08-30T22:15:00Z,2026-08-31T00:15:00+0200,39699.744987,MW,DE,DE_LU,forecast_load,Forecasted Load,2026-09-05T16:32:01Z
2026-09-05T16:31:41Z,2026-09-05T18:31:41+0200,fa75d70c-947c-4264-bf00-b7d014ff1049,2026-08-30T22:30:00Z,2026-08-31T00:30:00+0200,39414.054402,MW,DE,DE_LU,forecast_load,Forecasted Load,2026-09-05T16:32:01Z
2026-09-05T16:31:41Z,2026-09-05T18:31:41+0200,fa75d70c-947c-4264-bf00-b7d014ff1049,2026-08-30T22:45:00Z,2026-08-31T00:45:00+0200,39327.134425,MW,DE,DE_LU,forecast_load,Forecasted Load,2026-09-05T16:32:01Z
2026-09-05T16:31:41Z,2026-09-05T18:31:41+0200,fa75d70c-947c-4264-bf00-b7d014ff1049,2026-08-30T23:00:00Z,2026-08-31T01:00:00+0200,38777.24906,MW,DE,DE_LU,forecast_load,Forecasted Load,2026-09-05T16:32:01Z
2026-09-05T16:31:41Z,2026-09-05T18:31:41+0200,fa75d70c-947c-4264-bf00-b7d014ff1049,2026-08-30T23:15:00Z,2026-08-31T01:15:00+0200,38509.253396,MW,DE,DE_LU,forecast_load,Forecasted Load,2026-09-05T16:32:01Z
2026-09-05T16:31:41Z,2026-09-05T18:31:41+0200,fa75d70c-947c-4264-bf00-b7d014ff1049,2026-08-30T23:30:00Z,2026-08-31T01:30:00+0200,38316.847185,MW,DE,DE_LU,forecast_load,Forecasted Load,2026-09-05T16:32:01Z
2026-09-05T16:31:41Z,2026-09-05T18:31:41+0200,fa75d70c-947c-4264-bf00-b7d014ff1049,2026-08-30T23:45:00Z,2026-08-31T01:45:00+0200,38146.616414,MW,DE,DE_LU,forecast_load,Forecasted Load,2026-09-05T16:32:01Z
2026-09-05T16:31:41Z,2026-09-05T18:31:41+0200,fa75d70c-947c-4264-bf00-b7d014ff1049,2026-08-31T00:00:00Z,2026-08-31T02:00:00+0200,38043.829305,MW,DE,DE_LU,forecast_load,Forecasted Load,2026-09-05T16:32:01Z
2026-09-05T16:31:41Z,2026-09-05T18:31:41+0200,fa75d70c-947c-4264-bf00-b7d014ff1049,2026-08-31T00:15:00Z,2026-08-31T02:15:00+0200,37891.669638,MW,DE,DE_LU,forecast_load,Forecasted Load,2026-09-05T16:32:01Z
2026-09-05T16:31:41Z,2026-09-05T18:31:41+0200,fa75d70c-947c-4264-bf00-b7d014ff1049,2026-08-31T00:30:00Z,2026-08-31T02:30:00+0200,37823.933164,MW,DE,DE_LU,forecast_load,Forecasted Load,2026-09-05T16:32:01Z
2026-09-05T16:31:41Z,2026-09-05T18:31:41+0200,fa75d70c-947c-4264-bf00-b7d014ff1049,2026-08-31T00:45:00Z,2026-08-31T02:45:00+0200,37847.69945,MW,DE,DE_LU,forecast_load,Forecasted Load,2026-09-05T16:32:01Z
2026-09-05T16:31:41Z,2026-09-05T18:31:41+0200,fa75d70c-947c-4264-bf00-b7d014ff1049,2026-08-31T01:00:00Z,2026-08-31T03:00:00+0200,37959.417705,MW,DE,DE_LU,forecast_load,Forecasted Load,2026-09-05T16:32:01Z
2026-09-05T16:31:41Z,2026-09-05T18:31:41+0200,fa75d70c-947c-4264-bf00-b7d014ff1049,2026-08-31T01:15:00Z,2026-08-31T03:15:00+0200,37955.000733,MW,DE,DE_LU,forecast_load,Forecasted Load,2026-09-05T16:32:01Z
2026-09-05T16:31:41Z,2026-09-05T18:31:41+0200,fa75d70c-947c-4264-bf00-b7d014ff1049,2026-08-31T01:30:00Z,2026-08-31T03:30:00+0200,38095.654547,MW,DE,DE_LU,forecast_load,Forecasted Load,2026-09-05T16:32:01Z
2026-09-05T16:31:41Z,2026-09-05T18:31:41+0200,fa75d70c-947c-4264-bf00-b7d014ff1049,2026-08-31T01:45:00Z,2026-08-31T03:45:00+0200,38259.1389,MW,DE,DE_LU,forecast_load,Forecasted Load,2026-09-05T16:32:01Z
2026-09-05T16:31:41Z,2026-09-05T18:31:41+0200,fa75d70c-947c-4264-bf00-b7d014ff1049,2026-08-31T02:00:00Z,2026-08-31T04:00:00+0200,38513.762888,MW,DE,DE_LU,forecast_load,Forecasted Load,2026-09-05T16:32:01Z
2026-09-05T16:31:41Z,2026-09-05T18:31:41+0200,fa75d70c-947c-4264-bf00-b7d014ff1049,2026-08-31T02:15:00Z,2026-08-31T04:15:00+0200,38880.886068,MW,DE,DE_LU,forecast_load,Forecasted Load,2026-09-05T16:32:01Z
2026-09-05T16:31:41Z,2026-09-05T18:31:41+0200,fa75d70c-947c-4264-bf00-b7d014ff1049,2026-08-31T02:30:00Z,2026-08-31T04:30:00+0200,39325.746708,MW,DE,DE_LU,forecast_load,Forecasted Load,2026-09-05T16:32:01Z
2026-09-05T16:31:41Z,2026-09-05T18:31:41+0200,fa75d70c-947c-4264-bf00-b7d014ff1049,2026-08-31T02:45:00Z,2026-08-31T04:45:00+0200,39916.173524,MW,DE,DE_LU,forecast_load,Forecasted Load,2026-09-05T16:32:01Z
2026-09-05T16:31:41Z,2026-09-05T18:31:41+0200,fa75d70c-947c-4264-bf00-b7d014ff1049,2026-08-31T03:00:00Z,2026-08-31T05:00:00+0200,41202.146783,MW,DE,DE_LU,forecast_load,Forecasted Load,2026-09-05T16:32:01Z
2026-09-05T16:31:41Z,2026-09-05T18:31:41+0200,fa75d70c-947c-4264-bf00-b7d014ff1049,2026-08-31T03:15:00Z,2026-08-31T05:15:00+0200,42180.062341,MW,DE,DE_LU,forecast_load,Forecasted Load,2026-09-05T16:32:01Z
2026-09-05T16:31:41Z,2026-09-05T18:31:41+0200,fa75d70c-947c-4264-bf00-b7d014ff1049,2026-08-31T03:30:00Z,2026-08-31T05:30:00+0200,44457.622722,MW,DE,DE_LU,forecast_load,Forecasted Load,2026-09-05T16:32:01Z
2026-09-05T16:31:41Z,2026-09-05T18:31:41+0200,fa75d70c-947c-4264-bf00-b7d014ff1049,2026-08-31T03:45:00Z,2026-08-31T05:45:00+0200,45822.156342,MW,DE,DE_LU,forecast_load,Forecasted Load,2026-09-05T16:32:01Z
2026-09-05T16:31:41Z,2026-09-05T18:31:41+0200,fa75d70c-947c-4264-bf00-b7d014ff1049,2026-08-31T04:00:00Z,2026-08-31T06:00:00+0200,48382.199516,MW,DE,DE_LU,forecast_load,Forecasted Load,2026-09-05T16:32:01Z
2026-09-05T16:31:41Z,2026-09-05T18:31:41+0200,fa75d70c-947c-4264-bf00-b7d014ff1049,2026-08-31T04:15:00Z,2026-08-31T06:15:00+0200,50127.535422,MW,DE,DE_LU,forecast_load,Forecasted Load,2026-09-05T16:32:01Z
2026-09-05T16:31:41Z,2026-09-05T18:31:41+0200,fa75d70c-947c-4264-bf00-b7d014ff1049,2026-08-31T04:30:00Z,2026-08-31T06:30:00+0200,51567.397526,MW,DE,DE_LU,forecast_load,Forecasted Load,2026-09-05T16:32:01Z
2026-09-05T16:31:41Z,2026-09-05T18:31:41+0200,fa75d70c-947c-4264-bf00-b7d014ff1049,2026-08-31T04:45:00Z,2026-08-31T06:45:00+0200,53119.914813,MW,DE,DE_LU,forecast_load,Forecasted Load,2026-09-05T16:32:01Z
2026-09-05T16:31:41Z,2026-09-05T18:31:41+0200,fa75d70c-947c-4264-bf00-b7d014ff1049,2026-08-31T05:00:00Z,2026-08-31T07:00:00+0200,54513.912947,MW,DE,DE_LU,forecast_load,Forecasted Load,2026-09-05T16:32:01Z
2026-09-05T16:31:41Z,2026-09-05T18:31:41+0200,fa75d70c-947c-4264-bf00-b7d014ff1049,2026-08-31T05:15:00Z,2026-08-31T07:15:00+0200,55956.764317,MW,DE,DE_LU,forecast_load,Forecasted Load,2026-09-05T16:32:01Z
2026-09-05T16:31:41Z,2026-09-05T18:31:41+0200,fa75d70c-947c-4264-bf00-b7d014ff1049,2026-08-31T05:30:00Z,2026-08-31T07:30:00+0200,57060.732445,MW,DE,DE_LU,forecast_load,Forecasted Load,2026-09-05T16:32:01Z
2026-09-05T16:31:41Z,2026-09-05T18:31:41+0200,fa75d70c-947c-4264-bf00-b7d014ff1049,2026-08-31T05:45:00Z,2026-08-31T07:45:00+0200,57966.012822,MW,DE,DE_LU,forecast_load,Forecasted Load,2026-09-05T16:32:01Z
2026-09-05T16:31:41Z,2026-09-05T18:31:41+0200,fa75d70c-947c-4264-bf00-b7d014ff1049,2026-08-31T06:00:00Z,2026-08-31T08:00:00+0200,58540.413379,MW,DE,DE_LU,forecast_load,Forecasted Load,2026-09-05T16:32:01Z
2026-09-05T16:31:41Z,2026-09-05T18:31:41+0200,fa75d70c-947c-4264-bf00-b7d014ff1049,2026-08-31T06:15:00Z,2026-08-31T08:15:00+0200,59335.056143,MW,DE,DE_LU,forecast_load,Forecasted Load,2026-09-05T16:32:01Z
2026-09-05T16:31:41Z,2026-09-05T18:31:41+0200,fa75d70c-947c-4264-bf00-b7d014ff1049,2026-08-31T06:30:00Z,2026-08-31T08:30:00+0200,59761.174936,MW,DE,DE_LU,forecast_load,Forecasted Load,2026-09-05T16:32:01Z
2026-09-05T16:31:41Z,2026-09-05T18:31:41+0200,fa75d70c-947c-4264-bf00-b7d014ff1049,2026-08-31T06:45:00Z,2026-08-31T08:45:00+0200,59899.400392,MW,DE,DE_LU,forecast_load,Forecasted Load,2026-09-05T16:32:01Z
2026-09-05T16:31:41Z,2026-09-05T18:31:41+0200,fa75d70c-947c-4264-bf00-b7d014ff1049,2026-08-31T07:00:00Z,2026-08-31T09:00:00+0200,59896.048662,MW,DE,DE_LU,forecast_load,Forecasted Load,2026-09-05T16:32:01Z
2026-09-05T16:31:41Z,2026-09-05T18:31:41+0200,fa75d70c-947c-4264-bf00-b7d014ff1049,2026-08-31T07:15:00Z,2026-08-31T09:15:00+0200,60129.278363,MW,DE,DE_LU,forecast_load,Forecasted Load,2026-09-05T16:32:01Z
2026-09-05T16:31:41Z,2026-09-05T18:31:41+0200,fa75d70c-947c-4264-bf00-b7d014ff1049,2026-08-31T07:30:00Z,2026-08-31T09:30:00+0200,60616.956639,MW,DE,DE_LU,forecast_load,Forecasted Load,2026-09-05T16:32:01Z
2026-09-05T16:31:41Z,2026-09-05T18:31:41+0200,fa75d70c-947c-4264-bf00-b7d014ff1049,2026-08-31T07:45:00Z,2026-08-31T09:45:00+0200,60677.739613,MW,DE,DE_LU,forecast_load,Forecasted Load,2026-09-05T16:32:01Z
2026-09-05T16:31:41Z,2026-09-05T18:31:41+0200,fa75d70c-947c-4264-bf00-b7d014ff1049,2026-08-31T08:00:00Z,2026-08-31T10:00:00+0200,60496.797463,MW,DE,DE_LU,forecast_load,Forecasted Load,2026-09-05T16:32:01Z
2026-09-05T16:31:41Z,2026-09-05T18:31:41+0200,fa75d70c-947c-4264-bf00-b7d014ff1049,2026-08-31T08:15:00Z,2026-08-31T10:15:00+0200,60302.977265,MW,DE,DE_LU,forecast_load,Forecasted Load,2026-09-05T16:32:01Z
2026-09-05T16:31:41Z,2026-09-05T18:31:41+0200,fa75d70c-947c-4264-bf00-b7d014ff1049,2026-08-31T08:30:00Z,2026-08-31T10:30:00+0200,60360.899788,MW,DE,DE_LU,forecast_load,Forecasted Load,2026-09-05T16:32:01Z
2026-09-05T16:31:41Z,2026-09-05T18:31:41+0200,fa75d70c-947c-4264-bf00-b7d014ff1049,2026-08-31T08:45:00Z,2026-08-31T10:45:00+0200,60314.880002,MW,DE,DE_LU,forecast_load,Forecasted Load,2026-09-05T16:32:01Z
2026-09-05T16:31:41Z,2026-09-05T18:31:41+0200,fa75d70c-947c-4264-bf00-b7d014ff1049,2026-08-31T09:00:00Z,2026-08-31T11:00:00+0200,60445.827035,MW,DE,DE_LU,forecast_load,Forecasted Load,2026-09-05T16:32:01Z
2026-09-05T16:31:41Z,2026-09-05T18:31:41+0200,fa75d70c-947c-4264-bf00-b7d014ff1049,2026-08-31T09:15:00Z,2026-08-31T11:15:00+0200,60597.912959,MW,DE,DE_LU,forecast_load,Forecasted Load,2026-09-05T16:32:01Z
2026-09-05T16:31:41Z,2026-09-05T18:31:41+0200,fa75d70c-947c-4264-bf00-b7d014ff1049,2026-08-31T09:30:00Z,2026-08-31T11:30:00+0200,60515.641238,MW,DE,DE_LU,forecast_load,Forecasted Load,2026-09-05T16:32:01Z
2026-09-05T16:31:41Z,2026-09-05T18:31:41+0200,fa75d70c-947c-4264-bf00-b7d014ff1049,2026-08-31T09:45:00Z,2026-08-31T11:45:00+0200,60549.260153,MW,DE,DE_LU,forecast_load,Forecasted Load,2026-09-05T16:32:01Z
2026-09-05T16:31:41Z,2026-09-05T18:31:41+0200,fa75d70c-947c-4264-bf00-b7d014ff1049,2026-08-31T10:00:00Z,2026-08-31T12:00:00+0200,60170.425036,MW,DE,DE_LU,forecast_load,Forecasted Load,2026-09-05T16:32:01Z
2026-09-05T16:31:41Z,2026-09-05T18:31:41+0200,fa75d70c-947c-4264-bf00-b7d014ff1049,2026-08-31T10:15:00Z,2026-08-31T12:15:00+0200,59836.966693,MW,DE,DE_LU,forecast_load,Forecasted Load,2026-09-05T16:32:01Z
2026-09-05T16:31:41Z,2026-09-05T18:31:41+0200,fa75d70c-947c-4264-bf00-b7d014ff1049,2026-08-31T10:30:00Z,2026-08-31T12:30:00+0200,60009.850007,MW,DE,DE_LU,forecast_load,Forecasted Load,2026-09-05T16:32:01Z
2026-09-05T16:31:41Z,2026-09-05T18:31:41+0200,fa75d70c-947c-4264-bf00-b7d014ff1049,2026-08-31T10:45:00Z,2026-08-31T12:45:00+0200,59674.61913,MW,DE,DE_LU,forecast_load,Forecasted Load,2026-09-05T16:32:01Z
2026-09-05T16:31:41Z,2026-09-05T18:31:41+0200,fa75d70c-947c-4264-bf00-b7d014ff1049,2026-08-31T11:00:00Z,2026-08-31T13:00:00+0200,59312.456454,MW,DE,DE_LU,forecast_load,Forecasted Load,2026-09-05T16:32:01Z
2026-09-05T16:31:41Z,2026-09-05T18:31:41+0200,fa75d70c-947c-4264-bf00-b7d014ff1049,2026-08-31T11:15:00Z,2026-08-31T13:15:00+0200,59593.391068,MW,DE,DE_LU,forecast_load,Forecasted Load,2026-09-05T16:32:01Z
2026-09-05T16:31:41Z,2026-09-05T18:31:41+0200,fa75d70c-947c-4264-bf00-b7d014ff1049,2026-08-31T11:30:00Z,2026-08-31T13:30:00+0200,58845.99521,MW,DE,DE_LU,forecast_load,Forecasted Load,2026-09-05T16:32:01Z
2026-09-05T16:31:41Z,2026-09-05T18:31:41+0200,fa75d70c-947c-4264-bf00-b7d014ff1049,2026-08-31T11:45:00Z,2026-08-31T13:45:00+0200,58871.782418,MW,DE,DE_LU,forecast_load,Forecasted Load,2026-09-05T16:32:01Z
2026-09-05T16:31:41Z,2026-09-05T18:31:41+0200,fa75d70c-947c-4264-bf00-b7d014ff1049,2026-08-31T12:00:00Z,2026-08-31T14:00:00+0200,58082.146587,MW,DE,DE_LU,forecast_load,Forecasted Load,2026-09-05T16:32:01Z
2026-09-05T16:31:41Z,2026-09-05T18:31:41+0200,fa75d70c-947c-4264-bf00-b7d014ff1049,2026-08-31T12:15:00Z,2026-08-31T14:15:00+0200,57706.822878,MW,DE,DE_LU,forecast_load,Forecasted Load,2026-09-05T16:32:01Z
2026-09-05T16:31:41Z,2026-09-05T18:31:41+0200,fa75d70c-947c-4264-bf00-b7d014ff1049,2026-08-31T12:30:00Z,2026-08-31T14:30:00+0200,57307.964135,MW,DE,DE_LU,forecast_load,Forecasted Load,2026-09-05T16:32:01Z
2026-09-05T16:31:41Z,2026-09-05T18:31:41+0200,fa75d70c-947c-4264-bf00-b7d014ff1049,2026-08-31T12:45:00Z,2026-08-31T14:45:00+0200,57335.059551,MW,DE,DE_LU,forecast_load,Forecasted Load,2026-09-05T16:32:01Z
2026-09-05T16:31:41Z,2026-09-05T18:31:41+0200,fa75d70c-947c-4264-bf00-b7d014ff1049,2026-08-31T13:00:00Z,2026-08-31T15:00:00+0200,57219.658329,MW,DE,DE_LU,forecast_load,Forecasted Load,2026-09-05T16:32:01Z
2026-09-05T16:31:41Z,2026-09-05T18:31:41+0200,fa75d70c-947c-4264-bf00-b7d014ff1049,2026-08-31T13:15:00Z,2026-08-31T15:15:00+0200,57052.904697,MW,DE,DE_LU,forecast_load,Forecasted Load,2026-09-05T16:32:01Z
2026-09-05T16:31:41Z,2026-09-05T18:31:41+0200,fa75d70c-947c-4264-bf00-b7d014ff1049,2026-08-31T13:30:00Z,2026-08-31T15:30:00+0200,56690.186468,MW,DE,DE_LU,forecast_load,Forecasted Load,2026-09-05T16:32:01Z
2026-09-05T16:31:41Z,2026-09-05T18:31:41+0200,fa75d70c-947c-4264-bf00-b7d014ff1049,2026-08-31T13:45:00Z,2026-08-31T15:45:00+0200,56667.105539,MW,DE,DE_LU,forecast_load,Forecasted Load,2026-09-05T16:32:01Z
2026-09-05T16:31:41Z,2026-09-05T18:31:41+0200,fa75d70c-947c-4264-bf00-b7d014ff1049,2026-08-31T14:00:00Z,2026-08-31T16:00:00+0200,57047.988258,MW,DE,DE_LU,forecast_load,Forecasted Load,2026-09-05T16:32:01Z
2026-09-05T16:31:41Z,2026-09-05T18:31:41+0200,fa75d70c-947c-4264-bf00-b7d014ff1049,2026-08-31T14:15:00Z,2026-08-31T16:15:00+0200,57176.51972,MW,DE,DE_LU,forecast_load,Forecasted Load,2026-09-05T16:32:01Z
2026-09-05T16:31:41Z,2026-09-05T18:31:41+0200,fa75d70c-947c-4264-bf00-b7d014ff1049,2026-08-31T14:30:00Z,2026-08-31T16:30:00+0200,57201.639086,MW,DE,DE_LU,forecast_load,Forecasted Load,2026-09-05T16:32:01Z
2026-09-05T16:31:41Z,2026-09-05T18:31:41+0200,fa75d70c-947c-4264-bf00-b7d014ff1049,2026-08-31T14:45:00Z,2026-08-31T16:45:00+0200,57363.088272,MW,DE,DE_LU,forecast_load,Forecasted Load,2026-09-05T16:32:01Z
2026-09-05T16:31:41Z,2026-09-05T18:31:41+0200,fa75d70c-947c-4264-bf00-b7d014ff1049,2026-08-31T15:00:00Z,2026-08-31T17:00:00+0200,57907.580905,MW,DE,DE_LU,forecast_load,Forecasted Load,2026-09-05T16:32:01Z
2026-09-05T16:31:41Z,2026-09-05T18:31:41+0200,fa75d70c-947c-4264-bf00-b7d014ff1049,2026-08-31T15:15:00Z,2026-08-31T17:15:00+0200,58673.738179,MW,DE,DE_LU,forecast_load,Forecasted Load,2026-09-05T16:32:01Z
2026-09-05T16:31:41Z,2026-09-05T18:31:41+0200,fa75d70c-947c-4264-bf00-b7d014ff1049,2026-08-31T15:30:00Z,2026-08-31T17:30:00+0200,59104.047088,MW,DE,DE_LU,forecast_load,Forecasted Load,2026-09-05T16:32:01Z
2026-09-05T16:31:41Z,2026-09-05T18:31:41+0200,fa75d70c-947c-4264-bf00-b7d014ff1049,2026-08-31T15:45:00Z,2026-08-31T17:45:00+0200,59247.416654,MW,DE,DE_LU,forecast_load,Forecasted Load,2026-09-05T16:32:01Z
2026-09-05T16:31:41Z,2026-09-05T18:31:41+0200,fa75d70c-947c-4264-bf00-b7d014ff1049,2026-08-31T16:00:00Z,2026-08-31T18:00:00+0200,58894.787727,MW,DE,DE_LU,forecast_load,Forecasted Load,2026-09-05T16:32:01Z
2026-09-05T16:31:41Z,2026-09-05T18:31:41+0200,fa75d70c-947c-4264-bf00-b7d014ff1049,2026-08-31T16:15:00Z,2026-08-31T18:15:00+0200,59009.687085,MW,DE,DE_LU,forecast_load,Forecasted Load,2026-09-05T16:32:01Z
2026-09-05T16:31:41Z,2026-09-05T18:31:41+0200,fa75d70c-947c-4264-bf00-b7d014ff1049,2026-08-31T16:30:00Z,2026-08-31T18:30:00+0200,58661.084611,MW,DE,DE_LU,forecast_load,Forecasted Load,2026-09-05T16:32:01Z
2026-09-05T16:31:41Z,2026-09-05T18:31:41+0200,fa75d70c-947c-4264-bf00-b7d014ff1049,2026-08-31T16:45:00Z,2026-08-31T18:45:00+0200,58660.319321,MW,DE,DE_LU,forecast_load,Forecasted Load,2026-09-05T16:32:01Z
2026-09-05T16:31:41Z,2026-09-05T18:31:41+0200,fa75d70c-947c-4264-bf00-b7d014ff1049,2026-08-31T17:00:00Z,2026-08-31T19:00:00+0200,58371.970572,MW,DE,DE_LU,forecast_load,Forecasted Load,2026-09-05T16:32:01Z
2026-09-05T16:31:41Z,2026-09-05T18:31:41+0200,fa75d70c-947c-4264-bf00-b7d014ff1049,2026-08-31T17:15:00Z,2026-08-31T19:15:00+0200,58121.217161,MW,DE,DE_LU,forecast_load,Forecasted Load,2026-09-05T16:32:01Z
2026-09-05T16:31:41Z,2026-09-05T18:31:41+0200,fa75d70c-947c-4264-bf00-b7d014ff1049,2026-08-31T17:30:00Z,2026-08-31T19:30:00+0200,57862.422202,MW,DE,DE_LU,forecast_load,Forecasted Load,2026-09-05T16:32:01Z
2026-09-05T16:31:41Z,2026-09-05T18:31:41+0200,fa75d70c-947c-4264-bf00-b7d014ff1049,2026-08-31T17:45:00Z,2026-08-31T19:45:00+0200,57562.092053,MW,DE,DE_LU,forecast_load,Forecasted Load,2026-09-05T16:32:01Z
2026-09-05T16:31:41Z,2026-09-05T18:31:41+0200,fa75d70c-947c-4264-bf00-b7d014ff1049,2026-08-31T18:00:00Z,2026-08-31T20:00:00+0200,57169.375953,MW,DE,DE_LU,forecast_load,Forecasted Load,2026-09-05T16:32:01Z
2026-09-05T16:31:41Z,2026-09-05T18:31:41+0200,fa75d70c-947c-4264-bf00-b7d014ff1049,2026-08-31T18:15:00Z,2026-08-31T20:15:00+0200,56251.711604,MW,DE,DE_LU,forecast_load,Forecasted Load,2026-09-05T16:32:01Z
2026-09-05T16:31:41Z,2026-09-05T18:31:41+0200,fa75d70c-947c-4264-bf00-b7d014ff1049,2026-08-31T18:30:00Z,2026-08-31T20:30:00+0200,55920.225662,MW,DE,DE_LU,forecast_load,Forecasted Load,2026-09-05T16:32:01Z
2026-09-05T16:31:41Z,2026-09-05T18:31:41+0200,fa75d70c-947c-4264-bf00-b7d014ff1049,2026-08-31T18:45:00Z,2026-08-31T20:45:00+0200,55528.272903,MW,DE,DE_LU,forecast_load,Forecasted Load,2026-09-05T16:32:01Z
2026-09-05T16:31:41Z,2026-09-05T18:31:41+0200,fa75d70c-947c-4264-bf00-b7d014ff1049,2026-08-31T19:00:00Z,2026-08-31T21:00:00+0200,54722.782713,MW,DE,DE_LU,forecast_load,Forecasted Load,2026-09-05T16:32:01Z
2026-09-05T16:31:41Z,2026-09-05T18:31:41+0200,fa75d70c-947c-4264-bf00-b7d014ff1049,2026-08-31T19:15:00Z,2026-08-31T21:15:00+0200,54189.613977,MW,DE,DE_LU,forecast_load,Forecasted Load,2026-09-05T16:32:01Z
2026-09-05T16:31:41Z,2026-09-05T18:31:41+0200,fa75d70c-947c-4264-bf00-b7d014ff1049,2026-08-31T19:30:00Z,2026-08-31T21:30:00+0200,53657.390972,MW,DE,DE_LU,forecast_load,Forecasted Load,2026-09-05T16:32:01Z
2026-09-05T16:31:41Z,2026-09-05T18:31:41+0200,fa75d70c-947c-4264-bf00-b7d014ff1049,2026-08-31T19:45:00Z,2026-08-31T21:45:00+0200,52904.143339,MW,DE,DE_LU,forecast_load,Forecasted Load,2026-09-05T16:32:01Z
2026-09-05T16:31:41Z,2026-09-05T18:31:41+0200,fa75d70c-947c-4264-bf00-b7d014ff1049,2026-08-31T20:00:00Z,2026-08-31T22:00:00+0200,51760.37157,MW,DE,DE_LU,forecast_load,Forecasted Load,2026-09-05T16:32:01Z
2026-09-05T16:31:41Z,2026-09-05T18:31:41+0200,fa75d70c-947c-4264-bf00-b7d014ff1049,2026-08-31T20:15:00Z,2026-08-31T22:15:00+0200,50954.127022,MW,DE,DE_LU,forecast_load,Forecasted Load,2026-09-05T16:32:01Z
2026-09-05T16:31:41Z,2026-09-05T18:31:41+0200,fa75d70c-947c-4264-bf00-b7d014ff1049,2026-08-31T20:30:00Z,2026-08-31T22:30:00+0200,50183.964163,MW,DE,DE_LU,forecast_load,Forecasted Load,2026-09-05T16:32:01Z
2026-09-05T16:31:41Z,2026-09-05T18:31:41+0200,fa75d70c-947c-4264-bf00-b7d014ff1049,2026-08-31T20:45:00Z,2026-08-31T22:45:00+0200,49147.658034,MW,DE,DE_LU,forecast_load,Forecasted Load,2026-09-05T16:32:01Z
2026-09-05T16:31:41Z,2026-09-05T18:31:41+0200,fa75d70c-947c-4264-bf00-b7d014ff1049,2026-08-31T21:00:00Z,2026-08-31T23:00:00+0200,48122.27203,MW,DE,DE_LU,forecast_load,Forecasted Load,2026-09-05T16:32:01Z
2026-09-05T16:31:41Z,2026-09-05T18:31:41+0200,fa75d70c-947c-4264-bf00-b7d014ff1049,2026-08-31T21:15:00Z,2026-08-31T23:15:00+0200,47216.717497,MW,DE,DE_LU,forecast_load,Forecasted Load,2026-09-05T16:32:01Z
2026-09-05T16:31:41Z,2026-09-05T18:31:41+0200,fa75d70c-947c-4264-bf00-b7d014ff1049,2026-08-31T21:30:00Z,2026-08-31T23:30:00+0200,46421.147284,MW,DE,DE_LU,forecast_load,Forecasted Load,2026-09-05T16:32:01Z
2026-09-05T16:31:41Z,2026-09-05T18:31:41+0200,fa75d70c-947c-4264-bf00-b7d014ff1049,2026-08-31T21:45:00Z,2026-08-31T23:45:00+0200,45819.292868,MW,DE,DE_LU,forecast_load,Forecasted Load,2026-09-05T16:32:01Z
2026-09-05T16:31:41Z,2026-09-05T18:31:41+0200,fa75d70c-947c-4264-bf00-b7d014ff1049,2026-08-31T22:00:00Z,2026-09-01T00:00:00+0200,44843.584161,MW,DE,DE_LU,forecast_load,Forecasted Load,2026-09-05T16:32:01Z
2026-09-05T16:31:41Z,2026-09-05T18:31:41+0200,fa75d70c-947c-4264-bf00-b7d014ff1049,2026-08-31T22:15:00Z,2026-09-01T00:15:00+0200,44429.607901,MW,DE,DE_LU,forecast_load,Forecasted Load,2026-09-05T16:32:01Z
2026-09-05T16:31:41Z,2026-09-05T18:31:41+0200,fa75d70c-947c-4264-bf00-b7d014ff1049,2026-08-31T22:30:00Z,2026-09-01T00:30:00+0200,43830.466585,MW,DE,DE_LU,forecast_load,Forecasted Load,2026-09-05T16:32:01Z
2026-09-05T16:31:41Z,2026-09-05T18:31:41+0200,fa75d70c-947c-4264-bf00-b7d014ff1049,2026-08-31T22:45:00Z,2026-09-01T00:45:00+0200,43486.367327,MW,DE,DE_LU,forecast_load,Forecasted Load,2026-09-05T16:32:01Z
2026-09-05T16:31:41Z,2026-09-05T18:31:41+0200,fa75d70c-947c-4264-bf00-b7d014ff1049,2026-08-31T23:00:00Z,2026-09-01T01:00:00+0200,43232.856351,MW,DE,DE_LU,forecast_load,Forecasted Load,2026-09-05T16:32:01Z
2026-09-05T16:31:41Z,2026-09-05T18:31:41+0200,fa75d70c-947c-4264-bf00-b7d014ff1049,2026-08-31T23:15:00Z,2026-09-01T01:15:00+0200,42629.097174,MW,DE,DE_LU,forecast_load,Forecasted Load,2026-09-05T16:32:01Z
2026-09-05T16:31:41Z,2026-09-05T18:31:41+0200,fa75d70c-947c-4264-bf00-b7d014ff1049,2026-08-31T23:30:00Z,2026-09-01T01:30:00+0200,42553.060671,MW,DE,DE_LU,forecast_load,Forecasted Load,2026-09-05T16:32:01Z
2026-09-05T16:31:41Z,2026-09-05T18:31:41+0200,fa75d70c-947c-4264-bf00-b7d014ff1049,2026-08-31T23:45:00Z,2026-09-01T01:45:00+0200,42244.938523,MW,DE,DE_LU,forecast_load,Forecasted Load,2026-09-05T16:32:01Z
2026-09-05T16:31:41Z,2026-09-05T18:31:41+0200,fa75d70c-947c-4264-bf00-b7d014ff1049,2026-09-01T00:00:00Z,2026-09-01T02:00:00+0200,42023.776196,MW,DE,DE_LU,forecast_load,Forecasted Load,2026-09-05T16:32:01Z
2026-09-05T16:31:41Z,2026-09-05T18:31:41+0200,fa75d70c-947c-4264-bf00-b7d014ff1049,2026-09-01T00:15:00Z,2026-09-01T02:15:00+0200,41893.417113,MW,DE,DE_LU,forecast_load,Forecasted Load,2026-09-05T16:32:01Z
2026-09-05T16:31:41Z,2026-09-05T18:31:41+0200,fa75d70c-947c-4264-bf00-b7d014ff1049,2026-09-01T00:30:00Z,2026-09-01T02:30:00+0200,41706.920769,MW,DE,DE_LU,forecast_load,Forecasted Load,2026-09-05T16:32:01Z
2026-09-05T16:31:41Z,2026-09-05T18:31:41+0200,fa75d70c-947c-4264-bf00-b7d014ff1049,2026-09-01T00:45:00Z,2026-09-01T02:45:00+0200,41924.71346,MW,DE,DE_LU,forecast_load,Forecasted Load,2026-09-05T16:32:01Z
2026-09-05T16:31:41Z,2026-09-05T18:31:41+0200,fa75d70c-947c-4264-bf00-b7d014ff1049,2026-09-01T01:00:00Z,2026-09-01T03:00:00+0200,41747.34093,MW,DE,DE_LU,forecast_load,Forecasted Load,2026-09-05T16:32:01Z
2026-09-05T16:31:41Z,2026-09-05T18:31:41+0200,fa75d70c-947c-4264-bf00-b7d014ff1049,2026-09-01T01:15:00Z,2026-09-01T03:15:00+0200,41836.494367,MW,DE,DE_LU,forecast_load,Forecasted Load,2026-09-05T16:32:01Z
2026-09-05T16:31:41Z,2026-09-05T18:31:41+0200,fa75d70c-947c-4264-bf00-b7d014ff1049,2026-09-01T01:30:00Z,2026-09-01T03:30:00+0200,41697.800528,MW,DE,DE_LU,forecast_load,Forecasted Load,2026-09-05T16:32:01Z
2026-09-05T16:31:41Z,2026-09-05T18:31:41+0200,fa75d70c-947c-4264-bf00-b7d014ff1049,2026-09-01T01:45:00Z,2026-09-01T03:45:00+0200,41786.134477,MW,DE,DE_LU,forecast_load,Forecasted Load,2026-09-05T16:32:01Z
2026-09-05T16:31:41Z,2026-09-05T18:31:41+0200,fa75d70c-947c-4264-bf00-b7d014ff1049,2026-09-01T02:00:00Z,2026-09-01T04:00:00+0200,42013.479245,MW,DE,DE_LU,forecast_load,Forecasted Load,2026-09-05T16:32:01Z
2026-09-05T16:31:41Z,2026-09-05T18:31:41+0200,fa75d70c-947c-4264-bf00-b7d014ff1049,2026-09-01T02:15:00Z,2026-09-01T04:15:00+0200,42193.155831,MW,DE,DE_LU,forecast_load,Forecasted Load,2026-09-05T16:32:01Z
2026-09-05T16:31:41Z,2026-09-05T18:31:41+0200,fa75d70c-947c-4264-bf00-b7d014ff1049,2026-09-01T02:30:00Z,2026-09-01T04:30:00+0200,42621.17224,MW,DE,DE_LU,forecast_load,Forecasted Load,2026-09-05T16:32:01Z
2026-09-05T16:31:41Z,2026-09-05T18:31:41+0200,fa75d70c-947c-4264-bf00-b7d014ff1049,2026-09-01T02:45:00Z,2026-09-01T04:45:00+0200,43007.227135,MW,DE,DE_LU,forecast_load,Forecasted Load,2026-09-05T16:32:01Z
2026-09-05T16:31:41Z,2026-09-05T18:31:41+0200,fa75d70c-947c-4264-bf00-b7d014ff1049,2026-09-01T03:00:00Z,2026-09-01T05:00:00+0200,44125.923734,MW,DE,DE_LU,forecast_load,Forecasted Load,2026-09-05T16:32:01Z
2026-09-05T16:31:41Z,2026-09-05T18:31:41+0200,fa75d70c-947c-4264-bf00-b7d014ff1049,2026-09-01T03:15:00Z,2026-09-01T05:15:00+0200,45057.960425,MW,DE,DE_LU,forecast_load,Forecasted Load,2026-09-05T16:32:01Z
2026-09-05T16:31:41Z,2026-09-05T18:31:41+0200,fa75d70c-947c-4264-bf00-b7d014ff1049,2026-09-01T03:30:00Z,2026-09-01T05:30:00+0200,45238.852551,MW,DE,DE_LU,forecast_load,Forecasted Load,2026-09-05T16:32:01Z
2026-09-05T16:31:41Z,2026-09-05T18:31:41+0200,fa75d70c-947c-4264-bf00-b7d014ff1049,2026-09-01T03:45:00Z,2026-09-01T05:45:00+0200,46728.298314,MW,DE,DE_LU,forecast_load,Forecasted Load,2026-09-05T16:32:01Z
2026-09-05T16:31:41Z,2026-09-05T18:31:41+0200,fa75d70c-947c-4264-bf00-b7d014ff1049,2026-09-01T04:00:00Z,2026-09-01T06:00:00+0200,49100.383076,MW,DE,DE_LU,forecast_load,Forecasted Load,2026-09-05T16:32:01Z
2026-09-05T16:31:41Z,2026-09-05T18:31:41+0200,fa75d70c-947c-4264-bf00-b7d014ff1049,2026-09-01T04:15:00Z,2026-09-01T06:15:00+0200,50571.300743,MW,DE,DE_LU,forecast_load,Forecasted Load,2026-09-05T16:32:01Z
2026-09-05T16:31:41Z,2026-09-05T18:31:41+0200,fa75d70c-947c-4264-bf00-b7d014ff1049,2026-09-01T04:30:00Z,2026-09-01T06:30:00+0200,51383.858238,MW,DE,DE_LU,forecast_load,Forecasted Load,2026-09-05T16:32:01Z
2026-09-05T16:31:41Z,2026-09-05T18:31:41+0200,fa75d70c-947c-4264-bf00-b7d014ff1049,2026-09-01T04:45:00Z,2026-09-01T06:45:00+0200,52663.520946,MW,DE,DE_LU,forecast_load,Forecasted Load,2026-09-05T16:32:01Z
2026-09-05T16:31:41Z,2026-09-05T18:31:41+0200,fa75d70c-947c-4264-bf00-b7d014ff1049,2026-09-01T05:00:00Z,2026-09-01T07:00:00+0200,53824.267052,MW,DE,DE_LU,forecast_load,Forecasted Load,2026-09-05T16:32:01Z
2026-09-05T16:31:41Z,2026-09-05T18:31:41+0200,fa75d70c-947c-4264-bf00-b7d014ff1049,2026-09-01T05:15:00Z,2026-09-01T07:15:00+0200,55005.561926,MW,DE,DE_LU,forecast_load,Forecasted Load,2026-09-05T16:32:01Z
2026-09-05T16:31:41Z,2026-09-05T18:31:41+0200,fa75d70c-947c-4264-bf00-b7d014ff1049,2026-09-01T05:30:00Z,2026-09-01T07:30:00+0200,55932.236528,MW,DE,DE_LU,forecast_load,Forecasted Load,2026-09-05T16:32:01Z
2026-09-05T16:31:41Z,2026-09-05T18:31:41+0200,fa75d70c-947c-4264-bf00-b7d014ff1049,2026-09-01T05:45:00Z,2026-09-01T07:45:00+0200,57021.502472,MW,DE,DE_LU,forecast_load,Forecasted Load,2026-09-05T16:32:01Z
2026-09-05T16:31:41Z,2026-09-05T18:31:41+0200,fa75d70c-947c-4264-bf00-b7d014ff1049,2026-09-01T06:00:00Z,2026-09-01T08:00:00+0200,57968.882715,MW,DE,DE_LU,forecast_load,Forecasted Load,2026-09-05T16:32:01Z
2026-09-05T16:31:41Z,2026-09-05T18:31:41+0200,fa75d70c-947c-4264-bf00-b7d014ff1049,2026-09-01T06:15:00Z,2026-09-01T08:15:00+0200,58742.848288,MW,DE,DE_LU,forecast_load,Forecasted Load,2026-09-05T16:32:01Z
2026-09-05T16:31:41Z,2026-09-05T18:31:41+0200,fa75d70c-947c-4264-bf00-b7d014ff1049,2026-09-01T06:30:00Z,2026-09-01T08:30:00+0200,59352.622759,MW,DE,DE_LU,forecast_load,Forecasted Load,2026-09-05T16:32:01Z
2026-09-05T16:31:41Z,2026-09-05T18:31:41+0200,fa75d70c-947c-4264-bf00-b7d014ff1049,2026-09-01T06:45:00Z,2026-09-01T08:45:00+0200,59756.524306,MW,DE,DE_LU,forecast_load,Forecasted Load,2026-09-05T16:32:01Z
2026-09-05T16:31:41Z,2026-09-05T18:31:41+0200,fa75d70c-947c-4264-bf00-b7d014ff1049,2026-09-01T07:00:00Z,2026-09-01T09:00:00+0200,59646.799053,MW,DE,DE_LU,forecast_load,Forecasted Load,2026-09-05T16:32:01Z
2026-09-05T16:31:41Z,2026-09-05T18:31:41+0200,fa75d70c-947c-4264-bf00-b7d014ff1049,2026-09-01T07:15:00Z,2026-09-01T09:15:00+0200,59969.66897,MW,DE,DE_LU,forecast_load,Forecasted Load,2026-09-05T16:32:01Z
2026-09-05T16:31:41Z,2026-09-05T18:31:41+0200,fa75d70c-947c-4264-bf00-b7d014ff1049,2026-09-01T07:30:00Z,2026-09-01T09:30:00+0200,60352.359579,MW,DE,DE_LU,forecast_load,Forecasted Load,2026-09-05T16:32:01Z
2026-09-05T16:31:41Z,2026-09-05T18:31:41+0200,fa75d70c-947c-4264-bf00-b7d014ff1049,2026-09-01T07:45:00Z,2026-09-01T09:45:00+0200,60549.96168,MW,DE,DE_LU,forecast_load,Forecasted Load,2026-09-05T16:32:01Z
2026-09-05T16:31:41Z,2026-09-05T18:31:41+0200,fa75d70c-947c-4264-bf00-b7d014ff1049,2026-09-01T08:00:00Z,2026-09-01T10:00:00+0200,60346.638261,MW,DE,DE_LU,forecast_load,Forecasted Load,2026-09-05T16:32:01Z
2026-09-05T16:31:41Z,2026-09-05T18:31:41+0200,fa75d70c-947c-4264-bf00-b7d014ff1049,2026-09-01T08:15:00Z,2026-09-01T10:15:00+0200,60626.481793,MW,DE,DE_LU,forecast_load,Forecasted Load,2026-09-05T16:32:01Z
2026-09-05T16:31:41Z,2026-09-05T18:31:41+0200,fa75d70c-947c-4264-bf00-b7d014ff1049,2026-09-01T08:30:00Z,2026-09-01T10:30:00+0200,60507.985197,MW,DE,DE_LU,forecast_load,Forecasted Load,2026-09-05T16:32:01Z
2026-09-05T16:31:41Z,2026-09-05T18:31:41+0200,fa75d70c-947c-4264-bf00-b7d014ff1049,2026-09-01T08:45:00Z,2026-09-01T10:45:00+0200,60961.961328,MW,DE,DE_LU,forecast_load,Forecasted Load,2026-09-05T16:32:01Z
2026-09-05T16:31:41Z,2026-09-05T18:31:41+0200,fa75d70c-947c-4264-bf00-b7d014ff1049,2026-09-01T09:00:00Z,2026-09-01T11:00:00+0200,60812.837539,MW,DE,DE_LU,forecast_load,Forecasted Load,2026-09-05T16:32:01Z
2026-09-05T16:31:41Z,2026-09-05T18:31:41+0200,fa75d70c-947c-4264-bf00-b7d014ff1049,2026-09-01T09:15:00Z,2026-09-01T11:15:00+0200,60840.586066,MW,DE,DE_LU,forecast_load,Forecasted Load,2026-09-05T16:32:01Z
2026-09-05T16:31:41Z,2026-09-05T18:31:41+0200,fa75d70c-947c-4264-bf00-b7d014ff1049,2026-09-01T09:30:00Z,2026-09-01T11:30:00+0200,60394.35861,MW,DE,DE_LU,forecast_load,Forecasted Load,2026-09-05T16:32:01Z
2026-09-05T16:31:41Z,2026-09-05T18:31:41+0200,fa75d70c-947c-4264-bf00-b7d014ff1049,2026-09-01T09:45:00Z,2026-09-01T11:45:00+0200,60625.988538,MW,DE,DE_LU,forecast_load,Forecasted Load,2026-09-05T16:32:01Z
2026-09-05T16:31:41Z,2026-09-05T18:31:41+0200,fa75d70c-947c-4264-bf00-b7d014ff1049,2026-09-01T10:00:00Z,2026-09-01T12:00:00+0200,59879.6509,MW,DE,DE_LU,forecast_load,Forecasted Load,2026-09-05T16:32:01Z
2026-09-05T16:31:41Z,2026-09-05T18:31:41+0200,fa75d70c-947c-4264-bf00-b7d014ff1049,2026-09-01T10:15:00Z,2026-09-01T12:15:00+0200,59457.069105,MW,DE,DE_LU,forecast_load,Forecasted Load,2026-09-05T16:32:01Z
2026-09-05T16:31:41Z,2026-09-05T18:31:41+0200,fa75d70c-947c-4264-bf00-b7d014ff1049,2026-09-01T10:30:00Z,2026-09-01T12:30:00+0200,59471.30211,MW,DE,DE_LU,forecast_load,Forecasted Load,2026-09-05T16:32:01Z
2026-09-05T16:31:41Z,2026-09-05T18:31:41+0200,fa75d70c-947c-4264-bf00-b7d014ff1049,2026-09-01T10:45:00Z,2026-09-01T12:45:00+0200,59229.895199,MW,DE,DE_LU,forecast_load,Forecasted Load,2026-09-05T16:32:01Z
2026-09-05T16:31:41Z,2026-09-05T18:31:41+0200,fa75d70c-947c-4264-bf00-b7d014ff1049,2026-09-01T11:00:00Z,2026-09-01T13:00:00+0200,59010.173588,MW,DE,DE_LU,forecast_load,Forecasted Load,2026-09-05T16:32:01Z
2026-09-05T16:31:41Z,2026-09-05T18:31:41+0200,fa75d70c-947c-4264-bf00-b7d014ff1049,2026-09-01T11:15:00Z,2026-09-01T13:15:00+0200,58727.12231,MW,DE,DE_LU,forecast_load,Forecasted Load,2026-09-05T16:32:01Z
2026-09-05T16:31:41Z,2026-09-05T18:31:41+0200,fa75d70c-947c-4264-bf00-b7d014ff1049,2026-09-01T11:30:00Z,2026-09-01T13:30:00+0200,58606.607027,MW,DE,DE_LU,forecast_load,Forecasted Load,2026-09-05T16:32:01Z
2026-09-05T16:31:41Z,2026-09-05T18:31:41+0200,fa75d70c-947c-4264-bf00-b7d014ff1049,2026-09-01T11:45:00Z,2026-09-01T13:45:00+0200,57972.483819,MW,DE,DE_LU,forecast_load,Forecasted Load,2026-09-05T16:32:01Z
2026-09-05T16:31:41Z,2026-09-05T18:31:41+0200,fa75d70c-947c-4264-bf00-b7d014ff1049,2026-09-01T12:00:00Z,2026-09-01T14:00:00+0200,57495.893033,MW,DE,DE_LU,forecast_load,Forecasted Load,2026-09-05T16:32:01Z
2026-09-05T16:31:41Z,2026-09-05T18:31:41+0200,fa75d70c-947c-4264-bf00-b7d014ff1049,2026-09-01T12:15:00Z,2026-09-01T14:15:00+0200,57010.179754,MW,DE,DE_LU,forecast_load,Forecasted Load,2026-09-05T16:32:01Z
2026-09-05T16:31:41Z,2026-09-05T18:31:41+0200,fa75d70c-947c-4264-bf00-b7d014ff1049,2026-09-01T12:30:00Z,2026-09-01T14:30:00+0200,56632.855318,MW,DE,DE_LU,forecast_load,Forecasted Load,2026-09-05T16:32:01Z
2026-09-05T16:31:41Z,2026-09-05T18:31:41+0200,fa75d70c-947c-4264-bf00-b7d014ff1049,2026-09-01T12:45:00Z,2026-09-01T14:45:00+0200,56326.797286,MW,DE,DE_LU,forecast_load,Forecasted Load,2026-09-05T16:32:01Z
2026-09-05T16:31:41Z,2026-09-05T18:31:41+0200,fa75d70c-947c-4264-bf00-b7d014ff1049,2026-09-01T13:00:00Z,2026-09-01T15:00:00+0200,56106.638305,MW,DE,DE_LU,forecast_load,Forecasted Load,2026-09-05T16:32:01Z
2026-09-05T16:31:41Z,2026-09-05T18:31:41+0200,fa75d70c-947c-4264-bf00-b7d014ff1049,2026-09-01T13:15:00Z,2026-09-01T15:15:00+0200,55705.992262,MW,DE,DE_LU,forecast_load,Forecasted Load,2026-09-05T16:32:01Z
2026-09-05T16:31:41Z,2026-09-05T18:31:41+0200,fa75d70c-947c-4264-bf00-b7d014ff1049,2026-09-01T13:30:00Z,2026-09-01T15:30:00+0200,55523.958629,MW,DE,DE_LU,forecast_load,Forecasted Load,2026-09-05T16:32:01Z
2026-09-05T16:31:41Z,2026-09-05T18:31:41+0200,fa75d70c-947c-4264-bf00-b7d014ff1049,2026-09-01T13:45:00Z,2026-09-01T15:45:00+0200,55312.318379,MW,DE,DE_LU,forecast_load,Forecasted Load,2026-09-05T16:32:01Z
2026-09-05T16:31:41Z,2026-09-05T18:31:41+0200,fa75d70c-947c-4264-bf00-b7d014ff1049,2026-09-01T14:00:00Z,2026-09-01T16:00:00+0200,55977.35887,MW,DE,DE_LU,forecast_load,Forecasted Load,2026-09-05T16:32:01Z
2026-09-05T16:31:41Z,2026-09-05T18:31:41+0200,fa75d70c-947c-4264-bf00-b7d014ff1049,2026-09-01T14:15:00Z,2026-09-01T16:15:00+0200,55761.878009,MW,DE,DE_LU,forecast_load,Forecasted Load,2026-09-05T16:32:01Z
2026-09-05T16:31:41Z,2026-09-05T18:31:41+0200,fa75d70c-947c-4264-bf00-b7d014ff1049,2026-09-01T14:30:00Z,2026-09-01T16:30:00+0200,55666.129711,MW,DE,DE_LU,forecast_load,Forecasted Load,2026-09-05T16:32:01Z
2026-09-05T16:31:41Z,2026-09-05T18:31:41+0200,fa75d70c-947c-4264-bf00-b7d014ff1049,2026-09-01T14:45:00Z,2026-09-01T16:45:00+0200,55572.14519,MW,DE,DE_LU,forecast_load,Forecasted Load,2026-09-05T16:32:01Z
2026-09-05T16:31:41Z,2026-09-05T18:31:41+0200,fa75d70c-947c-4264-bf00-b7d014ff1049,2026-09-01T15:00:00Z,2026-09-01T17:00:00+0200,56230.381374,MW,DE,DE_LU,forecast_load,Forecasted Load,2026-09-05T16:32:01Z
2026-09-05T16:31:41Z,2026-09-05T18:31:41+0200,fa75d70c-947c-4264-bf00-b7d014ff1049,2026-09-01T15:15:00Z,2026-09-01T17:15:00+0200,56657.131565,MW,DE,DE_LU,forecast_load,Forecasted Load,2026-09-05T16:32:01Z
2026-09-05T16:31:41Z,2026-09-05T18:31:41+0200,fa75d70c-947c-4264-bf00-b7d014ff1049,2026-09-01T15:30:00Z,2026-09-01T17:30:00+0200,56824.47274,MW,DE,DE_LU,forecast_load,Forecasted Load,2026-09-05T16:32:01Z
2026-09-05T16:31:41Z,2026-09-05T18:31:41+0200,fa75d70c-947c-4264-bf00-b7d014ff1049,2026-09-01T15:45:00Z,2026-09-01T17:45:00+0200,56815.843175,MW,DE,DE_LU,forecast_load,Forecasted Load,2026-09-05T16:32:01Z
2026-09-05T16:31:41Z,2026-09-05T18:31:41+0200,fa75d70c-947c-4264-bf00-b7d014ff1049,2026-09-01T16:00:00Z,2026-09-01T18:00:00+0200,56862.731675,MW,DE,DE_LU,forecast_load,Forecasted Load,2026-09-05T16:32:01Z
2026-09-05T16:31:41Z,2026-09-05T18:31:41+0200,fa75d70c-947c-4264-bf00-b7d014ff1049,2026-09-01T16:15:00Z,2026-09-01T18:15:00+0200,56993.310998,MW,DE,DE_LU,forecast_load,Forecasted Load,2026-09-05T16:32:01Z
2026-09-05T16:31:41Z,2026-09-05T18:31:41+0200,fa75d70c-947c-4264-bf00-b7d014ff1049,2026-09-01T16:30:00Z,2026-09-01T18:30:00+0200,56969.321026,MW,DE,DE_LU,forecast_load,Forecasted Load,2026-09-05T16:32:01Z
2026-09-05T16:31:41Z,2026-09-05T18:31:41+0200,fa75d70c-947c-4264-bf00-b7d014ff1049,2026-09-01T16:45:00Z,2026-09-01T18:45:00+0200,56802.139001,MW,DE,DE_LU,forecast_load,Forecasted Load,2026-09-05T16:32:01Z
2026-09-05T16:31:41Z,2026-09-05T18:31:41+0200,fa75d70c-947c-4264-bf00-b7d014ff1049,2026-09-01T17:00:00Z,2026-09-01T19:00:00+0200,56723.368751,MW,DE,DE_LU,forecast_load,Forecasted Load,2026-09-05T16:32:01Z
2026-09-05T16:31:41Z,2026-09-05T18:31:41+0200,fa75d70c-947c-4264-bf00-b7d014ff1049,2026-09-01T17:15:00Z,2026-09-01T19:15:00+0200,56610.429361,MW,DE,DE_LU,forecast_load,Forecasted Load,2026-09-05T16:32:01Z
2026-09-05T16:31:41Z,2026-09-05T18:31:41+0200,fa75d70c-947c-4264-bf00-b7d014ff1049,2026-09-01T17:30:00Z,2026-09-01T19:30:00+0200,56530.372231,MW,DE,DE_LU,forecast_load,Forecasted Load,2026-09-05T16:32:01Z
2026-09-05T16:31:41Z,2026-09-05T18:31:41+0200,fa75d70c-947c-4264-bf00-b7d014ff1049,2026-09-01T17:45:00Z,2026-09-01T19:45:00+0200,56365.740527,MW,DE,DE_LU,forecast_load,Forecasted Load,2026-09-05T16:32:01Z
2026-09-05T16:31:41Z,2026-09-05T18:31:41+0200,fa75d70c-947c-4264-bf00-b7d014ff1049,2026-09-01T18:00:00Z,2026-09-01T20:00:00+0200,55925.692694,MW,DE,DE_LU,forecast_load,Forecasted Load,2026-09-05T16:32:01Z
2026-09-05T16:31:41Z,2026-09-05T18:31:41+0200,fa75d70c-947c-4264-bf00-b7d014ff1049,2026-09-01T18:15:00Z,2026-09-01T20:15:00+0200,55357.939345,MW,DE,DE_LU,forecast_load,Forecasted Load,2026-09-05T16:32:01Z
2026-09-05T16:31:41Z,2026-09-05T18:31:41+0200,fa75d70c-947c-4264-bf00-b7d014ff1049,2026-09-01T18:30:00Z,2026-09-01T20:30:00+0200,54955.272233,MW,DE,DE_LU,forecast_load,Forecasted Load,2026-09-05T16:32:01Z
2026-09-05T16:31:41Z,2026-09-05T18:31:41+0200,fa75d70c-947c-4264-bf00-b7d014ff1049,2026-09-01T18:45:00Z,2026-09-01T20:45:00+0200,54510.342598,MW,DE,DE_LU,forecast_load,Forecasted Load,2026-09-05T16:32:01Z
2026-09-05T16:31:41Z,2026-09-05T18:31:41+0200,fa75d70c-947c-4264-bf00-b7d014ff1049,2026-09-01T19:00:00Z,2026-09-01T21:00:00+0200,53794.05165,MW,DE,DE_LU,forecast_load,Forecasted Load,2026-09-05T16:32:01Z
2026-09-05T16:31:41Z,2026-09-05T18:31:41+0200,fa75d70c-947c-4264-bf00-b7d014ff1049,2026-09-01T19:15:00Z,2026-09-01T21:15:00+0200,53238.304575,MW,DE,DE_LU,forecast_load,Forecasted Load,2026-09-05T16:32:01Z
2026-09-05T16:31:41Z,2026-09-05T18:31:41+0200,fa75d70c-947c-4264-bf00-b7d014ff1049,2026-09-01T19:30:00Z,2026-09-01T21:30:00+0200,52521.094572,MW,DE,DE_LU,forecast_load,Forecasted Load,2026-09-05T16:32:01Z
2026-09-05T16:31:41Z,2026-09-05T18:31:41+0200,fa75d70c-947c-4264-bf00-b7d014ff1049,2026-09-01T19:45:00Z,2026-09-01T21:45:00+0200,51790.575672,MW,DE,DE_LU,forecast_load,Forecasted Load,2026-09-05T16:32:01Z
2026-09-05T16:31:41Z,2026-09-05T18:31:41+0200,fa75d70c-947c-4264-bf00-b7d014ff1049,2026-09-01T20:00:00Z,2026-09-01T22:00:00+0200,50748.085363,MW,DE,DE_LU,forecast_load,Forecasted Load,2026-09-05T16:32:01Z
2026-09-05T16:31:41Z,2026-09-05T18:31:41+0200,fa75d70c-947c-4264-bf00-b7d014ff1049,2026-09-01T20:15:00Z,2026-09-01T22:15:00+0200,49953.446562,MW,DE,DE_LU,forecast_load,Forecasted Load,2026-09-05T16:32:01Z
2026-09-05T16:31:41Z,2026-09-05T18:31:41+0200,fa75d70c-947c-4264-bf00-b7d014ff1049,2026-09-01T20:30:00Z,2026-09-01T22:30:00+0200,49136.5575,MW,DE,DE_LU,forecast_load,Forecasted Load,2026-09-05T16:32:01Z
2026-09-05T16:31:41Z,2026-09-05T18:31:41+0200,fa75d70c-947c-4264-bf00-b7d014ff1049,2026-09-01T20:45:00Z,2026-09-01T22:45:00+0200,48294.078906,MW,DE,DE_LU,forecast_load,Forecasted Load,2026-09-05T16:32:01Z
2026-09-05T16:31:41Z,2026-09-05T18:31:41+0200,fa75d70c-947c-4264-bf00-b7d014ff1049,2026-09-01T21:00:00Z,2026-09-01T23:00:00+0200,47384.297635,MW,DE,DE_LU,forecast_load,Forecasted Load,2026-09-05T16:32:01Z
2026-09-05T16:31:41Z,2026-09-05T18:31:41+0200,fa75d70c-947c-4264-bf00-b7d014ff1049,2026-09-01T21:15:00Z,2026-09-01T23:15:00+0200,46534.496439,MW,DE,DE_LU,forecast_load,Forecasted Load,2026-09-05T16:32:01Z
2026-09-05T16:31:41Z,2026-09-05T18:31:41+0200,fa75d70c-947c-4264-bf00-b7d014ff1049,2026-09-01T21:30:00Z,2026-09-01T23:30:00+0200,45834.553599,MW,DE,DE_LU,forecast_load,Forecasted Load,2026-09-05T16:32:01Z
2026-09-05T16:31:41Z,2026-09-05T18:31:41+0200,fa75d70c-947c-4264-bf00-b7d014ff1049,2026-09-01T21:45:00Z,2026-09-01T23:45:00+0200,45169.377601,MW,DE,DE_LU,forecast_load,Forecasted Load,2026-09-05T16:32:01Z
2026-09-05T16:31:41Z,2026-09-05T18:31:41+0200,fa75d70c-947c-4264-bf00-b7d014ff1049,2026-09-01T22:00:00Z,2026-09-02T00:00:00+0200,43453.578183,MW,DE,DE_LU,forecast_load,Forecasted Load,2026-09-05T16:32:01Z
2026-09-05T16:31:41Z,2026-09-05T18:31:41+0200,fa75d70c-947c-4264-bf00-b7d014ff1049,2026-09-01T22:15:00Z,2026-09-02T00:15:00+0200,42959.934795,MW,DE,DE_LU,forecast_load,Forecasted Load,2026-09-05T16:32:01Z
2026-09-05T16:31:41Z,2026-09-05T18:31:41+0200,fa75d70c-947c-4264-bf00-b7d014ff1049,2026-09-01T22:30:00Z,2026-09-02T00:30:00+0200,42872.75339,MW,DE,DE_LU,forecast_load,Forecasted Load,2026-09-05T16:32:01Z
2026-09-05T16:31:41Z,2026-09-05T18:31:41+0200,fa75d70c-947c-4264-bf00-b7d014ff1049,2026-09-01T22:45:00Z,2026-09-02T00:45:00+0200,42357.690077,MW,DE,DE_LU,forecast_load,Forecasted Load,2026-09-05T16:32:01Z
2026-09-05T16:31:41Z,2026-09-05T18:31:41+0200,fa75d70c-947c-4264-bf00-b7d014ff1049,2026-09-01T23:00:00Z,2026-09-02T01:00:00+0200,41912.881907,MW,DE,DE_LU,forecast_load,Forecasted Load,2026-09-05T16:32:01Z
2026-09-05T16:31:41Z,2026-09-05T18:31:41+0200,fa75d70c-947c-4264-bf00-b7d014ff1049,2026-09-01T23:15:00Z,2026-09-02T01:15:00+0200,41524.489028,MW,DE,DE_LU,forecast_load,Forecasted Load,2026-09-05T16:32:01Z
2026-09-05T16:31:41Z,2026-09-05T18:31:41+0200,fa75d70c-947c-4264-bf00-b7d014ff1049,2026-09-01T23:30:00Z,2026-09-02T01:30:00+0200,41318.255187,MW,DE,DE_LU,forecast_load,Forecasted Load,2026-09-05T16:32:01Z
2026-09-05T16:31:41Z,2026-09-05T18:31:41+0200,fa75d70c-947c-4264-bf00-b7d014ff1049,2026-09-01T23:45:00Z,2026-09-02T01:45:00+0200,41119.503847,MW,DE,DE_LU,forecast_load,Forecasted Load,2026-09-05T16:32:01Z
2026-09-05T16:31:41Z,2026-09-05T18:31:41+0200,fa75d70c-947c-4264-bf00-b7d014ff1049,2026-09-02T00:00:00Z,2026-09-02T02:00:00+0200,40898.706828,MW,DE,DE_LU,forecast_load,Forecasted Load,2026-09-05T16:32:01Z
2026-09-05T16:31:41Z,2026-09-05T18:31:41+0200,fa75d70c-947c-4264-bf00-b7d014ff1049,2026-09-02T00:15:00Z,2026-09-02T02:15:00+0200,40685.874024,MW,DE,DE_LU,forecast_load,Forecasted Load,2026-09-05T16:32:01Z
2026-09-05T16:31:41Z,2026-09-05T18:31:41+0200,fa75d70c-947c-4264-bf00-b7d014ff1049,2026-09-02T00:30:00Z,2026-09-02T02:30:00+0200,40696.056493,MW,DE,DE_LU,forecast_load,Forecasted Load,2026-09-05T16:32:01Z
2026-09-05T16:31:41Z,2026-09-05T18:31:41+0200,fa75d70c-947c-4264-bf00-b7d014ff1049,2026-09-02T00:45:00Z,2026-09-02T02:45:00+0200,40592.595129,MW,DE,DE_LU,forecast_load,Forecasted Load,2026-09-05T16:32:01Z
2026-09-05T16:31:41Z,2026-09-05T18:31:41+0200,fa75d70c-947c-4264-bf00-b7d014ff1049,2026-09-02T01:00:00Z,2026-09-02T03:00:00+0200,40532.105757,MW,DE,DE_LU,forecast_load,Forecasted Load,2026-09-05T16:32:01Z
2026-09-05T16:31:41Z,2026-09-05T18:31:41+0200,fa75d70c-947c-4264-bf00-b7d014ff1049,2026-09-02T01:15:00Z,2026-09-02T03:15:00+0200,40455.387773,MW,DE,DE_LU,forecast_load,Forecasted Load,2026-09-05T16:32:01Z
2026-09-05T16:31:41Z,2026-09-05T18:31:41+0200,fa75d70c-947c-4264-bf00-b7d014ff1049,2026-09-02T01:30:00Z,2026-09-02T03:30:00+0200,40540.956456,MW,DE,DE_LU,forecast_load,Forecasted Load,2026-09-05T16:32:01Z
2026-09-05T16:31:41Z,2026-09-05T18:31:41+0200,fa75d70c-947c-4264-bf00-b7d014ff1049,2026-09-02T01:45:00Z,2026-09-02T03:45:00+0200,40870.908224,MW,DE,DE_LU,forecast_load,Forecasted Load,2026-09-05T16:32:01Z
2026-09-05T16:31:41Z,2026-09-05T18:31:41+0200,fa75d70c-947c-4264-bf00-b7d014ff1049,2026-09-02T02:00:00Z,2026-09-02T04:00:00+0200,41196.738027,MW,DE,DE_LU,forecast_load,Forecasted Load,2026-09-05T16:32:01Z
2026-09-05T16:31:41Z,2026-09-05T18:31:41+0200,fa75d70c-947c-4264-bf00-b7d014ff1049,2026-09-02T02:15:00Z,2026-09-02T04:15:00+0200,41585.082407,MW,DE,DE_LU,forecast_load,Forecasted Load,2026-09-05T16:32:01Z
2026-09-05T16:31:41Z,2026-09-05T18:31:41+0200,fa75d70c-947c-4264-bf00-b7d014ff1049,2026-09-02T02:30:00Z,2026-09-02T04:30:00+0200,41985.758436,MW,DE,DE_LU,forecast_load,Forecasted Load,2026-09-05T16:32:01Z
2026-09-05T16:31:41Z,2026-09-05T18:31:41+0200,fa75d70c-947c-4264-bf00-b7d014ff1049,2026-09-02T02:45:00Z,2026-09-02T04:45:00+0200,42607.631325,MW,DE,DE_LU,forecast_load,Forecasted Load,2026-09-05T16:32:01Z
2026-09-05T16:31:41Z,2026-09-05T18:31:41+0200,fa75d70c-947c-4264-bf00-b7d014ff1049,2026-09-02T03:00:00Z,2026-09-02T05:00:00+0200,43683.858546,MW,DE,DE_LU,forecast_load,Forecasted Load,2026-09-05T16:32:01Z
2026-09-05T16:31:41Z,2026-09-05T18:31:41+0200,fa75d70c-947c-4264-bf00-b7d014ff1049,2026-09-02T03:15:00Z,2026-09-02T05:15:00+0200,44329.150987,MW,DE,DE_LU,forecast_load,Forecasted Load,2026-09-05T16:32:01Z
2026-09-05T16:31:41Z,2026-09-05T18:31:41+0200,fa75d70c-947c-4264-bf00-b7d014ff1049,2026-09-02T03:30:00Z,2026-09-02T05:30:00+0200,44896.950757,MW,DE,DE_LU,forecast_load,Forecasted Load,2026-09-05T16:32:01Z
2026-09-05T16:31:41Z,2026-09-05T18:31:41+0200,fa75d70c-947c-4264-bf00-b7d014ff1049,2026-09-02T03:45:00Z,2026-09-02T05:45:00+0200,46399.188841,MW,DE,DE_LU,forecast_load,Forecasted Load,2026-09-05T16:32:01Z
2026-09-05T16:31:41Z,2026-09-05T18:31:41+0200,fa75d70c-947c-4264-bf00-b7d014ff1049,2026-09-02T04:00:00Z,2026-09-02T06:00:00+0200,48735.692134,MW,DE,DE_LU,forecast_load,Forecasted Load,2026-09-05T16:32:01Z
2026-09-05T16:31:41Z,2026-09-05T18:31:41+0200,fa75d70c-947c-4264-bf00-b7d014ff1049,2026-09-02T04:15:00Z,2026-09-02T06:15:00+0200,50258.211785,MW,DE,DE_LU,forecast_load,Forecasted Load,2026-09-05T16:32:01Z
2026-09-05T16:31:41Z,2026-09-05T18:31:41+0200,fa75d70c-947c-4264-bf00-b7d014ff1049,2026-09-02T04:30:00Z,2026-09-02T06:30:00+0200,51432.400946,MW,DE,DE_LU,forecast_load,Forecasted Load,2026-09-05T16:32:01Z
2026-09-05T16:31:41Z,2026-09-05T18:31:41+0200,fa75d70c-947c-4264-bf00-b7d014ff1049,2026-09-02T04:45:00Z,2026-09-02T06:45:00+0200,52643.16508,MW,DE,DE_LU,forecast_load,Forecasted Load,2026-09-05T16:32:01Z
2026-09-05T16:31:41Z,2026-09-05T18:31:41+0200,fa75d70c-947c-4264-bf00-b7d014ff1049,2026-09-02T05:00:00Z,2026-09-02T07:00:00+0200,54147.826977,MW,DE,DE_LU,forecast_load,Forecasted Load,2026-09-05T16:32:01Z
2026-09-05T16:31:41Z,2026-09-05T18:31:41+0200,fa75d70c-947c-4264-bf00-b7d014ff1049,2026-09-02T05:15:00Z,2026-09-02T07:15:00+0200,55175.618324,MW,DE,DE_LU,forecast_load,Forecasted Load,2026-09-05T16:32:01Z
2026-09-05T16:31:41Z,2026-09-05T18:31:41+0200,fa75d70c-947c-4264-bf00-b7d014ff1049,2026-09-02T05:30:00Z,2026-09-02T07:30:00+0200,56015.639424,MW,DE,DE_LU,forecast_load,Forecasted Load,2026-09-05T16:32:01Z
2026-09-05T16:31:41Z,2026-09-05T18:31:41+0200,fa75d70c-947c-4264-bf00-b7d014ff1049,2026-09-02T05:45:00Z,2026-09-02T07:45:00+0200,57016.020927,MW,DE,DE_LU,forecast_load,Forecasted Load,2026-09-05T16:32:01Z
2026-09-05T16:31:41Z,2026-09-05T18:31:41+0200,fa75d70c-947c-4264-bf00-b7d014ff1049,2026-09-02T06:00:00Z,2026-09-02T08:00:00+0200,57735.381509,MW,DE,DE_LU,forecast_load,Forecasted Load,2026-09-05T16:32:01Z
2026-09-05T16:31:41Z,2026-09-05T18:31:41+0200,fa75d70c-947c-4264-bf00-b7d014ff1049,2026-09-02T06:15:00Z,2026-09-02T08:15:00+0200,58472.243514,MW,DE,DE_LU,forecast_load,Forecasted Load,2026-09-05T16:32:01Z
2026-09-05T16:31:41Z,2026-09-05T18:31:41+0200,fa75d70c-947c-4264-bf00-b7d014ff1049,2026-09-02T06:30:00Z,2026-09-02T08:30:00+0200,59003.67907,MW,DE,DE_LU,forecast_load,Forecasted Load,2026-09-05T16:32:01Z
2026-09-05T16:31:41Z,2026-09-05T18:31:41+0200,fa75d70c-947c-4264-bf00-b7d014ff1049,2026-09-02T06:45:00Z,2026-09-02T08:45:00+0200,59450.09233,MW,DE,DE_LU,forecast_load,Forecasted Load,2026-09-05T16:32:01Z
2026-09-05T16:31:41Z,2026-09-05T18:31:41+0200,fa75d70c-947c-4264-bf00-b7d014ff1049,2026-09-02T07:00:00Z,2026-09-02T09:00:00+0200,59545.722776,MW,DE,DE_LU,forecast_load,Forecasted Load,2026-09-05T16:32:01Z
2026-09-05T16:31:41Z,2026-09-05T18:31:41+0200,fa75d70c-947c-4264-bf00-b7d014ff1049,2026-09-02T07:15:00Z,2026-09-02T09:15:00+0200,59668.45344,MW,DE,DE_LU,forecast_load,Forecasted Load,2026-09-05T16:32:01Z
2026-09-05T16:31:41Z,2026-09-05T18:31:41+0200,fa75d70c-947c-4264-bf00-b7d014ff1049,2026-09-02T07:30:00Z,2026-09-02T09:30:00+0200,59892.929086,MW,DE,DE_LU,forecast_load,Forecasted Load,2026-09-05T16:32:01Z
2026-09-05T16:31:41Z,2026-09-05T18:31:41+0200,fa75d70c-947c-4264-bf00-b7d014ff1049,2026-09-02T07:45:00Z,2026-09-02T09:45:00+0200,59893.493551,MW,DE,DE_LU,forecast_load,Forecasted Load,2026-09-05T16:32:01Z
2026-09-05T16:31:41Z,2026-09-05T18:31:41+0200,fa75d70c-947c-4264-bf00-b7d014ff1049,2026-09-02T08:00:00Z,2026-09-02T10:00:00+0200,59852.418388,MW,DE,DE_LU,forecast_load,Forecasted Load,2026-09-05T16:32:01Z
2026-09-05T16:31:41Z,2026-09-05T18:31:41+0200,fa75d70c-947c-4264-bf00-b7d014ff1049,2026-09-02T08:15:00Z,2026-09-02T10:15:00+0200,59989.348786,MW,DE,DE_LU,forecast_load,Forecasted Load,2026-09-05T16:32:01Z
2026-09-05T16:31:41Z,2026-09-05T18:31:41+0200,fa75d70c-947c-4264-bf00-b7d014ff1049,2026-09-02T08:30:00Z,2026-09-02T10:30:00+0200,59769.604463,MW,DE,DE_LU,forecast_load,Forecasted Load,2026-09-05T16:32:01Z
2026-09-05T16:31:41Z,2026-09-05T18:31:41+0200,fa75d70c-947c-4264-bf00-b7d014ff1049,2026-09-02T08:45:00Z,2026-09-02T10:45:00+0200,60136.395411,MW,DE,DE_LU,forecast_load,Forecasted Load,2026-09-05T16:32:01Z
2026-09-05T16:31:41Z,2026-09-05T18:31:41+0200,fa75d70c-947c-4264-bf00-b7d014ff1049,2026-09-02T09:00:00Z,2026-09-02T11:00:00+0200,60272.902016,MW,DE,DE_LU,forecast_load,Forecasted Load,2026-09-05T16:32:01Z
2026-09-05T16:31:41Z,2026-09-05T18:31:41+0200,fa75d70c-947c-4264-bf00-b7d014ff1049,2026-09-02T09:15:00Z,2026-09-02T11:15:00+0200,60358.807973,MW,DE,DE_LU,forecast_load,Forecasted Load,2026-09-05T16:32:01Z
2026-09-05T16:31:41Z,2026-09-05T18:31:41+0200,fa75d70c-947c-4264-bf00-b7d014ff1049,2026-09-02T09:30:00Z,2026-09-02T11:30:00+0200,59951.08057,MW,DE,DE_LU,forecast_load,Forecasted Load,2026-09-05T16:32:01Z
2026-09-05T16:31:41Z,2026-09-05T18:31:41+0200,fa75d70c-947c-4264-bf00-b7d014ff1049,2026-09-02T09:45:00Z,2026-09-02T11:45:00+0200,59982.249347,MW,DE,DE_LU,forecast_load,Forecasted Load,2026-09-05T16:32:01Z
2026-09-05T16:31:41Z,2026-09-05T18:31:41+0200,fa75d70c-947c-4264-bf00-b7d014ff1049,2026-09-02T10:00:00Z,2026-09-02T12:00:00+0200,59499.283053,MW,DE,DE_LU,forecast_load,Forecasted Load,2026-09-05T16:32:01Z
2026-09-05T16:31:41Z,2026-09-05T18:31:41+0200,fa75d70c-947c-4264-bf00-b7d014ff1049,2026-09-02T10:15:00Z,2026-09-02T12:15:00+0200,59561.14159,MW,DE,DE_LU,forecast_load,Forecasted Load,2026-09-05T16:32:01Z
2026-09-05T16:31:41Z,2026-09-05T18:31:41+0200,fa75d70c-947c-4264-bf00-b7d014ff1049,2026-09-02T10:30:00Z,2026-09-02T12:30:00+0200,59448.285558,MW,DE,DE_LU,forecast_load,Forecasted Load,2026-09-05T16:32:01Z
2026-09-05T16:31:41Z,2026-09-05T18:31:41+0200,fa75d70c-947c-4264-bf00-b7d014ff1049,2026-09-02T10:45:00Z,2026-09-02T12:45:00+0200,59326.920876,MW,DE,DE_LU,forecast_load,Forecasted Load,2026-09-05T16:32:01Z
2026-09-05T16:31:41Z,2026-09-05T18:31:41+0200,fa75d70c-947c-4264-bf00-b7d014ff1049,2026-09-02T11:00:00Z,2026-09-02T13:00:00+0200,59001.474014,MW,DE,DE_LU,forecast_load,Forecasted Load,2026-09-05T16:32:01Z
2026-09-05T16:31:41Z,2026-09-05T18:31:41+0200,fa75d70c-947c-4264-bf00-b7d014ff1049,2026-09-02T11:15:00Z,2026-09-02T13:15:00+0200,58802.163351,MW,DE,DE_LU,forecast_load,Forecasted Load,2026-09-05T16:32:01Z
2026-09-05T16:31:41Z,2026-09-05T18:31:41+0200,fa75d70c-947c-4264-bf00-b7d014ff1049,2026-09-02T11:30:00Z,2026-09-02T13:30:00+0200,58623.481546,MW,DE,DE_LU,forecast_load,Forecasted Load,2026-09-05T16:32:01Z
2026-09-05T16:31:41Z,2026-09-05T18:31:41+0200,fa75d70c-947c-4264-bf00-b7d014ff1049,2026-09-02T11:45:00Z,2026-09-02T13:45:00+0200,57679.823129,MW,DE,DE_LU,forecast_load,Forecasted Load,2026-09-05T16:32:01Z
2026-09-05T16:31:41Z,2026-09-05T18:31:41+0200,fa75d70c-947c-4264-bf00-b7d014ff1049,2026-09-02T12:00:00Z,2026-09-02T14:00:00+0200,57574.186987,MW,DE,DE_LU,forecast_load,Forecasted Load,2026-09-05T16:32:01Z
2026-09-05T16:31:41Z,2026-09-05T18:31:41+0200,fa75d70c-947c-4264-bf00-b7d014ff1049,2026-09-02T12:15:00Z,2026-09-02T14:15:00+0200,56922.509499,MW,DE,DE_LU,forecast_load,Forecasted Load,2026-09-05T16:32:01Z
2026-09-05T16:31:41Z,2026-09-05T18:31:41+0200,fa75d70c-947c-4264-bf00-b7d014ff1049,2026-09-02T12:30:00Z,2026-09-02T14:30:00+0200,56641.522178,MW,DE,DE_LU,forecast_load,Forecasted Load,2026-09-05T16:32:01Z
2026-09-05T16:31:41Z,2026-09-05T18:31:41+0200,fa75d70c-947c-4264-bf00-b7d014ff1049,2026-09-02T12:45:00Z,2026-09-02T14:45:00+0200,56398.047347,MW,DE,DE_LU,forecast_load,Forecasted Load,2026-09-05T16:32:01Z
2026-09-05T16:31:41Z,2026-09-05T18:31:41+0200,fa75d70c-947c-4264-bf00-b7d014ff1049,2026-09-02T13:00:00Z,2026-09-02T15:00:00+0200,56173.37144,MW,DE,DE_LU,forecast_load,Forecasted Load,2026-09-05T16:32:01Z
2026-09-05T16:31:41Z,2026-09-05T18:31:41+0200,fa75d70c-947c-4264-bf00-b7d014ff1049,2026-09-02T13:15:00Z,2026-09-02T15:15:00+0200,55939.61045,MW,DE,DE_LU,forecast_load,Forecasted Load,2026-09-05T16:32:01Z
2026-09-05T16:31:41Z,2026-09-05T18:31:41+0200,fa75d70c-947c-4264-bf00-b7d014ff1049,2026-09-02T13:30:00Z,2026-09-02T15:30:00+0200,55580.838791,MW,DE,DE_LU,forecast_load,Forecasted Load,2026-09-05T16:32:01Z
2026-09-05T16:31:41Z,2026-09-05T18:31:41+0200,fa75d70c-947c-4264-bf00-b7d014ff1049,2026-09-02T13:45:00Z,2026-09-02T15:45:00+0200,55303.122454,MW,DE,DE_LU,forecast_load,Forecasted Load,2026-09-05T16:32:01Z
2026-09-05T16:31:41Z,2026-09-05T18:31:41+0200,fa75d70c-947c-4264-bf00-b7d014ff1049,2026-09-02T14:00:00Z,2026-09-02T16:00:00+0200,56006.788968,MW,DE,DE_LU,forecast_load,Forecasted Load,2026-09-05T16:32:01Z
2026-09-05T16:31:41Z,2026-09-05T18:31:41+0200,fa75d70c-947c-4264-bf00-b7d014ff1049,2026-09-02T14:15:00Z,2026-09-02T16:15:00+0200,55844.746335,MW,DE,DE_LU,forecast_load,Forecasted Load,2026-09-05T16:32:01Z
2026-09-05T16:31:41Z,2026-09-05T18:31:41+0200,fa75d70c-947c-4264-bf00-b7d014ff1049,2026-09-02T14:30:00Z,2026-09-02T16:30:00+0200,55838.851116,MW,DE,DE_LU,forecast_load,Forecasted Load,2026-09-05T16:32:01Z
2026-09-05T16:31:41Z,2026-09-05T18:31:41+0200,fa75d70c-947c-4264-bf00-b7d014ff1049,2026-09-02T14:45:00Z,2026-09-02T16:45:00+0200,55985.710788,MW,DE,DE_LU,forecast_load,Forecasted Load,2026-09-05T16:32:01Z
2026-09-05T16:31:41Z,2026-09-05T18:31:41+0200,fa75d70c-947c-4264-bf00-b7d014ff1049,2026-09-02T15:00:00Z,2026-09-02T17:00:00+0200,56544.414459,MW,DE,DE_LU,forecast_load,Forecasted Load,2026-09-05T16:32:01Z
2026-09-05T16:31:41Z,2026-09-05T18:31:41+0200,fa75d70c-947c-4264-bf00-b7d014ff1049,2026-09-02T15:15:00Z,2026-09-02T17:15:00+0200,57064.294508,MW,DE,DE_LU,forecast_load,Forecasted Load,2026-09-05T16:32:01Z
2026-09-05T16:31:41Z,2026-09-05T18:31:41+0200,fa75d70c-947c-4264-bf00-b7d014ff1049,2026-09-02T15:30:00Z,2026-09-02T17:30:00+0200,57265.409936,MW,DE,DE_LU,forecast_load,Forecasted Load,2026-09-05T16:32:01Z
2026-09-05T16:31:41Z,2026-09-05T18:31:41+0200,fa75d70c-947c-4264-bf00-b7d014ff1049,2026-09-02T15:45:00Z,2026-09-02T17:45:00+0200,57424.011776,MW,DE,DE_LU,forecast_load,Forecasted Load,2026-09-05T16:32:01Z
2026-09-05T16:31:41Z,2026-09-05T18:31:41+0200,fa75d70c-947c-4264-bf00-b7d014ff1049,2026-09-02T16:00:00Z,2026-09-02T18:00:00+0200,57355.45244,MW,DE,DE_LU,forecast_load,Forecasted Load,2026-09-05T16:32:01Z
2026-09-05T16:31:41Z,2026-09-05T18:31:41+0200,fa75d70c-947c-4264-bf00-b7d014ff1049,2026-09-02T16:15:00Z,2026-09-02T18:15:00+0200,57361.333493,MW,DE,DE_LU,forecast_load,Forecasted Load,2026-09-05T16:32:01Z
2026-09-05T16:31:41Z,2026-09-05T18:31:41+0200,fa75d70c-947c-4264-bf00-b7d014ff1049,2026-09-02T16:30:00Z,2026-09-02T18:30:00+0200,57195.638846,MW,DE,DE_LU,forecast_load,Forecasted Load,2026-09-05T16:32:01Z
2026-09-05T16:31:41Z,2026-09-05T18:31:41+0200,fa75d70c-947c-4264-bf00-b7d014ff1049,2026-09-02T16:45:00Z,2026-09-02T18:45:00+0200,56985.026732,MW,DE,DE_LU,forecast_load,Forecasted Load,2026-09-05T16:32:01Z
2026-09-05T16:31:41Z,2026-09-05T18:31:41+0200,fa75d70c-947c-4264-bf00-b7d014ff1049,2026-09-02T17:00:00Z,2026-09-02T19:00:00+0200,56792.616918,MW,DE,DE_LU,forecast_load,Forecasted Load,2026-09-05T16:32:01Z
2026-09-05T16:31:41Z,2026-09-05T18:31:41+0200,fa75d70c-947c-4264-bf00-b7d014ff1049,2026-09-02T17:15:00Z,2026-09-02T19:15:00+0200,56899.455887,MW,DE,DE_LU,forecast_load,Forecasted Load,2026-09-05T16:32:01Z
2026-09-05T16:31:41Z,2026-09-05T18:31:41+0200,fa75d70c-947c-4264-bf00-b7d014ff1049,2026-09-02T17:30:00Z,2026-09-02T19:30:00+0200,56787.154381,MW,DE,DE_LU,forecast_load,Forecasted Load,2026-09-05T16:32:01Z
2026-09-05T16:31:41Z,2026-09-05T18:31:41+0200,fa75d70c-947c-4264-bf00-b7d014ff1049,2026-09-02T17:45:00Z,2026-09-02T19:45:00+0200,56349.091018,MW,DE,DE_LU,forecast_load,Forecasted Load,2026-09-05T16:32:01Z
2026-09-05T16:31:41Z,2026-09-05T18:31:41+0200,fa75d70c-947c-4264-bf00-b7d014ff1049,2026-09-02T18:00:00Z,2026-09-02T20:00:00+0200,55730.400725,MW,DE,DE_LU,forecast_load,Forecasted Load,2026-09-05T16:32:01Z
2026-09-05T16:31:41Z,2026-09-05T18:31:41+0200,fa75d70c-947c-4264-bf00-b7d014ff1049,2026-09-02T18:15:00Z,2026-09-02T20:15:00+0200,55007.52301,MW,DE,DE_LU,forecast_load,Forecasted Load,2026-09-05T16:32:01Z
2026-09-05T16:31:41Z,2026-09-05T18:31:41+0200,fa75d70c-947c-4264-bf00-b7d014ff1049,2026-09-02T18:30:00Z,2026-09-02T20:30:00+0200,54533.833666,MW,DE,DE_LU,forecast_load,Forecasted Load,2026-09-05T16:32:01Z
2026-09-05T16:31:41Z,2026-09-05T18:31:41+0200,fa75d70c-947c-4264-bf00-b7d014ff1049,2026-09-02T18:45:00Z,2026-09-02T20:45:00+0200,53987.069151,MW,DE,DE_LU,forecast_load,Forecasted Load,2026-09-05T16:32:01Z
2026-09-05T16:31:41Z,2026-09-05T18:31:41+0200,fa75d70c-947c-4264-bf00-b7d014ff1049,2026-09-02T19:00:00Z,2026-09-02T21:00:00+0200,53183.427717,MW,DE,DE_LU,forecast_load,Forecasted Load,2026-09-05T16:32:01Z
2026-09-05T16:31:41Z,2026-09-05T18:31:41+0200,fa75d70c-947c-4264-bf00-b7d014ff1049,2026-09-02T19:15:00Z,2026-09-02T21:15:00+0200,52547.42077,MW,DE,DE_LU,forecast_load,Forecasted Load,2026-09-05T16:32:01Z
2026-09-05T16:31:41Z,2026-09-05T18:31:41+0200,fa75d70c-947c-4264-bf00-b7d014ff1049,2026-09-02T19:30:00Z,2026-09-02T21:30:00+0200,51847.197629,MW,DE,DE_LU,forecast_load,Forecasted Load,2026-09-05T16:32:01Z
2026-09-05T16:31:41Z,2026-09-05T18:31:41+0200,fa75d70c-947c-4264-bf00-b7d014ff1049,2026-09-02T19:45:00Z,2026-09-02T21:45:00+0200,51109.034144,MW,DE,DE_LU,forecast_load,Forecasted Load,2026-09-05T16:32:01Z
2026-09-05T16:31:41Z,2026-09-05T18:31:41+0200,fa75d70c-947c-4264-bf00-b7d014ff1049,2026-09-02T20:00:00Z,2026-09-02T22:00:00+0200,50168.579201,MW,DE,DE_LU,forecast_load,Forecasted Load,2026-09-05T16:32:01Z
2026-09-05T16:31:41Z,2026-09-05T18:31:41+0200,fa75d70c-947c-4264-bf00-b7d014ff1049,2026-09-02T20:15:00Z,2026-09-02T22:15:00+0200,49403.458421,MW,DE,DE_LU,forecast_load,Forecasted Load,2026-09-05T16:32:01Z
2026-09-05T16:31:41Z,2026-09-05T18:31:41+0200,fa75d70c-947c-4264-bf00-b7d014ff1049,2026-09-02T20:30:00Z,2026-09-02T22:30:00+0200,48365.683669,MW,DE,DE_LU,forecast_load,Forecasted Load,2026-09-05T16:32:01Z
2026-09-05T16:31:41Z,2026-09-05T18:31:41+0200,fa75d70c-947c-4264-bf00-b7d014ff1049,2026-09-02T20:45:00Z,2026-09-02T22:45:00+0200,47504.052349,MW,DE,DE_LU,forecast_load,Forecasted Load,2026-09-05T16:32:01Z
2026-09-05T16:31:41Z,2026-09-05T18:31:41+0200,fa75d70c-947c-4264-bf00-b7d014ff1049,2026-09-02T21:00:00Z,2026-09-02T23:00:00+0200,46539.738145,MW,DE,DE_LU,forecast_load,Forecasted Load,2026-09-05T16:32:01Z
2026-09-05T16:31:41Z,2026-09-05T18:31:41+0200,fa75d70c-947c-4264-bf00-b7d014ff1049,2026-09-02T21:15:00Z,2026-09-02T23:15:00+0200,45738.386603,MW,DE,DE_LU,forecast_load,Forecasted Load,2026-09-05T16:32:01Z
2026-09-05T16:31:41Z,2026-09-05T18:31:41+0200,fa75d70c-947c-4264-bf00-b7d014ff1049,2026-09-02T21:30:00Z,2026-09-02T23:30:00+0200,45006.156573,MW,DE,DE_LU,forecast_load,Forecasted Load,2026-09-05T16:32:01Z
2026-09-05T16:31:41Z,2026-09-05T18:31:41+0200,fa75d70c-947c-4264-bf00-b7d014ff1049,2026-09-02T21:45:00Z,2026-09-02T23:45:00+0200,44305.475462,MW,DE,DE_LU,forecast_load,Forecasted Load,2026-09-05T16:32:01Z
2026-09-05T16:31:41Z,2026-09-05T18:31:41+0200,fa75d70c-947c-4264-bf00-b7d014ff1049,2026-09-02T22:00:00Z,2026-09-03T00:00:00+0200,44616.763532,MW,DE,DE_LU,forecast_load,Forecasted Load,2026-09-05T16:32:01Z
2026-09-05T16:31:41Z,2026-09-05T18:31:41+0200,fa75d70c-947c-4264-bf00-b7d014ff1049,2026-09-02T22:15:00Z,2026-09-03T00:15:00+0200,43903.744705,MW,DE,DE_LU,forecast_load,Forecasted Load,2026-09-05T16:32:01Z
2026-09-05T16:31:41Z,2026-09-05T18:31:41+0200,fa75d70c-947c-4264-bf00-b7d014ff1049,2026-09-02T22:30:00Z,2026-09-03T00:30:00+0200,43412.42651,MW,DE,DE_LU,forecast_load,Forecasted Load,2026-09-05T16:32:01Z
2026-09-05T16:31:41Z,2026-09-05T18:31:41+0200,fa75d70c-947c-4264-bf00-b7d014ff1049,2026-09-02T22:45:00Z,2026-09-03T00:45:00+0200,43034.488916,MW,DE,DE_LU,forecast_load,Forecasted Load,2026-09-05T16:32:01Z
2026-09-05T16:31:41Z,2026-09-05T18:31:41+0200,fa75d70c-947c-4264-bf00-b7d014ff1049,2026-09-02T23:00:00Z,2026-09-03T01:00:00+0200,42525.433578,MW,DE,DE_LU,forecast_load,Forecasted Load,2026-09-05T16:32:01Z
2026-09-05T16:31:41Z,2026-09-05T18:31:41+0200,fa75d70c-947c-4264-bf00-b7d014ff1049,2026-09-02T23:15:00Z,2026-09-03T01:15:00+0200,42073.583173,MW,DE,DE_LU,forecast_load,Forecasted Load,2026-09-05T16:32:01Z
2026-09-05T16:31:41Z,2026-09-05T18:31:41+0200,fa75d70c-947c-4264-bf00-b7d014ff1049,2026-09-02T23:30:00Z,2026-09-03T01:30:00+0200,41628.839148,MW,DE,DE_LU,forecast_load,Forecasted Load,2026-09-05T16:32:01Z
2026-09-05T16:31:41Z,2026-09-05T18:31:41+0200,fa75d70c-947c-4264-bf00-b7d014ff1049,2026-09-02T23:45:00Z,2026-09-03T01:45:00+0200,41465.613165,MW,DE,DE_LU,forecast_load,Forecasted Load,2026-09-05T16:32:01Z
2026-09-05T16:31:41Z,2026-09-05T18:31:41+0200,fa75d70c-947c-4264-bf00-b7d014ff1049,2026-09-03T00:00:00Z,2026-09-03T02:00:00+0200,41312.021873,MW,DE,DE_LU,forecast_load,Forecasted Load,2026-09-05T16:32:01Z
2026-09-05T16:31:41Z,2026-09-05T18:31:41+0200,fa75d70c-947c-4264-bf00-b7d014ff1049,2026-09-03T00:15:00Z,2026-09-03T02:15:00+0200,41120.752301,MW,DE,DE_LU,forecast_load,Forecasted Load,2026-09-05T16:32:01Z
2026-09-05T16:31:41Z,2026-09-05T18:31:41+0200,fa75d70c-947c-4264-bf00-b7d014ff1049,2026-09-03T00:30:00Z,2026-09-03T02:30:00+0200,40974.757974,MW,DE,DE_LU,forecast_load,Forecasted Load,2026-09-05T16:32:01Z
2026-09-05T16:31:41Z,2026-09-05T18:31:41+0200,fa75d70c-947c-4264-bf00-b7d014ff1049,2026-09-03T00:45:00Z,2026-09-03T02:45:00+0200,40797.114797,MW,DE,DE_LU,forecast_load,Forecasted Load,2026-09-05T16:32:01Z
2026-09-05T16:31:41Z,2026-09-05T18:31:41+0200,fa75d70c-947c-4264-bf00-b7d014ff1049,2026-09-03T01:00:00Z,2026-09-03T03:00:00+0200,40829.168888,MW,DE,DE_LU,forecast_load,Forecasted Load,2026-09-05T16:32:01Z
2026-09-05T16:31:41Z,2026-09-05T18:31:41+0200,fa75d70c-947c-4264-bf00-b7d014ff1049,2026-09-03T01:15:00Z,2026-09-03T03:15:00+0200,40945.497239,MW,DE,DE_LU,forecast_load,Forecasted Load,2026-09-05T16:32:01Z
2026-09-05T16:31:41Z,2026-09-05T18:31:41+0200,fa75d70c-947c-4264-bf00-b7d014ff1049,2026-09-03T01:30:00Z,2026-09-03T03:30:00+0200,40875.862408,MW,DE,DE_LU,forecast_load,Forecasted Load,2026-09-05T16:32:01Z
2026-09-05T16:31:41Z,2026-09-05T18:31:41+0200,fa75d70c-947c-4264-bf00-b7d014ff1049,2026-09-03T01:45:00Z,2026-09-03T03:45:00+0200,40979.105511,MW,DE,DE_LU,forecast_load,Forecasted Load,2026-09-05T16:32:01Z
2026-09-05T16:31:41Z,2026-09-05T18:31:41+0200,fa75d70c-947c-4264-bf00-b7d014ff1049,2026-09-03T02:00:00Z,2026-09-03T04:00:00+0200,41278.825666,MW,DE,DE_LU,forecast_load,Forecasted Load,2026-09-05T16:32:01Z
2026-09-05T16:31:41Z,2026-09-05T18:31:41+0200,fa75d70c-947c-4264-bf00-b7d014ff1049,2026-09-03T02:15:00Z,2026-09-03T04:15:00+0200,41575.812951,MW,DE,DE_LU,forecast_load,Forecasted Load,2026-09-05T16:32:01Z
2026-09-05T16:31:41Z,2026-09-05T18:31:41+0200,fa75d70c-947c-4264-bf00-b7d014ff1049,2026-09-03T02:30:00Z,2026-09-03T04:30:00+0200,42028.293824,MW,DE,DE_LU,forecast_load,Forecasted Load,2026-09-05T16:32:01Z
2026-09-05T16:31:41Z,2026-09-05T18:31:41+0200,fa75d70c-947c-4264-bf00-b7d014ff1049,2026-09-03T02:45:00Z,2026-09-03T04:45:00+0200,42350.058884,MW,DE,DE_LU,forecast_load,Forecasted Load,2026-09-05T16:32:01Z
2026-09-05T16:31:41Z,2026-09-05T18:31:41+0200,fa75d70c-947c-4264-bf00-b7d014ff1049,2026-09-03T03:00:00Z,2026-09-03T05:00:00+0200,43307.445837,MW,DE,DE_LU,forecast_load,Forecasted Load,2026-09-05T16:32:01Z
2026-09-05T16:31:41Z,2026-09-05T18:31:41+0200,fa75d70c-947c-4264-bf00-b7d014ff1049,2026-09-03T03:15:00Z,2026-09-03T05:15:00+0200,44303.503625,MW,DE,DE_LU,forecast_load,Forecasted Load,2026-09-05T16:32:01Z
2026-09-05T16:31:41Z,2026-09-05T18:31:41+0200,fa75d70c-947c-4264-bf00-b7d014ff1049,2026-09-03T03:30:00Z,2026-09-03T05:30:00+0200,45188.934888,MW,DE,DE_LU,forecast_load,Forecasted Load,2026-09-05T16:32:01Z
2026-09-05T16:31:41Z,2026-09-05T18:31:41+0200,fa75d70c-947c-4264-bf00-b7d014ff1049,2026-09-03T03:45:00Z,2026-09-03T05:45:00+0200,46462.99674,MW,DE,DE_LU,forecast_load,Forecasted Load,2026-09-05T16:32:01Z
2026-09-05T16:31:41Z,2026-09-05T18:31:41+0200,fa75d70c-947c-4264-bf00-b7d014ff1049,2026-09-03T04:00:00Z,2026-09-03T06:00:00+0200,48545.932788,MW,DE,DE_LU,forecast_load,Forecasted Load,2026-09-05T16:32:01Z
2026-09-05T16:31:41Z,2026-09-05T18:31:41+0200,fa75d70c-947c-4264-bf00-b7d014ff1049,2026-09-03T04:15:00Z,2026-09-03T06:15:00+0200,50149.45051,MW,DE,DE_LU,forecast_load,Forecasted Load,2026-09-05T16:32:01Z
2026-09-05T16:31:41Z,2026-09-05T18:31:41+0200,fa75d70c-947c-4264-bf00-b7d014ff1049,2026-09-03T04:30:00Z,2026-09-03T06:30:00+0200,51327.79391,MW,DE,DE_LU,forecast_load,Forecasted Load,2026-09-05T16:32:01Z
2026-09-05T16:31:41Z,2026-09-05T18:31:41+0200,fa75d70c-947c-4264-bf00-b7d014ff1049,2026-09-03T04:45:00Z,2026-09-03T06:45:00+0200,52492.172366,MW,DE,DE_LU,forecast_load,Forecasted Load,2026-09-05T16:32:01Z
2026-09-05T16:31:41Z,2026-09-05T18:31:41+0200,fa75d70c-947c-4264-bf00-b7d014ff1049,2026-09-03T05:00:00Z,2026-09-03T07:00:00+0200,53868.489864,MW,DE,DE_LU,forecast_load,Forecasted Load,2026-09-05T16:32:01Z
2026-09-05T16:31:41Z,2026-09-05T18:31:41+0200,fa75d70c-947c-4264-bf00-b7d014ff1049,2026-09-03T05:15:00Z,2026-09-03T07:15:00+0200,55307.800586,MW,DE,DE_LU,forecast_load,Forecasted Load,2026-09-05T16:32:01Z
2026-09-05T16:31:41Z,2026-09-05T18:31:41+0200,fa75d70c-947c-4264-bf00-b7d014ff1049,2026-09-03T05:30:00Z,2026-09-03T07:30:00+0200,56276.347815,MW,DE,DE_LU,forecast_load,Forecasted Load,2026-09-05T16:32:01Z
2026-09-05T16:31:41Z,2026-09-05T18:31:41+0200,fa75d70c-947c-4264-bf00-b7d014ff1049,2026-09-03T05:45:00Z,2026-09-03T07:45:00+0200,57526.187282,MW,DE,DE_LU,forecast_load,Forecasted Load,2026-09-05T16:32:01Z
2026-09-05T16:31:41Z,2026-09-05T18:31:41+0200,fa75d70c-947c-4264-bf00-b7d014ff1049,2026-09-03T06:00:00Z,2026-09-03T08:00:00+0200,58044.32389,MW,DE,DE_LU,forecast_load,Forecasted Load,2026-09-05T16:32:01Z
2026-09-05T16:31:41Z,2026-09-05T18:31:41+0200,fa75d70c-947c-4264-bf00-b7d014ff1049,2026-09-03T06:15:00Z,2026-09-03T08:15:00+0200,58818.530817,MW,DE,DE_LU,forecast_load,Forecasted Load,2026-09-05T16:32:01Z
2026-09-05T16:31:41Z,2026-09-05T18:31:41+0200,fa75d70c-947c-4264-bf00-b7d014ff1049,2026-09-03T06:30:00Z,2026-09-03T08:30:00+0200,59400.987329,MW,DE,DE_LU,forecast_load,Forecasted Load,2026-09-05T16:32:01Z
2026-09-05T16:31:41Z,2026-09-05T18:31:41+0200,fa75d70c-947c-4264-bf00-b7d014ff1049,2026-09-03T06:45:00Z,2026-09-03T08:45:00+0200,59744.506672,MW,DE,DE_LU,forecast_load,Forecasted Load,2026-09-05T16:32:01Z
2026-09-05T16:31:41Z,2026-09-05T18:31:41+0200,fa75d70c-947c-4264-bf00-b7d014ff1049,2026-09-03T07:00:00Z,2026-09-03T09:00:00+0200,59845.321383,MW,DE,DE_LU,forecast_load,Forecasted Load,2026-09-05T16:32:01Z
2026-09-05T16:31:41Z,2026-09-05T18:31:41+0200,fa75d70c-947c-4264-bf00-b7d014ff1049,2026-09-03T07:15:00Z,2026-09-03T09:15:00+0200,60120.386208,MW,DE,DE_LU,forecast_load,Forecasted Load,2026-09-05T16:32:01Z
2026-09-05T16:31:41Z,2026-09-05T18:31:41+0200,fa75d70c-947c-4264-bf00-b7d014ff1049,2026-09-03T07:30:00Z,2026-09-03T09:30:00+0200,60133.419916,MW,DE,DE_LU,forecast_load,Forecasted Load,2026-09-05T16:32:01Z
2026-09-05T16:31:41Z,2026-09-05T18:31:41+0200,fa75d70c-947c-4264-bf00-b7d014ff1049,2026-09-03T07:45:00Z,2026-09-03T09:45:00+0200,60497.876394,MW,DE,DE_LU,forecast_load,Forecasted Load,2026-09-05T16:32:01Z
2026-09-05T16:31:41Z,2026-09-05T18:31:41+0200,fa75d70c-947c-4264-bf00-b7d014ff1049,2026-09-03T08:00:00Z,2026-09-03T10:00:00+0200,60516.197472,MW,DE,DE_LU,forecast_load,Forecasted Load,2026-09-05T16:32:01Z
2026-09-05T16:31:41Z,2026-09-05T18:31:41+0200,fa75d70c-947c-4264-bf00-b7d014ff1049,2026-09-03T08:15:00Z,2026-09-03T10:15:00+0200,60630.267115,MW,DE,DE_LU,forecast_load,Forecasted Load,2026-09-05T16:32:01Z
2026-09-05T16:31:41Z,2026-09-05T18:31:41+0200,fa75d70c-947c-4264-bf00-b7d014ff1049,2026-09-03T08:30:00Z,2026-09-03T10:30:00+0200,60787.435596,MW,DE,DE_LU,forecast_load,Forecasted Load,2026-09-05T16:32:01Z
2026-09-05T16:31:41Z,2026-09-05T18:31:41+0200,fa75d70c-947c-4264-bf00-b7d014ff1049,2026-09-03T08:45:00Z,2026-09-03T10:45:00+0200,60056.881707,MW,DE,DE_LU,forecast_load,Forecasted Load,2026-09-05T16:32:01Z
2026-09-05T16:31:41Z,2026-09-05T18:31:41+0200,fa75d70c-947c-4264-bf00-b7d014ff1049,2026-09-03T09:00:00Z,2026-09-03T11:00:00+0200,60261.681611,MW,DE,DE_LU,forecast_load,Forecasted Load,2026-09-05T16:32:01Z
2026-09-05T16:31:41Z,2026-09-05T18:31:41+0200,fa75d70c-947c-4264-bf00-b7d014ff1049,2026-09-03T09:15:00Z,2026-09-03T11:15:00+0200,60386.685658,MW,DE,DE_LU,forecast_load,Forecasted Load,2026-09-05T16:32:01Z
2026-09-05T16:31:41Z,2026-09-05T18:31:41+0200,fa75d70c-947c-4264-bf00-b7d014ff1049,2026-09-03T09:30:00Z,2026-09-03T11:30:00+0200,60339.450094,MW,DE,DE_LU,forecast_load,Forecasted Load,2026-09-05T16:32:01Z
2026-09-05T16:31:41Z,2026-09-05T18:31:41+0200,fa75d70c-947c-4264-bf00-b7d014ff1049,2026-09-03T09:45:00Z,2026-09-03T11:45:00+0200,60491.52387,MW,DE,DE_LU,forecast_load,Forecasted Load,2026-09-05T16:32:01Z
2026-09-05T16:31:41Z,2026-09-05T18:31:41+0200,fa75d70c-947c-4264-bf00-b7d014ff1049,2026-09-03T10:00:00Z,2026-09-03T12:00:00+0200,60740.269171,MW,DE,DE_LU,forecast_load,Forecasted Load,2026-09-05T16:32:01Z
2026-09-05T16:31:41Z,2026-09-05T18:31:41+0200,fa75d70c-947c-4264-bf00-b7d014ff1049,2026-09-03T10:15:00Z,2026-09-03T12:15:00+0200,60170.634067,MW,DE,DE_LU,forecast_load,Forecasted Load,2026-09-05T16:32:01Z
2026-09-05T16:31:41Z,2026-09-05T18:31:41+0200,fa75d70c-947c-4264-bf00-b7d014ff1049,2026-09-03T10:30:00Z,2026-09-03T12:30:00+0200,59934.932979,MW,DE,DE_LU,forecast_load,Forecasted Load,2026-09-05T16:32:01Z
2026-09-05T16:31:41Z,2026-09-05T18:31:41+0200,fa75d70c-947c-4264-bf00-b7d014ff1049,2026-09-03T10:45:00Z,2026-09-03T12:45:00+0200,59694.154586,MW,DE,DE_LU,forecast_load,Forecasted Load,2026-09-05T16:32:01Z
2026-09-05T16:31:41Z,2026-09-05T18:31:41+0200,fa75d70c-947c-4264-bf00-b7d014ff1049,2026-09-03T11:00:00Z,2026-09-03T13:00:00+0200,59027.191464,MW,DE,DE_LU,forecast_load,Forecasted Load,2026-09-05T16:32:01Z
2026-09-05T16:31:41Z,2026-09-05T18:31:41+0200,fa75d70c-947c-4264-bf00-b7d014ff1049,2026-09-03T11:15:00Z,2026-09-03T13:15:00+0200,59272.392866,MW,DE,DE_LU,forecast_load,Forecasted Load,2026-09-05T16:32:01Z
2026-09-05T16:31:41Z,2026-09-05T18:31:41+0200,fa75d70c-947c-4264-bf00-b7d014ff1049,2026-09-03T11:30:00Z,2026-09-03T13:30:00+0200,58652.808112,MW,DE,DE_LU,forecast_load,Forecasted Load,2026-09-05T16:32:01Z
2026-09-05T16:31:41Z,2026-09-05T18:31:41+0200,fa75d70c-947c-4264-bf00-b7d014ff1049,2026-09-03T11:45:00Z,2026-09-03T13:45:00+0200,58347.874545,MW,DE,DE_LU,forecast_load,Forecasted Load,2026-09-05T16:32:01Z
2026-09-05T16:31:41Z,2026-09-05T18:31:41+0200,fa75d70c-947c-4264-bf00-b7d014ff1049,2026-09-03T12:00:00Z,2026-09-03T14:00:00+0200,57822.877293,MW,DE,DE_LU,forecast_load,Forecasted Load,2026-09-05T16:32:01Z
2026-09-05T16:31:41Z,2026-09-05T18:31:41+0200,fa75d70c-947c-4264-bf00-b7d014ff1049,2026-09-03T12:15:00Z,2026-09-03T14:15:00+0200,57632.817271,MW,DE,DE_LU,forecast_load,Forecasted Load,2026-09-05T16:32:01Z
2026-09-05T16:31:41Z,2026-09-05T18:31:41+0200,fa75d70c-947c-4264-bf00-b7d014ff1049,2026-09-03T12:30:00Z,2026-09-03T14:30:00+0200,57149.42363,MW,DE,DE_LU,forecast_load,Forecasted Load,2026-09-05T16:32:01Z
2026-09-05T16:31:41Z,2026-09-05T18:31:41+0200,fa75d70c-947c-4264-bf00-b7d014ff1049,2026-09-03T12:45:00Z,2026-09-03T14:45:00+0200,56670.880295,MW,DE,DE_LU,forecast_load,Forecasted Load,2026-09-05T16:32:01Z
2026-09-05T16:31:41Z,2026-09-05T18:31:41+0200,fa75d70c-947c-4264-bf00-b7d014ff1049,2026-09-03T13:00:00Z,2026-09-03T15:00:00+0200,56411.572533,MW,DE,DE_LU,forecast_load,Forecasted Load,2026-09-05T16:32:01Z
2026-09-05T16:31:41Z,2026-09-05T18:31:41+0200,fa75d70c-947c-4264-bf00-b7d014ff1049,2026-09-03T13:15:00Z,2026-09-03T15:15:00+0200,56411.68327,MW,DE,DE_LU,forecast_load,Forecasted Load,2026-09-05T16:32:01Z
2026-09-05T16:31:41Z,2026-09-05T18:31:41+0200,fa75d70c-947c-4264-bf00-b7d014ff1049,2026-09-03T13:30:00Z,2026-09-03T15:30:00+0200,56065.444871,MW,DE,DE_LU,forecast_load,Forecasted Load,2026-09-05T16:32:01Z
2026-09-05T16:31:41Z,2026-09-05T18:31:41+0200,fa75d70c-947c-4264-bf00-b7d014ff1049,2026-09-03T13:45:00Z,2026-09-03T15:45:00+0200,55835.647939,MW,DE,DE_LU,forecast_load,Forecasted Load,2026-09-05T16:32:01Z
2026-09-05T16:31:41Z,2026-09-05T18:31:41+0200,fa75d70c-947c-4264-bf00-b7d014ff1049,2026-09-03T14:00:00Z,2026-09-03T16:00:00+0200,57006.123149,MW,DE,DE_LU,forecast_load,Forecasted Load,2026-09-05T16:32:01Z
2026-09-05T16:31:41Z,2026-09-05T18:31:41+0200,fa75d70c-947c-4264-bf00-b7d014ff1049,2026-09-03T14:15:00Z,2026-09-03T16:15:00+0200,56144.447984,MW,DE,DE_LU,forecast_load,Forecasted Load,2026-09-05T16:32:01Z
2026-09-05T16:31:41Z,2026-09-05T18:31:41+0200,fa75d70c-947c-4264-bf00-b7d014ff1049,2026-09-03T14:30:00Z,2026-09-03T16:30:00+0200,55852.351282,MW,DE,DE_LU,forecast_load,Forecasted Load,2026-09-05T16:32:01Z
2026-09-05T16:31:41Z,2026-09-05T18:31:41+0200,fa75d70c-947c-4264-bf00-b7d014ff1049,2026-09-03T14:45:00Z,2026-09-03T16:45:00+0200,56416.213071,MW,DE,DE_LU,forecast_load,Forecasted Load,2026-09-05T16:32:01Z
2026-09-05T16:31:41Z,2026-09-05T18:31:41+0200,fa75d70c-947c-4264-bf00-b7d014ff1049,2026-09-03T15:00:00Z,2026-09-03T17:00:00+0200,55690.415097,MW,DE,DE_LU,forecast_load,Forecasted Load,2026-09-05T16:32:01Z
2026-09-05T16:31:41Z,2026-09-05T18:31:41+0200,fa75d70c-947c-4264-bf00-b7d014ff1049,2026-09-03T15:15:00Z,2026-09-03T17:15:00+0200,55471.570713,MW,DE,DE_LU,forecast_load,Forecasted Load,2026-09-05T16:32:01Z
2026-09-05T16:31:41Z,2026-09-05T18:31:41+0200,fa75d70c-947c-4264-bf00-b7d014ff1049,2026-09-03T15:30:00Z,2026-09-03T17:30:00+0200,56166.812792,MW,DE,DE_LU,forecast_load,Forecasted Load,2026-09-05T16:32:01Z
2026-09-05T16:31:41Z,2026-09-05T18:31:41+0200,fa75d70c-947c-4264-bf00-b7d014ff1049,2026-09-03T15:45:00Z,2026-09-03T17:45:00+0200,56628.258011,MW,DE,DE_LU,forecast_load,Forecasted Load,2026-09-05T16:32:01Z
2026-09-05T16:31:41Z,2026-09-05T18:31:41+0200,fa75d70c-947c-4264-bf00-b7d014ff1049,2026-09-03T16:00:00Z,2026-09-03T18:00:00+0200,56636.485889,MW,DE,DE_LU,forecast_load,Forecasted Load,2026-09-05T16:32:01Z
2026-09-05T16:31:41Z,2026-09-05T18:31:41+0200,fa75d70c-947c-4264-bf00-b7d014ff1049,2026-09-03T16:15:00Z,2026-09-03T18:15:00+0200,56854.329481,MW,DE,DE_LU,forecast_load,Forecasted Load,2026-09-05T16:32:01Z
2026-09-05T16:31:41Z,2026-09-05T18:31:41+0200,fa75d70c-947c-4264-bf00-b7d014ff1049,2026-09-03T16:30:00Z,2026-09-03T18:30:00+0200,57475.165365,MW,DE,DE_LU,forecast_load,Forecasted Load,2026-09-05T16:32:01Z
2026-09-05T16:31:41Z,2026-09-05T18:31:41+0200,fa75d70c-947c-4264-bf00-b7d014ff1049,2026-09-03T16:45:00Z,2026-09-03T18:45:00+0200,57452.766641,MW,DE,DE_LU,forecast_load,Forecasted Load,2026-09-05T16:32:01Z
2026-09-05T16:31:41Z,2026-09-05T18:31:41+0200,fa75d70c-947c-4264-bf00-b7d014ff1049,2026-09-03T17:00:00Z,2026-09-03T19:00:00+0200,57669.187814,MW,DE,DE_LU,forecast_load,Forecasted Load,2026-09-05T16:32:01Z
2026-09-05T16:31:41Z,2026-09-05T18:31:41+0200,fa75d70c-947c-4264-bf00-b7d014ff1049,2026-09-03T17:15:00Z,2026-09-03T19:15:00+0200,57205.714246,MW,DE,DE_LU,forecast_load,Forecasted Load,2026-09-05T16:32:01Z
2026-09-05T16:31:41Z,2026-09-05T18:31:41+0200,fa75d70c-947c-4264-bf00-b7d014ff1049,2026-09-03T17:30:00Z,2026-09-03T19:30:00+0200,57129.289726,MW,DE,DE_LU,forecast_load,Forecasted Load,2026-09-05T16:32:01Z
2026-09-05T16:31:41Z,2026-09-05T18:31:41+0200,fa75d70c-947c-4264-bf00-b7d014ff1049,2026-09-03T17:45:00Z,2026-09-03T19:45:00+0200,56907.553476,MW,DE,DE_LU,forecast_load,Forecasted Load,2026-09-05T16:32:01Z
2026-09-05T16:31:41Z,2026-09-05T18:31:41+0200,fa75d70c-947c-4264-bf00-b7d014ff1049,2026-09-03T18:00:00Z,2026-09-03T20:00:00+0200,56476.532973,MW,DE,DE_LU,forecast_load,Forecasted Load,2026-09-05T16:32:01Z
2026-09-05T16:31:41Z,2026-09-05T18:31:41+0200,fa75d70c-947c-4264-bf00-b7d014ff1049,2026-09-03T18:15:00Z,2026-09-03T20:15:00+0200,56217.575407,MW,DE,DE_LU,forecast_load,Forecasted Load,2026-09-05T16:32:01Z
2026-09-05T16:31:41Z,2026-09-05T18:31:41+0200,fa75d70c-947c-4264-bf00-b7d014ff1049,2026-09-03T18:30:00Z,2026-09-03T20:30:00+0200,55801.321282,MW,DE,DE_LU,forecast_load,Forecasted Load,2026-09-05T16:32:01Z
2026-09-05T16:31:41Z,2026-09-05T18:31:41+0200,fa75d70c-947c-4264-bf00-b7d014ff1049,2026-09-03T18:45:00Z,2026-09-03T20:45:00+0200,55257.414421,MW,DE,DE_LU,forecast_load,Forecasted Load,2026-09-05T16:32:01Z
2026-09-05T16:31:41Z,2026-09-05T18:31:41+0200,fa75d70c-947c-4264-bf00-b7d014ff1049,2026-09-03T19:00:00Z,2026-09-03T21:00:00+0200,54394.819904,MW,DE,DE_LU,forecast_load,Forecasted Load,2026-09-05T16:32:01Z
2026-09-05T16:31:41Z,2026-09-05T18:31:41+0200,fa75d70c-947c-4264-bf00-b7d014ff1049,2026-09-03T19:15:00Z,2026-09-03T21:15:00+0200,53663.628014,MW,DE,DE_LU,forecast_load,Forecasted Load,2026-09-05T16:32:01Z
2026-09-05T16:31:41Z,2026-09-05T18:31:41+0200,fa75d70c-947c-4264-bf00-b7d014ff1049,2026-09-03T19:30:00Z,2026-09-03T21:30:00+0200,52698.153349,MW,DE,DE_LU,forecast_load,Forecasted Load,2026-09-05T16:32:01Z
2026-09-05T16:31:41Z,2026-09-05T18:31:41+0200,fa75d70c-947c-4264-bf00-b7d014ff1049,2026-09-03T19:45:00Z,2026-09-03T21:45:00+0200,51906.417232,MW,DE,DE_LU,forecast_load,Forecasted Load,2026-09-05T16:32:01Z
2026-09-05T16:31:41Z,2026-09-05T18:31:41+0200,fa75d70c-947c-4264-bf00-b7d014ff1049,2026-09-03T20:00:00Z,2026-09-03T22:00:00+0200,50655.370952,MW,DE,DE_LU,forecast_load,Forecasted Load,2026-09-05T16:32:01Z
2026-09-05T16:31:41Z,2026-09-05T18:31:41+0200,fa75d70c-947c-4264-bf00-b7d014ff1049,2026-09-03T20:15:00Z,2026-09-03T22:15:00+0200,50181.287633,MW,DE,DE_LU,forecast_load,Forecasted Load,2026-09-05T16:32:01Z
2026-09-05T16:31:41Z,2026-09-05T18:31:41+0200,fa75d70c-947c-4264-bf00-b7d014ff1049,2026-09-03T20:30:00Z,2026-09-03T22:30:00+0200,49202.877732,MW,DE,DE_LU,forecast_load,Forecasted Load,2026-09-05T16:32:01Z
2026-09-05T16:31:41Z,2026-09-05T18:31:41+0200,fa75d70c-947c-4264-bf00-b7d014ff1049,2026-09-03T20:45:00Z,2026-09-03T22:45:00+0200,48438.165048,MW,DE,DE_LU,forecast_load,Forecasted Load,2026-09-05T16:32:01Z
2026-09-05T16:31:41Z,2026-09-05T18:31:41+0200,fa75d70c-947c-4264-bf00-b7d014ff1049,2026-09-03T21:00:00Z,2026-09-03T23:00:00+0200,47427.442873,MW,DE,DE_LU,forecast_load,Forecasted Load,2026-09-05T16:32:01Z
2026-09-05T16:31:41Z,2026-09-05T18:31:41+0200,fa75d70c-947c-4264-bf00-b7d014ff1049,2026-09-03T21:15:00Z,2026-09-03T23:15:00+0200,46805.307702,MW,DE,DE_LU,forecast_load,Forecasted Load,2026-09-05T16:32:01Z
2026-09-05T16:31:41Z,2026-09-05T18:31:41+0200,fa75d70c-947c-4264-bf00-b7d014ff1049,2026-09-03T21:30:00Z,2026-09-03T23:30:00+0200,46015.524536,MW,DE,DE_LU,forecast_load,Forecasted Load,2026-09-05T16:32:01Z
2026-09-05T16:31:41Z,2026-09-05T18:31:41+0200,fa75d70c-947c-4264-bf00-b7d014ff1049,2026-09-03T21:45:00Z,2026-09-03T23:45:00+0200,45249.497011,MW,DE,DE_LU,forecast_load,Forecasted Load,2026-09-05T16:32:01Z
2026-09-05T16:31:41Z,2026-09-05T18:31:41+0200,fa75d70c-947c-4264-bf00-b7d014ff1049,2026-09-03T22:00:00Z,2026-09-04T00:00:00+0200,44021.407474,MW,DE,DE_LU,forecast_load,Forecasted Load,2026-09-05T16:32:01Z
2026-09-05T16:31:41Z,2026-09-05T18:31:41+0200,fa75d70c-947c-4264-bf00-b7d014ff1049,2026-09-03T22:15:00Z,2026-09-04T00:15:00+0200,43455.112296,MW,DE,DE_LU,forecast_load,Forecasted Load,2026-09-05T16:32:01Z
2026-09-05T16:31:41Z,2026-09-05T18:31:41+0200,fa75d70c-947c-4264-bf00-b7d014ff1049,2026-09-03T22:30:00Z,2026-09-04T00:30:00+0200,42983.76223,MW,DE,DE_LU,forecast_load,Forecasted Load,2026-09-05T16:32:01Z
2026-09-05T16:31:41Z,2026-09-05T18:31:41+0200,fa75d70c-947c-4264-bf00-b7d014ff1049,2026-09-03T22:45:00Z,2026-09-04T00:45:00+0200,42745.812926,MW,DE,DE_LU,forecast_load,Forecasted Load,2026-09-05T16:32:01Z
2026-09-05T16:31:41Z,2026-09-05T18:31:41+0200,fa75d70c-947c-4264-bf00-b7d014ff1049,2026-09-03T23:00:00Z,2026-09-04T01:00:00+0200,42344.989094,MW,DE,DE_LU,forecast_load,Forecasted Load,2026-09-05T16:32:01Z
2026-09-05T16:31:41Z,2026-09-05T18:31:41+0200,fa75d70c-947c-4264-bf00-b7d014ff1049,2026-09-03T23:15:00Z,2026-09-04T01:15:00+0200,41914.187885,MW,DE,DE_LU,forecast_load,Forecasted Load,2026-09-05T16:32:01Z
2026-09-05T16:31:41Z,2026-09-05T18:31:41+0200,fa75d70c-947c-4264-bf00-b7d014ff1049,2026-09-03T23:30:00Z,2026-09-04T01:30:00+0200,41541.841179,MW,DE,DE_LU,forecast_load,Forecasted Load,2026-09-05T16:32:01Z
2026-09-05T16:31:41Z,2026-09-05T18:31:41+0200,fa75d70c-947c-4264-bf00-b7d014ff1049,2026-09-03T23:45:00Z,2026-09-04T01:45:00+0200,41316.441367,MW,DE,DE_LU,forecast_load,Forecasted Load,2026-09-05T16:32:01Z
2026-09-05T16:31:41Z,2026-09-05T18:31:41+0200,fa75d70c-947c-4264-bf00-b7d014ff1049,2026-09-04T00:00:00Z,2026-09-04T02:00:00+0200,41184.589486,MW,DE,DE_LU,forecast_load,Forecasted Load,2026-09-05T16:32:01Z
2026-09-05T16:31:41Z,2026-09-05T18:31:41+0200,fa75d70c-947c-4264-bf00-b7d014ff1049,2026-09-04T00:15:00Z,2026-09-04T02:15:00+0200,41038.417025,MW,DE,DE_LU,forecast_load,Forecasted Load,2026-09-05T16:32:01Z
2026-09-05T16:31:41Z,2026-09-05T18:31:41+0200,fa75d70c-947c-4264-bf00-b7d014ff1049,2026-09-04T00:30:00Z,2026-09-04T02:30:00+0200,41179.116055,MW,DE,DE_LU,forecast_load,Forecasted Load,2026-09-05T16:32:01Z
2026-09-05T16:31:41Z,2026-09-05T18:31:41+0200,fa75d70c-947c-4264-bf00-b7d014ff1049,2026-09-04T00:45:00Z,2026-09-04T02:45:00+0200,40931.008077,MW,DE,DE_LU,forecast_load,Forecasted Load,2026-09-05T16:32:01Z
2026-09-05T16:31:41Z,2026-09-05T18:31:41+0200,fa75d70c-947c-4264-bf00-b7d014ff1049,2026-09-04T01:00:00Z,2026-09-04T03:00:00+0200,40871.857014,MW,DE,DE_LU,forecast_load,Forecasted Load,2026-09-05T16:32:01Z
2026-09-05T16:31:41Z,2026-09-05T18:31:41+0200,fa75d70c-947c-4264-bf00-b7d014ff1049,2026-09-04T01:15:00Z,2026-09-04T03:15:00+0200,40904.218811,MW,DE,DE_LU,forecast_load,Forecasted Load,2026-09-05T16:32:01Z
2026-09-05T16:31:41Z,2026-09-05T18:31:41+0200,fa75d70c-947c-4264-bf00-b7d014ff1049,2026-09-04T01:30:00Z,2026-09-04T03:30:00+0200,40924.013438,MW,DE,DE_LU,forecast_load,Forecasted Load,2026-09-05T16:32:01Z
2026-09-05T16:31:41Z,2026-09-05T18:31:41+0200,fa75d70c-947c-4264-bf00-b7d014ff1049,2026-09-04T01:45:00Z,2026-09-04T03:45:00+0200,41149.708753,MW,DE,DE_LU,forecast_load,Forecasted Load,2026-09-05T16:32:01Z
2026-09-05T16:31:41Z,2026-09-05T18:31:41+0200,fa75d70c-947c-4264-bf00-b7d014ff1049,2026-09-04T02:00:00Z,2026-09-04T04:00:00+0200,41589.910133,MW,DE,DE_LU,forecast_load,Forecasted Load,2026-09-05T16:32:01Z
2026-09-05T16:31:41Z,2026-09-05T18:31:41+0200,fa75d70c-947c-4264-bf00-b7d014ff1049,2026-09-04T02:15:00Z,2026-09-04T04:15:00+0200,41879.132641,MW,DE,DE_LU,forecast_load,Forecasted Load,2026-09-05T16:32:01Z
2026-09-05T16:31:41Z,2026-09-05T18:31:41+0200,fa75d70c-947c-4264-bf00-b7d014ff1049,2026-09-04T02:30:00Z,2026-09-04T04:30:00+0200,42341.758934,MW,DE,DE_LU,forecast_load,Forecasted Load,2026-09-05T16:32:01Z
2026-09-05T16:31:41Z,2026-09-05T18:31:41+0200,fa75d70c-947c-4264-bf00-b7d014ff1049,2026-09-04T02:45:00Z,2026-09-04T04:45:00+0200,42592.715402,MW,DE,DE_LU,forecast_load,Forecasted Load,2026-09-05T16:32:01Z
2026-09-05T16:31:41Z,2026-09-05T18:31:41+0200,fa75d70c-947c-4264-bf00-b7d014ff1049,2026-09-04T03:00:00Z,2026-09-04T05:00:00+0200,43557.955928,MW,DE,DE_LU,forecast_load,Forecasted Load,2026-09-05T16:32:01Z
2026-09-05T16:31:41Z,2026-09-05T18:31:41+0200,fa75d70c-947c-4264-bf00-b7d014ff1049,2026-09-04T03:15:00Z,2026-09-04T05:15:00+0200,44586.126287,MW,DE,DE_LU,forecast_load,Forecasted Load,2026-09-05T16:32:01Z
2026-09-05T16:31:41Z,2026-09-05T18:31:41+0200,fa75d70c-947c-4264-bf00-b7d014ff1049,2026-09-04T03:30:00Z,2026-09-04T05:30:00+0200,45506.701461,MW,DE,DE_LU,forecast_load,Forecasted Load,2026-09-05T16:32:01Z
2026-09-05T16:31:41Z,2026-09-05T18:31:41+0200,fa75d70c-947c-4264-bf00-b7d014ff1049,2026-09-04T03:45:00Z,2026-09-04T05:45:00+0200,46876.947183,MW,DE,DE_LU,forecast_load,Forecasted Load,2026-09-05T16:32:01Z
2026-09-05T16:31:41Z,2026-09-05T18:31:41+0200,fa75d70c-947c-4264-bf00-b7d014ff1049,2026-09-04T04:00:00Z,2026-09-04T06:00:00+0200,48815.201062,MW,DE,DE_LU,forecast_load,Forecasted Load,2026-09-05T16:32:01Z
2026-09-05T16:31:41Z,2026-09-05T18:31:41+0200,fa75d70c-947c-4264-bf00-b7d014ff1049,2026-09-04T04:15:00Z,2026-09-04T06:15:00+0200,50235.628475,MW,DE,DE_LU,forecast_load,Forecasted Load,2026-09-05T16:32:01Z
2026-09-05T16:31:41Z,2026-09-05T18:31:41+0200,fa75d70c-947c-4264-bf00-b7d014ff1049,2026-09-04T04:30:00Z,2026-09-04T06:30:00+0200,51531.107946,MW,DE,DE_LU,forecast_load,Forecasted Load,2026-09-05T16:32:01Z
2026-09-05T16:31:41Z,2026-09-05T18:31:41+0200,fa75d70c-947c-4264-bf00-b7d014ff1049,2026-09-04T04:45:00Z,2026-09-04T06:45:00+0200,52361.605634,MW,DE,DE_LU,forecast_load,Forecasted Load,2026-09-05T16:32:01Z
2026-09-05T16:31:41Z,2026-09-05T18:31:41+0200,fa75d70c-947c-4264-bf00-b7d014ff1049,2026-09-04T05:00:00Z,2026-09-04T07:00:00+0200,53193.184024,MW,DE,DE_LU,forecast_load,Forecasted Load,2026-09-05T16:32:01Z
2026-09-05T16:31:41Z,2026-09-05T18:31:41+0200,fa75d70c-947c-4264-bf00-b7d014ff1049,2026-09-04T05:15:00Z,2026-09-04T07:15:00+0200,54408.155811,MW,DE,DE_LU,forecast_load,Forecasted Load,2026-09-05T16:32:01Z
2026-09-05T16:31:41Z,2026-09-05T18:31:41+0200,fa75d70c-947c-4264-bf00-b7d014ff1049,2026-09-04T05:30:00Z,2026-09-04T07:30:00+0200,55146.221887,MW,DE,DE_LU,forecast_load,Forecasted Load,2026-09-05T16:32:01Z
2026-09-05T16:31:41Z,2026-09-05T18:31:41+0200,fa75d70c-947c-4264-bf00-b7d014ff1049,2026-09-04T05:45:00Z,2026-09-04T07:45:00+0200,56358.487855,MW,DE,DE_LU,forecast_load,Forecasted Load,2026-09-05T16:32:01Z
2026-09-05T16:31:41Z,2026-09-05T18:31:41+0200,fa75d70c-947c-4264-bf00-b7d014ff1049,2026-09-04T06:00:00Z,2026-09-04T08:00:00+0200,57145.99121,MW,DE,DE_LU,forecast_load,Forecasted Load,2026-09-05T16:32:01Z
2026-09-05T16:31:41Z,2026-09-05T18:31:41+0200,fa75d70c-947c-4264-bf00-b7d014ff1049,2026-09-04T06:15:00Z,2026-09-04T08:15:00+0200,58134.953329,MW,DE,DE_LU,forecast_load,Forecasted Load,2026-09-05T16:32:01Z
2026-09-05T16:31:41Z,2026-09-05T18:31:41+0200,fa75d70c-947c-4264-bf00-b7d014ff1049,2026-09-04T06:30:00Z,2026-09-04T08:30:00+0200,58742.450456,MW,DE,DE_LU,forecast_load,Forecasted Load,2026-09-05T16:32:01Z
2026-09-05T16:31:41Z,2026-09-05T18:31:41+0200,fa75d70c-947c-4264-bf00-b7d014ff1049,2026-09-04T06:45:00Z,2026-09-04T08:45:00+0200,59538.920199,MW,DE,DE_LU,forecast_load,Forecasted Load,2026-09-05T16:32:01Z
2026-09-05T16:31:41Z,2026-09-05T18:31:41+0200,fa75d70c-947c-4264-bf00-b7d014ff1049,2026-09-04T07:00:00Z,2026-09-04T09:00:00+0200,59691.285917,MW,DE,DE_LU,forecast_load,Forecasted Load,2026-09-05T16:32:01Z
2026-09-05T16:31:41Z,2026-09-05T18:31:41+0200,fa75d70c-947c-4264-bf00-b7d014ff1049,2026-09-04T07:15:00Z,2026-09-04T09:15:00+0200,60128.297956,MW,DE,DE_LU,forecast_load,Forecasted Load,2026-09-05T16:32:01Z
2026-09-05T16:31:41Z,2026-09-05T18:31:41+0200,fa75d70c-947c-4264-bf00-b7d014ff1049,2026-09-04T07:30:00Z,2026-09-04T09:30:00+0200,60103.349626,MW,DE,DE_LU,forecast_load,Forecasted Load,2026-09-05T16:32:01Z
2026-09-05T16:31:41Z,2026-09-05T18:31:41+0200,fa75d70c-947c-4264-bf00-b7d014ff1049,2026-09-04T07:45:00Z,2026-09-04T09:45:00+0200,60510.052031,MW,DE,DE_LU,forecast_load,Forecasted Load,2026-09-05T16:32:01Z
2026-09-05T16:31:41Z,2026-09-05T18:31:41+0200,fa75d70c-947c-4264-bf00-b7d014ff1049,2026-09-04T08:00:00Z,2026-09-04T10:00:00+0200,60673.095678,MW,DE,DE_LU,forecast_load,Forecasted Load,2026-09-05T16:32:01Z
2026-09-05T16:31:41Z,2026-09-05T18:31:41+0200,fa75d70c-947c-4264-bf00-b7d014ff1049,2026-09-04T08:15:00Z,2026-09-04T10:15:00+0200,61013.074042,MW,DE,DE_LU,forecast_load,Forecasted Load,2026-09-05T16:32:01Z
2026-09-05T16:31:41Z,2026-09-05T18:31:41+0200,fa75d70c-947c-4264-bf00-b7d014ff1049,2026-09-04T08:30:00Z,2026-09-04T10:30:00+0200,60633.762026,MW,DE,DE_LU,forecast_load,Forecasted Load,2026-09-05T16:32:01Z
2026-09-05T16:31:41Z,2026-09-05T18:31:41+0200,fa75d70c-947c-4264-bf00-b7d014ff1049,2026-09-04T08:45:00Z,2026-09-04T10:45:00+0200,60939.881974,MW,DE,DE_LU,forecast_load,Forecasted Load,2026-09-05T16:32:01Z
2026-09-05T16:31:41Z,2026-09-05T18:31:41+0200,fa75d70c-947c-4264-bf00-b7d014ff1049,2026-09-04T09:00:00Z,2026-09-04T11:00:00+0200,60534.882162,MW,DE,DE_LU,forecast_load,Forecasted Load,2026-09-05T16:32:01Z
2026-09-05T16:31:41Z,2026-09-05T18:31:41+0200,fa75d70c-947c-4264-bf00-b7d014ff1049,2026-09-04T09:15:00Z,2026-09-04T11:15:00+0200,60103.534811,MW,DE,DE_LU,forecast_load,Forecasted Load,2026-09-05T16:32:01Z
2026-09-05T16:31:41Z,2026-09-05T18:31:41+0200,fa75d70c-947c-4264-bf00-b7d014ff1049,2026-09-04T09:30:00Z,2026-09-04T11:30:00+0200,60475.033775,MW,DE,DE_LU,forecast_load,Forecasted Load,2026-09-05T16:32:01Z
2026-09-05T16:31:41Z,2026-09-05T18:31:41+0200,fa75d70c-947c-4264-bf00-b7d014ff1049,2026-09-04T09:45:00Z,2026-09-04T11:45:00+0200,60195.660174,MW,DE,DE_LU,forecast_load,Forecasted Load,2026-09-05T16:32:01Z
2026-09-05T16:31:41Z,2026-09-05T18:31:41+0200,fa75d70c-947c-4264-bf00-b7d014ff1049,2026-09-04T10:00:00Z,2026-09-04T12:00:00+0200,59785.046881,MW,DE,DE_LU,forecast_load,Forecasted Load,2026-09-05T16:32:01Z
2026-09-05T16:31:41Z,2026-09-05T18:31:41+0200,fa75d70c-947c-4264-bf00-b7d014ff1049,2026-09-04T10:15:00Z,2026-09-04T12:15:00+0200,59502.323705,MW,DE,DE_LU,forecast_load,Forecasted Load,2026-09-05T16:32:01Z
2026-09-05T16:31:41Z,2026-09-05T18:31:41+0200,fa75d70c-947c-4264-bf00-b7d014ff1049,2026-09-04T10:30:00Z,2026-09-04T12:30:00+0200,59093.376288,MW,DE,DE_LU,forecast_load,Forecasted Load,2026-09-05T16:32:01Z
2026-09-05T16:31:41Z,2026-09-05T18:31:41+0200,fa75d70c-947c-4264-bf00-b7d014ff1049,2026-09-04T10:45:00Z,2026-09-04T12:45:00+0200,58862.280854,MW,DE,DE_LU,forecast_load,Forecasted Load,2026-09-05T16:32:01Z
2026-09-05T16:31:41Z,2026-09-05T18:31:41+0200,fa75d70c-947c-4264-bf00-b7d014ff1049,2026-09-04T11:00:00Z,2026-09-04T13:00:00+0200,58940.661253,MW,DE,DE_LU,forecast_load,Forecasted Load,2026-09-05T16:32:01Z
2026-09-05T16:31:41Z,2026-09-05T18:31:41+0200,fa75d70c-947c-4264-bf00-b7d014ff1049,2026-09-04T11:15:00Z,2026-09-04T13:15:00+0200,58422.252007,MW,DE,DE_LU,forecast_load,Forecasted Load,2026-09-05T16:32:01Z
2026-09-05T16:31:41Z,2026-09-05T18:31:41+0200,fa75d70c-947c-4264-bf00-b7d014ff1049,2026-09-04T11:30:00Z,2026-09-04T13:30:00+0200,58319.198485,MW,DE,DE_LU,forecast_load,Forecasted Load,2026-09-05T16:32:01Z
2026-09-05T16:31:41Z,2026-09-05T18:31:41+0200,fa75d70c-947c-4264-bf00-b7d014ff1049,2026-09-04T11:45:00Z,2026-09-04T13:45:00+0200,57754.219875,MW,DE,DE_LU,forecast_load,Forecasted Load,2026-09-05T16:32:01Z
2026-09-05T16:31:41Z,2026-09-05T18:31:41+0200,fa75d70c-947c-4264-bf00-b7d014ff1049,2026-09-04T12:00:00Z,2026-09-04T14:00:00+0200,57575.950067,MW,DE,DE_LU,forecast_load,Forecasted Load,2026-09-05T16:32:01Z
2026-09-05T16:31:41Z,2026-09-05T18:31:41+0200,fa75d70c-947c-4264-bf00-b7d014ff1049,2026-09-04T12:15:00Z,2026-09-04T14:15:00+0200,57628.1208,MW,DE,DE_LU,forecast_load,Forecasted Load,2026-09-05T16:32:01Z
2026-09-05T16:31:41Z,2026-09-05T18:31:41+0200,fa75d70c-947c-4264-bf00-b7d014ff1049,2026-09-04T12:30:00Z,2026-09-04T14:30:00+0200,57608.741559,MW,DE,DE_LU,forecast_load,Forecasted Load,2026-09-05T16:32:01Z
2026-09-05T16:31:41Z,2026-09-05T18:31:41+0200,fa75d70c-947c-4264-bf00-b7d014ff1049,2026-09-04T12:45:00Z,2026-09-04T14:45:00+0200,56766.368191,MW,DE,DE_LU,forecast_load,Forecasted Load,2026-09-05T16:32:01Z
2026-09-05T16:31:41Z,2026-09-05T18:31:41+0200,fa75d70c-947c-4264-bf00-b7d014ff1049,2026-09-04T13:00:00Z,2026-09-04T15:00:00+0200,56697.022485,MW,DE,DE_LU,forecast_load,Forecasted Load,2026-09-05T16:32:01Z
2026-09-05T16:31:41Z,2026-09-05T18:31:41+0200,fa75d70c-947c-4264-bf00-b7d014ff1049,2026-09-04T13:15:00Z,2026-09-04T15:15:00+0200,56594.53251,MW,DE,DE_LU,forecast_load,Forecasted Load,2026-09-05T16:32:01Z
2026-09-05T16:31:41Z,2026-09-05T18:31:41+0200,fa75d70c-947c-4264-bf00-b7d014ff1049,2026-09-04T13:30:00Z,2026-09-04T15:30:00+0200,55839.610556,MW,DE,DE_LU,forecast_load,Forecasted Load,2026-09-05T16:32:01Z
2026-09-05T16:31:41Z,2026-09-05T18:31:41+0200,fa75d70c-947c-4264-bf00-b7d014ff1049,2026-09-04T13:45:00Z,2026-09-04T15:45:00+0200,55428.405891,MW,DE,DE_LU,forecast_load,Forecasted Load,2026-09-05T16:32:01Z
2026-09-05T16:31:41Z,2026-09-05T18:31:41+0200,fa75d70c-947c-4264-bf00-b7d014ff1049,2026-09-04T14:00:00Z,2026-09-04T16:00:00+0200,55659.414205,MW,DE,DE_LU,forecast_load,Forecasted Load,2026-09-05T16:32:01Z
2026-09-05T16:31:41Z,2026-09-05T18:31:41+0200,fa75d70c-947c-4264-bf00-b7d014ff1049,2026-09-04T14:15:00Z,2026-09-04T16:15:00+0200,55092.047704,MW,DE,DE_LU,forecast_load,Forecasted Load,2026-09-05T16:32:01Z
2026-09-05T16:31:41Z,2026-09-05T18:31:41+0200,fa75d70c-947c-4264-bf00-b7d014ff1049,2026-09-04T14:30:00Z,2026-09-04T16:30:00+0200,55081.394386,MW,DE,DE_LU,forecast_load,Forecasted Load,2026-09-05T16:32:01Z
2026-09-05T16:31:41Z,2026-09-05T18:31:41+0200,fa75d70c-947c-4264-bf00-b7d014ff1049,2026-09-04T14:45:00Z,2026-09-04T16:45:00+0200,54909.91461,MW,DE,DE_LU,forecast_load,Forecasted Load,2026-09-05T16:32:01Z
2026-09-05T16:31:41Z,2026-09-05T18:31:41+0200,fa75d70c-947c-4264-bf00-b7d014ff1049,2026-09-04T15:00:00Z,2026-09-04T17:00:00+0200,55563.807084,MW,DE,DE_LU,forecast_load,Forecasted Load,2026-09-05T16:32:01Z
2026-09-05T16:31:41Z,2026-09-05T18:31:41+0200,fa75d70c-947c-4264-bf00-b7d014ff1049,2026-09-04T15:15:00Z,2026-09-04T17:15:00+0200,55480.720409,MW,DE,DE_LU,forecast_load,Forecasted Load,2026-09-05T16:32:01Z
2026-09-05T16:31:41Z,2026-09-05T18:31:41+0200,fa75d70c-947c-4264-bf00-b7d014ff1049,2026-09-04T15:30:00Z,2026-09-04T17:30:00+0200,55541.85498,MW,DE,DE_LU,forecast_load,Forecasted Load,2026-09-05T16:32:01Z
2026-09-05T16:31:41Z,2026-09-05T18:31:41+0200,fa75d70c-947c-4264-bf00-b7d014ff1049,2026-09-04T15:45:00Z,2026-09-04T17:45:00+0200,55359.29386,MW,DE,DE_LU,forecast_load,Forecasted Load,2026-09-05T16:32:01Z
2026-09-05T16:31:41Z,2026-09-05T18:31:41+0200,fa75d70c-947c-4264-bf00-b7d014ff1049,2026-09-04T16:00:00Z,2026-09-04T18:00:00+0200,55457.446765,MW,DE,DE_LU,forecast_load,Forecasted Load,2026-09-05T16:32:01Z
2026-09-05T16:31:41Z,2026-09-05T18:31:41+0200,fa75d70c-947c-4264-bf00-b7d014ff1049,2026-09-04T16:15:00Z,2026-09-04T18:15:00+0200,55590.513001,MW,DE,DE_LU,forecast_load,Forecasted Load,2026-09-05T16:32:01Z
2026-09-05T16:31:41Z,2026-09-05T18:31:41+0200,fa75d70c-947c-4264-bf00-b7d014ff1049,2026-09-04T16:30:00Z,2026-09-04T18:30:00+0200,55568.968155,MW,DE,DE_LU,forecast_load,Forecasted Load,2026-09-05T16:32:01Z
2026-09-05T16:31:41Z,2026-09-05T18:31:41+0200,fa75d70c-947c-4264-bf00-b7d014ff1049,2026-09-04T16:45:00Z,2026-09-04T18:45:00+0200,55507.970804,MW,DE,DE_LU,forecast_load,Forecasted Load,2026-09-05T16:32:01Z
2026-09-05T16:31:41Z,2026-09-05T18:31:41+0200,fa75d70c-947c-4264-bf00-b7d014ff1049,2026-09-04T17:00:00Z,2026-09-04T19:00:00+0200,55230.579046,MW,DE,DE_LU,forecast_load,Forecasted Load,2026-09-05T16:32:01Z
2026-09-05T16:31:41Z,2026-09-05T18:31:41+0200,fa75d70c-947c-4264-bf00-b7d014ff1049,2026-09-04T17:15:00Z,2026-09-04T19:15:00+0200,54943.376547,MW,DE,DE_LU,forecast_load,Forecasted Load,2026-09-05T16:32:01Z
2026-09-05T16:31:41Z,2026-09-05T18:31:41+0200,fa75d70c-947c-4264-bf00-b7d014ff1049,2026-09-04T17:30:00Z,2026-09-04T19:30:00+0200,54923.232608,MW,DE,DE_LU,forecast_load,Forecasted Load,2026-09-05T16:32:01Z
2026-09-05T16:31:41Z,2026-09-05T18:31:41+0200,fa75d70c-947c-4264-bf00-b7d014ff1049,2026-09-04T17:45:00Z,2026-09-04T19:45:00+0200,54678.03482,MW,DE,DE_LU,forecast_load,Forecasted Load,2026-09-05T16:32:01Z
2026-09-05T16:31:41Z,2026-09-05T18:31:41+0200,fa75d70c-947c-4264-bf00-b7d014ff1049,2026-09-04T18:00:00Z,2026-09-04T20:00:00+0200,53969.90139,MW,DE,DE_LU,forecast_load,Forecasted Load,2026-09-05T16:32:01Z
2026-09-05T16:31:41Z,2026-09-05T18:31:41+0200,fa75d70c-947c-4264-bf00-b7d014ff1049,2026-09-04T18:15:00Z,2026-09-04T20:15:00+0200,53556.304968,MW,DE,DE_LU,forecast_load,Forecasted Load,2026-09-05T16:32:01Z
2026-09-05T16:31:41Z,2026-09-05T18:31:41+0200,fa75d70c-947c-4264-bf00-b7d014ff1049,2026-09-04T18:30:00Z,2026-09-04T20:30:00+0200,52968.246992,MW,DE,DE_LU,forecast_load,Forecasted Load,2026-09-05T16:32:01Z
2026-09-05T16:31:41Z,2026-09-05T18:31:41+0200,fa75d70c-947c-4264-bf00-b7d014ff1049,2026-09-04T18:45:00Z,2026-09-04T20:45:00+0200,52472.607418,MW,DE,DE_LU,forecast_load,Forecasted Load,2026-09-05T16:32:01Z
2026-09-05T16:31:41Z,2026-09-05T18:31:41+0200,fa75d70c-947c-4264-bf00-b7d014ff1049,2026-09-04T19:00:00Z,2026-09-04T21:00:00+0200,51714.88925,MW,DE,DE_LU,forecast_load,Forecasted Load,2026-09-05T16:32:01Z
2026-09-05T16:31:41Z,2026-09-05T18:31:41+0200,fa75d70c-947c-4264-bf00-b7d014ff1049,2026-09-04T19:15:00Z,2026-09-04T21:15:00+0200,51168.346998,MW,DE,DE_LU,forecast_load,Forecasted Load,2026-09-05T16:32:01Z
2026-09-05T16:31:41Z,2026-09-05T18:31:41+0200,fa75d70c-947c-4264-bf00-b7d014ff1049,2026-09-04T19:30:00Z,2026-09-04T21:30:00+0200,50489.941703,MW,DE,DE_LU,forecast_load,Forecasted Load,2026-09-05T16:32:01Z
2026-09-05T16:31:41Z,2026-09-05T18:31:41+0200,fa75d70c-947c-4264-bf00-b7d014ff1049,2026-09-04T19:45:00Z,2026-09-04T21:45:00+0200,49895.112578,MW,DE,DE_LU,forecast_load,Forecasted Load,2026-09-05T16:32:01Z
2026-09-05T16:31:41Z,2026-09-05T18:31:41+0200,fa75d70c-947c-4264-bf00-b7d014ff1049,2026-09-04T20:00:00Z,2026-09-04T22:00:00+0200,48748.684025,MW,DE,DE_LU,forecast_load,Forecasted Load,2026-09-05T16:32:01Z
2026-09-05T16:31:41Z,2026-09-05T18:31:41+0200,fa75d70c-947c-4264-bf00-b7d014ff1049,2026-09-04T20:15:00Z,2026-09-04T22:15:00+0200,48123.186818,MW,DE,DE_LU,forecast_load,Forecasted Load,2026-09-05T16:32:01Z
2026-09-05T16:31:41Z,2026-09-05T18:31:41+0200,fa75d70c-947c-4264-bf00-b7d014ff1049,2026-09-04T20:30:00Z,2026-09-04T22:30:00+0200,47236.095345,MW,DE,DE_LU,forecast_load,Forecasted Load,2026-09-05T16:32:01Z
2026-09-05T16:31:41Z,2026-09-05T18:31:41+0200,fa75d70c-947c-4264-bf00-b7d014ff1049,2026-09-04T20:45:00Z,2026-09-04T22:45:00+0200,46458.878213,MW,DE,DE_LU,forecast_load,Forecasted Load,2026-09-05T16:32:01Z
2026-09-05T16:31:41Z,2026-09-05T18:31:41+0200,fa75d70c-947c-4264-bf00-b7d014ff1049,2026-09-04T21:00:00Z,2026-09-04T23:00:00+0200,45671.854675,MW,DE,DE_LU,forecast_load,Forecasted Load,2026-09-05T16:32:01Z
2026-09-05T16:31:41Z,2026-09-05T18:31:41+0200,fa75d70c-947c-4264-bf00-b7d014ff1049,2026-09-04T21:15:00Z,2026-09-04T23:15:00+0200,44929.59693,MW,DE,DE_LU,forecast_load,Forecasted Load,2026-09-05T16:32:01Z
2026-09-05T16:31:41Z,2026-09-05T18:31:41+0200,fa75d70c-947c-4264-bf00-b7d014ff1049,2026-09-04T21:30:00Z,2026-09-04T23:30:00+0200,44345.73924,MW,DE,DE_LU,forecast_load,Forecasted Load,2026-09-05T16:32:01Z
2026-09-05T16:31:41Z,2026-09-05T18:31:41+0200,fa75d70c-947c-4264-bf00-b7d014ff1049,2026-09-04T21:45:00Z,2026-09-04T23:45:00+0200,43760.948992,MW,DE,DE_LU,forecast_load,Forecasted Load,2026-09-05T16:32:01Z
2026-09-05T16:31:41Z,2026-09-05T18:31:41+0200,fa75d70c-947c-4264-bf00-b7d014ff1049,2026-09-04T22:00:00Z,2026-09-05T00:00:00+0200,43335.483257,MW,DE,DE_LU,forecast_load,Forecasted Load,2026-09-05T16:32:01Z
2026-09-05T16:31:41Z,2026-09-05T18:31:41+0200,fa75d70c-947c-4264-bf00-b7d014ff1049,2026-09-04T22:15:00Z,2026-09-05T00:15:00+0200,42718.87483,MW,DE,DE_LU,forecast_load,Forecasted Load,2026-09-05T16:32:01Z
2026-09-05T16:31:41Z,2026-09-05T18:31:41+0200,fa75d70c-947c-4264-bf00-b7d014ff1049,2026-09-04T22:30:00Z,2026-09-05T00:30:00+0200,42224.427,MW,DE,DE_LU,forecast_load,Forecasted Load,2026-09-05T16:32:01Z
2026-09-05T16:31:41Z,2026-09-05T18:31:41+0200,fa75d70c-947c-4264-bf00-b7d014ff1049,2026-09-04T22:45:00Z,2026-09-05T00:45:00+0200,41994.893827,MW,DE,DE_LU,forecast_load,Forecasted Load,2026-09-05T16:32:01Z
2026-09-05T16:31:41Z,2026-09-05T18:31:41+0200,fa75d70c-947c-4264-bf00-b7d014ff1049,2026-09-04T23:00:00Z,2026-09-05T01:00:00+0200,41546.130807,MW,DE,DE_LU,forecast_load,Forecasted Load,2026-09-05T16:32:01Z
2026-09-05T16:31:41Z,2026-09-05T18:31:41+0200,fa75d70c-947c-4264-bf00-b7d014ff1049,2026-09-04T23:15:00Z,2026-09-05T01:15:00+0200,40981.438503,MW,DE,DE_LU,forecast_load,Forecasted Load,2026-09-05T16:32:01Z
2026-09-05T16:31:41Z,2026-09-05T18:31:41+0200,fa75d70c-947c-4264-bf00-b7d014ff1049,2026-09-04T23:30:00Z,2026-09-05T01:30:00+0200,40430.650019,MW,DE,DE_LU,forecast_load,Forecasted Load,2026-09-05T16:32:01Z
2026-09-05T16:31:41Z,2026-09-05T18:31:41+0200,fa75d70c-947c-4264-bf00-b7d014ff1049,2026-09-04T23:45:00Z,2026-09-05T01:45:00+0200,40122.358582,MW,DE,DE_LU,forecast_load,Forecasted Load,2026-09-05T16:32:01Z
2026-09-05T16:31:41Z,2026-09-05T18:31:41+0200,fa75d70c-947c-4264-bf00-b7d014ff1049,2026-09-05T00:00:00Z,2026-09-05T02:00:00+0200,40020.931788,MW,DE,DE_LU,forecast_load,Forecasted Load,2026-09-05T16:32:01Z
2026-09-05T16:31:41Z,2026-09-05T18:31:41+0200,fa75d70c-947c-4264-bf00-b7d014ff1049,2026-09-05T00:15:00Z,2026-09-05T02:15:00+0200,39799.811597,MW,DE,DE_LU,forecast_load,Forecasted Load,2026-09-05T16:32:01Z
2026-09-05T16:31:41Z,2026-09-05T18:31:41+0200,fa75d70c-947c-4264-bf00-b7d014ff1049,2026-09-05T00:30:00Z,2026-09-05T02:30:00+0200,39648.56829,MW,DE,DE_LU,forecast_load,Forecasted Load,2026-09-05T16:32:01Z
2026-09-05T16:31:41Z,2026-09-05T18:31:41+0200,fa75d70c-947c-4264-bf00-b7d014ff1049,2026-09-05T00:45:00Z,2026-09-05T02:45:00+0200,39385.598194,MW,DE,DE_LU,forecast_load,Forecasted Load,2026-09-05T16:32:01Z
2026-09-05T16:31:41Z,2026-09-05T18:31:41+0200,fa75d70c-947c-4264-bf00-b7d014ff1049,2026-09-05T01:00:00Z,2026-09-05T03:00:00+0200,39345.235386,MW,DE,DE_LU,forecast_load,Forecasted Load,2026-09-05T16:32:01Z
2026-09-05T16:31:41Z,2026-09-05T18:31:41+0200,fa75d70c-947c-4264-bf00-b7d014ff1049,2026-09-05T01:15:00Z,2026-09-05T03:15:00+0200,39211.816594,MW,DE,DE_LU,forecast_load,Forecasted Load,2026-09-05T16:32:01Z
2026-09-05T16:31:41Z,2026-09-05T18:31:41+0200,fa75d70c-947c-4264-bf00-b7d014ff1049,2026-09-05T01:30:00Z,2026-09-05T03:30:00+0200,39053.185987,MW,DE,DE_LU,forecast_load,Forecasted Load,2026-09-05T16:32:01Z
2026-09-05T16:31:41Z,2026-09-05T18:31:41+0200,fa75d70c-947c-4264-bf00-b7d014ff1049,2026-09-05T01:45:00Z,2026-09-05T03:45:00+0200,39047.057383,MW,DE,DE_LU,forecast_load,Forecasted Load,2026-09-05T16:32:01Z
2026-09-05T16:31:41Z,2026-09-05T18:31:41+0200,fa75d70c-947c-4264-bf00-b7d014ff1049,2026-09-05T02:00:00Z,2026-09-05T04:00:00+0200,39033.855159,MW,DE,DE_LU,forecast_load,Forecasted Load,2026-09-05T16:32:01Z
2026-09-05T16:31:41Z,2026-09-05T18:31:41+0200,fa75d70c-947c-4264-bf00-b7d014ff1049,2026-09-05T02:15:00Z,2026-09-05T04:15:00+0200,39034.576942,MW,DE,DE_LU,forecast_load,Forecasted Load,2026-09-05T16:32:01Z
2026-09-05T16:31:41Z,2026-09-05T18:31:41+0200,fa75d70c-947c-4264-bf00-b7d014ff1049,2026-09-05T02:30:00Z,2026-09-05T04:30:00+0200,39086.073908,MW,DE,DE_LU,forecast_load,Forecasted Load,2026-09-05T16:32:01Z
2026-09-05T16:31:41Z,2026-09-05T18:31:41+0200,fa75d70c-947c-4264-bf00-b7d014ff1049,2026-09-05T02:45:00Z,2026-09-05T04:45:00+0200,39219.440011,MW,DE,DE_LU,forecast_load,Forecasted Load,2026-09-05T16:32:01Z
2026-09-05T16:31:41Z,2026-09-05T18:31:41+0200,fa75d70c-947c-4264-bf00-b7d014ff1049,2026-09-05T03:00:00Z,2026-09-05T05:00:00+0200,39426.946553,MW,DE,DE_LU,forecast_load,Forecasted Load,2026-09-05T16:32:01Z
2026-09-05T16:31:41Z,2026-09-05T18:31:41+0200,fa75d70c-947c-4264-bf00-b7d014ff1049,2026-09-05T03:15:00Z,2026-09-05T05:15:00+0200,39633.443178,MW,DE,DE_LU,forecast_load,Forecasted Load,2026-09-05T16:32:01Z
2026-09-05T16:31:41Z,2026-09-05T18:31:41+0200,fa75d70c-947c-4264-bf00-b7d014ff1049,2026-09-05T03:30:00Z,2026-09-05T05:30:00+0200,40089.482099,MW,DE,DE_LU,forecast_load,Forecasted Load,2026-09-05T16:32:01Z
2026-09-05T16:31:41Z,2026-09-05T18:31:41+0200,fa75d70c-947c-4264-bf00-b7d014ff1049,2026-09-05T03:45:00Z,2026-09-05T05:45:00+0200,40400.611282,MW,DE,DE_LU,forecast_load,Forecasted Load,2026-09-05T16:32:01Z
2026-09-05T16:31:41Z,2026-09-05T18:31:41+0200,fa75d70c-947c-4264-bf00-b7d014ff1049,2026-09-05T04:00:00Z,2026-09-05T06:00:00+0200,41016.903085,MW,DE,DE_LU,forecast_load,Forecasted Load,2026-09-05T16:32:01Z
2026-09-05T16:31:41Z,2026-09-05T18:31:41+0200,fa75d70c-947c-4264-bf00-b7d014ff1049,2026-09-05T04:15:00Z,2026-09-05T06:15:00+0200,41535.117543,MW,DE,DE_LU,forecast_load,Forecasted Load,2026-09-05T16:32:01Z
2026-09-05T16:31:41Z,2026-09-05T18:31:41+0200,fa75d70c-947c-4264-bf00-b7d014ff1049,2026-09-05T04:30:00Z,2026-09-05T06:30:00+0200,42005.039789,MW,DE,DE_LU,forecast_load,Forecasted Load,2026-09-05T16:32:01Z
2026-09-05T16:31:41Z,2026-09-05T18:31:41+0200,fa75d70c-947c-4264-bf00-b7d014ff1049,2026-09-05T04:45:00Z,2026-09-05T06:45:00+0200,42458.849884,MW,DE,DE_LU,forecast_load,Forecasted Load,2026-09-05T16:32:01Z
2026-09-05T16:31:41Z,2026-09-05T18:31:41+0200,fa75d70c-947c-4264-bf00-b7d014ff1049,2026-09-05T05:00:00Z,2026-09-05T07:00:00+0200,42981.586154,MW,DE,DE_LU,forecast_load,Forecasted Load,2026-09-05T16:32:01Z
2026-09-05T16:31:41Z,2026-09-05T18:31:41+0200,fa75d70c-947c-4264-bf00-b7d014ff1049,2026-09-05T05:15:00Z,2026-09-05T07:15:00+0200,43678.357452,MW,DE,DE_LU,forecast_load,Forecasted Load,2026-09-05T16:32:01Z
2026-09-05T16:31:41Z,2026-09-05T18:31:41+0200,fa75d70c-947c-4264-bf00-b7d014ff1049,2026-09-05T05:30:00Z,2026-09-05T07:30:00+0200,44423.650596,MW,DE,DE_LU,forecast_load,Forecasted Load,2026-09-05T16:32:01Z
2026-09-05T16:31:41Z,2026-09-05T18:31:41+0200,fa75d70c-947c-4264-bf00-b7d014ff1049,2026-09-05T05:45:00Z,2026-09-05T07:45:00+0200,45343.555614,MW,DE,DE_LU,forecast_load,Forecasted Load,2026-09-05T16:32:01Z
2026-09-05T16:31:41Z,2026-09-05T18:31:41+0200,fa75d70c-947c-4264-bf00-b7d014ff1049,2026-09-05T06:00:00Z,2026-09-05T08:00:00+0200,45652.708906,MW,DE,DE_LU,forecast_load,Forecasted Load,2026-09-05T16:32:01Z
2026-09-05T16:31:41Z,2026-09-05T18:31:41+0200,fa75d70c-947c-4264-bf00-b7d014ff1049,2026-09-05T06:15:00Z,2026-09-05T08:15:00+0200,46526.552762,MW,DE,DE_LU,forecast_load,Forecasted Load,2026-09-05T16:32:01Z
2026-09-05T16:31:41Z,2026-09-05T18:31:41+0200,fa75d70c-947c-4264-bf00-b7d014ff1049,2026-09-05T06:30:00Z,2026-09-05T08:30:00+0200,47191.752862,MW,DE,DE_LU,forecast_load,Forecasted Load,2026-09-05T16:32:01Z
2026-09-05T16:31:41Z,2026-09-05T18:31:41+0200,fa75d70c-947c-4264-bf00-b7d014ff1049,2026-09-05T06:45:00Z,2026-09-05T08:45:00+0200,47865.670098,MW,DE,DE_LU,forecast_load,Forecasted Load,2026-09-05T16:32:01Z
2026-09-05T16:31:41Z,2026-09-05T18:31:41+0200,fa75d70c-947c-4264-bf00-b7d014ff1049,2026-09-05T07:00:00Z,2026-09-05T09:00:00+0200,48519.195584,MW,DE,DE_LU,forecast_load,Forecasted Load,2026-09-05T16:32:01Z
2026-09-05T16:31:41Z,2026-09-05T18:31:41+0200,fa75d70c-947c-4264-bf00-b7d014ff1049,2026-09-05T07:15:00Z,2026-09-05T09:15:00+0200,48886.788682,MW,DE,DE_LU,forecast_load,Forecasted Load,2026-09-05T16:32:01Z
2026-09-05T16:31:41Z,2026-09-05T18:31:41+0200,fa75d70c-947c-4264-bf00-b7d014ff1049,2026-09-05T07:30:00Z,2026-09-05T09:30:00+0200,49561.344415,MW,DE,DE_LU,forecast_load,Forecasted Load,2026-09-05T16:32:01Z
2026-09-05T16:31:41Z,2026-09-05T18:31:41+0200,fa75d70c-947c-4264-bf00-b7d014ff1049,2026-09-05T07:45:00Z,2026-09-05T09:45:00+0200,50137.80306,MW,DE,DE_LU,forecast_load,Forecasted Load,2026-09-05T16:32:01Z
2026-09-05T16:31:41Z,2026-09-05T18:31:41+0200,fa75d70c-947c-4264-bf00-b7d014ff1049,2026-09-05T08:00:00Z,2026-09-05T10:00:00+0200,50377.660635,MW,DE,DE_LU,forecast_load,Forecasted Load,2026-09-05T16:32:01Z
2026-09-05T16:31:41Z,2026-09-05T18:31:41+0200,fa75d70c-947c-4264-bf00-b7d014ff1049,2026-09-05T08:15:00Z,2026-09-05T10:15:00+0200,50490.499281,MW,DE,DE_LU,forecast_load,Forecasted Load,2026-09-05T16:32:01Z
2026-09-05T16:31:41Z,2026-09-05T18:31:41+0200,fa75d70c-947c-4264-bf00-b7d014ff1049,2026-09-05T08:30:00Z,2026-09-05T10:30:00+0200,50169.986236,MW,DE,DE_LU,forecast_load,Forecasted Load,2026-09-05T16:32:01Z
2026-09-05T16:31:41Z,2026-09-05T18:31:41+0200,fa75d70c-947c-4264-bf00-b7d014ff1049,2026-09-05T08:45:00Z,2026-09-05T10:45:00+0200,50328.594783,MW,DE,DE_LU,forecast_load,Forecasted Load,2026-09-05T16:32:01Z
2026-09-05T16:31:41Z,2026-09-05T18:31:41+0200,fa75d70c-947c-4264-bf00-b7d014ff1049,2026-09-05T09:00:00Z,2026-09-05T11:00:00+0200,50195.114202,MW,DE,DE_LU,forecast_load,Forecasted Load,2026-09-05T16:32:01Z
2026-09-05T16:31:41Z,2026-09-05T18:31:41+0200,fa75d70c-947c-4264-bf00-b7d014ff1049,2026-09-05T09:15:00Z,2026-09-05T11:15:00+0200,50009.707019,MW,DE,DE_LU,forecast_load,Forecasted Load,2026-09-05T16:32:01Z
2026-09-05T16:31:41Z,2026-09-05T18:31:41+0200,fa75d70c-947c-4264-bf00-b7d014ff1049,2026-09-05T09:30:00Z,2026-09-05T11:30:00+0200,49841.135967,MW,DE,DE_LU,forecast_load,Forecasted Load,2026-09-05T16:32:01Z
2026-09-05T16:31:41Z,2026-09-05T18:31:41+0200,fa75d70c-947c-4264-bf00-b7d014ff1049,2026-09-05T09:45:00Z,2026-09-05T11:45:00+0200,49679.754877,MW,DE,DE_LU,forecast_load,Forecasted Load,2026-09-05T16:32:01Z
2026-09-05T16:31:41Z,2026-09-05T18:31:41+0200,fa75d70c-947c-4264-bf00-b7d014ff1049,2026-09-05T10:00:00Z,2026-09-05T12:00:00+0200,49668.648016,MW,DE,DE_LU,forecast_load,Forecasted Load,2026-09-05T16:32:01Z
2026-09-05T16:31:41Z,2026-09-05T18:31:41+0200,fa75d70c-947c-4264-bf00-b7d014ff1049,2026-09-05T10:15:00Z,2026-09-05T12:15:00+0200,49113.535978,MW,DE,DE_LU,forecast_load,Forecasted Load,2026-09-05T16:32:01Z
2026-09-05T16:31:41Z,2026-09-05T18:31:41+0200,fa75d70c-947c-4264-bf00-b7d014ff1049,2026-09-05T10:30:00Z,2026-09-05T12:30:00+0200,49038.434342,MW,DE,DE_LU,forecast_load,Forecasted Load,2026-09-05T16:32:01Z
2026-09-05T16:31:41Z,2026-09-05T18:31:41+0200,fa75d70c-947c-4264-bf00-b7d014ff1049,2026-09-05T10:45:00Z,2026-09-05T12:45:00+0200,48822.507397,MW,DE,DE_LU,forecast_load,Forecasted Load,2026-09-05T16:32:01Z
2026-09-05T16:31:41Z,2026-09-05T18:31:41+0200,fa75d70c-947c-4264-bf00-b7d014ff1049,2026-09-05T11:00:00Z,2026-09-05T13:00:00+0200,48116.646856,MW,DE,DE_LU,forecast_load,Forecasted Load,2026-09-05T16:32:01Z
2026-09-05T16:31:41Z,2026-09-05T18:31:41+0200,fa75d70c-947c-4264-bf00-b7d014ff1049,2026-09-05T11:15:00Z,2026-09-05T13:15:00+0200,47618.755695,MW,DE,DE_LU,forecast_load,Forecasted Load,2026-09-05T16:32:01Z
2026-09-05T16:31:41Z,2026-09-05T18:31:41+0200,fa75d70c-947c-4264-bf00-b7d014ff1049,2026-09-05T11:30:00Z,2026-09-05T13:30:00+0200,47482.923432,MW,DE,DE_LU,forecast_load,Forecasted Load,2026-09-05T16:32:01Z
2026-09-05T16:31:41Z,2026-09-05T18:31:41+0200,fa75d70c-947c-4264-bf00-b7d014ff1049,2026-09-05T11:45:00Z,2026-09-05T13:45:00+0200,47269.032262,MW,DE,DE_LU,forecast_load,Forecasted Load,2026-09-05T16:32:01Z
2026-09-05T16:31:41Z,2026-09-05T18:31:41+0200,fa75d70c-947c-4264-bf00-b7d014ff1049,2026-09-05T12:00:00Z,2026-09-05T14:00:00+0200,47066.666894,MW,DE,DE_LU,forecast_load,Forecasted Load,2026-09-05T16:32:01Z
2026-09-05T16:31:41Z,2026-09-05T18:31:41+0200,fa75d70c-947c-4264-bf00-b7d014ff1049,2026-09-05T12:15:00Z,2026-09-05T14:15:00+0200,46796.872276,MW,DE,DE_LU,forecast_load,Forecasted Load,2026-09-05T16:32:01Z
2026-09-05T16:31:41Z,2026-09-05T18:31:41+0200,fa75d70c-947c-4264-bf00-b7d014ff1049,2026-09-05T12:30:00Z,2026-09-05T14:30:00+0200,46720.255308,MW,DE,DE_LU,forecast_load,Forecasted Load,2026-09-05T16:32:01Z
2026-09-05T16:31:41Z,2026-09-05T18:31:41+0200,fa75d70c-947c-4264-bf00-b7d014ff1049,2026-09-05T12:45:00Z,2026-09-05T14:45:00+0200,46540.557685,MW,DE,DE_LU,forecast_load,Forecasted Load,2026-09-05T16:32:01Z
2026-09-05T16:31:41Z,2026-09-05T18:31:41+0200,fa75d70c-947c-4264-bf00-b7d014ff1049,2026-09-05T13:00:00Z,2026-09-05T15:00:00+0200,46640.528566,MW,DE,DE_LU,forecast_load,Forecasted Load,2026-09-05T16:32:01Z
2026-09-05T16:31:41Z,2026-09-05T18:31:41+0200,fa75d70c-947c-4264-bf00-b7d014ff1049,2026-09-05T13:15:00Z,2026-09-05T15:15:00+0200,46454.134638,MW,DE,DE_LU,forecast_load,Forecasted Load,2026-09-05T16:32:01Z
2026-09-05T16:31:41Z,2026-09-05T18:31:41+0200,fa75d70c-947c-4264-bf00-b7d014ff1049,2026-09-05T13:30:00Z,2026-09-05T15:30:00+0200,46237.17273,MW,DE,DE_LU,forecast_load,Forecasted Load,2026-09-05T16:32:01Z
2026-09-05T16:31:41Z,2026-09-05T18:31:41+0200,fa75d70c-947c-4264-bf00-b7d014ff1049,2026-09-05T13:45:00Z,2026-09-05T15:45:00+0200,46096.086948,MW,DE,DE_LU,forecast_load,Forecasted Load,2026-09-05T16:32:01Z
2026-09-05T16:31:41Z,2026-09-05T18:31:41+0200,fa75d70c-947c-4264-bf00-b7d014ff1049,2026-09-05T14:00:00Z,2026-09-05T16:00:00+0200,46723.438631,MW,DE,DE_LU,forecast_load,Forecasted Load,2026-09-05T16:32:01Z
2026-09-05T16:31:41Z,2026-09-05T18:31:41+0200,fa75d70c-947c-4264-bf00-b7d014ff1049,2026-09-05T14:15:00Z,2026-09-05T16:15:00+0200,46697.771148,MW,DE,DE_LU,forecast_load,Forecasted Load,2026-09-05T16:32:01Z
2026-09-05T16:31:41Z,2026-09-05T18:31:41+0200,fa75d70c-947c-4264-bf00-b7d014ff1049,2026-09-05T14:30:00Z,2026-09-05T16:30:00+0200,47039.928542,MW,DE,DE_LU,forecast_load,Forecasted Load,2026-09-05T16:32:01Z
2026-09-05T16:31:41Z,2026-09-05T18:31:41+0200,fa75d70c-947c-4264-bf00-b7d014ff1049,2026-09-05T14:45:00Z,2026-09-05T16:45:00+0200,46873.42316,MW,DE,DE_LU,forecast_load,Forecasted Load,2026-09-05T16:32:01Z
2026-09-05T16:31:41Z,2026-09-05T18:31:41+0200,fa75d70c-947c-4264-bf00-b7d014ff1049,2026-09-05T15:00:00Z,2026-09-05T17:00:00+0200,47257.936119,MW,DE,DE_LU,forecast_load,Forecasted Load,2026-09-05T16:32:01Z
2026-09-05T16:31:41Z,2026-09-05T18:31:41+0200,fa75d70c-947c-4264-bf00-b7d014ff1049,2026-09-05T15:15:00Z,2026-09-05T17:15:00+0200,47631.140812,MW,DE,DE_LU,forecast_load,Forecasted Load,2026-09-05T16:32:01Z
2026-09-05T16:31:41Z,2026-09-05T18:31:41+0200,fa75d70c-947c-4264-bf00-b7d014ff1049,2026-09-05T15:30:00Z,2026-09-05T17:30:00+0200,47955.972625,MW,DE,DE_LU,forecast_load,Forecasted Load,2026-09-05T16:32:01Z
2026-09-05T16:31:41Z,2026-09-05T18:31:41+0200,fa75d70c-947c-4264-bf00-b7d014ff1049,2026-09-05T15:45:00Z,2026-09-05T17:45:00+0200,48234.626378,MW,DE,DE_LU,forecast_load,Forecasted Load,2026-09-05T16:32:01Z
2026-09-05T16:31:41Z,2026-09-05T18:31:41+0200,fa75d70c-947c-4264-bf00-b7d014ff1049,2026-09-05T16:00:00Z,2026-09-05T18:00:00+0200,48585.223031,MW,DE,DE_LU,forecast_load,Forecasted Load,2026-09-05T16:32:01Z
2026-09-05T16:31:41Z,2026-09-05T18:31:41+0200,fa75d70c-947c-4264-bf00-b7d014ff1049,2026-09-05T16:15:00Z,2026-09-05T18:15:00+0200,48809.97402,MW,DE,DE_LU,forecast_load,Forecasted Load,2026-09-05T16:32:01Z
2026-09-05T16:31:41Z,2026-09-05T18:31:41+0200,fa75d70c-947c-4264-bf00-b7d014ff1049,2026-09-05T16:30:00Z,2026-09-05T18:30:00+0200,49042.037923,MW,DE,DE_LU,forecast_load,Forecasted Load,2026-09-05T16:32:01Z
2026-09-05T16:31:41Z,2026-09-05T18:31:41+0200,fa75d70c-947c-4264-bf00-b7d014ff1049,2026-09-05T16:45:00Z,2026-09-05T18:45:00+0200,49419.266311,MW,DE,DE_LU,forecast_load,Forecasted Load,2026-09-05T16:32:01Z
2026-09-05T16:31:41Z,2026-09-05T18:31:41+0200,fa75d70c-947c-4264-bf00-b7d014ff1049,2026-09-05T17:00:00Z,2026-09-05T19:00:00+0200,49334.220648,MW,DE,DE_LU,forecast_load,Forecasted Load,2026-09-05T16:32:08Z
2026-09-05T16:31:41Z,2026-09-05T18:31:41+0200,fa75d70c-947c-4264-bf00-b7d014ff1049,2026-09-05T17:15:00Z,2026-09-05T19:15:00+0200,48715.956411,MW,DE,DE_LU,forecast_load,Forecasted Load,2026-09-05T16:32:08Z
2026-09-05T16:31:41Z,2026-09-05T18:31:41+0200,fa75d70c-947c-4264-bf00-b7d014ff1049,2026-09-05T17:30:00Z,2026-09-05T19:30:00+0200,48513.792712,MW,DE,DE_LU,forecast_load,Forecasted Load,2026-09-05T16:32:08Z
2026-09-05T16:31:41Z,2026-09-05T18:31:41+0200,fa75d70c-947c-4264-bf00-b7d014ff1049,2026-09-05T17:45:00Z,2026-09-05T19:45:00+0200,48355.404588,MW,DE,DE_LU,forecast_load,Forecasted Load,2026-09-05T16:32:08Z
2026-09-05T16:31:41Z,2026-09-05T18:31:41+0200,fa75d70c-947c-4264-bf00-b7d014ff1049,2026-09-05T18:00:00Z,2026-09-05T20:00:00+0200,47935.905458,MW,DE,DE_LU,forecast_load,Forecasted Load,2026-09-05T16:32:08Z
2026-09-05T16:31:41Z,2026-09-05T18:31:41+0200,fa75d70c-947c-4264-bf00-b7d014ff1049,2026-09-05T18:15:00Z,2026-09-05T20:15:00+0200,47569.31684,MW,DE,DE_LU,forecast_load,Forecasted Load,2026-09-05T16:32:08Z
2026-09-05T16:31:41Z,2026-09-05T18:31:41+0200,fa75d70c-947c-4264-bf00-b7d014ff1049,2026-09-05T18:30:00Z,2026-09-05T20:30:00+0200,47068.816627,MW,DE,DE_LU,forecast_load,Forecasted Load,2026-09-05T16:32:08Z
2026-09-05T16:31:41Z,2026-09-05T18:31:41+0200,fa75d70c-947c-4264-bf00-b7d014ff1049,2026-09-05T18:45:00Z,2026-09-05T20:45:00+0200,46980.945607,MW,DE,DE_LU,forecast_load,Forecasted Load,2026-09-05T16:32:08Z
2026-09-05T16:31:41Z,2026-09-05T18:31:41+0200,fa75d70c-947c-4264-bf00-b7d014ff1049,2026-09-05T19:00:00Z,2026-09-05T21:00:00+0200,46578.034969,MW,DE,DE_LU,forecast_load,Forecasted Load,2026-09-05T16:32:08Z
2026-09-05T16:31:41Z,2026-09-05T18:31:41+0200,fa75d70c-947c-4264-bf00-b7d014ff1049,2026-09-05T19:15:00Z,2026-09-05T21:15:00+0200,45710.651695,MW,DE,DE_LU,forecast_load,Forecasted Load,2026-09-05T16:32:08Z
2026-09-05T16:31:41Z,2026-09-05T18:31:41+0200,fa75d70c-947c-4264-bf00-b7d014ff1049,2026-09-05T19:30:00Z,2026-09-05T21:30:00+0200,45498.341781,MW,DE,DE_LU,forecast_load,Forecasted Load,2026-09-05T16:32:08Z
2026-09-05T16:31:41Z,2026-09-05T18:31:41+0200,fa75d70c-947c-4264-bf00-b7d014ff1049,2026-09-05T19:45:00Z,2026-09-05T21:45:00+0200,44970.033376,MW,DE,DE_LU,forecast_load,Forecasted Load,2026-09-05T16:32:08Z
2026-09-05T16:31:41Z,2026-09-05T18:31:41+0200,fa75d70c-947c-4264-bf00-b7d014ff1049,2026-09-05T20:00:00Z,2026-09-05T22:00:00+0200,44377.719607,MW,DE,DE_LU,forecast_load,Forecasted Load,2026-09-05T16:32:08Z
2026-09-05T16:31:41Z,2026-09-05T18:31:41+0200,fa75d70c-947c-4264-bf00-b7d014ff1049,2026-09-05T20:15:00Z,2026-09-05T22:15:00+0200,43691.425565,MW,DE,DE_LU,forecast_load,Forecasted Load,2026-09-05T16:32:08Z
2026-09-05T16:31:41Z,2026-09-05T18:31:41+0200,fa75d70c-947c-4264-bf00-b7d014ff1049,2026-09-05T20:30:00Z,2026-09-05T22:30:00+0200,43103.613212,MW,DE,DE_LU,forecast_load,Forecasted Load,2026-09-05T16:32:08Z
2026-09-05T16:31:41Z,2026-09-05T18:31:41+0200,fa75d70c-947c-4264-bf00-b7d014ff1049,2026-09-05T20:45:00Z,2026-09-05T22:45:00+0200,42572.496508,MW,DE,DE_LU,forecast_load,Forecasted Load,2026-09-05T16:32:08Z
2026-09-05T16:31:41Z,2026-09-05T18:31:41+0200,fa75d70c-947c-4264-bf00-b7d014ff1049,2026-09-05T21:00:00Z,2026-09-05T23:00:00+0200,41747.444491,MW,DE,DE_LU,forecast_load,Forecasted Load,2026-09-05T16:32:08Z
2026-09-05T16:31:41Z,2026-09-05T18:31:41+0200,fa75d70c-947c-4264-bf00-b7d014ff1049,2026-09-05T21:15:00Z,2026-09-05T23:15:00+0200,41023.72783,MW,DE,DE_LU,forecast_load,Forecasted Load,2026-09-05T16:32:08Z
2026-09-05T16:31:41Z,2026-09-05T18:31:41+0200,fa75d70c-947c-4264-bf00-b7d014ff1049,2026-09-05T21:30:00Z,2026-09-05T23:30:00+0200,40440.89728,MW,DE,DE_LU,forecast_load,Forecasted Load,2026-09-05T16:32:08Z
2026-09-05T16:31:41Z,2026-09-05T18:31:41+0200,fa75d70c-947c-4264-bf00-b7d014ff1049,2026-09-05T21:45:00Z,2026-09-05T23:45:00+0200,40147.240664,MW,DE,DE_LU,forecast_load,Forecasted Load,2026-09-05T16:32:08Z
2026-09-05T16:31:41Z,2026-09-05T18:31:41+0200,fa75d70c-947c-4264-bf00-b7d014ff1049,2026-09-05T22:00:00Z,2026-09-06T00:00:00+0200,39774.159727,MW,DE,DE_LU,forecast_load,Forecasted Load,2026-09-05T16:32:08Z
2026-09-05T16:31:41Z,2026-09-05T18:31:41+0200,fa75d70c-947c-4264-bf00-b7d014ff1049,2026-09-05T22:15:00Z,2026-09-06T00:15:00+0200,38994.329918,MW,DE,DE_LU,forecast_load,Forecasted Load,2026-09-05T16:32:08Z
2026-09-05T16:31:41Z,2026-09-05T18:31:41+0200,fa75d70c-947c-4264-bf00-b7d014ff1049,2026-09-05T22:30:00Z,2026-09-06T00:30:00+0200,38812.756986,MW,DE,DE_LU,forecast_load,Forecasted Load,2026-09-05T16:32:08Z
2026-09-05T16:31:41Z,2026-09-05T18:31:41+0200,fa75d70c-947c-4264-bf00-b7d014ff1049,2026-09-05T22:45:00Z,2026-09-06T00:45:00+0200,38286.045082,MW,DE,DE_LU,forecast_load,Forecasted Load,2026-09-05T16:32:08Z
2026-09-05T16:31:41Z,2026-09-05T18:31:41+0200,fa75d70c-947c-4264-bf00-b7d014ff1049,2026-09-05T23:00:00Z,2026-09-06T01:00:00+0200,37844.192562,MW,DE,DE_LU,forecast_load,Forecasted Load,2026-09-05T16:32:08Z
2026-09-05T16:31:41Z,2026-09-05T18:31:41+0200,fa75d70c-947c-4264-bf00-b7d014ff1049,2026-09-05T23:15:00Z,2026-09-06T01:15:00+0200,37513.588951,MW,DE,DE_LU,forecast_load,Forecasted Load,2026-09-05T16:32:08Z
2026-09-05T16:31:41Z,2026-09-05T18:31:41+0200,fa75d70c-947c-4264-bf00-b7d014ff1049,2026-09-05T23:30:00Z,2026-09-06T01:30:00+0200,37199.841576,MW,DE,DE_LU,forecast_load,Forecasted Load,2026-09-05T16:32:08Z
2026-09-05T16:31:41Z,2026-09-05T18:31:41+0200,fa75d70c-947c-4264-bf00-b7d014ff1049,2026-09-05T23:45:00Z,2026-09-06T01:45:00+0200,36858.327753,MW,DE,DE_LU,forecast_load,Forecasted Load,2026-09-05T16:32:08Z
2026-09-05T16:31:41Z,2026-09-05T18:31:41+0200,fa75d70c-947c-4264-bf00-b7d014ff1049,2026-09-06T00:00:00Z,2026-09-06T02:00:00+0200,36910.471911,MW,DE,DE_LU,forecast_load,Forecasted Load,2026-09-05T16:32:08Z
2026-09-05T16:31:41Z,2026-09-05T18:31:41+0200,fa75d70c-947c-4264-bf00-b7d014ff1049,2026-09-06T00:15:00Z,2026-09-06T02:15:00+0200,36543.597295,MW,DE,DE_LU,forecast_load,Forecasted Load,2026-09-05T16:32:08Z
2026-09-05T16:31:41Z,2026-09-05T18:31:41+0200,fa75d70c-947c-4264-bf00-b7d014ff1049,2026-09-06T00:30:00Z,2026-09-06T02:30:00+0200,36071.059398,MW,DE,DE_LU,forecast_load,Forecasted Load,2026-09-05T16:32:08Z
2026-09-05T16:31:41Z,2026-09-05T18:31:41+0200,fa75d70c-947c-4264-bf00-b7d014ff1049,2026-09-06T00:45:00Z,2026-09-06T02:45:00+0200,35787.083989,MW,DE,DE_LU,forecast_load,Forecasted Load,2026-09-05T16:32:08Z
2026-09-05T16:31:41Z,2026-09-05T18:31:41+0200,fa75d70c-947c-4264-bf00-b7d014ff1049,2026-09-06T01:00:00Z,2026-09-06T03:00:00+0200,36187.026512,MW,DE,DE_LU,forecast_load,Forecasted Load,2026-09-05T16:32:08Z
2026-09-05T16:31:41Z,2026-09-05T18:31:41+0200,fa75d70c-947c-4264-bf00-b7d014ff1049,2026-09-06T01:15:00Z,2026-09-06T03:15:00+0200,35840.354084,MW,DE,DE_LU,forecast_load,Forecasted Load,2026-09-05T16:32:08Z
2026-09-05T16:31:41Z,2026-09-05T18:31:41+0200,fa75d70c-947c-4264-bf00-b7d014ff1049,2026-09-06T01:30:00Z,2026-09-06T03:30:00+0200,35820.037529,MW,DE,DE_LU,forecast_load,Forecasted Load,2026-09-05T16:32:08Z
2026-09-05T16:31:41Z,2026-09-05T18:31:41+0200,fa75d70c-947c-4264-bf00-b7d014ff1049,2026-09-06T01:45:00Z,2026-09-06T03:45:00+0200,35538.602067,MW,DE,DE_LU,forecast_load,Forecasted Load,2026-09-05T16:32:08Z
2026-09-05T16:31:41Z,2026-09-05T18:31:41+0200,fa75d70c-947c-4264-bf00-b7d014ff1049,2026-09-06T02:00:00Z,2026-09-06T04:00:00+0200,35695.973389,MW,DE,DE_LU,forecast_load,Forecasted Load,2026-09-05T16:32:08Z
2026-09-05T16:31:41Z,2026-09-05T18:31:41+0200,fa75d70c-947c-4264-bf00-b7d014ff1049,2026-09-06T02:15:00Z,2026-09-06T04:15:00+0200,35894.269422,MW,DE,DE_LU,forecast_load,Forecasted Load,2026-09-05T16:32:08Z
2026-09-05T16:31:41Z,2026-09-05T18:31:41+0200,fa75d70c-947c-4264-bf00-b7d014ff1049,2026-09-06T02:30:00Z,2026-09-06T04:30:00+0200,36087.303196,MW,DE,DE_LU,forecast_load,Forecasted Load,2026-09-05T16:32:08Z
2026-09-05T16:31:41Z,2026-09-05T18:31:41+0200,fa75d70c-947c-4264-bf00-b7d014ff1049,2026-09-06T02:45:00Z,2026-09-06T04:45:00+0200,36133.340111,MW,DE,DE_LU,forecast_load,Forecasted Load,2026-09-05T16:32:08Z
2026-09-05T16:31:41Z,2026-09-05T18:31:41+0200,fa75d70c-947c-4264-bf00-b7d014ff1049,2026-09-06T03:00:00Z,2026-09-06T05:00:00+0200,36121.697153,MW,DE,DE_LU,forecast_load,Forecasted Load,2026-09-05T16:32:08Z
2026-09-05T16:31:41Z,2026-09-05T18:31:41+0200,fa75d70c-947c-4264-bf00-b7d014ff1049,2026-09-06T03:15:00Z,2026-09-06T05:15:00+0200,36493.928555,MW,DE,DE_LU,forecast_load,Forecasted Load,2026-09-05T16:32:08Z
2026-09-05T16:31:41Z,2026-09-05T18:31:41+0200,fa75d70c-947c-4264-bf00-b7d014ff1049,2026-09-06T03:30:00Z,2026-09-06T05:30:00+0200,36018.077864,MW,DE,DE_LU,forecast_load,Forecasted Load,2026-09-05T16:32:08Z
2026-09-05T16:31:41Z,2026-09-05T18:31:41+0200,fa75d70c-947c-4264-bf00-b7d014ff1049,2026-09-06T03:45:00Z,2026-09-06T05:45:00+0200,36302.923828,MW,DE,DE_LU,forecast_load,Forecasted Load,2026-09-05T16:32:08Z
2026-09-05T16:31:41Z,2026-09-05T18:31:41+0200,fa75d70c-947c-4264-bf00-b7d014ff1049,2026-09-06T04:00:00Z,2026-09-06T06:00:00+0200,36894.861544,MW,DE,DE_LU,forecast_load,Forecasted Load,2026-09-05T16:32:08Z
2026-09-05T16:31:41Z,2026-09-05T18:31:41+0200,fa75d70c-947c-4264-bf00-b7d014ff1049,2026-09-06T04:15:00Z,2026-09-06T06:15:00+0200,37553.575053,MW,DE,DE_LU,forecast_load,Forecasted Load,2026-09-05T16:32:08Z
2026-09-05T16:31:41Z,2026-09-05T18:31:41+0200,fa75d70c-947c-4264-bf00-b7d014ff1049,2026-09-06T04:30:00Z,2026-09-06T06:30:00+0200,38081.810624,MW,DE,DE_LU,forecast_load,Forecasted Load,2026-09-05T16:32:08Z
2026-09-05T16:31:41Z,2026-09-05T18:31:41+0200,fa75d70c-947c-4264-bf00-b7d014ff1049,2026-09-06T04:45:00Z,2026-09-06T06:45:00+0200,38498.249648,MW,DE,DE_LU,forecast_load,Forecasted Load,2026-09-05T16:32:08Z
2026-09-05T16:31:41Z,2026-09-05T18:31:41+0200,fa75d70c-947c-4264-bf00-b7d014ff1049,2026-09-06T05:00:00Z,2026-09-06T07:00:00+0200,38856.369536,MW,DE,DE_LU,forecast_load,Forecasted Load,2026-09-05T16:32:08Z
2026-09-05T16:31:41Z,2026-09-05T18:31:41+0200,fa75d70c-947c-4264-bf00-b7d014ff1049,2026-09-06T05:15:00Z,2026-09-06T07:15:00+0200,39677.350564,MW,DE,DE_LU,forecast_load,Forecasted Load,2026-09-05T16:32:08Z
2026-09-05T16:31:41Z,2026-09-05T18:31:41+0200,fa75d70c-947c-4264-bf00-b7d014ff1049,2026-09-06T05:30:00Z,2026-09-06T07:30:00+0200,40650.152937,MW,DE,DE_LU,forecast_load,Forecasted Load,2026-09-05T16:32:08Z
2026-09-05T16:31:41Z,2026-09-05T18:31:41+0200,fa75d70c-947c-4264-bf00-b7d014ff1049,2026-09-06T05:45:00Z,2026-09-06T07:45:00+0200,41871.637987,MW,DE,DE_LU,forecast_load,Forecasted Load,2026-09-05T16:32:08Z
2026-09-05T16:31:41Z,2026-09-05T18:31:41+0200,fa75d70c-947c-4264-bf00-b7d014ff1049,2026-09-06T06:00:00Z,2026-09-06T08:00:00+0200,42081.99348,MW,DE,DE_LU,forecast_load,Forecasted Load,2026-09-05T16:32:08Z
2026-09-05T16:31:41Z,2026-09-05T18:31:41+0200,fa75d70c-947c-4264-bf00-b7d014ff1049,2026-09-06T06:15:00Z,2026-09-06T08:15:00+0200,42963.398991,MW,DE,DE_LU,forecast_load,Forecasted Load,2026-09-05T16:32:08Z
2026-09-05T16:31:41Z,2026-09-05T18:31:41+0200,fa75d70c-947c-4264-bf00-b7d014ff1049,2026-09-06T06:30:00Z,2026-09-06T08:30:00+0200,43450.384641,MW,DE,DE_LU,forecast_load,Forecasted Load,2026-09-05T16:32:08Z
2026-09-05T16:31:41Z,2026-09-05T18:31:41+0200,fa75d70c-947c-4264-bf00-b7d014ff1049,2026-09-06T06:45:00Z,2026-09-06T08:45:00+0200,44155.232634,MW,DE,DE_LU,forecast_load,Forecasted Load,2026-09-05T16:32:08Z
2026-09-05T16:31:41Z,2026-09-05T18:31:41+0200,fa75d70c-947c-4264-bf00-b7d014ff1049,2026-09-06T07:00:00Z,2026-09-06T09:00:00+0200,44816.061524,MW,DE,DE_LU,forecast_load,Forecasted Load,2026-09-05T16:32:08Z
2026-09-05T16:31:41Z,2026-09-05T18:31:41+0200,fa75d70c-947c-4264-bf00-b7d014ff1049,2026-09-06T07:15:00Z,2026-09-06T09:15:00+0200,44569.880481,MW,DE,DE_LU,forecast_load,Forecasted Load,2026-09-05T16:32:08Z
2026-09-05T16:31:41Z,2026-09-05T18:31:41+0200,fa75d70c-947c-4264-bf00-b7d014ff1049,2026-09-06T07:30:00Z,2026-09-06T09:30:00+0200,45531.265234,MW,DE,DE_LU,forecast_load,Forecasted Load,2026-09-05T16:32:08Z
2026-09-05T16:31:41Z,2026-09-05T18:31:41+0200,fa75d70c-947c-4264-bf00-b7d014ff1049,2026-09-06T07:45:00Z,2026-09-06T09:45:00+0200,45729.962578,MW,DE,DE_LU,forecast_load,Forecasted Load,2026-09-05T16:32:08Z
2026-09-05T16:31:41Z,2026-09-05T18:31:41+0200,fa75d70c-947c-4264-bf00-b7d014ff1049,2026-09-06T08:00:00Z,2026-09-06T10:00:00+0200,46328.578876,MW,DE,DE_LU,forecast_load,Forecasted Load,2026-09-05T16:32:08Z
2026-09-05T16:31:41Z,2026-09-05T18:31:41+0200,fa75d70c-947c-4264-bf00-b7d014ff1049,2026-09-06T08:15:00Z,2026-09-06T10:15:00+0200,47669.365815,MW,DE,DE_LU,forecast_load,Forecasted Load,2026-09-05T16:32:08Z
2026-09-05T16:31:41Z,2026-09-05T18:31:41+0200,fa75d70c-947c-4264-bf00-b7d014ff1049,2026-09-06T08:30:00Z,2026-09-06T10:30:00+0200,47800.496234,MW,DE,DE_LU,forecast_load,Forecasted Load,2026-09-05T16:32:08Z
2026-09-05T16:31:41Z,2026-09-05T18:31:41+0200,fa75d70c-947c-4264-bf00-b7d014ff1049,2026-09-06T08:45:00Z,2026-09-06T10:45:00+0200,47888.05123,MW,DE,DE_LU,forecast_load,Forecasted Load,2026-09-05T16:32:08Z
2026-09-05T16:31:41Z,2026-09-05T18:31:41+0200,fa75d70c-947c-4264-bf00-b7d014ff1049,2026-09-06T09:00:00Z,2026-09-06T11:00:00+0200,47217.400392,MW,DE,DE_LU,forecast_load,Forecasted Load,2026-09-05T16:32:08Z
2026-09-05T16:31:41Z,2026-09-05T18:31:41+0200,fa75d70c-947c-4264-bf00-b7d014ff1049,2026-09-06T09:15:00Z,2026-09-06T11:15:00+0200,47863.434237,MW,DE,DE_LU,forecast_load,Forecasted Load,2026-09-05T16:32:08Z
2026-09-05T16:31:41Z,2026-09-05T18:31:41+0200,fa75d70c-947c-4264-bf00-b7d014ff1049,2026-09-06T09:30:00Z,2026-09-06T11:30:00+0200,46844.557806,MW,DE,DE_LU,forecast_load,Forecasted Load,2026-09-05T16:32:08Z
2026-09-05T16:31:41Z,2026-09-05T18:31:41+0200,fa75d70c-947c-4264-bf00-b7d014ff1049,2026-09-06T09:45:00Z,2026-09-06T11:45:00+0200,47779.964638,MW,DE,DE_LU,forecast_load,Forecasted Load,2026-09-05T16:32:08Z
2026-09-05T16:31:41Z,2026-09-05T18:31:41+0200,fa75d70c-947c-4264-bf00-b7d014ff1049,2026-09-06T10:00:00Z,2026-09-06T12:00:00+0200,48570.10159,MW,DE,DE_LU,forecast_load,Forecasted Load,2026-09-05T16:32:08Z
2026-09-05T16:31:41Z,2026-09-05T18:31:41+0200,fa75d70c-947c-4264-bf00-b7d014ff1049,2026-09-06T10:15:00Z,2026-09-06T12:15:00+0200,48176.950773,MW,DE,DE_LU,forecast_load,Forecasted Load,2026-09-05T16:32:08Z
2026-09-05T16:31:41Z,2026-09-05T18:31:41+0200,fa75d70c-947c-4264-bf00-b7d014ff1049,2026-09-06T10:30:00Z,2026-09-06T12:30:00+0200,47638.903462,MW,DE,DE_LU,forecast_load,Forecasted Load,2026-09-05T16:32:08Z
2026-09-05T16:31:41Z,2026-09-05T18:31:41+0200,fa75d70c-947c-4264-bf00-b7d014ff1049,2026-09-06T10:45:00Z,2026-09-06T12:45:00+0200,47574.983254,MW,DE,DE_LU,forecast_load,Forecasted Load,2026-09-05T16:32:08Z
2026-09-05T16:31:41Z,2026-09-05T18:31:41+0200,fa75d70c-947c-4264-bf00-b7d014ff1049,2026-09-06T11:00:00Z,2026-09-06T13:00:00+0200,47055.133779,MW,DE,DE_LU,forecast_load,Forecasted Load,2026-09-05T16:32:08Z
2026-09-05T16:31:41Z,2026-09-05T18:31:41+0200,fa75d70c-947c-4264-bf00-b7d014ff1049,2026-09-06T11:15:00Z,2026-09-06T13:15:00+0200,46773.145526,MW,DE,DE_LU,forecast_load,Forecasted Load,2026-09-05T16:32:08Z
2026-09-05T16:31:41Z,2026-09-05T18:31:41+0200,fa75d70c-947c-4264-bf00-b7d014ff1049,2026-09-06T11:30:00Z,2026-09-06T13:30:00+0200,45676.85227,MW,DE,DE_LU,forecast_load,Forecasted Load,2026-09-05T16:32:08Z
2026-09-05T16:31:41Z,2026-09-05T18:31:41+0200,fa75d70c-947c-4264-bf00-b7d014ff1049,2026-09-06T11:45:00Z,2026-09-06T13:45:00+0200,46253.793191,MW,DE,DE_LU,forecast_load,Forecasted Load,2026-09-05T16:32:08Z
2026-09-05T16:31:41Z,2026-09-05T18:31:41+0200,fa75d70c-947c-4264-bf00-b7d014ff1049,2026-09-06T12:00:00Z,2026-09-06T14:00:00+0200,46210.186578,MW,DE,DE_LU,forecast_load,Forecasted Load,2026-09-05T16:32:08Z
2026-09-05T16:31:41Z,2026-09-05T18:31:41+0200,fa75d70c-947c-4264-bf00-b7d014ff1049,2026-09-06T12:15:00Z,2026-09-06T14:15:00+0200,45281.294277,MW,DE,DE_LU,forecast_load,Forecasted Load,2026-09-05T16:32:08Z
2026-09-05T16:31:41Z,2026-09-05T18:31:41+0200,fa75d70c-947c-4264-bf00-b7d014ff1049,2026-09-06T12:30:00Z,2026-09-06T14:30:00+0200,46158.165341,MW,DE,DE_LU,forecast_load,Forecasted Load,2026-09-05T16:32:08Z
2026-09-05T16:31:41Z,2026-09-05T18:31:41+0200,fa75d70c-947c-4264-bf00-b7d014ff1049,2026-09-06T12:45:00Z,2026-09-06T14:45:00+0200,45629.838332,MW,DE,DE_LU,forecast_load,Forecasted Load,2026-09-05T16:32:08Z
2026-09-05T16:31:41Z,2026-09-05T18:31:41+0200,fa75d70c-947c-4264-bf00-b7d014ff1049,2026-09-06T13:00:00Z,2026-09-06T15:00:00+0200,45395.109678,MW,DE,DE_LU,forecast_load,Forecasted Load,2026-09-05T16:32:08Z
2026-09-05T16:31:41Z,2026-09-05T18:31:41+0200,fa75d70c-947c-4264-bf00-b7d014ff1049,2026-09-06T13:15:00Z,2026-09-06T15:15:00+0200,44879.36843,MW,DE,DE_LU,forecast_load,Forecasted Load,2026-09-05T16:32:08Z
2026-09-05T16:31:41Z,2026-09-05T18:31:41+0200,fa75d70c-947c-4264-bf00-b7d014ff1049,2026-09-06T13:30:00Z,2026-09-06T15:30:00+0200,45104.007856,MW,DE,DE_LU,forecast_load,Forecasted Load,2026-09-05T16:32:08Z
2026-09-05T16:31:41Z,2026-09-05T18:31:41+0200,fa75d70c-947c-4264-bf00-b7d014ff1049,2026-09-06T13:45:00Z,2026-09-06T15:45:00+0200,44511.661992,MW,DE,DE_LU,forecast_load,Forecasted Load,2026-09-05T16:32:08Z
2026-09-05T16:31:41Z,2026-09-05T18:31:41+0200,fa75d70c-947c-4264-bf00-b7d014ff1049,2026-09-06T14:00:00Z,2026-09-06T16:00:00+0200,45029.277523,MW,DE,DE_LU,forecast_load,Forecasted Load,2026-09-05T16:32:08Z
2026-09-05T16:31:41Z,2026-09-05T18:31:41+0200,fa75d70c-947c-4264-bf00-b7d014ff1049,2026-09-06T14:15:00Z,2026-09-06T16:15:00+0200,44630.649485,MW,DE,DE_LU,forecast_load,Forecasted Load,2026-09-05T16:32:08Z
2026-09-05T16:31:41Z,2026-09-05T18:31:41+0200,fa75d70c-947c-4264-bf00-b7d014ff1049,2026-09-06T14:30:00Z,2026-09-06T16:30:00+0200,44807.036202,MW,DE,DE_LU,forecast_load,Forecasted Load,2026-09-05T16:32:08Z
2026-09-05T16:31:41Z,2026-09-05T18:31:41+0200,fa75d70c-947c-4264-bf00-b7d014ff1049,2026-09-06T14:45:00Z,2026-09-06T16:45:00+0200,44848.848732,MW,DE,DE_LU,forecast_load,Forecasted Load,2026-09-05T16:32:08Z
2026-09-05T16:31:41Z,2026-09-05T18:31:41+0200,fa75d70c-947c-4264-bf00-b7d014ff1049,2026-09-06T15:00:00Z,2026-09-06T17:00:00+0200,45598.890803,MW,DE,DE_LU,forecast_load,Forecasted Load,2026-09-05T16:32:08Z
2026-09-05T16:31:41Z,2026-09-05T18:31:41+0200,fa75d70c-947c-4264-bf00-b7d014ff1049,2026-09-06T15:15:00Z,2026-09-06T17:15:00+0200,45753.574813,MW,DE,DE_LU,forecast_load,Forecasted Load,2026-09-05T16:32:08Z
2026-09-05T16:31:41Z,2026-09-05T18:31:41+0200,fa75d70c-947c-4264-bf00-b7d014ff1049,2026-09-06T15:30:00Z,2026-09-06T17:30:00+0200,45749.38156,MW,DE,DE_LU,forecast_load,Forecasted Load,2026-09-05T16:32:08Z
2026-09-05T16:31:41Z,2026-09-05T18:31:41+0200,fa75d70c-947c-4264-bf00-b7d014ff1049,2026-09-06T15:45:00Z,2026-09-06T17:45:00+0200,45983.799797,MW,DE,DE_LU,forecast_load,Forecasted Load,2026-09-05T16:32:08Z
2026-09-05T16:31:41Z,2026-09-05T18:31:41+0200,fa75d70c-947c-4264-bf00-b7d014ff1049,2026-09-06T16:00:00Z,2026-09-06T18:00:00+0200,47249.755974,MW,DE,DE_LU,forecast_load,Forecasted Load,2026-09-05T16:32:08Z
2026-09-05T16:31:41Z,2026-09-05T18:31:41+0200,fa75d70c-947c-4264-bf00-b7d014ff1049,2026-09-06T16:15:00Z,2026-09-06T18:15:00+0200,47494.691421,MW,DE,DE_LU,forecast_load,Forecasted Load,2026-09-05T16:32:08Z
2026-09-05T16:31:41Z,2026-09-05T18:31:41+0200,fa75d70c-947c-4264-bf00-b7d014ff1049,2026-09-06T16:30:00Z,2026-09-06T18:30:00+0200,47813.662098,MW,DE,DE_LU,forecast_load,Forecasted Load,2026-09-05T16:32:08Z
2026-09-05T16:31:41Z,2026-09-05T18:31:41+0200,fa75d70c-947c-4264-bf00-b7d014ff1049,2026-09-06T16:45:00Z,2026-09-06T18:45:00+0200,48179.647732,MW,DE,DE_LU,forecast_load,Forecasted Load,2026-09-05T16:32:08Z
2026-09-05T16:31:41Z,2026-09-05T18:31:41+0200,fa75d70c-947c-4264-bf00-b7d014ff1049,2026-09-06T17:00:00Z,2026-09-06T19:00:00+0200,48119.427764,MW,DE,DE_LU,forecast_load,Forecasted Load,2026-09-05T16:32:08Z
2026-09-05T16:31:41Z,2026-09-05T18:31:41+0200,fa75d70c-947c-4264-bf00-b7d014ff1049,2026-09-06T17:15:00Z,2026-09-06T19:15:00+0200,48100.482274,MW,DE,DE_LU,forecast_load,Forecasted Load,2026-09-05T16:32:08Z
2026-09-05T16:31:41Z,2026-09-05T18:31:41+0200,fa75d70c-947c-4264-bf00-b7d014ff1049,2026-09-06T17:30:00Z,2026-09-06T19:30:00+0200,48506.041904,MW,DE,DE_LU,forecast_load,Forecasted Load,2026-09-05T16:32:08Z
2026-09-05T16:31:41Z,2026-09-05T18:31:41+0200,fa75d70c-947c-4264-bf00-b7d014ff1049,2026-09-06T17:45:00Z,2026-09-06T19:45:00+0200,48197.025787,MW,DE,DE_LU,forecast_load,Forecasted Load,2026-09-05T16:32:08Z
2026-09-05T16:31:41Z,2026-09-05T18:31:41+0200,fa75d70c-947c-4264-bf00-b7d014ff1049,2026-09-06T18:00:00Z,2026-09-06T20:00:00+0200,48065.165,MW,DE,DE_LU,forecast_load,Forecasted Load,2026-09-05T16:32:08Z
2026-09-05T16:31:41Z,2026-09-05T18:31:41+0200,fa75d70c-947c-4264-bf00-b7d014ff1049,2026-09-06T18:15:00Z,2026-09-06T20:15:00+0200,47721.530337,MW,DE,DE_LU,forecast_load,Forecasted Load,2026-09-05T16:32:08Z
2026-09-05T16:31:41Z,2026-09-05T18:31:41+0200,fa75d70c-947c-4264-bf00-b7d014ff1049,2026-09-06T18:30:00Z,2026-09-06T20:30:00+0200,47421.799195,MW,DE,DE_LU,forecast_load,Forecasted Load,2026-09-05T16:32:08Z
2026-09-05T16:31:41Z,2026-09-05T18:31:41+0200,fa75d70c-947c-4264-bf00-b7d014ff1049,2026-09-06T18:45:00Z,2026-09-06T20:45:00+0200,47193.76522,MW,DE,DE_LU,forecast_load,Forecasted Load,2026-09-05T16:32:08Z
2026-09-05T16:31:41Z,2026-09-05T18:31:41+0200,fa75d70c-947c-4264-bf00-b7d014ff1049,2026-09-06T19:00:00Z,2026-09-06T21:00:00+0200,46797.666526,MW,DE,DE_LU,forecast_load,Forecasted Load,2026-09-05T16:32:08Z
2026-09-05T16:31:41Z,2026-09-05T18:31:41+0200,fa75d70c-947c-4264-bf00-b7d014ff1049,2026-09-06T19:15:00Z,2026-09-06T21:15:00+0200,46461.621481,MW,DE,DE_LU,forecast_load,Forecasted Load,2026-09-05T16:32:08Z
2026-09-05T16:31:41Z,2026-09-05T18:31:41+0200,fa75d70c-947c-4264-bf00-b7d014ff1049,2026-09-06T19:30:00Z,2026-09-06T21:30:00+0200,46192.975078,MW,DE,DE_LU,forecast_load,Forecasted Load,2026-09-05T16:32:08Z
2026-09-05T16:31:41Z,2026-09-05T18:31:41+0200,fa75d70c-947c-4264-bf00-b7d014ff1049,2026-09-06T19:45:00Z,2026-09-06T21:45:00+0200,45842.238355,MW,DE,DE_LU,forecast_load,Forecasted Load,2026-09-05T16:32:08Z
2026-09-05T16:31:41Z,2026-09-05T18:31:41+0200,fa75d70c-947c-4264-bf00-b7d014ff1049,2026-09-06T20:00:00Z,2026-09-06T22:00:00+0200,45519.699915,MW,DE,DE_LU,forecast_load,Forecasted Load,2026-09-05T16:32:08Z
2026-09-05T16:31:41Z,2026-09-05T18:31:41+0200,fa75d70c-947c-4264-bf00-b7d014ff1049,2026-09-06T20:15:00Z,2026-09-06T22:15:00+0200,44947.625306,MW,DE,DE_LU,forecast_load,Forecasted Load,2026-09-05T16:32:08Z
2026-09-05T16:31:41Z,2026-09-05T18:31:41+0200,fa75d70c-947c-4264-bf00-b7d014ff1049,2026-09-06T20:30:00Z,2026-09-06T22:30:00+0200,44189.479168,MW,DE,DE_LU,forecast_load,Forecasted Load,2026-09-05T16:32:08Z
2026-09-05T16:31:41Z,2026-09-05T18:31:41+0200,fa75d70c-947c-4264-bf00-b7d014ff1049,2026-09-06T20:45:00Z,2026-09-06T22:45:00+0200,43728.894643,MW,DE,DE_LU,forecast_load,Forecasted Load,2026-09-05T16:32:08Z
2026-09-05T16:31:41Z,2026-09-05T18:31:41+0200,fa75d70c-947c-4264-bf00-b7d014ff1049,2026-09-06T21:00:00Z,2026-09-06T23:00:00+0200,42939.368251,MW,DE,DE_LU,forecast_load,Forecasted Load,2026-09-05T16:32:08Z
2026-09-05T16:31:41Z,2026-09-05T18:31:41+0200,fa75d70c-947c-4264-bf00-b7d014ff1049,2026-09-06T21:15:00Z,2026-09-06T23:15:00+0200,42433.158314,MW,DE,DE_LU,forecast_load,Forecasted Load,2026-09-05T16:32:08Z
2026-09-05T16:31:41Z,2026-09-05T18:31:41+0200,fa75d70c-947c-4264-bf00-b7d014ff1049,2026-09-06T21:30:00Z,2026-09-06T23:30:00+0200,42016.371033,MW,DE,DE_LU,forecast_load,Forecasted Load,2026-09-05T16:32:08Z
2026-09-05T16:31:41Z,2026-09-05T18:31:41+0200,fa75d70c-947c-4264-bf00-b7d014ff1049,2026-09-06T21:45:00Z,2026-09-06T23:45:00+0200,41489.382653,MW,DE,DE_LU,forecast_load,Forecasted Load,2026-09-05T16:32:08Z
