collection_time_utc,collection_time_local,run_id,timestamp_utc,timestamp_local,value,unit,country,entsoe_area,variable,source,updated_at_utc
2026-07-30T07:25:17Z,2026-07-30T09:25:17+0200,e73b670a-bc29-4bfc-b6f4-93c290a4d3ee,2026-06-29T08:00:00Z,2026-06-29T10:00:00+0200,40.48,EUR/MWh,DK1,DK_1,imbalance_price,Long,2026-07-30T07:28:36Z
2026-07-30T07:25:17Z,2026-07-30T09:25:17+0200,e73b670a-bc29-4bfc-b6f4-93c290a4d3ee,2026-06-29T08:00:00Z,2026-06-29T10:00:00+0200,40.48,EUR/MWh,DK1,DK_1,imbalance_price,Short,2026-07-30T07:28:36Z
2026-07-30T07:25:17Z,2026-07-30T09:25:17+0200,e73b670a-bc29-4bfc-b6f4-93c290a4d3ee,2026-06-29T08:15:00Z,2026-06-29T10:15:00+0200,-2.25,EUR/MWh,DK1,DK_1,imbalance_price,Long,2026-07-30T07:28:36Z
2026-07-30T07:25:17Z,2026-07-30T09:25:17+0200,e73b670a-bc29-4bfc-b6f4-93c290a4d3ee,2026-06-29T08:15:00Z,2026-06-29T10:15:00+0200,-2.25,EUR/MWh,DK1,DK_1,imbalance_price,Short,2026-07-30T07:28:36Z
2026-07-30T07:25:17Z,2026-07-30T09:25:17+0200,e73b670a-bc29-4bfc-b6f4-93c290a4d3ee,2026-06-29T08:30:00Z,2026-06-29T10:30:00+0200,17.85,EUR/MWh,DK1,DK_1,imbalance_price,Long,2026-07-30T07:28:36Z
2026-07-30T07:25:17Z,2026-07-30T09:25:17+0200,e73b670a-bc29-4bfc-b6f4-93c290a4d3ee,2026-06-29T08:30:00Z,2026-06-29T10:30:00+0200,17.85,EUR/MWh,DK1,DK_1,imbalance_price,Short,2026-07-30T07:28:36Z
2026-07-30T07:25:17Z,2026-07-30T09:25:17+0200,e73b670a-bc29-4bfc-b6f4-93c290a4d3ee,2026-06-29T08:45:00Z,2026-06-29T10:45:00+0200,25.89,EUR/MWh,DK1,DK_1,imbalance_price,Long,2026-07-30T07:28:36Z
2026-07-30T07:25:17Z,2026-07-30T09:25:17+0200,e73b670a-bc29-4bfc-b6f4-93c290a4d3ee,2026-06-29T08:45:00Z,2026-06-29T10:45:00+0200,25.89,EUR/MWh,DK1,DK_1,imbalance_price,Short,2026-07-30T07:28:36Z
2026-07-30T07:25:17Z,2026-07-30T09:25:17+0200,e73b670a-bc29-4bfc-b6f4-93c290a4d3ee,2026-06-29T09:00:00Z,2026-06-29T11:00:00+0200,47.6,EUR/MWh,DK1,DK_1,imbalance_price,Long,2026-07-30T07:28:36Z
2026-07-30T07:25:17Z,2026-07-30T09:25:17+0200,e73b670a-bc29-4bfc-b6f4-93c290a4d3ee,2026-06-29T09:00:00Z,2026-06-29T11:00:00+0200,47.6,EUR/MWh,DK1,DK_1,imbalance_price,Short,2026-07-30T07:28:36Z
2026-07-30T07:25:17Z,2026-07-30T09:25:17+0200,e73b670a-bc29-4bfc-b6f4-93c290a4d3ee,2026-06-29T09:15:00Z,2026-06-29T11:15:00+0200,40.09,EUR/MWh,DK1,DK_1,imbalance_price,Long,2026-07-30T07:28:36Z
2026-07-30T07:25:17Z,2026-07-30T09:25:17+0200,e73b670a-bc29-4bfc-b6f4-93c290a4d3ee,2026-06-29T09:15:00Z,2026-06-29T11:15:00+0200,40.09,EUR/MWh,DK1,DK_1,imbalance_price,Short,2026-07-30T07:28:36Z
2026-07-30T07:25:17Z,2026-07-30T09:25:17+0200,e73b670a-bc29-4bfc-b6f4-93c290a4d3ee,2026-06-29T09:30:00Z,2026-06-29T11:30:00+0200,49.33,EUR/MWh,DK1,DK_1,imbalance_price,Long,2026-07-30T07:28:36Z
2026-07-30T07:25:17Z,2026-07-30T09:25:17+0200,e73b670a-bc29-4bfc-b6f4-93c290a4d3ee,2026-06-29T09:30:00Z,2026-06-29T11:30:00+0200,49.33,EUR/MWh,DK1,DK_1,imbalance_price,Short,2026-07-30T07:28:36Z
2026-07-30T07:25:17Z,2026-07-30T09:25:17+0200,e73b670a-bc29-4bfc-b6f4-93c290a4d3ee,2026-06-29T09:45:00Z,2026-06-29T11:45:00+0200,39.77,EUR/MWh,DK1,DK_1,imbalance_price,Long,2026-07-30T07:28:36Z
2026-07-30T07:25:17Z,2026-07-30T09:25:17+0200,e73b670a-bc29-4bfc-b6f4-93c290a4d3ee,2026-06-29T09:45:00Z,2026-06-29T11:45:00+0200,39.77,EUR/MWh,DK1,DK_1,imbalance_price,Short,2026-07-30T07:28:36Z
2026-07-30T07:25:17Z,2026-07-30T09:25:17+0200,e73b670a-bc29-4bfc-b6f4-93c290a4d3ee,2026-06-29T10:00:00Z,2026-06-29T12:00:00+0200,181.85,EUR/MWh,DK1,DK_1,imbalance_price,Long,2026-07-30T07:28:36Z
2026-07-30T07:25:17Z,2026-07-30T09:25:17+0200,e73b670a-bc29-4bfc-b6f4-93c290a4d3ee,2026-06-29T10:00:00Z,2026-06-29T12:00:00+0200,181.85,EUR/MWh,DK1,DK_1,imbalance_price,Short,2026-07-30T07:28:36Z
2026-07-30T07:25:17Z,2026-07-30T09:25:17+0200,e73b670a-bc29-4bfc-b6f4-93c290a4d3ee,2026-06-29T10:15:00Z,2026-06-29T12:15:00+0200,167.39,EUR/MWh,DK1,DK_1,imbalance_price,Long,2026-07-30T07:28:36Z
2026-07-30T07:25:17Z,2026-07-30T09:25:17+0200,e73b670a-bc29-4bfc-b6f4-93c290a4d3ee,2026-06-29T10:15:00Z,2026-06-29T12:15:00+0200,167.39,EUR/MWh,DK1,DK_1,imbalance_price,Short,2026-07-30T07:28:36Z
2026-07-30T07:25:17Z,2026-07-30T09:25:17+0200,e73b670a-bc29-4bfc-b6f4-93c290a4d3ee,2026-06-29T10:30:00Z,2026-06-29T12:30:00+0200,175.07,EUR/MWh,DK1,DK_1,imbalance_price,Long,2026-07-30T07:28:36Z
2026-07-30T07:25:17Z,2026-07-30T09:25:17+0200,e73b670a-bc29-4bfc-b6f4-93c290a4d3ee,2026-06-29T10:30:00Z,2026-06-29T12:30:00+0200,175.07,EUR/MWh,DK1,DK_1,imbalance_price,Short,2026-07-30T07:28:36Z
2026-07-30T07:25:17Z,2026-07-30T09:25:17+0200,e73b670a-bc29-4bfc-b6f4-93c290a4d3ee,2026-06-29T10:45:00Z,2026-06-29T12:45:00+0200,178.62,EUR/MWh,DK1,DK_1,imbalance_price,Long,2026-07-30T07:28:36Z
2026-07-30T07:25:17Z,2026-07-30T09:25:17+0200,e73b670a-bc29-4bfc-b6f4-93c290a4d3ee,2026-06-29T10:45:00Z,2026-06-29T12:45:00+0200,178.62,EUR/MWh,DK1,DK_1,imbalance_price,Short,2026-07-30T07:28:36Z
2026-07-30T07:25:17Z,2026-07-30T09:25:17+0200,e73b670a-bc29-4bfc-b6f4-93c290a4d3ee,2026-06-29T11:00:00Z,2026-06-29T13:00:00+0200,46.83,EUR/MWh,DK1,DK_1,imbalance_price,Long,2026-07-30T07:28:36Z
2026-07-30T07:25:17Z,2026-07-30T09:25:17+0200,e73b670a-bc29-4bfc-b6f4-93c290a4d3ee,2026-06-29T11:00:00Z,2026-06-29T13:00:00+0200,46.83,EUR/MWh,DK1,DK_1,imbalance_price,Short,2026-07-30T07:28:36Z
2026-07-30T07:25:17Z,2026-07-30T09:25:17+0200,e73b670a-bc29-4bfc-b6f4-93c290a4d3ee,2026-06-29T11:15:00Z,2026-06-29T13:15:00+0200,73.9,EUR/MWh,DK1,DK_1,imbalance_price,Long,2026-07-30T07:28:36Z
2026-07-30T07:25:17Z,2026-07-30T09:25:17+0200,e73b670a-bc29-4bfc-b6f4-93c290a4d3ee,2026-06-29T11:15:00Z,2026-06-29T13:15:00+0200,73.9,EUR/MWh,DK1,DK_1,imbalance_price,Short,2026-07-30T07:28:36Z
2026-07-30T07:25:17Z,2026-07-30T09:25:17+0200,e73b670a-bc29-4bfc-b6f4-93c290a4d3ee,2026-06-29T11:30:00Z,2026-06-29T13:30:00+0200,44.83,EUR/MWh,DK1,DK_1,imbalance_price,Long,2026-07-30T07:28:36Z
2026-07-30T07:25:17Z,2026-07-30T09:25:17+0200,e73b670a-bc29-4bfc-b6f4-93c290a4d3ee,2026-06-29T11:30:00Z,2026-06-29T13:30:00+0200,44.83,EUR/MWh,DK1,DK_1,imbalance_price,Short,2026-07-30T07:28:36Z
2026-07-30T07:25:17Z,2026-07-30T09:25:17+0200,e73b670a-bc29-4bfc-b6f4-93c290a4d3ee,2026-06-29T11:45:00Z,2026-06-29T13:45:00+0200,6.67,EUR/MWh,DK1,DK_1,imbalance_price,Long,2026-07-30T07:28:36Z
2026-07-30T07:25:17Z,2026-07-30T09:25:17+0200,e73b670a-bc29-4bfc-b6f4-93c290a4d3ee,2026-06-29T11:45:00Z,2026-06-29T13:45:00+0200,6.67,EUR/MWh,DK1,DK_1,imbalance_price,Short,2026-07-30T07:28:36Z
2026-07-30T07:25:17Z,2026-07-30T09:25:17+0200,e73b670a-bc29-4bfc-b6f4-93c290a4d3ee,2026-06-29T12:00:00Z,2026-06-29T14:00:00+0200,3.31,EUR/MWh,DK1,DK_1,imbalance_price,Long,2026-07-30T07:28:36Z
2026-07-30T07:25:17Z,2026-07-30T09:25:17+0200,e73b670a-bc29-4bfc-b6f4-93c290a4d3ee,2026-06-29T12:00:00Z,2026-06-29T14:00:00+0200,3.31,EUR/MWh,DK1,DK_1,imbalance_price,Short,2026-07-30T07:28:36Z
2026-07-30T07:25:17Z,2026-07-30T09:25:17+0200,e73b670a-bc29-4bfc-b6f4-93c290a4d3ee,2026-06-29T12:15:00Z,2026-06-29T14:15:00+0200,23.5,EUR/MWh,DK1,DK_1,imbalance_price,Long,2026-07-30T07:28:36Z
2026-07-30T07:25:17Z,2026-07-30T09:25:17+0200,e73b670a-bc29-4bfc-b6f4-93c290a4d3ee,2026-06-29T12:15:00Z,2026-06-29T14:15:00+0200,23.5,EUR/MWh,DK1,DK_1,imbalance_price,Short,2026-07-30T07:28:36Z
2026-07-30T07:25:17Z,2026-07-30T09:25:17+0200,e73b670a-bc29-4bfc-b6f4-93c290a4d3ee,2026-06-29T12:30:00Z,2026-06-29T14:30:00+0200,15.73,EUR/MWh,DK1,DK_1,imbalance_price,Long,2026-07-30T07:28:36Z
2026-07-30T07:25:17Z,2026-07-30T09:25:17+0200,e73b670a-bc29-4bfc-b6f4-93c290a4d3ee,2026-06-29T12:30:00Z,2026-06-29T14:30:00+0200,15.73,EUR/MWh,DK1,DK_1,imbalance_price,Short,2026-07-30T07:28:36Z
2026-07-30T07:25:17Z,2026-07-30T09:25:17+0200,e73b670a-bc29-4bfc-b6f4-93c290a4d3ee,2026-06-29T12:45:00Z,2026-06-29T14:45:00+0200,14.81,EUR/MWh,DK1,DK_1,imbalance_price,Long,2026-07-30T07:28:36Z
2026-07-30T07:25:17Z,2026-07-30T09:25:17+0200,e73b670a-bc29-4bfc-b6f4-93c290a4d3ee,2026-06-29T12:45:00Z,2026-06-29T14:45:00+0200,14.81,EUR/MWh,DK1,DK_1,imbalance_price,Short,2026-07-30T07:28:36Z
2026-07-30T07:25:17Z,2026-07-30T09:25:17+0200,e73b670a-bc29-4bfc-b6f4-93c290a4d3ee,2026-06-29T13:00:00Z,2026-06-29T15:00:00+0200,-46.19,EUR/MWh,DK1,DK_1,imbalance_price,Long,2026-07-30T07:28:36Z
2026-07-30T07:25:17Z,2026-07-30T09:25:17+0200,e73b670a-bc29-4bfc-b6f4-93c290a4d3ee,2026-06-29T13:00:00Z,2026-06-29T15:00:00+0200,-46.19,EUR/MWh,DK1,DK_1,imbalance_price,Short,2026-07-30T07:28:36Z
2026-07-30T07:25:17Z,2026-07-30T09:25:17+0200,e73b670a-bc29-4bfc-b6f4-93c290a4d3ee,2026-06-29T13:15:00Z,2026-06-29T15:15:00+0200,7.19,EUR/MWh,DK1,DK_1,imbalance_price,Long,2026-07-30T07:28:36Z
2026-07-30T07:25:17Z,2026-07-30T09:25:17+0200,e73b670a-bc29-4bfc-b6f4-93c290a4d3ee,2026-06-29T13:15:00Z,2026-06-29T15:15:00+0200,7.19,EUR/MWh,DK1,DK_1,imbalance_price,Short,2026-07-30T07:28:36Z
2026-07-30T07:25:17Z,2026-07-30T09:25:17+0200,e73b670a-bc29-4bfc-b6f4-93c290a4d3ee,2026-06-29T13:30:00Z,2026-06-29T15:30:00+0200,17.54,EUR/MWh,DK1,DK_1,imbalance_price,Long,2026-07-30T07:28:36Z
2026-07-30T07:25:17Z,2026-07-30T09:25:17+0200,e73b670a-bc29-4bfc-b6f4-93c290a4d3ee,2026-06-29T13:30:00Z,2026-06-29T15:30:00+0200,17.54,EUR/MWh,DK1,DK_1,imbalance_price,Short,2026-07-30T07:28:36Z
2026-07-30T07:25:17Z,2026-07-30T09:25:17+0200,e73b670a-bc29-4bfc-b6f4-93c290a4d3ee,2026-06-29T13:45:00Z,2026-06-29T15:45:00+0200,23.47,EUR/MWh,DK1,DK_1,imbalance_price,Long,2026-07-30T07:28:36Z
2026-07-30T07:25:17Z,2026-07-30T09:25:17+0200,e73b670a-bc29-4bfc-b6f4-93c290a4d3ee,2026-06-29T13:45:00Z,2026-06-29T15:45:00+0200,23.47,EUR/MWh,DK1,DK_1,imbalance_price,Short,2026-07-30T07:28:36Z
2026-07-30T07:25:17Z,2026-07-30T09:25:17+0200,e73b670a-bc29-4bfc-b6f4-93c290a4d3ee,2026-06-29T14:00:00Z,2026-06-29T16:00:00+0200,29.06,EUR/MWh,DK1,DK_1,imbalance_price,Long,2026-07-30T07:28:36Z
2026-07-30T07:25:17Z,2026-07-30T09:25:17+0200,e73b670a-bc29-4bfc-b6f4-93c290a4d3ee,2026-06-29T14:00:00Z,2026-06-29T16:00:00+0200,29.06,EUR/MWh,DK1,DK_1,imbalance_price,Short,2026-07-30T07:28:36Z
2026-07-30T07:25:17Z,2026-07-30T09:25:17+0200,e73b670a-bc29-4bfc-b6f4-93c290a4d3ee,2026-06-29T14:15:00Z,2026-06-29T16:15:00+0200,21.02,EUR/MWh,DK1,DK_1,imbalance_price,Long,2026-07-30T07:28:36Z
2026-07-30T07:25:17Z,2026-07-30T09:25:17+0200,e73b670a-bc29-4bfc-b6f4-93c290a4d3ee,2026-06-29T14:15:00Z,2026-06-29T16:15:00+0200,21.02,EUR/MWh,DK1,DK_1,imbalance_price,Short,2026-07-30T07:28:36Z
2026-07-30T07:25:17Z,2026-07-30T09:25:17+0200,e73b670a-bc29-4bfc-b6f4-93c290a4d3ee,2026-06-29T14:30:00Z,2026-06-29T16:30:00+0200,18.14,EUR/MWh,DK1,DK_1,imbalance_price,Long,2026-07-30T07:28:36Z
2026-07-30T07:25:17Z,2026-07-30T09:25:17+0200,e73b670a-bc29-4bfc-b6f4-93c290a4d3ee,2026-06-29T14:30:00Z,2026-06-29T16:30:00+0200,18.14,EUR/MWh,DK1,DK_1,imbalance_price,Short,2026-07-30T07:28:36Z
2026-07-30T07:25:17Z,2026-07-30T09:25:17+0200,e73b670a-bc29-4bfc-b6f4-93c290a4d3ee,2026-06-29T14:45:00Z,2026-06-29T16:45:00+0200,22.68,EUR/MWh,DK1,DK_1,imbalance_price,Long,2026-07-30T07:28:36Z
2026-07-30T07:25:17Z,2026-07-30T09:25:17+0200,e73b670a-bc29-4bfc-b6f4-93c290a4d3ee,2026-06-29T14:45:00Z,2026-06-29T16:45:00+0200,22.68,EUR/MWh,DK1,DK_1,imbalance_price,Short,2026-07-30T07:28:36Z
2026-07-30T07:25:17Z,2026-07-30T09:25:17+0200,e73b670a-bc29-4bfc-b6f4-93c290a4d3ee,2026-06-29T15:00:00Z,2026-06-29T17:00:00+0200,-2.25,EUR/MWh,DK1,DK_1,imbalance_price,Long,2026-07-30T07:28:36Z
2026-07-30T07:25:17Z,2026-07-30T09:25:17+0200,e73b670a-bc29-4bfc-b6f4-93c290a4d3ee,2026-06-29T15:00:00Z,2026-06-29T17:00:00+0200,-2.25,EUR/MWh,DK1,DK_1,imbalance_price,Short,2026-07-30T07:28:36Z
2026-07-30T07:25:17Z,2026-07-30T09:25:17+0200,e73b670a-bc29-4bfc-b6f4-93c290a4d3ee,2026-06-29T15:15:00Z,2026-06-29T17:15:00+0200,-10.87,EUR/MWh,DK1,DK_1,imbalance_price,Long,2026-07-30T07:28:36Z
2026-07-30T07:25:17Z,2026-07-30T09:25:17+0200,e73b670a-bc29-4bfc-b6f4-93c290a4d3ee,2026-06-29T15:15:00Z,2026-06-29T17:15:00+0200,-10.87,EUR/MWh,DK1,DK_1,imbalance_price,Short,2026-07-30T07:28:36Z
2026-07-30T07:25:17Z,2026-07-30T09:25:17+0200,e73b670a-bc29-4bfc-b6f4-93c290a4d3ee,2026-06-29T15:30:00Z,2026-06-29T17:30:00+0200,3.07,EUR/MWh,DK1,DK_1,imbalance_price,Long,2026-07-30T07:28:36Z
2026-07-30T07:25:17Z,2026-07-30T09:25:17+0200,e73b670a-bc29-4bfc-b6f4-93c290a4d3ee,2026-06-29T15:30:00Z,2026-06-29T17:30:00+0200,3.07,EUR/MWh,DK1,DK_1,imbalance_price,Short,2026-07-30T07:28:36Z
2026-07-30T07:25:17Z,2026-07-30T09:25:17+0200,e73b670a-bc29-4bfc-b6f4-93c290a4d3ee,2026-06-29T15:45:00Z,2026-06-29T17:45:00+0200,25.77,EUR/MWh,DK1,DK_1,imbalance_price,Long,2026-07-30T07:28:36Z
2026-07-30T07:25:17Z,2026-07-30T09:25:17+0200,e73b670a-bc29-4bfc-b6f4-93c290a4d3ee,2026-06-29T15:45:00Z,2026-06-29T17:45:00+0200,25.77,EUR/MWh,DK1,DK_1,imbalance_price,Short,2026-07-30T07:28:36Z
2026-07-30T07:25:17Z,2026-07-30T09:25:17+0200,e73b670a-bc29-4bfc-b6f4-93c290a4d3ee,2026-06-29T16:00:00Z,2026-06-29T18:00:00+0200,26.76,EUR/MWh,DK1,DK_1,imbalance_price,Long,2026-07-30T07:28:36Z
2026-07-30T07:25:17Z,2026-07-30T09:25:17+0200,e73b670a-bc29-4bfc-b6f4-93c290a4d3ee,2026-06-29T16:00:00Z,2026-06-29T18:00:00+0200,26.76,EUR/MWh,DK1,DK_1,imbalance_price,Short,2026-07-30T07:28:36Z
2026-07-30T07:25:17Z,2026-07-30T09:25:17+0200,e73b670a-bc29-4bfc-b6f4-93c290a4d3ee,2026-06-29T16:15:00Z,2026-06-29T18:15:00+0200,25.61,EUR/MWh,DK1,DK_1,imbalance_price,Long,2026-07-30T07:28:36Z
2026-07-30T07:25:17Z,2026-07-30T09:25:17+0200,e73b670a-bc29-4bfc-b6f4-93c290a4d3ee,2026-06-29T16:15:00Z,2026-06-29T18:15:00+0200,25.61,EUR/MWh,DK1,DK_1,imbalance_price,Short,2026-07-30T07:28:36Z
2026-07-30T07:25:17Z,2026-07-30T09:25:17+0200,e73b670a-bc29-4bfc-b6f4-93c290a4d3ee,2026-06-29T16:30:00Z,2026-06-29T18:30:00+0200,192.97,EUR/MWh,DK1,DK_1,imbalance_price,Long,2026-07-30T07:28:36Z
2026-07-30T07:25:17Z,2026-07-30T09:25:17+0200,e73b670a-bc29-4bfc-b6f4-93c290a4d3ee,2026-06-29T16:30:00Z,2026-06-29T18:30:00+0200,192.97,EUR/MWh,DK1,DK_1,imbalance_price,Short,2026-07-30T07:28:36Z
2026-07-30T07:25:17Z,2026-07-30T09:25:17+0200,e73b670a-bc29-4bfc-b6f4-93c290a4d3ee,2026-06-29T16:45:00Z,2026-06-29T18:45:00+0200,179.32,EUR/MWh,DK1,DK_1,imbalance_price,Long,2026-07-30T07:28:36Z
2026-07-30T07:25:17Z,2026-07-30T09:25:17+0200,e73b670a-bc29-4bfc-b6f4-93c290a4d3ee,2026-06-29T16:45:00Z,2026-06-29T18:45:00+0200,179.32,EUR/MWh,DK1,DK_1,imbalance_price,Short,2026-07-30T07:28:36Z
2026-07-30T07:25:17Z,2026-07-30T09:25:17+0200,e73b670a-bc29-4bfc-b6f4-93c290a4d3ee,2026-06-29T17:00:00Z,2026-06-29T19:00:00+0200,14.15,EUR/MWh,DK1,DK_1,imbalance_price,Long,2026-07-30T07:28:36Z
2026-07-30T07:25:17Z,2026-07-30T09:25:17+0200,e73b670a-bc29-4bfc-b6f4-93c290a4d3ee,2026-06-29T17:00:00Z,2026-06-29T19:00:00+0200,14.15,EUR/MWh,DK1,DK_1,imbalance_price,Short,2026-07-30T07:28:36Z
2026-07-30T07:25:17Z,2026-07-30T09:25:17+0200,e73b670a-bc29-4bfc-b6f4-93c290a4d3ee,2026-06-29T17:15:00Z,2026-06-29T19:15:00+0200,174.97,EUR/MWh,DK1,DK_1,imbalance_price,Long,2026-07-30T07:28:36Z
2026-07-30T07:25:17Z,2026-07-30T09:25:17+0200,e73b670a-bc29-4bfc-b6f4-93c290a4d3ee,2026-06-29T17:15:00Z,2026-06-29T19:15:00+0200,174.97,EUR/MWh,DK1,DK_1,imbalance_price,Short,2026-07-30T07:28:36Z
2026-07-30T07:25:17Z,2026-07-30T09:25:17+0200,e73b670a-bc29-4bfc-b6f4-93c290a4d3ee,2026-06-29T17:30:00Z,2026-06-29T19:30:00+0200,206.54,EUR/MWh,DK1,DK_1,imbalance_price,Long,2026-07-30T07:28:36Z
2026-07-30T07:25:17Z,2026-07-30T09:25:17+0200,e73b670a-bc29-4bfc-b6f4-93c290a4d3ee,2026-06-29T17:30:00Z,2026-06-29T19:30:00+0200,206.54,EUR/MWh,DK1,DK_1,imbalance_price,Short,2026-07-30T07:28:36Z
2026-07-30T07:25:17Z,2026-07-30T09:25:17+0200,e73b670a-bc29-4bfc-b6f4-93c290a4d3ee,2026-06-29T17:45:00Z,2026-06-29T19:45:00+0200,1.07,EUR/MWh,DK1,DK_1,imbalance_price,Long,2026-07-30T07:28:36Z
2026-07-30T07:25:17Z,2026-07-30T09:25:17+0200,e73b670a-bc29-4bfc-b6f4-93c290a4d3ee,2026-06-29T17:45:00Z,2026-06-29T19:45:00+0200,1.07,EUR/MWh,DK1,DK_1,imbalance_price,Short,2026-07-30T07:28:36Z
2026-07-30T07:25:17Z,2026-07-30T09:25:17+0200,e73b670a-bc29-4bfc-b6f4-93c290a4d3ee,2026-06-29T18:00:00Z,2026-06-29T20:00:00+0200,20.14,EUR/MWh,DK1,DK_1,imbalance_price,Long,2026-07-30T07:28:36Z
2026-07-30T07:25:17Z,2026-07-30T09:25:17+0200,e73b670a-bc29-4bfc-b6f4-93c290a4d3ee,2026-06-29T18:00:00Z,2026-06-29T20:00:00+0200,20.14,EUR/MWh,DK1,DK_1,imbalance_price,Short,2026-07-30T07:28:36Z
2026-07-30T07:25:17Z,2026-07-30T09:25:17+0200,e73b670a-bc29-4bfc-b6f4-93c290a4d3ee,2026-06-29T18:15:00Z,2026-06-29T20:15:00+0200,27.23,EUR/MWh,DK1,DK_1,imbalance_price,Long,2026-07-30T07:28:36Z
2026-07-30T07:25:17Z,2026-07-30T09:25:17+0200,e73b670a-bc29-4bfc-b6f4-93c290a4d3ee,2026-06-29T18:15:00Z,2026-06-29T20:15:00+0200,27.23,EUR/MWh,DK1,DK_1,imbalance_price,Short,2026-07-30T07:28:36Z
2026-07-30T07:25:17Z,2026-07-30T09:25:17+0200,e73b670a-bc29-4bfc-b6f4-93c290a4d3ee,2026-06-29T18:30:00Z,2026-06-29T20:30:00+0200,110.0,EUR/MWh,DK1,DK_1,imbalance_price,Long,2026-07-30T07:28:36Z
2026-07-30T07:25:17Z,2026-07-30T09:25:17+0200,e73b670a-bc29-4bfc-b6f4-93c290a4d3ee,2026-06-29T18:30:00Z,2026-06-29T20:30:00+0200,110.0,EUR/MWh,DK1,DK_1,imbalance_price,Short,2026-07-30T07:28:36Z
2026-07-30T07:25:17Z,2026-07-30T09:25:17+0200,e73b670a-bc29-4bfc-b6f4-93c290a4d3ee,2026-06-29T18:45:00Z,2026-06-29T20:45:00+0200,365.75,EUR/MWh,DK1,DK_1,imbalance_price,Long,2026-07-30T07:28:36Z
2026-07-30T07:25:17Z,2026-07-30T09:25:17+0200,e73b670a-bc29-4bfc-b6f4-93c290a4d3ee,2026-06-29T18:45:00Z,2026-06-29T20:45:00+0200,365.75,EUR/MWh,DK1,DK_1,imbalance_price,Short,2026-07-30T07:28:36Z
2026-07-30T07:25:17Z,2026-07-30T09:25:17+0200,e73b670a-bc29-4bfc-b6f4-93c290a4d3ee,2026-06-29T19:00:00Z,2026-06-29T21:00:00+0200,115.97,EUR/MWh,DK1,DK_1,imbalance_price,Long,2026-07-30T07:28:36Z
2026-07-30T07:25:17Z,2026-07-30T09:25:17+0200,e73b670a-bc29-4bfc-b6f4-93c290a4d3ee,2026-06-29T19:00:00Z,2026-06-29T21:00:00+0200,115.97,EUR/MWh,DK1,DK_1,imbalance_price,Short,2026-07-30T07:28:36Z
2026-07-30T07:25:17Z,2026-07-30T09:25:17+0200,e73b670a-bc29-4bfc-b6f4-93c290a4d3ee,2026-06-29T19:15:00Z,2026-06-29T21:15:00+0200,325.26,EUR/MWh,DK1,DK_1,imbalance_price,Long,2026-07-30T07:28:36Z
2026-07-30T07:25:17Z,2026-07-30T09:25:17+0200,e73b670a-bc29-4bfc-b6f4-93c290a4d3ee,2026-06-29T19:15:00Z,2026-06-29T21:15:00+0200,325.26,EUR/MWh,DK1,DK_1,imbalance_price,Short,2026-07-30T07:28:36Z
2026-07-30T07:25:17Z,2026-07-30T09:25:17+0200,e73b670a-bc29-4bfc-b6f4-93c290a4d3ee,2026-06-29T19:30:00Z,2026-06-29T21:30:00+0200,25.1,EUR/MWh,DK1,DK_1,imbalance_price,Long,2026-07-30T07:28:36Z
2026-07-30T07:25:17Z,2026-07-30T09:25:17+0200,e73b670a-bc29-4bfc-b6f4-93c290a4d3ee,2026-06-29T19:30:00Z,2026-06-29T21:30:00+0200,25.1,EUR/MWh,DK1,DK_1,imbalance_price,Short,2026-07-30T07:28:36Z
2026-07-30T07:25:17Z,2026-07-30T09:25:17+0200,e73b670a-bc29-4bfc-b6f4-93c290a4d3ee,2026-06-29T19:45:00Z,2026-06-29T21:45:00+0200,25.73,EUR/MWh,DK1,DK_1,imbalance_price,Long,2026-07-30T07:28:36Z
2026-07-30T07:25:17Z,2026-07-30T09:25:17+0200,e73b670a-bc29-4bfc-b6f4-93c290a4d3ee,2026-06-29T19:45:00Z,2026-06-29T21:45:00+0200,25.73,EUR/MWh,DK1,DK_1,imbalance_price,Short,2026-07-30T07:28:36Z
2026-07-30T07:25:17Z,2026-07-30T09:25:17+0200,e73b670a-bc29-4bfc-b6f4-93c290a4d3ee,2026-06-29T20:00:00Z,2026-06-29T22:00:00+0200,113.0,EUR/MWh,DK1,DK_1,imbalance_price,Long,2026-07-30T07:28:36Z
2026-07-30T07:25:17Z,2026-07-30T09:25:17+0200,e73b670a-bc29-4bfc-b6f4-93c290a4d3ee,2026-06-29T20:00:00Z,2026-06-29T22:00:00+0200,113.0,EUR/MWh,DK1,DK_1,imbalance_price,Short,2026-07-30T07:28:36Z
2026-07-30T07:25:17Z,2026-07-30T09:25:17+0200,e73b670a-bc29-4bfc-b6f4-93c290a4d3ee,2026-06-29T20:15:00Z,2026-06-29T22:15:00+0200,34.27,EUR/MWh,DK1,DK_1,imbalance_price,Long,2026-07-30T07:28:36Z
2026-07-30T07:25:17Z,2026-07-30T09:25:17+0200,e73b670a-bc29-4bfc-b6f4-93c290a4d3ee,2026-06-29T20:15:00Z,2026-06-29T22:15:00+0200,34.27,EUR/MWh,DK1,DK_1,imbalance_price,Short,2026-07-30T07:28:36Z
2026-07-30T07:25:17Z,2026-07-30T09:25:17+0200,e73b670a-bc29-4bfc-b6f4-93c290a4d3ee,2026-06-29T20:30:00Z,2026-06-29T22:30:00+0200,33.19,EUR/MWh,DK1,DK_1,imbalance_price,Long,2026-07-30T07:28:36Z
2026-07-30T07:25:17Z,2026-07-30T09:25:17+0200,e73b670a-bc29-4bfc-b6f4-93c290a4d3ee,2026-06-29T20:30:00Z,2026-06-29T22:30:00+0200,33.19,EUR/MWh,DK1,DK_1,imbalance_price,Short,2026-07-30T07:28:36Z
2026-07-30T07:25:17Z,2026-07-30T09:25:17+0200,e73b670a-bc29-4bfc-b6f4-93c290a4d3ee,2026-06-29T20:45:00Z,2026-06-29T22:45:00+0200,170.44,EUR/MWh,DK1,DK_1,imbalance_price,Long,2026-07-30T07:28:36Z
2026-07-30T07:25:17Z,2026-07-30T09:25:17+0200,e73b670a-bc29-4bfc-b6f4-93c290a4d3ee,2026-06-29T20:45:00Z,2026-06-29T22:45:00+0200,170.44,EUR/MWh,DK1,DK_1,imbalance_price,Short,2026-07-30T07:28:36Z
2026-07-30T07:25:17Z,2026-07-30T09:25:17+0200,e73b670a-bc29-4bfc-b6f4-93c290a4d3ee,2026-06-29T21:00:00Z,2026-06-29T23:00:00+0200,205.19,EUR/MWh,DK1,DK_1,imbalance_price,Long,2026-07-30T07:28:36Z
2026-07-30T07:25:17Z,2026-07-30T09:25:17+0200,e73b670a-bc29-4bfc-b6f4-93c290a4d3ee,2026-06-29T21:00:00Z,2026-06-29T23:00:00+0200,205.19,EUR/MWh,DK1,DK_1,imbalance_price,Short,2026-07-30T07:28:36Z
2026-07-30T07:25:17Z,2026-07-30T09:25:17+0200,e73b670a-bc29-4bfc-b6f4-93c290a4d3ee,2026-06-29T21:15:00Z,2026-06-29T23:15:00+0200,164.45,EUR/MWh,DK1,DK_1,imbalance_price,Long,2026-07-30T07:28:36Z
2026-07-30T07:25:17Z,2026-07-30T09:25:17+0200,e73b670a-bc29-4bfc-b6f4-93c290a4d3ee,2026-06-29T21:15:00Z,2026-06-29T23:15:00+0200,164.45,EUR/MWh,DK1,DK_1,imbalance_price,Short,2026-07-30T07:28:36Z
2026-07-30T07:25:17Z,2026-07-30T09:25:17+0200,e73b670a-bc29-4bfc-b6f4-93c290a4d3ee,2026-06-29T21:30:00Z,2026-06-29T23:30:00+0200,294.36,EUR/MWh,DK1,DK_1,imbalance_price,Long,2026-07-30T07:28:36Z
2026-07-30T07:25:17Z,2026-07-30T09:25:17+0200,e73b670a-bc29-4bfc-b6f4-93c290a4d3ee,2026-06-29T21:30:00Z,2026-06-29T23:30:00+0200,294.36,EUR/MWh,DK1,DK_1,imbalance_price,Short,2026-07-30T07:28:36Z
2026-07-30T07:25:17Z,2026-07-30T09:25:17+0200,e73b670a-bc29-4bfc-b6f4-93c290a4d3ee,2026-06-29T21:45:00Z,2026-06-29T23:45:00+0200,155.19,EUR/MWh,DK1,DK_1,imbalance_price,Long,2026-07-30T07:28:36Z
2026-07-30T07:25:17Z,2026-07-30T09:25:17+0200,e73b670a-bc29-4bfc-b6f4-93c290a4d3ee,2026-06-29T21:45:00Z,2026-06-29T23:45:00+0200,155.19,EUR/MWh,DK1,DK_1,imbalance_price,Short,2026-07-30T07:28:36Z
2026-07-30T07:25:17Z,2026-07-30T09:25:17+0200,e73b670a-bc29-4bfc-b6f4-93c290a4d3ee,2026-06-29T22:00:00Z,2026-06-30T00:00:00+0200,107.89,EUR/MWh,DK1,DK_1,imbalance_price,Long,2026-07-30T07:28:36Z
2026-07-30T07:25:17Z,2026-07-30T09:25:17+0200,e73b670a-bc29-4bfc-b6f4-93c290a4d3ee,2026-06-29T22:00:00Z,2026-06-30T00:00:00+0200,107.89,EUR/MWh,DK1,DK_1,imbalance_price,Short,2026-07-30T07:28:36Z
2026-07-30T07:25:17Z,2026-07-30T09:25:17+0200,e73b670a-bc29-4bfc-b6f4-93c290a4d3ee,2026-06-29T22:15:00Z,2026-06-30T00:15:00+0200,101.24,EUR/MWh,DK1,DK_1,imbalance_price,Long,2026-07-30T07:28:36Z
2026-07-30T07:25:17Z,2026-07-30T09:25:17+0200,e73b670a-bc29-4bfc-b6f4-93c290a4d3ee,2026-06-29T22:15:00Z,2026-06-30T00:15:00+0200,101.24,EUR/MWh,DK1,DK_1,imbalance_price,Short,2026-07-30T07:28:36Z
2026-07-30T07:25:17Z,2026-07-30T09:25:17+0200,e73b670a-bc29-4bfc-b6f4-93c290a4d3ee,2026-06-29T22:30:00Z,2026-06-30T00:30:00+0200,105.01,EUR/MWh,DK1,DK_1,imbalance_price,Long,2026-07-30T07:28:36Z
2026-07-30T07:25:17Z,2026-07-30T09:25:17+0200,e73b670a-bc29-4bfc-b6f4-93c290a4d3ee,2026-06-29T22:30:00Z,2026-06-30T00:30:00+0200,105.01,EUR/MWh,DK1,DK_1,imbalance_price,Short,2026-07-30T07:28:36Z
2026-07-30T07:25:17Z,2026-07-30T09:25:17+0200,e73b670a-bc29-4bfc-b6f4-93c290a4d3ee,2026-06-29T22:45:00Z,2026-06-30T00:45:00+0200,155.11,EUR/MWh,DK1,DK_1,imbalance_price,Long,2026-07-30T07:28:36Z
2026-07-30T07:25:17Z,2026-07-30T09:25:17+0200,e73b670a-bc29-4bfc-b6f4-93c290a4d3ee,2026-06-29T22:45:00Z,2026-06-30T00:45:00+0200,155.11,EUR/MWh,DK1,DK_1,imbalance_price,Short,2026-07-30T07:28:36Z
2026-07-30T07:25:17Z,2026-07-30T09:25:17+0200,e73b670a-bc29-4bfc-b6f4-93c290a4d3ee,2026-06-29T23:00:00Z,2026-06-30T01:00:00+0200,267.6,EUR/MWh,DK1,DK_1,imbalance_price,Long,2026-07-30T07:28:36Z
2026-07-30T07:25:17Z,2026-07-30T09:25:17+0200,e73b670a-bc29-4bfc-b6f4-93c290a4d3ee,2026-06-29T23:00:00Z,2026-06-30T01:00:00+0200,267.6,EUR/MWh,DK1,DK_1,imbalance_price,Short,2026-07-30T07:28:36Z
2026-07-30T07:25:17Z,2026-07-30T09:25:17+0200,e73b670a-bc29-4bfc-b6f4-93c290a4d3ee,2026-06-29T23:15:00Z,2026-06-30T01:15:00+0200,317.68,EUR/MWh,DK1,DK_1,imbalance_price,Long,2026-07-30T07:28:36Z
2026-07-30T07:25:17Z,2026-07-30T09:25:17+0200,e73b670a-bc29-4bfc-b6f4-93c290a4d3ee,2026-06-29T23:15:00Z,2026-06-30T01:15:00+0200,317.68,EUR/MWh,DK1,DK_1,imbalance_price,Short,2026-07-30T07:28:36Z
2026-07-30T07:25:17Z,2026-07-30T09:25:17+0200,e73b670a-bc29-4bfc-b6f4-93c290a4d3ee,2026-06-29T23:30:00Z,2026-06-30T01:30:00+0200,309.81,EUR/MWh,DK1,DK_1,imbalance_price,Long,2026-07-30T07:28:36Z
2026-07-30T07:25:17Z,2026-07-30T09:25:17+0200,e73b670a-bc29-4bfc-b6f4-93c290a4d3ee,2026-06-29T23:30:00Z,2026-06-30T01:30:00+0200,309.81,EUR/MWh,DK1,DK_1,imbalance_price,Short,2026-07-30T07:28:36Z
2026-07-30T07:25:17Z,2026-07-30T09:25:17+0200,e73b670a-bc29-4bfc-b6f4-93c290a4d3ee,2026-06-29T23:45:00Z,2026-06-30T01:45:00+0200,294.36,EUR/MWh,DK1,DK_1,imbalance_price,Long,2026-07-30T07:28:36Z
2026-07-30T07:25:17Z,2026-07-30T09:25:17+0200,e73b670a-bc29-4bfc-b6f4-93c290a4d3ee,2026-06-29T23:45:00Z,2026-06-30T01:45:00+0200,294.36,EUR/MWh,DK1,DK_1,imbalance_price,Short,2026-07-30T07:28:36Z
2026-07-30T07:25:17Z,2026-07-30T09:25:17+0200,e73b670a-bc29-4bfc-b6f4-93c290a4d3ee,2026-06-30T00:00:00Z,2026-06-30T02:00:00+0200,167.73,EUR/MWh,DK1,DK_1,imbalance_price,Long,2026-07-30T07:28:36Z
2026-07-30T07:25:17Z,2026-07-30T09:25:17+0200,e73b670a-bc29-4bfc-b6f4-93c290a4d3ee,2026-06-30T00:00:00Z,2026-06-30T02:00:00+0200,167.73,EUR/MWh,DK1,DK_1,imbalance_price,Short,2026-07-30T07:28:36Z
2026-07-30T07:25:17Z,2026-07-30T09:25:17+0200,e73b670a-bc29-4bfc-b6f4-93c290a4d3ee,2026-06-30T00:15:00Z,2026-06-30T02:15:00+0200,105.01,EUR/MWh,DK1,DK_1,imbalance_price,Long,2026-07-30T07:28:36Z
2026-07-30T07:25:17Z,2026-07-30T09:25:17+0200,e73b670a-bc29-4bfc-b6f4-93c290a4d3ee,2026-06-30T00:15:00Z,2026-06-30T02:15:00+0200,105.01,EUR/MWh,DK1,DK_1,imbalance_price,Short,2026-07-30T07:28:36Z
2026-07-30T07:25:17Z,2026-07-30T09:25:17+0200,e73b670a-bc29-4bfc-b6f4-93c290a4d3ee,2026-06-30T00:30:00Z,2026-06-30T02:30:00+0200,294.36,EUR/MWh,DK1,DK_1,imbalance_price,Long,2026-07-30T07:28:36Z
2026-07-30T07:25:17Z,2026-07-30T09:25:17+0200,e73b670a-bc29-4bfc-b6f4-93c290a4d3ee,2026-06-30T00:30:00Z,2026-06-30T02:30:00+0200,294.36,EUR/MWh,DK1,DK_1,imbalance_price,Short,2026-07-30T07:28:36Z
2026-07-30T07:25:17Z,2026-07-30T09:25:17+0200,e73b670a-bc29-4bfc-b6f4-93c290a4d3ee,2026-06-30T00:45:00Z,2026-06-30T02:45:00+0200,140.08,EUR/MWh,DK1,DK_1,imbalance_price,Long,2026-07-30T07:28:36Z
2026-07-30T07:25:17Z,2026-07-30T09:25:17+0200,e73b670a-bc29-4bfc-b6f4-93c290a4d3ee,2026-06-30T00:45:00Z,2026-06-30T02:45:00+0200,140.08,EUR/MWh,DK1,DK_1,imbalance_price,Short,2026-07-30T07:28:36Z
2026-07-30T07:25:17Z,2026-07-30T09:25:17+0200,e73b670a-bc29-4bfc-b6f4-93c290a4d3ee,2026-06-30T01:00:00Z,2026-06-30T03:00:00+0200,188.81,EUR/MWh,DK1,DK_1,imbalance_price,Long,2026-07-30T07:28:36Z
2026-07-30T07:25:17Z,2026-07-30T09:25:17+0200,e73b670a-bc29-4bfc-b6f4-93c290a4d3ee,2026-06-30T01:00:00Z,2026-06-30T03:00:00+0200,188.81,EUR/MWh,DK1,DK_1,imbalance_price,Short,2026-07-30T07:28:36Z
2026-07-30T07:25:17Z,2026-07-30T09:25:17+0200,e73b670a-bc29-4bfc-b6f4-93c290a4d3ee,2026-06-30T01:15:00Z,2026-06-30T03:15:00+0200,267.6,EUR/MWh,DK1,DK_1,imbalance_price,Long,2026-07-30T07:28:36Z
2026-07-30T07:25:17Z,2026-07-30T09:25:17+0200,e73b670a-bc29-4bfc-b6f4-93c290a4d3ee,2026-06-30T01:15:00Z,2026-06-30T03:15:00+0200,267.6,EUR/MWh,DK1,DK_1,imbalance_price,Short,2026-07-30T07:28:36Z
2026-07-30T07:25:17Z,2026-07-30T09:25:17+0200,e73b670a-bc29-4bfc-b6f4-93c290a4d3ee,2026-06-30T01:30:00Z,2026-06-30T03:30:00+0200,231.16,EUR/MWh,DK1,DK_1,imbalance_price,Long,2026-07-30T07:28:36Z
2026-07-30T07:25:17Z,2026-07-30T09:25:17+0200,e73b670a-bc29-4bfc-b6f4-93c290a4d3ee,2026-06-30T01:30:00Z,2026-06-30T03:30:00+0200,231.16,EUR/MWh,DK1,DK_1,imbalance_price,Short,2026-07-30T07:28:36Z
2026-07-30T07:25:17Z,2026-07-30T09:25:17+0200,e73b670a-bc29-4bfc-b6f4-93c290a4d3ee,2026-06-30T01:45:00Z,2026-06-30T03:45:00+0200,267.6,EUR/MWh,DK1,DK_1,imbalance_price,Long,2026-07-30T07:28:36Z
2026-07-30T07:25:17Z,2026-07-30T09:25:17+0200,e73b670a-bc29-4bfc-b6f4-93c290a4d3ee,2026-06-30T01:45:00Z,2026-06-30T03:45:00+0200,267.6,EUR/MWh,DK1,DK_1,imbalance_price,Short,2026-07-30T07:28:36Z
2026-07-30T07:25:17Z,2026-07-30T09:25:17+0200,e73b670a-bc29-4bfc-b6f4-93c290a4d3ee,2026-06-30T02:00:00Z,2026-06-30T04:00:00+0200,217.46,EUR/MWh,DK1,DK_1,imbalance_price,Long,2026-07-30T07:28:36Z
2026-07-30T07:25:17Z,2026-07-30T09:25:17+0200,e73b670a-bc29-4bfc-b6f4-93c290a4d3ee,2026-06-30T02:00:00Z,2026-06-30T04:00:00+0200,217.46,EUR/MWh,DK1,DK_1,imbalance_price,Short,2026-07-30T07:28:36Z
2026-07-30T07:25:17Z,2026-07-30T09:25:17+0200,e73b670a-bc29-4bfc-b6f4-93c290a4d3ee,2026-06-30T02:15:00Z,2026-06-30T04:15:00+0200,240.84,EUR/MWh,DK1,DK_1,imbalance_price,Long,2026-07-30T07:28:36Z
2026-07-30T07:25:17Z,2026-07-30T09:25:17+0200,e73b670a-bc29-4bfc-b6f4-93c290a4d3ee,2026-06-30T02:15:00Z,2026-06-30T04:15:00+0200,240.84,EUR/MWh,DK1,DK_1,imbalance_price,Short,2026-07-30T07:28:36Z
2026-07-30T07:25:17Z,2026-07-30T09:25:17+0200,e73b670a-bc29-4bfc-b6f4-93c290a4d3ee,2026-06-30T02:30:00Z,2026-06-30T04:30:00+0200,225.94,EUR/MWh,DK1,DK_1,imbalance_price,Long,2026-07-30T07:28:36Z
2026-07-30T07:25:17Z,2026-07-30T09:25:17+0200,e73b670a-bc29-4bfc-b6f4-93c290a4d3ee,2026-06-30T02:30:00Z,2026-06-30T04:30:00+0200,225.94,EUR/MWh,DK1,DK_1,imbalance_price,Short,2026-07-30T07:28:36Z
2026-07-30T07:25:17Z,2026-07-30T09:25:17+0200,e73b670a-bc29-4bfc-b6f4-93c290a4d3ee,2026-06-30T02:45:00Z,2026-06-30T04:45:00+0200,143.33,EUR/MWh,DK1,DK_1,imbalance_price,Long,2026-07-30T07:28:36Z
2026-07-30T07:25:17Z,2026-07-30T09:25:17+0200,e73b670a-bc29-4bfc-b6f4-93c290a4d3ee,2026-06-30T02:45:00Z,2026-06-30T04:45:00+0200,143.33,EUR/MWh,DK1,DK_1,imbalance_price,Short,2026-07-30T07:28:36Z
2026-07-30T07:25:17Z,2026-07-30T09:25:17+0200,e73b670a-bc29-4bfc-b6f4-93c290a4d3ee,2026-06-30T03:00:00Z,2026-06-30T05:00:00+0200,43.98,EUR/MWh,DK1,DK_1,imbalance_price,Long,2026-07-30T07:28:36Z
2026-07-30T07:25:17Z,2026-07-30T09:25:17+0200,e73b670a-bc29-4bfc-b6f4-93c290a4d3ee,2026-06-30T03:00:00Z,2026-06-30T05:00:00+0200,43.98,EUR/MWh,DK1,DK_1,imbalance_price,Short,2026-07-30T07:28:36Z
2026-07-30T07:25:17Z,2026-07-30T09:25:17+0200,e73b670a-bc29-4bfc-b6f4-93c290a4d3ee,2026-06-30T03:15:00Z,2026-06-30T05:15:00+0200,150.78,EUR/MWh,DK1,DK_1,imbalance_price,Long,2026-07-30T07:28:36Z
2026-07-30T07:25:17Z,2026-07-30T09:25:17+0200,e73b670a-bc29-4bfc-b6f4-93c290a4d3ee,2026-06-30T03:15:00Z,2026-06-30T05:15:00+0200,150.78,EUR/MWh,DK1,DK_1,imbalance_price,Short,2026-07-30T07:28:36Z
2026-07-30T07:25:17Z,2026-07-30T09:25:17+0200,e73b670a-bc29-4bfc-b6f4-93c290a4d3ee,2026-06-30T03:30:00Z,2026-06-30T05:30:00+0200,153.92,EUR/MWh,DK1,DK_1,imbalance_price,Long,2026-07-30T07:28:36Z
2026-07-30T07:25:17Z,2026-07-30T09:25:17+0200,e73b670a-bc29-4bfc-b6f4-93c290a4d3ee,2026-06-30T03:30:00Z,2026-06-30T05:30:00+0200,153.92,EUR/MWh,DK1,DK_1,imbalance_price,Short,2026-07-30T07:28:36Z
2026-07-30T07:25:17Z,2026-07-30T09:25:17+0200,e73b670a-bc29-4bfc-b6f4-93c290a4d3ee,2026-06-30T03:45:00Z,2026-06-30T05:45:00+0200,165.94,EUR/MWh,DK1,DK_1,imbalance_price,Long,2026-07-30T07:28:36Z
2026-07-30T07:25:17Z,2026-07-30T09:25:17+0200,e73b670a-bc29-4bfc-b6f4-93c290a4d3ee,2026-06-30T03:45:00Z,2026-06-30T05:45:00+0200,165.94,EUR/MWh,DK1,DK_1,imbalance_price,Short,2026-07-30T07:28:36Z
2026-07-30T07:25:17Z,2026-07-30T09:25:17+0200,e73b670a-bc29-4bfc-b6f4-93c290a4d3ee,2026-06-30T04:00:00Z,2026-06-30T06:00:00+0200,176.46,EUR/MWh,DK1,DK_1,imbalance_price,Long,2026-07-30T07:28:36Z
2026-07-30T07:25:17Z,2026-07-30T09:25:17+0200,e73b670a-bc29-4bfc-b6f4-93c290a4d3ee,2026-06-30T04:00:00Z,2026-06-30T06:00:00+0200,176.46,EUR/MWh,DK1,DK_1,imbalance_price,Short,2026-07-30T07:28:36Z
2026-07-30T07:25:17Z,2026-07-30T09:25:17+0200,e73b670a-bc29-4bfc-b6f4-93c290a4d3ee,2026-06-30T04:15:00Z,2026-06-30T06:15:00+0200,50.0,EUR/MWh,DK1,DK_1,imbalance_price,Long,2026-07-30T07:28:36Z
2026-07-30T07:25:17Z,2026-07-30T09:25:17+0200,e73b670a-bc29-4bfc-b6f4-93c290a4d3ee,2026-06-30T04:15:00Z,2026-06-30T06:15:00+0200,50.0,EUR/MWh,DK1,DK_1,imbalance_price,Short,2026-07-30T07:28:36Z
2026-07-30T07:25:17Z,2026-07-30T09:25:17+0200,e73b670a-bc29-4bfc-b6f4-93c290a4d3ee,2026-06-30T04:30:00Z,2026-06-30T06:30:00+0200,22.09,EUR/MWh,DK1,DK_1,imbalance_price,Long,2026-07-30T07:28:36Z
2026-07-30T07:25:17Z,2026-07-30T09:25:17+0200,e73b670a-bc29-4bfc-b6f4-93c290a4d3ee,2026-06-30T04:30:00Z,2026-06-30T06:30:00+0200,22.09,EUR/MWh,DK1,DK_1,imbalance_price,Short,2026-07-30T07:28:36Z
2026-07-30T07:25:17Z,2026-07-30T09:25:17+0200,e73b670a-bc29-4bfc-b6f4-93c290a4d3ee,2026-06-30T04:45:00Z,2026-06-30T06:45:00+0200,26.76,EUR/MWh,DK1,DK_1,imbalance_price,Long,2026-07-30T07:28:36Z
2026-07-30T07:25:17Z,2026-07-30T09:25:17+0200,e73b670a-bc29-4bfc-b6f4-93c290a4d3ee,2026-06-30T04:45:00Z,2026-06-30T06:45:00+0200,26.76,EUR/MWh,DK1,DK_1,imbalance_price,Short,2026-07-30T07:28:36Z
2026-07-30T07:25:17Z,2026-07-30T09:25:17+0200,e73b670a-bc29-4bfc-b6f4-93c290a4d3ee,2026-06-30T05:00:00Z,2026-06-30T07:00:00+0200,26.76,EUR/MWh,DK1,DK_1,imbalance_price,Long,2026-07-30T07:28:36Z
2026-07-30T07:25:17Z,2026-07-30T09:25:17+0200,e73b670a-bc29-4bfc-b6f4-93c290a4d3ee,2026-06-30T05:00:00Z,2026-06-30T07:00:00+0200,26.76,EUR/MWh,DK1,DK_1,imbalance_price,Short,2026-07-30T07:28:36Z
2026-07-30T07:25:17Z,2026-07-30T09:25:17+0200,e73b670a-bc29-4bfc-b6f4-93c290a4d3ee,2026-06-30T05:15:00Z,2026-06-30T07:15:00+0200,26.29,EUR/MWh,DK1,DK_1,imbalance_price,Long,2026-07-30T07:28:36Z
2026-07-30T07:25:17Z,2026-07-30T09:25:17+0200,e73b670a-bc29-4bfc-b6f4-93c290a4d3ee,2026-06-30T05:15:00Z,2026-06-30T07:15:00+0200,26.29,EUR/MWh,DK1,DK_1,imbalance_price,Short,2026-07-30T07:28:36Z
2026-07-30T07:25:17Z,2026-07-30T09:25:17+0200,e73b670a-bc29-4bfc-b6f4-93c290a4d3ee,2026-06-30T05:30:00Z,2026-06-30T07:30:00+0200,25.9,EUR/MWh,DK1,DK_1,imbalance_price,Long,2026-07-30T07:28:36Z
2026-07-30T07:25:17Z,2026-07-30T09:25:17+0200,e73b670a-bc29-4bfc-b6f4-93c290a4d3ee,2026-06-30T05:30:00Z,2026-06-30T07:30:00+0200,25.9,EUR/MWh,DK1,DK_1,imbalance_price,Short,2026-07-30T07:28:36Z
2026-07-30T07:25:17Z,2026-07-30T09:25:17+0200,e73b670a-bc29-4bfc-b6f4-93c290a4d3ee,2026-06-30T05:45:00Z,2026-06-30T07:45:00+0200,167.12,EUR/MWh,DK1,DK_1,imbalance_price,Long,2026-07-30T07:28:36Z
2026-07-30T07:25:17Z,2026-07-30T09:25:17+0200,e73b670a-bc29-4bfc-b6f4-93c290a4d3ee,2026-06-30T05:45:00Z,2026-06-30T07:45:00+0200,167.12,EUR/MWh,DK1,DK_1,imbalance_price,Short,2026-07-30T07:28:36Z
2026-07-30T07:25:17Z,2026-07-30T09:25:17+0200,e73b670a-bc29-4bfc-b6f4-93c290a4d3ee,2026-06-30T06:00:00Z,2026-06-30T08:00:00+0200,199.47,EUR/MWh,DK1,DK_1,imbalance_price,Long,2026-07-30T07:28:36Z
2026-07-30T07:25:17Z,2026-07-30T09:25:17+0200,e73b670a-bc29-4bfc-b6f4-93c290a4d3ee,2026-06-30T06:00:00Z,2026-06-30T08:00:00+0200,199.47,EUR/MWh,DK1,DK_1,imbalance_price,Short,2026-07-30T07:28:36Z
2026-07-30T07:25:17Z,2026-07-30T09:25:17+0200,e73b670a-bc29-4bfc-b6f4-93c290a4d3ee,2026-06-30T06:15:00Z,2026-06-30T08:15:00+0200,169.59,EUR/MWh,DK1,DK_1,imbalance_price,Long,2026-07-30T07:28:36Z
2026-07-30T07:25:17Z,2026-07-30T09:25:17+0200,e73b670a-bc29-4bfc-b6f4-93c290a4d3ee,2026-06-30T06:15:00Z,2026-06-30T08:15:00+0200,169.59,EUR/MWh,DK1,DK_1,imbalance_price,Short,2026-07-30T07:28:36Z
2026-07-30T07:25:17Z,2026-07-30T09:25:17+0200,e73b670a-bc29-4bfc-b6f4-93c290a4d3ee,2026-06-30T06:30:00Z,2026-06-30T08:30:00+0200,33.45,EUR/MWh,DK1,DK_1,imbalance_price,Long,2026-07-30T07:28:36Z
2026-07-30T07:25:17Z,2026-07-30T09:25:17+0200,e73b670a-bc29-4bfc-b6f4-93c290a4d3ee,2026-06-30T06:30:00Z,2026-06-30T08:30:00+0200,33.45,EUR/MWh,DK1,DK_1,imbalance_price,Short,2026-07-30T07:28:36Z
2026-07-30T07:25:17Z,2026-07-30T09:25:17+0200,e73b670a-bc29-4bfc-b6f4-93c290a4d3ee,2026-06-30T06:45:00Z,2026-06-30T08:45:00+0200,5.35,EUR/MWh,DK1,DK_1,imbalance_price,Long,2026-07-30T07:28:36Z
2026-07-30T07:25:17Z,2026-07-30T09:25:17+0200,e73b670a-bc29-4bfc-b6f4-93c290a4d3ee,2026-06-30T06:45:00Z,2026-06-30T08:45:00+0200,5.35,EUR/MWh,DK1,DK_1,imbalance_price,Short,2026-07-30T07:28:36Z
2026-07-30T07:25:17Z,2026-07-30T09:25:17+0200,e73b670a-bc29-4bfc-b6f4-93c290a4d3ee,2026-06-30T07:00:00Z,2026-06-30T09:00:00+0200,110.2,EUR/MWh,DK1,DK_1,imbalance_price,Long,2026-07-30T07:28:36Z
2026-07-30T07:25:17Z,2026-07-30T09:25:17+0200,e73b670a-bc29-4bfc-b6f4-93c290a4d3ee,2026-06-30T07:00:00Z,2026-06-30T09:00:00+0200,110.2,EUR/MWh,DK1,DK_1,imbalance_price,Short,2026-07-30T07:28:36Z
2026-07-30T07:25:17Z,2026-07-30T09:25:17+0200,e73b670a-bc29-4bfc-b6f4-93c290a4d3ee,2026-06-30T07:15:00Z,2026-06-30T09:15:00+0200,108.5,EUR/MWh,DK1,DK_1,imbalance_price,Long,2026-07-30T07:28:36Z
2026-07-30T07:25:17Z,2026-07-30T09:25:17+0200,e73b670a-bc29-4bfc-b6f4-93c290a4d3ee,2026-06-30T07:15:00Z,2026-06-30T09:15:00+0200,108.5,EUR/MWh,DK1,DK_1,imbalance_price,Short,2026-07-30T07:28:36Z
2026-07-30T07:25:17Z,2026-07-30T09:25:17+0200,e73b670a-bc29-4bfc-b6f4-93c290a4d3ee,2026-06-30T07:30:00Z,2026-06-30T09:30:00+0200,273.97,EUR/MWh,DK1,DK_1,imbalance_price,Long,2026-07-30T07:28:36Z
2026-07-30T07:25:17Z,2026-07-30T09:25:17+0200,e73b670a-bc29-4bfc-b6f4-93c290a4d3ee,2026-06-30T07:30:00Z,2026-06-30T09:30:00+0200,273.97,EUR/MWh,DK1,DK_1,imbalance_price,Short,2026-07-30T07:28:36Z
2026-07-30T07:25:17Z,2026-07-30T09:25:17+0200,e73b670a-bc29-4bfc-b6f4-93c290a4d3ee,2026-06-30T07:45:00Z,2026-06-30T09:45:00+0200,180.17,EUR/MWh,DK1,DK_1,imbalance_price,Long,2026-07-30T07:28:36Z
2026-07-30T07:25:17Z,2026-07-30T09:25:17+0200,e73b670a-bc29-4bfc-b6f4-93c290a4d3ee,2026-06-30T07:45:00Z,2026-06-30T09:45:00+0200,180.17,EUR/MWh,DK1,DK_1,imbalance_price,Short,2026-07-30T07:28:36Z
2026-07-30T07:25:17Z,2026-07-30T09:25:17+0200,e73b670a-bc29-4bfc-b6f4-93c290a4d3ee,2026-06-30T08:00:00Z,2026-06-30T10:00:00+0200,34.24,EUR/MWh,DK1,DK_1,imbalance_price,Long,2026-07-30T07:28:36Z
2026-07-30T07:25:17Z,2026-07-30T09:25:17+0200,e73b670a-bc29-4bfc-b6f4-93c290a4d3ee,2026-06-30T08:00:00Z,2026-06-30T10:00:00+0200,34.24,EUR/MWh,DK1,DK_1,imbalance_price,Short,2026-07-30T07:28:36Z
2026-07-30T07:25:17Z,2026-07-30T09:25:17+0200,e73b670a-bc29-4bfc-b6f4-93c290a4d3ee,2026-06-30T08:15:00Z,2026-06-30T10:15:00+0200,50.0,EUR/MWh,DK1,DK_1,imbalance_price,Long,2026-07-30T07:28:36Z
2026-07-30T07:25:17Z,2026-07-30T09:25:17+0200,e73b670a-bc29-4bfc-b6f4-93c290a4d3ee,2026-06-30T08:15:00Z,2026-06-30T10:15:00+0200,50.0,EUR/MWh,DK1,DK_1,imbalance_price,Short,2026-07-30T07:28:36Z
2026-07-30T07:25:17Z,2026-07-30T09:25:17+0200,e73b670a-bc29-4bfc-b6f4-93c290a4d3ee,2026-06-30T08:30:00Z,2026-06-30T10:30:00+0200,50.0,EUR/MWh,DK1,DK_1,imbalance_price,Long,2026-07-30T07:28:36Z
2026-07-30T07:25:17Z,2026-07-30T09:25:17+0200,e73b670a-bc29-4bfc-b6f4-93c290a4d3ee,2026-06-30T08:30:00Z,2026-06-30T10:30:00+0200,50.0,EUR/MWh,DK1,DK_1,imbalance_price,Short,2026-07-30T07:28:36Z
2026-07-30T07:25:17Z,2026-07-30T09:25:17+0200,e73b670a-bc29-4bfc-b6f4-93c290a4d3ee,2026-06-30T08:45:00Z,2026-06-30T10:45:00+0200,37.94,EUR/MWh,DK1,DK_1,imbalance_price,Long,2026-07-30T07:28:36Z
2026-07-30T07:25:17Z,2026-07-30T09:25:17+0200,e73b670a-bc29-4bfc-b6f4-93c290a4d3ee,2026-06-30T08:45:00Z,2026-06-30T10:45:00+0200,37.94,EUR/MWh,DK1,DK_1,imbalance_price,Short,2026-07-30T07:28:36Z
2026-07-30T07:25:17Z,2026-07-30T09:25:17+0200,e73b670a-bc29-4bfc-b6f4-93c290a4d3ee,2026-06-30T09:00:00Z,2026-06-30T11:00:00+0200,110.23,EUR/MWh,DK1,DK_1,imbalance_price,Long,2026-07-30T07:28:36Z
2026-07-30T07:25:17Z,2026-07-30T09:25:17+0200,e73b670a-bc29-4bfc-b6f4-93c290a4d3ee,2026-06-30T09:00:00Z,2026-06-30T11:00:00+0200,110.23,EUR/MWh,DK1,DK_1,imbalance_price,Short,2026-07-30T07:28:36Z
2026-07-30T07:25:17Z,2026-07-30T09:25:17+0200,e73b670a-bc29-4bfc-b6f4-93c290a4d3ee,2026-06-30T09:15:00Z,2026-06-30T11:15:00+0200,105.5,EUR/MWh,DK1,DK_1,imbalance_price,Long,2026-07-30T07:28:36Z
2026-07-30T07:25:17Z,2026-07-30T09:25:17+0200,e73b670a-bc29-4bfc-b6f4-93c290a4d3ee,2026-06-30T09:15:00Z,2026-06-30T11:15:00+0200,105.5,EUR/MWh,DK1,DK_1,imbalance_price,Short,2026-07-30T07:28:36Z
2026-07-30T07:25:17Z,2026-07-30T09:25:17+0200,e73b670a-bc29-4bfc-b6f4-93c290a4d3ee,2026-06-30T09:30:00Z,2026-06-30T11:30:00+0200,5.44,EUR/MWh,DK1,DK_1,imbalance_price,Long,2026-07-30T07:28:36Z
2026-07-30T07:25:17Z,2026-07-30T09:25:17+0200,e73b670a-bc29-4bfc-b6f4-93c290a4d3ee,2026-06-30T09:30:00Z,2026-06-30T11:30:00+0200,5.44,EUR/MWh,DK1,DK_1,imbalance_price,Short,2026-07-30T07:28:36Z
2026-07-30T07:25:17Z,2026-07-30T09:25:17+0200,e73b670a-bc29-4bfc-b6f4-93c290a4d3ee,2026-06-30T09:45:00Z,2026-06-30T11:45:00+0200,-29.66,EUR/MWh,DK1,DK_1,imbalance_price,Long,2026-07-30T07:28:36Z
2026-07-30T07:25:17Z,2026-07-30T09:25:17+0200,e73b670a-bc29-4bfc-b6f4-93c290a4d3ee,2026-06-30T09:45:00Z,2026-06-30T11:45:00+0200,-29.66,EUR/MWh,DK1,DK_1,imbalance_price,Short,2026-07-30T07:28:36Z
2026-07-30T07:25:17Z,2026-07-30T09:25:17+0200,e73b670a-bc29-4bfc-b6f4-93c290a4d3ee,2026-06-30T10:00:00Z,2026-06-30T12:00:00+0200,-20.63,EUR/MWh,DK1,DK_1,imbalance_price,Long,2026-07-30T07:28:36Z
2026-07-30T07:25:17Z,2026-07-30T09:25:17+0200,e73b670a-bc29-4bfc-b6f4-93c290a4d3ee,2026-06-30T10:00:00Z,2026-06-30T12:00:00+0200,-20.63,EUR/MWh,DK1,DK_1,imbalance_price,Short,2026-07-30T07:28:36Z
2026-07-30T07:25:17Z,2026-07-30T09:25:17+0200,e73b670a-bc29-4bfc-b6f4-93c290a4d3ee,2026-06-30T10:15:00Z,2026-06-30T12:15:00+0200,-7.07,EUR/MWh,DK1,DK_1,imbalance_price,Long,2026-07-30T07:28:36Z
2026-07-30T07:25:17Z,2026-07-30T09:25:17+0200,e73b670a-bc29-4bfc-b6f4-93c290a4d3ee,2026-06-30T10:15:00Z,2026-06-30T12:15:00+0200,-7.07,EUR/MWh,DK1,DK_1,imbalance_price,Short,2026-07-30T07:28:36Z
2026-07-30T07:25:17Z,2026-07-30T09:25:17+0200,e73b670a-bc29-4bfc-b6f4-93c290a4d3ee,2026-06-30T10:30:00Z,2026-06-30T12:30:00+0200,6.75,EUR/MWh,DK1,DK_1,imbalance_price,Long,2026-07-30T07:28:36Z
2026-07-30T07:25:17Z,2026-07-30T09:25:17+0200,e73b670a-bc29-4bfc-b6f4-93c290a4d3ee,2026-06-30T10:30:00Z,2026-06-30T12:30:00+0200,6.75,EUR/MWh,DK1,DK_1,imbalance_price,Short,2026-07-30T07:28:36Z
2026-07-30T07:25:17Z,2026-07-30T09:25:17+0200,e73b670a-bc29-4bfc-b6f4-93c290a4d3ee,2026-06-30T10:45:00Z,2026-06-30T12:45:00+0200,24.9,EUR/MWh,DK1,DK_1,imbalance_price,Long,2026-07-30T07:28:36Z
2026-07-30T07:25:17Z,2026-07-30T09:25:17+0200,e73b670a-bc29-4bfc-b6f4-93c290a4d3ee,2026-06-30T10:45:00Z,2026-06-30T12:45:00+0200,24.9,EUR/MWh,DK1,DK_1,imbalance_price,Short,2026-07-30T07:28:36Z
2026-07-30T07:25:17Z,2026-07-30T09:25:17+0200,e73b670a-bc29-4bfc-b6f4-93c290a4d3ee,2026-06-30T11:00:00Z,2026-06-30T13:00:00+0200,18.08,EUR/MWh,DK1,DK_1,imbalance_price,Long,2026-07-30T07:28:36Z
2026-07-30T07:25:17Z,2026-07-30T09:25:17+0200,e73b670a-bc29-4bfc-b6f4-93c290a4d3ee,2026-06-30T11:00:00Z,2026-06-30T13:00:00+0200,18.08,EUR/MWh,DK1,DK_1,imbalance_price,Short,2026-07-30T07:28:36Z
2026-07-30T07:25:17Z,2026-07-30T09:25:17+0200,e73b670a-bc29-4bfc-b6f4-93c290a4d3ee,2026-06-30T11:15:00Z,2026-06-30T13:15:00+0200,39.7,EUR/MWh,DK1,DK_1,imbalance_price,Long,2026-07-30T07:28:36Z
2026-07-30T07:25:17Z,2026-07-30T09:25:17+0200,e73b670a-bc29-4bfc-b6f4-93c290a4d3ee,2026-06-30T11:15:00Z,2026-06-30T13:15:00+0200,39.7,EUR/MWh,DK1,DK_1,imbalance_price,Short,2026-07-30T07:28:36Z
2026-07-30T07:25:17Z,2026-07-30T09:25:17+0200,e73b670a-bc29-4bfc-b6f4-93c290a4d3ee,2026-06-30T11:30:00Z,2026-06-30T13:30:00+0200,85.2,EUR/MWh,DK1,DK_1,imbalance_price,Long,2026-07-30T07:28:36Z
2026-07-30T07:25:17Z,2026-07-30T09:25:17+0200,e73b670a-bc29-4bfc-b6f4-93c290a4d3ee,2026-06-30T11:30:00Z,2026-06-30T13:30:00+0200,85.2,EUR/MWh,DK1,DK_1,imbalance_price,Short,2026-07-30T07:28:36Z
2026-07-30T07:25:17Z,2026-07-30T09:25:17+0200,e73b670a-bc29-4bfc-b6f4-93c290a4d3ee,2026-06-30T11:45:00Z,2026-06-30T13:45:00+0200,27.36,EUR/MWh,DK1,DK_1,imbalance_price,Long,2026-07-30T07:28:36Z
2026-07-30T07:25:17Z,2026-07-30T09:25:17+0200,e73b670a-bc29-4bfc-b6f4-93c290a4d3ee,2026-06-30T11:45:00Z,2026-06-30T13:45:00+0200,27.36,EUR/MWh,DK1,DK_1,imbalance_price,Short,2026-07-30T07:28:36Z
2026-07-30T07:25:17Z,2026-07-30T09:25:17+0200,e73b670a-bc29-4bfc-b6f4-93c290a4d3ee,2026-06-30T12:00:00Z,2026-06-30T14:00:00+0200,31.98,EUR/MWh,DK1,DK_1,imbalance_price,Long,2026-07-30T07:28:36Z
2026-07-30T07:25:17Z,2026-07-30T09:25:17+0200,e73b670a-bc29-4bfc-b6f4-93c290a4d3ee,2026-06-30T12:00:00Z,2026-06-30T14:00:00+0200,31.98,EUR/MWh,DK1,DK_1,imbalance_price,Short,2026-07-30T07:28:36Z
2026-07-30T07:25:17Z,2026-07-30T09:25:17+0200,e73b670a-bc29-4bfc-b6f4-93c290a4d3ee,2026-06-30T12:15:00Z,2026-06-30T14:15:00+0200,31.43,EUR/MWh,DK1,DK_1,imbalance_price,Long,2026-07-30T07:28:36Z
2026-07-30T07:25:17Z,2026-07-30T09:25:17+0200,e73b670a-bc29-4bfc-b6f4-93c290a4d3ee,2026-06-30T12:15:00Z,2026-06-30T14:15:00+0200,31.43,EUR/MWh,DK1,DK_1,imbalance_price,Short,2026-07-30T07:28:36Z
2026-07-30T07:25:17Z,2026-07-30T09:25:17+0200,e73b670a-bc29-4bfc-b6f4-93c290a4d3ee,2026-06-30T12:30:00Z,2026-06-30T14:30:00+0200,105.36,EUR/MWh,DK1,DK_1,imbalance_price,Long,2026-07-30T07:28:36Z
2026-07-30T07:25:17Z,2026-07-30T09:25:17+0200,e73b670a-bc29-4bfc-b6f4-93c290a4d3ee,2026-06-30T12:30:00Z,2026-06-30T14:30:00+0200,105.36,EUR/MWh,DK1,DK_1,imbalance_price,Short,2026-07-30T07:28:36Z
2026-07-30T07:25:17Z,2026-07-30T09:25:17+0200,e73b670a-bc29-4bfc-b6f4-93c290a4d3ee,2026-06-30T12:45:00Z,2026-06-30T14:45:00+0200,110.59,EUR/MWh,DK1,DK_1,imbalance_price,Long,2026-07-30T07:28:36Z
2026-07-30T07:25:17Z,2026-07-30T09:25:17+0200,e73b670a-bc29-4bfc-b6f4-93c290a4d3ee,2026-06-30T12:45:00Z,2026-06-30T14:45:00+0200,110.59,EUR/MWh,DK1,DK_1,imbalance_price,Short,2026-07-30T07:28:36Z
2026-07-30T07:25:17Z,2026-07-30T09:25:17+0200,e73b670a-bc29-4bfc-b6f4-93c290a4d3ee,2026-06-30T13:00:00Z,2026-06-30T15:00:00+0200,28.11,EUR/MWh,DK1,DK_1,imbalance_price,Long,2026-07-30T07:28:36Z
2026-07-30T07:25:17Z,2026-07-30T09:25:17+0200,e73b670a-bc29-4bfc-b6f4-93c290a4d3ee,2026-06-30T13:00:00Z,2026-06-30T15:00:00+0200,28.11,EUR/MWh,DK1,DK_1,imbalance_price,Short,2026-07-30T07:28:36Z
2026-07-30T07:25:17Z,2026-07-30T09:25:17+0200,e73b670a-bc29-4bfc-b6f4-93c290a4d3ee,2026-06-30T13:15:00Z,2026-06-30T15:15:00+0200,47.15,EUR/MWh,DK1,DK_1,imbalance_price,Long,2026-07-30T07:28:36Z
2026-07-30T07:25:17Z,2026-07-30T09:25:17+0200,e73b670a-bc29-4bfc-b6f4-93c290a4d3ee,2026-06-30T13:15:00Z,2026-06-30T15:15:00+0200,47.15,EUR/MWh,DK1,DK_1,imbalance_price,Short,2026-07-30T07:28:36Z
2026-07-30T07:25:17Z,2026-07-30T09:25:17+0200,e73b670a-bc29-4bfc-b6f4-93c290a4d3ee,2026-06-30T13:30:00Z,2026-06-30T15:30:00+0200,80.4,EUR/MWh,DK1,DK_1,imbalance_price,Long,2026-07-30T07:28:36Z
2026-07-30T07:25:17Z,2026-07-30T09:25:17+0200,e73b670a-bc29-4bfc-b6f4-93c290a4d3ee,2026-06-30T13:30:00Z,2026-06-30T15:30:00+0200,80.4,EUR/MWh,DK1,DK_1,imbalance_price,Short,2026-07-30T07:28:36Z
2026-07-30T07:25:17Z,2026-07-30T09:25:17+0200,e73b670a-bc29-4bfc-b6f4-93c290a4d3ee,2026-06-30T13:45:00Z,2026-06-30T15:45:00+0200,1.85,EUR/MWh,DK1,DK_1,imbalance_price,Long,2026-07-30T07:28:36Z
2026-07-30T07:25:17Z,2026-07-30T09:25:17+0200,e73b670a-bc29-4bfc-b6f4-93c290a4d3ee,2026-06-30T13:45:00Z,2026-06-30T15:45:00+0200,1.85,EUR/MWh,DK1,DK_1,imbalance_price,Short,2026-07-30T07:28:36Z
2026-07-30T07:25:17Z,2026-07-30T09:25:17+0200,e73b670a-bc29-4bfc-b6f4-93c290a4d3ee,2026-06-30T14:00:00Z,2026-06-30T16:00:00+0200,114.32,EUR/MWh,DK1,DK_1,imbalance_price,Long,2026-07-30T07:28:36Z
2026-07-30T07:25:17Z,2026-07-30T09:25:17+0200,e73b670a-bc29-4bfc-b6f4-93c290a4d3ee,2026-06-30T14:00:00Z,2026-06-30T16:00:00+0200,114.32,EUR/MWh,DK1,DK_1,imbalance_price,Short,2026-07-30T07:28:36Z
2026-07-30T07:25:17Z,2026-07-30T09:25:17+0200,e73b670a-bc29-4bfc-b6f4-93c290a4d3ee,2026-06-30T14:15:00Z,2026-06-30T16:15:00+0200,108.68,EUR/MWh,DK1,DK_1,imbalance_price,Long,2026-07-30T07:28:36Z
2026-07-30T07:25:17Z,2026-07-30T09:25:17+0200,e73b670a-bc29-4bfc-b6f4-93c290a4d3ee,2026-06-30T14:15:00Z,2026-06-30T16:15:00+0200,108.68,EUR/MWh,DK1,DK_1,imbalance_price,Short,2026-07-30T07:28:36Z
2026-07-30T07:25:17Z,2026-07-30T09:25:17+0200,e73b670a-bc29-4bfc-b6f4-93c290a4d3ee,2026-06-30T14:30:00Z,2026-06-30T16:30:00+0200,42.77,EUR/MWh,DK1,DK_1,imbalance_price,Long,2026-07-30T07:28:36Z
2026-07-30T07:25:17Z,2026-07-30T09:25:17+0200,e73b670a-bc29-4bfc-b6f4-93c290a4d3ee,2026-06-30T14:30:00Z,2026-06-30T16:30:00+0200,42.77,EUR/MWh,DK1,DK_1,imbalance_price,Short,2026-07-30T07:28:36Z
2026-07-30T07:25:17Z,2026-07-30T09:25:17+0200,e73b670a-bc29-4bfc-b6f4-93c290a4d3ee,2026-06-30T14:45:00Z,2026-06-30T16:45:00+0200,46.13,EUR/MWh,DK1,DK_1,imbalance_price,Long,2026-07-30T07:28:36Z
2026-07-30T07:25:17Z,2026-07-30T09:25:17+0200,e73b670a-bc29-4bfc-b6f4-93c290a4d3ee,2026-06-30T14:45:00Z,2026-06-30T16:45:00+0200,46.13,EUR/MWh,DK1,DK_1,imbalance_price,Short,2026-07-30T07:28:36Z
2026-07-30T07:25:17Z,2026-07-30T09:25:17+0200,e73b670a-bc29-4bfc-b6f4-93c290a4d3ee,2026-06-30T15:00:00Z,2026-06-30T17:00:00+0200,50.0,EUR/MWh,DK1,DK_1,imbalance_price,Long,2026-07-30T07:28:36Z
2026-07-30T07:25:17Z,2026-07-30T09:25:17+0200,e73b670a-bc29-4bfc-b6f4-93c290a4d3ee,2026-06-30T15:00:00Z,2026-06-30T17:00:00+0200,50.0,EUR/MWh,DK1,DK_1,imbalance_price,Short,2026-07-30T07:28:36Z
2026-07-30T07:25:17Z,2026-07-30T09:25:17+0200,e73b670a-bc29-4bfc-b6f4-93c290a4d3ee,2026-06-30T15:15:00Z,2026-06-30T17:15:00+0200,127.01,EUR/MWh,DK1,DK_1,imbalance_price,Long,2026-07-30T07:28:36Z
2026-07-30T07:25:17Z,2026-07-30T09:25:17+0200,e73b670a-bc29-4bfc-b6f4-93c290a4d3ee,2026-06-30T15:15:00Z,2026-06-30T17:15:00+0200,127.01,EUR/MWh,DK1,DK_1,imbalance_price,Short,2026-07-30T07:28:36Z
2026-07-30T07:25:17Z,2026-07-30T09:25:17+0200,e73b670a-bc29-4bfc-b6f4-93c290a4d3ee,2026-06-30T15:30:00Z,2026-06-30T17:30:00+0200,171.42,EUR/MWh,DK1,DK_1,imbalance_price,Long,2026-07-30T07:28:36Z
2026-07-30T07:25:17Z,2026-07-30T09:25:17+0200,e73b670a-bc29-4bfc-b6f4-93c290a4d3ee,2026-06-30T15:30:00Z,2026-06-30T17:30:00+0200,171.42,EUR/MWh,DK1,DK_1,imbalance_price,Short,2026-07-30T07:28:36Z
2026-07-30T07:25:17Z,2026-07-30T09:25:17+0200,e73b670a-bc29-4bfc-b6f4-93c290a4d3ee,2026-06-30T15:45:00Z,2026-06-30T17:45:00+0200,213.45,EUR/MWh,DK1,DK_1,imbalance_price,Long,2026-07-30T07:28:36Z
2026-07-30T07:25:17Z,2026-07-30T09:25:17+0200,e73b670a-bc29-4bfc-b6f4-93c290a4d3ee,2026-06-30T15:45:00Z,2026-06-30T17:45:00+0200,213.45,EUR/MWh,DK1,DK_1,imbalance_price,Short,2026-07-30T07:28:36Z
2026-07-30T07:25:17Z,2026-07-30T09:25:17+0200,e73b670a-bc29-4bfc-b6f4-93c290a4d3ee,2026-06-30T16:00:00Z,2026-06-30T18:00:00+0200,105.01,EUR/MWh,DK1,DK_1,imbalance_price,Long,2026-07-30T07:28:36Z
2026-07-30T07:25:17Z,2026-07-30T09:25:17+0200,e73b670a-bc29-4bfc-b6f4-93c290a4d3ee,2026-06-30T16:00:00Z,2026-06-30T18:00:00+0200,105.01,EUR/MWh,DK1,DK_1,imbalance_price,Short,2026-07-30T07:28:36Z
2026-07-30T07:25:17Z,2026-07-30T09:25:17+0200,e73b670a-bc29-4bfc-b6f4-93c290a4d3ee,2026-06-30T16:15:00Z,2026-06-30T18:15:00+0200,47.93,EUR/MWh,DK1,DK_1,imbalance_price,Long,2026-07-30T07:28:36Z
2026-07-30T07:25:17Z,2026-07-30T09:25:17+0200,e73b670a-bc29-4bfc-b6f4-93c290a4d3ee,2026-06-30T16:15:00Z,2026-06-30T18:15:00+0200,47.93,EUR/MWh,DK1,DK_1,imbalance_price,Short,2026-07-30T07:28:36Z
2026-07-30T07:25:17Z,2026-07-30T09:25:17+0200,e73b670a-bc29-4bfc-b6f4-93c290a4d3ee,2026-06-30T16:30:00Z,2026-06-30T18:30:00+0200,121.6,EUR/MWh,DK1,DK_1,imbalance_price,Long,2026-07-30T07:28:36Z
2026-07-30T07:25:17Z,2026-07-30T09:25:17+0200,e73b670a-bc29-4bfc-b6f4-93c290a4d3ee,2026-06-30T16:30:00Z,2026-06-30T18:30:00+0200,121.6,EUR/MWh,DK1,DK_1,imbalance_price,Short,2026-07-30T07:28:36Z
2026-07-30T07:25:17Z,2026-07-30T09:25:17+0200,e73b670a-bc29-4bfc-b6f4-93c290a4d3ee,2026-06-30T16:45:00Z,2026-06-30T18:45:00+0200,133.0,EUR/MWh,DK1,DK_1,imbalance_price,Long,2026-07-30T07:28:36Z
2026-07-30T07:25:17Z,2026-07-30T09:25:17+0200,e73b670a-bc29-4bfc-b6f4-93c290a4d3ee,2026-06-30T16:45:00Z,2026-06-30T18:45:00+0200,133.0,EUR/MWh,DK1,DK_1,imbalance_price,Short,2026-07-30T07:28:36Z
2026-07-30T07:25:17Z,2026-07-30T09:25:17+0200,e73b670a-bc29-4bfc-b6f4-93c290a4d3ee,2026-06-30T17:00:00Z,2026-06-30T19:00:00+0200,99.92,EUR/MWh,DK1,DK_1,imbalance_price,Long,2026-07-30T07:28:36Z
2026-07-30T07:25:17Z,2026-07-30T09:25:17+0200,e73b670a-bc29-4bfc-b6f4-93c290a4d3ee,2026-06-30T17:00:00Z,2026-06-30T19:00:00+0200,99.92,EUR/MWh,DK1,DK_1,imbalance_price,Short,2026-07-30T07:28:36Z
2026-07-30T07:25:17Z,2026-07-30T09:25:17+0200,e73b670a-bc29-4bfc-b6f4-93c290a4d3ee,2026-06-30T17:15:00Z,2026-06-30T19:15:00+0200,141.32,EUR/MWh,DK1,DK_1,imbalance_price,Long,2026-07-30T07:28:36Z
2026-07-30T07:25:17Z,2026-07-30T09:25:17+0200,e73b670a-bc29-4bfc-b6f4-93c290a4d3ee,2026-06-30T17:15:00Z,2026-06-30T19:15:00+0200,141.32,EUR/MWh,DK1,DK_1,imbalance_price,Short,2026-07-30T07:28:36Z
2026-07-30T07:25:17Z,2026-07-30T09:25:17+0200,e73b670a-bc29-4bfc-b6f4-93c290a4d3ee,2026-06-30T17:30:00Z,2026-06-30T19:30:00+0200,493.86,EUR/MWh,DK1,DK_1,imbalance_price,Long,2026-07-30T07:28:36Z
2026-07-30T07:25:17Z,2026-07-30T09:25:17+0200,e73b670a-bc29-4bfc-b6f4-93c290a4d3ee,2026-06-30T17:30:00Z,2026-06-30T19:30:00+0200,493.86,EUR/MWh,DK1,DK_1,imbalance_price,Short,2026-07-30T07:28:36Z
2026-07-30T07:25:17Z,2026-07-30T09:25:17+0200,e73b670a-bc29-4bfc-b6f4-93c290a4d3ee,2026-06-30T17:45:00Z,2026-06-30T19:45:00+0200,553.41,EUR/MWh,DK1,DK_1,imbalance_price,Long,2026-07-30T07:28:36Z
2026-07-30T07:25:17Z,2026-07-30T09:25:17+0200,e73b670a-bc29-4bfc-b6f4-93c290a4d3ee,2026-06-30T17:45:00Z,2026-06-30T19:45:00+0200,553.41,EUR/MWh,DK1,DK_1,imbalance_price,Short,2026-07-30T07:28:36Z
2026-07-30T07:25:17Z,2026-07-30T09:25:17+0200,e73b670a-bc29-4bfc-b6f4-93c290a4d3ee,2026-06-30T18:00:00Z,2026-06-30T20:00:00+0200,80.27,EUR/MWh,DK1,DK_1,imbalance_price,Long,2026-07-30T07:28:36Z
2026-07-30T07:25:17Z,2026-07-30T09:25:17+0200,e73b670a-bc29-4bfc-b6f4-93c290a4d3ee,2026-06-30T18:00:00Z,2026-06-30T20:00:00+0200,80.27,EUR/MWh,DK1,DK_1,imbalance_price,Short,2026-07-30T07:28:36Z
2026-07-30T07:25:17Z,2026-07-30T09:25:17+0200,e73b670a-bc29-4bfc-b6f4-93c290a4d3ee,2026-06-30T18:15:00Z,2026-06-30T20:15:00+0200,514.67,EUR/MWh,DK1,DK_1,imbalance_price,Long,2026-07-30T07:28:36Z
2026-07-30T07:25:17Z,2026-07-30T09:25:17+0200,e73b670a-bc29-4bfc-b6f4-93c290a4d3ee,2026-06-30T18:15:00Z,2026-06-30T20:15:00+0200,514.67,EUR/MWh,DK1,DK_1,imbalance_price,Short,2026-07-30T07:28:36Z
2026-07-30T07:25:17Z,2026-07-30T09:25:17+0200,e73b670a-bc29-4bfc-b6f4-93c290a4d3ee,2026-06-30T18:30:00Z,2026-06-30T20:30:00+0200,80.27,EUR/MWh,DK1,DK_1,imbalance_price,Long,2026-07-30T07:28:36Z
2026-07-30T07:25:17Z,2026-07-30T09:25:17+0200,e73b670a-bc29-4bfc-b6f4-93c290a4d3ee,2026-06-30T18:30:00Z,2026-06-30T20:30:00+0200,80.27,EUR/MWh,DK1,DK_1,imbalance_price,Short,2026-07-30T07:28:36Z
2026-07-30T07:25:17Z,2026-07-30T09:25:17+0200,e73b670a-bc29-4bfc-b6f4-93c290a4d3ee,2026-06-30T18:45:00Z,2026-06-30T20:45:00+0200,80.27,EUR/MWh,DK1,DK_1,imbalance_price,Long,2026-07-30T07:28:36Z
2026-07-30T07:25:17Z,2026-07-30T09:25:17+0200,e73b670a-bc29-4bfc-b6f4-93c290a4d3ee,2026-06-30T18:45:00Z,2026-06-30T20:45:00+0200,80.27,EUR/MWh,DK1,DK_1,imbalance_price,Short,2026-07-30T07:28:36Z
2026-07-30T07:25:17Z,2026-07-30T09:25:17+0200,e73b670a-bc29-4bfc-b6f4-93c290a4d3ee,2026-06-30T19:00:00Z,2026-06-30T21:00:00+0200,488.61,EUR/MWh,DK1,DK_1,imbalance_price,Long,2026-07-30T07:28:36Z
2026-07-30T07:25:17Z,2026-07-30T09:25:17+0200,e73b670a-bc29-4bfc-b6f4-93c290a4d3ee,2026-06-30T19:00:00Z,2026-06-30T21:00:00+0200,488.61,EUR/MWh,DK1,DK_1,imbalance_price,Short,2026-07-30T07:28:36Z
2026-07-30T07:25:17Z,2026-07-30T09:25:17+0200,e73b670a-bc29-4bfc-b6f4-93c290a4d3ee,2026-06-30T19:15:00Z,2026-06-30T21:15:00+0200,449.07,EUR/MWh,DK1,DK_1,imbalance_price,Long,2026-07-30T07:28:36Z
2026-07-30T07:25:17Z,2026-07-30T09:25:17+0200,e73b670a-bc29-4bfc-b6f4-93c290a4d3ee,2026-06-30T19:15:00Z,2026-06-30T21:15:00+0200,449.07,EUR/MWh,DK1,DK_1,imbalance_price,Short,2026-07-30T07:28:36Z
2026-07-30T07:25:17Z,2026-07-30T09:25:17+0200,e73b670a-bc29-4bfc-b6f4-93c290a4d3ee,2026-06-30T19:30:00Z,2026-06-30T21:30:00+0200,409.13,EUR/MWh,DK1,DK_1,imbalance_price,Long,2026-07-30T07:28:36Z
2026-07-30T07:25:17Z,2026-07-30T09:25:17+0200,e73b670a-bc29-4bfc-b6f4-93c290a4d3ee,2026-06-30T19:30:00Z,2026-06-30T21:30:00+0200,409.13,EUR/MWh,DK1,DK_1,imbalance_price,Short,2026-07-30T07:28:36Z
2026-07-30T07:25:17Z,2026-07-30T09:25:17+0200,e73b670a-bc29-4bfc-b6f4-93c290a4d3ee,2026-06-30T19:45:00Z,2026-06-30T21:45:00+0200,141.0,EUR/MWh,DK1,DK_1,imbalance_price,Long,2026-07-30T07:28:36Z
2026-07-30T07:25:17Z,2026-07-30T09:25:17+0200,e73b670a-bc29-4bfc-b6f4-93c290a4d3ee,2026-06-30T19:45:00Z,2026-06-30T21:45:00+0200,141.0,EUR/MWh,DK1,DK_1,imbalance_price,Short,2026-07-30T07:28:36Z
2026-07-30T07:25:17Z,2026-07-30T09:25:17+0200,e73b670a-bc29-4bfc-b6f4-93c290a4d3ee,2026-06-30T20:00:00Z,2026-06-30T22:00:00+0200,80.27,EUR/MWh,DK1,DK_1,imbalance_price,Long,2026-07-30T07:28:36Z
2026-07-30T07:25:17Z,2026-07-30T09:25:17+0200,e73b670a-bc29-4bfc-b6f4-93c290a4d3ee,2026-06-30T20:00:00Z,2026-06-30T22:00:00+0200,80.27,EUR/MWh,DK1,DK_1,imbalance_price,Short,2026-07-30T07:28:36Z
2026-07-30T07:25:17Z,2026-07-30T09:25:17+0200,e73b670a-bc29-4bfc-b6f4-93c290a4d3ee,2026-06-30T20:15:00Z,2026-06-30T22:15:00+0200,76.52,EUR/MWh,DK1,DK_1,imbalance_price,Long,2026-07-30T07:28:36Z
2026-07-30T07:25:17Z,2026-07-30T09:25:17+0200,e73b670a-bc29-4bfc-b6f4-93c290a4d3ee,2026-06-30T20:15:00Z,2026-06-30T22:15:00+0200,76.52,EUR/MWh,DK1,DK_1,imbalance_price,Short,2026-07-30T07:28:36Z
2026-07-30T07:25:17Z,2026-07-30T09:25:17+0200,e73b670a-bc29-4bfc-b6f4-93c290a4d3ee,2026-06-30T20:30:00Z,2026-06-30T22:30:00+0200,126.0,EUR/MWh,DK1,DK_1,imbalance_price,Long,2026-07-30T07:28:36Z
2026-07-30T07:25:17Z,2026-07-30T09:25:17+0200,e73b670a-bc29-4bfc-b6f4-93c290a4d3ee,2026-06-30T20:30:00Z,2026-06-30T22:30:00+0200,126.0,EUR/MWh,DK1,DK_1,imbalance_price,Short,2026-07-30T07:28:36Z
2026-07-30T07:25:17Z,2026-07-30T09:25:17+0200,e73b670a-bc29-4bfc-b6f4-93c290a4d3ee,2026-06-30T20:45:00Z,2026-06-30T22:45:00+0200,121.0,EUR/MWh,DK1,DK_1,imbalance_price,Long,2026-07-30T07:28:36Z
2026-07-30T07:25:17Z,2026-07-30T09:25:17+0200,e73b670a-bc29-4bfc-b6f4-93c290a4d3ee,2026-06-30T20:45:00Z,2026-06-30T22:45:00+0200,121.0,EUR/MWh,DK1,DK_1,imbalance_price,Short,2026-07-30T07:28:36Z
2026-07-30T07:25:17Z,2026-07-30T09:25:17+0200,e73b670a-bc29-4bfc-b6f4-93c290a4d3ee,2026-06-30T21:00:00Z,2026-06-30T23:00:00+0200,207.5,EUR/MWh,DK1,DK_1,imbalance_price,Long,2026-07-30T07:28:36Z
2026-07-30T07:25:17Z,2026-07-30T09:25:17+0200,e73b670a-bc29-4bfc-b6f4-93c290a4d3ee,2026-06-30T21:00:00Z,2026-06-30T23:00:00+0200,207.5,EUR/MWh,DK1,DK_1,imbalance_price,Short,2026-07-30T07:28:36Z
2026-07-30T07:25:17Z,2026-07-30T09:25:17+0200,e73b670a-bc29-4bfc-b6f4-93c290a4d3ee,2026-06-30T21:15:00Z,2026-06-30T23:15:00+0200,273.96,EUR/MWh,DK1,DK_1,imbalance_price,Long,2026-07-30T07:28:36Z
2026-07-30T07:25:17Z,2026-07-30T09:25:17+0200,e73b670a-bc29-4bfc-b6f4-93c290a4d3ee,2026-06-30T21:15:00Z,2026-06-30T23:15:00+0200,273.96,EUR/MWh,DK1,DK_1,imbalance_price,Short,2026-07-30T07:28:36Z
2026-07-30T07:25:17Z,2026-07-30T09:25:17+0200,e73b670a-bc29-4bfc-b6f4-93c290a4d3ee,2026-06-30T21:30:00Z,2026-06-30T23:30:00+0200,334.51,EUR/MWh,DK1,DK_1,imbalance_price,Long,2026-07-30T07:28:36Z
2026-07-30T07:25:17Z,2026-07-30T09:25:17+0200,e73b670a-bc29-4bfc-b6f4-93c290a4d3ee,2026-06-30T21:30:00Z,2026-06-30T23:30:00+0200,334.51,EUR/MWh,DK1,DK_1,imbalance_price,Short,2026-07-30T07:28:36Z
2026-07-30T07:25:17Z,2026-07-30T09:25:17+0200,e73b670a-bc29-4bfc-b6f4-93c290a4d3ee,2026-06-30T21:45:00Z,2026-06-30T23:45:00+0200,267.6,EUR/MWh,DK1,DK_1,imbalance_price,Long,2026-07-30T07:28:36Z
2026-07-30T07:25:17Z,2026-07-30T09:25:17+0200,e73b670a-bc29-4bfc-b6f4-93c290a4d3ee,2026-06-30T21:45:00Z,2026-06-30T23:45:00+0200,267.6,EUR/MWh,DK1,DK_1,imbalance_price,Short,2026-07-30T07:28:36Z
2026-07-30T07:25:17Z,2026-07-30T09:25:17+0200,e73b670a-bc29-4bfc-b6f4-93c290a4d3ee,2026-06-30T22:00:00Z,2026-07-01T00:00:00+0200,183.16,EUR/MWh,DK1,DK_1,imbalance_price,Long,2026-07-30T07:28:36Z
2026-07-30T07:25:17Z,2026-07-30T09:25:17+0200,e73b670a-bc29-4bfc-b6f4-93c290a4d3ee,2026-06-30T22:00:00Z,2026-07-01T00:00:00+0200,183.16,EUR/MWh,DK1,DK_1,imbalance_price,Short,2026-07-30T07:28:36Z
2026-07-30T07:25:17Z,2026-07-30T09:25:17+0200,e73b670a-bc29-4bfc-b6f4-93c290a4d3ee,2026-06-30T22:15:00Z,2026-07-01T00:15:00+0200,401.1,EUR/MWh,DK1,DK_1,imbalance_price,Long,2026-07-30T07:28:36Z
2026-07-30T07:25:17Z,2026-07-30T09:25:17+0200,e73b670a-bc29-4bfc-b6f4-93c290a4d3ee,2026-06-30T22:15:00Z,2026-07-01T00:15:00+0200,401.1,EUR/MWh,DK1,DK_1,imbalance_price,Short,2026-07-30T07:28:36Z
2026-07-30T07:25:17Z,2026-07-30T09:25:17+0200,e73b670a-bc29-4bfc-b6f4-93c290a4d3ee,2026-06-30T22:30:00Z,2026-07-01T00:30:00+0200,248.03,EUR/MWh,DK1,DK_1,imbalance_price,Long,2026-07-30T07:28:36Z
2026-07-30T07:25:17Z,2026-07-30T09:25:17+0200,e73b670a-bc29-4bfc-b6f4-93c290a4d3ee,2026-06-30T22:30:00Z,2026-07-01T00:30:00+0200,248.03,EUR/MWh,DK1,DK_1,imbalance_price,Short,2026-07-30T07:28:36Z
2026-07-30T07:25:17Z,2026-07-30T09:25:17+0200,e73b670a-bc29-4bfc-b6f4-93c290a4d3ee,2026-06-30T22:45:00Z,2026-07-01T00:45:00+0200,243.47,EUR/MWh,DK1,DK_1,imbalance_price,Long,2026-07-30T07:28:36Z
2026-07-30T07:25:17Z,2026-07-30T09:25:17+0200,e73b670a-bc29-4bfc-b6f4-93c290a4d3ee,2026-06-30T22:45:00Z,2026-07-01T00:45:00+0200,243.47,EUR/MWh,DK1,DK_1,imbalance_price,Short,2026-07-30T07:28:36Z
2026-07-30T07:25:17Z,2026-07-30T09:25:17+0200,e73b670a-bc29-4bfc-b6f4-93c290a4d3ee,2026-06-30T23:00:00Z,2026-07-01T01:00:00+0200,294.36,EUR/MWh,DK1,DK_1,imbalance_price,Long,2026-07-30T07:28:36Z
2026-07-30T07:25:17Z,2026-07-30T09:25:17+0200,e73b670a-bc29-4bfc-b6f4-93c290a4d3ee,2026-06-30T23:00:00Z,2026-07-01T01:00:00+0200,294.36,EUR/MWh,DK1,DK_1,imbalance_price,Short,2026-07-30T07:28:36Z
2026-07-30T07:25:17Z,2026-07-30T09:25:17+0200,e73b670a-bc29-4bfc-b6f4-93c290a4d3ee,2026-06-30T23:15:00Z,2026-07-01T01:15:00+0200,37.73,EUR/MWh,DK1,DK_1,imbalance_price,Long,2026-07-30T07:28:36Z
2026-07-30T07:25:17Z,2026-07-30T09:25:17+0200,e73b670a-bc29-4bfc-b6f4-93c290a4d3ee,2026-06-30T23:15:00Z,2026-07-01T01:15:00+0200,37.73,EUR/MWh,DK1,DK_1,imbalance_price,Short,2026-07-30T07:28:36Z
2026-07-30T07:25:17Z,2026-07-30T09:25:17+0200,e73b670a-bc29-4bfc-b6f4-93c290a4d3ee,2026-06-30T23:30:00Z,2026-07-01T01:30:00+0200,256.88,EUR/MWh,DK1,DK_1,imbalance_price,Long,2026-07-30T07:28:36Z
2026-07-30T07:25:17Z,2026-07-30T09:25:17+0200,e73b670a-bc29-4bfc-b6f4-93c290a4d3ee,2026-06-30T23:30:00Z,2026-07-01T01:30:00+0200,256.88,EUR/MWh,DK1,DK_1,imbalance_price,Short,2026-07-30T07:28:36Z
2026-07-30T07:25:17Z,2026-07-30T09:25:17+0200,e73b670a-bc29-4bfc-b6f4-93c290a4d3ee,2026-06-30T23:45:00Z,2026-07-01T01:45:00+0200,234.15,EUR/MWh,DK1,DK_1,imbalance_price,Long,2026-07-30T07:28:36Z
2026-07-30T07:25:17Z,2026-07-30T09:25:17+0200,e73b670a-bc29-4bfc-b6f4-93c290a4d3ee,2026-06-30T23:45:00Z,2026-07-01T01:45:00+0200,234.15,EUR/MWh,DK1,DK_1,imbalance_price,Short,2026-07-30T07:28:36Z
2026-07-30T07:25:17Z,2026-07-30T09:25:17+0200,e73b670a-bc29-4bfc-b6f4-93c290a4d3ee,2026-07-01T00:00:00Z,2026-07-01T02:00:00+0200,144.98,EUR/MWh,DK1,DK_1,imbalance_price,Long,2026-07-30T07:28:36Z
2026-07-30T07:25:17Z,2026-07-30T09:25:17+0200,e73b670a-bc29-4bfc-b6f4-93c290a4d3ee,2026-07-01T00:00:00Z,2026-07-01T02:00:00+0200,144.98,EUR/MWh,DK1,DK_1,imbalance_price,Short,2026-07-30T07:28:36Z
2026-07-30T07:25:17Z,2026-07-30T09:25:17+0200,e73b670a-bc29-4bfc-b6f4-93c290a4d3ee,2026-07-01T00:15:00Z,2026-07-01T02:15:00+0200,219.5,EUR/MWh,DK1,DK_1,imbalance_price,Long,2026-07-30T07:28:36Z
2026-07-30T07:25:17Z,2026-07-30T09:25:17+0200,e73b670a-bc29-4bfc-b6f4-93c290a4d3ee,2026-07-01T00:15:00Z,2026-07-01T02:15:00+0200,219.5,EUR/MWh,DK1,DK_1,imbalance_price,Short,2026-07-30T07:28:36Z
2026-07-30T07:25:17Z,2026-07-30T09:25:17+0200,e73b670a-bc29-4bfc-b6f4-93c290a4d3ee,2026-07-01T00:30:00Z,2026-07-01T02:30:00+0200,267.31,EUR/MWh,DK1,DK_1,imbalance_price,Long,2026-07-30T07:28:36Z
2026-07-30T07:25:17Z,2026-07-30T09:25:17+0200,e73b670a-bc29-4bfc-b6f4-93c290a4d3ee,2026-07-01T00:30:00Z,2026-07-01T02:30:00+0200,267.31,EUR/MWh,DK1,DK_1,imbalance_price,Short,2026-07-30T07:28:36Z
2026-07-30T07:25:17Z,2026-07-30T09:25:17+0200,e73b670a-bc29-4bfc-b6f4-93c290a4d3ee,2026-07-01T00:45:00Z,2026-07-01T02:45:00+0200,294.21,EUR/MWh,DK1,DK_1,imbalance_price,Long,2026-07-30T07:28:36Z
2026-07-30T07:25:17Z,2026-07-30T09:25:17+0200,e73b670a-bc29-4bfc-b6f4-93c290a4d3ee,2026-07-01T00:45:00Z,2026-07-01T02:45:00+0200,294.21,EUR/MWh,DK1,DK_1,imbalance_price,Short,2026-07-30T07:28:36Z
2026-07-30T07:25:17Z,2026-07-30T09:25:17+0200,e73b670a-bc29-4bfc-b6f4-93c290a4d3ee,2026-07-01T01:00:00Z,2026-07-01T03:00:00+0200,294.36,EUR/MWh,DK1,DK_1,imbalance_price,Long,2026-07-30T07:28:36Z
2026-07-30T07:25:17Z,2026-07-30T09:25:17+0200,e73b670a-bc29-4bfc-b6f4-93c290a4d3ee,2026-07-01T01:00:00Z,2026-07-01T03:00:00+0200,294.36,EUR/MWh,DK1,DK_1,imbalance_price,Short,2026-07-30T07:28:36Z
2026-07-30T07:25:17Z,2026-07-30T09:25:17+0200,e73b670a-bc29-4bfc-b6f4-93c290a4d3ee,2026-07-01T01:15:00Z,2026-07-01T03:15:00+0200,294.35,EUR/MWh,DK1,DK_1,imbalance_price,Long,2026-07-30T07:28:36Z
2026-07-30T07:25:17Z,2026-07-30T09:25:17+0200,e73b670a-bc29-4bfc-b6f4-93c290a4d3ee,2026-07-01T01:15:00Z,2026-07-01T03:15:00+0200,294.35,EUR/MWh,DK1,DK_1,imbalance_price,Short,2026-07-30T07:28:36Z
2026-07-30T07:25:17Z,2026-07-30T09:25:17+0200,e73b670a-bc29-4bfc-b6f4-93c290a4d3ee,2026-07-01T01:30:00Z,2026-07-01T03:30:00+0200,147.05,EUR/MWh,DK1,DK_1,imbalance_price,Long,2026-07-30T07:28:36Z
2026-07-30T07:25:17Z,2026-07-30T09:25:17+0200,e73b670a-bc29-4bfc-b6f4-93c290a4d3ee,2026-07-01T01:30:00Z,2026-07-01T03:30:00+0200,147.05,EUR/MWh,DK1,DK_1,imbalance_price,Short,2026-07-30T07:28:36Z
2026-07-30T07:25:17Z,2026-07-30T09:25:17+0200,e73b670a-bc29-4bfc-b6f4-93c290a4d3ee,2026-07-01T01:45:00Z,2026-07-01T03:45:00+0200,142.12,EUR/MWh,DK1,DK_1,imbalance_price,Long,2026-07-30T07:28:36Z
2026-07-30T07:25:17Z,2026-07-30T09:25:17+0200,e73b670a-bc29-4bfc-b6f4-93c290a4d3ee,2026-07-01T01:45:00Z,2026-07-01T03:45:00+0200,142.12,EUR/MWh,DK1,DK_1,imbalance_price,Short,2026-07-30T07:28:36Z
2026-07-30T07:25:17Z,2026-07-30T09:25:17+0200,e73b670a-bc29-4bfc-b6f4-93c290a4d3ee,2026-07-01T02:00:00Z,2026-07-01T04:00:00+0200,49.73,EUR/MWh,DK1,DK_1,imbalance_price,Long,2026-07-30T07:28:36Z
2026-07-30T07:25:17Z,2026-07-30T09:25:17+0200,e73b670a-bc29-4bfc-b6f4-93c290a4d3ee,2026-07-01T02:00:00Z,2026-07-01T04:00:00+0200,49.73,EUR/MWh,DK1,DK_1,imbalance_price,Short,2026-07-30T07:28:36Z
2026-07-30T07:25:17Z,2026-07-30T09:25:17+0200,e73b670a-bc29-4bfc-b6f4-93c290a4d3ee,2026-07-01T02:15:00Z,2026-07-01T04:15:00+0200,43.4,EUR/MWh,DK1,DK_1,imbalance_price,Long,2026-07-30T07:28:36Z
2026-07-30T07:25:17Z,2026-07-30T09:25:17+0200,e73b670a-bc29-4bfc-b6f4-93c290a4d3ee,2026-07-01T02:15:00Z,2026-07-01T04:15:00+0200,43.4,EUR/MWh,DK1,DK_1,imbalance_price,Short,2026-07-30T07:28:36Z
2026-07-30T07:25:17Z,2026-07-30T09:25:17+0200,e73b670a-bc29-4bfc-b6f4-93c290a4d3ee,2026-07-01T02:30:00Z,2026-07-01T04:30:00+0200,50.0,EUR/MWh,DK1,DK_1,imbalance_price,Long,2026-07-30T07:28:36Z
2026-07-30T07:25:17Z,2026-07-30T09:25:17+0200,e73b670a-bc29-4bfc-b6f4-93c290a4d3ee,2026-07-01T02:30:00Z,2026-07-01T04:30:00+0200,50.0,EUR/MWh,DK1,DK_1,imbalance_price,Short,2026-07-30T07:28:36Z
2026-07-30T07:25:17Z,2026-07-30T09:25:17+0200,e73b670a-bc29-4bfc-b6f4-93c290a4d3ee,2026-07-01T02:45:00Z,2026-07-01T04:45:00+0200,229.47,EUR/MWh,DK1,DK_1,imbalance_price,Long,2026-07-30T07:28:36Z
2026-07-30T07:25:17Z,2026-07-30T09:25:17+0200,e73b670a-bc29-4bfc-b6f4-93c290a4d3ee,2026-07-01T02:45:00Z,2026-07-01T04:45:00+0200,229.47,EUR/MWh,DK1,DK_1,imbalance_price,Short,2026-07-30T07:28:36Z
2026-07-30T07:25:17Z,2026-07-30T09:25:17+0200,e73b670a-bc29-4bfc-b6f4-93c290a4d3ee,2026-07-01T03:00:00Z,2026-07-01T05:00:00+0200,153.94,EUR/MWh,DK1,DK_1,imbalance_price,Long,2026-07-30T07:28:36Z
2026-07-30T07:25:17Z,2026-07-30T09:25:17+0200,e73b670a-bc29-4bfc-b6f4-93c290a4d3ee,2026-07-01T03:00:00Z,2026-07-01T05:00:00+0200,153.94,EUR/MWh,DK1,DK_1,imbalance_price,Short,2026-07-30T07:28:36Z
2026-07-30T07:25:17Z,2026-07-30T09:25:17+0200,e73b670a-bc29-4bfc-b6f4-93c290a4d3ee,2026-07-01T03:15:00Z,2026-07-01T05:15:00+0200,139.59,EUR/MWh,DK1,DK_1,imbalance_price,Long,2026-07-30T07:28:36Z
2026-07-30T07:25:17Z,2026-07-30T09:25:17+0200,e73b670a-bc29-4bfc-b6f4-93c290a4d3ee,2026-07-01T03:15:00Z,2026-07-01T05:15:00+0200,139.59,EUR/MWh,DK1,DK_1,imbalance_price,Short,2026-07-30T07:28:36Z
2026-07-30T07:25:17Z,2026-07-30T09:25:17+0200,e73b670a-bc29-4bfc-b6f4-93c290a4d3ee,2026-07-01T03:30:00Z,2026-07-01T05:30:00+0200,50.0,EUR/MWh,DK1,DK_1,imbalance_price,Long,2026-07-30T07:28:36Z
2026-07-30T07:25:17Z,2026-07-30T09:25:17+0200,e73b670a-bc29-4bfc-b6f4-93c290a4d3ee,2026-07-01T03:30:00Z,2026-07-01T05:30:00+0200,50.0,EUR/MWh,DK1,DK_1,imbalance_price,Short,2026-07-30T07:28:36Z
2026-07-30T07:25:17Z,2026-07-30T09:25:17+0200,e73b670a-bc29-4bfc-b6f4-93c290a4d3ee,2026-07-01T03:45:00Z,2026-07-01T05:45:00+0200,45.7,EUR/MWh,DK1,DK_1,imbalance_price,Long,2026-07-30T07:28:36Z
2026-07-30T07:25:17Z,2026-07-30T09:25:17+0200,e73b670a-bc29-4bfc-b6f4-93c290a4d3ee,2026-07-01T03:45:00Z,2026-07-01T05:45:00+0200,45.7,EUR/MWh,DK1,DK_1,imbalance_price,Short,2026-07-30T07:28:36Z
2026-07-30T07:25:17Z,2026-07-30T09:25:17+0200,e73b670a-bc29-4bfc-b6f4-93c290a4d3ee,2026-07-01T04:00:00Z,2026-07-01T06:00:00+0200,43.82,EUR/MWh,DK1,DK_1,imbalance_price,Long,2026-07-30T07:28:36Z
2026-07-30T07:25:17Z,2026-07-30T09:25:17+0200,e73b670a-bc29-4bfc-b6f4-93c290a4d3ee,2026-07-01T04:00:00Z,2026-07-01T06:00:00+0200,43.82,EUR/MWh,DK1,DK_1,imbalance_price,Short,2026-07-30T07:28:36Z
2026-07-30T07:25:17Z,2026-07-30T09:25:17+0200,e73b670a-bc29-4bfc-b6f4-93c290a4d3ee,2026-07-01T04:15:00Z,2026-07-01T06:15:00+0200,20.66,EUR/MWh,DK1,DK_1,imbalance_price,Long,2026-07-30T07:28:36Z
2026-07-30T07:25:17Z,2026-07-30T09:25:17+0200,e73b670a-bc29-4bfc-b6f4-93c290a4d3ee,2026-07-01T04:15:00Z,2026-07-01T06:15:00+0200,20.66,EUR/MWh,DK1,DK_1,imbalance_price,Short,2026-07-30T07:28:36Z
2026-07-30T07:25:17Z,2026-07-30T09:25:17+0200,e73b670a-bc29-4bfc-b6f4-93c290a4d3ee,2026-07-01T04:30:00Z,2026-07-01T06:30:00+0200,200.35,EUR/MWh,DK1,DK_1,imbalance_price,Long,2026-07-30T07:28:36Z
2026-07-30T07:25:17Z,2026-07-30T09:25:17+0200,e73b670a-bc29-4bfc-b6f4-93c290a4d3ee,2026-07-01T04:30:00Z,2026-07-01T06:30:00+0200,200.35,EUR/MWh,DK1,DK_1,imbalance_price,Short,2026-07-30T07:28:36Z
2026-07-30T07:25:17Z,2026-07-30T09:25:17+0200,e73b670a-bc29-4bfc-b6f4-93c290a4d3ee,2026-07-01T04:45:00Z,2026-07-01T06:45:00+0200,314.19,EUR/MWh,DK1,DK_1,imbalance_price,Long,2026-07-30T07:28:36Z
2026-07-30T07:25:17Z,2026-07-30T09:25:17+0200,e73b670a-bc29-4bfc-b6f4-93c290a4d3ee,2026-07-01T04:45:00Z,2026-07-01T06:45:00+0200,314.19,EUR/MWh,DK1,DK_1,imbalance_price,Short,2026-07-30T07:28:36Z
2026-07-30T07:25:17Z,2026-07-30T09:25:17+0200,e73b670a-bc29-4bfc-b6f4-93c290a4d3ee,2026-07-01T05:00:00Z,2026-07-01T07:00:00+0200,272.11,EUR/MWh,DK1,DK_1,imbalance_price,Long,2026-07-30T07:28:36Z
2026-07-30T07:25:17Z,2026-07-30T09:25:17+0200,e73b670a-bc29-4bfc-b6f4-93c290a4d3ee,2026-07-01T05:00:00Z,2026-07-01T07:00:00+0200,272.11,EUR/MWh,DK1,DK_1,imbalance_price,Short,2026-07-30T07:28:36Z
2026-07-30T07:25:17Z,2026-07-30T09:25:17+0200,e73b670a-bc29-4bfc-b6f4-93c290a4d3ee,2026-07-01T05:15:00Z,2026-07-01T07:15:00+0200,241.95,EUR/MWh,DK1,DK_1,imbalance_price,Long,2026-07-30T07:28:36Z
2026-07-30T07:25:17Z,2026-07-30T09:25:17+0200,e73b670a-bc29-4bfc-b6f4-93c290a4d3ee,2026-07-01T05:15:00Z,2026-07-01T07:15:00+0200,241.95,EUR/MWh,DK1,DK_1,imbalance_price,Short,2026-07-30T07:28:36Z
2026-07-30T07:25:17Z,2026-07-30T09:25:17+0200,e73b670a-bc29-4bfc-b6f4-93c290a4d3ee,2026-07-01T05:30:00Z,2026-07-01T07:30:00+0200,294.16,EUR/MWh,DK1,DK_1,imbalance_price,Long,2026-07-30T07:28:36Z
2026-07-30T07:25:17Z,2026-07-30T09:25:17+0200,e73b670a-bc29-4bfc-b6f4-93c290a4d3ee,2026-07-01T05:30:00Z,2026-07-01T07:30:00+0200,294.16,EUR/MWh,DK1,DK_1,imbalance_price,Short,2026-07-30T07:28:36Z
2026-07-30T07:25:17Z,2026-07-30T09:25:17+0200,e73b670a-bc29-4bfc-b6f4-93c290a4d3ee,2026-07-01T05:45:00Z,2026-07-01T07:45:00+0200,267.45,EUR/MWh,DK1,DK_1,imbalance_price,Long,2026-07-30T07:28:36Z
2026-07-30T07:25:17Z,2026-07-30T09:25:17+0200,e73b670a-bc29-4bfc-b6f4-93c290a4d3ee,2026-07-01T05:45:00Z,2026-07-01T07:45:00+0200,267.45,EUR/MWh,DK1,DK_1,imbalance_price,Short,2026-07-30T07:28:36Z
2026-07-30T07:25:17Z,2026-07-30T09:25:17+0200,e73b670a-bc29-4bfc-b6f4-93c290a4d3ee,2026-07-01T06:00:00Z,2026-07-01T08:00:00+0200,311.08,EUR/MWh,DK1,DK_1,imbalance_price,Long,2026-07-30T07:28:36Z
2026-07-30T07:25:17Z,2026-07-30T09:25:17+0200,e73b670a-bc29-4bfc-b6f4-93c290a4d3ee,2026-07-01T06:00:00Z,2026-07-01T08:00:00+0200,311.08,EUR/MWh,DK1,DK_1,imbalance_price,Short,2026-07-30T07:28:36Z
2026-07-30T07:25:17Z,2026-07-30T09:25:17+0200,e73b670a-bc29-4bfc-b6f4-93c290a4d3ee,2026-07-01T06:15:00Z,2026-07-01T08:15:00+0200,334.49,EUR/MWh,DK1,DK_1,imbalance_price,Long,2026-07-30T07:28:36Z
2026-07-30T07:25:17Z,2026-07-30T09:25:17+0200,e73b670a-bc29-4bfc-b6f4-93c290a4d3ee,2026-07-01T06:15:00Z,2026-07-01T08:15:00+0200,334.49,EUR/MWh,DK1,DK_1,imbalance_price,Short,2026-07-30T07:28:36Z
2026-07-30T07:25:17Z,2026-07-30T09:25:17+0200,e73b670a-bc29-4bfc-b6f4-93c290a4d3ee,2026-07-01T06:30:00Z,2026-07-01T08:30:00+0200,264.73,EUR/MWh,DK1,DK_1,imbalance_price,Long,2026-07-30T07:28:36Z
2026-07-30T07:25:17Z,2026-07-30T09:25:17+0200,e73b670a-bc29-4bfc-b6f4-93c290a4d3ee,2026-07-01T06:30:00Z,2026-07-01T08:30:00+0200,264.73,EUR/MWh,DK1,DK_1,imbalance_price,Short,2026-07-30T07:28:36Z
2026-07-30T07:25:17Z,2026-07-30T09:25:17+0200,e73b670a-bc29-4bfc-b6f4-93c290a4d3ee,2026-07-01T06:45:00Z,2026-07-01T08:45:00+0200,274.31,EUR/MWh,DK1,DK_1,imbalance_price,Long,2026-07-30T07:28:36Z
2026-07-30T07:25:17Z,2026-07-30T09:25:17+0200,e73b670a-bc29-4bfc-b6f4-93c290a4d3ee,2026-07-01T06:45:00Z,2026-07-01T08:45:00+0200,274.31,EUR/MWh,DK1,DK_1,imbalance_price,Short,2026-07-30T07:28:36Z
2026-07-30T07:25:17Z,2026-07-30T09:25:17+0200,e73b670a-bc29-4bfc-b6f4-93c290a4d3ee,2026-07-01T07:00:00Z,2026-07-01T09:00:00+0200,178.72,EUR/MWh,DK1,DK_1,imbalance_price,Long,2026-07-30T07:28:36Z
2026-07-30T07:25:17Z,2026-07-30T09:25:17+0200,e73b670a-bc29-4bfc-b6f4-93c290a4d3ee,2026-07-01T07:00:00Z,2026-07-01T09:00:00+0200,178.72,EUR/MWh,DK1,DK_1,imbalance_price,Short,2026-07-30T07:28:36Z
2026-07-30T07:25:17Z,2026-07-30T09:25:17+0200,e73b670a-bc29-4bfc-b6f4-93c290a4d3ee,2026-07-01T07:15:00Z,2026-07-01T09:15:00+0200,291.92,EUR/MWh,DK1,DK_1,imbalance_price,Long,2026-07-30T07:28:36Z
2026-07-30T07:25:17Z,2026-07-30T09:25:17+0200,e73b670a-bc29-4bfc-b6f4-93c290a4d3ee,2026-07-01T07:15:00Z,2026-07-01T09:15:00+0200,291.92,EUR/MWh,DK1,DK_1,imbalance_price,Short,2026-07-30T07:28:36Z
2026-07-30T07:25:17Z,2026-07-30T09:25:17+0200,e73b670a-bc29-4bfc-b6f4-93c290a4d3ee,2026-07-01T07:30:00Z,2026-07-01T09:30:00+0200,213.84,EUR/MWh,DK1,DK_1,imbalance_price,Long,2026-07-30T07:28:36Z
2026-07-30T07:25:17Z,2026-07-30T09:25:17+0200,e73b670a-bc29-4bfc-b6f4-93c290a4d3ee,2026-07-01T07:30:00Z,2026-07-01T09:30:00+0200,213.84,EUR/MWh,DK1,DK_1,imbalance_price,Short,2026-07-30T07:28:36Z
2026-07-30T07:25:17Z,2026-07-30T09:25:17+0200,e73b670a-bc29-4bfc-b6f4-93c290a4d3ee,2026-07-01T07:45:00Z,2026-07-01T09:45:00+0200,125.0,EUR/MWh,DK1,DK_1,imbalance_price,Long,2026-07-30T07:28:36Z
2026-07-30T07:25:17Z,2026-07-30T09:25:17+0200,e73b670a-bc29-4bfc-b6f4-93c290a4d3ee,2026-07-01T07:45:00Z,2026-07-01T09:45:00+0200,125.0,EUR/MWh,DK1,DK_1,imbalance_price,Short,2026-07-30T07:28:36Z
2026-07-30T07:25:17Z,2026-07-30T09:25:17+0200,e73b670a-bc29-4bfc-b6f4-93c290a4d3ee,2026-07-01T08:00:00Z,2026-07-01T10:00:00+0200,34.72,EUR/MWh,DK1,DK_1,imbalance_price,Long,2026-07-30T07:28:36Z
2026-07-30T07:25:17Z,2026-07-30T09:25:17+0200,e73b670a-bc29-4bfc-b6f4-93c290a4d3ee,2026-07-01T08:00:00Z,2026-07-01T10:00:00+0200,34.72,EUR/MWh,DK1,DK_1,imbalance_price,Short,2026-07-30T07:28:36Z
2026-07-30T07:25:17Z,2026-07-30T09:25:17+0200,e73b670a-bc29-4bfc-b6f4-93c290a4d3ee,2026-07-01T08:15:00Z,2026-07-01T10:15:00+0200,124.57,EUR/MWh,DK1,DK_1,imbalance_price,Long,2026-07-30T07:28:36Z
2026-07-30T07:25:17Z,2026-07-30T09:25:17+0200,e73b670a-bc29-4bfc-b6f4-93c290a4d3ee,2026-07-01T08:15:00Z,2026-07-01T10:15:00+0200,124.57,EUR/MWh,DK1,DK_1,imbalance_price,Short,2026-07-30T07:28:36Z
2026-07-30T07:25:17Z,2026-07-30T09:25:17+0200,e73b670a-bc29-4bfc-b6f4-93c290a4d3ee,2026-07-01T08:30:00Z,2026-07-01T10:30:00+0200,189.2,EUR/MWh,DK1,DK_1,imbalance_price,Long,2026-07-30T07:28:36Z
2026-07-30T07:25:17Z,2026-07-30T09:25:17+0200,e73b670a-bc29-4bfc-b6f4-93c290a4d3ee,2026-07-01T08:30:00Z,2026-07-01T10:30:00+0200,189.2,EUR/MWh,DK1,DK_1,imbalance_price,Short,2026-07-30T07:28:36Z
2026-07-30T07:25:17Z,2026-07-30T09:25:17+0200,e73b670a-bc29-4bfc-b6f4-93c290a4d3ee,2026-07-01T08:45:00Z,2026-07-01T10:45:00+0200,113.97,EUR/MWh,DK1,DK_1,imbalance_price,Long,2026-07-30T07:28:36Z
2026-07-30T07:25:17Z,2026-07-30T09:25:17+0200,e73b670a-bc29-4bfc-b6f4-93c290a4d3ee,2026-07-01T08:45:00Z,2026-07-01T10:45:00+0200,113.97,EUR/MWh,DK1,DK_1,imbalance_price,Short,2026-07-30T07:28:36Z
2026-07-30T07:25:17Z,2026-07-30T09:25:17+0200,e73b670a-bc29-4bfc-b6f4-93c290a4d3ee,2026-07-01T09:00:00Z,2026-07-01T11:00:00+0200,208.96,EUR/MWh,DK1,DK_1,imbalance_price,Long,2026-07-30T07:28:36Z
2026-07-30T07:25:17Z,2026-07-30T09:25:17+0200,e73b670a-bc29-4bfc-b6f4-93c290a4d3ee,2026-07-01T09:00:00Z,2026-07-01T11:00:00+0200,208.96,EUR/MWh,DK1,DK_1,imbalance_price,Short,2026-07-30T07:28:36Z
2026-07-30T07:25:17Z,2026-07-30T09:25:17+0200,e73b670a-bc29-4bfc-b6f4-93c290a4d3ee,2026-07-01T09:15:00Z,2026-07-01T11:15:00+0200,187.85,EUR/MWh,DK1,DK_1,imbalance_price,Long,2026-07-30T07:28:36Z
2026-07-30T07:25:17Z,2026-07-30T09:25:17+0200,e73b670a-bc29-4bfc-b6f4-93c290a4d3ee,2026-07-01T09:15:00Z,2026-07-01T11:15:00+0200,187.85,EUR/MWh,DK1,DK_1,imbalance_price,Short,2026-07-30T07:28:36Z
2026-07-30T07:25:17Z,2026-07-30T09:25:17+0200,e73b670a-bc29-4bfc-b6f4-93c290a4d3ee,2026-07-01T09:30:00Z,2026-07-01T11:30:00+0200,213.94,EUR/MWh,DK1,DK_1,imbalance_price,Long,2026-07-30T07:28:36Z
2026-07-30T07:25:17Z,2026-07-30T09:25:17+0200,e73b670a-bc29-4bfc-b6f4-93c290a4d3ee,2026-07-01T09:30:00Z,2026-07-01T11:30:00+0200,213.94,EUR/MWh,DK1,DK_1,imbalance_price,Short,2026-07-30T07:28:36Z
2026-07-30T07:25:17Z,2026-07-30T09:25:17+0200,e73b670a-bc29-4bfc-b6f4-93c290a4d3ee,2026-07-01T09:45:00Z,2026-07-01T11:45:00+0200,194.27,EUR/MWh,DK1,DK_1,imbalance_price,Long,2026-07-30T07:28:36Z
2026-07-30T07:25:17Z,2026-07-30T09:25:17+0200,e73b670a-bc29-4bfc-b6f4-93c290a4d3ee,2026-07-01T09:45:00Z,2026-07-01T11:45:00+0200,194.27,EUR/MWh,DK1,DK_1,imbalance_price,Short,2026-07-30T07:28:36Z
2026-07-30T07:25:17Z,2026-07-30T09:25:17+0200,e73b670a-bc29-4bfc-b6f4-93c290a4d3ee,2026-07-01T10:00:00Z,2026-07-01T12:00:00+0200,47.75,EUR/MWh,DK1,DK_1,imbalance_price,Long,2026-07-30T07:28:36Z
2026-07-30T07:25:17Z,2026-07-30T09:25:17+0200,e73b670a-bc29-4bfc-b6f4-93c290a4d3ee,2026-07-01T10:00:00Z,2026-07-01T12:00:00+0200,47.75,EUR/MWh,DK1,DK_1,imbalance_price,Short,2026-07-30T07:28:36Z
2026-07-30T07:25:17Z,2026-07-30T09:25:17+0200,e73b670a-bc29-4bfc-b6f4-93c290a4d3ee,2026-07-01T10:15:00Z,2026-07-01T12:15:00+0200,47.04,EUR/MWh,DK1,DK_1,imbalance_price,Long,2026-07-30T07:28:36Z
2026-07-30T07:25:17Z,2026-07-30T09:25:17+0200,e73b670a-bc29-4bfc-b6f4-93c290a4d3ee,2026-07-01T10:15:00Z,2026-07-01T12:15:00+0200,47.04,EUR/MWh,DK1,DK_1,imbalance_price,Short,2026-07-30T07:28:36Z
2026-07-30T07:25:17Z,2026-07-30T09:25:17+0200,e73b670a-bc29-4bfc-b6f4-93c290a4d3ee,2026-07-01T10:30:00Z,2026-07-01T12:30:00+0200,113.96,EUR/MWh,DK1,DK_1,imbalance_price,Long,2026-07-30T07:28:36Z
2026-07-30T07:25:17Z,2026-07-30T09:25:17+0200,e73b670a-bc29-4bfc-b6f4-93c290a4d3ee,2026-07-01T10:30:00Z,2026-07-01T12:30:00+0200,113.96,EUR/MWh,DK1,DK_1,imbalance_price,Short,2026-07-30T07:28:36Z
2026-07-30T07:25:17Z,2026-07-30T09:25:17+0200,e73b670a-bc29-4bfc-b6f4-93c290a4d3ee,2026-07-01T10:45:00Z,2026-07-01T12:45:00+0200,38.28,EUR/MWh,DK1,DK_1,imbalance_price,Long,2026-07-30T07:28:36Z
2026-07-30T07:25:17Z,2026-07-30T09:25:17+0200,e73b670a-bc29-4bfc-b6f4-93c290a4d3ee,2026-07-01T10:45:00Z,2026-07-01T12:45:00+0200,38.28,EUR/MWh,DK1,DK_1,imbalance_price,Short,2026-07-30T07:28:36Z
2026-07-30T07:25:17Z,2026-07-30T09:25:17+0200,e73b670a-bc29-4bfc-b6f4-93c290a4d3ee,2026-07-01T11:00:00Z,2026-07-01T13:00:00+0200,272.69,EUR/MWh,DK1,DK_1,imbalance_price,Long,2026-07-30T07:28:36Z
2026-07-30T07:25:17Z,2026-07-30T09:25:17+0200,e73b670a-bc29-4bfc-b6f4-93c290a4d3ee,2026-07-01T11:00:00Z,2026-07-01T13:00:00+0200,272.69,EUR/MWh,DK1,DK_1,imbalance_price,Short,2026-07-30T07:28:36Z
2026-07-30T07:25:17Z,2026-07-30T09:25:17+0200,e73b670a-bc29-4bfc-b6f4-93c290a4d3ee,2026-07-01T11:15:00Z,2026-07-01T13:15:00+0200,224.64,EUR/MWh,DK1,DK_1,imbalance_price,Long,2026-07-30T07:28:36Z
2026-07-30T07:25:17Z,2026-07-30T09:25:17+0200,e73b670a-bc29-4bfc-b6f4-93c290a4d3ee,2026-07-01T11:15:00Z,2026-07-01T13:15:00+0200,224.64,EUR/MWh,DK1,DK_1,imbalance_price,Short,2026-07-30T07:28:36Z
2026-07-30T07:25:17Z,2026-07-30T09:25:17+0200,e73b670a-bc29-4bfc-b6f4-93c290a4d3ee,2026-07-01T11:30:00Z,2026-07-01T13:30:00+0200,202.94,EUR/MWh,DK1,DK_1,imbalance_price,Long,2026-07-30T07:28:36Z
2026-07-30T07:25:17Z,2026-07-30T09:25:17+0200,e73b670a-bc29-4bfc-b6f4-93c290a4d3ee,2026-07-01T11:30:00Z,2026-07-01T13:30:00+0200,202.94,EUR/MWh,DK1,DK_1,imbalance_price,Short,2026-07-30T07:28:36Z
2026-07-30T07:25:17Z,2026-07-30T09:25:17+0200,e73b670a-bc29-4bfc-b6f4-93c290a4d3ee,2026-07-01T11:45:00Z,2026-07-01T13:45:00+0200,47.71,EUR/MWh,DK1,DK_1,imbalance_price,Long,2026-07-30T07:28:36Z
2026-07-30T07:25:17Z,2026-07-30T09:25:17+0200,e73b670a-bc29-4bfc-b6f4-93c290a4d3ee,2026-07-01T11:45:00Z,2026-07-01T13:45:00+0200,47.71,EUR/MWh,DK1,DK_1,imbalance_price,Short,2026-07-30T07:28:36Z
2026-07-30T07:25:17Z,2026-07-30T09:25:17+0200,e73b670a-bc29-4bfc-b6f4-93c290a4d3ee,2026-07-01T12:00:00Z,2026-07-01T14:00:00+0200,100.97,EUR/MWh,DK1,DK_1,imbalance_price,Long,2026-07-30T07:28:36Z
2026-07-30T07:25:17Z,2026-07-30T09:25:17+0200,e73b670a-bc29-4bfc-b6f4-93c290a4d3ee,2026-07-01T12:00:00Z,2026-07-01T14:00:00+0200,100.97,EUR/MWh,DK1,DK_1,imbalance_price,Short,2026-07-30T07:28:36Z
2026-07-30T07:25:17Z,2026-07-30T09:25:17+0200,e73b670a-bc29-4bfc-b6f4-93c290a4d3ee,2026-07-01T12:15:00Z,2026-07-01T14:15:00+0200,179.17,EUR/MWh,DK1,DK_1,imbalance_price,Long,2026-07-30T07:28:36Z
2026-07-30T07:25:17Z,2026-07-30T09:25:17+0200,e73b670a-bc29-4bfc-b6f4-93c290a4d3ee,2026-07-01T12:15:00Z,2026-07-01T14:15:00+0200,179.17,EUR/MWh,DK1,DK_1,imbalance_price,Short,2026-07-30T07:28:36Z
2026-07-30T07:25:17Z,2026-07-30T09:25:17+0200,e73b670a-bc29-4bfc-b6f4-93c290a4d3ee,2026-07-01T12:30:00Z,2026-07-01T14:30:00+0200,98.01,EUR/MWh,DK1,DK_1,imbalance_price,Long,2026-07-30T07:28:36Z
2026-07-30T07:25:17Z,2026-07-30T09:25:17+0200,e73b670a-bc29-4bfc-b6f4-93c290a4d3ee,2026-07-01T12:30:00Z,2026-07-01T14:30:00+0200,98.01,EUR/MWh,DK1,DK_1,imbalance_price,Short,2026-07-30T07:28:36Z
2026-07-30T07:25:17Z,2026-07-30T09:25:17+0200,e73b670a-bc29-4bfc-b6f4-93c290a4d3ee,2026-07-01T12:45:00Z,2026-07-01T14:45:00+0200,170.16,EUR/MWh,DK1,DK_1,imbalance_price,Long,2026-07-30T07:28:36Z
2026-07-30T07:25:17Z,2026-07-30T09:25:17+0200,e73b670a-bc29-4bfc-b6f4-93c290a4d3ee,2026-07-01T12:45:00Z,2026-07-01T14:45:00+0200,170.16,EUR/MWh,DK1,DK_1,imbalance_price,Short,2026-07-30T07:28:36Z
2026-07-30T07:25:17Z,2026-07-30T09:25:17+0200,e73b670a-bc29-4bfc-b6f4-93c290a4d3ee,2026-07-01T13:00:00Z,2026-07-01T15:00:00+0200,240.0,EUR/MWh,DK1,DK_1,imbalance_price,Long,2026-07-30T07:28:36Z
2026-07-30T07:25:17Z,2026-07-30T09:25:17+0200,e73b670a-bc29-4bfc-b6f4-93c290a4d3ee,2026-07-01T13:00:00Z,2026-07-01T15:00:00+0200,240.0,EUR/MWh,DK1,DK_1,imbalance_price,Short,2026-07-30T07:28:36Z
2026-07-30T07:25:17Z,2026-07-30T09:25:17+0200,e73b670a-bc29-4bfc-b6f4-93c290a4d3ee,2026-07-01T13:15:00Z,2026-07-01T15:15:00+0200,94.64,EUR/MWh,DK1,DK_1,imbalance_price,Long,2026-07-30T07:28:36Z
2026-07-30T07:25:17Z,2026-07-30T09:25:17+0200,e73b670a-bc29-4bfc-b6f4-93c290a4d3ee,2026-07-01T13:15:00Z,2026-07-01T15:15:00+0200,94.64,EUR/MWh,DK1,DK_1,imbalance_price,Short,2026-07-30T07:28:36Z
2026-07-30T07:25:17Z,2026-07-30T09:25:17+0200,e73b670a-bc29-4bfc-b6f4-93c290a4d3ee,2026-07-01T13:30:00Z,2026-07-01T15:30:00+0200,14.33,EUR/MWh,DK1,DK_1,imbalance_price,Long,2026-07-30T07:28:36Z
2026-07-30T07:25:17Z,2026-07-30T09:25:17+0200,e73b670a-bc29-4bfc-b6f4-93c290a4d3ee,2026-07-01T13:30:00Z,2026-07-01T15:30:00+0200,14.33,EUR/MWh,DK1,DK_1,imbalance_price,Short,2026-07-30T07:28:36Z
2026-07-30T07:25:17Z,2026-07-30T09:25:17+0200,e73b670a-bc29-4bfc-b6f4-93c290a4d3ee,2026-07-01T13:45:00Z,2026-07-01T15:45:00+0200,240.18,EUR/MWh,DK1,DK_1,imbalance_price,Long,2026-07-30T07:28:36Z
2026-07-30T07:25:17Z,2026-07-30T09:25:17+0200,e73b670a-bc29-4bfc-b6f4-93c290a4d3ee,2026-07-01T13:45:00Z,2026-07-01T15:45:00+0200,240.18,EUR/MWh,DK1,DK_1,imbalance_price,Short,2026-07-30T07:28:36Z
2026-07-30T07:25:17Z,2026-07-30T09:25:17+0200,e73b670a-bc29-4bfc-b6f4-93c290a4d3ee,2026-07-01T14:00:00Z,2026-07-01T16:00:00+0200,35.66,EUR/MWh,DK1,DK_1,imbalance_price,Long,2026-07-30T07:28:36Z
2026-07-30T07:25:17Z,2026-07-30T09:25:17+0200,e73b670a-bc29-4bfc-b6f4-93c290a4d3ee,2026-07-01T14:00:00Z,2026-07-01T16:00:00+0200,35.66,EUR/MWh,DK1,DK_1,imbalance_price,Short,2026-07-30T07:28:36Z
2026-07-30T07:25:17Z,2026-07-30T09:25:17+0200,e73b670a-bc29-4bfc-b6f4-93c290a4d3ee,2026-07-01T14:15:00Z,2026-07-01T16:15:00+0200,35.14,EUR/MWh,DK1,DK_1,imbalance_price,Long,2026-07-30T07:28:36Z
2026-07-30T07:25:17Z,2026-07-30T09:25:17+0200,e73b670a-bc29-4bfc-b6f4-93c290a4d3ee,2026-07-01T14:15:00Z,2026-07-01T16:15:00+0200,35.14,EUR/MWh,DK1,DK_1,imbalance_price,Short,2026-07-30T07:28:36Z
2026-07-30T07:25:17Z,2026-07-30T09:25:17+0200,e73b670a-bc29-4bfc-b6f4-93c290a4d3ee,2026-07-01T14:30:00Z,2026-07-01T16:30:00+0200,50.83,EUR/MWh,DK1,DK_1,imbalance_price,Long,2026-07-30T07:28:36Z
2026-07-30T07:25:17Z,2026-07-30T09:25:17+0200,e73b670a-bc29-4bfc-b6f4-93c290a4d3ee,2026-07-01T14:30:00Z,2026-07-01T16:30:00+0200,50.83,EUR/MWh,DK1,DK_1,imbalance_price,Short,2026-07-30T07:28:36Z
2026-07-30T07:25:17Z,2026-07-30T09:25:17+0200,e73b670a-bc29-4bfc-b6f4-93c290a4d3ee,2026-07-01T14:45:00Z,2026-07-01T16:45:00+0200,55.03,EUR/MWh,DK1,DK_1,imbalance_price,Long,2026-07-30T07:28:36Z
2026-07-30T07:25:17Z,2026-07-30T09:25:17+0200,e73b670a-bc29-4bfc-b6f4-93c290a4d3ee,2026-07-01T14:45:00Z,2026-07-01T16:45:00+0200,55.03,EUR/MWh,DK1,DK_1,imbalance_price,Short,2026-07-30T07:28:36Z
2026-07-30T07:25:17Z,2026-07-30T09:25:17+0200,e73b670a-bc29-4bfc-b6f4-93c290a4d3ee,2026-07-01T15:00:00Z,2026-07-01T17:00:00+0200,22.16,EUR/MWh,DK1,DK_1,imbalance_price,Long,2026-07-30T07:28:36Z
2026-07-30T07:25:17Z,2026-07-30T09:25:17+0200,e73b670a-bc29-4bfc-b6f4-93c290a4d3ee,2026-07-01T15:00:00Z,2026-07-01T17:00:00+0200,22.16,EUR/MWh,DK1,DK_1,imbalance_price,Short,2026-07-30T07:28:36Z
2026-07-30T07:25:17Z,2026-07-30T09:25:17+0200,e73b670a-bc29-4bfc-b6f4-93c290a4d3ee,2026-07-01T15:15:00Z,2026-07-01T17:15:00+0200,53.27,EUR/MWh,DK1,DK_1,imbalance_price,Long,2026-07-30T07:28:36Z
2026-07-30T07:25:17Z,2026-07-30T09:25:17+0200,e73b670a-bc29-4bfc-b6f4-93c290a4d3ee,2026-07-01T15:15:00Z,2026-07-01T17:15:00+0200,53.27,EUR/MWh,DK1,DK_1,imbalance_price,Short,2026-07-30T07:28:36Z
2026-07-30T07:25:17Z,2026-07-30T09:25:17+0200,e73b670a-bc29-4bfc-b6f4-93c290a4d3ee,2026-07-01T15:30:00Z,2026-07-01T17:30:00+0200,30.82,EUR/MWh,DK1,DK_1,imbalance_price,Long,2026-07-30T07:28:36Z
2026-07-30T07:25:17Z,2026-07-30T09:25:17+0200,e73b670a-bc29-4bfc-b6f4-93c290a4d3ee,2026-07-01T15:30:00Z,2026-07-01T17:30:00+0200,30.82,EUR/MWh,DK1,DK_1,imbalance_price,Short,2026-07-30T07:28:36Z
2026-07-30T07:25:17Z,2026-07-30T09:25:17+0200,e73b670a-bc29-4bfc-b6f4-93c290a4d3ee,2026-07-01T15:45:00Z,2026-07-01T17:45:00+0200,33.7,EUR/MWh,DK1,DK_1,imbalance_price,Long,2026-07-30T07:28:36Z
2026-07-30T07:25:17Z,2026-07-30T09:25:17+0200,e73b670a-bc29-4bfc-b6f4-93c290a4d3ee,2026-07-01T15:45:00Z,2026-07-01T17:45:00+0200,33.7,EUR/MWh,DK1,DK_1,imbalance_price,Short,2026-07-30T07:28:36Z
2026-07-30T07:25:17Z,2026-07-30T09:25:17+0200,e73b670a-bc29-4bfc-b6f4-93c290a4d3ee,2026-07-01T16:00:00Z,2026-07-01T18:00:00+0200,50.07,EUR/MWh,DK1,DK_1,imbalance_price,Long,2026-07-30T07:28:36Z
2026-07-30T07:25:17Z,2026-07-30T09:25:17+0200,e73b670a-bc29-4bfc-b6f4-93c290a4d3ee,2026-07-01T16:00:00Z,2026-07-01T18:00:00+0200,50.07,EUR/MWh,DK1,DK_1,imbalance_price,Short,2026-07-30T07:28:36Z
2026-07-30T07:25:17Z,2026-07-30T09:25:17+0200,e73b670a-bc29-4bfc-b6f4-93c290a4d3ee,2026-07-01T16:15:00Z,2026-07-01T18:15:00+0200,37.86,EUR/MWh,DK1,DK_1,imbalance_price,Long,2026-07-30T07:28:36Z
2026-07-30T07:25:17Z,2026-07-30T09:25:17+0200,e73b670a-bc29-4bfc-b6f4-93c290a4d3ee,2026-07-01T16:15:00Z,2026-07-01T18:15:00+0200,37.86,EUR/MWh,DK1,DK_1,imbalance_price,Short,2026-07-30T07:28:36Z
2026-07-30T07:25:17Z,2026-07-30T09:25:17+0200,e73b670a-bc29-4bfc-b6f4-93c290a4d3ee,2026-07-01T16:30:00Z,2026-07-01T18:30:00+0200,54.79,EUR/MWh,DK1,DK_1,imbalance_price,Long,2026-07-30T07:28:36Z
2026-07-30T07:25:17Z,2026-07-30T09:25:17+0200,e73b670a-bc29-4bfc-b6f4-93c290a4d3ee,2026-07-01T16:30:00Z,2026-07-01T18:30:00+0200,54.79,EUR/MWh,DK1,DK_1,imbalance_price,Short,2026-07-30T07:28:36Z
2026-07-30T07:25:17Z,2026-07-30T09:25:17+0200,e73b670a-bc29-4bfc-b6f4-93c290a4d3ee,2026-07-01T16:45:00Z,2026-07-01T18:45:00+0200,54.92,EUR/MWh,DK1,DK_1,imbalance_price,Long,2026-07-30T07:28:36Z
2026-07-30T07:25:17Z,2026-07-30T09:25:17+0200,e73b670a-bc29-4bfc-b6f4-93c290a4d3ee,2026-07-01T16:45:00Z,2026-07-01T18:45:00+0200,54.92,EUR/MWh,DK1,DK_1,imbalance_price,Short,2026-07-30T07:28:36Z
2026-07-30T07:25:17Z,2026-07-30T09:25:17+0200,e73b670a-bc29-4bfc-b6f4-93c290a4d3ee,2026-07-01T17:00:00Z,2026-07-01T19:00:00+0200,53.45,EUR/MWh,DK1,DK_1,imbalance_price,Long,2026-07-30T07:28:36Z
2026-07-30T07:25:17Z,2026-07-30T09:25:17+0200,e73b670a-bc29-4bfc-b6f4-93c290a4d3ee,2026-07-01T17:00:00Z,2026-07-01T19:00:00+0200,53.45,EUR/MWh,DK1,DK_1,imbalance_price,Short,2026-07-30T07:28:36Z
2026-07-30T07:25:17Z,2026-07-30T09:25:17+0200,e73b670a-bc29-4bfc-b6f4-93c290a4d3ee,2026-07-01T17:15:00Z,2026-07-01T19:15:00+0200,156.77,EUR/MWh,DK1,DK_1,imbalance_price,Long,2026-07-30T07:28:36Z
2026-07-30T07:25:17Z,2026-07-30T09:25:17+0200,e73b670a-bc29-4bfc-b6f4-93c290a4d3ee,2026-07-01T17:15:00Z,2026-07-01T19:15:00+0200,156.77,EUR/MWh,DK1,DK_1,imbalance_price,Short,2026-07-30T07:28:36Z
2026-07-30T07:25:17Z,2026-07-30T09:25:17+0200,e73b670a-bc29-4bfc-b6f4-93c290a4d3ee,2026-07-01T17:30:00Z,2026-07-01T19:30:00+0200,202.5,EUR/MWh,DK1,DK_1,imbalance_price,Long,2026-07-30T07:28:36Z
2026-07-30T07:25:17Z,2026-07-30T09:25:17+0200,e73b670a-bc29-4bfc-b6f4-93c290a4d3ee,2026-07-01T17:30:00Z,2026-07-01T19:30:00+0200,202.5,EUR/MWh,DK1,DK_1,imbalance_price,Short,2026-07-30T07:28:36Z
2026-07-30T07:25:17Z,2026-07-30T09:25:17+0200,e73b670a-bc29-4bfc-b6f4-93c290a4d3ee,2026-07-01T17:45:00Z,2026-07-01T19:45:00+0200,213.93,EUR/MWh,DK1,DK_1,imbalance_price,Long,2026-07-30T07:28:36Z
2026-07-30T07:25:17Z,2026-07-30T09:25:17+0200,e73b670a-bc29-4bfc-b6f4-93c290a4d3ee,2026-07-01T17:45:00Z,2026-07-01T19:45:00+0200,213.93,EUR/MWh,DK1,DK_1,imbalance_price,Short,2026-07-30T07:28:36Z
2026-07-30T07:25:17Z,2026-07-30T09:25:17+0200,e73b670a-bc29-4bfc-b6f4-93c290a4d3ee,2026-07-01T18:00:00Z,2026-07-01T20:00:00+0200,184.42,EUR/MWh,DK1,DK_1,imbalance_price,Long,2026-07-30T07:28:36Z
2026-07-30T07:25:17Z,2026-07-30T09:25:17+0200,e73b670a-bc29-4bfc-b6f4-93c290a4d3ee,2026-07-01T18:00:00Z,2026-07-01T20:00:00+0200,184.42,EUR/MWh,DK1,DK_1,imbalance_price,Short,2026-07-30T07:28:36Z
2026-07-30T07:25:17Z,2026-07-30T09:25:17+0200,e73b670a-bc29-4bfc-b6f4-93c290a4d3ee,2026-07-01T18:15:00Z,2026-07-01T20:15:00+0200,219.24,EUR/MWh,DK1,DK_1,imbalance_price,Long,2026-07-30T07:28:36Z
2026-07-30T07:25:17Z,2026-07-30T09:25:17+0200,e73b670a-bc29-4bfc-b6f4-93c290a4d3ee,2026-07-01T18:15:00Z,2026-07-01T20:15:00+0200,219.24,EUR/MWh,DK1,DK_1,imbalance_price,Short,2026-07-30T07:28:36Z
2026-07-30T07:25:17Z,2026-07-30T09:25:17+0200,e73b670a-bc29-4bfc-b6f4-93c290a4d3ee,2026-07-01T18:30:00Z,2026-07-01T20:30:00+0200,245.59,EUR/MWh,DK1,DK_1,imbalance_price,Long,2026-07-30T07:28:36Z
2026-07-30T07:25:17Z,2026-07-30T09:25:17+0200,e73b670a-bc29-4bfc-b6f4-93c290a4d3ee,2026-07-01T18:30:00Z,2026-07-01T20:30:00+0200,245.59,EUR/MWh,DK1,DK_1,imbalance_price,Short,2026-07-30T07:28:36Z
2026-07-30T07:25:17Z,2026-07-30T09:25:17+0200,e73b670a-bc29-4bfc-b6f4-93c290a4d3ee,2026-07-01T18:45:00Z,2026-07-01T20:45:00+0200,295.29,EUR/MWh,DK1,DK_1,imbalance_price,Long,2026-07-30T07:28:36Z
2026-07-30T07:25:17Z,2026-07-30T09:25:17+0200,e73b670a-bc29-4bfc-b6f4-93c290a4d3ee,2026-07-01T18:45:00Z,2026-07-01T20:45:00+0200,295.29,EUR/MWh,DK1,DK_1,imbalance_price,Short,2026-07-30T07:28:36Z
2026-07-30T07:25:17Z,2026-07-30T09:25:17+0200,e73b670a-bc29-4bfc-b6f4-93c290a4d3ee,2026-07-01T19:00:00Z,2026-07-01T21:00:00+0200,257.22,EUR/MWh,DK1,DK_1,imbalance_price,Long,2026-07-30T07:28:36Z
2026-07-30T07:25:17Z,2026-07-30T09:25:17+0200,e73b670a-bc29-4bfc-b6f4-93c290a4d3ee,2026-07-01T19:00:00Z,2026-07-01T21:00:00+0200,257.22,EUR/MWh,DK1,DK_1,imbalance_price,Short,2026-07-30T07:28:36Z
2026-07-30T07:25:17Z,2026-07-30T09:25:17+0200,e73b670a-bc29-4bfc-b6f4-93c290a4d3ee,2026-07-01T19:15:00Z,2026-07-01T21:15:00+0200,70.0,EUR/MWh,DK1,DK_1,imbalance_price,Long,2026-07-30T07:28:36Z
2026-07-30T07:25:17Z,2026-07-30T09:25:17+0200,e73b670a-bc29-4bfc-b6f4-93c290a4d3ee,2026-07-01T19:15:00Z,2026-07-01T21:15:00+0200,70.0,EUR/MWh,DK1,DK_1,imbalance_price,Short,2026-07-30T07:28:36Z
2026-07-30T07:25:17Z,2026-07-30T09:25:17+0200,e73b670a-bc29-4bfc-b6f4-93c290a4d3ee,2026-07-01T19:30:00Z,2026-07-01T21:30:00+0200,258.39,EUR/MWh,DK1,DK_1,imbalance_price,Long,2026-07-30T07:28:36Z
2026-07-30T07:25:17Z,2026-07-30T09:25:17+0200,e73b670a-bc29-4bfc-b6f4-93c290a4d3ee,2026-07-01T19:30:00Z,2026-07-01T21:30:00+0200,258.39,EUR/MWh,DK1,DK_1,imbalance_price,Short,2026-07-30T07:28:36Z
2026-07-30T07:25:17Z,2026-07-30T09:25:17+0200,e73b670a-bc29-4bfc-b6f4-93c290a4d3ee,2026-07-01T19:45:00Z,2026-07-01T21:45:00+0200,55.55,EUR/MWh,DK1,DK_1,imbalance_price,Long,2026-07-30T07:28:36Z
2026-07-30T07:25:17Z,2026-07-30T09:25:17+0200,e73b670a-bc29-4bfc-b6f4-93c290a4d3ee,2026-07-01T19:45:00Z,2026-07-01T21:45:00+0200,55.55,EUR/MWh,DK1,DK_1,imbalance_price,Short,2026-07-30T07:28:36Z
2026-07-30T07:25:17Z,2026-07-30T09:25:17+0200,e73b670a-bc29-4bfc-b6f4-93c290a4d3ee,2026-07-01T20:00:00Z,2026-07-01T22:00:00+0200,50.65,EUR/MWh,DK1,DK_1,imbalance_price,Long,2026-07-30T07:28:36Z
2026-07-30T07:25:17Z,2026-07-30T09:25:17+0200,e73b670a-bc29-4bfc-b6f4-93c290a4d3ee,2026-07-01T20:00:00Z,2026-07-01T22:00:00+0200,50.65,EUR/MWh,DK1,DK_1,imbalance_price,Short,2026-07-30T07:28:36Z
2026-07-30T07:25:17Z,2026-07-30T09:25:17+0200,e73b670a-bc29-4bfc-b6f4-93c290a4d3ee,2026-07-01T20:15:00Z,2026-07-01T22:15:00+0200,51.03,EUR/MWh,DK1,DK_1,imbalance_price,Long,2026-07-30T07:28:36Z
2026-07-30T07:25:17Z,2026-07-30T09:25:17+0200,e73b670a-bc29-4bfc-b6f4-93c290a4d3ee,2026-07-01T20:15:00Z,2026-07-01T22:15:00+0200,51.03,EUR/MWh,DK1,DK_1,imbalance_price,Short,2026-07-30T07:28:36Z
2026-07-30T07:25:17Z,2026-07-30T09:25:17+0200,e73b670a-bc29-4bfc-b6f4-93c290a4d3ee,2026-07-01T20:30:00Z,2026-07-01T22:30:00+0200,181.85,EUR/MWh,DK1,DK_1,imbalance_price,Long,2026-07-30T07:28:36Z
2026-07-30T07:25:17Z,2026-07-30T09:25:17+0200,e73b670a-bc29-4bfc-b6f4-93c290a4d3ee,2026-07-01T20:30:00Z,2026-07-01T22:30:00+0200,181.85,EUR/MWh,DK1,DK_1,imbalance_price,Short,2026-07-30T07:28:36Z
2026-07-30T07:25:17Z,2026-07-30T09:25:17+0200,e73b670a-bc29-4bfc-b6f4-93c290a4d3ee,2026-07-01T20:45:00Z,2026-07-01T22:45:00+0200,169.39,EUR/MWh,DK1,DK_1,imbalance_price,Long,2026-07-30T07:28:36Z
2026-07-30T07:25:17Z,2026-07-30T09:25:17+0200,e73b670a-bc29-4bfc-b6f4-93c290a4d3ee,2026-07-01T20:45:00Z,2026-07-01T22:45:00+0200,169.39,EUR/MWh,DK1,DK_1,imbalance_price,Short,2026-07-30T07:28:36Z
2026-07-30T07:25:17Z,2026-07-30T09:25:17+0200,e73b670a-bc29-4bfc-b6f4-93c290a4d3ee,2026-07-01T21:00:00Z,2026-07-01T23:00:00+0200,60.88,EUR/MWh,DK1,DK_1,imbalance_price,Long,2026-07-30T07:28:36Z
2026-07-30T07:25:17Z,2026-07-30T09:25:17+0200,e73b670a-bc29-4bfc-b6f4-93c290a4d3ee,2026-07-01T21:00:00Z,2026-07-01T23:00:00+0200,60.88,EUR/MWh,DK1,DK_1,imbalance_price,Short,2026-07-30T07:28:36Z
2026-07-30T07:25:17Z,2026-07-30T09:25:17+0200,e73b670a-bc29-4bfc-b6f4-93c290a4d3ee,2026-07-01T21:15:00Z,2026-07-01T23:15:00+0200,167.21,EUR/MWh,DK1,DK_1,imbalance_price,Long,2026-07-30T07:28:36Z
2026-07-30T07:25:17Z,2026-07-30T09:25:17+0200,e73b670a-bc29-4bfc-b6f4-93c290a4d3ee,2026-07-01T21:15:00Z,2026-07-01T23:15:00+0200,167.21,EUR/MWh,DK1,DK_1,imbalance_price,Short,2026-07-30T07:28:36Z
2026-07-30T07:25:17Z,2026-07-30T09:25:17+0200,e73b670a-bc29-4bfc-b6f4-93c290a4d3ee,2026-07-01T21:30:00Z,2026-07-01T23:30:00+0200,146.6,EUR/MWh,DK1,DK_1,imbalance_price,Long,2026-07-30T07:28:36Z
2026-07-30T07:25:17Z,2026-07-30T09:25:17+0200,e73b670a-bc29-4bfc-b6f4-93c290a4d3ee,2026-07-01T21:30:00Z,2026-07-01T23:30:00+0200,146.6,EUR/MWh,DK1,DK_1,imbalance_price,Short,2026-07-30T07:28:36Z
2026-07-30T07:25:17Z,2026-07-30T09:25:17+0200,e73b670a-bc29-4bfc-b6f4-93c290a4d3ee,2026-07-01T21:45:00Z,2026-07-01T23:45:00+0200,535.87,EUR/MWh,DK1,DK_1,imbalance_price,Long,2026-07-30T07:28:36Z
2026-07-30T07:25:17Z,2026-07-30T09:25:17+0200,e73b670a-bc29-4bfc-b6f4-93c290a4d3ee,2026-07-01T21:45:00Z,2026-07-01T23:45:00+0200,535.87,EUR/MWh,DK1,DK_1,imbalance_price,Short,2026-07-30T07:28:36Z
2026-07-30T07:25:17Z,2026-07-30T09:25:17+0200,e73b670a-bc29-4bfc-b6f4-93c290a4d3ee,2026-07-01T22:00:00Z,2026-07-02T00:00:00+0200,167.37,EUR/MWh,DK1,DK_1,imbalance_price,Long,2026-07-30T07:28:36Z
2026-07-30T07:25:17Z,2026-07-30T09:25:17+0200,e73b670a-bc29-4bfc-b6f4-93c290a4d3ee,2026-07-01T22:00:00Z,2026-07-02T00:00:00+0200,167.37,EUR/MWh,DK1,DK_1,imbalance_price,Short,2026-07-30T07:28:36Z
2026-07-30T07:25:17Z,2026-07-30T09:25:17+0200,e73b670a-bc29-4bfc-b6f4-93c290a4d3ee,2026-07-01T22:15:00Z,2026-07-02T00:15:00+0200,163.91,EUR/MWh,DK1,DK_1,imbalance_price,Long,2026-07-30T07:28:36Z
2026-07-30T07:25:17Z,2026-07-30T09:25:17+0200,e73b670a-bc29-4bfc-b6f4-93c290a4d3ee,2026-07-01T22:15:00Z,2026-07-02T00:15:00+0200,163.91,EUR/MWh,DK1,DK_1,imbalance_price,Short,2026-07-30T07:28:36Z
2026-07-30T07:25:17Z,2026-07-30T09:25:17+0200,e73b670a-bc29-4bfc-b6f4-93c290a4d3ee,2026-07-01T22:30:00Z,2026-07-02T00:30:00+0200,162.09,EUR/MWh,DK1,DK_1,imbalance_price,Long,2026-07-30T07:28:36Z
2026-07-30T07:25:17Z,2026-07-30T09:25:17+0200,e73b670a-bc29-4bfc-b6f4-93c290a4d3ee,2026-07-01T22:30:00Z,2026-07-02T00:30:00+0200,162.09,EUR/MWh,DK1,DK_1,imbalance_price,Short,2026-07-30T07:28:36Z
2026-07-30T07:25:17Z,2026-07-30T09:25:17+0200,e73b670a-bc29-4bfc-b6f4-93c290a4d3ee,2026-07-01T22:45:00Z,2026-07-02T00:45:00+0200,151.45,EUR/MWh,DK1,DK_1,imbalance_price,Long,2026-07-30T07:28:36Z
2026-07-30T07:25:17Z,2026-07-30T09:25:17+0200,e73b670a-bc29-4bfc-b6f4-93c290a4d3ee,2026-07-01T22:45:00Z,2026-07-02T00:45:00+0200,151.45,EUR/MWh,DK1,DK_1,imbalance_price,Short,2026-07-30T07:28:36Z
2026-07-30T07:25:17Z,2026-07-30T09:25:17+0200,e73b670a-bc29-4bfc-b6f4-93c290a4d3ee,2026-07-01T23:00:00Z,2026-07-02T01:00:00+0200,163.95,EUR/MWh,DK1,DK_1,imbalance_price,Long,2026-07-30T07:28:36Z
2026-07-30T07:25:17Z,2026-07-30T09:25:17+0200,e73b670a-bc29-4bfc-b6f4-93c290a4d3ee,2026-07-01T23:00:00Z,2026-07-02T01:00:00+0200,163.95,EUR/MWh,DK1,DK_1,imbalance_price,Short,2026-07-30T07:28:36Z
2026-07-30T07:25:17Z,2026-07-30T09:25:17+0200,e73b670a-bc29-4bfc-b6f4-93c290a4d3ee,2026-07-01T23:15:00Z,2026-07-02T01:15:00+0200,146.28,EUR/MWh,DK1,DK_1,imbalance_price,Long,2026-07-30T07:28:36Z
2026-07-30T07:25:17Z,2026-07-30T09:25:17+0200,e73b670a-bc29-4bfc-b6f4-93c290a4d3ee,2026-07-01T23:15:00Z,2026-07-02T01:15:00+0200,146.28,EUR/MWh,DK1,DK_1,imbalance_price,Short,2026-07-30T07:28:36Z
2026-07-30T07:25:17Z,2026-07-30T09:25:17+0200,e73b670a-bc29-4bfc-b6f4-93c290a4d3ee,2026-07-01T23:30:00Z,2026-07-02T01:30:00+0200,134.71,EUR/MWh,DK1,DK_1,imbalance_price,Long,2026-07-30T07:28:36Z
2026-07-30T07:25:17Z,2026-07-30T09:25:17+0200,e73b670a-bc29-4bfc-b6f4-93c290a4d3ee,2026-07-01T23:30:00Z,2026-07-02T01:30:00+0200,134.71,EUR/MWh,DK1,DK_1,imbalance_price,Short,2026-07-30T07:28:36Z
2026-07-30T07:25:17Z,2026-07-30T09:25:17+0200,e73b670a-bc29-4bfc-b6f4-93c290a4d3ee,2026-07-01T23:45:00Z,2026-07-02T01:45:00+0200,92.7,EUR/MWh,DK1,DK_1,imbalance_price,Long,2026-07-30T07:28:36Z
2026-07-30T07:25:17Z,2026-07-30T09:25:17+0200,e73b670a-bc29-4bfc-b6f4-93c290a4d3ee,2026-07-01T23:45:00Z,2026-07-02T01:45:00+0200,92.7,EUR/MWh,DK1,DK_1,imbalance_price,Short,2026-07-30T07:28:36Z
2026-07-30T07:25:17Z,2026-07-30T09:25:17+0200,e73b670a-bc29-4bfc-b6f4-93c290a4d3ee,2026-07-02T00:00:00Z,2026-07-02T02:00:00+0200,46.83,EUR/MWh,DK1,DK_1,imbalance_price,Long,2026-07-30T07:28:36Z
2026-07-30T07:25:17Z,2026-07-30T09:25:17+0200,e73b670a-bc29-4bfc-b6f4-93c290a4d3ee,2026-07-02T00:00:00Z,2026-07-02T02:00:00+0200,46.83,EUR/MWh,DK1,DK_1,imbalance_price,Short,2026-07-30T07:28:36Z
2026-07-30T07:25:17Z,2026-07-30T09:25:17+0200,e73b670a-bc29-4bfc-b6f4-93c290a4d3ee,2026-07-02T00:15:00Z,2026-07-02T02:15:00+0200,46.83,EUR/MWh,DK1,DK_1,imbalance_price,Long,2026-07-30T07:28:36Z
2026-07-30T07:25:17Z,2026-07-30T09:25:17+0200,e73b670a-bc29-4bfc-b6f4-93c290a4d3ee,2026-07-02T00:15:00Z,2026-07-02T02:15:00+0200,46.83,EUR/MWh,DK1,DK_1,imbalance_price,Short,2026-07-30T07:28:36Z
2026-07-30T07:25:17Z,2026-07-30T09:25:17+0200,e73b670a-bc29-4bfc-b6f4-93c290a4d3ee,2026-07-02T00:30:00Z,2026-07-02T02:30:00+0200,46.83,EUR/MWh,DK1,DK_1,imbalance_price,Long,2026-07-30T07:28:36Z
2026-07-30T07:25:17Z,2026-07-30T09:25:17+0200,e73b670a-bc29-4bfc-b6f4-93c290a4d3ee,2026-07-02T00:30:00Z,2026-07-02T02:30:00+0200,46.83,EUR/MWh,DK1,DK_1,imbalance_price,Short,2026-07-30T07:28:36Z
2026-07-30T07:25:17Z,2026-07-30T09:25:17+0200,e73b670a-bc29-4bfc-b6f4-93c290a4d3ee,2026-07-02T00:45:00Z,2026-07-02T02:45:00+0200,46.83,EUR/MWh,DK1,DK_1,imbalance_price,Long,2026-07-30T07:28:36Z
2026-07-30T07:25:17Z,2026-07-30T09:25:17+0200,e73b670a-bc29-4bfc-b6f4-93c290a4d3ee,2026-07-02T00:45:00Z,2026-07-02T02:45:00+0200,46.83,EUR/MWh,DK1,DK_1,imbalance_price,Short,2026-07-30T07:28:36Z
2026-07-30T07:25:17Z,2026-07-30T09:25:17+0200,e73b670a-bc29-4bfc-b6f4-93c290a4d3ee,2026-07-02T01:00:00Z,2026-07-02T03:00:00+0200,46.83,EUR/MWh,DK1,DK_1,imbalance_price,Long,2026-07-30T07:28:36Z
2026-07-30T07:25:17Z,2026-07-30T09:25:17+0200,e73b670a-bc29-4bfc-b6f4-93c290a4d3ee,2026-07-02T01:00:00Z,2026-07-02T03:00:00+0200,46.83,EUR/MWh,DK1,DK_1,imbalance_price,Short,2026-07-30T07:28:36Z
2026-07-30T07:25:17Z,2026-07-30T09:25:17+0200,e73b670a-bc29-4bfc-b6f4-93c290a4d3ee,2026-07-02T01:15:00Z,2026-07-02T03:15:00+0200,46.83,EUR/MWh,DK1,DK_1,imbalance_price,Long,2026-07-30T07:28:36Z
2026-07-30T07:25:17Z,2026-07-30T09:25:17+0200,e73b670a-bc29-4bfc-b6f4-93c290a4d3ee,2026-07-02T01:15:00Z,2026-07-02T03:15:00+0200,46.83,EUR/MWh,DK1,DK_1,imbalance_price,Short,2026-07-30T07:28:36Z
2026-07-30T07:25:17Z,2026-07-30T09:25:17+0200,e73b670a-bc29-4bfc-b6f4-93c290a4d3ee,2026-07-02T01:30:00Z,2026-07-02T03:30:00+0200,46.83,EUR/MWh,DK1,DK_1,imbalance_price,Long,2026-07-30T07:28:36Z
2026-07-30T07:25:17Z,2026-07-30T09:25:17+0200,e73b670a-bc29-4bfc-b6f4-93c290a4d3ee,2026-07-02T01:30:00Z,2026-07-02T03:30:00+0200,46.83,EUR/MWh,DK1,DK_1,imbalance_price,Short,2026-07-30T07:28:36Z
2026-07-30T07:25:17Z,2026-07-30T09:25:17+0200,e73b670a-bc29-4bfc-b6f4-93c290a4d3ee,2026-07-02T01:45:00Z,2026-07-02T03:45:00+0200,46.83,EUR/MWh,DK1,DK_1,imbalance_price,Long,2026-07-30T07:28:36Z
2026-07-30T07:25:17Z,2026-07-30T09:25:17+0200,e73b670a-bc29-4bfc-b6f4-93c290a4d3ee,2026-07-02T01:45:00Z,2026-07-02T03:45:00+0200,46.83,EUR/MWh,DK1,DK_1,imbalance_price,Short,2026-07-30T07:28:36Z
2026-07-30T07:25:17Z,2026-07-30T09:25:17+0200,e73b670a-bc29-4bfc-b6f4-93c290a4d3ee,2026-07-02T02:00:00Z,2026-07-02T04:00:00+0200,46.83,EUR/MWh,DK1,DK_1,imbalance_price,Long,2026-07-30T07:28:36Z
2026-07-30T07:25:17Z,2026-07-30T09:25:17+0200,e73b670a-bc29-4bfc-b6f4-93c290a4d3ee,2026-07-02T02:00:00Z,2026-07-02T04:00:00+0200,46.83,EUR/MWh,DK1,DK_1,imbalance_price,Short,2026-07-30T07:28:36Z
2026-07-30T07:25:17Z,2026-07-30T09:25:17+0200,e73b670a-bc29-4bfc-b6f4-93c290a4d3ee,2026-07-02T02:15:00Z,2026-07-02T04:15:00+0200,2.66,EUR/MWh,DK1,DK_1,imbalance_price,Long,2026-07-30T07:28:36Z
2026-07-30T07:25:17Z,2026-07-30T09:25:17+0200,e73b670a-bc29-4bfc-b6f4-93c290a4d3ee,2026-07-02T02:15:00Z,2026-07-02T04:15:00+0200,2.66,EUR/MWh,DK1,DK_1,imbalance_price,Short,2026-07-30T07:28:36Z
2026-07-30T07:25:17Z,2026-07-30T09:25:17+0200,e73b670a-bc29-4bfc-b6f4-93c290a4d3ee,2026-07-02T02:30:00Z,2026-07-02T04:30:00+0200,-4.28,EUR/MWh,DK1,DK_1,imbalance_price,Long,2026-07-30T07:28:36Z
2026-07-30T07:25:17Z,2026-07-30T09:25:17+0200,e73b670a-bc29-4bfc-b6f4-93c290a4d3ee,2026-07-02T02:30:00Z,2026-07-02T04:30:00+0200,-4.28,EUR/MWh,DK1,DK_1,imbalance_price,Short,2026-07-30T07:28:36Z
2026-07-30T07:25:17Z,2026-07-30T09:25:17+0200,e73b670a-bc29-4bfc-b6f4-93c290a4d3ee,2026-07-02T02:45:00Z,2026-07-02T04:45:00+0200,10.92,EUR/MWh,DK1,DK_1,imbalance_price,Long,2026-07-30T07:28:36Z
2026-07-30T07:25:17Z,2026-07-30T09:25:17+0200,e73b670a-bc29-4bfc-b6f4-93c290a4d3ee,2026-07-02T02:45:00Z,2026-07-02T04:45:00+0200,10.92,EUR/MWh,DK1,DK_1,imbalance_price,Short,2026-07-30T07:28:36Z
2026-07-30T07:25:17Z,2026-07-30T09:25:17+0200,e73b670a-bc29-4bfc-b6f4-93c290a4d3ee,2026-07-02T03:00:00Z,2026-07-02T05:00:00+0200,13.67,EUR/MWh,DK1,DK_1,imbalance_price,Long,2026-07-30T07:28:36Z
2026-07-30T07:25:17Z,2026-07-30T09:25:17+0200,e73b670a-bc29-4bfc-b6f4-93c290a4d3ee,2026-07-02T03:00:00Z,2026-07-02T05:00:00+0200,13.67,EUR/MWh,DK1,DK_1,imbalance_price,Short,2026-07-30T07:28:36Z
2026-07-30T07:25:17Z,2026-07-30T09:25:17+0200,e73b670a-bc29-4bfc-b6f4-93c290a4d3ee,2026-07-02T03:15:00Z,2026-07-02T05:15:00+0200,46.83,EUR/MWh,DK1,DK_1,imbalance_price,Long,2026-07-30T07:28:36Z
2026-07-30T07:25:17Z,2026-07-30T09:25:17+0200,e73b670a-bc29-4bfc-b6f4-93c290a4d3ee,2026-07-02T03:15:00Z,2026-07-02T05:15:00+0200,46.83,EUR/MWh,DK1,DK_1,imbalance_price,Short,2026-07-30T07:28:36Z
2026-07-30T07:25:17Z,2026-07-30T09:25:17+0200,e73b670a-bc29-4bfc-b6f4-93c290a4d3ee,2026-07-02T03:30:00Z,2026-07-02T05:30:00+0200,43.23,EUR/MWh,DK1,DK_1,imbalance_price,Long,2026-07-30T07:28:36Z
2026-07-30T07:25:17Z,2026-07-30T09:25:17+0200,e73b670a-bc29-4bfc-b6f4-93c290a4d3ee,2026-07-02T03:30:00Z,2026-07-02T05:30:00+0200,43.23,EUR/MWh,DK1,DK_1,imbalance_price,Short,2026-07-30T07:28:36Z
2026-07-30T07:25:17Z,2026-07-30T09:25:17+0200,e73b670a-bc29-4bfc-b6f4-93c290a4d3ee,2026-07-02T03:45:00Z,2026-07-02T05:45:00+0200,20.17,EUR/MWh,DK1,DK_1,imbalance_price,Long,2026-07-30T07:28:36Z
2026-07-30T07:25:17Z,2026-07-30T09:25:17+0200,e73b670a-bc29-4bfc-b6f4-93c290a4d3ee,2026-07-02T03:45:00Z,2026-07-02T05:45:00+0200,20.17,EUR/MWh,DK1,DK_1,imbalance_price,Short,2026-07-30T07:28:36Z
2026-07-30T07:25:17Z,2026-07-30T09:25:17+0200,e73b670a-bc29-4bfc-b6f4-93c290a4d3ee,2026-07-02T04:00:00Z,2026-07-02T06:00:00+0200,43.89,EUR/MWh,DK1,DK_1,imbalance_price,Long,2026-07-30T07:28:36Z
2026-07-30T07:25:17Z,2026-07-30T09:25:17+0200,e73b670a-bc29-4bfc-b6f4-93c290a4d3ee,2026-07-02T04:00:00Z,2026-07-02T06:00:00+0200,43.89,EUR/MWh,DK1,DK_1,imbalance_price,Short,2026-07-30T07:28:36Z
2026-07-30T07:25:17Z,2026-07-30T09:25:17+0200,e73b670a-bc29-4bfc-b6f4-93c290a4d3ee,2026-07-02T04:15:00Z,2026-07-02T06:15:00+0200,187.3,EUR/MWh,DK1,DK_1,imbalance_price,Long,2026-07-30T07:28:36Z
2026-07-30T07:25:17Z,2026-07-30T09:25:17+0200,e73b670a-bc29-4bfc-b6f4-93c290a4d3ee,2026-07-02T04:15:00Z,2026-07-02T06:15:00+0200,187.3,EUR/MWh,DK1,DK_1,imbalance_price,Short,2026-07-30T07:28:36Z
2026-07-30T07:25:17Z,2026-07-30T09:25:17+0200,e73b670a-bc29-4bfc-b6f4-93c290a4d3ee,2026-07-02T04:30:00Z,2026-07-02T06:30:00+0200,115.25,EUR/MWh,DK1,DK_1,imbalance_price,Long,2026-07-30T07:28:36Z
2026-07-30T07:25:17Z,2026-07-30T09:25:17+0200,e73b670a-bc29-4bfc-b6f4-93c290a4d3ee,2026-07-02T04:30:00Z,2026-07-02T06:30:00+0200,115.25,EUR/MWh,DK1,DK_1,imbalance_price,Short,2026-07-30T07:28:36Z
2026-07-30T07:25:17Z,2026-07-30T09:25:17+0200,e73b670a-bc29-4bfc-b6f4-93c290a4d3ee,2026-07-02T04:45:00Z,2026-07-02T06:45:00+0200,109.17,EUR/MWh,DK1,DK_1,imbalance_price,Long,2026-07-30T07:28:36Z
2026-07-30T07:25:17Z,2026-07-30T09:25:17+0200,e73b670a-bc29-4bfc-b6f4-93c290a4d3ee,2026-07-02T04:45:00Z,2026-07-02T06:45:00+0200,109.17,EUR/MWh,DK1,DK_1,imbalance_price,Short,2026-07-30T07:28:36Z
2026-07-30T07:25:17Z,2026-07-30T09:25:17+0200,e73b670a-bc29-4bfc-b6f4-93c290a4d3ee,2026-07-02T05:00:00Z,2026-07-02T07:00:00+0200,197.96,EUR/MWh,DK1,DK_1,imbalance_price,Long,2026-07-30T07:28:36Z
2026-07-30T07:25:17Z,2026-07-30T09:25:17+0200,e73b670a-bc29-4bfc-b6f4-93c290a4d3ee,2026-07-02T05:00:00Z,2026-07-02T07:00:00+0200,197.96,EUR/MWh,DK1,DK_1,imbalance_price,Short,2026-07-30T07:28:36Z
2026-07-30T07:25:17Z,2026-07-30T09:25:17+0200,e73b670a-bc29-4bfc-b6f4-93c290a4d3ee,2026-07-02T05:15:00Z,2026-07-02T07:15:00+0200,116.8,EUR/MWh,DK1,DK_1,imbalance_price,Long,2026-07-30T07:28:36Z
2026-07-30T07:25:17Z,2026-07-30T09:25:17+0200,e73b670a-bc29-4bfc-b6f4-93c290a4d3ee,2026-07-02T05:15:00Z,2026-07-02T07:15:00+0200,116.8,EUR/MWh,DK1,DK_1,imbalance_price,Short,2026-07-30T07:28:36Z
2026-07-30T07:25:17Z,2026-07-30T09:25:17+0200,e73b670a-bc29-4bfc-b6f4-93c290a4d3ee,2026-07-02T05:30:00Z,2026-07-02T07:30:00+0200,111.5,EUR/MWh,DK1,DK_1,imbalance_price,Long,2026-07-30T07:28:36Z
2026-07-30T07:25:17Z,2026-07-30T09:25:17+0200,e73b670a-bc29-4bfc-b6f4-93c290a4d3ee,2026-07-02T05:30:00Z,2026-07-02T07:30:00+0200,111.5,EUR/MWh,DK1,DK_1,imbalance_price,Short,2026-07-30T07:28:36Z
2026-07-30T07:25:17Z,2026-07-30T09:25:17+0200,e73b670a-bc29-4bfc-b6f4-93c290a4d3ee,2026-07-02T05:45:00Z,2026-07-02T07:45:00+0200,7.88,EUR/MWh,DK1,DK_1,imbalance_price,Long,2026-07-30T07:28:36Z
2026-07-30T07:25:17Z,2026-07-30T09:25:17+0200,e73b670a-bc29-4bfc-b6f4-93c290a4d3ee,2026-07-02T05:45:00Z,2026-07-02T07:45:00+0200,7.88,EUR/MWh,DK1,DK_1,imbalance_price,Short,2026-07-30T07:28:36Z
2026-07-30T07:25:17Z,2026-07-30T09:25:17+0200,e73b670a-bc29-4bfc-b6f4-93c290a4d3ee,2026-07-02T06:00:00Z,2026-07-02T08:00:00+0200,9.91,EUR/MWh,DK1,DK_1,imbalance_price,Long,2026-07-30T07:28:36Z
2026-07-30T07:25:17Z,2026-07-30T09:25:17+0200,e73b670a-bc29-4bfc-b6f4-93c290a4d3ee,2026-07-02T06:00:00Z,2026-07-02T08:00:00+0200,9.91,EUR/MWh,DK1,DK_1,imbalance_price,Short,2026-07-30T07:28:36Z
2026-07-30T07:25:17Z,2026-07-30T09:25:17+0200,e73b670a-bc29-4bfc-b6f4-93c290a4d3ee,2026-07-02T06:15:00Z,2026-07-02T08:15:00+0200,6.08,EUR/MWh,DK1,DK_1,imbalance_price,Long,2026-07-30T07:28:36Z
2026-07-30T07:25:17Z,2026-07-30T09:25:17+0200,e73b670a-bc29-4bfc-b6f4-93c290a4d3ee,2026-07-02T06:15:00Z,2026-07-02T08:15:00+0200,6.08,EUR/MWh,DK1,DK_1,imbalance_price,Short,2026-07-30T07:28:36Z
2026-07-30T07:25:17Z,2026-07-30T09:25:17+0200,e73b670a-bc29-4bfc-b6f4-93c290a4d3ee,2026-07-02T06:30:00Z,2026-07-02T08:30:00+0200,13.69,EUR/MWh,DK1,DK_1,imbalance_price,Long,2026-07-30T07:28:36Z
2026-07-30T07:25:17Z,2026-07-30T09:25:17+0200,e73b670a-bc29-4bfc-b6f4-93c290a4d3ee,2026-07-02T06:30:00Z,2026-07-02T08:30:00+0200,13.69,EUR/MWh,DK1,DK_1,imbalance_price,Short,2026-07-30T07:28:36Z
2026-07-30T07:25:17Z,2026-07-30T09:25:17+0200,e73b670a-bc29-4bfc-b6f4-93c290a4d3ee,2026-07-02T06:45:00Z,2026-07-02T08:45:00+0200,4.76,EUR/MWh,DK1,DK_1,imbalance_price,Long,2026-07-30T07:28:36Z
2026-07-30T07:25:17Z,2026-07-30T09:25:17+0200,e73b670a-bc29-4bfc-b6f4-93c290a4d3ee,2026-07-02T06:45:00Z,2026-07-02T08:45:00+0200,4.76,EUR/MWh,DK1,DK_1,imbalance_price,Short,2026-07-30T07:28:36Z
2026-07-30T07:25:17Z,2026-07-30T09:25:17+0200,e73b670a-bc29-4bfc-b6f4-93c290a4d3ee,2026-07-02T07:00:00Z,2026-07-02T09:00:00+0200,-19.29,EUR/MWh,DK1,DK_1,imbalance_price,Long,2026-07-30T07:28:36Z
2026-07-30T07:25:17Z,2026-07-30T09:25:17+0200,e73b670a-bc29-4bfc-b6f4-93c290a4d3ee,2026-07-02T07:00:00Z,2026-07-02T09:00:00+0200,-19.29,EUR/MWh,DK1,DK_1,imbalance_price,Short,2026-07-30T07:28:36Z
2026-07-30T07:25:17Z,2026-07-30T09:25:17+0200,e73b670a-bc29-4bfc-b6f4-93c290a4d3ee,2026-07-02T07:15:00Z,2026-07-02T09:15:00+0200,-15.86,EUR/MWh,DK1,DK_1,imbalance_price,Long,2026-07-30T07:28:36Z
2026-07-30T07:25:17Z,2026-07-30T09:25:17+0200,e73b670a-bc29-4bfc-b6f4-93c290a4d3ee,2026-07-02T07:15:00Z,2026-07-02T09:15:00+0200,-15.86,EUR/MWh,DK1,DK_1,imbalance_price,Short,2026-07-30T07:28:36Z
2026-07-30T07:25:17Z,2026-07-30T09:25:17+0200,e73b670a-bc29-4bfc-b6f4-93c290a4d3ee,2026-07-02T07:30:00Z,2026-07-02T09:30:00+0200,-85.46,EUR/MWh,DK1,DK_1,imbalance_price,Long,2026-07-30T07:28:36Z
2026-07-30T07:25:17Z,2026-07-30T09:25:17+0200,e73b670a-bc29-4bfc-b6f4-93c290a4d3ee,2026-07-02T07:30:00Z,2026-07-02T09:30:00+0200,-85.46,EUR/MWh,DK1,DK_1,imbalance_price,Short,2026-07-30T07:28:36Z
2026-07-30T07:25:17Z,2026-07-30T09:25:17+0200,e73b670a-bc29-4bfc-b6f4-93c290a4d3ee,2026-07-02T07:45:00Z,2026-07-02T09:45:00+0200,-39.87,EUR/MWh,DK1,DK_1,imbalance_price,Long,2026-07-30T07:28:36Z
2026-07-30T07:25:17Z,2026-07-30T09:25:17+0200,e73b670a-bc29-4bfc-b6f4-93c290a4d3ee,2026-07-02T07:45:00Z,2026-07-02T09:45:00+0200,-39.87,EUR/MWh,DK1,DK_1,imbalance_price,Short,2026-07-30T07:28:36Z
2026-07-30T07:25:17Z,2026-07-30T09:25:17+0200,e73b670a-bc29-4bfc-b6f4-93c290a4d3ee,2026-07-02T08:00:00Z,2026-07-02T10:00:00+0200,-18.59,EUR/MWh,DK1,DK_1,imbalance_price,Long,2026-07-30T07:28:36Z
2026-07-30T07:25:17Z,2026-07-30T09:25:17+0200,e73b670a-bc29-4bfc-b6f4-93c290a4d3ee,2026-07-02T08:00:00Z,2026-07-02T10:00:00+0200,-18.59,EUR/MWh,DK1,DK_1,imbalance_price,Short,2026-07-30T07:28:36Z
2026-07-30T07:25:17Z,2026-07-30T09:25:17+0200,e73b670a-bc29-4bfc-b6f4-93c290a4d3ee,2026-07-02T08:15:00Z,2026-07-02T10:15:00+0200,-4.82,EUR/MWh,DK1,DK_1,imbalance_price,Long,2026-07-30T07:28:36Z
2026-07-30T07:25:17Z,2026-07-30T09:25:17+0200,e73b670a-bc29-4bfc-b6f4-93c290a4d3ee,2026-07-02T08:15:00Z,2026-07-02T10:15:00+0200,-4.82,EUR/MWh,DK1,DK_1,imbalance_price,Short,2026-07-30T07:28:36Z
2026-07-30T07:25:17Z,2026-07-30T09:25:17+0200,e73b670a-bc29-4bfc-b6f4-93c290a4d3ee,2026-07-02T08:30:00Z,2026-07-02T10:30:00+0200,217.35,EUR/MWh,DK1,DK_1,imbalance_price,Long,2026-07-30T07:28:36Z
2026-07-30T07:25:17Z,2026-07-30T09:25:17+0200,e73b670a-bc29-4bfc-b6f4-93c290a4d3ee,2026-07-02T08:30:00Z,2026-07-02T10:30:00+0200,217.35,EUR/MWh,DK1,DK_1,imbalance_price,Short,2026-07-30T07:28:36Z
2026-07-30T07:25:17Z,2026-07-30T09:25:17+0200,e73b670a-bc29-4bfc-b6f4-93c290a4d3ee,2026-07-02T08:45:00Z,2026-07-02T10:45:00+0200,32.44,EUR/MWh,DK1,DK_1,imbalance_price,Long,2026-07-30T07:28:36Z
2026-07-30T07:25:17Z,2026-07-30T09:25:17+0200,e73b670a-bc29-4bfc-b6f4-93c290a4d3ee,2026-07-02T08:45:00Z,2026-07-02T10:45:00+0200,32.44,EUR/MWh,DK1,DK_1,imbalance_price,Short,2026-07-30T07:28:36Z
2026-07-30T07:25:17Z,2026-07-30T09:25:17+0200,e73b670a-bc29-4bfc-b6f4-93c290a4d3ee,2026-07-02T09:00:00Z,2026-07-02T11:00:00+0200,105.46,EUR/MWh,DK1,DK_1,imbalance_price,Long,2026-07-30T07:28:36Z
2026-07-30T07:25:17Z,2026-07-30T09:25:17+0200,e73b670a-bc29-4bfc-b6f4-93c290a4d3ee,2026-07-02T09:00:00Z,2026-07-02T11:00:00+0200,105.46,EUR/MWh,DK1,DK_1,imbalance_price,Short,2026-07-30T07:28:36Z
2026-07-30T07:25:17Z,2026-07-30T09:25:17+0200,e73b670a-bc29-4bfc-b6f4-93c290a4d3ee,2026-07-02T09:15:00Z,2026-07-02T11:15:00+0200,35.0,EUR/MWh,DK1,DK_1,imbalance_price,Long,2026-07-30T07:28:36Z
2026-07-30T07:25:17Z,2026-07-30T09:25:17+0200,e73b670a-bc29-4bfc-b6f4-93c290a4d3ee,2026-07-02T09:15:00Z,2026-07-02T11:15:00+0200,35.0,EUR/MWh,DK1,DK_1,imbalance_price,Short,2026-07-30T07:28:36Z
2026-07-30T07:25:17Z,2026-07-30T09:25:17+0200,e73b670a-bc29-4bfc-b6f4-93c290a4d3ee,2026-07-02T09:30:00Z,2026-07-02T11:30:00+0200,28.81,EUR/MWh,DK1,DK_1,imbalance_price,Long,2026-07-30T07:28:36Z
2026-07-30T07:25:17Z,2026-07-30T09:25:17+0200,e73b670a-bc29-4bfc-b6f4-93c290a4d3ee,2026-07-02T09:30:00Z,2026-07-02T11:30:00+0200,28.81,EUR/MWh,DK1,DK_1,imbalance_price,Short,2026-07-30T07:28:36Z
2026-07-30T07:25:17Z,2026-07-30T09:25:17+0200,e73b670a-bc29-4bfc-b6f4-93c290a4d3ee,2026-07-02T09:45:00Z,2026-07-02T11:45:00+0200,21.0,EUR/MWh,DK1,DK_1,imbalance_price,Long,2026-07-30T07:28:36Z
2026-07-30T07:25:17Z,2026-07-30T09:25:17+0200,e73b670a-bc29-4bfc-b6f4-93c290a4d3ee,2026-07-02T09:45:00Z,2026-07-02T11:45:00+0200,21.0,EUR/MWh,DK1,DK_1,imbalance_price,Short,2026-07-30T07:28:36Z
2026-07-30T07:25:17Z,2026-07-30T09:25:17+0200,e73b670a-bc29-4bfc-b6f4-93c290a4d3ee,2026-07-02T10:00:00Z,2026-07-02T12:00:00+0200,-6.65,EUR/MWh,DK1,DK_1,imbalance_price,Long,2026-07-30T07:28:36Z
2026-07-30T07:25:17Z,2026-07-30T09:25:17+0200,e73b670a-bc29-4bfc-b6f4-93c290a4d3ee,2026-07-02T10:00:00Z,2026-07-02T12:00:00+0200,-6.65,EUR/MWh,DK1,DK_1,imbalance_price,Short,2026-07-30T07:28:36Z
2026-07-30T07:25:17Z,2026-07-30T09:25:17+0200,e73b670a-bc29-4bfc-b6f4-93c290a4d3ee,2026-07-02T10:15:00Z,2026-07-02T12:15:00+0200,-24.32,EUR/MWh,DK1,DK_1,imbalance_price,Long,2026-07-30T07:28:36Z
2026-07-30T07:25:17Z,2026-07-30T09:25:17+0200,e73b670a-bc29-4bfc-b6f4-93c290a4d3ee,2026-07-02T10:15:00Z,2026-07-02T12:15:00+0200,-24.32,EUR/MWh,DK1,DK_1,imbalance_price,Short,2026-07-30T07:28:36Z
2026-07-30T07:25:17Z,2026-07-30T09:25:17+0200,e73b670a-bc29-4bfc-b6f4-93c290a4d3ee,2026-07-02T10:30:00Z,2026-07-02T12:30:00+0200,20.0,EUR/MWh,DK1,DK_1,imbalance_price,Long,2026-07-30T07:28:36Z
2026-07-30T07:25:17Z,2026-07-30T09:25:17+0200,e73b670a-bc29-4bfc-b6f4-93c290a4d3ee,2026-07-02T10:30:00Z,2026-07-02T12:30:00+0200,20.0,EUR/MWh,DK1,DK_1,imbalance_price,Short,2026-07-30T07:28:36Z
2026-07-30T07:25:17Z,2026-07-30T09:25:17+0200,e73b670a-bc29-4bfc-b6f4-93c290a4d3ee,2026-07-02T10:45:00Z,2026-07-02T12:45:00+0200,-17.36,EUR/MWh,DK1,DK_1,imbalance_price,Long,2026-07-30T07:28:36Z
2026-07-30T07:25:17Z,2026-07-30T09:25:17+0200,e73b670a-bc29-4bfc-b6f4-93c290a4d3ee,2026-07-02T10:45:00Z,2026-07-02T12:45:00+0200,-17.36,EUR/MWh,DK1,DK_1,imbalance_price,Short,2026-07-30T07:28:36Z
2026-07-30T07:25:17Z,2026-07-30T09:25:17+0200,e73b670a-bc29-4bfc-b6f4-93c290a4d3ee,2026-07-02T11:00:00Z,2026-07-02T13:00:00+0200,19.98,EUR/MWh,DK1,DK_1,imbalance_price,Long,2026-07-30T07:28:36Z
2026-07-30T07:25:17Z,2026-07-30T09:25:17+0200,e73b670a-bc29-4bfc-b6f4-93c290a4d3ee,2026-07-02T11:00:00Z,2026-07-02T13:00:00+0200,19.98,EUR/MWh,DK1,DK_1,imbalance_price,Short,2026-07-30T07:28:36Z
2026-07-30T07:25:17Z,2026-07-30T09:25:17+0200,e73b670a-bc29-4bfc-b6f4-93c290a4d3ee,2026-07-02T11:15:00Z,2026-07-02T13:15:00+0200,-17.75,EUR/MWh,DK1,DK_1,imbalance_price,Long,2026-07-30T07:28:36Z
2026-07-30T07:25:17Z,2026-07-30T09:25:17+0200,e73b670a-bc29-4bfc-b6f4-93c290a4d3ee,2026-07-02T11:15:00Z,2026-07-02T13:15:00+0200,-17.75,EUR/MWh,DK1,DK_1,imbalance_price,Short,2026-07-30T07:28:36Z
2026-07-30T07:25:17Z,2026-07-30T09:25:17+0200,e73b670a-bc29-4bfc-b6f4-93c290a4d3ee,2026-07-02T11:30:00Z,2026-07-02T13:30:00+0200,-15.47,EUR/MWh,DK1,DK_1,imbalance_price,Long,2026-07-30T07:28:36Z
2026-07-30T07:25:17Z,2026-07-30T09:25:17+0200,e73b670a-bc29-4bfc-b6f4-93c290a4d3ee,2026-07-02T11:30:00Z,2026-07-02T13:30:00+0200,-15.47,EUR/MWh,DK1,DK_1,imbalance_price,Short,2026-07-30T07:28:36Z
2026-07-30T07:25:17Z,2026-07-30T09:25:17+0200,e73b670a-bc29-4bfc-b6f4-93c290a4d3ee,2026-07-02T11:45:00Z,2026-07-02T13:45:00+0200,-10.0,EUR/MWh,DK1,DK_1,imbalance_price,Long,2026-07-30T07:28:36Z
2026-07-30T07:25:17Z,2026-07-30T09:25:17+0200,e73b670a-bc29-4bfc-b6f4-93c290a4d3ee,2026-07-02T11:45:00Z,2026-07-02T13:45:00+0200,-10.0,EUR/MWh,DK1,DK_1,imbalance_price,Short,2026-07-30T07:28:36Z
2026-07-30T07:25:17Z,2026-07-30T09:25:17+0200,e73b670a-bc29-4bfc-b6f4-93c290a4d3ee,2026-07-02T12:00:00Z,2026-07-02T14:00:00+0200,-6.69,EUR/MWh,DK1,DK_1,imbalance_price,Long,2026-07-30T07:28:36Z
2026-07-30T07:25:17Z,2026-07-30T09:25:17+0200,e73b670a-bc29-4bfc-b6f4-93c290a4d3ee,2026-07-02T12:00:00Z,2026-07-02T14:00:00+0200,-6.69,EUR/MWh,DK1,DK_1,imbalance_price,Short,2026-07-30T07:28:36Z
2026-07-30T07:25:17Z,2026-07-30T09:25:17+0200,e73b670a-bc29-4bfc-b6f4-93c290a4d3ee,2026-07-02T12:15:00Z,2026-07-02T14:15:00+0200,-28.38,EUR/MWh,DK1,DK_1,imbalance_price,Long,2026-07-30T07:28:36Z
2026-07-30T07:25:17Z,2026-07-30T09:25:17+0200,e73b670a-bc29-4bfc-b6f4-93c290a4d3ee,2026-07-02T12:15:00Z,2026-07-02T14:15:00+0200,-28.38,EUR/MWh,DK1,DK_1,imbalance_price,Short,2026-07-30T07:28:36Z
2026-07-30T07:25:17Z,2026-07-30T09:25:17+0200,e73b670a-bc29-4bfc-b6f4-93c290a4d3ee,2026-07-02T12:30:00Z,2026-07-02T14:30:00+0200,-18.19,EUR/MWh,DK1,DK_1,imbalance_price,Long,2026-07-30T07:28:36Z
2026-07-30T07:25:17Z,2026-07-30T09:25:17+0200,e73b670a-bc29-4bfc-b6f4-93c290a4d3ee,2026-07-02T12:30:00Z,2026-07-02T14:30:00+0200,-18.19,EUR/MWh,DK1,DK_1,imbalance_price,Short,2026-07-30T07:28:36Z
2026-07-30T07:25:17Z,2026-07-30T09:25:17+0200,e73b670a-bc29-4bfc-b6f4-93c290a4d3ee,2026-07-02T12:45:00Z,2026-07-02T14:45:00+0200,-13.38,EUR/MWh,DK1,DK_1,imbalance_price,Long,2026-07-30T07:28:36Z
2026-07-30T07:25:17Z,2026-07-30T09:25:17+0200,e73b670a-bc29-4bfc-b6f4-93c290a4d3ee,2026-07-02T12:45:00Z,2026-07-02T14:45:00+0200,-13.38,EUR/MWh,DK1,DK_1,imbalance_price,Short,2026-07-30T07:28:36Z
2026-07-30T07:25:17Z,2026-07-30T09:25:17+0200,e73b670a-bc29-4bfc-b6f4-93c290a4d3ee,2026-07-02T13:00:00Z,2026-07-02T15:00:00+0200,-20.07,EUR/MWh,DK1,DK_1,imbalance_price,Long,2026-07-30T07:28:36Z
2026-07-30T07:25:17Z,2026-07-30T09:25:17+0200,e73b670a-bc29-4bfc-b6f4-93c290a4d3ee,2026-07-02T13:00:00Z,2026-07-02T15:00:00+0200,-20.07,EUR/MWh,DK1,DK_1,imbalance_price,Short,2026-07-30T07:28:36Z
2026-07-30T07:25:17Z,2026-07-30T09:25:17+0200,e73b670a-bc29-4bfc-b6f4-93c290a4d3ee,2026-07-02T13:15:00Z,2026-07-02T15:15:00+0200,-12.07,EUR/MWh,DK1,DK_1,imbalance_price,Long,2026-07-30T07:28:36Z
2026-07-30T07:25:17Z,2026-07-30T09:25:17+0200,e73b670a-bc29-4bfc-b6f4-93c290a4d3ee,2026-07-02T13:15:00Z,2026-07-02T15:15:00+0200,-12.07,EUR/MWh,DK1,DK_1,imbalance_price,Short,2026-07-30T07:28:36Z
2026-07-30T07:25:17Z,2026-07-30T09:25:17+0200,e73b670a-bc29-4bfc-b6f4-93c290a4d3ee,2026-07-02T13:30:00Z,2026-07-02T15:30:00+0200,-10.0,EUR/MWh,DK1,DK_1,imbalance_price,Long,2026-07-30T07:28:36Z
2026-07-30T07:25:17Z,2026-07-30T09:25:17+0200,e73b670a-bc29-4bfc-b6f4-93c290a4d3ee,2026-07-02T13:30:00Z,2026-07-02T15:30:00+0200,-10.0,EUR/MWh,DK1,DK_1,imbalance_price,Short,2026-07-30T07:28:36Z
2026-07-30T07:25:17Z,2026-07-30T09:25:17+0200,e73b670a-bc29-4bfc-b6f4-93c290a4d3ee,2026-07-02T13:45:00Z,2026-07-02T15:45:00+0200,-10.0,EUR/MWh,DK1,DK_1,imbalance_price,Long,2026-07-30T07:28:36Z
2026-07-30T07:25:17Z,2026-07-30T09:25:17+0200,e73b670a-bc29-4bfc-b6f4-93c290a4d3ee,2026-07-02T13:45:00Z,2026-07-02T15:45:00+0200,-10.0,EUR/MWh,DK1,DK_1,imbalance_price,Short,2026-07-30T07:28:36Z
2026-07-30T07:25:17Z,2026-07-30T09:25:17+0200,e73b670a-bc29-4bfc-b6f4-93c290a4d3ee,2026-07-02T14:00:00Z,2026-07-02T16:00:00+0200,-10.0,EUR/MWh,DK1,DK_1,imbalance_price,Long,2026-07-30T07:28:36Z
2026-07-30T07:25:17Z,2026-07-30T09:25:17+0200,e73b670a-bc29-4bfc-b6f4-93c290a4d3ee,2026-07-02T14:00:00Z,2026-07-02T16:00:00+0200,-10.0,EUR/MWh,DK1,DK_1,imbalance_price,Short,2026-07-30T07:28:36Z
2026-07-30T07:25:17Z,2026-07-30T09:25:17+0200,e73b670a-bc29-4bfc-b6f4-93c290a4d3ee,2026-07-02T14:15:00Z,2026-07-02T16:15:00+0200,-10.0,EUR/MWh,DK1,DK_1,imbalance_price,Long,2026-07-30T07:28:36Z
2026-07-30T07:25:17Z,2026-07-30T09:25:17+0200,e73b670a-bc29-4bfc-b6f4-93c290a4d3ee,2026-07-02T14:15:00Z,2026-07-02T16:15:00+0200,-10.0,EUR/MWh,DK1,DK_1,imbalance_price,Short,2026-07-30T07:28:36Z
2026-07-30T07:25:17Z,2026-07-30T09:25:17+0200,e73b670a-bc29-4bfc-b6f4-93c290a4d3ee,2026-07-02T14:30:00Z,2026-07-02T16:30:00+0200,-24.73,EUR/MWh,DK1,DK_1,imbalance_price,Long,2026-07-30T07:28:36Z
2026-07-30T07:25:17Z,2026-07-30T09:25:17+0200,e73b670a-bc29-4bfc-b6f4-93c290a4d3ee,2026-07-02T14:30:00Z,2026-07-02T16:30:00+0200,-24.73,EUR/MWh,DK1,DK_1,imbalance_price,Short,2026-07-30T07:28:36Z
2026-07-30T07:25:17Z,2026-07-30T09:25:17+0200,e73b670a-bc29-4bfc-b6f4-93c290a4d3ee,2026-07-02T14:45:00Z,2026-07-02T16:45:00+0200,-10.0,EUR/MWh,DK1,DK_1,imbalance_price,Long,2026-07-30T07:28:36Z
2026-07-30T07:25:17Z,2026-07-30T09:25:17+0200,e73b670a-bc29-4bfc-b6f4-93c290a4d3ee,2026-07-02T14:45:00Z,2026-07-02T16:45:00+0200,-10.0,EUR/MWh,DK1,DK_1,imbalance_price,Short,2026-07-30T07:28:36Z
2026-07-30T07:25:17Z,2026-07-30T09:25:17+0200,e73b670a-bc29-4bfc-b6f4-93c290a4d3ee,2026-07-02T15:00:00Z,2026-07-02T17:00:00+0200,-13.38,EUR/MWh,DK1,DK_1,imbalance_price,Long,2026-07-30T07:28:36Z
2026-07-30T07:25:17Z,2026-07-30T09:25:17+0200,e73b670a-bc29-4bfc-b6f4-93c290a4d3ee,2026-07-02T15:00:00Z,2026-07-02T17:00:00+0200,-13.38,EUR/MWh,DK1,DK_1,imbalance_price,Short,2026-07-30T07:28:36Z
2026-07-30T07:25:17Z,2026-07-30T09:25:17+0200,e73b670a-bc29-4bfc-b6f4-93c290a4d3ee,2026-07-02T15:15:00Z,2026-07-02T17:15:00+0200,-10.0,EUR/MWh,DK1,DK_1,imbalance_price,Long,2026-07-30T07:28:36Z
2026-07-30T07:25:17Z,2026-07-30T09:25:17+0200,e73b670a-bc29-4bfc-b6f4-93c290a4d3ee,2026-07-02T15:15:00Z,2026-07-02T17:15:00+0200,-10.0,EUR/MWh,DK1,DK_1,imbalance_price,Short,2026-07-30T07:28:36Z
2026-07-30T07:25:17Z,2026-07-30T09:25:17+0200,e73b670a-bc29-4bfc-b6f4-93c290a4d3ee,2026-07-02T15:30:00Z,2026-07-02T17:30:00+0200,-10.0,EUR/MWh,DK1,DK_1,imbalance_price,Long,2026-07-30T07:28:36Z
2026-07-30T07:25:17Z,2026-07-30T09:25:17+0200,e73b670a-bc29-4bfc-b6f4-93c290a4d3ee,2026-07-02T15:30:00Z,2026-07-02T17:30:00+0200,-10.0,EUR/MWh,DK1,DK_1,imbalance_price,Short,2026-07-30T07:28:36Z
2026-07-30T07:25:17Z,2026-07-30T09:25:17+0200,e73b670a-bc29-4bfc-b6f4-93c290a4d3ee,2026-07-02T15:45:00Z,2026-07-02T17:45:00+0200,82.29,EUR/MWh,DK1,DK_1,imbalance_price,Long,2026-07-30T07:28:36Z
2026-07-30T07:25:17Z,2026-07-30T09:25:17+0200,e73b670a-bc29-4bfc-b6f4-93c290a4d3ee,2026-07-02T15:45:00Z,2026-07-02T17:45:00+0200,82.29,EUR/MWh,DK1,DK_1,imbalance_price,Short,2026-07-30T07:28:36Z
2026-07-30T07:25:17Z,2026-07-30T09:25:17+0200,e73b670a-bc29-4bfc-b6f4-93c290a4d3ee,2026-07-02T16:00:00Z,2026-07-02T18:00:00+0200,233.94,EUR/MWh,DK1,DK_1,imbalance_price,Long,2026-07-30T07:28:36Z
2026-07-30T07:25:17Z,2026-07-30T09:25:17+0200,e73b670a-bc29-4bfc-b6f4-93c290a4d3ee,2026-07-02T16:00:00Z,2026-07-02T18:00:00+0200,233.94,EUR/MWh,DK1,DK_1,imbalance_price,Short,2026-07-30T07:28:36Z
2026-07-30T07:25:17Z,2026-07-30T09:25:17+0200,e73b670a-bc29-4bfc-b6f4-93c290a4d3ee,2026-07-02T16:15:00Z,2026-07-02T18:15:00+0200,251.77,EUR/MWh,DK1,DK_1,imbalance_price,Long,2026-07-30T07:28:36Z
2026-07-30T07:25:17Z,2026-07-30T09:25:17+0200,e73b670a-bc29-4bfc-b6f4-93c290a4d3ee,2026-07-02T16:15:00Z,2026-07-02T18:15:00+0200,251.77,EUR/MWh,DK1,DK_1,imbalance_price,Short,2026-07-30T07:28:36Z
2026-07-30T07:25:17Z,2026-07-30T09:25:17+0200,e73b670a-bc29-4bfc-b6f4-93c290a4d3ee,2026-07-02T16:30:00Z,2026-07-02T18:30:00+0200,0.23,EUR/MWh,DK1,DK_1,imbalance_price,Long,2026-07-30T07:28:36Z
2026-07-30T07:25:17Z,2026-07-30T09:25:17+0200,e73b670a-bc29-4bfc-b6f4-93c290a4d3ee,2026-07-02T16:30:00Z,2026-07-02T18:30:00+0200,0.23,EUR/MWh,DK1,DK_1,imbalance_price,Short,2026-07-30T07:28:36Z
2026-07-30T07:25:17Z,2026-07-30T09:25:17+0200,e73b670a-bc29-4bfc-b6f4-93c290a4d3ee,2026-07-02T16:45:00Z,2026-07-02T18:45:00+0200,-1.96,EUR/MWh,DK1,DK_1,imbalance_price,Long,2026-07-30T07:28:36Z
2026-07-30T07:25:17Z,2026-07-30T09:25:17+0200,e73b670a-bc29-4bfc-b6f4-93c290a4d3ee,2026-07-02T16:45:00Z,2026-07-02T18:45:00+0200,-1.96,EUR/MWh,DK1,DK_1,imbalance_price,Short,2026-07-30T07:28:36Z
2026-07-30T07:25:17Z,2026-07-30T09:25:17+0200,e73b670a-bc29-4bfc-b6f4-93c290a4d3ee,2026-07-02T17:00:00Z,2026-07-02T19:00:00+0200,110.89,EUR/MWh,DK1,DK_1,imbalance_price,Long,2026-07-30T07:28:36Z
2026-07-30T07:25:17Z,2026-07-30T09:25:17+0200,e73b670a-bc29-4bfc-b6f4-93c290a4d3ee,2026-07-02T17:00:00Z,2026-07-02T19:00:00+0200,110.89,EUR/MWh,DK1,DK_1,imbalance_price,Short,2026-07-30T07:28:36Z
2026-07-30T07:25:17Z,2026-07-30T09:25:17+0200,e73b670a-bc29-4bfc-b6f4-93c290a4d3ee,2026-07-02T17:15:00Z,2026-07-02T19:15:00+0200,1.56,EUR/MWh,DK1,DK_1,imbalance_price,Long,2026-07-30T07:28:36Z
2026-07-30T07:25:17Z,2026-07-30T09:25:17+0200,e73b670a-bc29-4bfc-b6f4-93c290a4d3ee,2026-07-02T17:15:00Z,2026-07-02T19:15:00+0200,1.56,EUR/MWh,DK1,DK_1,imbalance_price,Short,2026-07-30T07:28:36Z
2026-07-30T07:25:17Z,2026-07-30T09:25:17+0200,e73b670a-bc29-4bfc-b6f4-93c290a4d3ee,2026-07-02T17:30:00Z,2026-07-02T19:30:00+0200,240.82,EUR/MWh,DK1,DK_1,imbalance_price,Long,2026-07-30T07:28:36Z
2026-07-30T07:25:17Z,2026-07-30T09:25:17+0200,e73b670a-bc29-4bfc-b6f4-93c290a4d3ee,2026-07-02T17:30:00Z,2026-07-02T19:30:00+0200,240.82,EUR/MWh,DK1,DK_1,imbalance_price,Short,2026-07-30T07:28:36Z
2026-07-30T07:25:17Z,2026-07-30T09:25:17+0200,e73b670a-bc29-4bfc-b6f4-93c290a4d3ee,2026-07-02T17:45:00Z,2026-07-02T19:45:00+0200,176.71,EUR/MWh,DK1,DK_1,imbalance_price,Long,2026-07-30T07:28:36Z
2026-07-30T07:25:17Z,2026-07-30T09:25:17+0200,e73b670a-bc29-4bfc-b6f4-93c290a4d3ee,2026-07-02T17:45:00Z,2026-07-02T19:45:00+0200,176.71,EUR/MWh,DK1,DK_1,imbalance_price,Short,2026-07-30T07:28:36Z
2026-07-30T07:25:17Z,2026-07-30T09:25:17+0200,e73b670a-bc29-4bfc-b6f4-93c290a4d3ee,2026-07-02T18:00:00Z,2026-07-02T20:00:00+0200,-7.52,EUR/MWh,DK1,DK_1,imbalance_price,Long,2026-07-30T07:28:36Z
2026-07-30T07:25:17Z,2026-07-30T09:25:17+0200,e73b670a-bc29-4bfc-b6f4-93c290a4d3ee,2026-07-02T18:00:00Z,2026-07-02T20:00:00+0200,-7.52,EUR/MWh,DK1,DK_1,imbalance_price,Short,2026-07-30T07:28:36Z
2026-07-30T07:25:17Z,2026-07-30T09:25:17+0200,e73b670a-bc29-4bfc-b6f4-93c290a4d3ee,2026-07-02T18:15:00Z,2026-07-02T20:15:00+0200,7.36,EUR/MWh,DK1,DK_1,imbalance_price,Long,2026-07-30T07:28:36Z
2026-07-30T07:25:17Z,2026-07-30T09:25:17+0200,e73b670a-bc29-4bfc-b6f4-93c290a4d3ee,2026-07-02T18:15:00Z,2026-07-02T20:15:00+0200,7.36,EUR/MWh,DK1,DK_1,imbalance_price,Short,2026-07-30T07:28:36Z
2026-07-30T07:25:17Z,2026-07-30T09:25:17+0200,e73b670a-bc29-4bfc-b6f4-93c290a4d3ee,2026-07-02T18:30:00Z,2026-07-02T20:30:00+0200,1.0,EUR/MWh,DK1,DK_1,imbalance_price,Long,2026-07-30T07:28:36Z
2026-07-30T07:25:17Z,2026-07-30T09:25:17+0200,e73b670a-bc29-4bfc-b6f4-93c290a4d3ee,2026-07-02T18:30:00Z,2026-07-02T20:30:00+0200,1.0,EUR/MWh,DK1,DK_1,imbalance_price,Short,2026-07-30T07:28:36Z
2026-07-30T07:25:17Z,2026-07-30T09:25:17+0200,e73b670a-bc29-4bfc-b6f4-93c290a4d3ee,2026-07-02T18:45:00Z,2026-07-02T20:45:00+0200,163.62,EUR/MWh,DK1,DK_1,imbalance_price,Long,2026-07-30T07:28:36Z
2026-07-30T07:25:17Z,2026-07-30T09:25:17+0200,e73b670a-bc29-4bfc-b6f4-93c290a4d3ee,2026-07-02T18:45:00Z,2026-07-02T20:45:00+0200,163.62,EUR/MWh,DK1,DK_1,imbalance_price,Short,2026-07-30T07:28:36Z
2026-07-30T07:25:17Z,2026-07-30T09:25:17+0200,e73b670a-bc29-4bfc-b6f4-93c290a4d3ee,2026-07-02T19:00:00Z,2026-07-02T21:00:00+0200,70.01,EUR/MWh,DK1,DK_1,imbalance_price,Long,2026-07-30T07:28:36Z
2026-07-30T07:25:17Z,2026-07-30T09:25:17+0200,e73b670a-bc29-4bfc-b6f4-93c290a4d3ee,2026-07-02T19:00:00Z,2026-07-02T21:00:00+0200,70.01,EUR/MWh,DK1,DK_1,imbalance_price,Short,2026-07-30T07:28:36Z
2026-07-30T07:25:17Z,2026-07-30T09:25:17+0200,e73b670a-bc29-4bfc-b6f4-93c290a4d3ee,2026-07-02T19:15:00Z,2026-07-02T21:15:00+0200,59.09,EUR/MWh,DK1,DK_1,imbalance_price,Long,2026-07-30T07:28:36Z
2026-07-30T07:25:17Z,2026-07-30T09:25:17+0200,e73b670a-bc29-4bfc-b6f4-93c290a4d3ee,2026-07-02T19:15:00Z,2026-07-02T21:15:00+0200,59.09,EUR/MWh,DK1,DK_1,imbalance_price,Short,2026-07-30T07:28:36Z
2026-07-30T07:25:17Z,2026-07-30T09:25:17+0200,e73b670a-bc29-4bfc-b6f4-93c290a4d3ee,2026-07-02T19:30:00Z,2026-07-02T21:30:00+0200,89.98,EUR/MWh,DK1,DK_1,imbalance_price,Long,2026-07-30T07:28:36Z
2026-07-30T07:25:17Z,2026-07-30T09:25:17+0200,e73b670a-bc29-4bfc-b6f4-93c290a4d3ee,2026-07-02T19:30:00Z,2026-07-02T21:30:00+0200,89.98,EUR/MWh,DK1,DK_1,imbalance_price,Short,2026-07-30T07:28:36Z
2026-07-30T07:25:17Z,2026-07-30T09:25:17+0200,e73b670a-bc29-4bfc-b6f4-93c290a4d3ee,2026-07-02T19:45:00Z,2026-07-02T21:45:00+0200,-0.42,EUR/MWh,DK1,DK_1,imbalance_price,Long,2026-07-30T07:28:36Z
2026-07-30T07:25:17Z,2026-07-30T09:25:17+0200,e73b670a-bc29-4bfc-b6f4-93c290a4d3ee,2026-07-02T19:45:00Z,2026-07-02T21:45:00+0200,-0.42,EUR/MWh,DK1,DK_1,imbalance_price,Short,2026-07-30T07:28:36Z
2026-07-30T07:25:17Z,2026-07-30T09:25:17+0200,e73b670a-bc29-4bfc-b6f4-93c290a4d3ee,2026-07-02T20:00:00Z,2026-07-02T22:00:00+0200,44.98,EUR/MWh,DK1,DK_1,imbalance_price,Long,2026-07-30T07:28:36Z
2026-07-30T07:25:17Z,2026-07-30T09:25:17+0200,e73b670a-bc29-4bfc-b6f4-93c290a4d3ee,2026-07-02T20:00:00Z,2026-07-02T22:00:00+0200,44.98,EUR/MWh,DK1,DK_1,imbalance_price,Short,2026-07-30T07:28:36Z
2026-07-30T07:25:17Z,2026-07-30T09:25:17+0200,e73b670a-bc29-4bfc-b6f4-93c290a4d3ee,2026-07-02T20:15:00Z,2026-07-02T22:15:00+0200,124.83,EUR/MWh,DK1,DK_1,imbalance_price,Long,2026-07-30T07:28:36Z
2026-07-30T07:25:17Z,2026-07-30T09:25:17+0200,e73b670a-bc29-4bfc-b6f4-93c290a4d3ee,2026-07-02T20:15:00Z,2026-07-02T22:15:00+0200,124.83,EUR/MWh,DK1,DK_1,imbalance_price,Short,2026-07-30T07:28:36Z
2026-07-30T07:25:17Z,2026-07-30T09:25:17+0200,e73b670a-bc29-4bfc-b6f4-93c290a4d3ee,2026-07-02T20:30:00Z,2026-07-02T22:30:00+0200,247.51,EUR/MWh,DK1,DK_1,imbalance_price,Long,2026-07-30T07:28:36Z
2026-07-30T07:25:17Z,2026-07-30T09:25:17+0200,e73b670a-bc29-4bfc-b6f4-93c290a4d3ee,2026-07-02T20:30:00Z,2026-07-02T22:30:00+0200,247.51,EUR/MWh,DK1,DK_1,imbalance_price,Short,2026-07-30T07:28:36Z
2026-07-30T07:25:17Z,2026-07-30T09:25:17+0200,e73b670a-bc29-4bfc-b6f4-93c290a4d3ee,2026-07-02T20:45:00Z,2026-07-02T22:45:00+0200,111.99,EUR/MWh,DK1,DK_1,imbalance_price,Long,2026-07-30T07:28:36Z
2026-07-30T07:25:17Z,2026-07-30T09:25:17+0200,e73b670a-bc29-4bfc-b6f4-93c290a4d3ee,2026-07-02T20:45:00Z,2026-07-02T22:45:00+0200,111.99,EUR/MWh,DK1,DK_1,imbalance_price,Short,2026-07-30T07:28:36Z
2026-07-30T07:25:17Z,2026-07-30T09:25:17+0200,e73b670a-bc29-4bfc-b6f4-93c290a4d3ee,2026-07-02T21:00:00Z,2026-07-02T23:00:00+0200,155.36,EUR/MWh,DK1,DK_1,imbalance_price,Long,2026-07-30T07:28:36Z
2026-07-30T07:25:17Z,2026-07-30T09:25:17+0200,e73b670a-bc29-4bfc-b6f4-93c290a4d3ee,2026-07-02T21:00:00Z,2026-07-02T23:00:00+0200,155.36,EUR/MWh,DK1,DK_1,imbalance_price,Short,2026-07-30T07:28:36Z
2026-07-30T07:25:17Z,2026-07-30T09:25:17+0200,e73b670a-bc29-4bfc-b6f4-93c290a4d3ee,2026-07-02T21:15:00Z,2026-07-02T23:15:00+0200,89.08,EUR/MWh,DK1,DK_1,imbalance_price,Long,2026-07-30T07:28:36Z
2026-07-30T07:25:17Z,2026-07-30T09:25:17+0200,e73b670a-bc29-4bfc-b6f4-93c290a4d3ee,2026-07-02T21:15:00Z,2026-07-02T23:15:00+0200,89.08,EUR/MWh,DK1,DK_1,imbalance_price,Short,2026-07-30T07:28:36Z
2026-07-30T07:25:17Z,2026-07-30T09:25:17+0200,e73b670a-bc29-4bfc-b6f4-93c290a4d3ee,2026-07-02T21:30:00Z,2026-07-02T23:30:00+0200,152.64,EUR/MWh,DK1,DK_1,imbalance_price,Long,2026-07-30T07:28:36Z
2026-07-30T07:25:17Z,2026-07-30T09:25:17+0200,e73b670a-bc29-4bfc-b6f4-93c290a4d3ee,2026-07-02T21:30:00Z,2026-07-02T23:30:00+0200,152.64,EUR/MWh,DK1,DK_1,imbalance_price,Short,2026-07-30T07:28:36Z
2026-07-30T07:25:17Z,2026-07-30T09:25:17+0200,e73b670a-bc29-4bfc-b6f4-93c290a4d3ee,2026-07-02T21:45:00Z,2026-07-02T23:45:00+0200,81.16,EUR/MWh,DK1,DK_1,imbalance_price,Long,2026-07-30T07:28:36Z
2026-07-30T07:25:17Z,2026-07-30T09:25:17+0200,e73b670a-bc29-4bfc-b6f4-93c290a4d3ee,2026-07-02T21:45:00Z,2026-07-02T23:45:00+0200,81.16,EUR/MWh,DK1,DK_1,imbalance_price,Short,2026-07-30T07:28:36Z
2026-07-30T07:25:17Z,2026-07-30T09:25:17+0200,e73b670a-bc29-4bfc-b6f4-93c290a4d3ee,2026-07-02T22:00:00Z,2026-07-03T00:00:00+0200,91.8,EUR/MWh,DK1,DK_1,imbalance_price,Long,2026-07-30T07:28:36Z
2026-07-30T07:25:17Z,2026-07-30T09:25:17+0200,e73b670a-bc29-4bfc-b6f4-93c290a4d3ee,2026-07-02T22:00:00Z,2026-07-03T00:00:00+0200,91.8,EUR/MWh,DK1,DK_1,imbalance_price,Short,2026-07-30T07:28:36Z
2026-07-30T07:25:17Z,2026-07-30T09:25:17+0200,e73b670a-bc29-4bfc-b6f4-93c290a4d3ee,2026-07-02T22:15:00Z,2026-07-03T00:15:00+0200,96.08,EUR/MWh,DK1,DK_1,imbalance_price,Long,2026-07-30T07:28:36Z
2026-07-30T07:25:17Z,2026-07-30T09:25:17+0200,e73b670a-bc29-4bfc-b6f4-93c290a4d3ee,2026-07-02T22:15:00Z,2026-07-03T00:15:00+0200,96.08,EUR/MWh,DK1,DK_1,imbalance_price,Short,2026-07-30T07:28:36Z
2026-07-30T07:25:17Z,2026-07-30T09:25:17+0200,e73b670a-bc29-4bfc-b6f4-93c290a4d3ee,2026-07-02T22:30:00Z,2026-07-03T00:30:00+0200,85.2,EUR/MWh,DK1,DK_1,imbalance_price,Long,2026-07-30T07:28:36Z
2026-07-30T07:25:17Z,2026-07-30T09:25:17+0200,e73b670a-bc29-4bfc-b6f4-93c290a4d3ee,2026-07-02T22:30:00Z,2026-07-03T00:30:00+0200,85.2,EUR/MWh,DK1,DK_1,imbalance_price,Short,2026-07-30T07:28:36Z
2026-07-30T07:25:17Z,2026-07-30T09:25:17+0200,e73b670a-bc29-4bfc-b6f4-93c290a4d3ee,2026-07-02T22:45:00Z,2026-07-03T00:45:00+0200,-17.15,EUR/MWh,DK1,DK_1,imbalance_price,Long,2026-07-30T07:28:36Z
2026-07-30T07:25:17Z,2026-07-30T09:25:17+0200,e73b670a-bc29-4bfc-b6f4-93c290a4d3ee,2026-07-02T22:45:00Z,2026-07-03T00:45:00+0200,-17.15,EUR/MWh,DK1,DK_1,imbalance_price,Short,2026-07-30T07:28:36Z
2026-07-30T07:25:17Z,2026-07-30T09:25:17+0200,e73b670a-bc29-4bfc-b6f4-93c290a4d3ee,2026-07-02T23:00:00Z,2026-07-03T01:00:00+0200,-14.24,EUR/MWh,DK1,DK_1,imbalance_price,Long,2026-07-30T07:28:36Z
2026-07-30T07:25:17Z,2026-07-30T09:25:17+0200,e73b670a-bc29-4bfc-b6f4-93c290a4d3ee,2026-07-02T23:00:00Z,2026-07-03T01:00:00+0200,-14.24,EUR/MWh,DK1,DK_1,imbalance_price,Short,2026-07-30T07:28:36Z
2026-07-30T07:25:17Z,2026-07-30T09:25:17+0200,e73b670a-bc29-4bfc-b6f4-93c290a4d3ee,2026-07-02T23:15:00Z,2026-07-03T01:15:00+0200,-10.0,EUR/MWh,DK1,DK_1,imbalance_price,Long,2026-07-30T07:28:36Z
2026-07-30T07:25:17Z,2026-07-30T09:25:17+0200,e73b670a-bc29-4bfc-b6f4-93c290a4d3ee,2026-07-02T23:15:00Z,2026-07-03T01:15:00+0200,-10.0,EUR/MWh,DK1,DK_1,imbalance_price,Short,2026-07-30T07:28:36Z
2026-07-30T07:25:17Z,2026-07-30T09:25:17+0200,e73b670a-bc29-4bfc-b6f4-93c290a4d3ee,2026-07-02T23:30:00Z,2026-07-03T01:30:00+0200,-9.17,EUR/MWh,DK1,DK_1,imbalance_price,Long,2026-07-30T07:28:36Z
2026-07-30T07:25:17Z,2026-07-30T09:25:17+0200,e73b670a-bc29-4bfc-b6f4-93c290a4d3ee,2026-07-02T23:30:00Z,2026-07-03T01:30:00+0200,-9.17,EUR/MWh,DK1,DK_1,imbalance_price,Short,2026-07-30T07:28:36Z
2026-07-30T07:25:17Z,2026-07-30T09:25:17+0200,e73b670a-bc29-4bfc-b6f4-93c290a4d3ee,2026-07-02T23:45:00Z,2026-07-03T01:45:00+0200,-9.98,EUR/MWh,DK1,DK_1,imbalance_price,Long,2026-07-30T07:28:36Z
2026-07-30T07:25:17Z,2026-07-30T09:25:17+0200,e73b670a-bc29-4bfc-b6f4-93c290a4d3ee,2026-07-02T23:45:00Z,2026-07-03T01:45:00+0200,-9.98,EUR/MWh,DK1,DK_1,imbalance_price,Short,2026-07-30T07:28:36Z
2026-07-30T07:25:17Z,2026-07-30T09:25:17+0200,e73b670a-bc29-4bfc-b6f4-93c290a4d3ee,2026-07-03T00:00:00Z,2026-07-03T02:00:00+0200,-10.04,EUR/MWh,DK1,DK_1,imbalance_price,Long,2026-07-30T07:28:36Z
2026-07-30T07:25:17Z,2026-07-30T09:25:17+0200,e73b670a-bc29-4bfc-b6f4-93c290a4d3ee,2026-07-03T00:00:00Z,2026-07-03T02:00:00+0200,-10.04,EUR/MWh,DK1,DK_1,imbalance_price,Short,2026-07-30T07:28:36Z
2026-07-30T07:25:17Z,2026-07-30T09:25:17+0200,e73b670a-bc29-4bfc-b6f4-93c290a4d3ee,2026-07-03T00:15:00Z,2026-07-03T02:15:00+0200,-16.06,EUR/MWh,DK1,DK_1,imbalance_price,Long,2026-07-30T07:28:36Z
2026-07-30T07:25:17Z,2026-07-30T09:25:17+0200,e73b670a-bc29-4bfc-b6f4-93c290a4d3ee,2026-07-03T00:15:00Z,2026-07-03T02:15:00+0200,-16.06,EUR/MWh,DK1,DK_1,imbalance_price,Short,2026-07-30T07:28:36Z
2026-07-30T07:25:17Z,2026-07-30T09:25:17+0200,e73b670a-bc29-4bfc-b6f4-93c290a4d3ee,2026-07-03T00:30:00Z,2026-07-03T02:30:00+0200,-13.38,EUR/MWh,DK1,DK_1,imbalance_price,Long,2026-07-30T07:28:36Z
2026-07-30T07:25:17Z,2026-07-30T09:25:17+0200,e73b670a-bc29-4bfc-b6f4-93c290a4d3ee,2026-07-03T00:30:00Z,2026-07-03T02:30:00+0200,-13.38,EUR/MWh,DK1,DK_1,imbalance_price,Short,2026-07-30T07:28:36Z
2026-07-30T07:25:17Z,2026-07-30T09:25:17+0200,e73b670a-bc29-4bfc-b6f4-93c290a4d3ee,2026-07-03T00:45:00Z,2026-07-03T02:45:00+0200,-16.06,EUR/MWh,DK1,DK_1,imbalance_price,Long,2026-07-30T07:28:36Z
2026-07-30T07:25:17Z,2026-07-30T09:25:17+0200,e73b670a-bc29-4bfc-b6f4-93c290a4d3ee,2026-07-03T00:45:00Z,2026-07-03T02:45:00+0200,-16.06,EUR/MWh,DK1,DK_1,imbalance_price,Short,2026-07-30T07:28:36Z
2026-07-30T07:25:17Z,2026-07-30T09:25:17+0200,e73b670a-bc29-4bfc-b6f4-93c290a4d3ee,2026-07-03T01:00:00Z,2026-07-03T03:00:00+0200,-10.0,EUR/MWh,DK1,DK_1,imbalance_price,Long,2026-07-30T07:28:36Z
2026-07-30T07:25:17Z,2026-07-30T09:25:17+0200,e73b670a-bc29-4bfc-b6f4-93c290a4d3ee,2026-07-03T01:00:00Z,2026-07-03T03:00:00+0200,-10.0,EUR/MWh,DK1,DK_1,imbalance_price,Short,2026-07-30T07:28:36Z
2026-07-30T07:25:17Z,2026-07-30T09:25:17+0200,e73b670a-bc29-4bfc-b6f4-93c290a4d3ee,2026-07-03T01:15:00Z,2026-07-03T03:15:00+0200,-13.38,EUR/MWh,DK1,DK_1,imbalance_price,Long,2026-07-30T07:28:36Z
2026-07-30T07:25:17Z,2026-07-30T09:25:17+0200,e73b670a-bc29-4bfc-b6f4-93c290a4d3ee,2026-07-03T01:15:00Z,2026-07-03T03:15:00+0200,-13.38,EUR/MWh,DK1,DK_1,imbalance_price,Short,2026-07-30T07:28:36Z
2026-07-30T07:25:17Z,2026-07-30T09:25:17+0200,e73b670a-bc29-4bfc-b6f4-93c290a4d3ee,2026-07-03T01:30:00Z,2026-07-03T03:30:00+0200,-15.52,EUR/MWh,DK1,DK_1,imbalance_price,Long,2026-07-30T07:28:36Z
2026-07-30T07:25:17Z,2026-07-30T09:25:17+0200,e73b670a-bc29-4bfc-b6f4-93c290a4d3ee,2026-07-03T01:30:00Z,2026-07-03T03:30:00+0200,-15.52,EUR/MWh,DK1,DK_1,imbalance_price,Short,2026-07-30T07:28:36Z
2026-07-30T07:25:17Z,2026-07-30T09:25:17+0200,e73b670a-bc29-4bfc-b6f4-93c290a4d3ee,2026-07-03T01:45:00Z,2026-07-03T03:45:00+0200,-10.0,EUR/MWh,DK1,DK_1,imbalance_price,Long,2026-07-30T07:28:36Z
2026-07-30T07:25:17Z,2026-07-30T09:25:17+0200,e73b670a-bc29-4bfc-b6f4-93c290a4d3ee,2026-07-03T01:45:00Z,2026-07-03T03:45:00+0200,-10.0,EUR/MWh,DK1,DK_1,imbalance_price,Short,2026-07-30T07:28:36Z
2026-07-30T07:25:17Z,2026-07-30T09:25:17+0200,e73b670a-bc29-4bfc-b6f4-93c290a4d3ee,2026-07-03T02:00:00Z,2026-07-03T04:00:00+0200,-10.0,EUR/MWh,DK1,DK_1,imbalance_price,Long,2026-07-30T07:28:36Z
2026-07-30T07:25:17Z,2026-07-30T09:25:17+0200,e73b670a-bc29-4bfc-b6f4-93c290a4d3ee,2026-07-03T02:00:00Z,2026-07-03T04:00:00+0200,-10.0,EUR/MWh,DK1,DK_1,imbalance_price,Short,2026-07-30T07:28:36Z
2026-07-30T07:25:17Z,2026-07-30T09:25:17+0200,e73b670a-bc29-4bfc-b6f4-93c290a4d3ee,2026-07-03T02:15:00Z,2026-07-03T04:15:00+0200,-10.0,EUR/MWh,DK1,DK_1,imbalance_price,Long,2026-07-30T07:28:36Z
2026-07-30T07:25:17Z,2026-07-30T09:25:17+0200,e73b670a-bc29-4bfc-b6f4-93c290a4d3ee,2026-07-03T02:15:00Z,2026-07-03T04:15:00+0200,-10.0,EUR/MWh,DK1,DK_1,imbalance_price,Short,2026-07-30T07:28:36Z
2026-07-30T07:25:17Z,2026-07-30T09:25:17+0200,e73b670a-bc29-4bfc-b6f4-93c290a4d3ee,2026-07-03T02:30:00Z,2026-07-03T04:30:00+0200,-3.35,EUR/MWh,DK1,DK_1,imbalance_price,Long,2026-07-30T07:28:36Z
2026-07-30T07:25:17Z,2026-07-30T09:25:17+0200,e73b670a-bc29-4bfc-b6f4-93c290a4d3ee,2026-07-03T02:30:00Z,2026-07-03T04:30:00+0200,-3.35,EUR/MWh,DK1,DK_1,imbalance_price,Short,2026-07-30T07:28:36Z
2026-07-30T07:25:17Z,2026-07-30T09:25:17+0200,e73b670a-bc29-4bfc-b6f4-93c290a4d3ee,2026-07-03T02:45:00Z,2026-07-03T04:45:00+0200,1.3,EUR/MWh,DK1,DK_1,imbalance_price,Long,2026-07-30T07:28:36Z
2026-07-30T07:25:17Z,2026-07-30T09:25:17+0200,e73b670a-bc29-4bfc-b6f4-93c290a4d3ee,2026-07-03T02:45:00Z,2026-07-03T04:45:00+0200,1.3,EUR/MWh,DK1,DK_1,imbalance_price,Short,2026-07-30T07:28:36Z
2026-07-30T07:25:17Z,2026-07-30T09:25:17+0200,e73b670a-bc29-4bfc-b6f4-93c290a4d3ee,2026-07-03T03:00:00Z,2026-07-03T05:00:00+0200,0.5,EUR/MWh,DK1,DK_1,imbalance_price,Long,2026-07-30T07:28:36Z
2026-07-30T07:25:17Z,2026-07-30T09:25:17+0200,e73b670a-bc29-4bfc-b6f4-93c290a4d3ee,2026-07-03T03:00:00Z,2026-07-03T05:00:00+0200,0.5,EUR/MWh,DK1,DK_1,imbalance_price,Short,2026-07-30T07:28:36Z
2026-07-30T07:25:17Z,2026-07-30T09:25:17+0200,e73b670a-bc29-4bfc-b6f4-93c290a4d3ee,2026-07-03T03:15:00Z,2026-07-03T05:15:00+0200,-1.99,EUR/MWh,DK1,DK_1,imbalance_price,Long,2026-07-30T07:28:36Z
2026-07-30T07:25:17Z,2026-07-30T09:25:17+0200,e73b670a-bc29-4bfc-b6f4-93c290a4d3ee,2026-07-03T03:15:00Z,2026-07-03T05:15:00+0200,-1.99,EUR/MWh,DK1,DK_1,imbalance_price,Short,2026-07-30T07:28:36Z
2026-07-30T07:25:17Z,2026-07-30T09:25:17+0200,e73b670a-bc29-4bfc-b6f4-93c290a4d3ee,2026-07-03T03:30:00Z,2026-07-03T05:30:00+0200,-0.25,EUR/MWh,DK1,DK_1,imbalance_price,Long,2026-07-30T07:28:36Z
2026-07-30T07:25:17Z,2026-07-30T09:25:17+0200,e73b670a-bc29-4bfc-b6f4-93c290a4d3ee,2026-07-03T03:30:00Z,2026-07-03T05:30:00+0200,-0.25,EUR/MWh,DK1,DK_1,imbalance_price,Short,2026-07-30T07:28:36Z
2026-07-30T07:25:17Z,2026-07-30T09:25:17+0200,e73b670a-bc29-4bfc-b6f4-93c290a4d3ee,2026-07-03T03:45:00Z,2026-07-03T05:45:00+0200,1.35,EUR/MWh,DK1,DK_1,imbalance_price,Long,2026-07-30T07:28:36Z
2026-07-30T07:25:17Z,2026-07-30T09:25:17+0200,e73b670a-bc29-4bfc-b6f4-93c290a4d3ee,2026-07-03T03:45:00Z,2026-07-03T05:45:00+0200,1.35,EUR/MWh,DK1,DK_1,imbalance_price,Short,2026-07-30T07:28:36Z
2026-07-30T07:25:17Z,2026-07-30T09:25:17+0200,e73b670a-bc29-4bfc-b6f4-93c290a4d3ee,2026-07-03T04:00:00Z,2026-07-03T06:00:00+0200,-1.81,EUR/MWh,DK1,DK_1,imbalance_price,Long,2026-07-30T07:28:36Z
2026-07-30T07:25:17Z,2026-07-30T09:25:17+0200,e73b670a-bc29-4bfc-b6f4-93c290a4d3ee,2026-07-03T04:00:00Z,2026-07-03T06:00:00+0200,-1.81,EUR/MWh,DK1,DK_1,imbalance_price,Short,2026-07-30T07:28:36Z
2026-07-30T07:25:17Z,2026-07-30T09:25:17+0200,e73b670a-bc29-4bfc-b6f4-93c290a4d3ee,2026-07-03T04:15:00Z,2026-07-03T06:15:00+0200,-2.57,EUR/MWh,DK1,DK_1,imbalance_price,Long,2026-07-30T07:28:36Z
2026-07-30T07:25:17Z,2026-07-30T09:25:17+0200,e73b670a-bc29-4bfc-b6f4-93c290a4d3ee,2026-07-03T04:15:00Z,2026-07-03T06:15:00+0200,-2.57,EUR/MWh,DK1,DK_1,imbalance_price,Short,2026-07-30T07:28:36Z
2026-07-30T07:25:17Z,2026-07-30T09:25:17+0200,e73b670a-bc29-4bfc-b6f4-93c290a4d3ee,2026-07-03T04:30:00Z,2026-07-03T06:30:00+0200,-9.22,EUR/MWh,DK1,DK_1,imbalance_price,Long,2026-07-30T07:28:36Z
2026-07-30T07:25:17Z,2026-07-30T09:25:17+0200,e73b670a-bc29-4bfc-b6f4-93c290a4d3ee,2026-07-03T04:30:00Z,2026-07-03T06:30:00+0200,-9.22,EUR/MWh,DK1,DK_1,imbalance_price,Short,2026-07-30T07:28:36Z
2026-07-30T07:25:17Z,2026-07-30T09:25:17+0200,e73b670a-bc29-4bfc-b6f4-93c290a4d3ee,2026-07-03T04:45:00Z,2026-07-03T06:45:00+0200,-8.51,EUR/MWh,DK1,DK_1,imbalance_price,Long,2026-07-30T07:28:36Z
2026-07-30T07:25:17Z,2026-07-30T09:25:17+0200,e73b670a-bc29-4bfc-b6f4-93c290a4d3ee,2026-07-03T04:45:00Z,2026-07-03T06:45:00+0200,-8.51,EUR/MWh,DK1,DK_1,imbalance_price,Short,2026-07-30T07:28:36Z
2026-07-30T07:25:17Z,2026-07-30T09:25:17+0200,e73b670a-bc29-4bfc-b6f4-93c290a4d3ee,2026-07-03T05:00:00Z,2026-07-03T07:00:00+0200,1.86,EUR/MWh,DK1,DK_1,imbalance_price,Long,2026-07-30T07:28:36Z
2026-07-30T07:25:17Z,2026-07-30T09:25:17+0200,e73b670a-bc29-4bfc-b6f4-93c290a4d3ee,2026-07-03T05:00:00Z,2026-07-03T07:00:00+0200,1.86,EUR/MWh,DK1,DK_1,imbalance_price,Short,2026-07-30T07:28:36Z
2026-07-30T07:25:17Z,2026-07-30T09:25:17+0200,e73b670a-bc29-4bfc-b6f4-93c290a4d3ee,2026-07-03T05:15:00Z,2026-07-03T07:15:00+0200,-25.96,EUR/MWh,DK1,DK_1,imbalance_price,Long,2026-07-30T07:28:36Z
2026-07-30T07:25:17Z,2026-07-30T09:25:17+0200,e73b670a-bc29-4bfc-b6f4-93c290a4d3ee,2026-07-03T05:15:00Z,2026-07-03T07:15:00+0200,-25.96,EUR/MWh,DK1,DK_1,imbalance_price,Short,2026-07-30T07:28:36Z
2026-07-30T07:25:17Z,2026-07-30T09:25:17+0200,e73b670a-bc29-4bfc-b6f4-93c290a4d3ee,2026-07-03T05:30:00Z,2026-07-03T07:30:00+0200,69.0,EUR/MWh,DK1,DK_1,imbalance_price,Long,2026-07-30T07:28:36Z
2026-07-30T07:25:17Z,2026-07-30T09:25:17+0200,e73b670a-bc29-4bfc-b6f4-93c290a4d3ee,2026-07-03T05:30:00Z,2026-07-03T07:30:00+0200,69.0,EUR/MWh,DK1,DK_1,imbalance_price,Short,2026-07-30T07:28:36Z
2026-07-30T07:25:17Z,2026-07-30T09:25:17+0200,e73b670a-bc29-4bfc-b6f4-93c290a4d3ee,2026-07-03T05:45:00Z,2026-07-03T07:45:00+0200,36.01,EUR/MWh,DK1,DK_1,imbalance_price,Long,2026-07-30T07:28:36Z
2026-07-30T07:25:17Z,2026-07-30T09:25:17+0200,e73b670a-bc29-4bfc-b6f4-93c290a4d3ee,2026-07-03T05:45:00Z,2026-07-03T07:45:00+0200,36.01,EUR/MWh,DK1,DK_1,imbalance_price,Short,2026-07-30T07:28:36Z
2026-07-30T07:25:17Z,2026-07-30T09:25:17+0200,e73b670a-bc29-4bfc-b6f4-93c290a4d3ee,2026-07-03T06:00:00Z,2026-07-03T08:00:00+0200,126.0,EUR/MWh,DK1,DK_1,imbalance_price,Long,2026-07-30T07:28:36Z
2026-07-30T07:25:17Z,2026-07-30T09:25:17+0200,e73b670a-bc29-4bfc-b6f4-93c290a4d3ee,2026-07-03T06:00:00Z,2026-07-03T08:00:00+0200,126.0,EUR/MWh,DK1,DK_1,imbalance_price,Short,2026-07-30T07:28:36Z
2026-07-30T07:25:17Z,2026-07-30T09:25:17+0200,e73b670a-bc29-4bfc-b6f4-93c290a4d3ee,2026-07-03T06:15:00Z,2026-07-03T08:15:00+0200,334.48,EUR/MWh,DK1,DK_1,imbalance_price,Long,2026-07-30T07:28:36Z
2026-07-30T07:25:17Z,2026-07-30T09:25:17+0200,e73b670a-bc29-4bfc-b6f4-93c290a4d3ee,2026-07-03T06:15:00Z,2026-07-03T08:15:00+0200,334.48,EUR/MWh,DK1,DK_1,imbalance_price,Short,2026-07-30T07:28:36Z
2026-07-30T07:25:17Z,2026-07-30T09:25:17+0200,e73b670a-bc29-4bfc-b6f4-93c290a4d3ee,2026-07-03T06:30:00Z,2026-07-03T08:30:00+0200,127.79,EUR/MWh,DK1,DK_1,imbalance_price,Long,2026-07-30T07:28:36Z
2026-07-30T07:25:17Z,2026-07-30T09:25:17+0200,e73b670a-bc29-4bfc-b6f4-93c290a4d3ee,2026-07-03T06:30:00Z,2026-07-03T08:30:00+0200,127.79,EUR/MWh,DK1,DK_1,imbalance_price,Short,2026-07-30T07:28:36Z
2026-07-30T07:25:17Z,2026-07-30T09:25:17+0200,e73b670a-bc29-4bfc-b6f4-93c290a4d3ee,2026-07-03T06:45:00Z,2026-07-03T08:45:00+0200,93.25,EUR/MWh,DK1,DK_1,imbalance_price,Long,2026-07-30T07:28:36Z
2026-07-30T07:25:17Z,2026-07-30T09:25:17+0200,e73b670a-bc29-4bfc-b6f4-93c290a4d3ee,2026-07-03T06:45:00Z,2026-07-03T08:45:00+0200,93.25,EUR/MWh,DK1,DK_1,imbalance_price,Short,2026-07-30T07:28:36Z
2026-07-30T07:25:17Z,2026-07-30T09:25:17+0200,e73b670a-bc29-4bfc-b6f4-93c290a4d3ee,2026-07-03T07:00:00Z,2026-07-03T09:00:00+0200,82.24,EUR/MWh,DK1,DK_1,imbalance_price,Long,2026-07-30T07:28:36Z
2026-07-30T07:25:17Z,2026-07-30T09:25:17+0200,e73b670a-bc29-4bfc-b6f4-93c290a4d3ee,2026-07-03T07:00:00Z,2026-07-03T09:00:00+0200,82.24,EUR/MWh,DK1,DK_1,imbalance_price,Short,2026-07-30T07:28:36Z
2026-07-30T07:25:17Z,2026-07-30T09:25:17+0200,e73b670a-bc29-4bfc-b6f4-93c290a4d3ee,2026-07-03T07:15:00Z,2026-07-03T09:15:00+0200,4.36,EUR/MWh,DK1,DK_1,imbalance_price,Long,2026-07-30T07:28:36Z
2026-07-30T07:25:17Z,2026-07-30T09:25:17+0200,e73b670a-bc29-4bfc-b6f4-93c290a4d3ee,2026-07-03T07:15:00Z,2026-07-03T09:15:00+0200,4.36,EUR/MWh,DK1,DK_1,imbalance_price,Short,2026-07-30T07:28:36Z
2026-07-30T07:25:17Z,2026-07-30T09:25:17+0200,e73b670a-bc29-4bfc-b6f4-93c290a4d3ee,2026-07-03T07:30:00Z,2026-07-03T09:30:00+0200,-0.01,EUR/MWh,DK1,DK_1,imbalance_price,Long,2026-07-30T07:28:36Z
2026-07-30T07:25:17Z,2026-07-30T09:25:17+0200,e73b670a-bc29-4bfc-b6f4-93c290a4d3ee,2026-07-03T07:30:00Z,2026-07-03T09:30:00+0200,-0.01,EUR/MWh,DK1,DK_1,imbalance_price,Short,2026-07-30T07:28:36Z
2026-07-30T07:25:17Z,2026-07-30T09:25:17+0200,e73b670a-bc29-4bfc-b6f4-93c290a4d3ee,2026-07-03T07:45:00Z,2026-07-03T09:45:00+0200,14.72,EUR/MWh,DK1,DK_1,imbalance_price,Long,2026-07-30T07:28:36Z
2026-07-30T07:25:17Z,2026-07-30T09:25:17+0200,e73b670a-bc29-4bfc-b6f4-93c290a4d3ee,2026-07-03T07:45:00Z,2026-07-03T09:45:00+0200,14.72,EUR/MWh,DK1,DK_1,imbalance_price,Short,2026-07-30T07:28:36Z
2026-07-30T07:25:17Z,2026-07-30T09:25:17+0200,e73b670a-bc29-4bfc-b6f4-93c290a4d3ee,2026-07-03T08:00:00Z,2026-07-03T10:00:00+0200,29.01,EUR/MWh,DK1,DK_1,imbalance_price,Long,2026-07-30T07:28:36Z
2026-07-30T07:25:17Z,2026-07-30T09:25:17+0200,e73b670a-bc29-4bfc-b6f4-93c290a4d3ee,2026-07-03T08:00:00Z,2026-07-03T10:00:00+0200,29.01,EUR/MWh,DK1,DK_1,imbalance_price,Short,2026-07-30T07:28:36Z
2026-07-30T07:25:17Z,2026-07-30T09:25:17+0200,e73b670a-bc29-4bfc-b6f4-93c290a4d3ee,2026-07-03T08:15:00Z,2026-07-03T10:15:00+0200,12.55,EUR/MWh,DK1,DK_1,imbalance_price,Long,2026-07-30T07:28:36Z
2026-07-30T07:25:17Z,2026-07-30T09:25:17+0200,e73b670a-bc29-4bfc-b6f4-93c290a4d3ee,2026-07-03T08:15:00Z,2026-07-03T10:15:00+0200,12.55,EUR/MWh,DK1,DK_1,imbalance_price,Short,2026-07-30T07:28:36Z
2026-07-30T07:25:17Z,2026-07-30T09:25:17+0200,e73b670a-bc29-4bfc-b6f4-93c290a4d3ee,2026-07-03T08:30:00Z,2026-07-03T10:30:00+0200,28.89,EUR/MWh,DK1,DK_1,imbalance_price,Long,2026-07-30T07:28:36Z
2026-07-30T07:25:17Z,2026-07-30T09:25:17+0200,e73b670a-bc29-4bfc-b6f4-93c290a4d3ee,2026-07-03T08:30:00Z,2026-07-03T10:30:00+0200,28.89,EUR/MWh,DK1,DK_1,imbalance_price,Short,2026-07-30T07:28:36Z
2026-07-30T07:25:17Z,2026-07-30T09:25:17+0200,e73b670a-bc29-4bfc-b6f4-93c290a4d3ee,2026-07-03T08:45:00Z,2026-07-03T10:45:00+0200,-10.0,EUR/MWh,DK1,DK_1,imbalance_price,Long,2026-07-30T07:28:36Z
2026-07-30T07:25:17Z,2026-07-30T09:25:17+0200,e73b670a-bc29-4bfc-b6f4-93c290a4d3ee,2026-07-03T08:45:00Z,2026-07-03T10:45:00+0200,-10.0,EUR/MWh,DK1,DK_1,imbalance_price,Short,2026-07-30T07:28:36Z
2026-07-30T07:25:17Z,2026-07-30T09:25:17+0200,e73b670a-bc29-4bfc-b6f4-93c290a4d3ee,2026-07-03T09:00:00Z,2026-07-03T11:00:00+0200,-6.05,EUR/MWh,DK1,DK_1,imbalance_price,Long,2026-07-30T07:28:36Z
2026-07-30T07:25:17Z,2026-07-30T09:25:17+0200,e73b670a-bc29-4bfc-b6f4-93c290a4d3ee,2026-07-03T09:00:00Z,2026-07-03T11:00:00+0200,-6.05,EUR/MWh,DK1,DK_1,imbalance_price,Short,2026-07-30T07:28:36Z
2026-07-30T07:25:17Z,2026-07-30T09:25:17+0200,e73b670a-bc29-4bfc-b6f4-93c290a4d3ee,2026-07-03T09:15:00Z,2026-07-03T11:15:00+0200,-0.04,EUR/MWh,DK1,DK_1,imbalance_price,Long,2026-07-30T07:28:36Z
2026-07-30T07:25:17Z,2026-07-30T09:25:17+0200,e73b670a-bc29-4bfc-b6f4-93c290a4d3ee,2026-07-03T09:15:00Z,2026-07-03T11:15:00+0200,-0.04,EUR/MWh,DK1,DK_1,imbalance_price,Short,2026-07-30T07:28:36Z
2026-07-30T07:25:17Z,2026-07-30T09:25:17+0200,e73b670a-bc29-4bfc-b6f4-93c290a4d3ee,2026-07-03T09:30:00Z,2026-07-03T11:30:00+0200,-10.13,EUR/MWh,DK1,DK_1,imbalance_price,Long,2026-07-30T07:28:36Z
2026-07-30T07:25:17Z,2026-07-30T09:25:17+0200,e73b670a-bc29-4bfc-b6f4-93c290a4d3ee,2026-07-03T09:30:00Z,2026-07-03T11:30:00+0200,-10.13,EUR/MWh,DK1,DK_1,imbalance_price,Short,2026-07-30T07:28:36Z
2026-07-30T07:25:17Z,2026-07-30T09:25:17+0200,e73b670a-bc29-4bfc-b6f4-93c290a4d3ee,2026-07-03T09:45:00Z,2026-07-03T11:45:00+0200,6.69,EUR/MWh,DK1,DK_1,imbalance_price,Long,2026-07-30T07:28:36Z
2026-07-30T07:25:17Z,2026-07-30T09:25:17+0200,e73b670a-bc29-4bfc-b6f4-93c290a4d3ee,2026-07-03T09:45:00Z,2026-07-03T11:45:00+0200,6.69,EUR/MWh,DK1,DK_1,imbalance_price,Short,2026-07-30T07:28:36Z
2026-07-30T07:25:17Z,2026-07-30T09:25:17+0200,e73b670a-bc29-4bfc-b6f4-93c290a4d3ee,2026-07-03T10:00:00Z,2026-07-03T12:00:00+0200,-9.92,EUR/MWh,DK1,DK_1,imbalance_price,Long,2026-07-30T07:28:36Z
2026-07-30T07:25:17Z,2026-07-30T09:25:17+0200,e73b670a-bc29-4bfc-b6f4-93c290a4d3ee,2026-07-03T10:00:00Z,2026-07-03T12:00:00+0200,-9.92,EUR/MWh,DK1,DK_1,imbalance_price,Short,2026-07-30T07:28:36Z
2026-07-30T07:25:17Z,2026-07-30T09:25:17+0200,e73b670a-bc29-4bfc-b6f4-93c290a4d3ee,2026-07-03T10:15:00Z,2026-07-03T12:15:00+0200,-13.38,EUR/MWh,DK1,DK_1,imbalance_price,Long,2026-07-30T07:28:36Z
2026-07-30T07:25:17Z,2026-07-30T09:25:17+0200,e73b670a-bc29-4bfc-b6f4-93c290a4d3ee,2026-07-03T10:15:00Z,2026-07-03T12:15:00+0200,-13.38,EUR/MWh,DK1,DK_1,imbalance_price,Short,2026-07-30T07:28:36Z
2026-07-30T07:25:17Z,2026-07-30T09:25:17+0200,e73b670a-bc29-4bfc-b6f4-93c290a4d3ee,2026-07-03T10:30:00Z,2026-07-03T12:30:00+0200,-9.37,EUR/MWh,DK1,DK_1,imbalance_price,Long,2026-07-30T07:28:36Z
2026-07-30T07:25:17Z,2026-07-30T09:25:17+0200,e73b670a-bc29-4bfc-b6f4-93c290a4d3ee,2026-07-03T10:30:00Z,2026-07-03T12:30:00+0200,-9.37,EUR/MWh,DK1,DK_1,imbalance_price,Short,2026-07-30T07:28:36Z
2026-07-30T07:25:17Z,2026-07-30T09:25:17+0200,e73b670a-bc29-4bfc-b6f4-93c290a4d3ee,2026-07-03T10:45:00Z,2026-07-03T12:45:00+0200,-13.19,EUR/MWh,DK1,DK_1,imbalance_price,Long,2026-07-30T07:28:36Z
2026-07-30T07:25:17Z,2026-07-30T09:25:17+0200,e73b670a-bc29-4bfc-b6f4-93c290a4d3ee,2026-07-03T10:45:00Z,2026-07-03T12:45:00+0200,-13.19,EUR/MWh,DK1,DK_1,imbalance_price,Short,2026-07-30T07:28:36Z
2026-07-30T07:25:17Z,2026-07-30T09:25:17+0200,e73b670a-bc29-4bfc-b6f4-93c290a4d3ee,2026-07-03T11:00:00Z,2026-07-03T13:00:00+0200,-29.96,EUR/MWh,DK1,DK_1,imbalance_price,Long,2026-07-30T07:28:36Z
2026-07-30T07:25:17Z,2026-07-30T09:25:17+0200,e73b670a-bc29-4bfc-b6f4-93c290a4d3ee,2026-07-03T11:00:00Z,2026-07-03T13:00:00+0200,-29.96,EUR/MWh,DK1,DK_1,imbalance_price,Short,2026-07-30T07:28:36Z
2026-07-30T07:25:17Z,2026-07-30T09:25:17+0200,e73b670a-bc29-4bfc-b6f4-93c290a4d3ee,2026-07-03T11:15:00Z,2026-07-03T13:15:00+0200,-6.69,EUR/MWh,DK1,DK_1,imbalance_price,Long,2026-07-30T07:28:36Z
2026-07-30T07:25:17Z,2026-07-30T09:25:17+0200,e73b670a-bc29-4bfc-b6f4-93c290a4d3ee,2026-07-03T11:15:00Z,2026-07-03T13:15:00+0200,-6.69,EUR/MWh,DK1,DK_1,imbalance_price,Short,2026-07-30T07:28:36Z
2026-07-30T07:25:17Z,2026-07-30T09:25:17+0200,e73b670a-bc29-4bfc-b6f4-93c290a4d3ee,2026-07-03T11:30:00Z,2026-07-03T13:30:00+0200,-14.72,EUR/MWh,DK1,DK_1,imbalance_price,Long,2026-07-30T07:28:36Z
2026-07-30T07:25:17Z,2026-07-30T09:25:17+0200,e73b670a-bc29-4bfc-b6f4-93c290a4d3ee,2026-07-03T11:30:00Z,2026-07-03T13:30:00+0200,-14.72,EUR/MWh,DK1,DK_1,imbalance_price,Short,2026-07-30T07:28:36Z
2026-07-30T07:25:17Z,2026-07-30T09:25:17+0200,e73b670a-bc29-4bfc-b6f4-93c290a4d3ee,2026-07-03T11:45:00Z,2026-07-03T13:45:00+0200,-10.0,EUR/MWh,DK1,DK_1,imbalance_price,Long,2026-07-30T07:28:36Z
2026-07-30T07:25:17Z,2026-07-30T09:25:17+0200,e73b670a-bc29-4bfc-b6f4-93c290a4d3ee,2026-07-03T11:45:00Z,2026-07-03T13:45:00+0200,-10.0,EUR/MWh,DK1,DK_1,imbalance_price,Short,2026-07-30T07:28:36Z
2026-07-30T07:25:17Z,2026-07-30T09:25:17+0200,e73b670a-bc29-4bfc-b6f4-93c290a4d3ee,2026-07-03T12:00:00Z,2026-07-03T14:00:00+0200,-10.04,EUR/MWh,DK1,DK_1,imbalance_price,Long,2026-07-30T07:28:36Z
2026-07-30T07:25:17Z,2026-07-30T09:25:17+0200,e73b670a-bc29-4bfc-b6f4-93c290a4d3ee,2026-07-03T12:00:00Z,2026-07-03T14:00:00+0200,-10.04,EUR/MWh,DK1,DK_1,imbalance_price,Short,2026-07-30T07:28:36Z
2026-07-30T07:25:17Z,2026-07-30T09:25:17+0200,e73b670a-bc29-4bfc-b6f4-93c290a4d3ee,2026-07-03T12:15:00Z,2026-07-03T14:15:00+0200,-10.6,EUR/MWh,DK1,DK_1,imbalance_price,Long,2026-07-30T07:28:36Z
2026-07-30T07:25:17Z,2026-07-30T09:25:17+0200,e73b670a-bc29-4bfc-b6f4-93c290a4d3ee,2026-07-03T12:15:00Z,2026-07-03T14:15:00+0200,-10.6,EUR/MWh,DK1,DK_1,imbalance_price,Short,2026-07-30T07:28:36Z
2026-07-30T07:25:17Z,2026-07-30T09:25:17+0200,e73b670a-bc29-4bfc-b6f4-93c290a4d3ee,2026-07-03T12:30:00Z,2026-07-03T14:30:00+0200,-6.69,EUR/MWh,DK1,DK_1,imbalance_price,Long,2026-07-30T07:28:36Z
2026-07-30T07:25:17Z,2026-07-30T09:25:17+0200,e73b670a-bc29-4bfc-b6f4-93c290a4d3ee,2026-07-03T12:30:00Z,2026-07-03T14:30:00+0200,-6.69,EUR/MWh,DK1,DK_1,imbalance_price,Short,2026-07-30T07:28:36Z
2026-07-30T07:25:17Z,2026-07-30T09:25:17+0200,e73b670a-bc29-4bfc-b6f4-93c290a4d3ee,2026-07-03T12:45:00Z,2026-07-03T14:45:00+0200,-10.0,EUR/MWh,DK1,DK_1,imbalance_price,Long,2026-07-30T07:28:36Z
2026-07-30T07:25:17Z,2026-07-30T09:25:17+0200,e73b670a-bc29-4bfc-b6f4-93c290a4d3ee,2026-07-03T12:45:00Z,2026-07-03T14:45:00+0200,-10.0,EUR/MWh,DK1,DK_1,imbalance_price,Short,2026-07-30T07:28:36Z
2026-07-30T07:25:17Z,2026-07-30T09:25:17+0200,e73b670a-bc29-4bfc-b6f4-93c290a4d3ee,2026-07-03T13:00:00Z,2026-07-03T15:00:00+0200,-9.79,EUR/MWh,DK1,DK_1,imbalance_price,Long,2026-07-30T07:28:36Z
2026-07-30T07:25:17Z,2026-07-30T09:25:17+0200,e73b670a-bc29-4bfc-b6f4-93c290a4d3ee,2026-07-03T13:00:00Z,2026-07-03T15:00:00+0200,-9.79,EUR/MWh,DK1,DK_1,imbalance_price,Short,2026-07-30T07:28:36Z
2026-07-30T07:25:17Z,2026-07-30T09:25:17+0200,e73b670a-bc29-4bfc-b6f4-93c290a4d3ee,2026-07-03T13:15:00Z,2026-07-03T15:15:00+0200,-8.27,EUR/MWh,DK1,DK_1,imbalance_price,Long,2026-07-30T07:28:36Z
2026-07-30T07:25:17Z,2026-07-30T09:25:17+0200,e73b670a-bc29-4bfc-b6f4-93c290a4d3ee,2026-07-03T13:15:00Z,2026-07-03T15:15:00+0200,-8.27,EUR/MWh,DK1,DK_1,imbalance_price,Short,2026-07-30T07:28:36Z
2026-07-30T07:25:17Z,2026-07-30T09:25:17+0200,e73b670a-bc29-4bfc-b6f4-93c290a4d3ee,2026-07-03T13:30:00Z,2026-07-03T15:30:00+0200,-8.37,EUR/MWh,DK1,DK_1,imbalance_price,Long,2026-07-30T07:28:36Z
2026-07-30T07:25:17Z,2026-07-30T09:25:17+0200,e73b670a-bc29-4bfc-b6f4-93c290a4d3ee,2026-07-03T13:30:00Z,2026-07-03T15:30:00+0200,-8.37,EUR/MWh,DK1,DK_1,imbalance_price,Short,2026-07-30T07:28:36Z
2026-07-30T07:25:17Z,2026-07-30T09:25:17+0200,e73b670a-bc29-4bfc-b6f4-93c290a4d3ee,2026-07-03T13:45:00Z,2026-07-03T15:45:00+0200,-14.72,EUR/MWh,DK1,DK_1,imbalance_price,Long,2026-07-30T07:28:36Z
2026-07-30T07:25:17Z,2026-07-30T09:25:17+0200,e73b670a-bc29-4bfc-b6f4-93c290a4d3ee,2026-07-03T13:45:00Z,2026-07-03T15:45:00+0200,-14.72,EUR/MWh,DK1,DK_1,imbalance_price,Short,2026-07-30T07:28:36Z
2026-07-30T07:25:17Z,2026-07-30T09:25:17+0200,e73b670a-bc29-4bfc-b6f4-93c290a4d3ee,2026-07-03T14:00:00Z,2026-07-03T16:00:00+0200,-9.92,EUR/MWh,DK1,DK_1,imbalance_price,Long,2026-07-30T07:28:36Z
2026-07-30T07:25:17Z,2026-07-30T09:25:17+0200,e73b670a-bc29-4bfc-b6f4-93c290a4d3ee,2026-07-03T14:00:00Z,2026-07-03T16:00:00+0200,-9.92,EUR/MWh,DK1,DK_1,imbalance_price,Short,2026-07-30T07:28:36Z
2026-07-30T07:25:17Z,2026-07-30T09:25:17+0200,e73b670a-bc29-4bfc-b6f4-93c290a4d3ee,2026-07-03T14:15:00Z,2026-07-03T16:15:00+0200,-20.07,EUR/MWh,DK1,DK_1,imbalance_price,Long,2026-07-30T07:28:36Z
2026-07-30T07:25:17Z,2026-07-30T09:25:17+0200,e73b670a-bc29-4bfc-b6f4-93c290a4d3ee,2026-07-03T14:15:00Z,2026-07-03T16:15:00+0200,-20.07,EUR/MWh,DK1,DK_1,imbalance_price,Short,2026-07-30T07:28:36Z
2026-07-30T07:25:17Z,2026-07-30T09:25:17+0200,e73b670a-bc29-4bfc-b6f4-93c290a4d3ee,2026-07-03T14:30:00Z,2026-07-03T16:30:00+0200,-13.38,EUR/MWh,DK1,DK_1,imbalance_price,Long,2026-07-30T07:28:36Z
2026-07-30T07:25:17Z,2026-07-30T09:25:17+0200,e73b670a-bc29-4bfc-b6f4-93c290a4d3ee,2026-07-03T14:30:00Z,2026-07-03T16:30:00+0200,-13.38,EUR/MWh,DK1,DK_1,imbalance_price,Short,2026-07-30T07:28:36Z
2026-07-30T07:25:17Z,2026-07-30T09:25:17+0200,e73b670a-bc29-4bfc-b6f4-93c290a4d3ee,2026-07-03T14:45:00Z,2026-07-03T16:45:00+0200,-20.07,EUR/MWh,DK1,DK_1,imbalance_price,Long,2026-07-30T07:28:36Z
2026-07-30T07:25:17Z,2026-07-30T09:25:17+0200,e73b670a-bc29-4bfc-b6f4-93c290a4d3ee,2026-07-03T14:45:00Z,2026-07-03T16:45:00+0200,-20.07,EUR/MWh,DK1,DK_1,imbalance_price,Short,2026-07-30T07:28:36Z
2026-07-30T07:25:17Z,2026-07-30T09:25:17+0200,e73b670a-bc29-4bfc-b6f4-93c290a4d3ee,2026-07-03T15:00:00Z,2026-07-03T17:00:00+0200,-5.53,EUR/MWh,DK1,DK_1,imbalance_price,Long,2026-07-30T07:28:36Z
2026-07-30T07:25:17Z,2026-07-30T09:25:17+0200,e73b670a-bc29-4bfc-b6f4-93c290a4d3ee,2026-07-03T15:00:00Z,2026-07-03T17:00:00+0200,-5.53,EUR/MWh,DK1,DK_1,imbalance_price,Short,2026-07-30T07:28:36Z
2026-07-30T07:25:17Z,2026-07-30T09:25:17+0200,e73b670a-bc29-4bfc-b6f4-93c290a4d3ee,2026-07-03T15:15:00Z,2026-07-03T17:15:00+0200,-13.38,EUR/MWh,DK1,DK_1,imbalance_price,Long,2026-07-30T07:28:36Z
2026-07-30T07:25:17Z,2026-07-30T09:25:17+0200,e73b670a-bc29-4bfc-b6f4-93c290a4d3ee,2026-07-03T15:15:00Z,2026-07-03T17:15:00+0200,-13.38,EUR/MWh,DK1,DK_1,imbalance_price,Short,2026-07-30T07:28:36Z
2026-07-30T07:25:17Z,2026-07-30T09:25:17+0200,e73b670a-bc29-4bfc-b6f4-93c290a4d3ee,2026-07-03T15:30:00Z,2026-07-03T17:30:00+0200,-1.0,EUR/MWh,DK1,DK_1,imbalance_price,Long,2026-07-30T07:28:36Z
2026-07-30T07:25:17Z,2026-07-30T09:25:17+0200,e73b670a-bc29-4bfc-b6f4-93c290a4d3ee,2026-07-03T15:30:00Z,2026-07-03T17:30:00+0200,-1.0,EUR/MWh,DK1,DK_1,imbalance_price,Short,2026-07-30T07:28:36Z
2026-07-30T07:25:17Z,2026-07-30T09:25:17+0200,e73b670a-bc29-4bfc-b6f4-93c290a4d3ee,2026-07-03T15:45:00Z,2026-07-03T17:45:00+0200,-2.0,EUR/MWh,DK1,DK_1,imbalance_price,Long,2026-07-30T07:28:36Z
2026-07-30T07:25:17Z,2026-07-30T09:25:17+0200,e73b670a-bc29-4bfc-b6f4-93c290a4d3ee,2026-07-03T15:45:00Z,2026-07-03T17:45:00+0200,-2.0,EUR/MWh,DK1,DK_1,imbalance_price,Short,2026-07-30T07:28:36Z
2026-07-30T07:25:17Z,2026-07-30T09:25:17+0200,e73b670a-bc29-4bfc-b6f4-93c290a4d3ee,2026-07-03T16:00:00Z,2026-07-03T18:00:00+0200,-0.87,EUR/MWh,DK1,DK_1,imbalance_price,Long,2026-07-30T07:28:36Z
2026-07-30T07:25:17Z,2026-07-30T09:25:17+0200,e73b670a-bc29-4bfc-b6f4-93c290a4d3ee,2026-07-03T16:00:00Z,2026-07-03T18:00:00+0200,-0.87,EUR/MWh,DK1,DK_1,imbalance_price,Short,2026-07-30T07:28:36Z
2026-07-30T07:25:17Z,2026-07-30T09:25:17+0200,e73b670a-bc29-4bfc-b6f4-93c290a4d3ee,2026-07-03T16:15:00Z,2026-07-03T18:15:00+0200,-3.77,EUR/MWh,DK1,DK_1,imbalance_price,Long,2026-07-30T07:28:36Z
2026-07-30T07:25:17Z,2026-07-30T09:25:17+0200,e73b670a-bc29-4bfc-b6f4-93c290a4d3ee,2026-07-03T16:15:00Z,2026-07-03T18:15:00+0200,-3.77,EUR/MWh,DK1,DK_1,imbalance_price,Short,2026-07-30T07:28:36Z
2026-07-30T07:25:17Z,2026-07-30T09:25:17+0200,e73b670a-bc29-4bfc-b6f4-93c290a4d3ee,2026-07-03T16:30:00Z,2026-07-03T18:30:00+0200,-22.72,EUR/MWh,DK1,DK_1,imbalance_price,Long,2026-07-30T07:28:36Z
2026-07-30T07:25:17Z,2026-07-30T09:25:17+0200,e73b670a-bc29-4bfc-b6f4-93c290a4d3ee,2026-07-03T16:30:00Z,2026-07-03T18:30:00+0200,-22.72,EUR/MWh,DK1,DK_1,imbalance_price,Short,2026-07-30T07:28:36Z
2026-07-30T07:25:17Z,2026-07-30T09:25:17+0200,e73b670a-bc29-4bfc-b6f4-93c290a4d3ee,2026-07-03T16:45:00Z,2026-07-03T18:45:00+0200,-5.05,EUR/MWh,DK1,DK_1,imbalance_price,Long,2026-07-30T07:28:36Z
2026-07-30T07:25:17Z,2026-07-30T09:25:17+0200,e73b670a-bc29-4bfc-b6f4-93c290a4d3ee,2026-07-03T16:45:00Z,2026-07-03T18:45:00+0200,-5.05,EUR/MWh,DK1,DK_1,imbalance_price,Short,2026-07-30T07:28:36Z
2026-07-30T07:25:17Z,2026-07-30T09:25:17+0200,e73b670a-bc29-4bfc-b6f4-93c290a4d3ee,2026-07-03T17:00:00Z,2026-07-03T19:00:00+0200,-1.44,EUR/MWh,DK1,DK_1,imbalance_price,Long,2026-07-30T07:28:36Z
2026-07-30T07:25:17Z,2026-07-30T09:25:17+0200,e73b670a-bc29-4bfc-b6f4-93c290a4d3ee,2026-07-03T17:00:00Z,2026-07-03T19:00:00+0200,-1.44,EUR/MWh,DK1,DK_1,imbalance_price,Short,2026-07-30T07:28:36Z
2026-07-30T07:25:17Z,2026-07-30T09:25:17+0200,e73b670a-bc29-4bfc-b6f4-93c290a4d3ee,2026-07-03T17:15:00Z,2026-07-03T19:15:00+0200,-4.55,EUR/MWh,DK1,DK_1,imbalance_price,Long,2026-07-30T07:28:36Z
2026-07-30T07:25:17Z,2026-07-30T09:25:17+0200,e73b670a-bc29-4bfc-b6f4-93c290a4d3ee,2026-07-03T17:15:00Z,2026-07-03T19:15:00+0200,-4.55,EUR/MWh,DK1,DK_1,imbalance_price,Short,2026-07-30T07:28:36Z
2026-07-30T07:25:17Z,2026-07-30T09:25:17+0200,e73b670a-bc29-4bfc-b6f4-93c290a4d3ee,2026-07-03T17:30:00Z,2026-07-03T19:30:00+0200,47.62,EUR/MWh,DK1,DK_1,imbalance_price,Long,2026-07-30T07:28:36Z
2026-07-30T07:25:17Z,2026-07-30T09:25:17+0200,e73b670a-bc29-4bfc-b6f4-93c290a4d3ee,2026-07-03T17:30:00Z,2026-07-03T19:30:00+0200,47.62,EUR/MWh,DK1,DK_1,imbalance_price,Short,2026-07-30T07:28:36Z
2026-07-30T07:25:17Z,2026-07-30T09:25:17+0200,e73b670a-bc29-4bfc-b6f4-93c290a4d3ee,2026-07-03T17:45:00Z,2026-07-03T19:45:00+0200,-6.69,EUR/MWh,DK1,DK_1,imbalance_price,Long,2026-07-30T07:28:36Z
2026-07-30T07:25:17Z,2026-07-30T09:25:17+0200,e73b670a-bc29-4bfc-b6f4-93c290a4d3ee,2026-07-03T17:45:00Z,2026-07-03T19:45:00+0200,-6.69,EUR/MWh,DK1,DK_1,imbalance_price,Short,2026-07-30T07:28:36Z
2026-07-30T07:25:17Z,2026-07-30T09:25:17+0200,e73b670a-bc29-4bfc-b6f4-93c290a4d3ee,2026-07-03T18:00:00Z,2026-07-03T20:00:00+0200,-10.71,EUR/MWh,DK1,DK_1,imbalance_price,Long,2026-07-30T07:28:36Z
2026-07-30T07:25:17Z,2026-07-30T09:25:17+0200,e73b670a-bc29-4bfc-b6f4-93c290a4d3ee,2026-07-03T18:00:00Z,2026-07-03T20:00:00+0200,-10.71,EUR/MWh,DK1,DK_1,imbalance_price,Short,2026-07-30T07:28:36Z
2026-07-30T07:25:17Z,2026-07-30T09:25:17+0200,e73b670a-bc29-4bfc-b6f4-93c290a4d3ee,2026-07-03T18:15:00Z,2026-07-03T20:15:00+0200,-13.38,EUR/MWh,DK1,DK_1,imbalance_price,Long,2026-07-30T07:28:36Z
2026-07-30T07:25:17Z,2026-07-30T09:25:17+0200,e73b670a-bc29-4bfc-b6f4-93c290a4d3ee,2026-07-03T18:15:00Z,2026-07-03T20:15:00+0200,-13.38,EUR/MWh,DK1,DK_1,imbalance_price,Short,2026-07-30T07:28:36Z
2026-07-30T07:25:17Z,2026-07-30T09:25:17+0200,e73b670a-bc29-4bfc-b6f4-93c290a4d3ee,2026-07-03T18:30:00Z,2026-07-03T20:30:00+0200,-14.72,EUR/MWh,DK1,DK_1,imbalance_price,Long,2026-07-30T07:28:36Z
2026-07-30T07:25:17Z,2026-07-30T09:25:17+0200,e73b670a-bc29-4bfc-b6f4-93c290a4d3ee,2026-07-03T18:30:00Z,2026-07-03T20:30:00+0200,-14.72,EUR/MWh,DK1,DK_1,imbalance_price,Short,2026-07-30T07:28:36Z
2026-07-30T07:25:17Z,2026-07-30T09:25:17+0200,e73b670a-bc29-4bfc-b6f4-93c290a4d3ee,2026-07-03T18:45:00Z,2026-07-03T20:45:00+0200,-13.38,EUR/MWh,DK1,DK_1,imbalance_price,Long,2026-07-30T07:28:36Z
2026-07-30T07:25:17Z,2026-07-30T09:25:17+0200,e73b670a-bc29-4bfc-b6f4-93c290a4d3ee,2026-07-03T18:45:00Z,2026-07-03T20:45:00+0200,-13.38,EUR/MWh,DK1,DK_1,imbalance_price,Short,2026-07-30T07:28:36Z
2026-07-30T07:25:17Z,2026-07-30T09:25:17+0200,e73b670a-bc29-4bfc-b6f4-93c290a4d3ee,2026-07-03T19:00:00Z,2026-07-03T21:00:00+0200,-12.96,EUR/MWh,DK1,DK_1,imbalance_price,Long,2026-07-30T07:28:36Z
2026-07-30T07:25:17Z,2026-07-30T09:25:17+0200,e73b670a-bc29-4bfc-b6f4-93c290a4d3ee,2026-07-03T19:00:00Z,2026-07-03T21:00:00+0200,-12.96,EUR/MWh,DK1,DK_1,imbalance_price,Short,2026-07-30T07:28:36Z
2026-07-30T07:25:17Z,2026-07-30T09:25:17+0200,e73b670a-bc29-4bfc-b6f4-93c290a4d3ee,2026-07-03T19:15:00Z,2026-07-03T21:15:00+0200,-13.38,EUR/MWh,DK1,DK_1,imbalance_price,Long,2026-07-30T07:28:36Z
2026-07-30T07:25:17Z,2026-07-30T09:25:17+0200,e73b670a-bc29-4bfc-b6f4-93c290a4d3ee,2026-07-03T19:15:00Z,2026-07-03T21:15:00+0200,-13.38,EUR/MWh,DK1,DK_1,imbalance_price,Short,2026-07-30T07:28:36Z
2026-07-30T07:25:17Z,2026-07-30T09:25:17+0200,e73b670a-bc29-4bfc-b6f4-93c290a4d3ee,2026-07-03T19:30:00Z,2026-07-03T21:30:00+0200,-10.04,EUR/MWh,DK1,DK_1,imbalance_price,Long,2026-07-30T07:28:36Z
2026-07-30T07:25:17Z,2026-07-30T09:25:17+0200,e73b670a-bc29-4bfc-b6f4-93c290a4d3ee,2026-07-03T19:30:00Z,2026-07-03T21:30:00+0200,-10.04,EUR/MWh,DK1,DK_1,imbalance_price,Short,2026-07-30T07:28:36Z
2026-07-30T07:25:17Z,2026-07-30T09:25:17+0200,e73b670a-bc29-4bfc-b6f4-93c290a4d3ee,2026-07-03T19:45:00Z,2026-07-03T21:45:00+0200,-13.38,EUR/MWh,DK1,DK_1,imbalance_price,Long,2026-07-30T07:28:36Z
2026-07-30T07:25:17Z,2026-07-30T09:25:17+0200,e73b670a-bc29-4bfc-b6f4-93c290a4d3ee,2026-07-03T19:45:00Z,2026-07-03T21:45:00+0200,-13.38,EUR/MWh,DK1,DK_1,imbalance_price,Short,2026-07-30T07:28:36Z
2026-07-30T07:25:17Z,2026-07-30T09:25:17+0200,e73b670a-bc29-4bfc-b6f4-93c290a4d3ee,2026-07-03T20:00:00Z,2026-07-03T22:00:00+0200,-9.98,EUR/MWh,DK1,DK_1,imbalance_price,Long,2026-07-30T07:28:36Z
2026-07-30T07:25:17Z,2026-07-30T09:25:17+0200,e73b670a-bc29-4bfc-b6f4-93c290a4d3ee,2026-07-03T20:00:00Z,2026-07-03T22:00:00+0200,-9.98,EUR/MWh,DK1,DK_1,imbalance_price,Short,2026-07-30T07:28:36Z
2026-07-30T07:25:17Z,2026-07-30T09:25:17+0200,e73b670a-bc29-4bfc-b6f4-93c290a4d3ee,2026-07-03T20:15:00Z,2026-07-03T22:15:00+0200,-10.04,EUR/MWh,DK1,DK_1,imbalance_price,Long,2026-07-30T07:28:36Z
2026-07-30T07:25:17Z,2026-07-30T09:25:17+0200,e73b670a-bc29-4bfc-b6f4-93c290a4d3ee,2026-07-03T20:15:00Z,2026-07-03T22:15:00+0200,-10.04,EUR/MWh,DK1,DK_1,imbalance_price,Short,2026-07-30T07:28:36Z
2026-07-30T07:25:17Z,2026-07-30T09:25:17+0200,e73b670a-bc29-4bfc-b6f4-93c290a4d3ee,2026-07-03T20:30:00Z,2026-07-03T22:30:00+0200,-13.38,EUR/MWh,DK1,DK_1,imbalance_price,Long,2026-07-30T07:28:36Z
2026-07-30T07:25:17Z,2026-07-30T09:25:17+0200,e73b670a-bc29-4bfc-b6f4-93c290a4d3ee,2026-07-03T20:30:00Z,2026-07-03T22:30:00+0200,-13.38,EUR/MWh,DK1,DK_1,imbalance_price,Short,2026-07-30T07:28:36Z
2026-07-30T07:25:17Z,2026-07-30T09:25:17+0200,e73b670a-bc29-4bfc-b6f4-93c290a4d3ee,2026-07-03T20:45:00Z,2026-07-03T22:45:00+0200,-8.71,EUR/MWh,DK1,DK_1,imbalance_price,Long,2026-07-30T07:28:36Z
2026-07-30T07:25:17Z,2026-07-30T09:25:17+0200,e73b670a-bc29-4bfc-b6f4-93c290a4d3ee,2026-07-03T20:45:00Z,2026-07-03T22:45:00+0200,-8.71,EUR/MWh,DK1,DK_1,imbalance_price,Short,2026-07-30T07:28:36Z
2026-07-30T07:25:17Z,2026-07-30T09:25:17+0200,e73b670a-bc29-4bfc-b6f4-93c290a4d3ee,2026-07-03T21:00:00Z,2026-07-03T23:00:00+0200,115.64,EUR/MWh,DK1,DK_1,imbalance_price,Long,2026-07-30T07:28:36Z
2026-07-30T07:25:17Z,2026-07-30T09:25:17+0200,e73b670a-bc29-4bfc-b6f4-93c290a4d3ee,2026-07-03T21:00:00Z,2026-07-03T23:00:00+0200,115.64,EUR/MWh,DK1,DK_1,imbalance_price,Short,2026-07-30T07:28:36Z
2026-07-30T07:25:17Z,2026-07-30T09:25:17+0200,e73b670a-bc29-4bfc-b6f4-93c290a4d3ee,2026-07-03T21:15:00Z,2026-07-03T23:15:00+0200,267.57,EUR/MWh,DK1,DK_1,imbalance_price,Long,2026-07-30T07:28:36Z
2026-07-30T07:25:17Z,2026-07-30T09:25:17+0200,e73b670a-bc29-4bfc-b6f4-93c290a4d3ee,2026-07-03T21:15:00Z,2026-07-03T23:15:00+0200,267.57,EUR/MWh,DK1,DK_1,imbalance_price,Short,2026-07-30T07:28:36Z
2026-07-30T07:25:17Z,2026-07-30T09:25:17+0200,e73b670a-bc29-4bfc-b6f4-93c290a4d3ee,2026-07-03T21:30:00Z,2026-07-03T23:30:00+0200,-1.94,EUR/MWh,DK1,DK_1,imbalance_price,Long,2026-07-30T07:28:36Z
2026-07-30T07:25:17Z,2026-07-30T09:25:17+0200,e73b670a-bc29-4bfc-b6f4-93c290a4d3ee,2026-07-03T21:30:00Z,2026-07-03T23:30:00+0200,-1.94,EUR/MWh,DK1,DK_1,imbalance_price,Short,2026-07-30T07:28:36Z
2026-07-30T07:25:17Z,2026-07-30T09:25:17+0200,e73b670a-bc29-4bfc-b6f4-93c290a4d3ee,2026-07-03T21:45:00Z,2026-07-03T23:45:00+0200,1.6,EUR/MWh,DK1,DK_1,imbalance_price,Long,2026-07-30T07:28:36Z
2026-07-30T07:25:17Z,2026-07-30T09:25:17+0200,e73b670a-bc29-4bfc-b6f4-93c290a4d3ee,2026-07-03T21:45:00Z,2026-07-03T23:45:00+0200,1.6,EUR/MWh,DK1,DK_1,imbalance_price,Short,2026-07-30T07:28:36Z
2026-07-30T07:25:17Z,2026-07-30T09:25:17+0200,e73b670a-bc29-4bfc-b6f4-93c290a4d3ee,2026-07-03T22:00:00Z,2026-07-04T00:00:00+0200,361.1,EUR/MWh,DK1,DK_1,imbalance_price,Long,2026-07-30T07:28:36Z
2026-07-30T07:25:17Z,2026-07-30T09:25:17+0200,e73b670a-bc29-4bfc-b6f4-93c290a4d3ee,2026-07-03T22:00:00Z,2026-07-04T00:00:00+0200,361.1,EUR/MWh,DK1,DK_1,imbalance_price,Short,2026-07-30T07:28:36Z
2026-07-30T07:25:17Z,2026-07-30T09:25:17+0200,e73b670a-bc29-4bfc-b6f4-93c290a4d3ee,2026-07-03T22:15:00Z,2026-07-04T00:15:00+0200,504.66,EUR/MWh,DK1,DK_1,imbalance_price,Long,2026-07-30T07:28:36Z
2026-07-30T07:25:17Z,2026-07-30T09:25:17+0200,e73b670a-bc29-4bfc-b6f4-93c290a4d3ee,2026-07-03T22:15:00Z,2026-07-04T00:15:00+0200,504.66,EUR/MWh,DK1,DK_1,imbalance_price,Short,2026-07-30T07:28:36Z
2026-07-30T07:25:17Z,2026-07-30T09:25:17+0200,e73b670a-bc29-4bfc-b6f4-93c290a4d3ee,2026-07-03T22:30:00Z,2026-07-04T00:30:00+0200,1003.36,EUR/MWh,DK1,DK_1,imbalance_price,Long,2026-07-30T07:28:36Z
2026-07-30T07:25:17Z,2026-07-30T09:25:17+0200,e73b670a-bc29-4bfc-b6f4-93c290a4d3ee,2026-07-03T22:30:00Z,2026-07-04T00:30:00+0200,1003.36,EUR/MWh,DK1,DK_1,imbalance_price,Short,2026-07-30T07:28:36Z
2026-07-30T07:25:17Z,2026-07-30T09:25:17+0200,e73b670a-bc29-4bfc-b6f4-93c290a4d3ee,2026-07-03T22:45:00Z,2026-07-04T00:45:00+0200,602.02,EUR/MWh,DK1,DK_1,imbalance_price,Long,2026-07-30T07:28:36Z
2026-07-30T07:25:17Z,2026-07-30T09:25:17+0200,e73b670a-bc29-4bfc-b6f4-93c290a4d3ee,2026-07-03T22:45:00Z,2026-07-04T00:45:00+0200,602.02,EUR/MWh,DK1,DK_1,imbalance_price,Short,2026-07-30T07:28:36Z
2026-07-30T07:25:17Z,2026-07-30T09:25:17+0200,e73b670a-bc29-4bfc-b6f4-93c290a4d3ee,2026-07-03T23:00:00Z,2026-07-04T01:00:00+0200,535.04,EUR/MWh,DK1,DK_1,imbalance_price,Long,2026-07-30T07:28:36Z
2026-07-30T07:25:17Z,2026-07-30T09:25:17+0200,e73b670a-bc29-4bfc-b6f4-93c290a4d3ee,2026-07-03T23:00:00Z,2026-07-04T01:00:00+0200,535.04,EUR/MWh,DK1,DK_1,imbalance_price,Short,2026-07-30T07:28:36Z
2026-07-30T07:25:17Z,2026-07-30T09:25:17+0200,e73b670a-bc29-4bfc-b6f4-93c290a4d3ee,2026-07-03T23:15:00Z,2026-07-04T01:15:00+0200,602.1,EUR/MWh,DK1,DK_1,imbalance_price,Long,2026-07-30T07:28:36Z
2026-07-30T07:25:17Z,2026-07-30T09:25:17+0200,e73b670a-bc29-4bfc-b6f4-93c290a4d3ee,2026-07-03T23:15:00Z,2026-07-04T01:15:00+0200,602.1,EUR/MWh,DK1,DK_1,imbalance_price,Short,2026-07-30T07:28:36Z
2026-07-30T07:25:17Z,2026-07-30T09:25:17+0200,e73b670a-bc29-4bfc-b6f4-93c290a4d3ee,2026-07-03T23:30:00Z,2026-07-04T01:30:00+0200,401.4,EUR/MWh,DK1,DK_1,imbalance_price,Long,2026-07-30T07:28:36Z
2026-07-30T07:25:17Z,2026-07-30T09:25:17+0200,e73b670a-bc29-4bfc-b6f4-93c290a4d3ee,2026-07-03T23:30:00Z,2026-07-04T01:30:00+0200,401.4,EUR/MWh,DK1,DK_1,imbalance_price,Short,2026-07-30T07:28:36Z
2026-07-30T07:25:17Z,2026-07-30T09:25:17+0200,e73b670a-bc29-4bfc-b6f4-93c290a4d3ee,2026-07-03T23:45:00Z,2026-07-04T01:45:00+0200,240.83,EUR/MWh,DK1,DK_1,imbalance_price,Long,2026-07-30T07:28:36Z
2026-07-30T07:25:17Z,2026-07-30T09:25:17+0200,e73b670a-bc29-4bfc-b6f4-93c290a4d3ee,2026-07-03T23:45:00Z,2026-07-04T01:45:00+0200,240.83,EUR/MWh,DK1,DK_1,imbalance_price,Short,2026-07-30T07:28:36Z
2026-07-30T07:25:17Z,2026-07-30T09:25:17+0200,e73b670a-bc29-4bfc-b6f4-93c290a4d3ee,2026-07-04T00:00:00Z,2026-07-04T02:00:00+0200,-15.49,EUR/MWh,DK1,DK_1,imbalance_price,Long,2026-07-30T07:28:36Z
2026-07-30T07:25:17Z,2026-07-30T09:25:17+0200,e73b670a-bc29-4bfc-b6f4-93c290a4d3ee,2026-07-04T00:00:00Z,2026-07-04T02:00:00+0200,-15.49,EUR/MWh,DK1,DK_1,imbalance_price,Short,2026-07-30T07:28:36Z
2026-07-30T07:25:17Z,2026-07-30T09:25:17+0200,e73b670a-bc29-4bfc-b6f4-93c290a4d3ee,2026-07-04T00:15:00Z,2026-07-04T02:15:00+0200,-14.29,EUR/MWh,DK1,DK_1,imbalance_price,Long,2026-07-30T07:28:36Z
2026-07-30T07:25:17Z,2026-07-30T09:25:17+0200,e73b670a-bc29-4bfc-b6f4-93c290a4d3ee,2026-07-04T00:15:00Z,2026-07-04T02:15:00+0200,-14.29,EUR/MWh,DK1,DK_1,imbalance_price,Short,2026-07-30T07:28:36Z
2026-07-30T07:25:17Z,2026-07-30T09:25:17+0200,e73b670a-bc29-4bfc-b6f4-93c290a4d3ee,2026-07-04T00:30:00Z,2026-07-04T02:30:00+0200,-19.98,EUR/MWh,DK1,DK_1,imbalance_price,Long,2026-07-30T07:28:36Z
2026-07-30T07:25:17Z,2026-07-30T09:25:17+0200,e73b670a-bc29-4bfc-b6f4-93c290a4d3ee,2026-07-04T00:30:00Z,2026-07-04T02:30:00+0200,-19.98,EUR/MWh,DK1,DK_1,imbalance_price,Short,2026-07-30T07:28:36Z
2026-07-30T07:25:17Z,2026-07-30T09:25:17+0200,e73b670a-bc29-4bfc-b6f4-93c290a4d3ee,2026-07-04T00:45:00Z,2026-07-04T02:45:00+0200,-17.6,EUR/MWh,DK1,DK_1,imbalance_price,Long,2026-07-30T07:28:36Z
2026-07-30T07:25:17Z,2026-07-30T09:25:17+0200,e73b670a-bc29-4bfc-b6f4-93c290a4d3ee,2026-07-04T00:45:00Z,2026-07-04T02:45:00+0200,-17.6,EUR/MWh,DK1,DK_1,imbalance_price,Short,2026-07-30T07:28:36Z
2026-07-30T07:25:17Z,2026-07-30T09:25:17+0200,e73b670a-bc29-4bfc-b6f4-93c290a4d3ee,2026-07-04T01:00:00Z,2026-07-04T03:00:00+0200,0.0,EUR/MWh,DK1,DK_1,imbalance_price,Long,2026-07-30T07:28:36Z
2026-07-30T07:25:17Z,2026-07-30T09:25:17+0200,e73b670a-bc29-4bfc-b6f4-93c290a4d3ee,2026-07-04T01:00:00Z,2026-07-04T03:00:00+0200,0.0,EUR/MWh,DK1,DK_1,imbalance_price,Short,2026-07-30T07:28:36Z
2026-07-30T07:25:17Z,2026-07-30T09:25:17+0200,e73b670a-bc29-4bfc-b6f4-93c290a4d3ee,2026-07-04T01:15:00Z,2026-07-04T03:15:00+0200,5.35,EUR/MWh,DK1,DK_1,imbalance_price,Long,2026-07-30T07:28:36Z
2026-07-30T07:25:17Z,2026-07-30T09:25:17+0200,e73b670a-bc29-4bfc-b6f4-93c290a4d3ee,2026-07-04T01:15:00Z,2026-07-04T03:15:00+0200,5.35,EUR/MWh,DK1,DK_1,imbalance_price,Short,2026-07-30T07:28:36Z
2026-07-30T07:25:17Z,2026-07-30T09:25:17+0200,e73b670a-bc29-4bfc-b6f4-93c290a4d3ee,2026-07-04T01:30:00Z,2026-07-04T03:30:00+0200,535.2,EUR/MWh,DK1,DK_1,imbalance_price,Long,2026-07-30T07:28:36Z
2026-07-30T07:25:17Z,2026-07-30T09:25:17+0200,e73b670a-bc29-4bfc-b6f4-93c290a4d3ee,2026-07-04T01:30:00Z,2026-07-04T03:30:00+0200,535.2,EUR/MWh,DK1,DK_1,imbalance_price,Short,2026-07-30T07:28:36Z
2026-07-30T07:25:17Z,2026-07-30T09:25:17+0200,e73b670a-bc29-4bfc-b6f4-93c290a4d3ee,2026-07-04T01:45:00Z,2026-07-04T03:45:00+0200,334.48,EUR/MWh,DK1,DK_1,imbalance_price,Long,2026-07-30T07:28:36Z
2026-07-30T07:25:17Z,2026-07-30T09:25:17+0200,e73b670a-bc29-4bfc-b6f4-93c290a4d3ee,2026-07-04T01:45:00Z,2026-07-04T03:45:00+0200,334.48,EUR/MWh,DK1,DK_1,imbalance_price,Short,2026-07-30T07:28:36Z
2026-07-30T07:25:17Z,2026-07-30T09:25:17+0200,e73b670a-bc29-4bfc-b6f4-93c290a4d3ee,2026-07-04T02:00:00Z,2026-07-04T04:00:00+0200,535.2,EUR/MWh,DK1,DK_1,imbalance_price,Long,2026-07-30T07:28:36Z
2026-07-30T07:25:17Z,2026-07-30T09:25:17+0200,e73b670a-bc29-4bfc-b6f4-93c290a4d3ee,2026-07-04T02:00:00Z,2026-07-04T04:00:00+0200,535.2,EUR/MWh,DK1,DK_1,imbalance_price,Short,2026-07-30T07:28:36Z
2026-07-30T07:25:17Z,2026-07-30T09:25:17+0200,e73b670a-bc29-4bfc-b6f4-93c290a4d3ee,2026-07-04T02:15:00Z,2026-07-04T04:15:00+0200,535.2,EUR/MWh,DK1,DK_1,imbalance_price,Long,2026-07-30T07:28:36Z
2026-07-30T07:25:17Z,2026-07-30T09:25:17+0200,e73b670a-bc29-4bfc-b6f4-93c290a4d3ee,2026-07-04T02:15:00Z,2026-07-04T04:15:00+0200,535.2,EUR/MWh,DK1,DK_1,imbalance_price,Short,2026-07-30T07:28:36Z
2026-07-30T07:25:17Z,2026-07-30T09:25:17+0200,e73b670a-bc29-4bfc-b6f4-93c290a4d3ee,2026-07-04T02:30:00Z,2026-07-04T04:30:00+0200,83.32,EUR/MWh,DK1,DK_1,imbalance_price,Long,2026-07-30T07:28:36Z
2026-07-30T07:25:17Z,2026-07-30T09:25:17+0200,e73b670a-bc29-4bfc-b6f4-93c290a4d3ee,2026-07-04T02:30:00Z,2026-07-04T04:30:00+0200,83.32,EUR/MWh,DK1,DK_1,imbalance_price,Short,2026-07-30T07:28:36Z
2026-07-30T07:25:17Z,2026-07-30T09:25:17+0200,e73b670a-bc29-4bfc-b6f4-93c290a4d3ee,2026-07-04T02:45:00Z,2026-07-04T04:45:00+0200,9.02,EUR/MWh,DK1,DK_1,imbalance_price,Long,2026-07-30T07:28:36Z
2026-07-30T07:25:17Z,2026-07-30T09:25:17+0200,e73b670a-bc29-4bfc-b6f4-93c290a4d3ee,2026-07-04T02:45:00Z,2026-07-04T04:45:00+0200,9.02,EUR/MWh,DK1,DK_1,imbalance_price,Short,2026-07-30T07:28:36Z
2026-07-30T07:25:17Z,2026-07-30T09:25:17+0200,e73b670a-bc29-4bfc-b6f4-93c290a4d3ee,2026-07-04T03:00:00Z,2026-07-04T05:00:00+0200,5.35,EUR/MWh,DK1,DK_1,imbalance_price,Long,2026-07-30T07:28:36Z
2026-07-30T07:25:17Z,2026-07-30T09:25:17+0200,e73b670a-bc29-4bfc-b6f4-93c290a4d3ee,2026-07-04T03:00:00Z,2026-07-04T05:00:00+0200,5.35,EUR/MWh,DK1,DK_1,imbalance_price,Short,2026-07-30T07:28:36Z
2026-07-30T07:25:17Z,2026-07-30T09:25:17+0200,e73b670a-bc29-4bfc-b6f4-93c290a4d3ee,2026-07-04T03:15:00Z,2026-07-04T05:15:00+0200,43.78,EUR/MWh,DK1,DK_1,imbalance_price,Long,2026-07-30T07:28:36Z
2026-07-30T07:25:17Z,2026-07-30T09:25:17+0200,e73b670a-bc29-4bfc-b6f4-93c290a4d3ee,2026-07-04T03:15:00Z,2026-07-04T05:15:00+0200,43.78,EUR/MWh,DK1,DK_1,imbalance_price,Short,2026-07-30T07:28:36Z
2026-07-30T07:25:17Z,2026-07-30T09:25:17+0200,e73b670a-bc29-4bfc-b6f4-93c290a4d3ee,2026-07-04T03:30:00Z,2026-07-04T05:30:00+0200,200.56,EUR/MWh,DK1,DK_1,imbalance_price,Long,2026-07-30T07:28:36Z
2026-07-30T07:25:17Z,2026-07-30T09:25:17+0200,e73b670a-bc29-4bfc-b6f4-93c290a4d3ee,2026-07-04T03:30:00Z,2026-07-04T05:30:00+0200,200.56,EUR/MWh,DK1,DK_1,imbalance_price,Short,2026-07-30T07:28:36Z
2026-07-30T07:25:17Z,2026-07-30T09:25:17+0200,e73b670a-bc29-4bfc-b6f4-93c290a4d3ee,2026-07-04T03:45:00Z,2026-07-04T05:45:00+0200,267.6,EUR/MWh,DK1,DK_1,imbalance_price,Long,2026-07-30T07:28:36Z
2026-07-30T07:25:17Z,2026-07-30T09:25:17+0200,e73b670a-bc29-4bfc-b6f4-93c290a4d3ee,2026-07-04T03:45:00Z,2026-07-04T05:45:00+0200,267.6,EUR/MWh,DK1,DK_1,imbalance_price,Short,2026-07-30T07:28:36Z
2026-07-30T07:25:17Z,2026-07-30T09:25:17+0200,e73b670a-bc29-4bfc-b6f4-93c290a4d3ee,2026-07-04T04:00:00Z,2026-07-04T06:00:00+0200,535.04,EUR/MWh,DK1,DK_1,imbalance_price,Long,2026-07-30T07:28:36Z
2026-07-30T07:25:17Z,2026-07-30T09:25:17+0200,e73b670a-bc29-4bfc-b6f4-93c290a4d3ee,2026-07-04T04:00:00Z,2026-07-04T06:00:00+0200,535.04,EUR/MWh,DK1,DK_1,imbalance_price,Short,2026-07-30T07:28:36Z
2026-07-30T07:25:17Z,2026-07-30T09:25:17+0200,e73b670a-bc29-4bfc-b6f4-93c290a4d3ee,2026-07-04T04:15:00Z,2026-07-04T06:15:00+0200,388.0,EUR/MWh,DK1,DK_1,imbalance_price,Long,2026-07-30T07:28:36Z
2026-07-30T07:25:17Z,2026-07-30T09:25:17+0200,e73b670a-bc29-4bfc-b6f4-93c290a4d3ee,2026-07-04T04:15:00Z,2026-07-04T06:15:00+0200,388.0,EUR/MWh,DK1,DK_1,imbalance_price,Short,2026-07-30T07:28:36Z
2026-07-30T07:25:17Z,2026-07-30T09:25:17+0200,e73b670a-bc29-4bfc-b6f4-93c290a4d3ee,2026-07-04T04:30:00Z,2026-07-04T06:30:00+0200,361.11,EUR/MWh,DK1,DK_1,imbalance_price,Long,2026-07-30T07:28:36Z
2026-07-30T07:25:17Z,2026-07-30T09:25:17+0200,e73b670a-bc29-4bfc-b6f4-93c290a4d3ee,2026-07-04T04:30:00Z,2026-07-04T06:30:00+0200,361.11,EUR/MWh,DK1,DK_1,imbalance_price,Short,2026-07-30T07:28:36Z
2026-07-30T07:25:17Z,2026-07-30T09:25:17+0200,e73b670a-bc29-4bfc-b6f4-93c290a4d3ee,2026-07-04T04:45:00Z,2026-07-04T06:45:00+0200,77.2,EUR/MWh,DK1,DK_1,imbalance_price,Long,2026-07-30T07:28:36Z
2026-07-30T07:25:17Z,2026-07-30T09:25:17+0200,e73b670a-bc29-4bfc-b6f4-93c290a4d3ee,2026-07-04T04:45:00Z,2026-07-04T06:45:00+0200,77.2,EUR/MWh,DK1,DK_1,imbalance_price,Short,2026-07-30T07:28:36Z
2026-07-30T07:25:17Z,2026-07-30T09:25:17+0200,e73b670a-bc29-4bfc-b6f4-93c290a4d3ee,2026-07-04T05:00:00Z,2026-07-04T07:00:00+0200,79.96,EUR/MWh,DK1,DK_1,imbalance_price,Long,2026-07-30T07:28:36Z
2026-07-30T07:25:17Z,2026-07-30T09:25:17+0200,e73b670a-bc29-4bfc-b6f4-93c290a4d3ee,2026-07-04T05:00:00Z,2026-07-04T07:00:00+0200,79.96,EUR/MWh,DK1,DK_1,imbalance_price,Short,2026-07-30T07:28:36Z
2026-07-30T07:25:17Z,2026-07-30T09:25:17+0200,e73b670a-bc29-4bfc-b6f4-93c290a4d3ee,2026-07-04T05:15:00Z,2026-07-04T07:15:00+0200,79.82,EUR/MWh,DK1,DK_1,imbalance_price,Long,2026-07-30T07:28:36Z
2026-07-30T07:25:17Z,2026-07-30T09:25:17+0200,e73b670a-bc29-4bfc-b6f4-93c290a4d3ee,2026-07-04T05:15:00Z,2026-07-04T07:15:00+0200,79.82,EUR/MWh,DK1,DK_1,imbalance_price,Short,2026-07-30T07:28:36Z
2026-07-30T07:25:17Z,2026-07-30T09:25:17+0200,e73b670a-bc29-4bfc-b6f4-93c290a4d3ee,2026-07-04T05:30:00Z,2026-07-04T07:30:00+0200,-34.87,EUR/MWh,DK1,DK_1,imbalance_price,Long,2026-07-30T07:28:36Z
2026-07-30T07:25:17Z,2026-07-30T09:25:17+0200,e73b670a-bc29-4bfc-b6f4-93c290a4d3ee,2026-07-04T05:30:00Z,2026-07-04T07:30:00+0200,-34.87,EUR/MWh,DK1,DK_1,imbalance_price,Short,2026-07-30T07:28:36Z
2026-07-30T07:25:17Z,2026-07-30T09:25:17+0200,e73b670a-bc29-4bfc-b6f4-93c290a4d3ee,2026-07-04T05:45:00Z,2026-07-04T07:45:00+0200,-26.74,EUR/MWh,DK1,DK_1,imbalance_price,Long,2026-07-30T07:28:36Z
2026-07-30T07:25:17Z,2026-07-30T09:25:17+0200,e73b670a-bc29-4bfc-b6f4-93c290a4d3ee,2026-07-04T05:45:00Z,2026-07-04T07:45:00+0200,-26.74,EUR/MWh,DK1,DK_1,imbalance_price,Short,2026-07-30T07:28:36Z
2026-07-30T07:25:17Z,2026-07-30T09:25:17+0200,e73b670a-bc29-4bfc-b6f4-93c290a4d3ee,2026-07-04T06:00:00Z,2026-07-04T08:00:00+0200,-18.28,EUR/MWh,DK1,DK_1,imbalance_price,Long,2026-07-30T07:28:36Z
2026-07-30T07:25:17Z,2026-07-30T09:25:17+0200,e73b670a-bc29-4bfc-b6f4-93c290a4d3ee,2026-07-04T06:00:00Z,2026-07-04T08:00:00+0200,-18.28,EUR/MWh,DK1,DK_1,imbalance_price,Short,2026-07-30T07:28:36Z
2026-07-30T07:25:17Z,2026-07-30T09:25:17+0200,e73b670a-bc29-4bfc-b6f4-93c290a4d3ee,2026-07-04T06:15:00Z,2026-07-04T08:15:00+0200,-34.95,EUR/MWh,DK1,DK_1,imbalance_price,Long,2026-07-30T07:28:36Z
2026-07-30T07:25:17Z,2026-07-30T09:25:17+0200,e73b670a-bc29-4bfc-b6f4-93c290a4d3ee,2026-07-04T06:15:00Z,2026-07-04T08:15:00+0200,-34.95,EUR/MWh,DK1,DK_1,imbalance_price,Short,2026-07-30T07:28:36Z
2026-07-30T07:25:17Z,2026-07-30T09:25:17+0200,e73b670a-bc29-4bfc-b6f4-93c290a4d3ee,2026-07-04T06:30:00Z,2026-07-04T08:30:00+0200,-10.61,EUR/MWh,DK1,DK_1,imbalance_price,Long,2026-07-30T07:28:36Z
2026-07-30T07:25:17Z,2026-07-30T09:25:17+0200,e73b670a-bc29-4bfc-b6f4-93c290a4d3ee,2026-07-04T06:30:00Z,2026-07-04T08:30:00+0200,-10.61,EUR/MWh,DK1,DK_1,imbalance_price,Short,2026-07-30T07:28:36Z
2026-07-30T07:25:17Z,2026-07-30T09:25:17+0200,e73b670a-bc29-4bfc-b6f4-93c290a4d3ee,2026-07-04T06:45:00Z,2026-07-04T08:45:00+0200,-14.48,EUR/MWh,DK1,DK_1,imbalance_price,Long,2026-07-30T07:28:36Z
2026-07-30T07:25:17Z,2026-07-30T09:25:17+0200,e73b670a-bc29-4bfc-b6f4-93c290a4d3ee,2026-07-04T06:45:00Z,2026-07-04T08:45:00+0200,-14.48,EUR/MWh,DK1,DK_1,imbalance_price,Short,2026-07-30T07:28:36Z
2026-07-30T07:25:17Z,2026-07-30T09:25:17+0200,e73b670a-bc29-4bfc-b6f4-93c290a4d3ee,2026-07-04T07:00:00Z,2026-07-04T09:00:00+0200,-10.2,EUR/MWh,DK1,DK_1,imbalance_price,Long,2026-07-30T07:28:36Z
2026-07-30T07:25:17Z,2026-07-30T09:25:17+0200,e73b670a-bc29-4bfc-b6f4-93c290a4d3ee,2026-07-04T07:00:00Z,2026-07-04T09:00:00+0200,-10.2,EUR/MWh,DK1,DK_1,imbalance_price,Short,2026-07-30T07:28:36Z
2026-07-30T07:25:17Z,2026-07-30T09:25:17+0200,e73b670a-bc29-4bfc-b6f4-93c290a4d3ee,2026-07-04T07:15:00Z,2026-07-04T09:15:00+0200,-13.38,EUR/MWh,DK1,DK_1,imbalance_price,Long,2026-07-30T07:28:36Z
2026-07-30T07:25:17Z,2026-07-30T09:25:17+0200,e73b670a-bc29-4bfc-b6f4-93c290a4d3ee,2026-07-04T07:15:00Z,2026-07-04T09:15:00+0200,-13.38,EUR/MWh,DK1,DK_1,imbalance_price,Short,2026-07-30T07:28:36Z
2026-07-30T07:25:17Z,2026-07-30T09:25:17+0200,e73b670a-bc29-4bfc-b6f4-93c290a4d3ee,2026-07-04T07:30:00Z,2026-07-04T09:30:00+0200,-22.14,EUR/MWh,DK1,DK_1,imbalance_price,Long,2026-07-30T07:28:36Z
2026-07-30T07:25:17Z,2026-07-30T09:25:17+0200,e73b670a-bc29-4bfc-b6f4-93c290a4d3ee,2026-07-04T07:30:00Z,2026-07-04T09:30:00+0200,-22.14,EUR/MWh,DK1,DK_1,imbalance_price,Short,2026-07-30T07:28:36Z
2026-07-30T07:25:17Z,2026-07-30T09:25:17+0200,e73b670a-bc29-4bfc-b6f4-93c290a4d3ee,2026-07-04T07:45:00Z,2026-07-04T09:45:00+0200,-22.28,EUR/MWh,DK1,DK_1,imbalance_price,Long,2026-07-30T07:28:36Z
2026-07-30T07:25:17Z,2026-07-30T09:25:17+0200,e73b670a-bc29-4bfc-b6f4-93c290a4d3ee,2026-07-04T07:45:00Z,2026-07-04T09:45:00+0200,-22.28,EUR/MWh,DK1,DK_1,imbalance_price,Short,2026-07-30T07:28:36Z
2026-07-30T07:25:17Z,2026-07-30T09:25:17+0200,e73b670a-bc29-4bfc-b6f4-93c290a4d3ee,2026-07-04T08:00:00Z,2026-07-04T10:00:00+0200,-20.03,EUR/MWh,DK1,DK_1,imbalance_price,Long,2026-07-30T07:28:36Z
2026-07-30T07:25:17Z,2026-07-30T09:25:17+0200,e73b670a-bc29-4bfc-b6f4-93c290a4d3ee,2026-07-04T08:00:00Z,2026-07-04T10:00:00+0200,-20.03,EUR/MWh,DK1,DK_1,imbalance_price,Short,2026-07-30T07:28:36Z
2026-07-30T07:25:17Z,2026-07-30T09:25:17+0200,e73b670a-bc29-4bfc-b6f4-93c290a4d3ee,2026-07-04T08:15:00Z,2026-07-04T10:15:00+0200,-18.43,EUR/MWh,DK1,DK_1,imbalance_price,Long,2026-07-30T07:28:36Z
2026-07-30T07:25:17Z,2026-07-30T09:25:17+0200,e73b670a-bc29-4bfc-b6f4-93c290a4d3ee,2026-07-04T08:15:00Z,2026-07-04T10:15:00+0200,-18.43,EUR/MWh,DK1,DK_1,imbalance_price,Short,2026-07-30T07:28:36Z
2026-07-30T07:25:17Z,2026-07-30T09:25:17+0200,e73b670a-bc29-4bfc-b6f4-93c290a4d3ee,2026-07-04T08:30:00Z,2026-07-04T10:30:00+0200,-46.78,EUR/MWh,DK1,DK_1,imbalance_price,Long,2026-07-30T07:28:36Z
2026-07-30T07:25:17Z,2026-07-30T09:25:17+0200,e73b670a-bc29-4bfc-b6f4-93c290a4d3ee,2026-07-04T08:30:00Z,2026-07-04T10:30:00+0200,-46.78,EUR/MWh,DK1,DK_1,imbalance_price,Short,2026-07-30T07:28:36Z
2026-07-30T07:25:17Z,2026-07-30T09:25:17+0200,e73b670a-bc29-4bfc-b6f4-93c290a4d3ee,2026-07-04T08:45:00Z,2026-07-04T10:45:00+0200,0.0,EUR/MWh,DK1,DK_1,imbalance_price,Long,2026-07-30T07:28:36Z
2026-07-30T07:25:17Z,2026-07-30T09:25:17+0200,e73b670a-bc29-4bfc-b6f4-93c290a4d3ee,2026-07-04T08:45:00Z,2026-07-04T10:45:00+0200,0.0,EUR/MWh,DK1,DK_1,imbalance_price,Short,2026-07-30T07:28:36Z
2026-07-30T07:25:17Z,2026-07-30T09:25:17+0200,e73b670a-bc29-4bfc-b6f4-93c290a4d3ee,2026-07-04T09:00:00Z,2026-07-04T11:00:00+0200,-20.07,EUR/MWh,DK1,DK_1,imbalance_price,Long,2026-07-30T07:28:36Z
2026-07-30T07:25:17Z,2026-07-30T09:25:17+0200,e73b670a-bc29-4bfc-b6f4-93c290a4d3ee,2026-07-04T09:00:00Z,2026-07-04T11:00:00+0200,-20.07,EUR/MWh,DK1,DK_1,imbalance_price,Short,2026-07-30T07:28:36Z
2026-07-30T07:25:17Z,2026-07-30T09:25:17+0200,e73b670a-bc29-4bfc-b6f4-93c290a4d3ee,2026-07-04T09:15:00Z,2026-07-04T11:15:00+0200,-16.06,EUR/MWh,DK1,DK_1,imbalance_price,Long,2026-07-30T07:28:36Z
2026-07-30T07:25:17Z,2026-07-30T09:25:17+0200,e73b670a-bc29-4bfc-b6f4-93c290a4d3ee,2026-07-04T09:15:00Z,2026-07-04T11:15:00+0200,-16.06,EUR/MWh,DK1,DK_1,imbalance_price,Short,2026-07-30T07:28:36Z
2026-07-30T07:25:17Z,2026-07-30T09:25:17+0200,e73b670a-bc29-4bfc-b6f4-93c290a4d3ee,2026-07-04T09:30:00Z,2026-07-04T11:30:00+0200,-0.01,EUR/MWh,DK1,DK_1,imbalance_price,Long,2026-07-30T07:28:36Z
2026-07-30T07:25:17Z,2026-07-30T09:25:17+0200,e73b670a-bc29-4bfc-b6f4-93c290a4d3ee,2026-07-04T09:30:00Z,2026-07-04T11:30:00+0200,-0.01,EUR/MWh,DK1,DK_1,imbalance_price,Short,2026-07-30T07:28:36Z
2026-07-30T07:25:17Z,2026-07-30T09:25:17+0200,e73b670a-bc29-4bfc-b6f4-93c290a4d3ee,2026-07-04T09:45:00Z,2026-07-04T11:45:00+0200,-20.07,EUR/MWh,DK1,DK_1,imbalance_price,Long,2026-07-30T07:28:36Z
2026-07-30T07:25:17Z,2026-07-30T09:25:17+0200,e73b670a-bc29-4bfc-b6f4-93c290a4d3ee,2026-07-04T09:45:00Z,2026-07-04T11:45:00+0200,-20.07,EUR/MWh,DK1,DK_1,imbalance_price,Short,2026-07-30T07:28:36Z
2026-07-30T07:25:17Z,2026-07-30T09:25:17+0200,e73b670a-bc29-4bfc-b6f4-93c290a4d3ee,2026-07-04T10:00:00Z,2026-07-04T12:00:00+0200,-10.89,EUR/MWh,DK1,DK_1,imbalance_price,Long,2026-07-30T07:28:36Z
2026-07-30T07:25:17Z,2026-07-30T09:25:17+0200,e73b670a-bc29-4bfc-b6f4-93c290a4d3ee,2026-07-04T10:00:00Z,2026-07-04T12:00:00+0200,-10.89,EUR/MWh,DK1,DK_1,imbalance_price,Short,2026-07-30T07:28:36Z
2026-07-30T07:25:17Z,2026-07-30T09:25:17+0200,e73b670a-bc29-4bfc-b6f4-93c290a4d3ee,2026-07-04T10:15:00Z,2026-07-04T12:15:00+0200,-25.18,EUR/MWh,DK1,DK_1,imbalance_price,Long,2026-07-30T07:28:36Z
2026-07-30T07:25:17Z,2026-07-30T09:25:17+0200,e73b670a-bc29-4bfc-b6f4-93c290a4d3ee,2026-07-04T10:15:00Z,2026-07-04T12:15:00+0200,-25.18,EUR/MWh,DK1,DK_1,imbalance_price,Short,2026-07-30T07:28:36Z
2026-07-30T07:25:17Z,2026-07-30T09:25:17+0200,e73b670a-bc29-4bfc-b6f4-93c290a4d3ee,2026-07-04T10:30:00Z,2026-07-04T12:30:00+0200,-15.74,EUR/MWh,DK1,DK_1,imbalance_price,Long,2026-07-30T07:28:36Z
2026-07-30T07:25:17Z,2026-07-30T09:25:17+0200,e73b670a-bc29-4bfc-b6f4-93c290a4d3ee,2026-07-04T10:30:00Z,2026-07-04T12:30:00+0200,-15.74,EUR/MWh,DK1,DK_1,imbalance_price,Short,2026-07-30T07:28:36Z
2026-07-30T07:25:17Z,2026-07-30T09:25:17+0200,e73b670a-bc29-4bfc-b6f4-93c290a4d3ee,2026-07-04T10:45:00Z,2026-07-04T12:45:00+0200,-60.14,EUR/MWh,DK1,DK_1,imbalance_price,Long,2026-07-30T07:28:36Z
2026-07-30T07:25:17Z,2026-07-30T09:25:17+0200,e73b670a-bc29-4bfc-b6f4-93c290a4d3ee,2026-07-04T10:45:00Z,2026-07-04T12:45:00+0200,-60.14,EUR/MWh,DK1,DK_1,imbalance_price,Short,2026-07-30T07:28:36Z
2026-07-30T07:25:17Z,2026-07-30T09:25:17+0200,e73b670a-bc29-4bfc-b6f4-93c290a4d3ee,2026-07-04T11:00:00Z,2026-07-04T13:00:00+0200,-76.93,EUR/MWh,DK1,DK_1,imbalance_price,Long,2026-07-30T07:28:36Z
2026-07-30T07:25:17Z,2026-07-30T09:25:17+0200,e73b670a-bc29-4bfc-b6f4-93c290a4d3ee,2026-07-04T11:00:00Z,2026-07-04T13:00:00+0200,-76.93,EUR/MWh,DK1,DK_1,imbalance_price,Short,2026-07-30T07:28:36Z
2026-07-30T07:25:17Z,2026-07-30T09:25:17+0200,e73b670a-bc29-4bfc-b6f4-93c290a4d3ee,2026-07-04T11:15:00Z,2026-07-04T13:15:00+0200,-66.9,EUR/MWh,DK1,DK_1,imbalance_price,Long,2026-07-30T07:28:36Z
2026-07-30T07:25:17Z,2026-07-30T09:25:17+0200,e73b670a-bc29-4bfc-b6f4-93c290a4d3ee,2026-07-04T11:15:00Z,2026-07-04T13:15:00+0200,-66.9,EUR/MWh,DK1,DK_1,imbalance_price,Short,2026-07-30T07:28:36Z
2026-07-30T07:25:17Z,2026-07-30T09:25:17+0200,e73b670a-bc29-4bfc-b6f4-93c290a4d3ee,2026-07-04T11:30:00Z,2026-07-04T13:30:00+0200,-52.23,EUR/MWh,DK1,DK_1,imbalance_price,Long,2026-07-30T07:28:36Z
2026-07-30T07:25:17Z,2026-07-30T09:25:17+0200,e73b670a-bc29-4bfc-b6f4-93c290a4d3ee,2026-07-04T11:30:00Z,2026-07-04T13:30:00+0200,-52.23,EUR/MWh,DK1,DK_1,imbalance_price,Short,2026-07-30T07:28:36Z
2026-07-30T07:25:17Z,2026-07-30T09:25:17+0200,e73b670a-bc29-4bfc-b6f4-93c290a4d3ee,2026-07-04T11:45:00Z,2026-07-04T13:45:00+0200,-70.24,EUR/MWh,DK1,DK_1,imbalance_price,Long,2026-07-30T07:28:36Z
2026-07-30T07:25:17Z,2026-07-30T09:25:17+0200,e73b670a-bc29-4bfc-b6f4-93c290a4d3ee,2026-07-04T11:45:00Z,2026-07-04T13:45:00+0200,-70.24,EUR/MWh,DK1,DK_1,imbalance_price,Short,2026-07-30T07:28:36Z
2026-07-30T07:25:17Z,2026-07-30T09:25:17+0200,e73b670a-bc29-4bfc-b6f4-93c290a4d3ee,2026-07-04T12:00:00Z,2026-07-04T14:00:00+0200,-46.83,EUR/MWh,DK1,DK_1,imbalance_price,Long,2026-07-30T07:28:36Z
2026-07-30T07:25:17Z,2026-07-30T09:25:17+0200,e73b670a-bc29-4bfc-b6f4-93c290a4d3ee,2026-07-04T12:00:00Z,2026-07-04T14:00:00+0200,-46.83,EUR/MWh,DK1,DK_1,imbalance_price,Short,2026-07-30T07:28:36Z
2026-07-30T07:25:17Z,2026-07-30T09:25:17+0200,e73b670a-bc29-4bfc-b6f4-93c290a4d3ee,2026-07-04T12:15:00Z,2026-07-04T14:15:00+0200,-40.14,EUR/MWh,DK1,DK_1,imbalance_price,Long,2026-07-30T07:28:36Z
2026-07-30T07:25:17Z,2026-07-30T09:25:17+0200,e73b670a-bc29-4bfc-b6f4-93c290a4d3ee,2026-07-04T12:15:00Z,2026-07-04T14:15:00+0200,-40.14,EUR/MWh,DK1,DK_1,imbalance_price,Short,2026-07-30T07:28:36Z
2026-07-30T07:25:17Z,2026-07-30T09:25:17+0200,e73b670a-bc29-4bfc-b6f4-93c290a4d3ee,2026-07-04T12:30:00Z,2026-07-04T14:30:00+0200,-26.76,EUR/MWh,DK1,DK_1,imbalance_price,Long,2026-07-30T07:28:36Z
2026-07-30T07:25:17Z,2026-07-30T09:25:17+0200,e73b670a-bc29-4bfc-b6f4-93c290a4d3ee,2026-07-04T12:30:00Z,2026-07-04T14:30:00+0200,-26.76,EUR/MWh,DK1,DK_1,imbalance_price,Short,2026-07-30T07:28:36Z
2026-07-30T07:25:17Z,2026-07-30T09:25:17+0200,e73b670a-bc29-4bfc-b6f4-93c290a4d3ee,2026-07-04T12:45:00Z,2026-07-04T14:45:00+0200,-29.44,EUR/MWh,DK1,DK_1,imbalance_price,Long,2026-07-30T07:28:36Z
2026-07-30T07:25:17Z,2026-07-30T09:25:17+0200,e73b670a-bc29-4bfc-b6f4-93c290a4d3ee,2026-07-04T12:45:00Z,2026-07-04T14:45:00+0200,-29.44,EUR/MWh,DK1,DK_1,imbalance_price,Short,2026-07-30T07:28:36Z
2026-07-30T07:25:17Z,2026-07-30T09:25:17+0200,e73b670a-bc29-4bfc-b6f4-93c290a4d3ee,2026-07-04T13:00:00Z,2026-07-04T15:00:00+0200,-200.7,EUR/MWh,DK1,DK_1,imbalance_price,Long,2026-07-30T07:28:36Z
2026-07-30T07:25:17Z,2026-07-30T09:25:17+0200,e73b670a-bc29-4bfc-b6f4-93c290a4d3ee,2026-07-04T13:00:00Z,2026-07-04T15:00:00+0200,-200.7,EUR/MWh,DK1,DK_1,imbalance_price,Short,2026-07-30T07:28:36Z
2026-07-30T07:25:17Z,2026-07-30T09:25:17+0200,e73b670a-bc29-4bfc-b6f4-93c290a4d3ee,2026-07-04T13:15:00Z,2026-07-04T15:15:00+0200,-200.7,EUR/MWh,DK1,DK_1,imbalance_price,Long,2026-07-30T07:28:36Z
2026-07-30T07:25:17Z,2026-07-30T09:25:17+0200,e73b670a-bc29-4bfc-b6f4-93c290a4d3ee,2026-07-04T13:15:00Z,2026-07-04T15:15:00+0200,-200.7,EUR/MWh,DK1,DK_1,imbalance_price,Short,2026-07-30T07:28:36Z
2026-07-30T07:25:17Z,2026-07-30T09:25:17+0200,e73b670a-bc29-4bfc-b6f4-93c290a4d3ee,2026-07-04T13:30:00Z,2026-07-04T15:30:00+0200,-200.7,EUR/MWh,DK1,DK_1,imbalance_price,Long,2026-07-30T07:28:36Z
2026-07-30T07:25:17Z,2026-07-30T09:25:17+0200,e73b670a-bc29-4bfc-b6f4-93c290a4d3ee,2026-07-04T13:30:00Z,2026-07-04T15:30:00+0200,-200.7,EUR/MWh,DK1,DK_1,imbalance_price,Short,2026-07-30T07:28:36Z
2026-07-30T07:25:17Z,2026-07-30T09:25:17+0200,e73b670a-bc29-4bfc-b6f4-93c290a4d3ee,2026-07-04T13:45:00Z,2026-07-04T15:45:00+0200,-76.93,EUR/MWh,DK1,DK_1,imbalance_price,Long,2026-07-30T07:28:36Z
2026-07-30T07:25:17Z,2026-07-30T09:25:17+0200,e73b670a-bc29-4bfc-b6f4-93c290a4d3ee,2026-07-04T13:45:00Z,2026-07-04T15:45:00+0200,-76.93,EUR/MWh,DK1,DK_1,imbalance_price,Short,2026-07-30T07:28:36Z
2026-07-30T07:25:17Z,2026-07-30T09:25:17+0200,e73b670a-bc29-4bfc-b6f4-93c290a4d3ee,2026-07-04T14:00:00Z,2026-07-04T16:00:00+0200,-61.55,EUR/MWh,DK1,DK_1,imbalance_price,Long,2026-07-30T07:28:36Z
2026-07-30T07:25:17Z,2026-07-30T09:25:17+0200,e73b670a-bc29-4bfc-b6f4-93c290a4d3ee,2026-07-04T14:00:00Z,2026-07-04T16:00:00+0200,-61.55,EUR/MWh,DK1,DK_1,imbalance_price,Short,2026-07-30T07:28:36Z
2026-07-30T07:25:17Z,2026-07-30T09:25:17+0200,e73b670a-bc29-4bfc-b6f4-93c290a4d3ee,2026-07-04T14:15:00Z,2026-07-04T16:15:00+0200,-29.44,EUR/MWh,DK1,DK_1,imbalance_price,Long,2026-07-30T07:28:36Z
2026-07-30T07:25:17Z,2026-07-30T09:25:17+0200,e73b670a-bc29-4bfc-b6f4-93c290a4d3ee,2026-07-04T14:15:00Z,2026-07-04T16:15:00+0200,-29.44,EUR/MWh,DK1,DK_1,imbalance_price,Short,2026-07-30T07:28:36Z
2026-07-30T07:25:17Z,2026-07-30T09:25:17+0200,e73b670a-bc29-4bfc-b6f4-93c290a4d3ee,2026-07-04T14:30:00Z,2026-07-04T16:30:00+0200,-14.72,EUR/MWh,DK1,DK_1,imbalance_price,Long,2026-07-30T07:28:36Z
2026-07-30T07:25:17Z,2026-07-30T09:25:17+0200,e73b670a-bc29-4bfc-b6f4-93c290a4d3ee,2026-07-04T14:30:00Z,2026-07-04T16:30:00+0200,-14.72,EUR/MWh,DK1,DK_1,imbalance_price,Short,2026-07-30T07:28:36Z
2026-07-30T07:25:17Z,2026-07-30T09:25:17+0200,e73b670a-bc29-4bfc-b6f4-93c290a4d3ee,2026-07-04T14:45:00Z,2026-07-04T16:45:00+0200,-0.01,EUR/MWh,DK1,DK_1,imbalance_price,Long,2026-07-30T07:28:36Z
2026-07-30T07:25:17Z,2026-07-30T09:25:17+0200,e73b670a-bc29-4bfc-b6f4-93c290a4d3ee,2026-07-04T14:45:00Z,2026-07-04T16:45:00+0200,-0.01,EUR/MWh,DK1,DK_1,imbalance_price,Short,2026-07-30T07:28:36Z
2026-07-30T07:25:17Z,2026-07-30T09:25:17+0200,e73b670a-bc29-4bfc-b6f4-93c290a4d3ee,2026-07-04T15:00:00Z,2026-07-04T17:00:00+0200,12.57,EUR/MWh,DK1,DK_1,imbalance_price,Long,2026-07-30T07:28:36Z
2026-07-30T07:25:17Z,2026-07-30T09:25:17+0200,e73b670a-bc29-4bfc-b6f4-93c290a4d3ee,2026-07-04T15:00:00Z,2026-07-04T17:00:00+0200,12.57,EUR/MWh,DK1,DK_1,imbalance_price,Short,2026-07-30T07:28:36Z
2026-07-30T07:25:17Z,2026-07-30T09:25:17+0200,e73b670a-bc29-4bfc-b6f4-93c290a4d3ee,2026-07-04T15:15:00Z,2026-07-04T17:15:00+0200,50.43,EUR/MWh,DK1,DK_1,imbalance_price,Long,2026-07-30T07:28:36Z
2026-07-30T07:25:17Z,2026-07-30T09:25:17+0200,e73b670a-bc29-4bfc-b6f4-93c290a4d3ee,2026-07-04T15:15:00Z,2026-07-04T17:15:00+0200,50.43,EUR/MWh,DK1,DK_1,imbalance_price,Short,2026-07-30T07:28:36Z
2026-07-30T07:25:17Z,2026-07-30T09:25:17+0200,e73b670a-bc29-4bfc-b6f4-93c290a4d3ee,2026-07-04T15:30:00Z,2026-07-04T17:30:00+0200,55.2,EUR/MWh,DK1,DK_1,imbalance_price,Long,2026-07-30T07:28:36Z
2026-07-30T07:25:17Z,2026-07-30T09:25:17+0200,e73b670a-bc29-4bfc-b6f4-93c290a4d3ee,2026-07-04T15:30:00Z,2026-07-04T17:30:00+0200,55.2,EUR/MWh,DK1,DK_1,imbalance_price,Short,2026-07-30T07:28:36Z
2026-07-30T07:25:17Z,2026-07-30T09:25:17+0200,e73b670a-bc29-4bfc-b6f4-93c290a4d3ee,2026-07-04T15:45:00Z,2026-07-04T17:45:00+0200,12.0,EUR/MWh,DK1,DK_1,imbalance_price,Long,2026-07-30T07:28:36Z
2026-07-30T07:25:17Z,2026-07-30T09:25:17+0200,e73b670a-bc29-4bfc-b6f4-93c290a4d3ee,2026-07-04T15:45:00Z,2026-07-04T17:45:00+0200,12.0,EUR/MWh,DK1,DK_1,imbalance_price,Short,2026-07-30T07:28:36Z
2026-07-30T07:25:17Z,2026-07-30T09:25:17+0200,e73b670a-bc29-4bfc-b6f4-93c290a4d3ee,2026-07-04T16:00:00Z,2026-07-04T18:00:00+0200,11.48,EUR/MWh,DK1,DK_1,imbalance_price,Long,2026-07-30T07:28:36Z
2026-07-30T07:25:17Z,2026-07-30T09:25:17+0200,e73b670a-bc29-4bfc-b6f4-93c290a4d3ee,2026-07-04T16:00:00Z,2026-07-04T18:00:00+0200,11.48,EUR/MWh,DK1,DK_1,imbalance_price,Short,2026-07-30T07:28:36Z
2026-07-30T07:25:17Z,2026-07-30T09:25:17+0200,e73b670a-bc29-4bfc-b6f4-93c290a4d3ee,2026-07-04T16:15:00Z,2026-07-04T18:15:00+0200,-39.51,EUR/MWh,DK1,DK_1,imbalance_price,Long,2026-07-30T07:28:36Z
2026-07-30T07:25:17Z,2026-07-30T09:25:17+0200,e73b670a-bc29-4bfc-b6f4-93c290a4d3ee,2026-07-04T16:15:00Z,2026-07-04T18:15:00+0200,-39.51,EUR/MWh,DK1,DK_1,imbalance_price,Short,2026-07-30T07:28:36Z
2026-07-30T07:25:17Z,2026-07-30T09:25:17+0200,e73b670a-bc29-4bfc-b6f4-93c290a4d3ee,2026-07-04T16:30:00Z,2026-07-04T18:30:00+0200,25.2,EUR/MWh,DK1,DK_1,imbalance_price,Long,2026-07-30T07:28:36Z
2026-07-30T07:25:17Z,2026-07-30T09:25:17+0200,e73b670a-bc29-4bfc-b6f4-93c290a4d3ee,2026-07-04T16:30:00Z,2026-07-04T18:30:00+0200,25.2,EUR/MWh,DK1,DK_1,imbalance_price,Short,2026-07-30T07:28:36Z
2026-07-30T07:25:17Z,2026-07-30T09:25:17+0200,e73b670a-bc29-4bfc-b6f4-93c290a4d3ee,2026-07-04T16:45:00Z,2026-07-04T18:45:00+0200,148.11,EUR/MWh,DK1,DK_1,imbalance_price,Long,2026-07-30T07:28:36Z
2026-07-30T07:25:17Z,2026-07-30T09:25:17+0200,e73b670a-bc29-4bfc-b6f4-93c290a4d3ee,2026-07-04T16:45:00Z,2026-07-04T18:45:00+0200,148.11,EUR/MWh,DK1,DK_1,imbalance_price,Short,2026-07-30T07:28:36Z
2026-07-30T07:25:17Z,2026-07-30T09:25:17+0200,e73b670a-bc29-4bfc-b6f4-93c290a4d3ee,2026-07-04T17:00:00Z,2026-07-04T19:00:00+0200,81.12,EUR/MWh,DK1,DK_1,imbalance_price,Long,2026-07-30T07:28:36Z
2026-07-30T07:25:17Z,2026-07-30T09:25:17+0200,e73b670a-bc29-4bfc-b6f4-93c290a4d3ee,2026-07-04T17:00:00Z,2026-07-04T19:00:00+0200,81.12,EUR/MWh,DK1,DK_1,imbalance_price,Short,2026-07-30T07:28:36Z
2026-07-30T07:25:17Z,2026-07-30T09:25:17+0200,e73b670a-bc29-4bfc-b6f4-93c290a4d3ee,2026-07-04T17:15:00Z,2026-07-04T19:15:00+0200,95.63,EUR/MWh,DK1,DK_1,imbalance_price,Long,2026-07-30T07:28:36Z
2026-07-30T07:25:17Z,2026-07-30T09:25:17+0200,e73b670a-bc29-4bfc-b6f4-93c290a4d3ee,2026-07-04T17:15:00Z,2026-07-04T19:15:00+0200,95.63,EUR/MWh,DK1,DK_1,imbalance_price,Short,2026-07-30T07:28:36Z
2026-07-30T07:25:17Z,2026-07-30T09:25:17+0200,e73b670a-bc29-4bfc-b6f4-93c290a4d3ee,2026-07-04T17:30:00Z,2026-07-04T19:30:00+0200,117.56,EUR/MWh,DK1,DK_1,imbalance_price,Long,2026-07-30T07:28:36Z
2026-07-30T07:25:17Z,2026-07-30T09:25:17+0200,e73b670a-bc29-4bfc-b6f4-93c290a4d3ee,2026-07-04T17:30:00Z,2026-07-04T19:30:00+0200,117.56,EUR/MWh,DK1,DK_1,imbalance_price,Short,2026-07-30T07:28:36Z
2026-07-30T07:25:17Z,2026-07-30T09:25:17+0200,e73b670a-bc29-4bfc-b6f4-93c290a4d3ee,2026-07-04T17:45:00Z,2026-07-04T19:45:00+0200,108.1,EUR/MWh,DK1,DK_1,imbalance_price,Long,2026-07-30T07:28:36Z
2026-07-30T07:25:17Z,2026-07-30T09:25:17+0200,e73b670a-bc29-4bfc-b6f4-93c290a4d3ee,2026-07-04T17:45:00Z,2026-07-04T19:45:00+0200,108.1,EUR/MWh,DK1,DK_1,imbalance_price,Short,2026-07-30T07:28:36Z
2026-07-30T07:25:17Z,2026-07-30T09:25:17+0200,e73b670a-bc29-4bfc-b6f4-93c290a4d3ee,2026-07-04T18:00:00Z,2026-07-04T20:00:00+0200,112.99,EUR/MWh,DK1,DK_1,imbalance_price,Long,2026-07-30T07:28:36Z
2026-07-30T07:25:17Z,2026-07-30T09:25:17+0200,e73b670a-bc29-4bfc-b6f4-93c290a4d3ee,2026-07-04T18:00:00Z,2026-07-04T20:00:00+0200,112.99,EUR/MWh,DK1,DK_1,imbalance_price,Short,2026-07-30T07:28:36Z
2026-07-30T07:25:17Z,2026-07-30T09:25:17+0200,e73b670a-bc29-4bfc-b6f4-93c290a4d3ee,2026-07-04T18:15:00Z,2026-07-04T20:15:00+0200,8.0,EUR/MWh,DK1,DK_1,imbalance_price,Long,2026-07-30T07:28:36Z
2026-07-30T07:25:17Z,2026-07-30T09:25:17+0200,e73b670a-bc29-4bfc-b6f4-93c290a4d3ee,2026-07-04T18:15:00Z,2026-07-04T20:15:00+0200,8.0,EUR/MWh,DK1,DK_1,imbalance_price,Short,2026-07-30T07:28:36Z
2026-07-30T07:25:17Z,2026-07-30T09:25:17+0200,e73b670a-bc29-4bfc-b6f4-93c290a4d3ee,2026-07-04T18:30:00Z,2026-07-04T20:30:00+0200,1.0,EUR/MWh,DK1,DK_1,imbalance_price,Long,2026-07-30T07:28:36Z
2026-07-30T07:25:17Z,2026-07-30T09:25:17+0200,e73b670a-bc29-4bfc-b6f4-93c290a4d3ee,2026-07-04T18:30:00Z,2026-07-04T20:30:00+0200,1.0,EUR/MWh,DK1,DK_1,imbalance_price,Short,2026-07-30T07:28:36Z
2026-07-30T07:25:17Z,2026-07-30T09:25:17+0200,e73b670a-bc29-4bfc-b6f4-93c290a4d3ee,2026-07-04T18:45:00Z,2026-07-04T20:45:00+0200,-11.46,EUR/MWh,DK1,DK_1,imbalance_price,Long,2026-07-30T07:28:36Z
2026-07-30T07:25:17Z,2026-07-30T09:25:17+0200,e73b670a-bc29-4bfc-b6f4-93c290a4d3ee,2026-07-04T18:45:00Z,2026-07-04T20:45:00+0200,-11.46,EUR/MWh,DK1,DK_1,imbalance_price,Short,2026-07-30T07:28:36Z
2026-07-30T07:25:17Z,2026-07-30T09:25:17+0200,e73b670a-bc29-4bfc-b6f4-93c290a4d3ee,2026-07-04T19:00:00Z,2026-07-04T21:00:00+0200,5.22,EUR/MWh,DK1,DK_1,imbalance_price,Long,2026-07-30T07:28:36Z
2026-07-30T07:25:17Z,2026-07-30T09:25:17+0200,e73b670a-bc29-4bfc-b6f4-93c290a4d3ee,2026-07-04T19:00:00Z,2026-07-04T21:00:00+0200,5.22,EUR/MWh,DK1,DK_1,imbalance_price,Short,2026-07-30T07:28:36Z
2026-07-30T07:25:17Z,2026-07-30T09:25:17+0200,e73b670a-bc29-4bfc-b6f4-93c290a4d3ee,2026-07-04T19:15:00Z,2026-07-04T21:15:00+0200,40.0,EUR/MWh,DK1,DK_1,imbalance_price,Long,2026-07-30T07:28:36Z
2026-07-30T07:25:17Z,2026-07-30T09:25:17+0200,e73b670a-bc29-4bfc-b6f4-93c290a4d3ee,2026-07-04T19:15:00Z,2026-07-04T21:15:00+0200,40.0,EUR/MWh,DK1,DK_1,imbalance_price,Short,2026-07-30T07:28:36Z
2026-07-30T07:25:17Z,2026-07-30T09:25:17+0200,e73b670a-bc29-4bfc-b6f4-93c290a4d3ee,2026-07-04T19:30:00Z,2026-07-04T21:30:00+0200,148.0,EUR/MWh,DK1,DK_1,imbalance_price,Long,2026-07-30T07:28:36Z
2026-07-30T07:25:17Z,2026-07-30T09:25:17+0200,e73b670a-bc29-4bfc-b6f4-93c290a4d3ee,2026-07-04T19:30:00Z,2026-07-04T21:30:00+0200,148.0,EUR/MWh,DK1,DK_1,imbalance_price,Short,2026-07-30T07:28:36Z
2026-07-30T07:25:17Z,2026-07-30T09:25:17+0200,e73b670a-bc29-4bfc-b6f4-93c290a4d3ee,2026-07-04T19:45:00Z,2026-07-04T21:45:00+0200,133.24,EUR/MWh,DK1,DK_1,imbalance_price,Long,2026-07-30T07:28:36Z
2026-07-30T07:25:17Z,2026-07-30T09:25:17+0200,e73b670a-bc29-4bfc-b6f4-93c290a4d3ee,2026-07-04T19:45:00Z,2026-07-04T21:45:00+0200,133.24,EUR/MWh,DK1,DK_1,imbalance_price,Short,2026-07-30T07:28:36Z
2026-07-30T07:25:17Z,2026-07-30T09:25:17+0200,e73b670a-bc29-4bfc-b6f4-93c290a4d3ee,2026-07-04T20:00:00Z,2026-07-04T22:00:00+0200,129.98,EUR/MWh,DK1,DK_1,imbalance_price,Long,2026-07-30T07:28:36Z
2026-07-30T07:25:17Z,2026-07-30T09:25:17+0200,e73b670a-bc29-4bfc-b6f4-93c290a4d3ee,2026-07-04T20:00:00Z,2026-07-04T22:00:00+0200,129.98,EUR/MWh,DK1,DK_1,imbalance_price,Short,2026-07-30T07:28:36Z
2026-07-30T07:25:17Z,2026-07-30T09:25:17+0200,e73b670a-bc29-4bfc-b6f4-93c290a4d3ee,2026-07-04T20:15:00Z,2026-07-04T22:15:00+0200,121.76,EUR/MWh,DK1,DK_1,imbalance_price,Long,2026-07-30T07:28:36Z
2026-07-30T07:25:17Z,2026-07-30T09:25:17+0200,e73b670a-bc29-4bfc-b6f4-93c290a4d3ee,2026-07-04T20:15:00Z,2026-07-04T22:15:00+0200,121.76,EUR/MWh,DK1,DK_1,imbalance_price,Short,2026-07-30T07:28:36Z
2026-07-30T07:25:17Z,2026-07-30T09:25:17+0200,e73b670a-bc29-4bfc-b6f4-93c290a4d3ee,2026-07-04T20:30:00Z,2026-07-04T22:30:00+0200,58.2,EUR/MWh,DK1,DK_1,imbalance_price,Long,2026-07-30T07:28:36Z
2026-07-30T07:25:17Z,2026-07-30T09:25:17+0200,e73b670a-bc29-4bfc-b6f4-93c290a4d3ee,2026-07-04T20:30:00Z,2026-07-04T22:30:00+0200,58.2,EUR/MWh,DK1,DK_1,imbalance_price,Short,2026-07-30T07:28:36Z
2026-07-30T07:25:17Z,2026-07-30T09:25:17+0200,e73b670a-bc29-4bfc-b6f4-93c290a4d3ee,2026-07-04T20:45:00Z,2026-07-04T22:45:00+0200,123.71,EUR/MWh,DK1,DK_1,imbalance_price,Long,2026-07-30T07:28:36Z
2026-07-30T07:25:17Z,2026-07-30T09:25:17+0200,e73b670a-bc29-4bfc-b6f4-93c290a4d3ee,2026-07-04T20:45:00Z,2026-07-04T22:45:00+0200,123.71,EUR/MWh,DK1,DK_1,imbalance_price,Short,2026-07-30T07:28:36Z
2026-07-30T07:25:17Z,2026-07-30T09:25:17+0200,e73b670a-bc29-4bfc-b6f4-93c290a4d3ee,2026-07-04T21:00:00Z,2026-07-04T23:00:00+0200,164.66,EUR/MWh,DK1,DK_1,imbalance_price,Long,2026-07-30T07:28:36Z
2026-07-30T07:25:17Z,2026-07-30T09:25:17+0200,e73b670a-bc29-4bfc-b6f4-93c290a4d3ee,2026-07-04T21:00:00Z,2026-07-04T23:00:00+0200,164.66,EUR/MWh,DK1,DK_1,imbalance_price,Short,2026-07-30T07:28:36Z
2026-07-30T07:25:17Z,2026-07-30T09:25:17+0200,e73b670a-bc29-4bfc-b6f4-93c290a4d3ee,2026-07-04T21:15:00Z,2026-07-04T23:15:00+0200,334.48,EUR/MWh,DK1,DK_1,imbalance_price,Long,2026-07-30T07:28:36Z
2026-07-30T07:25:17Z,2026-07-30T09:25:17+0200,e73b670a-bc29-4bfc-b6f4-93c290a4d3ee,2026-07-04T21:15:00Z,2026-07-04T23:15:00+0200,334.48,EUR/MWh,DK1,DK_1,imbalance_price,Short,2026-07-30T07:28:36Z
2026-07-30T07:25:17Z,2026-07-30T09:25:17+0200,e73b670a-bc29-4bfc-b6f4-93c290a4d3ee,2026-07-04T21:30:00Z,2026-07-04T23:30:00+0200,133.66,EUR/MWh,DK1,DK_1,imbalance_price,Long,2026-07-30T07:28:36Z
2026-07-30T07:25:17Z,2026-07-30T09:25:17+0200,e73b670a-bc29-4bfc-b6f4-93c290a4d3ee,2026-07-04T21:30:00Z,2026-07-04T23:30:00+0200,133.66,EUR/MWh,DK1,DK_1,imbalance_price,Short,2026-07-30T07:28:36Z
2026-07-30T07:25:17Z,2026-07-30T09:25:17+0200,e73b670a-bc29-4bfc-b6f4-93c290a4d3ee,2026-07-04T21:45:00Z,2026-07-04T23:45:00+0200,121.34,EUR/MWh,DK1,DK_1,imbalance_price,Long,2026-07-30T07:28:36Z
2026-07-30T07:25:17Z,2026-07-30T09:25:17+0200,e73b670a-bc29-4bfc-b6f4-93c290a4d3ee,2026-07-04T21:45:00Z,2026-07-04T23:45:00+0200,121.34,EUR/MWh,DK1,DK_1,imbalance_price,Short,2026-07-30T07:28:36Z
2026-07-30T07:25:17Z,2026-07-30T09:25:17+0200,e73b670a-bc29-4bfc-b6f4-93c290a4d3ee,2026-07-04T22:00:00Z,2026-07-05T00:00:00+0200,46.83,EUR/MWh,DK1,DK_1,imbalance_price,Long,2026-07-30T07:28:36Z
2026-07-30T07:25:17Z,2026-07-30T09:25:17+0200,e73b670a-bc29-4bfc-b6f4-93c290a4d3ee,2026-07-04T22:00:00Z,2026-07-05T00:00:00+0200,46.83,EUR/MWh,DK1,DK_1,imbalance_price,Short,2026-07-30T07:28:36Z
2026-07-30T07:25:17Z,2026-07-30T09:25:17+0200,e73b670a-bc29-4bfc-b6f4-93c290a4d3ee,2026-07-04T22:15:00Z,2026-07-05T00:15:00+0200,294.34,EUR/MWh,DK1,DK_1,imbalance_price,Long,2026-07-30T07:28:36Z
2026-07-30T07:25:17Z,2026-07-30T09:25:17+0200,e73b670a-bc29-4bfc-b6f4-93c290a4d3ee,2026-07-04T22:15:00Z,2026-07-05T00:15:00+0200,294.34,EUR/MWh,DK1,DK_1,imbalance_price,Short,2026-07-30T07:28:36Z
2026-07-30T07:25:17Z,2026-07-30T09:25:17+0200,e73b670a-bc29-4bfc-b6f4-93c290a4d3ee,2026-07-04T22:30:00Z,2026-07-05T00:30:00+0200,-71.81,EUR/MWh,DK1,DK_1,imbalance_price,Long,2026-07-30T07:28:36Z
2026-07-30T07:25:17Z,2026-07-30T09:25:17+0200,e73b670a-bc29-4bfc-b6f4-93c290a4d3ee,2026-07-04T22:30:00Z,2026-07-05T00:30:00+0200,-71.81,EUR/MWh,DK1,DK_1,imbalance_price,Short,2026-07-30T07:28:36Z
2026-07-30T07:25:17Z,2026-07-30T09:25:17+0200,e73b670a-bc29-4bfc-b6f4-93c290a4d3ee,2026-07-04T22:45:00Z,2026-07-05T00:45:00+0200,-53.17,EUR/MWh,DK1,DK_1,imbalance_price,Long,2026-07-30T07:28:36Z
2026-07-30T07:25:17Z,2026-07-30T09:25:17+0200,e73b670a-bc29-4bfc-b6f4-93c290a4d3ee,2026-07-04T22:45:00Z,2026-07-05T00:45:00+0200,-53.17,EUR/MWh,DK1,DK_1,imbalance_price,Short,2026-07-30T07:28:36Z
2026-07-30T07:25:17Z,2026-07-30T09:25:17+0200,e73b670a-bc29-4bfc-b6f4-93c290a4d3ee,2026-07-04T23:00:00Z,2026-07-05T01:00:00+0200,-42.43,EUR/MWh,DK1,DK_1,imbalance_price,Long,2026-07-30T07:28:36Z
2026-07-30T07:25:17Z,2026-07-30T09:25:17+0200,e73b670a-bc29-4bfc-b6f4-93c290a4d3ee,2026-07-04T23:00:00Z,2026-07-05T01:00:00+0200,-42.43,EUR/MWh,DK1,DK_1,imbalance_price,Short,2026-07-30T07:28:36Z
2026-07-30T07:25:17Z,2026-07-30T09:25:17+0200,e73b670a-bc29-4bfc-b6f4-93c290a4d3ee,2026-07-04T23:15:00Z,2026-07-05T01:15:00+0200,-42.5,EUR/MWh,DK1,DK_1,imbalance_price,Long,2026-07-30T07:28:36Z
2026-07-30T07:25:17Z,2026-07-30T09:25:17+0200,e73b670a-bc29-4bfc-b6f4-93c290a4d3ee,2026-07-04T23:15:00Z,2026-07-05T01:15:00+0200,-42.5,EUR/MWh,DK1,DK_1,imbalance_price,Short,2026-07-30T07:28:36Z
2026-07-30T07:25:17Z,2026-07-30T09:25:17+0200,e73b670a-bc29-4bfc-b6f4-93c290a4d3ee,2026-07-04T23:30:00Z,2026-07-05T01:30:00+0200,-36.86,EUR/MWh,DK1,DK_1,imbalance_price,Long,2026-07-30T07:28:36Z
2026-07-30T07:25:17Z,2026-07-30T09:25:17+0200,e73b670a-bc29-4bfc-b6f4-93c290a4d3ee,2026-07-04T23:30:00Z,2026-07-05T01:30:00+0200,-36.86,EUR/MWh,DK1,DK_1,imbalance_price,Short,2026-07-30T07:28:36Z
2026-07-30T07:25:17Z,2026-07-30T09:25:17+0200,e73b670a-bc29-4bfc-b6f4-93c290a4d3ee,2026-07-04T23:45:00Z,2026-07-05T01:45:00+0200,-21.93,EUR/MWh,DK1,DK_1,imbalance_price,Long,2026-07-30T07:28:36Z
2026-07-30T07:25:17Z,2026-07-30T09:25:17+0200,e73b670a-bc29-4bfc-b6f4-93c290a4d3ee,2026-07-04T23:45:00Z,2026-07-05T01:45:00+0200,-21.93,EUR/MWh,DK1,DK_1,imbalance_price,Short,2026-07-30T07:28:36Z
2026-07-30T07:25:17Z,2026-07-30T09:25:17+0200,e73b670a-bc29-4bfc-b6f4-93c290a4d3ee,2026-07-05T00:00:00Z,2026-07-05T02:00:00+0200,-11.54,EUR/MWh,DK1,DK_1,imbalance_price,Long,2026-07-30T07:28:36Z
2026-07-30T07:25:17Z,2026-07-30T09:25:17+0200,e73b670a-bc29-4bfc-b6f4-93c290a4d3ee,2026-07-05T00:00:00Z,2026-07-05T02:00:00+0200,-11.54,EUR/MWh,DK1,DK_1,imbalance_price,Short,2026-07-30T07:28:36Z
2026-07-30T07:25:17Z,2026-07-30T09:25:17+0200,e73b670a-bc29-4bfc-b6f4-93c290a4d3ee,2026-07-05T00:15:00Z,2026-07-05T02:15:00+0200,46.83,EUR/MWh,DK1,DK_1,imbalance_price,Long,2026-07-30T07:28:36Z
2026-07-30T07:25:17Z,2026-07-30T09:25:17+0200,e73b670a-bc29-4bfc-b6f4-93c290a4d3ee,2026-07-05T00:15:00Z,2026-07-05T02:15:00+0200,46.83,EUR/MWh,DK1,DK_1,imbalance_price,Short,2026-07-30T07:28:36Z
2026-07-30T07:25:17Z,2026-07-30T09:25:17+0200,e73b670a-bc29-4bfc-b6f4-93c290a4d3ee,2026-07-05T00:30:00Z,2026-07-05T02:30:00+0200,-12.66,EUR/MWh,DK1,DK_1,imbalance_price,Long,2026-07-30T07:28:36Z
2026-07-30T07:25:17Z,2026-07-30T09:25:17+0200,e73b670a-bc29-4bfc-b6f4-93c290a4d3ee,2026-07-05T00:30:00Z,2026-07-05T02:30:00+0200,-12.66,EUR/MWh,DK1,DK_1,imbalance_price,Short,2026-07-30T07:28:36Z
2026-07-30T07:25:17Z,2026-07-30T09:25:17+0200,e73b670a-bc29-4bfc-b6f4-93c290a4d3ee,2026-07-05T00:45:00Z,2026-07-05T02:45:00+0200,-21.7,EUR/MWh,DK1,DK_1,imbalance_price,Long,2026-07-30T07:28:36Z
2026-07-30T07:25:17Z,2026-07-30T09:25:17+0200,e73b670a-bc29-4bfc-b6f4-93c290a4d3ee,2026-07-05T00:45:00Z,2026-07-05T02:45:00+0200,-21.7,EUR/MWh,DK1,DK_1,imbalance_price,Short,2026-07-30T07:28:36Z
2026-07-30T07:25:17Z,2026-07-30T09:25:17+0200,e73b670a-bc29-4bfc-b6f4-93c290a4d3ee,2026-07-05T01:00:00Z,2026-07-05T03:00:00+0200,-5.22,EUR/MWh,DK1,DK_1,imbalance_price,Long,2026-07-30T07:28:36Z
2026-07-30T07:25:17Z,2026-07-30T09:25:17+0200,e73b670a-bc29-4bfc-b6f4-93c290a4d3ee,2026-07-05T01:00:00Z,2026-07-05T03:00:00+0200,-5.22,EUR/MWh,DK1,DK_1,imbalance_price,Short,2026-07-30T07:28:36Z
2026-07-30T07:25:17Z,2026-07-30T09:25:17+0200,e73b670a-bc29-4bfc-b6f4-93c290a4d3ee,2026-07-05T01:15:00Z,2026-07-05T03:15:00+0200,79.11,EUR/MWh,DK1,DK_1,imbalance_price,Long,2026-07-30T07:28:36Z
2026-07-30T07:25:17Z,2026-07-30T09:25:17+0200,e73b670a-bc29-4bfc-b6f4-93c290a4d3ee,2026-07-05T01:15:00Z,2026-07-05T03:15:00+0200,79.11,EUR/MWh,DK1,DK_1,imbalance_price,Short,2026-07-30T07:28:36Z
2026-07-30T07:25:17Z,2026-07-30T09:25:17+0200,e73b670a-bc29-4bfc-b6f4-93c290a4d3ee,2026-07-05T01:30:00Z,2026-07-05T03:30:00+0200,70.04,EUR/MWh,DK1,DK_1,imbalance_price,Long,2026-07-30T07:28:36Z
2026-07-30T07:25:17Z,2026-07-30T09:25:17+0200,e73b670a-bc29-4bfc-b6f4-93c290a4d3ee,2026-07-05T01:30:00Z,2026-07-05T03:30:00+0200,70.04,EUR/MWh,DK1,DK_1,imbalance_price,Short,2026-07-30T07:28:36Z
2026-07-30T07:25:17Z,2026-07-30T09:25:17+0200,e73b670a-bc29-4bfc-b6f4-93c290a4d3ee,2026-07-05T01:45:00Z,2026-07-05T03:45:00+0200,-20.74,EUR/MWh,DK1,DK_1,imbalance_price,Long,2026-07-30T07:28:36Z
2026-07-30T07:25:17Z,2026-07-30T09:25:17+0200,e73b670a-bc29-4bfc-b6f4-93c290a4d3ee,2026-07-05T01:45:00Z,2026-07-05T03:45:00+0200,-20.74,EUR/MWh,DK1,DK_1,imbalance_price,Short,2026-07-30T07:28:36Z
2026-07-30T07:25:17Z,2026-07-30T09:25:17+0200,e73b670a-bc29-4bfc-b6f4-93c290a4d3ee,2026-07-05T02:00:00Z,2026-07-05T04:00:00+0200,-8.94,EUR/MWh,DK1,DK_1,imbalance_price,Long,2026-07-30T07:28:36Z
2026-07-30T07:25:17Z,2026-07-30T09:25:17+0200,e73b670a-bc29-4bfc-b6f4-93c290a4d3ee,2026-07-05T02:00:00Z,2026-07-05T04:00:00+0200,-8.94,EUR/MWh,DK1,DK_1,imbalance_price,Short,2026-07-30T07:28:36Z
2026-07-30T07:25:17Z,2026-07-30T09:25:17+0200,e73b670a-bc29-4bfc-b6f4-93c290a4d3ee,2026-07-05T02:15:00Z,2026-07-05T04:15:00+0200,62.56,EUR/MWh,DK1,DK_1,imbalance_price,Long,2026-07-30T07:28:36Z
2026-07-30T07:25:17Z,2026-07-30T09:25:17+0200,e73b670a-bc29-4bfc-b6f4-93c290a4d3ee,2026-07-05T02:15:00Z,2026-07-05T04:15:00+0200,62.56,EUR/MWh,DK1,DK_1,imbalance_price,Short,2026-07-30T07:28:36Z
2026-07-30T07:25:17Z,2026-07-30T09:25:17+0200,e73b670a-bc29-4bfc-b6f4-93c290a4d3ee,2026-07-05T02:30:00Z,2026-07-05T04:30:00+0200,40.32,EUR/MWh,DK1,DK_1,imbalance_price,Long,2026-07-30T07:28:36Z
2026-07-30T07:25:17Z,2026-07-30T09:25:17+0200,e73b670a-bc29-4bfc-b6f4-93c290a4d3ee,2026-07-05T02:30:00Z,2026-07-05T04:30:00+0200,40.32,EUR/MWh,DK1,DK_1,imbalance_price,Short,2026-07-30T07:28:36Z
2026-07-30T07:25:17Z,2026-07-30T09:25:17+0200,e73b670a-bc29-4bfc-b6f4-93c290a4d3ee,2026-07-05T02:45:00Z,2026-07-05T04:45:00+0200,41.14,EUR/MWh,DK1,DK_1,imbalance_price,Long,2026-07-30T07:28:36Z
2026-07-30T07:25:17Z,2026-07-30T09:25:17+0200,e73b670a-bc29-4bfc-b6f4-93c290a4d3ee,2026-07-05T02:45:00Z,2026-07-05T04:45:00+0200,41.14,EUR/MWh,DK1,DK_1,imbalance_price,Short,2026-07-30T07:28:36Z
2026-07-30T07:25:17Z,2026-07-30T09:25:17+0200,e73b670a-bc29-4bfc-b6f4-93c290a4d3ee,2026-07-05T03:00:00Z,2026-07-05T05:00:00+0200,260.13,EUR/MWh,DK1,DK_1,imbalance_price,Long,2026-07-30T07:28:36Z
2026-07-30T07:25:17Z,2026-07-30T09:25:17+0200,e73b670a-bc29-4bfc-b6f4-93c290a4d3ee,2026-07-05T03:00:00Z,2026-07-05T05:00:00+0200,260.13,EUR/MWh,DK1,DK_1,imbalance_price,Short,2026-07-30T07:28:36Z
2026-07-30T07:25:17Z,2026-07-30T09:25:17+0200,e73b670a-bc29-4bfc-b6f4-93c290a4d3ee,2026-07-05T03:15:00Z,2026-07-05T05:15:00+0200,46.85,EUR/MWh,DK1,DK_1,imbalance_price,Long,2026-07-30T07:28:36Z
2026-07-30T07:25:17Z,2026-07-30T09:25:17+0200,e73b670a-bc29-4bfc-b6f4-93c290a4d3ee,2026-07-05T03:15:00Z,2026-07-05T05:15:00+0200,46.85,EUR/MWh,DK1,DK_1,imbalance_price,Short,2026-07-30T07:28:36Z
2026-07-30T07:25:17Z,2026-07-30T09:25:17+0200,e73b670a-bc29-4bfc-b6f4-93c290a4d3ee,2026-07-05T03:30:00Z,2026-07-05T05:30:00+0200,10.44,EUR/MWh,DK1,DK_1,imbalance_price,Long,2026-07-30T07:28:36Z
2026-07-30T07:25:17Z,2026-07-30T09:25:17+0200,e73b670a-bc29-4bfc-b6f4-93c290a4d3ee,2026-07-05T03:30:00Z,2026-07-05T05:30:00+0200,10.44,EUR/MWh,DK1,DK_1,imbalance_price,Short,2026-07-30T07:28:36Z
2026-07-30T07:25:17Z,2026-07-30T09:25:17+0200,e73b670a-bc29-4bfc-b6f4-93c290a4d3ee,2026-07-05T03:45:00Z,2026-07-05T05:45:00+0200,225.22,EUR/MWh,DK1,DK_1,imbalance_price,Long,2026-07-30T07:28:36Z
2026-07-30T07:25:17Z,2026-07-30T09:25:17+0200,e73b670a-bc29-4bfc-b6f4-93c290a4d3ee,2026-07-05T03:45:00Z,2026-07-05T05:45:00+0200,225.22,EUR/MWh,DK1,DK_1,imbalance_price,Short,2026-07-30T07:28:36Z
2026-07-30T07:25:17Z,2026-07-30T09:25:17+0200,e73b670a-bc29-4bfc-b6f4-93c290a4d3ee,2026-07-05T04:00:00Z,2026-07-05T06:00:00+0200,259.96,EUR/MWh,DK1,DK_1,imbalance_price,Long,2026-07-30T07:28:36Z
2026-07-30T07:25:17Z,2026-07-30T09:25:17+0200,e73b670a-bc29-4bfc-b6f4-93c290a4d3ee,2026-07-05T04:00:00Z,2026-07-05T06:00:00+0200,259.96,EUR/MWh,DK1,DK_1,imbalance_price,Short,2026-07-30T07:28:36Z
2026-07-30T07:25:17Z,2026-07-30T09:25:17+0200,e73b670a-bc29-4bfc-b6f4-93c290a4d3ee,2026-07-05T04:15:00Z,2026-07-05T06:15:00+0200,151.19,EUR/MWh,DK1,DK_1,imbalance_price,Long,2026-07-30T07:28:36Z
2026-07-30T07:25:17Z,2026-07-30T09:25:17+0200,e73b670a-bc29-4bfc-b6f4-93c290a4d3ee,2026-07-05T04:15:00Z,2026-07-05T06:15:00+0200,151.19,EUR/MWh,DK1,DK_1,imbalance_price,Short,2026-07-30T07:28:36Z
2026-07-30T07:25:17Z,2026-07-30T09:25:17+0200,e73b670a-bc29-4bfc-b6f4-93c290a4d3ee,2026-07-05T04:30:00Z,2026-07-05T06:30:00+0200,73.0,EUR/MWh,DK1,DK_1,imbalance_price,Long,2026-07-30T07:28:36Z
2026-07-30T07:25:17Z,2026-07-30T09:25:17+0200,e73b670a-bc29-4bfc-b6f4-93c290a4d3ee,2026-07-05T04:30:00Z,2026-07-05T06:30:00+0200,73.0,EUR/MWh,DK1,DK_1,imbalance_price,Short,2026-07-30T07:28:36Z
2026-07-30T07:25:17Z,2026-07-30T09:25:17+0200,e73b670a-bc29-4bfc-b6f4-93c290a4d3ee,2026-07-05T04:45:00Z,2026-07-05T06:45:00+0200,93.86,EUR/MWh,DK1,DK_1,imbalance_price,Long,2026-07-30T07:28:36Z
2026-07-30T07:25:17Z,2026-07-30T09:25:17+0200,e73b670a-bc29-4bfc-b6f4-93c290a4d3ee,2026-07-05T04:45:00Z,2026-07-05T06:45:00+0200,93.86,EUR/MWh,DK1,DK_1,imbalance_price,Short,2026-07-30T07:28:36Z
2026-07-30T07:25:17Z,2026-07-30T09:25:17+0200,e73b670a-bc29-4bfc-b6f4-93c290a4d3ee,2026-07-05T05:00:00Z,2026-07-05T07:00:00+0200,85.01,EUR/MWh,DK1,DK_1,imbalance_price,Long,2026-07-30T07:28:36Z
2026-07-30T07:25:17Z,2026-07-30T09:25:17+0200,e73b670a-bc29-4bfc-b6f4-93c290a4d3ee,2026-07-05T05:00:00Z,2026-07-05T07:00:00+0200,85.01,EUR/MWh,DK1,DK_1,imbalance_price,Short,2026-07-30T07:28:36Z
2026-07-30T07:25:17Z,2026-07-30T09:25:17+0200,e73b670a-bc29-4bfc-b6f4-93c290a4d3ee,2026-07-05T05:15:00Z,2026-07-05T07:15:00+0200,71.8,EUR/MWh,DK1,DK_1,imbalance_price,Long,2026-07-30T07:28:36Z
2026-07-30T07:25:17Z,2026-07-30T09:25:17+0200,e73b670a-bc29-4bfc-b6f4-93c290a4d3ee,2026-07-05T05:15:00Z,2026-07-05T07:15:00+0200,71.8,EUR/MWh,DK1,DK_1,imbalance_price,Short,2026-07-30T07:28:36Z
2026-07-30T07:25:17Z,2026-07-30T09:25:17+0200,e73b670a-bc29-4bfc-b6f4-93c290a4d3ee,2026-07-05T05:30:00Z,2026-07-05T07:30:00+0200,35.53,EUR/MWh,DK1,DK_1,imbalance_price,Long,2026-07-30T07:28:36Z
2026-07-30T07:25:17Z,2026-07-30T09:25:17+0200,e73b670a-bc29-4bfc-b6f4-93c290a4d3ee,2026-07-05T05:30:00Z,2026-07-05T07:30:00+0200,35.53,EUR/MWh,DK1,DK_1,imbalance_price,Short,2026-07-30T07:28:36Z
2026-07-30T07:25:17Z,2026-07-30T09:25:17+0200,e73b670a-bc29-4bfc-b6f4-93c290a4d3ee,2026-07-05T05:45:00Z,2026-07-05T07:45:00+0200,10.95,EUR/MWh,DK1,DK_1,imbalance_price,Long,2026-07-30T07:28:36Z
2026-07-30T07:25:17Z,2026-07-30T09:25:17+0200,e73b670a-bc29-4bfc-b6f4-93c290a4d3ee,2026-07-05T05:45:00Z,2026-07-05T07:45:00+0200,10.95,EUR/MWh,DK1,DK_1,imbalance_price,Short,2026-07-30T07:28:36Z
2026-07-30T07:25:17Z,2026-07-30T09:25:17+0200,e73b670a-bc29-4bfc-b6f4-93c290a4d3ee,2026-07-05T06:00:00Z,2026-07-05T08:00:00+0200,34.34,EUR/MWh,DK1,DK_1,imbalance_price,Long,2026-07-30T07:28:36Z
2026-07-30T07:25:17Z,2026-07-30T09:25:17+0200,e73b670a-bc29-4bfc-b6f4-93c290a4d3ee,2026-07-05T06:00:00Z,2026-07-05T08:00:00+0200,34.34,EUR/MWh,DK1,DK_1,imbalance_price,Short,2026-07-30T07:28:36Z
2026-07-30T07:25:17Z,2026-07-30T09:25:17+0200,e73b670a-bc29-4bfc-b6f4-93c290a4d3ee,2026-07-05T06:15:00Z,2026-07-05T08:15:00+0200,81.33,EUR/MWh,DK1,DK_1,imbalance_price,Long,2026-07-30T07:28:36Z
2026-07-30T07:25:17Z,2026-07-30T09:25:17+0200,e73b670a-bc29-4bfc-b6f4-93c290a4d3ee,2026-07-05T06:15:00Z,2026-07-05T08:15:00+0200,81.33,EUR/MWh,DK1,DK_1,imbalance_price,Short,2026-07-30T07:28:36Z
2026-07-30T07:25:17Z,2026-07-30T09:25:17+0200,e73b670a-bc29-4bfc-b6f4-93c290a4d3ee,2026-07-05T06:30:00Z,2026-07-05T08:30:00+0200,-0.29,EUR/MWh,DK1,DK_1,imbalance_price,Long,2026-07-30T07:28:36Z
2026-07-30T07:25:17Z,2026-07-30T09:25:17+0200,e73b670a-bc29-4bfc-b6f4-93c290a4d3ee,2026-07-05T06:30:00Z,2026-07-05T08:30:00+0200,-0.29,EUR/MWh,DK1,DK_1,imbalance_price,Short,2026-07-30T07:28:36Z
2026-07-30T07:25:17Z,2026-07-30T09:25:17+0200,e73b670a-bc29-4bfc-b6f4-93c290a4d3ee,2026-07-05T06:45:00Z,2026-07-05T08:45:00+0200,-5.35,EUR/MWh,DK1,DK_1,imbalance_price,Long,2026-07-30T07:28:36Z
2026-07-30T07:25:17Z,2026-07-30T09:25:17+0200,e73b670a-bc29-4bfc-b6f4-93c290a4d3ee,2026-07-05T06:45:00Z,2026-07-05T08:45:00+0200,-5.35,EUR/MWh,DK1,DK_1,imbalance_price,Short,2026-07-30T07:28:36Z
2026-07-30T07:25:17Z,2026-07-30T09:25:17+0200,e73b670a-bc29-4bfc-b6f4-93c290a4d3ee,2026-07-05T07:00:00Z,2026-07-05T09:00:00+0200,1.23,EUR/MWh,DK1,DK_1,imbalance_price,Long,2026-07-30T07:28:36Z
2026-07-30T07:25:17Z,2026-07-30T09:25:17+0200,e73b670a-bc29-4bfc-b6f4-93c290a4d3ee,2026-07-05T07:00:00Z,2026-07-05T09:00:00+0200,1.23,EUR/MWh,DK1,DK_1,imbalance_price,Short,2026-07-30T07:28:36Z
2026-07-30T07:25:17Z,2026-07-30T09:25:17+0200,e73b670a-bc29-4bfc-b6f4-93c290a4d3ee,2026-07-05T07:15:00Z,2026-07-05T09:15:00+0200,-6.69,EUR/MWh,DK1,DK_1,imbalance_price,Long,2026-07-30T07:28:36Z
2026-07-30T07:25:17Z,2026-07-30T09:25:17+0200,e73b670a-bc29-4bfc-b6f4-93c290a4d3ee,2026-07-05T07:15:00Z,2026-07-05T09:15:00+0200,-6.69,EUR/MWh,DK1,DK_1,imbalance_price,Short,2026-07-30T07:28:36Z
2026-07-30T07:25:17Z,2026-07-30T09:25:17+0200,e73b670a-bc29-4bfc-b6f4-93c290a4d3ee,2026-07-05T07:30:00Z,2026-07-05T09:30:00+0200,-2.01,EUR/MWh,DK1,DK_1,imbalance_price,Long,2026-07-30T07:28:36Z
2026-07-30T07:25:17Z,2026-07-30T09:25:17+0200,e73b670a-bc29-4bfc-b6f4-93c290a4d3ee,2026-07-05T07:30:00Z,2026-07-05T09:30:00+0200,-2.01,EUR/MWh,DK1,DK_1,imbalance_price,Short,2026-07-30T07:28:36Z
2026-07-30T07:25:17Z,2026-07-30T09:25:17+0200,e73b670a-bc29-4bfc-b6f4-93c290a4d3ee,2026-07-05T07:45:00Z,2026-07-05T09:45:00+0200,-10.0,EUR/MWh,DK1,DK_1,imbalance_price,Long,2026-07-30T07:28:36Z
2026-07-30T07:25:17Z,2026-07-30T09:25:17+0200,e73b670a-bc29-4bfc-b6f4-93c290a4d3ee,2026-07-05T07:45:00Z,2026-07-05T09:45:00+0200,-10.0,EUR/MWh,DK1,DK_1,imbalance_price,Short,2026-07-30T07:28:36Z
2026-07-30T07:25:17Z,2026-07-30T09:25:17+0200,e73b670a-bc29-4bfc-b6f4-93c290a4d3ee,2026-07-05T08:00:00Z,2026-07-05T10:00:00+0200,-10.0,EUR/MWh,DK1,DK_1,imbalance_price,Long,2026-07-30T07:28:36Z
2026-07-30T07:25:17Z,2026-07-30T09:25:17+0200,e73b670a-bc29-4bfc-b6f4-93c290a4d3ee,2026-07-05T08:00:00Z,2026-07-05T10:00:00+0200,-10.0,EUR/MWh,DK1,DK_1,imbalance_price,Short,2026-07-30T07:28:36Z
2026-07-30T07:25:17Z,2026-07-30T09:25:17+0200,e73b670a-bc29-4bfc-b6f4-93c290a4d3ee,2026-07-05T08:15:00Z,2026-07-05T10:15:00+0200,-13.38,EUR/MWh,DK1,DK_1,imbalance_price,Long,2026-07-30T07:28:36Z
2026-07-30T07:25:17Z,2026-07-30T09:25:17+0200,e73b670a-bc29-4bfc-b6f4-93c290a4d3ee,2026-07-05T08:15:00Z,2026-07-05T10:15:00+0200,-13.38,EUR/MWh,DK1,DK_1,imbalance_price,Short,2026-07-30T07:28:36Z
2026-07-30T07:25:17Z,2026-07-30T09:25:17+0200,e73b670a-bc29-4bfc-b6f4-93c290a4d3ee,2026-07-05T08:30:00Z,2026-07-05T10:30:00+0200,-16.06,EUR/MWh,DK1,DK_1,imbalance_price,Long,2026-07-30T07:28:36Z
2026-07-30T07:25:17Z,2026-07-30T09:25:17+0200,e73b670a-bc29-4bfc-b6f4-93c290a4d3ee,2026-07-05T08:30:00Z,2026-07-05T10:30:00+0200,-16.06,EUR/MWh,DK1,DK_1,imbalance_price,Short,2026-07-30T07:28:36Z
2026-07-30T07:25:17Z,2026-07-30T09:25:17+0200,e73b670a-bc29-4bfc-b6f4-93c290a4d3ee,2026-07-05T08:45:00Z,2026-07-05T10:45:00+0200,-13.38,EUR/MWh,DK1,DK_1,imbalance_price,Long,2026-07-30T07:28:36Z
2026-07-30T07:25:17Z,2026-07-30T09:25:17+0200,e73b670a-bc29-4bfc-b6f4-93c290a4d3ee,2026-07-05T08:45:00Z,2026-07-05T10:45:00+0200,-13.38,EUR/MWh,DK1,DK_1,imbalance_price,Short,2026-07-30T07:28:36Z
2026-07-30T07:25:17Z,2026-07-30T09:25:17+0200,e73b670a-bc29-4bfc-b6f4-93c290a4d3ee,2026-07-05T09:00:00Z,2026-07-05T11:00:00+0200,-19.94,EUR/MWh,DK1,DK_1,imbalance_price,Long,2026-07-30T07:28:36Z
2026-07-30T07:25:17Z,2026-07-30T09:25:17+0200,e73b670a-bc29-4bfc-b6f4-93c290a4d3ee,2026-07-05T09:00:00Z,2026-07-05T11:00:00+0200,-19.94,EUR/MWh,DK1,DK_1,imbalance_price,Short,2026-07-30T07:28:36Z
2026-07-30T07:25:17Z,2026-07-30T09:25:17+0200,e73b670a-bc29-4bfc-b6f4-93c290a4d3ee,2026-07-05T09:15:00Z,2026-07-05T11:15:00+0200,-0.01,EUR/MWh,DK1,DK_1,imbalance_price,Long,2026-07-30T07:28:36Z
2026-07-30T07:25:17Z,2026-07-30T09:25:17+0200,e73b670a-bc29-4bfc-b6f4-93c290a4d3ee,2026-07-05T09:15:00Z,2026-07-05T11:15:00+0200,-0.01,EUR/MWh,DK1,DK_1,imbalance_price,Short,2026-07-30T07:28:36Z
2026-07-30T07:25:17Z,2026-07-30T09:25:17+0200,e73b670a-bc29-4bfc-b6f4-93c290a4d3ee,2026-07-05T09:30:00Z,2026-07-05T11:30:00+0200,-20.07,EUR/MWh,DK1,DK_1,imbalance_price,Long,2026-07-30T07:28:36Z
2026-07-30T07:25:17Z,2026-07-30T09:25:17+0200,e73b670a-bc29-4bfc-b6f4-93c290a4d3ee,2026-07-05T09:30:00Z,2026-07-05T11:30:00+0200,-20.07,EUR/MWh,DK1,DK_1,imbalance_price,Short,2026-07-30T07:28:36Z
2026-07-30T07:25:17Z,2026-07-30T09:25:17+0200,e73b670a-bc29-4bfc-b6f4-93c290a4d3ee,2026-07-05T09:45:00Z,2026-07-05T11:45:00+0200,-15.0,EUR/MWh,DK1,DK_1,imbalance_price,Long,2026-07-30T07:28:36Z
2026-07-30T07:25:17Z,2026-07-30T09:25:17+0200,e73b670a-bc29-4bfc-b6f4-93c290a4d3ee,2026-07-05T09:45:00Z,2026-07-05T11:45:00+0200,-15.0,EUR/MWh,DK1,DK_1,imbalance_price,Short,2026-07-30T07:28:36Z
2026-07-30T07:25:17Z,2026-07-30T09:25:17+0200,e73b670a-bc29-4bfc-b6f4-93c290a4d3ee,2026-07-05T10:00:00Z,2026-07-05T12:00:00+0200,-29.13,EUR/MWh,DK1,DK_1,imbalance_price,Long,2026-07-30T07:28:36Z
2026-07-30T07:25:17Z,2026-07-30T09:25:17+0200,e73b670a-bc29-4bfc-b6f4-93c290a4d3ee,2026-07-05T10:00:00Z,2026-07-05T12:00:00+0200,-29.13,EUR/MWh,DK1,DK_1,imbalance_price,Short,2026-07-30T07:28:36Z
2026-07-30T07:25:17Z,2026-07-30T09:25:17+0200,e73b670a-bc29-4bfc-b6f4-93c290a4d3ee,2026-07-05T10:15:00Z,2026-07-05T12:15:00+0200,-20.07,EUR/MWh,DK1,DK_1,imbalance_price,Long,2026-07-30T07:28:36Z
2026-07-30T07:25:17Z,2026-07-30T09:25:17+0200,e73b670a-bc29-4bfc-b6f4-93c290a4d3ee,2026-07-05T10:15:00Z,2026-07-05T12:15:00+0200,-20.07,EUR/MWh,DK1,DK_1,imbalance_price,Short,2026-07-30T07:28:36Z
2026-07-30T07:25:17Z,2026-07-30T09:25:17+0200,e73b670a-bc29-4bfc-b6f4-93c290a4d3ee,2026-07-05T10:30:00Z,2026-07-05T12:30:00+0200,-20.07,EUR/MWh,DK1,DK_1,imbalance_price,Long,2026-07-30T07:28:36Z
2026-07-30T07:25:17Z,2026-07-30T09:25:17+0200,e73b670a-bc29-4bfc-b6f4-93c290a4d3ee,2026-07-05T10:30:00Z,2026-07-05T12:30:00+0200,-20.07,EUR/MWh,DK1,DK_1,imbalance_price,Short,2026-07-30T07:28:36Z
2026-07-30T07:25:17Z,2026-07-30T09:25:17+0200,e73b670a-bc29-4bfc-b6f4-93c290a4d3ee,2026-07-05T10:45:00Z,2026-07-05T12:45:00+0200,-20.07,EUR/MWh,DK1,DK_1,imbalance_price,Long,2026-07-30T07:28:36Z
2026-07-30T07:25:17Z,2026-07-30T09:25:17+0200,e73b670a-bc29-4bfc-b6f4-93c290a4d3ee,2026-07-05T10:45:00Z,2026-07-05T12:45:00+0200,-20.07,EUR/MWh,DK1,DK_1,imbalance_price,Short,2026-07-30T07:28:36Z
2026-07-30T07:25:17Z,2026-07-30T09:25:17+0200,e73b670a-bc29-4bfc-b6f4-93c290a4d3ee,2026-07-05T11:00:00Z,2026-07-05T13:00:00+0200,-23.33,EUR/MWh,DK1,DK_1,imbalance_price,Long,2026-07-30T07:28:36Z
2026-07-30T07:25:17Z,2026-07-30T09:25:17+0200,e73b670a-bc29-4bfc-b6f4-93c290a4d3ee,2026-07-05T11:00:00Z,2026-07-05T13:00:00+0200,-23.33,EUR/MWh,DK1,DK_1,imbalance_price,Short,2026-07-30T07:28:36Z
2026-07-30T07:25:17Z,2026-07-30T09:25:17+0200,e73b670a-bc29-4bfc-b6f4-93c290a4d3ee,2026-07-05T11:15:00Z,2026-07-05T13:15:00+0200,-22.68,EUR/MWh,DK1,DK_1,imbalance_price,Long,2026-07-30T07:28:36Z
2026-07-30T07:25:17Z,2026-07-30T09:25:17+0200,e73b670a-bc29-4bfc-b6f4-93c290a4d3ee,2026-07-05T11:15:00Z,2026-07-05T13:15:00+0200,-22.68,EUR/MWh,DK1,DK_1,imbalance_price,Short,2026-07-30T07:28:36Z
2026-07-30T07:25:17Z,2026-07-30T09:25:17+0200,e73b670a-bc29-4bfc-b6f4-93c290a4d3ee,2026-07-05T11:30:00Z,2026-07-05T13:30:00+0200,-15.16,EUR/MWh,DK1,DK_1,imbalance_price,Long,2026-07-30T07:28:36Z
2026-07-30T07:25:17Z,2026-07-30T09:25:17+0200,e73b670a-bc29-4bfc-b6f4-93c290a4d3ee,2026-07-05T11:30:00Z,2026-07-05T13:30:00+0200,-15.16,EUR/MWh,DK1,DK_1,imbalance_price,Short,2026-07-30T07:28:36Z
2026-07-30T07:25:17Z,2026-07-30T09:25:17+0200,e73b670a-bc29-4bfc-b6f4-93c290a4d3ee,2026-07-05T11:45:00Z,2026-07-05T13:45:00+0200,-31.38,EUR/MWh,DK1,DK_1,imbalance_price,Long,2026-07-30T07:28:36Z
2026-07-30T07:25:17Z,2026-07-30T09:25:17+0200,e73b670a-bc29-4bfc-b6f4-93c290a4d3ee,2026-07-05T11:45:00Z,2026-07-05T13:45:00+0200,-31.38,EUR/MWh,DK1,DK_1,imbalance_price,Short,2026-07-30T07:28:36Z
2026-07-30T07:25:17Z,2026-07-30T09:25:17+0200,e73b670a-bc29-4bfc-b6f4-93c290a4d3ee,2026-07-05T12:00:00Z,2026-07-05T14:00:00+0200,-24.44,EUR/MWh,DK1,DK_1,imbalance_price,Long,2026-07-30T07:28:36Z
2026-07-30T07:25:17Z,2026-07-30T09:25:17+0200,e73b670a-bc29-4bfc-b6f4-93c290a4d3ee,2026-07-05T12:00:00Z,2026-07-05T14:00:00+0200,-24.44,EUR/MWh,DK1,DK_1,imbalance_price,Short,2026-07-30T07:28:36Z
2026-07-30T07:25:17Z,2026-07-30T09:25:17+0200,e73b670a-bc29-4bfc-b6f4-93c290a4d3ee,2026-07-05T12:15:00Z,2026-07-05T14:15:00+0200,-24.14,EUR/MWh,DK1,DK_1,imbalance_price,Long,2026-07-30T07:28:36Z
2026-07-30T07:25:17Z,2026-07-30T09:25:17+0200,e73b670a-bc29-4bfc-b6f4-93c290a4d3ee,2026-07-05T12:15:00Z,2026-07-05T14:15:00+0200,-24.14,EUR/MWh,DK1,DK_1,imbalance_price,Short,2026-07-30T07:28:36Z
2026-07-30T07:25:17Z,2026-07-30T09:25:17+0200,e73b670a-bc29-4bfc-b6f4-93c290a4d3ee,2026-07-05T12:30:00Z,2026-07-05T14:30:00+0200,-18.53,EUR/MWh,DK1,DK_1,imbalance_price,Long,2026-07-30T07:28:36Z
2026-07-30T07:25:17Z,2026-07-30T09:25:17+0200,e73b670a-bc29-4bfc-b6f4-93c290a4d3ee,2026-07-05T12:30:00Z,2026-07-05T14:30:00+0200,-18.53,EUR/MWh,DK1,DK_1,imbalance_price,Short,2026-07-30T07:28:36Z
2026-07-30T07:25:17Z,2026-07-30T09:25:17+0200,e73b670a-bc29-4bfc-b6f4-93c290a4d3ee,2026-07-05T12:45:00Z,2026-07-05T14:45:00+0200,-10.0,EUR/MWh,DK1,DK_1,imbalance_price,Long,2026-07-30T07:28:36Z
2026-07-30T07:25:17Z,2026-07-30T09:25:17+0200,e73b670a-bc29-4bfc-b6f4-93c290a4d3ee,2026-07-05T12:45:00Z,2026-07-05T14:45:00+0200,-10.0,EUR/MWh,DK1,DK_1,imbalance_price,Short,2026-07-30T07:28:36Z
2026-07-30T07:25:17Z,2026-07-30T09:25:17+0200,e73b670a-bc29-4bfc-b6f4-93c290a4d3ee,2026-07-05T13:00:00Z,2026-07-05T15:00:00+0200,-10.0,EUR/MWh,DK1,DK_1,imbalance_price,Long,2026-07-30T07:28:36Z
2026-07-30T07:25:17Z,2026-07-30T09:25:17+0200,e73b670a-bc29-4bfc-b6f4-93c290a4d3ee,2026-07-05T13:00:00Z,2026-07-05T15:00:00+0200,-10.0,EUR/MWh,DK1,DK_1,imbalance_price,Short,2026-07-30T07:28:36Z
2026-07-30T07:25:17Z,2026-07-30T09:25:17+0200,e73b670a-bc29-4bfc-b6f4-93c290a4d3ee,2026-07-05T13:15:00Z,2026-07-05T15:15:00+0200,-10.0,EUR/MWh,DK1,DK_1,imbalance_price,Long,2026-07-30T07:28:36Z
2026-07-30T07:25:17Z,2026-07-30T09:25:17+0200,e73b670a-bc29-4bfc-b6f4-93c290a4d3ee,2026-07-05T13:15:00Z,2026-07-05T15:15:00+0200,-10.0,EUR/MWh,DK1,DK_1,imbalance_price,Short,2026-07-30T07:28:36Z
2026-07-30T07:25:17Z,2026-07-30T09:25:17+0200,e73b670a-bc29-4bfc-b6f4-93c290a4d3ee,2026-07-05T13:30:00Z,2026-07-05T15:30:00+0200,-16.34,EUR/MWh,DK1,DK_1,imbalance_price,Long,2026-07-30T07:28:36Z
2026-07-30T07:25:17Z,2026-07-30T09:25:17+0200,e73b670a-bc29-4bfc-b6f4-93c290a4d3ee,2026-07-05T13:30:00Z,2026-07-05T15:30:00+0200,-16.34,EUR/MWh,DK1,DK_1,imbalance_price,Short,2026-07-30T07:28:36Z
2026-07-30T07:25:17Z,2026-07-30T09:25:17+0200,e73b670a-bc29-4bfc-b6f4-93c290a4d3ee,2026-07-05T13:45:00Z,2026-07-05T15:45:00+0200,-25.99,EUR/MWh,DK1,DK_1,imbalance_price,Long,2026-07-30T07:28:36Z
2026-07-30T07:25:17Z,2026-07-30T09:25:17+0200,e73b670a-bc29-4bfc-b6f4-93c290a4d3ee,2026-07-05T13:45:00Z,2026-07-05T15:45:00+0200,-25.99,EUR/MWh,DK1,DK_1,imbalance_price,Short,2026-07-30T07:28:36Z
2026-07-30T07:25:17Z,2026-07-30T09:25:17+0200,e73b670a-bc29-4bfc-b6f4-93c290a4d3ee,2026-07-05T14:00:00Z,2026-07-05T16:00:00+0200,-20.07,EUR/MWh,DK1,DK_1,imbalance_price,Long,2026-07-30T07:28:36Z
2026-07-30T07:25:17Z,2026-07-30T09:25:17+0200,e73b670a-bc29-4bfc-b6f4-93c290a4d3ee,2026-07-05T14:00:00Z,2026-07-05T16:00:00+0200,-20.07,EUR/MWh,DK1,DK_1,imbalance_price,Short,2026-07-30T07:28:36Z
2026-07-30T07:25:17Z,2026-07-30T09:25:17+0200,e73b670a-bc29-4bfc-b6f4-93c290a4d3ee,2026-07-05T14:15:00Z,2026-07-05T16:15:00+0200,-15.0,EUR/MWh,DK1,DK_1,imbalance_price,Long,2026-07-30T07:28:36Z
2026-07-30T07:25:17Z,2026-07-30T09:25:17+0200,e73b670a-bc29-4bfc-b6f4-93c290a4d3ee,2026-07-05T14:15:00Z,2026-07-05T16:15:00+0200,-15.0,EUR/MWh,DK1,DK_1,imbalance_price,Short,2026-07-30T07:28:36Z
2026-07-30T07:25:17Z,2026-07-30T09:25:17+0200,e73b670a-bc29-4bfc-b6f4-93c290a4d3ee,2026-07-05T14:30:00Z,2026-07-05T16:30:00+0200,-6.0,EUR/MWh,DK1,DK_1,imbalance_price,Long,2026-07-30T07:28:36Z
2026-07-30T07:25:17Z,2026-07-30T09:25:17+0200,e73b670a-bc29-4bfc-b6f4-93c290a4d3ee,2026-07-05T14:30:00Z,2026-07-05T16:30:00+0200,-6.0,EUR/MWh,DK1,DK_1,imbalance_price,Short,2026-07-30T07:28:36Z
2026-07-30T07:25:17Z,2026-07-30T09:25:17+0200,e73b670a-bc29-4bfc-b6f4-93c290a4d3ee,2026-07-05T14:45:00Z,2026-07-05T16:45:00+0200,-5.96,EUR/MWh,DK1,DK_1,imbalance_price,Long,2026-07-30T07:28:36Z
2026-07-30T07:25:17Z,2026-07-30T09:25:17+0200,e73b670a-bc29-4bfc-b6f4-93c290a4d3ee,2026-07-05T14:45:00Z,2026-07-05T16:45:00+0200,-5.96,EUR/MWh,DK1,DK_1,imbalance_price,Short,2026-07-30T07:28:36Z
2026-07-30T07:25:17Z,2026-07-30T09:25:17+0200,e73b670a-bc29-4bfc-b6f4-93c290a4d3ee,2026-07-05T15:00:00Z,2026-07-05T17:00:00+0200,-10.1,EUR/MWh,DK1,DK_1,imbalance_price,Long,2026-07-30T07:28:36Z
2026-07-30T07:25:17Z,2026-07-30T09:25:17+0200,e73b670a-bc29-4bfc-b6f4-93c290a4d3ee,2026-07-05T15:00:00Z,2026-07-05T17:00:00+0200,-10.1,EUR/MWh,DK1,DK_1,imbalance_price,Short,2026-07-30T07:28:36Z
2026-07-30T07:25:17Z,2026-07-30T09:25:17+0200,e73b670a-bc29-4bfc-b6f4-93c290a4d3ee,2026-07-05T15:15:00Z,2026-07-05T17:15:00+0200,-13.48,EUR/MWh,DK1,DK_1,imbalance_price,Long,2026-07-30T07:28:36Z
2026-07-30T07:25:17Z,2026-07-30T09:25:17+0200,e73b670a-bc29-4bfc-b6f4-93c290a4d3ee,2026-07-05T15:15:00Z,2026-07-05T17:15:00+0200,-13.48,EUR/MWh,DK1,DK_1,imbalance_price,Short,2026-07-30T07:28:36Z
2026-07-30T07:25:17Z,2026-07-30T09:25:17+0200,e73b670a-bc29-4bfc-b6f4-93c290a4d3ee,2026-07-05T15:30:00Z,2026-07-05T17:30:00+0200,2.1,EUR/MWh,DK1,DK_1,imbalance_price,Long,2026-07-30T07:28:36Z
2026-07-30T07:25:17Z,2026-07-30T09:25:17+0200,e73b670a-bc29-4bfc-b6f4-93c290a4d3ee,2026-07-05T15:30:00Z,2026-07-05T17:30:00+0200,2.1,EUR/MWh,DK1,DK_1,imbalance_price,Short,2026-07-30T07:28:36Z
2026-07-30T07:25:17Z,2026-07-30T09:25:17+0200,e73b670a-bc29-4bfc-b6f4-93c290a4d3ee,2026-07-05T15:45:00Z,2026-07-05T17:45:00+0200,-62.64,EUR/MWh,DK1,DK_1,imbalance_price,Long,2026-07-30T07:28:36Z
2026-07-30T07:25:17Z,2026-07-30T09:25:17+0200,e73b670a-bc29-4bfc-b6f4-93c290a4d3ee,2026-07-05T15:45:00Z,2026-07-05T17:45:00+0200,-62.64,EUR/MWh,DK1,DK_1,imbalance_price,Short,2026-07-30T07:28:36Z
2026-07-30T07:25:17Z,2026-07-30T09:25:17+0200,e73b670a-bc29-4bfc-b6f4-93c290a4d3ee,2026-07-05T16:00:00Z,2026-07-05T18:00:00+0200,-10.0,EUR/MWh,DK1,DK_1,imbalance_price,Long,2026-07-30T07:28:36Z
2026-07-30T07:25:17Z,2026-07-30T09:25:17+0200,e73b670a-bc29-4bfc-b6f4-93c290a4d3ee,2026-07-05T16:00:00Z,2026-07-05T18:00:00+0200,-10.0,EUR/MWh,DK1,DK_1,imbalance_price,Short,2026-07-30T07:28:36Z
2026-07-30T07:25:17Z,2026-07-30T09:25:17+0200,e73b670a-bc29-4bfc-b6f4-93c290a4d3ee,2026-07-05T16:15:00Z,2026-07-05T18:15:00+0200,-9.98,EUR/MWh,DK1,DK_1,imbalance_price,Long,2026-07-30T07:28:36Z
2026-07-30T07:25:17Z,2026-07-30T09:25:17+0200,e73b670a-bc29-4bfc-b6f4-93c290a4d3ee,2026-07-05T16:15:00Z,2026-07-05T18:15:00+0200,-9.98,EUR/MWh,DK1,DK_1,imbalance_price,Short,2026-07-30T07:28:36Z
2026-07-30T07:25:17Z,2026-07-30T09:25:17+0200,e73b670a-bc29-4bfc-b6f4-93c290a4d3ee,2026-07-05T16:30:00Z,2026-07-05T18:30:00+0200,-9.82,EUR/MWh,DK1,DK_1,imbalance_price,Long,2026-07-30T07:28:36Z
2026-07-30T07:25:17Z,2026-07-30T09:25:17+0200,e73b670a-bc29-4bfc-b6f4-93c290a4d3ee,2026-07-05T16:30:00Z,2026-07-05T18:30:00+0200,-9.82,EUR/MWh,DK1,DK_1,imbalance_price,Short,2026-07-30T07:28:36Z
2026-07-30T07:25:17Z,2026-07-30T09:25:17+0200,e73b670a-bc29-4bfc-b6f4-93c290a4d3ee,2026-07-05T16:45:00Z,2026-07-05T18:45:00+0200,-6.69,EUR/MWh,DK1,DK_1,imbalance_price,Long,2026-07-30T07:28:36Z
2026-07-30T07:25:17Z,2026-07-30T09:25:17+0200,e73b670a-bc29-4bfc-b6f4-93c290a4d3ee,2026-07-05T16:45:00Z,2026-07-05T18:45:00+0200,-6.69,EUR/MWh,DK1,DK_1,imbalance_price,Short,2026-07-30T07:28:36Z
2026-07-30T07:25:17Z,2026-07-30T09:25:17+0200,e73b670a-bc29-4bfc-b6f4-93c290a4d3ee,2026-07-05T17:00:00Z,2026-07-05T19:00:00+0200,-5.0,EUR/MWh,DK1,DK_1,imbalance_price,Long,2026-07-30T07:28:36Z
2026-07-30T07:25:17Z,2026-07-30T09:25:17+0200,e73b670a-bc29-4bfc-b6f4-93c290a4d3ee,2026-07-05T17:00:00Z,2026-07-05T19:00:00+0200,-5.0,EUR/MWh,DK1,DK_1,imbalance_price,Short,2026-07-30T07:28:36Z
2026-07-30T07:25:17Z,2026-07-30T09:25:17+0200,e73b670a-bc29-4bfc-b6f4-93c290a4d3ee,2026-07-05T17:15:00Z,2026-07-05T19:15:00+0200,-11.79,EUR/MWh,DK1,DK_1,imbalance_price,Long,2026-07-30T07:28:36Z
2026-07-30T07:25:17Z,2026-07-30T09:25:17+0200,e73b670a-bc29-4bfc-b6f4-93c290a4d3ee,2026-07-05T17:15:00Z,2026-07-05T19:15:00+0200,-11.79,EUR/MWh,DK1,DK_1,imbalance_price,Short,2026-07-30T07:28:36Z
2026-07-30T07:25:17Z,2026-07-30T09:25:17+0200,e73b670a-bc29-4bfc-b6f4-93c290a4d3ee,2026-07-05T17:30:00Z,2026-07-05T19:30:00+0200,43.4,EUR/MWh,DK1,DK_1,imbalance_price,Long,2026-07-30T07:28:36Z
2026-07-30T07:25:17Z,2026-07-30T09:25:17+0200,e73b670a-bc29-4bfc-b6f4-93c290a4d3ee,2026-07-05T17:30:00Z,2026-07-05T19:30:00+0200,43.4,EUR/MWh,DK1,DK_1,imbalance_price,Short,2026-07-30T07:28:36Z
2026-07-30T07:25:17Z,2026-07-30T09:25:17+0200,e73b670a-bc29-4bfc-b6f4-93c290a4d3ee,2026-07-05T17:45:00Z,2026-07-05T19:45:00+0200,5.74,EUR/MWh,DK1,DK_1,imbalance_price,Long,2026-07-30T07:28:36Z
2026-07-30T07:25:17Z,2026-07-30T09:25:17+0200,e73b670a-bc29-4bfc-b6f4-93c290a4d3ee,2026-07-05T17:45:00Z,2026-07-05T19:45:00+0200,5.74,EUR/MWh,DK1,DK_1,imbalance_price,Short,2026-07-30T07:28:36Z
2026-07-30T07:25:17Z,2026-07-30T09:25:17+0200,e73b670a-bc29-4bfc-b6f4-93c290a4d3ee,2026-07-05T18:00:00Z,2026-07-05T20:00:00+0200,8.01,EUR/MWh,DK1,DK_1,imbalance_price,Long,2026-07-30T07:28:36Z
2026-07-30T07:25:17Z,2026-07-30T09:25:17+0200,e73b670a-bc29-4bfc-b6f4-93c290a4d3ee,2026-07-05T18:00:00Z,2026-07-05T20:00:00+0200,8.01,EUR/MWh,DK1,DK_1,imbalance_price,Short,2026-07-30T07:28:36Z
2026-07-30T07:25:17Z,2026-07-30T09:25:17+0200,e73b670a-bc29-4bfc-b6f4-93c290a4d3ee,2026-07-05T18:15:00Z,2026-07-05T20:15:00+0200,76.39,EUR/MWh,DK1,DK_1,imbalance_price,Long,2026-07-30T07:28:36Z
2026-07-30T07:25:17Z,2026-07-30T09:25:17+0200,e73b670a-bc29-4bfc-b6f4-93c290a4d3ee,2026-07-05T18:15:00Z,2026-07-05T20:15:00+0200,76.39,EUR/MWh,DK1,DK_1,imbalance_price,Short,2026-07-30T07:28:36Z
2026-07-30T07:25:17Z,2026-07-30T09:25:17+0200,e73b670a-bc29-4bfc-b6f4-93c290a4d3ee,2026-07-05T18:30:00Z,2026-07-05T20:30:00+0200,82.92,EUR/MWh,DK1,DK_1,imbalance_price,Long,2026-07-30T07:28:36Z
2026-07-30T07:25:17Z,2026-07-30T09:25:17+0200,e73b670a-bc29-4bfc-b6f4-93c290a4d3ee,2026-07-05T18:30:00Z,2026-07-05T20:30:00+0200,82.92,EUR/MWh,DK1,DK_1,imbalance_price,Short,2026-07-30T07:28:36Z
2026-07-30T07:25:17Z,2026-07-30T09:25:17+0200,e73b670a-bc29-4bfc-b6f4-93c290a4d3ee,2026-07-05T18:45:00Z,2026-07-05T20:45:00+0200,80.28,EUR/MWh,DK1,DK_1,imbalance_price,Long,2026-07-30T07:28:36Z
2026-07-30T07:25:17Z,2026-07-30T09:25:17+0200,e73b670a-bc29-4bfc-b6f4-93c290a4d3ee,2026-07-05T18:45:00Z,2026-07-05T20:45:00+0200,80.28,EUR/MWh,DK1,DK_1,imbalance_price,Short,2026-07-30T07:28:36Z
2026-07-30T07:25:17Z,2026-07-30T09:25:17+0200,e73b670a-bc29-4bfc-b6f4-93c290a4d3ee,2026-07-05T19:00:00Z,2026-07-05T21:00:00+0200,124.74,EUR/MWh,DK1,DK_1,imbalance_price,Long,2026-07-30T07:28:36Z
2026-07-30T07:25:17Z,2026-07-30T09:25:17+0200,e73b670a-bc29-4bfc-b6f4-93c290a4d3ee,2026-07-05T19:00:00Z,2026-07-05T21:00:00+0200,124.74,EUR/MWh,DK1,DK_1,imbalance_price,Short,2026-07-30T07:28:36Z
2026-07-30T07:25:17Z,2026-07-30T09:25:17+0200,e73b670a-bc29-4bfc-b6f4-93c290a4d3ee,2026-07-05T19:15:00Z,2026-07-05T21:15:00+0200,294.36,EUR/MWh,DK1,DK_1,imbalance_price,Long,2026-07-30T07:28:36Z
2026-07-30T07:25:17Z,2026-07-30T09:25:17+0200,e73b670a-bc29-4bfc-b6f4-93c290a4d3ee,2026-07-05T19:15:00Z,2026-07-05T21:15:00+0200,294.36,EUR/MWh,DK1,DK_1,imbalance_price,Short,2026-07-30T07:28:36Z
2026-07-30T07:25:17Z,2026-07-30T09:25:17+0200,e73b670a-bc29-4bfc-b6f4-93c290a4d3ee,2026-07-05T19:30:00Z,2026-07-05T21:30:00+0200,468.3,EUR/MWh,DK1,DK_1,imbalance_price,Long,2026-07-30T07:28:36Z
2026-07-30T07:25:17Z,2026-07-30T09:25:17+0200,e73b670a-bc29-4bfc-b6f4-93c290a4d3ee,2026-07-05T19:30:00Z,2026-07-05T21:30:00+0200,468.3,EUR/MWh,DK1,DK_1,imbalance_price,Short,2026-07-30T07:28:36Z
2026-07-30T07:25:17Z,2026-07-30T09:25:17+0200,e73b670a-bc29-4bfc-b6f4-93c290a4d3ee,2026-07-05T19:45:00Z,2026-07-05T21:45:00+0200,388.02,EUR/MWh,DK1,DK_1,imbalance_price,Long,2026-07-30T07:28:36Z
2026-07-30T07:25:17Z,2026-07-30T09:25:17+0200,e73b670a-bc29-4bfc-b6f4-93c290a4d3ee,2026-07-05T19:45:00Z,2026-07-05T21:45:00+0200,388.02,EUR/MWh,DK1,DK_1,imbalance_price,Short,2026-07-30T07:28:36Z
2026-07-30T07:25:17Z,2026-07-30T09:25:17+0200,e73b670a-bc29-4bfc-b6f4-93c290a4d3ee,2026-07-05T20:00:00Z,2026-07-05T22:00:00+0200,468.24,EUR/MWh,DK1,DK_1,imbalance_price,Long,2026-07-30T07:28:36Z
2026-07-30T07:25:17Z,2026-07-30T09:25:17+0200,e73b670a-bc29-4bfc-b6f4-93c290a4d3ee,2026-07-05T20:00:00Z,2026-07-05T22:00:00+0200,468.24,EUR/MWh,DK1,DK_1,imbalance_price,Short,2026-07-30T07:28:36Z
2026-07-30T07:25:17Z,2026-07-30T09:25:17+0200,e73b670a-bc29-4bfc-b6f4-93c290a4d3ee,2026-07-05T20:15:00Z,2026-07-05T22:15:00+0200,267.6,EUR/MWh,DK1,DK_1,imbalance_price,Long,2026-07-30T07:28:36Z
2026-07-30T07:25:17Z,2026-07-30T09:25:17+0200,e73b670a-bc29-4bfc-b6f4-93c290a4d3ee,2026-07-05T20:15:00Z,2026-07-05T22:15:00+0200,267.6,EUR/MWh,DK1,DK_1,imbalance_price,Short,2026-07-30T07:28:36Z
2026-07-30T07:25:17Z,2026-07-30T09:25:17+0200,e73b670a-bc29-4bfc-b6f4-93c290a4d3ee,2026-07-05T20:30:00Z,2026-07-05T22:30:00+0200,103.93,EUR/MWh,DK1,DK_1,imbalance_price,Long,2026-07-30T07:28:36Z
2026-07-30T07:25:17Z,2026-07-30T09:25:17+0200,e73b670a-bc29-4bfc-b6f4-93c290a4d3ee,2026-07-05T20:30:00Z,2026-07-05T22:30:00+0200,103.93,EUR/MWh,DK1,DK_1,imbalance_price,Short,2026-07-30T07:28:36Z
2026-07-30T07:25:17Z,2026-07-30T09:25:17+0200,e73b670a-bc29-4bfc-b6f4-93c290a4d3ee,2026-07-05T20:45:00Z,2026-07-05T22:45:00+0200,-6.36,EUR/MWh,DK1,DK_1,imbalance_price,Long,2026-07-30T07:28:36Z
2026-07-30T07:25:17Z,2026-07-30T09:25:17+0200,e73b670a-bc29-4bfc-b6f4-93c290a4d3ee,2026-07-05T20:45:00Z,2026-07-05T22:45:00+0200,-6.36,EUR/MWh,DK1,DK_1,imbalance_price,Short,2026-07-30T07:28:36Z
2026-07-30T07:25:17Z,2026-07-30T09:25:17+0200,e73b670a-bc29-4bfc-b6f4-93c290a4d3ee,2026-07-05T21:00:00Z,2026-07-05T23:00:00+0200,-0.4,EUR/MWh,DK1,DK_1,imbalance_price,Long,2026-07-30T07:28:36Z
2026-07-30T07:25:17Z,2026-07-30T09:25:17+0200,e73b670a-bc29-4bfc-b6f4-93c290a4d3ee,2026-07-05T21:00:00Z,2026-07-05T23:00:00+0200,-0.4,EUR/MWh,DK1,DK_1,imbalance_price,Short,2026-07-30T07:28:36Z
2026-07-30T07:25:17Z,2026-07-30T09:25:17+0200,e73b670a-bc29-4bfc-b6f4-93c290a4d3ee,2026-07-05T21:15:00Z,2026-07-05T23:15:00+0200,0.31,EUR/MWh,DK1,DK_1,imbalance_price,Long,2026-07-30T07:28:36Z
2026-07-30T07:25:17Z,2026-07-30T09:25:17+0200,e73b670a-bc29-4bfc-b6f4-93c290a4d3ee,2026-07-05T21:15:00Z,2026-07-05T23:15:00+0200,0.31,EUR/MWh,DK1,DK_1,imbalance_price,Short,2026-07-30T07:28:36Z
2026-07-30T07:25:17Z,2026-07-30T09:25:17+0200,e73b670a-bc29-4bfc-b6f4-93c290a4d3ee,2026-07-05T21:30:00Z,2026-07-05T23:30:00+0200,0.69,EUR/MWh,DK1,DK_1,imbalance_price,Long,2026-07-30T07:28:36Z
2026-07-30T07:25:17Z,2026-07-30T09:25:17+0200,e73b670a-bc29-4bfc-b6f4-93c290a4d3ee,2026-07-05T21:30:00Z,2026-07-05T23:30:00+0200,0.69,EUR/MWh,DK1,DK_1,imbalance_price,Short,2026-07-30T07:28:36Z
2026-07-30T07:25:17Z,2026-07-30T09:25:17+0200,e73b670a-bc29-4bfc-b6f4-93c290a4d3ee,2026-07-05T21:45:00Z,2026-07-05T23:45:00+0200,1.53,EUR/MWh,DK1,DK_1,imbalance_price,Long,2026-07-30T07:28:36Z
2026-07-30T07:25:17Z,2026-07-30T09:25:17+0200,e73b670a-bc29-4bfc-b6f4-93c290a4d3ee,2026-07-05T21:45:00Z,2026-07-05T23:45:00+0200,1.53,EUR/MWh,DK1,DK_1,imbalance_price,Short,2026-07-30T07:28:36Z
2026-07-30T07:25:17Z,2026-07-30T09:25:17+0200,e73b670a-bc29-4bfc-b6f4-93c290a4d3ee,2026-07-05T22:00:00Z,2026-07-06T00:00:00+0200,13.35,EUR/MWh,DK1,DK_1,imbalance_price,Long,2026-07-30T07:28:36Z
2026-07-30T07:25:17Z,2026-07-30T09:25:17+0200,e73b670a-bc29-4bfc-b6f4-93c290a4d3ee,2026-07-05T22:00:00Z,2026-07-06T00:00:00+0200,13.35,EUR/MWh,DK1,DK_1,imbalance_price,Short,2026-07-30T07:28:36Z
2026-07-30T07:25:17Z,2026-07-30T09:25:17+0200,e73b670a-bc29-4bfc-b6f4-93c290a4d3ee,2026-07-05T22:15:00Z,2026-07-06T00:15:00+0200,11.87,EUR/MWh,DK1,DK_1,imbalance_price,Long,2026-07-30T07:28:36Z
2026-07-30T07:25:17Z,2026-07-30T09:25:17+0200,e73b670a-bc29-4bfc-b6f4-93c290a4d3ee,2026-07-05T22:15:00Z,2026-07-06T00:15:00+0200,11.87,EUR/MWh,DK1,DK_1,imbalance_price,Short,2026-07-30T07:28:36Z
2026-07-30T07:25:17Z,2026-07-30T09:25:17+0200,e73b670a-bc29-4bfc-b6f4-93c290a4d3ee,2026-07-05T22:30:00Z,2026-07-06T00:30:00+0200,8.38,EUR/MWh,DK1,DK_1,imbalance_price,Long,2026-07-30T07:28:36Z
2026-07-30T07:25:17Z,2026-07-30T09:25:17+0200,e73b670a-bc29-4bfc-b6f4-93c290a4d3ee,2026-07-05T22:30:00Z,2026-07-06T00:30:00+0200,8.38,EUR/MWh,DK1,DK_1,imbalance_price,Short,2026-07-30T07:28:36Z
2026-07-30T07:25:17Z,2026-07-30T09:25:17+0200,e73b670a-bc29-4bfc-b6f4-93c290a4d3ee,2026-07-05T22:45:00Z,2026-07-06T00:45:00+0200,7.89,EUR/MWh,DK1,DK_1,imbalance_price,Long,2026-07-30T07:28:36Z
2026-07-30T07:25:17Z,2026-07-30T09:25:17+0200,e73b670a-bc29-4bfc-b6f4-93c290a4d3ee,2026-07-05T22:45:00Z,2026-07-06T00:45:00+0200,7.89,EUR/MWh,DK1,DK_1,imbalance_price,Short,2026-07-30T07:28:36Z
2026-07-30T07:25:17Z,2026-07-30T09:25:17+0200,e73b670a-bc29-4bfc-b6f4-93c290a4d3ee,2026-07-05T23:00:00Z,2026-07-06T01:00:00+0200,23.0,EUR/MWh,DK1,DK_1,imbalance_price,Long,2026-07-30T07:28:36Z
2026-07-30T07:25:17Z,2026-07-30T09:25:17+0200,e73b670a-bc29-4bfc-b6f4-93c290a4d3ee,2026-07-05T23:00:00Z,2026-07-06T01:00:00+0200,23.0,EUR/MWh,DK1,DK_1,imbalance_price,Short,2026-07-30T07:28:36Z
2026-07-30T07:25:17Z,2026-07-30T09:25:17+0200,e73b670a-bc29-4bfc-b6f4-93c290a4d3ee,2026-07-05T23:15:00Z,2026-07-06T01:15:00+0200,46.83,EUR/MWh,DK1,DK_1,imbalance_price,Long,2026-07-30T07:28:36Z
2026-07-30T07:25:17Z,2026-07-30T09:25:17+0200,e73b670a-bc29-4bfc-b6f4-93c290a4d3ee,2026-07-05T23:15:00Z,2026-07-06T01:15:00+0200,46.83,EUR/MWh,DK1,DK_1,imbalance_price,Short,2026-07-30T07:28:36Z
2026-07-30T07:25:17Z,2026-07-30T09:25:17+0200,e73b670a-bc29-4bfc-b6f4-93c290a4d3ee,2026-07-05T23:30:00Z,2026-07-06T01:30:00+0200,46.83,EUR/MWh,DK1,DK_1,imbalance_price,Long,2026-07-30T07:28:36Z
2026-07-30T07:25:17Z,2026-07-30T09:25:17+0200,e73b670a-bc29-4bfc-b6f4-93c290a4d3ee,2026-07-05T23:30:00Z,2026-07-06T01:30:00+0200,46.83,EUR/MWh,DK1,DK_1,imbalance_price,Short,2026-07-30T07:28:36Z
2026-07-30T07:25:17Z,2026-07-30T09:25:17+0200,e73b670a-bc29-4bfc-b6f4-93c290a4d3ee,2026-07-05T23:45:00Z,2026-07-06T01:45:00+0200,46.16,EUR/MWh,DK1,DK_1,imbalance_price,Long,2026-07-30T07:28:36Z
2026-07-30T07:25:17Z,2026-07-30T09:25:17+0200,e73b670a-bc29-4bfc-b6f4-93c290a4d3ee,2026-07-05T23:45:00Z,2026-07-06T01:45:00+0200,46.16,EUR/MWh,DK1,DK_1,imbalance_price,Short,2026-07-30T07:28:36Z
2026-07-30T07:25:17Z,2026-07-30T09:25:17+0200,e73b670a-bc29-4bfc-b6f4-93c290a4d3ee,2026-07-06T00:00:00Z,2026-07-06T02:00:00+0200,124.66,EUR/MWh,DK1,DK_1,imbalance_price,Long,2026-07-30T07:28:36Z
2026-07-30T07:25:17Z,2026-07-30T09:25:17+0200,e73b670a-bc29-4bfc-b6f4-93c290a4d3ee,2026-07-06T00:00:00Z,2026-07-06T02:00:00+0200,124.66,EUR/MWh,DK1,DK_1,imbalance_price,Short,2026-07-30T07:28:36Z
2026-07-30T07:25:17Z,2026-07-30T09:25:17+0200,e73b670a-bc29-4bfc-b6f4-93c290a4d3ee,2026-07-06T00:15:00Z,2026-07-06T02:15:00+0200,119.06,EUR/MWh,DK1,DK_1,imbalance_price,Long,2026-07-30T07:28:36Z
2026-07-30T07:25:17Z,2026-07-30T09:25:17+0200,e73b670a-bc29-4bfc-b6f4-93c290a4d3ee,2026-07-06T00:15:00Z,2026-07-06T02:15:00+0200,119.06,EUR/MWh,DK1,DK_1,imbalance_price,Short,2026-07-30T07:28:36Z
2026-07-30T07:25:17Z,2026-07-30T09:25:17+0200,e73b670a-bc29-4bfc-b6f4-93c290a4d3ee,2026-07-06T00:30:00Z,2026-07-06T02:30:00+0200,117.28,EUR/MWh,DK1,DK_1,imbalance_price,Long,2026-07-30T07:28:36Z
2026-07-30T07:25:17Z,2026-07-30T09:25:17+0200,e73b670a-bc29-4bfc-b6f4-93c290a4d3ee,2026-07-06T00:30:00Z,2026-07-06T02:30:00+0200,117.28,EUR/MWh,DK1,DK_1,imbalance_price,Short,2026-07-30T07:28:36Z
2026-07-30T07:25:17Z,2026-07-30T09:25:17+0200,e73b670a-bc29-4bfc-b6f4-93c290a4d3ee,2026-07-06T00:45:00Z,2026-07-06T02:45:00+0200,18.74,EUR/MWh,DK1,DK_1,imbalance_price,Long,2026-07-30T07:28:36Z
2026-07-30T07:25:17Z,2026-07-30T09:25:17+0200,e73b670a-bc29-4bfc-b6f4-93c290a4d3ee,2026-07-06T00:45:00Z,2026-07-06T02:45:00+0200,18.74,EUR/MWh,DK1,DK_1,imbalance_price,Short,2026-07-30T07:28:36Z
2026-07-30T07:25:17Z,2026-07-30T09:25:17+0200,e73b670a-bc29-4bfc-b6f4-93c290a4d3ee,2026-07-06T01:00:00Z,2026-07-06T03:00:00+0200,33.56,EUR/MWh,DK1,DK_1,imbalance_price,Long,2026-07-30T07:28:36Z
2026-07-30T07:25:17Z,2026-07-30T09:25:17+0200,e73b670a-bc29-4bfc-b6f4-93c290a4d3ee,2026-07-06T01:00:00Z,2026-07-06T03:00:00+0200,33.56,EUR/MWh,DK1,DK_1,imbalance_price,Short,2026-07-30T07:28:36Z
2026-07-30T07:25:17Z,2026-07-30T09:25:17+0200,e73b670a-bc29-4bfc-b6f4-93c290a4d3ee,2026-07-06T01:15:00Z,2026-07-06T03:15:00+0200,113.1,EUR/MWh,DK1,DK_1,imbalance_price,Long,2026-07-30T07:28:36Z
2026-07-30T07:25:17Z,2026-07-30T09:25:17+0200,e73b670a-bc29-4bfc-b6f4-93c290a4d3ee,2026-07-06T01:15:00Z,2026-07-06T03:15:00+0200,113.1,EUR/MWh,DK1,DK_1,imbalance_price,Short,2026-07-30T07:28:36Z
2026-07-30T07:25:17Z,2026-07-30T09:25:17+0200,e73b670a-bc29-4bfc-b6f4-93c290a4d3ee,2026-07-06T01:30:00Z,2026-07-06T03:30:00+0200,55.49,EUR/MWh,DK1,DK_1,imbalance_price,Long,2026-07-30T07:28:36Z
2026-07-30T07:25:17Z,2026-07-30T09:25:17+0200,e73b670a-bc29-4bfc-b6f4-93c290a4d3ee,2026-07-06T01:30:00Z,2026-07-06T03:30:00+0200,55.49,EUR/MWh,DK1,DK_1,imbalance_price,Short,2026-07-30T07:28:36Z
2026-07-30T07:25:17Z,2026-07-30T09:25:17+0200,e73b670a-bc29-4bfc-b6f4-93c290a4d3ee,2026-07-06T01:45:00Z,2026-07-06T03:45:00+0200,54.8,EUR/MWh,DK1,DK_1,imbalance_price,Long,2026-07-30T07:28:36Z
2026-07-30T07:25:17Z,2026-07-30T09:25:17+0200,e73b670a-bc29-4bfc-b6f4-93c290a4d3ee,2026-07-06T01:45:00Z,2026-07-06T03:45:00+0200,54.8,EUR/MWh,DK1,DK_1,imbalance_price,Short,2026-07-30T07:28:36Z
2026-07-30T07:25:17Z,2026-07-30T09:25:17+0200,e73b670a-bc29-4bfc-b6f4-93c290a4d3ee,2026-07-06T02:00:00Z,2026-07-06T04:00:00+0200,55.25,EUR/MWh,DK1,DK_1,imbalance_price,Long,2026-07-30T07:28:36Z
2026-07-30T07:25:17Z,2026-07-30T09:25:17+0200,e73b670a-bc29-4bfc-b6f4-93c290a4d3ee,2026-07-06T02:00:00Z,2026-07-06T04:00:00+0200,55.25,EUR/MWh,DK1,DK_1,imbalance_price,Short,2026-07-30T07:28:36Z
2026-07-30T07:25:17Z,2026-07-30T09:25:17+0200,e73b670a-bc29-4bfc-b6f4-93c290a4d3ee,2026-07-06T02:15:00Z,2026-07-06T04:15:00+0200,184.33,EUR/MWh,DK1,DK_1,imbalance_price,Long,2026-07-30T07:28:36Z
2026-07-30T07:25:17Z,2026-07-30T09:25:17+0200,e73b670a-bc29-4bfc-b6f4-93c290a4d3ee,2026-07-06T02:15:00Z,2026-07-06T04:15:00+0200,184.33,EUR/MWh,DK1,DK_1,imbalance_price,Short,2026-07-30T07:28:36Z
2026-07-30T07:25:17Z,2026-07-30T09:25:17+0200,e73b670a-bc29-4bfc-b6f4-93c290a4d3ee,2026-07-06T02:30:00Z,2026-07-06T04:30:00+0200,115.56,EUR/MWh,DK1,DK_1,imbalance_price,Long,2026-07-30T07:28:36Z
2026-07-30T07:25:17Z,2026-07-30T09:25:17+0200,e73b670a-bc29-4bfc-b6f4-93c290a4d3ee,2026-07-06T02:30:00Z,2026-07-06T04:30:00+0200,115.56,EUR/MWh,DK1,DK_1,imbalance_price,Short,2026-07-30T07:28:36Z
2026-07-30T07:25:17Z,2026-07-30T09:25:17+0200,e73b670a-bc29-4bfc-b6f4-93c290a4d3ee,2026-07-06T02:45:00Z,2026-07-06T04:45:00+0200,267.61,EUR/MWh,DK1,DK_1,imbalance_price,Long,2026-07-30T07:28:36Z
2026-07-30T07:25:17Z,2026-07-30T09:25:17+0200,e73b670a-bc29-4bfc-b6f4-93c290a4d3ee,2026-07-06T02:45:00Z,2026-07-06T04:45:00+0200,267.61,EUR/MWh,DK1,DK_1,imbalance_price,Short,2026-07-30T07:28:36Z
2026-07-30T07:25:17Z,2026-07-30T09:25:17+0200,e73b670a-bc29-4bfc-b6f4-93c290a4d3ee,2026-07-06T03:00:00Z,2026-07-06T05:00:00+0200,115.08,EUR/MWh,DK1,DK_1,imbalance_price,Long,2026-07-30T07:28:36Z
2026-07-30T07:25:17Z,2026-07-30T09:25:17+0200,e73b670a-bc29-4bfc-b6f4-93c290a4d3ee,2026-07-06T03:00:00Z,2026-07-06T05:00:00+0200,115.08,EUR/MWh,DK1,DK_1,imbalance_price,Short,2026-07-30T07:28:36Z
2026-07-30T07:25:17Z,2026-07-30T09:25:17+0200,e73b670a-bc29-4bfc-b6f4-93c290a4d3ee,2026-07-06T03:15:00Z,2026-07-06T05:15:00+0200,116.2,EUR/MWh,DK1,DK_1,imbalance_price,Long,2026-07-30T07:28:36Z
2026-07-30T07:25:17Z,2026-07-30T09:25:17+0200,e73b670a-bc29-4bfc-b6f4-93c290a4d3ee,2026-07-06T03:15:00Z,2026-07-06T05:15:00+0200,116.2,EUR/MWh,DK1,DK_1,imbalance_price,Short,2026-07-30T07:28:36Z
2026-07-30T07:25:17Z,2026-07-30T09:25:17+0200,e73b670a-bc29-4bfc-b6f4-93c290a4d3ee,2026-07-06T03:30:00Z,2026-07-06T05:30:00+0200,294.33,EUR/MWh,DK1,DK_1,imbalance_price,Long,2026-07-30T07:28:36Z
2026-07-30T07:25:17Z,2026-07-30T09:25:17+0200,e73b670a-bc29-4bfc-b6f4-93c290a4d3ee,2026-07-06T03:30:00Z,2026-07-06T05:30:00+0200,294.33,EUR/MWh,DK1,DK_1,imbalance_price,Short,2026-07-30T07:28:36Z
2026-07-30T07:25:17Z,2026-07-30T09:25:17+0200,e73b670a-bc29-4bfc-b6f4-93c290a4d3ee,2026-07-06T03:45:00Z,2026-07-06T05:45:00+0200,298.75,EUR/MWh,DK1,DK_1,imbalance_price,Long,2026-07-30T07:28:36Z
2026-07-30T07:25:17Z,2026-07-30T09:25:17+0200,e73b670a-bc29-4bfc-b6f4-93c290a4d3ee,2026-07-06T03:45:00Z,2026-07-06T05:45:00+0200,298.75,EUR/MWh,DK1,DK_1,imbalance_price,Short,2026-07-30T07:28:36Z
2026-07-30T07:25:17Z,2026-07-30T09:25:17+0200,e73b670a-bc29-4bfc-b6f4-93c290a4d3ee,2026-07-06T04:00:00Z,2026-07-06T06:00:00+0200,200.28,EUR/MWh,DK1,DK_1,imbalance_price,Long,2026-07-30T07:28:36Z
2026-07-30T07:25:17Z,2026-07-30T09:25:17+0200,e73b670a-bc29-4bfc-b6f4-93c290a4d3ee,2026-07-06T04:00:00Z,2026-07-06T06:00:00+0200,200.28,EUR/MWh,DK1,DK_1,imbalance_price,Short,2026-07-30T07:28:36Z
2026-07-30T07:25:17Z,2026-07-30T09:25:17+0200,e73b670a-bc29-4bfc-b6f4-93c290a4d3ee,2026-07-06T04:15:00Z,2026-07-06T06:15:00+0200,138.49,EUR/MWh,DK1,DK_1,imbalance_price,Long,2026-07-30T07:28:36Z
2026-07-30T07:25:17Z,2026-07-30T09:25:17+0200,e73b670a-bc29-4bfc-b6f4-93c290a4d3ee,2026-07-06T04:15:00Z,2026-07-06T06:15:00+0200,138.49,EUR/MWh,DK1,DK_1,imbalance_price,Short,2026-07-30T07:28:36Z
2026-07-30T07:25:17Z,2026-07-30T09:25:17+0200,e73b670a-bc29-4bfc-b6f4-93c290a4d3ee,2026-07-06T04:30:00Z,2026-07-06T06:30:00+0200,138.93,EUR/MWh,DK1,DK_1,imbalance_price,Long,2026-07-30T07:28:36Z
2026-07-30T07:25:17Z,2026-07-30T09:25:17+0200,e73b670a-bc29-4bfc-b6f4-93c290a4d3ee,2026-07-06T04:30:00Z,2026-07-06T06:30:00+0200,138.93,EUR/MWh,DK1,DK_1,imbalance_price,Short,2026-07-30T07:28:36Z
2026-07-30T07:25:17Z,2026-07-30T09:25:17+0200,e73b670a-bc29-4bfc-b6f4-93c290a4d3ee,2026-07-06T04:45:00Z,2026-07-06T06:45:00+0200,136.63,EUR/MWh,DK1,DK_1,imbalance_price,Long,2026-07-30T07:28:36Z
2026-07-30T07:25:17Z,2026-07-30T09:25:17+0200,e73b670a-bc29-4bfc-b6f4-93c290a4d3ee,2026-07-06T04:45:00Z,2026-07-06T06:45:00+0200,136.63,EUR/MWh,DK1,DK_1,imbalance_price,Short,2026-07-30T07:28:36Z
2026-07-30T07:25:17Z,2026-07-30T09:25:17+0200,e73b670a-bc29-4bfc-b6f4-93c290a4d3ee,2026-07-06T05:00:00Z,2026-07-06T07:00:00+0200,3.82,EUR/MWh,DK1,DK_1,imbalance_price,Long,2026-07-30T07:28:36Z
2026-07-30T07:25:17Z,2026-07-30T09:25:17+0200,e73b670a-bc29-4bfc-b6f4-93c290a4d3ee,2026-07-06T05:00:00Z,2026-07-06T07:00:00+0200,3.82,EUR/MWh,DK1,DK_1,imbalance_price,Short,2026-07-30T07:28:36Z
2026-07-30T07:25:17Z,2026-07-30T09:25:17+0200,e73b670a-bc29-4bfc-b6f4-93c290a4d3ee,2026-07-06T05:15:00Z,2026-07-06T07:15:00+0200,66.5,EUR/MWh,DK1,DK_1,imbalance_price,Long,2026-07-30T07:28:36Z
2026-07-30T07:25:17Z,2026-07-30T09:25:17+0200,e73b670a-bc29-4bfc-b6f4-93c290a4d3ee,2026-07-06T05:15:00Z,2026-07-06T07:15:00+0200,66.5,EUR/MWh,DK1,DK_1,imbalance_price,Short,2026-07-30T07:28:36Z
2026-07-30T07:25:17Z,2026-07-30T09:25:17+0200,e73b670a-bc29-4bfc-b6f4-93c290a4d3ee,2026-07-06T05:30:00Z,2026-07-06T07:30:00+0200,61.98,EUR/MWh,DK1,DK_1,imbalance_price,Long,2026-07-30T07:28:36Z
2026-07-30T07:25:17Z,2026-07-30T09:25:17+0200,e73b670a-bc29-4bfc-b6f4-93c290a4d3ee,2026-07-06T05:30:00Z,2026-07-06T07:30:00+0200,61.98,EUR/MWh,DK1,DK_1,imbalance_price,Short,2026-07-30T07:28:36Z
2026-07-30T07:25:17Z,2026-07-30T09:25:17+0200,e73b670a-bc29-4bfc-b6f4-93c290a4d3ee,2026-07-06T05:45:00Z,2026-07-06T07:45:00+0200,63.64,EUR/MWh,DK1,DK_1,imbalance_price,Long,2026-07-30T07:28:36Z
2026-07-30T07:25:17Z,2026-07-30T09:25:17+0200,e73b670a-bc29-4bfc-b6f4-93c290a4d3ee,2026-07-06T05:45:00Z,2026-07-06T07:45:00+0200,63.64,EUR/MWh,DK1,DK_1,imbalance_price,Short,2026-07-30T07:28:36Z
2026-07-30T07:25:17Z,2026-07-30T09:25:17+0200,e73b670a-bc29-4bfc-b6f4-93c290a4d3ee,2026-07-06T06:00:00Z,2026-07-06T08:00:00+0200,157.6,EUR/MWh,DK1,DK_1,imbalance_price,Long,2026-07-30T07:28:36Z
2026-07-30T07:25:17Z,2026-07-30T09:25:17+0200,e73b670a-bc29-4bfc-b6f4-93c290a4d3ee,2026-07-06T06:00:00Z,2026-07-06T08:00:00+0200,157.6,EUR/MWh,DK1,DK_1,imbalance_price,Short,2026-07-30T07:28:36Z
2026-07-30T07:25:17Z,2026-07-30T09:25:17+0200,e73b670a-bc29-4bfc-b6f4-93c290a4d3ee,2026-07-06T06:15:00Z,2026-07-06T08:15:00+0200,136.76,EUR/MWh,DK1,DK_1,imbalance_price,Long,2026-07-30T07:28:36Z
2026-07-30T07:25:17Z,2026-07-30T09:25:17+0200,e73b670a-bc29-4bfc-b6f4-93c290a4d3ee,2026-07-06T06:15:00Z,2026-07-06T08:15:00+0200,136.76,EUR/MWh,DK1,DK_1,imbalance_price,Short,2026-07-30T07:28:36Z
2026-07-30T07:25:17Z,2026-07-30T09:25:17+0200,e73b670a-bc29-4bfc-b6f4-93c290a4d3ee,2026-07-06T06:30:00Z,2026-07-06T08:30:00+0200,307.77,EUR/MWh,DK1,DK_1,imbalance_price,Long,2026-07-30T07:28:36Z
2026-07-30T07:25:17Z,2026-07-30T09:25:17+0200,e73b670a-bc29-4bfc-b6f4-93c290a4d3ee,2026-07-06T06:30:00Z,2026-07-06T08:30:00+0200,307.77,EUR/MWh,DK1,DK_1,imbalance_price,Short,2026-07-30T07:28:36Z
2026-07-30T07:25:17Z,2026-07-30T09:25:17+0200,e73b670a-bc29-4bfc-b6f4-93c290a4d3ee,2026-07-06T06:45:00Z,2026-07-06T08:45:00+0200,198.13,EUR/MWh,DK1,DK_1,imbalance_price,Long,2026-07-30T07:28:36Z
2026-07-30T07:25:17Z,2026-07-30T09:25:17+0200,e73b670a-bc29-4bfc-b6f4-93c290a4d3ee,2026-07-06T06:45:00Z,2026-07-06T08:45:00+0200,198.13,EUR/MWh,DK1,DK_1,imbalance_price,Short,2026-07-30T07:28:36Z
2026-07-30T07:25:17Z,2026-07-30T09:25:17+0200,e73b670a-bc29-4bfc-b6f4-93c290a4d3ee,2026-07-06T07:00:00Z,2026-07-06T09:00:00+0200,129.24,EUR/MWh,DK1,DK_1,imbalance_price,Long,2026-07-30T07:28:36Z
2026-07-30T07:25:17Z,2026-07-30T09:25:17+0200,e73b670a-bc29-4bfc-b6f4-93c290a4d3ee,2026-07-06T07:00:00Z,2026-07-06T09:00:00+0200,129.24,EUR/MWh,DK1,DK_1,imbalance_price,Short,2026-07-30T07:28:36Z
2026-07-30T07:25:17Z,2026-07-30T09:25:17+0200,e73b670a-bc29-4bfc-b6f4-93c290a4d3ee,2026-07-06T07:15:00Z,2026-07-06T09:15:00+0200,47.3,EUR/MWh,DK1,DK_1,imbalance_price,Long,2026-07-30T07:28:36Z
2026-07-30T07:25:17Z,2026-07-30T09:25:17+0200,e73b670a-bc29-4bfc-b6f4-93c290a4d3ee,2026-07-06T07:15:00Z,2026-07-06T09:15:00+0200,47.3,EUR/MWh,DK1,DK_1,imbalance_price,Short,2026-07-30T07:28:36Z
2026-07-30T07:25:17Z,2026-07-30T09:25:17+0200,e73b670a-bc29-4bfc-b6f4-93c290a4d3ee,2026-07-06T07:30:00Z,2026-07-06T09:30:00+0200,15.0,EUR/MWh,DK1,DK_1,imbalance_price,Long,2026-07-30T07:28:36Z
2026-07-30T07:25:17Z,2026-07-30T09:25:17+0200,e73b670a-bc29-4bfc-b6f4-93c290a4d3ee,2026-07-06T07:30:00Z,2026-07-06T09:30:00+0200,15.0,EUR/MWh,DK1,DK_1,imbalance_price,Short,2026-07-30T07:28:36Z
2026-07-30T07:25:17Z,2026-07-30T09:25:17+0200,e73b670a-bc29-4bfc-b6f4-93c290a4d3ee,2026-07-06T07:45:00Z,2026-07-06T09:45:00+0200,28.97,EUR/MWh,DK1,DK_1,imbalance_price,Long,2026-07-30T07:28:36Z
2026-07-30T07:25:17Z,2026-07-30T09:25:17+0200,e73b670a-bc29-4bfc-b6f4-93c290a4d3ee,2026-07-06T07:45:00Z,2026-07-06T09:45:00+0200,28.97,EUR/MWh,DK1,DK_1,imbalance_price,Short,2026-07-30T07:28:36Z
2026-07-30T07:25:17Z,2026-07-30T09:25:17+0200,e73b670a-bc29-4bfc-b6f4-93c290a4d3ee,2026-07-06T08:00:00Z,2026-07-06T10:00:00+0200,32.49,EUR/MWh,DK1,DK_1,imbalance_price,Long,2026-07-30T07:28:36Z
2026-07-30T07:25:17Z,2026-07-30T09:25:17+0200,e73b670a-bc29-4bfc-b6f4-93c290a4d3ee,2026-07-06T08:00:00Z,2026-07-06T10:00:00+0200,32.49,EUR/MWh,DK1,DK_1,imbalance_price,Short,2026-07-30T07:28:36Z
2026-07-30T07:25:17Z,2026-07-30T09:25:17+0200,e73b670a-bc29-4bfc-b6f4-93c290a4d3ee,2026-07-06T08:15:00Z,2026-07-06T10:15:00+0200,29.29,EUR/MWh,DK1,DK_1,imbalance_price,Long,2026-07-30T07:28:36Z
2026-07-30T07:25:17Z,2026-07-30T09:25:17+0200,e73b670a-bc29-4bfc-b6f4-93c290a4d3ee,2026-07-06T08:15:00Z,2026-07-06T10:15:00+0200,29.29,EUR/MWh,DK1,DK_1,imbalance_price,Short,2026-07-30T07:28:36Z
2026-07-30T07:25:17Z,2026-07-30T09:25:17+0200,e73b670a-bc29-4bfc-b6f4-93c290a4d3ee,2026-07-06T08:30:00Z,2026-07-06T10:30:00+0200,9.48,EUR/MWh,DK1,DK_1,imbalance_price,Long,2026-07-30T07:28:36Z
2026-07-30T07:25:17Z,2026-07-30T09:25:17+0200,e73b670a-bc29-4bfc-b6f4-93c290a4d3ee,2026-07-06T08:30:00Z,2026-07-06T10:30:00+0200,9.48,EUR/MWh,DK1,DK_1,imbalance_price,Short,2026-07-30T07:28:36Z
2026-07-30T07:25:17Z,2026-07-30T09:25:17+0200,e73b670a-bc29-4bfc-b6f4-93c290a4d3ee,2026-07-06T08:45:00Z,2026-07-06T10:45:00+0200,0.12,EUR/MWh,DK1,DK_1,imbalance_price,Long,2026-07-30T07:28:36Z
2026-07-30T07:25:17Z,2026-07-30T09:25:17+0200,e73b670a-bc29-4bfc-b6f4-93c290a4d3ee,2026-07-06T08:45:00Z,2026-07-06T10:45:00+0200,0.12,EUR/MWh,DK1,DK_1,imbalance_price,Short,2026-07-30T07:28:36Z
2026-07-30T07:25:17Z,2026-07-30T09:25:17+0200,e73b670a-bc29-4bfc-b6f4-93c290a4d3ee,2026-07-06T09:00:00Z,2026-07-06T11:00:00+0200,11.49,EUR/MWh,DK1,DK_1,imbalance_price,Long,2026-07-30T07:28:36Z
2026-07-30T07:25:17Z,2026-07-30T09:25:17+0200,e73b670a-bc29-4bfc-b6f4-93c290a4d3ee,2026-07-06T09:00:00Z,2026-07-06T11:00:00+0200,11.49,EUR/MWh,DK1,DK_1,imbalance_price,Short,2026-07-30T07:28:36Z
2026-07-30T07:25:17Z,2026-07-30T09:25:17+0200,e73b670a-bc29-4bfc-b6f4-93c290a4d3ee,2026-07-06T09:15:00Z,2026-07-06T11:15:00+0200,-3.11,EUR/MWh,DK1,DK_1,imbalance_price,Long,2026-07-30T07:28:36Z
2026-07-30T07:25:17Z,2026-07-30T09:25:17+0200,e73b670a-bc29-4bfc-b6f4-93c290a4d3ee,2026-07-06T09:15:00Z,2026-07-06T11:15:00+0200,-3.11,EUR/MWh,DK1,DK_1,imbalance_price,Short,2026-07-30T07:28:36Z
2026-07-30T07:25:17Z,2026-07-30T09:25:17+0200,e73b670a-bc29-4bfc-b6f4-93c290a4d3ee,2026-07-06T09:30:00Z,2026-07-06T11:30:00+0200,-7.86,EUR/MWh,DK1,DK_1,imbalance_price,Long,2026-07-30T07:28:36Z
2026-07-30T07:25:17Z,2026-07-30T09:25:17+0200,e73b670a-bc29-4bfc-b6f4-93c290a4d3ee,2026-07-06T09:30:00Z,2026-07-06T11:30:00+0200,-7.86,EUR/MWh,DK1,DK_1,imbalance_price,Short,2026-07-30T07:28:36Z
2026-07-30T07:25:17Z,2026-07-30T09:25:17+0200,e73b670a-bc29-4bfc-b6f4-93c290a4d3ee,2026-07-06T09:45:00Z,2026-07-06T11:45:00+0200,-3.32,EUR/MWh,DK1,DK_1,imbalance_price,Long,2026-07-30T07:28:36Z
2026-07-30T07:25:17Z,2026-07-30T09:25:17+0200,e73b670a-bc29-4bfc-b6f4-93c290a4d3ee,2026-07-06T09:45:00Z,2026-07-06T11:45:00+0200,-3.32,EUR/MWh,DK1,DK_1,imbalance_price,Short,2026-07-30T07:28:36Z
2026-07-30T07:25:17Z,2026-07-30T09:25:17+0200,e73b670a-bc29-4bfc-b6f4-93c290a4d3ee,2026-07-06T10:00:00Z,2026-07-06T12:00:00+0200,-7.41,EUR/MWh,DK1,DK_1,imbalance_price,Long,2026-07-30T07:28:36Z
2026-07-30T07:25:17Z,2026-07-30T09:25:17+0200,e73b670a-bc29-4bfc-b6f4-93c290a4d3ee,2026-07-06T10:00:00Z,2026-07-06T12:00:00+0200,-7.41,EUR/MWh,DK1,DK_1,imbalance_price,Short,2026-07-30T07:28:36Z
2026-07-30T07:25:17Z,2026-07-30T09:25:17+0200,e73b670a-bc29-4bfc-b6f4-93c290a4d3ee,2026-07-06T10:15:00Z,2026-07-06T12:15:00+0200,-5.0,EUR/MWh,DK1,DK_1,imbalance_price,Long,2026-07-30T07:28:36Z
2026-07-30T07:25:17Z,2026-07-30T09:25:17+0200,e73b670a-bc29-4bfc-b6f4-93c290a4d3ee,2026-07-06T10:15:00Z,2026-07-06T12:15:00+0200,-5.0,EUR/MWh,DK1,DK_1,imbalance_price,Short,2026-07-30T07:28:36Z
2026-07-30T07:25:17Z,2026-07-30T09:25:17+0200,e73b670a-bc29-4bfc-b6f4-93c290a4d3ee,2026-07-06T10:30:00Z,2026-07-06T12:30:00+0200,-2.68,EUR/MWh,DK1,DK_1,imbalance_price,Long,2026-07-30T07:28:36Z
2026-07-30T07:25:17Z,2026-07-30T09:25:17+0200,e73b670a-bc29-4bfc-b6f4-93c290a4d3ee,2026-07-06T10:30:00Z,2026-07-06T12:30:00+0200,-2.68,EUR/MWh,DK1,DK_1,imbalance_price,Short,2026-07-30T07:28:36Z
2026-07-30T07:25:17Z,2026-07-30T09:25:17+0200,e73b670a-bc29-4bfc-b6f4-93c290a4d3ee,2026-07-06T10:45:00Z,2026-07-06T12:45:00+0200,-4.05,EUR/MWh,DK1,DK_1,imbalance_price,Long,2026-07-30T07:28:36Z
2026-07-30T07:25:17Z,2026-07-30T09:25:17+0200,e73b670a-bc29-4bfc-b6f4-93c290a4d3ee,2026-07-06T10:45:00Z,2026-07-06T12:45:00+0200,-4.05,EUR/MWh,DK1,DK_1,imbalance_price,Short,2026-07-30T07:28:36Z
2026-07-30T07:25:17Z,2026-07-30T09:25:17+0200,e73b670a-bc29-4bfc-b6f4-93c290a4d3ee,2026-07-06T11:00:00Z,2026-07-06T13:00:00+0200,-7.46,EUR/MWh,DK1,DK_1,imbalance_price,Long,2026-07-30T07:28:36Z
2026-07-30T07:25:17Z,2026-07-30T09:25:17+0200,e73b670a-bc29-4bfc-b6f4-93c290a4d3ee,2026-07-06T11:00:00Z,2026-07-06T13:00:00+0200,-7.46,EUR/MWh,DK1,DK_1,imbalance_price,Short,2026-07-30T07:28:36Z
2026-07-30T07:25:17Z,2026-07-30T09:25:17+0200,e73b670a-bc29-4bfc-b6f4-93c290a4d3ee,2026-07-06T11:15:00Z,2026-07-06T13:15:00+0200,-10.58,EUR/MWh,DK1,DK_1,imbalance_price,Long,2026-07-30T07:28:36Z
2026-07-30T07:25:17Z,2026-07-30T09:25:17+0200,e73b670a-bc29-4bfc-b6f4-93c290a4d3ee,2026-07-06T11:15:00Z,2026-07-06T13:15:00+0200,-10.58,EUR/MWh,DK1,DK_1,imbalance_price,Short,2026-07-30T07:28:36Z
2026-07-30T07:25:17Z,2026-07-30T09:25:17+0200,e73b670a-bc29-4bfc-b6f4-93c290a4d3ee,2026-07-06T11:30:00Z,2026-07-06T13:30:00+0200,-7.14,EUR/MWh,DK1,DK_1,imbalance_price,Long,2026-07-30T07:28:36Z
2026-07-30T07:25:17Z,2026-07-30T09:25:17+0200,e73b670a-bc29-4bfc-b6f4-93c290a4d3ee,2026-07-06T11:30:00Z,2026-07-06T13:30:00+0200,-7.14,EUR/MWh,DK1,DK_1,imbalance_price,Short,2026-07-30T07:28:36Z
2026-07-30T07:25:17Z,2026-07-30T09:25:17+0200,e73b670a-bc29-4bfc-b6f4-93c290a4d3ee,2026-07-06T11:45:00Z,2026-07-06T13:45:00+0200,-6.69,EUR/MWh,DK1,DK_1,imbalance_price,Long,2026-07-30T07:28:36Z
2026-07-30T07:25:17Z,2026-07-30T09:25:17+0200,e73b670a-bc29-4bfc-b6f4-93c290a4d3ee,2026-07-06T11:45:00Z,2026-07-06T13:45:00+0200,-6.69,EUR/MWh,DK1,DK_1,imbalance_price,Short,2026-07-30T07:28:36Z
2026-07-30T07:25:17Z,2026-07-30T09:25:17+0200,e73b670a-bc29-4bfc-b6f4-93c290a4d3ee,2026-07-06T12:00:00Z,2026-07-06T14:00:00+0200,-6.28,EUR/MWh,DK1,DK_1,imbalance_price,Long,2026-07-30T07:28:36Z
2026-07-30T07:25:17Z,2026-07-30T09:25:17+0200,e73b670a-bc29-4bfc-b6f4-93c290a4d3ee,2026-07-06T12:00:00Z,2026-07-06T14:00:00+0200,-6.28,EUR/MWh,DK1,DK_1,imbalance_price,Short,2026-07-30T07:28:36Z
2026-07-30T07:25:17Z,2026-07-30T09:25:17+0200,e73b670a-bc29-4bfc-b6f4-93c290a4d3ee,2026-07-06T12:15:00Z,2026-07-06T14:15:00+0200,-7.3,EUR/MWh,DK1,DK_1,imbalance_price,Long,2026-07-30T07:28:36Z
2026-07-30T07:25:17Z,2026-07-30T09:25:17+0200,e73b670a-bc29-4bfc-b6f4-93c290a4d3ee,2026-07-06T12:15:00Z,2026-07-06T14:15:00+0200,-7.3,EUR/MWh,DK1,DK_1,imbalance_price,Short,2026-07-30T07:28:36Z
2026-07-30T07:25:17Z,2026-07-30T09:25:17+0200,e73b670a-bc29-4bfc-b6f4-93c290a4d3ee,2026-07-06T12:30:00Z,2026-07-06T14:30:00+0200,24.8,EUR/MWh,DK1,DK_1,imbalance_price,Long,2026-07-30T07:28:36Z
2026-07-30T07:25:17Z,2026-07-30T09:25:17+0200,e73b670a-bc29-4bfc-b6f4-93c290a4d3ee,2026-07-06T12:30:00Z,2026-07-06T14:30:00+0200,24.8,EUR/MWh,DK1,DK_1,imbalance_price,Short,2026-07-30T07:28:36Z
2026-07-30T07:25:17Z,2026-07-30T09:25:17+0200,e73b670a-bc29-4bfc-b6f4-93c290a4d3ee,2026-07-06T12:45:00Z,2026-07-06T14:45:00+0200,-6.69,EUR/MWh,DK1,DK_1,imbalance_price,Long,2026-07-30T07:28:36Z
2026-07-30T07:25:17Z,2026-07-30T09:25:17+0200,e73b670a-bc29-4bfc-b6f4-93c290a4d3ee,2026-07-06T12:45:00Z,2026-07-06T14:45:00+0200,-6.69,EUR/MWh,DK1,DK_1,imbalance_price,Short,2026-07-30T07:28:36Z
2026-07-30T07:25:17Z,2026-07-30T09:25:17+0200,e73b670a-bc29-4bfc-b6f4-93c290a4d3ee,2026-07-06T13:00:00Z,2026-07-06T15:00:00+0200,-6.69,EUR/MWh,DK1,DK_1,imbalance_price,Long,2026-07-30T07:28:36Z
2026-07-30T07:25:17Z,2026-07-30T09:25:17+0200,e73b670a-bc29-4bfc-b6f4-93c290a4d3ee,2026-07-06T13:00:00Z,2026-07-06T15:00:00+0200,-6.69,EUR/MWh,DK1,DK_1,imbalance_price,Short,2026-07-30T07:28:36Z
2026-07-30T07:25:17Z,2026-07-30T09:25:17+0200,e73b670a-bc29-4bfc-b6f4-93c290a4d3ee,2026-07-06T13:15:00Z,2026-07-06T15:15:00+0200,46.2,EUR/MWh,DK1,DK_1,imbalance_price,Long,2026-07-30T07:28:36Z
2026-07-30T07:25:17Z,2026-07-30T09:25:17+0200,e73b670a-bc29-4bfc-b6f4-93c290a4d3ee,2026-07-06T13:15:00Z,2026-07-06T15:15:00+0200,46.2,EUR/MWh,DK1,DK_1,imbalance_price,Short,2026-07-30T07:28:36Z
2026-07-30T07:25:17Z,2026-07-30T09:25:17+0200,e73b670a-bc29-4bfc-b6f4-93c290a4d3ee,2026-07-06T13:30:00Z,2026-07-06T15:30:00+0200,-6.69,EUR/MWh,DK1,DK_1,imbalance_price,Long,2026-07-30T07:28:36Z
2026-07-30T07:25:17Z,2026-07-30T09:25:17+0200,e73b670a-bc29-4bfc-b6f4-93c290a4d3ee,2026-07-06T13:30:00Z,2026-07-06T15:30:00+0200,-6.69,EUR/MWh,DK1,DK_1,imbalance_price,Short,2026-07-30T07:28:36Z
2026-07-30T07:25:17Z,2026-07-30T09:25:17+0200,e73b670a-bc29-4bfc-b6f4-93c290a4d3ee,2026-07-06T13:45:00Z,2026-07-06T15:45:00+0200,-6.69,EUR/MWh,DK1,DK_1,imbalance_price,Long,2026-07-30T07:28:36Z
2026-07-30T07:25:17Z,2026-07-30T09:25:17+0200,e73b670a-bc29-4bfc-b6f4-93c290a4d3ee,2026-07-06T13:45:00Z,2026-07-06T15:45:00+0200,-6.69,EUR/MWh,DK1,DK_1,imbalance_price,Short,2026-07-30T07:28:36Z
2026-07-30T07:25:17Z,2026-07-30T09:25:17+0200,e73b670a-bc29-4bfc-b6f4-93c290a4d3ee,2026-07-06T14:00:00Z,2026-07-06T16:00:00+0200,0.0,EUR/MWh,DK1,DK_1,imbalance_price,Long,2026-07-30T07:28:36Z
2026-07-30T07:25:17Z,2026-07-30T09:25:17+0200,e73b670a-bc29-4bfc-b6f4-93c290a4d3ee,2026-07-06T14:00:00Z,2026-07-06T16:00:00+0200,0.0,EUR/MWh,DK1,DK_1,imbalance_price,Short,2026-07-30T07:28:36Z
2026-07-30T07:25:17Z,2026-07-30T09:25:17+0200,e73b670a-bc29-4bfc-b6f4-93c290a4d3ee,2026-07-06T14:15:00Z,2026-07-06T16:15:00+0200,0.0,EUR/MWh,DK1,DK_1,imbalance_price,Long,2026-07-30T07:28:36Z
2026-07-30T07:25:17Z,2026-07-30T09:25:17+0200,e73b670a-bc29-4bfc-b6f4-93c290a4d3ee,2026-07-06T14:15:00Z,2026-07-06T16:15:00+0200,0.0,EUR/MWh,DK1,DK_1,imbalance_price,Short,2026-07-30T07:28:36Z
2026-07-30T07:25:17Z,2026-07-30T09:25:17+0200,e73b670a-bc29-4bfc-b6f4-93c290a4d3ee,2026-07-06T14:30:00Z,2026-07-06T16:30:00+0200,16.35,EUR/MWh,DK1,DK_1,imbalance_price,Long,2026-07-30T07:28:36Z
2026-07-30T07:25:17Z,2026-07-30T09:25:17+0200,e73b670a-bc29-4bfc-b6f4-93c290a4d3ee,2026-07-06T14:30:00Z,2026-07-06T16:30:00+0200,16.35,EUR/MWh,DK1,DK_1,imbalance_price,Short,2026-07-30T07:28:36Z
2026-07-30T07:25:17Z,2026-07-30T09:25:17+0200,e73b670a-bc29-4bfc-b6f4-93c290a4d3ee,2026-07-06T14:45:00Z,2026-07-06T16:45:00+0200,-1.58,EUR/MWh,DK1,DK_1,imbalance_price,Long,2026-07-30T07:28:36Z
2026-07-30T07:25:17Z,2026-07-30T09:25:17+0200,e73b670a-bc29-4bfc-b6f4-93c290a4d3ee,2026-07-06T14:45:00Z,2026-07-06T16:45:00+0200,-1.58,EUR/MWh,DK1,DK_1,imbalance_price,Short,2026-07-30T07:28:36Z
2026-07-30T07:25:17Z,2026-07-30T09:25:17+0200,e73b670a-bc29-4bfc-b6f4-93c290a4d3ee,2026-07-06T15:00:00Z,2026-07-06T17:00:00+0200,30.67,EUR/MWh,DK1,DK_1,imbalance_price,Long,2026-07-30T07:28:36Z
2026-07-30T07:25:17Z,2026-07-30T09:25:17+0200,e73b670a-bc29-4bfc-b6f4-93c290a4d3ee,2026-07-06T15:00:00Z,2026-07-06T17:00:00+0200,30.67,EUR/MWh,DK1,DK_1,imbalance_price,Short,2026-07-30T07:28:36Z
2026-07-30T07:25:17Z,2026-07-30T09:25:17+0200,e73b670a-bc29-4bfc-b6f4-93c290a4d3ee,2026-07-06T15:15:00Z,2026-07-06T17:15:00+0200,72.03,EUR/MWh,DK1,DK_1,imbalance_price,Long,2026-07-30T07:28:36Z
2026-07-30T07:25:17Z,2026-07-30T09:25:17+0200,e73b670a-bc29-4bfc-b6f4-93c290a4d3ee,2026-07-06T15:15:00Z,2026-07-06T17:15:00+0200,72.03,EUR/MWh,DK1,DK_1,imbalance_price,Short,2026-07-30T07:28:36Z
2026-07-30T07:25:17Z,2026-07-30T09:25:17+0200,e73b670a-bc29-4bfc-b6f4-93c290a4d3ee,2026-07-06T15:30:00Z,2026-07-06T17:30:00+0200,82.65,EUR/MWh,DK1,DK_1,imbalance_price,Long,2026-07-30T07:28:36Z
2026-07-30T07:25:17Z,2026-07-30T09:25:17+0200,e73b670a-bc29-4bfc-b6f4-93c290a4d3ee,2026-07-06T15:30:00Z,2026-07-06T17:30:00+0200,82.65,EUR/MWh,DK1,DK_1,imbalance_price,Short,2026-07-30T07:28:36Z
2026-07-30T07:25:17Z,2026-07-30T09:25:17+0200,e73b670a-bc29-4bfc-b6f4-93c290a4d3ee,2026-07-06T15:45:00Z,2026-07-06T17:45:00+0200,-18.4,EUR/MWh,DK1,DK_1,imbalance_price,Long,2026-07-30T07:28:36Z
2026-07-30T07:25:17Z,2026-07-30T09:25:17+0200,e73b670a-bc29-4bfc-b6f4-93c290a4d3ee,2026-07-06T15:45:00Z,2026-07-06T17:45:00+0200,-18.4,EUR/MWh,DK1,DK_1,imbalance_price,Short,2026-07-30T07:28:36Z
2026-07-30T07:25:17Z,2026-07-30T09:25:17+0200,e73b670a-bc29-4bfc-b6f4-93c290a4d3ee,2026-07-06T16:00:00Z,2026-07-06T18:00:00+0200,-1.79,EUR/MWh,DK1,DK_1,imbalance_price,Long,2026-07-30T07:28:36Z
2026-07-30T07:25:17Z,2026-07-30T09:25:17+0200,e73b670a-bc29-4bfc-b6f4-93c290a4d3ee,2026-07-06T16:00:00Z,2026-07-06T18:00:00+0200,-1.79,EUR/MWh,DK1,DK_1,imbalance_price,Short,2026-07-30T07:28:36Z
2026-07-30T07:25:17Z,2026-07-30T09:25:17+0200,e73b670a-bc29-4bfc-b6f4-93c290a4d3ee,2026-07-06T16:15:00Z,2026-07-06T18:15:00+0200,3.58,EUR/MWh,DK1,DK_1,imbalance_price,Long,2026-07-30T07:28:36Z
2026-07-30T07:25:17Z,2026-07-30T09:25:17+0200,e73b670a-bc29-4bfc-b6f4-93c290a4d3ee,2026-07-06T16:15:00Z,2026-07-06T18:15:00+0200,3.58,EUR/MWh,DK1,DK_1,imbalance_price,Short,2026-07-30T07:28:36Z
2026-07-30T07:25:17Z,2026-07-30T09:25:17+0200,e73b670a-bc29-4bfc-b6f4-93c290a4d3ee,2026-07-06T16:30:00Z,2026-07-06T18:30:00+0200,-3.75,EUR/MWh,DK1,DK_1,imbalance_price,Long,2026-07-30T07:28:36Z
2026-07-30T07:25:17Z,2026-07-30T09:25:17+0200,e73b670a-bc29-4bfc-b6f4-93c290a4d3ee,2026-07-06T16:30:00Z,2026-07-06T18:30:00+0200,-3.75,EUR/MWh,DK1,DK_1,imbalance_price,Short,2026-07-30T07:28:36Z
2026-07-30T07:25:17Z,2026-07-30T09:25:17+0200,e73b670a-bc29-4bfc-b6f4-93c290a4d3ee,2026-07-06T16:45:00Z,2026-07-06T18:45:00+0200,-12.03,EUR/MWh,DK1,DK_1,imbalance_price,Long,2026-07-30T07:28:36Z
2026-07-30T07:25:17Z,2026-07-30T09:25:17+0200,e73b670a-bc29-4bfc-b6f4-93c290a4d3ee,2026-07-06T16:45:00Z,2026-07-06T18:45:00+0200,-12.03,EUR/MWh,DK1,DK_1,imbalance_price,Short,2026-07-30T07:28:36Z
2026-07-30T07:25:17Z,2026-07-30T09:25:17+0200,e73b670a-bc29-4bfc-b6f4-93c290a4d3ee,2026-07-06T17:00:00Z,2026-07-06T19:00:00+0200,-0.11,EUR/MWh,DK1,DK_1,imbalance_price,Long,2026-07-30T07:28:36Z
2026-07-30T07:25:17Z,2026-07-30T09:25:17+0200,e73b670a-bc29-4bfc-b6f4-93c290a4d3ee,2026-07-06T17:00:00Z,2026-07-06T19:00:00+0200,-0.11,EUR/MWh,DK1,DK_1,imbalance_price,Short,2026-07-30T07:28:36Z
2026-07-30T07:25:17Z,2026-07-30T09:25:17+0200,e73b670a-bc29-4bfc-b6f4-93c290a4d3ee,2026-07-06T17:15:00Z,2026-07-06T19:15:00+0200,-37.5,EUR/MWh,DK1,DK_1,imbalance_price,Long,2026-07-30T07:28:36Z
2026-07-30T07:25:17Z,2026-07-30T09:25:17+0200,e73b670a-bc29-4bfc-b6f4-93c290a4d3ee,2026-07-06T17:15:00Z,2026-07-06T19:15:00+0200,-37.5,EUR/MWh,DK1,DK_1,imbalance_price,Short,2026-07-30T07:28:36Z
2026-07-30T07:25:17Z,2026-07-30T09:25:17+0200,e73b670a-bc29-4bfc-b6f4-93c290a4d3ee,2026-07-06T17:30:00Z,2026-07-06T19:30:00+0200,-74.39,EUR/MWh,DK1,DK_1,imbalance_price,Long,2026-07-30T07:28:36Z
2026-07-30T07:25:17Z,2026-07-30T09:25:17+0200,e73b670a-bc29-4bfc-b6f4-93c290a4d3ee,2026-07-06T17:30:00Z,2026-07-06T19:30:00+0200,-74.39,EUR/MWh,DK1,DK_1,imbalance_price,Short,2026-07-30T07:28:36Z
2026-07-30T07:25:17Z,2026-07-30T09:25:17+0200,e73b670a-bc29-4bfc-b6f4-93c290a4d3ee,2026-07-06T17:45:00Z,2026-07-06T19:45:00+0200,32.0,EUR/MWh,DK1,DK_1,imbalance_price,Long,2026-07-30T07:28:36Z
2026-07-30T07:25:17Z,2026-07-30T09:25:17+0200,e73b670a-bc29-4bfc-b6f4-93c290a4d3ee,2026-07-06T17:45:00Z,2026-07-06T19:45:00+0200,32.0,EUR/MWh,DK1,DK_1,imbalance_price,Short,2026-07-30T07:28:36Z
2026-07-30T07:25:17Z,2026-07-30T09:25:17+0200,e73b670a-bc29-4bfc-b6f4-93c290a4d3ee,2026-07-06T18:00:00Z,2026-07-06T20:00:00+0200,984.41,EUR/MWh,DK1,DK_1,imbalance_price,Long,2026-07-30T07:28:36Z
2026-07-30T07:25:17Z,2026-07-30T09:25:17+0200,e73b670a-bc29-4bfc-b6f4-93c290a4d3ee,2026-07-06T18:00:00Z,2026-07-06T20:00:00+0200,984.41,EUR/MWh,DK1,DK_1,imbalance_price,Short,2026-07-30T07:28:36Z
2026-07-30T07:25:17Z,2026-07-30T09:25:17+0200,e73b670a-bc29-4bfc-b6f4-93c290a4d3ee,2026-07-06T18:15:00Z,2026-07-06T20:15:00+0200,670.54,EUR/MWh,DK1,DK_1,imbalance_price,Long,2026-07-30T07:28:36Z
2026-07-30T07:25:17Z,2026-07-30T09:25:17+0200,e73b670a-bc29-4bfc-b6f4-93c290a4d3ee,2026-07-06T18:15:00Z,2026-07-06T20:15:00+0200,670.54,EUR/MWh,DK1,DK_1,imbalance_price,Short,2026-07-30T07:28:36Z
2026-07-30T07:25:17Z,2026-07-30T09:25:17+0200,e73b670a-bc29-4bfc-b6f4-93c290a4d3ee,2026-07-06T18:30:00Z,2026-07-06T20:30:00+0200,427.44,EUR/MWh,DK1,DK_1,imbalance_price,Long,2026-07-30T07:28:36Z
2026-07-30T07:25:17Z,2026-07-30T09:25:17+0200,e73b670a-bc29-4bfc-b6f4-93c290a4d3ee,2026-07-06T18:30:00Z,2026-07-06T20:30:00+0200,427.44,EUR/MWh,DK1,DK_1,imbalance_price,Short,2026-07-30T07:28:36Z
2026-07-30T07:25:17Z,2026-07-30T09:25:17+0200,e73b670a-bc29-4bfc-b6f4-93c290a4d3ee,2026-07-06T18:45:00Z,2026-07-06T20:45:00+0200,669.02,EUR/MWh,DK1,DK_1,imbalance_price,Long,2026-07-30T07:28:36Z
2026-07-30T07:25:17Z,2026-07-30T09:25:17+0200,e73b670a-bc29-4bfc-b6f4-93c290a4d3ee,2026-07-06T18:45:00Z,2026-07-06T20:45:00+0200,669.02,EUR/MWh,DK1,DK_1,imbalance_price,Short,2026-07-30T07:28:36Z
2026-07-30T07:25:17Z,2026-07-30T09:25:17+0200,e73b670a-bc29-4bfc-b6f4-93c290a4d3ee,2026-07-06T19:00:00Z,2026-07-06T21:00:00+0200,361.13,EUR/MWh,DK1,DK_1,imbalance_price,Long,2026-07-30T07:28:36Z
2026-07-30T07:25:17Z,2026-07-30T09:25:17+0200,e73b670a-bc29-4bfc-b6f4-93c290a4d3ee,2026-07-06T19:00:00Z,2026-07-06T21:00:00+0200,361.13,EUR/MWh,DK1,DK_1,imbalance_price,Short,2026-07-30T07:28:36Z
2026-07-30T07:25:17Z,2026-07-30T09:25:17+0200,e73b670a-bc29-4bfc-b6f4-93c290a4d3ee,2026-07-06T19:15:00Z,2026-07-06T21:15:00+0200,403.82,EUR/MWh,DK1,DK_1,imbalance_price,Long,2026-07-30T07:28:36Z
2026-07-30T07:25:17Z,2026-07-30T09:25:17+0200,e73b670a-bc29-4bfc-b6f4-93c290a4d3ee,2026-07-06T19:15:00Z,2026-07-06T21:15:00+0200,403.82,EUR/MWh,DK1,DK_1,imbalance_price,Short,2026-07-30T07:28:36Z
2026-07-30T07:25:17Z,2026-07-30T09:25:17+0200,e73b670a-bc29-4bfc-b6f4-93c290a4d3ee,2026-07-06T19:30:00Z,2026-07-06T21:30:00+0200,287.68,EUR/MWh,DK1,DK_1,imbalance_price,Long,2026-07-30T07:28:36Z
2026-07-30T07:25:17Z,2026-07-30T09:25:17+0200,e73b670a-bc29-4bfc-b6f4-93c290a4d3ee,2026-07-06T19:30:00Z,2026-07-06T21:30:00+0200,287.68,EUR/MWh,DK1,DK_1,imbalance_price,Short,2026-07-30T07:28:36Z
2026-07-30T07:25:17Z,2026-07-30T09:25:17+0200,e73b670a-bc29-4bfc-b6f4-93c290a4d3ee,2026-07-06T19:45:00Z,2026-07-06T21:45:00+0200,-0.11,EUR/MWh,DK1,DK_1,imbalance_price,Long,2026-07-30T07:28:36Z
2026-07-30T07:25:17Z,2026-07-30T09:25:17+0200,e73b670a-bc29-4bfc-b6f4-93c290a4d3ee,2026-07-06T19:45:00Z,2026-07-06T21:45:00+0200,-0.11,EUR/MWh,DK1,DK_1,imbalance_price,Short,2026-07-30T07:28:36Z
2026-07-30T07:25:17Z,2026-07-30T09:25:17+0200,e73b670a-bc29-4bfc-b6f4-93c290a4d3ee,2026-07-06T20:00:00Z,2026-07-06T22:00:00+0200,18.94,EUR/MWh,DK1,DK_1,imbalance_price,Long,2026-07-30T07:28:36Z
2026-07-30T07:25:17Z,2026-07-30T09:25:17+0200,e73b670a-bc29-4bfc-b6f4-93c290a4d3ee,2026-07-06T20:00:00Z,2026-07-06T22:00:00+0200,18.94,EUR/MWh,DK1,DK_1,imbalance_price,Short,2026-07-30T07:28:36Z
2026-07-30T07:25:17Z,2026-07-30T09:25:17+0200,e73b670a-bc29-4bfc-b6f4-93c290a4d3ee,2026-07-06T20:15:00Z,2026-07-06T22:15:00+0200,46.83,EUR/MWh,DK1,DK_1,imbalance_price,Long,2026-07-30T07:28:36Z
2026-07-30T07:25:17Z,2026-07-30T09:25:17+0200,e73b670a-bc29-4bfc-b6f4-93c290a4d3ee,2026-07-06T20:15:00Z,2026-07-06T22:15:00+0200,46.83,EUR/MWh,DK1,DK_1,imbalance_price,Short,2026-07-30T07:28:36Z
2026-07-30T07:25:17Z,2026-07-30T09:25:17+0200,e73b670a-bc29-4bfc-b6f4-93c290a4d3ee,2026-07-06T20:30:00Z,2026-07-06T22:30:00+0200,42.93,EUR/MWh,DK1,DK_1,imbalance_price,Long,2026-07-30T07:28:36Z
2026-07-30T07:25:17Z,2026-07-30T09:25:17+0200,e73b670a-bc29-4bfc-b6f4-93c290a4d3ee,2026-07-06T20:30:00Z,2026-07-06T22:30:00+0200,42.93,EUR/MWh,DK1,DK_1,imbalance_price,Short,2026-07-30T07:28:36Z
2026-07-30T07:25:17Z,2026-07-30T09:25:17+0200,e73b670a-bc29-4bfc-b6f4-93c290a4d3ee,2026-07-06T20:45:00Z,2026-07-06T22:45:00+0200,374.65,EUR/MWh,DK1,DK_1,imbalance_price,Long,2026-07-30T07:28:36Z
2026-07-30T07:25:17Z,2026-07-30T09:25:17+0200,e73b670a-bc29-4bfc-b6f4-93c290a4d3ee,2026-07-06T20:45:00Z,2026-07-06T22:45:00+0200,374.65,EUR/MWh,DK1,DK_1,imbalance_price,Short,2026-07-30T07:28:36Z
2026-07-30T07:25:17Z,2026-07-30T09:25:17+0200,e73b670a-bc29-4bfc-b6f4-93c290a4d3ee,2026-07-06T21:00:00Z,2026-07-06T23:00:00+0200,267.61,EUR/MWh,DK1,DK_1,imbalance_price,Long,2026-07-30T07:28:36Z
2026-07-30T07:25:17Z,2026-07-30T09:25:17+0200,e73b670a-bc29-4bfc-b6f4-93c290a4d3ee,2026-07-06T21:00:00Z,2026-07-06T23:00:00+0200,267.61,EUR/MWh,DK1,DK_1,imbalance_price,Short,2026-07-30T07:28:36Z
2026-07-30T07:25:17Z,2026-07-30T09:25:17+0200,e73b670a-bc29-4bfc-b6f4-93c290a4d3ee,2026-07-06T21:15:00Z,2026-07-06T23:15:00+0200,46.79,EUR/MWh,DK1,DK_1,imbalance_price,Long,2026-07-30T07:28:36Z
2026-07-30T07:25:17Z,2026-07-30T09:25:17+0200,e73b670a-bc29-4bfc-b6f4-93c290a4d3ee,2026-07-06T21:15:00Z,2026-07-06T23:15:00+0200,46.79,EUR/MWh,DK1,DK_1,imbalance_price,Short,2026-07-30T07:28:36Z
2026-07-30T07:25:17Z,2026-07-30T09:25:17+0200,e73b670a-bc29-4bfc-b6f4-93c290a4d3ee,2026-07-06T21:30:00Z,2026-07-06T23:30:00+0200,-13.03,EUR/MWh,DK1,DK_1,imbalance_price,Long,2026-07-30T07:28:36Z
2026-07-30T07:25:17Z,2026-07-30T09:25:17+0200,e73b670a-bc29-4bfc-b6f4-93c290a4d3ee,2026-07-06T21:30:00Z,2026-07-06T23:30:00+0200,-13.03,EUR/MWh,DK1,DK_1,imbalance_price,Short,2026-07-30T07:28:36Z
2026-07-30T07:25:17Z,2026-07-30T09:25:17+0200,e73b670a-bc29-4bfc-b6f4-93c290a4d3ee,2026-07-06T21:45:00Z,2026-07-06T23:45:00+0200,-10.03,EUR/MWh,DK1,DK_1,imbalance_price,Long,2026-07-30T07:28:36Z
2026-07-30T07:25:17Z,2026-07-30T09:25:17+0200,e73b670a-bc29-4bfc-b6f4-93c290a4d3ee,2026-07-06T21:45:00Z,2026-07-06T23:45:00+0200,-10.03,EUR/MWh,DK1,DK_1,imbalance_price,Short,2026-07-30T07:28:36Z
2026-07-30T07:25:17Z,2026-07-30T09:25:17+0200,e73b670a-bc29-4bfc-b6f4-93c290a4d3ee,2026-07-06T22:00:00Z,2026-07-07T00:00:00+0200,-1.0,EUR/MWh,DK1,DK_1,imbalance_price,Long,2026-07-30T07:28:36Z
2026-07-30T07:25:17Z,2026-07-30T09:25:17+0200,e73b670a-bc29-4bfc-b6f4-93c290a4d3ee,2026-07-06T22:00:00Z,2026-07-07T00:00:00+0200,-1.0,EUR/MWh,DK1,DK_1,imbalance_price,Short,2026-07-30T07:28:36Z
2026-07-30T07:25:17Z,2026-07-30T09:25:17+0200,e73b670a-bc29-4bfc-b6f4-93c290a4d3ee,2026-07-06T22:15:00Z,2026-07-07T00:15:00+0200,103.05,EUR/MWh,DK1,DK_1,imbalance_price,Long,2026-07-30T07:28:36Z
2026-07-30T07:25:17Z,2026-07-30T09:25:17+0200,e73b670a-bc29-4bfc-b6f4-93c290a4d3ee,2026-07-06T22:15:00Z,2026-07-07T00:15:00+0200,103.05,EUR/MWh,DK1,DK_1,imbalance_price,Short,2026-07-30T07:28:36Z
2026-07-30T07:25:17Z,2026-07-30T09:25:17+0200,e73b670a-bc29-4bfc-b6f4-93c290a4d3ee,2026-07-06T22:30:00Z,2026-07-07T00:30:00+0200,200.57,EUR/MWh,DK1,DK_1,imbalance_price,Long,2026-07-30T07:28:36Z
2026-07-30T07:25:17Z,2026-07-30T09:25:17+0200,e73b670a-bc29-4bfc-b6f4-93c290a4d3ee,2026-07-06T22:30:00Z,2026-07-07T00:30:00+0200,200.57,EUR/MWh,DK1,DK_1,imbalance_price,Short,2026-07-30T07:28:36Z
2026-07-30T07:25:17Z,2026-07-30T09:25:17+0200,e73b670a-bc29-4bfc-b6f4-93c290a4d3ee,2026-07-06T22:45:00Z,2026-07-07T00:45:00+0200,561.97,EUR/MWh,DK1,DK_1,imbalance_price,Long,2026-07-30T07:28:36Z
2026-07-30T07:25:17Z,2026-07-30T09:25:17+0200,e73b670a-bc29-4bfc-b6f4-93c290a4d3ee,2026-07-06T22:45:00Z,2026-07-07T00:45:00+0200,561.97,EUR/MWh,DK1,DK_1,imbalance_price,Short,2026-07-30T07:28:36Z
2026-07-30T07:25:17Z,2026-07-30T09:25:17+0200,e73b670a-bc29-4bfc-b6f4-93c290a4d3ee,2026-07-06T23:00:00Z,2026-07-07T01:00:00+0200,614.83,EUR/MWh,DK1,DK_1,imbalance_price,Long,2026-07-30T07:28:36Z
2026-07-30T07:25:17Z,2026-07-30T09:25:17+0200,e73b670a-bc29-4bfc-b6f4-93c290a4d3ee,2026-07-06T23:00:00Z,2026-07-07T01:00:00+0200,614.83,EUR/MWh,DK1,DK_1,imbalance_price,Short,2026-07-30T07:28:36Z
2026-07-30T07:25:17Z,2026-07-30T09:25:17+0200,e73b670a-bc29-4bfc-b6f4-93c290a4d3ee,2026-07-06T23:15:00Z,2026-07-07T01:15:00+0200,348.83,EUR/MWh,DK1,DK_1,imbalance_price,Long,2026-07-30T07:28:36Z
2026-07-30T07:25:17Z,2026-07-30T09:25:17+0200,e73b670a-bc29-4bfc-b6f4-93c290a4d3ee,2026-07-06T23:15:00Z,2026-07-07T01:15:00+0200,348.83,EUR/MWh,DK1,DK_1,imbalance_price,Short,2026-07-30T07:28:36Z
2026-07-30T07:25:17Z,2026-07-30T09:25:17+0200,e73b670a-bc29-4bfc-b6f4-93c290a4d3ee,2026-07-06T23:30:00Z,2026-07-07T01:30:00+0200,213.95,EUR/MWh,DK1,DK_1,imbalance_price,Long,2026-07-30T07:28:36Z
2026-07-30T07:25:17Z,2026-07-30T09:25:17+0200,e73b670a-bc29-4bfc-b6f4-93c290a4d3ee,2026-07-06T23:30:00Z,2026-07-07T01:30:00+0200,213.95,EUR/MWh,DK1,DK_1,imbalance_price,Short,2026-07-30T07:28:36Z
2026-07-30T07:25:17Z,2026-07-30T09:25:17+0200,e73b670a-bc29-4bfc-b6f4-93c290a4d3ee,2026-07-06T23:45:00Z,2026-07-07T01:45:00+0200,5.01,EUR/MWh,DK1,DK_1,imbalance_price,Long,2026-07-30T07:28:36Z
2026-07-30T07:25:17Z,2026-07-30T09:25:17+0200,e73b670a-bc29-4bfc-b6f4-93c290a4d3ee,2026-07-06T23:45:00Z,2026-07-07T01:45:00+0200,5.01,EUR/MWh,DK1,DK_1,imbalance_price,Short,2026-07-30T07:28:36Z
2026-07-30T07:25:17Z,2026-07-30T09:25:17+0200,e73b670a-bc29-4bfc-b6f4-93c290a4d3ee,2026-07-07T00:00:00Z,2026-07-07T02:00:00+0200,105.2,EUR/MWh,DK1,DK_1,imbalance_price,Long,2026-07-30T07:28:36Z
2026-07-30T07:25:17Z,2026-07-30T09:25:17+0200,e73b670a-bc29-4bfc-b6f4-93c290a4d3ee,2026-07-07T00:00:00Z,2026-07-07T02:00:00+0200,105.2,EUR/MWh,DK1,DK_1,imbalance_price,Short,2026-07-30T07:28:36Z
2026-07-30T07:25:17Z,2026-07-30T09:25:17+0200,e73b670a-bc29-4bfc-b6f4-93c290a4d3ee,2026-07-07T00:15:00Z,2026-07-07T02:15:00+0200,5.94,EUR/MWh,DK1,DK_1,imbalance_price,Long,2026-07-30T07:28:36Z
2026-07-30T07:25:17Z,2026-07-30T09:25:17+0200,e73b670a-bc29-4bfc-b6f4-93c290a4d3ee,2026-07-07T00:15:00Z,2026-07-07T02:15:00+0200,5.94,EUR/MWh,DK1,DK_1,imbalance_price,Short,2026-07-30T07:28:36Z
2026-07-30T07:25:17Z,2026-07-30T09:25:17+0200,e73b670a-bc29-4bfc-b6f4-93c290a4d3ee,2026-07-07T00:30:00Z,2026-07-07T02:30:00+0200,160.9,EUR/MWh,DK1,DK_1,imbalance_price,Long,2026-07-30T07:28:36Z
2026-07-30T07:25:17Z,2026-07-30T09:25:17+0200,e73b670a-bc29-4bfc-b6f4-93c290a4d3ee,2026-07-07T00:30:00Z,2026-07-07T02:30:00+0200,160.9,EUR/MWh,DK1,DK_1,imbalance_price,Short,2026-07-30T07:28:36Z
2026-07-30T07:25:17Z,2026-07-30T09:25:17+0200,e73b670a-bc29-4bfc-b6f4-93c290a4d3ee,2026-07-07T00:45:00Z,2026-07-07T02:45:00+0200,95.22,EUR/MWh,DK1,DK_1,imbalance_price,Long,2026-07-30T07:28:36Z
2026-07-30T07:25:17Z,2026-07-30T09:25:17+0200,e73b670a-bc29-4bfc-b6f4-93c290a4d3ee,2026-07-07T00:45:00Z,2026-07-07T02:45:00+0200,95.22,EUR/MWh,DK1,DK_1,imbalance_price,Short,2026-07-30T07:28:36Z
2026-07-30T07:25:17Z,2026-07-30T09:25:17+0200,e73b670a-bc29-4bfc-b6f4-93c290a4d3ee,2026-07-07T01:00:00Z,2026-07-07T03:00:00+0200,97.52,EUR/MWh,DK1,DK_1,imbalance_price,Long,2026-07-30T07:28:36Z
2026-07-30T07:25:17Z,2026-07-30T09:25:17+0200,e73b670a-bc29-4bfc-b6f4-93c290a4d3ee,2026-07-07T01:00:00Z,2026-07-07T03:00:00+0200,97.52,EUR/MWh,DK1,DK_1,imbalance_price,Short,2026-07-30T07:28:36Z
2026-07-30T07:25:17Z,2026-07-30T09:25:17+0200,e73b670a-bc29-4bfc-b6f4-93c290a4d3ee,2026-07-07T01:15:00Z,2026-07-07T03:15:00+0200,30.21,EUR/MWh,DK1,DK_1,imbalance_price,Long,2026-07-30T07:28:36Z
2026-07-30T07:25:17Z,2026-07-30T09:25:17+0200,e73b670a-bc29-4bfc-b6f4-93c290a4d3ee,2026-07-07T01:15:00Z,2026-07-07T03:15:00+0200,30.21,EUR/MWh,DK1,DK_1,imbalance_price,Short,2026-07-30T07:28:36Z
2026-07-30T07:25:17Z,2026-07-30T09:25:17+0200,e73b670a-bc29-4bfc-b6f4-93c290a4d3ee,2026-07-07T01:30:00Z,2026-07-07T03:30:00+0200,115.52,EUR/MWh,DK1,DK_1,imbalance_price,Long,2026-07-30T07:28:36Z
2026-07-30T07:25:17Z,2026-07-30T09:25:17+0200,e73b670a-bc29-4bfc-b6f4-93c290a4d3ee,2026-07-07T01:30:00Z,2026-07-07T03:30:00+0200,115.52,EUR/MWh,DK1,DK_1,imbalance_price,Short,2026-07-30T07:28:36Z
2026-07-30T07:25:17Z,2026-07-30T09:25:17+0200,e73b670a-bc29-4bfc-b6f4-93c290a4d3ee,2026-07-07T01:45:00Z,2026-07-07T03:45:00+0200,185.67,EUR/MWh,DK1,DK_1,imbalance_price,Long,2026-07-30T07:28:36Z
2026-07-30T07:25:17Z,2026-07-30T09:25:17+0200,e73b670a-bc29-4bfc-b6f4-93c290a4d3ee,2026-07-07T01:45:00Z,2026-07-07T03:45:00+0200,185.67,EUR/MWh,DK1,DK_1,imbalance_price,Short,2026-07-30T07:28:36Z
2026-07-30T07:25:17Z,2026-07-30T09:25:17+0200,e73b670a-bc29-4bfc-b6f4-93c290a4d3ee,2026-07-07T02:00:00Z,2026-07-07T04:00:00+0200,96.74,EUR/MWh,DK1,DK_1,imbalance_price,Long,2026-07-30T07:28:36Z
2026-07-30T07:25:17Z,2026-07-30T09:25:17+0200,e73b670a-bc29-4bfc-b6f4-93c290a4d3ee,2026-07-07T02:00:00Z,2026-07-07T04:00:00+0200,96.74,EUR/MWh,DK1,DK_1,imbalance_price,Short,2026-07-30T07:28:36Z
2026-07-30T07:25:17Z,2026-07-30T09:25:17+0200,e73b670a-bc29-4bfc-b6f4-93c290a4d3ee,2026-07-07T02:15:00Z,2026-07-07T04:15:00+0200,700.41,EUR/MWh,DK1,DK_1,imbalance_price,Long,2026-07-30T07:28:36Z
2026-07-30T07:25:17Z,2026-07-30T09:25:17+0200,e73b670a-bc29-4bfc-b6f4-93c290a4d3ee,2026-07-07T02:15:00Z,2026-07-07T04:15:00+0200,700.41,EUR/MWh,DK1,DK_1,imbalance_price,Short,2026-07-30T07:28:36Z
2026-07-30T07:25:17Z,2026-07-30T09:25:17+0200,e73b670a-bc29-4bfc-b6f4-93c290a4d3ee,2026-07-07T02:30:00Z,2026-07-07T04:30:00+0200,203.03,EUR/MWh,DK1,DK_1,imbalance_price,Long,2026-07-30T07:28:36Z
2026-07-30T07:25:17Z,2026-07-30T09:25:17+0200,e73b670a-bc29-4bfc-b6f4-93c290a4d3ee,2026-07-07T02:30:00Z,2026-07-07T04:30:00+0200,203.03,EUR/MWh,DK1,DK_1,imbalance_price,Short,2026-07-30T07:28:36Z
2026-07-30T07:25:17Z,2026-07-30T09:25:17+0200,e73b670a-bc29-4bfc-b6f4-93c290a4d3ee,2026-07-07T02:45:00Z,2026-07-07T04:45:00+0200,294.37,EUR/MWh,DK1,DK_1,imbalance_price,Long,2026-07-30T07:28:36Z
2026-07-30T07:25:17Z,2026-07-30T09:25:17+0200,e73b670a-bc29-4bfc-b6f4-93c290a4d3ee,2026-07-07T02:45:00Z,2026-07-07T04:45:00+0200,294.37,EUR/MWh,DK1,DK_1,imbalance_price,Short,2026-07-30T07:28:36Z
2026-07-30T07:25:17Z,2026-07-30T09:25:17+0200,e73b670a-bc29-4bfc-b6f4-93c290a4d3ee,2026-07-07T03:00:00Z,2026-07-07T05:00:00+0200,468.25,EUR/MWh,DK1,DK_1,imbalance_price,Long,2026-07-30T07:28:36Z
2026-07-30T07:25:17Z,2026-07-30T09:25:17+0200,e73b670a-bc29-4bfc-b6f4-93c290a4d3ee,2026-07-07T03:00:00Z,2026-07-07T05:00:00+0200,468.25,EUR/MWh,DK1,DK_1,imbalance_price,Short,2026-07-30T07:28:36Z
2026-07-30T07:25:17Z,2026-07-30T09:25:17+0200,e73b670a-bc29-4bfc-b6f4-93c290a4d3ee,2026-07-07T03:15:00Z,2026-07-07T05:15:00+0200,227.33,EUR/MWh,DK1,DK_1,imbalance_price,Long,2026-07-30T07:28:36Z
2026-07-30T07:25:17Z,2026-07-30T09:25:17+0200,e73b670a-bc29-4bfc-b6f4-93c290a4d3ee,2026-07-07T03:15:00Z,2026-07-07T05:15:00+0200,227.33,EUR/MWh,DK1,DK_1,imbalance_price,Short,2026-07-30T07:28:36Z
2026-07-30T07:25:17Z,2026-07-30T09:25:17+0200,e73b670a-bc29-4bfc-b6f4-93c290a4d3ee,2026-07-07T03:30:00Z,2026-07-07T05:30:00+0200,201.63,EUR/MWh,DK1,DK_1,imbalance_price,Long,2026-07-30T07:28:36Z
2026-07-30T07:25:17Z,2026-07-30T09:25:17+0200,e73b670a-bc29-4bfc-b6f4-93c290a4d3ee,2026-07-07T03:30:00Z,2026-07-07T05:30:00+0200,201.63,EUR/MWh,DK1,DK_1,imbalance_price,Short,2026-07-30T07:28:36Z
2026-07-30T07:25:17Z,2026-07-30T09:25:17+0200,e73b670a-bc29-4bfc-b6f4-93c290a4d3ee,2026-07-07T03:45:00Z,2026-07-07T05:45:00+0200,200.0,EUR/MWh,DK1,DK_1,imbalance_price,Long,2026-07-30T07:28:36Z
2026-07-30T07:25:17Z,2026-07-30T09:25:17+0200,e73b670a-bc29-4bfc-b6f4-93c290a4d3ee,2026-07-07T03:45:00Z,2026-07-07T05:45:00+0200,200.0,EUR/MWh,DK1,DK_1,imbalance_price,Short,2026-07-30T07:28:36Z
2026-07-30T07:25:17Z,2026-07-30T09:25:17+0200,e73b670a-bc29-4bfc-b6f4-93c290a4d3ee,2026-07-07T04:00:00Z,2026-07-07T06:00:00+0200,98.56,EUR/MWh,DK1,DK_1,imbalance_price,Long,2026-07-30T07:28:36Z
2026-07-30T07:25:17Z,2026-07-30T09:25:17+0200,e73b670a-bc29-4bfc-b6f4-93c290a4d3ee,2026-07-07T04:00:00Z,2026-07-07T06:00:00+0200,98.56,EUR/MWh,DK1,DK_1,imbalance_price,Short,2026-07-30T07:28:36Z
2026-07-30T07:25:17Z,2026-07-30T09:25:17+0200,e73b670a-bc29-4bfc-b6f4-93c290a4d3ee,2026-07-07T04:15:00Z,2026-07-07T06:15:00+0200,99.43,EUR/MWh,DK1,DK_1,imbalance_price,Long,2026-07-30T07:28:36Z
2026-07-30T07:25:17Z,2026-07-30T09:25:17+0200,e73b670a-bc29-4bfc-b6f4-93c290a4d3ee,2026-07-07T04:15:00Z,2026-07-07T06:15:00+0200,99.43,EUR/MWh,DK1,DK_1,imbalance_price,Short,2026-07-30T07:28:36Z
2026-07-30T07:25:17Z,2026-07-30T09:25:17+0200,e73b670a-bc29-4bfc-b6f4-93c290a4d3ee,2026-07-07T04:30:00Z,2026-07-07T06:30:00+0200,104.09,EUR/MWh,DK1,DK_1,imbalance_price,Long,2026-07-30T07:28:36Z
2026-07-30T07:25:17Z,2026-07-30T09:25:17+0200,e73b670a-bc29-4bfc-b6f4-93c290a4d3ee,2026-07-07T04:30:00Z,2026-07-07T06:30:00+0200,104.09,EUR/MWh,DK1,DK_1,imbalance_price,Short,2026-07-30T07:28:36Z
2026-07-30T07:25:17Z,2026-07-30T09:25:17+0200,e73b670a-bc29-4bfc-b6f4-93c290a4d3ee,2026-07-07T04:45:00Z,2026-07-07T06:45:00+0200,-0.51,EUR/MWh,DK1,DK_1,imbalance_price,Long,2026-07-30T07:28:36Z
2026-07-30T07:25:17Z,2026-07-30T09:25:17+0200,e73b670a-bc29-4bfc-b6f4-93c290a4d3ee,2026-07-07T04:45:00Z,2026-07-07T06:45:00+0200,-0.51,EUR/MWh,DK1,DK_1,imbalance_price,Short,2026-07-30T07:28:36Z
2026-07-30T07:25:17Z,2026-07-30T09:25:17+0200,e73b670a-bc29-4bfc-b6f4-93c290a4d3ee,2026-07-07T05:00:00Z,2026-07-07T07:00:00+0200,111.01,EUR/MWh,DK1,DK_1,imbalance_price,Long,2026-07-30T07:28:36Z
2026-07-30T07:25:17Z,2026-07-30T09:25:17+0200,e73b670a-bc29-4bfc-b6f4-93c290a4d3ee,2026-07-07T05:00:00Z,2026-07-07T07:00:00+0200,111.01,EUR/MWh,DK1,DK_1,imbalance_price,Short,2026-07-30T07:28:36Z
2026-07-30T07:25:17Z,2026-07-30T09:25:17+0200,e73b670a-bc29-4bfc-b6f4-93c290a4d3ee,2026-07-07T05:15:00Z,2026-07-07T07:15:00+0200,110.87,EUR/MWh,DK1,DK_1,imbalance_price,Long,2026-07-30T07:28:36Z
2026-07-30T07:25:17Z,2026-07-30T09:25:17+0200,e73b670a-bc29-4bfc-b6f4-93c290a4d3ee,2026-07-07T05:15:00Z,2026-07-07T07:15:00+0200,110.87,EUR/MWh,DK1,DK_1,imbalance_price,Short,2026-07-30T07:28:36Z
2026-07-30T07:25:17Z,2026-07-30T09:25:17+0200,e73b670a-bc29-4bfc-b6f4-93c290a4d3ee,2026-07-07T05:30:00Z,2026-07-07T07:30:00+0200,111.58,EUR/MWh,DK1,DK_1,imbalance_price,Long,2026-07-30T07:28:36Z
2026-07-30T07:25:17Z,2026-07-30T09:25:17+0200,e73b670a-bc29-4bfc-b6f4-93c290a4d3ee,2026-07-07T05:30:00Z,2026-07-07T07:30:00+0200,111.58,EUR/MWh,DK1,DK_1,imbalance_price,Short,2026-07-30T07:28:36Z
2026-07-30T07:25:17Z,2026-07-30T09:25:17+0200,e73b670a-bc29-4bfc-b6f4-93c290a4d3ee,2026-07-07T05:45:00Z,2026-07-07T07:45:00+0200,-6.36,EUR/MWh,DK1,DK_1,imbalance_price,Long,2026-07-30T07:28:36Z
2026-07-30T07:25:17Z,2026-07-30T09:25:17+0200,e73b670a-bc29-4bfc-b6f4-93c290a4d3ee,2026-07-07T05:45:00Z,2026-07-07T07:45:00+0200,-6.36,EUR/MWh,DK1,DK_1,imbalance_price,Short,2026-07-30T07:28:36Z
2026-07-30T07:25:17Z,2026-07-30T09:25:17+0200,e73b670a-bc29-4bfc-b6f4-93c290a4d3ee,2026-07-07T06:00:00Z,2026-07-07T08:00:00+0200,26.8,EUR/MWh,DK1,DK_1,imbalance_price,Long,2026-07-30T07:28:36Z
2026-07-30T07:25:17Z,2026-07-30T09:25:17+0200,e73b670a-bc29-4bfc-b6f4-93c290a4d3ee,2026-07-07T06:00:00Z,2026-07-07T08:00:00+0200,26.8,EUR/MWh,DK1,DK_1,imbalance_price,Short,2026-07-30T07:28:36Z
2026-07-30T07:25:17Z,2026-07-30T09:25:17+0200,e73b670a-bc29-4bfc-b6f4-93c290a4d3ee,2026-07-07T06:15:00Z,2026-07-07T08:15:00+0200,-8.37,EUR/MWh,DK1,DK_1,imbalance_price,Long,2026-07-30T07:28:36Z
2026-07-30T07:25:17Z,2026-07-30T09:25:17+0200,e73b670a-bc29-4bfc-b6f4-93c290a4d3ee,2026-07-07T06:15:00Z,2026-07-07T08:15:00+0200,-8.37,EUR/MWh,DK1,DK_1,imbalance_price,Short,2026-07-30T07:28:36Z
2026-07-30T07:25:17Z,2026-07-30T09:25:17+0200,e73b670a-bc29-4bfc-b6f4-93c290a4d3ee,2026-07-07T06:30:00Z,2026-07-07T08:30:00+0200,-8.1,EUR/MWh,DK1,DK_1,imbalance_price,Long,2026-07-30T07:28:36Z
2026-07-30T07:25:17Z,2026-07-30T09:25:17+0200,e73b670a-bc29-4bfc-b6f4-93c290a4d3ee,2026-07-07T06:30:00Z,2026-07-07T08:30:00+0200,-8.1,EUR/MWh,DK1,DK_1,imbalance_price,Short,2026-07-30T07:28:36Z
2026-07-30T07:25:17Z,2026-07-30T09:25:17+0200,e73b670a-bc29-4bfc-b6f4-93c290a4d3ee,2026-07-07T06:45:00Z,2026-07-07T08:45:00+0200,-7.54,EUR/MWh,DK1,DK_1,imbalance_price,Long,2026-07-30T07:28:36Z
2026-07-30T07:25:17Z,2026-07-30T09:25:17+0200,e73b670a-bc29-4bfc-b6f4-93c290a4d3ee,2026-07-07T06:45:00Z,2026-07-07T08:45:00+0200,-7.54,EUR/MWh,DK1,DK_1,imbalance_price,Short,2026-07-30T07:28:36Z
2026-07-30T07:25:17Z,2026-07-30T09:25:17+0200,e73b670a-bc29-4bfc-b6f4-93c290a4d3ee,2026-07-07T07:00:00Z,2026-07-07T09:00:00+0200,-24.0,EUR/MWh,DK1,DK_1,imbalance_price,Long,2026-07-30T07:28:36Z
2026-07-30T07:25:17Z,2026-07-30T09:25:17+0200,e73b670a-bc29-4bfc-b6f4-93c290a4d3ee,2026-07-07T07:00:00Z,2026-07-07T09:00:00+0200,-24.0,EUR/MWh,DK1,DK_1,imbalance_price,Short,2026-07-30T07:28:36Z
2026-07-30T07:25:17Z,2026-07-30T09:25:17+0200,e73b670a-bc29-4bfc-b6f4-93c290a4d3ee,2026-07-07T07:15:00Z,2026-07-07T09:15:00+0200,-26.11,EUR/MWh,DK1,DK_1,imbalance_price,Long,2026-07-30T07:28:36Z
2026-07-30T07:25:17Z,2026-07-30T09:25:17+0200,e73b670a-bc29-4bfc-b6f4-93c290a4d3ee,2026-07-07T07:15:00Z,2026-07-07T09:15:00+0200,-26.11,EUR/MWh,DK1,DK_1,imbalance_price,Short,2026-07-30T07:28:36Z
2026-07-30T07:25:17Z,2026-07-30T09:25:17+0200,e73b670a-bc29-4bfc-b6f4-93c290a4d3ee,2026-07-07T07:30:00Z,2026-07-07T09:30:00+0200,0.0,EUR/MWh,DK1,DK_1,imbalance_price,Long,2026-07-30T07:28:36Z
2026-07-30T07:25:17Z,2026-07-30T09:25:17+0200,e73b670a-bc29-4bfc-b6f4-93c290a4d3ee,2026-07-07T07:30:00Z,2026-07-07T09:30:00+0200,0.0,EUR/MWh,DK1,DK_1,imbalance_price,Short,2026-07-30T07:28:36Z
2026-07-30T07:25:17Z,2026-07-30T09:25:17+0200,e73b670a-bc29-4bfc-b6f4-93c290a4d3ee,2026-07-07T07:45:00Z,2026-07-07T09:45:00+0200,63.27,EUR/MWh,DK1,DK_1,imbalance_price,Long,2026-07-30T07:28:36Z
2026-07-30T07:25:17Z,2026-07-30T09:25:17+0200,e73b670a-bc29-4bfc-b6f4-93c290a4d3ee,2026-07-07T07:45:00Z,2026-07-07T09:45:00+0200,63.27,EUR/MWh,DK1,DK_1,imbalance_price,Short,2026-07-30T07:28:36Z
2026-07-30T07:25:17Z,2026-07-30T09:25:17+0200,e73b670a-bc29-4bfc-b6f4-93c290a4d3ee,2026-07-07T08:00:00Z,2026-07-07T10:00:00+0200,1.85,EUR/MWh,DK1,DK_1,imbalance_price,Long,2026-07-30T07:28:36Z
2026-07-30T07:25:17Z,2026-07-30T09:25:17+0200,e73b670a-bc29-4bfc-b6f4-93c290a4d3ee,2026-07-07T08:00:00Z,2026-07-07T10:00:00+0200,1.85,EUR/MWh,DK1,DK_1,imbalance_price,Short,2026-07-30T07:28:36Z
2026-07-30T07:25:17Z,2026-07-30T09:25:17+0200,e73b670a-bc29-4bfc-b6f4-93c290a4d3ee,2026-07-07T08:15:00Z,2026-07-07T10:15:00+0200,-1.7,EUR/MWh,DK1,DK_1,imbalance_price,Long,2026-07-30T07:28:36Z
2026-07-30T07:25:17Z,2026-07-30T09:25:17+0200,e73b670a-bc29-4bfc-b6f4-93c290a4d3ee,2026-07-07T08:15:00Z,2026-07-07T10:15:00+0200,-1.7,EUR/MWh,DK1,DK_1,imbalance_price,Short,2026-07-30T07:28:36Z
2026-07-30T07:25:17Z,2026-07-30T09:25:17+0200,e73b670a-bc29-4bfc-b6f4-93c290a4d3ee,2026-07-07T08:30:00Z,2026-07-07T10:30:00+0200,8.0,EUR/MWh,DK1,DK_1,imbalance_price,Long,2026-07-30T07:28:36Z
2026-07-30T07:25:17Z,2026-07-30T09:25:17+0200,e73b670a-bc29-4bfc-b6f4-93c290a4d3ee,2026-07-07T08:30:00Z,2026-07-07T10:30:00+0200,8.0,EUR/MWh,DK1,DK_1,imbalance_price,Short,2026-07-30T07:28:36Z
2026-07-30T07:25:17Z,2026-07-30T09:25:17+0200,e73b670a-bc29-4bfc-b6f4-93c290a4d3ee,2026-07-07T08:45:00Z,2026-07-07T10:45:00+0200,-13.18,EUR/MWh,DK1,DK_1,imbalance_price,Long,2026-07-30T07:28:36Z
2026-07-30T07:25:17Z,2026-07-30T09:25:17+0200,e73b670a-bc29-4bfc-b6f4-93c290a4d3ee,2026-07-07T08:45:00Z,2026-07-07T10:45:00+0200,-13.18,EUR/MWh,DK1,DK_1,imbalance_price,Short,2026-07-30T07:28:36Z
2026-07-30T07:25:17Z,2026-07-30T09:25:17+0200,e73b670a-bc29-4bfc-b6f4-93c290a4d3ee,2026-07-07T09:00:00Z,2026-07-07T11:00:00+0200,-19.6,EUR/MWh,DK1,DK_1,imbalance_price,Long,2026-07-30T07:28:36Z
2026-07-30T07:25:17Z,2026-07-30T09:25:17+0200,e73b670a-bc29-4bfc-b6f4-93c290a4d3ee,2026-07-07T09:00:00Z,2026-07-07T11:00:00+0200,-19.6,EUR/MWh,DK1,DK_1,imbalance_price,Short,2026-07-30T07:28:36Z
2026-07-30T07:25:17Z,2026-07-30T09:25:17+0200,e73b670a-bc29-4bfc-b6f4-93c290a4d3ee,2026-07-07T09:15:00Z,2026-07-07T11:15:00+0200,-35.85,EUR/MWh,DK1,DK_1,imbalance_price,Long,2026-07-30T07:28:36Z
2026-07-30T07:25:17Z,2026-07-30T09:25:17+0200,e73b670a-bc29-4bfc-b6f4-93c290a4d3ee,2026-07-07T09:15:00Z,2026-07-07T11:15:00+0200,-35.85,EUR/MWh,DK1,DK_1,imbalance_price,Short,2026-07-30T07:28:36Z
2026-07-30T07:25:17Z,2026-07-30T09:25:17+0200,e73b670a-bc29-4bfc-b6f4-93c290a4d3ee,2026-07-07T09:30:00Z,2026-07-07T11:30:00+0200,-16.96,EUR/MWh,DK1,DK_1,imbalance_price,Long,2026-07-30T07:28:36Z
2026-07-30T07:25:17Z,2026-07-30T09:25:17+0200,e73b670a-bc29-4bfc-b6f4-93c290a4d3ee,2026-07-07T09:30:00Z,2026-07-07T11:30:00+0200,-16.96,EUR/MWh,DK1,DK_1,imbalance_price,Short,2026-07-30T07:28:36Z
2026-07-30T07:25:17Z,2026-07-30T09:25:17+0200,e73b670a-bc29-4bfc-b6f4-93c290a4d3ee,2026-07-07T09:45:00Z,2026-07-07T11:45:00+0200,-26.67,EUR/MWh,DK1,DK_1,imbalance_price,Long,2026-07-30T07:28:36Z
2026-07-30T07:25:17Z,2026-07-30T09:25:17+0200,e73b670a-bc29-4bfc-b6f4-93c290a4d3ee,2026-07-07T09:45:00Z,2026-07-07T11:45:00+0200,-26.67,EUR/MWh,DK1,DK_1,imbalance_price,Short,2026-07-30T07:28:36Z
2026-07-30T07:25:17Z,2026-07-30T09:25:17+0200,e73b670a-bc29-4bfc-b6f4-93c290a4d3ee,2026-07-07T10:00:00Z,2026-07-07T12:00:00+0200,-33.92,EUR/MWh,DK1,DK_1,imbalance_price,Long,2026-07-30T07:28:36Z
2026-07-30T07:25:17Z,2026-07-30T09:25:17+0200,e73b670a-bc29-4bfc-b6f4-93c290a4d3ee,2026-07-07T10:00:00Z,2026-07-07T12:00:00+0200,-33.92,EUR/MWh,DK1,DK_1,imbalance_price,Short,2026-07-30T07:28:36Z
2026-07-30T07:25:17Z,2026-07-30T09:25:17+0200,e73b670a-bc29-4bfc-b6f4-93c290a4d3ee,2026-07-07T10:15:00Z,2026-07-07T12:15:00+0200,-21.38,EUR/MWh,DK1,DK_1,imbalance_price,Long,2026-07-30T07:28:36Z
2026-07-30T07:25:17Z,2026-07-30T09:25:17+0200,e73b670a-bc29-4bfc-b6f4-93c290a4d3ee,2026-07-07T10:15:00Z,2026-07-07T12:15:00+0200,-21.38,EUR/MWh,DK1,DK_1,imbalance_price,Short,2026-07-30T07:28:36Z
2026-07-30T07:25:17Z,2026-07-30T09:25:17+0200,e73b670a-bc29-4bfc-b6f4-93c290a4d3ee,2026-07-07T10:30:00Z,2026-07-07T12:30:00+0200,-10.31,EUR/MWh,DK1,DK_1,imbalance_price,Long,2026-07-30T07:28:36Z
2026-07-30T07:25:17Z,2026-07-30T09:25:17+0200,e73b670a-bc29-4bfc-b6f4-93c290a4d3ee,2026-07-07T10:30:00Z,2026-07-07T12:30:00+0200,-10.31,EUR/MWh,DK1,DK_1,imbalance_price,Short,2026-07-30T07:28:36Z
2026-07-30T07:25:17Z,2026-07-30T09:25:17+0200,e73b670a-bc29-4bfc-b6f4-93c290a4d3ee,2026-07-07T10:45:00Z,2026-07-07T12:45:00+0200,-10.0,EUR/MWh,DK1,DK_1,imbalance_price,Long,2026-07-30T07:28:36Z
2026-07-30T07:25:17Z,2026-07-30T09:25:17+0200,e73b670a-bc29-4bfc-b6f4-93c290a4d3ee,2026-07-07T10:45:00Z,2026-07-07T12:45:00+0200,-10.0,EUR/MWh,DK1,DK_1,imbalance_price,Short,2026-07-30T07:28:36Z
2026-07-30T07:25:17Z,2026-07-30T09:25:17+0200,e73b670a-bc29-4bfc-b6f4-93c290a4d3ee,2026-07-07T11:00:00Z,2026-07-07T13:00:00+0200,-10.0,EUR/MWh,DK1,DK_1,imbalance_price,Long,2026-07-30T07:28:36Z
2026-07-30T07:25:17Z,2026-07-30T09:25:17+0200,e73b670a-bc29-4bfc-b6f4-93c290a4d3ee,2026-07-07T11:00:00Z,2026-07-07T13:00:00+0200,-10.0,EUR/MWh,DK1,DK_1,imbalance_price,Short,2026-07-30T07:28:36Z
2026-07-30T07:25:17Z,2026-07-30T09:25:17+0200,e73b670a-bc29-4bfc-b6f4-93c290a4d3ee,2026-07-07T11:15:00Z,2026-07-07T13:15:00+0200,-6.06,EUR/MWh,DK1,DK_1,imbalance_price,Long,2026-07-30T07:28:36Z
2026-07-30T07:25:17Z,2026-07-30T09:25:17+0200,e73b670a-bc29-4bfc-b6f4-93c290a4d3ee,2026-07-07T11:15:00Z,2026-07-07T13:15:00+0200,-6.06,EUR/MWh,DK1,DK_1,imbalance_price,Short,2026-07-30T07:28:36Z
2026-07-30T07:25:17Z,2026-07-30T09:25:17+0200,e73b670a-bc29-4bfc-b6f4-93c290a4d3ee,2026-07-07T11:30:00Z,2026-07-07T13:30:00+0200,-3.61,EUR/MWh,DK1,DK_1,imbalance_price,Long,2026-07-30T07:28:36Z
2026-07-30T07:25:17Z,2026-07-30T09:25:17+0200,e73b670a-bc29-4bfc-b6f4-93c290a4d3ee,2026-07-07T11:30:00Z,2026-07-07T13:30:00+0200,-3.61,EUR/MWh,DK1,DK_1,imbalance_price,Short,2026-07-30T07:28:36Z
2026-07-30T07:25:17Z,2026-07-30T09:25:17+0200,e73b670a-bc29-4bfc-b6f4-93c290a4d3ee,2026-07-07T11:45:00Z,2026-07-07T13:45:00+0200,0.0,EUR/MWh,DK1,DK_1,imbalance_price,Long,2026-07-30T07:28:36Z
2026-07-30T07:25:17Z,2026-07-30T09:25:17+0200,e73b670a-bc29-4bfc-b6f4-93c290a4d3ee,2026-07-07T11:45:00Z,2026-07-07T13:45:00+0200,0.0,EUR/MWh,DK1,DK_1,imbalance_price,Short,2026-07-30T07:28:36Z
2026-07-30T07:25:17Z,2026-07-30T09:25:17+0200,e73b670a-bc29-4bfc-b6f4-93c290a4d3ee,2026-07-07T12:00:00Z,2026-07-07T14:00:00+0200,-4.8,EUR/MWh,DK1,DK_1,imbalance_price,Long,2026-07-30T07:28:36Z
2026-07-30T07:25:17Z,2026-07-30T09:25:17+0200,e73b670a-bc29-4bfc-b6f4-93c290a4d3ee,2026-07-07T12:00:00Z,2026-07-07T14:00:00+0200,-4.8,EUR/MWh,DK1,DK_1,imbalance_price,Short,2026-07-30T07:28:36Z
2026-07-30T07:25:17Z,2026-07-30T09:25:17+0200,e73b670a-bc29-4bfc-b6f4-93c290a4d3ee,2026-07-07T12:15:00Z,2026-07-07T14:15:00+0200,-6.69,EUR/MWh,DK1,DK_1,imbalance_price,Long,2026-07-30T07:28:36Z
2026-07-30T07:25:17Z,2026-07-30T09:25:17+0200,e73b670a-bc29-4bfc-b6f4-93c290a4d3ee,2026-07-07T12:15:00Z,2026-07-07T14:15:00+0200,-6.69,EUR/MWh,DK1,DK_1,imbalance_price,Short,2026-07-30T07:28:36Z
2026-07-30T07:25:17Z,2026-07-30T09:25:17+0200,e73b670a-bc29-4bfc-b6f4-93c290a4d3ee,2026-07-07T12:30:00Z,2026-07-07T14:30:00+0200,-0.01,EUR/MWh,DK1,DK_1,imbalance_price,Long,2026-07-30T07:28:36Z
2026-07-30T07:25:17Z,2026-07-30T09:25:17+0200,e73b670a-bc29-4bfc-b6f4-93c290a4d3ee,2026-07-07T12:30:00Z,2026-07-07T14:30:00+0200,-0.01,EUR/MWh,DK1,DK_1,imbalance_price,Short,2026-07-30T07:28:36Z
2026-07-30T07:25:17Z,2026-07-30T09:25:17+0200,e73b670a-bc29-4bfc-b6f4-93c290a4d3ee,2026-07-07T12:45:00Z,2026-07-07T14:45:00+0200,-10.0,EUR/MWh,DK1,DK_1,imbalance_price,Long,2026-07-30T07:28:36Z
2026-07-30T07:25:17Z,2026-07-30T09:25:17+0200,e73b670a-bc29-4bfc-b6f4-93c290a4d3ee,2026-07-07T12:45:00Z,2026-07-07T14:45:00+0200,-10.0,EUR/MWh,DK1,DK_1,imbalance_price,Short,2026-07-30T07:28:36Z
2026-07-30T07:25:17Z,2026-07-30T09:25:17+0200,e73b670a-bc29-4bfc-b6f4-93c290a4d3ee,2026-07-07T13:00:00Z,2026-07-07T15:00:00+0200,31.89,EUR/MWh,DK1,DK_1,imbalance_price,Long,2026-07-30T07:28:36Z
2026-07-30T07:25:17Z,2026-07-30T09:25:17+0200,e73b670a-bc29-4bfc-b6f4-93c290a4d3ee,2026-07-07T13:00:00Z,2026-07-07T15:00:00+0200,31.89,EUR/MWh,DK1,DK_1,imbalance_price,Short,2026-07-30T07:28:36Z
2026-07-30T07:25:17Z,2026-07-30T09:25:17+0200,e73b670a-bc29-4bfc-b6f4-93c290a4d3ee,2026-07-07T13:15:00Z,2026-07-07T15:15:00+0200,5.35,EUR/MWh,DK1,DK_1,imbalance_price,Long,2026-07-30T07:28:36Z
2026-07-30T07:25:17Z,2026-07-30T09:25:17+0200,e73b670a-bc29-4bfc-b6f4-93c290a4d3ee,2026-07-07T13:15:00Z,2026-07-07T15:15:00+0200,5.35,EUR/MWh,DK1,DK_1,imbalance_price,Short,2026-07-30T07:28:36Z
2026-07-30T07:25:17Z,2026-07-30T09:25:17+0200,e73b670a-bc29-4bfc-b6f4-93c290a4d3ee,2026-07-07T13:30:00Z,2026-07-07T15:30:00+0200,10.04,EUR/MWh,DK1,DK_1,imbalance_price,Long,2026-07-30T07:28:36Z
2026-07-30T07:25:17Z,2026-07-30T09:25:17+0200,e73b670a-bc29-4bfc-b6f4-93c290a4d3ee,2026-07-07T13:30:00Z,2026-07-07T15:30:00+0200,10.04,EUR/MWh,DK1,DK_1,imbalance_price,Short,2026-07-30T07:28:36Z
2026-07-30T07:25:17Z,2026-07-30T09:25:17+0200,e73b670a-bc29-4bfc-b6f4-93c290a4d3ee,2026-07-07T13:45:00Z,2026-07-07T15:45:00+0200,59.01,EUR/MWh,DK1,DK_1,imbalance_price,Long,2026-07-30T07:28:36Z
2026-07-30T07:25:17Z,2026-07-30T09:25:17+0200,e73b670a-bc29-4bfc-b6f4-93c290a4d3ee,2026-07-07T13:45:00Z,2026-07-07T15:45:00+0200,59.01,EUR/MWh,DK1,DK_1,imbalance_price,Short,2026-07-30T07:28:36Z
2026-07-30T07:25:17Z,2026-07-30T09:25:17+0200,e73b670a-bc29-4bfc-b6f4-93c290a4d3ee,2026-07-07T14:00:00Z,2026-07-07T16:00:00+0200,-13.38,EUR/MWh,DK1,DK_1,imbalance_price,Long,2026-07-30T07:28:36Z
2026-07-30T07:25:17Z,2026-07-30T09:25:17+0200,e73b670a-bc29-4bfc-b6f4-93c290a4d3ee,2026-07-07T14:00:00Z,2026-07-07T16:00:00+0200,-13.38,EUR/MWh,DK1,DK_1,imbalance_price,Short,2026-07-30T07:28:36Z
2026-07-30T07:25:17Z,2026-07-30T09:25:17+0200,e73b670a-bc29-4bfc-b6f4-93c290a4d3ee,2026-07-07T14:15:00Z,2026-07-07T16:15:00+0200,-19.27,EUR/MWh,DK1,DK_1,imbalance_price,Long,2026-07-30T07:28:36Z
2026-07-30T07:25:17Z,2026-07-30T09:25:17+0200,e73b670a-bc29-4bfc-b6f4-93c290a4d3ee,2026-07-07T14:15:00Z,2026-07-07T16:15:00+0200,-19.27,EUR/MWh,DK1,DK_1,imbalance_price,Short,2026-07-30T07:28:36Z
2026-07-30T07:25:17Z,2026-07-30T09:25:17+0200,e73b670a-bc29-4bfc-b6f4-93c290a4d3ee,2026-07-07T14:30:00Z,2026-07-07T16:30:00+0200,-13.38,EUR/MWh,DK1,DK_1,imbalance_price,Long,2026-07-30T07:28:36Z
2026-07-30T07:25:17Z,2026-07-30T09:25:17+0200,e73b670a-bc29-4bfc-b6f4-93c290a4d3ee,2026-07-07T14:30:00Z,2026-07-07T16:30:00+0200,-13.38,EUR/MWh,DK1,DK_1,imbalance_price,Short,2026-07-30T07:28:36Z
2026-07-30T07:25:17Z,2026-07-30T09:25:17+0200,e73b670a-bc29-4bfc-b6f4-93c290a4d3ee,2026-07-07T14:45:00Z,2026-07-07T16:45:00+0200,-10.0,EUR/MWh,DK1,DK_1,imbalance_price,Long,2026-07-30T07:28:36Z
2026-07-30T07:25:17Z,2026-07-30T09:25:17+0200,e73b670a-bc29-4bfc-b6f4-93c290a4d3ee,2026-07-07T14:45:00Z,2026-07-07T16:45:00+0200,-10.0,EUR/MWh,DK1,DK_1,imbalance_price,Short,2026-07-30T07:28:36Z
2026-07-30T07:25:17Z,2026-07-30T09:25:17+0200,e73b670a-bc29-4bfc-b6f4-93c290a4d3ee,2026-07-07T15:00:00Z,2026-07-07T17:00:00+0200,-6.69,EUR/MWh,DK1,DK_1,imbalance_price,Long,2026-07-30T07:28:36Z
2026-07-30T07:25:17Z,2026-07-30T09:25:17+0200,e73b670a-bc29-4bfc-b6f4-93c290a4d3ee,2026-07-07T15:00:00Z,2026-07-07T17:00:00+0200,-6.69,EUR/MWh,DK1,DK_1,imbalance_price,Short,2026-07-30T07:28:36Z
2026-07-30T07:25:17Z,2026-07-30T09:25:17+0200,e73b670a-bc29-4bfc-b6f4-93c290a4d3ee,2026-07-07T15:15:00Z,2026-07-07T17:15:00+0200,-12.04,EUR/MWh,DK1,DK_1,imbalance_price,Long,2026-07-30T07:28:36Z
2026-07-30T07:25:17Z,2026-07-30T09:25:17+0200,e73b670a-bc29-4bfc-b6f4-93c290a4d3ee,2026-07-07T15:15:00Z,2026-07-07T17:15:00+0200,-12.04,EUR/MWh,DK1,DK_1,imbalance_price,Short,2026-07-30T07:28:36Z
2026-07-30T07:25:17Z,2026-07-30T09:25:17+0200,e73b670a-bc29-4bfc-b6f4-93c290a4d3ee,2026-07-07T15:30:00Z,2026-07-07T17:30:00+0200,-280.53,EUR/MWh,DK1,DK_1,imbalance_price,Long,2026-07-30T07:28:36Z
2026-07-30T07:25:17Z,2026-07-30T09:25:17+0200,e73b670a-bc29-4bfc-b6f4-93c290a4d3ee,2026-07-07T15:30:00Z,2026-07-07T17:30:00+0200,-280.53,EUR/MWh,DK1,DK_1,imbalance_price,Short,2026-07-30T07:28:36Z
2026-07-30T07:25:17Z,2026-07-30T09:25:17+0200,e73b670a-bc29-4bfc-b6f4-93c290a4d3ee,2026-07-07T15:45:00Z,2026-07-07T17:45:00+0200,-4.22,EUR/MWh,DK1,DK_1,imbalance_price,Long,2026-07-30T07:28:36Z
2026-07-30T07:25:17Z,2026-07-30T09:25:17+0200,e73b670a-bc29-4bfc-b6f4-93c290a4d3ee,2026-07-07T15:45:00Z,2026-07-07T17:45:00+0200,-4.22,EUR/MWh,DK1,DK_1,imbalance_price,Short,2026-07-30T07:28:36Z
2026-07-30T07:25:17Z,2026-07-30T09:25:17+0200,e73b670a-bc29-4bfc-b6f4-93c290a4d3ee,2026-07-07T16:00:00Z,2026-07-07T18:00:00+0200,5.94,EUR/MWh,DK1,DK_1,imbalance_price,Long,2026-07-30T07:28:36Z
2026-07-30T07:25:17Z,2026-07-30T09:25:17+0200,e73b670a-bc29-4bfc-b6f4-93c290a4d3ee,2026-07-07T16:00:00Z,2026-07-07T18:00:00+0200,5.94,EUR/MWh,DK1,DK_1,imbalance_price,Short,2026-07-30T07:28:36Z
2026-07-30T07:25:17Z,2026-07-30T09:25:17+0200,e73b670a-bc29-4bfc-b6f4-93c290a4d3ee,2026-07-07T16:15:00Z,2026-07-07T18:15:00+0200,0.0,EUR/MWh,DK1,DK_1,imbalance_price,Long,2026-07-30T07:28:36Z
2026-07-30T07:25:17Z,2026-07-30T09:25:17+0200,e73b670a-bc29-4bfc-b6f4-93c290a4d3ee,2026-07-07T16:15:00Z,2026-07-07T18:15:00+0200,0.0,EUR/MWh,DK1,DK_1,imbalance_price,Short,2026-07-30T07:28:36Z
2026-07-30T07:25:17Z,2026-07-30T09:25:17+0200,e73b670a-bc29-4bfc-b6f4-93c290a4d3ee,2026-07-07T16:30:00Z,2026-07-07T18:30:00+0200,401.42,EUR/MWh,DK1,DK_1,imbalance_price,Long,2026-07-30T07:28:36Z
2026-07-30T07:25:17Z,2026-07-30T09:25:17+0200,e73b670a-bc29-4bfc-b6f4-93c290a4d3ee,2026-07-07T16:30:00Z,2026-07-07T18:30:00+0200,401.42,EUR/MWh,DK1,DK_1,imbalance_price,Short,2026-07-30T07:28:36Z
2026-07-30T07:25:17Z,2026-07-30T09:25:17+0200,e73b670a-bc29-4bfc-b6f4-93c290a4d3ee,2026-07-07T16:45:00Z,2026-07-07T18:45:00+0200,561.98,EUR/MWh,DK1,DK_1,imbalance_price,Long,2026-07-30T07:28:36Z
2026-07-30T07:25:17Z,2026-07-30T09:25:17+0200,e73b670a-bc29-4bfc-b6f4-93c290a4d3ee,2026-07-07T16:45:00Z,2026-07-07T18:45:00+0200,561.98,EUR/MWh,DK1,DK_1,imbalance_price,Short,2026-07-30T07:28:36Z
2026-07-30T07:25:17Z,2026-07-30T09:25:17+0200,e73b670a-bc29-4bfc-b6f4-93c290a4d3ee,2026-07-07T17:00:00Z,2026-07-07T19:00:00+0200,152.77,EUR/MWh,DK1,DK_1,imbalance_price,Long,2026-07-30T07:28:36Z
2026-07-30T07:25:17Z,2026-07-30T09:25:17+0200,e73b670a-bc29-4bfc-b6f4-93c290a4d3ee,2026-07-07T17:00:00Z,2026-07-07T19:00:00+0200,152.77,EUR/MWh,DK1,DK_1,imbalance_price,Short,2026-07-30T07:28:36Z
2026-07-30T07:25:17Z,2026-07-30T09:25:17+0200,e73b670a-bc29-4bfc-b6f4-93c290a4d3ee,2026-07-07T17:15:00Z,2026-07-07T19:15:00+0200,267.61,EUR/MWh,DK1,DK_1,imbalance_price,Long,2026-07-30T07:28:36Z
2026-07-30T07:25:17Z,2026-07-30T09:25:17+0200,e73b670a-bc29-4bfc-b6f4-93c290a4d3ee,2026-07-07T17:15:00Z,2026-07-07T19:15:00+0200,267.61,EUR/MWh,DK1,DK_1,imbalance_price,Short,2026-07-30T07:28:36Z
2026-07-30T07:25:17Z,2026-07-30T09:25:17+0200,e73b670a-bc29-4bfc-b6f4-93c290a4d3ee,2026-07-07T17:30:00Z,2026-07-07T19:30:00+0200,131.99,EUR/MWh,DK1,DK_1,imbalance_price,Long,2026-07-30T07:28:36Z
2026-07-30T07:25:17Z,2026-07-30T09:25:17+0200,e73b670a-bc29-4bfc-b6f4-93c290a4d3ee,2026-07-07T17:30:00Z,2026-07-07T19:30:00+0200,131.99,EUR/MWh,DK1,DK_1,imbalance_price,Short,2026-07-30T07:28:36Z
2026-07-30T07:25:17Z,2026-07-30T09:25:17+0200,e73b670a-bc29-4bfc-b6f4-93c290a4d3ee,2026-07-07T17:45:00Z,2026-07-07T19:45:00+0200,-1.31,EUR/MWh,DK1,DK_1,imbalance_price,Long,2026-07-30T07:28:36Z
2026-07-30T07:25:17Z,2026-07-30T09:25:17+0200,e73b670a-bc29-4bfc-b6f4-93c290a4d3ee,2026-07-07T17:45:00Z,2026-07-07T19:45:00+0200,-1.31,EUR/MWh,DK1,DK_1,imbalance_price,Short,2026-07-30T07:28:36Z
2026-07-30T07:25:17Z,2026-07-30T09:25:17+0200,e73b670a-bc29-4bfc-b6f4-93c290a4d3ee,2026-07-07T18:00:00Z,2026-07-07T20:00:00+0200,73.72,EUR/MWh,DK1,DK_1,imbalance_price,Long,2026-07-30T07:28:36Z
2026-07-30T07:25:17Z,2026-07-30T09:25:17+0200,e73b670a-bc29-4bfc-b6f4-93c290a4d3ee,2026-07-07T18:00:00Z,2026-07-07T20:00:00+0200,73.72,EUR/MWh,DK1,DK_1,imbalance_price,Short,2026-07-30T07:28:36Z
2026-07-30T07:25:17Z,2026-07-30T09:25:17+0200,e73b670a-bc29-4bfc-b6f4-93c290a4d3ee,2026-07-07T18:15:00Z,2026-07-07T20:15:00+0200,83.83,EUR/MWh,DK1,DK_1,imbalance_price,Long,2026-07-30T07:28:36Z
2026-07-30T07:25:17Z,2026-07-30T09:25:17+0200,e73b670a-bc29-4bfc-b6f4-93c290a4d3ee,2026-07-07T18:15:00Z,2026-07-07T20:15:00+0200,83.83,EUR/MWh,DK1,DK_1,imbalance_price,Short,2026-07-30T07:28:36Z
2026-07-30T07:25:17Z,2026-07-30T09:25:17+0200,e73b670a-bc29-4bfc-b6f4-93c290a4d3ee,2026-07-07T18:30:00Z,2026-07-07T20:30:00+0200,273.23,EUR/MWh,DK1,DK_1,imbalance_price,Long,2026-07-30T07:28:36Z
2026-07-30T07:25:17Z,2026-07-30T09:25:17+0200,e73b670a-bc29-4bfc-b6f4-93c290a4d3ee,2026-07-07T18:30:00Z,2026-07-07T20:30:00+0200,273.23,EUR/MWh,DK1,DK_1,imbalance_price,Short,2026-07-30T07:28:36Z
2026-07-30T07:25:17Z,2026-07-30T09:25:17+0200,e73b670a-bc29-4bfc-b6f4-93c290a4d3ee,2026-07-07T18:45:00Z,2026-07-07T20:45:00+0200,357.93,EUR/MWh,DK1,DK_1,imbalance_price,Long,2026-07-30T07:28:36Z
2026-07-30T07:25:17Z,2026-07-30T09:25:17+0200,e73b670a-bc29-4bfc-b6f4-93c290a4d3ee,2026-07-07T18:45:00Z,2026-07-07T20:45:00+0200,357.93,EUR/MWh,DK1,DK_1,imbalance_price,Short,2026-07-30T07:28:36Z
2026-07-30T07:25:17Z,2026-07-30T09:25:17+0200,e73b670a-bc29-4bfc-b6f4-93c290a4d3ee,2026-07-07T19:00:00Z,2026-07-07T21:00:00+0200,160.82,EUR/MWh,DK1,DK_1,imbalance_price,Long,2026-07-30T07:28:36Z
2026-07-30T07:25:17Z,2026-07-30T09:25:17+0200,e73b670a-bc29-4bfc-b6f4-93c290a4d3ee,2026-07-07T19:00:00Z,2026-07-07T21:00:00+0200,160.82,EUR/MWh,DK1,DK_1,imbalance_price,Short,2026-07-30T07:28:36Z
2026-07-30T07:25:17Z,2026-07-30T09:25:17+0200,e73b670a-bc29-4bfc-b6f4-93c290a4d3ee,2026-07-07T19:15:00Z,2026-07-07T21:15:00+0200,668.36,EUR/MWh,DK1,DK_1,imbalance_price,Long,2026-07-30T07:28:36Z
2026-07-30T07:25:17Z,2026-07-30T09:25:17+0200,e73b670a-bc29-4bfc-b6f4-93c290a4d3ee,2026-07-07T19:15:00Z,2026-07-07T21:15:00+0200,668.36,EUR/MWh,DK1,DK_1,imbalance_price,Short,2026-07-30T07:28:36Z
2026-07-30T07:25:17Z,2026-07-30T09:25:17+0200,e73b670a-bc29-4bfc-b6f4-93c290a4d3ee,2026-07-07T19:30:00Z,2026-07-07T21:30:00+0200,669.03,EUR/MWh,DK1,DK_1,imbalance_price,Long,2026-07-30T07:28:36Z
2026-07-30T07:25:17Z,2026-07-30T09:25:17+0200,e73b670a-bc29-4bfc-b6f4-93c290a4d3ee,2026-07-07T19:30:00Z,2026-07-07T21:30:00+0200,669.03,EUR/MWh,DK1,DK_1,imbalance_price,Short,2026-07-30T07:28:36Z
2026-07-30T07:25:17Z,2026-07-30T09:25:17+0200,e73b670a-bc29-4bfc-b6f4-93c290a4d3ee,2026-07-07T19:45:00Z,2026-07-07T21:45:00+0200,294.37,EUR/MWh,DK1,DK_1,imbalance_price,Long,2026-07-30T07:28:36Z
2026-07-30T07:25:17Z,2026-07-30T09:25:17+0200,e73b670a-bc29-4bfc-b6f4-93c290a4d3ee,2026-07-07T19:45:00Z,2026-07-07T21:45:00+0200,294.37,EUR/MWh,DK1,DK_1,imbalance_price,Short,2026-07-30T07:28:36Z
2026-07-30T07:25:17Z,2026-07-30T09:25:17+0200,e73b670a-bc29-4bfc-b6f4-93c290a4d3ee,2026-07-07T20:00:00Z,2026-07-07T22:00:00+0200,272.96,EUR/MWh,DK1,DK_1,imbalance_price,Long,2026-07-30T07:28:36Z
2026-07-30T07:25:17Z,2026-07-30T09:25:17+0200,e73b670a-bc29-4bfc-b6f4-93c290a4d3ee,2026-07-07T20:00:00Z,2026-07-07T22:00:00+0200,272.96,EUR/MWh,DK1,DK_1,imbalance_price,Short,2026-07-30T07:28:36Z
2026-07-30T07:25:17Z,2026-07-30T09:25:17+0200,e73b670a-bc29-4bfc-b6f4-93c290a4d3ee,2026-07-07T20:15:00Z,2026-07-07T22:15:00+0200,89.18,EUR/MWh,DK1,DK_1,imbalance_price,Long,2026-07-30T07:28:36Z
2026-07-30T07:25:17Z,2026-07-30T09:25:17+0200,e73b670a-bc29-4bfc-b6f4-93c290a4d3ee,2026-07-07T20:15:00Z,2026-07-07T22:15:00+0200,89.18,EUR/MWh,DK1,DK_1,imbalance_price,Short,2026-07-30T07:28:36Z
2026-07-30T07:25:17Z,2026-07-30T09:25:17+0200,e73b670a-bc29-4bfc-b6f4-93c290a4d3ee,2026-07-07T20:30:00Z,2026-07-07T22:30:00+0200,82.69,EUR/MWh,DK1,DK_1,imbalance_price,Long,2026-07-30T07:28:36Z
2026-07-30T07:25:17Z,2026-07-30T09:25:17+0200,e73b670a-bc29-4bfc-b6f4-93c290a4d3ee,2026-07-07T20:30:00Z,2026-07-07T22:30:00+0200,82.69,EUR/MWh,DK1,DK_1,imbalance_price,Short,2026-07-30T07:28:36Z
2026-07-30T07:25:17Z,2026-07-30T09:25:17+0200,e73b670a-bc29-4bfc-b6f4-93c290a4d3ee,2026-07-07T20:45:00Z,2026-07-07T22:45:00+0200,80.0,EUR/MWh,DK1,DK_1,imbalance_price,Long,2026-07-30T07:28:36Z
2026-07-30T07:25:17Z,2026-07-30T09:25:17+0200,e73b670a-bc29-4bfc-b6f4-93c290a4d3ee,2026-07-07T20:45:00Z,2026-07-07T22:45:00+0200,80.0,EUR/MWh,DK1,DK_1,imbalance_price,Short,2026-07-30T07:28:36Z
2026-07-30T07:25:17Z,2026-07-30T09:25:17+0200,e73b670a-bc29-4bfc-b6f4-93c290a4d3ee,2026-07-07T21:00:00Z,2026-07-07T23:00:00+0200,81.34,EUR/MWh,DK1,DK_1,imbalance_price,Long,2026-07-30T07:28:36Z
2026-07-30T07:25:17Z,2026-07-30T09:25:17+0200,e73b670a-bc29-4bfc-b6f4-93c290a4d3ee,2026-07-07T21:00:00Z,2026-07-07T23:00:00+0200,81.34,EUR/MWh,DK1,DK_1,imbalance_price,Short,2026-07-30T07:28:36Z
2026-07-30T07:25:17Z,2026-07-30T09:25:17+0200,e73b670a-bc29-4bfc-b6f4-93c290a4d3ee,2026-07-07T21:15:00Z,2026-07-07T23:15:00+0200,79.29,EUR/MWh,DK1,DK_1,imbalance_price,Long,2026-07-30T07:28:36Z
2026-07-30T07:25:17Z,2026-07-30T09:25:17+0200,e73b670a-bc29-4bfc-b6f4-93c290a4d3ee,2026-07-07T21:15:00Z,2026-07-07T23:15:00+0200,79.29,EUR/MWh,DK1,DK_1,imbalance_price,Short,2026-07-30T07:28:36Z
2026-07-30T07:25:17Z,2026-07-30T09:25:17+0200,e73b670a-bc29-4bfc-b6f4-93c290a4d3ee,2026-07-07T21:30:00Z,2026-07-07T23:30:00+0200,79.41,EUR/MWh,DK1,DK_1,imbalance_price,Long,2026-07-30T07:28:36Z
2026-07-30T07:25:17Z,2026-07-30T09:25:17+0200,e73b670a-bc29-4bfc-b6f4-93c290a4d3ee,2026-07-07T21:30:00Z,2026-07-07T23:30:00+0200,79.41,EUR/MWh,DK1,DK_1,imbalance_price,Short,2026-07-30T07:28:36Z
2026-07-30T07:25:17Z,2026-07-30T09:25:17+0200,e73b670a-bc29-4bfc-b6f4-93c290a4d3ee,2026-07-07T21:45:00Z,2026-07-07T23:45:00+0200,79.99,EUR/MWh,DK1,DK_1,imbalance_price,Long,2026-07-30T07:28:36Z
2026-07-30T07:25:17Z,2026-07-30T09:25:17+0200,e73b670a-bc29-4bfc-b6f4-93c290a4d3ee,2026-07-07T21:45:00Z,2026-07-07T23:45:00+0200,79.99,EUR/MWh,DK1,DK_1,imbalance_price,Short,2026-07-30T07:28:36Z
2026-07-30T07:25:17Z,2026-07-30T09:25:17+0200,e73b670a-bc29-4bfc-b6f4-93c290a4d3ee,2026-07-07T22:00:00Z,2026-07-08T00:00:00+0200,334.51,EUR/MWh,DK1,DK_1,imbalance_price,Long,2026-07-30T07:28:36Z
2026-07-30T07:25:17Z,2026-07-30T09:25:17+0200,e73b670a-bc29-4bfc-b6f4-93c290a4d3ee,2026-07-07T22:00:00Z,2026-07-08T00:00:00+0200,334.51,EUR/MWh,DK1,DK_1,imbalance_price,Short,2026-07-30T07:28:36Z
2026-07-30T07:25:17Z,2026-07-30T09:25:17+0200,e73b670a-bc29-4bfc-b6f4-93c290a4d3ee,2026-07-07T22:15:00Z,2026-07-08T00:15:00+0200,254.06,EUR/MWh,DK1,DK_1,imbalance_price,Long,2026-07-30T07:28:36Z
2026-07-30T07:25:17Z,2026-07-30T09:25:17+0200,e73b670a-bc29-4bfc-b6f4-93c290a4d3ee,2026-07-07T22:15:00Z,2026-07-08T00:15:00+0200,254.06,EUR/MWh,DK1,DK_1,imbalance_price,Short,2026-07-30T07:28:36Z
2026-07-30T07:25:17Z,2026-07-30T09:25:17+0200,e73b670a-bc29-4bfc-b6f4-93c290a4d3ee,2026-07-07T22:30:00Z,2026-07-08T00:30:00+0200,90.0,EUR/MWh,DK1,DK_1,imbalance_price,Long,2026-07-30T07:28:36Z
2026-07-30T07:25:17Z,2026-07-30T09:25:17+0200,e73b670a-bc29-4bfc-b6f4-93c290a4d3ee,2026-07-07T22:30:00Z,2026-07-08T00:30:00+0200,90.0,EUR/MWh,DK1,DK_1,imbalance_price,Short,2026-07-30T07:28:36Z
2026-07-30T07:25:17Z,2026-07-30T09:25:17+0200,e73b670a-bc29-4bfc-b6f4-93c290a4d3ee,2026-07-07T22:45:00Z,2026-07-08T00:45:00+0200,102.89,EUR/MWh,DK1,DK_1,imbalance_price,Long,2026-07-30T07:28:36Z
2026-07-30T07:25:17Z,2026-07-30T09:25:17+0200,e73b670a-bc29-4bfc-b6f4-93c290a4d3ee,2026-07-07T22:45:00Z,2026-07-08T00:45:00+0200,102.89,EUR/MWh,DK1,DK_1,imbalance_price,Short,2026-07-30T07:28:36Z
2026-07-30T07:25:17Z,2026-07-30T09:25:17+0200,e73b670a-bc29-4bfc-b6f4-93c290a4d3ee,2026-07-07T23:00:00Z,2026-07-08T01:00:00+0200,267.6,EUR/MWh,DK1,DK_1,imbalance_price,Long,2026-07-30T07:28:36Z
2026-07-30T07:25:17Z,2026-07-30T09:25:17+0200,e73b670a-bc29-4bfc-b6f4-93c290a4d3ee,2026-07-07T23:00:00Z,2026-07-08T01:00:00+0200,267.6,EUR/MWh,DK1,DK_1,imbalance_price,Short,2026-07-30T07:28:36Z
2026-07-30T07:25:17Z,2026-07-30T09:25:17+0200,e73b670a-bc29-4bfc-b6f4-93c290a4d3ee,2026-07-07T23:15:00Z,2026-07-08T01:15:00+0200,114.0,EUR/MWh,DK1,DK_1,imbalance_price,Long,2026-07-30T07:28:36Z
2026-07-30T07:25:17Z,2026-07-30T09:25:17+0200,e73b670a-bc29-4bfc-b6f4-93c290a4d3ee,2026-07-07T23:15:00Z,2026-07-08T01:15:00+0200,114.0,EUR/MWh,DK1,DK_1,imbalance_price,Short,2026-07-30T07:28:36Z
2026-07-30T07:25:17Z,2026-07-30T09:25:17+0200,e73b670a-bc29-4bfc-b6f4-93c290a4d3ee,2026-07-07T23:30:00Z,2026-07-08T01:30:00+0200,361.26,EUR/MWh,DK1,DK_1,imbalance_price,Long,2026-07-30T07:28:36Z
2026-07-30T07:25:17Z,2026-07-30T09:25:17+0200,e73b670a-bc29-4bfc-b6f4-93c290a4d3ee,2026-07-07T23:30:00Z,2026-07-08T01:30:00+0200,361.26,EUR/MWh,DK1,DK_1,imbalance_price,Short,2026-07-30T07:28:36Z
2026-07-30T07:25:17Z,2026-07-30T09:25:17+0200,e73b670a-bc29-4bfc-b6f4-93c290a4d3ee,2026-07-07T23:45:00Z,2026-07-08T01:45:00+0200,103.88,EUR/MWh,DK1,DK_1,imbalance_price,Long,2026-07-30T07:28:36Z
2026-07-30T07:25:17Z,2026-07-30T09:25:17+0200,e73b670a-bc29-4bfc-b6f4-93c290a4d3ee,2026-07-07T23:45:00Z,2026-07-08T01:45:00+0200,103.88,EUR/MWh,DK1,DK_1,imbalance_price,Short,2026-07-30T07:28:36Z
2026-07-30T07:25:17Z,2026-07-30T09:25:17+0200,e73b670a-bc29-4bfc-b6f4-93c290a4d3ee,2026-07-08T00:00:00Z,2026-07-08T02:00:00+0200,19.26,EUR/MWh,DK1,DK_1,imbalance_price,Long,2026-07-30T07:28:36Z
2026-07-30T07:25:17Z,2026-07-30T09:25:17+0200,e73b670a-bc29-4bfc-b6f4-93c290a4d3ee,2026-07-08T00:00:00Z,2026-07-08T02:00:00+0200,19.26,EUR/MWh,DK1,DK_1,imbalance_price,Short,2026-07-30T07:28:36Z
2026-07-30T07:25:17Z,2026-07-30T09:25:17+0200,e73b670a-bc29-4bfc-b6f4-93c290a4d3ee,2026-07-08T00:15:00Z,2026-07-08T02:15:00+0200,6.58,EUR/MWh,DK1,DK_1,imbalance_price,Long,2026-07-30T07:28:36Z
2026-07-30T07:25:17Z,2026-07-30T09:25:17+0200,e73b670a-bc29-4bfc-b6f4-93c290a4d3ee,2026-07-08T00:15:00Z,2026-07-08T02:15:00+0200,6.58,EUR/MWh,DK1,DK_1,imbalance_price,Short,2026-07-30T07:28:36Z
2026-07-30T07:25:17Z,2026-07-30T09:25:17+0200,e73b670a-bc29-4bfc-b6f4-93c290a4d3ee,2026-07-08T00:30:00Z,2026-07-08T02:30:00+0200,-8.69,EUR/MWh,DK1,DK_1,imbalance_price,Long,2026-07-30T07:28:36Z
2026-07-30T07:25:17Z,2026-07-30T09:25:17+0200,e73b670a-bc29-4bfc-b6f4-93c290a4d3ee,2026-07-08T00:30:00Z,2026-07-08T02:30:00+0200,-8.69,EUR/MWh,DK1,DK_1,imbalance_price,Short,2026-07-30T07:28:36Z
2026-07-30T07:25:17Z,2026-07-30T09:25:17+0200,e73b670a-bc29-4bfc-b6f4-93c290a4d3ee,2026-07-08T00:45:00Z,2026-07-08T02:45:00+0200,-7.43,EUR/MWh,DK1,DK_1,imbalance_price,Long,2026-07-30T07:28:36Z
2026-07-30T07:25:17Z,2026-07-30T09:25:17+0200,e73b670a-bc29-4bfc-b6f4-93c290a4d3ee,2026-07-08T00:45:00Z,2026-07-08T02:45:00+0200,-7.43,EUR/MWh,DK1,DK_1,imbalance_price,Short,2026-07-30T07:28:36Z
2026-07-30T07:25:17Z,2026-07-30T09:25:17+0200,e73b670a-bc29-4bfc-b6f4-93c290a4d3ee,2026-07-08T01:00:00Z,2026-07-08T03:00:00+0200,-8.28,EUR/MWh,DK1,DK_1,imbalance_price,Long,2026-07-30T07:28:36Z
2026-07-30T07:25:17Z,2026-07-30T09:25:17+0200,e73b670a-bc29-4bfc-b6f4-93c290a4d3ee,2026-07-08T01:00:00Z,2026-07-08T03:00:00+0200,-8.28,EUR/MWh,DK1,DK_1,imbalance_price,Short,2026-07-30T07:28:36Z
2026-07-30T07:25:17Z,2026-07-30T09:25:17+0200,e73b670a-bc29-4bfc-b6f4-93c290a4d3ee,2026-07-08T01:15:00Z,2026-07-08T03:15:00+0200,-5.93,EUR/MWh,DK1,DK_1,imbalance_price,Long,2026-07-30T07:28:36Z
2026-07-30T07:25:17Z,2026-07-30T09:25:17+0200,e73b670a-bc29-4bfc-b6f4-93c290a4d3ee,2026-07-08T01:15:00Z,2026-07-08T03:15:00+0200,-5.93,EUR/MWh,DK1,DK_1,imbalance_price,Short,2026-07-30T07:28:36Z
2026-07-30T07:25:17Z,2026-07-30T09:25:17+0200,e73b670a-bc29-4bfc-b6f4-93c290a4d3ee,2026-07-08T01:30:00Z,2026-07-08T03:30:00+0200,-7.67,EUR/MWh,DK1,DK_1,imbalance_price,Long,2026-07-30T07:28:36Z
2026-07-30T07:25:17Z,2026-07-30T09:25:17+0200,e73b670a-bc29-4bfc-b6f4-93c290a4d3ee,2026-07-08T01:30:00Z,2026-07-08T03:30:00+0200,-7.67,EUR/MWh,DK1,DK_1,imbalance_price,Short,2026-07-30T07:28:36Z
2026-07-30T07:25:17Z,2026-07-30T09:25:17+0200,e73b670a-bc29-4bfc-b6f4-93c290a4d3ee,2026-07-08T01:45:00Z,2026-07-08T03:45:00+0200,29.6,EUR/MWh,DK1,DK_1,imbalance_price,Long,2026-07-30T07:28:36Z
2026-07-30T07:25:17Z,2026-07-30T09:25:17+0200,e73b670a-bc29-4bfc-b6f4-93c290a4d3ee,2026-07-08T01:45:00Z,2026-07-08T03:45:00+0200,29.6,EUR/MWh,DK1,DK_1,imbalance_price,Short,2026-07-30T07:28:36Z
2026-07-30T07:25:17Z,2026-07-30T09:25:17+0200,e73b670a-bc29-4bfc-b6f4-93c290a4d3ee,2026-07-08T02:00:00Z,2026-07-08T04:00:00+0200,71.06,EUR/MWh,DK1,DK_1,imbalance_price,Long,2026-07-30T07:28:36Z
2026-07-30T07:25:17Z,2026-07-30T09:25:17+0200,e73b670a-bc29-4bfc-b6f4-93c290a4d3ee,2026-07-08T02:00:00Z,2026-07-08T04:00:00+0200,71.06,EUR/MWh,DK1,DK_1,imbalance_price,Short,2026-07-30T07:28:36Z
2026-07-30T07:25:17Z,2026-07-30T09:25:17+0200,e73b670a-bc29-4bfc-b6f4-93c290a4d3ee,2026-07-08T02:15:00Z,2026-07-08T04:15:00+0200,81.17,EUR/MWh,DK1,DK_1,imbalance_price,Long,2026-07-30T07:28:36Z
2026-07-30T07:25:17Z,2026-07-30T09:25:17+0200,e73b670a-bc29-4bfc-b6f4-93c290a4d3ee,2026-07-08T02:15:00Z,2026-07-08T04:15:00+0200,81.17,EUR/MWh,DK1,DK_1,imbalance_price,Short,2026-07-30T07:28:36Z
2026-07-30T07:25:17Z,2026-07-30T09:25:17+0200,e73b670a-bc29-4bfc-b6f4-93c290a4d3ee,2026-07-08T02:30:00Z,2026-07-08T04:30:00+0200,108.39,EUR/MWh,DK1,DK_1,imbalance_price,Long,2026-07-30T07:28:36Z
2026-07-30T07:25:17Z,2026-07-30T09:25:17+0200,e73b670a-bc29-4bfc-b6f4-93c290a4d3ee,2026-07-08T02:30:00Z,2026-07-08T04:30:00+0200,108.39,EUR/MWh,DK1,DK_1,imbalance_price,Short,2026-07-30T07:28:36Z
2026-07-30T07:25:17Z,2026-07-30T09:25:17+0200,e73b670a-bc29-4bfc-b6f4-93c290a4d3ee,2026-07-08T02:45:00Z,2026-07-08T04:45:00+0200,104.9,EUR/MWh,DK1,DK_1,imbalance_price,Long,2026-07-30T07:28:36Z
2026-07-30T07:25:17Z,2026-07-30T09:25:17+0200,e73b670a-bc29-4bfc-b6f4-93c290a4d3ee,2026-07-08T02:45:00Z,2026-07-08T04:45:00+0200,104.9,EUR/MWh,DK1,DK_1,imbalance_price,Short,2026-07-30T07:28:36Z
2026-07-30T07:25:17Z,2026-07-30T09:25:17+0200,e73b670a-bc29-4bfc-b6f4-93c290a4d3ee,2026-07-08T03:00:00Z,2026-07-08T05:00:00+0200,119.82,EUR/MWh,DK1,DK_1,imbalance_price,Long,2026-07-30T07:28:36Z
2026-07-30T07:25:17Z,2026-07-30T09:25:17+0200,e73b670a-bc29-4bfc-b6f4-93c290a4d3ee,2026-07-08T03:00:00Z,2026-07-08T05:00:00+0200,119.82,EUR/MWh,DK1,DK_1,imbalance_price,Short,2026-07-30T07:28:36Z
2026-07-30T07:25:17Z,2026-07-30T09:25:17+0200,e73b670a-bc29-4bfc-b6f4-93c290a4d3ee,2026-07-08T03:15:00Z,2026-07-08T05:15:00+0200,214.06,EUR/MWh,DK1,DK_1,imbalance_price,Long,2026-07-30T07:28:36Z
2026-07-30T07:25:17Z,2026-07-30T09:25:17+0200,e73b670a-bc29-4bfc-b6f4-93c290a4d3ee,2026-07-08T03:15:00Z,2026-07-08T05:15:00+0200,214.06,EUR/MWh,DK1,DK_1,imbalance_price,Short,2026-07-30T07:28:36Z
2026-07-30T07:25:17Z,2026-07-30T09:25:17+0200,e73b670a-bc29-4bfc-b6f4-93c290a4d3ee,2026-07-08T03:30:00Z,2026-07-08T05:30:00+0200,327.78,EUR/MWh,DK1,DK_1,imbalance_price,Long,2026-07-30T07:28:36Z
2026-07-30T07:25:17Z,2026-07-30T09:25:17+0200,e73b670a-bc29-4bfc-b6f4-93c290a4d3ee,2026-07-08T03:30:00Z,2026-07-08T05:30:00+0200,327.78,EUR/MWh,DK1,DK_1,imbalance_price,Short,2026-07-30T07:28:36Z
2026-07-30T07:25:17Z,2026-07-30T09:25:17+0200,e73b670a-bc29-4bfc-b6f4-93c290a4d3ee,2026-07-08T03:45:00Z,2026-07-08T05:45:00+0200,267.6,EUR/MWh,DK1,DK_1,imbalance_price,Long,2026-07-30T07:28:36Z
2026-07-30T07:25:17Z,2026-07-30T09:25:17+0200,e73b670a-bc29-4bfc-b6f4-93c290a4d3ee,2026-07-08T03:45:00Z,2026-07-08T05:45:00+0200,267.6,EUR/MWh,DK1,DK_1,imbalance_price,Short,2026-07-30T07:28:36Z
2026-07-30T07:25:17Z,2026-07-30T09:25:17+0200,e73b670a-bc29-4bfc-b6f4-93c290a4d3ee,2026-07-08T04:00:00Z,2026-07-08T06:00:00+0200,481.6,EUR/MWh,DK1,DK_1,imbalance_price,Long,2026-07-30T07:28:36Z
2026-07-30T07:25:17Z,2026-07-30T09:25:17+0200,e73b670a-bc29-4bfc-b6f4-93c290a4d3ee,2026-07-08T04:00:00Z,2026-07-08T06:00:00+0200,481.6,EUR/MWh,DK1,DK_1,imbalance_price,Short,2026-07-30T07:28:36Z
2026-07-30T07:25:17Z,2026-07-30T09:25:17+0200,e73b670a-bc29-4bfc-b6f4-93c290a4d3ee,2026-07-08T04:15:00Z,2026-07-08T06:15:00+0200,505.63,EUR/MWh,DK1,DK_1,imbalance_price,Long,2026-07-30T07:28:36Z
2026-07-30T07:25:17Z,2026-07-30T09:25:17+0200,e73b670a-bc29-4bfc-b6f4-93c290a4d3ee,2026-07-08T04:15:00Z,2026-07-08T06:15:00+0200,505.63,EUR/MWh,DK1,DK_1,imbalance_price,Short,2026-07-30T07:28:36Z
2026-07-30T07:25:17Z,2026-07-30T09:25:17+0200,e73b670a-bc29-4bfc-b6f4-93c290a4d3ee,2026-07-08T04:30:00Z,2026-07-08T06:30:00+0200,668.89,EUR/MWh,DK1,DK_1,imbalance_price,Long,2026-07-30T07:28:36Z
2026-07-30T07:25:17Z,2026-07-30T09:25:17+0200,e73b670a-bc29-4bfc-b6f4-93c290a4d3ee,2026-07-08T04:30:00Z,2026-07-08T06:30:00+0200,668.89,EUR/MWh,DK1,DK_1,imbalance_price,Short,2026-07-30T07:28:36Z
2026-07-30T07:25:17Z,2026-07-30T09:25:17+0200,e73b670a-bc29-4bfc-b6f4-93c290a4d3ee,2026-07-08T04:45:00Z,2026-07-08T06:45:00+0200,602.03,EUR/MWh,DK1,DK_1,imbalance_price,Long,2026-07-30T07:28:36Z
2026-07-30T07:25:17Z,2026-07-30T09:25:17+0200,e73b670a-bc29-4bfc-b6f4-93c290a4d3ee,2026-07-08T04:45:00Z,2026-07-08T06:45:00+0200,602.03,EUR/MWh,DK1,DK_1,imbalance_price,Short,2026-07-30T07:28:36Z
2026-07-30T07:25:17Z,2026-07-30T09:25:17+0200,e73b670a-bc29-4bfc-b6f4-93c290a4d3ee,2026-07-08T05:00:00Z,2026-07-08T07:00:00+0200,535.11,EUR/MWh,DK1,DK_1,imbalance_price,Long,2026-07-30T07:28:36Z
2026-07-30T07:25:17Z,2026-07-30T09:25:17+0200,e73b670a-bc29-4bfc-b6f4-93c290a4d3ee,2026-07-08T05:00:00Z,2026-07-08T07:00:00+0200,535.11,EUR/MWh,DK1,DK_1,imbalance_price,Short,2026-07-30T07:28:36Z
2026-07-30T07:25:17Z,2026-07-30T09:25:17+0200,e73b670a-bc29-4bfc-b6f4-93c290a4d3ee,2026-07-08T05:15:00Z,2026-07-08T07:15:00+0200,468.3,EUR/MWh,DK1,DK_1,imbalance_price,Long,2026-07-30T07:28:36Z
2026-07-30T07:25:17Z,2026-07-30T09:25:17+0200,e73b670a-bc29-4bfc-b6f4-93c290a4d3ee,2026-07-08T05:15:00Z,2026-07-08T07:15:00+0200,468.3,EUR/MWh,DK1,DK_1,imbalance_price,Short,2026-07-30T07:28:36Z
2026-07-30T07:25:17Z,2026-07-30T09:25:17+0200,e73b670a-bc29-4bfc-b6f4-93c290a4d3ee,2026-07-08T05:30:00Z,2026-07-08T07:30:00+0200,391.32,EUR/MWh,DK1,DK_1,imbalance_price,Long,2026-07-30T07:28:36Z
2026-07-30T07:25:17Z,2026-07-30T09:25:17+0200,e73b670a-bc29-4bfc-b6f4-93c290a4d3ee,2026-07-08T05:30:00Z,2026-07-08T07:30:00+0200,391.32,EUR/MWh,DK1,DK_1,imbalance_price,Short,2026-07-30T07:28:36Z
2026-07-30T07:25:17Z,2026-07-30T09:25:17+0200,e73b670a-bc29-4bfc-b6f4-93c290a4d3ee,2026-07-08T05:45:00Z,2026-07-08T07:45:00+0200,111.5,EUR/MWh,DK1,DK_1,imbalance_price,Long,2026-07-30T07:28:36Z
2026-07-30T07:25:17Z,2026-07-30T09:25:17+0200,e73b670a-bc29-4bfc-b6f4-93c290a4d3ee,2026-07-08T05:45:00Z,2026-07-08T07:45:00+0200,111.5,EUR/MWh,DK1,DK_1,imbalance_price,Short,2026-07-30T07:28:36Z
2026-07-30T07:25:17Z,2026-07-30T09:25:17+0200,e73b670a-bc29-4bfc-b6f4-93c290a4d3ee,2026-07-08T06:00:00Z,2026-07-08T08:00:00+0200,-28.37,EUR/MWh,DK1,DK_1,imbalance_price,Long,2026-07-30T07:28:36Z
2026-07-30T07:25:17Z,2026-07-30T09:25:17+0200,e73b670a-bc29-4bfc-b6f4-93c290a4d3ee,2026-07-08T06:00:00Z,2026-07-08T08:00:00+0200,-28.37,EUR/MWh,DK1,DK_1,imbalance_price,Short,2026-07-30T07:28:36Z
2026-07-30T07:25:17Z,2026-07-30T09:25:17+0200,e73b670a-bc29-4bfc-b6f4-93c290a4d3ee,2026-07-08T06:15:00Z,2026-07-08T08:15:00+0200,-15.86,EUR/MWh,DK1,DK_1,imbalance_price,Long,2026-07-30T07:28:36Z
2026-07-30T07:25:17Z,2026-07-30T09:25:17+0200,e73b670a-bc29-4bfc-b6f4-93c290a4d3ee,2026-07-08T06:15:00Z,2026-07-08T08:15:00+0200,-15.86,EUR/MWh,DK1,DK_1,imbalance_price,Short,2026-07-30T07:28:36Z
2026-07-30T07:25:17Z,2026-07-30T09:25:17+0200,e73b670a-bc29-4bfc-b6f4-93c290a4d3ee,2026-07-08T06:30:00Z,2026-07-08T08:30:00+0200,-38.16,EUR/MWh,DK1,DK_1,imbalance_price,Long,2026-07-30T07:28:36Z
2026-07-30T07:25:17Z,2026-07-30T09:25:17+0200,e73b670a-bc29-4bfc-b6f4-93c290a4d3ee,2026-07-08T06:30:00Z,2026-07-08T08:30:00+0200,-38.16,EUR/MWh,DK1,DK_1,imbalance_price,Short,2026-07-30T07:28:36Z
2026-07-30T07:25:17Z,2026-07-30T09:25:17+0200,e73b670a-bc29-4bfc-b6f4-93c290a4d3ee,2026-07-08T06:45:00Z,2026-07-08T08:45:00+0200,-20.66,EUR/MWh,DK1,DK_1,imbalance_price,Long,2026-07-30T07:28:36Z
2026-07-30T07:25:17Z,2026-07-30T09:25:17+0200,e73b670a-bc29-4bfc-b6f4-93c290a4d3ee,2026-07-08T06:45:00Z,2026-07-08T08:45:00+0200,-20.66,EUR/MWh,DK1,DK_1,imbalance_price,Short,2026-07-30T07:28:36Z
2026-07-30T07:25:17Z,2026-07-30T09:25:17+0200,e73b670a-bc29-4bfc-b6f4-93c290a4d3ee,2026-07-08T07:00:00Z,2026-07-08T09:00:00+0200,-24.15,EUR/MWh,DK1,DK_1,imbalance_price,Long,2026-07-30T07:28:36Z
2026-07-30T07:25:17Z,2026-07-30T09:25:17+0200,e73b670a-bc29-4bfc-b6f4-93c290a4d3ee,2026-07-08T07:00:00Z,2026-07-08T09:00:00+0200,-24.15,EUR/MWh,DK1,DK_1,imbalance_price,Short,2026-07-30T07:28:36Z
2026-07-30T07:25:17Z,2026-07-30T09:25:17+0200,e73b670a-bc29-4bfc-b6f4-93c290a4d3ee,2026-07-08T07:15:00Z,2026-07-08T09:15:00+0200,-20.6,EUR/MWh,DK1,DK_1,imbalance_price,Long,2026-07-30T07:28:36Z
2026-07-30T07:25:17Z,2026-07-30T09:25:17+0200,e73b670a-bc29-4bfc-b6f4-93c290a4d3ee,2026-07-08T07:15:00Z,2026-07-08T09:15:00+0200,-20.6,EUR/MWh,DK1,DK_1,imbalance_price,Short,2026-07-30T07:28:36Z
2026-07-30T07:25:17Z,2026-07-30T09:25:17+0200,e73b670a-bc29-4bfc-b6f4-93c290a4d3ee,2026-07-08T07:30:00Z,2026-07-08T09:30:00+0200,-15.73,EUR/MWh,DK1,DK_1,imbalance_price,Long,2026-07-30T07:28:36Z
2026-07-30T07:25:17Z,2026-07-30T09:25:17+0200,e73b670a-bc29-4bfc-b6f4-93c290a4d3ee,2026-07-08T07:30:00Z,2026-07-08T09:30:00+0200,-15.73,EUR/MWh,DK1,DK_1,imbalance_price,Short,2026-07-30T07:28:36Z
2026-07-30T07:25:17Z,2026-07-30T09:25:17+0200,e73b670a-bc29-4bfc-b6f4-93c290a4d3ee,2026-07-08T07:45:00Z,2026-07-08T09:45:00+0200,-10.54,EUR/MWh,DK1,DK_1,imbalance_price,Long,2026-07-30T07:28:36Z
2026-07-30T07:25:17Z,2026-07-30T09:25:17+0200,e73b670a-bc29-4bfc-b6f4-93c290a4d3ee,2026-07-08T07:45:00Z,2026-07-08T09:45:00+0200,-10.54,EUR/MWh,DK1,DK_1,imbalance_price,Short,2026-07-30T07:28:36Z
2026-07-30T07:25:17Z,2026-07-30T09:25:17+0200,e73b670a-bc29-4bfc-b6f4-93c290a4d3ee,2026-07-08T08:00:00Z,2026-07-08T10:00:00+0200,-14.4,EUR/MWh,DK1,DK_1,imbalance_price,Long,2026-07-30T07:28:36Z
2026-07-30T07:25:17Z,2026-07-30T09:25:17+0200,e73b670a-bc29-4bfc-b6f4-93c290a4d3ee,2026-07-08T08:00:00Z,2026-07-08T10:00:00+0200,-14.4,EUR/MWh,DK1,DK_1,imbalance_price,Short,2026-07-30T07:28:36Z
2026-07-30T07:25:17Z,2026-07-30T09:25:17+0200,e73b670a-bc29-4bfc-b6f4-93c290a4d3ee,2026-07-08T08:15:00Z,2026-07-08T10:15:00+0200,-19.47,EUR/MWh,DK1,DK_1,imbalance_price,Long,2026-07-30T07:28:36Z
2026-07-30T07:25:17Z,2026-07-30T09:25:17+0200,e73b670a-bc29-4bfc-b6f4-93c290a4d3ee,2026-07-08T08:15:00Z,2026-07-08T10:15:00+0200,-19.47,EUR/MWh,DK1,DK_1,imbalance_price,Short,2026-07-30T07:28:36Z
2026-07-30T07:25:17Z,2026-07-30T09:25:17+0200,e73b670a-bc29-4bfc-b6f4-93c290a4d3ee,2026-07-08T08:30:00Z,2026-07-08T10:30:00+0200,-14.8,EUR/MWh,DK1,DK_1,imbalance_price,Long,2026-07-30T07:28:36Z
2026-07-30T07:25:17Z,2026-07-30T09:25:17+0200,e73b670a-bc29-4bfc-b6f4-93c290a4d3ee,2026-07-08T08:30:00Z,2026-07-08T10:30:00+0200,-14.8,EUR/MWh,DK1,DK_1,imbalance_price,Short,2026-07-30T07:28:36Z
2026-07-30T07:25:17Z,2026-07-30T09:25:17+0200,e73b670a-bc29-4bfc-b6f4-93c290a4d3ee,2026-07-08T08:45:00Z,2026-07-08T10:45:00+0200,-14.87,EUR/MWh,DK1,DK_1,imbalance_price,Long,2026-07-30T07:28:36Z
2026-07-30T07:25:17Z,2026-07-30T09:25:17+0200,e73b670a-bc29-4bfc-b6f4-93c290a4d3ee,2026-07-08T08:45:00Z,2026-07-08T10:45:00+0200,-14.87,EUR/MWh,DK1,DK_1,imbalance_price,Short,2026-07-30T07:28:36Z
2026-07-30T07:25:17Z,2026-07-30T09:25:17+0200,e73b670a-bc29-4bfc-b6f4-93c290a4d3ee,2026-07-08T09:00:00Z,2026-07-08T11:00:00+0200,-2.99,EUR/MWh,DK1,DK_1,imbalance_price,Long,2026-07-30T07:28:36Z
2026-07-30T07:25:17Z,2026-07-30T09:25:17+0200,e73b670a-bc29-4bfc-b6f4-93c290a4d3ee,2026-07-08T09:00:00Z,2026-07-08T11:00:00+0200,-2.99,EUR/MWh,DK1,DK_1,imbalance_price,Short,2026-07-30T07:28:36Z
2026-07-30T07:25:17Z,2026-07-30T09:25:17+0200,e73b670a-bc29-4bfc-b6f4-93c290a4d3ee,2026-07-08T09:15:00Z,2026-07-08T11:15:00+0200,-2.0,EUR/MWh,DK1,DK_1,imbalance_price,Long,2026-07-30T07:28:36Z
2026-07-30T07:25:17Z,2026-07-30T09:25:17+0200,e73b670a-bc29-4bfc-b6f4-93c290a4d3ee,2026-07-08T09:15:00Z,2026-07-08T11:15:00+0200,-2.0,EUR/MWh,DK1,DK_1,imbalance_price,Short,2026-07-30T07:28:36Z
2026-07-30T07:25:17Z,2026-07-30T09:25:17+0200,e73b670a-bc29-4bfc-b6f4-93c290a4d3ee,2026-07-08T09:30:00Z,2026-07-08T11:30:00+0200,-2.0,EUR/MWh,DK1,DK_1,imbalance_price,Long,2026-07-30T07:28:36Z
2026-07-30T07:25:17Z,2026-07-30T09:25:17+0200,e73b670a-bc29-4bfc-b6f4-93c290a4d3ee,2026-07-08T09:30:00Z,2026-07-08T11:30:00+0200,-2.0,EUR/MWh,DK1,DK_1,imbalance_price,Short,2026-07-30T07:28:36Z
2026-07-30T07:25:17Z,2026-07-30T09:25:17+0200,e73b670a-bc29-4bfc-b6f4-93c290a4d3ee,2026-07-08T09:45:00Z,2026-07-08T11:45:00+0200,-5.0,EUR/MWh,DK1,DK_1,imbalance_price,Long,2026-07-30T07:28:36Z
2026-07-30T07:25:17Z,2026-07-30T09:25:17+0200,e73b670a-bc29-4bfc-b6f4-93c290a4d3ee,2026-07-08T09:45:00Z,2026-07-08T11:45:00+0200,-5.0,EUR/MWh,DK1,DK_1,imbalance_price,Short,2026-07-30T07:28:36Z
2026-07-30T07:25:17Z,2026-07-30T09:25:17+0200,e73b670a-bc29-4bfc-b6f4-93c290a4d3ee,2026-07-08T10:00:00Z,2026-07-08T12:00:00+0200,54.26,EUR/MWh,DK1,DK_1,imbalance_price,Long,2026-07-30T07:28:36Z
2026-07-30T07:25:17Z,2026-07-30T09:25:17+0200,e73b670a-bc29-4bfc-b6f4-93c290a4d3ee,2026-07-08T10:00:00Z,2026-07-08T12:00:00+0200,54.26,EUR/MWh,DK1,DK_1,imbalance_price,Short,2026-07-30T07:28:36Z
2026-07-30T07:25:17Z,2026-07-30T09:25:17+0200,e73b670a-bc29-4bfc-b6f4-93c290a4d3ee,2026-07-08T10:15:00Z,2026-07-08T12:15:00+0200,55.41,EUR/MWh,DK1,DK_1,imbalance_price,Long,2026-07-30T07:28:36Z
2026-07-30T07:25:17Z,2026-07-30T09:25:17+0200,e73b670a-bc29-4bfc-b6f4-93c290a4d3ee,2026-07-08T10:15:00Z,2026-07-08T12:15:00+0200,55.41,EUR/MWh,DK1,DK_1,imbalance_price,Short,2026-07-30T07:28:36Z
2026-07-30T07:25:17Z,2026-07-30T09:25:17+0200,e73b670a-bc29-4bfc-b6f4-93c290a4d3ee,2026-07-08T10:30:00Z,2026-07-08T12:30:00+0200,-5.95,EUR/MWh,DK1,DK_1,imbalance_price,Long,2026-07-30T07:28:36Z
2026-07-30T07:25:17Z,2026-07-30T09:25:17+0200,e73b670a-bc29-4bfc-b6f4-93c290a4d3ee,2026-07-08T10:30:00Z,2026-07-08T12:30:00+0200,-5.95,EUR/MWh,DK1,DK_1,imbalance_price,Short,2026-07-30T07:28:36Z
2026-07-30T07:25:17Z,2026-07-30T09:25:17+0200,e73b670a-bc29-4bfc-b6f4-93c290a4d3ee,2026-07-08T10:45:00Z,2026-07-08T12:45:00+0200,35.78,EUR/MWh,DK1,DK_1,imbalance_price,Long,2026-07-30T07:28:36Z
2026-07-30T07:25:17Z,2026-07-30T09:25:17+0200,e73b670a-bc29-4bfc-b6f4-93c290a4d3ee,2026-07-08T10:45:00Z,2026-07-08T12:45:00+0200,35.78,EUR/MWh,DK1,DK_1,imbalance_price,Short,2026-07-30T07:28:36Z
2026-07-30T07:25:17Z,2026-07-30T09:25:17+0200,e73b670a-bc29-4bfc-b6f4-93c290a4d3ee,2026-07-08T11:00:00Z,2026-07-08T13:00:00+0200,35.56,EUR/MWh,DK1,DK_1,imbalance_price,Long,2026-07-30T07:28:36Z
2026-07-30T07:25:17Z,2026-07-30T09:25:17+0200,e73b670a-bc29-4bfc-b6f4-93c290a4d3ee,2026-07-08T11:00:00Z,2026-07-08T13:00:00+0200,35.56,EUR/MWh,DK1,DK_1,imbalance_price,Short,2026-07-30T07:28:36Z
2026-07-30T07:25:17Z,2026-07-30T09:25:17+0200,e73b670a-bc29-4bfc-b6f4-93c290a4d3ee,2026-07-08T11:15:00Z,2026-07-08T13:15:00+0200,-19.53,EUR/MWh,DK1,DK_1,imbalance_price,Long,2026-07-30T07:28:36Z
2026-07-30T07:25:17Z,2026-07-30T09:25:17+0200,e73b670a-bc29-4bfc-b6f4-93c290a4d3ee,2026-07-08T11:15:00Z,2026-07-08T13:15:00+0200,-19.53,EUR/MWh,DK1,DK_1,imbalance_price,Short,2026-07-30T07:28:36Z
2026-07-30T07:25:17Z,2026-07-30T09:25:17+0200,e73b670a-bc29-4bfc-b6f4-93c290a4d3ee,2026-07-08T11:30:00Z,2026-07-08T13:30:00+0200,-21.11,EUR/MWh,DK1,DK_1,imbalance_price,Long,2026-07-30T07:28:36Z
2026-07-30T07:25:17Z,2026-07-30T09:25:17+0200,e73b670a-bc29-4bfc-b6f4-93c290a4d3ee,2026-07-08T11:30:00Z,2026-07-08T13:30:00+0200,-21.11,EUR/MWh,DK1,DK_1,imbalance_price,Short,2026-07-30T07:28:36Z
2026-07-30T07:25:17Z,2026-07-30T09:25:17+0200,e73b670a-bc29-4bfc-b6f4-93c290a4d3ee,2026-07-08T11:45:00Z,2026-07-08T13:45:00+0200,-14.92,EUR/MWh,DK1,DK_1,imbalance_price,Long,2026-07-30T07:28:36Z
2026-07-30T07:25:17Z,2026-07-30T09:25:17+0200,e73b670a-bc29-4bfc-b6f4-93c290a4d3ee,2026-07-08T11:45:00Z,2026-07-08T13:45:00+0200,-14.92,EUR/MWh,DK1,DK_1,imbalance_price,Short,2026-07-30T07:28:36Z
2026-07-30T07:25:17Z,2026-07-30T09:25:17+0200,e73b670a-bc29-4bfc-b6f4-93c290a4d3ee,2026-07-08T12:00:00Z,2026-07-08T14:00:00+0200,-14.73,EUR/MWh,DK1,DK_1,imbalance_price,Long,2026-07-30T07:28:36Z
2026-07-30T07:25:17Z,2026-07-30T09:25:17+0200,e73b670a-bc29-4bfc-b6f4-93c290a4d3ee,2026-07-08T12:00:00Z,2026-07-08T14:00:00+0200,-14.73,EUR/MWh,DK1,DK_1,imbalance_price,Short,2026-07-30T07:28:36Z
2026-07-30T07:25:17Z,2026-07-30T09:25:17+0200,e73b670a-bc29-4bfc-b6f4-93c290a4d3ee,2026-07-08T12:15:00Z,2026-07-08T14:15:00+0200,-5.0,EUR/MWh,DK1,DK_1,imbalance_price,Long,2026-07-30T07:28:36Z
2026-07-30T07:25:17Z,2026-07-30T09:25:17+0200,e73b670a-bc29-4bfc-b6f4-93c290a4d3ee,2026-07-08T12:15:00Z,2026-07-08T14:15:00+0200,-5.0,EUR/MWh,DK1,DK_1,imbalance_price,Short,2026-07-30T07:28:36Z
2026-07-30T07:25:17Z,2026-07-30T09:25:17+0200,e73b670a-bc29-4bfc-b6f4-93c290a4d3ee,2026-07-08T12:30:00Z,2026-07-08T14:30:00+0200,-48.61,EUR/MWh,DK1,DK_1,imbalance_price,Long,2026-07-30T07:28:36Z
2026-07-30T07:25:17Z,2026-07-30T09:25:17+0200,e73b670a-bc29-4bfc-b6f4-93c290a4d3ee,2026-07-08T12:30:00Z,2026-07-08T14:30:00+0200,-48.61,EUR/MWh,DK1,DK_1,imbalance_price,Short,2026-07-30T07:28:36Z
2026-07-30T07:25:17Z,2026-07-30T09:25:17+0200,e73b670a-bc29-4bfc-b6f4-93c290a4d3ee,2026-07-08T12:45:00Z,2026-07-08T14:45:00+0200,-14.79,EUR/MWh,DK1,DK_1,imbalance_price,Long,2026-07-30T07:28:36Z
2026-07-30T07:25:17Z,2026-07-30T09:25:17+0200,e73b670a-bc29-4bfc-b6f4-93c290a4d3ee,2026-07-08T12:45:00Z,2026-07-08T14:45:00+0200,-14.79,EUR/MWh,DK1,DK_1,imbalance_price,Short,2026-07-30T07:28:36Z
2026-07-30T07:25:17Z,2026-07-30T09:25:17+0200,e73b670a-bc29-4bfc-b6f4-93c290a4d3ee,2026-07-08T13:00:00Z,2026-07-08T15:00:00+0200,-6.69,EUR/MWh,DK1,DK_1,imbalance_price,Long,2026-07-30T07:28:36Z
2026-07-30T07:25:17Z,2026-07-30T09:25:17+0200,e73b670a-bc29-4bfc-b6f4-93c290a4d3ee,2026-07-08T13:00:00Z,2026-07-08T15:00:00+0200,-6.69,EUR/MWh,DK1,DK_1,imbalance_price,Short,2026-07-30T07:28:36Z
2026-07-30T07:25:17Z,2026-07-30T09:25:17+0200,e73b670a-bc29-4bfc-b6f4-93c290a4d3ee,2026-07-08T13:15:00Z,2026-07-08T15:15:00+0200,-6.69,EUR/MWh,DK1,DK_1,imbalance_price,Long,2026-07-30T07:28:36Z
2026-07-30T07:25:17Z,2026-07-30T09:25:17+0200,e73b670a-bc29-4bfc-b6f4-93c290a4d3ee,2026-07-08T13:15:00Z,2026-07-08T15:15:00+0200,-6.69,EUR/MWh,DK1,DK_1,imbalance_price,Short,2026-07-30T07:28:36Z
2026-07-30T07:25:17Z,2026-07-30T09:25:17+0200,e73b670a-bc29-4bfc-b6f4-93c290a4d3ee,2026-07-08T13:30:00Z,2026-07-08T15:30:00+0200,-22.62,EUR/MWh,DK1,DK_1,imbalance_price,Long,2026-07-30T07:28:36Z
2026-07-30T07:25:17Z,2026-07-30T09:25:17+0200,e73b670a-bc29-4bfc-b6f4-93c290a4d3ee,2026-07-08T13:30:00Z,2026-07-08T15:30:00+0200,-22.62,EUR/MWh,DK1,DK_1,imbalance_price,Short,2026-07-30T07:28:36Z
2026-07-30T07:25:17Z,2026-07-30T09:25:17+0200,e73b670a-bc29-4bfc-b6f4-93c290a4d3ee,2026-07-08T13:45:00Z,2026-07-08T15:45:00+0200,-49.15,EUR/MWh,DK1,DK_1,imbalance_price,Long,2026-07-30T07:28:36Z
2026-07-30T07:25:17Z,2026-07-30T09:25:17+0200,e73b670a-bc29-4bfc-b6f4-93c290a4d3ee,2026-07-08T13:45:00Z,2026-07-08T15:45:00+0200,-49.15,EUR/MWh,DK1,DK_1,imbalance_price,Short,2026-07-30T07:28:36Z
2026-07-30T07:25:17Z,2026-07-30T09:25:17+0200,e73b670a-bc29-4bfc-b6f4-93c290a4d3ee,2026-07-08T14:00:00Z,2026-07-08T16:00:00+0200,-10.53,EUR/MWh,DK1,DK_1,imbalance_price,Long,2026-07-30T07:28:36Z
2026-07-30T07:25:17Z,2026-07-30T09:25:17+0200,e73b670a-bc29-4bfc-b6f4-93c290a4d3ee,2026-07-08T14:00:00Z,2026-07-08T16:00:00+0200,-10.53,EUR/MWh,DK1,DK_1,imbalance_price,Short,2026-07-30T07:28:36Z
2026-07-30T07:25:17Z,2026-07-30T09:25:17+0200,e73b670a-bc29-4bfc-b6f4-93c290a4d3ee,2026-07-08T14:15:00Z,2026-07-08T16:15:00+0200,-43.73,EUR/MWh,DK1,DK_1,imbalance_price,Long,2026-07-30T07:28:36Z
2026-07-30T07:25:17Z,2026-07-30T09:25:17+0200,e73b670a-bc29-4bfc-b6f4-93c290a4d3ee,2026-07-08T14:15:00Z,2026-07-08T16:15:00+0200,-43.73,EUR/MWh,DK1,DK_1,imbalance_price,Short,2026-07-30T07:28:36Z
2026-07-30T07:25:17Z,2026-07-30T09:25:17+0200,e73b670a-bc29-4bfc-b6f4-93c290a4d3ee,2026-07-08T14:30:00Z,2026-07-08T16:30:00+0200,-132.1,EUR/MWh,DK1,DK_1,imbalance_price,Long,2026-07-30T07:28:36Z
2026-07-30T07:25:17Z,2026-07-30T09:25:17+0200,e73b670a-bc29-4bfc-b6f4-93c290a4d3ee,2026-07-08T14:30:00Z,2026-07-08T16:30:00+0200,-132.1,EUR/MWh,DK1,DK_1,imbalance_price,Short,2026-07-30T07:28:36Z
2026-07-30T07:25:17Z,2026-07-30T09:25:17+0200,e73b670a-bc29-4bfc-b6f4-93c290a4d3ee,2026-07-08T14:45:00Z,2026-07-08T16:45:00+0200,-24.97,EUR/MWh,DK1,DK_1,imbalance_price,Long,2026-07-30T07:28:36Z
2026-07-30T07:25:17Z,2026-07-30T09:25:17+0200,e73b670a-bc29-4bfc-b6f4-93c290a4d3ee,2026-07-08T14:45:00Z,2026-07-08T16:45:00+0200,-24.97,EUR/MWh,DK1,DK_1,imbalance_price,Short,2026-07-30T07:28:36Z
2026-07-30T07:25:17Z,2026-07-30T09:25:17+0200,e73b670a-bc29-4bfc-b6f4-93c290a4d3ee,2026-07-08T15:00:00Z,2026-07-08T17:00:00+0200,-6.68,EUR/MWh,DK1,DK_1,imbalance_price,Long,2026-07-30T07:28:36Z
2026-07-30T07:25:17Z,2026-07-30T09:25:17+0200,e73b670a-bc29-4bfc-b6f4-93c290a4d3ee,2026-07-08T15:00:00Z,2026-07-08T17:00:00+0200,-6.68,EUR/MWh,DK1,DK_1,imbalance_price,Short,2026-07-30T07:28:36Z
2026-07-30T07:25:17Z,2026-07-30T09:25:17+0200,e73b670a-bc29-4bfc-b6f4-93c290a4d3ee,2026-07-08T15:15:00Z,2026-07-08T17:15:00+0200,-85.02,EUR/MWh,DK1,DK_1,imbalance_price,Long,2026-07-30T07:28:36Z
2026-07-30T07:25:17Z,2026-07-30T09:25:17+0200,e73b670a-bc29-4bfc-b6f4-93c290a4d3ee,2026-07-08T15:15:00Z,2026-07-08T17:15:00+0200,-85.02,EUR/MWh,DK1,DK_1,imbalance_price,Short,2026-07-30T07:28:36Z
2026-07-30T07:25:17Z,2026-07-30T09:25:17+0200,e73b670a-bc29-4bfc-b6f4-93c290a4d3ee,2026-07-08T15:30:00Z,2026-07-08T17:30:00+0200,-40.94,EUR/MWh,DK1,DK_1,imbalance_price,Long,2026-07-30T07:28:36Z
2026-07-30T07:25:17Z,2026-07-30T09:25:17+0200,e73b670a-bc29-4bfc-b6f4-93c290a4d3ee,2026-07-08T15:30:00Z,2026-07-08T17:30:00+0200,-40.94,EUR/MWh,DK1,DK_1,imbalance_price,Short,2026-07-30T07:28:36Z
2026-07-30T07:25:17Z,2026-07-30T09:25:17+0200,e73b670a-bc29-4bfc-b6f4-93c290a4d3ee,2026-07-08T15:45:00Z,2026-07-08T17:45:00+0200,-7.05,EUR/MWh,DK1,DK_1,imbalance_price,Long,2026-07-30T07:28:36Z
2026-07-30T07:25:17Z,2026-07-30T09:25:17+0200,e73b670a-bc29-4bfc-b6f4-93c290a4d3ee,2026-07-08T15:45:00Z,2026-07-08T17:45:00+0200,-7.05,EUR/MWh,DK1,DK_1,imbalance_price,Short,2026-07-30T07:28:36Z
2026-07-30T07:25:17Z,2026-07-30T09:25:17+0200,e73b670a-bc29-4bfc-b6f4-93c290a4d3ee,2026-07-08T16:00:00Z,2026-07-08T18:00:00+0200,-17.27,EUR/MWh,DK1,DK_1,imbalance_price,Long,2026-07-30T07:28:36Z
2026-07-30T07:25:17Z,2026-07-30T09:25:17+0200,e73b670a-bc29-4bfc-b6f4-93c290a4d3ee,2026-07-08T16:00:00Z,2026-07-08T18:00:00+0200,-17.27,EUR/MWh,DK1,DK_1,imbalance_price,Short,2026-07-30T07:28:36Z
2026-07-30T07:25:17Z,2026-07-30T09:25:17+0200,e73b670a-bc29-4bfc-b6f4-93c290a4d3ee,2026-07-08T16:15:00Z,2026-07-08T18:15:00+0200,-19.19,EUR/MWh,DK1,DK_1,imbalance_price,Long,2026-07-30T07:28:36Z
2026-07-30T07:25:17Z,2026-07-30T09:25:17+0200,e73b670a-bc29-4bfc-b6f4-93c290a4d3ee,2026-07-08T16:15:00Z,2026-07-08T18:15:00+0200,-19.19,EUR/MWh,DK1,DK_1,imbalance_price,Short,2026-07-30T07:28:36Z
2026-07-30T07:25:17Z,2026-07-30T09:25:17+0200,e73b670a-bc29-4bfc-b6f4-93c290a4d3ee,2026-07-08T16:30:00Z,2026-07-08T18:30:00+0200,110.27,EUR/MWh,DK1,DK_1,imbalance_price,Long,2026-07-30T07:28:36Z
2026-07-30T07:25:17Z,2026-07-30T09:25:17+0200,e73b670a-bc29-4bfc-b6f4-93c290a4d3ee,2026-07-08T16:30:00Z,2026-07-08T18:30:00+0200,110.27,EUR/MWh,DK1,DK_1,imbalance_price,Short,2026-07-30T07:28:36Z
2026-07-30T07:25:17Z,2026-07-30T09:25:17+0200,e73b670a-bc29-4bfc-b6f4-93c290a4d3ee,2026-07-08T16:45:00Z,2026-07-08T18:45:00+0200,107.93,EUR/MWh,DK1,DK_1,imbalance_price,Long,2026-07-30T07:28:36Z
2026-07-30T07:25:17Z,2026-07-30T09:25:17+0200,e73b670a-bc29-4bfc-b6f4-93c290a4d3ee,2026-07-08T16:45:00Z,2026-07-08T18:45:00+0200,107.93,EUR/MWh,DK1,DK_1,imbalance_price,Short,2026-07-30T07:28:36Z
2026-07-30T07:25:17Z,2026-07-30T09:25:17+0200,e73b670a-bc29-4bfc-b6f4-93c290a4d3ee,2026-07-08T17:00:00Z,2026-07-08T19:00:00+0200,198.49,EUR/MWh,DK1,DK_1,imbalance_price,Long,2026-07-30T07:28:36Z
2026-07-30T07:25:17Z,2026-07-30T09:25:17+0200,e73b670a-bc29-4bfc-b6f4-93c290a4d3ee,2026-07-08T17:00:00Z,2026-07-08T19:00:00+0200,198.49,EUR/MWh,DK1,DK_1,imbalance_price,Short,2026-07-30T07:28:36Z
2026-07-30T07:25:17Z,2026-07-30T09:25:17+0200,e73b670a-bc29-4bfc-b6f4-93c290a4d3ee,2026-07-08T17:15:00Z,2026-07-08T19:15:00+0200,121.52,EUR/MWh,DK1,DK_1,imbalance_price,Long,2026-07-30T07:28:36Z
2026-07-30T07:25:17Z,2026-07-30T09:25:17+0200,e73b670a-bc29-4bfc-b6f4-93c290a4d3ee,2026-07-08T17:15:00Z,2026-07-08T19:15:00+0200,121.52,EUR/MWh,DK1,DK_1,imbalance_price,Short,2026-07-30T07:28:36Z
2026-07-30T07:25:17Z,2026-07-30T09:25:17+0200,e73b670a-bc29-4bfc-b6f4-93c290a4d3ee,2026-07-08T17:30:00Z,2026-07-08T19:30:00+0200,3.77,EUR/MWh,DK1,DK_1,imbalance_price,Long,2026-07-30T07:28:36Z
2026-07-30T07:25:17Z,2026-07-30T09:25:17+0200,e73b670a-bc29-4bfc-b6f4-93c290a4d3ee,2026-07-08T17:30:00Z,2026-07-08T19:30:00+0200,3.77,EUR/MWh,DK1,DK_1,imbalance_price,Short,2026-07-30T07:28:36Z
2026-07-30T07:25:17Z,2026-07-30T09:25:17+0200,e73b670a-bc29-4bfc-b6f4-93c290a4d3ee,2026-07-08T17:45:00Z,2026-07-08T19:45:00+0200,74.18,EUR/MWh,DK1,DK_1,imbalance_price,Long,2026-07-30T07:28:36Z
2026-07-30T07:25:17Z,2026-07-30T09:25:17+0200,e73b670a-bc29-4bfc-b6f4-93c290a4d3ee,2026-07-08T17:45:00Z,2026-07-08T19:45:00+0200,74.18,EUR/MWh,DK1,DK_1,imbalance_price,Short,2026-07-30T07:28:36Z
2026-07-30T07:25:17Z,2026-07-30T09:25:17+0200,e73b670a-bc29-4bfc-b6f4-93c290a4d3ee,2026-07-08T18:00:00Z,2026-07-08T20:00:00+0200,83.88,EUR/MWh,DK1,DK_1,imbalance_price,Long,2026-07-30T07:28:36Z
2026-07-30T07:25:17Z,2026-07-30T09:25:17+0200,e73b670a-bc29-4bfc-b6f4-93c290a4d3ee,2026-07-08T18:00:00Z,2026-07-08T20:00:00+0200,83.88,EUR/MWh,DK1,DK_1,imbalance_price,Short,2026-07-30T07:28:36Z
2026-07-30T07:25:17Z,2026-07-30T09:25:17+0200,e73b670a-bc29-4bfc-b6f4-93c290a4d3ee,2026-07-08T18:15:00Z,2026-07-08T20:15:00+0200,28.17,EUR/MWh,DK1,DK_1,imbalance_price,Long,2026-07-30T07:28:36Z
2026-07-30T07:25:17Z,2026-07-30T09:25:17+0200,e73b670a-bc29-4bfc-b6f4-93c290a4d3ee,2026-07-08T18:15:00Z,2026-07-08T20:15:00+0200,28.17,EUR/MWh,DK1,DK_1,imbalance_price,Short,2026-07-30T07:28:36Z
2026-07-30T07:25:17Z,2026-07-30T09:25:17+0200,e73b670a-bc29-4bfc-b6f4-93c290a4d3ee,2026-07-08T18:30:00Z,2026-07-08T20:30:00+0200,76.52,EUR/MWh,DK1,DK_1,imbalance_price,Long,2026-07-30T07:28:36Z
2026-07-30T07:25:17Z,2026-07-30T09:25:17+0200,e73b670a-bc29-4bfc-b6f4-93c290a4d3ee,2026-07-08T18:30:00Z,2026-07-08T20:30:00+0200,76.52,EUR/MWh,DK1,DK_1,imbalance_price,Short,2026-07-30T07:28:36Z
2026-07-30T07:25:17Z,2026-07-30T09:25:17+0200,e73b670a-bc29-4bfc-b6f4-93c290a4d3ee,2026-07-08T18:45:00Z,2026-07-08T20:45:00+0200,165.75,EUR/MWh,DK1,DK_1,imbalance_price,Long,2026-07-30T07:28:36Z
2026-07-30T07:25:17Z,2026-07-30T09:25:17+0200,e73b670a-bc29-4bfc-b6f4-93c290a4d3ee,2026-07-08T18:45:00Z,2026-07-08T20:45:00+0200,165.75,EUR/MWh,DK1,DK_1,imbalance_price,Short,2026-07-30T07:28:36Z
2026-07-30T07:25:17Z,2026-07-30T09:25:17+0200,e73b670a-bc29-4bfc-b6f4-93c290a4d3ee,2026-07-08T19:00:00Z,2026-07-08T21:00:00+0200,267.6,EUR/MWh,DK1,DK_1,imbalance_price,Long,2026-07-30T07:28:36Z
2026-07-30T07:25:17Z,2026-07-30T09:25:17+0200,e73b670a-bc29-4bfc-b6f4-93c290a4d3ee,2026-07-08T19:00:00Z,2026-07-08T21:00:00+0200,267.6,EUR/MWh,DK1,DK_1,imbalance_price,Short,2026-07-30T07:28:36Z
2026-07-30T07:25:17Z,2026-07-30T09:25:17+0200,e73b670a-bc29-4bfc-b6f4-93c290a4d3ee,2026-07-08T19:15:00Z,2026-07-08T21:15:00+0200,97.97,EUR/MWh,DK1,DK_1,imbalance_price,Long,2026-07-30T07:28:36Z
2026-07-30T07:25:17Z,2026-07-30T09:25:17+0200,e73b670a-bc29-4bfc-b6f4-93c290a4d3ee,2026-07-08T19:15:00Z,2026-07-08T21:15:00+0200,97.97,EUR/MWh,DK1,DK_1,imbalance_price,Short,2026-07-30T07:28:36Z
2026-07-30T07:25:17Z,2026-07-30T09:25:17+0200,e73b670a-bc29-4bfc-b6f4-93c290a4d3ee,2026-07-08T19:30:00Z,2026-07-08T21:30:00+0200,85.65,EUR/MWh,DK1,DK_1,imbalance_price,Long,2026-07-30T07:28:36Z
2026-07-30T07:25:17Z,2026-07-30T09:25:17+0200,e73b670a-bc29-4bfc-b6f4-93c290a4d3ee,2026-07-08T19:30:00Z,2026-07-08T21:30:00+0200,85.65,EUR/MWh,DK1,DK_1,imbalance_price,Short,2026-07-30T07:28:36Z
2026-07-30T07:25:17Z,2026-07-30T09:25:17+0200,e73b670a-bc29-4bfc-b6f4-93c290a4d3ee,2026-07-08T19:45:00Z,2026-07-08T21:45:00+0200,83.88,EUR/MWh,DK1,DK_1,imbalance_price,Long,2026-07-30T07:28:36Z
2026-07-30T07:25:17Z,2026-07-30T09:25:17+0200,e73b670a-bc29-4bfc-b6f4-93c290a4d3ee,2026-07-08T19:45:00Z,2026-07-08T21:45:00+0200,83.88,EUR/MWh,DK1,DK_1,imbalance_price,Short,2026-07-30T07:28:36Z
2026-07-30T07:25:17Z,2026-07-30T09:25:17+0200,e73b670a-bc29-4bfc-b6f4-93c290a4d3ee,2026-07-08T20:00:00Z,2026-07-08T22:00:00+0200,167.11,EUR/MWh,DK1,DK_1,imbalance_price,Long,2026-07-30T07:28:36Z
2026-07-30T07:25:17Z,2026-07-30T09:25:17+0200,e73b670a-bc29-4bfc-b6f4-93c290a4d3ee,2026-07-08T20:00:00Z,2026-07-08T22:00:00+0200,167.11,EUR/MWh,DK1,DK_1,imbalance_price,Short,2026-07-30T07:28:36Z
2026-07-30T07:25:17Z,2026-07-30T09:25:17+0200,e73b670a-bc29-4bfc-b6f4-93c290a4d3ee,2026-07-08T20:15:00Z,2026-07-08T22:15:00+0200,163.15,EUR/MWh,DK1,DK_1,imbalance_price,Long,2026-07-30T07:28:36Z
2026-07-30T07:25:17Z,2026-07-30T09:25:17+0200,e73b670a-bc29-4bfc-b6f4-93c290a4d3ee,2026-07-08T20:15:00Z,2026-07-08T22:15:00+0200,163.15,EUR/MWh,DK1,DK_1,imbalance_price,Short,2026-07-30T07:28:36Z
2026-07-30T07:25:17Z,2026-07-30T09:25:17+0200,e73b670a-bc29-4bfc-b6f4-93c290a4d3ee,2026-07-08T20:30:00Z,2026-07-08T22:30:00+0200,28.89,EUR/MWh,DK1,DK_1,imbalance_price,Long,2026-07-30T07:28:36Z
2026-07-30T07:25:17Z,2026-07-30T09:25:17+0200,e73b670a-bc29-4bfc-b6f4-93c290a4d3ee,2026-07-08T20:30:00Z,2026-07-08T22:30:00+0200,28.89,EUR/MWh,DK1,DK_1,imbalance_price,Short,2026-07-30T07:28:36Z
2026-07-30T07:25:17Z,2026-07-30T09:25:17+0200,e73b670a-bc29-4bfc-b6f4-93c290a4d3ee,2026-07-08T20:45:00Z,2026-07-08T22:45:00+0200,48.81,EUR/MWh,DK1,DK_1,imbalance_price,Long,2026-07-30T07:28:36Z
2026-07-30T07:25:17Z,2026-07-30T09:25:17+0200,e73b670a-bc29-4bfc-b6f4-93c290a4d3ee,2026-07-08T20:45:00Z,2026-07-08T22:45:00+0200,48.81,EUR/MWh,DK1,DK_1,imbalance_price,Short,2026-07-30T07:28:36Z
2026-07-30T07:25:17Z,2026-07-30T09:25:17+0200,e73b670a-bc29-4bfc-b6f4-93c290a4d3ee,2026-07-08T21:00:00Z,2026-07-08T23:00:00+0200,28.27,EUR/MWh,DK1,DK_1,imbalance_price,Long,2026-07-30T07:28:36Z
2026-07-30T07:25:17Z,2026-07-30T09:25:17+0200,e73b670a-bc29-4bfc-b6f4-93c290a4d3ee,2026-07-08T21:00:00Z,2026-07-08T23:00:00+0200,28.27,EUR/MWh,DK1,DK_1,imbalance_price,Short,2026-07-30T07:28:36Z
2026-07-30T07:25:17Z,2026-07-30T09:25:17+0200,e73b670a-bc29-4bfc-b6f4-93c290a4d3ee,2026-07-08T21:15:00Z,2026-07-08T23:15:00+0200,10.78,EUR/MWh,DK1,DK_1,imbalance_price,Long,2026-07-30T07:28:36Z
2026-07-30T07:25:17Z,2026-07-30T09:25:17+0200,e73b670a-bc29-4bfc-b6f4-93c290a4d3ee,2026-07-08T21:15:00Z,2026-07-08T23:15:00+0200,10.78,EUR/MWh,DK1,DK_1,imbalance_price,Short,2026-07-30T07:28:36Z
2026-07-30T07:25:17Z,2026-07-30T09:25:17+0200,e73b670a-bc29-4bfc-b6f4-93c290a4d3ee,2026-07-08T21:30:00Z,2026-07-08T23:30:00+0200,140.77,EUR/MWh,DK1,DK_1,imbalance_price,Long,2026-07-30T07:28:36Z
2026-07-30T07:25:17Z,2026-07-30T09:25:17+0200,e73b670a-bc29-4bfc-b6f4-93c290a4d3ee,2026-07-08T21:30:00Z,2026-07-08T23:30:00+0200,140.77,EUR/MWh,DK1,DK_1,imbalance_price,Short,2026-07-30T07:28:36Z
2026-07-30T07:25:17Z,2026-07-30T09:25:17+0200,e73b670a-bc29-4bfc-b6f4-93c290a4d3ee,2026-07-08T21:45:00Z,2026-07-08T23:45:00+0200,135.32,EUR/MWh,DK1,DK_1,imbalance_price,Long,2026-07-30T07:28:36Z
2026-07-30T07:25:17Z,2026-07-30T09:25:17+0200,e73b670a-bc29-4bfc-b6f4-93c290a4d3ee,2026-07-08T21:45:00Z,2026-07-08T23:45:00+0200,135.32,EUR/MWh,DK1,DK_1,imbalance_price,Short,2026-07-30T07:28:36Z
2026-07-30T07:25:17Z,2026-07-30T09:25:17+0200,e73b670a-bc29-4bfc-b6f4-93c290a4d3ee,2026-07-08T22:00:00Z,2026-07-09T00:00:00+0200,1.18,EUR/MWh,DK1,DK_1,imbalance_price,Long,2026-07-30T07:28:36Z
2026-07-30T07:25:17Z,2026-07-30T09:25:17+0200,e73b670a-bc29-4bfc-b6f4-93c290a4d3ee,2026-07-08T22:00:00Z,2026-07-09T00:00:00+0200,1.18,EUR/MWh,DK1,DK_1,imbalance_price,Short,2026-07-30T07:28:36Z
2026-07-30T07:25:17Z,2026-07-30T09:25:17+0200,e73b670a-bc29-4bfc-b6f4-93c290a4d3ee,2026-07-08T22:15:00Z,2026-07-09T00:15:00+0200,85.89,EUR/MWh,DK1,DK_1,imbalance_price,Long,2026-07-30T07:28:36Z
2026-07-30T07:25:17Z,2026-07-30T09:25:17+0200,e73b670a-bc29-4bfc-b6f4-93c290a4d3ee,2026-07-08T22:15:00Z,2026-07-09T00:15:00+0200,85.89,EUR/MWh,DK1,DK_1,imbalance_price,Short,2026-07-30T07:28:36Z
2026-07-30T07:25:17Z,2026-07-30T09:25:17+0200,e73b670a-bc29-4bfc-b6f4-93c290a4d3ee,2026-07-08T22:30:00Z,2026-07-09T00:30:00+0200,80.24,EUR/MWh,DK1,DK_1,imbalance_price,Long,2026-07-30T07:28:36Z
2026-07-30T07:25:17Z,2026-07-30T09:25:17+0200,e73b670a-bc29-4bfc-b6f4-93c290a4d3ee,2026-07-08T22:30:00Z,2026-07-09T00:30:00+0200,80.24,EUR/MWh,DK1,DK_1,imbalance_price,Short,2026-07-30T07:28:36Z
2026-07-30T07:25:17Z,2026-07-30T09:25:17+0200,e73b670a-bc29-4bfc-b6f4-93c290a4d3ee,2026-07-08T22:45:00Z,2026-07-09T00:45:00+0200,86.09,EUR/MWh,DK1,DK_1,imbalance_price,Long,2026-07-30T07:28:36Z
2026-07-30T07:25:17Z,2026-07-30T09:25:17+0200,e73b670a-bc29-4bfc-b6f4-93c290a4d3ee,2026-07-08T22:45:00Z,2026-07-09T00:45:00+0200,86.09,EUR/MWh,DK1,DK_1,imbalance_price,Short,2026-07-30T07:28:36Z
2026-07-30T07:25:17Z,2026-07-30T09:25:17+0200,e73b670a-bc29-4bfc-b6f4-93c290a4d3ee,2026-07-08T23:00:00Z,2026-07-09T01:00:00+0200,103.54,EUR/MWh,DK1,DK_1,imbalance_price,Long,2026-07-30T07:28:36Z
2026-07-30T07:25:17Z,2026-07-30T09:25:17+0200,e73b670a-bc29-4bfc-b6f4-93c290a4d3ee,2026-07-08T23:00:00Z,2026-07-09T01:00:00+0200,103.54,EUR/MWh,DK1,DK_1,imbalance_price,Short,2026-07-30T07:28:36Z
2026-07-30T07:25:17Z,2026-07-30T09:25:17+0200,e73b670a-bc29-4bfc-b6f4-93c290a4d3ee,2026-07-08T23:15:00Z,2026-07-09T01:15:00+0200,146.34,EUR/MWh,DK1,DK_1,imbalance_price,Long,2026-07-30T07:28:36Z
2026-07-30T07:25:17Z,2026-07-30T09:25:17+0200,e73b670a-bc29-4bfc-b6f4-93c290a4d3ee,2026-07-08T23:15:00Z,2026-07-09T01:15:00+0200,146.34,EUR/MWh,DK1,DK_1,imbalance_price,Short,2026-07-30T07:28:36Z
2026-07-30T07:25:17Z,2026-07-30T09:25:17+0200,e73b670a-bc29-4bfc-b6f4-93c290a4d3ee,2026-07-08T23:30:00Z,2026-07-09T01:30:00+0200,161.1,EUR/MWh,DK1,DK_1,imbalance_price,Long,2026-07-30T07:28:36Z
2026-07-30T07:25:17Z,2026-07-30T09:25:17+0200,e73b670a-bc29-4bfc-b6f4-93c290a4d3ee,2026-07-08T23:30:00Z,2026-07-09T01:30:00+0200,161.1,EUR/MWh,DK1,DK_1,imbalance_price,Short,2026-07-30T07:28:36Z
2026-07-30T07:25:17Z,2026-07-30T09:25:17+0200,e73b670a-bc29-4bfc-b6f4-93c290a4d3ee,2026-07-08T23:45:00Z,2026-07-09T01:45:00+0200,128.47,EUR/MWh,DK1,DK_1,imbalance_price,Long,2026-07-30T07:28:36Z
2026-07-30T07:25:17Z,2026-07-30T09:25:17+0200,e73b670a-bc29-4bfc-b6f4-93c290a4d3ee,2026-07-08T23:45:00Z,2026-07-09T01:45:00+0200,128.47,EUR/MWh,DK1,DK_1,imbalance_price,Short,2026-07-30T07:28:36Z
2026-07-30T07:25:17Z,2026-07-30T09:25:17+0200,e73b670a-bc29-4bfc-b6f4-93c290a4d3ee,2026-07-09T00:00:00Z,2026-07-09T02:00:00+0200,-7.98,EUR/MWh,DK1,DK_1,imbalance_price,Long,2026-07-30T07:28:36Z
2026-07-30T07:25:17Z,2026-07-30T09:25:17+0200,e73b670a-bc29-4bfc-b6f4-93c290a4d3ee,2026-07-09T00:00:00Z,2026-07-09T02:00:00+0200,-7.98,EUR/MWh,DK1,DK_1,imbalance_price,Short,2026-07-30T07:28:36Z
2026-07-30T07:25:17Z,2026-07-30T09:25:17+0200,e73b670a-bc29-4bfc-b6f4-93c290a4d3ee,2026-07-09T00:15:00Z,2026-07-09T02:15:00+0200,54.81,EUR/MWh,DK1,DK_1,imbalance_price,Long,2026-07-30T07:28:36Z
2026-07-30T07:25:17Z,2026-07-30T09:25:17+0200,e73b670a-bc29-4bfc-b6f4-93c290a4d3ee,2026-07-09T00:15:00Z,2026-07-09T02:15:00+0200,54.81,EUR/MWh,DK1,DK_1,imbalance_price,Short,2026-07-30T07:28:36Z
2026-07-30T07:25:17Z,2026-07-30T09:25:17+0200,e73b670a-bc29-4bfc-b6f4-93c290a4d3ee,2026-07-09T00:30:00Z,2026-07-09T02:30:00+0200,16.7,EUR/MWh,DK1,DK_1,imbalance_price,Long,2026-07-30T07:28:36Z
2026-07-30T07:25:17Z,2026-07-30T09:25:17+0200,e73b670a-bc29-4bfc-b6f4-93c290a4d3ee,2026-07-09T00:30:00Z,2026-07-09T02:30:00+0200,16.7,EUR/MWh,DK1,DK_1,imbalance_price,Short,2026-07-30T07:28:36Z
2026-07-30T07:25:17Z,2026-07-30T09:25:17+0200,e73b670a-bc29-4bfc-b6f4-93c290a4d3ee,2026-07-09T00:45:00Z,2026-07-09T02:45:00+0200,-15.3,EUR/MWh,DK1,DK_1,imbalance_price,Long,2026-07-30T07:28:36Z
2026-07-30T07:25:17Z,2026-07-30T09:25:17+0200,e73b670a-bc29-4bfc-b6f4-93c290a4d3ee,2026-07-09T00:45:00Z,2026-07-09T02:45:00+0200,-15.3,EUR/MWh,DK1,DK_1,imbalance_price,Short,2026-07-30T07:28:36Z
2026-07-30T07:25:17Z,2026-07-30T09:25:17+0200,e73b670a-bc29-4bfc-b6f4-93c290a4d3ee,2026-07-09T01:00:00Z,2026-07-09T03:00:00+0200,74.16,EUR/MWh,DK1,DK_1,imbalance_price,Long,2026-07-30T07:28:36Z
2026-07-30T07:25:17Z,2026-07-30T09:25:17+0200,e73b670a-bc29-4bfc-b6f4-93c290a4d3ee,2026-07-09T01:00:00Z,2026-07-09T03:00:00+0200,74.16,EUR/MWh,DK1,DK_1,imbalance_price,Short,2026-07-30T07:28:36Z
2026-07-30T07:25:17Z,2026-07-30T09:25:17+0200,e73b670a-bc29-4bfc-b6f4-93c290a4d3ee,2026-07-09T01:15:00Z,2026-07-09T03:15:00+0200,86.09,EUR/MWh,DK1,DK_1,imbalance_price,Long,2026-07-30T07:28:36Z
2026-07-30T07:25:17Z,2026-07-30T09:25:17+0200,e73b670a-bc29-4bfc-b6f4-93c290a4d3ee,2026-07-09T01:15:00Z,2026-07-09T03:15:00+0200,86.09,EUR/MWh,DK1,DK_1,imbalance_price,Short,2026-07-30T07:28:36Z
2026-07-30T07:25:17Z,2026-07-30T09:25:17+0200,e73b670a-bc29-4bfc-b6f4-93c290a4d3ee,2026-07-09T01:30:00Z,2026-07-09T03:30:00+0200,78.33,EUR/MWh,DK1,DK_1,imbalance_price,Long,2026-07-30T07:28:36Z
2026-07-30T07:25:17Z,2026-07-30T09:25:17+0200,e73b670a-bc29-4bfc-b6f4-93c290a4d3ee,2026-07-09T01:30:00Z,2026-07-09T03:30:00+0200,78.33,EUR/MWh,DK1,DK_1,imbalance_price,Short,2026-07-30T07:28:36Z
2026-07-30T07:25:17Z,2026-07-30T09:25:17+0200,e73b670a-bc29-4bfc-b6f4-93c290a4d3ee,2026-07-09T01:45:00Z,2026-07-09T03:45:00+0200,37.8,EUR/MWh,DK1,DK_1,imbalance_price,Long,2026-07-30T07:28:36Z
2026-07-30T07:25:17Z,2026-07-30T09:25:17+0200,e73b670a-bc29-4bfc-b6f4-93c290a4d3ee,2026-07-09T01:45:00Z,2026-07-09T03:45:00+0200,37.8,EUR/MWh,DK1,DK_1,imbalance_price,Short,2026-07-30T07:28:36Z
2026-07-30T07:25:17Z,2026-07-30T09:25:17+0200,e73b670a-bc29-4bfc-b6f4-93c290a4d3ee,2026-07-09T02:00:00Z,2026-07-09T04:00:00+0200,86.08,EUR/MWh,DK1,DK_1,imbalance_price,Long,2026-07-30T07:28:36Z
2026-07-30T07:25:17Z,2026-07-30T09:25:17+0200,e73b670a-bc29-4bfc-b6f4-93c290a4d3ee,2026-07-09T02:00:00Z,2026-07-09T04:00:00+0200,86.08,EUR/MWh,DK1,DK_1,imbalance_price,Short,2026-07-30T07:28:36Z
2026-07-30T07:25:17Z,2026-07-30T09:25:17+0200,e73b670a-bc29-4bfc-b6f4-93c290a4d3ee,2026-07-09T02:15:00Z,2026-07-09T04:15:00+0200,86.09,EUR/MWh,DK1,DK_1,imbalance_price,Long,2026-07-30T07:28:36Z
2026-07-30T07:25:17Z,2026-07-30T09:25:17+0200,e73b670a-bc29-4bfc-b6f4-93c290a4d3ee,2026-07-09T02:15:00Z,2026-07-09T04:15:00+0200,86.09,EUR/MWh,DK1,DK_1,imbalance_price,Short,2026-07-30T07:28:36Z
2026-07-30T07:25:17Z,2026-07-30T09:25:17+0200,e73b670a-bc29-4bfc-b6f4-93c290a4d3ee,2026-07-09T02:30:00Z,2026-07-09T04:30:00+0200,126.2,EUR/MWh,DK1,DK_1,imbalance_price,Long,2026-07-30T07:28:36Z
2026-07-30T07:25:17Z,2026-07-30T09:25:17+0200,e73b670a-bc29-4bfc-b6f4-93c290a4d3ee,2026-07-09T02:30:00Z,2026-07-09T04:30:00+0200,126.2,EUR/MWh,DK1,DK_1,imbalance_price,Short,2026-07-30T07:28:36Z
2026-07-30T07:25:17Z,2026-07-30T09:25:17+0200,e73b670a-bc29-4bfc-b6f4-93c290a4d3ee,2026-07-09T02:45:00Z,2026-07-09T04:45:00+0200,173.6,EUR/MWh,DK1,DK_1,imbalance_price,Long,2026-07-30T07:28:36Z
2026-07-30T07:25:17Z,2026-07-30T09:25:17+0200,e73b670a-bc29-4bfc-b6f4-93c290a4d3ee,2026-07-09T02:45:00Z,2026-07-09T04:45:00+0200,173.6,EUR/MWh,DK1,DK_1,imbalance_price,Short,2026-07-30T07:28:36Z
2026-07-30T07:25:17Z,2026-07-30T09:25:17+0200,e73b670a-bc29-4bfc-b6f4-93c290a4d3ee,2026-07-09T03:00:00Z,2026-07-09T05:00:00+0200,170.12,EUR/MWh,DK1,DK_1,imbalance_price,Long,2026-07-30T07:28:36Z
2026-07-30T07:25:17Z,2026-07-30T09:25:17+0200,e73b670a-bc29-4bfc-b6f4-93c290a4d3ee,2026-07-09T03:00:00Z,2026-07-09T05:00:00+0200,170.12,EUR/MWh,DK1,DK_1,imbalance_price,Short,2026-07-30T07:28:36Z
2026-07-30T07:25:17Z,2026-07-30T09:25:17+0200,e73b670a-bc29-4bfc-b6f4-93c290a4d3ee,2026-07-09T03:15:00Z,2026-07-09T05:15:00+0200,131.66,EUR/MWh,DK1,DK_1,imbalance_price,Long,2026-07-30T07:28:36Z
2026-07-30T07:25:17Z,2026-07-30T09:25:17+0200,e73b670a-bc29-4bfc-b6f4-93c290a4d3ee,2026-07-09T03:15:00Z,2026-07-09T05:15:00+0200,131.66,EUR/MWh,DK1,DK_1,imbalance_price,Short,2026-07-30T07:28:36Z
2026-07-30T07:25:17Z,2026-07-30T09:25:17+0200,e73b670a-bc29-4bfc-b6f4-93c290a4d3ee,2026-07-09T03:30:00Z,2026-07-09T05:30:00+0200,135.0,EUR/MWh,DK1,DK_1,imbalance_price,Long,2026-07-30T07:28:36Z
2026-07-30T07:25:17Z,2026-07-30T09:25:17+0200,e73b670a-bc29-4bfc-b6f4-93c290a4d3ee,2026-07-09T03:30:00Z,2026-07-09T05:30:00+0200,135.0,EUR/MWh,DK1,DK_1,imbalance_price,Short,2026-07-30T07:28:36Z
2026-07-30T07:25:17Z,2026-07-30T09:25:17+0200,e73b670a-bc29-4bfc-b6f4-93c290a4d3ee,2026-07-09T03:45:00Z,2026-07-09T05:45:00+0200,86.09,EUR/MWh,DK1,DK_1,imbalance_price,Long,2026-07-30T07:28:36Z
2026-07-30T07:25:17Z,2026-07-30T09:25:17+0200,e73b670a-bc29-4bfc-b6f4-93c290a4d3ee,2026-07-09T03:45:00Z,2026-07-09T05:45:00+0200,86.09,EUR/MWh,DK1,DK_1,imbalance_price,Short,2026-07-30T07:28:36Z
2026-07-30T07:25:17Z,2026-07-30T09:25:17+0200,e73b670a-bc29-4bfc-b6f4-93c290a4d3ee,2026-07-09T04:00:00Z,2026-07-09T06:00:00+0200,86.09,EUR/MWh,DK1,DK_1,imbalance_price,Long,2026-07-30T07:28:36Z
2026-07-30T07:25:17Z,2026-07-30T09:25:17+0200,e73b670a-bc29-4bfc-b6f4-93c290a4d3ee,2026-07-09T04:00:00Z,2026-07-09T06:00:00+0200,86.09,EUR/MWh,DK1,DK_1,imbalance_price,Short,2026-07-30T07:28:36Z
2026-07-30T07:25:17Z,2026-07-30T09:25:17+0200,e73b670a-bc29-4bfc-b6f4-93c290a4d3ee,2026-07-09T04:15:00Z,2026-07-09T06:15:00+0200,86.09,EUR/MWh,DK1,DK_1,imbalance_price,Long,2026-07-30T07:28:36Z
2026-07-30T07:25:17Z,2026-07-30T09:25:17+0200,e73b670a-bc29-4bfc-b6f4-93c290a4d3ee,2026-07-09T04:15:00Z,2026-07-09T06:15:00+0200,86.09,EUR/MWh,DK1,DK_1,imbalance_price,Short,2026-07-30T07:28:36Z
2026-07-30T07:25:17Z,2026-07-30T09:25:17+0200,e73b670a-bc29-4bfc-b6f4-93c290a4d3ee,2026-07-09T04:30:00Z,2026-07-09T06:30:00+0200,86.09,EUR/MWh,DK1,DK_1,imbalance_price,Long,2026-07-30T07:28:36Z
2026-07-30T07:25:17Z,2026-07-30T09:25:17+0200,e73b670a-bc29-4bfc-b6f4-93c290a4d3ee,2026-07-09T04:30:00Z,2026-07-09T06:30:00+0200,86.09,EUR/MWh,DK1,DK_1,imbalance_price,Short,2026-07-30T07:28:36Z
2026-07-30T07:25:17Z,2026-07-30T09:25:17+0200,e73b670a-bc29-4bfc-b6f4-93c290a4d3ee,2026-07-09T04:45:00Z,2026-07-09T06:45:00+0200,86.09,EUR/MWh,DK1,DK_1,imbalance_price,Long,2026-07-30T07:28:36Z
2026-07-30T07:25:17Z,2026-07-30T09:25:17+0200,e73b670a-bc29-4bfc-b6f4-93c290a4d3ee,2026-07-09T04:45:00Z,2026-07-09T06:45:00+0200,86.09,EUR/MWh,DK1,DK_1,imbalance_price,Short,2026-07-30T07:28:36Z
2026-07-30T07:25:17Z,2026-07-30T09:25:17+0200,e73b670a-bc29-4bfc-b6f4-93c290a4d3ee,2026-07-09T05:00:00Z,2026-07-09T07:00:00+0200,70.61,EUR/MWh,DK1,DK_1,imbalance_price,Long,2026-07-30T07:28:36Z
2026-07-30T07:25:17Z,2026-07-30T09:25:17+0200,e73b670a-bc29-4bfc-b6f4-93c290a4d3ee,2026-07-09T05:00:00Z,2026-07-09T07:00:00+0200,70.61,EUR/MWh,DK1,DK_1,imbalance_price,Short,2026-07-30T07:28:36Z
2026-07-30T07:25:17Z,2026-07-30T09:25:17+0200,e73b670a-bc29-4bfc-b6f4-93c290a4d3ee,2026-07-09T05:15:00Z,2026-07-09T07:15:00+0200,294.36,EUR/MWh,DK1,DK_1,imbalance_price,Long,2026-07-30T07:28:36Z
2026-07-30T07:25:17Z,2026-07-30T09:25:17+0200,e73b670a-bc29-4bfc-b6f4-93c290a4d3ee,2026-07-09T05:15:00Z,2026-07-09T07:15:00+0200,294.36,EUR/MWh,DK1,DK_1,imbalance_price,Short,2026-07-30T07:28:36Z
2026-07-30T07:25:17Z,2026-07-30T09:25:17+0200,e73b670a-bc29-4bfc-b6f4-93c290a4d3ee,2026-07-09T05:30:00Z,2026-07-09T07:30:00+0200,143.06,EUR/MWh,DK1,DK_1,imbalance_price,Long,2026-07-30T07:28:36Z
2026-07-30T07:25:17Z,2026-07-30T09:25:17+0200,e73b670a-bc29-4bfc-b6f4-93c290a4d3ee,2026-07-09T05:30:00Z,2026-07-09T07:30:00+0200,143.06,EUR/MWh,DK1,DK_1,imbalance_price,Short,2026-07-30T07:28:36Z
2026-07-30T07:25:17Z,2026-07-30T09:25:17+0200,e73b670a-bc29-4bfc-b6f4-93c290a4d3ee,2026-07-09T05:45:00Z,2026-07-09T07:45:00+0200,131.82,EUR/MWh,DK1,DK_1,imbalance_price,Long,2026-07-30T07:28:36Z
2026-07-30T07:25:17Z,2026-07-30T09:25:17+0200,e73b670a-bc29-4bfc-b6f4-93c290a4d3ee,2026-07-09T05:45:00Z,2026-07-09T07:45:00+0200,131.82,EUR/MWh,DK1,DK_1,imbalance_price,Short,2026-07-30T07:28:36Z
2026-07-30T07:25:17Z,2026-07-30T09:25:17+0200,e73b670a-bc29-4bfc-b6f4-93c290a4d3ee,2026-07-09T06:00:00Z,2026-07-09T08:00:00+0200,85.41,EUR/MWh,DK1,DK_1,imbalance_price,Long,2026-07-30T07:28:36Z
2026-07-30T07:25:17Z,2026-07-30T09:25:17+0200,e73b670a-bc29-4bfc-b6f4-93c290a4d3ee,2026-07-09T06:00:00Z,2026-07-09T08:00:00+0200,85.41,EUR/MWh,DK1,DK_1,imbalance_price,Short,2026-07-30T07:28:36Z
2026-07-30T07:25:17Z,2026-07-30T09:25:17+0200,e73b670a-bc29-4bfc-b6f4-93c290a4d3ee,2026-07-09T06:15:00Z,2026-07-09T08:15:00+0200,108.95,EUR/MWh,DK1,DK_1,imbalance_price,Long,2026-07-30T07:28:36Z
2026-07-30T07:25:17Z,2026-07-30T09:25:17+0200,e73b670a-bc29-4bfc-b6f4-93c290a4d3ee,2026-07-09T06:15:00Z,2026-07-09T08:15:00+0200,108.95,EUR/MWh,DK1,DK_1,imbalance_price,Short,2026-07-30T07:28:36Z
2026-07-30T07:25:17Z,2026-07-30T09:25:17+0200,e73b670a-bc29-4bfc-b6f4-93c290a4d3ee,2026-07-09T06:30:00Z,2026-07-09T08:30:00+0200,107.99,EUR/MWh,DK1,DK_1,imbalance_price,Long,2026-07-30T07:28:36Z
2026-07-30T07:25:17Z,2026-07-30T09:25:17+0200,e73b670a-bc29-4bfc-b6f4-93c290a4d3ee,2026-07-09T06:30:00Z,2026-07-09T08:30:00+0200,107.99,EUR/MWh,DK1,DK_1,imbalance_price,Short,2026-07-30T07:28:36Z
2026-07-30T07:25:17Z,2026-07-30T09:25:17+0200,e73b670a-bc29-4bfc-b6f4-93c290a4d3ee,2026-07-09T06:45:00Z,2026-07-09T08:45:00+0200,213.92,EUR/MWh,DK1,DK_1,imbalance_price,Long,2026-07-30T07:28:36Z
2026-07-30T07:25:17Z,2026-07-30T09:25:17+0200,e73b670a-bc29-4bfc-b6f4-93c290a4d3ee,2026-07-09T06:45:00Z,2026-07-09T08:45:00+0200,213.92,EUR/MWh,DK1,DK_1,imbalance_price,Short,2026-07-30T07:28:36Z
2026-07-30T07:25:17Z,2026-07-30T09:25:17+0200,e73b670a-bc29-4bfc-b6f4-93c290a4d3ee,2026-07-09T07:00:00Z,2026-07-09T09:00:00+0200,267.56,EUR/MWh,DK1,DK_1,imbalance_price,Long,2026-07-30T07:28:36Z
2026-07-30T07:25:17Z,2026-07-30T09:25:17+0200,e73b670a-bc29-4bfc-b6f4-93c290a4d3ee,2026-07-09T07:00:00Z,2026-07-09T09:00:00+0200,267.56,EUR/MWh,DK1,DK_1,imbalance_price,Short,2026-07-30T07:28:36Z
2026-07-30T07:25:17Z,2026-07-30T09:25:17+0200,e73b670a-bc29-4bfc-b6f4-93c290a4d3ee,2026-07-09T07:15:00Z,2026-07-09T09:15:00+0200,167.23,EUR/MWh,DK1,DK_1,imbalance_price,Long,2026-07-30T07:28:36Z
2026-07-30T07:25:17Z,2026-07-30T09:25:17+0200,e73b670a-bc29-4bfc-b6f4-93c290a4d3ee,2026-07-09T07:15:00Z,2026-07-09T09:15:00+0200,167.23,EUR/MWh,DK1,DK_1,imbalance_price,Short,2026-07-30T07:28:36Z
2026-07-30T07:25:17Z,2026-07-30T09:25:17+0200,e73b670a-bc29-4bfc-b6f4-93c290a4d3ee,2026-07-09T07:30:00Z,2026-07-09T09:30:00+0200,153.72,EUR/MWh,DK1,DK_1,imbalance_price,Long,2026-07-30T07:28:36Z
2026-07-30T07:25:17Z,2026-07-30T09:25:17+0200,e73b670a-bc29-4bfc-b6f4-93c290a4d3ee,2026-07-09T07:30:00Z,2026-07-09T09:30:00+0200,153.72,EUR/MWh,DK1,DK_1,imbalance_price,Short,2026-07-30T07:28:36Z
2026-07-30T07:25:17Z,2026-07-30T09:25:17+0200,e73b670a-bc29-4bfc-b6f4-93c290a4d3ee,2026-07-09T07:45:00Z,2026-07-09T09:45:00+0200,125.19,EUR/MWh,DK1,DK_1,imbalance_price,Long,2026-07-30T07:28:36Z
2026-07-30T07:25:17Z,2026-07-30T09:25:17+0200,e73b670a-bc29-4bfc-b6f4-93c290a4d3ee,2026-07-09T07:45:00Z,2026-07-09T09:45:00+0200,125.19,EUR/MWh,DK1,DK_1,imbalance_price,Short,2026-07-30T07:28:36Z
2026-07-30T07:25:17Z,2026-07-30T09:25:17+0200,e73b670a-bc29-4bfc-b6f4-93c290a4d3ee,2026-07-09T08:00:00Z,2026-07-09T10:00:00+0200,162.68,EUR/MWh,DK1,DK_1,imbalance_price,Long,2026-07-30T07:28:36Z
2026-07-30T07:25:17Z,2026-07-30T09:25:17+0200,e73b670a-bc29-4bfc-b6f4-93c290a4d3ee,2026-07-09T08:00:00Z,2026-07-09T10:00:00+0200,162.68,EUR/MWh,DK1,DK_1,imbalance_price,Short,2026-07-30T07:28:36Z
2026-07-30T07:25:17Z,2026-07-30T09:25:17+0200,e73b670a-bc29-4bfc-b6f4-93c290a4d3ee,2026-07-09T08:15:00Z,2026-07-09T10:15:00+0200,209.74,EUR/MWh,DK1,DK_1,imbalance_price,Long,2026-07-30T07:28:36Z
2026-07-30T07:25:17Z,2026-07-30T09:25:17+0200,e73b670a-bc29-4bfc-b6f4-93c290a4d3ee,2026-07-09T08:15:00Z,2026-07-09T10:15:00+0200,209.74,EUR/MWh,DK1,DK_1,imbalance_price,Short,2026-07-30T07:28:36Z
2026-07-30T07:25:17Z,2026-07-30T09:25:17+0200,e73b670a-bc29-4bfc-b6f4-93c290a4d3ee,2026-07-09T08:30:00Z,2026-07-09T10:30:00+0200,100.82,EUR/MWh,DK1,DK_1,imbalance_price,Long,2026-07-30T07:28:36Z
2026-07-30T07:25:17Z,2026-07-30T09:25:17+0200,e73b670a-bc29-4bfc-b6f4-93c290a4d3ee,2026-07-09T08:30:00Z,2026-07-09T10:30:00+0200,100.82,EUR/MWh,DK1,DK_1,imbalance_price,Short,2026-07-30T07:28:36Z
2026-07-30T07:25:17Z,2026-07-30T09:25:17+0200,e73b670a-bc29-4bfc-b6f4-93c290a4d3ee,2026-07-09T08:45:00Z,2026-07-09T10:45:00+0200,88.81,EUR/MWh,DK1,DK_1,imbalance_price,Long,2026-07-30T07:28:36Z
2026-07-30T07:25:17Z,2026-07-30T09:25:17+0200,e73b670a-bc29-4bfc-b6f4-93c290a4d3ee,2026-07-09T08:45:00Z,2026-07-09T10:45:00+0200,88.81,EUR/MWh,DK1,DK_1,imbalance_price,Short,2026-07-30T07:28:36Z
2026-07-30T07:25:17Z,2026-07-30T09:25:17+0200,e73b670a-bc29-4bfc-b6f4-93c290a4d3ee,2026-07-09T09:00:00Z,2026-07-09T11:00:00+0200,104.93,EUR/MWh,DK1,DK_1,imbalance_price,Long,2026-07-30T07:28:36Z
2026-07-30T07:25:17Z,2026-07-30T09:25:17+0200,e73b670a-bc29-4bfc-b6f4-93c290a4d3ee,2026-07-09T09:00:00Z,2026-07-09T11:00:00+0200,104.93,EUR/MWh,DK1,DK_1,imbalance_price,Short,2026-07-30T07:28:36Z
2026-07-30T07:25:17Z,2026-07-30T09:25:17+0200,e73b670a-bc29-4bfc-b6f4-93c290a4d3ee,2026-07-09T09:15:00Z,2026-07-09T11:15:00+0200,157.94,EUR/MWh,DK1,DK_1,imbalance_price,Long,2026-07-30T07:28:36Z
2026-07-30T07:25:17Z,2026-07-30T09:25:17+0200,e73b670a-bc29-4bfc-b6f4-93c290a4d3ee,2026-07-09T09:15:00Z,2026-07-09T11:15:00+0200,157.94,EUR/MWh,DK1,DK_1,imbalance_price,Short,2026-07-30T07:28:36Z
2026-07-30T07:25:17Z,2026-07-30T09:25:17+0200,e73b670a-bc29-4bfc-b6f4-93c290a4d3ee,2026-07-09T09:30:00Z,2026-07-09T11:30:00+0200,82.7,EUR/MWh,DK1,DK_1,imbalance_price,Long,2026-07-30T07:28:36Z
2026-07-30T07:25:17Z,2026-07-30T09:25:17+0200,e73b670a-bc29-4bfc-b6f4-93c290a4d3ee,2026-07-09T09:30:00Z,2026-07-09T11:30:00+0200,82.7,EUR/MWh,DK1,DK_1,imbalance_price,Short,2026-07-30T07:28:36Z
2026-07-30T07:25:17Z,2026-07-30T09:25:17+0200,e73b670a-bc29-4bfc-b6f4-93c290a4d3ee,2026-07-09T09:45:00Z,2026-07-09T11:45:00+0200,157.66,EUR/MWh,DK1,DK_1,imbalance_price,Long,2026-07-30T07:28:36Z
2026-07-30T07:25:17Z,2026-07-30T09:25:17+0200,e73b670a-bc29-4bfc-b6f4-93c290a4d3ee,2026-07-09T09:45:00Z,2026-07-09T11:45:00+0200,157.66,EUR/MWh,DK1,DK_1,imbalance_price,Short,2026-07-30T07:28:36Z
2026-07-30T07:25:17Z,2026-07-30T09:25:17+0200,e73b670a-bc29-4bfc-b6f4-93c290a4d3ee,2026-07-09T10:00:00Z,2026-07-09T12:00:00+0200,86.41,EUR/MWh,DK1,DK_1,imbalance_price,Long,2026-07-30T07:28:36Z
2026-07-30T07:25:17Z,2026-07-30T09:25:17+0200,e73b670a-bc29-4bfc-b6f4-93c290a4d3ee,2026-07-09T10:00:00Z,2026-07-09T12:00:00+0200,86.41,EUR/MWh,DK1,DK_1,imbalance_price,Short,2026-07-30T07:28:36Z
2026-07-30T07:25:17Z,2026-07-30T09:25:17+0200,e73b670a-bc29-4bfc-b6f4-93c290a4d3ee,2026-07-09T10:15:00Z,2026-07-09T12:15:00+0200,26.03,EUR/MWh,DK1,DK_1,imbalance_price,Long,2026-07-30T07:28:36Z
2026-07-30T07:25:17Z,2026-07-30T09:25:17+0200,e73b670a-bc29-4bfc-b6f4-93c290a4d3ee,2026-07-09T10:15:00Z,2026-07-09T12:15:00+0200,26.03,EUR/MWh,DK1,DK_1,imbalance_price,Short,2026-07-30T07:28:36Z
2026-07-30T07:25:17Z,2026-07-30T09:25:17+0200,e73b670a-bc29-4bfc-b6f4-93c290a4d3ee,2026-07-09T10:30:00Z,2026-07-09T12:30:00+0200,78.6,EUR/MWh,DK1,DK_1,imbalance_price,Long,2026-07-30T07:28:36Z
2026-07-30T07:25:17Z,2026-07-30T09:25:17+0200,e73b670a-bc29-4bfc-b6f4-93c290a4d3ee,2026-07-09T10:30:00Z,2026-07-09T12:30:00+0200,78.6,EUR/MWh,DK1,DK_1,imbalance_price,Short,2026-07-30T07:28:36Z
2026-07-30T07:25:17Z,2026-07-30T09:25:17+0200,e73b670a-bc29-4bfc-b6f4-93c290a4d3ee,2026-07-09T10:45:00Z,2026-07-09T12:45:00+0200,90.39,EUR/MWh,DK1,DK_1,imbalance_price,Long,2026-07-30T07:28:36Z
2026-07-30T07:25:17Z,2026-07-30T09:25:17+0200,e73b670a-bc29-4bfc-b6f4-93c290a4d3ee,2026-07-09T10:45:00Z,2026-07-09T12:45:00+0200,90.39,EUR/MWh,DK1,DK_1,imbalance_price,Short,2026-07-30T07:28:36Z
2026-07-30T07:25:17Z,2026-07-30T09:25:17+0200,e73b670a-bc29-4bfc-b6f4-93c290a4d3ee,2026-07-09T11:00:00Z,2026-07-09T13:00:00+0200,74.57,EUR/MWh,DK1,DK_1,imbalance_price,Long,2026-07-30T07:28:36Z
2026-07-30T07:25:17Z,2026-07-30T09:25:17+0200,e73b670a-bc29-4bfc-b6f4-93c290a4d3ee,2026-07-09T11:00:00Z,2026-07-09T13:00:00+0200,74.57,EUR/MWh,DK1,DK_1,imbalance_price,Short,2026-07-30T07:28:36Z
2026-07-30T07:25:17Z,2026-07-30T09:25:17+0200,e73b670a-bc29-4bfc-b6f4-93c290a4d3ee,2026-07-09T11:15:00Z,2026-07-09T13:15:00+0200,70.86,EUR/MWh,DK1,DK_1,imbalance_price,Long,2026-07-30T07:28:36Z
2026-07-30T07:25:17Z,2026-07-30T09:25:17+0200,e73b670a-bc29-4bfc-b6f4-93c290a4d3ee,2026-07-09T11:15:00Z,2026-07-09T13:15:00+0200,70.86,EUR/MWh,DK1,DK_1,imbalance_price,Short,2026-07-30T07:28:36Z
2026-07-30T07:25:17Z,2026-07-30T09:25:17+0200,e73b670a-bc29-4bfc-b6f4-93c290a4d3ee,2026-07-09T11:30:00Z,2026-07-09T13:30:00+0200,41.79,EUR/MWh,DK1,DK_1,imbalance_price,Long,2026-07-30T07:28:36Z
2026-07-30T07:25:17Z,2026-07-30T09:25:17+0200,e73b670a-bc29-4bfc-b6f4-93c290a4d3ee,2026-07-09T11:30:00Z,2026-07-09T13:30:00+0200,41.79,EUR/MWh,DK1,DK_1,imbalance_price,Short,2026-07-30T07:28:36Z
2026-07-30T07:25:17Z,2026-07-30T09:25:17+0200,e73b670a-bc29-4bfc-b6f4-93c290a4d3ee,2026-07-09T11:45:00Z,2026-07-09T13:45:00+0200,26.15,EUR/MWh,DK1,DK_1,imbalance_price,Long,2026-07-30T07:28:36Z
2026-07-30T07:25:17Z,2026-07-30T09:25:17+0200,e73b670a-bc29-4bfc-b6f4-93c290a4d3ee,2026-07-09T11:45:00Z,2026-07-09T13:45:00+0200,26.15,EUR/MWh,DK1,DK_1,imbalance_price,Short,2026-07-30T07:28:36Z
2026-07-30T07:25:17Z,2026-07-30T09:25:17+0200,e73b670a-bc29-4bfc-b6f4-93c290a4d3ee,2026-07-09T12:00:00Z,2026-07-09T14:00:00+0200,0.25,EUR/MWh,DK1,DK_1,imbalance_price,Long,2026-07-30T07:28:36Z
2026-07-30T07:25:17Z,2026-07-30T09:25:17+0200,e73b670a-bc29-4bfc-b6f4-93c290a4d3ee,2026-07-09T12:00:00Z,2026-07-09T14:00:00+0200,0.25,EUR/MWh,DK1,DK_1,imbalance_price,Short,2026-07-30T07:28:36Z
2026-07-30T07:25:17Z,2026-07-30T09:25:17+0200,e73b670a-bc29-4bfc-b6f4-93c290a4d3ee,2026-07-09T12:15:00Z,2026-07-09T14:15:00+0200,36.83,EUR/MWh,DK1,DK_1,imbalance_price,Long,2026-07-30T07:28:36Z
2026-07-30T07:25:17Z,2026-07-30T09:25:17+0200,e73b670a-bc29-4bfc-b6f4-93c290a4d3ee,2026-07-09T12:15:00Z,2026-07-09T14:15:00+0200,36.83,EUR/MWh,DK1,DK_1,imbalance_price,Short,2026-07-30T07:28:36Z
2026-07-30T07:25:17Z,2026-07-30T09:25:17+0200,e73b670a-bc29-4bfc-b6f4-93c290a4d3ee,2026-07-09T12:30:00Z,2026-07-09T14:30:00+0200,38.94,EUR/MWh,DK1,DK_1,imbalance_price,Long,2026-07-30T07:28:36Z
2026-07-30T07:25:17Z,2026-07-30T09:25:17+0200,e73b670a-bc29-4bfc-b6f4-93c290a4d3ee,2026-07-09T12:30:00Z,2026-07-09T14:30:00+0200,38.94,EUR/MWh,DK1,DK_1,imbalance_price,Short,2026-07-30T07:28:36Z
2026-07-30T07:25:17Z,2026-07-30T09:25:17+0200,e73b670a-bc29-4bfc-b6f4-93c290a4d3ee,2026-07-09T12:45:00Z,2026-07-09T14:45:00+0200,44.59,EUR/MWh,DK1,DK_1,imbalance_price,Long,2026-07-30T07:28:36Z
2026-07-30T07:25:17Z,2026-07-30T09:25:17+0200,e73b670a-bc29-4bfc-b6f4-93c290a4d3ee,2026-07-09T12:45:00Z,2026-07-09T14:45:00+0200,44.59,EUR/MWh,DK1,DK_1,imbalance_price,Short,2026-07-30T07:28:36Z
2026-07-30T07:25:17Z,2026-07-30T09:25:17+0200,e73b670a-bc29-4bfc-b6f4-93c290a4d3ee,2026-07-09T13:00:00Z,2026-07-09T15:00:00+0200,34.01,EUR/MWh,DK1,DK_1,imbalance_price,Long,2026-07-30T07:28:36Z
2026-07-30T07:25:17Z,2026-07-30T09:25:17+0200,e73b670a-bc29-4bfc-b6f4-93c290a4d3ee,2026-07-09T13:00:00Z,2026-07-09T15:00:00+0200,34.01,EUR/MWh,DK1,DK_1,imbalance_price,Short,2026-07-30T07:28:36Z
2026-07-30T07:25:17Z,2026-07-30T09:25:17+0200,e73b670a-bc29-4bfc-b6f4-93c290a4d3ee,2026-07-09T13:15:00Z,2026-07-09T15:15:00+0200,-1.98,EUR/MWh,DK1,DK_1,imbalance_price,Long,2026-07-30T07:28:36Z
2026-07-30T07:25:17Z,2026-07-30T09:25:17+0200,e73b670a-bc29-4bfc-b6f4-93c290a4d3ee,2026-07-09T13:15:00Z,2026-07-09T15:15:00+0200,-1.98,EUR/MWh,DK1,DK_1,imbalance_price,Short,2026-07-30T07:28:36Z
2026-07-30T07:25:17Z,2026-07-30T09:25:17+0200,e73b670a-bc29-4bfc-b6f4-93c290a4d3ee,2026-07-09T13:30:00Z,2026-07-09T15:30:00+0200,-0.4,EUR/MWh,DK1,DK_1,imbalance_price,Long,2026-07-30T07:28:36Z
2026-07-30T07:25:17Z,2026-07-30T09:25:17+0200,e73b670a-bc29-4bfc-b6f4-93c290a4d3ee,2026-07-09T13:30:00Z,2026-07-09T15:30:00+0200,-0.4,EUR/MWh,DK1,DK_1,imbalance_price,Short,2026-07-30T07:28:36Z
2026-07-30T07:25:17Z,2026-07-30T09:25:17+0200,e73b670a-bc29-4bfc-b6f4-93c290a4d3ee,2026-07-09T13:45:00Z,2026-07-09T15:45:00+0200,0.5,EUR/MWh,DK1,DK_1,imbalance_price,Long,2026-07-30T07:28:36Z
2026-07-30T07:25:17Z,2026-07-30T09:25:17+0200,e73b670a-bc29-4bfc-b6f4-93c290a4d3ee,2026-07-09T13:45:00Z,2026-07-09T15:45:00+0200,0.5,EUR/MWh,DK1,DK_1,imbalance_price,Short,2026-07-30T07:28:36Z
2026-07-30T07:25:17Z,2026-07-30T09:25:17+0200,e73b670a-bc29-4bfc-b6f4-93c290a4d3ee,2026-07-09T14:00:00Z,2026-07-09T16:00:00+0200,0.0,EUR/MWh,DK1,DK_1,imbalance_price,Long,2026-07-30T07:28:36Z
2026-07-30T07:25:17Z,2026-07-30T09:25:17+0200,e73b670a-bc29-4bfc-b6f4-93c290a4d3ee,2026-07-09T14:00:00Z,2026-07-09T16:00:00+0200,0.0,EUR/MWh,DK1,DK_1,imbalance_price,Short,2026-07-30T07:28:36Z
2026-07-30T07:25:17Z,2026-07-30T09:25:17+0200,e73b670a-bc29-4bfc-b6f4-93c290a4d3ee,2026-07-09T14:15:00Z,2026-07-09T16:15:00+0200,4.13,EUR/MWh,DK1,DK_1,imbalance_price,Long,2026-07-30T07:28:36Z
2026-07-30T07:25:17Z,2026-07-30T09:25:17+0200,e73b670a-bc29-4bfc-b6f4-93c290a4d3ee,2026-07-09T14:15:00Z,2026-07-09T16:15:00+0200,4.13,EUR/MWh,DK1,DK_1,imbalance_price,Short,2026-07-30T07:28:36Z
2026-07-30T07:25:17Z,2026-07-30T09:25:17+0200,e73b670a-bc29-4bfc-b6f4-93c290a4d3ee,2026-07-09T14:30:00Z,2026-07-09T16:30:00+0200,7.99,EUR/MWh,DK1,DK_1,imbalance_price,Long,2026-07-30T07:28:36Z
2026-07-30T07:25:17Z,2026-07-30T09:25:17+0200,e73b670a-bc29-4bfc-b6f4-93c290a4d3ee,2026-07-09T14:30:00Z,2026-07-09T16:30:00+0200,7.99,EUR/MWh,DK1,DK_1,imbalance_price,Short,2026-07-30T07:28:36Z
2026-07-30T07:25:17Z,2026-07-30T09:25:17+0200,e73b670a-bc29-4bfc-b6f4-93c290a4d3ee,2026-07-09T14:45:00Z,2026-07-09T16:45:00+0200,101.05,EUR/MWh,DK1,DK_1,imbalance_price,Long,2026-07-30T07:28:36Z
2026-07-30T07:25:17Z,2026-07-30T09:25:17+0200,e73b670a-bc29-4bfc-b6f4-93c290a4d3ee,2026-07-09T14:45:00Z,2026-07-09T16:45:00+0200,101.05,EUR/MWh,DK1,DK_1,imbalance_price,Short,2026-07-30T07:28:36Z
2026-07-30T07:25:17Z,2026-07-30T09:25:17+0200,e73b670a-bc29-4bfc-b6f4-93c290a4d3ee,2026-07-09T15:00:00Z,2026-07-09T17:00:00+0200,100.0,EUR/MWh,DK1,DK_1,imbalance_price,Long,2026-07-30T07:28:36Z
2026-07-30T07:25:17Z,2026-07-30T09:25:17+0200,e73b670a-bc29-4bfc-b6f4-93c290a4d3ee,2026-07-09T15:00:00Z,2026-07-09T17:00:00+0200,100.0,EUR/MWh,DK1,DK_1,imbalance_price,Short,2026-07-30T07:28:36Z
2026-07-30T07:25:17Z,2026-07-30T09:25:17+0200,e73b670a-bc29-4bfc-b6f4-93c290a4d3ee,2026-07-09T15:15:00Z,2026-07-09T17:15:00+0200,165.12,EUR/MWh,DK1,DK_1,imbalance_price,Long,2026-07-30T07:28:36Z
2026-07-30T07:25:17Z,2026-07-30T09:25:17+0200,e73b670a-bc29-4bfc-b6f4-93c290a4d3ee,2026-07-09T15:15:00Z,2026-07-09T17:15:00+0200,165.12,EUR/MWh,DK1,DK_1,imbalance_price,Short,2026-07-30T07:28:36Z
2026-07-30T07:25:17Z,2026-07-30T09:25:17+0200,e73b670a-bc29-4bfc-b6f4-93c290a4d3ee,2026-07-09T15:30:00Z,2026-07-09T17:30:00+0200,145.42,EUR/MWh,DK1,DK_1,imbalance_price,Long,2026-07-30T07:28:36Z
2026-07-30T07:25:17Z,2026-07-30T09:25:17+0200,e73b670a-bc29-4bfc-b6f4-93c290a4d3ee,2026-07-09T15:30:00Z,2026-07-09T17:30:00+0200,145.42,EUR/MWh,DK1,DK_1,imbalance_price,Short,2026-07-30T07:28:36Z
2026-07-30T07:25:17Z,2026-07-30T09:25:17+0200,e73b670a-bc29-4bfc-b6f4-93c290a4d3ee,2026-07-09T15:45:00Z,2026-07-09T17:45:00+0200,160.31,EUR/MWh,DK1,DK_1,imbalance_price,Long,2026-07-30T07:28:36Z
2026-07-30T07:25:17Z,2026-07-30T09:25:17+0200,e73b670a-bc29-4bfc-b6f4-93c290a4d3ee,2026-07-09T15:45:00Z,2026-07-09T17:45:00+0200,160.31,EUR/MWh,DK1,DK_1,imbalance_price,Short,2026-07-30T07:28:36Z
2026-07-30T07:25:17Z,2026-07-30T09:25:17+0200,e73b670a-bc29-4bfc-b6f4-93c290a4d3ee,2026-07-09T16:00:00Z,2026-07-09T18:00:00+0200,153.61,EUR/MWh,DK1,DK_1,imbalance_price,Long,2026-07-30T07:28:36Z
2026-07-30T07:25:17Z,2026-07-30T09:25:17+0200,e73b670a-bc29-4bfc-b6f4-93c290a4d3ee,2026-07-09T16:00:00Z,2026-07-09T18:00:00+0200,153.61,EUR/MWh,DK1,DK_1,imbalance_price,Short,2026-07-30T07:28:36Z
2026-07-30T07:25:17Z,2026-07-30T09:25:17+0200,e73b670a-bc29-4bfc-b6f4-93c290a4d3ee,2026-07-09T16:15:00Z,2026-07-09T18:15:00+0200,168.93,EUR/MWh,DK1,DK_1,imbalance_price,Long,2026-07-30T07:28:36Z
2026-07-30T07:25:17Z,2026-07-30T09:25:17+0200,e73b670a-bc29-4bfc-b6f4-93c290a4d3ee,2026-07-09T16:15:00Z,2026-07-09T18:15:00+0200,168.93,EUR/MWh,DK1,DK_1,imbalance_price,Short,2026-07-30T07:28:36Z
2026-07-30T07:25:17Z,2026-07-30T09:25:17+0200,e73b670a-bc29-4bfc-b6f4-93c290a4d3ee,2026-07-09T16:30:00Z,2026-07-09T18:30:00+0200,218.23,EUR/MWh,DK1,DK_1,imbalance_price,Long,2026-07-30T07:28:36Z
2026-07-30T07:25:17Z,2026-07-30T09:25:17+0200,e73b670a-bc29-4bfc-b6f4-93c290a4d3ee,2026-07-09T16:30:00Z,2026-07-09T18:30:00+0200,218.23,EUR/MWh,DK1,DK_1,imbalance_price,Short,2026-07-30T07:28:36Z
2026-07-30T07:25:17Z,2026-07-30T09:25:17+0200,e73b670a-bc29-4bfc-b6f4-93c290a4d3ee,2026-07-09T16:45:00Z,2026-07-09T18:45:00+0200,236.31,EUR/MWh,DK1,DK_1,imbalance_price,Long,2026-07-30T07:28:36Z
2026-07-30T07:25:17Z,2026-07-30T09:25:17+0200,e73b670a-bc29-4bfc-b6f4-93c290a4d3ee,2026-07-09T16:45:00Z,2026-07-09T18:45:00+0200,236.31,EUR/MWh,DK1,DK_1,imbalance_price,Short,2026-07-30T07:28:36Z
2026-07-30T07:25:17Z,2026-07-30T09:25:17+0200,e73b670a-bc29-4bfc-b6f4-93c290a4d3ee,2026-07-09T17:00:00Z,2026-07-09T19:00:00+0200,294.36,EUR/MWh,DK1,DK_1,imbalance_price,Long,2026-07-30T07:28:36Z
2026-07-30T07:25:17Z,2026-07-30T09:25:17+0200,e73b670a-bc29-4bfc-b6f4-93c290a4d3ee,2026-07-09T17:00:00Z,2026-07-09T19:00:00+0200,294.36,EUR/MWh,DK1,DK_1,imbalance_price,Short,2026-07-30T07:28:36Z
2026-07-30T07:25:17Z,2026-07-30T09:25:17+0200,e73b670a-bc29-4bfc-b6f4-93c290a4d3ee,2026-07-09T17:15:00Z,2026-07-09T19:15:00+0200,331.91,EUR/MWh,DK1,DK_1,imbalance_price,Long,2026-07-30T07:28:36Z
2026-07-30T07:25:17Z,2026-07-30T09:25:17+0200,e73b670a-bc29-4bfc-b6f4-93c290a4d3ee,2026-07-09T17:15:00Z,2026-07-09T19:15:00+0200,331.91,EUR/MWh,DK1,DK_1,imbalance_price,Short,2026-07-30T07:28:36Z
2026-07-30T07:25:17Z,2026-07-30T09:25:17+0200,e73b670a-bc29-4bfc-b6f4-93c290a4d3ee,2026-07-09T17:30:00Z,2026-07-09T19:30:00+0200,334.5,EUR/MWh,DK1,DK_1,imbalance_price,Long,2026-07-30T07:28:36Z
2026-07-30T07:25:17Z,2026-07-30T09:25:17+0200,e73b670a-bc29-4bfc-b6f4-93c290a4d3ee,2026-07-09T17:30:00Z,2026-07-09T19:30:00+0200,334.5,EUR/MWh,DK1,DK_1,imbalance_price,Short,2026-07-30T07:28:36Z
2026-07-30T07:25:17Z,2026-07-30T09:25:17+0200,e73b670a-bc29-4bfc-b6f4-93c290a4d3ee,2026-07-09T17:45:00Z,2026-07-09T19:45:00+0200,249.76,EUR/MWh,DK1,DK_1,imbalance_price,Long,2026-07-30T07:28:36Z
2026-07-30T07:25:17Z,2026-07-30T09:25:17+0200,e73b670a-bc29-4bfc-b6f4-93c290a4d3ee,2026-07-09T17:45:00Z,2026-07-09T19:45:00+0200,249.76,EUR/MWh,DK1,DK_1,imbalance_price,Short,2026-07-30T07:28:36Z
2026-07-30T07:25:17Z,2026-07-30T09:25:17+0200,e73b670a-bc29-4bfc-b6f4-93c290a4d3ee,2026-07-09T18:00:00Z,2026-07-09T20:00:00+0200,234.73,EUR/MWh,DK1,DK_1,imbalance_price,Long,2026-07-30T07:28:36Z
2026-07-30T07:25:17Z,2026-07-30T09:25:17+0200,e73b670a-bc29-4bfc-b6f4-93c290a4d3ee,2026-07-09T18:00:00Z,2026-07-09T20:00:00+0200,234.73,EUR/MWh,DK1,DK_1,imbalance_price,Short,2026-07-30T07:28:36Z
2026-07-30T07:25:17Z,2026-07-30T09:25:17+0200,e73b670a-bc29-4bfc-b6f4-93c290a4d3ee,2026-07-09T18:15:00Z,2026-07-09T20:15:00+0200,267.6,EUR/MWh,DK1,DK_1,imbalance_price,Long,2026-07-30T07:28:36Z
2026-07-30T07:25:17Z,2026-07-30T09:25:17+0200,e73b670a-bc29-4bfc-b6f4-93c290a4d3ee,2026-07-09T18:15:00Z,2026-07-09T20:15:00+0200,267.6,EUR/MWh,DK1,DK_1,imbalance_price,Short,2026-07-30T07:28:36Z
2026-07-30T07:25:17Z,2026-07-30T09:25:17+0200,e73b670a-bc29-4bfc-b6f4-93c290a4d3ee,2026-07-09T18:30:00Z,2026-07-09T20:30:00+0200,227.67,EUR/MWh,DK1,DK_1,imbalance_price,Long,2026-07-30T07:28:36Z
2026-07-30T07:25:17Z,2026-07-30T09:25:17+0200,e73b670a-bc29-4bfc-b6f4-93c290a4d3ee,2026-07-09T18:30:00Z,2026-07-09T20:30:00+0200,227.67,EUR/MWh,DK1,DK_1,imbalance_price,Short,2026-07-30T07:28:36Z
2026-07-30T07:25:17Z,2026-07-30T09:25:17+0200,e73b670a-bc29-4bfc-b6f4-93c290a4d3ee,2026-07-09T18:45:00Z,2026-07-09T20:45:00+0200,347.81,EUR/MWh,DK1,DK_1,imbalance_price,Long,2026-07-30T07:28:36Z
2026-07-30T07:25:17Z,2026-07-30T09:25:17+0200,e73b670a-bc29-4bfc-b6f4-93c290a4d3ee,2026-07-09T18:45:00Z,2026-07-09T20:45:00+0200,347.81,EUR/MWh,DK1,DK_1,imbalance_price,Short,2026-07-30T07:28:36Z
2026-07-30T07:25:17Z,2026-07-30T09:25:17+0200,e73b670a-bc29-4bfc-b6f4-93c290a4d3ee,2026-07-09T19:00:00Z,2026-07-09T21:00:00+0200,90.8,EUR/MWh,DK1,DK_1,imbalance_price,Long,2026-07-30T07:28:36Z
2026-07-30T07:25:17Z,2026-07-30T09:25:17+0200,e73b670a-bc29-4bfc-b6f4-93c290a4d3ee,2026-07-09T19:00:00Z,2026-07-09T21:00:00+0200,90.8,EUR/MWh,DK1,DK_1,imbalance_price,Short,2026-07-30T07:28:36Z
2026-07-30T07:25:17Z,2026-07-30T09:25:17+0200,e73b670a-bc29-4bfc-b6f4-93c290a4d3ee,2026-07-09T19:15:00Z,2026-07-09T21:15:00+0200,102.51,EUR/MWh,DK1,DK_1,imbalance_price,Long,2026-07-30T07:28:36Z
2026-07-30T07:25:17Z,2026-07-30T09:25:17+0200,e73b670a-bc29-4bfc-b6f4-93c290a4d3ee,2026-07-09T19:15:00Z,2026-07-09T21:15:00+0200,102.51,EUR/MWh,DK1,DK_1,imbalance_price,Short,2026-07-30T07:28:36Z
2026-07-30T07:25:17Z,2026-07-30T09:25:17+0200,e73b670a-bc29-4bfc-b6f4-93c290a4d3ee,2026-07-09T19:30:00Z,2026-07-09T21:30:00+0200,106.29,EUR/MWh,DK1,DK_1,imbalance_price,Long,2026-07-30T07:28:36Z
2026-07-30T07:25:17Z,2026-07-30T09:25:17+0200,e73b670a-bc29-4bfc-b6f4-93c290a4d3ee,2026-07-09T19:30:00Z,2026-07-09T21:30:00+0200,106.29,EUR/MWh,DK1,DK_1,imbalance_price,Short,2026-07-30T07:28:36Z
2026-07-30T07:25:17Z,2026-07-30T09:25:17+0200,e73b670a-bc29-4bfc-b6f4-93c290a4d3ee,2026-07-09T19:45:00Z,2026-07-09T21:45:00+0200,99.88,EUR/MWh,DK1,DK_1,imbalance_price,Long,2026-07-30T07:28:36Z
2026-07-30T07:25:17Z,2026-07-30T09:25:17+0200,e73b670a-bc29-4bfc-b6f4-93c290a4d3ee,2026-07-09T19:45:00Z,2026-07-09T21:45:00+0200,99.88,EUR/MWh,DK1,DK_1,imbalance_price,Short,2026-07-30T07:28:36Z
2026-07-30T07:25:17Z,2026-07-30T09:25:17+0200,e73b670a-bc29-4bfc-b6f4-93c290a4d3ee,2026-07-09T20:00:00Z,2026-07-09T22:00:00+0200,101.42,EUR/MWh,DK1,DK_1,imbalance_price,Long,2026-07-30T07:28:36Z
2026-07-30T07:25:17Z,2026-07-30T09:25:17+0200,e73b670a-bc29-4bfc-b6f4-93c290a4d3ee,2026-07-09T20:00:00Z,2026-07-09T22:00:00+0200,101.42,EUR/MWh,DK1,DK_1,imbalance_price,Short,2026-07-30T07:28:36Z
2026-07-30T07:25:17Z,2026-07-30T09:25:17+0200,e73b670a-bc29-4bfc-b6f4-93c290a4d3ee,2026-07-09T20:15:00Z,2026-07-09T22:15:00+0200,112.61,EUR/MWh,DK1,DK_1,imbalance_price,Long,2026-07-30T07:28:36Z
2026-07-30T07:25:17Z,2026-07-30T09:25:17+0200,e73b670a-bc29-4bfc-b6f4-93c290a4d3ee,2026-07-09T20:15:00Z,2026-07-09T22:15:00+0200,112.61,EUR/MWh,DK1,DK_1,imbalance_price,Short,2026-07-30T07:28:36Z
2026-07-30T07:25:17Z,2026-07-30T09:25:17+0200,e73b670a-bc29-4bfc-b6f4-93c290a4d3ee,2026-07-09T20:30:00Z,2026-07-09T22:30:00+0200,91.24,EUR/MWh,DK1,DK_1,imbalance_price,Long,2026-07-30T07:28:36Z
2026-07-30T07:25:17Z,2026-07-30T09:25:17+0200,e73b670a-bc29-4bfc-b6f4-93c290a4d3ee,2026-07-09T20:30:00Z,2026-07-09T22:30:00+0200,91.24,EUR/MWh,DK1,DK_1,imbalance_price,Short,2026-07-30T07:28:36Z
2026-07-30T07:25:17Z,2026-07-30T09:25:17+0200,e73b670a-bc29-4bfc-b6f4-93c290a4d3ee,2026-07-09T20:45:00Z,2026-07-09T22:45:00+0200,97.76,EUR/MWh,DK1,DK_1,imbalance_price,Long,2026-07-30T07:28:36Z
2026-07-30T07:25:17Z,2026-07-30T09:25:17+0200,e73b670a-bc29-4bfc-b6f4-93c290a4d3ee,2026-07-09T20:45:00Z,2026-07-09T22:45:00+0200,97.76,EUR/MWh,DK1,DK_1,imbalance_price,Short,2026-07-30T07:28:36Z
2026-07-30T07:25:17Z,2026-07-30T09:25:17+0200,e73b670a-bc29-4bfc-b6f4-93c290a4d3ee,2026-07-09T21:00:00Z,2026-07-09T23:00:00+0200,97.35,EUR/MWh,DK1,DK_1,imbalance_price,Long,2026-07-30T07:28:36Z
2026-07-30T07:25:17Z,2026-07-30T09:25:17+0200,e73b670a-bc29-4bfc-b6f4-93c290a4d3ee,2026-07-09T21:00:00Z,2026-07-09T23:00:00+0200,97.35,EUR/MWh,DK1,DK_1,imbalance_price,Short,2026-07-30T07:28:36Z
2026-07-30T07:25:17Z,2026-07-30T09:25:17+0200,e73b670a-bc29-4bfc-b6f4-93c290a4d3ee,2026-07-09T21:15:00Z,2026-07-09T23:15:00+0200,94.66,EUR/MWh,DK1,DK_1,imbalance_price,Long,2026-07-30T07:28:36Z
2026-07-30T07:25:17Z,2026-07-30T09:25:17+0200,e73b670a-bc29-4bfc-b6f4-93c290a4d3ee,2026-07-09T21:15:00Z,2026-07-09T23:15:00+0200,94.66,EUR/MWh,DK1,DK_1,imbalance_price,Short,2026-07-30T07:28:36Z
2026-07-30T07:25:17Z,2026-07-30T09:25:17+0200,e73b670a-bc29-4bfc-b6f4-93c290a4d3ee,2026-07-09T21:30:00Z,2026-07-09T23:30:00+0200,156.46,EUR/MWh,DK1,DK_1,imbalance_price,Long,2026-07-30T07:28:36Z
2026-07-30T07:25:17Z,2026-07-30T09:25:17+0200,e73b670a-bc29-4bfc-b6f4-93c290a4d3ee,2026-07-09T21:30:00Z,2026-07-09T23:30:00+0200,156.46,EUR/MWh,DK1,DK_1,imbalance_price,Short,2026-07-30T07:28:36Z
2026-07-30T07:25:17Z,2026-07-30T09:25:17+0200,e73b670a-bc29-4bfc-b6f4-93c290a4d3ee,2026-07-09T21:45:00Z,2026-07-09T23:45:00+0200,157.77,EUR/MWh,DK1,DK_1,imbalance_price,Long,2026-07-30T07:28:36Z
2026-07-30T07:25:17Z,2026-07-30T09:25:17+0200,e73b670a-bc29-4bfc-b6f4-93c290a4d3ee,2026-07-09T21:45:00Z,2026-07-09T23:45:00+0200,157.77,EUR/MWh,DK1,DK_1,imbalance_price,Short,2026-07-30T07:28:36Z
2026-07-30T07:25:17Z,2026-07-30T09:25:17+0200,e73b670a-bc29-4bfc-b6f4-93c290a4d3ee,2026-07-09T22:00:00Z,2026-07-10T00:00:00+0200,233.26,EUR/MWh,DK1,DK_1,imbalance_price,Long,2026-07-30T07:28:36Z
2026-07-30T07:25:17Z,2026-07-30T09:25:17+0200,e73b670a-bc29-4bfc-b6f4-93c290a4d3ee,2026-07-09T22:00:00Z,2026-07-10T00:00:00+0200,233.26,EUR/MWh,DK1,DK_1,imbalance_price,Short,2026-07-30T07:28:36Z
2026-07-30T07:25:17Z,2026-07-30T09:25:17+0200,e73b670a-bc29-4bfc-b6f4-93c290a4d3ee,2026-07-09T22:15:00Z,2026-07-10T00:15:00+0200,233.45,EUR/MWh,DK1,DK_1,imbalance_price,Long,2026-07-30T07:28:36Z
2026-07-30T07:25:17Z,2026-07-30T09:25:17+0200,e73b670a-bc29-4bfc-b6f4-93c290a4d3ee,2026-07-09T22:15:00Z,2026-07-10T00:15:00+0200,233.45,EUR/MWh,DK1,DK_1,imbalance_price,Short,2026-07-30T07:28:36Z
2026-07-30T07:25:17Z,2026-07-30T09:25:17+0200,e73b670a-bc29-4bfc-b6f4-93c290a4d3ee,2026-07-09T22:30:00Z,2026-07-10T00:30:00+0200,184.41,EUR/MWh,DK1,DK_1,imbalance_price,Long,2026-07-30T07:28:36Z
2026-07-30T07:25:17Z,2026-07-30T09:25:17+0200,e73b670a-bc29-4bfc-b6f4-93c290a4d3ee,2026-07-09T22:30:00Z,2026-07-10T00:30:00+0200,184.41,EUR/MWh,DK1,DK_1,imbalance_price,Short,2026-07-30T07:28:36Z
2026-07-30T07:25:17Z,2026-07-30T09:25:17+0200,e73b670a-bc29-4bfc-b6f4-93c290a4d3ee,2026-07-09T22:45:00Z,2026-07-10T00:45:00+0200,143.49,EUR/MWh,DK1,DK_1,imbalance_price,Long,2026-07-30T07:28:36Z
2026-07-30T07:25:17Z,2026-07-30T09:25:17+0200,e73b670a-bc29-4bfc-b6f4-93c290a4d3ee,2026-07-09T22:45:00Z,2026-07-10T00:45:00+0200,143.49,EUR/MWh,DK1,DK_1,imbalance_price,Short,2026-07-30T07:28:36Z
2026-07-30T07:25:17Z,2026-07-30T09:25:17+0200,e73b670a-bc29-4bfc-b6f4-93c290a4d3ee,2026-07-09T23:00:00Z,2026-07-10T01:00:00+0200,108.64,EUR/MWh,DK1,DK_1,imbalance_price,Long,2026-07-30T07:28:36Z
2026-07-30T07:25:17Z,2026-07-30T09:25:17+0200,e73b670a-bc29-4bfc-b6f4-93c290a4d3ee,2026-07-09T23:00:00Z,2026-07-10T01:00:00+0200,108.64,EUR/MWh,DK1,DK_1,imbalance_price,Short,2026-07-30T07:28:36Z
2026-07-30T07:25:17Z,2026-07-30T09:25:17+0200,e73b670a-bc29-4bfc-b6f4-93c290a4d3ee,2026-07-09T23:15:00Z,2026-07-10T01:15:00+0200,143.91,EUR/MWh,DK1,DK_1,imbalance_price,Long,2026-07-30T07:28:36Z
2026-07-30T07:25:17Z,2026-07-30T09:25:17+0200,e73b670a-bc29-4bfc-b6f4-93c290a4d3ee,2026-07-09T23:15:00Z,2026-07-10T01:15:00+0200,143.91,EUR/MWh,DK1,DK_1,imbalance_price,Short,2026-07-30T07:28:36Z
2026-07-30T07:25:17Z,2026-07-30T09:25:17+0200,e73b670a-bc29-4bfc-b6f4-93c290a4d3ee,2026-07-09T23:30:00Z,2026-07-10T01:30:00+0200,259.95,EUR/MWh,DK1,DK_1,imbalance_price,Long,2026-07-30T07:28:36Z
2026-07-30T07:25:17Z,2026-07-30T09:25:17+0200,e73b670a-bc29-4bfc-b6f4-93c290a4d3ee,2026-07-09T23:30:00Z,2026-07-10T01:30:00+0200,259.95,EUR/MWh,DK1,DK_1,imbalance_price,Short,2026-07-30T07:28:36Z
2026-07-30T07:25:17Z,2026-07-30T09:25:17+0200,e73b670a-bc29-4bfc-b6f4-93c290a4d3ee,2026-07-09T23:45:00Z,2026-07-10T01:45:00+0200,228.14,EUR/MWh,DK1,DK_1,imbalance_price,Long,2026-07-30T07:28:36Z
2026-07-30T07:25:17Z,2026-07-30T09:25:17+0200,e73b670a-bc29-4bfc-b6f4-93c290a4d3ee,2026-07-09T23:45:00Z,2026-07-10T01:45:00+0200,228.14,EUR/MWh,DK1,DK_1,imbalance_price,Short,2026-07-30T07:28:36Z
2026-07-30T07:25:17Z,2026-07-30T09:25:17+0200,e73b670a-bc29-4bfc-b6f4-93c290a4d3ee,2026-07-10T00:00:00Z,2026-07-10T02:00:00+0200,141.98,EUR/MWh,DK1,DK_1,imbalance_price,Long,2026-07-30T07:28:36Z
2026-07-30T07:25:17Z,2026-07-30T09:25:17+0200,e73b670a-bc29-4bfc-b6f4-93c290a4d3ee,2026-07-10T00:00:00Z,2026-07-10T02:00:00+0200,141.98,EUR/MWh,DK1,DK_1,imbalance_price,Short,2026-07-30T07:28:36Z
2026-07-30T07:25:17Z,2026-07-30T09:25:17+0200,e73b670a-bc29-4bfc-b6f4-93c290a4d3ee,2026-07-10T00:15:00Z,2026-07-10T02:15:00+0200,100.3,EUR/MWh,DK1,DK_1,imbalance_price,Long,2026-07-30T07:28:36Z
2026-07-30T07:25:17Z,2026-07-30T09:25:17+0200,e73b670a-bc29-4bfc-b6f4-93c290a4d3ee,2026-07-10T00:15:00Z,2026-07-10T02:15:00+0200,100.3,EUR/MWh,DK1,DK_1,imbalance_price,Short,2026-07-30T07:28:36Z
2026-07-30T07:25:17Z,2026-07-30T09:25:17+0200,e73b670a-bc29-4bfc-b6f4-93c290a4d3ee,2026-07-10T00:30:00Z,2026-07-10T02:30:00+0200,137.83,EUR/MWh,DK1,DK_1,imbalance_price,Long,2026-07-30T07:28:36Z
2026-07-30T07:25:17Z,2026-07-30T09:25:17+0200,e73b670a-bc29-4bfc-b6f4-93c290a4d3ee,2026-07-10T00:30:00Z,2026-07-10T02:30:00+0200,137.83,EUR/MWh,DK1,DK_1,imbalance_price,Short,2026-07-30T07:28:36Z
2026-07-30T07:25:17Z,2026-07-30T09:25:17+0200,e73b670a-bc29-4bfc-b6f4-93c290a4d3ee,2026-07-10T00:45:00Z,2026-07-10T02:45:00+0200,200.0,EUR/MWh,DK1,DK_1,imbalance_price,Long,2026-07-30T07:28:36Z
2026-07-30T07:25:17Z,2026-07-30T09:25:17+0200,e73b670a-bc29-4bfc-b6f4-93c290a4d3ee,2026-07-10T00:45:00Z,2026-07-10T02:45:00+0200,200.0,EUR/MWh,DK1,DK_1,imbalance_price,Short,2026-07-30T07:28:36Z
2026-07-30T07:25:17Z,2026-07-30T09:25:17+0200,e73b670a-bc29-4bfc-b6f4-93c290a4d3ee,2026-07-10T01:00:00Z,2026-07-10T03:00:00+0200,294.31,EUR/MWh,DK1,DK_1,imbalance_price,Long,2026-07-30T07:28:36Z
2026-07-30T07:25:17Z,2026-07-30T09:25:17+0200,e73b670a-bc29-4bfc-b6f4-93c290a4d3ee,2026-07-10T01:00:00Z,2026-07-10T03:00:00+0200,294.31,EUR/MWh,DK1,DK_1,imbalance_price,Short,2026-07-30T07:28:36Z
2026-07-30T07:25:17Z,2026-07-30T09:25:17+0200,e73b670a-bc29-4bfc-b6f4-93c290a4d3ee,2026-07-10T01:15:00Z,2026-07-10T03:15:00+0200,327.66,EUR/MWh,DK1,DK_1,imbalance_price,Long,2026-07-30T07:28:36Z
2026-07-30T07:25:17Z,2026-07-30T09:25:17+0200,e73b670a-bc29-4bfc-b6f4-93c290a4d3ee,2026-07-10T01:15:00Z,2026-07-10T03:15:00+0200,327.66,EUR/MWh,DK1,DK_1,imbalance_price,Short,2026-07-30T07:28:36Z
2026-07-30T07:25:17Z,2026-07-30T09:25:17+0200,e73b670a-bc29-4bfc-b6f4-93c290a4d3ee,2026-07-10T01:30:00Z,2026-07-10T03:30:00+0200,137.7,EUR/MWh,DK1,DK_1,imbalance_price,Long,2026-07-30T07:28:36Z
2026-07-30T07:25:17Z,2026-07-30T09:25:17+0200,e73b670a-bc29-4bfc-b6f4-93c290a4d3ee,2026-07-10T01:30:00Z,2026-07-10T03:30:00+0200,137.7,EUR/MWh,DK1,DK_1,imbalance_price,Short,2026-07-30T07:28:36Z
2026-07-30T07:25:17Z,2026-07-30T09:25:17+0200,e73b670a-bc29-4bfc-b6f4-93c290a4d3ee,2026-07-10T01:45:00Z,2026-07-10T03:45:00+0200,96.03,EUR/MWh,DK1,DK_1,imbalance_price,Long,2026-07-30T07:28:36Z
2026-07-30T07:25:17Z,2026-07-30T09:25:17+0200,e73b670a-bc29-4bfc-b6f4-93c290a4d3ee,2026-07-10T01:45:00Z,2026-07-10T03:45:00+0200,96.03,EUR/MWh,DK1,DK_1,imbalance_price,Short,2026-07-30T07:28:36Z
2026-07-30T07:25:17Z,2026-07-30T09:25:17+0200,e73b670a-bc29-4bfc-b6f4-93c290a4d3ee,2026-07-10T02:00:00Z,2026-07-10T04:00:00+0200,101.53,EUR/MWh,DK1,DK_1,imbalance_price,Long,2026-07-30T07:28:36Z
2026-07-30T07:25:17Z,2026-07-30T09:25:17+0200,e73b670a-bc29-4bfc-b6f4-93c290a4d3ee,2026-07-10T02:00:00Z,2026-07-10T04:00:00+0200,101.53,EUR/MWh,DK1,DK_1,imbalance_price,Short,2026-07-30T07:28:36Z
2026-07-30T07:25:17Z,2026-07-30T09:25:17+0200,e73b670a-bc29-4bfc-b6f4-93c290a4d3ee,2026-07-10T02:15:00Z,2026-07-10T04:15:00+0200,104.52,EUR/MWh,DK1,DK_1,imbalance_price,Long,2026-07-30T07:28:36Z
2026-07-30T07:25:17Z,2026-07-30T09:25:17+0200,e73b670a-bc29-4bfc-b6f4-93c290a4d3ee,2026-07-10T02:15:00Z,2026-07-10T04:15:00+0200,104.52,EUR/MWh,DK1,DK_1,imbalance_price,Short,2026-07-30T07:28:36Z
2026-07-30T07:25:17Z,2026-07-30T09:25:17+0200,e73b670a-bc29-4bfc-b6f4-93c290a4d3ee,2026-07-10T02:30:00Z,2026-07-10T04:30:00+0200,104.83,EUR/MWh,DK1,DK_1,imbalance_price,Long,2026-07-30T07:28:36Z
2026-07-30T07:25:17Z,2026-07-30T09:25:17+0200,e73b670a-bc29-4bfc-b6f4-93c290a4d3ee,2026-07-10T02:30:00Z,2026-07-10T04:30:00+0200,104.83,EUR/MWh,DK1,DK_1,imbalance_price,Short,2026-07-30T07:28:36Z
2026-07-30T07:25:17Z,2026-07-30T09:25:17+0200,e73b670a-bc29-4bfc-b6f4-93c290a4d3ee,2026-07-10T02:45:00Z,2026-07-10T04:45:00+0200,104.14,EUR/MWh,DK1,DK_1,imbalance_price,Long,2026-07-30T07:28:36Z
2026-07-30T07:25:17Z,2026-07-30T09:25:17+0200,e73b670a-bc29-4bfc-b6f4-93c290a4d3ee,2026-07-10T02:45:00Z,2026-07-10T04:45:00+0200,104.14,EUR/MWh,DK1,DK_1,imbalance_price,Short,2026-07-30T07:28:36Z
2026-07-30T07:25:17Z,2026-07-30T09:25:17+0200,e73b670a-bc29-4bfc-b6f4-93c290a4d3ee,2026-07-10T03:00:00Z,2026-07-10T05:00:00+0200,107.5,EUR/MWh,DK1,DK_1,imbalance_price,Long,2026-07-30T07:28:36Z
2026-07-30T07:25:17Z,2026-07-30T09:25:17+0200,e73b670a-bc29-4bfc-b6f4-93c290a4d3ee,2026-07-10T03:00:00Z,2026-07-10T05:00:00+0200,107.5,EUR/MWh,DK1,DK_1,imbalance_price,Short,2026-07-30T07:28:36Z
2026-07-30T07:25:17Z,2026-07-30T09:25:17+0200,e73b670a-bc29-4bfc-b6f4-93c290a4d3ee,2026-07-10T03:15:00Z,2026-07-10T05:15:00+0200,107.85,EUR/MWh,DK1,DK_1,imbalance_price,Long,2026-07-30T07:28:36Z
2026-07-30T07:25:17Z,2026-07-30T09:25:17+0200,e73b670a-bc29-4bfc-b6f4-93c290a4d3ee,2026-07-10T03:15:00Z,2026-07-10T05:15:00+0200,107.85,EUR/MWh,DK1,DK_1,imbalance_price,Short,2026-07-30T07:28:36Z
2026-07-30T07:25:17Z,2026-07-30T09:25:17+0200,e73b670a-bc29-4bfc-b6f4-93c290a4d3ee,2026-07-10T03:30:00Z,2026-07-10T05:30:00+0200,109.71,EUR/MWh,DK1,DK_1,imbalance_price,Long,2026-07-30T07:28:36Z
2026-07-30T07:25:17Z,2026-07-30T09:25:17+0200,e73b670a-bc29-4bfc-b6f4-93c290a4d3ee,2026-07-10T03:30:00Z,2026-07-10T05:30:00+0200,109.71,EUR/MWh,DK1,DK_1,imbalance_price,Short,2026-07-30T07:28:36Z
2026-07-30T07:25:17Z,2026-07-30T09:25:17+0200,e73b670a-bc29-4bfc-b6f4-93c290a4d3ee,2026-07-10T03:45:00Z,2026-07-10T05:45:00+0200,108.97,EUR/MWh,DK1,DK_1,imbalance_price,Long,2026-07-30T07:28:36Z
2026-07-30T07:25:17Z,2026-07-30T09:25:17+0200,e73b670a-bc29-4bfc-b6f4-93c290a4d3ee,2026-07-10T03:45:00Z,2026-07-10T05:45:00+0200,108.97,EUR/MWh,DK1,DK_1,imbalance_price,Short,2026-07-30T07:28:36Z
2026-07-30T07:25:17Z,2026-07-30T09:25:17+0200,e73b670a-bc29-4bfc-b6f4-93c290a4d3ee,2026-07-10T04:00:00Z,2026-07-10T06:00:00+0200,146.95,EUR/MWh,DK1,DK_1,imbalance_price,Long,2026-07-30T07:28:36Z
2026-07-30T07:25:17Z,2026-07-30T09:25:17+0200,e73b670a-bc29-4bfc-b6f4-93c290a4d3ee,2026-07-10T04:00:00Z,2026-07-10T06:00:00+0200,146.95,EUR/MWh,DK1,DK_1,imbalance_price,Short,2026-07-30T07:28:36Z
2026-07-30T07:25:17Z,2026-07-30T09:25:17+0200,e73b670a-bc29-4bfc-b6f4-93c290a4d3ee,2026-07-10T04:15:00Z,2026-07-10T06:15:00+0200,259.95,EUR/MWh,DK1,DK_1,imbalance_price,Long,2026-07-30T07:28:36Z
2026-07-30T07:25:17Z,2026-07-30T09:25:17+0200,e73b670a-bc29-4bfc-b6f4-93c290a4d3ee,2026-07-10T04:15:00Z,2026-07-10T06:15:00+0200,259.95,EUR/MWh,DK1,DK_1,imbalance_price,Short,2026-07-30T07:28:36Z
2026-07-30T07:25:17Z,2026-07-30T09:25:17+0200,e73b670a-bc29-4bfc-b6f4-93c290a4d3ee,2026-07-10T04:30:00Z,2026-07-10T06:30:00+0200,159.55,EUR/MWh,DK1,DK_1,imbalance_price,Long,2026-07-30T07:28:36Z
2026-07-30T07:25:17Z,2026-07-30T09:25:17+0200,e73b670a-bc29-4bfc-b6f4-93c290a4d3ee,2026-07-10T04:30:00Z,2026-07-10T06:30:00+0200,159.55,EUR/MWh,DK1,DK_1,imbalance_price,Short,2026-07-30T07:28:36Z
2026-07-30T07:25:17Z,2026-07-30T09:25:17+0200,e73b670a-bc29-4bfc-b6f4-93c290a4d3ee,2026-07-10T04:45:00Z,2026-07-10T06:45:00+0200,150.08,EUR/MWh,DK1,DK_1,imbalance_price,Long,2026-07-30T07:28:36Z
2026-07-30T07:25:17Z,2026-07-30T09:25:17+0200,e73b670a-bc29-4bfc-b6f4-93c290a4d3ee,2026-07-10T04:45:00Z,2026-07-10T06:45:00+0200,150.08,EUR/MWh,DK1,DK_1,imbalance_price,Short,2026-07-30T07:28:36Z
2026-07-30T07:25:17Z,2026-07-30T09:25:17+0200,e73b670a-bc29-4bfc-b6f4-93c290a4d3ee,2026-07-10T05:00:00Z,2026-07-10T07:00:00+0200,110.5,EUR/MWh,DK1,DK_1,imbalance_price,Long,2026-07-30T07:28:36Z
2026-07-30T07:25:17Z,2026-07-30T09:25:17+0200,e73b670a-bc29-4bfc-b6f4-93c290a4d3ee,2026-07-10T05:00:00Z,2026-07-10T07:00:00+0200,110.5,EUR/MWh,DK1,DK_1,imbalance_price,Short,2026-07-30T07:28:36Z
2026-07-30T07:25:17Z,2026-07-30T09:25:17+0200,e73b670a-bc29-4bfc-b6f4-93c290a4d3ee,2026-07-10T05:15:00Z,2026-07-10T07:15:00+0200,87.97,EUR/MWh,DK1,DK_1,imbalance_price,Long,2026-07-30T07:28:36Z
2026-07-30T07:25:17Z,2026-07-30T09:25:17+0200,e73b670a-bc29-4bfc-b6f4-93c290a4d3ee,2026-07-10T05:15:00Z,2026-07-10T07:15:00+0200,87.97,EUR/MWh,DK1,DK_1,imbalance_price,Short,2026-07-30T07:28:36Z
2026-07-30T07:25:17Z,2026-07-30T09:25:17+0200,e73b670a-bc29-4bfc-b6f4-93c290a4d3ee,2026-07-10T05:30:00Z,2026-07-10T07:30:00+0200,87.97,EUR/MWh,DK1,DK_1,imbalance_price,Long,2026-07-30T07:28:36Z
2026-07-30T07:25:17Z,2026-07-30T09:25:17+0200,e73b670a-bc29-4bfc-b6f4-93c290a4d3ee,2026-07-10T05:30:00Z,2026-07-10T07:30:00+0200,87.97,EUR/MWh,DK1,DK_1,imbalance_price,Short,2026-07-30T07:28:36Z
2026-07-30T07:25:17Z,2026-07-30T09:25:17+0200,e73b670a-bc29-4bfc-b6f4-93c290a4d3ee,2026-07-10T05:45:00Z,2026-07-10T07:45:00+0200,87.97,EUR/MWh,DK1,DK_1,imbalance_price,Long,2026-07-30T07:28:36Z
2026-07-30T07:25:17Z,2026-07-30T09:25:17+0200,e73b670a-bc29-4bfc-b6f4-93c290a4d3ee,2026-07-10T05:45:00Z,2026-07-10T07:45:00+0200,87.97,EUR/MWh,DK1,DK_1,imbalance_price,Short,2026-07-30T07:28:36Z
2026-07-30T07:25:17Z,2026-07-30T09:25:17+0200,e73b670a-bc29-4bfc-b6f4-93c290a4d3ee,2026-07-10T06:00:00Z,2026-07-10T08:00:00+0200,294.36,EUR/MWh,DK1,DK_1,imbalance_price,Long,2026-07-30T07:28:36Z
2026-07-30T07:25:17Z,2026-07-30T09:25:17+0200,e73b670a-bc29-4bfc-b6f4-93c290a4d3ee,2026-07-10T06:00:00Z,2026-07-10T08:00:00+0200,294.36,EUR/MWh,DK1,DK_1,imbalance_price,Short,2026-07-30T07:28:36Z
2026-07-30T07:25:17Z,2026-07-30T09:25:17+0200,e73b670a-bc29-4bfc-b6f4-93c290a4d3ee,2026-07-10T06:15:00Z,2026-07-10T08:15:00+0200,428.06,EUR/MWh,DK1,DK_1,imbalance_price,Long,2026-07-30T07:28:36Z
2026-07-30T07:25:17Z,2026-07-30T09:25:17+0200,e73b670a-bc29-4bfc-b6f4-93c290a4d3ee,2026-07-10T06:15:00Z,2026-07-10T08:15:00+0200,428.06,EUR/MWh,DK1,DK_1,imbalance_price,Short,2026-07-30T07:28:36Z
2026-07-30T07:25:17Z,2026-07-30T09:25:17+0200,e73b670a-bc29-4bfc-b6f4-93c290a4d3ee,2026-07-10T06:30:00Z,2026-07-10T08:30:00+0200,294.36,EUR/MWh,DK1,DK_1,imbalance_price,Long,2026-07-30T07:28:36Z
2026-07-30T07:25:17Z,2026-07-30T09:25:17+0200,e73b670a-bc29-4bfc-b6f4-93c290a4d3ee,2026-07-10T06:30:00Z,2026-07-10T08:30:00+0200,294.36,EUR/MWh,DK1,DK_1,imbalance_price,Short,2026-07-30T07:28:36Z
2026-07-30T07:25:17Z,2026-07-30T09:25:17+0200,e73b670a-bc29-4bfc-b6f4-93c290a4d3ee,2026-07-10T06:45:00Z,2026-07-10T08:45:00+0200,171.41,EUR/MWh,DK1,DK_1,imbalance_price,Long,2026-07-30T07:28:36Z
2026-07-30T07:25:17Z,2026-07-30T09:25:17+0200,e73b670a-bc29-4bfc-b6f4-93c290a4d3ee,2026-07-10T06:45:00Z,2026-07-10T08:45:00+0200,171.41,EUR/MWh,DK1,DK_1,imbalance_price,Short,2026-07-30T07:28:36Z
2026-07-30T07:25:17Z,2026-07-30T09:25:17+0200,e73b670a-bc29-4bfc-b6f4-93c290a4d3ee,2026-07-10T07:00:00Z,2026-07-10T09:00:00+0200,138.12,EUR/MWh,DK1,DK_1,imbalance_price,Long,2026-07-30T07:28:36Z
2026-07-30T07:25:17Z,2026-07-30T09:25:17+0200,e73b670a-bc29-4bfc-b6f4-93c290a4d3ee,2026-07-10T07:00:00Z,2026-07-10T09:00:00+0200,138.12,EUR/MWh,DK1,DK_1,imbalance_price,Short,2026-07-30T07:28:36Z
2026-07-30T07:25:17Z,2026-07-30T09:25:17+0200,e73b670a-bc29-4bfc-b6f4-93c290a4d3ee,2026-07-10T07:15:00Z,2026-07-10T09:15:00+0200,130.79,EUR/MWh,DK1,DK_1,imbalance_price,Long,2026-07-30T07:28:36Z
2026-07-30T07:25:17Z,2026-07-30T09:25:17+0200,e73b670a-bc29-4bfc-b6f4-93c290a4d3ee,2026-07-10T07:15:00Z,2026-07-10T09:15:00+0200,130.79,EUR/MWh,DK1,DK_1,imbalance_price,Short,2026-07-30T07:28:36Z
2026-07-30T07:25:17Z,2026-07-30T09:25:17+0200,e73b670a-bc29-4bfc-b6f4-93c290a4d3ee,2026-07-10T07:30:00Z,2026-07-10T09:30:00+0200,84.15,EUR/MWh,DK1,DK_1,imbalance_price,Long,2026-07-30T07:28:36Z
2026-07-30T07:25:17Z,2026-07-30T09:25:17+0200,e73b670a-bc29-4bfc-b6f4-93c290a4d3ee,2026-07-10T07:30:00Z,2026-07-10T09:30:00+0200,84.15,EUR/MWh,DK1,DK_1,imbalance_price,Short,2026-07-30T07:28:36Z
2026-07-30T07:25:17Z,2026-07-30T09:25:17+0200,e73b670a-bc29-4bfc-b6f4-93c290a4d3ee,2026-07-10T07:45:00Z,2026-07-10T09:45:00+0200,58.07,EUR/MWh,DK1,DK_1,imbalance_price,Long,2026-07-30T07:28:36Z
2026-07-30T07:25:17Z,2026-07-30T09:25:17+0200,e73b670a-bc29-4bfc-b6f4-93c290a4d3ee,2026-07-10T07:45:00Z,2026-07-10T09:45:00+0200,58.07,EUR/MWh,DK1,DK_1,imbalance_price,Short,2026-07-30T07:28:36Z
2026-07-30T07:25:17Z,2026-07-30T09:25:17+0200,e73b670a-bc29-4bfc-b6f4-93c290a4d3ee,2026-07-10T08:00:00Z,2026-07-10T10:00:00+0200,139.95,EUR/MWh,DK1,DK_1,imbalance_price,Long,2026-07-30T07:28:36Z
2026-07-30T07:25:17Z,2026-07-30T09:25:17+0200,e73b670a-bc29-4bfc-b6f4-93c290a4d3ee,2026-07-10T08:00:00Z,2026-07-10T10:00:00+0200,139.95,EUR/MWh,DK1,DK_1,imbalance_price,Short,2026-07-30T07:28:36Z
2026-07-30T07:25:17Z,2026-07-30T09:25:17+0200,e73b670a-bc29-4bfc-b6f4-93c290a4d3ee,2026-07-10T08:15:00Z,2026-07-10T10:15:00+0200,250.6,EUR/MWh,DK1,DK_1,imbalance_price,Long,2026-07-30T07:28:36Z
2026-07-30T07:25:17Z,2026-07-30T09:25:17+0200,e73b670a-bc29-4bfc-b6f4-93c290a4d3ee,2026-07-10T08:15:00Z,2026-07-10T10:15:00+0200,250.6,EUR/MWh,DK1,DK_1,imbalance_price,Short,2026-07-30T07:28:36Z
2026-07-30T07:25:17Z,2026-07-30T09:25:17+0200,e73b670a-bc29-4bfc-b6f4-93c290a4d3ee,2026-07-10T08:30:00Z,2026-07-10T10:30:00+0200,310.25,EUR/MWh,DK1,DK_1,imbalance_price,Long,2026-07-30T07:28:36Z
2026-07-30T07:25:17Z,2026-07-30T09:25:17+0200,e73b670a-bc29-4bfc-b6f4-93c290a4d3ee,2026-07-10T08:30:00Z,2026-07-10T10:30:00+0200,310.25,EUR/MWh,DK1,DK_1,imbalance_price,Short,2026-07-30T07:28:36Z
2026-07-30T07:25:17Z,2026-07-30T09:25:17+0200,e73b670a-bc29-4bfc-b6f4-93c290a4d3ee,2026-07-10T08:45:00Z,2026-07-10T10:45:00+0200,126.87,EUR/MWh,DK1,DK_1,imbalance_price,Long,2026-07-30T07:28:36Z
2026-07-30T07:25:17Z,2026-07-30T09:25:17+0200,e73b670a-bc29-4bfc-b6f4-93c290a4d3ee,2026-07-10T08:45:00Z,2026-07-10T10:45:00+0200,126.87,EUR/MWh,DK1,DK_1,imbalance_price,Short,2026-07-30T07:28:36Z
2026-07-30T07:25:17Z,2026-07-30T09:25:17+0200,e73b670a-bc29-4bfc-b6f4-93c290a4d3ee,2026-07-10T09:00:00Z,2026-07-10T11:00:00+0200,126.94,EUR/MWh,DK1,DK_1,imbalance_price,Long,2026-07-30T07:28:36Z
2026-07-30T07:25:17Z,2026-07-30T09:25:17+0200,e73b670a-bc29-4bfc-b6f4-93c290a4d3ee,2026-07-10T09:00:00Z,2026-07-10T11:00:00+0200,126.94,EUR/MWh,DK1,DK_1,imbalance_price,Short,2026-07-30T07:28:36Z
2026-07-30T07:25:17Z,2026-07-30T09:25:17+0200,e73b670a-bc29-4bfc-b6f4-93c290a4d3ee,2026-07-10T09:15:00Z,2026-07-10T11:15:00+0200,12.4,EUR/MWh,DK1,DK_1,imbalance_price,Long,2026-07-30T07:28:36Z
2026-07-30T07:25:17Z,2026-07-30T09:25:17+0200,e73b670a-bc29-4bfc-b6f4-93c290a4d3ee,2026-07-10T09:15:00Z,2026-07-10T11:15:00+0200,12.4,EUR/MWh,DK1,DK_1,imbalance_price,Short,2026-07-30T07:28:36Z
2026-07-30T07:25:17Z,2026-07-30T09:25:17+0200,e73b670a-bc29-4bfc-b6f4-93c290a4d3ee,2026-07-10T09:30:00Z,2026-07-10T11:30:00+0200,75.0,EUR/MWh,DK1,DK_1,imbalance_price,Long,2026-07-30T07:28:36Z
2026-07-30T07:25:17Z,2026-07-30T09:25:17+0200,e73b670a-bc29-4bfc-b6f4-93c290a4d3ee,2026-07-10T09:30:00Z,2026-07-10T11:30:00+0200,75.0,EUR/MWh,DK1,DK_1,imbalance_price,Short,2026-07-30T07:28:36Z
2026-07-30T07:25:17Z,2026-07-30T09:25:17+0200,e73b670a-bc29-4bfc-b6f4-93c290a4d3ee,2026-07-10T09:45:00Z,2026-07-10T11:45:00+0200,10.72,EUR/MWh,DK1,DK_1,imbalance_price,Long,2026-07-30T07:28:36Z
2026-07-30T07:25:17Z,2026-07-30T09:25:17+0200,e73b670a-bc29-4bfc-b6f4-93c290a4d3ee,2026-07-10T09:45:00Z,2026-07-10T11:45:00+0200,10.72,EUR/MWh,DK1,DK_1,imbalance_price,Short,2026-07-30T07:28:36Z
2026-07-30T07:25:17Z,2026-07-30T09:25:17+0200,e73b670a-bc29-4bfc-b6f4-93c290a4d3ee,2026-07-10T10:00:00Z,2026-07-10T12:00:00+0200,14.25,EUR/MWh,DK1,DK_1,imbalance_price,Long,2026-07-30T07:28:36Z
2026-07-30T07:25:17Z,2026-07-30T09:25:17+0200,e73b670a-bc29-4bfc-b6f4-93c290a4d3ee,2026-07-10T10:00:00Z,2026-07-10T12:00:00+0200,14.25,EUR/MWh,DK1,DK_1,imbalance_price,Short,2026-07-30T07:28:36Z
2026-07-30T07:25:17Z,2026-07-30T09:25:17+0200,e73b670a-bc29-4bfc-b6f4-93c290a4d3ee,2026-07-10T10:15:00Z,2026-07-10T12:15:00+0200,17.0,EUR/MWh,DK1,DK_1,imbalance_price,Long,2026-07-30T07:28:36Z
2026-07-30T07:25:17Z,2026-07-30T09:25:17+0200,e73b670a-bc29-4bfc-b6f4-93c290a4d3ee,2026-07-10T10:15:00Z,2026-07-10T12:15:00+0200,17.0,EUR/MWh,DK1,DK_1,imbalance_price,Short,2026-07-30T07:28:36Z
2026-07-30T07:25:17Z,2026-07-30T09:25:17+0200,e73b670a-bc29-4bfc-b6f4-93c290a4d3ee,2026-07-10T10:30:00Z,2026-07-10T12:30:00+0200,13.62,EUR/MWh,DK1,DK_1,imbalance_price,Long,2026-07-30T07:28:36Z
2026-07-30T07:25:17Z,2026-07-30T09:25:17+0200,e73b670a-bc29-4bfc-b6f4-93c290a4d3ee,2026-07-10T10:30:00Z,2026-07-10T12:30:00+0200,13.62,EUR/MWh,DK1,DK_1,imbalance_price,Short,2026-07-30T07:28:36Z
2026-07-30T07:25:17Z,2026-07-30T09:25:17+0200,e73b670a-bc29-4bfc-b6f4-93c290a4d3ee,2026-07-10T10:45:00Z,2026-07-10T12:45:00+0200,7.36,EUR/MWh,DK1,DK_1,imbalance_price,Long,2026-07-30T07:28:36Z
2026-07-30T07:25:17Z,2026-07-30T09:25:17+0200,e73b670a-bc29-4bfc-b6f4-93c290a4d3ee,2026-07-10T10:45:00Z,2026-07-10T12:45:00+0200,7.36,EUR/MWh,DK1,DK_1,imbalance_price,Short,2026-07-30T07:28:36Z
2026-07-30T07:25:17Z,2026-07-30T09:25:17+0200,e73b670a-bc29-4bfc-b6f4-93c290a4d3ee,2026-07-10T11:00:00Z,2026-07-10T13:00:00+0200,13.21,EUR/MWh,DK1,DK_1,imbalance_price,Long,2026-07-30T07:28:36Z
2026-07-30T07:25:17Z,2026-07-30T09:25:17+0200,e73b670a-bc29-4bfc-b6f4-93c290a4d3ee,2026-07-10T11:00:00Z,2026-07-10T13:00:00+0200,13.21,EUR/MWh,DK1,DK_1,imbalance_price,Short,2026-07-30T07:28:36Z
2026-07-30T07:25:17Z,2026-07-30T09:25:17+0200,e73b670a-bc29-4bfc-b6f4-93c290a4d3ee,2026-07-10T11:15:00Z,2026-07-10T13:15:00+0200,39.0,EUR/MWh,DK1,DK_1,imbalance_price,Long,2026-07-30T07:28:36Z
2026-07-30T07:25:17Z,2026-07-30T09:25:17+0200,e73b670a-bc29-4bfc-b6f4-93c290a4d3ee,2026-07-10T11:15:00Z,2026-07-10T13:15:00+0200,39.0,EUR/MWh,DK1,DK_1,imbalance_price,Short,2026-07-30T07:28:36Z
2026-07-30T07:25:17Z,2026-07-30T09:25:17+0200,e73b670a-bc29-4bfc-b6f4-93c290a4d3ee,2026-07-10T11:30:00Z,2026-07-10T13:30:00+0200,0.0,EUR/MWh,DK1,DK_1,imbalance_price,Long,2026-07-30T07:28:36Z
2026-07-30T07:25:17Z,2026-07-30T09:25:17+0200,e73b670a-bc29-4bfc-b6f4-93c290a4d3ee,2026-07-10T11:30:00Z,2026-07-10T13:30:00+0200,0.0,EUR/MWh,DK1,DK_1,imbalance_price,Short,2026-07-30T07:28:36Z
2026-07-30T07:25:17Z,2026-07-30T09:25:17+0200,e73b670a-bc29-4bfc-b6f4-93c290a4d3ee,2026-07-10T11:45:00Z,2026-07-10T13:45:00+0200,0.0,EUR/MWh,DK1,DK_1,imbalance_price,Long,2026-07-30T07:28:36Z
2026-07-30T07:25:17Z,2026-07-30T09:25:17+0200,e73b670a-bc29-4bfc-b6f4-93c290a4d3ee,2026-07-10T11:45:00Z,2026-07-10T13:45:00+0200,0.0,EUR/MWh,DK1,DK_1,imbalance_price,Short,2026-07-30T07:28:36Z
2026-07-30T07:25:17Z,2026-07-30T09:25:17+0200,e73b670a-bc29-4bfc-b6f4-93c290a4d3ee,2026-07-10T12:00:00Z,2026-07-10T14:00:00+0200,0.0,EUR/MWh,DK1,DK_1,imbalance_price,Long,2026-07-30T07:28:36Z
2026-07-30T07:25:17Z,2026-07-30T09:25:17+0200,e73b670a-bc29-4bfc-b6f4-93c290a4d3ee,2026-07-10T12:00:00Z,2026-07-10T14:00:00+0200,0.0,EUR/MWh,DK1,DK_1,imbalance_price,Short,2026-07-30T07:28:36Z
2026-07-30T07:25:17Z,2026-07-30T09:25:17+0200,e73b670a-bc29-4bfc-b6f4-93c290a4d3ee,2026-07-10T12:15:00Z,2026-07-10T14:15:00+0200,8.0,EUR/MWh,DK1,DK_1,imbalance_price,Long,2026-07-30T07:28:36Z
2026-07-30T07:25:17Z,2026-07-30T09:25:17+0200,e73b670a-bc29-4bfc-b6f4-93c290a4d3ee,2026-07-10T12:15:00Z,2026-07-10T14:15:00+0200,8.0,EUR/MWh,DK1,DK_1,imbalance_price,Short,2026-07-30T07:28:36Z
2026-07-30T07:25:17Z,2026-07-30T09:25:17+0200,e73b670a-bc29-4bfc-b6f4-93c290a4d3ee,2026-07-10T12:30:00Z,2026-07-10T14:30:00+0200,3.34,EUR/MWh,DK1,DK_1,imbalance_price,Long,2026-07-30T07:28:36Z
2026-07-30T07:25:17Z,2026-07-30T09:25:17+0200,e73b670a-bc29-4bfc-b6f4-93c290a4d3ee,2026-07-10T12:30:00Z,2026-07-10T14:30:00+0200,3.34,EUR/MWh,DK1,DK_1,imbalance_price,Short,2026-07-30T07:28:36Z
2026-07-30T07:25:17Z,2026-07-30T09:25:17+0200,e73b670a-bc29-4bfc-b6f4-93c290a4d3ee,2026-07-10T12:45:00Z,2026-07-10T14:45:00+0200,0.0,EUR/MWh,DK1,DK_1,imbalance_price,Long,2026-07-30T07:28:36Z
2026-07-30T07:25:17Z,2026-07-30T09:25:17+0200,e73b670a-bc29-4bfc-b6f4-93c290a4d3ee,2026-07-10T12:45:00Z,2026-07-10T14:45:00+0200,0.0,EUR/MWh,DK1,DK_1,imbalance_price,Short,2026-07-30T07:28:36Z
2026-07-30T07:25:17Z,2026-07-30T09:25:17+0200,e73b670a-bc29-4bfc-b6f4-93c290a4d3ee,2026-07-10T13:00:00Z,2026-07-10T15:00:00+0200,8.0,EUR/MWh,DK1,DK_1,imbalance_price,Long,2026-07-30T07:28:36Z
2026-07-30T07:25:17Z,2026-07-30T09:25:17+0200,e73b670a-bc29-4bfc-b6f4-93c290a4d3ee,2026-07-10T13:00:00Z,2026-07-10T15:00:00+0200,8.0,EUR/MWh,DK1,DK_1,imbalance_price,Short,2026-07-30T07:28:36Z
2026-07-30T07:25:17Z,2026-07-30T09:25:17+0200,e73b670a-bc29-4bfc-b6f4-93c290a4d3ee,2026-07-10T13:15:00Z,2026-07-10T15:15:00+0200,17.0,EUR/MWh,DK1,DK_1,imbalance_price,Long,2026-07-30T07:28:36Z
2026-07-30T07:25:17Z,2026-07-30T09:25:17+0200,e73b670a-bc29-4bfc-b6f4-93c290a4d3ee,2026-07-10T13:15:00Z,2026-07-10T15:15:00+0200,17.0,EUR/MWh,DK1,DK_1,imbalance_price,Short,2026-07-30T07:28:36Z
2026-07-30T07:25:17Z,2026-07-30T09:25:17+0200,e73b670a-bc29-4bfc-b6f4-93c290a4d3ee,2026-07-10T13:30:00Z,2026-07-10T15:30:00+0200,9.0,EUR/MWh,DK1,DK_1,imbalance_price,Long,2026-07-30T07:28:36Z
2026-07-30T07:25:17Z,2026-07-30T09:25:17+0200,e73b670a-bc29-4bfc-b6f4-93c290a4d3ee,2026-07-10T13:30:00Z,2026-07-10T15:30:00+0200,9.0,EUR/MWh,DK1,DK_1,imbalance_price,Short,2026-07-30T07:28:36Z
2026-07-30T07:25:17Z,2026-07-30T09:25:17+0200,e73b670a-bc29-4bfc-b6f4-93c290a4d3ee,2026-07-10T13:45:00Z,2026-07-10T15:45:00+0200,15.59,EUR/MWh,DK1,DK_1,imbalance_price,Long,2026-07-30T07:28:36Z
2026-07-30T07:25:17Z,2026-07-30T09:25:17+0200,e73b670a-bc29-4bfc-b6f4-93c290a4d3ee,2026-07-10T13:45:00Z,2026-07-10T15:45:00+0200,15.59,EUR/MWh,DK1,DK_1,imbalance_price,Short,2026-07-30T07:28:36Z
2026-07-30T07:25:17Z,2026-07-30T09:25:17+0200,e73b670a-bc29-4bfc-b6f4-93c290a4d3ee,2026-07-10T14:00:00Z,2026-07-10T16:00:00+0200,17.0,EUR/MWh,DK1,DK_1,imbalance_price,Long,2026-07-30T07:28:36Z
2026-07-30T07:25:17Z,2026-07-30T09:25:17+0200,e73b670a-bc29-4bfc-b6f4-93c290a4d3ee,2026-07-10T14:00:00Z,2026-07-10T16:00:00+0200,17.0,EUR/MWh,DK1,DK_1,imbalance_price,Short,2026-07-30T07:28:36Z
2026-07-30T07:25:17Z,2026-07-30T09:25:17+0200,e73b670a-bc29-4bfc-b6f4-93c290a4d3ee,2026-07-10T14:15:00Z,2026-07-10T16:15:00+0200,83.11,EUR/MWh,DK1,DK_1,imbalance_price,Long,2026-07-30T07:28:36Z
2026-07-30T07:25:17Z,2026-07-30T09:25:17+0200,e73b670a-bc29-4bfc-b6f4-93c290a4d3ee,2026-07-10T14:15:00Z,2026-07-10T16:15:00+0200,83.11,EUR/MWh,DK1,DK_1,imbalance_price,Short,2026-07-30T07:28:36Z
2026-07-30T07:25:17Z,2026-07-30T09:25:17+0200,e73b670a-bc29-4bfc-b6f4-93c290a4d3ee,2026-07-10T14:30:00Z,2026-07-10T16:30:00+0200,160.54,EUR/MWh,DK1,DK_1,imbalance_price,Long,2026-07-30T07:28:36Z
2026-07-30T07:25:17Z,2026-07-30T09:25:17+0200,e73b670a-bc29-4bfc-b6f4-93c290a4d3ee,2026-07-10T14:30:00Z,2026-07-10T16:30:00+0200,160.54,EUR/MWh,DK1,DK_1,imbalance_price,Short,2026-07-30T07:28:36Z
2026-07-30T07:25:17Z,2026-07-30T09:25:17+0200,e73b670a-bc29-4bfc-b6f4-93c290a4d3ee,2026-07-10T14:45:00Z,2026-07-10T16:45:00+0200,112.14,EUR/MWh,DK1,DK_1,imbalance_price,Long,2026-07-30T07:28:36Z
2026-07-30T07:25:17Z,2026-07-30T09:25:17+0200,e73b670a-bc29-4bfc-b6f4-93c290a4d3ee,2026-07-10T14:45:00Z,2026-07-10T16:45:00+0200,112.14,EUR/MWh,DK1,DK_1,imbalance_price,Short,2026-07-30T07:28:36Z
2026-07-30T07:25:17Z,2026-07-30T09:25:17+0200,e73b670a-bc29-4bfc-b6f4-93c290a4d3ee,2026-07-10T15:00:00Z,2026-07-10T17:00:00+0200,32.45,EUR/MWh,DK1,DK_1,imbalance_price,Long,2026-07-30T07:28:36Z
2026-07-30T07:25:17Z,2026-07-30T09:25:17+0200,e73b670a-bc29-4bfc-b6f4-93c290a4d3ee,2026-07-10T15:00:00Z,2026-07-10T17:00:00+0200,32.45,EUR/MWh,DK1,DK_1,imbalance_price,Short,2026-07-30T07:28:36Z
2026-07-30T07:25:17Z,2026-07-30T09:25:17+0200,e73b670a-bc29-4bfc-b6f4-93c290a4d3ee,2026-07-10T15:15:00Z,2026-07-10T17:15:00+0200,35.89,EUR/MWh,DK1,DK_1,imbalance_price,Long,2026-07-30T07:28:36Z
2026-07-30T07:25:17Z,2026-07-30T09:25:17+0200,e73b670a-bc29-4bfc-b6f4-93c290a4d3ee,2026-07-10T15:15:00Z,2026-07-10T17:15:00+0200,35.89,EUR/MWh,DK1,DK_1,imbalance_price,Short,2026-07-30T07:28:36Z
2026-07-30T07:25:17Z,2026-07-30T09:25:17+0200,e73b670a-bc29-4bfc-b6f4-93c290a4d3ee,2026-07-10T15:30:00Z,2026-07-10T17:30:00+0200,17.0,EUR/MWh,DK1,DK_1,imbalance_price,Long,2026-07-30T07:28:36Z
2026-07-30T07:25:17Z,2026-07-30T09:25:17+0200,e73b670a-bc29-4bfc-b6f4-93c290a4d3ee,2026-07-10T15:30:00Z,2026-07-10T17:30:00+0200,17.0,EUR/MWh,DK1,DK_1,imbalance_price,Short,2026-07-30T07:28:36Z
2026-07-30T07:25:17Z,2026-07-30T09:25:17+0200,e73b670a-bc29-4bfc-b6f4-93c290a4d3ee,2026-07-10T15:45:00Z,2026-07-10T17:45:00+0200,156.98,EUR/MWh,DK1,DK_1,imbalance_price,Long,2026-07-30T07:28:36Z
2026-07-30T07:25:17Z,2026-07-30T09:25:17+0200,e73b670a-bc29-4bfc-b6f4-93c290a4d3ee,2026-07-10T15:45:00Z,2026-07-10T17:45:00+0200,156.98,EUR/MWh,DK1,DK_1,imbalance_price,Short,2026-07-30T07:28:36Z
2026-07-30T07:25:17Z,2026-07-30T09:25:17+0200,e73b670a-bc29-4bfc-b6f4-93c290a4d3ee,2026-07-10T16:00:00Z,2026-07-10T18:00:00+0200,71.71,EUR/MWh,DK1,DK_1,imbalance_price,Long,2026-07-30T07:28:36Z
2026-07-30T07:25:17Z,2026-07-30T09:25:17+0200,e73b670a-bc29-4bfc-b6f4-93c290a4d3ee,2026-07-10T16:00:00Z,2026-07-10T18:00:00+0200,71.71,EUR/MWh,DK1,DK_1,imbalance_price,Short,2026-07-30T07:28:36Z
2026-07-30T07:25:17Z,2026-07-30T09:25:17+0200,e73b670a-bc29-4bfc-b6f4-93c290a4d3ee,2026-07-10T16:15:00Z,2026-07-10T18:15:00+0200,189.24,EUR/MWh,DK1,DK_1,imbalance_price,Long,2026-07-30T07:28:36Z
2026-07-30T07:25:17Z,2026-07-30T09:25:17+0200,e73b670a-bc29-4bfc-b6f4-93c290a4d3ee,2026-07-10T16:15:00Z,2026-07-10T18:15:00+0200,189.24,EUR/MWh,DK1,DK_1,imbalance_price,Short,2026-07-30T07:28:36Z
2026-07-30T07:25:17Z,2026-07-30T09:25:17+0200,e73b670a-bc29-4bfc-b6f4-93c290a4d3ee,2026-07-10T16:30:00Z,2026-07-10T18:30:00+0200,138.76,EUR/MWh,DK1,DK_1,imbalance_price,Long,2026-07-30T07:28:36Z
2026-07-30T07:25:17Z,2026-07-30T09:25:17+0200,e73b670a-bc29-4bfc-b6f4-93c290a4d3ee,2026-07-10T16:30:00Z,2026-07-10T18:30:00+0200,138.76,EUR/MWh,DK1,DK_1,imbalance_price,Short,2026-07-30T07:28:36Z
2026-07-30T07:25:17Z,2026-07-30T09:25:17+0200,e73b670a-bc29-4bfc-b6f4-93c290a4d3ee,2026-07-10T16:45:00Z,2026-07-10T18:45:00+0200,106.58,EUR/MWh,DK1,DK_1,imbalance_price,Long,2026-07-30T07:28:36Z
2026-07-30T07:25:17Z,2026-07-30T09:25:17+0200,e73b670a-bc29-4bfc-b6f4-93c290a4d3ee,2026-07-10T16:45:00Z,2026-07-10T18:45:00+0200,106.58,EUR/MWh,DK1,DK_1,imbalance_price,Short,2026-07-30T07:28:36Z
2026-07-30T07:25:17Z,2026-07-30T09:25:17+0200,e73b670a-bc29-4bfc-b6f4-93c290a4d3ee,2026-07-10T17:00:00Z,2026-07-10T19:00:00+0200,21.37,EUR/MWh,DK1,DK_1,imbalance_price,Long,2026-07-30T07:28:36Z
2026-07-30T07:25:17Z,2026-07-30T09:25:17+0200,e73b670a-bc29-4bfc-b6f4-93c290a4d3ee,2026-07-10T17:00:00Z,2026-07-10T19:00:00+0200,21.37,EUR/MWh,DK1,DK_1,imbalance_price,Short,2026-07-30T07:28:36Z
2026-07-30T07:25:17Z,2026-07-30T09:25:17+0200,e73b670a-bc29-4bfc-b6f4-93c290a4d3ee,2026-07-10T17:15:00Z,2026-07-10T19:15:00+0200,14.12,EUR/MWh,DK1,DK_1,imbalance_price,Long,2026-07-30T07:28:36Z
2026-07-30T07:25:17Z,2026-07-30T09:25:17+0200,e73b670a-bc29-4bfc-b6f4-93c290a4d3ee,2026-07-10T17:15:00Z,2026-07-10T19:15:00+0200,14.12,EUR/MWh,DK1,DK_1,imbalance_price,Short,2026-07-30T07:28:36Z
2026-07-30T07:25:17Z,2026-07-30T09:25:17+0200,e73b670a-bc29-4bfc-b6f4-93c290a4d3ee,2026-07-10T17:30:00Z,2026-07-10T19:30:00+0200,106.75,EUR/MWh,DK1,DK_1,imbalance_price,Long,2026-07-30T07:28:36Z
2026-07-30T07:25:17Z,2026-07-30T09:25:17+0200,e73b670a-bc29-4bfc-b6f4-93c290a4d3ee,2026-07-10T17:30:00Z,2026-07-10T19:30:00+0200,106.75,EUR/MWh,DK1,DK_1,imbalance_price,Short,2026-07-30T07:28:36Z
2026-07-30T07:25:17Z,2026-07-30T09:25:17+0200,e73b670a-bc29-4bfc-b6f4-93c290a4d3ee,2026-07-10T17:45:00Z,2026-07-10T19:45:00+0200,192.01,EUR/MWh,DK1,DK_1,imbalance_price,Long,2026-07-30T07:28:36Z
2026-07-30T07:25:17Z,2026-07-30T09:25:17+0200,e73b670a-bc29-4bfc-b6f4-93c290a4d3ee,2026-07-10T17:45:00Z,2026-07-10T19:45:00+0200,192.01,EUR/MWh,DK1,DK_1,imbalance_price,Short,2026-07-30T07:28:36Z
2026-07-30T07:25:17Z,2026-07-30T09:25:17+0200,e73b670a-bc29-4bfc-b6f4-93c290a4d3ee,2026-07-10T18:00:00Z,2026-07-10T20:00:00+0200,218.28,EUR/MWh,DK1,DK_1,imbalance_price,Long,2026-07-30T07:28:36Z
2026-07-30T07:25:17Z,2026-07-30T09:25:17+0200,e73b670a-bc29-4bfc-b6f4-93c290a4d3ee,2026-07-10T18:00:00Z,2026-07-10T20:00:00+0200,218.28,EUR/MWh,DK1,DK_1,imbalance_price,Short,2026-07-30T07:28:36Z
2026-07-30T07:25:17Z,2026-07-30T09:25:17+0200,e73b670a-bc29-4bfc-b6f4-93c290a4d3ee,2026-07-10T18:15:00Z,2026-07-10T20:15:00+0200,184.24,EUR/MWh,DK1,DK_1,imbalance_price,Long,2026-07-30T07:28:36Z
2026-07-30T07:25:17Z,2026-07-30T09:25:17+0200,e73b670a-bc29-4bfc-b6f4-93c290a4d3ee,2026-07-10T18:15:00Z,2026-07-10T20:15:00+0200,184.24,EUR/MWh,DK1,DK_1,imbalance_price,Short,2026-07-30T07:28:36Z
2026-07-30T07:25:17Z,2026-07-30T09:25:17+0200,e73b670a-bc29-4bfc-b6f4-93c290a4d3ee,2026-07-10T18:30:00Z,2026-07-10T20:30:00+0200,247.5,EUR/MWh,DK1,DK_1,imbalance_price,Long,2026-07-30T07:28:36Z
2026-07-30T07:25:17Z,2026-07-30T09:25:17+0200,e73b670a-bc29-4bfc-b6f4-93c290a4d3ee,2026-07-10T18:30:00Z,2026-07-10T20:30:00+0200,247.5,EUR/MWh,DK1,DK_1,imbalance_price,Short,2026-07-30T07:28:36Z
2026-07-30T07:25:17Z,2026-07-30T09:25:17+0200,e73b670a-bc29-4bfc-b6f4-93c290a4d3ee,2026-07-10T18:45:00Z,2026-07-10T20:45:00+0200,195.72,EUR/MWh,DK1,DK_1,imbalance_price,Long,2026-07-30T07:28:36Z
2026-07-30T07:25:17Z,2026-07-30T09:25:17+0200,e73b670a-bc29-4bfc-b6f4-93c290a4d3ee,2026-07-10T18:45:00Z,2026-07-10T20:45:00+0200,195.72,EUR/MWh,DK1,DK_1,imbalance_price,Short,2026-07-30T07:28:36Z
2026-07-30T07:25:17Z,2026-07-30T09:25:17+0200,e73b670a-bc29-4bfc-b6f4-93c290a4d3ee,2026-07-10T19:00:00Z,2026-07-10T21:00:00+0200,190.15,EUR/MWh,DK1,DK_1,imbalance_price,Long,2026-07-30T07:28:36Z
2026-07-30T07:25:17Z,2026-07-30T09:25:17+0200,e73b670a-bc29-4bfc-b6f4-93c290a4d3ee,2026-07-10T19:00:00Z,2026-07-10T21:00:00+0200,190.15,EUR/MWh,DK1,DK_1,imbalance_price,Short,2026-07-30T07:28:36Z
2026-07-30T07:25:17Z,2026-07-30T09:25:17+0200,e73b670a-bc29-4bfc-b6f4-93c290a4d3ee,2026-07-10T19:15:00Z,2026-07-10T21:15:00+0200,179.23,EUR/MWh,DK1,DK_1,imbalance_price,Long,2026-07-30T07:28:36Z
2026-07-30T07:25:17Z,2026-07-30T09:25:17+0200,e73b670a-bc29-4bfc-b6f4-93c290a4d3ee,2026-07-10T19:15:00Z,2026-07-10T21:15:00+0200,179.23,EUR/MWh,DK1,DK_1,imbalance_price,Short,2026-07-30T07:28:36Z
2026-07-30T07:25:17Z,2026-07-30T09:25:17+0200,e73b670a-bc29-4bfc-b6f4-93c290a4d3ee,2026-07-10T19:30:00Z,2026-07-10T21:30:00+0200,99.97,EUR/MWh,DK1,DK_1,imbalance_price,Long,2026-07-30T07:28:36Z
2026-07-30T07:25:17Z,2026-07-30T09:25:17+0200,e73b670a-bc29-4bfc-b6f4-93c290a4d3ee,2026-07-10T19:30:00Z,2026-07-10T21:30:00+0200,99.97,EUR/MWh,DK1,DK_1,imbalance_price,Short,2026-07-30T07:28:36Z
2026-07-30T07:25:17Z,2026-07-30T09:25:17+0200,e73b670a-bc29-4bfc-b6f4-93c290a4d3ee,2026-07-10T19:45:00Z,2026-07-10T21:45:00+0200,92.67,EUR/MWh,DK1,DK_1,imbalance_price,Long,2026-07-30T07:28:36Z
2026-07-30T07:25:17Z,2026-07-30T09:25:17+0200,e73b670a-bc29-4bfc-b6f4-93c290a4d3ee,2026-07-10T19:45:00Z,2026-07-10T21:45:00+0200,92.67,EUR/MWh,DK1,DK_1,imbalance_price,Short,2026-07-30T07:28:36Z
2026-07-30T07:25:17Z,2026-07-30T09:25:17+0200,e73b670a-bc29-4bfc-b6f4-93c290a4d3ee,2026-07-10T20:00:00Z,2026-07-10T22:00:00+0200,114.8,EUR/MWh,DK1,DK_1,imbalance_price,Long,2026-07-30T07:28:36Z
2026-07-30T07:25:17Z,2026-07-30T09:25:17+0200,e73b670a-bc29-4bfc-b6f4-93c290a4d3ee,2026-07-10T20:00:00Z,2026-07-10T22:00:00+0200,114.8,EUR/MWh,DK1,DK_1,imbalance_price,Short,2026-07-30T07:28:36Z
2026-07-30T07:25:17Z,2026-07-30T09:25:17+0200,e73b670a-bc29-4bfc-b6f4-93c290a4d3ee,2026-07-10T20:15:00Z,2026-07-10T22:15:00+0200,100.0,EUR/MWh,DK1,DK_1,imbalance_price,Long,2026-07-30T07:28:36Z
2026-07-30T07:25:17Z,2026-07-30T09:25:17+0200,e73b670a-bc29-4bfc-b6f4-93c290a4d3ee,2026-07-10T20:15:00Z,2026-07-10T22:15:00+0200,100.0,EUR/MWh,DK1,DK_1,imbalance_price,Short,2026-07-30T07:28:36Z
2026-07-30T07:25:17Z,2026-07-30T09:25:17+0200,e73b670a-bc29-4bfc-b6f4-93c290a4d3ee,2026-07-10T20:30:00Z,2026-07-10T22:30:00+0200,100.0,EUR/MWh,DK1,DK_1,imbalance_price,Long,2026-07-30T07:28:36Z
2026-07-30T07:25:17Z,2026-07-30T09:25:17+0200,e73b670a-bc29-4bfc-b6f4-93c290a4d3ee,2026-07-10T20:30:00Z,2026-07-10T22:30:00+0200,100.0,EUR/MWh,DK1,DK_1,imbalance_price,Short,2026-07-30T07:28:36Z
2026-07-30T07:25:17Z,2026-07-30T09:25:17+0200,e73b670a-bc29-4bfc-b6f4-93c290a4d3ee,2026-07-10T20:45:00Z,2026-07-10T22:45:00+0200,100.0,EUR/MWh,DK1,DK_1,imbalance_price,Long,2026-07-30T07:28:36Z
2026-07-30T07:25:17Z,2026-07-30T09:25:17+0200,e73b670a-bc29-4bfc-b6f4-93c290a4d3ee,2026-07-10T20:45:00Z,2026-07-10T22:45:00+0200,100.0,EUR/MWh,DK1,DK_1,imbalance_price,Short,2026-07-30T07:28:36Z
2026-07-30T07:25:17Z,2026-07-30T09:25:17+0200,e73b670a-bc29-4bfc-b6f4-93c290a4d3ee,2026-07-10T21:00:00Z,2026-07-10T23:00:00+0200,162.26,EUR/MWh,DK1,DK_1,imbalance_price,Long,2026-07-30T07:28:36Z
2026-07-30T07:25:17Z,2026-07-30T09:25:17+0200,e73b670a-bc29-4bfc-b6f4-93c290a4d3ee,2026-07-10T21:00:00Z,2026-07-10T23:00:00+0200,162.26,EUR/MWh,DK1,DK_1,imbalance_price,Short,2026-07-30T07:28:36Z
2026-07-30T07:25:17Z,2026-07-30T09:25:17+0200,e73b670a-bc29-4bfc-b6f4-93c290a4d3ee,2026-07-10T21:15:00Z,2026-07-10T23:15:00+0200,200.67,EUR/MWh,DK1,DK_1,imbalance_price,Long,2026-07-30T07:28:36Z
2026-07-30T07:25:17Z,2026-07-30T09:25:17+0200,e73b670a-bc29-4bfc-b6f4-93c290a4d3ee,2026-07-10T21:15:00Z,2026-07-10T23:15:00+0200,200.67,EUR/MWh,DK1,DK_1,imbalance_price,Short,2026-07-30T07:28:36Z
2026-07-30T07:25:17Z,2026-07-30T09:25:17+0200,e73b670a-bc29-4bfc-b6f4-93c290a4d3ee,2026-07-10T21:30:00Z,2026-07-10T23:30:00+0200,97.86,EUR/MWh,DK1,DK_1,imbalance_price,Long,2026-07-30T07:28:36Z
2026-07-30T07:25:17Z,2026-07-30T09:25:17+0200,e73b670a-bc29-4bfc-b6f4-93c290a4d3ee,2026-07-10T21:30:00Z,2026-07-10T23:30:00+0200,97.86,EUR/MWh,DK1,DK_1,imbalance_price,Short,2026-07-30T07:28:36Z
2026-07-30T07:25:17Z,2026-07-30T09:25:17+0200,e73b670a-bc29-4bfc-b6f4-93c290a4d3ee,2026-07-10T21:45:00Z,2026-07-10T23:45:00+0200,145.9,EUR/MWh,DK1,DK_1,imbalance_price,Long,2026-07-30T07:28:36Z
2026-07-30T07:25:17Z,2026-07-30T09:25:17+0200,e73b670a-bc29-4bfc-b6f4-93c290a4d3ee,2026-07-10T21:45:00Z,2026-07-10T23:45:00+0200,145.9,EUR/MWh,DK1,DK_1,imbalance_price,Short,2026-07-30T07:28:36Z
2026-07-30T07:25:17Z,2026-07-30T09:25:17+0200,e73b670a-bc29-4bfc-b6f4-93c290a4d3ee,2026-07-10T22:00:00Z,2026-07-11T00:00:00+0200,428.06,EUR/MWh,DK1,DK_1,imbalance_price,Long,2026-07-30T07:28:36Z
2026-07-30T07:25:17Z,2026-07-30T09:25:17+0200,e73b670a-bc29-4bfc-b6f4-93c290a4d3ee,2026-07-10T22:00:00Z,2026-07-11T00:00:00+0200,428.06,EUR/MWh,DK1,DK_1,imbalance_price,Short,2026-07-30T07:28:36Z
2026-07-30T07:25:17Z,2026-07-30T09:25:17+0200,e73b670a-bc29-4bfc-b6f4-93c290a4d3ee,2026-07-10T22:15:00Z,2026-07-11T00:15:00+0200,533.13,EUR/MWh,DK1,DK_1,imbalance_price,Long,2026-07-30T07:28:36Z
2026-07-30T07:25:17Z,2026-07-30T09:25:17+0200,e73b670a-bc29-4bfc-b6f4-93c290a4d3ee,2026-07-10T22:15:00Z,2026-07-11T00:15:00+0200,533.13,EUR/MWh,DK1,DK_1,imbalance_price,Short,2026-07-30T07:28:36Z
2026-07-30T07:25:17Z,2026-07-30T09:25:17+0200,e73b670a-bc29-4bfc-b6f4-93c290a4d3ee,2026-07-10T22:30:00Z,2026-07-11T00:30:00+0200,577.94,EUR/MWh,DK1,DK_1,imbalance_price,Long,2026-07-30T07:28:36Z
2026-07-30T07:25:17Z,2026-07-30T09:25:17+0200,e73b670a-bc29-4bfc-b6f4-93c290a4d3ee,2026-07-10T22:30:00Z,2026-07-11T00:30:00+0200,577.94,EUR/MWh,DK1,DK_1,imbalance_price,Short,2026-07-30T07:28:36Z
2026-07-30T07:25:17Z,2026-07-30T09:25:17+0200,e73b670a-bc29-4bfc-b6f4-93c290a4d3ee,2026-07-10T22:45:00Z,2026-07-11T00:45:00+0200,468.3,EUR/MWh,DK1,DK_1,imbalance_price,Long,2026-07-30T07:28:36Z
2026-07-30T07:25:17Z,2026-07-30T09:25:17+0200,e73b670a-bc29-4bfc-b6f4-93c290a4d3ee,2026-07-10T22:45:00Z,2026-07-11T00:45:00+0200,468.3,EUR/MWh,DK1,DK_1,imbalance_price,Short,2026-07-30T07:28:36Z
2026-07-30T07:25:17Z,2026-07-30T09:25:17+0200,e73b670a-bc29-4bfc-b6f4-93c290a4d3ee,2026-07-10T23:00:00Z,2026-07-11T01:00:00+0200,267.6,EUR/MWh,DK1,DK_1,imbalance_price,Long,2026-07-30T07:28:36Z
2026-07-30T07:25:17Z,2026-07-30T09:25:17+0200,e73b670a-bc29-4bfc-b6f4-93c290a4d3ee,2026-07-10T23:00:00Z,2026-07-11T01:00:00+0200,267.6,EUR/MWh,DK1,DK_1,imbalance_price,Short,2026-07-30T07:28:36Z
2026-07-30T07:25:17Z,2026-07-30T09:25:17+0200,e73b670a-bc29-4bfc-b6f4-93c290a4d3ee,2026-07-10T23:15:00Z,2026-07-11T01:15:00+0200,145.0,EUR/MWh,DK1,DK_1,imbalance_price,Long,2026-07-30T07:28:36Z
2026-07-30T07:25:17Z,2026-07-30T09:25:17+0200,e73b670a-bc29-4bfc-b6f4-93c290a4d3ee,2026-07-10T23:15:00Z,2026-07-11T01:15:00+0200,145.0,EUR/MWh,DK1,DK_1,imbalance_price,Short,2026-07-30T07:28:36Z
2026-07-30T07:25:17Z,2026-07-30T09:25:17+0200,e73b670a-bc29-4bfc-b6f4-93c290a4d3ee,2026-07-10T23:30:00Z,2026-07-11T01:30:00+0200,247.5,EUR/MWh,DK1,DK_1,imbalance_price,Long,2026-07-30T07:28:36Z
2026-07-30T07:25:17Z,2026-07-30T09:25:17+0200,e73b670a-bc29-4bfc-b6f4-93c290a4d3ee,2026-07-10T23:30:00Z,2026-07-11T01:30:00+0200,247.5,EUR/MWh,DK1,DK_1,imbalance_price,Short,2026-07-30T07:28:36Z
2026-07-30T07:25:17Z,2026-07-30T09:25:17+0200,e73b670a-bc29-4bfc-b6f4-93c290a4d3ee,2026-07-10T23:45:00Z,2026-07-11T01:45:00+0200,254.04,EUR/MWh,DK1,DK_1,imbalance_price,Long,2026-07-30T07:28:36Z
2026-07-30T07:25:17Z,2026-07-30T09:25:17+0200,e73b670a-bc29-4bfc-b6f4-93c290a4d3ee,2026-07-10T23:45:00Z,2026-07-11T01:45:00+0200,254.04,EUR/MWh,DK1,DK_1,imbalance_price,Short,2026-07-30T07:28:36Z
2026-07-30T07:25:17Z,2026-07-30T09:25:17+0200,e73b670a-bc29-4bfc-b6f4-93c290a4d3ee,2026-07-11T00:00:00Z,2026-07-11T02:00:00+0200,152.2,EUR/MWh,DK1,DK_1,imbalance_price,Long,2026-07-30T07:28:36Z
2026-07-30T07:25:17Z,2026-07-30T09:25:17+0200,e73b670a-bc29-4bfc-b6f4-93c290a4d3ee,2026-07-11T00:00:00Z,2026-07-11T02:00:00+0200,152.2,EUR/MWh,DK1,DK_1,imbalance_price,Short,2026-07-30T07:28:36Z
2026-07-30T07:25:17Z,2026-07-30T09:25:17+0200,e73b670a-bc29-4bfc-b6f4-93c290a4d3ee,2026-07-11T00:15:00Z,2026-07-11T02:15:00+0200,166.55,EUR/MWh,DK1,DK_1,imbalance_price,Long,2026-07-30T07:28:36Z
2026-07-30T07:25:17Z,2026-07-30T09:25:17+0200,e73b670a-bc29-4bfc-b6f4-93c290a4d3ee,2026-07-11T00:15:00Z,2026-07-11T02:15:00+0200,166.55,EUR/MWh,DK1,DK_1,imbalance_price,Short,2026-07-30T07:28:36Z
2026-07-30T07:25:17Z,2026-07-30T09:25:17+0200,e73b670a-bc29-4bfc-b6f4-93c290a4d3ee,2026-07-11T00:30:00Z,2026-07-11T02:30:00+0200,166.61,EUR/MWh,DK1,DK_1,imbalance_price,Long,2026-07-30T07:28:36Z
2026-07-30T07:25:17Z,2026-07-30T09:25:17+0200,e73b670a-bc29-4bfc-b6f4-93c290a4d3ee,2026-07-11T00:30:00Z,2026-07-11T02:30:00+0200,166.61,EUR/MWh,DK1,DK_1,imbalance_price,Short,2026-07-30T07:28:36Z
2026-07-30T07:25:17Z,2026-07-30T09:25:17+0200,e73b670a-bc29-4bfc-b6f4-93c290a4d3ee,2026-07-11T00:45:00Z,2026-07-11T02:45:00+0200,200.67,EUR/MWh,DK1,DK_1,imbalance_price,Long,2026-07-30T07:28:36Z
2026-07-30T07:25:17Z,2026-07-30T09:25:17+0200,e73b670a-bc29-4bfc-b6f4-93c290a4d3ee,2026-07-11T00:45:00Z,2026-07-11T02:45:00+0200,200.67,EUR/MWh,DK1,DK_1,imbalance_price,Short,2026-07-30T07:28:36Z
2026-07-30T07:25:17Z,2026-07-30T09:25:17+0200,e73b670a-bc29-4bfc-b6f4-93c290a4d3ee,2026-07-11T01:00:00Z,2026-07-11T03:00:00+0200,307.58,EUR/MWh,DK1,DK_1,imbalance_price,Long,2026-07-30T07:28:36Z
2026-07-30T07:25:17Z,2026-07-30T09:25:17+0200,e73b670a-bc29-4bfc-b6f4-93c290a4d3ee,2026-07-11T01:00:00Z,2026-07-11T03:00:00+0200,307.58,EUR/MWh,DK1,DK_1,imbalance_price,Short,2026-07-30T07:28:36Z
2026-07-30T07:25:17Z,2026-07-30T09:25:17+0200,e73b670a-bc29-4bfc-b6f4-93c290a4d3ee,2026-07-11T01:15:00Z,2026-07-11T03:15:00+0200,267.6,EUR/MWh,DK1,DK_1,imbalance_price,Long,2026-07-30T07:28:36Z
2026-07-30T07:25:17Z,2026-07-30T09:25:17+0200,e73b670a-bc29-4bfc-b6f4-93c290a4d3ee,2026-07-11T01:15:00Z,2026-07-11T03:15:00+0200,267.6,EUR/MWh,DK1,DK_1,imbalance_price,Short,2026-07-30T07:28:36Z
2026-07-30T07:25:17Z,2026-07-30T09:25:17+0200,e73b670a-bc29-4bfc-b6f4-93c290a4d3ee,2026-07-11T01:30:00Z,2026-07-11T03:30:00+0200,249.2,EUR/MWh,DK1,DK_1,imbalance_price,Long,2026-07-30T07:28:36Z
2026-07-30T07:25:17Z,2026-07-30T09:25:17+0200,e73b670a-bc29-4bfc-b6f4-93c290a4d3ee,2026-07-11T01:30:00Z,2026-07-11T03:30:00+0200,249.2,EUR/MWh,DK1,DK_1,imbalance_price,Short,2026-07-30T07:28:36Z
2026-07-30T07:25:17Z,2026-07-30T09:25:17+0200,e73b670a-bc29-4bfc-b6f4-93c290a4d3ee,2026-07-11T01:45:00Z,2026-07-11T03:45:00+0200,166.21,EUR/MWh,DK1,DK_1,imbalance_price,Long,2026-07-30T07:28:36Z
2026-07-30T07:25:17Z,2026-07-30T09:25:17+0200,e73b670a-bc29-4bfc-b6f4-93c290a4d3ee,2026-07-11T01:45:00Z,2026-07-11T03:45:00+0200,166.21,EUR/MWh,DK1,DK_1,imbalance_price,Short,2026-07-30T07:28:36Z
2026-07-30T07:25:17Z,2026-07-30T09:25:17+0200,e73b670a-bc29-4bfc-b6f4-93c290a4d3ee,2026-07-11T02:00:00Z,2026-07-11T04:00:00+0200,196.73,EUR/MWh,DK1,DK_1,imbalance_price,Long,2026-07-30T07:28:36Z
2026-07-30T07:25:17Z,2026-07-30T09:25:17+0200,e73b670a-bc29-4bfc-b6f4-93c290a4d3ee,2026-07-11T02:00:00Z,2026-07-11T04:00:00+0200,196.73,EUR/MWh,DK1,DK_1,imbalance_price,Short,2026-07-30T07:28:36Z
2026-07-30T07:25:17Z,2026-07-30T09:25:17+0200,e73b670a-bc29-4bfc-b6f4-93c290a4d3ee,2026-07-11T02:15:00Z,2026-07-11T04:15:00+0200,267.6,EUR/MWh,DK1,DK_1,imbalance_price,Long,2026-07-30T07:28:36Z
2026-07-30T07:25:17Z,2026-07-30T09:25:17+0200,e73b670a-bc29-4bfc-b6f4-93c290a4d3ee,2026-07-11T02:15:00Z,2026-07-11T04:15:00+0200,267.6,EUR/MWh,DK1,DK_1,imbalance_price,Short,2026-07-30T07:28:36Z
2026-07-30T07:25:17Z,2026-07-30T09:25:17+0200,e73b670a-bc29-4bfc-b6f4-93c290a4d3ee,2026-07-11T02:30:00Z,2026-07-11T04:30:00+0200,267.57,EUR/MWh,DK1,DK_1,imbalance_price,Long,2026-07-30T07:28:36Z
2026-07-30T07:25:17Z,2026-07-30T09:25:17+0200,e73b670a-bc29-4bfc-b6f4-93c290a4d3ee,2026-07-11T02:30:00Z,2026-07-11T04:30:00+0200,267.57,EUR/MWh,DK1,DK_1,imbalance_price,Short,2026-07-30T07:28:36Z
2026-07-30T07:25:17Z,2026-07-30T09:25:17+0200,e73b670a-bc29-4bfc-b6f4-93c290a4d3ee,2026-07-11T02:45:00Z,2026-07-11T04:45:00+0200,267.6,EUR/MWh,DK1,DK_1,imbalance_price,Long,2026-07-30T07:28:36Z
2026-07-30T07:25:17Z,2026-07-30T09:25:17+0200,e73b670a-bc29-4bfc-b6f4-93c290a4d3ee,2026-07-11T02:45:00Z,2026-07-11T04:45:00+0200,267.6,EUR/MWh,DK1,DK_1,imbalance_price,Short,2026-07-30T07:28:36Z
2026-07-30T07:25:17Z,2026-07-30T09:25:17+0200,e73b670a-bc29-4bfc-b6f4-93c290a4d3ee,2026-07-11T03:00:00Z,2026-07-11T05:00:00+0200,141.44,EUR/MWh,DK1,DK_1,imbalance_price,Long,2026-07-30T07:28:36Z
2026-07-30T07:25:17Z,2026-07-30T09:25:17+0200,e73b670a-bc29-4bfc-b6f4-93c290a4d3ee,2026-07-11T03:00:00Z,2026-07-11T05:00:00+0200,141.44,EUR/MWh,DK1,DK_1,imbalance_price,Short,2026-07-30T07:28:36Z
2026-07-30T07:25:17Z,2026-07-30T09:25:17+0200,e73b670a-bc29-4bfc-b6f4-93c290a4d3ee,2026-07-11T03:15:00Z,2026-07-11T05:15:00+0200,138.63,EUR/MWh,DK1,DK_1,imbalance_price,Long,2026-07-30T07:28:36Z
2026-07-30T07:25:17Z,2026-07-30T09:25:17+0200,e73b670a-bc29-4bfc-b6f4-93c290a4d3ee,2026-07-11T03:15:00Z,2026-07-11T05:15:00+0200,138.63,EUR/MWh,DK1,DK_1,imbalance_price,Short,2026-07-30T07:28:36Z
2026-07-30T07:25:17Z,2026-07-30T09:25:17+0200,e73b670a-bc29-4bfc-b6f4-93c290a4d3ee,2026-07-11T03:30:00Z,2026-07-11T05:30:00+0200,255.89,EUR/MWh,DK1,DK_1,imbalance_price,Long,2026-07-30T07:28:36Z
2026-07-30T07:25:17Z,2026-07-30T09:25:17+0200,e73b670a-bc29-4bfc-b6f4-93c290a4d3ee,2026-07-11T03:30:00Z,2026-07-11T05:30:00+0200,255.89,EUR/MWh,DK1,DK_1,imbalance_price,Short,2026-07-30T07:28:36Z
2026-07-30T07:25:17Z,2026-07-30T09:25:17+0200,e73b670a-bc29-4bfc-b6f4-93c290a4d3ee,2026-07-11T03:45:00Z,2026-07-11T05:45:00+0200,108.46,EUR/MWh,DK1,DK_1,imbalance_price,Long,2026-07-30T07:28:36Z
2026-07-30T07:25:17Z,2026-07-30T09:25:17+0200,e73b670a-bc29-4bfc-b6f4-93c290a4d3ee,2026-07-11T03:45:00Z,2026-07-11T05:45:00+0200,108.46,EUR/MWh,DK1,DK_1,imbalance_price,Short,2026-07-30T07:28:36Z
2026-07-30T07:25:17Z,2026-07-30T09:25:17+0200,e73b670a-bc29-4bfc-b6f4-93c290a4d3ee,2026-07-11T04:00:00Z,2026-07-11T06:00:00+0200,146.52,EUR/MWh,DK1,DK_1,imbalance_price,Long,2026-07-30T07:28:36Z
2026-07-30T07:25:17Z,2026-07-30T09:25:17+0200,e73b670a-bc29-4bfc-b6f4-93c290a4d3ee,2026-07-11T04:00:00Z,2026-07-11T06:00:00+0200,146.52,EUR/MWh,DK1,DK_1,imbalance_price,Short,2026-07-30T07:28:36Z
2026-07-30T07:25:17Z,2026-07-30T09:25:17+0200,e73b670a-bc29-4bfc-b6f4-93c290a4d3ee,2026-07-11T04:15:00Z,2026-07-11T06:15:00+0200,141.16,EUR/MWh,DK1,DK_1,imbalance_price,Long,2026-07-30T07:28:36Z
2026-07-30T07:25:17Z,2026-07-30T09:25:17+0200,e73b670a-bc29-4bfc-b6f4-93c290a4d3ee,2026-07-11T04:15:00Z,2026-07-11T06:15:00+0200,141.16,EUR/MWh,DK1,DK_1,imbalance_price,Short,2026-07-30T07:28:36Z
2026-07-30T07:25:17Z,2026-07-30T09:25:17+0200,e73b670a-bc29-4bfc-b6f4-93c290a4d3ee,2026-07-11T04:30:00Z,2026-07-11T06:30:00+0200,131.6,EUR/MWh,DK1,DK_1,imbalance_price,Long,2026-07-30T07:28:36Z
2026-07-30T07:25:17Z,2026-07-30T09:25:17+0200,e73b670a-bc29-4bfc-b6f4-93c290a4d3ee,2026-07-11T04:30:00Z,2026-07-11T06:30:00+0200,131.6,EUR/MWh,DK1,DK_1,imbalance_price,Short,2026-07-30T07:28:36Z
2026-07-30T07:25:17Z,2026-07-30T09:25:17+0200,e73b670a-bc29-4bfc-b6f4-93c290a4d3ee,2026-07-11T04:45:00Z,2026-07-11T06:45:00+0200,126.34,EUR/MWh,DK1,DK_1,imbalance_price,Long,2026-07-30T07:28:36Z
2026-07-30T07:25:17Z,2026-07-30T09:25:17+0200,e73b670a-bc29-4bfc-b6f4-93c290a4d3ee,2026-07-11T04:45:00Z,2026-07-11T06:45:00+0200,126.34,EUR/MWh,DK1,DK_1,imbalance_price,Short,2026-07-30T07:28:36Z
2026-07-30T07:25:17Z,2026-07-30T09:25:17+0200,e73b670a-bc29-4bfc-b6f4-93c290a4d3ee,2026-07-11T05:00:00Z,2026-07-11T07:00:00+0200,89.7,EUR/MWh,DK1,DK_1,imbalance_price,Long,2026-07-30T07:28:36Z
2026-07-30T07:25:17Z,2026-07-30T09:25:17+0200,e73b670a-bc29-4bfc-b6f4-93c290a4d3ee,2026-07-11T05:00:00Z,2026-07-11T07:00:00+0200,89.7,EUR/MWh,DK1,DK_1,imbalance_price,Short,2026-07-30T07:28:36Z
2026-07-30T07:25:17Z,2026-07-30T09:25:17+0200,e73b670a-bc29-4bfc-b6f4-93c290a4d3ee,2026-07-11T05:15:00Z,2026-07-11T07:15:00+0200,84.97,EUR/MWh,DK1,DK_1,imbalance_price,Long,2026-07-30T07:28:36Z
2026-07-30T07:25:17Z,2026-07-30T09:25:17+0200,e73b670a-bc29-4bfc-b6f4-93c290a4d3ee,2026-07-11T05:15:00Z,2026-07-11T07:15:00+0200,84.97,EUR/MWh,DK1,DK_1,imbalance_price,Short,2026-07-30T07:28:36Z
2026-07-30T07:25:17Z,2026-07-30T09:25:17+0200,e73b670a-bc29-4bfc-b6f4-93c290a4d3ee,2026-07-11T05:30:00Z,2026-07-11T07:30:00+0200,43.6,EUR/MWh,DK1,DK_1,imbalance_price,Long,2026-07-30T07:28:36Z
2026-07-30T07:25:17Z,2026-07-30T09:25:17+0200,e73b670a-bc29-4bfc-b6f4-93c290a4d3ee,2026-07-11T05:30:00Z,2026-07-11T07:30:00+0200,43.6,EUR/MWh,DK1,DK_1,imbalance_price,Short,2026-07-30T07:28:36Z
2026-07-30T07:25:17Z,2026-07-30T09:25:17+0200,e73b670a-bc29-4bfc-b6f4-93c290a4d3ee,2026-07-11T05:45:00Z,2026-07-11T07:45:00+0200,70.26,EUR/MWh,DK1,DK_1,imbalance_price,Long,2026-07-30T07:28:36Z
2026-07-30T07:25:17Z,2026-07-30T09:25:17+0200,e73b670a-bc29-4bfc-b6f4-93c290a4d3ee,2026-07-11T05:45:00Z,2026-07-11T07:45:00+0200,70.26,EUR/MWh,DK1,DK_1,imbalance_price,Short,2026-07-30T07:28:36Z
2026-07-30T07:25:17Z,2026-07-30T09:25:17+0200,e73b670a-bc29-4bfc-b6f4-93c290a4d3ee,2026-07-11T06:00:00Z,2026-07-11T08:00:00+0200,374.6,EUR/MWh,DK1,DK_1,imbalance_price,Long,2026-07-30T07:28:36Z
2026-07-30T07:25:17Z,2026-07-30T09:25:17+0200,e73b670a-bc29-4bfc-b6f4-93c290a4d3ee,2026-07-11T06:00:00Z,2026-07-11T08:00:00+0200,374.6,EUR/MWh,DK1,DK_1,imbalance_price,Short,2026-07-30T07:28:36Z
2026-07-30T07:25:17Z,2026-07-30T09:25:17+0200,e73b670a-bc29-4bfc-b6f4-93c290a4d3ee,2026-07-11T06:15:00Z,2026-07-11T08:15:00+0200,46.83,EUR/MWh,DK1,DK_1,imbalance_price,Long,2026-07-30T07:28:36Z
2026-07-30T07:25:17Z,2026-07-30T09:25:17+0200,e73b670a-bc29-4bfc-b6f4-93c290a4d3ee,2026-07-11T06:15:00Z,2026-07-11T08:15:00+0200,46.83,EUR/MWh,DK1,DK_1,imbalance_price,Short,2026-07-30T07:28:36Z
2026-07-30T07:25:17Z,2026-07-30T09:25:17+0200,e73b670a-bc29-4bfc-b6f4-93c290a4d3ee,2026-07-11T06:30:00Z,2026-07-11T08:30:00+0200,12.04,EUR/MWh,DK1,DK_1,imbalance_price,Long,2026-07-30T07:28:36Z
2026-07-30T07:25:17Z,2026-07-30T09:25:17+0200,e73b670a-bc29-4bfc-b6f4-93c290a4d3ee,2026-07-11T06:30:00Z,2026-07-11T08:30:00+0200,12.04,EUR/MWh,DK1,DK_1,imbalance_price,Short,2026-07-30T07:28:36Z
2026-07-30T07:25:17Z,2026-07-30T09:25:17+0200,e73b670a-bc29-4bfc-b6f4-93c290a4d3ee,2026-07-11T06:45:00Z,2026-07-11T08:45:00+0200,89.91,EUR/MWh,DK1,DK_1,imbalance_price,Long,2026-07-30T07:28:36Z
2026-07-30T07:25:17Z,2026-07-30T09:25:17+0200,e73b670a-bc29-4bfc-b6f4-93c290a4d3ee,2026-07-11T06:45:00Z,2026-07-11T08:45:00+0200,89.91,EUR/MWh,DK1,DK_1,imbalance_price,Short,2026-07-30T07:28:36Z
2026-07-30T07:25:17Z,2026-07-30T09:25:17+0200,e73b670a-bc29-4bfc-b6f4-93c290a4d3ee,2026-07-11T07:00:00Z,2026-07-11T09:00:00+0200,107.07,EUR/MWh,DK1,DK_1,imbalance_price,Long,2026-07-30T07:28:36Z
2026-07-30T07:25:17Z,2026-07-30T09:25:17+0200,e73b670a-bc29-4bfc-b6f4-93c290a4d3ee,2026-07-11T07:00:00Z,2026-07-11T09:00:00+0200,107.07,EUR/MWh,DK1,DK_1,imbalance_price,Short,2026-07-30T07:28:36Z
2026-07-30T07:25:17Z,2026-07-30T09:25:17+0200,e73b670a-bc29-4bfc-b6f4-93c290a4d3ee,2026-07-11T07:15:00Z,2026-07-11T09:15:00+0200,92.28,EUR/MWh,DK1,DK_1,imbalance_price,Long,2026-07-30T07:28:36Z
2026-07-30T07:25:17Z,2026-07-30T09:25:17+0200,e73b670a-bc29-4bfc-b6f4-93c290a4d3ee,2026-07-11T07:15:00Z,2026-07-11T09:15:00+0200,92.28,EUR/MWh,DK1,DK_1,imbalance_price,Short,2026-07-30T07:28:36Z
2026-07-30T07:25:17Z,2026-07-30T09:25:17+0200,e73b670a-bc29-4bfc-b6f4-93c290a4d3ee,2026-07-11T07:30:00Z,2026-07-11T09:30:00+0200,294.36,EUR/MWh,DK1,DK_1,imbalance_price,Long,2026-07-30T07:28:36Z
2026-07-30T07:25:17Z,2026-07-30T09:25:17+0200,e73b670a-bc29-4bfc-b6f4-93c290a4d3ee,2026-07-11T07:30:00Z,2026-07-11T09:30:00+0200,294.36,EUR/MWh,DK1,DK_1,imbalance_price,Short,2026-07-30T07:28:36Z
2026-07-30T07:25:17Z,2026-07-30T09:25:17+0200,e73b670a-bc29-4bfc-b6f4-93c290a4d3ee,2026-07-11T07:45:00Z,2026-07-11T09:45:00+0200,157.77,EUR/MWh,DK1,DK_1,imbalance_price,Long,2026-07-30T07:28:36Z
2026-07-30T07:25:17Z,2026-07-30T09:25:17+0200,e73b670a-bc29-4bfc-b6f4-93c290a4d3ee,2026-07-11T07:45:00Z,2026-07-11T09:45:00+0200,157.77,EUR/MWh,DK1,DK_1,imbalance_price,Short,2026-07-30T07:28:36Z
2026-07-30T07:25:17Z,2026-07-30T09:25:17+0200,e73b670a-bc29-4bfc-b6f4-93c290a4d3ee,2026-07-11T08:00:00Z,2026-07-11T10:00:00+0200,16.8,EUR/MWh,DK1,DK_1,imbalance_price,Long,2026-07-30T07:28:36Z
2026-07-30T07:25:17Z,2026-07-30T09:25:17+0200,e73b670a-bc29-4bfc-b6f4-93c290a4d3ee,2026-07-11T08:00:00Z,2026-07-11T10:00:00+0200,16.8,EUR/MWh,DK1,DK_1,imbalance_price,Short,2026-07-30T07:28:36Z
2026-07-30T07:25:17Z,2026-07-30T09:25:17+0200,e73b670a-bc29-4bfc-b6f4-93c290a4d3ee,2026-07-11T08:15:00Z,2026-07-11T10:15:00+0200,-0.24,EUR/MWh,DK1,DK_1,imbalance_price,Long,2026-07-30T07:28:36Z
2026-07-30T07:25:17Z,2026-07-30T09:25:17+0200,e73b670a-bc29-4bfc-b6f4-93c290a4d3ee,2026-07-11T08:15:00Z,2026-07-11T10:15:00+0200,-0.24,EUR/MWh,DK1,DK_1,imbalance_price,Short,2026-07-30T07:28:36Z
2026-07-30T07:25:17Z,2026-07-30T09:25:17+0200,e73b670a-bc29-4bfc-b6f4-93c290a4d3ee,2026-07-11T08:30:00Z,2026-07-11T10:30:00+0200,-4.68,EUR/MWh,DK1,DK_1,imbalance_price,Long,2026-07-30T07:28:36Z
2026-07-30T07:25:17Z,2026-07-30T09:25:17+0200,e73b670a-bc29-4bfc-b6f4-93c290a4d3ee,2026-07-11T08:30:00Z,2026-07-11T10:30:00+0200,-4.68,EUR/MWh,DK1,DK_1,imbalance_price,Short,2026-07-30T07:28:36Z
2026-07-30T07:25:17Z,2026-07-30T09:25:17+0200,e73b670a-bc29-4bfc-b6f4-93c290a4d3ee,2026-07-11T08:45:00Z,2026-07-11T10:45:00+0200,-4.66,EUR/MWh,DK1,DK_1,imbalance_price,Long,2026-07-30T07:28:36Z
2026-07-30T07:25:17Z,2026-07-30T09:25:17+0200,e73b670a-bc29-4bfc-b6f4-93c290a4d3ee,2026-07-11T08:45:00Z,2026-07-11T10:45:00+0200,-4.66,EUR/MWh,DK1,DK_1,imbalance_price,Short,2026-07-30T07:28:36Z
2026-07-30T07:25:17Z,2026-07-30T09:25:17+0200,e73b670a-bc29-4bfc-b6f4-93c290a4d3ee,2026-07-11T09:00:00Z,2026-07-11T11:00:00+0200,8.0,EUR/MWh,DK1,DK_1,imbalance_price,Long,2026-07-30T07:28:36Z
2026-07-30T07:25:17Z,2026-07-30T09:25:17+0200,e73b670a-bc29-4bfc-b6f4-93c290a4d3ee,2026-07-11T09:00:00Z,2026-07-11T11:00:00+0200,8.0,EUR/MWh,DK1,DK_1,imbalance_price,Short,2026-07-30T07:28:36Z
2026-07-30T07:25:17Z,2026-07-30T09:25:17+0200,e73b670a-bc29-4bfc-b6f4-93c290a4d3ee,2026-07-11T09:15:00Z,2026-07-11T11:15:00+0200,7.99,EUR/MWh,DK1,DK_1,imbalance_price,Long,2026-07-30T07:28:36Z
2026-07-30T07:25:17Z,2026-07-30T09:25:17+0200,e73b670a-bc29-4bfc-b6f4-93c290a4d3ee,2026-07-11T09:15:00Z,2026-07-11T11:15:00+0200,7.99,EUR/MWh,DK1,DK_1,imbalance_price,Short,2026-07-30T07:28:36Z
2026-07-30T07:25:17Z,2026-07-30T09:25:17+0200,e73b670a-bc29-4bfc-b6f4-93c290a4d3ee,2026-07-11T09:30:00Z,2026-07-11T11:30:00+0200,-4.69,EUR/MWh,DK1,DK_1,imbalance_price,Long,2026-07-30T07:28:36Z
2026-07-30T07:25:17Z,2026-07-30T09:25:17+0200,e73b670a-bc29-4bfc-b6f4-93c290a4d3ee,2026-07-11T09:30:00Z,2026-07-11T11:30:00+0200,-4.69,EUR/MWh,DK1,DK_1,imbalance_price,Short,2026-07-30T07:28:36Z
2026-07-30T07:25:17Z,2026-07-30T09:25:17+0200,e73b670a-bc29-4bfc-b6f4-93c290a4d3ee,2026-07-11T09:45:00Z,2026-07-11T11:45:00+0200,-6.69,EUR/MWh,DK1,DK_1,imbalance_price,Long,2026-07-30T07:28:36Z
2026-07-30T07:25:17Z,2026-07-30T09:25:17+0200,e73b670a-bc29-4bfc-b6f4-93c290a4d3ee,2026-07-11T09:45:00Z,2026-07-11T11:45:00+0200,-6.69,EUR/MWh,DK1,DK_1,imbalance_price,Short,2026-07-30T07:28:36Z
2026-07-30T07:25:17Z,2026-07-30T09:25:17+0200,e73b670a-bc29-4bfc-b6f4-93c290a4d3ee,2026-07-11T10:00:00Z,2026-07-11T12:00:00+0200,0.0,EUR/MWh,DK1,DK_1,imbalance_price,Long,2026-07-30T07:28:36Z
2026-07-30T07:25:17Z,2026-07-30T09:25:17+0200,e73b670a-bc29-4bfc-b6f4-93c290a4d3ee,2026-07-11T10:00:00Z,2026-07-11T12:00:00+0200,0.0,EUR/MWh,DK1,DK_1,imbalance_price,Short,2026-07-30T07:28:36Z
2026-07-30T07:25:17Z,2026-07-30T09:25:17+0200,e73b670a-bc29-4bfc-b6f4-93c290a4d3ee,2026-07-11T10:15:00Z,2026-07-11T12:15:00+0200,1.86,EUR/MWh,DK1,DK_1,imbalance_price,Long,2026-07-30T07:28:36Z
2026-07-30T07:25:17Z,2026-07-30T09:25:17+0200,e73b670a-bc29-4bfc-b6f4-93c290a4d3ee,2026-07-11T10:15:00Z,2026-07-11T12:15:00+0200,1.86,EUR/MWh,DK1,DK_1,imbalance_price,Short,2026-07-30T07:28:36Z
2026-07-30T07:25:17Z,2026-07-30T09:25:17+0200,e73b670a-bc29-4bfc-b6f4-93c290a4d3ee,2026-07-11T10:30:00Z,2026-07-11T12:30:00+0200,21.2,EUR/MWh,DK1,DK_1,imbalance_price,Long,2026-07-30T07:28:36Z
2026-07-30T07:25:17Z,2026-07-30T09:25:17+0200,e73b670a-bc29-4bfc-b6f4-93c290a4d3ee,2026-07-11T10:30:00Z,2026-07-11T12:30:00+0200,21.2,EUR/MWh,DK1,DK_1,imbalance_price,Short,2026-07-30T07:28:36Z
2026-07-30T07:25:17Z,2026-07-30T09:25:17+0200,e73b670a-bc29-4bfc-b6f4-93c290a4d3ee,2026-07-11T10:45:00Z,2026-07-11T12:45:00+0200,0.0,EUR/MWh,DK1,DK_1,imbalance_price,Long,2026-07-30T07:28:36Z
2026-07-30T07:25:17Z,2026-07-30T09:25:17+0200,e73b670a-bc29-4bfc-b6f4-93c290a4d3ee,2026-07-11T10:45:00Z,2026-07-11T12:45:00+0200,0.0,EUR/MWh,DK1,DK_1,imbalance_price,Short,2026-07-30T07:28:36Z
2026-07-30T07:25:17Z,2026-07-30T09:25:17+0200,e73b670a-bc29-4bfc-b6f4-93c290a4d3ee,2026-07-11T11:00:00Z,2026-07-11T13:00:00+0200,10.3,EUR/MWh,DK1,DK_1,imbalance_price,Long,2026-07-30T07:28:36Z
2026-07-30T07:25:17Z,2026-07-30T09:25:17+0200,e73b670a-bc29-4bfc-b6f4-93c290a4d3ee,2026-07-11T11:00:00Z,2026-07-11T13:00:00+0200,10.3,EUR/MWh,DK1,DK_1,imbalance_price,Short,2026-07-30T07:28:36Z
2026-07-30T07:25:17Z,2026-07-30T09:25:17+0200,e73b670a-bc29-4bfc-b6f4-93c290a4d3ee,2026-07-11T11:15:00Z,2026-07-11T13:15:00+0200,33.78,EUR/MWh,DK1,DK_1,imbalance_price,Long,2026-07-30T07:28:36Z
2026-07-30T07:25:17Z,2026-07-30T09:25:17+0200,e73b670a-bc29-4bfc-b6f4-93c290a4d3ee,2026-07-11T11:15:00Z,2026-07-11T13:15:00+0200,33.78,EUR/MWh,DK1,DK_1,imbalance_price,Short,2026-07-30T07:28:36Z
2026-07-30T07:25:17Z,2026-07-30T09:25:17+0200,e73b670a-bc29-4bfc-b6f4-93c290a4d3ee,2026-07-11T11:30:00Z,2026-07-11T13:30:00+0200,-6.69,EUR/MWh,DK1,DK_1,imbalance_price,Long,2026-07-30T07:28:36Z
2026-07-30T07:25:17Z,2026-07-30T09:25:17+0200,e73b670a-bc29-4bfc-b6f4-93c290a4d3ee,2026-07-11T11:30:00Z,2026-07-11T13:30:00+0200,-6.69,EUR/MWh,DK1,DK_1,imbalance_price,Short,2026-07-30T07:28:36Z
2026-07-30T07:25:17Z,2026-07-30T09:25:17+0200,e73b670a-bc29-4bfc-b6f4-93c290a4d3ee,2026-07-11T11:45:00Z,2026-07-11T13:45:00+0200,-6.69,EUR/MWh,DK1,DK_1,imbalance_price,Long,2026-07-30T07:28:36Z
2026-07-30T07:25:17Z,2026-07-30T09:25:17+0200,e73b670a-bc29-4bfc-b6f4-93c290a4d3ee,2026-07-11T11:45:00Z,2026-07-11T13:45:00+0200,-6.69,EUR/MWh,DK1,DK_1,imbalance_price,Short,2026-07-30T07:28:36Z
2026-07-30T07:25:17Z,2026-07-30T09:25:17+0200,e73b670a-bc29-4bfc-b6f4-93c290a4d3ee,2026-07-11T12:00:00Z,2026-07-11T14:00:00+0200,-6.69,EUR/MWh,DK1,DK_1,imbalance_price,Long,2026-07-30T07:28:36Z
2026-07-30T07:25:17Z,2026-07-30T09:25:17+0200,e73b670a-bc29-4bfc-b6f4-93c290a4d3ee,2026-07-11T12:00:00Z,2026-07-11T14:00:00+0200,-6.69,EUR/MWh,DK1,DK_1,imbalance_price,Short,2026-07-30T07:28:36Z
2026-07-30T07:25:17Z,2026-07-30T09:25:17+0200,e73b670a-bc29-4bfc-b6f4-93c290a4d3ee,2026-07-11T12:15:00Z,2026-07-11T14:15:00+0200,-6.69,EUR/MWh,DK1,DK_1,imbalance_price,Long,2026-07-30T07:28:36Z
2026-07-30T07:25:17Z,2026-07-30T09:25:17+0200,e73b670a-bc29-4bfc-b6f4-93c290a4d3ee,2026-07-11T12:15:00Z,2026-07-11T14:15:00+0200,-6.69,EUR/MWh,DK1,DK_1,imbalance_price,Short,2026-07-30T07:28:36Z
2026-07-30T07:25:17Z,2026-07-30T09:25:17+0200,e73b670a-bc29-4bfc-b6f4-93c290a4d3ee,2026-07-11T12:30:00Z,2026-07-11T14:30:00+0200,4.99,EUR/MWh,DK1,DK_1,imbalance_price,Long,2026-07-30T07:28:36Z
2026-07-30T07:25:17Z,2026-07-30T09:25:17+0200,e73b670a-bc29-4bfc-b6f4-93c290a4d3ee,2026-07-11T12:30:00Z,2026-07-11T14:30:00+0200,4.99,EUR/MWh,DK1,DK_1,imbalance_price,Short,2026-07-30T07:28:36Z
2026-07-30T07:25:17Z,2026-07-30T09:25:17+0200,e73b670a-bc29-4bfc-b6f4-93c290a4d3ee,2026-07-11T12:45:00Z,2026-07-11T14:45:00+0200,-6.69,EUR/MWh,DK1,DK_1,imbalance_price,Long,2026-07-30T07:28:36Z
2026-07-30T07:25:17Z,2026-07-30T09:25:17+0200,e73b670a-bc29-4bfc-b6f4-93c290a4d3ee,2026-07-11T12:45:00Z,2026-07-11T14:45:00+0200,-6.69,EUR/MWh,DK1,DK_1,imbalance_price,Short,2026-07-30T07:28:36Z
2026-07-30T07:25:17Z,2026-07-30T09:25:17+0200,e73b670a-bc29-4bfc-b6f4-93c290a4d3ee,2026-07-11T13:00:00Z,2026-07-11T15:00:00+0200,-10.0,EUR/MWh,DK1,DK_1,imbalance_price,Long,2026-07-30T07:28:36Z
2026-07-30T07:25:17Z,2026-07-30T09:25:17+0200,e73b670a-bc29-4bfc-b6f4-93c290a4d3ee,2026-07-11T13:00:00Z,2026-07-11T15:00:00+0200,-10.0,EUR/MWh,DK1,DK_1,imbalance_price,Short,2026-07-30T07:28:36Z
2026-07-30T07:25:17Z,2026-07-30T09:25:17+0200,e73b670a-bc29-4bfc-b6f4-93c290a4d3ee,2026-07-11T13:15:00Z,2026-07-11T15:15:00+0200,-6.69,EUR/MWh,DK1,DK_1,imbalance_price,Long,2026-07-30T07:28:36Z
2026-07-30T07:25:17Z,2026-07-30T09:25:17+0200,e73b670a-bc29-4bfc-b6f4-93c290a4d3ee,2026-07-11T13:15:00Z,2026-07-11T15:15:00+0200,-6.69,EUR/MWh,DK1,DK_1,imbalance_price,Short,2026-07-30T07:28:36Z
2026-07-30T07:25:17Z,2026-07-30T09:25:17+0200,e73b670a-bc29-4bfc-b6f4-93c290a4d3ee,2026-07-11T13:30:00Z,2026-07-11T15:30:00+0200,-6.69,EUR/MWh,DK1,DK_1,imbalance_price,Long,2026-07-30T07:28:36Z
2026-07-30T07:25:17Z,2026-07-30T09:25:17+0200,e73b670a-bc29-4bfc-b6f4-93c290a4d3ee,2026-07-11T13:30:00Z,2026-07-11T15:30:00+0200,-6.69,EUR/MWh,DK1,DK_1,imbalance_price,Short,2026-07-30T07:28:36Z
2026-07-30T07:25:17Z,2026-07-30T09:25:17+0200,e73b670a-bc29-4bfc-b6f4-93c290a4d3ee,2026-07-11T13:45:00Z,2026-07-11T15:45:00+0200,-10.0,EUR/MWh,DK1,DK_1,imbalance_price,Long,2026-07-30T07:28:36Z
2026-07-30T07:25:17Z,2026-07-30T09:25:17+0200,e73b670a-bc29-4bfc-b6f4-93c290a4d3ee,2026-07-11T13:45:00Z,2026-07-11T15:45:00+0200,-10.0,EUR/MWh,DK1,DK_1,imbalance_price,Short,2026-07-30T07:28:36Z
2026-07-30T07:25:17Z,2026-07-30T09:25:17+0200,e73b670a-bc29-4bfc-b6f4-93c290a4d3ee,2026-07-11T14:00:00Z,2026-07-11T16:00:00+0200,-13.38,EUR/MWh,DK1,DK_1,imbalance_price,Long,2026-07-30T07:28:36Z
2026-07-30T07:25:17Z,2026-07-30T09:25:17+0200,e73b670a-bc29-4bfc-b6f4-93c290a4d3ee,2026-07-11T14:00:00Z,2026-07-11T16:00:00+0200,-13.38,EUR/MWh,DK1,DK_1,imbalance_price,Short,2026-07-30T07:28:36Z
2026-07-30T07:25:17Z,2026-07-30T09:25:17+0200,e73b670a-bc29-4bfc-b6f4-93c290a4d3ee,2026-07-11T14:15:00Z,2026-07-11T16:15:00+0200,-11.79,EUR/MWh,DK1,DK_1,imbalance_price,Long,2026-07-30T07:28:36Z
2026-07-30T07:25:17Z,2026-07-30T09:25:17+0200,e73b670a-bc29-4bfc-b6f4-93c290a4d3ee,2026-07-11T14:15:00Z,2026-07-11T16:15:00+0200,-11.79,EUR/MWh,DK1,DK_1,imbalance_price,Short,2026-07-30T07:28:36Z
2026-07-30T07:25:17Z,2026-07-30T09:25:17+0200,e73b670a-bc29-4bfc-b6f4-93c290a4d3ee,2026-07-11T14:30:00Z,2026-07-11T16:30:00+0200,-6.69,EUR/MWh,DK1,DK_1,imbalance_price,Long,2026-07-30T07:28:36Z
2026-07-30T07:25:17Z,2026-07-30T09:25:17+0200,e73b670a-bc29-4bfc-b6f4-93c290a4d3ee,2026-07-11T14:30:00Z,2026-07-11T16:30:00+0200,-6.69,EUR/MWh,DK1,DK_1,imbalance_price,Short,2026-07-30T07:28:36Z
2026-07-30T07:25:17Z,2026-07-30T09:25:17+0200,e73b670a-bc29-4bfc-b6f4-93c290a4d3ee,2026-07-11T14:45:00Z,2026-07-11T16:45:00+0200,-2.01,EUR/MWh,DK1,DK_1,imbalance_price,Long,2026-07-30T07:28:36Z
2026-07-30T07:25:17Z,2026-07-30T09:25:17+0200,e73b670a-bc29-4bfc-b6f4-93c290a4d3ee,2026-07-11T14:45:00Z,2026-07-11T16:45:00+0200,-2.01,EUR/MWh,DK1,DK_1,imbalance_price,Short,2026-07-30T07:28:36Z
2026-07-30T07:25:17Z,2026-07-30T09:25:17+0200,e73b670a-bc29-4bfc-b6f4-93c290a4d3ee,2026-07-11T15:00:00Z,2026-07-11T17:00:00+0200,-5.0,EUR/MWh,DK1,DK_1,imbalance_price,Long,2026-07-30T07:28:36Z
2026-07-30T07:25:17Z,2026-07-30T09:25:17+0200,e73b670a-bc29-4bfc-b6f4-93c290a4d3ee,2026-07-11T15:00:00Z,2026-07-11T17:00:00+0200,-5.0,EUR/MWh,DK1,DK_1,imbalance_price,Short,2026-07-30T07:28:36Z
2026-07-30T07:25:17Z,2026-07-30T09:25:17+0200,e73b670a-bc29-4bfc-b6f4-93c290a4d3ee,2026-07-11T15:15:00Z,2026-07-11T17:15:00+0200,-6.69,EUR/MWh,DK1,DK_1,imbalance_price,Long,2026-07-30T07:28:36Z
2026-07-30T07:25:17Z,2026-07-30T09:25:17+0200,e73b670a-bc29-4bfc-b6f4-93c290a4d3ee,2026-07-11T15:15:00Z,2026-07-11T17:15:00+0200,-6.69,EUR/MWh,DK1,DK_1,imbalance_price,Short,2026-07-30T07:28:36Z
2026-07-30T07:25:17Z,2026-07-30T09:25:17+0200,e73b670a-bc29-4bfc-b6f4-93c290a4d3ee,2026-07-11T15:30:00Z,2026-07-11T17:30:00+0200,-1.99,EUR/MWh,DK1,DK_1,imbalance_price,Long,2026-07-30T07:28:36Z
2026-07-30T07:25:17Z,2026-07-30T09:25:17+0200,e73b670a-bc29-4bfc-b6f4-93c290a4d3ee,2026-07-11T15:30:00Z,2026-07-11T17:30:00+0200,-1.99,EUR/MWh,DK1,DK_1,imbalance_price,Short,2026-07-30T07:28:36Z
2026-07-30T07:25:17Z,2026-07-30T09:25:17+0200,e73b670a-bc29-4bfc-b6f4-93c290a4d3ee,2026-07-11T15:45:00Z,2026-07-11T17:45:00+0200,0.0,EUR/MWh,DK1,DK_1,imbalance_price,Long,2026-07-30T07:28:36Z
2026-07-30T07:25:17Z,2026-07-30T09:25:17+0200,e73b670a-bc29-4bfc-b6f4-93c290a4d3ee,2026-07-11T15:45:00Z,2026-07-11T17:45:00+0200,0.0,EUR/MWh,DK1,DK_1,imbalance_price,Short,2026-07-30T07:28:36Z
2026-07-30T07:25:17Z,2026-07-30T09:25:17+0200,e73b670a-bc29-4bfc-b6f4-93c290a4d3ee,2026-07-11T16:00:00Z,2026-07-11T18:00:00+0200,8.0,EUR/MWh,DK1,DK_1,imbalance_price,Long,2026-07-30T07:28:36Z
2026-07-30T07:25:17Z,2026-07-30T09:25:17+0200,e73b670a-bc29-4bfc-b6f4-93c290a4d3ee,2026-07-11T16:00:00Z,2026-07-11T18:00:00+0200,8.0,EUR/MWh,DK1,DK_1,imbalance_price,Short,2026-07-30T07:28:36Z
2026-07-30T07:25:17Z,2026-07-30T09:25:17+0200,e73b670a-bc29-4bfc-b6f4-93c290a4d3ee,2026-07-11T16:15:00Z,2026-07-11T18:15:00+0200,82.86,EUR/MWh,DK1,DK_1,imbalance_price,Long,2026-07-30T07:28:36Z
2026-07-30T07:25:17Z,2026-07-30T09:25:17+0200,e73b670a-bc29-4bfc-b6f4-93c290a4d3ee,2026-07-11T16:15:00Z,2026-07-11T18:15:00+0200,82.86,EUR/MWh,DK1,DK_1,imbalance_price,Short,2026-07-30T07:28:36Z
2026-07-30T07:25:17Z,2026-07-30T09:25:17+0200,e73b670a-bc29-4bfc-b6f4-93c290a4d3ee,2026-07-11T16:30:00Z,2026-07-11T18:30:00+0200,215.39,EUR/MWh,DK1,DK_1,imbalance_price,Long,2026-07-30T07:28:36Z
2026-07-30T07:25:17Z,2026-07-30T09:25:17+0200,e73b670a-bc29-4bfc-b6f4-93c290a4d3ee,2026-07-11T16:30:00Z,2026-07-11T18:30:00+0200,215.39,EUR/MWh,DK1,DK_1,imbalance_price,Short,2026-07-30T07:28:36Z
2026-07-30T07:25:17Z,2026-07-30T09:25:17+0200,e73b670a-bc29-4bfc-b6f4-93c290a4d3ee,2026-07-11T16:45:00Z,2026-07-11T18:45:00+0200,149.72,EUR/MWh,DK1,DK_1,imbalance_price,Long,2026-07-30T07:28:36Z
2026-07-30T07:25:17Z,2026-07-30T09:25:17+0200,e73b670a-bc29-4bfc-b6f4-93c290a4d3ee,2026-07-11T16:45:00Z,2026-07-11T18:45:00+0200,149.72,EUR/MWh,DK1,DK_1,imbalance_price,Short,2026-07-30T07:28:36Z
2026-07-30T07:25:17Z,2026-07-30T09:25:17+0200,e73b670a-bc29-4bfc-b6f4-93c290a4d3ee,2026-07-11T17:00:00Z,2026-07-11T19:00:00+0200,51.04,EUR/MWh,DK1,DK_1,imbalance_price,Long,2026-07-30T07:28:36Z
2026-07-30T07:25:17Z,2026-07-30T09:25:17+0200,e73b670a-bc29-4bfc-b6f4-93c290a4d3ee,2026-07-11T17:00:00Z,2026-07-11T19:00:00+0200,51.04,EUR/MWh,DK1,DK_1,imbalance_price,Short,2026-07-30T07:28:36Z
2026-07-30T07:25:17Z,2026-07-30T09:25:17+0200,e73b670a-bc29-4bfc-b6f4-93c290a4d3ee,2026-07-11T17:15:00Z,2026-07-11T19:15:00+0200,141.06,EUR/MWh,DK1,DK_1,imbalance_price,Long,2026-07-30T07:28:36Z
2026-07-30T07:25:17Z,2026-07-30T09:25:17+0200,e73b670a-bc29-4bfc-b6f4-93c290a4d3ee,2026-07-11T17:15:00Z,2026-07-11T19:15:00+0200,141.06,EUR/MWh,DK1,DK_1,imbalance_price,Short,2026-07-30T07:28:36Z
2026-07-30T07:25:17Z,2026-07-30T09:25:17+0200,e73b670a-bc29-4bfc-b6f4-93c290a4d3ee,2026-07-11T17:30:00Z,2026-07-11T19:30:00+0200,46.83,EUR/MWh,DK1,DK_1,imbalance_price,Long,2026-07-30T07:28:36Z
2026-07-30T07:25:17Z,2026-07-30T09:25:17+0200,e73b670a-bc29-4bfc-b6f4-93c290a4d3ee,2026-07-11T17:30:00Z,2026-07-11T19:30:00+0200,46.83,EUR/MWh,DK1,DK_1,imbalance_price,Short,2026-07-30T07:28:36Z
2026-07-30T07:25:17Z,2026-07-30T09:25:17+0200,e73b670a-bc29-4bfc-b6f4-93c290a4d3ee,2026-07-11T17:45:00Z,2026-07-11T19:45:00+0200,120.04,EUR/MWh,DK1,DK_1,imbalance_price,Long,2026-07-30T07:28:36Z
2026-07-30T07:25:17Z,2026-07-30T09:25:17+0200,e73b670a-bc29-4bfc-b6f4-93c290a4d3ee,2026-07-11T17:45:00Z,2026-07-11T19:45:00+0200,120.04,EUR/MWh,DK1,DK_1,imbalance_price,Short,2026-07-30T07:28:36Z
2026-07-30T07:25:17Z,2026-07-30T09:25:17+0200,e73b670a-bc29-4bfc-b6f4-93c290a4d3ee,2026-07-11T18:00:00Z,2026-07-11T20:00:00+0200,87.92,EUR/MWh,DK1,DK_1,imbalance_price,Long,2026-07-30T07:28:36Z
2026-07-30T07:25:17Z,2026-07-30T09:25:17+0200,e73b670a-bc29-4bfc-b6f4-93c290a4d3ee,2026-07-11T18:00:00Z,2026-07-11T20:00:00+0200,87.92,EUR/MWh,DK1,DK_1,imbalance_price,Short,2026-07-30T07:28:36Z
2026-07-30T07:25:17Z,2026-07-30T09:25:17+0200,e73b670a-bc29-4bfc-b6f4-93c290a4d3ee,2026-07-11T18:15:00Z,2026-07-11T20:15:00+0200,87.92,EUR/MWh,DK1,DK_1,imbalance_price,Long,2026-07-30T07:28:36Z
2026-07-30T07:25:17Z,2026-07-30T09:25:17+0200,e73b670a-bc29-4bfc-b6f4-93c290a4d3ee,2026-07-11T18:15:00Z,2026-07-11T20:15:00+0200,87.92,EUR/MWh,DK1,DK_1,imbalance_price,Short,2026-07-30T07:28:36Z
2026-07-30T07:25:17Z,2026-07-30T09:25:17+0200,e73b670a-bc29-4bfc-b6f4-93c290a4d3ee,2026-07-11T18:30:00Z,2026-07-11T20:30:00+0200,334.33,EUR/MWh,DK1,DK_1,imbalance_price,Long,2026-07-30T07:28:36Z
2026-07-30T07:25:17Z,2026-07-30T09:25:17+0200,e73b670a-bc29-4bfc-b6f4-93c290a4d3ee,2026-07-11T18:30:00Z,2026-07-11T20:30:00+0200,334.33,EUR/MWh,DK1,DK_1,imbalance_price,Short,2026-07-30T07:28:36Z
2026-07-30T07:25:17Z,2026-07-30T09:25:17+0200,e73b670a-bc29-4bfc-b6f4-93c290a4d3ee,2026-07-11T18:45:00Z,2026-07-11T20:45:00+0200,120.63,EUR/MWh,DK1,DK_1,imbalance_price,Long,2026-07-30T07:28:36Z
2026-07-30T07:25:17Z,2026-07-30T09:25:17+0200,e73b670a-bc29-4bfc-b6f4-93c290a4d3ee,2026-07-11T18:45:00Z,2026-07-11T20:45:00+0200,120.63,EUR/MWh,DK1,DK_1,imbalance_price,Short,2026-07-30T07:28:36Z
2026-07-30T07:25:17Z,2026-07-30T09:25:17+0200,e73b670a-bc29-4bfc-b6f4-93c290a4d3ee,2026-07-11T19:00:00Z,2026-07-11T21:00:00+0200,87.92,EUR/MWh,DK1,DK_1,imbalance_price,Long,2026-07-30T07:28:36Z
2026-07-30T07:25:17Z,2026-07-30T09:25:17+0200,e73b670a-bc29-4bfc-b6f4-93c290a4d3ee,2026-07-11T19:00:00Z,2026-07-11T21:00:00+0200,87.92,EUR/MWh,DK1,DK_1,imbalance_price,Short,2026-07-30T07:28:36Z
2026-07-30T07:25:17Z,2026-07-30T09:25:17+0200,e73b670a-bc29-4bfc-b6f4-93c290a4d3ee,2026-07-11T19:15:00Z,2026-07-11T21:15:00+0200,86.26,EUR/MWh,DK1,DK_1,imbalance_price,Long,2026-07-30T07:28:36Z
2026-07-30T07:25:17Z,2026-07-30T09:25:17+0200,e73b670a-bc29-4bfc-b6f4-93c290a4d3ee,2026-07-11T19:15:00Z,2026-07-11T21:15:00+0200,86.26,EUR/MWh,DK1,DK_1,imbalance_price,Short,2026-07-30T07:28:36Z
2026-07-30T07:25:17Z,2026-07-30T09:25:17+0200,e73b670a-bc29-4bfc-b6f4-93c290a4d3ee,2026-07-11T19:30:00Z,2026-07-11T21:30:00+0200,157.95,EUR/MWh,DK1,DK_1,imbalance_price,Long,2026-07-30T07:28:36Z
2026-07-30T07:25:17Z,2026-07-30T09:25:17+0200,e73b670a-bc29-4bfc-b6f4-93c290a4d3ee,2026-07-11T19:30:00Z,2026-07-11T21:30:00+0200,157.95,EUR/MWh,DK1,DK_1,imbalance_price,Short,2026-07-30T07:28:36Z
2026-07-30T07:25:17Z,2026-07-30T09:25:17+0200,e73b670a-bc29-4bfc-b6f4-93c290a4d3ee,2026-07-11T19:45:00Z,2026-07-11T21:45:00+0200,156.54,EUR/MWh,DK1,DK_1,imbalance_price,Long,2026-07-30T07:28:36Z
2026-07-30T07:25:17Z,2026-07-30T09:25:17+0200,e73b670a-bc29-4bfc-b6f4-93c290a4d3ee,2026-07-11T19:45:00Z,2026-07-11T21:45:00+0200,156.54,EUR/MWh,DK1,DK_1,imbalance_price,Short,2026-07-30T07:28:36Z
2026-07-30T07:25:17Z,2026-07-30T09:25:17+0200,e73b670a-bc29-4bfc-b6f4-93c290a4d3ee,2026-07-11T20:00:00Z,2026-07-11T22:00:00+0200,119.85,EUR/MWh,DK1,DK_1,imbalance_price,Long,2026-07-30T07:28:36Z
2026-07-30T07:25:17Z,2026-07-30T09:25:17+0200,e73b670a-bc29-4bfc-b6f4-93c290a4d3ee,2026-07-11T20:00:00Z,2026-07-11T22:00:00+0200,119.85,EUR/MWh,DK1,DK_1,imbalance_price,Short,2026-07-30T07:28:36Z
2026-07-30T07:25:17Z,2026-07-30T09:25:17+0200,e73b670a-bc29-4bfc-b6f4-93c290a4d3ee,2026-07-11T20:15:00Z,2026-07-11T22:15:00+0200,155.31,EUR/MWh,DK1,DK_1,imbalance_price,Long,2026-07-30T07:28:36Z
2026-07-30T07:25:17Z,2026-07-30T09:25:17+0200,e73b670a-bc29-4bfc-b6f4-93c290a4d3ee,2026-07-11T20:15:00Z,2026-07-11T22:15:00+0200,155.31,EUR/MWh,DK1,DK_1,imbalance_price,Short,2026-07-30T07:28:36Z
2026-07-30T07:25:17Z,2026-07-30T09:25:17+0200,e73b670a-bc29-4bfc-b6f4-93c290a4d3ee,2026-07-11T20:30:00Z,2026-07-11T22:30:00+0200,87.92,EUR/MWh,DK1,DK_1,imbalance_price,Long,2026-07-30T07:28:36Z
2026-07-30T07:25:17Z,2026-07-30T09:25:17+0200,e73b670a-bc29-4bfc-b6f4-93c290a4d3ee,2026-07-11T20:30:00Z,2026-07-11T22:30:00+0200,87.92,EUR/MWh,DK1,DK_1,imbalance_price,Short,2026-07-30T07:28:36Z
2026-07-30T07:25:17Z,2026-07-30T09:25:17+0200,e73b670a-bc29-4bfc-b6f4-93c290a4d3ee,2026-07-11T20:45:00Z,2026-07-11T22:45:00+0200,162.98,EUR/MWh,DK1,DK_1,imbalance_price,Long,2026-07-30T07:28:36Z
2026-07-30T07:25:17Z,2026-07-30T09:25:17+0200,e73b670a-bc29-4bfc-b6f4-93c290a4d3ee,2026-07-11T20:45:00Z,2026-07-11T22:45:00+0200,162.98,EUR/MWh,DK1,DK_1,imbalance_price,Short,2026-07-30T07:28:36Z
2026-07-30T07:25:17Z,2026-07-30T09:25:17+0200,e73b670a-bc29-4bfc-b6f4-93c290a4d3ee,2026-07-11T21:00:00Z,2026-07-11T23:00:00+0200,267.57,EUR/MWh,DK1,DK_1,imbalance_price,Long,2026-07-30T07:28:36Z
2026-07-30T07:25:17Z,2026-07-30T09:25:17+0200,e73b670a-bc29-4bfc-b6f4-93c290a4d3ee,2026-07-11T21:00:00Z,2026-07-11T23:00:00+0200,267.57,EUR/MWh,DK1,DK_1,imbalance_price,Short,2026-07-30T07:28:36Z
2026-07-30T07:25:17Z,2026-07-30T09:25:17+0200,e73b670a-bc29-4bfc-b6f4-93c290a4d3ee,2026-07-11T21:15:00Z,2026-07-11T23:15:00+0200,401.33,EUR/MWh,DK1,DK_1,imbalance_price,Long,2026-07-30T07:28:36Z
2026-07-30T07:25:17Z,2026-07-30T09:25:17+0200,e73b670a-bc29-4bfc-b6f4-93c290a4d3ee,2026-07-11T21:15:00Z,2026-07-11T23:15:00+0200,401.33,EUR/MWh,DK1,DK_1,imbalance_price,Short,2026-07-30T07:28:36Z
2026-07-30T07:25:17Z,2026-07-30T09:25:17+0200,e73b670a-bc29-4bfc-b6f4-93c290a4d3ee,2026-07-11T21:30:00Z,2026-07-11T23:30:00+0200,387.98,EUR/MWh,DK1,DK_1,imbalance_price,Long,2026-07-30T07:28:36Z
2026-07-30T07:25:17Z,2026-07-30T09:25:17+0200,e73b670a-bc29-4bfc-b6f4-93c290a4d3ee,2026-07-11T21:30:00Z,2026-07-11T23:30:00+0200,387.98,EUR/MWh,DK1,DK_1,imbalance_price,Short,2026-07-30T07:28:36Z
2026-07-30T07:25:17Z,2026-07-30T09:25:17+0200,e73b670a-bc29-4bfc-b6f4-93c290a4d3ee,2026-07-11T21:45:00Z,2026-07-11T23:45:00+0200,87.91,EUR/MWh,DK1,DK_1,imbalance_price,Long,2026-07-30T07:28:36Z
2026-07-30T07:25:17Z,2026-07-30T09:25:17+0200,e73b670a-bc29-4bfc-b6f4-93c290a4d3ee,2026-07-11T21:45:00Z,2026-07-11T23:45:00+0200,87.91,EUR/MWh,DK1,DK_1,imbalance_price,Short,2026-07-30T07:28:36Z
2026-07-30T07:25:17Z,2026-07-30T09:25:17+0200,e73b670a-bc29-4bfc-b6f4-93c290a4d3ee,2026-07-11T22:00:00Z,2026-07-12T00:00:00+0200,87.95,EUR/MWh,DK1,DK_1,imbalance_price,Long,2026-07-30T07:28:36Z
2026-07-30T07:25:17Z,2026-07-30T09:25:17+0200,e73b670a-bc29-4bfc-b6f4-93c290a4d3ee,2026-07-11T22:00:00Z,2026-07-12T00:00:00+0200,87.95,EUR/MWh,DK1,DK_1,imbalance_price,Short,2026-07-30T07:28:36Z
2026-07-30T07:25:17Z,2026-07-30T09:25:17+0200,e73b670a-bc29-4bfc-b6f4-93c290a4d3ee,2026-07-11T22:15:00Z,2026-07-12T00:15:00+0200,87.96,EUR/MWh,DK1,DK_1,imbalance_price,Long,2026-07-30T07:28:36Z
2026-07-30T07:25:17Z,2026-07-30T09:25:17+0200,e73b670a-bc29-4bfc-b6f4-93c290a4d3ee,2026-07-11T22:15:00Z,2026-07-12T00:15:00+0200,87.96,EUR/MWh,DK1,DK_1,imbalance_price,Short,2026-07-30T07:28:36Z
2026-07-30T07:25:17Z,2026-07-30T09:25:17+0200,e73b670a-bc29-4bfc-b6f4-93c290a4d3ee,2026-07-11T22:30:00Z,2026-07-12T00:30:00+0200,87.96,EUR/MWh,DK1,DK_1,imbalance_price,Long,2026-07-30T07:28:36Z
2026-07-30T07:25:17Z,2026-07-30T09:25:17+0200,e73b670a-bc29-4bfc-b6f4-93c290a4d3ee,2026-07-11T22:30:00Z,2026-07-12T00:30:00+0200,87.96,EUR/MWh,DK1,DK_1,imbalance_price,Short,2026-07-30T07:28:36Z
2026-07-30T07:25:17Z,2026-07-30T09:25:17+0200,e73b670a-bc29-4bfc-b6f4-93c290a4d3ee,2026-07-11T22:45:00Z,2026-07-12T00:45:00+0200,91.09,EUR/MWh,DK1,DK_1,imbalance_price,Long,2026-07-30T07:28:36Z
2026-07-30T07:25:17Z,2026-07-30T09:25:17+0200,e73b670a-bc29-4bfc-b6f4-93c290a4d3ee,2026-07-11T22:45:00Z,2026-07-12T00:45:00+0200,91.09,EUR/MWh,DK1,DK_1,imbalance_price,Short,2026-07-30T07:28:36Z
2026-07-30T07:25:17Z,2026-07-30T09:25:17+0200,e73b670a-bc29-4bfc-b6f4-93c290a4d3ee,2026-07-11T23:00:00Z,2026-07-12T01:00:00+0200,94.59,EUR/MWh,DK1,DK_1,imbalance_price,Long,2026-07-30T07:28:36Z
2026-07-30T07:25:17Z,2026-07-30T09:25:17+0200,e73b670a-bc29-4bfc-b6f4-93c290a4d3ee,2026-07-11T23:00:00Z,2026-07-12T01:00:00+0200,94.59,EUR/MWh,DK1,DK_1,imbalance_price,Short,2026-07-30T07:28:36Z
2026-07-30T07:25:17Z,2026-07-30T09:25:17+0200,e73b670a-bc29-4bfc-b6f4-93c290a4d3ee,2026-07-11T23:15:00Z,2026-07-12T01:15:00+0200,135.0,EUR/MWh,DK1,DK_1,imbalance_price,Long,2026-07-30T07:28:36Z
2026-07-30T07:25:17Z,2026-07-30T09:25:17+0200,e73b670a-bc29-4bfc-b6f4-93c290a4d3ee,2026-07-11T23:15:00Z,2026-07-12T01:15:00+0200,135.0,EUR/MWh,DK1,DK_1,imbalance_price,Short,2026-07-30T07:28:36Z
2026-07-30T07:25:17Z,2026-07-30T09:25:17+0200,e73b670a-bc29-4bfc-b6f4-93c290a4d3ee,2026-07-11T23:30:00Z,2026-07-12T01:30:00+0200,131.34,EUR/MWh,DK1,DK_1,imbalance_price,Long,2026-07-30T07:28:36Z
2026-07-30T07:25:17Z,2026-07-30T09:25:17+0200,e73b670a-bc29-4bfc-b6f4-93c290a4d3ee,2026-07-11T23:30:00Z,2026-07-12T01:30:00+0200,131.34,EUR/MWh,DK1,DK_1,imbalance_price,Short,2026-07-30T07:28:36Z
2026-07-30T07:25:17Z,2026-07-30T09:25:17+0200,e73b670a-bc29-4bfc-b6f4-93c290a4d3ee,2026-07-11T23:45:00Z,2026-07-12T01:45:00+0200,225.84,EUR/MWh,DK1,DK_1,imbalance_price,Long,2026-07-30T07:28:36Z
2026-07-30T07:25:17Z,2026-07-30T09:25:17+0200,e73b670a-bc29-4bfc-b6f4-93c290a4d3ee,2026-07-11T23:45:00Z,2026-07-12T01:45:00+0200,225.84,EUR/MWh,DK1,DK_1,imbalance_price,Short,2026-07-30T07:28:36Z
2026-07-30T07:25:17Z,2026-07-30T09:25:17+0200,e73b670a-bc29-4bfc-b6f4-93c290a4d3ee,2026-07-12T00:00:00Z,2026-07-12T02:00:00+0200,127.94,EUR/MWh,DK1,DK_1,imbalance_price,Long,2026-07-30T07:28:36Z
2026-07-30T07:25:17Z,2026-07-30T09:25:17+0200,e73b670a-bc29-4bfc-b6f4-93c290a4d3ee,2026-07-12T00:00:00Z,2026-07-12T02:00:00+0200,127.94,EUR/MWh,DK1,DK_1,imbalance_price,Short,2026-07-30T07:28:36Z
2026-07-30T07:25:17Z,2026-07-30T09:25:17+0200,e73b670a-bc29-4bfc-b6f4-93c290a4d3ee,2026-07-12T00:15:00Z,2026-07-12T02:15:00+0200,84.19,EUR/MWh,DK1,DK_1,imbalance_price,Long,2026-07-30T07:28:36Z
2026-07-30T07:25:17Z,2026-07-30T09:25:17+0200,e73b670a-bc29-4bfc-b6f4-93c290a4d3ee,2026-07-12T00:15:00Z,2026-07-12T02:15:00+0200,84.19,EUR/MWh,DK1,DK_1,imbalance_price,Short,2026-07-30T07:28:36Z
2026-07-30T07:25:17Z,2026-07-30T09:25:17+0200,e73b670a-bc29-4bfc-b6f4-93c290a4d3ee,2026-07-12T00:30:00Z,2026-07-12T02:30:00+0200,87.96,EUR/MWh,DK1,DK_1,imbalance_price,Long,2026-07-30T07:28:36Z
2026-07-30T07:25:17Z,2026-07-30T09:25:17+0200,e73b670a-bc29-4bfc-b6f4-93c290a4d3ee,2026-07-12T00:30:00Z,2026-07-12T02:30:00+0200,87.96,EUR/MWh,DK1,DK_1,imbalance_price,Short,2026-07-30T07:28:36Z
2026-07-30T07:25:17Z,2026-07-30T09:25:17+0200,e73b670a-bc29-4bfc-b6f4-93c290a4d3ee,2026-07-12T00:45:00Z,2026-07-12T02:45:00+0200,87.96,EUR/MWh,DK1,DK_1,imbalance_price,Long,2026-07-30T07:28:36Z
2026-07-30T07:25:17Z,2026-07-30T09:25:17+0200,e73b670a-bc29-4bfc-b6f4-93c290a4d3ee,2026-07-12T00:45:00Z,2026-07-12T02:45:00+0200,87.96,EUR/MWh,DK1,DK_1,imbalance_price,Short,2026-07-30T07:28:36Z
2026-07-30T07:25:17Z,2026-07-30T09:25:17+0200,e73b670a-bc29-4bfc-b6f4-93c290a4d3ee,2026-07-12T01:00:00Z,2026-07-12T03:00:00+0200,108.5,EUR/MWh,DK1,DK_1,imbalance_price,Long,2026-07-30T07:28:36Z
2026-07-30T07:25:17Z,2026-07-30T09:25:17+0200,e73b670a-bc29-4bfc-b6f4-93c290a4d3ee,2026-07-12T01:00:00Z,2026-07-12T03:00:00+0200,108.5,EUR/MWh,DK1,DK_1,imbalance_price,Short,2026-07-30T07:28:36Z
2026-07-30T07:25:17Z,2026-07-30T09:25:17+0200,e73b670a-bc29-4bfc-b6f4-93c290a4d3ee,2026-07-12T01:15:00Z,2026-07-12T03:15:00+0200,87.96,EUR/MWh,DK1,DK_1,imbalance_price,Long,2026-07-30T07:28:36Z
2026-07-30T07:25:17Z,2026-07-30T09:25:17+0200,e73b670a-bc29-4bfc-b6f4-93c290a4d3ee,2026-07-12T01:15:00Z,2026-07-12T03:15:00+0200,87.96,EUR/MWh,DK1,DK_1,imbalance_price,Short,2026-07-30T07:28:36Z
2026-07-30T07:25:17Z,2026-07-30T09:25:17+0200,e73b670a-bc29-4bfc-b6f4-93c290a4d3ee,2026-07-12T01:30:00Z,2026-07-12T03:30:00+0200,87.96,EUR/MWh,DK1,DK_1,imbalance_price,Long,2026-07-30T07:28:36Z
2026-07-30T07:25:17Z,2026-07-30T09:25:17+0200,e73b670a-bc29-4bfc-b6f4-93c290a4d3ee,2026-07-12T01:30:00Z,2026-07-12T03:30:00+0200,87.96,EUR/MWh,DK1,DK_1,imbalance_price,Short,2026-07-30T07:28:36Z
2026-07-30T07:25:17Z,2026-07-30T09:25:17+0200,e73b670a-bc29-4bfc-b6f4-93c290a4d3ee,2026-07-12T01:45:00Z,2026-07-12T03:45:00+0200,87.96,EUR/MWh,DK1,DK_1,imbalance_price,Long,2026-07-30T07:28:36Z
2026-07-30T07:25:17Z,2026-07-30T09:25:17+0200,e73b670a-bc29-4bfc-b6f4-93c290a4d3ee,2026-07-12T01:45:00Z,2026-07-12T03:45:00+0200,87.96,EUR/MWh,DK1,DK_1,imbalance_price,Short,2026-07-30T07:28:36Z
2026-07-30T07:25:17Z,2026-07-30T09:25:17+0200,e73b670a-bc29-4bfc-b6f4-93c290a4d3ee,2026-07-12T02:00:00Z,2026-07-12T04:00:00+0200,86.45,EUR/MWh,DK1,DK_1,imbalance_price,Long,2026-07-30T07:28:36Z
2026-07-30T07:25:17Z,2026-07-30T09:25:17+0200,e73b670a-bc29-4bfc-b6f4-93c290a4d3ee,2026-07-12T02:00:00Z,2026-07-12T04:00:00+0200,86.45,EUR/MWh,DK1,DK_1,imbalance_price,Short,2026-07-30T07:28:36Z
2026-07-30T07:25:17Z,2026-07-30T09:25:17+0200,e73b670a-bc29-4bfc-b6f4-93c290a4d3ee,2026-07-12T02:15:00Z,2026-07-12T04:15:00+0200,87.96,EUR/MWh,DK1,DK_1,imbalance_price,Long,2026-07-30T07:28:36Z
2026-07-30T07:25:17Z,2026-07-30T09:25:17+0200,e73b670a-bc29-4bfc-b6f4-93c290a4d3ee,2026-07-12T02:15:00Z,2026-07-12T04:15:00+0200,87.96,EUR/MWh,DK1,DK_1,imbalance_price,Short,2026-07-30T07:28:36Z
2026-07-30T07:25:17Z,2026-07-30T09:25:17+0200,e73b670a-bc29-4bfc-b6f4-93c290a4d3ee,2026-07-12T02:30:00Z,2026-07-12T04:30:00+0200,121.11,EUR/MWh,DK1,DK_1,imbalance_price,Long,2026-07-30T07:28:36Z
2026-07-30T07:25:17Z,2026-07-30T09:25:17+0200,e73b670a-bc29-4bfc-b6f4-93c290a4d3ee,2026-07-12T02:30:00Z,2026-07-12T04:30:00+0200,121.11,EUR/MWh,DK1,DK_1,imbalance_price,Short,2026-07-30T07:28:36Z
2026-07-30T07:25:17Z,2026-07-30T09:25:17+0200,e73b670a-bc29-4bfc-b6f4-93c290a4d3ee,2026-07-12T02:45:00Z,2026-07-12T04:45:00+0200,120.19,EUR/MWh,DK1,DK_1,imbalance_price,Long,2026-07-30T07:28:36Z
2026-07-30T07:25:17Z,2026-07-30T09:25:17+0200,e73b670a-bc29-4bfc-b6f4-93c290a4d3ee,2026-07-12T02:45:00Z,2026-07-12T04:45:00+0200,120.19,EUR/MWh,DK1,DK_1,imbalance_price,Short,2026-07-30T07:28:36Z
2026-07-30T07:25:17Z,2026-07-30T09:25:17+0200,e73b670a-bc29-4bfc-b6f4-93c290a4d3ee,2026-07-12T03:00:00Z,2026-07-12T05:00:00+0200,124.0,EUR/MWh,DK1,DK_1,imbalance_price,Long,2026-07-30T07:28:36Z
2026-07-30T07:25:17Z,2026-07-30T09:25:17+0200,e73b670a-bc29-4bfc-b6f4-93c290a4d3ee,2026-07-12T03:00:00Z,2026-07-12T05:00:00+0200,124.0,EUR/MWh,DK1,DK_1,imbalance_price,Short,2026-07-30T07:28:36Z
2026-07-30T07:25:17Z,2026-07-30T09:25:17+0200,e73b670a-bc29-4bfc-b6f4-93c290a4d3ee,2026-07-12T03:15:00Z,2026-07-12T05:15:00+0200,87.84,EUR/MWh,DK1,DK_1,imbalance_price,Long,2026-07-30T07:28:36Z
2026-07-30T07:25:17Z,2026-07-30T09:25:17+0200,e73b670a-bc29-4bfc-b6f4-93c290a4d3ee,2026-07-12T03:15:00Z,2026-07-12T05:15:00+0200,87.84,EUR/MWh,DK1,DK_1,imbalance_price,Short,2026-07-30T07:28:36Z
2026-07-30T07:25:17Z,2026-07-30T09:25:17+0200,e73b670a-bc29-4bfc-b6f4-93c290a4d3ee,2026-07-12T03:30:00Z,2026-07-12T05:30:00+0200,86.87,EUR/MWh,DK1,DK_1,imbalance_price,Long,2026-07-30T07:28:36Z
2026-07-30T07:25:17Z,2026-07-30T09:25:17+0200,e73b670a-bc29-4bfc-b6f4-93c290a4d3ee,2026-07-12T03:30:00Z,2026-07-12T05:30:00+0200,86.87,EUR/MWh,DK1,DK_1,imbalance_price,Short,2026-07-30T07:28:36Z
2026-07-30T07:25:17Z,2026-07-30T09:25:17+0200,e73b670a-bc29-4bfc-b6f4-93c290a4d3ee,2026-07-12T03:45:00Z,2026-07-12T05:45:00+0200,87.96,EUR/MWh,DK1,DK_1,imbalance_price,Long,2026-07-30T07:28:36Z
2026-07-30T07:25:17Z,2026-07-30T09:25:17+0200,e73b670a-bc29-4bfc-b6f4-93c290a4d3ee,2026-07-12T03:45:00Z,2026-07-12T05:45:00+0200,87.96,EUR/MWh,DK1,DK_1,imbalance_price,Short,2026-07-30T07:28:36Z
2026-07-30T07:25:17Z,2026-07-30T09:25:17+0200,e73b670a-bc29-4bfc-b6f4-93c290a4d3ee,2026-07-12T04:00:00Z,2026-07-12T06:00:00+0200,86.21,EUR/MWh,DK1,DK_1,imbalance_price,Long,2026-07-30T07:28:36Z
2026-07-30T07:25:17Z,2026-07-30T09:25:17+0200,e73b670a-bc29-4bfc-b6f4-93c290a4d3ee,2026-07-12T04:00:00Z,2026-07-12T06:00:00+0200,86.21,EUR/MWh,DK1,DK_1,imbalance_price,Short,2026-07-30T07:28:36Z
2026-07-30T07:25:17Z,2026-07-30T09:25:17+0200,e73b670a-bc29-4bfc-b6f4-93c290a4d3ee,2026-07-12T04:15:00Z,2026-07-12T06:15:00+0200,87.94,EUR/MWh,DK1,DK_1,imbalance_price,Long,2026-07-30T07:28:36Z
2026-07-30T07:25:17Z,2026-07-30T09:25:17+0200,e73b670a-bc29-4bfc-b6f4-93c290a4d3ee,2026-07-12T04:15:00Z,2026-07-12T06:15:00+0200,87.94,EUR/MWh,DK1,DK_1,imbalance_price,Short,2026-07-30T07:28:36Z
2026-07-30T07:25:17Z,2026-07-30T09:25:17+0200,e73b670a-bc29-4bfc-b6f4-93c290a4d3ee,2026-07-12T04:30:00Z,2026-07-12T06:30:00+0200,87.96,EUR/MWh,DK1,DK_1,imbalance_price,Long,2026-07-30T07:28:36Z
2026-07-30T07:25:17Z,2026-07-30T09:25:17+0200,e73b670a-bc29-4bfc-b6f4-93c290a4d3ee,2026-07-12T04:30:00Z,2026-07-12T06:30:00+0200,87.96,EUR/MWh,DK1,DK_1,imbalance_price,Short,2026-07-30T07:28:36Z
2026-07-30T07:25:17Z,2026-07-30T09:25:17+0200,e73b670a-bc29-4bfc-b6f4-93c290a4d3ee,2026-07-12T04:45:00Z,2026-07-12T06:45:00+0200,105.48,EUR/MWh,DK1,DK_1,imbalance_price,Long,2026-07-30T07:28:36Z
2026-07-30T07:25:17Z,2026-07-30T09:25:17+0200,e73b670a-bc29-4bfc-b6f4-93c290a4d3ee,2026-07-12T04:45:00Z,2026-07-12T06:45:00+0200,105.48,EUR/MWh,DK1,DK_1,imbalance_price,Short,2026-07-30T07:28:36Z
2026-07-30T07:25:17Z,2026-07-30T09:25:17+0200,e73b670a-bc29-4bfc-b6f4-93c290a4d3ee,2026-07-12T05:00:00Z,2026-07-12T07:00:00+0200,294.36,EUR/MWh,DK1,DK_1,imbalance_price,Long,2026-07-30T07:28:36Z
2026-07-30T07:25:17Z,2026-07-30T09:25:17+0200,e73b670a-bc29-4bfc-b6f4-93c290a4d3ee,2026-07-12T05:00:00Z,2026-07-12T07:00:00+0200,294.36,EUR/MWh,DK1,DK_1,imbalance_price,Short,2026-07-30T07:28:36Z
2026-07-30T07:25:17Z,2026-07-30T09:25:17+0200,e73b670a-bc29-4bfc-b6f4-93c290a4d3ee,2026-07-12T05:15:00Z,2026-07-12T07:15:00+0200,374.61,EUR/MWh,DK1,DK_1,imbalance_price,Long,2026-07-30T07:28:36Z
2026-07-30T07:25:17Z,2026-07-30T09:25:17+0200,e73b670a-bc29-4bfc-b6f4-93c290a4d3ee,2026-07-12T05:15:00Z,2026-07-12T07:15:00+0200,374.61,EUR/MWh,DK1,DK_1,imbalance_price,Short,2026-07-30T07:28:36Z
2026-07-30T07:25:17Z,2026-07-30T09:25:17+0200,e73b670a-bc29-4bfc-b6f4-93c290a4d3ee,2026-07-12T05:30:00Z,2026-07-12T07:30:00+0200,294.36,EUR/MWh,DK1,DK_1,imbalance_price,Long,2026-07-30T07:28:36Z
2026-07-30T07:25:17Z,2026-07-30T09:25:17+0200,e73b670a-bc29-4bfc-b6f4-93c290a4d3ee,2026-07-12T05:30:00Z,2026-07-12T07:30:00+0200,294.36,EUR/MWh,DK1,DK_1,imbalance_price,Short,2026-07-30T07:28:36Z
2026-07-30T07:25:17Z,2026-07-30T09:25:17+0200,e73b670a-bc29-4bfc-b6f4-93c290a4d3ee,2026-07-12T05:45:00Z,2026-07-12T07:45:00+0200,124.75,EUR/MWh,DK1,DK_1,imbalance_price,Long,2026-07-30T07:28:36Z
2026-07-30T07:25:17Z,2026-07-30T09:25:17+0200,e73b670a-bc29-4bfc-b6f4-93c290a4d3ee,2026-07-12T05:45:00Z,2026-07-12T07:45:00+0200,124.75,EUR/MWh,DK1,DK_1,imbalance_price,Short,2026-07-30T07:28:36Z
2026-07-30T07:25:17Z,2026-07-30T09:25:17+0200,e73b670a-bc29-4bfc-b6f4-93c290a4d3ee,2026-07-12T06:00:00Z,2026-07-12T08:00:00+0200,227.31,EUR/MWh,DK1,DK_1,imbalance_price,Long,2026-07-30T07:28:36Z
2026-07-30T07:25:17Z,2026-07-30T09:25:17+0200,e73b670a-bc29-4bfc-b6f4-93c290a4d3ee,2026-07-12T06:00:00Z,2026-07-12T08:00:00+0200,227.31,EUR/MWh,DK1,DK_1,imbalance_price,Short,2026-07-30T07:28:36Z
2026-07-30T07:25:17Z,2026-07-30T09:25:17+0200,e73b670a-bc29-4bfc-b6f4-93c290a4d3ee,2026-07-12T06:15:00Z,2026-07-12T08:15:00+0200,200.7,EUR/MWh,DK1,DK_1,imbalance_price,Long,2026-07-30T07:28:36Z
2026-07-30T07:25:17Z,2026-07-30T09:25:17+0200,e73b670a-bc29-4bfc-b6f4-93c290a4d3ee,2026-07-12T06:15:00Z,2026-07-12T08:15:00+0200,200.7,EUR/MWh,DK1,DK_1,imbalance_price,Short,2026-07-30T07:28:36Z
2026-07-30T07:25:17Z,2026-07-30T09:25:17+0200,e73b670a-bc29-4bfc-b6f4-93c290a4d3ee,2026-07-12T06:30:00Z,2026-07-12T08:30:00+0200,52.36,EUR/MWh,DK1,DK_1,imbalance_price,Long,2026-07-30T07:28:36Z
2026-07-30T07:25:17Z,2026-07-30T09:25:17+0200,e73b670a-bc29-4bfc-b6f4-93c290a4d3ee,2026-07-12T06:30:00Z,2026-07-12T08:30:00+0200,52.36,EUR/MWh,DK1,DK_1,imbalance_price,Short,2026-07-30T07:28:36Z
2026-07-30T07:25:17Z,2026-07-30T09:25:17+0200,e73b670a-bc29-4bfc-b6f4-93c290a4d3ee,2026-07-12T06:45:00Z,2026-07-12T08:45:00+0200,-14.23,EUR/MWh,DK1,DK_1,imbalance_price,Long,2026-07-30T07:28:36Z
2026-07-30T07:25:17Z,2026-07-30T09:25:17+0200,e73b670a-bc29-4bfc-b6f4-93c290a4d3ee,2026-07-12T06:45:00Z,2026-07-12T08:45:00+0200,-14.23,EUR/MWh,DK1,DK_1,imbalance_price,Short,2026-07-30T07:28:36Z
2026-07-30T07:25:17Z,2026-07-30T09:25:17+0200,e73b670a-bc29-4bfc-b6f4-93c290a4d3ee,2026-07-12T07:00:00Z,2026-07-12T09:00:00+0200,-8.27,EUR/MWh,DK1,DK_1,imbalance_price,Long,2026-07-30T07:28:36Z
2026-07-30T07:25:17Z,2026-07-30T09:25:17+0200,e73b670a-bc29-4bfc-b6f4-93c290a4d3ee,2026-07-12T07:00:00Z,2026-07-12T09:00:00+0200,-8.27,EUR/MWh,DK1,DK_1,imbalance_price,Short,2026-07-30T07:28:36Z
2026-07-30T07:25:17Z,2026-07-30T09:25:17+0200,e73b670a-bc29-4bfc-b6f4-93c290a4d3ee,2026-07-12T07:15:00Z,2026-07-12T09:15:00+0200,-5.38,EUR/MWh,DK1,DK_1,imbalance_price,Long,2026-07-30T07:28:36Z
2026-07-30T07:25:17Z,2026-07-30T09:25:17+0200,e73b670a-bc29-4bfc-b6f4-93c290a4d3ee,2026-07-12T07:15:00Z,2026-07-12T09:15:00+0200,-5.38,EUR/MWh,DK1,DK_1,imbalance_price,Short,2026-07-30T07:28:36Z
2026-07-30T07:25:17Z,2026-07-30T09:25:17+0200,e73b670a-bc29-4bfc-b6f4-93c290a4d3ee,2026-07-12T07:30:00Z,2026-07-12T09:30:00+0200,-6.69,EUR/MWh,DK1,DK_1,imbalance_price,Long,2026-07-30T07:28:36Z
2026-07-30T07:25:17Z,2026-07-30T09:25:17+0200,e73b670a-bc29-4bfc-b6f4-93c290a4d3ee,2026-07-12T07:30:00Z,2026-07-12T09:30:00+0200,-6.69,EUR/MWh,DK1,DK_1,imbalance_price,Short,2026-07-30T07:28:36Z
2026-07-30T07:25:17Z,2026-07-30T09:25:17+0200,e73b670a-bc29-4bfc-b6f4-93c290a4d3ee,2026-07-12T07:45:00Z,2026-07-12T09:45:00+0200,2.55,EUR/MWh,DK1,DK_1,imbalance_price,Long,2026-07-30T07:28:36Z
2026-07-30T07:25:17Z,2026-07-30T09:25:17+0200,e73b670a-bc29-4bfc-b6f4-93c290a4d3ee,2026-07-12T07:45:00Z,2026-07-12T09:45:00+0200,2.55,EUR/MWh,DK1,DK_1,imbalance_price,Short,2026-07-30T07:28:36Z
2026-07-30T07:25:17Z,2026-07-30T09:25:17+0200,e73b670a-bc29-4bfc-b6f4-93c290a4d3ee,2026-07-12T08:00:00Z,2026-07-12T10:00:00+0200,10.08,EUR/MWh,DK1,DK_1,imbalance_price,Long,2026-07-30T07:28:36Z
2026-07-30T07:25:17Z,2026-07-30T09:25:17+0200,e73b670a-bc29-4bfc-b6f4-93c290a4d3ee,2026-07-12T08:00:00Z,2026-07-12T10:00:00+0200,10.08,EUR/MWh,DK1,DK_1,imbalance_price,Short,2026-07-30T07:28:36Z
2026-07-30T07:25:17Z,2026-07-30T09:25:17+0200,e73b670a-bc29-4bfc-b6f4-93c290a4d3ee,2026-07-12T08:15:00Z,2026-07-12T10:15:00+0200,4.07,EUR/MWh,DK1,DK_1,imbalance_price,Long,2026-07-30T07:28:36Z
2026-07-30T07:25:17Z,2026-07-30T09:25:17+0200,e73b670a-bc29-4bfc-b6f4-93c290a4d3ee,2026-07-12T08:15:00Z,2026-07-12T10:15:00+0200,4.07,EUR/MWh,DK1,DK_1,imbalance_price,Short,2026-07-30T07:28:36Z
2026-07-30T07:25:17Z,2026-07-30T09:25:17+0200,e73b670a-bc29-4bfc-b6f4-93c290a4d3ee,2026-07-12T08:30:00Z,2026-07-12T10:30:00+0200,-16.94,EUR/MWh,DK1,DK_1,imbalance_price,Long,2026-07-30T07:28:36Z
2026-07-30T07:25:17Z,2026-07-30T09:25:17+0200,e73b670a-bc29-4bfc-b6f4-93c290a4d3ee,2026-07-12T08:30:00Z,2026-07-12T10:30:00+0200,-16.94,EUR/MWh,DK1,DK_1,imbalance_price,Short,2026-07-30T07:28:36Z
2026-07-30T07:25:17Z,2026-07-30T09:25:17+0200,e73b670a-bc29-4bfc-b6f4-93c290a4d3ee,2026-07-12T08:45:00Z,2026-07-12T10:45:00+0200,1.37,EUR/MWh,DK1,DK_1,imbalance_price,Long,2026-07-30T07:28:36Z
2026-07-30T07:25:17Z,2026-07-30T09:25:17+0200,e73b670a-bc29-4bfc-b6f4-93c290a4d3ee,2026-07-12T08:45:00Z,2026-07-12T10:45:00+0200,1.37,EUR/MWh,DK1,DK_1,imbalance_price,Short,2026-07-30T07:28:36Z
2026-07-30T07:25:17Z,2026-07-30T09:25:17+0200,e73b670a-bc29-4bfc-b6f4-93c290a4d3ee,2026-07-12T09:00:00Z,2026-07-12T11:00:00+0200,-4.23,EUR/MWh,DK1,DK_1,imbalance_price,Long,2026-07-30T07:28:36Z
2026-07-30T07:25:17Z,2026-07-30T09:25:17+0200,e73b670a-bc29-4bfc-b6f4-93c290a4d3ee,2026-07-12T09:00:00Z,2026-07-12T11:00:00+0200,-4.23,EUR/MWh,DK1,DK_1,imbalance_price,Short,2026-07-30T07:28:36Z
2026-07-30T07:25:17Z,2026-07-30T09:25:17+0200,e73b670a-bc29-4bfc-b6f4-93c290a4d3ee,2026-07-12T09:15:00Z,2026-07-12T11:15:00+0200,-5.48,EUR/MWh,DK1,DK_1,imbalance_price,Long,2026-07-30T07:28:36Z
2026-07-30T07:25:17Z,2026-07-30T09:25:17+0200,e73b670a-bc29-4bfc-b6f4-93c290a4d3ee,2026-07-12T09:15:00Z,2026-07-12T11:15:00+0200,-5.48,EUR/MWh,DK1,DK_1,imbalance_price,Short,2026-07-30T07:28:36Z
2026-07-30T07:25:17Z,2026-07-30T09:25:17+0200,e73b670a-bc29-4bfc-b6f4-93c290a4d3ee,2026-07-12T09:30:00Z,2026-07-12T11:30:00+0200,-6.69,EUR/MWh,DK1,DK_1,imbalance_price,Long,2026-07-30T07:28:36Z
2026-07-30T07:25:17Z,2026-07-30T09:25:17+0200,e73b670a-bc29-4bfc-b6f4-93c290a4d3ee,2026-07-12T09:30:00Z,2026-07-12T11:30:00+0200,-6.69,EUR/MWh,DK1,DK_1,imbalance_price,Short,2026-07-30T07:28:36Z
2026-07-30T07:25:17Z,2026-07-30T09:25:17+0200,e73b670a-bc29-4bfc-b6f4-93c290a4d3ee,2026-07-12T09:45:00Z,2026-07-12T11:45:00+0200,-6.9,EUR/MWh,DK1,DK_1,imbalance_price,Long,2026-07-30T07:28:36Z
2026-07-30T07:25:17Z,2026-07-30T09:25:17+0200,e73b670a-bc29-4bfc-b6f4-93c290a4d3ee,2026-07-12T09:45:00Z,2026-07-12T11:45:00+0200,-6.9,EUR/MWh,DK1,DK_1,imbalance_price,Short,2026-07-30T07:28:36Z
2026-07-30T07:25:17Z,2026-07-30T09:25:17+0200,e73b670a-bc29-4bfc-b6f4-93c290a4d3ee,2026-07-12T10:00:00Z,2026-07-12T12:00:00+0200,-2.08,EUR/MWh,DK1,DK_1,imbalance_price,Long,2026-07-30T07:28:36Z
2026-07-30T07:25:17Z,2026-07-30T09:25:17+0200,e73b670a-bc29-4bfc-b6f4-93c290a4d3ee,2026-07-12T10:00:00Z,2026-07-12T12:00:00+0200,-2.08,EUR/MWh,DK1,DK_1,imbalance_price,Short,2026-07-30T07:28:36Z
2026-07-30T07:25:17Z,2026-07-30T09:25:17+0200,e73b670a-bc29-4bfc-b6f4-93c290a4d3ee,2026-07-12T10:15:00Z,2026-07-12T12:15:00+0200,-0.14,EUR/MWh,DK1,DK_1,imbalance_price,Long,2026-07-30T07:28:36Z
2026-07-30T07:25:17Z,2026-07-30T09:25:17+0200,e73b670a-bc29-4bfc-b6f4-93c290a4d3ee,2026-07-12T10:15:00Z,2026-07-12T12:15:00+0200,-0.14,EUR/MWh,DK1,DK_1,imbalance_price,Short,2026-07-30T07:28:36Z
2026-07-30T07:25:17Z,2026-07-30T09:25:17+0200,e73b670a-bc29-4bfc-b6f4-93c290a4d3ee,2026-07-12T10:30:00Z,2026-07-12T12:30:00+0200,-4.0,EUR/MWh,DK1,DK_1,imbalance_price,Long,2026-07-30T07:28:36Z
2026-07-30T07:25:17Z,2026-07-30T09:25:17+0200,e73b670a-bc29-4bfc-b6f4-93c290a4d3ee,2026-07-12T10:30:00Z,2026-07-12T12:30:00+0200,-4.0,EUR/MWh,DK1,DK_1,imbalance_price,Short,2026-07-30T07:28:36Z
2026-07-30T07:25:17Z,2026-07-30T09:25:17+0200,e73b670a-bc29-4bfc-b6f4-93c290a4d3ee,2026-07-12T10:45:00Z,2026-07-12T12:45:00+0200,-2.86,EUR/MWh,DK1,DK_1,imbalance_price,Long,2026-07-30T07:28:36Z
2026-07-30T07:25:17Z,2026-07-30T09:25:17+0200,e73b670a-bc29-4bfc-b6f4-93c290a4d3ee,2026-07-12T10:45:00Z,2026-07-12T12:45:00+0200,-2.86,EUR/MWh,DK1,DK_1,imbalance_price,Short,2026-07-30T07:28:36Z
2026-07-30T07:25:17Z,2026-07-30T09:25:17+0200,e73b670a-bc29-4bfc-b6f4-93c290a4d3ee,2026-07-12T11:00:00Z,2026-07-12T13:00:00+0200,-2.3,EUR/MWh,DK1,DK_1,imbalance_price,Long,2026-07-30T07:28:36Z
2026-07-30T07:25:17Z,2026-07-30T09:25:17+0200,e73b670a-bc29-4bfc-b6f4-93c290a4d3ee,2026-07-12T11:00:00Z,2026-07-12T13:00:00+0200,-2.3,EUR/MWh,DK1,DK_1,imbalance_price,Short,2026-07-30T07:28:36Z
2026-07-30T07:25:17Z,2026-07-30T09:25:17+0200,e73b670a-bc29-4bfc-b6f4-93c290a4d3ee,2026-07-12T11:15:00Z,2026-07-12T13:15:00+0200,-6.0,EUR/MWh,DK1,DK_1,imbalance_price,Long,2026-07-30T07:28:36Z
2026-07-30T07:25:17Z,2026-07-30T09:25:17+0200,e73b670a-bc29-4bfc-b6f4-93c290a4d3ee,2026-07-12T11:15:00Z,2026-07-12T13:15:00+0200,-6.0,EUR/MWh,DK1,DK_1,imbalance_price,Short,2026-07-30T07:28:36Z
2026-07-30T07:25:17Z,2026-07-30T09:25:17+0200,e73b670a-bc29-4bfc-b6f4-93c290a4d3ee,2026-07-12T11:30:00Z,2026-07-12T13:30:00+0200,-6.69,EUR/MWh,DK1,DK_1,imbalance_price,Long,2026-07-30T07:28:36Z
2026-07-30T07:25:17Z,2026-07-30T09:25:17+0200,e73b670a-bc29-4bfc-b6f4-93c290a4d3ee,2026-07-12T11:30:00Z,2026-07-12T13:30:00+0200,-6.69,EUR/MWh,DK1,DK_1,imbalance_price,Short,2026-07-30T07:28:36Z
2026-07-30T07:25:17Z,2026-07-30T09:25:17+0200,e73b670a-bc29-4bfc-b6f4-93c290a4d3ee,2026-07-12T11:45:00Z,2026-07-12T13:45:00+0200,-10.0,EUR/MWh,DK1,DK_1,imbalance_price,Long,2026-07-30T07:28:36Z
2026-07-30T07:25:17Z,2026-07-30T09:25:17+0200,e73b670a-bc29-4bfc-b6f4-93c290a4d3ee,2026-07-12T11:45:00Z,2026-07-12T13:45:00+0200,-10.0,EUR/MWh,DK1,DK_1,imbalance_price,Short,2026-07-30T07:28:36Z
2026-07-30T07:25:17Z,2026-07-30T09:25:17+0200,e73b670a-bc29-4bfc-b6f4-93c290a4d3ee,2026-07-12T12:00:00Z,2026-07-12T14:00:00+0200,-20.4,EUR/MWh,DK1,DK_1,imbalance_price,Long,2026-07-30T07:28:36Z
2026-07-30T07:25:17Z,2026-07-30T09:25:17+0200,e73b670a-bc29-4bfc-b6f4-93c290a4d3ee,2026-07-12T12:00:00Z,2026-07-12T14:00:00+0200,-20.4,EUR/MWh,DK1,DK_1,imbalance_price,Short,2026-07-30T07:28:36Z
2026-07-30T07:25:17Z,2026-07-30T09:25:17+0200,e73b670a-bc29-4bfc-b6f4-93c290a4d3ee,2026-07-12T12:15:00Z,2026-07-12T14:15:00+0200,-16.06,EUR/MWh,DK1,DK_1,imbalance_price,Long,2026-07-30T07:28:36Z
2026-07-30T07:25:17Z,2026-07-30T09:25:17+0200,e73b670a-bc29-4bfc-b6f4-93c290a4d3ee,2026-07-12T12:15:00Z,2026-07-12T14:15:00+0200,-16.06,EUR/MWh,DK1,DK_1,imbalance_price,Short,2026-07-30T07:28:36Z
2026-07-30T07:25:17Z,2026-07-30T09:25:17+0200,e73b670a-bc29-4bfc-b6f4-93c290a4d3ee,2026-07-12T12:30:00Z,2026-07-12T14:30:00+0200,-17.3,EUR/MWh,DK1,DK_1,imbalance_price,Long,2026-07-30T07:28:36Z
2026-07-30T07:25:17Z,2026-07-30T09:25:17+0200,e73b670a-bc29-4bfc-b6f4-93c290a4d3ee,2026-07-12T12:30:00Z,2026-07-12T14:30:00+0200,-17.3,EUR/MWh,DK1,DK_1,imbalance_price,Short,2026-07-30T07:28:36Z
2026-07-30T07:25:17Z,2026-07-30T09:25:17+0200,e73b670a-bc29-4bfc-b6f4-93c290a4d3ee,2026-07-12T12:45:00Z,2026-07-12T14:45:00+0200,-17.3,EUR/MWh,DK1,DK_1,imbalance_price,Long,2026-07-30T07:28:36Z
2026-07-30T07:25:17Z,2026-07-30T09:25:17+0200,e73b670a-bc29-4bfc-b6f4-93c290a4d3ee,2026-07-12T12:45:00Z,2026-07-12T14:45:00+0200,-17.3,EUR/MWh,DK1,DK_1,imbalance_price,Short,2026-07-30T07:28:36Z
2026-07-30T07:25:17Z,2026-07-30T09:25:17+0200,e73b670a-bc29-4bfc-b6f4-93c290a4d3ee,2026-07-12T13:00:00Z,2026-07-12T15:00:00+0200,-23.43,EUR/MWh,DK1,DK_1,imbalance_price,Long,2026-07-30T07:28:36Z
2026-07-30T07:25:17Z,2026-07-30T09:25:17+0200,e73b670a-bc29-4bfc-b6f4-93c290a4d3ee,2026-07-12T13:00:00Z,2026-07-12T15:00:00+0200,-23.43,EUR/MWh,DK1,DK_1,imbalance_price,Short,2026-07-30T07:28:36Z
2026-07-30T07:25:17Z,2026-07-30T09:25:17+0200,e73b670a-bc29-4bfc-b6f4-93c290a4d3ee,2026-07-12T13:15:00Z,2026-07-12T15:15:00+0200,-14.69,EUR/MWh,DK1,DK_1,imbalance_price,Long,2026-07-30T07:28:36Z
2026-07-30T07:25:17Z,2026-07-30T09:25:17+0200,e73b670a-bc29-4bfc-b6f4-93c290a4d3ee,2026-07-12T13:15:00Z,2026-07-12T15:15:00+0200,-14.69,EUR/MWh,DK1,DK_1,imbalance_price,Short,2026-07-30T07:28:36Z
2026-07-30T07:25:17Z,2026-07-30T09:25:17+0200,e73b670a-bc29-4bfc-b6f4-93c290a4d3ee,2026-07-12T13:30:00Z,2026-07-12T15:30:00+0200,-14.89,EUR/MWh,DK1,DK_1,imbalance_price,Long,2026-07-30T07:28:36Z
2026-07-30T07:25:17Z,2026-07-30T09:25:17+0200,e73b670a-bc29-4bfc-b6f4-93c290a4d3ee,2026-07-12T13:30:00Z,2026-07-12T15:30:00+0200,-14.89,EUR/MWh,DK1,DK_1,imbalance_price,Short,2026-07-30T07:28:36Z
2026-07-30T07:25:17Z,2026-07-30T09:25:17+0200,e73b670a-bc29-4bfc-b6f4-93c290a4d3ee,2026-07-12T13:45:00Z,2026-07-12T15:45:00+0200,-10.0,EUR/MWh,DK1,DK_1,imbalance_price,Long,2026-07-30T07:28:36Z
2026-07-30T07:25:17Z,2026-07-30T09:25:17+0200,e73b670a-bc29-4bfc-b6f4-93c290a4d3ee,2026-07-12T13:45:00Z,2026-07-12T15:45:00+0200,-10.0,EUR/MWh,DK1,DK_1,imbalance_price,Short,2026-07-30T07:28:36Z
2026-07-30T07:25:17Z,2026-07-30T09:25:17+0200,e73b670a-bc29-4bfc-b6f4-93c290a4d3ee,2026-07-12T14:00:00Z,2026-07-12T16:00:00+0200,-20.07,EUR/MWh,DK1,DK_1,imbalance_price,Long,2026-07-30T07:28:36Z
2026-07-30T07:25:17Z,2026-07-30T09:25:17+0200,e73b670a-bc29-4bfc-b6f4-93c290a4d3ee,2026-07-12T14:00:00Z,2026-07-12T16:00:00+0200,-20.07,EUR/MWh,DK1,DK_1,imbalance_price,Short,2026-07-30T07:28:36Z
2026-07-30T07:25:17Z,2026-07-30T09:25:17+0200,e73b670a-bc29-4bfc-b6f4-93c290a4d3ee,2026-07-12T14:15:00Z,2026-07-12T16:15:00+0200,-10.0,EUR/MWh,DK1,DK_1,imbalance_price,Long,2026-07-30T07:28:36Z
2026-07-30T07:25:17Z,2026-07-30T09:25:17+0200,e73b670a-bc29-4bfc-b6f4-93c290a4d3ee,2026-07-12T14:15:00Z,2026-07-12T16:15:00+0200,-10.0,EUR/MWh,DK1,DK_1,imbalance_price,Short,2026-07-30T07:28:36Z
2026-07-30T07:25:17Z,2026-07-30T09:25:17+0200,e73b670a-bc29-4bfc-b6f4-93c290a4d3ee,2026-07-12T14:30:00Z,2026-07-12T16:30:00+0200,-23.29,EUR/MWh,DK1,DK_1,imbalance_price,Long,2026-07-30T07:28:36Z
2026-07-30T07:25:17Z,2026-07-30T09:25:17+0200,e73b670a-bc29-4bfc-b6f4-93c290a4d3ee,2026-07-12T14:30:00Z,2026-07-12T16:30:00+0200,-23.29,EUR/MWh,DK1,DK_1,imbalance_price,Short,2026-07-30T07:28:36Z
2026-07-30T07:25:17Z,2026-07-30T09:25:17+0200,e73b670a-bc29-4bfc-b6f4-93c290a4d3ee,2026-07-12T14:45:00Z,2026-07-12T16:45:00+0200,-5.0,EUR/MWh,DK1,DK_1,imbalance_price,Long,2026-07-30T07:28:36Z
2026-07-30T07:25:17Z,2026-07-30T09:25:17+0200,e73b670a-bc29-4bfc-b6f4-93c290a4d3ee,2026-07-12T14:45:00Z,2026-07-12T16:45:00+0200,-5.0,EUR/MWh,DK1,DK_1,imbalance_price,Short,2026-07-30T07:28:36Z
2026-07-30T07:25:17Z,2026-07-30T09:25:17+0200,e73b670a-bc29-4bfc-b6f4-93c290a4d3ee,2026-07-12T15:00:00Z,2026-07-12T17:00:00+0200,-25.71,EUR/MWh,DK1,DK_1,imbalance_price,Long,2026-07-30T07:28:36Z
2026-07-30T07:25:17Z,2026-07-30T09:25:17+0200,e73b670a-bc29-4bfc-b6f4-93c290a4d3ee,2026-07-12T15:00:00Z,2026-07-12T17:00:00+0200,-25.71,EUR/MWh,DK1,DK_1,imbalance_price,Short,2026-07-30T07:28:36Z
2026-07-30T07:25:17Z,2026-07-30T09:25:17+0200,e73b670a-bc29-4bfc-b6f4-93c290a4d3ee,2026-07-12T15:15:00Z,2026-07-12T17:15:00+0200,-54.7,EUR/MWh,DK1,DK_1,imbalance_price,Long,2026-07-30T07:28:36Z
2026-07-30T07:25:17Z,2026-07-30T09:25:17+0200,e73b670a-bc29-4bfc-b6f4-93c290a4d3ee,2026-07-12T15:15:00Z,2026-07-12T17:15:00+0200,-54.7,EUR/MWh,DK1,DK_1,imbalance_price,Short,2026-07-30T07:28:36Z
2026-07-30T07:25:17Z,2026-07-30T09:25:17+0200,e73b670a-bc29-4bfc-b6f4-93c290a4d3ee,2026-07-12T15:30:00Z,2026-07-12T17:30:00+0200,-15.14,EUR/MWh,DK1,DK_1,imbalance_price,Long,2026-07-30T07:28:36Z
2026-07-30T07:25:17Z,2026-07-30T09:25:17+0200,e73b670a-bc29-4bfc-b6f4-93c290a4d3ee,2026-07-12T15:30:00Z,2026-07-12T17:30:00+0200,-15.14,EUR/MWh,DK1,DK_1,imbalance_price,Short,2026-07-30T07:28:36Z
2026-07-30T07:25:17Z,2026-07-30T09:25:17+0200,e73b670a-bc29-4bfc-b6f4-93c290a4d3ee,2026-07-12T15:45:00Z,2026-07-12T17:45:00+0200,-10.0,EUR/MWh,DK1,DK_1,imbalance_price,Long,2026-07-30T07:28:36Z
2026-07-30T07:25:17Z,2026-07-30T09:25:17+0200,e73b670a-bc29-4bfc-b6f4-93c290a4d3ee,2026-07-12T15:45:00Z,2026-07-12T17:45:00+0200,-10.0,EUR/MWh,DK1,DK_1,imbalance_price,Short,2026-07-30T07:28:36Z
2026-07-30T07:25:17Z,2026-07-30T09:25:17+0200,e73b670a-bc29-4bfc-b6f4-93c290a4d3ee,2026-07-12T16:00:00Z,2026-07-12T18:00:00+0200,-11.45,EUR/MWh,DK1,DK_1,imbalance_price,Long,2026-07-30T07:28:36Z
2026-07-30T07:25:17Z,2026-07-30T09:25:17+0200,e73b670a-bc29-4bfc-b6f4-93c290a4d3ee,2026-07-12T16:00:00Z,2026-07-12T18:00:00+0200,-11.45,EUR/MWh,DK1,DK_1,imbalance_price,Short,2026-07-30T07:28:36Z
2026-07-30T07:25:17Z,2026-07-30T09:25:17+0200,e73b670a-bc29-4bfc-b6f4-93c290a4d3ee,2026-07-12T16:15:00Z,2026-07-12T18:15:00+0200,-45.06,EUR/MWh,DK1,DK_1,imbalance_price,Long,2026-07-30T07:28:36Z
2026-07-30T07:25:17Z,2026-07-30T09:25:17+0200,e73b670a-bc29-4bfc-b6f4-93c290a4d3ee,2026-07-12T16:15:00Z,2026-07-12T18:15:00+0200,-45.06,EUR/MWh,DK1,DK_1,imbalance_price,Short,2026-07-30T07:28:36Z
2026-07-30T07:25:17Z,2026-07-30T09:25:17+0200,e73b670a-bc29-4bfc-b6f4-93c290a4d3ee,2026-07-12T16:30:00Z,2026-07-12T18:30:00+0200,-8.85,EUR/MWh,DK1,DK_1,imbalance_price,Long,2026-07-30T07:28:36Z
2026-07-30T07:25:17Z,2026-07-30T09:25:17+0200,e73b670a-bc29-4bfc-b6f4-93c290a4d3ee,2026-07-12T16:30:00Z,2026-07-12T18:30:00+0200,-8.85,EUR/MWh,DK1,DK_1,imbalance_price,Short,2026-07-30T07:28:36Z
2026-07-30T07:25:17Z,2026-07-30T09:25:17+0200,e73b670a-bc29-4bfc-b6f4-93c290a4d3ee,2026-07-12T16:45:00Z,2026-07-12T18:45:00+0200,23.0,EUR/MWh,DK1,DK_1,imbalance_price,Long,2026-07-30T07:28:36Z
2026-07-30T07:25:17Z,2026-07-30T09:25:17+0200,e73b670a-bc29-4bfc-b6f4-93c290a4d3ee,2026-07-12T16:45:00Z,2026-07-12T18:45:00+0200,23.0,EUR/MWh,DK1,DK_1,imbalance_price,Short,2026-07-30T07:28:36Z
2026-07-30T07:25:17Z,2026-07-30T09:25:17+0200,e73b670a-bc29-4bfc-b6f4-93c290a4d3ee,2026-07-12T17:00:00Z,2026-07-12T19:00:00+0200,35.0,EUR/MWh,DK1,DK_1,imbalance_price,Long,2026-07-30T07:28:36Z
2026-07-30T07:25:17Z,2026-07-30T09:25:17+0200,e73b670a-bc29-4bfc-b6f4-93c290a4d3ee,2026-07-12T17:00:00Z,2026-07-12T19:00:00+0200,35.0,EUR/MWh,DK1,DK_1,imbalance_price,Short,2026-07-30T07:28:36Z
2026-07-30T07:25:17Z,2026-07-30T09:25:17+0200,e73b670a-bc29-4bfc-b6f4-93c290a4d3ee,2026-07-12T17:15:00Z,2026-07-12T19:15:00+0200,64.14,EUR/MWh,DK1,DK_1,imbalance_price,Long,2026-07-30T07:28:36Z
2026-07-30T07:25:17Z,2026-07-30T09:25:17+0200,e73b670a-bc29-4bfc-b6f4-93c290a4d3ee,2026-07-12T17:15:00Z,2026-07-12T19:15:00+0200,64.14,EUR/MWh,DK1,DK_1,imbalance_price,Short,2026-07-30T07:28:36Z
2026-07-30T07:25:17Z,2026-07-30T09:25:17+0200,e73b670a-bc29-4bfc-b6f4-93c290a4d3ee,2026-07-12T17:30:00Z,2026-07-12T19:30:00+0200,69.32,EUR/MWh,DK1,DK_1,imbalance_price,Long,2026-07-30T07:28:36Z
2026-07-30T07:25:17Z,2026-07-30T09:25:17+0200,e73b670a-bc29-4bfc-b6f4-93c290a4d3ee,2026-07-12T17:30:00Z,2026-07-12T19:30:00+0200,69.32,EUR/MWh,DK1,DK_1,imbalance_price,Short,2026-07-30T07:28:36Z
2026-07-30T07:25:17Z,2026-07-30T09:25:17+0200,e73b670a-bc29-4bfc-b6f4-93c290a4d3ee,2026-07-12T17:45:00Z,2026-07-12T19:45:00+0200,70.56,EUR/MWh,DK1,DK_1,imbalance_price,Long,2026-07-30T07:28:36Z
2026-07-30T07:25:17Z,2026-07-30T09:25:17+0200,e73b670a-bc29-4bfc-b6f4-93c290a4d3ee,2026-07-12T17:45:00Z,2026-07-12T19:45:00+0200,70.56,EUR/MWh,DK1,DK_1,imbalance_price,Short,2026-07-30T07:28:36Z
2026-07-30T07:25:17Z,2026-07-30T09:25:17+0200,e73b670a-bc29-4bfc-b6f4-93c290a4d3ee,2026-07-12T18:00:00Z,2026-07-12T20:00:00+0200,83.4,EUR/MWh,DK1,DK_1,imbalance_price,Long,2026-07-30T07:28:36Z
2026-07-30T07:25:17Z,2026-07-30T09:25:17+0200,e73b670a-bc29-4bfc-b6f4-93c290a4d3ee,2026-07-12T18:00:00Z,2026-07-12T20:00:00+0200,83.4,EUR/MWh,DK1,DK_1,imbalance_price,Short,2026-07-30T07:28:36Z
2026-07-30T07:25:17Z,2026-07-30T09:25:17+0200,e73b670a-bc29-4bfc-b6f4-93c290a4d3ee,2026-07-12T18:15:00Z,2026-07-12T20:15:00+0200,140.34,EUR/MWh,DK1,DK_1,imbalance_price,Long,2026-07-30T07:28:36Z
2026-07-30T07:25:17Z,2026-07-30T09:25:17+0200,e73b670a-bc29-4bfc-b6f4-93c290a4d3ee,2026-07-12T18:15:00Z,2026-07-12T20:15:00+0200,140.34,EUR/MWh,DK1,DK_1,imbalance_price,Short,2026-07-30T07:28:36Z
2026-07-30T07:25:17Z,2026-07-30T09:25:17+0200,e73b670a-bc29-4bfc-b6f4-93c290a4d3ee,2026-07-12T18:30:00Z,2026-07-12T20:30:00+0200,141.29,EUR/MWh,DK1,DK_1,imbalance_price,Long,2026-07-30T07:28:36Z
2026-07-30T07:25:17Z,2026-07-30T09:25:17+0200,e73b670a-bc29-4bfc-b6f4-93c290a4d3ee,2026-07-12T18:30:00Z,2026-07-12T20:30:00+0200,141.29,EUR/MWh,DK1,DK_1,imbalance_price,Short,2026-07-30T07:28:36Z
2026-07-30T07:25:17Z,2026-07-30T09:25:17+0200,e73b670a-bc29-4bfc-b6f4-93c290a4d3ee,2026-07-12T18:45:00Z,2026-07-12T20:45:00+0200,334.47,EUR/MWh,DK1,DK_1,imbalance_price,Long,2026-07-30T07:28:36Z
2026-07-30T07:25:17Z,2026-07-30T09:25:17+0200,e73b670a-bc29-4bfc-b6f4-93c290a4d3ee,2026-07-12T18:45:00Z,2026-07-12T20:45:00+0200,334.47,EUR/MWh,DK1,DK_1,imbalance_price,Short,2026-07-30T07:28:36Z
2026-07-30T07:25:17Z,2026-07-30T09:25:17+0200,e73b670a-bc29-4bfc-b6f4-93c290a4d3ee,2026-07-12T19:00:00Z,2026-07-12T21:00:00+0200,140.1,EUR/MWh,DK1,DK_1,imbalance_price,Long,2026-07-30T07:28:36Z
2026-07-30T07:25:17Z,2026-07-30T09:25:17+0200,e73b670a-bc29-4bfc-b6f4-93c290a4d3ee,2026-07-12T19:00:00Z,2026-07-12T21:00:00+0200,140.1,EUR/MWh,DK1,DK_1,imbalance_price,Short,2026-07-30T07:28:36Z
2026-07-30T07:25:17Z,2026-07-30T09:25:17+0200,e73b670a-bc29-4bfc-b6f4-93c290a4d3ee,2026-07-12T19:15:00Z,2026-07-12T21:15:00+0200,98.16,EUR/MWh,DK1,DK_1,imbalance_price,Long,2026-07-30T07:28:36Z
2026-07-30T07:25:17Z,2026-07-30T09:25:17+0200,e73b670a-bc29-4bfc-b6f4-93c290a4d3ee,2026-07-12T19:15:00Z,2026-07-12T21:15:00+0200,98.16,EUR/MWh,DK1,DK_1,imbalance_price,Short,2026-07-30T07:28:36Z
2026-07-30T07:25:17Z,2026-07-30T09:25:17+0200,e73b670a-bc29-4bfc-b6f4-93c290a4d3ee,2026-07-12T19:30:00Z,2026-07-12T21:30:00+0200,100.86,EUR/MWh,DK1,DK_1,imbalance_price,Long,2026-07-30T07:28:36Z
2026-07-30T07:25:17Z,2026-07-30T09:25:17+0200,e73b670a-bc29-4bfc-b6f4-93c290a4d3ee,2026-07-12T19:30:00Z,2026-07-12T21:30:00+0200,100.86,EUR/MWh,DK1,DK_1,imbalance_price,Short,2026-07-30T07:28:36Z
2026-07-30T07:25:17Z,2026-07-30T09:25:17+0200,e73b670a-bc29-4bfc-b6f4-93c290a4d3ee,2026-07-12T19:45:00Z,2026-07-12T21:45:00+0200,88.14,EUR/MWh,DK1,DK_1,imbalance_price,Long,2026-07-30T07:28:36Z
2026-07-30T07:25:17Z,2026-07-30T09:25:17+0200,e73b670a-bc29-4bfc-b6f4-93c290a4d3ee,2026-07-12T19:45:00Z,2026-07-12T21:45:00+0200,88.14,EUR/MWh,DK1,DK_1,imbalance_price,Short,2026-07-30T07:28:36Z
2026-07-30T07:25:17Z,2026-07-30T09:25:17+0200,e73b670a-bc29-4bfc-b6f4-93c290a4d3ee,2026-07-12T20:00:00Z,2026-07-12T22:00:00+0200,149.7,EUR/MWh,DK1,DK_1,imbalance_price,Long,2026-07-30T07:28:36Z
2026-07-30T07:25:17Z,2026-07-30T09:25:17+0200,e73b670a-bc29-4bfc-b6f4-93c290a4d3ee,2026-07-12T20:00:00Z,2026-07-12T22:00:00+0200,149.7,EUR/MWh,DK1,DK_1,imbalance_price,Short,2026-07-30T07:28:36Z
2026-07-30T07:25:17Z,2026-07-30T09:25:17+0200,e73b670a-bc29-4bfc-b6f4-93c290a4d3ee,2026-07-12T20:15:00Z,2026-07-12T22:15:00+0200,145.0,EUR/MWh,DK1,DK_1,imbalance_price,Long,2026-07-30T07:28:36Z
2026-07-30T07:25:17Z,2026-07-30T09:25:17+0200,e73b670a-bc29-4bfc-b6f4-93c290a4d3ee,2026-07-12T20:15:00Z,2026-07-12T22:15:00+0200,145.0,EUR/MWh,DK1,DK_1,imbalance_price,Short,2026-07-30T07:28:36Z
2026-07-30T07:25:17Z,2026-07-30T09:25:17+0200,e73b670a-bc29-4bfc-b6f4-93c290a4d3ee,2026-07-12T20:30:00Z,2026-07-12T22:30:00+0200,144.94,EUR/MWh,DK1,DK_1,imbalance_price,Long,2026-07-30T07:28:36Z
2026-07-30T07:25:17Z,2026-07-30T09:25:17+0200,e73b670a-bc29-4bfc-b6f4-93c290a4d3ee,2026-07-12T20:30:00Z,2026-07-12T22:30:00+0200,144.94,EUR/MWh,DK1,DK_1,imbalance_price,Short,2026-07-30T07:28:36Z
2026-07-30T07:25:17Z,2026-07-30T09:25:17+0200,e73b670a-bc29-4bfc-b6f4-93c290a4d3ee,2026-07-12T20:45:00Z,2026-07-12T22:45:00+0200,125.1,EUR/MWh,DK1,DK_1,imbalance_price,Long,2026-07-30T07:28:36Z
2026-07-30T07:25:17Z,2026-07-30T09:25:17+0200,e73b670a-bc29-4bfc-b6f4-93c290a4d3ee,2026-07-12T20:45:00Z,2026-07-12T22:45:00+0200,125.1,EUR/MWh,DK1,DK_1,imbalance_price,Short,2026-07-30T07:28:36Z
2026-07-30T07:25:17Z,2026-07-30T09:25:17+0200,e73b670a-bc29-4bfc-b6f4-93c290a4d3ee,2026-07-12T21:00:00Z,2026-07-12T23:00:00+0200,124.27,EUR/MWh,DK1,DK_1,imbalance_price,Long,2026-07-30T07:28:36Z
2026-07-30T07:25:17Z,2026-07-30T09:25:17+0200,e73b670a-bc29-4bfc-b6f4-93c290a4d3ee,2026-07-12T21:00:00Z,2026-07-12T23:00:00+0200,124.27,EUR/MWh,DK1,DK_1,imbalance_price,Short,2026-07-30T07:28:36Z
2026-07-30T07:25:17Z,2026-07-30T09:25:17+0200,e73b670a-bc29-4bfc-b6f4-93c290a4d3ee,2026-07-12T21:15:00Z,2026-07-12T23:15:00+0200,173.78,EUR/MWh,DK1,DK_1,imbalance_price,Long,2026-07-30T07:28:36Z
2026-07-30T07:25:17Z,2026-07-30T09:25:17+0200,e73b670a-bc29-4bfc-b6f4-93c290a4d3ee,2026-07-12T21:15:00Z,2026-07-12T23:15:00+0200,173.78,EUR/MWh,DK1,DK_1,imbalance_price,Short,2026-07-30T07:28:36Z
2026-07-30T07:25:17Z,2026-07-30T09:25:17+0200,e73b670a-bc29-4bfc-b6f4-93c290a4d3ee,2026-07-12T21:30:00Z,2026-07-12T23:30:00+0200,138.47,EUR/MWh,DK1,DK_1,imbalance_price,Long,2026-07-30T07:28:36Z
2026-07-30T07:25:17Z,2026-07-30T09:25:17+0200,e73b670a-bc29-4bfc-b6f4-93c290a4d3ee,2026-07-12T21:30:00Z,2026-07-12T23:30:00+0200,138.47,EUR/MWh,DK1,DK_1,imbalance_price,Short,2026-07-30T07:28:36Z
2026-07-30T07:25:17Z,2026-07-30T09:25:17+0200,e73b670a-bc29-4bfc-b6f4-93c290a4d3ee,2026-07-12T21:45:00Z,2026-07-12T23:45:00+0200,135.93,EUR/MWh,DK1,DK_1,imbalance_price,Long,2026-07-30T07:28:36Z
2026-07-30T07:25:17Z,2026-07-30T09:25:17+0200,e73b670a-bc29-4bfc-b6f4-93c290a4d3ee,2026-07-12T21:45:00Z,2026-07-12T23:45:00+0200,135.93,EUR/MWh,DK1,DK_1,imbalance_price,Short,2026-07-30T07:28:36Z
2026-07-30T07:25:17Z,2026-07-30T09:25:17+0200,e73b670a-bc29-4bfc-b6f4-93c290a4d3ee,2026-07-12T22:00:00Z,2026-07-13T00:00:00+0200,131.94,EUR/MWh,DK1,DK_1,imbalance_price,Long,2026-07-30T07:28:36Z
2026-07-30T07:25:17Z,2026-07-30T09:25:17+0200,e73b670a-bc29-4bfc-b6f4-93c290a4d3ee,2026-07-12T22:00:00Z,2026-07-13T00:00:00+0200,131.94,EUR/MWh,DK1,DK_1,imbalance_price,Short,2026-07-30T07:28:36Z
2026-07-30T07:25:17Z,2026-07-30T09:25:17+0200,e73b670a-bc29-4bfc-b6f4-93c290a4d3ee,2026-07-12T22:15:00Z,2026-07-13T00:15:00+0200,130.0,EUR/MWh,DK1,DK_1,imbalance_price,Long,2026-07-30T07:28:36Z
2026-07-30T07:25:17Z,2026-07-30T09:25:17+0200,e73b670a-bc29-4bfc-b6f4-93c290a4d3ee,2026-07-12T22:15:00Z,2026-07-13T00:15:00+0200,130.0,EUR/MWh,DK1,DK_1,imbalance_price,Short,2026-07-30T07:28:36Z
2026-07-30T07:25:17Z,2026-07-30T09:25:17+0200,e73b670a-bc29-4bfc-b6f4-93c290a4d3ee,2026-07-12T22:30:00Z,2026-07-13T00:30:00+0200,121.0,EUR/MWh,DK1,DK_1,imbalance_price,Long,2026-07-30T07:28:36Z
2026-07-30T07:25:17Z,2026-07-30T09:25:17+0200,e73b670a-bc29-4bfc-b6f4-93c290a4d3ee,2026-07-12T22:30:00Z,2026-07-13T00:30:00+0200,121.0,EUR/MWh,DK1,DK_1,imbalance_price,Short,2026-07-30T07:28:36Z
2026-07-30T07:25:17Z,2026-07-30T09:25:17+0200,e73b670a-bc29-4bfc-b6f4-93c290a4d3ee,2026-07-12T22:45:00Z,2026-07-13T00:45:00+0200,127.57,EUR/MWh,DK1,DK_1,imbalance_price,Long,2026-07-30T07:28:36Z
2026-07-30T07:25:17Z,2026-07-30T09:25:17+0200,e73b670a-bc29-4bfc-b6f4-93c290a4d3ee,2026-07-12T22:45:00Z,2026-07-13T00:45:00+0200,127.57,EUR/MWh,DK1,DK_1,imbalance_price,Short,2026-07-30T07:28:36Z
2026-07-30T07:25:17Z,2026-07-30T09:25:17+0200,e73b670a-bc29-4bfc-b6f4-93c290a4d3ee,2026-07-12T23:00:00Z,2026-07-13T01:00:00+0200,87.96,EUR/MWh,DK1,DK_1,imbalance_price,Long,2026-07-30T07:28:36Z
2026-07-30T07:25:17Z,2026-07-30T09:25:17+0200,e73b670a-bc29-4bfc-b6f4-93c290a4d3ee,2026-07-12T23:00:00Z,2026-07-13T01:00:00+0200,87.96,EUR/MWh,DK1,DK_1,imbalance_price,Short,2026-07-30T07:28:36Z
2026-07-30T07:25:17Z,2026-07-30T09:25:17+0200,e73b670a-bc29-4bfc-b6f4-93c290a4d3ee,2026-07-12T23:15:00Z,2026-07-13T01:15:00+0200,115.26,EUR/MWh,DK1,DK_1,imbalance_price,Long,2026-07-30T07:28:36Z
2026-07-30T07:25:17Z,2026-07-30T09:25:17+0200,e73b670a-bc29-4bfc-b6f4-93c290a4d3ee,2026-07-12T23:15:00Z,2026-07-13T01:15:00+0200,115.26,EUR/MWh,DK1,DK_1,imbalance_price,Short,2026-07-30T07:28:36Z
2026-07-30T07:25:17Z,2026-07-30T09:25:17+0200,e73b670a-bc29-4bfc-b6f4-93c290a4d3ee,2026-07-12T23:30:00Z,2026-07-13T01:30:00+0200,123.7,EUR/MWh,DK1,DK_1,imbalance_price,Long,2026-07-30T07:28:36Z
2026-07-30T07:25:17Z,2026-07-30T09:25:17+0200,e73b670a-bc29-4bfc-b6f4-93c290a4d3ee,2026-07-12T23:30:00Z,2026-07-13T01:30:00+0200,123.7,EUR/MWh,DK1,DK_1,imbalance_price,Short,2026-07-30T07:28:36Z
2026-07-30T07:25:17Z,2026-07-30T09:25:17+0200,e73b670a-bc29-4bfc-b6f4-93c290a4d3ee,2026-07-12T23:45:00Z,2026-07-13T01:45:00+0200,121.59,EUR/MWh,DK1,DK_1,imbalance_price,Long,2026-07-30T07:28:36Z
2026-07-30T07:25:17Z,2026-07-30T09:25:17+0200,e73b670a-bc29-4bfc-b6f4-93c290a4d3ee,2026-07-12T23:45:00Z,2026-07-13T01:45:00+0200,121.59,EUR/MWh,DK1,DK_1,imbalance_price,Short,2026-07-30T07:28:36Z
2026-07-30T07:25:17Z,2026-07-30T09:25:17+0200,e73b670a-bc29-4bfc-b6f4-93c290a4d3ee,2026-07-13T00:00:00Z,2026-07-13T02:00:00+0200,87.96,EUR/MWh,DK1,DK_1,imbalance_price,Long,2026-07-30T07:28:36Z
2026-07-30T07:25:17Z,2026-07-30T09:25:17+0200,e73b670a-bc29-4bfc-b6f4-93c290a4d3ee,2026-07-13T00:00:00Z,2026-07-13T02:00:00+0200,87.96,EUR/MWh,DK1,DK_1,imbalance_price,Short,2026-07-30T07:28:36Z
2026-07-30T07:25:17Z,2026-07-30T09:25:17+0200,e73b670a-bc29-4bfc-b6f4-93c290a4d3ee,2026-07-13T00:15:00Z,2026-07-13T02:15:00+0200,87.2,EUR/MWh,DK1,DK_1,imbalance_price,Long,2026-07-30T07:28:36Z
2026-07-30T07:25:17Z,2026-07-30T09:25:17+0200,e73b670a-bc29-4bfc-b6f4-93c290a4d3ee,2026-07-13T00:15:00Z,2026-07-13T02:15:00+0200,87.2,EUR/MWh,DK1,DK_1,imbalance_price,Short,2026-07-30T07:28:36Z
2026-07-30T07:25:17Z,2026-07-30T09:25:17+0200,e73b670a-bc29-4bfc-b6f4-93c290a4d3ee,2026-07-13T00:30:00Z,2026-07-13T02:30:00+0200,87.08,EUR/MWh,DK1,DK_1,imbalance_price,Long,2026-07-30T07:28:36Z
2026-07-30T07:25:17Z,2026-07-30T09:25:17+0200,e73b670a-bc29-4bfc-b6f4-93c290a4d3ee,2026-07-13T00:30:00Z,2026-07-13T02:30:00+0200,87.08,EUR/MWh,DK1,DK_1,imbalance_price,Short,2026-07-30T07:28:36Z
2026-07-30T07:25:17Z,2026-07-30T09:25:17+0200,e73b670a-bc29-4bfc-b6f4-93c290a4d3ee,2026-07-13T00:45:00Z,2026-07-13T02:45:00+0200,110.0,EUR/MWh,DK1,DK_1,imbalance_price,Long,2026-07-30T07:28:36Z
2026-07-30T07:25:17Z,2026-07-30T09:25:17+0200,e73b670a-bc29-4bfc-b6f4-93c290a4d3ee,2026-07-13T00:45:00Z,2026-07-13T02:45:00+0200,110.0,EUR/MWh,DK1,DK_1,imbalance_price,Short,2026-07-30T07:28:36Z
2026-07-30T07:25:17Z,2026-07-30T09:25:17+0200,e73b670a-bc29-4bfc-b6f4-93c290a4d3ee,2026-07-13T01:00:00Z,2026-07-13T03:00:00+0200,119.7,EUR/MWh,DK1,DK_1,imbalance_price,Long,2026-07-30T07:28:36Z
2026-07-30T07:25:17Z,2026-07-30T09:25:17+0200,e73b670a-bc29-4bfc-b6f4-93c290a4d3ee,2026-07-13T01:00:00Z,2026-07-13T03:00:00+0200,119.7,EUR/MWh,DK1,DK_1,imbalance_price,Short,2026-07-30T07:28:36Z
2026-07-30T07:25:17Z,2026-07-30T09:25:17+0200,e73b670a-bc29-4bfc-b6f4-93c290a4d3ee,2026-07-13T01:15:00Z,2026-07-13T03:15:00+0200,120.0,EUR/MWh,DK1,DK_1,imbalance_price,Long,2026-07-30T07:28:36Z
2026-07-30T07:25:17Z,2026-07-30T09:25:17+0200,e73b670a-bc29-4bfc-b6f4-93c290a4d3ee,2026-07-13T01:15:00Z,2026-07-13T03:15:00+0200,120.0,EUR/MWh,DK1,DK_1,imbalance_price,Short,2026-07-30T07:28:36Z
2026-07-30T07:25:17Z,2026-07-30T09:25:17+0200,e73b670a-bc29-4bfc-b6f4-93c290a4d3ee,2026-07-13T01:30:00Z,2026-07-13T03:30:00+0200,121.92,EUR/MWh,DK1,DK_1,imbalance_price,Long,2026-07-30T07:28:36Z
2026-07-30T07:25:17Z,2026-07-30T09:25:17+0200,e73b670a-bc29-4bfc-b6f4-93c290a4d3ee,2026-07-13T01:30:00Z,2026-07-13T03:30:00+0200,121.92,EUR/MWh,DK1,DK_1,imbalance_price,Short,2026-07-30T07:28:36Z
2026-07-30T07:25:17Z,2026-07-30T09:25:17+0200,e73b670a-bc29-4bfc-b6f4-93c290a4d3ee,2026-07-13T01:45:00Z,2026-07-13T03:45:00+0200,123.48,EUR/MWh,DK1,DK_1,imbalance_price,Long,2026-07-30T07:28:36Z
2026-07-30T07:25:17Z,2026-07-30T09:25:17+0200,e73b670a-bc29-4bfc-b6f4-93c290a4d3ee,2026-07-13T01:45:00Z,2026-07-13T03:45:00+0200,123.48,EUR/MWh,DK1,DK_1,imbalance_price,Short,2026-07-30T07:28:36Z
2026-07-30T07:25:17Z,2026-07-30T09:25:17+0200,e73b670a-bc29-4bfc-b6f4-93c290a4d3ee,2026-07-13T02:00:00Z,2026-07-13T04:00:00+0200,118.68,EUR/MWh,DK1,DK_1,imbalance_price,Long,2026-07-30T07:28:36Z
2026-07-30T07:25:17Z,2026-07-30T09:25:17+0200,e73b670a-bc29-4bfc-b6f4-93c290a4d3ee,2026-07-13T02:00:00Z,2026-07-13T04:00:00+0200,118.68,EUR/MWh,DK1,DK_1,imbalance_price,Short,2026-07-30T07:28:36Z
2026-07-30T07:25:17Z,2026-07-30T09:25:17+0200,e73b670a-bc29-4bfc-b6f4-93c290a4d3ee,2026-07-13T02:15:00Z,2026-07-13T04:15:00+0200,122.74,EUR/MWh,DK1,DK_1,imbalance_price,Long,2026-07-30T07:28:36Z
2026-07-30T07:25:17Z,2026-07-30T09:25:17+0200,e73b670a-bc29-4bfc-b6f4-93c290a4d3ee,2026-07-13T02:15:00Z,2026-07-13T04:15:00+0200,122.74,EUR/MWh,DK1,DK_1,imbalance_price,Short,2026-07-30T07:28:36Z
2026-07-30T07:25:17Z,2026-07-30T09:25:17+0200,e73b670a-bc29-4bfc-b6f4-93c290a4d3ee,2026-07-13T02:30:00Z,2026-07-13T04:30:00+0200,125.75,EUR/MWh,DK1,DK_1,imbalance_price,Long,2026-07-30T07:28:36Z
2026-07-30T07:25:17Z,2026-07-30T09:25:17+0200,e73b670a-bc29-4bfc-b6f4-93c290a4d3ee,2026-07-13T02:30:00Z,2026-07-13T04:30:00+0200,125.75,EUR/MWh,DK1,DK_1,imbalance_price,Short,2026-07-30T07:28:36Z
2026-07-30T07:25:17Z,2026-07-30T09:25:17+0200,e73b670a-bc29-4bfc-b6f4-93c290a4d3ee,2026-07-13T02:45:00Z,2026-07-13T04:45:00+0200,87.96,EUR/MWh,DK1,DK_1,imbalance_price,Long,2026-07-30T07:28:36Z
2026-07-30T07:25:17Z,2026-07-30T09:25:17+0200,e73b670a-bc29-4bfc-b6f4-93c290a4d3ee,2026-07-13T02:45:00Z,2026-07-13T04:45:00+0200,87.96,EUR/MWh,DK1,DK_1,imbalance_price,Short,2026-07-30T07:28:36Z
2026-07-30T07:25:17Z,2026-07-30T09:25:17+0200,e73b670a-bc29-4bfc-b6f4-93c290a4d3ee,2026-07-13T03:00:00Z,2026-07-13T05:00:00+0200,87.21,EUR/MWh,DK1,DK_1,imbalance_price,Long,2026-07-30T07:28:36Z
2026-07-30T07:25:17Z,2026-07-30T09:25:17+0200,e73b670a-bc29-4bfc-b6f4-93c290a4d3ee,2026-07-13T03:00:00Z,2026-07-13T05:00:00+0200,87.21,EUR/MWh,DK1,DK_1,imbalance_price,Short,2026-07-30T07:28:36Z
2026-07-30T07:25:17Z,2026-07-30T09:25:17+0200,e73b670a-bc29-4bfc-b6f4-93c290a4d3ee,2026-07-13T03:15:00Z,2026-07-13T05:15:00+0200,130.09,EUR/MWh,DK1,DK_1,imbalance_price,Long,2026-07-30T07:28:36Z
2026-07-30T07:25:17Z,2026-07-30T09:25:17+0200,e73b670a-bc29-4bfc-b6f4-93c290a4d3ee,2026-07-13T03:15:00Z,2026-07-13T05:15:00+0200,130.09,EUR/MWh,DK1,DK_1,imbalance_price,Short,2026-07-30T07:28:36Z
2026-07-30T07:25:17Z,2026-07-30T09:25:17+0200,e73b670a-bc29-4bfc-b6f4-93c290a4d3ee,2026-07-13T03:30:00Z,2026-07-13T05:30:00+0200,136.74,EUR/MWh,DK1,DK_1,imbalance_price,Long,2026-07-30T07:28:36Z
2026-07-30T07:25:17Z,2026-07-30T09:25:17+0200,e73b670a-bc29-4bfc-b6f4-93c290a4d3ee,2026-07-13T03:30:00Z,2026-07-13T05:30:00+0200,136.74,EUR/MWh,DK1,DK_1,imbalance_price,Short,2026-07-30T07:28:36Z
2026-07-30T07:25:17Z,2026-07-30T09:25:17+0200,e73b670a-bc29-4bfc-b6f4-93c290a4d3ee,2026-07-13T03:45:00Z,2026-07-13T05:45:00+0200,142.51,EUR/MWh,DK1,DK_1,imbalance_price,Long,2026-07-30T07:28:36Z
2026-07-30T07:25:17Z,2026-07-30T09:25:17+0200,e73b670a-bc29-4bfc-b6f4-93c290a4d3ee,2026-07-13T03:45:00Z,2026-07-13T05:45:00+0200,142.51,EUR/MWh,DK1,DK_1,imbalance_price,Short,2026-07-30T07:28:36Z
2026-07-30T07:25:17Z,2026-07-30T09:25:17+0200,e73b670a-bc29-4bfc-b6f4-93c290a4d3ee,2026-07-13T04:00:00Z,2026-07-13T06:00:00+0200,67.62,EUR/MWh,DK1,DK_1,imbalance_price,Long,2026-07-30T07:28:36Z
2026-07-30T07:25:17Z,2026-07-30T09:25:17+0200,e73b670a-bc29-4bfc-b6f4-93c290a4d3ee,2026-07-13T04:00:00Z,2026-07-13T06:00:00+0200,67.62,EUR/MWh,DK1,DK_1,imbalance_price,Short,2026-07-30T07:28:36Z
2026-07-30T07:25:17Z,2026-07-30T09:25:17+0200,e73b670a-bc29-4bfc-b6f4-93c290a4d3ee,2026-07-13T04:15:00Z,2026-07-13T06:15:00+0200,85.43,EUR/MWh,DK1,DK_1,imbalance_price,Long,2026-07-30T07:28:36Z
2026-07-30T07:25:17Z,2026-07-30T09:25:17+0200,e73b670a-bc29-4bfc-b6f4-93c290a4d3ee,2026-07-13T04:15:00Z,2026-07-13T06:15:00+0200,85.43,EUR/MWh,DK1,DK_1,imbalance_price,Short,2026-07-30T07:28:36Z
2026-07-30T07:25:17Z,2026-07-30T09:25:17+0200,e73b670a-bc29-4bfc-b6f4-93c290a4d3ee,2026-07-13T04:30:00Z,2026-07-13T06:30:00+0200,150.31,EUR/MWh,DK1,DK_1,imbalance_price,Long,2026-07-30T07:28:36Z
2026-07-30T07:25:17Z,2026-07-30T09:25:17+0200,e73b670a-bc29-4bfc-b6f4-93c290a4d3ee,2026-07-13T04:30:00Z,2026-07-13T06:30:00+0200,150.31,EUR/MWh,DK1,DK_1,imbalance_price,Short,2026-07-30T07:28:36Z
2026-07-30T07:25:17Z,2026-07-30T09:25:17+0200,e73b670a-bc29-4bfc-b6f4-93c290a4d3ee,2026-07-13T04:45:00Z,2026-07-13T06:45:00+0200,150.52,EUR/MWh,DK1,DK_1,imbalance_price,Long,2026-07-30T07:28:36Z
2026-07-30T07:25:17Z,2026-07-30T09:25:17+0200,e73b670a-bc29-4bfc-b6f4-93c290a4d3ee,2026-07-13T04:45:00Z,2026-07-13T06:45:00+0200,150.52,EUR/MWh,DK1,DK_1,imbalance_price,Short,2026-07-30T07:28:36Z
2026-07-30T07:25:17Z,2026-07-30T09:25:17+0200,e73b670a-bc29-4bfc-b6f4-93c290a4d3ee,2026-07-13T05:00:00Z,2026-07-13T07:00:00+0200,87.96,EUR/MWh,DK1,DK_1,imbalance_price,Long,2026-07-30T07:28:36Z
2026-07-30T07:25:17Z,2026-07-30T09:25:17+0200,e73b670a-bc29-4bfc-b6f4-93c290a4d3ee,2026-07-13T05:00:00Z,2026-07-13T07:00:00+0200,87.96,EUR/MWh,DK1,DK_1,imbalance_price,Short,2026-07-30T07:28:36Z
2026-07-30T07:25:17Z,2026-07-30T09:25:17+0200,e73b670a-bc29-4bfc-b6f4-93c290a4d3ee,2026-07-13T05:15:00Z,2026-07-13T07:15:00+0200,87.96,EUR/MWh,DK1,DK_1,imbalance_price,Long,2026-07-30T07:28:36Z
2026-07-30T07:25:17Z,2026-07-30T09:25:17+0200,e73b670a-bc29-4bfc-b6f4-93c290a4d3ee,2026-07-13T05:15:00Z,2026-07-13T07:15:00+0200,87.96,EUR/MWh,DK1,DK_1,imbalance_price,Short,2026-07-30T07:28:36Z
2026-07-30T07:25:17Z,2026-07-30T09:25:17+0200,e73b670a-bc29-4bfc-b6f4-93c290a4d3ee,2026-07-13T05:30:00Z,2026-07-13T07:30:00+0200,124.0,EUR/MWh,DK1,DK_1,imbalance_price,Long,2026-07-30T07:28:36Z
2026-07-30T07:25:17Z,2026-07-30T09:25:17+0200,e73b670a-bc29-4bfc-b6f4-93c290a4d3ee,2026-07-13T05:30:00Z,2026-07-13T07:30:00+0200,124.0,EUR/MWh,DK1,DK_1,imbalance_price,Short,2026-07-30T07:28:36Z
2026-07-30T07:25:17Z,2026-07-30T09:25:17+0200,e73b670a-bc29-4bfc-b6f4-93c290a4d3ee,2026-07-13T05:45:00Z,2026-07-13T07:45:00+0200,121.0,EUR/MWh,DK1,DK_1,imbalance_price,Long,2026-07-30T07:28:36Z
2026-07-30T07:25:17Z,2026-07-30T09:25:17+0200,e73b670a-bc29-4bfc-b6f4-93c290a4d3ee,2026-07-13T05:45:00Z,2026-07-13T07:45:00+0200,121.0,EUR/MWh,DK1,DK_1,imbalance_price,Short,2026-07-30T07:28:36Z
2026-07-30T07:25:17Z,2026-07-30T09:25:17+0200,e73b670a-bc29-4bfc-b6f4-93c290a4d3ee,2026-07-13T06:00:00Z,2026-07-13T08:00:00+0200,87.96,EUR/MWh,DK1,DK_1,imbalance_price,Long,2026-07-30T07:28:36Z
2026-07-30T07:25:17Z,2026-07-30T09:25:17+0200,e73b670a-bc29-4bfc-b6f4-93c290a4d3ee,2026-07-13T06:00:00Z,2026-07-13T08:00:00+0200,87.96,EUR/MWh,DK1,DK_1,imbalance_price,Short,2026-07-30T07:28:36Z
2026-07-30T07:25:17Z,2026-07-30T09:25:17+0200,e73b670a-bc29-4bfc-b6f4-93c290a4d3ee,2026-07-13T06:15:00Z,2026-07-13T08:15:00+0200,87.96,EUR/MWh,DK1,DK_1,imbalance_price,Long,2026-07-30T07:28:36Z
2026-07-30T07:25:17Z,2026-07-30T09:25:17+0200,e73b670a-bc29-4bfc-b6f4-93c290a4d3ee,2026-07-13T06:15:00Z,2026-07-13T08:15:00+0200,87.96,EUR/MWh,DK1,DK_1,imbalance_price,Short,2026-07-30T07:28:36Z
2026-07-30T07:25:17Z,2026-07-30T09:25:17+0200,e73b670a-bc29-4bfc-b6f4-93c290a4d3ee,2026-07-13T06:30:00Z,2026-07-13T08:30:00+0200,113.3,EUR/MWh,DK1,DK_1,imbalance_price,Long,2026-07-30T07:28:36Z
2026-07-30T07:25:17Z,2026-07-30T09:25:17+0200,e73b670a-bc29-4bfc-b6f4-93c290a4d3ee,2026-07-13T06:30:00Z,2026-07-13T08:30:00+0200,113.3,EUR/MWh,DK1,DK_1,imbalance_price,Short,2026-07-30T07:28:36Z
2026-07-30T07:25:17Z,2026-07-30T09:25:17+0200,e73b670a-bc29-4bfc-b6f4-93c290a4d3ee,2026-07-13T06:45:00Z,2026-07-13T08:45:00+0200,87.96,EUR/MWh,DK1,DK_1,imbalance_price,Long,2026-07-30T07:28:36Z
2026-07-30T07:25:17Z,2026-07-30T09:25:17+0200,e73b670a-bc29-4bfc-b6f4-93c290a4d3ee,2026-07-13T06:45:00Z,2026-07-13T08:45:00+0200,87.96,EUR/MWh,DK1,DK_1,imbalance_price,Short,2026-07-30T07:28:36Z
2026-07-30T07:25:17Z,2026-07-30T09:25:17+0200,e73b670a-bc29-4bfc-b6f4-93c290a4d3ee,2026-07-13T07:00:00Z,2026-07-13T09:00:00+0200,87.96,EUR/MWh,DK1,DK_1,imbalance_price,Long,2026-07-30T07:28:36Z
2026-07-30T07:25:17Z,2026-07-30T09:25:17+0200,e73b670a-bc29-4bfc-b6f4-93c290a4d3ee,2026-07-13T07:00:00Z,2026-07-13T09:00:00+0200,87.96,EUR/MWh,DK1,DK_1,imbalance_price,Short,2026-07-30T07:28:36Z
2026-07-30T07:25:17Z,2026-07-30T09:25:17+0200,e73b670a-bc29-4bfc-b6f4-93c290a4d3ee,2026-07-13T07:15:00Z,2026-07-13T09:15:00+0200,111.93,EUR/MWh,DK1,DK_1,imbalance_price,Long,2026-07-30T07:28:36Z
2026-07-30T07:25:17Z,2026-07-30T09:25:17+0200,e73b670a-bc29-4bfc-b6f4-93c290a4d3ee,2026-07-13T07:15:00Z,2026-07-13T09:15:00+0200,111.93,EUR/MWh,DK1,DK_1,imbalance_price,Short,2026-07-30T07:28:36Z
2026-07-30T07:25:17Z,2026-07-30T09:25:17+0200,e73b670a-bc29-4bfc-b6f4-93c290a4d3ee,2026-07-13T07:30:00Z,2026-07-13T09:30:00+0200,104.5,EUR/MWh,DK1,DK_1,imbalance_price,Long,2026-07-30T07:28:36Z
2026-07-30T07:25:17Z,2026-07-30T09:25:17+0200,e73b670a-bc29-4bfc-b6f4-93c290a4d3ee,2026-07-13T07:30:00Z,2026-07-13T09:30:00+0200,104.5,EUR/MWh,DK1,DK_1,imbalance_price,Short,2026-07-30T07:28:36Z
2026-07-30T07:25:17Z,2026-07-30T09:25:17+0200,e73b670a-bc29-4bfc-b6f4-93c290a4d3ee,2026-07-13T07:45:00Z,2026-07-13T09:45:00+0200,32.17,EUR/MWh,DK1,DK_1,imbalance_price,Long,2026-07-30T07:28:36Z
2026-07-30T07:25:17Z,2026-07-30T09:25:17+0200,e73b670a-bc29-4bfc-b6f4-93c290a4d3ee,2026-07-13T07:45:00Z,2026-07-13T09:45:00+0200,32.17,EUR/MWh,DK1,DK_1,imbalance_price,Short,2026-07-30T07:28:36Z
2026-07-30T07:25:17Z,2026-07-30T09:25:17+0200,e73b670a-bc29-4bfc-b6f4-93c290a4d3ee,2026-07-13T08:00:00Z,2026-07-13T10:00:00+0200,33.44,EUR/MWh,DK1,DK_1,imbalance_price,Long,2026-07-30T07:28:36Z
2026-07-30T07:25:17Z,2026-07-30T09:25:17+0200,e73b670a-bc29-4bfc-b6f4-93c290a4d3ee,2026-07-13T08:00:00Z,2026-07-13T10:00:00+0200,33.44,EUR/MWh,DK1,DK_1,imbalance_price,Short,2026-07-30T07:28:36Z
2026-07-30T07:25:17Z,2026-07-30T09:25:17+0200,e73b670a-bc29-4bfc-b6f4-93c290a4d3ee,2026-07-13T08:15:00Z,2026-07-13T10:15:00+0200,4.13,EUR/MWh,DK1,DK_1,imbalance_price,Long,2026-07-30T07:28:36Z
2026-07-30T07:25:17Z,2026-07-30T09:25:17+0200,e73b670a-bc29-4bfc-b6f4-93c290a4d3ee,2026-07-13T08:15:00Z,2026-07-13T10:15:00+0200,4.13,EUR/MWh,DK1,DK_1,imbalance_price,Short,2026-07-30T07:28:36Z
2026-07-30T07:25:17Z,2026-07-30T09:25:17+0200,e73b670a-bc29-4bfc-b6f4-93c290a4d3ee,2026-07-13T08:30:00Z,2026-07-13T10:30:00+0200,0.0,EUR/MWh,DK1,DK_1,imbalance_price,Long,2026-07-30T07:28:36Z
2026-07-30T07:25:17Z,2026-07-30T09:25:17+0200,e73b670a-bc29-4bfc-b6f4-93c290a4d3ee,2026-07-13T08:30:00Z,2026-07-13T10:30:00+0200,0.0,EUR/MWh,DK1,DK_1,imbalance_price,Short,2026-07-30T07:28:36Z
2026-07-30T07:25:17Z,2026-07-30T09:25:17+0200,e73b670a-bc29-4bfc-b6f4-93c290a4d3ee,2026-07-13T08:45:00Z,2026-07-13T10:45:00+0200,0.0,EUR/MWh,DK1,DK_1,imbalance_price,Long,2026-07-30T07:28:36Z
2026-07-30T07:25:17Z,2026-07-30T09:25:17+0200,e73b670a-bc29-4bfc-b6f4-93c290a4d3ee,2026-07-13T08:45:00Z,2026-07-13T10:45:00+0200,0.0,EUR/MWh,DK1,DK_1,imbalance_price,Short,2026-07-30T07:28:36Z
2026-07-30T07:25:17Z,2026-07-30T09:25:17+0200,e73b670a-bc29-4bfc-b6f4-93c290a4d3ee,2026-07-13T09:00:00Z,2026-07-13T11:00:00+0200,2.0,EUR/MWh,DK1,DK_1,imbalance_price,Long,2026-07-30T07:28:36Z
2026-07-30T07:25:17Z,2026-07-30T09:25:17+0200,e73b670a-bc29-4bfc-b6f4-93c290a4d3ee,2026-07-13T09:00:00Z,2026-07-13T11:00:00+0200,2.0,EUR/MWh,DK1,DK_1,imbalance_price,Short,2026-07-30T07:28:36Z
2026-07-30T07:25:17Z,2026-07-30T09:25:17+0200,e73b670a-bc29-4bfc-b6f4-93c290a4d3ee,2026-07-13T09:15:00Z,2026-07-13T11:15:00+0200,78.66,EUR/MWh,DK1,DK_1,imbalance_price,Long,2026-07-30T07:28:36Z
2026-07-30T07:25:17Z,2026-07-30T09:25:17+0200,e73b670a-bc29-4bfc-b6f4-93c290a4d3ee,2026-07-13T09:15:00Z,2026-07-13T11:15:00+0200,78.66,EUR/MWh,DK1,DK_1,imbalance_price,Short,2026-07-30T07:28:36Z
2026-07-30T07:25:17Z,2026-07-30T09:25:17+0200,e73b670a-bc29-4bfc-b6f4-93c290a4d3ee,2026-07-13T09:30:00Z,2026-07-13T11:30:00+0200,5.29,EUR/MWh,DK1,DK_1,imbalance_price,Long,2026-07-30T07:28:36Z
2026-07-30T07:25:17Z,2026-07-30T09:25:17+0200,e73b670a-bc29-4bfc-b6f4-93c290a4d3ee,2026-07-13T09:30:00Z,2026-07-13T11:30:00+0200,5.29,EUR/MWh,DK1,DK_1,imbalance_price,Short,2026-07-30T07:28:36Z
2026-07-30T07:25:17Z,2026-07-30T09:25:17+0200,e73b670a-bc29-4bfc-b6f4-93c290a4d3ee,2026-07-13T09:45:00Z,2026-07-13T11:45:00+0200,2.69,EUR/MWh,DK1,DK_1,imbalance_price,Long,2026-07-30T07:28:36Z
2026-07-30T07:25:17Z,2026-07-30T09:25:17+0200,e73b670a-bc29-4bfc-b6f4-93c290a4d3ee,2026-07-13T09:45:00Z,2026-07-13T11:45:00+0200,2.69,EUR/MWh,DK1,DK_1,imbalance_price,Short,2026-07-30T07:28:36Z
2026-07-30T07:25:17Z,2026-07-30T09:25:17+0200,e73b670a-bc29-4bfc-b6f4-93c290a4d3ee,2026-07-13T10:00:00Z,2026-07-13T12:00:00+0200,11.37,EUR/MWh,DK1,DK_1,imbalance_price,Long,2026-07-30T07:28:36Z
2026-07-30T07:25:17Z,2026-07-30T09:25:17+0200,e73b670a-bc29-4bfc-b6f4-93c290a4d3ee,2026-07-13T10:00:00Z,2026-07-13T12:00:00+0200,11.37,EUR/MWh,DK1,DK_1,imbalance_price,Short,2026-07-30T07:28:36Z
2026-07-30T07:25:17Z,2026-07-30T09:25:17+0200,e73b670a-bc29-4bfc-b6f4-93c290a4d3ee,2026-07-13T10:15:00Z,2026-07-13T12:15:00+0200,20.09,EUR/MWh,DK1,DK_1,imbalance_price,Long,2026-07-30T07:28:36Z
2026-07-30T07:25:17Z,2026-07-30T09:25:17+0200,e73b670a-bc29-4bfc-b6f4-93c290a4d3ee,2026-07-13T10:15:00Z,2026-07-13T12:15:00+0200,20.09,EUR/MWh,DK1,DK_1,imbalance_price,Short,2026-07-30T07:28:36Z
2026-07-30T07:25:17Z,2026-07-30T09:25:17+0200,e73b670a-bc29-4bfc-b6f4-93c290a4d3ee,2026-07-13T10:30:00Z,2026-07-13T12:30:00+0200,8.0,EUR/MWh,DK1,DK_1,imbalance_price,Long,2026-07-30T07:28:36Z
2026-07-30T07:25:17Z,2026-07-30T09:25:17+0200,e73b670a-bc29-4bfc-b6f4-93c290a4d3ee,2026-07-13T10:30:00Z,2026-07-13T12:30:00+0200,8.0,EUR/MWh,DK1,DK_1,imbalance_price,Short,2026-07-30T07:28:36Z
2026-07-30T07:25:17Z,2026-07-30T09:25:17+0200,e73b670a-bc29-4bfc-b6f4-93c290a4d3ee,2026-07-13T10:45:00Z,2026-07-13T12:45:00+0200,2.53,EUR/MWh,DK1,DK_1,imbalance_price,Long,2026-07-30T07:28:36Z
2026-07-30T07:25:17Z,2026-07-30T09:25:17+0200,e73b670a-bc29-4bfc-b6f4-93c290a4d3ee,2026-07-13T10:45:00Z,2026-07-13T12:45:00+0200,2.53,EUR/MWh,DK1,DK_1,imbalance_price,Short,2026-07-30T07:28:36Z
2026-07-30T07:25:17Z,2026-07-30T09:25:17+0200,e73b670a-bc29-4bfc-b6f4-93c290a4d3ee,2026-07-13T11:00:00Z,2026-07-13T13:00:00+0200,5.0,EUR/MWh,DK1,DK_1,imbalance_price,Long,2026-07-30T07:28:36Z
2026-07-30T07:25:17Z,2026-07-30T09:25:17+0200,e73b670a-bc29-4bfc-b6f4-93c290a4d3ee,2026-07-13T11:00:00Z,2026-07-13T13:00:00+0200,5.0,EUR/MWh,DK1,DK_1,imbalance_price,Short,2026-07-30T07:28:36Z
2026-07-30T07:25:17Z,2026-07-30T09:25:17+0200,e73b670a-bc29-4bfc-b6f4-93c290a4d3ee,2026-07-13T11:15:00Z,2026-07-13T13:15:00+0200,2.69,EUR/MWh,DK1,DK_1,imbalance_price,Long,2026-07-30T07:28:36Z
2026-07-30T07:25:17Z,2026-07-30T09:25:17+0200,e73b670a-bc29-4bfc-b6f4-93c290a4d3ee,2026-07-13T11:15:00Z,2026-07-13T13:15:00+0200,2.69,EUR/MWh,DK1,DK_1,imbalance_price,Short,2026-07-30T07:28:36Z
2026-07-30T07:25:17Z,2026-07-30T09:25:17+0200,e73b670a-bc29-4bfc-b6f4-93c290a4d3ee,2026-07-13T11:30:00Z,2026-07-13T13:30:00+0200,-6.55,EUR/MWh,DK1,DK_1,imbalance_price,Long,2026-07-30T07:28:36Z
2026-07-30T07:25:17Z,2026-07-30T09:25:17+0200,e73b670a-bc29-4bfc-b6f4-93c290a4d3ee,2026-07-13T11:30:00Z,2026-07-13T13:30:00+0200,-6.55,EUR/MWh,DK1,DK_1,imbalance_price,Short,2026-07-30T07:28:36Z
2026-07-30T07:25:17Z,2026-07-30T09:25:17+0200,e73b670a-bc29-4bfc-b6f4-93c290a4d3ee,2026-07-13T11:45:00Z,2026-07-13T13:45:00+0200,-9.33,EUR/MWh,DK1,DK_1,imbalance_price,Long,2026-07-30T07:28:36Z
2026-07-30T07:25:17Z,2026-07-30T09:25:17+0200,e73b670a-bc29-4bfc-b6f4-93c290a4d3ee,2026-07-13T11:45:00Z,2026-07-13T13:45:00+0200,-9.33,EUR/MWh,DK1,DK_1,imbalance_price,Short,2026-07-30T07:28:36Z
2026-07-30T07:25:17Z,2026-07-30T09:25:17+0200,e73b670a-bc29-4bfc-b6f4-93c290a4d3ee,2026-07-13T12:00:00Z,2026-07-13T14:00:00+0200,-12.93,EUR/MWh,DK1,DK_1,imbalance_price,Long,2026-07-30T07:28:36Z
2026-07-30T07:25:17Z,2026-07-30T09:25:17+0200,e73b670a-bc29-4bfc-b6f4-93c290a4d3ee,2026-07-13T12:00:00Z,2026-07-13T14:00:00+0200,-12.93,EUR/MWh,DK1,DK_1,imbalance_price,Short,2026-07-30T07:28:36Z
2026-07-30T07:25:17Z,2026-07-30T09:25:17+0200,e73b670a-bc29-4bfc-b6f4-93c290a4d3ee,2026-07-13T12:15:00Z,2026-07-13T14:15:00+0200,-6.69,EUR/MWh,DK1,DK_1,imbalance_price,Long,2026-07-30T07:28:36Z
2026-07-30T07:25:17Z,2026-07-30T09:25:17+0200,e73b670a-bc29-4bfc-b6f4-93c290a4d3ee,2026-07-13T12:15:00Z,2026-07-13T14:15:00+0200,-6.69,EUR/MWh,DK1,DK_1,imbalance_price,Short,2026-07-30T07:28:36Z
2026-07-30T07:25:17Z,2026-07-30T09:25:17+0200,e73b670a-bc29-4bfc-b6f4-93c290a4d3ee,2026-07-13T12:30:00Z,2026-07-13T14:30:00+0200,-6.69,EUR/MWh,DK1,DK_1,imbalance_price,Long,2026-07-30T07:28:36Z
2026-07-30T07:25:17Z,2026-07-30T09:25:17+0200,e73b670a-bc29-4bfc-b6f4-93c290a4d3ee,2026-07-13T12:30:00Z,2026-07-13T14:30:00+0200,-6.69,EUR/MWh,DK1,DK_1,imbalance_price,Short,2026-07-30T07:28:36Z
2026-07-30T07:25:17Z,2026-07-30T09:25:17+0200,e73b670a-bc29-4bfc-b6f4-93c290a4d3ee,2026-07-13T12:45:00Z,2026-07-13T14:45:00+0200,-10.82,EUR/MWh,DK1,DK_1,imbalance_price,Long,2026-07-30T07:28:36Z
2026-07-30T07:25:17Z,2026-07-30T09:25:17+0200,e73b670a-bc29-4bfc-b6f4-93c290a4d3ee,2026-07-13T12:45:00Z,2026-07-13T14:45:00+0200,-10.82,EUR/MWh,DK1,DK_1,imbalance_price,Short,2026-07-30T07:28:36Z
2026-07-30T07:25:17Z,2026-07-30T09:25:17+0200,e73b670a-bc29-4bfc-b6f4-93c290a4d3ee,2026-07-13T13:00:00Z,2026-07-13T15:00:00+0200,0.0,EUR/MWh,DK1,DK_1,imbalance_price,Long,2026-07-30T07:28:36Z
2026-07-30T07:25:17Z,2026-07-30T09:25:17+0200,e73b670a-bc29-4bfc-b6f4-93c290a4d3ee,2026-07-13T13:00:00Z,2026-07-13T15:00:00+0200,0.0,EUR/MWh,DK1,DK_1,imbalance_price,Short,2026-07-30T07:28:36Z
2026-07-30T07:25:17Z,2026-07-30T09:25:17+0200,e73b670a-bc29-4bfc-b6f4-93c290a4d3ee,2026-07-13T13:15:00Z,2026-07-13T15:15:00+0200,1.8,EUR/MWh,DK1,DK_1,imbalance_price,Long,2026-07-30T07:28:36Z
2026-07-30T07:25:17Z,2026-07-30T09:25:17+0200,e73b670a-bc29-4bfc-b6f4-93c290a4d3ee,2026-07-13T13:15:00Z,2026-07-13T15:15:00+0200,1.8,EUR/MWh,DK1,DK_1,imbalance_price,Short,2026-07-30T07:28:36Z
2026-07-30T07:25:17Z,2026-07-30T09:25:17+0200,e73b670a-bc29-4bfc-b6f4-93c290a4d3ee,2026-07-13T13:30:00Z,2026-07-13T15:30:00+0200,22.42,EUR/MWh,DK1,DK_1,imbalance_price,Long,2026-07-30T07:28:36Z
2026-07-30T07:25:17Z,2026-07-30T09:25:17+0200,e73b670a-bc29-4bfc-b6f4-93c290a4d3ee,2026-07-13T13:30:00Z,2026-07-13T15:30:00+0200,22.42,EUR/MWh,DK1,DK_1,imbalance_price,Short,2026-07-30T07:28:36Z
2026-07-30T07:25:17Z,2026-07-30T09:25:17+0200,e73b670a-bc29-4bfc-b6f4-93c290a4d3ee,2026-07-13T13:45:00Z,2026-07-13T15:45:00+0200,23.0,EUR/MWh,DK1,DK_1,imbalance_price,Long,2026-07-30T07:28:36Z
2026-07-30T07:25:17Z,2026-07-30T09:25:17+0200,e73b670a-bc29-4bfc-b6f4-93c290a4d3ee,2026-07-13T13:45:00Z,2026-07-13T15:45:00+0200,23.0,EUR/MWh,DK1,DK_1,imbalance_price,Short,2026-07-30T07:28:36Z
2026-07-30T07:25:17Z,2026-07-30T09:25:17+0200,e73b670a-bc29-4bfc-b6f4-93c290a4d3ee,2026-07-13T14:00:00Z,2026-07-13T16:00:00+0200,8.0,EUR/MWh,DK1,DK_1,imbalance_price,Long,2026-07-30T07:28:36Z
2026-07-30T07:25:17Z,2026-07-30T09:25:17+0200,e73b670a-bc29-4bfc-b6f4-93c290a4d3ee,2026-07-13T14:00:00Z,2026-07-13T16:00:00+0200,8.0,EUR/MWh,DK1,DK_1,imbalance_price,Short,2026-07-30T07:28:36Z
2026-07-30T07:25:17Z,2026-07-30T09:25:17+0200,e73b670a-bc29-4bfc-b6f4-93c290a4d3ee,2026-07-13T14:15:00Z,2026-07-13T16:15:00+0200,13.78,EUR/MWh,DK1,DK_1,imbalance_price,Long,2026-07-30T07:28:36Z
2026-07-30T07:25:17Z,2026-07-30T09:25:17+0200,e73b670a-bc29-4bfc-b6f4-93c290a4d3ee,2026-07-13T14:15:00Z,2026-07-13T16:15:00+0200,13.78,EUR/MWh,DK1,DK_1,imbalance_price,Short,2026-07-30T07:28:36Z
2026-07-30T07:25:17Z,2026-07-30T09:25:17+0200,e73b670a-bc29-4bfc-b6f4-93c290a4d3ee,2026-07-13T14:30:00Z,2026-07-13T16:30:00+0200,6.95,EUR/MWh,DK1,DK_1,imbalance_price,Long,2026-07-30T07:28:36Z
2026-07-30T07:25:17Z,2026-07-30T09:25:17+0200,e73b670a-bc29-4bfc-b6f4-93c290a4d3ee,2026-07-13T14:30:00Z,2026-07-13T16:30:00+0200,6.95,EUR/MWh,DK1,DK_1,imbalance_price,Short,2026-07-30T07:28:36Z
2026-07-30T07:25:17Z,2026-07-30T09:25:17+0200,e73b670a-bc29-4bfc-b6f4-93c290a4d3ee,2026-07-13T14:45:00Z,2026-07-13T16:45:00+0200,15.88,EUR/MWh,DK1,DK_1,imbalance_price,Long,2026-07-30T07:28:36Z
2026-07-30T07:25:17Z,2026-07-30T09:25:17+0200,e73b670a-bc29-4bfc-b6f4-93c290a4d3ee,2026-07-13T14:45:00Z,2026-07-13T16:45:00+0200,15.88,EUR/MWh,DK1,DK_1,imbalance_price,Short,2026-07-30T07:28:36Z
2026-07-30T07:25:17Z,2026-07-30T09:25:17+0200,e73b670a-bc29-4bfc-b6f4-93c290a4d3ee,2026-07-13T15:00:00Z,2026-07-13T17:00:00+0200,2.69,EUR/MWh,DK1,DK_1,imbalance_price,Long,2026-07-30T07:28:36Z
2026-07-30T07:25:17Z,2026-07-30T09:25:17+0200,e73b670a-bc29-4bfc-b6f4-93c290a4d3ee,2026-07-13T15:00:00Z,2026-07-13T17:00:00+0200,2.69,EUR/MWh,DK1,DK_1,imbalance_price,Short,2026-07-30T07:28:36Z
2026-07-30T07:25:17Z,2026-07-30T09:25:17+0200,e73b670a-bc29-4bfc-b6f4-93c290a4d3ee,2026-07-13T15:15:00Z,2026-07-13T17:15:00+0200,13.03,EUR/MWh,DK1,DK_1,imbalance_price,Long,2026-07-30T07:28:36Z
2026-07-30T07:25:17Z,2026-07-30T09:25:17+0200,e73b670a-bc29-4bfc-b6f4-93c290a4d3ee,2026-07-13T15:15:00Z,2026-07-13T17:15:00+0200,13.03,EUR/MWh,DK1,DK_1,imbalance_price,Short,2026-07-30T07:28:36Z
2026-07-30T07:25:17Z,2026-07-30T09:25:17+0200,e73b670a-bc29-4bfc-b6f4-93c290a4d3ee,2026-07-13T15:30:00Z,2026-07-13T17:30:00+0200,50.0,EUR/MWh,DK1,DK_1,imbalance_price,Long,2026-07-30T07:28:36Z
2026-07-30T07:25:17Z,2026-07-30T09:25:17+0200,e73b670a-bc29-4bfc-b6f4-93c290a4d3ee,2026-07-13T15:30:00Z,2026-07-13T17:30:00+0200,50.0,EUR/MWh,DK1,DK_1,imbalance_price,Short,2026-07-30T07:28:36Z
2026-07-30T07:25:17Z,2026-07-30T09:25:17+0200,e73b670a-bc29-4bfc-b6f4-93c290a4d3ee,2026-07-13T15:45:00Z,2026-07-13T17:45:00+0200,73.75,EUR/MWh,DK1,DK_1,imbalance_price,Long,2026-07-30T07:28:36Z
2026-07-30T07:25:17Z,2026-07-30T09:25:17+0200,e73b670a-bc29-4bfc-b6f4-93c290a4d3ee,2026-07-13T15:45:00Z,2026-07-13T17:45:00+0200,73.75,EUR/MWh,DK1,DK_1,imbalance_price,Short,2026-07-30T07:28:36Z
2026-07-30T07:25:17Z,2026-07-30T09:25:17+0200,e73b670a-bc29-4bfc-b6f4-93c290a4d3ee,2026-07-13T16:00:00Z,2026-07-13T18:00:00+0200,45.0,EUR/MWh,DK1,DK_1,imbalance_price,Long,2026-07-30T07:28:36Z
2026-07-30T07:25:17Z,2026-07-30T09:25:17+0200,e73b670a-bc29-4bfc-b6f4-93c290a4d3ee,2026-07-13T16:00:00Z,2026-07-13T18:00:00+0200,45.0,EUR/MWh,DK1,DK_1,imbalance_price,Short,2026-07-30T07:28:36Z
2026-07-30T07:25:17Z,2026-07-30T09:25:17+0200,e73b670a-bc29-4bfc-b6f4-93c290a4d3ee,2026-07-13T16:15:00Z,2026-07-13T18:15:00+0200,73.06,EUR/MWh,DK1,DK_1,imbalance_price,Long,2026-07-30T07:28:36Z
2026-07-30T07:25:17Z,2026-07-30T09:25:17+0200,e73b670a-bc29-4bfc-b6f4-93c290a4d3ee,2026-07-13T16:15:00Z,2026-07-13T18:15:00+0200,73.06,EUR/MWh,DK1,DK_1,imbalance_price,Short,2026-07-30T07:28:36Z
2026-07-30T07:25:17Z,2026-07-30T09:25:17+0200,e73b670a-bc29-4bfc-b6f4-93c290a4d3ee,2026-07-13T16:30:00Z,2026-07-13T18:30:00+0200,200.8,EUR/MWh,DK1,DK_1,imbalance_price,Long,2026-07-30T07:28:36Z
2026-07-30T07:25:17Z,2026-07-30T09:25:17+0200,e73b670a-bc29-4bfc-b6f4-93c290a4d3ee,2026-07-13T16:30:00Z,2026-07-13T18:30:00+0200,200.8,EUR/MWh,DK1,DK_1,imbalance_price,Short,2026-07-30T07:28:36Z
2026-07-30T07:25:17Z,2026-07-30T09:25:17+0200,e73b670a-bc29-4bfc-b6f4-93c290a4d3ee,2026-07-13T16:45:00Z,2026-07-13T18:45:00+0200,481.65,EUR/MWh,DK1,DK_1,imbalance_price,Long,2026-07-30T07:28:36Z
2026-07-30T07:25:17Z,2026-07-30T09:25:17+0200,e73b670a-bc29-4bfc-b6f4-93c290a4d3ee,2026-07-13T16:45:00Z,2026-07-13T18:45:00+0200,481.65,EUR/MWh,DK1,DK_1,imbalance_price,Short,2026-07-30T07:28:36Z
2026-07-30T07:25:17Z,2026-07-30T09:25:17+0200,e73b670a-bc29-4bfc-b6f4-93c290a4d3ee,2026-07-13T17:00:00Z,2026-07-13T19:00:00+0200,207.35,EUR/MWh,DK1,DK_1,imbalance_price,Long,2026-07-30T07:28:36Z
2026-07-30T07:25:17Z,2026-07-30T09:25:17+0200,e73b670a-bc29-4bfc-b6f4-93c290a4d3ee,2026-07-13T17:00:00Z,2026-07-13T19:00:00+0200,207.35,EUR/MWh,DK1,DK_1,imbalance_price,Short,2026-07-30T07:28:36Z
2026-07-30T07:25:17Z,2026-07-30T09:25:17+0200,e73b670a-bc29-4bfc-b6f4-93c290a4d3ee,2026-07-13T17:15:00Z,2026-07-13T19:15:00+0200,103.68,EUR/MWh,DK1,DK_1,imbalance_price,Long,2026-07-30T07:28:36Z
2026-07-30T07:25:17Z,2026-07-30T09:25:17+0200,e73b670a-bc29-4bfc-b6f4-93c290a4d3ee,2026-07-13T17:15:00Z,2026-07-13T19:15:00+0200,103.68,EUR/MWh,DK1,DK_1,imbalance_price,Short,2026-07-30T07:28:36Z
2026-07-30T07:25:17Z,2026-07-30T09:25:17+0200,e73b670a-bc29-4bfc-b6f4-93c290a4d3ee,2026-07-13T17:30:00Z,2026-07-13T19:30:00+0200,104.11,EUR/MWh,DK1,DK_1,imbalance_price,Long,2026-07-30T07:28:36Z
2026-07-30T07:25:17Z,2026-07-30T09:25:17+0200,e73b670a-bc29-4bfc-b6f4-93c290a4d3ee,2026-07-13T17:30:00Z,2026-07-13T19:30:00+0200,104.11,EUR/MWh,DK1,DK_1,imbalance_price,Short,2026-07-30T07:28:36Z
2026-07-30T07:25:17Z,2026-07-30T09:25:17+0200,e73b670a-bc29-4bfc-b6f4-93c290a4d3ee,2026-07-13T17:45:00Z,2026-07-13T19:45:00+0200,102.34,EUR/MWh,DK1,DK_1,imbalance_price,Long,2026-07-30T07:28:36Z
2026-07-30T07:25:17Z,2026-07-30T09:25:17+0200,e73b670a-bc29-4bfc-b6f4-93c290a4d3ee,2026-07-13T17:45:00Z,2026-07-13T19:45:00+0200,102.34,EUR/MWh,DK1,DK_1,imbalance_price,Short,2026-07-30T07:28:36Z
2026-07-30T07:25:17Z,2026-07-30T09:25:17+0200,e73b670a-bc29-4bfc-b6f4-93c290a4d3ee,2026-07-13T18:00:00Z,2026-07-13T20:00:00+0200,104.67,EUR/MWh,DK1,DK_1,imbalance_price,Long,2026-07-30T07:28:36Z
2026-07-30T07:25:17Z,2026-07-30T09:25:17+0200,e73b670a-bc29-4bfc-b6f4-93c290a4d3ee,2026-07-13T18:00:00Z,2026-07-13T20:00:00+0200,104.67,EUR/MWh,DK1,DK_1,imbalance_price,Short,2026-07-30T07:28:36Z
2026-07-30T07:25:17Z,2026-07-30T09:25:17+0200,e73b670a-bc29-4bfc-b6f4-93c290a4d3ee,2026-07-13T18:15:00Z,2026-07-13T20:15:00+0200,105.29,EUR/MWh,DK1,DK_1,imbalance_price,Long,2026-07-30T07:28:36Z
2026-07-30T07:25:17Z,2026-07-30T09:25:17+0200,e73b670a-bc29-4bfc-b6f4-93c290a4d3ee,2026-07-13T18:15:00Z,2026-07-13T20:15:00+0200,105.29,EUR/MWh,DK1,DK_1,imbalance_price,Short,2026-07-30T07:28:36Z
2026-07-30T07:25:17Z,2026-07-30T09:25:17+0200,e73b670a-bc29-4bfc-b6f4-93c290a4d3ee,2026-07-13T18:30:00Z,2026-07-13T20:30:00+0200,106.09,EUR/MWh,DK1,DK_1,imbalance_price,Long,2026-07-30T07:28:36Z
2026-07-30T07:25:17Z,2026-07-30T09:25:17+0200,e73b670a-bc29-4bfc-b6f4-93c290a4d3ee,2026-07-13T18:30:00Z,2026-07-13T20:30:00+0200,106.09,EUR/MWh,DK1,DK_1,imbalance_price,Short,2026-07-30T07:28:36Z
2026-07-30T07:25:17Z,2026-07-30T09:25:17+0200,e73b670a-bc29-4bfc-b6f4-93c290a4d3ee,2026-07-13T18:45:00Z,2026-07-13T20:45:00+0200,107.07,EUR/MWh,DK1,DK_1,imbalance_price,Long,2026-07-30T07:28:36Z
2026-07-30T07:25:17Z,2026-07-30T09:25:17+0200,e73b670a-bc29-4bfc-b6f4-93c290a4d3ee,2026-07-13T18:45:00Z,2026-07-13T20:45:00+0200,107.07,EUR/MWh,DK1,DK_1,imbalance_price,Short,2026-07-30T07:28:36Z
2026-07-30T07:25:17Z,2026-07-30T09:25:17+0200,e73b670a-bc29-4bfc-b6f4-93c290a4d3ee,2026-07-13T19:00:00Z,2026-07-13T21:00:00+0200,181.31,EUR/MWh,DK1,DK_1,imbalance_price,Long,2026-07-30T07:28:36Z
2026-07-30T07:25:17Z,2026-07-30T09:25:17+0200,e73b670a-bc29-4bfc-b6f4-93c290a4d3ee,2026-07-13T19:00:00Z,2026-07-13T21:00:00+0200,181.31,EUR/MWh,DK1,DK_1,imbalance_price,Short,2026-07-30T07:28:36Z
2026-07-30T07:25:17Z,2026-07-30T09:25:17+0200,e73b670a-bc29-4bfc-b6f4-93c290a4d3ee,2026-07-13T19:15:00Z,2026-07-13T21:15:00+0200,103.2,EUR/MWh,DK1,DK_1,imbalance_price,Long,2026-07-30T07:28:36Z
2026-07-30T07:25:17Z,2026-07-30T09:25:17+0200,e73b670a-bc29-4bfc-b6f4-93c290a4d3ee,2026-07-13T19:15:00Z,2026-07-13T21:15:00+0200,103.2,EUR/MWh,DK1,DK_1,imbalance_price,Short,2026-07-30T07:28:36Z
2026-07-30T07:25:17Z,2026-07-30T09:25:17+0200,e73b670a-bc29-4bfc-b6f4-93c290a4d3ee,2026-07-13T19:30:00Z,2026-07-13T21:30:00+0200,163.0,EUR/MWh,DK1,DK_1,imbalance_price,Long,2026-07-30T07:28:36Z
2026-07-30T07:25:17Z,2026-07-30T09:25:17+0200,e73b670a-bc29-4bfc-b6f4-93c290a4d3ee,2026-07-13T19:30:00Z,2026-07-13T21:30:00+0200,163.0,EUR/MWh,DK1,DK_1,imbalance_price,Short,2026-07-30T07:28:36Z
2026-07-30T07:25:17Z,2026-07-30T09:25:17+0200,e73b670a-bc29-4bfc-b6f4-93c290a4d3ee,2026-07-13T19:45:00Z,2026-07-13T21:45:00+0200,153.31,EUR/MWh,DK1,DK_1,imbalance_price,Long,2026-07-30T07:28:36Z
2026-07-30T07:25:17Z,2026-07-30T09:25:17+0200,e73b670a-bc29-4bfc-b6f4-93c290a4d3ee,2026-07-13T19:45:00Z,2026-07-13T21:45:00+0200,153.31,EUR/MWh,DK1,DK_1,imbalance_price,Short,2026-07-30T07:28:36Z
2026-07-30T07:25:17Z,2026-07-30T09:25:17+0200,e73b670a-bc29-4bfc-b6f4-93c290a4d3ee,2026-07-13T20:00:00Z,2026-07-13T22:00:00+0200,198.24,EUR/MWh,DK1,DK_1,imbalance_price,Long,2026-07-30T07:28:36Z
2026-07-30T07:25:17Z,2026-07-30T09:25:17+0200,e73b670a-bc29-4bfc-b6f4-93c290a4d3ee,2026-07-13T20:00:00Z,2026-07-13T22:00:00+0200,198.24,EUR/MWh,DK1,DK_1,imbalance_price,Short,2026-07-30T07:28:36Z
2026-07-30T07:25:17Z,2026-07-30T09:25:17+0200,e73b670a-bc29-4bfc-b6f4-93c290a4d3ee,2026-07-13T20:15:00Z,2026-07-13T22:15:00+0200,200.0,EUR/MWh,DK1,DK_1,imbalance_price,Long,2026-07-30T07:28:36Z
2026-07-30T07:25:17Z,2026-07-30T09:25:17+0200,e73b670a-bc29-4bfc-b6f4-93c290a4d3ee,2026-07-13T20:15:00Z,2026-07-13T22:15:00+0200,200.0,EUR/MWh,DK1,DK_1,imbalance_price,Short,2026-07-30T07:28:36Z
2026-07-30T07:25:17Z,2026-07-30T09:25:17+0200,e73b670a-bc29-4bfc-b6f4-93c290a4d3ee,2026-07-13T20:30:00Z,2026-07-13T22:30:00+0200,225.71,EUR/MWh,DK1,DK_1,imbalance_price,Long,2026-07-30T07:28:36Z
2026-07-30T07:25:17Z,2026-07-30T09:25:17+0200,e73b670a-bc29-4bfc-b6f4-93c290a4d3ee,2026-07-13T20:30:00Z,2026-07-13T22:30:00+0200,225.71,EUR/MWh,DK1,DK_1,imbalance_price,Short,2026-07-30T07:28:36Z
2026-07-30T07:25:17Z,2026-07-30T09:25:17+0200,e73b670a-bc29-4bfc-b6f4-93c290a4d3ee,2026-07-13T20:45:00Z,2026-07-13T22:45:00+0200,183.7,EUR/MWh,DK1,DK_1,imbalance_price,Long,2026-07-30T07:28:36Z
2026-07-30T07:25:17Z,2026-07-30T09:25:17+0200,e73b670a-bc29-4bfc-b6f4-93c290a4d3ee,2026-07-13T20:45:00Z,2026-07-13T22:45:00+0200,183.7,EUR/MWh,DK1,DK_1,imbalance_price,Short,2026-07-30T07:28:36Z
2026-07-30T07:25:17Z,2026-07-30T09:25:17+0200,e73b670a-bc29-4bfc-b6f4-93c290a4d3ee,2026-07-13T21:00:00Z,2026-07-13T23:00:00+0200,267.6,EUR/MWh,DK1,DK_1,imbalance_price,Long,2026-07-30T07:28:36Z
2026-07-30T07:25:17Z,2026-07-30T09:25:17+0200,e73b670a-bc29-4bfc-b6f4-93c290a4d3ee,2026-07-13T21:00:00Z,2026-07-13T23:00:00+0200,267.6,EUR/MWh,DK1,DK_1,imbalance_price,Short,2026-07-30T07:28:36Z
2026-07-30T07:25:17Z,2026-07-30T09:25:17+0200,e73b670a-bc29-4bfc-b6f4-93c290a4d3ee,2026-07-13T21:15:00Z,2026-07-13T23:15:00+0200,144.55,EUR/MWh,DK1,DK_1,imbalance_price,Long,2026-07-30T07:28:36Z
2026-07-30T07:25:17Z,2026-07-30T09:25:17+0200,e73b670a-bc29-4bfc-b6f4-93c290a4d3ee,2026-07-13T21:15:00Z,2026-07-13T23:15:00+0200,144.55,EUR/MWh,DK1,DK_1,imbalance_price,Short,2026-07-30T07:28:36Z
2026-07-30T07:25:17Z,2026-07-30T09:25:17+0200,e73b670a-bc29-4bfc-b6f4-93c290a4d3ee,2026-07-13T21:30:00Z,2026-07-13T23:30:00+0200,94.45,EUR/MWh,DK1,DK_1,imbalance_price,Long,2026-07-30T07:28:36Z
2026-07-30T07:25:17Z,2026-07-30T09:25:17+0200,e73b670a-bc29-4bfc-b6f4-93c290a4d3ee,2026-07-13T21:30:00Z,2026-07-13T23:30:00+0200,94.45,EUR/MWh,DK1,DK_1,imbalance_price,Short,2026-07-30T07:28:36Z
2026-07-30T07:25:17Z,2026-07-30T09:25:17+0200,e73b670a-bc29-4bfc-b6f4-93c290a4d3ee,2026-07-13T21:45:00Z,2026-07-13T23:45:00+0200,88.2,EUR/MWh,DK1,DK_1,imbalance_price,Long,2026-07-30T07:28:36Z
2026-07-30T07:25:17Z,2026-07-30T09:25:17+0200,e73b670a-bc29-4bfc-b6f4-93c290a4d3ee,2026-07-13T21:45:00Z,2026-07-13T23:45:00+0200,88.2,EUR/MWh,DK1,DK_1,imbalance_price,Short,2026-07-30T07:28:36Z
2026-07-30T07:25:17Z,2026-07-30T09:25:17+0200,e73b670a-bc29-4bfc-b6f4-93c290a4d3ee,2026-07-13T22:00:00Z,2026-07-14T00:00:00+0200,87.96,EUR/MWh,DK1,DK_1,imbalance_price,Long,2026-07-30T07:28:36Z
2026-07-30T07:25:17Z,2026-07-30T09:25:17+0200,e73b670a-bc29-4bfc-b6f4-93c290a4d3ee,2026-07-13T22:00:00Z,2026-07-14T00:00:00+0200,87.96,EUR/MWh,DK1,DK_1,imbalance_price,Short,2026-07-30T07:28:36Z
2026-07-30T07:25:17Z,2026-07-30T09:25:17+0200,e73b670a-bc29-4bfc-b6f4-93c290a4d3ee,2026-07-13T22:15:00Z,2026-07-14T00:15:00+0200,87.96,EUR/MWh,DK1,DK_1,imbalance_price,Long,2026-07-30T07:28:36Z
2026-07-30T07:25:17Z,2026-07-30T09:25:17+0200,e73b670a-bc29-4bfc-b6f4-93c290a4d3ee,2026-07-13T22:15:00Z,2026-07-14T00:15:00+0200,87.96,EUR/MWh,DK1,DK_1,imbalance_price,Short,2026-07-30T07:28:36Z
2026-07-30T07:25:17Z,2026-07-30T09:25:17+0200,e73b670a-bc29-4bfc-b6f4-93c290a4d3ee,2026-07-13T22:30:00Z,2026-07-14T00:30:00+0200,87.91,EUR/MWh,DK1,DK_1,imbalance_price,Long,2026-07-30T07:28:36Z
2026-07-30T07:25:17Z,2026-07-30T09:25:17+0200,e73b670a-bc29-4bfc-b6f4-93c290a4d3ee,2026-07-13T22:30:00Z,2026-07-14T00:30:00+0200,87.91,EUR/MWh,DK1,DK_1,imbalance_price,Short,2026-07-30T07:28:36Z
2026-07-30T07:25:17Z,2026-07-30T09:25:17+0200,e73b670a-bc29-4bfc-b6f4-93c290a4d3ee,2026-07-13T22:45:00Z,2026-07-14T00:45:00+0200,87.93,EUR/MWh,DK1,DK_1,imbalance_price,Long,2026-07-30T07:28:36Z
2026-07-30T07:25:17Z,2026-07-30T09:25:17+0200,e73b670a-bc29-4bfc-b6f4-93c290a4d3ee,2026-07-13T22:45:00Z,2026-07-14T00:45:00+0200,87.93,EUR/MWh,DK1,DK_1,imbalance_price,Short,2026-07-30T07:28:36Z
2026-07-30T07:25:17Z,2026-07-30T09:25:17+0200,e73b670a-bc29-4bfc-b6f4-93c290a4d3ee,2026-07-13T23:00:00Z,2026-07-14T01:00:00+0200,93.5,EUR/MWh,DK1,DK_1,imbalance_price,Long,2026-07-30T07:28:36Z
2026-07-30T07:25:17Z,2026-07-30T09:25:17+0200,e73b670a-bc29-4bfc-b6f4-93c290a4d3ee,2026-07-13T23:00:00Z,2026-07-14T01:00:00+0200,93.5,EUR/MWh,DK1,DK_1,imbalance_price,Short,2026-07-30T07:28:36Z
2026-07-30T07:25:17Z,2026-07-30T09:25:17+0200,e73b670a-bc29-4bfc-b6f4-93c290a4d3ee,2026-07-13T23:15:00Z,2026-07-14T01:15:00+0200,107.06,EUR/MWh,DK1,DK_1,imbalance_price,Long,2026-07-30T07:28:36Z
2026-07-30T07:25:17Z,2026-07-30T09:25:17+0200,e73b670a-bc29-4bfc-b6f4-93c290a4d3ee,2026-07-13T23:15:00Z,2026-07-14T01:15:00+0200,107.06,EUR/MWh,DK1,DK_1,imbalance_price,Short,2026-07-30T07:28:36Z
2026-07-30T07:25:17Z,2026-07-30T09:25:17+0200,e73b670a-bc29-4bfc-b6f4-93c290a4d3ee,2026-07-13T23:30:00Z,2026-07-14T01:30:00+0200,101.49,EUR/MWh,DK1,DK_1,imbalance_price,Long,2026-07-30T07:28:36Z
2026-07-30T07:25:17Z,2026-07-30T09:25:17+0200,e73b670a-bc29-4bfc-b6f4-93c290a4d3ee,2026-07-13T23:30:00Z,2026-07-14T01:30:00+0200,101.49,EUR/MWh,DK1,DK_1,imbalance_price,Short,2026-07-30T07:28:36Z
2026-07-30T07:25:17Z,2026-07-30T09:25:17+0200,e73b670a-bc29-4bfc-b6f4-93c290a4d3ee,2026-07-13T23:45:00Z,2026-07-14T01:45:00+0200,101.17,EUR/MWh,DK1,DK_1,imbalance_price,Long,2026-07-30T07:28:36Z
2026-07-30T07:25:17Z,2026-07-30T09:25:17+0200,e73b670a-bc29-4bfc-b6f4-93c290a4d3ee,2026-07-13T23:45:00Z,2026-07-14T01:45:00+0200,101.17,EUR/MWh,DK1,DK_1,imbalance_price,Short,2026-07-30T07:28:36Z
2026-07-30T07:25:17Z,2026-07-30T09:25:17+0200,e73b670a-bc29-4bfc-b6f4-93c290a4d3ee,2026-07-14T00:00:00Z,2026-07-14T02:00:00+0200,96.06,EUR/MWh,DK1,DK_1,imbalance_price,Long,2026-07-30T07:28:36Z
2026-07-30T07:25:17Z,2026-07-30T09:25:17+0200,e73b670a-bc29-4bfc-b6f4-93c290a4d3ee,2026-07-14T00:00:00Z,2026-07-14T02:00:00+0200,96.06,EUR/MWh,DK1,DK_1,imbalance_price,Short,2026-07-30T07:28:36Z
2026-07-30T07:25:17Z,2026-07-30T09:25:17+0200,e73b670a-bc29-4bfc-b6f4-93c290a4d3ee,2026-07-14T00:15:00Z,2026-07-14T02:15:00+0200,102.37,EUR/MWh,DK1,DK_1,imbalance_price,Long,2026-07-30T07:28:36Z
2026-07-30T07:25:17Z,2026-07-30T09:25:17+0200,e73b670a-bc29-4bfc-b6f4-93c290a4d3ee,2026-07-14T00:15:00Z,2026-07-14T02:15:00+0200,102.37,EUR/MWh,DK1,DK_1,imbalance_price,Short,2026-07-30T07:28:36Z
2026-07-30T07:25:17Z,2026-07-30T09:25:17+0200,e73b670a-bc29-4bfc-b6f4-93c290a4d3ee,2026-07-14T00:30:00Z,2026-07-14T02:30:00+0200,96.99,EUR/MWh,DK1,DK_1,imbalance_price,Long,2026-07-30T07:28:36Z
2026-07-30T07:25:17Z,2026-07-30T09:25:17+0200,e73b670a-bc29-4bfc-b6f4-93c290a4d3ee,2026-07-14T00:30:00Z,2026-07-14T02:30:00+0200,96.99,EUR/MWh,DK1,DK_1,imbalance_price,Short,2026-07-30T07:28:36Z
2026-07-30T07:25:17Z,2026-07-30T09:25:17+0200,e73b670a-bc29-4bfc-b6f4-93c290a4d3ee,2026-07-14T00:45:00Z,2026-07-14T02:45:00+0200,93.59,EUR/MWh,DK1,DK_1,imbalance_price,Long,2026-07-30T07:28:36Z
2026-07-30T07:25:17Z,2026-07-30T09:25:17+0200,e73b670a-bc29-4bfc-b6f4-93c290a4d3ee,2026-07-14T00:45:00Z,2026-07-14T02:45:00+0200,93.59,EUR/MWh,DK1,DK_1,imbalance_price,Short,2026-07-30T07:28:36Z
2026-07-30T07:25:17Z,2026-07-30T09:25:17+0200,e73b670a-bc29-4bfc-b6f4-93c290a4d3ee,2026-07-14T01:00:00Z,2026-07-14T03:00:00+0200,92.1,EUR/MWh,DK1,DK_1,imbalance_price,Long,2026-07-30T07:28:36Z
2026-07-30T07:25:17Z,2026-07-30T09:25:17+0200,e73b670a-bc29-4bfc-b6f4-93c290a4d3ee,2026-07-14T01:00:00Z,2026-07-14T03:00:00+0200,92.1,EUR/MWh,DK1,DK_1,imbalance_price,Short,2026-07-30T07:28:36Z
2026-07-30T07:25:17Z,2026-07-30T09:25:17+0200,e73b670a-bc29-4bfc-b6f4-93c290a4d3ee,2026-07-14T01:15:00Z,2026-07-14T03:15:00+0200,99.63,EUR/MWh,DK1,DK_1,imbalance_price,Long,2026-07-30T07:28:36Z
2026-07-30T07:25:17Z,2026-07-30T09:25:17+0200,e73b670a-bc29-4bfc-b6f4-93c290a4d3ee,2026-07-14T01:15:00Z,2026-07-14T03:15:00+0200,99.63,EUR/MWh,DK1,DK_1,imbalance_price,Short,2026-07-30T07:28:36Z
2026-07-30T07:25:17Z,2026-07-30T09:25:17+0200,e73b670a-bc29-4bfc-b6f4-93c290a4d3ee,2026-07-14T01:30:00Z,2026-07-14T03:30:00+0200,127.09,EUR/MWh,DK1,DK_1,imbalance_price,Long,2026-07-30T07:28:36Z
2026-07-30T07:25:17Z,2026-07-30T09:25:17+0200,e73b670a-bc29-4bfc-b6f4-93c290a4d3ee,2026-07-14T01:30:00Z,2026-07-14T03:30:00+0200,127.09,EUR/MWh,DK1,DK_1,imbalance_price,Short,2026-07-30T07:28:36Z
2026-07-30T07:25:17Z,2026-07-30T09:25:17+0200,e73b670a-bc29-4bfc-b6f4-93c290a4d3ee,2026-07-14T01:45:00Z,2026-07-14T03:45:00+0200,87.96,EUR/MWh,DK1,DK_1,imbalance_price,Long,2026-07-30T07:28:36Z
2026-07-30T07:25:17Z,2026-07-30T09:25:17+0200,e73b670a-bc29-4bfc-b6f4-93c290a4d3ee,2026-07-14T01:45:00Z,2026-07-14T03:45:00+0200,87.96,EUR/MWh,DK1,DK_1,imbalance_price,Short,2026-07-30T07:28:36Z
2026-07-30T07:25:17Z,2026-07-30T09:25:17+0200,e73b670a-bc29-4bfc-b6f4-93c290a4d3ee,2026-07-14T02:00:00Z,2026-07-14T04:00:00+0200,87.96,EUR/MWh,DK1,DK_1,imbalance_price,Long,2026-07-30T07:28:36Z
2026-07-30T07:25:17Z,2026-07-30T09:25:17+0200,e73b670a-bc29-4bfc-b6f4-93c290a4d3ee,2026-07-14T02:00:00Z,2026-07-14T04:00:00+0200,87.96,EUR/MWh,DK1,DK_1,imbalance_price,Short,2026-07-30T07:28:36Z
2026-07-30T07:25:17Z,2026-07-30T09:25:17+0200,e73b670a-bc29-4bfc-b6f4-93c290a4d3ee,2026-07-14T02:15:00Z,2026-07-14T04:15:00+0200,88.7,EUR/MWh,DK1,DK_1,imbalance_price,Long,2026-07-30T07:28:36Z
2026-07-30T07:25:17Z,2026-07-30T09:25:17+0200,e73b670a-bc29-4bfc-b6f4-93c290a4d3ee,2026-07-14T02:15:00Z,2026-07-14T04:15:00+0200,88.7,EUR/MWh,DK1,DK_1,imbalance_price,Short,2026-07-30T07:28:36Z
2026-07-30T07:25:17Z,2026-07-30T09:25:17+0200,e73b670a-bc29-4bfc-b6f4-93c290a4d3ee,2026-07-14T02:30:00Z,2026-07-14T04:30:00+0200,93.6,EUR/MWh,DK1,DK_1,imbalance_price,Long,2026-07-30T07:28:36Z
2026-07-30T07:25:17Z,2026-07-30T09:25:17+0200,e73b670a-bc29-4bfc-b6f4-93c290a4d3ee,2026-07-14T02:30:00Z,2026-07-14T04:30:00+0200,93.6,EUR/MWh,DK1,DK_1,imbalance_price,Short,2026-07-30T07:28:36Z
2026-07-30T07:25:17Z,2026-07-30T09:25:17+0200,e73b670a-bc29-4bfc-b6f4-93c290a4d3ee,2026-07-14T02:45:00Z,2026-07-14T04:45:00+0200,105.7,EUR/MWh,DK1,DK_1,imbalance_price,Long,2026-07-30T07:28:36Z
2026-07-30T07:25:17Z,2026-07-30T09:25:17+0200,e73b670a-bc29-4bfc-b6f4-93c290a4d3ee,2026-07-14T02:45:00Z,2026-07-14T04:45:00+0200,105.7,EUR/MWh,DK1,DK_1,imbalance_price,Short,2026-07-30T07:28:36Z
2026-07-30T07:25:17Z,2026-07-30T09:25:17+0200,e73b670a-bc29-4bfc-b6f4-93c290a4d3ee,2026-07-14T03:00:00Z,2026-07-14T05:00:00+0200,87.96,EUR/MWh,DK1,DK_1,imbalance_price,Long,2026-07-30T07:28:36Z
2026-07-30T07:25:17Z,2026-07-30T09:25:17+0200,e73b670a-bc29-4bfc-b6f4-93c290a4d3ee,2026-07-14T03:00:00Z,2026-07-14T05:00:00+0200,87.96,EUR/MWh,DK1,DK_1,imbalance_price,Short,2026-07-30T07:28:36Z
2026-07-30T07:25:17Z,2026-07-30T09:25:17+0200,e73b670a-bc29-4bfc-b6f4-93c290a4d3ee,2026-07-14T03:15:00Z,2026-07-14T05:15:00+0200,87.96,EUR/MWh,DK1,DK_1,imbalance_price,Long,2026-07-30T07:28:36Z
2026-07-30T07:25:17Z,2026-07-30T09:25:17+0200,e73b670a-bc29-4bfc-b6f4-93c290a4d3ee,2026-07-14T03:15:00Z,2026-07-14T05:15:00+0200,87.96,EUR/MWh,DK1,DK_1,imbalance_price,Short,2026-07-30T07:28:36Z
2026-07-30T07:25:17Z,2026-07-30T09:25:17+0200,e73b670a-bc29-4bfc-b6f4-93c290a4d3ee,2026-07-14T03:30:00Z,2026-07-14T05:30:00+0200,87.96,EUR/MWh,DK1,DK_1,imbalance_price,Long,2026-07-30T07:28:36Z
2026-07-30T07:25:17Z,2026-07-30T09:25:17+0200,e73b670a-bc29-4bfc-b6f4-93c290a4d3ee,2026-07-14T03:30:00Z,2026-07-14T05:30:00+0200,87.96,EUR/MWh,DK1,DK_1,imbalance_price,Short,2026-07-30T07:28:36Z
2026-07-30T07:25:17Z,2026-07-30T09:25:17+0200,e73b670a-bc29-4bfc-b6f4-93c290a4d3ee,2026-07-14T03:45:00Z,2026-07-14T05:45:00+0200,87.96,EUR/MWh,DK1,DK_1,imbalance_price,Long,2026-07-30T07:28:36Z
2026-07-30T07:25:17Z,2026-07-30T09:25:17+0200,e73b670a-bc29-4bfc-b6f4-93c290a4d3ee,2026-07-14T03:45:00Z,2026-07-14T05:45:00+0200,87.96,EUR/MWh,DK1,DK_1,imbalance_price,Short,2026-07-30T07:28:36Z
2026-07-30T07:25:17Z,2026-07-30T09:25:17+0200,e73b670a-bc29-4bfc-b6f4-93c290a4d3ee,2026-07-14T04:00:00Z,2026-07-14T06:00:00+0200,87.96,EUR/MWh,DK1,DK_1,imbalance_price,Long,2026-07-30T07:28:36Z
2026-07-30T07:25:17Z,2026-07-30T09:25:17+0200,e73b670a-bc29-4bfc-b6f4-93c290a4d3ee,2026-07-14T04:00:00Z,2026-07-14T06:00:00+0200,87.96,EUR/MWh,DK1,DK_1,imbalance_price,Short,2026-07-30T07:28:36Z
2026-07-30T07:25:17Z,2026-07-30T09:25:17+0200,e73b670a-bc29-4bfc-b6f4-93c290a4d3ee,2026-07-14T04:15:00Z,2026-07-14T06:15:00+0200,117.0,EUR/MWh,DK1,DK_1,imbalance_price,Long,2026-07-30T07:28:36Z
2026-07-30T07:25:17Z,2026-07-30T09:25:17+0200,e73b670a-bc29-4bfc-b6f4-93c290a4d3ee,2026-07-14T04:15:00Z,2026-07-14T06:15:00+0200,117.0,EUR/MWh,DK1,DK_1,imbalance_price,Short,2026-07-30T07:28:36Z
2026-07-30T07:25:17Z,2026-07-30T09:25:17+0200,e73b670a-bc29-4bfc-b6f4-93c290a4d3ee,2026-07-14T04:30:00Z,2026-07-14T06:30:00+0200,87.96,EUR/MWh,DK1,DK_1,imbalance_price,Long,2026-07-30T07:28:36Z
2026-07-30T07:25:17Z,2026-07-30T09:25:17+0200,e73b670a-bc29-4bfc-b6f4-93c290a4d3ee,2026-07-14T04:30:00Z,2026-07-14T06:30:00+0200,87.96,EUR/MWh,DK1,DK_1,imbalance_price,Short,2026-07-30T07:28:36Z
2026-07-30T07:25:17Z,2026-07-30T09:25:17+0200,e73b670a-bc29-4bfc-b6f4-93c290a4d3ee,2026-07-14T04:45:00Z,2026-07-14T06:45:00+0200,87.96,EUR/MWh,DK1,DK_1,imbalance_price,Long,2026-07-30T07:28:36Z
2026-07-30T07:25:17Z,2026-07-30T09:25:17+0200,e73b670a-bc29-4bfc-b6f4-93c290a4d3ee,2026-07-14T04:45:00Z,2026-07-14T06:45:00+0200,87.96,EUR/MWh,DK1,DK_1,imbalance_price,Short,2026-07-30T07:28:36Z
2026-07-30T07:25:17Z,2026-07-30T09:25:17+0200,e73b670a-bc29-4bfc-b6f4-93c290a4d3ee,2026-07-14T05:00:00Z,2026-07-14T07:00:00+0200,87.96,EUR/MWh,DK1,DK_1,imbalance_price,Long,2026-07-30T07:28:36Z
2026-07-30T07:25:17Z,2026-07-30T09:25:17+0200,e73b670a-bc29-4bfc-b6f4-93c290a4d3ee,2026-07-14T05:00:00Z,2026-07-14T07:00:00+0200,87.96,EUR/MWh,DK1,DK_1,imbalance_price,Short,2026-07-30T07:28:36Z
2026-07-30T07:25:17Z,2026-07-30T09:25:17+0200,e73b670a-bc29-4bfc-b6f4-93c290a4d3ee,2026-07-14T05:15:00Z,2026-07-14T07:15:00+0200,87.96,EUR/MWh,DK1,DK_1,imbalance_price,Long,2026-07-30T07:28:36Z
2026-07-30T07:25:17Z,2026-07-30T09:25:17+0200,e73b670a-bc29-4bfc-b6f4-93c290a4d3ee,2026-07-14T05:15:00Z,2026-07-14T07:15:00+0200,87.96,EUR/MWh,DK1,DK_1,imbalance_price,Short,2026-07-30T07:28:36Z
2026-07-30T07:25:17Z,2026-07-30T09:25:17+0200,e73b670a-bc29-4bfc-b6f4-93c290a4d3ee,2026-07-14T05:30:00Z,2026-07-14T07:30:00+0200,87.96,EUR/MWh,DK1,DK_1,imbalance_price,Long,2026-07-30T07:28:36Z
2026-07-30T07:25:17Z,2026-07-30T09:25:17+0200,e73b670a-bc29-4bfc-b6f4-93c290a4d3ee,2026-07-14T05:30:00Z,2026-07-14T07:30:00+0200,87.96,EUR/MWh,DK1,DK_1,imbalance_price,Short,2026-07-30T07:28:36Z
2026-07-30T07:25:17Z,2026-07-30T09:25:17+0200,e73b670a-bc29-4bfc-b6f4-93c290a4d3ee,2026-07-14T05:45:00Z,2026-07-14T07:45:00+0200,87.96,EUR/MWh,DK1,DK_1,imbalance_price,Long,2026-07-30T07:28:36Z
2026-07-30T07:25:17Z,2026-07-30T09:25:17+0200,e73b670a-bc29-4bfc-b6f4-93c290a4d3ee,2026-07-14T05:45:00Z,2026-07-14T07:45:00+0200,87.96,EUR/MWh,DK1,DK_1,imbalance_price,Short,2026-07-30T07:28:36Z
2026-07-30T07:25:17Z,2026-07-30T09:25:17+0200,e73b670a-bc29-4bfc-b6f4-93c290a4d3ee,2026-07-14T06:00:00Z,2026-07-14T08:00:00+0200,72.23,EUR/MWh,DK1,DK_1,imbalance_price,Long,2026-07-30T07:28:36Z
2026-07-30T07:25:17Z,2026-07-30T09:25:17+0200,e73b670a-bc29-4bfc-b6f4-93c290a4d3ee,2026-07-14T06:00:00Z,2026-07-14T08:00:00+0200,72.23,EUR/MWh,DK1,DK_1,imbalance_price,Short,2026-07-30T07:28:36Z
2026-07-30T07:25:17Z,2026-07-30T09:25:17+0200,e73b670a-bc29-4bfc-b6f4-93c290a4d3ee,2026-07-14T06:15:00Z,2026-07-14T08:15:00+0200,140.31,EUR/MWh,DK1,DK_1,imbalance_price,Long,2026-07-30T07:28:36Z
2026-07-30T07:25:17Z,2026-07-30T09:25:17+0200,e73b670a-bc29-4bfc-b6f4-93c290a4d3ee,2026-07-14T06:15:00Z,2026-07-14T08:15:00+0200,140.31,EUR/MWh,DK1,DK_1,imbalance_price,Short,2026-07-30T07:28:36Z
2026-07-30T07:25:17Z,2026-07-30T09:25:17+0200,e73b670a-bc29-4bfc-b6f4-93c290a4d3ee,2026-07-14T06:30:00Z,2026-07-14T08:30:00+0200,87.96,EUR/MWh,DK1,DK_1,imbalance_price,Long,2026-07-30T07:28:36Z
2026-07-30T07:25:17Z,2026-07-30T09:25:17+0200,e73b670a-bc29-4bfc-b6f4-93c290a4d3ee,2026-07-14T06:30:00Z,2026-07-14T08:30:00+0200,87.96,EUR/MWh,DK1,DK_1,imbalance_price,Short,2026-07-30T07:28:36Z
2026-07-30T07:25:17Z,2026-07-30T09:25:17+0200,e73b670a-bc29-4bfc-b6f4-93c290a4d3ee,2026-07-14T06:45:00Z,2026-07-14T08:45:00+0200,84.07,EUR/MWh,DK1,DK_1,imbalance_price,Long,2026-07-30T07:28:36Z
2026-07-30T07:25:17Z,2026-07-30T09:25:17+0200,e73b670a-bc29-4bfc-b6f4-93c290a4d3ee,2026-07-14T06:45:00Z,2026-07-14T08:45:00+0200,84.07,EUR/MWh,DK1,DK_1,imbalance_price,Short,2026-07-30T07:28:36Z
2026-07-30T07:25:17Z,2026-07-30T09:25:17+0200,e73b670a-bc29-4bfc-b6f4-93c290a4d3ee,2026-07-14T07:00:00Z,2026-07-14T09:00:00+0200,87.96,EUR/MWh,DK1,DK_1,imbalance_price,Long,2026-07-30T07:28:36Z
2026-07-30T07:25:17Z,2026-07-30T09:25:17+0200,e73b670a-bc29-4bfc-b6f4-93c290a4d3ee,2026-07-14T07:00:00Z,2026-07-14T09:00:00+0200,87.96,EUR/MWh,DK1,DK_1,imbalance_price,Short,2026-07-30T07:28:36Z
2026-07-30T07:25:17Z,2026-07-30T09:25:17+0200,e73b670a-bc29-4bfc-b6f4-93c290a4d3ee,2026-07-14T07:15:00Z,2026-07-14T09:15:00+0200,81.88,EUR/MWh,DK1,DK_1,imbalance_price,Long,2026-07-30T07:28:36Z
2026-07-30T07:25:17Z,2026-07-30T09:25:17+0200,e73b670a-bc29-4bfc-b6f4-93c290a4d3ee,2026-07-14T07:15:00Z,2026-07-14T09:15:00+0200,81.88,EUR/MWh,DK1,DK_1,imbalance_price,Short,2026-07-30T07:28:36Z
2026-07-30T07:25:17Z,2026-07-30T09:25:17+0200,e73b670a-bc29-4bfc-b6f4-93c290a4d3ee,2026-07-14T07:30:00Z,2026-07-14T09:30:00+0200,105.37,EUR/MWh,DK1,DK_1,imbalance_price,Long,2026-07-30T07:28:36Z
2026-07-30T07:25:17Z,2026-07-30T09:25:17+0200,e73b670a-bc29-4bfc-b6f4-93c290a4d3ee,2026-07-14T07:30:00Z,2026-07-14T09:30:00+0200,105.37,EUR/MWh,DK1,DK_1,imbalance_price,Short,2026-07-30T07:28:36Z
2026-07-30T07:25:17Z,2026-07-30T09:25:17+0200,e73b670a-bc29-4bfc-b6f4-93c290a4d3ee,2026-07-14T07:45:00Z,2026-07-14T09:45:00+0200,104.2,EUR/MWh,DK1,DK_1,imbalance_price,Long,2026-07-30T07:28:36Z
2026-07-30T07:25:17Z,2026-07-30T09:25:17+0200,e73b670a-bc29-4bfc-b6f4-93c290a4d3ee,2026-07-14T07:45:00Z,2026-07-14T09:45:00+0200,104.2,EUR/MWh,DK1,DK_1,imbalance_price,Short,2026-07-30T07:28:36Z
2026-07-30T07:25:17Z,2026-07-30T09:25:17+0200,e73b670a-bc29-4bfc-b6f4-93c290a4d3ee,2026-07-14T08:00:00Z,2026-07-14T10:00:00+0200,122.59,EUR/MWh,DK1,DK_1,imbalance_price,Long,2026-07-30T07:28:36Z
2026-07-30T07:25:17Z,2026-07-30T09:25:17+0200,e73b670a-bc29-4bfc-b6f4-93c290a4d3ee,2026-07-14T08:00:00Z,2026-07-14T10:00:00+0200,122.59,EUR/MWh,DK1,DK_1,imbalance_price,Short,2026-07-30T07:28:36Z
2026-07-30T07:25:17Z,2026-07-30T09:25:17+0200,e73b670a-bc29-4bfc-b6f4-93c290a4d3ee,2026-07-14T08:15:00Z,2026-07-14T10:15:00+0200,106.95,EUR/MWh,DK1,DK_1,imbalance_price,Long,2026-07-30T07:28:36Z
2026-07-30T07:25:17Z,2026-07-30T09:25:17+0200,e73b670a-bc29-4bfc-b6f4-93c290a4d3ee,2026-07-14T08:15:00Z,2026-07-14T10:15:00+0200,106.95,EUR/MWh,DK1,DK_1,imbalance_price,Short,2026-07-30T07:28:36Z
2026-07-30T07:25:17Z,2026-07-30T09:25:17+0200,e73b670a-bc29-4bfc-b6f4-93c290a4d3ee,2026-07-14T08:30:00Z,2026-07-14T10:30:00+0200,102.73,EUR/MWh,DK1,DK_1,imbalance_price,Long,2026-07-30T07:28:36Z
2026-07-30T07:25:17Z,2026-07-30T09:25:17+0200,e73b670a-bc29-4bfc-b6f4-93c290a4d3ee,2026-07-14T08:30:00Z,2026-07-14T10:30:00+0200,102.73,EUR/MWh,DK1,DK_1,imbalance_price,Short,2026-07-30T07:28:36Z
2026-07-30T07:25:17Z,2026-07-30T09:25:17+0200,e73b670a-bc29-4bfc-b6f4-93c290a4d3ee,2026-07-14T08:45:00Z,2026-07-14T10:45:00+0200,275.18,EUR/MWh,DK1,DK_1,imbalance_price,Long,2026-07-30T07:28:36Z
2026-07-30T07:25:17Z,2026-07-30T09:25:17+0200,e73b670a-bc29-4bfc-b6f4-93c290a4d3ee,2026-07-14T08:45:00Z,2026-07-14T10:45:00+0200,275.18,EUR/MWh,DK1,DK_1,imbalance_price,Short,2026-07-30T07:28:36Z
2026-07-30T07:25:17Z,2026-07-30T09:25:17+0200,e73b670a-bc29-4bfc-b6f4-93c290a4d3ee,2026-07-14T09:00:00Z,2026-07-14T11:00:00+0200,161.25,EUR/MWh,DK1,DK_1,imbalance_price,Long,2026-07-30T07:28:36Z
2026-07-30T07:25:17Z,2026-07-30T09:25:17+0200,e73b670a-bc29-4bfc-b6f4-93c290a4d3ee,2026-07-14T09:00:00Z,2026-07-14T11:00:00+0200,161.25,EUR/MWh,DK1,DK_1,imbalance_price,Short,2026-07-30T07:28:36Z
2026-07-30T07:25:17Z,2026-07-30T09:25:17+0200,e73b670a-bc29-4bfc-b6f4-93c290a4d3ee,2026-07-14T09:15:00Z,2026-07-14T11:15:00+0200,162.89,EUR/MWh,DK1,DK_1,imbalance_price,Long,2026-07-30T07:28:36Z
2026-07-30T07:25:17Z,2026-07-30T09:25:17+0200,e73b670a-bc29-4bfc-b6f4-93c290a4d3ee,2026-07-14T09:15:00Z,2026-07-14T11:15:00+0200,162.89,EUR/MWh,DK1,DK_1,imbalance_price,Short,2026-07-30T07:28:36Z
2026-07-30T07:25:17Z,2026-07-30T09:25:17+0200,e73b670a-bc29-4bfc-b6f4-93c290a4d3ee,2026-07-14T09:30:00Z,2026-07-14T11:30:00+0200,0.0,EUR/MWh,DK1,DK_1,imbalance_price,Long,2026-07-30T07:28:36Z
2026-07-30T07:25:17Z,2026-07-30T09:25:17+0200,e73b670a-bc29-4bfc-b6f4-93c290a4d3ee,2026-07-14T09:30:00Z,2026-07-14T11:30:00+0200,0.0,EUR/MWh,DK1,DK_1,imbalance_price,Short,2026-07-30T07:28:36Z
2026-07-30T07:25:17Z,2026-07-30T09:25:17+0200,e73b670a-bc29-4bfc-b6f4-93c290a4d3ee,2026-07-14T09:45:00Z,2026-07-14T11:45:00+0200,7.89,EUR/MWh,DK1,DK_1,imbalance_price,Long,2026-07-30T07:28:36Z
2026-07-30T07:25:17Z,2026-07-30T09:25:17+0200,e73b670a-bc29-4bfc-b6f4-93c290a4d3ee,2026-07-14T09:45:00Z,2026-07-14T11:45:00+0200,7.89,EUR/MWh,DK1,DK_1,imbalance_price,Short,2026-07-30T07:28:36Z
2026-07-30T07:25:17Z,2026-07-30T09:25:17+0200,e73b670a-bc29-4bfc-b6f4-93c290a4d3ee,2026-07-14T10:00:00Z,2026-07-14T12:00:00+0200,6.8,EUR/MWh,DK1,DK_1,imbalance_price,Long,2026-07-30T07:28:36Z
2026-07-30T07:25:17Z,2026-07-30T09:25:17+0200,e73b670a-bc29-4bfc-b6f4-93c290a4d3ee,2026-07-14T10:00:00Z,2026-07-14T12:00:00+0200,6.8,EUR/MWh,DK1,DK_1,imbalance_price,Short,2026-07-30T07:28:36Z
2026-07-30T07:25:17Z,2026-07-30T09:25:17+0200,e73b670a-bc29-4bfc-b6f4-93c290a4d3ee,2026-07-14T10:15:00Z,2026-07-14T12:15:00+0200,3.11,EUR/MWh,DK1,DK_1,imbalance_price,Long,2026-07-30T07:28:36Z
2026-07-30T07:25:17Z,2026-07-30T09:25:17+0200,e73b670a-bc29-4bfc-b6f4-93c290a4d3ee,2026-07-14T10:15:00Z,2026-07-14T12:15:00+0200,3.11,EUR/MWh,DK1,DK_1,imbalance_price,Short,2026-07-30T07:28:36Z
2026-07-30T07:25:17Z,2026-07-30T09:25:17+0200,e73b670a-bc29-4bfc-b6f4-93c290a4d3ee,2026-07-14T10:30:00Z,2026-07-14T12:30:00+0200,4.2,EUR/MWh,DK1,DK_1,imbalance_price,Long,2026-07-30T07:28:36Z
2026-07-30T07:25:17Z,2026-07-30T09:25:17+0200,e73b670a-bc29-4bfc-b6f4-93c290a4d3ee,2026-07-14T10:30:00Z,2026-07-14T12:30:00+0200,4.2,EUR/MWh,DK1,DK_1,imbalance_price,Short,2026-07-30T07:28:36Z
2026-07-30T07:25:17Z,2026-07-30T09:25:17+0200,e73b670a-bc29-4bfc-b6f4-93c290a4d3ee,2026-07-14T10:45:00Z,2026-07-14T12:45:00+0200,110.76,EUR/MWh,DK1,DK_1,imbalance_price,Long,2026-07-30T07:28:36Z
2026-07-30T07:25:17Z,2026-07-30T09:25:17+0200,e73b670a-bc29-4bfc-b6f4-93c290a4d3ee,2026-07-14T10:45:00Z,2026-07-14T12:45:00+0200,110.76,EUR/MWh,DK1,DK_1,imbalance_price,Short,2026-07-30T07:28:36Z
2026-07-30T07:25:17Z,2026-07-30T09:25:17+0200,e73b670a-bc29-4bfc-b6f4-93c290a4d3ee,2026-07-14T11:00:00Z,2026-07-14T13:00:00+0200,53.0,EUR/MWh,DK1,DK_1,imbalance_price,Long,2026-07-30T07:28:36Z
2026-07-30T07:25:17Z,2026-07-30T09:25:17+0200,e73b670a-bc29-4bfc-b6f4-93c290a4d3ee,2026-07-14T11:00:00Z,2026-07-14T13:00:00+0200,53.0,EUR/MWh,DK1,DK_1,imbalance_price,Short,2026-07-30T07:28:36Z
2026-07-30T07:25:17Z,2026-07-30T09:25:17+0200,e73b670a-bc29-4bfc-b6f4-93c290a4d3ee,2026-07-14T11:15:00Z,2026-07-14T13:15:00+0200,48.82,EUR/MWh,DK1,DK_1,imbalance_price,Long,2026-07-30T07:28:36Z
2026-07-30T07:25:17Z,2026-07-30T09:25:17+0200,e73b670a-bc29-4bfc-b6f4-93c290a4d3ee,2026-07-14T11:15:00Z,2026-07-14T13:15:00+0200,48.82,EUR/MWh,DK1,DK_1,imbalance_price,Short,2026-07-30T07:28:36Z
2026-07-30T07:25:17Z,2026-07-30T09:25:17+0200,e73b670a-bc29-4bfc-b6f4-93c290a4d3ee,2026-07-14T11:30:00Z,2026-07-14T13:30:00+0200,47.41,EUR/MWh,DK1,DK_1,imbalance_price,Long,2026-07-30T07:28:36Z
2026-07-30T07:25:17Z,2026-07-30T09:25:17+0200,e73b670a-bc29-4bfc-b6f4-93c290a4d3ee,2026-07-14T11:30:00Z,2026-07-14T13:30:00+0200,47.41,EUR/MWh,DK1,DK_1,imbalance_price,Short,2026-07-30T07:28:36Z
2026-07-30T07:25:17Z,2026-07-30T09:25:17+0200,e73b670a-bc29-4bfc-b6f4-93c290a4d3ee,2026-07-14T11:45:00Z,2026-07-14T13:45:00+0200,7.22,EUR/MWh,DK1,DK_1,imbalance_price,Long,2026-07-30T07:28:36Z
2026-07-30T07:25:17Z,2026-07-30T09:25:17+0200,e73b670a-bc29-4bfc-b6f4-93c290a4d3ee,2026-07-14T11:45:00Z,2026-07-14T13:45:00+0200,7.22,EUR/MWh,DK1,DK_1,imbalance_price,Short,2026-07-30T07:28:36Z
2026-07-30T07:25:17Z,2026-07-30T09:25:17+0200,e73b670a-bc29-4bfc-b6f4-93c290a4d3ee,2026-07-14T12:00:00Z,2026-07-14T14:00:00+0200,-2.0,EUR/MWh,DK1,DK_1,imbalance_price,Long,2026-07-30T07:28:36Z
2026-07-30T07:25:17Z,2026-07-30T09:25:17+0200,e73b670a-bc29-4bfc-b6f4-93c290a4d3ee,2026-07-14T12:00:00Z,2026-07-14T14:00:00+0200,-2.0,EUR/MWh,DK1,DK_1,imbalance_price,Short,2026-07-30T07:28:36Z
2026-07-30T07:25:17Z,2026-07-30T09:25:17+0200,e73b670a-bc29-4bfc-b6f4-93c290a4d3ee,2026-07-14T12:15:00Z,2026-07-14T14:15:00+0200,-1.0,EUR/MWh,DK1,DK_1,imbalance_price,Long,2026-07-30T07:28:36Z
2026-07-30T07:25:17Z,2026-07-30T09:25:17+0200,e73b670a-bc29-4bfc-b6f4-93c290a4d3ee,2026-07-14T12:15:00Z,2026-07-14T14:15:00+0200,-1.0,EUR/MWh,DK1,DK_1,imbalance_price,Short,2026-07-30T07:28:36Z
2026-07-30T07:25:17Z,2026-07-30T09:25:17+0200,e73b670a-bc29-4bfc-b6f4-93c290a4d3ee,2026-07-14T12:30:00Z,2026-07-14T14:30:00+0200,-2.0,EUR/MWh,DK1,DK_1,imbalance_price,Long,2026-07-30T07:28:36Z
2026-07-30T07:25:17Z,2026-07-30T09:25:17+0200,e73b670a-bc29-4bfc-b6f4-93c290a4d3ee,2026-07-14T12:30:00Z,2026-07-14T14:30:00+0200,-2.0,EUR/MWh,DK1,DK_1,imbalance_price,Short,2026-07-30T07:28:36Z
2026-07-30T07:25:17Z,2026-07-30T09:25:17+0200,e73b670a-bc29-4bfc-b6f4-93c290a4d3ee,2026-07-14T12:45:00Z,2026-07-14T14:45:00+0200,-21.98,EUR/MWh,DK1,DK_1,imbalance_price,Long,2026-07-30T07:28:36Z
2026-07-30T07:25:17Z,2026-07-30T09:25:17+0200,e73b670a-bc29-4bfc-b6f4-93c290a4d3ee,2026-07-14T12:45:00Z,2026-07-14T14:45:00+0200,-21.98,EUR/MWh,DK1,DK_1,imbalance_price,Short,2026-07-30T07:28:36Z
2026-07-30T07:25:17Z,2026-07-30T09:25:17+0200,e73b670a-bc29-4bfc-b6f4-93c290a4d3ee,2026-07-14T13:00:00Z,2026-07-14T15:00:00+0200,-3.0,EUR/MWh,DK1,DK_1,imbalance_price,Long,2026-07-30T07:28:36Z
2026-07-30T07:25:17Z,2026-07-30T09:25:17+0200,e73b670a-bc29-4bfc-b6f4-93c290a4d3ee,2026-07-14T13:00:00Z,2026-07-14T15:00:00+0200,-3.0,EUR/MWh,DK1,DK_1,imbalance_price,Short,2026-07-30T07:28:36Z
2026-07-30T07:25:17Z,2026-07-30T09:25:17+0200,e73b670a-bc29-4bfc-b6f4-93c290a4d3ee,2026-07-14T13:15:00Z,2026-07-14T15:15:00+0200,60.05,EUR/MWh,DK1,DK_1,imbalance_price,Long,2026-07-30T07:28:36Z
2026-07-30T07:25:17Z,2026-07-30T09:25:17+0200,e73b670a-bc29-4bfc-b6f4-93c290a4d3ee,2026-07-14T13:15:00Z,2026-07-14T15:15:00+0200,60.05,EUR/MWh,DK1,DK_1,imbalance_price,Short,2026-07-30T07:28:36Z
2026-07-30T07:25:17Z,2026-07-30T09:25:17+0200,e73b670a-bc29-4bfc-b6f4-93c290a4d3ee,2026-07-14T13:30:00Z,2026-07-14T15:30:00+0200,70.87,EUR/MWh,DK1,DK_1,imbalance_price,Long,2026-07-30T07:28:36Z
2026-07-30T07:25:17Z,2026-07-30T09:25:17+0200,e73b670a-bc29-4bfc-b6f4-93c290a4d3ee,2026-07-14T13:30:00Z,2026-07-14T15:30:00+0200,70.87,EUR/MWh,DK1,DK_1,imbalance_price,Short,2026-07-30T07:28:36Z
2026-07-30T07:25:17Z,2026-07-30T09:25:17+0200,e73b670a-bc29-4bfc-b6f4-93c290a4d3ee,2026-07-14T13:45:00Z,2026-07-14T15:45:00+0200,106.74,EUR/MWh,DK1,DK_1,imbalance_price,Long,2026-07-30T07:28:36Z
2026-07-30T07:25:17Z,2026-07-30T09:25:17+0200,e73b670a-bc29-4bfc-b6f4-93c290a4d3ee,2026-07-14T13:45:00Z,2026-07-14T15:45:00+0200,106.74,EUR/MWh,DK1,DK_1,imbalance_price,Short,2026-07-30T07:28:36Z
2026-07-30T07:25:17Z,2026-07-30T09:25:17+0200,e73b670a-bc29-4bfc-b6f4-93c290a4d3ee,2026-07-14T14:00:00Z,2026-07-14T16:00:00+0200,121.25,EUR/MWh,DK1,DK_1,imbalance_price,Long,2026-07-30T07:28:36Z
2026-07-30T07:25:17Z,2026-07-30T09:25:17+0200,e73b670a-bc29-4bfc-b6f4-93c290a4d3ee,2026-07-14T14:00:00Z,2026-07-14T16:00:00+0200,121.25,EUR/MWh,DK1,DK_1,imbalance_price,Short,2026-07-30T07:28:36Z
2026-07-30T07:25:17Z,2026-07-30T09:25:17+0200,e73b670a-bc29-4bfc-b6f4-93c290a4d3ee,2026-07-14T14:15:00Z,2026-07-14T16:15:00+0200,89.13,EUR/MWh,DK1,DK_1,imbalance_price,Long,2026-07-30T07:28:36Z
2026-07-30T07:25:17Z,2026-07-30T09:25:17+0200,e73b670a-bc29-4bfc-b6f4-93c290a4d3ee,2026-07-14T14:15:00Z,2026-07-14T16:15:00+0200,89.13,EUR/MWh,DK1,DK_1,imbalance_price,Short,2026-07-30T07:28:36Z
2026-07-30T07:25:17Z,2026-07-30T09:25:17+0200,e73b670a-bc29-4bfc-b6f4-93c290a4d3ee,2026-07-14T14:30:00Z,2026-07-14T16:30:00+0200,158.35,EUR/MWh,DK1,DK_1,imbalance_price,Long,2026-07-30T07:28:36Z
2026-07-30T07:25:17Z,2026-07-30T09:25:17+0200,e73b670a-bc29-4bfc-b6f4-93c290a4d3ee,2026-07-14T14:30:00Z,2026-07-14T16:30:00+0200,158.35,EUR/MWh,DK1,DK_1,imbalance_price,Short,2026-07-30T07:28:36Z
2026-07-30T07:25:17Z,2026-07-30T09:25:17+0200,e73b670a-bc29-4bfc-b6f4-93c290a4d3ee,2026-07-14T14:45:00Z,2026-07-14T16:45:00+0200,173.91,EUR/MWh,DK1,DK_1,imbalance_price,Long,2026-07-30T07:28:36Z
2026-07-30T07:25:17Z,2026-07-30T09:25:17+0200,e73b670a-bc29-4bfc-b6f4-93c290a4d3ee,2026-07-14T14:45:00Z,2026-07-14T16:45:00+0200,173.91,EUR/MWh,DK1,DK_1,imbalance_price,Short,2026-07-30T07:28:36Z
2026-07-30T07:25:17Z,2026-07-30T09:25:17+0200,e73b670a-bc29-4bfc-b6f4-93c290a4d3ee,2026-07-14T15:00:00Z,2026-07-14T17:00:00+0200,104.31,EUR/MWh,DK1,DK_1,imbalance_price,Long,2026-07-30T07:28:36Z
2026-07-30T07:25:17Z,2026-07-30T09:25:17+0200,e73b670a-bc29-4bfc-b6f4-93c290a4d3ee,2026-07-14T15:00:00Z,2026-07-14T17:00:00+0200,104.31,EUR/MWh,DK1,DK_1,imbalance_price,Short,2026-07-30T07:28:36Z
2026-07-30T07:25:17Z,2026-07-30T09:25:17+0200,e73b670a-bc29-4bfc-b6f4-93c290a4d3ee,2026-07-14T15:15:00Z,2026-07-14T17:15:00+0200,267.6,EUR/MWh,DK1,DK_1,imbalance_price,Long,2026-07-30T07:28:36Z
2026-07-30T07:25:17Z,2026-07-30T09:25:17+0200,e73b670a-bc29-4bfc-b6f4-93c290a4d3ee,2026-07-14T15:15:00Z,2026-07-14T17:15:00+0200,267.6,EUR/MWh,DK1,DK_1,imbalance_price,Short,2026-07-30T07:28:36Z
2026-07-30T07:25:17Z,2026-07-30T09:25:17+0200,e73b670a-bc29-4bfc-b6f4-93c290a4d3ee,2026-07-14T15:30:00Z,2026-07-14T17:30:00+0200,186.9,EUR/MWh,DK1,DK_1,imbalance_price,Long,2026-07-30T07:28:36Z
2026-07-30T07:25:17Z,2026-07-30T09:25:17+0200,e73b670a-bc29-4bfc-b6f4-93c290a4d3ee,2026-07-14T15:30:00Z,2026-07-14T17:30:00+0200,186.9,EUR/MWh,DK1,DK_1,imbalance_price,Short,2026-07-30T07:28:36Z
2026-07-30T07:25:17Z,2026-07-30T09:25:17+0200,e73b670a-bc29-4bfc-b6f4-93c290a4d3ee,2026-07-14T15:45:00Z,2026-07-14T17:45:00+0200,213.14,EUR/MWh,DK1,DK_1,imbalance_price,Long,2026-07-30T07:28:36Z
2026-07-30T07:25:17Z,2026-07-30T09:25:17+0200,e73b670a-bc29-4bfc-b6f4-93c290a4d3ee,2026-07-14T15:45:00Z,2026-07-14T17:45:00+0200,213.14,EUR/MWh,DK1,DK_1,imbalance_price,Short,2026-07-30T07:28:36Z
2026-07-30T07:25:17Z,2026-07-30T09:25:17+0200,e73b670a-bc29-4bfc-b6f4-93c290a4d3ee,2026-07-14T16:00:00Z,2026-07-14T18:00:00+0200,174.15,EUR/MWh,DK1,DK_1,imbalance_price,Long,2026-07-30T07:28:36Z
2026-07-30T07:25:17Z,2026-07-30T09:25:17+0200,e73b670a-bc29-4bfc-b6f4-93c290a4d3ee,2026-07-14T16:00:00Z,2026-07-14T18:00:00+0200,174.15,EUR/MWh,DK1,DK_1,imbalance_price,Short,2026-07-30T07:28:36Z
2026-07-30T07:25:17Z,2026-07-30T09:25:17+0200,e73b670a-bc29-4bfc-b6f4-93c290a4d3ee,2026-07-14T16:15:00Z,2026-07-14T18:15:00+0200,115.0,EUR/MWh,DK1,DK_1,imbalance_price,Long,2026-07-30T07:28:36Z
2026-07-30T07:25:17Z,2026-07-30T09:25:17+0200,e73b670a-bc29-4bfc-b6f4-93c290a4d3ee,2026-07-14T16:15:00Z,2026-07-14T18:15:00+0200,115.0,EUR/MWh,DK1,DK_1,imbalance_price,Short,2026-07-30T07:28:36Z
2026-07-30T07:25:17Z,2026-07-30T09:25:17+0200,e73b670a-bc29-4bfc-b6f4-93c290a4d3ee,2026-07-14T16:30:00Z,2026-07-14T18:30:00+0200,46.12,EUR/MWh,DK1,DK_1,imbalance_price,Long,2026-07-30T07:28:36Z
2026-07-30T07:25:17Z,2026-07-30T09:25:17+0200,e73b670a-bc29-4bfc-b6f4-93c290a4d3ee,2026-07-14T16:30:00Z,2026-07-14T18:30:00+0200,46.12,EUR/MWh,DK1,DK_1,imbalance_price,Short,2026-07-30T07:28:36Z
2026-07-30T07:25:17Z,2026-07-30T09:25:17+0200,e73b670a-bc29-4bfc-b6f4-93c290a4d3ee,2026-07-14T16:45:00Z,2026-07-14T18:45:00+0200,58.1,EUR/MWh,DK1,DK_1,imbalance_price,Long,2026-07-30T07:28:36Z
2026-07-30T07:25:17Z,2026-07-30T09:25:17+0200,e73b670a-bc29-4bfc-b6f4-93c290a4d3ee,2026-07-14T16:45:00Z,2026-07-14T18:45:00+0200,58.1,EUR/MWh,DK1,DK_1,imbalance_price,Short,2026-07-30T07:28:36Z
2026-07-30T07:25:17Z,2026-07-30T09:25:17+0200,e73b670a-bc29-4bfc-b6f4-93c290a4d3ee,2026-07-14T17:00:00Z,2026-07-14T19:00:00+0200,86.02,EUR/MWh,DK1,DK_1,imbalance_price,Long,2026-07-30T07:28:36Z
2026-07-30T07:25:17Z,2026-07-30T09:25:17+0200,e73b670a-bc29-4bfc-b6f4-93c290a4d3ee,2026-07-14T17:00:00Z,2026-07-14T19:00:00+0200,86.02,EUR/MWh,DK1,DK_1,imbalance_price,Short,2026-07-30T07:28:36Z
2026-07-30T07:25:17Z,2026-07-30T09:25:17+0200,e73b670a-bc29-4bfc-b6f4-93c290a4d3ee,2026-07-14T17:15:00Z,2026-07-14T19:15:00+0200,115.56,EUR/MWh,DK1,DK_1,imbalance_price,Long,2026-07-30T07:28:36Z
2026-07-30T07:25:17Z,2026-07-30T09:25:17+0200,e73b670a-bc29-4bfc-b6f4-93c290a4d3ee,2026-07-14T17:15:00Z,2026-07-14T19:15:00+0200,115.56,EUR/MWh,DK1,DK_1,imbalance_price,Short,2026-07-30T07:28:36Z
2026-07-30T07:25:17Z,2026-07-30T09:25:17+0200,e73b670a-bc29-4bfc-b6f4-93c290a4d3ee,2026-07-14T17:30:00Z,2026-07-14T19:30:00+0200,187.29,EUR/MWh,DK1,DK_1,imbalance_price,Long,2026-07-30T07:28:36Z
2026-07-30T07:25:17Z,2026-07-30T09:25:17+0200,e73b670a-bc29-4bfc-b6f4-93c290a4d3ee,2026-07-14T17:30:00Z,2026-07-14T19:30:00+0200,187.29,EUR/MWh,DK1,DK_1,imbalance_price,Short,2026-07-30T07:28:36Z
2026-07-30T07:25:17Z,2026-07-30T09:25:17+0200,e73b670a-bc29-4bfc-b6f4-93c290a4d3ee,2026-07-14T17:45:00Z,2026-07-14T19:45:00+0200,250.0,EUR/MWh,DK1,DK_1,imbalance_price,Long,2026-07-30T07:28:36Z
2026-07-30T07:25:17Z,2026-07-30T09:25:17+0200,e73b670a-bc29-4bfc-b6f4-93c290a4d3ee,2026-07-14T17:45:00Z,2026-07-14T19:45:00+0200,250.0,EUR/MWh,DK1,DK_1,imbalance_price,Short,2026-07-30T07:28:36Z
2026-07-30T07:25:17Z,2026-07-30T09:25:17+0200,e73b670a-bc29-4bfc-b6f4-93c290a4d3ee,2026-07-14T18:00:00Z,2026-07-14T20:00:00+0200,213.78,EUR/MWh,DK1,DK_1,imbalance_price,Long,2026-07-30T07:28:36Z
2026-07-30T07:25:17Z,2026-07-30T09:25:17+0200,e73b670a-bc29-4bfc-b6f4-93c290a4d3ee,2026-07-14T18:00:00Z,2026-07-14T20:00:00+0200,213.78,EUR/MWh,DK1,DK_1,imbalance_price,Short,2026-07-30T07:28:36Z
2026-07-30T07:25:17Z,2026-07-30T09:25:17+0200,e73b670a-bc29-4bfc-b6f4-93c290a4d3ee,2026-07-14T18:15:00Z,2026-07-14T20:15:00+0200,234.15,EUR/MWh,DK1,DK_1,imbalance_price,Long,2026-07-30T07:28:36Z
2026-07-30T07:25:17Z,2026-07-30T09:25:17+0200,e73b670a-bc29-4bfc-b6f4-93c290a4d3ee,2026-07-14T18:15:00Z,2026-07-14T20:15:00+0200,234.15,EUR/MWh,DK1,DK_1,imbalance_price,Short,2026-07-30T07:28:36Z
2026-07-30T07:25:17Z,2026-07-30T09:25:17+0200,e73b670a-bc29-4bfc-b6f4-93c290a4d3ee,2026-07-14T18:30:00Z,2026-07-14T20:30:00+0200,184.48,EUR/MWh,DK1,DK_1,imbalance_price,Long,2026-07-30T07:28:36Z
2026-07-30T07:25:17Z,2026-07-30T09:25:17+0200,e73b670a-bc29-4bfc-b6f4-93c290a4d3ee,2026-07-14T18:30:00Z,2026-07-14T20:30:00+0200,184.48,EUR/MWh,DK1,DK_1,imbalance_price,Short,2026-07-30T07:28:36Z
2026-07-30T07:25:17Z,2026-07-30T09:25:17+0200,e73b670a-bc29-4bfc-b6f4-93c290a4d3ee,2026-07-14T18:45:00Z,2026-07-14T20:45:00+0200,185.43,EUR/MWh,DK1,DK_1,imbalance_price,Long,2026-07-30T07:28:36Z
2026-07-30T07:25:17Z,2026-07-30T09:25:17+0200,e73b670a-bc29-4bfc-b6f4-93c290a4d3ee,2026-07-14T18:45:00Z,2026-07-14T20:45:00+0200,185.43,EUR/MWh,DK1,DK_1,imbalance_price,Short,2026-07-30T07:28:36Z
2026-07-30T07:25:17Z,2026-07-30T09:25:17+0200,e73b670a-bc29-4bfc-b6f4-93c290a4d3ee,2026-07-14T19:00:00Z,2026-07-14T21:00:00+0200,139.33,EUR/MWh,DK1,DK_1,imbalance_price,Long,2026-07-30T07:28:36Z
2026-07-30T07:25:17Z,2026-07-30T09:25:17+0200,e73b670a-bc29-4bfc-b6f4-93c290a4d3ee,2026-07-14T19:00:00Z,2026-07-14T21:00:00+0200,139.33,EUR/MWh,DK1,DK_1,imbalance_price,Short,2026-07-30T07:28:36Z
2026-07-30T07:25:17Z,2026-07-30T09:25:17+0200,e73b670a-bc29-4bfc-b6f4-93c290a4d3ee,2026-07-14T19:15:00Z,2026-07-14T21:15:00+0200,139.29,EUR/MWh,DK1,DK_1,imbalance_price,Long,2026-07-30T07:28:36Z
2026-07-30T07:25:17Z,2026-07-30T09:25:17+0200,e73b670a-bc29-4bfc-b6f4-93c290a4d3ee,2026-07-14T19:15:00Z,2026-07-14T21:15:00+0200,139.29,EUR/MWh,DK1,DK_1,imbalance_price,Short,2026-07-30T07:28:36Z
2026-07-30T07:25:17Z,2026-07-30T09:25:17+0200,e73b670a-bc29-4bfc-b6f4-93c290a4d3ee,2026-07-14T19:30:00Z,2026-07-14T21:30:00+0200,121.23,EUR/MWh,DK1,DK_1,imbalance_price,Long,2026-07-30T07:28:36Z
2026-07-30T07:25:17Z,2026-07-30T09:25:17+0200,e73b670a-bc29-4bfc-b6f4-93c290a4d3ee,2026-07-14T19:30:00Z,2026-07-14T21:30:00+0200,121.23,EUR/MWh,DK1,DK_1,imbalance_price,Short,2026-07-30T07:28:36Z
2026-07-30T07:25:17Z,2026-07-30T09:25:17+0200,e73b670a-bc29-4bfc-b6f4-93c290a4d3ee,2026-07-14T19:45:00Z,2026-07-14T21:45:00+0200,121.23,EUR/MWh,DK1,DK_1,imbalance_price,Long,2026-07-30T07:28:36Z
2026-07-30T07:25:17Z,2026-07-30T09:25:17+0200,e73b670a-bc29-4bfc-b6f4-93c290a4d3ee,2026-07-14T19:45:00Z,2026-07-14T21:45:00+0200,121.23,EUR/MWh,DK1,DK_1,imbalance_price,Short,2026-07-30T07:28:36Z
2026-07-30T07:25:17Z,2026-07-30T09:25:17+0200,e73b670a-bc29-4bfc-b6f4-93c290a4d3ee,2026-07-14T20:00:00Z,2026-07-14T22:00:00+0200,193.9,EUR/MWh,DK1,DK_1,imbalance_price,Long,2026-07-30T07:28:36Z
2026-07-30T07:25:17Z,2026-07-30T09:25:17+0200,e73b670a-bc29-4bfc-b6f4-93c290a4d3ee,2026-07-14T20:00:00Z,2026-07-14T22:00:00+0200,193.9,EUR/MWh,DK1,DK_1,imbalance_price,Short,2026-07-30T07:28:36Z
2026-07-30T07:25:17Z,2026-07-30T09:25:17+0200,e73b670a-bc29-4bfc-b6f4-93c290a4d3ee,2026-07-14T20:15:00Z,2026-07-14T22:15:00+0200,260.86,EUR/MWh,DK1,DK_1,imbalance_price,Long,2026-07-30T07:28:36Z
2026-07-30T07:25:17Z,2026-07-30T09:25:17+0200,e73b670a-bc29-4bfc-b6f4-93c290a4d3ee,2026-07-14T20:15:00Z,2026-07-14T22:15:00+0200,260.86,EUR/MWh,DK1,DK_1,imbalance_price,Short,2026-07-30T07:28:36Z
2026-07-30T07:25:17Z,2026-07-30T09:25:17+0200,e73b670a-bc29-4bfc-b6f4-93c290a4d3ee,2026-07-14T20:30:00Z,2026-07-14T22:30:00+0200,198.82,EUR/MWh,DK1,DK_1,imbalance_price,Long,2026-07-30T07:28:36Z
2026-07-30T07:25:17Z,2026-07-30T09:25:17+0200,e73b670a-bc29-4bfc-b6f4-93c290a4d3ee,2026-07-14T20:30:00Z,2026-07-14T22:30:00+0200,198.82,EUR/MWh,DK1,DK_1,imbalance_price,Short,2026-07-30T07:28:36Z
2026-07-30T07:25:17Z,2026-07-30T09:25:17+0200,e73b670a-bc29-4bfc-b6f4-93c290a4d3ee,2026-07-14T20:45:00Z,2026-07-14T22:45:00+0200,158.93,EUR/MWh,DK1,DK_1,imbalance_price,Long,2026-07-30T07:28:36Z
2026-07-30T07:25:17Z,2026-07-30T09:25:17+0200,e73b670a-bc29-4bfc-b6f4-93c290a4d3ee,2026-07-14T20:45:00Z,2026-07-14T22:45:00+0200,158.93,EUR/MWh,DK1,DK_1,imbalance_price,Short,2026-07-30T07:28:36Z
2026-07-30T07:25:17Z,2026-07-30T09:25:17+0200,e73b670a-bc29-4bfc-b6f4-93c290a4d3ee,2026-07-14T21:00:00Z,2026-07-14T23:00:00+0200,109.5,EUR/MWh,DK1,DK_1,imbalance_price,Long,2026-07-30T07:28:36Z
2026-07-30T07:25:17Z,2026-07-30T09:25:17+0200,e73b670a-bc29-4bfc-b6f4-93c290a4d3ee,2026-07-14T21:00:00Z,2026-07-14T23:00:00+0200,109.5,EUR/MWh,DK1,DK_1,imbalance_price,Short,2026-07-30T07:28:36Z
2026-07-30T07:25:17Z,2026-07-30T09:25:17+0200,e73b670a-bc29-4bfc-b6f4-93c290a4d3ee,2026-07-14T21:15:00Z,2026-07-14T23:15:00+0200,153.0,EUR/MWh,DK1,DK_1,imbalance_price,Long,2026-07-30T07:28:36Z
2026-07-30T07:25:17Z,2026-07-30T09:25:17+0200,e73b670a-bc29-4bfc-b6f4-93c290a4d3ee,2026-07-14T21:15:00Z,2026-07-14T23:15:00+0200,153.0,EUR/MWh,DK1,DK_1,imbalance_price,Short,2026-07-30T07:28:36Z
2026-07-30T07:25:17Z,2026-07-30T09:25:17+0200,e73b670a-bc29-4bfc-b6f4-93c290a4d3ee,2026-07-14T21:30:00Z,2026-07-14T23:30:00+0200,150.31,EUR/MWh,DK1,DK_1,imbalance_price,Long,2026-07-30T07:28:36Z
2026-07-30T07:25:17Z,2026-07-30T09:25:17+0200,e73b670a-bc29-4bfc-b6f4-93c290a4d3ee,2026-07-14T21:30:00Z,2026-07-14T23:30:00+0200,150.31,EUR/MWh,DK1,DK_1,imbalance_price,Short,2026-07-30T07:28:36Z
2026-07-30T07:25:17Z,2026-07-30T09:25:17+0200,e73b670a-bc29-4bfc-b6f4-93c290a4d3ee,2026-07-14T21:45:00Z,2026-07-14T23:45:00+0200,92.79,EUR/MWh,DK1,DK_1,imbalance_price,Long,2026-07-30T07:28:36Z
2026-07-30T07:25:17Z,2026-07-30T09:25:17+0200,e73b670a-bc29-4bfc-b6f4-93c290a4d3ee,2026-07-14T21:45:00Z,2026-07-14T23:45:00+0200,92.79,EUR/MWh,DK1,DK_1,imbalance_price,Short,2026-07-30T07:28:36Z
2026-07-30T07:25:17Z,2026-07-30T09:25:17+0200,e73b670a-bc29-4bfc-b6f4-93c290a4d3ee,2026-07-14T22:00:00Z,2026-07-15T00:00:00+0200,119.09,EUR/MWh,DK1,DK_1,imbalance_price,Long,2026-07-30T07:28:36Z
2026-07-30T07:25:17Z,2026-07-30T09:25:17+0200,e73b670a-bc29-4bfc-b6f4-93c290a4d3ee,2026-07-14T22:00:00Z,2026-07-15T00:00:00+0200,119.09,EUR/MWh,DK1,DK_1,imbalance_price,Short,2026-07-30T07:28:36Z
2026-07-30T07:25:17Z,2026-07-30T09:25:17+0200,e73b670a-bc29-4bfc-b6f4-93c290a4d3ee,2026-07-14T22:15:00Z,2026-07-15T00:15:00+0200,118.11,EUR/MWh,DK1,DK_1,imbalance_price,Long,2026-07-30T07:28:36Z
2026-07-30T07:25:17Z,2026-07-30T09:25:17+0200,e73b670a-bc29-4bfc-b6f4-93c290a4d3ee,2026-07-14T22:15:00Z,2026-07-15T00:15:00+0200,118.11,EUR/MWh,DK1,DK_1,imbalance_price,Short,2026-07-30T07:28:36Z
2026-07-30T07:25:17Z,2026-07-30T09:25:17+0200,e73b670a-bc29-4bfc-b6f4-93c290a4d3ee,2026-07-14T22:30:00Z,2026-07-15T00:30:00+0200,154.19,EUR/MWh,DK1,DK_1,imbalance_price,Long,2026-07-30T07:28:36Z
2026-07-30T07:25:17Z,2026-07-30T09:25:17+0200,e73b670a-bc29-4bfc-b6f4-93c290a4d3ee,2026-07-14T22:30:00Z,2026-07-15T00:30:00+0200,154.19,EUR/MWh,DK1,DK_1,imbalance_price,Short,2026-07-30T07:28:36Z
2026-07-30T07:25:17Z,2026-07-30T09:25:17+0200,e73b670a-bc29-4bfc-b6f4-93c290a4d3ee,2026-07-14T22:45:00Z,2026-07-15T00:45:00+0200,113.15,EUR/MWh,DK1,DK_1,imbalance_price,Long,2026-07-30T07:28:36Z
2026-07-30T07:25:17Z,2026-07-30T09:25:17+0200,e73b670a-bc29-4bfc-b6f4-93c290a4d3ee,2026-07-14T22:45:00Z,2026-07-15T00:45:00+0200,113.15,EUR/MWh,DK1,DK_1,imbalance_price,Short,2026-07-30T07:28:36Z
2026-07-30T07:25:17Z,2026-07-30T09:25:17+0200,e73b670a-bc29-4bfc-b6f4-93c290a4d3ee,2026-07-14T23:00:00Z,2026-07-15T01:00:00+0200,131.0,EUR/MWh,DK1,DK_1,imbalance_price,Long,2026-07-30T07:28:36Z
2026-07-30T07:25:17Z,2026-07-30T09:25:17+0200,e73b670a-bc29-4bfc-b6f4-93c290a4d3ee,2026-07-14T23:00:00Z,2026-07-15T01:00:00+0200,131.0,EUR/MWh,DK1,DK_1,imbalance_price,Short,2026-07-30T07:28:36Z
2026-07-30T07:25:17Z,2026-07-30T09:25:17+0200,e73b670a-bc29-4bfc-b6f4-93c290a4d3ee,2026-07-14T23:15:00Z,2026-07-15T01:15:00+0200,118.99,EUR/MWh,DK1,DK_1,imbalance_price,Long,2026-07-30T07:28:36Z
2026-07-30T07:25:17Z,2026-07-30T09:25:17+0200,e73b670a-bc29-4bfc-b6f4-93c290a4d3ee,2026-07-14T23:15:00Z,2026-07-15T01:15:00+0200,118.99,EUR/MWh,DK1,DK_1,imbalance_price,Short,2026-07-30T07:28:36Z
2026-07-30T07:25:17Z,2026-07-30T09:25:17+0200,e73b670a-bc29-4bfc-b6f4-93c290a4d3ee,2026-07-14T23:30:00Z,2026-07-15T01:30:00+0200,142.9,EUR/MWh,DK1,DK_1,imbalance_price,Long,2026-07-30T07:28:36Z
2026-07-30T07:25:17Z,2026-07-30T09:25:17+0200,e73b670a-bc29-4bfc-b6f4-93c290a4d3ee,2026-07-14T23:30:00Z,2026-07-15T01:30:00+0200,142.9,EUR/MWh,DK1,DK_1,imbalance_price,Short,2026-07-30T07:28:36Z
2026-07-30T07:25:17Z,2026-07-30T09:25:17+0200,e73b670a-bc29-4bfc-b6f4-93c290a4d3ee,2026-07-14T23:45:00Z,2026-07-15T01:45:00+0200,139.44,EUR/MWh,DK1,DK_1,imbalance_price,Long,2026-07-30T07:28:36Z
2026-07-30T07:25:17Z,2026-07-30T09:25:17+0200,e73b670a-bc29-4bfc-b6f4-93c290a4d3ee,2026-07-14T23:45:00Z,2026-07-15T01:45:00+0200,139.44,EUR/MWh,DK1,DK_1,imbalance_price,Short,2026-07-30T07:28:36Z
2026-07-30T07:25:17Z,2026-07-30T09:25:17+0200,e73b670a-bc29-4bfc-b6f4-93c290a4d3ee,2026-07-15T00:00:00Z,2026-07-15T02:00:00+0200,106.26,EUR/MWh,DK1,DK_1,imbalance_price,Long,2026-07-30T07:28:36Z
2026-07-30T07:25:17Z,2026-07-30T09:25:17+0200,e73b670a-bc29-4bfc-b6f4-93c290a4d3ee,2026-07-15T00:00:00Z,2026-07-15T02:00:00+0200,106.26,EUR/MWh,DK1,DK_1,imbalance_price,Short,2026-07-30T07:28:36Z
2026-07-30T07:25:17Z,2026-07-30T09:25:17+0200,e73b670a-bc29-4bfc-b6f4-93c290a4d3ee,2026-07-15T00:15:00Z,2026-07-15T02:15:00+0200,138.28,EUR/MWh,DK1,DK_1,imbalance_price,Long,2026-07-30T07:28:36Z
2026-07-30T07:25:17Z,2026-07-30T09:25:17+0200,e73b670a-bc29-4bfc-b6f4-93c290a4d3ee,2026-07-15T00:15:00Z,2026-07-15T02:15:00+0200,138.28,EUR/MWh,DK1,DK_1,imbalance_price,Short,2026-07-30T07:28:36Z
2026-07-30T07:25:17Z,2026-07-30T09:25:17+0200,e73b670a-bc29-4bfc-b6f4-93c290a4d3ee,2026-07-15T00:30:00Z,2026-07-15T02:30:00+0200,138.73,EUR/MWh,DK1,DK_1,imbalance_price,Long,2026-07-30T07:28:36Z
2026-07-30T07:25:17Z,2026-07-30T09:25:17+0200,e73b670a-bc29-4bfc-b6f4-93c290a4d3ee,2026-07-15T00:30:00Z,2026-07-15T02:30:00+0200,138.73,EUR/MWh,DK1,DK_1,imbalance_price,Short,2026-07-30T07:28:36Z
2026-07-30T07:25:17Z,2026-07-30T09:25:17+0200,e73b670a-bc29-4bfc-b6f4-93c290a4d3ee,2026-07-15T00:45:00Z,2026-07-15T02:45:00+0200,137.38,EUR/MWh,DK1,DK_1,imbalance_price,Long,2026-07-30T07:28:36Z
2026-07-30T07:25:17Z,2026-07-30T09:25:17+0200,e73b670a-bc29-4bfc-b6f4-93c290a4d3ee,2026-07-15T00:45:00Z,2026-07-15T02:45:00+0200,137.38,EUR/MWh,DK1,DK_1,imbalance_price,Short,2026-07-30T07:28:36Z
2026-07-30T07:25:17Z,2026-07-30T09:25:17+0200,e73b670a-bc29-4bfc-b6f4-93c290a4d3ee,2026-07-15T01:00:00Z,2026-07-15T03:00:00+0200,100.0,EUR/MWh,DK1,DK_1,imbalance_price,Long,2026-07-30T07:28:36Z
2026-07-30T07:25:17Z,2026-07-30T09:25:17+0200,e73b670a-bc29-4bfc-b6f4-93c290a4d3ee,2026-07-15T01:00:00Z,2026-07-15T03:00:00+0200,100.0,EUR/MWh,DK1,DK_1,imbalance_price,Short,2026-07-30T07:28:36Z
2026-07-30T07:25:17Z,2026-07-30T09:25:17+0200,e73b670a-bc29-4bfc-b6f4-93c290a4d3ee,2026-07-15T01:15:00Z,2026-07-15T03:15:00+0200,89.8,EUR/MWh,DK1,DK_1,imbalance_price,Long,2026-07-30T07:28:36Z
2026-07-30T07:25:17Z,2026-07-30T09:25:17+0200,e73b670a-bc29-4bfc-b6f4-93c290a4d3ee,2026-07-15T01:15:00Z,2026-07-15T03:15:00+0200,89.8,EUR/MWh,DK1,DK_1,imbalance_price,Short,2026-07-30T07:28:36Z
2026-07-30T07:25:17Z,2026-07-30T09:25:17+0200,e73b670a-bc29-4bfc-b6f4-93c290a4d3ee,2026-07-15T01:30:00Z,2026-07-15T03:30:00+0200,92.4,EUR/MWh,DK1,DK_1,imbalance_price,Long,2026-07-30T07:28:36Z
2026-07-30T07:25:17Z,2026-07-30T09:25:17+0200,e73b670a-bc29-4bfc-b6f4-93c290a4d3ee,2026-07-15T01:30:00Z,2026-07-15T03:30:00+0200,92.4,EUR/MWh,DK1,DK_1,imbalance_price,Short,2026-07-30T07:28:36Z
2026-07-30T07:25:17Z,2026-07-30T09:25:17+0200,e73b670a-bc29-4bfc-b6f4-93c290a4d3ee,2026-07-15T01:45:00Z,2026-07-15T03:45:00+0200,135.26,EUR/MWh,DK1,DK_1,imbalance_price,Long,2026-07-30T07:28:36Z
2026-07-30T07:25:17Z,2026-07-30T09:25:17+0200,e73b670a-bc29-4bfc-b6f4-93c290a4d3ee,2026-07-15T01:45:00Z,2026-07-15T03:45:00+0200,135.26,EUR/MWh,DK1,DK_1,imbalance_price,Short,2026-07-30T07:28:36Z
2026-07-30T07:25:17Z,2026-07-30T09:25:17+0200,e73b670a-bc29-4bfc-b6f4-93c290a4d3ee,2026-07-15T02:00:00Z,2026-07-15T04:00:00+0200,87.57,EUR/MWh,DK1,DK_1,imbalance_price,Long,2026-07-30T07:28:36Z
2026-07-30T07:25:17Z,2026-07-30T09:25:17+0200,e73b670a-bc29-4bfc-b6f4-93c290a4d3ee,2026-07-15T02:00:00Z,2026-07-15T04:00:00+0200,87.57,EUR/MWh,DK1,DK_1,imbalance_price,Short,2026-07-30T07:28:36Z
2026-07-30T07:25:17Z,2026-07-30T09:25:17+0200,e73b670a-bc29-4bfc-b6f4-93c290a4d3ee,2026-07-15T02:15:00Z,2026-07-15T04:15:00+0200,87.73,EUR/MWh,DK1,DK_1,imbalance_price,Long,2026-07-30T07:28:36Z
2026-07-30T07:25:17Z,2026-07-30T09:25:17+0200,e73b670a-bc29-4bfc-b6f4-93c290a4d3ee,2026-07-15T02:15:00Z,2026-07-15T04:15:00+0200,87.73,EUR/MWh,DK1,DK_1,imbalance_price,Short,2026-07-30T07:28:36Z
2026-07-30T07:25:17Z,2026-07-30T09:25:17+0200,e73b670a-bc29-4bfc-b6f4-93c290a4d3ee,2026-07-15T02:30:00Z,2026-07-15T04:30:00+0200,139.79,EUR/MWh,DK1,DK_1,imbalance_price,Long,2026-07-30T07:28:36Z
2026-07-30T07:25:17Z,2026-07-30T09:25:17+0200,e73b670a-bc29-4bfc-b6f4-93c290a4d3ee,2026-07-15T02:30:00Z,2026-07-15T04:30:00+0200,139.79,EUR/MWh,DK1,DK_1,imbalance_price,Short,2026-07-30T07:28:36Z
2026-07-30T07:25:17Z,2026-07-30T09:25:17+0200,e73b670a-bc29-4bfc-b6f4-93c290a4d3ee,2026-07-15T02:45:00Z,2026-07-15T04:45:00+0200,144.05,EUR/MWh,DK1,DK_1,imbalance_price,Long,2026-07-30T07:28:36Z
2026-07-30T07:25:17Z,2026-07-30T09:25:17+0200,e73b670a-bc29-4bfc-b6f4-93c290a4d3ee,2026-07-15T02:45:00Z,2026-07-15T04:45:00+0200,144.05,EUR/MWh,DK1,DK_1,imbalance_price,Short,2026-07-30T07:28:36Z
2026-07-30T07:25:17Z,2026-07-30T09:25:17+0200,e73b670a-bc29-4bfc-b6f4-93c290a4d3ee,2026-07-15T03:00:00Z,2026-07-15T05:00:00+0200,94.83,EUR/MWh,DK1,DK_1,imbalance_price,Long,2026-07-30T07:28:36Z
2026-07-30T07:25:17Z,2026-07-30T09:25:17+0200,e73b670a-bc29-4bfc-b6f4-93c290a4d3ee,2026-07-15T03:00:00Z,2026-07-15T05:00:00+0200,94.83,EUR/MWh,DK1,DK_1,imbalance_price,Short,2026-07-30T07:28:36Z
2026-07-30T07:25:17Z,2026-07-30T09:25:17+0200,e73b670a-bc29-4bfc-b6f4-93c290a4d3ee,2026-07-15T03:15:00Z,2026-07-15T05:15:00+0200,87.83,EUR/MWh,DK1,DK_1,imbalance_price,Long,2026-07-30T07:28:36Z
2026-07-30T07:25:17Z,2026-07-30T09:25:17+0200,e73b670a-bc29-4bfc-b6f4-93c290a4d3ee,2026-07-15T03:15:00Z,2026-07-15T05:15:00+0200,87.83,EUR/MWh,DK1,DK_1,imbalance_price,Short,2026-07-30T07:28:36Z
2026-07-30T07:25:17Z,2026-07-30T09:25:17+0200,e73b670a-bc29-4bfc-b6f4-93c290a4d3ee,2026-07-15T03:30:00Z,2026-07-15T05:30:00+0200,150.27,EUR/MWh,DK1,DK_1,imbalance_price,Long,2026-07-30T07:28:36Z
2026-07-30T07:25:17Z,2026-07-30T09:25:17+0200,e73b670a-bc29-4bfc-b6f4-93c290a4d3ee,2026-07-15T03:30:00Z,2026-07-15T05:30:00+0200,150.27,EUR/MWh,DK1,DK_1,imbalance_price,Short,2026-07-30T07:28:36Z
2026-07-30T07:25:17Z,2026-07-30T09:25:17+0200,e73b670a-bc29-4bfc-b6f4-93c290a4d3ee,2026-07-15T03:45:00Z,2026-07-15T05:45:00+0200,87.49,EUR/MWh,DK1,DK_1,imbalance_price,Long,2026-07-30T07:28:36Z
2026-07-30T07:25:17Z,2026-07-30T09:25:17+0200,e73b670a-bc29-4bfc-b6f4-93c290a4d3ee,2026-07-15T03:45:00Z,2026-07-15T05:45:00+0200,87.49,EUR/MWh,DK1,DK_1,imbalance_price,Short,2026-07-30T07:28:36Z
2026-07-30T07:25:17Z,2026-07-30T09:25:17+0200,e73b670a-bc29-4bfc-b6f4-93c290a4d3ee,2026-07-15T04:00:00Z,2026-07-15T06:00:00+0200,87.34,EUR/MWh,DK1,DK_1,imbalance_price,Long,2026-07-30T07:28:36Z
2026-07-30T07:25:17Z,2026-07-30T09:25:17+0200,e73b670a-bc29-4bfc-b6f4-93c290a4d3ee,2026-07-15T04:00:00Z,2026-07-15T06:00:00+0200,87.34,EUR/MWh,DK1,DK_1,imbalance_price,Short,2026-07-30T07:28:36Z
2026-07-30T07:25:17Z,2026-07-30T09:25:17+0200,e73b670a-bc29-4bfc-b6f4-93c290a4d3ee,2026-07-15T04:15:00Z,2026-07-15T06:15:00+0200,87.87,EUR/MWh,DK1,DK_1,imbalance_price,Long,2026-07-30T07:28:36Z
2026-07-30T07:25:17Z,2026-07-30T09:25:17+0200,e73b670a-bc29-4bfc-b6f4-93c290a4d3ee,2026-07-15T04:15:00Z,2026-07-15T06:15:00+0200,87.87,EUR/MWh,DK1,DK_1,imbalance_price,Short,2026-07-30T07:28:36Z
2026-07-30T07:25:17Z,2026-07-30T09:25:17+0200,e73b670a-bc29-4bfc-b6f4-93c290a4d3ee,2026-07-15T04:30:00Z,2026-07-15T06:30:00+0200,87.97,EUR/MWh,DK1,DK_1,imbalance_price,Long,2026-07-30T07:28:36Z
2026-07-30T07:25:17Z,2026-07-30T09:25:17+0200,e73b670a-bc29-4bfc-b6f4-93c290a4d3ee,2026-07-15T04:30:00Z,2026-07-15T06:30:00+0200,87.97,EUR/MWh,DK1,DK_1,imbalance_price,Short,2026-07-30T07:28:36Z
2026-07-30T07:25:17Z,2026-07-30T09:25:17+0200,e73b670a-bc29-4bfc-b6f4-93c290a4d3ee,2026-07-15T04:45:00Z,2026-07-15T06:45:00+0200,87.92,EUR/MWh,DK1,DK_1,imbalance_price,Long,2026-07-30T07:28:36Z
2026-07-30T07:25:17Z,2026-07-30T09:25:17+0200,e73b670a-bc29-4bfc-b6f4-93c290a4d3ee,2026-07-15T04:45:00Z,2026-07-15T06:45:00+0200,87.92,EUR/MWh,DK1,DK_1,imbalance_price,Short,2026-07-30T07:28:36Z
2026-07-30T07:25:17Z,2026-07-30T09:25:17+0200,e73b670a-bc29-4bfc-b6f4-93c290a4d3ee,2026-07-15T05:00:00Z,2026-07-15T07:00:00+0200,172.8,EUR/MWh,DK1,DK_1,imbalance_price,Long,2026-07-30T07:28:36Z
2026-07-30T07:25:17Z,2026-07-30T09:25:17+0200,e73b670a-bc29-4bfc-b6f4-93c290a4d3ee,2026-07-15T05:00:00Z,2026-07-15T07:00:00+0200,172.8,EUR/MWh,DK1,DK_1,imbalance_price,Short,2026-07-30T07:28:36Z
2026-07-30T07:25:17Z,2026-07-30T09:25:17+0200,e73b670a-bc29-4bfc-b6f4-93c290a4d3ee,2026-07-15T05:15:00Z,2026-07-15T07:15:00+0200,166.91,EUR/MWh,DK1,DK_1,imbalance_price,Long,2026-07-30T07:28:36Z
2026-07-30T07:25:17Z,2026-07-30T09:25:17+0200,e73b670a-bc29-4bfc-b6f4-93c290a4d3ee,2026-07-15T05:15:00Z,2026-07-15T07:15:00+0200,166.91,EUR/MWh,DK1,DK_1,imbalance_price,Short,2026-07-30T07:28:36Z
2026-07-30T07:25:17Z,2026-07-30T09:25:17+0200,e73b670a-bc29-4bfc-b6f4-93c290a4d3ee,2026-07-15T05:30:00Z,2026-07-15T07:30:00+0200,208.6,EUR/MWh,DK1,DK_1,imbalance_price,Long,2026-07-30T07:28:36Z
2026-07-30T07:25:17Z,2026-07-30T09:25:17+0200,e73b670a-bc29-4bfc-b6f4-93c290a4d3ee,2026-07-15T05:30:00Z,2026-07-15T07:30:00+0200,208.6,EUR/MWh,DK1,DK_1,imbalance_price,Short,2026-07-30T07:28:36Z
2026-07-30T07:25:17Z,2026-07-30T09:25:17+0200,e73b670a-bc29-4bfc-b6f4-93c290a4d3ee,2026-07-15T05:45:00Z,2026-07-15T07:45:00+0200,334.44,EUR/MWh,DK1,DK_1,imbalance_price,Long,2026-07-30T07:28:36Z
2026-07-30T07:25:17Z,2026-07-30T09:25:17+0200,e73b670a-bc29-4bfc-b6f4-93c290a4d3ee,2026-07-15T05:45:00Z,2026-07-15T07:45:00+0200,334.44,EUR/MWh,DK1,DK_1,imbalance_price,Short,2026-07-30T07:28:36Z
2026-07-30T07:25:17Z,2026-07-30T09:25:17+0200,e73b670a-bc29-4bfc-b6f4-93c290a4d3ee,2026-07-15T06:00:00Z,2026-07-15T08:00:00+0200,374.57,EUR/MWh,DK1,DK_1,imbalance_price,Long,2026-07-30T07:28:36Z
2026-07-30T07:25:17Z,2026-07-30T09:25:17+0200,e73b670a-bc29-4bfc-b6f4-93c290a4d3ee,2026-07-15T06:00:00Z,2026-07-15T08:00:00+0200,374.57,EUR/MWh,DK1,DK_1,imbalance_price,Short,2026-07-30T07:28:36Z
2026-07-30T07:25:17Z,2026-07-30T09:25:17+0200,e73b670a-bc29-4bfc-b6f4-93c290a4d3ee,2026-07-15T06:15:00Z,2026-07-15T08:15:00+0200,334.5,EUR/MWh,DK1,DK_1,imbalance_price,Long,2026-07-30T07:28:36Z
2026-07-30T07:25:17Z,2026-07-30T09:25:17+0200,e73b670a-bc29-4bfc-b6f4-93c290a4d3ee,2026-07-15T06:15:00Z,2026-07-15T08:15:00+0200,334.5,EUR/MWh,DK1,DK_1,imbalance_price,Short,2026-07-30T07:28:36Z
2026-07-30T07:25:17Z,2026-07-30T09:25:17+0200,e73b670a-bc29-4bfc-b6f4-93c290a4d3ee,2026-07-15T06:30:00Z,2026-07-15T08:30:00+0200,294.31,EUR/MWh,DK1,DK_1,imbalance_price,Long,2026-07-30T07:28:36Z
2026-07-30T07:25:17Z,2026-07-30T09:25:17+0200,e73b670a-bc29-4bfc-b6f4-93c290a4d3ee,2026-07-15T06:30:00Z,2026-07-15T08:30:00+0200,294.31,EUR/MWh,DK1,DK_1,imbalance_price,Short,2026-07-30T07:28:36Z
2026-07-30T07:25:17Z,2026-07-30T09:25:17+0200,e73b670a-bc29-4bfc-b6f4-93c290a4d3ee,2026-07-15T06:45:00Z,2026-07-15T08:45:00+0200,162.75,EUR/MWh,DK1,DK_1,imbalance_price,Long,2026-07-30T07:28:36Z
2026-07-30T07:25:17Z,2026-07-30T09:25:17+0200,e73b670a-bc29-4bfc-b6f4-93c290a4d3ee,2026-07-15T06:45:00Z,2026-07-15T08:45:00+0200,162.75,EUR/MWh,DK1,DK_1,imbalance_price,Short,2026-07-30T07:28:36Z
2026-07-30T07:25:17Z,2026-07-30T09:25:17+0200,e73b670a-bc29-4bfc-b6f4-93c290a4d3ee,2026-07-15T07:00:00Z,2026-07-15T09:00:00+0200,150.0,EUR/MWh,DK1,DK_1,imbalance_price,Long,2026-07-30T07:28:36Z
2026-07-30T07:25:17Z,2026-07-30T09:25:17+0200,e73b670a-bc29-4bfc-b6f4-93c290a4d3ee,2026-07-15T07:00:00Z,2026-07-15T09:00:00+0200,150.0,EUR/MWh,DK1,DK_1,imbalance_price,Short,2026-07-30T07:28:36Z
2026-07-30T07:25:17Z,2026-07-30T09:25:17+0200,e73b670a-bc29-4bfc-b6f4-93c290a4d3ee,2026-07-15T07:15:00Z,2026-07-15T09:15:00+0200,78.35,EUR/MWh,DK1,DK_1,imbalance_price,Long,2026-07-30T07:28:36Z
2026-07-30T07:25:17Z,2026-07-30T09:25:17+0200,e73b670a-bc29-4bfc-b6f4-93c290a4d3ee,2026-07-15T07:15:00Z,2026-07-15T09:15:00+0200,78.35,EUR/MWh,DK1,DK_1,imbalance_price,Short,2026-07-30T07:28:36Z
2026-07-30T07:25:17Z,2026-07-30T09:25:17+0200,e73b670a-bc29-4bfc-b6f4-93c290a4d3ee,2026-07-15T07:30:00Z,2026-07-15T09:30:00+0200,77.79,EUR/MWh,DK1,DK_1,imbalance_price,Long,2026-07-30T07:28:36Z
2026-07-30T07:25:17Z,2026-07-30T09:25:17+0200,e73b670a-bc29-4bfc-b6f4-93c290a4d3ee,2026-07-15T07:30:00Z,2026-07-15T09:30:00+0200,77.79,EUR/MWh,DK1,DK_1,imbalance_price,Short,2026-07-30T07:28:36Z
2026-07-30T07:25:17Z,2026-07-30T09:25:17+0200,e73b670a-bc29-4bfc-b6f4-93c290a4d3ee,2026-07-15T07:45:00Z,2026-07-15T09:45:00+0200,64.8,EUR/MWh,DK1,DK_1,imbalance_price,Long,2026-07-30T07:28:36Z
2026-07-30T07:25:17Z,2026-07-30T09:25:17+0200,e73b670a-bc29-4bfc-b6f4-93c290a4d3ee,2026-07-15T07:45:00Z,2026-07-15T09:45:00+0200,64.8,EUR/MWh,DK1,DK_1,imbalance_price,Short,2026-07-30T07:28:36Z
2026-07-30T07:25:17Z,2026-07-30T09:25:17+0200,e73b670a-bc29-4bfc-b6f4-93c290a4d3ee,2026-07-15T08:00:00Z,2026-07-15T10:00:00+0200,53.98,EUR/MWh,DK1,DK_1,imbalance_price,Long,2026-07-30T07:28:36Z
2026-07-30T07:25:17Z,2026-07-30T09:25:17+0200,e73b670a-bc29-4bfc-b6f4-93c290a4d3ee,2026-07-15T08:00:00Z,2026-07-15T10:00:00+0200,53.98,EUR/MWh,DK1,DK_1,imbalance_price,Short,2026-07-30T07:28:36Z
2026-07-30T07:25:17Z,2026-07-30T09:25:17+0200,e73b670a-bc29-4bfc-b6f4-93c290a4d3ee,2026-07-15T08:15:00Z,2026-07-15T10:15:00+0200,37.65,EUR/MWh,DK1,DK_1,imbalance_price,Long,2026-07-30T07:28:36Z
2026-07-30T07:25:17Z,2026-07-30T09:25:17+0200,e73b670a-bc29-4bfc-b6f4-93c290a4d3ee,2026-07-15T08:15:00Z,2026-07-15T10:15:00+0200,37.65,EUR/MWh,DK1,DK_1,imbalance_price,Short,2026-07-30T07:28:36Z
2026-07-30T07:25:17Z,2026-07-30T09:25:17+0200,e73b670a-bc29-4bfc-b6f4-93c290a4d3ee,2026-07-15T08:30:00Z,2026-07-15T10:30:00+0200,102.0,EUR/MWh,DK1,DK_1,imbalance_price,Long,2026-07-30T07:28:36Z
2026-07-30T07:25:17Z,2026-07-30T09:25:17+0200,e73b670a-bc29-4bfc-b6f4-93c290a4d3ee,2026-07-15T08:30:00Z,2026-07-15T10:30:00+0200,102.0,EUR/MWh,DK1,DK_1,imbalance_price,Short,2026-07-30T07:28:36Z
2026-07-30T07:25:17Z,2026-07-30T09:25:17+0200,e73b670a-bc29-4bfc-b6f4-93c290a4d3ee,2026-07-15T08:45:00Z,2026-07-15T10:45:00+0200,98.08,EUR/MWh,DK1,DK_1,imbalance_price,Long,2026-07-30T07:28:36Z
2026-07-30T07:25:17Z,2026-07-30T09:25:17+0200,e73b670a-bc29-4bfc-b6f4-93c290a4d3ee,2026-07-15T08:45:00Z,2026-07-15T10:45:00+0200,98.08,EUR/MWh,DK1,DK_1,imbalance_price,Short,2026-07-30T07:28:36Z
2026-07-30T07:25:17Z,2026-07-30T09:25:17+0200,e73b670a-bc29-4bfc-b6f4-93c290a4d3ee,2026-07-15T09:00:00Z,2026-07-15T11:00:00+0200,73.64,EUR/MWh,DK1,DK_1,imbalance_price,Long,2026-07-30T07:28:36Z
2026-07-30T07:25:17Z,2026-07-30T09:25:17+0200,e73b670a-bc29-4bfc-b6f4-93c290a4d3ee,2026-07-15T09:00:00Z,2026-07-15T11:00:00+0200,73.64,EUR/MWh,DK1,DK_1,imbalance_price,Short,2026-07-30T07:28:36Z
2026-07-30T07:25:17Z,2026-07-30T09:25:17+0200,e73b670a-bc29-4bfc-b6f4-93c290a4d3ee,2026-07-15T09:15:00Z,2026-07-15T11:15:00+0200,48.65,EUR/MWh,DK1,DK_1,imbalance_price,Long,2026-07-30T07:28:36Z
2026-07-30T07:25:17Z,2026-07-30T09:25:17+0200,e73b670a-bc29-4bfc-b6f4-93c290a4d3ee,2026-07-15T09:15:00Z,2026-07-15T11:15:00+0200,48.65,EUR/MWh,DK1,DK_1,imbalance_price,Short,2026-07-30T07:28:36Z
2026-07-30T07:25:17Z,2026-07-30T09:25:17+0200,e73b670a-bc29-4bfc-b6f4-93c290a4d3ee,2026-07-15T09:30:00Z,2026-07-15T11:30:00+0200,54.18,EUR/MWh,DK1,DK_1,imbalance_price,Long,2026-07-30T07:28:36Z
2026-07-30T07:25:17Z,2026-07-30T09:25:17+0200,e73b670a-bc29-4bfc-b6f4-93c290a4d3ee,2026-07-15T09:30:00Z,2026-07-15T11:30:00+0200,54.18,EUR/MWh,DK1,DK_1,imbalance_price,Short,2026-07-30T07:28:36Z
2026-07-30T07:25:17Z,2026-07-30T09:25:17+0200,e73b670a-bc29-4bfc-b6f4-93c290a4d3ee,2026-07-15T09:45:00Z,2026-07-15T11:45:00+0200,8.0,EUR/MWh,DK1,DK_1,imbalance_price,Long,2026-07-30T07:28:36Z
2026-07-30T07:25:17Z,2026-07-30T09:25:17+0200,e73b670a-bc29-4bfc-b6f4-93c290a4d3ee,2026-07-15T09:45:00Z,2026-07-15T11:45:00+0200,8.0,EUR/MWh,DK1,DK_1,imbalance_price,Short,2026-07-30T07:28:36Z
2026-07-30T07:25:17Z,2026-07-30T09:25:17+0200,e73b670a-bc29-4bfc-b6f4-93c290a4d3ee,2026-07-15T10:00:00Z,2026-07-15T12:00:00+0200,10.87,EUR/MWh,DK1,DK_1,imbalance_price,Long,2026-07-30T07:28:36Z
2026-07-30T07:25:17Z,2026-07-30T09:25:17+0200,e73b670a-bc29-4bfc-b6f4-93c290a4d3ee,2026-07-15T10:00:00Z,2026-07-15T12:00:00+0200,10.87,EUR/MWh,DK1,DK_1,imbalance_price,Short,2026-07-30T07:28:36Z
2026-07-30T07:25:17Z,2026-07-30T09:25:17+0200,e73b670a-bc29-4bfc-b6f4-93c290a4d3ee,2026-07-15T10:15:00Z,2026-07-15T12:15:00+0200,72.62,EUR/MWh,DK1,DK_1,imbalance_price,Long,2026-07-30T07:28:36Z
2026-07-30T07:25:17Z,2026-07-30T09:25:17+0200,e73b670a-bc29-4bfc-b6f4-93c290a4d3ee,2026-07-15T10:15:00Z,2026-07-15T12:15:00+0200,72.62,EUR/MWh,DK1,DK_1,imbalance_price,Short,2026-07-30T07:28:36Z
2026-07-30T07:25:17Z,2026-07-30T09:25:17+0200,e73b670a-bc29-4bfc-b6f4-93c290a4d3ee,2026-07-15T10:30:00Z,2026-07-15T12:30:00+0200,10.7,EUR/MWh,DK1,DK_1,imbalance_price,Long,2026-07-30T07:28:36Z
2026-07-30T07:25:17Z,2026-07-30T09:25:17+0200,e73b670a-bc29-4bfc-b6f4-93c290a4d3ee,2026-07-15T10:30:00Z,2026-07-15T12:30:00+0200,10.7,EUR/MWh,DK1,DK_1,imbalance_price,Short,2026-07-30T07:28:36Z
2026-07-30T07:25:17Z,2026-07-30T09:25:17+0200,e73b670a-bc29-4bfc-b6f4-93c290a4d3ee,2026-07-15T10:45:00Z,2026-07-15T12:45:00+0200,61.12,EUR/MWh,DK1,DK_1,imbalance_price,Long,2026-07-30T07:28:36Z
2026-07-30T07:25:17Z,2026-07-30T09:25:17+0200,e73b670a-bc29-4bfc-b6f4-93c290a4d3ee,2026-07-15T10:45:00Z,2026-07-15T12:45:00+0200,61.12,EUR/MWh,DK1,DK_1,imbalance_price,Short,2026-07-30T07:28:36Z
2026-07-30T07:25:17Z,2026-07-30T09:25:17+0200,e73b670a-bc29-4bfc-b6f4-93c290a4d3ee,2026-07-15T11:00:00Z,2026-07-15T13:00:00+0200,14.91,EUR/MWh,DK1,DK_1,imbalance_price,Long,2026-07-30T07:28:36Z
2026-07-30T07:25:17Z,2026-07-30T09:25:17+0200,e73b670a-bc29-4bfc-b6f4-93c290a4d3ee,2026-07-15T11:00:00Z,2026-07-15T13:00:00+0200,14.91,EUR/MWh,DK1,DK_1,imbalance_price,Short,2026-07-30T07:28:36Z
2026-07-30T07:25:17Z,2026-07-30T09:25:17+0200,e73b670a-bc29-4bfc-b6f4-93c290a4d3ee,2026-07-15T11:15:00Z,2026-07-15T13:15:00+0200,64.41,EUR/MWh,DK1,DK_1,imbalance_price,Long,2026-07-30T07:28:36Z
2026-07-30T07:25:17Z,2026-07-30T09:25:17+0200,e73b670a-bc29-4bfc-b6f4-93c290a4d3ee,2026-07-15T11:15:00Z,2026-07-15T13:15:00+0200,64.41,EUR/MWh,DK1,DK_1,imbalance_price,Short,2026-07-30T07:28:36Z
2026-07-30T07:25:17Z,2026-07-30T09:25:17+0200,e73b670a-bc29-4bfc-b6f4-93c290a4d3ee,2026-07-15T11:30:00Z,2026-07-15T13:30:00+0200,92.06,EUR/MWh,DK1,DK_1,imbalance_price,Long,2026-07-30T07:28:36Z
2026-07-30T07:25:17Z,2026-07-30T09:25:17+0200,e73b670a-bc29-4bfc-b6f4-93c290a4d3ee,2026-07-15T11:30:00Z,2026-07-15T13:30:00+0200,92.06,EUR/MWh,DK1,DK_1,imbalance_price,Short,2026-07-30T07:28:36Z
2026-07-30T07:25:17Z,2026-07-30T09:25:17+0200,e73b670a-bc29-4bfc-b6f4-93c290a4d3ee,2026-07-15T11:45:00Z,2026-07-15T13:45:00+0200,95.62,EUR/MWh,DK1,DK_1,imbalance_price,Long,2026-07-30T07:28:36Z
2026-07-30T07:25:17Z,2026-07-30T09:25:17+0200,e73b670a-bc29-4bfc-b6f4-93c290a4d3ee,2026-07-15T11:45:00Z,2026-07-15T13:45:00+0200,95.62,EUR/MWh,DK1,DK_1,imbalance_price,Short,2026-07-30T07:28:36Z
2026-07-30T07:25:17Z,2026-07-30T09:25:17+0200,e73b670a-bc29-4bfc-b6f4-93c290a4d3ee,2026-07-15T12:00:00Z,2026-07-15T14:00:00+0200,180.83,EUR/MWh,DK1,DK_1,imbalance_price,Long,2026-07-30T07:28:36Z
2026-07-30T07:25:17Z,2026-07-30T09:25:17+0200,e73b670a-bc29-4bfc-b6f4-93c290a4d3ee,2026-07-15T12:00:00Z,2026-07-15T14:00:00+0200,180.83,EUR/MWh,DK1,DK_1,imbalance_price,Short,2026-07-30T07:28:36Z
2026-07-30T07:25:17Z,2026-07-30T09:25:17+0200,e73b670a-bc29-4bfc-b6f4-93c290a4d3ee,2026-07-15T12:15:00Z,2026-07-15T14:15:00+0200,57.29,EUR/MWh,DK1,DK_1,imbalance_price,Long,2026-07-30T07:28:36Z
2026-07-30T07:25:17Z,2026-07-30T09:25:17+0200,e73b670a-bc29-4bfc-b6f4-93c290a4d3ee,2026-07-15T12:15:00Z,2026-07-15T14:15:00+0200,57.29,EUR/MWh,DK1,DK_1,imbalance_price,Short,2026-07-30T07:28:36Z
2026-07-30T07:25:17Z,2026-07-30T09:25:17+0200,e73b670a-bc29-4bfc-b6f4-93c290a4d3ee,2026-07-15T12:30:00Z,2026-07-15T14:30:00+0200,0.0,EUR/MWh,DK1,DK_1,imbalance_price,Long,2026-07-30T07:28:36Z
2026-07-30T07:25:17Z,2026-07-30T09:25:17+0200,e73b670a-bc29-4bfc-b6f4-93c290a4d3ee,2026-07-15T12:30:00Z,2026-07-15T14:30:00+0200,0.0,EUR/MWh,DK1,DK_1,imbalance_price,Short,2026-07-30T07:28:36Z
2026-07-30T07:25:17Z,2026-07-30T09:25:17+0200,e73b670a-bc29-4bfc-b6f4-93c290a4d3ee,2026-07-15T12:45:00Z,2026-07-15T14:45:00+0200,65.67,EUR/MWh,DK1,DK_1,imbalance_price,Long,2026-07-30T07:28:36Z
2026-07-30T07:25:17Z,2026-07-30T09:25:17+0200,e73b670a-bc29-4bfc-b6f4-93c290a4d3ee,2026-07-15T12:45:00Z,2026-07-15T14:45:00+0200,65.67,EUR/MWh,DK1,DK_1,imbalance_price,Short,2026-07-30T07:28:36Z
2026-07-30T07:25:17Z,2026-07-30T09:25:17+0200,e73b670a-bc29-4bfc-b6f4-93c290a4d3ee,2026-07-15T13:00:00Z,2026-07-15T15:00:00+0200,1.5,EUR/MWh,DK1,DK_1,imbalance_price,Long,2026-07-30T07:28:36Z
2026-07-30T07:25:17Z,2026-07-30T09:25:17+0200,e73b670a-bc29-4bfc-b6f4-93c290a4d3ee,2026-07-15T13:00:00Z,2026-07-15T15:00:00+0200,1.5,EUR/MWh,DK1,DK_1,imbalance_price,Short,2026-07-30T07:28:36Z
2026-07-30T07:25:17Z,2026-07-30T09:25:17+0200,e73b670a-bc29-4bfc-b6f4-93c290a4d3ee,2026-07-15T13:15:00Z,2026-07-15T15:15:00+0200,142.26,EUR/MWh,DK1,DK_1,imbalance_price,Long,2026-07-30T07:28:36Z
2026-07-30T07:25:17Z,2026-07-30T09:25:17+0200,e73b670a-bc29-4bfc-b6f4-93c290a4d3ee,2026-07-15T13:15:00Z,2026-07-15T15:15:00+0200,142.26,EUR/MWh,DK1,DK_1,imbalance_price,Short,2026-07-30T07:28:36Z
2026-07-30T07:25:17Z,2026-07-30T09:25:17+0200,e73b670a-bc29-4bfc-b6f4-93c290a4d3ee,2026-07-15T13:30:00Z,2026-07-15T15:30:00+0200,75.09,EUR/MWh,DK1,DK_1,imbalance_price,Long,2026-07-30T07:28:36Z
2026-07-30T07:25:17Z,2026-07-30T09:25:17+0200,e73b670a-bc29-4bfc-b6f4-93c290a4d3ee,2026-07-15T13:30:00Z,2026-07-15T15:30:00+0200,75.09,EUR/MWh,DK1,DK_1,imbalance_price,Short,2026-07-30T07:28:36Z
2026-07-30T07:25:17Z,2026-07-30T09:25:17+0200,e73b670a-bc29-4bfc-b6f4-93c290a4d3ee,2026-07-15T13:45:00Z,2026-07-15T15:45:00+0200,84.9,EUR/MWh,DK1,DK_1,imbalance_price,Long,2026-07-30T07:28:36Z
2026-07-30T07:25:17Z,2026-07-30T09:25:17+0200,e73b670a-bc29-4bfc-b6f4-93c290a4d3ee,2026-07-15T13:45:00Z,2026-07-15T15:45:00+0200,84.9,EUR/MWh,DK1,DK_1,imbalance_price,Short,2026-07-30T07:28:36Z
2026-07-30T07:25:17Z,2026-07-30T09:25:17+0200,e73b670a-bc29-4bfc-b6f4-93c290a4d3ee,2026-07-15T14:00:00Z,2026-07-15T16:00:00+0200,0.0,EUR/MWh,DK1,DK_1,imbalance_price,Long,2026-07-30T07:28:36Z
2026-07-30T07:25:17Z,2026-07-30T09:25:17+0200,e73b670a-bc29-4bfc-b6f4-93c290a4d3ee,2026-07-15T14:00:00Z,2026-07-15T16:00:00+0200,0.0,EUR/MWh,DK1,DK_1,imbalance_price,Short,2026-07-30T07:28:36Z
2026-07-30T07:25:17Z,2026-07-30T09:25:17+0200,e73b670a-bc29-4bfc-b6f4-93c290a4d3ee,2026-07-15T14:15:00Z,2026-07-15T16:15:00+0200,89.06,EUR/MWh,DK1,DK_1,imbalance_price,Long,2026-07-30T07:28:36Z
2026-07-30T07:25:17Z,2026-07-30T09:25:17+0200,e73b670a-bc29-4bfc-b6f4-93c290a4d3ee,2026-07-15T14:15:00Z,2026-07-15T16:15:00+0200,89.06,EUR/MWh,DK1,DK_1,imbalance_price,Short,2026-07-30T07:28:36Z
2026-07-30T07:25:17Z,2026-07-30T09:25:17+0200,e73b670a-bc29-4bfc-b6f4-93c290a4d3ee,2026-07-15T14:30:00Z,2026-07-15T16:30:00+0200,105.29,EUR/MWh,DK1,DK_1,imbalance_price,Long,2026-07-30T07:28:36Z
2026-07-30T07:25:17Z,2026-07-30T09:25:17+0200,e73b670a-bc29-4bfc-b6f4-93c290a4d3ee,2026-07-15T14:30:00Z,2026-07-15T16:30:00+0200,105.29,EUR/MWh,DK1,DK_1,imbalance_price,Short,2026-07-30T07:28:36Z
2026-07-30T07:25:17Z,2026-07-30T09:25:17+0200,e73b670a-bc29-4bfc-b6f4-93c290a4d3ee,2026-07-15T14:45:00Z,2026-07-15T16:45:00+0200,47.87,EUR/MWh,DK1,DK_1,imbalance_price,Long,2026-07-30T07:28:36Z
2026-07-30T07:25:17Z,2026-07-30T09:25:17+0200,e73b670a-bc29-4bfc-b6f4-93c290a4d3ee,2026-07-15T14:45:00Z,2026-07-15T16:45:00+0200,47.87,EUR/MWh,DK1,DK_1,imbalance_price,Short,2026-07-30T07:28:36Z
2026-07-30T07:25:17Z,2026-07-30T09:25:17+0200,e73b670a-bc29-4bfc-b6f4-93c290a4d3ee,2026-07-15T15:00:00Z,2026-07-15T17:00:00+0200,66.26,EUR/MWh,DK1,DK_1,imbalance_price,Long,2026-07-30T07:28:36Z
2026-07-30T07:25:17Z,2026-07-30T09:25:17+0200,e73b670a-bc29-4bfc-b6f4-93c290a4d3ee,2026-07-15T15:00:00Z,2026-07-15T17:00:00+0200,66.26,EUR/MWh,DK1,DK_1,imbalance_price,Short,2026-07-30T07:28:36Z
2026-07-30T07:25:17Z,2026-07-30T09:25:17+0200,e73b670a-bc29-4bfc-b6f4-93c290a4d3ee,2026-07-15T15:15:00Z,2026-07-15T17:15:00+0200,86.06,EUR/MWh,DK1,DK_1,imbalance_price,Long,2026-07-30T07:28:36Z
2026-07-30T07:25:17Z,2026-07-30T09:25:17+0200,e73b670a-bc29-4bfc-b6f4-93c290a4d3ee,2026-07-15T15:15:00Z,2026-07-15T17:15:00+0200,86.06,EUR/MWh,DK1,DK_1,imbalance_price,Short,2026-07-30T07:28:36Z
2026-07-30T07:25:17Z,2026-07-30T09:25:17+0200,e73b670a-bc29-4bfc-b6f4-93c290a4d3ee,2026-07-15T15:30:00Z,2026-07-15T17:30:00+0200,303.09,EUR/MWh,DK1,DK_1,imbalance_price,Long,2026-07-30T07:28:36Z
2026-07-30T07:25:17Z,2026-07-30T09:25:17+0200,e73b670a-bc29-4bfc-b6f4-93c290a4d3ee,2026-07-15T15:30:00Z,2026-07-15T17:30:00+0200,303.09,EUR/MWh,DK1,DK_1,imbalance_price,Short,2026-07-30T07:28:36Z
2026-07-30T07:25:17Z,2026-07-30T09:25:17+0200,e73b670a-bc29-4bfc-b6f4-93c290a4d3ee,2026-07-15T15:45:00Z,2026-07-15T17:45:00+0200,206.61,EUR/MWh,DK1,DK_1,imbalance_price,Long,2026-07-30T07:28:36Z
2026-07-30T07:25:17Z,2026-07-30T09:25:17+0200,e73b670a-bc29-4bfc-b6f4-93c290a4d3ee,2026-07-15T15:45:00Z,2026-07-15T17:45:00+0200,206.61,EUR/MWh,DK1,DK_1,imbalance_price,Short,2026-07-30T07:28:36Z
2026-07-30T07:25:17Z,2026-07-30T09:25:17+0200,e73b670a-bc29-4bfc-b6f4-93c290a4d3ee,2026-07-15T16:00:00Z,2026-07-15T18:00:00+0200,178.72,EUR/MWh,DK1,DK_1,imbalance_price,Long,2026-07-30T07:28:36Z
2026-07-30T07:25:17Z,2026-07-30T09:25:17+0200,e73b670a-bc29-4bfc-b6f4-93c290a4d3ee,2026-07-15T16:00:00Z,2026-07-15T18:00:00+0200,178.72,EUR/MWh,DK1,DK_1,imbalance_price,Short,2026-07-30T07:28:36Z
2026-07-30T07:25:17Z,2026-07-30T09:25:17+0200,e73b670a-bc29-4bfc-b6f4-93c290a4d3ee,2026-07-15T16:15:00Z,2026-07-15T18:15:00+0200,236.81,EUR/MWh,DK1,DK_1,imbalance_price,Long,2026-07-30T07:28:36Z
2026-07-30T07:25:17Z,2026-07-30T09:25:17+0200,e73b670a-bc29-4bfc-b6f4-93c290a4d3ee,2026-07-15T16:15:00Z,2026-07-15T18:15:00+0200,236.81,EUR/MWh,DK1,DK_1,imbalance_price,Short,2026-07-30T07:28:36Z
2026-07-30T07:25:17Z,2026-07-30T09:25:17+0200,e73b670a-bc29-4bfc-b6f4-93c290a4d3ee,2026-07-15T16:30:00Z,2026-07-15T18:30:00+0200,367.74,EUR/MWh,DK1,DK_1,imbalance_price,Long,2026-07-30T07:28:36Z
2026-07-30T07:25:17Z,2026-07-30T09:25:17+0200,e73b670a-bc29-4bfc-b6f4-93c290a4d3ee,2026-07-15T16:30:00Z,2026-07-15T18:30:00+0200,367.74,EUR/MWh,DK1,DK_1,imbalance_price,Short,2026-07-30T07:28:36Z
2026-07-30T07:25:17Z,2026-07-30T09:25:17+0200,e73b670a-bc29-4bfc-b6f4-93c290a4d3ee,2026-07-15T16:45:00Z,2026-07-15T18:45:00+0200,237.2,EUR/MWh,DK1,DK_1,imbalance_price,Long,2026-07-30T07:28:36Z
2026-07-30T07:25:17Z,2026-07-30T09:25:17+0200,e73b670a-bc29-4bfc-b6f4-93c290a4d3ee,2026-07-15T16:45:00Z,2026-07-15T18:45:00+0200,237.2,EUR/MWh,DK1,DK_1,imbalance_price,Short,2026-07-30T07:28:36Z
2026-07-30T07:25:17Z,2026-07-30T09:25:17+0200,e73b670a-bc29-4bfc-b6f4-93c290a4d3ee,2026-07-15T17:00:00Z,2026-07-15T19:00:00+0200,152.38,EUR/MWh,DK1,DK_1,imbalance_price,Long,2026-07-30T07:28:36Z
2026-07-30T07:25:17Z,2026-07-30T09:25:17+0200,e73b670a-bc29-4bfc-b6f4-93c290a4d3ee,2026-07-15T17:00:00Z,2026-07-15T19:00:00+0200,152.38,EUR/MWh,DK1,DK_1,imbalance_price,Short,2026-07-30T07:28:36Z
2026-07-30T07:25:17Z,2026-07-30T09:25:17+0200,e73b670a-bc29-4bfc-b6f4-93c290a4d3ee,2026-07-15T17:15:00Z,2026-07-15T19:15:00+0200,260.11,EUR/MWh,DK1,DK_1,imbalance_price,Long,2026-07-30T07:28:36Z
2026-07-30T07:25:17Z,2026-07-30T09:25:17+0200,e73b670a-bc29-4bfc-b6f4-93c290a4d3ee,2026-07-15T17:15:00Z,2026-07-15T19:15:00+0200,260.11,EUR/MWh,DK1,DK_1,imbalance_price,Short,2026-07-30T07:28:36Z
2026-07-30T07:25:17Z,2026-07-30T09:25:17+0200,e73b670a-bc29-4bfc-b6f4-93c290a4d3ee,2026-07-15T17:30:00Z,2026-07-15T19:30:00+0200,289.99,EUR/MWh,DK1,DK_1,imbalance_price,Long,2026-07-30T07:28:36Z
2026-07-30T07:25:17Z,2026-07-30T09:25:17+0200,e73b670a-bc29-4bfc-b6f4-93c290a4d3ee,2026-07-15T17:30:00Z,2026-07-15T19:30:00+0200,289.99,EUR/MWh,DK1,DK_1,imbalance_price,Short,2026-07-30T07:28:36Z
2026-07-30T07:25:17Z,2026-07-30T09:25:17+0200,e73b670a-bc29-4bfc-b6f4-93c290a4d3ee,2026-07-15T17:45:00Z,2026-07-15T19:45:00+0200,308.01,EUR/MWh,DK1,DK_1,imbalance_price,Long,2026-07-30T07:28:36Z
2026-07-30T07:25:17Z,2026-07-30T09:25:17+0200,e73b670a-bc29-4bfc-b6f4-93c290a4d3ee,2026-07-15T17:45:00Z,2026-07-15T19:45:00+0200,308.01,EUR/MWh,DK1,DK_1,imbalance_price,Short,2026-07-30T07:28:36Z
2026-07-30T07:25:17Z,2026-07-30T09:25:17+0200,e73b670a-bc29-4bfc-b6f4-93c290a4d3ee,2026-07-15T18:00:00Z,2026-07-15T20:00:00+0200,291.01,EUR/MWh,DK1,DK_1,imbalance_price,Long,2026-07-30T07:28:36Z
2026-07-30T07:25:17Z,2026-07-30T09:25:17+0200,e73b670a-bc29-4bfc-b6f4-93c290a4d3ee,2026-07-15T18:00:00Z,2026-07-15T20:00:00+0200,291.01,EUR/MWh,DK1,DK_1,imbalance_price,Short,2026-07-30T07:28:36Z
2026-07-30T07:25:17Z,2026-07-30T09:25:17+0200,e73b670a-bc29-4bfc-b6f4-93c290a4d3ee,2026-07-15T18:15:00Z,2026-07-15T20:15:00+0200,294.36,EUR/MWh,DK1,DK_1,imbalance_price,Long,2026-07-30T07:28:36Z
2026-07-30T07:25:17Z,2026-07-30T09:25:17+0200,e73b670a-bc29-4bfc-b6f4-93c290a4d3ee,2026-07-15T18:15:00Z,2026-07-15T20:15:00+0200,294.36,EUR/MWh,DK1,DK_1,imbalance_price,Short,2026-07-30T07:28:36Z
2026-07-30T07:25:17Z,2026-07-30T09:25:17+0200,e73b670a-bc29-4bfc-b6f4-93c290a4d3ee,2026-07-15T18:30:00Z,2026-07-15T20:30:00+0200,535.1,EUR/MWh,DK1,DK_1,imbalance_price,Long,2026-07-30T07:28:36Z
2026-07-30T07:25:17Z,2026-07-30T09:25:17+0200,e73b670a-bc29-4bfc-b6f4-93c290a4d3ee,2026-07-15T18:30:00Z,2026-07-15T20:30:00+0200,535.1,EUR/MWh,DK1,DK_1,imbalance_price,Short,2026-07-30T07:28:36Z
2026-07-30T07:25:17Z,2026-07-30T09:25:17+0200,e73b670a-bc29-4bfc-b6f4-93c290a4d3ee,2026-07-15T18:45:00Z,2026-07-15T20:45:00+0200,374.57,EUR/MWh,DK1,DK_1,imbalance_price,Long,2026-07-30T07:28:36Z
2026-07-30T07:25:17Z,2026-07-30T09:25:17+0200,e73b670a-bc29-4bfc-b6f4-93c290a4d3ee,2026-07-15T18:45:00Z,2026-07-15T20:45:00+0200,374.57,EUR/MWh,DK1,DK_1,imbalance_price,Short,2026-07-30T07:28:36Z
2026-07-30T07:25:17Z,2026-07-30T09:25:17+0200,e73b670a-bc29-4bfc-b6f4-93c290a4d3ee,2026-07-15T19:00:00Z,2026-07-15T21:00:00+0200,220.08,EUR/MWh,DK1,DK_1,imbalance_price,Long,2026-07-30T07:28:36Z
2026-07-30T07:25:17Z,2026-07-30T09:25:17+0200,e73b670a-bc29-4bfc-b6f4-93c290a4d3ee,2026-07-15T19:00:00Z,2026-07-15T21:00:00+0200,220.08,EUR/MWh,DK1,DK_1,imbalance_price,Short,2026-07-30T07:28:36Z
2026-07-30T07:25:17Z,2026-07-30T09:25:17+0200,e73b670a-bc29-4bfc-b6f4-93c290a4d3ee,2026-07-15T19:15:00Z,2026-07-15T21:15:00+0200,196.12,EUR/MWh,DK1,DK_1,imbalance_price,Long,2026-07-30T07:28:36Z
2026-07-30T07:25:17Z,2026-07-30T09:25:17+0200,e73b670a-bc29-4bfc-b6f4-93c290a4d3ee,2026-07-15T19:15:00Z,2026-07-15T21:15:00+0200,196.12,EUR/MWh,DK1,DK_1,imbalance_price,Short,2026-07-30T07:28:36Z
2026-07-30T07:25:17Z,2026-07-30T09:25:17+0200,e73b670a-bc29-4bfc-b6f4-93c290a4d3ee,2026-07-15T19:30:00Z,2026-07-15T21:30:00+0200,197.13,EUR/MWh,DK1,DK_1,imbalance_price,Long,2026-07-30T07:28:36Z
2026-07-30T07:25:17Z,2026-07-30T09:25:17+0200,e73b670a-bc29-4bfc-b6f4-93c290a4d3ee,2026-07-15T19:30:00Z,2026-07-15T21:30:00+0200,197.13,EUR/MWh,DK1,DK_1,imbalance_price,Short,2026-07-30T07:28:36Z
2026-07-30T07:25:17Z,2026-07-30T09:25:17+0200,e73b670a-bc29-4bfc-b6f4-93c290a4d3ee,2026-07-15T19:45:00Z,2026-07-15T21:45:00+0200,130.48,EUR/MWh,DK1,DK_1,imbalance_price,Long,2026-07-30T07:28:36Z
2026-07-30T07:25:17Z,2026-07-30T09:25:17+0200,e73b670a-bc29-4bfc-b6f4-93c290a4d3ee,2026-07-15T19:45:00Z,2026-07-15T21:45:00+0200,130.48,EUR/MWh,DK1,DK_1,imbalance_price,Short,2026-07-30T07:28:36Z
2026-07-30T07:25:17Z,2026-07-30T09:25:17+0200,e73b670a-bc29-4bfc-b6f4-93c290a4d3ee,2026-07-15T20:00:00Z,2026-07-15T22:00:00+0200,199.99,EUR/MWh,DK1,DK_1,imbalance_price,Long,2026-07-30T07:28:36Z
2026-07-30T07:25:17Z,2026-07-30T09:25:17+0200,e73b670a-bc29-4bfc-b6f4-93c290a4d3ee,2026-07-15T20:00:00Z,2026-07-15T22:00:00+0200,199.99,EUR/MWh,DK1,DK_1,imbalance_price,Short,2026-07-30T07:28:36Z
2026-07-30T07:25:17Z,2026-07-30T09:25:17+0200,e73b670a-bc29-4bfc-b6f4-93c290a4d3ee,2026-07-15T20:15:00Z,2026-07-15T22:15:00+0200,119.52,EUR/MWh,DK1,DK_1,imbalance_price,Long,2026-07-30T07:28:36Z
2026-07-30T07:25:17Z,2026-07-30T09:25:17+0200,e73b670a-bc29-4bfc-b6f4-93c290a4d3ee,2026-07-15T20:15:00Z,2026-07-15T22:15:00+0200,119.52,EUR/MWh,DK1,DK_1,imbalance_price,Short,2026-07-30T07:28:36Z
2026-07-30T07:25:17Z,2026-07-30T09:25:17+0200,e73b670a-bc29-4bfc-b6f4-93c290a4d3ee,2026-07-15T20:30:00Z,2026-07-15T22:30:00+0200,102.05,EUR/MWh,DK1,DK_1,imbalance_price,Long,2026-07-30T07:28:36Z
2026-07-30T07:25:17Z,2026-07-30T09:25:17+0200,e73b670a-bc29-4bfc-b6f4-93c290a4d3ee,2026-07-15T20:30:00Z,2026-07-15T22:30:00+0200,102.05,EUR/MWh,DK1,DK_1,imbalance_price,Short,2026-07-30T07:28:36Z
2026-07-30T07:25:17Z,2026-07-30T09:25:17+0200,e73b670a-bc29-4bfc-b6f4-93c290a4d3ee,2026-07-15T20:45:00Z,2026-07-15T22:45:00+0200,188.85,EUR/MWh,DK1,DK_1,imbalance_price,Long,2026-07-30T07:28:36Z
2026-07-30T07:25:17Z,2026-07-30T09:25:17+0200,e73b670a-bc29-4bfc-b6f4-93c290a4d3ee,2026-07-15T20:45:00Z,2026-07-15T22:45:00+0200,188.85,EUR/MWh,DK1,DK_1,imbalance_price,Short,2026-07-30T07:28:36Z
2026-07-30T07:25:17Z,2026-07-30T09:25:17+0200,e73b670a-bc29-4bfc-b6f4-93c290a4d3ee,2026-07-15T21:00:00Z,2026-07-15T23:00:00+0200,129.7,EUR/MWh,DK1,DK_1,imbalance_price,Long,2026-07-30T07:28:36Z
2026-07-30T07:25:17Z,2026-07-30T09:25:17+0200,e73b670a-bc29-4bfc-b6f4-93c290a4d3ee,2026-07-15T21:00:00Z,2026-07-15T23:00:00+0200,129.7,EUR/MWh,DK1,DK_1,imbalance_price,Short,2026-07-30T07:28:36Z
2026-07-30T07:25:17Z,2026-07-30T09:25:17+0200,e73b670a-bc29-4bfc-b6f4-93c290a4d3ee,2026-07-15T21:15:00Z,2026-07-15T23:15:00+0200,124.78,EUR/MWh,DK1,DK_1,imbalance_price,Long,2026-07-30T07:28:36Z
2026-07-30T07:25:17Z,2026-07-30T09:25:17+0200,e73b670a-bc29-4bfc-b6f4-93c290a4d3ee,2026-07-15T21:15:00Z,2026-07-15T23:15:00+0200,124.78,EUR/MWh,DK1,DK_1,imbalance_price,Short,2026-07-30T07:28:36Z
2026-07-30T07:25:17Z,2026-07-30T09:25:17+0200,e73b670a-bc29-4bfc-b6f4-93c290a4d3ee,2026-07-15T21:30:00Z,2026-07-15T23:30:00+0200,117.06,EUR/MWh,DK1,DK_1,imbalance_price,Long,2026-07-30T07:28:36Z
2026-07-30T07:25:17Z,2026-07-30T09:25:17+0200,e73b670a-bc29-4bfc-b6f4-93c290a4d3ee,2026-07-15T21:30:00Z,2026-07-15T23:30:00+0200,117.06,EUR/MWh,DK1,DK_1,imbalance_price,Short,2026-07-30T07:28:36Z
2026-07-30T07:25:17Z,2026-07-30T09:25:17+0200,e73b670a-bc29-4bfc-b6f4-93c290a4d3ee,2026-07-15T21:45:00Z,2026-07-15T23:45:00+0200,112.28,EUR/MWh,DK1,DK_1,imbalance_price,Long,2026-07-30T07:28:36Z
2026-07-30T07:25:17Z,2026-07-30T09:25:17+0200,e73b670a-bc29-4bfc-b6f4-93c290a4d3ee,2026-07-15T21:45:00Z,2026-07-15T23:45:00+0200,112.28,EUR/MWh,DK1,DK_1,imbalance_price,Short,2026-07-30T07:28:36Z
2026-07-30T07:25:17Z,2026-07-30T09:25:17+0200,e73b670a-bc29-4bfc-b6f4-93c290a4d3ee,2026-07-15T22:00:00Z,2026-07-16T00:00:00+0200,107.66,EUR/MWh,DK1,DK_1,imbalance_price,Long,2026-07-30T07:28:36Z
2026-07-30T07:25:17Z,2026-07-30T09:25:17+0200,e73b670a-bc29-4bfc-b6f4-93c290a4d3ee,2026-07-15T22:00:00Z,2026-07-16T00:00:00+0200,107.66,EUR/MWh,DK1,DK_1,imbalance_price,Short,2026-07-30T07:28:36Z
2026-07-30T07:25:17Z,2026-07-30T09:25:17+0200,e73b670a-bc29-4bfc-b6f4-93c290a4d3ee,2026-07-15T22:15:00Z,2026-07-16T00:15:00+0200,116.32,EUR/MWh,DK1,DK_1,imbalance_price,Long,2026-07-30T07:28:36Z
2026-07-30T07:25:17Z,2026-07-30T09:25:17+0200,e73b670a-bc29-4bfc-b6f4-93c290a4d3ee,2026-07-15T22:15:00Z,2026-07-16T00:15:00+0200,116.32,EUR/MWh,DK1,DK_1,imbalance_price,Short,2026-07-30T07:28:36Z
2026-07-30T07:25:17Z,2026-07-30T09:25:17+0200,e73b670a-bc29-4bfc-b6f4-93c290a4d3ee,2026-07-15T22:30:00Z,2026-07-16T00:30:00+0200,111.69,EUR/MWh,DK1,DK_1,imbalance_price,Long,2026-07-30T07:28:36Z
2026-07-30T07:25:17Z,2026-07-30T09:25:17+0200,e73b670a-bc29-4bfc-b6f4-93c290a4d3ee,2026-07-15T22:30:00Z,2026-07-16T00:30:00+0200,111.69,EUR/MWh,DK1,DK_1,imbalance_price,Short,2026-07-30T07:28:36Z
2026-07-30T07:25:17Z,2026-07-30T09:25:17+0200,e73b670a-bc29-4bfc-b6f4-93c290a4d3ee,2026-07-15T22:45:00Z,2026-07-16T00:45:00+0200,110.4,EUR/MWh,DK1,DK_1,imbalance_price,Long,2026-07-30T07:28:36Z
2026-07-30T07:25:17Z,2026-07-30T09:25:17+0200,e73b670a-bc29-4bfc-b6f4-93c290a4d3ee,2026-07-15T22:45:00Z,2026-07-16T00:45:00+0200,110.4,EUR/MWh,DK1,DK_1,imbalance_price,Short,2026-07-30T07:28:36Z
2026-07-30T07:25:17Z,2026-07-30T09:25:17+0200,e73b670a-bc29-4bfc-b6f4-93c290a4d3ee,2026-07-15T23:00:00Z,2026-07-16T01:00:00+0200,115.84,EUR/MWh,DK1,DK_1,imbalance_price,Long,2026-07-30T07:28:36Z
2026-07-30T07:25:17Z,2026-07-30T09:25:17+0200,e73b670a-bc29-4bfc-b6f4-93c290a4d3ee,2026-07-15T23:00:00Z,2026-07-16T01:00:00+0200,115.84,EUR/MWh,DK1,DK_1,imbalance_price,Short,2026-07-30T07:28:36Z
2026-07-30T07:25:17Z,2026-07-30T09:25:17+0200,e73b670a-bc29-4bfc-b6f4-93c290a4d3ee,2026-07-15T23:15:00Z,2026-07-16T01:15:00+0200,116.32,EUR/MWh,DK1,DK_1,imbalance_price,Long,2026-07-30T07:28:36Z
2026-07-30T07:25:17Z,2026-07-30T09:25:17+0200,e73b670a-bc29-4bfc-b6f4-93c290a4d3ee,2026-07-15T23:15:00Z,2026-07-16T01:15:00+0200,116.32,EUR/MWh,DK1,DK_1,imbalance_price,Short,2026-07-30T07:28:36Z
2026-07-30T07:25:17Z,2026-07-30T09:25:17+0200,e73b670a-bc29-4bfc-b6f4-93c290a4d3ee,2026-07-15T23:30:00Z,2026-07-16T01:30:00+0200,280.8,EUR/MWh,DK1,DK_1,imbalance_price,Long,2026-07-30T07:28:36Z
2026-07-30T07:25:17Z,2026-07-30T09:25:17+0200,e73b670a-bc29-4bfc-b6f4-93c290a4d3ee,2026-07-15T23:30:00Z,2026-07-16T01:30:00+0200,280.8,EUR/MWh,DK1,DK_1,imbalance_price,Short,2026-07-30T07:28:36Z
2026-07-30T07:25:17Z,2026-07-30T09:25:17+0200,e73b670a-bc29-4bfc-b6f4-93c290a4d3ee,2026-07-15T23:45:00Z,2026-07-16T01:45:00+0200,294.36,EUR/MWh,DK1,DK_1,imbalance_price,Long,2026-07-30T07:28:36Z
2026-07-30T07:25:17Z,2026-07-30T09:25:17+0200,e73b670a-bc29-4bfc-b6f4-93c290a4d3ee,2026-07-15T23:45:00Z,2026-07-16T01:45:00+0200,294.36,EUR/MWh,DK1,DK_1,imbalance_price,Short,2026-07-30T07:28:36Z
2026-07-30T07:25:17Z,2026-07-30T09:25:17+0200,e73b670a-bc29-4bfc-b6f4-93c290a4d3ee,2026-07-16T00:00:00Z,2026-07-16T02:00:00+0200,254.17,EUR/MWh,DK1,DK_1,imbalance_price,Long,2026-07-30T07:28:36Z
2026-07-30T07:25:17Z,2026-07-30T09:25:17+0200,e73b670a-bc29-4bfc-b6f4-93c290a4d3ee,2026-07-16T00:00:00Z,2026-07-16T02:00:00+0200,254.17,EUR/MWh,DK1,DK_1,imbalance_price,Short,2026-07-30T07:28:36Z
2026-07-30T07:25:17Z,2026-07-30T09:25:17+0200,e73b670a-bc29-4bfc-b6f4-93c290a4d3ee,2026-07-16T00:15:00Z,2026-07-16T02:15:00+0200,154.67,EUR/MWh,DK1,DK_1,imbalance_price,Long,2026-07-30T07:28:36Z
2026-07-30T07:25:17Z,2026-07-30T09:25:17+0200,e73b670a-bc29-4bfc-b6f4-93c290a4d3ee,2026-07-16T00:15:00Z,2026-07-16T02:15:00+0200,154.67,EUR/MWh,DK1,DK_1,imbalance_price,Short,2026-07-30T07:28:36Z
2026-07-30T07:25:17Z,2026-07-30T09:25:17+0200,e73b670a-bc29-4bfc-b6f4-93c290a4d3ee,2026-07-16T00:30:00Z,2026-07-16T02:30:00+0200,122.5,EUR/MWh,DK1,DK_1,imbalance_price,Long,2026-07-30T07:28:36Z
2026-07-30T07:25:17Z,2026-07-30T09:25:17+0200,e73b670a-bc29-4bfc-b6f4-93c290a4d3ee,2026-07-16T00:30:00Z,2026-07-16T02:30:00+0200,122.5,EUR/MWh,DK1,DK_1,imbalance_price,Short,2026-07-30T07:28:36Z
2026-07-30T07:25:17Z,2026-07-30T09:25:17+0200,e73b670a-bc29-4bfc-b6f4-93c290a4d3ee,2026-07-16T00:45:00Z,2026-07-16T02:45:00+0200,148.37,EUR/MWh,DK1,DK_1,imbalance_price,Long,2026-07-30T07:28:36Z
2026-07-30T07:25:17Z,2026-07-30T09:25:17+0200,e73b670a-bc29-4bfc-b6f4-93c290a4d3ee,2026-07-16T00:45:00Z,2026-07-16T02:45:00+0200,148.37,EUR/MWh,DK1,DK_1,imbalance_price,Short,2026-07-30T07:28:36Z
2026-07-30T07:25:17Z,2026-07-30T09:25:17+0200,e73b670a-bc29-4bfc-b6f4-93c290a4d3ee,2026-07-16T01:00:00Z,2026-07-16T03:00:00+0200,121.85,EUR/MWh,DK1,DK_1,imbalance_price,Long,2026-07-30T07:28:36Z
2026-07-30T07:25:17Z,2026-07-30T09:25:17+0200,e73b670a-bc29-4bfc-b6f4-93c290a4d3ee,2026-07-16T01:00:00Z,2026-07-16T03:00:00+0200,121.85,EUR/MWh,DK1,DK_1,imbalance_price,Short,2026-07-30T07:28:36Z
2026-07-30T07:25:17Z,2026-07-30T09:25:17+0200,e73b670a-bc29-4bfc-b6f4-93c290a4d3ee,2026-07-16T01:15:00Z,2026-07-16T03:15:00+0200,121.4,EUR/MWh,DK1,DK_1,imbalance_price,Long,2026-07-30T07:28:36Z
2026-07-30T07:25:17Z,2026-07-30T09:25:17+0200,e73b670a-bc29-4bfc-b6f4-93c290a4d3ee,2026-07-16T01:15:00Z,2026-07-16T03:15:00+0200,121.4,EUR/MWh,DK1,DK_1,imbalance_price,Short,2026-07-30T07:28:36Z
2026-07-30T07:25:17Z,2026-07-30T09:25:17+0200,e73b670a-bc29-4bfc-b6f4-93c290a4d3ee,2026-07-16T01:30:00Z,2026-07-16T03:30:00+0200,148.08,EUR/MWh,DK1,DK_1,imbalance_price,Long,2026-07-30T07:28:36Z
2026-07-30T07:25:17Z,2026-07-30T09:25:17+0200,e73b670a-bc29-4bfc-b6f4-93c290a4d3ee,2026-07-16T01:30:00Z,2026-07-16T03:30:00+0200,148.08,EUR/MWh,DK1,DK_1,imbalance_price,Short,2026-07-30T07:28:36Z
2026-07-30T07:25:17Z,2026-07-30T09:25:17+0200,e73b670a-bc29-4bfc-b6f4-93c290a4d3ee,2026-07-16T01:45:00Z,2026-07-16T03:45:00+0200,148.17,EUR/MWh,DK1,DK_1,imbalance_price,Long,2026-07-30T07:28:36Z
2026-07-30T07:25:17Z,2026-07-30T09:25:17+0200,e73b670a-bc29-4bfc-b6f4-93c290a4d3ee,2026-07-16T01:45:00Z,2026-07-16T03:45:00+0200,148.17,EUR/MWh,DK1,DK_1,imbalance_price,Short,2026-07-30T07:28:36Z
2026-07-30T07:25:17Z,2026-07-30T09:25:17+0200,e73b670a-bc29-4bfc-b6f4-93c290a4d3ee,2026-07-16T02:00:00Z,2026-07-16T04:00:00+0200,148.48,EUR/MWh,DK1,DK_1,imbalance_price,Long,2026-07-30T07:28:36Z
2026-07-30T07:25:17Z,2026-07-30T09:25:17+0200,e73b670a-bc29-4bfc-b6f4-93c290a4d3ee,2026-07-16T02:00:00Z,2026-07-16T04:00:00+0200,148.48,EUR/MWh,DK1,DK_1,imbalance_price,Short,2026-07-30T07:28:36Z
2026-07-30T07:25:17Z,2026-07-30T09:25:17+0200,e73b670a-bc29-4bfc-b6f4-93c290a4d3ee,2026-07-16T02:15:00Z,2026-07-16T04:15:00+0200,150.13,EUR/MWh,DK1,DK_1,imbalance_price,Long,2026-07-30T07:28:36Z
2026-07-30T07:25:17Z,2026-07-30T09:25:17+0200,e73b670a-bc29-4bfc-b6f4-93c290a4d3ee,2026-07-16T02:15:00Z,2026-07-16T04:15:00+0200,150.13,EUR/MWh,DK1,DK_1,imbalance_price,Short,2026-07-30T07:28:36Z
2026-07-30T07:25:17Z,2026-07-30T09:25:17+0200,e73b670a-bc29-4bfc-b6f4-93c290a4d3ee,2026-07-16T02:30:00Z,2026-07-16T04:30:00+0200,153.82,EUR/MWh,DK1,DK_1,imbalance_price,Long,2026-07-30T07:28:36Z
2026-07-30T07:25:17Z,2026-07-30T09:25:17+0200,e73b670a-bc29-4bfc-b6f4-93c290a4d3ee,2026-07-16T02:30:00Z,2026-07-16T04:30:00+0200,153.82,EUR/MWh,DK1,DK_1,imbalance_price,Short,2026-07-30T07:28:36Z
2026-07-30T07:25:17Z,2026-07-30T09:25:17+0200,e73b670a-bc29-4bfc-b6f4-93c290a4d3ee,2026-07-16T02:45:00Z,2026-07-16T04:45:00+0200,154.96,EUR/MWh,DK1,DK_1,imbalance_price,Long,2026-07-30T07:28:36Z
2026-07-30T07:25:17Z,2026-07-30T09:25:17+0200,e73b670a-bc29-4bfc-b6f4-93c290a4d3ee,2026-07-16T02:45:00Z,2026-07-16T04:45:00+0200,154.96,EUR/MWh,DK1,DK_1,imbalance_price,Short,2026-07-30T07:28:36Z
2026-07-30T07:25:17Z,2026-07-30T09:25:17+0200,e73b670a-bc29-4bfc-b6f4-93c290a4d3ee,2026-07-16T03:00:00Z,2026-07-16T05:00:00+0200,203.75,EUR/MWh,DK1,DK_1,imbalance_price,Long,2026-07-30T07:28:36Z
2026-07-30T07:25:17Z,2026-07-30T09:25:17+0200,e73b670a-bc29-4bfc-b6f4-93c290a4d3ee,2026-07-16T03:00:00Z,2026-07-16T05:00:00+0200,203.75,EUR/MWh,DK1,DK_1,imbalance_price,Short,2026-07-30T07:28:36Z
2026-07-30T07:25:17Z,2026-07-30T09:25:17+0200,e73b670a-bc29-4bfc-b6f4-93c290a4d3ee,2026-07-16T03:15:00Z,2026-07-16T05:15:00+0200,232.0,EUR/MWh,DK1,DK_1,imbalance_price,Long,2026-07-30T07:28:36Z
2026-07-30T07:25:17Z,2026-07-30T09:25:17+0200,e73b670a-bc29-4bfc-b6f4-93c290a4d3ee,2026-07-16T03:15:00Z,2026-07-16T05:15:00+0200,232.0,EUR/MWh,DK1,DK_1,imbalance_price,Short,2026-07-30T07:28:36Z
2026-07-30T07:25:17Z,2026-07-30T09:25:17+0200,e73b670a-bc29-4bfc-b6f4-93c290a4d3ee,2026-07-16T03:30:00Z,2026-07-16T05:30:00+0200,160.29,EUR/MWh,DK1,DK_1,imbalance_price,Long,2026-07-30T07:28:36Z
2026-07-30T07:25:17Z,2026-07-30T09:25:17+0200,e73b670a-bc29-4bfc-b6f4-93c290a4d3ee,2026-07-16T03:30:00Z,2026-07-16T05:30:00+0200,160.29,EUR/MWh,DK1,DK_1,imbalance_price,Short,2026-07-30T07:28:36Z
2026-07-30T07:25:17Z,2026-07-30T09:25:17+0200,e73b670a-bc29-4bfc-b6f4-93c290a4d3ee,2026-07-16T03:45:00Z,2026-07-16T05:45:00+0200,163.28,EUR/MWh,DK1,DK_1,imbalance_price,Long,2026-07-30T07:28:36Z
2026-07-30T07:25:17Z,2026-07-30T09:25:17+0200,e73b670a-bc29-4bfc-b6f4-93c290a4d3ee,2026-07-16T03:45:00Z,2026-07-16T05:45:00+0200,163.28,EUR/MWh,DK1,DK_1,imbalance_price,Short,2026-07-30T07:28:36Z
2026-07-30T07:25:17Z,2026-07-30T09:25:17+0200,e73b670a-bc29-4bfc-b6f4-93c290a4d3ee,2026-07-16T04:00:00Z,2026-07-16T06:00:00+0200,124.0,EUR/MWh,DK1,DK_1,imbalance_price,Long,2026-07-30T07:28:36Z
2026-07-30T07:25:17Z,2026-07-30T09:25:17+0200,e73b670a-bc29-4bfc-b6f4-93c290a4d3ee,2026-07-16T04:00:00Z,2026-07-16T06:00:00+0200,124.0,EUR/MWh,DK1,DK_1,imbalance_price,Short,2026-07-30T07:28:36Z
2026-07-30T07:25:17Z,2026-07-30T09:25:17+0200,e73b670a-bc29-4bfc-b6f4-93c290a4d3ee,2026-07-16T04:15:00Z,2026-07-16T06:15:00+0200,123.6,EUR/MWh,DK1,DK_1,imbalance_price,Long,2026-07-30T07:28:36Z
2026-07-30T07:25:17Z,2026-07-30T09:25:17+0200,e73b670a-bc29-4bfc-b6f4-93c290a4d3ee,2026-07-16T04:15:00Z,2026-07-16T06:15:00+0200,123.6,EUR/MWh,DK1,DK_1,imbalance_price,Short,2026-07-30T07:28:36Z
2026-07-30T07:25:17Z,2026-07-30T09:25:17+0200,e73b670a-bc29-4bfc-b6f4-93c290a4d3ee,2026-07-16T04:30:00Z,2026-07-16T06:30:00+0200,125.0,EUR/MWh,DK1,DK_1,imbalance_price,Long,2026-07-30T07:28:36Z
2026-07-30T07:25:17Z,2026-07-30T09:25:17+0200,e73b670a-bc29-4bfc-b6f4-93c290a4d3ee,2026-07-16T04:30:00Z,2026-07-16T06:30:00+0200,125.0,EUR/MWh,DK1,DK_1,imbalance_price,Short,2026-07-30T07:28:36Z
2026-07-30T07:25:17Z,2026-07-30T09:25:17+0200,e73b670a-bc29-4bfc-b6f4-93c290a4d3ee,2026-07-16T04:45:00Z,2026-07-16T06:45:00+0200,174.43,EUR/MWh,DK1,DK_1,imbalance_price,Long,2026-07-30T07:28:36Z
2026-07-30T07:25:17Z,2026-07-30T09:25:17+0200,e73b670a-bc29-4bfc-b6f4-93c290a4d3ee,2026-07-16T04:45:00Z,2026-07-16T06:45:00+0200,174.43,EUR/MWh,DK1,DK_1,imbalance_price,Short,2026-07-30T07:28:36Z
2026-07-30T07:25:17Z,2026-07-30T09:25:17+0200,e73b670a-bc29-4bfc-b6f4-93c290a4d3ee,2026-07-16T05:00:00Z,2026-07-16T07:00:00+0200,132.0,EUR/MWh,DK1,DK_1,imbalance_price,Long,2026-07-30T07:28:36Z
2026-07-30T07:25:17Z,2026-07-30T09:25:17+0200,e73b670a-bc29-4bfc-b6f4-93c290a4d3ee,2026-07-16T05:00:00Z,2026-07-16T07:00:00+0200,132.0,EUR/MWh,DK1,DK_1,imbalance_price,Short,2026-07-30T07:28:36Z
2026-07-30T07:25:17Z,2026-07-30T09:25:17+0200,e73b670a-bc29-4bfc-b6f4-93c290a4d3ee,2026-07-16T05:15:00Z,2026-07-16T07:15:00+0200,253.9,EUR/MWh,DK1,DK_1,imbalance_price,Long,2026-07-30T07:28:36Z
2026-07-30T07:25:17Z,2026-07-30T09:25:17+0200,e73b670a-bc29-4bfc-b6f4-93c290a4d3ee,2026-07-16T05:15:00Z,2026-07-16T07:15:00+0200,253.9,EUR/MWh,DK1,DK_1,imbalance_price,Short,2026-07-30T07:28:36Z
2026-07-30T07:25:17Z,2026-07-30T09:25:17+0200,e73b670a-bc29-4bfc-b6f4-93c290a4d3ee,2026-07-16T05:30:00Z,2026-07-16T07:30:00+0200,171.34,EUR/MWh,DK1,DK_1,imbalance_price,Long,2026-07-30T07:28:36Z
2026-07-30T07:25:17Z,2026-07-30T09:25:17+0200,e73b670a-bc29-4bfc-b6f4-93c290a4d3ee,2026-07-16T05:30:00Z,2026-07-16T07:30:00+0200,171.34,EUR/MWh,DK1,DK_1,imbalance_price,Short,2026-07-30T07:28:36Z
2026-07-30T07:25:17Z,2026-07-30T09:25:17+0200,e73b670a-bc29-4bfc-b6f4-93c290a4d3ee,2026-07-16T05:45:00Z,2026-07-16T07:45:00+0200,267.6,EUR/MWh,DK1,DK_1,imbalance_price,Long,2026-07-30T07:28:36Z
2026-07-30T07:25:17Z,2026-07-30T09:25:17+0200,e73b670a-bc29-4bfc-b6f4-93c290a4d3ee,2026-07-16T05:45:00Z,2026-07-16T07:45:00+0200,267.6,EUR/MWh,DK1,DK_1,imbalance_price,Short,2026-07-30T07:28:36Z
2026-07-30T07:25:17Z,2026-07-30T09:25:17+0200,e73b670a-bc29-4bfc-b6f4-93c290a4d3ee,2026-07-16T06:00:00Z,2026-07-16T08:00:00+0200,78.36,EUR/MWh,DK1,DK_1,imbalance_price,Long,2026-07-30T07:28:36Z
2026-07-30T07:25:17Z,2026-07-30T09:25:17+0200,e73b670a-bc29-4bfc-b6f4-93c290a4d3ee,2026-07-16T06:00:00Z,2026-07-16T08:00:00+0200,78.36,EUR/MWh,DK1,DK_1,imbalance_price,Short,2026-07-30T07:28:36Z
2026-07-30T07:25:17Z,2026-07-30T09:25:17+0200,e73b670a-bc29-4bfc-b6f4-93c290a4d3ee,2026-07-16T06:15:00Z,2026-07-16T08:15:00+0200,87.62,EUR/MWh,DK1,DK_1,imbalance_price,Long,2026-07-30T07:28:36Z
2026-07-30T07:25:17Z,2026-07-30T09:25:17+0200,e73b670a-bc29-4bfc-b6f4-93c290a4d3ee,2026-07-16T06:15:00Z,2026-07-16T08:15:00+0200,87.62,EUR/MWh,DK1,DK_1,imbalance_price,Short,2026-07-30T07:28:36Z
2026-07-30T07:25:17Z,2026-07-30T09:25:17+0200,e73b670a-bc29-4bfc-b6f4-93c290a4d3ee,2026-07-16T06:30:00Z,2026-07-16T08:30:00+0200,158.88,EUR/MWh,DK1,DK_1,imbalance_price,Long,2026-07-30T07:28:36Z
2026-07-30T07:25:17Z,2026-07-30T09:25:17+0200,e73b670a-bc29-4bfc-b6f4-93c290a4d3ee,2026-07-16T06:30:00Z,2026-07-16T08:30:00+0200,158.88,EUR/MWh,DK1,DK_1,imbalance_price,Short,2026-07-30T07:28:36Z
2026-07-30T07:25:17Z,2026-07-30T09:25:17+0200,e73b670a-bc29-4bfc-b6f4-93c290a4d3ee,2026-07-16T06:45:00Z,2026-07-16T08:45:00+0200,87.92,EUR/MWh,DK1,DK_1,imbalance_price,Long,2026-07-30T07:28:36Z
2026-07-30T07:25:17Z,2026-07-30T09:25:17+0200,e73b670a-bc29-4bfc-b6f4-93c290a4d3ee,2026-07-16T06:45:00Z,2026-07-16T08:45:00+0200,87.92,EUR/MWh,DK1,DK_1,imbalance_price,Short,2026-07-30T07:28:36Z
2026-07-30T07:25:17Z,2026-07-30T09:25:17+0200,e73b670a-bc29-4bfc-b6f4-93c290a4d3ee,2026-07-16T07:00:00Z,2026-07-16T09:00:00+0200,152.98,EUR/MWh,DK1,DK_1,imbalance_price,Long,2026-07-30T07:28:36Z
2026-07-30T07:25:17Z,2026-07-30T09:25:17+0200,e73b670a-bc29-4bfc-b6f4-93c290a4d3ee,2026-07-16T07:00:00Z,2026-07-16T09:00:00+0200,152.98,EUR/MWh,DK1,DK_1,imbalance_price,Short,2026-07-30T07:28:36Z
2026-07-30T07:25:17Z,2026-07-30T09:25:17+0200,e73b670a-bc29-4bfc-b6f4-93c290a4d3ee,2026-07-16T07:15:00Z,2026-07-16T09:15:00+0200,117.91,EUR/MWh,DK1,DK_1,imbalance_price,Long,2026-07-30T07:28:36Z
2026-07-30T07:25:17Z,2026-07-30T09:25:17+0200,e73b670a-bc29-4bfc-b6f4-93c290a4d3ee,2026-07-16T07:15:00Z,2026-07-16T09:15:00+0200,117.91,EUR/MWh,DK1,DK_1,imbalance_price,Short,2026-07-30T07:28:36Z
2026-07-30T07:25:17Z,2026-07-30T09:25:17+0200,e73b670a-bc29-4bfc-b6f4-93c290a4d3ee,2026-07-16T07:30:00Z,2026-07-16T09:30:00+0200,133.16,EUR/MWh,DK1,DK_1,imbalance_price,Long,2026-07-30T07:28:36Z
2026-07-30T07:25:17Z,2026-07-30T09:25:17+0200,e73b670a-bc29-4bfc-b6f4-93c290a4d3ee,2026-07-16T07:30:00Z,2026-07-16T09:30:00+0200,133.16,EUR/MWh,DK1,DK_1,imbalance_price,Short,2026-07-30T07:28:36Z
2026-07-30T07:25:17Z,2026-07-30T09:25:17+0200,e73b670a-bc29-4bfc-b6f4-93c290a4d3ee,2026-07-16T07:45:00Z,2026-07-16T09:45:00+0200,70.67,EUR/MWh,DK1,DK_1,imbalance_price,Long,2026-07-30T07:28:36Z
2026-07-30T07:25:17Z,2026-07-30T09:25:17+0200,e73b670a-bc29-4bfc-b6f4-93c290a4d3ee,2026-07-16T07:45:00Z,2026-07-16T09:45:00+0200,70.67,EUR/MWh,DK1,DK_1,imbalance_price,Short,2026-07-30T07:28:36Z
2026-07-30T07:25:17Z,2026-07-30T09:25:17+0200,e73b670a-bc29-4bfc-b6f4-93c290a4d3ee,2026-07-16T08:00:00Z,2026-07-16T10:00:00+0200,139.38,EUR/MWh,DK1,DK_1,imbalance_price,Long,2026-07-30T07:28:36Z
2026-07-30T07:25:17Z,2026-07-30T09:25:17+0200,e73b670a-bc29-4bfc-b6f4-93c290a4d3ee,2026-07-16T08:00:00Z,2026-07-16T10:00:00+0200,139.38,EUR/MWh,DK1,DK_1,imbalance_price,Short,2026-07-30T07:28:36Z
2026-07-30T07:25:17Z,2026-07-30T09:25:17+0200,e73b670a-bc29-4bfc-b6f4-93c290a4d3ee,2026-07-16T08:15:00Z,2026-07-16T10:15:00+0200,178.36,EUR/MWh,DK1,DK_1,imbalance_price,Long,2026-07-30T07:28:36Z
2026-07-30T07:25:17Z,2026-07-30T09:25:17+0200,e73b670a-bc29-4bfc-b6f4-93c290a4d3ee,2026-07-16T08:15:00Z,2026-07-16T10:15:00+0200,178.36,EUR/MWh,DK1,DK_1,imbalance_price,Short,2026-07-30T07:28:36Z
2026-07-30T07:25:17Z,2026-07-30T09:25:17+0200,e73b670a-bc29-4bfc-b6f4-93c290a4d3ee,2026-07-16T08:30:00Z,2026-07-16T10:30:00+0200,187.16,EUR/MWh,DK1,DK_1,imbalance_price,Long,2026-07-30T07:28:36Z
2026-07-30T07:25:17Z,2026-07-30T09:25:17+0200,e73b670a-bc29-4bfc-b6f4-93c290a4d3ee,2026-07-16T08:30:00Z,2026-07-16T10:30:00+0200,187.16,EUR/MWh,DK1,DK_1,imbalance_price,Short,2026-07-30T07:28:36Z
2026-07-30T07:25:17Z,2026-07-30T09:25:17+0200,e73b670a-bc29-4bfc-b6f4-93c290a4d3ee,2026-07-16T08:45:00Z,2026-07-16T10:45:00+0200,294.31,EUR/MWh,DK1,DK_1,imbalance_price,Long,2026-07-30T07:28:36Z
2026-07-30T07:25:17Z,2026-07-30T09:25:17+0200,e73b670a-bc29-4bfc-b6f4-93c290a4d3ee,2026-07-16T08:45:00Z,2026-07-16T10:45:00+0200,294.31,EUR/MWh,DK1,DK_1,imbalance_price,Short,2026-07-30T07:28:36Z
2026-07-30T07:25:17Z,2026-07-30T09:25:17+0200,e73b670a-bc29-4bfc-b6f4-93c290a4d3ee,2026-07-16T09:00:00Z,2026-07-16T11:00:00+0200,113.55,EUR/MWh,DK1,DK_1,imbalance_price,Long,2026-07-30T07:28:36Z
2026-07-30T07:25:17Z,2026-07-30T09:25:17+0200,e73b670a-bc29-4bfc-b6f4-93c290a4d3ee,2026-07-16T09:00:00Z,2026-07-16T11:00:00+0200,113.55,EUR/MWh,DK1,DK_1,imbalance_price,Short,2026-07-30T07:28:36Z
2026-07-30T07:25:17Z,2026-07-30T09:25:17+0200,e73b670a-bc29-4bfc-b6f4-93c290a4d3ee,2026-07-16T09:15:00Z,2026-07-16T11:15:00+0200,77.73,EUR/MWh,DK1,DK_1,imbalance_price,Long,2026-07-30T07:28:36Z
2026-07-30T07:25:17Z,2026-07-30T09:25:17+0200,e73b670a-bc29-4bfc-b6f4-93c290a4d3ee,2026-07-16T09:15:00Z,2026-07-16T11:15:00+0200,77.73,EUR/MWh,DK1,DK_1,imbalance_price,Short,2026-07-30T07:28:36Z
2026-07-30T07:25:17Z,2026-07-30T09:25:17+0200,e73b670a-bc29-4bfc-b6f4-93c290a4d3ee,2026-07-16T09:30:00Z,2026-07-16T11:30:00+0200,77.71,EUR/MWh,DK1,DK_1,imbalance_price,Long,2026-07-30T07:28:36Z
2026-07-30T07:25:17Z,2026-07-30T09:25:17+0200,e73b670a-bc29-4bfc-b6f4-93c290a4d3ee,2026-07-16T09:30:00Z,2026-07-16T11:30:00+0200,77.71,EUR/MWh,DK1,DK_1,imbalance_price,Short,2026-07-30T07:28:36Z
2026-07-30T07:25:17Z,2026-07-30T09:25:17+0200,e73b670a-bc29-4bfc-b6f4-93c290a4d3ee,2026-07-16T09:45:00Z,2026-07-16T11:45:00+0200,19.73,EUR/MWh,DK1,DK_1,imbalance_price,Long,2026-07-30T07:28:36Z
2026-07-30T07:25:17Z,2026-07-30T09:25:17+0200,e73b670a-bc29-4bfc-b6f4-93c290a4d3ee,2026-07-16T09:45:00Z,2026-07-16T11:45:00+0200,19.73,EUR/MWh,DK1,DK_1,imbalance_price,Short,2026-07-30T07:28:36Z
2026-07-30T07:25:17Z,2026-07-30T09:25:17+0200,e73b670a-bc29-4bfc-b6f4-93c290a4d3ee,2026-07-16T10:00:00Z,2026-07-16T12:00:00+0200,99.5,EUR/MWh,DK1,DK_1,imbalance_price,Long,2026-07-30T07:28:36Z
2026-07-30T07:25:17Z,2026-07-30T09:25:17+0200,e73b670a-bc29-4bfc-b6f4-93c290a4d3ee,2026-07-16T10:00:00Z,2026-07-16T12:00:00+0200,99.5,EUR/MWh,DK1,DK_1,imbalance_price,Short,2026-07-30T07:28:36Z
2026-07-30T07:25:17Z,2026-07-30T09:25:17+0200,e73b670a-bc29-4bfc-b6f4-93c290a4d3ee,2026-07-16T10:15:00Z,2026-07-16T12:15:00+0200,7.79,EUR/MWh,DK1,DK_1,imbalance_price,Long,2026-07-30T07:28:36Z
2026-07-30T07:25:17Z,2026-07-30T09:25:17+0200,e73b670a-bc29-4bfc-b6f4-93c290a4d3ee,2026-07-16T10:15:00Z,2026-07-16T12:15:00+0200,7.79,EUR/MWh,DK1,DK_1,imbalance_price,Short,2026-07-30T07:28:36Z
2026-07-30T07:25:17Z,2026-07-30T09:25:17+0200,e73b670a-bc29-4bfc-b6f4-93c290a4d3ee,2026-07-16T10:30:00Z,2026-07-16T12:30:00+0200,92.9,EUR/MWh,DK1,DK_1,imbalance_price,Long,2026-07-30T07:28:36Z
2026-07-30T07:25:17Z,2026-07-30T09:25:17+0200,e73b670a-bc29-4bfc-b6f4-93c290a4d3ee,2026-07-16T10:30:00Z,2026-07-16T12:30:00+0200,92.9,EUR/MWh,DK1,DK_1,imbalance_price,Short,2026-07-30T07:28:36Z
2026-07-30T07:25:17Z,2026-07-30T09:25:17+0200,e73b670a-bc29-4bfc-b6f4-93c290a4d3ee,2026-07-16T10:45:00Z,2026-07-16T12:45:00+0200,91.41,EUR/MWh,DK1,DK_1,imbalance_price,Long,2026-07-30T07:28:36Z
2026-07-30T07:25:17Z,2026-07-30T09:25:17+0200,e73b670a-bc29-4bfc-b6f4-93c290a4d3ee,2026-07-16T10:45:00Z,2026-07-16T12:45:00+0200,91.41,EUR/MWh,DK1,DK_1,imbalance_price,Short,2026-07-30T07:28:36Z
2026-07-30T07:25:17Z,2026-07-30T09:25:17+0200,e73b670a-bc29-4bfc-b6f4-93c290a4d3ee,2026-07-16T11:00:00Z,2026-07-16T13:00:00+0200,92.17,EUR/MWh,DK1,DK_1,imbalance_price,Long,2026-07-30T07:28:36Z
2026-07-30T07:25:17Z,2026-07-30T09:25:17+0200,e73b670a-bc29-4bfc-b6f4-93c290a4d3ee,2026-07-16T11:00:00Z,2026-07-16T13:00:00+0200,92.17,EUR/MWh,DK1,DK_1,imbalance_price,Short,2026-07-30T07:28:36Z
2026-07-30T07:25:17Z,2026-07-30T09:25:17+0200,e73b670a-bc29-4bfc-b6f4-93c290a4d3ee,2026-07-16T11:15:00Z,2026-07-16T13:15:00+0200,119.9,EUR/MWh,DK1,DK_1,imbalance_price,Long,2026-07-30T07:28:36Z
2026-07-30T07:25:17Z,2026-07-30T09:25:17+0200,e73b670a-bc29-4bfc-b6f4-93c290a4d3ee,2026-07-16T11:15:00Z,2026-07-16T13:15:00+0200,119.9,EUR/MWh,DK1,DK_1,imbalance_price,Short,2026-07-30T07:28:36Z
2026-07-30T07:25:17Z,2026-07-30T09:25:17+0200,e73b670a-bc29-4bfc-b6f4-93c290a4d3ee,2026-07-16T11:30:00Z,2026-07-16T13:30:00+0200,83.57,EUR/MWh,DK1,DK_1,imbalance_price,Long,2026-07-30T07:28:36Z
2026-07-30T07:25:17Z,2026-07-30T09:25:17+0200,e73b670a-bc29-4bfc-b6f4-93c290a4d3ee,2026-07-16T11:30:00Z,2026-07-16T13:30:00+0200,83.57,EUR/MWh,DK1,DK_1,imbalance_price,Short,2026-07-30T07:28:36Z
2026-07-30T07:25:17Z,2026-07-30T09:25:17+0200,e73b670a-bc29-4bfc-b6f4-93c290a4d3ee,2026-07-16T11:45:00Z,2026-07-16T13:45:00+0200,109.66,EUR/MWh,DK1,DK_1,imbalance_price,Long,2026-07-30T07:28:36Z
2026-07-30T07:25:17Z,2026-07-30T09:25:17+0200,e73b670a-bc29-4bfc-b6f4-93c290a4d3ee,2026-07-16T11:45:00Z,2026-07-16T13:45:00+0200,109.66,EUR/MWh,DK1,DK_1,imbalance_price,Short,2026-07-30T07:28:36Z
2026-07-30T07:25:17Z,2026-07-30T09:25:17+0200,e73b670a-bc29-4bfc-b6f4-93c290a4d3ee,2026-07-16T12:00:00Z,2026-07-16T14:00:00+0200,109.57,EUR/MWh,DK1,DK_1,imbalance_price,Long,2026-07-30T07:28:36Z
2026-07-30T07:25:17Z,2026-07-30T09:25:17+0200,e73b670a-bc29-4bfc-b6f4-93c290a4d3ee,2026-07-16T12:00:00Z,2026-07-16T14:00:00+0200,109.57,EUR/MWh,DK1,DK_1,imbalance_price,Short,2026-07-30T07:28:36Z
2026-07-30T07:25:17Z,2026-07-30T09:25:17+0200,e73b670a-bc29-4bfc-b6f4-93c290a4d3ee,2026-07-16T12:15:00Z,2026-07-16T14:15:00+0200,175.85,EUR/MWh,DK1,DK_1,imbalance_price,Long,2026-07-30T07:28:36Z
2026-07-30T07:25:17Z,2026-07-30T09:25:17+0200,e73b670a-bc29-4bfc-b6f4-93c290a4d3ee,2026-07-16T12:15:00Z,2026-07-16T14:15:00+0200,175.85,EUR/MWh,DK1,DK_1,imbalance_price,Short,2026-07-30T07:28:36Z
2026-07-30T07:25:17Z,2026-07-30T09:25:17+0200,e73b670a-bc29-4bfc-b6f4-93c290a4d3ee,2026-07-16T12:30:00Z,2026-07-16T14:30:00+0200,12.03,EUR/MWh,DK1,DK_1,imbalance_price,Long,2026-07-30T07:28:36Z
2026-07-30T07:25:17Z,2026-07-30T09:25:17+0200,e73b670a-bc29-4bfc-b6f4-93c290a4d3ee,2026-07-16T12:30:00Z,2026-07-16T14:30:00+0200,12.03,EUR/MWh,DK1,DK_1,imbalance_price,Short,2026-07-30T07:28:36Z
2026-07-30T07:25:17Z,2026-07-30T09:25:17+0200,e73b670a-bc29-4bfc-b6f4-93c290a4d3ee,2026-07-16T12:45:00Z,2026-07-16T14:45:00+0200,93.64,EUR/MWh,DK1,DK_1,imbalance_price,Long,2026-07-30T07:28:36Z
2026-07-30T07:25:17Z,2026-07-30T09:25:17+0200,e73b670a-bc29-4bfc-b6f4-93c290a4d3ee,2026-07-16T12:45:00Z,2026-07-16T14:45:00+0200,93.64,EUR/MWh,DK1,DK_1,imbalance_price,Short,2026-07-30T07:28:36Z
2026-07-30T07:25:17Z,2026-07-30T09:25:17+0200,e73b670a-bc29-4bfc-b6f4-93c290a4d3ee,2026-07-16T13:00:00Z,2026-07-16T15:00:00+0200,105.42,EUR/MWh,DK1,DK_1,imbalance_price,Long,2026-07-30T07:28:36Z
2026-07-30T07:25:17Z,2026-07-30T09:25:17+0200,e73b670a-bc29-4bfc-b6f4-93c290a4d3ee,2026-07-16T13:00:00Z,2026-07-16T15:00:00+0200,105.42,EUR/MWh,DK1,DK_1,imbalance_price,Short,2026-07-30T07:28:36Z
2026-07-30T07:25:17Z,2026-07-30T09:25:17+0200,e73b670a-bc29-4bfc-b6f4-93c290a4d3ee,2026-07-16T13:15:00Z,2026-07-16T15:15:00+0200,12.03,EUR/MWh,DK1,DK_1,imbalance_price,Long,2026-07-30T07:28:36Z
2026-07-30T07:25:17Z,2026-07-30T09:25:17+0200,e73b670a-bc29-4bfc-b6f4-93c290a4d3ee,2026-07-16T13:15:00Z,2026-07-16T15:15:00+0200,12.03,EUR/MWh,DK1,DK_1,imbalance_price,Short,2026-07-30T07:28:36Z
2026-07-30T07:25:17Z,2026-07-30T09:25:17+0200,e73b670a-bc29-4bfc-b6f4-93c290a4d3ee,2026-07-16T13:30:00Z,2026-07-16T15:30:00+0200,190.51,EUR/MWh,DK1,DK_1,imbalance_price,Long,2026-07-30T07:28:36Z
2026-07-30T07:25:17Z,2026-07-30T09:25:17+0200,e73b670a-bc29-4bfc-b6f4-93c290a4d3ee,2026-07-16T13:30:00Z,2026-07-16T15:30:00+0200,190.51,EUR/MWh,DK1,DK_1,imbalance_price,Short,2026-07-30T07:28:36Z
2026-07-30T07:25:17Z,2026-07-30T09:25:17+0200,e73b670a-bc29-4bfc-b6f4-93c290a4d3ee,2026-07-16T13:45:00Z,2026-07-16T15:45:00+0200,154.58,EUR/MWh,DK1,DK_1,imbalance_price,Long,2026-07-30T07:28:36Z
2026-07-30T07:25:17Z,2026-07-30T09:25:17+0200,e73b670a-bc29-4bfc-b6f4-93c290a4d3ee,2026-07-16T13:45:00Z,2026-07-16T15:45:00+0200,154.58,EUR/MWh,DK1,DK_1,imbalance_price,Short,2026-07-30T07:28:36Z
2026-07-30T07:25:17Z,2026-07-30T09:25:17+0200,e73b670a-bc29-4bfc-b6f4-93c290a4d3ee,2026-07-16T14:00:00Z,2026-07-16T16:00:00+0200,105.78,EUR/MWh,DK1,DK_1,imbalance_price,Long,2026-07-30T07:28:36Z
2026-07-30T07:25:17Z,2026-07-30T09:25:17+0200,e73b670a-bc29-4bfc-b6f4-93c290a4d3ee,2026-07-16T14:00:00Z,2026-07-16T16:00:00+0200,105.78,EUR/MWh,DK1,DK_1,imbalance_price,Short,2026-07-30T07:28:36Z
2026-07-30T07:25:17Z,2026-07-30T09:25:17+0200,e73b670a-bc29-4bfc-b6f4-93c290a4d3ee,2026-07-16T14:15:00Z,2026-07-16T16:15:00+0200,171.63,EUR/MWh,DK1,DK_1,imbalance_price,Long,2026-07-30T07:28:36Z
2026-07-30T07:25:17Z,2026-07-30T09:25:17+0200,e73b670a-bc29-4bfc-b6f4-93c290a4d3ee,2026-07-16T14:15:00Z,2026-07-16T16:15:00+0200,171.63,EUR/MWh,DK1,DK_1,imbalance_price,Short,2026-07-30T07:28:36Z
2026-07-30T07:25:17Z,2026-07-30T09:25:17+0200,e73b670a-bc29-4bfc-b6f4-93c290a4d3ee,2026-07-16T14:30:00Z,2026-07-16T16:30:00+0200,182.29,EUR/MWh,DK1,DK_1,imbalance_price,Long,2026-07-30T07:28:36Z
2026-07-30T07:25:17Z,2026-07-30T09:25:17+0200,e73b670a-bc29-4bfc-b6f4-93c290a4d3ee,2026-07-16T14:30:00Z,2026-07-16T16:30:00+0200,182.29,EUR/MWh,DK1,DK_1,imbalance_price,Short,2026-07-30T07:28:36Z
2026-07-30T07:25:17Z,2026-07-30T09:25:17+0200,e73b670a-bc29-4bfc-b6f4-93c290a4d3ee,2026-07-16T14:45:00Z,2026-07-16T16:45:00+0200,178.0,EUR/MWh,DK1,DK_1,imbalance_price,Long,2026-07-30T07:28:36Z
2026-07-30T07:25:17Z,2026-07-30T09:25:17+0200,e73b670a-bc29-4bfc-b6f4-93c290a4d3ee,2026-07-16T14:45:00Z,2026-07-16T16:45:00+0200,178.0,EUR/MWh,DK1,DK_1,imbalance_price,Short,2026-07-30T07:28:36Z
2026-07-30T07:25:17Z,2026-07-30T09:25:17+0200,e73b670a-bc29-4bfc-b6f4-93c290a4d3ee,2026-07-16T15:00:00Z,2026-07-16T17:00:00+0200,124.51,EUR/MWh,DK1,DK_1,imbalance_price,Long,2026-07-30T07:28:36Z
2026-07-30T07:25:17Z,2026-07-30T09:25:17+0200,e73b670a-bc29-4bfc-b6f4-93c290a4d3ee,2026-07-16T15:00:00Z,2026-07-16T17:00:00+0200,124.51,EUR/MWh,DK1,DK_1,imbalance_price,Short,2026-07-30T07:28:36Z
2026-07-30T07:25:17Z,2026-07-30T09:25:17+0200,e73b670a-bc29-4bfc-b6f4-93c290a4d3ee,2026-07-16T15:15:00Z,2026-07-16T17:15:00+0200,130.75,EUR/MWh,DK1,DK_1,imbalance_price,Long,2026-07-30T07:28:36Z
2026-07-30T07:25:17Z,2026-07-30T09:25:17+0200,e73b670a-bc29-4bfc-b6f4-93c290a4d3ee,2026-07-16T15:15:00Z,2026-07-16T17:15:00+0200,130.75,EUR/MWh,DK1,DK_1,imbalance_price,Short,2026-07-30T07:28:36Z
2026-07-30T07:25:17Z,2026-07-30T09:25:17+0200,e73b670a-bc29-4bfc-b6f4-93c290a4d3ee,2026-07-16T15:30:00Z,2026-07-16T17:30:00+0200,264.63,EUR/MWh,DK1,DK_1,imbalance_price,Long,2026-07-30T07:28:36Z
2026-07-30T07:25:17Z,2026-07-30T09:25:17+0200,e73b670a-bc29-4bfc-b6f4-93c290a4d3ee,2026-07-16T15:30:00Z,2026-07-16T17:30:00+0200,264.63,EUR/MWh,DK1,DK_1,imbalance_price,Short,2026-07-30T07:28:36Z
2026-07-30T07:25:17Z,2026-07-30T09:25:17+0200,e73b670a-bc29-4bfc-b6f4-93c290a4d3ee,2026-07-16T15:45:00Z,2026-07-16T17:45:00+0200,253.81,EUR/MWh,DK1,DK_1,imbalance_price,Long,2026-07-30T07:28:36Z
2026-07-30T07:25:17Z,2026-07-30T09:25:17+0200,e73b670a-bc29-4bfc-b6f4-93c290a4d3ee,2026-07-16T15:45:00Z,2026-07-16T17:45:00+0200,253.81,EUR/MWh,DK1,DK_1,imbalance_price,Short,2026-07-30T07:28:36Z
2026-07-30T07:25:17Z,2026-07-30T09:25:17+0200,e73b670a-bc29-4bfc-b6f4-93c290a4d3ee,2026-07-16T16:00:00Z,2026-07-16T18:00:00+0200,197.03,EUR/MWh,DK1,DK_1,imbalance_price,Long,2026-07-30T07:28:36Z
2026-07-30T07:25:17Z,2026-07-30T09:25:17+0200,e73b670a-bc29-4bfc-b6f4-93c290a4d3ee,2026-07-16T16:00:00Z,2026-07-16T18:00:00+0200,197.03,EUR/MWh,DK1,DK_1,imbalance_price,Short,2026-07-30T07:28:36Z
2026-07-30T07:25:17Z,2026-07-30T09:25:17+0200,e73b670a-bc29-4bfc-b6f4-93c290a4d3ee,2026-07-16T16:15:00Z,2026-07-16T18:15:00+0200,214.03,EUR/MWh,DK1,DK_1,imbalance_price,Long,2026-07-30T07:28:36Z
2026-07-30T07:25:17Z,2026-07-30T09:25:17+0200,e73b670a-bc29-4bfc-b6f4-93c290a4d3ee,2026-07-16T16:15:00Z,2026-07-16T18:15:00+0200,214.03,EUR/MWh,DK1,DK_1,imbalance_price,Short,2026-07-30T07:28:36Z
2026-07-30T07:25:17Z,2026-07-30T09:25:17+0200,e73b670a-bc29-4bfc-b6f4-93c290a4d3ee,2026-07-16T16:30:00Z,2026-07-16T18:30:00+0200,155.53,EUR/MWh,DK1,DK_1,imbalance_price,Long,2026-07-30T07:28:36Z
2026-07-30T07:25:17Z,2026-07-30T09:25:17+0200,e73b670a-bc29-4bfc-b6f4-93c290a4d3ee,2026-07-16T16:30:00Z,2026-07-16T18:30:00+0200,155.53,EUR/MWh,DK1,DK_1,imbalance_price,Short,2026-07-30T07:28:36Z
2026-07-30T07:25:17Z,2026-07-30T09:25:17+0200,e73b670a-bc29-4bfc-b6f4-93c290a4d3ee,2026-07-16T16:45:00Z,2026-07-16T18:45:00+0200,208.68,EUR/MWh,DK1,DK_1,imbalance_price,Long,2026-07-30T07:28:36Z
2026-07-30T07:25:17Z,2026-07-30T09:25:17+0200,e73b670a-bc29-4bfc-b6f4-93c290a4d3ee,2026-07-16T16:45:00Z,2026-07-16T18:45:00+0200,208.68,EUR/MWh,DK1,DK_1,imbalance_price,Short,2026-07-30T07:28:36Z
2026-07-30T07:25:17Z,2026-07-30T09:25:17+0200,e73b670a-bc29-4bfc-b6f4-93c290a4d3ee,2026-07-16T17:00:00Z,2026-07-16T19:00:00+0200,253.64,EUR/MWh,DK1,DK_1,imbalance_price,Long,2026-07-30T07:28:36Z
2026-07-30T07:25:17Z,2026-07-30T09:25:17+0200,e73b670a-bc29-4bfc-b6f4-93c290a4d3ee,2026-07-16T17:00:00Z,2026-07-16T19:00:00+0200,253.64,EUR/MWh,DK1,DK_1,imbalance_price,Short,2026-07-30T07:28:36Z
2026-07-30T07:25:17Z,2026-07-30T09:25:17+0200,e73b670a-bc29-4bfc-b6f4-93c290a4d3ee,2026-07-16T17:15:00Z,2026-07-16T19:15:00+0200,214.92,EUR/MWh,DK1,DK_1,imbalance_price,Long,2026-07-30T07:28:36Z
2026-07-30T07:25:17Z,2026-07-30T09:25:17+0200,e73b670a-bc29-4bfc-b6f4-93c290a4d3ee,2026-07-16T17:15:00Z,2026-07-16T19:15:00+0200,214.92,EUR/MWh,DK1,DK_1,imbalance_price,Short,2026-07-30T07:28:36Z
2026-07-30T07:25:17Z,2026-07-30T09:25:17+0200,e73b670a-bc29-4bfc-b6f4-93c290a4d3ee,2026-07-16T17:30:00Z,2026-07-16T19:30:00+0200,139.5,EUR/MWh,DK1,DK_1,imbalance_price,Long,2026-07-30T07:28:36Z
2026-07-30T07:25:17Z,2026-07-30T09:25:17+0200,e73b670a-bc29-4bfc-b6f4-93c290a4d3ee,2026-07-16T17:30:00Z,2026-07-16T19:30:00+0200,139.5,EUR/MWh,DK1,DK_1,imbalance_price,Short,2026-07-30T07:28:36Z
2026-07-30T07:25:17Z,2026-07-30T09:25:17+0200,e73b670a-bc29-4bfc-b6f4-93c290a4d3ee,2026-07-16T17:45:00Z,2026-07-16T19:45:00+0200,301.35,EUR/MWh,DK1,DK_1,imbalance_price,Long,2026-07-30T07:28:36Z
2026-07-30T07:25:17Z,2026-07-30T09:25:17+0200,e73b670a-bc29-4bfc-b6f4-93c290a4d3ee,2026-07-16T17:45:00Z,2026-07-16T19:45:00+0200,301.35,EUR/MWh,DK1,DK_1,imbalance_price,Short,2026-07-30T07:28:36Z
2026-07-30T07:25:17Z,2026-07-30T09:25:17+0200,e73b670a-bc29-4bfc-b6f4-93c290a4d3ee,2026-07-16T18:00:00Z,2026-07-16T20:00:00+0200,117.51,EUR/MWh,DK1,DK_1,imbalance_price,Long,2026-07-30T07:28:36Z
2026-07-30T07:25:17Z,2026-07-30T09:25:17+0200,e73b670a-bc29-4bfc-b6f4-93c290a4d3ee,2026-07-16T18:00:00Z,2026-07-16T20:00:00+0200,117.51,EUR/MWh,DK1,DK_1,imbalance_price,Short,2026-07-30T07:28:36Z
2026-07-30T07:25:17Z,2026-07-30T09:25:17+0200,e73b670a-bc29-4bfc-b6f4-93c290a4d3ee,2026-07-16T18:15:00Z,2026-07-16T20:15:00+0200,127.96,EUR/MWh,DK1,DK_1,imbalance_price,Long,2026-07-30T07:28:36Z
2026-07-30T07:25:17Z,2026-07-30T09:25:17+0200,e73b670a-bc29-4bfc-b6f4-93c290a4d3ee,2026-07-16T18:15:00Z,2026-07-16T20:15:00+0200,127.96,EUR/MWh,DK1,DK_1,imbalance_price,Short,2026-07-30T07:28:36Z
2026-07-30T07:25:17Z,2026-07-30T09:25:17+0200,e73b670a-bc29-4bfc-b6f4-93c290a4d3ee,2026-07-16T18:30:00Z,2026-07-16T20:30:00+0200,130.0,EUR/MWh,DK1,DK_1,imbalance_price,Long,2026-07-30T07:28:36Z
2026-07-30T07:25:17Z,2026-07-30T09:25:17+0200,e73b670a-bc29-4bfc-b6f4-93c290a4d3ee,2026-07-16T18:30:00Z,2026-07-16T20:30:00+0200,130.0,EUR/MWh,DK1,DK_1,imbalance_price,Short,2026-07-30T07:28:36Z
2026-07-30T07:25:17Z,2026-07-30T09:25:17+0200,e73b670a-bc29-4bfc-b6f4-93c290a4d3ee,2026-07-16T18:45:00Z,2026-07-16T20:45:00+0200,130.0,EUR/MWh,DK1,DK_1,imbalance_price,Long,2026-07-30T07:28:36Z
2026-07-30T07:25:17Z,2026-07-30T09:25:17+0200,e73b670a-bc29-4bfc-b6f4-93c290a4d3ee,2026-07-16T18:45:00Z,2026-07-16T20:45:00+0200,130.0,EUR/MWh,DK1,DK_1,imbalance_price,Short,2026-07-30T07:28:36Z
2026-07-30T07:25:17Z,2026-07-30T09:25:17+0200,e73b670a-bc29-4bfc-b6f4-93c290a4d3ee,2026-07-16T19:00:00Z,2026-07-16T21:00:00+0200,112.77,EUR/MWh,DK1,DK_1,imbalance_price,Long,2026-07-30T07:28:36Z
2026-07-30T07:25:17Z,2026-07-30T09:25:17+0200,e73b670a-bc29-4bfc-b6f4-93c290a4d3ee,2026-07-16T19:00:00Z,2026-07-16T21:00:00+0200,112.77,EUR/MWh,DK1,DK_1,imbalance_price,Short,2026-07-30T07:28:36Z
2026-07-30T07:25:17Z,2026-07-30T09:25:17+0200,e73b670a-bc29-4bfc-b6f4-93c290a4d3ee,2026-07-16T19:15:00Z,2026-07-16T21:15:00+0200,273.78,EUR/MWh,DK1,DK_1,imbalance_price,Long,2026-07-30T07:28:36Z
2026-07-30T07:25:17Z,2026-07-30T09:25:17+0200,e73b670a-bc29-4bfc-b6f4-93c290a4d3ee,2026-07-16T19:15:00Z,2026-07-16T21:15:00+0200,273.78,EUR/MWh,DK1,DK_1,imbalance_price,Short,2026-07-30T07:28:36Z
2026-07-30T07:25:17Z,2026-07-30T09:25:17+0200,e73b670a-bc29-4bfc-b6f4-93c290a4d3ee,2026-07-16T19:30:00Z,2026-07-16T21:30:00+0200,111.76,EUR/MWh,DK1,DK_1,imbalance_price,Long,2026-07-30T07:28:36Z
2026-07-30T07:25:17Z,2026-07-30T09:25:17+0200,e73b670a-bc29-4bfc-b6f4-93c290a4d3ee,2026-07-16T19:30:00Z,2026-07-16T21:30:00+0200,111.76,EUR/MWh,DK1,DK_1,imbalance_price,Short,2026-07-30T07:28:36Z
2026-07-30T07:25:17Z,2026-07-30T09:25:17+0200,e73b670a-bc29-4bfc-b6f4-93c290a4d3ee,2026-07-16T19:45:00Z,2026-07-16T21:45:00+0200,203.75,EUR/MWh,DK1,DK_1,imbalance_price,Long,2026-07-30T07:28:36Z
2026-07-30T07:25:17Z,2026-07-30T09:25:17+0200,e73b670a-bc29-4bfc-b6f4-93c290a4d3ee,2026-07-16T19:45:00Z,2026-07-16T21:45:00+0200,203.75,EUR/MWh,DK1,DK_1,imbalance_price,Short,2026-07-30T07:28:36Z
2026-07-30T07:25:17Z,2026-07-30T09:25:17+0200,e73b670a-bc29-4bfc-b6f4-93c290a4d3ee,2026-07-16T20:00:00Z,2026-07-16T22:00:00+0200,115.13,EUR/MWh,DK1,DK_1,imbalance_price,Long,2026-07-30T07:28:36Z
2026-07-30T07:25:17Z,2026-07-30T09:25:17+0200,e73b670a-bc29-4bfc-b6f4-93c290a4d3ee,2026-07-16T20:00:00Z,2026-07-16T22:00:00+0200,115.13,EUR/MWh,DK1,DK_1,imbalance_price,Short,2026-07-30T07:28:36Z
2026-07-30T07:25:17Z,2026-07-30T09:25:17+0200,e73b670a-bc29-4bfc-b6f4-93c290a4d3ee,2026-07-16T20:15:00Z,2026-07-16T22:15:00+0200,112.13,EUR/MWh,DK1,DK_1,imbalance_price,Long,2026-07-30T07:28:36Z
2026-07-30T07:25:17Z,2026-07-30T09:25:17+0200,e73b670a-bc29-4bfc-b6f4-93c290a4d3ee,2026-07-16T20:15:00Z,2026-07-16T22:15:00+0200,112.13,EUR/MWh,DK1,DK_1,imbalance_price,Short,2026-07-30T07:28:36Z
2026-07-30T07:25:17Z,2026-07-30T09:25:17+0200,e73b670a-bc29-4bfc-b6f4-93c290a4d3ee,2026-07-16T20:30:00Z,2026-07-16T22:30:00+0200,129.99,EUR/MWh,DK1,DK_1,imbalance_price,Long,2026-07-30T07:28:36Z
2026-07-30T07:25:17Z,2026-07-30T09:25:17+0200,e73b670a-bc29-4bfc-b6f4-93c290a4d3ee,2026-07-16T20:30:00Z,2026-07-16T22:30:00+0200,129.99,EUR/MWh,DK1,DK_1,imbalance_price,Short,2026-07-30T07:28:36Z
2026-07-30T07:25:17Z,2026-07-30T09:25:17+0200,e73b670a-bc29-4bfc-b6f4-93c290a4d3ee,2026-07-16T20:45:00Z,2026-07-16T22:45:00+0200,129.1,EUR/MWh,DK1,DK_1,imbalance_price,Long,2026-07-30T07:28:36Z
2026-07-30T07:25:17Z,2026-07-30T09:25:17+0200,e73b670a-bc29-4bfc-b6f4-93c290a4d3ee,2026-07-16T20:45:00Z,2026-07-16T22:45:00+0200,129.1,EUR/MWh,DK1,DK_1,imbalance_price,Short,2026-07-30T07:28:36Z
2026-07-30T07:25:17Z,2026-07-30T09:25:17+0200,e73b670a-bc29-4bfc-b6f4-93c290a4d3ee,2026-07-16T21:00:00Z,2026-07-16T23:00:00+0200,130.0,EUR/MWh,DK1,DK_1,imbalance_price,Long,2026-07-30T07:28:36Z
2026-07-30T07:25:17Z,2026-07-30T09:25:17+0200,e73b670a-bc29-4bfc-b6f4-93c290a4d3ee,2026-07-16T21:00:00Z,2026-07-16T23:00:00+0200,130.0,EUR/MWh,DK1,DK_1,imbalance_price,Short,2026-07-30T07:28:36Z
2026-07-30T07:25:17Z,2026-07-30T09:25:17+0200,e73b670a-bc29-4bfc-b6f4-93c290a4d3ee,2026-07-16T21:15:00Z,2026-07-16T23:15:00+0200,180.6,EUR/MWh,DK1,DK_1,imbalance_price,Long,2026-07-30T07:28:36Z
2026-07-30T07:25:17Z,2026-07-30T09:25:17+0200,e73b670a-bc29-4bfc-b6f4-93c290a4d3ee,2026-07-16T21:15:00Z,2026-07-16T23:15:00+0200,180.6,EUR/MWh,DK1,DK_1,imbalance_price,Short,2026-07-30T07:28:36Z
2026-07-30T07:25:17Z,2026-07-30T09:25:17+0200,e73b670a-bc29-4bfc-b6f4-93c290a4d3ee,2026-07-16T21:30:00Z,2026-07-16T23:30:00+0200,175.1,EUR/MWh,DK1,DK_1,imbalance_price,Long,2026-07-30T07:28:36Z
2026-07-30T07:25:17Z,2026-07-30T09:25:17+0200,e73b670a-bc29-4bfc-b6f4-93c290a4d3ee,2026-07-16T21:30:00Z,2026-07-16T23:30:00+0200,175.1,EUR/MWh,DK1,DK_1,imbalance_price,Short,2026-07-30T07:28:36Z
2026-07-30T07:25:17Z,2026-07-30T09:25:17+0200,e73b670a-bc29-4bfc-b6f4-93c290a4d3ee,2026-07-16T21:45:00Z,2026-07-16T23:45:00+0200,177.92,EUR/MWh,DK1,DK_1,imbalance_price,Long,2026-07-30T07:28:36Z
2026-07-30T07:25:17Z,2026-07-30T09:25:17+0200,e73b670a-bc29-4bfc-b6f4-93c290a4d3ee,2026-07-16T21:45:00Z,2026-07-16T23:45:00+0200,177.92,EUR/MWh,DK1,DK_1,imbalance_price,Short,2026-07-30T07:28:36Z
2026-07-30T07:25:17Z,2026-07-30T09:25:17+0200,e73b670a-bc29-4bfc-b6f4-93c290a4d3ee,2026-07-16T22:00:00Z,2026-07-17T00:00:00+0200,267.6,EUR/MWh,DK1,DK_1,imbalance_price,Long,2026-07-30T07:28:36Z
2026-07-30T07:25:17Z,2026-07-30T09:25:17+0200,e73b670a-bc29-4bfc-b6f4-93c290a4d3ee,2026-07-16T22:00:00Z,2026-07-17T00:00:00+0200,267.6,EUR/MWh,DK1,DK_1,imbalance_price,Short,2026-07-30T07:28:36Z
2026-07-30T07:25:17Z,2026-07-30T09:25:17+0200,e73b670a-bc29-4bfc-b6f4-93c290a4d3ee,2026-07-16T22:15:00Z,2026-07-17T00:15:00+0200,229.58,EUR/MWh,DK1,DK_1,imbalance_price,Long,2026-07-30T07:28:36Z
2026-07-30T07:25:17Z,2026-07-30T09:25:17+0200,e73b670a-bc29-4bfc-b6f4-93c290a4d3ee,2026-07-16T22:15:00Z,2026-07-17T00:15:00+0200,229.58,EUR/MWh,DK1,DK_1,imbalance_price,Short,2026-07-30T07:28:36Z
2026-07-30T07:25:17Z,2026-07-30T09:25:17+0200,e73b670a-bc29-4bfc-b6f4-93c290a4d3ee,2026-07-16T22:30:00Z,2026-07-17T00:30:00+0200,361.26,EUR/MWh,DK1,DK_1,imbalance_price,Long,2026-07-30T07:28:36Z
2026-07-30T07:25:17Z,2026-07-30T09:25:17+0200,e73b670a-bc29-4bfc-b6f4-93c290a4d3ee,2026-07-16T22:30:00Z,2026-07-17T00:30:00+0200,361.26,EUR/MWh,DK1,DK_1,imbalance_price,Short,2026-07-30T07:28:36Z
2026-07-30T07:25:17Z,2026-07-30T09:25:17+0200,e73b670a-bc29-4bfc-b6f4-93c290a4d3ee,2026-07-16T22:45:00Z,2026-07-17T00:45:00+0200,468.3,EUR/MWh,DK1,DK_1,imbalance_price,Long,2026-07-30T07:28:36Z
2026-07-30T07:25:17Z,2026-07-30T09:25:17+0200,e73b670a-bc29-4bfc-b6f4-93c290a4d3ee,2026-07-16T22:45:00Z,2026-07-17T00:45:00+0200,468.3,EUR/MWh,DK1,DK_1,imbalance_price,Short,2026-07-30T07:28:36Z
2026-07-30T07:25:17Z,2026-07-30T09:25:17+0200,e73b670a-bc29-4bfc-b6f4-93c290a4d3ee,2026-07-16T23:00:00Z,2026-07-17T01:00:00+0200,267.6,EUR/MWh,DK1,DK_1,imbalance_price,Long,2026-07-30T07:28:36Z
2026-07-30T07:25:17Z,2026-07-30T09:25:17+0200,e73b670a-bc29-4bfc-b6f4-93c290a4d3ee,2026-07-16T23:00:00Z,2026-07-17T01:00:00+0200,267.6,EUR/MWh,DK1,DK_1,imbalance_price,Short,2026-07-30T07:28:36Z
2026-07-30T07:25:17Z,2026-07-30T09:25:17+0200,e73b670a-bc29-4bfc-b6f4-93c290a4d3ee,2026-07-16T23:15:00Z,2026-07-17T01:15:00+0200,162.88,EUR/MWh,DK1,DK_1,imbalance_price,Long,2026-07-30T07:28:36Z
2026-07-30T07:25:17Z,2026-07-30T09:25:17+0200,e73b670a-bc29-4bfc-b6f4-93c290a4d3ee,2026-07-16T23:15:00Z,2026-07-17T01:15:00+0200,162.88,EUR/MWh,DK1,DK_1,imbalance_price,Short,2026-07-30T07:28:36Z
2026-07-30T07:25:17Z,2026-07-30T09:25:17+0200,e73b670a-bc29-4bfc-b6f4-93c290a4d3ee,2026-07-16T23:30:00Z,2026-07-17T01:30:00+0200,160.64,EUR/MWh,DK1,DK_1,imbalance_price,Long,2026-07-30T07:28:36Z
2026-07-30T07:25:17Z,2026-07-30T09:25:17+0200,e73b670a-bc29-4bfc-b6f4-93c290a4d3ee,2026-07-16T23:30:00Z,2026-07-17T01:30:00+0200,160.64,EUR/MWh,DK1,DK_1,imbalance_price,Short,2026-07-30T07:28:36Z
2026-07-30T07:25:17Z,2026-07-30T09:25:17+0200,e73b670a-bc29-4bfc-b6f4-93c290a4d3ee,2026-07-16T23:45:00Z,2026-07-17T01:45:00+0200,155.28,EUR/MWh,DK1,DK_1,imbalance_price,Long,2026-07-30T07:28:36Z
2026-07-30T07:25:17Z,2026-07-30T09:25:17+0200,e73b670a-bc29-4bfc-b6f4-93c290a4d3ee,2026-07-16T23:45:00Z,2026-07-17T01:45:00+0200,155.28,EUR/MWh,DK1,DK_1,imbalance_price,Short,2026-07-30T07:28:36Z
2026-07-30T07:25:17Z,2026-07-30T09:25:17+0200,e73b670a-bc29-4bfc-b6f4-93c290a4d3ee,2026-07-17T00:00:00Z,2026-07-17T02:00:00+0200,156.97,EUR/MWh,DK1,DK_1,imbalance_price,Long,2026-07-30T07:28:36Z
2026-07-30T07:25:17Z,2026-07-30T09:25:17+0200,e73b670a-bc29-4bfc-b6f4-93c290a4d3ee,2026-07-17T00:00:00Z,2026-07-17T02:00:00+0200,156.97,EUR/MWh,DK1,DK_1,imbalance_price,Short,2026-07-30T07:28:36Z
2026-07-30T07:25:17Z,2026-07-30T09:25:17+0200,e73b670a-bc29-4bfc-b6f4-93c290a4d3ee,2026-07-17T00:15:00Z,2026-07-17T02:15:00+0200,153.0,EUR/MWh,DK1,DK_1,imbalance_price,Long,2026-07-30T07:28:36Z
2026-07-30T07:25:17Z,2026-07-30T09:25:17+0200,e73b670a-bc29-4bfc-b6f4-93c290a4d3ee,2026-07-17T00:15:00Z,2026-07-17T02:15:00+0200,153.0,EUR/MWh,DK1,DK_1,imbalance_price,Short,2026-07-30T07:28:36Z
2026-07-30T07:25:17Z,2026-07-30T09:25:17+0200,e73b670a-bc29-4bfc-b6f4-93c290a4d3ee,2026-07-17T00:30:00Z,2026-07-17T02:30:00+0200,267.6,EUR/MWh,DK1,DK_1,imbalance_price,Long,2026-07-30T07:28:36Z
2026-07-30T07:25:17Z,2026-07-30T09:25:17+0200,e73b670a-bc29-4bfc-b6f4-93c290a4d3ee,2026-07-17T00:30:00Z,2026-07-17T02:30:00+0200,267.6,EUR/MWh,DK1,DK_1,imbalance_price,Short,2026-07-30T07:28:36Z
2026-07-30T07:25:17Z,2026-07-30T09:25:17+0200,e73b670a-bc29-4bfc-b6f4-93c290a4d3ee,2026-07-17T00:45:00Z,2026-07-17T02:45:00+0200,146.02,EUR/MWh,DK1,DK_1,imbalance_price,Long,2026-07-30T07:28:36Z
2026-07-30T07:25:17Z,2026-07-30T09:25:17+0200,e73b670a-bc29-4bfc-b6f4-93c290a4d3ee,2026-07-17T00:45:00Z,2026-07-17T02:45:00+0200,146.02,EUR/MWh,DK1,DK_1,imbalance_price,Short,2026-07-30T07:28:36Z
2026-07-30T07:25:17Z,2026-07-30T09:25:17+0200,e73b670a-bc29-4bfc-b6f4-93c290a4d3ee,2026-07-17T01:00:00Z,2026-07-17T03:00:00+0200,137.09,EUR/MWh,DK1,DK_1,imbalance_price,Long,2026-07-30T07:28:36Z
2026-07-30T07:25:17Z,2026-07-30T09:25:17+0200,e73b670a-bc29-4bfc-b6f4-93c290a4d3ee,2026-07-17T01:00:00Z,2026-07-17T03:00:00+0200,137.09,EUR/MWh,DK1,DK_1,imbalance_price,Short,2026-07-30T07:28:36Z
2026-07-30T07:25:17Z,2026-07-30T09:25:17+0200,e73b670a-bc29-4bfc-b6f4-93c290a4d3ee,2026-07-17T01:15:00Z,2026-07-17T03:15:00+0200,139.49,EUR/MWh,DK1,DK_1,imbalance_price,Long,2026-07-30T07:28:36Z
2026-07-30T07:25:17Z,2026-07-30T09:25:17+0200,e73b670a-bc29-4bfc-b6f4-93c290a4d3ee,2026-07-17T01:15:00Z,2026-07-17T03:15:00+0200,139.49,EUR/MWh,DK1,DK_1,imbalance_price,Short,2026-07-30T07:28:36Z
2026-07-30T07:25:17Z,2026-07-30T09:25:17+0200,e73b670a-bc29-4bfc-b6f4-93c290a4d3ee,2026-07-17T01:30:00Z,2026-07-17T03:30:00+0200,126.0,EUR/MWh,DK1,DK_1,imbalance_price,Long,2026-07-30T07:28:36Z
2026-07-30T07:25:17Z,2026-07-30T09:25:17+0200,e73b670a-bc29-4bfc-b6f4-93c290a4d3ee,2026-07-17T01:30:00Z,2026-07-17T03:30:00+0200,126.0,EUR/MWh,DK1,DK_1,imbalance_price,Short,2026-07-30T07:28:36Z
2026-07-30T07:25:17Z,2026-07-30T09:25:17+0200,e73b670a-bc29-4bfc-b6f4-93c290a4d3ee,2026-07-17T01:45:00Z,2026-07-17T03:45:00+0200,140.76,EUR/MWh,DK1,DK_1,imbalance_price,Long,2026-07-30T07:28:36Z
2026-07-30T07:25:17Z,2026-07-30T09:25:17+0200,e73b670a-bc29-4bfc-b6f4-93c290a4d3ee,2026-07-17T01:45:00Z,2026-07-17T03:45:00+0200,140.76,EUR/MWh,DK1,DK_1,imbalance_price,Short,2026-07-30T07:28:36Z
2026-07-30T07:25:17Z,2026-07-30T09:25:17+0200,e73b670a-bc29-4bfc-b6f4-93c290a4d3ee,2026-07-17T02:00:00Z,2026-07-17T04:00:00+0200,141.04,EUR/MWh,DK1,DK_1,imbalance_price,Long,2026-07-30T07:28:36Z
2026-07-30T07:25:17Z,2026-07-30T09:25:17+0200,e73b670a-bc29-4bfc-b6f4-93c290a4d3ee,2026-07-17T02:00:00Z,2026-07-17T04:00:00+0200,141.04,EUR/MWh,DK1,DK_1,imbalance_price,Short,2026-07-30T07:28:36Z
2026-07-30T07:25:17Z,2026-07-30T09:25:17+0200,e73b670a-bc29-4bfc-b6f4-93c290a4d3ee,2026-07-17T02:15:00Z,2026-07-17T04:15:00+0200,142.2,EUR/MWh,DK1,DK_1,imbalance_price,Long,2026-07-30T07:28:36Z
2026-07-30T07:25:17Z,2026-07-30T09:25:17+0200,e73b670a-bc29-4bfc-b6f4-93c290a4d3ee,2026-07-17T02:15:00Z,2026-07-17T04:15:00+0200,142.2,EUR/MWh,DK1,DK_1,imbalance_price,Short,2026-07-30T07:28:36Z
2026-07-30T07:25:17Z,2026-07-30T09:25:17+0200,e73b670a-bc29-4bfc-b6f4-93c290a4d3ee,2026-07-17T02:30:00Z,2026-07-17T04:30:00+0200,294.32,EUR/MWh,DK1,DK_1,imbalance_price,Long,2026-07-30T07:28:36Z
2026-07-30T07:25:17Z,2026-07-30T09:25:17+0200,e73b670a-bc29-4bfc-b6f4-93c290a4d3ee,2026-07-17T02:30:00Z,2026-07-17T04:30:00+0200,294.32,EUR/MWh,DK1,DK_1,imbalance_price,Short,2026-07-30T07:28:36Z
2026-07-30T07:25:17Z,2026-07-30T09:25:17+0200,e73b670a-bc29-4bfc-b6f4-93c290a4d3ee,2026-07-17T02:45:00Z,2026-07-17T04:45:00+0200,227.43,EUR/MWh,DK1,DK_1,imbalance_price,Long,2026-07-30T07:28:36Z
2026-07-30T07:25:17Z,2026-07-30T09:25:17+0200,e73b670a-bc29-4bfc-b6f4-93c290a4d3ee,2026-07-17T02:45:00Z,2026-07-17T04:45:00+0200,227.43,EUR/MWh,DK1,DK_1,imbalance_price,Short,2026-07-30T07:28:36Z
2026-07-30T07:25:17Z,2026-07-30T09:25:17+0200,e73b670a-bc29-4bfc-b6f4-93c290a4d3ee,2026-07-17T03:00:00Z,2026-07-17T05:00:00+0200,200.39,EUR/MWh,DK1,DK_1,imbalance_price,Long,2026-07-30T07:28:36Z
2026-07-30T07:25:17Z,2026-07-30T09:25:17+0200,e73b670a-bc29-4bfc-b6f4-93c290a4d3ee,2026-07-17T03:00:00Z,2026-07-17T05:00:00+0200,200.39,EUR/MWh,DK1,DK_1,imbalance_price,Short,2026-07-30T07:28:36Z
2026-07-30T07:25:17Z,2026-07-30T09:25:17+0200,e73b670a-bc29-4bfc-b6f4-93c290a4d3ee,2026-07-17T03:15:00Z,2026-07-17T05:15:00+0200,267.6,EUR/MWh,DK1,DK_1,imbalance_price,Long,2026-07-30T07:28:36Z
2026-07-30T07:25:17Z,2026-07-30T09:25:17+0200,e73b670a-bc29-4bfc-b6f4-93c290a4d3ee,2026-07-17T03:15:00Z,2026-07-17T05:15:00+0200,267.6,EUR/MWh,DK1,DK_1,imbalance_price,Short,2026-07-30T07:28:36Z
2026-07-30T07:25:17Z,2026-07-30T09:25:17+0200,e73b670a-bc29-4bfc-b6f4-93c290a4d3ee,2026-07-17T03:30:00Z,2026-07-17T05:30:00+0200,173.32,EUR/MWh,DK1,DK_1,imbalance_price,Long,2026-07-30T07:28:36Z
2026-07-30T07:25:17Z,2026-07-30T09:25:17+0200,e73b670a-bc29-4bfc-b6f4-93c290a4d3ee,2026-07-17T03:30:00Z,2026-07-17T05:30:00+0200,173.32,EUR/MWh,DK1,DK_1,imbalance_price,Short,2026-07-30T07:28:36Z
2026-07-30T07:25:17Z,2026-07-30T09:25:17+0200,e73b670a-bc29-4bfc-b6f4-93c290a4d3ee,2026-07-17T03:45:00Z,2026-07-17T05:45:00+0200,97.0,EUR/MWh,DK1,DK_1,imbalance_price,Long,2026-07-30T07:28:36Z
2026-07-30T07:25:17Z,2026-07-30T09:25:17+0200,e73b670a-bc29-4bfc-b6f4-93c290a4d3ee,2026-07-17T03:45:00Z,2026-07-17T05:45:00+0200,97.0,EUR/MWh,DK1,DK_1,imbalance_price,Short,2026-07-30T07:28:36Z
2026-07-30T07:25:17Z,2026-07-30T09:25:17+0200,e73b670a-bc29-4bfc-b6f4-93c290a4d3ee,2026-07-17T04:00:00Z,2026-07-17T06:00:00+0200,93.64,EUR/MWh,DK1,DK_1,imbalance_price,Long,2026-07-30T07:28:36Z
2026-07-30T07:25:17Z,2026-07-30T09:25:17+0200,e73b670a-bc29-4bfc-b6f4-93c290a4d3ee,2026-07-17T04:00:00Z,2026-07-17T06:00:00+0200,93.64,EUR/MWh,DK1,DK_1,imbalance_price,Short,2026-07-30T07:28:36Z
2026-07-30T07:25:17Z,2026-07-30T09:25:17+0200,e73b670a-bc29-4bfc-b6f4-93c290a4d3ee,2026-07-17T04:15:00Z,2026-07-17T06:15:00+0200,93.64,EUR/MWh,DK1,DK_1,imbalance_price,Long,2026-07-30T07:28:36Z
2026-07-30T07:25:17Z,2026-07-30T09:25:17+0200,e73b670a-bc29-4bfc-b6f4-93c290a4d3ee,2026-07-17T04:15:00Z,2026-07-17T06:15:00+0200,93.64,EUR/MWh,DK1,DK_1,imbalance_price,Short,2026-07-30T07:28:36Z
2026-07-30T07:25:17Z,2026-07-30T09:25:17+0200,e73b670a-bc29-4bfc-b6f4-93c290a4d3ee,2026-07-17T04:30:00Z,2026-07-17T06:30:00+0200,93.64,EUR/MWh,DK1,DK_1,imbalance_price,Long,2026-07-30T07:28:36Z
2026-07-30T07:25:17Z,2026-07-30T09:25:17+0200,e73b670a-bc29-4bfc-b6f4-93c290a4d3ee,2026-07-17T04:30:00Z,2026-07-17T06:30:00+0200,93.64,EUR/MWh,DK1,DK_1,imbalance_price,Short,2026-07-30T07:28:36Z
2026-07-30T07:25:17Z,2026-07-30T09:25:17+0200,e73b670a-bc29-4bfc-b6f4-93c290a4d3ee,2026-07-17T04:45:00Z,2026-07-17T06:45:00+0200,93.64,EUR/MWh,DK1,DK_1,imbalance_price,Long,2026-07-30T07:28:36Z
2026-07-30T07:25:17Z,2026-07-30T09:25:17+0200,e73b670a-bc29-4bfc-b6f4-93c290a4d3ee,2026-07-17T04:45:00Z,2026-07-17T06:45:00+0200,93.64,EUR/MWh,DK1,DK_1,imbalance_price,Short,2026-07-30T07:28:36Z
2026-07-30T07:25:17Z,2026-07-30T09:25:17+0200,e73b670a-bc29-4bfc-b6f4-93c290a4d3ee,2026-07-17T05:00:00Z,2026-07-17T07:00:00+0200,93.64,EUR/MWh,DK1,DK_1,imbalance_price,Long,2026-07-30T07:28:36Z
2026-07-30T07:25:17Z,2026-07-30T09:25:17+0200,e73b670a-bc29-4bfc-b6f4-93c290a4d3ee,2026-07-17T05:00:00Z,2026-07-17T07:00:00+0200,93.64,EUR/MWh,DK1,DK_1,imbalance_price,Short,2026-07-30T07:28:36Z
2026-07-30T07:25:17Z,2026-07-30T09:25:17+0200,e73b670a-bc29-4bfc-b6f4-93c290a4d3ee,2026-07-17T05:15:00Z,2026-07-17T07:15:00+0200,93.64,EUR/MWh,DK1,DK_1,imbalance_price,Long,2026-07-30T07:28:36Z
2026-07-30T07:25:17Z,2026-07-30T09:25:17+0200,e73b670a-bc29-4bfc-b6f4-93c290a4d3ee,2026-07-17T05:15:00Z,2026-07-17T07:15:00+0200,93.64,EUR/MWh,DK1,DK_1,imbalance_price,Short,2026-07-30T07:28:36Z
2026-07-30T07:25:17Z,2026-07-30T09:25:17+0200,e73b670a-bc29-4bfc-b6f4-93c290a4d3ee,2026-07-17T05:30:00Z,2026-07-17T07:30:00+0200,80.7,EUR/MWh,DK1,DK_1,imbalance_price,Long,2026-07-30T07:28:36Z
2026-07-30T07:25:17Z,2026-07-30T09:25:17+0200,e73b670a-bc29-4bfc-b6f4-93c290a4d3ee,2026-07-17T05:30:00Z,2026-07-17T07:30:00+0200,80.7,EUR/MWh,DK1,DK_1,imbalance_price,Short,2026-07-30T07:28:36Z
2026-07-30T07:25:17Z,2026-07-30T09:25:17+0200,e73b670a-bc29-4bfc-b6f4-93c290a4d3ee,2026-07-17T05:45:00Z,2026-07-17T07:45:00+0200,80.7,EUR/MWh,DK1,DK_1,imbalance_price,Long,2026-07-30T07:28:36Z
2026-07-30T07:25:17Z,2026-07-30T09:25:17+0200,e73b670a-bc29-4bfc-b6f4-93c290a4d3ee,2026-07-17T05:45:00Z,2026-07-17T07:45:00+0200,80.7,EUR/MWh,DK1,DK_1,imbalance_price,Short,2026-07-30T07:28:36Z
2026-07-30T07:25:17Z,2026-07-30T09:25:17+0200,e73b670a-bc29-4bfc-b6f4-93c290a4d3ee,2026-07-17T06:00:00Z,2026-07-17T08:00:00+0200,95.69,EUR/MWh,DK1,DK_1,imbalance_price,Long,2026-07-30T07:28:36Z
2026-07-30T07:25:17Z,2026-07-30T09:25:17+0200,e73b670a-bc29-4bfc-b6f4-93c290a4d3ee,2026-07-17T06:00:00Z,2026-07-17T08:00:00+0200,95.69,EUR/MWh,DK1,DK_1,imbalance_price,Short,2026-07-30T07:28:36Z
2026-07-30T07:25:17Z,2026-07-30T09:25:17+0200,e73b670a-bc29-4bfc-b6f4-93c290a4d3ee,2026-07-17T06:15:00Z,2026-07-17T08:15:00+0200,224.84,EUR/MWh,DK1,DK_1,imbalance_price,Long,2026-07-30T07:28:36Z
2026-07-30T07:25:17Z,2026-07-30T09:25:17+0200,e73b670a-bc29-4bfc-b6f4-93c290a4d3ee,2026-07-17T06:15:00Z,2026-07-17T08:15:00+0200,224.84,EUR/MWh,DK1,DK_1,imbalance_price,Short,2026-07-30T07:28:36Z
2026-07-30T07:25:17Z,2026-07-30T09:25:17+0200,e73b670a-bc29-4bfc-b6f4-93c290a4d3ee,2026-07-17T06:30:00Z,2026-07-17T08:30:00+0200,118.59,EUR/MWh,DK1,DK_1,imbalance_price,Long,2026-07-30T07:28:36Z
2026-07-30T07:25:17Z,2026-07-30T09:25:17+0200,e73b670a-bc29-4bfc-b6f4-93c290a4d3ee,2026-07-17T06:30:00Z,2026-07-17T08:30:00+0200,118.59,EUR/MWh,DK1,DK_1,imbalance_price,Short,2026-07-30T07:28:36Z
2026-07-30T07:25:17Z,2026-07-30T09:25:17+0200,e73b670a-bc29-4bfc-b6f4-93c290a4d3ee,2026-07-17T06:45:00Z,2026-07-17T08:45:00+0200,133.83,EUR/MWh,DK1,DK_1,imbalance_price,Long,2026-07-30T07:28:36Z
2026-07-30T07:25:17Z,2026-07-30T09:25:17+0200,e73b670a-bc29-4bfc-b6f4-93c290a4d3ee,2026-07-17T06:45:00Z,2026-07-17T08:45:00+0200,133.83,EUR/MWh,DK1,DK_1,imbalance_price,Short,2026-07-30T07:28:36Z
2026-07-30T07:25:17Z,2026-07-30T09:25:17+0200,e73b670a-bc29-4bfc-b6f4-93c290a4d3ee,2026-07-17T07:00:00Z,2026-07-17T09:00:00+0200,109.01,EUR/MWh,DK1,DK_1,imbalance_price,Long,2026-07-30T07:28:36Z
2026-07-30T07:25:17Z,2026-07-30T09:25:17+0200,e73b670a-bc29-4bfc-b6f4-93c290a4d3ee,2026-07-17T07:00:00Z,2026-07-17T09:00:00+0200,109.01,EUR/MWh,DK1,DK_1,imbalance_price,Short,2026-07-30T07:28:36Z
2026-07-30T07:25:17Z,2026-07-30T09:25:17+0200,e73b670a-bc29-4bfc-b6f4-93c290a4d3ee,2026-07-17T07:15:00Z,2026-07-17T09:15:00+0200,94.59,EUR/MWh,DK1,DK_1,imbalance_price,Long,2026-07-30T07:28:36Z
2026-07-30T07:25:17Z,2026-07-30T09:25:17+0200,e73b670a-bc29-4bfc-b6f4-93c290a4d3ee,2026-07-17T07:15:00Z,2026-07-17T09:15:00+0200,94.59,EUR/MWh,DK1,DK_1,imbalance_price,Short,2026-07-30T07:28:36Z
2026-07-30T07:25:17Z,2026-07-30T09:25:17+0200,e73b670a-bc29-4bfc-b6f4-93c290a4d3ee,2026-07-17T07:30:00Z,2026-07-17T09:30:00+0200,98.18,EUR/MWh,DK1,DK_1,imbalance_price,Long,2026-07-30T07:28:36Z
2026-07-30T07:25:17Z,2026-07-30T09:25:17+0200,e73b670a-bc29-4bfc-b6f4-93c290a4d3ee,2026-07-17T07:30:00Z,2026-07-17T09:30:00+0200,98.18,EUR/MWh,DK1,DK_1,imbalance_price,Short,2026-07-30T07:28:36Z
2026-07-30T07:25:17Z,2026-07-30T09:25:17+0200,e73b670a-bc29-4bfc-b6f4-93c290a4d3ee,2026-07-17T07:45:00Z,2026-07-17T09:45:00+0200,71.89,EUR/MWh,DK1,DK_1,imbalance_price,Long,2026-07-30T07:28:36Z
2026-07-30T07:25:17Z,2026-07-30T09:25:17+0200,e73b670a-bc29-4bfc-b6f4-93c290a4d3ee,2026-07-17T07:45:00Z,2026-07-17T09:45:00+0200,71.89,EUR/MWh,DK1,DK_1,imbalance_price,Short,2026-07-30T07:28:36Z
2026-07-30T07:25:17Z,2026-07-30T09:25:17+0200,e73b670a-bc29-4bfc-b6f4-93c290a4d3ee,2026-07-17T08:00:00Z,2026-07-17T10:00:00+0200,155.0,EUR/MWh,DK1,DK_1,imbalance_price,Long,2026-07-30T07:28:36Z
2026-07-30T07:25:17Z,2026-07-30T09:25:17+0200,e73b670a-bc29-4bfc-b6f4-93c290a4d3ee,2026-07-17T08:00:00Z,2026-07-17T10:00:00+0200,155.0,EUR/MWh,DK1,DK_1,imbalance_price,Short,2026-07-30T07:28:36Z
2026-07-30T07:25:17Z,2026-07-30T09:25:17+0200,e73b670a-bc29-4bfc-b6f4-93c290a4d3ee,2026-07-17T08:15:00Z,2026-07-17T10:15:00+0200,56.6,EUR/MWh,DK1,DK_1,imbalance_price,Long,2026-07-30T07:28:36Z
2026-07-30T07:25:17Z,2026-07-30T09:25:17+0200,e73b670a-bc29-4bfc-b6f4-93c290a4d3ee,2026-07-17T08:15:00Z,2026-07-17T10:15:00+0200,56.6,EUR/MWh,DK1,DK_1,imbalance_price,Short,2026-07-30T07:28:36Z
2026-07-30T07:25:17Z,2026-07-30T09:25:17+0200,e73b670a-bc29-4bfc-b6f4-93c290a4d3ee,2026-07-17T08:30:00Z,2026-07-17T10:30:00+0200,93.67,EUR/MWh,DK1,DK_1,imbalance_price,Long,2026-07-30T07:28:36Z
2026-07-30T07:25:17Z,2026-07-30T09:25:17+0200,e73b670a-bc29-4bfc-b6f4-93c290a4d3ee,2026-07-17T08:30:00Z,2026-07-17T10:30:00+0200,93.67,EUR/MWh,DK1,DK_1,imbalance_price,Short,2026-07-30T07:28:36Z
2026-07-30T07:25:17Z,2026-07-30T09:25:17+0200,e73b670a-bc29-4bfc-b6f4-93c290a4d3ee,2026-07-17T08:45:00Z,2026-07-17T10:45:00+0200,112.81,EUR/MWh,DK1,DK_1,imbalance_price,Long,2026-07-30T07:28:36Z
2026-07-30T07:25:17Z,2026-07-30T09:25:17+0200,e73b670a-bc29-4bfc-b6f4-93c290a4d3ee,2026-07-17T08:45:00Z,2026-07-17T10:45:00+0200,112.81,EUR/MWh,DK1,DK_1,imbalance_price,Short,2026-07-30T07:28:36Z
2026-07-30T07:25:17Z,2026-07-30T09:25:17+0200,e73b670a-bc29-4bfc-b6f4-93c290a4d3ee,2026-07-17T09:00:00Z,2026-07-17T11:00:00+0200,88.74,EUR/MWh,DK1,DK_1,imbalance_price,Long,2026-07-30T07:28:36Z
2026-07-30T07:25:17Z,2026-07-30T09:25:17+0200,e73b670a-bc29-4bfc-b6f4-93c290a4d3ee,2026-07-17T09:00:00Z,2026-07-17T11:00:00+0200,88.74,EUR/MWh,DK1,DK_1,imbalance_price,Short,2026-07-30T07:28:36Z
2026-07-30T07:25:17Z,2026-07-30T09:25:17+0200,e73b670a-bc29-4bfc-b6f4-93c290a4d3ee,2026-07-17T09:15:00Z,2026-07-17T11:15:00+0200,60.72,EUR/MWh,DK1,DK_1,imbalance_price,Long,2026-07-30T07:28:36Z
2026-07-30T07:25:17Z,2026-07-30T09:25:17+0200,e73b670a-bc29-4bfc-b6f4-93c290a4d3ee,2026-07-17T09:15:00Z,2026-07-17T11:15:00+0200,60.72,EUR/MWh,DK1,DK_1,imbalance_price,Short,2026-07-30T07:28:36Z
2026-07-30T07:25:17Z,2026-07-30T09:25:17+0200,e73b670a-bc29-4bfc-b6f4-93c290a4d3ee,2026-07-17T09:30:00Z,2026-07-17T11:30:00+0200,65.66,EUR/MWh,DK1,DK_1,imbalance_price,Long,2026-07-30T07:28:36Z
2026-07-30T07:25:17Z,2026-07-30T09:25:17+0200,e73b670a-bc29-4bfc-b6f4-93c290a4d3ee,2026-07-17T09:30:00Z,2026-07-17T11:30:00+0200,65.66,EUR/MWh,DK1,DK_1,imbalance_price,Short,2026-07-30T07:28:36Z
2026-07-30T07:25:17Z,2026-07-30T09:25:17+0200,e73b670a-bc29-4bfc-b6f4-93c290a4d3ee,2026-07-17T09:45:00Z,2026-07-17T11:45:00+0200,82.03,EUR/MWh,DK1,DK_1,imbalance_price,Long,2026-07-30T07:28:36Z
2026-07-30T07:25:17Z,2026-07-30T09:25:17+0200,e73b670a-bc29-4bfc-b6f4-93c290a4d3ee,2026-07-17T09:45:00Z,2026-07-17T11:45:00+0200,82.03,EUR/MWh,DK1,DK_1,imbalance_price,Short,2026-07-30T07:28:36Z
2026-07-30T07:25:17Z,2026-07-30T09:25:17+0200,e73b670a-bc29-4bfc-b6f4-93c290a4d3ee,2026-07-17T10:00:00Z,2026-07-17T12:00:00+0200,73.58,EUR/MWh,DK1,DK_1,imbalance_price,Long,2026-07-30T07:28:36Z
2026-07-30T07:25:17Z,2026-07-30T09:25:17+0200,e73b670a-bc29-4bfc-b6f4-93c290a4d3ee,2026-07-17T10:00:00Z,2026-07-17T12:00:00+0200,73.58,EUR/MWh,DK1,DK_1,imbalance_price,Short,2026-07-30T07:28:36Z
2026-07-30T07:25:17Z,2026-07-30T09:25:17+0200,e73b670a-bc29-4bfc-b6f4-93c290a4d3ee,2026-07-17T10:15:00Z,2026-07-17T12:15:00+0200,79.18,EUR/MWh,DK1,DK_1,imbalance_price,Long,2026-07-30T07:28:36Z
2026-07-30T07:25:17Z,2026-07-30T09:25:17+0200,e73b670a-bc29-4bfc-b6f4-93c290a4d3ee,2026-07-17T10:15:00Z,2026-07-17T12:15:00+0200,79.18,EUR/MWh,DK1,DK_1,imbalance_price,Short,2026-07-30T07:28:36Z
2026-07-30T07:25:17Z,2026-07-30T09:25:17+0200,e73b670a-bc29-4bfc-b6f4-93c290a4d3ee,2026-07-17T10:30:00Z,2026-07-17T12:30:00+0200,25.15,EUR/MWh,DK1,DK_1,imbalance_price,Long,2026-07-30T07:28:36Z
2026-07-30T07:25:17Z,2026-07-30T09:25:17+0200,e73b670a-bc29-4bfc-b6f4-93c290a4d3ee,2026-07-17T10:30:00Z,2026-07-17T12:30:00+0200,25.15,EUR/MWh,DK1,DK_1,imbalance_price,Short,2026-07-30T07:28:36Z
2026-07-30T07:25:17Z,2026-07-30T09:25:17+0200,e73b670a-bc29-4bfc-b6f4-93c290a4d3ee,2026-07-17T10:45:00Z,2026-07-17T12:45:00+0200,93.36,EUR/MWh,DK1,DK_1,imbalance_price,Long,2026-07-30T07:28:36Z
2026-07-30T07:25:17Z,2026-07-30T09:25:17+0200,e73b670a-bc29-4bfc-b6f4-93c290a4d3ee,2026-07-17T10:45:00Z,2026-07-17T12:45:00+0200,93.36,EUR/MWh,DK1,DK_1,imbalance_price,Short,2026-07-30T07:28:36Z
2026-07-30T07:25:17Z,2026-07-30T09:25:17+0200,e73b670a-bc29-4bfc-b6f4-93c290a4d3ee,2026-07-17T11:00:00Z,2026-07-17T13:00:00+0200,116.4,EUR/MWh,DK1,DK_1,imbalance_price,Long,2026-07-30T07:28:36Z
2026-07-30T07:25:17Z,2026-07-30T09:25:17+0200,e73b670a-bc29-4bfc-b6f4-93c290a4d3ee,2026-07-17T11:00:00Z,2026-07-17T13:00:00+0200,116.4,EUR/MWh,DK1,DK_1,imbalance_price,Short,2026-07-30T07:28:36Z
2026-07-30T07:25:17Z,2026-07-30T09:25:17+0200,e73b670a-bc29-4bfc-b6f4-93c290a4d3ee,2026-07-17T11:15:00Z,2026-07-17T13:15:00+0200,133.07,EUR/MWh,DK1,DK_1,imbalance_price,Long,2026-07-30T07:28:36Z
2026-07-30T07:25:17Z,2026-07-30T09:25:17+0200,e73b670a-bc29-4bfc-b6f4-93c290a4d3ee,2026-07-17T11:15:00Z,2026-07-17T13:15:00+0200,133.07,EUR/MWh,DK1,DK_1,imbalance_price,Short,2026-07-30T07:28:36Z
2026-07-30T07:25:17Z,2026-07-30T09:25:17+0200,e73b670a-bc29-4bfc-b6f4-93c290a4d3ee,2026-07-17T11:30:00Z,2026-07-17T13:30:00+0200,138.02,EUR/MWh,DK1,DK_1,imbalance_price,Long,2026-07-30T07:28:36Z
2026-07-30T07:25:17Z,2026-07-30T09:25:17+0200,e73b670a-bc29-4bfc-b6f4-93c290a4d3ee,2026-07-17T11:30:00Z,2026-07-17T13:30:00+0200,138.02,EUR/MWh,DK1,DK_1,imbalance_price,Short,2026-07-30T07:28:36Z
2026-07-30T07:25:17Z,2026-07-30T09:25:17+0200,e73b670a-bc29-4bfc-b6f4-93c290a4d3ee,2026-07-17T11:45:00Z,2026-07-17T13:45:00+0200,6.69,EUR/MWh,DK1,DK_1,imbalance_price,Long,2026-07-30T07:28:36Z
2026-07-30T07:25:17Z,2026-07-30T09:25:17+0200,e73b670a-bc29-4bfc-b6f4-93c290a4d3ee,2026-07-17T11:45:00Z,2026-07-17T13:45:00+0200,6.69,EUR/MWh,DK1,DK_1,imbalance_price,Short,2026-07-30T07:28:36Z
2026-07-30T07:25:17Z,2026-07-30T09:25:17+0200,e73b670a-bc29-4bfc-b6f4-93c290a4d3ee,2026-07-17T12:00:00Z,2026-07-17T14:00:00+0200,-6.69,EUR/MWh,DK1,DK_1,imbalance_price,Long,2026-07-30T07:28:36Z
2026-07-30T07:25:17Z,2026-07-30T09:25:17+0200,e73b670a-bc29-4bfc-b6f4-93c290a4d3ee,2026-07-17T12:00:00Z,2026-07-17T14:00:00+0200,-6.69,EUR/MWh,DK1,DK_1,imbalance_price,Short,2026-07-30T07:28:36Z
2026-07-30T07:25:17Z,2026-07-30T09:25:17+0200,e73b670a-bc29-4bfc-b6f4-93c290a4d3ee,2026-07-17T12:15:00Z,2026-07-17T14:15:00+0200,0.0,EUR/MWh,DK1,DK_1,imbalance_price,Long,2026-07-30T07:28:36Z
2026-07-30T07:25:17Z,2026-07-30T09:25:17+0200,e73b670a-bc29-4bfc-b6f4-93c290a4d3ee,2026-07-17T12:15:00Z,2026-07-17T14:15:00+0200,0.0,EUR/MWh,DK1,DK_1,imbalance_price,Short,2026-07-30T07:28:36Z
2026-07-30T07:25:17Z,2026-07-30T09:25:17+0200,e73b670a-bc29-4bfc-b6f4-93c290a4d3ee,2026-07-17T12:30:00Z,2026-07-17T14:30:00+0200,0.0,EUR/MWh,DK1,DK_1,imbalance_price,Long,2026-07-30T07:28:36Z
2026-07-30T07:25:17Z,2026-07-30T09:25:17+0200,e73b670a-bc29-4bfc-b6f4-93c290a4d3ee,2026-07-17T12:30:00Z,2026-07-17T14:30:00+0200,0.0,EUR/MWh,DK1,DK_1,imbalance_price,Short,2026-07-30T07:28:36Z
2026-07-30T07:25:17Z,2026-07-30T09:25:17+0200,e73b670a-bc29-4bfc-b6f4-93c290a4d3ee,2026-07-17T12:45:00Z,2026-07-17T14:45:00+0200,7.36,EUR/MWh,DK1,DK_1,imbalance_price,Long,2026-07-30T07:28:36Z
2026-07-30T07:25:17Z,2026-07-30T09:25:17+0200,e73b670a-bc29-4bfc-b6f4-93c290a4d3ee,2026-07-17T12:45:00Z,2026-07-17T14:45:00+0200,7.36,EUR/MWh,DK1,DK_1,imbalance_price,Short,2026-07-30T07:28:36Z
2026-07-30T07:25:17Z,2026-07-30T09:25:17+0200,e73b670a-bc29-4bfc-b6f4-93c290a4d3ee,2026-07-17T13:00:00Z,2026-07-17T15:00:00+0200,2.67,EUR/MWh,DK1,DK_1,imbalance_price,Long,2026-07-30T07:28:36Z
2026-07-30T07:25:17Z,2026-07-30T09:25:17+0200,e73b670a-bc29-4bfc-b6f4-93c290a4d3ee,2026-07-17T13:00:00Z,2026-07-17T15:00:00+0200,2.67,EUR/MWh,DK1,DK_1,imbalance_price,Short,2026-07-30T07:28:36Z
2026-07-30T07:25:17Z,2026-07-30T09:25:17+0200,e73b670a-bc29-4bfc-b6f4-93c290a4d3ee,2026-07-17T13:15:00Z,2026-07-17T15:15:00+0200,-2.28,EUR/MWh,DK1,DK_1,imbalance_price,Long,2026-07-30T07:28:36Z
2026-07-30T07:25:17Z,2026-07-30T09:25:17+0200,e73b670a-bc29-4bfc-b6f4-93c290a4d3ee,2026-07-17T13:15:00Z,2026-07-17T15:15:00+0200,-2.28,EUR/MWh,DK1,DK_1,imbalance_price,Short,2026-07-30T07:28:36Z
2026-07-30T07:25:17Z,2026-07-30T09:25:17+0200,e73b670a-bc29-4bfc-b6f4-93c290a4d3ee,2026-07-17T13:30:00Z,2026-07-17T15:30:00+0200,7.36,EUR/MWh,DK1,DK_1,imbalance_price,Long,2026-07-30T07:28:36Z
2026-07-30T07:25:17Z,2026-07-30T09:25:17+0200,e73b670a-bc29-4bfc-b6f4-93c290a4d3ee,2026-07-17T13:30:00Z,2026-07-17T15:30:00+0200,7.36,EUR/MWh,DK1,DK_1,imbalance_price,Short,2026-07-30T07:28:36Z
2026-07-30T07:25:17Z,2026-07-30T09:25:17+0200,e73b670a-bc29-4bfc-b6f4-93c290a4d3ee,2026-07-17T13:45:00Z,2026-07-17T15:45:00+0200,-6.69,EUR/MWh,DK1,DK_1,imbalance_price,Long,2026-07-30T07:28:36Z
2026-07-30T07:25:17Z,2026-07-30T09:25:17+0200,e73b670a-bc29-4bfc-b6f4-93c290a4d3ee,2026-07-17T13:45:00Z,2026-07-17T15:45:00+0200,-6.69,EUR/MWh,DK1,DK_1,imbalance_price,Short,2026-07-30T07:28:36Z
2026-07-30T07:25:17Z,2026-07-30T09:25:17+0200,e73b670a-bc29-4bfc-b6f4-93c290a4d3ee,2026-07-17T14:00:00Z,2026-07-17T16:00:00+0200,-5.36,EUR/MWh,DK1,DK_1,imbalance_price,Long,2026-07-30T07:28:36Z
2026-07-30T07:25:17Z,2026-07-30T09:25:17+0200,e73b670a-bc29-4bfc-b6f4-93c290a4d3ee,2026-07-17T14:00:00Z,2026-07-17T16:00:00+0200,-5.36,EUR/MWh,DK1,DK_1,imbalance_price,Short,2026-07-30T07:28:36Z
2026-07-30T07:25:17Z,2026-07-30T09:25:17+0200,e73b670a-bc29-4bfc-b6f4-93c290a4d3ee,2026-07-17T14:15:00Z,2026-07-17T16:15:00+0200,55.0,EUR/MWh,DK1,DK_1,imbalance_price,Long,2026-07-30T07:28:36Z
2026-07-30T07:25:17Z,2026-07-30T09:25:17+0200,e73b670a-bc29-4bfc-b6f4-93c290a4d3ee,2026-07-17T14:15:00Z,2026-07-17T16:15:00+0200,55.0,EUR/MWh,DK1,DK_1,imbalance_price,Short,2026-07-30T07:28:36Z
2026-07-30T07:25:17Z,2026-07-30T09:25:17+0200,e73b670a-bc29-4bfc-b6f4-93c290a4d3ee,2026-07-17T14:30:00Z,2026-07-17T16:30:00+0200,74.26,EUR/MWh,DK1,DK_1,imbalance_price,Long,2026-07-30T07:28:36Z
2026-07-30T07:25:17Z,2026-07-30T09:25:17+0200,e73b670a-bc29-4bfc-b6f4-93c290a4d3ee,2026-07-17T14:30:00Z,2026-07-17T16:30:00+0200,74.26,EUR/MWh,DK1,DK_1,imbalance_price,Short,2026-07-30T07:28:36Z
2026-07-30T07:25:17Z,2026-07-30T09:25:17+0200,e73b670a-bc29-4bfc-b6f4-93c290a4d3ee,2026-07-17T14:45:00Z,2026-07-17T16:45:00+0200,20.34,EUR/MWh,DK1,DK_1,imbalance_price,Long,2026-07-30T07:28:36Z
2026-07-30T07:25:17Z,2026-07-30T09:25:17+0200,e73b670a-bc29-4bfc-b6f4-93c290a4d3ee,2026-07-17T14:45:00Z,2026-07-17T16:45:00+0200,20.34,EUR/MWh,DK1,DK_1,imbalance_price,Short,2026-07-30T07:28:36Z
2026-07-30T07:25:17Z,2026-07-30T09:25:17+0200,e73b670a-bc29-4bfc-b6f4-93c290a4d3ee,2026-07-17T15:00:00Z,2026-07-17T17:00:00+0200,97.13,EUR/MWh,DK1,DK_1,imbalance_price,Long,2026-07-30T07:28:36Z
2026-07-30T07:25:17Z,2026-07-30T09:25:17+0200,e73b670a-bc29-4bfc-b6f4-93c290a4d3ee,2026-07-17T15:00:00Z,2026-07-17T17:00:00+0200,97.13,EUR/MWh,DK1,DK_1,imbalance_price,Short,2026-07-30T07:28:36Z
2026-07-30T07:25:17Z,2026-07-30T09:25:17+0200,e73b670a-bc29-4bfc-b6f4-93c290a4d3ee,2026-07-17T15:15:00Z,2026-07-17T17:15:00+0200,60.99,EUR/MWh,DK1,DK_1,imbalance_price,Long,2026-07-30T07:28:36Z
2026-07-30T07:25:17Z,2026-07-30T09:25:17+0200,e73b670a-bc29-4bfc-b6f4-93c290a4d3ee,2026-07-17T15:15:00Z,2026-07-17T17:15:00+0200,60.99,EUR/MWh,DK1,DK_1,imbalance_price,Short,2026-07-30T07:28:36Z
2026-07-30T07:25:17Z,2026-07-30T09:25:17+0200,e73b670a-bc29-4bfc-b6f4-93c290a4d3ee,2026-07-17T15:30:00Z,2026-07-17T17:30:00+0200,130.81,EUR/MWh,DK1,DK_1,imbalance_price,Long,2026-07-30T07:28:36Z
2026-07-30T07:25:17Z,2026-07-30T09:25:17+0200,e73b670a-bc29-4bfc-b6f4-93c290a4d3ee,2026-07-17T15:30:00Z,2026-07-17T17:30:00+0200,130.81,EUR/MWh,DK1,DK_1,imbalance_price,Short,2026-07-30T07:28:36Z
2026-07-30T07:25:17Z,2026-07-30T09:25:17+0200,e73b670a-bc29-4bfc-b6f4-93c290a4d3ee,2026-07-17T15:45:00Z,2026-07-17T17:45:00+0200,108.57,EUR/MWh,DK1,DK_1,imbalance_price,Long,2026-07-30T07:28:36Z
2026-07-30T07:25:17Z,2026-07-30T09:25:17+0200,e73b670a-bc29-4bfc-b6f4-93c290a4d3ee,2026-07-17T15:45:00Z,2026-07-17T17:45:00+0200,108.57,EUR/MWh,DK1,DK_1,imbalance_price,Short,2026-07-30T07:28:36Z
2026-07-30T07:25:17Z,2026-07-30T09:25:17+0200,e73b670a-bc29-4bfc-b6f4-93c290a4d3ee,2026-07-17T16:00:00Z,2026-07-17T18:00:00+0200,58.61,EUR/MWh,DK1,DK_1,imbalance_price,Long,2026-07-30T07:28:36Z
2026-07-30T07:25:17Z,2026-07-30T09:25:17+0200,e73b670a-bc29-4bfc-b6f4-93c290a4d3ee,2026-07-17T16:00:00Z,2026-07-17T18:00:00+0200,58.61,EUR/MWh,DK1,DK_1,imbalance_price,Short,2026-07-30T07:28:36Z
2026-07-30T07:25:17Z,2026-07-30T09:25:17+0200,e73b670a-bc29-4bfc-b6f4-93c290a4d3ee,2026-07-17T16:15:00Z,2026-07-17T18:15:00+0200,104.24,EUR/MWh,DK1,DK_1,imbalance_price,Long,2026-07-30T07:28:36Z
2026-07-30T07:25:17Z,2026-07-30T09:25:17+0200,e73b670a-bc29-4bfc-b6f4-93c290a4d3ee,2026-07-17T16:15:00Z,2026-07-17T18:15:00+0200,104.24,EUR/MWh,DK1,DK_1,imbalance_price,Short,2026-07-30T07:28:36Z
2026-07-30T07:25:17Z,2026-07-30T09:25:17+0200,e73b670a-bc29-4bfc-b6f4-93c290a4d3ee,2026-07-17T16:30:00Z,2026-07-17T18:30:00+0200,186.98,EUR/MWh,DK1,DK_1,imbalance_price,Long,2026-07-30T07:28:36Z
2026-07-30T07:25:17Z,2026-07-30T09:25:17+0200,e73b670a-bc29-4bfc-b6f4-93c290a4d3ee,2026-07-17T16:30:00Z,2026-07-17T18:30:00+0200,186.98,EUR/MWh,DK1,DK_1,imbalance_price,Short,2026-07-30T07:28:36Z
2026-07-30T07:25:17Z,2026-07-30T09:25:17+0200,e73b670a-bc29-4bfc-b6f4-93c290a4d3ee,2026-07-17T16:45:00Z,2026-07-17T18:45:00+0200,182.85,EUR/MWh,DK1,DK_1,imbalance_price,Long,2026-07-30T07:28:36Z
2026-07-30T07:25:17Z,2026-07-30T09:25:17+0200,e73b670a-bc29-4bfc-b6f4-93c290a4d3ee,2026-07-17T16:45:00Z,2026-07-17T18:45:00+0200,182.85,EUR/MWh,DK1,DK_1,imbalance_price,Short,2026-07-30T07:28:36Z
2026-07-30T07:25:17Z,2026-07-30T09:25:17+0200,e73b670a-bc29-4bfc-b6f4-93c290a4d3ee,2026-07-17T17:00:00Z,2026-07-17T19:00:00+0200,153.39,EUR/MWh,DK1,DK_1,imbalance_price,Long,2026-07-30T07:28:36Z
2026-07-30T07:25:17Z,2026-07-30T09:25:17+0200,e73b670a-bc29-4bfc-b6f4-93c290a4d3ee,2026-07-17T17:00:00Z,2026-07-17T19:00:00+0200,153.39,EUR/MWh,DK1,DK_1,imbalance_price,Short,2026-07-30T07:28:36Z
2026-07-30T07:25:17Z,2026-07-30T09:25:17+0200,e73b670a-bc29-4bfc-b6f4-93c290a4d3ee,2026-07-17T17:15:00Z,2026-07-17T19:15:00+0200,101.69,EUR/MWh,DK1,DK_1,imbalance_price,Long,2026-07-30T07:28:36Z
2026-07-30T07:25:17Z,2026-07-30T09:25:17+0200,e73b670a-bc29-4bfc-b6f4-93c290a4d3ee,2026-07-17T17:15:00Z,2026-07-17T19:15:00+0200,101.69,EUR/MWh,DK1,DK_1,imbalance_price,Short,2026-07-30T07:28:36Z
2026-07-30T07:25:17Z,2026-07-30T09:25:17+0200,e73b670a-bc29-4bfc-b6f4-93c290a4d3ee,2026-07-17T17:30:00Z,2026-07-17T19:30:00+0200,93.64,EUR/MWh,DK1,DK_1,imbalance_price,Long,2026-07-30T07:28:36Z
2026-07-30T07:25:17Z,2026-07-30T09:25:17+0200,e73b670a-bc29-4bfc-b6f4-93c290a4d3ee,2026-07-17T17:30:00Z,2026-07-17T19:30:00+0200,93.64,EUR/MWh,DK1,DK_1,imbalance_price,Short,2026-07-30T07:28:36Z
2026-07-30T07:25:17Z,2026-07-30T09:25:17+0200,e73b670a-bc29-4bfc-b6f4-93c290a4d3ee,2026-07-17T17:45:00Z,2026-07-17T19:45:00+0200,99.6,EUR/MWh,DK1,DK_1,imbalance_price,Long,2026-07-30T07:28:36Z
2026-07-30T07:25:17Z,2026-07-30T09:25:17+0200,e73b670a-bc29-4bfc-b6f4-93c290a4d3ee,2026-07-17T17:45:00Z,2026-07-17T19:45:00+0200,99.6,EUR/MWh,DK1,DK_1,imbalance_price,Short,2026-07-30T07:28:36Z
2026-07-30T07:25:17Z,2026-07-30T09:25:17+0200,e73b670a-bc29-4bfc-b6f4-93c290a4d3ee,2026-07-17T18:00:00Z,2026-07-17T20:00:00+0200,40.4,EUR/MWh,DK1,DK_1,imbalance_price,Long,2026-07-30T07:28:36Z
2026-07-30T07:25:17Z,2026-07-30T09:25:17+0200,e73b670a-bc29-4bfc-b6f4-93c290a4d3ee,2026-07-17T18:00:00Z,2026-07-17T20:00:00+0200,40.4,EUR/MWh,DK1,DK_1,imbalance_price,Short,2026-07-30T07:28:36Z
2026-07-30T07:25:17Z,2026-07-30T09:25:17+0200,e73b670a-bc29-4bfc-b6f4-93c290a4d3ee,2026-07-17T18:15:00Z,2026-07-17T20:15:00+0200,100.0,EUR/MWh,DK1,DK_1,imbalance_price,Long,2026-07-30T07:28:36Z
2026-07-30T07:25:17Z,2026-07-30T09:25:17+0200,e73b670a-bc29-4bfc-b6f4-93c290a4d3ee,2026-07-17T18:15:00Z,2026-07-17T20:15:00+0200,100.0,EUR/MWh,DK1,DK_1,imbalance_price,Short,2026-07-30T07:28:36Z
2026-07-30T07:25:17Z,2026-07-30T09:25:17+0200,e73b670a-bc29-4bfc-b6f4-93c290a4d3ee,2026-07-17T18:30:00Z,2026-07-17T20:30:00+0200,100.54,EUR/MWh,DK1,DK_1,imbalance_price,Long,2026-07-30T07:28:36Z
2026-07-30T07:25:17Z,2026-07-30T09:25:17+0200,e73b670a-bc29-4bfc-b6f4-93c290a4d3ee,2026-07-17T18:30:00Z,2026-07-17T20:30:00+0200,100.54,EUR/MWh,DK1,DK_1,imbalance_price,Short,2026-07-30T07:28:36Z
2026-07-30T07:25:17Z,2026-07-30T09:25:17+0200,e73b670a-bc29-4bfc-b6f4-93c290a4d3ee,2026-07-17T18:45:00Z,2026-07-17T20:45:00+0200,200.7,EUR/MWh,DK1,DK_1,imbalance_price,Long,2026-07-30T07:28:36Z
2026-07-30T07:25:17Z,2026-07-30T09:25:17+0200,e73b670a-bc29-4bfc-b6f4-93c290a4d3ee,2026-07-17T18:45:00Z,2026-07-17T20:45:00+0200,200.7,EUR/MWh,DK1,DK_1,imbalance_price,Short,2026-07-30T07:28:36Z
2026-07-30T07:25:17Z,2026-07-30T09:25:17+0200,e73b670a-bc29-4bfc-b6f4-93c290a4d3ee,2026-07-17T19:00:00Z,2026-07-17T21:00:00+0200,223.94,EUR/MWh,DK1,DK_1,imbalance_price,Long,2026-07-30T07:28:36Z
2026-07-30T07:25:17Z,2026-07-30T09:25:17+0200,e73b670a-bc29-4bfc-b6f4-93c290a4d3ee,2026-07-17T19:00:00Z,2026-07-17T21:00:00+0200,223.94,EUR/MWh,DK1,DK_1,imbalance_price,Short,2026-07-30T07:28:36Z
2026-07-30T07:25:17Z,2026-07-30T09:25:17+0200,e73b670a-bc29-4bfc-b6f4-93c290a4d3ee,2026-07-17T19:15:00Z,2026-07-17T21:15:00+0200,166.12,EUR/MWh,DK1,DK_1,imbalance_price,Long,2026-07-30T07:28:36Z
2026-07-30T07:25:17Z,2026-07-30T09:25:17+0200,e73b670a-bc29-4bfc-b6f4-93c290a4d3ee,2026-07-17T19:15:00Z,2026-07-17T21:15:00+0200,166.12,EUR/MWh,DK1,DK_1,imbalance_price,Short,2026-07-30T07:28:36Z
2026-07-30T07:25:17Z,2026-07-30T09:25:17+0200,e73b670a-bc29-4bfc-b6f4-93c290a4d3ee,2026-07-17T19:30:00Z,2026-07-17T21:30:00+0200,186.81,EUR/MWh,DK1,DK_1,imbalance_price,Long,2026-07-30T07:28:36Z
2026-07-30T07:25:17Z,2026-07-30T09:25:17+0200,e73b670a-bc29-4bfc-b6f4-93c290a4d3ee,2026-07-17T19:30:00Z,2026-07-17T21:30:00+0200,186.81,EUR/MWh,DK1,DK_1,imbalance_price,Short,2026-07-30T07:28:36Z
2026-07-30T07:25:17Z,2026-07-30T09:25:17+0200,e73b670a-bc29-4bfc-b6f4-93c290a4d3ee,2026-07-17T19:45:00Z,2026-07-17T21:45:00+0200,168.49,EUR/MWh,DK1,DK_1,imbalance_price,Long,2026-07-30T07:28:36Z
2026-07-30T07:25:17Z,2026-07-30T09:25:17+0200,e73b670a-bc29-4bfc-b6f4-93c290a4d3ee,2026-07-17T19:45:00Z,2026-07-17T21:45:00+0200,168.49,EUR/MWh,DK1,DK_1,imbalance_price,Short,2026-07-30T07:28:36Z
2026-07-30T07:25:17Z,2026-07-30T09:25:17+0200,e73b670a-bc29-4bfc-b6f4-93c290a4d3ee,2026-07-17T20:00:00Z,2026-07-17T22:00:00+0200,196.73,EUR/MWh,DK1,DK_1,imbalance_price,Long,2026-07-30T07:28:36Z
2026-07-30T07:25:17Z,2026-07-30T09:25:17+0200,e73b670a-bc29-4bfc-b6f4-93c290a4d3ee,2026-07-17T20:00:00Z,2026-07-17T22:00:00+0200,196.73,EUR/MWh,DK1,DK_1,imbalance_price,Short,2026-07-30T07:28:36Z
2026-07-30T07:25:17Z,2026-07-30T09:25:17+0200,e73b670a-bc29-4bfc-b6f4-93c290a4d3ee,2026-07-17T20:15:00Z,2026-07-17T22:15:00+0200,218.63,EUR/MWh,DK1,DK_1,imbalance_price,Long,2026-07-30T07:28:36Z
2026-07-30T07:25:17Z,2026-07-30T09:25:17+0200,e73b670a-bc29-4bfc-b6f4-93c290a4d3ee,2026-07-17T20:15:00Z,2026-07-17T22:15:00+0200,218.63,EUR/MWh,DK1,DK_1,imbalance_price,Short,2026-07-30T07:28:36Z
2026-07-30T07:25:17Z,2026-07-30T09:25:17+0200,e73b670a-bc29-4bfc-b6f4-93c290a4d3ee,2026-07-17T20:30:00Z,2026-07-17T22:30:00+0200,164.66,EUR/MWh,DK1,DK_1,imbalance_price,Long,2026-07-30T07:28:36Z
2026-07-30T07:25:17Z,2026-07-30T09:25:17+0200,e73b670a-bc29-4bfc-b6f4-93c290a4d3ee,2026-07-17T20:30:00Z,2026-07-17T22:30:00+0200,164.66,EUR/MWh,DK1,DK_1,imbalance_price,Short,2026-07-30T07:28:36Z
2026-07-30T07:25:17Z,2026-07-30T09:25:17+0200,e73b670a-bc29-4bfc-b6f4-93c290a4d3ee,2026-07-17T20:45:00Z,2026-07-17T22:45:00+0200,99.12,EUR/MWh,DK1,DK_1,imbalance_price,Long,2026-07-30T07:28:36Z
2026-07-30T07:25:17Z,2026-07-30T09:25:17+0200,e73b670a-bc29-4bfc-b6f4-93c290a4d3ee,2026-07-17T20:45:00Z,2026-07-17T22:45:00+0200,99.12,EUR/MWh,DK1,DK_1,imbalance_price,Short,2026-07-30T07:28:36Z
2026-07-30T07:25:17Z,2026-07-30T09:25:17+0200,e73b670a-bc29-4bfc-b6f4-93c290a4d3ee,2026-07-17T21:00:00Z,2026-07-17T23:00:00+0200,96.59,EUR/MWh,DK1,DK_1,imbalance_price,Long,2026-07-30T07:28:36Z
2026-07-30T07:25:17Z,2026-07-30T09:25:17+0200,e73b670a-bc29-4bfc-b6f4-93c290a4d3ee,2026-07-17T21:00:00Z,2026-07-17T23:00:00+0200,96.59,EUR/MWh,DK1,DK_1,imbalance_price,Short,2026-07-30T07:28:36Z
2026-07-30T07:25:17Z,2026-07-30T09:25:17+0200,e73b670a-bc29-4bfc-b6f4-93c290a4d3ee,2026-07-17T21:15:00Z,2026-07-17T23:15:00+0200,100.0,EUR/MWh,DK1,DK_1,imbalance_price,Long,2026-07-30T07:28:36Z
2026-07-30T07:25:17Z,2026-07-30T09:25:17+0200,e73b670a-bc29-4bfc-b6f4-93c290a4d3ee,2026-07-17T21:15:00Z,2026-07-17T23:15:00+0200,100.0,EUR/MWh,DK1,DK_1,imbalance_price,Short,2026-07-30T07:28:36Z
2026-07-30T07:25:17Z,2026-07-30T09:25:17+0200,e73b670a-bc29-4bfc-b6f4-93c290a4d3ee,2026-07-17T21:30:00Z,2026-07-17T23:30:00+0200,99.82,EUR/MWh,DK1,DK_1,imbalance_price,Long,2026-07-30T07:28:36Z
2026-07-30T07:25:17Z,2026-07-30T09:25:17+0200,e73b670a-bc29-4bfc-b6f4-93c290a4d3ee,2026-07-17T21:30:00Z,2026-07-17T23:30:00+0200,99.82,EUR/MWh,DK1,DK_1,imbalance_price,Short,2026-07-30T07:28:36Z
2026-07-30T07:25:17Z,2026-07-30T09:25:17+0200,e73b670a-bc29-4bfc-b6f4-93c290a4d3ee,2026-07-17T21:45:00Z,2026-07-17T23:45:00+0200,150.48,EUR/MWh,DK1,DK_1,imbalance_price,Long,2026-07-30T07:28:36Z
2026-07-30T07:25:17Z,2026-07-30T09:25:17+0200,e73b670a-bc29-4bfc-b6f4-93c290a4d3ee,2026-07-17T21:45:00Z,2026-07-17T23:45:00+0200,150.48,EUR/MWh,DK1,DK_1,imbalance_price,Short,2026-07-30T07:28:36Z
2026-07-30T07:25:17Z,2026-07-30T09:25:17+0200,e73b670a-bc29-4bfc-b6f4-93c290a4d3ee,2026-07-17T22:00:00Z,2026-07-18T00:00:00+0200,168.41,EUR/MWh,DK1,DK_1,imbalance_price,Long,2026-07-30T07:28:36Z
2026-07-30T07:25:17Z,2026-07-30T09:25:17+0200,e73b670a-bc29-4bfc-b6f4-93c290a4d3ee,2026-07-17T22:00:00Z,2026-07-18T00:00:00+0200,168.41,EUR/MWh,DK1,DK_1,imbalance_price,Short,2026-07-30T07:28:36Z
2026-07-30T07:25:17Z,2026-07-30T09:25:17+0200,e73b670a-bc29-4bfc-b6f4-93c290a4d3ee,2026-07-17T22:15:00Z,2026-07-18T00:15:00+0200,160.11,EUR/MWh,DK1,DK_1,imbalance_price,Long,2026-07-30T07:28:36Z
2026-07-30T07:25:17Z,2026-07-30T09:25:17+0200,e73b670a-bc29-4bfc-b6f4-93c290a4d3ee,2026-07-17T22:15:00Z,2026-07-18T00:15:00+0200,160.11,EUR/MWh,DK1,DK_1,imbalance_price,Short,2026-07-30T07:28:36Z
2026-07-30T07:25:17Z,2026-07-30T09:25:17+0200,e73b670a-bc29-4bfc-b6f4-93c290a4d3ee,2026-07-17T22:30:00Z,2026-07-18T00:30:00+0200,294.32,EUR/MWh,DK1,DK_1,imbalance_price,Long,2026-07-30T07:28:36Z
2026-07-30T07:25:17Z,2026-07-30T09:25:17+0200,e73b670a-bc29-4bfc-b6f4-93c290a4d3ee,2026-07-17T22:30:00Z,2026-07-18T00:30:00+0200,294.32,EUR/MWh,DK1,DK_1,imbalance_price,Short,2026-07-30T07:28:36Z
2026-07-30T07:25:17Z,2026-07-30T09:25:17+0200,e73b670a-bc29-4bfc-b6f4-93c290a4d3ee,2026-07-17T22:45:00Z,2026-07-18T00:45:00+0200,240.68,EUR/MWh,DK1,DK_1,imbalance_price,Long,2026-07-30T07:28:36Z
2026-07-30T07:25:17Z,2026-07-30T09:25:17+0200,e73b670a-bc29-4bfc-b6f4-93c290a4d3ee,2026-07-17T22:45:00Z,2026-07-18T00:45:00+0200,240.68,EUR/MWh,DK1,DK_1,imbalance_price,Short,2026-07-30T07:28:36Z
2026-07-30T07:25:17Z,2026-07-30T09:25:17+0200,e73b670a-bc29-4bfc-b6f4-93c290a4d3ee,2026-07-17T23:00:00Z,2026-07-18T01:00:00+0200,334.46,EUR/MWh,DK1,DK_1,imbalance_price,Long,2026-07-30T07:28:36Z
2026-07-30T07:25:17Z,2026-07-30T09:25:17+0200,e73b670a-bc29-4bfc-b6f4-93c290a4d3ee,2026-07-17T23:00:00Z,2026-07-18T01:00:00+0200,334.46,EUR/MWh,DK1,DK_1,imbalance_price,Short,2026-07-30T07:28:36Z
2026-07-30T07:25:17Z,2026-07-30T09:25:17+0200,e73b670a-bc29-4bfc-b6f4-93c290a4d3ee,2026-07-17T23:15:00Z,2026-07-18T01:15:00+0200,100.0,EUR/MWh,DK1,DK_1,imbalance_price,Long,2026-07-30T07:28:36Z
2026-07-30T07:25:17Z,2026-07-30T09:25:17+0200,e73b670a-bc29-4bfc-b6f4-93c290a4d3ee,2026-07-17T23:15:00Z,2026-07-18T01:15:00+0200,100.0,EUR/MWh,DK1,DK_1,imbalance_price,Short,2026-07-30T07:28:36Z
2026-07-30T07:25:17Z,2026-07-30T09:25:17+0200,e73b670a-bc29-4bfc-b6f4-93c290a4d3ee,2026-07-17T23:30:00Z,2026-07-18T01:30:00+0200,93.64,EUR/MWh,DK1,DK_1,imbalance_price,Long,2026-07-30T07:28:36Z
2026-07-30T07:25:17Z,2026-07-30T09:25:17+0200,e73b670a-bc29-4bfc-b6f4-93c290a4d3ee,2026-07-17T23:30:00Z,2026-07-18T01:30:00+0200,93.64,EUR/MWh,DK1,DK_1,imbalance_price,Short,2026-07-30T07:28:36Z
2026-07-30T07:25:17Z,2026-07-30T09:25:17+0200,e73b670a-bc29-4bfc-b6f4-93c290a4d3ee,2026-07-17T23:45:00Z,2026-07-18T01:45:00+0200,177.6,EUR/MWh,DK1,DK_1,imbalance_price,Long,2026-07-30T07:28:36Z
2026-07-30T07:25:17Z,2026-07-30T09:25:17+0200,e73b670a-bc29-4bfc-b6f4-93c290a4d3ee,2026-07-17T23:45:00Z,2026-07-18T01:45:00+0200,177.6,EUR/MWh,DK1,DK_1,imbalance_price,Short,2026-07-30T07:28:36Z
2026-07-30T07:25:17Z,2026-07-30T09:25:17+0200,e73b670a-bc29-4bfc-b6f4-93c290a4d3ee,2026-07-18T00:00:00Z,2026-07-18T02:00:00+0200,180.65,EUR/MWh,DK1,DK_1,imbalance_price,Long,2026-07-30T07:28:36Z
2026-07-30T07:25:17Z,2026-07-30T09:25:17+0200,e73b670a-bc29-4bfc-b6f4-93c290a4d3ee,2026-07-18T00:00:00Z,2026-07-18T02:00:00+0200,180.65,EUR/MWh,DK1,DK_1,imbalance_price,Short,2026-07-30T07:28:36Z
2026-07-30T07:25:17Z,2026-07-30T09:25:17+0200,e73b670a-bc29-4bfc-b6f4-93c290a4d3ee,2026-07-18T00:15:00Z,2026-07-18T02:15:00+0200,147.72,EUR/MWh,DK1,DK_1,imbalance_price,Long,2026-07-30T07:28:36Z
2026-07-30T07:25:17Z,2026-07-30T09:25:17+0200,e73b670a-bc29-4bfc-b6f4-93c290a4d3ee,2026-07-18T00:15:00Z,2026-07-18T02:15:00+0200,147.72,EUR/MWh,DK1,DK_1,imbalance_price,Short,2026-07-30T07:28:36Z
2026-07-30T07:25:17Z,2026-07-30T09:25:17+0200,e73b670a-bc29-4bfc-b6f4-93c290a4d3ee,2026-07-18T00:30:00Z,2026-07-18T02:30:00+0200,267.6,EUR/MWh,DK1,DK_1,imbalance_price,Long,2026-07-30T07:28:36Z
2026-07-30T07:25:17Z,2026-07-30T09:25:17+0200,e73b670a-bc29-4bfc-b6f4-93c290a4d3ee,2026-07-18T00:30:00Z,2026-07-18T02:30:00+0200,267.6,EUR/MWh,DK1,DK_1,imbalance_price,Short,2026-07-30T07:28:36Z
2026-07-30T07:25:17Z,2026-07-30T09:25:17+0200,e73b670a-bc29-4bfc-b6f4-93c290a4d3ee,2026-07-18T00:45:00Z,2026-07-18T02:45:00+0200,140.17,EUR/MWh,DK1,DK_1,imbalance_price,Long,2026-07-30T07:28:36Z
2026-07-30T07:25:17Z,2026-07-30T09:25:17+0200,e73b670a-bc29-4bfc-b6f4-93c290a4d3ee,2026-07-18T00:45:00Z,2026-07-18T02:45:00+0200,140.17,EUR/MWh,DK1,DK_1,imbalance_price,Short,2026-07-30T07:28:36Z
2026-07-30T07:25:17Z,2026-07-30T09:25:17+0200,e73b670a-bc29-4bfc-b6f4-93c290a4d3ee,2026-07-18T01:00:00Z,2026-07-18T03:00:00+0200,70.74,EUR/MWh,DK1,DK_1,imbalance_price,Long,2026-07-30T07:28:36Z
2026-07-30T07:25:17Z,2026-07-30T09:25:17+0200,e73b670a-bc29-4bfc-b6f4-93c290a4d3ee,2026-07-18T01:00:00Z,2026-07-18T03:00:00+0200,70.74,EUR/MWh,DK1,DK_1,imbalance_price,Short,2026-07-30T07:28:36Z
2026-07-30T07:25:17Z,2026-07-30T09:25:17+0200,e73b670a-bc29-4bfc-b6f4-93c290a4d3ee,2026-07-18T01:15:00Z,2026-07-18T03:15:00+0200,93.64,EUR/MWh,DK1,DK_1,imbalance_price,Long,2026-07-30T07:28:36Z
2026-07-30T07:25:17Z,2026-07-30T09:25:17+0200,e73b670a-bc29-4bfc-b6f4-93c290a4d3ee,2026-07-18T01:15:00Z,2026-07-18T03:15:00+0200,93.64,EUR/MWh,DK1,DK_1,imbalance_price,Short,2026-07-30T07:28:36Z
2026-07-30T07:25:17Z,2026-07-30T09:25:17+0200,e73b670a-bc29-4bfc-b6f4-93c290a4d3ee,2026-07-18T01:30:00Z,2026-07-18T03:30:00+0200,153.82,EUR/MWh,DK1,DK_1,imbalance_price,Long,2026-07-30T07:28:36Z
2026-07-30T07:25:17Z,2026-07-30T09:25:17+0200,e73b670a-bc29-4bfc-b6f4-93c290a4d3ee,2026-07-18T01:30:00Z,2026-07-18T03:30:00+0200,153.82,EUR/MWh,DK1,DK_1,imbalance_price,Short,2026-07-30T07:28:36Z
2026-07-30T07:25:17Z,2026-07-30T09:25:17+0200,e73b670a-bc29-4bfc-b6f4-93c290a4d3ee,2026-07-18T01:45:00Z,2026-07-18T03:45:00+0200,334.44,EUR/MWh,DK1,DK_1,imbalance_price,Long,2026-07-30T07:28:36Z
2026-07-30T07:25:17Z,2026-07-30T09:25:17+0200,e73b670a-bc29-4bfc-b6f4-93c290a4d3ee,2026-07-18T01:45:00Z,2026-07-18T03:45:00+0200,334.44,EUR/MWh,DK1,DK_1,imbalance_price,Short,2026-07-30T07:28:36Z
2026-07-30T07:25:17Z,2026-07-30T09:25:17+0200,e73b670a-bc29-4bfc-b6f4-93c290a4d3ee,2026-07-18T02:00:00Z,2026-07-18T04:00:00+0200,334.56,EUR/MWh,DK1,DK_1,imbalance_price,Long,2026-07-30T07:28:36Z
2026-07-30T07:25:17Z,2026-07-30T09:25:17+0200,e73b670a-bc29-4bfc-b6f4-93c290a4d3ee,2026-07-18T02:00:00Z,2026-07-18T04:00:00+0200,334.56,EUR/MWh,DK1,DK_1,imbalance_price,Short,2026-07-30T07:28:36Z
2026-07-30T07:25:17Z,2026-07-30T09:25:17+0200,e73b670a-bc29-4bfc-b6f4-93c290a4d3ee,2026-07-18T02:15:00Z,2026-07-18T04:15:00+0200,294.31,EUR/MWh,DK1,DK_1,imbalance_price,Long,2026-07-30T07:28:36Z
2026-07-30T07:25:17Z,2026-07-30T09:25:17+0200,e73b670a-bc29-4bfc-b6f4-93c290a4d3ee,2026-07-18T02:15:00Z,2026-07-18T04:15:00+0200,294.31,EUR/MWh,DK1,DK_1,imbalance_price,Short,2026-07-30T07:28:36Z
2026-07-30T07:25:17Z,2026-07-30T09:25:17+0200,e73b670a-bc29-4bfc-b6f4-93c290a4d3ee,2026-07-18T02:30:00Z,2026-07-18T04:30:00+0200,296.98,EUR/MWh,DK1,DK_1,imbalance_price,Long,2026-07-30T07:28:36Z
2026-07-30T07:25:17Z,2026-07-30T09:25:17+0200,e73b670a-bc29-4bfc-b6f4-93c290a4d3ee,2026-07-18T02:30:00Z,2026-07-18T04:30:00+0200,296.98,EUR/MWh,DK1,DK_1,imbalance_price,Short,2026-07-30T07:28:36Z
2026-07-30T07:25:17Z,2026-07-30T09:25:17+0200,e73b670a-bc29-4bfc-b6f4-93c290a4d3ee,2026-07-18T02:45:00Z,2026-07-18T04:45:00+0200,70.79,EUR/MWh,DK1,DK_1,imbalance_price,Long,2026-07-30T07:28:36Z
2026-07-30T07:25:17Z,2026-07-30T09:25:17+0200,e73b670a-bc29-4bfc-b6f4-93c290a4d3ee,2026-07-18T02:45:00Z,2026-07-18T04:45:00+0200,70.79,EUR/MWh,DK1,DK_1,imbalance_price,Short,2026-07-30T07:28:36Z
2026-07-30T07:25:17Z,2026-07-30T09:25:17+0200,e73b670a-bc29-4bfc-b6f4-93c290a4d3ee,2026-07-18T03:00:00Z,2026-07-18T05:00:00+0200,92.93,EUR/MWh,DK1,DK_1,imbalance_price,Long,2026-07-30T07:28:36Z
2026-07-30T07:25:17Z,2026-07-30T09:25:17+0200,e73b670a-bc29-4bfc-b6f4-93c290a4d3ee,2026-07-18T03:00:00Z,2026-07-18T05:00:00+0200,92.93,EUR/MWh,DK1,DK_1,imbalance_price,Short,2026-07-30T07:28:36Z
2026-07-30T07:25:17Z,2026-07-30T09:25:17+0200,e73b670a-bc29-4bfc-b6f4-93c290a4d3ee,2026-07-18T03:15:00Z,2026-07-18T05:15:00+0200,125.99,EUR/MWh,DK1,DK_1,imbalance_price,Long,2026-07-30T07:28:36Z
2026-07-30T07:25:17Z,2026-07-30T09:25:17+0200,e73b670a-bc29-4bfc-b6f4-93c290a4d3ee,2026-07-18T03:15:00Z,2026-07-18T05:15:00+0200,125.99,EUR/MWh,DK1,DK_1,imbalance_price,Short,2026-07-30T07:28:36Z
2026-07-30T07:25:17Z,2026-07-30T09:25:17+0200,e73b670a-bc29-4bfc-b6f4-93c290a4d3ee,2026-07-18T03:30:00Z,2026-07-18T05:30:00+0200,124.25,EUR/MWh,DK1,DK_1,imbalance_price,Long,2026-07-30T07:28:36Z
2026-07-30T07:25:17Z,2026-07-30T09:25:17+0200,e73b670a-bc29-4bfc-b6f4-93c290a4d3ee,2026-07-18T03:30:00Z,2026-07-18T05:30:00+0200,124.25,EUR/MWh,DK1,DK_1,imbalance_price,Short,2026-07-30T07:28:36Z
2026-07-30T07:25:17Z,2026-07-30T09:25:17+0200,e73b670a-bc29-4bfc-b6f4-93c290a4d3ee,2026-07-18T03:45:00Z,2026-07-18T05:45:00+0200,184.09,EUR/MWh,DK1,DK_1,imbalance_price,Long,2026-07-30T07:28:36Z
2026-07-30T07:25:17Z,2026-07-30T09:25:17+0200,e73b670a-bc29-4bfc-b6f4-93c290a4d3ee,2026-07-18T03:45:00Z,2026-07-18T05:45:00+0200,184.09,EUR/MWh,DK1,DK_1,imbalance_price,Short,2026-07-30T07:28:36Z
2026-07-30T07:25:17Z,2026-07-30T09:25:17+0200,e73b670a-bc29-4bfc-b6f4-93c290a4d3ee,2026-07-18T04:00:00Z,2026-07-18T06:00:00+0200,221.0,EUR/MWh,DK1,DK_1,imbalance_price,Long,2026-07-30T07:28:36Z
2026-07-30T07:25:17Z,2026-07-30T09:25:17+0200,e73b670a-bc29-4bfc-b6f4-93c290a4d3ee,2026-07-18T04:00:00Z,2026-07-18T06:00:00+0200,221.0,EUR/MWh,DK1,DK_1,imbalance_price,Short,2026-07-30T07:28:36Z
2026-07-30T07:25:17Z,2026-07-30T09:25:17+0200,e73b670a-bc29-4bfc-b6f4-93c290a4d3ee,2026-07-18T04:15:00Z,2026-07-18T06:15:00+0200,267.6,EUR/MWh,DK1,DK_1,imbalance_price,Long,2026-07-30T07:28:36Z
2026-07-30T07:25:17Z,2026-07-30T09:25:17+0200,e73b670a-bc29-4bfc-b6f4-93c290a4d3ee,2026-07-18T04:15:00Z,2026-07-18T06:15:00+0200,267.6,EUR/MWh,DK1,DK_1,imbalance_price,Short,2026-07-30T07:28:36Z
2026-07-30T07:25:17Z,2026-07-30T09:25:17+0200,e73b670a-bc29-4bfc-b6f4-93c290a4d3ee,2026-07-18T04:30:00Z,2026-07-18T06:30:00+0200,306.4,EUR/MWh,DK1,DK_1,imbalance_price,Long,2026-07-30T07:28:36Z
2026-07-30T07:25:17Z,2026-07-30T09:25:17+0200,e73b670a-bc29-4bfc-b6f4-93c290a4d3ee,2026-07-18T04:30:00Z,2026-07-18T06:30:00+0200,306.4,EUR/MWh,DK1,DK_1,imbalance_price,Short,2026-07-30T07:28:36Z
2026-07-30T07:25:17Z,2026-07-30T09:25:17+0200,e73b670a-bc29-4bfc-b6f4-93c290a4d3ee,2026-07-18T04:45:00Z,2026-07-18T06:45:00+0200,145.0,EUR/MWh,DK1,DK_1,imbalance_price,Long,2026-07-30T07:28:36Z
2026-07-30T07:25:17Z,2026-07-30T09:25:17+0200,e73b670a-bc29-4bfc-b6f4-93c290a4d3ee,2026-07-18T04:45:00Z,2026-07-18T06:45:00+0200,145.0,EUR/MWh,DK1,DK_1,imbalance_price,Short,2026-07-30T07:28:36Z
2026-07-30T07:25:17Z,2026-07-30T09:25:17+0200,e73b670a-bc29-4bfc-b6f4-93c290a4d3ee,2026-07-18T05:00:00Z,2026-07-18T07:00:00+0200,298.0,EUR/MWh,DK1,DK_1,imbalance_price,Long,2026-07-30T07:28:36Z
2026-07-30T07:25:17Z,2026-07-30T09:25:17+0200,e73b670a-bc29-4bfc-b6f4-93c290a4d3ee,2026-07-18T05:00:00Z,2026-07-18T07:00:00+0200,298.0,EUR/MWh,DK1,DK_1,imbalance_price,Short,2026-07-30T07:28:36Z
2026-07-30T07:25:17Z,2026-07-30T09:25:17+0200,e73b670a-bc29-4bfc-b6f4-93c290a4d3ee,2026-07-18T05:15:00Z,2026-07-18T07:15:00+0200,251.42,EUR/MWh,DK1,DK_1,imbalance_price,Long,2026-07-30T07:28:36Z
2026-07-30T07:25:17Z,2026-07-30T09:25:17+0200,e73b670a-bc29-4bfc-b6f4-93c290a4d3ee,2026-07-18T05:15:00Z,2026-07-18T07:15:00+0200,251.42,EUR/MWh,DK1,DK_1,imbalance_price,Short,2026-07-30T07:28:36Z
2026-07-30T07:25:17Z,2026-07-30T09:25:17+0200,e73b670a-bc29-4bfc-b6f4-93c290a4d3ee,2026-07-18T05:30:00Z,2026-07-18T07:30:00+0200,294.31,EUR/MWh,DK1,DK_1,imbalance_price,Long,2026-07-30T07:28:36Z
2026-07-30T07:25:17Z,2026-07-30T09:25:17+0200,e73b670a-bc29-4bfc-b6f4-93c290a4d3ee,2026-07-18T05:30:00Z,2026-07-18T07:30:00+0200,294.31,EUR/MWh,DK1,DK_1,imbalance_price,Short,2026-07-30T07:28:36Z
2026-07-30T07:25:17Z,2026-07-30T09:25:17+0200,e73b670a-bc29-4bfc-b6f4-93c290a4d3ee,2026-07-18T05:45:00Z,2026-07-18T07:45:00+0200,108.16,EUR/MWh,DK1,DK_1,imbalance_price,Long,2026-07-30T07:28:36Z
2026-07-30T07:25:17Z,2026-07-30T09:25:17+0200,e73b670a-bc29-4bfc-b6f4-93c290a4d3ee,2026-07-18T05:45:00Z,2026-07-18T07:45:00+0200,108.16,EUR/MWh,DK1,DK_1,imbalance_price,Short,2026-07-30T07:28:36Z
2026-07-30T07:25:17Z,2026-07-30T09:25:17+0200,e73b670a-bc29-4bfc-b6f4-93c290a4d3ee,2026-07-18T06:00:00Z,2026-07-18T08:00:00+0200,361.06,EUR/MWh,DK1,DK_1,imbalance_price,Long,2026-07-30T07:28:36Z
2026-07-30T07:25:17Z,2026-07-30T09:25:17+0200,e73b670a-bc29-4bfc-b6f4-93c290a4d3ee,2026-07-18T06:00:00Z,2026-07-18T08:00:00+0200,361.06,EUR/MWh,DK1,DK_1,imbalance_price,Short,2026-07-30T07:28:36Z
2026-07-30T07:25:17Z,2026-07-30T09:25:17+0200,e73b670a-bc29-4bfc-b6f4-93c290a4d3ee,2026-07-18T06:15:00Z,2026-07-18T08:15:00+0200,468.19,EUR/MWh,DK1,DK_1,imbalance_price,Long,2026-07-30T07:28:36Z
2026-07-30T07:25:17Z,2026-07-30T09:25:17+0200,e73b670a-bc29-4bfc-b6f4-93c290a4d3ee,2026-07-18T06:15:00Z,2026-07-18T08:15:00+0200,468.19,EUR/MWh,DK1,DK_1,imbalance_price,Short,2026-07-30T07:28:36Z
2026-07-30T07:25:17Z,2026-07-30T09:25:17+0200,e73b670a-bc29-4bfc-b6f4-93c290a4d3ee,2026-07-18T06:30:00Z,2026-07-18T08:30:00+0200,428.05,EUR/MWh,DK1,DK_1,imbalance_price,Long,2026-07-30T07:28:36Z
2026-07-30T07:25:17Z,2026-07-30T09:25:17+0200,e73b670a-bc29-4bfc-b6f4-93c290a4d3ee,2026-07-18T06:30:00Z,2026-07-18T08:30:00+0200,428.05,EUR/MWh,DK1,DK_1,imbalance_price,Short,2026-07-30T07:28:36Z
2026-07-30T07:25:17Z,2026-07-30T09:25:17+0200,e73b670a-bc29-4bfc-b6f4-93c290a4d3ee,2026-07-18T06:45:00Z,2026-07-18T08:45:00+0200,99.6,EUR/MWh,DK1,DK_1,imbalance_price,Long,2026-07-30T07:28:36Z
2026-07-30T07:25:17Z,2026-07-30T09:25:17+0200,e73b670a-bc29-4bfc-b6f4-93c290a4d3ee,2026-07-18T06:45:00Z,2026-07-18T08:45:00+0200,99.6,EUR/MWh,DK1,DK_1,imbalance_price,Short,2026-07-30T07:28:36Z
2026-07-30T07:25:17Z,2026-07-30T09:25:17+0200,e73b670a-bc29-4bfc-b6f4-93c290a4d3ee,2026-07-18T07:00:00Z,2026-07-18T09:00:00+0200,52.69,EUR/MWh,DK1,DK_1,imbalance_price,Long,2026-07-30T07:28:36Z
2026-07-30T07:25:17Z,2026-07-30T09:25:17+0200,e73b670a-bc29-4bfc-b6f4-93c290a4d3ee,2026-07-18T07:00:00Z,2026-07-18T09:00:00+0200,52.69,EUR/MWh,DK1,DK_1,imbalance_price,Short,2026-07-30T07:28:36Z
2026-07-30T07:25:17Z,2026-07-30T09:25:17+0200,e73b670a-bc29-4bfc-b6f4-93c290a4d3ee,2026-07-18T07:15:00Z,2026-07-18T09:15:00+0200,0.05,EUR/MWh,DK1,DK_1,imbalance_price,Long,2026-07-30T07:28:36Z
2026-07-30T07:25:17Z,2026-07-30T09:25:17+0200,e73b670a-bc29-4bfc-b6f4-93c290a4d3ee,2026-07-18T07:15:00Z,2026-07-18T09:15:00+0200,0.05,EUR/MWh,DK1,DK_1,imbalance_price,Short,2026-07-30T07:28:36Z
2026-07-30T07:25:17Z,2026-07-30T09:25:17+0200,e73b670a-bc29-4bfc-b6f4-93c290a4d3ee,2026-07-18T07:30:00Z,2026-07-18T09:30:00+0200,-6.69,EUR/MWh,DK1,DK_1,imbalance_price,Long,2026-07-30T07:28:36Z
2026-07-30T07:25:17Z,2026-07-30T09:25:17+0200,e73b670a-bc29-4bfc-b6f4-93c290a4d3ee,2026-07-18T07:30:00Z,2026-07-18T09:30:00+0200,-6.69,EUR/MWh,DK1,DK_1,imbalance_price,Short,2026-07-30T07:28:36Z
2026-07-30T07:25:17Z,2026-07-30T09:25:17+0200,e73b670a-bc29-4bfc-b6f4-93c290a4d3ee,2026-07-18T07:45:00Z,2026-07-18T09:45:00+0200,-6.69,EUR/MWh,DK1,DK_1,imbalance_price,Long,2026-07-30T07:28:36Z
2026-07-30T07:25:17Z,2026-07-30T09:25:17+0200,e73b670a-bc29-4bfc-b6f4-93c290a4d3ee,2026-07-18T07:45:00Z,2026-07-18T09:45:00+0200,-6.69,EUR/MWh,DK1,DK_1,imbalance_price,Short,2026-07-30T07:28:36Z
2026-07-30T07:25:17Z,2026-07-30T09:25:17+0200,e73b670a-bc29-4bfc-b6f4-93c290a4d3ee,2026-07-18T08:00:00Z,2026-07-18T10:00:00+0200,-6.69,EUR/MWh,DK1,DK_1,imbalance_price,Long,2026-07-30T07:28:36Z
2026-07-30T07:25:17Z,2026-07-30T09:25:17+0200,e73b670a-bc29-4bfc-b6f4-93c290a4d3ee,2026-07-18T08:00:00Z,2026-07-18T10:00:00+0200,-6.69,EUR/MWh,DK1,DK_1,imbalance_price,Short,2026-07-30T07:28:36Z
2026-07-30T07:25:17Z,2026-07-30T09:25:17+0200,e73b670a-bc29-4bfc-b6f4-93c290a4d3ee,2026-07-18T08:15:00Z,2026-07-18T10:15:00+0200,-10.0,EUR/MWh,DK1,DK_1,imbalance_price,Long,2026-07-30T07:28:36Z
2026-07-30T07:25:17Z,2026-07-30T09:25:17+0200,e73b670a-bc29-4bfc-b6f4-93c290a4d3ee,2026-07-18T08:15:00Z,2026-07-18T10:15:00+0200,-10.0,EUR/MWh,DK1,DK_1,imbalance_price,Short,2026-07-30T07:28:36Z
2026-07-30T07:25:17Z,2026-07-30T09:25:17+0200,e73b670a-bc29-4bfc-b6f4-93c290a4d3ee,2026-07-18T08:30:00Z,2026-07-18T10:30:00+0200,-10.0,EUR/MWh,DK1,DK_1,imbalance_price,Long,2026-07-30T07:28:36Z
2026-07-30T07:25:17Z,2026-07-30T09:25:17+0200,e73b670a-bc29-4bfc-b6f4-93c290a4d3ee,2026-07-18T08:30:00Z,2026-07-18T10:30:00+0200,-10.0,EUR/MWh,DK1,DK_1,imbalance_price,Short,2026-07-30T07:28:36Z
2026-07-30T07:25:17Z,2026-07-30T09:25:17+0200,e73b670a-bc29-4bfc-b6f4-93c290a4d3ee,2026-07-18T08:45:00Z,2026-07-18T10:45:00+0200,-10.0,EUR/MWh,DK1,DK_1,imbalance_price,Long,2026-07-30T07:28:36Z
2026-07-30T07:25:17Z,2026-07-30T09:25:17+0200,e73b670a-bc29-4bfc-b6f4-93c290a4d3ee,2026-07-18T08:45:00Z,2026-07-18T10:45:00+0200,-10.0,EUR/MWh,DK1,DK_1,imbalance_price,Short,2026-07-30T07:28:36Z
2026-07-30T07:25:17Z,2026-07-30T09:25:17+0200,e73b670a-bc29-4bfc-b6f4-93c290a4d3ee,2026-07-18T09:00:00Z,2026-07-18T11:00:00+0200,-7.42,EUR/MWh,DK1,DK_1,imbalance_price,Long,2026-07-30T07:28:36Z
2026-07-30T07:25:17Z,2026-07-30T09:25:17+0200,e73b670a-bc29-4bfc-b6f4-93c290a4d3ee,2026-07-18T09:00:00Z,2026-07-18T11:00:00+0200,-7.42,EUR/MWh,DK1,DK_1,imbalance_price,Short,2026-07-30T07:28:36Z
2026-07-30T07:25:17Z,2026-07-30T09:25:17+0200,e73b670a-bc29-4bfc-b6f4-93c290a4d3ee,2026-07-18T09:15:00Z,2026-07-18T11:15:00+0200,-14.58,EUR/MWh,DK1,DK_1,imbalance_price,Long,2026-07-30T07:28:36Z
2026-07-30T07:25:17Z,2026-07-30T09:25:17+0200,e73b670a-bc29-4bfc-b6f4-93c290a4d3ee,2026-07-18T09:15:00Z,2026-07-18T11:15:00+0200,-14.58,EUR/MWh,DK1,DK_1,imbalance_price,Short,2026-07-30T07:28:36Z
2026-07-30T07:25:17Z,2026-07-30T09:25:17+0200,e73b670a-bc29-4bfc-b6f4-93c290a4d3ee,2026-07-18T09:30:00Z,2026-07-18T11:30:00+0200,-7.5,EUR/MWh,DK1,DK_1,imbalance_price,Long,2026-07-30T07:28:36Z
2026-07-30T07:25:17Z,2026-07-30T09:25:17+0200,e73b670a-bc29-4bfc-b6f4-93c290a4d3ee,2026-07-18T09:30:00Z,2026-07-18T11:30:00+0200,-7.5,EUR/MWh,DK1,DK_1,imbalance_price,Short,2026-07-30T07:28:36Z
2026-07-30T07:25:17Z,2026-07-30T09:25:17+0200,e73b670a-bc29-4bfc-b6f4-93c290a4d3ee,2026-07-18T09:45:00Z,2026-07-18T11:45:00+0200,-7.83,EUR/MWh,DK1,DK_1,imbalance_price,Long,2026-07-30T07:28:36Z
2026-07-30T07:25:17Z,2026-07-30T09:25:17+0200,e73b670a-bc29-4bfc-b6f4-93c290a4d3ee,2026-07-18T09:45:00Z,2026-07-18T11:45:00+0200,-7.83,EUR/MWh,DK1,DK_1,imbalance_price,Short,2026-07-30T07:28:36Z
2026-07-30T07:25:17Z,2026-07-30T09:25:17+0200,e73b670a-bc29-4bfc-b6f4-93c290a4d3ee,2026-07-18T10:00:00Z,2026-07-18T12:00:00+0200,-2.39,EUR/MWh,DK1,DK_1,imbalance_price,Long,2026-07-30T07:28:36Z
2026-07-30T07:25:17Z,2026-07-30T09:25:17+0200,e73b670a-bc29-4bfc-b6f4-93c290a4d3ee,2026-07-18T10:00:00Z,2026-07-18T12:00:00+0200,-2.39,EUR/MWh,DK1,DK_1,imbalance_price,Short,2026-07-30T07:28:36Z
2026-07-30T07:25:17Z,2026-07-30T09:25:17+0200,e73b670a-bc29-4bfc-b6f4-93c290a4d3ee,2026-07-18T10:15:00Z,2026-07-18T12:15:00+0200,-1.0,EUR/MWh,DK1,DK_1,imbalance_price,Long,2026-07-30T07:28:36Z
2026-07-30T07:25:17Z,2026-07-30T09:25:17+0200,e73b670a-bc29-4bfc-b6f4-93c290a4d3ee,2026-07-18T10:15:00Z,2026-07-18T12:15:00+0200,-1.0,EUR/MWh,DK1,DK_1,imbalance_price,Short,2026-07-30T07:28:36Z
2026-07-30T07:25:17Z,2026-07-30T09:25:17+0200,e73b670a-bc29-4bfc-b6f4-93c290a4d3ee,2026-07-18T10:30:00Z,2026-07-18T12:30:00+0200,-0.04,EUR/MWh,DK1,DK_1,imbalance_price,Long,2026-07-30T07:28:36Z
2026-07-30T07:25:17Z,2026-07-30T09:25:17+0200,e73b670a-bc29-4bfc-b6f4-93c290a4d3ee,2026-07-18T10:30:00Z,2026-07-18T12:30:00+0200,-0.04,EUR/MWh,DK1,DK_1,imbalance_price,Short,2026-07-30T07:28:36Z
2026-07-30T07:25:17Z,2026-07-30T09:25:17+0200,e73b670a-bc29-4bfc-b6f4-93c290a4d3ee,2026-07-18T10:45:00Z,2026-07-18T12:45:00+0200,-1.12,EUR/MWh,DK1,DK_1,imbalance_price,Long,2026-07-30T07:28:36Z
2026-07-30T07:25:17Z,2026-07-30T09:25:17+0200,e73b670a-bc29-4bfc-b6f4-93c290a4d3ee,2026-07-18T10:45:00Z,2026-07-18T12:45:00+0200,-1.12,EUR/MWh,DK1,DK_1,imbalance_price,Short,2026-07-30T07:28:36Z
2026-07-30T07:25:17Z,2026-07-30T09:25:17+0200,e73b670a-bc29-4bfc-b6f4-93c290a4d3ee,2026-07-18T11:00:00Z,2026-07-18T13:00:00+0200,-2.25,EUR/MWh,DK1,DK_1,imbalance_price,Long,2026-07-30T07:28:36Z
2026-07-30T07:25:17Z,2026-07-30T09:25:17+0200,e73b670a-bc29-4bfc-b6f4-93c290a4d3ee,2026-07-18T11:00:00Z,2026-07-18T13:00:00+0200,-2.25,EUR/MWh,DK1,DK_1,imbalance_price,Short,2026-07-30T07:28:36Z
2026-07-30T07:25:17Z,2026-07-30T09:25:17+0200,e73b670a-bc29-4bfc-b6f4-93c290a4d3ee,2026-07-18T11:15:00Z,2026-07-18T13:15:00+0200,-0.61,EUR/MWh,DK1,DK_1,imbalance_price,Long,2026-07-30T07:28:36Z
2026-07-30T07:25:17Z,2026-07-30T09:25:17+0200,e73b670a-bc29-4bfc-b6f4-93c290a4d3ee,2026-07-18T11:15:00Z,2026-07-18T13:15:00+0200,-0.61,EUR/MWh,DK1,DK_1,imbalance_price,Short,2026-07-30T07:28:36Z
2026-07-30T07:25:17Z,2026-07-30T09:25:17+0200,e73b670a-bc29-4bfc-b6f4-93c290a4d3ee,2026-07-18T11:30:00Z,2026-07-18T13:30:00+0200,-0.69,EUR/MWh,DK1,DK_1,imbalance_price,Long,2026-07-30T07:28:36Z
2026-07-30T07:25:17Z,2026-07-30T09:25:17+0200,e73b670a-bc29-4bfc-b6f4-93c290a4d3ee,2026-07-18T11:30:00Z,2026-07-18T13:30:00+0200,-0.69,EUR/MWh,DK1,DK_1,imbalance_price,Short,2026-07-30T07:28:36Z
2026-07-30T07:25:17Z,2026-07-30T09:25:17+0200,e73b670a-bc29-4bfc-b6f4-93c290a4d3ee,2026-07-18T11:45:00Z,2026-07-18T13:45:00+0200,4.13,EUR/MWh,DK1,DK_1,imbalance_price,Long,2026-07-30T07:28:36Z
2026-07-30T07:25:17Z,2026-07-30T09:25:17+0200,e73b670a-bc29-4bfc-b6f4-93c290a4d3ee,2026-07-18T11:45:00Z,2026-07-18T13:45:00+0200,4.13,EUR/MWh,DK1,DK_1,imbalance_price,Short,2026-07-30T07:28:36Z
2026-07-30T07:25:17Z,2026-07-30T09:25:17+0200,e73b670a-bc29-4bfc-b6f4-93c290a4d3ee,2026-07-18T12:00:00Z,2026-07-18T14:00:00+0200,-6.6,EUR/MWh,DK1,DK_1,imbalance_price,Long,2026-07-30T07:28:36Z
2026-07-30T07:25:17Z,2026-07-30T09:25:17+0200,e73b670a-bc29-4bfc-b6f4-93c290a4d3ee,2026-07-18T12:00:00Z,2026-07-18T14:00:00+0200,-6.6,EUR/MWh,DK1,DK_1,imbalance_price,Short,2026-07-30T07:28:36Z
2026-07-30T07:25:17Z,2026-07-30T09:25:17+0200,e73b670a-bc29-4bfc-b6f4-93c290a4d3ee,2026-07-18T12:15:00Z,2026-07-18T14:15:00+0200,-10.04,EUR/MWh,DK1,DK_1,imbalance_price,Long,2026-07-30T07:28:36Z
2026-07-30T07:25:17Z,2026-07-30T09:25:17+0200,e73b670a-bc29-4bfc-b6f4-93c290a4d3ee,2026-07-18T12:15:00Z,2026-07-18T14:15:00+0200,-10.04,EUR/MWh,DK1,DK_1,imbalance_price,Short,2026-07-30T07:28:36Z
2026-07-30T07:25:17Z,2026-07-30T09:25:17+0200,e73b670a-bc29-4bfc-b6f4-93c290a4d3ee,2026-07-18T12:30:00Z,2026-07-18T14:30:00+0200,4.04,EUR/MWh,DK1,DK_1,imbalance_price,Long,2026-07-30T07:28:36Z
2026-07-30T07:25:17Z,2026-07-30T09:25:17+0200,e73b670a-bc29-4bfc-b6f4-93c290a4d3ee,2026-07-18T12:30:00Z,2026-07-18T14:30:00+0200,4.04,EUR/MWh,DK1,DK_1,imbalance_price,Short,2026-07-30T07:28:36Z
2026-07-30T07:25:17Z,2026-07-30T09:25:17+0200,e73b670a-bc29-4bfc-b6f4-93c290a4d3ee,2026-07-18T12:45:00Z,2026-07-18T14:45:00+0200,-17.0,EUR/MWh,DK1,DK_1,imbalance_price,Long,2026-07-30T07:28:36Z
2026-07-30T07:25:17Z,2026-07-30T09:25:17+0200,e73b670a-bc29-4bfc-b6f4-93c290a4d3ee,2026-07-18T12:45:00Z,2026-07-18T14:45:00+0200,-17.0,EUR/MWh,DK1,DK_1,imbalance_price,Short,2026-07-30T07:28:36Z
2026-07-30T07:25:17Z,2026-07-30T09:25:17+0200,e73b670a-bc29-4bfc-b6f4-93c290a4d3ee,2026-07-18T13:00:00Z,2026-07-18T15:00:00+0200,-19.94,EUR/MWh,DK1,DK_1,imbalance_price,Long,2026-07-30T07:28:36Z
2026-07-30T07:25:17Z,2026-07-30T09:25:17+0200,e73b670a-bc29-4bfc-b6f4-93c290a4d3ee,2026-07-18T13:00:00Z,2026-07-18T15:00:00+0200,-19.94,EUR/MWh,DK1,DK_1,imbalance_price,Short,2026-07-30T07:28:36Z
2026-07-30T07:25:17Z,2026-07-30T09:25:17+0200,e73b670a-bc29-4bfc-b6f4-93c290a4d3ee,2026-07-18T13:15:00Z,2026-07-18T15:15:00+0200,-13.38,EUR/MWh,DK1,DK_1,imbalance_price,Long,2026-07-30T07:28:36Z
2026-07-30T07:25:17Z,2026-07-30T09:25:17+0200,e73b670a-bc29-4bfc-b6f4-93c290a4d3ee,2026-07-18T13:15:00Z,2026-07-18T15:15:00+0200,-13.38,EUR/MWh,DK1,DK_1,imbalance_price,Short,2026-07-30T07:28:36Z
2026-07-30T07:25:17Z,2026-07-30T09:25:17+0200,e73b670a-bc29-4bfc-b6f4-93c290a4d3ee,2026-07-18T13:30:00Z,2026-07-18T15:30:00+0200,-1.74,EUR/MWh,DK1,DK_1,imbalance_price,Long,2026-07-30T07:28:36Z
2026-07-30T07:25:17Z,2026-07-30T09:25:17+0200,e73b670a-bc29-4bfc-b6f4-93c290a4d3ee,2026-07-18T13:30:00Z,2026-07-18T15:30:00+0200,-1.74,EUR/MWh,DK1,DK_1,imbalance_price,Short,2026-07-30T07:28:36Z
2026-07-30T07:25:17Z,2026-07-30T09:25:17+0200,e73b670a-bc29-4bfc-b6f4-93c290a4d3ee,2026-07-18T13:45:00Z,2026-07-18T15:45:00+0200,-9.43,EUR/MWh,DK1,DK_1,imbalance_price,Long,2026-07-30T07:28:36Z
2026-07-30T07:25:17Z,2026-07-30T09:25:17+0200,e73b670a-bc29-4bfc-b6f4-93c290a4d3ee,2026-07-18T13:45:00Z,2026-07-18T15:45:00+0200,-9.43,EUR/MWh,DK1,DK_1,imbalance_price,Short,2026-07-30T07:28:36Z
2026-07-30T07:25:17Z,2026-07-30T09:25:17+0200,e73b670a-bc29-4bfc-b6f4-93c290a4d3ee,2026-07-18T14:00:00Z,2026-07-18T16:00:00+0200,-1.04,EUR/MWh,DK1,DK_1,imbalance_price,Long,2026-07-30T07:28:36Z
2026-07-30T07:25:17Z,2026-07-30T09:25:17+0200,e73b670a-bc29-4bfc-b6f4-93c290a4d3ee,2026-07-18T14:00:00Z,2026-07-18T16:00:00+0200,-1.04,EUR/MWh,DK1,DK_1,imbalance_price,Short,2026-07-30T07:28:36Z
2026-07-30T07:25:17Z,2026-07-30T09:25:17+0200,e73b670a-bc29-4bfc-b6f4-93c290a4d3ee,2026-07-18T14:15:00Z,2026-07-18T16:15:00+0200,-0.39,EUR/MWh,DK1,DK_1,imbalance_price,Long,2026-07-30T07:28:36Z
2026-07-30T07:25:17Z,2026-07-30T09:25:17+0200,e73b670a-bc29-4bfc-b6f4-93c290a4d3ee,2026-07-18T14:15:00Z,2026-07-18T16:15:00+0200,-0.39,EUR/MWh,DK1,DK_1,imbalance_price,Short,2026-07-30T07:28:36Z
2026-07-30T07:25:17Z,2026-07-30T09:25:17+0200,e73b670a-bc29-4bfc-b6f4-93c290a4d3ee,2026-07-18T14:30:00Z,2026-07-18T16:30:00+0200,-0.03,EUR/MWh,DK1,DK_1,imbalance_price,Long,2026-07-30T07:28:36Z
2026-07-30T07:25:17Z,2026-07-30T09:25:17+0200,e73b670a-bc29-4bfc-b6f4-93c290a4d3ee,2026-07-18T14:30:00Z,2026-07-18T16:30:00+0200,-0.03,EUR/MWh,DK1,DK_1,imbalance_price,Short,2026-07-30T07:28:36Z
2026-07-30T07:25:17Z,2026-07-30T09:25:17+0200,e73b670a-bc29-4bfc-b6f4-93c290a4d3ee,2026-07-18T14:45:00Z,2026-07-18T16:45:00+0200,23.94,EUR/MWh,DK1,DK_1,imbalance_price,Long,2026-07-30T07:28:36Z
2026-07-30T07:25:17Z,2026-07-30T09:25:17+0200,e73b670a-bc29-4bfc-b6f4-93c290a4d3ee,2026-07-18T14:45:00Z,2026-07-18T16:45:00+0200,23.94,EUR/MWh,DK1,DK_1,imbalance_price,Short,2026-07-30T07:28:36Z
2026-07-30T07:25:17Z,2026-07-30T09:25:17+0200,e73b670a-bc29-4bfc-b6f4-93c290a4d3ee,2026-07-18T15:00:00Z,2026-07-18T17:00:00+0200,-0.01,EUR/MWh,DK1,DK_1,imbalance_price,Long,2026-07-30T07:28:36Z
2026-07-30T07:25:17Z,2026-07-30T09:25:17+0200,e73b670a-bc29-4bfc-b6f4-93c290a4d3ee,2026-07-18T15:00:00Z,2026-07-18T17:00:00+0200,-0.01,EUR/MWh,DK1,DK_1,imbalance_price,Short,2026-07-30T07:28:36Z
2026-07-30T07:25:17Z,2026-07-30T09:25:17+0200,e73b670a-bc29-4bfc-b6f4-93c290a4d3ee,2026-07-18T15:15:00Z,2026-07-18T17:15:00+0200,0.1,EUR/MWh,DK1,DK_1,imbalance_price,Long,2026-07-30T07:28:36Z
2026-07-30T07:25:17Z,2026-07-30T09:25:17+0200,e73b670a-bc29-4bfc-b6f4-93c290a4d3ee,2026-07-18T15:15:00Z,2026-07-18T17:15:00+0200,0.1,EUR/MWh,DK1,DK_1,imbalance_price,Short,2026-07-30T07:28:36Z
2026-07-30T07:25:17Z,2026-07-30T09:25:17+0200,e73b670a-bc29-4bfc-b6f4-93c290a4d3ee,2026-07-18T15:30:00Z,2026-07-18T17:30:00+0200,140.48,EUR/MWh,DK1,DK_1,imbalance_price,Long,2026-07-30T07:28:36Z
2026-07-30T07:25:17Z,2026-07-30T09:25:17+0200,e73b670a-bc29-4bfc-b6f4-93c290a4d3ee,2026-07-18T15:30:00Z,2026-07-18T17:30:00+0200,140.48,EUR/MWh,DK1,DK_1,imbalance_price,Short,2026-07-30T07:28:36Z
2026-07-30T07:25:17Z,2026-07-30T09:25:17+0200,e73b670a-bc29-4bfc-b6f4-93c290a4d3ee,2026-07-18T15:45:00Z,2026-07-18T17:45:00+0200,209.39,EUR/MWh,DK1,DK_1,imbalance_price,Long,2026-07-30T07:28:36Z
2026-07-30T07:25:17Z,2026-07-30T09:25:17+0200,e73b670a-bc29-4bfc-b6f4-93c290a4d3ee,2026-07-18T15:45:00Z,2026-07-18T17:45:00+0200,209.39,EUR/MWh,DK1,DK_1,imbalance_price,Short,2026-07-30T07:28:36Z
2026-07-30T07:25:17Z,2026-07-30T09:25:17+0200,e73b670a-bc29-4bfc-b6f4-93c290a4d3ee,2026-07-18T16:00:00Z,2026-07-18T18:00:00+0200,167.18,EUR/MWh,DK1,DK_1,imbalance_price,Long,2026-07-30T07:28:36Z
2026-07-30T07:25:17Z,2026-07-30T09:25:17+0200,e73b670a-bc29-4bfc-b6f4-93c290a4d3ee,2026-07-18T16:00:00Z,2026-07-18T18:00:00+0200,167.18,EUR/MWh,DK1,DK_1,imbalance_price,Short,2026-07-30T07:28:36Z
2026-07-30T07:25:17Z,2026-07-30T09:25:17+0200,e73b670a-bc29-4bfc-b6f4-93c290a4d3ee,2026-07-18T16:15:00Z,2026-07-18T18:15:00+0200,669.0,EUR/MWh,DK1,DK_1,imbalance_price,Long,2026-07-30T07:28:36Z
2026-07-30T07:25:17Z,2026-07-30T09:25:17+0200,e73b670a-bc29-4bfc-b6f4-93c290a4d3ee,2026-07-18T16:15:00Z,2026-07-18T18:15:00+0200,669.0,EUR/MWh,DK1,DK_1,imbalance_price,Short,2026-07-30T07:28:36Z
2026-07-30T07:25:17Z,2026-07-30T09:25:17+0200,e73b670a-bc29-4bfc-b6f4-93c290a4d3ee,2026-07-18T16:30:00Z,2026-07-18T18:30:00+0200,474.42,EUR/MWh,DK1,DK_1,imbalance_price,Long,2026-07-30T07:28:36Z
2026-07-30T07:25:17Z,2026-07-30T09:25:17+0200,e73b670a-bc29-4bfc-b6f4-93c290a4d3ee,2026-07-18T16:30:00Z,2026-07-18T18:30:00+0200,474.42,EUR/MWh,DK1,DK_1,imbalance_price,Short,2026-07-30T07:28:36Z
2026-07-30T07:25:17Z,2026-07-30T09:25:17+0200,e73b670a-bc29-4bfc-b6f4-93c290a4d3ee,2026-07-18T16:45:00Z,2026-07-18T18:45:00+0200,361.26,EUR/MWh,DK1,DK_1,imbalance_price,Long,2026-07-30T07:28:36Z
2026-07-30T07:25:17Z,2026-07-30T09:25:17+0200,e73b670a-bc29-4bfc-b6f4-93c290a4d3ee,2026-07-18T16:45:00Z,2026-07-18T18:45:00+0200,361.26,EUR/MWh,DK1,DK_1,imbalance_price,Short,2026-07-30T07:28:36Z
2026-07-30T07:25:17Z,2026-07-30T09:25:17+0200,e73b670a-bc29-4bfc-b6f4-93c290a4d3ee,2026-07-18T17:00:00Z,2026-07-18T19:00:00+0200,159.95,EUR/MWh,DK1,DK_1,imbalance_price,Long,2026-07-30T07:28:36Z
2026-07-30T07:25:17Z,2026-07-30T09:25:17+0200,e73b670a-bc29-4bfc-b6f4-93c290a4d3ee,2026-07-18T17:00:00Z,2026-07-18T19:00:00+0200,159.95,EUR/MWh,DK1,DK_1,imbalance_price,Short,2026-07-30T07:28:36Z
2026-07-30T07:25:17Z,2026-07-30T09:25:17+0200,e73b670a-bc29-4bfc-b6f4-93c290a4d3ee,2026-07-18T17:15:00Z,2026-07-18T19:15:00+0200,154.65,EUR/MWh,DK1,DK_1,imbalance_price,Long,2026-07-30T07:28:36Z
2026-07-30T07:25:17Z,2026-07-30T09:25:17+0200,e73b670a-bc29-4bfc-b6f4-93c290a4d3ee,2026-07-18T17:15:00Z,2026-07-18T19:15:00+0200,154.65,EUR/MWh,DK1,DK_1,imbalance_price,Short,2026-07-30T07:28:36Z
2026-07-30T07:25:17Z,2026-07-30T09:25:17+0200,e73b670a-bc29-4bfc-b6f4-93c290a4d3ee,2026-07-18T17:30:00Z,2026-07-18T19:30:00+0200,146.92,EUR/MWh,DK1,DK_1,imbalance_price,Long,2026-07-30T07:28:36Z
2026-07-30T07:25:17Z,2026-07-30T09:25:17+0200,e73b670a-bc29-4bfc-b6f4-93c290a4d3ee,2026-07-18T17:30:00Z,2026-07-18T19:30:00+0200,146.92,EUR/MWh,DK1,DK_1,imbalance_price,Short,2026-07-30T07:28:36Z
2026-07-30T07:25:17Z,2026-07-30T09:25:17+0200,e73b670a-bc29-4bfc-b6f4-93c290a4d3ee,2026-07-18T17:45:00Z,2026-07-18T19:45:00+0200,116.26,EUR/MWh,DK1,DK_1,imbalance_price,Long,2026-07-30T07:28:36Z
2026-07-30T07:25:17Z,2026-07-30T09:25:17+0200,e73b670a-bc29-4bfc-b6f4-93c290a4d3ee,2026-07-18T17:45:00Z,2026-07-18T19:45:00+0200,116.26,EUR/MWh,DK1,DK_1,imbalance_price,Short,2026-07-30T07:28:36Z
2026-07-30T07:25:17Z,2026-07-30T09:25:17+0200,e73b670a-bc29-4bfc-b6f4-93c290a4d3ee,2026-07-18T18:00:00Z,2026-07-18T20:00:00+0200,199.13,EUR/MWh,DK1,DK_1,imbalance_price,Long,2026-07-30T07:28:36Z
2026-07-30T07:25:17Z,2026-07-30T09:25:17+0200,e73b670a-bc29-4bfc-b6f4-93c290a4d3ee,2026-07-18T18:00:00Z,2026-07-18T20:00:00+0200,199.13,EUR/MWh,DK1,DK_1,imbalance_price,Short,2026-07-30T07:28:36Z
2026-07-30T07:25:17Z,2026-07-30T09:25:17+0200,e73b670a-bc29-4bfc-b6f4-93c290a4d3ee,2026-07-18T18:15:00Z,2026-07-18T20:15:00+0200,199.81,EUR/MWh,DK1,DK_1,imbalance_price,Long,2026-07-30T07:28:36Z
2026-07-30T07:25:17Z,2026-07-30T09:25:17+0200,e73b670a-bc29-4bfc-b6f4-93c290a4d3ee,2026-07-18T18:15:00Z,2026-07-18T20:15:00+0200,199.81,EUR/MWh,DK1,DK_1,imbalance_price,Short,2026-07-30T07:28:36Z
2026-07-30T07:25:17Z,2026-07-30T09:25:17+0200,e73b670a-bc29-4bfc-b6f4-93c290a4d3ee,2026-07-18T18:30:00Z,2026-07-18T20:30:00+0200,167.52,EUR/MWh,DK1,DK_1,imbalance_price,Long,2026-07-30T07:28:36Z
2026-07-30T07:25:17Z,2026-07-30T09:25:17+0200,e73b670a-bc29-4bfc-b6f4-93c290a4d3ee,2026-07-18T18:30:00Z,2026-07-18T20:30:00+0200,167.52,EUR/MWh,DK1,DK_1,imbalance_price,Short,2026-07-30T07:28:36Z
2026-07-30T07:25:17Z,2026-07-30T09:25:17+0200,e73b670a-bc29-4bfc-b6f4-93c290a4d3ee,2026-07-18T18:45:00Z,2026-07-18T20:45:00+0200,134.47,EUR/MWh,DK1,DK_1,imbalance_price,Long,2026-07-30T07:28:36Z
2026-07-30T07:25:17Z,2026-07-30T09:25:17+0200,e73b670a-bc29-4bfc-b6f4-93c290a4d3ee,2026-07-18T18:45:00Z,2026-07-18T20:45:00+0200,134.47,EUR/MWh,DK1,DK_1,imbalance_price,Short,2026-07-30T07:28:36Z
2026-07-30T07:25:17Z,2026-07-30T09:25:17+0200,e73b670a-bc29-4bfc-b6f4-93c290a4d3ee,2026-07-18T19:00:00Z,2026-07-18T21:00:00+0200,135.15,EUR/MWh,DK1,DK_1,imbalance_price,Long,2026-07-30T07:28:36Z
2026-07-30T07:25:17Z,2026-07-30T09:25:17+0200,e73b670a-bc29-4bfc-b6f4-93c290a4d3ee,2026-07-18T19:00:00Z,2026-07-18T21:00:00+0200,135.15,EUR/MWh,DK1,DK_1,imbalance_price,Short,2026-07-30T07:28:36Z
2026-07-30T07:25:17Z,2026-07-30T09:25:17+0200,e73b670a-bc29-4bfc-b6f4-93c290a4d3ee,2026-07-18T19:15:00Z,2026-07-18T21:15:00+0200,157.42,EUR/MWh,DK1,DK_1,imbalance_price,Long,2026-07-30T07:28:36Z
2026-07-30T07:25:17Z,2026-07-30T09:25:17+0200,e73b670a-bc29-4bfc-b6f4-93c290a4d3ee,2026-07-18T19:15:00Z,2026-07-18T21:15:00+0200,157.42,EUR/MWh,DK1,DK_1,imbalance_price,Short,2026-07-30T07:28:36Z
2026-07-30T07:25:17Z,2026-07-30T09:25:17+0200,e73b670a-bc29-4bfc-b6f4-93c290a4d3ee,2026-07-18T19:30:00Z,2026-07-18T21:30:00+0200,601.95,EUR/MWh,DK1,DK_1,imbalance_price,Long,2026-07-30T07:28:36Z
2026-07-30T07:25:17Z,2026-07-30T09:25:17+0200,e73b670a-bc29-4bfc-b6f4-93c290a4d3ee,2026-07-18T19:30:00Z,2026-07-18T21:30:00+0200,601.95,EUR/MWh,DK1,DK_1,imbalance_price,Short,2026-07-30T07:28:36Z
2026-07-30T07:25:17Z,2026-07-30T09:25:17+0200,e73b670a-bc29-4bfc-b6f4-93c290a4d3ee,2026-07-18T19:45:00Z,2026-07-18T21:45:00+0200,673.62,EUR/MWh,DK1,DK_1,imbalance_price,Long,2026-07-30T07:28:36Z
2026-07-30T07:25:17Z,2026-07-30T09:25:17+0200,e73b670a-bc29-4bfc-b6f4-93c290a4d3ee,2026-07-18T19:45:00Z,2026-07-18T21:45:00+0200,673.62,EUR/MWh,DK1,DK_1,imbalance_price,Short,2026-07-30T07:28:36Z
2026-07-30T07:25:17Z,2026-07-30T09:25:17+0200,e73b670a-bc29-4bfc-b6f4-93c290a4d3ee,2026-07-18T20:00:00Z,2026-07-18T22:00:00+0200,141.41,EUR/MWh,DK1,DK_1,imbalance_price,Long,2026-07-30T07:28:36Z
2026-07-30T07:25:17Z,2026-07-30T09:25:17+0200,e73b670a-bc29-4bfc-b6f4-93c290a4d3ee,2026-07-18T20:00:00Z,2026-07-18T22:00:00+0200,141.41,EUR/MWh,DK1,DK_1,imbalance_price,Short,2026-07-30T07:28:36Z
2026-07-30T07:25:17Z,2026-07-30T09:25:17+0200,e73b670a-bc29-4bfc-b6f4-93c290a4d3ee,2026-07-18T20:15:00Z,2026-07-18T22:15:00+0200,-19.62,EUR/MWh,DK1,DK_1,imbalance_price,Long,2026-07-30T07:28:36Z
2026-07-30T07:25:17Z,2026-07-30T09:25:17+0200,e73b670a-bc29-4bfc-b6f4-93c290a4d3ee,2026-07-18T20:15:00Z,2026-07-18T22:15:00+0200,-19.62,EUR/MWh,DK1,DK_1,imbalance_price,Short,2026-07-30T07:28:36Z
2026-07-30T07:25:17Z,2026-07-30T09:25:17+0200,e73b670a-bc29-4bfc-b6f4-93c290a4d3ee,2026-07-18T20:30:00Z,2026-07-18T22:30:00+0200,-19.17,EUR/MWh,DK1,DK_1,imbalance_price,Long,2026-07-30T07:28:36Z
2026-07-30T07:25:17Z,2026-07-30T09:25:17+0200,e73b670a-bc29-4bfc-b6f4-93c290a4d3ee,2026-07-18T20:30:00Z,2026-07-18T22:30:00+0200,-19.17,EUR/MWh,DK1,DK_1,imbalance_price,Short,2026-07-30T07:28:36Z
2026-07-30T07:25:17Z,2026-07-30T09:25:17+0200,e73b670a-bc29-4bfc-b6f4-93c290a4d3ee,2026-07-18T20:45:00Z,2026-07-18T22:45:00+0200,15.25,EUR/MWh,DK1,DK_1,imbalance_price,Long,2026-07-30T07:28:36Z
2026-07-30T07:25:17Z,2026-07-30T09:25:17+0200,e73b670a-bc29-4bfc-b6f4-93c290a4d3ee,2026-07-18T20:45:00Z,2026-07-18T22:45:00+0200,15.25,EUR/MWh,DK1,DK_1,imbalance_price,Short,2026-07-30T07:28:36Z
2026-07-30T07:25:17Z,2026-07-30T09:25:17+0200,e73b670a-bc29-4bfc-b6f4-93c290a4d3ee,2026-07-18T21:00:00Z,2026-07-18T23:00:00+0200,22.4,EUR/MWh,DK1,DK_1,imbalance_price,Long,2026-07-30T07:28:36Z
2026-07-30T07:25:17Z,2026-07-30T09:25:17+0200,e73b670a-bc29-4bfc-b6f4-93c290a4d3ee,2026-07-18T21:00:00Z,2026-07-18T23:00:00+0200,22.4,EUR/MWh,DK1,DK_1,imbalance_price,Short,2026-07-30T07:28:36Z
2026-07-30T07:25:17Z,2026-07-30T09:25:17+0200,e73b670a-bc29-4bfc-b6f4-93c290a4d3ee,2026-07-18T21:15:00Z,2026-07-18T23:15:00+0200,16.91,EUR/MWh,DK1,DK_1,imbalance_price,Long,2026-07-30T07:28:36Z
2026-07-30T07:25:17Z,2026-07-30T09:25:17+0200,e73b670a-bc29-4bfc-b6f4-93c290a4d3ee,2026-07-18T21:15:00Z,2026-07-18T23:15:00+0200,16.91,EUR/MWh,DK1,DK_1,imbalance_price,Short,2026-07-30T07:28:36Z
2026-07-30T07:25:17Z,2026-07-30T09:25:17+0200,e73b670a-bc29-4bfc-b6f4-93c290a4d3ee,2026-07-18T21:30:00Z,2026-07-18T23:30:00+0200,37.77,EUR/MWh,DK1,DK_1,imbalance_price,Long,2026-07-30T07:28:36Z
2026-07-30T07:25:17Z,2026-07-30T09:25:17+0200,e73b670a-bc29-4bfc-b6f4-93c290a4d3ee,2026-07-18T21:30:00Z,2026-07-18T23:30:00+0200,37.77,EUR/MWh,DK1,DK_1,imbalance_price,Short,2026-07-30T07:28:36Z
2026-07-30T07:25:17Z,2026-07-30T09:25:17+0200,e73b670a-bc29-4bfc-b6f4-93c290a4d3ee,2026-07-18T21:45:00Z,2026-07-18T23:45:00+0200,51.08,EUR/MWh,DK1,DK_1,imbalance_price,Long,2026-07-30T07:28:36Z
2026-07-30T07:25:17Z,2026-07-30T09:25:17+0200,e73b670a-bc29-4bfc-b6f4-93c290a4d3ee,2026-07-18T21:45:00Z,2026-07-18T23:45:00+0200,51.08,EUR/MWh,DK1,DK_1,imbalance_price,Short,2026-07-30T07:28:36Z
2026-07-30T07:25:17Z,2026-07-30T09:25:17+0200,e73b670a-bc29-4bfc-b6f4-93c290a4d3ee,2026-07-18T22:00:00Z,2026-07-19T00:00:00+0200,59.81,EUR/MWh,DK1,DK_1,imbalance_price,Long,2026-07-30T07:28:36Z
2026-07-30T07:25:17Z,2026-07-30T09:25:17+0200,e73b670a-bc29-4bfc-b6f4-93c290a4d3ee,2026-07-18T22:00:00Z,2026-07-19T00:00:00+0200,59.81,EUR/MWh,DK1,DK_1,imbalance_price,Short,2026-07-30T07:28:36Z
2026-07-30T07:25:17Z,2026-07-30T09:25:17+0200,e73b670a-bc29-4bfc-b6f4-93c290a4d3ee,2026-07-18T22:15:00Z,2026-07-19T00:15:00+0200,66.21,EUR/MWh,DK1,DK_1,imbalance_price,Long,2026-07-30T07:28:36Z
2026-07-30T07:25:17Z,2026-07-30T09:25:17+0200,e73b670a-bc29-4bfc-b6f4-93c290a4d3ee,2026-07-18T22:15:00Z,2026-07-19T00:15:00+0200,66.21,EUR/MWh,DK1,DK_1,imbalance_price,Short,2026-07-30T07:28:36Z
2026-07-30T07:25:17Z,2026-07-30T09:25:17+0200,e73b670a-bc29-4bfc-b6f4-93c290a4d3ee,2026-07-18T22:30:00Z,2026-07-19T00:30:00+0200,135.63,EUR/MWh,DK1,DK_1,imbalance_price,Long,2026-07-30T07:28:36Z
2026-07-30T07:25:17Z,2026-07-30T09:25:17+0200,e73b670a-bc29-4bfc-b6f4-93c290a4d3ee,2026-07-18T22:30:00Z,2026-07-19T00:30:00+0200,135.63,EUR/MWh,DK1,DK_1,imbalance_price,Short,2026-07-30T07:28:36Z
2026-07-30T07:25:17Z,2026-07-30T09:25:17+0200,e73b670a-bc29-4bfc-b6f4-93c290a4d3ee,2026-07-18T22:45:00Z,2026-07-19T00:45:00+0200,140.91,EUR/MWh,DK1,DK_1,imbalance_price,Long,2026-07-30T07:28:36Z
2026-07-30T07:25:17Z,2026-07-30T09:25:17+0200,e73b670a-bc29-4bfc-b6f4-93c290a4d3ee,2026-07-18T22:45:00Z,2026-07-19T00:45:00+0200,140.91,EUR/MWh,DK1,DK_1,imbalance_price,Short,2026-07-30T07:28:36Z
2026-07-30T07:25:17Z,2026-07-30T09:25:17+0200,e73b670a-bc29-4bfc-b6f4-93c290a4d3ee,2026-07-18T23:00:00Z,2026-07-19T01:00:00+0200,168.85,EUR/MWh,DK1,DK_1,imbalance_price,Long,2026-07-30T07:28:36Z
2026-07-30T07:25:17Z,2026-07-30T09:25:17+0200,e73b670a-bc29-4bfc-b6f4-93c290a4d3ee,2026-07-18T23:00:00Z,2026-07-19T01:00:00+0200,168.85,EUR/MWh,DK1,DK_1,imbalance_price,Short,2026-07-30T07:28:36Z
2026-07-30T07:25:17Z,2026-07-30T09:25:17+0200,e73b670a-bc29-4bfc-b6f4-93c290a4d3ee,2026-07-18T23:15:00Z,2026-07-19T01:15:00+0200,148.07,EUR/MWh,DK1,DK_1,imbalance_price,Long,2026-07-30T07:28:36Z
2026-07-30T07:25:17Z,2026-07-30T09:25:17+0200,e73b670a-bc29-4bfc-b6f4-93c290a4d3ee,2026-07-18T23:15:00Z,2026-07-19T01:15:00+0200,148.07,EUR/MWh,DK1,DK_1,imbalance_price,Short,2026-07-30T07:28:36Z
2026-07-30T07:25:17Z,2026-07-30T09:25:17+0200,e73b670a-bc29-4bfc-b6f4-93c290a4d3ee,2026-07-18T23:30:00Z,2026-07-19T01:30:00+0200,240.51,EUR/MWh,DK1,DK_1,imbalance_price,Long,2026-07-30T07:28:36Z
2026-07-30T07:25:17Z,2026-07-30T09:25:17+0200,e73b670a-bc29-4bfc-b6f4-93c290a4d3ee,2026-07-18T23:30:00Z,2026-07-19T01:30:00+0200,240.51,EUR/MWh,DK1,DK_1,imbalance_price,Short,2026-07-30T07:28:36Z
2026-07-30T07:25:17Z,2026-07-30T09:25:17+0200,e73b670a-bc29-4bfc-b6f4-93c290a4d3ee,2026-07-18T23:45:00Z,2026-07-19T01:45:00+0200,125.68,EUR/MWh,DK1,DK_1,imbalance_price,Long,2026-07-30T07:28:36Z
2026-07-30T07:25:17Z,2026-07-30T09:25:17+0200,e73b670a-bc29-4bfc-b6f4-93c290a4d3ee,2026-07-18T23:45:00Z,2026-07-19T01:45:00+0200,125.68,EUR/MWh,DK1,DK_1,imbalance_price,Short,2026-07-30T07:28:36Z
2026-07-30T07:25:17Z,2026-07-30T09:25:17+0200,e73b670a-bc29-4bfc-b6f4-93c290a4d3ee,2026-07-19T00:00:00Z,2026-07-19T02:00:00+0200,72.09,EUR/MWh,DK1,DK_1,imbalance_price,Long,2026-07-30T07:28:36Z
2026-07-30T07:25:17Z,2026-07-30T09:25:17+0200,e73b670a-bc29-4bfc-b6f4-93c290a4d3ee,2026-07-19T00:00:00Z,2026-07-19T02:00:00+0200,72.09,EUR/MWh,DK1,DK_1,imbalance_price,Short,2026-07-30T07:28:36Z
2026-07-30T07:25:17Z,2026-07-30T09:25:17+0200,e73b670a-bc29-4bfc-b6f4-93c290a4d3ee,2026-07-19T00:15:00Z,2026-07-19T02:15:00+0200,63.34,EUR/MWh,DK1,DK_1,imbalance_price,Long,2026-07-30T07:28:36Z
2026-07-30T07:25:17Z,2026-07-30T09:25:17+0200,e73b670a-bc29-4bfc-b6f4-93c290a4d3ee,2026-07-19T00:15:00Z,2026-07-19T02:15:00+0200,63.34,EUR/MWh,DK1,DK_1,imbalance_price,Short,2026-07-30T07:28:36Z
2026-07-30T07:25:17Z,2026-07-30T09:25:17+0200,e73b670a-bc29-4bfc-b6f4-93c290a4d3ee,2026-07-19T00:30:00Z,2026-07-19T02:30:00+0200,51.39,EUR/MWh,DK1,DK_1,imbalance_price,Long,2026-07-30T07:28:36Z
2026-07-30T07:25:17Z,2026-07-30T09:25:17+0200,e73b670a-bc29-4bfc-b6f4-93c290a4d3ee,2026-07-19T00:30:00Z,2026-07-19T02:30:00+0200,51.39,EUR/MWh,DK1,DK_1,imbalance_price,Short,2026-07-30T07:28:36Z
2026-07-30T07:25:17Z,2026-07-30T09:25:17+0200,e73b670a-bc29-4bfc-b6f4-93c290a4d3ee,2026-07-19T00:45:00Z,2026-07-19T02:45:00+0200,159.7,EUR/MWh,DK1,DK_1,imbalance_price,Long,2026-07-30T07:28:36Z
2026-07-30T07:25:17Z,2026-07-30T09:25:17+0200,e73b670a-bc29-4bfc-b6f4-93c290a4d3ee,2026-07-19T00:45:00Z,2026-07-19T02:45:00+0200,159.7,EUR/MWh,DK1,DK_1,imbalance_price,Short,2026-07-30T07:28:36Z
2026-07-30T07:25:17Z,2026-07-30T09:25:17+0200,e73b670a-bc29-4bfc-b6f4-93c290a4d3ee,2026-07-19T01:00:00Z,2026-07-19T03:00:00+0200,121.07,EUR/MWh,DK1,DK_1,imbalance_price,Long,2026-07-30T07:28:36Z
2026-07-30T07:25:17Z,2026-07-30T09:25:17+0200,e73b670a-bc29-4bfc-b6f4-93c290a4d3ee,2026-07-19T01:00:00Z,2026-07-19T03:00:00+0200,121.07,EUR/MWh,DK1,DK_1,imbalance_price,Short,2026-07-30T07:28:36Z
2026-07-30T07:25:17Z,2026-07-30T09:25:17+0200,e73b670a-bc29-4bfc-b6f4-93c290a4d3ee,2026-07-19T01:15:00Z,2026-07-19T03:15:00+0200,66.99,EUR/MWh,DK1,DK_1,imbalance_price,Long,2026-07-30T07:28:36Z
2026-07-30T07:25:17Z,2026-07-30T09:25:17+0200,e73b670a-bc29-4bfc-b6f4-93c290a4d3ee,2026-07-19T01:15:00Z,2026-07-19T03:15:00+0200,66.99,EUR/MWh,DK1,DK_1,imbalance_price,Short,2026-07-30T07:28:36Z
2026-07-30T07:25:17Z,2026-07-30T09:25:17+0200,e73b670a-bc29-4bfc-b6f4-93c290a4d3ee,2026-07-19T01:30:00Z,2026-07-19T03:30:00+0200,123.93,EUR/MWh,DK1,DK_1,imbalance_price,Long,2026-07-30T07:28:36Z
2026-07-30T07:25:17Z,2026-07-30T09:25:17+0200,e73b670a-bc29-4bfc-b6f4-93c290a4d3ee,2026-07-19T01:30:00Z,2026-07-19T03:30:00+0200,123.93,EUR/MWh,DK1,DK_1,imbalance_price,Short,2026-07-30T07:28:36Z
2026-07-30T07:25:17Z,2026-07-30T09:25:17+0200,e73b670a-bc29-4bfc-b6f4-93c290a4d3ee,2026-07-19T01:45:00Z,2026-07-19T03:45:00+0200,16.66,EUR/MWh,DK1,DK_1,imbalance_price,Long,2026-07-30T07:28:36Z
2026-07-30T07:25:17Z,2026-07-30T09:25:17+0200,e73b670a-bc29-4bfc-b6f4-93c290a4d3ee,2026-07-19T01:45:00Z,2026-07-19T03:45:00+0200,16.66,EUR/MWh,DK1,DK_1,imbalance_price,Short,2026-07-30T07:28:36Z
2026-07-30T07:25:17Z,2026-07-30T09:25:17+0200,e73b670a-bc29-4bfc-b6f4-93c290a4d3ee,2026-07-19T02:00:00Z,2026-07-19T04:00:00+0200,-3.12,EUR/MWh,DK1,DK_1,imbalance_price,Long,2026-07-30T07:28:36Z
2026-07-30T07:25:17Z,2026-07-30T09:25:17+0200,e73b670a-bc29-4bfc-b6f4-93c290a4d3ee,2026-07-19T02:00:00Z,2026-07-19T04:00:00+0200,-3.12,EUR/MWh,DK1,DK_1,imbalance_price,Short,2026-07-30T07:28:36Z
2026-07-30T07:25:17Z,2026-07-30T09:25:17+0200,e73b670a-bc29-4bfc-b6f4-93c290a4d3ee,2026-07-19T02:15:00Z,2026-07-19T04:15:00+0200,-27.62,EUR/MWh,DK1,DK_1,imbalance_price,Long,2026-07-30T07:28:36Z
2026-07-30T07:25:17Z,2026-07-30T09:25:17+0200,e73b670a-bc29-4bfc-b6f4-93c290a4d3ee,2026-07-19T02:15:00Z,2026-07-19T04:15:00+0200,-27.62,EUR/MWh,DK1,DK_1,imbalance_price,Short,2026-07-30T07:28:36Z
2026-07-30T07:25:17Z,2026-07-30T09:25:17+0200,e73b670a-bc29-4bfc-b6f4-93c290a4d3ee,2026-07-19T02:30:00Z,2026-07-19T04:30:00+0200,-1.5,EUR/MWh,DK1,DK_1,imbalance_price,Long,2026-07-30T07:28:36Z
2026-07-30T07:25:17Z,2026-07-30T09:25:17+0200,e73b670a-bc29-4bfc-b6f4-93c290a4d3ee,2026-07-19T02:30:00Z,2026-07-19T04:30:00+0200,-1.5,EUR/MWh,DK1,DK_1,imbalance_price,Short,2026-07-30T07:28:36Z
2026-07-30T07:25:17Z,2026-07-30T09:25:17+0200,e73b670a-bc29-4bfc-b6f4-93c290a4d3ee,2026-07-19T02:45:00Z,2026-07-19T04:45:00+0200,37.2,EUR/MWh,DK1,DK_1,imbalance_price,Long,2026-07-30T07:28:36Z
2026-07-30T07:25:17Z,2026-07-30T09:25:17+0200,e73b670a-bc29-4bfc-b6f4-93c290a4d3ee,2026-07-19T02:45:00Z,2026-07-19T04:45:00+0200,37.2,EUR/MWh,DK1,DK_1,imbalance_price,Short,2026-07-30T07:28:36Z
2026-07-30T07:25:17Z,2026-07-30T09:25:17+0200,e73b670a-bc29-4bfc-b6f4-93c290a4d3ee,2026-07-19T03:00:00Z,2026-07-19T05:00:00+0200,1.33,EUR/MWh,DK1,DK_1,imbalance_price,Long,2026-07-30T07:28:36Z
2026-07-30T07:25:17Z,2026-07-30T09:25:17+0200,e73b670a-bc29-4bfc-b6f4-93c290a4d3ee,2026-07-19T03:00:00Z,2026-07-19T05:00:00+0200,1.33,EUR/MWh,DK1,DK_1,imbalance_price,Short,2026-07-30T07:28:36Z
2026-07-30T07:25:17Z,2026-07-30T09:25:17+0200,e73b670a-bc29-4bfc-b6f4-93c290a4d3ee,2026-07-19T03:15:00Z,2026-07-19T05:15:00+0200,0.0,EUR/MWh,DK1,DK_1,imbalance_price,Long,2026-07-30T07:28:36Z
2026-07-30T07:25:17Z,2026-07-30T09:25:17+0200,e73b670a-bc29-4bfc-b6f4-93c290a4d3ee,2026-07-19T03:15:00Z,2026-07-19T05:15:00+0200,0.0,EUR/MWh,DK1,DK_1,imbalance_price,Short,2026-07-30T07:28:36Z
2026-07-30T07:25:17Z,2026-07-30T09:25:17+0200,e73b670a-bc29-4bfc-b6f4-93c290a4d3ee,2026-07-19T03:30:00Z,2026-07-19T05:30:00+0200,44.75,EUR/MWh,DK1,DK_1,imbalance_price,Long,2026-07-30T07:28:36Z
2026-07-30T07:25:17Z,2026-07-30T09:25:17+0200,e73b670a-bc29-4bfc-b6f4-93c290a4d3ee,2026-07-19T03:30:00Z,2026-07-19T05:30:00+0200,44.75,EUR/MWh,DK1,DK_1,imbalance_price,Short,2026-07-30T07:28:36Z
2026-07-30T07:25:17Z,2026-07-30T09:25:17+0200,e73b670a-bc29-4bfc-b6f4-93c290a4d3ee,2026-07-19T03:45:00Z,2026-07-19T05:45:00+0200,40.28,EUR/MWh,DK1,DK_1,imbalance_price,Long,2026-07-30T07:28:36Z
2026-07-30T07:25:17Z,2026-07-30T09:25:17+0200,e73b670a-bc29-4bfc-b6f4-93c290a4d3ee,2026-07-19T03:45:00Z,2026-07-19T05:45:00+0200,40.28,EUR/MWh,DK1,DK_1,imbalance_price,Short,2026-07-30T07:28:36Z
2026-07-30T07:25:17Z,2026-07-30T09:25:17+0200,e73b670a-bc29-4bfc-b6f4-93c290a4d3ee,2026-07-19T04:00:00Z,2026-07-19T06:00:00+0200,27.55,EUR/MWh,DK1,DK_1,imbalance_price,Long,2026-07-30T07:28:36Z
2026-07-30T07:25:17Z,2026-07-30T09:25:17+0200,e73b670a-bc29-4bfc-b6f4-93c290a4d3ee,2026-07-19T04:00:00Z,2026-07-19T06:00:00+0200,27.55,EUR/MWh,DK1,DK_1,imbalance_price,Short,2026-07-30T07:28:36Z
2026-07-30T07:25:17Z,2026-07-30T09:25:17+0200,e73b670a-bc29-4bfc-b6f4-93c290a4d3ee,2026-07-19T04:15:00Z,2026-07-19T06:15:00+0200,39.24,EUR/MWh,DK1,DK_1,imbalance_price,Long,2026-07-30T07:28:36Z
2026-07-30T07:25:17Z,2026-07-30T09:25:17+0200,e73b670a-bc29-4bfc-b6f4-93c290a4d3ee,2026-07-19T04:15:00Z,2026-07-19T06:15:00+0200,39.24,EUR/MWh,DK1,DK_1,imbalance_price,Short,2026-07-30T07:28:36Z
2026-07-30T07:25:17Z,2026-07-30T09:25:17+0200,e73b670a-bc29-4bfc-b6f4-93c290a4d3ee,2026-07-19T04:30:00Z,2026-07-19T06:30:00+0200,10.33,EUR/MWh,DK1,DK_1,imbalance_price,Long,2026-07-30T07:28:36Z
2026-07-30T07:25:17Z,2026-07-30T09:25:17+0200,e73b670a-bc29-4bfc-b6f4-93c290a4d3ee,2026-07-19T04:30:00Z,2026-07-19T06:30:00+0200,10.33,EUR/MWh,DK1,DK_1,imbalance_price,Short,2026-07-30T07:28:36Z
2026-07-30T07:25:17Z,2026-07-30T09:25:17+0200,e73b670a-bc29-4bfc-b6f4-93c290a4d3ee,2026-07-19T04:45:00Z,2026-07-19T06:45:00+0200,10.33,EUR/MWh,DK1,DK_1,imbalance_price,Long,2026-07-30T07:28:36Z
2026-07-30T07:25:17Z,2026-07-30T09:25:17+0200,e73b670a-bc29-4bfc-b6f4-93c290a4d3ee,2026-07-19T04:45:00Z,2026-07-19T06:45:00+0200,10.33,EUR/MWh,DK1,DK_1,imbalance_price,Short,2026-07-30T07:28:36Z
2026-07-30T07:25:17Z,2026-07-30T09:25:17+0200,e73b670a-bc29-4bfc-b6f4-93c290a4d3ee,2026-07-19T05:00:00Z,2026-07-19T07:00:00+0200,98.97,EUR/MWh,DK1,DK_1,imbalance_price,Long,2026-07-30T07:28:36Z
2026-07-30T07:25:17Z,2026-07-30T09:25:17+0200,e73b670a-bc29-4bfc-b6f4-93c290a4d3ee,2026-07-19T05:00:00Z,2026-07-19T07:00:00+0200,98.97,EUR/MWh,DK1,DK_1,imbalance_price,Short,2026-07-30T07:28:36Z
2026-07-30T07:25:17Z,2026-07-30T09:25:17+0200,e73b670a-bc29-4bfc-b6f4-93c290a4d3ee,2026-07-19T05:15:00Z,2026-07-19T07:15:00+0200,100.73,EUR/MWh,DK1,DK_1,imbalance_price,Long,2026-07-30T07:28:36Z
2026-07-30T07:25:17Z,2026-07-30T09:25:17+0200,e73b670a-bc29-4bfc-b6f4-93c290a4d3ee,2026-07-19T05:15:00Z,2026-07-19T07:15:00+0200,100.73,EUR/MWh,DK1,DK_1,imbalance_price,Short,2026-07-30T07:28:36Z
2026-07-30T07:25:17Z,2026-07-30T09:25:17+0200,e73b670a-bc29-4bfc-b6f4-93c290a4d3ee,2026-07-19T05:30:00Z,2026-07-19T07:30:00+0200,86.62,EUR/MWh,DK1,DK_1,imbalance_price,Long,2026-07-30T07:28:36Z
2026-07-30T07:25:17Z,2026-07-30T09:25:17+0200,e73b670a-bc29-4bfc-b6f4-93c290a4d3ee,2026-07-19T05:30:00Z,2026-07-19T07:30:00+0200,86.62,EUR/MWh,DK1,DK_1,imbalance_price,Short,2026-07-30T07:28:36Z
2026-07-30T07:25:17Z,2026-07-30T09:25:17+0200,e73b670a-bc29-4bfc-b6f4-93c290a4d3ee,2026-07-19T05:45:00Z,2026-07-19T07:45:00+0200,71.49,EUR/MWh,DK1,DK_1,imbalance_price,Long,2026-07-30T07:28:36Z
2026-07-30T07:25:17Z,2026-07-30T09:25:17+0200,e73b670a-bc29-4bfc-b6f4-93c290a4d3ee,2026-07-19T05:45:00Z,2026-07-19T07:45:00+0200,71.49,EUR/MWh,DK1,DK_1,imbalance_price,Short,2026-07-30T07:28:36Z
2026-07-30T07:25:17Z,2026-07-30T09:25:17+0200,e73b670a-bc29-4bfc-b6f4-93c290a4d3ee,2026-07-19T06:00:00Z,2026-07-19T08:00:00+0200,73.02,EUR/MWh,DK1,DK_1,imbalance_price,Long,2026-07-30T07:28:36Z
2026-07-30T07:25:17Z,2026-07-30T09:25:17+0200,e73b670a-bc29-4bfc-b6f4-93c290a4d3ee,2026-07-19T06:00:00Z,2026-07-19T08:00:00+0200,73.02,EUR/MWh,DK1,DK_1,imbalance_price,Short,2026-07-30T07:28:36Z
2026-07-30T07:25:17Z,2026-07-30T09:25:17+0200,e73b670a-bc29-4bfc-b6f4-93c290a4d3ee,2026-07-19T06:15:00Z,2026-07-19T08:15:00+0200,8.0,EUR/MWh,DK1,DK_1,imbalance_price,Long,2026-07-30T07:28:36Z
2026-07-30T07:25:17Z,2026-07-30T09:25:17+0200,e73b670a-bc29-4bfc-b6f4-93c290a4d3ee,2026-07-19T06:15:00Z,2026-07-19T08:15:00+0200,8.0,EUR/MWh,DK1,DK_1,imbalance_price,Short,2026-07-30T07:28:36Z
2026-07-30T07:25:17Z,2026-07-30T09:25:17+0200,e73b670a-bc29-4bfc-b6f4-93c290a4d3ee,2026-07-19T06:30:00Z,2026-07-19T08:30:00+0200,8.14,EUR/MWh,DK1,DK_1,imbalance_price,Long,2026-07-30T07:28:36Z
2026-07-30T07:25:17Z,2026-07-30T09:25:17+0200,e73b670a-bc29-4bfc-b6f4-93c290a4d3ee,2026-07-19T06:30:00Z,2026-07-19T08:30:00+0200,8.14,EUR/MWh,DK1,DK_1,imbalance_price,Short,2026-07-30T07:28:36Z
2026-07-30T07:25:17Z,2026-07-30T09:25:17+0200,e73b670a-bc29-4bfc-b6f4-93c290a4d3ee,2026-07-19T06:45:00Z,2026-07-19T08:45:00+0200,-4.13,EUR/MWh,DK1,DK_1,imbalance_price,Long,2026-07-30T07:28:36Z
2026-07-30T07:25:17Z,2026-07-30T09:25:17+0200,e73b670a-bc29-4bfc-b6f4-93c290a4d3ee,2026-07-19T06:45:00Z,2026-07-19T08:45:00+0200,-4.13,EUR/MWh,DK1,DK_1,imbalance_price,Short,2026-07-30T07:28:36Z
2026-07-30T07:25:17Z,2026-07-30T09:25:17+0200,e73b670a-bc29-4bfc-b6f4-93c290a4d3ee,2026-07-19T07:00:00Z,2026-07-19T09:00:00+0200,-0.42,EUR/MWh,DK1,DK_1,imbalance_price,Long,2026-07-30T07:28:36Z
2026-07-30T07:25:17Z,2026-07-30T09:25:17+0200,e73b670a-bc29-4bfc-b6f4-93c290a4d3ee,2026-07-19T07:00:00Z,2026-07-19T09:00:00+0200,-0.42,EUR/MWh,DK1,DK_1,imbalance_price,Short,2026-07-30T07:28:36Z
2026-07-30T07:25:17Z,2026-07-30T09:25:17+0200,e73b670a-bc29-4bfc-b6f4-93c290a4d3ee,2026-07-19T07:15:00Z,2026-07-19T09:15:00+0200,4.31,EUR/MWh,DK1,DK_1,imbalance_price,Long,2026-07-30T07:28:36Z
2026-07-30T07:25:17Z,2026-07-30T09:25:17+0200,e73b670a-bc29-4bfc-b6f4-93c290a4d3ee,2026-07-19T07:15:00Z,2026-07-19T09:15:00+0200,4.31,EUR/MWh,DK1,DK_1,imbalance_price,Short,2026-07-30T07:28:36Z
2026-07-30T07:25:17Z,2026-07-30T09:25:17+0200,e73b670a-bc29-4bfc-b6f4-93c290a4d3ee,2026-07-19T07:30:00Z,2026-07-19T09:30:00+0200,1.14,EUR/MWh,DK1,DK_1,imbalance_price,Long,2026-07-30T07:28:36Z
2026-07-30T07:25:17Z,2026-07-30T09:25:17+0200,e73b670a-bc29-4bfc-b6f4-93c290a4d3ee,2026-07-19T07:30:00Z,2026-07-19T09:30:00+0200,1.14,EUR/MWh,DK1,DK_1,imbalance_price,Short,2026-07-30T07:28:36Z
2026-07-30T07:25:17Z,2026-07-30T09:25:17+0200,e73b670a-bc29-4bfc-b6f4-93c290a4d3ee,2026-07-19T07:45:00Z,2026-07-19T09:45:00+0200,-17.04,EUR/MWh,DK1,DK_1,imbalance_price,Long,2026-07-30T07:28:36Z
2026-07-30T07:25:17Z,2026-07-30T09:25:17+0200,e73b670a-bc29-4bfc-b6f4-93c290a4d3ee,2026-07-19T07:45:00Z,2026-07-19T09:45:00+0200,-17.04,EUR/MWh,DK1,DK_1,imbalance_price,Short,2026-07-30T07:28:36Z
2026-07-30T07:25:17Z,2026-07-30T09:25:17+0200,e73b670a-bc29-4bfc-b6f4-93c290a4d3ee,2026-07-19T08:00:00Z,2026-07-19T10:00:00+0200,15.0,EUR/MWh,DK1,DK_1,imbalance_price,Long,2026-07-30T07:28:36Z
2026-07-30T07:25:17Z,2026-07-30T09:25:17+0200,e73b670a-bc29-4bfc-b6f4-93c290a4d3ee,2026-07-19T08:00:00Z,2026-07-19T10:00:00+0200,15.0,EUR/MWh,DK1,DK_1,imbalance_price,Short,2026-07-30T07:28:36Z
2026-07-30T07:25:17Z,2026-07-30T09:25:17+0200,e73b670a-bc29-4bfc-b6f4-93c290a4d3ee,2026-07-19T08:15:00Z,2026-07-19T10:15:00+0200,73.56,EUR/MWh,DK1,DK_1,imbalance_price,Long,2026-07-30T07:28:36Z
2026-07-30T07:25:17Z,2026-07-30T09:25:17+0200,e73b670a-bc29-4bfc-b6f4-93c290a4d3ee,2026-07-19T08:15:00Z,2026-07-19T10:15:00+0200,73.56,EUR/MWh,DK1,DK_1,imbalance_price,Short,2026-07-30T07:28:36Z
2026-07-30T07:25:17Z,2026-07-30T09:25:17+0200,e73b670a-bc29-4bfc-b6f4-93c290a4d3ee,2026-07-19T08:30:00Z,2026-07-19T10:30:00+0200,12.04,EUR/MWh,DK1,DK_1,imbalance_price,Long,2026-07-30T07:28:36Z
2026-07-30T07:25:17Z,2026-07-30T09:25:17+0200,e73b670a-bc29-4bfc-b6f4-93c290a4d3ee,2026-07-19T08:30:00Z,2026-07-19T10:30:00+0200,12.04,EUR/MWh,DK1,DK_1,imbalance_price,Short,2026-07-30T07:28:36Z
2026-07-30T07:25:17Z,2026-07-30T09:25:17+0200,e73b670a-bc29-4bfc-b6f4-93c290a4d3ee,2026-07-19T08:45:00Z,2026-07-19T10:45:00+0200,6.69,EUR/MWh,DK1,DK_1,imbalance_price,Long,2026-07-30T07:28:36Z
2026-07-30T07:25:17Z,2026-07-30T09:25:17+0200,e73b670a-bc29-4bfc-b6f4-93c290a4d3ee,2026-07-19T08:45:00Z,2026-07-19T10:45:00+0200,6.69,EUR/MWh,DK1,DK_1,imbalance_price,Short,2026-07-30T07:28:36Z
2026-07-30T07:25:17Z,2026-07-30T09:25:17+0200,e73b670a-bc29-4bfc-b6f4-93c290a4d3ee,2026-07-19T09:00:00Z,2026-07-19T11:00:00+0200,-0.01,EUR/MWh,DK1,DK_1,imbalance_price,Long,2026-07-30T07:28:36Z
2026-07-30T07:25:17Z,2026-07-30T09:25:17+0200,e73b670a-bc29-4bfc-b6f4-93c290a4d3ee,2026-07-19T09:00:00Z,2026-07-19T11:00:00+0200,-0.01,EUR/MWh,DK1,DK_1,imbalance_price,Short,2026-07-30T07:28:36Z
2026-07-30T07:25:17Z,2026-07-30T09:25:17+0200,e73b670a-bc29-4bfc-b6f4-93c290a4d3ee,2026-07-19T09:15:00Z,2026-07-19T11:15:00+0200,-0.02,EUR/MWh,DK1,DK_1,imbalance_price,Long,2026-07-30T07:28:36Z
2026-07-30T07:25:17Z,2026-07-30T09:25:17+0200,e73b670a-bc29-4bfc-b6f4-93c290a4d3ee,2026-07-19T09:15:00Z,2026-07-19T11:15:00+0200,-0.02,EUR/MWh,DK1,DK_1,imbalance_price,Short,2026-07-30T07:28:36Z
2026-07-30T07:25:17Z,2026-07-30T09:25:17+0200,e73b670a-bc29-4bfc-b6f4-93c290a4d3ee,2026-07-19T09:30:00Z,2026-07-19T11:30:00+0200,-1.0,EUR/MWh,DK1,DK_1,imbalance_price,Long,2026-07-30T07:28:36Z
2026-07-30T07:25:17Z,2026-07-30T09:25:17+0200,e73b670a-bc29-4bfc-b6f4-93c290a4d3ee,2026-07-19T09:30:00Z,2026-07-19T11:30:00+0200,-1.0,EUR/MWh,DK1,DK_1,imbalance_price,Short,2026-07-30T07:28:36Z
2026-07-30T07:25:17Z,2026-07-30T09:25:17+0200,e73b670a-bc29-4bfc-b6f4-93c290a4d3ee,2026-07-19T09:45:00Z,2026-07-19T11:45:00+0200,-1.0,EUR/MWh,DK1,DK_1,imbalance_price,Long,2026-07-30T07:28:36Z
2026-07-30T07:25:17Z,2026-07-30T09:25:17+0200,e73b670a-bc29-4bfc-b6f4-93c290a4d3ee,2026-07-19T09:45:00Z,2026-07-19T11:45:00+0200,-1.0,EUR/MWh,DK1,DK_1,imbalance_price,Short,2026-07-30T07:28:36Z
2026-07-30T07:25:17Z,2026-07-30T09:25:17+0200,e73b670a-bc29-4bfc-b6f4-93c290a4d3ee,2026-07-19T10:00:00Z,2026-07-19T12:00:00+0200,-13.39,EUR/MWh,DK1,DK_1,imbalance_price,Long,2026-07-30T07:28:36Z
2026-07-30T07:25:17Z,2026-07-30T09:25:17+0200,e73b670a-bc29-4bfc-b6f4-93c290a4d3ee,2026-07-19T10:00:00Z,2026-07-19T12:00:00+0200,-13.39,EUR/MWh,DK1,DK_1,imbalance_price,Short,2026-07-30T07:28:36Z
2026-07-30T07:25:17Z,2026-07-30T09:25:17+0200,e73b670a-bc29-4bfc-b6f4-93c290a4d3ee,2026-07-19T10:15:00Z,2026-07-19T12:15:00+0200,-10.88,EUR/MWh,DK1,DK_1,imbalance_price,Long,2026-07-30T07:28:36Z
2026-07-30T07:25:17Z,2026-07-30T09:25:17+0200,e73b670a-bc29-4bfc-b6f4-93c290a4d3ee,2026-07-19T10:15:00Z,2026-07-19T12:15:00+0200,-10.88,EUR/MWh,DK1,DK_1,imbalance_price,Short,2026-07-30T07:28:36Z
2026-07-30T07:25:17Z,2026-07-30T09:25:17+0200,e73b670a-bc29-4bfc-b6f4-93c290a4d3ee,2026-07-19T10:30:00Z,2026-07-19T12:30:00+0200,6.69,EUR/MWh,DK1,DK_1,imbalance_price,Long,2026-07-30T07:28:36Z
2026-07-30T07:25:17Z,2026-07-30T09:25:17+0200,e73b670a-bc29-4bfc-b6f4-93c290a4d3ee,2026-07-19T10:30:00Z,2026-07-19T12:30:00+0200,6.69,EUR/MWh,DK1,DK_1,imbalance_price,Short,2026-07-30T07:28:36Z
2026-07-30T07:25:17Z,2026-07-30T09:25:17+0200,e73b670a-bc29-4bfc-b6f4-93c290a4d3ee,2026-07-19T10:45:00Z,2026-07-19T12:45:00+0200,8.7,EUR/MWh,DK1,DK_1,imbalance_price,Long,2026-07-30T07:28:36Z
2026-07-30T07:25:17Z,2026-07-30T09:25:17+0200,e73b670a-bc29-4bfc-b6f4-93c290a4d3ee,2026-07-19T10:45:00Z,2026-07-19T12:45:00+0200,8.7,EUR/MWh,DK1,DK_1,imbalance_price,Short,2026-07-30T07:28:36Z
2026-07-30T07:25:17Z,2026-07-30T09:25:17+0200,e73b670a-bc29-4bfc-b6f4-93c290a4d3ee,2026-07-19T11:00:00Z,2026-07-19T13:00:00+0200,4.01,EUR/MWh,DK1,DK_1,imbalance_price,Long,2026-07-30T07:28:36Z
2026-07-30T07:25:17Z,2026-07-30T09:25:17+0200,e73b670a-bc29-4bfc-b6f4-93c290a4d3ee,2026-07-19T11:00:00Z,2026-07-19T13:00:00+0200,4.01,EUR/MWh,DK1,DK_1,imbalance_price,Short,2026-07-30T07:28:36Z
2026-07-30T07:25:17Z,2026-07-30T09:25:17+0200,e73b670a-bc29-4bfc-b6f4-93c290a4d3ee,2026-07-19T11:15:00Z,2026-07-19T13:15:00+0200,-0.01,EUR/MWh,DK1,DK_1,imbalance_price,Long,2026-07-30T07:28:36Z
2026-07-30T07:25:17Z,2026-07-30T09:25:17+0200,e73b670a-bc29-4bfc-b6f4-93c290a4d3ee,2026-07-19T11:15:00Z,2026-07-19T13:15:00+0200,-0.01,EUR/MWh,DK1,DK_1,imbalance_price,Short,2026-07-30T07:28:36Z
2026-07-30T07:25:17Z,2026-07-30T09:25:17+0200,e73b670a-bc29-4bfc-b6f4-93c290a4d3ee,2026-07-19T11:30:00Z,2026-07-19T13:30:00+0200,-0.01,EUR/MWh,DK1,DK_1,imbalance_price,Long,2026-07-30T07:28:36Z
2026-07-30T07:25:17Z,2026-07-30T09:25:17+0200,e73b670a-bc29-4bfc-b6f4-93c290a4d3ee,2026-07-19T11:30:00Z,2026-07-19T13:30:00+0200,-0.01,EUR/MWh,DK1,DK_1,imbalance_price,Short,2026-07-30T07:28:36Z
2026-07-30T07:25:17Z,2026-07-30T09:25:17+0200,e73b670a-bc29-4bfc-b6f4-93c290a4d3ee,2026-07-19T11:45:00Z,2026-07-19T13:45:00+0200,-0.01,EUR/MWh,DK1,DK_1,imbalance_price,Long,2026-07-30T07:28:36Z
2026-07-30T07:25:17Z,2026-07-30T09:25:17+0200,e73b670a-bc29-4bfc-b6f4-93c290a4d3ee,2026-07-19T11:45:00Z,2026-07-19T13:45:00+0200,-0.01,EUR/MWh,DK1,DK_1,imbalance_price,Short,2026-07-30T07:28:36Z
2026-07-30T07:25:17Z,2026-07-30T09:25:17+0200,e73b670a-bc29-4bfc-b6f4-93c290a4d3ee,2026-07-19T12:00:00Z,2026-07-19T14:00:00+0200,-0.03,EUR/MWh,DK1,DK_1,imbalance_price,Long,2026-07-30T07:28:36Z
2026-07-30T07:25:17Z,2026-07-30T09:25:17+0200,e73b670a-bc29-4bfc-b6f4-93c290a4d3ee,2026-07-19T12:00:00Z,2026-07-19T14:00:00+0200,-0.03,EUR/MWh,DK1,DK_1,imbalance_price,Short,2026-07-30T07:28:36Z
2026-07-30T07:25:17Z,2026-07-30T09:25:17+0200,e73b670a-bc29-4bfc-b6f4-93c290a4d3ee,2026-07-19T12:15:00Z,2026-07-19T14:15:00+0200,3.14,EUR/MWh,DK1,DK_1,imbalance_price,Long,2026-07-30T07:28:36Z
2026-07-30T07:25:17Z,2026-07-30T09:25:17+0200,e73b670a-bc29-4bfc-b6f4-93c290a4d3ee,2026-07-19T12:15:00Z,2026-07-19T14:15:00+0200,3.14,EUR/MWh,DK1,DK_1,imbalance_price,Short,2026-07-30T07:28:36Z
2026-07-30T07:25:17Z,2026-07-30T09:25:17+0200,e73b670a-bc29-4bfc-b6f4-93c290a4d3ee,2026-07-19T12:30:00Z,2026-07-19T14:30:00+0200,6.69,EUR/MWh,DK1,DK_1,imbalance_price,Long,2026-07-30T07:28:36Z
2026-07-30T07:25:17Z,2026-07-30T09:25:17+0200,e73b670a-bc29-4bfc-b6f4-93c290a4d3ee,2026-07-19T12:30:00Z,2026-07-19T14:30:00+0200,6.69,EUR/MWh,DK1,DK_1,imbalance_price,Short,2026-07-30T07:28:36Z
2026-07-30T07:25:17Z,2026-07-30T09:25:17+0200,e73b670a-bc29-4bfc-b6f4-93c290a4d3ee,2026-07-19T12:45:00Z,2026-07-19T14:45:00+0200,-28.71,EUR/MWh,DK1,DK_1,imbalance_price,Long,2026-07-30T07:28:36Z
2026-07-30T07:25:17Z,2026-07-30T09:25:17+0200,e73b670a-bc29-4bfc-b6f4-93c290a4d3ee,2026-07-19T12:45:00Z,2026-07-19T14:45:00+0200,-28.71,EUR/MWh,DK1,DK_1,imbalance_price,Short,2026-07-30T07:28:36Z
2026-07-30T07:25:17Z,2026-07-30T09:25:17+0200,e73b670a-bc29-4bfc-b6f4-93c290a4d3ee,2026-07-19T13:00:00Z,2026-07-19T15:00:00+0200,37.02,EUR/MWh,DK1,DK_1,imbalance_price,Long,2026-07-30T07:28:36Z
2026-07-30T07:25:17Z,2026-07-30T09:25:17+0200,e73b670a-bc29-4bfc-b6f4-93c290a4d3ee,2026-07-19T13:00:00Z,2026-07-19T15:00:00+0200,37.02,EUR/MWh,DK1,DK_1,imbalance_price,Short,2026-07-30T07:28:36Z
2026-07-30T07:25:17Z,2026-07-30T09:25:17+0200,e73b670a-bc29-4bfc-b6f4-93c290a4d3ee,2026-07-19T13:15:00Z,2026-07-19T15:15:00+0200,4.82,EUR/MWh,DK1,DK_1,imbalance_price,Long,2026-07-30T07:28:36Z
2026-07-30T07:25:17Z,2026-07-30T09:25:17+0200,e73b670a-bc29-4bfc-b6f4-93c290a4d3ee,2026-07-19T13:15:00Z,2026-07-19T15:15:00+0200,4.82,EUR/MWh,DK1,DK_1,imbalance_price,Short,2026-07-30T07:28:36Z
2026-07-30T07:25:17Z,2026-07-30T09:25:17+0200,e73b670a-bc29-4bfc-b6f4-93c290a4d3ee,2026-07-19T13:30:00Z,2026-07-19T15:30:00+0200,-22.15,EUR/MWh,DK1,DK_1,imbalance_price,Long,2026-07-30T07:28:36Z
2026-07-30T07:25:17Z,2026-07-30T09:25:17+0200,e73b670a-bc29-4bfc-b6f4-93c290a4d3ee,2026-07-19T13:30:00Z,2026-07-19T15:30:00+0200,-22.15,EUR/MWh,DK1,DK_1,imbalance_price,Short,2026-07-30T07:28:36Z
2026-07-30T07:25:17Z,2026-07-30T09:25:17+0200,e73b670a-bc29-4bfc-b6f4-93c290a4d3ee,2026-07-19T13:45:00Z,2026-07-19T15:45:00+0200,-10.0,EUR/MWh,DK1,DK_1,imbalance_price,Long,2026-07-30T07:28:36Z
2026-07-30T07:25:17Z,2026-07-30T09:25:17+0200,e73b670a-bc29-4bfc-b6f4-93c290a4d3ee,2026-07-19T13:45:00Z,2026-07-19T15:45:00+0200,-10.0,EUR/MWh,DK1,DK_1,imbalance_price,Short,2026-07-30T07:28:36Z
2026-07-30T07:25:17Z,2026-07-30T09:25:17+0200,e73b670a-bc29-4bfc-b6f4-93c290a4d3ee,2026-07-19T14:00:00Z,2026-07-19T16:00:00+0200,-17.26,EUR/MWh,DK1,DK_1,imbalance_price,Long,2026-07-30T07:28:36Z
2026-07-30T07:25:17Z,2026-07-30T09:25:17+0200,e73b670a-bc29-4bfc-b6f4-93c290a4d3ee,2026-07-19T14:00:00Z,2026-07-19T16:00:00+0200,-17.26,EUR/MWh,DK1,DK_1,imbalance_price,Short,2026-07-30T07:28:36Z
2026-07-30T07:25:17Z,2026-07-30T09:25:17+0200,e73b670a-bc29-4bfc-b6f4-93c290a4d3ee,2026-07-19T14:15:00Z,2026-07-19T16:15:00+0200,-10.0,EUR/MWh,DK1,DK_1,imbalance_price,Long,2026-07-30T07:28:36Z
2026-07-30T07:25:17Z,2026-07-30T09:25:17+0200,e73b670a-bc29-4bfc-b6f4-93c290a4d3ee,2026-07-19T14:15:00Z,2026-07-19T16:15:00+0200,-10.0,EUR/MWh,DK1,DK_1,imbalance_price,Short,2026-07-30T07:28:36Z
2026-07-30T07:25:17Z,2026-07-30T09:25:17+0200,e73b670a-bc29-4bfc-b6f4-93c290a4d3ee,2026-07-19T14:30:00Z,2026-07-19T16:30:00+0200,12.73,EUR/MWh,DK1,DK_1,imbalance_price,Long,2026-07-30T07:28:36Z
2026-07-30T07:25:17Z,2026-07-30T09:25:17+0200,e73b670a-bc29-4bfc-b6f4-93c290a4d3ee,2026-07-19T14:30:00Z,2026-07-19T16:30:00+0200,12.73,EUR/MWh,DK1,DK_1,imbalance_price,Short,2026-07-30T07:28:36Z
2026-07-30T07:25:17Z,2026-07-30T09:25:17+0200,e73b670a-bc29-4bfc-b6f4-93c290a4d3ee,2026-07-19T14:45:00Z,2026-07-19T16:45:00+0200,-7.98,EUR/MWh,DK1,DK_1,imbalance_price,Long,2026-07-30T07:28:36Z
2026-07-30T07:25:17Z,2026-07-30T09:25:17+0200,e73b670a-bc29-4bfc-b6f4-93c290a4d3ee,2026-07-19T14:45:00Z,2026-07-19T16:45:00+0200,-7.98,EUR/MWh,DK1,DK_1,imbalance_price,Short,2026-07-30T07:28:36Z
2026-07-30T07:25:17Z,2026-07-30T09:25:17+0200,e73b670a-bc29-4bfc-b6f4-93c290a4d3ee,2026-07-19T15:00:00Z,2026-07-19T17:00:00+0200,1.36,EUR/MWh,DK1,DK_1,imbalance_price,Long,2026-07-30T07:28:36Z
2026-07-30T07:25:17Z,2026-07-30T09:25:17+0200,e73b670a-bc29-4bfc-b6f4-93c290a4d3ee,2026-07-19T15:00:00Z,2026-07-19T17:00:00+0200,1.36,EUR/MWh,DK1,DK_1,imbalance_price,Short,2026-07-30T07:28:36Z
2026-07-30T07:25:17Z,2026-07-30T09:25:17+0200,e73b670a-bc29-4bfc-b6f4-93c290a4d3ee,2026-07-19T15:15:00Z,2026-07-19T17:15:00+0200,2.49,EUR/MWh,DK1,DK_1,imbalance_price,Long,2026-07-30T07:28:36Z
2026-07-30T07:25:17Z,2026-07-30T09:25:17+0200,e73b670a-bc29-4bfc-b6f4-93c290a4d3ee,2026-07-19T15:15:00Z,2026-07-19T17:15:00+0200,2.49,EUR/MWh,DK1,DK_1,imbalance_price,Short,2026-07-30T07:28:36Z
2026-07-30T07:25:17Z,2026-07-30T09:25:17+0200,e73b670a-bc29-4bfc-b6f4-93c290a4d3ee,2026-07-19T15:30:00Z,2026-07-19T17:30:00+0200,-0.49,EUR/MWh,DK1,DK_1,imbalance_price,Long,2026-07-30T07:28:36Z
2026-07-30T07:25:17Z,2026-07-30T09:25:17+0200,e73b670a-bc29-4bfc-b6f4-93c290a4d3ee,2026-07-19T15:30:00Z,2026-07-19T17:30:00+0200,-0.49,EUR/MWh,DK1,DK_1,imbalance_price,Short,2026-07-30T07:28:36Z
2026-07-30T07:25:17Z,2026-07-30T09:25:17+0200,e73b670a-bc29-4bfc-b6f4-93c290a4d3ee,2026-07-19T15:45:00Z,2026-07-19T17:45:00+0200,0.63,EUR/MWh,DK1,DK_1,imbalance_price,Long,2026-07-30T07:28:36Z
2026-07-30T07:25:17Z,2026-07-30T09:25:17+0200,e73b670a-bc29-4bfc-b6f4-93c290a4d3ee,2026-07-19T15:45:00Z,2026-07-19T17:45:00+0200,0.63,EUR/MWh,DK1,DK_1,imbalance_price,Short,2026-07-30T07:28:36Z
2026-07-30T07:25:17Z,2026-07-30T09:25:17+0200,e73b670a-bc29-4bfc-b6f4-93c290a4d3ee,2026-07-19T16:00:00Z,2026-07-19T18:00:00+0200,34.2,EUR/MWh,DK1,DK_1,imbalance_price,Long,2026-07-30T07:28:36Z
2026-07-30T07:25:17Z,2026-07-30T09:25:17+0200,e73b670a-bc29-4bfc-b6f4-93c290a4d3ee,2026-07-19T16:00:00Z,2026-07-19T18:00:00+0200,34.2,EUR/MWh,DK1,DK_1,imbalance_price,Short,2026-07-30T07:28:36Z
2026-07-30T07:25:17Z,2026-07-30T09:25:17+0200,e73b670a-bc29-4bfc-b6f4-93c290a4d3ee,2026-07-19T16:15:00Z,2026-07-19T18:15:00+0200,76.99,EUR/MWh,DK1,DK_1,imbalance_price,Long,2026-07-30T07:28:36Z
2026-07-30T07:25:17Z,2026-07-30T09:25:17+0200,e73b670a-bc29-4bfc-b6f4-93c290a4d3ee,2026-07-19T16:15:00Z,2026-07-19T18:15:00+0200,76.99,EUR/MWh,DK1,DK_1,imbalance_price,Short,2026-07-30T07:28:36Z
2026-07-30T07:25:17Z,2026-07-30T09:25:17+0200,e73b670a-bc29-4bfc-b6f4-93c290a4d3ee,2026-07-19T16:30:00Z,2026-07-19T18:30:00+0200,128.58,EUR/MWh,DK1,DK_1,imbalance_price,Long,2026-07-30T07:28:36Z
2026-07-30T07:25:17Z,2026-07-30T09:25:17+0200,e73b670a-bc29-4bfc-b6f4-93c290a4d3ee,2026-07-19T16:30:00Z,2026-07-19T18:30:00+0200,128.58,EUR/MWh,DK1,DK_1,imbalance_price,Short,2026-07-30T07:28:36Z
2026-07-30T07:25:17Z,2026-07-30T09:25:17+0200,e73b670a-bc29-4bfc-b6f4-93c290a4d3ee,2026-07-19T16:45:00Z,2026-07-19T18:45:00+0200,5.01,EUR/MWh,DK1,DK_1,imbalance_price,Long,2026-07-30T07:28:36Z
2026-07-30T07:25:17Z,2026-07-30T09:25:17+0200,e73b670a-bc29-4bfc-b6f4-93c290a4d3ee,2026-07-19T16:45:00Z,2026-07-19T18:45:00+0200,5.01,EUR/MWh,DK1,DK_1,imbalance_price,Short,2026-07-30T07:28:36Z
2026-07-30T07:25:17Z,2026-07-30T09:25:17+0200,e73b670a-bc29-4bfc-b6f4-93c290a4d3ee,2026-07-19T17:00:00Z,2026-07-19T19:00:00+0200,1051.92,EUR/MWh,DK1,DK_1,imbalance_price,Long,2026-07-30T07:28:36Z
2026-07-30T07:25:17Z,2026-07-30T09:25:17+0200,e73b670a-bc29-4bfc-b6f4-93c290a4d3ee,2026-07-19T17:00:00Z,2026-07-19T19:00:00+0200,1051.92,EUR/MWh,DK1,DK_1,imbalance_price,Short,2026-07-30T07:28:36Z
2026-07-30T07:25:17Z,2026-07-30T09:25:17+0200,e73b670a-bc29-4bfc-b6f4-93c290a4d3ee,2026-07-19T17:15:00Z,2026-07-19T19:15:00+0200,277.33,EUR/MWh,DK1,DK_1,imbalance_price,Long,2026-07-30T07:28:36Z
2026-07-30T07:25:17Z,2026-07-30T09:25:17+0200,e73b670a-bc29-4bfc-b6f4-93c290a4d3ee,2026-07-19T17:15:00Z,2026-07-19T19:15:00+0200,277.33,EUR/MWh,DK1,DK_1,imbalance_price,Short,2026-07-30T07:28:36Z
2026-07-30T07:25:17Z,2026-07-30T09:25:17+0200,e73b670a-bc29-4bfc-b6f4-93c290a4d3ee,2026-07-19T17:30:00Z,2026-07-19T19:30:00+0200,461.66,EUR/MWh,DK1,DK_1,imbalance_price,Long,2026-07-30T07:28:36Z
2026-07-30T07:25:17Z,2026-07-30T09:25:17+0200,e73b670a-bc29-4bfc-b6f4-93c290a4d3ee,2026-07-19T17:30:00Z,2026-07-19T19:30:00+0200,461.66,EUR/MWh,DK1,DK_1,imbalance_price,Short,2026-07-30T07:28:36Z
2026-07-30T07:25:17Z,2026-07-30T09:25:17+0200,e73b670a-bc29-4bfc-b6f4-93c290a4d3ee,2026-07-19T17:45:00Z,2026-07-19T19:45:00+0200,1454.6,EUR/MWh,DK1,DK_1,imbalance_price,Long,2026-07-30T07:28:36Z
2026-07-30T07:25:17Z,2026-07-30T09:25:17+0200,e73b670a-bc29-4bfc-b6f4-93c290a4d3ee,2026-07-19T17:45:00Z,2026-07-19T19:45:00+0200,1454.6,EUR/MWh,DK1,DK_1,imbalance_price,Short,2026-07-30T07:28:36Z
2026-07-30T07:25:17Z,2026-07-30T09:25:17+0200,e73b670a-bc29-4bfc-b6f4-93c290a4d3ee,2026-07-19T18:00:00Z,2026-07-19T20:00:00+0200,706.2,EUR/MWh,DK1,DK_1,imbalance_price,Long,2026-07-30T07:28:36Z
2026-07-30T07:25:17Z,2026-07-30T09:25:17+0200,e73b670a-bc29-4bfc-b6f4-93c290a4d3ee,2026-07-19T18:00:00Z,2026-07-19T20:00:00+0200,706.2,EUR/MWh,DK1,DK_1,imbalance_price,Short,2026-07-30T07:28:36Z
2026-07-30T07:25:17Z,2026-07-30T09:25:17+0200,e73b670a-bc29-4bfc-b6f4-93c290a4d3ee,2026-07-19T18:15:00Z,2026-07-19T20:15:00+0200,533.28,EUR/MWh,DK1,DK_1,imbalance_price,Long,2026-07-30T07:28:36Z
2026-07-30T07:25:17Z,2026-07-30T09:25:17+0200,e73b670a-bc29-4bfc-b6f4-93c290a4d3ee,2026-07-19T18:15:00Z,2026-07-19T20:15:00+0200,533.28,EUR/MWh,DK1,DK_1,imbalance_price,Short,2026-07-30T07:28:36Z
2026-07-30T07:25:17Z,2026-07-30T09:25:17+0200,e73b670a-bc29-4bfc-b6f4-93c290a4d3ee,2026-07-19T18:30:00Z,2026-07-19T20:30:00+0200,55.0,EUR/MWh,DK1,DK_1,imbalance_price,Long,2026-07-30T07:28:36Z
2026-07-30T07:25:17Z,2026-07-30T09:25:17+0200,e73b670a-bc29-4bfc-b6f4-93c290a4d3ee,2026-07-19T18:30:00Z,2026-07-19T20:30:00+0200,55.0,EUR/MWh,DK1,DK_1,imbalance_price,Short,2026-07-30T07:28:36Z
2026-07-30T07:25:17Z,2026-07-30T09:25:17+0200,e73b670a-bc29-4bfc-b6f4-93c290a4d3ee,2026-07-19T18:45:00Z,2026-07-19T20:45:00+0200,87.32,EUR/MWh,DK1,DK_1,imbalance_price,Long,2026-07-30T07:28:36Z
2026-07-30T07:25:17Z,2026-07-30T09:25:17+0200,e73b670a-bc29-4bfc-b6f4-93c290a4d3ee,2026-07-19T18:45:00Z,2026-07-19T20:45:00+0200,87.32,EUR/MWh,DK1,DK_1,imbalance_price,Short,2026-07-30T07:28:36Z
2026-07-30T07:25:17Z,2026-07-30T09:25:17+0200,e73b670a-bc29-4bfc-b6f4-93c290a4d3ee,2026-07-19T19:00:00Z,2026-07-19T21:00:00+0200,46.68,EUR/MWh,DK1,DK_1,imbalance_price,Long,2026-07-30T07:28:36Z
2026-07-30T07:25:17Z,2026-07-30T09:25:17+0200,e73b670a-bc29-4bfc-b6f4-93c290a4d3ee,2026-07-19T19:00:00Z,2026-07-19T21:00:00+0200,46.68,EUR/MWh,DK1,DK_1,imbalance_price,Short,2026-07-30T07:28:36Z
2026-07-30T07:25:17Z,2026-07-30T09:25:17+0200,e73b670a-bc29-4bfc-b6f4-93c290a4d3ee,2026-07-19T19:15:00Z,2026-07-19T21:15:00+0200,145.74,EUR/MWh,DK1,DK_1,imbalance_price,Long,2026-07-30T07:28:36Z
2026-07-30T07:25:17Z,2026-07-30T09:25:17+0200,e73b670a-bc29-4bfc-b6f4-93c290a4d3ee,2026-07-19T19:15:00Z,2026-07-19T21:15:00+0200,145.74,EUR/MWh,DK1,DK_1,imbalance_price,Short,2026-07-30T07:28:36Z
2026-07-30T07:25:17Z,2026-07-30T09:25:17+0200,e73b670a-bc29-4bfc-b6f4-93c290a4d3ee,2026-07-19T19:30:00Z,2026-07-19T21:30:00+0200,146.04,EUR/MWh,DK1,DK_1,imbalance_price,Long,2026-07-30T07:28:36Z
2026-07-30T07:25:17Z,2026-07-30T09:25:17+0200,e73b670a-bc29-4bfc-b6f4-93c290a4d3ee,2026-07-19T19:30:00Z,2026-07-19T21:30:00+0200,146.04,EUR/MWh,DK1,DK_1,imbalance_price,Short,2026-07-30T07:28:36Z
2026-07-30T07:25:17Z,2026-07-30T09:25:17+0200,e73b670a-bc29-4bfc-b6f4-93c290a4d3ee,2026-07-19T19:45:00Z,2026-07-19T21:45:00+0200,267.6,EUR/MWh,DK1,DK_1,imbalance_price,Long,2026-07-30T07:28:36Z
2026-07-30T07:25:17Z,2026-07-30T09:25:17+0200,e73b670a-bc29-4bfc-b6f4-93c290a4d3ee,2026-07-19T19:45:00Z,2026-07-19T21:45:00+0200,267.6,EUR/MWh,DK1,DK_1,imbalance_price,Short,2026-07-30T07:28:36Z
2026-07-30T07:25:17Z,2026-07-30T09:25:17+0200,e73b670a-bc29-4bfc-b6f4-93c290a4d3ee,2026-07-19T20:00:00Z,2026-07-19T22:00:00+0200,21.59,EUR/MWh,DK1,DK_1,imbalance_price,Long,2026-07-30T07:28:36Z
2026-07-30T07:25:17Z,2026-07-30T09:25:17+0200,e73b670a-bc29-4bfc-b6f4-93c290a4d3ee,2026-07-19T20:00:00Z,2026-07-19T22:00:00+0200,21.59,EUR/MWh,DK1,DK_1,imbalance_price,Short,2026-07-30T07:28:36Z
2026-07-30T07:25:17Z,2026-07-30T09:25:17+0200,e73b670a-bc29-4bfc-b6f4-93c290a4d3ee,2026-07-19T20:15:00Z,2026-07-19T22:15:00+0200,30.73,EUR/MWh,DK1,DK_1,imbalance_price,Long,2026-07-30T07:28:36Z
2026-07-30T07:25:17Z,2026-07-30T09:25:17+0200,e73b670a-bc29-4bfc-b6f4-93c290a4d3ee,2026-07-19T20:15:00Z,2026-07-19T22:15:00+0200,30.73,EUR/MWh,DK1,DK_1,imbalance_price,Short,2026-07-30T07:28:36Z
2026-07-30T07:25:17Z,2026-07-30T09:25:17+0200,e73b670a-bc29-4bfc-b6f4-93c290a4d3ee,2026-07-19T20:30:00Z,2026-07-19T22:30:00+0200,61.15,EUR/MWh,DK1,DK_1,imbalance_price,Long,2026-07-30T07:28:36Z
2026-07-30T07:25:17Z,2026-07-30T09:25:17+0200,e73b670a-bc29-4bfc-b6f4-93c290a4d3ee,2026-07-19T20:30:00Z,2026-07-19T22:30:00+0200,61.15,EUR/MWh,DK1,DK_1,imbalance_price,Short,2026-07-30T07:28:36Z
2026-07-30T07:25:17Z,2026-07-30T09:25:17+0200,e73b670a-bc29-4bfc-b6f4-93c290a4d3ee,2026-07-19T20:45:00Z,2026-07-19T22:45:00+0200,152.54,EUR/MWh,DK1,DK_1,imbalance_price,Long,2026-07-30T07:28:36Z
2026-07-30T07:25:17Z,2026-07-30T09:25:17+0200,e73b670a-bc29-4bfc-b6f4-93c290a4d3ee,2026-07-19T20:45:00Z,2026-07-19T22:45:00+0200,152.54,EUR/MWh,DK1,DK_1,imbalance_price,Short,2026-07-30T07:28:36Z
2026-07-30T07:25:17Z,2026-07-30T09:25:17+0200,e73b670a-bc29-4bfc-b6f4-93c290a4d3ee,2026-07-19T21:00:00Z,2026-07-19T23:00:00+0200,267.6,EUR/MWh,DK1,DK_1,imbalance_price,Long,2026-07-30T07:28:36Z
2026-07-30T07:25:17Z,2026-07-30T09:25:17+0200,e73b670a-bc29-4bfc-b6f4-93c290a4d3ee,2026-07-19T21:00:00Z,2026-07-19T23:00:00+0200,267.6,EUR/MWh,DK1,DK_1,imbalance_price,Short,2026-07-30T07:28:36Z
2026-07-30T07:25:17Z,2026-07-30T09:25:17+0200,e73b670a-bc29-4bfc-b6f4-93c290a4d3ee,2026-07-19T21:15:00Z,2026-07-19T23:15:00+0200,34.12,EUR/MWh,DK1,DK_1,imbalance_price,Long,2026-07-30T07:28:36Z
2026-07-30T07:25:17Z,2026-07-30T09:25:17+0200,e73b670a-bc29-4bfc-b6f4-93c290a4d3ee,2026-07-19T21:15:00Z,2026-07-19T23:15:00+0200,34.12,EUR/MWh,DK1,DK_1,imbalance_price,Short,2026-07-30T07:28:36Z
2026-07-30T07:25:17Z,2026-07-30T09:25:17+0200,e73b670a-bc29-4bfc-b6f4-93c290a4d3ee,2026-07-19T21:30:00Z,2026-07-19T23:30:00+0200,135.65,EUR/MWh,DK1,DK_1,imbalance_price,Long,2026-07-30T07:28:36Z
2026-07-30T07:25:17Z,2026-07-30T09:25:17+0200,e73b670a-bc29-4bfc-b6f4-93c290a4d3ee,2026-07-19T21:30:00Z,2026-07-19T23:30:00+0200,135.65,EUR/MWh,DK1,DK_1,imbalance_price,Short,2026-07-30T07:28:36Z
2026-07-30T07:25:17Z,2026-07-30T09:25:17+0200,e73b670a-bc29-4bfc-b6f4-93c290a4d3ee,2026-07-19T21:45:00Z,2026-07-19T23:45:00+0200,140.0,EUR/MWh,DK1,DK_1,imbalance_price,Long,2026-07-30T07:28:36Z
2026-07-30T07:25:17Z,2026-07-30T09:25:17+0200,e73b670a-bc29-4bfc-b6f4-93c290a4d3ee,2026-07-19T21:45:00Z,2026-07-19T23:45:00+0200,140.0,EUR/MWh,DK1,DK_1,imbalance_price,Short,2026-07-30T07:28:36Z
2026-07-30T07:25:17Z,2026-07-30T09:25:17+0200,e73b670a-bc29-4bfc-b6f4-93c290a4d3ee,2026-07-19T22:00:00Z,2026-07-20T00:00:00+0200,167.33,EUR/MWh,DK1,DK_1,imbalance_price,Long,2026-07-30T07:28:36Z
2026-07-30T07:25:17Z,2026-07-30T09:25:17+0200,e73b670a-bc29-4bfc-b6f4-93c290a4d3ee,2026-07-19T22:00:00Z,2026-07-20T00:00:00+0200,167.33,EUR/MWh,DK1,DK_1,imbalance_price,Short,2026-07-30T07:28:36Z
2026-07-30T07:25:17Z,2026-07-30T09:25:17+0200,e73b670a-bc29-4bfc-b6f4-93c290a4d3ee,2026-07-19T22:15:00Z,2026-07-20T00:15:00+0200,165.0,EUR/MWh,DK1,DK_1,imbalance_price,Long,2026-07-30T07:28:36Z
2026-07-30T07:25:17Z,2026-07-30T09:25:17+0200,e73b670a-bc29-4bfc-b6f4-93c290a4d3ee,2026-07-19T22:15:00Z,2026-07-20T00:15:00+0200,165.0,EUR/MWh,DK1,DK_1,imbalance_price,Short,2026-07-30T07:28:36Z
2026-07-30T07:25:17Z,2026-07-30T09:25:17+0200,e73b670a-bc29-4bfc-b6f4-93c290a4d3ee,2026-07-19T22:30:00Z,2026-07-20T00:30:00+0200,140.74,EUR/MWh,DK1,DK_1,imbalance_price,Long,2026-07-30T07:28:36Z
2026-07-30T07:25:17Z,2026-07-30T09:25:17+0200,e73b670a-bc29-4bfc-b6f4-93c290a4d3ee,2026-07-19T22:30:00Z,2026-07-20T00:30:00+0200,140.74,EUR/MWh,DK1,DK_1,imbalance_price,Short,2026-07-30T07:28:36Z
2026-07-30T07:25:17Z,2026-07-30T09:25:17+0200,e73b670a-bc29-4bfc-b6f4-93c290a4d3ee,2026-07-19T22:45:00Z,2026-07-20T00:45:00+0200,25.93,EUR/MWh,DK1,DK_1,imbalance_price,Long,2026-07-30T07:28:36Z
2026-07-30T07:25:17Z,2026-07-30T09:25:17+0200,e73b670a-bc29-4bfc-b6f4-93c290a4d3ee,2026-07-19T22:45:00Z,2026-07-20T00:45:00+0200,25.93,EUR/MWh,DK1,DK_1,imbalance_price,Short,2026-07-30T07:28:36Z
2026-07-30T07:25:17Z,2026-07-30T09:25:17+0200,e73b670a-bc29-4bfc-b6f4-93c290a4d3ee,2026-07-19T23:00:00Z,2026-07-20T01:00:00+0200,9.96,EUR/MWh,DK1,DK_1,imbalance_price,Long,2026-07-30T07:28:36Z
2026-07-30T07:25:17Z,2026-07-30T09:25:17+0200,e73b670a-bc29-4bfc-b6f4-93c290a4d3ee,2026-07-19T23:00:00Z,2026-07-20T01:00:00+0200,9.96,EUR/MWh,DK1,DK_1,imbalance_price,Short,2026-07-30T07:28:36Z
2026-07-30T07:25:17Z,2026-07-30T09:25:17+0200,e73b670a-bc29-4bfc-b6f4-93c290a4d3ee,2026-07-19T23:15:00Z,2026-07-20T01:15:00+0200,12.4,EUR/MWh,DK1,DK_1,imbalance_price,Long,2026-07-30T07:28:36Z
2026-07-30T07:25:17Z,2026-07-30T09:25:17+0200,e73b670a-bc29-4bfc-b6f4-93c290a4d3ee,2026-07-19T23:15:00Z,2026-07-20T01:15:00+0200,12.4,EUR/MWh,DK1,DK_1,imbalance_price,Short,2026-07-30T07:28:36Z
2026-07-30T07:25:17Z,2026-07-30T09:25:17+0200,e73b670a-bc29-4bfc-b6f4-93c290a4d3ee,2026-07-19T23:30:00Z,2026-07-20T01:30:00+0200,27.8,EUR/MWh,DK1,DK_1,imbalance_price,Long,2026-07-30T07:28:36Z
2026-07-30T07:25:17Z,2026-07-30T09:25:17+0200,e73b670a-bc29-4bfc-b6f4-93c290a4d3ee,2026-07-19T23:30:00Z,2026-07-20T01:30:00+0200,27.8,EUR/MWh,DK1,DK_1,imbalance_price,Short,2026-07-30T07:28:36Z
2026-07-30T07:25:17Z,2026-07-30T09:25:17+0200,e73b670a-bc29-4bfc-b6f4-93c290a4d3ee,2026-07-19T23:45:00Z,2026-07-20T01:45:00+0200,52.88,EUR/MWh,DK1,DK_1,imbalance_price,Long,2026-07-30T07:28:36Z
2026-07-30T07:25:17Z,2026-07-30T09:25:17+0200,e73b670a-bc29-4bfc-b6f4-93c290a4d3ee,2026-07-19T23:45:00Z,2026-07-20T01:45:00+0200,52.88,EUR/MWh,DK1,DK_1,imbalance_price,Short,2026-07-30T07:28:36Z
2026-07-30T07:25:17Z,2026-07-30T09:25:17+0200,e73b670a-bc29-4bfc-b6f4-93c290a4d3ee,2026-07-20T00:00:00Z,2026-07-20T02:00:00+0200,126.0,EUR/MWh,DK1,DK_1,imbalance_price,Long,2026-07-30T07:28:36Z
2026-07-30T07:25:17Z,2026-07-30T09:25:17+0200,e73b670a-bc29-4bfc-b6f4-93c290a4d3ee,2026-07-20T00:00:00Z,2026-07-20T02:00:00+0200,126.0,EUR/MWh,DK1,DK_1,imbalance_price,Short,2026-07-30T07:28:36Z
2026-07-30T07:25:17Z,2026-07-30T09:25:17+0200,e73b670a-bc29-4bfc-b6f4-93c290a4d3ee,2026-07-20T00:15:00Z,2026-07-20T02:15:00+0200,128.69,EUR/MWh,DK1,DK_1,imbalance_price,Long,2026-07-30T07:28:36Z
2026-07-30T07:25:17Z,2026-07-30T09:25:17+0200,e73b670a-bc29-4bfc-b6f4-93c290a4d3ee,2026-07-20T00:15:00Z,2026-07-20T02:15:00+0200,128.69,EUR/MWh,DK1,DK_1,imbalance_price,Short,2026-07-30T07:28:36Z
2026-07-30T07:25:17Z,2026-07-30T09:25:17+0200,e73b670a-bc29-4bfc-b6f4-93c290a4d3ee,2026-07-20T00:30:00Z,2026-07-20T02:30:00+0200,150.08,EUR/MWh,DK1,DK_1,imbalance_price,Long,2026-07-30T07:28:36Z
2026-07-30T07:25:17Z,2026-07-30T09:25:17+0200,e73b670a-bc29-4bfc-b6f4-93c290a4d3ee,2026-07-20T00:30:00Z,2026-07-20T02:30:00+0200,150.08,EUR/MWh,DK1,DK_1,imbalance_price,Short,2026-07-30T07:28:36Z
2026-07-30T07:25:17Z,2026-07-30T09:25:17+0200,e73b670a-bc29-4bfc-b6f4-93c290a4d3ee,2026-07-20T00:45:00Z,2026-07-20T02:45:00+0200,361.26,EUR/MWh,DK1,DK_1,imbalance_price,Long,2026-07-30T07:28:36Z
2026-07-30T07:25:17Z,2026-07-30T09:25:17+0200,e73b670a-bc29-4bfc-b6f4-93c290a4d3ee,2026-07-20T00:45:00Z,2026-07-20T02:45:00+0200,361.26,EUR/MWh,DK1,DK_1,imbalance_price,Short,2026-07-30T07:28:36Z
2026-07-30T07:25:17Z,2026-07-30T09:25:17+0200,e73b670a-bc29-4bfc-b6f4-93c290a4d3ee,2026-07-20T01:00:00Z,2026-07-20T03:00:00+0200,267.6,EUR/MWh,DK1,DK_1,imbalance_price,Long,2026-07-30T07:28:36Z
2026-07-30T07:25:17Z,2026-07-30T09:25:17+0200,e73b670a-bc29-4bfc-b6f4-93c290a4d3ee,2026-07-20T01:00:00Z,2026-07-20T03:00:00+0200,267.6,EUR/MWh,DK1,DK_1,imbalance_price,Short,2026-07-30T07:28:36Z
2026-07-30T07:25:17Z,2026-07-30T09:25:17+0200,e73b670a-bc29-4bfc-b6f4-93c290a4d3ee,2026-07-20T01:15:00Z,2026-07-20T03:15:00+0200,282.76,EUR/MWh,DK1,DK_1,imbalance_price,Long,2026-07-30T07:28:36Z
2026-07-30T07:25:17Z,2026-07-30T09:25:17+0200,e73b670a-bc29-4bfc-b6f4-93c290a4d3ee,2026-07-20T01:15:00Z,2026-07-20T03:15:00+0200,282.76,EUR/MWh,DK1,DK_1,imbalance_price,Short,2026-07-30T07:28:36Z
2026-07-30T07:25:17Z,2026-07-30T09:25:17+0200,e73b670a-bc29-4bfc-b6f4-93c290a4d3ee,2026-07-20T01:30:00Z,2026-07-20T03:30:00+0200,151.0,EUR/MWh,DK1,DK_1,imbalance_price,Long,2026-07-30T07:28:36Z
2026-07-30T07:25:17Z,2026-07-30T09:25:17+0200,e73b670a-bc29-4bfc-b6f4-93c290a4d3ee,2026-07-20T01:30:00Z,2026-07-20T03:30:00+0200,151.0,EUR/MWh,DK1,DK_1,imbalance_price,Short,2026-07-30T07:28:36Z
2026-07-30T07:25:17Z,2026-07-30T09:25:17+0200,e73b670a-bc29-4bfc-b6f4-93c290a4d3ee,2026-07-20T01:45:00Z,2026-07-20T03:45:00+0200,125.0,EUR/MWh,DK1,DK_1,imbalance_price,Long,2026-07-30T07:28:36Z
2026-07-30T07:25:17Z,2026-07-30T09:25:17+0200,e73b670a-bc29-4bfc-b6f4-93c290a4d3ee,2026-07-20T01:45:00Z,2026-07-20T03:45:00+0200,125.0,EUR/MWh,DK1,DK_1,imbalance_price,Short,2026-07-30T07:28:36Z
2026-07-30T07:25:17Z,2026-07-30T09:25:17+0200,e73b670a-bc29-4bfc-b6f4-93c290a4d3ee,2026-07-20T02:00:00Z,2026-07-20T04:00:00+0200,124.7,EUR/MWh,DK1,DK_1,imbalance_price,Long,2026-07-30T07:28:36Z
2026-07-30T07:25:17Z,2026-07-30T09:25:17+0200,e73b670a-bc29-4bfc-b6f4-93c290a4d3ee,2026-07-20T02:00:00Z,2026-07-20T04:00:00+0200,124.7,EUR/MWh,DK1,DK_1,imbalance_price,Short,2026-07-30T07:28:36Z
2026-07-30T07:25:17Z,2026-07-30T09:25:17+0200,e73b670a-bc29-4bfc-b6f4-93c290a4d3ee,2026-07-20T02:15:00Z,2026-07-20T04:15:00+0200,129.38,EUR/MWh,DK1,DK_1,imbalance_price,Long,2026-07-30T07:28:36Z
2026-07-30T07:25:17Z,2026-07-30T09:25:17+0200,e73b670a-bc29-4bfc-b6f4-93c290a4d3ee,2026-07-20T02:15:00Z,2026-07-20T04:15:00+0200,129.38,EUR/MWh,DK1,DK_1,imbalance_price,Short,2026-07-30T07:28:36Z
2026-07-30T07:25:17Z,2026-07-30T09:25:17+0200,e73b670a-bc29-4bfc-b6f4-93c290a4d3ee,2026-07-20T02:30:00Z,2026-07-20T04:30:00+0200,6.69,EUR/MWh,DK1,DK_1,imbalance_price,Long,2026-07-30T07:28:36Z
2026-07-30T07:25:17Z,2026-07-30T09:25:17+0200,e73b670a-bc29-4bfc-b6f4-93c290a4d3ee,2026-07-20T02:30:00Z,2026-07-20T04:30:00+0200,6.69,EUR/MWh,DK1,DK_1,imbalance_price,Short,2026-07-30T07:28:36Z
2026-07-30T07:25:17Z,2026-07-30T09:25:17+0200,e73b670a-bc29-4bfc-b6f4-93c290a4d3ee,2026-07-20T02:45:00Z,2026-07-20T04:45:00+0200,134.98,EUR/MWh,DK1,DK_1,imbalance_price,Long,2026-07-30T07:28:36Z
2026-07-30T07:25:17Z,2026-07-30T09:25:17+0200,e73b670a-bc29-4bfc-b6f4-93c290a4d3ee,2026-07-20T02:45:00Z,2026-07-20T04:45:00+0200,134.98,EUR/MWh,DK1,DK_1,imbalance_price,Short,2026-07-30T07:28:36Z
2026-07-30T07:25:17Z,2026-07-30T09:25:17+0200,e73b670a-bc29-4bfc-b6f4-93c290a4d3ee,2026-07-20T03:00:00Z,2026-07-20T05:00:00+0200,200.67,EUR/MWh,DK1,DK_1,imbalance_price,Long,2026-07-30T07:28:36Z
2026-07-30T07:25:17Z,2026-07-30T09:25:17+0200,e73b670a-bc29-4bfc-b6f4-93c290a4d3ee,2026-07-20T03:00:00Z,2026-07-20T05:00:00+0200,200.67,EUR/MWh,DK1,DK_1,imbalance_price,Short,2026-07-30T07:28:36Z
2026-07-30T07:25:17Z,2026-07-30T09:25:17+0200,e73b670a-bc29-4bfc-b6f4-93c290a4d3ee,2026-07-20T03:15:00Z,2026-07-20T05:15:00+0200,137.4,EUR/MWh,DK1,DK_1,imbalance_price,Long,2026-07-30T07:28:36Z
2026-07-30T07:25:17Z,2026-07-30T09:25:17+0200,e73b670a-bc29-4bfc-b6f4-93c290a4d3ee,2026-07-20T03:15:00Z,2026-07-20T05:15:00+0200,137.4,EUR/MWh,DK1,DK_1,imbalance_price,Short,2026-07-30T07:28:36Z
2026-07-30T07:25:17Z,2026-07-30T09:25:17+0200,e73b670a-bc29-4bfc-b6f4-93c290a4d3ee,2026-07-20T03:30:00Z,2026-07-20T05:30:00+0200,147.21,EUR/MWh,DK1,DK_1,imbalance_price,Long,2026-07-30T07:28:36Z
2026-07-30T07:25:17Z,2026-07-30T09:25:17+0200,e73b670a-bc29-4bfc-b6f4-93c290a4d3ee,2026-07-20T03:30:00Z,2026-07-20T05:30:00+0200,147.21,EUR/MWh,DK1,DK_1,imbalance_price,Short,2026-07-30T07:28:36Z
2026-07-30T07:25:17Z,2026-07-30T09:25:17+0200,e73b670a-bc29-4bfc-b6f4-93c290a4d3ee,2026-07-20T03:45:00Z,2026-07-20T05:45:00+0200,7.93,EUR/MWh,DK1,DK_1,imbalance_price,Long,2026-07-30T07:28:36Z
2026-07-30T07:25:17Z,2026-07-30T09:25:17+0200,e73b670a-bc29-4bfc-b6f4-93c290a4d3ee,2026-07-20T03:45:00Z,2026-07-20T05:45:00+0200,7.93,EUR/MWh,DK1,DK_1,imbalance_price,Short,2026-07-30T07:28:36Z
2026-07-30T07:25:17Z,2026-07-30T09:25:17+0200,e73b670a-bc29-4bfc-b6f4-93c290a4d3ee,2026-07-20T04:00:00Z,2026-07-20T06:00:00+0200,47.07,EUR/MWh,DK1,DK_1,imbalance_price,Long,2026-07-30T07:28:36Z
2026-07-30T07:25:17Z,2026-07-30T09:25:17+0200,e73b670a-bc29-4bfc-b6f4-93c290a4d3ee,2026-07-20T04:00:00Z,2026-07-20T06:00:00+0200,47.07,EUR/MWh,DK1,DK_1,imbalance_price,Short,2026-07-30T07:28:36Z
2026-07-30T07:25:17Z,2026-07-30T09:25:17+0200,e73b670a-bc29-4bfc-b6f4-93c290a4d3ee,2026-07-20T04:15:00Z,2026-07-20T06:15:00+0200,150.02,EUR/MWh,DK1,DK_1,imbalance_price,Long,2026-07-30T07:28:36Z
2026-07-30T07:25:17Z,2026-07-30T09:25:17+0200,e73b670a-bc29-4bfc-b6f4-93c290a4d3ee,2026-07-20T04:15:00Z,2026-07-20T06:15:00+0200,150.02,EUR/MWh,DK1,DK_1,imbalance_price,Short,2026-07-30T07:28:36Z
2026-07-30T07:25:17Z,2026-07-30T09:25:17+0200,e73b670a-bc29-4bfc-b6f4-93c290a4d3ee,2026-07-20T04:30:00Z,2026-07-20T06:30:00+0200,204.24,EUR/MWh,DK1,DK_1,imbalance_price,Long,2026-07-30T07:28:36Z
2026-07-30T07:25:17Z,2026-07-30T09:25:17+0200,e73b670a-bc29-4bfc-b6f4-93c290a4d3ee,2026-07-20T04:30:00Z,2026-07-20T06:30:00+0200,204.24,EUR/MWh,DK1,DK_1,imbalance_price,Short,2026-07-30T07:28:36Z
2026-07-30T07:25:17Z,2026-07-30T09:25:17+0200,e73b670a-bc29-4bfc-b6f4-93c290a4d3ee,2026-07-20T04:45:00Z,2026-07-20T06:45:00+0200,149.19,EUR/MWh,DK1,DK_1,imbalance_price,Long,2026-07-30T07:28:36Z
2026-07-30T07:25:17Z,2026-07-30T09:25:17+0200,e73b670a-bc29-4bfc-b6f4-93c290a4d3ee,2026-07-20T04:45:00Z,2026-07-20T06:45:00+0200,149.19,EUR/MWh,DK1,DK_1,imbalance_price,Short,2026-07-30T07:28:36Z
2026-07-30T07:25:17Z,2026-07-30T09:25:17+0200,e73b670a-bc29-4bfc-b6f4-93c290a4d3ee,2026-07-20T05:00:00Z,2026-07-20T07:00:00+0200,17.56,EUR/MWh,DK1,DK_1,imbalance_price,Long,2026-07-30T07:28:36Z
2026-07-30T07:25:17Z,2026-07-30T09:25:17+0200,e73b670a-bc29-4bfc-b6f4-93c290a4d3ee,2026-07-20T05:00:00Z,2026-07-20T07:00:00+0200,17.56,EUR/MWh,DK1,DK_1,imbalance_price,Short,2026-07-30T07:28:36Z
2026-07-30T07:25:17Z,2026-07-30T09:25:17+0200,e73b670a-bc29-4bfc-b6f4-93c290a4d3ee,2026-07-20T05:15:00Z,2026-07-20T07:15:00+0200,51.27,EUR/MWh,DK1,DK_1,imbalance_price,Long,2026-07-30T07:28:36Z
2026-07-30T07:25:17Z,2026-07-30T09:25:17+0200,e73b670a-bc29-4bfc-b6f4-93c290a4d3ee,2026-07-20T05:15:00Z,2026-07-20T07:15:00+0200,51.27,EUR/MWh,DK1,DK_1,imbalance_price,Short,2026-07-30T07:28:36Z
2026-07-30T07:25:17Z,2026-07-30T09:25:17+0200,e73b670a-bc29-4bfc-b6f4-93c290a4d3ee,2026-07-20T05:30:00Z,2026-07-20T07:30:00+0200,51.14,EUR/MWh,DK1,DK_1,imbalance_price,Long,2026-07-30T07:28:36Z
2026-07-30T07:25:17Z,2026-07-30T09:25:17+0200,e73b670a-bc29-4bfc-b6f4-93c290a4d3ee,2026-07-20T05:30:00Z,2026-07-20T07:30:00+0200,51.14,EUR/MWh,DK1,DK_1,imbalance_price,Short,2026-07-30T07:28:36Z
2026-07-30T07:25:17Z,2026-07-30T09:25:17+0200,e73b670a-bc29-4bfc-b6f4-93c290a4d3ee,2026-07-20T05:45:00Z,2026-07-20T07:45:00+0200,80.0,EUR/MWh,DK1,DK_1,imbalance_price,Long,2026-07-30T07:28:36Z
2026-07-30T07:25:17Z,2026-07-30T09:25:17+0200,e73b670a-bc29-4bfc-b6f4-93c290a4d3ee,2026-07-20T05:45:00Z,2026-07-20T07:45:00+0200,80.0,EUR/MWh,DK1,DK_1,imbalance_price,Short,2026-07-30T07:28:36Z
2026-07-30T07:25:17Z,2026-07-30T09:25:17+0200,e73b670a-bc29-4bfc-b6f4-93c290a4d3ee,2026-07-20T06:00:00Z,2026-07-20T08:00:00+0200,159.0,EUR/MWh,DK1,DK_1,imbalance_price,Long,2026-07-30T07:28:36Z
2026-07-30T07:25:17Z,2026-07-30T09:25:17+0200,e73b670a-bc29-4bfc-b6f4-93c290a4d3ee,2026-07-20T06:00:00Z,2026-07-20T08:00:00+0200,159.0,EUR/MWh,DK1,DK_1,imbalance_price,Short,2026-07-30T07:28:36Z
2026-07-30T07:25:17Z,2026-07-30T09:25:17+0200,e73b670a-bc29-4bfc-b6f4-93c290a4d3ee,2026-07-20T06:15:00Z,2026-07-20T08:15:00+0200,-1.01,EUR/MWh,DK1,DK_1,imbalance_price,Long,2026-07-30T07:28:36Z
2026-07-30T07:25:17Z,2026-07-30T09:25:17+0200,e73b670a-bc29-4bfc-b6f4-93c290a4d3ee,2026-07-20T06:15:00Z,2026-07-20T08:15:00+0200,-1.01,EUR/MWh,DK1,DK_1,imbalance_price,Short,2026-07-30T07:28:36Z
2026-07-30T07:25:17Z,2026-07-30T09:25:17+0200,e73b670a-bc29-4bfc-b6f4-93c290a4d3ee,2026-07-20T06:30:00Z,2026-07-20T08:30:00+0200,11.93,EUR/MWh,DK1,DK_1,imbalance_price,Long,2026-07-30T07:28:36Z
2026-07-30T07:25:17Z,2026-07-30T09:25:17+0200,e73b670a-bc29-4bfc-b6f4-93c290a4d3ee,2026-07-20T06:30:00Z,2026-07-20T08:30:00+0200,11.93,EUR/MWh,DK1,DK_1,imbalance_price,Short,2026-07-30T07:28:36Z
2026-07-30T07:25:17Z,2026-07-30T09:25:17+0200,e73b670a-bc29-4bfc-b6f4-93c290a4d3ee,2026-07-20T06:45:00Z,2026-07-20T08:45:00+0200,7.6,EUR/MWh,DK1,DK_1,imbalance_price,Long,2026-07-30T07:28:36Z
2026-07-30T07:25:17Z,2026-07-30T09:25:17+0200,e73b670a-bc29-4bfc-b6f4-93c290a4d3ee,2026-07-20T06:45:00Z,2026-07-20T08:45:00+0200,7.6,EUR/MWh,DK1,DK_1,imbalance_price,Short,2026-07-30T07:28:36Z
2026-07-30T07:25:17Z,2026-07-30T09:25:17+0200,e73b670a-bc29-4bfc-b6f4-93c290a4d3ee,2026-07-20T07:00:00Z,2026-07-20T09:00:00+0200,12.04,EUR/MWh,DK1,DK_1,imbalance_price,Long,2026-07-30T07:28:36Z
2026-07-30T07:25:17Z,2026-07-30T09:25:17+0200,e73b670a-bc29-4bfc-b6f4-93c290a4d3ee,2026-07-20T07:00:00Z,2026-07-20T09:00:00+0200,12.04,EUR/MWh,DK1,DK_1,imbalance_price,Short,2026-07-30T07:28:36Z
2026-07-30T07:25:17Z,2026-07-30T09:25:17+0200,e73b670a-bc29-4bfc-b6f4-93c290a4d3ee,2026-07-20T07:15:00Z,2026-07-20T09:15:00+0200,3.0,EUR/MWh,DK1,DK_1,imbalance_price,Long,2026-07-30T07:28:36Z
2026-07-30T07:25:17Z,2026-07-30T09:25:17+0200,e73b670a-bc29-4bfc-b6f4-93c290a4d3ee,2026-07-20T07:15:00Z,2026-07-20T09:15:00+0200,3.0,EUR/MWh,DK1,DK_1,imbalance_price,Short,2026-07-30T07:28:36Z
2026-07-30T07:25:17Z,2026-07-30T09:25:17+0200,e73b670a-bc29-4bfc-b6f4-93c290a4d3ee,2026-07-20T07:30:00Z,2026-07-20T09:30:00+0200,5.97,EUR/MWh,DK1,DK_1,imbalance_price,Long,2026-07-30T07:28:36Z
2026-07-30T07:25:17Z,2026-07-30T09:25:17+0200,e73b670a-bc29-4bfc-b6f4-93c290a4d3ee,2026-07-20T07:30:00Z,2026-07-20T09:30:00+0200,5.97,EUR/MWh,DK1,DK_1,imbalance_price,Short,2026-07-30T07:28:36Z
2026-07-30T07:25:17Z,2026-07-30T09:25:17+0200,e73b670a-bc29-4bfc-b6f4-93c290a4d3ee,2026-07-20T07:45:00Z,2026-07-20T09:45:00+0200,-0.36,EUR/MWh,DK1,DK_1,imbalance_price,Long,2026-07-30T07:28:36Z
2026-07-30T07:25:17Z,2026-07-30T09:25:17+0200,e73b670a-bc29-4bfc-b6f4-93c290a4d3ee,2026-07-20T07:45:00Z,2026-07-20T09:45:00+0200,-0.36,EUR/MWh,DK1,DK_1,imbalance_price,Short,2026-07-30T07:28:36Z
2026-07-30T07:25:17Z,2026-07-30T09:25:17+0200,e73b670a-bc29-4bfc-b6f4-93c290a4d3ee,2026-07-20T08:00:00Z,2026-07-20T10:00:00+0200,-6.91,EUR/MWh,DK1,DK_1,imbalance_price,Long,2026-07-30T07:28:36Z
2026-07-30T07:25:17Z,2026-07-30T09:25:17+0200,e73b670a-bc29-4bfc-b6f4-93c290a4d3ee,2026-07-20T08:00:00Z,2026-07-20T10:00:00+0200,-6.91,EUR/MWh,DK1,DK_1,imbalance_price,Short,2026-07-30T07:28:36Z
2026-07-30T07:25:17Z,2026-07-30T09:25:17+0200,e73b670a-bc29-4bfc-b6f4-93c290a4d3ee,2026-07-20T08:15:00Z,2026-07-20T10:15:00+0200,-5.01,EUR/MWh,DK1,DK_1,imbalance_price,Long,2026-07-30T07:28:36Z
2026-07-30T07:25:17Z,2026-07-30T09:25:17+0200,e73b670a-bc29-4bfc-b6f4-93c290a4d3ee,2026-07-20T08:15:00Z,2026-07-20T10:15:00+0200,-5.01,EUR/MWh,DK1,DK_1,imbalance_price,Short,2026-07-30T07:28:36Z
2026-07-30T07:25:17Z,2026-07-30T09:25:17+0200,e73b670a-bc29-4bfc-b6f4-93c290a4d3ee,2026-07-20T08:30:00Z,2026-07-20T10:30:00+0200,0.21,EUR/MWh,DK1,DK_1,imbalance_price,Long,2026-07-30T07:28:36Z
2026-07-30T07:25:17Z,2026-07-30T09:25:17+0200,e73b670a-bc29-4bfc-b6f4-93c290a4d3ee,2026-07-20T08:30:00Z,2026-07-20T10:30:00+0200,0.21,EUR/MWh,DK1,DK_1,imbalance_price,Short,2026-07-30T07:28:36Z
2026-07-30T07:25:17Z,2026-07-30T09:25:17+0200,e73b670a-bc29-4bfc-b6f4-93c290a4d3ee,2026-07-20T08:45:00Z,2026-07-20T10:45:00+0200,-9.31,EUR/MWh,DK1,DK_1,imbalance_price,Long,2026-07-30T07:28:36Z
2026-07-30T07:25:17Z,2026-07-30T09:25:17+0200,e73b670a-bc29-4bfc-b6f4-93c290a4d3ee,2026-07-20T08:45:00Z,2026-07-20T10:45:00+0200,-9.31,EUR/MWh,DK1,DK_1,imbalance_price,Short,2026-07-30T07:28:36Z
2026-07-30T07:25:17Z,2026-07-30T09:25:17+0200,e73b670a-bc29-4bfc-b6f4-93c290a4d3ee,2026-07-20T09:00:00Z,2026-07-20T11:00:00+0200,-3.37,EUR/MWh,DK1,DK_1,imbalance_price,Long,2026-07-30T07:28:36Z
2026-07-30T07:25:17Z,2026-07-30T09:25:17+0200,e73b670a-bc29-4bfc-b6f4-93c290a4d3ee,2026-07-20T09:00:00Z,2026-07-20T11:00:00+0200,-3.37,EUR/MWh,DK1,DK_1,imbalance_price,Short,2026-07-30T07:28:36Z
2026-07-30T07:25:17Z,2026-07-30T09:25:17+0200,e73b670a-bc29-4bfc-b6f4-93c290a4d3ee,2026-07-20T09:15:00Z,2026-07-20T11:15:00+0200,-6.69,EUR/MWh,DK1,DK_1,imbalance_price,Long,2026-07-30T07:28:36Z
2026-07-30T07:25:17Z,2026-07-30T09:25:17+0200,e73b670a-bc29-4bfc-b6f4-93c290a4d3ee,2026-07-20T09:15:00Z,2026-07-20T11:15:00+0200,-6.69,EUR/MWh,DK1,DK_1,imbalance_price,Short,2026-07-30T07:28:36Z
2026-07-30T07:25:17Z,2026-07-30T09:25:17+0200,e73b670a-bc29-4bfc-b6f4-93c290a4d3ee,2026-07-20T09:30:00Z,2026-07-20T11:30:00+0200,-1.27,EUR/MWh,DK1,DK_1,imbalance_price,Long,2026-07-30T07:28:36Z
2026-07-30T07:25:17Z,2026-07-30T09:25:17+0200,e73b670a-bc29-4bfc-b6f4-93c290a4d3ee,2026-07-20T09:30:00Z,2026-07-20T11:30:00+0200,-1.27,EUR/MWh,DK1,DK_1,imbalance_price,Short,2026-07-30T07:28:36Z
2026-07-30T07:25:17Z,2026-07-30T09:25:17+0200,e73b670a-bc29-4bfc-b6f4-93c290a4d3ee,2026-07-20T09:45:00Z,2026-07-20T11:45:00+0200,-6.69,EUR/MWh,DK1,DK_1,imbalance_price,Long,2026-07-30T07:28:36Z
2026-07-30T07:25:17Z,2026-07-30T09:25:17+0200,e73b670a-bc29-4bfc-b6f4-93c290a4d3ee,2026-07-20T09:45:00Z,2026-07-20T11:45:00+0200,-6.69,EUR/MWh,DK1,DK_1,imbalance_price,Short,2026-07-30T07:28:36Z
2026-07-30T07:25:17Z,2026-07-30T09:25:17+0200,e73b670a-bc29-4bfc-b6f4-93c290a4d3ee,2026-07-20T10:00:00Z,2026-07-20T12:00:00+0200,-3.8,EUR/MWh,DK1,DK_1,imbalance_price,Long,2026-07-30T07:28:36Z
2026-07-30T07:25:17Z,2026-07-30T09:25:17+0200,e73b670a-bc29-4bfc-b6f4-93c290a4d3ee,2026-07-20T10:00:00Z,2026-07-20T12:00:00+0200,-3.8,EUR/MWh,DK1,DK_1,imbalance_price,Short,2026-07-30T07:28:36Z
2026-07-30T07:25:17Z,2026-07-30T09:25:17+0200,e73b670a-bc29-4bfc-b6f4-93c290a4d3ee,2026-07-20T10:15:00Z,2026-07-20T12:15:00+0200,-2.47,EUR/MWh,DK1,DK_1,imbalance_price,Long,2026-07-30T07:28:36Z
2026-07-30T07:25:17Z,2026-07-30T09:25:17+0200,e73b670a-bc29-4bfc-b6f4-93c290a4d3ee,2026-07-20T10:15:00Z,2026-07-20T12:15:00+0200,-2.47,EUR/MWh,DK1,DK_1,imbalance_price,Short,2026-07-30T07:28:36Z
2026-07-30T07:25:17Z,2026-07-30T09:25:17+0200,e73b670a-bc29-4bfc-b6f4-93c290a4d3ee,2026-07-20T10:30:00Z,2026-07-20T12:30:00+0200,-8.07,EUR/MWh,DK1,DK_1,imbalance_price,Long,2026-07-30T07:28:36Z
2026-07-30T07:25:17Z,2026-07-30T09:25:17+0200,e73b670a-bc29-4bfc-b6f4-93c290a4d3ee,2026-07-20T10:30:00Z,2026-07-20T12:30:00+0200,-8.07,EUR/MWh,DK1,DK_1,imbalance_price,Short,2026-07-30T07:28:36Z
2026-07-30T07:25:17Z,2026-07-30T09:25:17+0200,e73b670a-bc29-4bfc-b6f4-93c290a4d3ee,2026-07-20T10:45:00Z,2026-07-20T12:45:00+0200,-39.25,EUR/MWh,DK1,DK_1,imbalance_price,Long,2026-07-30T07:28:36Z
2026-07-30T07:25:17Z,2026-07-30T09:25:17+0200,e73b670a-bc29-4bfc-b6f4-93c290a4d3ee,2026-07-20T10:45:00Z,2026-07-20T12:45:00+0200,-39.25,EUR/MWh,DK1,DK_1,imbalance_price,Short,2026-07-30T07:28:36Z
2026-07-30T07:25:17Z,2026-07-30T09:25:17+0200,e73b670a-bc29-4bfc-b6f4-93c290a4d3ee,2026-07-20T11:00:00Z,2026-07-20T13:00:00+0200,-22.37,EUR/MWh,DK1,DK_1,imbalance_price,Long,2026-07-30T07:28:36Z
2026-07-30T07:25:17Z,2026-07-30T09:25:17+0200,e73b670a-bc29-4bfc-b6f4-93c290a4d3ee,2026-07-20T11:00:00Z,2026-07-20T13:00:00+0200,-22.37,EUR/MWh,DK1,DK_1,imbalance_price,Short,2026-07-30T07:28:36Z
2026-07-30T07:25:17Z,2026-07-30T09:25:17+0200,e73b670a-bc29-4bfc-b6f4-93c290a4d3ee,2026-07-20T11:15:00Z,2026-07-20T13:15:00+0200,-9.54,EUR/MWh,DK1,DK_1,imbalance_price,Long,2026-07-30T07:28:36Z
2026-07-30T07:25:17Z,2026-07-30T09:25:17+0200,e73b670a-bc29-4bfc-b6f4-93c290a4d3ee,2026-07-20T11:15:00Z,2026-07-20T13:15:00+0200,-9.54,EUR/MWh,DK1,DK_1,imbalance_price,Short,2026-07-30T07:28:36Z
2026-07-30T07:25:17Z,2026-07-30T09:25:17+0200,e73b670a-bc29-4bfc-b6f4-93c290a4d3ee,2026-07-20T11:30:00Z,2026-07-20T13:30:00+0200,-11.41,EUR/MWh,DK1,DK_1,imbalance_price,Long,2026-07-30T07:28:36Z
2026-07-30T07:25:17Z,2026-07-30T09:25:17+0200,e73b670a-bc29-4bfc-b6f4-93c290a4d3ee,2026-07-20T11:30:00Z,2026-07-20T13:30:00+0200,-11.41,EUR/MWh,DK1,DK_1,imbalance_price,Short,2026-07-30T07:28:36Z
2026-07-30T07:25:17Z,2026-07-30T09:25:17+0200,e73b670a-bc29-4bfc-b6f4-93c290a4d3ee,2026-07-20T11:45:00Z,2026-07-20T13:45:00+0200,-18.74,EUR/MWh,DK1,DK_1,imbalance_price,Long,2026-07-30T07:28:36Z
2026-07-30T07:25:17Z,2026-07-30T09:25:17+0200,e73b670a-bc29-4bfc-b6f4-93c290a4d3ee,2026-07-20T11:45:00Z,2026-07-20T13:45:00+0200,-18.74,EUR/MWh,DK1,DK_1,imbalance_price,Short,2026-07-30T07:28:36Z
2026-07-30T07:25:17Z,2026-07-30T09:25:17+0200,e73b670a-bc29-4bfc-b6f4-93c290a4d3ee,2026-07-20T12:00:00Z,2026-07-20T14:00:00+0200,5.29,EUR/MWh,DK1,DK_1,imbalance_price,Long,2026-07-30T07:28:36Z
2026-07-30T07:25:17Z,2026-07-30T09:25:17+0200,e73b670a-bc29-4bfc-b6f4-93c290a4d3ee,2026-07-20T12:00:00Z,2026-07-20T14:00:00+0200,5.29,EUR/MWh,DK1,DK_1,imbalance_price,Short,2026-07-30T07:28:36Z
2026-07-30T07:25:17Z,2026-07-30T09:25:17+0200,e73b670a-bc29-4bfc-b6f4-93c290a4d3ee,2026-07-20T12:15:00Z,2026-07-20T14:15:00+0200,-83.92,EUR/MWh,DK1,DK_1,imbalance_price,Long,2026-07-30T07:28:36Z
2026-07-30T07:25:17Z,2026-07-30T09:25:17+0200,e73b670a-bc29-4bfc-b6f4-93c290a4d3ee,2026-07-20T12:15:00Z,2026-07-20T14:15:00+0200,-83.92,EUR/MWh,DK1,DK_1,imbalance_price,Short,2026-07-30T07:28:36Z
2026-07-30T07:25:17Z,2026-07-30T09:25:17+0200,e73b670a-bc29-4bfc-b6f4-93c290a4d3ee,2026-07-20T12:30:00Z,2026-07-20T14:30:00+0200,-16.82,EUR/MWh,DK1,DK_1,imbalance_price,Long,2026-07-30T07:28:36Z
2026-07-30T07:25:17Z,2026-07-30T09:25:17+0200,e73b670a-bc29-4bfc-b6f4-93c290a4d3ee,2026-07-20T12:30:00Z,2026-07-20T14:30:00+0200,-16.82,EUR/MWh,DK1,DK_1,imbalance_price,Short,2026-07-30T07:28:36Z
2026-07-30T07:25:17Z,2026-07-30T09:25:17+0200,e73b670a-bc29-4bfc-b6f4-93c290a4d3ee,2026-07-20T12:45:00Z,2026-07-20T14:45:00+0200,-71.69,EUR/MWh,DK1,DK_1,imbalance_price,Long,2026-07-30T07:28:36Z
2026-07-30T07:25:17Z,2026-07-30T09:25:17+0200,e73b670a-bc29-4bfc-b6f4-93c290a4d3ee,2026-07-20T12:45:00Z,2026-07-20T14:45:00+0200,-71.69,EUR/MWh,DK1,DK_1,imbalance_price,Short,2026-07-30T07:28:36Z
2026-07-30T07:25:17Z,2026-07-30T09:25:17+0200,e73b670a-bc29-4bfc-b6f4-93c290a4d3ee,2026-07-20T13:00:00Z,2026-07-20T15:00:00+0200,-44.42,EUR/MWh,DK1,DK_1,imbalance_price,Long,2026-07-30T07:28:36Z
2026-07-30T07:25:17Z,2026-07-30T09:25:17+0200,e73b670a-bc29-4bfc-b6f4-93c290a4d3ee,2026-07-20T13:00:00Z,2026-07-20T15:00:00+0200,-44.42,EUR/MWh,DK1,DK_1,imbalance_price,Short,2026-07-30T07:28:36Z
2026-07-30T07:25:17Z,2026-07-30T09:25:17+0200,e73b670a-bc29-4bfc-b6f4-93c290a4d3ee,2026-07-20T13:15:00Z,2026-07-20T15:15:00+0200,-37.45,EUR/MWh,DK1,DK_1,imbalance_price,Long,2026-07-30T07:28:36Z
2026-07-30T07:25:17Z,2026-07-30T09:25:17+0200,e73b670a-bc29-4bfc-b6f4-93c290a4d3ee,2026-07-20T13:15:00Z,2026-07-20T15:15:00+0200,-37.45,EUR/MWh,DK1,DK_1,imbalance_price,Short,2026-07-30T07:28:36Z
2026-07-30T07:25:17Z,2026-07-30T09:25:17+0200,e73b670a-bc29-4bfc-b6f4-93c290a4d3ee,2026-07-20T13:30:00Z,2026-07-20T15:30:00+0200,-64.68,EUR/MWh,DK1,DK_1,imbalance_price,Long,2026-07-30T07:28:36Z
2026-07-30T07:25:17Z,2026-07-30T09:25:17+0200,e73b670a-bc29-4bfc-b6f4-93c290a4d3ee,2026-07-20T13:30:00Z,2026-07-20T15:30:00+0200,-64.68,EUR/MWh,DK1,DK_1,imbalance_price,Short,2026-07-30T07:28:36Z
2026-07-30T07:25:17Z,2026-07-30T09:25:17+0200,e73b670a-bc29-4bfc-b6f4-93c290a4d3ee,2026-07-20T13:45:00Z,2026-07-20T15:45:00+0200,-62.34,EUR/MWh,DK1,DK_1,imbalance_price,Long,2026-07-30T07:28:36Z
2026-07-30T07:25:17Z,2026-07-30T09:25:17+0200,e73b670a-bc29-4bfc-b6f4-93c290a4d3ee,2026-07-20T13:45:00Z,2026-07-20T15:45:00+0200,-62.34,EUR/MWh,DK1,DK_1,imbalance_price,Short,2026-07-30T07:28:36Z
2026-07-30T07:25:17Z,2026-07-30T09:25:17+0200,e73b670a-bc29-4bfc-b6f4-93c290a4d3ee,2026-07-20T14:00:00Z,2026-07-20T16:00:00+0200,-6.69,EUR/MWh,DK1,DK_1,imbalance_price,Long,2026-07-30T07:28:36Z
2026-07-30T07:25:17Z,2026-07-30T09:25:17+0200,e73b670a-bc29-4bfc-b6f4-93c290a4d3ee,2026-07-20T14:00:00Z,2026-07-20T16:00:00+0200,-6.69,EUR/MWh,DK1,DK_1,imbalance_price,Short,2026-07-30T07:28:36Z
2026-07-30T07:25:17Z,2026-07-30T09:25:17+0200,e73b670a-bc29-4bfc-b6f4-93c290a4d3ee,2026-07-20T14:15:00Z,2026-07-20T16:15:00+0200,-6.69,EUR/MWh,DK1,DK_1,imbalance_price,Long,2026-07-30T07:28:36Z
2026-07-30T07:25:17Z,2026-07-30T09:25:17+0200,e73b670a-bc29-4bfc-b6f4-93c290a4d3ee,2026-07-20T14:15:00Z,2026-07-20T16:15:00+0200,-6.69,EUR/MWh,DK1,DK_1,imbalance_price,Short,2026-07-30T07:28:36Z
2026-07-30T07:25:17Z,2026-07-30T09:25:17+0200,e73b670a-bc29-4bfc-b6f4-93c290a4d3ee,2026-07-20T14:30:00Z,2026-07-20T16:30:00+0200,24.68,EUR/MWh,DK1,DK_1,imbalance_price,Long,2026-07-30T07:28:36Z
2026-07-30T07:25:17Z,2026-07-30T09:25:17+0200,e73b670a-bc29-4bfc-b6f4-93c290a4d3ee,2026-07-20T14:30:00Z,2026-07-20T16:30:00+0200,24.68,EUR/MWh,DK1,DK_1,imbalance_price,Short,2026-07-30T07:28:36Z
2026-07-30T07:25:17Z,2026-07-30T09:25:17+0200,e73b670a-bc29-4bfc-b6f4-93c290a4d3ee,2026-07-20T14:45:00Z,2026-07-20T16:45:00+0200,-260.12,EUR/MWh,DK1,DK_1,imbalance_price,Long,2026-07-30T07:28:36Z
2026-07-30T07:25:17Z,2026-07-30T09:25:17+0200,e73b670a-bc29-4bfc-b6f4-93c290a4d3ee,2026-07-20T14:45:00Z,2026-07-20T16:45:00+0200,-260.12,EUR/MWh,DK1,DK_1,imbalance_price,Short,2026-07-30T07:28:36Z
2026-07-30T07:25:17Z,2026-07-30T09:25:17+0200,e73b670a-bc29-4bfc-b6f4-93c290a4d3ee,2026-07-20T15:00:00Z,2026-07-20T17:00:00+0200,-59.23,EUR/MWh,DK1,DK_1,imbalance_price,Long,2026-07-30T07:28:36Z
2026-07-30T07:25:17Z,2026-07-30T09:25:17+0200,e73b670a-bc29-4bfc-b6f4-93c290a4d3ee,2026-07-20T15:00:00Z,2026-07-20T17:00:00+0200,-59.23,EUR/MWh,DK1,DK_1,imbalance_price,Short,2026-07-30T07:28:36Z
2026-07-30T07:25:17Z,2026-07-30T09:25:17+0200,e73b670a-bc29-4bfc-b6f4-93c290a4d3ee,2026-07-20T15:15:00Z,2026-07-20T17:15:00+0200,-40.37,EUR/MWh,DK1,DK_1,imbalance_price,Long,2026-07-30T07:28:36Z
2026-07-30T07:25:17Z,2026-07-30T09:25:17+0200,e73b670a-bc29-4bfc-b6f4-93c290a4d3ee,2026-07-20T15:15:00Z,2026-07-20T17:15:00+0200,-40.37,EUR/MWh,DK1,DK_1,imbalance_price,Short,2026-07-30T07:28:36Z
2026-07-30T07:25:17Z,2026-07-30T09:25:17+0200,e73b670a-bc29-4bfc-b6f4-93c290a4d3ee,2026-07-20T15:30:00Z,2026-07-20T17:30:00+0200,-5.0,EUR/MWh,DK1,DK_1,imbalance_price,Long,2026-07-30T07:28:36Z
2026-07-30T07:25:17Z,2026-07-30T09:25:17+0200,e73b670a-bc29-4bfc-b6f4-93c290a4d3ee,2026-07-20T15:30:00Z,2026-07-20T17:30:00+0200,-5.0,EUR/MWh,DK1,DK_1,imbalance_price,Short,2026-07-30T07:28:36Z
2026-07-30T07:25:17Z,2026-07-30T09:25:17+0200,e73b670a-bc29-4bfc-b6f4-93c290a4d3ee,2026-07-20T15:45:00Z,2026-07-20T17:45:00+0200,-2.0,EUR/MWh,DK1,DK_1,imbalance_price,Long,2026-07-30T07:28:36Z
2026-07-30T07:25:17Z,2026-07-30T09:25:17+0200,e73b670a-bc29-4bfc-b6f4-93c290a4d3ee,2026-07-20T15:45:00Z,2026-07-20T17:45:00+0200,-2.0,EUR/MWh,DK1,DK_1,imbalance_price,Short,2026-07-30T07:28:36Z
2026-07-30T07:25:17Z,2026-07-30T09:25:17+0200,e73b670a-bc29-4bfc-b6f4-93c290a4d3ee,2026-07-20T16:00:00Z,2026-07-20T18:00:00+0200,-6.22,EUR/MWh,DK1,DK_1,imbalance_price,Long,2026-07-30T07:28:36Z
2026-07-30T07:25:17Z,2026-07-30T09:25:17+0200,e73b670a-bc29-4bfc-b6f4-93c290a4d3ee,2026-07-20T16:00:00Z,2026-07-20T18:00:00+0200,-6.22,EUR/MWh,DK1,DK_1,imbalance_price,Short,2026-07-30T07:28:36Z
2026-07-30T07:25:17Z,2026-07-30T09:25:17+0200,e73b670a-bc29-4bfc-b6f4-93c290a4d3ee,2026-07-20T16:15:00Z,2026-07-20T18:15:00+0200,-0.49,EUR/MWh,DK1,DK_1,imbalance_price,Long,2026-07-30T07:28:36Z
2026-07-30T07:25:17Z,2026-07-30T09:25:17+0200,e73b670a-bc29-4bfc-b6f4-93c290a4d3ee,2026-07-20T16:15:00Z,2026-07-20T18:15:00+0200,-0.49,EUR/MWh,DK1,DK_1,imbalance_price,Short,2026-07-30T07:28:36Z
2026-07-30T07:25:17Z,2026-07-30T09:25:17+0200,e73b670a-bc29-4bfc-b6f4-93c290a4d3ee,2026-07-20T16:30:00Z,2026-07-20T18:30:00+0200,-2.0,EUR/MWh,DK1,DK_1,imbalance_price,Long,2026-07-30T07:28:36Z
2026-07-30T07:25:17Z,2026-07-30T09:25:17+0200,e73b670a-bc29-4bfc-b6f4-93c290a4d3ee,2026-07-20T16:30:00Z,2026-07-20T18:30:00+0200,-2.0,EUR/MWh,DK1,DK_1,imbalance_price,Short,2026-07-30T07:28:36Z
2026-07-30T07:25:17Z,2026-07-30T09:25:17+0200,e73b670a-bc29-4bfc-b6f4-93c290a4d3ee,2026-07-20T16:45:00Z,2026-07-20T18:45:00+0200,9.14,EUR/MWh,DK1,DK_1,imbalance_price,Long,2026-07-30T07:28:36Z
2026-07-30T07:25:17Z,2026-07-30T09:25:17+0200,e73b670a-bc29-4bfc-b6f4-93c290a4d3ee,2026-07-20T16:45:00Z,2026-07-20T18:45:00+0200,9.14,EUR/MWh,DK1,DK_1,imbalance_price,Short,2026-07-30T07:28:36Z
2026-07-30T07:25:17Z,2026-07-30T09:25:17+0200,e73b670a-bc29-4bfc-b6f4-93c290a4d3ee,2026-07-20T17:00:00Z,2026-07-20T19:00:00+0200,70.91,EUR/MWh,DK1,DK_1,imbalance_price,Long,2026-07-30T07:28:36Z
2026-07-30T07:25:17Z,2026-07-30T09:25:17+0200,e73b670a-bc29-4bfc-b6f4-93c290a4d3ee,2026-07-20T17:00:00Z,2026-07-20T19:00:00+0200,70.91,EUR/MWh,DK1,DK_1,imbalance_price,Short,2026-07-30T07:28:36Z
2026-07-30T07:25:17Z,2026-07-30T09:25:17+0200,e73b670a-bc29-4bfc-b6f4-93c290a4d3ee,2026-07-20T17:15:00Z,2026-07-20T19:15:00+0200,74.72,EUR/MWh,DK1,DK_1,imbalance_price,Long,2026-07-30T07:28:36Z
2026-07-30T07:25:17Z,2026-07-30T09:25:17+0200,e73b670a-bc29-4bfc-b6f4-93c290a4d3ee,2026-07-20T17:15:00Z,2026-07-20T19:15:00+0200,74.72,EUR/MWh,DK1,DK_1,imbalance_price,Short,2026-07-30T07:28:36Z
2026-07-30T07:25:17Z,2026-07-30T09:25:17+0200,e73b670a-bc29-4bfc-b6f4-93c290a4d3ee,2026-07-20T17:30:00Z,2026-07-20T19:30:00+0200,55.53,EUR/MWh,DK1,DK_1,imbalance_price,Long,2026-07-30T07:28:36Z
2026-07-30T07:25:17Z,2026-07-30T09:25:17+0200,e73b670a-bc29-4bfc-b6f4-93c290a4d3ee,2026-07-20T17:30:00Z,2026-07-20T19:30:00+0200,55.53,EUR/MWh,DK1,DK_1,imbalance_price,Short,2026-07-30T07:28:36Z
2026-07-30T07:25:17Z,2026-07-30T09:25:17+0200,e73b670a-bc29-4bfc-b6f4-93c290a4d3ee,2026-07-20T17:45:00Z,2026-07-20T19:45:00+0200,177.91,EUR/MWh,DK1,DK_1,imbalance_price,Long,2026-07-30T07:28:36Z
2026-07-30T07:25:17Z,2026-07-30T09:25:17+0200,e73b670a-bc29-4bfc-b6f4-93c290a4d3ee,2026-07-20T17:45:00Z,2026-07-20T19:45:00+0200,177.91,EUR/MWh,DK1,DK_1,imbalance_price,Short,2026-07-30T07:28:36Z
2026-07-30T07:25:17Z,2026-07-30T09:25:17+0200,e73b670a-bc29-4bfc-b6f4-93c290a4d3ee,2026-07-20T18:00:00Z,2026-07-20T20:00:00+0200,251.42,EUR/MWh,DK1,DK_1,imbalance_price,Long,2026-07-30T07:28:36Z
2026-07-30T07:25:17Z,2026-07-30T09:25:17+0200,e73b670a-bc29-4bfc-b6f4-93c290a4d3ee,2026-07-20T18:00:00Z,2026-07-20T20:00:00+0200,251.42,EUR/MWh,DK1,DK_1,imbalance_price,Short,2026-07-30T07:28:36Z
2026-07-30T07:25:17Z,2026-07-30T09:25:17+0200,e73b670a-bc29-4bfc-b6f4-93c290a4d3ee,2026-07-20T18:15:00Z,2026-07-20T20:15:00+0200,535.11,EUR/MWh,DK1,DK_1,imbalance_price,Long,2026-07-30T07:28:36Z
2026-07-30T07:25:17Z,2026-07-30T09:25:17+0200,e73b670a-bc29-4bfc-b6f4-93c290a4d3ee,2026-07-20T18:15:00Z,2026-07-20T20:15:00+0200,535.11,EUR/MWh,DK1,DK_1,imbalance_price,Short,2026-07-30T07:28:36Z
2026-07-30T07:25:17Z,2026-07-30T09:25:17+0200,e73b670a-bc29-4bfc-b6f4-93c290a4d3ee,2026-07-20T18:30:00Z,2026-07-20T20:30:00+0200,534.44,EUR/MWh,DK1,DK_1,imbalance_price,Long,2026-07-30T07:28:36Z
2026-07-30T07:25:17Z,2026-07-30T09:25:17+0200,e73b670a-bc29-4bfc-b6f4-93c290a4d3ee,2026-07-20T18:30:00Z,2026-07-20T20:30:00+0200,534.44,EUR/MWh,DK1,DK_1,imbalance_price,Short,2026-07-30T07:28:36Z
2026-07-30T07:25:17Z,2026-07-30T09:25:17+0200,e73b670a-bc29-4bfc-b6f4-93c290a4d3ee,2026-07-20T18:45:00Z,2026-07-20T20:45:00+0200,401.33,EUR/MWh,DK1,DK_1,imbalance_price,Long,2026-07-30T07:28:36Z
2026-07-30T07:25:17Z,2026-07-30T09:25:17+0200,e73b670a-bc29-4bfc-b6f4-93c290a4d3ee,2026-07-20T18:45:00Z,2026-07-20T20:45:00+0200,401.33,EUR/MWh,DK1,DK_1,imbalance_price,Short,2026-07-30T07:28:36Z
2026-07-30T07:25:17Z,2026-07-30T09:25:17+0200,e73b670a-bc29-4bfc-b6f4-93c290a4d3ee,2026-07-20T19:00:00Z,2026-07-20T21:00:00+0200,267.6,EUR/MWh,DK1,DK_1,imbalance_price,Long,2026-07-30T07:28:36Z
2026-07-30T07:25:17Z,2026-07-30T09:25:17+0200,e73b670a-bc29-4bfc-b6f4-93c290a4d3ee,2026-07-20T19:00:00Z,2026-07-20T21:00:00+0200,267.6,EUR/MWh,DK1,DK_1,imbalance_price,Short,2026-07-30T07:28:36Z
2026-07-30T07:25:17Z,2026-07-30T09:25:17+0200,e73b670a-bc29-4bfc-b6f4-93c290a4d3ee,2026-07-20T19:15:00Z,2026-07-20T21:15:00+0200,294.31,EUR/MWh,DK1,DK_1,imbalance_price,Long,2026-07-30T07:28:36Z
2026-07-30T07:25:17Z,2026-07-30T09:25:17+0200,e73b670a-bc29-4bfc-b6f4-93c290a4d3ee,2026-07-20T19:15:00Z,2026-07-20T21:15:00+0200,294.31,EUR/MWh,DK1,DK_1,imbalance_price,Short,2026-07-30T07:28:36Z
2026-07-30T07:25:17Z,2026-07-30T09:25:17+0200,e73b670a-bc29-4bfc-b6f4-93c290a4d3ee,2026-07-20T19:30:00Z,2026-07-20T21:30:00+0200,208.13,EUR/MWh,DK1,DK_1,imbalance_price,Long,2026-07-30T07:28:36Z
2026-07-30T07:25:17Z,2026-07-30T09:25:17+0200,e73b670a-bc29-4bfc-b6f4-93c290a4d3ee,2026-07-20T19:30:00Z,2026-07-20T21:30:00+0200,208.13,EUR/MWh,DK1,DK_1,imbalance_price,Short,2026-07-30T07:28:36Z
2026-07-30T07:25:17Z,2026-07-30T09:25:17+0200,e73b670a-bc29-4bfc-b6f4-93c290a4d3ee,2026-07-20T19:45:00Z,2026-07-20T21:45:00+0200,182.3,EUR/MWh,DK1,DK_1,imbalance_price,Long,2026-07-30T07:28:36Z
2026-07-30T07:25:17Z,2026-07-30T09:25:17+0200,e73b670a-bc29-4bfc-b6f4-93c290a4d3ee,2026-07-20T19:45:00Z,2026-07-20T21:45:00+0200,182.3,EUR/MWh,DK1,DK_1,imbalance_price,Short,2026-07-30T07:28:36Z
2026-07-30T07:25:17Z,2026-07-30T09:25:17+0200,e73b670a-bc29-4bfc-b6f4-93c290a4d3ee,2026-07-20T20:00:00Z,2026-07-20T22:00:00+0200,197.98,EUR/MWh,DK1,DK_1,imbalance_price,Long,2026-07-30T07:28:36Z
2026-07-30T07:25:17Z,2026-07-30T09:25:17+0200,e73b670a-bc29-4bfc-b6f4-93c290a4d3ee,2026-07-20T20:00:00Z,2026-07-20T22:00:00+0200,197.98,EUR/MWh,DK1,DK_1,imbalance_price,Short,2026-07-30T07:28:36Z
2026-07-30T07:25:17Z,2026-07-30T09:25:17+0200,e73b670a-bc29-4bfc-b6f4-93c290a4d3ee,2026-07-20T20:15:00Z,2026-07-20T22:15:00+0200,100.42,EUR/MWh,DK1,DK_1,imbalance_price,Long,2026-07-30T07:28:36Z
2026-07-30T07:25:17Z,2026-07-30T09:25:17+0200,e73b670a-bc29-4bfc-b6f4-93c290a4d3ee,2026-07-20T20:15:00Z,2026-07-20T22:15:00+0200,100.42,EUR/MWh,DK1,DK_1,imbalance_price,Short,2026-07-30T07:28:36Z
2026-07-30T07:25:17Z,2026-07-30T09:25:17+0200,e73b670a-bc29-4bfc-b6f4-93c290a4d3ee,2026-07-20T20:30:00Z,2026-07-20T22:30:00+0200,94.61,EUR/MWh,DK1,DK_1,imbalance_price,Long,2026-07-30T07:28:36Z
2026-07-30T07:25:17Z,2026-07-30T09:25:17+0200,e73b670a-bc29-4bfc-b6f4-93c290a4d3ee,2026-07-20T20:30:00Z,2026-07-20T22:30:00+0200,94.61,EUR/MWh,DK1,DK_1,imbalance_price,Short,2026-07-30T07:28:36Z
2026-07-30T07:25:17Z,2026-07-30T09:25:17+0200,e73b670a-bc29-4bfc-b6f4-93c290a4d3ee,2026-07-20T20:45:00Z,2026-07-20T22:45:00+0200,165.0,EUR/MWh,DK1,DK_1,imbalance_price,Long,2026-07-30T07:28:36Z
2026-07-30T07:25:17Z,2026-07-30T09:25:17+0200,e73b670a-bc29-4bfc-b6f4-93c290a4d3ee,2026-07-20T20:45:00Z,2026-07-20T22:45:00+0200,165.0,EUR/MWh,DK1,DK_1,imbalance_price,Short,2026-07-30T07:28:36Z
2026-07-30T07:25:17Z,2026-07-30T09:25:17+0200,e73b670a-bc29-4bfc-b6f4-93c290a4d3ee,2026-07-20T21:00:00Z,2026-07-20T23:00:00+0200,168.17,EUR/MWh,DK1,DK_1,imbalance_price,Long,2026-07-30T07:28:36Z
2026-07-30T07:25:17Z,2026-07-30T09:25:17+0200,e73b670a-bc29-4bfc-b6f4-93c290a4d3ee,2026-07-20T21:00:00Z,2026-07-20T23:00:00+0200,168.17,EUR/MWh,DK1,DK_1,imbalance_price,Short,2026-07-30T07:28:36Z
2026-07-30T07:25:17Z,2026-07-30T09:25:17+0200,e73b670a-bc29-4bfc-b6f4-93c290a4d3ee,2026-07-20T21:15:00Z,2026-07-20T23:15:00+0200,334.45,EUR/MWh,DK1,DK_1,imbalance_price,Long,2026-07-30T07:28:36Z
2026-07-30T07:25:17Z,2026-07-30T09:25:17+0200,e73b670a-bc29-4bfc-b6f4-93c290a4d3ee,2026-07-20T21:15:00Z,2026-07-20T23:15:00+0200,334.45,EUR/MWh,DK1,DK_1,imbalance_price,Short,2026-07-30T07:28:36Z
2026-07-30T07:25:17Z,2026-07-30T09:25:17+0200,e73b670a-bc29-4bfc-b6f4-93c290a4d3ee,2026-07-20T21:30:00Z,2026-07-20T23:30:00+0200,361.07,EUR/MWh,DK1,DK_1,imbalance_price,Long,2026-07-30T07:28:36Z
2026-07-30T07:25:17Z,2026-07-30T09:25:17+0200,e73b670a-bc29-4bfc-b6f4-93c290a4d3ee,2026-07-20T21:30:00Z,2026-07-20T23:30:00+0200,361.07,EUR/MWh,DK1,DK_1,imbalance_price,Short,2026-07-30T07:28:36Z
2026-07-30T07:25:17Z,2026-07-30T09:25:17+0200,e73b670a-bc29-4bfc-b6f4-93c290a4d3ee,2026-07-20T21:45:00Z,2026-07-20T23:45:00+0200,339.5,EUR/MWh,DK1,DK_1,imbalance_price,Long,2026-07-30T07:28:36Z
2026-07-30T07:25:17Z,2026-07-30T09:25:17+0200,e73b670a-bc29-4bfc-b6f4-93c290a4d3ee,2026-07-20T21:45:00Z,2026-07-20T23:45:00+0200,339.5,EUR/MWh,DK1,DK_1,imbalance_price,Short,2026-07-30T07:28:36Z
2026-07-30T07:25:17Z,2026-07-30T09:25:17+0200,e73b670a-bc29-4bfc-b6f4-93c290a4d3ee,2026-07-20T22:00:00Z,2026-07-21T00:00:00+0200,153.18,EUR/MWh,DK1,DK_1,imbalance_price,Long,2026-07-30T07:28:36Z
2026-07-30T07:25:17Z,2026-07-30T09:25:17+0200,e73b670a-bc29-4bfc-b6f4-93c290a4d3ee,2026-07-20T22:00:00Z,2026-07-21T00:00:00+0200,153.18,EUR/MWh,DK1,DK_1,imbalance_price,Short,2026-07-30T07:28:36Z
2026-07-30T07:25:17Z,2026-07-30T09:25:17+0200,e73b670a-bc29-4bfc-b6f4-93c290a4d3ee,2026-07-20T22:15:00Z,2026-07-21T00:15:00+0200,130.4,EUR/MWh,DK1,DK_1,imbalance_price,Long,2026-07-30T07:28:36Z
2026-07-30T07:25:17Z,2026-07-30T09:25:17+0200,e73b670a-bc29-4bfc-b6f4-93c290a4d3ee,2026-07-20T22:15:00Z,2026-07-21T00:15:00+0200,130.4,EUR/MWh,DK1,DK_1,imbalance_price,Short,2026-07-30T07:28:36Z
2026-07-30T07:25:17Z,2026-07-30T09:25:17+0200,e73b670a-bc29-4bfc-b6f4-93c290a4d3ee,2026-07-20T22:30:00Z,2026-07-21T00:30:00+0200,129.5,EUR/MWh,DK1,DK_1,imbalance_price,Long,2026-07-30T07:28:36Z
2026-07-30T07:25:17Z,2026-07-30T09:25:17+0200,e73b670a-bc29-4bfc-b6f4-93c290a4d3ee,2026-07-20T22:30:00Z,2026-07-21T00:30:00+0200,129.5,EUR/MWh,DK1,DK_1,imbalance_price,Short,2026-07-30T07:28:36Z
2026-07-30T07:25:17Z,2026-07-30T09:25:17+0200,e73b670a-bc29-4bfc-b6f4-93c290a4d3ee,2026-07-20T22:45:00Z,2026-07-21T00:45:00+0200,100.43,EUR/MWh,DK1,DK_1,imbalance_price,Long,2026-07-30T07:28:36Z
2026-07-30T07:25:17Z,2026-07-30T09:25:17+0200,e73b670a-bc29-4bfc-b6f4-93c290a4d3ee,2026-07-20T22:45:00Z,2026-07-21T00:45:00+0200,100.43,EUR/MWh,DK1,DK_1,imbalance_price,Short,2026-07-30T07:28:36Z
2026-07-30T07:25:17Z,2026-07-30T09:25:17+0200,e73b670a-bc29-4bfc-b6f4-93c290a4d3ee,2026-07-20T23:00:00Z,2026-07-21T01:00:00+0200,106.23,EUR/MWh,DK1,DK_1,imbalance_price,Long,2026-07-30T07:28:36Z
2026-07-30T07:25:17Z,2026-07-30T09:25:17+0200,e73b670a-bc29-4bfc-b6f4-93c290a4d3ee,2026-07-20T23:00:00Z,2026-07-21T01:00:00+0200,106.23,EUR/MWh,DK1,DK_1,imbalance_price,Short,2026-07-30T07:28:36Z
2026-07-30T07:25:17Z,2026-07-30T09:25:17+0200,e73b670a-bc29-4bfc-b6f4-93c290a4d3ee,2026-07-20T23:15:00Z,2026-07-21T01:15:00+0200,150.26,EUR/MWh,DK1,DK_1,imbalance_price,Long,2026-07-30T07:28:36Z
2026-07-30T07:25:17Z,2026-07-30T09:25:17+0200,e73b670a-bc29-4bfc-b6f4-93c290a4d3ee,2026-07-20T23:15:00Z,2026-07-21T01:15:00+0200,150.26,EUR/MWh,DK1,DK_1,imbalance_price,Short,2026-07-30T07:28:36Z
2026-07-30T07:25:17Z,2026-07-30T09:25:17+0200,e73b670a-bc29-4bfc-b6f4-93c290a4d3ee,2026-07-20T23:30:00Z,2026-07-21T01:30:00+0200,148.78,EUR/MWh,DK1,DK_1,imbalance_price,Long,2026-07-30T07:28:36Z
2026-07-30T07:25:17Z,2026-07-30T09:25:17+0200,e73b670a-bc29-4bfc-b6f4-93c290a4d3ee,2026-07-20T23:30:00Z,2026-07-21T01:30:00+0200,148.78,EUR/MWh,DK1,DK_1,imbalance_price,Short,2026-07-30T07:28:36Z
2026-07-30T07:25:17Z,2026-07-30T09:25:17+0200,e73b670a-bc29-4bfc-b6f4-93c290a4d3ee,2026-07-20T23:45:00Z,2026-07-21T01:45:00+0200,145.95,EUR/MWh,DK1,DK_1,imbalance_price,Long,2026-07-30T07:28:36Z
2026-07-30T07:25:17Z,2026-07-30T09:25:17+0200,e73b670a-bc29-4bfc-b6f4-93c290a4d3ee,2026-07-20T23:45:00Z,2026-07-21T01:45:00+0200,145.95,EUR/MWh,DK1,DK_1,imbalance_price,Short,2026-07-30T07:28:36Z
2026-07-30T07:25:17Z,2026-07-30T09:25:17+0200,e73b670a-bc29-4bfc-b6f4-93c290a4d3ee,2026-07-21T00:00:00Z,2026-07-21T02:00:00+0200,130.2,EUR/MWh,DK1,DK_1,imbalance_price,Long,2026-07-30T07:28:36Z
2026-07-30T07:25:17Z,2026-07-30T09:25:17+0200,e73b670a-bc29-4bfc-b6f4-93c290a4d3ee,2026-07-21T00:00:00Z,2026-07-21T02:00:00+0200,130.2,EUR/MWh,DK1,DK_1,imbalance_price,Short,2026-07-30T07:28:36Z
2026-07-30T07:25:17Z,2026-07-30T09:25:17+0200,e73b670a-bc29-4bfc-b6f4-93c290a4d3ee,2026-07-21T00:15:00Z,2026-07-21T02:15:00+0200,109.64,EUR/MWh,DK1,DK_1,imbalance_price,Long,2026-07-30T07:28:36Z
2026-07-30T07:25:17Z,2026-07-30T09:25:17+0200,e73b670a-bc29-4bfc-b6f4-93c290a4d3ee,2026-07-21T00:15:00Z,2026-07-21T02:15:00+0200,109.64,EUR/MWh,DK1,DK_1,imbalance_price,Short,2026-07-30T07:28:36Z
2026-07-30T07:25:17Z,2026-07-30T09:25:17+0200,e73b670a-bc29-4bfc-b6f4-93c290a4d3ee,2026-07-21T00:30:00Z,2026-07-21T02:30:00+0200,121.65,EUR/MWh,DK1,DK_1,imbalance_price,Long,2026-07-30T07:28:36Z
2026-07-30T07:25:17Z,2026-07-30T09:25:17+0200,e73b670a-bc29-4bfc-b6f4-93c290a4d3ee,2026-07-21T00:30:00Z,2026-07-21T02:30:00+0200,121.65,EUR/MWh,DK1,DK_1,imbalance_price,Short,2026-07-30T07:28:36Z
2026-07-30T07:25:17Z,2026-07-30T09:25:17+0200,e73b670a-bc29-4bfc-b6f4-93c290a4d3ee,2026-07-21T00:45:00Z,2026-07-21T02:45:00+0200,125.0,EUR/MWh,DK1,DK_1,imbalance_price,Long,2026-07-30T07:28:36Z
2026-07-30T07:25:17Z,2026-07-30T09:25:17+0200,e73b670a-bc29-4bfc-b6f4-93c290a4d3ee,2026-07-21T00:45:00Z,2026-07-21T02:45:00+0200,125.0,EUR/MWh,DK1,DK_1,imbalance_price,Short,2026-07-30T07:28:36Z
2026-07-30T07:25:17Z,2026-07-30T09:25:17+0200,e73b670a-bc29-4bfc-b6f4-93c290a4d3ee,2026-07-21T01:00:00Z,2026-07-21T03:00:00+0200,125.0,EUR/MWh,DK1,DK_1,imbalance_price,Long,2026-07-30T07:28:36Z
2026-07-30T07:25:17Z,2026-07-30T09:25:17+0200,e73b670a-bc29-4bfc-b6f4-93c290a4d3ee,2026-07-21T01:00:00Z,2026-07-21T03:00:00+0200,125.0,EUR/MWh,DK1,DK_1,imbalance_price,Short,2026-07-30T07:28:36Z
2026-07-30T07:25:17Z,2026-07-30T09:25:17+0200,e73b670a-bc29-4bfc-b6f4-93c290a4d3ee,2026-07-21T01:15:00Z,2026-07-21T03:15:00+0200,121.27,EUR/MWh,DK1,DK_1,imbalance_price,Long,2026-07-30T07:28:36Z
2026-07-30T07:25:17Z,2026-07-30T09:25:17+0200,e73b670a-bc29-4bfc-b6f4-93c290a4d3ee,2026-07-21T01:15:00Z,2026-07-21T03:15:00+0200,121.27,EUR/MWh,DK1,DK_1,imbalance_price,Short,2026-07-30T07:28:36Z
2026-07-30T07:25:17Z,2026-07-30T09:25:17+0200,e73b670a-bc29-4bfc-b6f4-93c290a4d3ee,2026-07-21T01:30:00Z,2026-07-21T03:30:00+0200,121.32,EUR/MWh,DK1,DK_1,imbalance_price,Long,2026-07-30T07:28:36Z
2026-07-30T07:25:17Z,2026-07-30T09:25:17+0200,e73b670a-bc29-4bfc-b6f4-93c290a4d3ee,2026-07-21T01:30:00Z,2026-07-21T03:30:00+0200,121.32,EUR/MWh,DK1,DK_1,imbalance_price,Short,2026-07-30T07:28:36Z
2026-07-30T07:25:17Z,2026-07-30T09:25:17+0200,e73b670a-bc29-4bfc-b6f4-93c290a4d3ee,2026-07-21T01:45:00Z,2026-07-21T03:45:00+0200,121.73,EUR/MWh,DK1,DK_1,imbalance_price,Long,2026-07-30T07:28:36Z
2026-07-30T07:25:17Z,2026-07-30T09:25:17+0200,e73b670a-bc29-4bfc-b6f4-93c290a4d3ee,2026-07-21T01:45:00Z,2026-07-21T03:45:00+0200,121.73,EUR/MWh,DK1,DK_1,imbalance_price,Short,2026-07-30T07:28:36Z
2026-07-30T07:25:17Z,2026-07-30T09:25:17+0200,e73b670a-bc29-4bfc-b6f4-93c290a4d3ee,2026-07-21T02:00:00Z,2026-07-21T04:00:00+0200,113.06,EUR/MWh,DK1,DK_1,imbalance_price,Long,2026-07-30T07:28:36Z
2026-07-30T07:25:17Z,2026-07-30T09:25:17+0200,e73b670a-bc29-4bfc-b6f4-93c290a4d3ee,2026-07-21T02:00:00Z,2026-07-21T04:00:00+0200,113.06,EUR/MWh,DK1,DK_1,imbalance_price,Short,2026-07-30T07:28:36Z
2026-07-30T07:25:17Z,2026-07-30T09:25:17+0200,e73b670a-bc29-4bfc-b6f4-93c290a4d3ee,2026-07-21T02:15:00Z,2026-07-21T04:15:00+0200,137.07,EUR/MWh,DK1,DK_1,imbalance_price,Long,2026-07-30T07:28:36Z
2026-07-30T07:25:17Z,2026-07-30T09:25:17+0200,e73b670a-bc29-4bfc-b6f4-93c290a4d3ee,2026-07-21T02:15:00Z,2026-07-21T04:15:00+0200,137.07,EUR/MWh,DK1,DK_1,imbalance_price,Short,2026-07-30T07:28:36Z
2026-07-30T07:25:17Z,2026-07-30T09:25:17+0200,e73b670a-bc29-4bfc-b6f4-93c290a4d3ee,2026-07-21T02:30:00Z,2026-07-21T04:30:00+0200,334.43,EUR/MWh,DK1,DK_1,imbalance_price,Long,2026-07-30T07:28:36Z
2026-07-30T07:25:17Z,2026-07-30T09:25:17+0200,e73b670a-bc29-4bfc-b6f4-93c290a4d3ee,2026-07-21T02:30:00Z,2026-07-21T04:30:00+0200,334.43,EUR/MWh,DK1,DK_1,imbalance_price,Short,2026-07-30T07:28:36Z
2026-07-30T07:25:17Z,2026-07-30T09:25:17+0200,e73b670a-bc29-4bfc-b6f4-93c290a4d3ee,2026-07-21T02:45:00Z,2026-07-21T04:45:00+0200,334.5,EUR/MWh,DK1,DK_1,imbalance_price,Long,2026-07-30T07:28:36Z
2026-07-30T07:25:17Z,2026-07-30T09:25:17+0200,e73b670a-bc29-4bfc-b6f4-93c290a4d3ee,2026-07-21T02:45:00Z,2026-07-21T04:45:00+0200,334.5,EUR/MWh,DK1,DK_1,imbalance_price,Short,2026-07-30T07:28:36Z
2026-07-30T07:25:17Z,2026-07-30T09:25:17+0200,e73b670a-bc29-4bfc-b6f4-93c290a4d3ee,2026-07-21T03:00:00Z,2026-07-21T05:00:00+0200,374.56,EUR/MWh,DK1,DK_1,imbalance_price,Long,2026-07-30T07:28:36Z
2026-07-30T07:25:17Z,2026-07-30T09:25:17+0200,e73b670a-bc29-4bfc-b6f4-93c290a4d3ee,2026-07-21T03:00:00Z,2026-07-21T05:00:00+0200,374.56,EUR/MWh,DK1,DK_1,imbalance_price,Short,2026-07-30T07:28:36Z
2026-07-30T07:25:17Z,2026-07-30T09:25:17+0200,e73b670a-bc29-4bfc-b6f4-93c290a4d3ee,2026-07-21T03:15:00Z,2026-07-21T05:15:00+0200,417.37,EUR/MWh,DK1,DK_1,imbalance_price,Long,2026-07-30T07:28:36Z
2026-07-30T07:25:17Z,2026-07-30T09:25:17+0200,e73b670a-bc29-4bfc-b6f4-93c290a4d3ee,2026-07-21T03:15:00Z,2026-07-21T05:15:00+0200,417.37,EUR/MWh,DK1,DK_1,imbalance_price,Short,2026-07-30T07:28:36Z
2026-07-30T07:25:17Z,2026-07-30T09:25:17+0200,e73b670a-bc29-4bfc-b6f4-93c290a4d3ee,2026-07-21T03:30:00Z,2026-07-21T05:30:00+0200,308.41,EUR/MWh,DK1,DK_1,imbalance_price,Long,2026-07-30T07:28:36Z
2026-07-30T07:25:17Z,2026-07-30T09:25:17+0200,e73b670a-bc29-4bfc-b6f4-93c290a4d3ee,2026-07-21T03:30:00Z,2026-07-21T05:30:00+0200,308.41,EUR/MWh,DK1,DK_1,imbalance_price,Short,2026-07-30T07:28:36Z
2026-07-30T07:25:17Z,2026-07-30T09:25:17+0200,e73b670a-bc29-4bfc-b6f4-93c290a4d3ee,2026-07-21T03:45:00Z,2026-07-21T05:45:00+0200,117.63,EUR/MWh,DK1,DK_1,imbalance_price,Long,2026-07-30T07:28:36Z
2026-07-30T07:25:17Z,2026-07-30T09:25:17+0200,e73b670a-bc29-4bfc-b6f4-93c290a4d3ee,2026-07-21T03:45:00Z,2026-07-21T05:45:00+0200,117.63,EUR/MWh,DK1,DK_1,imbalance_price,Short,2026-07-30T07:28:36Z
2026-07-30T07:25:17Z,2026-07-30T09:25:17+0200,e73b670a-bc29-4bfc-b6f4-93c290a4d3ee,2026-07-21T04:00:00Z,2026-07-21T06:00:00+0200,110.0,EUR/MWh,DK1,DK_1,imbalance_price,Long,2026-07-30T07:28:36Z
2026-07-30T07:25:17Z,2026-07-30T09:25:17+0200,e73b670a-bc29-4bfc-b6f4-93c290a4d3ee,2026-07-21T04:00:00Z,2026-07-21T06:00:00+0200,110.0,EUR/MWh,DK1,DK_1,imbalance_price,Short,2026-07-30T07:28:36Z
2026-07-30T07:25:17Z,2026-07-30T09:25:17+0200,e73b670a-bc29-4bfc-b6f4-93c290a4d3ee,2026-07-21T04:15:00Z,2026-07-21T06:15:00+0200,110.0,EUR/MWh,DK1,DK_1,imbalance_price,Long,2026-07-30T07:28:36Z
2026-07-30T07:25:17Z,2026-07-30T09:25:17+0200,e73b670a-bc29-4bfc-b6f4-93c290a4d3ee,2026-07-21T04:15:00Z,2026-07-21T06:15:00+0200,110.0,EUR/MWh,DK1,DK_1,imbalance_price,Short,2026-07-30T07:28:36Z
2026-07-30T07:25:17Z,2026-07-30T09:25:17+0200,e73b670a-bc29-4bfc-b6f4-93c290a4d3ee,2026-07-21T04:30:00Z,2026-07-21T06:30:00+0200,109.98,EUR/MWh,DK1,DK_1,imbalance_price,Long,2026-07-30T07:28:36Z
2026-07-30T07:25:17Z,2026-07-30T09:25:17+0200,e73b670a-bc29-4bfc-b6f4-93c290a4d3ee,2026-07-21T04:30:00Z,2026-07-21T06:30:00+0200,109.98,EUR/MWh,DK1,DK_1,imbalance_price,Short,2026-07-30T07:28:36Z
2026-07-30T07:25:17Z,2026-07-30T09:25:17+0200,e73b670a-bc29-4bfc-b6f4-93c290a4d3ee,2026-07-21T04:45:00Z,2026-07-21T06:45:00+0200,131.0,EUR/MWh,DK1,DK_1,imbalance_price,Long,2026-07-30T07:28:36Z
2026-07-30T07:25:17Z,2026-07-30T09:25:17+0200,e73b670a-bc29-4bfc-b6f4-93c290a4d3ee,2026-07-21T04:45:00Z,2026-07-21T06:45:00+0200,131.0,EUR/MWh,DK1,DK_1,imbalance_price,Short,2026-07-30T07:28:36Z
2026-07-30T07:25:17Z,2026-07-30T09:25:17+0200,e73b670a-bc29-4bfc-b6f4-93c290a4d3ee,2026-07-21T05:00:00Z,2026-07-21T07:00:00+0200,130.9,EUR/MWh,DK1,DK_1,imbalance_price,Long,2026-07-30T07:28:36Z
2026-07-30T07:25:17Z,2026-07-30T09:25:17+0200,e73b670a-bc29-4bfc-b6f4-93c290a4d3ee,2026-07-21T05:00:00Z,2026-07-21T07:00:00+0200,130.9,EUR/MWh,DK1,DK_1,imbalance_price,Short,2026-07-30T07:28:36Z
2026-07-30T07:25:17Z,2026-07-30T09:25:17+0200,e73b670a-bc29-4bfc-b6f4-93c290a4d3ee,2026-07-21T05:15:00Z,2026-07-21T07:15:00+0200,159.35,EUR/MWh,DK1,DK_1,imbalance_price,Long,2026-07-30T07:28:36Z
2026-07-30T07:25:17Z,2026-07-30T09:25:17+0200,e73b670a-bc29-4bfc-b6f4-93c290a4d3ee,2026-07-21T05:15:00Z,2026-07-21T07:15:00+0200,159.35,EUR/MWh,DK1,DK_1,imbalance_price,Short,2026-07-30T07:28:36Z
2026-07-30T07:25:17Z,2026-07-30T09:25:17+0200,e73b670a-bc29-4bfc-b6f4-93c290a4d3ee,2026-07-21T05:30:00Z,2026-07-21T07:30:00+0200,108.9,EUR/MWh,DK1,DK_1,imbalance_price,Long,2026-07-30T07:28:36Z
2026-07-30T07:25:17Z,2026-07-30T09:25:17+0200,e73b670a-bc29-4bfc-b6f4-93c290a4d3ee,2026-07-21T05:30:00Z,2026-07-21T07:30:00+0200,108.9,EUR/MWh,DK1,DK_1,imbalance_price,Short,2026-07-30T07:28:36Z
2026-07-30T07:25:17Z,2026-07-30T09:25:17+0200,e73b670a-bc29-4bfc-b6f4-93c290a4d3ee,2026-07-21T05:45:00Z,2026-07-21T07:45:00+0200,136.35,EUR/MWh,DK1,DK_1,imbalance_price,Long,2026-07-30T07:28:36Z
2026-07-30T07:25:17Z,2026-07-30T09:25:17+0200,e73b670a-bc29-4bfc-b6f4-93c290a4d3ee,2026-07-21T05:45:00Z,2026-07-21T07:45:00+0200,136.35,EUR/MWh,DK1,DK_1,imbalance_price,Short,2026-07-30T07:28:36Z
2026-07-30T07:25:17Z,2026-07-30T09:25:17+0200,e73b670a-bc29-4bfc-b6f4-93c290a4d3ee,2026-07-21T06:00:00Z,2026-07-21T08:00:00+0200,164.78,EUR/MWh,DK1,DK_1,imbalance_price,Long,2026-07-30T07:28:36Z
2026-07-30T07:25:17Z,2026-07-30T09:25:17+0200,e73b670a-bc29-4bfc-b6f4-93c290a4d3ee,2026-07-21T06:00:00Z,2026-07-21T08:00:00+0200,164.78,EUR/MWh,DK1,DK_1,imbalance_price,Short,2026-07-30T07:28:36Z
2026-07-30T07:25:17Z,2026-07-30T09:25:17+0200,e73b670a-bc29-4bfc-b6f4-93c290a4d3ee,2026-07-21T06:15:00Z,2026-07-21T08:15:00+0200,149.0,EUR/MWh,DK1,DK_1,imbalance_price,Long,2026-07-30T07:28:36Z
2026-07-30T07:25:17Z,2026-07-30T09:25:17+0200,e73b670a-bc29-4bfc-b6f4-93c290a4d3ee,2026-07-21T06:15:00Z,2026-07-21T08:15:00+0200,149.0,EUR/MWh,DK1,DK_1,imbalance_price,Short,2026-07-30T07:28:36Z
2026-07-30T07:25:17Z,2026-07-30T09:25:17+0200,e73b670a-bc29-4bfc-b6f4-93c290a4d3ee,2026-07-21T06:30:00Z,2026-07-21T08:30:00+0200,142.16,EUR/MWh,DK1,DK_1,imbalance_price,Long,2026-07-30T07:28:36Z
2026-07-30T07:25:17Z,2026-07-30T09:25:17+0200,e73b670a-bc29-4bfc-b6f4-93c290a4d3ee,2026-07-21T06:30:00Z,2026-07-21T08:30:00+0200,142.16,EUR/MWh,DK1,DK_1,imbalance_price,Short,2026-07-30T07:28:36Z
2026-07-30T07:25:17Z,2026-07-30T09:25:17+0200,e73b670a-bc29-4bfc-b6f4-93c290a4d3ee,2026-07-21T06:45:00Z,2026-07-21T08:45:00+0200,37.19,EUR/MWh,DK1,DK_1,imbalance_price,Long,2026-07-30T07:28:36Z
2026-07-30T07:25:17Z,2026-07-30T09:25:17+0200,e73b670a-bc29-4bfc-b6f4-93c290a4d3ee,2026-07-21T06:45:00Z,2026-07-21T08:45:00+0200,37.19,EUR/MWh,DK1,DK_1,imbalance_price,Short,2026-07-30T07:28:36Z
2026-07-30T07:25:17Z,2026-07-30T09:25:17+0200,e73b670a-bc29-4bfc-b6f4-93c290a4d3ee,2026-07-21T07:00:00Z,2026-07-21T09:00:00+0200,36.43,EUR/MWh,DK1,DK_1,imbalance_price,Long,2026-07-30T07:28:36Z
2026-07-30T07:25:17Z,2026-07-30T09:25:17+0200,e73b670a-bc29-4bfc-b6f4-93c290a4d3ee,2026-07-21T07:00:00Z,2026-07-21T09:00:00+0200,36.43,EUR/MWh,DK1,DK_1,imbalance_price,Short,2026-07-30T07:28:36Z
2026-07-30T07:25:17Z,2026-07-30T09:25:17+0200,e73b670a-bc29-4bfc-b6f4-93c290a4d3ee,2026-07-21T07:15:00Z,2026-07-21T09:15:00+0200,20.36,EUR/MWh,DK1,DK_1,imbalance_price,Long,2026-07-30T07:28:36Z
2026-07-30T07:25:17Z,2026-07-30T09:25:17+0200,e73b670a-bc29-4bfc-b6f4-93c290a4d3ee,2026-07-21T07:15:00Z,2026-07-21T09:15:00+0200,20.36,EUR/MWh,DK1,DK_1,imbalance_price,Short,2026-07-30T07:28:36Z
2026-07-30T07:25:17Z,2026-07-30T09:25:17+0200,e73b670a-bc29-4bfc-b6f4-93c290a4d3ee,2026-07-21T07:30:00Z,2026-07-21T09:30:00+0200,35.68,EUR/MWh,DK1,DK_1,imbalance_price,Long,2026-07-30T07:28:36Z
2026-07-30T07:25:17Z,2026-07-30T09:25:17+0200,e73b670a-bc29-4bfc-b6f4-93c290a4d3ee,2026-07-21T07:30:00Z,2026-07-21T09:30:00+0200,35.68,EUR/MWh,DK1,DK_1,imbalance_price,Short,2026-07-30T07:28:36Z
2026-07-30T07:25:17Z,2026-07-30T09:25:17+0200,e73b670a-bc29-4bfc-b6f4-93c290a4d3ee,2026-07-21T07:45:00Z,2026-07-21T09:45:00+0200,14.0,EUR/MWh,DK1,DK_1,imbalance_price,Long,2026-07-30T07:28:36Z
2026-07-30T07:25:17Z,2026-07-30T09:25:17+0200,e73b670a-bc29-4bfc-b6f4-93c290a4d3ee,2026-07-21T07:45:00Z,2026-07-21T09:45:00+0200,14.0,EUR/MWh,DK1,DK_1,imbalance_price,Short,2026-07-30T07:28:36Z
2026-07-30T07:25:17Z,2026-07-30T09:25:17+0200,e73b670a-bc29-4bfc-b6f4-93c290a4d3ee,2026-07-21T08:00:00Z,2026-07-21T10:00:00+0200,161.55,EUR/MWh,DK1,DK_1,imbalance_price,Long,2026-07-30T07:28:36Z
2026-07-30T07:25:17Z,2026-07-30T09:25:17+0200,e73b670a-bc29-4bfc-b6f4-93c290a4d3ee,2026-07-21T08:00:00Z,2026-07-21T10:00:00+0200,161.55,EUR/MWh,DK1,DK_1,imbalance_price,Short,2026-07-30T07:28:36Z
2026-07-30T07:25:17Z,2026-07-30T09:25:17+0200,e73b670a-bc29-4bfc-b6f4-93c290a4d3ee,2026-07-21T08:15:00Z,2026-07-21T10:15:00+0200,85.42,EUR/MWh,DK1,DK_1,imbalance_price,Long,2026-07-30T07:28:36Z
2026-07-30T07:25:17Z,2026-07-30T09:25:17+0200,e73b670a-bc29-4bfc-b6f4-93c290a4d3ee,2026-07-21T08:15:00Z,2026-07-21T10:15:00+0200,85.42,EUR/MWh,DK1,DK_1,imbalance_price,Short,2026-07-30T07:28:36Z
2026-07-30T07:25:17Z,2026-07-30T09:25:17+0200,e73b670a-bc29-4bfc-b6f4-93c290a4d3ee,2026-07-21T08:30:00Z,2026-07-21T10:30:00+0200,102.18,EUR/MWh,DK1,DK_1,imbalance_price,Long,2026-07-30T07:28:36Z
2026-07-30T07:25:17Z,2026-07-30T09:25:17+0200,e73b670a-bc29-4bfc-b6f4-93c290a4d3ee,2026-07-21T08:30:00Z,2026-07-21T10:30:00+0200,102.18,EUR/MWh,DK1,DK_1,imbalance_price,Short,2026-07-30T07:28:36Z
2026-07-30T07:25:17Z,2026-07-30T09:25:17+0200,e73b670a-bc29-4bfc-b6f4-93c290a4d3ee,2026-07-21T08:45:00Z,2026-07-21T10:45:00+0200,64.14,EUR/MWh,DK1,DK_1,imbalance_price,Long,2026-07-30T07:28:36Z
2026-07-30T07:25:17Z,2026-07-30T09:25:17+0200,e73b670a-bc29-4bfc-b6f4-93c290a4d3ee,2026-07-21T08:45:00Z,2026-07-21T10:45:00+0200,64.14,EUR/MWh,DK1,DK_1,imbalance_price,Short,2026-07-30T07:28:36Z
2026-07-30T07:25:17Z,2026-07-30T09:25:17+0200,e73b670a-bc29-4bfc-b6f4-93c290a4d3ee,2026-07-21T09:00:00Z,2026-07-21T11:00:00+0200,0.0,EUR/MWh,DK1,DK_1,imbalance_price,Long,2026-07-30T07:28:36Z
2026-07-30T07:25:17Z,2026-07-30T09:25:17+0200,e73b670a-bc29-4bfc-b6f4-93c290a4d3ee,2026-07-21T09:00:00Z,2026-07-21T11:00:00+0200,0.0,EUR/MWh,DK1,DK_1,imbalance_price,Short,2026-07-30T07:28:36Z
2026-07-30T07:25:17Z,2026-07-30T09:25:17+0200,e73b670a-bc29-4bfc-b6f4-93c290a4d3ee,2026-07-21T09:15:00Z,2026-07-21T11:15:00+0200,-5.78,EUR/MWh,DK1,DK_1,imbalance_price,Long,2026-07-30T07:28:36Z
2026-07-30T07:25:17Z,2026-07-30T09:25:17+0200,e73b670a-bc29-4bfc-b6f4-93c290a4d3ee,2026-07-21T09:15:00Z,2026-07-21T11:15:00+0200,-5.78,EUR/MWh,DK1,DK_1,imbalance_price,Short,2026-07-30T07:28:36Z
2026-07-30T07:25:17Z,2026-07-30T09:25:17+0200,e73b670a-bc29-4bfc-b6f4-93c290a4d3ee,2026-07-21T09:30:00Z,2026-07-21T11:30:00+0200,0.0,EUR/MWh,DK1,DK_1,imbalance_price,Long,2026-07-30T07:28:36Z
2026-07-30T07:25:17Z,2026-07-30T09:25:17+0200,e73b670a-bc29-4bfc-b6f4-93c290a4d3ee,2026-07-21T09:30:00Z,2026-07-21T11:30:00+0200,0.0,EUR/MWh,DK1,DK_1,imbalance_price,Short,2026-07-30T07:28:36Z
2026-07-30T07:25:17Z,2026-07-30T09:25:17+0200,e73b670a-bc29-4bfc-b6f4-93c290a4d3ee,2026-07-21T09:45:00Z,2026-07-21T11:45:00+0200,-6.29,EUR/MWh,DK1,DK_1,imbalance_price,Long,2026-07-30T07:28:36Z
2026-07-30T07:25:17Z,2026-07-30T09:25:17+0200,e73b670a-bc29-4bfc-b6f4-93c290a4d3ee,2026-07-21T09:45:00Z,2026-07-21T11:45:00+0200,-6.29,EUR/MWh,DK1,DK_1,imbalance_price,Short,2026-07-30T07:28:36Z
2026-07-30T07:25:17Z,2026-07-30T09:25:17+0200,e73b670a-bc29-4bfc-b6f4-93c290a4d3ee,2026-07-21T10:00:00Z,2026-07-21T12:00:00+0200,-5.0,EUR/MWh,DK1,DK_1,imbalance_price,Long,2026-07-30T07:28:36Z
2026-07-30T07:25:17Z,2026-07-30T09:25:17+0200,e73b670a-bc29-4bfc-b6f4-93c290a4d3ee,2026-07-21T10:00:00Z,2026-07-21T12:00:00+0200,-5.0,EUR/MWh,DK1,DK_1,imbalance_price,Short,2026-07-30T07:28:36Z
2026-07-30T07:25:17Z,2026-07-30T09:25:17+0200,e73b670a-bc29-4bfc-b6f4-93c290a4d3ee,2026-07-21T10:15:00Z,2026-07-21T12:15:00+0200,31.43,EUR/MWh,DK1,DK_1,imbalance_price,Long,2026-07-30T07:28:36Z
2026-07-30T07:25:17Z,2026-07-30T09:25:17+0200,e73b670a-bc29-4bfc-b6f4-93c290a4d3ee,2026-07-21T10:15:00Z,2026-07-21T12:15:00+0200,31.43,EUR/MWh,DK1,DK_1,imbalance_price,Short,2026-07-30T07:28:36Z
2026-07-30T07:25:17Z,2026-07-30T09:25:17+0200,e73b670a-bc29-4bfc-b6f4-93c290a4d3ee,2026-07-21T10:30:00Z,2026-07-21T12:30:00+0200,7.53,EUR/MWh,DK1,DK_1,imbalance_price,Long,2026-07-30T07:28:36Z
2026-07-30T07:25:17Z,2026-07-30T09:25:17+0200,e73b670a-bc29-4bfc-b6f4-93c290a4d3ee,2026-07-21T10:30:00Z,2026-07-21T12:30:00+0200,7.53,EUR/MWh,DK1,DK_1,imbalance_price,Short,2026-07-30T07:28:36Z
2026-07-30T07:25:17Z,2026-07-30T09:25:17+0200,e73b670a-bc29-4bfc-b6f4-93c290a4d3ee,2026-07-21T10:45:00Z,2026-07-21T12:45:00+0200,-6.69,EUR/MWh,DK1,DK_1,imbalance_price,Long,2026-07-30T07:28:36Z
2026-07-30T07:25:17Z,2026-07-30T09:25:17+0200,e73b670a-bc29-4bfc-b6f4-93c290a4d3ee,2026-07-21T10:45:00Z,2026-07-21T12:45:00+0200,-6.69,EUR/MWh,DK1,DK_1,imbalance_price,Short,2026-07-30T07:28:36Z
2026-07-30T07:25:17Z,2026-07-30T09:25:17+0200,e73b670a-bc29-4bfc-b6f4-93c290a4d3ee,2026-07-21T11:00:00Z,2026-07-21T13:00:00+0200,-6.69,EUR/MWh,DK1,DK_1,imbalance_price,Long,2026-07-30T07:28:36Z
2026-07-30T07:25:17Z,2026-07-30T09:25:17+0200,e73b670a-bc29-4bfc-b6f4-93c290a4d3ee,2026-07-21T11:00:00Z,2026-07-21T13:00:00+0200,-6.69,EUR/MWh,DK1,DK_1,imbalance_price,Short,2026-07-30T07:28:36Z
2026-07-30T07:25:17Z,2026-07-30T09:25:17+0200,e73b670a-bc29-4bfc-b6f4-93c290a4d3ee,2026-07-21T11:15:00Z,2026-07-21T13:15:00+0200,-7.64,EUR/MWh,DK1,DK_1,imbalance_price,Long,2026-07-30T07:28:36Z
2026-07-30T07:25:17Z,2026-07-30T09:25:17+0200,e73b670a-bc29-4bfc-b6f4-93c290a4d3ee,2026-07-21T11:15:00Z,2026-07-21T13:15:00+0200,-7.64,EUR/MWh,DK1,DK_1,imbalance_price,Short,2026-07-30T07:28:36Z
2026-07-30T07:25:17Z,2026-07-30T09:25:17+0200,e73b670a-bc29-4bfc-b6f4-93c290a4d3ee,2026-07-21T11:30:00Z,2026-07-21T13:30:00+0200,4.01,EUR/MWh,DK1,DK_1,imbalance_price,Long,2026-07-30T07:28:36Z
2026-07-30T07:25:17Z,2026-07-30T09:25:17+0200,e73b670a-bc29-4bfc-b6f4-93c290a4d3ee,2026-07-21T11:30:00Z,2026-07-21T13:30:00+0200,4.01,EUR/MWh,DK1,DK_1,imbalance_price,Short,2026-07-30T07:28:36Z
2026-07-30T07:25:17Z,2026-07-30T09:25:17+0200,e73b670a-bc29-4bfc-b6f4-93c290a4d3ee,2026-07-21T11:45:00Z,2026-07-21T13:45:00+0200,-6.69,EUR/MWh,DK1,DK_1,imbalance_price,Long,2026-07-30T07:28:36Z
2026-07-30T07:25:17Z,2026-07-30T09:25:17+0200,e73b670a-bc29-4bfc-b6f4-93c290a4d3ee,2026-07-21T11:45:00Z,2026-07-21T13:45:00+0200,-6.69,EUR/MWh,DK1,DK_1,imbalance_price,Short,2026-07-30T07:28:36Z
2026-07-30T07:25:17Z,2026-07-30T09:25:17+0200,e73b670a-bc29-4bfc-b6f4-93c290a4d3ee,2026-07-21T12:00:00Z,2026-07-21T14:00:00+0200,-6.69,EUR/MWh,DK1,DK_1,imbalance_price,Long,2026-07-30T07:28:36Z
2026-07-30T07:25:17Z,2026-07-30T09:25:17+0200,e73b670a-bc29-4bfc-b6f4-93c290a4d3ee,2026-07-21T12:00:00Z,2026-07-21T14:00:00+0200,-6.69,EUR/MWh,DK1,DK_1,imbalance_price,Short,2026-07-30T07:28:36Z
2026-07-30T07:25:17Z,2026-07-30T09:25:17+0200,e73b670a-bc29-4bfc-b6f4-93c290a4d3ee,2026-07-21T12:15:00Z,2026-07-21T14:15:00+0200,-6.69,EUR/MWh,DK1,DK_1,imbalance_price,Long,2026-07-30T07:28:36Z
2026-07-30T07:25:17Z,2026-07-30T09:25:17+0200,e73b670a-bc29-4bfc-b6f4-93c290a4d3ee,2026-07-21T12:15:00Z,2026-07-21T14:15:00+0200,-6.69,EUR/MWh,DK1,DK_1,imbalance_price,Short,2026-07-30T07:28:36Z
2026-07-30T07:25:17Z,2026-07-30T09:25:17+0200,e73b670a-bc29-4bfc-b6f4-93c290a4d3ee,2026-07-21T12:30:00Z,2026-07-21T14:30:00+0200,-12.25,EUR/MWh,DK1,DK_1,imbalance_price,Long,2026-07-30T07:28:36Z
2026-07-30T07:25:17Z,2026-07-30T09:25:17+0200,e73b670a-bc29-4bfc-b6f4-93c290a4d3ee,2026-07-21T12:30:00Z,2026-07-21T14:30:00+0200,-12.25,EUR/MWh,DK1,DK_1,imbalance_price,Short,2026-07-30T07:28:36Z
2026-07-30T07:25:17Z,2026-07-30T09:25:17+0200,e73b670a-bc29-4bfc-b6f4-93c290a4d3ee,2026-07-21T12:45:00Z,2026-07-21T14:45:00+0200,-9.62,EUR/MWh,DK1,DK_1,imbalance_price,Long,2026-07-30T07:28:36Z
2026-07-30T07:25:17Z,2026-07-30T09:25:17+0200,e73b670a-bc29-4bfc-b6f4-93c290a4d3ee,2026-07-21T12:45:00Z,2026-07-21T14:45:00+0200,-9.62,EUR/MWh,DK1,DK_1,imbalance_price,Short,2026-07-30T07:28:36Z
2026-07-30T07:25:17Z,2026-07-30T09:25:17+0200,e73b670a-bc29-4bfc-b6f4-93c290a4d3ee,2026-07-21T13:00:00Z,2026-07-21T15:00:00+0200,-44.99,EUR/MWh,DK1,DK_1,imbalance_price,Long,2026-07-30T07:28:36Z
2026-07-30T07:25:17Z,2026-07-30T09:25:17+0200,e73b670a-bc29-4bfc-b6f4-93c290a4d3ee,2026-07-21T13:00:00Z,2026-07-21T15:00:00+0200,-44.99,EUR/MWh,DK1,DK_1,imbalance_price,Short,2026-07-30T07:28:36Z
2026-07-30T07:25:17Z,2026-07-30T09:25:17+0200,e73b670a-bc29-4bfc-b6f4-93c290a4d3ee,2026-07-21T13:15:00Z,2026-07-21T15:15:00+0200,-57.79,EUR/MWh,DK1,DK_1,imbalance_price,Long,2026-07-30T07:28:36Z
2026-07-30T07:25:17Z,2026-07-30T09:25:17+0200,e73b670a-bc29-4bfc-b6f4-93c290a4d3ee,2026-07-21T13:15:00Z,2026-07-21T15:15:00+0200,-57.79,EUR/MWh,DK1,DK_1,imbalance_price,Short,2026-07-30T07:28:36Z
2026-07-30T07:25:17Z,2026-07-30T09:25:17+0200,e73b670a-bc29-4bfc-b6f4-93c290a4d3ee,2026-07-21T13:30:00Z,2026-07-21T15:30:00+0200,-913.85,EUR/MWh,DK1,DK_1,imbalance_price,Long,2026-07-30T07:28:36Z
2026-07-30T07:25:17Z,2026-07-30T09:25:17+0200,e73b670a-bc29-4bfc-b6f4-93c290a4d3ee,2026-07-21T13:30:00Z,2026-07-21T15:30:00+0200,-913.85,EUR/MWh,DK1,DK_1,imbalance_price,Short,2026-07-30T07:28:36Z
2026-07-30T07:25:17Z,2026-07-30T09:25:17+0200,e73b670a-bc29-4bfc-b6f4-93c290a4d3ee,2026-07-21T13:45:00Z,2026-07-21T15:45:00+0200,-49.78,EUR/MWh,DK1,DK_1,imbalance_price,Long,2026-07-30T07:28:36Z
2026-07-30T07:25:17Z,2026-07-30T09:25:17+0200,e73b670a-bc29-4bfc-b6f4-93c290a4d3ee,2026-07-21T13:45:00Z,2026-07-21T15:45:00+0200,-49.78,EUR/MWh,DK1,DK_1,imbalance_price,Short,2026-07-30T07:28:36Z
2026-07-30T07:25:17Z,2026-07-30T09:25:17+0200,e73b670a-bc29-4bfc-b6f4-93c290a4d3ee,2026-07-21T14:00:00Z,2026-07-21T16:00:00+0200,-117.65,EUR/MWh,DK1,DK_1,imbalance_price,Long,2026-07-30T07:28:36Z
2026-07-30T07:25:17Z,2026-07-30T09:25:17+0200,e73b670a-bc29-4bfc-b6f4-93c290a4d3ee,2026-07-21T14:00:00Z,2026-07-21T16:00:00+0200,-117.65,EUR/MWh,DK1,DK_1,imbalance_price,Short,2026-07-30T07:28:36Z
2026-07-30T07:25:17Z,2026-07-30T09:25:17+0200,e73b670a-bc29-4bfc-b6f4-93c290a4d3ee,2026-07-21T14:15:00Z,2026-07-21T16:15:00+0200,-93.36,EUR/MWh,DK1,DK_1,imbalance_price,Long,2026-07-30T07:28:36Z
2026-07-30T07:25:17Z,2026-07-30T09:25:17+0200,e73b670a-bc29-4bfc-b6f4-93c290a4d3ee,2026-07-21T14:15:00Z,2026-07-21T16:15:00+0200,-93.36,EUR/MWh,DK1,DK_1,imbalance_price,Short,2026-07-30T07:28:36Z
2026-07-30T07:25:17Z,2026-07-30T09:25:17+0200,e73b670a-bc29-4bfc-b6f4-93c290a4d3ee,2026-07-21T14:30:00Z,2026-07-21T16:30:00+0200,0.57,EUR/MWh,DK1,DK_1,imbalance_price,Long,2026-07-30T07:28:36Z
2026-07-30T07:25:17Z,2026-07-30T09:25:17+0200,e73b670a-bc29-4bfc-b6f4-93c290a4d3ee,2026-07-21T14:30:00Z,2026-07-21T16:30:00+0200,0.57,EUR/MWh,DK1,DK_1,imbalance_price,Short,2026-07-30T07:28:36Z
2026-07-30T07:25:17Z,2026-07-30T09:25:17+0200,e73b670a-bc29-4bfc-b6f4-93c290a4d3ee,2026-07-21T14:45:00Z,2026-07-21T16:45:00+0200,80.6,EUR/MWh,DK1,DK_1,imbalance_price,Long,2026-07-30T07:28:36Z
2026-07-30T07:25:17Z,2026-07-30T09:25:17+0200,e73b670a-bc29-4bfc-b6f4-93c290a4d3ee,2026-07-21T14:45:00Z,2026-07-21T16:45:00+0200,80.6,EUR/MWh,DK1,DK_1,imbalance_price,Short,2026-07-30T07:28:36Z
2026-07-30T07:25:17Z,2026-07-30T09:25:17+0200,e73b670a-bc29-4bfc-b6f4-93c290a4d3ee,2026-07-21T15:00:00Z,2026-07-21T17:00:00+0200,11.0,EUR/MWh,DK1,DK_1,imbalance_price,Long,2026-07-30T07:28:36Z
2026-07-30T07:25:17Z,2026-07-30T09:25:17+0200,e73b670a-bc29-4bfc-b6f4-93c290a4d3ee,2026-07-21T15:00:00Z,2026-07-21T17:00:00+0200,11.0,EUR/MWh,DK1,DK_1,imbalance_price,Short,2026-07-30T07:28:36Z
2026-07-30T07:25:17Z,2026-07-30T09:25:17+0200,e73b670a-bc29-4bfc-b6f4-93c290a4d3ee,2026-07-21T15:15:00Z,2026-07-21T17:15:00+0200,-24.06,EUR/MWh,DK1,DK_1,imbalance_price,Long,2026-07-30T07:28:36Z
2026-07-30T07:25:17Z,2026-07-30T09:25:17+0200,e73b670a-bc29-4bfc-b6f4-93c290a4d3ee,2026-07-21T15:15:00Z,2026-07-21T17:15:00+0200,-24.06,EUR/MWh,DK1,DK_1,imbalance_price,Short,2026-07-30T07:28:36Z
2026-07-30T07:25:17Z,2026-07-30T09:25:17+0200,e73b670a-bc29-4bfc-b6f4-93c290a4d3ee,2026-07-21T15:30:00Z,2026-07-21T17:30:00+0200,110.93,EUR/MWh,DK1,DK_1,imbalance_price,Long,2026-07-30T07:28:36Z
2026-07-30T07:25:17Z,2026-07-30T09:25:17+0200,e73b670a-bc29-4bfc-b6f4-93c290a4d3ee,2026-07-21T15:30:00Z,2026-07-21T17:30:00+0200,110.93,EUR/MWh,DK1,DK_1,imbalance_price,Short,2026-07-30T07:28:36Z
2026-07-30T07:25:17Z,2026-07-30T09:25:17+0200,e73b670a-bc29-4bfc-b6f4-93c290a4d3ee,2026-07-21T15:45:00Z,2026-07-21T17:45:00+0200,128.52,EUR/MWh,DK1,DK_1,imbalance_price,Long,2026-07-30T07:28:36Z
2026-07-30T07:25:17Z,2026-07-30T09:25:17+0200,e73b670a-bc29-4bfc-b6f4-93c290a4d3ee,2026-07-21T15:45:00Z,2026-07-21T17:45:00+0200,128.52,EUR/MWh,DK1,DK_1,imbalance_price,Short,2026-07-30T07:28:36Z
2026-07-30T07:25:17Z,2026-07-30T09:25:17+0200,e73b670a-bc29-4bfc-b6f4-93c290a4d3ee,2026-07-21T16:00:00Z,2026-07-21T18:00:00+0200,13.38,EUR/MWh,DK1,DK_1,imbalance_price,Long,2026-07-30T07:28:36Z
2026-07-30T07:25:17Z,2026-07-30T09:25:17+0200,e73b670a-bc29-4bfc-b6f4-93c290a4d3ee,2026-07-21T16:00:00Z,2026-07-21T18:00:00+0200,13.38,EUR/MWh,DK1,DK_1,imbalance_price,Short,2026-07-30T07:28:36Z
2026-07-30T07:25:17Z,2026-07-30T09:25:17+0200,e73b670a-bc29-4bfc-b6f4-93c290a4d3ee,2026-07-21T16:15:00Z,2026-07-21T18:15:00+0200,130.53,EUR/MWh,DK1,DK_1,imbalance_price,Long,2026-07-30T07:28:36Z
2026-07-30T07:25:17Z,2026-07-30T09:25:17+0200,e73b670a-bc29-4bfc-b6f4-93c290a4d3ee,2026-07-21T16:15:00Z,2026-07-21T18:15:00+0200,130.53,EUR/MWh,DK1,DK_1,imbalance_price,Short,2026-07-30T07:28:36Z
2026-07-30T07:25:17Z,2026-07-30T09:25:17+0200,e73b670a-bc29-4bfc-b6f4-93c290a4d3ee,2026-07-21T16:30:00Z,2026-07-21T18:30:00+0200,194.59,EUR/MWh,DK1,DK_1,imbalance_price,Long,2026-07-30T07:28:36Z
2026-07-30T07:25:17Z,2026-07-30T09:25:17+0200,e73b670a-bc29-4bfc-b6f4-93c290a4d3ee,2026-07-21T16:30:00Z,2026-07-21T18:30:00+0200,194.59,EUR/MWh,DK1,DK_1,imbalance_price,Short,2026-07-30T07:28:36Z
2026-07-30T07:25:17Z,2026-07-30T09:25:17+0200,e73b670a-bc29-4bfc-b6f4-93c290a4d3ee,2026-07-21T16:45:00Z,2026-07-21T18:45:00+0200,263.36,EUR/MWh,DK1,DK_1,imbalance_price,Long,2026-07-30T07:28:36Z
2026-07-30T07:25:17Z,2026-07-30T09:25:17+0200,e73b670a-bc29-4bfc-b6f4-93c290a4d3ee,2026-07-21T16:45:00Z,2026-07-21T18:45:00+0200,263.36,EUR/MWh,DK1,DK_1,imbalance_price,Short,2026-07-30T07:28:36Z
2026-07-30T07:25:17Z,2026-07-30T09:25:17+0200,e73b670a-bc29-4bfc-b6f4-93c290a4d3ee,2026-07-21T17:00:00Z,2026-07-21T19:00:00+0200,248.74,EUR/MWh,DK1,DK_1,imbalance_price,Long,2026-07-30T07:28:36Z
2026-07-30T07:25:17Z,2026-07-30T09:25:17+0200,e73b670a-bc29-4bfc-b6f4-93c290a4d3ee,2026-07-21T17:00:00Z,2026-07-21T19:00:00+0200,248.74,EUR/MWh,DK1,DK_1,imbalance_price,Short,2026-07-30T07:28:36Z
2026-07-30T07:25:17Z,2026-07-30T09:25:17+0200,e73b670a-bc29-4bfc-b6f4-93c290a4d3ee,2026-07-21T17:15:00Z,2026-07-21T19:15:00+0200,75.34,EUR/MWh,DK1,DK_1,imbalance_price,Long,2026-07-30T07:28:36Z
2026-07-30T07:25:17Z,2026-07-30T09:25:17+0200,e73b670a-bc29-4bfc-b6f4-93c290a4d3ee,2026-07-21T17:15:00Z,2026-07-21T19:15:00+0200,75.34,EUR/MWh,DK1,DK_1,imbalance_price,Short,2026-07-30T07:28:36Z
2026-07-30T07:25:17Z,2026-07-30T09:25:17+0200,e73b670a-bc29-4bfc-b6f4-93c290a4d3ee,2026-07-21T17:30:00Z,2026-07-21T19:30:00+0200,74.71,EUR/MWh,DK1,DK_1,imbalance_price,Long,2026-07-30T07:28:36Z
2026-07-30T07:25:17Z,2026-07-30T09:25:17+0200,e73b670a-bc29-4bfc-b6f4-93c290a4d3ee,2026-07-21T17:30:00Z,2026-07-21T19:30:00+0200,74.71,EUR/MWh,DK1,DK_1,imbalance_price,Short,2026-07-30T07:28:36Z
2026-07-30T07:25:17Z,2026-07-30T09:25:17+0200,e73b670a-bc29-4bfc-b6f4-93c290a4d3ee,2026-07-21T17:45:00Z,2026-07-21T19:45:00+0200,50.0,EUR/MWh,DK1,DK_1,imbalance_price,Long,2026-07-30T07:28:36Z
2026-07-30T07:25:17Z,2026-07-30T09:25:17+0200,e73b670a-bc29-4bfc-b6f4-93c290a4d3ee,2026-07-21T17:45:00Z,2026-07-21T19:45:00+0200,50.0,EUR/MWh,DK1,DK_1,imbalance_price,Short,2026-07-30T07:28:36Z
2026-07-30T07:25:17Z,2026-07-30T09:25:17+0200,e73b670a-bc29-4bfc-b6f4-93c290a4d3ee,2026-07-21T18:00:00Z,2026-07-21T20:00:00+0200,13.38,EUR/MWh,DK1,DK_1,imbalance_price,Long,2026-07-30T07:28:36Z
2026-07-30T07:25:17Z,2026-07-30T09:25:17+0200,e73b670a-bc29-4bfc-b6f4-93c290a4d3ee,2026-07-21T18:00:00Z,2026-07-21T20:00:00+0200,13.38,EUR/MWh,DK1,DK_1,imbalance_price,Short,2026-07-30T07:28:36Z
2026-07-30T07:25:17Z,2026-07-30T09:25:17+0200,e73b670a-bc29-4bfc-b6f4-93c290a4d3ee,2026-07-21T18:15:00Z,2026-07-21T20:15:00+0200,92.67,EUR/MWh,DK1,DK_1,imbalance_price,Long,2026-07-30T07:28:36Z
2026-07-30T07:25:17Z,2026-07-30T09:25:17+0200,e73b670a-bc29-4bfc-b6f4-93c290a4d3ee,2026-07-21T18:15:00Z,2026-07-21T20:15:00+0200,92.67,EUR/MWh,DK1,DK_1,imbalance_price,Short,2026-07-30T07:28:36Z
2026-07-30T07:25:17Z,2026-07-30T09:25:17+0200,e73b670a-bc29-4bfc-b6f4-93c290a4d3ee,2026-07-21T18:30:00Z,2026-07-21T20:30:00+0200,66.06,EUR/MWh,DK1,DK_1,imbalance_price,Long,2026-07-30T07:28:36Z
2026-07-30T07:25:17Z,2026-07-30T09:25:17+0200,e73b670a-bc29-4bfc-b6f4-93c290a4d3ee,2026-07-21T18:30:00Z,2026-07-21T20:30:00+0200,66.06,EUR/MWh,DK1,DK_1,imbalance_price,Short,2026-07-30T07:28:36Z
2026-07-30T07:25:17Z,2026-07-30T09:25:17+0200,e73b670a-bc29-4bfc-b6f4-93c290a4d3ee,2026-07-21T18:45:00Z,2026-07-21T20:45:00+0200,-4.07,EUR/MWh,DK1,DK_1,imbalance_price,Long,2026-07-30T07:28:36Z
2026-07-30T07:25:17Z,2026-07-30T09:25:17+0200,e73b670a-bc29-4bfc-b6f4-93c290a4d3ee,2026-07-21T18:45:00Z,2026-07-21T20:45:00+0200,-4.07,EUR/MWh,DK1,DK_1,imbalance_price,Short,2026-07-30T07:28:36Z
2026-07-30T07:25:17Z,2026-07-30T09:25:17+0200,e73b670a-bc29-4bfc-b6f4-93c290a4d3ee,2026-07-21T19:00:00Z,2026-07-21T21:00:00+0200,177.0,EUR/MWh,DK1,DK_1,imbalance_price,Long,2026-07-30T07:28:36Z
2026-07-30T07:25:17Z,2026-07-30T09:25:17+0200,e73b670a-bc29-4bfc-b6f4-93c290a4d3ee,2026-07-21T19:00:00Z,2026-07-21T21:00:00+0200,177.0,EUR/MWh,DK1,DK_1,imbalance_price,Short,2026-07-30T07:28:36Z
2026-07-30T07:25:17Z,2026-07-30T09:25:17+0200,e73b670a-bc29-4bfc-b6f4-93c290a4d3ee,2026-07-21T19:15:00Z,2026-07-21T21:15:00+0200,97.47,EUR/MWh,DK1,DK_1,imbalance_price,Long,2026-07-30T07:28:36Z
2026-07-30T07:25:17Z,2026-07-30T09:25:17+0200,e73b670a-bc29-4bfc-b6f4-93c290a4d3ee,2026-07-21T19:15:00Z,2026-07-21T21:15:00+0200,97.47,EUR/MWh,DK1,DK_1,imbalance_price,Short,2026-07-30T07:28:36Z
2026-07-30T07:25:17Z,2026-07-30T09:25:17+0200,e73b670a-bc29-4bfc-b6f4-93c290a4d3ee,2026-07-21T19:30:00Z,2026-07-21T21:30:00+0200,139.0,EUR/MWh,DK1,DK_1,imbalance_price,Long,2026-07-30T07:28:36Z
2026-07-30T07:25:17Z,2026-07-30T09:25:17+0200,e73b670a-bc29-4bfc-b6f4-93c290a4d3ee,2026-07-21T19:30:00Z,2026-07-21T21:30:00+0200,139.0,EUR/MWh,DK1,DK_1,imbalance_price,Short,2026-07-30T07:28:36Z
2026-07-30T07:25:17Z,2026-07-30T09:25:17+0200,e73b670a-bc29-4bfc-b6f4-93c290a4d3ee,2026-07-21T19:45:00Z,2026-07-21T21:45:00+0200,138.88,EUR/MWh,DK1,DK_1,imbalance_price,Long,2026-07-30T07:28:36Z
2026-07-30T07:25:17Z,2026-07-30T09:25:17+0200,e73b670a-bc29-4bfc-b6f4-93c290a4d3ee,2026-07-21T19:45:00Z,2026-07-21T21:45:00+0200,138.88,EUR/MWh,DK1,DK_1,imbalance_price,Short,2026-07-30T07:28:36Z
2026-07-30T07:25:17Z,2026-07-30T09:25:17+0200,e73b670a-bc29-4bfc-b6f4-93c290a4d3ee,2026-07-21T20:00:00Z,2026-07-21T22:00:00+0200,174.01,EUR/MWh,DK1,DK_1,imbalance_price,Long,2026-07-30T07:28:36Z
2026-07-30T07:25:17Z,2026-07-30T09:25:17+0200,e73b670a-bc29-4bfc-b6f4-93c290a4d3ee,2026-07-21T20:00:00Z,2026-07-21T22:00:00+0200,174.01,EUR/MWh,DK1,DK_1,imbalance_price,Short,2026-07-30T07:28:36Z
2026-07-30T07:25:17Z,2026-07-30T09:25:17+0200,e73b670a-bc29-4bfc-b6f4-93c290a4d3ee,2026-07-21T20:15:00Z,2026-07-21T22:15:00+0200,347.88,EUR/MWh,DK1,DK_1,imbalance_price,Long,2026-07-30T07:28:36Z
2026-07-30T07:25:17Z,2026-07-30T09:25:17+0200,e73b670a-bc29-4bfc-b6f4-93c290a4d3ee,2026-07-21T20:15:00Z,2026-07-21T22:15:00+0200,347.88,EUR/MWh,DK1,DK_1,imbalance_price,Short,2026-07-30T07:28:36Z
2026-07-30T07:25:17Z,2026-07-30T09:25:17+0200,e73b670a-bc29-4bfc-b6f4-93c290a4d3ee,2026-07-21T20:30:00Z,2026-07-21T22:30:00+0200,374.56,EUR/MWh,DK1,DK_1,imbalance_price,Long,2026-07-30T07:28:36Z
2026-07-30T07:25:17Z,2026-07-30T09:25:17+0200,e73b670a-bc29-4bfc-b6f4-93c290a4d3ee,2026-07-21T20:30:00Z,2026-07-21T22:30:00+0200,374.56,EUR/MWh,DK1,DK_1,imbalance_price,Short,2026-07-30T07:28:36Z
2026-07-30T07:25:17Z,2026-07-30T09:25:17+0200,e73b670a-bc29-4bfc-b6f4-93c290a4d3ee,2026-07-21T20:45:00Z,2026-07-21T22:45:00+0200,468.32,EUR/MWh,DK1,DK_1,imbalance_price,Long,2026-07-30T07:28:36Z
2026-07-30T07:25:17Z,2026-07-30T09:25:17+0200,e73b670a-bc29-4bfc-b6f4-93c290a4d3ee,2026-07-21T20:45:00Z,2026-07-21T22:45:00+0200,468.32,EUR/MWh,DK1,DK_1,imbalance_price,Short,2026-07-30T07:28:36Z
2026-07-30T07:25:17Z,2026-07-30T09:25:17+0200,e73b670a-bc29-4bfc-b6f4-93c290a4d3ee,2026-07-21T21:00:00Z,2026-07-21T23:00:00+0200,71.64,EUR/MWh,DK1,DK_1,imbalance_price,Long,2026-07-30T07:28:36Z
2026-07-30T07:25:17Z,2026-07-30T09:25:17+0200,e73b670a-bc29-4bfc-b6f4-93c290a4d3ee,2026-07-21T21:00:00Z,2026-07-21T23:00:00+0200,71.64,EUR/MWh,DK1,DK_1,imbalance_price,Short,2026-07-30T07:28:36Z
2026-07-30T07:25:17Z,2026-07-30T09:25:17+0200,e73b670a-bc29-4bfc-b6f4-93c290a4d3ee,2026-07-21T21:15:00Z,2026-07-21T23:15:00+0200,267.6,EUR/MWh,DK1,DK_1,imbalance_price,Long,2026-07-30T07:28:36Z
2026-07-30T07:25:17Z,2026-07-30T09:25:17+0200,e73b670a-bc29-4bfc-b6f4-93c290a4d3ee,2026-07-21T21:15:00Z,2026-07-21T23:15:00+0200,267.6,EUR/MWh,DK1,DK_1,imbalance_price,Short,2026-07-30T07:28:36Z
2026-07-30T07:25:17Z,2026-07-30T09:25:17+0200,e73b670a-bc29-4bfc-b6f4-93c290a4d3ee,2026-07-21T21:30:00Z,2026-07-21T23:30:00+0200,148.24,EUR/MWh,DK1,DK_1,imbalance_price,Long,2026-07-30T07:28:36Z
2026-07-30T07:25:17Z,2026-07-30T09:25:17+0200,e73b670a-bc29-4bfc-b6f4-93c290a4d3ee,2026-07-21T21:30:00Z,2026-07-21T23:30:00+0200,148.24,EUR/MWh,DK1,DK_1,imbalance_price,Short,2026-07-30T07:28:36Z
2026-07-30T07:25:17Z,2026-07-30T09:25:17+0200,e73b670a-bc29-4bfc-b6f4-93c290a4d3ee,2026-07-21T21:45:00Z,2026-07-21T23:45:00+0200,374.55,EUR/MWh,DK1,DK_1,imbalance_price,Long,2026-07-30T07:28:36Z
2026-07-30T07:25:17Z,2026-07-30T09:25:17+0200,e73b670a-bc29-4bfc-b6f4-93c290a4d3ee,2026-07-21T21:45:00Z,2026-07-21T23:45:00+0200,374.55,EUR/MWh,DK1,DK_1,imbalance_price,Short,2026-07-30T07:28:36Z
2026-07-30T07:25:17Z,2026-07-30T09:25:17+0200,e73b670a-bc29-4bfc-b6f4-93c290a4d3ee,2026-07-21T22:00:00Z,2026-07-22T00:00:00+0200,334.5,EUR/MWh,DK1,DK_1,imbalance_price,Long,2026-07-30T07:28:36Z
2026-07-30T07:25:17Z,2026-07-30T09:25:17+0200,e73b670a-bc29-4bfc-b6f4-93c290a4d3ee,2026-07-21T22:00:00Z,2026-07-22T00:00:00+0200,334.5,EUR/MWh,DK1,DK_1,imbalance_price,Short,2026-07-30T07:28:36Z
2026-07-30T07:25:17Z,2026-07-30T09:25:17+0200,e73b670a-bc29-4bfc-b6f4-93c290a4d3ee,2026-07-21T22:15:00Z,2026-07-22T00:15:00+0200,92.51,EUR/MWh,DK1,DK_1,imbalance_price,Long,2026-07-30T07:28:36Z
2026-07-30T07:25:17Z,2026-07-30T09:25:17+0200,e73b670a-bc29-4bfc-b6f4-93c290a4d3ee,2026-07-21T22:15:00Z,2026-07-22T00:15:00+0200,92.51,EUR/MWh,DK1,DK_1,imbalance_price,Short,2026-07-30T07:28:36Z
2026-07-30T07:25:17Z,2026-07-30T09:25:17+0200,e73b670a-bc29-4bfc-b6f4-93c290a4d3ee,2026-07-21T22:30:00Z,2026-07-22T00:30:00+0200,136.51,EUR/MWh,DK1,DK_1,imbalance_price,Long,2026-07-30T07:28:36Z
2026-07-30T07:25:17Z,2026-07-30T09:25:17+0200,e73b670a-bc29-4bfc-b6f4-93c290a4d3ee,2026-07-21T22:30:00Z,2026-07-22T00:30:00+0200,136.51,EUR/MWh,DK1,DK_1,imbalance_price,Short,2026-07-30T07:28:36Z
2026-07-30T07:25:17Z,2026-07-30T09:25:17+0200,e73b670a-bc29-4bfc-b6f4-93c290a4d3ee,2026-07-21T22:45:00Z,2026-07-22T00:45:00+0200,134.2,EUR/MWh,DK1,DK_1,imbalance_price,Long,2026-07-30T07:28:36Z
2026-07-30T07:25:17Z,2026-07-30T09:25:17+0200,e73b670a-bc29-4bfc-b6f4-93c290a4d3ee,2026-07-21T22:45:00Z,2026-07-22T00:45:00+0200,134.2,EUR/MWh,DK1,DK_1,imbalance_price,Short,2026-07-30T07:28:36Z
2026-07-30T07:25:17Z,2026-07-30T09:25:17+0200,e73b670a-bc29-4bfc-b6f4-93c290a4d3ee,2026-07-21T23:00:00Z,2026-07-22T01:00:00+0200,129.76,EUR/MWh,DK1,DK_1,imbalance_price,Long,2026-07-30T07:28:36Z
2026-07-30T07:25:17Z,2026-07-30T09:25:17+0200,e73b670a-bc29-4bfc-b6f4-93c290a4d3ee,2026-07-21T23:00:00Z,2026-07-22T01:00:00+0200,129.76,EUR/MWh,DK1,DK_1,imbalance_price,Short,2026-07-30T07:28:36Z
2026-07-30T07:25:17Z,2026-07-30T09:25:17+0200,e73b670a-bc29-4bfc-b6f4-93c290a4d3ee,2026-07-21T23:15:00Z,2026-07-22T01:15:00+0200,294.36,EUR/MWh,DK1,DK_1,imbalance_price,Long,2026-07-30T07:28:36Z
2026-07-30T07:25:17Z,2026-07-30T09:25:17+0200,e73b670a-bc29-4bfc-b6f4-93c290a4d3ee,2026-07-21T23:15:00Z,2026-07-22T01:15:00+0200,294.36,EUR/MWh,DK1,DK_1,imbalance_price,Short,2026-07-30T07:28:36Z
2026-07-30T07:25:17Z,2026-07-30T09:25:17+0200,e73b670a-bc29-4bfc-b6f4-93c290a4d3ee,2026-07-21T23:30:00Z,2026-07-22T01:30:00+0200,468.2,EUR/MWh,DK1,DK_1,imbalance_price,Long,2026-07-30T07:28:36Z
2026-07-30T07:25:17Z,2026-07-30T09:25:17+0200,e73b670a-bc29-4bfc-b6f4-93c290a4d3ee,2026-07-21T23:30:00Z,2026-07-22T01:30:00+0200,468.2,EUR/MWh,DK1,DK_1,imbalance_price,Short,2026-07-30T07:28:36Z
2026-07-30T07:25:17Z,2026-07-30T09:25:17+0200,e73b670a-bc29-4bfc-b6f4-93c290a4d3ee,2026-07-21T23:45:00Z,2026-07-22T01:45:00+0200,72.96,EUR/MWh,DK1,DK_1,imbalance_price,Long,2026-07-30T07:28:36Z
2026-07-30T07:25:17Z,2026-07-30T09:25:17+0200,e73b670a-bc29-4bfc-b6f4-93c290a4d3ee,2026-07-21T23:45:00Z,2026-07-22T01:45:00+0200,72.96,EUR/MWh,DK1,DK_1,imbalance_price,Short,2026-07-30T07:28:36Z
2026-07-30T07:25:17Z,2026-07-30T09:25:17+0200,e73b670a-bc29-4bfc-b6f4-93c290a4d3ee,2026-07-22T00:00:00Z,2026-07-22T02:00:00+0200,124.31,EUR/MWh,DK1,DK_1,imbalance_price,Long,2026-07-30T07:28:36Z
2026-07-30T07:25:17Z,2026-07-30T09:25:17+0200,e73b670a-bc29-4bfc-b6f4-93c290a4d3ee,2026-07-22T00:00:00Z,2026-07-22T02:00:00+0200,124.31,EUR/MWh,DK1,DK_1,imbalance_price,Short,2026-07-30T07:28:36Z
2026-07-30T07:25:17Z,2026-07-30T09:25:17+0200,e73b670a-bc29-4bfc-b6f4-93c290a4d3ee,2026-07-22T00:15:00Z,2026-07-22T02:15:00+0200,123.61,EUR/MWh,DK1,DK_1,imbalance_price,Long,2026-07-30T07:28:36Z
2026-07-30T07:25:17Z,2026-07-30T09:25:17+0200,e73b670a-bc29-4bfc-b6f4-93c290a4d3ee,2026-07-22T00:15:00Z,2026-07-22T02:15:00+0200,123.61,EUR/MWh,DK1,DK_1,imbalance_price,Short,2026-07-30T07:28:36Z
2026-07-30T07:25:17Z,2026-07-30T09:25:17+0200,e73b670a-bc29-4bfc-b6f4-93c290a4d3ee,2026-07-22T00:30:00Z,2026-07-22T02:30:00+0200,123.66,EUR/MWh,DK1,DK_1,imbalance_price,Long,2026-07-30T07:28:36Z
2026-07-30T07:25:17Z,2026-07-30T09:25:17+0200,e73b670a-bc29-4bfc-b6f4-93c290a4d3ee,2026-07-22T00:30:00Z,2026-07-22T02:30:00+0200,123.66,EUR/MWh,DK1,DK_1,imbalance_price,Short,2026-07-30T07:28:36Z
2026-07-30T07:25:17Z,2026-07-30T09:25:17+0200,e73b670a-bc29-4bfc-b6f4-93c290a4d3ee,2026-07-22T00:45:00Z,2026-07-22T02:45:00+0200,451.78,EUR/MWh,DK1,DK_1,imbalance_price,Long,2026-07-30T07:28:36Z
2026-07-30T07:25:17Z,2026-07-30T09:25:17+0200,e73b670a-bc29-4bfc-b6f4-93c290a4d3ee,2026-07-22T00:45:00Z,2026-07-22T02:45:00+0200,451.78,EUR/MWh,DK1,DK_1,imbalance_price,Short,2026-07-30T07:28:36Z
2026-07-30T07:25:17Z,2026-07-30T09:25:17+0200,e73b670a-bc29-4bfc-b6f4-93c290a4d3ee,2026-07-22T01:00:00Z,2026-07-22T03:00:00+0200,119.94,EUR/MWh,DK1,DK_1,imbalance_price,Long,2026-07-30T07:28:36Z
2026-07-30T07:25:17Z,2026-07-30T09:25:17+0200,e73b670a-bc29-4bfc-b6f4-93c290a4d3ee,2026-07-22T01:00:00Z,2026-07-22T03:00:00+0200,119.94,EUR/MWh,DK1,DK_1,imbalance_price,Short,2026-07-30T07:28:36Z
2026-07-30T07:25:17Z,2026-07-30T09:25:17+0200,e73b670a-bc29-4bfc-b6f4-93c290a4d3ee,2026-07-22T01:15:00Z,2026-07-22T03:15:00+0200,5.28,EUR/MWh,DK1,DK_1,imbalance_price,Long,2026-07-30T07:28:36Z
2026-07-30T07:25:17Z,2026-07-30T09:25:17+0200,e73b670a-bc29-4bfc-b6f4-93c290a4d3ee,2026-07-22T01:15:00Z,2026-07-22T03:15:00+0200,5.28,EUR/MWh,DK1,DK_1,imbalance_price,Short,2026-07-30T07:28:36Z
2026-07-30T07:25:17Z,2026-07-30T09:25:17+0200,e73b670a-bc29-4bfc-b6f4-93c290a4d3ee,2026-07-22T01:30:00Z,2026-07-22T03:30:00+0200,119.69,EUR/MWh,DK1,DK_1,imbalance_price,Long,2026-07-30T07:28:36Z
2026-07-30T07:25:17Z,2026-07-30T09:25:17+0200,e73b670a-bc29-4bfc-b6f4-93c290a4d3ee,2026-07-22T01:30:00Z,2026-07-22T03:30:00+0200,119.69,EUR/MWh,DK1,DK_1,imbalance_price,Short,2026-07-30T07:28:36Z
2026-07-30T07:25:17Z,2026-07-30T09:25:17+0200,e73b670a-bc29-4bfc-b6f4-93c290a4d3ee,2026-07-22T01:45:00Z,2026-07-22T03:45:00+0200,161.03,EUR/MWh,DK1,DK_1,imbalance_price,Long,2026-07-30T07:28:36Z
2026-07-30T07:25:17Z,2026-07-30T09:25:17+0200,e73b670a-bc29-4bfc-b6f4-93c290a4d3ee,2026-07-22T01:45:00Z,2026-07-22T03:45:00+0200,161.03,EUR/MWh,DK1,DK_1,imbalance_price,Short,2026-07-30T07:28:36Z
2026-07-30T07:25:17Z,2026-07-30T09:25:17+0200,e73b670a-bc29-4bfc-b6f4-93c290a4d3ee,2026-07-22T02:00:00Z,2026-07-22T04:00:00+0200,108.7,EUR/MWh,DK1,DK_1,imbalance_price,Long,2026-07-30T07:28:36Z
2026-07-30T07:25:17Z,2026-07-30T09:25:17+0200,e73b670a-bc29-4bfc-b6f4-93c290a4d3ee,2026-07-22T02:00:00Z,2026-07-22T04:00:00+0200,108.7,EUR/MWh,DK1,DK_1,imbalance_price,Short,2026-07-30T07:28:36Z
2026-07-30T07:25:17Z,2026-07-30T09:25:17+0200,e73b670a-bc29-4bfc-b6f4-93c290a4d3ee,2026-07-22T02:15:00Z,2026-07-22T04:15:00+0200,92.51,EUR/MWh,DK1,DK_1,imbalance_price,Long,2026-07-30T07:28:36Z
2026-07-30T07:25:17Z,2026-07-30T09:25:17+0200,e73b670a-bc29-4bfc-b6f4-93c290a4d3ee,2026-07-22T02:15:00Z,2026-07-22T04:15:00+0200,92.51,EUR/MWh,DK1,DK_1,imbalance_price,Short,2026-07-30T07:28:36Z
2026-07-30T07:25:17Z,2026-07-30T09:25:17+0200,e73b670a-bc29-4bfc-b6f4-93c290a4d3ee,2026-07-22T02:30:00Z,2026-07-22T04:30:00+0200,116.87,EUR/MWh,DK1,DK_1,imbalance_price,Long,2026-07-30T07:28:36Z
2026-07-30T07:25:17Z,2026-07-30T09:25:17+0200,e73b670a-bc29-4bfc-b6f4-93c290a4d3ee,2026-07-22T02:30:00Z,2026-07-22T04:30:00+0200,116.87,EUR/MWh,DK1,DK_1,imbalance_price,Short,2026-07-30T07:28:36Z
2026-07-30T07:25:17Z,2026-07-30T09:25:17+0200,e73b670a-bc29-4bfc-b6f4-93c290a4d3ee,2026-07-22T02:45:00Z,2026-07-22T04:45:00+0200,116.93,EUR/MWh,DK1,DK_1,imbalance_price,Long,2026-07-30T07:28:36Z
2026-07-30T07:25:17Z,2026-07-30T09:25:17+0200,e73b670a-bc29-4bfc-b6f4-93c290a4d3ee,2026-07-22T02:45:00Z,2026-07-22T04:45:00+0200,116.93,EUR/MWh,DK1,DK_1,imbalance_price,Short,2026-07-30T07:28:36Z
2026-07-30T07:25:17Z,2026-07-30T09:25:17+0200,e73b670a-bc29-4bfc-b6f4-93c290a4d3ee,2026-07-22T03:00:00Z,2026-07-22T05:00:00+0200,92.51,EUR/MWh,DK1,DK_1,imbalance_price,Long,2026-07-30T07:28:36Z
2026-07-30T07:25:17Z,2026-07-30T09:25:17+0200,e73b670a-bc29-4bfc-b6f4-93c290a4d3ee,2026-07-22T03:00:00Z,2026-07-22T05:00:00+0200,92.51,EUR/MWh,DK1,DK_1,imbalance_price,Short,2026-07-30T07:28:36Z
2026-07-30T07:25:17Z,2026-07-30T09:25:17+0200,e73b670a-bc29-4bfc-b6f4-93c290a4d3ee,2026-07-22T03:15:00Z,2026-07-22T05:15:00+0200,90.01,EUR/MWh,DK1,DK_1,imbalance_price,Long,2026-07-30T07:28:36Z
2026-07-30T07:25:17Z,2026-07-30T09:25:17+0200,e73b670a-bc29-4bfc-b6f4-93c290a4d3ee,2026-07-22T03:15:00Z,2026-07-22T05:15:00+0200,90.01,EUR/MWh,DK1,DK_1,imbalance_price,Short,2026-07-30T07:28:36Z
2026-07-30T07:25:17Z,2026-07-30T09:25:17+0200,e73b670a-bc29-4bfc-b6f4-93c290a4d3ee,2026-07-22T03:30:00Z,2026-07-22T05:30:00+0200,140.0,EUR/MWh,DK1,DK_1,imbalance_price,Long,2026-07-30T07:28:36Z
2026-07-30T07:25:17Z,2026-07-30T09:25:17+0200,e73b670a-bc29-4bfc-b6f4-93c290a4d3ee,2026-07-22T03:30:00Z,2026-07-22T05:30:00+0200,140.0,EUR/MWh,DK1,DK_1,imbalance_price,Short,2026-07-30T07:28:36Z
2026-07-30T07:25:17Z,2026-07-30T09:25:17+0200,e73b670a-bc29-4bfc-b6f4-93c290a4d3ee,2026-07-22T03:45:00Z,2026-07-22T05:45:00+0200,210.68,EUR/MWh,DK1,DK_1,imbalance_price,Long,2026-07-30T07:28:36Z
2026-07-30T07:25:17Z,2026-07-30T09:25:17+0200,e73b670a-bc29-4bfc-b6f4-93c290a4d3ee,2026-07-22T03:45:00Z,2026-07-22T05:45:00+0200,210.68,EUR/MWh,DK1,DK_1,imbalance_price,Short,2026-07-30T07:28:36Z
2026-07-30T07:25:17Z,2026-07-30T09:25:17+0200,e73b670a-bc29-4bfc-b6f4-93c290a4d3ee,2026-07-22T04:00:00Z,2026-07-22T06:00:00+0200,193.58,EUR/MWh,DK1,DK_1,imbalance_price,Long,2026-07-30T07:28:36Z
2026-07-30T07:25:17Z,2026-07-30T09:25:17+0200,e73b670a-bc29-4bfc-b6f4-93c290a4d3ee,2026-07-22T04:00:00Z,2026-07-22T06:00:00+0200,193.58,EUR/MWh,DK1,DK_1,imbalance_price,Short,2026-07-30T07:28:36Z
2026-07-30T07:25:17Z,2026-07-30T09:25:17+0200,e73b670a-bc29-4bfc-b6f4-93c290a4d3ee,2026-07-22T04:15:00Z,2026-07-22T06:15:00+0200,187.28,EUR/MWh,DK1,DK_1,imbalance_price,Long,2026-07-30T07:28:36Z
2026-07-30T07:25:17Z,2026-07-30T09:25:17+0200,e73b670a-bc29-4bfc-b6f4-93c290a4d3ee,2026-07-22T04:15:00Z,2026-07-22T06:15:00+0200,187.28,EUR/MWh,DK1,DK_1,imbalance_price,Short,2026-07-30T07:28:36Z
2026-07-30T07:25:17Z,2026-07-30T09:25:17+0200,e73b670a-bc29-4bfc-b6f4-93c290a4d3ee,2026-07-22T04:30:00Z,2026-07-22T06:30:00+0200,185.13,EUR/MWh,DK1,DK_1,imbalance_price,Long,2026-07-30T07:28:36Z
2026-07-30T07:25:17Z,2026-07-30T09:25:17+0200,e73b670a-bc29-4bfc-b6f4-93c290a4d3ee,2026-07-22T04:30:00Z,2026-07-22T06:30:00+0200,185.13,EUR/MWh,DK1,DK_1,imbalance_price,Short,2026-07-30T07:28:36Z
2026-07-30T07:25:17Z,2026-07-30T09:25:17+0200,e73b670a-bc29-4bfc-b6f4-93c290a4d3ee,2026-07-22T04:45:00Z,2026-07-22T06:45:00+0200,194.69,EUR/MWh,DK1,DK_1,imbalance_price,Long,2026-07-30T07:28:36Z
2026-07-30T07:25:17Z,2026-07-30T09:25:17+0200,e73b670a-bc29-4bfc-b6f4-93c290a4d3ee,2026-07-22T04:45:00Z,2026-07-22T06:45:00+0200,194.69,EUR/MWh,DK1,DK_1,imbalance_price,Short,2026-07-30T07:28:36Z
2026-07-30T07:25:17Z,2026-07-30T09:25:17+0200,e73b670a-bc29-4bfc-b6f4-93c290a4d3ee,2026-07-22T05:00:00Z,2026-07-22T07:00:00+0200,200.59,EUR/MWh,DK1,DK_1,imbalance_price,Long,2026-07-30T07:28:36Z
2026-07-30T07:25:17Z,2026-07-30T09:25:17+0200,e73b670a-bc29-4bfc-b6f4-93c290a4d3ee,2026-07-22T05:00:00Z,2026-07-22T07:00:00+0200,200.59,EUR/MWh,DK1,DK_1,imbalance_price,Short,2026-07-30T07:28:36Z
2026-07-30T07:25:17Z,2026-07-30T09:25:17+0200,e73b670a-bc29-4bfc-b6f4-93c290a4d3ee,2026-07-22T05:15:00Z,2026-07-22T07:15:00+0200,185.46,EUR/MWh,DK1,DK_1,imbalance_price,Long,2026-07-30T07:28:36Z
2026-07-30T07:25:17Z,2026-07-30T09:25:17+0200,e73b670a-bc29-4bfc-b6f4-93c290a4d3ee,2026-07-22T05:15:00Z,2026-07-22T07:15:00+0200,185.46,EUR/MWh,DK1,DK_1,imbalance_price,Short,2026-07-30T07:28:36Z
2026-07-30T07:25:17Z,2026-07-30T09:25:17+0200,e73b670a-bc29-4bfc-b6f4-93c290a4d3ee,2026-07-22T05:30:00Z,2026-07-22T07:30:00+0200,210.68,EUR/MWh,DK1,DK_1,imbalance_price,Long,2026-07-30T07:28:36Z
2026-07-30T07:25:17Z,2026-07-30T09:25:17+0200,e73b670a-bc29-4bfc-b6f4-93c290a4d3ee,2026-07-22T05:30:00Z,2026-07-22T07:30:00+0200,210.68,EUR/MWh,DK1,DK_1,imbalance_price,Short,2026-07-30T07:28:36Z
2026-07-30T07:25:17Z,2026-07-30T09:25:17+0200,e73b670a-bc29-4bfc-b6f4-93c290a4d3ee,2026-07-22T05:45:00Z,2026-07-22T07:45:00+0200,212.58,EUR/MWh,DK1,DK_1,imbalance_price,Long,2026-07-30T07:28:36Z
2026-07-30T07:25:17Z,2026-07-30T09:25:17+0200,e73b670a-bc29-4bfc-b6f4-93c290a4d3ee,2026-07-22T05:45:00Z,2026-07-22T07:45:00+0200,212.58,EUR/MWh,DK1,DK_1,imbalance_price,Short,2026-07-30T07:28:36Z
2026-07-30T07:25:17Z,2026-07-30T09:25:17+0200,e73b670a-bc29-4bfc-b6f4-93c290a4d3ee,2026-07-22T06:00:00Z,2026-07-22T08:00:00+0200,156.23,EUR/MWh,DK1,DK_1,imbalance_price,Long,2026-07-30T07:28:36Z
2026-07-30T07:25:17Z,2026-07-30T09:25:17+0200,e73b670a-bc29-4bfc-b6f4-93c290a4d3ee,2026-07-22T06:00:00Z,2026-07-22T08:00:00+0200,156.23,EUR/MWh,DK1,DK_1,imbalance_price,Short,2026-07-30T07:28:36Z
2026-07-30T07:25:17Z,2026-07-30T09:25:17+0200,e73b670a-bc29-4bfc-b6f4-93c290a4d3ee,2026-07-22T06:15:00Z,2026-07-22T08:15:00+0200,171.78,EUR/MWh,DK1,DK_1,imbalance_price,Long,2026-07-30T07:28:36Z
2026-07-30T07:25:17Z,2026-07-30T09:25:17+0200,e73b670a-bc29-4bfc-b6f4-93c290a4d3ee,2026-07-22T06:15:00Z,2026-07-22T08:15:00+0200,171.78,EUR/MWh,DK1,DK_1,imbalance_price,Short,2026-07-30T07:28:36Z
2026-07-30T07:25:17Z,2026-07-30T09:25:17+0200,e73b670a-bc29-4bfc-b6f4-93c290a4d3ee,2026-07-22T06:30:00Z,2026-07-22T08:30:00+0200,20.78,EUR/MWh,DK1,DK_1,imbalance_price,Long,2026-07-30T07:28:36Z
2026-07-30T07:25:17Z,2026-07-30T09:25:17+0200,e73b670a-bc29-4bfc-b6f4-93c290a4d3ee,2026-07-22T06:30:00Z,2026-07-22T08:30:00+0200,20.78,EUR/MWh,DK1,DK_1,imbalance_price,Short,2026-07-30T07:28:36Z
2026-07-30T07:25:17Z,2026-07-30T09:25:17+0200,e73b670a-bc29-4bfc-b6f4-93c290a4d3ee,2026-07-22T06:45:00Z,2026-07-22T08:45:00+0200,106.48,EUR/MWh,DK1,DK_1,imbalance_price,Long,2026-07-30T07:28:36Z
2026-07-30T07:25:17Z,2026-07-30T09:25:17+0200,e73b670a-bc29-4bfc-b6f4-93c290a4d3ee,2026-07-22T06:45:00Z,2026-07-22T08:45:00+0200,106.48,EUR/MWh,DK1,DK_1,imbalance_price,Short,2026-07-30T07:28:36Z
2026-07-30T07:25:17Z,2026-07-30T09:25:17+0200,e73b670a-bc29-4bfc-b6f4-93c290a4d3ee,2026-07-22T07:00:00Z,2026-07-22T09:00:00+0200,113.89,EUR/MWh,DK1,DK_1,imbalance_price,Long,2026-07-30T07:28:36Z
2026-07-30T07:25:17Z,2026-07-30T09:25:17+0200,e73b670a-bc29-4bfc-b6f4-93c290a4d3ee,2026-07-22T07:00:00Z,2026-07-22T09:00:00+0200,113.89,EUR/MWh,DK1,DK_1,imbalance_price,Short,2026-07-30T07:28:36Z
2026-07-30T07:25:17Z,2026-07-30T09:25:17+0200,e73b670a-bc29-4bfc-b6f4-93c290a4d3ee,2026-07-22T07:15:00Z,2026-07-22T09:15:00+0200,102.35,EUR/MWh,DK1,DK_1,imbalance_price,Long,2026-07-30T07:28:36Z
2026-07-30T07:25:17Z,2026-07-30T09:25:17+0200,e73b670a-bc29-4bfc-b6f4-93c290a4d3ee,2026-07-22T07:15:00Z,2026-07-22T09:15:00+0200,102.35,EUR/MWh,DK1,DK_1,imbalance_price,Short,2026-07-30T07:28:36Z
2026-07-30T07:25:17Z,2026-07-30T09:25:17+0200,e73b670a-bc29-4bfc-b6f4-93c290a4d3ee,2026-07-22T07:30:00Z,2026-07-22T09:30:00+0200,86.25,EUR/MWh,DK1,DK_1,imbalance_price,Long,2026-07-30T07:28:36Z
2026-07-30T07:25:17Z,2026-07-30T09:25:17+0200,e73b670a-bc29-4bfc-b6f4-93c290a4d3ee,2026-07-22T07:30:00Z,2026-07-22T09:30:00+0200,86.25,EUR/MWh,DK1,DK_1,imbalance_price,Short,2026-07-30T07:28:36Z
2026-07-30T07:25:17Z,2026-07-30T09:25:17+0200,e73b670a-bc29-4bfc-b6f4-93c290a4d3ee,2026-07-22T07:45:00Z,2026-07-22T09:45:00+0200,59.0,EUR/MWh,DK1,DK_1,imbalance_price,Long,2026-07-30T07:28:36Z
2026-07-30T07:25:17Z,2026-07-30T09:25:17+0200,e73b670a-bc29-4bfc-b6f4-93c290a4d3ee,2026-07-22T07:45:00Z,2026-07-22T09:45:00+0200,59.0,EUR/MWh,DK1,DK_1,imbalance_price,Short,2026-07-30T07:28:36Z
2026-07-30T07:25:17Z,2026-07-30T09:25:17+0200,e73b670a-bc29-4bfc-b6f4-93c290a4d3ee,2026-07-22T08:00:00Z,2026-07-22T10:00:00+0200,8.55,EUR/MWh,DK1,DK_1,imbalance_price,Long,2026-07-30T07:28:36Z
2026-07-30T07:25:17Z,2026-07-30T09:25:17+0200,e73b670a-bc29-4bfc-b6f4-93c290a4d3ee,2026-07-22T08:00:00Z,2026-07-22T10:00:00+0200,8.55,EUR/MWh,DK1,DK_1,imbalance_price,Short,2026-07-30T07:28:36Z
2026-07-30T07:25:17Z,2026-07-30T09:25:17+0200,e73b670a-bc29-4bfc-b6f4-93c290a4d3ee,2026-07-22T08:15:00Z,2026-07-22T10:15:00+0200,213.73,EUR/MWh,DK1,DK_1,imbalance_price,Long,2026-07-30T07:28:36Z
2026-07-30T07:25:17Z,2026-07-30T09:25:17+0200,e73b670a-bc29-4bfc-b6f4-93c290a4d3ee,2026-07-22T08:15:00Z,2026-07-22T10:15:00+0200,213.73,EUR/MWh,DK1,DK_1,imbalance_price,Short,2026-07-30T07:28:36Z
2026-07-30T07:25:17Z,2026-07-30T09:25:17+0200,e73b670a-bc29-4bfc-b6f4-93c290a4d3ee,2026-07-22T08:30:00Z,2026-07-22T10:30:00+0200,59.4,EUR/MWh,DK1,DK_1,imbalance_price,Long,2026-07-30T07:28:36Z
2026-07-30T07:25:17Z,2026-07-30T09:25:17+0200,e73b670a-bc29-4bfc-b6f4-93c290a4d3ee,2026-07-22T08:30:00Z,2026-07-22T10:30:00+0200,59.4,EUR/MWh,DK1,DK_1,imbalance_price,Short,2026-07-30T07:28:36Z
2026-07-30T07:25:17Z,2026-07-30T09:25:17+0200,e73b670a-bc29-4bfc-b6f4-93c290a4d3ee,2026-07-22T08:45:00Z,2026-07-22T10:45:00+0200,-15.47,EUR/MWh,DK1,DK_1,imbalance_price,Long,2026-07-30T07:28:36Z
2026-07-30T07:25:17Z,2026-07-30T09:25:17+0200,e73b670a-bc29-4bfc-b6f4-93c290a4d3ee,2026-07-22T08:45:00Z,2026-07-22T10:45:00+0200,-15.47,EUR/MWh,DK1,DK_1,imbalance_price,Short,2026-07-30T07:28:36Z
2026-07-30T07:25:17Z,2026-07-30T09:25:17+0200,e73b670a-bc29-4bfc-b6f4-93c290a4d3ee,2026-07-22T09:00:00Z,2026-07-22T11:00:00+0200,-16.6,EUR/MWh,DK1,DK_1,imbalance_price,Long,2026-07-30T07:28:36Z
2026-07-30T07:25:17Z,2026-07-30T09:25:17+0200,e73b670a-bc29-4bfc-b6f4-93c290a4d3ee,2026-07-22T09:00:00Z,2026-07-22T11:00:00+0200,-16.6,EUR/MWh,DK1,DK_1,imbalance_price,Short,2026-07-30T07:28:36Z
2026-07-30T07:25:17Z,2026-07-30T09:25:17+0200,e73b670a-bc29-4bfc-b6f4-93c290a4d3ee,2026-07-22T09:15:00Z,2026-07-22T11:15:00+0200,-3.24,EUR/MWh,DK1,DK_1,imbalance_price,Long,2026-07-30T07:28:36Z
2026-07-30T07:25:17Z,2026-07-30T09:25:17+0200,e73b670a-bc29-4bfc-b6f4-93c290a4d3ee,2026-07-22T09:15:00Z,2026-07-22T11:15:00+0200,-3.24,EUR/MWh,DK1,DK_1,imbalance_price,Short,2026-07-30T07:28:36Z
2026-07-30T07:25:17Z,2026-07-30T09:25:17+0200,e73b670a-bc29-4bfc-b6f4-93c290a4d3ee,2026-07-22T09:30:00Z,2026-07-22T11:30:00+0200,-7.54,EUR/MWh,DK1,DK_1,imbalance_price,Long,2026-07-30T07:28:36Z
2026-07-30T07:25:17Z,2026-07-30T09:25:17+0200,e73b670a-bc29-4bfc-b6f4-93c290a4d3ee,2026-07-22T09:30:00Z,2026-07-22T11:30:00+0200,-7.54,EUR/MWh,DK1,DK_1,imbalance_price,Short,2026-07-30T07:28:36Z
2026-07-30T07:25:17Z,2026-07-30T09:25:17+0200,e73b670a-bc29-4bfc-b6f4-93c290a4d3ee,2026-07-22T09:45:00Z,2026-07-22T11:45:00+0200,18.0,EUR/MWh,DK1,DK_1,imbalance_price,Long,2026-07-30T07:28:36Z
2026-07-30T07:25:17Z,2026-07-30T09:25:17+0200,e73b670a-bc29-4bfc-b6f4-93c290a4d3ee,2026-07-22T09:45:00Z,2026-07-22T11:45:00+0200,18.0,EUR/MWh,DK1,DK_1,imbalance_price,Short,2026-07-30T07:28:36Z
2026-07-30T07:25:17Z,2026-07-30T09:25:17+0200,e73b670a-bc29-4bfc-b6f4-93c290a4d3ee,2026-07-22T10:00:00Z,2026-07-22T12:00:00+0200,22.61,EUR/MWh,DK1,DK_1,imbalance_price,Long,2026-07-30T07:28:36Z
2026-07-30T07:25:17Z,2026-07-30T09:25:17+0200,e73b670a-bc29-4bfc-b6f4-93c290a4d3ee,2026-07-22T10:00:00Z,2026-07-22T12:00:00+0200,22.61,EUR/MWh,DK1,DK_1,imbalance_price,Short,2026-07-30T07:28:36Z
2026-07-30T07:25:17Z,2026-07-30T09:25:17+0200,e73b670a-bc29-4bfc-b6f4-93c290a4d3ee,2026-07-22T10:15:00Z,2026-07-22T12:15:00+0200,43.48,EUR/MWh,DK1,DK_1,imbalance_price,Long,2026-07-30T07:28:36Z
2026-07-30T07:25:17Z,2026-07-30T09:25:17+0200,e73b670a-bc29-4bfc-b6f4-93c290a4d3ee,2026-07-22T10:15:00Z,2026-07-22T12:15:00+0200,43.48,EUR/MWh,DK1,DK_1,imbalance_price,Short,2026-07-30T07:28:36Z
2026-07-30T07:25:17Z,2026-07-30T09:25:17+0200,e73b670a-bc29-4bfc-b6f4-93c290a4d3ee,2026-07-22T10:30:00Z,2026-07-22T12:30:00+0200,9.09,EUR/MWh,DK1,DK_1,imbalance_price,Long,2026-07-30T07:28:36Z
2026-07-30T07:25:17Z,2026-07-30T09:25:17+0200,e73b670a-bc29-4bfc-b6f4-93c290a4d3ee,2026-07-22T10:30:00Z,2026-07-22T12:30:00+0200,9.09,EUR/MWh,DK1,DK_1,imbalance_price,Short,2026-07-30T07:28:36Z
2026-07-30T07:25:17Z,2026-07-30T09:25:17+0200,e73b670a-bc29-4bfc-b6f4-93c290a4d3ee,2026-07-22T10:45:00Z,2026-07-22T12:45:00+0200,5.47,EUR/MWh,DK1,DK_1,imbalance_price,Long,2026-07-30T07:28:36Z
2026-07-30T07:25:17Z,2026-07-30T09:25:17+0200,e73b670a-bc29-4bfc-b6f4-93c290a4d3ee,2026-07-22T10:45:00Z,2026-07-22T12:45:00+0200,5.47,EUR/MWh,DK1,DK_1,imbalance_price,Short,2026-07-30T07:28:36Z
2026-07-30T07:25:17Z,2026-07-30T09:25:17+0200,e73b670a-bc29-4bfc-b6f4-93c290a4d3ee,2026-07-22T11:00:00Z,2026-07-22T13:00:00+0200,15.32,EUR/MWh,DK1,DK_1,imbalance_price,Long,2026-07-30T07:28:36Z
2026-07-30T07:25:17Z,2026-07-30T09:25:17+0200,e73b670a-bc29-4bfc-b6f4-93c290a4d3ee,2026-07-22T11:00:00Z,2026-07-22T13:00:00+0200,15.32,EUR/MWh,DK1,DK_1,imbalance_price,Short,2026-07-30T07:28:36Z
2026-07-30T07:25:17Z,2026-07-30T09:25:17+0200,e73b670a-bc29-4bfc-b6f4-93c290a4d3ee,2026-07-22T11:15:00Z,2026-07-22T13:15:00+0200,21.1,EUR/MWh,DK1,DK_1,imbalance_price,Long,2026-07-30T07:28:36Z
2026-07-30T07:25:17Z,2026-07-30T09:25:17+0200,e73b670a-bc29-4bfc-b6f4-93c290a4d3ee,2026-07-22T11:15:00Z,2026-07-22T13:15:00+0200,21.1,EUR/MWh,DK1,DK_1,imbalance_price,Short,2026-07-30T07:28:36Z
2026-07-30T07:25:17Z,2026-07-30T09:25:17+0200,e73b670a-bc29-4bfc-b6f4-93c290a4d3ee,2026-07-22T11:30:00Z,2026-07-22T13:30:00+0200,5.3,EUR/MWh,DK1,DK_1,imbalance_price,Long,2026-07-30T07:28:36Z
2026-07-30T07:25:17Z,2026-07-30T09:25:17+0200,e73b670a-bc29-4bfc-b6f4-93c290a4d3ee,2026-07-22T11:30:00Z,2026-07-22T13:30:00+0200,5.3,EUR/MWh,DK1,DK_1,imbalance_price,Short,2026-07-30T07:28:36Z
2026-07-30T07:25:17Z,2026-07-30T09:25:17+0200,e73b670a-bc29-4bfc-b6f4-93c290a4d3ee,2026-07-22T11:45:00Z,2026-07-22T13:45:00+0200,1.34,EUR/MWh,DK1,DK_1,imbalance_price,Long,2026-07-30T07:28:36Z
2026-07-30T07:25:17Z,2026-07-30T09:25:17+0200,e73b670a-bc29-4bfc-b6f4-93c290a4d3ee,2026-07-22T11:45:00Z,2026-07-22T13:45:00+0200,1.34,EUR/MWh,DK1,DK_1,imbalance_price,Short,2026-07-30T07:28:36Z
2026-07-30T07:25:17Z,2026-07-30T09:25:17+0200,e73b670a-bc29-4bfc-b6f4-93c290a4d3ee,2026-07-22T12:00:00Z,2026-07-22T14:00:00+0200,-8.51,EUR/MWh,DK1,DK_1,imbalance_price,Long,2026-07-30T07:28:36Z
2026-07-30T07:25:17Z,2026-07-30T09:25:17+0200,e73b670a-bc29-4bfc-b6f4-93c290a4d3ee,2026-07-22T12:00:00Z,2026-07-22T14:00:00+0200,-8.51,EUR/MWh,DK1,DK_1,imbalance_price,Short,2026-07-30T07:28:36Z
2026-07-30T07:25:17Z,2026-07-30T09:25:17+0200,e73b670a-bc29-4bfc-b6f4-93c290a4d3ee,2026-07-22T12:15:00Z,2026-07-22T14:15:00+0200,-10.0,EUR/MWh,DK1,DK_1,imbalance_price,Long,2026-07-30T07:28:36Z
2026-07-30T07:25:17Z,2026-07-30T09:25:17+0200,e73b670a-bc29-4bfc-b6f4-93c290a4d3ee,2026-07-22T12:15:00Z,2026-07-22T14:15:00+0200,-10.0,EUR/MWh,DK1,DK_1,imbalance_price,Short,2026-07-30T07:28:36Z
2026-07-30T07:25:17Z,2026-07-30T09:25:17+0200,e73b670a-bc29-4bfc-b6f4-93c290a4d3ee,2026-07-22T12:30:00Z,2026-07-22T14:30:00+0200,2.04,EUR/MWh,DK1,DK_1,imbalance_price,Long,2026-07-30T07:28:36Z
2026-07-30T07:25:17Z,2026-07-30T09:25:17+0200,e73b670a-bc29-4bfc-b6f4-93c290a4d3ee,2026-07-22T12:30:00Z,2026-07-22T14:30:00+0200,2.04,EUR/MWh,DK1,DK_1,imbalance_price,Short,2026-07-30T07:28:36Z
2026-07-30T07:25:17Z,2026-07-30T09:25:17+0200,e73b670a-bc29-4bfc-b6f4-93c290a4d3ee,2026-07-22T12:45:00Z,2026-07-22T14:45:00+0200,-26.83,EUR/MWh,DK1,DK_1,imbalance_price,Long,2026-07-30T07:28:36Z
2026-07-30T07:25:17Z,2026-07-30T09:25:17+0200,e73b670a-bc29-4bfc-b6f4-93c290a4d3ee,2026-07-22T12:45:00Z,2026-07-22T14:45:00+0200,-26.83,EUR/MWh,DK1,DK_1,imbalance_price,Short,2026-07-30T07:28:36Z
2026-07-30T07:25:17Z,2026-07-30T09:25:17+0200,e73b670a-bc29-4bfc-b6f4-93c290a4d3ee,2026-07-22T13:00:00Z,2026-07-22T15:00:00+0200,-11.17,EUR/MWh,DK1,DK_1,imbalance_price,Long,2026-07-30T07:28:36Z
2026-07-30T07:25:17Z,2026-07-30T09:25:17+0200,e73b670a-bc29-4bfc-b6f4-93c290a4d3ee,2026-07-22T13:00:00Z,2026-07-22T15:00:00+0200,-11.17,EUR/MWh,DK1,DK_1,imbalance_price,Short,2026-07-30T07:28:36Z
2026-07-30T07:25:17Z,2026-07-30T09:25:17+0200,e73b670a-bc29-4bfc-b6f4-93c290a4d3ee,2026-07-22T13:15:00Z,2026-07-22T15:15:00+0200,-25.57,EUR/MWh,DK1,DK_1,imbalance_price,Long,2026-07-30T07:28:36Z
2026-07-30T07:25:17Z,2026-07-30T09:25:17+0200,e73b670a-bc29-4bfc-b6f4-93c290a4d3ee,2026-07-22T13:15:00Z,2026-07-22T15:15:00+0200,-25.57,EUR/MWh,DK1,DK_1,imbalance_price,Short,2026-07-30T07:28:36Z
2026-07-30T07:25:17Z,2026-07-30T09:25:17+0200,e73b670a-bc29-4bfc-b6f4-93c290a4d3ee,2026-07-22T13:30:00Z,2026-07-22T15:30:00+0200,-54.97,EUR/MWh,DK1,DK_1,imbalance_price,Long,2026-07-30T07:28:36Z
2026-07-30T07:25:17Z,2026-07-30T09:25:17+0200,e73b670a-bc29-4bfc-b6f4-93c290a4d3ee,2026-07-22T13:30:00Z,2026-07-22T15:30:00+0200,-54.97,EUR/MWh,DK1,DK_1,imbalance_price,Short,2026-07-30T07:28:36Z
2026-07-30T07:25:17Z,2026-07-30T09:25:17+0200,e73b670a-bc29-4bfc-b6f4-93c290a4d3ee,2026-07-22T13:45:00Z,2026-07-22T15:45:00+0200,-25.68,EUR/MWh,DK1,DK_1,imbalance_price,Long,2026-07-30T07:28:36Z
2026-07-30T07:25:17Z,2026-07-30T09:25:17+0200,e73b670a-bc29-4bfc-b6f4-93c290a4d3ee,2026-07-22T13:45:00Z,2026-07-22T15:45:00+0200,-25.68,EUR/MWh,DK1,DK_1,imbalance_price,Short,2026-07-30T07:28:36Z
2026-07-30T07:25:17Z,2026-07-30T09:25:17+0200,e73b670a-bc29-4bfc-b6f4-93c290a4d3ee,2026-07-22T14:00:00Z,2026-07-22T16:00:00+0200,42.8,EUR/MWh,DK1,DK_1,imbalance_price,Long,2026-07-30T07:28:36Z
2026-07-30T07:25:17Z,2026-07-30T09:25:17+0200,e73b670a-bc29-4bfc-b6f4-93c290a4d3ee,2026-07-22T14:00:00Z,2026-07-22T16:00:00+0200,42.8,EUR/MWh,DK1,DK_1,imbalance_price,Short,2026-07-30T07:28:36Z
2026-07-30T07:25:17Z,2026-07-30T09:25:17+0200,e73b670a-bc29-4bfc-b6f4-93c290a4d3ee,2026-07-22T14:15:00Z,2026-07-22T16:15:00+0200,6.23,EUR/MWh,DK1,DK_1,imbalance_price,Long,2026-07-30T07:28:36Z
2026-07-30T07:25:17Z,2026-07-30T09:25:17+0200,e73b670a-bc29-4bfc-b6f4-93c290a4d3ee,2026-07-22T14:15:00Z,2026-07-22T16:15:00+0200,6.23,EUR/MWh,DK1,DK_1,imbalance_price,Short,2026-07-30T07:28:36Z
2026-07-30T07:25:17Z,2026-07-30T09:25:17+0200,e73b670a-bc29-4bfc-b6f4-93c290a4d3ee,2026-07-22T14:30:00Z,2026-07-22T16:30:00+0200,48.89,EUR/MWh,DK1,DK_1,imbalance_price,Long,2026-07-30T07:28:36Z
2026-07-30T07:25:17Z,2026-07-30T09:25:17+0200,e73b670a-bc29-4bfc-b6f4-93c290a4d3ee,2026-07-22T14:30:00Z,2026-07-22T16:30:00+0200,48.89,EUR/MWh,DK1,DK_1,imbalance_price,Short,2026-07-30T07:28:36Z
2026-07-30T07:25:17Z,2026-07-30T09:25:17+0200,e73b670a-bc29-4bfc-b6f4-93c290a4d3ee,2026-07-22T14:45:00Z,2026-07-22T16:45:00+0200,23.11,EUR/MWh,DK1,DK_1,imbalance_price,Long,2026-07-30T07:28:36Z
2026-07-30T07:25:17Z,2026-07-30T09:25:17+0200,e73b670a-bc29-4bfc-b6f4-93c290a4d3ee,2026-07-22T14:45:00Z,2026-07-22T16:45:00+0200,23.11,EUR/MWh,DK1,DK_1,imbalance_price,Short,2026-07-30T07:28:36Z
2026-07-30T07:25:17Z,2026-07-30T09:25:17+0200,e73b670a-bc29-4bfc-b6f4-93c290a4d3ee,2026-07-22T15:00:00Z,2026-07-22T17:00:00+0200,5.0,EUR/MWh,DK1,DK_1,imbalance_price,Long,2026-07-30T07:28:36Z
2026-07-30T07:25:17Z,2026-07-30T09:25:17+0200,e73b670a-bc29-4bfc-b6f4-93c290a4d3ee,2026-07-22T15:00:00Z,2026-07-22T17:00:00+0200,5.0,EUR/MWh,DK1,DK_1,imbalance_price,Short,2026-07-30T07:28:36Z
2026-07-30T07:25:17Z,2026-07-30T09:25:17+0200,e73b670a-bc29-4bfc-b6f4-93c290a4d3ee,2026-07-22T15:15:00Z,2026-07-22T17:15:00+0200,60.15,EUR/MWh,DK1,DK_1,imbalance_price,Long,2026-07-30T07:28:36Z
2026-07-30T07:25:17Z,2026-07-30T09:25:17+0200,e73b670a-bc29-4bfc-b6f4-93c290a4d3ee,2026-07-22T15:15:00Z,2026-07-22T17:15:00+0200,60.15,EUR/MWh,DK1,DK_1,imbalance_price,Short,2026-07-30T07:28:36Z
2026-07-30T07:25:17Z,2026-07-30T09:25:17+0200,e73b670a-bc29-4bfc-b6f4-93c290a4d3ee,2026-07-22T15:30:00Z,2026-07-22T17:30:00+0200,-1.0,EUR/MWh,DK1,DK_1,imbalance_price,Long,2026-07-30T07:28:36Z
2026-07-30T07:25:17Z,2026-07-30T09:25:17+0200,e73b670a-bc29-4bfc-b6f4-93c290a4d3ee,2026-07-22T15:30:00Z,2026-07-22T17:30:00+0200,-1.0,EUR/MWh,DK1,DK_1,imbalance_price,Short,2026-07-30T07:28:36Z
2026-07-30T07:25:17Z,2026-07-30T09:25:17+0200,e73b670a-bc29-4bfc-b6f4-93c290a4d3ee,2026-07-22T15:45:00Z,2026-07-22T17:45:00+0200,-32.92,EUR/MWh,DK1,DK_1,imbalance_price,Long,2026-07-30T07:28:36Z
2026-07-30T07:25:17Z,2026-07-30T09:25:17+0200,e73b670a-bc29-4bfc-b6f4-93c290a4d3ee,2026-07-22T15:45:00Z,2026-07-22T17:45:00+0200,-32.92,EUR/MWh,DK1,DK_1,imbalance_price,Short,2026-07-30T07:28:36Z
2026-07-30T07:25:17Z,2026-07-30T09:25:17+0200,e73b670a-bc29-4bfc-b6f4-93c290a4d3ee,2026-07-22T16:00:00Z,2026-07-22T18:00:00+0200,-9.62,EUR/MWh,DK1,DK_1,imbalance_price,Long,2026-07-30T07:28:36Z
2026-07-30T07:25:17Z,2026-07-30T09:25:17+0200,e73b670a-bc29-4bfc-b6f4-93c290a4d3ee,2026-07-22T16:00:00Z,2026-07-22T18:00:00+0200,-9.62,EUR/MWh,DK1,DK_1,imbalance_price,Short,2026-07-30T07:28:36Z
2026-07-30T07:25:17Z,2026-07-30T09:25:17+0200,e73b670a-bc29-4bfc-b6f4-93c290a4d3ee,2026-07-22T16:15:00Z,2026-07-22T18:15:00+0200,102.1,EUR/MWh,DK1,DK_1,imbalance_price,Long,2026-07-30T07:28:36Z
2026-07-30T07:25:17Z,2026-07-30T09:25:17+0200,e73b670a-bc29-4bfc-b6f4-93c290a4d3ee,2026-07-22T16:15:00Z,2026-07-22T18:15:00+0200,102.1,EUR/MWh,DK1,DK_1,imbalance_price,Short,2026-07-30T07:28:36Z
2026-07-30T07:25:17Z,2026-07-30T09:25:17+0200,e73b670a-bc29-4bfc-b6f4-93c290a4d3ee,2026-07-22T16:30:00Z,2026-07-22T18:30:00+0200,146.13,EUR/MWh,DK1,DK_1,imbalance_price,Long,2026-07-30T07:28:36Z
2026-07-30T07:25:17Z,2026-07-30T09:25:17+0200,e73b670a-bc29-4bfc-b6f4-93c290a4d3ee,2026-07-22T16:30:00Z,2026-07-22T18:30:00+0200,146.13,EUR/MWh,DK1,DK_1,imbalance_price,Short,2026-07-30T07:28:36Z
2026-07-30T07:25:17Z,2026-07-30T09:25:17+0200,e73b670a-bc29-4bfc-b6f4-93c290a4d3ee,2026-07-22T16:45:00Z,2026-07-22T18:45:00+0200,58.1,EUR/MWh,DK1,DK_1,imbalance_price,Long,2026-07-30T07:28:36Z
2026-07-30T07:25:17Z,2026-07-30T09:25:17+0200,e73b670a-bc29-4bfc-b6f4-93c290a4d3ee,2026-07-22T16:45:00Z,2026-07-22T18:45:00+0200,58.1,EUR/MWh,DK1,DK_1,imbalance_price,Short,2026-07-30T07:28:36Z
2026-07-30T07:25:17Z,2026-07-30T09:25:17+0200,e73b670a-bc29-4bfc-b6f4-93c290a4d3ee,2026-07-22T17:00:00Z,2026-07-22T19:00:00+0200,91.95,EUR/MWh,DK1,DK_1,imbalance_price,Long,2026-07-30T07:28:36Z
2026-07-30T07:25:17Z,2026-07-30T09:25:17+0200,e73b670a-bc29-4bfc-b6f4-93c290a4d3ee,2026-07-22T17:00:00Z,2026-07-22T19:00:00+0200,91.95,EUR/MWh,DK1,DK_1,imbalance_price,Short,2026-07-30T07:28:36Z
2026-07-30T07:25:17Z,2026-07-30T09:25:17+0200,e73b670a-bc29-4bfc-b6f4-93c290a4d3ee,2026-07-22T17:15:00Z,2026-07-22T19:15:00+0200,75.5,EUR/MWh,DK1,DK_1,imbalance_price,Long,2026-07-30T07:28:36Z
2026-07-30T07:25:17Z,2026-07-30T09:25:17+0200,e73b670a-bc29-4bfc-b6f4-93c290a4d3ee,2026-07-22T17:15:00Z,2026-07-22T19:15:00+0200,75.5,EUR/MWh,DK1,DK_1,imbalance_price,Short,2026-07-30T07:28:36Z
2026-07-30T07:25:17Z,2026-07-30T09:25:17+0200,e73b670a-bc29-4bfc-b6f4-93c290a4d3ee,2026-07-22T17:30:00Z,2026-07-22T19:30:00+0200,129.67,EUR/MWh,DK1,DK_1,imbalance_price,Long,2026-07-30T07:28:36Z
2026-07-30T07:25:17Z,2026-07-30T09:25:17+0200,e73b670a-bc29-4bfc-b6f4-93c290a4d3ee,2026-07-22T17:30:00Z,2026-07-22T19:30:00+0200,129.67,EUR/MWh,DK1,DK_1,imbalance_price,Short,2026-07-30T07:28:36Z
2026-07-30T07:25:17Z,2026-07-30T09:25:17+0200,e73b670a-bc29-4bfc-b6f4-93c290a4d3ee,2026-07-22T17:45:00Z,2026-07-22T19:45:00+0200,266.73,EUR/MWh,DK1,DK_1,imbalance_price,Long,2026-07-30T07:28:36Z
2026-07-30T07:25:17Z,2026-07-30T09:25:17+0200,e73b670a-bc29-4bfc-b6f4-93c290a4d3ee,2026-07-22T17:45:00Z,2026-07-22T19:45:00+0200,266.73,EUR/MWh,DK1,DK_1,imbalance_price,Short,2026-07-30T07:28:36Z
2026-07-30T07:25:17Z,2026-07-30T09:25:17+0200,e73b670a-bc29-4bfc-b6f4-93c290a4d3ee,2026-07-22T18:00:00Z,2026-07-22T20:00:00+0200,135.85,EUR/MWh,DK1,DK_1,imbalance_price,Long,2026-07-30T07:28:36Z
2026-07-30T07:25:17Z,2026-07-30T09:25:17+0200,e73b670a-bc29-4bfc-b6f4-93c290a4d3ee,2026-07-22T18:00:00Z,2026-07-22T20:00:00+0200,135.85,EUR/MWh,DK1,DK_1,imbalance_price,Short,2026-07-30T07:28:36Z
2026-07-30T07:25:17Z,2026-07-30T09:25:17+0200,e73b670a-bc29-4bfc-b6f4-93c290a4d3ee,2026-07-22T18:15:00Z,2026-07-22T20:15:00+0200,154.27,EUR/MWh,DK1,DK_1,imbalance_price,Long,2026-07-30T07:28:36Z
2026-07-30T07:25:17Z,2026-07-30T09:25:17+0200,e73b670a-bc29-4bfc-b6f4-93c290a4d3ee,2026-07-22T18:15:00Z,2026-07-22T20:15:00+0200,154.27,EUR/MWh,DK1,DK_1,imbalance_price,Short,2026-07-30T07:28:36Z
2026-07-30T07:25:17Z,2026-07-30T09:25:17+0200,e73b670a-bc29-4bfc-b6f4-93c290a4d3ee,2026-07-22T18:30:00Z,2026-07-22T20:30:00+0200,138.78,EUR/MWh,DK1,DK_1,imbalance_price,Long,2026-07-30T07:28:36Z
2026-07-30T07:25:17Z,2026-07-30T09:25:17+0200,e73b670a-bc29-4bfc-b6f4-93c290a4d3ee,2026-07-22T18:30:00Z,2026-07-22T20:30:00+0200,138.78,EUR/MWh,DK1,DK_1,imbalance_price,Short,2026-07-30T07:28:36Z
2026-07-30T07:25:17Z,2026-07-30T09:25:17+0200,e73b670a-bc29-4bfc-b6f4-93c290a4d3ee,2026-07-22T18:45:00Z,2026-07-22T20:45:00+0200,137.43,EUR/MWh,DK1,DK_1,imbalance_price,Long,2026-07-30T07:28:36Z
2026-07-30T07:25:17Z,2026-07-30T09:25:17+0200,e73b670a-bc29-4bfc-b6f4-93c290a4d3ee,2026-07-22T18:45:00Z,2026-07-22T20:45:00+0200,137.43,EUR/MWh,DK1,DK_1,imbalance_price,Short,2026-07-30T07:28:36Z
2026-07-30T07:25:17Z,2026-07-30T09:25:17+0200,e73b670a-bc29-4bfc-b6f4-93c290a4d3ee,2026-07-22T19:00:00Z,2026-07-22T21:00:00+0200,143.67,EUR/MWh,DK1,DK_1,imbalance_price,Long,2026-07-30T07:28:36Z
2026-07-30T07:25:17Z,2026-07-30T09:25:17+0200,e73b670a-bc29-4bfc-b6f4-93c290a4d3ee,2026-07-22T19:00:00Z,2026-07-22T21:00:00+0200,143.67,EUR/MWh,DK1,DK_1,imbalance_price,Short,2026-07-30T07:28:36Z
2026-07-30T07:25:17Z,2026-07-30T09:25:17+0200,e73b670a-bc29-4bfc-b6f4-93c290a4d3ee,2026-07-22T19:15:00Z,2026-07-22T21:15:00+0200,142.91,EUR/MWh,DK1,DK_1,imbalance_price,Long,2026-07-30T07:28:36Z
2026-07-30T07:25:17Z,2026-07-30T09:25:17+0200,e73b670a-bc29-4bfc-b6f4-93c290a4d3ee,2026-07-22T19:15:00Z,2026-07-22T21:15:00+0200,142.91,EUR/MWh,DK1,DK_1,imbalance_price,Short,2026-07-30T07:28:36Z
2026-07-30T07:25:17Z,2026-07-30T09:25:17+0200,e73b670a-bc29-4bfc-b6f4-93c290a4d3ee,2026-07-22T19:30:00Z,2026-07-22T21:30:00+0200,142.15,EUR/MWh,DK1,DK_1,imbalance_price,Long,2026-07-30T07:28:36Z
2026-07-30T07:25:17Z,2026-07-30T09:25:17+0200,e73b670a-bc29-4bfc-b6f4-93c290a4d3ee,2026-07-22T19:30:00Z,2026-07-22T21:30:00+0200,142.15,EUR/MWh,DK1,DK_1,imbalance_price,Short,2026-07-30T07:28:36Z
2026-07-30T07:25:17Z,2026-07-30T09:25:17+0200,e73b670a-bc29-4bfc-b6f4-93c290a4d3ee,2026-07-22T19:45:00Z,2026-07-22T21:45:00+0200,140.77,EUR/MWh,DK1,DK_1,imbalance_price,Long,2026-07-30T07:28:36Z
2026-07-30T07:25:17Z,2026-07-30T09:25:17+0200,e73b670a-bc29-4bfc-b6f4-93c290a4d3ee,2026-07-22T19:45:00Z,2026-07-22T21:45:00+0200,140.77,EUR/MWh,DK1,DK_1,imbalance_price,Short,2026-07-30T07:28:36Z
2026-07-30T07:25:17Z,2026-07-30T09:25:17+0200,e73b670a-bc29-4bfc-b6f4-93c290a4d3ee,2026-07-22T20:00:00Z,2026-07-22T22:00:00+0200,28.95,EUR/MWh,DK1,DK_1,imbalance_price,Long,2026-07-30T07:28:36Z
2026-07-30T07:25:17Z,2026-07-30T09:25:17+0200,e73b670a-bc29-4bfc-b6f4-93c290a4d3ee,2026-07-22T20:00:00Z,2026-07-22T22:00:00+0200,28.95,EUR/MWh,DK1,DK_1,imbalance_price,Short,2026-07-30T07:28:36Z
2026-07-30T07:25:17Z,2026-07-30T09:25:17+0200,e73b670a-bc29-4bfc-b6f4-93c290a4d3ee,2026-07-22T20:15:00Z,2026-07-22T22:15:00+0200,-5.57,EUR/MWh,DK1,DK_1,imbalance_price,Long,2026-07-30T07:28:36Z
2026-07-30T07:25:17Z,2026-07-30T09:25:17+0200,e73b670a-bc29-4bfc-b6f4-93c290a4d3ee,2026-07-22T20:15:00Z,2026-07-22T22:15:00+0200,-5.57,EUR/MWh,DK1,DK_1,imbalance_price,Short,2026-07-30T07:28:36Z
2026-07-30T07:25:17Z,2026-07-30T09:25:17+0200,e73b670a-bc29-4bfc-b6f4-93c290a4d3ee,2026-07-22T20:30:00Z,2026-07-22T22:30:00+0200,-2.54,EUR/MWh,DK1,DK_1,imbalance_price,Long,2026-07-30T07:28:36Z
2026-07-30T07:25:17Z,2026-07-30T09:25:17+0200,e73b670a-bc29-4bfc-b6f4-93c290a4d3ee,2026-07-22T20:30:00Z,2026-07-22T22:30:00+0200,-2.54,EUR/MWh,DK1,DK_1,imbalance_price,Short,2026-07-30T07:28:36Z
2026-07-30T07:25:17Z,2026-07-30T09:25:17+0200,e73b670a-bc29-4bfc-b6f4-93c290a4d3ee,2026-07-22T20:45:00Z,2026-07-22T22:45:00+0200,31.96,EUR/MWh,DK1,DK_1,imbalance_price,Long,2026-07-30T07:28:36Z
2026-07-30T07:25:17Z,2026-07-30T09:25:17+0200,e73b670a-bc29-4bfc-b6f4-93c290a4d3ee,2026-07-22T20:45:00Z,2026-07-22T22:45:00+0200,31.96,EUR/MWh,DK1,DK_1,imbalance_price,Short,2026-07-30T07:28:36Z
2026-07-30T07:25:17Z,2026-07-30T09:25:17+0200,e73b670a-bc29-4bfc-b6f4-93c290a4d3ee,2026-07-22T21:00:00Z,2026-07-22T23:00:00+0200,15.62,EUR/MWh,DK1,DK_1,imbalance_price,Long,2026-07-30T07:28:36Z
2026-07-30T07:25:17Z,2026-07-30T09:25:17+0200,e73b670a-bc29-4bfc-b6f4-93c290a4d3ee,2026-07-22T21:00:00Z,2026-07-22T23:00:00+0200,15.62,EUR/MWh,DK1,DK_1,imbalance_price,Short,2026-07-30T07:28:36Z
2026-07-30T07:25:17Z,2026-07-30T09:25:17+0200,e73b670a-bc29-4bfc-b6f4-93c290a4d3ee,2026-07-22T21:15:00Z,2026-07-22T23:15:00+0200,46.76,EUR/MWh,DK1,DK_1,imbalance_price,Long,2026-07-30T07:28:36Z
2026-07-30T07:25:17Z,2026-07-30T09:25:17+0200,e73b670a-bc29-4bfc-b6f4-93c290a4d3ee,2026-07-22T21:15:00Z,2026-07-22T23:15:00+0200,46.76,EUR/MWh,DK1,DK_1,imbalance_price,Short,2026-07-30T07:28:36Z
2026-07-30T07:25:17Z,2026-07-30T09:25:17+0200,e73b670a-bc29-4bfc-b6f4-93c290a4d3ee,2026-07-22T21:30:00Z,2026-07-22T23:30:00+0200,90.0,EUR/MWh,DK1,DK_1,imbalance_price,Long,2026-07-30T07:28:36Z
2026-07-30T07:25:17Z,2026-07-30T09:25:17+0200,e73b670a-bc29-4bfc-b6f4-93c290a4d3ee,2026-07-22T21:30:00Z,2026-07-22T23:30:00+0200,90.0,EUR/MWh,DK1,DK_1,imbalance_price,Short,2026-07-30T07:28:36Z
2026-07-30T07:25:17Z,2026-07-30T09:25:17+0200,e73b670a-bc29-4bfc-b6f4-93c290a4d3ee,2026-07-22T21:45:00Z,2026-07-22T23:45:00+0200,49.81,EUR/MWh,DK1,DK_1,imbalance_price,Long,2026-07-30T07:28:36Z
2026-07-30T07:25:17Z,2026-07-30T09:25:17+0200,e73b670a-bc29-4bfc-b6f4-93c290a4d3ee,2026-07-22T21:45:00Z,2026-07-22T23:45:00+0200,49.81,EUR/MWh,DK1,DK_1,imbalance_price,Short,2026-07-30T07:28:36Z
2026-07-30T07:25:17Z,2026-07-30T09:25:17+0200,e73b670a-bc29-4bfc-b6f4-93c290a4d3ee,2026-07-22T22:00:00Z,2026-07-23T00:00:00+0200,56.97,EUR/MWh,DK1,DK_1,imbalance_price,Long,2026-07-30T07:28:36Z
2026-07-30T07:25:17Z,2026-07-30T09:25:17+0200,e73b670a-bc29-4bfc-b6f4-93c290a4d3ee,2026-07-22T22:00:00Z,2026-07-23T00:00:00+0200,56.97,EUR/MWh,DK1,DK_1,imbalance_price,Short,2026-07-30T07:28:36Z
2026-07-30T07:25:17Z,2026-07-30T09:25:17+0200,e73b670a-bc29-4bfc-b6f4-93c290a4d3ee,2026-07-22T22:15:00Z,2026-07-23T00:15:00+0200,74.56,EUR/MWh,DK1,DK_1,imbalance_price,Long,2026-07-30T07:28:36Z
2026-07-30T07:25:17Z,2026-07-30T09:25:17+0200,e73b670a-bc29-4bfc-b6f4-93c290a4d3ee,2026-07-22T22:15:00Z,2026-07-23T00:15:00+0200,74.56,EUR/MWh,DK1,DK_1,imbalance_price,Short,2026-07-30T07:28:36Z
2026-07-30T07:25:17Z,2026-07-30T09:25:17+0200,e73b670a-bc29-4bfc-b6f4-93c290a4d3ee,2026-07-22T22:30:00Z,2026-07-23T00:30:00+0200,44.09,EUR/MWh,DK1,DK_1,imbalance_price,Long,2026-07-30T07:28:36Z
2026-07-30T07:25:17Z,2026-07-30T09:25:17+0200,e73b670a-bc29-4bfc-b6f4-93c290a4d3ee,2026-07-22T22:30:00Z,2026-07-23T00:30:00+0200,44.09,EUR/MWh,DK1,DK_1,imbalance_price,Short,2026-07-30T07:28:36Z
2026-07-30T07:25:17Z,2026-07-30T09:25:17+0200,e73b670a-bc29-4bfc-b6f4-93c290a4d3ee,2026-07-22T22:45:00Z,2026-07-23T00:45:00+0200,57.87,EUR/MWh,DK1,DK_1,imbalance_price,Long,2026-07-30T07:28:36Z
2026-07-30T07:25:17Z,2026-07-30T09:25:17+0200,e73b670a-bc29-4bfc-b6f4-93c290a4d3ee,2026-07-22T22:45:00Z,2026-07-23T00:45:00+0200,57.87,EUR/MWh,DK1,DK_1,imbalance_price,Short,2026-07-30T07:28:36Z
2026-07-30T07:25:17Z,2026-07-30T09:25:17+0200,e73b670a-bc29-4bfc-b6f4-93c290a4d3ee,2026-07-22T23:00:00Z,2026-07-23T01:00:00+0200,68.82,EUR/MWh,DK1,DK_1,imbalance_price,Long,2026-07-30T07:28:36Z
2026-07-30T07:25:17Z,2026-07-30T09:25:17+0200,e73b670a-bc29-4bfc-b6f4-93c290a4d3ee,2026-07-22T23:00:00Z,2026-07-23T01:00:00+0200,68.82,EUR/MWh,DK1,DK_1,imbalance_price,Short,2026-07-30T07:28:36Z
2026-07-30T07:25:17Z,2026-07-30T09:25:17+0200,e73b670a-bc29-4bfc-b6f4-93c290a4d3ee,2026-07-22T23:15:00Z,2026-07-23T01:15:00+0200,66.87,EUR/MWh,DK1,DK_1,imbalance_price,Long,2026-07-30T07:28:36Z
2026-07-30T07:25:17Z,2026-07-30T09:25:17+0200,e73b670a-bc29-4bfc-b6f4-93c290a4d3ee,2026-07-22T23:15:00Z,2026-07-23T01:15:00+0200,66.87,EUR/MWh,DK1,DK_1,imbalance_price,Short,2026-07-30T07:28:36Z
2026-07-30T07:25:17Z,2026-07-30T09:25:17+0200,e73b670a-bc29-4bfc-b6f4-93c290a4d3ee,2026-07-22T23:30:00Z,2026-07-23T01:30:00+0200,92.55,EUR/MWh,DK1,DK_1,imbalance_price,Long,2026-07-30T07:28:36Z
2026-07-30T07:25:17Z,2026-07-30T09:25:17+0200,e73b670a-bc29-4bfc-b6f4-93c290a4d3ee,2026-07-22T23:30:00Z,2026-07-23T01:30:00+0200,92.55,EUR/MWh,DK1,DK_1,imbalance_price,Short,2026-07-30T07:28:36Z
2026-07-30T07:25:17Z,2026-07-30T09:25:17+0200,e73b670a-bc29-4bfc-b6f4-93c290a4d3ee,2026-07-22T23:45:00Z,2026-07-23T01:45:00+0200,75.52,EUR/MWh,DK1,DK_1,imbalance_price,Long,2026-07-30T07:28:36Z
2026-07-30T07:25:17Z,2026-07-30T09:25:17+0200,e73b670a-bc29-4bfc-b6f4-93c290a4d3ee,2026-07-22T23:45:00Z,2026-07-23T01:45:00+0200,75.52,EUR/MWh,DK1,DK_1,imbalance_price,Short,2026-07-30T07:28:36Z
2026-07-30T07:25:17Z,2026-07-30T09:25:17+0200,e73b670a-bc29-4bfc-b6f4-93c290a4d3ee,2026-07-23T00:00:00Z,2026-07-23T02:00:00+0200,92.55,EUR/MWh,DK1,DK_1,imbalance_price,Long,2026-07-30T07:28:36Z
2026-07-30T07:25:17Z,2026-07-30T09:25:17+0200,e73b670a-bc29-4bfc-b6f4-93c290a4d3ee,2026-07-23T00:00:00Z,2026-07-23T02:00:00+0200,92.55,EUR/MWh,DK1,DK_1,imbalance_price,Short,2026-07-30T07:28:36Z
2026-07-30T07:25:17Z,2026-07-30T09:25:17+0200,e73b670a-bc29-4bfc-b6f4-93c290a4d3ee,2026-07-23T00:15:00Z,2026-07-23T02:15:00+0200,92.55,EUR/MWh,DK1,DK_1,imbalance_price,Long,2026-07-30T07:28:36Z
2026-07-30T07:25:17Z,2026-07-30T09:25:17+0200,e73b670a-bc29-4bfc-b6f4-93c290a4d3ee,2026-07-23T00:15:00Z,2026-07-23T02:15:00+0200,92.55,EUR/MWh,DK1,DK_1,imbalance_price,Short,2026-07-30T07:28:36Z
2026-07-30T07:25:17Z,2026-07-30T09:25:17+0200,e73b670a-bc29-4bfc-b6f4-93c290a4d3ee,2026-07-23T00:30:00Z,2026-07-23T02:30:00+0200,47.58,EUR/MWh,DK1,DK_1,imbalance_price,Long,2026-07-30T07:28:36Z
2026-07-30T07:25:17Z,2026-07-30T09:25:17+0200,e73b670a-bc29-4bfc-b6f4-93c290a4d3ee,2026-07-23T00:30:00Z,2026-07-23T02:30:00+0200,47.58,EUR/MWh,DK1,DK_1,imbalance_price,Short,2026-07-30T07:28:36Z
2026-07-30T07:25:17Z,2026-07-30T09:25:17+0200,e73b670a-bc29-4bfc-b6f4-93c290a4d3ee,2026-07-23T00:45:00Z,2026-07-23T02:45:00+0200,-18.07,EUR/MWh,DK1,DK_1,imbalance_price,Long,2026-07-30T07:28:36Z
2026-07-30T07:25:17Z,2026-07-30T09:25:17+0200,e73b670a-bc29-4bfc-b6f4-93c290a4d3ee,2026-07-23T00:45:00Z,2026-07-23T02:45:00+0200,-18.07,EUR/MWh,DK1,DK_1,imbalance_price,Short,2026-07-30T07:28:36Z
2026-07-30T07:25:17Z,2026-07-30T09:25:17+0200,e73b670a-bc29-4bfc-b6f4-93c290a4d3ee,2026-07-23T01:00:00Z,2026-07-23T03:00:00+0200,20.0,EUR/MWh,DK1,DK_1,imbalance_price,Long,2026-07-30T07:28:36Z
2026-07-30T07:25:17Z,2026-07-30T09:25:17+0200,e73b670a-bc29-4bfc-b6f4-93c290a4d3ee,2026-07-23T01:00:00Z,2026-07-23T03:00:00+0200,20.0,EUR/MWh,DK1,DK_1,imbalance_price,Short,2026-07-30T07:28:36Z
2026-07-30T07:25:17Z,2026-07-30T09:25:17+0200,e73b670a-bc29-4bfc-b6f4-93c290a4d3ee,2026-07-23T01:15:00Z,2026-07-23T03:15:00+0200,112.2,EUR/MWh,DK1,DK_1,imbalance_price,Long,2026-07-30T07:28:36Z
2026-07-30T07:25:17Z,2026-07-30T09:25:17+0200,e73b670a-bc29-4bfc-b6f4-93c290a4d3ee,2026-07-23T01:15:00Z,2026-07-23T03:15:00+0200,112.2,EUR/MWh,DK1,DK_1,imbalance_price,Short,2026-07-30T07:28:36Z
2026-07-30T07:25:17Z,2026-07-30T09:25:17+0200,e73b670a-bc29-4bfc-b6f4-93c290a4d3ee,2026-07-23T01:30:00Z,2026-07-23T03:30:00+0200,46.3,EUR/MWh,DK1,DK_1,imbalance_price,Long,2026-07-30T07:28:36Z
2026-07-30T07:25:17Z,2026-07-30T09:25:17+0200,e73b670a-bc29-4bfc-b6f4-93c290a4d3ee,2026-07-23T01:30:00Z,2026-07-23T03:30:00+0200,46.3,EUR/MWh,DK1,DK_1,imbalance_price,Short,2026-07-30T07:28:36Z
2026-07-30T07:25:17Z,2026-07-30T09:25:17+0200,e73b670a-bc29-4bfc-b6f4-93c290a4d3ee,2026-07-23T01:45:00Z,2026-07-23T03:45:00+0200,19.97,EUR/MWh,DK1,DK_1,imbalance_price,Long,2026-07-30T07:28:36Z
2026-07-30T07:25:17Z,2026-07-30T09:25:17+0200,e73b670a-bc29-4bfc-b6f4-93c290a4d3ee,2026-07-23T01:45:00Z,2026-07-23T03:45:00+0200,19.97,EUR/MWh,DK1,DK_1,imbalance_price,Short,2026-07-30T07:28:36Z
2026-07-30T07:25:17Z,2026-07-30T09:25:17+0200,e73b670a-bc29-4bfc-b6f4-93c290a4d3ee,2026-07-23T02:00:00Z,2026-07-23T04:00:00+0200,8.43,EUR/MWh,DK1,DK_1,imbalance_price,Long,2026-07-30T07:28:36Z
2026-07-30T07:25:17Z,2026-07-30T09:25:17+0200,e73b670a-bc29-4bfc-b6f4-93c290a4d3ee,2026-07-23T02:00:00Z,2026-07-23T04:00:00+0200,8.43,EUR/MWh,DK1,DK_1,imbalance_price,Short,2026-07-30T07:28:36Z
2026-07-30T07:25:17Z,2026-07-30T09:25:17+0200,e73b670a-bc29-4bfc-b6f4-93c290a4d3ee,2026-07-23T02:15:00Z,2026-07-23T04:15:00+0200,-6.87,EUR/MWh,DK1,DK_1,imbalance_price,Long,2026-07-30T07:28:36Z
2026-07-30T07:25:17Z,2026-07-30T09:25:17+0200,e73b670a-bc29-4bfc-b6f4-93c290a4d3ee,2026-07-23T02:15:00Z,2026-07-23T04:15:00+0200,-6.87,EUR/MWh,DK1,DK_1,imbalance_price,Short,2026-07-30T07:28:36Z
2026-07-30T07:25:17Z,2026-07-30T09:25:17+0200,e73b670a-bc29-4bfc-b6f4-93c290a4d3ee,2026-07-23T02:30:00Z,2026-07-23T04:30:00+0200,19.92,EUR/MWh,DK1,DK_1,imbalance_price,Long,2026-07-30T07:28:36Z
2026-07-30T07:25:17Z,2026-07-30T09:25:17+0200,e73b670a-bc29-4bfc-b6f4-93c290a4d3ee,2026-07-23T02:30:00Z,2026-07-23T04:30:00+0200,19.92,EUR/MWh,DK1,DK_1,imbalance_price,Short,2026-07-30T07:28:36Z
2026-07-30T07:25:17Z,2026-07-30T09:25:17+0200,e73b670a-bc29-4bfc-b6f4-93c290a4d3ee,2026-07-23T02:45:00Z,2026-07-23T04:45:00+0200,38.16,EUR/MWh,DK1,DK_1,imbalance_price,Long,2026-07-30T07:28:36Z
2026-07-30T07:25:17Z,2026-07-30T09:25:17+0200,e73b670a-bc29-4bfc-b6f4-93c290a4d3ee,2026-07-23T02:45:00Z,2026-07-23T04:45:00+0200,38.16,EUR/MWh,DK1,DK_1,imbalance_price,Short,2026-07-30T07:28:36Z
2026-07-30T07:25:17Z,2026-07-30T09:25:17+0200,e73b670a-bc29-4bfc-b6f4-93c290a4d3ee,2026-07-23T03:00:00Z,2026-07-23T05:00:00+0200,32.61,EUR/MWh,DK1,DK_1,imbalance_price,Long,2026-07-30T07:28:36Z
2026-07-30T07:25:17Z,2026-07-30T09:25:17+0200,e73b670a-bc29-4bfc-b6f4-93c290a4d3ee,2026-07-23T03:00:00Z,2026-07-23T05:00:00+0200,32.61,EUR/MWh,DK1,DK_1,imbalance_price,Short,2026-07-30T07:28:36Z
2026-07-30T07:25:17Z,2026-07-30T09:25:17+0200,e73b670a-bc29-4bfc-b6f4-93c290a4d3ee,2026-07-23T03:15:00Z,2026-07-23T05:15:00+0200,25.3,EUR/MWh,DK1,DK_1,imbalance_price,Long,2026-07-30T07:28:36Z
2026-07-30T07:25:17Z,2026-07-30T09:25:17+0200,e73b670a-bc29-4bfc-b6f4-93c290a4d3ee,2026-07-23T03:15:00Z,2026-07-23T05:15:00+0200,25.3,EUR/MWh,DK1,DK_1,imbalance_price,Short,2026-07-30T07:28:36Z
2026-07-30T07:25:17Z,2026-07-30T09:25:17+0200,e73b670a-bc29-4bfc-b6f4-93c290a4d3ee,2026-07-23T03:30:00Z,2026-07-23T05:30:00+0200,72.21,EUR/MWh,DK1,DK_1,imbalance_price,Long,2026-07-30T07:28:36Z
2026-07-30T07:25:17Z,2026-07-30T09:25:17+0200,e73b670a-bc29-4bfc-b6f4-93c290a4d3ee,2026-07-23T03:30:00Z,2026-07-23T05:30:00+0200,72.21,EUR/MWh,DK1,DK_1,imbalance_price,Short,2026-07-30T07:28:36Z
2026-07-30T07:25:17Z,2026-07-30T09:25:17+0200,e73b670a-bc29-4bfc-b6f4-93c290a4d3ee,2026-07-23T03:45:00Z,2026-07-23T05:45:00+0200,23.23,EUR/MWh,DK1,DK_1,imbalance_price,Long,2026-07-30T07:28:36Z
2026-07-30T07:25:17Z,2026-07-30T09:25:17+0200,e73b670a-bc29-4bfc-b6f4-93c290a4d3ee,2026-07-23T03:45:00Z,2026-07-23T05:45:00+0200,23.23,EUR/MWh,DK1,DK_1,imbalance_price,Short,2026-07-30T07:28:36Z
2026-07-30T07:25:17Z,2026-07-30T09:25:17+0200,e73b670a-bc29-4bfc-b6f4-93c290a4d3ee,2026-07-23T04:00:00Z,2026-07-23T06:00:00+0200,11.46,EUR/MWh,DK1,DK_1,imbalance_price,Long,2026-07-30T07:28:36Z
2026-07-30T07:25:17Z,2026-07-30T09:25:17+0200,e73b670a-bc29-4bfc-b6f4-93c290a4d3ee,2026-07-23T04:00:00Z,2026-07-23T06:00:00+0200,11.46,EUR/MWh,DK1,DK_1,imbalance_price,Short,2026-07-30T07:28:36Z
2026-07-30T07:25:17Z,2026-07-30T09:25:17+0200,e73b670a-bc29-4bfc-b6f4-93c290a4d3ee,2026-07-23T04:15:00Z,2026-07-23T06:15:00+0200,72.43,EUR/MWh,DK1,DK_1,imbalance_price,Long,2026-07-30T07:28:36Z
2026-07-30T07:25:17Z,2026-07-30T09:25:17+0200,e73b670a-bc29-4bfc-b6f4-93c290a4d3ee,2026-07-23T04:15:00Z,2026-07-23T06:15:00+0200,72.43,EUR/MWh,DK1,DK_1,imbalance_price,Short,2026-07-30T07:28:36Z
2026-07-30T07:25:17Z,2026-07-30T09:25:17+0200,e73b670a-bc29-4bfc-b6f4-93c290a4d3ee,2026-07-23T04:30:00Z,2026-07-23T06:30:00+0200,92.23,EUR/MWh,DK1,DK_1,imbalance_price,Long,2026-07-30T07:28:36Z
2026-07-30T07:25:17Z,2026-07-30T09:25:17+0200,e73b670a-bc29-4bfc-b6f4-93c290a4d3ee,2026-07-23T04:30:00Z,2026-07-23T06:30:00+0200,92.23,EUR/MWh,DK1,DK_1,imbalance_price,Short,2026-07-30T07:28:36Z
2026-07-30T07:25:17Z,2026-07-30T09:25:17+0200,e73b670a-bc29-4bfc-b6f4-93c290a4d3ee,2026-07-23T04:45:00Z,2026-07-23T06:45:00+0200,83.49,EUR/MWh,DK1,DK_1,imbalance_price,Long,2026-07-30T07:28:36Z
2026-07-30T07:25:17Z,2026-07-30T09:25:17+0200,e73b670a-bc29-4bfc-b6f4-93c290a4d3ee,2026-07-23T04:45:00Z,2026-07-23T06:45:00+0200,83.49,EUR/MWh,DK1,DK_1,imbalance_price,Short,2026-07-30T07:28:36Z
2026-07-30T07:25:17Z,2026-07-30T09:25:17+0200,e73b670a-bc29-4bfc-b6f4-93c290a4d3ee,2026-07-23T05:00:00Z,2026-07-23T07:00:00+0200,172.75,EUR/MWh,DK1,DK_1,imbalance_price,Long,2026-07-30T07:28:36Z
2026-07-30T07:25:17Z,2026-07-30T09:25:17+0200,e73b670a-bc29-4bfc-b6f4-93c290a4d3ee,2026-07-23T05:00:00Z,2026-07-23T07:00:00+0200,172.75,EUR/MWh,DK1,DK_1,imbalance_price,Short,2026-07-30T07:28:36Z
2026-07-30T07:25:17Z,2026-07-30T09:25:17+0200,e73b670a-bc29-4bfc-b6f4-93c290a4d3ee,2026-07-23T05:15:00Z,2026-07-23T07:15:00+0200,173.72,EUR/MWh,DK1,DK_1,imbalance_price,Long,2026-07-30T07:28:36Z
2026-07-30T07:25:17Z,2026-07-30T09:25:17+0200,e73b670a-bc29-4bfc-b6f4-93c290a4d3ee,2026-07-23T05:15:00Z,2026-07-23T07:15:00+0200,173.72,EUR/MWh,DK1,DK_1,imbalance_price,Short,2026-07-30T07:28:36Z
2026-07-30T07:25:17Z,2026-07-30T09:25:17+0200,e73b670a-bc29-4bfc-b6f4-93c290a4d3ee,2026-07-23T05:30:00Z,2026-07-23T07:30:00+0200,92.55,EUR/MWh,DK1,DK_1,imbalance_price,Long,2026-07-30T07:28:36Z
2026-07-30T07:25:17Z,2026-07-30T09:25:17+0200,e73b670a-bc29-4bfc-b6f4-93c290a4d3ee,2026-07-23T05:30:00Z,2026-07-23T07:30:00+0200,92.55,EUR/MWh,DK1,DK_1,imbalance_price,Short,2026-07-30T07:28:36Z
2026-07-30T07:25:17Z,2026-07-30T09:25:17+0200,e73b670a-bc29-4bfc-b6f4-93c290a4d3ee,2026-07-23T05:45:00Z,2026-07-23T07:45:00+0200,61.24,EUR/MWh,DK1,DK_1,imbalance_price,Long,2026-07-30T07:28:36Z
2026-07-30T07:25:17Z,2026-07-30T09:25:17+0200,e73b670a-bc29-4bfc-b6f4-93c290a4d3ee,2026-07-23T05:45:00Z,2026-07-23T07:45:00+0200,61.24,EUR/MWh,DK1,DK_1,imbalance_price,Short,2026-07-30T07:28:36Z
2026-07-30T07:25:17Z,2026-07-30T09:25:17+0200,e73b670a-bc29-4bfc-b6f4-93c290a4d3ee,2026-07-23T06:00:00Z,2026-07-23T08:00:00+0200,85.41,EUR/MWh,DK1,DK_1,imbalance_price,Long,2026-07-30T07:28:36Z
2026-07-30T07:25:17Z,2026-07-30T09:25:17+0200,e73b670a-bc29-4bfc-b6f4-93c290a4d3ee,2026-07-23T06:00:00Z,2026-07-23T08:00:00+0200,85.41,EUR/MWh,DK1,DK_1,imbalance_price,Short,2026-07-30T07:28:36Z
2026-07-30T07:25:17Z,2026-07-30T09:25:17+0200,e73b670a-bc29-4bfc-b6f4-93c290a4d3ee,2026-07-23T06:15:00Z,2026-07-23T08:15:00+0200,162.8,EUR/MWh,DK1,DK_1,imbalance_price,Long,2026-07-30T07:28:36Z
2026-07-30T07:25:17Z,2026-07-30T09:25:17+0200,e73b670a-bc29-4bfc-b6f4-93c290a4d3ee,2026-07-23T06:15:00Z,2026-07-23T08:15:00+0200,162.8,EUR/MWh,DK1,DK_1,imbalance_price,Short,2026-07-30T07:28:36Z
2026-07-30T07:25:17Z,2026-07-30T09:25:17+0200,e73b670a-bc29-4bfc-b6f4-93c290a4d3ee,2026-07-23T06:30:00Z,2026-07-23T08:30:00+0200,45.0,EUR/MWh,DK1,DK_1,imbalance_price,Long,2026-07-30T07:28:36Z
2026-07-30T07:25:17Z,2026-07-30T09:25:17+0200,e73b670a-bc29-4bfc-b6f4-93c290a4d3ee,2026-07-23T06:30:00Z,2026-07-23T08:30:00+0200,45.0,EUR/MWh,DK1,DK_1,imbalance_price,Short,2026-07-30T07:28:36Z
2026-07-30T07:25:17Z,2026-07-30T09:25:17+0200,e73b670a-bc29-4bfc-b6f4-93c290a4d3ee,2026-07-23T06:45:00Z,2026-07-23T08:45:00+0200,267.55,EUR/MWh,DK1,DK_1,imbalance_price,Long,2026-07-30T07:28:36Z
2026-07-30T07:25:17Z,2026-07-30T09:25:17+0200,e73b670a-bc29-4bfc-b6f4-93c290a4d3ee,2026-07-23T06:45:00Z,2026-07-23T08:45:00+0200,267.55,EUR/MWh,DK1,DK_1,imbalance_price,Short,2026-07-30T07:28:36Z
2026-07-30T07:25:17Z,2026-07-30T09:25:17+0200,e73b670a-bc29-4bfc-b6f4-93c290a4d3ee,2026-07-23T07:00:00Z,2026-07-23T09:00:00+0200,20.42,EUR/MWh,DK1,DK_1,imbalance_price,Long,2026-07-30T07:28:36Z
2026-07-30T07:25:17Z,2026-07-30T09:25:17+0200,e73b670a-bc29-4bfc-b6f4-93c290a4d3ee,2026-07-23T07:00:00Z,2026-07-23T09:00:00+0200,20.42,EUR/MWh,DK1,DK_1,imbalance_price,Short,2026-07-30T07:28:36Z
2026-07-30T07:25:17Z,2026-07-30T09:25:17+0200,e73b670a-bc29-4bfc-b6f4-93c290a4d3ee,2026-07-23T07:15:00Z,2026-07-23T09:15:00+0200,50.42,EUR/MWh,DK1,DK_1,imbalance_price,Long,2026-07-30T07:28:36Z
2026-07-30T07:25:17Z,2026-07-30T09:25:17+0200,e73b670a-bc29-4bfc-b6f4-93c290a4d3ee,2026-07-23T07:15:00Z,2026-07-23T09:15:00+0200,50.42,EUR/MWh,DK1,DK_1,imbalance_price,Short,2026-07-30T07:28:36Z
2026-07-30T07:25:17Z,2026-07-30T09:25:17+0200,e73b670a-bc29-4bfc-b6f4-93c290a4d3ee,2026-07-23T07:30:00Z,2026-07-23T09:30:00+0200,87.28,EUR/MWh,DK1,DK_1,imbalance_price,Long,2026-07-30T07:28:36Z
2026-07-30T07:25:17Z,2026-07-30T09:25:17+0200,e73b670a-bc29-4bfc-b6f4-93c290a4d3ee,2026-07-23T07:30:00Z,2026-07-23T09:30:00+0200,87.28,EUR/MWh,DK1,DK_1,imbalance_price,Short,2026-07-30T07:28:36Z
2026-07-30T07:25:17Z,2026-07-30T09:25:17+0200,e73b670a-bc29-4bfc-b6f4-93c290a4d3ee,2026-07-23T07:45:00Z,2026-07-23T09:45:00+0200,77.3,EUR/MWh,DK1,DK_1,imbalance_price,Long,2026-07-30T07:28:36Z
2026-07-30T07:25:17Z,2026-07-30T09:25:17+0200,e73b670a-bc29-4bfc-b6f4-93c290a4d3ee,2026-07-23T07:45:00Z,2026-07-23T09:45:00+0200,77.3,EUR/MWh,DK1,DK_1,imbalance_price,Short,2026-07-30T07:28:36Z
2026-07-30T07:25:17Z,2026-07-30T09:25:17+0200,e73b670a-bc29-4bfc-b6f4-93c290a4d3ee,2026-07-23T08:00:00Z,2026-07-23T10:00:00+0200,117.45,EUR/MWh,DK1,DK_1,imbalance_price,Long,2026-07-30T07:28:36Z
2026-07-30T07:25:17Z,2026-07-30T09:25:17+0200,e73b670a-bc29-4bfc-b6f4-93c290a4d3ee,2026-07-23T08:00:00Z,2026-07-23T10:00:00+0200,117.45,EUR/MWh,DK1,DK_1,imbalance_price,Short,2026-07-30T07:28:36Z
2026-07-30T07:25:17Z,2026-07-30T09:25:17+0200,e73b670a-bc29-4bfc-b6f4-93c290a4d3ee,2026-07-23T08:15:00Z,2026-07-23T10:15:00+0200,108.82,EUR/MWh,DK1,DK_1,imbalance_price,Long,2026-07-30T07:28:36Z
2026-07-30T07:25:17Z,2026-07-30T09:25:17+0200,e73b670a-bc29-4bfc-b6f4-93c290a4d3ee,2026-07-23T08:15:00Z,2026-07-23T10:15:00+0200,108.82,EUR/MWh,DK1,DK_1,imbalance_price,Short,2026-07-30T07:28:36Z
2026-07-30T07:25:17Z,2026-07-30T09:25:17+0200,e73b670a-bc29-4bfc-b6f4-93c290a4d3ee,2026-07-23T08:30:00Z,2026-07-23T10:30:00+0200,92.55,EUR/MWh,DK1,DK_1,imbalance_price,Long,2026-07-30T07:28:36Z
2026-07-30T07:25:17Z,2026-07-30T09:25:17+0200,e73b670a-bc29-4bfc-b6f4-93c290a4d3ee,2026-07-23T08:30:00Z,2026-07-23T10:30:00+0200,92.55,EUR/MWh,DK1,DK_1,imbalance_price,Short,2026-07-30T07:28:36Z
2026-07-30T07:25:17Z,2026-07-30T09:25:17+0200,e73b670a-bc29-4bfc-b6f4-93c290a4d3ee,2026-07-23T08:45:00Z,2026-07-23T10:45:00+0200,81.07,EUR/MWh,DK1,DK_1,imbalance_price,Long,2026-07-30T07:28:36Z
2026-07-30T07:25:17Z,2026-07-30T09:25:17+0200,e73b670a-bc29-4bfc-b6f4-93c290a4d3ee,2026-07-23T08:45:00Z,2026-07-23T10:45:00+0200,81.07,EUR/MWh,DK1,DK_1,imbalance_price,Short,2026-07-30T07:28:36Z
2026-07-30T07:25:17Z,2026-07-30T09:25:17+0200,e73b670a-bc29-4bfc-b6f4-93c290a4d3ee,2026-07-23T09:00:00Z,2026-07-23T11:00:00+0200,79.2,EUR/MWh,DK1,DK_1,imbalance_price,Long,2026-07-30T07:28:36Z
2026-07-30T07:25:17Z,2026-07-30T09:25:17+0200,e73b670a-bc29-4bfc-b6f4-93c290a4d3ee,2026-07-23T09:00:00Z,2026-07-23T11:00:00+0200,79.2,EUR/MWh,DK1,DK_1,imbalance_price,Short,2026-07-30T07:28:36Z
2026-07-30T07:25:17Z,2026-07-30T09:25:17+0200,e73b670a-bc29-4bfc-b6f4-93c290a4d3ee,2026-07-23T09:15:00Z,2026-07-23T11:15:00+0200,63.89,EUR/MWh,DK1,DK_1,imbalance_price,Long,2026-07-30T07:28:36Z
2026-07-30T07:25:17Z,2026-07-30T09:25:17+0200,e73b670a-bc29-4bfc-b6f4-93c290a4d3ee,2026-07-23T09:15:00Z,2026-07-23T11:15:00+0200,63.89,EUR/MWh,DK1,DK_1,imbalance_price,Short,2026-07-30T07:28:36Z
2026-07-30T07:25:17Z,2026-07-30T09:25:17+0200,e73b670a-bc29-4bfc-b6f4-93c290a4d3ee,2026-07-23T09:30:00Z,2026-07-23T11:30:00+0200,45.02,EUR/MWh,DK1,DK_1,imbalance_price,Long,2026-07-30T07:28:36Z
2026-07-30T07:25:17Z,2026-07-30T09:25:17+0200,e73b670a-bc29-4bfc-b6f4-93c290a4d3ee,2026-07-23T09:30:00Z,2026-07-23T11:30:00+0200,45.02,EUR/MWh,DK1,DK_1,imbalance_price,Short,2026-07-30T07:28:36Z
2026-07-30T07:25:17Z,2026-07-30T09:25:17+0200,e73b670a-bc29-4bfc-b6f4-93c290a4d3ee,2026-07-23T09:45:00Z,2026-07-23T11:45:00+0200,65.02,EUR/MWh,DK1,DK_1,imbalance_price,Long,2026-07-30T07:28:36Z
2026-07-30T07:25:17Z,2026-07-30T09:25:17+0200,e73b670a-bc29-4bfc-b6f4-93c290a4d3ee,2026-07-23T09:45:00Z,2026-07-23T11:45:00+0200,65.02,EUR/MWh,DK1,DK_1,imbalance_price,Short,2026-07-30T07:28:36Z
2026-07-30T07:25:17Z,2026-07-30T09:25:17+0200,e73b670a-bc29-4bfc-b6f4-93c290a4d3ee,2026-07-23T10:00:00Z,2026-07-23T12:00:00+0200,129.9,EUR/MWh,DK1,DK_1,imbalance_price,Long,2026-07-30T07:28:36Z
2026-07-30T07:25:17Z,2026-07-30T09:25:17+0200,e73b670a-bc29-4bfc-b6f4-93c290a4d3ee,2026-07-23T10:00:00Z,2026-07-23T12:00:00+0200,129.9,EUR/MWh,DK1,DK_1,imbalance_price,Short,2026-07-30T07:28:36Z
2026-07-30T07:25:17Z,2026-07-30T09:25:17+0200,e73b670a-bc29-4bfc-b6f4-93c290a4d3ee,2026-07-23T10:15:00Z,2026-07-23T12:15:00+0200,144.42,EUR/MWh,DK1,DK_1,imbalance_price,Long,2026-07-30T07:28:36Z
2026-07-30T07:25:17Z,2026-07-30T09:25:17+0200,e73b670a-bc29-4bfc-b6f4-93c290a4d3ee,2026-07-23T10:15:00Z,2026-07-23T12:15:00+0200,144.42,EUR/MWh,DK1,DK_1,imbalance_price,Short,2026-07-30T07:28:36Z
2026-07-30T07:25:17Z,2026-07-30T09:25:17+0200,e73b670a-bc29-4bfc-b6f4-93c290a4d3ee,2026-07-23T10:30:00Z,2026-07-23T12:30:00+0200,142.53,EUR/MWh,DK1,DK_1,imbalance_price,Long,2026-07-30T07:28:36Z
2026-07-30T07:25:17Z,2026-07-30T09:25:17+0200,e73b670a-bc29-4bfc-b6f4-93c290a4d3ee,2026-07-23T10:30:00Z,2026-07-23T12:30:00+0200,142.53,EUR/MWh,DK1,DK_1,imbalance_price,Short,2026-07-30T07:28:36Z
2026-07-30T07:25:17Z,2026-07-30T09:25:17+0200,e73b670a-bc29-4bfc-b6f4-93c290a4d3ee,2026-07-23T10:45:00Z,2026-07-23T12:45:00+0200,109.91,EUR/MWh,DK1,DK_1,imbalance_price,Long,2026-07-30T07:28:36Z
2026-07-30T07:25:17Z,2026-07-30T09:25:17+0200,e73b670a-bc29-4bfc-b6f4-93c290a4d3ee,2026-07-23T10:45:00Z,2026-07-23T12:45:00+0200,109.91,EUR/MWh,DK1,DK_1,imbalance_price,Short,2026-07-30T07:28:36Z
2026-07-30T07:25:17Z,2026-07-30T09:25:17+0200,e73b670a-bc29-4bfc-b6f4-93c290a4d3ee,2026-07-23T11:00:00Z,2026-07-23T13:00:00+0200,0.96,EUR/MWh,DK1,DK_1,imbalance_price,Long,2026-07-30T07:28:36Z
2026-07-30T07:25:17Z,2026-07-30T09:25:17+0200,e73b670a-bc29-4bfc-b6f4-93c290a4d3ee,2026-07-23T11:00:00Z,2026-07-23T13:00:00+0200,0.96,EUR/MWh,DK1,DK_1,imbalance_price,Short,2026-07-30T07:28:36Z
2026-07-30T07:25:17Z,2026-07-30T09:25:17+0200,e73b670a-bc29-4bfc-b6f4-93c290a4d3ee,2026-07-23T11:15:00Z,2026-07-23T13:15:00+0200,93.64,EUR/MWh,DK1,DK_1,imbalance_price,Long,2026-07-30T07:28:36Z
2026-07-30T07:25:17Z,2026-07-30T09:25:17+0200,e73b670a-bc29-4bfc-b6f4-93c290a4d3ee,2026-07-23T11:15:00Z,2026-07-23T13:15:00+0200,93.64,EUR/MWh,DK1,DK_1,imbalance_price,Short,2026-07-30T07:28:36Z
2026-07-30T07:25:17Z,2026-07-30T09:25:17+0200,e73b670a-bc29-4bfc-b6f4-93c290a4d3ee,2026-07-23T11:30:00Z,2026-07-23T13:30:00+0200,84.04,EUR/MWh,DK1,DK_1,imbalance_price,Long,2026-07-30T07:28:36Z
2026-07-30T07:25:17Z,2026-07-30T09:25:17+0200,e73b670a-bc29-4bfc-b6f4-93c290a4d3ee,2026-07-23T11:30:00Z,2026-07-23T13:30:00+0200,84.04,EUR/MWh,DK1,DK_1,imbalance_price,Short,2026-07-30T07:28:36Z
2026-07-30T07:25:17Z,2026-07-30T09:25:17+0200,e73b670a-bc29-4bfc-b6f4-93c290a4d3ee,2026-07-23T11:45:00Z,2026-07-23T13:45:00+0200,29.44,EUR/MWh,DK1,DK_1,imbalance_price,Long,2026-07-30T07:28:36Z
2026-07-30T07:25:17Z,2026-07-30T09:25:17+0200,e73b670a-bc29-4bfc-b6f4-93c290a4d3ee,2026-07-23T11:45:00Z,2026-07-23T13:45:00+0200,29.44,EUR/MWh,DK1,DK_1,imbalance_price,Short,2026-07-30T07:28:36Z
2026-07-30T07:25:17Z,2026-07-30T09:25:17+0200,e73b670a-bc29-4bfc-b6f4-93c290a4d3ee,2026-07-23T12:00:00Z,2026-07-23T14:00:00+0200,3.46,EUR/MWh,DK1,DK_1,imbalance_price,Long,2026-07-30T07:28:36Z
2026-07-30T07:25:17Z,2026-07-30T09:25:17+0200,e73b670a-bc29-4bfc-b6f4-93c290a4d3ee,2026-07-23T12:00:00Z,2026-07-23T14:00:00+0200,3.46,EUR/MWh,DK1,DK_1,imbalance_price,Short,2026-07-30T07:28:36Z
2026-07-30T07:25:17Z,2026-07-30T09:25:17+0200,e73b670a-bc29-4bfc-b6f4-93c290a4d3ee,2026-07-23T12:15:00Z,2026-07-23T14:15:00+0200,3.75,EUR/MWh,DK1,DK_1,imbalance_price,Long,2026-07-30T07:28:36Z
2026-07-30T07:25:17Z,2026-07-30T09:25:17+0200,e73b670a-bc29-4bfc-b6f4-93c290a4d3ee,2026-07-23T12:15:00Z,2026-07-23T14:15:00+0200,3.75,EUR/MWh,DK1,DK_1,imbalance_price,Short,2026-07-30T07:28:36Z
2026-07-30T07:25:17Z,2026-07-30T09:25:17+0200,e73b670a-bc29-4bfc-b6f4-93c290a4d3ee,2026-07-23T12:30:00Z,2026-07-23T14:30:00+0200,-6.02,EUR/MWh,DK1,DK_1,imbalance_price,Long,2026-07-30T07:28:36Z
2026-07-30T07:25:17Z,2026-07-30T09:25:17+0200,e73b670a-bc29-4bfc-b6f4-93c290a4d3ee,2026-07-23T12:30:00Z,2026-07-23T14:30:00+0200,-6.02,EUR/MWh,DK1,DK_1,imbalance_price,Short,2026-07-30T07:28:36Z
2026-07-30T07:25:17Z,2026-07-30T09:25:17+0200,e73b670a-bc29-4bfc-b6f4-93c290a4d3ee,2026-07-23T12:45:00Z,2026-07-23T14:45:00+0200,-0.94,EUR/MWh,DK1,DK_1,imbalance_price,Long,2026-07-30T07:28:36Z
2026-07-30T07:25:17Z,2026-07-30T09:25:17+0200,e73b670a-bc29-4bfc-b6f4-93c290a4d3ee,2026-07-23T12:45:00Z,2026-07-23T14:45:00+0200,-0.94,EUR/MWh,DK1,DK_1,imbalance_price,Short,2026-07-30T07:28:36Z
2026-07-30T07:25:17Z,2026-07-30T09:25:17+0200,e73b670a-bc29-4bfc-b6f4-93c290a4d3ee,2026-07-23T13:00:00Z,2026-07-23T15:00:00+0200,-2.0,EUR/MWh,DK1,DK_1,imbalance_price,Long,2026-07-30T07:28:36Z
2026-07-30T07:25:17Z,2026-07-30T09:25:17+0200,e73b670a-bc29-4bfc-b6f4-93c290a4d3ee,2026-07-23T13:00:00Z,2026-07-23T15:00:00+0200,-2.0,EUR/MWh,DK1,DK_1,imbalance_price,Short,2026-07-30T07:28:36Z
2026-07-30T07:25:17Z,2026-07-30T09:25:17+0200,e73b670a-bc29-4bfc-b6f4-93c290a4d3ee,2026-07-23T13:15:00Z,2026-07-23T15:15:00+0200,7.01,EUR/MWh,DK1,DK_1,imbalance_price,Long,2026-07-30T07:28:36Z
2026-07-30T07:25:17Z,2026-07-30T09:25:17+0200,e73b670a-bc29-4bfc-b6f4-93c290a4d3ee,2026-07-23T13:15:00Z,2026-07-23T15:15:00+0200,7.01,EUR/MWh,DK1,DK_1,imbalance_price,Short,2026-07-30T07:28:36Z
2026-07-30T07:25:17Z,2026-07-30T09:25:17+0200,e73b670a-bc29-4bfc-b6f4-93c290a4d3ee,2026-07-23T13:30:00Z,2026-07-23T15:30:00+0200,-30.75,EUR/MWh,DK1,DK_1,imbalance_price,Long,2026-07-30T07:28:36Z
2026-07-30T07:25:17Z,2026-07-30T09:25:17+0200,e73b670a-bc29-4bfc-b6f4-93c290a4d3ee,2026-07-23T13:30:00Z,2026-07-23T15:30:00+0200,-30.75,EUR/MWh,DK1,DK_1,imbalance_price,Short,2026-07-30T07:28:36Z
2026-07-30T07:25:17Z,2026-07-30T09:25:17+0200,e73b670a-bc29-4bfc-b6f4-93c290a4d3ee,2026-07-23T13:45:00Z,2026-07-23T15:45:00+0200,0.51,EUR/MWh,DK1,DK_1,imbalance_price,Long,2026-07-30T07:28:36Z
2026-07-30T07:25:17Z,2026-07-30T09:25:17+0200,e73b670a-bc29-4bfc-b6f4-93c290a4d3ee,2026-07-23T13:45:00Z,2026-07-23T15:45:00+0200,0.51,EUR/MWh,DK1,DK_1,imbalance_price,Short,2026-07-30T07:28:36Z
2026-07-30T07:25:17Z,2026-07-30T09:25:17+0200,e73b670a-bc29-4bfc-b6f4-93c290a4d3ee,2026-07-23T14:00:00Z,2026-07-23T16:00:00+0200,3.73,EUR/MWh,DK1,DK_1,imbalance_price,Long,2026-07-30T07:28:36Z
2026-07-30T07:25:17Z,2026-07-30T09:25:17+0200,e73b670a-bc29-4bfc-b6f4-93c290a4d3ee,2026-07-23T14:00:00Z,2026-07-23T16:00:00+0200,3.73,EUR/MWh,DK1,DK_1,imbalance_price,Short,2026-07-30T07:28:36Z
2026-07-30T07:25:17Z,2026-07-30T09:25:17+0200,e73b670a-bc29-4bfc-b6f4-93c290a4d3ee,2026-07-23T14:15:00Z,2026-07-23T16:15:00+0200,-2.68,EUR/MWh,DK1,DK_1,imbalance_price,Long,2026-07-30T07:28:36Z
2026-07-30T07:25:17Z,2026-07-30T09:25:17+0200,e73b670a-bc29-4bfc-b6f4-93c290a4d3ee,2026-07-23T14:15:00Z,2026-07-23T16:15:00+0200,-2.68,EUR/MWh,DK1,DK_1,imbalance_price,Short,2026-07-30T07:28:36Z
2026-07-30T07:25:17Z,2026-07-30T09:25:17+0200,e73b670a-bc29-4bfc-b6f4-93c290a4d3ee,2026-07-23T14:30:00Z,2026-07-23T16:30:00+0200,-11.95,EUR/MWh,DK1,DK_1,imbalance_price,Long,2026-07-30T07:28:36Z
2026-07-30T07:25:17Z,2026-07-30T09:25:17+0200,e73b670a-bc29-4bfc-b6f4-93c290a4d3ee,2026-07-23T14:30:00Z,2026-07-23T16:30:00+0200,-11.95,EUR/MWh,DK1,DK_1,imbalance_price,Short,2026-07-30T07:28:36Z
2026-07-30T07:25:17Z,2026-07-30T09:25:17+0200,e73b670a-bc29-4bfc-b6f4-93c290a4d3ee,2026-07-23T14:45:00Z,2026-07-23T16:45:00+0200,-0.49,EUR/MWh,DK1,DK_1,imbalance_price,Long,2026-07-30T07:28:36Z
2026-07-30T07:25:17Z,2026-07-30T09:25:17+0200,e73b670a-bc29-4bfc-b6f4-93c290a4d3ee,2026-07-23T14:45:00Z,2026-07-23T16:45:00+0200,-0.49,EUR/MWh,DK1,DK_1,imbalance_price,Short,2026-07-30T07:28:36Z
2026-07-30T07:25:17Z,2026-07-30T09:25:17+0200,e73b670a-bc29-4bfc-b6f4-93c290a4d3ee,2026-07-23T15:00:00Z,2026-07-23T17:00:00+0200,104.01,EUR/MWh,DK1,DK_1,imbalance_price,Long,2026-07-30T07:28:36Z
2026-07-30T07:25:17Z,2026-07-30T09:25:17+0200,e73b670a-bc29-4bfc-b6f4-93c290a4d3ee,2026-07-23T15:00:00Z,2026-07-23T17:00:00+0200,104.01,EUR/MWh,DK1,DK_1,imbalance_price,Short,2026-07-30T07:28:36Z
2026-07-30T07:25:17Z,2026-07-30T09:25:17+0200,e73b670a-bc29-4bfc-b6f4-93c290a4d3ee,2026-07-23T15:15:00Z,2026-07-23T17:15:00+0200,94.78,EUR/MWh,DK1,DK_1,imbalance_price,Long,2026-07-30T07:28:36Z
2026-07-30T07:25:17Z,2026-07-30T09:25:17+0200,e73b670a-bc29-4bfc-b6f4-93c290a4d3ee,2026-07-23T15:15:00Z,2026-07-23T17:15:00+0200,94.78,EUR/MWh,DK1,DK_1,imbalance_price,Short,2026-07-30T07:28:36Z
2026-07-30T07:25:17Z,2026-07-30T09:25:17+0200,e73b670a-bc29-4bfc-b6f4-93c290a4d3ee,2026-07-23T15:30:00Z,2026-07-23T17:30:00+0200,33.0,EUR/MWh,DK1,DK_1,imbalance_price,Long,2026-07-30T07:28:36Z
2026-07-30T07:25:17Z,2026-07-30T09:25:17+0200,e73b670a-bc29-4bfc-b6f4-93c290a4d3ee,2026-07-23T15:30:00Z,2026-07-23T17:30:00+0200,33.0,EUR/MWh,DK1,DK_1,imbalance_price,Short,2026-07-30T07:28:36Z
2026-07-30T07:25:17Z,2026-07-30T09:25:17+0200,e73b670a-bc29-4bfc-b6f4-93c290a4d3ee,2026-07-23T15:45:00Z,2026-07-23T17:45:00+0200,125.4,EUR/MWh,DK1,DK_1,imbalance_price,Long,2026-07-30T07:28:36Z
2026-07-30T07:25:17Z,2026-07-30T09:25:17+0200,e73b670a-bc29-4bfc-b6f4-93c290a4d3ee,2026-07-23T15:45:00Z,2026-07-23T17:45:00+0200,125.4,EUR/MWh,DK1,DK_1,imbalance_price,Short,2026-07-30T07:28:36Z
2026-07-30T07:25:17Z,2026-07-30T09:25:17+0200,e73b670a-bc29-4bfc-b6f4-93c290a4d3ee,2026-07-23T16:00:00Z,2026-07-23T18:00:00+0200,187.15,EUR/MWh,DK1,DK_1,imbalance_price,Long,2026-07-30T07:28:36Z
2026-07-30T07:25:17Z,2026-07-30T09:25:17+0200,e73b670a-bc29-4bfc-b6f4-93c290a4d3ee,2026-07-23T16:00:00Z,2026-07-23T18:00:00+0200,187.15,EUR/MWh,DK1,DK_1,imbalance_price,Short,2026-07-30T07:28:36Z
2026-07-30T07:25:17Z,2026-07-30T09:25:17+0200,e73b670a-bc29-4bfc-b6f4-93c290a4d3ee,2026-07-23T16:15:00Z,2026-07-23T18:15:00+0200,144.4,EUR/MWh,DK1,DK_1,imbalance_price,Long,2026-07-30T07:28:36Z
2026-07-30T07:25:17Z,2026-07-30T09:25:17+0200,e73b670a-bc29-4bfc-b6f4-93c290a4d3ee,2026-07-23T16:15:00Z,2026-07-23T18:15:00+0200,144.4,EUR/MWh,DK1,DK_1,imbalance_price,Short,2026-07-30T07:28:36Z
2026-07-30T07:25:17Z,2026-07-30T09:25:17+0200,e73b670a-bc29-4bfc-b6f4-93c290a4d3ee,2026-07-23T16:30:00Z,2026-07-23T18:30:00+0200,193.08,EUR/MWh,DK1,DK_1,imbalance_price,Long,2026-07-30T07:28:36Z
2026-07-30T07:25:17Z,2026-07-30T09:25:17+0200,e73b670a-bc29-4bfc-b6f4-93c290a4d3ee,2026-07-23T16:30:00Z,2026-07-23T18:30:00+0200,193.08,EUR/MWh,DK1,DK_1,imbalance_price,Short,2026-07-30T07:28:36Z
2026-07-30T07:25:17Z,2026-07-30T09:25:17+0200,e73b670a-bc29-4bfc-b6f4-93c290a4d3ee,2026-07-23T16:45:00Z,2026-07-23T18:45:00+0200,347.88,EUR/MWh,DK1,DK_1,imbalance_price,Long,2026-07-30T07:28:36Z
2026-07-30T07:25:17Z,2026-07-30T09:25:17+0200,e73b670a-bc29-4bfc-b6f4-93c290a4d3ee,2026-07-23T16:45:00Z,2026-07-23T18:45:00+0200,347.88,EUR/MWh,DK1,DK_1,imbalance_price,Short,2026-07-30T07:28:36Z
2026-07-30T07:25:17Z,2026-07-30T09:25:17+0200,e73b670a-bc29-4bfc-b6f4-93c290a4d3ee,2026-07-23T17:00:00Z,2026-07-23T19:00:00+0200,260.87,EUR/MWh,DK1,DK_1,imbalance_price,Long,2026-07-30T07:28:36Z
2026-07-30T07:25:17Z,2026-07-30T09:25:17+0200,e73b670a-bc29-4bfc-b6f4-93c290a4d3ee,2026-07-23T17:00:00Z,2026-07-23T19:00:00+0200,260.87,EUR/MWh,DK1,DK_1,imbalance_price,Short,2026-07-30T07:28:36Z
2026-07-30T07:25:17Z,2026-07-30T09:25:17+0200,e73b670a-bc29-4bfc-b6f4-93c290a4d3ee,2026-07-23T17:15:00Z,2026-07-23T19:15:00+0200,280.79,EUR/MWh,DK1,DK_1,imbalance_price,Long,2026-07-30T07:28:36Z
2026-07-30T07:25:17Z,2026-07-30T09:25:17+0200,e73b670a-bc29-4bfc-b6f4-93c290a4d3ee,2026-07-23T17:15:00Z,2026-07-23T19:15:00+0200,280.79,EUR/MWh,DK1,DK_1,imbalance_price,Short,2026-07-30T07:28:36Z
2026-07-30T07:25:17Z,2026-07-30T09:25:17+0200,e73b670a-bc29-4bfc-b6f4-93c290a4d3ee,2026-07-23T17:30:00Z,2026-07-23T19:30:00+0200,267.55,EUR/MWh,DK1,DK_1,imbalance_price,Long,2026-07-30T07:28:36Z
2026-07-30T07:25:17Z,2026-07-30T09:25:17+0200,e73b670a-bc29-4bfc-b6f4-93c290a4d3ee,2026-07-23T17:30:00Z,2026-07-23T19:30:00+0200,267.55,EUR/MWh,DK1,DK_1,imbalance_price,Short,2026-07-30T07:28:36Z
2026-07-30T07:25:17Z,2026-07-30T09:25:17+0200,e73b670a-bc29-4bfc-b6f4-93c290a4d3ee,2026-07-23T17:45:00Z,2026-07-23T19:45:00+0200,334.43,EUR/MWh,DK1,DK_1,imbalance_price,Long,2026-07-30T07:28:36Z
2026-07-30T07:25:17Z,2026-07-30T09:25:17+0200,e73b670a-bc29-4bfc-b6f4-93c290a4d3ee,2026-07-23T17:45:00Z,2026-07-23T19:45:00+0200,334.43,EUR/MWh,DK1,DK_1,imbalance_price,Short,2026-07-30T07:28:36Z
2026-07-30T07:25:17Z,2026-07-30T09:25:17+0200,e73b670a-bc29-4bfc-b6f4-93c290a4d3ee,2026-07-23T18:00:00Z,2026-07-23T20:00:00+0200,206.63,EUR/MWh,DK1,DK_1,imbalance_price,Long,2026-07-30T07:28:36Z
2026-07-30T07:25:17Z,2026-07-30T09:25:17+0200,e73b670a-bc29-4bfc-b6f4-93c290a4d3ee,2026-07-23T18:00:00Z,2026-07-23T20:00:00+0200,206.63,EUR/MWh,DK1,DK_1,imbalance_price,Short,2026-07-30T07:28:36Z
2026-07-30T07:25:17Z,2026-07-30T09:25:17+0200,e73b670a-bc29-4bfc-b6f4-93c290a4d3ee,2026-07-23T18:15:00Z,2026-07-23T20:15:00+0200,347.81,EUR/MWh,DK1,DK_1,imbalance_price,Long,2026-07-30T07:28:36Z
2026-07-30T07:25:17Z,2026-07-30T09:25:17+0200,e73b670a-bc29-4bfc-b6f4-93c290a4d3ee,2026-07-23T18:15:00Z,2026-07-23T20:15:00+0200,347.81,EUR/MWh,DK1,DK_1,imbalance_price,Short,2026-07-30T07:28:36Z
2026-07-30T07:25:17Z,2026-07-30T09:25:17+0200,e73b670a-bc29-4bfc-b6f4-93c290a4d3ee,2026-07-23T18:30:00Z,2026-07-23T20:30:00+0200,334.43,EUR/MWh,DK1,DK_1,imbalance_price,Long,2026-07-30T07:28:36Z
2026-07-30T07:25:17Z,2026-07-30T09:25:17+0200,e73b670a-bc29-4bfc-b6f4-93c290a4d3ee,2026-07-23T18:30:00Z,2026-07-23T20:30:00+0200,334.43,EUR/MWh,DK1,DK_1,imbalance_price,Short,2026-07-30T07:28:36Z
2026-07-30T07:25:17Z,2026-07-30T09:25:17+0200,e73b670a-bc29-4bfc-b6f4-93c290a4d3ee,2026-07-23T18:45:00Z,2026-07-23T20:45:00+0200,240.84,EUR/MWh,DK1,DK_1,imbalance_price,Long,2026-07-30T07:28:36Z
2026-07-30T07:25:17Z,2026-07-30T09:25:17+0200,e73b670a-bc29-4bfc-b6f4-93c290a4d3ee,2026-07-23T18:45:00Z,2026-07-23T20:45:00+0200,240.84,EUR/MWh,DK1,DK_1,imbalance_price,Short,2026-07-30T07:28:36Z
2026-07-30T07:25:17Z,2026-07-30T09:25:17+0200,e73b670a-bc29-4bfc-b6f4-93c290a4d3ee,2026-07-23T19:00:00Z,2026-07-23T21:00:00+0200,192.84,EUR/MWh,DK1,DK_1,imbalance_price,Long,2026-07-30T07:28:36Z
2026-07-30T07:25:17Z,2026-07-30T09:25:17+0200,e73b670a-bc29-4bfc-b6f4-93c290a4d3ee,2026-07-23T19:00:00Z,2026-07-23T21:00:00+0200,192.84,EUR/MWh,DK1,DK_1,imbalance_price,Short,2026-07-30T07:28:36Z
2026-07-30T07:25:17Z,2026-07-30T09:25:17+0200,e73b670a-bc29-4bfc-b6f4-93c290a4d3ee,2026-07-23T19:15:00Z,2026-07-23T21:15:00+0200,105.51,EUR/MWh,DK1,DK_1,imbalance_price,Long,2026-07-30T07:28:36Z
2026-07-30T07:25:17Z,2026-07-30T09:25:17+0200,e73b670a-bc29-4bfc-b6f4-93c290a4d3ee,2026-07-23T19:15:00Z,2026-07-23T21:15:00+0200,105.51,EUR/MWh,DK1,DK_1,imbalance_price,Short,2026-07-30T07:28:36Z
2026-07-30T07:25:17Z,2026-07-30T09:25:17+0200,e73b670a-bc29-4bfc-b6f4-93c290a4d3ee,2026-07-23T19:30:00Z,2026-07-23T21:30:00+0200,102.32,EUR/MWh,DK1,DK_1,imbalance_price,Long,2026-07-30T07:28:36Z
2026-07-30T07:25:17Z,2026-07-30T09:25:17+0200,e73b670a-bc29-4bfc-b6f4-93c290a4d3ee,2026-07-23T19:30:00Z,2026-07-23T21:30:00+0200,102.32,EUR/MWh,DK1,DK_1,imbalance_price,Short,2026-07-30T07:28:36Z
2026-07-30T07:25:17Z,2026-07-30T09:25:17+0200,e73b670a-bc29-4bfc-b6f4-93c290a4d3ee,2026-07-23T19:45:00Z,2026-07-23T21:45:00+0200,185.67,EUR/MWh,DK1,DK_1,imbalance_price,Long,2026-07-30T07:28:36Z
2026-07-30T07:25:17Z,2026-07-30T09:25:17+0200,e73b670a-bc29-4bfc-b6f4-93c290a4d3ee,2026-07-23T19:45:00Z,2026-07-23T21:45:00+0200,185.67,EUR/MWh,DK1,DK_1,imbalance_price,Short,2026-07-30T07:28:36Z
2026-07-30T07:25:17Z,2026-07-30T09:25:17+0200,e73b670a-bc29-4bfc-b6f4-93c290a4d3ee,2026-07-23T20:00:00Z,2026-07-23T22:00:00+0200,267.6,EUR/MWh,DK1,DK_1,imbalance_price,Long,2026-07-30T07:28:36Z
2026-07-30T07:25:17Z,2026-07-30T09:25:17+0200,e73b670a-bc29-4bfc-b6f4-93c290a4d3ee,2026-07-23T20:00:00Z,2026-07-23T22:00:00+0200,267.6,EUR/MWh,DK1,DK_1,imbalance_price,Short,2026-07-30T07:28:36Z
2026-07-30T07:25:17Z,2026-07-30T09:25:17+0200,e73b670a-bc29-4bfc-b6f4-93c290a4d3ee,2026-07-23T20:15:00Z,2026-07-23T22:15:00+0200,334.43,EUR/MWh,DK1,DK_1,imbalance_price,Long,2026-07-30T07:28:36Z
2026-07-30T07:25:17Z,2026-07-30T09:25:17+0200,e73b670a-bc29-4bfc-b6f4-93c290a4d3ee,2026-07-23T20:15:00Z,2026-07-23T22:15:00+0200,334.43,EUR/MWh,DK1,DK_1,imbalance_price,Short,2026-07-30T07:28:36Z
2026-07-30T07:25:17Z,2026-07-30T09:25:17+0200,e73b670a-bc29-4bfc-b6f4-93c290a4d3ee,2026-07-23T20:30:00Z,2026-07-23T22:30:00+0200,334.43,EUR/MWh,DK1,DK_1,imbalance_price,Long,2026-07-30T07:28:36Z
2026-07-30T07:25:17Z,2026-07-30T09:25:17+0200,e73b670a-bc29-4bfc-b6f4-93c290a4d3ee,2026-07-23T20:30:00Z,2026-07-23T22:30:00+0200,334.43,EUR/MWh,DK1,DK_1,imbalance_price,Short,2026-07-30T07:28:36Z
2026-07-30T07:25:17Z,2026-07-30T09:25:17+0200,e73b670a-bc29-4bfc-b6f4-93c290a4d3ee,2026-07-23T20:45:00Z,2026-07-23T22:45:00+0200,267.6,EUR/MWh,DK1,DK_1,imbalance_price,Long,2026-07-30T07:28:36Z
2026-07-30T07:25:17Z,2026-07-30T09:25:17+0200,e73b670a-bc29-4bfc-b6f4-93c290a4d3ee,2026-07-23T20:45:00Z,2026-07-23T22:45:00+0200,267.6,EUR/MWh,DK1,DK_1,imbalance_price,Short,2026-07-30T07:28:36Z
2026-07-30T07:25:17Z,2026-07-30T09:25:17+0200,e73b670a-bc29-4bfc-b6f4-93c290a4d3ee,2026-07-23T21:00:00Z,2026-07-23T23:00:00+0200,108.08,EUR/MWh,DK1,DK_1,imbalance_price,Long,2026-07-30T07:28:36Z
2026-07-30T07:25:17Z,2026-07-30T09:25:17+0200,e73b670a-bc29-4bfc-b6f4-93c290a4d3ee,2026-07-23T21:00:00Z,2026-07-23T23:00:00+0200,108.08,EUR/MWh,DK1,DK_1,imbalance_price,Short,2026-07-30T07:28:36Z
2026-07-30T07:25:17Z,2026-07-30T09:25:17+0200,e73b670a-bc29-4bfc-b6f4-93c290a4d3ee,2026-07-23T21:15:00Z,2026-07-23T23:15:00+0200,107.31,EUR/MWh,DK1,DK_1,imbalance_price,Long,2026-07-30T07:28:36Z
2026-07-30T07:25:17Z,2026-07-30T09:25:17+0200,e73b670a-bc29-4bfc-b6f4-93c290a4d3ee,2026-07-23T21:15:00Z,2026-07-23T23:15:00+0200,107.31,EUR/MWh,DK1,DK_1,imbalance_price,Short,2026-07-30T07:28:36Z
2026-07-30T07:25:17Z,2026-07-30T09:25:17+0200,e73b670a-bc29-4bfc-b6f4-93c290a4d3ee,2026-07-23T21:30:00Z,2026-07-23T23:30:00+0200,267.6,EUR/MWh,DK1,DK_1,imbalance_price,Long,2026-07-30T07:28:36Z
2026-07-30T07:25:17Z,2026-07-30T09:25:17+0200,e73b670a-bc29-4bfc-b6f4-93c290a4d3ee,2026-07-23T21:30:00Z,2026-07-23T23:30:00+0200,267.6,EUR/MWh,DK1,DK_1,imbalance_price,Short,2026-07-30T07:28:36Z
2026-07-30T07:25:17Z,2026-07-30T09:25:17+0200,e73b670a-bc29-4bfc-b6f4-93c290a4d3ee,2026-07-23T21:45:00Z,2026-07-23T23:45:00+0200,280.92,EUR/MWh,DK1,DK_1,imbalance_price,Long,2026-07-30T07:28:36Z
2026-07-30T07:25:17Z,2026-07-30T09:25:17+0200,e73b670a-bc29-4bfc-b6f4-93c290a4d3ee,2026-07-23T21:45:00Z,2026-07-23T23:45:00+0200,280.92,EUR/MWh,DK1,DK_1,imbalance_price,Short,2026-07-30T07:28:36Z
2026-07-30T07:25:17Z,2026-07-30T09:25:17+0200,e73b670a-bc29-4bfc-b6f4-93c290a4d3ee,2026-07-23T22:00:00Z,2026-07-24T00:00:00+0200,207.65,EUR/MWh,DK1,DK_1,imbalance_price,Long,2026-07-30T07:28:36Z
2026-07-30T07:25:17Z,2026-07-30T09:25:17+0200,e73b670a-bc29-4bfc-b6f4-93c290a4d3ee,2026-07-23T22:00:00Z,2026-07-24T00:00:00+0200,207.65,EUR/MWh,DK1,DK_1,imbalance_price,Short,2026-07-30T07:28:36Z
2026-07-30T07:25:17Z,2026-07-30T09:25:17+0200,e73b670a-bc29-4bfc-b6f4-93c290a4d3ee,2026-07-23T22:15:00Z,2026-07-24T00:15:00+0200,267.6,EUR/MWh,DK1,DK_1,imbalance_price,Long,2026-07-30T07:28:36Z
2026-07-30T07:25:17Z,2026-07-30T09:25:17+0200,e73b670a-bc29-4bfc-b6f4-93c290a4d3ee,2026-07-23T22:15:00Z,2026-07-24T00:15:00+0200,267.6,EUR/MWh,DK1,DK_1,imbalance_price,Short,2026-07-30T07:28:36Z
2026-07-30T07:25:17Z,2026-07-30T09:25:17+0200,e73b670a-bc29-4bfc-b6f4-93c290a4d3ee,2026-07-23T22:30:00Z,2026-07-24T00:30:00+0200,334.43,EUR/MWh,DK1,DK_1,imbalance_price,Long,2026-07-30T07:28:36Z
2026-07-30T07:25:17Z,2026-07-30T09:25:17+0200,e73b670a-bc29-4bfc-b6f4-93c290a4d3ee,2026-07-23T22:30:00Z,2026-07-24T00:30:00+0200,334.43,EUR/MWh,DK1,DK_1,imbalance_price,Short,2026-07-30T07:28:36Z
2026-07-30T07:25:17Z,2026-07-30T09:25:17+0200,e73b670a-bc29-4bfc-b6f4-93c290a4d3ee,2026-07-23T22:45:00Z,2026-07-24T00:45:00+0200,220.46,EUR/MWh,DK1,DK_1,imbalance_price,Long,2026-07-30T07:28:36Z
2026-07-30T07:25:17Z,2026-07-30T09:25:17+0200,e73b670a-bc29-4bfc-b6f4-93c290a4d3ee,2026-07-23T22:45:00Z,2026-07-24T00:45:00+0200,220.46,EUR/MWh,DK1,DK_1,imbalance_price,Short,2026-07-30T07:28:36Z
2026-07-30T07:25:17Z,2026-07-30T09:25:17+0200,e73b670a-bc29-4bfc-b6f4-93c290a4d3ee,2026-07-23T23:00:00Z,2026-07-24T01:00:00+0200,165.5,EUR/MWh,DK1,DK_1,imbalance_price,Long,2026-07-30T07:28:36Z
2026-07-30T07:25:17Z,2026-07-30T09:25:17+0200,e73b670a-bc29-4bfc-b6f4-93c290a4d3ee,2026-07-23T23:00:00Z,2026-07-24T01:00:00+0200,165.5,EUR/MWh,DK1,DK_1,imbalance_price,Short,2026-07-30T07:28:36Z
2026-07-30T07:25:17Z,2026-07-30T09:25:17+0200,e73b670a-bc29-4bfc-b6f4-93c290a4d3ee,2026-07-23T23:15:00Z,2026-07-24T01:15:00+0200,157.97,EUR/MWh,DK1,DK_1,imbalance_price,Long,2026-07-30T07:28:36Z
2026-07-30T07:25:17Z,2026-07-30T09:25:17+0200,e73b670a-bc29-4bfc-b6f4-93c290a4d3ee,2026-07-23T23:15:00Z,2026-07-24T01:15:00+0200,157.97,EUR/MWh,DK1,DK_1,imbalance_price,Short,2026-07-30T07:28:36Z
2026-07-30T07:25:17Z,2026-07-30T09:25:17+0200,e73b670a-bc29-4bfc-b6f4-93c290a4d3ee,2026-07-23T23:30:00Z,2026-07-24T01:30:00+0200,155.89,EUR/MWh,DK1,DK_1,imbalance_price,Long,2026-07-30T07:28:36Z
2026-07-30T07:25:17Z,2026-07-30T09:25:17+0200,e73b670a-bc29-4bfc-b6f4-93c290a4d3ee,2026-07-23T23:30:00Z,2026-07-24T01:30:00+0200,155.89,EUR/MWh,DK1,DK_1,imbalance_price,Short,2026-07-30T07:28:36Z
2026-07-30T07:25:17Z,2026-07-30T09:25:17+0200,e73b670a-bc29-4bfc-b6f4-93c290a4d3ee,2026-07-23T23:45:00Z,2026-07-24T01:45:00+0200,112.67,EUR/MWh,DK1,DK_1,imbalance_price,Long,2026-07-30T07:28:36Z
2026-07-30T07:25:17Z,2026-07-30T09:25:17+0200,e73b670a-bc29-4bfc-b6f4-93c290a4d3ee,2026-07-23T23:45:00Z,2026-07-24T01:45:00+0200,112.67,EUR/MWh,DK1,DK_1,imbalance_price,Short,2026-07-30T07:28:36Z
2026-07-30T07:25:17Z,2026-07-30T09:25:17+0200,e73b670a-bc29-4bfc-b6f4-93c290a4d3ee,2026-07-24T00:00:00Z,2026-07-24T02:00:00+0200,113.63,EUR/MWh,DK1,DK_1,imbalance_price,Long,2026-07-30T07:28:36Z
2026-07-30T07:25:17Z,2026-07-30T09:25:17+0200,e73b670a-bc29-4bfc-b6f4-93c290a4d3ee,2026-07-24T00:00:00Z,2026-07-24T02:00:00+0200,113.63,EUR/MWh,DK1,DK_1,imbalance_price,Short,2026-07-30T07:28:36Z
2026-07-30T07:25:17Z,2026-07-30T09:25:17+0200,e73b670a-bc29-4bfc-b6f4-93c290a4d3ee,2026-07-24T00:15:00Z,2026-07-24T02:15:00+0200,113.17,EUR/MWh,DK1,DK_1,imbalance_price,Long,2026-07-30T07:28:36Z
2026-07-30T07:25:17Z,2026-07-30T09:25:17+0200,e73b670a-bc29-4bfc-b6f4-93c290a4d3ee,2026-07-24T00:15:00Z,2026-07-24T02:15:00+0200,113.17,EUR/MWh,DK1,DK_1,imbalance_price,Short,2026-07-30T07:28:36Z
2026-07-30T07:25:17Z,2026-07-30T09:25:17+0200,e73b670a-bc29-4bfc-b6f4-93c290a4d3ee,2026-07-24T00:30:00Z,2026-07-24T02:30:00+0200,115.97,EUR/MWh,DK1,DK_1,imbalance_price,Long,2026-07-30T07:28:36Z
2026-07-30T07:25:17Z,2026-07-30T09:25:17+0200,e73b670a-bc29-4bfc-b6f4-93c290a4d3ee,2026-07-24T00:30:00Z,2026-07-24T02:30:00+0200,115.97,EUR/MWh,DK1,DK_1,imbalance_price,Short,2026-07-30T07:28:36Z
2026-07-30T07:25:17Z,2026-07-30T09:25:17+0200,e73b670a-bc29-4bfc-b6f4-93c290a4d3ee,2026-07-24T00:45:00Z,2026-07-24T02:45:00+0200,107.07,EUR/MWh,DK1,DK_1,imbalance_price,Long,2026-07-30T07:28:36Z
2026-07-30T07:25:17Z,2026-07-30T09:25:17+0200,e73b670a-bc29-4bfc-b6f4-93c290a4d3ee,2026-07-24T00:45:00Z,2026-07-24T02:45:00+0200,107.07,EUR/MWh,DK1,DK_1,imbalance_price,Short,2026-07-30T07:28:36Z
2026-07-30T07:25:17Z,2026-07-30T09:25:17+0200,e73b670a-bc29-4bfc-b6f4-93c290a4d3ee,2026-07-24T01:00:00Z,2026-07-24T03:00:00+0200,113.65,EUR/MWh,DK1,DK_1,imbalance_price,Long,2026-07-30T07:28:36Z
2026-07-30T07:25:17Z,2026-07-30T09:25:17+0200,e73b670a-bc29-4bfc-b6f4-93c290a4d3ee,2026-07-24T01:00:00Z,2026-07-24T03:00:00+0200,113.65,EUR/MWh,DK1,DK_1,imbalance_price,Short,2026-07-30T07:28:36Z
2026-07-30T07:25:17Z,2026-07-30T09:25:17+0200,e73b670a-bc29-4bfc-b6f4-93c290a4d3ee,2026-07-24T01:15:00Z,2026-07-24T03:15:00+0200,112.17,EUR/MWh,DK1,DK_1,imbalance_price,Long,2026-07-30T07:28:36Z
2026-07-30T07:25:17Z,2026-07-30T09:25:17+0200,e73b670a-bc29-4bfc-b6f4-93c290a4d3ee,2026-07-24T01:15:00Z,2026-07-24T03:15:00+0200,112.17,EUR/MWh,DK1,DK_1,imbalance_price,Short,2026-07-30T07:28:36Z
2026-07-30T07:25:17Z,2026-07-30T09:25:17+0200,e73b670a-bc29-4bfc-b6f4-93c290a4d3ee,2026-07-24T01:30:00Z,2026-07-24T03:30:00+0200,267.6,EUR/MWh,DK1,DK_1,imbalance_price,Long,2026-07-30T07:28:36Z
2026-07-30T07:25:17Z,2026-07-30T09:25:17+0200,e73b670a-bc29-4bfc-b6f4-93c290a4d3ee,2026-07-24T01:30:00Z,2026-07-24T03:30:00+0200,267.6,EUR/MWh,DK1,DK_1,imbalance_price,Short,2026-07-30T07:28:36Z
2026-07-30T07:25:17Z,2026-07-30T09:25:17+0200,e73b670a-bc29-4bfc-b6f4-93c290a4d3ee,2026-07-24T01:45:00Z,2026-07-24T03:45:00+0200,141.02,EUR/MWh,DK1,DK_1,imbalance_price,Long,2026-07-30T07:28:36Z
2026-07-30T07:25:17Z,2026-07-30T09:25:17+0200,e73b670a-bc29-4bfc-b6f4-93c290a4d3ee,2026-07-24T01:45:00Z,2026-07-24T03:45:00+0200,141.02,EUR/MWh,DK1,DK_1,imbalance_price,Short,2026-07-30T07:28:36Z
2026-07-30T07:25:17Z,2026-07-30T09:25:17+0200,e73b670a-bc29-4bfc-b6f4-93c290a4d3ee,2026-07-24T02:00:00Z,2026-07-24T04:00:00+0200,142.07,EUR/MWh,DK1,DK_1,imbalance_price,Long,2026-07-30T07:28:36Z
2026-07-30T07:25:17Z,2026-07-30T09:25:17+0200,e73b670a-bc29-4bfc-b6f4-93c290a4d3ee,2026-07-24T02:00:00Z,2026-07-24T04:00:00+0200,142.07,EUR/MWh,DK1,DK_1,imbalance_price,Short,2026-07-30T07:28:36Z
2026-07-30T07:25:17Z,2026-07-30T09:25:17+0200,e73b670a-bc29-4bfc-b6f4-93c290a4d3ee,2026-07-24T02:15:00Z,2026-07-24T04:15:00+0200,141.69,EUR/MWh,DK1,DK_1,imbalance_price,Long,2026-07-30T07:28:36Z
2026-07-30T07:25:17Z,2026-07-30T09:25:17+0200,e73b670a-bc29-4bfc-b6f4-93c290a4d3ee,2026-07-24T02:15:00Z,2026-07-24T04:15:00+0200,141.69,EUR/MWh,DK1,DK_1,imbalance_price,Short,2026-07-30T07:28:36Z
2026-07-30T07:25:17Z,2026-07-30T09:25:17+0200,e73b670a-bc29-4bfc-b6f4-93c290a4d3ee,2026-07-24T02:30:00Z,2026-07-24T04:30:00+0200,142.21,EUR/MWh,DK1,DK_1,imbalance_price,Long,2026-07-30T07:28:36Z
2026-07-30T07:25:17Z,2026-07-30T09:25:17+0200,e73b670a-bc29-4bfc-b6f4-93c290a4d3ee,2026-07-24T02:30:00Z,2026-07-24T04:30:00+0200,142.21,EUR/MWh,DK1,DK_1,imbalance_price,Short,2026-07-30T07:28:36Z
2026-07-30T07:25:17Z,2026-07-30T09:25:17+0200,e73b670a-bc29-4bfc-b6f4-93c290a4d3ee,2026-07-24T02:45:00Z,2026-07-24T04:45:00+0200,119.51,EUR/MWh,DK1,DK_1,imbalance_price,Long,2026-07-30T07:28:36Z
2026-07-30T07:25:17Z,2026-07-30T09:25:17+0200,e73b670a-bc29-4bfc-b6f4-93c290a4d3ee,2026-07-24T02:45:00Z,2026-07-24T04:45:00+0200,119.51,EUR/MWh,DK1,DK_1,imbalance_price,Short,2026-07-30T07:28:36Z
2026-07-30T07:25:17Z,2026-07-30T09:25:17+0200,e73b670a-bc29-4bfc-b6f4-93c290a4d3ee,2026-07-24T03:00:00Z,2026-07-24T05:00:00+0200,149.67,EUR/MWh,DK1,DK_1,imbalance_price,Long,2026-07-30T07:28:36Z
2026-07-30T07:25:17Z,2026-07-30T09:25:17+0200,e73b670a-bc29-4bfc-b6f4-93c290a4d3ee,2026-07-24T03:00:00Z,2026-07-24T05:00:00+0200,149.67,EUR/MWh,DK1,DK_1,imbalance_price,Short,2026-07-30T07:28:36Z
2026-07-30T07:25:17Z,2026-07-30T09:25:17+0200,e73b670a-bc29-4bfc-b6f4-93c290a4d3ee,2026-07-24T03:15:00Z,2026-07-24T05:15:00+0200,127.5,EUR/MWh,DK1,DK_1,imbalance_price,Long,2026-07-30T07:28:36Z
2026-07-30T07:25:17Z,2026-07-30T09:25:17+0200,e73b670a-bc29-4bfc-b6f4-93c290a4d3ee,2026-07-24T03:15:00Z,2026-07-24T05:15:00+0200,127.5,EUR/MWh,DK1,DK_1,imbalance_price,Short,2026-07-30T07:28:36Z
2026-07-30T07:25:17Z,2026-07-30T09:25:17+0200,e73b670a-bc29-4bfc-b6f4-93c290a4d3ee,2026-07-24T03:30:00Z,2026-07-24T05:30:00+0200,216.18,EUR/MWh,DK1,DK_1,imbalance_price,Long,2026-07-30T07:28:36Z
2026-07-30T07:25:17Z,2026-07-30T09:25:17+0200,e73b670a-bc29-4bfc-b6f4-93c290a4d3ee,2026-07-24T03:30:00Z,2026-07-24T05:30:00+0200,216.18,EUR/MWh,DK1,DK_1,imbalance_price,Short,2026-07-30T07:28:36Z
2026-07-30T07:25:17Z,2026-07-30T09:25:17+0200,e73b670a-bc29-4bfc-b6f4-93c290a4d3ee,2026-07-24T03:45:00Z,2026-07-24T05:45:00+0200,334.44,EUR/MWh,DK1,DK_1,imbalance_price,Long,2026-07-30T07:28:36Z
2026-07-30T07:25:17Z,2026-07-30T09:25:17+0200,e73b670a-bc29-4bfc-b6f4-93c290a4d3ee,2026-07-24T03:45:00Z,2026-07-24T05:45:00+0200,334.44,EUR/MWh,DK1,DK_1,imbalance_price,Short,2026-07-30T07:28:36Z
2026-07-30T07:25:17Z,2026-07-30T09:25:17+0200,e73b670a-bc29-4bfc-b6f4-93c290a4d3ee,2026-07-24T04:00:00Z,2026-07-24T06:00:00+0200,157.32,EUR/MWh,DK1,DK_1,imbalance_price,Long,2026-07-30T07:28:36Z
2026-07-30T07:25:17Z,2026-07-30T09:25:17+0200,e73b670a-bc29-4bfc-b6f4-93c290a4d3ee,2026-07-24T04:00:00Z,2026-07-24T06:00:00+0200,157.32,EUR/MWh,DK1,DK_1,imbalance_price,Short,2026-07-30T07:28:36Z
2026-07-30T07:25:17Z,2026-07-30T09:25:17+0200,e73b670a-bc29-4bfc-b6f4-93c290a4d3ee,2026-07-24T04:15:00Z,2026-07-24T06:15:00+0200,190.95,EUR/MWh,DK1,DK_1,imbalance_price,Long,2026-07-30T07:28:36Z
2026-07-30T07:25:17Z,2026-07-30T09:25:17+0200,e73b670a-bc29-4bfc-b6f4-93c290a4d3ee,2026-07-24T04:15:00Z,2026-07-24T06:15:00+0200,190.95,EUR/MWh,DK1,DK_1,imbalance_price,Short,2026-07-30T07:28:36Z
2026-07-30T07:25:17Z,2026-07-30T09:25:17+0200,e73b670a-bc29-4bfc-b6f4-93c290a4d3ee,2026-07-24T04:30:00Z,2026-07-24T06:30:00+0200,267.55,EUR/MWh,DK1,DK_1,imbalance_price,Long,2026-07-30T07:28:36Z
2026-07-30T07:25:17Z,2026-07-30T09:25:17+0200,e73b670a-bc29-4bfc-b6f4-93c290a4d3ee,2026-07-24T04:30:00Z,2026-07-24T06:30:00+0200,267.55,EUR/MWh,DK1,DK_1,imbalance_price,Short,2026-07-30T07:28:36Z
2026-07-30T07:25:17Z,2026-07-30T09:25:17+0200,e73b670a-bc29-4bfc-b6f4-93c290a4d3ee,2026-07-24T04:45:00Z,2026-07-24T06:45:00+0200,159.65,EUR/MWh,DK1,DK_1,imbalance_price,Long,2026-07-30T07:28:36Z
2026-07-30T07:25:17Z,2026-07-30T09:25:17+0200,e73b670a-bc29-4bfc-b6f4-93c290a4d3ee,2026-07-24T04:45:00Z,2026-07-24T06:45:00+0200,159.65,EUR/MWh,DK1,DK_1,imbalance_price,Short,2026-07-30T07:28:36Z
2026-07-30T07:25:17Z,2026-07-30T09:25:17+0200,e73b670a-bc29-4bfc-b6f4-93c290a4d3ee,2026-07-24T05:00:00Z,2026-07-24T07:00:00+0200,194.58,EUR/MWh,DK1,DK_1,imbalance_price,Long,2026-07-30T07:28:36Z
2026-07-30T07:25:17Z,2026-07-30T09:25:17+0200,e73b670a-bc29-4bfc-b6f4-93c290a4d3ee,2026-07-24T05:00:00Z,2026-07-24T07:00:00+0200,194.58,EUR/MWh,DK1,DK_1,imbalance_price,Short,2026-07-30T07:28:36Z
2026-07-30T07:25:17Z,2026-07-30T09:25:17+0200,e73b670a-bc29-4bfc-b6f4-93c290a4d3ee,2026-07-24T05:15:00Z,2026-07-24T07:15:00+0200,267.6,EUR/MWh,DK1,DK_1,imbalance_price,Long,2026-07-30T07:28:36Z
2026-07-30T07:25:17Z,2026-07-30T09:25:17+0200,e73b670a-bc29-4bfc-b6f4-93c290a4d3ee,2026-07-24T05:15:00Z,2026-07-24T07:15:00+0200,267.6,EUR/MWh,DK1,DK_1,imbalance_price,Short,2026-07-30T07:28:36Z
2026-07-30T07:25:17Z,2026-07-30T09:25:17+0200,e73b670a-bc29-4bfc-b6f4-93c290a4d3ee,2026-07-24T05:30:00Z,2026-07-24T07:30:00+0200,267.6,EUR/MWh,DK1,DK_1,imbalance_price,Long,2026-07-30T07:28:36Z
2026-07-30T07:25:17Z,2026-07-30T09:25:17+0200,e73b670a-bc29-4bfc-b6f4-93c290a4d3ee,2026-07-24T05:30:00Z,2026-07-24T07:30:00+0200,267.6,EUR/MWh,DK1,DK_1,imbalance_price,Short,2026-07-30T07:28:36Z
2026-07-30T07:25:17Z,2026-07-30T09:25:17+0200,e73b670a-bc29-4bfc-b6f4-93c290a4d3ee,2026-07-24T05:45:00Z,2026-07-24T07:45:00+0200,208.45,EUR/MWh,DK1,DK_1,imbalance_price,Long,2026-07-30T07:28:36Z
2026-07-30T07:25:17Z,2026-07-30T09:25:17+0200,e73b670a-bc29-4bfc-b6f4-93c290a4d3ee,2026-07-24T05:45:00Z,2026-07-24T07:45:00+0200,208.45,EUR/MWh,DK1,DK_1,imbalance_price,Short,2026-07-30T07:28:36Z
2026-07-30T07:25:17Z,2026-07-30T09:25:17+0200,e73b670a-bc29-4bfc-b6f4-93c290a4d3ee,2026-07-24T06:00:00Z,2026-07-24T08:00:00+0200,561.86,EUR/MWh,DK1,DK_1,imbalance_price,Long,2026-07-30T07:28:36Z
2026-07-30T07:25:17Z,2026-07-30T09:25:17+0200,e73b670a-bc29-4bfc-b6f4-93c290a4d3ee,2026-07-24T06:00:00Z,2026-07-24T08:00:00+0200,561.86,EUR/MWh,DK1,DK_1,imbalance_price,Short,2026-07-30T07:28:36Z
2026-07-30T07:25:17Z,2026-07-30T09:25:17+0200,e73b670a-bc29-4bfc-b6f4-93c290a4d3ee,2026-07-24T06:15:00Z,2026-07-24T08:15:00+0200,347.88,EUR/MWh,DK1,DK_1,imbalance_price,Long,2026-07-30T07:28:36Z
2026-07-30T07:25:17Z,2026-07-30T09:25:17+0200,e73b670a-bc29-4bfc-b6f4-93c290a4d3ee,2026-07-24T06:15:00Z,2026-07-24T08:15:00+0200,347.88,EUR/MWh,DK1,DK_1,imbalance_price,Short,2026-07-30T07:28:36Z
2026-07-30T07:25:17Z,2026-07-30T09:25:17+0200,e73b670a-bc29-4bfc-b6f4-93c290a4d3ee,2026-07-24T06:30:00Z,2026-07-24T08:30:00+0200,170.31,EUR/MWh,DK1,DK_1,imbalance_price,Long,2026-07-30T07:28:36Z
2026-07-30T07:25:17Z,2026-07-30T09:25:17+0200,e73b670a-bc29-4bfc-b6f4-93c290a4d3ee,2026-07-24T06:30:00Z,2026-07-24T08:30:00+0200,170.31,EUR/MWh,DK1,DK_1,imbalance_price,Short,2026-07-30T07:28:36Z
2026-07-30T07:25:17Z,2026-07-30T09:25:17+0200,e73b670a-bc29-4bfc-b6f4-93c290a4d3ee,2026-07-24T06:45:00Z,2026-07-24T08:45:00+0200,193.54,EUR/MWh,DK1,DK_1,imbalance_price,Long,2026-07-30T07:28:36Z
2026-07-30T07:25:17Z,2026-07-30T09:25:17+0200,e73b670a-bc29-4bfc-b6f4-93c290a4d3ee,2026-07-24T06:45:00Z,2026-07-24T08:45:00+0200,193.54,EUR/MWh,DK1,DK_1,imbalance_price,Short,2026-07-30T07:28:36Z
2026-07-30T07:25:17Z,2026-07-30T09:25:17+0200,e73b670a-bc29-4bfc-b6f4-93c290a4d3ee,2026-07-24T07:00:00Z,2026-07-24T09:00:00+0200,210.75,EUR/MWh,DK1,DK_1,imbalance_price,Long,2026-07-30T07:28:36Z
2026-07-30T07:25:17Z,2026-07-30T09:25:17+0200,e73b670a-bc29-4bfc-b6f4-93c290a4d3ee,2026-07-24T07:00:00Z,2026-07-24T09:00:00+0200,210.75,EUR/MWh,DK1,DK_1,imbalance_price,Short,2026-07-30T07:28:36Z
2026-07-30T07:25:17Z,2026-07-30T09:25:17+0200,e73b670a-bc29-4bfc-b6f4-93c290a4d3ee,2026-07-24T07:15:00Z,2026-07-24T09:15:00+0200,97.31,EUR/MWh,DK1,DK_1,imbalance_price,Long,2026-07-30T07:28:36Z
2026-07-30T07:25:17Z,2026-07-30T09:25:17+0200,e73b670a-bc29-4bfc-b6f4-93c290a4d3ee,2026-07-24T07:15:00Z,2026-07-24T09:15:00+0200,97.31,EUR/MWh,DK1,DK_1,imbalance_price,Short,2026-07-30T07:28:36Z
2026-07-30T07:25:17Z,2026-07-30T09:25:17+0200,e73b670a-bc29-4bfc-b6f4-93c290a4d3ee,2026-07-24T07:30:00Z,2026-07-24T09:30:00+0200,64.34,EUR/MWh,DK1,DK_1,imbalance_price,Long,2026-07-30T07:28:36Z
2026-07-30T07:25:17Z,2026-07-30T09:25:17+0200,e73b670a-bc29-4bfc-b6f4-93c290a4d3ee,2026-07-24T07:30:00Z,2026-07-24T09:30:00+0200,64.34,EUR/MWh,DK1,DK_1,imbalance_price,Short,2026-07-30T07:28:36Z
2026-07-30T07:25:17Z,2026-07-30T09:25:17+0200,e73b670a-bc29-4bfc-b6f4-93c290a4d3ee,2026-07-24T07:45:00Z,2026-07-24T09:45:00+0200,78.4,EUR/MWh,DK1,DK_1,imbalance_price,Long,2026-07-30T07:28:36Z
2026-07-30T07:25:17Z,2026-07-30T09:25:17+0200,e73b670a-bc29-4bfc-b6f4-93c290a4d3ee,2026-07-24T07:45:00Z,2026-07-24T09:45:00+0200,78.4,EUR/MWh,DK1,DK_1,imbalance_price,Short,2026-07-30T07:28:36Z
2026-07-30T07:25:17Z,2026-07-30T09:25:17+0200,e73b670a-bc29-4bfc-b6f4-93c290a4d3ee,2026-07-24T08:00:00Z,2026-07-24T10:00:00+0200,118.45,EUR/MWh,DK1,DK_1,imbalance_price,Long,2026-07-30T07:28:36Z
2026-07-30T07:25:17Z,2026-07-30T09:25:17+0200,e73b670a-bc29-4bfc-b6f4-93c290a4d3ee,2026-07-24T08:00:00Z,2026-07-24T10:00:00+0200,118.45,EUR/MWh,DK1,DK_1,imbalance_price,Short,2026-07-30T07:28:36Z
2026-07-30T07:25:17Z,2026-07-30T09:25:17+0200,e73b670a-bc29-4bfc-b6f4-93c290a4d3ee,2026-07-24T08:15:00Z,2026-07-24T10:15:00+0200,226.71,EUR/MWh,DK1,DK_1,imbalance_price,Long,2026-07-30T07:28:36Z
2026-07-30T07:25:17Z,2026-07-30T09:25:17+0200,e73b670a-bc29-4bfc-b6f4-93c290a4d3ee,2026-07-24T08:15:00Z,2026-07-24T10:15:00+0200,226.71,EUR/MWh,DK1,DK_1,imbalance_price,Short,2026-07-30T07:28:36Z
2026-07-30T07:25:17Z,2026-07-30T09:25:17+0200,e73b670a-bc29-4bfc-b6f4-93c290a4d3ee,2026-07-24T08:30:00Z,2026-07-24T10:30:00+0200,200.66,EUR/MWh,DK1,DK_1,imbalance_price,Long,2026-07-30T07:28:36Z
2026-07-30T07:25:17Z,2026-07-30T09:25:17+0200,e73b670a-bc29-4bfc-b6f4-93c290a4d3ee,2026-07-24T08:30:00Z,2026-07-24T10:30:00+0200,200.66,EUR/MWh,DK1,DK_1,imbalance_price,Short,2026-07-30T07:28:36Z
2026-07-30T07:25:17Z,2026-07-30T09:25:17+0200,e73b670a-bc29-4bfc-b6f4-93c290a4d3ee,2026-07-24T08:45:00Z,2026-07-24T10:45:00+0200,334.44,EUR/MWh,DK1,DK_1,imbalance_price,Long,2026-07-30T07:28:36Z
2026-07-30T07:25:17Z,2026-07-30T09:25:17+0200,e73b670a-bc29-4bfc-b6f4-93c290a4d3ee,2026-07-24T08:45:00Z,2026-07-24T10:45:00+0200,334.44,EUR/MWh,DK1,DK_1,imbalance_price,Short,2026-07-30T07:28:36Z
2026-07-30T07:25:17Z,2026-07-30T09:25:17+0200,e73b670a-bc29-4bfc-b6f4-93c290a4d3ee,2026-07-24T09:00:00Z,2026-07-24T11:00:00+0200,334.5,EUR/MWh,DK1,DK_1,imbalance_price,Long,2026-07-30T07:28:36Z
2026-07-30T07:25:17Z,2026-07-30T09:25:17+0200,e73b670a-bc29-4bfc-b6f4-93c290a4d3ee,2026-07-24T09:00:00Z,2026-07-24T11:00:00+0200,334.5,EUR/MWh,DK1,DK_1,imbalance_price,Short,2026-07-30T07:28:36Z
2026-07-30T07:25:17Z,2026-07-30T09:25:17+0200,e73b670a-bc29-4bfc-b6f4-93c290a4d3ee,2026-07-24T09:15:00Z,2026-07-24T11:15:00+0200,134.95,EUR/MWh,DK1,DK_1,imbalance_price,Long,2026-07-30T07:28:36Z
2026-07-30T07:25:17Z,2026-07-30T09:25:17+0200,e73b670a-bc29-4bfc-b6f4-93c290a4d3ee,2026-07-24T09:15:00Z,2026-07-24T11:15:00+0200,134.95,EUR/MWh,DK1,DK_1,imbalance_price,Short,2026-07-30T07:28:36Z
2026-07-30T07:25:17Z,2026-07-30T09:25:17+0200,e73b670a-bc29-4bfc-b6f4-93c290a4d3ee,2026-07-24T09:30:00Z,2026-07-24T11:30:00+0200,118.62,EUR/MWh,DK1,DK_1,imbalance_price,Long,2026-07-30T07:28:36Z
2026-07-30T07:25:17Z,2026-07-30T09:25:17+0200,e73b670a-bc29-4bfc-b6f4-93c290a4d3ee,2026-07-24T09:30:00Z,2026-07-24T11:30:00+0200,118.62,EUR/MWh,DK1,DK_1,imbalance_price,Short,2026-07-30T07:28:36Z
2026-07-30T07:25:17Z,2026-07-30T09:25:17+0200,e73b670a-bc29-4bfc-b6f4-93c290a4d3ee,2026-07-24T09:45:00Z,2026-07-24T11:45:00+0200,65.19,EUR/MWh,DK1,DK_1,imbalance_price,Long,2026-07-30T07:28:36Z
2026-07-30T07:25:17Z,2026-07-30T09:25:17+0200,e73b670a-bc29-4bfc-b6f4-93c290a4d3ee,2026-07-24T09:45:00Z,2026-07-24T11:45:00+0200,65.19,EUR/MWh,DK1,DK_1,imbalance_price,Short,2026-07-30T07:28:36Z
2026-07-30T07:25:17Z,2026-07-30T09:25:17+0200,e73b670a-bc29-4bfc-b6f4-93c290a4d3ee,2026-07-24T10:00:00Z,2026-07-24T12:00:00+0200,14.04,EUR/MWh,DK1,DK_1,imbalance_price,Long,2026-07-30T07:28:36Z
2026-07-30T07:25:17Z,2026-07-30T09:25:17+0200,e73b670a-bc29-4bfc-b6f4-93c290a4d3ee,2026-07-24T10:00:00Z,2026-07-24T12:00:00+0200,14.04,EUR/MWh,DK1,DK_1,imbalance_price,Short,2026-07-30T07:28:36Z
2026-07-30T07:25:17Z,2026-07-30T09:25:17+0200,e73b670a-bc29-4bfc-b6f4-93c290a4d3ee,2026-07-24T10:15:00Z,2026-07-24T12:15:00+0200,57.56,EUR/MWh,DK1,DK_1,imbalance_price,Long,2026-07-30T07:28:36Z
2026-07-30T07:25:17Z,2026-07-30T09:25:17+0200,e73b670a-bc29-4bfc-b6f4-93c290a4d3ee,2026-07-24T10:15:00Z,2026-07-24T12:15:00+0200,57.56,EUR/MWh,DK1,DK_1,imbalance_price,Short,2026-07-30T07:28:36Z
2026-07-30T07:25:17Z,2026-07-30T09:25:17+0200,e73b670a-bc29-4bfc-b6f4-93c290a4d3ee,2026-07-24T10:30:00Z,2026-07-24T12:30:00+0200,42.68,EUR/MWh,DK1,DK_1,imbalance_price,Long,2026-07-30T07:28:36Z
2026-07-30T07:25:17Z,2026-07-30T09:25:17+0200,e73b670a-bc29-4bfc-b6f4-93c290a4d3ee,2026-07-24T10:30:00Z,2026-07-24T12:30:00+0200,42.68,EUR/MWh,DK1,DK_1,imbalance_price,Short,2026-07-30T07:28:36Z
2026-07-30T07:25:17Z,2026-07-30T09:25:17+0200,e73b670a-bc29-4bfc-b6f4-93c290a4d3ee,2026-07-24T10:45:00Z,2026-07-24T12:45:00+0200,28.24,EUR/MWh,DK1,DK_1,imbalance_price,Long,2026-07-30T07:28:36Z
2026-07-30T07:25:17Z,2026-07-30T09:25:17+0200,e73b670a-bc29-4bfc-b6f4-93c290a4d3ee,2026-07-24T10:45:00Z,2026-07-24T12:45:00+0200,28.24,EUR/MWh,DK1,DK_1,imbalance_price,Short,2026-07-30T07:28:36Z
2026-07-30T07:25:17Z,2026-07-30T09:25:17+0200,e73b670a-bc29-4bfc-b6f4-93c290a4d3ee,2026-07-24T11:00:00Z,2026-07-24T13:00:00+0200,41.13,EUR/MWh,DK1,DK_1,imbalance_price,Long,2026-07-30T07:28:36Z
2026-07-30T07:25:17Z,2026-07-30T09:25:17+0200,e73b670a-bc29-4bfc-b6f4-93c290a4d3ee,2026-07-24T11:00:00Z,2026-07-24T13:00:00+0200,41.13,EUR/MWh,DK1,DK_1,imbalance_price,Short,2026-07-30T07:28:36Z
2026-07-30T07:25:17Z,2026-07-30T09:25:17+0200,e73b670a-bc29-4bfc-b6f4-93c290a4d3ee,2026-07-24T11:15:00Z,2026-07-24T13:15:00+0200,-13.95,EUR/MWh,DK1,DK_1,imbalance_price,Long,2026-07-30T07:28:36Z
2026-07-30T07:25:17Z,2026-07-30T09:25:17+0200,e73b670a-bc29-4bfc-b6f4-93c290a4d3ee,2026-07-24T11:15:00Z,2026-07-24T13:15:00+0200,-13.95,EUR/MWh,DK1,DK_1,imbalance_price,Short,2026-07-30T07:28:36Z
2026-07-30T07:25:17Z,2026-07-30T09:25:17+0200,e73b670a-bc29-4bfc-b6f4-93c290a4d3ee,2026-07-24T11:30:00Z,2026-07-24T13:30:00+0200,-6.69,EUR/MWh,DK1,DK_1,imbalance_price,Long,2026-07-30T07:28:36Z
2026-07-30T07:25:17Z,2026-07-30T09:25:17+0200,e73b670a-bc29-4bfc-b6f4-93c290a4d3ee,2026-07-24T11:30:00Z,2026-07-24T13:30:00+0200,-6.69,EUR/MWh,DK1,DK_1,imbalance_price,Short,2026-07-30T07:28:36Z
2026-07-30T07:25:17Z,2026-07-30T09:25:17+0200,e73b670a-bc29-4bfc-b6f4-93c290a4d3ee,2026-07-24T11:45:00Z,2026-07-24T13:45:00+0200,-9.76,EUR/MWh,DK1,DK_1,imbalance_price,Long,2026-07-30T07:28:36Z
2026-07-30T07:25:17Z,2026-07-30T09:25:17+0200,e73b670a-bc29-4bfc-b6f4-93c290a4d3ee,2026-07-24T11:45:00Z,2026-07-24T13:45:00+0200,-9.76,EUR/MWh,DK1,DK_1,imbalance_price,Short,2026-07-30T07:28:36Z
2026-07-30T07:25:17Z,2026-07-30T09:25:17+0200,e73b670a-bc29-4bfc-b6f4-93c290a4d3ee,2026-07-24T12:00:00Z,2026-07-24T14:00:00+0200,-6.69,EUR/MWh,DK1,DK_1,imbalance_price,Long,2026-07-30T07:28:36Z
2026-07-30T07:25:17Z,2026-07-30T09:25:17+0200,e73b670a-bc29-4bfc-b6f4-93c290a4d3ee,2026-07-24T12:00:00Z,2026-07-24T14:00:00+0200,-6.69,EUR/MWh,DK1,DK_1,imbalance_price,Short,2026-07-30T07:28:36Z
2026-07-30T07:25:17Z,2026-07-30T09:25:17+0200,e73b670a-bc29-4bfc-b6f4-93c290a4d3ee,2026-07-24T12:15:00Z,2026-07-24T14:15:00+0200,6.58,EUR/MWh,DK1,DK_1,imbalance_price,Long,2026-07-30T07:28:36Z
2026-07-30T07:25:17Z,2026-07-30T09:25:17+0200,e73b670a-bc29-4bfc-b6f4-93c290a4d3ee,2026-07-24T12:15:00Z,2026-07-24T14:15:00+0200,6.58,EUR/MWh,DK1,DK_1,imbalance_price,Short,2026-07-30T07:28:36Z
2026-07-30T07:25:17Z,2026-07-30T09:25:17+0200,e73b670a-bc29-4bfc-b6f4-93c290a4d3ee,2026-07-24T12:30:00Z,2026-07-24T14:30:00+0200,7.27,EUR/MWh,DK1,DK_1,imbalance_price,Long,2026-07-30T07:28:36Z
2026-07-30T07:25:17Z,2026-07-30T09:25:17+0200,e73b670a-bc29-4bfc-b6f4-93c290a4d3ee,2026-07-24T12:30:00Z,2026-07-24T14:30:00+0200,7.27,EUR/MWh,DK1,DK_1,imbalance_price,Short,2026-07-30T07:28:36Z
2026-07-30T07:25:17Z,2026-07-30T09:25:17+0200,e73b670a-bc29-4bfc-b6f4-93c290a4d3ee,2026-07-24T12:45:00Z,2026-07-24T14:45:00+0200,-3.67,EUR/MWh,DK1,DK_1,imbalance_price,Long,2026-07-30T07:28:36Z
2026-07-30T07:25:17Z,2026-07-30T09:25:17+0200,e73b670a-bc29-4bfc-b6f4-93c290a4d3ee,2026-07-24T12:45:00Z,2026-07-24T14:45:00+0200,-3.67,EUR/MWh,DK1,DK_1,imbalance_price,Short,2026-07-30T07:28:36Z
2026-07-30T07:25:17Z,2026-07-30T09:25:17+0200,e73b670a-bc29-4bfc-b6f4-93c290a4d3ee,2026-07-24T13:00:00Z,2026-07-24T15:00:00+0200,10.0,EUR/MWh,DK1,DK_1,imbalance_price,Long,2026-07-30T07:28:36Z
2026-07-30T07:25:17Z,2026-07-30T09:25:17+0200,e73b670a-bc29-4bfc-b6f4-93c290a4d3ee,2026-07-24T13:00:00Z,2026-07-24T15:00:00+0200,10.0,EUR/MWh,DK1,DK_1,imbalance_price,Short,2026-07-30T07:28:36Z
2026-07-30T07:25:17Z,2026-07-30T09:25:17+0200,e73b670a-bc29-4bfc-b6f4-93c290a4d3ee,2026-07-24T13:15:00Z,2026-07-24T15:15:00+0200,26.0,EUR/MWh,DK1,DK_1,imbalance_price,Long,2026-07-30T07:28:36Z
2026-07-30T07:25:17Z,2026-07-30T09:25:17+0200,e73b670a-bc29-4bfc-b6f4-93c290a4d3ee,2026-07-24T13:15:00Z,2026-07-24T15:15:00+0200,26.0,EUR/MWh,DK1,DK_1,imbalance_price,Short,2026-07-30T07:28:36Z
2026-07-30T07:25:17Z,2026-07-30T09:25:17+0200,e73b670a-bc29-4bfc-b6f4-93c290a4d3ee,2026-07-24T13:30:00Z,2026-07-24T15:30:00+0200,24.6,EUR/MWh,DK1,DK_1,imbalance_price,Long,2026-07-30T07:28:36Z
2026-07-30T07:25:17Z,2026-07-30T09:25:17+0200,e73b670a-bc29-4bfc-b6f4-93c290a4d3ee,2026-07-24T13:30:00Z,2026-07-24T15:30:00+0200,24.6,EUR/MWh,DK1,DK_1,imbalance_price,Short,2026-07-30T07:28:36Z
2026-07-30T07:25:17Z,2026-07-30T09:25:17+0200,e73b670a-bc29-4bfc-b6f4-93c290a4d3ee,2026-07-24T13:45:00Z,2026-07-24T15:45:00+0200,0.0,EUR/MWh,DK1,DK_1,imbalance_price,Long,2026-07-30T07:28:36Z
2026-07-30T07:25:17Z,2026-07-30T09:25:17+0200,e73b670a-bc29-4bfc-b6f4-93c290a4d3ee,2026-07-24T13:45:00Z,2026-07-24T15:45:00+0200,0.0,EUR/MWh,DK1,DK_1,imbalance_price,Short,2026-07-30T07:28:36Z
2026-07-30T07:25:17Z,2026-07-30T09:25:17+0200,e73b670a-bc29-4bfc-b6f4-93c290a4d3ee,2026-07-24T14:00:00Z,2026-07-24T16:00:00+0200,-2.0,EUR/MWh,DK1,DK_1,imbalance_price,Long,2026-07-30T07:28:36Z
2026-07-30T07:25:17Z,2026-07-30T09:25:17+0200,e73b670a-bc29-4bfc-b6f4-93c290a4d3ee,2026-07-24T14:00:00Z,2026-07-24T16:00:00+0200,-2.0,EUR/MWh,DK1,DK_1,imbalance_price,Short,2026-07-30T07:28:36Z
2026-07-30T07:25:17Z,2026-07-30T09:25:17+0200,e73b670a-bc29-4bfc-b6f4-93c290a4d3ee,2026-07-24T14:15:00Z,2026-07-24T16:15:00+0200,0.0,EUR/MWh,DK1,DK_1,imbalance_price,Long,2026-07-30T07:28:36Z
2026-07-30T07:25:17Z,2026-07-30T09:25:17+0200,e73b670a-bc29-4bfc-b6f4-93c290a4d3ee,2026-07-24T14:15:00Z,2026-07-24T16:15:00+0200,0.0,EUR/MWh,DK1,DK_1,imbalance_price,Short,2026-07-30T07:28:36Z
2026-07-30T07:25:17Z,2026-07-30T09:25:17+0200,e73b670a-bc29-4bfc-b6f4-93c290a4d3ee,2026-07-24T14:30:00Z,2026-07-24T16:30:00+0200,13.56,EUR/MWh,DK1,DK_1,imbalance_price,Long,2026-07-30T07:28:36Z
2026-07-30T07:25:17Z,2026-07-30T09:25:17+0200,e73b670a-bc29-4bfc-b6f4-93c290a4d3ee,2026-07-24T14:30:00Z,2026-07-24T16:30:00+0200,13.56,EUR/MWh,DK1,DK_1,imbalance_price,Short,2026-07-30T07:28:36Z
2026-07-30T07:25:17Z,2026-07-30T09:25:17+0200,e73b670a-bc29-4bfc-b6f4-93c290a4d3ee,2026-07-24T14:45:00Z,2026-07-24T16:45:00+0200,317.78,EUR/MWh,DK1,DK_1,imbalance_price,Long,2026-07-30T07:28:36Z
2026-07-30T07:25:17Z,2026-07-30T09:25:17+0200,e73b670a-bc29-4bfc-b6f4-93c290a4d3ee,2026-07-24T14:45:00Z,2026-07-24T16:45:00+0200,317.78,EUR/MWh,DK1,DK_1,imbalance_price,Short,2026-07-30T07:28:36Z
2026-07-30T07:25:17Z,2026-07-30T09:25:17+0200,e73b670a-bc29-4bfc-b6f4-93c290a4d3ee,2026-07-24T15:00:00Z,2026-07-24T17:00:00+0200,735.76,EUR/MWh,DK1,DK_1,imbalance_price,Long,2026-07-30T07:28:36Z
2026-07-30T07:25:17Z,2026-07-30T09:25:17+0200,e73b670a-bc29-4bfc-b6f4-93c290a4d3ee,2026-07-24T15:00:00Z,2026-07-24T17:00:00+0200,735.76,EUR/MWh,DK1,DK_1,imbalance_price,Short,2026-07-30T07:28:36Z
2026-07-30T07:25:17Z,2026-07-30T09:25:17+0200,e73b670a-bc29-4bfc-b6f4-93c290a4d3ee,2026-07-24T15:15:00Z,2026-07-24T17:15:00+0200,3879.21,EUR/MWh,DK1,DK_1,imbalance_price,Long,2026-07-30T07:28:36Z
2026-07-30T07:25:17Z,2026-07-30T09:25:17+0200,e73b670a-bc29-4bfc-b6f4-93c290a4d3ee,2026-07-24T15:15:00Z,2026-07-24T17:15:00+0200,3879.21,EUR/MWh,DK1,DK_1,imbalance_price,Short,2026-07-30T07:28:36Z
2026-07-30T07:25:17Z,2026-07-30T09:25:17+0200,e73b670a-bc29-4bfc-b6f4-93c290a4d3ee,2026-07-24T15:30:00Z,2026-07-24T17:30:00+0200,378.28,EUR/MWh,DK1,DK_1,imbalance_price,Long,2026-07-30T07:28:36Z
2026-07-30T07:25:17Z,2026-07-30T09:25:17+0200,e73b670a-bc29-4bfc-b6f4-93c290a4d3ee,2026-07-24T15:30:00Z,2026-07-24T17:30:00+0200,378.28,EUR/MWh,DK1,DK_1,imbalance_price,Short,2026-07-30T07:28:36Z
2026-07-30T07:25:17Z,2026-07-30T09:25:17+0200,e73b670a-bc29-4bfc-b6f4-93c290a4d3ee,2026-07-24T15:45:00Z,2026-07-24T17:45:00+0200,186.82,EUR/MWh,DK1,DK_1,imbalance_price,Long,2026-07-30T07:28:36Z
2026-07-30T07:25:17Z,2026-07-30T09:25:17+0200,e73b670a-bc29-4bfc-b6f4-93c290a4d3ee,2026-07-24T15:45:00Z,2026-07-24T17:45:00+0200,186.82,EUR/MWh,DK1,DK_1,imbalance_price,Short,2026-07-30T07:28:36Z
2026-07-30T07:25:17Z,2026-07-30T09:25:17+0200,e73b670a-bc29-4bfc-b6f4-93c290a4d3ee,2026-07-24T16:00:00Z,2026-07-24T18:00:00+0200,160.09,EUR/MWh,DK1,DK_1,imbalance_price,Long,2026-07-30T07:28:36Z
2026-07-30T07:25:17Z,2026-07-30T09:25:17+0200,e73b670a-bc29-4bfc-b6f4-93c290a4d3ee,2026-07-24T16:00:00Z,2026-07-24T18:00:00+0200,160.09,EUR/MWh,DK1,DK_1,imbalance_price,Short,2026-07-30T07:28:36Z
2026-07-30T07:25:17Z,2026-07-30T09:25:17+0200,e73b670a-bc29-4bfc-b6f4-93c290a4d3ee,2026-07-24T16:15:00Z,2026-07-24T18:15:00+0200,332.43,EUR/MWh,DK1,DK_1,imbalance_price,Long,2026-07-30T07:28:36Z
2026-07-30T07:25:17Z,2026-07-30T09:25:17+0200,e73b670a-bc29-4bfc-b6f4-93c290a4d3ee,2026-07-24T16:15:00Z,2026-07-24T18:15:00+0200,332.43,EUR/MWh,DK1,DK_1,imbalance_price,Short,2026-07-30T07:28:36Z
2026-07-30T07:25:17Z,2026-07-30T09:25:17+0200,e73b670a-bc29-4bfc-b6f4-93c290a4d3ee,2026-07-24T16:30:00Z,2026-07-24T18:30:00+0200,467.94,EUR/MWh,DK1,DK_1,imbalance_price,Long,2026-07-30T07:28:36Z
2026-07-30T07:25:17Z,2026-07-30T09:25:17+0200,e73b670a-bc29-4bfc-b6f4-93c290a4d3ee,2026-07-24T16:30:00Z,2026-07-24T18:30:00+0200,467.94,EUR/MWh,DK1,DK_1,imbalance_price,Short,2026-07-30T07:28:36Z
2026-07-30T07:25:17Z,2026-07-30T09:25:17+0200,e73b670a-bc29-4bfc-b6f4-93c290a4d3ee,2026-07-24T16:45:00Z,2026-07-24T18:45:00+0200,75.15,EUR/MWh,DK1,DK_1,imbalance_price,Long,2026-07-30T07:28:36Z
2026-07-30T07:25:17Z,2026-07-30T09:25:17+0200,e73b670a-bc29-4bfc-b6f4-93c290a4d3ee,2026-07-24T16:45:00Z,2026-07-24T18:45:00+0200,75.15,EUR/MWh,DK1,DK_1,imbalance_price,Short,2026-07-30T07:28:36Z
2026-07-30T07:25:17Z,2026-07-30T09:25:17+0200,e73b670a-bc29-4bfc-b6f4-93c290a4d3ee,2026-07-24T17:00:00Z,2026-07-24T19:00:00+0200,118.76,EUR/MWh,DK1,DK_1,imbalance_price,Long,2026-07-30T07:28:36Z
2026-07-30T07:25:17Z,2026-07-30T09:25:17+0200,e73b670a-bc29-4bfc-b6f4-93c290a4d3ee,2026-07-24T17:00:00Z,2026-07-24T19:00:00+0200,118.76,EUR/MWh,DK1,DK_1,imbalance_price,Short,2026-07-30T07:28:36Z
2026-07-30T07:25:17Z,2026-07-30T09:25:17+0200,e73b670a-bc29-4bfc-b6f4-93c290a4d3ee,2026-07-24T17:15:00Z,2026-07-24T19:15:00+0200,102.74,EUR/MWh,DK1,DK_1,imbalance_price,Long,2026-07-30T07:28:36Z
2026-07-30T07:25:17Z,2026-07-30T09:25:17+0200,e73b670a-bc29-4bfc-b6f4-93c290a4d3ee,2026-07-24T17:15:00Z,2026-07-24T19:15:00+0200,102.74,EUR/MWh,DK1,DK_1,imbalance_price,Short,2026-07-30T07:28:36Z
2026-07-30T07:25:17Z,2026-07-30T09:25:17+0200,e73b670a-bc29-4bfc-b6f4-93c290a4d3ee,2026-07-24T17:30:00Z,2026-07-24T19:30:00+0200,186.81,EUR/MWh,DK1,DK_1,imbalance_price,Long,2026-07-30T07:28:36Z
2026-07-30T07:25:17Z,2026-07-30T09:25:17+0200,e73b670a-bc29-4bfc-b6f4-93c290a4d3ee,2026-07-24T17:30:00Z,2026-07-24T19:30:00+0200,186.81,EUR/MWh,DK1,DK_1,imbalance_price,Short,2026-07-30T07:28:36Z
2026-07-30T07:25:17Z,2026-07-30T09:25:17+0200,e73b670a-bc29-4bfc-b6f4-93c290a4d3ee,2026-07-24T17:45:00Z,2026-07-24T19:45:00+0200,468.21,EUR/MWh,DK1,DK_1,imbalance_price,Long,2026-07-30T07:28:36Z
2026-07-30T07:25:17Z,2026-07-30T09:25:17+0200,e73b670a-bc29-4bfc-b6f4-93c290a4d3ee,2026-07-24T17:45:00Z,2026-07-24T19:45:00+0200,468.21,EUR/MWh,DK1,DK_1,imbalance_price,Short,2026-07-30T07:28:36Z
2026-07-30T07:25:17Z,2026-07-30T09:25:17+0200,e73b670a-bc29-4bfc-b6f4-93c290a4d3ee,2026-07-24T18:00:00Z,2026-07-24T20:00:00+0200,101.52,EUR/MWh,DK1,DK_1,imbalance_price,Long,2026-07-30T07:28:36Z
2026-07-30T07:25:17Z,2026-07-30T09:25:17+0200,e73b670a-bc29-4bfc-b6f4-93c290a4d3ee,2026-07-24T18:00:00Z,2026-07-24T20:00:00+0200,101.52,EUR/MWh,DK1,DK_1,imbalance_price,Short,2026-07-30T07:28:36Z
2026-07-30T07:25:17Z,2026-07-30T09:25:17+0200,e73b670a-bc29-4bfc-b6f4-93c290a4d3ee,2026-07-24T18:15:00Z,2026-07-24T20:15:00+0200,115.78,EUR/MWh,DK1,DK_1,imbalance_price,Long,2026-07-30T07:28:36Z
2026-07-30T07:25:17Z,2026-07-30T09:25:17+0200,e73b670a-bc29-4bfc-b6f4-93c290a4d3ee,2026-07-24T18:15:00Z,2026-07-24T20:15:00+0200,115.78,EUR/MWh,DK1,DK_1,imbalance_price,Short,2026-07-30T07:28:36Z
2026-07-30T07:25:17Z,2026-07-30T09:25:17+0200,e73b670a-bc29-4bfc-b6f4-93c290a4d3ee,2026-07-24T18:30:00Z,2026-07-24T20:30:00+0200,123.06,EUR/MWh,DK1,DK_1,imbalance_price,Long,2026-07-30T07:28:36Z
2026-07-30T07:25:17Z,2026-07-30T09:25:17+0200,e73b670a-bc29-4bfc-b6f4-93c290a4d3ee,2026-07-24T18:30:00Z,2026-07-24T20:30:00+0200,123.06,EUR/MWh,DK1,DK_1,imbalance_price,Short,2026-07-30T07:28:36Z
2026-07-30T07:25:17Z,2026-07-30T09:25:17+0200,e73b670a-bc29-4bfc-b6f4-93c290a4d3ee,2026-07-24T18:45:00Z,2026-07-24T20:45:00+0200,116.48,EUR/MWh,DK1,DK_1,imbalance_price,Long,2026-07-30T07:28:36Z
2026-07-30T07:25:17Z,2026-07-30T09:25:17+0200,e73b670a-bc29-4bfc-b6f4-93c290a4d3ee,2026-07-24T18:45:00Z,2026-07-24T20:45:00+0200,116.48,EUR/MWh,DK1,DK_1,imbalance_price,Short,2026-07-30T07:28:36Z
2026-07-30T07:25:17Z,2026-07-30T09:25:17+0200,e73b670a-bc29-4bfc-b6f4-93c290a4d3ee,2026-07-24T19:00:00Z,2026-07-24T21:00:00+0200,98.0,EUR/MWh,DK1,DK_1,imbalance_price,Long,2026-07-30T07:28:36Z
2026-07-30T07:25:17Z,2026-07-30T09:25:17+0200,e73b670a-bc29-4bfc-b6f4-93c290a4d3ee,2026-07-24T19:00:00Z,2026-07-24T21:00:00+0200,98.0,EUR/MWh,DK1,DK_1,imbalance_price,Short,2026-07-30T07:28:36Z
2026-07-30T07:25:17Z,2026-07-30T09:25:17+0200,e73b670a-bc29-4bfc-b6f4-93c290a4d3ee,2026-07-24T19:15:00Z,2026-07-24T21:15:00+0200,110.81,EUR/MWh,DK1,DK_1,imbalance_price,Long,2026-07-30T07:28:36Z
2026-07-30T07:25:17Z,2026-07-30T09:25:17+0200,e73b670a-bc29-4bfc-b6f4-93c290a4d3ee,2026-07-24T19:15:00Z,2026-07-24T21:15:00+0200,110.81,EUR/MWh,DK1,DK_1,imbalance_price,Short,2026-07-30T07:28:36Z
2026-07-30T07:25:17Z,2026-07-30T09:25:17+0200,e73b670a-bc29-4bfc-b6f4-93c290a4d3ee,2026-07-24T19:30:00Z,2026-07-24T21:30:00+0200,113.97,EUR/MWh,DK1,DK_1,imbalance_price,Long,2026-07-30T07:28:36Z
2026-07-30T07:25:17Z,2026-07-30T09:25:17+0200,e73b670a-bc29-4bfc-b6f4-93c290a4d3ee,2026-07-24T19:30:00Z,2026-07-24T21:30:00+0200,113.97,EUR/MWh,DK1,DK_1,imbalance_price,Short,2026-07-30T07:28:36Z
2026-07-30T07:25:17Z,2026-07-30T09:25:17+0200,e73b670a-bc29-4bfc-b6f4-93c290a4d3ee,2026-07-24T19:45:00Z,2026-07-24T21:45:00+0200,105.91,EUR/MWh,DK1,DK_1,imbalance_price,Long,2026-07-30T07:28:36Z
2026-07-30T07:25:17Z,2026-07-30T09:25:17+0200,e73b670a-bc29-4bfc-b6f4-93c290a4d3ee,2026-07-24T19:45:00Z,2026-07-24T21:45:00+0200,105.91,EUR/MWh,DK1,DK_1,imbalance_price,Short,2026-07-30T07:28:36Z
2026-07-30T07:25:17Z,2026-07-30T09:25:17+0200,e73b670a-bc29-4bfc-b6f4-93c290a4d3ee,2026-07-24T20:00:00Z,2026-07-24T22:00:00+0200,125.93,EUR/MWh,DK1,DK_1,imbalance_price,Long,2026-07-30T07:28:36Z
2026-07-30T07:25:17Z,2026-07-30T09:25:17+0200,e73b670a-bc29-4bfc-b6f4-93c290a4d3ee,2026-07-24T20:00:00Z,2026-07-24T22:00:00+0200,125.93,EUR/MWh,DK1,DK_1,imbalance_price,Short,2026-07-30T07:28:36Z
2026-07-30T07:25:17Z,2026-07-30T09:25:17+0200,e73b670a-bc29-4bfc-b6f4-93c290a4d3ee,2026-07-24T20:15:00Z,2026-07-24T22:15:00+0200,198.01,EUR/MWh,DK1,DK_1,imbalance_price,Long,2026-07-30T07:28:36Z
2026-07-30T07:25:17Z,2026-07-30T09:25:17+0200,e73b670a-bc29-4bfc-b6f4-93c290a4d3ee,2026-07-24T20:15:00Z,2026-07-24T22:15:00+0200,198.01,EUR/MWh,DK1,DK_1,imbalance_price,Short,2026-07-30T07:28:36Z
2026-07-30T07:25:17Z,2026-07-30T09:25:17+0200,e73b670a-bc29-4bfc-b6f4-93c290a4d3ee,2026-07-24T20:30:00Z,2026-07-24T22:30:00+0200,189.76,EUR/MWh,DK1,DK_1,imbalance_price,Long,2026-07-30T07:28:36Z
2026-07-30T07:25:17Z,2026-07-30T09:25:17+0200,e73b670a-bc29-4bfc-b6f4-93c290a4d3ee,2026-07-24T20:30:00Z,2026-07-24T22:30:00+0200,189.76,EUR/MWh,DK1,DK_1,imbalance_price,Short,2026-07-30T07:28:36Z
2026-07-30T07:25:17Z,2026-07-30T09:25:17+0200,e73b670a-bc29-4bfc-b6f4-93c290a4d3ee,2026-07-24T20:45:00Z,2026-07-24T22:45:00+0200,294.31,EUR/MWh,DK1,DK_1,imbalance_price,Long,2026-07-30T07:28:36Z
2026-07-30T07:25:17Z,2026-07-30T09:25:17+0200,e73b670a-bc29-4bfc-b6f4-93c290a4d3ee,2026-07-24T20:45:00Z,2026-07-24T22:45:00+0200,294.31,EUR/MWh,DK1,DK_1,imbalance_price,Short,2026-07-30T07:28:36Z
2026-07-30T07:25:17Z,2026-07-30T09:25:17+0200,e73b670a-bc29-4bfc-b6f4-93c290a4d3ee,2026-07-24T21:00:00Z,2026-07-24T23:00:00+0200,294.31,EUR/MWh,DK1,DK_1,imbalance_price,Long,2026-07-30T07:28:36Z
2026-07-30T07:25:17Z,2026-07-30T09:25:17+0200,e73b670a-bc29-4bfc-b6f4-93c290a4d3ee,2026-07-24T21:00:00Z,2026-07-24T23:00:00+0200,294.31,EUR/MWh,DK1,DK_1,imbalance_price,Short,2026-07-30T07:28:36Z
2026-07-30T07:25:17Z,2026-07-30T09:25:17+0200,e73b670a-bc29-4bfc-b6f4-93c290a4d3ee,2026-07-24T21:15:00Z,2026-07-24T23:15:00+0200,183.0,EUR/MWh,DK1,DK_1,imbalance_price,Long,2026-07-30T07:28:36Z
2026-07-30T07:25:17Z,2026-07-30T09:25:17+0200,e73b670a-bc29-4bfc-b6f4-93c290a4d3ee,2026-07-24T21:15:00Z,2026-07-24T23:15:00+0200,183.0,EUR/MWh,DK1,DK_1,imbalance_price,Short,2026-07-30T07:28:36Z
2026-07-30T07:25:17Z,2026-07-30T09:25:17+0200,e73b670a-bc29-4bfc-b6f4-93c290a4d3ee,2026-07-24T21:30:00Z,2026-07-24T23:30:00+0200,96.31,EUR/MWh,DK1,DK_1,imbalance_price,Long,2026-07-30T07:28:36Z
2026-07-30T07:25:17Z,2026-07-30T09:25:17+0200,e73b670a-bc29-4bfc-b6f4-93c290a4d3ee,2026-07-24T21:30:00Z,2026-07-24T23:30:00+0200,96.31,EUR/MWh,DK1,DK_1,imbalance_price,Short,2026-07-30T07:28:36Z
2026-07-30T07:25:17Z,2026-07-30T09:25:17+0200,e73b670a-bc29-4bfc-b6f4-93c290a4d3ee,2026-07-24T21:45:00Z,2026-07-24T23:45:00+0200,97.46,EUR/MWh,DK1,DK_1,imbalance_price,Long,2026-07-30T07:28:36Z
2026-07-30T07:25:17Z,2026-07-30T09:25:17+0200,e73b670a-bc29-4bfc-b6f4-93c290a4d3ee,2026-07-24T21:45:00Z,2026-07-24T23:45:00+0200,97.46,EUR/MWh,DK1,DK_1,imbalance_price,Short,2026-07-30T07:28:36Z
2026-07-30T07:25:17Z,2026-07-30T09:25:17+0200,e73b670a-bc29-4bfc-b6f4-93c290a4d3ee,2026-07-24T22:00:00Z,2026-07-25T00:00:00+0200,175.92,EUR/MWh,DK1,DK_1,imbalance_price,Long,2026-07-30T07:28:36Z
2026-07-30T07:25:17Z,2026-07-30T09:25:17+0200,e73b670a-bc29-4bfc-b6f4-93c290a4d3ee,2026-07-24T22:00:00Z,2026-07-25T00:00:00+0200,175.92,EUR/MWh,DK1,DK_1,imbalance_price,Short,2026-07-30T07:28:36Z
2026-07-30T07:25:17Z,2026-07-30T09:25:17+0200,e73b670a-bc29-4bfc-b6f4-93c290a4d3ee,2026-07-24T22:15:00Z,2026-07-25T00:15:00+0200,98.17,EUR/MWh,DK1,DK_1,imbalance_price,Long,2026-07-30T07:28:36Z
2026-07-30T07:25:17Z,2026-07-30T09:25:17+0200,e73b670a-bc29-4bfc-b6f4-93c290a4d3ee,2026-07-24T22:15:00Z,2026-07-25T00:15:00+0200,98.17,EUR/MWh,DK1,DK_1,imbalance_price,Short,2026-07-30T07:28:36Z
2026-07-30T07:25:17Z,2026-07-30T09:25:17+0200,e73b670a-bc29-4bfc-b6f4-93c290a4d3ee,2026-07-24T22:30:00Z,2026-07-25T00:30:00+0200,107.05,EUR/MWh,DK1,DK_1,imbalance_price,Long,2026-07-30T07:28:36Z
2026-07-30T07:25:17Z,2026-07-30T09:25:17+0200,e73b670a-bc29-4bfc-b6f4-93c290a4d3ee,2026-07-24T22:30:00Z,2026-07-25T00:30:00+0200,107.05,EUR/MWh,DK1,DK_1,imbalance_price,Short,2026-07-30T07:28:36Z
2026-07-30T07:25:17Z,2026-07-30T09:25:17+0200,e73b670a-bc29-4bfc-b6f4-93c290a4d3ee,2026-07-24T22:45:00Z,2026-07-25T00:45:00+0200,102.7,EUR/MWh,DK1,DK_1,imbalance_price,Long,2026-07-30T07:28:36Z
2026-07-30T07:25:17Z,2026-07-30T09:25:17+0200,e73b670a-bc29-4bfc-b6f4-93c290a4d3ee,2026-07-24T22:45:00Z,2026-07-25T00:45:00+0200,102.7,EUR/MWh,DK1,DK_1,imbalance_price,Short,2026-07-30T07:28:36Z
2026-07-30T07:25:17Z,2026-07-30T09:25:17+0200,e73b670a-bc29-4bfc-b6f4-93c290a4d3ee,2026-07-24T23:00:00Z,2026-07-25T01:00:00+0200,98.54,EUR/MWh,DK1,DK_1,imbalance_price,Long,2026-07-30T07:28:36Z
2026-07-30T07:25:17Z,2026-07-30T09:25:17+0200,e73b670a-bc29-4bfc-b6f4-93c290a4d3ee,2026-07-24T23:00:00Z,2026-07-25T01:00:00+0200,98.54,EUR/MWh,DK1,DK_1,imbalance_price,Short,2026-07-30T07:28:36Z
2026-07-30T07:25:17Z,2026-07-30T09:25:17+0200,e73b670a-bc29-4bfc-b6f4-93c290a4d3ee,2026-07-24T23:15:00Z,2026-07-25T01:15:00+0200,97.79,EUR/MWh,DK1,DK_1,imbalance_price,Long,2026-07-30T07:28:36Z
2026-07-30T07:25:17Z,2026-07-30T09:25:17+0200,e73b670a-bc29-4bfc-b6f4-93c290a4d3ee,2026-07-24T23:15:00Z,2026-07-25T01:15:00+0200,97.79,EUR/MWh,DK1,DK_1,imbalance_price,Short,2026-07-30T07:28:36Z
2026-07-30T07:25:17Z,2026-07-30T09:25:17+0200,e73b670a-bc29-4bfc-b6f4-93c290a4d3ee,2026-07-24T23:30:00Z,2026-07-25T01:30:00+0200,214.06,EUR/MWh,DK1,DK_1,imbalance_price,Long,2026-07-30T07:28:36Z
2026-07-30T07:25:17Z,2026-07-30T09:25:17+0200,e73b670a-bc29-4bfc-b6f4-93c290a4d3ee,2026-07-24T23:30:00Z,2026-07-25T01:30:00+0200,214.06,EUR/MWh,DK1,DK_1,imbalance_price,Short,2026-07-30T07:28:36Z
2026-07-30T07:25:17Z,2026-07-30T09:25:17+0200,e73b670a-bc29-4bfc-b6f4-93c290a4d3ee,2026-07-24T23:45:00Z,2026-07-25T01:45:00+0200,99.71,EUR/MWh,DK1,DK_1,imbalance_price,Long,2026-07-30T07:28:36Z
2026-07-30T07:25:17Z,2026-07-30T09:25:17+0200,e73b670a-bc29-4bfc-b6f4-93c290a4d3ee,2026-07-24T23:45:00Z,2026-07-25T01:45:00+0200,99.71,EUR/MWh,DK1,DK_1,imbalance_price,Short,2026-07-30T07:28:36Z
2026-07-30T07:25:17Z,2026-07-30T09:25:17+0200,e73b670a-bc29-4bfc-b6f4-93c290a4d3ee,2026-07-25T00:00:00Z,2026-07-25T02:00:00+0200,97.83,EUR/MWh,DK1,DK_1,imbalance_price,Long,2026-07-30T07:28:36Z
2026-07-30T07:25:17Z,2026-07-30T09:25:17+0200,e73b670a-bc29-4bfc-b6f4-93c290a4d3ee,2026-07-25T00:00:00Z,2026-07-25T02:00:00+0200,97.83,EUR/MWh,DK1,DK_1,imbalance_price,Short,2026-07-30T07:28:36Z
2026-07-30T07:25:17Z,2026-07-30T09:25:17+0200,e73b670a-bc29-4bfc-b6f4-93c290a4d3ee,2026-07-25T00:15:00Z,2026-07-25T02:15:00+0200,100.02,EUR/MWh,DK1,DK_1,imbalance_price,Long,2026-07-30T07:28:36Z
2026-07-30T07:25:17Z,2026-07-30T09:25:17+0200,e73b670a-bc29-4bfc-b6f4-93c290a4d3ee,2026-07-25T00:15:00Z,2026-07-25T02:15:00+0200,100.02,EUR/MWh,DK1,DK_1,imbalance_price,Short,2026-07-30T07:28:36Z
2026-07-30T07:25:17Z,2026-07-30T09:25:17+0200,e73b670a-bc29-4bfc-b6f4-93c290a4d3ee,2026-07-25T00:30:00Z,2026-07-25T02:30:00+0200,100.39,EUR/MWh,DK1,DK_1,imbalance_price,Long,2026-07-30T07:28:36Z
2026-07-30T07:25:17Z,2026-07-30T09:25:17+0200,e73b670a-bc29-4bfc-b6f4-93c290a4d3ee,2026-07-25T00:30:00Z,2026-07-25T02:30:00+0200,100.39,EUR/MWh,DK1,DK_1,imbalance_price,Short,2026-07-30T07:28:36Z
2026-07-30T07:25:17Z,2026-07-30T09:25:17+0200,e73b670a-bc29-4bfc-b6f4-93c290a4d3ee,2026-07-25T00:45:00Z,2026-07-25T02:45:00+0200,104.97,EUR/MWh,DK1,DK_1,imbalance_price,Long,2026-07-30T07:28:36Z
2026-07-30T07:25:17Z,2026-07-30T09:25:17+0200,e73b670a-bc29-4bfc-b6f4-93c290a4d3ee,2026-07-25T00:45:00Z,2026-07-25T02:45:00+0200,104.97,EUR/MWh,DK1,DK_1,imbalance_price,Short,2026-07-30T07:28:36Z
2026-07-30T07:25:17Z,2026-07-30T09:25:17+0200,e73b670a-bc29-4bfc-b6f4-93c290a4d3ee,2026-07-25T01:00:00Z,2026-07-25T03:00:00+0200,97.09,EUR/MWh,DK1,DK_1,imbalance_price,Long,2026-07-30T07:28:36Z
2026-07-30T07:25:17Z,2026-07-30T09:25:17+0200,e73b670a-bc29-4bfc-b6f4-93c290a4d3ee,2026-07-25T01:00:00Z,2026-07-25T03:00:00+0200,97.09,EUR/MWh,DK1,DK_1,imbalance_price,Short,2026-07-30T07:28:36Z
2026-07-30T07:25:17Z,2026-07-30T09:25:17+0200,e73b670a-bc29-4bfc-b6f4-93c290a4d3ee,2026-07-25T01:15:00Z,2026-07-25T03:15:00+0200,98.75,EUR/MWh,DK1,DK_1,imbalance_price,Long,2026-07-30T07:28:36Z
2026-07-30T07:25:17Z,2026-07-30T09:25:17+0200,e73b670a-bc29-4bfc-b6f4-93c290a4d3ee,2026-07-25T01:15:00Z,2026-07-25T03:15:00+0200,98.75,EUR/MWh,DK1,DK_1,imbalance_price,Short,2026-07-30T07:28:36Z
2026-07-30T07:25:17Z,2026-07-30T09:25:17+0200,e73b670a-bc29-4bfc-b6f4-93c290a4d3ee,2026-07-25T01:30:00Z,2026-07-25T03:30:00+0200,97.09,EUR/MWh,DK1,DK_1,imbalance_price,Long,2026-07-30T07:28:36Z
2026-07-30T07:25:17Z,2026-07-30T09:25:17+0200,e73b670a-bc29-4bfc-b6f4-93c290a4d3ee,2026-07-25T01:30:00Z,2026-07-25T03:30:00+0200,97.09,EUR/MWh,DK1,DK_1,imbalance_price,Short,2026-07-30T07:28:36Z
2026-07-30T07:25:17Z,2026-07-30T09:25:17+0200,e73b670a-bc29-4bfc-b6f4-93c290a4d3ee,2026-07-25T01:45:00Z,2026-07-25T03:45:00+0200,96.99,EUR/MWh,DK1,DK_1,imbalance_price,Long,2026-07-30T07:28:36Z
2026-07-30T07:25:17Z,2026-07-30T09:25:17+0200,e73b670a-bc29-4bfc-b6f4-93c290a4d3ee,2026-07-25T01:45:00Z,2026-07-25T03:45:00+0200,96.99,EUR/MWh,DK1,DK_1,imbalance_price,Short,2026-07-30T07:28:36Z
2026-07-30T07:25:17Z,2026-07-30T09:25:17+0200,e73b670a-bc29-4bfc-b6f4-93c290a4d3ee,2026-07-25T02:00:00Z,2026-07-25T04:00:00+0200,97.08,EUR/MWh,DK1,DK_1,imbalance_price,Long,2026-07-30T07:28:36Z
2026-07-30T07:25:17Z,2026-07-30T09:25:17+0200,e73b670a-bc29-4bfc-b6f4-93c290a4d3ee,2026-07-25T02:00:00Z,2026-07-25T04:00:00+0200,97.08,EUR/MWh,DK1,DK_1,imbalance_price,Short,2026-07-30T07:28:36Z
2026-07-30T07:25:17Z,2026-07-30T09:25:17+0200,e73b670a-bc29-4bfc-b6f4-93c290a4d3ee,2026-07-25T02:15:00Z,2026-07-25T04:15:00+0200,97.0,EUR/MWh,DK1,DK_1,imbalance_price,Long,2026-07-30T07:28:36Z
2026-07-30T07:25:17Z,2026-07-30T09:25:17+0200,e73b670a-bc29-4bfc-b6f4-93c290a4d3ee,2026-07-25T02:15:00Z,2026-07-25T04:15:00+0200,97.0,EUR/MWh,DK1,DK_1,imbalance_price,Short,2026-07-30T07:28:36Z
2026-07-30T07:25:17Z,2026-07-30T09:25:17+0200,e73b670a-bc29-4bfc-b6f4-93c290a4d3ee,2026-07-25T02:30:00Z,2026-07-25T04:30:00+0200,84.08,EUR/MWh,DK1,DK_1,imbalance_price,Long,2026-07-30T07:28:36Z
2026-07-30T07:25:17Z,2026-07-30T09:25:17+0200,e73b670a-bc29-4bfc-b6f4-93c290a4d3ee,2026-07-25T02:30:00Z,2026-07-25T04:30:00+0200,84.08,EUR/MWh,DK1,DK_1,imbalance_price,Short,2026-07-30T07:28:36Z
2026-07-30T07:25:17Z,2026-07-30T09:25:17+0200,e73b670a-bc29-4bfc-b6f4-93c290a4d3ee,2026-07-25T02:45:00Z,2026-07-25T04:45:00+0200,85.2,EUR/MWh,DK1,DK_1,imbalance_price,Long,2026-07-30T07:28:36Z
2026-07-30T07:25:17Z,2026-07-30T09:25:17+0200,e73b670a-bc29-4bfc-b6f4-93c290a4d3ee,2026-07-25T02:45:00Z,2026-07-25T04:45:00+0200,85.2,EUR/MWh,DK1,DK_1,imbalance_price,Short,2026-07-30T07:28:36Z
2026-07-30T07:25:17Z,2026-07-30T09:25:17+0200,e73b670a-bc29-4bfc-b6f4-93c290a4d3ee,2026-07-25T03:00:00Z,2026-07-25T05:00:00+0200,97.09,EUR/MWh,DK1,DK_1,imbalance_price,Long,2026-07-30T07:28:36Z
2026-07-30T07:25:17Z,2026-07-30T09:25:17+0200,e73b670a-bc29-4bfc-b6f4-93c290a4d3ee,2026-07-25T03:00:00Z,2026-07-25T05:00:00+0200,97.09,EUR/MWh,DK1,DK_1,imbalance_price,Short,2026-07-30T07:28:36Z
2026-07-30T07:25:17Z,2026-07-30T09:25:17+0200,e73b670a-bc29-4bfc-b6f4-93c290a4d3ee,2026-07-25T03:15:00Z,2026-07-25T05:15:00+0200,70.3,EUR/MWh,DK1,DK_1,imbalance_price,Long,2026-07-30T07:28:36Z
2026-07-30T07:25:17Z,2026-07-30T09:25:17+0200,e73b670a-bc29-4bfc-b6f4-93c290a4d3ee,2026-07-25T03:15:00Z,2026-07-25T05:15:00+0200,70.3,EUR/MWh,DK1,DK_1,imbalance_price,Short,2026-07-30T07:28:36Z
2026-07-30T07:25:17Z,2026-07-30T09:25:17+0200,e73b670a-bc29-4bfc-b6f4-93c290a4d3ee,2026-07-25T03:30:00Z,2026-07-25T05:30:00+0200,17.64,EUR/MWh,DK1,DK_1,imbalance_price,Long,2026-07-30T07:28:36Z
2026-07-30T07:25:17Z,2026-07-30T09:25:17+0200,e73b670a-bc29-4bfc-b6f4-93c290a4d3ee,2026-07-25T03:30:00Z,2026-07-25T05:30:00+0200,17.64,EUR/MWh,DK1,DK_1,imbalance_price,Short,2026-07-30T07:28:36Z
2026-07-30T07:25:17Z,2026-07-30T09:25:17+0200,e73b670a-bc29-4bfc-b6f4-93c290a4d3ee,2026-07-25T03:45:00Z,2026-07-25T05:45:00+0200,31.51,EUR/MWh,DK1,DK_1,imbalance_price,Long,2026-07-30T07:28:36Z
2026-07-30T07:25:17Z,2026-07-30T09:25:17+0200,e73b670a-bc29-4bfc-b6f4-93c290a4d3ee,2026-07-25T03:45:00Z,2026-07-25T05:45:00+0200,31.51,EUR/MWh,DK1,DK_1,imbalance_price,Short,2026-07-30T07:28:36Z
2026-07-30T07:25:17Z,2026-07-30T09:25:17+0200,e73b670a-bc29-4bfc-b6f4-93c290a4d3ee,2026-07-25T04:00:00Z,2026-07-25T06:00:00+0200,46.85,EUR/MWh,DK1,DK_1,imbalance_price,Long,2026-07-30T07:28:36Z
2026-07-30T07:25:17Z,2026-07-30T09:25:17+0200,e73b670a-bc29-4bfc-b6f4-93c290a4d3ee,2026-07-25T04:00:00Z,2026-07-25T06:00:00+0200,46.85,EUR/MWh,DK1,DK_1,imbalance_price,Short,2026-07-30T07:28:36Z
2026-07-30T07:25:17Z,2026-07-30T09:25:17+0200,e73b670a-bc29-4bfc-b6f4-93c290a4d3ee,2026-07-25T04:15:00Z,2026-07-25T06:15:00+0200,57.65,EUR/MWh,DK1,DK_1,imbalance_price,Long,2026-07-30T07:28:36Z
2026-07-30T07:25:17Z,2026-07-30T09:25:17+0200,e73b670a-bc29-4bfc-b6f4-93c290a4d3ee,2026-07-25T04:15:00Z,2026-07-25T06:15:00+0200,57.65,EUR/MWh,DK1,DK_1,imbalance_price,Short,2026-07-30T07:28:36Z
2026-07-30T07:25:17Z,2026-07-30T09:25:17+0200,e73b670a-bc29-4bfc-b6f4-93c290a4d3ee,2026-07-25T04:30:00Z,2026-07-25T06:30:00+0200,97.09,EUR/MWh,DK1,DK_1,imbalance_price,Long,2026-07-30T07:28:36Z
2026-07-30T07:25:17Z,2026-07-30T09:25:17+0200,e73b670a-bc29-4bfc-b6f4-93c290a4d3ee,2026-07-25T04:30:00Z,2026-07-25T06:30:00+0200,97.09,EUR/MWh,DK1,DK_1,imbalance_price,Short,2026-07-30T07:28:36Z
2026-07-30T07:25:17Z,2026-07-30T09:25:17+0200,e73b670a-bc29-4bfc-b6f4-93c290a4d3ee,2026-07-25T04:45:00Z,2026-07-25T06:45:00+0200,117.54,EUR/MWh,DK1,DK_1,imbalance_price,Long,2026-07-30T07:28:36Z
2026-07-30T07:25:17Z,2026-07-30T09:25:17+0200,e73b670a-bc29-4bfc-b6f4-93c290a4d3ee,2026-07-25T04:45:00Z,2026-07-25T06:45:00+0200,117.54,EUR/MWh,DK1,DK_1,imbalance_price,Short,2026-07-30T07:28:36Z
2026-07-30T07:25:17Z,2026-07-30T09:25:17+0200,e73b670a-bc29-4bfc-b6f4-93c290a4d3ee,2026-07-25T05:00:00Z,2026-07-25T07:00:00+0200,144.31,EUR/MWh,DK1,DK_1,imbalance_price,Long,2026-07-30T07:28:36Z
2026-07-30T07:25:17Z,2026-07-30T09:25:17+0200,e73b670a-bc29-4bfc-b6f4-93c290a4d3ee,2026-07-25T05:00:00Z,2026-07-25T07:00:00+0200,144.31,EUR/MWh,DK1,DK_1,imbalance_price,Short,2026-07-30T07:28:36Z
2026-07-30T07:25:17Z,2026-07-30T09:25:17+0200,e73b670a-bc29-4bfc-b6f4-93c290a4d3ee,2026-07-25T05:15:00Z,2026-07-25T07:15:00+0200,144.27,EUR/MWh,DK1,DK_1,imbalance_price,Long,2026-07-30T07:28:36Z
2026-07-30T07:25:17Z,2026-07-30T09:25:17+0200,e73b670a-bc29-4bfc-b6f4-93c290a4d3ee,2026-07-25T05:15:00Z,2026-07-25T07:15:00+0200,144.27,EUR/MWh,DK1,DK_1,imbalance_price,Short,2026-07-30T07:28:36Z
2026-07-30T07:25:17Z,2026-07-30T09:25:17+0200,e73b670a-bc29-4bfc-b6f4-93c290a4d3ee,2026-07-25T05:30:00Z,2026-07-25T07:30:00+0200,45.3,EUR/MWh,DK1,DK_1,imbalance_price,Long,2026-07-30T07:28:36Z
2026-07-30T07:25:17Z,2026-07-30T09:25:17+0200,e73b670a-bc29-4bfc-b6f4-93c290a4d3ee,2026-07-25T05:30:00Z,2026-07-25T07:30:00+0200,45.3,EUR/MWh,DK1,DK_1,imbalance_price,Short,2026-07-30T07:28:36Z
2026-07-30T07:25:17Z,2026-07-30T09:25:17+0200,e73b670a-bc29-4bfc-b6f4-93c290a4d3ee,2026-07-25T05:45:00Z,2026-07-25T07:45:00+0200,113.7,EUR/MWh,DK1,DK_1,imbalance_price,Long,2026-07-30T07:28:36Z
2026-07-30T07:25:17Z,2026-07-30T09:25:17+0200,e73b670a-bc29-4bfc-b6f4-93c290a4d3ee,2026-07-25T05:45:00Z,2026-07-25T07:45:00+0200,113.7,EUR/MWh,DK1,DK_1,imbalance_price,Short,2026-07-30T07:28:36Z
2026-07-30T07:25:17Z,2026-07-30T09:25:17+0200,e73b670a-bc29-4bfc-b6f4-93c290a4d3ee,2026-07-25T06:00:00Z,2026-07-25T08:00:00+0200,122.44,EUR/MWh,DK1,DK_1,imbalance_price,Long,2026-07-30T07:28:36Z
2026-07-30T07:25:17Z,2026-07-30T09:25:17+0200,e73b670a-bc29-4bfc-b6f4-93c290a4d3ee,2026-07-25T06:00:00Z,2026-07-25T08:00:00+0200,122.44,EUR/MWh,DK1,DK_1,imbalance_price,Short,2026-07-30T07:28:36Z
2026-07-30T07:25:17Z,2026-07-30T09:25:17+0200,e73b670a-bc29-4bfc-b6f4-93c290a4d3ee,2026-07-25T06:15:00Z,2026-07-25T08:15:00+0200,102.51,EUR/MWh,DK1,DK_1,imbalance_price,Long,2026-07-30T07:28:36Z
2026-07-30T07:25:17Z,2026-07-30T09:25:17+0200,e73b670a-bc29-4bfc-b6f4-93c290a4d3ee,2026-07-25T06:15:00Z,2026-07-25T08:15:00+0200,102.51,EUR/MWh,DK1,DK_1,imbalance_price,Short,2026-07-30T07:28:36Z
2026-07-30T07:25:17Z,2026-07-30T09:25:17+0200,e73b670a-bc29-4bfc-b6f4-93c290a4d3ee,2026-07-25T06:30:00Z,2026-07-25T08:30:00+0200,21.92,EUR/MWh,DK1,DK_1,imbalance_price,Long,2026-07-30T07:28:36Z
2026-07-30T07:25:17Z,2026-07-30T09:25:17+0200,e73b670a-bc29-4bfc-b6f4-93c290a4d3ee,2026-07-25T06:30:00Z,2026-07-25T08:30:00+0200,21.92,EUR/MWh,DK1,DK_1,imbalance_price,Short,2026-07-30T07:28:36Z
2026-07-30T07:25:17Z,2026-07-30T09:25:17+0200,e73b670a-bc29-4bfc-b6f4-93c290a4d3ee,2026-07-25T06:45:00Z,2026-07-25T08:45:00+0200,3.83,EUR/MWh,DK1,DK_1,imbalance_price,Long,2026-07-30T07:28:36Z
2026-07-30T07:25:17Z,2026-07-30T09:25:17+0200,e73b670a-bc29-4bfc-b6f4-93c290a4d3ee,2026-07-25T06:45:00Z,2026-07-25T08:45:00+0200,3.83,EUR/MWh,DK1,DK_1,imbalance_price,Short,2026-07-30T07:28:36Z
2026-07-30T07:25:17Z,2026-07-30T09:25:17+0200,e73b670a-bc29-4bfc-b6f4-93c290a4d3ee,2026-07-25T07:00:00Z,2026-07-25T09:00:00+0200,-11.26,EUR/MWh,DK1,DK_1,imbalance_price,Long,2026-07-30T07:28:36Z
2026-07-30T07:25:17Z,2026-07-30T09:25:17+0200,e73b670a-bc29-4bfc-b6f4-93c290a4d3ee,2026-07-25T07:00:00Z,2026-07-25T09:00:00+0200,-11.26,EUR/MWh,DK1,DK_1,imbalance_price,Short,2026-07-30T07:28:36Z
2026-07-30T07:25:17Z,2026-07-30T09:25:17+0200,e73b670a-bc29-4bfc-b6f4-93c290a4d3ee,2026-07-25T07:15:00Z,2026-07-25T09:15:00+0200,-38.0,EUR/MWh,DK1,DK_1,imbalance_price,Long,2026-07-30T07:28:36Z
2026-07-30T07:25:17Z,2026-07-30T09:25:17+0200,e73b670a-bc29-4bfc-b6f4-93c290a4d3ee,2026-07-25T07:15:00Z,2026-07-25T09:15:00+0200,-38.0,EUR/MWh,DK1,DK_1,imbalance_price,Short,2026-07-30T07:28:36Z
2026-07-30T07:25:17Z,2026-07-30T09:25:17+0200,e73b670a-bc29-4bfc-b6f4-93c290a4d3ee,2026-07-25T07:30:00Z,2026-07-25T09:30:00+0200,-12.2,EUR/MWh,DK1,DK_1,imbalance_price,Long,2026-07-30T07:28:36Z
2026-07-30T07:25:17Z,2026-07-30T09:25:17+0200,e73b670a-bc29-4bfc-b6f4-93c290a4d3ee,2026-07-25T07:30:00Z,2026-07-25T09:30:00+0200,-12.2,EUR/MWh,DK1,DK_1,imbalance_price,Short,2026-07-30T07:28:36Z
2026-07-30T07:25:17Z,2026-07-30T09:25:17+0200,e73b670a-bc29-4bfc-b6f4-93c290a4d3ee,2026-07-25T07:45:00Z,2026-07-25T09:45:00+0200,-6.69,EUR/MWh,DK1,DK_1,imbalance_price,Long,2026-07-30T07:28:36Z
2026-07-30T07:25:17Z,2026-07-30T09:25:17+0200,e73b670a-bc29-4bfc-b6f4-93c290a4d3ee,2026-07-25T07:45:00Z,2026-07-25T09:45:00+0200,-6.69,EUR/MWh,DK1,DK_1,imbalance_price,Short,2026-07-30T07:28:36Z
2026-07-30T07:25:17Z,2026-07-30T09:25:17+0200,e73b670a-bc29-4bfc-b6f4-93c290a4d3ee,2026-07-25T08:00:00Z,2026-07-25T10:00:00+0200,0.0,EUR/MWh,DK1,DK_1,imbalance_price,Long,2026-07-30T07:28:36Z
2026-07-30T07:25:17Z,2026-07-30T09:25:17+0200,e73b670a-bc29-4bfc-b6f4-93c290a4d3ee,2026-07-25T08:00:00Z,2026-07-25T10:00:00+0200,0.0,EUR/MWh,DK1,DK_1,imbalance_price,Short,2026-07-30T07:28:36Z
2026-07-30T07:25:17Z,2026-07-30T09:25:17+0200,e73b670a-bc29-4bfc-b6f4-93c290a4d3ee,2026-07-25T08:15:00Z,2026-07-25T10:15:00+0200,-7.7,EUR/MWh,DK1,DK_1,imbalance_price,Long,2026-07-30T07:28:36Z
2026-07-30T07:25:17Z,2026-07-30T09:25:17+0200,e73b670a-bc29-4bfc-b6f4-93c290a4d3ee,2026-07-25T08:15:00Z,2026-07-25T10:15:00+0200,-7.7,EUR/MWh,DK1,DK_1,imbalance_price,Short,2026-07-30T07:28:36Z
2026-07-30T07:25:17Z,2026-07-30T09:25:17+0200,e73b670a-bc29-4bfc-b6f4-93c290a4d3ee,2026-07-25T08:30:00Z,2026-07-25T10:30:00+0200,4.82,EUR/MWh,DK1,DK_1,imbalance_price,Long,2026-07-30T07:28:36Z
2026-07-30T07:25:17Z,2026-07-30T09:25:17+0200,e73b670a-bc29-4bfc-b6f4-93c290a4d3ee,2026-07-25T08:30:00Z,2026-07-25T10:30:00+0200,4.82,EUR/MWh,DK1,DK_1,imbalance_price,Short,2026-07-30T07:28:36Z
2026-07-30T07:25:17Z,2026-07-30T09:25:17+0200,e73b670a-bc29-4bfc-b6f4-93c290a4d3ee,2026-07-25T08:45:00Z,2026-07-25T10:45:00+0200,6.72,EUR/MWh,DK1,DK_1,imbalance_price,Long,2026-07-30T07:28:36Z
2026-07-30T07:25:17Z,2026-07-30T09:25:17+0200,e73b670a-bc29-4bfc-b6f4-93c290a4d3ee,2026-07-25T08:45:00Z,2026-07-25T10:45:00+0200,6.72,EUR/MWh,DK1,DK_1,imbalance_price,Short,2026-07-30T07:28:36Z
2026-07-30T07:25:17Z,2026-07-30T09:25:17+0200,e73b670a-bc29-4bfc-b6f4-93c290a4d3ee,2026-07-25T09:00:00Z,2026-07-25T11:00:00+0200,8.75,EUR/MWh,DK1,DK_1,imbalance_price,Long,2026-07-30T07:28:36Z
2026-07-30T07:25:17Z,2026-07-30T09:25:17+0200,e73b670a-bc29-4bfc-b6f4-93c290a4d3ee,2026-07-25T09:00:00Z,2026-07-25T11:00:00+0200,8.75,EUR/MWh,DK1,DK_1,imbalance_price,Short,2026-07-30T07:28:36Z
2026-07-30T07:25:17Z,2026-07-30T09:25:17+0200,e73b670a-bc29-4bfc-b6f4-93c290a4d3ee,2026-07-25T09:15:00Z,2026-07-25T11:15:00+0200,10.39,EUR/MWh,DK1,DK_1,imbalance_price,Long,2026-07-30T07:28:36Z
2026-07-30T07:25:17Z,2026-07-30T09:25:17+0200,e73b670a-bc29-4bfc-b6f4-93c290a4d3ee,2026-07-25T09:15:00Z,2026-07-25T11:15:00+0200,10.39,EUR/MWh,DK1,DK_1,imbalance_price,Short,2026-07-30T07:28:36Z
2026-07-30T07:25:17Z,2026-07-30T09:25:17+0200,e73b670a-bc29-4bfc-b6f4-93c290a4d3ee,2026-07-25T09:30:00Z,2026-07-25T11:30:00+0200,-3.41,EUR/MWh,DK1,DK_1,imbalance_price,Long,2026-07-30T07:28:36Z
2026-07-30T07:25:17Z,2026-07-30T09:25:17+0200,e73b670a-bc29-4bfc-b6f4-93c290a4d3ee,2026-07-25T09:30:00Z,2026-07-25T11:30:00+0200,-3.41,EUR/MWh,DK1,DK_1,imbalance_price,Short,2026-07-30T07:28:36Z
2026-07-30T07:25:17Z,2026-07-30T09:25:17+0200,e73b670a-bc29-4bfc-b6f4-93c290a4d3ee,2026-07-25T09:45:00Z,2026-07-25T11:45:00+0200,29.11,EUR/MWh,DK1,DK_1,imbalance_price,Long,2026-07-30T07:28:36Z
2026-07-30T07:25:17Z,2026-07-30T09:25:17+0200,e73b670a-bc29-4bfc-b6f4-93c290a4d3ee,2026-07-25T09:45:00Z,2026-07-25T11:45:00+0200,29.11,EUR/MWh,DK1,DK_1,imbalance_price,Short,2026-07-30T07:28:36Z
2026-07-30T07:25:17Z,2026-07-30T09:25:17+0200,e73b670a-bc29-4bfc-b6f4-93c290a4d3ee,2026-07-25T10:00:00Z,2026-07-25T12:00:00+0200,4.84,EUR/MWh,DK1,DK_1,imbalance_price,Long,2026-07-30T07:28:36Z
2026-07-30T07:25:17Z,2026-07-30T09:25:17+0200,e73b670a-bc29-4bfc-b6f4-93c290a4d3ee,2026-07-25T10:00:00Z,2026-07-25T12:00:00+0200,4.84,EUR/MWh,DK1,DK_1,imbalance_price,Short,2026-07-30T07:28:36Z
2026-07-30T07:25:17Z,2026-07-30T09:25:17+0200,e73b670a-bc29-4bfc-b6f4-93c290a4d3ee,2026-07-25T10:15:00Z,2026-07-25T12:15:00+0200,7.15,EUR/MWh,DK1,DK_1,imbalance_price,Long,2026-07-30T07:28:36Z
2026-07-30T07:25:17Z,2026-07-30T09:25:17+0200,e73b670a-bc29-4bfc-b6f4-93c290a4d3ee,2026-07-25T10:15:00Z,2026-07-25T12:15:00+0200,7.15,EUR/MWh,DK1,DK_1,imbalance_price,Short,2026-07-30T07:28:36Z
2026-07-30T07:25:17Z,2026-07-30T09:25:17+0200,e73b670a-bc29-4bfc-b6f4-93c290a4d3ee,2026-07-25T10:30:00Z,2026-07-25T12:30:00+0200,5.35,EUR/MWh,DK1,DK_1,imbalance_price,Long,2026-07-30T07:28:36Z
2026-07-30T07:25:17Z,2026-07-30T09:25:17+0200,e73b670a-bc29-4bfc-b6f4-93c290a4d3ee,2026-07-25T10:30:00Z,2026-07-25T12:30:00+0200,5.35,EUR/MWh,DK1,DK_1,imbalance_price,Short,2026-07-30T07:28:36Z
2026-07-30T07:25:17Z,2026-07-30T09:25:17+0200,e73b670a-bc29-4bfc-b6f4-93c290a4d3ee,2026-07-25T10:45:00Z,2026-07-25T12:45:00+0200,-7.89,EUR/MWh,DK1,DK_1,imbalance_price,Long,2026-07-30T07:28:36Z
2026-07-30T07:25:17Z,2026-07-30T09:25:17+0200,e73b670a-bc29-4bfc-b6f4-93c290a4d3ee,2026-07-25T10:45:00Z,2026-07-25T12:45:00+0200,-7.89,EUR/MWh,DK1,DK_1,imbalance_price,Short,2026-07-30T07:28:36Z
2026-07-30T07:25:17Z,2026-07-30T09:25:17+0200,e73b670a-bc29-4bfc-b6f4-93c290a4d3ee,2026-07-25T11:00:00Z,2026-07-25T13:00:00+0200,-9.28,EUR/MWh,DK1,DK_1,imbalance_price,Long,2026-07-30T07:28:36Z
2026-07-30T07:25:17Z,2026-07-30T09:25:17+0200,e73b670a-bc29-4bfc-b6f4-93c290a4d3ee,2026-07-25T11:00:00Z,2026-07-25T13:00:00+0200,-9.28,EUR/MWh,DK1,DK_1,imbalance_price,Short,2026-07-30T07:28:36Z
2026-07-30T07:25:17Z,2026-07-30T09:25:17+0200,e73b670a-bc29-4bfc-b6f4-93c290a4d3ee,2026-07-25T11:15:00Z,2026-07-25T13:15:00+0200,-13.38,EUR/MWh,DK1,DK_1,imbalance_price,Long,2026-07-30T07:28:36Z
2026-07-30T07:25:17Z,2026-07-30T09:25:17+0200,e73b670a-bc29-4bfc-b6f4-93c290a4d3ee,2026-07-25T11:15:00Z,2026-07-25T13:15:00+0200,-13.38,EUR/MWh,DK1,DK_1,imbalance_price,Short,2026-07-30T07:28:36Z
2026-07-30T07:25:17Z,2026-07-30T09:25:17+0200,e73b670a-bc29-4bfc-b6f4-93c290a4d3ee,2026-07-25T11:30:00Z,2026-07-25T13:30:00+0200,8.29,EUR/MWh,DK1,DK_1,imbalance_price,Long,2026-07-30T07:28:36Z
2026-07-30T07:25:17Z,2026-07-30T09:25:17+0200,e73b670a-bc29-4bfc-b6f4-93c290a4d3ee,2026-07-25T11:30:00Z,2026-07-25T13:30:00+0200,8.29,EUR/MWh,DK1,DK_1,imbalance_price,Short,2026-07-30T07:28:36Z
2026-07-30T07:25:17Z,2026-07-30T09:25:17+0200,e73b670a-bc29-4bfc-b6f4-93c290a4d3ee,2026-07-25T11:45:00Z,2026-07-25T13:45:00+0200,-10.75,EUR/MWh,DK1,DK_1,imbalance_price,Long,2026-07-30T07:28:36Z
2026-07-30T07:25:17Z,2026-07-30T09:25:17+0200,e73b670a-bc29-4bfc-b6f4-93c290a4d3ee,2026-07-25T11:45:00Z,2026-07-25T13:45:00+0200,-10.75,EUR/MWh,DK1,DK_1,imbalance_price,Short,2026-07-30T07:28:36Z
2026-07-30T07:25:17Z,2026-07-30T09:25:17+0200,e73b670a-bc29-4bfc-b6f4-93c290a4d3ee,2026-07-25T12:00:00Z,2026-07-25T14:00:00+0200,6.92,EUR/MWh,DK1,DK_1,imbalance_price,Long,2026-07-30T07:28:36Z
2026-07-30T07:25:17Z,2026-07-30T09:25:17+0200,e73b670a-bc29-4bfc-b6f4-93c290a4d3ee,2026-07-25T12:00:00Z,2026-07-25T14:00:00+0200,6.92,EUR/MWh,DK1,DK_1,imbalance_price,Short,2026-07-30T07:28:36Z
2026-07-30T07:25:17Z,2026-07-30T09:25:17+0200,e73b670a-bc29-4bfc-b6f4-93c290a4d3ee,2026-07-25T12:15:00Z,2026-07-25T14:15:00+0200,2.9,EUR/MWh,DK1,DK_1,imbalance_price,Long,2026-07-30T07:28:36Z
2026-07-30T07:25:17Z,2026-07-30T09:25:17+0200,e73b670a-bc29-4bfc-b6f4-93c290a4d3ee,2026-07-25T12:15:00Z,2026-07-25T14:15:00+0200,2.9,EUR/MWh,DK1,DK_1,imbalance_price,Short,2026-07-30T07:28:36Z
2026-07-30T07:25:17Z,2026-07-30T09:25:17+0200,e73b670a-bc29-4bfc-b6f4-93c290a4d3ee,2026-07-25T12:30:00Z,2026-07-25T14:30:00+0200,17.19,EUR/MWh,DK1,DK_1,imbalance_price,Long,2026-07-30T07:28:36Z
2026-07-30T07:25:17Z,2026-07-30T09:25:17+0200,e73b670a-bc29-4bfc-b6f4-93c290a4d3ee,2026-07-25T12:30:00Z,2026-07-25T14:30:00+0200,17.19,EUR/MWh,DK1,DK_1,imbalance_price,Short,2026-07-30T07:28:36Z
2026-07-30T07:25:17Z,2026-07-30T09:25:17+0200,e73b670a-bc29-4bfc-b6f4-93c290a4d3ee,2026-07-25T12:45:00Z,2026-07-25T14:45:00+0200,11.04,EUR/MWh,DK1,DK_1,imbalance_price,Long,2026-07-30T07:28:36Z
2026-07-30T07:25:17Z,2026-07-30T09:25:17+0200,e73b670a-bc29-4bfc-b6f4-93c290a4d3ee,2026-07-25T12:45:00Z,2026-07-25T14:45:00+0200,11.04,EUR/MWh,DK1,DK_1,imbalance_price,Short,2026-07-30T07:28:36Z
2026-07-30T07:25:17Z,2026-07-30T09:25:17+0200,e73b670a-bc29-4bfc-b6f4-93c290a4d3ee,2026-07-25T13:00:00Z,2026-07-25T15:00:00+0200,6.44,EUR/MWh,DK1,DK_1,imbalance_price,Long,2026-07-30T07:28:36Z
2026-07-30T07:25:17Z,2026-07-30T09:25:17+0200,e73b670a-bc29-4bfc-b6f4-93c290a4d3ee,2026-07-25T13:00:00Z,2026-07-25T15:00:00+0200,6.44,EUR/MWh,DK1,DK_1,imbalance_price,Short,2026-07-30T07:28:36Z
2026-07-30T07:25:17Z,2026-07-30T09:25:17+0200,e73b670a-bc29-4bfc-b6f4-93c290a4d3ee,2026-07-25T13:15:00Z,2026-07-25T15:15:00+0200,6.69,EUR/MWh,DK1,DK_1,imbalance_price,Long,2026-07-30T07:28:36Z
2026-07-30T07:25:17Z,2026-07-30T09:25:17+0200,e73b670a-bc29-4bfc-b6f4-93c290a4d3ee,2026-07-25T13:15:00Z,2026-07-25T15:15:00+0200,6.69,EUR/MWh,DK1,DK_1,imbalance_price,Short,2026-07-30T07:28:36Z
2026-07-30T07:25:17Z,2026-07-30T09:25:17+0200,e73b670a-bc29-4bfc-b6f4-93c290a4d3ee,2026-07-25T13:30:00Z,2026-07-25T15:30:00+0200,11.42,EUR/MWh,DK1,DK_1,imbalance_price,Long,2026-07-30T07:28:36Z
2026-07-30T07:25:17Z,2026-07-30T09:25:17+0200,e73b670a-bc29-4bfc-b6f4-93c290a4d3ee,2026-07-25T13:30:00Z,2026-07-25T15:30:00+0200,11.42,EUR/MWh,DK1,DK_1,imbalance_price,Short,2026-07-30T07:28:36Z
2026-07-30T07:25:17Z,2026-07-30T09:25:17+0200,e73b670a-bc29-4bfc-b6f4-93c290a4d3ee,2026-07-25T13:45:00Z,2026-07-25T15:45:00+0200,-1.2,EUR/MWh,DK1,DK_1,imbalance_price,Long,2026-07-30T07:28:36Z
2026-07-30T07:25:17Z,2026-07-30T09:25:17+0200,e73b670a-bc29-4bfc-b6f4-93c290a4d3ee,2026-07-25T13:45:00Z,2026-07-25T15:45:00+0200,-1.2,EUR/MWh,DK1,DK_1,imbalance_price,Short,2026-07-30T07:28:36Z
2026-07-30T07:25:17Z,2026-07-30T09:25:17+0200,e73b670a-bc29-4bfc-b6f4-93c290a4d3ee,2026-07-25T14:00:00Z,2026-07-25T16:00:00+0200,-6.05,EUR/MWh,DK1,DK_1,imbalance_price,Long,2026-07-30T07:28:36Z
2026-07-30T07:25:17Z,2026-07-30T09:25:17+0200,e73b670a-bc29-4bfc-b6f4-93c290a4d3ee,2026-07-25T14:00:00Z,2026-07-25T16:00:00+0200,-6.05,EUR/MWh,DK1,DK_1,imbalance_price,Short,2026-07-30T07:28:36Z
2026-07-30T07:25:17Z,2026-07-30T09:25:17+0200,e73b670a-bc29-4bfc-b6f4-93c290a4d3ee,2026-07-25T14:15:00Z,2026-07-25T16:15:00+0200,-0.12,EUR/MWh,DK1,DK_1,imbalance_price,Long,2026-07-30T07:28:36Z
2026-07-30T07:25:17Z,2026-07-30T09:25:17+0200,e73b670a-bc29-4bfc-b6f4-93c290a4d3ee,2026-07-25T14:15:00Z,2026-07-25T16:15:00+0200,-0.12,EUR/MWh,DK1,DK_1,imbalance_price,Short,2026-07-30T07:28:36Z
2026-07-30T07:25:17Z,2026-07-30T09:25:17+0200,e73b670a-bc29-4bfc-b6f4-93c290a4d3ee,2026-07-25T14:30:00Z,2026-07-25T16:30:00+0200,9.32,EUR/MWh,DK1,DK_1,imbalance_price,Long,2026-07-30T07:28:36Z
2026-07-30T07:25:17Z,2026-07-30T09:25:17+0200,e73b670a-bc29-4bfc-b6f4-93c290a4d3ee,2026-07-25T14:30:00Z,2026-07-25T16:30:00+0200,9.32,EUR/MWh,DK1,DK_1,imbalance_price,Short,2026-07-30T07:28:36Z
2026-07-30T07:25:17Z,2026-07-30T09:25:17+0200,e73b670a-bc29-4bfc-b6f4-93c290a4d3ee,2026-07-25T14:45:00Z,2026-07-25T16:45:00+0200,6.74,EUR/MWh,DK1,DK_1,imbalance_price,Long,2026-07-30T07:28:36Z
2026-07-30T07:25:17Z,2026-07-30T09:25:17+0200,e73b670a-bc29-4bfc-b6f4-93c290a4d3ee,2026-07-25T14:45:00Z,2026-07-25T16:45:00+0200,6.74,EUR/MWh,DK1,DK_1,imbalance_price,Short,2026-07-30T07:28:36Z
2026-07-30T07:25:17Z,2026-07-30T09:25:17+0200,e73b670a-bc29-4bfc-b6f4-93c290a4d3ee,2026-07-25T15:00:00Z,2026-07-25T17:00:00+0200,15.43,EUR/MWh,DK1,DK_1,imbalance_price,Long,2026-07-30T07:28:36Z
2026-07-30T07:25:17Z,2026-07-30T09:25:17+0200,e73b670a-bc29-4bfc-b6f4-93c290a4d3ee,2026-07-25T15:00:00Z,2026-07-25T17:00:00+0200,15.43,EUR/MWh,DK1,DK_1,imbalance_price,Short,2026-07-30T07:28:36Z
2026-07-30T07:25:17Z,2026-07-30T09:25:17+0200,e73b670a-bc29-4bfc-b6f4-93c290a4d3ee,2026-07-25T15:15:00Z,2026-07-25T17:15:00+0200,25.61,EUR/MWh,DK1,DK_1,imbalance_price,Long,2026-07-30T07:28:36Z
2026-07-30T07:25:17Z,2026-07-30T09:25:17+0200,e73b670a-bc29-4bfc-b6f4-93c290a4d3ee,2026-07-25T15:15:00Z,2026-07-25T17:15:00+0200,25.61,EUR/MWh,DK1,DK_1,imbalance_price,Short,2026-07-30T07:28:36Z
2026-07-30T07:25:17Z,2026-07-30T09:25:17+0200,e73b670a-bc29-4bfc-b6f4-93c290a4d3ee,2026-07-25T15:30:00Z,2026-07-25T17:30:00+0200,2.69,EUR/MWh,DK1,DK_1,imbalance_price,Long,2026-07-30T07:28:36Z
2026-07-30T07:25:17Z,2026-07-30T09:25:17+0200,e73b670a-bc29-4bfc-b6f4-93c290a4d3ee,2026-07-25T15:30:00Z,2026-07-25T17:30:00+0200,2.69,EUR/MWh,DK1,DK_1,imbalance_price,Short,2026-07-30T07:28:36Z
2026-07-30T07:25:17Z,2026-07-30T09:25:17+0200,e73b670a-bc29-4bfc-b6f4-93c290a4d3ee,2026-07-25T15:45:00Z,2026-07-25T17:45:00+0200,6.56,EUR/MWh,DK1,DK_1,imbalance_price,Long,2026-07-30T07:28:36Z
2026-07-30T07:25:17Z,2026-07-30T09:25:17+0200,e73b670a-bc29-4bfc-b6f4-93c290a4d3ee,2026-07-25T15:45:00Z,2026-07-25T17:45:00+0200,6.56,EUR/MWh,DK1,DK_1,imbalance_price,Short,2026-07-30T07:28:36Z
2026-07-30T07:25:17Z,2026-07-30T09:25:17+0200,e73b670a-bc29-4bfc-b6f4-93c290a4d3ee,2026-07-25T16:00:00Z,2026-07-25T18:00:00+0200,146.29,EUR/MWh,DK1,DK_1,imbalance_price,Long,2026-07-30T07:28:36Z
2026-07-30T07:25:17Z,2026-07-30T09:25:17+0200,e73b670a-bc29-4bfc-b6f4-93c290a4d3ee,2026-07-25T16:00:00Z,2026-07-25T18:00:00+0200,146.29,EUR/MWh,DK1,DK_1,imbalance_price,Short,2026-07-30T07:28:36Z
2026-07-30T07:25:17Z,2026-07-30T09:25:17+0200,e73b670a-bc29-4bfc-b6f4-93c290a4d3ee,2026-07-25T16:15:00Z,2026-07-25T18:15:00+0200,98.16,EUR/MWh,DK1,DK_1,imbalance_price,Long,2026-07-30T07:28:36Z
2026-07-30T07:25:17Z,2026-07-30T09:25:17+0200,e73b670a-bc29-4bfc-b6f4-93c290a4d3ee,2026-07-25T16:15:00Z,2026-07-25T18:15:00+0200,98.16,EUR/MWh,DK1,DK_1,imbalance_price,Short,2026-07-30T07:28:36Z
2026-07-30T07:25:17Z,2026-07-30T09:25:17+0200,e73b670a-bc29-4bfc-b6f4-93c290a4d3ee,2026-07-25T16:30:00Z,2026-07-25T18:30:00+0200,294.18,EUR/MWh,DK1,DK_1,imbalance_price,Long,2026-07-30T07:28:36Z
2026-07-30T07:25:17Z,2026-07-30T09:25:17+0200,e73b670a-bc29-4bfc-b6f4-93c290a4d3ee,2026-07-25T16:30:00Z,2026-07-25T18:30:00+0200,294.18,EUR/MWh,DK1,DK_1,imbalance_price,Short,2026-07-30T07:28:36Z
2026-07-30T07:25:17Z,2026-07-30T09:25:17+0200,e73b670a-bc29-4bfc-b6f4-93c290a4d3ee,2026-07-25T16:45:00Z,2026-07-25T18:45:00+0200,191.48,EUR/MWh,DK1,DK_1,imbalance_price,Long,2026-07-30T07:28:36Z
2026-07-30T07:25:17Z,2026-07-30T09:25:17+0200,e73b670a-bc29-4bfc-b6f4-93c290a4d3ee,2026-07-25T16:45:00Z,2026-07-25T18:45:00+0200,191.48,EUR/MWh,DK1,DK_1,imbalance_price,Short,2026-07-30T07:28:36Z
2026-07-30T07:25:17Z,2026-07-30T09:25:17+0200,e73b670a-bc29-4bfc-b6f4-93c290a4d3ee,2026-07-25T17:00:00Z,2026-07-25T19:00:00+0200,202.73,EUR/MWh,DK1,DK_1,imbalance_price,Long,2026-07-30T07:28:36Z
2026-07-30T07:25:17Z,2026-07-30T09:25:17+0200,e73b670a-bc29-4bfc-b6f4-93c290a4d3ee,2026-07-25T17:00:00Z,2026-07-25T19:00:00+0200,202.73,EUR/MWh,DK1,DK_1,imbalance_price,Short,2026-07-30T07:28:36Z
2026-07-30T07:25:17Z,2026-07-30T09:25:17+0200,e73b670a-bc29-4bfc-b6f4-93c290a4d3ee,2026-07-25T17:15:00Z,2026-07-25T19:15:00+0200,153.47,EUR/MWh,DK1,DK_1,imbalance_price,Long,2026-07-30T07:28:36Z
2026-07-30T07:25:17Z,2026-07-30T09:25:17+0200,e73b670a-bc29-4bfc-b6f4-93c290a4d3ee,2026-07-25T17:15:00Z,2026-07-25T19:15:00+0200,153.47,EUR/MWh,DK1,DK_1,imbalance_price,Short,2026-07-30T07:28:36Z
2026-07-30T07:25:17Z,2026-07-30T09:25:17+0200,e73b670a-bc29-4bfc-b6f4-93c290a4d3ee,2026-07-25T17:30:00Z,2026-07-25T19:30:00+0200,334.43,EUR/MWh,DK1,DK_1,imbalance_price,Long,2026-07-30T07:28:36Z
2026-07-30T07:25:17Z,2026-07-30T09:25:17+0200,e73b670a-bc29-4bfc-b6f4-93c290a4d3ee,2026-07-25T17:30:00Z,2026-07-25T19:30:00+0200,334.43,EUR/MWh,DK1,DK_1,imbalance_price,Short,2026-07-30T07:28:36Z
2026-07-30T07:25:17Z,2026-07-30T09:25:17+0200,e73b670a-bc29-4bfc-b6f4-93c290a4d3ee,2026-07-25T17:45:00Z,2026-07-25T19:45:00+0200,151.01,EUR/MWh,DK1,DK_1,imbalance_price,Long,2026-07-30T07:28:36Z
2026-07-30T07:25:17Z,2026-07-30T09:25:17+0200,e73b670a-bc29-4bfc-b6f4-93c290a4d3ee,2026-07-25T17:45:00Z,2026-07-25T19:45:00+0200,151.01,EUR/MWh,DK1,DK_1,imbalance_price,Short,2026-07-30T07:28:36Z
2026-07-30T07:25:17Z,2026-07-30T09:25:17+0200,e73b670a-bc29-4bfc-b6f4-93c290a4d3ee,2026-07-25T18:00:00Z,2026-07-25T20:00:00+0200,159.63,EUR/MWh,DK1,DK_1,imbalance_price,Long,2026-07-30T07:28:36Z
2026-07-30T07:25:17Z,2026-07-30T09:25:17+0200,e73b670a-bc29-4bfc-b6f4-93c290a4d3ee,2026-07-25T18:00:00Z,2026-07-25T20:00:00+0200,159.63,EUR/MWh,DK1,DK_1,imbalance_price,Short,2026-07-30T07:28:36Z
2026-07-30T07:25:17Z,2026-07-30T09:25:17+0200,e73b670a-bc29-4bfc-b6f4-93c290a4d3ee,2026-07-25T18:15:00Z,2026-07-25T20:15:00+0200,155.81,EUR/MWh,DK1,DK_1,imbalance_price,Long,2026-07-30T07:28:36Z
2026-07-30T07:25:17Z,2026-07-30T09:25:17+0200,e73b670a-bc29-4bfc-b6f4-93c290a4d3ee,2026-07-25T18:15:00Z,2026-07-25T20:15:00+0200,155.81,EUR/MWh,DK1,DK_1,imbalance_price,Short,2026-07-30T07:28:36Z
2026-07-30T07:25:17Z,2026-07-30T09:25:17+0200,e73b670a-bc29-4bfc-b6f4-93c290a4d3ee,2026-07-25T18:30:00Z,2026-07-25T20:30:00+0200,159.51,EUR/MWh,DK1,DK_1,imbalance_price,Long,2026-07-30T07:28:36Z
2026-07-30T07:25:17Z,2026-07-30T09:25:17+0200,e73b670a-bc29-4bfc-b6f4-93c290a4d3ee,2026-07-25T18:30:00Z,2026-07-25T20:30:00+0200,159.51,EUR/MWh,DK1,DK_1,imbalance_price,Short,2026-07-30T07:28:36Z
2026-07-30T07:25:17Z,2026-07-30T09:25:17+0200,e73b670a-bc29-4bfc-b6f4-93c290a4d3ee,2026-07-25T18:45:00Z,2026-07-25T20:45:00+0200,529.18,EUR/MWh,DK1,DK_1,imbalance_price,Long,2026-07-30T07:28:36Z
2026-07-30T07:25:17Z,2026-07-30T09:25:17+0200,e73b670a-bc29-4bfc-b6f4-93c290a4d3ee,2026-07-25T18:45:00Z,2026-07-25T20:45:00+0200,529.18,EUR/MWh,DK1,DK_1,imbalance_price,Short,2026-07-30T07:28:36Z
2026-07-30T07:25:17Z,2026-07-30T09:25:17+0200,e73b670a-bc29-4bfc-b6f4-93c290a4d3ee,2026-07-25T19:00:00Z,2026-07-25T21:00:00+0200,435.72,EUR/MWh,DK1,DK_1,imbalance_price,Long,2026-07-30T07:28:36Z
2026-07-30T07:25:17Z,2026-07-30T09:25:17+0200,e73b670a-bc29-4bfc-b6f4-93c290a4d3ee,2026-07-25T19:00:00Z,2026-07-25T21:00:00+0200,435.72,EUR/MWh,DK1,DK_1,imbalance_price,Short,2026-07-30T07:28:36Z
2026-07-30T07:25:17Z,2026-07-30T09:25:17+0200,e73b670a-bc29-4bfc-b6f4-93c290a4d3ee,2026-07-25T19:15:00Z,2026-07-25T21:15:00+0200,535.07,EUR/MWh,DK1,DK_1,imbalance_price,Long,2026-07-30T07:28:36Z
2026-07-30T07:25:17Z,2026-07-30T09:25:17+0200,e73b670a-bc29-4bfc-b6f4-93c290a4d3ee,2026-07-25T19:15:00Z,2026-07-25T21:15:00+0200,535.07,EUR/MWh,DK1,DK_1,imbalance_price,Short,2026-07-30T07:28:36Z
2026-07-30T07:25:17Z,2026-07-30T09:25:17+0200,e73b670a-bc29-4bfc-b6f4-93c290a4d3ee,2026-07-25T19:30:00Z,2026-07-25T21:30:00+0200,334.45,EUR/MWh,DK1,DK_1,imbalance_price,Long,2026-07-30T07:28:36Z
2026-07-30T07:25:17Z,2026-07-30T09:25:17+0200,e73b670a-bc29-4bfc-b6f4-93c290a4d3ee,2026-07-25T19:30:00Z,2026-07-25T21:30:00+0200,334.45,EUR/MWh,DK1,DK_1,imbalance_price,Short,2026-07-30T07:28:36Z
2026-07-30T07:25:17Z,2026-07-30T09:25:17+0200,e73b670a-bc29-4bfc-b6f4-93c290a4d3ee,2026-07-25T19:45:00Z,2026-07-25T21:45:00+0200,164.78,EUR/MWh,DK1,DK_1,imbalance_price,Long,2026-07-30T07:28:36Z
2026-07-30T07:25:17Z,2026-07-30T09:25:17+0200,e73b670a-bc29-4bfc-b6f4-93c290a4d3ee,2026-07-25T19:45:00Z,2026-07-25T21:45:00+0200,164.78,EUR/MWh,DK1,DK_1,imbalance_price,Short,2026-07-30T07:28:36Z
2026-07-30T07:25:17Z,2026-07-30T09:25:17+0200,e73b670a-bc29-4bfc-b6f4-93c290a4d3ee,2026-07-25T20:00:00Z,2026-07-25T22:00:00+0200,51.37,EUR/MWh,DK1,DK_1,imbalance_price,Long,2026-07-30T07:28:36Z
2026-07-30T07:25:17Z,2026-07-30T09:25:17+0200,e73b670a-bc29-4bfc-b6f4-93c290a4d3ee,2026-07-25T20:00:00Z,2026-07-25T22:00:00+0200,51.37,EUR/MWh,DK1,DK_1,imbalance_price,Short,2026-07-30T07:28:36Z
2026-07-30T07:25:17Z,2026-07-30T09:25:17+0200,e73b670a-bc29-4bfc-b6f4-93c290a4d3ee,2026-07-25T20:15:00Z,2026-07-25T22:15:00+0200,97.09,EUR/MWh,DK1,DK_1,imbalance_price,Long,2026-07-30T07:28:36Z
2026-07-30T07:25:17Z,2026-07-30T09:25:17+0200,e73b670a-bc29-4bfc-b6f4-93c290a4d3ee,2026-07-25T20:15:00Z,2026-07-25T22:15:00+0200,97.09,EUR/MWh,DK1,DK_1,imbalance_price,Short,2026-07-30T07:28:36Z
2026-07-30T07:25:17Z,2026-07-30T09:25:17+0200,e73b670a-bc29-4bfc-b6f4-93c290a4d3ee,2026-07-25T20:30:00Z,2026-07-25T22:30:00+0200,97.09,EUR/MWh,DK1,DK_1,imbalance_price,Long,2026-07-30T07:28:36Z
2026-07-30T07:25:17Z,2026-07-30T09:25:17+0200,e73b670a-bc29-4bfc-b6f4-93c290a4d3ee,2026-07-25T20:30:00Z,2026-07-25T22:30:00+0200,97.09,EUR/MWh,DK1,DK_1,imbalance_price,Short,2026-07-30T07:28:36Z
2026-07-30T07:25:17Z,2026-07-30T09:25:17+0200,e73b670a-bc29-4bfc-b6f4-93c290a4d3ee,2026-07-25T20:45:00Z,2026-07-25T22:45:00+0200,158.56,EUR/MWh,DK1,DK_1,imbalance_price,Long,2026-07-30T07:28:36Z
2026-07-30T07:25:17Z,2026-07-30T09:25:17+0200,e73b670a-bc29-4bfc-b6f4-93c290a4d3ee,2026-07-25T20:45:00Z,2026-07-25T22:45:00+0200,158.56,EUR/MWh,DK1,DK_1,imbalance_price,Short,2026-07-30T07:28:36Z
2026-07-30T07:25:17Z,2026-07-30T09:25:17+0200,e73b670a-bc29-4bfc-b6f4-93c290a4d3ee,2026-07-25T21:00:00Z,2026-07-25T23:00:00+0200,96.09,EUR/MWh,DK1,DK_1,imbalance_price,Long,2026-07-30T07:28:36Z
2026-07-30T07:25:17Z,2026-07-30T09:25:17+0200,e73b670a-bc29-4bfc-b6f4-93c290a4d3ee,2026-07-25T21:00:00Z,2026-07-25T23:00:00+0200,96.09,EUR/MWh,DK1,DK_1,imbalance_price,Short,2026-07-30T07:28:36Z
2026-07-30T07:25:17Z,2026-07-30T09:25:17+0200,e73b670a-bc29-4bfc-b6f4-93c290a4d3ee,2026-07-25T21:15:00Z,2026-07-25T23:15:00+0200,240.84,EUR/MWh,DK1,DK_1,imbalance_price,Long,2026-07-30T07:28:36Z
2026-07-30T07:25:17Z,2026-07-30T09:25:17+0200,e73b670a-bc29-4bfc-b6f4-93c290a4d3ee,2026-07-25T21:15:00Z,2026-07-25T23:15:00+0200,240.84,EUR/MWh,DK1,DK_1,imbalance_price,Short,2026-07-30T07:28:36Z
2026-07-30T07:25:17Z,2026-07-30T09:25:17+0200,e73b670a-bc29-4bfc-b6f4-93c290a4d3ee,2026-07-25T21:30:00Z,2026-07-25T23:30:00+0200,267.42,EUR/MWh,DK1,DK_1,imbalance_price,Long,2026-07-30T07:28:36Z
2026-07-30T07:25:17Z,2026-07-30T09:25:17+0200,e73b670a-bc29-4bfc-b6f4-93c290a4d3ee,2026-07-25T21:30:00Z,2026-07-25T23:30:00+0200,267.42,EUR/MWh,DK1,DK_1,imbalance_price,Short,2026-07-30T07:28:36Z
2026-07-30T07:25:17Z,2026-07-30T09:25:17+0200,e73b670a-bc29-4bfc-b6f4-93c290a4d3ee,2026-07-25T21:45:00Z,2026-07-25T23:45:00+0200,152.19,EUR/MWh,DK1,DK_1,imbalance_price,Long,2026-07-30T07:28:36Z
2026-07-30T07:25:17Z,2026-07-30T09:25:17+0200,e73b670a-bc29-4bfc-b6f4-93c290a4d3ee,2026-07-25T21:45:00Z,2026-07-25T23:45:00+0200,152.19,EUR/MWh,DK1,DK_1,imbalance_price,Short,2026-07-30T07:28:36Z
2026-07-30T07:25:17Z,2026-07-30T09:25:17+0200,e73b670a-bc29-4bfc-b6f4-93c290a4d3ee,2026-07-25T22:00:00Z,2026-07-26T00:00:00+0200,100.43,EUR/MWh,DK1,DK_1,imbalance_price,Long,2026-07-30T07:28:36Z
2026-07-30T07:25:17Z,2026-07-30T09:25:17+0200,e73b670a-bc29-4bfc-b6f4-93c290a4d3ee,2026-07-25T22:00:00Z,2026-07-26T00:00:00+0200,100.43,EUR/MWh,DK1,DK_1,imbalance_price,Short,2026-07-30T07:28:36Z
2026-07-30T07:25:17Z,2026-07-30T09:25:17+0200,e73b670a-bc29-4bfc-b6f4-93c290a4d3ee,2026-07-25T22:15:00Z,2026-07-26T00:15:00+0200,95.82,EUR/MWh,DK1,DK_1,imbalance_price,Long,2026-07-30T07:28:36Z
2026-07-30T07:25:17Z,2026-07-30T09:25:17+0200,e73b670a-bc29-4bfc-b6f4-93c290a4d3ee,2026-07-25T22:15:00Z,2026-07-26T00:15:00+0200,95.82,EUR/MWh,DK1,DK_1,imbalance_price,Short,2026-07-30T07:28:36Z
2026-07-30T07:25:17Z,2026-07-30T09:25:17+0200,e73b670a-bc29-4bfc-b6f4-93c290a4d3ee,2026-07-25T22:30:00Z,2026-07-26T00:30:00+0200,97.13,EUR/MWh,DK1,DK_1,imbalance_price,Long,2026-07-30T07:28:36Z
2026-07-30T07:25:17Z,2026-07-30T09:25:17+0200,e73b670a-bc29-4bfc-b6f4-93c290a4d3ee,2026-07-25T22:30:00Z,2026-07-26T00:30:00+0200,97.13,EUR/MWh,DK1,DK_1,imbalance_price,Short,2026-07-30T07:28:36Z
2026-07-30T07:25:17Z,2026-07-30T09:25:17+0200,e73b670a-bc29-4bfc-b6f4-93c290a4d3ee,2026-07-25T22:45:00Z,2026-07-26T00:45:00+0200,130.74,EUR/MWh,DK1,DK_1,imbalance_price,Long,2026-07-30T07:28:36Z
2026-07-30T07:25:17Z,2026-07-30T09:25:17+0200,e73b670a-bc29-4bfc-b6f4-93c290a4d3ee,2026-07-25T22:45:00Z,2026-07-26T00:45:00+0200,130.74,EUR/MWh,DK1,DK_1,imbalance_price,Short,2026-07-30T07:28:36Z
2026-07-30T07:25:17Z,2026-07-30T09:25:17+0200,e73b670a-bc29-4bfc-b6f4-93c290a4d3ee,2026-07-25T23:00:00Z,2026-07-26T01:00:00+0200,100.53,EUR/MWh,DK1,DK_1,imbalance_price,Long,2026-07-30T07:28:36Z
2026-07-30T07:25:17Z,2026-07-30T09:25:17+0200,e73b670a-bc29-4bfc-b6f4-93c290a4d3ee,2026-07-25T23:00:00Z,2026-07-26T01:00:00+0200,100.53,EUR/MWh,DK1,DK_1,imbalance_price,Short,2026-07-30T07:28:36Z
2026-07-30T07:25:17Z,2026-07-30T09:25:17+0200,e73b670a-bc29-4bfc-b6f4-93c290a4d3ee,2026-07-25T23:15:00Z,2026-07-26T01:15:00+0200,99.24,EUR/MWh,DK1,DK_1,imbalance_price,Long,2026-07-30T07:28:36Z
2026-07-30T07:25:17Z,2026-07-30T09:25:17+0200,e73b670a-bc29-4bfc-b6f4-93c290a4d3ee,2026-07-25T23:15:00Z,2026-07-26T01:15:00+0200,99.24,EUR/MWh,DK1,DK_1,imbalance_price,Short,2026-07-30T07:28:36Z
2026-07-30T07:25:17Z,2026-07-30T09:25:17+0200,e73b670a-bc29-4bfc-b6f4-93c290a4d3ee,2026-07-25T23:30:00Z,2026-07-26T01:30:00+0200,144.81,EUR/MWh,DK1,DK_1,imbalance_price,Long,2026-07-30T07:28:36Z
2026-07-30T07:25:17Z,2026-07-30T09:25:17+0200,e73b670a-bc29-4bfc-b6f4-93c290a4d3ee,2026-07-25T23:30:00Z,2026-07-26T01:30:00+0200,144.81,EUR/MWh,DK1,DK_1,imbalance_price,Short,2026-07-30T07:28:36Z
2026-07-30T07:25:17Z,2026-07-30T09:25:17+0200,e73b670a-bc29-4bfc-b6f4-93c290a4d3ee,2026-07-25T23:45:00Z,2026-07-26T01:45:00+0200,144.52,EUR/MWh,DK1,DK_1,imbalance_price,Long,2026-07-30T07:28:36Z
2026-07-30T07:25:17Z,2026-07-30T09:25:17+0200,e73b670a-bc29-4bfc-b6f4-93c290a4d3ee,2026-07-25T23:45:00Z,2026-07-26T01:45:00+0200,144.52,EUR/MWh,DK1,DK_1,imbalance_price,Short,2026-07-30T07:28:36Z
2026-07-30T07:25:17Z,2026-07-30T09:25:17+0200,e73b670a-bc29-4bfc-b6f4-93c290a4d3ee,2026-07-26T00:00:00Z,2026-07-26T02:00:00+0200,97.09,EUR/MWh,DK1,DK_1,imbalance_price,Long,2026-07-30T07:28:36Z
2026-07-30T07:25:17Z,2026-07-30T09:25:17+0200,e73b670a-bc29-4bfc-b6f4-93c290a4d3ee,2026-07-26T00:00:00Z,2026-07-26T02:00:00+0200,97.09,EUR/MWh,DK1,DK_1,imbalance_price,Short,2026-07-30T07:28:36Z
2026-07-30T07:25:17Z,2026-07-30T09:25:17+0200,e73b670a-bc29-4bfc-b6f4-93c290a4d3ee,2026-07-26T00:15:00Z,2026-07-26T02:15:00+0200,97.04,EUR/MWh,DK1,DK_1,imbalance_price,Long,2026-07-30T07:28:36Z
2026-07-30T07:25:17Z,2026-07-30T09:25:17+0200,e73b670a-bc29-4bfc-b6f4-93c290a4d3ee,2026-07-26T00:15:00Z,2026-07-26T02:15:00+0200,97.04,EUR/MWh,DK1,DK_1,imbalance_price,Short,2026-07-30T07:28:36Z
2026-07-30T07:25:17Z,2026-07-30T09:25:17+0200,e73b670a-bc29-4bfc-b6f4-93c290a4d3ee,2026-07-26T00:30:00Z,2026-07-26T02:30:00+0200,97.13,EUR/MWh,DK1,DK_1,imbalance_price,Long,2026-07-30T07:28:36Z
2026-07-30T07:25:17Z,2026-07-30T09:25:17+0200,e73b670a-bc29-4bfc-b6f4-93c290a4d3ee,2026-07-26T00:30:00Z,2026-07-26T02:30:00+0200,97.13,EUR/MWh,DK1,DK_1,imbalance_price,Short,2026-07-30T07:28:36Z
2026-07-30T07:25:17Z,2026-07-30T09:25:17+0200,e73b670a-bc29-4bfc-b6f4-93c290a4d3ee,2026-07-26T00:45:00Z,2026-07-26T02:45:00+0200,97.13,EUR/MWh,DK1,DK_1,imbalance_price,Long,2026-07-30T07:28:36Z
2026-07-30T07:25:17Z,2026-07-30T09:25:17+0200,e73b670a-bc29-4bfc-b6f4-93c290a4d3ee,2026-07-26T00:45:00Z,2026-07-26T02:45:00+0200,97.13,EUR/MWh,DK1,DK_1,imbalance_price,Short,2026-07-30T07:28:36Z
2026-07-30T07:25:17Z,2026-07-30T09:25:17+0200,e73b670a-bc29-4bfc-b6f4-93c290a4d3ee,2026-07-26T01:00:00Z,2026-07-26T03:00:00+0200,97.13,EUR/MWh,DK1,DK_1,imbalance_price,Long,2026-07-30T07:28:36Z
2026-07-30T07:25:17Z,2026-07-30T09:25:17+0200,e73b670a-bc29-4bfc-b6f4-93c290a4d3ee,2026-07-26T01:00:00Z,2026-07-26T03:00:00+0200,97.13,EUR/MWh,DK1,DK_1,imbalance_price,Short,2026-07-30T07:28:36Z
2026-07-30T07:25:17Z,2026-07-30T09:25:17+0200,e73b670a-bc29-4bfc-b6f4-93c290a4d3ee,2026-07-26T01:15:00Z,2026-07-26T03:15:00+0200,96.95,EUR/MWh,DK1,DK_1,imbalance_price,Long,2026-07-30T07:28:36Z
2026-07-30T07:25:17Z,2026-07-30T09:25:17+0200,e73b670a-bc29-4bfc-b6f4-93c290a4d3ee,2026-07-26T01:15:00Z,2026-07-26T03:15:00+0200,96.95,EUR/MWh,DK1,DK_1,imbalance_price,Short,2026-07-30T07:28:36Z
2026-07-30T07:25:17Z,2026-07-30T09:25:17+0200,e73b670a-bc29-4bfc-b6f4-93c290a4d3ee,2026-07-26T01:30:00Z,2026-07-26T03:30:00+0200,95.99,EUR/MWh,DK1,DK_1,imbalance_price,Long,2026-07-30T07:28:36Z
2026-07-30T07:25:17Z,2026-07-30T09:25:17+0200,e73b670a-bc29-4bfc-b6f4-93c290a4d3ee,2026-07-26T01:30:00Z,2026-07-26T03:30:00+0200,95.99,EUR/MWh,DK1,DK_1,imbalance_price,Short,2026-07-30T07:28:36Z
2026-07-30T07:25:17Z,2026-07-30T09:25:17+0200,e73b670a-bc29-4bfc-b6f4-93c290a4d3ee,2026-07-26T01:45:00Z,2026-07-26T03:45:00+0200,97.13,EUR/MWh,DK1,DK_1,imbalance_price,Long,2026-07-30T07:28:36Z
2026-07-30T07:25:17Z,2026-07-30T09:25:17+0200,e73b670a-bc29-4bfc-b6f4-93c290a4d3ee,2026-07-26T01:45:00Z,2026-07-26T03:45:00+0200,97.13,EUR/MWh,DK1,DK_1,imbalance_price,Short,2026-07-30T07:28:36Z
2026-07-30T07:25:17Z,2026-07-30T09:25:17+0200,e73b670a-bc29-4bfc-b6f4-93c290a4d3ee,2026-07-26T02:00:00Z,2026-07-26T04:00:00+0200,97.13,EUR/MWh,DK1,DK_1,imbalance_price,Long,2026-07-30T07:28:36Z
2026-07-30T07:25:17Z,2026-07-30T09:25:17+0200,e73b670a-bc29-4bfc-b6f4-93c290a4d3ee,2026-07-26T02:00:00Z,2026-07-26T04:00:00+0200,97.13,EUR/MWh,DK1,DK_1,imbalance_price,Short,2026-07-30T07:28:36Z
2026-07-30T07:25:17Z,2026-07-30T09:25:17+0200,e73b670a-bc29-4bfc-b6f4-93c290a4d3ee,2026-07-26T02:15:00Z,2026-07-26T04:15:00+0200,97.13,EUR/MWh,DK1,DK_1,imbalance_price,Long,2026-07-30T07:28:36Z
2026-07-30T07:25:17Z,2026-07-30T09:25:17+0200,e73b670a-bc29-4bfc-b6f4-93c290a4d3ee,2026-07-26T02:15:00Z,2026-07-26T04:15:00+0200,97.13,EUR/MWh,DK1,DK_1,imbalance_price,Short,2026-07-30T07:28:36Z
2026-07-30T07:25:17Z,2026-07-30T09:25:17+0200,e73b670a-bc29-4bfc-b6f4-93c290a4d3ee,2026-07-26T02:30:00Z,2026-07-26T04:30:00+0200,96.95,EUR/MWh,DK1,DK_1,imbalance_price,Long,2026-07-30T07:28:36Z
2026-07-30T07:25:17Z,2026-07-30T09:25:17+0200,e73b670a-bc29-4bfc-b6f4-93c290a4d3ee,2026-07-26T02:30:00Z,2026-07-26T04:30:00+0200,96.95,EUR/MWh,DK1,DK_1,imbalance_price,Short,2026-07-30T07:28:36Z
2026-07-30T07:25:17Z,2026-07-30T09:25:17+0200,e73b670a-bc29-4bfc-b6f4-93c290a4d3ee,2026-07-26T02:45:00Z,2026-07-26T04:45:00+0200,82.29,EUR/MWh,DK1,DK_1,imbalance_price,Long,2026-07-30T07:28:36Z
2026-07-30T07:25:17Z,2026-07-30T09:25:17+0200,e73b670a-bc29-4bfc-b6f4-93c290a4d3ee,2026-07-26T02:45:00Z,2026-07-26T04:45:00+0200,82.29,EUR/MWh,DK1,DK_1,imbalance_price,Short,2026-07-30T07:28:36Z
2026-07-30T07:25:17Z,2026-07-30T09:25:17+0200,e73b670a-bc29-4bfc-b6f4-93c290a4d3ee,2026-07-26T03:00:00Z,2026-07-26T05:00:00+0200,88.71,EUR/MWh,DK1,DK_1,imbalance_price,Long,2026-07-30T07:28:36Z
2026-07-30T07:25:17Z,2026-07-30T09:25:17+0200,e73b670a-bc29-4bfc-b6f4-93c290a4d3ee,2026-07-26T03:00:00Z,2026-07-26T05:00:00+0200,88.71,EUR/MWh,DK1,DK_1,imbalance_price,Short,2026-07-30T07:28:36Z
2026-07-30T07:25:17Z,2026-07-30T09:25:17+0200,e73b670a-bc29-4bfc-b6f4-93c290a4d3ee,2026-07-26T03:15:00Z,2026-07-26T05:15:00+0200,97.13,EUR/MWh,DK1,DK_1,imbalance_price,Long,2026-07-30T07:28:36Z
2026-07-30T07:25:17Z,2026-07-30T09:25:17+0200,e73b670a-bc29-4bfc-b6f4-93c290a4d3ee,2026-07-26T03:15:00Z,2026-07-26T05:15:00+0200,97.13,EUR/MWh,DK1,DK_1,imbalance_price,Short,2026-07-30T07:28:36Z
2026-07-30T07:25:17Z,2026-07-30T09:25:17+0200,e73b670a-bc29-4bfc-b6f4-93c290a4d3ee,2026-07-26T03:30:00Z,2026-07-26T05:30:00+0200,93.09,EUR/MWh,DK1,DK_1,imbalance_price,Long,2026-07-30T07:28:36Z
2026-07-30T07:25:17Z,2026-07-30T09:25:17+0200,e73b670a-bc29-4bfc-b6f4-93c290a4d3ee,2026-07-26T03:30:00Z,2026-07-26T05:30:00+0200,93.09,EUR/MWh,DK1,DK_1,imbalance_price,Short,2026-07-30T07:28:36Z
2026-07-30T07:25:17Z,2026-07-30T09:25:17+0200,e73b670a-bc29-4bfc-b6f4-93c290a4d3ee,2026-07-26T03:45:00Z,2026-07-26T05:45:00+0200,134.0,EUR/MWh,DK1,DK_1,imbalance_price,Long,2026-07-30T07:28:36Z
2026-07-30T07:25:17Z,2026-07-30T09:25:17+0200,e73b670a-bc29-4bfc-b6f4-93c290a4d3ee,2026-07-26T03:45:00Z,2026-07-26T05:45:00+0200,134.0,EUR/MWh,DK1,DK_1,imbalance_price,Short,2026-07-30T07:28:36Z
2026-07-30T07:25:17Z,2026-07-30T09:25:17+0200,e73b670a-bc29-4bfc-b6f4-93c290a4d3ee,2026-07-26T04:00:00Z,2026-07-26T06:00:00+0200,70.31,EUR/MWh,DK1,DK_1,imbalance_price,Long,2026-07-30T07:28:36Z
2026-07-30T07:25:17Z,2026-07-30T09:25:17+0200,e73b670a-bc29-4bfc-b6f4-93c290a4d3ee,2026-07-26T04:00:00Z,2026-07-26T06:00:00+0200,70.31,EUR/MWh,DK1,DK_1,imbalance_price,Short,2026-07-30T07:28:36Z
2026-07-30T07:25:17Z,2026-07-30T09:25:17+0200,e73b670a-bc29-4bfc-b6f4-93c290a4d3ee,2026-07-26T04:15:00Z,2026-07-26T06:15:00+0200,102.1,EUR/MWh,DK1,DK_1,imbalance_price,Long,2026-07-30T07:28:36Z
2026-07-30T07:25:17Z,2026-07-30T09:25:17+0200,e73b670a-bc29-4bfc-b6f4-93c290a4d3ee,2026-07-26T04:15:00Z,2026-07-26T06:15:00+0200,102.1,EUR/MWh,DK1,DK_1,imbalance_price,Short,2026-07-30T07:28:36Z
2026-07-30T07:25:17Z,2026-07-30T09:25:17+0200,e73b670a-bc29-4bfc-b6f4-93c290a4d3ee,2026-07-26T04:30:00Z,2026-07-26T06:30:00+0200,46.83,EUR/MWh,DK1,DK_1,imbalance_price,Long,2026-07-30T07:28:36Z
2026-07-30T07:25:17Z,2026-07-30T09:25:17+0200,e73b670a-bc29-4bfc-b6f4-93c290a4d3ee,2026-07-26T04:30:00Z,2026-07-26T06:30:00+0200,46.83,EUR/MWh,DK1,DK_1,imbalance_price,Short,2026-07-30T07:28:36Z
2026-07-30T07:25:17Z,2026-07-30T09:25:17+0200,e73b670a-bc29-4bfc-b6f4-93c290a4d3ee,2026-07-26T04:45:00Z,2026-07-26T06:45:00+0200,47.59,EUR/MWh,DK1,DK_1,imbalance_price,Long,2026-07-30T07:28:36Z
2026-07-30T07:25:17Z,2026-07-30T09:25:17+0200,e73b670a-bc29-4bfc-b6f4-93c290a4d3ee,2026-07-26T04:45:00Z,2026-07-26T06:45:00+0200,47.59,EUR/MWh,DK1,DK_1,imbalance_price,Short,2026-07-30T07:28:36Z
2026-07-30T07:25:17Z,2026-07-30T09:25:17+0200,e73b670a-bc29-4bfc-b6f4-93c290a4d3ee,2026-07-26T05:00:00Z,2026-07-26T07:00:00+0200,46.83,EUR/MWh,DK1,DK_1,imbalance_price,Long,2026-07-30T07:28:36Z
2026-07-30T07:25:17Z,2026-07-30T09:25:17+0200,e73b670a-bc29-4bfc-b6f4-93c290a4d3ee,2026-07-26T05:00:00Z,2026-07-26T07:00:00+0200,46.83,EUR/MWh,DK1,DK_1,imbalance_price,Short,2026-07-30T07:28:36Z
2026-07-30T07:25:17Z,2026-07-30T09:25:17+0200,e73b670a-bc29-4bfc-b6f4-93c290a4d3ee,2026-07-26T05:15:00Z,2026-07-26T07:15:00+0200,112.82,EUR/MWh,DK1,DK_1,imbalance_price,Long,2026-07-30T07:28:36Z
2026-07-30T07:25:17Z,2026-07-30T09:25:17+0200,e73b670a-bc29-4bfc-b6f4-93c290a4d3ee,2026-07-26T05:15:00Z,2026-07-26T07:15:00+0200,112.82,EUR/MWh,DK1,DK_1,imbalance_price,Short,2026-07-30T07:28:36Z
2026-07-30T07:25:17Z,2026-07-30T09:25:17+0200,e73b670a-bc29-4bfc-b6f4-93c290a4d3ee,2026-07-26T05:30:00Z,2026-07-26T07:30:00+0200,10.65,EUR/MWh,DK1,DK_1,imbalance_price,Long,2026-07-30T07:28:36Z
2026-07-30T07:25:17Z,2026-07-30T09:25:17+0200,e73b670a-bc29-4bfc-b6f4-93c290a4d3ee,2026-07-26T05:30:00Z,2026-07-26T07:30:00+0200,10.65,EUR/MWh,DK1,DK_1,imbalance_price,Short,2026-07-30T07:28:36Z
2026-07-30T07:25:17Z,2026-07-30T09:25:17+0200,e73b670a-bc29-4bfc-b6f4-93c290a4d3ee,2026-07-26T05:45:00Z,2026-07-26T07:45:00+0200,0.0,EUR/MWh,DK1,DK_1,imbalance_price,Long,2026-07-30T07:28:36Z
2026-07-30T07:25:17Z,2026-07-30T09:25:17+0200,e73b670a-bc29-4bfc-b6f4-93c290a4d3ee,2026-07-26T05:45:00Z,2026-07-26T07:45:00+0200,0.0,EUR/MWh,DK1,DK_1,imbalance_price,Short,2026-07-30T07:28:36Z
2026-07-30T07:25:17Z,2026-07-30T09:25:17+0200,e73b670a-bc29-4bfc-b6f4-93c290a4d3ee,2026-07-26T06:00:00Z,2026-07-26T08:00:00+0200,1.86,EUR/MWh,DK1,DK_1,imbalance_price,Long,2026-07-30T07:28:36Z
2026-07-30T07:25:17Z,2026-07-30T09:25:17+0200,e73b670a-bc29-4bfc-b6f4-93c290a4d3ee,2026-07-26T06:00:00Z,2026-07-26T08:00:00+0200,1.86,EUR/MWh,DK1,DK_1,imbalance_price,Short,2026-07-30T07:28:36Z
2026-07-30T07:25:17Z,2026-07-30T09:25:17+0200,e73b670a-bc29-4bfc-b6f4-93c290a4d3ee,2026-07-26T06:15:00Z,2026-07-26T08:15:00+0200,8.18,EUR/MWh,DK1,DK_1,imbalance_price,Long,2026-07-30T07:28:36Z
2026-07-30T07:25:17Z,2026-07-30T09:25:17+0200,e73b670a-bc29-4bfc-b6f4-93c290a4d3ee,2026-07-26T06:15:00Z,2026-07-26T08:15:00+0200,8.18,EUR/MWh,DK1,DK_1,imbalance_price,Short,2026-07-30T07:28:36Z
2026-07-30T07:25:17Z,2026-07-30T09:25:17+0200,e73b670a-bc29-4bfc-b6f4-93c290a4d3ee,2026-07-26T06:30:00Z,2026-07-26T08:30:00+0200,0.0,EUR/MWh,DK1,DK_1,imbalance_price,Long,2026-07-30T07:28:36Z
2026-07-30T07:25:17Z,2026-07-30T09:25:17+0200,e73b670a-bc29-4bfc-b6f4-93c290a4d3ee,2026-07-26T06:30:00Z,2026-07-26T08:30:00+0200,0.0,EUR/MWh,DK1,DK_1,imbalance_price,Short,2026-07-30T07:28:36Z
2026-07-30T07:25:17Z,2026-07-30T09:25:17+0200,e73b670a-bc29-4bfc-b6f4-93c290a4d3ee,2026-07-26T06:45:00Z,2026-07-26T08:45:00+0200,-2.0,EUR/MWh,DK1,DK_1,imbalance_price,Long,2026-07-30T07:28:36Z
2026-07-30T07:25:17Z,2026-07-30T09:25:17+0200,e73b670a-bc29-4bfc-b6f4-93c290a4d3ee,2026-07-26T06:45:00Z,2026-07-26T08:45:00+0200,-2.0,EUR/MWh,DK1,DK_1,imbalance_price,Short,2026-07-30T07:28:36Z
2026-07-30T07:25:17Z,2026-07-30T09:25:17+0200,e73b670a-bc29-4bfc-b6f4-93c290a4d3ee,2026-07-26T07:00:00Z,2026-07-26T09:00:00+0200,-4.43,EUR/MWh,DK1,DK_1,imbalance_price,Long,2026-07-30T07:28:36Z
2026-07-30T07:25:17Z,2026-07-30T09:25:17+0200,e73b670a-bc29-4bfc-b6f4-93c290a4d3ee,2026-07-26T07:00:00Z,2026-07-26T09:00:00+0200,-4.43,EUR/MWh,DK1,DK_1,imbalance_price,Short,2026-07-30T07:28:36Z
2026-07-30T07:25:17Z,2026-07-30T09:25:17+0200,e73b670a-bc29-4bfc-b6f4-93c290a4d3ee,2026-07-26T07:15:00Z,2026-07-26T09:15:00+0200,-5.0,EUR/MWh,DK1,DK_1,imbalance_price,Long,2026-07-30T07:28:36Z
2026-07-30T07:25:17Z,2026-07-30T09:25:17+0200,e73b670a-bc29-4bfc-b6f4-93c290a4d3ee,2026-07-26T07:15:00Z,2026-07-26T09:15:00+0200,-5.0,EUR/MWh,DK1,DK_1,imbalance_price,Short,2026-07-30T07:28:36Z
2026-07-30T07:25:17Z,2026-07-30T09:25:17+0200,e73b670a-bc29-4bfc-b6f4-93c290a4d3ee,2026-07-26T07:30:00Z,2026-07-26T09:30:00+0200,-4.72,EUR/MWh,DK1,DK_1,imbalance_price,Long,2026-07-30T07:28:36Z
2026-07-30T07:25:17Z,2026-07-30T09:25:17+0200,e73b670a-bc29-4bfc-b6f4-93c290a4d3ee,2026-07-26T07:30:00Z,2026-07-26T09:30:00+0200,-4.72,EUR/MWh,DK1,DK_1,imbalance_price,Short,2026-07-30T07:28:36Z
2026-07-30T07:25:17Z,2026-07-30T09:25:17+0200,e73b670a-bc29-4bfc-b6f4-93c290a4d3ee,2026-07-26T07:45:00Z,2026-07-26T09:45:00+0200,-7.42,EUR/MWh,DK1,DK_1,imbalance_price,Long,2026-07-30T07:28:36Z
2026-07-30T07:25:17Z,2026-07-30T09:25:17+0200,e73b670a-bc29-4bfc-b6f4-93c290a4d3ee,2026-07-26T07:45:00Z,2026-07-26T09:45:00+0200,-7.42,EUR/MWh,DK1,DK_1,imbalance_price,Short,2026-07-30T07:28:36Z
2026-07-30T07:25:17Z,2026-07-30T09:25:17+0200,e73b670a-bc29-4bfc-b6f4-93c290a4d3ee,2026-07-26T08:00:00Z,2026-07-26T10:00:00+0200,-4.2,EUR/MWh,DK1,DK_1,imbalance_price,Long,2026-07-30T07:28:36Z
2026-07-30T07:25:17Z,2026-07-30T09:25:17+0200,e73b670a-bc29-4bfc-b6f4-93c290a4d3ee,2026-07-26T08:00:00Z,2026-07-26T10:00:00+0200,-4.2,EUR/MWh,DK1,DK_1,imbalance_price,Short,2026-07-30T07:28:36Z
2026-07-30T07:25:17Z,2026-07-30T09:25:17+0200,e73b670a-bc29-4bfc-b6f4-93c290a4d3ee,2026-07-26T08:15:00Z,2026-07-26T10:15:00+0200,9.1,EUR/MWh,DK1,DK_1,imbalance_price,Long,2026-07-30T07:28:36Z
2026-07-30T07:25:17Z,2026-07-30T09:25:17+0200,e73b670a-bc29-4bfc-b6f4-93c290a4d3ee,2026-07-26T08:15:00Z,2026-07-26T10:15:00+0200,9.1,EUR/MWh,DK1,DK_1,imbalance_price,Short,2026-07-30T07:28:36Z
2026-07-30T07:25:17Z,2026-07-30T09:25:17+0200,e73b670a-bc29-4bfc-b6f4-93c290a4d3ee,2026-07-26T08:30:00Z,2026-07-26T10:30:00+0200,-6.13,EUR/MWh,DK1,DK_1,imbalance_price,Long,2026-07-30T07:28:36Z
2026-07-30T07:25:17Z,2026-07-30T09:25:17+0200,e73b670a-bc29-4bfc-b6f4-93c290a4d3ee,2026-07-26T08:30:00Z,2026-07-26T10:30:00+0200,-6.13,EUR/MWh,DK1,DK_1,imbalance_price,Short,2026-07-30T07:28:36Z
2026-07-30T07:25:17Z,2026-07-30T09:25:17+0200,e73b670a-bc29-4bfc-b6f4-93c290a4d3ee,2026-07-26T08:45:00Z,2026-07-26T10:45:00+0200,-6.22,EUR/MWh,DK1,DK_1,imbalance_price,Long,2026-07-30T07:28:36Z
2026-07-30T07:25:17Z,2026-07-30T09:25:17+0200,e73b670a-bc29-4bfc-b6f4-93c290a4d3ee,2026-07-26T08:45:00Z,2026-07-26T10:45:00+0200,-6.22,EUR/MWh,DK1,DK_1,imbalance_price,Short,2026-07-30T07:28:36Z
2026-07-30T07:25:17Z,2026-07-30T09:25:17+0200,e73b670a-bc29-4bfc-b6f4-93c290a4d3ee,2026-07-26T09:00:00Z,2026-07-26T11:00:00+0200,0.0,EUR/MWh,DK1,DK_1,imbalance_price,Long,2026-07-30T07:28:36Z
2026-07-30T07:25:17Z,2026-07-30T09:25:17+0200,e73b670a-bc29-4bfc-b6f4-93c290a4d3ee,2026-07-26T09:00:00Z,2026-07-26T11:00:00+0200,0.0,EUR/MWh,DK1,DK_1,imbalance_price,Short,2026-07-30T07:28:36Z
2026-07-30T07:25:17Z,2026-07-30T09:25:17+0200,e73b670a-bc29-4bfc-b6f4-93c290a4d3ee,2026-07-26T09:15:00Z,2026-07-26T11:15:00+0200,15.12,EUR/MWh,DK1,DK_1,imbalance_price,Long,2026-07-30T07:28:36Z
2026-07-30T07:25:17Z,2026-07-30T09:25:17+0200,e73b670a-bc29-4bfc-b6f4-93c290a4d3ee,2026-07-26T09:15:00Z,2026-07-26T11:15:00+0200,15.12,EUR/MWh,DK1,DK_1,imbalance_price,Short,2026-07-30T07:28:36Z
2026-07-30T07:25:17Z,2026-07-30T09:25:17+0200,e73b670a-bc29-4bfc-b6f4-93c290a4d3ee,2026-07-26T09:30:00Z,2026-07-26T11:30:00+0200,52.1,EUR/MWh,DK1,DK_1,imbalance_price,Long,2026-07-30T07:28:36Z
2026-07-30T07:25:17Z,2026-07-30T09:25:17+0200,e73b670a-bc29-4bfc-b6f4-93c290a4d3ee,2026-07-26T09:30:00Z,2026-07-26T11:30:00+0200,52.1,EUR/MWh,DK1,DK_1,imbalance_price,Short,2026-07-30T07:28:36Z
2026-07-30T07:25:17Z,2026-07-30T09:25:17+0200,e73b670a-bc29-4bfc-b6f4-93c290a4d3ee,2026-07-26T09:45:00Z,2026-07-26T11:45:00+0200,38.59,EUR/MWh,DK1,DK_1,imbalance_price,Long,2026-07-30T07:28:36Z
2026-07-30T07:25:17Z,2026-07-30T09:25:17+0200,e73b670a-bc29-4bfc-b6f4-93c290a4d3ee,2026-07-26T09:45:00Z,2026-07-26T11:45:00+0200,38.59,EUR/MWh,DK1,DK_1,imbalance_price,Short,2026-07-30T07:28:36Z
2026-07-30T07:25:17Z,2026-07-30T09:25:17+0200,e73b670a-bc29-4bfc-b6f4-93c290a4d3ee,2026-07-26T10:00:00Z,2026-07-26T12:00:00+0200,-6.82,EUR/MWh,DK1,DK_1,imbalance_price,Long,2026-07-30T07:28:36Z
2026-07-30T07:25:17Z,2026-07-30T09:25:17+0200,e73b670a-bc29-4bfc-b6f4-93c290a4d3ee,2026-07-26T10:00:00Z,2026-07-26T12:00:00+0200,-6.82,EUR/MWh,DK1,DK_1,imbalance_price,Short,2026-07-30T07:28:36Z
2026-07-30T07:25:17Z,2026-07-30T09:25:17+0200,e73b670a-bc29-4bfc-b6f4-93c290a4d3ee,2026-07-26T10:15:00Z,2026-07-26T12:15:00+0200,-3.66,EUR/MWh,DK1,DK_1,imbalance_price,Long,2026-07-30T07:28:36Z
2026-07-30T07:25:17Z,2026-07-30T09:25:17+0200,e73b670a-bc29-4bfc-b6f4-93c290a4d3ee,2026-07-26T10:15:00Z,2026-07-26T12:15:00+0200,-3.66,EUR/MWh,DK1,DK_1,imbalance_price,Short,2026-07-30T07:28:36Z
2026-07-30T07:25:17Z,2026-07-30T09:25:17+0200,e73b670a-bc29-4bfc-b6f4-93c290a4d3ee,2026-07-26T10:30:00Z,2026-07-26T12:30:00+0200,38.77,EUR/MWh,DK1,DK_1,imbalance_price,Long,2026-07-30T07:28:36Z
2026-07-30T07:25:17Z,2026-07-30T09:25:17+0200,e73b670a-bc29-4bfc-b6f4-93c290a4d3ee,2026-07-26T10:30:00Z,2026-07-26T12:30:00+0200,38.77,EUR/MWh,DK1,DK_1,imbalance_price,Short,2026-07-30T07:28:36Z
2026-07-30T07:25:17Z,2026-07-30T09:25:17+0200,e73b670a-bc29-4bfc-b6f4-93c290a4d3ee,2026-07-26T10:45:00Z,2026-07-26T12:45:00+0200,5.91,EUR/MWh,DK1,DK_1,imbalance_price,Long,2026-07-30T07:28:36Z
2026-07-30T07:25:17Z,2026-07-30T09:25:17+0200,e73b670a-bc29-4bfc-b6f4-93c290a4d3ee,2026-07-26T10:45:00Z,2026-07-26T12:45:00+0200,5.91,EUR/MWh,DK1,DK_1,imbalance_price,Short,2026-07-30T07:28:36Z
2026-07-30T07:25:17Z,2026-07-30T09:25:17+0200,e73b670a-bc29-4bfc-b6f4-93c290a4d3ee,2026-07-26T11:00:00Z,2026-07-26T13:00:00+0200,67.81,EUR/MWh,DK1,DK_1,imbalance_price,Long,2026-07-30T07:28:36Z
2026-07-30T07:25:17Z,2026-07-30T09:25:17+0200,e73b670a-bc29-4bfc-b6f4-93c290a4d3ee,2026-07-26T11:00:00Z,2026-07-26T13:00:00+0200,67.81,EUR/MWh,DK1,DK_1,imbalance_price,Short,2026-07-30T07:28:36Z
2026-07-30T07:25:17Z,2026-07-30T09:25:17+0200,e73b670a-bc29-4bfc-b6f4-93c290a4d3ee,2026-07-26T11:15:00Z,2026-07-26T13:15:00+0200,-0.53,EUR/MWh,DK1,DK_1,imbalance_price,Long,2026-07-30T07:28:36Z
2026-07-30T07:25:17Z,2026-07-30T09:25:17+0200,e73b670a-bc29-4bfc-b6f4-93c290a4d3ee,2026-07-26T11:15:00Z,2026-07-26T13:15:00+0200,-0.53,EUR/MWh,DK1,DK_1,imbalance_price,Short,2026-07-30T07:28:36Z
2026-07-30T07:25:17Z,2026-07-30T09:25:17+0200,e73b670a-bc29-4bfc-b6f4-93c290a4d3ee,2026-07-26T11:30:00Z,2026-07-26T13:30:00+0200,-0.53,EUR/MWh,DK1,DK_1,imbalance_price,Long,2026-07-30T07:28:36Z
2026-07-30T07:25:17Z,2026-07-30T09:25:17+0200,e73b670a-bc29-4bfc-b6f4-93c290a4d3ee,2026-07-26T11:30:00Z,2026-07-26T13:30:00+0200,-0.53,EUR/MWh,DK1,DK_1,imbalance_price,Short,2026-07-30T07:28:36Z
2026-07-30T07:25:17Z,2026-07-30T09:25:17+0200,e73b670a-bc29-4bfc-b6f4-93c290a4d3ee,2026-07-26T11:45:00Z,2026-07-26T13:45:00+0200,0.0,EUR/MWh,DK1,DK_1,imbalance_price,Long,2026-07-30T07:28:36Z
2026-07-30T07:25:17Z,2026-07-30T09:25:17+0200,e73b670a-bc29-4bfc-b6f4-93c290a4d3ee,2026-07-26T11:45:00Z,2026-07-26T13:45:00+0200,0.0,EUR/MWh,DK1,DK_1,imbalance_price,Short,2026-07-30T07:28:36Z
2026-07-30T07:25:17Z,2026-07-30T09:25:17+0200,e73b670a-bc29-4bfc-b6f4-93c290a4d3ee,2026-07-26T12:00:00Z,2026-07-26T14:00:00+0200,-0.58,EUR/MWh,DK1,DK_1,imbalance_price,Long,2026-07-30T07:28:36Z
2026-07-30T07:25:17Z,2026-07-30T09:25:17+0200,e73b670a-bc29-4bfc-b6f4-93c290a4d3ee,2026-07-26T12:00:00Z,2026-07-26T14:00:00+0200,-0.58,EUR/MWh,DK1,DK_1,imbalance_price,Short,2026-07-30T07:28:36Z
2026-07-30T07:25:17Z,2026-07-30T09:25:17+0200,e73b670a-bc29-4bfc-b6f4-93c290a4d3ee,2026-07-26T12:15:00Z,2026-07-26T14:15:00+0200,-2.0,EUR/MWh,DK1,DK_1,imbalance_price,Long,2026-07-30T07:28:36Z
2026-07-30T07:25:17Z,2026-07-30T09:25:17+0200,e73b670a-bc29-4bfc-b6f4-93c290a4d3ee,2026-07-26T12:15:00Z,2026-07-26T14:15:00+0200,-2.0,EUR/MWh,DK1,DK_1,imbalance_price,Short,2026-07-30T07:28:36Z
2026-07-30T07:25:17Z,2026-07-30T09:25:17+0200,e73b670a-bc29-4bfc-b6f4-93c290a4d3ee,2026-07-26T12:30:00Z,2026-07-26T14:30:00+0200,0.24,EUR/MWh,DK1,DK_1,imbalance_price,Long,2026-07-30T07:28:36Z
2026-07-30T07:25:17Z,2026-07-30T09:25:17+0200,e73b670a-bc29-4bfc-b6f4-93c290a4d3ee,2026-07-26T12:30:00Z,2026-07-26T14:30:00+0200,0.24,EUR/MWh,DK1,DK_1,imbalance_price,Short,2026-07-30T07:28:36Z
2026-07-30T07:25:17Z,2026-07-30T09:25:17+0200,e73b670a-bc29-4bfc-b6f4-93c290a4d3ee,2026-07-26T12:45:00Z,2026-07-26T14:45:00+0200,0.25,EUR/MWh,DK1,DK_1,imbalance_price,Long,2026-07-30T07:28:36Z
2026-07-30T07:25:17Z,2026-07-30T09:25:17+0200,e73b670a-bc29-4bfc-b6f4-93c290a4d3ee,2026-07-26T12:45:00Z,2026-07-26T14:45:00+0200,0.25,EUR/MWh,DK1,DK_1,imbalance_price,Short,2026-07-30T07:28:36Z
2026-07-30T07:25:17Z,2026-07-30T09:25:17+0200,e73b670a-bc29-4bfc-b6f4-93c290a4d3ee,2026-07-26T13:00:00Z,2026-07-26T15:00:00+0200,0.82,EUR/MWh,DK1,DK_1,imbalance_price,Long,2026-07-30T07:28:36Z
2026-07-30T07:25:17Z,2026-07-30T09:25:17+0200,e73b670a-bc29-4bfc-b6f4-93c290a4d3ee,2026-07-26T13:00:00Z,2026-07-26T15:00:00+0200,0.82,EUR/MWh,DK1,DK_1,imbalance_price,Short,2026-07-30T07:28:36Z
2026-07-30T07:25:17Z,2026-07-30T09:25:17+0200,e73b670a-bc29-4bfc-b6f4-93c290a4d3ee,2026-07-26T13:15:00Z,2026-07-26T15:15:00+0200,0.42,EUR/MWh,DK1,DK_1,imbalance_price,Long,2026-07-30T07:28:36Z
2026-07-30T07:25:17Z,2026-07-30T09:25:17+0200,e73b670a-bc29-4bfc-b6f4-93c290a4d3ee,2026-07-26T13:15:00Z,2026-07-26T15:15:00+0200,0.42,EUR/MWh,DK1,DK_1,imbalance_price,Short,2026-07-30T07:28:36Z
2026-07-30T07:25:17Z,2026-07-30T09:25:17+0200,e73b670a-bc29-4bfc-b6f4-93c290a4d3ee,2026-07-26T13:30:00Z,2026-07-26T15:30:00+0200,0.5,EUR/MWh,DK1,DK_1,imbalance_price,Long,2026-07-30T07:28:36Z
2026-07-30T07:25:17Z,2026-07-30T09:25:17+0200,e73b670a-bc29-4bfc-b6f4-93c290a4d3ee,2026-07-26T13:30:00Z,2026-07-26T15:30:00+0200,0.5,EUR/MWh,DK1,DK_1,imbalance_price,Short,2026-07-30T07:28:36Z
2026-07-30T07:25:17Z,2026-07-30T09:25:17+0200,e73b670a-bc29-4bfc-b6f4-93c290a4d3ee,2026-07-26T13:45:00Z,2026-07-26T15:45:00+0200,-4.77,EUR/MWh,DK1,DK_1,imbalance_price,Long,2026-07-30T07:28:36Z
2026-07-30T07:25:17Z,2026-07-30T09:25:17+0200,e73b670a-bc29-4bfc-b6f4-93c290a4d3ee,2026-07-26T13:45:00Z,2026-07-26T15:45:00+0200,-4.77,EUR/MWh,DK1,DK_1,imbalance_price,Short,2026-07-30T07:28:36Z
2026-07-30T07:25:17Z,2026-07-30T09:25:17+0200,e73b670a-bc29-4bfc-b6f4-93c290a4d3ee,2026-07-26T14:00:00Z,2026-07-26T16:00:00+0200,-3.57,EUR/MWh,DK1,DK_1,imbalance_price,Long,2026-07-30T07:28:36Z
2026-07-30T07:25:17Z,2026-07-30T09:25:17+0200,e73b670a-bc29-4bfc-b6f4-93c290a4d3ee,2026-07-26T14:00:00Z,2026-07-26T16:00:00+0200,-3.57,EUR/MWh,DK1,DK_1,imbalance_price,Short,2026-07-30T07:28:36Z
2026-07-30T07:25:17Z,2026-07-30T09:25:17+0200,e73b670a-bc29-4bfc-b6f4-93c290a4d3ee,2026-07-26T14:15:00Z,2026-07-26T16:15:00+0200,-2.81,EUR/MWh,DK1,DK_1,imbalance_price,Long,2026-07-30T07:28:36Z
2026-07-30T07:25:17Z,2026-07-30T09:25:17+0200,e73b670a-bc29-4bfc-b6f4-93c290a4d3ee,2026-07-26T14:15:00Z,2026-07-26T16:15:00+0200,-2.81,EUR/MWh,DK1,DK_1,imbalance_price,Short,2026-07-30T07:28:36Z
2026-07-30T07:25:17Z,2026-07-30T09:25:17+0200,e73b670a-bc29-4bfc-b6f4-93c290a4d3ee,2026-07-26T14:30:00Z,2026-07-26T16:30:00+0200,5.74,EUR/MWh,DK1,DK_1,imbalance_price,Long,2026-07-30T07:28:36Z
2026-07-30T07:25:17Z,2026-07-30T09:25:17+0200,e73b670a-bc29-4bfc-b6f4-93c290a4d3ee,2026-07-26T14:30:00Z,2026-07-26T16:30:00+0200,5.74,EUR/MWh,DK1,DK_1,imbalance_price,Short,2026-07-30T07:28:36Z
2026-07-30T07:25:17Z,2026-07-30T09:25:17+0200,e73b670a-bc29-4bfc-b6f4-93c290a4d3ee,2026-07-26T14:45:00Z,2026-07-26T16:45:00+0200,-1.03,EUR/MWh,DK1,DK_1,imbalance_price,Long,2026-07-30T07:28:36Z
2026-07-30T07:25:17Z,2026-07-30T09:25:17+0200,e73b670a-bc29-4bfc-b6f4-93c290a4d3ee,2026-07-26T14:45:00Z,2026-07-26T16:45:00+0200,-1.03,EUR/MWh,DK1,DK_1,imbalance_price,Short,2026-07-30T07:28:36Z
2026-07-30T07:25:17Z,2026-07-30T09:25:17+0200,e73b670a-bc29-4bfc-b6f4-93c290a4d3ee,2026-07-26T15:00:00Z,2026-07-26T17:00:00+0200,2.69,EUR/MWh,DK1,DK_1,imbalance_price,Long,2026-07-30T07:28:36Z
2026-07-30T07:25:17Z,2026-07-30T09:25:17+0200,e73b670a-bc29-4bfc-b6f4-93c290a4d3ee,2026-07-26T15:00:00Z,2026-07-26T17:00:00+0200,2.69,EUR/MWh,DK1,DK_1,imbalance_price,Short,2026-07-30T07:28:36Z
2026-07-30T07:25:17Z,2026-07-30T09:25:17+0200,e73b670a-bc29-4bfc-b6f4-93c290a4d3ee,2026-07-26T15:15:00Z,2026-07-26T17:15:00+0200,12.04,EUR/MWh,DK1,DK_1,imbalance_price,Long,2026-07-30T07:28:36Z
2026-07-30T07:25:17Z,2026-07-30T09:25:17+0200,e73b670a-bc29-4bfc-b6f4-93c290a4d3ee,2026-07-26T15:15:00Z,2026-07-26T17:15:00+0200,12.04,EUR/MWh,DK1,DK_1,imbalance_price,Short,2026-07-30T07:28:36Z
2026-07-30T07:25:17Z,2026-07-30T09:25:17+0200,e73b670a-bc29-4bfc-b6f4-93c290a4d3ee,2026-07-26T15:30:00Z,2026-07-26T17:30:00+0200,3.0,EUR/MWh,DK1,DK_1,imbalance_price,Long,2026-07-30T07:28:36Z
2026-07-30T07:25:17Z,2026-07-30T09:25:17+0200,e73b670a-bc29-4bfc-b6f4-93c290a4d3ee,2026-07-26T15:30:00Z,2026-07-26T17:30:00+0200,3.0,EUR/MWh,DK1,DK_1,imbalance_price,Short,2026-07-30T07:28:36Z
2026-07-30T07:25:17Z,2026-07-30T09:25:17+0200,e73b670a-bc29-4bfc-b6f4-93c290a4d3ee,2026-07-26T15:45:00Z,2026-07-26T17:45:00+0200,14.0,EUR/MWh,DK1,DK_1,imbalance_price,Long,2026-07-30T07:28:36Z
2026-07-30T07:25:17Z,2026-07-30T09:25:17+0200,e73b670a-bc29-4bfc-b6f4-93c290a4d3ee,2026-07-26T15:45:00Z,2026-07-26T17:45:00+0200,14.0,EUR/MWh,DK1,DK_1,imbalance_price,Short,2026-07-30T07:28:36Z
2026-07-30T07:25:17Z,2026-07-30T09:25:17+0200,e73b670a-bc29-4bfc-b6f4-93c290a4d3ee,2026-07-26T16:00:00Z,2026-07-26T18:00:00+0200,374.6,EUR/MWh,DK1,DK_1,imbalance_price,Long,2026-07-30T07:28:36Z
2026-07-30T07:25:17Z,2026-07-30T09:25:17+0200,e73b670a-bc29-4bfc-b6f4-93c290a4d3ee,2026-07-26T16:00:00Z,2026-07-26T18:00:00+0200,374.6,EUR/MWh,DK1,DK_1,imbalance_price,Short,2026-07-30T07:28:36Z
2026-07-30T07:25:17Z,2026-07-30T09:25:17+0200,e73b670a-bc29-4bfc-b6f4-93c290a4d3ee,2026-07-26T16:15:00Z,2026-07-26T18:15:00+0200,211.68,EUR/MWh,DK1,DK_1,imbalance_price,Long,2026-07-30T07:28:36Z
2026-07-30T07:25:17Z,2026-07-30T09:25:17+0200,e73b670a-bc29-4bfc-b6f4-93c290a4d3ee,2026-07-26T16:15:00Z,2026-07-26T18:15:00+0200,211.68,EUR/MWh,DK1,DK_1,imbalance_price,Short,2026-07-30T07:28:36Z
2026-07-30T07:25:17Z,2026-07-30T09:25:17+0200,e73b670a-bc29-4bfc-b6f4-93c290a4d3ee,2026-07-26T16:30:00Z,2026-07-26T18:30:00+0200,118.73,EUR/MWh,DK1,DK_1,imbalance_price,Long,2026-07-30T07:28:36Z
2026-07-30T07:25:17Z,2026-07-30T09:25:17+0200,e73b670a-bc29-4bfc-b6f4-93c290a4d3ee,2026-07-26T16:30:00Z,2026-07-26T18:30:00+0200,118.73,EUR/MWh,DK1,DK_1,imbalance_price,Short,2026-07-30T07:28:36Z
2026-07-30T07:25:17Z,2026-07-30T09:25:17+0200,e73b670a-bc29-4bfc-b6f4-93c290a4d3ee,2026-07-26T16:45:00Z,2026-07-26T18:45:00+0200,86.55,EUR/MWh,DK1,DK_1,imbalance_price,Long,2026-07-30T07:28:36Z
2026-07-30T07:25:17Z,2026-07-30T09:25:17+0200,e73b670a-bc29-4bfc-b6f4-93c290a4d3ee,2026-07-26T16:45:00Z,2026-07-26T18:45:00+0200,86.55,EUR/MWh,DK1,DK_1,imbalance_price,Short,2026-07-30T07:28:36Z
2026-07-30T07:25:17Z,2026-07-30T09:25:17+0200,e73b670a-bc29-4bfc-b6f4-93c290a4d3ee,2026-07-26T17:00:00Z,2026-07-26T19:00:00+0200,118.1,EUR/MWh,DK1,DK_1,imbalance_price,Long,2026-07-30T07:28:36Z
2026-07-30T07:25:17Z,2026-07-30T09:25:17+0200,e73b670a-bc29-4bfc-b6f4-93c290a4d3ee,2026-07-26T17:00:00Z,2026-07-26T19:00:00+0200,118.1,EUR/MWh,DK1,DK_1,imbalance_price,Short,2026-07-30T07:28:36Z
2026-07-30T07:25:17Z,2026-07-30T09:25:17+0200,e73b670a-bc29-4bfc-b6f4-93c290a4d3ee,2026-07-26T17:15:00Z,2026-07-26T19:15:00+0200,124.66,EUR/MWh,DK1,DK_1,imbalance_price,Long,2026-07-30T07:28:36Z
2026-07-30T07:25:17Z,2026-07-30T09:25:17+0200,e73b670a-bc29-4bfc-b6f4-93c290a4d3ee,2026-07-26T17:15:00Z,2026-07-26T19:15:00+0200,124.66,EUR/MWh,DK1,DK_1,imbalance_price,Short,2026-07-30T07:28:36Z
2026-07-30T07:25:17Z,2026-07-30T09:25:17+0200,e73b670a-bc29-4bfc-b6f4-93c290a4d3ee,2026-07-26T17:30:00Z,2026-07-26T19:30:00+0200,131.71,EUR/MWh,DK1,DK_1,imbalance_price,Long,2026-07-30T07:28:36Z
2026-07-30T07:25:17Z,2026-07-30T09:25:17+0200,e73b670a-bc29-4bfc-b6f4-93c290a4d3ee,2026-07-26T17:30:00Z,2026-07-26T19:30:00+0200,131.71,EUR/MWh,DK1,DK_1,imbalance_price,Short,2026-07-30T07:28:36Z
2026-07-30T07:25:17Z,2026-07-30T09:25:17+0200,e73b670a-bc29-4bfc-b6f4-93c290a4d3ee,2026-07-26T17:45:00Z,2026-07-26T19:45:00+0200,145.45,EUR/MWh,DK1,DK_1,imbalance_price,Long,2026-07-30T07:28:36Z
2026-07-30T07:25:17Z,2026-07-30T09:25:17+0200,e73b670a-bc29-4bfc-b6f4-93c290a4d3ee,2026-07-26T17:45:00Z,2026-07-26T19:45:00+0200,145.45,EUR/MWh,DK1,DK_1,imbalance_price,Short,2026-07-30T07:28:36Z
2026-07-30T07:25:17Z,2026-07-30T09:25:17+0200,e73b670a-bc29-4bfc-b6f4-93c290a4d3ee,2026-07-26T18:00:00Z,2026-07-26T20:00:00+0200,129.96,EUR/MWh,DK1,DK_1,imbalance_price,Long,2026-07-30T07:28:36Z
2026-07-30T07:25:17Z,2026-07-30T09:25:17+0200,e73b670a-bc29-4bfc-b6f4-93c290a4d3ee,2026-07-26T18:00:00Z,2026-07-26T20:00:00+0200,129.96,EUR/MWh,DK1,DK_1,imbalance_price,Short,2026-07-30T07:28:36Z
2026-07-30T07:25:17Z,2026-07-30T09:25:17+0200,e73b670a-bc29-4bfc-b6f4-93c290a4d3ee,2026-07-26T18:15:00Z,2026-07-26T20:15:00+0200,157.28,EUR/MWh,DK1,DK_1,imbalance_price,Long,2026-07-30T07:28:36Z
2026-07-30T07:25:17Z,2026-07-30T09:25:17+0200,e73b670a-bc29-4bfc-b6f4-93c290a4d3ee,2026-07-26T18:15:00Z,2026-07-26T20:15:00+0200,157.28,EUR/MWh,DK1,DK_1,imbalance_price,Short,2026-07-30T07:28:36Z
2026-07-30T07:25:17Z,2026-07-30T09:25:17+0200,e73b670a-bc29-4bfc-b6f4-93c290a4d3ee,2026-07-26T18:30:00Z,2026-07-26T20:30:00+0200,53.76,EUR/MWh,DK1,DK_1,imbalance_price,Long,2026-07-30T07:28:36Z
2026-07-30T07:25:17Z,2026-07-30T09:25:17+0200,e73b670a-bc29-4bfc-b6f4-93c290a4d3ee,2026-07-26T18:30:00Z,2026-07-26T20:30:00+0200,53.76,EUR/MWh,DK1,DK_1,imbalance_price,Short,2026-07-30T07:28:36Z
2026-07-30T07:25:17Z,2026-07-30T09:25:17+0200,e73b670a-bc29-4bfc-b6f4-93c290a4d3ee,2026-07-26T18:45:00Z,2026-07-26T20:45:00+0200,47.54,EUR/MWh,DK1,DK_1,imbalance_price,Long,2026-07-30T07:28:36Z
2026-07-30T07:25:17Z,2026-07-30T09:25:17+0200,e73b670a-bc29-4bfc-b6f4-93c290a4d3ee,2026-07-26T18:45:00Z,2026-07-26T20:45:00+0200,47.54,EUR/MWh,DK1,DK_1,imbalance_price,Short,2026-07-30T07:28:36Z
2026-07-30T07:25:17Z,2026-07-30T09:25:17+0200,e73b670a-bc29-4bfc-b6f4-93c290a4d3ee,2026-07-26T19:00:00Z,2026-07-26T21:00:00+0200,159.86,EUR/MWh,DK1,DK_1,imbalance_price,Long,2026-07-30T07:28:36Z
2026-07-30T07:25:17Z,2026-07-30T09:25:17+0200,e73b670a-bc29-4bfc-b6f4-93c290a4d3ee,2026-07-26T19:00:00Z,2026-07-26T21:00:00+0200,159.86,EUR/MWh,DK1,DK_1,imbalance_price,Short,2026-07-30T07:28:36Z
2026-07-30T07:25:17Z,2026-07-30T09:25:17+0200,e73b670a-bc29-4bfc-b6f4-93c290a4d3ee,2026-07-26T19:15:00Z,2026-07-26T21:15:00+0200,70.71,EUR/MWh,DK1,DK_1,imbalance_price,Long,2026-07-30T07:28:36Z
2026-07-30T07:25:17Z,2026-07-30T09:25:17+0200,e73b670a-bc29-4bfc-b6f4-93c290a4d3ee,2026-07-26T19:15:00Z,2026-07-26T21:15:00+0200,70.71,EUR/MWh,DK1,DK_1,imbalance_price,Short,2026-07-30T07:28:36Z
2026-07-30T07:25:17Z,2026-07-30T09:25:17+0200,e73b670a-bc29-4bfc-b6f4-93c290a4d3ee,2026-07-26T19:30:00Z,2026-07-26T21:30:00+0200,47.49,EUR/MWh,DK1,DK_1,imbalance_price,Long,2026-07-30T07:28:36Z
2026-07-30T07:25:17Z,2026-07-30T09:25:17+0200,e73b670a-bc29-4bfc-b6f4-93c290a4d3ee,2026-07-26T19:30:00Z,2026-07-26T21:30:00+0200,47.49,EUR/MWh,DK1,DK_1,imbalance_price,Short,2026-07-30T07:28:36Z
2026-07-30T07:25:17Z,2026-07-30T09:25:17+0200,e73b670a-bc29-4bfc-b6f4-93c290a4d3ee,2026-07-26T19:45:00Z,2026-07-26T21:45:00+0200,147.71,EUR/MWh,DK1,DK_1,imbalance_price,Long,2026-07-30T07:28:36Z
2026-07-30T07:25:17Z,2026-07-30T09:25:17+0200,e73b670a-bc29-4bfc-b6f4-93c290a4d3ee,2026-07-26T19:45:00Z,2026-07-26T21:45:00+0200,147.71,EUR/MWh,DK1,DK_1,imbalance_price,Short,2026-07-30T07:28:36Z
2026-07-30T07:25:17Z,2026-07-30T09:25:17+0200,e73b670a-bc29-4bfc-b6f4-93c290a4d3ee,2026-07-26T20:00:00Z,2026-07-26T22:00:00+0200,57.91,EUR/MWh,DK1,DK_1,imbalance_price,Long,2026-07-30T07:28:36Z
2026-07-30T07:25:17Z,2026-07-30T09:25:17+0200,e73b670a-bc29-4bfc-b6f4-93c290a4d3ee,2026-07-26T20:00:00Z,2026-07-26T22:00:00+0200,57.91,EUR/MWh,DK1,DK_1,imbalance_price,Short,2026-07-30T07:28:36Z
2026-07-30T07:25:17Z,2026-07-30T09:25:17+0200,e73b670a-bc29-4bfc-b6f4-93c290a4d3ee,2026-07-26T20:15:00Z,2026-07-26T22:15:00+0200,50.89,EUR/MWh,DK1,DK_1,imbalance_price,Long,2026-07-30T07:28:36Z
2026-07-30T07:25:17Z,2026-07-30T09:25:17+0200,e73b670a-bc29-4bfc-b6f4-93c290a4d3ee,2026-07-26T20:15:00Z,2026-07-26T22:15:00+0200,50.89,EUR/MWh,DK1,DK_1,imbalance_price,Short,2026-07-30T07:28:36Z
2026-07-30T07:25:17Z,2026-07-30T09:25:17+0200,e73b670a-bc29-4bfc-b6f4-93c290a4d3ee,2026-07-26T20:30:00Z,2026-07-26T22:30:00+0200,64.72,EUR/MWh,DK1,DK_1,imbalance_price,Long,2026-07-30T07:28:36Z
2026-07-30T07:25:17Z,2026-07-30T09:25:17+0200,e73b670a-bc29-4bfc-b6f4-93c290a4d3ee,2026-07-26T20:30:00Z,2026-07-26T22:30:00+0200,64.72,EUR/MWh,DK1,DK_1,imbalance_price,Short,2026-07-30T07:28:36Z
2026-07-30T07:25:17Z,2026-07-30T09:25:17+0200,e73b670a-bc29-4bfc-b6f4-93c290a4d3ee,2026-07-26T20:45:00Z,2026-07-26T22:45:00+0200,65.13,EUR/MWh,DK1,DK_1,imbalance_price,Long,2026-07-30T07:28:36Z
2026-07-30T07:25:17Z,2026-07-30T09:25:17+0200,e73b670a-bc29-4bfc-b6f4-93c290a4d3ee,2026-07-26T20:45:00Z,2026-07-26T22:45:00+0200,65.13,EUR/MWh,DK1,DK_1,imbalance_price,Short,2026-07-30T07:28:36Z
2026-07-30T07:25:17Z,2026-07-30T09:25:17+0200,e73b670a-bc29-4bfc-b6f4-93c290a4d3ee,2026-07-26T21:00:00Z,2026-07-26T23:00:00+0200,42.24,EUR/MWh,DK1,DK_1,imbalance_price,Long,2026-07-30T07:28:36Z
2026-07-30T07:25:17Z,2026-07-30T09:25:17+0200,e73b670a-bc29-4bfc-b6f4-93c290a4d3ee,2026-07-26T21:00:00Z,2026-07-26T23:00:00+0200,42.24,EUR/MWh,DK1,DK_1,imbalance_price,Short,2026-07-30T07:28:36Z
2026-07-30T07:25:17Z,2026-07-30T09:25:17+0200,e73b670a-bc29-4bfc-b6f4-93c290a4d3ee,2026-07-26T21:15:00Z,2026-07-26T23:15:00+0200,44.83,EUR/MWh,DK1,DK_1,imbalance_price,Long,2026-07-30T07:28:36Z
2026-07-30T07:25:17Z,2026-07-30T09:25:17+0200,e73b670a-bc29-4bfc-b6f4-93c290a4d3ee,2026-07-26T21:15:00Z,2026-07-26T23:15:00+0200,44.83,EUR/MWh,DK1,DK_1,imbalance_price,Short,2026-07-30T07:28:36Z
2026-07-30T07:25:17Z,2026-07-30T09:25:17+0200,e73b670a-bc29-4bfc-b6f4-93c290a4d3ee,2026-07-26T21:30:00Z,2026-07-26T23:30:00+0200,52.1,EUR/MWh,DK1,DK_1,imbalance_price,Long,2026-07-30T07:28:36Z
2026-07-30T07:25:17Z,2026-07-30T09:25:17+0200,e73b670a-bc29-4bfc-b6f4-93c290a4d3ee,2026-07-26T21:30:00Z,2026-07-26T23:30:00+0200,52.1,EUR/MWh,DK1,DK_1,imbalance_price,Short,2026-07-30T07:28:36Z
2026-07-30T07:25:17Z,2026-07-30T09:25:17+0200,e73b670a-bc29-4bfc-b6f4-93c290a4d3ee,2026-07-26T21:45:00Z,2026-07-26T23:45:00+0200,127.01,EUR/MWh,DK1,DK_1,imbalance_price,Long,2026-07-30T07:28:36Z
2026-07-30T07:25:17Z,2026-07-30T09:25:17+0200,e73b670a-bc29-4bfc-b6f4-93c290a4d3ee,2026-07-26T21:45:00Z,2026-07-26T23:45:00+0200,127.01,EUR/MWh,DK1,DK_1,imbalance_price,Short,2026-07-30T07:28:36Z
2026-07-30T07:25:17Z,2026-07-30T09:25:17+0200,e73b670a-bc29-4bfc-b6f4-93c290a4d3ee,2026-07-26T22:00:00Z,2026-07-27T00:00:00+0200,29.75,EUR/MWh,DK1,DK_1,imbalance_price,Long,2026-07-30T07:28:36Z
2026-07-30T07:25:17Z,2026-07-30T09:25:17+0200,e73b670a-bc29-4bfc-b6f4-93c290a4d3ee,2026-07-26T22:00:00Z,2026-07-27T00:00:00+0200,29.75,EUR/MWh,DK1,DK_1,imbalance_price,Short,2026-07-30T07:28:36Z
2026-07-30T07:25:17Z,2026-07-30T09:25:17+0200,e73b670a-bc29-4bfc-b6f4-93c290a4d3ee,2026-07-26T22:15:00Z,2026-07-27T00:15:00+0200,87.14,EUR/MWh,DK1,DK_1,imbalance_price,Long,2026-07-30T07:28:36Z
2026-07-30T07:25:17Z,2026-07-30T09:25:17+0200,e73b670a-bc29-4bfc-b6f4-93c290a4d3ee,2026-07-26T22:15:00Z,2026-07-27T00:15:00+0200,87.14,EUR/MWh,DK1,DK_1,imbalance_price,Short,2026-07-30T07:28:36Z
2026-07-30T07:25:17Z,2026-07-30T09:25:17+0200,e73b670a-bc29-4bfc-b6f4-93c290a4d3ee,2026-07-26T22:30:00Z,2026-07-27T00:30:00+0200,107.52,EUR/MWh,DK1,DK_1,imbalance_price,Long,2026-07-30T07:28:36Z
2026-07-30T07:25:17Z,2026-07-30T09:25:17+0200,e73b670a-bc29-4bfc-b6f4-93c290a4d3ee,2026-07-26T22:30:00Z,2026-07-27T00:30:00+0200,107.52,EUR/MWh,DK1,DK_1,imbalance_price,Short,2026-07-30T07:28:36Z
2026-07-30T07:25:17Z,2026-07-30T09:25:17+0200,e73b670a-bc29-4bfc-b6f4-93c290a4d3ee,2026-07-26T22:45:00Z,2026-07-27T00:45:00+0200,87.71,EUR/MWh,DK1,DK_1,imbalance_price,Long,2026-07-30T07:28:36Z
2026-07-30T07:25:17Z,2026-07-30T09:25:17+0200,e73b670a-bc29-4bfc-b6f4-93c290a4d3ee,2026-07-26T22:45:00Z,2026-07-27T00:45:00+0200,87.71,EUR/MWh,DK1,DK_1,imbalance_price,Short,2026-07-30T07:28:36Z
2026-07-30T07:25:17Z,2026-07-30T09:25:17+0200,e73b670a-bc29-4bfc-b6f4-93c290a4d3ee,2026-07-26T23:00:00Z,2026-07-27T01:00:00+0200,114.33,EUR/MWh,DK1,DK_1,imbalance_price,Long,2026-07-30T07:28:36Z
2026-07-30T07:25:17Z,2026-07-30T09:25:17+0200,e73b670a-bc29-4bfc-b6f4-93c290a4d3ee,2026-07-26T23:00:00Z,2026-07-27T01:00:00+0200,114.33,EUR/MWh,DK1,DK_1,imbalance_price,Short,2026-07-30T07:28:36Z
2026-07-30T07:25:17Z,2026-07-30T09:25:17+0200,e73b670a-bc29-4bfc-b6f4-93c290a4d3ee,2026-07-26T23:15:00Z,2026-07-27T01:15:00+0200,103.17,EUR/MWh,DK1,DK_1,imbalance_price,Long,2026-07-30T07:28:36Z
2026-07-30T07:25:17Z,2026-07-30T09:25:17+0200,e73b670a-bc29-4bfc-b6f4-93c290a4d3ee,2026-07-26T23:15:00Z,2026-07-27T01:15:00+0200,103.17,EUR/MWh,DK1,DK_1,imbalance_price,Short,2026-07-30T07:28:36Z
2026-07-30T07:25:17Z,2026-07-30T09:25:17+0200,e73b670a-bc29-4bfc-b6f4-93c290a4d3ee,2026-07-26T23:30:00Z,2026-07-27T01:30:00+0200,102.37,EUR/MWh,DK1,DK_1,imbalance_price,Long,2026-07-30T07:28:36Z
2026-07-30T07:25:17Z,2026-07-30T09:25:17+0200,e73b670a-bc29-4bfc-b6f4-93c290a4d3ee,2026-07-26T23:30:00Z,2026-07-27T01:30:00+0200,102.37,EUR/MWh,DK1,DK_1,imbalance_price,Short,2026-07-30T07:28:36Z
2026-07-30T07:25:17Z,2026-07-30T09:25:17+0200,e73b670a-bc29-4bfc-b6f4-93c290a4d3ee,2026-07-26T23:45:00Z,2026-07-27T01:45:00+0200,115.41,EUR/MWh,DK1,DK_1,imbalance_price,Long,2026-07-30T07:28:36Z
2026-07-30T07:25:17Z,2026-07-30T09:25:17+0200,e73b670a-bc29-4bfc-b6f4-93c290a4d3ee,2026-07-26T23:45:00Z,2026-07-27T01:45:00+0200,115.41,EUR/MWh,DK1,DK_1,imbalance_price,Short,2026-07-30T07:28:36Z
2026-07-30T07:25:17Z,2026-07-30T09:25:17+0200,e73b670a-bc29-4bfc-b6f4-93c290a4d3ee,2026-07-27T00:00:00Z,2026-07-27T02:00:00+0200,60.36,EUR/MWh,DK1,DK_1,imbalance_price,Long,2026-07-30T07:28:36Z
2026-07-30T07:25:17Z,2026-07-30T09:25:17+0200,e73b670a-bc29-4bfc-b6f4-93c290a4d3ee,2026-07-27T00:00:00Z,2026-07-27T02:00:00+0200,60.36,EUR/MWh,DK1,DK_1,imbalance_price,Short,2026-07-30T07:28:36Z
2026-07-30T07:25:17Z,2026-07-30T09:25:17+0200,e73b670a-bc29-4bfc-b6f4-93c290a4d3ee,2026-07-27T00:15:00Z,2026-07-27T02:15:00+0200,115.18,EUR/MWh,DK1,DK_1,imbalance_price,Long,2026-07-30T07:28:36Z
2026-07-30T07:25:17Z,2026-07-30T09:25:17+0200,e73b670a-bc29-4bfc-b6f4-93c290a4d3ee,2026-07-27T00:15:00Z,2026-07-27T02:15:00+0200,115.18,EUR/MWh,DK1,DK_1,imbalance_price,Short,2026-07-30T07:28:36Z
2026-07-30T07:25:17Z,2026-07-30T09:25:17+0200,e73b670a-bc29-4bfc-b6f4-93c290a4d3ee,2026-07-27T00:30:00Z,2026-07-27T02:30:00+0200,110.0,EUR/MWh,DK1,DK_1,imbalance_price,Long,2026-07-30T07:28:36Z
2026-07-30T07:25:17Z,2026-07-30T09:25:17+0200,e73b670a-bc29-4bfc-b6f4-93c290a4d3ee,2026-07-27T00:30:00Z,2026-07-27T02:30:00+0200,110.0,EUR/MWh,DK1,DK_1,imbalance_price,Short,2026-07-30T07:28:36Z
2026-07-30T07:25:17Z,2026-07-30T09:25:17+0200,e73b670a-bc29-4bfc-b6f4-93c290a4d3ee,2026-07-27T00:45:00Z,2026-07-27T02:45:00+0200,119.72,EUR/MWh,DK1,DK_1,imbalance_price,Long,2026-07-30T07:28:36Z
2026-07-30T07:25:17Z,2026-07-30T09:25:17+0200,e73b670a-bc29-4bfc-b6f4-93c290a4d3ee,2026-07-27T00:45:00Z,2026-07-27T02:45:00+0200,119.72,EUR/MWh,DK1,DK_1,imbalance_price,Short,2026-07-30T07:28:36Z
2026-07-30T07:25:17Z,2026-07-30T09:25:17+0200,e73b670a-bc29-4bfc-b6f4-93c290a4d3ee,2026-07-27T01:00:00Z,2026-07-27T03:00:00+0200,67.88,EUR/MWh,DK1,DK_1,imbalance_price,Long,2026-07-30T07:28:36Z
2026-07-30T07:25:17Z,2026-07-30T09:25:17+0200,e73b670a-bc29-4bfc-b6f4-93c290a4d3ee,2026-07-27T01:00:00Z,2026-07-27T03:00:00+0200,67.88,EUR/MWh,DK1,DK_1,imbalance_price,Short,2026-07-30T07:28:36Z
2026-07-30T07:25:17Z,2026-07-30T09:25:17+0200,e73b670a-bc29-4bfc-b6f4-93c290a4d3ee,2026-07-27T01:15:00Z,2026-07-27T03:15:00+0200,55.76,EUR/MWh,DK1,DK_1,imbalance_price,Long,2026-07-30T07:28:36Z
2026-07-30T07:25:17Z,2026-07-30T09:25:17+0200,e73b670a-bc29-4bfc-b6f4-93c290a4d3ee,2026-07-27T01:15:00Z,2026-07-27T03:15:00+0200,55.76,EUR/MWh,DK1,DK_1,imbalance_price,Short,2026-07-30T07:28:36Z
2026-07-30T07:25:17Z,2026-07-30T09:25:17+0200,e73b670a-bc29-4bfc-b6f4-93c290a4d3ee,2026-07-27T01:30:00Z,2026-07-27T03:30:00+0200,41.77,EUR/MWh,DK1,DK_1,imbalance_price,Long,2026-07-30T07:28:36Z
2026-07-30T07:25:17Z,2026-07-30T09:25:17+0200,e73b670a-bc29-4bfc-b6f4-93c290a4d3ee,2026-07-27T01:30:00Z,2026-07-27T03:30:00+0200,41.77,EUR/MWh,DK1,DK_1,imbalance_price,Short,2026-07-30T07:28:36Z
2026-07-30T07:25:17Z,2026-07-30T09:25:17+0200,e73b670a-bc29-4bfc-b6f4-93c290a4d3ee,2026-07-27T01:45:00Z,2026-07-27T03:45:00+0200,111.72,EUR/MWh,DK1,DK_1,imbalance_price,Long,2026-07-30T07:28:36Z
2026-07-30T07:25:17Z,2026-07-30T09:25:17+0200,e73b670a-bc29-4bfc-b6f4-93c290a4d3ee,2026-07-27T01:45:00Z,2026-07-27T03:45:00+0200,111.72,EUR/MWh,DK1,DK_1,imbalance_price,Short,2026-07-30T07:28:36Z
2026-07-30T07:25:17Z,2026-07-30T09:25:17+0200,e73b670a-bc29-4bfc-b6f4-93c290a4d3ee,2026-07-27T02:00:00Z,2026-07-27T04:00:00+0200,65.69,EUR/MWh,DK1,DK_1,imbalance_price,Long,2026-07-30T07:28:36Z
2026-07-30T07:25:17Z,2026-07-30T09:25:17+0200,e73b670a-bc29-4bfc-b6f4-93c290a4d3ee,2026-07-27T02:00:00Z,2026-07-27T04:00:00+0200,65.69,EUR/MWh,DK1,DK_1,imbalance_price,Short,2026-07-30T07:28:36Z
2026-07-30T07:25:17Z,2026-07-30T09:25:17+0200,e73b670a-bc29-4bfc-b6f4-93c290a4d3ee,2026-07-27T02:15:00Z,2026-07-27T04:15:00+0200,68.63,EUR/MWh,DK1,DK_1,imbalance_price,Long,2026-07-30T07:28:36Z
2026-07-30T07:25:17Z,2026-07-30T09:25:17+0200,e73b670a-bc29-4bfc-b6f4-93c290a4d3ee,2026-07-27T02:15:00Z,2026-07-27T04:15:00+0200,68.63,EUR/MWh,DK1,DK_1,imbalance_price,Short,2026-07-30T07:28:36Z
2026-07-30T07:25:17Z,2026-07-30T09:25:17+0200,e73b670a-bc29-4bfc-b6f4-93c290a4d3ee,2026-07-27T02:30:00Z,2026-07-27T04:30:00+0200,80.5,EUR/MWh,DK1,DK_1,imbalance_price,Long,2026-07-30T07:28:36Z
2026-07-30T07:25:17Z,2026-07-30T09:25:17+0200,e73b670a-bc29-4bfc-b6f4-93c290a4d3ee,2026-07-27T02:30:00Z,2026-07-27T04:30:00+0200,80.5,EUR/MWh,DK1,DK_1,imbalance_price,Short,2026-07-30T07:28:36Z
2026-07-30T07:25:17Z,2026-07-30T09:25:17+0200,e73b670a-bc29-4bfc-b6f4-93c290a4d3ee,2026-07-27T02:45:00Z,2026-07-27T04:45:00+0200,83.44,EUR/MWh,DK1,DK_1,imbalance_price,Long,2026-07-30T07:28:36Z
2026-07-30T07:25:17Z,2026-07-30T09:25:17+0200,e73b670a-bc29-4bfc-b6f4-93c290a4d3ee,2026-07-27T02:45:00Z,2026-07-27T04:45:00+0200,83.44,EUR/MWh,DK1,DK_1,imbalance_price,Short,2026-07-30T07:28:36Z
2026-07-30T07:25:17Z,2026-07-30T09:25:17+0200,e73b670a-bc29-4bfc-b6f4-93c290a4d3ee,2026-07-27T03:00:00Z,2026-07-27T05:00:00+0200,58.69,EUR/MWh,DK1,DK_1,imbalance_price,Long,2026-07-30T07:28:36Z
2026-07-30T07:25:17Z,2026-07-30T09:25:17+0200,e73b670a-bc29-4bfc-b6f4-93c290a4d3ee,2026-07-27T03:00:00Z,2026-07-27T05:00:00+0200,58.69,EUR/MWh,DK1,DK_1,imbalance_price,Short,2026-07-30T07:28:36Z
2026-07-30T07:25:17Z,2026-07-30T09:25:17+0200,e73b670a-bc29-4bfc-b6f4-93c290a4d3ee,2026-07-27T03:15:00Z,2026-07-27T05:15:00+0200,60.0,EUR/MWh,DK1,DK_1,imbalance_price,Long,2026-07-30T07:28:36Z
2026-07-30T07:25:17Z,2026-07-30T09:25:17+0200,e73b670a-bc29-4bfc-b6f4-93c290a4d3ee,2026-07-27T03:15:00Z,2026-07-27T05:15:00+0200,60.0,EUR/MWh,DK1,DK_1,imbalance_price,Short,2026-07-30T07:28:36Z
2026-07-30T07:25:17Z,2026-07-30T09:25:17+0200,e73b670a-bc29-4bfc-b6f4-93c290a4d3ee,2026-07-27T03:30:00Z,2026-07-27T05:30:00+0200,159.5,EUR/MWh,DK1,DK_1,imbalance_price,Long,2026-07-30T07:28:36Z
2026-07-30T07:25:17Z,2026-07-30T09:25:17+0200,e73b670a-bc29-4bfc-b6f4-93c290a4d3ee,2026-07-27T03:30:00Z,2026-07-27T05:30:00+0200,159.5,EUR/MWh,DK1,DK_1,imbalance_price,Short,2026-07-30T07:28:36Z
2026-07-30T07:25:17Z,2026-07-30T09:25:17+0200,e73b670a-bc29-4bfc-b6f4-93c290a4d3ee,2026-07-27T03:45:00Z,2026-07-27T05:45:00+0200,145.5,EUR/MWh,DK1,DK_1,imbalance_price,Long,2026-07-30T07:28:36Z
2026-07-30T07:25:17Z,2026-07-30T09:25:17+0200,e73b670a-bc29-4bfc-b6f4-93c290a4d3ee,2026-07-27T03:45:00Z,2026-07-27T05:45:00+0200,145.5,EUR/MWh,DK1,DK_1,imbalance_price,Short,2026-07-30T07:28:36Z
2026-07-30T07:25:17Z,2026-07-30T09:25:17+0200,e73b670a-bc29-4bfc-b6f4-93c290a4d3ee,2026-07-27T04:00:00Z,2026-07-27T06:00:00+0200,101.82,EUR/MWh,DK1,DK_1,imbalance_price,Long,2026-07-30T07:28:36Z
2026-07-30T07:25:17Z,2026-07-30T09:25:17+0200,e73b670a-bc29-4bfc-b6f4-93c290a4d3ee,2026-07-27T04:00:00Z,2026-07-27T06:00:00+0200,101.82,EUR/MWh,DK1,DK_1,imbalance_price,Short,2026-07-30T07:28:36Z
2026-07-30T07:25:17Z,2026-07-30T09:25:17+0200,e73b670a-bc29-4bfc-b6f4-93c290a4d3ee,2026-07-27T04:15:00Z,2026-07-27T06:15:00+0200,55.55,EUR/MWh,DK1,DK_1,imbalance_price,Long,2026-07-30T07:28:36Z
2026-07-30T07:25:17Z,2026-07-30T09:25:17+0200,e73b670a-bc29-4bfc-b6f4-93c290a4d3ee,2026-07-27T04:15:00Z,2026-07-27T06:15:00+0200,55.55,EUR/MWh,DK1,DK_1,imbalance_price,Short,2026-07-30T07:28:36Z
2026-07-30T07:25:17Z,2026-07-30T09:25:17+0200,e73b670a-bc29-4bfc-b6f4-93c290a4d3ee,2026-07-27T04:30:00Z,2026-07-27T06:30:00+0200,25.25,EUR/MWh,DK1,DK_1,imbalance_price,Long,2026-07-30T07:28:36Z
2026-07-30T07:25:17Z,2026-07-30T09:25:17+0200,e73b670a-bc29-4bfc-b6f4-93c290a4d3ee,2026-07-27T04:30:00Z,2026-07-27T06:30:00+0200,25.25,EUR/MWh,DK1,DK_1,imbalance_price,Short,2026-07-30T07:28:36Z
2026-07-30T07:25:17Z,2026-07-30T09:25:17+0200,e73b670a-bc29-4bfc-b6f4-93c290a4d3ee,2026-07-27T04:45:00Z,2026-07-27T06:45:00+0200,240.69,EUR/MWh,DK1,DK_1,imbalance_price,Long,2026-07-30T07:28:36Z
2026-07-30T07:25:17Z,2026-07-30T09:25:17+0200,e73b670a-bc29-4bfc-b6f4-93c290a4d3ee,2026-07-27T04:45:00Z,2026-07-27T06:45:00+0200,240.69,EUR/MWh,DK1,DK_1,imbalance_price,Short,2026-07-30T07:28:36Z
2026-07-30T07:25:17Z,2026-07-30T09:25:17+0200,e73b670a-bc29-4bfc-b6f4-93c290a4d3ee,2026-07-27T05:00:00Z,2026-07-27T07:00:00+0200,140.0,EUR/MWh,DK1,DK_1,imbalance_price,Long,2026-07-30T07:28:36Z
2026-07-30T07:25:17Z,2026-07-30T09:25:17+0200,e73b670a-bc29-4bfc-b6f4-93c290a4d3ee,2026-07-27T05:00:00Z,2026-07-27T07:00:00+0200,140.0,EUR/MWh,DK1,DK_1,imbalance_price,Short,2026-07-30T07:28:36Z
2026-07-30T07:25:17Z,2026-07-30T09:25:17+0200,e73b670a-bc29-4bfc-b6f4-93c290a4d3ee,2026-07-27T05:15:00Z,2026-07-27T07:15:00+0200,267.54,EUR/MWh,DK1,DK_1,imbalance_price,Long,2026-07-30T07:28:36Z
2026-07-30T07:25:17Z,2026-07-30T09:25:17+0200,e73b670a-bc29-4bfc-b6f4-93c290a4d3ee,2026-07-27T05:15:00Z,2026-07-27T07:15:00+0200,267.54,EUR/MWh,DK1,DK_1,imbalance_price,Short,2026-07-30T07:28:36Z
2026-07-30T07:25:17Z,2026-07-30T09:25:17+0200,e73b670a-bc29-4bfc-b6f4-93c290a4d3ee,2026-07-27T05:30:00Z,2026-07-27T07:30:00+0200,252.83,EUR/MWh,DK1,DK_1,imbalance_price,Long,2026-07-30T07:28:36Z
2026-07-30T07:25:17Z,2026-07-30T09:25:17+0200,e73b670a-bc29-4bfc-b6f4-93c290a4d3ee,2026-07-27T05:30:00Z,2026-07-27T07:30:00+0200,252.83,EUR/MWh,DK1,DK_1,imbalance_price,Short,2026-07-30T07:28:36Z
2026-07-30T07:25:17Z,2026-07-30T09:25:17+0200,e73b670a-bc29-4bfc-b6f4-93c290a4d3ee,2026-07-27T05:45:00Z,2026-07-27T07:45:00+0200,132.37,EUR/MWh,DK1,DK_1,imbalance_price,Long,2026-07-30T07:28:36Z
2026-07-30T07:25:17Z,2026-07-30T09:25:17+0200,e73b670a-bc29-4bfc-b6f4-93c290a4d3ee,2026-07-27T05:45:00Z,2026-07-27T07:45:00+0200,132.37,EUR/MWh,DK1,DK_1,imbalance_price,Short,2026-07-30T07:28:36Z
2026-07-30T07:25:17Z,2026-07-30T09:25:17+0200,e73b670a-bc29-4bfc-b6f4-93c290a4d3ee,2026-07-27T06:00:00Z,2026-07-27T08:00:00+0200,400.0,EUR/MWh,DK1,DK_1,imbalance_price,Long,2026-07-30T07:28:36Z
2026-07-30T07:25:17Z,2026-07-30T09:25:17+0200,e73b670a-bc29-4bfc-b6f4-93c290a4d3ee,2026-07-27T06:00:00Z,2026-07-27T08:00:00+0200,400.0,EUR/MWh,DK1,DK_1,imbalance_price,Short,2026-07-30T07:28:36Z
2026-07-30T07:25:17Z,2026-07-30T09:25:17+0200,e73b670a-bc29-4bfc-b6f4-93c290a4d3ee,2026-07-27T06:15:00Z,2026-07-27T08:15:00+0200,334.47,EUR/MWh,DK1,DK_1,imbalance_price,Long,2026-07-30T07:28:36Z
2026-07-30T07:25:17Z,2026-07-30T09:25:17+0200,e73b670a-bc29-4bfc-b6f4-93c290a4d3ee,2026-07-27T06:15:00Z,2026-07-27T08:15:00+0200,334.47,EUR/MWh,DK1,DK_1,imbalance_price,Short,2026-07-30T07:28:36Z
2026-07-30T07:25:17Z,2026-07-30T09:25:17+0200,e73b670a-bc29-4bfc-b6f4-93c290a4d3ee,2026-07-27T06:30:00Z,2026-07-27T08:30:00+0200,214.42,EUR/MWh,DK1,DK_1,imbalance_price,Long,2026-07-30T07:28:36Z
2026-07-30T07:25:17Z,2026-07-30T09:25:17+0200,e73b670a-bc29-4bfc-b6f4-93c290a4d3ee,2026-07-27T06:30:00Z,2026-07-27T08:30:00+0200,214.42,EUR/MWh,DK1,DK_1,imbalance_price,Short,2026-07-30T07:28:36Z
2026-07-30T07:25:17Z,2026-07-30T09:25:17+0200,e73b670a-bc29-4bfc-b6f4-93c290a4d3ee,2026-07-27T06:45:00Z,2026-07-27T08:45:00+0200,154.67,EUR/MWh,DK1,DK_1,imbalance_price,Long,2026-07-30T07:28:36Z
2026-07-30T07:25:17Z,2026-07-30T09:25:17+0200,e73b670a-bc29-4bfc-b6f4-93c290a4d3ee,2026-07-27T06:45:00Z,2026-07-27T08:45:00+0200,154.67,EUR/MWh,DK1,DK_1,imbalance_price,Short,2026-07-30T07:28:36Z
2026-07-30T07:25:17Z,2026-07-30T09:25:17+0200,e73b670a-bc29-4bfc-b6f4-93c290a4d3ee,2026-07-27T07:00:00Z,2026-07-27T09:00:00+0200,107.62,EUR/MWh,DK1,DK_1,imbalance_price,Long,2026-07-30T07:28:36Z
2026-07-30T07:25:17Z,2026-07-30T09:25:17+0200,e73b670a-bc29-4bfc-b6f4-93c290a4d3ee,2026-07-27T07:00:00Z,2026-07-27T09:00:00+0200,107.62,EUR/MWh,DK1,DK_1,imbalance_price,Short,2026-07-30T07:28:36Z
2026-07-30T07:25:17Z,2026-07-30T09:25:17+0200,e73b670a-bc29-4bfc-b6f4-93c290a4d3ee,2026-07-27T07:15:00Z,2026-07-27T09:15:00+0200,84.63,EUR/MWh,DK1,DK_1,imbalance_price,Long,2026-07-30T07:28:36Z
2026-07-30T07:25:17Z,2026-07-30T09:25:17+0200,e73b670a-bc29-4bfc-b6f4-93c290a4d3ee,2026-07-27T07:15:00Z,2026-07-27T09:15:00+0200,84.63,EUR/MWh,DK1,DK_1,imbalance_price,Short,2026-07-30T07:28:36Z
2026-07-30T07:25:17Z,2026-07-30T09:25:17+0200,e73b670a-bc29-4bfc-b6f4-93c290a4d3ee,2026-07-27T07:30:00Z,2026-07-27T09:30:00+0200,72.2,EUR/MWh,DK1,DK_1,imbalance_price,Long,2026-07-30T07:28:36Z
2026-07-30T07:25:17Z,2026-07-30T09:25:17+0200,e73b670a-bc29-4bfc-b6f4-93c290a4d3ee,2026-07-27T07:30:00Z,2026-07-27T09:30:00+0200,72.2,EUR/MWh,DK1,DK_1,imbalance_price,Short,2026-07-30T07:28:36Z
2026-07-30T07:25:17Z,2026-07-30T09:25:17+0200,e73b670a-bc29-4bfc-b6f4-93c290a4d3ee,2026-07-27T07:45:00Z,2026-07-27T09:45:00+0200,203.91,EUR/MWh,DK1,DK_1,imbalance_price,Long,2026-07-30T07:28:36Z
2026-07-30T07:25:17Z,2026-07-30T09:25:17+0200,e73b670a-bc29-4bfc-b6f4-93c290a4d3ee,2026-07-27T07:45:00Z,2026-07-27T09:45:00+0200,203.91,EUR/MWh,DK1,DK_1,imbalance_price,Short,2026-07-30T07:28:36Z
2026-07-30T07:25:17Z,2026-07-30T09:25:17+0200,e73b670a-bc29-4bfc-b6f4-93c290a4d3ee,2026-07-27T08:00:00Z,2026-07-27T10:00:00+0200,491.54,EUR/MWh,DK1,DK_1,imbalance_price,Long,2026-07-30T07:28:36Z
2026-07-30T07:25:17Z,2026-07-30T09:25:17+0200,e73b670a-bc29-4bfc-b6f4-93c290a4d3ee,2026-07-27T08:00:00Z,2026-07-27T10:00:00+0200,491.54,EUR/MWh,DK1,DK_1,imbalance_price,Short,2026-07-30T07:28:36Z
2026-07-30T07:25:17Z,2026-07-30T09:25:17+0200,e73b670a-bc29-4bfc-b6f4-93c290a4d3ee,2026-07-27T08:15:00Z,2026-07-27T10:15:00+0200,19.44,EUR/MWh,DK1,DK_1,imbalance_price,Long,2026-07-30T07:28:36Z
2026-07-30T07:25:17Z,2026-07-30T09:25:17+0200,e73b670a-bc29-4bfc-b6f4-93c290a4d3ee,2026-07-27T08:15:00Z,2026-07-27T10:15:00+0200,19.44,EUR/MWh,DK1,DK_1,imbalance_price,Short,2026-07-30T07:28:36Z
2026-07-30T07:25:17Z,2026-07-30T09:25:17+0200,e73b670a-bc29-4bfc-b6f4-93c290a4d3ee,2026-07-27T08:30:00Z,2026-07-27T10:30:00+0200,79.15,EUR/MWh,DK1,DK_1,imbalance_price,Long,2026-07-30T07:28:36Z
2026-07-30T07:25:17Z,2026-07-30T09:25:17+0200,e73b670a-bc29-4bfc-b6f4-93c290a4d3ee,2026-07-27T08:30:00Z,2026-07-27T10:30:00+0200,79.15,EUR/MWh,DK1,DK_1,imbalance_price,Short,2026-07-30T07:28:36Z
2026-07-30T07:25:17Z,2026-07-30T09:25:17+0200,e73b670a-bc29-4bfc-b6f4-93c290a4d3ee,2026-07-27T08:45:00Z,2026-07-27T10:45:00+0200,53.01,EUR/MWh,DK1,DK_1,imbalance_price,Long,2026-07-30T07:28:36Z
2026-07-30T07:25:17Z,2026-07-30T09:25:17+0200,e73b670a-bc29-4bfc-b6f4-93c290a4d3ee,2026-07-27T08:45:00Z,2026-07-27T10:45:00+0200,53.01,EUR/MWh,DK1,DK_1,imbalance_price,Short,2026-07-30T07:28:36Z
2026-07-30T07:25:17Z,2026-07-30T09:25:17+0200,e73b670a-bc29-4bfc-b6f4-93c290a4d3ee,2026-07-27T09:00:00Z,2026-07-27T11:00:00+0200,79.87,EUR/MWh,DK1,DK_1,imbalance_price,Long,2026-07-30T07:28:36Z
2026-07-30T07:25:17Z,2026-07-30T09:25:17+0200,e73b670a-bc29-4bfc-b6f4-93c290a4d3ee,2026-07-27T09:00:00Z,2026-07-27T11:00:00+0200,79.87,EUR/MWh,DK1,DK_1,imbalance_price,Short,2026-07-30T07:28:36Z
2026-07-30T07:25:17Z,2026-07-30T09:25:17+0200,e73b670a-bc29-4bfc-b6f4-93c290a4d3ee,2026-07-27T09:15:00Z,2026-07-27T11:15:00+0200,79.9,EUR/MWh,DK1,DK_1,imbalance_price,Long,2026-07-30T07:28:36Z
2026-07-30T07:25:17Z,2026-07-30T09:25:17+0200,e73b670a-bc29-4bfc-b6f4-93c290a4d3ee,2026-07-27T09:15:00Z,2026-07-27T11:15:00+0200,79.9,EUR/MWh,DK1,DK_1,imbalance_price,Short,2026-07-30T07:28:36Z
2026-07-30T07:25:17Z,2026-07-30T09:25:17+0200,e73b670a-bc29-4bfc-b6f4-93c290a4d3ee,2026-07-27T09:30:00Z,2026-07-27T11:30:00+0200,153.86,EUR/MWh,DK1,DK_1,imbalance_price,Long,2026-07-30T07:28:36Z
2026-07-30T07:25:17Z,2026-07-30T09:25:17+0200,e73b670a-bc29-4bfc-b6f4-93c290a4d3ee,2026-07-27T09:30:00Z,2026-07-27T11:30:00+0200,153.86,EUR/MWh,DK1,DK_1,imbalance_price,Short,2026-07-30T07:28:36Z
2026-07-30T07:25:17Z,2026-07-30T09:25:17+0200,e73b670a-bc29-4bfc-b6f4-93c290a4d3ee,2026-07-27T09:45:00Z,2026-07-27T11:45:00+0200,27.7,EUR/MWh,DK1,DK_1,imbalance_price,Long,2026-07-30T07:28:36Z
2026-07-30T07:25:17Z,2026-07-30T09:25:17+0200,e73b670a-bc29-4bfc-b6f4-93c290a4d3ee,2026-07-27T09:45:00Z,2026-07-27T11:45:00+0200,27.7,EUR/MWh,DK1,DK_1,imbalance_price,Short,2026-07-30T07:28:36Z
2026-07-30T07:25:17Z,2026-07-30T09:25:17+0200,e73b670a-bc29-4bfc-b6f4-93c290a4d3ee,2026-07-27T10:00:00Z,2026-07-27T12:00:00+0200,-3.88,EUR/MWh,DK1,DK_1,imbalance_price,Long,2026-07-30T07:28:36Z
2026-07-30T07:25:17Z,2026-07-30T09:25:17+0200,e73b670a-bc29-4bfc-b6f4-93c290a4d3ee,2026-07-27T10:00:00Z,2026-07-27T12:00:00+0200,-3.88,EUR/MWh,DK1,DK_1,imbalance_price,Short,2026-07-30T07:28:36Z
2026-07-30T07:25:17Z,2026-07-30T09:25:17+0200,e73b670a-bc29-4bfc-b6f4-93c290a4d3ee,2026-07-27T10:15:00Z,2026-07-27T12:15:00+0200,19.96,EUR/MWh,DK1,DK_1,imbalance_price,Long,2026-07-30T07:28:36Z
2026-07-30T07:25:17Z,2026-07-30T09:25:17+0200,e73b670a-bc29-4bfc-b6f4-93c290a4d3ee,2026-07-27T10:15:00Z,2026-07-27T12:15:00+0200,19.96,EUR/MWh,DK1,DK_1,imbalance_price,Short,2026-07-30T07:28:36Z
2026-07-30T07:25:17Z,2026-07-30T09:25:17+0200,e73b670a-bc29-4bfc-b6f4-93c290a4d3ee,2026-07-27T10:30:00Z,2026-07-27T12:30:00+0200,0.46,EUR/MWh,DK1,DK_1,imbalance_price,Long,2026-07-30T07:28:36Z
2026-07-30T07:25:17Z,2026-07-30T09:25:17+0200,e73b670a-bc29-4bfc-b6f4-93c290a4d3ee,2026-07-27T10:30:00Z,2026-07-27T12:30:00+0200,0.46,EUR/MWh,DK1,DK_1,imbalance_price,Short,2026-07-30T07:28:36Z
2026-07-30T07:25:17Z,2026-07-30T09:25:17+0200,e73b670a-bc29-4bfc-b6f4-93c290a4d3ee,2026-07-27T10:45:00Z,2026-07-27T12:45:00+0200,-4.28,EUR/MWh,DK1,DK_1,imbalance_price,Long,2026-07-30T07:28:36Z
2026-07-30T07:25:17Z,2026-07-30T09:25:17+0200,e73b670a-bc29-4bfc-b6f4-93c290a4d3ee,2026-07-27T10:45:00Z,2026-07-27T12:45:00+0200,-4.28,EUR/MWh,DK1,DK_1,imbalance_price,Short,2026-07-30T07:28:36Z
2026-07-30T07:25:17Z,2026-07-30T09:25:17+0200,e73b670a-bc29-4bfc-b6f4-93c290a4d3ee,2026-07-27T11:00:00Z,2026-07-27T13:00:00+0200,1.35,EUR/MWh,DK1,DK_1,imbalance_price,Long,2026-07-30T07:28:36Z
2026-07-30T07:25:17Z,2026-07-30T09:25:17+0200,e73b670a-bc29-4bfc-b6f4-93c290a4d3ee,2026-07-27T11:00:00Z,2026-07-27T13:00:00+0200,1.35,EUR/MWh,DK1,DK_1,imbalance_price,Short,2026-07-30T07:28:36Z
2026-07-30T07:25:17Z,2026-07-30T09:25:17+0200,e73b670a-bc29-4bfc-b6f4-93c290a4d3ee,2026-07-27T11:15:00Z,2026-07-27T13:15:00+0200,1.34,EUR/MWh,DK1,DK_1,imbalance_price,Long,2026-07-30T07:28:36Z
2026-07-30T07:25:17Z,2026-07-30T09:25:17+0200,e73b670a-bc29-4bfc-b6f4-93c290a4d3ee,2026-07-27T11:15:00Z,2026-07-27T13:15:00+0200,1.34,EUR/MWh,DK1,DK_1,imbalance_price,Short,2026-07-30T07:28:36Z
2026-07-30T07:25:17Z,2026-07-30T09:25:17+0200,e73b670a-bc29-4bfc-b6f4-93c290a4d3ee,2026-07-27T11:30:00Z,2026-07-27T13:30:00+0200,0.98,EUR/MWh,DK1,DK_1,imbalance_price,Long,2026-07-30T07:28:36Z
2026-07-30T07:25:17Z,2026-07-30T09:25:17+0200,e73b670a-bc29-4bfc-b6f4-93c290a4d3ee,2026-07-27T11:30:00Z,2026-07-27T13:30:00+0200,0.98,EUR/MWh,DK1,DK_1,imbalance_price,Short,2026-07-30T07:28:36Z
2026-07-30T07:25:17Z,2026-07-30T09:25:17+0200,e73b670a-bc29-4bfc-b6f4-93c290a4d3ee,2026-07-27T11:45:00Z,2026-07-27T13:45:00+0200,10.03,EUR/MWh,DK1,DK_1,imbalance_price,Long,2026-07-30T07:28:36Z
2026-07-30T07:25:17Z,2026-07-30T09:25:17+0200,e73b670a-bc29-4bfc-b6f4-93c290a4d3ee,2026-07-27T11:45:00Z,2026-07-27T13:45:00+0200,10.03,EUR/MWh,DK1,DK_1,imbalance_price,Short,2026-07-30T07:28:36Z
2026-07-30T07:25:17Z,2026-07-30T09:25:17+0200,e73b670a-bc29-4bfc-b6f4-93c290a4d3ee,2026-07-27T12:00:00Z,2026-07-27T14:00:00+0200,-0.28,EUR/MWh,DK1,DK_1,imbalance_price,Long,2026-07-30T07:28:36Z
2026-07-30T07:25:17Z,2026-07-30T09:25:17+0200,e73b670a-bc29-4bfc-b6f4-93c290a4d3ee,2026-07-27T12:00:00Z,2026-07-27T14:00:00+0200,-0.28,EUR/MWh,DK1,DK_1,imbalance_price,Short,2026-07-30T07:28:36Z
2026-07-30T07:25:17Z,2026-07-30T09:25:17+0200,e73b670a-bc29-4bfc-b6f4-93c290a4d3ee,2026-07-27T12:15:00Z,2026-07-27T14:15:00+0200,17.35,EUR/MWh,DK1,DK_1,imbalance_price,Long,2026-07-30T07:28:36Z
2026-07-30T07:25:17Z,2026-07-30T09:25:17+0200,e73b670a-bc29-4bfc-b6f4-93c290a4d3ee,2026-07-27T12:15:00Z,2026-07-27T14:15:00+0200,17.35,EUR/MWh,DK1,DK_1,imbalance_price,Short,2026-07-30T07:28:36Z
2026-07-30T07:25:17Z,2026-07-30T09:25:17+0200,e73b670a-bc29-4bfc-b6f4-93c290a4d3ee,2026-07-27T12:30:00Z,2026-07-27T14:30:00+0200,42.07,EUR/MWh,DK1,DK_1,imbalance_price,Long,2026-07-30T07:28:36Z
2026-07-30T07:25:17Z,2026-07-30T09:25:17+0200,e73b670a-bc29-4bfc-b6f4-93c290a4d3ee,2026-07-27T12:30:00Z,2026-07-27T14:30:00+0200,42.07,EUR/MWh,DK1,DK_1,imbalance_price,Short,2026-07-30T07:28:36Z
2026-07-30T07:25:17Z,2026-07-30T09:25:17+0200,e73b670a-bc29-4bfc-b6f4-93c290a4d3ee,2026-07-27T12:45:00Z,2026-07-27T14:45:00+0200,11.64,EUR/MWh,DK1,DK_1,imbalance_price,Long,2026-07-30T07:28:36Z
2026-07-30T07:25:17Z,2026-07-30T09:25:17+0200,e73b670a-bc29-4bfc-b6f4-93c290a4d3ee,2026-07-27T12:45:00Z,2026-07-27T14:45:00+0200,11.64,EUR/MWh,DK1,DK_1,imbalance_price,Short,2026-07-30T07:28:36Z
2026-07-30T07:25:17Z,2026-07-30T09:25:17+0200,e73b670a-bc29-4bfc-b6f4-93c290a4d3ee,2026-07-27T13:00:00Z,2026-07-27T15:00:00+0200,11.37,EUR/MWh,DK1,DK_1,imbalance_price,Long,2026-07-30T07:28:36Z
2026-07-30T07:25:17Z,2026-07-30T09:25:17+0200,e73b670a-bc29-4bfc-b6f4-93c290a4d3ee,2026-07-27T13:00:00Z,2026-07-27T15:00:00+0200,11.37,EUR/MWh,DK1,DK_1,imbalance_price,Short,2026-07-30T07:28:36Z
2026-07-30T07:25:17Z,2026-07-30T09:25:17+0200,e73b670a-bc29-4bfc-b6f4-93c290a4d3ee,2026-07-27T13:15:00Z,2026-07-27T15:15:00+0200,-1.92,EUR/MWh,DK1,DK_1,imbalance_price,Long,2026-07-30T07:28:36Z
2026-07-30T07:25:17Z,2026-07-30T09:25:17+0200,e73b670a-bc29-4bfc-b6f4-93c290a4d3ee,2026-07-27T13:15:00Z,2026-07-27T15:15:00+0200,-1.92,EUR/MWh,DK1,DK_1,imbalance_price,Short,2026-07-30T07:28:36Z
2026-07-30T07:25:17Z,2026-07-30T09:25:17+0200,e73b670a-bc29-4bfc-b6f4-93c290a4d3ee,2026-07-27T13:30:00Z,2026-07-27T15:30:00+0200,7.76,EUR/MWh,DK1,DK_1,imbalance_price,Long,2026-07-30T07:28:36Z
2026-07-30T07:25:17Z,2026-07-30T09:25:17+0200,e73b670a-bc29-4bfc-b6f4-93c290a4d3ee,2026-07-27T13:30:00Z,2026-07-27T15:30:00+0200,7.76,EUR/MWh,DK1,DK_1,imbalance_price,Short,2026-07-30T07:28:36Z
2026-07-30T07:25:17Z,2026-07-30T09:25:17+0200,e73b670a-bc29-4bfc-b6f4-93c290a4d3ee,2026-07-27T13:45:00Z,2026-07-27T15:45:00+0200,13.38,EUR/MWh,DK1,DK_1,imbalance_price,Long,2026-07-30T07:28:36Z
2026-07-30T07:25:17Z,2026-07-30T09:25:17+0200,e73b670a-bc29-4bfc-b6f4-93c290a4d3ee,2026-07-27T13:45:00Z,2026-07-27T15:45:00+0200,13.38,EUR/MWh,DK1,DK_1,imbalance_price,Short,2026-07-30T07:28:36Z
2026-07-30T07:25:17Z,2026-07-30T09:25:17+0200,e73b670a-bc29-4bfc-b6f4-93c290a4d3ee,2026-07-27T14:00:00Z,2026-07-27T16:00:00+0200,9.0,EUR/MWh,DK1,DK_1,imbalance_price,Long,2026-07-30T07:28:36Z
2026-07-30T07:25:17Z,2026-07-30T09:25:17+0200,e73b670a-bc29-4bfc-b6f4-93c290a4d3ee,2026-07-27T14:00:00Z,2026-07-27T16:00:00+0200,9.0,EUR/MWh,DK1,DK_1,imbalance_price,Short,2026-07-30T07:28:36Z
2026-07-30T07:25:17Z,2026-07-30T09:25:17+0200,e73b670a-bc29-4bfc-b6f4-93c290a4d3ee,2026-07-27T14:15:00Z,2026-07-27T16:15:00+0200,0.0,EUR/MWh,DK1,DK_1,imbalance_price,Long,2026-07-30T07:28:36Z
2026-07-30T07:25:17Z,2026-07-30T09:25:17+0200,e73b670a-bc29-4bfc-b6f4-93c290a4d3ee,2026-07-27T14:15:00Z,2026-07-27T16:15:00+0200,0.0,EUR/MWh,DK1,DK_1,imbalance_price,Short,2026-07-30T07:28:36Z
2026-07-30T07:25:17Z,2026-07-30T09:25:17+0200,e73b670a-bc29-4bfc-b6f4-93c290a4d3ee,2026-07-27T14:30:00Z,2026-07-27T16:30:00+0200,11.11,EUR/MWh,DK1,DK_1,imbalance_price,Long,2026-07-30T07:28:36Z
2026-07-30T07:25:17Z,2026-07-30T09:25:17+0200,e73b670a-bc29-4bfc-b6f4-93c290a4d3ee,2026-07-27T14:30:00Z,2026-07-27T16:30:00+0200,11.11,EUR/MWh,DK1,DK_1,imbalance_price,Short,2026-07-30T07:28:36Z
2026-07-30T07:25:17Z,2026-07-30T09:25:17+0200,e73b670a-bc29-4bfc-b6f4-93c290a4d3ee,2026-07-27T14:45:00Z,2026-07-27T16:45:00+0200,47.49,EUR/MWh,DK1,DK_1,imbalance_price,Long,2026-07-30T07:28:36Z
2026-07-30T07:25:17Z,2026-07-30T09:25:17+0200,e73b670a-bc29-4bfc-b6f4-93c290a4d3ee,2026-07-27T14:45:00Z,2026-07-27T16:45:00+0200,47.49,EUR/MWh,DK1,DK_1,imbalance_price,Short,2026-07-30T07:28:36Z
2026-07-30T07:25:17Z,2026-07-30T09:25:17+0200,e73b670a-bc29-4bfc-b6f4-93c290a4d3ee,2026-07-27T15:00:00Z,2026-07-27T17:00:00+0200,0.0,EUR/MWh,DK1,DK_1,imbalance_price,Long,2026-07-30T07:28:36Z
2026-07-30T07:25:17Z,2026-07-30T09:25:17+0200,e73b670a-bc29-4bfc-b6f4-93c290a4d3ee,2026-07-27T15:00:00Z,2026-07-27T17:00:00+0200,0.0,EUR/MWh,DK1,DK_1,imbalance_price,Short,2026-07-30T07:28:36Z
2026-07-30T07:25:17Z,2026-07-30T09:25:17+0200,e73b670a-bc29-4bfc-b6f4-93c290a4d3ee,2026-07-27T15:15:00Z,2026-07-27T17:15:00+0200,29.97,EUR/MWh,DK1,DK_1,imbalance_price,Long,2026-07-30T07:28:36Z
2026-07-30T07:25:17Z,2026-07-30T09:25:17+0200,e73b670a-bc29-4bfc-b6f4-93c290a4d3ee,2026-07-27T15:15:00Z,2026-07-27T17:15:00+0200,29.97,EUR/MWh,DK1,DK_1,imbalance_price,Short,2026-07-30T07:28:36Z
2026-07-30T07:25:17Z,2026-07-30T09:25:17+0200,e73b670a-bc29-4bfc-b6f4-93c290a4d3ee,2026-07-27T15:30:00Z,2026-07-27T17:30:00+0200,97.79,EUR/MWh,DK1,DK_1,imbalance_price,Long,2026-07-30T07:28:36Z
2026-07-30T07:25:17Z,2026-07-30T09:25:17+0200,e73b670a-bc29-4bfc-b6f4-93c290a4d3ee,2026-07-27T15:30:00Z,2026-07-27T17:30:00+0200,97.79,EUR/MWh,DK1,DK_1,imbalance_price,Short,2026-07-30T07:28:36Z
2026-07-30T07:25:17Z,2026-07-30T09:25:17+0200,e73b670a-bc29-4bfc-b6f4-93c290a4d3ee,2026-07-27T15:45:00Z,2026-07-27T17:45:00+0200,110.81,EUR/MWh,DK1,DK_1,imbalance_price,Long,2026-07-30T07:28:36Z
2026-07-30T07:25:17Z,2026-07-30T09:25:17+0200,e73b670a-bc29-4bfc-b6f4-93c290a4d3ee,2026-07-27T15:45:00Z,2026-07-27T17:45:00+0200,110.81,EUR/MWh,DK1,DK_1,imbalance_price,Short,2026-07-30T07:28:36Z
2026-07-30T07:25:17Z,2026-07-30T09:25:17+0200,e73b670a-bc29-4bfc-b6f4-93c290a4d3ee,2026-07-27T16:00:00Z,2026-07-27T18:00:00+0200,20.07,EUR/MWh,DK1,DK_1,imbalance_price,Long,2026-07-30T07:28:36Z
2026-07-30T07:25:17Z,2026-07-30T09:25:17+0200,e73b670a-bc29-4bfc-b6f4-93c290a4d3ee,2026-07-27T16:00:00Z,2026-07-27T18:00:00+0200,20.07,EUR/MWh,DK1,DK_1,imbalance_price,Short,2026-07-30T07:28:36Z
2026-07-30T07:25:17Z,2026-07-30T09:25:17+0200,e73b670a-bc29-4bfc-b6f4-93c290a4d3ee,2026-07-27T16:15:00Z,2026-07-27T18:15:00+0200,-5.96,EUR/MWh,DK1,DK_1,imbalance_price,Long,2026-07-30T07:28:36Z
2026-07-30T07:25:17Z,2026-07-30T09:25:17+0200,e73b670a-bc29-4bfc-b6f4-93c290a4d3ee,2026-07-27T16:15:00Z,2026-07-27T18:15:00+0200,-5.96,EUR/MWh,DK1,DK_1,imbalance_price,Short,2026-07-30T07:28:36Z
2026-07-30T07:25:17Z,2026-07-30T09:25:17+0200,e73b670a-bc29-4bfc-b6f4-93c290a4d3ee,2026-07-27T16:30:00Z,2026-07-27T18:30:00+0200,-3.62,EUR/MWh,DK1,DK_1,imbalance_price,Long,2026-07-30T07:28:36Z
2026-07-30T07:25:17Z,2026-07-30T09:25:17+0200,e73b670a-bc29-4bfc-b6f4-93c290a4d3ee,2026-07-27T16:30:00Z,2026-07-27T18:30:00+0200,-3.62,EUR/MWh,DK1,DK_1,imbalance_price,Short,2026-07-30T07:28:36Z
2026-07-30T07:25:17Z,2026-07-30T09:25:17+0200,e73b670a-bc29-4bfc-b6f4-93c290a4d3ee,2026-07-27T16:45:00Z,2026-07-27T18:45:00+0200,-2.4,EUR/MWh,DK1,DK_1,imbalance_price,Long,2026-07-30T07:28:36Z
2026-07-30T07:25:17Z,2026-07-30T09:25:17+0200,e73b670a-bc29-4bfc-b6f4-93c290a4d3ee,2026-07-27T16:45:00Z,2026-07-27T18:45:00+0200,-2.4,EUR/MWh,DK1,DK_1,imbalance_price,Short,2026-07-30T07:28:36Z
2026-07-30T07:25:17Z,2026-07-30T09:25:17+0200,e73b670a-bc29-4bfc-b6f4-93c290a4d3ee,2026-07-27T17:00:00Z,2026-07-27T19:00:00+0200,-2.85,EUR/MWh,DK1,DK_1,imbalance_price,Long,2026-07-30T07:28:36Z
2026-07-30T07:25:17Z,2026-07-30T09:25:17+0200,e73b670a-bc29-4bfc-b6f4-93c290a4d3ee,2026-07-27T17:00:00Z,2026-07-27T19:00:00+0200,-2.85,EUR/MWh,DK1,DK_1,imbalance_price,Short,2026-07-30T07:28:36Z
2026-07-30T07:25:17Z,2026-07-30T09:25:17+0200,e73b670a-bc29-4bfc-b6f4-93c290a4d3ee,2026-07-27T17:15:00Z,2026-07-27T19:15:00+0200,118.1,EUR/MWh,DK1,DK_1,imbalance_price,Long,2026-07-30T07:28:36Z
2026-07-30T07:25:17Z,2026-07-30T09:25:17+0200,e73b670a-bc29-4bfc-b6f4-93c290a4d3ee,2026-07-27T17:15:00Z,2026-07-27T19:15:00+0200,118.1,EUR/MWh,DK1,DK_1,imbalance_price,Short,2026-07-30T07:28:36Z
2026-07-30T07:25:17Z,2026-07-30T09:25:17+0200,e73b670a-bc29-4bfc-b6f4-93c290a4d3ee,2026-07-27T17:30:00Z,2026-07-27T19:30:00+0200,3.52,EUR/MWh,DK1,DK_1,imbalance_price,Long,2026-07-30T07:28:36Z
2026-07-30T07:25:17Z,2026-07-30T09:25:17+0200,e73b670a-bc29-4bfc-b6f4-93c290a4d3ee,2026-07-27T17:30:00Z,2026-07-27T19:30:00+0200,3.52,EUR/MWh,DK1,DK_1,imbalance_price,Short,2026-07-30T07:28:36Z
2026-07-30T07:25:17Z,2026-07-30T09:25:17+0200,e73b670a-bc29-4bfc-b6f4-93c290a4d3ee,2026-07-27T17:45:00Z,2026-07-27T19:45:00+0200,33.0,EUR/MWh,DK1,DK_1,imbalance_price,Long,2026-07-30T07:28:36Z
2026-07-30T07:25:17Z,2026-07-30T09:25:17+0200,e73b670a-bc29-4bfc-b6f4-93c290a4d3ee,2026-07-27T17:45:00Z,2026-07-27T19:45:00+0200,33.0,EUR/MWh,DK1,DK_1,imbalance_price,Short,2026-07-30T07:28:36Z
2026-07-30T07:25:17Z,2026-07-30T09:25:17+0200,e73b670a-bc29-4bfc-b6f4-93c290a4d3ee,2026-07-27T18:00:00Z,2026-07-27T20:00:00+0200,80.7,EUR/MWh,DK1,DK_1,imbalance_price,Long,2026-07-30T07:28:36Z
2026-07-30T07:25:17Z,2026-07-30T09:25:17+0200,e73b670a-bc29-4bfc-b6f4-93c290a4d3ee,2026-07-27T18:00:00Z,2026-07-27T20:00:00+0200,80.7,EUR/MWh,DK1,DK_1,imbalance_price,Short,2026-07-30T07:28:36Z
2026-07-30T07:25:17Z,2026-07-30T09:25:17+0200,e73b670a-bc29-4bfc-b6f4-93c290a4d3ee,2026-07-27T18:15:00Z,2026-07-27T20:15:00+0200,125.2,EUR/MWh,DK1,DK_1,imbalance_price,Long,2026-07-30T07:28:36Z
2026-07-30T07:25:17Z,2026-07-30T09:25:17+0200,e73b670a-bc29-4bfc-b6f4-93c290a4d3ee,2026-07-27T18:15:00Z,2026-07-27T20:15:00+0200,125.2,EUR/MWh,DK1,DK_1,imbalance_price,Short,2026-07-30T07:28:36Z
2026-07-30T07:25:17Z,2026-07-30T09:25:17+0200,e73b670a-bc29-4bfc-b6f4-93c290a4d3ee,2026-07-27T18:30:00Z,2026-07-27T20:30:00+0200,334.5,EUR/MWh,DK1,DK_1,imbalance_price,Long,2026-07-30T07:28:36Z
2026-07-30T07:25:17Z,2026-07-30T09:25:17+0200,e73b670a-bc29-4bfc-b6f4-93c290a4d3ee,2026-07-27T18:30:00Z,2026-07-27T20:30:00+0200,334.5,EUR/MWh,DK1,DK_1,imbalance_price,Short,2026-07-30T07:28:36Z
2026-07-30T07:25:17Z,2026-07-30T09:25:17+0200,e73b670a-bc29-4bfc-b6f4-93c290a4d3ee,2026-07-27T18:45:00Z,2026-07-27T20:45:00+0200,14.69,EUR/MWh,DK1,DK_1,imbalance_price,Long,2026-07-30T07:28:36Z
2026-07-30T07:25:17Z,2026-07-30T09:25:17+0200,e73b670a-bc29-4bfc-b6f4-93c290a4d3ee,2026-07-27T18:45:00Z,2026-07-27T20:45:00+0200,14.69,EUR/MWh,DK1,DK_1,imbalance_price,Short,2026-07-30T07:28:36Z
2026-07-30T07:25:17Z,2026-07-30T09:25:17+0200,e73b670a-bc29-4bfc-b6f4-93c290a4d3ee,2026-07-27T19:00:00Z,2026-07-27T21:00:00+0200,97.13,EUR/MWh,DK1,DK_1,imbalance_price,Long,2026-07-30T07:28:36Z
2026-07-30T07:25:17Z,2026-07-30T09:25:17+0200,e73b670a-bc29-4bfc-b6f4-93c290a4d3ee,2026-07-27T19:00:00Z,2026-07-27T21:00:00+0200,97.13,EUR/MWh,DK1,DK_1,imbalance_price,Short,2026-07-30T07:28:36Z
2026-07-30T07:25:17Z,2026-07-30T09:25:17+0200,e73b670a-bc29-4bfc-b6f4-93c290a4d3ee,2026-07-27T19:15:00Z,2026-07-27T21:15:00+0200,267.6,EUR/MWh,DK1,DK_1,imbalance_price,Long,2026-07-30T07:28:36Z
2026-07-30T07:25:17Z,2026-07-30T09:25:17+0200,e73b670a-bc29-4bfc-b6f4-93c290a4d3ee,2026-07-27T19:15:00Z,2026-07-27T21:15:00+0200,267.6,EUR/MWh,DK1,DK_1,imbalance_price,Short,2026-07-30T07:28:36Z
2026-07-30T07:25:17Z,2026-07-30T09:25:17+0200,e73b670a-bc29-4bfc-b6f4-93c290a4d3ee,2026-07-27T19:30:00Z,2026-07-27T21:30:00+0200,159.77,EUR/MWh,DK1,DK_1,imbalance_price,Long,2026-07-30T07:28:36Z
2026-07-30T07:25:17Z,2026-07-30T09:25:17+0200,e73b670a-bc29-4bfc-b6f4-93c290a4d3ee,2026-07-27T19:30:00Z,2026-07-27T21:30:00+0200,159.77,EUR/MWh,DK1,DK_1,imbalance_price,Short,2026-07-30T07:28:36Z
2026-07-30T07:25:17Z,2026-07-30T09:25:17+0200,e73b670a-bc29-4bfc-b6f4-93c290a4d3ee,2026-07-27T19:45:00Z,2026-07-27T21:45:00+0200,334.47,EUR/MWh,DK1,DK_1,imbalance_price,Long,2026-07-30T07:28:36Z
2026-07-30T07:25:17Z,2026-07-30T09:25:17+0200,e73b670a-bc29-4bfc-b6f4-93c290a4d3ee,2026-07-27T19:45:00Z,2026-07-27T21:45:00+0200,334.47,EUR/MWh,DK1,DK_1,imbalance_price,Short,2026-07-30T07:28:36Z
2026-07-30T07:25:17Z,2026-07-30T09:25:17+0200,e73b670a-bc29-4bfc-b6f4-93c290a4d3ee,2026-07-27T20:00:00Z,2026-07-27T22:00:00+0200,468.26,EUR/MWh,DK1,DK_1,imbalance_price,Long,2026-07-30T07:28:36Z
2026-07-30T07:25:17Z,2026-07-30T09:25:17+0200,e73b670a-bc29-4bfc-b6f4-93c290a4d3ee,2026-07-27T20:00:00Z,2026-07-27T22:00:00+0200,468.26,EUR/MWh,DK1,DK_1,imbalance_price,Short,2026-07-30T07:28:36Z
2026-07-30T07:25:17Z,2026-07-30T09:25:17+0200,e73b670a-bc29-4bfc-b6f4-93c290a4d3ee,2026-07-27T20:15:00Z,2026-07-27T22:15:00+0200,294.34,EUR/MWh,DK1,DK_1,imbalance_price,Long,2026-07-30T07:28:36Z
2026-07-30T07:25:17Z,2026-07-30T09:25:17+0200,e73b670a-bc29-4bfc-b6f4-93c290a4d3ee,2026-07-27T20:15:00Z,2026-07-27T22:15:00+0200,294.34,EUR/MWh,DK1,DK_1,imbalance_price,Short,2026-07-30T07:28:36Z
2026-07-30T07:25:17Z,2026-07-30T09:25:17+0200,e73b670a-bc29-4bfc-b6f4-93c290a4d3ee,2026-07-27T20:30:00Z,2026-07-27T22:30:00+0200,240.84,EUR/MWh,DK1,DK_1,imbalance_price,Long,2026-07-30T07:28:36Z
2026-07-30T07:25:17Z,2026-07-30T09:25:17+0200,e73b670a-bc29-4bfc-b6f4-93c290a4d3ee,2026-07-27T20:30:00Z,2026-07-27T22:30:00+0200,240.84,EUR/MWh,DK1,DK_1,imbalance_price,Short,2026-07-30T07:28:36Z
2026-07-30T07:25:17Z,2026-07-30T09:25:17+0200,e73b670a-bc29-4bfc-b6f4-93c290a4d3ee,2026-07-27T20:45:00Z,2026-07-27T22:45:00+0200,88.38,EUR/MWh,DK1,DK_1,imbalance_price,Long,2026-07-30T07:28:36Z
2026-07-30T07:25:17Z,2026-07-30T09:25:17+0200,e73b670a-bc29-4bfc-b6f4-93c290a4d3ee,2026-07-27T20:45:00Z,2026-07-27T22:45:00+0200,88.38,EUR/MWh,DK1,DK_1,imbalance_price,Short,2026-07-30T07:28:36Z
2026-07-30T07:25:17Z,2026-07-30T09:25:17+0200,e73b670a-bc29-4bfc-b6f4-93c290a4d3ee,2026-07-27T21:00:00Z,2026-07-27T23:00:00+0200,5.95,EUR/MWh,DK1,DK_1,imbalance_price,Long,2026-07-30T07:28:36Z
2026-07-30T07:25:17Z,2026-07-30T09:25:17+0200,e73b670a-bc29-4bfc-b6f4-93c290a4d3ee,2026-07-27T21:00:00Z,2026-07-27T23:00:00+0200,5.95,EUR/MWh,DK1,DK_1,imbalance_price,Short,2026-07-30T07:28:36Z
2026-07-30T07:25:17Z,2026-07-30T09:25:17+0200,e73b670a-bc29-4bfc-b6f4-93c290a4d3ee,2026-07-27T21:15:00Z,2026-07-27T23:15:00+0200,41.58,EUR/MWh,DK1,DK_1,imbalance_price,Long,2026-07-30T07:28:36Z
2026-07-30T07:25:17Z,2026-07-30T09:25:17+0200,e73b670a-bc29-4bfc-b6f4-93c290a4d3ee,2026-07-27T21:15:00Z,2026-07-27T23:15:00+0200,41.58,EUR/MWh,DK1,DK_1,imbalance_price,Short,2026-07-30T07:28:36Z
2026-07-30T07:25:17Z,2026-07-30T09:25:17+0200,e73b670a-bc29-4bfc-b6f4-93c290a4d3ee,2026-07-27T21:30:00Z,2026-07-27T23:30:00+0200,33.2,EUR/MWh,DK1,DK_1,imbalance_price,Long,2026-07-30T07:28:36Z
2026-07-30T07:25:17Z,2026-07-30T09:25:17+0200,e73b670a-bc29-4bfc-b6f4-93c290a4d3ee,2026-07-27T21:30:00Z,2026-07-27T23:30:00+0200,33.2,EUR/MWh,DK1,DK_1,imbalance_price,Short,2026-07-30T07:28:36Z
2026-07-30T07:25:17Z,2026-07-30T09:25:17+0200,e73b670a-bc29-4bfc-b6f4-93c290a4d3ee,2026-07-27T21:45:00Z,2026-07-27T23:45:00+0200,17.33,EUR/MWh,DK1,DK_1,imbalance_price,Long,2026-07-30T07:28:36Z
2026-07-30T07:25:17Z,2026-07-30T09:25:17+0200,e73b670a-bc29-4bfc-b6f4-93c290a4d3ee,2026-07-27T21:45:00Z,2026-07-27T23:45:00+0200,17.33,EUR/MWh,DK1,DK_1,imbalance_price,Short,2026-07-30T07:28:36Z
2026-07-30T07:25:17Z,2026-07-30T09:25:17+0200,e73b670a-bc29-4bfc-b6f4-93c290a4d3ee,2026-07-27T22:00:00Z,2026-07-28T00:00:00+0200,6.97,EUR/MWh,DK1,DK_1,imbalance_price,Long,2026-07-30T07:28:36Z
2026-07-30T07:25:17Z,2026-07-30T09:25:17+0200,e73b670a-bc29-4bfc-b6f4-93c290a4d3ee,2026-07-27T22:00:00Z,2026-07-28T00:00:00+0200,6.97,EUR/MWh,DK1,DK_1,imbalance_price,Short,2026-07-30T07:28:36Z
2026-07-30T07:25:17Z,2026-07-30T09:25:17+0200,e73b670a-bc29-4bfc-b6f4-93c290a4d3ee,2026-07-27T22:15:00Z,2026-07-28T00:15:00+0200,5.62,EUR/MWh,DK1,DK_1,imbalance_price,Long,2026-07-30T07:28:36Z
2026-07-30T07:25:17Z,2026-07-30T09:25:17+0200,e73b670a-bc29-4bfc-b6f4-93c290a4d3ee,2026-07-27T22:15:00Z,2026-07-28T00:15:00+0200,5.62,EUR/MWh,DK1,DK_1,imbalance_price,Short,2026-07-30T07:28:36Z
2026-07-30T07:25:17Z,2026-07-30T09:25:17+0200,e73b670a-bc29-4bfc-b6f4-93c290a4d3ee,2026-07-27T22:30:00Z,2026-07-28T00:30:00+0200,53.96,EUR/MWh,DK1,DK_1,imbalance_price,Long,2026-07-30T07:28:36Z
2026-07-30T07:25:17Z,2026-07-30T09:25:17+0200,e73b670a-bc29-4bfc-b6f4-93c290a4d3ee,2026-07-27T22:30:00Z,2026-07-28T00:30:00+0200,53.96,EUR/MWh,DK1,DK_1,imbalance_price,Short,2026-07-30T07:28:36Z
2026-07-30T07:25:17Z,2026-07-30T09:25:17+0200,e73b670a-bc29-4bfc-b6f4-93c290a4d3ee,2026-07-27T22:45:00Z,2026-07-28T00:45:00+0200,26.7,EUR/MWh,DK1,DK_1,imbalance_price,Long,2026-07-30T07:28:36Z
2026-07-30T07:25:17Z,2026-07-30T09:25:17+0200,e73b670a-bc29-4bfc-b6f4-93c290a4d3ee,2026-07-27T22:45:00Z,2026-07-28T00:45:00+0200,26.7,EUR/MWh,DK1,DK_1,imbalance_price,Short,2026-07-30T07:28:36Z
2026-07-30T07:25:17Z,2026-07-30T09:25:17+0200,e73b670a-bc29-4bfc-b6f4-93c290a4d3ee,2026-07-27T23:00:00Z,2026-07-28T01:00:00+0200,38.2,EUR/MWh,DK1,DK_1,imbalance_price,Long,2026-07-30T07:28:36Z
2026-07-30T07:25:17Z,2026-07-30T09:25:17+0200,e73b670a-bc29-4bfc-b6f4-93c290a4d3ee,2026-07-27T23:00:00Z,2026-07-28T01:00:00+0200,38.2,EUR/MWh,DK1,DK_1,imbalance_price,Short,2026-07-30T07:28:36Z
2026-07-30T07:25:17Z,2026-07-30T09:25:17+0200,e73b670a-bc29-4bfc-b6f4-93c290a4d3ee,2026-07-27T23:15:00Z,2026-07-28T01:15:00+0200,55.91,EUR/MWh,DK1,DK_1,imbalance_price,Long,2026-07-30T07:28:36Z
2026-07-30T07:25:17Z,2026-07-30T09:25:17+0200,e73b670a-bc29-4bfc-b6f4-93c290a4d3ee,2026-07-27T23:15:00Z,2026-07-28T01:15:00+0200,55.91,EUR/MWh,DK1,DK_1,imbalance_price,Short,2026-07-30T07:28:36Z
2026-07-30T07:25:17Z,2026-07-30T09:25:17+0200,e73b670a-bc29-4bfc-b6f4-93c290a4d3ee,2026-07-27T23:30:00Z,2026-07-28T01:30:00+0200,68.85,EUR/MWh,DK1,DK_1,imbalance_price,Long,2026-07-30T07:28:36Z
2026-07-30T07:25:17Z,2026-07-30T09:25:17+0200,e73b670a-bc29-4bfc-b6f4-93c290a4d3ee,2026-07-27T23:30:00Z,2026-07-28T01:30:00+0200,68.85,EUR/MWh,DK1,DK_1,imbalance_price,Short,2026-07-30T07:28:36Z
2026-07-30T07:25:17Z,2026-07-30T09:25:17+0200,e73b670a-bc29-4bfc-b6f4-93c290a4d3ee,2026-07-27T23:45:00Z,2026-07-28T01:45:00+0200,97.23,EUR/MWh,DK1,DK_1,imbalance_price,Long,2026-07-30T07:28:36Z
2026-07-30T07:25:17Z,2026-07-30T09:25:17+0200,e73b670a-bc29-4bfc-b6f4-93c290a4d3ee,2026-07-27T23:45:00Z,2026-07-28T01:45:00+0200,97.23,EUR/MWh,DK1,DK_1,imbalance_price,Short,2026-07-30T07:28:36Z
2026-07-30T07:25:17Z,2026-07-30T09:25:17+0200,e73b670a-bc29-4bfc-b6f4-93c290a4d3ee,2026-07-28T00:00:00Z,2026-07-28T02:00:00+0200,97.24,EUR/MWh,DK1,DK_1,imbalance_price,Long,2026-07-30T07:28:36Z
2026-07-30T07:25:17Z,2026-07-30T09:25:17+0200,e73b670a-bc29-4bfc-b6f4-93c290a4d3ee,2026-07-28T00:00:00Z,2026-07-28T02:00:00+0200,97.24,EUR/MWh,DK1,DK_1,imbalance_price,Short,2026-07-30T07:28:36Z
2026-07-30T07:25:17Z,2026-07-30T09:25:17+0200,e73b670a-bc29-4bfc-b6f4-93c290a4d3ee,2026-07-28T00:15:00Z,2026-07-28T02:15:00+0200,79.5,EUR/MWh,DK1,DK_1,imbalance_price,Long,2026-07-30T07:28:36Z
2026-07-30T07:25:17Z,2026-07-30T09:25:17+0200,e73b670a-bc29-4bfc-b6f4-93c290a4d3ee,2026-07-28T00:15:00Z,2026-07-28T02:15:00+0200,79.5,EUR/MWh,DK1,DK_1,imbalance_price,Short,2026-07-30T07:28:36Z
2026-07-30T07:25:17Z,2026-07-30T09:25:17+0200,e73b670a-bc29-4bfc-b6f4-93c290a4d3ee,2026-07-28T00:30:00Z,2026-07-28T02:30:00+0200,17.73,EUR/MWh,DK1,DK_1,imbalance_price,Long,2026-07-30T07:28:36Z
2026-07-30T07:25:17Z,2026-07-30T09:25:17+0200,e73b670a-bc29-4bfc-b6f4-93c290a4d3ee,2026-07-28T00:30:00Z,2026-07-28T02:30:00+0200,17.73,EUR/MWh,DK1,DK_1,imbalance_price,Short,2026-07-30T07:28:36Z
2026-07-30T07:25:17Z,2026-07-30T09:25:17+0200,e73b670a-bc29-4bfc-b6f4-93c290a4d3ee,2026-07-28T00:45:00Z,2026-07-28T02:45:00+0200,15.52,EUR/MWh,DK1,DK_1,imbalance_price,Long,2026-07-30T07:28:36Z
2026-07-30T07:25:17Z,2026-07-30T09:25:17+0200,e73b670a-bc29-4bfc-b6f4-93c290a4d3ee,2026-07-28T00:45:00Z,2026-07-28T02:45:00+0200,15.52,EUR/MWh,DK1,DK_1,imbalance_price,Short,2026-07-30T07:28:36Z
2026-07-30T07:25:17Z,2026-07-30T09:25:17+0200,e73b670a-bc29-4bfc-b6f4-93c290a4d3ee,2026-07-28T01:00:00Z,2026-07-28T03:00:00+0200,88.45,EUR/MWh,DK1,DK_1,imbalance_price,Long,2026-07-30T07:28:36Z
2026-07-30T07:25:17Z,2026-07-30T09:25:17+0200,e73b670a-bc29-4bfc-b6f4-93c290a4d3ee,2026-07-28T01:00:00Z,2026-07-28T03:00:00+0200,88.45,EUR/MWh,DK1,DK_1,imbalance_price,Short,2026-07-30T07:28:36Z
2026-07-30T07:25:17Z,2026-07-30T09:25:17+0200,e73b670a-bc29-4bfc-b6f4-93c290a4d3ee,2026-07-28T01:15:00Z,2026-07-28T03:15:00+0200,97.24,EUR/MWh,DK1,DK_1,imbalance_price,Long,2026-07-30T07:28:36Z
2026-07-30T07:25:17Z,2026-07-30T09:25:17+0200,e73b670a-bc29-4bfc-b6f4-93c290a4d3ee,2026-07-28T01:15:00Z,2026-07-28T03:15:00+0200,97.24,EUR/MWh,DK1,DK_1,imbalance_price,Short,2026-07-30T07:28:36Z
2026-07-30T07:25:17Z,2026-07-30T09:25:17+0200,e73b670a-bc29-4bfc-b6f4-93c290a4d3ee,2026-07-28T01:30:00Z,2026-07-28T03:30:00+0200,134.05,EUR/MWh,DK1,DK_1,imbalance_price,Long,2026-07-30T07:28:36Z
2026-07-30T07:25:17Z,2026-07-30T09:25:17+0200,e73b670a-bc29-4bfc-b6f4-93c290a4d3ee,2026-07-28T01:30:00Z,2026-07-28T03:30:00+0200,134.05,EUR/MWh,DK1,DK_1,imbalance_price,Short,2026-07-30T07:28:36Z
2026-07-30T07:25:17Z,2026-07-30T09:25:17+0200,e73b670a-bc29-4bfc-b6f4-93c290a4d3ee,2026-07-28T01:45:00Z,2026-07-28T03:45:00+0200,267.6,EUR/MWh,DK1,DK_1,imbalance_price,Long,2026-07-30T07:28:36Z
2026-07-30T07:25:17Z,2026-07-30T09:25:17+0200,e73b670a-bc29-4bfc-b6f4-93c290a4d3ee,2026-07-28T01:45:00Z,2026-07-28T03:45:00+0200,267.6,EUR/MWh,DK1,DK_1,imbalance_price,Short,2026-07-30T07:28:36Z
2026-07-30T07:25:17Z,2026-07-30T09:25:17+0200,e73b670a-bc29-4bfc-b6f4-93c290a4d3ee,2026-07-28T02:00:00Z,2026-07-28T04:00:00+0200,307.72,EUR/MWh,DK1,DK_1,imbalance_price,Long,2026-07-30T07:28:36Z
2026-07-30T07:25:17Z,2026-07-30T09:25:17+0200,e73b670a-bc29-4bfc-b6f4-93c290a4d3ee,2026-07-28T02:00:00Z,2026-07-28T04:00:00+0200,307.72,EUR/MWh,DK1,DK_1,imbalance_price,Short,2026-07-30T07:28:36Z
2026-07-30T07:25:17Z,2026-07-30T09:25:17+0200,e73b670a-bc29-4bfc-b6f4-93c290a4d3ee,2026-07-28T02:15:00Z,2026-07-28T04:15:00+0200,27.16,EUR/MWh,DK1,DK_1,imbalance_price,Long,2026-07-30T07:28:36Z
2026-07-30T07:25:17Z,2026-07-30T09:25:17+0200,e73b670a-bc29-4bfc-b6f4-93c290a4d3ee,2026-07-28T02:15:00Z,2026-07-28T04:15:00+0200,27.16,EUR/MWh,DK1,DK_1,imbalance_price,Short,2026-07-30T07:28:36Z
2026-07-30T07:25:17Z,2026-07-30T09:25:17+0200,e73b670a-bc29-4bfc-b6f4-93c290a4d3ee,2026-07-28T02:30:00Z,2026-07-28T04:30:00+0200,6.5,EUR/MWh,DK1,DK_1,imbalance_price,Long,2026-07-30T07:28:36Z
2026-07-30T07:25:17Z,2026-07-30T09:25:17+0200,e73b670a-bc29-4bfc-b6f4-93c290a4d3ee,2026-07-28T02:30:00Z,2026-07-28T04:30:00+0200,6.5,EUR/MWh,DK1,DK_1,imbalance_price,Short,2026-07-30T07:28:36Z
2026-07-30T07:25:17Z,2026-07-30T09:25:17+0200,e73b670a-bc29-4bfc-b6f4-93c290a4d3ee,2026-07-28T02:45:00Z,2026-07-28T04:45:00+0200,30.83,EUR/MWh,DK1,DK_1,imbalance_price,Long,2026-07-30T07:28:36Z
2026-07-30T07:25:17Z,2026-07-30T09:25:17+0200,e73b670a-bc29-4bfc-b6f4-93c290a4d3ee,2026-07-28T02:45:00Z,2026-07-28T04:45:00+0200,30.83,EUR/MWh,DK1,DK_1,imbalance_price,Short,2026-07-30T07:28:36Z
2026-07-30T07:25:17Z,2026-07-30T09:25:17+0200,e73b670a-bc29-4bfc-b6f4-93c290a4d3ee,2026-07-28T03:00:00Z,2026-07-28T05:00:00+0200,87.76,EUR/MWh,DK1,DK_1,imbalance_price,Long,2026-07-30T07:28:36Z
2026-07-30T07:25:17Z,2026-07-30T09:25:17+0200,e73b670a-bc29-4bfc-b6f4-93c290a4d3ee,2026-07-28T03:00:00Z,2026-07-28T05:00:00+0200,87.76,EUR/MWh,DK1,DK_1,imbalance_price,Short,2026-07-30T07:28:36Z
2026-07-30T07:25:17Z,2026-07-30T09:25:17+0200,e73b670a-bc29-4bfc-b6f4-93c290a4d3ee,2026-07-28T03:15:00Z,2026-07-28T05:15:00+0200,50.33,EUR/MWh,DK1,DK_1,imbalance_price,Long,2026-07-30T07:28:36Z
2026-07-30T07:25:17Z,2026-07-30T09:25:17+0200,e73b670a-bc29-4bfc-b6f4-93c290a4d3ee,2026-07-28T03:15:00Z,2026-07-28T05:15:00+0200,50.33,EUR/MWh,DK1,DK_1,imbalance_price,Short,2026-07-30T07:28:36Z
2026-07-30T07:25:17Z,2026-07-30T09:25:17+0200,e73b670a-bc29-4bfc-b6f4-93c290a4d3ee,2026-07-28T03:30:00Z,2026-07-28T05:30:00+0200,94.33,EUR/MWh,DK1,DK_1,imbalance_price,Long,2026-07-30T07:28:36Z
2026-07-30T07:25:17Z,2026-07-30T09:25:17+0200,e73b670a-bc29-4bfc-b6f4-93c290a4d3ee,2026-07-28T03:30:00Z,2026-07-28T05:30:00+0200,94.33,EUR/MWh,DK1,DK_1,imbalance_price,Short,2026-07-30T07:28:36Z
2026-07-30T07:25:17Z,2026-07-30T09:25:17+0200,e73b670a-bc29-4bfc-b6f4-93c290a4d3ee,2026-07-28T03:45:00Z,2026-07-28T05:45:00+0200,133.7,EUR/MWh,DK1,DK_1,imbalance_price,Long,2026-07-30T07:28:36Z
2026-07-30T07:25:17Z,2026-07-30T09:25:17+0200,e73b670a-bc29-4bfc-b6f4-93c290a4d3ee,2026-07-28T03:45:00Z,2026-07-28T05:45:00+0200,133.7,EUR/MWh,DK1,DK_1,imbalance_price,Short,2026-07-30T07:28:36Z
2026-07-30T07:25:17Z,2026-07-30T09:25:17+0200,e73b670a-bc29-4bfc-b6f4-93c290a4d3ee,2026-07-28T04:00:00Z,2026-07-28T06:00:00+0200,141.68,EUR/MWh,DK1,DK_1,imbalance_price,Long,2026-07-30T07:28:36Z
2026-07-30T07:25:17Z,2026-07-30T09:25:17+0200,e73b670a-bc29-4bfc-b6f4-93c290a4d3ee,2026-07-28T04:00:00Z,2026-07-28T06:00:00+0200,141.68,EUR/MWh,DK1,DK_1,imbalance_price,Short,2026-07-30T07:28:36Z
2026-07-30T07:25:17Z,2026-07-30T09:25:17+0200,e73b670a-bc29-4bfc-b6f4-93c290a4d3ee,2026-07-28T04:15:00Z,2026-07-28T06:15:00+0200,149.0,EUR/MWh,DK1,DK_1,imbalance_price,Long,2026-07-30T07:28:36Z
2026-07-30T07:25:17Z,2026-07-30T09:25:17+0200,e73b670a-bc29-4bfc-b6f4-93c290a4d3ee,2026-07-28T04:15:00Z,2026-07-28T06:15:00+0200,149.0,EUR/MWh,DK1,DK_1,imbalance_price,Short,2026-07-30T07:28:36Z
2026-07-30T07:25:17Z,2026-07-30T09:25:17+0200,e73b670a-bc29-4bfc-b6f4-93c290a4d3ee,2026-07-28T04:30:00Z,2026-07-28T06:30:00+0200,294.21,EUR/MWh,DK1,DK_1,imbalance_price,Long,2026-07-30T07:28:36Z
2026-07-30T07:25:17Z,2026-07-30T09:25:17+0200,e73b670a-bc29-4bfc-b6f4-93c290a4d3ee,2026-07-28T04:30:00Z,2026-07-28T06:30:00+0200,294.21,EUR/MWh,DK1,DK_1,imbalance_price,Short,2026-07-30T07:28:36Z
2026-07-30T07:25:17Z,2026-07-30T09:25:17+0200,e73b670a-bc29-4bfc-b6f4-93c290a4d3ee,2026-07-28T04:45:00Z,2026-07-28T06:45:00+0200,334.48,EUR/MWh,DK1,DK_1,imbalance_price,Long,2026-07-30T07:28:36Z
2026-07-30T07:25:17Z,2026-07-30T09:25:17+0200,e73b670a-bc29-4bfc-b6f4-93c290a4d3ee,2026-07-28T04:45:00Z,2026-07-28T06:45:00+0200,334.48,EUR/MWh,DK1,DK_1,imbalance_price,Short,2026-07-30T07:28:36Z
2026-07-30T07:25:17Z,2026-07-30T09:25:17+0200,e73b670a-bc29-4bfc-b6f4-93c290a4d3ee,2026-07-28T05:00:00Z,2026-07-28T07:00:00+0200,374.61,EUR/MWh,DK1,DK_1,imbalance_price,Long,2026-07-30T07:28:36Z
2026-07-30T07:25:17Z,2026-07-30T09:25:17+0200,e73b670a-bc29-4bfc-b6f4-93c290a4d3ee,2026-07-28T05:00:00Z,2026-07-28T07:00:00+0200,374.61,EUR/MWh,DK1,DK_1,imbalance_price,Short,2026-07-30T07:28:36Z
2026-07-30T07:25:17Z,2026-07-30T09:25:17+0200,e73b670a-bc29-4bfc-b6f4-93c290a4d3ee,2026-07-28T05:15:00Z,2026-07-28T07:15:00+0200,401.37,EUR/MWh,DK1,DK_1,imbalance_price,Long,2026-07-30T07:28:36Z
2026-07-30T07:25:17Z,2026-07-30T09:25:17+0200,e73b670a-bc29-4bfc-b6f4-93c290a4d3ee,2026-07-28T05:15:00Z,2026-07-28T07:15:00+0200,401.37,EUR/MWh,DK1,DK_1,imbalance_price,Short,2026-07-30T07:28:36Z
2026-07-30T07:25:17Z,2026-07-30T09:25:17+0200,e73b670a-bc29-4bfc-b6f4-93c290a4d3ee,2026-07-28T05:30:00Z,2026-07-28T07:30:00+0200,314.37,EUR/MWh,DK1,DK_1,imbalance_price,Long,2026-07-30T07:28:36Z
2026-07-30T07:25:17Z,2026-07-30T09:25:17+0200,e73b670a-bc29-4bfc-b6f4-93c290a4d3ee,2026-07-28T05:30:00Z,2026-07-28T07:30:00+0200,314.37,EUR/MWh,DK1,DK_1,imbalance_price,Short,2026-07-30T07:28:36Z
2026-07-30T07:25:17Z,2026-07-30T09:25:17+0200,e73b670a-bc29-4bfc-b6f4-93c290a4d3ee,2026-07-28T05:45:00Z,2026-07-28T07:45:00+0200,147.76,EUR/MWh,DK1,DK_1,imbalance_price,Long,2026-07-30T07:28:36Z
2026-07-30T07:25:17Z,2026-07-30T09:25:17+0200,e73b670a-bc29-4bfc-b6f4-93c290a4d3ee,2026-07-28T05:45:00Z,2026-07-28T07:45:00+0200,147.76,EUR/MWh,DK1,DK_1,imbalance_price,Short,2026-07-30T07:28:36Z
2026-07-30T07:25:17Z,2026-07-30T09:25:17+0200,e73b670a-bc29-4bfc-b6f4-93c290a4d3ee,2026-07-28T06:00:00Z,2026-07-28T08:00:00+0200,61.0,EUR/MWh,DK1,DK_1,imbalance_price,Long,2026-07-30T07:28:36Z
2026-07-30T07:25:17Z,2026-07-30T09:25:17+0200,e73b670a-bc29-4bfc-b6f4-93c290a4d3ee,2026-07-28T06:00:00Z,2026-07-28T08:00:00+0200,61.0,EUR/MWh,DK1,DK_1,imbalance_price,Short,2026-07-30T07:28:36Z
2026-07-30T07:25:17Z,2026-07-30T09:25:17+0200,e73b670a-bc29-4bfc-b6f4-93c290a4d3ee,2026-07-28T06:15:00Z,2026-07-28T08:15:00+0200,30.94,EUR/MWh,DK1,DK_1,imbalance_price,Long,2026-07-30T07:28:36Z
2026-07-30T07:25:17Z,2026-07-30T09:25:17+0200,e73b670a-bc29-4bfc-b6f4-93c290a4d3ee,2026-07-28T06:15:00Z,2026-07-28T08:15:00+0200,30.94,EUR/MWh,DK1,DK_1,imbalance_price,Short,2026-07-30T07:28:36Z
2026-07-30T07:25:17Z,2026-07-30T09:25:17+0200,e73b670a-bc29-4bfc-b6f4-93c290a4d3ee,2026-07-28T06:30:00Z,2026-07-28T08:30:00+0200,18.18,EUR/MWh,DK1,DK_1,imbalance_price,Long,2026-07-30T07:28:36Z
2026-07-30T07:25:17Z,2026-07-30T09:25:17+0200,e73b670a-bc29-4bfc-b6f4-93c290a4d3ee,2026-07-28T06:30:00Z,2026-07-28T08:30:00+0200,18.18,EUR/MWh,DK1,DK_1,imbalance_price,Short,2026-07-30T07:28:36Z
2026-07-30T07:25:17Z,2026-07-30T09:25:17+0200,e73b670a-bc29-4bfc-b6f4-93c290a4d3ee,2026-07-28T06:45:00Z,2026-07-28T08:45:00+0200,116.72,EUR/MWh,DK1,DK_1,imbalance_price,Long,2026-07-30T07:28:36Z
2026-07-30T07:25:17Z,2026-07-30T09:25:17+0200,e73b670a-bc29-4bfc-b6f4-93c290a4d3ee,2026-07-28T06:45:00Z,2026-07-28T08:45:00+0200,116.72,EUR/MWh,DK1,DK_1,imbalance_price,Short,2026-07-30T07:28:36Z
2026-07-30T07:25:17Z,2026-07-30T09:25:17+0200,e73b670a-bc29-4bfc-b6f4-93c290a4d3ee,2026-07-28T07:00:00Z,2026-07-28T09:00:00+0200,158.44,EUR/MWh,DK1,DK_1,imbalance_price,Long,2026-07-30T07:28:36Z
2026-07-30T07:25:17Z,2026-07-30T09:25:17+0200,e73b670a-bc29-4bfc-b6f4-93c290a4d3ee,2026-07-28T07:00:00Z,2026-07-28T09:00:00+0200,158.44,EUR/MWh,DK1,DK_1,imbalance_price,Short,2026-07-30T07:28:36Z
2026-07-30T07:25:17Z,2026-07-30T09:25:17+0200,e73b670a-bc29-4bfc-b6f4-93c290a4d3ee,2026-07-28T07:15:00Z,2026-07-28T09:15:00+0200,-4.88,EUR/MWh,DK1,DK_1,imbalance_price,Long,2026-07-30T07:28:36Z
2026-07-30T07:25:17Z,2026-07-30T09:25:17+0200,e73b670a-bc29-4bfc-b6f4-93c290a4d3ee,2026-07-28T07:15:00Z,2026-07-28T09:15:00+0200,-4.88,EUR/MWh,DK1,DK_1,imbalance_price,Short,2026-07-30T07:28:36Z
2026-07-30T07:25:17Z,2026-07-30T09:25:17+0200,e73b670a-bc29-4bfc-b6f4-93c290a4d3ee,2026-07-28T07:30:00Z,2026-07-28T09:30:00+0200,8.0,EUR/MWh,DK1,DK_1,imbalance_price,Long,2026-07-30T07:28:36Z
2026-07-30T07:25:17Z,2026-07-30T09:25:17+0200,e73b670a-bc29-4bfc-b6f4-93c290a4d3ee,2026-07-28T07:30:00Z,2026-07-28T09:30:00+0200,8.0,EUR/MWh,DK1,DK_1,imbalance_price,Short,2026-07-30T07:28:36Z
2026-07-30T07:25:17Z,2026-07-30T09:25:17+0200,e73b670a-bc29-4bfc-b6f4-93c290a4d3ee,2026-07-28T07:45:00Z,2026-07-28T09:45:00+0200,15.82,EUR/MWh,DK1,DK_1,imbalance_price,Long,2026-07-30T07:28:36Z
2026-07-30T07:25:17Z,2026-07-30T09:25:17+0200,e73b670a-bc29-4bfc-b6f4-93c290a4d3ee,2026-07-28T07:45:00Z,2026-07-28T09:45:00+0200,15.82,EUR/MWh,DK1,DK_1,imbalance_price,Short,2026-07-30T07:28:36Z
2026-07-30T07:25:17Z,2026-07-30T09:25:17+0200,e73b670a-bc29-4bfc-b6f4-93c290a4d3ee,2026-07-28T08:00:00Z,2026-07-28T10:00:00+0200,-1.71,EUR/MWh,DK1,DK_1,imbalance_price,Long,2026-07-30T07:28:36Z
2026-07-30T07:25:17Z,2026-07-30T09:25:17+0200,e73b670a-bc29-4bfc-b6f4-93c290a4d3ee,2026-07-28T08:00:00Z,2026-07-28T10:00:00+0200,-1.71,EUR/MWh,DK1,DK_1,imbalance_price,Short,2026-07-30T07:28:36Z
2026-07-30T07:25:17Z,2026-07-30T09:25:17+0200,e73b670a-bc29-4bfc-b6f4-93c290a4d3ee,2026-07-28T08:15:00Z,2026-07-28T10:15:00+0200,-16.88,EUR/MWh,DK1,DK_1,imbalance_price,Long,2026-07-30T07:28:36Z
2026-07-30T07:25:17Z,2026-07-30T09:25:17+0200,e73b670a-bc29-4bfc-b6f4-93c290a4d3ee,2026-07-28T08:15:00Z,2026-07-28T10:15:00+0200,-16.88,EUR/MWh,DK1,DK_1,imbalance_price,Short,2026-07-30T07:28:36Z
2026-07-30T07:25:17Z,2026-07-30T09:25:17+0200,e73b670a-bc29-4bfc-b6f4-93c290a4d3ee,2026-07-28T08:30:00Z,2026-07-28T10:30:00+0200,-8.76,EUR/MWh,DK1,DK_1,imbalance_price,Long,2026-07-30T07:28:36Z
2026-07-30T07:25:17Z,2026-07-30T09:25:17+0200,e73b670a-bc29-4bfc-b6f4-93c290a4d3ee,2026-07-28T08:30:00Z,2026-07-28T10:30:00+0200,-8.76,EUR/MWh,DK1,DK_1,imbalance_price,Short,2026-07-30T07:28:36Z
2026-07-30T07:25:17Z,2026-07-30T09:25:17+0200,e73b670a-bc29-4bfc-b6f4-93c290a4d3ee,2026-07-28T08:45:00Z,2026-07-28T10:45:00+0200,-10.16,EUR/MWh,DK1,DK_1,imbalance_price,Long,2026-07-30T07:28:36Z
2026-07-30T07:25:17Z,2026-07-30T09:25:17+0200,e73b670a-bc29-4bfc-b6f4-93c290a4d3ee,2026-07-28T08:45:00Z,2026-07-28T10:45:00+0200,-10.16,EUR/MWh,DK1,DK_1,imbalance_price,Short,2026-07-30T07:28:36Z
2026-07-30T07:25:17Z,2026-07-30T09:25:17+0200,e73b670a-bc29-4bfc-b6f4-93c290a4d3ee,2026-07-28T09:00:00Z,2026-07-28T11:00:00+0200,7.17,EUR/MWh,DK1,DK_1,imbalance_price,Long,2026-07-30T07:28:36Z
2026-07-30T07:25:17Z,2026-07-30T09:25:17+0200,e73b670a-bc29-4bfc-b6f4-93c290a4d3ee,2026-07-28T09:00:00Z,2026-07-28T11:00:00+0200,7.17,EUR/MWh,DK1,DK_1,imbalance_price,Short,2026-07-30T07:28:36Z
2026-07-30T07:25:17Z,2026-07-30T09:25:17+0200,e73b670a-bc29-4bfc-b6f4-93c290a4d3ee,2026-07-28T09:15:00Z,2026-07-28T11:15:00+0200,11.24,EUR/MWh,DK1,DK_1,imbalance_price,Long,2026-07-30T07:28:36Z
2026-07-30T07:25:17Z,2026-07-30T09:25:17+0200,e73b670a-bc29-4bfc-b6f4-93c290a4d3ee,2026-07-28T09:15:00Z,2026-07-28T11:15:00+0200,11.24,EUR/MWh,DK1,DK_1,imbalance_price,Short,2026-07-30T07:28:36Z
2026-07-30T07:25:17Z,2026-07-30T09:25:17+0200,e73b670a-bc29-4bfc-b6f4-93c290a4d3ee,2026-07-28T09:30:00Z,2026-07-28T11:30:00+0200,4.28,EUR/MWh,DK1,DK_1,imbalance_price,Long,2026-07-30T07:28:36Z
2026-07-30T07:25:17Z,2026-07-30T09:25:17+0200,e73b670a-bc29-4bfc-b6f4-93c290a4d3ee,2026-07-28T09:30:00Z,2026-07-28T11:30:00+0200,4.28,EUR/MWh,DK1,DK_1,imbalance_price,Short,2026-07-30T07:28:36Z
2026-07-30T07:25:17Z,2026-07-30T09:25:17+0200,e73b670a-bc29-4bfc-b6f4-93c290a4d3ee,2026-07-28T09:45:00Z,2026-07-28T11:45:00+0200,0.44,EUR/MWh,DK1,DK_1,imbalance_price,Long,2026-07-30T07:28:36Z
2026-07-30T07:25:17Z,2026-07-30T09:25:17+0200,e73b670a-bc29-4bfc-b6f4-93c290a4d3ee,2026-07-28T09:45:00Z,2026-07-28T11:45:00+0200,0.44,EUR/MWh,DK1,DK_1,imbalance_price,Short,2026-07-30T07:28:36Z
2026-07-30T07:25:17Z,2026-07-30T09:25:17+0200,e73b670a-bc29-4bfc-b6f4-93c290a4d3ee,2026-07-28T10:00:00Z,2026-07-28T12:00:00+0200,-8.93,EUR/MWh,DK1,DK_1,imbalance_price,Long,2026-07-30T07:28:36Z
2026-07-30T07:25:17Z,2026-07-30T09:25:17+0200,e73b670a-bc29-4bfc-b6f4-93c290a4d3ee,2026-07-28T10:00:00Z,2026-07-28T12:00:00+0200,-8.93,EUR/MWh,DK1,DK_1,imbalance_price,Short,2026-07-30T07:28:36Z
2026-07-30T07:25:17Z,2026-07-30T09:25:17+0200,e73b670a-bc29-4bfc-b6f4-93c290a4d3ee,2026-07-28T10:15:00Z,2026-07-28T12:15:00+0200,45.96,EUR/MWh,DK1,DK_1,imbalance_price,Long,2026-07-30T07:28:36Z
2026-07-30T07:25:17Z,2026-07-30T09:25:17+0200,e73b670a-bc29-4bfc-b6f4-93c290a4d3ee,2026-07-28T10:15:00Z,2026-07-28T12:15:00+0200,45.96,EUR/MWh,DK1,DK_1,imbalance_price,Short,2026-07-30T07:28:36Z
2026-07-30T07:25:17Z,2026-07-30T09:25:17+0200,e73b670a-bc29-4bfc-b6f4-93c290a4d3ee,2026-07-28T10:30:00Z,2026-07-28T12:30:00+0200,-5.91,EUR/MWh,DK1,DK_1,imbalance_price,Long,2026-07-30T07:28:36Z
2026-07-30T07:25:17Z,2026-07-30T09:25:17+0200,e73b670a-bc29-4bfc-b6f4-93c290a4d3ee,2026-07-28T10:30:00Z,2026-07-28T12:30:00+0200,-5.91,EUR/MWh,DK1,DK_1,imbalance_price,Short,2026-07-30T07:28:36Z
2026-07-30T07:25:17Z,2026-07-30T09:25:17+0200,e73b670a-bc29-4bfc-b6f4-93c290a4d3ee,2026-07-28T10:45:00Z,2026-07-28T12:45:00+0200,-6.89,EUR/MWh,DK1,DK_1,imbalance_price,Long,2026-07-30T07:28:36Z
2026-07-30T07:25:17Z,2026-07-30T09:25:17+0200,e73b670a-bc29-4bfc-b6f4-93c290a4d3ee,2026-07-28T10:45:00Z,2026-07-28T12:45:00+0200,-6.89,EUR/MWh,DK1,DK_1,imbalance_price,Short,2026-07-30T07:28:36Z
2026-07-30T07:25:17Z,2026-07-30T09:25:17+0200,e73b670a-bc29-4bfc-b6f4-93c290a4d3ee,2026-07-28T11:00:00Z,2026-07-28T13:00:00+0200,-10.0,EUR/MWh,DK1,DK_1,imbalance_price,Long,2026-07-30T07:28:36Z
2026-07-30T07:25:17Z,2026-07-30T09:25:17+0200,e73b670a-bc29-4bfc-b6f4-93c290a4d3ee,2026-07-28T11:00:00Z,2026-07-28T13:00:00+0200,-10.0,EUR/MWh,DK1,DK_1,imbalance_price,Short,2026-07-30T07:28:36Z
2026-07-30T07:25:17Z,2026-07-30T09:25:17+0200,e73b670a-bc29-4bfc-b6f4-93c290a4d3ee,2026-07-28T11:15:00Z,2026-07-28T13:15:00+0200,-2.77,EUR/MWh,DK1,DK_1,imbalance_price,Long,2026-07-30T07:28:36Z
2026-07-30T07:25:17Z,2026-07-30T09:25:17+0200,e73b670a-bc29-4bfc-b6f4-93c290a4d3ee,2026-07-28T11:15:00Z,2026-07-28T13:15:00+0200,-2.77,EUR/MWh,DK1,DK_1,imbalance_price,Short,2026-07-30T07:28:36Z
2026-07-30T07:25:17Z,2026-07-30T09:25:17+0200,e73b670a-bc29-4bfc-b6f4-93c290a4d3ee,2026-07-28T11:30:00Z,2026-07-28T13:30:00+0200,-0.96,EUR/MWh,DK1,DK_1,imbalance_price,Long,2026-07-30T07:28:36Z
2026-07-30T07:25:17Z,2026-07-30T09:25:17+0200,e73b670a-bc29-4bfc-b6f4-93c290a4d3ee,2026-07-28T11:30:00Z,2026-07-28T13:30:00+0200,-0.96,EUR/MWh,DK1,DK_1,imbalance_price,Short,2026-07-30T07:28:36Z
2026-07-30T07:25:17Z,2026-07-30T09:25:17+0200,e73b670a-bc29-4bfc-b6f4-93c290a4d3ee,2026-07-28T11:45:00Z,2026-07-28T13:45:00+0200,1.29,EUR/MWh,DK1,DK_1,imbalance_price,Long,2026-07-30T07:28:36Z
2026-07-30T07:25:17Z,2026-07-30T09:25:17+0200,e73b670a-bc29-4bfc-b6f4-93c290a4d3ee,2026-07-28T11:45:00Z,2026-07-28T13:45:00+0200,1.29,EUR/MWh,DK1,DK_1,imbalance_price,Short,2026-07-30T07:28:36Z
2026-07-30T07:25:17Z,2026-07-30T09:25:17+0200,e73b670a-bc29-4bfc-b6f4-93c290a4d3ee,2026-07-28T12:00:00Z,2026-07-28T14:00:00+0200,1.27,EUR/MWh,DK1,DK_1,imbalance_price,Long,2026-07-30T07:28:36Z
2026-07-30T07:25:17Z,2026-07-30T09:25:17+0200,e73b670a-bc29-4bfc-b6f4-93c290a4d3ee,2026-07-28T12:00:00Z,2026-07-28T14:00:00+0200,1.27,EUR/MWh,DK1,DK_1,imbalance_price,Short,2026-07-30T07:28:36Z
2026-07-30T07:25:17Z,2026-07-30T09:25:17+0200,e73b670a-bc29-4bfc-b6f4-93c290a4d3ee,2026-07-28T12:15:00Z,2026-07-28T14:15:00+0200,-27.0,EUR/MWh,DK1,DK_1,imbalance_price,Long,2026-07-30T07:28:36Z
2026-07-30T07:25:17Z,2026-07-30T09:25:17+0200,e73b670a-bc29-4bfc-b6f4-93c290a4d3ee,2026-07-28T12:15:00Z,2026-07-28T14:15:00+0200,-27.0,EUR/MWh,DK1,DK_1,imbalance_price,Short,2026-07-30T07:28:36Z
2026-07-30T07:25:17Z,2026-07-30T09:25:17+0200,e73b670a-bc29-4bfc-b6f4-93c290a4d3ee,2026-07-28T12:30:00Z,2026-07-28T14:30:00+0200,-14.01,EUR/MWh,DK1,DK_1,imbalance_price,Long,2026-07-30T07:28:36Z
2026-07-30T07:25:17Z,2026-07-30T09:25:17+0200,e73b670a-bc29-4bfc-b6f4-93c290a4d3ee,2026-07-28T12:30:00Z,2026-07-28T14:30:00+0200,-14.01,EUR/MWh,DK1,DK_1,imbalance_price,Short,2026-07-30T07:28:36Z
2026-07-30T07:25:17Z,2026-07-30T09:25:17+0200,e73b670a-bc29-4bfc-b6f4-93c290a4d3ee,2026-07-28T12:45:00Z,2026-07-28T14:45:00+0200,-20.15,EUR/MWh,DK1,DK_1,imbalance_price,Long,2026-07-30T07:28:36Z
2026-07-30T07:25:17Z,2026-07-30T09:25:17+0200,e73b670a-bc29-4bfc-b6f4-93c290a4d3ee,2026-07-28T12:45:00Z,2026-07-28T14:45:00+0200,-20.15,EUR/MWh,DK1,DK_1,imbalance_price,Short,2026-07-30T07:28:36Z
2026-07-30T07:25:17Z,2026-07-30T09:25:17+0200,e73b670a-bc29-4bfc-b6f4-93c290a4d3ee,2026-07-28T13:00:00Z,2026-07-28T15:00:00+0200,-46.29,EUR/MWh,DK1,DK_1,imbalance_price,Long,2026-07-30T07:28:36Z
2026-07-30T07:25:17Z,2026-07-30T09:25:17+0200,e73b670a-bc29-4bfc-b6f4-93c290a4d3ee,2026-07-28T13:00:00Z,2026-07-28T15:00:00+0200,-46.29,EUR/MWh,DK1,DK_1,imbalance_price,Short,2026-07-30T07:28:36Z
2026-07-30T07:25:17Z,2026-07-30T09:25:17+0200,e73b670a-bc29-4bfc-b6f4-93c290a4d3ee,2026-07-28T13:15:00Z,2026-07-28T15:15:00+0200,-12.77,EUR/MWh,DK1,DK_1,imbalance_price,Long,2026-07-30T07:28:36Z
2026-07-30T07:25:17Z,2026-07-30T09:25:17+0200,e73b670a-bc29-4bfc-b6f4-93c290a4d3ee,2026-07-28T13:15:00Z,2026-07-28T15:15:00+0200,-12.77,EUR/MWh,DK1,DK_1,imbalance_price,Short,2026-07-30T07:28:36Z
2026-07-30T07:25:17Z,2026-07-30T09:25:17+0200,e73b670a-bc29-4bfc-b6f4-93c290a4d3ee,2026-07-28T13:30:00Z,2026-07-28T15:30:00+0200,-9.91,EUR/MWh,DK1,DK_1,imbalance_price,Long,2026-07-30T07:28:36Z
2026-07-30T07:25:17Z,2026-07-30T09:25:17+0200,e73b670a-bc29-4bfc-b6f4-93c290a4d3ee,2026-07-28T13:30:00Z,2026-07-28T15:30:00+0200,-9.91,EUR/MWh,DK1,DK_1,imbalance_price,Short,2026-07-30T07:28:36Z
2026-07-30T07:25:17Z,2026-07-30T09:25:17+0200,e73b670a-bc29-4bfc-b6f4-93c290a4d3ee,2026-07-28T13:45:00Z,2026-07-28T15:45:00+0200,-2.89,EUR/MWh,DK1,DK_1,imbalance_price,Long,2026-07-30T07:28:36Z
2026-07-30T07:25:17Z,2026-07-30T09:25:17+0200,e73b670a-bc29-4bfc-b6f4-93c290a4d3ee,2026-07-28T13:45:00Z,2026-07-28T15:45:00+0200,-2.89,EUR/MWh,DK1,DK_1,imbalance_price,Short,2026-07-30T07:28:36Z
2026-07-30T07:25:17Z,2026-07-30T09:25:17+0200,e73b670a-bc29-4bfc-b6f4-93c290a4d3ee,2026-07-28T14:00:00Z,2026-07-28T16:00:00+0200,-40.92,EUR/MWh,DK1,DK_1,imbalance_price,Long,2026-07-30T07:28:36Z
2026-07-30T07:25:17Z,2026-07-30T09:25:17+0200,e73b670a-bc29-4bfc-b6f4-93c290a4d3ee,2026-07-28T14:00:00Z,2026-07-28T16:00:00+0200,-40.92,EUR/MWh,DK1,DK_1,imbalance_price,Short,2026-07-30T07:28:36Z
2026-07-30T07:25:17Z,2026-07-30T09:25:17+0200,e73b670a-bc29-4bfc-b6f4-93c290a4d3ee,2026-07-28T14:15:00Z,2026-07-28T16:15:00+0200,-65.65,EUR/MWh,DK1,DK_1,imbalance_price,Long,2026-07-30T07:28:36Z
2026-07-30T07:25:17Z,2026-07-30T09:25:17+0200,e73b670a-bc29-4bfc-b6f4-93c290a4d3ee,2026-07-28T14:15:00Z,2026-07-28T16:15:00+0200,-65.65,EUR/MWh,DK1,DK_1,imbalance_price,Short,2026-07-30T07:28:36Z
2026-07-30T07:25:17Z,2026-07-30T09:25:17+0200,e73b670a-bc29-4bfc-b6f4-93c290a4d3ee,2026-07-28T14:30:00Z,2026-07-28T16:30:00+0200,-5.0,EUR/MWh,DK1,DK_1,imbalance_price,Long,2026-07-30T07:28:36Z
2026-07-30T07:25:17Z,2026-07-30T09:25:17+0200,e73b670a-bc29-4bfc-b6f4-93c290a4d3ee,2026-07-28T14:30:00Z,2026-07-28T16:30:00+0200,-5.0,EUR/MWh,DK1,DK_1,imbalance_price,Short,2026-07-30T07:28:36Z
2026-07-30T07:25:17Z,2026-07-30T09:25:17+0200,e73b670a-bc29-4bfc-b6f4-93c290a4d3ee,2026-07-28T14:45:00Z,2026-07-28T16:45:00+0200,-19.9,EUR/MWh,DK1,DK_1,imbalance_price,Long,2026-07-30T07:28:36Z
2026-07-30T07:25:17Z,2026-07-30T09:25:17+0200,e73b670a-bc29-4bfc-b6f4-93c290a4d3ee,2026-07-28T14:45:00Z,2026-07-28T16:45:00+0200,-19.9,EUR/MWh,DK1,DK_1,imbalance_price,Short,2026-07-30T07:28:36Z
2026-07-30T07:25:17Z,2026-07-30T09:25:17+0200,e73b670a-bc29-4bfc-b6f4-93c290a4d3ee,2026-07-28T15:00:00Z,2026-07-28T17:00:00+0200,-4.56,EUR/MWh,DK1,DK_1,imbalance_price,Long,2026-07-30T07:28:36Z
2026-07-30T07:25:17Z,2026-07-30T09:25:17+0200,e73b670a-bc29-4bfc-b6f4-93c290a4d3ee,2026-07-28T15:00:00Z,2026-07-28T17:00:00+0200,-4.56,EUR/MWh,DK1,DK_1,imbalance_price,Short,2026-07-30T07:28:36Z
2026-07-30T07:25:17Z,2026-07-30T09:25:17+0200,e73b670a-bc29-4bfc-b6f4-93c290a4d3ee,2026-07-28T15:15:00Z,2026-07-28T17:15:00+0200,0.22,EUR/MWh,DK1,DK_1,imbalance_price,Long,2026-07-30T07:28:36Z
2026-07-30T07:25:17Z,2026-07-30T09:25:17+0200,e73b670a-bc29-4bfc-b6f4-93c290a4d3ee,2026-07-28T15:15:00Z,2026-07-28T17:15:00+0200,0.22,EUR/MWh,DK1,DK_1,imbalance_price,Short,2026-07-30T07:28:36Z
2026-07-30T07:25:17Z,2026-07-30T09:25:17+0200,e73b670a-bc29-4bfc-b6f4-93c290a4d3ee,2026-07-28T15:30:00Z,2026-07-28T17:30:00+0200,7.4,EUR/MWh,DK1,DK_1,imbalance_price,Long,2026-07-30T07:28:36Z
2026-07-30T07:25:17Z,2026-07-30T09:25:17+0200,e73b670a-bc29-4bfc-b6f4-93c290a4d3ee,2026-07-28T15:30:00Z,2026-07-28T17:30:00+0200,7.4,EUR/MWh,DK1,DK_1,imbalance_price,Short,2026-07-30T07:28:36Z
2026-07-30T07:25:17Z,2026-07-30T09:25:17+0200,e73b670a-bc29-4bfc-b6f4-93c290a4d3ee,2026-07-28T15:45:00Z,2026-07-28T17:45:00+0200,5.69,EUR/MWh,DK1,DK_1,imbalance_price,Long,2026-07-30T07:28:36Z
2026-07-30T07:25:17Z,2026-07-30T09:25:17+0200,e73b670a-bc29-4bfc-b6f4-93c290a4d3ee,2026-07-28T15:45:00Z,2026-07-28T17:45:00+0200,5.69,EUR/MWh,DK1,DK_1,imbalance_price,Short,2026-07-30T07:28:36Z
2026-07-30T07:25:17Z,2026-07-30T09:25:17+0200,e73b670a-bc29-4bfc-b6f4-93c290a4d3ee,2026-07-28T16:00:00Z,2026-07-28T18:00:00+0200,14.28,EUR/MWh,DK1,DK_1,imbalance_price,Long,2026-07-30T07:28:36Z
2026-07-30T07:25:17Z,2026-07-30T09:25:17+0200,e73b670a-bc29-4bfc-b6f4-93c290a4d3ee,2026-07-28T16:00:00Z,2026-07-28T18:00:00+0200,14.28,EUR/MWh,DK1,DK_1,imbalance_price,Short,2026-07-30T07:28:36Z
2026-07-30T07:25:17Z,2026-07-30T09:25:17+0200,e73b670a-bc29-4bfc-b6f4-93c290a4d3ee,2026-07-28T16:15:00Z,2026-07-28T18:15:00+0200,60.0,EUR/MWh,DK1,DK_1,imbalance_price,Long,2026-07-30T07:28:36Z
2026-07-30T07:25:17Z,2026-07-30T09:25:17+0200,e73b670a-bc29-4bfc-b6f4-93c290a4d3ee,2026-07-28T16:15:00Z,2026-07-28T18:15:00+0200,60.0,EUR/MWh,DK1,DK_1,imbalance_price,Short,2026-07-30T07:28:36Z
2026-07-30T07:25:17Z,2026-07-30T09:25:17+0200,e73b670a-bc29-4bfc-b6f4-93c290a4d3ee,2026-07-28T16:30:00Z,2026-07-28T18:30:00+0200,97.59,EUR/MWh,DK1,DK_1,imbalance_price,Long,2026-07-30T07:28:36Z
2026-07-30T07:25:17Z,2026-07-30T09:25:17+0200,e73b670a-bc29-4bfc-b6f4-93c290a4d3ee,2026-07-28T16:30:00Z,2026-07-28T18:30:00+0200,97.59,EUR/MWh,DK1,DK_1,imbalance_price,Short,2026-07-30T07:28:36Z
2026-07-30T07:25:17Z,2026-07-30T09:25:17+0200,e73b670a-bc29-4bfc-b6f4-93c290a4d3ee,2026-07-28T16:45:00Z,2026-07-28T18:45:00+0200,97.24,EUR/MWh,DK1,DK_1,imbalance_price,Long,2026-07-30T07:28:36Z
2026-07-30T07:25:17Z,2026-07-30T09:25:17+0200,e73b670a-bc29-4bfc-b6f4-93c290a4d3ee,2026-07-28T16:45:00Z,2026-07-28T18:45:00+0200,97.24,EUR/MWh,DK1,DK_1,imbalance_price,Short,2026-07-30T07:28:36Z
2026-07-30T07:25:17Z,2026-07-30T09:25:17+0200,e73b670a-bc29-4bfc-b6f4-93c290a4d3ee,2026-07-28T17:00:00Z,2026-07-28T19:00:00+0200,97.24,EUR/MWh,DK1,DK_1,imbalance_price,Long,2026-07-30T07:28:36Z
2026-07-30T07:25:17Z,2026-07-30T09:25:17+0200,e73b670a-bc29-4bfc-b6f4-93c290a4d3ee,2026-07-28T17:00:00Z,2026-07-28T19:00:00+0200,97.24,EUR/MWh,DK1,DK_1,imbalance_price,Short,2026-07-30T07:28:36Z
2026-07-30T07:25:17Z,2026-07-30T09:25:17+0200,e73b670a-bc29-4bfc-b6f4-93c290a4d3ee,2026-07-28T17:15:00Z,2026-07-28T19:15:00+0200,76.35,EUR/MWh,DK1,DK_1,imbalance_price,Long,2026-07-30T07:28:36Z
2026-07-30T07:25:17Z,2026-07-30T09:25:17+0200,e73b670a-bc29-4bfc-b6f4-93c290a4d3ee,2026-07-28T17:15:00Z,2026-07-28T19:15:00+0200,76.35,EUR/MWh,DK1,DK_1,imbalance_price,Short,2026-07-30T07:28:36Z
2026-07-30T07:25:17Z,2026-07-30T09:25:17+0200,e73b670a-bc29-4bfc-b6f4-93c290a4d3ee,2026-07-28T17:30:00Z,2026-07-28T19:30:00+0200,110.02,EUR/MWh,DK1,DK_1,imbalance_price,Long,2026-07-30T07:28:36Z
2026-07-30T07:25:17Z,2026-07-30T09:25:17+0200,e73b670a-bc29-4bfc-b6f4-93c290a4d3ee,2026-07-28T17:30:00Z,2026-07-28T19:30:00+0200,110.02,EUR/MWh,DK1,DK_1,imbalance_price,Short,2026-07-30T07:28:36Z
2026-07-30T07:25:17Z,2026-07-30T09:25:17+0200,e73b670a-bc29-4bfc-b6f4-93c290a4d3ee,2026-07-28T17:45:00Z,2026-07-28T19:45:00+0200,129.3,EUR/MWh,DK1,DK_1,imbalance_price,Long,2026-07-30T07:28:36Z
2026-07-30T07:25:17Z,2026-07-30T09:25:17+0200,e73b670a-bc29-4bfc-b6f4-93c290a4d3ee,2026-07-28T17:45:00Z,2026-07-28T19:45:00+0200,129.3,EUR/MWh,DK1,DK_1,imbalance_price,Short,2026-07-30T07:28:36Z
2026-07-30T07:25:17Z,2026-07-30T09:25:17+0200,e73b670a-bc29-4bfc-b6f4-93c290a4d3ee,2026-07-28T18:00:00Z,2026-07-28T20:00:00+0200,374.56,EUR/MWh,DK1,DK_1,imbalance_price,Long,2026-07-30T07:28:36Z
2026-07-30T07:25:17Z,2026-07-30T09:25:17+0200,e73b670a-bc29-4bfc-b6f4-93c290a4d3ee,2026-07-28T18:00:00Z,2026-07-28T20:00:00+0200,374.56,EUR/MWh,DK1,DK_1,imbalance_price,Short,2026-07-30T07:28:36Z
2026-07-30T07:25:17Z,2026-07-30T09:25:17+0200,e73b670a-bc29-4bfc-b6f4-93c290a4d3ee,2026-07-28T18:15:00Z,2026-07-28T20:15:00+0200,206.77,EUR/MWh,DK1,DK_1,imbalance_price,Long,2026-07-30T07:28:36Z
2026-07-30T07:25:17Z,2026-07-30T09:25:17+0200,e73b670a-bc29-4bfc-b6f4-93c290a4d3ee,2026-07-28T18:15:00Z,2026-07-28T20:15:00+0200,206.77,EUR/MWh,DK1,DK_1,imbalance_price,Short,2026-07-30T07:28:36Z
2026-07-30T07:25:17Z,2026-07-30T09:25:17+0200,e73b670a-bc29-4bfc-b6f4-93c290a4d3ee,2026-07-28T18:30:00Z,2026-07-28T20:30:00+0200,387.99,EUR/MWh,DK1,DK_1,imbalance_price,Long,2026-07-30T07:28:36Z
2026-07-30T07:25:17Z,2026-07-30T09:25:17+0200,e73b670a-bc29-4bfc-b6f4-93c290a4d3ee,2026-07-28T18:30:00Z,2026-07-28T20:30:00+0200,387.99,EUR/MWh,DK1,DK_1,imbalance_price,Short,2026-07-30T07:28:36Z
2026-07-30T07:25:17Z,2026-07-30T09:25:17+0200,e73b670a-bc29-4bfc-b6f4-93c290a4d3ee,2026-07-28T18:45:00Z,2026-07-28T20:45:00+0200,254.07,EUR/MWh,DK1,DK_1,imbalance_price,Long,2026-07-30T07:28:36Z
2026-07-30T07:25:17Z,2026-07-30T09:25:17+0200,e73b670a-bc29-4bfc-b6f4-93c290a4d3ee,2026-07-28T18:45:00Z,2026-07-28T20:45:00+0200,254.07,EUR/MWh,DK1,DK_1,imbalance_price,Short,2026-07-30T07:28:36Z
2026-07-30T07:25:17Z,2026-07-30T09:25:17+0200,e73b670a-bc29-4bfc-b6f4-93c290a4d3ee,2026-07-28T19:00:00Z,2026-07-28T21:00:00+0200,267.55,EUR/MWh,DK1,DK_1,imbalance_price,Long,2026-07-30T07:28:36Z
2026-07-30T07:25:17Z,2026-07-30T09:25:17+0200,e73b670a-bc29-4bfc-b6f4-93c290a4d3ee,2026-07-28T19:00:00Z,2026-07-28T21:00:00+0200,267.55,EUR/MWh,DK1,DK_1,imbalance_price,Short,2026-07-30T07:28:36Z
2026-07-30T07:25:17Z,2026-07-30T09:25:17+0200,e73b670a-bc29-4bfc-b6f4-93c290a4d3ee,2026-07-28T19:15:00Z,2026-07-28T21:15:00+0200,374.61,EUR/MWh,DK1,DK_1,imbalance_price,Long,2026-07-30T07:28:36Z
2026-07-30T07:25:17Z,2026-07-30T09:25:17+0200,e73b670a-bc29-4bfc-b6f4-93c290a4d3ee,2026-07-28T19:15:00Z,2026-07-28T21:15:00+0200,374.61,EUR/MWh,DK1,DK_1,imbalance_price,Short,2026-07-30T07:28:36Z
2026-07-30T07:25:17Z,2026-07-30T09:25:17+0200,e73b670a-bc29-4bfc-b6f4-93c290a4d3ee,2026-07-28T19:30:00Z,2026-07-28T21:30:00+0200,329.3,EUR/MWh,DK1,DK_1,imbalance_price,Long,2026-07-30T07:28:36Z
2026-07-30T07:25:17Z,2026-07-30T09:25:17+0200,e73b670a-bc29-4bfc-b6f4-93c290a4d3ee,2026-07-28T19:30:00Z,2026-07-28T21:30:00+0200,329.3,EUR/MWh,DK1,DK_1,imbalance_price,Short,2026-07-30T07:28:36Z
2026-07-30T07:25:17Z,2026-07-30T09:25:17+0200,e73b670a-bc29-4bfc-b6f4-93c290a4d3ee,2026-07-28T19:45:00Z,2026-07-28T21:45:00+0200,4.24,EUR/MWh,DK1,DK_1,imbalance_price,Long,2026-07-30T07:28:36Z
2026-07-30T07:25:17Z,2026-07-30T09:25:17+0200,e73b670a-bc29-4bfc-b6f4-93c290a4d3ee,2026-07-28T19:45:00Z,2026-07-28T21:45:00+0200,4.24,EUR/MWh,DK1,DK_1,imbalance_price,Short,2026-07-30T07:28:36Z
2026-07-30T07:25:17Z,2026-07-30T09:25:17+0200,e73b670a-bc29-4bfc-b6f4-93c290a4d3ee,2026-07-28T20:00:00Z,2026-07-28T22:00:00+0200,16.3,EUR/MWh,DK1,DK_1,imbalance_price,Long,2026-07-30T07:28:36Z
2026-07-30T07:25:17Z,2026-07-30T09:25:17+0200,e73b670a-bc29-4bfc-b6f4-93c290a4d3ee,2026-07-28T20:00:00Z,2026-07-28T22:00:00+0200,16.3,EUR/MWh,DK1,DK_1,imbalance_price,Short,2026-07-30T07:28:36Z
2026-07-30T07:25:17Z,2026-07-30T09:25:17+0200,e73b670a-bc29-4bfc-b6f4-93c290a4d3ee,2026-07-28T20:15:00Z,2026-07-28T22:15:00+0200,100.16,EUR/MWh,DK1,DK_1,imbalance_price,Long,2026-07-30T07:28:36Z
2026-07-30T07:25:17Z,2026-07-30T09:25:17+0200,e73b670a-bc29-4bfc-b6f4-93c290a4d3ee,2026-07-28T20:15:00Z,2026-07-28T22:15:00+0200,100.16,EUR/MWh,DK1,DK_1,imbalance_price,Short,2026-07-30T07:28:36Z
2026-07-30T07:25:17Z,2026-07-30T09:25:17+0200,e73b670a-bc29-4bfc-b6f4-93c290a4d3ee,2026-07-28T20:30:00Z,2026-07-28T22:30:00+0200,104.32,EUR/MWh,DK1,DK_1,imbalance_price,Long,2026-07-30T07:28:36Z
2026-07-30T07:25:17Z,2026-07-30T09:25:17+0200,e73b670a-bc29-4bfc-b6f4-93c290a4d3ee,2026-07-28T20:30:00Z,2026-07-28T22:30:00+0200,104.32,EUR/MWh,DK1,DK_1,imbalance_price,Short,2026-07-30T07:28:36Z
2026-07-30T07:25:17Z,2026-07-30T09:25:17+0200,e73b670a-bc29-4bfc-b6f4-93c290a4d3ee,2026-07-28T20:45:00Z,2026-07-28T22:45:00+0200,97.11,EUR/MWh,DK1,DK_1,imbalance_price,Long,2026-07-30T07:28:36Z
2026-07-30T07:25:17Z,2026-07-30T09:25:17+0200,e73b670a-bc29-4bfc-b6f4-93c290a4d3ee,2026-07-28T20:45:00Z,2026-07-28T22:45:00+0200,97.11,EUR/MWh,DK1,DK_1,imbalance_price,Short,2026-07-30T07:28:36Z
2026-07-30T07:25:17Z,2026-07-30T09:25:17+0200,e73b670a-bc29-4bfc-b6f4-93c290a4d3ee,2026-07-28T21:00:00Z,2026-07-28T23:00:00+0200,97.87,EUR/MWh,DK1,DK_1,imbalance_price,Long,2026-07-30T07:28:36Z
2026-07-30T07:25:17Z,2026-07-30T09:25:17+0200,e73b670a-bc29-4bfc-b6f4-93c290a4d3ee,2026-07-28T21:00:00Z,2026-07-28T23:00:00+0200,97.87,EUR/MWh,DK1,DK_1,imbalance_price,Short,2026-07-30T07:28:36Z
2026-07-30T07:25:17Z,2026-07-30T09:25:17+0200,e73b670a-bc29-4bfc-b6f4-93c290a4d3ee,2026-07-28T21:15:00Z,2026-07-28T23:15:00+0200,98.32,EUR/MWh,DK1,DK_1,imbalance_price,Long,2026-07-30T07:28:36Z
2026-07-30T07:25:17Z,2026-07-30T09:25:17+0200,e73b670a-bc29-4bfc-b6f4-93c290a4d3ee,2026-07-28T21:15:00Z,2026-07-28T23:15:00+0200,98.32,EUR/MWh,DK1,DK_1,imbalance_price,Short,2026-07-30T07:28:36Z
2026-07-30T07:25:17Z,2026-07-30T09:25:17+0200,e73b670a-bc29-4bfc-b6f4-93c290a4d3ee,2026-07-28T21:30:00Z,2026-07-28T23:30:00+0200,98.65,EUR/MWh,DK1,DK_1,imbalance_price,Long,2026-07-30T07:28:36Z
2026-07-30T07:25:17Z,2026-07-30T09:25:17+0200,e73b670a-bc29-4bfc-b6f4-93c290a4d3ee,2026-07-28T21:30:00Z,2026-07-28T23:30:00+0200,98.65,EUR/MWh,DK1,DK_1,imbalance_price,Short,2026-07-30T07:28:36Z
2026-07-30T07:25:17Z,2026-07-30T09:25:17+0200,e73b670a-bc29-4bfc-b6f4-93c290a4d3ee,2026-07-28T21:45:00Z,2026-07-28T23:45:00+0200,208.8,EUR/MWh,DK1,DK_1,imbalance_price,Long,2026-07-30T07:28:36Z
2026-07-30T07:25:17Z,2026-07-30T09:25:17+0200,e73b670a-bc29-4bfc-b6f4-93c290a4d3ee,2026-07-28T21:45:00Z,2026-07-28T23:45:00+0200,208.8,EUR/MWh,DK1,DK_1,imbalance_price,Short,2026-07-30T07:28:36Z
2026-07-30T07:25:17Z,2026-07-30T09:25:17+0200,e73b670a-bc29-4bfc-b6f4-93c290a4d3ee,2026-07-28T22:00:00Z,2026-07-29T00:00:00+0200,267.6,EUR/MWh,DK1,DK_1,imbalance_price,Long,2026-07-30T07:28:36Z
2026-07-30T07:25:17Z,2026-07-30T09:25:17+0200,e73b670a-bc29-4bfc-b6f4-93c290a4d3ee,2026-07-28T22:00:00Z,2026-07-29T00:00:00+0200,267.6,EUR/MWh,DK1,DK_1,imbalance_price,Short,2026-07-30T07:28:36Z
2026-07-30T07:25:17Z,2026-07-30T09:25:17+0200,e73b670a-bc29-4bfc-b6f4-93c290a4d3ee,2026-07-28T22:15:00Z,2026-07-29T00:15:00+0200,267.6,EUR/MWh,DK1,DK_1,imbalance_price,Long,2026-07-30T07:28:36Z
2026-07-30T07:25:17Z,2026-07-30T09:25:17+0200,e73b670a-bc29-4bfc-b6f4-93c290a4d3ee,2026-07-28T22:15:00Z,2026-07-29T00:15:00+0200,267.6,EUR/MWh,DK1,DK_1,imbalance_price,Short,2026-07-30T07:28:36Z
2026-07-30T07:25:17Z,2026-07-30T09:25:17+0200,e73b670a-bc29-4bfc-b6f4-93c290a4d3ee,2026-07-28T22:30:00Z,2026-07-29T00:30:00+0200,316.24,EUR/MWh,DK1,DK_1,imbalance_price,Long,2026-07-30T07:28:36Z
2026-07-30T07:25:17Z,2026-07-30T09:25:17+0200,e73b670a-bc29-4bfc-b6f4-93c290a4d3ee,2026-07-28T22:30:00Z,2026-07-29T00:30:00+0200,316.24,EUR/MWh,DK1,DK_1,imbalance_price,Short,2026-07-30T07:28:36Z
2026-07-30T07:25:17Z,2026-07-30T09:25:17+0200,e73b670a-bc29-4bfc-b6f4-93c290a4d3ee,2026-07-28T22:45:00Z,2026-07-29T00:45:00+0200,144.1,EUR/MWh,DK1,DK_1,imbalance_price,Long,2026-07-30T07:28:36Z
2026-07-30T07:25:17Z,2026-07-30T09:25:17+0200,e73b670a-bc29-4bfc-b6f4-93c290a4d3ee,2026-07-28T22:45:00Z,2026-07-29T00:45:00+0200,144.1,EUR/MWh,DK1,DK_1,imbalance_price,Short,2026-07-30T07:28:36Z
2026-07-30T07:25:17Z,2026-07-30T09:25:17+0200,e73b670a-bc29-4bfc-b6f4-93c290a4d3ee,2026-07-28T23:00:00Z,2026-07-29T01:00:00+0200,97.25,EUR/MWh,DK1,DK_1,imbalance_price,Long,2026-07-30T07:28:36Z
2026-07-30T07:25:17Z,2026-07-30T09:25:17+0200,e73b670a-bc29-4bfc-b6f4-93c290a4d3ee,2026-07-28T23:00:00Z,2026-07-29T01:00:00+0200,97.25,EUR/MWh,DK1,DK_1,imbalance_price,Short,2026-07-30T07:28:36Z
2026-07-30T07:25:17Z,2026-07-30T09:25:17+0200,e73b670a-bc29-4bfc-b6f4-93c290a4d3ee,2026-07-28T23:15:00Z,2026-07-29T01:15:00+0200,97.42,EUR/MWh,DK1,DK_1,imbalance_price,Long,2026-07-30T07:28:36Z
2026-07-30T07:25:17Z,2026-07-30T09:25:17+0200,e73b670a-bc29-4bfc-b6f4-93c290a4d3ee,2026-07-28T23:15:00Z,2026-07-29T01:15:00+0200,97.42,EUR/MWh,DK1,DK_1,imbalance_price,Short,2026-07-30T07:28:36Z
2026-07-30T07:25:17Z,2026-07-30T09:25:17+0200,e73b670a-bc29-4bfc-b6f4-93c290a4d3ee,2026-07-28T23:30:00Z,2026-07-29T01:30:00+0200,97.36,EUR/MWh,DK1,DK_1,imbalance_price,Long,2026-07-30T07:28:36Z
2026-07-30T07:25:17Z,2026-07-30T09:25:17+0200,e73b670a-bc29-4bfc-b6f4-93c290a4d3ee,2026-07-28T23:30:00Z,2026-07-29T01:30:00+0200,97.36,EUR/MWh,DK1,DK_1,imbalance_price,Short,2026-07-30T07:28:36Z
2026-07-30T07:25:17Z,2026-07-30T09:25:17+0200,e73b670a-bc29-4bfc-b6f4-93c290a4d3ee,2026-07-28T23:45:00Z,2026-07-29T01:45:00+0200,139.72,EUR/MWh,DK1,DK_1,imbalance_price,Long,2026-07-30T07:28:36Z
2026-07-30T07:25:17Z,2026-07-30T09:25:17+0200,e73b670a-bc29-4bfc-b6f4-93c290a4d3ee,2026-07-28T23:45:00Z,2026-07-29T01:45:00+0200,139.72,EUR/MWh,DK1,DK_1,imbalance_price,Short,2026-07-30T07:28:36Z
2026-07-30T07:25:17Z,2026-07-30T09:25:17+0200,e73b670a-bc29-4bfc-b6f4-93c290a4d3ee,2026-07-29T00:00:00Z,2026-07-29T02:00:00+0200,305.31,EUR/MWh,DK1,DK_1,imbalance_price,Long,2026-07-30T07:28:36Z
2026-07-30T07:25:17Z,2026-07-30T09:25:17+0200,e73b670a-bc29-4bfc-b6f4-93c290a4d3ee,2026-07-29T00:00:00Z,2026-07-29T02:00:00+0200,305.31,EUR/MWh,DK1,DK_1,imbalance_price,Short,2026-07-30T07:28:36Z
2026-07-30T07:25:17Z,2026-07-30T09:25:17+0200,e73b670a-bc29-4bfc-b6f4-93c290a4d3ee,2026-07-29T00:15:00Z,2026-07-29T02:15:00+0200,334.47,EUR/MWh,DK1,DK_1,imbalance_price,Long,2026-07-30T07:28:36Z
2026-07-30T07:25:17Z,2026-07-30T09:25:17+0200,e73b670a-bc29-4bfc-b6f4-93c290a4d3ee,2026-07-29T00:15:00Z,2026-07-29T02:15:00+0200,334.47,EUR/MWh,DK1,DK_1,imbalance_price,Short,2026-07-30T07:28:36Z
2026-07-30T07:25:17Z,2026-07-30T09:25:17+0200,e73b670a-bc29-4bfc-b6f4-93c290a4d3ee,2026-07-29T00:30:00Z,2026-07-29T02:30:00+0200,468.3,EUR/MWh,DK1,DK_1,imbalance_price,Long,2026-07-30T07:28:36Z
2026-07-30T07:25:17Z,2026-07-30T09:25:17+0200,e73b670a-bc29-4bfc-b6f4-93c290a4d3ee,2026-07-29T00:30:00Z,2026-07-29T02:30:00+0200,468.3,EUR/MWh,DK1,DK_1,imbalance_price,Short,2026-07-30T07:28:36Z
2026-07-30T07:25:17Z,2026-07-30T09:25:17+0200,e73b670a-bc29-4bfc-b6f4-93c290a4d3ee,2026-07-29T00:45:00Z,2026-07-29T02:45:00+0200,468.3,EUR/MWh,DK1,DK_1,imbalance_price,Long,2026-07-30T07:28:36Z
2026-07-30T07:25:17Z,2026-07-30T09:25:17+0200,e73b670a-bc29-4bfc-b6f4-93c290a4d3ee,2026-07-29T00:45:00Z,2026-07-29T02:45:00+0200,468.3,EUR/MWh,DK1,DK_1,imbalance_price,Short,2026-07-30T07:28:36Z
2026-07-30T07:25:17Z,2026-07-30T09:25:17+0200,e73b670a-bc29-4bfc-b6f4-93c290a4d3ee,2026-07-29T01:00:00Z,2026-07-29T03:00:00+0200,334.47,EUR/MWh,DK1,DK_1,imbalance_price,Long,2026-07-30T07:28:36Z
2026-07-30T07:25:17Z,2026-07-30T09:25:17+0200,e73b670a-bc29-4bfc-b6f4-93c290a4d3ee,2026-07-29T01:00:00Z,2026-07-29T03:00:00+0200,334.47,EUR/MWh,DK1,DK_1,imbalance_price,Short,2026-07-30T07:28:36Z
2026-07-30T07:25:17Z,2026-07-30T09:25:17+0200,e73b670a-bc29-4bfc-b6f4-93c290a4d3ee,2026-07-29T01:15:00Z,2026-07-29T03:15:00+0200,334.31,EUR/MWh,DK1,DK_1,imbalance_price,Long,2026-07-30T07:28:36Z
2026-07-30T07:25:17Z,2026-07-30T09:25:17+0200,e73b670a-bc29-4bfc-b6f4-93c290a4d3ee,2026-07-29T01:15:00Z,2026-07-29T03:15:00+0200,334.31,EUR/MWh,DK1,DK_1,imbalance_price,Short,2026-07-30T07:28:36Z
2026-07-30T07:25:17Z,2026-07-30T09:25:17+0200,e73b670a-bc29-4bfc-b6f4-93c290a4d3ee,2026-07-29T01:30:00Z,2026-07-29T03:30:00+0200,334.5,EUR/MWh,DK1,DK_1,imbalance_price,Long,2026-07-30T07:28:36Z
2026-07-30T07:25:17Z,2026-07-30T09:25:17+0200,e73b670a-bc29-4bfc-b6f4-93c290a4d3ee,2026-07-29T01:30:00Z,2026-07-29T03:30:00+0200,334.5,EUR/MWh,DK1,DK_1,imbalance_price,Short,2026-07-30T07:28:36Z
2026-07-30T07:25:17Z,2026-07-30T09:25:17+0200,e73b670a-bc29-4bfc-b6f4-93c290a4d3ee,2026-07-29T01:45:00Z,2026-07-29T03:45:00+0200,334.47,EUR/MWh,DK1,DK_1,imbalance_price,Long,2026-07-30T07:28:36Z
2026-07-30T07:25:17Z,2026-07-30T09:25:17+0200,e73b670a-bc29-4bfc-b6f4-93c290a4d3ee,2026-07-29T01:45:00Z,2026-07-29T03:45:00+0200,334.47,EUR/MWh,DK1,DK_1,imbalance_price,Short,2026-07-30T07:28:36Z
2026-07-30T07:25:17Z,2026-07-30T09:25:17+0200,e73b670a-bc29-4bfc-b6f4-93c290a4d3ee,2026-07-29T02:00:00Z,2026-07-29T04:00:00+0200,267.6,EUR/MWh,DK1,DK_1,imbalance_price,Long,2026-07-30T07:28:36Z
2026-07-30T07:25:17Z,2026-07-30T09:25:17+0200,e73b670a-bc29-4bfc-b6f4-93c290a4d3ee,2026-07-29T02:00:00Z,2026-07-29T04:00:00+0200,267.6,EUR/MWh,DK1,DK_1,imbalance_price,Short,2026-07-30T07:28:36Z
2026-07-30T07:25:17Z,2026-07-30T09:25:17+0200,e73b670a-bc29-4bfc-b6f4-93c290a4d3ee,2026-07-29T02:15:00Z,2026-07-29T04:15:00+0200,138.06,EUR/MWh,DK1,DK_1,imbalance_price,Long,2026-07-30T07:28:36Z
2026-07-30T07:25:17Z,2026-07-30T09:25:17+0200,e73b670a-bc29-4bfc-b6f4-93c290a4d3ee,2026-07-29T02:15:00Z,2026-07-29T04:15:00+0200,138.06,EUR/MWh,DK1,DK_1,imbalance_price,Short,2026-07-30T07:28:36Z
2026-07-30T07:25:17Z,2026-07-30T09:25:17+0200,e73b670a-bc29-4bfc-b6f4-93c290a4d3ee,2026-07-29T02:30:00Z,2026-07-29T04:30:00+0200,132.15,EUR/MWh,DK1,DK_1,imbalance_price,Long,2026-07-30T07:28:36Z
2026-07-30T07:25:17Z,2026-07-30T09:25:17+0200,e73b670a-bc29-4bfc-b6f4-93c290a4d3ee,2026-07-29T02:30:00Z,2026-07-29T04:30:00+0200,132.15,EUR/MWh,DK1,DK_1,imbalance_price,Short,2026-07-30T07:28:36Z
2026-07-30T07:25:17Z,2026-07-30T09:25:17+0200,e73b670a-bc29-4bfc-b6f4-93c290a4d3ee,2026-07-29T02:45:00Z,2026-07-29T04:45:00+0200,130.15,EUR/MWh,DK1,DK_1,imbalance_price,Long,2026-07-30T07:28:36Z
2026-07-30T07:25:17Z,2026-07-30T09:25:17+0200,e73b670a-bc29-4bfc-b6f4-93c290a4d3ee,2026-07-29T02:45:00Z,2026-07-29T04:45:00+0200,130.15,EUR/MWh,DK1,DK_1,imbalance_price,Short,2026-07-30T07:28:36Z
2026-07-30T07:25:17Z,2026-07-30T09:25:17+0200,e73b670a-bc29-4bfc-b6f4-93c290a4d3ee,2026-07-29T03:00:00Z,2026-07-29T05:00:00+0200,88.84,EUR/MWh,DK1,DK_1,imbalance_price,Long,2026-07-30T07:28:36Z
2026-07-30T07:25:17Z,2026-07-30T09:25:17+0200,e73b670a-bc29-4bfc-b6f4-93c290a4d3ee,2026-07-29T03:00:00Z,2026-07-29T05:00:00+0200,88.84,EUR/MWh,DK1,DK_1,imbalance_price,Short,2026-07-30T07:28:36Z
2026-07-30T07:25:17Z,2026-07-30T09:25:17+0200,e73b670a-bc29-4bfc-b6f4-93c290a4d3ee,2026-07-29T03:15:00Z,2026-07-29T05:15:00+0200,100.6,EUR/MWh,DK1,DK_1,imbalance_price,Long,2026-07-30T07:28:36Z
2026-07-30T07:25:17Z,2026-07-30T09:25:17+0200,e73b670a-bc29-4bfc-b6f4-93c290a4d3ee,2026-07-29T03:15:00Z,2026-07-29T05:15:00+0200,100.6,EUR/MWh,DK1,DK_1,imbalance_price,Short,2026-07-30T07:28:36Z
2026-07-30T07:25:17Z,2026-07-30T09:25:17+0200,e73b670a-bc29-4bfc-b6f4-93c290a4d3ee,2026-07-29T03:30:00Z,2026-07-29T05:30:00+0200,150.04,EUR/MWh,DK1,DK_1,imbalance_price,Long,2026-07-30T07:28:36Z
2026-07-30T07:25:17Z,2026-07-30T09:25:17+0200,e73b670a-bc29-4bfc-b6f4-93c290a4d3ee,2026-07-29T03:30:00Z,2026-07-29T05:30:00+0200,150.04,EUR/MWh,DK1,DK_1,imbalance_price,Short,2026-07-30T07:28:36Z
2026-07-30T07:25:17Z,2026-07-30T09:25:17+0200,e73b670a-bc29-4bfc-b6f4-93c290a4d3ee,2026-07-29T03:45:00Z,2026-07-29T05:45:00+0200,101.51,EUR/MWh,DK1,DK_1,imbalance_price,Long,2026-07-30T07:28:36Z
2026-07-30T07:25:17Z,2026-07-30T09:25:17+0200,e73b670a-bc29-4bfc-b6f4-93c290a4d3ee,2026-07-29T03:45:00Z,2026-07-29T05:45:00+0200,101.51,EUR/MWh,DK1,DK_1,imbalance_price,Short,2026-07-30T07:28:36Z
2026-07-30T07:25:17Z,2026-07-30T09:25:17+0200,e73b670a-bc29-4bfc-b6f4-93c290a4d3ee,2026-07-29T04:00:00Z,2026-07-29T06:00:00+0200,108.87,EUR/MWh,DK1,DK_1,imbalance_price,Long,2026-07-30T07:28:36Z
2026-07-30T07:25:17Z,2026-07-30T09:25:17+0200,e73b670a-bc29-4bfc-b6f4-93c290a4d3ee,2026-07-29T04:00:00Z,2026-07-29T06:00:00+0200,108.87,EUR/MWh,DK1,DK_1,imbalance_price,Short,2026-07-30T07:28:36Z
2026-07-30T07:25:17Z,2026-07-30T09:25:17+0200,e73b670a-bc29-4bfc-b6f4-93c290a4d3ee,2026-07-29T04:15:00Z,2026-07-29T06:15:00+0200,169.31,EUR/MWh,DK1,DK_1,imbalance_price,Long,2026-07-30T07:28:36Z
2026-07-30T07:25:17Z,2026-07-30T09:25:17+0200,e73b670a-bc29-4bfc-b6f4-93c290a4d3ee,2026-07-29T04:15:00Z,2026-07-29T06:15:00+0200,169.31,EUR/MWh,DK1,DK_1,imbalance_price,Short,2026-07-30T07:28:36Z
2026-07-30T07:25:17Z,2026-07-30T09:25:17+0200,e73b670a-bc29-4bfc-b6f4-93c290a4d3ee,2026-07-29T04:30:00Z,2026-07-29T06:30:00+0200,168.84,EUR/MWh,DK1,DK_1,imbalance_price,Long,2026-07-30T07:28:36Z
2026-07-30T07:25:17Z,2026-07-30T09:25:17+0200,e73b670a-bc29-4bfc-b6f4-93c290a4d3ee,2026-07-29T04:30:00Z,2026-07-29T06:30:00+0200,168.84,EUR/MWh,DK1,DK_1,imbalance_price,Short,2026-07-30T07:28:36Z
2026-07-30T07:25:17Z,2026-07-30T09:25:17+0200,e73b670a-bc29-4bfc-b6f4-93c290a4d3ee,2026-07-29T04:45:00Z,2026-07-29T06:45:00+0200,267.6,EUR/MWh,DK1,DK_1,imbalance_price,Long,2026-07-30T07:28:36Z
2026-07-30T07:25:17Z,2026-07-30T09:25:17+0200,e73b670a-bc29-4bfc-b6f4-93c290a4d3ee,2026-07-29T04:45:00Z,2026-07-29T06:45:00+0200,267.6,EUR/MWh,DK1,DK_1,imbalance_price,Short,2026-07-30T07:28:36Z
2026-07-30T07:25:17Z,2026-07-30T09:25:17+0200,e73b670a-bc29-4bfc-b6f4-93c290a4d3ee,2026-07-29T05:00:00Z,2026-07-29T07:00:00+0200,170.82,EUR/MWh,DK1,DK_1,imbalance_price,Long,2026-07-30T07:28:36Z
2026-07-30T07:25:17Z,2026-07-30T09:25:17+0200,e73b670a-bc29-4bfc-b6f4-93c290a4d3ee,2026-07-29T05:00:00Z,2026-07-29T07:00:00+0200,170.82,EUR/MWh,DK1,DK_1,imbalance_price,Short,2026-07-30T07:28:36Z
2026-07-30T07:25:17Z,2026-07-30T09:25:17+0200,e73b670a-bc29-4bfc-b6f4-93c290a4d3ee,2026-07-29T05:15:00Z,2026-07-29T07:15:00+0200,97.24,EUR/MWh,DK1,DK_1,imbalance_price,Long,2026-07-30T07:28:36Z
2026-07-30T07:25:17Z,2026-07-30T09:25:17+0200,e73b670a-bc29-4bfc-b6f4-93c290a4d3ee,2026-07-29T05:15:00Z,2026-07-29T07:15:00+0200,97.24,EUR/MWh,DK1,DK_1,imbalance_price,Short,2026-07-30T07:28:36Z
2026-07-30T07:25:17Z,2026-07-30T09:25:17+0200,e73b670a-bc29-4bfc-b6f4-93c290a4d3ee,2026-07-29T05:30:00Z,2026-07-29T07:30:00+0200,97.24,EUR/MWh,DK1,DK_1,imbalance_price,Long,2026-07-30T07:28:36Z
2026-07-30T07:25:17Z,2026-07-30T09:25:17+0200,e73b670a-bc29-4bfc-b6f4-93c290a4d3ee,2026-07-29T05:30:00Z,2026-07-29T07:30:00+0200,97.24,EUR/MWh,DK1,DK_1,imbalance_price,Short,2026-07-30T07:28:36Z
2026-07-30T07:25:17Z,2026-07-30T09:25:17+0200,e73b670a-bc29-4bfc-b6f4-93c290a4d3ee,2026-07-29T05:45:00Z,2026-07-29T07:45:00+0200,97.24,EUR/MWh,DK1,DK_1,imbalance_price,Long,2026-07-30T07:28:36Z
2026-07-30T07:25:17Z,2026-07-30T09:25:17+0200,e73b670a-bc29-4bfc-b6f4-93c290a4d3ee,2026-07-29T05:45:00Z,2026-07-29T07:45:00+0200,97.24,EUR/MWh,DK1,DK_1,imbalance_price,Short,2026-07-30T07:28:36Z
2026-07-30T07:25:17Z,2026-07-30T09:25:17+0200,e73b670a-bc29-4bfc-b6f4-93c290a4d3ee,2026-07-29T06:00:00Z,2026-07-29T08:00:00+0200,75.63,EUR/MWh,DK1,DK_1,imbalance_price,Long,2026-07-30T07:28:36Z
2026-07-30T07:25:17Z,2026-07-30T09:25:17+0200,e73b670a-bc29-4bfc-b6f4-93c290a4d3ee,2026-07-29T06:00:00Z,2026-07-29T08:00:00+0200,75.63,EUR/MWh,DK1,DK_1,imbalance_price,Short,2026-07-30T07:28:36Z
2026-07-30T07:25:17Z,2026-07-30T09:25:17+0200,e73b670a-bc29-4bfc-b6f4-93c290a4d3ee,2026-07-29T06:15:00Z,2026-07-29T08:15:00+0200,267.6,EUR/MWh,DK1,DK_1,imbalance_price,Long,2026-07-30T07:28:36Z
2026-07-30T07:25:17Z,2026-07-30T09:25:17+0200,e73b670a-bc29-4bfc-b6f4-93c290a4d3ee,2026-07-29T06:15:00Z,2026-07-29T08:15:00+0200,267.6,EUR/MWh,DK1,DK_1,imbalance_price,Short,2026-07-30T07:28:36Z
2026-07-30T07:25:17Z,2026-07-30T09:25:17+0200,e73b670a-bc29-4bfc-b6f4-93c290a4d3ee,2026-07-29T06:30:00Z,2026-07-29T08:30:00+0200,254.19,EUR/MWh,DK1,DK_1,imbalance_price,Long,2026-07-30T07:28:36Z
2026-07-30T07:25:17Z,2026-07-30T09:25:17+0200,e73b670a-bc29-4bfc-b6f4-93c290a4d3ee,2026-07-29T06:30:00Z,2026-07-29T08:30:00+0200,254.19,EUR/MWh,DK1,DK_1,imbalance_price,Short,2026-07-30T07:28:36Z
2026-07-30T07:25:17Z,2026-07-30T09:25:17+0200,e73b670a-bc29-4bfc-b6f4-93c290a4d3ee,2026-07-29T06:45:00Z,2026-07-29T08:45:00+0200,135.04,EUR/MWh,DK1,DK_1,imbalance_price,Long,2026-07-30T07:28:36Z
2026-07-30T07:25:17Z,2026-07-30T09:25:17+0200,e73b670a-bc29-4bfc-b6f4-93c290a4d3ee,2026-07-29T06:45:00Z,2026-07-29T08:45:00+0200,135.04,EUR/MWh,DK1,DK_1,imbalance_price,Short,2026-07-30T07:28:36Z
2026-07-30T07:25:17Z,2026-07-30T09:25:17+0200,e73b670a-bc29-4bfc-b6f4-93c290a4d3ee,2026-07-29T07:00:00Z,2026-07-29T09:00:00+0200,535.1,EUR/MWh,DK1,DK_1,imbalance_price,Long,2026-07-30T07:28:36Z
2026-07-30T07:25:17Z,2026-07-30T09:25:17+0200,e73b670a-bc29-4bfc-b6f4-93c290a4d3ee,2026-07-29T07:00:00Z,2026-07-29T09:00:00+0200,535.1,EUR/MWh,DK1,DK_1,imbalance_price,Short,2026-07-30T07:28:36Z
2026-07-30T07:25:17Z,2026-07-30T09:25:17+0200,e73b670a-bc29-4bfc-b6f4-93c290a4d3ee,2026-07-29T07:15:00Z,2026-07-29T09:15:00+0200,12.71,EUR/MWh,DK1,DK_1,imbalance_price,Long,2026-07-30T07:28:36Z
2026-07-30T07:25:17Z,2026-07-30T09:25:17+0200,e73b670a-bc29-4bfc-b6f4-93c290a4d3ee,2026-07-29T07:15:00Z,2026-07-29T09:15:00+0200,12.71,EUR/MWh,DK1,DK_1,imbalance_price,Short,2026-07-30T07:28:36Z
2026-07-30T07:25:17Z,2026-07-30T09:25:17+0200,e73b670a-bc29-4bfc-b6f4-93c290a4d3ee,2026-07-29T07:30:00Z,2026-07-29T09:30:00+0200,18.19,EUR/MWh,DK1,DK_1,imbalance_price,Long,2026-07-30T07:28:36Z
2026-07-30T07:25:17Z,2026-07-30T09:25:17+0200,e73b670a-bc29-4bfc-b6f4-93c290a4d3ee,2026-07-29T07:30:00Z,2026-07-29T09:30:00+0200,18.19,EUR/MWh,DK1,DK_1,imbalance_price,Short,2026-07-30T07:28:36Z
2026-07-30T07:25:17Z,2026-07-30T09:25:17+0200,e73b670a-bc29-4bfc-b6f4-93c290a4d3ee,2026-07-29T07:45:00Z,2026-07-29T09:45:00+0200,29.78,EUR/MWh,DK1,DK_1,imbalance_price,Long,2026-07-30T07:28:36Z
2026-07-30T07:25:17Z,2026-07-30T09:25:17+0200,e73b670a-bc29-4bfc-b6f4-93c290a4d3ee,2026-07-29T07:45:00Z,2026-07-29T09:45:00+0200,29.78,EUR/MWh,DK1,DK_1,imbalance_price,Short,2026-07-30T07:28:36Z
2026-07-30T07:25:17Z,2026-07-30T09:25:17+0200,e73b670a-bc29-4bfc-b6f4-93c290a4d3ee,2026-07-29T08:00:00Z,2026-07-29T10:00:00+0200,40.4,EUR/MWh,DK1,DK_1,imbalance_price,Long,2026-07-30T07:28:36Z
2026-07-30T07:25:17Z,2026-07-30T09:25:17+0200,e73b670a-bc29-4bfc-b6f4-93c290a4d3ee,2026-07-29T08:00:00Z,2026-07-29T10:00:00+0200,40.4,EUR/MWh,DK1,DK_1,imbalance_price,Short,2026-07-30T07:28:36Z
2026-07-30T07:25:17Z,2026-07-30T09:25:17+0200,e73b670a-bc29-4bfc-b6f4-93c290a4d3ee,2026-07-29T08:15:00Z,2026-07-29T10:15:00+0200,8.0,EUR/MWh,DK1,DK_1,imbalance_price,Long,2026-07-30T07:28:36Z
2026-07-30T07:25:17Z,2026-07-30T09:25:17+0200,e73b670a-bc29-4bfc-b6f4-93c290a4d3ee,2026-07-29T08:15:00Z,2026-07-29T10:15:00+0200,8.0,EUR/MWh,DK1,DK_1,imbalance_price,Short,2026-07-30T07:28:36Z
2026-07-30T07:25:17Z,2026-07-30T09:25:17+0200,e73b670a-bc29-4bfc-b6f4-93c290a4d3ee,2026-07-29T08:30:00Z,2026-07-29T10:30:00+0200,0.3,EUR/MWh,DK1,DK_1,imbalance_price,Long,2026-07-30T07:28:36Z
2026-07-30T07:25:17Z,2026-07-30T09:25:17+0200,e73b670a-bc29-4bfc-b6f4-93c290a4d3ee,2026-07-29T08:30:00Z,2026-07-29T10:30:00+0200,0.3,EUR/MWh,DK1,DK_1,imbalance_price,Short,2026-07-30T07:28:36Z
2026-07-30T07:25:17Z,2026-07-30T09:25:17+0200,e73b670a-bc29-4bfc-b6f4-93c290a4d3ee,2026-07-29T08:45:00Z,2026-07-29T10:45:00+0200,1.86,EUR/MWh,DK1,DK_1,imbalance_price,Long,2026-07-30T07:28:36Z
2026-07-30T07:25:17Z,2026-07-30T09:25:17+0200,e73b670a-bc29-4bfc-b6f4-93c290a4d3ee,2026-07-29T08:45:00Z,2026-07-29T10:45:00+0200,1.86,EUR/MWh,DK1,DK_1,imbalance_price,Short,2026-07-30T07:28:36Z
2026-07-30T07:25:17Z,2026-07-30T09:25:17+0200,e73b670a-bc29-4bfc-b6f4-93c290a4d3ee,2026-07-29T09:00:00Z,2026-07-29T11:00:00+0200,62.23,EUR/MWh,DK1,DK_1,imbalance_price,Long,2026-07-30T07:28:36Z
2026-07-30T07:25:17Z,2026-07-30T09:25:17+0200,e73b670a-bc29-4bfc-b6f4-93c290a4d3ee,2026-07-29T09:00:00Z,2026-07-29T11:00:00+0200,62.23,EUR/MWh,DK1,DK_1,imbalance_price,Short,2026-07-30T07:28:36Z
2026-07-30T07:25:17Z,2026-07-30T09:25:17+0200,e73b670a-bc29-4bfc-b6f4-93c290a4d3ee,2026-07-29T09:15:00Z,2026-07-29T11:15:00+0200,3.23,EUR/MWh,DK1,DK_1,imbalance_price,Long,2026-07-30T07:28:36Z
2026-07-30T07:25:17Z,2026-07-30T09:25:17+0200,e73b670a-bc29-4bfc-b6f4-93c290a4d3ee,2026-07-29T09:15:00Z,2026-07-29T11:15:00+0200,3.23,EUR/MWh,DK1,DK_1,imbalance_price,Short,2026-07-30T07:28:36Z
2026-07-30T07:25:17Z,2026-07-30T09:25:17+0200,e73b670a-bc29-4bfc-b6f4-93c290a4d3ee,2026-07-29T09:30:00Z,2026-07-29T11:30:00+0200,12.68,EUR/MWh,DK1,DK_1,imbalance_price,Long,2026-07-30T07:28:36Z
2026-07-30T07:25:17Z,2026-07-30T09:25:17+0200,e73b670a-bc29-4bfc-b6f4-93c290a4d3ee,2026-07-29T09:30:00Z,2026-07-29T11:30:00+0200,12.68,EUR/MWh,DK1,DK_1,imbalance_price,Short,2026-07-30T07:28:36Z
2026-07-30T07:25:17Z,2026-07-30T09:25:17+0200,e73b670a-bc29-4bfc-b6f4-93c290a4d3ee,2026-07-29T09:45:00Z,2026-07-29T11:45:00+0200,8.43,EUR/MWh,DK1,DK_1,imbalance_price,Long,2026-07-30T07:28:36Z
2026-07-30T07:25:17Z,2026-07-30T09:25:17+0200,e73b670a-bc29-4bfc-b6f4-93c290a4d3ee,2026-07-29T09:45:00Z,2026-07-29T11:45:00+0200,8.43,EUR/MWh,DK1,DK_1,imbalance_price,Short,2026-07-30T07:28:36Z
2026-07-30T07:25:17Z,2026-07-30T09:25:17+0200,e73b670a-bc29-4bfc-b6f4-93c290a4d3ee,2026-07-29T10:00:00Z,2026-07-29T12:00:00+0200,5.47,EUR/MWh,DK1,DK_1,imbalance_price,Long,2026-07-30T07:28:36Z
2026-07-30T07:25:17Z,2026-07-30T09:25:17+0200,e73b670a-bc29-4bfc-b6f4-93c290a4d3ee,2026-07-29T10:00:00Z,2026-07-29T12:00:00+0200,5.47,EUR/MWh,DK1,DK_1,imbalance_price,Short,2026-07-30T07:28:36Z
2026-07-30T07:25:17Z,2026-07-30T09:25:17+0200,e73b670a-bc29-4bfc-b6f4-93c290a4d3ee,2026-07-29T10:15:00Z,2026-07-29T12:15:00+0200,-9.89,EUR/MWh,DK1,DK_1,imbalance_price,Long,2026-07-30T07:28:36Z
2026-07-30T07:25:17Z,2026-07-30T09:25:17+0200,e73b670a-bc29-4bfc-b6f4-93c290a4d3ee,2026-07-29T10:15:00Z,2026-07-29T12:15:00+0200,-9.89,EUR/MWh,DK1,DK_1,imbalance_price,Short,2026-07-30T07:28:36Z
2026-07-30T07:25:17Z,2026-07-30T09:25:17+0200,e73b670a-bc29-4bfc-b6f4-93c290a4d3ee,2026-07-29T10:30:00Z,2026-07-29T12:30:00+0200,-6.69,EUR/MWh,DK1,DK_1,imbalance_price,Long,2026-07-30T07:28:36Z
2026-07-30T07:25:17Z,2026-07-30T09:25:17+0200,e73b670a-bc29-4bfc-b6f4-93c290a4d3ee,2026-07-29T10:30:00Z,2026-07-29T12:30:00+0200,-6.69,EUR/MWh,DK1,DK_1,imbalance_price,Short,2026-07-30T07:28:36Z
2026-07-30T07:25:17Z,2026-07-30T09:25:17+0200,e73b670a-bc29-4bfc-b6f4-93c290a4d3ee,2026-07-29T10:45:00Z,2026-07-29T12:45:00+0200,22.72,EUR/MWh,DK1,DK_1,imbalance_price,Long,2026-07-30T07:28:36Z
2026-07-30T07:25:17Z,2026-07-30T09:25:17+0200,e73b670a-bc29-4bfc-b6f4-93c290a4d3ee,2026-07-29T10:45:00Z,2026-07-29T12:45:00+0200,22.72,EUR/MWh,DK1,DK_1,imbalance_price,Short,2026-07-30T07:28:36Z
2026-07-30T07:25:17Z,2026-07-30T09:25:17+0200,e73b670a-bc29-4bfc-b6f4-93c290a4d3ee,2026-07-29T11:00:00Z,2026-07-29T13:00:00+0200,5.85,EUR/MWh,DK1,DK_1,imbalance_price,Long,2026-07-30T07:28:36Z
2026-07-30T07:25:17Z,2026-07-30T09:25:17+0200,e73b670a-bc29-4bfc-b6f4-93c290a4d3ee,2026-07-29T11:00:00Z,2026-07-29T13:00:00+0200,5.85,EUR/MWh,DK1,DK_1,imbalance_price,Short,2026-07-30T07:28:36Z
2026-07-30T07:25:17Z,2026-07-30T09:25:17+0200,e73b670a-bc29-4bfc-b6f4-93c290a4d3ee,2026-07-29T11:15:00Z,2026-07-29T13:15:00+0200,1.0,EUR/MWh,DK1,DK_1,imbalance_price,Long,2026-07-30T07:28:36Z
2026-07-30T07:25:17Z,2026-07-30T09:25:17+0200,e73b670a-bc29-4bfc-b6f4-93c290a4d3ee,2026-07-29T11:15:00Z,2026-07-29T13:15:00+0200,1.0,EUR/MWh,DK1,DK_1,imbalance_price,Short,2026-07-30T07:28:36Z
2026-07-30T07:25:17Z,2026-07-30T09:25:17+0200,e73b670a-bc29-4bfc-b6f4-93c290a4d3ee,2026-07-29T11:30:00Z,2026-07-29T13:30:00+0200,2.41,EUR/MWh,DK1,DK_1,imbalance_price,Long,2026-07-30T07:28:36Z
2026-07-30T07:25:17Z,2026-07-30T09:25:17+0200,e73b670a-bc29-4bfc-b6f4-93c290a4d3ee,2026-07-29T11:30:00Z,2026-07-29T13:30:00+0200,2.41,EUR/MWh,DK1,DK_1,imbalance_price,Short,2026-07-30T07:28:36Z
2026-07-30T07:25:17Z,2026-07-30T09:25:17+0200,e73b670a-bc29-4bfc-b6f4-93c290a4d3ee,2026-07-29T11:45:00Z,2026-07-29T13:45:00+0200,2.0,EUR/MWh,DK1,DK_1,imbalance_price,Long,2026-07-30T07:28:36Z
2026-07-30T07:25:17Z,2026-07-30T09:25:17+0200,e73b670a-bc29-4bfc-b6f4-93c290a4d3ee,2026-07-29T11:45:00Z,2026-07-29T13:45:00+0200,2.0,EUR/MWh,DK1,DK_1,imbalance_price,Short,2026-07-30T07:28:36Z
2026-07-30T07:25:17Z,2026-07-30T09:25:17+0200,e73b670a-bc29-4bfc-b6f4-93c290a4d3ee,2026-07-29T12:00:00Z,2026-07-29T14:00:00+0200,1.33,EUR/MWh,DK1,DK_1,imbalance_price,Long,2026-07-30T07:28:36Z
2026-07-30T07:25:17Z,2026-07-30T09:25:17+0200,e73b670a-bc29-4bfc-b6f4-93c290a4d3ee,2026-07-29T12:00:00Z,2026-07-29T14:00:00+0200,1.33,EUR/MWh,DK1,DK_1,imbalance_price,Short,2026-07-30T07:28:36Z
2026-07-30T07:25:17Z,2026-07-30T09:25:17+0200,e73b670a-bc29-4bfc-b6f4-93c290a4d3ee,2026-07-29T12:15:00Z,2026-07-29T14:15:00+0200,-2.72,EUR/MWh,DK1,DK_1,imbalance_price,Long,2026-07-30T07:28:36Z
2026-07-30T07:25:17Z,2026-07-30T09:25:17+0200,e73b670a-bc29-4bfc-b6f4-93c290a4d3ee,2026-07-29T12:15:00Z,2026-07-29T14:15:00+0200,-2.72,EUR/MWh,DK1,DK_1,imbalance_price,Short,2026-07-30T07:28:36Z
2026-07-30T07:25:17Z,2026-07-30T09:25:17+0200,e73b670a-bc29-4bfc-b6f4-93c290a4d3ee,2026-07-29T12:30:00Z,2026-07-29T14:30:00+0200,-3.41,EUR/MWh,DK1,DK_1,imbalance_price,Long,2026-07-30T07:28:36Z
2026-07-30T07:25:17Z,2026-07-30T09:25:17+0200,e73b670a-bc29-4bfc-b6f4-93c290a4d3ee,2026-07-29T12:30:00Z,2026-07-29T14:30:00+0200,-3.41,EUR/MWh,DK1,DK_1,imbalance_price,Short,2026-07-30T07:28:36Z
2026-07-30T07:25:17Z,2026-07-30T09:25:17+0200,e73b670a-bc29-4bfc-b6f4-93c290a4d3ee,2026-07-29T12:45:00Z,2026-07-29T14:45:00+0200,-6.09,EUR/MWh,DK1,DK_1,imbalance_price,Long,2026-07-30T07:28:36Z
2026-07-30T07:25:17Z,2026-07-30T09:25:17+0200,e73b670a-bc29-4bfc-b6f4-93c290a4d3ee,2026-07-29T12:45:00Z,2026-07-29T14:45:00+0200,-6.09,EUR/MWh,DK1,DK_1,imbalance_price,Short,2026-07-30T07:28:36Z
2026-07-30T07:25:17Z,2026-07-30T09:25:17+0200,e73b670a-bc29-4bfc-b6f4-93c290a4d3ee,2026-07-29T13:00:00Z,2026-07-29T15:00:00+0200,-6.08,EUR/MWh,DK1,DK_1,imbalance_price,Long,2026-07-30T07:28:36Z
2026-07-30T07:25:17Z,2026-07-30T09:25:17+0200,e73b670a-bc29-4bfc-b6f4-93c290a4d3ee,2026-07-29T13:00:00Z,2026-07-29T15:00:00+0200,-6.08,EUR/MWh,DK1,DK_1,imbalance_price,Short,2026-07-30T07:28:36Z
2026-07-30T07:25:17Z,2026-07-30T09:25:17+0200,e73b670a-bc29-4bfc-b6f4-93c290a4d3ee,2026-07-29T13:15:00Z,2026-07-29T15:15:00+0200,3.87,EUR/MWh,DK1,DK_1,imbalance_price,Long,2026-07-30T07:28:36Z
2026-07-30T07:25:17Z,2026-07-30T09:25:17+0200,e73b670a-bc29-4bfc-b6f4-93c290a4d3ee,2026-07-29T13:15:00Z,2026-07-29T15:15:00+0200,3.87,EUR/MWh,DK1,DK_1,imbalance_price,Short,2026-07-30T07:28:36Z
2026-07-30T07:25:17Z,2026-07-30T09:25:17+0200,e73b670a-bc29-4bfc-b6f4-93c290a4d3ee,2026-07-29T13:30:00Z,2026-07-29T15:30:00+0200,11.0,EUR/MWh,DK1,DK_1,imbalance_price,Long,2026-07-30T07:28:36Z
2026-07-30T07:25:17Z,2026-07-30T09:25:17+0200,e73b670a-bc29-4bfc-b6f4-93c290a4d3ee,2026-07-29T13:30:00Z,2026-07-29T15:30:00+0200,11.0,EUR/MWh,DK1,DK_1,imbalance_price,Short,2026-07-30T07:28:36Z
2026-07-30T07:25:17Z,2026-07-30T09:25:17+0200,e73b670a-bc29-4bfc-b6f4-93c290a4d3ee,2026-07-29T13:45:00Z,2026-07-29T15:45:00+0200,3.36,EUR/MWh,DK1,DK_1,imbalance_price,Long,2026-07-30T07:28:36Z
2026-07-30T07:25:17Z,2026-07-30T09:25:17+0200,e73b670a-bc29-4bfc-b6f4-93c290a4d3ee,2026-07-29T13:45:00Z,2026-07-29T15:45:00+0200,3.36,EUR/MWh,DK1,DK_1,imbalance_price,Short,2026-07-30T07:28:36Z
2026-07-30T07:25:17Z,2026-07-30T09:25:17+0200,e73b670a-bc29-4bfc-b6f4-93c290a4d3ee,2026-07-29T14:00:00Z,2026-07-29T16:00:00+0200,10.26,EUR/MWh,DK1,DK_1,imbalance_price,Long,2026-07-30T07:28:36Z
2026-07-30T07:25:17Z,2026-07-30T09:25:17+0200,e73b670a-bc29-4bfc-b6f4-93c290a4d3ee,2026-07-29T14:00:00Z,2026-07-29T16:00:00+0200,10.26,EUR/MWh,DK1,DK_1,imbalance_price,Short,2026-07-30T07:28:36Z
2026-07-30T07:25:17Z,2026-07-30T09:25:17+0200,e73b670a-bc29-4bfc-b6f4-93c290a4d3ee,2026-07-29T14:15:00Z,2026-07-29T16:15:00+0200,20.75,EUR/MWh,DK1,DK_1,imbalance_price,Long,2026-07-30T07:28:36Z
2026-07-30T07:25:17Z,2026-07-30T09:25:17+0200,e73b670a-bc29-4bfc-b6f4-93c290a4d3ee,2026-07-29T14:15:00Z,2026-07-29T16:15:00+0200,20.75,EUR/MWh,DK1,DK_1,imbalance_price,Short,2026-07-30T07:28:36Z
2026-07-30T07:25:17Z,2026-07-30T09:25:17+0200,e73b670a-bc29-4bfc-b6f4-93c290a4d3ee,2026-07-29T14:30:00Z,2026-07-29T16:30:00+0200,468.25,EUR/MWh,DK1,DK_1,imbalance_price,Long,2026-07-30T07:28:36Z
2026-07-30T07:25:17Z,2026-07-30T09:25:17+0200,e73b670a-bc29-4bfc-b6f4-93c290a4d3ee,2026-07-29T14:30:00Z,2026-07-29T16:30:00+0200,468.25,EUR/MWh,DK1,DK_1,imbalance_price,Short,2026-07-30T07:28:36Z
2026-07-30T07:25:17Z,2026-07-30T09:25:17+0200,e73b670a-bc29-4bfc-b6f4-93c290a4d3ee,2026-07-29T14:45:00Z,2026-07-29T16:45:00+0200,334.47,EUR/MWh,DK1,DK_1,imbalance_price,Long,2026-07-30T07:28:36Z
2026-07-30T07:25:17Z,2026-07-30T09:25:17+0200,e73b670a-bc29-4bfc-b6f4-93c290a4d3ee,2026-07-29T14:45:00Z,2026-07-29T16:45:00+0200,334.47,EUR/MWh,DK1,DK_1,imbalance_price,Short,2026-07-30T07:28:36Z
2026-07-30T07:25:17Z,2026-07-30T09:25:17+0200,e73b670a-bc29-4bfc-b6f4-93c290a4d3ee,2026-07-29T15:00:00Z,2026-07-29T17:00:00+0200,125.4,EUR/MWh,DK1,DK_1,imbalance_price,Long,2026-07-30T07:28:36Z
2026-07-30T07:25:17Z,2026-07-30T09:25:17+0200,e73b670a-bc29-4bfc-b6f4-93c290a4d3ee,2026-07-29T15:00:00Z,2026-07-29T17:00:00+0200,125.4,EUR/MWh,DK1,DK_1,imbalance_price,Short,2026-07-30T07:28:36Z
2026-07-30T07:25:17Z,2026-07-30T09:25:17+0200,e73b670a-bc29-4bfc-b6f4-93c290a4d3ee,2026-07-29T15:15:00Z,2026-07-29T17:15:00+0200,114.61,EUR/MWh,DK1,DK_1,imbalance_price,Long,2026-07-30T07:28:36Z
2026-07-30T07:25:17Z,2026-07-30T09:25:17+0200,e73b670a-bc29-4bfc-b6f4-93c290a4d3ee,2026-07-29T15:15:00Z,2026-07-29T17:15:00+0200,114.61,EUR/MWh,DK1,DK_1,imbalance_price,Short,2026-07-30T07:28:36Z
2026-07-30T07:25:17Z,2026-07-30T09:25:17+0200,e73b670a-bc29-4bfc-b6f4-93c290a4d3ee,2026-07-29T15:30:00Z,2026-07-29T17:30:00+0200,135.04,EUR/MWh,DK1,DK_1,imbalance_price,Long,2026-07-30T07:28:36Z
2026-07-30T07:25:17Z,2026-07-30T09:25:17+0200,e73b670a-bc29-4bfc-b6f4-93c290a4d3ee,2026-07-29T15:30:00Z,2026-07-29T17:30:00+0200,135.04,EUR/MWh,DK1,DK_1,imbalance_price,Short,2026-07-30T07:28:36Z
2026-07-30T07:25:17Z,2026-07-30T09:25:17+0200,e73b670a-bc29-4bfc-b6f4-93c290a4d3ee,2026-07-29T15:45:00Z,2026-07-29T17:45:00+0200,82.86,EUR/MWh,DK1,DK_1,imbalance_price,Long,2026-07-30T07:28:36Z
2026-07-30T07:25:17Z,2026-07-30T09:25:17+0200,e73b670a-bc29-4bfc-b6f4-93c290a4d3ee,2026-07-29T15:45:00Z,2026-07-29T17:45:00+0200,82.86,EUR/MWh,DK1,DK_1,imbalance_price,Short,2026-07-30T07:28:36Z
2026-07-30T07:25:17Z,2026-07-30T09:25:17+0200,e73b670a-bc29-4bfc-b6f4-93c290a4d3ee,2026-07-29T16:00:00Z,2026-07-29T18:00:00+0200,307.69,EUR/MWh,DK1,DK_1,imbalance_price,Long,2026-07-30T07:28:36Z
2026-07-30T07:25:17Z,2026-07-30T09:25:17+0200,e73b670a-bc29-4bfc-b6f4-93c290a4d3ee,2026-07-29T16:00:00Z,2026-07-29T18:00:00+0200,307.69,EUR/MWh,DK1,DK_1,imbalance_price,Short,2026-07-30T07:28:36Z
2026-07-30T07:25:17Z,2026-07-30T09:25:17+0200,e73b670a-bc29-4bfc-b6f4-93c290a4d3ee,2026-07-29T16:15:00Z,2026-07-29T18:15:00+0200,148.96,EUR/MWh,DK1,DK_1,imbalance_price,Long,2026-07-30T07:28:36Z
2026-07-30T07:25:17Z,2026-07-30T09:25:17+0200,e73b670a-bc29-4bfc-b6f4-93c290a4d3ee,2026-07-29T16:15:00Z,2026-07-29T18:15:00+0200,148.96,EUR/MWh,DK1,DK_1,imbalance_price,Short,2026-07-30T07:28:36Z
2026-07-30T07:25:17Z,2026-07-30T09:25:17+0200,e73b670a-bc29-4bfc-b6f4-93c290a4d3ee,2026-07-29T16:30:00Z,2026-07-29T18:30:00+0200,233.5,EUR/MWh,DK1,DK_1,imbalance_price,Long,2026-07-30T07:28:36Z
2026-07-30T07:25:17Z,2026-07-30T09:25:17+0200,e73b670a-bc29-4bfc-b6f4-93c290a4d3ee,2026-07-29T16:30:00Z,2026-07-29T18:30:00+0200,233.5,EUR/MWh,DK1,DK_1,imbalance_price,Short,2026-07-30T07:28:36Z
2026-07-30T07:25:17Z,2026-07-30T09:25:17+0200,e73b670a-bc29-4bfc-b6f4-93c290a4d3ee,2026-07-29T16:45:00Z,2026-07-29T18:45:00+0200,202.56,EUR/MWh,DK1,DK_1,imbalance_price,Long,2026-07-30T07:28:36Z
2026-07-30T07:25:17Z,2026-07-30T09:25:17+0200,e73b670a-bc29-4bfc-b6f4-93c290a4d3ee,2026-07-29T16:45:00Z,2026-07-29T18:45:00+0200,202.56,EUR/MWh,DK1,DK_1,imbalance_price,Short,2026-07-30T07:28:36Z
2026-07-30T07:25:17Z,2026-07-30T09:25:17+0200,e73b670a-bc29-4bfc-b6f4-93c290a4d3ee,2026-07-29T17:00:00Z,2026-07-29T19:00:00+0200,172.81,EUR/MWh,DK1,DK_1,imbalance_price,Long,2026-07-30T07:28:36Z
2026-07-30T07:25:17Z,2026-07-30T09:25:17+0200,e73b670a-bc29-4bfc-b6f4-93c290a4d3ee,2026-07-29T17:00:00Z,2026-07-29T19:00:00+0200,172.81,EUR/MWh,DK1,DK_1,imbalance_price,Short,2026-07-30T07:28:36Z
2026-07-30T07:25:17Z,2026-07-30T09:25:17+0200,e73b670a-bc29-4bfc-b6f4-93c290a4d3ee,2026-07-29T17:15:00Z,2026-07-29T19:15:00+0200,100.73,EUR/MWh,DK1,DK_1,imbalance_price,Long,2026-07-30T07:28:36Z
2026-07-30T07:25:17Z,2026-07-30T09:25:17+0200,e73b670a-bc29-4bfc-b6f4-93c290a4d3ee,2026-07-29T17:15:00Z,2026-07-29T19:15:00+0200,100.73,EUR/MWh,DK1,DK_1,imbalance_price,Short,2026-07-30T07:28:36Z
2026-07-30T07:25:17Z,2026-07-30T09:25:17+0200,e73b670a-bc29-4bfc-b6f4-93c290a4d3ee,2026-07-29T17:30:00Z,2026-07-29T19:30:00+0200,121.01,EUR/MWh,DK1,DK_1,imbalance_price,Long,2026-07-30T07:28:36Z
2026-07-30T07:25:17Z,2026-07-30T09:25:17+0200,e73b670a-bc29-4bfc-b6f4-93c290a4d3ee,2026-07-29T17:30:00Z,2026-07-29T19:30:00+0200,121.01,EUR/MWh,DK1,DK_1,imbalance_price,Short,2026-07-30T07:28:36Z
2026-07-30T07:25:17Z,2026-07-30T09:25:17+0200,e73b670a-bc29-4bfc-b6f4-93c290a4d3ee,2026-07-29T17:45:00Z,2026-07-29T19:45:00+0200,348.95,EUR/MWh,DK1,DK_1,imbalance_price,Long,2026-07-30T07:28:36Z
2026-07-30T07:25:17Z,2026-07-30T09:25:17+0200,e73b670a-bc29-4bfc-b6f4-93c290a4d3ee,2026-07-29T17:45:00Z,2026-07-29T19:45:00+0200,348.95,EUR/MWh,DK1,DK_1,imbalance_price,Short,2026-07-30T07:28:36Z
2026-07-30T07:25:17Z,2026-07-30T09:25:17+0200,e73b670a-bc29-4bfc-b6f4-93c290a4d3ee,2026-07-29T18:00:00Z,2026-07-29T20:00:00+0200,524.1,EUR/MWh,DK1,DK_1,imbalance_price,Long,2026-07-30T07:28:36Z
2026-07-30T07:25:17Z,2026-07-30T09:25:17+0200,e73b670a-bc29-4bfc-b6f4-93c290a4d3ee,2026-07-29T18:00:00Z,2026-07-29T20:00:00+0200,524.1,EUR/MWh,DK1,DK_1,imbalance_price,Short,2026-07-30T07:28:36Z
2026-07-30T07:25:17Z,2026-07-30T09:25:17+0200,e73b670a-bc29-4bfc-b6f4-93c290a4d3ee,2026-07-29T18:15:00Z,2026-07-29T20:15:00+0200,263.73,EUR/MWh,DK1,DK_1,imbalance_price,Long,2026-07-30T07:28:36Z
2026-07-30T07:25:17Z,2026-07-30T09:25:17+0200,e73b670a-bc29-4bfc-b6f4-93c290a4d3ee,2026-07-29T18:15:00Z,2026-07-29T20:15:00+0200,263.73,EUR/MWh,DK1,DK_1,imbalance_price,Short,2026-07-30T07:28:36Z
2026-07-30T07:25:17Z,2026-07-30T09:25:17+0200,e73b670a-bc29-4bfc-b6f4-93c290a4d3ee,2026-07-29T18:30:00Z,2026-07-29T20:30:00+0200,274.2,EUR/MWh,DK1,DK_1,imbalance_price,Long,2026-07-30T07:28:36Z
2026-07-30T07:25:17Z,2026-07-30T09:25:17+0200,e73b670a-bc29-4bfc-b6f4-93c290a4d3ee,2026-07-29T18:30:00Z,2026-07-29T20:30:00+0200,274.2,EUR/MWh,DK1,DK_1,imbalance_price,Short,2026-07-30T07:28:36Z
2026-07-30T07:25:17Z,2026-07-30T09:25:17+0200,e73b670a-bc29-4bfc-b6f4-93c290a4d3ee,2026-07-29T18:45:00Z,2026-07-29T20:45:00+0200,259.48,EUR/MWh,DK1,DK_1,imbalance_price,Long,2026-07-30T07:28:36Z
2026-07-30T07:25:17Z,2026-07-30T09:25:17+0200,e73b670a-bc29-4bfc-b6f4-93c290a4d3ee,2026-07-29T18:45:00Z,2026-07-29T20:45:00+0200,259.48,EUR/MWh,DK1,DK_1,imbalance_price,Short,2026-07-30T07:28:36Z
2026-07-30T07:25:17Z,2026-07-30T09:25:17+0200,e73b670a-bc29-4bfc-b6f4-93c290a4d3ee,2026-07-29T19:00:00Z,2026-07-29T21:00:00+0200,253.2,EUR/MWh,DK1,DK_1,imbalance_price,Long,2026-07-30T07:28:36Z
2026-07-30T07:25:17Z,2026-07-30T09:25:17+0200,e73b670a-bc29-4bfc-b6f4-93c290a4d3ee,2026-07-29T19:00:00Z,2026-07-29T21:00:00+0200,253.2,EUR/MWh,DK1,DK_1,imbalance_price,Short,2026-07-30T07:28:36Z
2026-07-30T07:25:17Z,2026-07-30T09:25:17+0200,e73b670a-bc29-4bfc-b6f4-93c290a4d3ee,2026-07-29T19:15:00Z,2026-07-29T21:15:00+0200,535.1,EUR/MWh,DK1,DK_1,imbalance_price,Long,2026-07-30T07:28:36Z
2026-07-30T07:25:17Z,2026-07-30T09:25:17+0200,e73b670a-bc29-4bfc-b6f4-93c290a4d3ee,2026-07-29T19:15:00Z,2026-07-29T21:15:00+0200,535.1,EUR/MWh,DK1,DK_1,imbalance_price,Short,2026-07-30T07:28:36Z
2026-07-30T07:25:17Z,2026-07-30T09:25:17+0200,e73b670a-bc29-4bfc-b6f4-93c290a4d3ee,2026-07-29T19:30:00Z,2026-07-29T21:30:00+0200,283.37,EUR/MWh,DK1,DK_1,imbalance_price,Long,2026-07-30T07:28:36Z
2026-07-30T07:25:17Z,2026-07-30T09:25:17+0200,e73b670a-bc29-4bfc-b6f4-93c290a4d3ee,2026-07-29T19:30:00Z,2026-07-29T21:30:00+0200,283.37,EUR/MWh,DK1,DK_1,imbalance_price,Short,2026-07-30T07:28:36Z
2026-07-30T07:25:17Z,2026-07-30T09:25:17+0200,e73b670a-bc29-4bfc-b6f4-93c290a4d3ee,2026-07-29T19:45:00Z,2026-07-29T21:45:00+0200,247.58,EUR/MWh,DK1,DK_1,imbalance_price,Long,2026-07-30T07:28:36Z
2026-07-30T07:25:17Z,2026-07-30T09:25:17+0200,e73b670a-bc29-4bfc-b6f4-93c290a4d3ee,2026-07-29T19:45:00Z,2026-07-29T21:45:00+0200,247.58,EUR/MWh,DK1,DK_1,imbalance_price,Short,2026-07-30T07:28:36Z
2026-07-30T07:25:17Z,2026-07-30T09:25:17+0200,e73b670a-bc29-4bfc-b6f4-93c290a4d3ee,2026-07-29T20:00:00Z,2026-07-29T22:00:00+0200,218.82,EUR/MWh,DK1,DK_1,imbalance_price,Long,2026-07-30T07:28:36Z
2026-07-30T07:25:17Z,2026-07-30T09:25:17+0200,e73b670a-bc29-4bfc-b6f4-93c290a4d3ee,2026-07-29T20:00:00Z,2026-07-29T22:00:00+0200,218.82,EUR/MWh,DK1,DK_1,imbalance_price,Short,2026-07-30T07:28:36Z
2026-07-30T07:25:17Z,2026-07-30T09:25:17+0200,e73b670a-bc29-4bfc-b6f4-93c290a4d3ee,2026-07-29T20:15:00Z,2026-07-29T22:15:00+0200,198.3,EUR/MWh,DK1,DK_1,imbalance_price,Long,2026-07-30T07:28:36Z
2026-07-30T07:25:17Z,2026-07-30T09:25:17+0200,e73b670a-bc29-4bfc-b6f4-93c290a4d3ee,2026-07-29T20:15:00Z,2026-07-29T22:15:00+0200,198.3,EUR/MWh,DK1,DK_1,imbalance_price,Short,2026-07-30T07:28:36Z
2026-07-30T07:25:17Z,2026-07-30T09:25:17+0200,e73b670a-bc29-4bfc-b6f4-93c290a4d3ee,2026-07-29T20:30:00Z,2026-07-29T22:30:00+0200,190.39,EUR/MWh,DK1,DK_1,imbalance_price,Long,2026-07-30T07:28:36Z
2026-07-30T07:25:17Z,2026-07-30T09:25:17+0200,e73b670a-bc29-4bfc-b6f4-93c290a4d3ee,2026-07-29T20:30:00Z,2026-07-29T22:30:00+0200,190.39,EUR/MWh,DK1,DK_1,imbalance_price,Short,2026-07-30T07:28:36Z
2026-07-30T07:25:17Z,2026-07-30T09:25:17+0200,e73b670a-bc29-4bfc-b6f4-93c290a4d3ee,2026-07-29T20:45:00Z,2026-07-29T22:45:00+0200,210.32,EUR/MWh,DK1,DK_1,imbalance_price,Long,2026-07-30T07:28:36Z
2026-07-30T07:25:17Z,2026-07-30T09:25:17+0200,e73b670a-bc29-4bfc-b6f4-93c290a4d3ee,2026-07-29T20:45:00Z,2026-07-29T22:45:00+0200,210.32,EUR/MWh,DK1,DK_1,imbalance_price,Short,2026-07-30T07:28:36Z
2026-07-30T07:25:17Z,2026-07-30T09:25:17+0200,e73b670a-bc29-4bfc-b6f4-93c290a4d3ee,2026-07-29T21:00:00Z,2026-07-29T23:00:00+0200,178.83,EUR/MWh,DK1,DK_1,imbalance_price,Long,2026-07-30T07:28:36Z
2026-07-30T07:25:17Z,2026-07-30T09:25:17+0200,e73b670a-bc29-4bfc-b6f4-93c290a4d3ee,2026-07-29T21:00:00Z,2026-07-29T23:00:00+0200,178.83,EUR/MWh,DK1,DK_1,imbalance_price,Short,2026-07-30T07:28:36Z
2026-07-30T07:25:17Z,2026-07-30T09:25:17+0200,e73b670a-bc29-4bfc-b6f4-93c290a4d3ee,2026-07-29T21:15:00Z,2026-07-29T23:15:00+0200,72.68,EUR/MWh,DK1,DK_1,imbalance_price,Long,2026-07-30T07:28:36Z
2026-07-30T07:25:17Z,2026-07-30T09:25:17+0200,e73b670a-bc29-4bfc-b6f4-93c290a4d3ee,2026-07-29T21:15:00Z,2026-07-29T23:15:00+0200,72.68,EUR/MWh,DK1,DK_1,imbalance_price,Short,2026-07-30T07:28:36Z
2026-07-30T07:25:17Z,2026-07-30T09:25:17+0200,e73b670a-bc29-4bfc-b6f4-93c290a4d3ee,2026-07-29T21:30:00Z,2026-07-29T23:30:00+0200,80.69,EUR/MWh,DK1,DK_1,imbalance_price,Long,2026-07-30T07:28:36Z
2026-07-30T07:25:17Z,2026-07-30T09:25:17+0200,e73b670a-bc29-4bfc-b6f4-93c290a4d3ee,2026-07-29T21:30:00Z,2026-07-29T23:30:00+0200,80.69,EUR/MWh,DK1,DK_1,imbalance_price,Short,2026-07-30T07:28:36Z
2026-07-30T07:25:17Z,2026-07-30T09:25:17+0200,e73b670a-bc29-4bfc-b6f4-93c290a4d3ee,2026-07-29T21:45:00Z,2026-07-29T23:45:00+0200,98.15,EUR/MWh,DK1,DK_1,imbalance_price,Long,2026-07-30T07:28:36Z
2026-07-30T07:25:17Z,2026-07-30T09:25:17+0200,e73b670a-bc29-4bfc-b6f4-93c290a4d3ee,2026-07-29T21:45:00Z,2026-07-29T23:45:00+0200,98.15,EUR/MWh,DK1,DK_1,imbalance_price,Short,2026-07-30T07:28:36Z
2026-07-30T07:25:17Z,2026-07-30T09:25:17+0200,e73b670a-bc29-4bfc-b6f4-93c290a4d3ee,2026-07-29T22:00:00Z,2026-07-30T00:00:00+0200,101.82,EUR/MWh,DK1,DK_1,imbalance_price,Long,2026-07-30T07:28:36Z
2026-07-30T07:25:17Z,2026-07-30T09:25:17+0200,e73b670a-bc29-4bfc-b6f4-93c290a4d3ee,2026-07-29T22:00:00Z,2026-07-30T00:00:00+0200,101.82,EUR/MWh,DK1,DK_1,imbalance_price,Short,2026-07-30T07:28:36Z
2026-07-30T07:25:17Z,2026-07-30T09:25:17+0200,e73b670a-bc29-4bfc-b6f4-93c290a4d3ee,2026-07-29T22:15:00Z,2026-07-30T00:15:00+0200,98.67,EUR/MWh,DK1,DK_1,imbalance_price,Long,2026-07-30T07:28:36Z
2026-07-30T07:25:17Z,2026-07-30T09:25:17+0200,e73b670a-bc29-4bfc-b6f4-93c290a4d3ee,2026-07-29T22:15:00Z,2026-07-30T00:15:00+0200,98.67,EUR/MWh,DK1,DK_1,imbalance_price,Short,2026-07-30T07:28:36Z
2026-07-30T07:25:17Z,2026-07-30T09:25:17+0200,e73b670a-bc29-4bfc-b6f4-93c290a4d3ee,2026-07-29T22:30:00Z,2026-07-30T00:30:00+0200,100.36,EUR/MWh,DK1,DK_1,imbalance_price,Long,2026-07-30T07:28:36Z
2026-07-30T07:25:17Z,2026-07-30T09:25:17+0200,e73b670a-bc29-4bfc-b6f4-93c290a4d3ee,2026-07-29T22:30:00Z,2026-07-30T00:30:00+0200,100.36,EUR/MWh,DK1,DK_1,imbalance_price,Short,2026-07-30T07:28:36Z
2026-07-30T07:25:17Z,2026-07-30T09:25:17+0200,e73b670a-bc29-4bfc-b6f4-93c290a4d3ee,2026-07-29T22:45:00Z,2026-07-30T00:45:00+0200,150.0,EUR/MWh,DK1,DK_1,imbalance_price,Long,2026-07-30T07:28:36Z
2026-07-30T07:25:17Z,2026-07-30T09:25:17+0200,e73b670a-bc29-4bfc-b6f4-93c290a4d3ee,2026-07-29T22:45:00Z,2026-07-30T00:45:00+0200,150.0,EUR/MWh,DK1,DK_1,imbalance_price,Short,2026-07-30T07:28:36Z
2026-07-30T07:25:17Z,2026-07-30T09:25:17+0200,e73b670a-bc29-4bfc-b6f4-93c290a4d3ee,2026-07-29T23:00:00Z,2026-07-30T01:00:00+0200,144.05,EUR/MWh,DK1,DK_1,imbalance_price,Long,2026-07-30T07:28:36Z
2026-07-30T07:25:17Z,2026-07-30T09:25:17+0200,e73b670a-bc29-4bfc-b6f4-93c290a4d3ee,2026-07-29T23:00:00Z,2026-07-30T01:00:00+0200,144.05,EUR/MWh,DK1,DK_1,imbalance_price,Short,2026-07-30T07:28:36Z
2026-07-30T07:25:17Z,2026-07-30T09:25:17+0200,e73b670a-bc29-4bfc-b6f4-93c290a4d3ee,2026-07-29T23:15:00Z,2026-07-30T01:15:00+0200,100.25,EUR/MWh,DK1,DK_1,imbalance_price,Long,2026-07-30T07:28:36Z
2026-07-30T07:25:17Z,2026-07-30T09:25:17+0200,e73b670a-bc29-4bfc-b6f4-93c290a4d3ee,2026-07-29T23:15:00Z,2026-07-30T01:15:00+0200,100.25,EUR/MWh,DK1,DK_1,imbalance_price,Short,2026-07-30T07:28:36Z
2026-07-30T07:25:17Z,2026-07-30T09:25:17+0200,e73b670a-bc29-4bfc-b6f4-93c290a4d3ee,2026-07-29T23:30:00Z,2026-07-30T01:30:00+0200,145.61,EUR/MWh,DK1,DK_1,imbalance_price,Long,2026-07-30T07:28:36Z
2026-07-30T07:25:17Z,2026-07-30T09:25:17+0200,e73b670a-bc29-4bfc-b6f4-93c290a4d3ee,2026-07-29T23:30:00Z,2026-07-30T01:30:00+0200,145.61,EUR/MWh,DK1,DK_1,imbalance_price,Short,2026-07-30T07:28:36Z
2026-07-30T07:25:17Z,2026-07-30T09:25:17+0200,e73b670a-bc29-4bfc-b6f4-93c290a4d3ee,2026-07-29T23:45:00Z,2026-07-30T01:45:00+0200,138.0,EUR/MWh,DK1,DK_1,imbalance_price,Long,2026-07-30T07:28:36Z
2026-07-30T07:25:17Z,2026-07-30T09:25:17+0200,e73b670a-bc29-4bfc-b6f4-93c290a4d3ee,2026-07-29T23:45:00Z,2026-07-30T01:45:00+0200,138.0,EUR/MWh,DK1,DK_1,imbalance_price,Short,2026-07-30T07:28:36Z
2026-07-30T07:25:17Z,2026-07-30T09:25:17+0200,e73b670a-bc29-4bfc-b6f4-93c290a4d3ee,2026-07-30T00:00:00Z,2026-07-30T02:00:00+0200,156.6,EUR/MWh,DK1,DK_1,imbalance_price,Long,2026-07-30T07:28:36Z
2026-07-30T07:25:17Z,2026-07-30T09:25:17+0200,e73b670a-bc29-4bfc-b6f4-93c290a4d3ee,2026-07-30T00:00:00Z,2026-07-30T02:00:00+0200,156.6,EUR/MWh,DK1,DK_1,imbalance_price,Short,2026-07-30T07:28:36Z
2026-07-30T07:25:17Z,2026-07-30T09:25:17+0200,e73b670a-bc29-4bfc-b6f4-93c290a4d3ee,2026-07-30T00:15:00Z,2026-07-30T02:15:00+0200,142.63,EUR/MWh,DK1,DK_1,imbalance_price,Long,2026-07-30T07:28:36Z
2026-07-30T07:25:17Z,2026-07-30T09:25:17+0200,e73b670a-bc29-4bfc-b6f4-93c290a4d3ee,2026-07-30T00:15:00Z,2026-07-30T02:15:00+0200,142.63,EUR/MWh,DK1,DK_1,imbalance_price,Short,2026-07-30T07:28:36Z
2026-07-30T07:25:17Z,2026-07-30T09:25:17+0200,e73b670a-bc29-4bfc-b6f4-93c290a4d3ee,2026-07-30T00:30:00Z,2026-07-30T02:30:00+0200,141.62,EUR/MWh,DK1,DK_1,imbalance_price,Long,2026-07-30T07:28:36Z
2026-07-30T07:25:17Z,2026-07-30T09:25:17+0200,e73b670a-bc29-4bfc-b6f4-93c290a4d3ee,2026-07-30T00:30:00Z,2026-07-30T02:30:00+0200,141.62,EUR/MWh,DK1,DK_1,imbalance_price,Short,2026-07-30T07:28:36Z
2026-07-30T07:25:17Z,2026-07-30T09:25:17+0200,e73b670a-bc29-4bfc-b6f4-93c290a4d3ee,2026-07-30T00:45:00Z,2026-07-30T02:45:00+0200,136.37,EUR/MWh,DK1,DK_1,imbalance_price,Long,2026-07-30T07:28:36Z
2026-07-30T07:25:17Z,2026-07-30T09:25:17+0200,e73b670a-bc29-4bfc-b6f4-93c290a4d3ee,2026-07-30T00:45:00Z,2026-07-30T02:45:00+0200,136.37,EUR/MWh,DK1,DK_1,imbalance_price,Short,2026-07-30T07:28:36Z
2026-07-30T07:25:17Z,2026-07-30T09:25:17+0200,e73b670a-bc29-4bfc-b6f4-93c290a4d3ee,2026-07-30T01:00:00Z,2026-07-30T03:00:00+0200,97.17,EUR/MWh,DK1,DK_1,imbalance_price,Long,2026-07-30T07:28:36Z
2026-07-30T07:25:17Z,2026-07-30T09:25:17+0200,e73b670a-bc29-4bfc-b6f4-93c290a4d3ee,2026-07-30T01:00:00Z,2026-07-30T03:00:00+0200,97.17,EUR/MWh,DK1,DK_1,imbalance_price,Short,2026-07-30T07:28:36Z
2026-07-30T07:25:17Z,2026-07-30T09:25:17+0200,e73b670a-bc29-4bfc-b6f4-93c290a4d3ee,2026-07-30T01:15:00Z,2026-07-30T03:15:00+0200,98.71,EUR/MWh,DK1,DK_1,imbalance_price,Long,2026-07-30T07:28:36Z
2026-07-30T07:25:17Z,2026-07-30T09:25:17+0200,e73b670a-bc29-4bfc-b6f4-93c290a4d3ee,2026-07-30T01:15:00Z,2026-07-30T03:15:00+0200,98.71,EUR/MWh,DK1,DK_1,imbalance_price,Short,2026-07-30T07:28:36Z
2026-07-30T07:25:17Z,2026-07-30T09:25:17+0200,e73b670a-bc29-4bfc-b6f4-93c290a4d3ee,2026-07-30T01:30:00Z,2026-07-30T03:30:00+0200,97.72,EUR/MWh,DK1,DK_1,imbalance_price,Long,2026-07-30T07:28:36Z
2026-07-30T07:25:17Z,2026-07-30T09:25:17+0200,e73b670a-bc29-4bfc-b6f4-93c290a4d3ee,2026-07-30T01:30:00Z,2026-07-30T03:30:00+0200,97.72,EUR/MWh,DK1,DK_1,imbalance_price,Short,2026-07-30T07:28:36Z
2026-07-30T07:25:17Z,2026-07-30T09:25:17+0200,e73b670a-bc29-4bfc-b6f4-93c290a4d3ee,2026-07-30T01:45:00Z,2026-07-30T03:45:00+0200,97.17,EUR/MWh,DK1,DK_1,imbalance_price,Long,2026-07-30T07:28:36Z
2026-07-30T07:25:17Z,2026-07-30T09:25:17+0200,e73b670a-bc29-4bfc-b6f4-93c290a4d3ee,2026-07-30T01:45:00Z,2026-07-30T03:45:00+0200,97.17,EUR/MWh,DK1,DK_1,imbalance_price,Short,2026-07-30T07:28:36Z
2026-07-30T07:25:17Z,2026-07-30T09:25:17+0200,e73b670a-bc29-4bfc-b6f4-93c290a4d3ee,2026-07-30T02:00:00Z,2026-07-30T04:00:00+0200,97.17,EUR/MWh,DK1,DK_1,imbalance_price,Long,2026-07-30T07:28:36Z
2026-07-30T07:25:17Z,2026-07-30T09:25:17+0200,e73b670a-bc29-4bfc-b6f4-93c290a4d3ee,2026-07-30T02:00:00Z,2026-07-30T04:00:00+0200,97.17,EUR/MWh,DK1,DK_1,imbalance_price,Short,2026-07-30T07:28:36Z
2026-07-30T07:25:17Z,2026-07-30T09:25:17+0200,e73b670a-bc29-4bfc-b6f4-93c290a4d3ee,2026-07-30T02:15:00Z,2026-07-30T04:15:00+0200,98.4,EUR/MWh,DK1,DK_1,imbalance_price,Long,2026-07-30T07:28:36Z
2026-07-30T07:25:17Z,2026-07-30T09:25:17+0200,e73b670a-bc29-4bfc-b6f4-93c290a4d3ee,2026-07-30T02:15:00Z,2026-07-30T04:15:00+0200,98.4,EUR/MWh,DK1,DK_1,imbalance_price,Short,2026-07-30T07:28:36Z
2026-07-30T07:25:17Z,2026-07-30T09:25:17+0200,e73b670a-bc29-4bfc-b6f4-93c290a4d3ee,2026-07-30T02:30:00Z,2026-07-30T04:30:00+0200,132.8,EUR/MWh,DK1,DK_1,imbalance_price,Long,2026-07-30T07:28:36Z
2026-07-30T07:25:17Z,2026-07-30T09:25:17+0200,e73b670a-bc29-4bfc-b6f4-93c290a4d3ee,2026-07-30T02:30:00Z,2026-07-30T04:30:00+0200,132.8,EUR/MWh,DK1,DK_1,imbalance_price,Short,2026-07-30T07:28:36Z
2026-07-30T07:25:17Z,2026-07-30T09:25:17+0200,e73b670a-bc29-4bfc-b6f4-93c290a4d3ee,2026-07-30T02:45:00Z,2026-07-30T04:45:00+0200,132.88,EUR/MWh,DK1,DK_1,imbalance_price,Long,2026-07-30T07:28:36Z
2026-07-30T07:25:17Z,2026-07-30T09:25:17+0200,e73b670a-bc29-4bfc-b6f4-93c290a4d3ee,2026-07-30T02:45:00Z,2026-07-30T04:45:00+0200,132.88,EUR/MWh,DK1,DK_1,imbalance_price,Short,2026-07-30T07:28:36Z
2026-07-30T07:25:17Z,2026-07-30T09:25:17+0200,e73b670a-bc29-4bfc-b6f4-93c290a4d3ee,2026-07-30T03:00:00Z,2026-07-30T05:00:00+0200,132.49,EUR/MWh,DK1,DK_1,imbalance_price,Long,2026-07-30T07:28:36Z
2026-07-30T07:25:17Z,2026-07-30T09:25:17+0200,e73b670a-bc29-4bfc-b6f4-93c290a4d3ee,2026-07-30T03:00:00Z,2026-07-30T05:00:00+0200,132.49,EUR/MWh,DK1,DK_1,imbalance_price,Short,2026-07-30T07:28:36Z
2026-07-30T07:25:17Z,2026-07-30T09:25:17+0200,e73b670a-bc29-4bfc-b6f4-93c290a4d3ee,2026-07-30T03:15:00Z,2026-07-30T05:15:00+0200,132.23,EUR/MWh,DK1,DK_1,imbalance_price,Long,2026-07-30T07:28:36Z
2026-07-30T07:25:17Z,2026-07-30T09:25:17+0200,e73b670a-bc29-4bfc-b6f4-93c290a4d3ee,2026-07-30T03:15:00Z,2026-07-30T05:15:00+0200,132.23,EUR/MWh,DK1,DK_1,imbalance_price,Short,2026-07-30T07:28:36Z
2026-07-30T07:25:17Z,2026-07-30T09:25:17+0200,e73b670a-bc29-4bfc-b6f4-93c290a4d3ee,2026-07-30T03:30:00Z,2026-07-30T05:30:00+0200,138.22,EUR/MWh,DK1,DK_1,imbalance_price,Long,2026-07-30T07:28:36Z
2026-07-30T07:25:17Z,2026-07-30T09:25:17+0200,e73b670a-bc29-4bfc-b6f4-93c290a4d3ee,2026-07-30T03:30:00Z,2026-07-30T05:30:00+0200,138.22,EUR/MWh,DK1,DK_1,imbalance_price,Short,2026-07-30T07:28:36Z
2026-07-30T07:25:17Z,2026-07-30T09:25:17+0200,e73b670a-bc29-4bfc-b6f4-93c290a4d3ee,2026-07-30T03:45:00Z,2026-07-30T05:45:00+0200,78.85,EUR/MWh,DK1,DK_1,imbalance_price,Long,2026-07-30T07:28:36Z
2026-07-30T07:25:17Z,2026-07-30T09:25:17+0200,e73b670a-bc29-4bfc-b6f4-93c290a4d3ee,2026-07-30T03:45:00Z,2026-07-30T05:45:00+0200,78.85,EUR/MWh,DK1,DK_1,imbalance_price,Short,2026-07-30T07:28:36Z
2026-07-30T07:25:17Z,2026-07-30T09:25:17+0200,e73b670a-bc29-4bfc-b6f4-93c290a4d3ee,2026-07-30T04:00:00Z,2026-07-30T06:00:00+0200,97.42,EUR/MWh,DK1,DK_1,imbalance_price,Long,2026-07-30T07:28:36Z
2026-07-30T07:25:17Z,2026-07-30T09:25:17+0200,e73b670a-bc29-4bfc-b6f4-93c290a4d3ee,2026-07-30T04:00:00Z,2026-07-30T06:00:00+0200,97.42,EUR/MWh,DK1,DK_1,imbalance_price,Short,2026-07-30T07:28:36Z
2026-07-30T07:25:17Z,2026-07-30T09:25:17+0200,e73b670a-bc29-4bfc-b6f4-93c290a4d3ee,2026-07-30T04:15:00Z,2026-07-30T06:15:00+0200,105.64,EUR/MWh,DK1,DK_1,imbalance_price,Long,2026-07-30T07:28:36Z
2026-07-30T07:25:17Z,2026-07-30T09:25:17+0200,e73b670a-bc29-4bfc-b6f4-93c290a4d3ee,2026-07-30T04:15:00Z,2026-07-30T06:15:00+0200,105.64,EUR/MWh,DK1,DK_1,imbalance_price,Short,2026-07-30T07:28:36Z
2026-07-30T07:25:17Z,2026-07-30T09:25:17+0200,e73b670a-bc29-4bfc-b6f4-93c290a4d3ee,2026-07-30T04:30:00Z,2026-07-30T06:30:00+0200,100.42,EUR/MWh,DK1,DK_1,imbalance_price,Long,2026-07-30T07:28:36Z
2026-07-30T07:25:17Z,2026-07-30T09:25:17+0200,e73b670a-bc29-4bfc-b6f4-93c290a4d3ee,2026-07-30T04:30:00Z,2026-07-30T06:30:00+0200,100.42,EUR/MWh,DK1,DK_1,imbalance_price,Short,2026-07-30T07:28:36Z
2026-07-30T07:25:17Z,2026-07-30T09:25:17+0200,e73b670a-bc29-4bfc-b6f4-93c290a4d3ee,2026-07-30T04:45:00Z,2026-07-30T06:45:00+0200,98.02,EUR/MWh,DK1,DK_1,imbalance_price,Long,2026-07-30T07:28:36Z
2026-07-30T07:25:17Z,2026-07-30T09:25:17+0200,e73b670a-bc29-4bfc-b6f4-93c290a4d3ee,2026-07-30T04:45:00Z,2026-07-30T06:45:00+0200,98.02,EUR/MWh,DK1,DK_1,imbalance_price,Short,2026-07-30T07:28:36Z
2026-07-30T07:25:17Z,2026-07-30T09:25:17+0200,e73b670a-bc29-4bfc-b6f4-93c290a4d3ee,2026-07-30T05:00:00Z,2026-07-30T07:00:00+0200,97.08,EUR/MWh,DK1,DK_1,imbalance_price,Long,2026-07-30T07:28:36Z
2026-07-30T07:25:17Z,2026-07-30T09:25:17+0200,e73b670a-bc29-4bfc-b6f4-93c290a4d3ee,2026-07-30T05:00:00Z,2026-07-30T07:00:00+0200,97.08,EUR/MWh,DK1,DK_1,imbalance_price,Short,2026-07-30T07:28:36Z
2026-07-30T07:25:17Z,2026-07-30T09:25:17+0200,e73b670a-bc29-4bfc-b6f4-93c290a4d3ee,2026-07-30T05:15:00Z,2026-07-30T07:15:00+0200,153.88,EUR/MWh,DK1,DK_1,imbalance_price,Long,2026-07-30T07:28:36Z
2026-07-30T07:25:17Z,2026-07-30T09:25:17+0200,e73b670a-bc29-4bfc-b6f4-93c290a4d3ee,2026-07-30T05:15:00Z,2026-07-30T07:15:00+0200,153.88,EUR/MWh,DK1,DK_1,imbalance_price,Short,2026-07-30T07:28:36Z
2026-07-30T07:25:17Z,2026-07-30T09:25:17+0200,e73b670a-bc29-4bfc-b6f4-93c290a4d3ee,2026-07-30T05:30:00Z,2026-07-30T07:30:00+0200,158.22,EUR/MWh,DK1,DK_1,imbalance_price,Long,2026-07-30T07:28:36Z
2026-07-30T07:25:17Z,2026-07-30T09:25:17+0200,e73b670a-bc29-4bfc-b6f4-93c290a4d3ee,2026-07-30T05:30:00Z,2026-07-30T07:30:00+0200,158.22,EUR/MWh,DK1,DK_1,imbalance_price,Short,2026-07-30T07:28:36Z
2026-07-30T07:25:17Z,2026-07-30T09:25:17+0200,e73b670a-bc29-4bfc-b6f4-93c290a4d3ee,2026-07-30T05:45:00Z,2026-07-30T07:45:00+0200,267.6,EUR/MWh,DK1,DK_1,imbalance_price,Long,2026-07-30T07:28:36Z
2026-07-30T07:25:17Z,2026-07-30T09:25:17+0200,e73b670a-bc29-4bfc-b6f4-93c290a4d3ee,2026-07-30T05:45:00Z,2026-07-30T07:45:00+0200,267.6,EUR/MWh,DK1,DK_1,imbalance_price,Short,2026-07-30T07:28:36Z
2026-07-30T07:25:17Z,2026-07-30T09:25:17+0200,e73b670a-bc29-4bfc-b6f4-93c290a4d3ee,2026-07-30T06:00:00Z,2026-07-30T08:00:00+0200,306.56,EUR/MWh,DK1,DK_1,imbalance_price,Long,2026-07-30T07:28:36Z
2026-07-30T07:25:17Z,2026-07-30T09:25:17+0200,e73b670a-bc29-4bfc-b6f4-93c290a4d3ee,2026-07-30T06:00:00Z,2026-07-30T08:00:00+0200,306.56,EUR/MWh,DK1,DK_1,imbalance_price,Short,2026-07-30T07:28:36Z
2026-07-30T07:25:17Z,2026-07-30T09:25:17+0200,e73b670a-bc29-4bfc-b6f4-93c290a4d3ee,2026-07-30T06:15:00Z,2026-07-30T08:15:00+0200,267.6,EUR/MWh,DK1,DK_1,imbalance_price,Long,2026-07-30T07:28:36Z
2026-07-30T07:25:17Z,2026-07-30T09:25:17+0200,e73b670a-bc29-4bfc-b6f4-93c290a4d3ee,2026-07-30T06:15:00Z,2026-07-30T08:15:00+0200,267.6,EUR/MWh,DK1,DK_1,imbalance_price,Short,2026-07-30T07:28:36Z
2026-07-30T07:25:17Z,2026-07-30T09:25:17+0200,e73b670a-bc29-4bfc-b6f4-93c290a4d3ee,2026-07-30T06:30:00Z,2026-07-30T08:30:00+0200,130.33,EUR/MWh,DK1,DK_1,imbalance_price,Long,2026-07-30T07:28:36Z
2026-07-30T07:25:17Z,2026-07-30T09:25:17+0200,e73b670a-bc29-4bfc-b6f4-93c290a4d3ee,2026-07-30T06:30:00Z,2026-07-30T08:30:00+0200,130.33,EUR/MWh,DK1,DK_1,imbalance_price,Short,2026-07-30T07:28:36Z
