collection_time_utc,collection_time_local,run_id,timestamp_utc,timestamp_local,value,unit,country,entsoe_area,variable,source,updated_at_utc
2026-09-25T14:35:14Z,2026-09-25T16:35:14+0200,11a69610-5784-4b57-b1a9-c7b60bf32891,2026-09-18T15:00:00Z,2026-09-18T17:00:00+0200,-3.97,EUR/MWh,DK1,DK_1,imbalance_price,Long,2026-09-25T14:38:37Z
2026-09-25T14:35:14Z,2026-09-25T16:35:14+0200,11a69610-5784-4b57-b1a9-c7b60bf32891,2026-09-18T15:00:00Z,2026-09-18T17:00:00+0200,-3.97,EUR/MWh,DK1,DK_1,imbalance_price,Short,2026-09-25T14:38:37Z
2026-09-25T14:35:14Z,2026-09-25T16:35:14+0200,11a69610-5784-4b57-b1a9-c7b60bf32891,2026-09-18T15:15:00Z,2026-09-18T17:15:00+0200,15.84,EUR/MWh,DK1,DK_1,imbalance_price,Long,2026-09-25T14:38:37Z
2026-09-25T14:35:14Z,2026-09-25T16:35:14+0200,11a69610-5784-4b57-b1a9-c7b60bf32891,2026-09-18T15:15:00Z,2026-09-18T17:15:00+0200,15.84,EUR/MWh,DK1,DK_1,imbalance_price,Short,2026-09-25T14:38:37Z
2026-09-25T14:35:14Z,2026-09-25T16:35:14+0200,11a69610-5784-4b57-b1a9-c7b60bf32891,2026-09-18T15:30:00Z,2026-09-18T17:30:00+0200,120.27,EUR/MWh,DK1,DK_1,imbalance_price,Long,2026-09-25T14:38:37Z
2026-09-25T14:35:14Z,2026-09-25T16:35:14+0200,11a69610-5784-4b57-b1a9-c7b60bf32891,2026-09-18T15:30:00Z,2026-09-18T17:30:00+0200,120.27,EUR/MWh,DK1,DK_1,imbalance_price,Short,2026-09-25T14:38:37Z
2026-09-25T14:35:14Z,2026-09-25T16:35:14+0200,11a69610-5784-4b57-b1a9-c7b60bf32891,2026-09-18T15:45:00Z,2026-09-18T17:45:00+0200,131.8,EUR/MWh,DK1,DK_1,imbalance_price,Long,2026-09-25T14:38:37Z
2026-09-25T14:35:14Z,2026-09-25T16:35:14+0200,11a69610-5784-4b57-b1a9-c7b60bf32891,2026-09-18T15:45:00Z,2026-09-18T17:45:00+0200,131.8,EUR/MWh,DK1,DK_1,imbalance_price,Short,2026-09-25T14:38:37Z
2026-09-25T14:35:14Z,2026-09-25T16:35:14+0200,11a69610-5784-4b57-b1a9-c7b60bf32891,2026-09-18T16:00:00Z,2026-09-18T18:00:00+0200,132.03,EUR/MWh,DK1,DK_1,imbalance_price,Long,2026-09-25T14:38:37Z
2026-09-25T14:35:14Z,2026-09-25T16:35:14+0200,11a69610-5784-4b57-b1a9-c7b60bf32891,2026-09-18T16:00:00Z,2026-09-18T18:00:00+0200,132.03,EUR/MWh,DK1,DK_1,imbalance_price,Short,2026-09-25T14:38:37Z
2026-09-25T14:35:14Z,2026-09-25T16:35:14+0200,11a69610-5784-4b57-b1a9-c7b60bf32891,2026-09-18T16:15:00Z,2026-09-18T18:15:00+0200,334.45,EUR/MWh,DK1,DK_1,imbalance_price,Long,2026-09-25T14:38:37Z
2026-09-25T14:35:14Z,2026-09-25T16:35:14+0200,11a69610-5784-4b57-b1a9-c7b60bf32891,2026-09-18T16:15:00Z,2026-09-18T18:15:00+0200,334.45,EUR/MWh,DK1,DK_1,imbalance_price,Short,2026-09-25T14:38:37Z
2026-09-25T14:35:14Z,2026-09-25T16:35:14+0200,11a69610-5784-4b57-b1a9-c7b60bf32891,2026-09-18T16:30:00Z,2026-09-18T18:30:00+0200,140.94,EUR/MWh,DK1,DK_1,imbalance_price,Long,2026-09-25T14:38:37Z
2026-09-25T14:35:14Z,2026-09-25T16:35:14+0200,11a69610-5784-4b57-b1a9-c7b60bf32891,2026-09-18T16:30:00Z,2026-09-18T18:30:00+0200,140.94,EUR/MWh,DK1,DK_1,imbalance_price,Short,2026-09-25T14:38:37Z
2026-09-25T14:35:14Z,2026-09-25T16:35:14+0200,11a69610-5784-4b57-b1a9-c7b60bf32891,2026-09-18T16:45:00Z,2026-09-18T18:45:00+0200,138.05,EUR/MWh,DK1,DK_1,imbalance_price,Long,2026-09-25T14:38:37Z
2026-09-25T14:35:14Z,2026-09-25T16:35:14+0200,11a69610-5784-4b57-b1a9-c7b60bf32891,2026-09-18T16:45:00Z,2026-09-18T18:45:00+0200,138.05,EUR/MWh,DK1,DK_1,imbalance_price,Short,2026-09-25T14:38:37Z
2026-09-25T14:35:14Z,2026-09-25T16:35:14+0200,11a69610-5784-4b57-b1a9-c7b60bf32891,2026-09-18T17:00:00Z,2026-09-18T19:00:00+0200,149.27,EUR/MWh,DK1,DK_1,imbalance_price,Long,2026-09-25T14:38:37Z
2026-09-25T14:35:14Z,2026-09-25T16:35:14+0200,11a69610-5784-4b57-b1a9-c7b60bf32891,2026-09-18T17:00:00Z,2026-09-18T19:00:00+0200,149.27,EUR/MWh,DK1,DK_1,imbalance_price,Short,2026-09-25T14:38:37Z
2026-09-25T14:35:14Z,2026-09-25T16:35:14+0200,11a69610-5784-4b57-b1a9-c7b60bf32891,2026-09-18T17:15:00Z,2026-09-18T19:15:00+0200,294.36,EUR/MWh,DK1,DK_1,imbalance_price,Long,2026-09-25T14:38:37Z
2026-09-25T14:35:14Z,2026-09-25T16:35:14+0200,11a69610-5784-4b57-b1a9-c7b60bf32891,2026-09-18T17:15:00Z,2026-09-18T19:15:00+0200,294.36,EUR/MWh,DK1,DK_1,imbalance_price,Short,2026-09-25T14:38:37Z
2026-09-25T14:35:14Z,2026-09-25T16:35:14+0200,11a69610-5784-4b57-b1a9-c7b60bf32891,2026-09-18T17:30:00Z,2026-09-18T19:30:00+0200,301.0,EUR/MWh,DK1,DK_1,imbalance_price,Long,2026-09-25T14:38:37Z
2026-09-25T14:35:14Z,2026-09-25T16:35:14+0200,11a69610-5784-4b57-b1a9-c7b60bf32891,2026-09-18T17:30:00Z,2026-09-18T19:30:00+0200,301.0,EUR/MWh,DK1,DK_1,imbalance_price,Short,2026-09-25T14:38:37Z
2026-09-25T14:35:14Z,2026-09-25T16:35:14+0200,11a69610-5784-4b57-b1a9-c7b60bf32891,2026-09-18T17:45:00Z,2026-09-18T19:45:00+0200,334.45,EUR/MWh,DK1,DK_1,imbalance_price,Long,2026-09-25T14:38:37Z
2026-09-25T14:35:14Z,2026-09-25T16:35:14+0200,11a69610-5784-4b57-b1a9-c7b60bf32891,2026-09-18T17:45:00Z,2026-09-18T19:45:00+0200,334.45,EUR/MWh,DK1,DK_1,imbalance_price,Short,2026-09-25T14:38:37Z
2026-09-25T14:35:14Z,2026-09-25T16:35:14+0200,11a69610-5784-4b57-b1a9-c7b60bf32891,2026-09-18T18:00:00Z,2026-09-18T20:00:00+0200,200.7,EUR/MWh,DK1,DK_1,imbalance_price,Long,2026-09-25T14:38:37Z
2026-09-25T14:35:14Z,2026-09-25T16:35:14+0200,11a69610-5784-4b57-b1a9-c7b60bf32891,2026-09-18T18:00:00Z,2026-09-18T20:00:00+0200,200.7,EUR/MWh,DK1,DK_1,imbalance_price,Short,2026-09-25T14:38:37Z
2026-09-25T14:35:14Z,2026-09-25T16:35:14+0200,11a69610-5784-4b57-b1a9-c7b60bf32891,2026-09-18T18:15:00Z,2026-09-18T20:15:00+0200,153.87,EUR/MWh,DK1,DK_1,imbalance_price,Long,2026-09-25T14:38:37Z
2026-09-25T14:35:14Z,2026-09-25T16:35:14+0200,11a69610-5784-4b57-b1a9-c7b60bf32891,2026-09-18T18:15:00Z,2026-09-18T20:15:00+0200,153.87,EUR/MWh,DK1,DK_1,imbalance_price,Short,2026-09-25T14:38:37Z
2026-09-25T14:35:14Z,2026-09-25T16:35:14+0200,11a69610-5784-4b57-b1a9-c7b60bf32891,2026-09-18T18:30:00Z,2026-09-18T20:30:00+0200,36.73,EUR/MWh,DK1,DK_1,imbalance_price,Long,2026-09-25T14:38:37Z
2026-09-25T14:35:14Z,2026-09-25T16:35:14+0200,11a69610-5784-4b57-b1a9-c7b60bf32891,2026-09-18T18:30:00Z,2026-09-18T20:30:00+0200,36.73,EUR/MWh,DK1,DK_1,imbalance_price,Short,2026-09-25T14:38:37Z
2026-09-25T14:35:14Z,2026-09-25T16:35:14+0200,11a69610-5784-4b57-b1a9-c7b60bf32891,2026-09-18T18:45:00Z,2026-09-18T20:45:00+0200,23.7,EUR/MWh,DK1,DK_1,imbalance_price,Long,2026-09-25T14:38:37Z
2026-09-25T14:35:14Z,2026-09-25T16:35:14+0200,11a69610-5784-4b57-b1a9-c7b60bf32891,2026-09-18T18:45:00Z,2026-09-18T20:45:00+0200,23.7,EUR/MWh,DK1,DK_1,imbalance_price,Short,2026-09-25T14:38:37Z
2026-09-25T14:35:14Z,2026-09-25T16:35:14+0200,11a69610-5784-4b57-b1a9-c7b60bf32891,2026-09-18T19:00:00Z,2026-09-18T21:00:00+0200,12.36,EUR/MWh,DK1,DK_1,imbalance_price,Long,2026-09-25T14:38:37Z
2026-09-25T14:35:14Z,2026-09-25T16:35:14+0200,11a69610-5784-4b57-b1a9-c7b60bf32891,2026-09-18T19:00:00Z,2026-09-18T21:00:00+0200,12.36,EUR/MWh,DK1,DK_1,imbalance_price,Short,2026-09-25T14:38:37Z
2026-09-25T14:35:14Z,2026-09-25T16:35:14+0200,11a69610-5784-4b57-b1a9-c7b60bf32891,2026-09-18T19:15:00Z,2026-09-18T21:15:00+0200,11.28,EUR/MWh,DK1,DK_1,imbalance_price,Long,2026-09-25T14:38:37Z
2026-09-25T14:35:14Z,2026-09-25T16:35:14+0200,11a69610-5784-4b57-b1a9-c7b60bf32891,2026-09-18T19:15:00Z,2026-09-18T21:15:00+0200,11.28,EUR/MWh,DK1,DK_1,imbalance_price,Short,2026-09-25T14:38:37Z
2026-09-25T14:35:14Z,2026-09-25T16:35:14+0200,11a69610-5784-4b57-b1a9-c7b60bf32891,2026-09-18T19:30:00Z,2026-09-18T21:30:00+0200,-0.33,EUR/MWh,DK1,DK_1,imbalance_price,Long,2026-09-25T14:38:37Z
2026-09-25T14:35:14Z,2026-09-25T16:35:14+0200,11a69610-5784-4b57-b1a9-c7b60bf32891,2026-09-18T19:30:00Z,2026-09-18T21:30:00+0200,-0.33,EUR/MWh,DK1,DK_1,imbalance_price,Short,2026-09-25T14:38:37Z
2026-09-25T14:35:14Z,2026-09-25T16:35:14+0200,11a69610-5784-4b57-b1a9-c7b60bf32891,2026-09-18T19:45:00Z,2026-09-18T21:45:00+0200,5.19,EUR/MWh,DK1,DK_1,imbalance_price,Long,2026-09-25T14:38:37Z
2026-09-25T14:35:14Z,2026-09-25T16:35:14+0200,11a69610-5784-4b57-b1a9-c7b60bf32891,2026-09-18T19:45:00Z,2026-09-18T21:45:00+0200,5.19,EUR/MWh,DK1,DK_1,imbalance_price,Short,2026-09-25T14:38:37Z
2026-09-25T14:35:14Z,2026-09-25T16:35:14+0200,11a69610-5784-4b57-b1a9-c7b60bf32891,2026-09-18T20:00:00Z,2026-09-18T22:00:00+0200,10.7,EUR/MWh,DK1,DK_1,imbalance_price,Long,2026-09-25T14:38:37Z
2026-09-25T14:35:14Z,2026-09-25T16:35:14+0200,11a69610-5784-4b57-b1a9-c7b60bf32891,2026-09-18T20:00:00Z,2026-09-18T22:00:00+0200,10.7,EUR/MWh,DK1,DK_1,imbalance_price,Short,2026-09-25T14:38:37Z
2026-09-25T14:35:14Z,2026-09-25T16:35:14+0200,11a69610-5784-4b57-b1a9-c7b60bf32891,2026-09-18T20:15:00Z,2026-09-18T22:15:00+0200,3.62,EUR/MWh,DK1,DK_1,imbalance_price,Long,2026-09-25T14:38:37Z
2026-09-25T14:35:14Z,2026-09-25T16:35:14+0200,11a69610-5784-4b57-b1a9-c7b60bf32891,2026-09-18T20:15:00Z,2026-09-18T22:15:00+0200,3.62,EUR/MWh,DK1,DK_1,imbalance_price,Short,2026-09-25T14:38:37Z
2026-09-25T14:35:14Z,2026-09-25T16:35:14+0200,11a69610-5784-4b57-b1a9-c7b60bf32891,2026-09-18T20:30:00Z,2026-09-18T22:30:00+0200,0.17,EUR/MWh,DK1,DK_1,imbalance_price,Long,2026-09-25T14:38:37Z
2026-09-25T14:35:14Z,2026-09-25T16:35:14+0200,11a69610-5784-4b57-b1a9-c7b60bf32891,2026-09-18T20:30:00Z,2026-09-18T22:30:00+0200,0.17,EUR/MWh,DK1,DK_1,imbalance_price,Short,2026-09-25T14:38:37Z
2026-09-25T14:35:14Z,2026-09-25T16:35:14+0200,11a69610-5784-4b57-b1a9-c7b60bf32891,2026-09-18T20:45:00Z,2026-09-18T22:45:00+0200,6.68,EUR/MWh,DK1,DK_1,imbalance_price,Long,2026-09-25T14:38:37Z
2026-09-25T14:35:14Z,2026-09-25T16:35:14+0200,11a69610-5784-4b57-b1a9-c7b60bf32891,2026-09-18T20:45:00Z,2026-09-18T22:45:00+0200,6.68,EUR/MWh,DK1,DK_1,imbalance_price,Short,2026-09-25T14:38:37Z
2026-09-25T14:35:14Z,2026-09-25T16:35:14+0200,11a69610-5784-4b57-b1a9-c7b60bf32891,2026-09-18T21:00:00Z,2026-09-18T23:00:00+0200,10.03,EUR/MWh,DK1,DK_1,imbalance_price,Long,2026-09-25T14:38:37Z
2026-09-25T14:35:14Z,2026-09-25T16:35:14+0200,11a69610-5784-4b57-b1a9-c7b60bf32891,2026-09-18T21:00:00Z,2026-09-18T23:00:00+0200,10.03,EUR/MWh,DK1,DK_1,imbalance_price,Short,2026-09-25T14:38:37Z
2026-09-25T14:35:14Z,2026-09-25T16:35:14+0200,11a69610-5784-4b57-b1a9-c7b60bf32891,2026-09-18T21:15:00Z,2026-09-18T23:15:00+0200,2.87,EUR/MWh,DK1,DK_1,imbalance_price,Long,2026-09-25T14:38:37Z
2026-09-25T14:35:14Z,2026-09-25T16:35:14+0200,11a69610-5784-4b57-b1a9-c7b60bf32891,2026-09-18T21:15:00Z,2026-09-18T23:15:00+0200,2.87,EUR/MWh,DK1,DK_1,imbalance_price,Short,2026-09-25T14:38:37Z
2026-09-25T14:35:14Z,2026-09-25T16:35:14+0200,11a69610-5784-4b57-b1a9-c7b60bf32891,2026-09-18T21:30:00Z,2026-09-18T23:30:00+0200,8.28,EUR/MWh,DK1,DK_1,imbalance_price,Long,2026-09-25T14:38:37Z
2026-09-25T14:35:14Z,2026-09-25T16:35:14+0200,11a69610-5784-4b57-b1a9-c7b60bf32891,2026-09-18T21:30:00Z,2026-09-18T23:30:00+0200,8.28,EUR/MWh,DK1,DK_1,imbalance_price,Short,2026-09-25T14:38:37Z
2026-09-25T14:35:14Z,2026-09-25T16:35:14+0200,11a69610-5784-4b57-b1a9-c7b60bf32891,2026-09-18T21:45:00Z,2026-09-18T23:45:00+0200,2.5,EUR/MWh,DK1,DK_1,imbalance_price,Long,2026-09-25T14:38:37Z
2026-09-25T14:35:14Z,2026-09-25T16:35:14+0200,11a69610-5784-4b57-b1a9-c7b60bf32891,2026-09-18T21:45:00Z,2026-09-18T23:45:00+0200,2.5,EUR/MWh,DK1,DK_1,imbalance_price,Short,2026-09-25T14:38:37Z
2026-09-25T14:35:14Z,2026-09-25T16:35:14+0200,11a69610-5784-4b57-b1a9-c7b60bf32891,2026-09-18T22:00:00Z,2026-09-19T00:00:00+0200,-3.92,EUR/MWh,DK1,DK_1,imbalance_price,Long,2026-09-25T14:38:37Z
2026-09-25T14:35:14Z,2026-09-25T16:35:14+0200,11a69610-5784-4b57-b1a9-c7b60bf32891,2026-09-18T22:00:00Z,2026-09-19T00:00:00+0200,-3.92,EUR/MWh,DK1,DK_1,imbalance_price,Short,2026-09-25T14:38:37Z
2026-09-25T14:35:14Z,2026-09-25T16:35:14+0200,11a69610-5784-4b57-b1a9-c7b60bf32891,2026-09-18T22:15:00Z,2026-09-19T00:15:00+0200,0.0,EUR/MWh,DK1,DK_1,imbalance_price,Long,2026-09-25T14:38:37Z
2026-09-25T14:35:14Z,2026-09-25T16:35:14+0200,11a69610-5784-4b57-b1a9-c7b60bf32891,2026-09-18T22:15:00Z,2026-09-19T00:15:00+0200,0.0,EUR/MWh,DK1,DK_1,imbalance_price,Short,2026-09-25T14:38:37Z
2026-09-25T14:35:14Z,2026-09-25T16:35:14+0200,11a69610-5784-4b57-b1a9-c7b60bf32891,2026-09-18T22:30:00Z,2026-09-19T00:30:00+0200,43.25,EUR/MWh,DK1,DK_1,imbalance_price,Long,2026-09-25T14:38:37Z
2026-09-25T14:35:14Z,2026-09-25T16:35:14+0200,11a69610-5784-4b57-b1a9-c7b60bf32891,2026-09-18T22:30:00Z,2026-09-19T00:30:00+0200,43.25,EUR/MWh,DK1,DK_1,imbalance_price,Short,2026-09-25T14:38:37Z
2026-09-25T14:35:14Z,2026-09-25T16:35:14+0200,11a69610-5784-4b57-b1a9-c7b60bf32891,2026-09-18T22:45:00Z,2026-09-19T00:45:00+0200,6.69,EUR/MWh,DK1,DK_1,imbalance_price,Long,2026-09-25T14:38:37Z
2026-09-25T14:35:14Z,2026-09-25T16:35:14+0200,11a69610-5784-4b57-b1a9-c7b60bf32891,2026-09-18T22:45:00Z,2026-09-19T00:45:00+0200,6.69,EUR/MWh,DK1,DK_1,imbalance_price,Short,2026-09-25T14:38:37Z
2026-09-25T14:35:14Z,2026-09-25T16:35:14+0200,11a69610-5784-4b57-b1a9-c7b60bf32891,2026-09-18T23:00:00Z,2026-09-19T01:00:00+0200,9.63,EUR/MWh,DK1,DK_1,imbalance_price,Long,2026-09-25T14:38:37Z
2026-09-25T14:35:14Z,2026-09-25T16:35:14+0200,11a69610-5784-4b57-b1a9-c7b60bf32891,2026-09-18T23:00:00Z,2026-09-19T01:00:00+0200,9.63,EUR/MWh,DK1,DK_1,imbalance_price,Short,2026-09-25T14:38:37Z
2026-09-25T14:35:14Z,2026-09-25T16:35:14+0200,11a69610-5784-4b57-b1a9-c7b60bf32891,2026-09-18T23:15:00Z,2026-09-19T01:15:00+0200,7.24,EUR/MWh,DK1,DK_1,imbalance_price,Long,2026-09-25T14:38:37Z
2026-09-25T14:35:14Z,2026-09-25T16:35:14+0200,11a69610-5784-4b57-b1a9-c7b60bf32891,2026-09-18T23:15:00Z,2026-09-19T01:15:00+0200,7.24,EUR/MWh,DK1,DK_1,imbalance_price,Short,2026-09-25T14:38:37Z
2026-09-25T14:35:14Z,2026-09-25T16:35:14+0200,11a69610-5784-4b57-b1a9-c7b60bf32891,2026-09-18T23:30:00Z,2026-09-19T01:30:00+0200,-0.81,EUR/MWh,DK1,DK_1,imbalance_price,Long,2026-09-25T14:38:37Z
2026-09-25T14:35:14Z,2026-09-25T16:35:14+0200,11a69610-5784-4b57-b1a9-c7b60bf32891,2026-09-18T23:30:00Z,2026-09-19T01:30:00+0200,-0.81,EUR/MWh,DK1,DK_1,imbalance_price,Short,2026-09-25T14:38:37Z
2026-09-25T14:35:14Z,2026-09-25T16:35:14+0200,11a69610-5784-4b57-b1a9-c7b60bf32891,2026-09-18T23:45:00Z,2026-09-19T01:45:00+0200,-0.48,EUR/MWh,DK1,DK_1,imbalance_price,Long,2026-09-25T14:38:37Z
2026-09-25T14:35:14Z,2026-09-25T16:35:14+0200,11a69610-5784-4b57-b1a9-c7b60bf32891,2026-09-18T23:45:00Z,2026-09-19T01:45:00+0200,-0.48,EUR/MWh,DK1,DK_1,imbalance_price,Short,2026-09-25T14:38:37Z
2026-09-25T14:35:14Z,2026-09-25T16:35:14+0200,11a69610-5784-4b57-b1a9-c7b60bf32891,2026-09-19T00:00:00Z,2026-09-19T02:00:00+0200,3.0,EUR/MWh,DK1,DK_1,imbalance_price,Long,2026-09-25T14:38:37Z
2026-09-25T14:35:14Z,2026-09-25T16:35:14+0200,11a69610-5784-4b57-b1a9-c7b60bf32891,2026-09-19T00:00:00Z,2026-09-19T02:00:00+0200,3.0,EUR/MWh,DK1,DK_1,imbalance_price,Short,2026-09-25T14:38:37Z
2026-09-25T14:35:14Z,2026-09-25T16:35:14+0200,11a69610-5784-4b57-b1a9-c7b60bf32891,2026-09-19T00:15:00Z,2026-09-19T02:15:00+0200,16.47,EUR/MWh,DK1,DK_1,imbalance_price,Long,2026-09-25T14:38:37Z
2026-09-25T14:35:14Z,2026-09-25T16:35:14+0200,11a69610-5784-4b57-b1a9-c7b60bf32891,2026-09-19T00:15:00Z,2026-09-19T02:15:00+0200,16.47,EUR/MWh,DK1,DK_1,imbalance_price,Short,2026-09-25T14:38:37Z
2026-09-25T14:35:14Z,2026-09-25T16:35:14+0200,11a69610-5784-4b57-b1a9-c7b60bf32891,2026-09-19T00:30:00Z,2026-09-19T02:30:00+0200,16.53,EUR/MWh,DK1,DK_1,imbalance_price,Long,2026-09-25T14:38:37Z
2026-09-25T14:35:14Z,2026-09-25T16:35:14+0200,11a69610-5784-4b57-b1a9-c7b60bf32891,2026-09-19T00:30:00Z,2026-09-19T02:30:00+0200,16.53,EUR/MWh,DK1,DK_1,imbalance_price,Short,2026-09-25T14:38:37Z
2026-09-25T14:35:14Z,2026-09-25T16:35:14+0200,11a69610-5784-4b57-b1a9-c7b60bf32891,2026-09-19T00:45:00Z,2026-09-19T02:45:00+0200,12.52,EUR/MWh,DK1,DK_1,imbalance_price,Long,2026-09-25T14:38:37Z
2026-09-25T14:35:14Z,2026-09-25T16:35:14+0200,11a69610-5784-4b57-b1a9-c7b60bf32891,2026-09-19T00:45:00Z,2026-09-19T02:45:00+0200,12.52,EUR/MWh,DK1,DK_1,imbalance_price,Short,2026-09-25T14:38:37Z
2026-09-25T14:35:14Z,2026-09-25T16:35:14+0200,11a69610-5784-4b57-b1a9-c7b60bf32891,2026-09-19T01:00:00Z,2026-09-19T03:00:00+0200,6.69,EUR/MWh,DK1,DK_1,imbalance_price,Long,2026-09-25T14:38:37Z
2026-09-25T14:35:14Z,2026-09-25T16:35:14+0200,11a69610-5784-4b57-b1a9-c7b60bf32891,2026-09-19T01:00:00Z,2026-09-19T03:00:00+0200,6.69,EUR/MWh,DK1,DK_1,imbalance_price,Short,2026-09-25T14:38:37Z
2026-09-25T14:35:14Z,2026-09-25T16:35:14+0200,11a69610-5784-4b57-b1a9-c7b60bf32891,2026-09-19T01:15:00Z,2026-09-19T03:15:00+0200,6.99,EUR/MWh,DK1,DK_1,imbalance_price,Long,2026-09-25T14:38:37Z
2026-09-25T14:35:14Z,2026-09-25T16:35:14+0200,11a69610-5784-4b57-b1a9-c7b60bf32891,2026-09-19T01:15:00Z,2026-09-19T03:15:00+0200,6.99,EUR/MWh,DK1,DK_1,imbalance_price,Short,2026-09-25T14:38:37Z
2026-09-25T14:35:14Z,2026-09-25T16:35:14+0200,11a69610-5784-4b57-b1a9-c7b60bf32891,2026-09-19T01:30:00Z,2026-09-19T03:30:00+0200,26.47,EUR/MWh,DK1,DK_1,imbalance_price,Long,2026-09-25T14:38:37Z
2026-09-25T14:35:14Z,2026-09-25T16:35:14+0200,11a69610-5784-4b57-b1a9-c7b60bf32891,2026-09-19T01:30:00Z,2026-09-19T03:30:00+0200,26.47,EUR/MWh,DK1,DK_1,imbalance_price,Short,2026-09-25T14:38:37Z
2026-09-25T14:35:14Z,2026-09-25T16:35:14+0200,11a69610-5784-4b57-b1a9-c7b60bf32891,2026-09-19T01:45:00Z,2026-09-19T03:45:00+0200,15.0,EUR/MWh,DK1,DK_1,imbalance_price,Long,2026-09-25T14:38:37Z
2026-09-25T14:35:14Z,2026-09-25T16:35:14+0200,11a69610-5784-4b57-b1a9-c7b60bf32891,2026-09-19T01:45:00Z,2026-09-19T03:45:00+0200,15.0,EUR/MWh,DK1,DK_1,imbalance_price,Short,2026-09-25T14:38:37Z
2026-09-25T14:35:14Z,2026-09-25T16:35:14+0200,11a69610-5784-4b57-b1a9-c7b60bf32891,2026-09-19T02:00:00Z,2026-09-19T04:00:00+0200,5.74,EUR/MWh,DK1,DK_1,imbalance_price,Long,2026-09-25T14:38:37Z
2026-09-25T14:35:14Z,2026-09-25T16:35:14+0200,11a69610-5784-4b57-b1a9-c7b60bf32891,2026-09-19T02:00:00Z,2026-09-19T04:00:00+0200,5.74,EUR/MWh,DK1,DK_1,imbalance_price,Short,2026-09-25T14:38:37Z
2026-09-25T14:35:14Z,2026-09-25T16:35:14+0200,11a69610-5784-4b57-b1a9-c7b60bf32891,2026-09-19T02:15:00Z,2026-09-19T04:15:00+0200,13.38,EUR/MWh,DK1,DK_1,imbalance_price,Long,2026-09-25T14:38:37Z
2026-09-25T14:35:14Z,2026-09-25T16:35:14+0200,11a69610-5784-4b57-b1a9-c7b60bf32891,2026-09-19T02:15:00Z,2026-09-19T04:15:00+0200,13.38,EUR/MWh,DK1,DK_1,imbalance_price,Short,2026-09-25T14:38:37Z
2026-09-25T14:35:14Z,2026-09-25T16:35:14+0200,11a69610-5784-4b57-b1a9-c7b60bf32891,2026-09-19T02:30:00Z,2026-09-19T04:30:00+0200,15.0,EUR/MWh,DK1,DK_1,imbalance_price,Long,2026-09-25T14:38:37Z
2026-09-25T14:35:14Z,2026-09-25T16:35:14+0200,11a69610-5784-4b57-b1a9-c7b60bf32891,2026-09-19T02:30:00Z,2026-09-19T04:30:00+0200,15.0,EUR/MWh,DK1,DK_1,imbalance_price,Short,2026-09-25T14:38:37Z
2026-09-25T14:35:14Z,2026-09-25T16:35:14+0200,11a69610-5784-4b57-b1a9-c7b60bf32891,2026-09-19T02:45:00Z,2026-09-19T04:45:00+0200,6.69,EUR/MWh,DK1,DK_1,imbalance_price,Long,2026-09-25T14:38:37Z
2026-09-25T14:35:14Z,2026-09-25T16:35:14+0200,11a69610-5784-4b57-b1a9-c7b60bf32891,2026-09-19T02:45:00Z,2026-09-19T04:45:00+0200,6.69,EUR/MWh,DK1,DK_1,imbalance_price,Short,2026-09-25T14:38:37Z
2026-09-25T14:35:14Z,2026-09-25T16:35:14+0200,11a69610-5784-4b57-b1a9-c7b60bf32891,2026-09-19T03:00:00Z,2026-09-19T05:00:00+0200,5.34,EUR/MWh,DK1,DK_1,imbalance_price,Long,2026-09-25T14:38:37Z
2026-09-25T14:35:14Z,2026-09-25T16:35:14+0200,11a69610-5784-4b57-b1a9-c7b60bf32891,2026-09-19T03:00:00Z,2026-09-19T05:00:00+0200,5.34,EUR/MWh,DK1,DK_1,imbalance_price,Short,2026-09-25T14:38:37Z
2026-09-25T14:35:14Z,2026-09-25T16:35:14+0200,11a69610-5784-4b57-b1a9-c7b60bf32891,2026-09-19T03:15:00Z,2026-09-19T05:15:00+0200,-6.02,EUR/MWh,DK1,DK_1,imbalance_price,Long,2026-09-25T14:38:37Z
2026-09-25T14:35:14Z,2026-09-25T16:35:14+0200,11a69610-5784-4b57-b1a9-c7b60bf32891,2026-09-19T03:15:00Z,2026-09-19T05:15:00+0200,-6.02,EUR/MWh,DK1,DK_1,imbalance_price,Short,2026-09-25T14:38:37Z
2026-09-25T14:35:14Z,2026-09-25T16:35:14+0200,11a69610-5784-4b57-b1a9-c7b60bf32891,2026-09-19T03:30:00Z,2026-09-19T05:30:00+0200,-17.47,EUR/MWh,DK1,DK_1,imbalance_price,Long,2026-09-25T14:38:37Z
2026-09-25T14:35:14Z,2026-09-25T16:35:14+0200,11a69610-5784-4b57-b1a9-c7b60bf32891,2026-09-19T03:30:00Z,2026-09-19T05:30:00+0200,-17.47,EUR/MWh,DK1,DK_1,imbalance_price,Short,2026-09-25T14:38:37Z
2026-09-25T14:35:14Z,2026-09-25T16:35:14+0200,11a69610-5784-4b57-b1a9-c7b60bf32891,2026-09-19T03:45:00Z,2026-09-19T05:45:00+0200,-14.26,EUR/MWh,DK1,DK_1,imbalance_price,Long,2026-09-25T14:38:37Z
2026-09-25T14:35:14Z,2026-09-25T16:35:14+0200,11a69610-5784-4b57-b1a9-c7b60bf32891,2026-09-19T03:45:00Z,2026-09-19T05:45:00+0200,-14.26,EUR/MWh,DK1,DK_1,imbalance_price,Short,2026-09-25T14:38:37Z
2026-09-25T14:35:14Z,2026-09-25T16:35:14+0200,11a69610-5784-4b57-b1a9-c7b60bf32891,2026-09-19T04:00:00Z,2026-09-19T06:00:00+0200,-12.48,EUR/MWh,DK1,DK_1,imbalance_price,Long,2026-09-25T14:38:37Z
2026-09-25T14:35:14Z,2026-09-25T16:35:14+0200,11a69610-5784-4b57-b1a9-c7b60bf32891,2026-09-19T04:00:00Z,2026-09-19T06:00:00+0200,-12.48,EUR/MWh,DK1,DK_1,imbalance_price,Short,2026-09-25T14:38:37Z
2026-09-25T14:35:14Z,2026-09-25T16:35:14+0200,11a69610-5784-4b57-b1a9-c7b60bf32891,2026-09-19T04:15:00Z,2026-09-19T06:15:00+0200,-27.77,EUR/MWh,DK1,DK_1,imbalance_price,Long,2026-09-25T14:38:37Z
2026-09-25T14:35:14Z,2026-09-25T16:35:14+0200,11a69610-5784-4b57-b1a9-c7b60bf32891,2026-09-19T04:15:00Z,2026-09-19T06:15:00+0200,-27.77,EUR/MWh,DK1,DK_1,imbalance_price,Short,2026-09-25T14:38:37Z
2026-09-25T14:35:14Z,2026-09-25T16:35:14+0200,11a69610-5784-4b57-b1a9-c7b60bf32891,2026-09-19T04:30:00Z,2026-09-19T06:30:00+0200,-20.17,EUR/MWh,DK1,DK_1,imbalance_price,Long,2026-09-25T14:38:37Z
2026-09-25T14:35:14Z,2026-09-25T16:35:14+0200,11a69610-5784-4b57-b1a9-c7b60bf32891,2026-09-19T04:30:00Z,2026-09-19T06:30:00+0200,-20.17,EUR/MWh,DK1,DK_1,imbalance_price,Short,2026-09-25T14:38:37Z
2026-09-25T14:35:14Z,2026-09-25T16:35:14+0200,11a69610-5784-4b57-b1a9-c7b60bf32891,2026-09-19T04:45:00Z,2026-09-19T06:45:00+0200,-21.28,EUR/MWh,DK1,DK_1,imbalance_price,Long,2026-09-25T14:38:37Z
2026-09-25T14:35:14Z,2026-09-25T16:35:14+0200,11a69610-5784-4b57-b1a9-c7b60bf32891,2026-09-19T04:45:00Z,2026-09-19T06:45:00+0200,-21.28,EUR/MWh,DK1,DK_1,imbalance_price,Short,2026-09-25T14:38:37Z
2026-09-25T14:35:14Z,2026-09-25T16:35:14+0200,11a69610-5784-4b57-b1a9-c7b60bf32891,2026-09-19T05:00:00Z,2026-09-19T07:00:00+0200,7.92,EUR/MWh,DK1,DK_1,imbalance_price,Long,2026-09-25T14:38:37Z
2026-09-25T14:35:14Z,2026-09-25T16:35:14+0200,11a69610-5784-4b57-b1a9-c7b60bf32891,2026-09-19T05:00:00Z,2026-09-19T07:00:00+0200,7.92,EUR/MWh,DK1,DK_1,imbalance_price,Short,2026-09-25T14:38:37Z
2026-09-25T14:35:14Z,2026-09-25T16:35:14+0200,11a69610-5784-4b57-b1a9-c7b60bf32891,2026-09-19T05:15:00Z,2026-09-19T07:15:00+0200,6.7,EUR/MWh,DK1,DK_1,imbalance_price,Long,2026-09-25T14:38:37Z
2026-09-25T14:35:14Z,2026-09-25T16:35:14+0200,11a69610-5784-4b57-b1a9-c7b60bf32891,2026-09-19T05:15:00Z,2026-09-19T07:15:00+0200,6.7,EUR/MWh,DK1,DK_1,imbalance_price,Short,2026-09-25T14:38:37Z
2026-09-25T14:35:14Z,2026-09-25T16:35:14+0200,11a69610-5784-4b57-b1a9-c7b60bf32891,2026-09-19T05:30:00Z,2026-09-19T07:30:00+0200,-12.37,EUR/MWh,DK1,DK_1,imbalance_price,Long,2026-09-25T14:38:37Z
2026-09-25T14:35:14Z,2026-09-25T16:35:14+0200,11a69610-5784-4b57-b1a9-c7b60bf32891,2026-09-19T05:30:00Z,2026-09-19T07:30:00+0200,-12.37,EUR/MWh,DK1,DK_1,imbalance_price,Short,2026-09-25T14:38:37Z
2026-09-25T14:35:14Z,2026-09-25T16:35:14+0200,11a69610-5784-4b57-b1a9-c7b60bf32891,2026-09-19T05:45:00Z,2026-09-19T07:45:00+0200,-4.72,EUR/MWh,DK1,DK_1,imbalance_price,Long,2026-09-25T14:38:37Z
2026-09-25T14:35:14Z,2026-09-25T16:35:14+0200,11a69610-5784-4b57-b1a9-c7b60bf32891,2026-09-19T05:45:00Z,2026-09-19T07:45:00+0200,-4.72,EUR/MWh,DK1,DK_1,imbalance_price,Short,2026-09-25T14:38:37Z
2026-09-25T14:35:14Z,2026-09-25T16:35:14+0200,11a69610-5784-4b57-b1a9-c7b60bf32891,2026-09-19T06:00:00Z,2026-09-19T08:00:00+0200,6.67,EUR/MWh,DK1,DK_1,imbalance_price,Long,2026-09-25T14:38:37Z
2026-09-25T14:35:14Z,2026-09-25T16:35:14+0200,11a69610-5784-4b57-b1a9-c7b60bf32891,2026-09-19T06:00:00Z,2026-09-19T08:00:00+0200,6.67,EUR/MWh,DK1,DK_1,imbalance_price,Short,2026-09-25T14:38:37Z
2026-09-25T14:35:14Z,2026-09-25T16:35:14+0200,11a69610-5784-4b57-b1a9-c7b60bf32891,2026-09-19T06:15:00Z,2026-09-19T08:15:00+0200,5.74,EUR/MWh,DK1,DK_1,imbalance_price,Long,2026-09-25T14:38:37Z
2026-09-25T14:35:14Z,2026-09-25T16:35:14+0200,11a69610-5784-4b57-b1a9-c7b60bf32891,2026-09-19T06:15:00Z,2026-09-19T08:15:00+0200,5.74,EUR/MWh,DK1,DK_1,imbalance_price,Short,2026-09-25T14:38:37Z
2026-09-25T14:35:14Z,2026-09-25T16:35:14+0200,11a69610-5784-4b57-b1a9-c7b60bf32891,2026-09-19T06:30:00Z,2026-09-19T08:30:00+0200,-9.42,EUR/MWh,DK1,DK_1,imbalance_price,Long,2026-09-25T14:38:37Z
2026-09-25T14:35:14Z,2026-09-25T16:35:14+0200,11a69610-5784-4b57-b1a9-c7b60bf32891,2026-09-19T06:30:00Z,2026-09-19T08:30:00+0200,-9.42,EUR/MWh,DK1,DK_1,imbalance_price,Short,2026-09-25T14:38:37Z
2026-09-25T14:35:14Z,2026-09-25T16:35:14+0200,11a69610-5784-4b57-b1a9-c7b60bf32891,2026-09-19T06:45:00Z,2026-09-19T08:45:00+0200,-6.84,EUR/MWh,DK1,DK_1,imbalance_price,Long,2026-09-25T14:38:37Z
2026-09-25T14:35:14Z,2026-09-25T16:35:14+0200,11a69610-5784-4b57-b1a9-c7b60bf32891,2026-09-19T06:45:00Z,2026-09-19T08:45:00+0200,-6.84,EUR/MWh,DK1,DK_1,imbalance_price,Short,2026-09-25T14:38:37Z
2026-09-25T14:35:14Z,2026-09-25T16:35:14+0200,11a69610-5784-4b57-b1a9-c7b60bf32891,2026-09-19T07:00:00Z,2026-09-19T09:00:00+0200,15.89,EUR/MWh,DK1,DK_1,imbalance_price,Long,2026-09-25T14:38:37Z
2026-09-25T14:35:14Z,2026-09-25T16:35:14+0200,11a69610-5784-4b57-b1a9-c7b60bf32891,2026-09-19T07:00:00Z,2026-09-19T09:00:00+0200,15.89,EUR/MWh,DK1,DK_1,imbalance_price,Short,2026-09-25T14:38:37Z
2026-09-25T14:35:14Z,2026-09-25T16:35:14+0200,11a69610-5784-4b57-b1a9-c7b60bf32891,2026-09-19T07:15:00Z,2026-09-19T09:15:00+0200,-21.66,EUR/MWh,DK1,DK_1,imbalance_price,Long,2026-09-25T14:38:37Z
2026-09-25T14:35:14Z,2026-09-25T16:35:14+0200,11a69610-5784-4b57-b1a9-c7b60bf32891,2026-09-19T07:15:00Z,2026-09-19T09:15:00+0200,-21.66,EUR/MWh,DK1,DK_1,imbalance_price,Short,2026-09-25T14:38:37Z
2026-09-25T14:35:14Z,2026-09-25T16:35:14+0200,11a69610-5784-4b57-b1a9-c7b60bf32891,2026-09-19T07:30:00Z,2026-09-19T09:30:00+0200,2.49,EUR/MWh,DK1,DK_1,imbalance_price,Long,2026-09-25T14:38:37Z
2026-09-25T14:35:14Z,2026-09-25T16:35:14+0200,11a69610-5784-4b57-b1a9-c7b60bf32891,2026-09-19T07:30:00Z,2026-09-19T09:30:00+0200,2.49,EUR/MWh,DK1,DK_1,imbalance_price,Short,2026-09-25T14:38:37Z
2026-09-25T14:35:14Z,2026-09-25T16:35:14+0200,11a69610-5784-4b57-b1a9-c7b60bf32891,2026-09-19T07:45:00Z,2026-09-19T09:45:00+0200,0.09,EUR/MWh,DK1,DK_1,imbalance_price,Long,2026-09-25T14:38:37Z
2026-09-25T14:35:14Z,2026-09-25T16:35:14+0200,11a69610-5784-4b57-b1a9-c7b60bf32891,2026-09-19T07:45:00Z,2026-09-19T09:45:00+0200,0.09,EUR/MWh,DK1,DK_1,imbalance_price,Short,2026-09-25T14:38:37Z
2026-09-25T14:35:14Z,2026-09-25T16:35:14+0200,11a69610-5784-4b57-b1a9-c7b60bf32891,2026-09-19T08:00:00Z,2026-09-19T10:00:00+0200,20.98,EUR/MWh,DK1,DK_1,imbalance_price,Long,2026-09-25T14:38:37Z
2026-09-25T14:35:14Z,2026-09-25T16:35:14+0200,11a69610-5784-4b57-b1a9-c7b60bf32891,2026-09-19T08:00:00Z,2026-09-19T10:00:00+0200,20.98,EUR/MWh,DK1,DK_1,imbalance_price,Short,2026-09-25T14:38:37Z
2026-09-25T14:35:14Z,2026-09-25T16:35:14+0200,11a69610-5784-4b57-b1a9-c7b60bf32891,2026-09-19T08:15:00Z,2026-09-19T10:15:00+0200,0.13,EUR/MWh,DK1,DK_1,imbalance_price,Long,2026-09-25T14:38:37Z
2026-09-25T14:35:14Z,2026-09-25T16:35:14+0200,11a69610-5784-4b57-b1a9-c7b60bf32891,2026-09-19T08:15:00Z,2026-09-19T10:15:00+0200,0.13,EUR/MWh,DK1,DK_1,imbalance_price,Short,2026-09-25T14:38:37Z
2026-09-25T14:35:14Z,2026-09-25T16:35:14+0200,11a69610-5784-4b57-b1a9-c7b60bf32891,2026-09-19T08:30:00Z,2026-09-19T10:30:00+0200,-21.49,EUR/MWh,DK1,DK_1,imbalance_price,Long,2026-09-25T14:38:37Z
2026-09-25T14:35:14Z,2026-09-25T16:35:14+0200,11a69610-5784-4b57-b1a9-c7b60bf32891,2026-09-19T08:30:00Z,2026-09-19T10:30:00+0200,-21.49,EUR/MWh,DK1,DK_1,imbalance_price,Short,2026-09-25T14:38:37Z
2026-09-25T14:35:14Z,2026-09-25T16:35:14+0200,11a69610-5784-4b57-b1a9-c7b60bf32891,2026-09-19T08:45:00Z,2026-09-19T10:45:00+0200,-12.44,EUR/MWh,DK1,DK_1,imbalance_price,Long,2026-09-25T14:38:37Z
2026-09-25T14:35:14Z,2026-09-25T16:35:14+0200,11a69610-5784-4b57-b1a9-c7b60bf32891,2026-09-19T08:45:00Z,2026-09-19T10:45:00+0200,-12.44,EUR/MWh,DK1,DK_1,imbalance_price,Short,2026-09-25T14:38:37Z
2026-09-25T14:35:14Z,2026-09-25T16:35:14+0200,11a69610-5784-4b57-b1a9-c7b60bf32891,2026-09-19T09:00:00Z,2026-09-19T11:00:00+0200,-38.8,EUR/MWh,DK1,DK_1,imbalance_price,Long,2026-09-25T14:38:37Z
2026-09-25T14:35:14Z,2026-09-25T16:35:14+0200,11a69610-5784-4b57-b1a9-c7b60bf32891,2026-09-19T09:00:00Z,2026-09-19T11:00:00+0200,-38.8,EUR/MWh,DK1,DK_1,imbalance_price,Short,2026-09-25T14:38:37Z
2026-09-25T14:35:14Z,2026-09-25T16:35:14+0200,11a69610-5784-4b57-b1a9-c7b60bf32891,2026-09-19T09:15:00Z,2026-09-19T11:15:00+0200,10.0,EUR/MWh,DK1,DK_1,imbalance_price,Long,2026-09-25T14:38:37Z
2026-09-25T14:35:14Z,2026-09-25T16:35:14+0200,11a69610-5784-4b57-b1a9-c7b60bf32891,2026-09-19T09:15:00Z,2026-09-19T11:15:00+0200,10.0,EUR/MWh,DK1,DK_1,imbalance_price,Short,2026-09-25T14:38:37Z
2026-09-25T14:35:14Z,2026-09-25T16:35:14+0200,11a69610-5784-4b57-b1a9-c7b60bf32891,2026-09-19T09:30:00Z,2026-09-19T11:30:00+0200,-14.42,EUR/MWh,DK1,DK_1,imbalance_price,Long,2026-09-25T14:38:37Z
2026-09-25T14:35:14Z,2026-09-25T16:35:14+0200,11a69610-5784-4b57-b1a9-c7b60bf32891,2026-09-19T09:30:00Z,2026-09-19T11:30:00+0200,-14.42,EUR/MWh,DK1,DK_1,imbalance_price,Short,2026-09-25T14:38:37Z
2026-09-25T14:35:14Z,2026-09-25T16:35:14+0200,11a69610-5784-4b57-b1a9-c7b60bf32891,2026-09-19T09:45:00Z,2026-09-19T11:45:00+0200,-3.78,EUR/MWh,DK1,DK_1,imbalance_price,Long,2026-09-25T14:38:37Z
2026-09-25T14:35:14Z,2026-09-25T16:35:14+0200,11a69610-5784-4b57-b1a9-c7b60bf32891,2026-09-19T09:45:00Z,2026-09-19T11:45:00+0200,-3.78,EUR/MWh,DK1,DK_1,imbalance_price,Short,2026-09-25T14:38:37Z
2026-09-25T14:35:14Z,2026-09-25T16:35:14+0200,11a69610-5784-4b57-b1a9-c7b60bf32891,2026-09-19T10:00:00Z,2026-09-19T12:00:00+0200,4.63,EUR/MWh,DK1,DK_1,imbalance_price,Long,2026-09-25T14:38:37Z
2026-09-25T14:35:14Z,2026-09-25T16:35:14+0200,11a69610-5784-4b57-b1a9-c7b60bf32891,2026-09-19T10:00:00Z,2026-09-19T12:00:00+0200,4.63,EUR/MWh,DK1,DK_1,imbalance_price,Short,2026-09-25T14:38:37Z
2026-09-25T14:35:14Z,2026-09-25T16:35:14+0200,11a69610-5784-4b57-b1a9-c7b60bf32891,2026-09-19T10:15:00Z,2026-09-19T12:15:00+0200,-0.55,EUR/MWh,DK1,DK_1,imbalance_price,Long,2026-09-25T14:38:37Z
2026-09-25T14:35:14Z,2026-09-25T16:35:14+0200,11a69610-5784-4b57-b1a9-c7b60bf32891,2026-09-19T10:15:00Z,2026-09-19T12:15:00+0200,-0.55,EUR/MWh,DK1,DK_1,imbalance_price,Short,2026-09-25T14:38:37Z
2026-09-25T14:35:14Z,2026-09-25T16:35:14+0200,11a69610-5784-4b57-b1a9-c7b60bf32891,2026-09-19T10:30:00Z,2026-09-19T12:30:00+0200,-0.16,EUR/MWh,DK1,DK_1,imbalance_price,Long,2026-09-25T14:38:37Z
2026-09-25T14:35:14Z,2026-09-25T16:35:14+0200,11a69610-5784-4b57-b1a9-c7b60bf32891,2026-09-19T10:30:00Z,2026-09-19T12:30:00+0200,-0.16,EUR/MWh,DK1,DK_1,imbalance_price,Short,2026-09-25T14:38:37Z
2026-09-25T14:35:14Z,2026-09-25T16:35:14+0200,11a69610-5784-4b57-b1a9-c7b60bf32891,2026-09-19T10:45:00Z,2026-09-19T12:45:00+0200,-0.31,EUR/MWh,DK1,DK_1,imbalance_price,Long,2026-09-25T14:38:37Z
2026-09-25T14:35:14Z,2026-09-25T16:35:14+0200,11a69610-5784-4b57-b1a9-c7b60bf32891,2026-09-19T10:45:00Z,2026-09-19T12:45:00+0200,-0.31,EUR/MWh,DK1,DK_1,imbalance_price,Short,2026-09-25T14:38:37Z
2026-09-25T14:35:14Z,2026-09-25T16:35:14+0200,11a69610-5784-4b57-b1a9-c7b60bf32891,2026-09-19T11:00:00Z,2026-09-19T13:00:00+0200,-10.0,EUR/MWh,DK1,DK_1,imbalance_price,Long,2026-09-25T14:38:37Z
2026-09-25T14:35:14Z,2026-09-25T16:35:14+0200,11a69610-5784-4b57-b1a9-c7b60bf32891,2026-09-19T11:00:00Z,2026-09-19T13:00:00+0200,-10.0,EUR/MWh,DK1,DK_1,imbalance_price,Short,2026-09-25T14:38:37Z
2026-09-25T14:35:14Z,2026-09-25T16:35:14+0200,11a69610-5784-4b57-b1a9-c7b60bf32891,2026-09-19T11:15:00Z,2026-09-19T13:15:00+0200,-0.08,EUR/MWh,DK1,DK_1,imbalance_price,Long,2026-09-25T14:38:37Z
2026-09-25T14:35:14Z,2026-09-25T16:35:14+0200,11a69610-5784-4b57-b1a9-c7b60bf32891,2026-09-19T11:15:00Z,2026-09-19T13:15:00+0200,-0.08,EUR/MWh,DK1,DK_1,imbalance_price,Short,2026-09-25T14:38:37Z
2026-09-25T14:35:14Z,2026-09-25T16:35:14+0200,11a69610-5784-4b57-b1a9-c7b60bf32891,2026-09-19T11:30:00Z,2026-09-19T13:30:00+0200,-2.08,EUR/MWh,DK1,DK_1,imbalance_price,Long,2026-09-25T14:38:37Z
2026-09-25T14:35:14Z,2026-09-25T16:35:14+0200,11a69610-5784-4b57-b1a9-c7b60bf32891,2026-09-19T11:30:00Z,2026-09-19T13:30:00+0200,-2.08,EUR/MWh,DK1,DK_1,imbalance_price,Short,2026-09-25T14:38:37Z
2026-09-25T14:35:14Z,2026-09-25T16:35:14+0200,11a69610-5784-4b57-b1a9-c7b60bf32891,2026-09-19T11:45:00Z,2026-09-19T13:45:00+0200,-2.0,EUR/MWh,DK1,DK_1,imbalance_price,Long,2026-09-25T14:38:37Z
2026-09-25T14:35:14Z,2026-09-25T16:35:14+0200,11a69610-5784-4b57-b1a9-c7b60bf32891,2026-09-19T11:45:00Z,2026-09-19T13:45:00+0200,-2.0,EUR/MWh,DK1,DK_1,imbalance_price,Short,2026-09-25T14:38:37Z
2026-09-25T14:35:14Z,2026-09-25T16:35:14+0200,11a69610-5784-4b57-b1a9-c7b60bf32891,2026-09-19T12:00:00Z,2026-09-19T14:00:00+0200,-1.23,EUR/MWh,DK1,DK_1,imbalance_price,Long,2026-09-25T14:38:37Z
2026-09-25T14:35:14Z,2026-09-25T16:35:14+0200,11a69610-5784-4b57-b1a9-c7b60bf32891,2026-09-19T12:00:00Z,2026-09-19T14:00:00+0200,-1.23,EUR/MWh,DK1,DK_1,imbalance_price,Short,2026-09-25T14:38:37Z
2026-09-25T14:35:14Z,2026-09-25T16:35:14+0200,11a69610-5784-4b57-b1a9-c7b60bf32891,2026-09-19T12:15:00Z,2026-09-19T14:15:00+0200,-10.86,EUR/MWh,DK1,DK_1,imbalance_price,Long,2026-09-25T14:38:37Z
2026-09-25T14:35:14Z,2026-09-25T16:35:14+0200,11a69610-5784-4b57-b1a9-c7b60bf32891,2026-09-19T12:15:00Z,2026-09-19T14:15:00+0200,-10.86,EUR/MWh,DK1,DK_1,imbalance_price,Short,2026-09-25T14:38:37Z
2026-09-25T14:35:14Z,2026-09-25T16:35:14+0200,11a69610-5784-4b57-b1a9-c7b60bf32891,2026-09-19T12:30:00Z,2026-09-19T14:30:00+0200,5.67,EUR/MWh,DK1,DK_1,imbalance_price,Long,2026-09-25T14:38:37Z
2026-09-25T14:35:14Z,2026-09-25T16:35:14+0200,11a69610-5784-4b57-b1a9-c7b60bf32891,2026-09-19T12:30:00Z,2026-09-19T14:30:00+0200,5.67,EUR/MWh,DK1,DK_1,imbalance_price,Short,2026-09-25T14:38:37Z
2026-09-25T14:35:14Z,2026-09-25T16:35:14+0200,11a69610-5784-4b57-b1a9-c7b60bf32891,2026-09-19T12:45:00Z,2026-09-19T14:45:00+0200,-1.08,EUR/MWh,DK1,DK_1,imbalance_price,Long,2026-09-25T14:38:37Z
2026-09-25T14:35:14Z,2026-09-25T16:35:14+0200,11a69610-5784-4b57-b1a9-c7b60bf32891,2026-09-19T12:45:00Z,2026-09-19T14:45:00+0200,-1.08,EUR/MWh,DK1,DK_1,imbalance_price,Short,2026-09-25T14:38:37Z
2026-09-25T14:35:14Z,2026-09-25T16:35:14+0200,11a69610-5784-4b57-b1a9-c7b60bf32891,2026-09-19T13:00:00Z,2026-09-19T15:00:00+0200,-1.67,EUR/MWh,DK1,DK_1,imbalance_price,Long,2026-09-25T14:38:37Z
2026-09-25T14:35:14Z,2026-09-25T16:35:14+0200,11a69610-5784-4b57-b1a9-c7b60bf32891,2026-09-19T13:00:00Z,2026-09-19T15:00:00+0200,-1.67,EUR/MWh,DK1,DK_1,imbalance_price,Short,2026-09-25T14:38:37Z
2026-09-25T14:35:14Z,2026-09-25T16:35:14+0200,11a69610-5784-4b57-b1a9-c7b60bf32891,2026-09-19T13:15:00Z,2026-09-19T15:15:00+0200,-1.18,EUR/MWh,DK1,DK_1,imbalance_price,Long,2026-09-25T14:38:37Z
2026-09-25T14:35:14Z,2026-09-25T16:35:14+0200,11a69610-5784-4b57-b1a9-c7b60bf32891,2026-09-19T13:15:00Z,2026-09-19T15:15:00+0200,-1.18,EUR/MWh,DK1,DK_1,imbalance_price,Short,2026-09-25T14:38:37Z
2026-09-25T14:35:14Z,2026-09-25T16:35:14+0200,11a69610-5784-4b57-b1a9-c7b60bf32891,2026-09-19T13:30:00Z,2026-09-19T15:30:00+0200,-0.98,EUR/MWh,DK1,DK_1,imbalance_price,Long,2026-09-25T14:38:37Z
2026-09-25T14:35:14Z,2026-09-25T16:35:14+0200,11a69610-5784-4b57-b1a9-c7b60bf32891,2026-09-19T13:30:00Z,2026-09-19T15:30:00+0200,-0.98,EUR/MWh,DK1,DK_1,imbalance_price,Short,2026-09-25T14:38:37Z
2026-09-25T14:35:14Z,2026-09-25T16:35:14+0200,11a69610-5784-4b57-b1a9-c7b60bf32891,2026-09-19T13:45:00Z,2026-09-19T15:45:00+0200,-0.17,EUR/MWh,DK1,DK_1,imbalance_price,Long,2026-09-25T14:38:37Z
2026-09-25T14:35:14Z,2026-09-25T16:35:14+0200,11a69610-5784-4b57-b1a9-c7b60bf32891,2026-09-19T13:45:00Z,2026-09-19T15:45:00+0200,-0.17,EUR/MWh,DK1,DK_1,imbalance_price,Short,2026-09-25T14:38:37Z
2026-09-25T14:35:14Z,2026-09-25T16:35:14+0200,11a69610-5784-4b57-b1a9-c7b60bf32891,2026-09-19T14:00:00Z,2026-09-19T16:00:00+0200,-14.72,EUR/MWh,DK1,DK_1,imbalance_price,Long,2026-09-25T14:38:37Z
2026-09-25T14:35:14Z,2026-09-25T16:35:14+0200,11a69610-5784-4b57-b1a9-c7b60bf32891,2026-09-19T14:00:00Z,2026-09-19T16:00:00+0200,-14.72,EUR/MWh,DK1,DK_1,imbalance_price,Short,2026-09-25T14:38:37Z
2026-09-25T14:35:14Z,2026-09-25T16:35:14+0200,11a69610-5784-4b57-b1a9-c7b60bf32891,2026-09-19T14:15:00Z,2026-09-19T16:15:00+0200,-6.69,EUR/MWh,DK1,DK_1,imbalance_price,Long,2026-09-25T14:38:37Z
2026-09-25T14:35:14Z,2026-09-25T16:35:14+0200,11a69610-5784-4b57-b1a9-c7b60bf32891,2026-09-19T14:15:00Z,2026-09-19T16:15:00+0200,-6.69,EUR/MWh,DK1,DK_1,imbalance_price,Short,2026-09-25T14:38:37Z
2026-09-25T14:35:14Z,2026-09-25T16:35:14+0200,11a69610-5784-4b57-b1a9-c7b60bf32891,2026-09-19T14:30:00Z,2026-09-19T16:30:00+0200,0.11,EUR/MWh,DK1,DK_1,imbalance_price,Long,2026-09-25T14:38:37Z
2026-09-25T14:35:14Z,2026-09-25T16:35:14+0200,11a69610-5784-4b57-b1a9-c7b60bf32891,2026-09-19T14:30:00Z,2026-09-19T16:30:00+0200,0.11,EUR/MWh,DK1,DK_1,imbalance_price,Short,2026-09-25T14:38:37Z
2026-09-25T14:35:14Z,2026-09-25T16:35:14+0200,11a69610-5784-4b57-b1a9-c7b60bf32891,2026-09-19T14:45:00Z,2026-09-19T16:45:00+0200,18.27,EUR/MWh,DK1,DK_1,imbalance_price,Long,2026-09-25T14:38:37Z
2026-09-25T14:35:14Z,2026-09-25T16:35:14+0200,11a69610-5784-4b57-b1a9-c7b60bf32891,2026-09-19T14:45:00Z,2026-09-19T16:45:00+0200,18.27,EUR/MWh,DK1,DK_1,imbalance_price,Short,2026-09-25T14:38:37Z
2026-09-25T14:35:14Z,2026-09-25T16:35:14+0200,11a69610-5784-4b57-b1a9-c7b60bf32891,2026-09-19T15:00:00Z,2026-09-19T17:00:00+0200,-18.42,EUR/MWh,DK1,DK_1,imbalance_price,Long,2026-09-25T14:38:37Z
2026-09-25T14:35:14Z,2026-09-25T16:35:14+0200,11a69610-5784-4b57-b1a9-c7b60bf32891,2026-09-19T15:00:00Z,2026-09-19T17:00:00+0200,-18.42,EUR/MWh,DK1,DK_1,imbalance_price,Short,2026-09-25T14:38:37Z
2026-09-25T14:35:14Z,2026-09-25T16:35:14+0200,11a69610-5784-4b57-b1a9-c7b60bf32891,2026-09-19T15:15:00Z,2026-09-19T17:15:00+0200,0.72,EUR/MWh,DK1,DK_1,imbalance_price,Long,2026-09-25T14:38:37Z
2026-09-25T14:35:14Z,2026-09-25T16:35:14+0200,11a69610-5784-4b57-b1a9-c7b60bf32891,2026-09-19T15:15:00Z,2026-09-19T17:15:00+0200,0.72,EUR/MWh,DK1,DK_1,imbalance_price,Short,2026-09-25T14:38:37Z
2026-09-25T14:35:14Z,2026-09-25T16:35:14+0200,11a69610-5784-4b57-b1a9-c7b60bf32891,2026-09-19T15:30:00Z,2026-09-19T17:30:00+0200,-5.12,EUR/MWh,DK1,DK_1,imbalance_price,Long,2026-09-25T14:38:37Z
2026-09-25T14:35:14Z,2026-09-25T16:35:14+0200,11a69610-5784-4b57-b1a9-c7b60bf32891,2026-09-19T15:30:00Z,2026-09-19T17:30:00+0200,-5.12,EUR/MWh,DK1,DK_1,imbalance_price,Short,2026-09-25T14:38:37Z
2026-09-25T14:35:14Z,2026-09-25T16:35:14+0200,11a69610-5784-4b57-b1a9-c7b60bf32891,2026-09-19T15:45:00Z,2026-09-19T17:45:00+0200,19.9,EUR/MWh,DK1,DK_1,imbalance_price,Long,2026-09-25T14:38:37Z
2026-09-25T14:35:14Z,2026-09-25T16:35:14+0200,11a69610-5784-4b57-b1a9-c7b60bf32891,2026-09-19T15:45:00Z,2026-09-19T17:45:00+0200,19.9,EUR/MWh,DK1,DK_1,imbalance_price,Short,2026-09-25T14:38:37Z
2026-09-25T14:35:14Z,2026-09-25T16:35:14+0200,11a69610-5784-4b57-b1a9-c7b60bf32891,2026-09-19T16:00:00Z,2026-09-19T18:00:00+0200,27.82,EUR/MWh,DK1,DK_1,imbalance_price,Long,2026-09-25T14:38:37Z
2026-09-25T14:35:14Z,2026-09-25T16:35:14+0200,11a69610-5784-4b57-b1a9-c7b60bf32891,2026-09-19T16:00:00Z,2026-09-19T18:00:00+0200,27.82,EUR/MWh,DK1,DK_1,imbalance_price,Short,2026-09-25T14:38:37Z
2026-09-25T14:35:14Z,2026-09-25T16:35:14+0200,11a69610-5784-4b57-b1a9-c7b60bf32891,2026-09-19T16:15:00Z,2026-09-19T18:15:00+0200,54.86,EUR/MWh,DK1,DK_1,imbalance_price,Long,2026-09-25T14:38:37Z
2026-09-25T14:35:14Z,2026-09-25T16:35:14+0200,11a69610-5784-4b57-b1a9-c7b60bf32891,2026-09-19T16:15:00Z,2026-09-19T18:15:00+0200,54.86,EUR/MWh,DK1,DK_1,imbalance_price,Short,2026-09-25T14:38:37Z
2026-09-25T14:35:14Z,2026-09-25T16:35:14+0200,11a69610-5784-4b57-b1a9-c7b60bf32891,2026-09-19T16:30:00Z,2026-09-19T18:30:00+0200,240.84,EUR/MWh,DK1,DK_1,imbalance_price,Long,2026-09-25T14:38:37Z
2026-09-25T14:35:14Z,2026-09-25T16:35:14+0200,11a69610-5784-4b57-b1a9-c7b60bf32891,2026-09-19T16:30:00Z,2026-09-19T18:30:00+0200,240.84,EUR/MWh,DK1,DK_1,imbalance_price,Short,2026-09-25T14:38:37Z
2026-09-25T14:35:14Z,2026-09-25T16:35:14+0200,11a69610-5784-4b57-b1a9-c7b60bf32891,2026-09-19T16:45:00Z,2026-09-19T18:45:00+0200,64.71,EUR/MWh,DK1,DK_1,imbalance_price,Long,2026-09-25T14:38:37Z
2026-09-25T14:35:14Z,2026-09-25T16:35:14+0200,11a69610-5784-4b57-b1a9-c7b60bf32891,2026-09-19T16:45:00Z,2026-09-19T18:45:00+0200,64.71,EUR/MWh,DK1,DK_1,imbalance_price,Short,2026-09-25T14:38:37Z
2026-09-25T14:35:14Z,2026-09-25T16:35:14+0200,11a69610-5784-4b57-b1a9-c7b60bf32891,2026-09-19T17:00:00Z,2026-09-19T19:00:00+0200,66.97,EUR/MWh,DK1,DK_1,imbalance_price,Long,2026-09-25T14:38:37Z
2026-09-25T14:35:14Z,2026-09-25T16:35:14+0200,11a69610-5784-4b57-b1a9-c7b60bf32891,2026-09-19T17:00:00Z,2026-09-19T19:00:00+0200,66.97,EUR/MWh,DK1,DK_1,imbalance_price,Short,2026-09-25T14:38:37Z
2026-09-25T14:35:14Z,2026-09-25T16:35:14+0200,11a69610-5784-4b57-b1a9-c7b60bf32891,2026-09-19T17:15:00Z,2026-09-19T19:15:00+0200,75.02,EUR/MWh,DK1,DK_1,imbalance_price,Long,2026-09-25T14:38:37Z
2026-09-25T14:35:14Z,2026-09-25T16:35:14+0200,11a69610-5784-4b57-b1a9-c7b60bf32891,2026-09-19T17:15:00Z,2026-09-19T19:15:00+0200,75.02,EUR/MWh,DK1,DK_1,imbalance_price,Short,2026-09-25T14:38:37Z
2026-09-25T14:35:14Z,2026-09-25T16:35:14+0200,11a69610-5784-4b57-b1a9-c7b60bf32891,2026-09-19T17:30:00Z,2026-09-19T19:30:00+0200,78.3,EUR/MWh,DK1,DK_1,imbalance_price,Long,2026-09-25T14:38:37Z
2026-09-25T14:35:14Z,2026-09-25T16:35:14+0200,11a69610-5784-4b57-b1a9-c7b60bf32891,2026-09-19T17:30:00Z,2026-09-19T19:30:00+0200,78.3,EUR/MWh,DK1,DK_1,imbalance_price,Short,2026-09-25T14:38:37Z
2026-09-25T14:35:14Z,2026-09-25T16:35:14+0200,11a69610-5784-4b57-b1a9-c7b60bf32891,2026-09-19T17:45:00Z,2026-09-19T19:45:00+0200,78.62,EUR/MWh,DK1,DK_1,imbalance_price,Long,2026-09-25T14:38:37Z
2026-09-25T14:35:14Z,2026-09-25T16:35:14+0200,11a69610-5784-4b57-b1a9-c7b60bf32891,2026-09-19T17:45:00Z,2026-09-19T19:45:00+0200,78.62,EUR/MWh,DK1,DK_1,imbalance_price,Short,2026-09-25T14:38:37Z
2026-09-25T14:35:14Z,2026-09-25T16:35:14+0200,11a69610-5784-4b57-b1a9-c7b60bf32891,2026-09-19T18:00:00Z,2026-09-19T20:00:00+0200,82.26,EUR/MWh,DK1,DK_1,imbalance_price,Long,2026-09-25T14:38:37Z
2026-09-25T14:35:14Z,2026-09-25T16:35:14+0200,11a69610-5784-4b57-b1a9-c7b60bf32891,2026-09-19T18:00:00Z,2026-09-19T20:00:00+0200,82.26,EUR/MWh,DK1,DK_1,imbalance_price,Short,2026-09-25T14:38:37Z
2026-09-25T14:35:14Z,2026-09-25T16:35:14+0200,11a69610-5784-4b57-b1a9-c7b60bf32891,2026-09-19T18:15:00Z,2026-09-19T20:15:00+0200,80.68,EUR/MWh,DK1,DK_1,imbalance_price,Long,2026-09-25T14:38:37Z
2026-09-25T14:35:14Z,2026-09-25T16:35:14+0200,11a69610-5784-4b57-b1a9-c7b60bf32891,2026-09-19T18:15:00Z,2026-09-19T20:15:00+0200,80.68,EUR/MWh,DK1,DK_1,imbalance_price,Short,2026-09-25T14:38:37Z
2026-09-25T14:35:14Z,2026-09-25T16:35:14+0200,11a69610-5784-4b57-b1a9-c7b60bf32891,2026-09-19T18:30:00Z,2026-09-19T20:30:00+0200,6.4,EUR/MWh,DK1,DK_1,imbalance_price,Long,2026-09-25T14:38:37Z
2026-09-25T14:35:14Z,2026-09-25T16:35:14+0200,11a69610-5784-4b57-b1a9-c7b60bf32891,2026-09-19T18:30:00Z,2026-09-19T20:30:00+0200,6.4,EUR/MWh,DK1,DK_1,imbalance_price,Short,2026-09-25T14:38:37Z
2026-09-25T14:35:14Z,2026-09-25T16:35:14+0200,11a69610-5784-4b57-b1a9-c7b60bf32891,2026-09-19T18:45:00Z,2026-09-19T20:45:00+0200,1.11,EUR/MWh,DK1,DK_1,imbalance_price,Long,2026-09-25T14:38:37Z
2026-09-25T14:35:14Z,2026-09-25T16:35:14+0200,11a69610-5784-4b57-b1a9-c7b60bf32891,2026-09-19T18:45:00Z,2026-09-19T20:45:00+0200,1.11,EUR/MWh,DK1,DK_1,imbalance_price,Short,2026-09-25T14:38:37Z
2026-09-25T14:35:14Z,2026-09-25T16:35:14+0200,11a69610-5784-4b57-b1a9-c7b60bf32891,2026-09-19T19:00:00Z,2026-09-19T21:00:00+0200,-5.23,EUR/MWh,DK1,DK_1,imbalance_price,Long,2026-09-25T14:38:37Z
2026-09-25T14:35:14Z,2026-09-25T16:35:14+0200,11a69610-5784-4b57-b1a9-c7b60bf32891,2026-09-19T19:00:00Z,2026-09-19T21:00:00+0200,-5.23,EUR/MWh,DK1,DK_1,imbalance_price,Short,2026-09-25T14:38:37Z
2026-09-25T14:35:14Z,2026-09-25T16:35:14+0200,11a69610-5784-4b57-b1a9-c7b60bf32891,2026-09-19T19:15:00Z,2026-09-19T21:15:00+0200,-21.79,EUR/MWh,DK1,DK_1,imbalance_price,Long,2026-09-25T14:38:37Z
2026-09-25T14:35:14Z,2026-09-25T16:35:14+0200,11a69610-5784-4b57-b1a9-c7b60bf32891,2026-09-19T19:15:00Z,2026-09-19T21:15:00+0200,-21.79,EUR/MWh,DK1,DK_1,imbalance_price,Short,2026-09-25T14:38:37Z
2026-09-25T14:35:14Z,2026-09-25T16:35:14+0200,11a69610-5784-4b57-b1a9-c7b60bf32891,2026-09-19T19:30:00Z,2026-09-19T21:30:00+0200,82.96,EUR/MWh,DK1,DK_1,imbalance_price,Long,2026-09-25T14:38:37Z
2026-09-25T14:35:14Z,2026-09-25T16:35:14+0200,11a69610-5784-4b57-b1a9-c7b60bf32891,2026-09-19T19:30:00Z,2026-09-19T21:30:00+0200,82.96,EUR/MWh,DK1,DK_1,imbalance_price,Short,2026-09-25T14:38:37Z
2026-09-25T14:35:14Z,2026-09-25T16:35:14+0200,11a69610-5784-4b57-b1a9-c7b60bf32891,2026-09-19T19:45:00Z,2026-09-19T21:45:00+0200,60.35,EUR/MWh,DK1,DK_1,imbalance_price,Long,2026-09-25T14:38:37Z
2026-09-25T14:35:14Z,2026-09-25T16:35:14+0200,11a69610-5784-4b57-b1a9-c7b60bf32891,2026-09-19T19:45:00Z,2026-09-19T21:45:00+0200,60.35,EUR/MWh,DK1,DK_1,imbalance_price,Short,2026-09-25T14:38:37Z
2026-09-25T14:35:14Z,2026-09-25T16:35:14+0200,11a69610-5784-4b57-b1a9-c7b60bf32891,2026-09-19T20:00:00Z,2026-09-19T22:00:00+0200,64.75,EUR/MWh,DK1,DK_1,imbalance_price,Long,2026-09-25T14:38:37Z
2026-09-25T14:35:14Z,2026-09-25T16:35:14+0200,11a69610-5784-4b57-b1a9-c7b60bf32891,2026-09-19T20:00:00Z,2026-09-19T22:00:00+0200,64.75,EUR/MWh,DK1,DK_1,imbalance_price,Short,2026-09-25T14:38:37Z
2026-09-25T14:35:14Z,2026-09-25T16:35:14+0200,11a69610-5784-4b57-b1a9-c7b60bf32891,2026-09-19T20:15:00Z,2026-09-19T22:15:00+0200,61.61,EUR/MWh,DK1,DK_1,imbalance_price,Long,2026-09-25T14:38:37Z
2026-09-25T14:35:14Z,2026-09-25T16:35:14+0200,11a69610-5784-4b57-b1a9-c7b60bf32891,2026-09-19T20:15:00Z,2026-09-19T22:15:00+0200,61.61,EUR/MWh,DK1,DK_1,imbalance_price,Short,2026-09-25T14:38:37Z
2026-09-25T14:35:14Z,2026-09-25T16:35:14+0200,11a69610-5784-4b57-b1a9-c7b60bf32891,2026-09-19T20:30:00Z,2026-09-19T22:30:00+0200,58.46,EUR/MWh,DK1,DK_1,imbalance_price,Long,2026-09-25T14:38:37Z
2026-09-25T14:35:14Z,2026-09-25T16:35:14+0200,11a69610-5784-4b57-b1a9-c7b60bf32891,2026-09-19T20:30:00Z,2026-09-19T22:30:00+0200,58.46,EUR/MWh,DK1,DK_1,imbalance_price,Short,2026-09-25T14:38:37Z
2026-09-25T14:35:14Z,2026-09-25T16:35:14+0200,11a69610-5784-4b57-b1a9-c7b60bf32891,2026-09-19T20:45:00Z,2026-09-19T22:45:00+0200,55.51,EUR/MWh,DK1,DK_1,imbalance_price,Long,2026-09-25T14:38:37Z
2026-09-25T14:35:14Z,2026-09-25T16:35:14+0200,11a69610-5784-4b57-b1a9-c7b60bf32891,2026-09-19T20:45:00Z,2026-09-19T22:45:00+0200,55.51,EUR/MWh,DK1,DK_1,imbalance_price,Short,2026-09-25T14:38:37Z
2026-09-25T14:35:14Z,2026-09-25T16:35:14+0200,11a69610-5784-4b57-b1a9-c7b60bf32891,2026-09-19T21:00:00Z,2026-09-19T23:00:00+0200,-29.28,EUR/MWh,DK1,DK_1,imbalance_price,Long,2026-09-25T14:38:37Z
2026-09-25T14:35:14Z,2026-09-25T16:35:14+0200,11a69610-5784-4b57-b1a9-c7b60bf32891,2026-09-19T21:00:00Z,2026-09-19T23:00:00+0200,-29.28,EUR/MWh,DK1,DK_1,imbalance_price,Short,2026-09-25T14:38:37Z
2026-09-25T14:35:14Z,2026-09-25T16:35:14+0200,11a69610-5784-4b57-b1a9-c7b60bf32891,2026-09-19T21:15:00Z,2026-09-19T23:15:00+0200,-45.59,EUR/MWh,DK1,DK_1,imbalance_price,Long,2026-09-25T14:38:37Z
2026-09-25T14:35:14Z,2026-09-25T16:35:14+0200,11a69610-5784-4b57-b1a9-c7b60bf32891,2026-09-19T21:15:00Z,2026-09-19T23:15:00+0200,-45.59,EUR/MWh,DK1,DK_1,imbalance_price,Short,2026-09-25T14:38:37Z
2026-09-25T14:35:14Z,2026-09-25T16:35:14+0200,11a69610-5784-4b57-b1a9-c7b60bf32891,2026-09-19T21:30:00Z,2026-09-19T23:30:00+0200,-44.35,EUR/MWh,DK1,DK_1,imbalance_price,Long,2026-09-25T14:38:37Z
2026-09-25T14:35:14Z,2026-09-25T16:35:14+0200,11a69610-5784-4b57-b1a9-c7b60bf32891,2026-09-19T21:30:00Z,2026-09-19T23:30:00+0200,-44.35,EUR/MWh,DK1,DK_1,imbalance_price,Short,2026-09-25T14:38:37Z
2026-09-25T14:35:14Z,2026-09-25T16:35:14+0200,11a69610-5784-4b57-b1a9-c7b60bf32891,2026-09-19T21:45:00Z,2026-09-19T23:45:00+0200,-31.31,EUR/MWh,DK1,DK_1,imbalance_price,Long,2026-09-25T14:38:37Z
2026-09-25T14:35:14Z,2026-09-25T16:35:14+0200,11a69610-5784-4b57-b1a9-c7b60bf32891,2026-09-19T21:45:00Z,2026-09-19T23:45:00+0200,-31.31,EUR/MWh,DK1,DK_1,imbalance_price,Short,2026-09-25T14:38:37Z
2026-09-25T14:35:14Z,2026-09-25T16:35:14+0200,11a69610-5784-4b57-b1a9-c7b60bf32891,2026-09-19T22:00:00Z,2026-09-20T00:00:00+0200,5.0,EUR/MWh,DK1,DK_1,imbalance_price,Long,2026-09-25T14:38:37Z
2026-09-25T14:35:14Z,2026-09-25T16:35:14+0200,11a69610-5784-4b57-b1a9-c7b60bf32891,2026-09-19T22:00:00Z,2026-09-20T00:00:00+0200,5.0,EUR/MWh,DK1,DK_1,imbalance_price,Short,2026-09-25T14:38:37Z
2026-09-25T14:35:14Z,2026-09-25T16:35:14+0200,11a69610-5784-4b57-b1a9-c7b60bf32891,2026-09-19T22:15:00Z,2026-09-20T00:15:00+0200,-0.7,EUR/MWh,DK1,DK_1,imbalance_price,Long,2026-09-25T14:38:37Z
2026-09-25T14:35:14Z,2026-09-25T16:35:14+0200,11a69610-5784-4b57-b1a9-c7b60bf32891,2026-09-19T22:15:00Z,2026-09-20T00:15:00+0200,-0.7,EUR/MWh,DK1,DK_1,imbalance_price,Short,2026-09-25T14:38:37Z
2026-09-25T14:35:14Z,2026-09-25T16:35:14+0200,11a69610-5784-4b57-b1a9-c7b60bf32891,2026-09-19T22:30:00Z,2026-09-20T00:30:00+0200,7.11,EUR/MWh,DK1,DK_1,imbalance_price,Long,2026-09-25T14:38:37Z
2026-09-25T14:35:14Z,2026-09-25T16:35:14+0200,11a69610-5784-4b57-b1a9-c7b60bf32891,2026-09-19T22:30:00Z,2026-09-20T00:30:00+0200,7.11,EUR/MWh,DK1,DK_1,imbalance_price,Short,2026-09-25T14:38:37Z
2026-09-25T14:35:14Z,2026-09-25T16:35:14+0200,11a69610-5784-4b57-b1a9-c7b60bf32891,2026-09-19T22:45:00Z,2026-09-20T00:45:00+0200,5.73,EUR/MWh,DK1,DK_1,imbalance_price,Long,2026-09-25T14:38:37Z
2026-09-25T14:35:14Z,2026-09-25T16:35:14+0200,11a69610-5784-4b57-b1a9-c7b60bf32891,2026-09-19T22:45:00Z,2026-09-20T00:45:00+0200,5.73,EUR/MWh,DK1,DK_1,imbalance_price,Short,2026-09-25T14:38:37Z
2026-09-25T14:35:14Z,2026-09-25T16:35:14+0200,11a69610-5784-4b57-b1a9-c7b60bf32891,2026-09-19T23:00:00Z,2026-09-20T01:00:00+0200,6.29,EUR/MWh,DK1,DK_1,imbalance_price,Long,2026-09-25T14:38:37Z
2026-09-25T14:35:14Z,2026-09-25T16:35:14+0200,11a69610-5784-4b57-b1a9-c7b60bf32891,2026-09-19T23:00:00Z,2026-09-20T01:00:00+0200,6.29,EUR/MWh,DK1,DK_1,imbalance_price,Short,2026-09-25T14:38:37Z
2026-09-25T14:35:14Z,2026-09-25T16:35:14+0200,11a69610-5784-4b57-b1a9-c7b60bf32891,2026-09-19T23:15:00Z,2026-09-20T01:15:00+0200,6.66,EUR/MWh,DK1,DK_1,imbalance_price,Long,2026-09-25T14:38:37Z
2026-09-25T14:35:14Z,2026-09-25T16:35:14+0200,11a69610-5784-4b57-b1a9-c7b60bf32891,2026-09-19T23:15:00Z,2026-09-20T01:15:00+0200,6.66,EUR/MWh,DK1,DK_1,imbalance_price,Short,2026-09-25T14:38:37Z
2026-09-25T14:35:14Z,2026-09-25T16:35:14+0200,11a69610-5784-4b57-b1a9-c7b60bf32891,2026-09-19T23:30:00Z,2026-09-20T01:30:00+0200,374.62,EUR/MWh,DK1,DK_1,imbalance_price,Long,2026-09-25T14:38:37Z
2026-09-25T14:35:14Z,2026-09-25T16:35:14+0200,11a69610-5784-4b57-b1a9-c7b60bf32891,2026-09-19T23:30:00Z,2026-09-20T01:30:00+0200,374.62,EUR/MWh,DK1,DK_1,imbalance_price,Short,2026-09-25T14:38:37Z
2026-09-25T14:35:14Z,2026-09-25T16:35:14+0200,11a69610-5784-4b57-b1a9-c7b60bf32891,2026-09-19T23:45:00Z,2026-09-20T01:45:00+0200,30.42,EUR/MWh,DK1,DK_1,imbalance_price,Long,2026-09-25T14:38:37Z
2026-09-25T14:35:14Z,2026-09-25T16:35:14+0200,11a69610-5784-4b57-b1a9-c7b60bf32891,2026-09-19T23:45:00Z,2026-09-20T01:45:00+0200,30.42,EUR/MWh,DK1,DK_1,imbalance_price,Short,2026-09-25T14:38:37Z
2026-09-25T14:35:14Z,2026-09-25T16:35:14+0200,11a69610-5784-4b57-b1a9-c7b60bf32891,2026-09-20T00:00:00Z,2026-09-20T02:00:00+0200,24.78,EUR/MWh,DK1,DK_1,imbalance_price,Long,2026-09-25T14:38:37Z
2026-09-25T14:35:14Z,2026-09-25T16:35:14+0200,11a69610-5784-4b57-b1a9-c7b60bf32891,2026-09-20T00:00:00Z,2026-09-20T02:00:00+0200,24.78,EUR/MWh,DK1,DK_1,imbalance_price,Short,2026-09-25T14:38:37Z
2026-09-25T14:35:14Z,2026-09-25T16:35:14+0200,11a69610-5784-4b57-b1a9-c7b60bf32891,2026-09-20T00:15:00Z,2026-09-20T02:15:00+0200,5.77,EUR/MWh,DK1,DK_1,imbalance_price,Long,2026-09-25T14:38:37Z
2026-09-25T14:35:14Z,2026-09-25T16:35:14+0200,11a69610-5784-4b57-b1a9-c7b60bf32891,2026-09-20T00:15:00Z,2026-09-20T02:15:00+0200,5.77,EUR/MWh,DK1,DK_1,imbalance_price,Short,2026-09-25T14:38:37Z
2026-09-25T14:35:14Z,2026-09-25T16:35:14+0200,11a69610-5784-4b57-b1a9-c7b60bf32891,2026-09-20T00:30:00Z,2026-09-20T02:30:00+0200,5.75,EUR/MWh,DK1,DK_1,imbalance_price,Long,2026-09-25T14:38:37Z
2026-09-25T14:35:14Z,2026-09-25T16:35:14+0200,11a69610-5784-4b57-b1a9-c7b60bf32891,2026-09-20T00:30:00Z,2026-09-20T02:30:00+0200,5.75,EUR/MWh,DK1,DK_1,imbalance_price,Short,2026-09-25T14:38:37Z
2026-09-25T14:35:14Z,2026-09-25T16:35:14+0200,11a69610-5784-4b57-b1a9-c7b60bf32891,2026-09-20T00:45:00Z,2026-09-20T02:45:00+0200,5.48,EUR/MWh,DK1,DK_1,imbalance_price,Long,2026-09-25T14:38:37Z
2026-09-25T14:35:14Z,2026-09-25T16:35:14+0200,11a69610-5784-4b57-b1a9-c7b60bf32891,2026-09-20T00:45:00Z,2026-09-20T02:45:00+0200,5.48,EUR/MWh,DK1,DK_1,imbalance_price,Short,2026-09-25T14:38:37Z
2026-09-25T14:35:14Z,2026-09-25T16:35:14+0200,11a69610-5784-4b57-b1a9-c7b60bf32891,2026-09-20T01:00:00Z,2026-09-20T03:00:00+0200,6.0,EUR/MWh,DK1,DK_1,imbalance_price,Long,2026-09-25T14:38:37Z
2026-09-25T14:35:14Z,2026-09-25T16:35:14+0200,11a69610-5784-4b57-b1a9-c7b60bf32891,2026-09-20T01:00:00Z,2026-09-20T03:00:00+0200,6.0,EUR/MWh,DK1,DK_1,imbalance_price,Short,2026-09-25T14:38:37Z
2026-09-25T14:35:14Z,2026-09-25T16:35:14+0200,11a69610-5784-4b57-b1a9-c7b60bf32891,2026-09-20T01:15:00Z,2026-09-20T03:15:00+0200,5.36,EUR/MWh,DK1,DK_1,imbalance_price,Long,2026-09-25T14:38:37Z
2026-09-25T14:35:14Z,2026-09-25T16:35:14+0200,11a69610-5784-4b57-b1a9-c7b60bf32891,2026-09-20T01:15:00Z,2026-09-20T03:15:00+0200,5.36,EUR/MWh,DK1,DK_1,imbalance_price,Short,2026-09-25T14:38:37Z
2026-09-25T14:35:14Z,2026-09-25T16:35:14+0200,11a69610-5784-4b57-b1a9-c7b60bf32891,2026-09-20T01:30:00Z,2026-09-20T03:30:00+0200,7.0,EUR/MWh,DK1,DK_1,imbalance_price,Long,2026-09-25T14:38:37Z
2026-09-25T14:35:14Z,2026-09-25T16:35:14+0200,11a69610-5784-4b57-b1a9-c7b60bf32891,2026-09-20T01:30:00Z,2026-09-20T03:30:00+0200,7.0,EUR/MWh,DK1,DK_1,imbalance_price,Short,2026-09-25T14:38:37Z
2026-09-25T14:35:14Z,2026-09-25T16:35:14+0200,11a69610-5784-4b57-b1a9-c7b60bf32891,2026-09-20T01:45:00Z,2026-09-20T03:45:00+0200,5.27,EUR/MWh,DK1,DK_1,imbalance_price,Long,2026-09-25T14:38:37Z
2026-09-25T14:35:14Z,2026-09-25T16:35:14+0200,11a69610-5784-4b57-b1a9-c7b60bf32891,2026-09-20T01:45:00Z,2026-09-20T03:45:00+0200,5.27,EUR/MWh,DK1,DK_1,imbalance_price,Short,2026-09-25T14:38:37Z
2026-09-25T14:35:14Z,2026-09-25T16:35:14+0200,11a69610-5784-4b57-b1a9-c7b60bf32891,2026-09-20T02:00:00Z,2026-09-20T04:00:00+0200,4.9,EUR/MWh,DK1,DK_1,imbalance_price,Long,2026-09-25T14:38:37Z
2026-09-25T14:35:14Z,2026-09-25T16:35:14+0200,11a69610-5784-4b57-b1a9-c7b60bf32891,2026-09-20T02:00:00Z,2026-09-20T04:00:00+0200,4.9,EUR/MWh,DK1,DK_1,imbalance_price,Short,2026-09-25T14:38:37Z
2026-09-25T14:35:14Z,2026-09-25T16:35:14+0200,11a69610-5784-4b57-b1a9-c7b60bf32891,2026-09-20T02:15:00Z,2026-09-20T04:15:00+0200,4.97,EUR/MWh,DK1,DK_1,imbalance_price,Long,2026-09-25T14:38:37Z
2026-09-25T14:35:14Z,2026-09-25T16:35:14+0200,11a69610-5784-4b57-b1a9-c7b60bf32891,2026-09-20T02:15:00Z,2026-09-20T04:15:00+0200,4.97,EUR/MWh,DK1,DK_1,imbalance_price,Short,2026-09-25T14:38:37Z
2026-09-25T14:35:14Z,2026-09-25T16:35:14+0200,11a69610-5784-4b57-b1a9-c7b60bf32891,2026-09-20T02:30:00Z,2026-09-20T04:30:00+0200,-0.51,EUR/MWh,DK1,DK_1,imbalance_price,Long,2026-09-25T14:38:37Z
2026-09-25T14:35:14Z,2026-09-25T16:35:14+0200,11a69610-5784-4b57-b1a9-c7b60bf32891,2026-09-20T02:30:00Z,2026-09-20T04:30:00+0200,-0.51,EUR/MWh,DK1,DK_1,imbalance_price,Short,2026-09-25T14:38:37Z
2026-09-25T14:35:14Z,2026-09-25T16:35:14+0200,11a69610-5784-4b57-b1a9-c7b60bf32891,2026-09-20T02:45:00Z,2026-09-20T04:45:00+0200,0.0,EUR/MWh,DK1,DK_1,imbalance_price,Long,2026-09-25T14:38:37Z
2026-09-25T14:35:14Z,2026-09-25T16:35:14+0200,11a69610-5784-4b57-b1a9-c7b60bf32891,2026-09-20T02:45:00Z,2026-09-20T04:45:00+0200,0.0,EUR/MWh,DK1,DK_1,imbalance_price,Short,2026-09-25T14:38:37Z
2026-09-25T14:35:14Z,2026-09-25T16:35:14+0200,11a69610-5784-4b57-b1a9-c7b60bf32891,2026-09-20T03:00:00Z,2026-09-20T05:00:00+0200,-5.09,EUR/MWh,DK1,DK_1,imbalance_price,Long,2026-09-25T14:38:37Z
2026-09-25T14:35:14Z,2026-09-25T16:35:14+0200,11a69610-5784-4b57-b1a9-c7b60bf32891,2026-09-20T03:00:00Z,2026-09-20T05:00:00+0200,-5.09,EUR/MWh,DK1,DK_1,imbalance_price,Short,2026-09-25T14:38:37Z
2026-09-25T14:35:14Z,2026-09-25T16:35:14+0200,11a69610-5784-4b57-b1a9-c7b60bf32891,2026-09-20T03:15:00Z,2026-09-20T05:15:00+0200,-0.7,EUR/MWh,DK1,DK_1,imbalance_price,Long,2026-09-25T14:38:37Z
2026-09-25T14:35:14Z,2026-09-25T16:35:14+0200,11a69610-5784-4b57-b1a9-c7b60bf32891,2026-09-20T03:15:00Z,2026-09-20T05:15:00+0200,-0.7,EUR/MWh,DK1,DK_1,imbalance_price,Short,2026-09-25T14:38:37Z
2026-09-25T14:35:14Z,2026-09-25T16:35:14+0200,11a69610-5784-4b57-b1a9-c7b60bf32891,2026-09-20T03:30:00Z,2026-09-20T05:30:00+0200,0.0,EUR/MWh,DK1,DK_1,imbalance_price,Long,2026-09-25T14:38:37Z
2026-09-25T14:35:14Z,2026-09-25T16:35:14+0200,11a69610-5784-4b57-b1a9-c7b60bf32891,2026-09-20T03:30:00Z,2026-09-20T05:30:00+0200,0.0,EUR/MWh,DK1,DK_1,imbalance_price,Short,2026-09-25T14:38:37Z
2026-09-25T14:35:14Z,2026-09-25T16:35:14+0200,11a69610-5784-4b57-b1a9-c7b60bf32891,2026-09-20T03:45:00Z,2026-09-20T05:45:00+0200,-0.7,EUR/MWh,DK1,DK_1,imbalance_price,Long,2026-09-25T14:38:37Z
2026-09-25T14:35:14Z,2026-09-25T16:35:14+0200,11a69610-5784-4b57-b1a9-c7b60bf32891,2026-09-20T03:45:00Z,2026-09-20T05:45:00+0200,-0.7,EUR/MWh,DK1,DK_1,imbalance_price,Short,2026-09-25T14:38:37Z
2026-09-25T14:35:14Z,2026-09-25T16:35:14+0200,11a69610-5784-4b57-b1a9-c7b60bf32891,2026-09-20T04:00:00Z,2026-09-20T06:00:00+0200,-33.63,EUR/MWh,DK1,DK_1,imbalance_price,Long,2026-09-25T14:38:37Z
2026-09-25T14:35:14Z,2026-09-25T16:35:14+0200,11a69610-5784-4b57-b1a9-c7b60bf32891,2026-09-20T04:00:00Z,2026-09-20T06:00:00+0200,-33.63,EUR/MWh,DK1,DK_1,imbalance_price,Short,2026-09-25T14:38:37Z
2026-09-25T14:35:14Z,2026-09-25T16:35:14+0200,11a69610-5784-4b57-b1a9-c7b60bf32891,2026-09-20T04:15:00Z,2026-09-20T06:15:00+0200,2.79,EUR/MWh,DK1,DK_1,imbalance_price,Long,2026-09-25T14:38:37Z
2026-09-25T14:35:14Z,2026-09-25T16:35:14+0200,11a69610-5784-4b57-b1a9-c7b60bf32891,2026-09-20T04:15:00Z,2026-09-20T06:15:00+0200,2.79,EUR/MWh,DK1,DK_1,imbalance_price,Short,2026-09-25T14:38:37Z
2026-09-25T14:35:14Z,2026-09-25T16:35:14+0200,11a69610-5784-4b57-b1a9-c7b60bf32891,2026-09-20T04:30:00Z,2026-09-20T06:30:00+0200,3.89,EUR/MWh,DK1,DK_1,imbalance_price,Long,2026-09-25T14:38:37Z
2026-09-25T14:35:14Z,2026-09-25T16:35:14+0200,11a69610-5784-4b57-b1a9-c7b60bf32891,2026-09-20T04:30:00Z,2026-09-20T06:30:00+0200,3.89,EUR/MWh,DK1,DK_1,imbalance_price,Short,2026-09-25T14:38:37Z
2026-09-25T14:35:14Z,2026-09-25T16:35:14+0200,11a69610-5784-4b57-b1a9-c7b60bf32891,2026-09-20T04:45:00Z,2026-09-20T06:45:00+0200,-6.5,EUR/MWh,DK1,DK_1,imbalance_price,Long,2026-09-25T14:38:37Z
2026-09-25T14:35:14Z,2026-09-25T16:35:14+0200,11a69610-5784-4b57-b1a9-c7b60bf32891,2026-09-20T04:45:00Z,2026-09-20T06:45:00+0200,-6.5,EUR/MWh,DK1,DK_1,imbalance_price,Short,2026-09-25T14:38:37Z
2026-09-25T14:35:14Z,2026-09-25T16:35:14+0200,11a69610-5784-4b57-b1a9-c7b60bf32891,2026-09-20T05:00:00Z,2026-09-20T07:00:00+0200,-17.88,EUR/MWh,DK1,DK_1,imbalance_price,Long,2026-09-25T14:38:37Z
2026-09-25T14:35:14Z,2026-09-25T16:35:14+0200,11a69610-5784-4b57-b1a9-c7b60bf32891,2026-09-20T05:00:00Z,2026-09-20T07:00:00+0200,-17.88,EUR/MWh,DK1,DK_1,imbalance_price,Short,2026-09-25T14:38:37Z
2026-09-25T14:35:14Z,2026-09-25T16:35:14+0200,11a69610-5784-4b57-b1a9-c7b60bf32891,2026-09-20T05:15:00Z,2026-09-20T07:15:00+0200,7.92,EUR/MWh,DK1,DK_1,imbalance_price,Long,2026-09-25T14:38:37Z
2026-09-25T14:35:14Z,2026-09-25T16:35:14+0200,11a69610-5784-4b57-b1a9-c7b60bf32891,2026-09-20T05:15:00Z,2026-09-20T07:15:00+0200,7.92,EUR/MWh,DK1,DK_1,imbalance_price,Short,2026-09-25T14:38:37Z
2026-09-25T14:35:14Z,2026-09-25T16:35:14+0200,11a69610-5784-4b57-b1a9-c7b60bf32891,2026-09-20T05:30:00Z,2026-09-20T07:30:00+0200,-4.0,EUR/MWh,DK1,DK_1,imbalance_price,Long,2026-09-25T14:38:37Z
2026-09-25T14:35:14Z,2026-09-25T16:35:14+0200,11a69610-5784-4b57-b1a9-c7b60bf32891,2026-09-20T05:30:00Z,2026-09-20T07:30:00+0200,-4.0,EUR/MWh,DK1,DK_1,imbalance_price,Short,2026-09-25T14:38:37Z
2026-09-25T14:35:14Z,2026-09-25T16:35:14+0200,11a69610-5784-4b57-b1a9-c7b60bf32891,2026-09-20T05:45:00Z,2026-09-20T07:45:00+0200,6.49,EUR/MWh,DK1,DK_1,imbalance_price,Long,2026-09-25T14:38:37Z
2026-09-25T14:35:14Z,2026-09-25T16:35:14+0200,11a69610-5784-4b57-b1a9-c7b60bf32891,2026-09-20T05:45:00Z,2026-09-20T07:45:00+0200,6.49,EUR/MWh,DK1,DK_1,imbalance_price,Short,2026-09-25T14:38:37Z
2026-09-25T14:35:14Z,2026-09-25T16:35:14+0200,11a69610-5784-4b57-b1a9-c7b60bf32891,2026-09-20T06:00:00Z,2026-09-20T08:00:00+0200,7.6,EUR/MWh,DK1,DK_1,imbalance_price,Long,2026-09-25T14:38:37Z
2026-09-25T14:35:14Z,2026-09-25T16:35:14+0200,11a69610-5784-4b57-b1a9-c7b60bf32891,2026-09-20T06:00:00Z,2026-09-20T08:00:00+0200,7.6,EUR/MWh,DK1,DK_1,imbalance_price,Short,2026-09-25T14:38:37Z
2026-09-25T14:35:14Z,2026-09-25T16:35:14+0200,11a69610-5784-4b57-b1a9-c7b60bf32891,2026-09-20T06:15:00Z,2026-09-20T08:15:00+0200,34.0,EUR/MWh,DK1,DK_1,imbalance_price,Long,2026-09-25T14:38:37Z
2026-09-25T14:35:14Z,2026-09-25T16:35:14+0200,11a69610-5784-4b57-b1a9-c7b60bf32891,2026-09-20T06:15:00Z,2026-09-20T08:15:00+0200,34.0,EUR/MWh,DK1,DK_1,imbalance_price,Short,2026-09-25T14:38:37Z
2026-09-25T14:35:14Z,2026-09-25T16:35:14+0200,11a69610-5784-4b57-b1a9-c7b60bf32891,2026-09-20T06:30:00Z,2026-09-20T08:30:00+0200,7.53,EUR/MWh,DK1,DK_1,imbalance_price,Long,2026-09-25T14:38:37Z
2026-09-25T14:35:14Z,2026-09-25T16:35:14+0200,11a69610-5784-4b57-b1a9-c7b60bf32891,2026-09-20T06:30:00Z,2026-09-20T08:30:00+0200,7.53,EUR/MWh,DK1,DK_1,imbalance_price,Short,2026-09-25T14:38:37Z
2026-09-25T14:35:14Z,2026-09-25T16:35:14+0200,11a69610-5784-4b57-b1a9-c7b60bf32891,2026-09-20T06:45:00Z,2026-09-20T08:45:00+0200,4.62,EUR/MWh,DK1,DK_1,imbalance_price,Long,2026-09-25T14:38:37Z
2026-09-25T14:35:14Z,2026-09-25T16:35:14+0200,11a69610-5784-4b57-b1a9-c7b60bf32891,2026-09-20T06:45:00Z,2026-09-20T08:45:00+0200,4.62,EUR/MWh,DK1,DK_1,imbalance_price,Short,2026-09-25T14:38:37Z
2026-09-25T14:35:14Z,2026-09-25T16:35:14+0200,11a69610-5784-4b57-b1a9-c7b60bf32891,2026-09-20T07:00:00Z,2026-09-20T09:00:00+0200,-0.25,EUR/MWh,DK1,DK_1,imbalance_price,Long,2026-09-25T14:38:37Z
2026-09-25T14:35:14Z,2026-09-25T16:35:14+0200,11a69610-5784-4b57-b1a9-c7b60bf32891,2026-09-20T07:00:00Z,2026-09-20T09:00:00+0200,-0.25,EUR/MWh,DK1,DK_1,imbalance_price,Short,2026-09-25T14:38:37Z
2026-09-25T14:35:14Z,2026-09-25T16:35:14+0200,11a69610-5784-4b57-b1a9-c7b60bf32891,2026-09-20T07:15:00Z,2026-09-20T09:15:00+0200,5.02,EUR/MWh,DK1,DK_1,imbalance_price,Long,2026-09-25T14:38:37Z
2026-09-25T14:35:14Z,2026-09-25T16:35:14+0200,11a69610-5784-4b57-b1a9-c7b60bf32891,2026-09-20T07:15:00Z,2026-09-20T09:15:00+0200,5.02,EUR/MWh,DK1,DK_1,imbalance_price,Short,2026-09-25T14:38:37Z
2026-09-25T14:35:14Z,2026-09-25T16:35:14+0200,11a69610-5784-4b57-b1a9-c7b60bf32891,2026-09-20T07:30:00Z,2026-09-20T09:30:00+0200,6.69,EUR/MWh,DK1,DK_1,imbalance_price,Long,2026-09-25T14:38:37Z
2026-09-25T14:35:14Z,2026-09-25T16:35:14+0200,11a69610-5784-4b57-b1a9-c7b60bf32891,2026-09-20T07:30:00Z,2026-09-20T09:30:00+0200,6.69,EUR/MWh,DK1,DK_1,imbalance_price,Short,2026-09-25T14:38:37Z
2026-09-25T14:35:14Z,2026-09-25T16:35:14+0200,11a69610-5784-4b57-b1a9-c7b60bf32891,2026-09-20T07:45:00Z,2026-09-20T09:45:00+0200,0.03,EUR/MWh,DK1,DK_1,imbalance_price,Long,2026-09-25T14:38:37Z
2026-09-25T14:35:14Z,2026-09-25T16:35:14+0200,11a69610-5784-4b57-b1a9-c7b60bf32891,2026-09-20T07:45:00Z,2026-09-20T09:45:00+0200,0.03,EUR/MWh,DK1,DK_1,imbalance_price,Short,2026-09-25T14:38:37Z
2026-09-25T14:35:14Z,2026-09-25T16:35:14+0200,11a69610-5784-4b57-b1a9-c7b60bf32891,2026-09-20T08:00:00Z,2026-09-20T10:00:00+0200,-39.96,EUR/MWh,DK1,DK_1,imbalance_price,Long,2026-09-25T14:38:37Z
2026-09-25T14:35:14Z,2026-09-25T16:35:14+0200,11a69610-5784-4b57-b1a9-c7b60bf32891,2026-09-20T08:00:00Z,2026-09-20T10:00:00+0200,-39.96,EUR/MWh,DK1,DK_1,imbalance_price,Short,2026-09-25T14:38:37Z
2026-09-25T14:35:14Z,2026-09-25T16:35:14+0200,11a69610-5784-4b57-b1a9-c7b60bf32891,2026-09-20T08:15:00Z,2026-09-20T10:15:00+0200,-10.0,EUR/MWh,DK1,DK_1,imbalance_price,Long,2026-09-25T14:38:37Z
2026-09-25T14:35:14Z,2026-09-25T16:35:14+0200,11a69610-5784-4b57-b1a9-c7b60bf32891,2026-09-20T08:15:00Z,2026-09-20T10:15:00+0200,-10.0,EUR/MWh,DK1,DK_1,imbalance_price,Short,2026-09-25T14:38:37Z
2026-09-25T14:35:14Z,2026-09-25T16:35:14+0200,11a69610-5784-4b57-b1a9-c7b60bf32891,2026-09-20T08:30:00Z,2026-09-20T10:30:00+0200,-9.99,EUR/MWh,DK1,DK_1,imbalance_price,Long,2026-09-25T14:38:37Z
2026-09-25T14:35:14Z,2026-09-25T16:35:14+0200,11a69610-5784-4b57-b1a9-c7b60bf32891,2026-09-20T08:30:00Z,2026-09-20T10:30:00+0200,-9.99,EUR/MWh,DK1,DK_1,imbalance_price,Short,2026-09-25T14:38:37Z
2026-09-25T14:35:14Z,2026-09-25T16:35:14+0200,11a69610-5784-4b57-b1a9-c7b60bf32891,2026-09-20T08:45:00Z,2026-09-20T10:45:00+0200,-6.9,EUR/MWh,DK1,DK_1,imbalance_price,Long,2026-09-25T14:38:37Z
2026-09-25T14:35:14Z,2026-09-25T16:35:14+0200,11a69610-5784-4b57-b1a9-c7b60bf32891,2026-09-20T08:45:00Z,2026-09-20T10:45:00+0200,-6.9,EUR/MWh,DK1,DK_1,imbalance_price,Short,2026-09-25T14:38:37Z
2026-09-25T14:35:14Z,2026-09-25T16:35:14+0200,11a69610-5784-4b57-b1a9-c7b60bf32891,2026-09-20T09:00:00Z,2026-09-20T11:00:00+0200,-17.71,EUR/MWh,DK1,DK_1,imbalance_price,Long,2026-09-25T14:38:37Z
2026-09-25T14:35:14Z,2026-09-25T16:35:14+0200,11a69610-5784-4b57-b1a9-c7b60bf32891,2026-09-20T09:00:00Z,2026-09-20T11:00:00+0200,-17.71,EUR/MWh,DK1,DK_1,imbalance_price,Short,2026-09-25T14:38:37Z
2026-09-25T14:35:14Z,2026-09-25T16:35:14+0200,11a69610-5784-4b57-b1a9-c7b60bf32891,2026-09-20T09:15:00Z,2026-09-20T11:15:00+0200,-0.06,EUR/MWh,DK1,DK_1,imbalance_price,Long,2026-09-25T14:38:37Z
2026-09-25T14:35:14Z,2026-09-25T16:35:14+0200,11a69610-5784-4b57-b1a9-c7b60bf32891,2026-09-20T09:15:00Z,2026-09-20T11:15:00+0200,-0.06,EUR/MWh,DK1,DK_1,imbalance_price,Short,2026-09-25T14:38:37Z
2026-09-25T14:35:14Z,2026-09-25T16:35:14+0200,11a69610-5784-4b57-b1a9-c7b60bf32891,2026-09-20T09:30:00Z,2026-09-20T11:30:00+0200,-2.29,EUR/MWh,DK1,DK_1,imbalance_price,Long,2026-09-25T14:38:37Z
2026-09-25T14:35:14Z,2026-09-25T16:35:14+0200,11a69610-5784-4b57-b1a9-c7b60bf32891,2026-09-20T09:30:00Z,2026-09-20T11:30:00+0200,-2.29,EUR/MWh,DK1,DK_1,imbalance_price,Short,2026-09-25T14:38:37Z
2026-09-25T14:35:14Z,2026-09-25T16:35:14+0200,11a69610-5784-4b57-b1a9-c7b60bf32891,2026-09-20T09:45:00Z,2026-09-20T11:45:00+0200,4.68,EUR/MWh,DK1,DK_1,imbalance_price,Long,2026-09-25T14:38:37Z
2026-09-25T14:35:14Z,2026-09-25T16:35:14+0200,11a69610-5784-4b57-b1a9-c7b60bf32891,2026-09-20T09:45:00Z,2026-09-20T11:45:00+0200,4.68,EUR/MWh,DK1,DK_1,imbalance_price,Short,2026-09-25T14:38:37Z
2026-09-25T14:35:14Z,2026-09-25T16:35:14+0200,11a69610-5784-4b57-b1a9-c7b60bf32891,2026-09-20T10:00:00Z,2026-09-20T12:00:00+0200,-5.08,EUR/MWh,DK1,DK_1,imbalance_price,Long,2026-09-25T14:38:37Z
2026-09-25T14:35:14Z,2026-09-25T16:35:14+0200,11a69610-5784-4b57-b1a9-c7b60bf32891,2026-09-20T10:00:00Z,2026-09-20T12:00:00+0200,-5.08,EUR/MWh,DK1,DK_1,imbalance_price,Short,2026-09-25T14:38:37Z
2026-09-25T14:35:14Z,2026-09-25T16:35:14+0200,11a69610-5784-4b57-b1a9-c7b60bf32891,2026-09-20T10:15:00Z,2026-09-20T12:15:00+0200,6.24,EUR/MWh,DK1,DK_1,imbalance_price,Long,2026-09-25T14:38:37Z
2026-09-25T14:35:14Z,2026-09-25T16:35:14+0200,11a69610-5784-4b57-b1a9-c7b60bf32891,2026-09-20T10:15:00Z,2026-09-20T12:15:00+0200,6.24,EUR/MWh,DK1,DK_1,imbalance_price,Short,2026-09-25T14:38:37Z
2026-09-25T14:35:14Z,2026-09-25T16:35:14+0200,11a69610-5784-4b57-b1a9-c7b60bf32891,2026-09-20T10:30:00Z,2026-09-20T12:30:00+0200,4.15,EUR/MWh,DK1,DK_1,imbalance_price,Long,2026-09-25T14:38:37Z
2026-09-25T14:35:14Z,2026-09-25T16:35:14+0200,11a69610-5784-4b57-b1a9-c7b60bf32891,2026-09-20T10:30:00Z,2026-09-20T12:30:00+0200,4.15,EUR/MWh,DK1,DK_1,imbalance_price,Short,2026-09-25T14:38:37Z
2026-09-25T14:35:14Z,2026-09-25T16:35:14+0200,11a69610-5784-4b57-b1a9-c7b60bf32891,2026-09-20T10:45:00Z,2026-09-20T12:45:00+0200,-4.51,EUR/MWh,DK1,DK_1,imbalance_price,Long,2026-09-25T14:38:37Z
2026-09-25T14:35:14Z,2026-09-25T16:35:14+0200,11a69610-5784-4b57-b1a9-c7b60bf32891,2026-09-20T10:45:00Z,2026-09-20T12:45:00+0200,-4.51,EUR/MWh,DK1,DK_1,imbalance_price,Short,2026-09-25T14:38:37Z
2026-09-25T14:35:14Z,2026-09-25T16:35:14+0200,11a69610-5784-4b57-b1a9-c7b60bf32891,2026-09-20T11:00:00Z,2026-09-20T13:00:00+0200,-2.07,EUR/MWh,DK1,DK_1,imbalance_price,Long,2026-09-25T14:38:37Z
2026-09-25T14:35:14Z,2026-09-25T16:35:14+0200,11a69610-5784-4b57-b1a9-c7b60bf32891,2026-09-20T11:00:00Z,2026-09-20T13:00:00+0200,-2.07,EUR/MWh,DK1,DK_1,imbalance_price,Short,2026-09-25T14:38:37Z
2026-09-25T14:35:14Z,2026-09-25T16:35:14+0200,11a69610-5784-4b57-b1a9-c7b60bf32891,2026-09-20T11:15:00Z,2026-09-20T13:15:00+0200,-5.96,EUR/MWh,DK1,DK_1,imbalance_price,Long,2026-09-25T14:38:37Z
2026-09-25T14:35:14Z,2026-09-25T16:35:14+0200,11a69610-5784-4b57-b1a9-c7b60bf32891,2026-09-20T11:15:00Z,2026-09-20T13:15:00+0200,-5.96,EUR/MWh,DK1,DK_1,imbalance_price,Short,2026-09-25T14:38:37Z
2026-09-25T14:35:14Z,2026-09-25T16:35:14+0200,11a69610-5784-4b57-b1a9-c7b60bf32891,2026-09-20T11:30:00Z,2026-09-20T13:30:00+0200,-8.44,EUR/MWh,DK1,DK_1,imbalance_price,Long,2026-09-25T14:38:37Z
2026-09-25T14:35:14Z,2026-09-25T16:35:14+0200,11a69610-5784-4b57-b1a9-c7b60bf32891,2026-09-20T11:30:00Z,2026-09-20T13:30:00+0200,-8.44,EUR/MWh,DK1,DK_1,imbalance_price,Short,2026-09-25T14:38:37Z
2026-09-25T14:35:14Z,2026-09-25T16:35:14+0200,11a69610-5784-4b57-b1a9-c7b60bf32891,2026-09-20T11:45:00Z,2026-09-20T13:45:00+0200,-6.0,EUR/MWh,DK1,DK_1,imbalance_price,Long,2026-09-25T14:38:37Z
2026-09-25T14:35:14Z,2026-09-25T16:35:14+0200,11a69610-5784-4b57-b1a9-c7b60bf32891,2026-09-20T11:45:00Z,2026-09-20T13:45:00+0200,-6.0,EUR/MWh,DK1,DK_1,imbalance_price,Short,2026-09-25T14:38:37Z
2026-09-25T14:35:14Z,2026-09-25T16:35:14+0200,11a69610-5784-4b57-b1a9-c7b60bf32891,2026-09-20T12:00:00Z,2026-09-20T14:00:00+0200,-3.39,EUR/MWh,DK1,DK_1,imbalance_price,Long,2026-09-25T14:38:37Z
2026-09-25T14:35:14Z,2026-09-25T16:35:14+0200,11a69610-5784-4b57-b1a9-c7b60bf32891,2026-09-20T12:00:00Z,2026-09-20T14:00:00+0200,-3.39,EUR/MWh,DK1,DK_1,imbalance_price,Short,2026-09-25T14:38:37Z
2026-09-25T14:35:14Z,2026-09-25T16:35:14+0200,11a69610-5784-4b57-b1a9-c7b60bf32891,2026-09-20T12:15:00Z,2026-09-20T14:15:00+0200,-6.8,EUR/MWh,DK1,DK_1,imbalance_price,Long,2026-09-25T14:38:37Z
2026-09-25T14:35:14Z,2026-09-25T16:35:14+0200,11a69610-5784-4b57-b1a9-c7b60bf32891,2026-09-20T12:15:00Z,2026-09-20T14:15:00+0200,-6.8,EUR/MWh,DK1,DK_1,imbalance_price,Short,2026-09-25T14:38:37Z
2026-09-25T14:35:14Z,2026-09-25T16:35:14+0200,11a69610-5784-4b57-b1a9-c7b60bf32891,2026-09-20T12:30:00Z,2026-09-20T14:30:00+0200,-5.57,EUR/MWh,DK1,DK_1,imbalance_price,Long,2026-09-25T14:38:37Z
2026-09-25T14:35:14Z,2026-09-25T16:35:14+0200,11a69610-5784-4b57-b1a9-c7b60bf32891,2026-09-20T12:30:00Z,2026-09-20T14:30:00+0200,-5.57,EUR/MWh,DK1,DK_1,imbalance_price,Short,2026-09-25T14:38:37Z
2026-09-25T14:35:14Z,2026-09-25T16:35:14+0200,11a69610-5784-4b57-b1a9-c7b60bf32891,2026-09-20T12:45:00Z,2026-09-20T14:45:00+0200,-12.77,EUR/MWh,DK1,DK_1,imbalance_price,Long,2026-09-25T14:38:37Z
2026-09-25T14:35:14Z,2026-09-25T16:35:14+0200,11a69610-5784-4b57-b1a9-c7b60bf32891,2026-09-20T12:45:00Z,2026-09-20T14:45:00+0200,-12.77,EUR/MWh,DK1,DK_1,imbalance_price,Short,2026-09-25T14:38:37Z
2026-09-25T14:35:14Z,2026-09-25T16:35:14+0200,11a69610-5784-4b57-b1a9-c7b60bf32891,2026-09-20T13:00:00Z,2026-09-20T15:00:00+0200,-36.73,EUR/MWh,DK1,DK_1,imbalance_price,Long,2026-09-25T14:38:37Z
2026-09-25T14:35:14Z,2026-09-25T16:35:14+0200,11a69610-5784-4b57-b1a9-c7b60bf32891,2026-09-20T13:00:00Z,2026-09-20T15:00:00+0200,-36.73,EUR/MWh,DK1,DK_1,imbalance_price,Short,2026-09-25T14:38:37Z
2026-09-25T14:35:14Z,2026-09-25T16:35:14+0200,11a69610-5784-4b57-b1a9-c7b60bf32891,2026-09-20T13:15:00Z,2026-09-20T15:15:00+0200,-0.81,EUR/MWh,DK1,DK_1,imbalance_price,Long,2026-09-25T14:38:37Z
2026-09-25T14:35:14Z,2026-09-25T16:35:14+0200,11a69610-5784-4b57-b1a9-c7b60bf32891,2026-09-20T13:15:00Z,2026-09-20T15:15:00+0200,-0.81,EUR/MWh,DK1,DK_1,imbalance_price,Short,2026-09-25T14:38:37Z
2026-09-25T14:35:14Z,2026-09-25T16:35:14+0200,11a69610-5784-4b57-b1a9-c7b60bf32891,2026-09-20T13:30:00Z,2026-09-20T15:30:00+0200,-0.16,EUR/MWh,DK1,DK_1,imbalance_price,Long,2026-09-25T14:38:37Z
2026-09-25T14:35:14Z,2026-09-25T16:35:14+0200,11a69610-5784-4b57-b1a9-c7b60bf32891,2026-09-20T13:30:00Z,2026-09-20T15:30:00+0200,-0.16,EUR/MWh,DK1,DK_1,imbalance_price,Short,2026-09-25T14:38:37Z
2026-09-25T14:35:14Z,2026-09-25T16:35:14+0200,11a69610-5784-4b57-b1a9-c7b60bf32891,2026-09-20T13:45:00Z,2026-09-20T15:45:00+0200,-0.06,EUR/MWh,DK1,DK_1,imbalance_price,Long,2026-09-25T14:38:37Z
2026-09-25T14:35:14Z,2026-09-25T16:35:14+0200,11a69610-5784-4b57-b1a9-c7b60bf32891,2026-09-20T13:45:00Z,2026-09-20T15:45:00+0200,-0.06,EUR/MWh,DK1,DK_1,imbalance_price,Short,2026-09-25T14:38:37Z
2026-09-25T14:35:14Z,2026-09-25T16:35:14+0200,11a69610-5784-4b57-b1a9-c7b60bf32891,2026-09-20T14:00:00Z,2026-09-20T16:00:00+0200,-0.01,EUR/MWh,DK1,DK_1,imbalance_price,Long,2026-09-25T14:38:37Z
2026-09-25T14:35:14Z,2026-09-25T16:35:14+0200,11a69610-5784-4b57-b1a9-c7b60bf32891,2026-09-20T14:00:00Z,2026-09-20T16:00:00+0200,-0.01,EUR/MWh,DK1,DK_1,imbalance_price,Short,2026-09-25T14:38:37Z
2026-09-25T14:35:14Z,2026-09-25T16:35:14+0200,11a69610-5784-4b57-b1a9-c7b60bf32891,2026-09-20T14:15:00Z,2026-09-20T16:15:00+0200,-7.37,EUR/MWh,DK1,DK_1,imbalance_price,Long,2026-09-25T14:38:37Z
2026-09-25T14:35:14Z,2026-09-25T16:35:14+0200,11a69610-5784-4b57-b1a9-c7b60bf32891,2026-09-20T14:15:00Z,2026-09-20T16:15:00+0200,-7.37,EUR/MWh,DK1,DK_1,imbalance_price,Short,2026-09-25T14:38:37Z
2026-09-25T14:35:14Z,2026-09-25T16:35:14+0200,11a69610-5784-4b57-b1a9-c7b60bf32891,2026-09-20T14:30:00Z,2026-09-20T16:30:00+0200,13.16,EUR/MWh,DK1,DK_1,imbalance_price,Long,2026-09-25T14:38:37Z
2026-09-25T14:35:14Z,2026-09-25T16:35:14+0200,11a69610-5784-4b57-b1a9-c7b60bf32891,2026-09-20T14:30:00Z,2026-09-20T16:30:00+0200,13.16,EUR/MWh,DK1,DK_1,imbalance_price,Short,2026-09-25T14:38:37Z
2026-09-25T14:35:14Z,2026-09-25T16:35:14+0200,11a69610-5784-4b57-b1a9-c7b60bf32891,2026-09-20T14:45:00Z,2026-09-20T16:45:00+0200,2.44,EUR/MWh,DK1,DK_1,imbalance_price,Long,2026-09-25T14:38:37Z
2026-09-25T14:35:14Z,2026-09-25T16:35:14+0200,11a69610-5784-4b57-b1a9-c7b60bf32891,2026-09-20T14:45:00Z,2026-09-20T16:45:00+0200,2.44,EUR/MWh,DK1,DK_1,imbalance_price,Short,2026-09-25T14:38:37Z
2026-09-25T14:35:14Z,2026-09-25T16:35:14+0200,11a69610-5784-4b57-b1a9-c7b60bf32891,2026-09-20T15:00:00Z,2026-09-20T17:00:00+0200,2.01,EUR/MWh,DK1,DK_1,imbalance_price,Long,2026-09-25T14:38:37Z
2026-09-25T14:35:14Z,2026-09-25T16:35:14+0200,11a69610-5784-4b57-b1a9-c7b60bf32891,2026-09-20T15:00:00Z,2026-09-20T17:00:00+0200,2.01,EUR/MWh,DK1,DK_1,imbalance_price,Short,2026-09-25T14:38:37Z
2026-09-25T14:35:14Z,2026-09-25T16:35:14+0200,11a69610-5784-4b57-b1a9-c7b60bf32891,2026-09-20T15:15:00Z,2026-09-20T17:15:00+0200,-44.34,EUR/MWh,DK1,DK_1,imbalance_price,Long,2026-09-25T14:38:37Z
2026-09-25T14:35:14Z,2026-09-25T16:35:14+0200,11a69610-5784-4b57-b1a9-c7b60bf32891,2026-09-20T15:15:00Z,2026-09-20T17:15:00+0200,-44.34,EUR/MWh,DK1,DK_1,imbalance_price,Short,2026-09-25T14:38:37Z
2026-09-25T14:35:14Z,2026-09-25T16:35:14+0200,11a69610-5784-4b57-b1a9-c7b60bf32891,2026-09-20T15:30:00Z,2026-09-20T17:30:00+0200,5.32,EUR/MWh,DK1,DK_1,imbalance_price,Long,2026-09-25T14:38:37Z
2026-09-25T14:35:14Z,2026-09-25T16:35:14+0200,11a69610-5784-4b57-b1a9-c7b60bf32891,2026-09-20T15:30:00Z,2026-09-20T17:30:00+0200,5.32,EUR/MWh,DK1,DK_1,imbalance_price,Short,2026-09-25T14:38:37Z
2026-09-25T14:35:14Z,2026-09-25T16:35:14+0200,11a69610-5784-4b57-b1a9-c7b60bf32891,2026-09-20T15:45:00Z,2026-09-20T17:45:00+0200,-40.13,EUR/MWh,DK1,DK_1,imbalance_price,Long,2026-09-25T14:38:37Z
2026-09-25T14:35:14Z,2026-09-25T16:35:14+0200,11a69610-5784-4b57-b1a9-c7b60bf32891,2026-09-20T15:45:00Z,2026-09-20T17:45:00+0200,-40.13,EUR/MWh,DK1,DK_1,imbalance_price,Short,2026-09-25T14:38:37Z
2026-09-25T14:35:14Z,2026-09-25T16:35:14+0200,11a69610-5784-4b57-b1a9-c7b60bf32891,2026-09-20T16:00:00Z,2026-09-20T18:00:00+0200,-35.57,EUR/MWh,DK1,DK_1,imbalance_price,Long,2026-09-25T14:38:37Z
2026-09-25T14:35:14Z,2026-09-25T16:35:14+0200,11a69610-5784-4b57-b1a9-c7b60bf32891,2026-09-20T16:00:00Z,2026-09-20T18:00:00+0200,-35.57,EUR/MWh,DK1,DK_1,imbalance_price,Short,2026-09-25T14:38:37Z
2026-09-25T14:35:14Z,2026-09-25T16:35:14+0200,11a69610-5784-4b57-b1a9-c7b60bf32891,2026-09-20T16:15:00Z,2026-09-20T18:15:00+0200,1.54,EUR/MWh,DK1,DK_1,imbalance_price,Long,2026-09-25T14:38:37Z
2026-09-25T14:35:14Z,2026-09-25T16:35:14+0200,11a69610-5784-4b57-b1a9-c7b60bf32891,2026-09-20T16:15:00Z,2026-09-20T18:15:00+0200,1.54,EUR/MWh,DK1,DK_1,imbalance_price,Short,2026-09-25T14:38:37Z
2026-09-25T14:35:14Z,2026-09-25T16:35:14+0200,11a69610-5784-4b57-b1a9-c7b60bf32891,2026-09-20T16:30:00Z,2026-09-20T18:30:00+0200,32.79,EUR/MWh,DK1,DK_1,imbalance_price,Long,2026-09-25T14:38:37Z
2026-09-25T14:35:14Z,2026-09-25T16:35:14+0200,11a69610-5784-4b57-b1a9-c7b60bf32891,2026-09-20T16:30:00Z,2026-09-20T18:30:00+0200,32.79,EUR/MWh,DK1,DK_1,imbalance_price,Short,2026-09-25T14:38:37Z
2026-09-25T14:35:14Z,2026-09-25T16:35:14+0200,11a69610-5784-4b57-b1a9-c7b60bf32891,2026-09-20T16:45:00Z,2026-09-20T18:45:00+0200,-272.06,EUR/MWh,DK1,DK_1,imbalance_price,Long,2026-09-25T14:38:37Z
2026-09-25T14:35:14Z,2026-09-25T16:35:14+0200,11a69610-5784-4b57-b1a9-c7b60bf32891,2026-09-20T16:45:00Z,2026-09-20T18:45:00+0200,-272.06,EUR/MWh,DK1,DK_1,imbalance_price,Short,2026-09-25T14:38:37Z
2026-09-25T14:35:14Z,2026-09-25T16:35:14+0200,11a69610-5784-4b57-b1a9-c7b60bf32891,2026-09-20T17:00:00Z,2026-09-20T19:00:00+0200,-53.72,EUR/MWh,DK1,DK_1,imbalance_price,Long,2026-09-25T14:38:37Z
2026-09-25T14:35:14Z,2026-09-25T16:35:14+0200,11a69610-5784-4b57-b1a9-c7b60bf32891,2026-09-20T17:00:00Z,2026-09-20T19:00:00+0200,-53.72,EUR/MWh,DK1,DK_1,imbalance_price,Short,2026-09-25T14:38:37Z
2026-09-25T14:35:14Z,2026-09-25T16:35:14+0200,11a69610-5784-4b57-b1a9-c7b60bf32891,2026-09-20T17:15:00Z,2026-09-20T19:15:00+0200,30.0,EUR/MWh,DK1,DK_1,imbalance_price,Long,2026-09-25T14:38:37Z
2026-09-25T14:35:14Z,2026-09-25T16:35:14+0200,11a69610-5784-4b57-b1a9-c7b60bf32891,2026-09-20T17:15:00Z,2026-09-20T19:15:00+0200,30.0,EUR/MWh,DK1,DK_1,imbalance_price,Short,2026-09-25T14:38:37Z
2026-09-25T14:35:14Z,2026-09-25T16:35:14+0200,11a69610-5784-4b57-b1a9-c7b60bf32891,2026-09-20T17:30:00Z,2026-09-20T19:30:00+0200,7.89,EUR/MWh,DK1,DK_1,imbalance_price,Long,2026-09-25T14:38:37Z
2026-09-25T14:35:14Z,2026-09-25T16:35:14+0200,11a69610-5784-4b57-b1a9-c7b60bf32891,2026-09-20T17:30:00Z,2026-09-20T19:30:00+0200,7.89,EUR/MWh,DK1,DK_1,imbalance_price,Short,2026-09-25T14:38:37Z
2026-09-25T14:35:14Z,2026-09-25T16:35:14+0200,11a69610-5784-4b57-b1a9-c7b60bf32891,2026-09-20T17:45:00Z,2026-09-20T19:45:00+0200,57.86,EUR/MWh,DK1,DK_1,imbalance_price,Long,2026-09-25T14:38:37Z
2026-09-25T14:35:14Z,2026-09-25T16:35:14+0200,11a69610-5784-4b57-b1a9-c7b60bf32891,2026-09-20T17:45:00Z,2026-09-20T19:45:00+0200,57.86,EUR/MWh,DK1,DK_1,imbalance_price,Short,2026-09-25T14:38:37Z
2026-09-25T14:35:14Z,2026-09-25T16:35:14+0200,11a69610-5784-4b57-b1a9-c7b60bf32891,2026-09-20T18:00:00Z,2026-09-20T20:00:00+0200,79.32,EUR/MWh,DK1,DK_1,imbalance_price,Long,2026-09-25T14:38:37Z
2026-09-25T14:35:14Z,2026-09-25T16:35:14+0200,11a69610-5784-4b57-b1a9-c7b60bf32891,2026-09-20T18:00:00Z,2026-09-20T20:00:00+0200,79.32,EUR/MWh,DK1,DK_1,imbalance_price,Short,2026-09-25T14:38:37Z
2026-09-25T14:35:14Z,2026-09-25T16:35:14+0200,11a69610-5784-4b57-b1a9-c7b60bf32891,2026-09-20T18:15:00Z,2026-09-20T20:15:00+0200,30.41,EUR/MWh,DK1,DK_1,imbalance_price,Long,2026-09-25T14:38:37Z
2026-09-25T14:35:14Z,2026-09-25T16:35:14+0200,11a69610-5784-4b57-b1a9-c7b60bf32891,2026-09-20T18:15:00Z,2026-09-20T20:15:00+0200,30.41,EUR/MWh,DK1,DK_1,imbalance_price,Short,2026-09-25T14:38:37Z
2026-09-25T14:35:14Z,2026-09-25T16:35:14+0200,11a69610-5784-4b57-b1a9-c7b60bf32891,2026-09-20T18:30:00Z,2026-09-20T20:30:00+0200,34.49,EUR/MWh,DK1,DK_1,imbalance_price,Long,2026-09-25T14:38:37Z
2026-09-25T14:35:14Z,2026-09-25T16:35:14+0200,11a69610-5784-4b57-b1a9-c7b60bf32891,2026-09-20T18:30:00Z,2026-09-20T20:30:00+0200,34.49,EUR/MWh,DK1,DK_1,imbalance_price,Short,2026-09-25T14:38:37Z
2026-09-25T14:35:14Z,2026-09-25T16:35:14+0200,11a69610-5784-4b57-b1a9-c7b60bf32891,2026-09-20T18:45:00Z,2026-09-20T20:45:00+0200,45.81,EUR/MWh,DK1,DK_1,imbalance_price,Long,2026-09-25T14:38:37Z
2026-09-25T14:35:14Z,2026-09-25T16:35:14+0200,11a69610-5784-4b57-b1a9-c7b60bf32891,2026-09-20T18:45:00Z,2026-09-20T20:45:00+0200,45.81,EUR/MWh,DK1,DK_1,imbalance_price,Short,2026-09-25T14:38:37Z
2026-09-25T14:35:14Z,2026-09-25T16:35:14+0200,11a69610-5784-4b57-b1a9-c7b60bf32891,2026-09-20T19:00:00Z,2026-09-20T21:00:00+0200,10.79,EUR/MWh,DK1,DK_1,imbalance_price,Long,2026-09-25T14:38:37Z
2026-09-25T14:35:14Z,2026-09-25T16:35:14+0200,11a69610-5784-4b57-b1a9-c7b60bf32891,2026-09-20T19:00:00Z,2026-09-20T21:00:00+0200,10.79,EUR/MWh,DK1,DK_1,imbalance_price,Short,2026-09-25T14:38:37Z
2026-09-25T14:35:14Z,2026-09-25T16:35:14+0200,11a69610-5784-4b57-b1a9-c7b60bf32891,2026-09-20T19:15:00Z,2026-09-20T21:15:00+0200,28.13,EUR/MWh,DK1,DK_1,imbalance_price,Long,2026-09-25T14:38:37Z
2026-09-25T14:35:14Z,2026-09-25T16:35:14+0200,11a69610-5784-4b57-b1a9-c7b60bf32891,2026-09-20T19:15:00Z,2026-09-20T21:15:00+0200,28.13,EUR/MWh,DK1,DK_1,imbalance_price,Short,2026-09-25T14:38:37Z
2026-09-25T14:35:14Z,2026-09-25T16:35:14+0200,11a69610-5784-4b57-b1a9-c7b60bf32891,2026-09-20T19:30:00Z,2026-09-20T21:30:00+0200,26.0,EUR/MWh,DK1,DK_1,imbalance_price,Long,2026-09-25T14:38:37Z
2026-09-25T14:35:14Z,2026-09-25T16:35:14+0200,11a69610-5784-4b57-b1a9-c7b60bf32891,2026-09-20T19:30:00Z,2026-09-20T21:30:00+0200,26.0,EUR/MWh,DK1,DK_1,imbalance_price,Short,2026-09-25T14:38:37Z
2026-09-25T14:35:14Z,2026-09-25T16:35:14+0200,11a69610-5784-4b57-b1a9-c7b60bf32891,2026-09-20T19:45:00Z,2026-09-20T21:45:00+0200,23.74,EUR/MWh,DK1,DK_1,imbalance_price,Long,2026-09-25T14:38:37Z
2026-09-25T14:35:14Z,2026-09-25T16:35:14+0200,11a69610-5784-4b57-b1a9-c7b60bf32891,2026-09-20T19:45:00Z,2026-09-20T21:45:00+0200,23.74,EUR/MWh,DK1,DK_1,imbalance_price,Short,2026-09-25T14:38:37Z
2026-09-25T14:35:14Z,2026-09-25T16:35:14+0200,11a69610-5784-4b57-b1a9-c7b60bf32891,2026-09-20T20:00:00Z,2026-09-20T22:00:00+0200,0.01,EUR/MWh,DK1,DK_1,imbalance_price,Long,2026-09-25T14:38:37Z
2026-09-25T14:35:14Z,2026-09-25T16:35:14+0200,11a69610-5784-4b57-b1a9-c7b60bf32891,2026-09-20T20:00:00Z,2026-09-20T22:00:00+0200,0.01,EUR/MWh,DK1,DK_1,imbalance_price,Short,2026-09-25T14:38:37Z
2026-09-25T14:35:14Z,2026-09-25T16:35:14+0200,11a69610-5784-4b57-b1a9-c7b60bf32891,2026-09-20T20:15:00Z,2026-09-20T22:15:00+0200,41.78,EUR/MWh,DK1,DK_1,imbalance_price,Long,2026-09-25T14:38:37Z
2026-09-25T14:35:14Z,2026-09-25T16:35:14+0200,11a69610-5784-4b57-b1a9-c7b60bf32891,2026-09-20T20:15:00Z,2026-09-20T22:15:00+0200,41.78,EUR/MWh,DK1,DK_1,imbalance_price,Short,2026-09-25T14:38:37Z
2026-09-25T14:35:14Z,2026-09-25T16:35:14+0200,11a69610-5784-4b57-b1a9-c7b60bf32891,2026-09-20T20:30:00Z,2026-09-20T22:30:00+0200,-5.97,EUR/MWh,DK1,DK_1,imbalance_price,Long,2026-09-25T14:38:37Z
2026-09-25T14:35:14Z,2026-09-25T16:35:14+0200,11a69610-5784-4b57-b1a9-c7b60bf32891,2026-09-20T20:30:00Z,2026-09-20T22:30:00+0200,-5.97,EUR/MWh,DK1,DK_1,imbalance_price,Short,2026-09-25T14:38:37Z
2026-09-25T14:35:14Z,2026-09-25T16:35:14+0200,11a69610-5784-4b57-b1a9-c7b60bf32891,2026-09-20T20:45:00Z,2026-09-20T22:45:00+0200,-2.0,EUR/MWh,DK1,DK_1,imbalance_price,Long,2026-09-25T14:38:37Z
2026-09-25T14:35:14Z,2026-09-25T16:35:14+0200,11a69610-5784-4b57-b1a9-c7b60bf32891,2026-09-20T20:45:00Z,2026-09-20T22:45:00+0200,-2.0,EUR/MWh,DK1,DK_1,imbalance_price,Short,2026-09-25T14:38:37Z
2026-09-25T14:35:14Z,2026-09-25T16:35:14+0200,11a69610-5784-4b57-b1a9-c7b60bf32891,2026-09-20T21:00:00Z,2026-09-20T23:00:00+0200,25.05,EUR/MWh,DK1,DK_1,imbalance_price,Long,2026-09-25T14:38:37Z
2026-09-25T14:35:14Z,2026-09-25T16:35:14+0200,11a69610-5784-4b57-b1a9-c7b60bf32891,2026-09-20T21:00:00Z,2026-09-20T23:00:00+0200,25.05,EUR/MWh,DK1,DK_1,imbalance_price,Short,2026-09-25T14:38:37Z
2026-09-25T14:35:14Z,2026-09-25T16:35:14+0200,11a69610-5784-4b57-b1a9-c7b60bf32891,2026-09-20T21:15:00Z,2026-09-20T23:15:00+0200,20.64,EUR/MWh,DK1,DK_1,imbalance_price,Long,2026-09-25T14:38:37Z
2026-09-25T14:35:14Z,2026-09-25T16:35:14+0200,11a69610-5784-4b57-b1a9-c7b60bf32891,2026-09-20T21:15:00Z,2026-09-20T23:15:00+0200,20.64,EUR/MWh,DK1,DK_1,imbalance_price,Short,2026-09-25T14:38:37Z
2026-09-25T14:35:14Z,2026-09-25T16:35:14+0200,11a69610-5784-4b57-b1a9-c7b60bf32891,2026-09-20T21:30:00Z,2026-09-20T23:30:00+0200,-4.2,EUR/MWh,DK1,DK_1,imbalance_price,Long,2026-09-25T14:38:37Z
2026-09-25T14:35:14Z,2026-09-25T16:35:14+0200,11a69610-5784-4b57-b1a9-c7b60bf32891,2026-09-20T21:30:00Z,2026-09-20T23:30:00+0200,-4.2,EUR/MWh,DK1,DK_1,imbalance_price,Short,2026-09-25T14:38:37Z
2026-09-25T14:35:14Z,2026-09-25T16:35:14+0200,11a69610-5784-4b57-b1a9-c7b60bf32891,2026-09-20T21:45:00Z,2026-09-20T23:45:00+0200,-13.5,EUR/MWh,DK1,DK_1,imbalance_price,Long,2026-09-25T14:38:37Z
2026-09-25T14:35:14Z,2026-09-25T16:35:14+0200,11a69610-5784-4b57-b1a9-c7b60bf32891,2026-09-20T21:45:00Z,2026-09-20T23:45:00+0200,-13.5,EUR/MWh,DK1,DK_1,imbalance_price,Short,2026-09-25T14:38:37Z
2026-09-25T14:35:14Z,2026-09-25T16:35:14+0200,11a69610-5784-4b57-b1a9-c7b60bf32891,2026-09-20T22:00:00Z,2026-09-21T00:00:00+0200,3.7,EUR/MWh,DK1,DK_1,imbalance_price,Long,2026-09-25T14:38:37Z
2026-09-25T14:35:14Z,2026-09-25T16:35:14+0200,11a69610-5784-4b57-b1a9-c7b60bf32891,2026-09-20T22:00:00Z,2026-09-21T00:00:00+0200,3.7,EUR/MWh,DK1,DK_1,imbalance_price,Short,2026-09-25T14:38:37Z
2026-09-25T14:35:14Z,2026-09-25T16:35:14+0200,11a69610-5784-4b57-b1a9-c7b60bf32891,2026-09-20T22:15:00Z,2026-09-21T00:15:00+0200,6.0,EUR/MWh,DK1,DK_1,imbalance_price,Long,2026-09-25T14:38:37Z
2026-09-25T14:35:14Z,2026-09-25T16:35:14+0200,11a69610-5784-4b57-b1a9-c7b60bf32891,2026-09-20T22:15:00Z,2026-09-21T00:15:00+0200,6.0,EUR/MWh,DK1,DK_1,imbalance_price,Short,2026-09-25T14:38:37Z
2026-09-25T14:35:14Z,2026-09-25T16:35:14+0200,11a69610-5784-4b57-b1a9-c7b60bf32891,2026-09-20T22:30:00Z,2026-09-21T00:30:00+0200,52.8,EUR/MWh,DK1,DK_1,imbalance_price,Long,2026-09-25T14:38:37Z
2026-09-25T14:35:14Z,2026-09-25T16:35:14+0200,11a69610-5784-4b57-b1a9-c7b60bf32891,2026-09-20T22:30:00Z,2026-09-21T00:30:00+0200,52.8,EUR/MWh,DK1,DK_1,imbalance_price,Short,2026-09-25T14:38:37Z
2026-09-25T14:35:14Z,2026-09-25T16:35:14+0200,11a69610-5784-4b57-b1a9-c7b60bf32891,2026-09-20T22:45:00Z,2026-09-21T00:45:00+0200,59.0,EUR/MWh,DK1,DK_1,imbalance_price,Long,2026-09-25T14:38:37Z
2026-09-25T14:35:14Z,2026-09-25T16:35:14+0200,11a69610-5784-4b57-b1a9-c7b60bf32891,2026-09-20T22:45:00Z,2026-09-21T00:45:00+0200,59.0,EUR/MWh,DK1,DK_1,imbalance_price,Short,2026-09-25T14:38:37Z
2026-09-25T14:35:14Z,2026-09-25T16:35:14+0200,11a69610-5784-4b57-b1a9-c7b60bf32891,2026-09-20T23:00:00Z,2026-09-21T01:00:00+0200,65.0,EUR/MWh,DK1,DK_1,imbalance_price,Long,2026-09-25T14:38:37Z
2026-09-25T14:35:14Z,2026-09-25T16:35:14+0200,11a69610-5784-4b57-b1a9-c7b60bf32891,2026-09-20T23:00:00Z,2026-09-21T01:00:00+0200,65.0,EUR/MWh,DK1,DK_1,imbalance_price,Short,2026-09-25T14:38:37Z
2026-09-25T14:35:14Z,2026-09-25T16:35:14+0200,11a69610-5784-4b57-b1a9-c7b60bf32891,2026-09-20T23:15:00Z,2026-09-21T01:15:00+0200,65.0,EUR/MWh,DK1,DK_1,imbalance_price,Long,2026-09-25T14:38:37Z
2026-09-25T14:35:14Z,2026-09-25T16:35:14+0200,11a69610-5784-4b57-b1a9-c7b60bf32891,2026-09-20T23:15:00Z,2026-09-21T01:15:00+0200,65.0,EUR/MWh,DK1,DK_1,imbalance_price,Short,2026-09-25T14:38:37Z
2026-09-25T14:35:14Z,2026-09-25T16:35:14+0200,11a69610-5784-4b57-b1a9-c7b60bf32891,2026-09-20T23:30:00Z,2026-09-21T01:30:00+0200,73.0,EUR/MWh,DK1,DK_1,imbalance_price,Long,2026-09-25T14:38:37Z
2026-09-25T14:35:14Z,2026-09-25T16:35:14+0200,11a69610-5784-4b57-b1a9-c7b60bf32891,2026-09-20T23:30:00Z,2026-09-21T01:30:00+0200,73.0,EUR/MWh,DK1,DK_1,imbalance_price,Short,2026-09-25T14:38:37Z
2026-09-25T14:35:14Z,2026-09-25T16:35:14+0200,11a69610-5784-4b57-b1a9-c7b60bf32891,2026-09-20T23:45:00Z,2026-09-21T01:45:00+0200,70.7,EUR/MWh,DK1,DK_1,imbalance_price,Long,2026-09-25T14:38:37Z
2026-09-25T14:35:14Z,2026-09-25T16:35:14+0200,11a69610-5784-4b57-b1a9-c7b60bf32891,2026-09-20T23:45:00Z,2026-09-21T01:45:00+0200,70.7,EUR/MWh,DK1,DK_1,imbalance_price,Short,2026-09-25T14:38:37Z
2026-09-25T14:35:14Z,2026-09-25T16:35:14+0200,11a69610-5784-4b57-b1a9-c7b60bf32891,2026-09-21T00:00:00Z,2026-09-21T02:00:00+0200,8.3,EUR/MWh,DK1,DK_1,imbalance_price,Long,2026-09-25T14:38:37Z
2026-09-25T14:35:14Z,2026-09-25T16:35:14+0200,11a69610-5784-4b57-b1a9-c7b60bf32891,2026-09-21T00:00:00Z,2026-09-21T02:00:00+0200,8.3,EUR/MWh,DK1,DK_1,imbalance_price,Short,2026-09-25T14:38:37Z
2026-09-25T14:35:14Z,2026-09-25T16:35:14+0200,11a69610-5784-4b57-b1a9-c7b60bf32891,2026-09-21T00:15:00Z,2026-09-21T02:15:00+0200,77.39,EUR/MWh,DK1,DK_1,imbalance_price,Long,2026-09-25T14:38:37Z
2026-09-25T14:35:14Z,2026-09-25T16:35:14+0200,11a69610-5784-4b57-b1a9-c7b60bf32891,2026-09-21T00:15:00Z,2026-09-21T02:15:00+0200,77.39,EUR/MWh,DK1,DK_1,imbalance_price,Short,2026-09-25T14:38:37Z
2026-09-25T14:35:14Z,2026-09-25T16:35:14+0200,11a69610-5784-4b57-b1a9-c7b60bf32891,2026-09-21T00:30:00Z,2026-09-21T02:30:00+0200,267.6,EUR/MWh,DK1,DK_1,imbalance_price,Long,2026-09-25T14:38:37Z
2026-09-25T14:35:14Z,2026-09-25T16:35:14+0200,11a69610-5784-4b57-b1a9-c7b60bf32891,2026-09-21T00:30:00Z,2026-09-21T02:30:00+0200,267.6,EUR/MWh,DK1,DK_1,imbalance_price,Short,2026-09-25T14:38:37Z
2026-09-25T14:35:14Z,2026-09-25T16:35:14+0200,11a69610-5784-4b57-b1a9-c7b60bf32891,2026-09-21T00:45:00Z,2026-09-21T02:45:00+0200,80.0,EUR/MWh,DK1,DK_1,imbalance_price,Long,2026-09-25T14:38:37Z
2026-09-25T14:35:14Z,2026-09-25T16:35:14+0200,11a69610-5784-4b57-b1a9-c7b60bf32891,2026-09-21T00:45:00Z,2026-09-21T02:45:00+0200,80.0,EUR/MWh,DK1,DK_1,imbalance_price,Short,2026-09-25T14:38:37Z
2026-09-25T14:35:14Z,2026-09-25T16:35:14+0200,11a69610-5784-4b57-b1a9-c7b60bf32891,2026-09-21T01:00:00Z,2026-09-21T03:00:00+0200,123.1,EUR/MWh,DK1,DK_1,imbalance_price,Long,2026-09-25T14:38:37Z
2026-09-25T14:35:14Z,2026-09-25T16:35:14+0200,11a69610-5784-4b57-b1a9-c7b60bf32891,2026-09-21T01:00:00Z,2026-09-21T03:00:00+0200,123.1,EUR/MWh,DK1,DK_1,imbalance_price,Short,2026-09-25T14:38:37Z
2026-09-25T14:35:14Z,2026-09-25T16:35:14+0200,11a69610-5784-4b57-b1a9-c7b60bf32891,2026-09-21T01:15:00Z,2026-09-21T03:15:00+0200,131.2,EUR/MWh,DK1,DK_1,imbalance_price,Long,2026-09-25T14:38:37Z
2026-09-25T14:35:14Z,2026-09-25T16:35:14+0200,11a69610-5784-4b57-b1a9-c7b60bf32891,2026-09-21T01:15:00Z,2026-09-21T03:15:00+0200,131.2,EUR/MWh,DK1,DK_1,imbalance_price,Short,2026-09-25T14:38:37Z
2026-09-25T14:35:14Z,2026-09-25T16:35:14+0200,11a69610-5784-4b57-b1a9-c7b60bf32891,2026-09-21T01:30:00Z,2026-09-21T03:30:00+0200,67.76,EUR/MWh,DK1,DK_1,imbalance_price,Long,2026-09-25T14:38:37Z
2026-09-25T14:35:14Z,2026-09-25T16:35:14+0200,11a69610-5784-4b57-b1a9-c7b60bf32891,2026-09-21T01:30:00Z,2026-09-21T03:30:00+0200,67.76,EUR/MWh,DK1,DK_1,imbalance_price,Short,2026-09-25T14:38:37Z
2026-09-25T14:35:14Z,2026-09-25T16:35:14+0200,11a69610-5784-4b57-b1a9-c7b60bf32891,2026-09-21T01:45:00Z,2026-09-21T03:45:00+0200,10.51,EUR/MWh,DK1,DK_1,imbalance_price,Long,2026-09-25T14:38:37Z
2026-09-25T14:35:14Z,2026-09-25T16:35:14+0200,11a69610-5784-4b57-b1a9-c7b60bf32891,2026-09-21T01:45:00Z,2026-09-21T03:45:00+0200,10.51,EUR/MWh,DK1,DK_1,imbalance_price,Short,2026-09-25T14:38:37Z
2026-09-25T14:35:14Z,2026-09-25T16:35:14+0200,11a69610-5784-4b57-b1a9-c7b60bf32891,2026-09-21T02:00:00Z,2026-09-21T04:00:00+0200,7.87,EUR/MWh,DK1,DK_1,imbalance_price,Long,2026-09-25T14:38:37Z
2026-09-25T14:35:14Z,2026-09-25T16:35:14+0200,11a69610-5784-4b57-b1a9-c7b60bf32891,2026-09-21T02:00:00Z,2026-09-21T04:00:00+0200,7.87,EUR/MWh,DK1,DK_1,imbalance_price,Short,2026-09-25T14:38:37Z
2026-09-25T14:35:14Z,2026-09-25T16:35:14+0200,11a69610-5784-4b57-b1a9-c7b60bf32891,2026-09-21T02:15:00Z,2026-09-21T04:15:00+0200,3.0,EUR/MWh,DK1,DK_1,imbalance_price,Long,2026-09-25T14:38:37Z
2026-09-25T14:35:14Z,2026-09-25T16:35:14+0200,11a69610-5784-4b57-b1a9-c7b60bf32891,2026-09-21T02:15:00Z,2026-09-21T04:15:00+0200,3.0,EUR/MWh,DK1,DK_1,imbalance_price,Short,2026-09-25T14:38:37Z
2026-09-25T14:35:14Z,2026-09-25T16:35:14+0200,11a69610-5784-4b57-b1a9-c7b60bf32891,2026-09-21T02:30:00Z,2026-09-21T04:30:00+0200,-88.12,EUR/MWh,DK1,DK_1,imbalance_price,Long,2026-09-25T14:38:37Z
2026-09-25T14:35:14Z,2026-09-25T16:35:14+0200,11a69610-5784-4b57-b1a9-c7b60bf32891,2026-09-21T02:30:00Z,2026-09-21T04:30:00+0200,-88.12,EUR/MWh,DK1,DK_1,imbalance_price,Short,2026-09-25T14:38:37Z
2026-09-25T14:35:14Z,2026-09-25T16:35:14+0200,11a69610-5784-4b57-b1a9-c7b60bf32891,2026-09-21T02:45:00Z,2026-09-21T04:45:00+0200,3.52,EUR/MWh,DK1,DK_1,imbalance_price,Long,2026-09-25T14:38:37Z
2026-09-25T14:35:14Z,2026-09-25T16:35:14+0200,11a69610-5784-4b57-b1a9-c7b60bf32891,2026-09-21T02:45:00Z,2026-09-21T04:45:00+0200,3.52,EUR/MWh,DK1,DK_1,imbalance_price,Short,2026-09-25T14:38:37Z
2026-09-25T14:35:14Z,2026-09-25T16:35:14+0200,11a69610-5784-4b57-b1a9-c7b60bf32891,2026-09-21T03:00:00Z,2026-09-21T05:00:00+0200,-5.82,EUR/MWh,DK1,DK_1,imbalance_price,Long,2026-09-25T14:38:37Z
2026-09-25T14:35:14Z,2026-09-25T16:35:14+0200,11a69610-5784-4b57-b1a9-c7b60bf32891,2026-09-21T03:00:00Z,2026-09-21T05:00:00+0200,-5.82,EUR/MWh,DK1,DK_1,imbalance_price,Short,2026-09-25T14:38:37Z
2026-09-25T14:35:14Z,2026-09-25T16:35:14+0200,11a69610-5784-4b57-b1a9-c7b60bf32891,2026-09-21T03:15:00Z,2026-09-21T05:15:00+0200,-1.77,EUR/MWh,DK1,DK_1,imbalance_price,Long,2026-09-25T14:38:37Z
2026-09-25T14:35:14Z,2026-09-25T16:35:14+0200,11a69610-5784-4b57-b1a9-c7b60bf32891,2026-09-21T03:15:00Z,2026-09-21T05:15:00+0200,-1.77,EUR/MWh,DK1,DK_1,imbalance_price,Short,2026-09-25T14:38:37Z
2026-09-25T14:35:14Z,2026-09-25T16:35:14+0200,11a69610-5784-4b57-b1a9-c7b60bf32891,2026-09-21T03:30:00Z,2026-09-21T05:30:00+0200,0.34,EUR/MWh,DK1,DK_1,imbalance_price,Long,2026-09-25T14:38:37Z
2026-09-25T14:35:14Z,2026-09-25T16:35:14+0200,11a69610-5784-4b57-b1a9-c7b60bf32891,2026-09-21T03:30:00Z,2026-09-21T05:30:00+0200,0.34,EUR/MWh,DK1,DK_1,imbalance_price,Short,2026-09-25T14:38:37Z
2026-09-25T14:35:14Z,2026-09-25T16:35:14+0200,11a69610-5784-4b57-b1a9-c7b60bf32891,2026-09-21T03:45:00Z,2026-09-21T05:45:00+0200,14.6,EUR/MWh,DK1,DK_1,imbalance_price,Long,2026-09-25T14:38:37Z
2026-09-25T14:35:14Z,2026-09-25T16:35:14+0200,11a69610-5784-4b57-b1a9-c7b60bf32891,2026-09-21T03:45:00Z,2026-09-21T05:45:00+0200,14.6,EUR/MWh,DK1,DK_1,imbalance_price,Short,2026-09-25T14:38:37Z
2026-09-25T14:35:14Z,2026-09-25T16:35:14+0200,11a69610-5784-4b57-b1a9-c7b60bf32891,2026-09-21T04:00:00Z,2026-09-21T06:00:00+0200,-18.6,EUR/MWh,DK1,DK_1,imbalance_price,Long,2026-09-25T14:38:37Z
2026-09-25T14:35:14Z,2026-09-25T16:35:14+0200,11a69610-5784-4b57-b1a9-c7b60bf32891,2026-09-21T04:00:00Z,2026-09-21T06:00:00+0200,-18.6,EUR/MWh,DK1,DK_1,imbalance_price,Short,2026-09-25T14:38:37Z
2026-09-25T14:35:14Z,2026-09-25T16:35:14+0200,11a69610-5784-4b57-b1a9-c7b60bf32891,2026-09-21T04:15:00Z,2026-09-21T06:15:00+0200,-46.62,EUR/MWh,DK1,DK_1,imbalance_price,Long,2026-09-25T14:38:37Z
2026-09-25T14:35:14Z,2026-09-25T16:35:14+0200,11a69610-5784-4b57-b1a9-c7b60bf32891,2026-09-21T04:15:00Z,2026-09-21T06:15:00+0200,-46.62,EUR/MWh,DK1,DK_1,imbalance_price,Short,2026-09-25T14:38:37Z
2026-09-25T14:35:14Z,2026-09-25T16:35:14+0200,11a69610-5784-4b57-b1a9-c7b60bf32891,2026-09-21T04:30:00Z,2026-09-21T06:30:00+0200,-43.57,EUR/MWh,DK1,DK_1,imbalance_price,Long,2026-09-25T14:38:37Z
2026-09-25T14:35:14Z,2026-09-25T16:35:14+0200,11a69610-5784-4b57-b1a9-c7b60bf32891,2026-09-21T04:30:00Z,2026-09-21T06:30:00+0200,-43.57,EUR/MWh,DK1,DK_1,imbalance_price,Short,2026-09-25T14:38:37Z
2026-09-25T14:35:14Z,2026-09-25T16:35:14+0200,11a69610-5784-4b57-b1a9-c7b60bf32891,2026-09-21T04:45:00Z,2026-09-21T06:45:00+0200,-31.23,EUR/MWh,DK1,DK_1,imbalance_price,Long,2026-09-25T14:38:37Z
2026-09-25T14:35:14Z,2026-09-25T16:35:14+0200,11a69610-5784-4b57-b1a9-c7b60bf32891,2026-09-21T04:45:00Z,2026-09-21T06:45:00+0200,-31.23,EUR/MWh,DK1,DK_1,imbalance_price,Short,2026-09-25T14:38:37Z
2026-09-25T14:35:14Z,2026-09-25T16:35:14+0200,11a69610-5784-4b57-b1a9-c7b60bf32891,2026-09-21T05:00:00Z,2026-09-21T07:00:00+0200,123.5,EUR/MWh,DK1,DK_1,imbalance_price,Long,2026-09-25T14:38:37Z
2026-09-25T14:35:14Z,2026-09-25T16:35:14+0200,11a69610-5784-4b57-b1a9-c7b60bf32891,2026-09-21T05:00:00Z,2026-09-21T07:00:00+0200,123.5,EUR/MWh,DK1,DK_1,imbalance_price,Short,2026-09-25T14:38:37Z
2026-09-25T14:35:14Z,2026-09-25T16:35:14+0200,11a69610-5784-4b57-b1a9-c7b60bf32891,2026-09-21T05:15:00Z,2026-09-21T07:15:00+0200,118.28,EUR/MWh,DK1,DK_1,imbalance_price,Long,2026-09-25T14:38:37Z
2026-09-25T14:35:14Z,2026-09-25T16:35:14+0200,11a69610-5784-4b57-b1a9-c7b60bf32891,2026-09-21T05:15:00Z,2026-09-21T07:15:00+0200,118.28,EUR/MWh,DK1,DK_1,imbalance_price,Short,2026-09-25T14:38:37Z
2026-09-25T14:35:14Z,2026-09-25T16:35:14+0200,11a69610-5784-4b57-b1a9-c7b60bf32891,2026-09-21T05:30:00Z,2026-09-21T07:30:00+0200,118.53,EUR/MWh,DK1,DK_1,imbalance_price,Long,2026-09-25T14:38:37Z
2026-09-25T14:35:14Z,2026-09-25T16:35:14+0200,11a69610-5784-4b57-b1a9-c7b60bf32891,2026-09-21T05:30:00Z,2026-09-21T07:30:00+0200,118.53,EUR/MWh,DK1,DK_1,imbalance_price,Short,2026-09-25T14:38:37Z
2026-09-25T14:35:14Z,2026-09-25T16:35:14+0200,11a69610-5784-4b57-b1a9-c7b60bf32891,2026-09-21T05:45:00Z,2026-09-21T07:45:00+0200,128.7,EUR/MWh,DK1,DK_1,imbalance_price,Long,2026-09-25T14:38:37Z
2026-09-25T14:35:14Z,2026-09-25T16:35:14+0200,11a69610-5784-4b57-b1a9-c7b60bf32891,2026-09-21T05:45:00Z,2026-09-21T07:45:00+0200,128.7,EUR/MWh,DK1,DK_1,imbalance_price,Short,2026-09-25T14:38:37Z
2026-09-25T14:35:14Z,2026-09-25T16:35:14+0200,11a69610-5784-4b57-b1a9-c7b60bf32891,2026-09-21T06:00:00Z,2026-09-21T08:00:00+0200,487.67,EUR/MWh,DK1,DK_1,imbalance_price,Long,2026-09-25T14:38:37Z
2026-09-25T14:35:14Z,2026-09-25T16:35:14+0200,11a69610-5784-4b57-b1a9-c7b60bf32891,2026-09-21T06:00:00Z,2026-09-21T08:00:00+0200,487.67,EUR/MWh,DK1,DK_1,imbalance_price,Short,2026-09-25T14:38:37Z
2026-09-25T14:35:14Z,2026-09-25T16:35:14+0200,11a69610-5784-4b57-b1a9-c7b60bf32891,2026-09-21T06:15:00Z,2026-09-21T08:15:00+0200,377.14,EUR/MWh,DK1,DK_1,imbalance_price,Long,2026-09-25T14:38:37Z
2026-09-25T14:35:14Z,2026-09-25T16:35:14+0200,11a69610-5784-4b57-b1a9-c7b60bf32891,2026-09-21T06:15:00Z,2026-09-21T08:15:00+0200,377.14,EUR/MWh,DK1,DK_1,imbalance_price,Short,2026-09-25T14:38:37Z
2026-09-25T14:35:14Z,2026-09-25T16:35:14+0200,11a69610-5784-4b57-b1a9-c7b60bf32891,2026-09-21T06:30:00Z,2026-09-21T08:30:00+0200,129.51,EUR/MWh,DK1,DK_1,imbalance_price,Long,2026-09-25T14:38:37Z
2026-09-25T14:35:14Z,2026-09-25T16:35:14+0200,11a69610-5784-4b57-b1a9-c7b60bf32891,2026-09-21T06:30:00Z,2026-09-21T08:30:00+0200,129.51,EUR/MWh,DK1,DK_1,imbalance_price,Short,2026-09-25T14:38:37Z
2026-09-25T14:35:14Z,2026-09-25T16:35:14+0200,11a69610-5784-4b57-b1a9-c7b60bf32891,2026-09-21T06:45:00Z,2026-09-21T08:45:00+0200,31.08,EUR/MWh,DK1,DK_1,imbalance_price,Long,2026-09-25T14:38:37Z
2026-09-25T14:35:14Z,2026-09-25T16:35:14+0200,11a69610-5784-4b57-b1a9-c7b60bf32891,2026-09-21T06:45:00Z,2026-09-21T08:45:00+0200,31.08,EUR/MWh,DK1,DK_1,imbalance_price,Short,2026-09-25T14:38:37Z
2026-09-25T14:35:14Z,2026-09-25T16:35:14+0200,11a69610-5784-4b57-b1a9-c7b60bf32891,2026-09-21T07:00:00Z,2026-09-21T09:00:00+0200,9.91,EUR/MWh,DK1,DK_1,imbalance_price,Long,2026-09-25T14:38:37Z
2026-09-25T14:35:14Z,2026-09-25T16:35:14+0200,11a69610-5784-4b57-b1a9-c7b60bf32891,2026-09-21T07:00:00Z,2026-09-21T09:00:00+0200,9.91,EUR/MWh,DK1,DK_1,imbalance_price,Short,2026-09-25T14:38:37Z
2026-09-25T14:35:14Z,2026-09-25T16:35:14+0200,11a69610-5784-4b57-b1a9-c7b60bf32891,2026-09-21T07:15:00Z,2026-09-21T09:15:00+0200,31.79,EUR/MWh,DK1,DK_1,imbalance_price,Long,2026-09-25T14:38:37Z
2026-09-25T14:35:14Z,2026-09-25T16:35:14+0200,11a69610-5784-4b57-b1a9-c7b60bf32891,2026-09-21T07:15:00Z,2026-09-21T09:15:00+0200,31.79,EUR/MWh,DK1,DK_1,imbalance_price,Short,2026-09-25T14:38:37Z
2026-09-25T14:35:14Z,2026-09-25T16:35:14+0200,11a69610-5784-4b57-b1a9-c7b60bf32891,2026-09-21T07:30:00Z,2026-09-21T09:30:00+0200,29.31,EUR/MWh,DK1,DK_1,imbalance_price,Long,2026-09-25T14:38:37Z
2026-09-25T14:35:14Z,2026-09-25T16:35:14+0200,11a69610-5784-4b57-b1a9-c7b60bf32891,2026-09-21T07:30:00Z,2026-09-21T09:30:00+0200,29.31,EUR/MWh,DK1,DK_1,imbalance_price,Short,2026-09-25T14:38:37Z
2026-09-25T14:35:14Z,2026-09-25T16:35:14+0200,11a69610-5784-4b57-b1a9-c7b60bf32891,2026-09-21T07:45:00Z,2026-09-21T09:45:00+0200,18.46,EUR/MWh,DK1,DK_1,imbalance_price,Long,2026-09-25T14:38:37Z
2026-09-25T14:35:14Z,2026-09-25T16:35:14+0200,11a69610-5784-4b57-b1a9-c7b60bf32891,2026-09-21T07:45:00Z,2026-09-21T09:45:00+0200,18.46,EUR/MWh,DK1,DK_1,imbalance_price,Short,2026-09-25T14:38:37Z
2026-09-25T14:35:14Z,2026-09-25T16:35:14+0200,11a69610-5784-4b57-b1a9-c7b60bf32891,2026-09-21T08:00:00Z,2026-09-21T10:00:00+0200,20.44,EUR/MWh,DK1,DK_1,imbalance_price,Long,2026-09-25T14:38:37Z
2026-09-25T14:35:14Z,2026-09-25T16:35:14+0200,11a69610-5784-4b57-b1a9-c7b60bf32891,2026-09-21T08:00:00Z,2026-09-21T10:00:00+0200,20.44,EUR/MWh,DK1,DK_1,imbalance_price,Short,2026-09-25T14:38:37Z
2026-09-25T14:35:14Z,2026-09-25T16:35:14+0200,11a69610-5784-4b57-b1a9-c7b60bf32891,2026-09-21T08:15:00Z,2026-09-21T10:15:00+0200,8.26,EUR/MWh,DK1,DK_1,imbalance_price,Long,2026-09-25T14:38:37Z
2026-09-25T14:35:14Z,2026-09-25T16:35:14+0200,11a69610-5784-4b57-b1a9-c7b60bf32891,2026-09-21T08:15:00Z,2026-09-21T10:15:00+0200,8.26,EUR/MWh,DK1,DK_1,imbalance_price,Short,2026-09-25T14:38:37Z
2026-09-25T14:35:14Z,2026-09-25T16:35:14+0200,11a69610-5784-4b57-b1a9-c7b60bf32891,2026-09-21T08:30:00Z,2026-09-21T10:30:00+0200,4.31,EUR/MWh,DK1,DK_1,imbalance_price,Long,2026-09-25T14:38:37Z
2026-09-25T14:35:14Z,2026-09-25T16:35:14+0200,11a69610-5784-4b57-b1a9-c7b60bf32891,2026-09-21T08:30:00Z,2026-09-21T10:30:00+0200,4.31,EUR/MWh,DK1,DK_1,imbalance_price,Short,2026-09-25T14:38:37Z
2026-09-25T14:35:14Z,2026-09-25T16:35:14+0200,11a69610-5784-4b57-b1a9-c7b60bf32891,2026-09-21T08:45:00Z,2026-09-21T10:45:00+0200,90.81,EUR/MWh,DK1,DK_1,imbalance_price,Long,2026-09-25T14:38:37Z
2026-09-25T14:35:14Z,2026-09-25T16:35:14+0200,11a69610-5784-4b57-b1a9-c7b60bf32891,2026-09-21T08:45:00Z,2026-09-21T10:45:00+0200,90.81,EUR/MWh,DK1,DK_1,imbalance_price,Short,2026-09-25T14:38:37Z
2026-09-25T14:35:14Z,2026-09-25T16:35:14+0200,11a69610-5784-4b57-b1a9-c7b60bf32891,2026-09-21T09:00:00Z,2026-09-21T11:00:00+0200,52.31,EUR/MWh,DK1,DK_1,imbalance_price,Long,2026-09-25T14:38:37Z
2026-09-25T14:35:14Z,2026-09-25T16:35:14+0200,11a69610-5784-4b57-b1a9-c7b60bf32891,2026-09-21T09:00:00Z,2026-09-21T11:00:00+0200,52.31,EUR/MWh,DK1,DK_1,imbalance_price,Short,2026-09-25T14:38:37Z
2026-09-25T14:35:14Z,2026-09-25T16:35:14+0200,11a69610-5784-4b57-b1a9-c7b60bf32891,2026-09-21T09:15:00Z,2026-09-21T11:15:00+0200,183.41,EUR/MWh,DK1,DK_1,imbalance_price,Long,2026-09-25T14:38:37Z
2026-09-25T14:35:14Z,2026-09-25T16:35:14+0200,11a69610-5784-4b57-b1a9-c7b60bf32891,2026-09-21T09:15:00Z,2026-09-21T11:15:00+0200,183.41,EUR/MWh,DK1,DK_1,imbalance_price,Short,2026-09-25T14:38:37Z
2026-09-25T14:35:14Z,2026-09-25T16:35:14+0200,11a69610-5784-4b57-b1a9-c7b60bf32891,2026-09-21T09:30:00Z,2026-09-21T11:30:00+0200,1.38,EUR/MWh,DK1,DK_1,imbalance_price,Long,2026-09-25T14:38:37Z
2026-09-25T14:35:14Z,2026-09-25T16:35:14+0200,11a69610-5784-4b57-b1a9-c7b60bf32891,2026-09-21T09:30:00Z,2026-09-21T11:30:00+0200,1.38,EUR/MWh,DK1,DK_1,imbalance_price,Short,2026-09-25T14:38:37Z
2026-09-25T14:35:14Z,2026-09-25T16:35:14+0200,11a69610-5784-4b57-b1a9-c7b60bf32891,2026-09-21T09:45:00Z,2026-09-21T11:45:00+0200,1.38,EUR/MWh,DK1,DK_1,imbalance_price,Long,2026-09-25T14:38:37Z
2026-09-25T14:35:14Z,2026-09-25T16:35:14+0200,11a69610-5784-4b57-b1a9-c7b60bf32891,2026-09-21T09:45:00Z,2026-09-21T11:45:00+0200,1.38,EUR/MWh,DK1,DK_1,imbalance_price,Short,2026-09-25T14:38:37Z
2026-09-25T14:35:14Z,2026-09-25T16:35:14+0200,11a69610-5784-4b57-b1a9-c7b60bf32891,2026-09-21T10:00:00Z,2026-09-21T12:00:00+0200,2.44,EUR/MWh,DK1,DK_1,imbalance_price,Long,2026-09-25T14:38:37Z
2026-09-25T14:35:14Z,2026-09-25T16:35:14+0200,11a69610-5784-4b57-b1a9-c7b60bf32891,2026-09-21T10:00:00Z,2026-09-21T12:00:00+0200,2.44,EUR/MWh,DK1,DK_1,imbalance_price,Short,2026-09-25T14:38:37Z
2026-09-25T14:35:14Z,2026-09-25T16:35:14+0200,11a69610-5784-4b57-b1a9-c7b60bf32891,2026-09-21T10:15:00Z,2026-09-21T12:15:00+0200,2.45,EUR/MWh,DK1,DK_1,imbalance_price,Long,2026-09-25T14:38:37Z
2026-09-25T14:35:14Z,2026-09-25T16:35:14+0200,11a69610-5784-4b57-b1a9-c7b60bf32891,2026-09-21T10:15:00Z,2026-09-21T12:15:00+0200,2.45,EUR/MWh,DK1,DK_1,imbalance_price,Short,2026-09-25T14:38:37Z
2026-09-25T14:35:14Z,2026-09-25T16:35:14+0200,11a69610-5784-4b57-b1a9-c7b60bf32891,2026-09-21T10:30:00Z,2026-09-21T12:30:00+0200,1.6,EUR/MWh,DK1,DK_1,imbalance_price,Long,2026-09-25T14:38:37Z
2026-09-25T14:35:14Z,2026-09-25T16:35:14+0200,11a69610-5784-4b57-b1a9-c7b60bf32891,2026-09-21T10:30:00Z,2026-09-21T12:30:00+0200,1.6,EUR/MWh,DK1,DK_1,imbalance_price,Short,2026-09-25T14:38:37Z
2026-09-25T14:35:14Z,2026-09-25T16:35:14+0200,11a69610-5784-4b57-b1a9-c7b60bf32891,2026-09-21T10:45:00Z,2026-09-21T12:45:00+0200,2.47,EUR/MWh,DK1,DK_1,imbalance_price,Long,2026-09-25T14:38:37Z
2026-09-25T14:35:14Z,2026-09-25T16:35:14+0200,11a69610-5784-4b57-b1a9-c7b60bf32891,2026-09-21T10:45:00Z,2026-09-21T12:45:00+0200,2.47,EUR/MWh,DK1,DK_1,imbalance_price,Short,2026-09-25T14:38:37Z
2026-09-25T14:35:14Z,2026-09-25T16:35:14+0200,11a69610-5784-4b57-b1a9-c7b60bf32891,2026-09-21T11:00:00Z,2026-09-21T13:00:00+0200,2.71,EUR/MWh,DK1,DK_1,imbalance_price,Long,2026-09-25T14:38:37Z
2026-09-25T14:35:14Z,2026-09-25T16:35:14+0200,11a69610-5784-4b57-b1a9-c7b60bf32891,2026-09-21T11:00:00Z,2026-09-21T13:00:00+0200,2.71,EUR/MWh,DK1,DK_1,imbalance_price,Short,2026-09-25T14:38:37Z
2026-09-25T14:35:14Z,2026-09-25T16:35:14+0200,11a69610-5784-4b57-b1a9-c7b60bf32891,2026-09-21T11:15:00Z,2026-09-21T13:15:00+0200,-26.39,EUR/MWh,DK1,DK_1,imbalance_price,Long,2026-09-25T14:38:37Z
2026-09-25T14:35:14Z,2026-09-25T16:35:14+0200,11a69610-5784-4b57-b1a9-c7b60bf32891,2026-09-21T11:15:00Z,2026-09-21T13:15:00+0200,-26.39,EUR/MWh,DK1,DK_1,imbalance_price,Short,2026-09-25T14:38:37Z
2026-09-25T14:35:14Z,2026-09-25T16:35:14+0200,11a69610-5784-4b57-b1a9-c7b60bf32891,2026-09-21T11:30:00Z,2026-09-21T13:30:00+0200,-43.18,EUR/MWh,DK1,DK_1,imbalance_price,Long,2026-09-25T14:38:37Z
2026-09-25T14:35:14Z,2026-09-25T16:35:14+0200,11a69610-5784-4b57-b1a9-c7b60bf32891,2026-09-21T11:30:00Z,2026-09-21T13:30:00+0200,-43.18,EUR/MWh,DK1,DK_1,imbalance_price,Short,2026-09-25T14:38:37Z
2026-09-25T14:35:14Z,2026-09-25T16:35:14+0200,11a69610-5784-4b57-b1a9-c7b60bf32891,2026-09-21T11:45:00Z,2026-09-21T13:45:00+0200,-31.79,EUR/MWh,DK1,DK_1,imbalance_price,Long,2026-09-25T14:38:37Z
2026-09-25T14:35:14Z,2026-09-25T16:35:14+0200,11a69610-5784-4b57-b1a9-c7b60bf32891,2026-09-21T11:45:00Z,2026-09-21T13:45:00+0200,-31.79,EUR/MWh,DK1,DK_1,imbalance_price,Short,2026-09-25T14:38:37Z
2026-09-25T14:35:14Z,2026-09-25T16:35:14+0200,11a69610-5784-4b57-b1a9-c7b60bf32891,2026-09-21T12:00:00Z,2026-09-21T14:00:00+0200,-32.48,EUR/MWh,DK1,DK_1,imbalance_price,Long,2026-09-25T14:38:37Z
2026-09-25T14:35:14Z,2026-09-25T16:35:14+0200,11a69610-5784-4b57-b1a9-c7b60bf32891,2026-09-21T12:00:00Z,2026-09-21T14:00:00+0200,-32.48,EUR/MWh,DK1,DK_1,imbalance_price,Short,2026-09-25T14:38:37Z
2026-09-25T14:35:14Z,2026-09-25T16:35:14+0200,11a69610-5784-4b57-b1a9-c7b60bf32891,2026-09-21T12:15:00Z,2026-09-21T14:15:00+0200,2.48,EUR/MWh,DK1,DK_1,imbalance_price,Long,2026-09-25T14:38:37Z
2026-09-25T14:35:14Z,2026-09-25T16:35:14+0200,11a69610-5784-4b57-b1a9-c7b60bf32891,2026-09-21T12:15:00Z,2026-09-21T14:15:00+0200,2.48,EUR/MWh,DK1,DK_1,imbalance_price,Short,2026-09-25T14:38:37Z
2026-09-25T14:35:14Z,2026-09-25T16:35:14+0200,11a69610-5784-4b57-b1a9-c7b60bf32891,2026-09-21T12:30:00Z,2026-09-21T14:30:00+0200,-21.76,EUR/MWh,DK1,DK_1,imbalance_price,Long,2026-09-25T14:38:37Z
2026-09-25T14:35:14Z,2026-09-25T16:35:14+0200,11a69610-5784-4b57-b1a9-c7b60bf32891,2026-09-21T12:30:00Z,2026-09-21T14:30:00+0200,-21.76,EUR/MWh,DK1,DK_1,imbalance_price,Short,2026-09-25T14:38:37Z
2026-09-25T14:35:14Z,2026-09-25T16:35:14+0200,11a69610-5784-4b57-b1a9-c7b60bf32891,2026-09-21T12:45:00Z,2026-09-21T14:45:00+0200,2.5,EUR/MWh,DK1,DK_1,imbalance_price,Long,2026-09-25T14:38:37Z
2026-09-25T14:35:14Z,2026-09-25T16:35:14+0200,11a69610-5784-4b57-b1a9-c7b60bf32891,2026-09-21T12:45:00Z,2026-09-21T14:45:00+0200,2.5,EUR/MWh,DK1,DK_1,imbalance_price,Short,2026-09-25T14:38:37Z
2026-09-25T14:35:14Z,2026-09-25T16:35:14+0200,11a69610-5784-4b57-b1a9-c7b60bf32891,2026-09-21T13:00:00Z,2026-09-21T15:00:00+0200,-7.0,EUR/MWh,DK1,DK_1,imbalance_price,Long,2026-09-25T14:38:37Z
2026-09-25T14:35:14Z,2026-09-25T16:35:14+0200,11a69610-5784-4b57-b1a9-c7b60bf32891,2026-09-21T13:00:00Z,2026-09-21T15:00:00+0200,-7.0,EUR/MWh,DK1,DK_1,imbalance_price,Short,2026-09-25T14:38:37Z
2026-09-25T14:35:14Z,2026-09-25T16:35:14+0200,11a69610-5784-4b57-b1a9-c7b60bf32891,2026-09-21T13:15:00Z,2026-09-21T15:15:00+0200,13.96,EUR/MWh,DK1,DK_1,imbalance_price,Long,2026-09-25T14:38:37Z
2026-09-25T14:35:14Z,2026-09-25T16:35:14+0200,11a69610-5784-4b57-b1a9-c7b60bf32891,2026-09-21T13:15:00Z,2026-09-21T15:15:00+0200,13.96,EUR/MWh,DK1,DK_1,imbalance_price,Short,2026-09-25T14:38:37Z
2026-09-25T14:35:14Z,2026-09-25T16:35:14+0200,11a69610-5784-4b57-b1a9-c7b60bf32891,2026-09-21T13:30:00Z,2026-09-21T15:30:00+0200,11.69,EUR/MWh,DK1,DK_1,imbalance_price,Long,2026-09-25T14:38:37Z
2026-09-25T14:35:14Z,2026-09-25T16:35:14+0200,11a69610-5784-4b57-b1a9-c7b60bf32891,2026-09-21T13:30:00Z,2026-09-21T15:30:00+0200,11.69,EUR/MWh,DK1,DK_1,imbalance_price,Short,2026-09-25T14:38:37Z
2026-09-25T14:35:14Z,2026-09-25T16:35:14+0200,11a69610-5784-4b57-b1a9-c7b60bf32891,2026-09-21T13:45:00Z,2026-09-21T15:45:00+0200,10.66,EUR/MWh,DK1,DK_1,imbalance_price,Long,2026-09-25T14:38:37Z
2026-09-25T14:35:14Z,2026-09-25T16:35:14+0200,11a69610-5784-4b57-b1a9-c7b60bf32891,2026-09-21T13:45:00Z,2026-09-21T15:45:00+0200,10.66,EUR/MWh,DK1,DK_1,imbalance_price,Short,2026-09-25T14:38:37Z
2026-09-25T14:35:14Z,2026-09-25T16:35:14+0200,11a69610-5784-4b57-b1a9-c7b60bf32891,2026-09-21T14:00:00Z,2026-09-21T16:00:00+0200,11.99,EUR/MWh,DK1,DK_1,imbalance_price,Long,2026-09-25T14:38:37Z
2026-09-25T14:35:14Z,2026-09-25T16:35:14+0200,11a69610-5784-4b57-b1a9-c7b60bf32891,2026-09-21T14:00:00Z,2026-09-21T16:00:00+0200,11.99,EUR/MWh,DK1,DK_1,imbalance_price,Short,2026-09-25T14:38:37Z
2026-09-25T14:35:14Z,2026-09-25T16:35:14+0200,11a69610-5784-4b57-b1a9-c7b60bf32891,2026-09-21T14:15:00Z,2026-09-21T16:15:00+0200,-11.17,EUR/MWh,DK1,DK_1,imbalance_price,Long,2026-09-25T14:38:37Z
2026-09-25T14:35:14Z,2026-09-25T16:35:14+0200,11a69610-5784-4b57-b1a9-c7b60bf32891,2026-09-21T14:15:00Z,2026-09-21T16:15:00+0200,-11.17,EUR/MWh,DK1,DK_1,imbalance_price,Short,2026-09-25T14:38:37Z
2026-09-25T14:35:14Z,2026-09-25T16:35:14+0200,11a69610-5784-4b57-b1a9-c7b60bf32891,2026-09-21T14:30:00Z,2026-09-21T16:30:00+0200,128.3,EUR/MWh,DK1,DK_1,imbalance_price,Long,2026-09-25T14:38:37Z
2026-09-25T14:35:14Z,2026-09-25T16:35:14+0200,11a69610-5784-4b57-b1a9-c7b60bf32891,2026-09-21T14:30:00Z,2026-09-21T16:30:00+0200,128.3,EUR/MWh,DK1,DK_1,imbalance_price,Short,2026-09-25T14:38:37Z
2026-09-25T14:35:14Z,2026-09-25T16:35:14+0200,11a69610-5784-4b57-b1a9-c7b60bf32891,2026-09-21T14:45:00Z,2026-09-21T16:45:00+0200,197.39,EUR/MWh,DK1,DK_1,imbalance_price,Long,2026-09-25T14:38:37Z
2026-09-25T14:35:14Z,2026-09-25T16:35:14+0200,11a69610-5784-4b57-b1a9-c7b60bf32891,2026-09-21T14:45:00Z,2026-09-21T16:45:00+0200,197.39,EUR/MWh,DK1,DK_1,imbalance_price,Short,2026-09-25T14:38:37Z
2026-09-25T14:35:14Z,2026-09-25T16:35:14+0200,11a69610-5784-4b57-b1a9-c7b60bf32891,2026-09-21T15:00:00Z,2026-09-21T17:00:00+0200,126.74,EUR/MWh,DK1,DK_1,imbalance_price,Long,2026-09-25T14:38:37Z
2026-09-25T14:35:14Z,2026-09-25T16:35:14+0200,11a69610-5784-4b57-b1a9-c7b60bf32891,2026-09-21T15:00:00Z,2026-09-21T17:00:00+0200,126.74,EUR/MWh,DK1,DK_1,imbalance_price,Short,2026-09-25T14:38:37Z
2026-09-25T14:35:14Z,2026-09-25T16:35:14+0200,11a69610-5784-4b57-b1a9-c7b60bf32891,2026-09-21T15:15:00Z,2026-09-21T17:15:00+0200,401.4,EUR/MWh,DK1,DK_1,imbalance_price,Long,2026-09-25T14:38:37Z
2026-09-25T14:35:14Z,2026-09-25T16:35:14+0200,11a69610-5784-4b57-b1a9-c7b60bf32891,2026-09-21T15:15:00Z,2026-09-21T17:15:00+0200,401.4,EUR/MWh,DK1,DK_1,imbalance_price,Short,2026-09-25T14:38:37Z
2026-09-25T14:35:14Z,2026-09-25T16:35:14+0200,11a69610-5784-4b57-b1a9-c7b60bf32891,2026-09-21T15:30:00Z,2026-09-21T17:30:00+0200,535.87,EUR/MWh,DK1,DK_1,imbalance_price,Long,2026-09-25T14:38:37Z
2026-09-25T14:35:14Z,2026-09-25T16:35:14+0200,11a69610-5784-4b57-b1a9-c7b60bf32891,2026-09-21T15:30:00Z,2026-09-21T17:30:00+0200,535.87,EUR/MWh,DK1,DK_1,imbalance_price,Short,2026-09-25T14:38:37Z
2026-09-25T14:35:14Z,2026-09-25T16:35:14+0200,11a69610-5784-4b57-b1a9-c7b60bf32891,2026-09-21T15:45:00Z,2026-09-21T17:45:00+0200,251.01,EUR/MWh,DK1,DK_1,imbalance_price,Long,2026-09-25T14:38:37Z
2026-09-25T14:35:14Z,2026-09-25T16:35:14+0200,11a69610-5784-4b57-b1a9-c7b60bf32891,2026-09-21T15:45:00Z,2026-09-21T17:45:00+0200,251.01,EUR/MWh,DK1,DK_1,imbalance_price,Short,2026-09-25T14:38:37Z
2026-09-25T14:35:14Z,2026-09-25T16:35:14+0200,11a69610-5784-4b57-b1a9-c7b60bf32891,2026-09-21T16:00:00Z,2026-09-21T18:00:00+0200,194.91,EUR/MWh,DK1,DK_1,imbalance_price,Long,2026-09-25T14:38:37Z
2026-09-25T14:35:14Z,2026-09-25T16:35:14+0200,11a69610-5784-4b57-b1a9-c7b60bf32891,2026-09-21T16:00:00Z,2026-09-21T18:00:00+0200,194.91,EUR/MWh,DK1,DK_1,imbalance_price,Short,2026-09-25T14:38:37Z
2026-09-25T14:35:14Z,2026-09-25T16:35:14+0200,11a69610-5784-4b57-b1a9-c7b60bf32891,2026-09-21T16:15:00Z,2026-09-21T18:15:00+0200,273.43,EUR/MWh,DK1,DK_1,imbalance_price,Long,2026-09-25T14:38:37Z
2026-09-25T14:35:14Z,2026-09-25T16:35:14+0200,11a69610-5784-4b57-b1a9-c7b60bf32891,2026-09-21T16:15:00Z,2026-09-21T18:15:00+0200,273.43,EUR/MWh,DK1,DK_1,imbalance_price,Short,2026-09-25T14:38:37Z
2026-09-25T14:35:14Z,2026-09-25T16:35:14+0200,11a69610-5784-4b57-b1a9-c7b60bf32891,2026-09-21T16:30:00Z,2026-09-21T18:30:00+0200,330.7,EUR/MWh,DK1,DK_1,imbalance_price,Long,2026-09-25T14:38:37Z
2026-09-25T14:35:14Z,2026-09-25T16:35:14+0200,11a69610-5784-4b57-b1a9-c7b60bf32891,2026-09-21T16:30:00Z,2026-09-21T18:30:00+0200,330.7,EUR/MWh,DK1,DK_1,imbalance_price,Short,2026-09-25T14:38:37Z
2026-09-25T14:35:14Z,2026-09-25T16:35:14+0200,11a69610-5784-4b57-b1a9-c7b60bf32891,2026-09-21T16:45:00Z,2026-09-21T18:45:00+0200,553.46,EUR/MWh,DK1,DK_1,imbalance_price,Long,2026-09-25T14:38:37Z
2026-09-25T14:35:14Z,2026-09-25T16:35:14+0200,11a69610-5784-4b57-b1a9-c7b60bf32891,2026-09-21T16:45:00Z,2026-09-21T18:45:00+0200,553.46,EUR/MWh,DK1,DK_1,imbalance_price,Short,2026-09-25T14:38:37Z
2026-09-25T14:35:14Z,2026-09-25T16:35:14+0200,11a69610-5784-4b57-b1a9-c7b60bf32891,2026-09-21T17:00:00Z,2026-09-21T19:00:00+0200,735.87,EUR/MWh,DK1,DK_1,imbalance_price,Long,2026-09-25T14:38:37Z
2026-09-25T14:35:14Z,2026-09-25T16:35:14+0200,11a69610-5784-4b57-b1a9-c7b60bf32891,2026-09-21T17:00:00Z,2026-09-21T19:00:00+0200,735.87,EUR/MWh,DK1,DK_1,imbalance_price,Short,2026-09-25T14:38:37Z
2026-09-25T14:35:14Z,2026-09-25T16:35:14+0200,11a69610-5784-4b57-b1a9-c7b60bf32891,2026-09-21T17:15:00Z,2026-09-21T19:15:00+0200,668.98,EUR/MWh,DK1,DK_1,imbalance_price,Long,2026-09-25T14:38:37Z
2026-09-25T14:35:14Z,2026-09-25T16:35:14+0200,11a69610-5784-4b57-b1a9-c7b60bf32891,2026-09-21T17:15:00Z,2026-09-21T19:15:00+0200,668.98,EUR/MWh,DK1,DK_1,imbalance_price,Short,2026-09-25T14:38:37Z
2026-09-25T14:35:14Z,2026-09-25T16:35:14+0200,11a69610-5784-4b57-b1a9-c7b60bf32891,2026-09-21T17:30:00Z,2026-09-21T19:30:00+0200,334.43,EUR/MWh,DK1,DK_1,imbalance_price,Long,2026-09-25T14:38:37Z
2026-09-25T14:35:14Z,2026-09-25T16:35:14+0200,11a69610-5784-4b57-b1a9-c7b60bf32891,2026-09-21T17:30:00Z,2026-09-21T19:30:00+0200,334.43,EUR/MWh,DK1,DK_1,imbalance_price,Short,2026-09-25T14:38:37Z
2026-09-25T14:35:14Z,2026-09-25T16:35:14+0200,11a69610-5784-4b57-b1a9-c7b60bf32891,2026-09-21T17:45:00Z,2026-09-21T19:45:00+0200,401.39,EUR/MWh,DK1,DK_1,imbalance_price,Long,2026-09-25T14:38:37Z
2026-09-25T14:35:14Z,2026-09-25T16:35:14+0200,11a69610-5784-4b57-b1a9-c7b60bf32891,2026-09-21T17:45:00Z,2026-09-21T19:45:00+0200,401.39,EUR/MWh,DK1,DK_1,imbalance_price,Short,2026-09-25T14:38:37Z
2026-09-25T14:35:14Z,2026-09-25T16:35:14+0200,11a69610-5784-4b57-b1a9-c7b60bf32891,2026-09-21T18:00:00Z,2026-09-21T20:00:00+0200,509.45,EUR/MWh,DK1,DK_1,imbalance_price,Long,2026-09-25T14:38:37Z
2026-09-25T14:35:14Z,2026-09-25T16:35:14+0200,11a69610-5784-4b57-b1a9-c7b60bf32891,2026-09-21T18:00:00Z,2026-09-21T20:00:00+0200,509.45,EUR/MWh,DK1,DK_1,imbalance_price,Short,2026-09-25T14:38:37Z
2026-09-25T14:35:14Z,2026-09-25T16:35:14+0200,11a69610-5784-4b57-b1a9-c7b60bf32891,2026-09-21T18:15:00Z,2026-09-21T20:15:00+0200,381.32,EUR/MWh,DK1,DK_1,imbalance_price,Long,2026-09-25T14:38:37Z
2026-09-25T14:35:14Z,2026-09-25T16:35:14+0200,11a69610-5784-4b57-b1a9-c7b60bf32891,2026-09-21T18:15:00Z,2026-09-21T20:15:00+0200,381.32,EUR/MWh,DK1,DK_1,imbalance_price,Short,2026-09-25T14:38:37Z
2026-09-25T14:35:14Z,2026-09-25T16:35:14+0200,11a69610-5784-4b57-b1a9-c7b60bf32891,2026-09-21T18:30:00Z,2026-09-21T20:30:00+0200,343.13,EUR/MWh,DK1,DK_1,imbalance_price,Long,2026-09-25T14:38:37Z
2026-09-25T14:35:14Z,2026-09-25T16:35:14+0200,11a69610-5784-4b57-b1a9-c7b60bf32891,2026-09-21T18:30:00Z,2026-09-21T20:30:00+0200,343.13,EUR/MWh,DK1,DK_1,imbalance_price,Short,2026-09-25T14:38:37Z
2026-09-25T14:35:14Z,2026-09-25T16:35:14+0200,11a69610-5784-4b57-b1a9-c7b60bf32891,2026-09-21T18:45:00Z,2026-09-21T20:45:00+0200,334.5,EUR/MWh,DK1,DK_1,imbalance_price,Long,2026-09-25T14:38:37Z
2026-09-25T14:35:14Z,2026-09-25T16:35:14+0200,11a69610-5784-4b57-b1a9-c7b60bf32891,2026-09-21T18:45:00Z,2026-09-21T20:45:00+0200,334.5,EUR/MWh,DK1,DK_1,imbalance_price,Short,2026-09-25T14:38:37Z
2026-09-25T14:35:14Z,2026-09-25T16:35:14+0200,11a69610-5784-4b57-b1a9-c7b60bf32891,2026-09-21T19:00:00Z,2026-09-21T21:00:00+0200,232.22,EUR/MWh,DK1,DK_1,imbalance_price,Long,2026-09-25T14:38:37Z
2026-09-25T14:35:14Z,2026-09-25T16:35:14+0200,11a69610-5784-4b57-b1a9-c7b60bf32891,2026-09-21T19:00:00Z,2026-09-21T21:00:00+0200,232.22,EUR/MWh,DK1,DK_1,imbalance_price,Short,2026-09-25T14:38:37Z
2026-09-25T14:35:14Z,2026-09-25T16:35:14+0200,11a69610-5784-4b57-b1a9-c7b60bf32891,2026-09-21T19:15:00Z,2026-09-21T21:15:00+0200,265.86,EUR/MWh,DK1,DK_1,imbalance_price,Long,2026-09-25T14:38:37Z
2026-09-25T14:35:14Z,2026-09-25T16:35:14+0200,11a69610-5784-4b57-b1a9-c7b60bf32891,2026-09-21T19:15:00Z,2026-09-21T21:15:00+0200,265.86,EUR/MWh,DK1,DK_1,imbalance_price,Short,2026-09-25T14:38:37Z
2026-09-25T14:35:14Z,2026-09-25T16:35:14+0200,11a69610-5784-4b57-b1a9-c7b60bf32891,2026-09-21T19:30:00Z,2026-09-21T21:30:00+0200,213.76,EUR/MWh,DK1,DK_1,imbalance_price,Long,2026-09-25T14:38:37Z
2026-09-25T14:35:14Z,2026-09-25T16:35:14+0200,11a69610-5784-4b57-b1a9-c7b60bf32891,2026-09-21T19:30:00Z,2026-09-21T21:30:00+0200,213.76,EUR/MWh,DK1,DK_1,imbalance_price,Short,2026-09-25T14:38:37Z
2026-09-25T14:35:14Z,2026-09-25T16:35:14+0200,11a69610-5784-4b57-b1a9-c7b60bf32891,2026-09-21T19:45:00Z,2026-09-21T21:45:00+0200,206.51,EUR/MWh,DK1,DK_1,imbalance_price,Long,2026-09-25T14:38:37Z
2026-09-25T14:35:14Z,2026-09-25T16:35:14+0200,11a69610-5784-4b57-b1a9-c7b60bf32891,2026-09-21T19:45:00Z,2026-09-21T21:45:00+0200,206.51,EUR/MWh,DK1,DK_1,imbalance_price,Short,2026-09-25T14:38:37Z
2026-09-25T14:35:14Z,2026-09-25T16:35:14+0200,11a69610-5784-4b57-b1a9-c7b60bf32891,2026-09-21T20:00:00Z,2026-09-21T22:00:00+0200,215.91,EUR/MWh,DK1,DK_1,imbalance_price,Long,2026-09-25T14:38:37Z
2026-09-25T14:35:14Z,2026-09-25T16:35:14+0200,11a69610-5784-4b57-b1a9-c7b60bf32891,2026-09-21T20:00:00Z,2026-09-21T22:00:00+0200,215.91,EUR/MWh,DK1,DK_1,imbalance_price,Short,2026-09-25T14:38:37Z
2026-09-25T14:35:14Z,2026-09-25T16:35:14+0200,11a69610-5784-4b57-b1a9-c7b60bf32891,2026-09-21T20:15:00Z,2026-09-21T22:15:00+0200,119.72,EUR/MWh,DK1,DK_1,imbalance_price,Long,2026-09-25T14:38:37Z
2026-09-25T14:35:14Z,2026-09-25T16:35:14+0200,11a69610-5784-4b57-b1a9-c7b60bf32891,2026-09-21T20:15:00Z,2026-09-21T22:15:00+0200,119.72,EUR/MWh,DK1,DK_1,imbalance_price,Short,2026-09-25T14:38:37Z
2026-09-25T14:35:14Z,2026-09-25T16:35:14+0200,11a69610-5784-4b57-b1a9-c7b60bf32891,2026-09-21T20:30:00Z,2026-09-21T22:30:00+0200,205.96,EUR/MWh,DK1,DK_1,imbalance_price,Long,2026-09-25T14:38:37Z
2026-09-25T14:35:14Z,2026-09-25T16:35:14+0200,11a69610-5784-4b57-b1a9-c7b60bf32891,2026-09-21T20:30:00Z,2026-09-21T22:30:00+0200,205.96,EUR/MWh,DK1,DK_1,imbalance_price,Short,2026-09-25T14:38:37Z
2026-09-25T14:35:14Z,2026-09-25T16:35:14+0200,11a69610-5784-4b57-b1a9-c7b60bf32891,2026-09-21T20:45:00Z,2026-09-21T22:45:00+0200,196.08,EUR/MWh,DK1,DK_1,imbalance_price,Long,2026-09-25T14:38:37Z
2026-09-25T14:35:14Z,2026-09-25T16:35:14+0200,11a69610-5784-4b57-b1a9-c7b60bf32891,2026-09-21T20:45:00Z,2026-09-21T22:45:00+0200,196.08,EUR/MWh,DK1,DK_1,imbalance_price,Short,2026-09-25T14:38:37Z
2026-09-25T14:35:14Z,2026-09-25T16:35:14+0200,11a69610-5784-4b57-b1a9-c7b60bf32891,2026-09-21T21:00:00Z,2026-09-21T23:00:00+0200,110.0,EUR/MWh,DK1,DK_1,imbalance_price,Long,2026-09-25T14:38:37Z
2026-09-25T14:35:14Z,2026-09-25T16:35:14+0200,11a69610-5784-4b57-b1a9-c7b60bf32891,2026-09-21T21:00:00Z,2026-09-21T23:00:00+0200,110.0,EUR/MWh,DK1,DK_1,imbalance_price,Short,2026-09-25T14:38:37Z
2026-09-25T14:35:14Z,2026-09-25T16:35:14+0200,11a69610-5784-4b57-b1a9-c7b60bf32891,2026-09-21T21:15:00Z,2026-09-21T23:15:00+0200,334.5,EUR/MWh,DK1,DK_1,imbalance_price,Long,2026-09-25T14:38:37Z
2026-09-25T14:35:14Z,2026-09-25T16:35:14+0200,11a69610-5784-4b57-b1a9-c7b60bf32891,2026-09-21T21:15:00Z,2026-09-21T23:15:00+0200,334.5,EUR/MWh,DK1,DK_1,imbalance_price,Short,2026-09-25T14:38:37Z
2026-09-25T14:35:14Z,2026-09-25T16:35:14+0200,11a69610-5784-4b57-b1a9-c7b60bf32891,2026-09-21T21:30:00Z,2026-09-21T23:30:00+0200,381.32,EUR/MWh,DK1,DK_1,imbalance_price,Long,2026-09-25T14:38:37Z
2026-09-25T14:35:14Z,2026-09-25T16:35:14+0200,11a69610-5784-4b57-b1a9-c7b60bf32891,2026-09-21T21:30:00Z,2026-09-21T23:30:00+0200,381.32,EUR/MWh,DK1,DK_1,imbalance_price,Short,2026-09-25T14:38:37Z
2026-09-25T14:35:14Z,2026-09-25T16:35:14+0200,11a69610-5784-4b57-b1a9-c7b60bf32891,2026-09-21T21:45:00Z,2026-09-21T23:45:00+0200,334.5,EUR/MWh,DK1,DK_1,imbalance_price,Long,2026-09-25T14:38:37Z
2026-09-25T14:35:14Z,2026-09-25T16:35:14+0200,11a69610-5784-4b57-b1a9-c7b60bf32891,2026-09-21T21:45:00Z,2026-09-21T23:45:00+0200,334.5,EUR/MWh,DK1,DK_1,imbalance_price,Short,2026-09-25T14:38:37Z
2026-09-25T14:35:14Z,2026-09-25T16:35:14+0200,11a69610-5784-4b57-b1a9-c7b60bf32891,2026-09-21T22:00:00Z,2026-09-22T00:00:00+0200,189.79,EUR/MWh,DK1,DK_1,imbalance_price,Long,2026-09-25T14:38:37Z
2026-09-25T14:35:14Z,2026-09-25T16:35:14+0200,11a69610-5784-4b57-b1a9-c7b60bf32891,2026-09-21T22:00:00Z,2026-09-22T00:00:00+0200,189.79,EUR/MWh,DK1,DK_1,imbalance_price,Short,2026-09-25T14:38:37Z
2026-09-25T14:35:14Z,2026-09-25T16:35:14+0200,11a69610-5784-4b57-b1a9-c7b60bf32891,2026-09-21T22:15:00Z,2026-09-22T00:15:00+0200,116.17,EUR/MWh,DK1,DK_1,imbalance_price,Long,2026-09-25T14:38:37Z
2026-09-25T14:35:14Z,2026-09-25T16:35:14+0200,11a69610-5784-4b57-b1a9-c7b60bf32891,2026-09-21T22:15:00Z,2026-09-22T00:15:00+0200,116.17,EUR/MWh,DK1,DK_1,imbalance_price,Short,2026-09-25T14:38:37Z
2026-09-25T14:35:14Z,2026-09-25T16:35:14+0200,11a69610-5784-4b57-b1a9-c7b60bf32891,2026-09-21T22:30:00Z,2026-09-22T00:30:00+0200,176.49,EUR/MWh,DK1,DK_1,imbalance_price,Long,2026-09-25T14:38:37Z
2026-09-25T14:35:14Z,2026-09-25T16:35:14+0200,11a69610-5784-4b57-b1a9-c7b60bf32891,2026-09-21T22:30:00Z,2026-09-22T00:30:00+0200,176.49,EUR/MWh,DK1,DK_1,imbalance_price,Short,2026-09-25T14:38:37Z
2026-09-25T14:35:14Z,2026-09-25T16:35:14+0200,11a69610-5784-4b57-b1a9-c7b60bf32891,2026-09-21T22:45:00Z,2026-09-22T00:45:00+0200,175.66,EUR/MWh,DK1,DK_1,imbalance_price,Long,2026-09-25T14:38:37Z
2026-09-25T14:35:14Z,2026-09-25T16:35:14+0200,11a69610-5784-4b57-b1a9-c7b60bf32891,2026-09-21T22:45:00Z,2026-09-22T00:45:00+0200,175.66,EUR/MWh,DK1,DK_1,imbalance_price,Short,2026-09-25T14:38:37Z
2026-09-25T14:35:14Z,2026-09-25T16:35:14+0200,11a69610-5784-4b57-b1a9-c7b60bf32891,2026-09-21T23:00:00Z,2026-09-22T01:00:00+0200,177.13,EUR/MWh,DK1,DK_1,imbalance_price,Long,2026-09-25T14:38:37Z
2026-09-25T14:35:14Z,2026-09-25T16:35:14+0200,11a69610-5784-4b57-b1a9-c7b60bf32891,2026-09-21T23:00:00Z,2026-09-22T01:00:00+0200,177.13,EUR/MWh,DK1,DK_1,imbalance_price,Short,2026-09-25T14:38:37Z
2026-09-25T14:35:14Z,2026-09-25T16:35:14+0200,11a69610-5784-4b57-b1a9-c7b60bf32891,2026-09-21T23:15:00Z,2026-09-22T01:15:00+0200,174.85,EUR/MWh,DK1,DK_1,imbalance_price,Long,2026-09-25T14:38:37Z
2026-09-25T14:35:14Z,2026-09-25T16:35:14+0200,11a69610-5784-4b57-b1a9-c7b60bf32891,2026-09-21T23:15:00Z,2026-09-22T01:15:00+0200,174.85,EUR/MWh,DK1,DK_1,imbalance_price,Short,2026-09-25T14:38:37Z
2026-09-25T14:35:14Z,2026-09-25T16:35:14+0200,11a69610-5784-4b57-b1a9-c7b60bf32891,2026-09-21T23:30:00Z,2026-09-22T01:30:00+0200,176.38,EUR/MWh,DK1,DK_1,imbalance_price,Long,2026-09-25T14:38:37Z
2026-09-25T14:35:14Z,2026-09-25T16:35:14+0200,11a69610-5784-4b57-b1a9-c7b60bf32891,2026-09-21T23:30:00Z,2026-09-22T01:30:00+0200,176.38,EUR/MWh,DK1,DK_1,imbalance_price,Short,2026-09-25T14:38:37Z
2026-09-25T14:35:14Z,2026-09-25T16:35:14+0200,11a69610-5784-4b57-b1a9-c7b60bf32891,2026-09-21T23:45:00Z,2026-09-22T01:45:00+0200,110.95,EUR/MWh,DK1,DK_1,imbalance_price,Long,2026-09-25T14:38:37Z
2026-09-25T14:35:14Z,2026-09-25T16:35:14+0200,11a69610-5784-4b57-b1a9-c7b60bf32891,2026-09-21T23:45:00Z,2026-09-22T01:45:00+0200,110.95,EUR/MWh,DK1,DK_1,imbalance_price,Short,2026-09-25T14:38:37Z
2026-09-25T14:35:14Z,2026-09-25T16:35:14+0200,11a69610-5784-4b57-b1a9-c7b60bf32891,2026-09-22T00:00:00Z,2026-09-22T02:00:00+0200,111.28,EUR/MWh,DK1,DK_1,imbalance_price,Long,2026-09-25T14:38:37Z
2026-09-25T14:35:14Z,2026-09-25T16:35:14+0200,11a69610-5784-4b57-b1a9-c7b60bf32891,2026-09-22T00:00:00Z,2026-09-22T02:00:00+0200,111.28,EUR/MWh,DK1,DK_1,imbalance_price,Short,2026-09-25T14:38:37Z
2026-09-25T14:35:14Z,2026-09-25T16:35:14+0200,11a69610-5784-4b57-b1a9-c7b60bf32891,2026-09-22T00:15:00Z,2026-09-22T02:15:00+0200,111.28,EUR/MWh,DK1,DK_1,imbalance_price,Long,2026-09-25T14:38:37Z
2026-09-25T14:35:14Z,2026-09-25T16:35:14+0200,11a69610-5784-4b57-b1a9-c7b60bf32891,2026-09-22T00:15:00Z,2026-09-22T02:15:00+0200,111.28,EUR/MWh,DK1,DK_1,imbalance_price,Short,2026-09-25T14:38:37Z
2026-09-25T14:35:14Z,2026-09-25T16:35:14+0200,11a69610-5784-4b57-b1a9-c7b60bf32891,2026-09-22T00:30:00Z,2026-09-22T02:30:00+0200,135.35,EUR/MWh,DK1,DK_1,imbalance_price,Long,2026-09-25T14:38:37Z
2026-09-25T14:35:14Z,2026-09-25T16:35:14+0200,11a69610-5784-4b57-b1a9-c7b60bf32891,2026-09-22T00:30:00Z,2026-09-22T02:30:00+0200,135.35,EUR/MWh,DK1,DK_1,imbalance_price,Short,2026-09-25T14:38:37Z
2026-09-25T14:35:14Z,2026-09-25T16:35:14+0200,11a69610-5784-4b57-b1a9-c7b60bf32891,2026-09-22T00:45:00Z,2026-09-22T02:45:00+0200,137.5,EUR/MWh,DK1,DK_1,imbalance_price,Long,2026-09-25T14:38:37Z
2026-09-25T14:35:14Z,2026-09-25T16:35:14+0200,11a69610-5784-4b57-b1a9-c7b60bf32891,2026-09-22T00:45:00Z,2026-09-22T02:45:00+0200,137.5,EUR/MWh,DK1,DK_1,imbalance_price,Short,2026-09-25T14:38:37Z
2026-09-25T14:35:14Z,2026-09-25T16:35:14+0200,11a69610-5784-4b57-b1a9-c7b60bf32891,2026-09-22T01:00:00Z,2026-09-22T03:00:00+0200,127.7,EUR/MWh,DK1,DK_1,imbalance_price,Long,2026-09-25T14:38:37Z
2026-09-25T14:35:14Z,2026-09-25T16:35:14+0200,11a69610-5784-4b57-b1a9-c7b60bf32891,2026-09-22T01:00:00Z,2026-09-22T03:00:00+0200,127.7,EUR/MWh,DK1,DK_1,imbalance_price,Short,2026-09-25T14:38:37Z
2026-09-25T14:35:14Z,2026-09-25T16:35:14+0200,11a69610-5784-4b57-b1a9-c7b60bf32891,2026-09-22T01:15:00Z,2026-09-22T03:15:00+0200,139.63,EUR/MWh,DK1,DK_1,imbalance_price,Long,2026-09-25T14:38:37Z
2026-09-25T14:35:14Z,2026-09-25T16:35:14+0200,11a69610-5784-4b57-b1a9-c7b60bf32891,2026-09-22T01:15:00Z,2026-09-22T03:15:00+0200,139.63,EUR/MWh,DK1,DK_1,imbalance_price,Short,2026-09-25T14:38:37Z
2026-09-25T14:35:14Z,2026-09-25T16:35:14+0200,11a69610-5784-4b57-b1a9-c7b60bf32891,2026-09-22T01:30:00Z,2026-09-22T03:30:00+0200,134.72,EUR/MWh,DK1,DK_1,imbalance_price,Long,2026-09-25T14:38:37Z
2026-09-25T14:35:14Z,2026-09-25T16:35:14+0200,11a69610-5784-4b57-b1a9-c7b60bf32891,2026-09-22T01:30:00Z,2026-09-22T03:30:00+0200,134.72,EUR/MWh,DK1,DK_1,imbalance_price,Short,2026-09-25T14:38:37Z
2026-09-25T14:35:14Z,2026-09-25T16:35:14+0200,11a69610-5784-4b57-b1a9-c7b60bf32891,2026-09-22T01:45:00Z,2026-09-22T03:45:00+0200,131.0,EUR/MWh,DK1,DK_1,imbalance_price,Long,2026-09-25T14:38:37Z
2026-09-25T14:35:14Z,2026-09-25T16:35:14+0200,11a69610-5784-4b57-b1a9-c7b60bf32891,2026-09-22T01:45:00Z,2026-09-22T03:45:00+0200,131.0,EUR/MWh,DK1,DK_1,imbalance_price,Short,2026-09-25T14:38:37Z
2026-09-25T14:35:14Z,2026-09-25T16:35:14+0200,11a69610-5784-4b57-b1a9-c7b60bf32891,2026-09-22T02:00:00Z,2026-09-22T04:00:00+0200,125.92,EUR/MWh,DK1,DK_1,imbalance_price,Long,2026-09-25T14:38:37Z
2026-09-25T14:35:14Z,2026-09-25T16:35:14+0200,11a69610-5784-4b57-b1a9-c7b60bf32891,2026-09-22T02:00:00Z,2026-09-22T04:00:00+0200,125.92,EUR/MWh,DK1,DK_1,imbalance_price,Short,2026-09-25T14:38:37Z
2026-09-25T14:35:14Z,2026-09-25T16:35:14+0200,11a69610-5784-4b57-b1a9-c7b60bf32891,2026-09-22T02:15:00Z,2026-09-22T04:15:00+0200,171.45,EUR/MWh,DK1,DK_1,imbalance_price,Long,2026-09-25T14:38:37Z
2026-09-25T14:35:14Z,2026-09-25T16:35:14+0200,11a69610-5784-4b57-b1a9-c7b60bf32891,2026-09-22T02:15:00Z,2026-09-22T04:15:00+0200,171.45,EUR/MWh,DK1,DK_1,imbalance_price,Short,2026-09-25T14:38:37Z
2026-09-25T14:35:14Z,2026-09-25T16:35:14+0200,11a69610-5784-4b57-b1a9-c7b60bf32891,2026-09-22T02:30:00Z,2026-09-22T04:30:00+0200,173.38,EUR/MWh,DK1,DK_1,imbalance_price,Long,2026-09-25T14:38:37Z
2026-09-25T14:35:14Z,2026-09-25T16:35:14+0200,11a69610-5784-4b57-b1a9-c7b60bf32891,2026-09-22T02:30:00Z,2026-09-22T04:30:00+0200,173.38,EUR/MWh,DK1,DK_1,imbalance_price,Short,2026-09-25T14:38:37Z
2026-09-25T14:35:14Z,2026-09-25T16:35:14+0200,11a69610-5784-4b57-b1a9-c7b60bf32891,2026-09-22T02:45:00Z,2026-09-22T04:45:00+0200,179.77,EUR/MWh,DK1,DK_1,imbalance_price,Long,2026-09-25T14:38:37Z
2026-09-25T14:35:14Z,2026-09-25T16:35:14+0200,11a69610-5784-4b57-b1a9-c7b60bf32891,2026-09-22T02:45:00Z,2026-09-22T04:45:00+0200,179.77,EUR/MWh,DK1,DK_1,imbalance_price,Short,2026-09-25T14:38:37Z
2026-09-25T14:35:14Z,2026-09-25T16:35:14+0200,11a69610-5784-4b57-b1a9-c7b60bf32891,2026-09-22T03:00:00Z,2026-09-22T05:00:00+0200,166.92,EUR/MWh,DK1,DK_1,imbalance_price,Long,2026-09-25T14:38:37Z
2026-09-25T14:35:14Z,2026-09-25T16:35:14+0200,11a69610-5784-4b57-b1a9-c7b60bf32891,2026-09-22T03:00:00Z,2026-09-22T05:00:00+0200,166.92,EUR/MWh,DK1,DK_1,imbalance_price,Short,2026-09-25T14:38:37Z
2026-09-25T14:35:14Z,2026-09-25T16:35:14+0200,11a69610-5784-4b57-b1a9-c7b60bf32891,2026-09-22T03:15:00Z,2026-09-22T05:15:00+0200,180.35,EUR/MWh,DK1,DK_1,imbalance_price,Long,2026-09-25T14:38:37Z
2026-09-25T14:35:14Z,2026-09-25T16:35:14+0200,11a69610-5784-4b57-b1a9-c7b60bf32891,2026-09-22T03:15:00Z,2026-09-22T05:15:00+0200,180.35,EUR/MWh,DK1,DK_1,imbalance_price,Short,2026-09-25T14:38:37Z
2026-09-25T14:35:14Z,2026-09-25T16:35:14+0200,11a69610-5784-4b57-b1a9-c7b60bf32891,2026-09-22T03:30:00Z,2026-09-22T05:30:00+0200,193.07,EUR/MWh,DK1,DK_1,imbalance_price,Long,2026-09-25T14:38:37Z
2026-09-25T14:35:14Z,2026-09-25T16:35:14+0200,11a69610-5784-4b57-b1a9-c7b60bf32891,2026-09-22T03:30:00Z,2026-09-22T05:30:00+0200,193.07,EUR/MWh,DK1,DK_1,imbalance_price,Short,2026-09-25T14:38:37Z
2026-09-25T14:35:14Z,2026-09-25T16:35:14+0200,11a69610-5784-4b57-b1a9-c7b60bf32891,2026-09-22T03:45:00Z,2026-09-22T05:45:00+0200,334.5,EUR/MWh,DK1,DK_1,imbalance_price,Long,2026-09-25T14:38:37Z
2026-09-25T14:35:14Z,2026-09-25T16:35:14+0200,11a69610-5784-4b57-b1a9-c7b60bf32891,2026-09-22T03:45:00Z,2026-09-22T05:45:00+0200,334.5,EUR/MWh,DK1,DK_1,imbalance_price,Short,2026-09-25T14:38:37Z
2026-09-25T14:35:14Z,2026-09-25T16:35:14+0200,11a69610-5784-4b57-b1a9-c7b60bf32891,2026-09-22T04:00:00Z,2026-09-22T06:00:00+0200,267.6,EUR/MWh,DK1,DK_1,imbalance_price,Long,2026-09-25T14:38:37Z
2026-09-25T14:35:14Z,2026-09-25T16:35:14+0200,11a69610-5784-4b57-b1a9-c7b60bf32891,2026-09-22T04:00:00Z,2026-09-22T06:00:00+0200,267.6,EUR/MWh,DK1,DK_1,imbalance_price,Short,2026-09-25T14:38:37Z
2026-09-25T14:35:14Z,2026-09-25T16:35:14+0200,11a69610-5784-4b57-b1a9-c7b60bf32891,2026-09-22T04:15:00Z,2026-09-22T06:15:00+0200,224.8,EUR/MWh,DK1,DK_1,imbalance_price,Long,2026-09-25T14:38:37Z
2026-09-25T14:35:14Z,2026-09-25T16:35:14+0200,11a69610-5784-4b57-b1a9-c7b60bf32891,2026-09-22T04:15:00Z,2026-09-22T06:15:00+0200,224.8,EUR/MWh,DK1,DK_1,imbalance_price,Short,2026-09-25T14:38:37Z
2026-09-25T14:35:14Z,2026-09-25T16:35:14+0200,11a69610-5784-4b57-b1a9-c7b60bf32891,2026-09-22T04:30:00Z,2026-09-22T06:30:00+0200,294.36,EUR/MWh,DK1,DK_1,imbalance_price,Long,2026-09-25T14:38:37Z
2026-09-25T14:35:14Z,2026-09-25T16:35:14+0200,11a69610-5784-4b57-b1a9-c7b60bf32891,2026-09-22T04:30:00Z,2026-09-22T06:30:00+0200,294.36,EUR/MWh,DK1,DK_1,imbalance_price,Short,2026-09-25T14:38:37Z
2026-09-25T14:35:14Z,2026-09-25T16:35:14+0200,11a69610-5784-4b57-b1a9-c7b60bf32891,2026-09-22T04:45:00Z,2026-09-22T06:45:00+0200,278.31,EUR/MWh,DK1,DK_1,imbalance_price,Long,2026-09-25T14:38:37Z
2026-09-25T14:35:14Z,2026-09-25T16:35:14+0200,11a69610-5784-4b57-b1a9-c7b60bf32891,2026-09-22T04:45:00Z,2026-09-22T06:45:00+0200,278.31,EUR/MWh,DK1,DK_1,imbalance_price,Short,2026-09-25T14:38:37Z
2026-09-25T14:35:14Z,2026-09-25T16:35:14+0200,11a69610-5784-4b57-b1a9-c7b60bf32891,2026-09-22T05:00:00Z,2026-09-22T07:00:00+0200,292.46,EUR/MWh,DK1,DK_1,imbalance_price,Long,2026-09-25T14:38:37Z
2026-09-25T14:35:14Z,2026-09-25T16:35:14+0200,11a69610-5784-4b57-b1a9-c7b60bf32891,2026-09-22T05:00:00Z,2026-09-22T07:00:00+0200,292.46,EUR/MWh,DK1,DK_1,imbalance_price,Short,2026-09-25T14:38:37Z
2026-09-25T14:35:14Z,2026-09-25T16:35:14+0200,11a69610-5784-4b57-b1a9-c7b60bf32891,2026-09-22T05:15:00Z,2026-09-22T07:15:00+0200,202.86,EUR/MWh,DK1,DK_1,imbalance_price,Long,2026-09-25T14:38:37Z
2026-09-25T14:35:14Z,2026-09-25T16:35:14+0200,11a69610-5784-4b57-b1a9-c7b60bf32891,2026-09-22T05:15:00Z,2026-09-22T07:15:00+0200,202.86,EUR/MWh,DK1,DK_1,imbalance_price,Short,2026-09-25T14:38:37Z
2026-09-25T14:35:14Z,2026-09-25T16:35:14+0200,11a69610-5784-4b57-b1a9-c7b60bf32891,2026-09-22T05:30:00Z,2026-09-22T07:30:00+0200,295.67,EUR/MWh,DK1,DK_1,imbalance_price,Long,2026-09-25T14:38:37Z
2026-09-25T14:35:14Z,2026-09-25T16:35:14+0200,11a69610-5784-4b57-b1a9-c7b60bf32891,2026-09-22T05:30:00Z,2026-09-22T07:30:00+0200,295.67,EUR/MWh,DK1,DK_1,imbalance_price,Short,2026-09-25T14:38:37Z
2026-09-25T14:35:14Z,2026-09-25T16:35:14+0200,11a69610-5784-4b57-b1a9-c7b60bf32891,2026-09-22T05:45:00Z,2026-09-22T07:45:00+0200,277.77,EUR/MWh,DK1,DK_1,imbalance_price,Long,2026-09-25T14:38:37Z
2026-09-25T14:35:14Z,2026-09-25T16:35:14+0200,11a69610-5784-4b57-b1a9-c7b60bf32891,2026-09-22T05:45:00Z,2026-09-22T07:45:00+0200,277.77,EUR/MWh,DK1,DK_1,imbalance_price,Short,2026-09-25T14:38:37Z
2026-09-25T14:35:14Z,2026-09-25T16:35:14+0200,11a69610-5784-4b57-b1a9-c7b60bf32891,2026-09-22T06:00:00Z,2026-09-22T08:00:00+0200,297.64,EUR/MWh,DK1,DK_1,imbalance_price,Long,2026-09-25T14:38:37Z
2026-09-25T14:35:14Z,2026-09-25T16:35:14+0200,11a69610-5784-4b57-b1a9-c7b60bf32891,2026-09-22T06:00:00Z,2026-09-22T08:00:00+0200,297.64,EUR/MWh,DK1,DK_1,imbalance_price,Short,2026-09-25T14:38:37Z
2026-09-25T14:35:14Z,2026-09-25T16:35:14+0200,11a69610-5784-4b57-b1a9-c7b60bf32891,2026-09-22T06:15:00Z,2026-09-22T08:15:00+0200,268.06,EUR/MWh,DK1,DK_1,imbalance_price,Long,2026-09-25T14:38:37Z
2026-09-25T14:35:14Z,2026-09-25T16:35:14+0200,11a69610-5784-4b57-b1a9-c7b60bf32891,2026-09-22T06:15:00Z,2026-09-22T08:15:00+0200,268.06,EUR/MWh,DK1,DK_1,imbalance_price,Short,2026-09-25T14:38:37Z
2026-09-25T14:35:14Z,2026-09-25T16:35:14+0200,11a69610-5784-4b57-b1a9-c7b60bf32891,2026-09-22T06:30:00Z,2026-09-22T08:30:00+0200,151.09,EUR/MWh,DK1,DK_1,imbalance_price,Long,2026-09-25T14:38:37Z
2026-09-25T14:35:14Z,2026-09-25T16:35:14+0200,11a69610-5784-4b57-b1a9-c7b60bf32891,2026-09-22T06:30:00Z,2026-09-22T08:30:00+0200,151.09,EUR/MWh,DK1,DK_1,imbalance_price,Short,2026-09-25T14:38:37Z
2026-09-25T14:35:14Z,2026-09-25T16:35:14+0200,11a69610-5784-4b57-b1a9-c7b60bf32891,2026-09-22T06:45:00Z,2026-09-22T08:45:00+0200,204.98,EUR/MWh,DK1,DK_1,imbalance_price,Long,2026-09-25T14:38:37Z
2026-09-25T14:35:14Z,2026-09-25T16:35:14+0200,11a69610-5784-4b57-b1a9-c7b60bf32891,2026-09-22T06:45:00Z,2026-09-22T08:45:00+0200,204.98,EUR/MWh,DK1,DK_1,imbalance_price,Short,2026-09-25T14:38:37Z
2026-09-25T14:35:14Z,2026-09-25T16:35:14+0200,11a69610-5784-4b57-b1a9-c7b60bf32891,2026-09-22T07:00:00Z,2026-09-22T09:00:00+0200,111.54,EUR/MWh,DK1,DK_1,imbalance_price,Long,2026-09-25T14:38:37Z
2026-09-25T14:35:14Z,2026-09-25T16:35:14+0200,11a69610-5784-4b57-b1a9-c7b60bf32891,2026-09-22T07:00:00Z,2026-09-22T09:00:00+0200,111.54,EUR/MWh,DK1,DK_1,imbalance_price,Short,2026-09-25T14:38:37Z
2026-09-25T14:35:14Z,2026-09-25T16:35:14+0200,11a69610-5784-4b57-b1a9-c7b60bf32891,2026-09-22T07:15:00Z,2026-09-22T09:15:00+0200,217.56,EUR/MWh,DK1,DK_1,imbalance_price,Long,2026-09-25T14:38:37Z
2026-09-25T14:35:14Z,2026-09-25T16:35:14+0200,11a69610-5784-4b57-b1a9-c7b60bf32891,2026-09-22T07:15:00Z,2026-09-22T09:15:00+0200,217.56,EUR/MWh,DK1,DK_1,imbalance_price,Short,2026-09-25T14:38:37Z
2026-09-25T14:35:14Z,2026-09-25T16:35:14+0200,11a69610-5784-4b57-b1a9-c7b60bf32891,2026-09-22T07:30:00Z,2026-09-22T09:30:00+0200,254.96,EUR/MWh,DK1,DK_1,imbalance_price,Long,2026-09-25T14:38:37Z
2026-09-25T14:35:14Z,2026-09-25T16:35:14+0200,11a69610-5784-4b57-b1a9-c7b60bf32891,2026-09-22T07:30:00Z,2026-09-22T09:30:00+0200,254.96,EUR/MWh,DK1,DK_1,imbalance_price,Short,2026-09-25T14:38:37Z
2026-09-25T14:35:14Z,2026-09-25T16:35:14+0200,11a69610-5784-4b57-b1a9-c7b60bf32891,2026-09-22T07:45:00Z,2026-09-22T09:45:00+0200,187.32,EUR/MWh,DK1,DK_1,imbalance_price,Long,2026-09-25T14:38:37Z
2026-09-25T14:35:14Z,2026-09-25T16:35:14+0200,11a69610-5784-4b57-b1a9-c7b60bf32891,2026-09-22T07:45:00Z,2026-09-22T09:45:00+0200,187.32,EUR/MWh,DK1,DK_1,imbalance_price,Short,2026-09-25T14:38:37Z
2026-09-25T14:35:14Z,2026-09-25T16:35:14+0200,11a69610-5784-4b57-b1a9-c7b60bf32891,2026-09-22T08:00:00Z,2026-09-22T10:00:00+0200,530.59,EUR/MWh,DK1,DK_1,imbalance_price,Long,2026-09-25T14:38:37Z
2026-09-25T14:35:14Z,2026-09-25T16:35:14+0200,11a69610-5784-4b57-b1a9-c7b60bf32891,2026-09-22T08:00:00Z,2026-09-22T10:00:00+0200,530.59,EUR/MWh,DK1,DK_1,imbalance_price,Short,2026-09-25T14:38:37Z
2026-09-25T14:35:14Z,2026-09-25T16:35:14+0200,11a69610-5784-4b57-b1a9-c7b60bf32891,2026-09-22T08:15:00Z,2026-09-22T10:15:00+0200,112.25,EUR/MWh,DK1,DK_1,imbalance_price,Long,2026-09-25T14:38:37Z
2026-09-25T14:35:14Z,2026-09-25T16:35:14+0200,11a69610-5784-4b57-b1a9-c7b60bf32891,2026-09-22T08:15:00Z,2026-09-22T10:15:00+0200,112.25,EUR/MWh,DK1,DK_1,imbalance_price,Short,2026-09-25T14:38:37Z
2026-09-25T14:35:14Z,2026-09-25T16:35:14+0200,11a69610-5784-4b57-b1a9-c7b60bf32891,2026-09-22T08:30:00Z,2026-09-22T10:30:00+0200,111.3,EUR/MWh,DK1,DK_1,imbalance_price,Long,2026-09-25T14:38:37Z
2026-09-25T14:35:14Z,2026-09-25T16:35:14+0200,11a69610-5784-4b57-b1a9-c7b60bf32891,2026-09-22T08:30:00Z,2026-09-22T10:30:00+0200,111.3,EUR/MWh,DK1,DK_1,imbalance_price,Short,2026-09-25T14:38:37Z
2026-09-25T14:35:14Z,2026-09-25T16:35:14+0200,11a69610-5784-4b57-b1a9-c7b60bf32891,2026-09-22T08:45:00Z,2026-09-22T10:45:00+0200,111.28,EUR/MWh,DK1,DK_1,imbalance_price,Long,2026-09-25T14:38:37Z
2026-09-25T14:35:14Z,2026-09-25T16:35:14+0200,11a69610-5784-4b57-b1a9-c7b60bf32891,2026-09-22T08:45:00Z,2026-09-22T10:45:00+0200,111.28,EUR/MWh,DK1,DK_1,imbalance_price,Short,2026-09-25T14:38:37Z
2026-09-25T14:35:14Z,2026-09-25T16:35:14+0200,11a69610-5784-4b57-b1a9-c7b60bf32891,2026-09-22T09:00:00Z,2026-09-22T11:00:00+0200,307.68,EUR/MWh,DK1,DK_1,imbalance_price,Long,2026-09-25T14:38:37Z
2026-09-25T14:35:14Z,2026-09-25T16:35:14+0200,11a69610-5784-4b57-b1a9-c7b60bf32891,2026-09-22T09:00:00Z,2026-09-22T11:00:00+0200,307.68,EUR/MWh,DK1,DK_1,imbalance_price,Short,2026-09-25T14:38:37Z
2026-09-25T14:35:14Z,2026-09-25T16:35:14+0200,11a69610-5784-4b57-b1a9-c7b60bf32891,2026-09-22T09:15:00Z,2026-09-22T11:15:00+0200,802.66,EUR/MWh,DK1,DK_1,imbalance_price,Long,2026-09-25T14:38:37Z
2026-09-25T14:35:14Z,2026-09-25T16:35:14+0200,11a69610-5784-4b57-b1a9-c7b60bf32891,2026-09-22T09:15:00Z,2026-09-22T11:15:00+0200,802.66,EUR/MWh,DK1,DK_1,imbalance_price,Short,2026-09-25T14:38:37Z
2026-09-25T14:35:14Z,2026-09-25T16:35:14+0200,11a69610-5784-4b57-b1a9-c7b60bf32891,2026-09-22T09:30:00Z,2026-09-22T11:30:00+0200,166.35,EUR/MWh,DK1,DK_1,imbalance_price,Long,2026-09-25T14:38:37Z
2026-09-25T14:35:14Z,2026-09-25T16:35:14+0200,11a69610-5784-4b57-b1a9-c7b60bf32891,2026-09-22T09:30:00Z,2026-09-22T11:30:00+0200,166.35,EUR/MWh,DK1,DK_1,imbalance_price,Short,2026-09-25T14:38:37Z
2026-09-25T14:35:14Z,2026-09-25T16:35:14+0200,11a69610-5784-4b57-b1a9-c7b60bf32891,2026-09-22T09:45:00Z,2026-09-22T11:45:00+0200,137.48,EUR/MWh,DK1,DK_1,imbalance_price,Long,2026-09-25T14:38:37Z
2026-09-25T14:35:14Z,2026-09-25T16:35:14+0200,11a69610-5784-4b57-b1a9-c7b60bf32891,2026-09-22T09:45:00Z,2026-09-22T11:45:00+0200,137.48,EUR/MWh,DK1,DK_1,imbalance_price,Short,2026-09-25T14:38:37Z
2026-09-25T14:35:14Z,2026-09-25T16:35:14+0200,11a69610-5784-4b57-b1a9-c7b60bf32891,2026-09-22T10:00:00Z,2026-09-22T12:00:00+0200,93.39,EUR/MWh,DK1,DK_1,imbalance_price,Long,2026-09-25T14:38:37Z
2026-09-25T14:35:14Z,2026-09-25T16:35:14+0200,11a69610-5784-4b57-b1a9-c7b60bf32891,2026-09-22T10:00:00Z,2026-09-22T12:00:00+0200,93.39,EUR/MWh,DK1,DK_1,imbalance_price,Short,2026-09-25T14:38:37Z
2026-09-25T14:35:14Z,2026-09-25T16:35:14+0200,11a69610-5784-4b57-b1a9-c7b60bf32891,2026-09-22T10:15:00Z,2026-09-22T12:15:00+0200,52.5,EUR/MWh,DK1,DK_1,imbalance_price,Long,2026-09-25T14:38:37Z
2026-09-25T14:35:14Z,2026-09-25T16:35:14+0200,11a69610-5784-4b57-b1a9-c7b60bf32891,2026-09-22T10:15:00Z,2026-09-22T12:15:00+0200,52.5,EUR/MWh,DK1,DK_1,imbalance_price,Short,2026-09-25T14:38:37Z
2026-09-25T14:35:14Z,2026-09-25T16:35:14+0200,11a69610-5784-4b57-b1a9-c7b60bf32891,2026-09-22T10:30:00Z,2026-09-22T12:30:00+0200,86.7,EUR/MWh,DK1,DK_1,imbalance_price,Long,2026-09-25T14:38:37Z
2026-09-25T14:35:14Z,2026-09-25T16:35:14+0200,11a69610-5784-4b57-b1a9-c7b60bf32891,2026-09-22T10:30:00Z,2026-09-22T12:30:00+0200,86.7,EUR/MWh,DK1,DK_1,imbalance_price,Short,2026-09-25T14:38:37Z
2026-09-25T14:35:14Z,2026-09-25T16:35:14+0200,11a69610-5784-4b57-b1a9-c7b60bf32891,2026-09-22T10:45:00Z,2026-09-22T12:45:00+0200,69.01,EUR/MWh,DK1,DK_1,imbalance_price,Long,2026-09-25T14:38:37Z
2026-09-25T14:35:14Z,2026-09-25T16:35:14+0200,11a69610-5784-4b57-b1a9-c7b60bf32891,2026-09-22T10:45:00Z,2026-09-22T12:45:00+0200,69.01,EUR/MWh,DK1,DK_1,imbalance_price,Short,2026-09-25T14:38:37Z
2026-09-25T14:35:14Z,2026-09-25T16:35:14+0200,11a69610-5784-4b57-b1a9-c7b60bf32891,2026-09-22T11:00:00Z,2026-09-22T13:00:00+0200,123.89,EUR/MWh,DK1,DK_1,imbalance_price,Long,2026-09-25T14:38:37Z
2026-09-25T14:35:14Z,2026-09-25T16:35:14+0200,11a69610-5784-4b57-b1a9-c7b60bf32891,2026-09-22T11:00:00Z,2026-09-22T13:00:00+0200,123.89,EUR/MWh,DK1,DK_1,imbalance_price,Short,2026-09-25T14:38:37Z
2026-09-25T14:35:14Z,2026-09-25T16:35:14+0200,11a69610-5784-4b57-b1a9-c7b60bf32891,2026-09-22T11:15:00Z,2026-09-22T13:15:00+0200,121.57,EUR/MWh,DK1,DK_1,imbalance_price,Long,2026-09-25T14:38:37Z
2026-09-25T14:35:14Z,2026-09-25T16:35:14+0200,11a69610-5784-4b57-b1a9-c7b60bf32891,2026-09-22T11:15:00Z,2026-09-22T13:15:00+0200,121.57,EUR/MWh,DK1,DK_1,imbalance_price,Short,2026-09-25T14:38:37Z
2026-09-25T14:35:14Z,2026-09-25T16:35:14+0200,11a69610-5784-4b57-b1a9-c7b60bf32891,2026-09-22T11:30:00Z,2026-09-22T13:30:00+0200,120.29,EUR/MWh,DK1,DK_1,imbalance_price,Long,2026-09-25T14:38:37Z
2026-09-25T14:35:14Z,2026-09-25T16:35:14+0200,11a69610-5784-4b57-b1a9-c7b60bf32891,2026-09-22T11:30:00Z,2026-09-22T13:30:00+0200,120.29,EUR/MWh,DK1,DK_1,imbalance_price,Short,2026-09-25T14:38:37Z
2026-09-25T14:35:14Z,2026-09-25T16:35:14+0200,11a69610-5784-4b57-b1a9-c7b60bf32891,2026-09-22T11:45:00Z,2026-09-22T13:45:00+0200,118.04,EUR/MWh,DK1,DK_1,imbalance_price,Long,2026-09-25T14:38:37Z
2026-09-25T14:35:14Z,2026-09-25T16:35:14+0200,11a69610-5784-4b57-b1a9-c7b60bf32891,2026-09-22T11:45:00Z,2026-09-22T13:45:00+0200,118.04,EUR/MWh,DK1,DK_1,imbalance_price,Short,2026-09-25T14:38:37Z
2026-09-25T14:35:14Z,2026-09-25T16:35:14+0200,11a69610-5784-4b57-b1a9-c7b60bf32891,2026-09-22T12:00:00Z,2026-09-22T14:00:00+0200,122.41,EUR/MWh,DK1,DK_1,imbalance_price,Long,2026-09-25T14:38:37Z
2026-09-25T14:35:14Z,2026-09-25T16:35:14+0200,11a69610-5784-4b57-b1a9-c7b60bf32891,2026-09-22T12:00:00Z,2026-09-22T14:00:00+0200,122.41,EUR/MWh,DK1,DK_1,imbalance_price,Short,2026-09-25T14:38:37Z
2026-09-25T14:35:14Z,2026-09-25T16:35:14+0200,11a69610-5784-4b57-b1a9-c7b60bf32891,2026-09-22T12:15:00Z,2026-09-22T14:15:00+0200,183.52,EUR/MWh,DK1,DK_1,imbalance_price,Long,2026-09-25T14:38:37Z
2026-09-25T14:35:14Z,2026-09-25T16:35:14+0200,11a69610-5784-4b57-b1a9-c7b60bf32891,2026-09-22T12:15:00Z,2026-09-22T14:15:00+0200,183.52,EUR/MWh,DK1,DK_1,imbalance_price,Short,2026-09-25T14:38:37Z
2026-09-25T14:35:14Z,2026-09-25T16:35:14+0200,11a69610-5784-4b57-b1a9-c7b60bf32891,2026-09-22T12:30:00Z,2026-09-22T14:30:00+0200,122.76,EUR/MWh,DK1,DK_1,imbalance_price,Long,2026-09-25T14:38:37Z
2026-09-25T14:35:14Z,2026-09-25T16:35:14+0200,11a69610-5784-4b57-b1a9-c7b60bf32891,2026-09-22T12:30:00Z,2026-09-22T14:30:00+0200,122.76,EUR/MWh,DK1,DK_1,imbalance_price,Short,2026-09-25T14:38:37Z
2026-09-25T14:35:14Z,2026-09-25T16:35:14+0200,11a69610-5784-4b57-b1a9-c7b60bf32891,2026-09-22T12:45:00Z,2026-09-22T14:45:00+0200,112.06,EUR/MWh,DK1,DK_1,imbalance_price,Long,2026-09-25T14:38:37Z
2026-09-25T14:35:14Z,2026-09-25T16:35:14+0200,11a69610-5784-4b57-b1a9-c7b60bf32891,2026-09-22T12:45:00Z,2026-09-22T14:45:00+0200,112.06,EUR/MWh,DK1,DK_1,imbalance_price,Short,2026-09-25T14:38:37Z
2026-09-25T14:35:14Z,2026-09-25T16:35:14+0200,11a69610-5784-4b57-b1a9-c7b60bf32891,2026-09-22T13:00:00Z,2026-09-22T15:00:00+0200,127.34,EUR/MWh,DK1,DK_1,imbalance_price,Long,2026-09-25T14:38:37Z
2026-09-25T14:35:14Z,2026-09-25T16:35:14+0200,11a69610-5784-4b57-b1a9-c7b60bf32891,2026-09-22T13:00:00Z,2026-09-22T15:00:00+0200,127.34,EUR/MWh,DK1,DK_1,imbalance_price,Short,2026-09-25T14:38:37Z
2026-09-25T14:35:14Z,2026-09-25T16:35:14+0200,11a69610-5784-4b57-b1a9-c7b60bf32891,2026-09-22T13:15:00Z,2026-09-22T15:15:00+0200,16.19,EUR/MWh,DK1,DK_1,imbalance_price,Long,2026-09-25T14:38:37Z
2026-09-25T14:35:14Z,2026-09-25T16:35:14+0200,11a69610-5784-4b57-b1a9-c7b60bf32891,2026-09-22T13:15:00Z,2026-09-22T15:15:00+0200,16.19,EUR/MWh,DK1,DK_1,imbalance_price,Short,2026-09-25T14:38:37Z
2026-09-25T14:35:14Z,2026-09-25T16:35:14+0200,11a69610-5784-4b57-b1a9-c7b60bf32891,2026-09-22T13:30:00Z,2026-09-22T15:30:00+0200,138.52,EUR/MWh,DK1,DK_1,imbalance_price,Long,2026-09-25T14:38:37Z
2026-09-25T14:35:14Z,2026-09-25T16:35:14+0200,11a69610-5784-4b57-b1a9-c7b60bf32891,2026-09-22T13:30:00Z,2026-09-22T15:30:00+0200,138.52,EUR/MWh,DK1,DK_1,imbalance_price,Short,2026-09-25T14:38:37Z
2026-09-25T14:35:14Z,2026-09-25T16:35:14+0200,11a69610-5784-4b57-b1a9-c7b60bf32891,2026-09-22T13:45:00Z,2026-09-22T15:45:00+0200,-6.7,EUR/MWh,DK1,DK_1,imbalance_price,Long,2026-09-25T14:38:37Z
2026-09-25T14:35:14Z,2026-09-25T16:35:14+0200,11a69610-5784-4b57-b1a9-c7b60bf32891,2026-09-22T13:45:00Z,2026-09-22T15:45:00+0200,-6.7,EUR/MWh,DK1,DK_1,imbalance_price,Short,2026-09-25T14:38:37Z
2026-09-25T14:35:14Z,2026-09-25T16:35:14+0200,11a69610-5784-4b57-b1a9-c7b60bf32891,2026-09-22T14:00:00Z,2026-09-22T16:00:00+0200,42.95,EUR/MWh,DK1,DK_1,imbalance_price,Long,2026-09-25T14:38:37Z
2026-09-25T14:35:14Z,2026-09-25T16:35:14+0200,11a69610-5784-4b57-b1a9-c7b60bf32891,2026-09-22T14:00:00Z,2026-09-22T16:00:00+0200,42.95,EUR/MWh,DK1,DK_1,imbalance_price,Short,2026-09-25T14:38:37Z
2026-09-25T14:35:14Z,2026-09-25T16:35:14+0200,11a69610-5784-4b57-b1a9-c7b60bf32891,2026-09-22T14:15:00Z,2026-09-22T16:15:00+0200,13.99,EUR/MWh,DK1,DK_1,imbalance_price,Long,2026-09-25T14:38:37Z
2026-09-25T14:35:14Z,2026-09-25T16:35:14+0200,11a69610-5784-4b57-b1a9-c7b60bf32891,2026-09-22T14:15:00Z,2026-09-22T16:15:00+0200,13.99,EUR/MWh,DK1,DK_1,imbalance_price,Short,2026-09-25T14:38:37Z
2026-09-25T14:35:14Z,2026-09-25T16:35:14+0200,11a69610-5784-4b57-b1a9-c7b60bf32891,2026-09-22T14:30:00Z,2026-09-22T16:30:00+0200,48.62,EUR/MWh,DK1,DK_1,imbalance_price,Long,2026-09-25T14:38:37Z
2026-09-25T14:35:14Z,2026-09-25T16:35:14+0200,11a69610-5784-4b57-b1a9-c7b60bf32891,2026-09-22T14:30:00Z,2026-09-22T16:30:00+0200,48.62,EUR/MWh,DK1,DK_1,imbalance_price,Short,2026-09-25T14:38:37Z
2026-09-25T14:35:14Z,2026-09-25T16:35:14+0200,11a69610-5784-4b57-b1a9-c7b60bf32891,2026-09-22T14:45:00Z,2026-09-22T16:45:00+0200,71.67,EUR/MWh,DK1,DK_1,imbalance_price,Long,2026-09-25T14:38:37Z
2026-09-25T14:35:14Z,2026-09-25T16:35:14+0200,11a69610-5784-4b57-b1a9-c7b60bf32891,2026-09-22T14:45:00Z,2026-09-22T16:45:00+0200,71.67,EUR/MWh,DK1,DK_1,imbalance_price,Short,2026-09-25T14:38:37Z
2026-09-25T14:35:14Z,2026-09-25T16:35:14+0200,11a69610-5784-4b57-b1a9-c7b60bf32891,2026-09-22T15:00:00Z,2026-09-22T17:00:00+0200,115.55,EUR/MWh,DK1,DK_1,imbalance_price,Long,2026-09-25T14:38:37Z
2026-09-25T14:35:14Z,2026-09-25T16:35:14+0200,11a69610-5784-4b57-b1a9-c7b60bf32891,2026-09-22T15:00:00Z,2026-09-22T17:00:00+0200,115.55,EUR/MWh,DK1,DK_1,imbalance_price,Short,2026-09-25T14:38:37Z
2026-09-25T14:35:14Z,2026-09-25T16:35:14+0200,11a69610-5784-4b57-b1a9-c7b60bf32891,2026-09-22T15:15:00Z,2026-09-22T17:15:00+0200,165.3,EUR/MWh,DK1,DK_1,imbalance_price,Long,2026-09-25T14:38:37Z
2026-09-25T14:35:14Z,2026-09-25T16:35:14+0200,11a69610-5784-4b57-b1a9-c7b60bf32891,2026-09-22T15:15:00Z,2026-09-22T17:15:00+0200,165.3,EUR/MWh,DK1,DK_1,imbalance_price,Short,2026-09-25T14:38:37Z
2026-09-25T14:35:14Z,2026-09-25T16:35:14+0200,11a69610-5784-4b57-b1a9-c7b60bf32891,2026-09-22T15:30:00Z,2026-09-22T17:30:00+0200,168.1,EUR/MWh,DK1,DK_1,imbalance_price,Long,2026-09-25T14:38:37Z
2026-09-25T14:35:14Z,2026-09-25T16:35:14+0200,11a69610-5784-4b57-b1a9-c7b60bf32891,2026-09-22T15:30:00Z,2026-09-22T17:30:00+0200,168.1,EUR/MWh,DK1,DK_1,imbalance_price,Short,2026-09-25T14:38:37Z
2026-09-25T14:35:14Z,2026-09-25T16:35:14+0200,11a69610-5784-4b57-b1a9-c7b60bf32891,2026-09-22T15:45:00Z,2026-09-22T17:45:00+0200,168.4,EUR/MWh,DK1,DK_1,imbalance_price,Long,2026-09-25T14:38:37Z
2026-09-25T14:35:14Z,2026-09-25T16:35:14+0200,11a69610-5784-4b57-b1a9-c7b60bf32891,2026-09-22T15:45:00Z,2026-09-22T17:45:00+0200,168.4,EUR/MWh,DK1,DK_1,imbalance_price,Short,2026-09-25T14:38:37Z
2026-09-25T14:35:14Z,2026-09-25T16:35:14+0200,11a69610-5784-4b57-b1a9-c7b60bf32891,2026-09-22T16:00:00Z,2026-09-22T18:00:00+0200,139.25,EUR/MWh,DK1,DK_1,imbalance_price,Long,2026-09-25T14:38:37Z
2026-09-25T14:35:14Z,2026-09-25T16:35:14+0200,11a69610-5784-4b57-b1a9-c7b60bf32891,2026-09-22T16:00:00Z,2026-09-22T18:00:00+0200,139.25,EUR/MWh,DK1,DK_1,imbalance_price,Short,2026-09-25T14:38:37Z
2026-09-25T14:35:14Z,2026-09-25T16:35:14+0200,11a69610-5784-4b57-b1a9-c7b60bf32891,2026-09-22T16:15:00Z,2026-09-22T18:15:00+0200,321.77,EUR/MWh,DK1,DK_1,imbalance_price,Long,2026-09-25T14:38:37Z
2026-09-25T14:35:14Z,2026-09-25T16:35:14+0200,11a69610-5784-4b57-b1a9-c7b60bf32891,2026-09-22T16:15:00Z,2026-09-22T18:15:00+0200,321.77,EUR/MWh,DK1,DK_1,imbalance_price,Short,2026-09-25T14:38:37Z
2026-09-25T14:35:14Z,2026-09-25T16:35:14+0200,11a69610-5784-4b57-b1a9-c7b60bf32891,2026-09-22T16:30:00Z,2026-09-22T18:30:00+0200,167.5,EUR/MWh,DK1,DK_1,imbalance_price,Long,2026-09-25T14:38:37Z
2026-09-25T14:35:14Z,2026-09-25T16:35:14+0200,11a69610-5784-4b57-b1a9-c7b60bf32891,2026-09-22T16:30:00Z,2026-09-22T18:30:00+0200,167.5,EUR/MWh,DK1,DK_1,imbalance_price,Short,2026-09-25T14:38:37Z
2026-09-25T14:35:14Z,2026-09-25T16:35:14+0200,11a69610-5784-4b57-b1a9-c7b60bf32891,2026-09-22T16:45:00Z,2026-09-22T18:45:00+0200,519.64,EUR/MWh,DK1,DK_1,imbalance_price,Long,2026-09-25T14:38:37Z
2026-09-25T14:35:14Z,2026-09-25T16:35:14+0200,11a69610-5784-4b57-b1a9-c7b60bf32891,2026-09-22T16:45:00Z,2026-09-22T18:45:00+0200,519.64,EUR/MWh,DK1,DK_1,imbalance_price,Short,2026-09-25T14:38:37Z
2026-09-25T14:35:14Z,2026-09-25T16:35:14+0200,11a69610-5784-4b57-b1a9-c7b60bf32891,2026-09-22T17:00:00Z,2026-09-22T19:00:00+0200,577.12,EUR/MWh,DK1,DK_1,imbalance_price,Long,2026-09-25T14:38:37Z
2026-09-25T14:35:14Z,2026-09-25T16:35:14+0200,11a69610-5784-4b57-b1a9-c7b60bf32891,2026-09-22T17:00:00Z,2026-09-22T19:00:00+0200,577.12,EUR/MWh,DK1,DK_1,imbalance_price,Short,2026-09-25T14:38:37Z
2026-09-25T14:35:14Z,2026-09-25T16:35:14+0200,11a69610-5784-4b57-b1a9-c7b60bf32891,2026-09-22T17:15:00Z,2026-09-22T19:15:00+0200,663.51,EUR/MWh,DK1,DK_1,imbalance_price,Long,2026-09-25T14:38:37Z
2026-09-25T14:35:14Z,2026-09-25T16:35:14+0200,11a69610-5784-4b57-b1a9-c7b60bf32891,2026-09-22T17:15:00Z,2026-09-22T19:15:00+0200,663.51,EUR/MWh,DK1,DK_1,imbalance_price,Short,2026-09-25T14:38:37Z
2026-09-25T14:35:14Z,2026-09-25T16:35:14+0200,11a69610-5784-4b57-b1a9-c7b60bf32891,2026-09-22T17:30:00Z,2026-09-22T19:30:00+0200,155.0,EUR/MWh,DK1,DK_1,imbalance_price,Long,2026-09-25T14:38:37Z
2026-09-25T14:35:14Z,2026-09-25T16:35:14+0200,11a69610-5784-4b57-b1a9-c7b60bf32891,2026-09-22T17:30:00Z,2026-09-22T19:30:00+0200,155.0,EUR/MWh,DK1,DK_1,imbalance_price,Short,2026-09-25T14:38:37Z
2026-09-25T14:35:14Z,2026-09-25T16:35:14+0200,11a69610-5784-4b57-b1a9-c7b60bf32891,2026-09-22T17:45:00Z,2026-09-22T19:45:00+0200,155.5,EUR/MWh,DK1,DK_1,imbalance_price,Long,2026-09-25T14:38:37Z
2026-09-25T14:35:14Z,2026-09-25T16:35:14+0200,11a69610-5784-4b57-b1a9-c7b60bf32891,2026-09-22T17:45:00Z,2026-09-22T19:45:00+0200,155.5,EUR/MWh,DK1,DK_1,imbalance_price,Short,2026-09-25T14:38:37Z
2026-09-25T14:35:14Z,2026-09-25T16:35:14+0200,11a69610-5784-4b57-b1a9-c7b60bf32891,2026-09-22T18:00:00Z,2026-09-22T20:00:00+0200,553.85,EUR/MWh,DK1,DK_1,imbalance_price,Long,2026-09-25T14:38:37Z
2026-09-25T14:35:14Z,2026-09-25T16:35:14+0200,11a69610-5784-4b57-b1a9-c7b60bf32891,2026-09-22T18:00:00Z,2026-09-22T20:00:00+0200,553.85,EUR/MWh,DK1,DK_1,imbalance_price,Short,2026-09-25T14:38:37Z
2026-09-25T14:35:14Z,2026-09-25T16:35:14+0200,11a69610-5784-4b57-b1a9-c7b60bf32891,2026-09-22T18:15:00Z,2026-09-22T20:15:00+0200,202.02,EUR/MWh,DK1,DK_1,imbalance_price,Long,2026-09-25T14:38:37Z
2026-09-25T14:35:14Z,2026-09-25T16:35:14+0200,11a69610-5784-4b57-b1a9-c7b60bf32891,2026-09-22T18:15:00Z,2026-09-22T20:15:00+0200,202.02,EUR/MWh,DK1,DK_1,imbalance_price,Short,2026-09-25T14:38:37Z
2026-09-25T14:35:14Z,2026-09-25T16:35:14+0200,11a69610-5784-4b57-b1a9-c7b60bf32891,2026-09-22T18:30:00Z,2026-09-22T20:30:00+0200,167.46,EUR/MWh,DK1,DK_1,imbalance_price,Long,2026-09-25T14:38:37Z
2026-09-25T14:35:14Z,2026-09-25T16:35:14+0200,11a69610-5784-4b57-b1a9-c7b60bf32891,2026-09-22T18:30:00Z,2026-09-22T20:30:00+0200,167.46,EUR/MWh,DK1,DK_1,imbalance_price,Short,2026-09-25T14:38:37Z
2026-09-25T14:35:14Z,2026-09-25T16:35:14+0200,11a69610-5784-4b57-b1a9-c7b60bf32891,2026-09-22T18:45:00Z,2026-09-22T20:45:00+0200,169.35,EUR/MWh,DK1,DK_1,imbalance_price,Long,2026-09-25T14:38:37Z
2026-09-25T14:35:14Z,2026-09-25T16:35:14+0200,11a69610-5784-4b57-b1a9-c7b60bf32891,2026-09-22T18:45:00Z,2026-09-22T20:45:00+0200,169.35,EUR/MWh,DK1,DK_1,imbalance_price,Short,2026-09-25T14:38:37Z
2026-09-25T14:35:14Z,2026-09-25T16:35:14+0200,11a69610-5784-4b57-b1a9-c7b60bf32891,2026-09-22T19:00:00Z,2026-09-22T21:00:00+0200,206.49,EUR/MWh,DK1,DK_1,imbalance_price,Long,2026-09-25T14:38:37Z
2026-09-25T14:35:14Z,2026-09-25T16:35:14+0200,11a69610-5784-4b57-b1a9-c7b60bf32891,2026-09-22T19:00:00Z,2026-09-22T21:00:00+0200,206.49,EUR/MWh,DK1,DK_1,imbalance_price,Short,2026-09-25T14:38:37Z
2026-09-25T14:35:14Z,2026-09-25T16:35:14+0200,11a69610-5784-4b57-b1a9-c7b60bf32891,2026-09-22T19:15:00Z,2026-09-22T21:15:00+0200,173.26,EUR/MWh,DK1,DK_1,imbalance_price,Long,2026-09-25T14:38:37Z
2026-09-25T14:35:14Z,2026-09-25T16:35:14+0200,11a69610-5784-4b57-b1a9-c7b60bf32891,2026-09-22T19:15:00Z,2026-09-22T21:15:00+0200,173.26,EUR/MWh,DK1,DK_1,imbalance_price,Short,2026-09-25T14:38:37Z
2026-09-25T14:35:14Z,2026-09-25T16:35:14+0200,11a69610-5784-4b57-b1a9-c7b60bf32891,2026-09-22T19:30:00Z,2026-09-22T21:30:00+0200,152.64,EUR/MWh,DK1,DK_1,imbalance_price,Long,2026-09-25T14:38:37Z
2026-09-25T14:35:14Z,2026-09-25T16:35:14+0200,11a69610-5784-4b57-b1a9-c7b60bf32891,2026-09-22T19:30:00Z,2026-09-22T21:30:00+0200,152.64,EUR/MWh,DK1,DK_1,imbalance_price,Short,2026-09-25T14:38:37Z
2026-09-25T14:35:14Z,2026-09-25T16:35:14+0200,11a69610-5784-4b57-b1a9-c7b60bf32891,2026-09-22T19:45:00Z,2026-09-22T21:45:00+0200,257.4,EUR/MWh,DK1,DK_1,imbalance_price,Long,2026-09-25T14:38:37Z
2026-09-25T14:35:14Z,2026-09-25T16:35:14+0200,11a69610-5784-4b57-b1a9-c7b60bf32891,2026-09-22T19:45:00Z,2026-09-22T21:45:00+0200,257.4,EUR/MWh,DK1,DK_1,imbalance_price,Short,2026-09-25T14:38:37Z
2026-09-25T14:35:14Z,2026-09-25T16:35:14+0200,11a69610-5784-4b57-b1a9-c7b60bf32891,2026-09-22T20:00:00Z,2026-09-22T22:00:00+0200,148.0,EUR/MWh,DK1,DK_1,imbalance_price,Long,2026-09-25T14:38:37Z
2026-09-25T14:35:14Z,2026-09-25T16:35:14+0200,11a69610-5784-4b57-b1a9-c7b60bf32891,2026-09-22T20:00:00Z,2026-09-22T22:00:00+0200,148.0,EUR/MWh,DK1,DK_1,imbalance_price,Short,2026-09-25T14:38:37Z
2026-09-25T14:35:14Z,2026-09-25T16:35:14+0200,11a69610-5784-4b57-b1a9-c7b60bf32891,2026-09-22T20:15:00Z,2026-09-22T22:15:00+0200,159.36,EUR/MWh,DK1,DK_1,imbalance_price,Long,2026-09-25T14:38:37Z
2026-09-25T14:35:14Z,2026-09-25T16:35:14+0200,11a69610-5784-4b57-b1a9-c7b60bf32891,2026-09-22T20:15:00Z,2026-09-22T22:15:00+0200,159.36,EUR/MWh,DK1,DK_1,imbalance_price,Short,2026-09-25T14:38:37Z
2026-09-25T14:35:14Z,2026-09-25T16:35:14+0200,11a69610-5784-4b57-b1a9-c7b60bf32891,2026-09-22T20:30:00Z,2026-09-22T22:30:00+0200,143.13,EUR/MWh,DK1,DK_1,imbalance_price,Long,2026-09-25T14:38:37Z
2026-09-25T14:35:14Z,2026-09-25T16:35:14+0200,11a69610-5784-4b57-b1a9-c7b60bf32891,2026-09-22T20:30:00Z,2026-09-22T22:30:00+0200,143.13,EUR/MWh,DK1,DK_1,imbalance_price,Short,2026-09-25T14:38:37Z
2026-09-25T14:35:14Z,2026-09-25T16:35:14+0200,11a69610-5784-4b57-b1a9-c7b60bf32891,2026-09-22T20:45:00Z,2026-09-22T22:45:00+0200,225.56,EUR/MWh,DK1,DK_1,imbalance_price,Long,2026-09-25T14:38:37Z
2026-09-25T14:35:14Z,2026-09-25T16:35:14+0200,11a69610-5784-4b57-b1a9-c7b60bf32891,2026-09-22T20:45:00Z,2026-09-22T22:45:00+0200,225.56,EUR/MWh,DK1,DK_1,imbalance_price,Short,2026-09-25T14:38:37Z
2026-09-25T14:35:14Z,2026-09-25T16:35:14+0200,11a69610-5784-4b57-b1a9-c7b60bf32891,2026-09-22T21:00:00Z,2026-09-22T23:00:00+0200,226.03,EUR/MWh,DK1,DK_1,imbalance_price,Long,2026-09-25T14:38:37Z
2026-09-25T14:35:14Z,2026-09-25T16:35:14+0200,11a69610-5784-4b57-b1a9-c7b60bf32891,2026-09-22T21:00:00Z,2026-09-22T23:00:00+0200,226.03,EUR/MWh,DK1,DK_1,imbalance_price,Short,2026-09-25T14:38:37Z
2026-09-25T14:35:14Z,2026-09-25T16:35:14+0200,11a69610-5784-4b57-b1a9-c7b60bf32891,2026-09-22T21:15:00Z,2026-09-22T23:15:00+0200,139.62,EUR/MWh,DK1,DK_1,imbalance_price,Long,2026-09-25T14:38:37Z
2026-09-25T14:35:14Z,2026-09-25T16:35:14+0200,11a69610-5784-4b57-b1a9-c7b60bf32891,2026-09-22T21:15:00Z,2026-09-22T23:15:00+0200,139.62,EUR/MWh,DK1,DK_1,imbalance_price,Short,2026-09-25T14:38:37Z
2026-09-25T14:35:14Z,2026-09-25T16:35:14+0200,11a69610-5784-4b57-b1a9-c7b60bf32891,2026-09-22T21:30:00Z,2026-09-22T23:30:00+0200,145.0,EUR/MWh,DK1,DK_1,imbalance_price,Long,2026-09-25T14:38:37Z
2026-09-25T14:35:14Z,2026-09-25T16:35:14+0200,11a69610-5784-4b57-b1a9-c7b60bf32891,2026-09-22T21:30:00Z,2026-09-22T23:30:00+0200,145.0,EUR/MWh,DK1,DK_1,imbalance_price,Short,2026-09-25T14:38:37Z
2026-09-25T14:35:14Z,2026-09-25T16:35:14+0200,11a69610-5784-4b57-b1a9-c7b60bf32891,2026-09-22T21:45:00Z,2026-09-22T23:45:00+0200,126.32,EUR/MWh,DK1,DK_1,imbalance_price,Long,2026-09-25T14:38:37Z
2026-09-25T14:35:14Z,2026-09-25T16:35:14+0200,11a69610-5784-4b57-b1a9-c7b60bf32891,2026-09-22T21:45:00Z,2026-09-22T23:45:00+0200,126.32,EUR/MWh,DK1,DK_1,imbalance_price,Short,2026-09-25T14:38:37Z
2026-09-25T14:35:14Z,2026-09-25T16:35:14+0200,11a69610-5784-4b57-b1a9-c7b60bf32891,2026-09-22T22:00:00Z,2026-09-23T00:00:00+0200,194.5,EUR/MWh,DK1,DK_1,imbalance_price,Long,2026-09-25T14:38:37Z
2026-09-25T14:35:14Z,2026-09-25T16:35:14+0200,11a69610-5784-4b57-b1a9-c7b60bf32891,2026-09-22T22:00:00Z,2026-09-23T00:00:00+0200,194.5,EUR/MWh,DK1,DK_1,imbalance_price,Short,2026-09-25T14:38:37Z
2026-09-25T14:35:14Z,2026-09-25T16:35:14+0200,11a69610-5784-4b57-b1a9-c7b60bf32891,2026-09-22T22:15:00Z,2026-09-23T00:15:00+0200,141.88,EUR/MWh,DK1,DK_1,imbalance_price,Long,2026-09-25T14:38:37Z
2026-09-25T14:35:14Z,2026-09-25T16:35:14+0200,11a69610-5784-4b57-b1a9-c7b60bf32891,2026-09-22T22:15:00Z,2026-09-23T00:15:00+0200,141.88,EUR/MWh,DK1,DK_1,imbalance_price,Short,2026-09-25T14:38:37Z
2026-09-25T14:35:14Z,2026-09-25T16:35:14+0200,11a69610-5784-4b57-b1a9-c7b60bf32891,2026-09-22T22:30:00Z,2026-09-23T00:30:00+0200,141.0,EUR/MWh,DK1,DK_1,imbalance_price,Long,2026-09-25T14:38:37Z
2026-09-25T14:35:14Z,2026-09-25T16:35:14+0200,11a69610-5784-4b57-b1a9-c7b60bf32891,2026-09-22T22:30:00Z,2026-09-23T00:30:00+0200,141.0,EUR/MWh,DK1,DK_1,imbalance_price,Short,2026-09-25T14:38:37Z
2026-09-25T14:35:14Z,2026-09-25T16:35:14+0200,11a69610-5784-4b57-b1a9-c7b60bf32891,2026-09-22T22:45:00Z,2026-09-23T00:45:00+0200,182.04,EUR/MWh,DK1,DK_1,imbalance_price,Long,2026-09-25T14:38:37Z
2026-09-25T14:35:14Z,2026-09-25T16:35:14+0200,11a69610-5784-4b57-b1a9-c7b60bf32891,2026-09-22T22:45:00Z,2026-09-23T00:45:00+0200,182.04,EUR/MWh,DK1,DK_1,imbalance_price,Short,2026-09-25T14:38:37Z
2026-09-25T14:35:14Z,2026-09-25T16:35:14+0200,11a69610-5784-4b57-b1a9-c7b60bf32891,2026-09-22T23:00:00Z,2026-09-23T01:00:00+0200,181.58,EUR/MWh,DK1,DK_1,imbalance_price,Long,2026-09-25T14:38:37Z
2026-09-25T14:35:14Z,2026-09-25T16:35:14+0200,11a69610-5784-4b57-b1a9-c7b60bf32891,2026-09-22T23:00:00Z,2026-09-23T01:00:00+0200,181.58,EUR/MWh,DK1,DK_1,imbalance_price,Short,2026-09-25T14:38:37Z
2026-09-25T14:35:14Z,2026-09-25T16:35:14+0200,11a69610-5784-4b57-b1a9-c7b60bf32891,2026-09-22T23:15:00Z,2026-09-23T01:15:00+0200,174.9,EUR/MWh,DK1,DK_1,imbalance_price,Long,2026-09-25T14:38:37Z
2026-09-25T14:35:14Z,2026-09-25T16:35:14+0200,11a69610-5784-4b57-b1a9-c7b60bf32891,2026-09-22T23:15:00Z,2026-09-23T01:15:00+0200,174.9,EUR/MWh,DK1,DK_1,imbalance_price,Short,2026-09-25T14:38:37Z
2026-09-25T14:35:14Z,2026-09-25T16:35:14+0200,11a69610-5784-4b57-b1a9-c7b60bf32891,2026-09-22T23:30:00Z,2026-09-23T01:30:00+0200,173.68,EUR/MWh,DK1,DK_1,imbalance_price,Long,2026-09-25T14:38:37Z
2026-09-25T14:35:14Z,2026-09-25T16:35:14+0200,11a69610-5784-4b57-b1a9-c7b60bf32891,2026-09-22T23:30:00Z,2026-09-23T01:30:00+0200,173.68,EUR/MWh,DK1,DK_1,imbalance_price,Short,2026-09-25T14:38:37Z
2026-09-25T14:35:14Z,2026-09-25T16:35:14+0200,11a69610-5784-4b57-b1a9-c7b60bf32891,2026-09-22T23:45:00Z,2026-09-23T01:45:00+0200,178.89,EUR/MWh,DK1,DK_1,imbalance_price,Long,2026-09-25T14:38:37Z
2026-09-25T14:35:14Z,2026-09-25T16:35:14+0200,11a69610-5784-4b57-b1a9-c7b60bf32891,2026-09-22T23:45:00Z,2026-09-23T01:45:00+0200,178.89,EUR/MWh,DK1,DK_1,imbalance_price,Short,2026-09-25T14:38:37Z
2026-09-25T14:35:14Z,2026-09-25T16:35:14+0200,11a69610-5784-4b57-b1a9-c7b60bf32891,2026-09-23T00:00:00Z,2026-09-23T02:00:00+0200,174.52,EUR/MWh,DK1,DK_1,imbalance_price,Long,2026-09-25T14:38:37Z
2026-09-25T14:35:14Z,2026-09-25T16:35:14+0200,11a69610-5784-4b57-b1a9-c7b60bf32891,2026-09-23T00:00:00Z,2026-09-23T02:00:00+0200,174.52,EUR/MWh,DK1,DK_1,imbalance_price,Short,2026-09-25T14:38:37Z
2026-09-25T14:35:14Z,2026-09-25T16:35:14+0200,11a69610-5784-4b57-b1a9-c7b60bf32891,2026-09-23T00:15:00Z,2026-09-23T02:15:00+0200,171.09,EUR/MWh,DK1,DK_1,imbalance_price,Long,2026-09-25T14:38:37Z
2026-09-25T14:35:14Z,2026-09-25T16:35:14+0200,11a69610-5784-4b57-b1a9-c7b60bf32891,2026-09-23T00:15:00Z,2026-09-23T02:15:00+0200,171.09,EUR/MWh,DK1,DK_1,imbalance_price,Short,2026-09-25T14:38:37Z
2026-09-25T14:35:14Z,2026-09-25T16:35:14+0200,11a69610-5784-4b57-b1a9-c7b60bf32891,2026-09-23T00:30:00Z,2026-09-23T02:30:00+0200,176.9,EUR/MWh,DK1,DK_1,imbalance_price,Long,2026-09-25T14:38:37Z
2026-09-25T14:35:14Z,2026-09-25T16:35:14+0200,11a69610-5784-4b57-b1a9-c7b60bf32891,2026-09-23T00:30:00Z,2026-09-23T02:30:00+0200,176.9,EUR/MWh,DK1,DK_1,imbalance_price,Short,2026-09-25T14:38:37Z
2026-09-25T14:35:14Z,2026-09-25T16:35:14+0200,11a69610-5784-4b57-b1a9-c7b60bf32891,2026-09-23T00:45:00Z,2026-09-23T02:45:00+0200,139.33,EUR/MWh,DK1,DK_1,imbalance_price,Long,2026-09-25T14:38:37Z
2026-09-25T14:35:14Z,2026-09-25T16:35:14+0200,11a69610-5784-4b57-b1a9-c7b60bf32891,2026-09-23T00:45:00Z,2026-09-23T02:45:00+0200,139.33,EUR/MWh,DK1,DK_1,imbalance_price,Short,2026-09-25T14:38:37Z
2026-09-25T14:35:14Z,2026-09-25T16:35:14+0200,11a69610-5784-4b57-b1a9-c7b60bf32891,2026-09-23T01:00:00Z,2026-09-23T03:00:00+0200,176.04,EUR/MWh,DK1,DK_1,imbalance_price,Long,2026-09-25T14:38:37Z
2026-09-25T14:35:14Z,2026-09-25T16:35:14+0200,11a69610-5784-4b57-b1a9-c7b60bf32891,2026-09-23T01:00:00Z,2026-09-23T03:00:00+0200,176.04,EUR/MWh,DK1,DK_1,imbalance_price,Short,2026-09-25T14:38:37Z
2026-09-25T14:35:14Z,2026-09-25T16:35:14+0200,11a69610-5784-4b57-b1a9-c7b60bf32891,2026-09-23T01:15:00Z,2026-09-23T03:15:00+0200,139.81,EUR/MWh,DK1,DK_1,imbalance_price,Long,2026-09-25T14:38:37Z
2026-09-25T14:35:14Z,2026-09-25T16:35:14+0200,11a69610-5784-4b57-b1a9-c7b60bf32891,2026-09-23T01:15:00Z,2026-09-23T03:15:00+0200,139.81,EUR/MWh,DK1,DK_1,imbalance_price,Short,2026-09-25T14:38:37Z
2026-09-25T14:35:14Z,2026-09-25T16:35:14+0200,11a69610-5784-4b57-b1a9-c7b60bf32891,2026-09-23T01:30:00Z,2026-09-23T03:30:00+0200,178.12,EUR/MWh,DK1,DK_1,imbalance_price,Long,2026-09-25T14:38:37Z
2026-09-25T14:35:14Z,2026-09-25T16:35:14+0200,11a69610-5784-4b57-b1a9-c7b60bf32891,2026-09-23T01:30:00Z,2026-09-23T03:30:00+0200,178.12,EUR/MWh,DK1,DK_1,imbalance_price,Short,2026-09-25T14:38:37Z
2026-09-25T14:35:14Z,2026-09-25T16:35:14+0200,11a69610-5784-4b57-b1a9-c7b60bf32891,2026-09-23T01:45:00Z,2026-09-23T03:45:00+0200,173.09,EUR/MWh,DK1,DK_1,imbalance_price,Long,2026-09-25T14:38:37Z
2026-09-25T14:35:14Z,2026-09-25T16:35:14+0200,11a69610-5784-4b57-b1a9-c7b60bf32891,2026-09-23T01:45:00Z,2026-09-23T03:45:00+0200,173.09,EUR/MWh,DK1,DK_1,imbalance_price,Short,2026-09-25T14:38:37Z
2026-09-25T14:35:14Z,2026-09-25T16:35:14+0200,11a69610-5784-4b57-b1a9-c7b60bf32891,2026-09-23T02:00:00Z,2026-09-23T04:00:00+0200,172.74,EUR/MWh,DK1,DK_1,imbalance_price,Long,2026-09-25T14:38:37Z
2026-09-25T14:35:14Z,2026-09-25T16:35:14+0200,11a69610-5784-4b57-b1a9-c7b60bf32891,2026-09-23T02:00:00Z,2026-09-23T04:00:00+0200,172.74,EUR/MWh,DK1,DK_1,imbalance_price,Short,2026-09-25T14:38:37Z
2026-09-25T14:35:14Z,2026-09-25T16:35:14+0200,11a69610-5784-4b57-b1a9-c7b60bf32891,2026-09-23T02:15:00Z,2026-09-23T04:15:00+0200,177.55,EUR/MWh,DK1,DK_1,imbalance_price,Long,2026-09-25T14:38:37Z
2026-09-25T14:35:14Z,2026-09-25T16:35:14+0200,11a69610-5784-4b57-b1a9-c7b60bf32891,2026-09-23T02:15:00Z,2026-09-23T04:15:00+0200,177.55,EUR/MWh,DK1,DK_1,imbalance_price,Short,2026-09-25T14:38:37Z
2026-09-25T14:35:14Z,2026-09-25T16:35:14+0200,11a69610-5784-4b57-b1a9-c7b60bf32891,2026-09-23T02:30:00Z,2026-09-23T04:30:00+0200,177.81,EUR/MWh,DK1,DK_1,imbalance_price,Long,2026-09-25T14:38:37Z
2026-09-25T14:35:14Z,2026-09-25T16:35:14+0200,11a69610-5784-4b57-b1a9-c7b60bf32891,2026-09-23T02:30:00Z,2026-09-23T04:30:00+0200,177.81,EUR/MWh,DK1,DK_1,imbalance_price,Short,2026-09-25T14:38:37Z
2026-09-25T14:35:14Z,2026-09-25T16:35:14+0200,11a69610-5784-4b57-b1a9-c7b60bf32891,2026-09-23T02:45:00Z,2026-09-23T04:45:00+0200,173.62,EUR/MWh,DK1,DK_1,imbalance_price,Long,2026-09-25T14:38:37Z
2026-09-25T14:35:14Z,2026-09-25T16:35:14+0200,11a69610-5784-4b57-b1a9-c7b60bf32891,2026-09-23T02:45:00Z,2026-09-23T04:45:00+0200,173.62,EUR/MWh,DK1,DK_1,imbalance_price,Short,2026-09-25T14:38:37Z
2026-09-25T14:35:14Z,2026-09-25T16:35:14+0200,11a69610-5784-4b57-b1a9-c7b60bf32891,2026-09-23T03:00:00Z,2026-09-23T05:00:00+0200,139.84,EUR/MWh,DK1,DK_1,imbalance_price,Long,2026-09-25T14:38:37Z
2026-09-25T14:35:14Z,2026-09-25T16:35:14+0200,11a69610-5784-4b57-b1a9-c7b60bf32891,2026-09-23T03:00:00Z,2026-09-23T05:00:00+0200,139.84,EUR/MWh,DK1,DK_1,imbalance_price,Short,2026-09-25T14:38:37Z
2026-09-25T14:35:14Z,2026-09-25T16:35:14+0200,11a69610-5784-4b57-b1a9-c7b60bf32891,2026-09-23T03:15:00Z,2026-09-23T05:15:00+0200,140.81,EUR/MWh,DK1,DK_1,imbalance_price,Long,2026-09-25T14:38:37Z
2026-09-25T14:35:14Z,2026-09-25T16:35:14+0200,11a69610-5784-4b57-b1a9-c7b60bf32891,2026-09-23T03:15:00Z,2026-09-23T05:15:00+0200,140.81,EUR/MWh,DK1,DK_1,imbalance_price,Short,2026-09-25T14:38:37Z
2026-09-25T14:35:14Z,2026-09-25T16:35:14+0200,11a69610-5784-4b57-b1a9-c7b60bf32891,2026-09-23T03:30:00Z,2026-09-23T05:30:00+0200,143.0,EUR/MWh,DK1,DK_1,imbalance_price,Long,2026-09-25T14:38:37Z
2026-09-25T14:35:14Z,2026-09-25T16:35:14+0200,11a69610-5784-4b57-b1a9-c7b60bf32891,2026-09-23T03:30:00Z,2026-09-23T05:30:00+0200,143.0,EUR/MWh,DK1,DK_1,imbalance_price,Short,2026-09-25T14:38:37Z
2026-09-25T14:35:14Z,2026-09-25T16:35:14+0200,11a69610-5784-4b57-b1a9-c7b60bf32891,2026-09-23T03:45:00Z,2026-09-23T05:45:00+0200,145.9,EUR/MWh,DK1,DK_1,imbalance_price,Long,2026-09-25T14:38:37Z
2026-09-25T14:35:14Z,2026-09-25T16:35:14+0200,11a69610-5784-4b57-b1a9-c7b60bf32891,2026-09-23T03:45:00Z,2026-09-23T05:45:00+0200,145.9,EUR/MWh,DK1,DK_1,imbalance_price,Short,2026-09-25T14:38:37Z
2026-09-25T14:35:14Z,2026-09-25T16:35:14+0200,11a69610-5784-4b57-b1a9-c7b60bf32891,2026-09-23T04:00:00Z,2026-09-23T06:00:00+0200,140.98,EUR/MWh,DK1,DK_1,imbalance_price,Long,2026-09-25T14:38:37Z
2026-09-25T14:35:14Z,2026-09-25T16:35:14+0200,11a69610-5784-4b57-b1a9-c7b60bf32891,2026-09-23T04:00:00Z,2026-09-23T06:00:00+0200,140.98,EUR/MWh,DK1,DK_1,imbalance_price,Short,2026-09-25T14:38:37Z
2026-09-25T14:35:14Z,2026-09-25T16:35:14+0200,11a69610-5784-4b57-b1a9-c7b60bf32891,2026-09-23T04:15:00Z,2026-09-23T06:15:00+0200,144.2,EUR/MWh,DK1,DK_1,imbalance_price,Long,2026-09-25T14:38:37Z
2026-09-25T14:35:14Z,2026-09-25T16:35:14+0200,11a69610-5784-4b57-b1a9-c7b60bf32891,2026-09-23T04:15:00Z,2026-09-23T06:15:00+0200,144.2,EUR/MWh,DK1,DK_1,imbalance_price,Short,2026-09-25T14:38:37Z
2026-09-25T14:35:14Z,2026-09-25T16:35:14+0200,11a69610-5784-4b57-b1a9-c7b60bf32891,2026-09-23T04:30:00Z,2026-09-23T06:30:00+0200,148.69,EUR/MWh,DK1,DK_1,imbalance_price,Long,2026-09-25T14:38:37Z
2026-09-25T14:35:14Z,2026-09-25T16:35:14+0200,11a69610-5784-4b57-b1a9-c7b60bf32891,2026-09-23T04:30:00Z,2026-09-23T06:30:00+0200,148.69,EUR/MWh,DK1,DK_1,imbalance_price,Short,2026-09-25T14:38:37Z
2026-09-25T14:35:14Z,2026-09-25T16:35:14+0200,11a69610-5784-4b57-b1a9-c7b60bf32891,2026-09-23T04:45:00Z,2026-09-23T06:45:00+0200,365.23,EUR/MWh,DK1,DK_1,imbalance_price,Long,2026-09-25T14:38:37Z
2026-09-25T14:35:14Z,2026-09-25T16:35:14+0200,11a69610-5784-4b57-b1a9-c7b60bf32891,2026-09-23T04:45:00Z,2026-09-23T06:45:00+0200,365.23,EUR/MWh,DK1,DK_1,imbalance_price,Short,2026-09-25T14:38:37Z
2026-09-25T14:35:14Z,2026-09-25T16:35:14+0200,11a69610-5784-4b57-b1a9-c7b60bf32891,2026-09-23T05:00:00Z,2026-09-23T07:00:00+0200,388.68,EUR/MWh,DK1,DK_1,imbalance_price,Long,2026-09-25T14:38:37Z
2026-09-25T14:35:14Z,2026-09-25T16:35:14+0200,11a69610-5784-4b57-b1a9-c7b60bf32891,2026-09-23T05:00:00Z,2026-09-23T07:00:00+0200,388.68,EUR/MWh,DK1,DK_1,imbalance_price,Short,2026-09-25T14:38:37Z
2026-09-25T14:35:14Z,2026-09-25T16:35:14+0200,11a69610-5784-4b57-b1a9-c7b60bf32891,2026-09-23T05:15:00Z,2026-09-23T07:15:00+0200,402.9,EUR/MWh,DK1,DK_1,imbalance_price,Long,2026-09-25T14:38:37Z
2026-09-25T14:35:14Z,2026-09-25T16:35:14+0200,11a69610-5784-4b57-b1a9-c7b60bf32891,2026-09-23T05:15:00Z,2026-09-23T07:15:00+0200,402.9,EUR/MWh,DK1,DK_1,imbalance_price,Short,2026-09-25T14:38:37Z
2026-09-25T14:35:14Z,2026-09-25T16:35:14+0200,11a69610-5784-4b57-b1a9-c7b60bf32891,2026-09-23T05:30:00Z,2026-09-23T07:30:00+0200,154.63,EUR/MWh,DK1,DK_1,imbalance_price,Long,2026-09-25T14:38:37Z
2026-09-25T14:35:14Z,2026-09-25T16:35:14+0200,11a69610-5784-4b57-b1a9-c7b60bf32891,2026-09-23T05:30:00Z,2026-09-23T07:30:00+0200,154.63,EUR/MWh,DK1,DK_1,imbalance_price,Short,2026-09-25T14:38:37Z
2026-09-25T14:35:14Z,2026-09-25T16:35:14+0200,11a69610-5784-4b57-b1a9-c7b60bf32891,2026-09-23T05:45:00Z,2026-09-23T07:45:00+0200,153.5,EUR/MWh,DK1,DK_1,imbalance_price,Long,2026-09-25T14:38:37Z
2026-09-25T14:35:14Z,2026-09-25T16:35:14+0200,11a69610-5784-4b57-b1a9-c7b60bf32891,2026-09-23T05:45:00Z,2026-09-23T07:45:00+0200,153.5,EUR/MWh,DK1,DK_1,imbalance_price,Short,2026-09-25T14:38:37Z
2026-09-25T14:35:14Z,2026-09-25T16:35:14+0200,11a69610-5784-4b57-b1a9-c7b60bf32891,2026-09-23T06:00:00Z,2026-09-23T08:00:00+0200,173.54,EUR/MWh,DK1,DK_1,imbalance_price,Long,2026-09-25T14:38:37Z
2026-09-25T14:35:14Z,2026-09-25T16:35:14+0200,11a69610-5784-4b57-b1a9-c7b60bf32891,2026-09-23T06:00:00Z,2026-09-23T08:00:00+0200,173.54,EUR/MWh,DK1,DK_1,imbalance_price,Short,2026-09-25T14:38:37Z
2026-09-25T14:35:14Z,2026-09-25T16:35:14+0200,11a69610-5784-4b57-b1a9-c7b60bf32891,2026-09-23T06:15:00Z,2026-09-23T08:15:00+0200,155.31,EUR/MWh,DK1,DK_1,imbalance_price,Long,2026-09-25T14:38:37Z
2026-09-25T14:35:14Z,2026-09-25T16:35:14+0200,11a69610-5784-4b57-b1a9-c7b60bf32891,2026-09-23T06:15:00Z,2026-09-23T08:15:00+0200,155.31,EUR/MWh,DK1,DK_1,imbalance_price,Short,2026-09-25T14:38:37Z
2026-09-25T14:35:14Z,2026-09-25T16:35:14+0200,11a69610-5784-4b57-b1a9-c7b60bf32891,2026-09-23T06:30:00Z,2026-09-23T08:30:00+0200,104.62,EUR/MWh,DK1,DK_1,imbalance_price,Long,2026-09-25T14:38:37Z
2026-09-25T14:35:14Z,2026-09-25T16:35:14+0200,11a69610-5784-4b57-b1a9-c7b60bf32891,2026-09-23T06:30:00Z,2026-09-23T08:30:00+0200,104.62,EUR/MWh,DK1,DK_1,imbalance_price,Short,2026-09-25T14:38:37Z
2026-09-25T14:35:14Z,2026-09-25T16:35:14+0200,11a69610-5784-4b57-b1a9-c7b60bf32891,2026-09-23T06:45:00Z,2026-09-23T08:45:00+0200,189.12,EUR/MWh,DK1,DK_1,imbalance_price,Long,2026-09-25T14:38:37Z
2026-09-25T14:35:14Z,2026-09-25T16:35:14+0200,11a69610-5784-4b57-b1a9-c7b60bf32891,2026-09-23T06:45:00Z,2026-09-23T08:45:00+0200,189.12,EUR/MWh,DK1,DK_1,imbalance_price,Short,2026-09-25T14:38:37Z
2026-09-25T14:35:14Z,2026-09-25T16:35:14+0200,11a69610-5784-4b57-b1a9-c7b60bf32891,2026-09-23T07:00:00Z,2026-09-23T09:00:00+0200,124.47,EUR/MWh,DK1,DK_1,imbalance_price,Long,2026-09-25T14:38:37Z
2026-09-25T14:35:14Z,2026-09-25T16:35:14+0200,11a69610-5784-4b57-b1a9-c7b60bf32891,2026-09-23T07:00:00Z,2026-09-23T09:00:00+0200,124.47,EUR/MWh,DK1,DK_1,imbalance_price,Short,2026-09-25T14:38:37Z
2026-09-25T14:35:14Z,2026-09-25T16:35:14+0200,11a69610-5784-4b57-b1a9-c7b60bf32891,2026-09-23T07:15:00Z,2026-09-23T09:15:00+0200,115.79,EUR/MWh,DK1,DK_1,imbalance_price,Long,2026-09-25T14:38:37Z
2026-09-25T14:35:14Z,2026-09-25T16:35:14+0200,11a69610-5784-4b57-b1a9-c7b60bf32891,2026-09-23T07:15:00Z,2026-09-23T09:15:00+0200,115.79,EUR/MWh,DK1,DK_1,imbalance_price,Short,2026-09-25T14:38:37Z
2026-09-25T14:35:14Z,2026-09-25T16:35:14+0200,11a69610-5784-4b57-b1a9-c7b60bf32891,2026-09-23T07:30:00Z,2026-09-23T09:30:00+0200,111.27,EUR/MWh,DK1,DK_1,imbalance_price,Long,2026-09-25T14:38:37Z
2026-09-25T14:35:14Z,2026-09-25T16:35:14+0200,11a69610-5784-4b57-b1a9-c7b60bf32891,2026-09-23T07:30:00Z,2026-09-23T09:30:00+0200,111.27,EUR/MWh,DK1,DK_1,imbalance_price,Short,2026-09-25T14:38:37Z
2026-09-25T14:35:14Z,2026-09-25T16:35:14+0200,11a69610-5784-4b57-b1a9-c7b60bf32891,2026-09-23T07:45:00Z,2026-09-23T09:45:00+0200,146.46,EUR/MWh,DK1,DK_1,imbalance_price,Long,2026-09-25T14:38:37Z
2026-09-25T14:35:14Z,2026-09-25T16:35:14+0200,11a69610-5784-4b57-b1a9-c7b60bf32891,2026-09-23T07:45:00Z,2026-09-23T09:45:00+0200,146.46,EUR/MWh,DK1,DK_1,imbalance_price,Short,2026-09-25T14:38:37Z
2026-09-25T14:35:14Z,2026-09-25T16:35:14+0200,11a69610-5784-4b57-b1a9-c7b60bf32891,2026-09-23T08:00:00Z,2026-09-23T10:00:00+0200,103.34,EUR/MWh,DK1,DK_1,imbalance_price,Long,2026-09-25T14:38:37Z
2026-09-25T14:35:14Z,2026-09-25T16:35:14+0200,11a69610-5784-4b57-b1a9-c7b60bf32891,2026-09-23T08:00:00Z,2026-09-23T10:00:00+0200,103.34,EUR/MWh,DK1,DK_1,imbalance_price,Short,2026-09-25T14:38:37Z
2026-09-25T14:35:14Z,2026-09-25T16:35:14+0200,11a69610-5784-4b57-b1a9-c7b60bf32891,2026-09-23T08:15:00Z,2026-09-23T10:15:00+0200,148.1,EUR/MWh,DK1,DK_1,imbalance_price,Long,2026-09-25T14:38:37Z
2026-09-25T14:35:14Z,2026-09-25T16:35:14+0200,11a69610-5784-4b57-b1a9-c7b60bf32891,2026-09-23T08:15:00Z,2026-09-23T10:15:00+0200,148.1,EUR/MWh,DK1,DK_1,imbalance_price,Short,2026-09-25T14:38:37Z
2026-09-25T14:35:14Z,2026-09-25T16:35:14+0200,11a69610-5784-4b57-b1a9-c7b60bf32891,2026-09-23T08:30:00Z,2026-09-23T10:30:00+0200,134.95,EUR/MWh,DK1,DK_1,imbalance_price,Long,2026-09-25T14:38:37Z
2026-09-25T14:35:14Z,2026-09-25T16:35:14+0200,11a69610-5784-4b57-b1a9-c7b60bf32891,2026-09-23T08:30:00Z,2026-09-23T10:30:00+0200,134.95,EUR/MWh,DK1,DK_1,imbalance_price,Short,2026-09-25T14:38:37Z
2026-09-25T14:35:14Z,2026-09-25T16:35:14+0200,11a69610-5784-4b57-b1a9-c7b60bf32891,2026-09-23T08:45:00Z,2026-09-23T10:45:00+0200,124.56,EUR/MWh,DK1,DK_1,imbalance_price,Long,2026-09-25T14:38:37Z
2026-09-25T14:35:14Z,2026-09-25T16:35:14+0200,11a69610-5784-4b57-b1a9-c7b60bf32891,2026-09-23T08:45:00Z,2026-09-23T10:45:00+0200,124.56,EUR/MWh,DK1,DK_1,imbalance_price,Short,2026-09-25T14:38:37Z
2026-09-25T14:35:14Z,2026-09-25T16:35:14+0200,11a69610-5784-4b57-b1a9-c7b60bf32891,2026-09-23T09:00:00Z,2026-09-23T11:00:00+0200,441.89,EUR/MWh,DK1,DK_1,imbalance_price,Long,2026-09-25T14:38:37Z
2026-09-25T14:35:14Z,2026-09-25T16:35:14+0200,11a69610-5784-4b57-b1a9-c7b60bf32891,2026-09-23T09:00:00Z,2026-09-23T11:00:00+0200,441.89,EUR/MWh,DK1,DK_1,imbalance_price,Short,2026-09-25T14:38:37Z
2026-09-25T14:35:14Z,2026-09-25T16:35:14+0200,11a69610-5784-4b57-b1a9-c7b60bf32891,2026-09-23T09:15:00Z,2026-09-23T11:15:00+0200,198.13,EUR/MWh,DK1,DK_1,imbalance_price,Long,2026-09-25T14:38:37Z
2026-09-25T14:35:14Z,2026-09-25T16:35:14+0200,11a69610-5784-4b57-b1a9-c7b60bf32891,2026-09-23T09:15:00Z,2026-09-23T11:15:00+0200,198.13,EUR/MWh,DK1,DK_1,imbalance_price,Short,2026-09-25T14:38:37Z
2026-09-25T14:35:14Z,2026-09-25T16:35:14+0200,11a69610-5784-4b57-b1a9-c7b60bf32891,2026-09-23T09:30:00Z,2026-09-23T11:30:00+0200,307.51,EUR/MWh,DK1,DK_1,imbalance_price,Long,2026-09-25T14:38:37Z
2026-09-25T14:35:14Z,2026-09-25T16:35:14+0200,11a69610-5784-4b57-b1a9-c7b60bf32891,2026-09-23T09:30:00Z,2026-09-23T11:30:00+0200,307.51,EUR/MWh,DK1,DK_1,imbalance_price,Short,2026-09-25T14:38:37Z
2026-09-25T14:35:14Z,2026-09-25T16:35:14+0200,11a69610-5784-4b57-b1a9-c7b60bf32891,2026-09-23T09:45:00Z,2026-09-23T11:45:00+0200,679.72,EUR/MWh,DK1,DK_1,imbalance_price,Long,2026-09-25T14:38:37Z
2026-09-25T14:35:14Z,2026-09-25T16:35:14+0200,11a69610-5784-4b57-b1a9-c7b60bf32891,2026-09-23T09:45:00Z,2026-09-23T11:45:00+0200,679.72,EUR/MWh,DK1,DK_1,imbalance_price,Short,2026-09-25T14:38:37Z
2026-09-25T14:35:14Z,2026-09-25T16:35:14+0200,11a69610-5784-4b57-b1a9-c7b60bf32891,2026-09-23T10:00:00Z,2026-09-23T12:00:00+0200,125.23,EUR/MWh,DK1,DK_1,imbalance_price,Long,2026-09-25T14:38:37Z
2026-09-25T14:35:14Z,2026-09-25T16:35:14+0200,11a69610-5784-4b57-b1a9-c7b60bf32891,2026-09-23T10:00:00Z,2026-09-23T12:00:00+0200,125.23,EUR/MWh,DK1,DK_1,imbalance_price,Short,2026-09-25T14:38:37Z
2026-09-25T14:35:14Z,2026-09-25T16:35:14+0200,11a69610-5784-4b57-b1a9-c7b60bf32891,2026-09-23T10:15:00Z,2026-09-23T12:15:00+0200,124.75,EUR/MWh,DK1,DK_1,imbalance_price,Long,2026-09-25T14:38:37Z
2026-09-25T14:35:14Z,2026-09-25T16:35:14+0200,11a69610-5784-4b57-b1a9-c7b60bf32891,2026-09-23T10:15:00Z,2026-09-23T12:15:00+0200,124.75,EUR/MWh,DK1,DK_1,imbalance_price,Short,2026-09-25T14:38:37Z
2026-09-25T14:35:14Z,2026-09-25T16:35:14+0200,11a69610-5784-4b57-b1a9-c7b60bf32891,2026-09-23T10:30:00Z,2026-09-23T12:30:00+0200,275.98,EUR/MWh,DK1,DK_1,imbalance_price,Long,2026-09-25T14:38:37Z
2026-09-25T14:35:14Z,2026-09-25T16:35:14+0200,11a69610-5784-4b57-b1a9-c7b60bf32891,2026-09-23T10:30:00Z,2026-09-23T12:30:00+0200,275.98,EUR/MWh,DK1,DK_1,imbalance_price,Short,2026-09-25T14:38:37Z
2026-09-25T14:35:14Z,2026-09-25T16:35:14+0200,11a69610-5784-4b57-b1a9-c7b60bf32891,2026-09-23T10:45:00Z,2026-09-23T12:45:00+0200,219.9,EUR/MWh,DK1,DK_1,imbalance_price,Long,2026-09-25T14:38:37Z
2026-09-25T14:35:14Z,2026-09-25T16:35:14+0200,11a69610-5784-4b57-b1a9-c7b60bf32891,2026-09-23T10:45:00Z,2026-09-23T12:45:00+0200,219.9,EUR/MWh,DK1,DK_1,imbalance_price,Short,2026-09-25T14:38:37Z
2026-09-25T14:35:14Z,2026-09-25T16:35:14+0200,11a69610-5784-4b57-b1a9-c7b60bf32891,2026-09-23T11:00:00Z,2026-09-23T13:00:00+0200,267.53,EUR/MWh,DK1,DK_1,imbalance_price,Long,2026-09-25T14:38:37Z
2026-09-25T14:35:14Z,2026-09-25T16:35:14+0200,11a69610-5784-4b57-b1a9-c7b60bf32891,2026-09-23T11:00:00Z,2026-09-23T13:00:00+0200,267.53,EUR/MWh,DK1,DK_1,imbalance_price,Short,2026-09-25T14:38:37Z
2026-09-25T14:35:14Z,2026-09-25T16:35:14+0200,11a69610-5784-4b57-b1a9-c7b60bf32891,2026-09-23T11:15:00Z,2026-09-23T13:15:00+0200,190.58,EUR/MWh,DK1,DK_1,imbalance_price,Long,2026-09-25T14:38:37Z
2026-09-25T14:35:14Z,2026-09-25T16:35:14+0200,11a69610-5784-4b57-b1a9-c7b60bf32891,2026-09-23T11:15:00Z,2026-09-23T13:15:00+0200,190.58,EUR/MWh,DK1,DK_1,imbalance_price,Short,2026-09-25T14:38:37Z
2026-09-25T14:35:14Z,2026-09-25T16:35:14+0200,11a69610-5784-4b57-b1a9-c7b60bf32891,2026-09-23T11:30:00Z,2026-09-23T13:30:00+0200,118.76,EUR/MWh,DK1,DK_1,imbalance_price,Long,2026-09-25T14:38:37Z
2026-09-25T14:35:14Z,2026-09-25T16:35:14+0200,11a69610-5784-4b57-b1a9-c7b60bf32891,2026-09-23T11:30:00Z,2026-09-23T13:30:00+0200,118.76,EUR/MWh,DK1,DK_1,imbalance_price,Short,2026-09-25T14:38:37Z
2026-09-25T14:35:14Z,2026-09-25T16:35:14+0200,11a69610-5784-4b57-b1a9-c7b60bf32891,2026-09-23T11:45:00Z,2026-09-23T13:45:00+0200,118.57,EUR/MWh,DK1,DK_1,imbalance_price,Long,2026-09-25T14:38:37Z
2026-09-25T14:35:14Z,2026-09-25T16:35:14+0200,11a69610-5784-4b57-b1a9-c7b60bf32891,2026-09-23T11:45:00Z,2026-09-23T13:45:00+0200,118.57,EUR/MWh,DK1,DK_1,imbalance_price,Short,2026-09-25T14:38:37Z
2026-09-25T14:35:14Z,2026-09-25T16:35:14+0200,11a69610-5784-4b57-b1a9-c7b60bf32891,2026-09-23T12:00:00Z,2026-09-23T14:00:00+0200,375.98,EUR/MWh,DK1,DK_1,imbalance_price,Long,2026-09-25T14:38:37Z
2026-09-25T14:35:14Z,2026-09-25T16:35:14+0200,11a69610-5784-4b57-b1a9-c7b60bf32891,2026-09-23T12:00:00Z,2026-09-23T14:00:00+0200,375.98,EUR/MWh,DK1,DK_1,imbalance_price,Short,2026-09-25T14:38:37Z
2026-09-25T14:35:14Z,2026-09-25T16:35:14+0200,11a69610-5784-4b57-b1a9-c7b60bf32891,2026-09-23T12:15:00Z,2026-09-23T14:15:00+0200,117.4,EUR/MWh,DK1,DK_1,imbalance_price,Long,2026-09-25T14:38:37Z
2026-09-25T14:35:14Z,2026-09-25T16:35:14+0200,11a69610-5784-4b57-b1a9-c7b60bf32891,2026-09-23T12:15:00Z,2026-09-23T14:15:00+0200,117.4,EUR/MWh,DK1,DK_1,imbalance_price,Short,2026-09-25T14:38:37Z
2026-09-25T14:35:14Z,2026-09-25T16:35:14+0200,11a69610-5784-4b57-b1a9-c7b60bf32891,2026-09-23T12:30:00Z,2026-09-23T14:30:00+0200,111.92,EUR/MWh,DK1,DK_1,imbalance_price,Long,2026-09-25T14:38:37Z
2026-09-25T14:35:14Z,2026-09-25T16:35:14+0200,11a69610-5784-4b57-b1a9-c7b60bf32891,2026-09-23T12:30:00Z,2026-09-23T14:30:00+0200,111.92,EUR/MWh,DK1,DK_1,imbalance_price,Short,2026-09-25T14:38:37Z
2026-09-25T14:35:14Z,2026-09-25T16:35:14+0200,11a69610-5784-4b57-b1a9-c7b60bf32891,2026-09-23T12:45:00Z,2026-09-23T14:45:00+0200,238.67,EUR/MWh,DK1,DK_1,imbalance_price,Long,2026-09-25T14:38:37Z
2026-09-25T14:35:14Z,2026-09-25T16:35:14+0200,11a69610-5784-4b57-b1a9-c7b60bf32891,2026-09-23T12:45:00Z,2026-09-23T14:45:00+0200,238.67,EUR/MWh,DK1,DK_1,imbalance_price,Short,2026-09-25T14:38:37Z
2026-09-25T14:35:14Z,2026-09-25T16:35:14+0200,11a69610-5784-4b57-b1a9-c7b60bf32891,2026-09-23T13:00:00Z,2026-09-23T15:00:00+0200,1014.94,EUR/MWh,DK1,DK_1,imbalance_price,Long,2026-09-25T14:38:37Z
2026-09-25T14:35:14Z,2026-09-25T16:35:14+0200,11a69610-5784-4b57-b1a9-c7b60bf32891,2026-09-23T13:00:00Z,2026-09-23T15:00:00+0200,1014.94,EUR/MWh,DK1,DK_1,imbalance_price,Short,2026-09-25T14:38:37Z
2026-09-25T14:35:14Z,2026-09-25T16:35:14+0200,11a69610-5784-4b57-b1a9-c7b60bf32891,2026-09-23T13:15:00Z,2026-09-23T15:15:00+0200,530.67,EUR/MWh,DK1,DK_1,imbalance_price,Long,2026-09-25T14:38:37Z
2026-09-25T14:35:14Z,2026-09-25T16:35:14+0200,11a69610-5784-4b57-b1a9-c7b60bf32891,2026-09-23T13:15:00Z,2026-09-23T15:15:00+0200,530.67,EUR/MWh,DK1,DK_1,imbalance_price,Short,2026-09-25T14:38:37Z
2026-09-25T14:35:14Z,2026-09-25T16:35:14+0200,11a69610-5784-4b57-b1a9-c7b60bf32891,2026-09-23T13:30:00Z,2026-09-23T15:30:00+0200,214.84,EUR/MWh,DK1,DK_1,imbalance_price,Long,2026-09-25T14:38:37Z
2026-09-25T14:35:14Z,2026-09-25T16:35:14+0200,11a69610-5784-4b57-b1a9-c7b60bf32891,2026-09-23T13:30:00Z,2026-09-23T15:30:00+0200,214.84,EUR/MWh,DK1,DK_1,imbalance_price,Short,2026-09-25T14:38:37Z
2026-09-25T14:35:14Z,2026-09-25T16:35:14+0200,11a69610-5784-4b57-b1a9-c7b60bf32891,2026-09-23T13:45:00Z,2026-09-23T15:45:00+0200,143.41,EUR/MWh,DK1,DK_1,imbalance_price,Long,2026-09-25T14:38:37Z
2026-09-25T14:35:14Z,2026-09-25T16:35:14+0200,11a69610-5784-4b57-b1a9-c7b60bf32891,2026-09-23T13:45:00Z,2026-09-23T15:45:00+0200,143.41,EUR/MWh,DK1,DK_1,imbalance_price,Short,2026-09-25T14:38:37Z
2026-09-25T14:35:14Z,2026-09-25T16:35:14+0200,11a69610-5784-4b57-b1a9-c7b60bf32891,2026-09-23T14:00:00Z,2026-09-23T16:00:00+0200,595.28,EUR/MWh,DK1,DK_1,imbalance_price,Long,2026-09-25T14:38:37Z
2026-09-25T14:35:14Z,2026-09-25T16:35:14+0200,11a69610-5784-4b57-b1a9-c7b60bf32891,2026-09-23T14:00:00Z,2026-09-23T16:00:00+0200,595.28,EUR/MWh,DK1,DK_1,imbalance_price,Short,2026-09-25T14:38:37Z
2026-09-25T14:35:14Z,2026-09-25T16:35:14+0200,11a69610-5784-4b57-b1a9-c7b60bf32891,2026-09-23T14:15:00Z,2026-09-23T16:15:00+0200,146.46,EUR/MWh,DK1,DK_1,imbalance_price,Long,2026-09-25T14:38:37Z
2026-09-25T14:35:14Z,2026-09-25T16:35:14+0200,11a69610-5784-4b57-b1a9-c7b60bf32891,2026-09-23T14:15:00Z,2026-09-23T16:15:00+0200,146.46,EUR/MWh,DK1,DK_1,imbalance_price,Short,2026-09-25T14:38:37Z
2026-09-25T14:35:14Z,2026-09-25T16:35:14+0200,11a69610-5784-4b57-b1a9-c7b60bf32891,2026-09-23T14:30:00Z,2026-09-23T16:30:00+0200,139.32,EUR/MWh,DK1,DK_1,imbalance_price,Long,2026-09-25T14:38:37Z
2026-09-25T14:35:14Z,2026-09-25T16:35:14+0200,11a69610-5784-4b57-b1a9-c7b60bf32891,2026-09-23T14:30:00Z,2026-09-23T16:30:00+0200,139.32,EUR/MWh,DK1,DK_1,imbalance_price,Short,2026-09-25T14:38:37Z
2026-09-25T14:35:14Z,2026-09-25T16:35:14+0200,11a69610-5784-4b57-b1a9-c7b60bf32891,2026-09-23T14:45:00Z,2026-09-23T16:45:00+0200,187.87,EUR/MWh,DK1,DK_1,imbalance_price,Long,2026-09-25T14:38:37Z
2026-09-25T14:35:14Z,2026-09-25T16:35:14+0200,11a69610-5784-4b57-b1a9-c7b60bf32891,2026-09-23T14:45:00Z,2026-09-23T16:45:00+0200,187.87,EUR/MWh,DK1,DK_1,imbalance_price,Short,2026-09-25T14:38:37Z
2026-09-25T14:35:14Z,2026-09-25T16:35:14+0200,11a69610-5784-4b57-b1a9-c7b60bf32891,2026-09-23T15:00:00Z,2026-09-23T17:00:00+0200,161.04,EUR/MWh,DK1,DK_1,imbalance_price,Long,2026-09-25T14:38:37Z
2026-09-25T14:35:14Z,2026-09-25T16:35:14+0200,11a69610-5784-4b57-b1a9-c7b60bf32891,2026-09-23T15:00:00Z,2026-09-23T17:00:00+0200,161.04,EUR/MWh,DK1,DK_1,imbalance_price,Short,2026-09-25T14:38:37Z
2026-09-25T14:35:14Z,2026-09-25T16:35:14+0200,11a69610-5784-4b57-b1a9-c7b60bf32891,2026-09-23T15:15:00Z,2026-09-23T17:15:00+0200,342.46,EUR/MWh,DK1,DK_1,imbalance_price,Long,2026-09-25T14:38:37Z
2026-09-25T14:35:14Z,2026-09-25T16:35:14+0200,11a69610-5784-4b57-b1a9-c7b60bf32891,2026-09-23T15:15:00Z,2026-09-23T17:15:00+0200,342.46,EUR/MWh,DK1,DK_1,imbalance_price,Short,2026-09-25T14:38:37Z
2026-09-25T14:35:14Z,2026-09-25T16:35:14+0200,11a69610-5784-4b57-b1a9-c7b60bf32891,2026-09-23T15:30:00Z,2026-09-23T17:30:00+0200,208.01,EUR/MWh,DK1,DK_1,imbalance_price,Long,2026-09-25T14:38:37Z
2026-09-25T14:35:14Z,2026-09-25T16:35:14+0200,11a69610-5784-4b57-b1a9-c7b60bf32891,2026-09-23T15:30:00Z,2026-09-23T17:30:00+0200,208.01,EUR/MWh,DK1,DK_1,imbalance_price,Short,2026-09-25T14:38:37Z
2026-09-25T14:35:14Z,2026-09-25T16:35:14+0200,11a69610-5784-4b57-b1a9-c7b60bf32891,2026-09-23T15:45:00Z,2026-09-23T17:45:00+0200,341.15,EUR/MWh,DK1,DK_1,imbalance_price,Long,2026-09-25T14:38:37Z
2026-09-25T14:35:14Z,2026-09-25T16:35:14+0200,11a69610-5784-4b57-b1a9-c7b60bf32891,2026-09-23T15:45:00Z,2026-09-23T17:45:00+0200,341.15,EUR/MWh,DK1,DK_1,imbalance_price,Short,2026-09-25T14:38:37Z
2026-09-25T14:35:14Z,2026-09-25T16:35:14+0200,11a69610-5784-4b57-b1a9-c7b60bf32891,2026-09-23T16:00:00Z,2026-09-23T18:00:00+0200,348.57,EUR/MWh,DK1,DK_1,imbalance_price,Long,2026-09-25T14:38:37Z
2026-09-25T14:35:14Z,2026-09-25T16:35:14+0200,11a69610-5784-4b57-b1a9-c7b60bf32891,2026-09-23T16:00:00Z,2026-09-23T18:00:00+0200,348.57,EUR/MWh,DK1,DK_1,imbalance_price,Short,2026-09-25T14:38:37Z
2026-09-25T14:35:14Z,2026-09-25T16:35:14+0200,11a69610-5784-4b57-b1a9-c7b60bf32891,2026-09-23T16:15:00Z,2026-09-23T18:15:00+0200,470.83,EUR/MWh,DK1,DK_1,imbalance_price,Long,2026-09-25T14:38:37Z
2026-09-25T14:35:14Z,2026-09-25T16:35:14+0200,11a69610-5784-4b57-b1a9-c7b60bf32891,2026-09-23T16:15:00Z,2026-09-23T18:15:00+0200,470.83,EUR/MWh,DK1,DK_1,imbalance_price,Short,2026-09-25T14:38:37Z
2026-09-25T14:35:14Z,2026-09-25T16:35:14+0200,11a69610-5784-4b57-b1a9-c7b60bf32891,2026-09-23T16:30:00Z,2026-09-23T18:30:00+0200,967.88,EUR/MWh,DK1,DK_1,imbalance_price,Long,2026-09-25T14:38:37Z
2026-09-25T14:35:14Z,2026-09-25T16:35:14+0200,11a69610-5784-4b57-b1a9-c7b60bf32891,2026-09-23T16:30:00Z,2026-09-23T18:30:00+0200,967.88,EUR/MWh,DK1,DK_1,imbalance_price,Short,2026-09-25T14:38:37Z
2026-09-25T14:35:14Z,2026-09-25T16:35:14+0200,11a69610-5784-4b57-b1a9-c7b60bf32891,2026-09-23T16:45:00Z,2026-09-23T18:45:00+0200,577.17,EUR/MWh,DK1,DK_1,imbalance_price,Long,2026-09-25T14:38:37Z
2026-09-25T14:35:14Z,2026-09-25T16:35:14+0200,11a69610-5784-4b57-b1a9-c7b60bf32891,2026-09-23T16:45:00Z,2026-09-23T18:45:00+0200,577.17,EUR/MWh,DK1,DK_1,imbalance_price,Short,2026-09-25T14:38:37Z
2026-09-25T14:35:14Z,2026-09-25T16:35:14+0200,11a69610-5784-4b57-b1a9-c7b60bf32891,2026-09-23T17:00:00Z,2026-09-23T19:00:00+0200,360.37,EUR/MWh,DK1,DK_1,imbalance_price,Long,2026-09-25T14:38:37Z
2026-09-25T14:35:14Z,2026-09-25T16:35:14+0200,11a69610-5784-4b57-b1a9-c7b60bf32891,2026-09-23T17:00:00Z,2026-09-23T19:00:00+0200,360.37,EUR/MWh,DK1,DK_1,imbalance_price,Short,2026-09-25T14:38:37Z
2026-09-25T14:35:14Z,2026-09-25T16:35:14+0200,11a69610-5784-4b57-b1a9-c7b60bf32891,2026-09-23T17:15:00Z,2026-09-23T19:15:00+0200,317.38,EUR/MWh,DK1,DK_1,imbalance_price,Long,2026-09-25T14:38:37Z
2026-09-25T14:35:14Z,2026-09-25T16:35:14+0200,11a69610-5784-4b57-b1a9-c7b60bf32891,2026-09-23T17:15:00Z,2026-09-23T19:15:00+0200,317.38,EUR/MWh,DK1,DK_1,imbalance_price,Short,2026-09-25T14:38:37Z
2026-09-25T14:35:14Z,2026-09-25T16:35:14+0200,11a69610-5784-4b57-b1a9-c7b60bf32891,2026-09-23T17:30:00Z,2026-09-23T19:30:00+0200,608.2,EUR/MWh,DK1,DK_1,imbalance_price,Long,2026-09-25T14:38:37Z
2026-09-25T14:35:14Z,2026-09-25T16:35:14+0200,11a69610-5784-4b57-b1a9-c7b60bf32891,2026-09-23T17:30:00Z,2026-09-23T19:30:00+0200,608.2,EUR/MWh,DK1,DK_1,imbalance_price,Short,2026-09-25T14:38:37Z
2026-09-25T14:35:14Z,2026-09-25T16:35:14+0200,11a69610-5784-4b57-b1a9-c7b60bf32891,2026-09-23T17:45:00Z,2026-09-23T19:45:00+0200,252.58,EUR/MWh,DK1,DK_1,imbalance_price,Long,2026-09-25T14:38:37Z
2026-09-25T14:35:14Z,2026-09-25T16:35:14+0200,11a69610-5784-4b57-b1a9-c7b60bf32891,2026-09-23T17:45:00Z,2026-09-23T19:45:00+0200,252.58,EUR/MWh,DK1,DK_1,imbalance_price,Short,2026-09-25T14:38:37Z
2026-09-25T14:35:14Z,2026-09-25T16:35:14+0200,11a69610-5784-4b57-b1a9-c7b60bf32891,2026-09-23T18:00:00Z,2026-09-23T20:00:00+0200,57.93,EUR/MWh,DK1,DK_1,imbalance_price,Long,2026-09-25T14:38:37Z
2026-09-25T14:35:14Z,2026-09-25T16:35:14+0200,11a69610-5784-4b57-b1a9-c7b60bf32891,2026-09-23T18:00:00Z,2026-09-23T20:00:00+0200,57.93,EUR/MWh,DK1,DK_1,imbalance_price,Short,2026-09-25T14:38:37Z
2026-09-25T14:35:14Z,2026-09-25T16:35:14+0200,11a69610-5784-4b57-b1a9-c7b60bf32891,2026-09-23T18:15:00Z,2026-09-23T20:15:00+0200,42.99,EUR/MWh,DK1,DK_1,imbalance_price,Long,2026-09-25T14:38:37Z
2026-09-25T14:35:14Z,2026-09-25T16:35:14+0200,11a69610-5784-4b57-b1a9-c7b60bf32891,2026-09-23T18:15:00Z,2026-09-23T20:15:00+0200,42.99,EUR/MWh,DK1,DK_1,imbalance_price,Short,2026-09-25T14:38:37Z
2026-09-25T14:35:14Z,2026-09-25T16:35:14+0200,11a69610-5784-4b57-b1a9-c7b60bf32891,2026-09-23T18:30:00Z,2026-09-23T20:30:00+0200,221.8,EUR/MWh,DK1,DK_1,imbalance_price,Long,2026-09-25T14:38:37Z
2026-09-25T14:35:14Z,2026-09-25T16:35:14+0200,11a69610-5784-4b57-b1a9-c7b60bf32891,2026-09-23T18:30:00Z,2026-09-23T20:30:00+0200,221.8,EUR/MWh,DK1,DK_1,imbalance_price,Short,2026-09-25T14:38:37Z
2026-09-25T14:35:14Z,2026-09-25T16:35:14+0200,11a69610-5784-4b57-b1a9-c7b60bf32891,2026-09-23T18:45:00Z,2026-09-23T20:45:00+0200,59.87,EUR/MWh,DK1,DK_1,imbalance_price,Long,2026-09-25T14:38:37Z
2026-09-25T14:35:14Z,2026-09-25T16:35:14+0200,11a69610-5784-4b57-b1a9-c7b60bf32891,2026-09-23T18:45:00Z,2026-09-23T20:45:00+0200,59.87,EUR/MWh,DK1,DK_1,imbalance_price,Short,2026-09-25T14:38:37Z
2026-09-25T14:35:14Z,2026-09-25T16:35:14+0200,11a69610-5784-4b57-b1a9-c7b60bf32891,2026-09-23T19:00:00Z,2026-09-23T21:00:00+0200,213.27,EUR/MWh,DK1,DK_1,imbalance_price,Long,2026-09-25T14:38:37Z
2026-09-25T14:35:14Z,2026-09-25T16:35:14+0200,11a69610-5784-4b57-b1a9-c7b60bf32891,2026-09-23T19:00:00Z,2026-09-23T21:00:00+0200,213.27,EUR/MWh,DK1,DK_1,imbalance_price,Short,2026-09-25T14:38:37Z
2026-09-25T14:35:14Z,2026-09-25T16:35:14+0200,11a69610-5784-4b57-b1a9-c7b60bf32891,2026-09-23T19:15:00Z,2026-09-23T21:15:00+0200,75.06,EUR/MWh,DK1,DK_1,imbalance_price,Long,2026-09-25T14:38:37Z
2026-09-25T14:35:14Z,2026-09-25T16:35:14+0200,11a69610-5784-4b57-b1a9-c7b60bf32891,2026-09-23T19:15:00Z,2026-09-23T21:15:00+0200,75.06,EUR/MWh,DK1,DK_1,imbalance_price,Short,2026-09-25T14:38:37Z
2026-09-25T14:35:14Z,2026-09-25T16:35:14+0200,11a69610-5784-4b57-b1a9-c7b60bf32891,2026-09-23T19:30:00Z,2026-09-23T21:30:00+0200,41.48,EUR/MWh,DK1,DK_1,imbalance_price,Long,2026-09-25T14:38:37Z
2026-09-25T14:35:14Z,2026-09-25T16:35:14+0200,11a69610-5784-4b57-b1a9-c7b60bf32891,2026-09-23T19:30:00Z,2026-09-23T21:30:00+0200,41.48,EUR/MWh,DK1,DK_1,imbalance_price,Short,2026-09-25T14:38:37Z
2026-09-25T14:35:14Z,2026-09-25T16:35:14+0200,11a69610-5784-4b57-b1a9-c7b60bf32891,2026-09-23T19:45:00Z,2026-09-23T21:45:00+0200,27.81,EUR/MWh,DK1,DK_1,imbalance_price,Long,2026-09-25T14:38:37Z
2026-09-25T14:35:14Z,2026-09-25T16:35:14+0200,11a69610-5784-4b57-b1a9-c7b60bf32891,2026-09-23T19:45:00Z,2026-09-23T21:45:00+0200,27.81,EUR/MWh,DK1,DK_1,imbalance_price,Short,2026-09-25T14:38:37Z
2026-09-25T14:35:14Z,2026-09-25T16:35:14+0200,11a69610-5784-4b57-b1a9-c7b60bf32891,2026-09-23T20:00:00Z,2026-09-23T22:00:00+0200,181.02,EUR/MWh,DK1,DK_1,imbalance_price,Long,2026-09-25T14:38:37Z
2026-09-25T14:35:14Z,2026-09-25T16:35:14+0200,11a69610-5784-4b57-b1a9-c7b60bf32891,2026-09-23T20:00:00Z,2026-09-23T22:00:00+0200,181.02,EUR/MWh,DK1,DK_1,imbalance_price,Short,2026-09-25T14:38:37Z
2026-09-25T14:35:14Z,2026-09-25T16:35:14+0200,11a69610-5784-4b57-b1a9-c7b60bf32891,2026-09-23T20:15:00Z,2026-09-23T22:15:00+0200,167.99,EUR/MWh,DK1,DK_1,imbalance_price,Long,2026-09-25T14:38:37Z
2026-09-25T14:35:14Z,2026-09-25T16:35:14+0200,11a69610-5784-4b57-b1a9-c7b60bf32891,2026-09-23T20:15:00Z,2026-09-23T22:15:00+0200,167.99,EUR/MWh,DK1,DK_1,imbalance_price,Short,2026-09-25T14:38:37Z
2026-09-25T14:35:14Z,2026-09-25T16:35:14+0200,11a69610-5784-4b57-b1a9-c7b60bf32891,2026-09-23T20:30:00Z,2026-09-23T22:30:00+0200,162.72,EUR/MWh,DK1,DK_1,imbalance_price,Long,2026-09-25T14:38:37Z
2026-09-25T14:35:14Z,2026-09-25T16:35:14+0200,11a69610-5784-4b57-b1a9-c7b60bf32891,2026-09-23T20:30:00Z,2026-09-23T22:30:00+0200,162.72,EUR/MWh,DK1,DK_1,imbalance_price,Short,2026-09-25T14:38:37Z
2026-09-25T14:35:14Z,2026-09-25T16:35:14+0200,11a69610-5784-4b57-b1a9-c7b60bf32891,2026-09-23T20:45:00Z,2026-09-23T22:45:00+0200,41.67,EUR/MWh,DK1,DK_1,imbalance_price,Long,2026-09-25T14:38:37Z
2026-09-25T14:35:14Z,2026-09-25T16:35:14+0200,11a69610-5784-4b57-b1a9-c7b60bf32891,2026-09-23T20:45:00Z,2026-09-23T22:45:00+0200,41.67,EUR/MWh,DK1,DK_1,imbalance_price,Short,2026-09-25T14:38:37Z
2026-09-25T14:35:14Z,2026-09-25T16:35:14+0200,11a69610-5784-4b57-b1a9-c7b60bf32891,2026-09-23T21:00:00Z,2026-09-23T23:00:00+0200,28.34,EUR/MWh,DK1,DK_1,imbalance_price,Long,2026-09-25T14:38:37Z
2026-09-25T14:35:14Z,2026-09-25T16:35:14+0200,11a69610-5784-4b57-b1a9-c7b60bf32891,2026-09-23T21:00:00Z,2026-09-23T23:00:00+0200,28.34,EUR/MWh,DK1,DK_1,imbalance_price,Short,2026-09-25T14:38:37Z
2026-09-25T14:35:14Z,2026-09-25T16:35:14+0200,11a69610-5784-4b57-b1a9-c7b60bf32891,2026-09-23T21:15:00Z,2026-09-23T23:15:00+0200,17.02,EUR/MWh,DK1,DK_1,imbalance_price,Long,2026-09-25T14:38:37Z
2026-09-25T14:35:14Z,2026-09-25T16:35:14+0200,11a69610-5784-4b57-b1a9-c7b60bf32891,2026-09-23T21:15:00Z,2026-09-23T23:15:00+0200,17.02,EUR/MWh,DK1,DK_1,imbalance_price,Short,2026-09-25T14:38:37Z
2026-09-25T14:35:14Z,2026-09-25T16:35:14+0200,11a69610-5784-4b57-b1a9-c7b60bf32891,2026-09-23T21:30:00Z,2026-09-23T23:30:00+0200,147.16,EUR/MWh,DK1,DK_1,imbalance_price,Long,2026-09-25T14:38:37Z
2026-09-25T14:35:14Z,2026-09-25T16:35:14+0200,11a69610-5784-4b57-b1a9-c7b60bf32891,2026-09-23T21:30:00Z,2026-09-23T23:30:00+0200,147.16,EUR/MWh,DK1,DK_1,imbalance_price,Short,2026-09-25T14:38:37Z
2026-09-25T14:35:14Z,2026-09-25T16:35:14+0200,11a69610-5784-4b57-b1a9-c7b60bf32891,2026-09-23T21:45:00Z,2026-09-23T23:45:00+0200,140.62,EUR/MWh,DK1,DK_1,imbalance_price,Long,2026-09-25T14:38:37Z
2026-09-25T14:35:14Z,2026-09-25T16:35:14+0200,11a69610-5784-4b57-b1a9-c7b60bf32891,2026-09-23T21:45:00Z,2026-09-23T23:45:00+0200,140.62,EUR/MWh,DK1,DK_1,imbalance_price,Short,2026-09-25T14:38:37Z
2026-09-25T14:35:14Z,2026-09-25T16:35:14+0200,11a69610-5784-4b57-b1a9-c7b60bf32891,2026-09-23T22:00:00Z,2026-09-24T00:00:00+0200,100.06,EUR/MWh,DK1,DK_1,imbalance_price,Long,2026-09-25T14:38:37Z
2026-09-25T14:35:14Z,2026-09-25T16:35:14+0200,11a69610-5784-4b57-b1a9-c7b60bf32891,2026-09-23T22:00:00Z,2026-09-24T00:00:00+0200,100.06,EUR/MWh,DK1,DK_1,imbalance_price,Short,2026-09-25T14:38:37Z
2026-09-25T14:35:14Z,2026-09-25T16:35:14+0200,11a69610-5784-4b57-b1a9-c7b60bf32891,2026-09-23T22:15:00Z,2026-09-24T00:15:00+0200,294.29,EUR/MWh,DK1,DK_1,imbalance_price,Long,2026-09-25T14:38:37Z
2026-09-25T14:35:14Z,2026-09-25T16:35:14+0200,11a69610-5784-4b57-b1a9-c7b60bf32891,2026-09-23T22:15:00Z,2026-09-24T00:15:00+0200,294.29,EUR/MWh,DK1,DK_1,imbalance_price,Short,2026-09-25T14:38:37Z
2026-09-25T14:35:14Z,2026-09-25T16:35:14+0200,11a69610-5784-4b57-b1a9-c7b60bf32891,2026-09-23T22:30:00Z,2026-09-24T00:30:00+0200,219.74,EUR/MWh,DK1,DK_1,imbalance_price,Long,2026-09-25T14:38:37Z
2026-09-25T14:35:14Z,2026-09-25T16:35:14+0200,11a69610-5784-4b57-b1a9-c7b60bf32891,2026-09-23T22:30:00Z,2026-09-24T00:30:00+0200,219.74,EUR/MWh,DK1,DK_1,imbalance_price,Short,2026-09-25T14:38:37Z
2026-09-25T14:35:14Z,2026-09-25T16:35:14+0200,11a69610-5784-4b57-b1a9-c7b60bf32891,2026-09-23T22:45:00Z,2026-09-24T00:45:00+0200,181.0,EUR/MWh,DK1,DK_1,imbalance_price,Long,2026-09-25T14:38:37Z
2026-09-25T14:35:14Z,2026-09-25T16:35:14+0200,11a69610-5784-4b57-b1a9-c7b60bf32891,2026-09-23T22:45:00Z,2026-09-24T00:45:00+0200,181.0,EUR/MWh,DK1,DK_1,imbalance_price,Short,2026-09-25T14:38:37Z
2026-09-25T14:35:14Z,2026-09-25T16:35:14+0200,11a69610-5784-4b57-b1a9-c7b60bf32891,2026-09-23T23:00:00Z,2026-09-24T01:00:00+0200,174.14,EUR/MWh,DK1,DK_1,imbalance_price,Long,2026-09-25T14:38:37Z
2026-09-25T14:35:14Z,2026-09-25T16:35:14+0200,11a69610-5784-4b57-b1a9-c7b60bf32891,2026-09-23T23:00:00Z,2026-09-24T01:00:00+0200,174.14,EUR/MWh,DK1,DK_1,imbalance_price,Short,2026-09-25T14:38:37Z
2026-09-25T14:35:14Z,2026-09-25T16:35:14+0200,11a69610-5784-4b57-b1a9-c7b60bf32891,2026-09-23T23:15:00Z,2026-09-24T01:15:00+0200,100.15,EUR/MWh,DK1,DK_1,imbalance_price,Long,2026-09-25T14:38:37Z
2026-09-25T14:35:14Z,2026-09-25T16:35:14+0200,11a69610-5784-4b57-b1a9-c7b60bf32891,2026-09-23T23:15:00Z,2026-09-24T01:15:00+0200,100.15,EUR/MWh,DK1,DK_1,imbalance_price,Short,2026-09-25T14:38:37Z
2026-09-25T14:35:14Z,2026-09-25T16:35:14+0200,11a69610-5784-4b57-b1a9-c7b60bf32891,2026-09-23T23:30:00Z,2026-09-24T01:30:00+0200,161.22,EUR/MWh,DK1,DK_1,imbalance_price,Long,2026-09-25T14:38:37Z
2026-09-25T14:35:14Z,2026-09-25T16:35:14+0200,11a69610-5784-4b57-b1a9-c7b60bf32891,2026-09-23T23:30:00Z,2026-09-24T01:30:00+0200,161.22,EUR/MWh,DK1,DK_1,imbalance_price,Short,2026-09-25T14:38:37Z
2026-09-25T14:35:14Z,2026-09-25T16:35:14+0200,11a69610-5784-4b57-b1a9-c7b60bf32891,2026-09-23T23:45:00Z,2026-09-24T01:45:00+0200,253.59,EUR/MWh,DK1,DK_1,imbalance_price,Long,2026-09-25T14:38:37Z
2026-09-25T14:35:14Z,2026-09-25T16:35:14+0200,11a69610-5784-4b57-b1a9-c7b60bf32891,2026-09-23T23:45:00Z,2026-09-24T01:45:00+0200,253.59,EUR/MWh,DK1,DK_1,imbalance_price,Short,2026-09-25T14:38:37Z
2026-09-25T14:35:14Z,2026-09-25T16:35:14+0200,11a69610-5784-4b57-b1a9-c7b60bf32891,2026-09-24T00:00:00Z,2026-09-24T02:00:00+0200,148.5,EUR/MWh,DK1,DK_1,imbalance_price,Long,2026-09-25T14:38:37Z
2026-09-25T14:35:14Z,2026-09-25T16:35:14+0200,11a69610-5784-4b57-b1a9-c7b60bf32891,2026-09-24T00:00:00Z,2026-09-24T02:00:00+0200,148.5,EUR/MWh,DK1,DK_1,imbalance_price,Short,2026-09-25T14:38:37Z
2026-09-25T14:35:14Z,2026-09-25T16:35:14+0200,11a69610-5784-4b57-b1a9-c7b60bf32891,2026-09-24T00:15:00Z,2026-09-24T02:15:00+0200,121.96,EUR/MWh,DK1,DK_1,imbalance_price,Long,2026-09-25T14:38:37Z
2026-09-25T14:35:14Z,2026-09-25T16:35:14+0200,11a69610-5784-4b57-b1a9-c7b60bf32891,2026-09-24T00:15:00Z,2026-09-24T02:15:00+0200,121.96,EUR/MWh,DK1,DK_1,imbalance_price,Short,2026-09-25T14:38:37Z
2026-09-25T14:35:14Z,2026-09-25T16:35:14+0200,11a69610-5784-4b57-b1a9-c7b60bf32891,2026-09-24T00:30:00Z,2026-09-24T02:30:00+0200,121.69,EUR/MWh,DK1,DK_1,imbalance_price,Long,2026-09-25T14:38:37Z
2026-09-25T14:35:14Z,2026-09-25T16:35:14+0200,11a69610-5784-4b57-b1a9-c7b60bf32891,2026-09-24T00:30:00Z,2026-09-24T02:30:00+0200,121.69,EUR/MWh,DK1,DK_1,imbalance_price,Short,2026-09-25T14:38:37Z
2026-09-25T14:35:14Z,2026-09-25T16:35:14+0200,11a69610-5784-4b57-b1a9-c7b60bf32891,2026-09-24T00:45:00Z,2026-09-24T02:45:00+0200,118.7,EUR/MWh,DK1,DK_1,imbalance_price,Long,2026-09-25T14:38:37Z
2026-09-25T14:35:14Z,2026-09-25T16:35:14+0200,11a69610-5784-4b57-b1a9-c7b60bf32891,2026-09-24T00:45:00Z,2026-09-24T02:45:00+0200,118.7,EUR/MWh,DK1,DK_1,imbalance_price,Short,2026-09-25T14:38:37Z
2026-09-25T14:35:14Z,2026-09-25T16:35:14+0200,11a69610-5784-4b57-b1a9-c7b60bf32891,2026-09-24T01:00:00Z,2026-09-24T03:00:00+0200,119.14,EUR/MWh,DK1,DK_1,imbalance_price,Long,2026-09-25T14:38:37Z
2026-09-25T14:35:14Z,2026-09-25T16:35:14+0200,11a69610-5784-4b57-b1a9-c7b60bf32891,2026-09-24T01:00:00Z,2026-09-24T03:00:00+0200,119.14,EUR/MWh,DK1,DK_1,imbalance_price,Short,2026-09-25T14:38:37Z
2026-09-25T14:35:14Z,2026-09-25T16:35:14+0200,11a69610-5784-4b57-b1a9-c7b60bf32891,2026-09-24T01:15:00Z,2026-09-24T03:15:00+0200,116.0,EUR/MWh,DK1,DK_1,imbalance_price,Long,2026-09-25T14:38:37Z
2026-09-25T14:35:14Z,2026-09-25T16:35:14+0200,11a69610-5784-4b57-b1a9-c7b60bf32891,2026-09-24T01:15:00Z,2026-09-24T03:15:00+0200,116.0,EUR/MWh,DK1,DK_1,imbalance_price,Short,2026-09-25T14:38:37Z
2026-09-25T14:35:14Z,2026-09-25T16:35:14+0200,11a69610-5784-4b57-b1a9-c7b60bf32891,2026-09-24T01:30:00Z,2026-09-24T03:30:00+0200,122.2,EUR/MWh,DK1,DK_1,imbalance_price,Long,2026-09-25T14:38:37Z
2026-09-25T14:35:14Z,2026-09-25T16:35:14+0200,11a69610-5784-4b57-b1a9-c7b60bf32891,2026-09-24T01:30:00Z,2026-09-24T03:30:00+0200,122.2,EUR/MWh,DK1,DK_1,imbalance_price,Short,2026-09-25T14:38:37Z
2026-09-25T14:35:14Z,2026-09-25T16:35:14+0200,11a69610-5784-4b57-b1a9-c7b60bf32891,2026-09-24T01:45:00Z,2026-09-24T03:45:00+0200,121.36,EUR/MWh,DK1,DK_1,imbalance_price,Long,2026-09-25T14:38:37Z
2026-09-25T14:35:14Z,2026-09-25T16:35:14+0200,11a69610-5784-4b57-b1a9-c7b60bf32891,2026-09-24T01:45:00Z,2026-09-24T03:45:00+0200,121.36,EUR/MWh,DK1,DK_1,imbalance_price,Short,2026-09-25T14:38:37Z
2026-09-25T14:35:14Z,2026-09-25T16:35:14+0200,11a69610-5784-4b57-b1a9-c7b60bf32891,2026-09-24T02:00:00Z,2026-09-24T04:00:00+0200,121.55,EUR/MWh,DK1,DK_1,imbalance_price,Long,2026-09-25T14:38:37Z
2026-09-25T14:35:14Z,2026-09-25T16:35:14+0200,11a69610-5784-4b57-b1a9-c7b60bf32891,2026-09-24T02:00:00Z,2026-09-24T04:00:00+0200,121.55,EUR/MWh,DK1,DK_1,imbalance_price,Short,2026-09-25T14:38:37Z
2026-09-25T14:35:14Z,2026-09-25T16:35:14+0200,11a69610-5784-4b57-b1a9-c7b60bf32891,2026-09-24T02:15:00Z,2026-09-24T04:15:00+0200,127.0,EUR/MWh,DK1,DK_1,imbalance_price,Long,2026-09-25T14:38:37Z
2026-09-25T14:35:14Z,2026-09-25T16:35:14+0200,11a69610-5784-4b57-b1a9-c7b60bf32891,2026-09-24T02:15:00Z,2026-09-24T04:15:00+0200,127.0,EUR/MWh,DK1,DK_1,imbalance_price,Short,2026-09-25T14:38:37Z
2026-09-25T14:35:14Z,2026-09-25T16:35:14+0200,11a69610-5784-4b57-b1a9-c7b60bf32891,2026-09-24T02:30:00Z,2026-09-24T04:30:00+0200,150.0,EUR/MWh,DK1,DK_1,imbalance_price,Long,2026-09-25T14:38:37Z
2026-09-25T14:35:14Z,2026-09-25T16:35:14+0200,11a69610-5784-4b57-b1a9-c7b60bf32891,2026-09-24T02:30:00Z,2026-09-24T04:30:00+0200,150.0,EUR/MWh,DK1,DK_1,imbalance_price,Short,2026-09-25T14:38:37Z
2026-09-25T14:35:14Z,2026-09-25T16:35:14+0200,11a69610-5784-4b57-b1a9-c7b60bf32891,2026-09-24T02:45:00Z,2026-09-24T04:45:00+0200,142.0,EUR/MWh,DK1,DK_1,imbalance_price,Long,2026-09-25T14:38:37Z
2026-09-25T14:35:14Z,2026-09-25T16:35:14+0200,11a69610-5784-4b57-b1a9-c7b60bf32891,2026-09-24T02:45:00Z,2026-09-24T04:45:00+0200,142.0,EUR/MWh,DK1,DK_1,imbalance_price,Short,2026-09-25T14:38:37Z
2026-09-25T14:35:14Z,2026-09-25T16:35:14+0200,11a69610-5784-4b57-b1a9-c7b60bf32891,2026-09-24T03:00:00Z,2026-09-24T05:00:00+0200,126.31,EUR/MWh,DK1,DK_1,imbalance_price,Long,2026-09-25T14:38:37Z
2026-09-25T14:35:14Z,2026-09-25T16:35:14+0200,11a69610-5784-4b57-b1a9-c7b60bf32891,2026-09-24T03:00:00Z,2026-09-24T05:00:00+0200,126.31,EUR/MWh,DK1,DK_1,imbalance_price,Short,2026-09-25T14:38:37Z
2026-09-25T14:35:14Z,2026-09-25T16:35:14+0200,11a69610-5784-4b57-b1a9-c7b60bf32891,2026-09-24T03:15:00Z,2026-09-24T05:15:00+0200,116.06,EUR/MWh,DK1,DK_1,imbalance_price,Long,2026-09-25T14:38:37Z
2026-09-25T14:35:14Z,2026-09-25T16:35:14+0200,11a69610-5784-4b57-b1a9-c7b60bf32891,2026-09-24T03:15:00Z,2026-09-24T05:15:00+0200,116.06,EUR/MWh,DK1,DK_1,imbalance_price,Short,2026-09-25T14:38:37Z
2026-09-25T14:35:14Z,2026-09-25T16:35:14+0200,11a69610-5784-4b57-b1a9-c7b60bf32891,2026-09-24T03:30:00Z,2026-09-24T05:30:00+0200,164.31,EUR/MWh,DK1,DK_1,imbalance_price,Long,2026-09-25T14:38:37Z
2026-09-25T14:35:14Z,2026-09-25T16:35:14+0200,11a69610-5784-4b57-b1a9-c7b60bf32891,2026-09-24T03:30:00Z,2026-09-24T05:30:00+0200,164.31,EUR/MWh,DK1,DK_1,imbalance_price,Short,2026-09-25T14:38:37Z
2026-09-25T14:35:14Z,2026-09-25T16:35:14+0200,11a69610-5784-4b57-b1a9-c7b60bf32891,2026-09-24T03:45:00Z,2026-09-24T05:45:00+0200,167.08,EUR/MWh,DK1,DK_1,imbalance_price,Long,2026-09-25T14:38:37Z
2026-09-25T14:35:14Z,2026-09-25T16:35:14+0200,11a69610-5784-4b57-b1a9-c7b60bf32891,2026-09-24T03:45:00Z,2026-09-24T05:45:00+0200,167.08,EUR/MWh,DK1,DK_1,imbalance_price,Short,2026-09-25T14:38:37Z
2026-09-25T14:35:14Z,2026-09-25T16:35:14+0200,11a69610-5784-4b57-b1a9-c7b60bf32891,2026-09-24T04:00:00Z,2026-09-24T06:00:00+0200,209.03,EUR/MWh,DK1,DK_1,imbalance_price,Long,2026-09-25T14:38:37Z
2026-09-25T14:35:14Z,2026-09-25T16:35:14+0200,11a69610-5784-4b57-b1a9-c7b60bf32891,2026-09-24T04:00:00Z,2026-09-24T06:00:00+0200,209.03,EUR/MWh,DK1,DK_1,imbalance_price,Short,2026-09-25T14:38:37Z
2026-09-25T14:35:14Z,2026-09-25T16:35:14+0200,11a69610-5784-4b57-b1a9-c7b60bf32891,2026-09-24T04:15:00Z,2026-09-24T06:15:00+0200,203.61,EUR/MWh,DK1,DK_1,imbalance_price,Long,2026-09-25T14:38:37Z
2026-09-25T14:35:14Z,2026-09-25T16:35:14+0200,11a69610-5784-4b57-b1a9-c7b60bf32891,2026-09-24T04:15:00Z,2026-09-24T06:15:00+0200,203.61,EUR/MWh,DK1,DK_1,imbalance_price,Short,2026-09-25T14:38:37Z
2026-09-25T14:35:14Z,2026-09-25T16:35:14+0200,11a69610-5784-4b57-b1a9-c7b60bf32891,2026-09-24T04:30:00Z,2026-09-24T06:30:00+0200,245.84,EUR/MWh,DK1,DK_1,imbalance_price,Long,2026-09-25T14:38:37Z
2026-09-25T14:35:14Z,2026-09-25T16:35:14+0200,11a69610-5784-4b57-b1a9-c7b60bf32891,2026-09-24T04:30:00Z,2026-09-24T06:30:00+0200,245.84,EUR/MWh,DK1,DK_1,imbalance_price,Short,2026-09-25T14:38:37Z
2026-09-25T14:35:14Z,2026-09-25T16:35:14+0200,11a69610-5784-4b57-b1a9-c7b60bf32891,2026-09-24T04:45:00Z,2026-09-24T06:45:00+0200,246.38,EUR/MWh,DK1,DK_1,imbalance_price,Long,2026-09-25T14:38:37Z
2026-09-25T14:35:14Z,2026-09-25T16:35:14+0200,11a69610-5784-4b57-b1a9-c7b60bf32891,2026-09-24T04:45:00Z,2026-09-24T06:45:00+0200,246.38,EUR/MWh,DK1,DK_1,imbalance_price,Short,2026-09-25T14:38:37Z
2026-09-25T14:35:14Z,2026-09-25T16:35:14+0200,11a69610-5784-4b57-b1a9-c7b60bf32891,2026-09-24T05:00:00Z,2026-09-24T07:00:00+0200,177.11,EUR/MWh,DK1,DK_1,imbalance_price,Long,2026-09-25T14:38:37Z
2026-09-25T14:35:14Z,2026-09-25T16:35:14+0200,11a69610-5784-4b57-b1a9-c7b60bf32891,2026-09-24T05:00:00Z,2026-09-24T07:00:00+0200,177.11,EUR/MWh,DK1,DK_1,imbalance_price,Short,2026-09-25T14:38:37Z
2026-09-25T14:35:14Z,2026-09-25T16:35:14+0200,11a69610-5784-4b57-b1a9-c7b60bf32891,2026-09-24T05:15:00Z,2026-09-24T07:15:00+0200,257.58,EUR/MWh,DK1,DK_1,imbalance_price,Long,2026-09-25T14:38:37Z
2026-09-25T14:35:14Z,2026-09-25T16:35:14+0200,11a69610-5784-4b57-b1a9-c7b60bf32891,2026-09-24T05:15:00Z,2026-09-24T07:15:00+0200,257.58,EUR/MWh,DK1,DK_1,imbalance_price,Short,2026-09-25T14:38:37Z
2026-09-25T14:35:14Z,2026-09-25T16:35:14+0200,11a69610-5784-4b57-b1a9-c7b60bf32891,2026-09-24T05:30:00Z,2026-09-24T07:30:00+0200,187.01,EUR/MWh,DK1,DK_1,imbalance_price,Long,2026-09-25T14:38:37Z
2026-09-25T14:35:14Z,2026-09-25T16:35:14+0200,11a69610-5784-4b57-b1a9-c7b60bf32891,2026-09-24T05:30:00Z,2026-09-24T07:30:00+0200,187.01,EUR/MWh,DK1,DK_1,imbalance_price,Short,2026-09-25T14:38:37Z
2026-09-25T14:35:14Z,2026-09-25T16:35:14+0200,11a69610-5784-4b57-b1a9-c7b60bf32891,2026-09-24T05:45:00Z,2026-09-24T07:45:00+0200,209.23,EUR/MWh,DK1,DK_1,imbalance_price,Long,2026-09-25T14:38:37Z
2026-09-25T14:35:14Z,2026-09-25T16:35:14+0200,11a69610-5784-4b57-b1a9-c7b60bf32891,2026-09-24T05:45:00Z,2026-09-24T07:45:00+0200,209.23,EUR/MWh,DK1,DK_1,imbalance_price,Short,2026-09-25T14:38:37Z
2026-09-25T14:35:14Z,2026-09-25T16:35:14+0200,11a69610-5784-4b57-b1a9-c7b60bf32891,2026-09-24T06:00:00Z,2026-09-24T08:00:00+0200,111.3,EUR/MWh,DK1,DK_1,imbalance_price,Long,2026-09-25T14:38:37Z
2026-09-25T14:35:14Z,2026-09-25T16:35:14+0200,11a69610-5784-4b57-b1a9-c7b60bf32891,2026-09-24T06:00:00Z,2026-09-24T08:00:00+0200,111.3,EUR/MWh,DK1,DK_1,imbalance_price,Short,2026-09-25T14:38:37Z
2026-09-25T14:35:14Z,2026-09-25T16:35:14+0200,11a69610-5784-4b57-b1a9-c7b60bf32891,2026-09-24T06:15:00Z,2026-09-24T08:15:00+0200,111.3,EUR/MWh,DK1,DK_1,imbalance_price,Long,2026-09-25T14:38:37Z
2026-09-25T14:35:14Z,2026-09-25T16:35:14+0200,11a69610-5784-4b57-b1a9-c7b60bf32891,2026-09-24T06:15:00Z,2026-09-24T08:15:00+0200,111.3,EUR/MWh,DK1,DK_1,imbalance_price,Short,2026-09-25T14:38:37Z
2026-09-25T14:35:14Z,2026-09-25T16:35:14+0200,11a69610-5784-4b57-b1a9-c7b60bf32891,2026-09-24T06:30:00Z,2026-09-24T08:30:00+0200,158.2,EUR/MWh,DK1,DK_1,imbalance_price,Long,2026-09-25T14:38:37Z
2026-09-25T14:35:14Z,2026-09-25T16:35:14+0200,11a69610-5784-4b57-b1a9-c7b60bf32891,2026-09-24T06:30:00Z,2026-09-24T08:30:00+0200,158.2,EUR/MWh,DK1,DK_1,imbalance_price,Short,2026-09-25T14:38:37Z
2026-09-25T14:35:14Z,2026-09-25T16:35:14+0200,11a69610-5784-4b57-b1a9-c7b60bf32891,2026-09-24T06:45:00Z,2026-09-24T08:45:00+0200,213.57,EUR/MWh,DK1,DK_1,imbalance_price,Long,2026-09-25T14:38:37Z
2026-09-25T14:35:14Z,2026-09-25T16:35:14+0200,11a69610-5784-4b57-b1a9-c7b60bf32891,2026-09-24T06:45:00Z,2026-09-24T08:45:00+0200,213.57,EUR/MWh,DK1,DK_1,imbalance_price,Short,2026-09-25T14:38:37Z
2026-09-25T14:35:14Z,2026-09-25T16:35:14+0200,11a69610-5784-4b57-b1a9-c7b60bf32891,2026-09-24T07:00:00Z,2026-09-24T09:00:00+0200,157.6,EUR/MWh,DK1,DK_1,imbalance_price,Long,2026-09-25T14:38:37Z
2026-09-25T14:35:14Z,2026-09-25T16:35:14+0200,11a69610-5784-4b57-b1a9-c7b60bf32891,2026-09-24T07:00:00Z,2026-09-24T09:00:00+0200,157.6,EUR/MWh,DK1,DK_1,imbalance_price,Short,2026-09-25T14:38:37Z
2026-09-25T14:35:14Z,2026-09-25T16:35:14+0200,11a69610-5784-4b57-b1a9-c7b60bf32891,2026-09-24T07:15:00Z,2026-09-24T09:15:00+0200,96.56,EUR/MWh,DK1,DK_1,imbalance_price,Long,2026-09-25T14:38:37Z
2026-09-25T14:35:14Z,2026-09-25T16:35:14+0200,11a69610-5784-4b57-b1a9-c7b60bf32891,2026-09-24T07:15:00Z,2026-09-24T09:15:00+0200,96.56,EUR/MWh,DK1,DK_1,imbalance_price,Short,2026-09-25T14:38:37Z
2026-09-25T14:35:14Z,2026-09-25T16:35:14+0200,11a69610-5784-4b57-b1a9-c7b60bf32891,2026-09-24T07:30:00Z,2026-09-24T09:30:00+0200,138.1,EUR/MWh,DK1,DK_1,imbalance_price,Long,2026-09-25T14:38:37Z
2026-09-25T14:35:14Z,2026-09-25T16:35:14+0200,11a69610-5784-4b57-b1a9-c7b60bf32891,2026-09-24T07:30:00Z,2026-09-24T09:30:00+0200,138.1,EUR/MWh,DK1,DK_1,imbalance_price,Short,2026-09-25T14:38:37Z
2026-09-25T14:35:14Z,2026-09-25T16:35:14+0200,11a69610-5784-4b57-b1a9-c7b60bf32891,2026-09-24T07:45:00Z,2026-09-24T09:45:00+0200,129.79,EUR/MWh,DK1,DK_1,imbalance_price,Long,2026-09-25T14:38:37Z
2026-09-25T14:35:14Z,2026-09-25T16:35:14+0200,11a69610-5784-4b57-b1a9-c7b60bf32891,2026-09-24T07:45:00Z,2026-09-24T09:45:00+0200,129.79,EUR/MWh,DK1,DK_1,imbalance_price,Short,2026-09-25T14:38:37Z
2026-09-25T14:35:14Z,2026-09-25T16:35:14+0200,11a69610-5784-4b57-b1a9-c7b60bf32891,2026-09-24T08:00:00Z,2026-09-24T10:00:00+0200,134.98,EUR/MWh,DK1,DK_1,imbalance_price,Long,2026-09-25T14:38:37Z
2026-09-25T14:35:14Z,2026-09-25T16:35:14+0200,11a69610-5784-4b57-b1a9-c7b60bf32891,2026-09-24T08:00:00Z,2026-09-24T10:00:00+0200,134.98,EUR/MWh,DK1,DK_1,imbalance_price,Short,2026-09-25T14:38:37Z
2026-09-25T14:35:14Z,2026-09-25T16:35:14+0200,11a69610-5784-4b57-b1a9-c7b60bf32891,2026-09-24T08:15:00Z,2026-09-24T10:15:00+0200,340.12,EUR/MWh,DK1,DK_1,imbalance_price,Long,2026-09-25T14:38:37Z
2026-09-25T14:35:14Z,2026-09-25T16:35:14+0200,11a69610-5784-4b57-b1a9-c7b60bf32891,2026-09-24T08:15:00Z,2026-09-24T10:15:00+0200,340.12,EUR/MWh,DK1,DK_1,imbalance_price,Short,2026-09-25T14:38:37Z
2026-09-25T14:35:14Z,2026-09-25T16:35:14+0200,11a69610-5784-4b57-b1a9-c7b60bf32891,2026-09-24T08:30:00Z,2026-09-24T10:30:00+0200,343.07,EUR/MWh,DK1,DK_1,imbalance_price,Long,2026-09-25T14:38:37Z
2026-09-25T14:35:14Z,2026-09-25T16:35:14+0200,11a69610-5784-4b57-b1a9-c7b60bf32891,2026-09-24T08:30:00Z,2026-09-24T10:30:00+0200,343.07,EUR/MWh,DK1,DK_1,imbalance_price,Short,2026-09-25T14:38:37Z
2026-09-25T14:35:14Z,2026-09-25T16:35:14+0200,11a69610-5784-4b57-b1a9-c7b60bf32891,2026-09-24T08:45:00Z,2026-09-24T10:45:00+0200,227.33,EUR/MWh,DK1,DK_1,imbalance_price,Long,2026-09-25T14:38:37Z
2026-09-25T14:35:14Z,2026-09-25T16:35:14+0200,11a69610-5784-4b57-b1a9-c7b60bf32891,2026-09-24T08:45:00Z,2026-09-24T10:45:00+0200,227.33,EUR/MWh,DK1,DK_1,imbalance_price,Short,2026-09-25T14:38:37Z
2026-09-25T14:35:14Z,2026-09-25T16:35:14+0200,11a69610-5784-4b57-b1a9-c7b60bf32891,2026-09-24T09:00:00Z,2026-09-24T11:00:00+0200,350.24,EUR/MWh,DK1,DK_1,imbalance_price,Long,2026-09-25T14:38:37Z
2026-09-25T14:35:14Z,2026-09-25T16:35:14+0200,11a69610-5784-4b57-b1a9-c7b60bf32891,2026-09-24T09:00:00Z,2026-09-24T11:00:00+0200,350.24,EUR/MWh,DK1,DK_1,imbalance_price,Short,2026-09-25T14:38:37Z
2026-09-25T14:35:14Z,2026-09-25T16:35:14+0200,11a69610-5784-4b57-b1a9-c7b60bf32891,2026-09-24T09:15:00Z,2026-09-24T11:15:00+0200,216.5,EUR/MWh,DK1,DK_1,imbalance_price,Long,2026-09-25T14:38:37Z
2026-09-25T14:35:14Z,2026-09-25T16:35:14+0200,11a69610-5784-4b57-b1a9-c7b60bf32891,2026-09-24T09:15:00Z,2026-09-24T11:15:00+0200,216.5,EUR/MWh,DK1,DK_1,imbalance_price,Short,2026-09-25T14:38:37Z
2026-09-25T14:35:14Z,2026-09-25T16:35:14+0200,11a69610-5784-4b57-b1a9-c7b60bf32891,2026-09-24T09:30:00Z,2026-09-24T11:30:00+0200,268.49,EUR/MWh,DK1,DK_1,imbalance_price,Long,2026-09-25T14:38:37Z
2026-09-25T14:35:14Z,2026-09-25T16:35:14+0200,11a69610-5784-4b57-b1a9-c7b60bf32891,2026-09-24T09:30:00Z,2026-09-24T11:30:00+0200,268.49,EUR/MWh,DK1,DK_1,imbalance_price,Short,2026-09-25T14:38:37Z
2026-09-25T14:35:14Z,2026-09-25T16:35:14+0200,11a69610-5784-4b57-b1a9-c7b60bf32891,2026-09-24T09:45:00Z,2026-09-24T11:45:00+0200,508.45,EUR/MWh,DK1,DK_1,imbalance_price,Long,2026-09-25T14:38:37Z
2026-09-25T14:35:14Z,2026-09-25T16:35:14+0200,11a69610-5784-4b57-b1a9-c7b60bf32891,2026-09-24T09:45:00Z,2026-09-24T11:45:00+0200,508.45,EUR/MWh,DK1,DK_1,imbalance_price,Short,2026-09-25T14:38:37Z
2026-09-25T14:35:14Z,2026-09-25T16:35:14+0200,11a69610-5784-4b57-b1a9-c7b60bf32891,2026-09-24T10:00:00Z,2026-09-24T12:00:00+0200,607.81,EUR/MWh,DK1,DK_1,imbalance_price,Long,2026-09-25T14:38:37Z
2026-09-25T14:35:14Z,2026-09-25T16:35:14+0200,11a69610-5784-4b57-b1a9-c7b60bf32891,2026-09-24T10:00:00Z,2026-09-24T12:00:00+0200,607.81,EUR/MWh,DK1,DK_1,imbalance_price,Short,2026-09-25T14:38:37Z
2026-09-25T14:35:14Z,2026-09-25T16:35:14+0200,11a69610-5784-4b57-b1a9-c7b60bf32891,2026-09-24T10:15:00Z,2026-09-24T12:15:00+0200,82.09,EUR/MWh,DK1,DK_1,imbalance_price,Long,2026-09-25T14:38:37Z
2026-09-25T14:35:14Z,2026-09-25T16:35:14+0200,11a69610-5784-4b57-b1a9-c7b60bf32891,2026-09-24T10:15:00Z,2026-09-24T12:15:00+0200,82.09,EUR/MWh,DK1,DK_1,imbalance_price,Short,2026-09-25T14:38:37Z
2026-09-25T14:35:14Z,2026-09-25T16:35:14+0200,11a69610-5784-4b57-b1a9-c7b60bf32891,2026-09-24T10:30:00Z,2026-09-24T12:30:00+0200,70.81,EUR/MWh,DK1,DK_1,imbalance_price,Long,2026-09-25T14:38:37Z
2026-09-25T14:35:14Z,2026-09-25T16:35:14+0200,11a69610-5784-4b57-b1a9-c7b60bf32891,2026-09-24T10:30:00Z,2026-09-24T12:30:00+0200,70.81,EUR/MWh,DK1,DK_1,imbalance_price,Short,2026-09-25T14:38:37Z
2026-09-25T14:35:14Z,2026-09-25T16:35:14+0200,11a69610-5784-4b57-b1a9-c7b60bf32891,2026-09-24T10:45:00Z,2026-09-24T12:45:00+0200,178.54,EUR/MWh,DK1,DK_1,imbalance_price,Long,2026-09-25T14:38:37Z
2026-09-25T14:35:14Z,2026-09-25T16:35:14+0200,11a69610-5784-4b57-b1a9-c7b60bf32891,2026-09-24T10:45:00Z,2026-09-24T12:45:00+0200,178.54,EUR/MWh,DK1,DK_1,imbalance_price,Short,2026-09-25T14:38:37Z
2026-09-25T14:35:14Z,2026-09-25T16:35:14+0200,11a69610-5784-4b57-b1a9-c7b60bf32891,2026-09-24T11:00:00Z,2026-09-24T13:00:00+0200,141.1,EUR/MWh,DK1,DK_1,imbalance_price,Long,2026-09-25T14:38:37Z
2026-09-25T14:35:14Z,2026-09-25T16:35:14+0200,11a69610-5784-4b57-b1a9-c7b60bf32891,2026-09-24T11:00:00Z,2026-09-24T13:00:00+0200,141.1,EUR/MWh,DK1,DK_1,imbalance_price,Short,2026-09-25T14:38:37Z
2026-09-25T14:35:14Z,2026-09-25T16:35:14+0200,11a69610-5784-4b57-b1a9-c7b60bf32891,2026-09-24T11:15:00Z,2026-09-24T13:15:00+0200,134.33,EUR/MWh,DK1,DK_1,imbalance_price,Long,2026-09-25T14:38:37Z
2026-09-25T14:35:14Z,2026-09-25T16:35:14+0200,11a69610-5784-4b57-b1a9-c7b60bf32891,2026-09-24T11:15:00Z,2026-09-24T13:15:00+0200,134.33,EUR/MWh,DK1,DK_1,imbalance_price,Short,2026-09-25T14:38:37Z
2026-09-25T14:35:14Z,2026-09-25T16:35:14+0200,11a69610-5784-4b57-b1a9-c7b60bf32891,2026-09-24T11:30:00Z,2026-09-24T13:30:00+0200,26.75,EUR/MWh,DK1,DK_1,imbalance_price,Long,2026-09-25T14:38:37Z
2026-09-25T14:35:14Z,2026-09-25T16:35:14+0200,11a69610-5784-4b57-b1a9-c7b60bf32891,2026-09-24T11:30:00Z,2026-09-24T13:30:00+0200,26.75,EUR/MWh,DK1,DK_1,imbalance_price,Short,2026-09-25T14:38:37Z
2026-09-25T14:35:14Z,2026-09-25T16:35:14+0200,11a69610-5784-4b57-b1a9-c7b60bf32891,2026-09-24T11:45:00Z,2026-09-24T13:45:00+0200,67.25,EUR/MWh,DK1,DK_1,imbalance_price,Long,2026-09-25T14:38:37Z
2026-09-25T14:35:14Z,2026-09-25T16:35:14+0200,11a69610-5784-4b57-b1a9-c7b60bf32891,2026-09-24T11:45:00Z,2026-09-24T13:45:00+0200,67.25,EUR/MWh,DK1,DK_1,imbalance_price,Short,2026-09-25T14:38:37Z
2026-09-25T14:35:14Z,2026-09-25T16:35:14+0200,11a69610-5784-4b57-b1a9-c7b60bf32891,2026-09-24T12:00:00Z,2026-09-24T14:00:00+0200,69.11,EUR/MWh,DK1,DK_1,imbalance_price,Long,2026-09-25T14:38:37Z
2026-09-25T14:35:14Z,2026-09-25T16:35:14+0200,11a69610-5784-4b57-b1a9-c7b60bf32891,2026-09-24T12:00:00Z,2026-09-24T14:00:00+0200,69.11,EUR/MWh,DK1,DK_1,imbalance_price,Short,2026-09-25T14:38:37Z
2026-09-25T14:35:14Z,2026-09-25T16:35:14+0200,11a69610-5784-4b57-b1a9-c7b60bf32891,2026-09-24T12:15:00Z,2026-09-24T14:15:00+0200,29.42,EUR/MWh,DK1,DK_1,imbalance_price,Long,2026-09-25T14:38:37Z
2026-09-25T14:35:14Z,2026-09-25T16:35:14+0200,11a69610-5784-4b57-b1a9-c7b60bf32891,2026-09-24T12:15:00Z,2026-09-24T14:15:00+0200,29.42,EUR/MWh,DK1,DK_1,imbalance_price,Short,2026-09-25T14:38:37Z
2026-09-25T14:35:14Z,2026-09-25T16:35:14+0200,11a69610-5784-4b57-b1a9-c7b60bf32891,2026-09-24T12:30:00Z,2026-09-24T14:30:00+0200,16.38,EUR/MWh,DK1,DK_1,imbalance_price,Long,2026-09-25T14:38:37Z
2026-09-25T14:35:14Z,2026-09-25T16:35:14+0200,11a69610-5784-4b57-b1a9-c7b60bf32891,2026-09-24T12:30:00Z,2026-09-24T14:30:00+0200,16.38,EUR/MWh,DK1,DK_1,imbalance_price,Short,2026-09-25T14:38:37Z
2026-09-25T14:35:14Z,2026-09-25T16:35:14+0200,11a69610-5784-4b57-b1a9-c7b60bf32891,2026-09-24T12:45:00Z,2026-09-24T14:45:00+0200,19.55,EUR/MWh,DK1,DK_1,imbalance_price,Long,2026-09-25T14:38:37Z
2026-09-25T14:35:14Z,2026-09-25T16:35:14+0200,11a69610-5784-4b57-b1a9-c7b60bf32891,2026-09-24T12:45:00Z,2026-09-24T14:45:00+0200,19.55,EUR/MWh,DK1,DK_1,imbalance_price,Short,2026-09-25T14:38:37Z
2026-09-25T14:35:14Z,2026-09-25T16:35:14+0200,11a69610-5784-4b57-b1a9-c7b60bf32891,2026-09-24T13:00:00Z,2026-09-24T15:00:00+0200,85.51,EUR/MWh,DK1,DK_1,imbalance_price,Long,2026-09-25T14:38:37Z
2026-09-25T14:35:14Z,2026-09-25T16:35:14+0200,11a69610-5784-4b57-b1a9-c7b60bf32891,2026-09-24T13:00:00Z,2026-09-24T15:00:00+0200,85.51,EUR/MWh,DK1,DK_1,imbalance_price,Short,2026-09-25T14:38:37Z
2026-09-25T14:35:14Z,2026-09-25T16:35:14+0200,11a69610-5784-4b57-b1a9-c7b60bf32891,2026-09-24T13:15:00Z,2026-09-24T15:15:00+0200,108.5,EUR/MWh,DK1,DK_1,imbalance_price,Long,2026-09-25T14:38:37Z
2026-09-25T14:35:14Z,2026-09-25T16:35:14+0200,11a69610-5784-4b57-b1a9-c7b60bf32891,2026-09-24T13:15:00Z,2026-09-24T15:15:00+0200,108.5,EUR/MWh,DK1,DK_1,imbalance_price,Short,2026-09-25T14:38:37Z
2026-09-25T14:35:14Z,2026-09-25T16:35:14+0200,11a69610-5784-4b57-b1a9-c7b60bf32891,2026-09-24T13:30:00Z,2026-09-24T15:30:00+0200,122.51,EUR/MWh,DK1,DK_1,imbalance_price,Long,2026-09-25T14:38:37Z
2026-09-25T14:35:14Z,2026-09-25T16:35:14+0200,11a69610-5784-4b57-b1a9-c7b60bf32891,2026-09-24T13:30:00Z,2026-09-24T15:30:00+0200,122.51,EUR/MWh,DK1,DK_1,imbalance_price,Short,2026-09-25T14:38:37Z
2026-09-25T14:35:14Z,2026-09-25T16:35:14+0200,11a69610-5784-4b57-b1a9-c7b60bf32891,2026-09-24T13:45:00Z,2026-09-24T15:45:00+0200,37.37,EUR/MWh,DK1,DK_1,imbalance_price,Long,2026-09-25T14:38:37Z
2026-09-25T14:35:14Z,2026-09-25T16:35:14+0200,11a69610-5784-4b57-b1a9-c7b60bf32891,2026-09-24T13:45:00Z,2026-09-24T15:45:00+0200,37.37,EUR/MWh,DK1,DK_1,imbalance_price,Short,2026-09-25T14:38:37Z
2026-09-25T14:35:14Z,2026-09-25T16:35:14+0200,11a69610-5784-4b57-b1a9-c7b60bf32891,2026-09-24T14:00:00Z,2026-09-24T16:00:00+0200,91.16,EUR/MWh,DK1,DK_1,imbalance_price,Long,2026-09-25T14:38:37Z
2026-09-25T14:35:14Z,2026-09-25T16:35:14+0200,11a69610-5784-4b57-b1a9-c7b60bf32891,2026-09-24T14:00:00Z,2026-09-24T16:00:00+0200,91.16,EUR/MWh,DK1,DK_1,imbalance_price,Short,2026-09-25T14:38:37Z
2026-09-25T14:35:14Z,2026-09-25T16:35:14+0200,11a69610-5784-4b57-b1a9-c7b60bf32891,2026-09-24T14:15:00Z,2026-09-24T16:15:00+0200,88.75,EUR/MWh,DK1,DK_1,imbalance_price,Long,2026-09-25T14:38:37Z
2026-09-25T14:35:14Z,2026-09-25T16:35:14+0200,11a69610-5784-4b57-b1a9-c7b60bf32891,2026-09-24T14:15:00Z,2026-09-24T16:15:00+0200,88.75,EUR/MWh,DK1,DK_1,imbalance_price,Short,2026-09-25T14:38:37Z
2026-09-25T14:35:14Z,2026-09-25T16:35:14+0200,11a69610-5784-4b57-b1a9-c7b60bf32891,2026-09-24T14:30:00Z,2026-09-24T16:30:00+0200,132.2,EUR/MWh,DK1,DK_1,imbalance_price,Long,2026-09-25T14:38:37Z
2026-09-25T14:35:14Z,2026-09-25T16:35:14+0200,11a69610-5784-4b57-b1a9-c7b60bf32891,2026-09-24T14:30:00Z,2026-09-24T16:30:00+0200,132.2,EUR/MWh,DK1,DK_1,imbalance_price,Short,2026-09-25T14:38:37Z
2026-09-25T14:35:14Z,2026-09-25T16:35:14+0200,11a69610-5784-4b57-b1a9-c7b60bf32891,2026-09-24T14:45:00Z,2026-09-24T16:45:00+0200,152.25,EUR/MWh,DK1,DK_1,imbalance_price,Long,2026-09-25T14:38:37Z
2026-09-25T14:35:14Z,2026-09-25T16:35:14+0200,11a69610-5784-4b57-b1a9-c7b60bf32891,2026-09-24T14:45:00Z,2026-09-24T16:45:00+0200,152.25,EUR/MWh,DK1,DK_1,imbalance_price,Short,2026-09-25T14:38:37Z
2026-09-25T14:35:14Z,2026-09-25T16:35:14+0200,11a69610-5784-4b57-b1a9-c7b60bf32891,2026-09-24T15:00:00Z,2026-09-24T17:00:00+0200,221.05,EUR/MWh,DK1,DK_1,imbalance_price,Long,2026-09-25T14:38:37Z
2026-09-25T14:35:14Z,2026-09-25T16:35:14+0200,11a69610-5784-4b57-b1a9-c7b60bf32891,2026-09-24T15:00:00Z,2026-09-24T17:00:00+0200,221.05,EUR/MWh,DK1,DK_1,imbalance_price,Short,2026-09-25T14:38:37Z
2026-09-25T14:35:14Z,2026-09-25T16:35:14+0200,11a69610-5784-4b57-b1a9-c7b60bf32891,2026-09-24T15:15:00Z,2026-09-24T17:15:00+0200,169.32,EUR/MWh,DK1,DK_1,imbalance_price,Long,2026-09-25T14:38:37Z
2026-09-25T14:35:14Z,2026-09-25T16:35:14+0200,11a69610-5784-4b57-b1a9-c7b60bf32891,2026-09-24T15:15:00Z,2026-09-24T17:15:00+0200,169.32,EUR/MWh,DK1,DK_1,imbalance_price,Short,2026-09-25T14:38:37Z
2026-09-25T14:35:14Z,2026-09-25T16:35:14+0200,11a69610-5784-4b57-b1a9-c7b60bf32891,2026-09-24T15:30:00Z,2026-09-24T17:30:00+0200,325.37,EUR/MWh,DK1,DK_1,imbalance_price,Long,2026-09-25T14:38:37Z
2026-09-25T14:35:14Z,2026-09-25T16:35:14+0200,11a69610-5784-4b57-b1a9-c7b60bf32891,2026-09-24T15:30:00Z,2026-09-24T17:30:00+0200,325.37,EUR/MWh,DK1,DK_1,imbalance_price,Short,2026-09-25T14:38:37Z
2026-09-25T14:35:14Z,2026-09-25T16:35:14+0200,11a69610-5784-4b57-b1a9-c7b60bf32891,2026-09-24T15:45:00Z,2026-09-24T17:45:00+0200,301.27,EUR/MWh,DK1,DK_1,imbalance_price,Long,2026-09-25T14:38:37Z
2026-09-25T14:35:14Z,2026-09-25T16:35:14+0200,11a69610-5784-4b57-b1a9-c7b60bf32891,2026-09-24T15:45:00Z,2026-09-24T17:45:00+0200,301.27,EUR/MWh,DK1,DK_1,imbalance_price,Short,2026-09-25T14:38:37Z
2026-09-25T14:35:14Z,2026-09-25T16:35:14+0200,11a69610-5784-4b57-b1a9-c7b60bf32891,2026-09-24T16:00:00Z,2026-09-24T18:00:00+0200,350.25,EUR/MWh,DK1,DK_1,imbalance_price,Long,2026-09-25T14:38:37Z
2026-09-25T14:35:14Z,2026-09-25T16:35:14+0200,11a69610-5784-4b57-b1a9-c7b60bf32891,2026-09-24T16:00:00Z,2026-09-24T18:00:00+0200,350.25,EUR/MWh,DK1,DK_1,imbalance_price,Short,2026-09-25T14:38:37Z
2026-09-25T14:35:14Z,2026-09-25T16:35:14+0200,11a69610-5784-4b57-b1a9-c7b60bf32891,2026-09-24T16:15:00Z,2026-09-24T18:15:00+0200,214.59,EUR/MWh,DK1,DK_1,imbalance_price,Long,2026-09-25T14:38:37Z
2026-09-25T14:35:14Z,2026-09-25T16:35:14+0200,11a69610-5784-4b57-b1a9-c7b60bf32891,2026-09-24T16:15:00Z,2026-09-24T18:15:00+0200,214.59,EUR/MWh,DK1,DK_1,imbalance_price,Short,2026-09-25T14:38:37Z
2026-09-25T14:35:14Z,2026-09-25T16:35:14+0200,11a69610-5784-4b57-b1a9-c7b60bf32891,2026-09-24T16:30:00Z,2026-09-24T18:30:00+0200,396.38,EUR/MWh,DK1,DK_1,imbalance_price,Long,2026-09-25T14:38:37Z
2026-09-25T14:35:14Z,2026-09-25T16:35:14+0200,11a69610-5784-4b57-b1a9-c7b60bf32891,2026-09-24T16:30:00Z,2026-09-24T18:30:00+0200,396.38,EUR/MWh,DK1,DK_1,imbalance_price,Short,2026-09-25T14:38:37Z
2026-09-25T14:35:14Z,2026-09-25T16:35:14+0200,11a69610-5784-4b57-b1a9-c7b60bf32891,2026-09-24T16:45:00Z,2026-09-24T18:45:00+0200,306.12,EUR/MWh,DK1,DK_1,imbalance_price,Long,2026-09-25T14:38:37Z
2026-09-25T14:35:14Z,2026-09-25T16:35:14+0200,11a69610-5784-4b57-b1a9-c7b60bf32891,2026-09-24T16:45:00Z,2026-09-24T18:45:00+0200,306.12,EUR/MWh,DK1,DK_1,imbalance_price,Short,2026-09-25T14:38:37Z
2026-09-25T14:35:14Z,2026-09-25T16:35:14+0200,11a69610-5784-4b57-b1a9-c7b60bf32891,2026-09-24T17:00:00Z,2026-09-24T19:00:00+0200,346.16,EUR/MWh,DK1,DK_1,imbalance_price,Long,2026-09-25T14:38:37Z
2026-09-25T14:35:14Z,2026-09-25T16:35:14+0200,11a69610-5784-4b57-b1a9-c7b60bf32891,2026-09-24T17:00:00Z,2026-09-24T19:00:00+0200,346.16,EUR/MWh,DK1,DK_1,imbalance_price,Short,2026-09-25T14:38:37Z
2026-09-25T14:35:14Z,2026-09-25T16:35:14+0200,11a69610-5784-4b57-b1a9-c7b60bf32891,2026-09-24T17:15:00Z,2026-09-24T19:15:00+0200,802.62,EUR/MWh,DK1,DK_1,imbalance_price,Long,2026-09-25T14:38:37Z
2026-09-25T14:35:14Z,2026-09-25T16:35:14+0200,11a69610-5784-4b57-b1a9-c7b60bf32891,2026-09-24T17:15:00Z,2026-09-24T19:15:00+0200,802.62,EUR/MWh,DK1,DK_1,imbalance_price,Short,2026-09-25T14:38:37Z
2026-09-25T14:35:14Z,2026-09-25T16:35:14+0200,11a69610-5784-4b57-b1a9-c7b60bf32891,2026-09-24T17:30:00Z,2026-09-24T19:30:00+0200,1003.27,EUR/MWh,DK1,DK_1,imbalance_price,Long,2026-09-25T14:38:37Z
2026-09-25T14:35:14Z,2026-09-25T16:35:14+0200,11a69610-5784-4b57-b1a9-c7b60bf32891,2026-09-24T17:30:00Z,2026-09-24T19:30:00+0200,1003.27,EUR/MWh,DK1,DK_1,imbalance_price,Short,2026-09-25T14:38:37Z
2026-09-25T14:35:14Z,2026-09-25T16:35:14+0200,11a69610-5784-4b57-b1a9-c7b60bf32891,2026-09-24T17:45:00Z,2026-09-24T19:45:00+0200,535.87,EUR/MWh,DK1,DK_1,imbalance_price,Long,2026-09-25T14:38:37Z
2026-09-25T14:35:14Z,2026-09-25T16:35:14+0200,11a69610-5784-4b57-b1a9-c7b60bf32891,2026-09-24T17:45:00Z,2026-09-24T19:45:00+0200,535.87,EUR/MWh,DK1,DK_1,imbalance_price,Short,2026-09-25T14:38:37Z
2026-09-25T14:35:14Z,2026-09-25T16:35:14+0200,11a69610-5784-4b57-b1a9-c7b60bf32891,2026-09-24T18:00:00Z,2026-09-24T20:00:00+0200,378.2,EUR/MWh,DK1,DK_1,imbalance_price,Long,2026-09-25T14:38:37Z
2026-09-25T14:35:14Z,2026-09-25T16:35:14+0200,11a69610-5784-4b57-b1a9-c7b60bf32891,2026-09-24T18:00:00Z,2026-09-24T20:00:00+0200,378.2,EUR/MWh,DK1,DK_1,imbalance_price,Short,2026-09-25T14:38:37Z
2026-09-25T14:35:14Z,2026-09-25T16:35:14+0200,11a69610-5784-4b57-b1a9-c7b60bf32891,2026-09-24T18:15:00Z,2026-09-24T20:15:00+0200,291.29,EUR/MWh,DK1,DK_1,imbalance_price,Long,2026-09-25T14:38:37Z
2026-09-25T14:35:14Z,2026-09-25T16:35:14+0200,11a69610-5784-4b57-b1a9-c7b60bf32891,2026-09-24T18:15:00Z,2026-09-24T20:15:00+0200,291.29,EUR/MWh,DK1,DK_1,imbalance_price,Short,2026-09-25T14:38:37Z
2026-09-25T14:35:14Z,2026-09-25T16:35:14+0200,11a69610-5784-4b57-b1a9-c7b60bf32891,2026-09-24T18:30:00Z,2026-09-24T20:30:00+0200,253.5,EUR/MWh,DK1,DK_1,imbalance_price,Long,2026-09-25T14:38:37Z
2026-09-25T14:35:14Z,2026-09-25T16:35:14+0200,11a69610-5784-4b57-b1a9-c7b60bf32891,2026-09-24T18:30:00Z,2026-09-24T20:30:00+0200,253.5,EUR/MWh,DK1,DK_1,imbalance_price,Short,2026-09-25T14:38:37Z
2026-09-25T14:35:14Z,2026-09-25T16:35:14+0200,11a69610-5784-4b57-b1a9-c7b60bf32891,2026-09-24T18:45:00Z,2026-09-24T20:45:00+0200,119.58,EUR/MWh,DK1,DK_1,imbalance_price,Long,2026-09-25T14:38:37Z
2026-09-25T14:35:14Z,2026-09-25T16:35:14+0200,11a69610-5784-4b57-b1a9-c7b60bf32891,2026-09-24T18:45:00Z,2026-09-24T20:45:00+0200,119.58,EUR/MWh,DK1,DK_1,imbalance_price,Short,2026-09-25T14:38:37Z
2026-09-25T14:35:14Z,2026-09-25T16:35:14+0200,11a69610-5784-4b57-b1a9-c7b60bf32891,2026-09-24T19:00:00Z,2026-09-24T21:00:00+0200,137.3,EUR/MWh,DK1,DK_1,imbalance_price,Long,2026-09-25T14:38:37Z
2026-09-25T14:35:14Z,2026-09-25T16:35:14+0200,11a69610-5784-4b57-b1a9-c7b60bf32891,2026-09-24T19:00:00Z,2026-09-24T21:00:00+0200,137.3,EUR/MWh,DK1,DK_1,imbalance_price,Short,2026-09-25T14:38:37Z
2026-09-25T14:35:14Z,2026-09-25T16:35:14+0200,11a69610-5784-4b57-b1a9-c7b60bf32891,2026-09-24T19:15:00Z,2026-09-24T21:15:00+0200,229.81,EUR/MWh,DK1,DK_1,imbalance_price,Long,2026-09-25T14:38:37Z
2026-09-25T14:35:14Z,2026-09-25T16:35:14+0200,11a69610-5784-4b57-b1a9-c7b60bf32891,2026-09-24T19:15:00Z,2026-09-24T21:15:00+0200,229.81,EUR/MWh,DK1,DK_1,imbalance_price,Short,2026-09-25T14:38:37Z
2026-09-25T14:35:14Z,2026-09-25T16:35:14+0200,11a69610-5784-4b57-b1a9-c7b60bf32891,2026-09-24T19:30:00Z,2026-09-24T21:30:00+0200,311.36,EUR/MWh,DK1,DK_1,imbalance_price,Long,2026-09-25T14:38:37Z
2026-09-25T14:35:14Z,2026-09-25T16:35:14+0200,11a69610-5784-4b57-b1a9-c7b60bf32891,2026-09-24T19:30:00Z,2026-09-24T21:30:00+0200,311.36,EUR/MWh,DK1,DK_1,imbalance_price,Short,2026-09-25T14:38:37Z
2026-09-25T14:35:14Z,2026-09-25T16:35:14+0200,11a69610-5784-4b57-b1a9-c7b60bf32891,2026-09-24T19:45:00Z,2026-09-24T21:45:00+0200,334.5,EUR/MWh,DK1,DK_1,imbalance_price,Long,2026-09-25T14:38:37Z
2026-09-25T14:35:14Z,2026-09-25T16:35:14+0200,11a69610-5784-4b57-b1a9-c7b60bf32891,2026-09-24T19:45:00Z,2026-09-24T21:45:00+0200,334.5,EUR/MWh,DK1,DK_1,imbalance_price,Short,2026-09-25T14:38:37Z
2026-09-25T14:35:14Z,2026-09-25T16:35:14+0200,11a69610-5784-4b57-b1a9-c7b60bf32891,2026-09-24T20:00:00Z,2026-09-24T22:00:00+0200,334.5,EUR/MWh,DK1,DK_1,imbalance_price,Long,2026-09-25T14:38:37Z
2026-09-25T14:35:14Z,2026-09-25T16:35:14+0200,11a69610-5784-4b57-b1a9-c7b60bf32891,2026-09-24T20:00:00Z,2026-09-24T22:00:00+0200,334.5,EUR/MWh,DK1,DK_1,imbalance_price,Short,2026-09-25T14:38:37Z
2026-09-25T14:35:14Z,2026-09-25T16:35:14+0200,11a69610-5784-4b57-b1a9-c7b60bf32891,2026-09-24T20:15:00Z,2026-09-24T22:15:00+0200,334.5,EUR/MWh,DK1,DK_1,imbalance_price,Long,2026-09-25T14:38:37Z
2026-09-25T14:35:14Z,2026-09-25T16:35:14+0200,11a69610-5784-4b57-b1a9-c7b60bf32891,2026-09-24T20:15:00Z,2026-09-24T22:15:00+0200,334.5,EUR/MWh,DK1,DK_1,imbalance_price,Short,2026-09-25T14:38:37Z
2026-09-25T14:35:14Z,2026-09-25T16:35:14+0200,11a69610-5784-4b57-b1a9-c7b60bf32891,2026-09-24T20:30:00Z,2026-09-24T22:30:00+0200,387.68,EUR/MWh,DK1,DK_1,imbalance_price,Long,2026-09-25T14:38:37Z
2026-09-25T14:35:14Z,2026-09-25T16:35:14+0200,11a69610-5784-4b57-b1a9-c7b60bf32891,2026-09-24T20:30:00Z,2026-09-24T22:30:00+0200,387.68,EUR/MWh,DK1,DK_1,imbalance_price,Short,2026-09-25T14:38:37Z
2026-09-25T14:35:14Z,2026-09-25T16:35:14+0200,11a69610-5784-4b57-b1a9-c7b60bf32891,2026-09-24T20:45:00Z,2026-09-24T22:45:00+0200,401.31,EUR/MWh,DK1,DK_1,imbalance_price,Long,2026-09-25T14:38:37Z
2026-09-25T14:35:14Z,2026-09-25T16:35:14+0200,11a69610-5784-4b57-b1a9-c7b60bf32891,2026-09-24T20:45:00Z,2026-09-24T22:45:00+0200,401.31,EUR/MWh,DK1,DK_1,imbalance_price,Short,2026-09-25T14:38:37Z
2026-09-25T14:35:14Z,2026-09-25T16:35:14+0200,11a69610-5784-4b57-b1a9-c7b60bf32891,2026-09-24T21:00:00Z,2026-09-24T23:00:00+0200,319.1,EUR/MWh,DK1,DK_1,imbalance_price,Long,2026-09-25T14:38:37Z
2026-09-25T14:35:14Z,2026-09-25T16:35:14+0200,11a69610-5784-4b57-b1a9-c7b60bf32891,2026-09-24T21:00:00Z,2026-09-24T23:00:00+0200,319.1,EUR/MWh,DK1,DK_1,imbalance_price,Short,2026-09-25T14:38:37Z
2026-09-25T14:35:14Z,2026-09-25T16:35:14+0200,11a69610-5784-4b57-b1a9-c7b60bf32891,2026-09-24T21:15:00Z,2026-09-24T23:15:00+0200,188.05,EUR/MWh,DK1,DK_1,imbalance_price,Long,2026-09-25T14:38:37Z
2026-09-25T14:35:14Z,2026-09-25T16:35:14+0200,11a69610-5784-4b57-b1a9-c7b60bf32891,2026-09-24T21:15:00Z,2026-09-24T23:15:00+0200,188.05,EUR/MWh,DK1,DK_1,imbalance_price,Short,2026-09-25T14:38:37Z
2026-09-25T14:35:14Z,2026-09-25T16:35:14+0200,11a69610-5784-4b57-b1a9-c7b60bf32891,2026-09-24T21:30:00Z,2026-09-24T23:30:00+0200,290.35,EUR/MWh,DK1,DK_1,imbalance_price,Long,2026-09-25T14:38:37Z
2026-09-25T14:35:14Z,2026-09-25T16:35:14+0200,11a69610-5784-4b57-b1a9-c7b60bf32891,2026-09-24T21:30:00Z,2026-09-24T23:30:00+0200,290.35,EUR/MWh,DK1,DK_1,imbalance_price,Short,2026-09-25T14:38:37Z
2026-09-25T14:35:14Z,2026-09-25T16:35:14+0200,11a69610-5784-4b57-b1a9-c7b60bf32891,2026-09-24T21:45:00Z,2026-09-24T23:45:00+0200,243.53,EUR/MWh,DK1,DK_1,imbalance_price,Long,2026-09-25T14:38:37Z
2026-09-25T14:35:14Z,2026-09-25T16:35:14+0200,11a69610-5784-4b57-b1a9-c7b60bf32891,2026-09-24T21:45:00Z,2026-09-24T23:45:00+0200,243.53,EUR/MWh,DK1,DK_1,imbalance_price,Short,2026-09-25T14:38:37Z
2026-09-25T14:35:14Z,2026-09-25T16:35:14+0200,11a69610-5784-4b57-b1a9-c7b60bf32891,2026-09-24T22:00:00Z,2026-09-25T00:00:00+0200,196.97,EUR/MWh,DK1,DK_1,imbalance_price,Long,2026-09-25T14:38:37Z
2026-09-25T14:35:14Z,2026-09-25T16:35:14+0200,11a69610-5784-4b57-b1a9-c7b60bf32891,2026-09-24T22:00:00Z,2026-09-25T00:00:00+0200,196.97,EUR/MWh,DK1,DK_1,imbalance_price,Short,2026-09-25T14:38:37Z
2026-09-25T14:35:14Z,2026-09-25T16:35:14+0200,11a69610-5784-4b57-b1a9-c7b60bf32891,2026-09-24T22:15:00Z,2026-09-25T00:15:00+0200,125.68,EUR/MWh,DK1,DK_1,imbalance_price,Long,2026-09-25T14:38:37Z
2026-09-25T14:35:14Z,2026-09-25T16:35:14+0200,11a69610-5784-4b57-b1a9-c7b60bf32891,2026-09-24T22:15:00Z,2026-09-25T00:15:00+0200,125.68,EUR/MWh,DK1,DK_1,imbalance_price,Short,2026-09-25T14:38:37Z
2026-09-25T14:35:14Z,2026-09-25T16:35:14+0200,11a69610-5784-4b57-b1a9-c7b60bf32891,2026-09-24T22:30:00Z,2026-09-25T00:30:00+0200,175.72,EUR/MWh,DK1,DK_1,imbalance_price,Long,2026-09-25T14:38:37Z
2026-09-25T14:35:14Z,2026-09-25T16:35:14+0200,11a69610-5784-4b57-b1a9-c7b60bf32891,2026-09-24T22:30:00Z,2026-09-25T00:30:00+0200,175.72,EUR/MWh,DK1,DK_1,imbalance_price,Short,2026-09-25T14:38:37Z
2026-09-25T14:35:14Z,2026-09-25T16:35:14+0200,11a69610-5784-4b57-b1a9-c7b60bf32891,2026-09-24T22:45:00Z,2026-09-25T00:45:00+0200,170.56,EUR/MWh,DK1,DK_1,imbalance_price,Long,2026-09-25T14:38:37Z
2026-09-25T14:35:14Z,2026-09-25T16:35:14+0200,11a69610-5784-4b57-b1a9-c7b60bf32891,2026-09-24T22:45:00Z,2026-09-25T00:45:00+0200,170.56,EUR/MWh,DK1,DK_1,imbalance_price,Short,2026-09-25T14:38:37Z
2026-09-25T14:35:14Z,2026-09-25T16:35:14+0200,11a69610-5784-4b57-b1a9-c7b60bf32891,2026-09-24T23:00:00Z,2026-09-25T01:00:00+0200,175.1,EUR/MWh,DK1,DK_1,imbalance_price,Long,2026-09-25T14:38:37Z
2026-09-25T14:35:14Z,2026-09-25T16:35:14+0200,11a69610-5784-4b57-b1a9-c7b60bf32891,2026-09-24T23:00:00Z,2026-09-25T01:00:00+0200,175.1,EUR/MWh,DK1,DK_1,imbalance_price,Short,2026-09-25T14:38:37Z
2026-09-25T14:35:14Z,2026-09-25T16:35:14+0200,11a69610-5784-4b57-b1a9-c7b60bf32891,2026-09-24T23:15:00Z,2026-09-25T01:15:00+0200,126.0,EUR/MWh,DK1,DK_1,imbalance_price,Long,2026-09-25T14:38:37Z
2026-09-25T14:35:14Z,2026-09-25T16:35:14+0200,11a69610-5784-4b57-b1a9-c7b60bf32891,2026-09-24T23:15:00Z,2026-09-25T01:15:00+0200,126.0,EUR/MWh,DK1,DK_1,imbalance_price,Short,2026-09-25T14:38:37Z
2026-09-25T14:35:14Z,2026-09-25T16:35:14+0200,11a69610-5784-4b57-b1a9-c7b60bf32891,2026-09-24T23:30:00Z,2026-09-25T01:30:00+0200,171.4,EUR/MWh,DK1,DK_1,imbalance_price,Long,2026-09-25T14:38:37Z
2026-09-25T14:35:14Z,2026-09-25T16:35:14+0200,11a69610-5784-4b57-b1a9-c7b60bf32891,2026-09-24T23:30:00Z,2026-09-25T01:30:00+0200,171.4,EUR/MWh,DK1,DK_1,imbalance_price,Short,2026-09-25T14:38:37Z
2026-09-25T14:35:14Z,2026-09-25T16:35:14+0200,11a69610-5784-4b57-b1a9-c7b60bf32891,2026-09-24T23:45:00Z,2026-09-25T01:45:00+0200,170.16,EUR/MWh,DK1,DK_1,imbalance_price,Long,2026-09-25T14:38:37Z
2026-09-25T14:35:14Z,2026-09-25T16:35:14+0200,11a69610-5784-4b57-b1a9-c7b60bf32891,2026-09-24T23:45:00Z,2026-09-25T01:45:00+0200,170.16,EUR/MWh,DK1,DK_1,imbalance_price,Short,2026-09-25T14:38:37Z
2026-09-25T14:35:14Z,2026-09-25T16:35:14+0200,11a69610-5784-4b57-b1a9-c7b60bf32891,2026-09-25T00:00:00Z,2026-09-25T02:00:00+0200,184.46,EUR/MWh,DK1,DK_1,imbalance_price,Long,2026-09-25T14:38:37Z
2026-09-25T14:35:14Z,2026-09-25T16:35:14+0200,11a69610-5784-4b57-b1a9-c7b60bf32891,2026-09-25T00:00:00Z,2026-09-25T02:00:00+0200,184.46,EUR/MWh,DK1,DK_1,imbalance_price,Short,2026-09-25T14:38:37Z
2026-09-25T14:35:14Z,2026-09-25T16:35:14+0200,11a69610-5784-4b57-b1a9-c7b60bf32891,2026-09-25T00:15:00Z,2026-09-25T02:15:00+0200,217.87,EUR/MWh,DK1,DK_1,imbalance_price,Long,2026-09-25T14:38:37Z
2026-09-25T14:35:14Z,2026-09-25T16:35:14+0200,11a69610-5784-4b57-b1a9-c7b60bf32891,2026-09-25T00:15:00Z,2026-09-25T02:15:00+0200,217.87,EUR/MWh,DK1,DK_1,imbalance_price,Short,2026-09-25T14:38:37Z
2026-09-25T14:35:14Z,2026-09-25T16:35:14+0200,11a69610-5784-4b57-b1a9-c7b60bf32891,2026-09-25T00:30:00Z,2026-09-25T02:30:00+0200,361.26,EUR/MWh,DK1,DK_1,imbalance_price,Long,2026-09-25T14:38:37Z
2026-09-25T14:35:14Z,2026-09-25T16:35:14+0200,11a69610-5784-4b57-b1a9-c7b60bf32891,2026-09-25T00:30:00Z,2026-09-25T02:30:00+0200,361.26,EUR/MWh,DK1,DK_1,imbalance_price,Short,2026-09-25T14:38:37Z
2026-09-25T14:35:14Z,2026-09-25T16:35:14+0200,11a69610-5784-4b57-b1a9-c7b60bf32891,2026-09-25T00:45:00Z,2026-09-25T02:45:00+0200,374.56,EUR/MWh,DK1,DK_1,imbalance_price,Long,2026-09-25T14:38:37Z
2026-09-25T14:35:14Z,2026-09-25T16:35:14+0200,11a69610-5784-4b57-b1a9-c7b60bf32891,2026-09-25T00:45:00Z,2026-09-25T02:45:00+0200,374.56,EUR/MWh,DK1,DK_1,imbalance_price,Short,2026-09-25T14:38:37Z
2026-09-25T14:35:14Z,2026-09-25T16:35:14+0200,11a69610-5784-4b57-b1a9-c7b60bf32891,2026-09-25T01:00:00Z,2026-09-25T03:00:00+0200,218.21,EUR/MWh,DK1,DK_1,imbalance_price,Long,2026-09-25T14:38:37Z
2026-09-25T14:35:14Z,2026-09-25T16:35:14+0200,11a69610-5784-4b57-b1a9-c7b60bf32891,2026-09-25T01:00:00Z,2026-09-25T03:00:00+0200,218.21,EUR/MWh,DK1,DK_1,imbalance_price,Short,2026-09-25T14:38:37Z
2026-09-25T14:35:14Z,2026-09-25T16:35:14+0200,11a69610-5784-4b57-b1a9-c7b60bf32891,2026-09-25T01:15:00Z,2026-09-25T03:15:00+0200,123.0,EUR/MWh,DK1,DK_1,imbalance_price,Long,2026-09-25T14:38:37Z
2026-09-25T14:35:14Z,2026-09-25T16:35:14+0200,11a69610-5784-4b57-b1a9-c7b60bf32891,2026-09-25T01:15:00Z,2026-09-25T03:15:00+0200,123.0,EUR/MWh,DK1,DK_1,imbalance_price,Short,2026-09-25T14:38:37Z
2026-09-25T14:35:14Z,2026-09-25T16:35:14+0200,11a69610-5784-4b57-b1a9-c7b60bf32891,2026-09-25T01:30:00Z,2026-09-25T03:30:00+0200,123.7,EUR/MWh,DK1,DK_1,imbalance_price,Long,2026-09-25T14:38:37Z
2026-09-25T14:35:14Z,2026-09-25T16:35:14+0200,11a69610-5784-4b57-b1a9-c7b60bf32891,2026-09-25T01:30:00Z,2026-09-25T03:30:00+0200,123.7,EUR/MWh,DK1,DK_1,imbalance_price,Short,2026-09-25T14:38:37Z
2026-09-25T14:35:14Z,2026-09-25T16:35:14+0200,11a69610-5784-4b57-b1a9-c7b60bf32891,2026-09-25T01:45:00Z,2026-09-25T03:45:00+0200,124.2,EUR/MWh,DK1,DK_1,imbalance_price,Long,2026-09-25T14:38:37Z
2026-09-25T14:35:14Z,2026-09-25T16:35:14+0200,11a69610-5784-4b57-b1a9-c7b60bf32891,2026-09-25T01:45:00Z,2026-09-25T03:45:00+0200,124.2,EUR/MWh,DK1,DK_1,imbalance_price,Short,2026-09-25T14:38:37Z
2026-09-25T14:35:14Z,2026-09-25T16:35:14+0200,11a69610-5784-4b57-b1a9-c7b60bf32891,2026-09-25T02:00:00Z,2026-09-25T04:00:00+0200,172.33,EUR/MWh,DK1,DK_1,imbalance_price,Long,2026-09-25T14:38:37Z
2026-09-25T14:35:14Z,2026-09-25T16:35:14+0200,11a69610-5784-4b57-b1a9-c7b60bf32891,2026-09-25T02:00:00Z,2026-09-25T04:00:00+0200,172.33,EUR/MWh,DK1,DK_1,imbalance_price,Short,2026-09-25T14:38:37Z
2026-09-25T14:35:14Z,2026-09-25T16:35:14+0200,11a69610-5784-4b57-b1a9-c7b60bf32891,2026-09-25T02:15:00Z,2026-09-25T04:15:00+0200,171.21,EUR/MWh,DK1,DK_1,imbalance_price,Long,2026-09-25T14:38:37Z
2026-09-25T14:35:14Z,2026-09-25T16:35:14+0200,11a69610-5784-4b57-b1a9-c7b60bf32891,2026-09-25T02:15:00Z,2026-09-25T04:15:00+0200,171.21,EUR/MWh,DK1,DK_1,imbalance_price,Short,2026-09-25T14:38:37Z
2026-09-25T14:35:14Z,2026-09-25T16:35:14+0200,11a69610-5784-4b57-b1a9-c7b60bf32891,2026-09-25T02:30:00Z,2026-09-25T04:30:00+0200,170.34,EUR/MWh,DK1,DK_1,imbalance_price,Long,2026-09-25T14:38:37Z
2026-09-25T14:35:14Z,2026-09-25T16:35:14+0200,11a69610-5784-4b57-b1a9-c7b60bf32891,2026-09-25T02:30:00Z,2026-09-25T04:30:00+0200,170.34,EUR/MWh,DK1,DK_1,imbalance_price,Short,2026-09-25T14:38:37Z
2026-09-25T14:35:14Z,2026-09-25T16:35:14+0200,11a69610-5784-4b57-b1a9-c7b60bf32891,2026-09-25T02:45:00Z,2026-09-25T04:45:00+0200,125.54,EUR/MWh,DK1,DK_1,imbalance_price,Long,2026-09-25T14:38:37Z
2026-09-25T14:35:14Z,2026-09-25T16:35:14+0200,11a69610-5784-4b57-b1a9-c7b60bf32891,2026-09-25T02:45:00Z,2026-09-25T04:45:00+0200,125.54,EUR/MWh,DK1,DK_1,imbalance_price,Short,2026-09-25T14:38:37Z
2026-09-25T14:35:14Z,2026-09-25T16:35:14+0200,11a69610-5784-4b57-b1a9-c7b60bf32891,2026-09-25T03:00:00Z,2026-09-25T05:00:00+0200,122.8,EUR/MWh,DK1,DK_1,imbalance_price,Long,2026-09-25T14:38:37Z
2026-09-25T14:35:14Z,2026-09-25T16:35:14+0200,11a69610-5784-4b57-b1a9-c7b60bf32891,2026-09-25T03:00:00Z,2026-09-25T05:00:00+0200,122.8,EUR/MWh,DK1,DK_1,imbalance_price,Short,2026-09-25T14:38:37Z
2026-09-25T14:35:14Z,2026-09-25T16:35:14+0200,11a69610-5784-4b57-b1a9-c7b60bf32891,2026-09-25T03:15:00Z,2026-09-25T05:15:00+0200,128.0,EUR/MWh,DK1,DK_1,imbalance_price,Long,2026-09-25T14:38:37Z
2026-09-25T14:35:14Z,2026-09-25T16:35:14+0200,11a69610-5784-4b57-b1a9-c7b60bf32891,2026-09-25T03:15:00Z,2026-09-25T05:15:00+0200,128.0,EUR/MWh,DK1,DK_1,imbalance_price,Short,2026-09-25T14:38:37Z
2026-09-25T14:35:14Z,2026-09-25T16:35:14+0200,11a69610-5784-4b57-b1a9-c7b60bf32891,2026-09-25T03:30:00Z,2026-09-25T05:30:00+0200,133.79,EUR/MWh,DK1,DK_1,imbalance_price,Long,2026-09-25T14:38:37Z
2026-09-25T14:35:14Z,2026-09-25T16:35:14+0200,11a69610-5784-4b57-b1a9-c7b60bf32891,2026-09-25T03:30:00Z,2026-09-25T05:30:00+0200,133.79,EUR/MWh,DK1,DK_1,imbalance_price,Short,2026-09-25T14:38:37Z
2026-09-25T14:35:14Z,2026-09-25T16:35:14+0200,11a69610-5784-4b57-b1a9-c7b60bf32891,2026-09-25T03:45:00Z,2026-09-25T05:45:00+0200,218.94,EUR/MWh,DK1,DK_1,imbalance_price,Long,2026-09-25T14:38:37Z
2026-09-25T14:35:14Z,2026-09-25T16:35:14+0200,11a69610-5784-4b57-b1a9-c7b60bf32891,2026-09-25T03:45:00Z,2026-09-25T05:45:00+0200,218.94,EUR/MWh,DK1,DK_1,imbalance_price,Short,2026-09-25T14:38:37Z
2026-09-25T14:35:14Z,2026-09-25T16:35:14+0200,11a69610-5784-4b57-b1a9-c7b60bf32891,2026-09-25T04:00:00Z,2026-09-25T06:00:00+0200,310.13,EUR/MWh,DK1,DK_1,imbalance_price,Long,2026-09-25T14:38:37Z
2026-09-25T14:35:14Z,2026-09-25T16:35:14+0200,11a69610-5784-4b57-b1a9-c7b60bf32891,2026-09-25T04:00:00Z,2026-09-25T06:00:00+0200,310.13,EUR/MWh,DK1,DK_1,imbalance_price,Short,2026-09-25T14:38:37Z
2026-09-25T14:35:14Z,2026-09-25T16:35:14+0200,11a69610-5784-4b57-b1a9-c7b60bf32891,2026-09-25T04:15:00Z,2026-09-25T06:15:00+0200,242.74,EUR/MWh,DK1,DK_1,imbalance_price,Long,2026-09-25T14:38:37Z
2026-09-25T14:35:14Z,2026-09-25T16:35:14+0200,11a69610-5784-4b57-b1a9-c7b60bf32891,2026-09-25T04:15:00Z,2026-09-25T06:15:00+0200,242.74,EUR/MWh,DK1,DK_1,imbalance_price,Short,2026-09-25T14:38:37Z
2026-09-25T14:35:14Z,2026-09-25T16:35:14+0200,11a69610-5784-4b57-b1a9-c7b60bf32891,2026-09-25T04:30:00Z,2026-09-25T06:30:00+0200,279.74,EUR/MWh,DK1,DK_1,imbalance_price,Long,2026-09-25T14:38:37Z
2026-09-25T14:35:14Z,2026-09-25T16:35:14+0200,11a69610-5784-4b57-b1a9-c7b60bf32891,2026-09-25T04:30:00Z,2026-09-25T06:30:00+0200,279.74,EUR/MWh,DK1,DK_1,imbalance_price,Short,2026-09-25T14:38:37Z
2026-09-25T14:35:14Z,2026-09-25T16:35:14+0200,11a69610-5784-4b57-b1a9-c7b60bf32891,2026-09-25T04:45:00Z,2026-09-25T06:45:00+0200,272.58,EUR/MWh,DK1,DK_1,imbalance_price,Long,2026-09-25T14:38:37Z
2026-09-25T14:35:14Z,2026-09-25T16:35:14+0200,11a69610-5784-4b57-b1a9-c7b60bf32891,2026-09-25T04:45:00Z,2026-09-25T06:45:00+0200,272.58,EUR/MWh,DK1,DK_1,imbalance_price,Short,2026-09-25T14:38:37Z
2026-09-25T14:35:14Z,2026-09-25T16:35:14+0200,11a69610-5784-4b57-b1a9-c7b60bf32891,2026-09-25T05:00:00Z,2026-09-25T07:00:00+0200,374.56,EUR/MWh,DK1,DK_1,imbalance_price,Long,2026-09-25T14:38:37Z
2026-09-25T14:35:14Z,2026-09-25T16:35:14+0200,11a69610-5784-4b57-b1a9-c7b60bf32891,2026-09-25T05:00:00Z,2026-09-25T07:00:00+0200,374.56,EUR/MWh,DK1,DK_1,imbalance_price,Short,2026-09-25T14:38:37Z
2026-09-25T14:35:14Z,2026-09-25T16:35:14+0200,11a69610-5784-4b57-b1a9-c7b60bf32891,2026-09-25T05:15:00Z,2026-09-25T07:15:00+0200,386.18,EUR/MWh,DK1,DK_1,imbalance_price,Long,2026-09-25T14:38:37Z
2026-09-25T14:35:14Z,2026-09-25T16:35:14+0200,11a69610-5784-4b57-b1a9-c7b60bf32891,2026-09-25T05:15:00Z,2026-09-25T07:15:00+0200,386.18,EUR/MWh,DK1,DK_1,imbalance_price,Short,2026-09-25T14:38:37Z
2026-09-25T14:35:14Z,2026-09-25T16:35:14+0200,11a69610-5784-4b57-b1a9-c7b60bf32891,2026-09-25T05:30:00Z,2026-09-25T07:30:00+0200,357.46,EUR/MWh,DK1,DK_1,imbalance_price,Long,2026-09-25T14:38:37Z
2026-09-25T14:35:14Z,2026-09-25T16:35:14+0200,11a69610-5784-4b57-b1a9-c7b60bf32891,2026-09-25T05:30:00Z,2026-09-25T07:30:00+0200,357.46,EUR/MWh,DK1,DK_1,imbalance_price,Short,2026-09-25T14:38:37Z
2026-09-25T14:35:14Z,2026-09-25T16:35:14+0200,11a69610-5784-4b57-b1a9-c7b60bf32891,2026-09-25T05:45:00Z,2026-09-25T07:45:00+0200,141.2,EUR/MWh,DK1,DK_1,imbalance_price,Long,2026-09-25T14:38:37Z
2026-09-25T14:35:14Z,2026-09-25T16:35:14+0200,11a69610-5784-4b57-b1a9-c7b60bf32891,2026-09-25T05:45:00Z,2026-09-25T07:45:00+0200,141.2,EUR/MWh,DK1,DK_1,imbalance_price,Short,2026-09-25T14:38:37Z
2026-09-25T14:35:14Z,2026-09-25T16:35:14+0200,11a69610-5784-4b57-b1a9-c7b60bf32891,2026-09-25T06:00:00Z,2026-09-25T08:00:00+0200,149.03,EUR/MWh,DK1,DK_1,imbalance_price,Long,2026-09-25T14:38:37Z
2026-09-25T14:35:14Z,2026-09-25T16:35:14+0200,11a69610-5784-4b57-b1a9-c7b60bf32891,2026-09-25T06:00:00Z,2026-09-25T08:00:00+0200,149.03,EUR/MWh,DK1,DK_1,imbalance_price,Short,2026-09-25T14:38:37Z
2026-09-25T14:35:14Z,2026-09-25T16:35:14+0200,11a69610-5784-4b57-b1a9-c7b60bf32891,2026-09-25T06:15:00Z,2026-09-25T08:15:00+0200,265.2,EUR/MWh,DK1,DK_1,imbalance_price,Long,2026-09-25T14:38:37Z
2026-09-25T14:35:14Z,2026-09-25T16:35:14+0200,11a69610-5784-4b57-b1a9-c7b60bf32891,2026-09-25T06:15:00Z,2026-09-25T08:15:00+0200,265.2,EUR/MWh,DK1,DK_1,imbalance_price,Short,2026-09-25T14:38:37Z
2026-09-25T14:35:14Z,2026-09-25T16:35:14+0200,11a69610-5784-4b57-b1a9-c7b60bf32891,2026-09-25T06:30:00Z,2026-09-25T08:30:00+0200,357.09,EUR/MWh,DK1,DK_1,imbalance_price,Long,2026-09-25T14:38:37Z
2026-09-25T14:35:14Z,2026-09-25T16:35:14+0200,11a69610-5784-4b57-b1a9-c7b60bf32891,2026-09-25T06:30:00Z,2026-09-25T08:30:00+0200,357.09,EUR/MWh,DK1,DK_1,imbalance_price,Short,2026-09-25T14:38:37Z
2026-09-25T14:35:14Z,2026-09-25T16:35:14+0200,11a69610-5784-4b57-b1a9-c7b60bf32891,2026-09-25T06:45:00Z,2026-09-25T08:45:00+0200,204.59,EUR/MWh,DK1,DK_1,imbalance_price,Long,2026-09-25T14:38:37Z
2026-09-25T14:35:14Z,2026-09-25T16:35:14+0200,11a69610-5784-4b57-b1a9-c7b60bf32891,2026-09-25T06:45:00Z,2026-09-25T08:45:00+0200,204.59,EUR/MWh,DK1,DK_1,imbalance_price,Short,2026-09-25T14:38:37Z
2026-09-25T14:35:14Z,2026-09-25T16:35:14+0200,11a69610-5784-4b57-b1a9-c7b60bf32891,2026-09-25T07:00:00Z,2026-09-25T09:00:00+0200,234.49,EUR/MWh,DK1,DK_1,imbalance_price,Long,2026-09-25T14:38:37Z
2026-09-25T14:35:14Z,2026-09-25T16:35:14+0200,11a69610-5784-4b57-b1a9-c7b60bf32891,2026-09-25T07:00:00Z,2026-09-25T09:00:00+0200,234.49,EUR/MWh,DK1,DK_1,imbalance_price,Short,2026-09-25T14:38:37Z
2026-09-25T14:35:14Z,2026-09-25T16:35:14+0200,11a69610-5784-4b57-b1a9-c7b60bf32891,2026-09-25T07:15:00Z,2026-09-25T09:15:00+0200,119.92,EUR/MWh,DK1,DK_1,imbalance_price,Long,2026-09-25T14:38:37Z
2026-09-25T14:35:14Z,2026-09-25T16:35:14+0200,11a69610-5784-4b57-b1a9-c7b60bf32891,2026-09-25T07:15:00Z,2026-09-25T09:15:00+0200,119.92,EUR/MWh,DK1,DK_1,imbalance_price,Short,2026-09-25T14:38:37Z
2026-09-25T14:35:14Z,2026-09-25T16:35:14+0200,11a69610-5784-4b57-b1a9-c7b60bf32891,2026-09-25T07:30:00Z,2026-09-25T09:30:00+0200,116.52,EUR/MWh,DK1,DK_1,imbalance_price,Long,2026-09-25T14:38:37Z
2026-09-25T14:35:14Z,2026-09-25T16:35:14+0200,11a69610-5784-4b57-b1a9-c7b60bf32891,2026-09-25T07:30:00Z,2026-09-25T09:30:00+0200,116.52,EUR/MWh,DK1,DK_1,imbalance_price,Short,2026-09-25T14:38:37Z
2026-09-25T14:35:14Z,2026-09-25T16:35:14+0200,11a69610-5784-4b57-b1a9-c7b60bf32891,2026-09-25T07:45:00Z,2026-09-25T09:45:00+0200,157.5,EUR/MWh,DK1,DK_1,imbalance_price,Long,2026-09-25T14:38:37Z
2026-09-25T14:35:14Z,2026-09-25T16:35:14+0200,11a69610-5784-4b57-b1a9-c7b60bf32891,2026-09-25T07:45:00Z,2026-09-25T09:45:00+0200,157.5,EUR/MWh,DK1,DK_1,imbalance_price,Short,2026-09-25T14:38:37Z
2026-09-25T14:35:14Z,2026-09-25T16:35:14+0200,11a69610-5784-4b57-b1a9-c7b60bf32891,2026-09-25T08:00:00Z,2026-09-25T10:00:00+0200,89.08,EUR/MWh,DK1,DK_1,imbalance_price,Long,2026-09-25T14:38:37Z
2026-09-25T14:35:14Z,2026-09-25T16:35:14+0200,11a69610-5784-4b57-b1a9-c7b60bf32891,2026-09-25T08:00:00Z,2026-09-25T10:00:00+0200,89.08,EUR/MWh,DK1,DK_1,imbalance_price,Short,2026-09-25T14:38:37Z
2026-09-25T14:35:14Z,2026-09-25T16:35:14+0200,11a69610-5784-4b57-b1a9-c7b60bf32891,2026-09-25T08:15:00Z,2026-09-25T10:15:00+0200,95.97,EUR/MWh,DK1,DK_1,imbalance_price,Long,2026-09-25T14:38:37Z
2026-09-25T14:35:14Z,2026-09-25T16:35:14+0200,11a69610-5784-4b57-b1a9-c7b60bf32891,2026-09-25T08:15:00Z,2026-09-25T10:15:00+0200,95.97,EUR/MWh,DK1,DK_1,imbalance_price,Short,2026-09-25T14:38:37Z
2026-09-25T14:35:14Z,2026-09-25T16:35:14+0200,11a69610-5784-4b57-b1a9-c7b60bf32891,2026-09-25T08:30:00Z,2026-09-25T10:30:00+0200,110.06,EUR/MWh,DK1,DK_1,imbalance_price,Long,2026-09-25T14:38:37Z
2026-09-25T14:35:14Z,2026-09-25T16:35:14+0200,11a69610-5784-4b57-b1a9-c7b60bf32891,2026-09-25T08:30:00Z,2026-09-25T10:30:00+0200,110.06,EUR/MWh,DK1,DK_1,imbalance_price,Short,2026-09-25T14:38:37Z
2026-09-25T14:35:14Z,2026-09-25T16:35:14+0200,11a69610-5784-4b57-b1a9-c7b60bf32891,2026-09-25T08:45:00Z,2026-09-25T10:45:00+0200,101.64,EUR/MWh,DK1,DK_1,imbalance_price,Long,2026-09-25T14:38:37Z
2026-09-25T14:35:14Z,2026-09-25T16:35:14+0200,11a69610-5784-4b57-b1a9-c7b60bf32891,2026-09-25T08:45:00Z,2026-09-25T10:45:00+0200,101.64,EUR/MWh,DK1,DK_1,imbalance_price,Short,2026-09-25T14:38:37Z
2026-09-25T14:35:14Z,2026-09-25T16:35:14+0200,11a69610-5784-4b57-b1a9-c7b60bf32891,2026-09-25T09:00:00Z,2026-09-25T11:00:00+0200,137.16,EUR/MWh,DK1,DK_1,imbalance_price,Long,2026-09-25T14:38:37Z
2026-09-25T14:35:14Z,2026-09-25T16:35:14+0200,11a69610-5784-4b57-b1a9-c7b60bf32891,2026-09-25T09:00:00Z,2026-09-25T11:00:00+0200,137.16,EUR/MWh,DK1,DK_1,imbalance_price,Short,2026-09-25T14:38:37Z
2026-09-25T14:35:14Z,2026-09-25T16:35:14+0200,11a69610-5784-4b57-b1a9-c7b60bf32891,2026-09-25T09:15:00Z,2026-09-25T11:15:00+0200,122.94,EUR/MWh,DK1,DK_1,imbalance_price,Long,2026-09-25T14:38:37Z
2026-09-25T14:35:14Z,2026-09-25T16:35:14+0200,11a69610-5784-4b57-b1a9-c7b60bf32891,2026-09-25T09:15:00Z,2026-09-25T11:15:00+0200,122.94,EUR/MWh,DK1,DK_1,imbalance_price,Short,2026-09-25T14:38:37Z
2026-09-25T14:35:14Z,2026-09-25T16:35:14+0200,11a69610-5784-4b57-b1a9-c7b60bf32891,2026-09-25T09:30:00Z,2026-09-25T11:30:00+0200,168.22,EUR/MWh,DK1,DK_1,imbalance_price,Long,2026-09-25T14:38:37Z
2026-09-25T14:35:14Z,2026-09-25T16:35:14+0200,11a69610-5784-4b57-b1a9-c7b60bf32891,2026-09-25T09:30:00Z,2026-09-25T11:30:00+0200,168.22,EUR/MWh,DK1,DK_1,imbalance_price,Short,2026-09-25T14:38:37Z
2026-09-25T14:35:14Z,2026-09-25T16:35:14+0200,11a69610-5784-4b57-b1a9-c7b60bf32891,2026-09-25T09:45:00Z,2026-09-25T11:45:00+0200,100.24,EUR/MWh,DK1,DK_1,imbalance_price,Long,2026-09-25T14:38:37Z
2026-09-25T14:35:14Z,2026-09-25T16:35:14+0200,11a69610-5784-4b57-b1a9-c7b60bf32891,2026-09-25T09:45:00Z,2026-09-25T11:45:00+0200,100.24,EUR/MWh,DK1,DK_1,imbalance_price,Short,2026-09-25T14:38:37Z
2026-09-25T14:35:14Z,2026-09-25T16:35:14+0200,11a69610-5784-4b57-b1a9-c7b60bf32891,2026-09-25T10:00:00Z,2026-09-25T12:00:00+0200,136.44,EUR/MWh,DK1,DK_1,imbalance_price,Long,2026-09-25T14:38:37Z
2026-09-25T14:35:14Z,2026-09-25T16:35:14+0200,11a69610-5784-4b57-b1a9-c7b60bf32891,2026-09-25T10:00:00Z,2026-09-25T12:00:00+0200,136.44,EUR/MWh,DK1,DK_1,imbalance_price,Short,2026-09-25T14:38:37Z
2026-09-25T14:35:14Z,2026-09-25T16:35:14+0200,11a69610-5784-4b57-b1a9-c7b60bf32891,2026-09-25T10:15:00Z,2026-09-25T12:15:00+0200,25.63,EUR/MWh,DK1,DK_1,imbalance_price,Long,2026-09-25T14:38:37Z
2026-09-25T14:35:14Z,2026-09-25T16:35:14+0200,11a69610-5784-4b57-b1a9-c7b60bf32891,2026-09-25T10:15:00Z,2026-09-25T12:15:00+0200,25.63,EUR/MWh,DK1,DK_1,imbalance_price,Short,2026-09-25T14:38:37Z
2026-09-25T14:35:14Z,2026-09-25T16:35:14+0200,11a69610-5784-4b57-b1a9-c7b60bf32891,2026-09-25T10:30:00Z,2026-09-25T12:30:00+0200,96.35,EUR/MWh,DK1,DK_1,imbalance_price,Long,2026-09-25T14:38:37Z
2026-09-25T14:35:14Z,2026-09-25T16:35:14+0200,11a69610-5784-4b57-b1a9-c7b60bf32891,2026-09-25T10:30:00Z,2026-09-25T12:30:00+0200,96.35,EUR/MWh,DK1,DK_1,imbalance_price,Short,2026-09-25T14:38:37Z
2026-09-25T14:35:14Z,2026-09-25T16:35:14+0200,11a69610-5784-4b57-b1a9-c7b60bf32891,2026-09-25T10:45:00Z,2026-09-25T12:45:00+0200,-9.83,EUR/MWh,DK1,DK_1,imbalance_price,Long,2026-09-25T14:38:37Z
2026-09-25T14:35:14Z,2026-09-25T16:35:14+0200,11a69610-5784-4b57-b1a9-c7b60bf32891,2026-09-25T10:45:00Z,2026-09-25T12:45:00+0200,-9.83,EUR/MWh,DK1,DK_1,imbalance_price,Short,2026-09-25T14:38:37Z
2026-09-25T14:35:14Z,2026-09-25T16:35:14+0200,11a69610-5784-4b57-b1a9-c7b60bf32891,2026-09-25T11:00:00Z,2026-09-25T13:00:00+0200,1.86,EUR/MWh,DK1,DK_1,imbalance_price,Long,2026-09-25T14:38:37Z
2026-09-25T14:35:14Z,2026-09-25T16:35:14+0200,11a69610-5784-4b57-b1a9-c7b60bf32891,2026-09-25T11:00:00Z,2026-09-25T13:00:00+0200,1.86,EUR/MWh,DK1,DK_1,imbalance_price,Short,2026-09-25T14:38:37Z
2026-09-25T14:35:14Z,2026-09-25T16:35:14+0200,11a69610-5784-4b57-b1a9-c7b60bf32891,2026-09-25T11:15:00Z,2026-09-25T13:15:00+0200,6.69,EUR/MWh,DK1,DK_1,imbalance_price,Long,2026-09-25T14:38:37Z
2026-09-25T14:35:14Z,2026-09-25T16:35:14+0200,11a69610-5784-4b57-b1a9-c7b60bf32891,2026-09-25T11:15:00Z,2026-09-25T13:15:00+0200,6.69,EUR/MWh,DK1,DK_1,imbalance_price,Short,2026-09-25T14:38:37Z
2026-09-25T14:35:14Z,2026-09-25T16:35:14+0200,11a69610-5784-4b57-b1a9-c7b60bf32891,2026-09-25T11:30:00Z,2026-09-25T13:30:00+0200,1.86,EUR/MWh,DK1,DK_1,imbalance_price,Long,2026-09-25T14:38:37Z
2026-09-25T14:35:14Z,2026-09-25T16:35:14+0200,11a69610-5784-4b57-b1a9-c7b60bf32891,2026-09-25T11:30:00Z,2026-09-25T13:30:00+0200,1.86,EUR/MWh,DK1,DK_1,imbalance_price,Short,2026-09-25T14:38:37Z
2026-09-25T14:35:14Z,2026-09-25T16:35:14+0200,11a69610-5784-4b57-b1a9-c7b60bf32891,2026-09-25T11:45:00Z,2026-09-25T13:45:00+0200,-1.54,EUR/MWh,DK1,DK_1,imbalance_price,Long,2026-09-25T14:38:37Z
2026-09-25T14:35:14Z,2026-09-25T16:35:14+0200,11a69610-5784-4b57-b1a9-c7b60bf32891,2026-09-25T11:45:00Z,2026-09-25T13:45:00+0200,-1.54,EUR/MWh,DK1,DK_1,imbalance_price,Short,2026-09-25T14:38:37Z
2026-09-25T14:35:14Z,2026-09-25T16:35:14+0200,11a69610-5784-4b57-b1a9-c7b60bf32891,2026-09-25T12:00:00Z,2026-09-25T14:00:00+0200,2.44,EUR/MWh,DK1,DK_1,imbalance_price,Long,2026-09-25T14:38:37Z
2026-09-25T14:35:14Z,2026-09-25T16:35:14+0200,11a69610-5784-4b57-b1a9-c7b60bf32891,2026-09-25T12:00:00Z,2026-09-25T14:00:00+0200,2.44,EUR/MWh,DK1,DK_1,imbalance_price,Short,2026-09-25T14:38:37Z
2026-09-25T14:35:14Z,2026-09-25T16:35:14+0200,11a69610-5784-4b57-b1a9-c7b60bf32891,2026-09-25T12:15:00Z,2026-09-25T14:15:00+0200,5.36,EUR/MWh,DK1,DK_1,imbalance_price,Long,2026-09-25T14:38:37Z
2026-09-25T14:35:14Z,2026-09-25T16:35:14+0200,11a69610-5784-4b57-b1a9-c7b60bf32891,2026-09-25T12:15:00Z,2026-09-25T14:15:00+0200,5.36,EUR/MWh,DK1,DK_1,imbalance_price,Short,2026-09-25T14:38:37Z
2026-09-25T14:35:14Z,2026-09-25T16:35:14+0200,11a69610-5784-4b57-b1a9-c7b60bf32891,2026-09-25T12:30:00Z,2026-09-25T14:30:00+0200,0.24,EUR/MWh,DK1,DK_1,imbalance_price,Long,2026-09-25T14:38:37Z
2026-09-25T14:35:14Z,2026-09-25T16:35:14+0200,11a69610-5784-4b57-b1a9-c7b60bf32891,2026-09-25T12:30:00Z,2026-09-25T14:30:00+0200,0.24,EUR/MWh,DK1,DK_1,imbalance_price,Short,2026-09-25T14:38:37Z
2026-09-25T14:35:14Z,2026-09-25T16:35:14+0200,11a69610-5784-4b57-b1a9-c7b60bf32891,2026-09-25T12:45:00Z,2026-09-25T14:45:00+0200,6.0,EUR/MWh,DK1,DK_1,imbalance_price,Long,2026-09-25T14:38:37Z
2026-09-25T14:35:14Z,2026-09-25T16:35:14+0200,11a69610-5784-4b57-b1a9-c7b60bf32891,2026-09-25T12:45:00Z,2026-09-25T14:45:00+0200,6.0,EUR/MWh,DK1,DK_1,imbalance_price,Short,2026-09-25T14:38:37Z
2026-09-25T14:35:14Z,2026-09-25T16:35:14+0200,11a69610-5784-4b57-b1a9-c7b60bf32891,2026-09-25T13:00:00Z,2026-09-25T15:00:00+0200,29.0,EUR/MWh,DK1,DK_1,imbalance_price,Long,2026-09-25T14:38:37Z
2026-09-25T14:35:14Z,2026-09-25T16:35:14+0200,11a69610-5784-4b57-b1a9-c7b60bf32891,2026-09-25T13:00:00Z,2026-09-25T15:00:00+0200,29.0,EUR/MWh,DK1,DK_1,imbalance_price,Short,2026-09-25T14:38:37Z
2026-09-25T14:35:14Z,2026-09-25T16:35:14+0200,11a69610-5784-4b57-b1a9-c7b60bf32891,2026-09-25T13:15:00Z,2026-09-25T15:15:00+0200,29.0,EUR/MWh,DK1,DK_1,imbalance_price,Long,2026-09-25T14:38:37Z
2026-09-25T14:35:14Z,2026-09-25T16:35:14+0200,11a69610-5784-4b57-b1a9-c7b60bf32891,2026-09-25T13:15:00Z,2026-09-25T15:15:00+0200,29.0,EUR/MWh,DK1,DK_1,imbalance_price,Short,2026-09-25T14:38:37Z
2026-09-25T14:35:14Z,2026-09-25T16:35:14+0200,11a69610-5784-4b57-b1a9-c7b60bf32891,2026-09-25T13:30:00Z,2026-09-25T15:30:00+0200,108.2,EUR/MWh,DK1,DK_1,imbalance_price,Long,2026-09-25T14:38:37Z
2026-09-25T14:35:14Z,2026-09-25T16:35:14+0200,11a69610-5784-4b57-b1a9-c7b60bf32891,2026-09-25T13:30:00Z,2026-09-25T15:30:00+0200,108.2,EUR/MWh,DK1,DK_1,imbalance_price,Short,2026-09-25T14:38:37Z
2026-09-25T14:35:14Z,2026-09-25T16:35:14+0200,11a69610-5784-4b57-b1a9-c7b60bf32891,2026-09-25T13:45:00Z,2026-09-25T15:45:00+0200,53.47,EUR/MWh,DK1,DK_1,imbalance_price,Long,2026-09-25T14:38:37Z
2026-09-25T14:35:14Z,2026-09-25T16:35:14+0200,11a69610-5784-4b57-b1a9-c7b60bf32891,2026-09-25T13:45:00Z,2026-09-25T15:45:00+0200,53.47,EUR/MWh,DK1,DK_1,imbalance_price,Short,2026-09-25T14:38:37Z
