collection_time_utc,collection_time_local,run_id,timestamp_utc,timestamp_local,value,unit,country,entsoe_area,variable,source,updated_at_utc
2026-06-10T05:21:31Z,2026-06-10T07:21:31+0200,3782c388-ddaf-4035-9ca0-973a72568e07,2026-05-10T06:00:00Z,2026-05-10T08:00:00+0200,3249.61642,MW,DE,DE_LU,forecast_onshore_wind_generation,Wind Onshore,2026-06-10T05:22:42Z
2026-06-10T05:21:31Z,2026-06-10T07:21:31+0200,3782c388-ddaf-4035-9ca0-973a72568e07,2026-05-10T06:15:00Z,2026-05-10T08:15:00+0200,2885.67138,MW,DE,DE_LU,forecast_onshore_wind_generation,Wind Onshore,2026-06-10T05:22:42Z
2026-06-10T05:21:31Z,2026-06-10T07:21:31+0200,3782c388-ddaf-4035-9ca0-973a72568e07,2026-05-10T06:30:00Z,2026-05-10T08:30:00+0200,2573.98378,MW,DE,DE_LU,forecast_onshore_wind_generation,Wind Onshore,2026-06-10T05:22:42Z
2026-06-10T05:21:31Z,2026-06-10T07:21:31+0200,3782c388-ddaf-4035-9ca0-973a72568e07,2026-05-10T06:45:00Z,2026-05-10T08:45:00+0200,2288.53946,MW,DE,DE_LU,forecast_onshore_wind_generation,Wind Onshore,2026-06-10T05:22:42Z
2026-06-10T05:21:31Z,2026-06-10T07:21:31+0200,3782c388-ddaf-4035-9ca0-973a72568e07,2026-05-10T07:00:00Z,2026-05-10T09:00:00+0200,2193.29274,MW,DE,DE_LU,forecast_onshore_wind_generation,Wind Onshore,2026-06-10T05:22:42Z
2026-06-10T05:21:31Z,2026-06-10T07:21:31+0200,3782c388-ddaf-4035-9ca0-973a72568e07,2026-05-10T07:15:00Z,2026-05-10T09:15:00+0200,2120.33841,MW,DE,DE_LU,forecast_onshore_wind_generation,Wind Onshore,2026-06-10T05:22:42Z
2026-06-10T05:21:31Z,2026-06-10T07:21:31+0200,3782c388-ddaf-4035-9ca0-973a72568e07,2026-05-10T07:30:00Z,2026-05-10T09:30:00+0200,2043.13851,MW,DE,DE_LU,forecast_onshore_wind_generation,Wind Onshore,2026-06-10T05:22:42Z
2026-06-10T05:21:31Z,2026-06-10T07:21:31+0200,3782c388-ddaf-4035-9ca0-973a72568e07,2026-05-10T07:45:00Z,2026-05-10T09:45:00+0200,2032.02346,MW,DE,DE_LU,forecast_onshore_wind_generation,Wind Onshore,2026-06-10T05:22:42Z
2026-06-10T05:21:31Z,2026-06-10T07:21:31+0200,3782c388-ddaf-4035-9ca0-973a72568e07,2026-05-10T08:00:00Z,2026-05-10T10:00:00+0200,2008.01626,MW,DE,DE_LU,forecast_onshore_wind_generation,Wind Onshore,2026-06-10T05:22:42Z
2026-06-10T05:21:31Z,2026-06-10T07:21:31+0200,3782c388-ddaf-4035-9ca0-973a72568e07,2026-05-10T08:15:00Z,2026-05-10T10:15:00+0200,2048.86761,MW,DE,DE_LU,forecast_onshore_wind_generation,Wind Onshore,2026-06-10T05:22:42Z
2026-06-10T05:21:31Z,2026-06-10T07:21:31+0200,3782c388-ddaf-4035-9ca0-973a72568e07,2026-05-10T08:30:00Z,2026-05-10T10:30:00+0200,2079.98435,MW,DE,DE_LU,forecast_onshore_wind_generation,Wind Onshore,2026-06-10T05:22:42Z
2026-06-10T05:21:31Z,2026-06-10T07:21:31+0200,3782c388-ddaf-4035-9ca0-973a72568e07,2026-05-10T08:45:00Z,2026-05-10T10:45:00+0200,2127.04964,MW,DE,DE_LU,forecast_onshore_wind_generation,Wind Onshore,2026-06-10T05:22:42Z
2026-06-10T05:21:31Z,2026-06-10T07:21:31+0200,3782c388-ddaf-4035-9ca0-973a72568e07,2026-05-10T09:00:00Z,2026-05-10T11:00:00+0200,2152.75186,MW,DE,DE_LU,forecast_onshore_wind_generation,Wind Onshore,2026-06-10T05:22:42Z
2026-06-10T05:21:31Z,2026-06-10T07:21:31+0200,3782c388-ddaf-4035-9ca0-973a72568e07,2026-05-10T09:15:00Z,2026-05-10T11:15:00+0200,2178.45114,MW,DE,DE_LU,forecast_onshore_wind_generation,Wind Onshore,2026-06-10T05:22:42Z
2026-06-10T05:21:31Z,2026-06-10T07:21:31+0200,3782c388-ddaf-4035-9ca0-973a72568e07,2026-05-10T09:30:00Z,2026-05-10T11:30:00+0200,2220.64493,MW,DE,DE_LU,forecast_onshore_wind_generation,Wind Onshore,2026-06-10T05:22:42Z
2026-06-10T05:21:31Z,2026-06-10T07:21:31+0200,3782c388-ddaf-4035-9ca0-973a72568e07,2026-05-10T09:45:00Z,2026-05-10T11:45:00+0200,2273.79589,MW,DE,DE_LU,forecast_onshore_wind_generation,Wind Onshore,2026-06-10T05:22:42Z
2026-06-10T05:21:31Z,2026-06-10T07:21:31+0200,3782c388-ddaf-4035-9ca0-973a72568e07,2026-05-10T10:00:00Z,2026-05-10T12:00:00+0200,2343.68727,MW,DE,DE_LU,forecast_onshore_wind_generation,Wind Onshore,2026-06-10T05:22:42Z
2026-06-10T05:21:31Z,2026-06-10T07:21:31+0200,3782c388-ddaf-4035-9ca0-973a72568e07,2026-05-10T10:15:00Z,2026-05-10T12:15:00+0200,2435.14644,MW,DE,DE_LU,forecast_onshore_wind_generation,Wind Onshore,2026-06-10T05:22:42Z
2026-06-10T05:21:31Z,2026-06-10T07:21:31+0200,3782c388-ddaf-4035-9ca0-973a72568e07,2026-05-10T10:30:00Z,2026-05-10T12:30:00+0200,2521.46672,MW,DE,DE_LU,forecast_onshore_wind_generation,Wind Onshore,2026-06-10T05:22:42Z
2026-06-10T05:21:31Z,2026-06-10T07:21:31+0200,3782c388-ddaf-4035-9ca0-973a72568e07,2026-05-10T10:45:00Z,2026-05-10T12:45:00+0200,2625.57966,MW,DE,DE_LU,forecast_onshore_wind_generation,Wind Onshore,2026-06-10T05:22:42Z
2026-06-10T05:21:31Z,2026-06-10T07:21:31+0200,3782c388-ddaf-4035-9ca0-973a72568e07,2026-05-10T11:00:00Z,2026-05-10T13:00:00+0200,2738.76976,MW,DE,DE_LU,forecast_onshore_wind_generation,Wind Onshore,2026-06-10T05:22:42Z
2026-06-10T05:21:31Z,2026-06-10T07:21:31+0200,3782c388-ddaf-4035-9ca0-973a72568e07,2026-05-10T11:15:00Z,2026-05-10T13:15:00+0200,2891.07521,MW,DE,DE_LU,forecast_onshore_wind_generation,Wind Onshore,2026-06-10T05:22:42Z
2026-06-10T05:21:31Z,2026-06-10T07:21:31+0200,3782c388-ddaf-4035-9ca0-973a72568e07,2026-05-10T11:30:00Z,2026-05-10T13:30:00+0200,3067.01671,MW,DE,DE_LU,forecast_onshore_wind_generation,Wind Onshore,2026-06-10T05:22:42Z
2026-06-10T05:21:31Z,2026-06-10T07:21:31+0200,3782c388-ddaf-4035-9ca0-973a72568e07,2026-05-10T11:45:00Z,2026-05-10T13:45:00+0200,3284.36148,MW,DE,DE_LU,forecast_onshore_wind_generation,Wind Onshore,2026-06-10T05:22:42Z
2026-06-10T05:21:31Z,2026-06-10T07:21:31+0200,3782c388-ddaf-4035-9ca0-973a72568e07,2026-05-10T12:00:00Z,2026-05-10T14:00:00+0200,3523.51544,MW,DE,DE_LU,forecast_onshore_wind_generation,Wind Onshore,2026-06-10T05:22:42Z
2026-06-10T05:21:31Z,2026-06-10T07:21:31+0200,3782c388-ddaf-4035-9ca0-973a72568e07,2026-05-10T12:15:00Z,2026-05-10T14:15:00+0200,3813.6092,MW,DE,DE_LU,forecast_onshore_wind_generation,Wind Onshore,2026-06-10T05:22:42Z
2026-06-10T05:21:31Z,2026-06-10T07:21:31+0200,3782c388-ddaf-4035-9ca0-973a72568e07,2026-05-10T12:30:00Z,2026-05-10T14:30:00+0200,4086.70884,MW,DE,DE_LU,forecast_onshore_wind_generation,Wind Onshore,2026-06-10T05:22:42Z
2026-06-10T05:21:31Z,2026-06-10T07:21:31+0200,3782c388-ddaf-4035-9ca0-973a72568e07,2026-05-10T12:45:00Z,2026-05-10T14:45:00+0200,4353.9151,MW,DE,DE_LU,forecast_onshore_wind_generation,Wind Onshore,2026-06-10T05:22:42Z
2026-06-10T05:21:31Z,2026-06-10T07:21:31+0200,3782c388-ddaf-4035-9ca0-973a72568e07,2026-05-10T13:00:00Z,2026-05-10T15:00:00+0200,4665.54897,MW,DE,DE_LU,forecast_onshore_wind_generation,Wind Onshore,2026-06-10T05:22:42Z
2026-06-10T05:21:31Z,2026-06-10T07:21:31+0200,3782c388-ddaf-4035-9ca0-973a72568e07,2026-05-10T13:15:00Z,2026-05-10T15:15:00+0200,4979.92849,MW,DE,DE_LU,forecast_onshore_wind_generation,Wind Onshore,2026-06-10T05:22:42Z
2026-06-10T05:21:31Z,2026-06-10T07:21:31+0200,3782c388-ddaf-4035-9ca0-973a72568e07,2026-05-10T13:30:00Z,2026-05-10T15:30:00+0200,5296.92446,MW,DE,DE_LU,forecast_onshore_wind_generation,Wind Onshore,2026-06-10T05:22:42Z
2026-06-10T05:21:31Z,2026-06-10T07:21:31+0200,3782c388-ddaf-4035-9ca0-973a72568e07,2026-05-10T13:45:00Z,2026-05-10T15:45:00+0200,5601.90466,MW,DE,DE_LU,forecast_onshore_wind_generation,Wind Onshore,2026-06-10T05:22:42Z
2026-06-10T05:21:31Z,2026-06-10T07:21:31+0200,3782c388-ddaf-4035-9ca0-973a72568e07,2026-05-10T14:00:00Z,2026-05-10T16:00:00+0200,5975.06267,MW,DE,DE_LU,forecast_onshore_wind_generation,Wind Onshore,2026-06-10T05:22:42Z
2026-06-10T05:21:31Z,2026-06-10T07:21:31+0200,3782c388-ddaf-4035-9ca0-973a72568e07,2026-05-10T14:15:00Z,2026-05-10T16:15:00+0200,6334.3908,MW,DE,DE_LU,forecast_onshore_wind_generation,Wind Onshore,2026-06-10T05:22:42Z
2026-06-10T05:21:31Z,2026-06-10T07:21:31+0200,3782c388-ddaf-4035-9ca0-973a72568e07,2026-05-10T14:30:00Z,2026-05-10T16:30:00+0200,6613.48536,MW,DE,DE_LU,forecast_onshore_wind_generation,Wind Onshore,2026-06-10T05:22:42Z
2026-06-10T05:21:31Z,2026-06-10T07:21:31+0200,3782c388-ddaf-4035-9ca0-973a72568e07,2026-05-10T14:45:00Z,2026-05-10T16:45:00+0200,6935.0889,MW,DE,DE_LU,forecast_onshore_wind_generation,Wind Onshore,2026-06-10T05:22:42Z
2026-06-10T05:21:31Z,2026-06-10T07:21:31+0200,3782c388-ddaf-4035-9ca0-973a72568e07,2026-05-10T15:00:00Z,2026-05-10T17:00:00+0200,7262.57626,MW,DE,DE_LU,forecast_onshore_wind_generation,Wind Onshore,2026-06-10T05:22:42Z
2026-06-10T05:21:31Z,2026-06-10T07:21:31+0200,3782c388-ddaf-4035-9ca0-973a72568e07,2026-05-10T15:15:00Z,2026-05-10T17:15:00+0200,7627.49382,MW,DE,DE_LU,forecast_onshore_wind_generation,Wind Onshore,2026-06-10T05:22:42Z
2026-06-10T05:21:31Z,2026-06-10T07:21:31+0200,3782c388-ddaf-4035-9ca0-973a72568e07,2026-05-10T15:30:00Z,2026-05-10T17:30:00+0200,7992.27009,MW,DE,DE_LU,forecast_onshore_wind_generation,Wind Onshore,2026-06-10T05:22:42Z
2026-06-10T05:21:31Z,2026-06-10T07:21:31+0200,3782c388-ddaf-4035-9ca0-973a72568e07,2026-05-10T15:45:00Z,2026-05-10T17:45:00+0200,8363.86593,MW,DE,DE_LU,forecast_onshore_wind_generation,Wind Onshore,2026-06-10T05:22:42Z
2026-06-10T05:21:31Z,2026-06-10T07:21:31+0200,3782c388-ddaf-4035-9ca0-973a72568e07,2026-05-10T16:00:00Z,2026-05-10T18:00:00+0200,8739.76737,MW,DE,DE_LU,forecast_onshore_wind_generation,Wind Onshore,2026-06-10T05:22:42Z
2026-06-10T05:21:31Z,2026-06-10T07:21:31+0200,3782c388-ddaf-4035-9ca0-973a72568e07,2026-05-10T16:15:00Z,2026-05-10T18:15:00+0200,9062.46498,MW,DE,DE_LU,forecast_onshore_wind_generation,Wind Onshore,2026-06-10T05:22:42Z
2026-06-10T05:21:31Z,2026-06-10T07:21:31+0200,3782c388-ddaf-4035-9ca0-973a72568e07,2026-05-10T16:30:00Z,2026-05-10T18:30:00+0200,9380.91798,MW,DE,DE_LU,forecast_onshore_wind_generation,Wind Onshore,2026-06-10T05:22:42Z
2026-06-10T05:21:31Z,2026-06-10T07:21:31+0200,3782c388-ddaf-4035-9ca0-973a72568e07,2026-05-10T16:45:00Z,2026-05-10T18:45:00+0200,9698.91347,MW,DE,DE_LU,forecast_onshore_wind_generation,Wind Onshore,2026-06-10T05:22:42Z
2026-06-10T05:21:31Z,2026-06-10T07:21:31+0200,3782c388-ddaf-4035-9ca0-973a72568e07,2026-05-10T17:00:00Z,2026-05-10T19:00:00+0200,10002.19986,MW,DE,DE_LU,forecast_onshore_wind_generation,Wind Onshore,2026-06-10T05:22:42Z
2026-06-10T05:21:31Z,2026-06-10T07:21:31+0200,3782c388-ddaf-4035-9ca0-973a72568e07,2026-05-10T17:15:00Z,2026-05-10T19:15:00+0200,10270.08298,MW,DE,DE_LU,forecast_onshore_wind_generation,Wind Onshore,2026-06-10T05:22:42Z
2026-06-10T05:21:31Z,2026-06-10T07:21:31+0200,3782c388-ddaf-4035-9ca0-973a72568e07,2026-05-10T17:30:00Z,2026-05-10T19:30:00+0200,10530.10317,MW,DE,DE_LU,forecast_onshore_wind_generation,Wind Onshore,2026-06-10T05:22:42Z
2026-06-10T05:21:31Z,2026-06-10T07:21:31+0200,3782c388-ddaf-4035-9ca0-973a72568e07,2026-05-10T17:45:00Z,2026-05-10T19:45:00+0200,10777.74636,MW,DE,DE_LU,forecast_onshore_wind_generation,Wind Onshore,2026-06-10T05:22:42Z
2026-06-10T05:21:31Z,2026-06-10T07:21:31+0200,3782c388-ddaf-4035-9ca0-973a72568e07,2026-05-10T18:00:00Z,2026-05-10T20:00:00+0200,11031.55429,MW,DE,DE_LU,forecast_onshore_wind_generation,Wind Onshore,2026-06-10T05:22:42Z
2026-06-10T05:21:31Z,2026-06-10T07:21:31+0200,3782c388-ddaf-4035-9ca0-973a72568e07,2026-05-10T18:15:00Z,2026-05-10T20:15:00+0200,11286.71886,MW,DE,DE_LU,forecast_onshore_wind_generation,Wind Onshore,2026-06-10T05:22:42Z
2026-06-10T05:21:31Z,2026-06-10T07:21:31+0200,3782c388-ddaf-4035-9ca0-973a72568e07,2026-05-10T18:30:00Z,2026-05-10T20:30:00+0200,11528.72471,MW,DE,DE_LU,forecast_onshore_wind_generation,Wind Onshore,2026-06-10T05:22:42Z
2026-06-10T05:21:31Z,2026-06-10T07:21:31+0200,3782c388-ddaf-4035-9ca0-973a72568e07,2026-05-10T18:45:00Z,2026-05-10T20:45:00+0200,11762.81093,MW,DE,DE_LU,forecast_onshore_wind_generation,Wind Onshore,2026-06-10T05:22:42Z
2026-06-10T05:21:31Z,2026-06-10T07:21:31+0200,3782c388-ddaf-4035-9ca0-973a72568e07,2026-05-10T19:00:00Z,2026-05-10T21:00:00+0200,11957.79954,MW,DE,DE_LU,forecast_onshore_wind_generation,Wind Onshore,2026-06-10T05:22:42Z
2026-06-10T05:21:31Z,2026-06-10T07:21:31+0200,3782c388-ddaf-4035-9ca0-973a72568e07,2026-05-10T19:15:00Z,2026-05-10T21:15:00+0200,12069.17736,MW,DE,DE_LU,forecast_onshore_wind_generation,Wind Onshore,2026-06-10T05:22:42Z
2026-06-10T05:21:31Z,2026-06-10T07:21:31+0200,3782c388-ddaf-4035-9ca0-973a72568e07,2026-05-10T19:30:00Z,2026-05-10T21:30:00+0200,12178.36475,MW,DE,DE_LU,forecast_onshore_wind_generation,Wind Onshore,2026-06-10T05:22:42Z
2026-06-10T05:21:31Z,2026-06-10T07:21:31+0200,3782c388-ddaf-4035-9ca0-973a72568e07,2026-05-10T19:45:00Z,2026-05-10T21:45:00+0200,12284.415,MW,DE,DE_LU,forecast_onshore_wind_generation,Wind Onshore,2026-06-10T05:22:42Z
2026-06-10T05:21:31Z,2026-06-10T07:21:31+0200,3782c388-ddaf-4035-9ca0-973a72568e07,2026-05-10T20:00:00Z,2026-05-10T22:00:00+0200,12128.96974,MW,DE,DE_LU,forecast_onshore_wind_generation,Wind Onshore,2026-06-10T05:22:42Z
2026-06-10T05:21:31Z,2026-06-10T07:21:31+0200,3782c388-ddaf-4035-9ca0-973a72568e07,2026-05-10T20:15:00Z,2026-05-10T22:15:00+0200,12088.25939,MW,DE,DE_LU,forecast_onshore_wind_generation,Wind Onshore,2026-06-10T05:22:42Z
2026-06-10T05:21:31Z,2026-06-10T07:21:31+0200,3782c388-ddaf-4035-9ca0-973a72568e07,2026-05-10T20:30:00Z,2026-05-10T22:30:00+0200,12046.97633,MW,DE,DE_LU,forecast_onshore_wind_generation,Wind Onshore,2026-06-10T05:22:42Z
2026-06-10T05:21:31Z,2026-06-10T07:21:31+0200,3782c388-ddaf-4035-9ca0-973a72568e07,2026-05-10T20:45:00Z,2026-05-10T22:45:00+0200,11965.87328,MW,DE,DE_LU,forecast_onshore_wind_generation,Wind Onshore,2026-06-10T05:22:42Z
2026-06-10T05:21:31Z,2026-06-10T07:21:31+0200,3782c388-ddaf-4035-9ca0-973a72568e07,2026-05-10T21:00:00Z,2026-05-10T23:00:00+0200,11867.19599,MW,DE,DE_LU,forecast_onshore_wind_generation,Wind Onshore,2026-06-10T05:22:42Z
2026-06-10T05:21:31Z,2026-06-10T07:21:31+0200,3782c388-ddaf-4035-9ca0-973a72568e07,2026-05-10T21:15:00Z,2026-05-10T23:15:00+0200,11617.91112,MW,DE,DE_LU,forecast_onshore_wind_generation,Wind Onshore,2026-06-10T05:22:42Z
2026-06-10T05:21:31Z,2026-06-10T07:21:31+0200,3782c388-ddaf-4035-9ca0-973a72568e07,2026-05-10T21:30:00Z,2026-05-10T23:30:00+0200,11363.06938,MW,DE,DE_LU,forecast_onshore_wind_generation,Wind Onshore,2026-06-10T05:22:42Z
2026-06-10T05:21:31Z,2026-06-10T07:21:31+0200,3782c388-ddaf-4035-9ca0-973a72568e07,2026-05-10T21:45:00Z,2026-05-10T23:45:00+0200,11105.82645,MW,DE,DE_LU,forecast_onshore_wind_generation,Wind Onshore,2026-06-10T05:22:42Z
2026-06-10T05:21:31Z,2026-06-10T07:21:31+0200,3782c388-ddaf-4035-9ca0-973a72568e07,2026-05-10T22:00:00Z,2026-05-11T00:00:00+0200,9933.57848,MW,DE,DE_LU,forecast_onshore_wind_generation,Wind Onshore,2026-06-10T05:22:42Z
2026-06-10T05:21:31Z,2026-06-10T07:21:31+0200,3782c388-ddaf-4035-9ca0-973a72568e07,2026-05-10T22:15:00Z,2026-05-11T00:15:00+0200,9732.5001,MW,DE,DE_LU,forecast_onshore_wind_generation,Wind Onshore,2026-06-10T05:22:42Z
2026-06-10T05:21:31Z,2026-06-10T07:21:31+0200,3782c388-ddaf-4035-9ca0-973a72568e07,2026-05-10T22:30:00Z,2026-05-11T00:30:00+0200,9527.53329,MW,DE,DE_LU,forecast_onshore_wind_generation,Wind Onshore,2026-06-10T05:22:42Z
2026-06-10T05:21:31Z,2026-06-10T07:21:31+0200,3782c388-ddaf-4035-9ca0-973a72568e07,2026-05-10T22:45:00Z,2026-05-11T00:45:00+0200,9334.63231,MW,DE,DE_LU,forecast_onshore_wind_generation,Wind Onshore,2026-06-10T05:22:42Z
2026-06-10T05:21:31Z,2026-06-10T07:21:31+0200,3782c388-ddaf-4035-9ca0-973a72568e07,2026-05-10T23:00:00Z,2026-05-11T01:00:00+0200,9150.62506,MW,DE,DE_LU,forecast_onshore_wind_generation,Wind Onshore,2026-06-10T05:22:42Z
2026-06-10T05:21:31Z,2026-06-10T07:21:31+0200,3782c388-ddaf-4035-9ca0-973a72568e07,2026-05-10T23:15:00Z,2026-05-11T01:15:00+0200,8987.62085,MW,DE,DE_LU,forecast_onshore_wind_generation,Wind Onshore,2026-06-10T05:22:42Z
2026-06-10T05:21:31Z,2026-06-10T07:21:31+0200,3782c388-ddaf-4035-9ca0-973a72568e07,2026-05-10T23:30:00Z,2026-05-11T01:30:00+0200,8856.91937,MW,DE,DE_LU,forecast_onshore_wind_generation,Wind Onshore,2026-06-10T05:22:42Z
2026-06-10T05:21:31Z,2026-06-10T07:21:31+0200,3782c388-ddaf-4035-9ca0-973a72568e07,2026-05-10T23:45:00Z,2026-05-11T01:45:00+0200,8743.92057,MW,DE,DE_LU,forecast_onshore_wind_generation,Wind Onshore,2026-06-10T05:22:42Z
2026-06-10T05:21:31Z,2026-06-10T07:21:31+0200,3782c388-ddaf-4035-9ca0-973a72568e07,2026-05-11T00:00:00Z,2026-05-11T02:00:00+0200,8684.88229,MW,DE,DE_LU,forecast_onshore_wind_generation,Wind Onshore,2026-06-10T05:22:42Z
2026-06-10T05:21:31Z,2026-06-10T07:21:31+0200,3782c388-ddaf-4035-9ca0-973a72568e07,2026-05-11T00:15:00Z,2026-05-11T02:15:00+0200,8685.84073,MW,DE,DE_LU,forecast_onshore_wind_generation,Wind Onshore,2026-06-10T05:22:42Z
2026-06-10T05:21:31Z,2026-06-10T07:21:31+0200,3782c388-ddaf-4035-9ca0-973a72568e07,2026-05-11T00:30:00Z,2026-05-11T02:30:00+0200,8685.439,MW,DE,DE_LU,forecast_onshore_wind_generation,Wind Onshore,2026-06-10T05:22:42Z
2026-06-10T05:21:31Z,2026-06-10T07:21:31+0200,3782c388-ddaf-4035-9ca0-973a72568e07,2026-05-11T00:45:00Z,2026-05-11T02:45:00+0200,8684.13875,MW,DE,DE_LU,forecast_onshore_wind_generation,Wind Onshore,2026-06-10T05:22:42Z
2026-06-10T05:21:31Z,2026-06-10T07:21:31+0200,3782c388-ddaf-4035-9ca0-973a72568e07,2026-05-11T01:00:00Z,2026-05-11T03:00:00+0200,8723.87307,MW,DE,DE_LU,forecast_onshore_wind_generation,Wind Onshore,2026-06-10T05:22:42Z
2026-06-10T05:21:31Z,2026-06-10T07:21:31+0200,3782c388-ddaf-4035-9ca0-973a72568e07,2026-05-11T01:15:00Z,2026-05-11T03:15:00+0200,8787.591,MW,DE,DE_LU,forecast_onshore_wind_generation,Wind Onshore,2026-06-10T05:22:42Z
2026-06-10T05:21:31Z,2026-06-10T07:21:31+0200,3782c388-ddaf-4035-9ca0-973a72568e07,2026-05-11T01:30:00Z,2026-05-11T03:30:00+0200,8850.24271,MW,DE,DE_LU,forecast_onshore_wind_generation,Wind Onshore,2026-06-10T05:22:42Z
2026-06-10T05:21:31Z,2026-06-10T07:21:31+0200,3782c388-ddaf-4035-9ca0-973a72568e07,2026-05-11T01:45:00Z,2026-05-11T03:45:00+0200,8931.00809,MW,DE,DE_LU,forecast_onshore_wind_generation,Wind Onshore,2026-06-10T05:22:42Z
2026-06-10T05:21:31Z,2026-06-10T07:21:31+0200,3782c388-ddaf-4035-9ca0-973a72568e07,2026-05-11T02:00:00Z,2026-05-11T04:00:00+0200,9013.98971,MW,DE,DE_LU,forecast_onshore_wind_generation,Wind Onshore,2026-06-10T05:22:42Z
2026-06-10T05:21:31Z,2026-06-10T07:21:31+0200,3782c388-ddaf-4035-9ca0-973a72568e07,2026-05-11T02:15:00Z,2026-05-11T04:15:00+0200,9078.11187,MW,DE,DE_LU,forecast_onshore_wind_generation,Wind Onshore,2026-06-10T05:22:42Z
2026-06-10T05:21:31Z,2026-06-10T07:21:31+0200,3782c388-ddaf-4035-9ca0-973a72568e07,2026-05-11T02:30:00Z,2026-05-11T04:30:00+0200,9141.97866,MW,DE,DE_LU,forecast_onshore_wind_generation,Wind Onshore,2026-06-10T05:22:42Z
2026-06-10T05:21:31Z,2026-06-10T07:21:31+0200,3782c388-ddaf-4035-9ca0-973a72568e07,2026-05-11T02:45:00Z,2026-05-11T04:45:00+0200,9202.90552,MW,DE,DE_LU,forecast_onshore_wind_generation,Wind Onshore,2026-06-10T05:22:42Z
2026-06-10T05:21:31Z,2026-06-10T07:21:31+0200,3782c388-ddaf-4035-9ca0-973a72568e07,2026-05-11T03:00:00Z,2026-05-11T05:00:00+0200,9251.15466,MW,DE,DE_LU,forecast_onshore_wind_generation,Wind Onshore,2026-06-10T05:22:42Z
2026-06-10T05:21:31Z,2026-06-10T07:21:31+0200,3782c388-ddaf-4035-9ca0-973a72568e07,2026-05-11T03:15:00Z,2026-05-11T05:15:00+0200,9311.55259,MW,DE,DE_LU,forecast_onshore_wind_generation,Wind Onshore,2026-06-10T05:22:42Z
2026-06-10T05:21:31Z,2026-06-10T07:21:31+0200,3782c388-ddaf-4035-9ca0-973a72568e07,2026-05-11T03:30:00Z,2026-05-11T05:30:00+0200,9371.23051,MW,DE,DE_LU,forecast_onshore_wind_generation,Wind Onshore,2026-06-10T05:22:42Z
2026-06-10T05:21:31Z,2026-06-10T07:21:31+0200,3782c388-ddaf-4035-9ca0-973a72568e07,2026-05-11T03:45:00Z,2026-05-11T05:45:00+0200,9429.96956,MW,DE,DE_LU,forecast_onshore_wind_generation,Wind Onshore,2026-06-10T05:22:42Z
2026-06-10T05:21:31Z,2026-06-10T07:21:31+0200,3782c388-ddaf-4035-9ca0-973a72568e07,2026-05-11T04:00:00Z,2026-05-11T06:00:00+0200,9532.12541,MW,DE,DE_LU,forecast_onshore_wind_generation,Wind Onshore,2026-06-10T05:22:42Z
2026-06-10T05:21:31Z,2026-06-10T07:21:31+0200,3782c388-ddaf-4035-9ca0-973a72568e07,2026-05-11T04:15:00Z,2026-05-11T06:15:00+0200,9481.13196,MW,DE,DE_LU,forecast_onshore_wind_generation,Wind Onshore,2026-06-10T05:22:42Z
2026-06-10T05:21:31Z,2026-06-10T07:21:31+0200,3782c388-ddaf-4035-9ca0-973a72568e07,2026-05-11T04:30:00Z,2026-05-11T06:30:00+0200,9427.74382,MW,DE,DE_LU,forecast_onshore_wind_generation,Wind Onshore,2026-06-10T05:22:42Z
2026-06-10T05:21:31Z,2026-06-10T07:21:31+0200,3782c388-ddaf-4035-9ca0-973a72568e07,2026-05-11T04:45:00Z,2026-05-11T06:45:00+0200,9349.9981,MW,DE,DE_LU,forecast_onshore_wind_generation,Wind Onshore,2026-06-10T05:22:42Z
2026-06-10T05:21:31Z,2026-06-10T07:21:31+0200,3782c388-ddaf-4035-9ca0-973a72568e07,2026-05-11T05:00:00Z,2026-05-11T07:00:00+0200,9279.00071,MW,DE,DE_LU,forecast_onshore_wind_generation,Wind Onshore,2026-06-10T05:22:42Z
2026-06-10T05:21:31Z,2026-06-10T07:21:31+0200,3782c388-ddaf-4035-9ca0-973a72568e07,2026-05-11T05:15:00Z,2026-05-11T07:15:00+0200,9187.4233,MW,DE,DE_LU,forecast_onshore_wind_generation,Wind Onshore,2026-06-10T05:22:42Z
2026-06-10T05:21:31Z,2026-06-10T07:21:31+0200,3782c388-ddaf-4035-9ca0-973a72568e07,2026-05-11T05:30:00Z,2026-05-11T07:30:00+0200,9049.27875,MW,DE,DE_LU,forecast_onshore_wind_generation,Wind Onshore,2026-06-10T05:22:42Z
2026-06-10T05:21:31Z,2026-06-10T07:21:31+0200,3782c388-ddaf-4035-9ca0-973a72568e07,2026-05-11T05:45:00Z,2026-05-11T07:45:00+0200,8889.07445,MW,DE,DE_LU,forecast_onshore_wind_generation,Wind Onshore,2026-06-10T05:22:42Z
2026-06-10T05:21:31Z,2026-06-10T07:21:31+0200,3782c388-ddaf-4035-9ca0-973a72568e07,2026-05-11T06:00:00Z,2026-05-11T08:00:00+0200,8687.54089,MW,DE,DE_LU,forecast_onshore_wind_generation,Wind Onshore,2026-06-10T05:22:42Z
2026-06-10T05:21:31Z,2026-06-10T07:21:31+0200,3782c388-ddaf-4035-9ca0-973a72568e07,2026-05-11T06:15:00Z,2026-05-11T08:15:00+0200,8534.66617,MW,DE,DE_LU,forecast_onshore_wind_generation,Wind Onshore,2026-06-10T05:22:42Z
2026-06-10T05:21:31Z,2026-06-10T07:21:31+0200,3782c388-ddaf-4035-9ca0-973a72568e07,2026-05-11T06:30:00Z,2026-05-11T08:30:00+0200,8458.96656,MW,DE,DE_LU,forecast_onshore_wind_generation,Wind Onshore,2026-06-10T05:22:42Z
2026-06-10T05:21:31Z,2026-06-10T07:21:31+0200,3782c388-ddaf-4035-9ca0-973a72568e07,2026-05-11T06:45:00Z,2026-05-11T08:45:00+0200,8422.03526,MW,DE,DE_LU,forecast_onshore_wind_generation,Wind Onshore,2026-06-10T05:22:42Z
2026-06-10T05:21:31Z,2026-06-10T07:21:31+0200,3782c388-ddaf-4035-9ca0-973a72568e07,2026-05-11T07:00:00Z,2026-05-11T09:00:00+0200,8467.20307,MW,DE,DE_LU,forecast_onshore_wind_generation,Wind Onshore,2026-06-10T05:22:42Z
2026-06-10T05:21:31Z,2026-06-10T07:21:31+0200,3782c388-ddaf-4035-9ca0-973a72568e07,2026-05-11T07:15:00Z,2026-05-11T09:15:00+0200,8547.2345,MW,DE,DE_LU,forecast_onshore_wind_generation,Wind Onshore,2026-06-10T05:22:42Z
2026-06-10T05:21:31Z,2026-06-10T07:21:31+0200,3782c388-ddaf-4035-9ca0-973a72568e07,2026-05-11T07:30:00Z,2026-05-11T09:30:00+0200,8629.4969,MW,DE,DE_LU,forecast_onshore_wind_generation,Wind Onshore,2026-06-10T05:22:42Z
2026-06-10T05:21:31Z,2026-06-10T07:21:31+0200,3782c388-ddaf-4035-9ca0-973a72568e07,2026-05-11T07:45:00Z,2026-05-11T09:45:00+0200,8738.37965,MW,DE,DE_LU,forecast_onshore_wind_generation,Wind Onshore,2026-06-10T05:22:42Z
2026-06-10T05:21:31Z,2026-06-10T07:21:31+0200,3782c388-ddaf-4035-9ca0-973a72568e07,2026-05-11T08:00:00Z,2026-05-11T10:00:00+0200,8857.60812,MW,DE,DE_LU,forecast_onshore_wind_generation,Wind Onshore,2026-06-10T05:22:42Z
2026-06-10T05:21:31Z,2026-06-10T07:21:31+0200,3782c388-ddaf-4035-9ca0-973a72568e07,2026-05-11T08:15:00Z,2026-05-11T10:15:00+0200,9084.86807,MW,DE,DE_LU,forecast_onshore_wind_generation,Wind Onshore,2026-06-10T05:22:42Z
2026-06-10T05:21:31Z,2026-06-10T07:21:31+0200,3782c388-ddaf-4035-9ca0-973a72568e07,2026-05-11T08:30:00Z,2026-05-11T10:30:00+0200,9312.52851,MW,DE,DE_LU,forecast_onshore_wind_generation,Wind Onshore,2026-06-10T05:22:42Z
2026-06-10T05:21:31Z,2026-06-10T07:21:31+0200,3782c388-ddaf-4035-9ca0-973a72568e07,2026-05-11T08:45:00Z,2026-05-11T10:45:00+0200,9538.67223,MW,DE,DE_LU,forecast_onshore_wind_generation,Wind Onshore,2026-06-10T05:22:42Z
2026-06-10T05:21:31Z,2026-06-10T07:21:31+0200,3782c388-ddaf-4035-9ca0-973a72568e07,2026-05-11T09:00:00Z,2026-05-11T11:00:00+0200,9780.36284,MW,DE,DE_LU,forecast_onshore_wind_generation,Wind Onshore,2026-06-10T05:22:42Z
2026-06-10T05:21:31Z,2026-06-10T07:21:31+0200,3782c388-ddaf-4035-9ca0-973a72568e07,2026-05-11T09:15:00Z,2026-05-11T11:15:00+0200,10216.08856,MW,DE,DE_LU,forecast_onshore_wind_generation,Wind Onshore,2026-06-10T05:22:42Z
2026-06-10T05:21:31Z,2026-06-10T07:21:31+0200,3782c388-ddaf-4035-9ca0-973a72568e07,2026-05-11T09:30:00Z,2026-05-11T11:30:00+0200,10656.33201,MW,DE,DE_LU,forecast_onshore_wind_generation,Wind Onshore,2026-06-10T05:22:42Z
2026-06-10T05:21:31Z,2026-06-10T07:21:31+0200,3782c388-ddaf-4035-9ca0-973a72568e07,2026-05-11T09:45:00Z,2026-05-11T11:45:00+0200,11098.38579,MW,DE,DE_LU,forecast_onshore_wind_generation,Wind Onshore,2026-06-10T05:22:42Z
2026-06-10T05:21:31Z,2026-06-10T07:21:31+0200,3782c388-ddaf-4035-9ca0-973a72568e07,2026-05-11T10:00:00Z,2026-05-11T12:00:00+0200,11549.46855,MW,DE,DE_LU,forecast_onshore_wind_generation,Wind Onshore,2026-06-10T05:22:42Z
2026-06-10T05:21:31Z,2026-06-10T07:21:31+0200,3782c388-ddaf-4035-9ca0-973a72568e07,2026-05-11T10:15:00Z,2026-05-11T12:15:00+0200,12136.78828,MW,DE,DE_LU,forecast_onshore_wind_generation,Wind Onshore,2026-06-10T05:22:42Z
2026-06-10T05:21:31Z,2026-06-10T07:21:31+0200,3782c388-ddaf-4035-9ca0-973a72568e07,2026-05-11T10:30:00Z,2026-05-11T12:30:00+0200,12717.62857,MW,DE,DE_LU,forecast_onshore_wind_generation,Wind Onshore,2026-06-10T05:22:42Z
2026-06-10T05:21:31Z,2026-06-10T07:21:31+0200,3782c388-ddaf-4035-9ca0-973a72568e07,2026-05-11T10:45:00Z,2026-05-11T12:45:00+0200,13302.04063,MW,DE,DE_LU,forecast_onshore_wind_generation,Wind Onshore,2026-06-10T05:22:42Z
2026-06-10T05:21:31Z,2026-06-10T07:21:31+0200,3782c388-ddaf-4035-9ca0-973a72568e07,2026-05-11T11:00:00Z,2026-05-11T13:00:00+0200,13905.4044,MW,DE,DE_LU,forecast_onshore_wind_generation,Wind Onshore,2026-06-10T05:22:42Z
2026-06-10T05:21:31Z,2026-06-10T07:21:31+0200,3782c388-ddaf-4035-9ca0-973a72568e07,2026-05-11T11:15:00Z,2026-05-11T13:15:00+0200,14526.6837,MW,DE,DE_LU,forecast_onshore_wind_generation,Wind Onshore,2026-06-10T05:22:42Z
2026-06-10T05:21:31Z,2026-06-10T07:21:31+0200,3782c388-ddaf-4035-9ca0-973a72568e07,2026-05-11T11:30:00Z,2026-05-11T13:30:00+0200,15174.68113,MW,DE,DE_LU,forecast_onshore_wind_generation,Wind Onshore,2026-06-10T05:22:42Z
2026-06-10T05:21:31Z,2026-06-10T07:21:31+0200,3782c388-ddaf-4035-9ca0-973a72568e07,2026-05-11T11:45:00Z,2026-05-11T13:45:00+0200,15859.41578,MW,DE,DE_LU,forecast_onshore_wind_generation,Wind Onshore,2026-06-10T05:22:42Z
2026-06-10T05:21:31Z,2026-06-10T07:21:31+0200,3782c388-ddaf-4035-9ca0-973a72568e07,2026-05-11T12:00:00Z,2026-05-11T14:00:00+0200,16602.8512,MW,DE,DE_LU,forecast_onshore_wind_generation,Wind Onshore,2026-06-10T05:22:42Z
2026-06-10T05:21:31Z,2026-06-10T07:21:31+0200,3782c388-ddaf-4035-9ca0-973a72568e07,2026-05-11T12:15:00Z,2026-05-11T14:15:00+0200,17330.30239,MW,DE,DE_LU,forecast_onshore_wind_generation,Wind Onshore,2026-06-10T05:22:42Z
2026-06-10T05:21:31Z,2026-06-10T07:21:31+0200,3782c388-ddaf-4035-9ca0-973a72568e07,2026-05-11T12:30:00Z,2026-05-11T14:30:00+0200,17979.50541,MW,DE,DE_LU,forecast_onshore_wind_generation,Wind Onshore,2026-06-10T05:22:42Z
2026-06-10T05:21:31Z,2026-06-10T07:21:31+0200,3782c388-ddaf-4035-9ca0-973a72568e07,2026-05-11T12:45:00Z,2026-05-11T14:45:00+0200,18582.72721,MW,DE,DE_LU,forecast_onshore_wind_generation,Wind Onshore,2026-06-10T05:22:42Z
2026-06-10T05:21:31Z,2026-06-10T07:21:31+0200,3782c388-ddaf-4035-9ca0-973a72568e07,2026-05-11T13:00:00Z,2026-05-11T15:00:00+0200,19152.7258,MW,DE,DE_LU,forecast_onshore_wind_generation,Wind Onshore,2026-06-10T05:22:42Z
2026-06-10T05:21:31Z,2026-06-10T07:21:31+0200,3782c388-ddaf-4035-9ca0-973a72568e07,2026-05-11T13:15:00Z,2026-05-11T15:15:00+0200,19681.70008,MW,DE,DE_LU,forecast_onshore_wind_generation,Wind Onshore,2026-06-10T05:22:42Z
2026-06-10T05:21:31Z,2026-06-10T07:21:31+0200,3782c388-ddaf-4035-9ca0-973a72568e07,2026-05-11T13:30:00Z,2026-05-11T15:30:00+0200,20208.66949,MW,DE,DE_LU,forecast_onshore_wind_generation,Wind Onshore,2026-06-10T05:22:42Z
2026-06-10T05:21:31Z,2026-06-10T07:21:31+0200,3782c388-ddaf-4035-9ca0-973a72568e07,2026-05-11T13:45:00Z,2026-05-11T15:45:00+0200,20703.56727,MW,DE,DE_LU,forecast_onshore_wind_generation,Wind Onshore,2026-06-10T05:22:42Z
2026-06-10T05:21:31Z,2026-06-10T07:21:31+0200,3782c388-ddaf-4035-9ca0-973a72568e07,2026-05-11T14:00:00Z,2026-05-11T16:00:00+0200,21187.69588,MW,DE,DE_LU,forecast_onshore_wind_generation,Wind Onshore,2026-06-10T05:22:42Z
2026-06-10T05:21:31Z,2026-06-10T07:21:31+0200,3782c388-ddaf-4035-9ca0-973a72568e07,2026-05-11T14:15:00Z,2026-05-11T16:15:00+0200,21631.06434,MW,DE,DE_LU,forecast_onshore_wind_generation,Wind Onshore,2026-06-10T05:22:42Z
2026-06-10T05:21:31Z,2026-06-10T07:21:31+0200,3782c388-ddaf-4035-9ca0-973a72568e07,2026-05-11T14:30:00Z,2026-05-11T16:30:00+0200,22052.69244,MW,DE,DE_LU,forecast_onshore_wind_generation,Wind Onshore,2026-06-10T05:22:42Z
2026-06-10T05:21:31Z,2026-06-10T07:21:31+0200,3782c388-ddaf-4035-9ca0-973a72568e07,2026-05-11T14:45:00Z,2026-05-11T16:45:00+0200,22453.26361,MW,DE,DE_LU,forecast_onshore_wind_generation,Wind Onshore,2026-06-10T05:22:42Z
2026-06-10T05:21:31Z,2026-06-10T07:21:31+0200,3782c388-ddaf-4035-9ca0-973a72568e07,2026-05-11T15:00:00Z,2026-05-11T17:00:00+0200,22763.45339,MW,DE,DE_LU,forecast_onshore_wind_generation,Wind Onshore,2026-06-10T05:22:42Z
2026-06-10T05:21:31Z,2026-06-10T07:21:31+0200,3782c388-ddaf-4035-9ca0-973a72568e07,2026-05-11T15:15:00Z,2026-05-11T17:15:00+0200,22718.47428,MW,DE,DE_LU,forecast_onshore_wind_generation,Wind Onshore,2026-06-10T05:22:42Z
2026-06-10T05:21:31Z,2026-06-10T07:21:31+0200,3782c388-ddaf-4035-9ca0-973a72568e07,2026-05-11T15:30:00Z,2026-05-11T17:30:00+0200,22665.98798,MW,DE,DE_LU,forecast_onshore_wind_generation,Wind Onshore,2026-06-10T05:22:42Z
2026-06-10T05:21:31Z,2026-06-10T07:21:31+0200,3782c388-ddaf-4035-9ca0-973a72568e07,2026-05-11T15:45:00Z,2026-05-11T17:45:00+0200,22607.04385,MW,DE,DE_LU,forecast_onshore_wind_generation,Wind Onshore,2026-06-10T05:22:42Z
2026-06-10T05:21:31Z,2026-06-10T07:21:31+0200,3782c388-ddaf-4035-9ca0-973a72568e07,2026-05-11T16:00:00Z,2026-05-11T18:00:00+0200,22512.62464,MW,DE,DE_LU,forecast_onshore_wind_generation,Wind Onshore,2026-06-10T05:22:42Z
2026-06-10T05:21:31Z,2026-06-10T07:21:31+0200,3782c388-ddaf-4035-9ca0-973a72568e07,2026-05-11T16:15:00Z,2026-05-11T18:15:00+0200,22270.94192,MW,DE,DE_LU,forecast_onshore_wind_generation,Wind Onshore,2026-06-10T05:22:42Z
2026-06-10T05:21:31Z,2026-06-10T07:21:31+0200,3782c388-ddaf-4035-9ca0-973a72568e07,2026-05-11T16:30:00Z,2026-05-11T18:30:00+0200,22014.53677,MW,DE,DE_LU,forecast_onshore_wind_generation,Wind Onshore,2026-06-10T05:22:42Z
2026-06-10T05:21:31Z,2026-06-10T07:21:31+0200,3782c388-ddaf-4035-9ca0-973a72568e07,2026-05-11T16:45:00Z,2026-05-11T18:45:00+0200,21743.52373,MW,DE,DE_LU,forecast_onshore_wind_generation,Wind Onshore,2026-06-10T05:22:42Z
2026-06-10T05:21:31Z,2026-06-10T07:21:31+0200,3782c388-ddaf-4035-9ca0-973a72568e07,2026-05-11T17:00:00Z,2026-05-11T19:00:00+0200,21462.34923,MW,DE,DE_LU,forecast_onshore_wind_generation,Wind Onshore,2026-06-10T05:22:42Z
2026-06-10T05:21:31Z,2026-06-10T07:21:31+0200,3782c388-ddaf-4035-9ca0-973a72568e07,2026-05-11T17:15:00Z,2026-05-11T19:15:00+0200,20996.03024,MW,DE,DE_LU,forecast_onshore_wind_generation,Wind Onshore,2026-06-10T05:22:42Z
2026-06-10T05:21:31Z,2026-06-10T07:21:31+0200,3782c388-ddaf-4035-9ca0-973a72568e07,2026-05-11T17:30:00Z,2026-05-11T19:30:00+0200,20533.69891,MW,DE,DE_LU,forecast_onshore_wind_generation,Wind Onshore,2026-06-10T05:22:42Z
2026-06-10T05:21:31Z,2026-06-10T07:21:31+0200,3782c388-ddaf-4035-9ca0-973a72568e07,2026-05-11T17:45:00Z,2026-05-11T19:45:00+0200,20137.55919,MW,DE,DE_LU,forecast_onshore_wind_generation,Wind Onshore,2026-06-10T05:22:42Z
2026-06-10T05:21:31Z,2026-06-10T07:21:31+0200,3782c388-ddaf-4035-9ca0-973a72568e07,2026-05-11T18:00:00Z,2026-05-11T20:00:00+0200,19798.48826,MW,DE,DE_LU,forecast_onshore_wind_generation,Wind Onshore,2026-06-10T05:22:42Z
2026-06-10T05:21:31Z,2026-06-10T07:21:31+0200,3782c388-ddaf-4035-9ca0-973a72568e07,2026-05-11T18:15:00Z,2026-05-11T20:15:00+0200,19570.32977,MW,DE,DE_LU,forecast_onshore_wind_generation,Wind Onshore,2026-06-10T05:22:42Z
2026-06-10T05:21:31Z,2026-06-10T07:21:31+0200,3782c388-ddaf-4035-9ca0-973a72568e07,2026-05-11T18:30:00Z,2026-05-11T20:30:00+0200,19456.94282,MW,DE,DE_LU,forecast_onshore_wind_generation,Wind Onshore,2026-06-10T05:22:42Z
2026-06-10T05:21:31Z,2026-06-10T07:21:31+0200,3782c388-ddaf-4035-9ca0-973a72568e07,2026-05-11T18:45:00Z,2026-05-11T20:45:00+0200,19391.35409,MW,DE,DE_LU,forecast_onshore_wind_generation,Wind Onshore,2026-06-10T05:22:42Z
2026-06-10T05:21:31Z,2026-06-10T07:21:31+0200,3782c388-ddaf-4035-9ca0-973a72568e07,2026-05-11T19:00:00Z,2026-05-11T21:00:00+0200,19451.75304,MW,DE,DE_LU,forecast_onshore_wind_generation,Wind Onshore,2026-06-10T05:22:42Z
2026-06-10T05:21:31Z,2026-06-10T07:21:31+0200,3782c388-ddaf-4035-9ca0-973a72568e07,2026-05-11T19:15:00Z,2026-05-11T21:15:00+0200,19586.58766,MW,DE,DE_LU,forecast_onshore_wind_generation,Wind Onshore,2026-06-10T05:22:42Z
2026-06-10T05:21:31Z,2026-06-10T07:21:31+0200,3782c388-ddaf-4035-9ca0-973a72568e07,2026-05-11T19:30:00Z,2026-05-11T21:30:00+0200,19659.46721,MW,DE,DE_LU,forecast_onshore_wind_generation,Wind Onshore,2026-06-10T05:22:42Z
2026-06-10T05:21:31Z,2026-06-10T07:21:31+0200,3782c388-ddaf-4035-9ca0-973a72568e07,2026-05-11T19:45:00Z,2026-05-11T21:45:00+0200,19702.4143,MW,DE,DE_LU,forecast_onshore_wind_generation,Wind Onshore,2026-06-10T05:22:42Z
2026-06-10T05:21:31Z,2026-06-10T07:21:31+0200,3782c388-ddaf-4035-9ca0-973a72568e07,2026-05-11T20:00:00Z,2026-05-11T22:00:00+0200,19539.0434,MW,DE,DE_LU,forecast_onshore_wind_generation,Wind Onshore,2026-06-10T05:22:42Z
2026-06-10T05:21:31Z,2026-06-10T07:21:31+0200,3782c388-ddaf-4035-9ca0-973a72568e07,2026-05-11T20:15:00Z,2026-05-11T22:15:00+0200,19772.94264,MW,DE,DE_LU,forecast_onshore_wind_generation,Wind Onshore,2026-06-10T05:22:42Z
2026-06-10T05:21:31Z,2026-06-10T07:21:31+0200,3782c388-ddaf-4035-9ca0-973a72568e07,2026-05-11T20:30:00Z,2026-05-11T22:30:00+0200,19997.81516,MW,DE,DE_LU,forecast_onshore_wind_generation,Wind Onshore,2026-06-10T05:22:42Z
2026-06-10T05:21:31Z,2026-06-10T07:21:31+0200,3782c388-ddaf-4035-9ca0-973a72568e07,2026-05-11T20:45:00Z,2026-05-11T22:45:00+0200,20261.33128,MW,DE,DE_LU,forecast_onshore_wind_generation,Wind Onshore,2026-06-10T05:22:42Z
2026-06-10T05:21:31Z,2026-06-10T07:21:31+0200,3782c388-ddaf-4035-9ca0-973a72568e07,2026-05-11T21:00:00Z,2026-05-11T23:00:00+0200,20499.95737,MW,DE,DE_LU,forecast_onshore_wind_generation,Wind Onshore,2026-06-10T05:22:42Z
2026-06-10T05:21:31Z,2026-06-10T07:21:31+0200,3782c388-ddaf-4035-9ca0-973a72568e07,2026-05-11T21:15:00Z,2026-05-11T23:15:00+0200,20782.89946,MW,DE,DE_LU,forecast_onshore_wind_generation,Wind Onshore,2026-06-10T05:22:42Z
2026-06-10T05:21:31Z,2026-06-10T07:21:31+0200,3782c388-ddaf-4035-9ca0-973a72568e07,2026-05-11T21:30:00Z,2026-05-11T23:30:00+0200,21063.34244,MW,DE,DE_LU,forecast_onshore_wind_generation,Wind Onshore,2026-06-10T05:22:42Z
2026-06-10T05:21:31Z,2026-06-10T07:21:31+0200,3782c388-ddaf-4035-9ca0-973a72568e07,2026-05-11T21:45:00Z,2026-05-11T23:45:00+0200,21340.62024,MW,DE,DE_LU,forecast_onshore_wind_generation,Wind Onshore,2026-06-10T05:22:42Z
2026-06-10T05:21:31Z,2026-06-10T07:21:31+0200,3782c388-ddaf-4035-9ca0-973a72568e07,2026-05-11T22:00:00Z,2026-05-12T00:00:00+0200,20742.47054,MW,DE,DE_LU,forecast_onshore_wind_generation,Wind Onshore,2026-06-10T05:22:42Z
2026-06-10T05:21:31Z,2026-06-10T07:21:31+0200,3782c388-ddaf-4035-9ca0-973a72568e07,2026-05-11T22:15:00Z,2026-05-12T00:15:00+0200,20982.9385,MW,DE,DE_LU,forecast_onshore_wind_generation,Wind Onshore,2026-06-10T05:22:42Z
2026-06-10T05:21:31Z,2026-06-10T07:21:31+0200,3782c388-ddaf-4035-9ca0-973a72568e07,2026-05-11T22:30:00Z,2026-05-12T00:30:00+0200,21214.52575,MW,DE,DE_LU,forecast_onshore_wind_generation,Wind Onshore,2026-06-10T05:22:42Z
2026-06-10T05:21:31Z,2026-06-10T07:21:31+0200,3782c388-ddaf-4035-9ca0-973a72568e07,2026-05-11T22:45:00Z,2026-05-12T00:45:00+0200,21413.40697,MW,DE,DE_LU,forecast_onshore_wind_generation,Wind Onshore,2026-06-10T05:22:42Z
2026-06-10T05:21:31Z,2026-06-10T07:21:31+0200,3782c388-ddaf-4035-9ca0-973a72568e07,2026-05-11T23:00:00Z,2026-05-12T01:00:00+0200,21613.18589,MW,DE,DE_LU,forecast_onshore_wind_generation,Wind Onshore,2026-06-10T05:22:42Z
2026-06-10T05:21:31Z,2026-06-10T07:21:31+0200,3782c388-ddaf-4035-9ca0-973a72568e07,2026-05-11T23:15:00Z,2026-05-12T01:15:00+0200,21784.75398,MW,DE,DE_LU,forecast_onshore_wind_generation,Wind Onshore,2026-06-10T05:22:42Z
2026-06-10T05:21:31Z,2026-06-10T07:21:31+0200,3782c388-ddaf-4035-9ca0-973a72568e07,2026-05-11T23:30:00Z,2026-05-12T01:30:00+0200,21902.69819,MW,DE,DE_LU,forecast_onshore_wind_generation,Wind Onshore,2026-06-10T05:22:42Z
2026-06-10T05:21:31Z,2026-06-10T07:21:31+0200,3782c388-ddaf-4035-9ca0-973a72568e07,2026-05-11T23:45:00Z,2026-05-12T01:45:00+0200,22007.84907,MW,DE,DE_LU,forecast_onshore_wind_generation,Wind Onshore,2026-06-10T05:22:42Z
2026-06-10T05:21:31Z,2026-06-10T07:21:31+0200,3782c388-ddaf-4035-9ca0-973a72568e07,2026-05-12T00:00:00Z,2026-05-12T02:00:00+0200,22095.5109,MW,DE,DE_LU,forecast_onshore_wind_generation,Wind Onshore,2026-06-10T05:22:42Z
2026-06-10T05:21:31Z,2026-06-10T07:21:31+0200,3782c388-ddaf-4035-9ca0-973a72568e07,2026-05-12T00:15:00Z,2026-05-12T02:15:00+0200,22171.03088,MW,DE,DE_LU,forecast_onshore_wind_generation,Wind Onshore,2026-06-10T05:22:42Z
2026-06-10T05:21:31Z,2026-06-10T07:21:31+0200,3782c388-ddaf-4035-9ca0-973a72568e07,2026-05-12T00:30:00Z,2026-05-12T02:30:00+0200,22269.41593,MW,DE,DE_LU,forecast_onshore_wind_generation,Wind Onshore,2026-06-10T05:22:42Z
2026-06-10T05:21:31Z,2026-06-10T07:21:31+0200,3782c388-ddaf-4035-9ca0-973a72568e07,2026-05-12T00:45:00Z,2026-05-12T02:45:00+0200,22374.81597,MW,DE,DE_LU,forecast_onshore_wind_generation,Wind Onshore,2026-06-10T05:22:42Z
2026-06-10T05:21:31Z,2026-06-10T07:21:31+0200,3782c388-ddaf-4035-9ca0-973a72568e07,2026-05-12T01:00:00Z,2026-05-12T03:00:00+0200,22473.24767,MW,DE,DE_LU,forecast_onshore_wind_generation,Wind Onshore,2026-06-10T05:22:42Z
2026-06-10T05:21:31Z,2026-06-10T07:21:31+0200,3782c388-ddaf-4035-9ca0-973a72568e07,2026-05-12T01:15:00Z,2026-05-12T03:15:00+0200,22568.51852,MW,DE,DE_LU,forecast_onshore_wind_generation,Wind Onshore,2026-06-10T05:22:42Z
2026-06-10T05:21:31Z,2026-06-10T07:21:31+0200,3782c388-ddaf-4035-9ca0-973a72568e07,2026-05-12T01:30:00Z,2026-05-12T03:30:00+0200,22659.86041,MW,DE,DE_LU,forecast_onshore_wind_generation,Wind Onshore,2026-06-10T05:22:42Z
2026-06-10T05:21:31Z,2026-06-10T07:21:31+0200,3782c388-ddaf-4035-9ca0-973a72568e07,2026-05-12T01:45:00Z,2026-05-12T03:45:00+0200,22743.8582,MW,DE,DE_LU,forecast_onshore_wind_generation,Wind Onshore,2026-06-10T05:22:42Z
2026-06-10T05:21:31Z,2026-06-10T07:21:31+0200,3782c388-ddaf-4035-9ca0-973a72568e07,2026-05-12T02:00:00Z,2026-05-12T04:00:00+0200,22800.63553,MW,DE,DE_LU,forecast_onshore_wind_generation,Wind Onshore,2026-06-10T05:22:42Z
2026-06-10T05:21:31Z,2026-06-10T07:21:31+0200,3782c388-ddaf-4035-9ca0-973a72568e07,2026-05-12T02:15:00Z,2026-05-12T04:15:00+0200,22802.77394,MW,DE,DE_LU,forecast_onshore_wind_generation,Wind Onshore,2026-06-10T05:22:42Z
2026-06-10T05:21:31Z,2026-06-10T07:21:31+0200,3782c388-ddaf-4035-9ca0-973a72568e07,2026-05-12T02:30:00Z,2026-05-12T04:30:00+0200,22799.98761,MW,DE,DE_LU,forecast_onshore_wind_generation,Wind Onshore,2026-06-10T05:22:42Z
2026-06-10T05:21:31Z,2026-06-10T07:21:31+0200,3782c388-ddaf-4035-9ca0-973a72568e07,2026-05-12T02:45:00Z,2026-05-12T04:45:00+0200,22793.90629,MW,DE,DE_LU,forecast_onshore_wind_generation,Wind Onshore,2026-06-10T05:22:42Z
2026-06-10T05:21:31Z,2026-06-10T07:21:31+0200,3782c388-ddaf-4035-9ca0-973a72568e07,2026-05-12T03:00:00Z,2026-05-12T05:00:00+0200,22774.82744,MW,DE,DE_LU,forecast_onshore_wind_generation,Wind Onshore,2026-06-10T05:22:42Z
2026-06-10T05:21:31Z,2026-06-10T07:21:31+0200,3782c388-ddaf-4035-9ca0-973a72568e07,2026-05-12T03:15:00Z,2026-05-12T05:15:00+0200,22704.08937,MW,DE,DE_LU,forecast_onshore_wind_generation,Wind Onshore,2026-06-10T05:22:42Z
2026-06-10T05:21:31Z,2026-06-10T07:21:31+0200,3782c388-ddaf-4035-9ca0-973a72568e07,2026-05-12T03:30:00Z,2026-05-12T05:30:00+0200,22632.46604,MW,DE,DE_LU,forecast_onshore_wind_generation,Wind Onshore,2026-06-10T05:22:42Z
2026-06-10T05:21:31Z,2026-06-10T07:21:31+0200,3782c388-ddaf-4035-9ca0-973a72568e07,2026-05-12T03:45:00Z,2026-05-12T05:45:00+0200,22556.70861,MW,DE,DE_LU,forecast_onshore_wind_generation,Wind Onshore,2026-06-10T05:22:42Z
2026-06-10T05:21:31Z,2026-06-10T07:21:31+0200,3782c388-ddaf-4035-9ca0-973a72568e07,2026-05-12T04:00:00Z,2026-05-12T06:00:00+0200,22877.13456,MW,DE,DE_LU,forecast_onshore_wind_generation,Wind Onshore,2026-06-10T05:22:42Z
2026-06-10T05:21:31Z,2026-06-10T07:21:31+0200,3782c388-ddaf-4035-9ca0-973a72568e07,2026-05-12T04:15:00Z,2026-05-12T06:15:00+0200,22636.22881,MW,DE,DE_LU,forecast_onshore_wind_generation,Wind Onshore,2026-06-10T05:22:42Z
2026-06-10T05:21:31Z,2026-06-10T07:21:31+0200,3782c388-ddaf-4035-9ca0-973a72568e07,2026-05-12T04:30:00Z,2026-05-12T06:30:00+0200,22400.94874,MW,DE,DE_LU,forecast_onshore_wind_generation,Wind Onshore,2026-06-10T05:22:42Z
2026-06-10T05:21:31Z,2026-06-10T07:21:31+0200,3782c388-ddaf-4035-9ca0-973a72568e07,2026-05-12T04:45:00Z,2026-05-12T06:45:00+0200,22194.51602,MW,DE,DE_LU,forecast_onshore_wind_generation,Wind Onshore,2026-06-10T05:22:42Z
2026-06-10T05:21:31Z,2026-06-10T07:21:31+0200,3782c388-ddaf-4035-9ca0-973a72568e07,2026-05-12T05:00:00Z,2026-05-12T07:00:00+0200,22021.83302,MW,DE,DE_LU,forecast_onshore_wind_generation,Wind Onshore,2026-06-10T05:22:42Z
2026-06-10T05:21:31Z,2026-06-10T07:21:31+0200,3782c388-ddaf-4035-9ca0-973a72568e07,2026-05-12T05:15:00Z,2026-05-12T07:15:00+0200,21914.36594,MW,DE,DE_LU,forecast_onshore_wind_generation,Wind Onshore,2026-06-10T05:22:42Z
2026-06-10T05:21:31Z,2026-06-10T07:21:31+0200,3782c388-ddaf-4035-9ca0-973a72568e07,2026-05-12T05:30:00Z,2026-05-12T07:30:00+0200,21865.77126,MW,DE,DE_LU,forecast_onshore_wind_generation,Wind Onshore,2026-06-10T05:22:42Z
2026-06-10T05:21:31Z,2026-06-10T07:21:31+0200,3782c388-ddaf-4035-9ca0-973a72568e07,2026-05-12T05:45:00Z,2026-05-12T07:45:00+0200,21777.36429,MW,DE,DE_LU,forecast_onshore_wind_generation,Wind Onshore,2026-06-10T05:22:42Z
2026-06-10T05:21:31Z,2026-06-10T07:21:31+0200,3782c388-ddaf-4035-9ca0-973a72568e07,2026-05-12T06:00:00Z,2026-05-12T08:00:00+0200,21615.22383,MW,DE,DE_LU,forecast_onshore_wind_generation,Wind Onshore,2026-06-10T05:22:42Z
2026-06-10T05:21:31Z,2026-06-10T07:21:31+0200,3782c388-ddaf-4035-9ca0-973a72568e07,2026-05-12T06:15:00Z,2026-05-12T08:15:00+0200,21563.24239,MW,DE,DE_LU,forecast_onshore_wind_generation,Wind Onshore,2026-06-10T05:22:42Z
2026-06-10T05:21:31Z,2026-06-10T07:21:31+0200,3782c388-ddaf-4035-9ca0-973a72568e07,2026-05-12T06:30:00Z,2026-05-12T08:30:00+0200,21651.17117,MW,DE,DE_LU,forecast_onshore_wind_generation,Wind Onshore,2026-06-10T05:22:42Z
2026-06-10T05:21:31Z,2026-06-10T07:21:31+0200,3782c388-ddaf-4035-9ca0-973a72568e07,2026-05-12T06:45:00Z,2026-05-12T08:45:00+0200,21801.4334,MW,DE,DE_LU,forecast_onshore_wind_generation,Wind Onshore,2026-06-10T05:22:42Z
2026-06-10T05:21:31Z,2026-06-10T07:21:31+0200,3782c388-ddaf-4035-9ca0-973a72568e07,2026-05-12T07:00:00Z,2026-05-12T09:00:00+0200,21976.97339,MW,DE,DE_LU,forecast_onshore_wind_generation,Wind Onshore,2026-06-10T05:22:42Z
2026-06-10T05:21:31Z,2026-06-10T07:21:31+0200,3782c388-ddaf-4035-9ca0-973a72568e07,2026-05-12T07:15:00Z,2026-05-12T09:15:00+0200,22159.65039,MW,DE,DE_LU,forecast_onshore_wind_generation,Wind Onshore,2026-06-10T05:22:42Z
2026-06-10T05:21:31Z,2026-06-10T07:21:31+0200,3782c388-ddaf-4035-9ca0-973a72568e07,2026-05-12T07:30:00Z,2026-05-12T09:30:00+0200,22284.26126,MW,DE,DE_LU,forecast_onshore_wind_generation,Wind Onshore,2026-06-10T05:22:42Z
2026-06-10T05:21:31Z,2026-06-10T07:21:31+0200,3782c388-ddaf-4035-9ca0-973a72568e07,2026-05-12T07:45:00Z,2026-05-12T09:45:00+0200,22335.12837,MW,DE,DE_LU,forecast_onshore_wind_generation,Wind Onshore,2026-06-10T05:22:42Z
2026-06-10T05:21:31Z,2026-06-10T07:21:31+0200,3782c388-ddaf-4035-9ca0-973a72568e07,2026-05-12T08:00:00Z,2026-05-12T10:00:00+0200,22331.27518,MW,DE,DE_LU,forecast_onshore_wind_generation,Wind Onshore,2026-06-10T05:22:42Z
2026-06-10T05:21:31Z,2026-06-10T07:21:31+0200,3782c388-ddaf-4035-9ca0-973a72568e07,2026-05-12T08:15:00Z,2026-05-12T10:15:00+0200,22181.09376,MW,DE,DE_LU,forecast_onshore_wind_generation,Wind Onshore,2026-06-10T05:22:42Z
2026-06-10T05:21:31Z,2026-06-10T07:21:31+0200,3782c388-ddaf-4035-9ca0-973a72568e07,2026-05-12T08:30:00Z,2026-05-12T10:30:00+0200,22031.58502,MW,DE,DE_LU,forecast_onshore_wind_generation,Wind Onshore,2026-06-10T05:22:42Z
2026-06-10T05:21:31Z,2026-06-10T07:21:31+0200,3782c388-ddaf-4035-9ca0-973a72568e07,2026-05-12T08:45:00Z,2026-05-12T10:45:00+0200,21910.71635,MW,DE,DE_LU,forecast_onshore_wind_generation,Wind Onshore,2026-06-10T05:22:42Z
2026-06-10T05:21:31Z,2026-06-10T07:21:31+0200,3782c388-ddaf-4035-9ca0-973a72568e07,2026-05-12T09:00:00Z,2026-05-12T11:00:00+0200,21729.68122,MW,DE,DE_LU,forecast_onshore_wind_generation,Wind Onshore,2026-06-10T05:22:42Z
2026-06-10T05:21:31Z,2026-06-10T07:21:31+0200,3782c388-ddaf-4035-9ca0-973a72568e07,2026-05-12T09:15:00Z,2026-05-12T11:15:00+0200,21557.08783,MW,DE,DE_LU,forecast_onshore_wind_generation,Wind Onshore,2026-06-10T05:22:42Z
2026-06-10T05:21:31Z,2026-06-10T07:21:31+0200,3782c388-ddaf-4035-9ca0-973a72568e07,2026-05-12T09:30:00Z,2026-05-12T11:30:00+0200,21360.02479,MW,DE,DE_LU,forecast_onshore_wind_generation,Wind Onshore,2026-06-10T05:22:42Z
2026-06-10T05:21:31Z,2026-06-10T07:21:31+0200,3782c388-ddaf-4035-9ca0-973a72568e07,2026-05-12T09:45:00Z,2026-05-12T11:45:00+0200,21176.81055,MW,DE,DE_LU,forecast_onshore_wind_generation,Wind Onshore,2026-06-10T05:22:42Z
2026-06-10T05:21:31Z,2026-06-10T07:21:31+0200,3782c388-ddaf-4035-9ca0-973a72568e07,2026-05-12T10:00:00Z,2026-05-12T12:00:00+0200,21036.18677,MW,DE,DE_LU,forecast_onshore_wind_generation,Wind Onshore,2026-06-10T05:22:42Z
2026-06-10T05:21:31Z,2026-06-10T07:21:31+0200,3782c388-ddaf-4035-9ca0-973a72568e07,2026-05-12T10:15:00Z,2026-05-12T12:15:00+0200,20888.5668,MW,DE,DE_LU,forecast_onshore_wind_generation,Wind Onshore,2026-06-10T05:22:42Z
2026-06-10T05:21:31Z,2026-06-10T07:21:31+0200,3782c388-ddaf-4035-9ca0-973a72568e07,2026-05-12T10:30:00Z,2026-05-12T12:30:00+0200,20759.57128,MW,DE,DE_LU,forecast_onshore_wind_generation,Wind Onshore,2026-06-10T05:22:42Z
2026-06-10T05:21:31Z,2026-06-10T07:21:31+0200,3782c388-ddaf-4035-9ca0-973a72568e07,2026-05-12T10:45:00Z,2026-05-12T12:45:00+0200,20657.8082,MW,DE,DE_LU,forecast_onshore_wind_generation,Wind Onshore,2026-06-10T05:22:42Z
2026-06-10T05:21:31Z,2026-06-10T07:21:31+0200,3782c388-ddaf-4035-9ca0-973a72568e07,2026-05-12T11:00:00Z,2026-05-12T13:00:00+0200,20563.3551,MW,DE,DE_LU,forecast_onshore_wind_generation,Wind Onshore,2026-06-10T05:22:42Z
2026-06-10T05:21:31Z,2026-06-10T07:21:31+0200,3782c388-ddaf-4035-9ca0-973a72568e07,2026-05-12T11:15:00Z,2026-05-12T13:15:00+0200,20509.98008,MW,DE,DE_LU,forecast_onshore_wind_generation,Wind Onshore,2026-06-10T05:22:42Z
2026-06-10T05:21:31Z,2026-06-10T07:21:31+0200,3782c388-ddaf-4035-9ca0-973a72568e07,2026-05-12T11:30:00Z,2026-05-12T13:30:00+0200,20519.10881,MW,DE,DE_LU,forecast_onshore_wind_generation,Wind Onshore,2026-06-10T05:22:42Z
2026-06-10T05:21:31Z,2026-06-10T07:21:31+0200,3782c388-ddaf-4035-9ca0-973a72568e07,2026-05-12T11:45:00Z,2026-05-12T13:45:00+0200,20600.52334,MW,DE,DE_LU,forecast_onshore_wind_generation,Wind Onshore,2026-06-10T05:22:42Z
2026-06-10T05:21:31Z,2026-06-10T07:21:31+0200,3782c388-ddaf-4035-9ca0-973a72568e07,2026-05-12T12:00:00Z,2026-05-12T14:00:00+0200,20773.4669,MW,DE,DE_LU,forecast_onshore_wind_generation,Wind Onshore,2026-06-10T05:22:42Z
2026-06-10T05:21:31Z,2026-06-10T07:21:31+0200,3782c388-ddaf-4035-9ca0-973a72568e07,2026-05-12T12:15:00Z,2026-05-12T14:15:00+0200,21006.54037,MW,DE,DE_LU,forecast_onshore_wind_generation,Wind Onshore,2026-06-10T05:22:42Z
2026-06-10T05:21:31Z,2026-06-10T07:21:31+0200,3782c388-ddaf-4035-9ca0-973a72568e07,2026-05-12T12:30:00Z,2026-05-12T14:30:00+0200,21171.62938,MW,DE,DE_LU,forecast_onshore_wind_generation,Wind Onshore,2026-06-10T05:22:42Z
2026-06-10T05:21:31Z,2026-06-10T07:21:31+0200,3782c388-ddaf-4035-9ca0-973a72568e07,2026-05-12T12:45:00Z,2026-05-12T14:45:00+0200,21349.70789,MW,DE,DE_LU,forecast_onshore_wind_generation,Wind Onshore,2026-06-10T05:22:42Z
2026-06-10T05:21:31Z,2026-06-10T07:21:31+0200,3782c388-ddaf-4035-9ca0-973a72568e07,2026-05-12T13:00:00Z,2026-05-12T15:00:00+0200,21447.93124,MW,DE,DE_LU,forecast_onshore_wind_generation,Wind Onshore,2026-06-10T05:22:42Z
2026-06-10T05:21:31Z,2026-06-10T07:21:31+0200,3782c388-ddaf-4035-9ca0-973a72568e07,2026-05-12T13:15:00Z,2026-05-12T15:15:00+0200,21647.79935,MW,DE,DE_LU,forecast_onshore_wind_generation,Wind Onshore,2026-06-10T05:22:42Z
2026-06-10T05:21:31Z,2026-06-10T07:21:31+0200,3782c388-ddaf-4035-9ca0-973a72568e07,2026-05-12T13:30:00Z,2026-05-12T15:30:00+0200,21862.20137,MW,DE,DE_LU,forecast_onshore_wind_generation,Wind Onshore,2026-06-10T05:22:42Z
2026-06-10T05:21:31Z,2026-06-10T07:21:31+0200,3782c388-ddaf-4035-9ca0-973a72568e07,2026-05-12T13:45:00Z,2026-05-12T15:45:00+0200,22043.58152,MW,DE,DE_LU,forecast_onshore_wind_generation,Wind Onshore,2026-06-10T05:22:42Z
2026-06-10T05:21:31Z,2026-06-10T07:21:31+0200,3782c388-ddaf-4035-9ca0-973a72568e07,2026-05-12T14:00:00Z,2026-05-12T16:00:00+0200,22258.5299,MW,DE,DE_LU,forecast_onshore_wind_generation,Wind Onshore,2026-06-10T05:22:42Z
2026-06-10T05:21:31Z,2026-06-10T07:21:31+0200,3782c388-ddaf-4035-9ca0-973a72568e07,2026-05-12T14:15:00Z,2026-05-12T16:15:00+0200,22395.82917,MW,DE,DE_LU,forecast_onshore_wind_generation,Wind Onshore,2026-06-10T05:22:42Z
2026-06-10T05:21:31Z,2026-06-10T07:21:31+0200,3782c388-ddaf-4035-9ca0-973a72568e07,2026-05-12T14:30:00Z,2026-05-12T16:30:00+0200,22536.0346,MW,DE,DE_LU,forecast_onshore_wind_generation,Wind Onshore,2026-06-10T05:22:42Z
2026-06-10T05:21:31Z,2026-06-10T07:21:31+0200,3782c388-ddaf-4035-9ca0-973a72568e07,2026-05-12T14:45:00Z,2026-05-12T16:45:00+0200,22653.39384,MW,DE,DE_LU,forecast_onshore_wind_generation,Wind Onshore,2026-06-10T05:22:42Z
2026-06-10T05:21:31Z,2026-06-10T07:21:31+0200,3782c388-ddaf-4035-9ca0-973a72568e07,2026-05-12T15:00:00Z,2026-05-12T17:00:00+0200,22704.41113,MW,DE,DE_LU,forecast_onshore_wind_generation,Wind Onshore,2026-06-10T05:22:42Z
2026-06-10T05:21:31Z,2026-06-10T07:21:31+0200,3782c388-ddaf-4035-9ca0-973a72568e07,2026-05-12T15:15:00Z,2026-05-12T17:15:00+0200,22567.84159,MW,DE,DE_LU,forecast_onshore_wind_generation,Wind Onshore,2026-06-10T05:22:42Z
2026-06-10T05:21:31Z,2026-06-10T07:21:31+0200,3782c388-ddaf-4035-9ca0-973a72568e07,2026-05-12T15:30:00Z,2026-05-12T17:30:00+0200,22419.00441,MW,DE,DE_LU,forecast_onshore_wind_generation,Wind Onshore,2026-06-10T05:22:42Z
2026-06-10T05:21:31Z,2026-06-10T07:21:31+0200,3782c388-ddaf-4035-9ca0-973a72568e07,2026-05-12T15:45:00Z,2026-05-12T17:45:00+0200,22063.19589,MW,DE,DE_LU,forecast_onshore_wind_generation,Wind Onshore,2026-06-10T05:22:42Z
2026-06-10T05:21:31Z,2026-06-10T07:21:31+0200,3782c388-ddaf-4035-9ca0-973a72568e07,2026-05-12T16:00:00Z,2026-05-12T18:00:00+0200,21599.52523,MW,DE,DE_LU,forecast_onshore_wind_generation,Wind Onshore,2026-06-10T05:22:42Z
2026-06-10T05:21:31Z,2026-06-10T07:21:31+0200,3782c388-ddaf-4035-9ca0-973a72568e07,2026-05-12T16:15:00Z,2026-05-12T18:15:00+0200,20944.00196,MW,DE,DE_LU,forecast_onshore_wind_generation,Wind Onshore,2026-06-10T05:22:42Z
2026-06-10T05:21:31Z,2026-06-10T07:21:31+0200,3782c388-ddaf-4035-9ca0-973a72568e07,2026-05-12T16:30:00Z,2026-05-12T18:30:00+0200,20284.35982,MW,DE,DE_LU,forecast_onshore_wind_generation,Wind Onshore,2026-06-10T05:22:42Z
2026-06-10T05:21:31Z,2026-06-10T07:21:31+0200,3782c388-ddaf-4035-9ca0-973a72568e07,2026-05-12T16:45:00Z,2026-05-12T18:45:00+0200,19616.81552,MW,DE,DE_LU,forecast_onshore_wind_generation,Wind Onshore,2026-06-10T05:22:42Z
2026-06-10T05:21:31Z,2026-06-10T07:21:31+0200,3782c388-ddaf-4035-9ca0-973a72568e07,2026-05-12T17:00:00Z,2026-05-12T19:00:00+0200,18904.99125,MW,DE,DE_LU,forecast_onshore_wind_generation,Wind Onshore,2026-06-10T05:22:42Z
2026-06-10T05:21:31Z,2026-06-10T07:21:31+0200,3782c388-ddaf-4035-9ca0-973a72568e07,2026-05-12T17:15:00Z,2026-05-12T19:15:00+0200,18100.70095,MW,DE,DE_LU,forecast_onshore_wind_generation,Wind Onshore,2026-06-10T05:22:42Z
2026-06-10T05:21:31Z,2026-06-10T07:21:31+0200,3782c388-ddaf-4035-9ca0-973a72568e07,2026-05-12T17:30:00Z,2026-05-12T19:30:00+0200,17299.72052,MW,DE,DE_LU,forecast_onshore_wind_generation,Wind Onshore,2026-06-10T05:22:42Z
2026-06-10T05:21:31Z,2026-06-10T07:21:31+0200,3782c388-ddaf-4035-9ca0-973a72568e07,2026-05-12T17:45:00Z,2026-05-12T19:45:00+0200,16606.87999,MW,DE,DE_LU,forecast_onshore_wind_generation,Wind Onshore,2026-06-10T05:22:42Z
2026-06-10T05:21:31Z,2026-06-10T07:21:31+0200,3782c388-ddaf-4035-9ca0-973a72568e07,2026-05-12T18:00:00Z,2026-05-12T20:00:00+0200,15951.50683,MW,DE,DE_LU,forecast_onshore_wind_generation,Wind Onshore,2026-06-10T05:22:42Z
2026-06-10T05:21:31Z,2026-06-10T07:21:31+0200,3782c388-ddaf-4035-9ca0-973a72568e07,2026-05-12T18:15:00Z,2026-05-12T20:15:00+0200,15469.3893,MW,DE,DE_LU,forecast_onshore_wind_generation,Wind Onshore,2026-06-10T05:22:42Z
2026-06-10T05:21:31Z,2026-06-10T07:21:31+0200,3782c388-ddaf-4035-9ca0-973a72568e07,2026-05-12T18:30:00Z,2026-05-12T20:30:00+0200,15207.3414,MW,DE,DE_LU,forecast_onshore_wind_generation,Wind Onshore,2026-06-10T05:22:42Z
2026-06-10T05:21:31Z,2026-06-10T07:21:31+0200,3782c388-ddaf-4035-9ca0-973a72568e07,2026-05-12T18:45:00Z,2026-05-12T20:45:00+0200,14987.55836,MW,DE,DE_LU,forecast_onshore_wind_generation,Wind Onshore,2026-06-10T05:22:42Z
2026-06-10T05:21:31Z,2026-06-10T07:21:31+0200,3782c388-ddaf-4035-9ca0-973a72568e07,2026-05-12T19:00:00Z,2026-05-12T21:00:00+0200,14876.09985,MW,DE,DE_LU,forecast_onshore_wind_generation,Wind Onshore,2026-06-10T05:22:42Z
2026-06-10T05:21:31Z,2026-06-10T07:21:31+0200,3782c388-ddaf-4035-9ca0-973a72568e07,2026-05-12T19:15:00Z,2026-05-12T21:15:00+0200,14955.5849,MW,DE,DE_LU,forecast_onshore_wind_generation,Wind Onshore,2026-06-10T05:22:42Z
2026-06-10T05:21:31Z,2026-06-10T07:21:31+0200,3782c388-ddaf-4035-9ca0-973a72568e07,2026-05-12T19:30:00Z,2026-05-12T21:30:00+0200,15044.62378,MW,DE,DE_LU,forecast_onshore_wind_generation,Wind Onshore,2026-06-10T05:22:42Z
2026-06-10T05:21:31Z,2026-06-10T07:21:31+0200,3782c388-ddaf-4035-9ca0-973a72568e07,2026-05-12T19:45:00Z,2026-05-12T21:45:00+0200,15136.65825,MW,DE,DE_LU,forecast_onshore_wind_generation,Wind Onshore,2026-06-10T05:22:42Z
2026-06-10T05:21:31Z,2026-06-10T07:21:31+0200,3782c388-ddaf-4035-9ca0-973a72568e07,2026-05-12T20:00:00Z,2026-05-12T22:00:00+0200,15115.06192,MW,DE,DE_LU,forecast_onshore_wind_generation,Wind Onshore,2026-06-10T05:22:42Z
2026-06-10T05:21:31Z,2026-06-10T07:21:31+0200,3782c388-ddaf-4035-9ca0-973a72568e07,2026-05-12T20:15:00Z,2026-05-12T22:15:00+0200,15331.79839,MW,DE,DE_LU,forecast_onshore_wind_generation,Wind Onshore,2026-06-10T05:22:42Z
2026-06-10T05:21:31Z,2026-06-10T07:21:31+0200,3782c388-ddaf-4035-9ca0-973a72568e07,2026-05-12T20:30:00Z,2026-05-12T22:30:00+0200,15548.34301,MW,DE,DE_LU,forecast_onshore_wind_generation,Wind Onshore,2026-06-10T05:22:42Z
2026-06-10T05:21:31Z,2026-06-10T07:21:31+0200,3782c388-ddaf-4035-9ca0-973a72568e07,2026-05-12T20:45:00Z,2026-05-12T22:45:00+0200,15795.2281,MW,DE,DE_LU,forecast_onshore_wind_generation,Wind Onshore,2026-06-10T05:22:42Z
2026-06-10T05:21:31Z,2026-06-10T07:21:31+0200,3782c388-ddaf-4035-9ca0-973a72568e07,2026-05-12T21:00:00Z,2026-05-12T23:00:00+0200,16049.63861,MW,DE,DE_LU,forecast_onshore_wind_generation,Wind Onshore,2026-06-10T05:22:42Z
2026-06-10T05:21:31Z,2026-06-10T07:21:31+0200,3782c388-ddaf-4035-9ca0-973a72568e07,2026-05-12T21:15:00Z,2026-05-12T23:15:00+0200,16340.07261,MW,DE,DE_LU,forecast_onshore_wind_generation,Wind Onshore,2026-06-10T05:22:42Z
2026-06-10T05:21:31Z,2026-06-10T07:21:31+0200,3782c388-ddaf-4035-9ca0-973a72568e07,2026-05-12T21:30:00Z,2026-05-12T23:30:00+0200,16650.25135,MW,DE,DE_LU,forecast_onshore_wind_generation,Wind Onshore,2026-06-10T05:22:42Z
2026-06-10T05:21:31Z,2026-06-10T07:21:31+0200,3782c388-ddaf-4035-9ca0-973a72568e07,2026-05-12T21:45:00Z,2026-05-12T23:45:00+0200,16977.44993,MW,DE,DE_LU,forecast_onshore_wind_generation,Wind Onshore,2026-06-10T05:22:42Z
2026-06-10T05:21:31Z,2026-06-10T07:21:31+0200,3782c388-ddaf-4035-9ca0-973a72568e07,2026-05-12T22:00:00Z,2026-05-13T00:00:00+0200,17184.81787,MW,DE,DE_LU,forecast_onshore_wind_generation,Wind Onshore,2026-06-10T05:22:42Z
2026-06-10T05:21:31Z,2026-06-10T07:21:31+0200,3782c388-ddaf-4035-9ca0-973a72568e07,2026-05-12T22:15:00Z,2026-05-13T00:15:00+0200,17513.7124,MW,DE,DE_LU,forecast_onshore_wind_generation,Wind Onshore,2026-06-10T05:22:42Z
2026-06-10T05:21:31Z,2026-06-10T07:21:31+0200,3782c388-ddaf-4035-9ca0-973a72568e07,2026-05-12T22:30:00Z,2026-05-13T00:30:00+0200,17849.16248,MW,DE,DE_LU,forecast_onshore_wind_generation,Wind Onshore,2026-06-10T05:22:42Z
2026-06-10T05:21:31Z,2026-06-10T07:21:31+0200,3782c388-ddaf-4035-9ca0-973a72568e07,2026-05-12T22:45:00Z,2026-05-13T00:45:00+0200,18151.56214,MW,DE,DE_LU,forecast_onshore_wind_generation,Wind Onshore,2026-06-10T05:22:42Z
2026-06-10T05:21:31Z,2026-06-10T07:21:31+0200,3782c388-ddaf-4035-9ca0-973a72568e07,2026-05-12T23:00:00Z,2026-05-13T01:00:00+0200,18456.24823,MW,DE,DE_LU,forecast_onshore_wind_generation,Wind Onshore,2026-06-10T05:22:42Z
2026-06-10T05:21:31Z,2026-06-10T07:21:31+0200,3782c388-ddaf-4035-9ca0-973a72568e07,2026-05-12T23:15:00Z,2026-05-13T01:15:00+0200,18737.5743,MW,DE,DE_LU,forecast_onshore_wind_generation,Wind Onshore,2026-06-10T05:22:42Z
2026-06-10T05:21:31Z,2026-06-10T07:21:31+0200,3782c388-ddaf-4035-9ca0-973a72568e07,2026-05-12T23:30:00Z,2026-05-13T01:30:00+0200,18969.60384,MW,DE,DE_LU,forecast_onshore_wind_generation,Wind Onshore,2026-06-10T05:22:42Z
2026-06-10T05:21:31Z,2026-06-10T07:21:31+0200,3782c388-ddaf-4035-9ca0-973a72568e07,2026-05-12T23:45:00Z,2026-05-13T01:45:00+0200,19179.34125,MW,DE,DE_LU,forecast_onshore_wind_generation,Wind Onshore,2026-06-10T05:22:42Z
2026-06-10T05:21:31Z,2026-06-10T07:21:31+0200,3782c388-ddaf-4035-9ca0-973a72568e07,2026-05-13T00:00:00Z,2026-05-13T02:00:00+0200,19312.41586,MW,DE,DE_LU,forecast_onshore_wind_generation,Wind Onshore,2026-06-10T05:22:42Z
2026-06-10T05:21:31Z,2026-06-10T07:21:31+0200,3782c388-ddaf-4035-9ca0-973a72568e07,2026-05-13T00:15:00Z,2026-05-13T02:15:00+0200,19280.9834,MW,DE,DE_LU,forecast_onshore_wind_generation,Wind Onshore,2026-06-10T05:22:42Z
2026-06-10T05:21:31Z,2026-06-10T07:21:31+0200,3782c388-ddaf-4035-9ca0-973a72568e07,2026-05-13T00:30:00Z,2026-05-13T02:30:00+0200,19231.28209,MW,DE,DE_LU,forecast_onshore_wind_generation,Wind Onshore,2026-06-10T05:22:42Z
2026-06-10T05:21:31Z,2026-06-10T07:21:31+0200,3782c388-ddaf-4035-9ca0-973a72568e07,2026-05-13T00:45:00Z,2026-05-13T02:45:00+0200,19174.42616,MW,DE,DE_LU,forecast_onshore_wind_generation,Wind Onshore,2026-06-10T05:22:42Z
2026-06-10T05:21:31Z,2026-06-10T07:21:31+0200,3782c388-ddaf-4035-9ca0-973a72568e07,2026-05-13T01:00:00Z,2026-05-13T03:00:00+0200,19129.05444,MW,DE,DE_LU,forecast_onshore_wind_generation,Wind Onshore,2026-06-10T05:22:42Z
2026-06-10T05:21:31Z,2026-06-10T07:21:31+0200,3782c388-ddaf-4035-9ca0-973a72568e07,2026-05-13T01:15:00Z,2026-05-13T03:15:00+0200,19094.29385,MW,DE,DE_LU,forecast_onshore_wind_generation,Wind Onshore,2026-06-10T05:22:42Z
2026-06-10T05:21:31Z,2026-06-10T07:21:31+0200,3782c388-ddaf-4035-9ca0-973a72568e07,2026-05-13T01:30:00Z,2026-05-13T03:30:00+0200,19057.15616,MW,DE,DE_LU,forecast_onshore_wind_generation,Wind Onshore,2026-06-10T05:22:42Z
2026-06-10T05:21:31Z,2026-06-10T07:21:31+0200,3782c388-ddaf-4035-9ca0-973a72568e07,2026-05-13T01:45:00Z,2026-05-13T03:45:00+0200,19025.33912,MW,DE,DE_LU,forecast_onshore_wind_generation,Wind Onshore,2026-06-10T05:22:42Z
2026-06-10T05:21:31Z,2026-06-10T07:21:31+0200,3782c388-ddaf-4035-9ca0-973a72568e07,2026-05-13T02:00:00Z,2026-05-13T04:00:00+0200,18987.53212,MW,DE,DE_LU,forecast_onshore_wind_generation,Wind Onshore,2026-06-10T05:22:42Z
2026-06-10T05:21:31Z,2026-06-10T07:21:31+0200,3782c388-ddaf-4035-9ca0-973a72568e07,2026-05-13T02:15:00Z,2026-05-13T04:15:00+0200,18920.30116,MW,DE,DE_LU,forecast_onshore_wind_generation,Wind Onshore,2026-06-10T05:22:42Z
2026-06-10T05:21:31Z,2026-06-10T07:21:31+0200,3782c388-ddaf-4035-9ca0-973a72568e07,2026-05-13T02:30:00Z,2026-05-13T04:30:00+0200,18847.12817,MW,DE,DE_LU,forecast_onshore_wind_generation,Wind Onshore,2026-06-10T05:22:42Z
2026-06-10T05:21:31Z,2026-06-10T07:21:31+0200,3782c388-ddaf-4035-9ca0-973a72568e07,2026-05-13T02:45:00Z,2026-05-13T04:45:00+0200,18763.11532,MW,DE,DE_LU,forecast_onshore_wind_generation,Wind Onshore,2026-06-10T05:22:42Z
2026-06-10T05:21:31Z,2026-06-10T07:21:31+0200,3782c388-ddaf-4035-9ca0-973a72568e07,2026-05-13T03:00:00Z,2026-05-13T05:00:00+0200,18670.44316,MW,DE,DE_LU,forecast_onshore_wind_generation,Wind Onshore,2026-06-10T05:22:42Z
2026-06-10T05:21:31Z,2026-06-10T07:21:31+0200,3782c388-ddaf-4035-9ca0-973a72568e07,2026-05-13T03:15:00Z,2026-05-13T05:15:00+0200,18562.58679,MW,DE,DE_LU,forecast_onshore_wind_generation,Wind Onshore,2026-06-10T05:22:42Z
2026-06-10T05:21:31Z,2026-06-10T07:21:31+0200,3782c388-ddaf-4035-9ca0-973a72568e07,2026-05-13T03:30:00Z,2026-05-13T05:30:00+0200,18446.92806,MW,DE,DE_LU,forecast_onshore_wind_generation,Wind Onshore,2026-06-10T05:22:42Z
2026-06-10T05:21:31Z,2026-06-10T07:21:31+0200,3782c388-ddaf-4035-9ca0-973a72568e07,2026-05-13T03:45:00Z,2026-05-13T05:45:00+0200,18325.42745,MW,DE,DE_LU,forecast_onshore_wind_generation,Wind Onshore,2026-06-10T05:22:42Z
2026-06-10T05:21:31Z,2026-06-10T07:21:31+0200,3782c388-ddaf-4035-9ca0-973a72568e07,2026-05-13T04:00:00Z,2026-05-13T06:00:00+0200,18474.35136,MW,DE,DE_LU,forecast_onshore_wind_generation,Wind Onshore,2026-06-10T05:22:42Z
2026-06-10T05:21:31Z,2026-06-10T07:21:31+0200,3782c388-ddaf-4035-9ca0-973a72568e07,2026-05-13T04:15:00Z,2026-05-13T06:15:00+0200,18186.73375,MW,DE,DE_LU,forecast_onshore_wind_generation,Wind Onshore,2026-06-10T05:22:42Z
2026-06-10T05:21:31Z,2026-06-10T07:21:31+0200,3782c388-ddaf-4035-9ca0-973a72568e07,2026-05-13T04:30:00Z,2026-05-13T06:30:00+0200,17887.257,MW,DE,DE_LU,forecast_onshore_wind_generation,Wind Onshore,2026-06-10T05:22:42Z
2026-06-10T05:21:31Z,2026-06-10T07:21:31+0200,3782c388-ddaf-4035-9ca0-973a72568e07,2026-05-13T04:45:00Z,2026-05-13T06:45:00+0200,17592.52941,MW,DE,DE_LU,forecast_onshore_wind_generation,Wind Onshore,2026-06-10T05:22:42Z
2026-06-10T05:21:31Z,2026-06-10T07:21:31+0200,3782c388-ddaf-4035-9ca0-973a72568e07,2026-05-13T05:00:00Z,2026-05-13T07:00:00+0200,17295.83976,MW,DE,DE_LU,forecast_onshore_wind_generation,Wind Onshore,2026-06-10T05:22:42Z
2026-06-10T05:21:31Z,2026-06-10T07:21:31+0200,3782c388-ddaf-4035-9ca0-973a72568e07,2026-05-13T05:15:00Z,2026-05-13T07:15:00+0200,17003.95321,MW,DE,DE_LU,forecast_onshore_wind_generation,Wind Onshore,2026-06-10T05:22:42Z
2026-06-10T05:21:31Z,2026-06-10T07:21:31+0200,3782c388-ddaf-4035-9ca0-973a72568e07,2026-05-13T05:30:00Z,2026-05-13T07:30:00+0200,16735.62737,MW,DE,DE_LU,forecast_onshore_wind_generation,Wind Onshore,2026-06-10T05:22:42Z
2026-06-10T05:21:31Z,2026-06-10T07:21:31+0200,3782c388-ddaf-4035-9ca0-973a72568e07,2026-05-13T05:45:00Z,2026-05-13T07:45:00+0200,16448.0119,MW,DE,DE_LU,forecast_onshore_wind_generation,Wind Onshore,2026-06-10T05:22:42Z
2026-06-10T05:21:31Z,2026-06-10T07:21:31+0200,3782c388-ddaf-4035-9ca0-973a72568e07,2026-05-13T06:00:00Z,2026-05-13T08:00:00+0200,16134.56035,MW,DE,DE_LU,forecast_onshore_wind_generation,Wind Onshore,2026-06-10T05:22:42Z
2026-06-10T05:21:31Z,2026-06-10T07:21:31+0200,3782c388-ddaf-4035-9ca0-973a72568e07,2026-05-13T06:15:00Z,2026-05-13T08:15:00+0200,15962.5942,MW,DE,DE_LU,forecast_onshore_wind_generation,Wind Onshore,2026-06-10T05:22:42Z
2026-06-10T05:21:31Z,2026-06-10T07:21:31+0200,3782c388-ddaf-4035-9ca0-973a72568e07,2026-05-13T06:30:00Z,2026-05-13T08:30:00+0200,15904.77068,MW,DE,DE_LU,forecast_onshore_wind_generation,Wind Onshore,2026-06-10T05:22:42Z
2026-06-10T05:21:31Z,2026-06-10T07:21:31+0200,3782c388-ddaf-4035-9ca0-973a72568e07,2026-05-13T06:45:00Z,2026-05-13T08:45:00+0200,15905.6696,MW,DE,DE_LU,forecast_onshore_wind_generation,Wind Onshore,2026-06-10T05:22:42Z
2026-06-10T05:21:31Z,2026-06-10T07:21:31+0200,3782c388-ddaf-4035-9ca0-973a72568e07,2026-05-13T07:00:00Z,2026-05-13T09:00:00+0200,16061.08977,MW,DE,DE_LU,forecast_onshore_wind_generation,Wind Onshore,2026-06-10T05:22:42Z
2026-06-10T05:21:31Z,2026-06-10T07:21:31+0200,3782c388-ddaf-4035-9ca0-973a72568e07,2026-05-13T07:15:00Z,2026-05-13T09:15:00+0200,16291.7708,MW,DE,DE_LU,forecast_onshore_wind_generation,Wind Onshore,2026-06-10T05:22:42Z
2026-06-10T05:21:31Z,2026-06-10T07:21:31+0200,3782c388-ddaf-4035-9ca0-973a72568e07,2026-05-13T07:30:00Z,2026-05-13T09:30:00+0200,16537.72288,MW,DE,DE_LU,forecast_onshore_wind_generation,Wind Onshore,2026-06-10T05:22:42Z
2026-06-10T05:21:31Z,2026-06-10T07:21:31+0200,3782c388-ddaf-4035-9ca0-973a72568e07,2026-05-13T07:45:00Z,2026-05-13T09:45:00+0200,16813.28034,MW,DE,DE_LU,forecast_onshore_wind_generation,Wind Onshore,2026-06-10T05:22:42Z
2026-06-10T05:21:31Z,2026-06-10T07:21:31+0200,3782c388-ddaf-4035-9ca0-973a72568e07,2026-05-13T08:00:00Z,2026-05-13T10:00:00+0200,17055.36587,MW,DE,DE_LU,forecast_onshore_wind_generation,Wind Onshore,2026-06-10T05:22:42Z
2026-06-10T05:21:31Z,2026-06-10T07:21:31+0200,3782c388-ddaf-4035-9ca0-973a72568e07,2026-05-13T08:15:00Z,2026-05-13T10:15:00+0200,17125.5991,MW,DE,DE_LU,forecast_onshore_wind_generation,Wind Onshore,2026-06-10T05:22:42Z
2026-06-10T05:21:31Z,2026-06-10T07:21:31+0200,3782c388-ddaf-4035-9ca0-973a72568e07,2026-05-13T08:30:00Z,2026-05-13T10:30:00+0200,17204.48018,MW,DE,DE_LU,forecast_onshore_wind_generation,Wind Onshore,2026-06-10T05:22:42Z
2026-06-10T05:21:31Z,2026-06-10T07:21:31+0200,3782c388-ddaf-4035-9ca0-973a72568e07,2026-05-13T08:45:00Z,2026-05-13T10:45:00+0200,17266.31734,MW,DE,DE_LU,forecast_onshore_wind_generation,Wind Onshore,2026-06-10T05:22:42Z
2026-06-10T05:21:31Z,2026-06-10T07:21:31+0200,3782c388-ddaf-4035-9ca0-973a72568e07,2026-05-13T09:00:00Z,2026-05-13T11:00:00+0200,17306.13888,MW,DE,DE_LU,forecast_onshore_wind_generation,Wind Onshore,2026-06-10T05:22:42Z
2026-06-10T05:21:31Z,2026-06-10T07:21:31+0200,3782c388-ddaf-4035-9ca0-973a72568e07,2026-05-13T09:15:00Z,2026-05-13T11:15:00+0200,17372.12381,MW,DE,DE_LU,forecast_onshore_wind_generation,Wind Onshore,2026-06-10T05:22:42Z
2026-06-10T05:21:31Z,2026-06-10T07:21:31+0200,3782c388-ddaf-4035-9ca0-973a72568e07,2026-05-13T09:30:00Z,2026-05-13T11:30:00+0200,17449.47972,MW,DE,DE_LU,forecast_onshore_wind_generation,Wind Onshore,2026-06-10T05:22:42Z
2026-06-10T05:21:31Z,2026-06-10T07:21:31+0200,3782c388-ddaf-4035-9ca0-973a72568e07,2026-05-13T09:45:00Z,2026-05-13T11:45:00+0200,17530.46332,MW,DE,DE_LU,forecast_onshore_wind_generation,Wind Onshore,2026-06-10T05:22:42Z
2026-06-10T05:21:31Z,2026-06-10T07:21:31+0200,3782c388-ddaf-4035-9ca0-973a72568e07,2026-05-13T10:00:00Z,2026-05-13T12:00:00+0200,17626.35376,MW,DE,DE_LU,forecast_onshore_wind_generation,Wind Onshore,2026-06-10T05:22:42Z
2026-06-10T05:21:31Z,2026-06-10T07:21:31+0200,3782c388-ddaf-4035-9ca0-973a72568e07,2026-05-13T10:15:00Z,2026-05-13T12:15:00+0200,17723.33859,MW,DE,DE_LU,forecast_onshore_wind_generation,Wind Onshore,2026-06-10T05:22:42Z
2026-06-10T05:21:31Z,2026-06-10T07:21:31+0200,3782c388-ddaf-4035-9ca0-973a72568e07,2026-05-13T10:30:00Z,2026-05-13T12:30:00+0200,17820.43479,MW,DE,DE_LU,forecast_onshore_wind_generation,Wind Onshore,2026-06-10T05:22:42Z
2026-06-10T05:21:31Z,2026-06-10T07:21:31+0200,3782c388-ddaf-4035-9ca0-973a72568e07,2026-05-13T10:45:00Z,2026-05-13T12:45:00+0200,17897.98059,MW,DE,DE_LU,forecast_onshore_wind_generation,Wind Onshore,2026-06-10T05:22:42Z
2026-06-10T05:21:31Z,2026-06-10T07:21:31+0200,3782c388-ddaf-4035-9ca0-973a72568e07,2026-05-13T11:00:00Z,2026-05-13T13:00:00+0200,17964.03076,MW,DE,DE_LU,forecast_onshore_wind_generation,Wind Onshore,2026-06-10T05:22:42Z
2026-06-10T05:21:31Z,2026-06-10T07:21:31+0200,3782c388-ddaf-4035-9ca0-973a72568e07,2026-05-13T11:15:00Z,2026-05-13T13:15:00+0200,18030.0894,MW,DE,DE_LU,forecast_onshore_wind_generation,Wind Onshore,2026-06-10T05:22:42Z
2026-06-10T05:21:31Z,2026-06-10T07:21:31+0200,3782c388-ddaf-4035-9ca0-973a72568e07,2026-05-13T11:30:00Z,2026-05-13T13:30:00+0200,18054.57769,MW,DE,DE_LU,forecast_onshore_wind_generation,Wind Onshore,2026-06-10T05:22:42Z
2026-06-10T05:21:31Z,2026-06-10T07:21:31+0200,3782c388-ddaf-4035-9ca0-973a72568e07,2026-05-13T11:45:00Z,2026-05-13T13:45:00+0200,18097.67186,MW,DE,DE_LU,forecast_onshore_wind_generation,Wind Onshore,2026-06-10T05:22:42Z
2026-06-10T05:21:31Z,2026-06-10T07:21:31+0200,3782c388-ddaf-4035-9ca0-973a72568e07,2026-05-13T12:00:00Z,2026-05-13T14:00:00+0200,18212.86122,MW,DE,DE_LU,forecast_onshore_wind_generation,Wind Onshore,2026-06-10T05:22:42Z
2026-06-10T05:21:31Z,2026-06-10T07:21:31+0200,3782c388-ddaf-4035-9ca0-973a72568e07,2026-05-13T12:15:00Z,2026-05-13T14:15:00+0200,18316.99697,MW,DE,DE_LU,forecast_onshore_wind_generation,Wind Onshore,2026-06-10T05:22:42Z
2026-06-10T05:21:31Z,2026-06-10T07:21:31+0200,3782c388-ddaf-4035-9ca0-973a72568e07,2026-05-13T12:30:00Z,2026-05-13T14:30:00+0200,18335.93813,MW,DE,DE_LU,forecast_onshore_wind_generation,Wind Onshore,2026-06-10T05:22:42Z
2026-06-10T05:21:31Z,2026-06-10T07:21:31+0200,3782c388-ddaf-4035-9ca0-973a72568e07,2026-05-13T12:45:00Z,2026-05-13T14:45:00+0200,18305.69959,MW,DE,DE_LU,forecast_onshore_wind_generation,Wind Onshore,2026-06-10T05:22:42Z
2026-06-10T05:21:31Z,2026-06-10T07:21:31+0200,3782c388-ddaf-4035-9ca0-973a72568e07,2026-05-13T13:00:00Z,2026-05-13T15:00:00+0200,18185.26523,MW,DE,DE_LU,forecast_onshore_wind_generation,Wind Onshore,2026-06-10T05:22:42Z
2026-06-10T05:21:31Z,2026-06-10T07:21:31+0200,3782c388-ddaf-4035-9ca0-973a72568e07,2026-05-13T13:15:00Z,2026-05-13T15:15:00+0200,18033.91926,MW,DE,DE_LU,forecast_onshore_wind_generation,Wind Onshore,2026-06-10T05:22:42Z
2026-06-10T05:21:31Z,2026-06-10T07:21:31+0200,3782c388-ddaf-4035-9ca0-973a72568e07,2026-05-13T13:30:00Z,2026-05-13T15:30:00+0200,17893.97331,MW,DE,DE_LU,forecast_onshore_wind_generation,Wind Onshore,2026-06-10T05:22:42Z
2026-06-10T05:21:31Z,2026-06-10T07:21:31+0200,3782c388-ddaf-4035-9ca0-973a72568e07,2026-05-13T13:45:00Z,2026-05-13T15:45:00+0200,17737.43331,MW,DE,DE_LU,forecast_onshore_wind_generation,Wind Onshore,2026-06-10T05:22:42Z
2026-06-10T05:21:31Z,2026-06-10T07:21:31+0200,3782c388-ddaf-4035-9ca0-973a72568e07,2026-05-13T14:00:00Z,2026-05-13T16:00:00+0200,17555.52759,MW,DE,DE_LU,forecast_onshore_wind_generation,Wind Onshore,2026-06-10T05:22:42Z
2026-06-10T05:21:31Z,2026-06-10T07:21:31+0200,3782c388-ddaf-4035-9ca0-973a72568e07,2026-05-13T14:15:00Z,2026-05-13T16:15:00+0200,17162.92907,MW,DE,DE_LU,forecast_onshore_wind_generation,Wind Onshore,2026-06-10T05:22:42Z
2026-06-10T05:21:31Z,2026-06-10T07:21:31+0200,3782c388-ddaf-4035-9ca0-973a72568e07,2026-05-13T14:30:00Z,2026-05-13T16:30:00+0200,16723.86094,MW,DE,DE_LU,forecast_onshore_wind_generation,Wind Onshore,2026-06-10T05:22:42Z
2026-06-10T05:21:31Z,2026-06-10T07:21:31+0200,3782c388-ddaf-4035-9ca0-973a72568e07,2026-05-13T14:45:00Z,2026-05-13T16:45:00+0200,16293.17133,MW,DE,DE_LU,forecast_onshore_wind_generation,Wind Onshore,2026-06-10T05:22:42Z
2026-06-10T05:21:31Z,2026-06-10T07:21:31+0200,3782c388-ddaf-4035-9ca0-973a72568e07,2026-05-13T15:00:00Z,2026-05-13T17:00:00+0200,15878.00129,MW,DE,DE_LU,forecast_onshore_wind_generation,Wind Onshore,2026-06-10T05:22:42Z
2026-06-10T05:21:31Z,2026-06-10T07:21:31+0200,3782c388-ddaf-4035-9ca0-973a72568e07,2026-05-13T15:15:00Z,2026-05-13T17:15:00+0200,15406.45536,MW,DE,DE_LU,forecast_onshore_wind_generation,Wind Onshore,2026-06-10T05:22:42Z
2026-06-10T05:21:31Z,2026-06-10T07:21:31+0200,3782c388-ddaf-4035-9ca0-973a72568e07,2026-05-13T15:30:00Z,2026-05-13T17:30:00+0200,14916.05638,MW,DE,DE_LU,forecast_onshore_wind_generation,Wind Onshore,2026-06-10T05:22:42Z
2026-06-10T05:21:31Z,2026-06-10T07:21:31+0200,3782c388-ddaf-4035-9ca0-973a72568e07,2026-05-13T15:45:00Z,2026-05-13T17:45:00+0200,14418.83772,MW,DE,DE_LU,forecast_onshore_wind_generation,Wind Onshore,2026-06-10T05:22:42Z
2026-06-10T05:21:31Z,2026-06-10T07:21:31+0200,3782c388-ddaf-4035-9ca0-973a72568e07,2026-05-13T16:00:00Z,2026-05-13T18:00:00+0200,13912.66052,MW,DE,DE_LU,forecast_onshore_wind_generation,Wind Onshore,2026-06-10T05:22:42Z
2026-06-10T05:21:31Z,2026-06-10T07:21:31+0200,3782c388-ddaf-4035-9ca0-973a72568e07,2026-05-13T16:15:00Z,2026-05-13T18:15:00+0200,13443.17007,MW,DE,DE_LU,forecast_onshore_wind_generation,Wind Onshore,2026-06-10T05:22:42Z
2026-06-10T05:21:31Z,2026-06-10T07:21:31+0200,3782c388-ddaf-4035-9ca0-973a72568e07,2026-05-13T16:30:00Z,2026-05-13T18:30:00+0200,12994.40609,MW,DE,DE_LU,forecast_onshore_wind_generation,Wind Onshore,2026-06-10T05:22:42Z
2026-06-10T05:21:31Z,2026-06-10T07:21:31+0200,3782c388-ddaf-4035-9ca0-973a72568e07,2026-05-13T16:45:00Z,2026-05-13T18:45:00+0200,12564.87404,MW,DE,DE_LU,forecast_onshore_wind_generation,Wind Onshore,2026-06-10T05:22:42Z
2026-06-10T05:21:31Z,2026-06-10T07:21:31+0200,3782c388-ddaf-4035-9ca0-973a72568e07,2026-05-13T17:00:00Z,2026-05-13T19:00:00+0200,12167.72363,MW,DE,DE_LU,forecast_onshore_wind_generation,Wind Onshore,2026-06-10T05:22:42Z
2026-06-10T05:21:31Z,2026-06-10T07:21:31+0200,3782c388-ddaf-4035-9ca0-973a72568e07,2026-05-13T17:15:00Z,2026-05-13T19:15:00+0200,12012.53389,MW,DE,DE_LU,forecast_onshore_wind_generation,Wind Onshore,2026-06-10T05:22:42Z
2026-06-10T05:21:31Z,2026-06-10T07:21:31+0200,3782c388-ddaf-4035-9ca0-973a72568e07,2026-05-13T17:30:00Z,2026-05-13T19:30:00+0200,11858.57895,MW,DE,DE_LU,forecast_onshore_wind_generation,Wind Onshore,2026-06-10T05:22:42Z
2026-06-10T05:21:31Z,2026-06-10T07:21:31+0200,3782c388-ddaf-4035-9ca0-973a72568e07,2026-05-13T17:45:00Z,2026-05-13T19:45:00+0200,11767.38999,MW,DE,DE_LU,forecast_onshore_wind_generation,Wind Onshore,2026-06-10T05:22:42Z
2026-06-10T05:21:31Z,2026-06-10T07:21:31+0200,3782c388-ddaf-4035-9ca0-973a72568e07,2026-05-13T18:00:00Z,2026-05-13T20:00:00+0200,11728.6448,MW,DE,DE_LU,forecast_onshore_wind_generation,Wind Onshore,2026-06-10T05:22:42Z
2026-06-10T05:21:31Z,2026-06-10T07:21:31+0200,3782c388-ddaf-4035-9ca0-973a72568e07,2026-05-13T18:15:00Z,2026-05-13T20:15:00+0200,11731.07151,MW,DE,DE_LU,forecast_onshore_wind_generation,Wind Onshore,2026-06-10T05:22:42Z
2026-06-10T05:21:31Z,2026-06-10T07:21:31+0200,3782c388-ddaf-4035-9ca0-973a72568e07,2026-05-13T18:30:00Z,2026-05-13T20:30:00+0200,11856.44902,MW,DE,DE_LU,forecast_onshore_wind_generation,Wind Onshore,2026-06-10T05:22:42Z
2026-06-10T05:21:31Z,2026-06-10T07:21:31+0200,3782c388-ddaf-4035-9ca0-973a72568e07,2026-05-13T18:45:00Z,2026-05-13T20:45:00+0200,12009.75966,MW,DE,DE_LU,forecast_onshore_wind_generation,Wind Onshore,2026-06-10T05:22:42Z
2026-06-10T05:21:31Z,2026-06-10T07:21:31+0200,3782c388-ddaf-4035-9ca0-973a72568e07,2026-05-13T19:00:00Z,2026-05-13T21:00:00+0200,12243.21472,MW,DE,DE_LU,forecast_onshore_wind_generation,Wind Onshore,2026-06-10T05:22:42Z
2026-06-10T05:21:31Z,2026-06-10T07:21:31+0200,3782c388-ddaf-4035-9ca0-973a72568e07,2026-05-13T19:15:00Z,2026-05-13T21:15:00+0200,12565.91064,MW,DE,DE_LU,forecast_onshore_wind_generation,Wind Onshore,2026-06-10T05:22:42Z
2026-06-10T05:21:31Z,2026-06-10T07:21:31+0200,3782c388-ddaf-4035-9ca0-973a72568e07,2026-05-13T19:30:00Z,2026-05-13T21:30:00+0200,12857.94212,MW,DE,DE_LU,forecast_onshore_wind_generation,Wind Onshore,2026-06-10T05:22:42Z
2026-06-10T05:21:31Z,2026-06-10T07:21:31+0200,3782c388-ddaf-4035-9ca0-973a72568e07,2026-05-13T19:45:00Z,2026-05-13T21:45:00+0200,13137.58245,MW,DE,DE_LU,forecast_onshore_wind_generation,Wind Onshore,2026-06-10T05:22:42Z
2026-06-10T05:21:31Z,2026-06-10T07:21:31+0200,3782c388-ddaf-4035-9ca0-973a72568e07,2026-05-13T20:00:00Z,2026-05-13T22:00:00+0200,13257.97585,MW,DE,DE_LU,forecast_onshore_wind_generation,Wind Onshore,2026-06-10T05:22:42Z
2026-06-10T05:21:31Z,2026-06-10T07:21:31+0200,3782c388-ddaf-4035-9ca0-973a72568e07,2026-05-13T20:15:00Z,2026-05-13T22:15:00+0200,13507.40637,MW,DE,DE_LU,forecast_onshore_wind_generation,Wind Onshore,2026-06-10T05:22:42Z
2026-06-10T05:21:31Z,2026-06-10T07:21:31+0200,3782c388-ddaf-4035-9ca0-973a72568e07,2026-05-13T20:30:00Z,2026-05-13T22:30:00+0200,13755.13877,MW,DE,DE_LU,forecast_onshore_wind_generation,Wind Onshore,2026-06-10T05:22:42Z
2026-06-10T05:21:31Z,2026-06-10T07:21:31+0200,3782c388-ddaf-4035-9ca0-973a72568e07,2026-05-13T20:45:00Z,2026-05-13T22:45:00+0200,13991.5015,MW,DE,DE_LU,forecast_onshore_wind_generation,Wind Onshore,2026-06-10T05:22:42Z
2026-06-10T05:21:31Z,2026-06-10T07:21:31+0200,3782c388-ddaf-4035-9ca0-973a72568e07,2026-05-13T21:00:00Z,2026-05-13T23:00:00+0200,14207.34058,MW,DE,DE_LU,forecast_onshore_wind_generation,Wind Onshore,2026-06-10T05:22:42Z
2026-06-10T05:21:31Z,2026-06-10T07:21:31+0200,3782c388-ddaf-4035-9ca0-973a72568e07,2026-05-13T21:15:00Z,2026-05-13T23:15:00+0200,14389.35242,MW,DE,DE_LU,forecast_onshore_wind_generation,Wind Onshore,2026-06-10T05:22:42Z
2026-06-10T05:21:31Z,2026-06-10T07:21:31+0200,3782c388-ddaf-4035-9ca0-973a72568e07,2026-05-13T21:30:00Z,2026-05-13T23:30:00+0200,14571.7504,MW,DE,DE_LU,forecast_onshore_wind_generation,Wind Onshore,2026-06-10T05:22:42Z
2026-06-10T05:21:31Z,2026-06-10T07:21:31+0200,3782c388-ddaf-4035-9ca0-973a72568e07,2026-05-13T21:45:00Z,2026-05-13T23:45:00+0200,14753.02917,MW,DE,DE_LU,forecast_onshore_wind_generation,Wind Onshore,2026-06-10T05:22:42Z
2026-06-10T05:21:31Z,2026-06-10T07:21:31+0200,3782c388-ddaf-4035-9ca0-973a72568e07,2026-05-13T22:00:00Z,2026-05-14T00:00:00+0200,13825.54075,MW,DE,DE_LU,forecast_onshore_wind_generation,Wind Onshore,2026-06-10T05:22:42Z
2026-06-10T05:21:31Z,2026-06-10T07:21:31+0200,3782c388-ddaf-4035-9ca0-973a72568e07,2026-05-13T22:15:00Z,2026-05-14T00:15:00+0200,13914.8431,MW,DE,DE_LU,forecast_onshore_wind_generation,Wind Onshore,2026-06-10T05:22:42Z
2026-06-10T05:21:31Z,2026-06-10T07:21:31+0200,3782c388-ddaf-4035-9ca0-973a72568e07,2026-05-13T22:30:00Z,2026-05-14T00:30:00+0200,14006.66959,MW,DE,DE_LU,forecast_onshore_wind_generation,Wind Onshore,2026-06-10T05:22:42Z
2026-06-10T05:21:31Z,2026-06-10T07:21:31+0200,3782c388-ddaf-4035-9ca0-973a72568e07,2026-05-13T22:45:00Z,2026-05-14T00:45:00+0200,14109.59185,MW,DE,DE_LU,forecast_onshore_wind_generation,Wind Onshore,2026-06-10T05:22:42Z
2026-06-10T05:21:31Z,2026-06-10T07:21:31+0200,3782c388-ddaf-4035-9ca0-973a72568e07,2026-05-13T23:00:00Z,2026-05-14T01:00:00+0200,14190.86802,MW,DE,DE_LU,forecast_onshore_wind_generation,Wind Onshore,2026-06-10T05:22:42Z
2026-06-10T05:21:31Z,2026-06-10T07:21:31+0200,3782c388-ddaf-4035-9ca0-973a72568e07,2026-05-13T23:15:00Z,2026-05-14T01:15:00+0200,14271.74731,MW,DE,DE_LU,forecast_onshore_wind_generation,Wind Onshore,2026-06-10T05:22:42Z
2026-06-10T05:21:31Z,2026-06-10T07:21:31+0200,3782c388-ddaf-4035-9ca0-973a72568e07,2026-05-13T23:30:00Z,2026-05-14T01:30:00+0200,14362.6532,MW,DE,DE_LU,forecast_onshore_wind_generation,Wind Onshore,2026-06-10T05:22:42Z
2026-06-10T05:21:31Z,2026-06-10T07:21:31+0200,3782c388-ddaf-4035-9ca0-973a72568e07,2026-05-13T23:45:00Z,2026-05-14T01:45:00+0200,14436.59438,MW,DE,DE_LU,forecast_onshore_wind_generation,Wind Onshore,2026-06-10T05:22:42Z
2026-06-10T05:21:31Z,2026-06-10T07:21:31+0200,3782c388-ddaf-4035-9ca0-973a72568e07,2026-05-14T00:00:00Z,2026-05-14T02:00:00+0200,14473.07181,MW,DE,DE_LU,forecast_onshore_wind_generation,Wind Onshore,2026-06-10T05:22:42Z
2026-06-10T05:21:31Z,2026-06-10T07:21:31+0200,3782c388-ddaf-4035-9ca0-973a72568e07,2026-05-14T00:15:00Z,2026-05-14T02:15:00+0200,14481.76625,MW,DE,DE_LU,forecast_onshore_wind_generation,Wind Onshore,2026-06-10T05:22:42Z
2026-06-10T05:21:31Z,2026-06-10T07:21:31+0200,3782c388-ddaf-4035-9ca0-973a72568e07,2026-05-14T00:30:00Z,2026-05-14T02:30:00+0200,14497.48714,MW,DE,DE_LU,forecast_onshore_wind_generation,Wind Onshore,2026-06-10T05:22:42Z
2026-06-10T05:21:31Z,2026-06-10T07:21:31+0200,3782c388-ddaf-4035-9ca0-973a72568e07,2026-05-14T00:45:00Z,2026-05-14T02:45:00+0200,14517.76546,MW,DE,DE_LU,forecast_onshore_wind_generation,Wind Onshore,2026-06-10T05:22:42Z
2026-06-10T05:21:31Z,2026-06-10T07:21:31+0200,3782c388-ddaf-4035-9ca0-973a72568e07,2026-05-14T01:00:00Z,2026-05-14T03:00:00+0200,14525.88127,MW,DE,DE_LU,forecast_onshore_wind_generation,Wind Onshore,2026-06-10T05:22:42Z
2026-06-10T05:21:31Z,2026-06-10T07:21:31+0200,3782c388-ddaf-4035-9ca0-973a72568e07,2026-05-14T01:15:00Z,2026-05-14T03:15:00+0200,14526.35557,MW,DE,DE_LU,forecast_onshore_wind_generation,Wind Onshore,2026-06-10T05:22:42Z
2026-06-10T05:21:31Z,2026-06-10T07:21:31+0200,3782c388-ddaf-4035-9ca0-973a72568e07,2026-05-14T01:30:00Z,2026-05-14T03:30:00+0200,14527.99907,MW,DE,DE_LU,forecast_onshore_wind_generation,Wind Onshore,2026-06-10T05:22:42Z
2026-06-10T05:21:31Z,2026-06-10T07:21:31+0200,3782c388-ddaf-4035-9ca0-973a72568e07,2026-05-14T01:45:00Z,2026-05-14T03:45:00+0200,14531.13816,MW,DE,DE_LU,forecast_onshore_wind_generation,Wind Onshore,2026-06-10T05:22:42Z
2026-06-10T05:21:31Z,2026-06-10T07:21:31+0200,3782c388-ddaf-4035-9ca0-973a72568e07,2026-05-14T02:00:00Z,2026-05-14T04:00:00+0200,14533.34354,MW,DE,DE_LU,forecast_onshore_wind_generation,Wind Onshore,2026-06-10T05:22:42Z
2026-06-10T05:21:31Z,2026-06-10T07:21:31+0200,3782c388-ddaf-4035-9ca0-973a72568e07,2026-05-14T02:15:00Z,2026-05-14T04:15:00+0200,14479.87719,MW,DE,DE_LU,forecast_onshore_wind_generation,Wind Onshore,2026-06-10T05:22:42Z
2026-06-10T05:21:31Z,2026-06-10T07:21:31+0200,3782c388-ddaf-4035-9ca0-973a72568e07,2026-05-14T02:30:00Z,2026-05-14T04:30:00+0200,14426.13036,MW,DE,DE_LU,forecast_onshore_wind_generation,Wind Onshore,2026-06-10T05:22:42Z
2026-06-10T05:21:31Z,2026-06-10T07:21:31+0200,3782c388-ddaf-4035-9ca0-973a72568e07,2026-05-14T02:45:00Z,2026-05-14T04:45:00+0200,14371.20435,MW,DE,DE_LU,forecast_onshore_wind_generation,Wind Onshore,2026-06-10T05:22:42Z
2026-06-10T05:21:31Z,2026-06-10T07:21:31+0200,3782c388-ddaf-4035-9ca0-973a72568e07,2026-05-14T03:00:00Z,2026-05-14T05:00:00+0200,14300.12864,MW,DE,DE_LU,forecast_onshore_wind_generation,Wind Onshore,2026-06-10T05:22:42Z
2026-06-10T05:21:31Z,2026-06-10T07:21:31+0200,3782c388-ddaf-4035-9ca0-973a72568e07,2026-05-14T03:15:00Z,2026-05-14T05:15:00+0200,14211.41699,MW,DE,DE_LU,forecast_onshore_wind_generation,Wind Onshore,2026-06-10T05:22:42Z
2026-06-10T05:21:31Z,2026-06-10T07:21:31+0200,3782c388-ddaf-4035-9ca0-973a72568e07,2026-05-14T03:30:00Z,2026-05-14T05:30:00+0200,14114.72168,MW,DE,DE_LU,forecast_onshore_wind_generation,Wind Onshore,2026-06-10T05:22:42Z
2026-06-10T05:21:31Z,2026-06-10T07:21:31+0200,3782c388-ddaf-4035-9ca0-973a72568e07,2026-05-14T03:45:00Z,2026-05-14T05:45:00+0200,14010.13651,MW,DE,DE_LU,forecast_onshore_wind_generation,Wind Onshore,2026-06-10T05:22:42Z
2026-06-10T05:21:31Z,2026-06-10T07:21:31+0200,3782c388-ddaf-4035-9ca0-973a72568e07,2026-05-14T04:00:00Z,2026-05-14T06:00:00+0200,14049.8068,MW,DE,DE_LU,forecast_onshore_wind_generation,Wind Onshore,2026-06-10T05:22:42Z
2026-06-10T05:21:31Z,2026-06-10T07:21:31+0200,3782c388-ddaf-4035-9ca0-973a72568e07,2026-05-14T04:15:00Z,2026-05-14T06:15:00+0200,13901.11185,MW,DE,DE_LU,forecast_onshore_wind_generation,Wind Onshore,2026-06-10T05:22:42Z
2026-06-10T05:21:31Z,2026-06-10T07:21:31+0200,3782c388-ddaf-4035-9ca0-973a72568e07,2026-05-14T04:30:00Z,2026-05-14T06:30:00+0200,13746.8555,MW,DE,DE_LU,forecast_onshore_wind_generation,Wind Onshore,2026-06-10T05:22:42Z
2026-06-10T05:21:31Z,2026-06-10T07:21:31+0200,3782c388-ddaf-4035-9ca0-973a72568e07,2026-05-14T04:45:00Z,2026-05-14T06:45:00+0200,13585.71837,MW,DE,DE_LU,forecast_onshore_wind_generation,Wind Onshore,2026-06-10T05:22:42Z
2026-06-10T05:21:31Z,2026-06-10T07:21:31+0200,3782c388-ddaf-4035-9ca0-973a72568e07,2026-05-14T05:00:00Z,2026-05-14T07:00:00+0200,13427.19113,MW,DE,DE_LU,forecast_onshore_wind_generation,Wind Onshore,2026-06-10T05:22:42Z
2026-06-10T05:21:31Z,2026-06-10T07:21:31+0200,3782c388-ddaf-4035-9ca0-973a72568e07,2026-05-14T05:15:00Z,2026-05-14T07:15:00+0200,13264.15507,MW,DE,DE_LU,forecast_onshore_wind_generation,Wind Onshore,2026-06-10T05:22:42Z
2026-06-10T05:21:31Z,2026-06-10T07:21:31+0200,3782c388-ddaf-4035-9ca0-973a72568e07,2026-05-14T05:30:00Z,2026-05-14T07:30:00+0200,13104.6404,MW,DE,DE_LU,forecast_onshore_wind_generation,Wind Onshore,2026-06-10T05:22:42Z
2026-06-10T05:21:31Z,2026-06-10T07:21:31+0200,3782c388-ddaf-4035-9ca0-973a72568e07,2026-05-14T05:45:00Z,2026-05-14T07:45:00+0200,12911.39954,MW,DE,DE_LU,forecast_onshore_wind_generation,Wind Onshore,2026-06-10T05:22:42Z
2026-06-10T05:21:31Z,2026-06-10T07:21:31+0200,3782c388-ddaf-4035-9ca0-973a72568e07,2026-05-14T06:00:00Z,2026-05-14T08:00:00+0200,12676.70495,MW,DE,DE_LU,forecast_onshore_wind_generation,Wind Onshore,2026-06-10T05:22:42Z
2026-06-10T05:21:31Z,2026-06-10T07:21:31+0200,3782c388-ddaf-4035-9ca0-973a72568e07,2026-05-14T06:15:00Z,2026-05-14T08:15:00+0200,12525.79703,MW,DE,DE_LU,forecast_onshore_wind_generation,Wind Onshore,2026-06-10T05:22:42Z
2026-06-10T05:21:31Z,2026-06-10T07:21:31+0200,3782c388-ddaf-4035-9ca0-973a72568e07,2026-05-14T06:30:00Z,2026-05-14T08:30:00+0200,12471.22346,MW,DE,DE_LU,forecast_onshore_wind_generation,Wind Onshore,2026-06-10T05:22:42Z
2026-06-10T05:21:31Z,2026-06-10T07:21:31+0200,3782c388-ddaf-4035-9ca0-973a72568e07,2026-05-14T06:45:00Z,2026-05-14T08:45:00+0200,12462.43332,MW,DE,DE_LU,forecast_onshore_wind_generation,Wind Onshore,2026-06-10T05:22:42Z
2026-06-10T05:21:31Z,2026-06-10T07:21:31+0200,3782c388-ddaf-4035-9ca0-973a72568e07,2026-05-14T07:00:00Z,2026-05-14T09:00:00+0200,12412.46028,MW,DE,DE_LU,forecast_onshore_wind_generation,Wind Onshore,2026-06-10T05:22:42Z
2026-06-10T05:21:31Z,2026-06-10T07:21:31+0200,3782c388-ddaf-4035-9ca0-973a72568e07,2026-05-14T07:15:00Z,2026-05-14T09:15:00+0200,12343.88236,MW,DE,DE_LU,forecast_onshore_wind_generation,Wind Onshore,2026-06-10T05:22:42Z
2026-06-10T05:21:31Z,2026-06-10T07:21:31+0200,3782c388-ddaf-4035-9ca0-973a72568e07,2026-05-14T07:30:00Z,2026-05-14T09:30:00+0200,12274.47318,MW,DE,DE_LU,forecast_onshore_wind_generation,Wind Onshore,2026-06-10T05:22:42Z
2026-06-10T05:21:31Z,2026-06-10T07:21:31+0200,3782c388-ddaf-4035-9ca0-973a72568e07,2026-05-14T07:45:00Z,2026-05-14T09:45:00+0200,12189.34559,MW,DE,DE_LU,forecast_onshore_wind_generation,Wind Onshore,2026-06-10T05:22:42Z
2026-06-10T05:21:31Z,2026-06-10T07:21:31+0200,3782c388-ddaf-4035-9ca0-973a72568e07,2026-05-14T08:00:00Z,2026-05-14T10:00:00+0200,12102.05368,MW,DE,DE_LU,forecast_onshore_wind_generation,Wind Onshore,2026-06-10T05:22:42Z
2026-06-10T05:21:31Z,2026-06-10T07:21:31+0200,3782c388-ddaf-4035-9ca0-973a72568e07,2026-05-14T08:15:00Z,2026-05-14T10:15:00+0200,11973.00516,MW,DE,DE_LU,forecast_onshore_wind_generation,Wind Onshore,2026-06-10T05:22:42Z
2026-06-10T05:21:31Z,2026-06-10T07:21:31+0200,3782c388-ddaf-4035-9ca0-973a72568e07,2026-05-14T08:30:00Z,2026-05-14T10:30:00+0200,11842.69093,MW,DE,DE_LU,forecast_onshore_wind_generation,Wind Onshore,2026-06-10T05:22:42Z
2026-06-10T05:21:31Z,2026-06-10T07:21:31+0200,3782c388-ddaf-4035-9ca0-973a72568e07,2026-05-14T08:45:00Z,2026-05-14T10:45:00+0200,11716.5451,MW,DE,DE_LU,forecast_onshore_wind_generation,Wind Onshore,2026-06-10T05:22:42Z
2026-06-10T05:21:31Z,2026-06-10T07:21:31+0200,3782c388-ddaf-4035-9ca0-973a72568e07,2026-05-14T09:00:00Z,2026-05-14T11:00:00+0200,11573.37844,MW,DE,DE_LU,forecast_onshore_wind_generation,Wind Onshore,2026-06-10T05:22:42Z
2026-06-10T05:21:31Z,2026-06-10T07:21:31+0200,3782c388-ddaf-4035-9ca0-973a72568e07,2026-05-14T09:15:00Z,2026-05-14T11:15:00+0200,11458.42288,MW,DE,DE_LU,forecast_onshore_wind_generation,Wind Onshore,2026-06-10T05:22:42Z
2026-06-10T05:21:31Z,2026-06-10T07:21:31+0200,3782c388-ddaf-4035-9ca0-973a72568e07,2026-05-14T09:30:00Z,2026-05-14T11:30:00+0200,11343.50785,MW,DE,DE_LU,forecast_onshore_wind_generation,Wind Onshore,2026-06-10T05:22:42Z
2026-06-10T05:21:31Z,2026-06-10T07:21:31+0200,3782c388-ddaf-4035-9ca0-973a72568e07,2026-05-14T09:45:00Z,2026-05-14T11:45:00+0200,11227.87695,MW,DE,DE_LU,forecast_onshore_wind_generation,Wind Onshore,2026-06-10T05:22:42Z
2026-06-10T05:21:31Z,2026-06-10T07:21:31+0200,3782c388-ddaf-4035-9ca0-973a72568e07,2026-05-14T10:00:00Z,2026-05-14T12:00:00+0200,11122.00319,MW,DE,DE_LU,forecast_onshore_wind_generation,Wind Onshore,2026-06-10T05:22:42Z
2026-06-10T05:21:31Z,2026-06-10T07:21:31+0200,3782c388-ddaf-4035-9ca0-973a72568e07,2026-05-14T10:15:00Z,2026-05-14T12:15:00+0200,11024.48544,MW,DE,DE_LU,forecast_onshore_wind_generation,Wind Onshore,2026-06-10T05:22:42Z
2026-06-10T05:21:31Z,2026-06-10T07:21:31+0200,3782c388-ddaf-4035-9ca0-973a72568e07,2026-05-14T10:30:00Z,2026-05-14T12:30:00+0200,10927.84342,MW,DE,DE_LU,forecast_onshore_wind_generation,Wind Onshore,2026-06-10T05:22:42Z
2026-06-10T05:21:31Z,2026-06-10T07:21:31+0200,3782c388-ddaf-4035-9ca0-973a72568e07,2026-05-14T10:45:00Z,2026-05-14T12:45:00+0200,10819.91823,MW,DE,DE_LU,forecast_onshore_wind_generation,Wind Onshore,2026-06-10T05:22:42Z
2026-06-10T05:21:31Z,2026-06-10T07:21:31+0200,3782c388-ddaf-4035-9ca0-973a72568e07,2026-05-14T11:00:00Z,2026-05-14T13:00:00+0200,10699.86472,MW,DE,DE_LU,forecast_onshore_wind_generation,Wind Onshore,2026-06-10T05:22:42Z
2026-06-10T05:21:31Z,2026-06-10T07:21:31+0200,3782c388-ddaf-4035-9ca0-973a72568e07,2026-05-14T11:15:00Z,2026-05-14T13:15:00+0200,10560.76719,MW,DE,DE_LU,forecast_onshore_wind_generation,Wind Onshore,2026-06-10T05:22:42Z
2026-06-10T05:21:31Z,2026-06-10T07:21:31+0200,3782c388-ddaf-4035-9ca0-973a72568e07,2026-05-14T11:30:00Z,2026-05-14T13:30:00+0200,10398.49339,MW,DE,DE_LU,forecast_onshore_wind_generation,Wind Onshore,2026-06-10T05:22:42Z
2026-06-10T05:21:31Z,2026-06-10T07:21:31+0200,3782c388-ddaf-4035-9ca0-973a72568e07,2026-05-14T11:45:00Z,2026-05-14T13:45:00+0200,10267.39812,MW,DE,DE_LU,forecast_onshore_wind_generation,Wind Onshore,2026-06-10T05:22:42Z
2026-06-10T05:21:31Z,2026-06-10T07:21:31+0200,3782c388-ddaf-4035-9ca0-973a72568e07,2026-05-14T12:00:00Z,2026-05-14T14:00:00+0200,10198.6015,MW,DE,DE_LU,forecast_onshore_wind_generation,Wind Onshore,2026-06-10T05:22:42Z
2026-06-10T05:21:31Z,2026-06-10T07:21:31+0200,3782c388-ddaf-4035-9ca0-973a72568e07,2026-05-14T12:15:00Z,2026-05-14T14:15:00+0200,10088.91778,MW,DE,DE_LU,forecast_onshore_wind_generation,Wind Onshore,2026-06-10T05:22:42Z
2026-06-10T05:21:31Z,2026-06-10T07:21:31+0200,3782c388-ddaf-4035-9ca0-973a72568e07,2026-05-14T12:30:00Z,2026-05-14T14:30:00+0200,9918.53109,MW,DE,DE_LU,forecast_onshore_wind_generation,Wind Onshore,2026-06-10T05:22:42Z
2026-06-10T05:21:31Z,2026-06-10T07:21:31+0200,3782c388-ddaf-4035-9ca0-973a72568e07,2026-05-14T12:45:00Z,2026-05-14T14:45:00+0200,9717.8799,MW,DE,DE_LU,forecast_onshore_wind_generation,Wind Onshore,2026-06-10T05:22:42Z
2026-06-10T05:21:31Z,2026-06-10T07:21:31+0200,3782c388-ddaf-4035-9ca0-973a72568e07,2026-05-14T13:00:00Z,2026-05-14T15:00:00+0200,9505.71228,MW,DE,DE_LU,forecast_onshore_wind_generation,Wind Onshore,2026-06-10T05:22:42Z
2026-06-10T05:21:31Z,2026-06-10T07:21:31+0200,3782c388-ddaf-4035-9ca0-973a72568e07,2026-05-14T13:15:00Z,2026-05-14T15:15:00+0200,9285.89846,MW,DE,DE_LU,forecast_onshore_wind_generation,Wind Onshore,2026-06-10T05:22:42Z
2026-06-10T05:21:31Z,2026-06-10T07:21:31+0200,3782c388-ddaf-4035-9ca0-973a72568e07,2026-05-14T13:30:00Z,2026-05-14T15:30:00+0200,9066.13754,MW,DE,DE_LU,forecast_onshore_wind_generation,Wind Onshore,2026-06-10T05:22:42Z
2026-06-10T05:21:31Z,2026-06-10T07:21:31+0200,3782c388-ddaf-4035-9ca0-973a72568e07,2026-05-14T13:45:00Z,2026-05-14T15:45:00+0200,8835.43128,MW,DE,DE_LU,forecast_onshore_wind_generation,Wind Onshore,2026-06-10T05:22:42Z
2026-06-10T05:21:31Z,2026-06-10T07:21:31+0200,3782c388-ddaf-4035-9ca0-973a72568e07,2026-05-14T14:00:00Z,2026-05-14T16:00:00+0200,8591.04576,MW,DE,DE_LU,forecast_onshore_wind_generation,Wind Onshore,2026-06-10T05:22:42Z
2026-06-10T05:21:31Z,2026-06-10T07:21:31+0200,3782c388-ddaf-4035-9ca0-973a72568e07,2026-05-14T14:15:00Z,2026-05-14T16:15:00+0200,8243.9115,MW,DE,DE_LU,forecast_onshore_wind_generation,Wind Onshore,2026-06-10T05:22:42Z
2026-06-10T05:21:31Z,2026-06-10T07:21:31+0200,3782c388-ddaf-4035-9ca0-973a72568e07,2026-05-14T14:30:00Z,2026-05-14T16:30:00+0200,7899.83825,MW,DE,DE_LU,forecast_onshore_wind_generation,Wind Onshore,2026-06-10T05:22:42Z
2026-06-10T05:21:31Z,2026-06-10T07:21:31+0200,3782c388-ddaf-4035-9ca0-973a72568e07,2026-05-14T14:45:00Z,2026-05-14T16:45:00+0200,7562.31346,MW,DE,DE_LU,forecast_onshore_wind_generation,Wind Onshore,2026-06-10T05:22:42Z
2026-06-10T05:21:31Z,2026-06-10T07:21:31+0200,3782c388-ddaf-4035-9ca0-973a72568e07,2026-05-14T15:00:00Z,2026-05-14T17:00:00+0200,7211.68335,MW,DE,DE_LU,forecast_onshore_wind_generation,Wind Onshore,2026-06-10T05:22:42Z
2026-06-10T05:21:31Z,2026-06-10T07:21:31+0200,3782c388-ddaf-4035-9ca0-973a72568e07,2026-05-14T15:15:00Z,2026-05-14T17:15:00+0200,6838.20273,MW,DE,DE_LU,forecast_onshore_wind_generation,Wind Onshore,2026-06-10T05:22:42Z
2026-06-10T05:21:31Z,2026-06-10T07:21:31+0200,3782c388-ddaf-4035-9ca0-973a72568e07,2026-05-14T15:30:00Z,2026-05-14T17:30:00+0200,6462.94791,MW,DE,DE_LU,forecast_onshore_wind_generation,Wind Onshore,2026-06-10T05:22:42Z
2026-06-10T05:21:31Z,2026-06-10T07:21:31+0200,3782c388-ddaf-4035-9ca0-973a72568e07,2026-05-14T15:45:00Z,2026-05-14T17:45:00+0200,6096.81121,MW,DE,DE_LU,forecast_onshore_wind_generation,Wind Onshore,2026-06-10T05:22:42Z
2026-06-10T05:21:31Z,2026-06-10T07:21:31+0200,3782c388-ddaf-4035-9ca0-973a72568e07,2026-05-14T16:00:00Z,2026-05-14T18:00:00+0200,5726.29389,MW,DE,DE_LU,forecast_onshore_wind_generation,Wind Onshore,2026-06-10T05:22:42Z
2026-06-10T05:21:31Z,2026-06-10T07:21:31+0200,3782c388-ddaf-4035-9ca0-973a72568e07,2026-05-14T16:15:00Z,2026-05-14T18:15:00+0200,5338.85748,MW,DE,DE_LU,forecast_onshore_wind_generation,Wind Onshore,2026-06-10T05:22:42Z
2026-06-10T05:21:31Z,2026-06-10T07:21:31+0200,3782c388-ddaf-4035-9ca0-973a72568e07,2026-05-14T16:30:00Z,2026-05-14T18:30:00+0200,4957.06871,MW,DE,DE_LU,forecast_onshore_wind_generation,Wind Onshore,2026-06-10T05:22:42Z
2026-06-10T05:21:31Z,2026-06-10T07:21:31+0200,3782c388-ddaf-4035-9ca0-973a72568e07,2026-05-14T16:45:00Z,2026-05-14T18:45:00+0200,4579.60852,MW,DE,DE_LU,forecast_onshore_wind_generation,Wind Onshore,2026-06-10T05:22:42Z
2026-06-10T05:21:31Z,2026-06-10T07:21:31+0200,3782c388-ddaf-4035-9ca0-973a72568e07,2026-05-14T17:00:00Z,2026-05-14T19:00:00+0200,4217.91916,MW,DE,DE_LU,forecast_onshore_wind_generation,Wind Onshore,2026-06-10T05:22:42Z
2026-06-10T05:21:31Z,2026-06-10T07:21:31+0200,3782c388-ddaf-4035-9ca0-973a72568e07,2026-05-14T17:15:00Z,2026-05-14T19:15:00+0200,3909.63611,MW,DE,DE_LU,forecast_onshore_wind_generation,Wind Onshore,2026-06-10T05:22:42Z
2026-06-10T05:21:31Z,2026-06-10T07:21:31+0200,3782c388-ddaf-4035-9ca0-973a72568e07,2026-05-14T17:30:00Z,2026-05-14T19:30:00+0200,3597.02464,MW,DE,DE_LU,forecast_onshore_wind_generation,Wind Onshore,2026-06-10T05:22:42Z
2026-06-10T05:21:31Z,2026-06-10T07:21:31+0200,3782c388-ddaf-4035-9ca0-973a72568e07,2026-05-14T17:45:00Z,2026-05-14T19:45:00+0200,3315.13218,MW,DE,DE_LU,forecast_onshore_wind_generation,Wind Onshore,2026-06-10T05:22:42Z
2026-06-10T05:21:31Z,2026-06-10T07:21:31+0200,3782c388-ddaf-4035-9ca0-973a72568e07,2026-05-14T18:00:00Z,2026-05-14T20:00:00+0200,3048.65283,MW,DE,DE_LU,forecast_onshore_wind_generation,Wind Onshore,2026-06-10T05:22:42Z
2026-06-10T05:21:31Z,2026-06-10T07:21:31+0200,3782c388-ddaf-4035-9ca0-973a72568e07,2026-05-14T18:15:00Z,2026-05-14T20:15:00+0200,2833.43703,MW,DE,DE_LU,forecast_onshore_wind_generation,Wind Onshore,2026-06-10T05:22:42Z
2026-06-10T05:21:31Z,2026-06-10T07:21:31+0200,3782c388-ddaf-4035-9ca0-973a72568e07,2026-05-14T18:30:00Z,2026-05-14T20:30:00+0200,2684.95327,MW,DE,DE_LU,forecast_onshore_wind_generation,Wind Onshore,2026-06-10T05:22:42Z
2026-06-10T05:21:31Z,2026-06-10T07:21:31+0200,3782c388-ddaf-4035-9ca0-973a72568e07,2026-05-14T18:45:00Z,2026-05-14T20:45:00+0200,2525.01873,MW,DE,DE_LU,forecast_onshore_wind_generation,Wind Onshore,2026-06-10T05:22:42Z
2026-06-10T05:21:31Z,2026-06-10T07:21:31+0200,3782c388-ddaf-4035-9ca0-973a72568e07,2026-05-14T19:00:00Z,2026-05-14T21:00:00+0200,2354.37319,MW,DE,DE_LU,forecast_onshore_wind_generation,Wind Onshore,2026-06-10T05:22:42Z
2026-06-10T05:21:31Z,2026-06-10T07:21:31+0200,3782c388-ddaf-4035-9ca0-973a72568e07,2026-05-14T19:15:00Z,2026-05-14T21:15:00+0200,2236.40886,MW,DE,DE_LU,forecast_onshore_wind_generation,Wind Onshore,2026-06-10T05:22:42Z
2026-06-10T05:21:31Z,2026-06-10T07:21:31+0200,3782c388-ddaf-4035-9ca0-973a72568e07,2026-05-14T19:30:00Z,2026-05-14T21:30:00+0200,2166.18919,MW,DE,DE_LU,forecast_onshore_wind_generation,Wind Onshore,2026-06-10T05:22:42Z
2026-06-10T05:21:31Z,2026-06-10T07:21:31+0200,3782c388-ddaf-4035-9ca0-973a72568e07,2026-05-14T19:45:00Z,2026-05-14T21:45:00+0200,2117.13991,MW,DE,DE_LU,forecast_onshore_wind_generation,Wind Onshore,2026-06-10T05:22:42Z
2026-06-10T05:21:31Z,2026-06-10T07:21:31+0200,3782c388-ddaf-4035-9ca0-973a72568e07,2026-05-14T20:00:00Z,2026-05-14T22:00:00+0200,2104.99296,MW,DE,DE_LU,forecast_onshore_wind_generation,Wind Onshore,2026-06-10T05:22:42Z
2026-06-10T05:21:31Z,2026-06-10T07:21:31+0200,3782c388-ddaf-4035-9ca0-973a72568e07,2026-05-14T20:15:00Z,2026-05-14T22:15:00+0200,2120.41122,MW,DE,DE_LU,forecast_onshore_wind_generation,Wind Onshore,2026-06-10T05:22:42Z
2026-06-10T05:21:31Z,2026-06-10T07:21:31+0200,3782c388-ddaf-4035-9ca0-973a72568e07,2026-05-14T20:30:00Z,2026-05-14T22:30:00+0200,2136.67869,MW,DE,DE_LU,forecast_onshore_wind_generation,Wind Onshore,2026-06-10T05:22:42Z
2026-06-10T05:21:31Z,2026-06-10T07:21:31+0200,3782c388-ddaf-4035-9ca0-973a72568e07,2026-05-14T20:45:00Z,2026-05-14T22:45:00+0200,2171.83187,MW,DE,DE_LU,forecast_onshore_wind_generation,Wind Onshore,2026-06-10T05:22:42Z
2026-06-10T05:21:31Z,2026-06-10T07:21:31+0200,3782c388-ddaf-4035-9ca0-973a72568e07,2026-05-14T21:00:00Z,2026-05-14T23:00:00+0200,2207.36502,MW,DE,DE_LU,forecast_onshore_wind_generation,Wind Onshore,2026-06-10T05:22:42Z
2026-06-10T05:21:31Z,2026-06-10T07:21:31+0200,3782c388-ddaf-4035-9ca0-973a72568e07,2026-05-14T21:15:00Z,2026-05-14T23:15:00+0200,2298.03535,MW,DE,DE_LU,forecast_onshore_wind_generation,Wind Onshore,2026-06-10T05:22:42Z
2026-06-10T05:21:31Z,2026-06-10T07:21:31+0200,3782c388-ddaf-4035-9ca0-973a72568e07,2026-05-14T21:30:00Z,2026-05-14T23:30:00+0200,2394.47964,MW,DE,DE_LU,forecast_onshore_wind_generation,Wind Onshore,2026-06-10T05:22:42Z
2026-06-10T05:21:31Z,2026-06-10T07:21:31+0200,3782c388-ddaf-4035-9ca0-973a72568e07,2026-05-14T21:45:00Z,2026-05-14T23:45:00+0200,2492.81999,MW,DE,DE_LU,forecast_onshore_wind_generation,Wind Onshore,2026-06-10T05:22:42Z
2026-06-10T05:21:31Z,2026-06-10T07:21:31+0200,3782c388-ddaf-4035-9ca0-973a72568e07,2026-05-14T22:00:00Z,2026-05-15T00:00:00+0200,1901.78746,MW,DE,DE_LU,forecast_onshore_wind_generation,Wind Onshore,2026-06-10T05:22:42Z
2026-06-10T05:21:31Z,2026-06-10T07:21:31+0200,3782c388-ddaf-4035-9ca0-973a72568e07,2026-05-14T22:15:00Z,2026-05-15T00:15:00+0200,1964.21369,MW,DE,DE_LU,forecast_onshore_wind_generation,Wind Onshore,2026-06-10T05:22:42Z
2026-06-10T05:21:31Z,2026-06-10T07:21:31+0200,3782c388-ddaf-4035-9ca0-973a72568e07,2026-05-14T22:30:00Z,2026-05-15T00:30:00+0200,2028.96978,MW,DE,DE_LU,forecast_onshore_wind_generation,Wind Onshore,2026-06-10T05:22:42Z
2026-06-10T05:21:31Z,2026-06-10T07:21:31+0200,3782c388-ddaf-4035-9ca0-973a72568e07,2026-05-14T22:45:00Z,2026-05-15T00:45:00+0200,2100.24624,MW,DE,DE_LU,forecast_onshore_wind_generation,Wind Onshore,2026-06-10T05:22:42Z
2026-06-10T05:21:31Z,2026-06-10T07:21:31+0200,3782c388-ddaf-4035-9ca0-973a72568e07,2026-05-14T23:00:00Z,2026-05-15T01:00:00+0200,2171.5445,MW,DE,DE_LU,forecast_onshore_wind_generation,Wind Onshore,2026-06-10T05:22:42Z
2026-06-10T05:21:31Z,2026-06-10T07:21:31+0200,3782c388-ddaf-4035-9ca0-973a72568e07,2026-05-14T23:15:00Z,2026-05-15T01:15:00+0200,2250.39689,MW,DE,DE_LU,forecast_onshore_wind_generation,Wind Onshore,2026-06-10T05:22:42Z
2026-06-10T05:21:31Z,2026-06-10T07:21:31+0200,3782c388-ddaf-4035-9ca0-973a72568e07,2026-05-14T23:30:00Z,2026-05-15T01:30:00+0200,2334.66489,MW,DE,DE_LU,forecast_onshore_wind_generation,Wind Onshore,2026-06-10T05:22:42Z
2026-06-10T05:21:31Z,2026-06-10T07:21:31+0200,3782c388-ddaf-4035-9ca0-973a72568e07,2026-05-14T23:45:00Z,2026-05-15T01:45:00+0200,2426.75301,MW,DE,DE_LU,forecast_onshore_wind_generation,Wind Onshore,2026-06-10T05:22:42Z
2026-06-10T05:21:31Z,2026-06-10T07:21:31+0200,3782c388-ddaf-4035-9ca0-973a72568e07,2026-05-15T00:00:00Z,2026-05-15T02:00:00+0200,2535.55106,MW,DE,DE_LU,forecast_onshore_wind_generation,Wind Onshore,2026-06-10T05:22:42Z
2026-06-10T05:21:31Z,2026-06-10T07:21:31+0200,3782c388-ddaf-4035-9ca0-973a72568e07,2026-05-15T00:15:00Z,2026-05-15T02:15:00+0200,2642.56415,MW,DE,DE_LU,forecast_onshore_wind_generation,Wind Onshore,2026-06-10T05:22:42Z
2026-06-10T05:21:31Z,2026-06-10T07:21:31+0200,3782c388-ddaf-4035-9ca0-973a72568e07,2026-05-15T00:30:00Z,2026-05-15T02:30:00+0200,2736.35023,MW,DE,DE_LU,forecast_onshore_wind_generation,Wind Onshore,2026-06-10T05:22:42Z
2026-06-10T05:21:31Z,2026-06-10T07:21:31+0200,3782c388-ddaf-4035-9ca0-973a72568e07,2026-05-15T00:45:00Z,2026-05-15T02:45:00+0200,2824.38488,MW,DE,DE_LU,forecast_onshore_wind_generation,Wind Onshore,2026-06-10T05:22:42Z
2026-06-10T05:21:31Z,2026-06-10T07:21:31+0200,3782c388-ddaf-4035-9ca0-973a72568e07,2026-05-15T01:00:00Z,2026-05-15T03:00:00+0200,2896.33351,MW,DE,DE_LU,forecast_onshore_wind_generation,Wind Onshore,2026-06-10T05:22:42Z
2026-06-10T05:21:31Z,2026-06-10T07:21:31+0200,3782c388-ddaf-4035-9ca0-973a72568e07,2026-05-15T01:15:00Z,2026-05-15T03:15:00+0200,2957.58878,MW,DE,DE_LU,forecast_onshore_wind_generation,Wind Onshore,2026-06-10T05:22:42Z
2026-06-10T05:21:31Z,2026-06-10T07:21:31+0200,3782c388-ddaf-4035-9ca0-973a72568e07,2026-05-15T01:30:00Z,2026-05-15T03:30:00+0200,3018.53049,MW,DE,DE_LU,forecast_onshore_wind_generation,Wind Onshore,2026-06-10T05:22:42Z
2026-06-10T05:21:31Z,2026-06-10T07:21:31+0200,3782c388-ddaf-4035-9ca0-973a72568e07,2026-05-15T01:45:00Z,2026-05-15T03:45:00+0200,3071.68886,MW,DE,DE_LU,forecast_onshore_wind_generation,Wind Onshore,2026-06-10T05:22:42Z
2026-06-10T05:21:31Z,2026-06-10T07:21:31+0200,3782c388-ddaf-4035-9ca0-973a72568e07,2026-05-15T02:00:00Z,2026-05-15T04:00:00+0200,3121.74978,MW,DE,DE_LU,forecast_onshore_wind_generation,Wind Onshore,2026-06-10T05:22:42Z
2026-06-10T05:21:31Z,2026-06-10T07:21:31+0200,3782c388-ddaf-4035-9ca0-973a72568e07,2026-05-15T02:15:00Z,2026-05-15T04:15:00+0200,3155.01564,MW,DE,DE_LU,forecast_onshore_wind_generation,Wind Onshore,2026-06-10T05:22:42Z
2026-06-10T05:21:31Z,2026-06-10T07:21:31+0200,3782c388-ddaf-4035-9ca0-973a72568e07,2026-05-15T02:30:00Z,2026-05-15T04:30:00+0200,3187.92432,MW,DE,DE_LU,forecast_onshore_wind_generation,Wind Onshore,2026-06-10T05:22:42Z
2026-06-10T05:21:31Z,2026-06-10T07:21:31+0200,3782c388-ddaf-4035-9ca0-973a72568e07,2026-05-15T02:45:00Z,2026-05-15T04:45:00+0200,3218.41656,MW,DE,DE_LU,forecast_onshore_wind_generation,Wind Onshore,2026-06-10T05:22:42Z
2026-06-10T05:21:31Z,2026-06-10T07:21:31+0200,3782c388-ddaf-4035-9ca0-973a72568e07,2026-05-15T03:00:00Z,2026-05-15T05:00:00+0200,3243.3253,MW,DE,DE_LU,forecast_onshore_wind_generation,Wind Onshore,2026-06-10T05:22:42Z
2026-06-10T05:21:31Z,2026-06-10T07:21:31+0200,3782c388-ddaf-4035-9ca0-973a72568e07,2026-05-15T03:15:00Z,2026-05-15T05:15:00+0200,3241.53269,MW,DE,DE_LU,forecast_onshore_wind_generation,Wind Onshore,2026-06-10T05:22:42Z
2026-06-10T05:21:31Z,2026-06-10T07:21:31+0200,3782c388-ddaf-4035-9ca0-973a72568e07,2026-05-15T03:30:00Z,2026-05-15T05:30:00+0200,3240.36129,MW,DE,DE_LU,forecast_onshore_wind_generation,Wind Onshore,2026-06-10T05:22:42Z
2026-06-10T05:21:31Z,2026-06-10T07:21:31+0200,3782c388-ddaf-4035-9ca0-973a72568e07,2026-05-15T03:45:00Z,2026-05-15T05:45:00+0200,3239.89602,MW,DE,DE_LU,forecast_onshore_wind_generation,Wind Onshore,2026-06-10T05:22:42Z
2026-06-10T05:21:31Z,2026-06-10T07:21:31+0200,3782c388-ddaf-4035-9ca0-973a72568e07,2026-05-15T04:00:00Z,2026-05-15T06:00:00+0200,3258.33206,MW,DE,DE_LU,forecast_onshore_wind_generation,Wind Onshore,2026-06-10T05:22:42Z
2026-06-10T05:21:31Z,2026-06-10T07:21:31+0200,3782c388-ddaf-4035-9ca0-973a72568e07,2026-05-15T04:15:00Z,2026-05-15T06:15:00+0200,3215.57105,MW,DE,DE_LU,forecast_onshore_wind_generation,Wind Onshore,2026-06-10T05:22:42Z
2026-06-10T05:21:31Z,2026-06-10T07:21:31+0200,3782c388-ddaf-4035-9ca0-973a72568e07,2026-05-15T04:30:00Z,2026-05-15T06:30:00+0200,3172.08711,MW,DE,DE_LU,forecast_onshore_wind_generation,Wind Onshore,2026-06-10T05:22:42Z
2026-06-10T05:21:31Z,2026-06-10T07:21:31+0200,3782c388-ddaf-4035-9ca0-973a72568e07,2026-05-15T04:45:00Z,2026-05-15T06:45:00+0200,3112.66627,MW,DE,DE_LU,forecast_onshore_wind_generation,Wind Onshore,2026-06-10T05:22:42Z
2026-06-10T05:21:31Z,2026-06-10T07:21:31+0200,3782c388-ddaf-4035-9ca0-973a72568e07,2026-05-15T05:00:00Z,2026-05-15T07:00:00+0200,3053.88858,MW,DE,DE_LU,forecast_onshore_wind_generation,Wind Onshore,2026-06-10T05:22:42Z
2026-06-10T05:21:31Z,2026-06-10T07:21:31+0200,3782c388-ddaf-4035-9ca0-973a72568e07,2026-05-15T05:15:00Z,2026-05-15T07:15:00+0200,2973.91059,MW,DE,DE_LU,forecast_onshore_wind_generation,Wind Onshore,2026-06-10T05:22:42Z
2026-06-10T05:21:31Z,2026-06-10T07:21:31+0200,3782c388-ddaf-4035-9ca0-973a72568e07,2026-05-15T05:30:00Z,2026-05-15T07:30:00+0200,2860.55594,MW,DE,DE_LU,forecast_onshore_wind_generation,Wind Onshore,2026-06-10T05:22:42Z
2026-06-10T05:21:31Z,2026-06-10T07:21:31+0200,3782c388-ddaf-4035-9ca0-973a72568e07,2026-05-15T05:45:00Z,2026-05-15T07:45:00+0200,2765.86371,MW,DE,DE_LU,forecast_onshore_wind_generation,Wind Onshore,2026-06-10T05:22:42Z
2026-06-10T05:21:31Z,2026-06-10T07:21:31+0200,3782c388-ddaf-4035-9ca0-973a72568e07,2026-05-15T06:00:00Z,2026-05-15T08:00:00+0200,2723.54687,MW,DE,DE_LU,forecast_onshore_wind_generation,Wind Onshore,2026-06-10T05:22:42Z
2026-06-10T05:21:31Z,2026-06-10T07:21:31+0200,3782c388-ddaf-4035-9ca0-973a72568e07,2026-05-15T06:15:00Z,2026-05-15T08:15:00+0200,2744.4058,MW,DE,DE_LU,forecast_onshore_wind_generation,Wind Onshore,2026-06-10T05:22:42Z
2026-06-10T05:21:31Z,2026-06-10T07:21:31+0200,3782c388-ddaf-4035-9ca0-973a72568e07,2026-05-15T06:30:00Z,2026-05-15T08:30:00+0200,2759.11827,MW,DE,DE_LU,forecast_onshore_wind_generation,Wind Onshore,2026-06-10T05:22:42Z
2026-06-10T05:21:31Z,2026-06-10T07:21:31+0200,3782c388-ddaf-4035-9ca0-973a72568e07,2026-05-15T06:45:00Z,2026-05-15T08:45:00+0200,2766.09035,MW,DE,DE_LU,forecast_onshore_wind_generation,Wind Onshore,2026-06-10T05:22:42Z
2026-06-10T05:21:31Z,2026-06-10T07:21:31+0200,3782c388-ddaf-4035-9ca0-973a72568e07,2026-05-15T07:00:00Z,2026-05-15T09:00:00+0200,2863.90162,MW,DE,DE_LU,forecast_onshore_wind_generation,Wind Onshore,2026-06-10T05:22:42Z
2026-06-10T05:21:31Z,2026-06-10T07:21:31+0200,3782c388-ddaf-4035-9ca0-973a72568e07,2026-05-15T07:15:00Z,2026-05-15T09:15:00+0200,3012.74098,MW,DE,DE_LU,forecast_onshore_wind_generation,Wind Onshore,2026-06-10T05:22:42Z
2026-06-10T05:21:31Z,2026-06-10T07:21:31+0200,3782c388-ddaf-4035-9ca0-973a72568e07,2026-05-15T07:30:00Z,2026-05-15T09:30:00+0200,3161.45421,MW,DE,DE_LU,forecast_onshore_wind_generation,Wind Onshore,2026-06-10T05:22:42Z
2026-06-10T05:21:31Z,2026-06-10T07:21:31+0200,3782c388-ddaf-4035-9ca0-973a72568e07,2026-05-15T07:45:00Z,2026-05-15T09:45:00+0200,3338.99182,MW,DE,DE_LU,forecast_onshore_wind_generation,Wind Onshore,2026-06-10T05:22:42Z
2026-06-10T05:21:31Z,2026-06-10T07:21:31+0200,3782c388-ddaf-4035-9ca0-973a72568e07,2026-05-15T08:00:00Z,2026-05-15T10:00:00+0200,3502.98069,MW,DE,DE_LU,forecast_onshore_wind_generation,Wind Onshore,2026-06-10T05:22:42Z
2026-06-10T05:21:31Z,2026-06-10T07:21:31+0200,3782c388-ddaf-4035-9ca0-973a72568e07,2026-05-15T08:15:00Z,2026-05-15T10:15:00+0200,3648.94474,MW,DE,DE_LU,forecast_onshore_wind_generation,Wind Onshore,2026-06-10T05:22:42Z
2026-06-10T05:21:31Z,2026-06-10T07:21:31+0200,3782c388-ddaf-4035-9ca0-973a72568e07,2026-05-15T08:30:00Z,2026-05-15T10:30:00+0200,3791.72352,MW,DE,DE_LU,forecast_onshore_wind_generation,Wind Onshore,2026-06-10T05:22:42Z
2026-06-10T05:21:31Z,2026-06-10T07:21:31+0200,3782c388-ddaf-4035-9ca0-973a72568e07,2026-05-15T08:45:00Z,2026-05-15T10:45:00+0200,3931.75845,MW,DE,DE_LU,forecast_onshore_wind_generation,Wind Onshore,2026-06-10T05:22:42Z
2026-06-10T05:21:31Z,2026-06-10T07:21:31+0200,3782c388-ddaf-4035-9ca0-973a72568e07,2026-05-15T09:00:00Z,2026-05-15T11:00:00+0200,4073.80079,MW,DE,DE_LU,forecast_onshore_wind_generation,Wind Onshore,2026-06-10T05:22:42Z
2026-06-10T05:21:31Z,2026-06-10T07:21:31+0200,3782c388-ddaf-4035-9ca0-973a72568e07,2026-05-15T09:15:00Z,2026-05-15T11:15:00+0200,4197.50201,MW,DE,DE_LU,forecast_onshore_wind_generation,Wind Onshore,2026-06-10T05:22:42Z
2026-06-10T05:21:31Z,2026-06-10T07:21:31+0200,3782c388-ddaf-4035-9ca0-973a72568e07,2026-05-15T09:30:00Z,2026-05-15T11:30:00+0200,4322.67221,MW,DE,DE_LU,forecast_onshore_wind_generation,Wind Onshore,2026-06-10T05:22:42Z
2026-06-10T05:21:31Z,2026-06-10T07:21:31+0200,3782c388-ddaf-4035-9ca0-973a72568e07,2026-05-15T09:45:00Z,2026-05-15T11:45:00+0200,4450.4271,MW,DE,DE_LU,forecast_onshore_wind_generation,Wind Onshore,2026-06-10T05:22:42Z
2026-06-10T05:21:31Z,2026-06-10T07:21:31+0200,3782c388-ddaf-4035-9ca0-973a72568e07,2026-05-15T10:00:00Z,2026-05-15T12:00:00+0200,4581.468,MW,DE,DE_LU,forecast_onshore_wind_generation,Wind Onshore,2026-06-10T05:22:42Z
2026-06-10T05:21:31Z,2026-06-10T07:21:31+0200,3782c388-ddaf-4035-9ca0-973a72568e07,2026-05-15T10:15:00Z,2026-05-15T12:15:00+0200,4730.91454,MW,DE,DE_LU,forecast_onshore_wind_generation,Wind Onshore,2026-06-10T05:22:42Z
2026-06-10T05:21:31Z,2026-06-10T07:21:31+0200,3782c388-ddaf-4035-9ca0-973a72568e07,2026-05-15T10:30:00Z,2026-05-15T12:30:00+0200,4884.79801,MW,DE,DE_LU,forecast_onshore_wind_generation,Wind Onshore,2026-06-10T05:22:42Z
2026-06-10T05:21:31Z,2026-06-10T07:21:31+0200,3782c388-ddaf-4035-9ca0-973a72568e07,2026-05-15T10:45:00Z,2026-05-15T12:45:00+0200,5048.91763,MW,DE,DE_LU,forecast_onshore_wind_generation,Wind Onshore,2026-06-10T05:22:42Z
2026-06-10T05:21:31Z,2026-06-10T07:21:31+0200,3782c388-ddaf-4035-9ca0-973a72568e07,2026-05-15T11:00:00Z,2026-05-15T13:00:00+0200,5204.58699,MW,DE,DE_LU,forecast_onshore_wind_generation,Wind Onshore,2026-06-10T05:22:42Z
2026-06-10T05:21:31Z,2026-06-10T07:21:31+0200,3782c388-ddaf-4035-9ca0-973a72568e07,2026-05-15T11:15:00Z,2026-05-15T13:15:00+0200,5364.87371,MW,DE,DE_LU,forecast_onshore_wind_generation,Wind Onshore,2026-06-10T05:22:42Z
2026-06-10T05:21:31Z,2026-06-10T07:21:31+0200,3782c388-ddaf-4035-9ca0-973a72568e07,2026-05-15T11:30:00Z,2026-05-15T13:30:00+0200,5537.9731,MW,DE,DE_LU,forecast_onshore_wind_generation,Wind Onshore,2026-06-10T05:22:42Z
2026-06-10T05:21:31Z,2026-06-10T07:21:31+0200,3782c388-ddaf-4035-9ca0-973a72568e07,2026-05-15T11:45:00Z,2026-05-15T13:45:00+0200,5729.42899,MW,DE,DE_LU,forecast_onshore_wind_generation,Wind Onshore,2026-06-10T05:22:42Z
2026-06-10T05:21:31Z,2026-06-10T07:21:31+0200,3782c388-ddaf-4035-9ca0-973a72568e07,2026-05-15T12:00:00Z,2026-05-15T14:00:00+0200,5956.84563,MW,DE,DE_LU,forecast_onshore_wind_generation,Wind Onshore,2026-06-10T05:22:42Z
2026-06-10T05:21:31Z,2026-06-10T07:21:31+0200,3782c388-ddaf-4035-9ca0-973a72568e07,2026-05-15T12:15:00Z,2026-05-15T14:15:00+0200,6161.65533,MW,DE,DE_LU,forecast_onshore_wind_generation,Wind Onshore,2026-06-10T05:22:42Z
2026-06-10T05:21:31Z,2026-06-10T07:21:31+0200,3782c388-ddaf-4035-9ca0-973a72568e07,2026-05-15T12:30:00Z,2026-05-15T14:30:00+0200,6333.02563,MW,DE,DE_LU,forecast_onshore_wind_generation,Wind Onshore,2026-06-10T05:22:42Z
2026-06-10T05:21:31Z,2026-06-10T07:21:31+0200,3782c388-ddaf-4035-9ca0-973a72568e07,2026-05-15T12:45:00Z,2026-05-15T14:45:00+0200,6486.96216,MW,DE,DE_LU,forecast_onshore_wind_generation,Wind Onshore,2026-06-10T05:22:42Z
2026-06-10T05:21:31Z,2026-06-10T07:21:31+0200,3782c388-ddaf-4035-9ca0-973a72568e07,2026-05-15T13:00:00Z,2026-05-15T15:00:00+0200,6622.16693,MW,DE,DE_LU,forecast_onshore_wind_generation,Wind Onshore,2026-06-10T05:22:42Z
2026-06-10T05:21:31Z,2026-06-10T07:21:31+0200,3782c388-ddaf-4035-9ca0-973a72568e07,2026-05-15T13:15:00Z,2026-05-15T15:15:00+0200,6746.8016,MW,DE,DE_LU,forecast_onshore_wind_generation,Wind Onshore,2026-06-10T05:22:42Z
2026-06-10T05:21:31Z,2026-06-10T07:21:31+0200,3782c388-ddaf-4035-9ca0-973a72568e07,2026-05-15T13:30:00Z,2026-05-15T15:30:00+0200,6872.57437,MW,DE,DE_LU,forecast_onshore_wind_generation,Wind Onshore,2026-06-10T05:22:42Z
2026-06-10T05:21:31Z,2026-06-10T07:21:31+0200,3782c388-ddaf-4035-9ca0-973a72568e07,2026-05-15T13:45:00Z,2026-05-15T15:45:00+0200,6987.32318,MW,DE,DE_LU,forecast_onshore_wind_generation,Wind Onshore,2026-06-10T05:22:42Z
2026-06-10T05:21:31Z,2026-06-10T07:21:31+0200,3782c388-ddaf-4035-9ca0-973a72568e07,2026-05-15T14:00:00Z,2026-05-15T16:00:00+0200,7100.0965,MW,DE,DE_LU,forecast_onshore_wind_generation,Wind Onshore,2026-06-10T05:22:42Z
2026-06-10T05:21:31Z,2026-06-10T07:21:31+0200,3782c388-ddaf-4035-9ca0-973a72568e07,2026-05-15T14:15:00Z,2026-05-15T16:15:00+0200,7113.52028,MW,DE,DE_LU,forecast_onshore_wind_generation,Wind Onshore,2026-06-10T05:22:42Z
2026-06-10T05:21:31Z,2026-06-10T07:21:31+0200,3782c388-ddaf-4035-9ca0-973a72568e07,2026-05-15T14:30:00Z,2026-05-15T16:30:00+0200,7132.84733,MW,DE,DE_LU,forecast_onshore_wind_generation,Wind Onshore,2026-06-10T05:22:42Z
2026-06-10T05:21:31Z,2026-06-10T07:21:31+0200,3782c388-ddaf-4035-9ca0-973a72568e07,2026-05-15T14:45:00Z,2026-05-15T16:45:00+0200,7148.83947,MW,DE,DE_LU,forecast_onshore_wind_generation,Wind Onshore,2026-06-10T05:22:42Z
2026-06-10T05:21:31Z,2026-06-10T07:21:31+0200,3782c388-ddaf-4035-9ca0-973a72568e07,2026-05-15T15:00:00Z,2026-05-15T17:00:00+0200,7156.61776,MW,DE,DE_LU,forecast_onshore_wind_generation,Wind Onshore,2026-06-10T05:22:42Z
2026-06-10T05:21:31Z,2026-06-10T07:21:31+0200,3782c388-ddaf-4035-9ca0-973a72568e07,2026-05-15T15:15:00Z,2026-05-15T17:15:00+0200,7188.94401,MW,DE,DE_LU,forecast_onshore_wind_generation,Wind Onshore,2026-06-10T05:22:42Z
2026-06-10T05:21:31Z,2026-06-10T07:21:31+0200,3782c388-ddaf-4035-9ca0-973a72568e07,2026-05-15T15:30:00Z,2026-05-15T17:30:00+0200,7223.10067,MW,DE,DE_LU,forecast_onshore_wind_generation,Wind Onshore,2026-06-10T05:22:42Z
2026-06-10T05:21:31Z,2026-06-10T07:21:31+0200,3782c388-ddaf-4035-9ca0-973a72568e07,2026-05-15T15:45:00Z,2026-05-15T17:45:00+0200,7261.08904,MW,DE,DE_LU,forecast_onshore_wind_generation,Wind Onshore,2026-06-10T05:22:42Z
2026-06-10T05:21:31Z,2026-06-10T07:21:31+0200,3782c388-ddaf-4035-9ca0-973a72568e07,2026-05-15T16:00:00Z,2026-05-15T18:00:00+0200,7285.47748,MW,DE,DE_LU,forecast_onshore_wind_generation,Wind Onshore,2026-06-10T05:22:42Z
2026-06-10T05:21:31Z,2026-06-10T07:21:31+0200,3782c388-ddaf-4035-9ca0-973a72568e07,2026-05-15T16:15:00Z,2026-05-15T18:15:00+0200,7175.78899,MW,DE,DE_LU,forecast_onshore_wind_generation,Wind Onshore,2026-06-10T05:22:42Z
2026-06-10T05:21:31Z,2026-06-10T07:21:31+0200,3782c388-ddaf-4035-9ca0-973a72568e07,2026-05-15T16:30:00Z,2026-05-15T18:30:00+0200,7071.12757,MW,DE,DE_LU,forecast_onshore_wind_generation,Wind Onshore,2026-06-10T05:22:42Z
2026-06-10T05:21:31Z,2026-06-10T07:21:31+0200,3782c388-ddaf-4035-9ca0-973a72568e07,2026-05-15T16:45:00Z,2026-05-15T18:45:00+0200,6968.37991,MW,DE,DE_LU,forecast_onshore_wind_generation,Wind Onshore,2026-06-10T05:22:42Z
2026-06-10T05:21:31Z,2026-06-10T07:21:31+0200,3782c388-ddaf-4035-9ca0-973a72568e07,2026-05-15T17:00:00Z,2026-05-15T19:00:00+0200,6869.51534,MW,DE,DE_LU,forecast_onshore_wind_generation,Wind Onshore,2026-06-10T05:22:42Z
2026-06-10T05:21:31Z,2026-06-10T07:21:31+0200,3782c388-ddaf-4035-9ca0-973a72568e07,2026-05-15T17:15:00Z,2026-05-15T19:15:00+0200,6776.86715,MW,DE,DE_LU,forecast_onshore_wind_generation,Wind Onshore,2026-06-10T05:22:42Z
2026-06-10T05:21:31Z,2026-06-10T07:21:31+0200,3782c388-ddaf-4035-9ca0-973a72568e07,2026-05-15T17:30:00Z,2026-05-15T19:30:00+0200,6685.62465,MW,DE,DE_LU,forecast_onshore_wind_generation,Wind Onshore,2026-06-10T05:22:42Z
2026-06-10T05:21:31Z,2026-06-10T07:21:31+0200,3782c388-ddaf-4035-9ca0-973a72568e07,2026-05-15T17:45:00Z,2026-05-15T19:45:00+0200,6613.47276,MW,DE,DE_LU,forecast_onshore_wind_generation,Wind Onshore,2026-06-10T05:22:42Z
2026-06-10T05:21:31Z,2026-06-10T07:21:31+0200,3782c388-ddaf-4035-9ca0-973a72568e07,2026-05-15T18:00:00Z,2026-05-15T20:00:00+0200,6548.07712,MW,DE,DE_LU,forecast_onshore_wind_generation,Wind Onshore,2026-06-10T05:22:42Z
2026-06-10T05:21:31Z,2026-06-10T07:21:31+0200,3782c388-ddaf-4035-9ca0-973a72568e07,2026-05-15T18:15:00Z,2026-05-15T20:15:00+0200,6508.40601,MW,DE,DE_LU,forecast_onshore_wind_generation,Wind Onshore,2026-06-10T05:22:42Z
2026-06-10T05:21:31Z,2026-06-10T07:21:31+0200,3782c388-ddaf-4035-9ca0-973a72568e07,2026-05-15T18:30:00Z,2026-05-15T20:30:00+0200,6502.37992,MW,DE,DE_LU,forecast_onshore_wind_generation,Wind Onshore,2026-06-10T05:22:42Z
2026-06-10T05:21:31Z,2026-06-10T07:21:31+0200,3782c388-ddaf-4035-9ca0-973a72568e07,2026-05-15T18:45:00Z,2026-05-15T20:45:00+0200,6468.91798,MW,DE,DE_LU,forecast_onshore_wind_generation,Wind Onshore,2026-06-10T05:22:42Z
2026-06-10T05:21:31Z,2026-06-10T07:21:31+0200,3782c388-ddaf-4035-9ca0-973a72568e07,2026-05-15T19:00:00Z,2026-05-15T21:00:00+0200,6395.10351,MW,DE,DE_LU,forecast_onshore_wind_generation,Wind Onshore,2026-06-10T05:22:42Z
2026-06-10T05:21:31Z,2026-06-10T07:21:31+0200,3782c388-ddaf-4035-9ca0-973a72568e07,2026-05-15T19:15:00Z,2026-05-15T21:15:00+0200,6346.16623,MW,DE,DE_LU,forecast_onshore_wind_generation,Wind Onshore,2026-06-10T05:22:42Z
2026-06-10T05:21:31Z,2026-06-10T07:21:31+0200,3782c388-ddaf-4035-9ca0-973a72568e07,2026-05-15T19:30:00Z,2026-05-15T21:30:00+0200,6356.99276,MW,DE,DE_LU,forecast_onshore_wind_generation,Wind Onshore,2026-06-10T05:22:42Z
2026-06-10T05:21:31Z,2026-06-10T07:21:31+0200,3782c388-ddaf-4035-9ca0-973a72568e07,2026-05-15T19:45:00Z,2026-05-15T21:45:00+0200,6394.26696,MW,DE,DE_LU,forecast_onshore_wind_generation,Wind Onshore,2026-06-10T05:22:42Z
2026-06-10T05:21:31Z,2026-06-10T07:21:31+0200,3782c388-ddaf-4035-9ca0-973a72568e07,2026-05-15T20:00:00Z,2026-05-15T22:00:00+0200,6429.0144,MW,DE,DE_LU,forecast_onshore_wind_generation,Wind Onshore,2026-06-10T05:22:42Z
2026-06-10T05:21:31Z,2026-06-10T07:21:31+0200,3782c388-ddaf-4035-9ca0-973a72568e07,2026-05-15T20:15:00Z,2026-05-15T22:15:00+0200,6548.95508,MW,DE,DE_LU,forecast_onshore_wind_generation,Wind Onshore,2026-06-10T05:22:42Z
2026-06-10T05:21:31Z,2026-06-10T07:21:31+0200,3782c388-ddaf-4035-9ca0-973a72568e07,2026-05-15T20:30:00Z,2026-05-15T22:30:00+0200,6669.23273,MW,DE,DE_LU,forecast_onshore_wind_generation,Wind Onshore,2026-06-10T05:22:42Z
2026-06-10T05:21:31Z,2026-06-10T07:21:31+0200,3782c388-ddaf-4035-9ca0-973a72568e07,2026-05-15T20:45:00Z,2026-05-15T22:45:00+0200,6807.29826,MW,DE,DE_LU,forecast_onshore_wind_generation,Wind Onshore,2026-06-10T05:22:42Z
2026-06-10T05:21:31Z,2026-06-10T07:21:31+0200,3782c388-ddaf-4035-9ca0-973a72568e07,2026-05-15T21:00:00Z,2026-05-15T23:00:00+0200,6944.41996,MW,DE,DE_LU,forecast_onshore_wind_generation,Wind Onshore,2026-06-10T05:22:42Z
2026-06-10T05:21:31Z,2026-06-10T07:21:31+0200,3782c388-ddaf-4035-9ca0-973a72568e07,2026-05-15T21:15:00Z,2026-05-15T23:15:00+0200,7134.50574,MW,DE,DE_LU,forecast_onshore_wind_generation,Wind Onshore,2026-06-10T05:22:42Z
2026-06-10T05:21:31Z,2026-06-10T07:21:31+0200,3782c388-ddaf-4035-9ca0-973a72568e07,2026-05-15T21:30:00Z,2026-05-15T23:30:00+0200,7323.51628,MW,DE,DE_LU,forecast_onshore_wind_generation,Wind Onshore,2026-06-10T05:22:42Z
2026-06-10T05:21:31Z,2026-06-10T07:21:31+0200,3782c388-ddaf-4035-9ca0-973a72568e07,2026-05-15T21:45:00Z,2026-05-15T23:45:00+0200,7514.01418,MW,DE,DE_LU,forecast_onshore_wind_generation,Wind Onshore,2026-06-10T05:22:42Z
2026-06-10T05:21:31Z,2026-06-10T07:21:31+0200,3782c388-ddaf-4035-9ca0-973a72568e07,2026-05-15T22:00:00Z,2026-05-16T00:00:00+0200,7818.14619,MW,DE,DE_LU,forecast_onshore_wind_generation,Wind Onshore,2026-06-10T05:22:42Z
2026-06-10T05:21:31Z,2026-06-10T07:21:31+0200,3782c388-ddaf-4035-9ca0-973a72568e07,2026-05-15T22:15:00Z,2026-05-16T00:15:00+0200,8006.78582,MW,DE,DE_LU,forecast_onshore_wind_generation,Wind Onshore,2026-06-10T05:22:42Z
2026-06-10T05:21:31Z,2026-06-10T07:21:31+0200,3782c388-ddaf-4035-9ca0-973a72568e07,2026-05-15T22:30:00Z,2026-05-16T00:30:00+0200,8194.62539,MW,DE,DE_LU,forecast_onshore_wind_generation,Wind Onshore,2026-06-10T05:22:42Z
2026-06-10T05:21:31Z,2026-06-10T07:21:31+0200,3782c388-ddaf-4035-9ca0-973a72568e07,2026-05-15T22:45:00Z,2026-05-16T00:45:00+0200,8385.83036,MW,DE,DE_LU,forecast_onshore_wind_generation,Wind Onshore,2026-06-10T05:22:42Z
2026-06-10T05:21:31Z,2026-06-10T07:21:31+0200,3782c388-ddaf-4035-9ca0-973a72568e07,2026-05-15T23:00:00Z,2026-05-16T01:00:00+0200,8586.12547,MW,DE,DE_LU,forecast_onshore_wind_generation,Wind Onshore,2026-06-10T05:22:42Z
2026-06-10T05:21:31Z,2026-06-10T07:21:31+0200,3782c388-ddaf-4035-9ca0-973a72568e07,2026-05-15T23:15:00Z,2026-05-16T01:15:00+0200,8797.6106,MW,DE,DE_LU,forecast_onshore_wind_generation,Wind Onshore,2026-06-10T05:22:42Z
2026-06-10T05:21:31Z,2026-06-10T07:21:31+0200,3782c388-ddaf-4035-9ca0-973a72568e07,2026-05-15T23:30:00Z,2026-05-16T01:30:00+0200,8999.23374,MW,DE,DE_LU,forecast_onshore_wind_generation,Wind Onshore,2026-06-10T05:22:42Z
2026-06-10T05:21:31Z,2026-06-10T07:21:31+0200,3782c388-ddaf-4035-9ca0-973a72568e07,2026-05-15T23:45:00Z,2026-05-16T01:45:00+0200,9217.5651,MW,DE,DE_LU,forecast_onshore_wind_generation,Wind Onshore,2026-06-10T05:22:42Z
2026-06-10T05:21:31Z,2026-06-10T07:21:31+0200,3782c388-ddaf-4035-9ca0-973a72568e07,2026-05-16T00:00:00Z,2026-05-16T02:00:00+0200,9452.35041,MW,DE,DE_LU,forecast_onshore_wind_generation,Wind Onshore,2026-06-10T05:22:42Z
2026-06-10T05:21:31Z,2026-06-10T07:21:31+0200,3782c388-ddaf-4035-9ca0-973a72568e07,2026-05-16T00:15:00Z,2026-05-16T02:15:00+0200,9677.95522,MW,DE,DE_LU,forecast_onshore_wind_generation,Wind Onshore,2026-06-10T05:22:42Z
2026-06-10T05:21:31Z,2026-06-10T07:21:31+0200,3782c388-ddaf-4035-9ca0-973a72568e07,2026-05-16T00:30:00Z,2026-05-16T02:30:00+0200,9878.99449,MW,DE,DE_LU,forecast_onshore_wind_generation,Wind Onshore,2026-06-10T05:22:42Z
2026-06-10T05:21:31Z,2026-06-10T07:21:31+0200,3782c388-ddaf-4035-9ca0-973a72568e07,2026-05-16T00:45:00Z,2026-05-16T02:45:00+0200,10067.76495,MW,DE,DE_LU,forecast_onshore_wind_generation,Wind Onshore,2026-06-10T05:22:42Z
2026-06-10T05:21:31Z,2026-06-10T07:21:31+0200,3782c388-ddaf-4035-9ca0-973a72568e07,2026-05-16T01:00:00Z,2026-05-16T03:00:00+0200,10264.63704,MW,DE,DE_LU,forecast_onshore_wind_generation,Wind Onshore,2026-06-10T05:22:42Z
2026-06-10T05:21:31Z,2026-06-10T07:21:31+0200,3782c388-ddaf-4035-9ca0-973a72568e07,2026-05-16T01:15:00Z,2026-05-16T03:15:00+0200,10465.99511,MW,DE,DE_LU,forecast_onshore_wind_generation,Wind Onshore,2026-06-10T05:22:42Z
2026-06-10T05:21:31Z,2026-06-10T07:21:31+0200,3782c388-ddaf-4035-9ca0-973a72568e07,2026-05-16T01:30:00Z,2026-05-16T03:30:00+0200,10665.62372,MW,DE,DE_LU,forecast_onshore_wind_generation,Wind Onshore,2026-06-10T05:22:42Z
2026-06-10T05:21:31Z,2026-06-10T07:21:31+0200,3782c388-ddaf-4035-9ca0-973a72568e07,2026-05-16T01:45:00Z,2026-05-16T03:45:00+0200,10869.67884,MW,DE,DE_LU,forecast_onshore_wind_generation,Wind Onshore,2026-06-10T05:22:42Z
2026-06-10T05:21:31Z,2026-06-10T07:21:31+0200,3782c388-ddaf-4035-9ca0-973a72568e07,2026-05-16T02:00:00Z,2026-05-16T04:00:00+0200,11069.44923,MW,DE,DE_LU,forecast_onshore_wind_generation,Wind Onshore,2026-06-10T05:22:42Z
2026-06-10T05:21:31Z,2026-06-10T07:21:31+0200,3782c388-ddaf-4035-9ca0-973a72568e07,2026-05-16T02:15:00Z,2026-05-16T04:15:00+0200,11238.8195,MW,DE,DE_LU,forecast_onshore_wind_generation,Wind Onshore,2026-06-10T05:22:42Z
2026-06-10T05:21:31Z,2026-06-10T07:21:31+0200,3782c388-ddaf-4035-9ca0-973a72568e07,2026-05-16T02:30:00Z,2026-05-16T04:30:00+0200,11408.24451,MW,DE,DE_LU,forecast_onshore_wind_generation,Wind Onshore,2026-06-10T05:22:42Z
2026-06-10T05:21:31Z,2026-06-10T07:21:31+0200,3782c388-ddaf-4035-9ca0-973a72568e07,2026-05-16T02:45:00Z,2026-05-16T04:45:00+0200,11578.68521,MW,DE,DE_LU,forecast_onshore_wind_generation,Wind Onshore,2026-06-10T05:22:42Z
2026-06-10T05:21:31Z,2026-06-10T07:21:31+0200,3782c388-ddaf-4035-9ca0-973a72568e07,2026-05-16T03:00:00Z,2026-05-16T05:00:00+0200,11735.35857,MW,DE,DE_LU,forecast_onshore_wind_generation,Wind Onshore,2026-06-10T05:22:42Z
2026-06-10T05:21:31Z,2026-06-10T07:21:31+0200,3782c388-ddaf-4035-9ca0-973a72568e07,2026-05-16T03:15:00Z,2026-05-16T05:15:00+0200,11806.46748,MW,DE,DE_LU,forecast_onshore_wind_generation,Wind Onshore,2026-06-10T05:22:42Z
2026-06-10T05:21:31Z,2026-06-10T07:21:31+0200,3782c388-ddaf-4035-9ca0-973a72568e07,2026-05-16T03:30:00Z,2026-05-16T05:30:00+0200,11869.6685,MW,DE,DE_LU,forecast_onshore_wind_generation,Wind Onshore,2026-06-10T05:22:42Z
2026-06-10T05:21:31Z,2026-06-10T07:21:31+0200,3782c388-ddaf-4035-9ca0-973a72568e07,2026-05-16T03:45:00Z,2026-05-16T05:45:00+0200,11929.938,MW,DE,DE_LU,forecast_onshore_wind_generation,Wind Onshore,2026-06-10T05:22:42Z
2026-06-10T05:21:31Z,2026-06-10T07:21:31+0200,3782c388-ddaf-4035-9ca0-973a72568e07,2026-05-16T04:00:00Z,2026-05-16T06:00:00+0200,12186.72854,MW,DE,DE_LU,forecast_onshore_wind_generation,Wind Onshore,2026-06-10T05:22:42Z
2026-06-10T05:21:31Z,2026-06-10T07:21:31+0200,3782c388-ddaf-4035-9ca0-973a72568e07,2026-05-16T04:15:00Z,2026-05-16T06:15:00+0200,11997.23386,MW,DE,DE_LU,forecast_onshore_wind_generation,Wind Onshore,2026-06-10T05:22:42Z
2026-06-10T05:21:31Z,2026-06-10T07:21:31+0200,3782c388-ddaf-4035-9ca0-973a72568e07,2026-05-16T04:30:00Z,2026-05-16T06:30:00+0200,11815.13903,MW,DE,DE_LU,forecast_onshore_wind_generation,Wind Onshore,2026-06-10T05:22:42Z
2026-06-10T05:21:31Z,2026-06-10T07:21:31+0200,3782c388-ddaf-4035-9ca0-973a72568e07,2026-05-16T04:45:00Z,2026-05-16T06:45:00+0200,11610.25149,MW,DE,DE_LU,forecast_onshore_wind_generation,Wind Onshore,2026-06-10T05:22:42Z
2026-06-10T05:21:31Z,2026-06-10T07:21:31+0200,3782c388-ddaf-4035-9ca0-973a72568e07,2026-05-16T05:00:00Z,2026-05-16T07:00:00+0200,11397.14946,MW,DE,DE_LU,forecast_onshore_wind_generation,Wind Onshore,2026-06-10T05:22:42Z
2026-06-10T05:21:31Z,2026-06-10T07:21:31+0200,3782c388-ddaf-4035-9ca0-973a72568e07,2026-05-16T05:15:00Z,2026-05-16T07:15:00+0200,11163.40101,MW,DE,DE_LU,forecast_onshore_wind_generation,Wind Onshore,2026-06-10T05:22:42Z
2026-06-10T05:21:31Z,2026-06-10T07:21:31+0200,3782c388-ddaf-4035-9ca0-973a72568e07,2026-05-16T05:30:00Z,2026-05-16T07:30:00+0200,10878.5974,MW,DE,DE_LU,forecast_onshore_wind_generation,Wind Onshore,2026-06-10T05:22:42Z
2026-06-10T05:21:31Z,2026-06-10T07:21:31+0200,3782c388-ddaf-4035-9ca0-973a72568e07,2026-05-16T05:45:00Z,2026-05-16T07:45:00+0200,10612.82403,MW,DE,DE_LU,forecast_onshore_wind_generation,Wind Onshore,2026-06-10T05:22:42Z
2026-06-10T05:21:31Z,2026-06-10T07:21:31+0200,3782c388-ddaf-4035-9ca0-973a72568e07,2026-05-16T06:00:00Z,2026-05-16T08:00:00+0200,10454.00276,MW,DE,DE_LU,forecast_onshore_wind_generation,Wind Onshore,2026-06-10T05:22:42Z
2026-06-10T05:21:31Z,2026-06-10T07:21:31+0200,3782c388-ddaf-4035-9ca0-973a72568e07,2026-05-16T06:15:00Z,2026-05-16T08:15:00+0200,10580.00441,MW,DE,DE_LU,forecast_onshore_wind_generation,Wind Onshore,2026-06-10T05:22:42Z
2026-06-10T05:21:31Z,2026-06-10T07:21:31+0200,3782c388-ddaf-4035-9ca0-973a72568e07,2026-05-16T06:30:00Z,2026-05-16T08:30:00+0200,10819.95239,MW,DE,DE_LU,forecast_onshore_wind_generation,Wind Onshore,2026-06-10T05:22:42Z
2026-06-10T05:21:31Z,2026-06-10T07:21:31+0200,3782c388-ddaf-4035-9ca0-973a72568e07,2026-05-16T06:45:00Z,2026-05-16T08:45:00+0200,11071.27183,MW,DE,DE_LU,forecast_onshore_wind_generation,Wind Onshore,2026-06-10T05:22:42Z
2026-06-10T05:21:31Z,2026-06-10T07:21:31+0200,3782c388-ddaf-4035-9ca0-973a72568e07,2026-05-16T07:00:00Z,2026-05-16T09:00:00+0200,11385.84756,MW,DE,DE_LU,forecast_onshore_wind_generation,Wind Onshore,2026-06-10T05:22:42Z
2026-06-10T05:21:31Z,2026-06-10T07:21:31+0200,3782c388-ddaf-4035-9ca0-973a72568e07,2026-05-16T07:15:00Z,2026-05-16T09:15:00+0200,11680.46553,MW,DE,DE_LU,forecast_onshore_wind_generation,Wind Onshore,2026-06-10T05:22:42Z
2026-06-10T05:21:31Z,2026-06-10T07:21:31+0200,3782c388-ddaf-4035-9ca0-973a72568e07,2026-05-16T07:30:00Z,2026-05-16T09:30:00+0200,11968.00542,MW,DE,DE_LU,forecast_onshore_wind_generation,Wind Onshore,2026-06-10T05:22:42Z
2026-06-10T05:21:31Z,2026-06-10T07:21:31+0200,3782c388-ddaf-4035-9ca0-973a72568e07,2026-05-16T07:45:00Z,2026-05-16T09:45:00+0200,12257.12871,MW,DE,DE_LU,forecast_onshore_wind_generation,Wind Onshore,2026-06-10T05:22:42Z
2026-06-10T05:21:31Z,2026-06-10T07:21:31+0200,3782c388-ddaf-4035-9ca0-973a72568e07,2026-05-16T08:00:00Z,2026-05-16T10:00:00+0200,12472.42697,MW,DE,DE_LU,forecast_onshore_wind_generation,Wind Onshore,2026-06-10T05:22:42Z
2026-06-10T05:21:31Z,2026-06-10T07:21:31+0200,3782c388-ddaf-4035-9ca0-973a72568e07,2026-05-16T08:15:00Z,2026-05-16T10:15:00+0200,12596.95699,MW,DE,DE_LU,forecast_onshore_wind_generation,Wind Onshore,2026-06-10T05:22:42Z
2026-06-10T05:21:31Z,2026-06-10T07:21:31+0200,3782c388-ddaf-4035-9ca0-973a72568e07,2026-05-16T08:30:00Z,2026-05-16T10:30:00+0200,12698.29806,MW,DE,DE_LU,forecast_onshore_wind_generation,Wind Onshore,2026-06-10T05:22:42Z
2026-06-10T05:21:31Z,2026-06-10T07:21:31+0200,3782c388-ddaf-4035-9ca0-973a72568e07,2026-05-16T08:45:00Z,2026-05-16T10:45:00+0200,12812.69098,MW,DE,DE_LU,forecast_onshore_wind_generation,Wind Onshore,2026-06-10T05:22:42Z
2026-06-10T05:21:31Z,2026-06-10T07:21:31+0200,3782c388-ddaf-4035-9ca0-973a72568e07,2026-05-16T09:00:00Z,2026-05-16T11:00:00+0200,12855.09325,MW,DE,DE_LU,forecast_onshore_wind_generation,Wind Onshore,2026-06-10T05:22:42Z
2026-06-10T05:21:31Z,2026-06-10T07:21:31+0200,3782c388-ddaf-4035-9ca0-973a72568e07,2026-05-16T09:15:00Z,2026-05-16T11:15:00+0200,12849.79358,MW,DE,DE_LU,forecast_onshore_wind_generation,Wind Onshore,2026-06-10T05:22:42Z
2026-06-10T05:21:31Z,2026-06-10T07:21:31+0200,3782c388-ddaf-4035-9ca0-973a72568e07,2026-05-16T09:30:00Z,2026-05-16T11:30:00+0200,12846.65481,MW,DE,DE_LU,forecast_onshore_wind_generation,Wind Onshore,2026-06-10T05:22:42Z
2026-06-10T05:21:31Z,2026-06-10T07:21:31+0200,3782c388-ddaf-4035-9ca0-973a72568e07,2026-05-16T09:45:00Z,2026-05-16T11:45:00+0200,12863.74488,MW,DE,DE_LU,forecast_onshore_wind_generation,Wind Onshore,2026-06-10T05:22:42Z
2026-06-10T05:21:31Z,2026-06-10T07:21:31+0200,3782c388-ddaf-4035-9ca0-973a72568e07,2026-05-16T10:00:00Z,2026-05-16T12:00:00+0200,12879.4061,MW,DE,DE_LU,forecast_onshore_wind_generation,Wind Onshore,2026-06-10T05:22:42Z
2026-06-10T05:21:31Z,2026-06-10T07:21:31+0200,3782c388-ddaf-4035-9ca0-973a72568e07,2026-05-16T10:15:00Z,2026-05-16T12:15:00+0200,12904.12574,MW,DE,DE_LU,forecast_onshore_wind_generation,Wind Onshore,2026-06-10T05:22:42Z
2026-06-10T05:21:31Z,2026-06-10T07:21:31+0200,3782c388-ddaf-4035-9ca0-973a72568e07,2026-05-16T10:30:00Z,2026-05-16T12:30:00+0200,12918.80585,MW,DE,DE_LU,forecast_onshore_wind_generation,Wind Onshore,2026-06-10T05:22:42Z
2026-06-10T05:21:31Z,2026-06-10T07:21:31+0200,3782c388-ddaf-4035-9ca0-973a72568e07,2026-05-16T10:45:00Z,2026-05-16T12:45:00+0200,12918.26148,MW,DE,DE_LU,forecast_onshore_wind_generation,Wind Onshore,2026-06-10T05:22:42Z
2026-06-10T05:21:31Z,2026-06-10T07:21:31+0200,3782c388-ddaf-4035-9ca0-973a72568e07,2026-05-16T11:00:00Z,2026-05-16T13:00:00+0200,12890.60741,MW,DE,DE_LU,forecast_onshore_wind_generation,Wind Onshore,2026-06-10T05:22:42Z
2026-06-10T05:21:31Z,2026-06-10T07:21:31+0200,3782c388-ddaf-4035-9ca0-973a72568e07,2026-05-16T11:15:00Z,2026-05-16T13:15:00+0200,12933.13362,MW,DE,DE_LU,forecast_onshore_wind_generation,Wind Onshore,2026-06-10T05:22:42Z
2026-06-10T05:21:31Z,2026-06-10T07:21:31+0200,3782c388-ddaf-4035-9ca0-973a72568e07,2026-05-16T11:30:00Z,2026-05-16T13:30:00+0200,12897.33014,MW,DE,DE_LU,forecast_onshore_wind_generation,Wind Onshore,2026-06-10T05:22:42Z
2026-06-10T05:21:31Z,2026-06-10T07:21:31+0200,3782c388-ddaf-4035-9ca0-973a72568e07,2026-05-16T11:45:00Z,2026-05-16T13:45:00+0200,12964.74272,MW,DE,DE_LU,forecast_onshore_wind_generation,Wind Onshore,2026-06-10T05:22:42Z
2026-06-10T05:21:31Z,2026-06-10T07:21:31+0200,3782c388-ddaf-4035-9ca0-973a72568e07,2026-05-16T12:00:00Z,2026-05-16T14:00:00+0200,13092.57007,MW,DE,DE_LU,forecast_onshore_wind_generation,Wind Onshore,2026-06-10T05:22:42Z
2026-06-10T05:21:31Z,2026-06-10T07:21:31+0200,3782c388-ddaf-4035-9ca0-973a72568e07,2026-05-16T12:15:00Z,2026-05-16T14:15:00+0200,13213.17136,MW,DE,DE_LU,forecast_onshore_wind_generation,Wind Onshore,2026-06-10T05:22:42Z
2026-06-10T05:21:31Z,2026-06-10T07:21:31+0200,3782c388-ddaf-4035-9ca0-973a72568e07,2026-05-16T12:30:00Z,2026-05-16T14:30:00+0200,13306.67559,MW,DE,DE_LU,forecast_onshore_wind_generation,Wind Onshore,2026-06-10T05:22:42Z
2026-06-10T05:21:31Z,2026-06-10T07:21:31+0200,3782c388-ddaf-4035-9ca0-973a72568e07,2026-05-16T12:45:00Z,2026-05-16T14:45:00+0200,13399.90508,MW,DE,DE_LU,forecast_onshore_wind_generation,Wind Onshore,2026-06-10T05:22:42Z
2026-06-10T05:21:31Z,2026-06-10T07:21:31+0200,3782c388-ddaf-4035-9ca0-973a72568e07,2026-05-16T13:00:00Z,2026-05-16T15:00:00+0200,13433.67729,MW,DE,DE_LU,forecast_onshore_wind_generation,Wind Onshore,2026-06-10T05:22:42Z
2026-06-10T05:21:31Z,2026-06-10T07:21:31+0200,3782c388-ddaf-4035-9ca0-973a72568e07,2026-05-16T13:15:00Z,2026-05-16T15:15:00+0200,13488.68407,MW,DE,DE_LU,forecast_onshore_wind_generation,Wind Onshore,2026-06-10T05:22:42Z
2026-06-10T05:21:31Z,2026-06-10T07:21:31+0200,3782c388-ddaf-4035-9ca0-973a72568e07,2026-05-16T13:30:00Z,2026-05-16T15:30:00+0200,13566.01554,MW,DE,DE_LU,forecast_onshore_wind_generation,Wind Onshore,2026-06-10T05:22:42Z
2026-06-10T05:21:31Z,2026-06-10T07:21:31+0200,3782c388-ddaf-4035-9ca0-973a72568e07,2026-05-16T13:45:00Z,2026-05-16T15:45:00+0200,13651.70137,MW,DE,DE_LU,forecast_onshore_wind_generation,Wind Onshore,2026-06-10T05:22:42Z
2026-06-10T05:21:31Z,2026-06-10T07:21:31+0200,3782c388-ddaf-4035-9ca0-973a72568e07,2026-05-16T14:00:00Z,2026-05-16T16:00:00+0200,13726.40071,MW,DE,DE_LU,forecast_onshore_wind_generation,Wind Onshore,2026-06-10T05:22:42Z
2026-06-10T05:21:31Z,2026-06-10T07:21:31+0200,3782c388-ddaf-4035-9ca0-973a72568e07,2026-05-16T14:15:00Z,2026-05-16T16:15:00+0200,13763.92416,MW,DE,DE_LU,forecast_onshore_wind_generation,Wind Onshore,2026-06-10T05:22:42Z
2026-06-10T05:21:31Z,2026-06-10T07:21:31+0200,3782c388-ddaf-4035-9ca0-973a72568e07,2026-05-16T14:30:00Z,2026-05-16T16:30:00+0200,13821.39398,MW,DE,DE_LU,forecast_onshore_wind_generation,Wind Onshore,2026-06-10T05:22:42Z
2026-06-10T05:21:31Z,2026-06-10T07:21:31+0200,3782c388-ddaf-4035-9ca0-973a72568e07,2026-05-16T14:45:00Z,2026-05-16T16:45:00+0200,13862.74915,MW,DE,DE_LU,forecast_onshore_wind_generation,Wind Onshore,2026-06-10T05:22:42Z
2026-06-10T05:21:31Z,2026-06-10T07:21:31+0200,3782c388-ddaf-4035-9ca0-973a72568e07,2026-05-16T15:00:00Z,2026-05-16T17:00:00+0200,13820.66135,MW,DE,DE_LU,forecast_onshore_wind_generation,Wind Onshore,2026-06-10T05:22:42Z
2026-06-10T05:21:31Z,2026-06-10T07:21:31+0200,3782c388-ddaf-4035-9ca0-973a72568e07,2026-05-16T15:15:00Z,2026-05-16T17:15:00+0200,13515.75119,MW,DE,DE_LU,forecast_onshore_wind_generation,Wind Onshore,2026-06-10T05:22:42Z
2026-06-10T05:21:31Z,2026-06-10T07:21:31+0200,3782c388-ddaf-4035-9ca0-973a72568e07,2026-05-16T15:30:00Z,2026-05-16T17:30:00+0200,13188.26767,MW,DE,DE_LU,forecast_onshore_wind_generation,Wind Onshore,2026-06-10T05:22:42Z
2026-06-10T05:21:31Z,2026-06-10T07:21:31+0200,3782c388-ddaf-4035-9ca0-973a72568e07,2026-05-16T15:45:00Z,2026-05-16T17:45:00+0200,12819.71577,MW,DE,DE_LU,forecast_onshore_wind_generation,Wind Onshore,2026-06-10T05:22:42Z
2026-06-10T05:21:31Z,2026-06-10T07:21:31+0200,3782c388-ddaf-4035-9ca0-973a72568e07,2026-05-16T16:00:00Z,2026-05-16T18:00:00+0200,12368.25961,MW,DE,DE_LU,forecast_onshore_wind_generation,Wind Onshore,2026-06-10T05:22:42Z
2026-06-10T05:21:31Z,2026-06-10T07:21:31+0200,3782c388-ddaf-4035-9ca0-973a72568e07,2026-05-16T16:15:00Z,2026-05-16T18:15:00+0200,11813.14851,MW,DE,DE_LU,forecast_onshore_wind_generation,Wind Onshore,2026-06-10T05:22:42Z
2026-06-10T05:21:31Z,2026-06-10T07:21:31+0200,3782c388-ddaf-4035-9ca0-973a72568e07,2026-05-16T16:30:00Z,2026-05-16T18:30:00+0200,11241.28892,MW,DE,DE_LU,forecast_onshore_wind_generation,Wind Onshore,2026-06-10T05:22:42Z
2026-06-10T05:21:31Z,2026-06-10T07:21:31+0200,3782c388-ddaf-4035-9ca0-973a72568e07,2026-05-16T16:45:00Z,2026-05-16T18:45:00+0200,10659.84611,MW,DE,DE_LU,forecast_onshore_wind_generation,Wind Onshore,2026-06-10T05:22:42Z
2026-06-10T05:21:31Z,2026-06-10T07:21:31+0200,3782c388-ddaf-4035-9ca0-973a72568e07,2026-05-16T17:00:00Z,2026-05-16T19:00:00+0200,10062.47353,MW,DE,DE_LU,forecast_onshore_wind_generation,Wind Onshore,2026-06-10T05:22:42Z
2026-06-10T05:21:31Z,2026-06-10T07:21:31+0200,3782c388-ddaf-4035-9ca0-973a72568e07,2026-05-16T17:15:00Z,2026-05-16T19:15:00+0200,9410.8171,MW,DE,DE_LU,forecast_onshore_wind_generation,Wind Onshore,2026-06-10T05:22:42Z
2026-06-10T05:21:31Z,2026-06-10T07:21:31+0200,3782c388-ddaf-4035-9ca0-973a72568e07,2026-05-16T17:30:00Z,2026-05-16T19:30:00+0200,8764.29115,MW,DE,DE_LU,forecast_onshore_wind_generation,Wind Onshore,2026-06-10T05:22:42Z
2026-06-10T05:21:31Z,2026-06-10T07:21:31+0200,3782c388-ddaf-4035-9ca0-973a72568e07,2026-05-16T17:45:00Z,2026-05-16T19:45:00+0200,8204.84544,MW,DE,DE_LU,forecast_onshore_wind_generation,Wind Onshore,2026-06-10T05:22:42Z
2026-06-10T05:21:31Z,2026-06-10T07:21:31+0200,3782c388-ddaf-4035-9ca0-973a72568e07,2026-05-16T18:00:00Z,2026-05-16T20:00:00+0200,7693.5248,MW,DE,DE_LU,forecast_onshore_wind_generation,Wind Onshore,2026-06-10T05:22:42Z
2026-06-10T05:21:31Z,2026-06-10T07:21:31+0200,3782c388-ddaf-4035-9ca0-973a72568e07,2026-05-16T18:15:00Z,2026-05-16T20:15:00+0200,7296.70391,MW,DE,DE_LU,forecast_onshore_wind_generation,Wind Onshore,2026-06-10T05:22:42Z
2026-06-10T05:21:31Z,2026-06-10T07:21:31+0200,3782c388-ddaf-4035-9ca0-973a72568e07,2026-05-16T18:30:00Z,2026-05-16T20:30:00+0200,7044.9355,MW,DE,DE_LU,forecast_onshore_wind_generation,Wind Onshore,2026-06-10T05:22:42Z
2026-06-10T05:21:31Z,2026-06-10T07:21:31+0200,3782c388-ddaf-4035-9ca0-973a72568e07,2026-05-16T18:45:00Z,2026-05-16T20:45:00+0200,6788.13502,MW,DE,DE_LU,forecast_onshore_wind_generation,Wind Onshore,2026-06-10T05:22:42Z
2026-06-10T05:21:31Z,2026-06-10T07:21:31+0200,3782c388-ddaf-4035-9ca0-973a72568e07,2026-05-16T19:00:00Z,2026-05-16T21:00:00+0200,6542.55982,MW,DE,DE_LU,forecast_onshore_wind_generation,Wind Onshore,2026-06-10T05:22:42Z
2026-06-10T05:21:31Z,2026-06-10T07:21:31+0200,3782c388-ddaf-4035-9ca0-973a72568e07,2026-05-16T19:15:00Z,2026-05-16T21:15:00+0200,6414.69164,MW,DE,DE_LU,forecast_onshore_wind_generation,Wind Onshore,2026-06-10T05:22:42Z
2026-06-10T05:21:31Z,2026-06-10T07:21:31+0200,3782c388-ddaf-4035-9ca0-973a72568e07,2026-05-16T19:30:00Z,2026-05-16T21:30:00+0200,6366.72189,MW,DE,DE_LU,forecast_onshore_wind_generation,Wind Onshore,2026-06-10T05:22:42Z
2026-06-10T05:21:31Z,2026-06-10T07:21:31+0200,3782c388-ddaf-4035-9ca0-973a72568e07,2026-05-16T19:45:00Z,2026-05-16T21:45:00+0200,6358.19095,MW,DE,DE_LU,forecast_onshore_wind_generation,Wind Onshore,2026-06-10T05:22:42Z
2026-06-10T05:21:31Z,2026-06-10T07:21:31+0200,3782c388-ddaf-4035-9ca0-973a72568e07,2026-05-16T20:00:00Z,2026-05-16T22:00:00+0200,6371.16315,MW,DE,DE_LU,forecast_onshore_wind_generation,Wind Onshore,2026-06-10T05:22:42Z
2026-06-10T05:21:31Z,2026-06-10T07:21:31+0200,3782c388-ddaf-4035-9ca0-973a72568e07,2026-05-16T20:15:00Z,2026-05-16T22:15:00+0200,6479.16214,MW,DE,DE_LU,forecast_onshore_wind_generation,Wind Onshore,2026-06-10T05:22:42Z
2026-06-10T05:21:31Z,2026-06-10T07:21:31+0200,3782c388-ddaf-4035-9ca0-973a72568e07,2026-05-16T20:30:00Z,2026-05-16T22:30:00+0200,6583.80696,MW,DE,DE_LU,forecast_onshore_wind_generation,Wind Onshore,2026-06-10T05:22:42Z
2026-06-10T05:21:31Z,2026-06-10T07:21:31+0200,3782c388-ddaf-4035-9ca0-973a72568e07,2026-05-16T20:45:00Z,2026-05-16T22:45:00+0200,6720.36385,MW,DE,DE_LU,forecast_onshore_wind_generation,Wind Onshore,2026-06-10T05:22:42Z
2026-06-10T05:21:31Z,2026-06-10T07:21:31+0200,3782c388-ddaf-4035-9ca0-973a72568e07,2026-05-16T21:00:00Z,2026-05-16T23:00:00+0200,6846.30564,MW,DE,DE_LU,forecast_onshore_wind_generation,Wind Onshore,2026-06-10T05:22:42Z
2026-06-10T05:21:31Z,2026-06-10T07:21:31+0200,3782c388-ddaf-4035-9ca0-973a72568e07,2026-05-16T21:15:00Z,2026-05-16T23:15:00+0200,6960.84068,MW,DE,DE_LU,forecast_onshore_wind_generation,Wind Onshore,2026-06-10T05:22:42Z
2026-06-10T05:21:31Z,2026-06-10T07:21:31+0200,3782c388-ddaf-4035-9ca0-973a72568e07,2026-05-16T21:30:00Z,2026-05-16T23:30:00+0200,7077.41516,MW,DE,DE_LU,forecast_onshore_wind_generation,Wind Onshore,2026-06-10T05:22:42Z
2026-06-10T05:21:31Z,2026-06-10T07:21:31+0200,3782c388-ddaf-4035-9ca0-973a72568e07,2026-05-16T21:45:00Z,2026-05-16T23:45:00+0200,7196.88738,MW,DE,DE_LU,forecast_onshore_wind_generation,Wind Onshore,2026-06-10T05:22:42Z
2026-06-10T05:21:31Z,2026-06-10T07:21:31+0200,3782c388-ddaf-4035-9ca0-973a72568e07,2026-05-16T22:00:00Z,2026-05-17T00:00:00+0200,6889.80549,MW,DE,DE_LU,forecast_onshore_wind_generation,Wind Onshore,2026-06-10T05:22:42Z
2026-06-10T05:21:31Z,2026-06-10T07:21:31+0200,3782c388-ddaf-4035-9ca0-973a72568e07,2026-05-16T22:15:00Z,2026-05-17T00:15:00+0200,6988.9641,MW,DE,DE_LU,forecast_onshore_wind_generation,Wind Onshore,2026-06-10T05:22:42Z
2026-06-10T05:21:31Z,2026-06-10T07:21:31+0200,3782c388-ddaf-4035-9ca0-973a72568e07,2026-05-16T22:30:00Z,2026-05-17T00:30:00+0200,7098.57206,MW,DE,DE_LU,forecast_onshore_wind_generation,Wind Onshore,2026-06-10T05:22:42Z
2026-06-10T05:21:31Z,2026-06-10T07:21:31+0200,3782c388-ddaf-4035-9ca0-973a72568e07,2026-05-16T22:45:00Z,2026-05-17T00:45:00+0200,7200.83871,MW,DE,DE_LU,forecast_onshore_wind_generation,Wind Onshore,2026-06-10T05:22:42Z
2026-06-10T05:21:31Z,2026-06-10T07:21:31+0200,3782c388-ddaf-4035-9ca0-973a72568e07,2026-05-16T23:00:00Z,2026-05-17T01:00:00+0200,7300.0096,MW,DE,DE_LU,forecast_onshore_wind_generation,Wind Onshore,2026-06-10T05:22:42Z
2026-06-10T05:21:31Z,2026-06-10T07:21:31+0200,3782c388-ddaf-4035-9ca0-973a72568e07,2026-05-16T23:15:00Z,2026-05-17T01:15:00+0200,7384.04202,MW,DE,DE_LU,forecast_onshore_wind_generation,Wind Onshore,2026-06-10T05:22:42Z
2026-06-10T05:21:31Z,2026-06-10T07:21:31+0200,3782c388-ddaf-4035-9ca0-973a72568e07,2026-05-16T23:30:00Z,2026-05-17T01:30:00+0200,7451.03896,MW,DE,DE_LU,forecast_onshore_wind_generation,Wind Onshore,2026-06-10T05:22:42Z
2026-06-10T05:21:31Z,2026-06-10T07:21:31+0200,3782c388-ddaf-4035-9ca0-973a72568e07,2026-05-16T23:45:00Z,2026-05-17T01:45:00+0200,7521.02807,MW,DE,DE_LU,forecast_onshore_wind_generation,Wind Onshore,2026-06-10T05:22:42Z
2026-06-10T05:21:31Z,2026-06-10T07:21:31+0200,3782c388-ddaf-4035-9ca0-973a72568e07,2026-05-17T00:00:00Z,2026-05-17T02:00:00+0200,7586.36177,MW,DE,DE_LU,forecast_onshore_wind_generation,Wind Onshore,2026-06-10T05:22:42Z
2026-06-10T05:21:31Z,2026-06-10T07:21:31+0200,3782c388-ddaf-4035-9ca0-973a72568e07,2026-05-17T00:15:00Z,2026-05-17T02:15:00+0200,7613.55369,MW,DE,DE_LU,forecast_onshore_wind_generation,Wind Onshore,2026-06-10T05:22:42Z
2026-06-10T05:21:31Z,2026-06-10T07:21:31+0200,3782c388-ddaf-4035-9ca0-973a72568e07,2026-05-17T00:30:00Z,2026-05-17T02:30:00+0200,7624.32635,MW,DE,DE_LU,forecast_onshore_wind_generation,Wind Onshore,2026-06-10T05:22:42Z
2026-06-10T05:21:31Z,2026-06-10T07:21:31+0200,3782c388-ddaf-4035-9ca0-973a72568e07,2026-05-17T00:45:00Z,2026-05-17T02:45:00+0200,7629.27242,MW,DE,DE_LU,forecast_onshore_wind_generation,Wind Onshore,2026-06-10T05:22:42Z
2026-06-10T05:21:31Z,2026-06-10T07:21:31+0200,3782c388-ddaf-4035-9ca0-973a72568e07,2026-05-17T01:00:00Z,2026-05-17T03:00:00+0200,7643.85231,MW,DE,DE_LU,forecast_onshore_wind_generation,Wind Onshore,2026-06-10T05:22:42Z
2026-06-10T05:21:31Z,2026-06-10T07:21:31+0200,3782c388-ddaf-4035-9ca0-973a72568e07,2026-05-17T01:15:00Z,2026-05-17T03:15:00+0200,7666.29693,MW,DE,DE_LU,forecast_onshore_wind_generation,Wind Onshore,2026-06-10T05:22:42Z
2026-06-10T05:21:31Z,2026-06-10T07:21:31+0200,3782c388-ddaf-4035-9ca0-973a72568e07,2026-05-17T01:30:00Z,2026-05-17T03:30:00+0200,7687.83771,MW,DE,DE_LU,forecast_onshore_wind_generation,Wind Onshore,2026-06-10T05:22:42Z
2026-06-10T05:21:31Z,2026-06-10T07:21:31+0200,3782c388-ddaf-4035-9ca0-973a72568e07,2026-05-17T01:45:00Z,2026-05-17T03:45:00+0200,7711.49303,MW,DE,DE_LU,forecast_onshore_wind_generation,Wind Onshore,2026-06-10T05:22:42Z
2026-06-10T05:21:31Z,2026-06-10T07:21:31+0200,3782c388-ddaf-4035-9ca0-973a72568e07,2026-05-17T02:00:00Z,2026-05-17T04:00:00+0200,7729.92912,MW,DE,DE_LU,forecast_onshore_wind_generation,Wind Onshore,2026-06-10T05:22:42Z
2026-06-10T05:21:31Z,2026-06-10T07:21:31+0200,3782c388-ddaf-4035-9ca0-973a72568e07,2026-05-17T02:15:00Z,2026-05-17T04:15:00+0200,7738.17855,MW,DE,DE_LU,forecast_onshore_wind_generation,Wind Onshore,2026-06-10T05:22:42Z
2026-06-10T05:21:31Z,2026-06-10T07:21:31+0200,3782c388-ddaf-4035-9ca0-973a72568e07,2026-05-17T02:30:00Z,2026-05-17T04:30:00+0200,7745.53863,MW,DE,DE_LU,forecast_onshore_wind_generation,Wind Onshore,2026-06-10T05:22:42Z
2026-06-10T05:21:31Z,2026-06-10T07:21:31+0200,3782c388-ddaf-4035-9ca0-973a72568e07,2026-05-17T02:45:00Z,2026-05-17T04:45:00+0200,7753.04613,MW,DE,DE_LU,forecast_onshore_wind_generation,Wind Onshore,2026-06-10T05:22:42Z
2026-06-10T05:21:31Z,2026-06-10T07:21:31+0200,3782c388-ddaf-4035-9ca0-973a72568e07,2026-05-17T03:00:00Z,2026-05-17T05:00:00+0200,7762.03509,MW,DE,DE_LU,forecast_onshore_wind_generation,Wind Onshore,2026-06-10T05:22:42Z
2026-06-10T05:21:31Z,2026-06-10T07:21:31+0200,3782c388-ddaf-4035-9ca0-973a72568e07,2026-05-17T03:15:00Z,2026-05-17T05:15:00+0200,7787.85152,MW,DE,DE_LU,forecast_onshore_wind_generation,Wind Onshore,2026-06-10T05:22:42Z
2026-06-10T05:21:31Z,2026-06-10T07:21:31+0200,3782c388-ddaf-4035-9ca0-973a72568e07,2026-05-17T03:30:00Z,2026-05-17T05:30:00+0200,7809.79418,MW,DE,DE_LU,forecast_onshore_wind_generation,Wind Onshore,2026-06-10T05:22:42Z
2026-06-10T05:21:31Z,2026-06-10T07:21:31+0200,3782c388-ddaf-4035-9ca0-973a72568e07,2026-05-17T03:45:00Z,2026-05-17T05:45:00+0200,7836.85821,MW,DE,DE_LU,forecast_onshore_wind_generation,Wind Onshore,2026-06-10T05:22:42Z
2026-06-10T05:21:31Z,2026-06-10T07:21:31+0200,3782c388-ddaf-4035-9ca0-973a72568e07,2026-05-17T04:00:00Z,2026-05-17T06:00:00+0200,7916.00088,MW,DE,DE_LU,forecast_onshore_wind_generation,Wind Onshore,2026-06-10T05:22:42Z
2026-06-10T05:21:31Z,2026-06-10T07:21:31+0200,3782c388-ddaf-4035-9ca0-973a72568e07,2026-05-17T04:15:00Z,2026-05-17T06:15:00+0200,7858.26982,MW,DE,DE_LU,forecast_onshore_wind_generation,Wind Onshore,2026-06-10T05:22:42Z
2026-06-10T05:21:31Z,2026-06-10T07:21:31+0200,3782c388-ddaf-4035-9ca0-973a72568e07,2026-05-17T04:30:00Z,2026-05-17T06:30:00+0200,7810.10082,MW,DE,DE_LU,forecast_onshore_wind_generation,Wind Onshore,2026-06-10T05:22:42Z
2026-06-10T05:21:31Z,2026-06-10T07:21:31+0200,3782c388-ddaf-4035-9ca0-973a72568e07,2026-05-17T04:45:00Z,2026-05-17T06:45:00+0200,7693.46616,MW,DE,DE_LU,forecast_onshore_wind_generation,Wind Onshore,2026-06-10T05:22:42Z
2026-06-10T05:21:31Z,2026-06-10T07:21:31+0200,3782c388-ddaf-4035-9ca0-973a72568e07,2026-05-17T05:00:00Z,2026-05-17T07:00:00+0200,7526.38199,MW,DE,DE_LU,forecast_onshore_wind_generation,Wind Onshore,2026-06-10T05:22:42Z
2026-06-10T05:21:31Z,2026-06-10T07:21:31+0200,3782c388-ddaf-4035-9ca0-973a72568e07,2026-05-17T05:15:00Z,2026-05-17T07:15:00+0200,7296.23188,MW,DE,DE_LU,forecast_onshore_wind_generation,Wind Onshore,2026-06-10T05:22:42Z
2026-06-10T05:21:31Z,2026-06-10T07:21:31+0200,3782c388-ddaf-4035-9ca0-973a72568e07,2026-05-17T05:30:00Z,2026-05-17T07:30:00+0200,6672.24542,MW,DE,DE_LU,forecast_onshore_wind_generation,Wind Onshore,2026-06-10T05:22:42Z
2026-06-10T05:21:31Z,2026-06-10T07:21:31+0200,3782c388-ddaf-4035-9ca0-973a72568e07,2026-05-17T05:45:00Z,2026-05-17T07:45:00+0200,6075.64983,MW,DE,DE_LU,forecast_onshore_wind_generation,Wind Onshore,2026-06-10T05:22:42Z
2026-06-10T05:21:31Z,2026-06-10T07:21:31+0200,3782c388-ddaf-4035-9ca0-973a72568e07,2026-05-17T06:00:00Z,2026-05-17T08:00:00+0200,5499.4853,MW,DE,DE_LU,forecast_onshore_wind_generation,Wind Onshore,2026-06-10T05:22:42Z
2026-06-10T05:21:31Z,2026-06-10T07:21:31+0200,3782c388-ddaf-4035-9ca0-973a72568e07,2026-05-17T06:15:00Z,2026-05-17T08:15:00+0200,5019.74378,MW,DE,DE_LU,forecast_onshore_wind_generation,Wind Onshore,2026-06-10T05:22:42Z
2026-06-10T05:21:31Z,2026-06-10T07:21:31+0200,3782c388-ddaf-4035-9ca0-973a72568e07,2026-05-17T06:30:00Z,2026-05-17T08:30:00+0200,4609.85439,MW,DE,DE_LU,forecast_onshore_wind_generation,Wind Onshore,2026-06-10T05:22:42Z
2026-06-10T05:21:31Z,2026-06-10T07:21:31+0200,3782c388-ddaf-4035-9ca0-973a72568e07,2026-05-17T06:45:00Z,2026-05-17T08:45:00+0200,4327.27858,MW,DE,DE_LU,forecast_onshore_wind_generation,Wind Onshore,2026-06-10T05:22:42Z
2026-06-10T05:21:31Z,2026-06-10T07:21:31+0200,3782c388-ddaf-4035-9ca0-973a72568e07,2026-05-17T07:00:00Z,2026-05-17T09:00:00+0200,4353.53541,MW,DE,DE_LU,forecast_onshore_wind_generation,Wind Onshore,2026-06-10T05:22:42Z
2026-06-10T05:21:31Z,2026-06-10T07:21:31+0200,3782c388-ddaf-4035-9ca0-973a72568e07,2026-05-17T07:15:00Z,2026-05-17T09:15:00+0200,4365.38748,MW,DE,DE_LU,forecast_onshore_wind_generation,Wind Onshore,2026-06-10T05:22:42Z
2026-06-10T05:21:31Z,2026-06-10T07:21:31+0200,3782c388-ddaf-4035-9ca0-973a72568e07,2026-05-17T07:30:00Z,2026-05-17T09:30:00+0200,4412.8763,MW,DE,DE_LU,forecast_onshore_wind_generation,Wind Onshore,2026-06-10T05:22:42Z
2026-06-10T05:21:31Z,2026-06-10T07:21:31+0200,3782c388-ddaf-4035-9ca0-973a72568e07,2026-05-17T07:45:00Z,2026-05-17T09:45:00+0200,4590.13561,MW,DE,DE_LU,forecast_onshore_wind_generation,Wind Onshore,2026-06-10T05:22:42Z
2026-06-10T05:21:31Z,2026-06-10T07:21:31+0200,3782c388-ddaf-4035-9ca0-973a72568e07,2026-05-17T08:00:00Z,2026-05-17T10:00:00+0200,4800.58481,MW,DE,DE_LU,forecast_onshore_wind_generation,Wind Onshore,2026-06-10T05:22:42Z
2026-06-10T05:21:31Z,2026-06-10T07:21:31+0200,3782c388-ddaf-4035-9ca0-973a72568e07,2026-05-17T08:15:00Z,2026-05-17T10:15:00+0200,5069.27178,MW,DE,DE_LU,forecast_onshore_wind_generation,Wind Onshore,2026-06-10T05:22:42Z
2026-06-10T05:21:31Z,2026-06-10T07:21:31+0200,3782c388-ddaf-4035-9ca0-973a72568e07,2026-05-17T08:30:00Z,2026-05-17T10:30:00+0200,5315.4271,MW,DE,DE_LU,forecast_onshore_wind_generation,Wind Onshore,2026-06-10T05:22:42Z
2026-06-10T05:21:31Z,2026-06-10T07:21:31+0200,3782c388-ddaf-4035-9ca0-973a72568e07,2026-05-17T08:45:00Z,2026-05-17T10:45:00+0200,5601.14798,MW,DE,DE_LU,forecast_onshore_wind_generation,Wind Onshore,2026-06-10T05:22:42Z
2026-06-10T05:21:31Z,2026-06-10T07:21:31+0200,3782c388-ddaf-4035-9ca0-973a72568e07,2026-05-17T09:00:00Z,2026-05-17T11:00:00+0200,5873.90536,MW,DE,DE_LU,forecast_onshore_wind_generation,Wind Onshore,2026-06-10T05:22:42Z
2026-06-10T05:21:31Z,2026-06-10T07:21:31+0200,3782c388-ddaf-4035-9ca0-973a72568e07,2026-05-17T09:15:00Z,2026-05-17T11:15:00+0200,6164.74463,MW,DE,DE_LU,forecast_onshore_wind_generation,Wind Onshore,2026-06-10T05:22:42Z
2026-06-10T05:21:31Z,2026-06-10T07:21:31+0200,3782c388-ddaf-4035-9ca0-973a72568e07,2026-05-17T09:30:00Z,2026-05-17T11:30:00+0200,6376.58782,MW,DE,DE_LU,forecast_onshore_wind_generation,Wind Onshore,2026-06-10T05:22:42Z
2026-06-10T05:21:31Z,2026-06-10T07:21:31+0200,3782c388-ddaf-4035-9ca0-973a72568e07,2026-05-17T09:45:00Z,2026-05-17T11:45:00+0200,6591.79446,MW,DE,DE_LU,forecast_onshore_wind_generation,Wind Onshore,2026-06-10T05:22:42Z
2026-06-10T05:21:31Z,2026-06-10T07:21:31+0200,3782c388-ddaf-4035-9ca0-973a72568e07,2026-05-17T10:00:00Z,2026-05-17T12:00:00+0200,6788.68659,MW,DE,DE_LU,forecast_onshore_wind_generation,Wind Onshore,2026-06-10T05:22:42Z
2026-06-10T05:21:31Z,2026-06-10T07:21:31+0200,3782c388-ddaf-4035-9ca0-973a72568e07,2026-05-17T10:15:00Z,2026-05-17T12:15:00+0200,6881.82707,MW,DE,DE_LU,forecast_onshore_wind_generation,Wind Onshore,2026-06-10T05:22:42Z
2026-06-10T05:21:31Z,2026-06-10T07:21:31+0200,3782c388-ddaf-4035-9ca0-973a72568e07,2026-05-17T10:30:00Z,2026-05-17T12:30:00+0200,6990.20979,MW,DE,DE_LU,forecast_onshore_wind_generation,Wind Onshore,2026-06-10T05:22:42Z
2026-06-10T05:21:31Z,2026-06-10T07:21:31+0200,3782c388-ddaf-4035-9ca0-973a72568e07,2026-05-17T10:45:00Z,2026-05-17T12:45:00+0200,7082.10719,MW,DE,DE_LU,forecast_onshore_wind_generation,Wind Onshore,2026-06-10T05:22:42Z
2026-06-10T05:21:31Z,2026-06-10T07:21:31+0200,3782c388-ddaf-4035-9ca0-973a72568e07,2026-05-17T11:00:00Z,2026-05-17T13:00:00+0200,7146.67443,MW,DE,DE_LU,forecast_onshore_wind_generation,Wind Onshore,2026-06-10T05:22:42Z
2026-06-10T05:21:31Z,2026-06-10T07:21:31+0200,3782c388-ddaf-4035-9ca0-973a72568e07,2026-05-17T11:15:00Z,2026-05-17T13:15:00+0200,7217.36138,MW,DE,DE_LU,forecast_onshore_wind_generation,Wind Onshore,2026-06-10T05:22:42Z
2026-06-10T05:21:31Z,2026-06-10T07:21:31+0200,3782c388-ddaf-4035-9ca0-973a72568e07,2026-05-17T11:30:00Z,2026-05-17T13:30:00+0200,7241.75888,MW,DE,DE_LU,forecast_onshore_wind_generation,Wind Onshore,2026-06-10T05:22:42Z
2026-06-10T05:21:31Z,2026-06-10T07:21:31+0200,3782c388-ddaf-4035-9ca0-973a72568e07,2026-05-17T11:45:00Z,2026-05-17T13:45:00+0200,7252.23857,MW,DE,DE_LU,forecast_onshore_wind_generation,Wind Onshore,2026-06-10T05:22:42Z
2026-06-10T05:21:31Z,2026-06-10T07:21:31+0200,3782c388-ddaf-4035-9ca0-973a72568e07,2026-05-17T12:00:00Z,2026-05-17T14:00:00+0200,7261.68973,MW,DE,DE_LU,forecast_onshore_wind_generation,Wind Onshore,2026-06-10T05:22:42Z
2026-06-10T05:21:31Z,2026-06-10T07:21:31+0200,3782c388-ddaf-4035-9ca0-973a72568e07,2026-05-17T12:15:00Z,2026-05-17T14:15:00+0200,7212.79995,MW,DE,DE_LU,forecast_onshore_wind_generation,Wind Onshore,2026-06-10T05:22:42Z
2026-06-10T05:21:31Z,2026-06-10T07:21:31+0200,3782c388-ddaf-4035-9ca0-973a72568e07,2026-05-17T12:30:00Z,2026-05-17T14:30:00+0200,7123.10106,MW,DE,DE_LU,forecast_onshore_wind_generation,Wind Onshore,2026-06-10T05:22:42Z
2026-06-10T05:21:31Z,2026-06-10T07:21:31+0200,3782c388-ddaf-4035-9ca0-973a72568e07,2026-05-17T12:45:00Z,2026-05-17T14:45:00+0200,7011.11132,MW,DE,DE_LU,forecast_onshore_wind_generation,Wind Onshore,2026-06-10T05:22:42Z
2026-06-10T05:21:31Z,2026-06-10T07:21:31+0200,3782c388-ddaf-4035-9ca0-973a72568e07,2026-05-17T13:00:00Z,2026-05-17T15:00:00+0200,6857.39266,MW,DE,DE_LU,forecast_onshore_wind_generation,Wind Onshore,2026-06-10T05:22:42Z
2026-06-10T05:21:31Z,2026-06-10T07:21:31+0200,3782c388-ddaf-4035-9ca0-973a72568e07,2026-05-17T13:15:00Z,2026-05-17T15:15:00+0200,6747.56417,MW,DE,DE_LU,forecast_onshore_wind_generation,Wind Onshore,2026-06-10T05:22:42Z
2026-06-10T05:21:31Z,2026-06-10T07:21:31+0200,3782c388-ddaf-4035-9ca0-973a72568e07,2026-05-17T13:30:00Z,2026-05-17T15:30:00+0200,6640.40972,MW,DE,DE_LU,forecast_onshore_wind_generation,Wind Onshore,2026-06-10T05:22:42Z
2026-06-10T05:21:31Z,2026-06-10T07:21:31+0200,3782c388-ddaf-4035-9ca0-973a72568e07,2026-05-17T13:45:00Z,2026-05-17T15:45:00+0200,6482.08169,MW,DE,DE_LU,forecast_onshore_wind_generation,Wind Onshore,2026-06-10T05:22:42Z
2026-06-10T05:21:31Z,2026-06-10T07:21:31+0200,3782c388-ddaf-4035-9ca0-973a72568e07,2026-05-17T14:00:00Z,2026-05-17T16:00:00+0200,6330.38167,MW,DE,DE_LU,forecast_onshore_wind_generation,Wind Onshore,2026-06-10T05:22:42Z
2026-06-10T05:21:31Z,2026-06-10T07:21:31+0200,3782c388-ddaf-4035-9ca0-973a72568e07,2026-05-17T14:15:00Z,2026-05-17T16:15:00+0200,6107.1339,MW,DE,DE_LU,forecast_onshore_wind_generation,Wind Onshore,2026-06-10T05:22:42Z
2026-06-10T05:21:31Z,2026-06-10T07:21:31+0200,3782c388-ddaf-4035-9ca0-973a72568e07,2026-05-17T14:30:00Z,2026-05-17T16:30:00+0200,5926.32461,MW,DE,DE_LU,forecast_onshore_wind_generation,Wind Onshore,2026-06-10T05:22:42Z
2026-06-10T05:21:31Z,2026-06-10T07:21:31+0200,3782c388-ddaf-4035-9ca0-973a72568e07,2026-05-17T14:45:00Z,2026-05-17T16:45:00+0200,5728.32671,MW,DE,DE_LU,forecast_onshore_wind_generation,Wind Onshore,2026-06-10T05:22:42Z
2026-06-10T05:21:31Z,2026-06-10T07:21:31+0200,3782c388-ddaf-4035-9ca0-973a72568e07,2026-05-17T15:00:00Z,2026-05-17T17:00:00+0200,5522.36335,MW,DE,DE_LU,forecast_onshore_wind_generation,Wind Onshore,2026-06-10T05:22:42Z
2026-06-10T05:21:31Z,2026-06-10T07:21:31+0200,3782c388-ddaf-4035-9ca0-973a72568e07,2026-05-17T15:15:00Z,2026-05-17T17:15:00+0200,5302.61302,MW,DE,DE_LU,forecast_onshore_wind_generation,Wind Onshore,2026-06-10T05:22:42Z
2026-06-10T05:21:31Z,2026-06-10T07:21:31+0200,3782c388-ddaf-4035-9ca0-973a72568e07,2026-05-17T15:30:00Z,2026-05-17T17:30:00+0200,5076.09646,MW,DE,DE_LU,forecast_onshore_wind_generation,Wind Onshore,2026-06-10T05:22:42Z
2026-06-10T05:21:31Z,2026-06-10T07:21:31+0200,3782c388-ddaf-4035-9ca0-973a72568e07,2026-05-17T15:45:00Z,2026-05-17T17:45:00+0200,4842.53387,MW,DE,DE_LU,forecast_onshore_wind_generation,Wind Onshore,2026-06-10T05:22:42Z
2026-06-10T05:21:31Z,2026-06-10T07:21:31+0200,3782c388-ddaf-4035-9ca0-973a72568e07,2026-05-17T16:00:00Z,2026-05-17T18:00:00+0200,4616.05793,MW,DE,DE_LU,forecast_onshore_wind_generation,Wind Onshore,2026-06-10T05:22:42Z
2026-06-10T05:21:31Z,2026-06-10T07:21:31+0200,3782c388-ddaf-4035-9ca0-973a72568e07,2026-05-17T16:15:00Z,2026-05-17T18:15:00+0200,4451.61762,MW,DE,DE_LU,forecast_onshore_wind_generation,Wind Onshore,2026-06-10T05:22:42Z
2026-06-10T05:21:31Z,2026-06-10T07:21:31+0200,3782c388-ddaf-4035-9ca0-973a72568e07,2026-05-17T16:30:00Z,2026-05-17T18:30:00+0200,4285.51802,MW,DE,DE_LU,forecast_onshore_wind_generation,Wind Onshore,2026-06-10T05:22:42Z
2026-06-10T05:21:31Z,2026-06-10T07:21:31+0200,3782c388-ddaf-4035-9ca0-973a72568e07,2026-05-17T16:45:00Z,2026-05-17T18:45:00+0200,4123.43272,MW,DE,DE_LU,forecast_onshore_wind_generation,Wind Onshore,2026-06-10T05:22:42Z
2026-06-10T05:21:31Z,2026-06-10T07:21:31+0200,3782c388-ddaf-4035-9ca0-973a72568e07,2026-05-17T17:00:00Z,2026-05-17T19:00:00+0200,3964.64742,MW,DE,DE_LU,forecast_onshore_wind_generation,Wind Onshore,2026-06-10T05:22:42Z
2026-06-10T05:21:31Z,2026-06-10T07:21:31+0200,3782c388-ddaf-4035-9ca0-973a72568e07,2026-05-17T17:15:00Z,2026-05-17T19:15:00+0200,3896.29415,MW,DE,DE_LU,forecast_onshore_wind_generation,Wind Onshore,2026-06-10T05:22:42Z
2026-06-10T05:21:31Z,2026-06-10T07:21:31+0200,3782c388-ddaf-4035-9ca0-973a72568e07,2026-05-17T17:30:00Z,2026-05-17T19:30:00+0200,3831.2509,MW,DE,DE_LU,forecast_onshore_wind_generation,Wind Onshore,2026-06-10T05:22:42Z
2026-06-10T05:21:31Z,2026-06-10T07:21:31+0200,3782c388-ddaf-4035-9ca0-973a72568e07,2026-05-17T17:45:00Z,2026-05-17T19:45:00+0200,3801.06857,MW,DE,DE_LU,forecast_onshore_wind_generation,Wind Onshore,2026-06-10T05:22:42Z
2026-06-10T05:21:31Z,2026-06-10T07:21:31+0200,3782c388-ddaf-4035-9ca0-973a72568e07,2026-05-17T18:00:00Z,2026-05-17T20:00:00+0200,3789.50694,MW,DE,DE_LU,forecast_onshore_wind_generation,Wind Onshore,2026-06-10T05:22:42Z
2026-06-10T05:21:31Z,2026-06-10T07:21:31+0200,3782c388-ddaf-4035-9ca0-973a72568e07,2026-05-17T18:15:00Z,2026-05-17T20:15:00+0200,3828.41898,MW,DE,DE_LU,forecast_onshore_wind_generation,Wind Onshore,2026-06-10T05:22:42Z
2026-06-10T05:21:31Z,2026-06-10T07:21:31+0200,3782c388-ddaf-4035-9ca0-973a72568e07,2026-05-17T18:30:00Z,2026-05-17T20:30:00+0200,3931.07196,MW,DE,DE_LU,forecast_onshore_wind_generation,Wind Onshore,2026-06-10T05:22:42Z
2026-06-10T05:21:31Z,2026-06-10T07:21:31+0200,3782c388-ddaf-4035-9ca0-973a72568e07,2026-05-17T18:45:00Z,2026-05-17T20:45:00+0200,4008.00332,MW,DE,DE_LU,forecast_onshore_wind_generation,Wind Onshore,2026-06-10T05:22:42Z
2026-06-10T05:21:31Z,2026-06-10T07:21:31+0200,3782c388-ddaf-4035-9ca0-973a72568e07,2026-05-17T19:00:00Z,2026-05-17T21:00:00+0200,4051.27362,MW,DE,DE_LU,forecast_onshore_wind_generation,Wind Onshore,2026-06-10T05:22:42Z
2026-06-10T05:21:31Z,2026-06-10T07:21:31+0200,3782c388-ddaf-4035-9ca0-973a72568e07,2026-05-17T19:15:00Z,2026-05-17T21:15:00+0200,4136.52153,MW,DE,DE_LU,forecast_onshore_wind_generation,Wind Onshore,2026-06-10T05:22:42Z
2026-06-10T05:21:31Z,2026-06-10T07:21:31+0200,3782c388-ddaf-4035-9ca0-973a72568e07,2026-05-17T19:30:00Z,2026-05-17T21:30:00+0200,4283.70826,MW,DE,DE_LU,forecast_onshore_wind_generation,Wind Onshore,2026-06-10T05:22:42Z
2026-06-10T05:21:31Z,2026-06-10T07:21:31+0200,3782c388-ddaf-4035-9ca0-973a72568e07,2026-05-17T19:45:00Z,2026-05-17T21:45:00+0200,4462.88762,MW,DE,DE_LU,forecast_onshore_wind_generation,Wind Onshore,2026-06-10T05:22:42Z
2026-06-10T05:21:31Z,2026-06-10T07:21:31+0200,3782c388-ddaf-4035-9ca0-973a72568e07,2026-05-17T20:00:00Z,2026-05-17T22:00:00+0200,4623.95161,MW,DE,DE_LU,forecast_onshore_wind_generation,Wind Onshore,2026-06-10T05:22:42Z
2026-06-10T05:21:31Z,2026-06-10T07:21:31+0200,3782c388-ddaf-4035-9ca0-973a72568e07,2026-05-17T20:15:00Z,2026-05-17T22:15:00+0200,4796.34035,MW,DE,DE_LU,forecast_onshore_wind_generation,Wind Onshore,2026-06-10T05:22:42Z
2026-06-10T05:21:31Z,2026-06-10T07:21:31+0200,3782c388-ddaf-4035-9ca0-973a72568e07,2026-05-17T20:30:00Z,2026-05-17T22:30:00+0200,4972.11476,MW,DE,DE_LU,forecast_onshore_wind_generation,Wind Onshore,2026-06-10T05:22:42Z
2026-06-10T05:21:31Z,2026-06-10T07:21:31+0200,3782c388-ddaf-4035-9ca0-973a72568e07,2026-05-17T20:45:00Z,2026-05-17T22:45:00+0200,5149.12736,MW,DE,DE_LU,forecast_onshore_wind_generation,Wind Onshore,2026-06-10T05:22:42Z
2026-06-10T05:21:31Z,2026-06-10T07:21:31+0200,3782c388-ddaf-4035-9ca0-973a72568e07,2026-05-17T21:00:00Z,2026-05-17T23:00:00+0200,5320.41747,MW,DE,DE_LU,forecast_onshore_wind_generation,Wind Onshore,2026-06-10T05:22:42Z
2026-06-10T05:21:31Z,2026-06-10T07:21:31+0200,3782c388-ddaf-4035-9ca0-973a72568e07,2026-05-17T21:15:00Z,2026-05-17T23:15:00+0200,5406.56077,MW,DE,DE_LU,forecast_onshore_wind_generation,Wind Onshore,2026-06-10T05:22:42Z
2026-06-10T05:21:31Z,2026-06-10T07:21:31+0200,3782c388-ddaf-4035-9ca0-973a72568e07,2026-05-17T21:30:00Z,2026-05-17T23:30:00+0200,5496.49027,MW,DE,DE_LU,forecast_onshore_wind_generation,Wind Onshore,2026-06-10T05:22:42Z
2026-06-10T05:21:31Z,2026-06-10T07:21:31+0200,3782c388-ddaf-4035-9ca0-973a72568e07,2026-05-17T21:45:00Z,2026-05-17T23:45:00+0200,5593.66151,MW,DE,DE_LU,forecast_onshore_wind_generation,Wind Onshore,2026-06-10T05:22:42Z
2026-06-10T05:21:31Z,2026-06-10T07:21:31+0200,3782c388-ddaf-4035-9ca0-973a72568e07,2026-05-17T22:00:00Z,2026-05-18T00:00:00+0200,6948.46646,MW,DE,DE_LU,forecast_onshore_wind_generation,Wind Onshore,2026-06-10T05:22:42Z
2026-06-10T05:21:31Z,2026-06-10T07:21:31+0200,3782c388-ddaf-4035-9ca0-973a72568e07,2026-05-17T22:15:00Z,2026-05-18T00:15:00+0200,7049.94833,MW,DE,DE_LU,forecast_onshore_wind_generation,Wind Onshore,2026-06-10T05:22:42Z
2026-06-10T05:21:31Z,2026-06-10T07:21:31+0200,3782c388-ddaf-4035-9ca0-973a72568e07,2026-05-17T22:30:00Z,2026-05-18T00:30:00+0200,7157.12688,MW,DE,DE_LU,forecast_onshore_wind_generation,Wind Onshore,2026-06-10T05:22:42Z
2026-06-10T05:21:31Z,2026-06-10T07:21:31+0200,3782c388-ddaf-4035-9ca0-973a72568e07,2026-05-17T22:45:00Z,2026-05-18T00:45:00+0200,7252.58336,MW,DE,DE_LU,forecast_onshore_wind_generation,Wind Onshore,2026-06-10T05:22:42Z
2026-06-10T05:21:31Z,2026-06-10T07:21:31+0200,3782c388-ddaf-4035-9ca0-973a72568e07,2026-05-17T23:00:00Z,2026-05-18T01:00:00+0200,7347.7657,MW,DE,DE_LU,forecast_onshore_wind_generation,Wind Onshore,2026-06-10T05:22:42Z
2026-06-10T05:21:31Z,2026-06-10T07:21:31+0200,3782c388-ddaf-4035-9ca0-973a72568e07,2026-05-17T23:15:00Z,2026-05-18T01:15:00+0200,7432.83955,MW,DE,DE_LU,forecast_onshore_wind_generation,Wind Onshore,2026-06-10T05:22:42Z
2026-06-10T05:21:31Z,2026-06-10T07:21:31+0200,3782c388-ddaf-4035-9ca0-973a72568e07,2026-05-17T23:30:00Z,2026-05-18T01:30:00+0200,7497.98157,MW,DE,DE_LU,forecast_onshore_wind_generation,Wind Onshore,2026-06-10T05:22:42Z
2026-06-10T05:21:31Z,2026-06-10T07:21:31+0200,3782c388-ddaf-4035-9ca0-973a72568e07,2026-05-17T23:45:00Z,2026-05-18T01:45:00+0200,7567.66326,MW,DE,DE_LU,forecast_onshore_wind_generation,Wind Onshore,2026-06-10T05:22:42Z
2026-06-10T05:21:31Z,2026-06-10T07:21:31+0200,3782c388-ddaf-4035-9ca0-973a72568e07,2026-05-18T00:00:00Z,2026-05-18T02:00:00+0200,7636.33313,MW,DE,DE_LU,forecast_onshore_wind_generation,Wind Onshore,2026-06-10T05:22:42Z
2026-06-10T05:21:31Z,2026-06-10T07:21:31+0200,3782c388-ddaf-4035-9ca0-973a72568e07,2026-05-18T00:15:00Z,2026-05-18T02:15:00+0200,7680.31821,MW,DE,DE_LU,forecast_onshore_wind_generation,Wind Onshore,2026-06-10T05:22:42Z
2026-06-10T05:21:31Z,2026-06-10T07:21:31+0200,3782c388-ddaf-4035-9ca0-973a72568e07,2026-05-18T00:30:00Z,2026-05-18T02:30:00+0200,7707.3033,MW,DE,DE_LU,forecast_onshore_wind_generation,Wind Onshore,2026-06-10T05:22:42Z
2026-06-10T05:21:31Z,2026-06-10T07:21:31+0200,3782c388-ddaf-4035-9ca0-973a72568e07,2026-05-18T00:45:00Z,2026-05-18T02:45:00+0200,7727.11896,MW,DE,DE_LU,forecast_onshore_wind_generation,Wind Onshore,2026-06-10T05:22:42Z
2026-06-10T05:21:31Z,2026-06-10T07:21:31+0200,3782c388-ddaf-4035-9ca0-973a72568e07,2026-05-18T01:00:00Z,2026-05-18T03:00:00+0200,7732.98189,MW,DE,DE_LU,forecast_onshore_wind_generation,Wind Onshore,2026-06-10T05:22:42Z
2026-06-10T05:21:31Z,2026-06-10T07:21:31+0200,3782c388-ddaf-4035-9ca0-973a72568e07,2026-05-18T01:15:00Z,2026-05-18T03:15:00+0200,7731.44405,MW,DE,DE_LU,forecast_onshore_wind_generation,Wind Onshore,2026-06-10T05:22:42Z
2026-06-10T05:21:31Z,2026-06-10T07:21:31+0200,3782c388-ddaf-4035-9ca0-973a72568e07,2026-05-18T01:30:00Z,2026-05-18T03:30:00+0200,7726.90521,MW,DE,DE_LU,forecast_onshore_wind_generation,Wind Onshore,2026-06-10T05:22:42Z
2026-06-10T05:21:31Z,2026-06-10T07:21:31+0200,3782c388-ddaf-4035-9ca0-973a72568e07,2026-05-18T01:45:00Z,2026-05-18T03:45:00+0200,7717.34219,MW,DE,DE_LU,forecast_onshore_wind_generation,Wind Onshore,2026-06-10T05:22:42Z
2026-06-10T05:21:31Z,2026-06-10T07:21:31+0200,3782c388-ddaf-4035-9ca0-973a72568e07,2026-05-18T02:00:00Z,2026-05-18T04:00:00+0200,7702.17949,MW,DE,DE_LU,forecast_onshore_wind_generation,Wind Onshore,2026-06-10T05:22:42Z
2026-06-10T05:21:31Z,2026-06-10T07:21:31+0200,3782c388-ddaf-4035-9ca0-973a72568e07,2026-05-18T02:15:00Z,2026-05-18T04:15:00+0200,7686.71804,MW,DE,DE_LU,forecast_onshore_wind_generation,Wind Onshore,2026-06-10T05:22:42Z
2026-06-10T05:21:31Z,2026-06-10T07:21:31+0200,3782c388-ddaf-4035-9ca0-973a72568e07,2026-05-18T02:30:00Z,2026-05-18T04:30:00+0200,7669.57128,MW,DE,DE_LU,forecast_onshore_wind_generation,Wind Onshore,2026-06-10T05:22:42Z
2026-06-10T05:21:31Z,2026-06-10T07:21:31+0200,3782c388-ddaf-4035-9ca0-973a72568e07,2026-05-18T02:45:00Z,2026-05-18T04:45:00+0200,7649.74694,MW,DE,DE_LU,forecast_onshore_wind_generation,Wind Onshore,2026-06-10T05:22:42Z
2026-06-10T05:21:31Z,2026-06-10T07:21:31+0200,3782c388-ddaf-4035-9ca0-973a72568e07,2026-05-18T03:00:00Z,2026-05-18T05:00:00+0200,7627.87722,MW,DE,DE_LU,forecast_onshore_wind_generation,Wind Onshore,2026-06-10T05:22:42Z
2026-06-10T05:21:31Z,2026-06-10T07:21:31+0200,3782c388-ddaf-4035-9ca0-973a72568e07,2026-05-18T03:15:00Z,2026-05-18T05:15:00+0200,7586.36623,MW,DE,DE_LU,forecast_onshore_wind_generation,Wind Onshore,2026-06-10T05:22:42Z
2026-06-10T05:21:31Z,2026-06-10T07:21:31+0200,3782c388-ddaf-4035-9ca0-973a72568e07,2026-05-18T03:30:00Z,2026-05-18T05:30:00+0200,7544.60204,MW,DE,DE_LU,forecast_onshore_wind_generation,Wind Onshore,2026-06-10T05:22:42Z
2026-06-10T05:21:31Z,2026-06-10T07:21:31+0200,3782c388-ddaf-4035-9ca0-973a72568e07,2026-05-18T03:45:00Z,2026-05-18T05:45:00+0200,7503.48722,MW,DE,DE_LU,forecast_onshore_wind_generation,Wind Onshore,2026-06-10T05:22:42Z
2026-06-10T05:21:31Z,2026-06-10T07:21:31+0200,3782c388-ddaf-4035-9ca0-973a72568e07,2026-05-18T04:00:00Z,2026-05-18T06:00:00+0200,7529.37152,MW,DE,DE_LU,forecast_onshore_wind_generation,Wind Onshore,2026-06-10T05:22:42Z
2026-06-10T05:21:31Z,2026-06-10T07:21:31+0200,3782c388-ddaf-4035-9ca0-973a72568e07,2026-05-18T04:15:00Z,2026-05-18T06:15:00+0200,7423.05708,MW,DE,DE_LU,forecast_onshore_wind_generation,Wind Onshore,2026-06-10T05:22:42Z
2026-06-10T05:21:31Z,2026-06-10T07:21:31+0200,3782c388-ddaf-4035-9ca0-973a72568e07,2026-05-18T04:30:00Z,2026-05-18T06:30:00+0200,7315.51323,MW,DE,DE_LU,forecast_onshore_wind_generation,Wind Onshore,2026-06-10T05:22:42Z
2026-06-10T05:21:31Z,2026-06-10T07:21:31+0200,3782c388-ddaf-4035-9ca0-973a72568e07,2026-05-18T04:45:00Z,2026-05-18T06:45:00+0200,7175.06258,MW,DE,DE_LU,forecast_onshore_wind_generation,Wind Onshore,2026-06-10T05:22:42Z
2026-06-10T05:21:31Z,2026-06-10T07:21:31+0200,3782c388-ddaf-4035-9ca0-973a72568e07,2026-05-18T05:00:00Z,2026-05-18T07:00:00+0200,7009.69703,MW,DE,DE_LU,forecast_onshore_wind_generation,Wind Onshore,2026-06-10T05:22:42Z
2026-06-10T05:21:31Z,2026-06-10T07:21:31+0200,3782c388-ddaf-4035-9ca0-973a72568e07,2026-05-18T05:15:00Z,2026-05-18T07:15:00+0200,6764.31307,MW,DE,DE_LU,forecast_onshore_wind_generation,Wind Onshore,2026-06-10T05:22:42Z
2026-06-10T05:21:31Z,2026-06-10T07:21:31+0200,3782c388-ddaf-4035-9ca0-973a72568e07,2026-05-18T05:30:00Z,2026-05-18T07:30:00+0200,6419.21103,MW,DE,DE_LU,forecast_onshore_wind_generation,Wind Onshore,2026-06-10T05:22:42Z
2026-06-10T05:21:31Z,2026-06-10T07:21:31+0200,3782c388-ddaf-4035-9ca0-973a72568e07,2026-05-18T05:45:00Z,2026-05-18T07:45:00+0200,6062.95784,MW,DE,DE_LU,forecast_onshore_wind_generation,Wind Onshore,2026-06-10T05:22:42Z
2026-06-10T05:21:31Z,2026-06-10T07:21:31+0200,3782c388-ddaf-4035-9ca0-973a72568e07,2026-05-18T06:00:00Z,2026-05-18T08:00:00+0200,5658.01903,MW,DE,DE_LU,forecast_onshore_wind_generation,Wind Onshore,2026-06-10T05:22:42Z
2026-06-10T05:21:31Z,2026-06-10T07:21:31+0200,3782c388-ddaf-4035-9ca0-973a72568e07,2026-05-18T06:15:00Z,2026-05-18T08:15:00+0200,5168.10786,MW,DE,DE_LU,forecast_onshore_wind_generation,Wind Onshore,2026-06-10T05:22:42Z
2026-06-10T05:21:31Z,2026-06-10T07:21:31+0200,3782c388-ddaf-4035-9ca0-973a72568e07,2026-05-18T06:30:00Z,2026-05-18T08:30:00+0200,4713.7878,MW,DE,DE_LU,forecast_onshore_wind_generation,Wind Onshore,2026-06-10T05:22:42Z
2026-06-10T05:21:31Z,2026-06-10T07:21:31+0200,3782c388-ddaf-4035-9ca0-973a72568e07,2026-05-18T06:45:00Z,2026-05-18T08:45:00+0200,4317.47108,MW,DE,DE_LU,forecast_onshore_wind_generation,Wind Onshore,2026-06-10T05:22:42Z
2026-06-10T05:21:31Z,2026-06-10T07:21:31+0200,3782c388-ddaf-4035-9ca0-973a72568e07,2026-05-18T07:00:00Z,2026-05-18T09:00:00+0200,4195.4478,MW,DE,DE_LU,forecast_onshore_wind_generation,Wind Onshore,2026-06-10T05:22:42Z
2026-06-10T05:21:31Z,2026-06-10T07:21:31+0200,3782c388-ddaf-4035-9ca0-973a72568e07,2026-05-18T07:15:00Z,2026-05-18T09:15:00+0200,4081.58037,MW,DE,DE_LU,forecast_onshore_wind_generation,Wind Onshore,2026-06-10T05:22:42Z
2026-06-10T05:21:31Z,2026-06-10T07:21:31+0200,3782c388-ddaf-4035-9ca0-973a72568e07,2026-05-18T07:30:00Z,2026-05-18T09:30:00+0200,3967.38696,MW,DE,DE_LU,forecast_onshore_wind_generation,Wind Onshore,2026-06-10T05:22:42Z
2026-06-10T05:21:31Z,2026-06-10T07:21:31+0200,3782c388-ddaf-4035-9ca0-973a72568e07,2026-05-18T07:45:00Z,2026-05-18T09:45:00+0200,3953.55949,MW,DE,DE_LU,forecast_onshore_wind_generation,Wind Onshore,2026-06-10T05:22:42Z
2026-06-10T05:21:31Z,2026-06-10T07:21:31+0200,3782c388-ddaf-4035-9ca0-973a72568e07,2026-05-18T08:00:00Z,2026-05-18T10:00:00+0200,4008.89151,MW,DE,DE_LU,forecast_onshore_wind_generation,Wind Onshore,2026-06-10T05:22:42Z
2026-06-10T05:21:31Z,2026-06-10T07:21:31+0200,3782c388-ddaf-4035-9ca0-973a72568e07,2026-05-18T08:15:00Z,2026-05-18T10:15:00+0200,4246.2208,MW,DE,DE_LU,forecast_onshore_wind_generation,Wind Onshore,2026-06-10T05:22:42Z
2026-06-10T05:21:31Z,2026-06-10T07:21:31+0200,3782c388-ddaf-4035-9ca0-973a72568e07,2026-05-18T08:30:00Z,2026-05-18T10:30:00+0200,4467.80944,MW,DE,DE_LU,forecast_onshore_wind_generation,Wind Onshore,2026-06-10T05:22:42Z
2026-06-10T05:21:31Z,2026-06-10T07:21:31+0200,3782c388-ddaf-4035-9ca0-973a72568e07,2026-05-18T08:45:00Z,2026-05-18T10:45:00+0200,4673.42413,MW,DE,DE_LU,forecast_onshore_wind_generation,Wind Onshore,2026-06-10T05:22:42Z
2026-06-10T05:21:31Z,2026-06-10T07:21:31+0200,3782c388-ddaf-4035-9ca0-973a72568e07,2026-05-18T09:00:00Z,2026-05-18T11:00:00+0200,4858.48626,MW,DE,DE_LU,forecast_onshore_wind_generation,Wind Onshore,2026-06-10T05:22:42Z
2026-06-10T05:21:31Z,2026-06-10T07:21:31+0200,3782c388-ddaf-4035-9ca0-973a72568e07,2026-05-18T09:15:00Z,2026-05-18T11:15:00+0200,5051.54548,MW,DE,DE_LU,forecast_onshore_wind_generation,Wind Onshore,2026-06-10T05:22:42Z
2026-06-10T05:21:31Z,2026-06-10T07:21:31+0200,3782c388-ddaf-4035-9ca0-973a72568e07,2026-05-18T09:30:00Z,2026-05-18T11:30:00+0200,5250.59503,MW,DE,DE_LU,forecast_onshore_wind_generation,Wind Onshore,2026-06-10T05:22:42Z
2026-06-10T05:21:31Z,2026-06-10T07:21:31+0200,3782c388-ddaf-4035-9ca0-973a72568e07,2026-05-18T09:45:00Z,2026-05-18T11:45:00+0200,5453.45373,MW,DE,DE_LU,forecast_onshore_wind_generation,Wind Onshore,2026-06-10T05:22:42Z
2026-06-10T05:21:31Z,2026-06-10T07:21:31+0200,3782c388-ddaf-4035-9ca0-973a72568e07,2026-05-18T10:00:00Z,2026-05-18T12:00:00+0200,5638.54033,MW,DE,DE_LU,forecast_onshore_wind_generation,Wind Onshore,2026-06-10T05:22:42Z
2026-06-10T05:21:31Z,2026-06-10T07:21:31+0200,3782c388-ddaf-4035-9ca0-973a72568e07,2026-05-18T10:15:00Z,2026-05-18T12:15:00+0200,5682.96097,MW,DE,DE_LU,forecast_onshore_wind_generation,Wind Onshore,2026-06-10T05:22:42Z
2026-06-10T05:21:31Z,2026-06-10T07:21:31+0200,3782c388-ddaf-4035-9ca0-973a72568e07,2026-05-18T10:30:00Z,2026-05-18T12:30:00+0200,5724.99929,MW,DE,DE_LU,forecast_onshore_wind_generation,Wind Onshore,2026-06-10T05:22:42Z
2026-06-10T05:21:31Z,2026-06-10T07:21:31+0200,3782c388-ddaf-4035-9ca0-973a72568e07,2026-05-18T10:45:00Z,2026-05-18T12:45:00+0200,5741.03532,MW,DE,DE_LU,forecast_onshore_wind_generation,Wind Onshore,2026-06-10T05:22:42Z
2026-06-10T05:21:31Z,2026-06-10T07:21:31+0200,3782c388-ddaf-4035-9ca0-973a72568e07,2026-05-18T11:00:00Z,2026-05-18T13:00:00+0200,5753.56976,MW,DE,DE_LU,forecast_onshore_wind_generation,Wind Onshore,2026-06-10T05:22:42Z
2026-06-10T05:21:31Z,2026-06-10T07:21:31+0200,3782c388-ddaf-4035-9ca0-973a72568e07,2026-05-18T11:15:00Z,2026-05-18T13:15:00+0200,5721.22651,MW,DE,DE_LU,forecast_onshore_wind_generation,Wind Onshore,2026-06-10T05:22:42Z
2026-06-10T05:21:31Z,2026-06-10T07:21:31+0200,3782c388-ddaf-4035-9ca0-973a72568e07,2026-05-18T11:30:00Z,2026-05-18T13:30:00+0200,5634.27423,MW,DE,DE_LU,forecast_onshore_wind_generation,Wind Onshore,2026-06-10T05:22:42Z
2026-06-10T05:21:31Z,2026-06-10T07:21:31+0200,3782c388-ddaf-4035-9ca0-973a72568e07,2026-05-18T11:45:00Z,2026-05-18T13:45:00+0200,5563.55014,MW,DE,DE_LU,forecast_onshore_wind_generation,Wind Onshore,2026-06-10T05:22:42Z
2026-06-10T05:21:31Z,2026-06-10T07:21:31+0200,3782c388-ddaf-4035-9ca0-973a72568e07,2026-05-18T12:00:00Z,2026-05-18T14:00:00+0200,5521.72191,MW,DE,DE_LU,forecast_onshore_wind_generation,Wind Onshore,2026-06-10T05:22:42Z
2026-06-10T05:21:31Z,2026-06-10T07:21:31+0200,3782c388-ddaf-4035-9ca0-973a72568e07,2026-05-18T12:15:00Z,2026-05-18T14:15:00+0200,5432.47075,MW,DE,DE_LU,forecast_onshore_wind_generation,Wind Onshore,2026-06-10T05:22:42Z
2026-06-10T05:21:31Z,2026-06-10T07:21:31+0200,3782c388-ddaf-4035-9ca0-973a72568e07,2026-05-18T12:30:00Z,2026-05-18T14:30:00+0200,5299.97151,MW,DE,DE_LU,forecast_onshore_wind_generation,Wind Onshore,2026-06-10T05:22:42Z
2026-06-10T05:21:31Z,2026-06-10T07:21:31+0200,3782c388-ddaf-4035-9ca0-973a72568e07,2026-05-18T12:45:00Z,2026-05-18T14:45:00+0200,5139.80841,MW,DE,DE_LU,forecast_onshore_wind_generation,Wind Onshore,2026-06-10T05:22:42Z
2026-06-10T05:21:31Z,2026-06-10T07:21:31+0200,3782c388-ddaf-4035-9ca0-973a72568e07,2026-05-18T13:00:00Z,2026-05-18T15:00:00+0200,4998.29668,MW,DE,DE_LU,forecast_onshore_wind_generation,Wind Onshore,2026-06-10T05:22:42Z
2026-06-10T05:21:31Z,2026-06-10T07:21:31+0200,3782c388-ddaf-4035-9ca0-973a72568e07,2026-05-18T13:15:00Z,2026-05-18T15:15:00+0200,4864.52609,MW,DE,DE_LU,forecast_onshore_wind_generation,Wind Onshore,2026-06-10T05:22:42Z
2026-06-10T05:21:31Z,2026-06-10T07:21:31+0200,3782c388-ddaf-4035-9ca0-973a72568e07,2026-05-18T13:30:00Z,2026-05-18T15:30:00+0200,4725.92165,MW,DE,DE_LU,forecast_onshore_wind_generation,Wind Onshore,2026-06-10T05:22:42Z
2026-06-10T05:21:31Z,2026-06-10T07:21:31+0200,3782c388-ddaf-4035-9ca0-973a72568e07,2026-05-18T13:45:00Z,2026-05-18T15:45:00+0200,4607.82656,MW,DE,DE_LU,forecast_onshore_wind_generation,Wind Onshore,2026-06-10T05:22:42Z
2026-06-10T05:21:31Z,2026-06-10T07:21:31+0200,3782c388-ddaf-4035-9ca0-973a72568e07,2026-05-18T14:00:00Z,2026-05-18T16:00:00+0200,4508.4202,MW,DE,DE_LU,forecast_onshore_wind_generation,Wind Onshore,2026-06-10T05:22:42Z
2026-06-10T05:21:31Z,2026-06-10T07:21:31+0200,3782c388-ddaf-4035-9ca0-973a72568e07,2026-05-18T14:15:00Z,2026-05-18T16:15:00+0200,4416.92285,MW,DE,DE_LU,forecast_onshore_wind_generation,Wind Onshore,2026-06-10T05:22:42Z
2026-06-10T05:21:31Z,2026-06-10T07:21:31+0200,3782c388-ddaf-4035-9ca0-973a72568e07,2026-05-18T14:30:00Z,2026-05-18T16:30:00+0200,4326.1595,MW,DE,DE_LU,forecast_onshore_wind_generation,Wind Onshore,2026-06-10T05:22:42Z
2026-06-10T05:21:31Z,2026-06-10T07:21:31+0200,3782c388-ddaf-4035-9ca0-973a72568e07,2026-05-18T14:45:00Z,2026-05-18T16:45:00+0200,4239.42446,MW,DE,DE_LU,forecast_onshore_wind_generation,Wind Onshore,2026-06-10T05:22:42Z
2026-06-10T05:21:31Z,2026-06-10T07:21:31+0200,3782c388-ddaf-4035-9ca0-973a72568e07,2026-05-18T15:00:00Z,2026-05-18T17:00:00+0200,4166.181,MW,DE,DE_LU,forecast_onshore_wind_generation,Wind Onshore,2026-06-10T05:22:42Z
2026-06-10T05:21:31Z,2026-06-10T07:21:31+0200,3782c388-ddaf-4035-9ca0-973a72568e07,2026-05-18T15:15:00Z,2026-05-18T17:15:00+0200,4066.66364,MW,DE,DE_LU,forecast_onshore_wind_generation,Wind Onshore,2026-06-10T05:22:42Z
2026-06-10T05:21:31Z,2026-06-10T07:21:31+0200,3782c388-ddaf-4035-9ca0-973a72568e07,2026-05-18T15:30:00Z,2026-05-18T17:30:00+0200,3970.79481,MW,DE,DE_LU,forecast_onshore_wind_generation,Wind Onshore,2026-06-10T05:22:42Z
2026-06-10T05:21:31Z,2026-06-10T07:21:31+0200,3782c388-ddaf-4035-9ca0-973a72568e07,2026-05-18T15:45:00Z,2026-05-18T17:45:00+0200,3877.76703,MW,DE,DE_LU,forecast_onshore_wind_generation,Wind Onshore,2026-06-10T05:22:42Z
2026-06-10T05:21:31Z,2026-06-10T07:21:31+0200,3782c388-ddaf-4035-9ca0-973a72568e07,2026-05-18T16:00:00Z,2026-05-18T18:00:00+0200,3774.61246,MW,DE,DE_LU,forecast_onshore_wind_generation,Wind Onshore,2026-06-10T05:22:42Z
2026-06-10T05:21:31Z,2026-06-10T07:21:31+0200,3782c388-ddaf-4035-9ca0-973a72568e07,2026-05-18T16:15:00Z,2026-05-18T18:15:00+0200,3693.17202,MW,DE,DE_LU,forecast_onshore_wind_generation,Wind Onshore,2026-06-10T05:22:42Z
2026-06-10T05:21:31Z,2026-06-10T07:21:31+0200,3782c388-ddaf-4035-9ca0-973a72568e07,2026-05-18T16:30:00Z,2026-05-18T18:30:00+0200,3620.13563,MW,DE,DE_LU,forecast_onshore_wind_generation,Wind Onshore,2026-06-10T05:22:42Z
2026-06-10T05:21:31Z,2026-06-10T07:21:31+0200,3782c388-ddaf-4035-9ca0-973a72568e07,2026-05-18T16:45:00Z,2026-05-18T18:45:00+0200,3550.08976,MW,DE,DE_LU,forecast_onshore_wind_generation,Wind Onshore,2026-06-10T05:22:42Z
2026-06-10T05:21:31Z,2026-06-10T07:21:31+0200,3782c388-ddaf-4035-9ca0-973a72568e07,2026-05-18T17:00:00Z,2026-05-18T19:00:00+0200,3487.64415,MW,DE,DE_LU,forecast_onshore_wind_generation,Wind Onshore,2026-06-10T05:22:42Z
2026-06-10T05:21:31Z,2026-06-10T07:21:31+0200,3782c388-ddaf-4035-9ca0-973a72568e07,2026-05-18T17:15:00Z,2026-05-18T19:15:00+0200,3493.53413,MW,DE,DE_LU,forecast_onshore_wind_generation,Wind Onshore,2026-06-10T05:22:42Z
2026-06-10T05:21:31Z,2026-06-10T07:21:31+0200,3782c388-ddaf-4035-9ca0-973a72568e07,2026-05-18T17:30:00Z,2026-05-18T19:30:00+0200,3523.42634,MW,DE,DE_LU,forecast_onshore_wind_generation,Wind Onshore,2026-06-10T05:22:42Z
2026-06-10T05:21:31Z,2026-06-10T07:21:31+0200,3782c388-ddaf-4035-9ca0-973a72568e07,2026-05-18T17:45:00Z,2026-05-18T19:45:00+0200,3600.02129,MW,DE,DE_LU,forecast_onshore_wind_generation,Wind Onshore,2026-06-10T05:22:42Z
2026-06-10T05:21:31Z,2026-06-10T07:21:31+0200,3782c388-ddaf-4035-9ca0-973a72568e07,2026-05-18T18:00:00Z,2026-05-18T20:00:00+0200,3667.71634,MW,DE,DE_LU,forecast_onshore_wind_generation,Wind Onshore,2026-06-10T05:22:42Z
2026-06-10T05:21:31Z,2026-06-10T07:21:31+0200,3782c388-ddaf-4035-9ca0-973a72568e07,2026-05-18T18:15:00Z,2026-05-18T20:15:00+0200,3748.21007,MW,DE,DE_LU,forecast_onshore_wind_generation,Wind Onshore,2026-06-10T05:22:42Z
2026-06-10T05:21:31Z,2026-06-10T07:21:31+0200,3782c388-ddaf-4035-9ca0-973a72568e07,2026-05-18T18:30:00Z,2026-05-18T20:30:00+0200,3865.03936,MW,DE,DE_LU,forecast_onshore_wind_generation,Wind Onshore,2026-06-10T05:22:42Z
2026-06-10T05:21:31Z,2026-06-10T07:21:31+0200,3782c388-ddaf-4035-9ca0-973a72568e07,2026-05-18T18:45:00Z,2026-05-18T20:45:00+0200,3976.3448,MW,DE,DE_LU,forecast_onshore_wind_generation,Wind Onshore,2026-06-10T05:22:42Z
2026-06-10T05:21:31Z,2026-06-10T07:21:31+0200,3782c388-ddaf-4035-9ca0-973a72568e07,2026-05-18T19:00:00Z,2026-05-18T21:00:00+0200,4075.29888,MW,DE,DE_LU,forecast_onshore_wind_generation,Wind Onshore,2026-06-10T05:22:42Z
2026-06-10T05:21:31Z,2026-06-10T07:21:31+0200,3782c388-ddaf-4035-9ca0-973a72568e07,2026-05-18T19:15:00Z,2026-05-18T21:15:00+0200,4182.83478,MW,DE,DE_LU,forecast_onshore_wind_generation,Wind Onshore,2026-06-10T05:22:42Z
2026-06-10T05:21:31Z,2026-06-10T07:21:31+0200,3782c388-ddaf-4035-9ca0-973a72568e07,2026-05-18T19:30:00Z,2026-05-18T21:30:00+0200,4300.85171,MW,DE,DE_LU,forecast_onshore_wind_generation,Wind Onshore,2026-06-10T05:22:42Z
2026-06-10T05:21:31Z,2026-06-10T07:21:31+0200,3782c388-ddaf-4035-9ca0-973a72568e07,2026-05-18T19:45:00Z,2026-05-18T21:45:00+0200,4427.93684,MW,DE,DE_LU,forecast_onshore_wind_generation,Wind Onshore,2026-06-10T05:22:42Z
2026-06-10T05:21:31Z,2026-06-10T07:21:31+0200,3782c388-ddaf-4035-9ca0-973a72568e07,2026-05-18T20:00:00Z,2026-05-18T22:00:00+0200,4458.69488,MW,DE,DE_LU,forecast_onshore_wind_generation,Wind Onshore,2026-06-10T05:22:42Z
2026-06-10T05:21:31Z,2026-06-10T07:21:31+0200,3782c388-ddaf-4035-9ca0-973a72568e07,2026-05-18T20:15:00Z,2026-05-18T22:15:00+0200,4501.00474,MW,DE,DE_LU,forecast_onshore_wind_generation,Wind Onshore,2026-06-10T05:22:42Z
2026-06-10T05:21:31Z,2026-06-10T07:21:31+0200,3782c388-ddaf-4035-9ca0-973a72568e07,2026-05-18T20:30:00Z,2026-05-18T22:30:00+0200,4541.60701,MW,DE,DE_LU,forecast_onshore_wind_generation,Wind Onshore,2026-06-10T05:22:42Z
2026-06-10T05:21:31Z,2026-06-10T07:21:31+0200,3782c388-ddaf-4035-9ca0-973a72568e07,2026-05-18T20:45:00Z,2026-05-18T22:45:00+0200,4562.99714,MW,DE,DE_LU,forecast_onshore_wind_generation,Wind Onshore,2026-06-10T05:22:42Z
2026-06-10T05:21:31Z,2026-06-10T07:21:31+0200,3782c388-ddaf-4035-9ca0-973a72568e07,2026-05-18T21:00:00Z,2026-05-18T23:00:00+0200,4572.54837,MW,DE,DE_LU,forecast_onshore_wind_generation,Wind Onshore,2026-06-10T05:22:42Z
2026-06-10T05:21:31Z,2026-06-10T07:21:31+0200,3782c388-ddaf-4035-9ca0-973a72568e07,2026-05-18T21:15:00Z,2026-05-18T23:15:00+0200,4518.29942,MW,DE,DE_LU,forecast_onshore_wind_generation,Wind Onshore,2026-06-10T05:22:42Z
2026-06-10T05:21:31Z,2026-06-10T07:21:31+0200,3782c388-ddaf-4035-9ca0-973a72568e07,2026-05-18T21:30:00Z,2026-05-18T23:30:00+0200,4468.05762,MW,DE,DE_LU,forecast_onshore_wind_generation,Wind Onshore,2026-06-10T05:22:42Z
2026-06-10T05:21:31Z,2026-06-10T07:21:31+0200,3782c388-ddaf-4035-9ca0-973a72568e07,2026-05-18T21:45:00Z,2026-05-18T23:45:00+0200,4418.85185,MW,DE,DE_LU,forecast_onshore_wind_generation,Wind Onshore,2026-06-10T05:22:42Z
2026-06-10T05:21:31Z,2026-06-10T07:21:31+0200,3782c388-ddaf-4035-9ca0-973a72568e07,2026-05-18T22:00:00Z,2026-05-19T00:00:00+0200,4009.14061,MW,DE,DE_LU,forecast_onshore_wind_generation,Wind Onshore,2026-06-10T05:22:42Z
2026-06-10T05:21:31Z,2026-06-10T07:21:31+0200,3782c388-ddaf-4035-9ca0-973a72568e07,2026-05-18T22:15:00Z,2026-05-19T00:15:00+0200,3842.78427,MW,DE,DE_LU,forecast_onshore_wind_generation,Wind Onshore,2026-06-10T05:22:42Z
2026-06-10T05:21:31Z,2026-06-10T07:21:31+0200,3782c388-ddaf-4035-9ca0-973a72568e07,2026-05-18T22:30:00Z,2026-05-19T00:30:00+0200,3680.33257,MW,DE,DE_LU,forecast_onshore_wind_generation,Wind Onshore,2026-06-10T05:22:42Z
2026-06-10T05:21:31Z,2026-06-10T07:21:31+0200,3782c388-ddaf-4035-9ca0-973a72568e07,2026-05-18T22:45:00Z,2026-05-19T00:45:00+0200,3526.92147,MW,DE,DE_LU,forecast_onshore_wind_generation,Wind Onshore,2026-06-10T05:22:42Z
2026-06-10T05:21:31Z,2026-06-10T07:21:31+0200,3782c388-ddaf-4035-9ca0-973a72568e07,2026-05-18T23:00:00Z,2026-05-19T01:00:00+0200,3388.47732,MW,DE,DE_LU,forecast_onshore_wind_generation,Wind Onshore,2026-06-10T05:22:42Z
2026-06-10T05:21:31Z,2026-06-10T07:21:31+0200,3782c388-ddaf-4035-9ca0-973a72568e07,2026-05-18T23:15:00Z,2026-05-19T01:15:00+0200,3277.18582,MW,DE,DE_LU,forecast_onshore_wind_generation,Wind Onshore,2026-06-10T05:22:42Z
2026-06-10T05:21:31Z,2026-06-10T07:21:31+0200,3782c388-ddaf-4035-9ca0-973a72568e07,2026-05-18T23:30:00Z,2026-05-19T01:30:00+0200,3179.31638,MW,DE,DE_LU,forecast_onshore_wind_generation,Wind Onshore,2026-06-10T05:22:42Z
2026-06-10T05:21:31Z,2026-06-10T07:21:31+0200,3782c388-ddaf-4035-9ca0-973a72568e07,2026-05-18T23:45:00Z,2026-05-19T01:45:00+0200,3095.47101,MW,DE,DE_LU,forecast_onshore_wind_generation,Wind Onshore,2026-06-10T05:22:42Z
2026-06-10T05:21:31Z,2026-06-10T07:21:31+0200,3782c388-ddaf-4035-9ca0-973a72568e07,2026-05-19T00:00:00Z,2026-05-19T02:00:00+0200,3035.22586,MW,DE,DE_LU,forecast_onshore_wind_generation,Wind Onshore,2026-06-10T05:22:42Z
2026-06-10T05:21:31Z,2026-06-10T07:21:31+0200,3782c388-ddaf-4035-9ca0-973a72568e07,2026-05-19T00:15:00Z,2026-05-19T02:15:00+0200,3000.30646,MW,DE,DE_LU,forecast_onshore_wind_generation,Wind Onshore,2026-06-10T05:22:42Z
2026-06-10T05:21:31Z,2026-06-10T07:21:31+0200,3782c388-ddaf-4035-9ca0-973a72568e07,2026-05-19T00:30:00Z,2026-05-19T02:30:00+0200,2951.94856,MW,DE,DE_LU,forecast_onshore_wind_generation,Wind Onshore,2026-06-10T05:22:42Z
2026-06-10T05:21:31Z,2026-06-10T07:21:31+0200,3782c388-ddaf-4035-9ca0-973a72568e07,2026-05-19T00:45:00Z,2026-05-19T02:45:00+0200,2897.7755,MW,DE,DE_LU,forecast_onshore_wind_generation,Wind Onshore,2026-06-10T05:22:42Z
2026-06-10T05:21:31Z,2026-06-10T07:21:31+0200,3782c388-ddaf-4035-9ca0-973a72568e07,2026-05-19T01:00:00Z,2026-05-19T03:00:00+0200,2834.18167,MW,DE,DE_LU,forecast_onshore_wind_generation,Wind Onshore,2026-06-10T05:22:42Z
2026-06-10T05:21:31Z,2026-06-10T07:21:31+0200,3782c388-ddaf-4035-9ca0-973a72568e07,2026-05-19T01:15:00Z,2026-05-19T03:15:00+0200,2764.24733,MW,DE,DE_LU,forecast_onshore_wind_generation,Wind Onshore,2026-06-10T05:22:42Z
2026-06-10T05:21:31Z,2026-06-10T07:21:31+0200,3782c388-ddaf-4035-9ca0-973a72568e07,2026-05-19T01:30:00Z,2026-05-19T03:30:00+0200,2694.53021,MW,DE,DE_LU,forecast_onshore_wind_generation,Wind Onshore,2026-06-10T05:22:42Z
2026-06-10T05:21:31Z,2026-06-10T07:21:31+0200,3782c388-ddaf-4035-9ca0-973a72568e07,2026-05-19T01:45:00Z,2026-05-19T03:45:00+0200,2621.13568,MW,DE,DE_LU,forecast_onshore_wind_generation,Wind Onshore,2026-06-10T05:22:42Z
2026-06-10T05:21:31Z,2026-06-10T07:21:31+0200,3782c388-ddaf-4035-9ca0-973a72568e07,2026-05-19T02:00:00Z,2026-05-19T04:00:00+0200,2550.00652,MW,DE,DE_LU,forecast_onshore_wind_generation,Wind Onshore,2026-06-10T05:22:42Z
2026-06-10T05:21:31Z,2026-06-10T07:21:31+0200,3782c388-ddaf-4035-9ca0-973a72568e07,2026-05-19T02:15:00Z,2026-05-19T04:15:00+0200,2499.05225,MW,DE,DE_LU,forecast_onshore_wind_generation,Wind Onshore,2026-06-10T05:22:42Z
2026-06-10T05:21:31Z,2026-06-10T07:21:31+0200,3782c388-ddaf-4035-9ca0-973a72568e07,2026-05-19T02:30:00Z,2026-05-19T04:30:00+0200,2450.33894,MW,DE,DE_LU,forecast_onshore_wind_generation,Wind Onshore,2026-06-10T05:22:42Z
2026-06-10T05:21:31Z,2026-06-10T07:21:31+0200,3782c388-ddaf-4035-9ca0-973a72568e07,2026-05-19T02:45:00Z,2026-05-19T04:45:00+0200,2399.73621,MW,DE,DE_LU,forecast_onshore_wind_generation,Wind Onshore,2026-06-10T05:22:42Z
2026-06-10T05:21:31Z,2026-06-10T07:21:31+0200,3782c388-ddaf-4035-9ca0-973a72568e07,2026-05-19T03:00:00Z,2026-05-19T05:00:00+0200,2343.60715,MW,DE,DE_LU,forecast_onshore_wind_generation,Wind Onshore,2026-06-10T05:22:42Z
2026-06-10T05:21:31Z,2026-06-10T07:21:31+0200,3782c388-ddaf-4035-9ca0-973a72568e07,2026-05-19T03:15:00Z,2026-05-19T05:15:00+0200,2292.05165,MW,DE,DE_LU,forecast_onshore_wind_generation,Wind Onshore,2026-06-10T05:22:42Z
2026-06-10T05:21:31Z,2026-06-10T07:21:31+0200,3782c388-ddaf-4035-9ca0-973a72568e07,2026-05-19T03:30:00Z,2026-05-19T05:30:00+0200,2241.00758,MW,DE,DE_LU,forecast_onshore_wind_generation,Wind Onshore,2026-06-10T05:22:42Z
2026-06-10T05:21:31Z,2026-06-10T07:21:31+0200,3782c388-ddaf-4035-9ca0-973a72568e07,2026-05-19T03:45:00Z,2026-05-19T05:45:00+0200,2197.38316,MW,DE,DE_LU,forecast_onshore_wind_generation,Wind Onshore,2026-06-10T05:22:42Z
2026-06-10T05:21:31Z,2026-06-10T07:21:31+0200,3782c388-ddaf-4035-9ca0-973a72568e07,2026-05-19T04:00:00Z,2026-05-19T06:00:00+0200,2155.3881,MW,DE,DE_LU,forecast_onshore_wind_generation,Wind Onshore,2026-06-10T05:22:42Z
2026-06-10T05:21:31Z,2026-06-10T07:21:31+0200,3782c388-ddaf-4035-9ca0-973a72568e07,2026-05-19T04:15:00Z,2026-05-19T06:15:00+0200,2103.73812,MW,DE,DE_LU,forecast_onshore_wind_generation,Wind Onshore,2026-06-10T05:22:42Z
2026-06-10T05:21:31Z,2026-06-10T07:21:31+0200,3782c388-ddaf-4035-9ca0-973a72568e07,2026-05-19T04:30:00Z,2026-05-19T06:30:00+0200,2047.88957,MW,DE,DE_LU,forecast_onshore_wind_generation,Wind Onshore,2026-06-10T05:22:42Z
2026-06-10T05:21:31Z,2026-06-10T07:21:31+0200,3782c388-ddaf-4035-9ca0-973a72568e07,2026-05-19T04:45:00Z,2026-05-19T06:45:00+0200,1978.31596,MW,DE,DE_LU,forecast_onshore_wind_generation,Wind Onshore,2026-06-10T05:22:42Z
2026-06-10T05:21:31Z,2026-06-10T07:21:31+0200,3782c388-ddaf-4035-9ca0-973a72568e07,2026-05-19T05:00:00Z,2026-05-19T07:00:00+0200,1880.5135,MW,DE,DE_LU,forecast_onshore_wind_generation,Wind Onshore,2026-06-10T05:22:42Z
2026-06-10T05:21:31Z,2026-06-10T07:21:31+0200,3782c388-ddaf-4035-9ca0-973a72568e07,2026-05-19T05:15:00Z,2026-05-19T07:15:00+0200,1768.87893,MW,DE,DE_LU,forecast_onshore_wind_generation,Wind Onshore,2026-06-10T05:22:42Z
2026-06-10T05:21:31Z,2026-06-10T07:21:31+0200,3782c388-ddaf-4035-9ca0-973a72568e07,2026-05-19T05:30:00Z,2026-05-19T07:30:00+0200,1661.39978,MW,DE,DE_LU,forecast_onshore_wind_generation,Wind Onshore,2026-06-10T05:22:42Z
2026-06-10T05:21:31Z,2026-06-10T07:21:31+0200,3782c388-ddaf-4035-9ca0-973a72568e07,2026-05-19T05:45:00Z,2026-05-19T07:45:00+0200,1569.88261,MW,DE,DE_LU,forecast_onshore_wind_generation,Wind Onshore,2026-06-10T05:22:42Z
2026-06-10T05:21:31Z,2026-06-10T07:21:31+0200,3782c388-ddaf-4035-9ca0-973a72568e07,2026-05-19T06:00:00Z,2026-05-19T08:00:00+0200,1472.38917,MW,DE,DE_LU,forecast_onshore_wind_generation,Wind Onshore,2026-06-10T05:22:42Z
2026-06-10T05:21:31Z,2026-06-10T07:21:31+0200,3782c388-ddaf-4035-9ca0-973a72568e07,2026-05-19T06:15:00Z,2026-05-19T08:15:00+0200,1344.16019,MW,DE,DE_LU,forecast_onshore_wind_generation,Wind Onshore,2026-06-10T05:22:42Z
2026-06-10T05:21:31Z,2026-06-10T07:21:31+0200,3782c388-ddaf-4035-9ca0-973a72568e07,2026-05-19T06:30:00Z,2026-05-19T08:30:00+0200,1216.12546,MW,DE,DE_LU,forecast_onshore_wind_generation,Wind Onshore,2026-06-10T05:22:42Z
2026-06-10T05:21:31Z,2026-06-10T07:21:31+0200,3782c388-ddaf-4035-9ca0-973a72568e07,2026-05-19T06:45:00Z,2026-05-19T08:45:00+0200,1097.65598,MW,DE,DE_LU,forecast_onshore_wind_generation,Wind Onshore,2026-06-10T05:22:42Z
2026-06-10T05:21:31Z,2026-06-10T07:21:31+0200,3782c388-ddaf-4035-9ca0-973a72568e07,2026-05-19T07:00:00Z,2026-05-19T09:00:00+0200,1061.80663,MW,DE,DE_LU,forecast_onshore_wind_generation,Wind Onshore,2026-06-10T05:22:42Z
2026-06-10T05:21:31Z,2026-06-10T07:21:31+0200,3782c388-ddaf-4035-9ca0-973a72568e07,2026-05-19T07:15:00Z,2026-05-19T09:15:00+0200,1067.18261,MW,DE,DE_LU,forecast_onshore_wind_generation,Wind Onshore,2026-06-10T05:22:42Z
2026-06-10T05:21:31Z,2026-06-10T07:21:31+0200,3782c388-ddaf-4035-9ca0-973a72568e07,2026-05-19T07:30:00Z,2026-05-19T09:30:00+0200,1068.22577,MW,DE,DE_LU,forecast_onshore_wind_generation,Wind Onshore,2026-06-10T05:22:42Z
2026-06-10T05:21:31Z,2026-06-10T07:21:31+0200,3782c388-ddaf-4035-9ca0-973a72568e07,2026-05-19T07:45:00Z,2026-05-19T09:45:00+0200,1105.80291,MW,DE,DE_LU,forecast_onshore_wind_generation,Wind Onshore,2026-06-10T05:22:42Z
2026-06-10T05:21:31Z,2026-06-10T07:21:31+0200,3782c388-ddaf-4035-9ca0-973a72568e07,2026-05-19T08:00:00Z,2026-05-19T10:00:00+0200,1150.08826,MW,DE,DE_LU,forecast_onshore_wind_generation,Wind Onshore,2026-06-10T05:22:42Z
2026-06-10T05:21:31Z,2026-06-10T07:21:31+0200,3782c388-ddaf-4035-9ca0-973a72568e07,2026-05-19T08:15:00Z,2026-05-19T10:15:00+0200,1276.56378,MW,DE,DE_LU,forecast_onshore_wind_generation,Wind Onshore,2026-06-10T05:22:42Z
2026-06-10T05:21:31Z,2026-06-10T07:21:31+0200,3782c388-ddaf-4035-9ca0-973a72568e07,2026-05-19T08:30:00Z,2026-05-19T10:30:00+0200,1403.71149,MW,DE,DE_LU,forecast_onshore_wind_generation,Wind Onshore,2026-06-10T05:22:42Z
2026-06-10T05:21:31Z,2026-06-10T07:21:31+0200,3782c388-ddaf-4035-9ca0-973a72568e07,2026-05-19T08:45:00Z,2026-05-19T10:45:00+0200,1531.03098,MW,DE,DE_LU,forecast_onshore_wind_generation,Wind Onshore,2026-06-10T05:22:42Z
2026-06-10T05:21:31Z,2026-06-10T07:21:31+0200,3782c388-ddaf-4035-9ca0-973a72568e07,2026-05-19T09:00:00Z,2026-05-19T11:00:00+0200,1660.72113,MW,DE,DE_LU,forecast_onshore_wind_generation,Wind Onshore,2026-06-10T05:22:42Z
2026-06-10T05:21:31Z,2026-06-10T07:21:31+0200,3782c388-ddaf-4035-9ca0-973a72568e07,2026-05-19T09:15:00Z,2026-05-19T11:15:00+0200,1812.29453,MW,DE,DE_LU,forecast_onshore_wind_generation,Wind Onshore,2026-06-10T05:22:42Z
2026-06-10T05:21:31Z,2026-06-10T07:21:31+0200,3782c388-ddaf-4035-9ca0-973a72568e07,2026-05-19T09:30:00Z,2026-05-19T11:30:00+0200,1971.2463,MW,DE,DE_LU,forecast_onshore_wind_generation,Wind Onshore,2026-06-10T05:22:42Z
2026-06-10T05:21:31Z,2026-06-10T07:21:31+0200,3782c388-ddaf-4035-9ca0-973a72568e07,2026-05-19T09:45:00Z,2026-05-19T11:45:00+0200,2133.97374,MW,DE,DE_LU,forecast_onshore_wind_generation,Wind Onshore,2026-06-10T05:22:42Z
2026-06-10T05:21:31Z,2026-06-10T07:21:31+0200,3782c388-ddaf-4035-9ca0-973a72568e07,2026-05-19T10:00:00Z,2026-05-19T12:00:00+0200,2303.42735,MW,DE,DE_LU,forecast_onshore_wind_generation,Wind Onshore,2026-06-10T05:22:42Z
2026-06-10T05:21:31Z,2026-06-10T07:21:31+0200,3782c388-ddaf-4035-9ca0-973a72568e07,2026-05-19T10:15:00Z,2026-05-19T12:15:00+0200,2470.85382,MW,DE,DE_LU,forecast_onshore_wind_generation,Wind Onshore,2026-06-10T05:22:42Z
2026-06-10T05:21:31Z,2026-06-10T07:21:31+0200,3782c388-ddaf-4035-9ca0-973a72568e07,2026-05-19T10:30:00Z,2026-05-19T12:30:00+0200,2642.39148,MW,DE,DE_LU,forecast_onshore_wind_generation,Wind Onshore,2026-06-10T05:22:42Z
2026-06-10T05:21:31Z,2026-06-10T07:21:31+0200,3782c388-ddaf-4035-9ca0-973a72568e07,2026-05-19T10:45:00Z,2026-05-19T12:45:00+0200,2816.70903,MW,DE,DE_LU,forecast_onshore_wind_generation,Wind Onshore,2026-06-10T05:22:42Z
2026-06-10T05:21:31Z,2026-06-10T07:21:31+0200,3782c388-ddaf-4035-9ca0-973a72568e07,2026-05-19T11:00:00Z,2026-05-19T13:00:00+0200,2993.04554,MW,DE,DE_LU,forecast_onshore_wind_generation,Wind Onshore,2026-06-10T05:22:42Z
2026-06-10T05:21:31Z,2026-06-10T07:21:31+0200,3782c388-ddaf-4035-9ca0-973a72568e07,2026-05-19T11:15:00Z,2026-05-19T13:15:00+0200,3166.16147,MW,DE,DE_LU,forecast_onshore_wind_generation,Wind Onshore,2026-06-10T05:22:42Z
2026-06-10T05:21:31Z,2026-06-10T07:21:31+0200,3782c388-ddaf-4035-9ca0-973a72568e07,2026-05-19T11:30:00Z,2026-05-19T13:30:00+0200,3336.17255,MW,DE,DE_LU,forecast_onshore_wind_generation,Wind Onshore,2026-06-10T05:22:42Z
2026-06-10T05:21:31Z,2026-06-10T07:21:31+0200,3782c388-ddaf-4035-9ca0-973a72568e07,2026-05-19T11:45:00Z,2026-05-19T13:45:00+0200,3502.47062,MW,DE,DE_LU,forecast_onshore_wind_generation,Wind Onshore,2026-06-10T05:22:42Z
2026-06-10T05:21:31Z,2026-06-10T07:21:31+0200,3782c388-ddaf-4035-9ca0-973a72568e07,2026-05-19T12:00:00Z,2026-05-19T14:00:00+0200,3673.0728,MW,DE,DE_LU,forecast_onshore_wind_generation,Wind Onshore,2026-06-10T05:22:42Z
2026-06-10T05:21:31Z,2026-06-10T07:21:31+0200,3782c388-ddaf-4035-9ca0-973a72568e07,2026-05-19T12:15:00Z,2026-05-19T14:15:00+0200,3822.56672,MW,DE,DE_LU,forecast_onshore_wind_generation,Wind Onshore,2026-06-10T05:22:42Z
2026-06-10T05:21:31Z,2026-06-10T07:21:31+0200,3782c388-ddaf-4035-9ca0-973a72568e07,2026-05-19T12:30:00Z,2026-05-19T14:30:00+0200,3953.48311,MW,DE,DE_LU,forecast_onshore_wind_generation,Wind Onshore,2026-06-10T05:22:42Z
2026-06-10T05:21:31Z,2026-06-10T07:21:31+0200,3782c388-ddaf-4035-9ca0-973a72568e07,2026-05-19T12:45:00Z,2026-05-19T14:45:00+0200,4076.63707,MW,DE,DE_LU,forecast_onshore_wind_generation,Wind Onshore,2026-06-10T05:22:42Z
2026-06-10T05:21:31Z,2026-06-10T07:21:31+0200,3782c388-ddaf-4035-9ca0-973a72568e07,2026-05-19T13:00:00Z,2026-05-19T15:00:00+0200,4205.74095,MW,DE,DE_LU,forecast_onshore_wind_generation,Wind Onshore,2026-06-10T05:22:42Z
2026-06-10T05:21:31Z,2026-06-10T07:21:31+0200,3782c388-ddaf-4035-9ca0-973a72568e07,2026-05-19T13:15:00Z,2026-05-19T15:15:00+0200,4334.40135,MW,DE,DE_LU,forecast_onshore_wind_generation,Wind Onshore,2026-06-10T05:22:42Z
2026-06-10T05:21:31Z,2026-06-10T07:21:31+0200,3782c388-ddaf-4035-9ca0-973a72568e07,2026-05-19T13:30:00Z,2026-05-19T15:30:00+0200,4461.634,MW,DE,DE_LU,forecast_onshore_wind_generation,Wind Onshore,2026-06-10T05:22:42Z
2026-06-10T05:21:31Z,2026-06-10T07:21:31+0200,3782c388-ddaf-4035-9ca0-973a72568e07,2026-05-19T13:45:00Z,2026-05-19T15:45:00+0200,4586.96023,MW,DE,DE_LU,forecast_onshore_wind_generation,Wind Onshore,2026-06-10T05:22:42Z
2026-06-10T05:21:31Z,2026-06-10T07:21:31+0200,3782c388-ddaf-4035-9ca0-973a72568e07,2026-05-19T14:00:00Z,2026-05-19T16:00:00+0200,4710.99176,MW,DE,DE_LU,forecast_onshore_wind_generation,Wind Onshore,2026-06-10T05:22:42Z
2026-06-10T05:21:31Z,2026-06-10T07:21:31+0200,3782c388-ddaf-4035-9ca0-973a72568e07,2026-05-19T14:15:00Z,2026-05-19T16:15:00+0200,4792.95465,MW,DE,DE_LU,forecast_onshore_wind_generation,Wind Onshore,2026-06-10T05:22:42Z
2026-06-10T05:21:31Z,2026-06-10T07:21:31+0200,3782c388-ddaf-4035-9ca0-973a72568e07,2026-05-19T14:30:00Z,2026-05-19T16:30:00+0200,4873.16216,MW,DE,DE_LU,forecast_onshore_wind_generation,Wind Onshore,2026-06-10T05:22:42Z
2026-06-10T05:21:31Z,2026-06-10T07:21:31+0200,3782c388-ddaf-4035-9ca0-973a72568e07,2026-05-19T14:45:00Z,2026-05-19T16:45:00+0200,4948.94413,MW,DE,DE_LU,forecast_onshore_wind_generation,Wind Onshore,2026-06-10T05:22:42Z
2026-06-10T05:21:31Z,2026-06-10T07:21:31+0200,3782c388-ddaf-4035-9ca0-973a72568e07,2026-05-19T15:00:00Z,2026-05-19T17:00:00+0200,5014.53093,MW,DE,DE_LU,forecast_onshore_wind_generation,Wind Onshore,2026-06-10T05:22:42Z
2026-06-10T05:21:31Z,2026-06-10T07:21:31+0200,3782c388-ddaf-4035-9ca0-973a72568e07,2026-05-19T15:15:00Z,2026-05-19T17:15:00+0200,4993.97572,MW,DE,DE_LU,forecast_onshore_wind_generation,Wind Onshore,2026-06-10T05:22:42Z
2026-06-10T05:21:31Z,2026-06-10T07:21:31+0200,3782c388-ddaf-4035-9ca0-973a72568e07,2026-05-19T15:30:00Z,2026-05-19T17:30:00+0200,4964.15032,MW,DE,DE_LU,forecast_onshore_wind_generation,Wind Onshore,2026-06-10T05:22:42Z
2026-06-10T05:21:31Z,2026-06-10T07:21:31+0200,3782c388-ddaf-4035-9ca0-973a72568e07,2026-05-19T15:45:00Z,2026-05-19T17:45:00+0200,4929.19799,MW,DE,DE_LU,forecast_onshore_wind_generation,Wind Onshore,2026-06-10T05:22:42Z
2026-06-10T05:21:31Z,2026-06-10T07:21:31+0200,3782c388-ddaf-4035-9ca0-973a72568e07,2026-05-19T16:00:00Z,2026-05-19T18:00:00+0200,4884.75371,MW,DE,DE_LU,forecast_onshore_wind_generation,Wind Onshore,2026-06-10T05:22:42Z
2026-06-10T05:21:31Z,2026-06-10T07:21:31+0200,3782c388-ddaf-4035-9ca0-973a72568e07,2026-05-19T16:15:00Z,2026-05-19T18:15:00+0200,4844.53809,MW,DE,DE_LU,forecast_onshore_wind_generation,Wind Onshore,2026-06-10T05:22:42Z
2026-06-10T05:21:31Z,2026-06-10T07:21:31+0200,3782c388-ddaf-4035-9ca0-973a72568e07,2026-05-19T16:30:00Z,2026-05-19T18:30:00+0200,4804.26232,MW,DE,DE_LU,forecast_onshore_wind_generation,Wind Onshore,2026-06-10T05:22:42Z
2026-06-10T05:21:31Z,2026-06-10T07:21:31+0200,3782c388-ddaf-4035-9ca0-973a72568e07,2026-05-19T16:45:00Z,2026-05-19T18:45:00+0200,4764.69511,MW,DE,DE_LU,forecast_onshore_wind_generation,Wind Onshore,2026-06-10T05:22:42Z
2026-06-10T05:21:31Z,2026-06-10T07:21:31+0200,3782c388-ddaf-4035-9ca0-973a72568e07,2026-05-19T17:00:00Z,2026-05-19T19:00:00+0200,4731.75907,MW,DE,DE_LU,forecast_onshore_wind_generation,Wind Onshore,2026-06-10T05:22:42Z
2026-06-10T05:21:31Z,2026-06-10T07:21:31+0200,3782c388-ddaf-4035-9ca0-973a72568e07,2026-05-19T17:15:00Z,2026-05-19T19:15:00+0200,4754.39454,MW,DE,DE_LU,forecast_onshore_wind_generation,Wind Onshore,2026-06-10T05:22:42Z
2026-06-10T05:21:31Z,2026-06-10T07:21:31+0200,3782c388-ddaf-4035-9ca0-973a72568e07,2026-05-19T17:30:00Z,2026-05-19T19:30:00+0200,4785.35229,MW,DE,DE_LU,forecast_onshore_wind_generation,Wind Onshore,2026-06-10T05:22:42Z
2026-06-10T05:21:31Z,2026-06-10T07:21:31+0200,3782c388-ddaf-4035-9ca0-973a72568e07,2026-05-19T17:45:00Z,2026-05-19T19:45:00+0200,4868.50962,MW,DE,DE_LU,forecast_onshore_wind_generation,Wind Onshore,2026-06-10T05:22:42Z
2026-06-10T05:21:31Z,2026-06-10T07:21:31+0200,3782c388-ddaf-4035-9ca0-973a72568e07,2026-05-19T18:00:00Z,2026-05-19T20:00:00+0200,4982.54228,MW,DE,DE_LU,forecast_onshore_wind_generation,Wind Onshore,2026-06-10T05:22:42Z
2026-06-10T05:21:31Z,2026-06-10T07:21:31+0200,3782c388-ddaf-4035-9ca0-973a72568e07,2026-05-19T18:15:00Z,2026-05-19T20:15:00+0200,5162.44048,MW,DE,DE_LU,forecast_onshore_wind_generation,Wind Onshore,2026-06-10T05:22:42Z
2026-06-10T05:21:31Z,2026-06-10T07:21:31+0200,3782c388-ddaf-4035-9ca0-973a72568e07,2026-05-19T18:30:00Z,2026-05-19T20:30:00+0200,5434.5349,MW,DE,DE_LU,forecast_onshore_wind_generation,Wind Onshore,2026-06-10T05:22:42Z
2026-06-10T05:21:31Z,2026-06-10T07:21:31+0200,3782c388-ddaf-4035-9ca0-973a72568e07,2026-05-19T18:45:00Z,2026-05-19T20:45:00+0200,5704.48288,MW,DE,DE_LU,forecast_onshore_wind_generation,Wind Onshore,2026-06-10T05:22:42Z
2026-06-10T05:21:31Z,2026-06-10T07:21:31+0200,3782c388-ddaf-4035-9ca0-973a72568e07,2026-05-19T19:00:00Z,2026-05-19T21:00:00+0200,5976.60781,MW,DE,DE_LU,forecast_onshore_wind_generation,Wind Onshore,2026-06-10T05:22:42Z
2026-06-10T05:21:31Z,2026-06-10T07:21:31+0200,3782c388-ddaf-4035-9ca0-973a72568e07,2026-05-19T19:15:00Z,2026-05-19T21:15:00+0200,6280.33881,MW,DE,DE_LU,forecast_onshore_wind_generation,Wind Onshore,2026-06-10T05:22:42Z
2026-06-10T05:21:31Z,2026-06-10T07:21:31+0200,3782c388-ddaf-4035-9ca0-973a72568e07,2026-05-19T19:30:00Z,2026-05-19T21:30:00+0200,6611.81481,MW,DE,DE_LU,forecast_onshore_wind_generation,Wind Onshore,2026-06-10T05:22:42Z
2026-06-10T05:21:31Z,2026-06-10T07:21:31+0200,3782c388-ddaf-4035-9ca0-973a72568e07,2026-05-19T19:45:00Z,2026-05-19T21:45:00+0200,6957.068,MW,DE,DE_LU,forecast_onshore_wind_generation,Wind Onshore,2026-06-10T05:22:42Z
2026-06-10T05:21:31Z,2026-06-10T07:21:31+0200,3782c388-ddaf-4035-9ca0-973a72568e07,2026-05-19T20:00:00Z,2026-05-19T22:00:00+0200,7236.65839,MW,DE,DE_LU,forecast_onshore_wind_generation,Wind Onshore,2026-06-10T05:22:42Z
2026-06-10T05:21:31Z,2026-06-10T07:21:31+0200,3782c388-ddaf-4035-9ca0-973a72568e07,2026-05-19T20:15:00Z,2026-05-19T22:15:00+0200,7559.41653,MW,DE,DE_LU,forecast_onshore_wind_generation,Wind Onshore,2026-06-10T05:22:42Z
2026-06-10T05:21:31Z,2026-06-10T07:21:31+0200,3782c388-ddaf-4035-9ca0-973a72568e07,2026-05-19T20:30:00Z,2026-05-19T22:30:00+0200,7883.12895,MW,DE,DE_LU,forecast_onshore_wind_generation,Wind Onshore,2026-06-10T05:22:42Z
2026-06-10T05:21:31Z,2026-06-10T07:21:31+0200,3782c388-ddaf-4035-9ca0-973a72568e07,2026-05-19T20:45:00Z,2026-05-19T22:45:00+0200,8200.12764,MW,DE,DE_LU,forecast_onshore_wind_generation,Wind Onshore,2026-06-10T05:22:42Z
2026-06-10T05:21:31Z,2026-06-10T07:21:31+0200,3782c388-ddaf-4035-9ca0-973a72568e07,2026-05-19T21:00:00Z,2026-05-19T23:00:00+0200,8500.97783,MW,DE,DE_LU,forecast_onshore_wind_generation,Wind Onshore,2026-06-10T05:22:42Z
2026-06-10T05:21:31Z,2026-06-10T07:21:31+0200,3782c388-ddaf-4035-9ca0-973a72568e07,2026-05-19T21:15:00Z,2026-05-19T23:15:00+0200,8750.64459,MW,DE,DE_LU,forecast_onshore_wind_generation,Wind Onshore,2026-06-10T05:22:42Z
2026-06-10T05:21:31Z,2026-06-10T07:21:31+0200,3782c388-ddaf-4035-9ca0-973a72568e07,2026-05-19T21:30:00Z,2026-05-19T23:30:00+0200,9003.12422,MW,DE,DE_LU,forecast_onshore_wind_generation,Wind Onshore,2026-06-10T05:22:42Z
2026-06-10T05:21:31Z,2026-06-10T07:21:31+0200,3782c388-ddaf-4035-9ca0-973a72568e07,2026-05-19T21:45:00Z,2026-05-19T23:45:00+0200,9259.70028,MW,DE,DE_LU,forecast_onshore_wind_generation,Wind Onshore,2026-06-10T05:22:42Z
2026-06-10T05:21:31Z,2026-06-10T07:21:31+0200,3782c388-ddaf-4035-9ca0-973a72568e07,2026-05-19T22:00:00Z,2026-05-20T00:00:00+0200,9815.72383,MW,DE,DE_LU,forecast_onshore_wind_generation,Wind Onshore,2026-06-10T05:22:42Z
2026-06-10T05:21:31Z,2026-06-10T07:21:31+0200,3782c388-ddaf-4035-9ca0-973a72568e07,2026-05-19T22:15:00Z,2026-05-20T00:15:00+0200,10024.77836,MW,DE,DE_LU,forecast_onshore_wind_generation,Wind Onshore,2026-06-10T05:22:42Z
2026-06-10T05:21:31Z,2026-06-10T07:21:31+0200,3782c388-ddaf-4035-9ca0-973a72568e07,2026-05-19T22:30:00Z,2026-05-20T00:30:00+0200,10233.95244,MW,DE,DE_LU,forecast_onshore_wind_generation,Wind Onshore,2026-06-10T05:22:42Z
2026-06-10T05:21:31Z,2026-06-10T07:21:31+0200,3782c388-ddaf-4035-9ca0-973a72568e07,2026-05-19T22:45:00Z,2026-05-20T00:45:00+0200,10430.90273,MW,DE,DE_LU,forecast_onshore_wind_generation,Wind Onshore,2026-06-10T05:22:42Z
2026-06-10T05:21:31Z,2026-06-10T07:21:31+0200,3782c388-ddaf-4035-9ca0-973a72568e07,2026-05-19T23:00:00Z,2026-05-20T01:00:00+0200,10639.78265,MW,DE,DE_LU,forecast_onshore_wind_generation,Wind Onshore,2026-06-10T05:22:42Z
2026-06-10T05:21:31Z,2026-06-10T07:21:31+0200,3782c388-ddaf-4035-9ca0-973a72568e07,2026-05-19T23:15:00Z,2026-05-20T01:15:00+0200,10831.29868,MW,DE,DE_LU,forecast_onshore_wind_generation,Wind Onshore,2026-06-10T05:22:42Z
2026-06-10T05:21:31Z,2026-06-10T07:21:31+0200,3782c388-ddaf-4035-9ca0-973a72568e07,2026-05-19T23:30:00Z,2026-05-20T01:30:00+0200,10997.43868,MW,DE,DE_LU,forecast_onshore_wind_generation,Wind Onshore,2026-06-10T05:22:42Z
2026-06-10T05:21:31Z,2026-06-10T07:21:31+0200,3782c388-ddaf-4035-9ca0-973a72568e07,2026-05-19T23:45:00Z,2026-05-20T01:45:00+0200,11161.14438,MW,DE,DE_LU,forecast_onshore_wind_generation,Wind Onshore,2026-06-10T05:22:42Z
2026-06-10T05:21:31Z,2026-06-10T07:21:31+0200,3782c388-ddaf-4035-9ca0-973a72568e07,2026-05-20T00:00:00Z,2026-05-20T02:00:00+0200,11318.79449,MW,DE,DE_LU,forecast_onshore_wind_generation,Wind Onshore,2026-06-10T05:22:42Z
2026-06-10T05:21:31Z,2026-06-10T07:21:31+0200,3782c388-ddaf-4035-9ca0-973a72568e07,2026-05-20T00:15:00Z,2026-05-20T02:15:00+0200,11442.12643,MW,DE,DE_LU,forecast_onshore_wind_generation,Wind Onshore,2026-06-10T05:22:42Z
2026-06-10T05:21:31Z,2026-06-10T07:21:31+0200,3782c388-ddaf-4035-9ca0-973a72568e07,2026-05-20T00:30:00Z,2026-05-20T02:30:00+0200,11556.35136,MW,DE,DE_LU,forecast_onshore_wind_generation,Wind Onshore,2026-06-10T05:22:42Z
2026-06-10T05:21:31Z,2026-06-10T07:21:31+0200,3782c388-ddaf-4035-9ca0-973a72568e07,2026-05-20T00:45:00Z,2026-05-20T02:45:00+0200,11663.07031,MW,DE,DE_LU,forecast_onshore_wind_generation,Wind Onshore,2026-06-10T05:22:42Z
2026-06-10T05:21:31Z,2026-06-10T07:21:31+0200,3782c388-ddaf-4035-9ca0-973a72568e07,2026-05-20T01:00:00Z,2026-05-20T03:00:00+0200,11776.21185,MW,DE,DE_LU,forecast_onshore_wind_generation,Wind Onshore,2026-06-10T05:22:42Z
2026-06-10T05:21:31Z,2026-06-10T07:21:31+0200,3782c388-ddaf-4035-9ca0-973a72568e07,2026-05-20T01:15:00Z,2026-05-20T03:15:00+0200,11879.59181,MW,DE,DE_LU,forecast_onshore_wind_generation,Wind Onshore,2026-06-10T05:22:42Z
2026-06-10T05:21:31Z,2026-06-10T07:21:31+0200,3782c388-ddaf-4035-9ca0-973a72568e07,2026-05-20T01:30:00Z,2026-05-20T03:30:00+0200,11973.67732,MW,DE,DE_LU,forecast_onshore_wind_generation,Wind Onshore,2026-06-10T05:22:42Z
2026-06-10T05:21:31Z,2026-06-10T07:21:31+0200,3782c388-ddaf-4035-9ca0-973a72568e07,2026-05-20T01:45:00Z,2026-05-20T03:45:00+0200,12072.43892,MW,DE,DE_LU,forecast_onshore_wind_generation,Wind Onshore,2026-06-10T05:22:42Z
2026-06-10T05:21:31Z,2026-06-10T07:21:31+0200,3782c388-ddaf-4035-9ca0-973a72568e07,2026-05-20T02:00:00Z,2026-05-20T04:00:00+0200,12169.68653,MW,DE,DE_LU,forecast_onshore_wind_generation,Wind Onshore,2026-06-10T05:22:42Z
2026-06-10T05:21:31Z,2026-06-10T07:21:31+0200,3782c388-ddaf-4035-9ca0-973a72568e07,2026-05-20T02:15:00Z,2026-05-20T04:15:00+0200,12211.57104,MW,DE,DE_LU,forecast_onshore_wind_generation,Wind Onshore,2026-06-10T05:22:42Z
2026-06-10T05:21:31Z,2026-06-10T07:21:31+0200,3782c388-ddaf-4035-9ca0-973a72568e07,2026-05-20T02:30:00Z,2026-05-20T04:30:00+0200,12231.49452,MW,DE,DE_LU,forecast_onshore_wind_generation,Wind Onshore,2026-06-10T05:22:42Z
2026-06-10T05:21:31Z,2026-06-10T07:21:31+0200,3782c388-ddaf-4035-9ca0-973a72568e07,2026-05-20T02:45:00Z,2026-05-20T04:45:00+0200,12266.18641,MW,DE,DE_LU,forecast_onshore_wind_generation,Wind Onshore,2026-06-10T05:22:42Z
2026-06-10T05:21:31Z,2026-06-10T07:21:31+0200,3782c388-ddaf-4035-9ca0-973a72568e07,2026-05-20T03:00:00Z,2026-05-20T05:00:00+0200,12291.62905,MW,DE,DE_LU,forecast_onshore_wind_generation,Wind Onshore,2026-06-10T05:22:42Z
2026-06-10T05:21:31Z,2026-06-10T07:21:31+0200,3782c388-ddaf-4035-9ca0-973a72568e07,2026-05-20T03:15:00Z,2026-05-20T05:15:00+0200,12223.35056,MW,DE,DE_LU,forecast_onshore_wind_generation,Wind Onshore,2026-06-10T05:22:42Z
2026-06-10T05:21:31Z,2026-06-10T07:21:31+0200,3782c388-ddaf-4035-9ca0-973a72568e07,2026-05-20T03:30:00Z,2026-05-20T05:30:00+0200,12149.35963,MW,DE,DE_LU,forecast_onshore_wind_generation,Wind Onshore,2026-06-10T05:22:42Z
2026-06-10T05:21:31Z,2026-06-10T07:21:31+0200,3782c388-ddaf-4035-9ca0-973a72568e07,2026-05-20T03:45:00Z,2026-05-20T05:45:00+0200,12070.82269,MW,DE,DE_LU,forecast_onshore_wind_generation,Wind Onshore,2026-06-10T05:22:42Z
2026-06-10T05:21:31Z,2026-06-10T07:21:31+0200,3782c388-ddaf-4035-9ca0-973a72568e07,2026-05-20T04:00:00Z,2026-05-20T06:00:00+0200,12109.76171,MW,DE,DE_LU,forecast_onshore_wind_generation,Wind Onshore,2026-06-10T05:22:42Z
2026-06-10T05:21:31Z,2026-06-10T07:21:31+0200,3782c388-ddaf-4035-9ca0-973a72568e07,2026-05-20T04:15:00Z,2026-05-20T06:15:00+0200,11932.18414,MW,DE,DE_LU,forecast_onshore_wind_generation,Wind Onshore,2026-06-10T05:22:42Z
2026-06-10T05:21:31Z,2026-06-10T07:21:31+0200,3782c388-ddaf-4035-9ca0-973a72568e07,2026-05-20T04:30:00Z,2026-05-20T06:30:00+0200,11743.85008,MW,DE,DE_LU,forecast_onshore_wind_generation,Wind Onshore,2026-06-10T05:22:42Z
2026-06-10T05:21:31Z,2026-06-10T07:21:31+0200,3782c388-ddaf-4035-9ca0-973a72568e07,2026-05-20T04:45:00Z,2026-05-20T06:45:00+0200,11548.65637,MW,DE,DE_LU,forecast_onshore_wind_generation,Wind Onshore,2026-06-10T05:22:42Z
2026-06-10T05:21:31Z,2026-06-10T07:21:31+0200,3782c388-ddaf-4035-9ca0-973a72568e07,2026-05-20T05:00:00Z,2026-05-20T07:00:00+0200,11336.92453,MW,DE,DE_LU,forecast_onshore_wind_generation,Wind Onshore,2026-06-10T05:22:42Z
2026-06-10T05:21:31Z,2026-06-10T07:21:31+0200,3782c388-ddaf-4035-9ca0-973a72568e07,2026-05-20T05:15:00Z,2026-05-20T07:15:00+0200,11098.09089,MW,DE,DE_LU,forecast_onshore_wind_generation,Wind Onshore,2026-06-10T05:22:42Z
2026-06-10T05:21:31Z,2026-06-10T07:21:31+0200,3782c388-ddaf-4035-9ca0-973a72568e07,2026-05-20T05:30:00Z,2026-05-20T07:30:00+0200,10846.92966,MW,DE,DE_LU,forecast_onshore_wind_generation,Wind Onshore,2026-06-10T05:22:42Z
2026-06-10T05:21:31Z,2026-06-10T07:21:31+0200,3782c388-ddaf-4035-9ca0-973a72568e07,2026-05-20T05:45:00Z,2026-05-20T07:45:00+0200,10582.64408,MW,DE,DE_LU,forecast_onshore_wind_generation,Wind Onshore,2026-06-10T05:22:42Z
2026-06-10T05:21:31Z,2026-06-10T07:21:31+0200,3782c388-ddaf-4035-9ca0-973a72568e07,2026-05-20T06:00:00Z,2026-05-20T08:00:00+0200,10323.5627,MW,DE,DE_LU,forecast_onshore_wind_generation,Wind Onshore,2026-06-10T05:22:42Z
2026-06-10T05:21:31Z,2026-06-10T07:21:31+0200,3782c388-ddaf-4035-9ca0-973a72568e07,2026-05-20T06:15:00Z,2026-05-20T08:15:00+0200,10123.69106,MW,DE,DE_LU,forecast_onshore_wind_generation,Wind Onshore,2026-06-10T05:22:42Z
2026-06-10T05:21:31Z,2026-06-10T07:21:31+0200,3782c388-ddaf-4035-9ca0-973a72568e07,2026-05-20T06:30:00Z,2026-05-20T08:30:00+0200,9945.93348,MW,DE,DE_LU,forecast_onshore_wind_generation,Wind Onshore,2026-06-10T05:22:42Z
2026-06-10T05:21:31Z,2026-06-10T07:21:31+0200,3782c388-ddaf-4035-9ca0-973a72568e07,2026-05-20T06:45:00Z,2026-05-20T08:45:00+0200,9785.34477,MW,DE,DE_LU,forecast_onshore_wind_generation,Wind Onshore,2026-06-10T05:22:42Z
2026-06-10T05:21:31Z,2026-06-10T07:21:31+0200,3782c388-ddaf-4035-9ca0-973a72568e07,2026-05-20T07:00:00Z,2026-05-20T09:00:00+0200,9794.91404,MW,DE,DE_LU,forecast_onshore_wind_generation,Wind Onshore,2026-06-10T05:22:42Z
2026-06-10T05:21:31Z,2026-06-10T07:21:31+0200,3782c388-ddaf-4035-9ca0-973a72568e07,2026-05-20T07:15:00Z,2026-05-20T09:15:00+0200,9869.48501,MW,DE,DE_LU,forecast_onshore_wind_generation,Wind Onshore,2026-06-10T05:22:42Z
2026-06-10T05:21:31Z,2026-06-10T07:21:31+0200,3782c388-ddaf-4035-9ca0-973a72568e07,2026-05-20T07:30:00Z,2026-05-20T09:30:00+0200,9960.98162,MW,DE,DE_LU,forecast_onshore_wind_generation,Wind Onshore,2026-06-10T05:22:42Z
2026-06-10T05:21:31Z,2026-06-10T07:21:31+0200,3782c388-ddaf-4035-9ca0-973a72568e07,2026-05-20T07:45:00Z,2026-05-20T09:45:00+0200,10125.93612,MW,DE,DE_LU,forecast_onshore_wind_generation,Wind Onshore,2026-06-10T05:22:42Z
2026-06-10T05:21:31Z,2026-06-10T07:21:31+0200,3782c388-ddaf-4035-9ca0-973a72568e07,2026-05-20T08:00:00Z,2026-05-20T10:00:00+0200,10338.92713,MW,DE,DE_LU,forecast_onshore_wind_generation,Wind Onshore,2026-06-10T05:22:42Z
2026-06-10T05:21:31Z,2026-06-10T07:21:31+0200,3782c388-ddaf-4035-9ca0-973a72568e07,2026-05-20T08:15:00Z,2026-05-20T10:15:00+0200,10520.08701,MW,DE,DE_LU,forecast_onshore_wind_generation,Wind Onshore,2026-06-10T05:22:42Z
2026-06-10T05:21:31Z,2026-06-10T07:21:31+0200,3782c388-ddaf-4035-9ca0-973a72568e07,2026-05-20T08:30:00Z,2026-05-20T10:30:00+0200,10694.10499,MW,DE,DE_LU,forecast_onshore_wind_generation,Wind Onshore,2026-06-10T05:22:42Z
2026-06-10T05:21:31Z,2026-06-10T07:21:31+0200,3782c388-ddaf-4035-9ca0-973a72568e07,2026-05-20T08:45:00Z,2026-05-20T10:45:00+0200,10865.25273,MW,DE,DE_LU,forecast_onshore_wind_generation,Wind Onshore,2026-06-10T05:22:42Z
2026-06-10T05:21:31Z,2026-06-10T07:21:31+0200,3782c388-ddaf-4035-9ca0-973a72568e07,2026-05-20T09:00:00Z,2026-05-20T11:00:00+0200,11025.96288,MW,DE,DE_LU,forecast_onshore_wind_generation,Wind Onshore,2026-06-10T05:22:42Z
2026-06-10T05:21:31Z,2026-06-10T07:21:31+0200,3782c388-ddaf-4035-9ca0-973a72568e07,2026-05-20T09:15:00Z,2026-05-20T11:15:00+0200,11126.8887,MW,DE,DE_LU,forecast_onshore_wind_generation,Wind Onshore,2026-06-10T05:22:42Z
2026-06-10T05:21:31Z,2026-06-10T07:21:31+0200,3782c388-ddaf-4035-9ca0-973a72568e07,2026-05-20T09:30:00Z,2026-05-20T11:30:00+0200,11231.90391,MW,DE,DE_LU,forecast_onshore_wind_generation,Wind Onshore,2026-06-10T05:22:42Z
2026-06-10T05:21:31Z,2026-06-10T07:21:31+0200,3782c388-ddaf-4035-9ca0-973a72568e07,2026-05-20T09:45:00Z,2026-05-20T11:45:00+0200,11342.30302,MW,DE,DE_LU,forecast_onshore_wind_generation,Wind Onshore,2026-06-10T05:22:42Z
2026-06-10T05:21:31Z,2026-06-10T07:21:31+0200,3782c388-ddaf-4035-9ca0-973a72568e07,2026-05-20T10:00:00Z,2026-05-20T12:00:00+0200,11468.30473,MW,DE,DE_LU,forecast_onshore_wind_generation,Wind Onshore,2026-06-10T05:22:42Z
2026-06-10T05:21:31Z,2026-06-10T07:21:31+0200,3782c388-ddaf-4035-9ca0-973a72568e07,2026-05-20T10:15:00Z,2026-05-20T12:15:00+0200,11607.68842,MW,DE,DE_LU,forecast_onshore_wind_generation,Wind Onshore,2026-06-10T05:22:42Z
2026-06-10T05:21:31Z,2026-06-10T07:21:31+0200,3782c388-ddaf-4035-9ca0-973a72568e07,2026-05-20T10:30:00Z,2026-05-20T12:30:00+0200,11745.19095,MW,DE,DE_LU,forecast_onshore_wind_generation,Wind Onshore,2026-06-10T05:22:42Z
2026-06-10T05:21:31Z,2026-06-10T07:21:31+0200,3782c388-ddaf-4035-9ca0-973a72568e07,2026-05-20T10:45:00Z,2026-05-20T12:45:00+0200,11891.08508,MW,DE,DE_LU,forecast_onshore_wind_generation,Wind Onshore,2026-06-10T05:22:42Z
2026-06-10T05:21:31Z,2026-06-10T07:21:31+0200,3782c388-ddaf-4035-9ca0-973a72568e07,2026-05-20T11:00:00Z,2026-05-20T13:00:00+0200,12036.0528,MW,DE,DE_LU,forecast_onshore_wind_generation,Wind Onshore,2026-06-10T05:22:42Z
2026-06-10T05:21:31Z,2026-06-10T07:21:31+0200,3782c388-ddaf-4035-9ca0-973a72568e07,2026-05-20T11:15:00Z,2026-05-20T13:15:00+0200,12193.085,MW,DE,DE_LU,forecast_onshore_wind_generation,Wind Onshore,2026-06-10T05:22:42Z
2026-06-10T05:21:31Z,2026-06-10T07:21:31+0200,3782c388-ddaf-4035-9ca0-973a72568e07,2026-05-20T11:30:00Z,2026-05-20T13:30:00+0200,12369.81154,MW,DE,DE_LU,forecast_onshore_wind_generation,Wind Onshore,2026-06-10T05:22:42Z
2026-06-10T05:21:31Z,2026-06-10T07:21:31+0200,3782c388-ddaf-4035-9ca0-973a72568e07,2026-05-20T11:45:00Z,2026-05-20T13:45:00+0200,12548.31149,MW,DE,DE_LU,forecast_onshore_wind_generation,Wind Onshore,2026-06-10T05:22:42Z
2026-06-10T05:21:31Z,2026-06-10T07:21:31+0200,3782c388-ddaf-4035-9ca0-973a72568e07,2026-05-20T12:00:00Z,2026-05-20T14:00:00+0200,12733.59856,MW,DE,DE_LU,forecast_onshore_wind_generation,Wind Onshore,2026-06-10T05:22:42Z
2026-06-10T05:21:31Z,2026-06-10T07:21:31+0200,3782c388-ddaf-4035-9ca0-973a72568e07,2026-05-20T12:15:00Z,2026-05-20T14:15:00+0200,12876.07124,MW,DE,DE_LU,forecast_onshore_wind_generation,Wind Onshore,2026-06-10T05:22:42Z
2026-06-10T05:21:31Z,2026-06-10T07:21:31+0200,3782c388-ddaf-4035-9ca0-973a72568e07,2026-05-20T12:30:00Z,2026-05-20T14:30:00+0200,12984.23781,MW,DE,DE_LU,forecast_onshore_wind_generation,Wind Onshore,2026-06-10T05:22:42Z
2026-06-10T05:21:31Z,2026-06-10T07:21:31+0200,3782c388-ddaf-4035-9ca0-973a72568e07,2026-05-20T12:45:00Z,2026-05-20T14:45:00+0200,13074.20703,MW,DE,DE_LU,forecast_onshore_wind_generation,Wind Onshore,2026-06-10T05:22:42Z
2026-06-10T05:21:31Z,2026-06-10T07:21:31+0200,3782c388-ddaf-4035-9ca0-973a72568e07,2026-05-20T13:00:00Z,2026-05-20T15:00:00+0200,13124.28725,MW,DE,DE_LU,forecast_onshore_wind_generation,Wind Onshore,2026-06-10T05:22:42Z
2026-06-10T05:21:31Z,2026-06-10T07:21:31+0200,3782c388-ddaf-4035-9ca0-973a72568e07,2026-05-20T13:15:00Z,2026-05-20T15:15:00+0200,13149.82544,MW,DE,DE_LU,forecast_onshore_wind_generation,Wind Onshore,2026-06-10T05:22:42Z
2026-06-10T05:21:31Z,2026-06-10T07:21:31+0200,3782c388-ddaf-4035-9ca0-973a72568e07,2026-05-20T13:30:00Z,2026-05-20T15:30:00+0200,13173.70075,MW,DE,DE_LU,forecast_onshore_wind_generation,Wind Onshore,2026-06-10T05:22:42Z
2026-06-10T05:21:31Z,2026-06-10T07:21:31+0200,3782c388-ddaf-4035-9ca0-973a72568e07,2026-05-20T13:45:00Z,2026-05-20T15:45:00+0200,13177.27518,MW,DE,DE_LU,forecast_onshore_wind_generation,Wind Onshore,2026-06-10T05:22:42Z
2026-06-10T05:21:31Z,2026-06-10T07:21:31+0200,3782c388-ddaf-4035-9ca0-973a72568e07,2026-05-20T14:00:00Z,2026-05-20T16:00:00+0200,13166.12172,MW,DE,DE_LU,forecast_onshore_wind_generation,Wind Onshore,2026-06-10T05:22:42Z
2026-06-10T05:21:31Z,2026-06-10T07:21:31+0200,3782c388-ddaf-4035-9ca0-973a72568e07,2026-05-20T14:15:00Z,2026-05-20T16:15:00+0200,13050.91398,MW,DE,DE_LU,forecast_onshore_wind_generation,Wind Onshore,2026-06-10T05:22:42Z
2026-06-10T05:21:31Z,2026-06-10T07:21:31+0200,3782c388-ddaf-4035-9ca0-973a72568e07,2026-05-20T14:30:00Z,2026-05-20T16:30:00+0200,12914.98725,MW,DE,DE_LU,forecast_onshore_wind_generation,Wind Onshore,2026-06-10T05:22:42Z
2026-06-10T05:21:31Z,2026-06-10T07:21:31+0200,3782c388-ddaf-4035-9ca0-973a72568e07,2026-05-20T14:45:00Z,2026-05-20T16:45:00+0200,12775.65042,MW,DE,DE_LU,forecast_onshore_wind_generation,Wind Onshore,2026-06-10T05:22:42Z
2026-06-10T05:21:31Z,2026-06-10T07:21:31+0200,3782c388-ddaf-4035-9ca0-973a72568e07,2026-05-20T15:00:00Z,2026-05-20T17:00:00+0200,12618.62894,MW,DE,DE_LU,forecast_onshore_wind_generation,Wind Onshore,2026-06-10T05:22:42Z
2026-06-10T05:21:31Z,2026-06-10T07:21:31+0200,3782c388-ddaf-4035-9ca0-973a72568e07,2026-05-20T15:15:00Z,2026-05-20T17:15:00+0200,12299.04099,MW,DE,DE_LU,forecast_onshore_wind_generation,Wind Onshore,2026-06-10T05:22:42Z
2026-06-10T05:21:31Z,2026-06-10T07:21:31+0200,3782c388-ddaf-4035-9ca0-973a72568e07,2026-05-20T15:30:00Z,2026-05-20T17:30:00+0200,11962.13683,MW,DE,DE_LU,forecast_onshore_wind_generation,Wind Onshore,2026-06-10T05:22:42Z
2026-06-10T05:21:31Z,2026-06-10T07:21:31+0200,3782c388-ddaf-4035-9ca0-973a72568e07,2026-05-20T15:45:00Z,2026-05-20T17:45:00+0200,11615.39382,MW,DE,DE_LU,forecast_onshore_wind_generation,Wind Onshore,2026-06-10T05:22:42Z
2026-06-10T05:21:31Z,2026-06-10T07:21:31+0200,3782c388-ddaf-4035-9ca0-973a72568e07,2026-05-20T16:00:00Z,2026-05-20T18:00:00+0200,11250.9168,MW,DE,DE_LU,forecast_onshore_wind_generation,Wind Onshore,2026-06-10T05:22:42Z
2026-06-10T05:21:31Z,2026-06-10T07:21:31+0200,3782c388-ddaf-4035-9ca0-973a72568e07,2026-05-20T16:15:00Z,2026-05-20T18:15:00+0200,10754.23116,MW,DE,DE_LU,forecast_onshore_wind_generation,Wind Onshore,2026-06-10T05:22:42Z
2026-06-10T05:21:31Z,2026-06-10T07:21:31+0200,3782c388-ddaf-4035-9ca0-973a72568e07,2026-05-20T16:30:00Z,2026-05-20T18:30:00+0200,10233.08009,MW,DE,DE_LU,forecast_onshore_wind_generation,Wind Onshore,2026-06-10T05:22:42Z
2026-06-10T05:21:31Z,2026-06-10T07:21:31+0200,3782c388-ddaf-4035-9ca0-973a72568e07,2026-05-20T16:45:00Z,2026-05-20T18:45:00+0200,9710.5089,MW,DE,DE_LU,forecast_onshore_wind_generation,Wind Onshore,2026-06-10T05:22:42Z
2026-06-10T05:21:31Z,2026-06-10T07:21:31+0200,3782c388-ddaf-4035-9ca0-973a72568e07,2026-05-20T17:00:00Z,2026-05-20T19:00:00+0200,9195.28907,MW,DE,DE_LU,forecast_onshore_wind_generation,Wind Onshore,2026-06-10T05:22:42Z
2026-06-10T05:21:31Z,2026-06-10T07:21:31+0200,3782c388-ddaf-4035-9ca0-973a72568e07,2026-05-20T17:15:00Z,2026-05-20T19:15:00+0200,8696.82676,MW,DE,DE_LU,forecast_onshore_wind_generation,Wind Onshore,2026-06-10T05:22:42Z
2026-06-10T05:21:31Z,2026-06-10T07:21:31+0200,3782c388-ddaf-4035-9ca0-973a72568e07,2026-05-20T17:30:00Z,2026-05-20T19:30:00+0200,8205.56939,MW,DE,DE_LU,forecast_onshore_wind_generation,Wind Onshore,2026-06-10T05:22:42Z
2026-06-10T05:21:31Z,2026-06-10T07:21:31+0200,3782c388-ddaf-4035-9ca0-973a72568e07,2026-05-20T17:45:00Z,2026-05-20T19:45:00+0200,7791.63499,MW,DE,DE_LU,forecast_onshore_wind_generation,Wind Onshore,2026-06-10T05:22:42Z
2026-06-10T05:21:31Z,2026-06-10T07:21:31+0200,3782c388-ddaf-4035-9ca0-973a72568e07,2026-05-20T18:00:00Z,2026-05-20T20:00:00+0200,7398.19852,MW,DE,DE_LU,forecast_onshore_wind_generation,Wind Onshore,2026-06-10T05:22:42Z
2026-06-10T05:21:31Z,2026-06-10T07:21:31+0200,3782c388-ddaf-4035-9ca0-973a72568e07,2026-05-20T18:15:00Z,2026-05-20T20:15:00+0200,7090.87262,MW,DE,DE_LU,forecast_onshore_wind_generation,Wind Onshore,2026-06-10T05:22:42Z
2026-06-10T05:21:31Z,2026-06-10T07:21:31+0200,3782c388-ddaf-4035-9ca0-973a72568e07,2026-05-20T18:30:00Z,2026-05-20T20:30:00+0200,6908.99174,MW,DE,DE_LU,forecast_onshore_wind_generation,Wind Onshore,2026-06-10T05:22:42Z
2026-06-10T05:21:31Z,2026-06-10T07:21:31+0200,3782c388-ddaf-4035-9ca0-973a72568e07,2026-05-20T18:45:00Z,2026-05-20T20:45:00+0200,6732.84874,MW,DE,DE_LU,forecast_onshore_wind_generation,Wind Onshore,2026-06-10T05:22:42Z
2026-06-10T05:21:31Z,2026-06-10T07:21:31+0200,3782c388-ddaf-4035-9ca0-973a72568e07,2026-05-20T19:00:00Z,2026-05-20T21:00:00+0200,6605.56733,MW,DE,DE_LU,forecast_onshore_wind_generation,Wind Onshore,2026-06-10T05:22:42Z
2026-06-10T05:21:31Z,2026-06-10T07:21:31+0200,3782c388-ddaf-4035-9ca0-973a72568e07,2026-05-20T19:15:00Z,2026-05-20T21:15:00+0200,6612.62007,MW,DE,DE_LU,forecast_onshore_wind_generation,Wind Onshore,2026-06-10T05:22:42Z
2026-06-10T05:21:31Z,2026-06-10T07:21:31+0200,3782c388-ddaf-4035-9ca0-973a72568e07,2026-05-20T19:30:00Z,2026-05-20T21:30:00+0200,6653.29498,MW,DE,DE_LU,forecast_onshore_wind_generation,Wind Onshore,2026-06-10T05:22:42Z
2026-06-10T05:21:31Z,2026-06-10T07:21:31+0200,3782c388-ddaf-4035-9ca0-973a72568e07,2026-05-20T19:45:00Z,2026-05-20T21:45:00+0200,6719.60876,MW,DE,DE_LU,forecast_onshore_wind_generation,Wind Onshore,2026-06-10T05:22:42Z
2026-06-10T05:21:31Z,2026-06-10T07:21:31+0200,3782c388-ddaf-4035-9ca0-973a72568e07,2026-05-20T20:00:00Z,2026-05-20T22:00:00+0200,6830.21926,MW,DE,DE_LU,forecast_onshore_wind_generation,Wind Onshore,2026-06-10T05:22:42Z
2026-06-10T05:21:31Z,2026-06-10T07:21:31+0200,3782c388-ddaf-4035-9ca0-973a72568e07,2026-05-20T20:15:00Z,2026-05-20T22:15:00+0200,7021.73278,MW,DE,DE_LU,forecast_onshore_wind_generation,Wind Onshore,2026-06-10T05:22:42Z
2026-06-10T05:21:31Z,2026-06-10T07:21:31+0200,3782c388-ddaf-4035-9ca0-973a72568e07,2026-05-20T20:30:00Z,2026-05-20T22:30:00+0200,7217.57801,MW,DE,DE_LU,forecast_onshore_wind_generation,Wind Onshore,2026-06-10T05:22:42Z
2026-06-10T05:21:31Z,2026-06-10T07:21:31+0200,3782c388-ddaf-4035-9ca0-973a72568e07,2026-05-20T20:45:00Z,2026-05-20T22:45:00+0200,7447.32446,MW,DE,DE_LU,forecast_onshore_wind_generation,Wind Onshore,2026-06-10T05:22:42Z
2026-06-10T05:21:31Z,2026-06-10T07:21:31+0200,3782c388-ddaf-4035-9ca0-973a72568e07,2026-05-20T21:00:00Z,2026-05-20T23:00:00+0200,7677.61255,MW,DE,DE_LU,forecast_onshore_wind_generation,Wind Onshore,2026-06-10T05:22:42Z
2026-06-10T05:21:31Z,2026-06-10T07:21:31+0200,3782c388-ddaf-4035-9ca0-973a72568e07,2026-05-20T21:15:00Z,2026-05-20T23:15:00+0200,7961.30224,MW,DE,DE_LU,forecast_onshore_wind_generation,Wind Onshore,2026-06-10T05:22:42Z
2026-06-10T05:21:31Z,2026-06-10T07:21:31+0200,3782c388-ddaf-4035-9ca0-973a72568e07,2026-05-20T21:30:00Z,2026-05-20T23:30:00+0200,8252.40899,MW,DE,DE_LU,forecast_onshore_wind_generation,Wind Onshore,2026-06-10T05:22:42Z
2026-06-10T05:21:31Z,2026-06-10T07:21:31+0200,3782c388-ddaf-4035-9ca0-973a72568e07,2026-05-20T21:45:00Z,2026-05-20T23:45:00+0200,8551.1736,MW,DE,DE_LU,forecast_onshore_wind_generation,Wind Onshore,2026-06-10T05:22:42Z
2026-06-10T05:21:31Z,2026-06-10T07:21:31+0200,3782c388-ddaf-4035-9ca0-973a72568e07,2026-05-20T22:00:00Z,2026-05-21T00:00:00+0200,9143.88342,MW,DE,DE_LU,forecast_onshore_wind_generation,Wind Onshore,2026-06-10T05:22:42Z
2026-06-10T05:21:31Z,2026-06-10T07:21:31+0200,3782c388-ddaf-4035-9ca0-973a72568e07,2026-05-20T22:15:00Z,2026-05-21T00:15:00+0200,9360.01556,MW,DE,DE_LU,forecast_onshore_wind_generation,Wind Onshore,2026-06-10T05:22:42Z
2026-06-10T05:21:31Z,2026-06-10T07:21:31+0200,3782c388-ddaf-4035-9ca0-973a72568e07,2026-05-20T22:30:00Z,2026-05-21T00:30:00+0200,9578.70148,MW,DE,DE_LU,forecast_onshore_wind_generation,Wind Onshore,2026-06-10T05:22:42Z
2026-06-10T05:21:31Z,2026-06-10T07:21:31+0200,3782c388-ddaf-4035-9ca0-973a72568e07,2026-05-20T22:45:00Z,2026-05-21T00:45:00+0200,9791.44768,MW,DE,DE_LU,forecast_onshore_wind_generation,Wind Onshore,2026-06-10T05:22:42Z
2026-06-10T05:21:31Z,2026-06-10T07:21:31+0200,3782c388-ddaf-4035-9ca0-973a72568e07,2026-05-20T23:00:00Z,2026-05-21T01:00:00+0200,10000.26009,MW,DE,DE_LU,forecast_onshore_wind_generation,Wind Onshore,2026-06-10T05:22:42Z
2026-06-10T05:21:31Z,2026-06-10T07:21:31+0200,3782c388-ddaf-4035-9ca0-973a72568e07,2026-05-20T23:15:00Z,2026-05-21T01:15:00+0200,10203.02994,MW,DE,DE_LU,forecast_onshore_wind_generation,Wind Onshore,2026-06-10T05:22:42Z
2026-06-10T05:21:31Z,2026-06-10T07:21:31+0200,3782c388-ddaf-4035-9ca0-973a72568e07,2026-05-20T23:30:00Z,2026-05-21T01:30:00+0200,10395.34715,MW,DE,DE_LU,forecast_onshore_wind_generation,Wind Onshore,2026-06-10T05:22:42Z
2026-06-10T05:21:31Z,2026-06-10T07:21:31+0200,3782c388-ddaf-4035-9ca0-973a72568e07,2026-05-20T23:45:00Z,2026-05-21T01:45:00+0200,10584.60082,MW,DE,DE_LU,forecast_onshore_wind_generation,Wind Onshore,2026-06-10T05:22:42Z
2026-06-10T05:21:31Z,2026-06-10T07:21:31+0200,3782c388-ddaf-4035-9ca0-973a72568e07,2026-05-21T00:00:00Z,2026-05-21T02:00:00+0200,10725.8949,MW,DE,DE_LU,forecast_onshore_wind_generation,Wind Onshore,2026-06-10T05:22:42Z
2026-06-10T05:21:31Z,2026-06-10T07:21:31+0200,3782c388-ddaf-4035-9ca0-973a72568e07,2026-05-21T00:15:00Z,2026-05-21T02:15:00+0200,10796.93857,MW,DE,DE_LU,forecast_onshore_wind_generation,Wind Onshore,2026-06-10T05:22:42Z
2026-06-10T05:21:31Z,2026-06-10T07:21:31+0200,3782c388-ddaf-4035-9ca0-973a72568e07,2026-05-21T00:30:00Z,2026-05-21T02:30:00+0200,10866.71991,MW,DE,DE_LU,forecast_onshore_wind_generation,Wind Onshore,2026-06-10T05:22:42Z
2026-06-10T05:21:31Z,2026-06-10T07:21:31+0200,3782c388-ddaf-4035-9ca0-973a72568e07,2026-05-21T00:45:00Z,2026-05-21T02:45:00+0200,10940.91616,MW,DE,DE_LU,forecast_onshore_wind_generation,Wind Onshore,2026-06-10T05:22:42Z
2026-06-10T05:21:31Z,2026-06-10T07:21:31+0200,3782c388-ddaf-4035-9ca0-973a72568e07,2026-05-21T01:00:00Z,2026-05-21T03:00:00+0200,10999.50593,MW,DE,DE_LU,forecast_onshore_wind_generation,Wind Onshore,2026-06-10T05:22:42Z
2026-06-10T05:21:31Z,2026-06-10T07:21:31+0200,3782c388-ddaf-4035-9ca0-973a72568e07,2026-05-21T01:15:00Z,2026-05-21T03:15:00+0200,10950.23878,MW,DE,DE_LU,forecast_onshore_wind_generation,Wind Onshore,2026-06-10T05:22:42Z
2026-06-10T05:21:31Z,2026-06-10T07:21:31+0200,3782c388-ddaf-4035-9ca0-973a72568e07,2026-05-21T01:30:00Z,2026-05-21T03:30:00+0200,10900.45208,MW,DE,DE_LU,forecast_onshore_wind_generation,Wind Onshore,2026-06-10T05:22:42Z
2026-06-10T05:21:31Z,2026-06-10T07:21:31+0200,3782c388-ddaf-4035-9ca0-973a72568e07,2026-05-21T01:45:00Z,2026-05-21T03:45:00+0200,10847.83784,MW,DE,DE_LU,forecast_onshore_wind_generation,Wind Onshore,2026-06-10T05:22:42Z
2026-06-10T05:21:31Z,2026-06-10T07:21:31+0200,3782c388-ddaf-4035-9ca0-973a72568e07,2026-05-21T02:00:00Z,2026-05-21T04:00:00+0200,10789.27037,MW,DE,DE_LU,forecast_onshore_wind_generation,Wind Onshore,2026-06-10T05:22:42Z
2026-06-10T05:21:31Z,2026-06-10T07:21:31+0200,3782c388-ddaf-4035-9ca0-973a72568e07,2026-05-21T02:15:00Z,2026-05-21T04:15:00+0200,10616.85381,MW,DE,DE_LU,forecast_onshore_wind_generation,Wind Onshore,2026-06-10T05:22:42Z
2026-06-10T05:21:31Z,2026-06-10T07:21:31+0200,3782c388-ddaf-4035-9ca0-973a72568e07,2026-05-21T02:30:00Z,2026-05-21T04:30:00+0200,10443.96161,MW,DE,DE_LU,forecast_onshore_wind_generation,Wind Onshore,2026-06-10T05:22:42Z
2026-06-10T05:21:31Z,2026-06-10T07:21:31+0200,3782c388-ddaf-4035-9ca0-973a72568e07,2026-05-21T02:45:00Z,2026-05-21T04:45:00+0200,10270.6402,MW,DE,DE_LU,forecast_onshore_wind_generation,Wind Onshore,2026-06-10T05:22:42Z
2026-06-10T05:21:31Z,2026-06-10T07:21:31+0200,3782c388-ddaf-4035-9ca0-973a72568e07,2026-05-21T03:00:00Z,2026-05-21T05:00:00+0200,10086.72675,MW,DE,DE_LU,forecast_onshore_wind_generation,Wind Onshore,2026-06-10T05:22:42Z
2026-06-10T05:21:31Z,2026-06-10T07:21:31+0200,3782c388-ddaf-4035-9ca0-973a72568e07,2026-05-21T03:15:00Z,2026-05-21T05:15:00+0200,9799.31906,MW,DE,DE_LU,forecast_onshore_wind_generation,Wind Onshore,2026-06-10T05:22:42Z
2026-06-10T05:21:31Z,2026-06-10T07:21:31+0200,3782c388-ddaf-4035-9ca0-973a72568e07,2026-05-21T03:30:00Z,2026-05-21T05:30:00+0200,9507.87429,MW,DE,DE_LU,forecast_onshore_wind_generation,Wind Onshore,2026-06-10T05:22:42Z
2026-06-10T05:21:31Z,2026-06-10T07:21:31+0200,3782c388-ddaf-4035-9ca0-973a72568e07,2026-05-21T03:45:00Z,2026-05-21T05:45:00+0200,9213.12517,MW,DE,DE_LU,forecast_onshore_wind_generation,Wind Onshore,2026-06-10T05:22:42Z
2026-06-10T05:21:31Z,2026-06-10T07:21:31+0200,3782c388-ddaf-4035-9ca0-973a72568e07,2026-05-21T04:00:00Z,2026-05-21T06:00:00+0200,8984.2664,MW,DE,DE_LU,forecast_onshore_wind_generation,Wind Onshore,2026-06-10T05:22:42Z
2026-06-10T05:21:31Z,2026-06-10T07:21:31+0200,3782c388-ddaf-4035-9ca0-973a72568e07,2026-05-21T04:15:00Z,2026-05-21T06:15:00+0200,8520.43645,MW,DE,DE_LU,forecast_onshore_wind_generation,Wind Onshore,2026-06-10T05:22:42Z
2026-06-10T05:21:31Z,2026-06-10T07:21:31+0200,3782c388-ddaf-4035-9ca0-973a72568e07,2026-05-21T04:30:00Z,2026-05-21T06:30:00+0200,8062.67806,MW,DE,DE_LU,forecast_onshore_wind_generation,Wind Onshore,2026-06-10T05:22:42Z
2026-06-10T05:21:31Z,2026-06-10T07:21:31+0200,3782c388-ddaf-4035-9ca0-973a72568e07,2026-05-21T04:45:00Z,2026-05-21T06:45:00+0200,7601.8629,MW,DE,DE_LU,forecast_onshore_wind_generation,Wind Onshore,2026-06-10T05:22:42Z
2026-06-10T05:21:31Z,2026-06-10T07:21:31+0200,3782c388-ddaf-4035-9ca0-973a72568e07,2026-05-21T05:00:00Z,2026-05-21T07:00:00+0200,7133.09231,MW,DE,DE_LU,forecast_onshore_wind_generation,Wind Onshore,2026-06-10T05:22:42Z
2026-06-10T05:21:31Z,2026-06-10T07:21:31+0200,3782c388-ddaf-4035-9ca0-973a72568e07,2026-05-21T05:15:00Z,2026-05-21T07:15:00+0200,6579.55411,MW,DE,DE_LU,forecast_onshore_wind_generation,Wind Onshore,2026-06-10T05:22:42Z
2026-06-10T05:21:31Z,2026-06-10T07:21:31+0200,3782c388-ddaf-4035-9ca0-973a72568e07,2026-05-21T05:30:00Z,2026-05-21T07:30:00+0200,6004.199,MW,DE,DE_LU,forecast_onshore_wind_generation,Wind Onshore,2026-06-10T05:22:42Z
2026-06-10T05:21:31Z,2026-06-10T07:21:31+0200,3782c388-ddaf-4035-9ca0-973a72568e07,2026-05-21T05:45:00Z,2026-05-21T07:45:00+0200,5467.61313,MW,DE,DE_LU,forecast_onshore_wind_generation,Wind Onshore,2026-06-10T05:22:42Z
2026-06-10T05:21:31Z,2026-06-10T07:21:31+0200,3782c388-ddaf-4035-9ca0-973a72568e07,2026-05-21T06:00:00Z,2026-05-21T08:00:00+0200,5092.84863,MW,DE,DE_LU,forecast_onshore_wind_generation,Wind Onshore,2026-06-10T05:22:42Z
2026-06-10T05:21:31Z,2026-06-10T07:21:31+0200,3782c388-ddaf-4035-9ca0-973a72568e07,2026-05-21T06:15:00Z,2026-05-21T08:15:00+0200,4906.7628,MW,DE,DE_LU,forecast_onshore_wind_generation,Wind Onshore,2026-06-10T05:22:42Z
2026-06-10T05:21:31Z,2026-06-10T07:21:31+0200,3782c388-ddaf-4035-9ca0-973a72568e07,2026-05-21T06:30:00Z,2026-05-21T08:30:00+0200,4730.86603,MW,DE,DE_LU,forecast_onshore_wind_generation,Wind Onshore,2026-06-10T05:22:42Z
2026-06-10T05:21:31Z,2026-06-10T07:21:31+0200,3782c388-ddaf-4035-9ca0-973a72568e07,2026-05-21T06:45:00Z,2026-05-21T08:45:00+0200,4562.62022,MW,DE,DE_LU,forecast_onshore_wind_generation,Wind Onshore,2026-06-10T05:22:42Z
2026-06-10T05:21:31Z,2026-06-10T07:21:31+0200,3782c388-ddaf-4035-9ca0-973a72568e07,2026-05-21T07:00:00Z,2026-05-21T09:00:00+0200,4462.54019,MW,DE,DE_LU,forecast_onshore_wind_generation,Wind Onshore,2026-06-10T05:22:42Z
2026-06-10T05:21:31Z,2026-06-10T07:21:31+0200,3782c388-ddaf-4035-9ca0-973a72568e07,2026-05-21T07:15:00Z,2026-05-21T09:15:00+0200,4422.86504,MW,DE,DE_LU,forecast_onshore_wind_generation,Wind Onshore,2026-06-10T05:22:42Z
2026-06-10T05:21:31Z,2026-06-10T07:21:31+0200,3782c388-ddaf-4035-9ca0-973a72568e07,2026-05-21T07:30:00Z,2026-05-21T09:30:00+0200,4372.73582,MW,DE,DE_LU,forecast_onshore_wind_generation,Wind Onshore,2026-06-10T05:22:42Z
2026-06-10T05:21:31Z,2026-06-10T07:21:31+0200,3782c388-ddaf-4035-9ca0-973a72568e07,2026-05-21T07:45:00Z,2026-05-21T09:45:00+0200,4341.44045,MW,DE,DE_LU,forecast_onshore_wind_generation,Wind Onshore,2026-06-10T05:22:42Z
2026-06-10T05:21:31Z,2026-06-10T07:21:31+0200,3782c388-ddaf-4035-9ca0-973a72568e07,2026-05-21T08:00:00Z,2026-05-21T10:00:00+0200,4321.79422,MW,DE,DE_LU,forecast_onshore_wind_generation,Wind Onshore,2026-06-10T05:22:42Z
2026-06-10T05:21:31Z,2026-06-10T07:21:31+0200,3782c388-ddaf-4035-9ca0-973a72568e07,2026-05-21T08:15:00Z,2026-05-21T10:15:00+0200,4407.20704,MW,DE,DE_LU,forecast_onshore_wind_generation,Wind Onshore,2026-06-10T05:22:42Z
2026-06-10T05:21:31Z,2026-06-10T07:21:31+0200,3782c388-ddaf-4035-9ca0-973a72568e07,2026-05-21T08:30:00Z,2026-05-21T10:30:00+0200,4495.39644,MW,DE,DE_LU,forecast_onshore_wind_generation,Wind Onshore,2026-06-10T05:22:42Z
2026-06-10T05:21:31Z,2026-06-10T07:21:31+0200,3782c388-ddaf-4035-9ca0-973a72568e07,2026-05-21T08:45:00Z,2026-05-21T10:45:00+0200,4585.69914,MW,DE,DE_LU,forecast_onshore_wind_generation,Wind Onshore,2026-06-10T05:22:42Z
2026-06-10T05:21:31Z,2026-06-10T07:21:31+0200,3782c388-ddaf-4035-9ca0-973a72568e07,2026-05-21T09:00:00Z,2026-05-21T11:00:00+0200,4687.43713,MW,DE,DE_LU,forecast_onshore_wind_generation,Wind Onshore,2026-06-10T05:22:42Z
2026-06-10T05:21:31Z,2026-06-10T07:21:31+0200,3782c388-ddaf-4035-9ca0-973a72568e07,2026-05-21T09:15:00Z,2026-05-21T11:15:00+0200,4858.5209,MW,DE,DE_LU,forecast_onshore_wind_generation,Wind Onshore,2026-06-10T05:22:42Z
2026-06-10T05:21:31Z,2026-06-10T07:21:31+0200,3782c388-ddaf-4035-9ca0-973a72568e07,2026-05-21T09:30:00Z,2026-05-21T11:30:00+0200,5031.265,MW,DE,DE_LU,forecast_onshore_wind_generation,Wind Onshore,2026-06-10T05:22:42Z
2026-06-10T05:21:31Z,2026-06-10T07:21:31+0200,3782c388-ddaf-4035-9ca0-973a72568e07,2026-05-21T09:45:00Z,2026-05-21T11:45:00+0200,5199.28062,MW,DE,DE_LU,forecast_onshore_wind_generation,Wind Onshore,2026-06-10T05:22:42Z
2026-06-10T05:21:31Z,2026-06-10T07:21:31+0200,3782c388-ddaf-4035-9ca0-973a72568e07,2026-05-21T10:00:00Z,2026-05-21T12:00:00+0200,5352.71334,MW,DE,DE_LU,forecast_onshore_wind_generation,Wind Onshore,2026-06-10T05:22:42Z
2026-06-10T05:21:31Z,2026-06-10T07:21:31+0200,3782c388-ddaf-4035-9ca0-973a72568e07,2026-05-21T10:15:00Z,2026-05-21T12:15:00+0200,5462.77404,MW,DE,DE_LU,forecast_onshore_wind_generation,Wind Onshore,2026-06-10T05:22:42Z
2026-06-10T05:21:31Z,2026-06-10T07:21:31+0200,3782c388-ddaf-4035-9ca0-973a72568e07,2026-05-21T10:30:00Z,2026-05-21T12:30:00+0200,5569.68852,MW,DE,DE_LU,forecast_onshore_wind_generation,Wind Onshore,2026-06-10T05:22:42Z
2026-06-10T05:21:31Z,2026-06-10T07:21:31+0200,3782c388-ddaf-4035-9ca0-973a72568e07,2026-05-21T10:45:00Z,2026-05-21T12:45:00+0200,5675.60684,MW,DE,DE_LU,forecast_onshore_wind_generation,Wind Onshore,2026-06-10T05:22:42Z
2026-06-10T05:21:31Z,2026-06-10T07:21:31+0200,3782c388-ddaf-4035-9ca0-973a72568e07,2026-05-21T11:00:00Z,2026-05-21T13:00:00+0200,5782.26127,MW,DE,DE_LU,forecast_onshore_wind_generation,Wind Onshore,2026-06-10T05:22:42Z
2026-06-10T05:21:31Z,2026-06-10T07:21:31+0200,3782c388-ddaf-4035-9ca0-973a72568e07,2026-05-21T11:15:00Z,2026-05-21T13:15:00+0200,5863.70003,MW,DE,DE_LU,forecast_onshore_wind_generation,Wind Onshore,2026-06-10T05:22:42Z
2026-06-10T05:21:31Z,2026-06-10T07:21:31+0200,3782c388-ddaf-4035-9ca0-973a72568e07,2026-05-21T11:30:00Z,2026-05-21T13:30:00+0200,5954.80173,MW,DE,DE_LU,forecast_onshore_wind_generation,Wind Onshore,2026-06-10T05:22:42Z
2026-06-10T05:21:31Z,2026-06-10T07:21:31+0200,3782c388-ddaf-4035-9ca0-973a72568e07,2026-05-21T11:45:00Z,2026-05-21T13:45:00+0200,6070.18512,MW,DE,DE_LU,forecast_onshore_wind_generation,Wind Onshore,2026-06-10T05:22:42Z
2026-06-10T05:21:31Z,2026-06-10T07:21:31+0200,3782c388-ddaf-4035-9ca0-973a72568e07,2026-05-21T12:00:00Z,2026-05-21T14:00:00+0200,6196.15034,MW,DE,DE_LU,forecast_onshore_wind_generation,Wind Onshore,2026-06-10T05:22:42Z
2026-06-10T05:21:31Z,2026-06-10T07:21:31+0200,3782c388-ddaf-4035-9ca0-973a72568e07,2026-05-21T12:15:00Z,2026-05-21T14:15:00+0200,6268.03128,MW,DE,DE_LU,forecast_onshore_wind_generation,Wind Onshore,2026-06-10T05:22:42Z
2026-06-10T05:21:31Z,2026-06-10T07:21:31+0200,3782c388-ddaf-4035-9ca0-973a72568e07,2026-05-21T12:30:00Z,2026-05-21T14:30:00+0200,6306.90635,MW,DE,DE_LU,forecast_onshore_wind_generation,Wind Onshore,2026-06-10T05:22:42Z
2026-06-10T05:21:31Z,2026-06-10T07:21:31+0200,3782c388-ddaf-4035-9ca0-973a72568e07,2026-05-21T12:45:00Z,2026-05-21T14:45:00+0200,6331.53262,MW,DE,DE_LU,forecast_onshore_wind_generation,Wind Onshore,2026-06-10T05:22:42Z
2026-06-10T05:21:31Z,2026-06-10T07:21:31+0200,3782c388-ddaf-4035-9ca0-973a72568e07,2026-05-21T13:00:00Z,2026-05-21T15:00:00+0200,6331.87828,MW,DE,DE_LU,forecast_onshore_wind_generation,Wind Onshore,2026-06-10T05:22:42Z
2026-06-10T05:21:31Z,2026-06-10T07:21:31+0200,3782c388-ddaf-4035-9ca0-973a72568e07,2026-05-21T13:15:00Z,2026-05-21T15:15:00+0200,6274.02388,MW,DE,DE_LU,forecast_onshore_wind_generation,Wind Onshore,2026-06-10T05:22:42Z
2026-06-10T05:21:31Z,2026-06-10T07:21:31+0200,3782c388-ddaf-4035-9ca0-973a72568e07,2026-05-21T13:30:00Z,2026-05-21T15:30:00+0200,6214.82463,MW,DE,DE_LU,forecast_onshore_wind_generation,Wind Onshore,2026-06-10T05:22:42Z
2026-06-10T05:21:31Z,2026-06-10T07:21:31+0200,3782c388-ddaf-4035-9ca0-973a72568e07,2026-05-21T13:45:00Z,2026-05-21T15:45:00+0200,6152.40851,MW,DE,DE_LU,forecast_onshore_wind_generation,Wind Onshore,2026-06-10T05:22:42Z
2026-06-10T05:21:31Z,2026-06-10T07:21:31+0200,3782c388-ddaf-4035-9ca0-973a72568e07,2026-05-21T14:00:00Z,2026-05-21T16:00:00+0200,6085.14694,MW,DE,DE_LU,forecast_onshore_wind_generation,Wind Onshore,2026-06-10T05:22:42Z
2026-06-10T05:21:31Z,2026-06-10T07:21:31+0200,3782c388-ddaf-4035-9ca0-973a72568e07,2026-05-21T14:15:00Z,2026-05-21T16:15:00+0200,5991.07215,MW,DE,DE_LU,forecast_onshore_wind_generation,Wind Onshore,2026-06-10T05:22:42Z
2026-06-10T05:21:31Z,2026-06-10T07:21:31+0200,3782c388-ddaf-4035-9ca0-973a72568e07,2026-05-21T14:30:00Z,2026-05-21T16:30:00+0200,5896.15906,MW,DE,DE_LU,forecast_onshore_wind_generation,Wind Onshore,2026-06-10T05:22:42Z
2026-06-10T05:21:31Z,2026-06-10T07:21:31+0200,3782c388-ddaf-4035-9ca0-973a72568e07,2026-05-21T14:45:00Z,2026-05-21T16:45:00+0200,5803.57061,MW,DE,DE_LU,forecast_onshore_wind_generation,Wind Onshore,2026-06-10T05:22:42Z
2026-06-10T05:21:31Z,2026-06-10T07:21:31+0200,3782c388-ddaf-4035-9ca0-973a72568e07,2026-05-21T15:00:00Z,2026-05-21T17:00:00+0200,5697.79199,MW,DE,DE_LU,forecast_onshore_wind_generation,Wind Onshore,2026-06-10T05:22:42Z
2026-06-10T05:21:31Z,2026-06-10T07:21:31+0200,3782c388-ddaf-4035-9ca0-973a72568e07,2026-05-21T15:15:00Z,2026-05-21T17:15:00+0200,5508.23996,MW,DE,DE_LU,forecast_onshore_wind_generation,Wind Onshore,2026-06-10T05:22:42Z
2026-06-10T05:21:31Z,2026-06-10T07:21:31+0200,3782c388-ddaf-4035-9ca0-973a72568e07,2026-05-21T15:30:00Z,2026-05-21T17:30:00+0200,5318.78352,MW,DE,DE_LU,forecast_onshore_wind_generation,Wind Onshore,2026-06-10T05:22:42Z
2026-06-10T05:21:31Z,2026-06-10T07:21:31+0200,3782c388-ddaf-4035-9ca0-973a72568e07,2026-05-21T15:45:00Z,2026-05-21T17:45:00+0200,5125.13335,MW,DE,DE_LU,forecast_onshore_wind_generation,Wind Onshore,2026-06-10T05:22:42Z
2026-06-10T05:21:31Z,2026-06-10T07:21:31+0200,3782c388-ddaf-4035-9ca0-973a72568e07,2026-05-21T16:00:00Z,2026-05-21T18:00:00+0200,4914.52653,MW,DE,DE_LU,forecast_onshore_wind_generation,Wind Onshore,2026-06-10T05:22:42Z
2026-06-10T05:21:31Z,2026-06-10T07:21:31+0200,3782c388-ddaf-4035-9ca0-973a72568e07,2026-05-21T16:15:00Z,2026-05-21T18:15:00+0200,4625.47801,MW,DE,DE_LU,forecast_onshore_wind_generation,Wind Onshore,2026-06-10T05:22:42Z
2026-06-10T05:21:31Z,2026-06-10T07:21:31+0200,3782c388-ddaf-4035-9ca0-973a72568e07,2026-05-21T16:30:00Z,2026-05-21T18:30:00+0200,4330.94281,MW,DE,DE_LU,forecast_onshore_wind_generation,Wind Onshore,2026-06-10T05:22:42Z
2026-06-10T05:21:31Z,2026-06-10T07:21:31+0200,3782c388-ddaf-4035-9ca0-973a72568e07,2026-05-21T16:45:00Z,2026-05-21T18:45:00+0200,4030.17223,MW,DE,DE_LU,forecast_onshore_wind_generation,Wind Onshore,2026-06-10T05:22:42Z
2026-06-10T05:21:31Z,2026-06-10T07:21:31+0200,3782c388-ddaf-4035-9ca0-973a72568e07,2026-05-21T17:00:00Z,2026-05-21T19:00:00+0200,3723.52721,MW,DE,DE_LU,forecast_onshore_wind_generation,Wind Onshore,2026-06-10T05:22:42Z
2026-06-10T05:21:31Z,2026-06-10T07:21:31+0200,3782c388-ddaf-4035-9ca0-973a72568e07,2026-05-21T17:15:00Z,2026-05-21T19:15:00+0200,3478.31291,MW,DE,DE_LU,forecast_onshore_wind_generation,Wind Onshore,2026-06-10T05:22:42Z
2026-06-10T05:21:31Z,2026-06-10T07:21:31+0200,3782c388-ddaf-4035-9ca0-973a72568e07,2026-05-21T17:30:00Z,2026-05-21T19:30:00+0200,3240.82626,MW,DE,DE_LU,forecast_onshore_wind_generation,Wind Onshore,2026-06-10T05:22:42Z
2026-06-10T05:21:31Z,2026-06-10T07:21:31+0200,3782c388-ddaf-4035-9ca0-973a72568e07,2026-05-21T17:45:00Z,2026-05-21T19:45:00+0200,3026.25308,MW,DE,DE_LU,forecast_onshore_wind_generation,Wind Onshore,2026-06-10T05:22:42Z
2026-06-10T05:21:31Z,2026-06-10T07:21:31+0200,3782c388-ddaf-4035-9ca0-973a72568e07,2026-05-21T18:00:00Z,2026-05-21T20:00:00+0200,2836.13478,MW,DE,DE_LU,forecast_onshore_wind_generation,Wind Onshore,2026-06-10T05:22:42Z
2026-06-10T05:21:31Z,2026-06-10T07:21:31+0200,3782c388-ddaf-4035-9ca0-973a72568e07,2026-05-21T18:15:00Z,2026-05-21T20:15:00+0200,2737.82077,MW,DE,DE_LU,forecast_onshore_wind_generation,Wind Onshore,2026-06-10T05:22:42Z
2026-06-10T05:21:31Z,2026-06-10T07:21:31+0200,3782c388-ddaf-4035-9ca0-973a72568e07,2026-05-21T18:30:00Z,2026-05-21T20:30:00+0200,2665.11991,MW,DE,DE_LU,forecast_onshore_wind_generation,Wind Onshore,2026-06-10T05:22:42Z
2026-06-10T05:21:31Z,2026-06-10T07:21:31+0200,3782c388-ddaf-4035-9ca0-973a72568e07,2026-05-21T18:45:00Z,2026-05-21T20:45:00+0200,2577.06333,MW,DE,DE_LU,forecast_onshore_wind_generation,Wind Onshore,2026-06-10T05:22:42Z
2026-06-10T05:21:31Z,2026-06-10T07:21:31+0200,3782c388-ddaf-4035-9ca0-973a72568e07,2026-05-21T19:00:00Z,2026-05-21T21:00:00+0200,2481.30568,MW,DE,DE_LU,forecast_onshore_wind_generation,Wind Onshore,2026-06-10T05:22:42Z
2026-06-10T05:21:31Z,2026-06-10T07:21:31+0200,3782c388-ddaf-4035-9ca0-973a72568e07,2026-05-21T19:15:00Z,2026-05-21T21:15:00+0200,2446.20686,MW,DE,DE_LU,forecast_onshore_wind_generation,Wind Onshore,2026-06-10T05:22:42Z
2026-06-10T05:21:31Z,2026-06-10T07:21:31+0200,3782c388-ddaf-4035-9ca0-973a72568e07,2026-05-21T19:30:00Z,2026-05-21T21:30:00+0200,2436.56813,MW,DE,DE_LU,forecast_onshore_wind_generation,Wind Onshore,2026-06-10T05:22:42Z
2026-06-10T05:21:31Z,2026-06-10T07:21:31+0200,3782c388-ddaf-4035-9ca0-973a72568e07,2026-05-21T19:45:00Z,2026-05-21T21:45:00+0200,2441.22172,MW,DE,DE_LU,forecast_onshore_wind_generation,Wind Onshore,2026-06-10T05:22:42Z
2026-06-10T05:21:31Z,2026-06-10T07:21:31+0200,3782c388-ddaf-4035-9ca0-973a72568e07,2026-05-21T20:00:00Z,2026-05-21T22:00:00+0200,2443.83213,MW,DE,DE_LU,forecast_onshore_wind_generation,Wind Onshore,2026-06-10T05:22:42Z
2026-06-10T05:21:31Z,2026-06-10T07:21:31+0200,3782c388-ddaf-4035-9ca0-973a72568e07,2026-05-21T20:15:00Z,2026-05-21T22:15:00+0200,2462.81893,MW,DE,DE_LU,forecast_onshore_wind_generation,Wind Onshore,2026-06-10T05:22:42Z
2026-06-10T05:21:31Z,2026-06-10T07:21:31+0200,3782c388-ddaf-4035-9ca0-973a72568e07,2026-05-21T20:30:00Z,2026-05-21T22:30:00+0200,2481.26405,MW,DE,DE_LU,forecast_onshore_wind_generation,Wind Onshore,2026-06-10T05:22:42Z
2026-06-10T05:21:31Z,2026-06-10T07:21:31+0200,3782c388-ddaf-4035-9ca0-973a72568e07,2026-05-21T20:45:00Z,2026-05-21T22:45:00+0200,2497.42517,MW,DE,DE_LU,forecast_onshore_wind_generation,Wind Onshore,2026-06-10T05:22:42Z
2026-06-10T05:21:31Z,2026-06-10T07:21:31+0200,3782c388-ddaf-4035-9ca0-973a72568e07,2026-05-21T21:00:00Z,2026-05-21T23:00:00+0200,2515.0907,MW,DE,DE_LU,forecast_onshore_wind_generation,Wind Onshore,2026-06-10T05:22:42Z
2026-06-10T05:21:31Z,2026-06-10T07:21:31+0200,3782c388-ddaf-4035-9ca0-973a72568e07,2026-05-21T21:15:00Z,2026-05-21T23:15:00+0200,2482.71411,MW,DE,DE_LU,forecast_onshore_wind_generation,Wind Onshore,2026-06-10T05:22:42Z
2026-06-10T05:21:31Z,2026-06-10T07:21:31+0200,3782c388-ddaf-4035-9ca0-973a72568e07,2026-05-21T21:30:00Z,2026-05-21T23:30:00+0200,2451.54915,MW,DE,DE_LU,forecast_onshore_wind_generation,Wind Onshore,2026-06-10T05:22:42Z
2026-06-10T05:21:31Z,2026-06-10T07:21:31+0200,3782c388-ddaf-4035-9ca0-973a72568e07,2026-05-21T21:45:00Z,2026-05-21T23:45:00+0200,2419.21812,MW,DE,DE_LU,forecast_onshore_wind_generation,Wind Onshore,2026-06-10T05:22:42Z
2026-06-10T05:21:31Z,2026-06-10T07:21:31+0200,3782c388-ddaf-4035-9ca0-973a72568e07,2026-05-21T22:00:00Z,2026-05-22T00:00:00+0200,2328.75539,MW,DE,DE_LU,forecast_onshore_wind_generation,Wind Onshore,2026-06-10T05:22:42Z
2026-06-10T05:21:31Z,2026-06-10T07:21:31+0200,3782c388-ddaf-4035-9ca0-973a72568e07,2026-05-21T22:15:00Z,2026-05-22T00:15:00+0200,2265.98392,MW,DE,DE_LU,forecast_onshore_wind_generation,Wind Onshore,2026-06-10T05:22:42Z
2026-06-10T05:21:31Z,2026-06-10T07:21:31+0200,3782c388-ddaf-4035-9ca0-973a72568e07,2026-05-21T22:30:00Z,2026-05-22T00:30:00+0200,2200.68873,MW,DE,DE_LU,forecast_onshore_wind_generation,Wind Onshore,2026-06-10T05:22:42Z
2026-06-10T05:21:31Z,2026-06-10T07:21:31+0200,3782c388-ddaf-4035-9ca0-973a72568e07,2026-05-21T22:45:00Z,2026-05-22T00:45:00+0200,2146.85448,MW,DE,DE_LU,forecast_onshore_wind_generation,Wind Onshore,2026-06-10T05:22:42Z
2026-06-10T05:21:31Z,2026-06-10T07:21:31+0200,3782c388-ddaf-4035-9ca0-973a72568e07,2026-05-21T23:00:00Z,2026-05-22T01:00:00+0200,2092.86633,MW,DE,DE_LU,forecast_onshore_wind_generation,Wind Onshore,2026-06-10T05:22:42Z
2026-06-10T05:21:31Z,2026-06-10T07:21:31+0200,3782c388-ddaf-4035-9ca0-973a72568e07,2026-05-21T23:15:00Z,2026-05-22T01:15:00+0200,2038.77067,MW,DE,DE_LU,forecast_onshore_wind_generation,Wind Onshore,2026-06-10T05:22:42Z
2026-06-10T05:21:31Z,2026-06-10T07:21:31+0200,3782c388-ddaf-4035-9ca0-973a72568e07,2026-05-21T23:30:00Z,2026-05-22T01:30:00+0200,1991.93791,MW,DE,DE_LU,forecast_onshore_wind_generation,Wind Onshore,2026-06-10T05:22:42Z
2026-06-10T05:21:31Z,2026-06-10T07:21:31+0200,3782c388-ddaf-4035-9ca0-973a72568e07,2026-05-21T23:45:00Z,2026-05-22T01:45:00+0200,1957.2192,MW,DE,DE_LU,forecast_onshore_wind_generation,Wind Onshore,2026-06-10T05:22:42Z
2026-06-10T05:21:31Z,2026-06-10T07:21:31+0200,3782c388-ddaf-4035-9ca0-973a72568e07,2026-05-22T00:00:00Z,2026-05-22T02:00:00+0200,1940.18097,MW,DE,DE_LU,forecast_onshore_wind_generation,Wind Onshore,2026-06-10T05:22:42Z
2026-06-10T05:21:31Z,2026-06-10T07:21:31+0200,3782c388-ddaf-4035-9ca0-973a72568e07,2026-05-22T00:15:00Z,2026-05-22T02:15:00+0200,1917.08232,MW,DE,DE_LU,forecast_onshore_wind_generation,Wind Onshore,2026-06-10T05:22:42Z
2026-06-10T05:21:31Z,2026-06-10T07:21:31+0200,3782c388-ddaf-4035-9ca0-973a72568e07,2026-05-22T00:30:00Z,2026-05-22T02:30:00+0200,1889.41654,MW,DE,DE_LU,forecast_onshore_wind_generation,Wind Onshore,2026-06-10T05:22:42Z
2026-06-10T05:21:31Z,2026-06-10T07:21:31+0200,3782c388-ddaf-4035-9ca0-973a72568e07,2026-05-22T00:45:00Z,2026-05-22T02:45:00+0200,1859.85335,MW,DE,DE_LU,forecast_onshore_wind_generation,Wind Onshore,2026-06-10T05:22:42Z
2026-06-10T05:21:31Z,2026-06-10T07:21:31+0200,3782c388-ddaf-4035-9ca0-973a72568e07,2026-05-22T01:00:00Z,2026-05-22T03:00:00+0200,1829.83233,MW,DE,DE_LU,forecast_onshore_wind_generation,Wind Onshore,2026-06-10T05:22:42Z
2026-06-10T05:21:31Z,2026-06-10T07:21:31+0200,3782c388-ddaf-4035-9ca0-973a72568e07,2026-05-22T01:15:00Z,2026-05-22T03:15:00+0200,1828.56136,MW,DE,DE_LU,forecast_onshore_wind_generation,Wind Onshore,2026-06-10T05:22:42Z
2026-06-10T05:21:31Z,2026-06-10T07:21:31+0200,3782c388-ddaf-4035-9ca0-973a72568e07,2026-05-22T01:30:00Z,2026-05-22T03:30:00+0200,1823.95719,MW,DE,DE_LU,forecast_onshore_wind_generation,Wind Onshore,2026-06-10T05:22:42Z
2026-06-10T05:21:31Z,2026-06-10T07:21:31+0200,3782c388-ddaf-4035-9ca0-973a72568e07,2026-05-22T01:45:00Z,2026-05-22T03:45:00+0200,1819.00874,MW,DE,DE_LU,forecast_onshore_wind_generation,Wind Onshore,2026-06-10T05:22:42Z
2026-06-10T05:21:31Z,2026-06-10T07:21:31+0200,3782c388-ddaf-4035-9ca0-973a72568e07,2026-05-22T02:00:00Z,2026-05-22T04:00:00+0200,1818.13237,MW,DE,DE_LU,forecast_onshore_wind_generation,Wind Onshore,2026-06-10T05:22:42Z
2026-06-10T05:21:31Z,2026-06-10T07:21:31+0200,3782c388-ddaf-4035-9ca0-973a72568e07,2026-05-22T02:15:00Z,2026-05-22T04:15:00+0200,1859.33662,MW,DE,DE_LU,forecast_onshore_wind_generation,Wind Onshore,2026-06-10T05:22:42Z
2026-06-10T05:21:31Z,2026-06-10T07:21:31+0200,3782c388-ddaf-4035-9ca0-973a72568e07,2026-05-22T02:30:00Z,2026-05-22T04:30:00+0200,1896.13471,MW,DE,DE_LU,forecast_onshore_wind_generation,Wind Onshore,2026-06-10T05:22:42Z
2026-06-10T05:21:31Z,2026-06-10T07:21:31+0200,3782c388-ddaf-4035-9ca0-973a72568e07,2026-05-22T02:45:00Z,2026-05-22T04:45:00+0200,1932.91036,MW,DE,DE_LU,forecast_onshore_wind_generation,Wind Onshore,2026-06-10T05:22:42Z
2026-06-10T05:21:31Z,2026-06-10T07:21:31+0200,3782c388-ddaf-4035-9ca0-973a72568e07,2026-05-22T03:00:00Z,2026-05-22T05:00:00+0200,1969.53748,MW,DE,DE_LU,forecast_onshore_wind_generation,Wind Onshore,2026-06-10T05:22:42Z
2026-06-10T05:21:31Z,2026-06-10T07:21:31+0200,3782c388-ddaf-4035-9ca0-973a72568e07,2026-05-22T03:15:00Z,2026-05-22T05:15:00+0200,2020.25358,MW,DE,DE_LU,forecast_onshore_wind_generation,Wind Onshore,2026-06-10T05:22:42Z
2026-06-10T05:21:31Z,2026-06-10T07:21:31+0200,3782c388-ddaf-4035-9ca0-973a72568e07,2026-05-22T03:30:00Z,2026-05-22T05:30:00+0200,2068.94208,MW,DE,DE_LU,forecast_onshore_wind_generation,Wind Onshore,2026-06-10T05:22:42Z
2026-06-10T05:21:31Z,2026-06-10T07:21:31+0200,3782c388-ddaf-4035-9ca0-973a72568e07,2026-05-22T03:45:00Z,2026-05-22T05:45:00+0200,2118.61979,MW,DE,DE_LU,forecast_onshore_wind_generation,Wind Onshore,2026-06-10T05:22:42Z
2026-06-10T05:21:31Z,2026-06-10T07:21:31+0200,3782c388-ddaf-4035-9ca0-973a72568e07,2026-05-22T04:00:00Z,2026-05-22T06:00:00+0200,2172.33341,MW,DE,DE_LU,forecast_onshore_wind_generation,Wind Onshore,2026-06-10T05:22:42Z
2026-06-10T05:21:31Z,2026-06-10T07:21:31+0200,3782c388-ddaf-4035-9ca0-973a72568e07,2026-05-22T04:15:00Z,2026-05-22T06:15:00+0200,2190.62337,MW,DE,DE_LU,forecast_onshore_wind_generation,Wind Onshore,2026-06-10T05:22:42Z
2026-06-10T05:21:31Z,2026-06-10T07:21:31+0200,3782c388-ddaf-4035-9ca0-973a72568e07,2026-05-22T04:30:00Z,2026-05-22T06:30:00+0200,2207.19351,MW,DE,DE_LU,forecast_onshore_wind_generation,Wind Onshore,2026-06-10T05:22:42Z
2026-06-10T05:21:31Z,2026-06-10T07:21:31+0200,3782c388-ddaf-4035-9ca0-973a72568e07,2026-05-22T04:45:00Z,2026-05-22T06:45:00+0200,2223.64583,MW,DE,DE_LU,forecast_onshore_wind_generation,Wind Onshore,2026-06-10T05:22:42Z
2026-06-10T05:21:31Z,2026-06-10T07:21:31+0200,3782c388-ddaf-4035-9ca0-973a72568e07,2026-05-22T05:00:00Z,2026-05-22T07:00:00+0200,2225.65841,MW,DE,DE_LU,forecast_onshore_wind_generation,Wind Onshore,2026-06-10T05:22:42Z
2026-06-10T05:21:31Z,2026-06-10T07:21:31+0200,3782c388-ddaf-4035-9ca0-973a72568e07,2026-05-22T05:15:00Z,2026-05-22T07:15:00+0200,2137.70314,MW,DE,DE_LU,forecast_onshore_wind_generation,Wind Onshore,2026-06-10T05:22:42Z
2026-06-10T05:21:31Z,2026-06-10T07:21:31+0200,3782c388-ddaf-4035-9ca0-973a72568e07,2026-05-22T05:30:00Z,2026-05-22T07:30:00+0200,2051.03631,MW,DE,DE_LU,forecast_onshore_wind_generation,Wind Onshore,2026-06-10T05:22:42Z
2026-06-10T05:21:31Z,2026-06-10T07:21:31+0200,3782c388-ddaf-4035-9ca0-973a72568e07,2026-05-22T05:45:00Z,2026-05-22T07:45:00+0200,1970.00371,MW,DE,DE_LU,forecast_onshore_wind_generation,Wind Onshore,2026-06-10T05:22:42Z
2026-06-10T05:21:31Z,2026-06-10T07:21:31+0200,3782c388-ddaf-4035-9ca0-973a72568e07,2026-05-22T06:00:00Z,2026-05-22T08:00:00+0200,1865.21631,MW,DE,DE_LU,forecast_onshore_wind_generation,Wind Onshore,2026-06-10T05:22:42Z
2026-06-10T05:21:31Z,2026-06-10T07:21:31+0200,3782c388-ddaf-4035-9ca0-973a72568e07,2026-05-22T06:15:00Z,2026-05-22T08:15:00+0200,1718.94268,MW,DE,DE_LU,forecast_onshore_wind_generation,Wind Onshore,2026-06-10T05:22:42Z
2026-06-10T05:21:31Z,2026-06-10T07:21:31+0200,3782c388-ddaf-4035-9ca0-973a72568e07,2026-05-22T06:30:00Z,2026-05-22T08:30:00+0200,1561.53601,MW,DE,DE_LU,forecast_onshore_wind_generation,Wind Onshore,2026-06-10T05:22:42Z
2026-06-10T05:21:31Z,2026-06-10T07:21:31+0200,3782c388-ddaf-4035-9ca0-973a72568e07,2026-05-22T06:45:00Z,2026-05-22T08:45:00+0200,1396.93067,MW,DE,DE_LU,forecast_onshore_wind_generation,Wind Onshore,2026-06-10T05:22:42Z
2026-06-10T05:21:31Z,2026-06-10T07:21:31+0200,3782c388-ddaf-4035-9ca0-973a72568e07,2026-05-22T07:00:00Z,2026-05-22T09:00:00+0200,1238.06332,MW,DE,DE_LU,forecast_onshore_wind_generation,Wind Onshore,2026-06-10T05:22:42Z
2026-06-10T05:21:31Z,2026-06-10T07:21:31+0200,3782c388-ddaf-4035-9ca0-973a72568e07,2026-05-22T07:15:00Z,2026-05-22T09:15:00+0200,1224.18987,MW,DE,DE_LU,forecast_onshore_wind_generation,Wind Onshore,2026-06-10T05:22:42Z
2026-06-10T05:21:31Z,2026-06-10T07:21:31+0200,3782c388-ddaf-4035-9ca0-973a72568e07,2026-05-22T07:30:00Z,2026-05-22T09:30:00+0200,1210.07738,MW,DE,DE_LU,forecast_onshore_wind_generation,Wind Onshore,2026-06-10T05:22:42Z
2026-06-10T05:21:31Z,2026-06-10T07:21:31+0200,3782c388-ddaf-4035-9ca0-973a72568e07,2026-05-22T07:45:00Z,2026-05-22T09:45:00+0200,1195.8163,MW,DE,DE_LU,forecast_onshore_wind_generation,Wind Onshore,2026-06-10T05:22:42Z
2026-06-10T05:21:31Z,2026-06-10T07:21:31+0200,3782c388-ddaf-4035-9ca0-973a72568e07,2026-05-22T08:00:00Z,2026-05-22T10:00:00+0200,1187.54444,MW,DE,DE_LU,forecast_onshore_wind_generation,Wind Onshore,2026-06-10T05:22:42Z
2026-06-10T05:21:31Z,2026-06-10T07:21:31+0200,3782c388-ddaf-4035-9ca0-973a72568e07,2026-05-22T08:15:00Z,2026-05-22T10:15:00+0200,1221.97393,MW,DE,DE_LU,forecast_onshore_wind_generation,Wind Onshore,2026-06-10T05:22:42Z
2026-06-10T05:21:31Z,2026-06-10T07:21:31+0200,3782c388-ddaf-4035-9ca0-973a72568e07,2026-05-22T08:30:00Z,2026-05-22T10:30:00+0200,1254.66913,MW,DE,DE_LU,forecast_onshore_wind_generation,Wind Onshore,2026-06-10T05:22:42Z
2026-06-10T05:21:31Z,2026-06-10T07:21:31+0200,3782c388-ddaf-4035-9ca0-973a72568e07,2026-05-22T08:45:00Z,2026-05-22T10:45:00+0200,1287.24619,MW,DE,DE_LU,forecast_onshore_wind_generation,Wind Onshore,2026-06-10T05:22:42Z
2026-06-10T05:21:31Z,2026-06-10T07:21:31+0200,3782c388-ddaf-4035-9ca0-973a72568e07,2026-05-22T09:00:00Z,2026-05-22T11:00:00+0200,1316.86401,MW,DE,DE_LU,forecast_onshore_wind_generation,Wind Onshore,2026-06-10T05:22:42Z
2026-06-10T05:21:31Z,2026-06-10T07:21:31+0200,3782c388-ddaf-4035-9ca0-973a72568e07,2026-05-22T09:15:00Z,2026-05-22T11:15:00+0200,1313.82832,MW,DE,DE_LU,forecast_onshore_wind_generation,Wind Onshore,2026-06-10T05:22:42Z
2026-06-10T05:21:31Z,2026-06-10T07:21:31+0200,3782c388-ddaf-4035-9ca0-973a72568e07,2026-05-22T09:30:00Z,2026-05-22T11:30:00+0200,1309.50691,MW,DE,DE_LU,forecast_onshore_wind_generation,Wind Onshore,2026-06-10T05:22:42Z
2026-06-10T05:21:31Z,2026-06-10T07:21:31+0200,3782c388-ddaf-4035-9ca0-973a72568e07,2026-05-22T09:45:00Z,2026-05-22T11:45:00+0200,1303.80572,MW,DE,DE_LU,forecast_onshore_wind_generation,Wind Onshore,2026-06-10T05:22:42Z
2026-06-10T05:21:31Z,2026-06-10T07:21:31+0200,3782c388-ddaf-4035-9ca0-973a72568e07,2026-05-22T10:00:00Z,2026-05-22T12:00:00+0200,1289.63991,MW,DE,DE_LU,forecast_onshore_wind_generation,Wind Onshore,2026-06-10T05:22:42Z
2026-06-10T05:21:31Z,2026-06-10T07:21:31+0200,3782c388-ddaf-4035-9ca0-973a72568e07,2026-05-22T10:15:00Z,2026-05-22T12:15:00+0200,1259.21449,MW,DE,DE_LU,forecast_onshore_wind_generation,Wind Onshore,2026-06-10T05:22:42Z
2026-06-10T05:21:31Z,2026-06-10T07:21:31+0200,3782c388-ddaf-4035-9ca0-973a72568e07,2026-05-22T10:30:00Z,2026-05-22T12:30:00+0200,1232.01588,MW,DE,DE_LU,forecast_onshore_wind_generation,Wind Onshore,2026-06-10T05:22:42Z
2026-06-10T05:21:31Z,2026-06-10T07:21:31+0200,3782c388-ddaf-4035-9ca0-973a72568e07,2026-05-22T10:45:00Z,2026-05-22T12:45:00+0200,1204.11661,MW,DE,DE_LU,forecast_onshore_wind_generation,Wind Onshore,2026-06-10T05:22:42Z
2026-06-10T05:21:31Z,2026-06-10T07:21:31+0200,3782c388-ddaf-4035-9ca0-973a72568e07,2026-05-22T11:00:00Z,2026-05-22T13:00:00+0200,1174.85275,MW,DE,DE_LU,forecast_onshore_wind_generation,Wind Onshore,2026-06-10T05:22:42Z
2026-06-10T05:21:31Z,2026-06-10T07:21:31+0200,3782c388-ddaf-4035-9ca0-973a72568e07,2026-05-22T11:15:00Z,2026-05-22T13:15:00+0200,1166.75575,MW,DE,DE_LU,forecast_onshore_wind_generation,Wind Onshore,2026-06-10T05:22:42Z
2026-06-10T05:21:31Z,2026-06-10T07:21:31+0200,3782c388-ddaf-4035-9ca0-973a72568e07,2026-05-22T11:30:00Z,2026-05-22T13:30:00+0200,1156.07422,MW,DE,DE_LU,forecast_onshore_wind_generation,Wind Onshore,2026-06-10T05:22:42Z
2026-06-10T05:21:31Z,2026-06-10T07:21:31+0200,3782c388-ddaf-4035-9ca0-973a72568e07,2026-05-22T11:45:00Z,2026-05-22T13:45:00+0200,1142.35025,MW,DE,DE_LU,forecast_onshore_wind_generation,Wind Onshore,2026-06-10T05:22:42Z
2026-06-10T05:21:31Z,2026-06-10T07:21:31+0200,3782c388-ddaf-4035-9ca0-973a72568e07,2026-05-22T12:00:00Z,2026-05-22T14:00:00+0200,1133.25974,MW,DE,DE_LU,forecast_onshore_wind_generation,Wind Onshore,2026-06-10T05:22:42Z
2026-06-10T05:21:31Z,2026-06-10T07:21:31+0200,3782c388-ddaf-4035-9ca0-973a72568e07,2026-05-22T12:15:00Z,2026-05-22T14:15:00+0200,1133.74172,MW,DE,DE_LU,forecast_onshore_wind_generation,Wind Onshore,2026-06-10T05:22:42Z
2026-06-10T05:21:31Z,2026-06-10T07:21:31+0200,3782c388-ddaf-4035-9ca0-973a72568e07,2026-05-22T12:30:00Z,2026-05-22T14:30:00+0200,1130.6949,MW,DE,DE_LU,forecast_onshore_wind_generation,Wind Onshore,2026-06-10T05:22:42Z
2026-06-10T05:21:31Z,2026-06-10T07:21:31+0200,3782c388-ddaf-4035-9ca0-973a72568e07,2026-05-22T12:45:00Z,2026-05-22T14:45:00+0200,1125.59203,MW,DE,DE_LU,forecast_onshore_wind_generation,Wind Onshore,2026-06-10T05:22:42Z
2026-06-10T05:21:31Z,2026-06-10T07:21:31+0200,3782c388-ddaf-4035-9ca0-973a72568e07,2026-05-22T13:00:00Z,2026-05-22T15:00:00+0200,1120.02755,MW,DE,DE_LU,forecast_onshore_wind_generation,Wind Onshore,2026-06-10T05:22:42Z
2026-06-10T05:21:31Z,2026-06-10T07:21:31+0200,3782c388-ddaf-4035-9ca0-973a72568e07,2026-05-22T13:15:00Z,2026-05-22T15:15:00+0200,1103.26539,MW,DE,DE_LU,forecast_onshore_wind_generation,Wind Onshore,2026-06-10T05:22:42Z
2026-06-10T05:21:31Z,2026-06-10T07:21:31+0200,3782c388-ddaf-4035-9ca0-973a72568e07,2026-05-22T13:30:00Z,2026-05-22T15:30:00+0200,1078.99089,MW,DE,DE_LU,forecast_onshore_wind_generation,Wind Onshore,2026-06-10T05:22:42Z
2026-06-10T05:21:31Z,2026-06-10T07:21:31+0200,3782c388-ddaf-4035-9ca0-973a72568e07,2026-05-22T13:45:00Z,2026-05-22T15:45:00+0200,1051.67444,MW,DE,DE_LU,forecast_onshore_wind_generation,Wind Onshore,2026-06-10T05:22:42Z
2026-06-10T05:21:31Z,2026-06-10T07:21:31+0200,3782c388-ddaf-4035-9ca0-973a72568e07,2026-05-22T14:00:00Z,2026-05-22T16:00:00+0200,1028.36986,MW,DE,DE_LU,forecast_onshore_wind_generation,Wind Onshore,2026-06-10T05:22:42Z
2026-06-10T05:21:31Z,2026-06-10T07:21:31+0200,3782c388-ddaf-4035-9ca0-973a72568e07,2026-05-22T14:15:00Z,2026-05-22T16:15:00+0200,999.62407,MW,DE,DE_LU,forecast_onshore_wind_generation,Wind Onshore,2026-06-10T05:22:42Z
2026-06-10T05:21:31Z,2026-06-10T07:21:31+0200,3782c388-ddaf-4035-9ca0-973a72568e07,2026-05-22T14:30:00Z,2026-05-22T16:30:00+0200,969.10704,MW,DE,DE_LU,forecast_onshore_wind_generation,Wind Onshore,2026-06-10T05:22:42Z
2026-06-10T05:21:31Z,2026-06-10T07:21:31+0200,3782c388-ddaf-4035-9ca0-973a72568e07,2026-05-22T14:45:00Z,2026-05-22T16:45:00+0200,939.00151,MW,DE,DE_LU,forecast_onshore_wind_generation,Wind Onshore,2026-06-10T05:22:42Z
2026-06-10T05:21:31Z,2026-06-10T07:21:31+0200,3782c388-ddaf-4035-9ca0-973a72568e07,2026-05-22T15:00:00Z,2026-05-22T17:00:00+0200,910.91719,MW,DE,DE_LU,forecast_onshore_wind_generation,Wind Onshore,2026-06-10T05:22:42Z
2026-06-10T05:21:31Z,2026-06-10T07:21:31+0200,3782c388-ddaf-4035-9ca0-973a72568e07,2026-05-22T15:15:00Z,2026-05-22T17:15:00+0200,907.5199,MW,DE,DE_LU,forecast_onshore_wind_generation,Wind Onshore,2026-06-10T05:22:42Z
2026-06-10T05:21:31Z,2026-06-10T07:21:31+0200,3782c388-ddaf-4035-9ca0-973a72568e07,2026-05-22T15:30:00Z,2026-05-22T17:30:00+0200,902.58665,MW,DE,DE_LU,forecast_onshore_wind_generation,Wind Onshore,2026-06-10T05:22:42Z
2026-06-10T05:21:31Z,2026-06-10T07:21:31+0200,3782c388-ddaf-4035-9ca0-973a72568e07,2026-05-22T15:45:00Z,2026-05-22T17:45:00+0200,899.75754,MW,DE,DE_LU,forecast_onshore_wind_generation,Wind Onshore,2026-06-10T05:22:42Z
2026-06-10T05:21:31Z,2026-06-10T07:21:31+0200,3782c388-ddaf-4035-9ca0-973a72568e07,2026-05-22T16:00:00Z,2026-05-22T18:00:00+0200,893.24894,MW,DE,DE_LU,forecast_onshore_wind_generation,Wind Onshore,2026-06-10T05:22:42Z
2026-06-10T05:21:31Z,2026-06-10T07:21:31+0200,3782c388-ddaf-4035-9ca0-973a72568e07,2026-05-22T16:15:00Z,2026-05-22T18:15:00+0200,898.5571,MW,DE,DE_LU,forecast_onshore_wind_generation,Wind Onshore,2026-06-10T05:22:42Z
2026-06-10T05:21:31Z,2026-06-10T07:21:31+0200,3782c388-ddaf-4035-9ca0-973a72568e07,2026-05-22T16:30:00Z,2026-05-22T18:30:00+0200,894.05176,MW,DE,DE_LU,forecast_onshore_wind_generation,Wind Onshore,2026-06-10T05:22:42Z
2026-06-10T05:21:31Z,2026-06-10T07:21:31+0200,3782c388-ddaf-4035-9ca0-973a72568e07,2026-05-22T16:45:00Z,2026-05-22T18:45:00+0200,889.22699,MW,DE,DE_LU,forecast_onshore_wind_generation,Wind Onshore,2026-06-10T05:22:42Z
2026-06-10T05:21:31Z,2026-06-10T07:21:31+0200,3782c388-ddaf-4035-9ca0-973a72568e07,2026-05-22T17:00:00Z,2026-05-22T19:00:00+0200,882.95415,MW,DE,DE_LU,forecast_onshore_wind_generation,Wind Onshore,2026-06-10T05:22:42Z
2026-06-10T05:21:31Z,2026-06-10T07:21:31+0200,3782c388-ddaf-4035-9ca0-973a72568e07,2026-05-22T17:15:00Z,2026-05-22T19:15:00+0200,962.25724,MW,DE,DE_LU,forecast_onshore_wind_generation,Wind Onshore,2026-06-10T05:22:42Z
2026-06-10T05:21:31Z,2026-06-10T07:21:31+0200,3782c388-ddaf-4035-9ca0-973a72568e07,2026-05-22T17:30:00Z,2026-05-22T19:30:00+0200,1040.78444,MW,DE,DE_LU,forecast_onshore_wind_generation,Wind Onshore,2026-06-10T05:22:42Z
2026-06-10T05:21:31Z,2026-06-10T07:21:31+0200,3782c388-ddaf-4035-9ca0-973a72568e07,2026-05-22T17:45:00Z,2026-05-22T19:45:00+0200,1118.25527,MW,DE,DE_LU,forecast_onshore_wind_generation,Wind Onshore,2026-06-10T05:22:42Z
2026-06-10T05:21:31Z,2026-06-10T07:21:31+0200,3782c388-ddaf-4035-9ca0-973a72568e07,2026-05-22T18:00:00Z,2026-05-22T20:00:00+0200,1201.04588,MW,DE,DE_LU,forecast_onshore_wind_generation,Wind Onshore,2026-06-10T05:22:42Z
2026-06-10T05:21:31Z,2026-06-10T07:21:31+0200,3782c388-ddaf-4035-9ca0-973a72568e07,2026-05-22T18:15:00Z,2026-05-22T20:15:00+0200,1387.58262,MW,DE,DE_LU,forecast_onshore_wind_generation,Wind Onshore,2026-06-10T05:22:42Z
2026-06-10T05:21:31Z,2026-06-10T07:21:31+0200,3782c388-ddaf-4035-9ca0-973a72568e07,2026-05-22T18:30:00Z,2026-05-22T20:30:00+0200,1551.78958,MW,DE,DE_LU,forecast_onshore_wind_generation,Wind Onshore,2026-06-10T05:22:42Z
2026-06-10T05:21:31Z,2026-06-10T07:21:31+0200,3782c388-ddaf-4035-9ca0-973a72568e07,2026-05-22T18:45:00Z,2026-05-22T20:45:00+0200,1693.33388,MW,DE,DE_LU,forecast_onshore_wind_generation,Wind Onshore,2026-06-10T05:22:42Z
2026-06-10T05:21:31Z,2026-06-10T07:21:31+0200,3782c388-ddaf-4035-9ca0-973a72568e07,2026-05-22T19:00:00Z,2026-05-22T21:00:00+0200,1814.02997,MW,DE,DE_LU,forecast_onshore_wind_generation,Wind Onshore,2026-06-10T05:22:42Z
2026-06-10T05:21:31Z,2026-06-10T07:21:31+0200,3782c388-ddaf-4035-9ca0-973a72568e07,2026-05-22T19:15:00Z,2026-05-22T21:15:00+0200,1970.09362,MW,DE,DE_LU,forecast_onshore_wind_generation,Wind Onshore,2026-06-10T05:22:42Z
2026-06-10T05:21:31Z,2026-06-10T07:21:31+0200,3782c388-ddaf-4035-9ca0-973a72568e07,2026-05-22T19:30:00Z,2026-05-22T21:30:00+0200,2154.49314,MW,DE,DE_LU,forecast_onshore_wind_generation,Wind Onshore,2026-06-10T05:22:42Z
2026-06-10T05:21:31Z,2026-06-10T07:21:31+0200,3782c388-ddaf-4035-9ca0-973a72568e07,2026-05-22T19:45:00Z,2026-05-22T21:45:00+0200,2354.82935,MW,DE,DE_LU,forecast_onshore_wind_generation,Wind Onshore,2026-06-10T05:22:42Z
2026-06-10T05:21:31Z,2026-06-10T07:21:31+0200,3782c388-ddaf-4035-9ca0-973a72568e07,2026-05-22T20:00:00Z,2026-05-22T22:00:00+0200,2559.78915,MW,DE,DE_LU,forecast_onshore_wind_generation,Wind Onshore,2026-06-10T05:22:42Z
2026-06-10T05:21:31Z,2026-06-10T07:21:31+0200,3782c388-ddaf-4035-9ca0-973a72568e07,2026-05-22T20:15:00Z,2026-05-22T22:15:00+0200,2717.27668,MW,DE,DE_LU,forecast_onshore_wind_generation,Wind Onshore,2026-06-10T05:22:42Z
2026-06-10T05:21:31Z,2026-06-10T07:21:31+0200,3782c388-ddaf-4035-9ca0-973a72568e07,2026-05-22T20:30:00Z,2026-05-22T22:30:00+0200,2873.30131,MW,DE,DE_LU,forecast_onshore_wind_generation,Wind Onshore,2026-06-10T05:22:42Z
2026-06-10T05:21:31Z,2026-06-10T07:21:31+0200,3782c388-ddaf-4035-9ca0-973a72568e07,2026-05-22T20:45:00Z,2026-05-22T22:45:00+0200,3025.33013,MW,DE,DE_LU,forecast_onshore_wind_generation,Wind Onshore,2026-06-10T05:22:42Z
2026-06-10T05:21:31Z,2026-06-10T07:21:31+0200,3782c388-ddaf-4035-9ca0-973a72568e07,2026-05-22T21:00:00Z,2026-05-22T23:00:00+0200,3161.02587,MW,DE,DE_LU,forecast_onshore_wind_generation,Wind Onshore,2026-06-10T05:22:42Z
2026-06-10T05:21:31Z,2026-06-10T07:21:31+0200,3782c388-ddaf-4035-9ca0-973a72568e07,2026-05-22T21:15:00Z,2026-05-22T23:15:00+0200,3237.75528,MW,DE,DE_LU,forecast_onshore_wind_generation,Wind Onshore,2026-06-10T05:22:42Z
2026-06-10T05:21:31Z,2026-06-10T07:21:31+0200,3782c388-ddaf-4035-9ca0-973a72568e07,2026-05-22T21:30:00Z,2026-05-22T23:30:00+0200,3310.76264,MW,DE,DE_LU,forecast_onshore_wind_generation,Wind Onshore,2026-06-10T05:22:42Z
2026-06-10T05:21:31Z,2026-06-10T07:21:31+0200,3782c388-ddaf-4035-9ca0-973a72568e07,2026-05-22T21:45:00Z,2026-05-22T23:45:00+0200,3382.33381,MW,DE,DE_LU,forecast_onshore_wind_generation,Wind Onshore,2026-06-10T05:22:42Z
2026-06-10T05:21:31Z,2026-06-10T07:21:31+0200,3782c388-ddaf-4035-9ca0-973a72568e07,2026-05-22T22:00:00Z,2026-05-23T00:00:00+0200,3479.09633,MW,DE,DE_LU,forecast_onshore_wind_generation,Wind Onshore,2026-06-10T05:22:42Z
2026-06-10T05:21:31Z,2026-06-10T07:21:31+0200,3782c388-ddaf-4035-9ca0-973a72568e07,2026-05-22T22:15:00Z,2026-05-23T00:15:00+0200,3535.25596,MW,DE,DE_LU,forecast_onshore_wind_generation,Wind Onshore,2026-06-10T05:22:42Z
2026-06-10T05:21:31Z,2026-06-10T07:21:31+0200,3782c388-ddaf-4035-9ca0-973a72568e07,2026-05-22T22:30:00Z,2026-05-23T00:30:00+0200,3601.58104,MW,DE,DE_LU,forecast_onshore_wind_generation,Wind Onshore,2026-06-10T05:22:42Z
2026-06-10T05:21:31Z,2026-06-10T07:21:31+0200,3782c388-ddaf-4035-9ca0-973a72568e07,2026-05-22T22:45:00Z,2026-05-23T00:45:00+0200,3657.28589,MW,DE,DE_LU,forecast_onshore_wind_generation,Wind Onshore,2026-06-10T05:22:42Z
2026-06-10T05:21:31Z,2026-06-10T07:21:31+0200,3782c388-ddaf-4035-9ca0-973a72568e07,2026-05-22T23:00:00Z,2026-05-23T01:00:00+0200,3717.4215,MW,DE,DE_LU,forecast_onshore_wind_generation,Wind Onshore,2026-06-10T05:22:42Z
2026-06-10T05:21:31Z,2026-06-10T07:21:31+0200,3782c388-ddaf-4035-9ca0-973a72568e07,2026-05-22T23:15:00Z,2026-05-23T01:15:00+0200,3781.18245,MW,DE,DE_LU,forecast_onshore_wind_generation,Wind Onshore,2026-06-10T05:22:42Z
2026-06-10T05:21:31Z,2026-06-10T07:21:31+0200,3782c388-ddaf-4035-9ca0-973a72568e07,2026-05-22T23:30:00Z,2026-05-23T01:30:00+0200,3853.98283,MW,DE,DE_LU,forecast_onshore_wind_generation,Wind Onshore,2026-06-10T05:22:42Z
2026-06-10T05:21:31Z,2026-06-10T07:21:31+0200,3782c388-ddaf-4035-9ca0-973a72568e07,2026-05-22T23:45:00Z,2026-05-23T01:45:00+0200,3942.21874,MW,DE,DE_LU,forecast_onshore_wind_generation,Wind Onshore,2026-06-10T05:22:42Z
2026-06-10T05:21:31Z,2026-06-10T07:21:31+0200,3782c388-ddaf-4035-9ca0-973a72568e07,2026-05-23T00:00:00Z,2026-05-23T02:00:00+0200,4056.3622,MW,DE,DE_LU,forecast_onshore_wind_generation,Wind Onshore,2026-06-10T05:22:42Z
2026-06-10T05:21:31Z,2026-06-10T07:21:31+0200,3782c388-ddaf-4035-9ca0-973a72568e07,2026-05-23T00:15:00Z,2026-05-23T02:15:00+0200,4151.58779,MW,DE,DE_LU,forecast_onshore_wind_generation,Wind Onshore,2026-06-10T05:22:42Z
2026-06-10T05:21:31Z,2026-06-10T07:21:31+0200,3782c388-ddaf-4035-9ca0-973a72568e07,2026-05-23T00:30:00Z,2026-05-23T02:30:00+0200,4230.27144,MW,DE,DE_LU,forecast_onshore_wind_generation,Wind Onshore,2026-06-10T05:22:42Z
2026-06-10T05:21:31Z,2026-06-10T07:21:31+0200,3782c388-ddaf-4035-9ca0-973a72568e07,2026-05-23T00:45:00Z,2026-05-23T02:45:00+0200,4299.36711,MW,DE,DE_LU,forecast_onshore_wind_generation,Wind Onshore,2026-06-10T05:22:42Z
2026-06-10T05:21:31Z,2026-06-10T07:21:31+0200,3782c388-ddaf-4035-9ca0-973a72568e07,2026-05-23T01:00:00Z,2026-05-23T03:00:00+0200,4365.02863,MW,DE,DE_LU,forecast_onshore_wind_generation,Wind Onshore,2026-06-10T05:22:42Z
2026-06-10T05:21:31Z,2026-06-10T07:21:31+0200,3782c388-ddaf-4035-9ca0-973a72568e07,2026-05-23T01:15:00Z,2026-05-23T03:15:00+0200,4434.25815,MW,DE,DE_LU,forecast_onshore_wind_generation,Wind Onshore,2026-06-10T05:22:42Z
2026-06-10T05:21:31Z,2026-06-10T07:21:31+0200,3782c388-ddaf-4035-9ca0-973a72568e07,2026-05-23T01:30:00Z,2026-05-23T03:30:00+0200,4499.81771,MW,DE,DE_LU,forecast_onshore_wind_generation,Wind Onshore,2026-06-10T05:22:42Z
2026-06-10T05:21:31Z,2026-06-10T07:21:31+0200,3782c388-ddaf-4035-9ca0-973a72568e07,2026-05-23T01:45:00Z,2026-05-23T03:45:00+0200,4568.04125,MW,DE,DE_LU,forecast_onshore_wind_generation,Wind Onshore,2026-06-10T05:22:42Z
2026-06-10T05:21:31Z,2026-06-10T07:21:31+0200,3782c388-ddaf-4035-9ca0-973a72568e07,2026-05-23T02:00:00Z,2026-05-23T04:00:00+0200,4631.79977,MW,DE,DE_LU,forecast_onshore_wind_generation,Wind Onshore,2026-06-10T05:22:42Z
2026-06-10T05:21:31Z,2026-06-10T07:21:31+0200,3782c388-ddaf-4035-9ca0-973a72568e07,2026-05-23T02:15:00Z,2026-05-23T04:15:00+0200,4675.34182,MW,DE,DE_LU,forecast_onshore_wind_generation,Wind Onshore,2026-06-10T05:22:42Z
2026-06-10T05:21:31Z,2026-06-10T07:21:31+0200,3782c388-ddaf-4035-9ca0-973a72568e07,2026-05-23T02:30:00Z,2026-05-23T04:30:00+0200,4728.37565,MW,DE,DE_LU,forecast_onshore_wind_generation,Wind Onshore,2026-06-10T05:22:42Z
2026-06-10T05:21:31Z,2026-06-10T07:21:31+0200,3782c388-ddaf-4035-9ca0-973a72568e07,2026-05-23T02:45:00Z,2026-05-23T04:45:00+0200,4780.94314,MW,DE,DE_LU,forecast_onshore_wind_generation,Wind Onshore,2026-06-10T05:22:42Z
2026-06-10T05:21:31Z,2026-06-10T07:21:31+0200,3782c388-ddaf-4035-9ca0-973a72568e07,2026-05-23T03:00:00Z,2026-05-23T05:00:00+0200,4839.48441,MW,DE,DE_LU,forecast_onshore_wind_generation,Wind Onshore,2026-06-10T05:22:42Z
2026-06-10T05:21:31Z,2026-06-10T07:21:31+0200,3782c388-ddaf-4035-9ca0-973a72568e07,2026-05-23T03:15:00Z,2026-05-23T05:15:00+0200,4878.80326,MW,DE,DE_LU,forecast_onshore_wind_generation,Wind Onshore,2026-06-10T05:22:42Z
2026-06-10T05:21:31Z,2026-06-10T07:21:31+0200,3782c388-ddaf-4035-9ca0-973a72568e07,2026-05-23T03:30:00Z,2026-05-23T05:30:00+0200,4920.6492,MW,DE,DE_LU,forecast_onshore_wind_generation,Wind Onshore,2026-06-10T05:22:42Z
2026-06-10T05:21:31Z,2026-06-10T07:21:31+0200,3782c388-ddaf-4035-9ca0-973a72568e07,2026-05-23T03:45:00Z,2026-05-23T05:45:00+0200,4962.99717,MW,DE,DE_LU,forecast_onshore_wind_generation,Wind Onshore,2026-06-10T05:22:42Z
2026-06-10T05:21:31Z,2026-06-10T07:21:31+0200,3782c388-ddaf-4035-9ca0-973a72568e07,2026-05-23T04:00:00Z,2026-05-23T06:00:00+0200,5032.36451,MW,DE,DE_LU,forecast_onshore_wind_generation,Wind Onshore,2026-06-10T05:22:42Z
2026-06-10T05:21:31Z,2026-06-10T07:21:31+0200,3782c388-ddaf-4035-9ca0-973a72568e07,2026-05-23T04:15:00Z,2026-05-23T06:15:00+0200,4964.87279,MW,DE,DE_LU,forecast_onshore_wind_generation,Wind Onshore,2026-06-10T05:22:42Z
2026-06-10T05:21:31Z,2026-06-10T07:21:31+0200,3782c388-ddaf-4035-9ca0-973a72568e07,2026-05-23T04:30:00Z,2026-05-23T06:30:00+0200,4900.92217,MW,DE,DE_LU,forecast_onshore_wind_generation,Wind Onshore,2026-06-10T05:22:42Z
2026-06-10T05:21:31Z,2026-06-10T07:21:31+0200,3782c388-ddaf-4035-9ca0-973a72568e07,2026-05-23T04:45:00Z,2026-05-23T06:45:00+0200,4829.87278,MW,DE,DE_LU,forecast_onshore_wind_generation,Wind Onshore,2026-06-10T05:22:42Z
2026-06-10T05:21:31Z,2026-06-10T07:21:31+0200,3782c388-ddaf-4035-9ca0-973a72568e07,2026-05-23T05:00:00Z,2026-05-23T07:00:00+0200,4718.60865,MW,DE,DE_LU,forecast_onshore_wind_generation,Wind Onshore,2026-06-10T05:22:42Z
2026-06-10T05:21:31Z,2026-06-10T07:21:31+0200,3782c388-ddaf-4035-9ca0-973a72568e07,2026-05-23T05:15:00Z,2026-05-23T07:15:00+0200,4456.39617,MW,DE,DE_LU,forecast_onshore_wind_generation,Wind Onshore,2026-06-10T05:22:42Z
2026-06-10T05:21:31Z,2026-06-10T07:21:31+0200,3782c388-ddaf-4035-9ca0-973a72568e07,2026-05-23T05:30:00Z,2026-05-23T07:30:00+0200,4230.3936,MW,DE,DE_LU,forecast_onshore_wind_generation,Wind Onshore,2026-06-10T05:22:42Z
2026-06-10T05:21:31Z,2026-06-10T07:21:31+0200,3782c388-ddaf-4035-9ca0-973a72568e07,2026-05-23T05:45:00Z,2026-05-23T07:45:00+0200,4056.68735,MW,DE,DE_LU,forecast_onshore_wind_generation,Wind Onshore,2026-06-10T05:22:42Z
2026-06-10T05:21:31Z,2026-06-10T07:21:31+0200,3782c388-ddaf-4035-9ca0-973a72568e07,2026-05-23T06:00:00Z,2026-05-23T08:00:00+0200,3829.55342,MW,DE,DE_LU,forecast_onshore_wind_generation,Wind Onshore,2026-06-10T05:22:42Z
2026-06-10T05:21:31Z,2026-06-10T07:21:31+0200,3782c388-ddaf-4035-9ca0-973a72568e07,2026-05-23T06:15:00Z,2026-05-23T08:15:00+0200,3436.79937,MW,DE,DE_LU,forecast_onshore_wind_generation,Wind Onshore,2026-06-10T05:22:42Z
2026-06-10T05:21:31Z,2026-06-10T07:21:31+0200,3782c388-ddaf-4035-9ca0-973a72568e07,2026-05-23T06:30:00Z,2026-05-23T08:30:00+0200,2975.4095,MW,DE,DE_LU,forecast_onshore_wind_generation,Wind Onshore,2026-06-10T05:22:42Z
2026-06-10T05:21:31Z,2026-06-10T07:21:31+0200,3782c388-ddaf-4035-9ca0-973a72568e07,2026-05-23T06:45:00Z,2026-05-23T08:45:00+0200,2335.15537,MW,DE,DE_LU,forecast_onshore_wind_generation,Wind Onshore,2026-06-10T05:22:42Z
2026-06-10T05:21:31Z,2026-06-10T07:21:31+0200,3782c388-ddaf-4035-9ca0-973a72568e07,2026-05-23T07:00:00Z,2026-05-23T09:00:00+0200,1874.29578,MW,DE,DE_LU,forecast_onshore_wind_generation,Wind Onshore,2026-06-10T05:22:42Z
2026-06-10T05:21:31Z,2026-06-10T07:21:31+0200,3782c388-ddaf-4035-9ca0-973a72568e07,2026-05-23T07:15:00Z,2026-05-23T09:15:00+0200,1671.36125,MW,DE,DE_LU,forecast_onshore_wind_generation,Wind Onshore,2026-06-10T05:22:42Z
2026-06-10T05:21:31Z,2026-06-10T07:21:31+0200,3782c388-ddaf-4035-9ca0-973a72568e07,2026-05-23T07:30:00Z,2026-05-23T09:30:00+0200,1528.2078,MW,DE,DE_LU,forecast_onshore_wind_generation,Wind Onshore,2026-06-10T05:22:42Z
2026-06-10T05:21:31Z,2026-06-10T07:21:31+0200,3782c388-ddaf-4035-9ca0-973a72568e07,2026-05-23T07:45:00Z,2026-05-23T09:45:00+0200,1353.4533,MW,DE,DE_LU,forecast_onshore_wind_generation,Wind Onshore,2026-06-10T05:22:42Z
2026-06-10T05:21:31Z,2026-06-10T07:21:31+0200,3782c388-ddaf-4035-9ca0-973a72568e07,2026-05-23T08:00:00Z,2026-05-23T10:00:00+0200,1204.69879,MW,DE,DE_LU,forecast_onshore_wind_generation,Wind Onshore,2026-06-10T05:22:42Z
2026-06-10T05:21:31Z,2026-06-10T07:21:31+0200,3782c388-ddaf-4035-9ca0-973a72568e07,2026-05-23T08:15:00Z,2026-05-23T10:15:00+0200,1106.6121,MW,DE,DE_LU,forecast_onshore_wind_generation,Wind Onshore,2026-06-10T05:22:42Z
2026-06-10T05:21:31Z,2026-06-10T07:21:31+0200,3782c388-ddaf-4035-9ca0-973a72568e07,2026-05-23T08:30:00Z,2026-05-23T10:30:00+0200,1047.89068,MW,DE,DE_LU,forecast_onshore_wind_generation,Wind Onshore,2026-06-10T05:22:42Z
2026-06-10T05:21:31Z,2026-06-10T07:21:31+0200,3782c388-ddaf-4035-9ca0-973a72568e07,2026-05-23T08:45:00Z,2026-05-23T10:45:00+0200,1009.80271,MW,DE,DE_LU,forecast_onshore_wind_generation,Wind Onshore,2026-06-10T05:22:42Z
2026-06-10T05:21:31Z,2026-06-10T07:21:31+0200,3782c388-ddaf-4035-9ca0-973a72568e07,2026-05-23T09:00:00Z,2026-05-23T11:00:00+0200,985.87724,MW,DE,DE_LU,forecast_onshore_wind_generation,Wind Onshore,2026-06-10T05:22:42Z
2026-06-10T05:21:31Z,2026-06-10T07:21:31+0200,3782c388-ddaf-4035-9ca0-973a72568e07,2026-05-23T09:15:00Z,2026-05-23T11:15:00+0200,987.7554,MW,DE,DE_LU,forecast_onshore_wind_generation,Wind Onshore,2026-06-10T05:22:42Z
2026-06-10T05:21:31Z,2026-06-10T07:21:31+0200,3782c388-ddaf-4035-9ca0-973a72568e07,2026-05-23T09:30:00Z,2026-05-23T11:30:00+0200,996.32546,MW,DE,DE_LU,forecast_onshore_wind_generation,Wind Onshore,2026-06-10T05:22:42Z
2026-06-10T05:21:31Z,2026-06-10T07:21:31+0200,3782c388-ddaf-4035-9ca0-973a72568e07,2026-05-23T09:45:00Z,2026-05-23T11:45:00+0200,1007.71507,MW,DE,DE_LU,forecast_onshore_wind_generation,Wind Onshore,2026-06-10T05:22:42Z
2026-06-10T05:21:31Z,2026-06-10T07:21:31+0200,3782c388-ddaf-4035-9ca0-973a72568e07,2026-05-23T10:00:00Z,2026-05-23T12:00:00+0200,1015.53119,MW,DE,DE_LU,forecast_onshore_wind_generation,Wind Onshore,2026-06-10T05:22:42Z
2026-06-10T05:21:31Z,2026-06-10T07:21:31+0200,3782c388-ddaf-4035-9ca0-973a72568e07,2026-05-23T10:15:00Z,2026-05-23T12:15:00+0200,1023.1133,MW,DE,DE_LU,forecast_onshore_wind_generation,Wind Onshore,2026-06-10T05:22:42Z
2026-06-10T05:21:31Z,2026-06-10T07:21:31+0200,3782c388-ddaf-4035-9ca0-973a72568e07,2026-05-23T10:30:00Z,2026-05-23T12:30:00+0200,1042.87946,MW,DE,DE_LU,forecast_onshore_wind_generation,Wind Onshore,2026-06-10T05:22:42Z
2026-06-10T05:21:31Z,2026-06-10T07:21:31+0200,3782c388-ddaf-4035-9ca0-973a72568e07,2026-05-23T10:45:00Z,2026-05-23T12:45:00+0200,1061.94162,MW,DE,DE_LU,forecast_onshore_wind_generation,Wind Onshore,2026-06-10T05:22:42Z
2026-06-10T05:21:31Z,2026-06-10T07:21:31+0200,3782c388-ddaf-4035-9ca0-973a72568e07,2026-05-23T11:00:00Z,2026-05-23T13:00:00+0200,1072.32787,MW,DE,DE_LU,forecast_onshore_wind_generation,Wind Onshore,2026-06-10T05:22:42Z
2026-06-10T05:21:31Z,2026-06-10T07:21:31+0200,3782c388-ddaf-4035-9ca0-973a72568e07,2026-05-23T11:15:00Z,2026-05-23T13:15:00+0200,1059.58681,MW,DE,DE_LU,forecast_onshore_wind_generation,Wind Onshore,2026-06-10T05:22:42Z
2026-06-10T05:21:31Z,2026-06-10T07:21:31+0200,3782c388-ddaf-4035-9ca0-973a72568e07,2026-05-23T11:30:00Z,2026-05-23T13:30:00+0200,1052.62437,MW,DE,DE_LU,forecast_onshore_wind_generation,Wind Onshore,2026-06-10T05:22:42Z
2026-06-10T05:21:31Z,2026-06-10T07:21:31+0200,3782c388-ddaf-4035-9ca0-973a72568e07,2026-05-23T11:45:00Z,2026-05-23T13:45:00+0200,1046.31602,MW,DE,DE_LU,forecast_onshore_wind_generation,Wind Onshore,2026-06-10T05:22:42Z
2026-06-10T05:21:31Z,2026-06-10T07:21:31+0200,3782c388-ddaf-4035-9ca0-973a72568e07,2026-05-23T12:00:00Z,2026-05-23T14:00:00+0200,1063.74864,MW,DE,DE_LU,forecast_onshore_wind_generation,Wind Onshore,2026-06-10T05:22:42Z
2026-06-10T05:21:31Z,2026-06-10T07:21:31+0200,3782c388-ddaf-4035-9ca0-973a72568e07,2026-05-23T12:15:00Z,2026-05-23T14:15:00+0200,1077.90373,MW,DE,DE_LU,forecast_onshore_wind_generation,Wind Onshore,2026-06-10T05:22:42Z
2026-06-10T05:21:31Z,2026-06-10T07:21:31+0200,3782c388-ddaf-4035-9ca0-973a72568e07,2026-05-23T12:30:00Z,2026-05-23T14:30:00+0200,1099.97785,MW,DE,DE_LU,forecast_onshore_wind_generation,Wind Onshore,2026-06-10T05:22:42Z
2026-06-10T05:21:31Z,2026-06-10T07:21:31+0200,3782c388-ddaf-4035-9ca0-973a72568e07,2026-05-23T12:45:00Z,2026-05-23T14:45:00+0200,1093.25448,MW,DE,DE_LU,forecast_onshore_wind_generation,Wind Onshore,2026-06-10T05:22:42Z
2026-06-10T05:21:31Z,2026-06-10T07:21:31+0200,3782c388-ddaf-4035-9ca0-973a72568e07,2026-05-23T13:00:00Z,2026-05-23T15:00:00+0200,1105.22054,MW,DE,DE_LU,forecast_onshore_wind_generation,Wind Onshore,2026-06-10T05:22:42Z
2026-06-10T05:21:31Z,2026-06-10T07:21:31+0200,3782c388-ddaf-4035-9ca0-973a72568e07,2026-05-23T13:15:00Z,2026-05-23T15:15:00+0200,1123.13319,MW,DE,DE_LU,forecast_onshore_wind_generation,Wind Onshore,2026-06-10T05:22:42Z
2026-06-10T05:21:31Z,2026-06-10T07:21:31+0200,3782c388-ddaf-4035-9ca0-973a72568e07,2026-05-23T13:30:00Z,2026-05-23T15:30:00+0200,1150.85604,MW,DE,DE_LU,forecast_onshore_wind_generation,Wind Onshore,2026-06-10T05:22:42Z
2026-06-10T05:21:31Z,2026-06-10T07:21:31+0200,3782c388-ddaf-4035-9ca0-973a72568e07,2026-05-23T13:45:00Z,2026-05-23T15:45:00+0200,1167.20166,MW,DE,DE_LU,forecast_onshore_wind_generation,Wind Onshore,2026-06-10T05:22:42Z
2026-06-10T05:21:31Z,2026-06-10T07:21:31+0200,3782c388-ddaf-4035-9ca0-973a72568e07,2026-05-23T14:00:00Z,2026-05-23T16:00:00+0200,1211.14154,MW,DE,DE_LU,forecast_onshore_wind_generation,Wind Onshore,2026-06-10T05:22:42Z
2026-06-10T05:21:31Z,2026-06-10T07:21:31+0200,3782c388-ddaf-4035-9ca0-973a72568e07,2026-05-23T14:15:00Z,2026-05-23T16:15:00+0200,1282.78938,MW,DE,DE_LU,forecast_onshore_wind_generation,Wind Onshore,2026-06-10T05:22:42Z
2026-06-10T05:21:31Z,2026-06-10T07:21:31+0200,3782c388-ddaf-4035-9ca0-973a72568e07,2026-05-23T14:30:00Z,2026-05-23T16:30:00+0200,1412.32076,MW,DE,DE_LU,forecast_onshore_wind_generation,Wind Onshore,2026-06-10T05:22:42Z
2026-06-10T05:21:31Z,2026-06-10T07:21:31+0200,3782c388-ddaf-4035-9ca0-973a72568e07,2026-05-23T14:45:00Z,2026-05-23T16:45:00+0200,1538.19908,MW,DE,DE_LU,forecast_onshore_wind_generation,Wind Onshore,2026-06-10T05:22:42Z
2026-06-10T05:21:31Z,2026-06-10T07:21:31+0200,3782c388-ddaf-4035-9ca0-973a72568e07,2026-05-23T15:00:00Z,2026-05-23T17:00:00+0200,1663.67714,MW,DE,DE_LU,forecast_onshore_wind_generation,Wind Onshore,2026-06-10T05:22:42Z
2026-06-10T05:21:31Z,2026-06-10T07:21:31+0200,3782c388-ddaf-4035-9ca0-973a72568e07,2026-05-23T15:15:00Z,2026-05-23T17:15:00+0200,1796.91478,MW,DE,DE_LU,forecast_onshore_wind_generation,Wind Onshore,2026-06-10T05:22:42Z
2026-06-10T05:21:31Z,2026-06-10T07:21:31+0200,3782c388-ddaf-4035-9ca0-973a72568e07,2026-05-23T15:30:00Z,2026-05-23T17:30:00+0200,1899.01624,MW,DE,DE_LU,forecast_onshore_wind_generation,Wind Onshore,2026-06-10T05:22:42Z
2026-06-10T05:21:31Z,2026-06-10T07:21:31+0200,3782c388-ddaf-4035-9ca0-973a72568e07,2026-05-23T15:45:00Z,2026-05-23T17:45:00+0200,2030.27212,MW,DE,DE_LU,forecast_onshore_wind_generation,Wind Onshore,2026-06-10T05:22:42Z
2026-06-10T05:21:31Z,2026-06-10T07:21:31+0200,3782c388-ddaf-4035-9ca0-973a72568e07,2026-05-23T16:00:00Z,2026-05-23T18:00:00+0200,2075.98521,MW,DE,DE_LU,forecast_onshore_wind_generation,Wind Onshore,2026-06-10T05:22:42Z
2026-06-10T05:21:31Z,2026-06-10T07:21:31+0200,3782c388-ddaf-4035-9ca0-973a72568e07,2026-05-23T16:15:00Z,2026-05-23T18:15:00+0200,2116.61852,MW,DE,DE_LU,forecast_onshore_wind_generation,Wind Onshore,2026-06-10T05:22:42Z
2026-06-10T05:21:31Z,2026-06-10T07:21:31+0200,3782c388-ddaf-4035-9ca0-973a72568e07,2026-05-23T16:30:00Z,2026-05-23T18:30:00+0200,2110.10079,MW,DE,DE_LU,forecast_onshore_wind_generation,Wind Onshore,2026-06-10T05:22:42Z
2026-06-10T05:21:31Z,2026-06-10T07:21:31+0200,3782c388-ddaf-4035-9ca0-973a72568e07,2026-05-23T16:45:00Z,2026-05-23T18:45:00+0200,2094.4114,MW,DE,DE_LU,forecast_onshore_wind_generation,Wind Onshore,2026-06-10T05:22:42Z
2026-06-10T05:21:31Z,2026-06-10T07:21:31+0200,3782c388-ddaf-4035-9ca0-973a72568e07,2026-05-23T17:00:00Z,2026-05-23T19:00:00+0200,2077.14756,MW,DE,DE_LU,forecast_onshore_wind_generation,Wind Onshore,2026-06-10T05:22:42Z
2026-06-10T05:21:31Z,2026-06-10T07:21:31+0200,3782c388-ddaf-4035-9ca0-973a72568e07,2026-05-23T17:15:00Z,2026-05-23T19:15:00+0200,2143.17208,MW,DE,DE_LU,forecast_onshore_wind_generation,Wind Onshore,2026-06-10T05:22:42Z
2026-06-10T05:21:31Z,2026-06-10T07:21:31+0200,3782c388-ddaf-4035-9ca0-973a72568e07,2026-05-23T17:30:00Z,2026-05-23T19:30:00+0200,2213.74306,MW,DE,DE_LU,forecast_onshore_wind_generation,Wind Onshore,2026-06-10T05:22:42Z
2026-06-10T05:21:31Z,2026-06-10T07:21:31+0200,3782c388-ddaf-4035-9ca0-973a72568e07,2026-05-23T17:45:00Z,2026-05-23T19:45:00+0200,2282.45808,MW,DE,DE_LU,forecast_onshore_wind_generation,Wind Onshore,2026-06-10T05:22:42Z
2026-06-10T05:21:31Z,2026-06-10T07:21:31+0200,3782c388-ddaf-4035-9ca0-973a72568e07,2026-05-23T18:00:00Z,2026-05-23T20:00:00+0200,2352.39874,MW,DE,DE_LU,forecast_onshore_wind_generation,Wind Onshore,2026-06-10T05:22:42Z
2026-06-10T05:21:31Z,2026-06-10T07:21:31+0200,3782c388-ddaf-4035-9ca0-973a72568e07,2026-05-23T18:15:00Z,2026-05-23T20:15:00+0200,2479.32208,MW,DE,DE_LU,forecast_onshore_wind_generation,Wind Onshore,2026-06-10T05:22:42Z
2026-06-10T05:21:31Z,2026-06-10T07:21:31+0200,3782c388-ddaf-4035-9ca0-973a72568e07,2026-05-23T18:30:00Z,2026-05-23T20:30:00+0200,2588.79902,MW,DE,DE_LU,forecast_onshore_wind_generation,Wind Onshore,2026-06-10T05:22:42Z
2026-06-10T05:21:31Z,2026-06-10T07:21:31+0200,3782c388-ddaf-4035-9ca0-973a72568e07,2026-05-23T18:45:00Z,2026-05-23T20:45:00+0200,2658.55185,MW,DE,DE_LU,forecast_onshore_wind_generation,Wind Onshore,2026-06-10T05:22:42Z
2026-06-10T05:21:31Z,2026-06-10T07:21:31+0200,3782c388-ddaf-4035-9ca0-973a72568e07,2026-05-23T19:00:00Z,2026-05-23T21:00:00+0200,2709.73858,MW,DE,DE_LU,forecast_onshore_wind_generation,Wind Onshore,2026-06-10T05:22:42Z
2026-06-10T05:21:31Z,2026-06-10T07:21:31+0200,3782c388-ddaf-4035-9ca0-973a72568e07,2026-05-23T19:15:00Z,2026-05-23T21:15:00+0200,2852.08237,MW,DE,DE_LU,forecast_onshore_wind_generation,Wind Onshore,2026-06-10T05:22:42Z
2026-06-10T05:21:31Z,2026-06-10T07:21:31+0200,3782c388-ddaf-4035-9ca0-973a72568e07,2026-05-23T19:30:00Z,2026-05-23T21:30:00+0200,3032.6026,MW,DE,DE_LU,forecast_onshore_wind_generation,Wind Onshore,2026-06-10T05:22:42Z
2026-06-10T05:21:31Z,2026-06-10T07:21:31+0200,3782c388-ddaf-4035-9ca0-973a72568e07,2026-05-23T19:45:00Z,2026-05-23T21:45:00+0200,3230.1899,MW,DE,DE_LU,forecast_onshore_wind_generation,Wind Onshore,2026-06-10T05:22:42Z
2026-06-10T05:21:31Z,2026-06-10T07:21:31+0200,3782c388-ddaf-4035-9ca0-973a72568e07,2026-05-23T20:00:00Z,2026-05-23T22:00:00+0200,3418.03611,MW,DE,DE_LU,forecast_onshore_wind_generation,Wind Onshore,2026-06-10T05:22:42Z
2026-06-10T05:21:31Z,2026-06-10T07:21:31+0200,3782c388-ddaf-4035-9ca0-973a72568e07,2026-05-23T20:15:00Z,2026-05-23T22:15:00+0200,3554.91131,MW,DE,DE_LU,forecast_onshore_wind_generation,Wind Onshore,2026-06-10T05:22:42Z
2026-06-10T05:21:31Z,2026-06-10T07:21:31+0200,3782c388-ddaf-4035-9ca0-973a72568e07,2026-05-23T20:30:00Z,2026-05-23T22:30:00+0200,3689.27021,MW,DE,DE_LU,forecast_onshore_wind_generation,Wind Onshore,2026-06-10T05:22:42Z
2026-06-10T05:21:31Z,2026-06-10T07:21:31+0200,3782c388-ddaf-4035-9ca0-973a72568e07,2026-05-23T20:45:00Z,2026-05-23T22:45:00+0200,3823.41393,MW,DE,DE_LU,forecast_onshore_wind_generation,Wind Onshore,2026-06-10T05:22:42Z
2026-06-10T05:21:31Z,2026-06-10T07:21:31+0200,3782c388-ddaf-4035-9ca0-973a72568e07,2026-05-23T21:00:00Z,2026-05-23T23:00:00+0200,3942.45111,MW,DE,DE_LU,forecast_onshore_wind_generation,Wind Onshore,2026-06-10T05:22:42Z
2026-06-10T05:21:31Z,2026-06-10T07:21:31+0200,3782c388-ddaf-4035-9ca0-973a72568e07,2026-05-23T21:15:00Z,2026-05-23T23:15:00+0200,3990.26483,MW,DE,DE_LU,forecast_onshore_wind_generation,Wind Onshore,2026-06-10T05:22:42Z
2026-06-10T05:21:31Z,2026-06-10T07:21:31+0200,3782c388-ddaf-4035-9ca0-973a72568e07,2026-05-23T21:30:00Z,2026-05-23T23:30:00+0200,4039.27911,MW,DE,DE_LU,forecast_onshore_wind_generation,Wind Onshore,2026-06-10T05:22:42Z
2026-06-10T05:21:31Z,2026-06-10T07:21:31+0200,3782c388-ddaf-4035-9ca0-973a72568e07,2026-05-23T21:45:00Z,2026-05-23T23:45:00+0200,4088.45203,MW,DE,DE_LU,forecast_onshore_wind_generation,Wind Onshore,2026-06-10T05:22:42Z
2026-06-10T05:21:31Z,2026-06-10T07:21:31+0200,3782c388-ddaf-4035-9ca0-973a72568e07,2026-05-23T22:00:00Z,2026-05-24T00:00:00+0200,2906.1854,MW,DE,DE_LU,forecast_onshore_wind_generation,Wind Onshore,2026-06-10T05:22:42Z
2026-06-10T05:21:31Z,2026-06-10T07:21:31+0200,3782c388-ddaf-4035-9ca0-973a72568e07,2026-05-23T22:15:00Z,2026-05-24T00:15:00+0200,2991.50631,MW,DE,DE_LU,forecast_onshore_wind_generation,Wind Onshore,2026-06-10T05:22:42Z
2026-06-10T05:21:31Z,2026-06-10T07:21:31+0200,3782c388-ddaf-4035-9ca0-973a72568e07,2026-05-23T22:30:00Z,2026-05-24T00:30:00+0200,3080.28343,MW,DE,DE_LU,forecast_onshore_wind_generation,Wind Onshore,2026-06-10T05:22:42Z
2026-06-10T05:21:31Z,2026-06-10T07:21:31+0200,3782c388-ddaf-4035-9ca0-973a72568e07,2026-05-23T22:45:00Z,2026-05-24T00:45:00+0200,3169.36735,MW,DE,DE_LU,forecast_onshore_wind_generation,Wind Onshore,2026-06-10T05:22:42Z
2026-06-10T05:21:31Z,2026-06-10T07:21:31+0200,3782c388-ddaf-4035-9ca0-973a72568e07,2026-05-23T23:00:00Z,2026-05-24T01:00:00+0200,3263.94682,MW,DE,DE_LU,forecast_onshore_wind_generation,Wind Onshore,2026-06-10T05:22:42Z
2026-06-10T05:21:31Z,2026-06-10T07:21:31+0200,3782c388-ddaf-4035-9ca0-973a72568e07,2026-05-23T23:15:00Z,2026-05-24T01:15:00+0200,3346.75928,MW,DE,DE_LU,forecast_onshore_wind_generation,Wind Onshore,2026-06-10T05:22:42Z
2026-06-10T05:21:31Z,2026-06-10T07:21:31+0200,3782c388-ddaf-4035-9ca0-973a72568e07,2026-05-23T23:30:00Z,2026-05-24T01:30:00+0200,3438.98897,MW,DE,DE_LU,forecast_onshore_wind_generation,Wind Onshore,2026-06-10T05:22:42Z
2026-06-10T05:21:31Z,2026-06-10T07:21:31+0200,3782c388-ddaf-4035-9ca0-973a72568e07,2026-05-23T23:45:00Z,2026-05-24T01:45:00+0200,3550.07548,MW,DE,DE_LU,forecast_onshore_wind_generation,Wind Onshore,2026-06-10T05:22:42Z
2026-06-10T05:21:31Z,2026-06-10T07:21:31+0200,3782c388-ddaf-4035-9ca0-973a72568e07,2026-05-24T00:00:00Z,2026-05-24T02:00:00+0200,3695.95554,MW,DE,DE_LU,forecast_onshore_wind_generation,Wind Onshore,2026-06-10T05:22:42Z
2026-06-10T05:21:31Z,2026-06-10T07:21:31+0200,3782c388-ddaf-4035-9ca0-973a72568e07,2026-05-24T00:15:00Z,2026-05-24T02:15:00+0200,3836.98409,MW,DE,DE_LU,forecast_onshore_wind_generation,Wind Onshore,2026-06-10T05:22:42Z
2026-06-10T05:21:31Z,2026-06-10T07:21:31+0200,3782c388-ddaf-4035-9ca0-973a72568e07,2026-05-24T00:30:00Z,2026-05-24T02:30:00+0200,3965.12347,MW,DE,DE_LU,forecast_onshore_wind_generation,Wind Onshore,2026-06-10T05:22:42Z
2026-06-10T05:21:31Z,2026-06-10T07:21:31+0200,3782c388-ddaf-4035-9ca0-973a72568e07,2026-05-24T00:45:00Z,2026-05-24T02:45:00+0200,4090.1369,MW,DE,DE_LU,forecast_onshore_wind_generation,Wind Onshore,2026-06-10T05:22:42Z
2026-06-10T05:21:31Z,2026-06-10T07:21:31+0200,3782c388-ddaf-4035-9ca0-973a72568e07,2026-05-24T01:00:00Z,2026-05-24T03:00:00+0200,4214.1109,MW,DE,DE_LU,forecast_onshore_wind_generation,Wind Onshore,2026-06-10T05:22:42Z
2026-06-10T05:21:31Z,2026-06-10T07:21:31+0200,3782c388-ddaf-4035-9ca0-973a72568e07,2026-05-24T01:15:00Z,2026-05-24T03:15:00+0200,4277.92125,MW,DE,DE_LU,forecast_onshore_wind_generation,Wind Onshore,2026-06-10T05:22:42Z
2026-06-10T05:21:31Z,2026-06-10T07:21:31+0200,3782c388-ddaf-4035-9ca0-973a72568e07,2026-05-24T01:30:00Z,2026-05-24T03:30:00+0200,4343.84979,MW,DE,DE_LU,forecast_onshore_wind_generation,Wind Onshore,2026-06-10T05:22:42Z
2026-06-10T05:21:31Z,2026-06-10T07:21:31+0200,3782c388-ddaf-4035-9ca0-973a72568e07,2026-05-24T01:45:00Z,2026-05-24T03:45:00+0200,4407.46369,MW,DE,DE_LU,forecast_onshore_wind_generation,Wind Onshore,2026-06-10T05:22:42Z
2026-06-10T05:21:31Z,2026-06-10T07:21:31+0200,3782c388-ddaf-4035-9ca0-973a72568e07,2026-05-24T02:00:00Z,2026-05-24T04:00:00+0200,4457.42842,MW,DE,DE_LU,forecast_onshore_wind_generation,Wind Onshore,2026-06-10T05:22:42Z
2026-06-10T05:21:31Z,2026-06-10T07:21:31+0200,3782c388-ddaf-4035-9ca0-973a72568e07,2026-05-24T02:15:00Z,2026-05-24T04:15:00+0200,4472.50889,MW,DE,DE_LU,forecast_onshore_wind_generation,Wind Onshore,2026-06-10T05:22:42Z
2026-06-10T05:21:31Z,2026-06-10T07:21:31+0200,3782c388-ddaf-4035-9ca0-973a72568e07,2026-05-24T02:30:00Z,2026-05-24T04:30:00+0200,4485.46037,MW,DE,DE_LU,forecast_onshore_wind_generation,Wind Onshore,2026-06-10T05:22:42Z
2026-06-10T05:21:31Z,2026-06-10T07:21:31+0200,3782c388-ddaf-4035-9ca0-973a72568e07,2026-05-24T02:45:00Z,2026-05-24T04:45:00+0200,4500.47673,MW,DE,DE_LU,forecast_onshore_wind_generation,Wind Onshore,2026-06-10T05:22:42Z
2026-06-10T05:21:31Z,2026-06-10T07:21:31+0200,3782c388-ddaf-4035-9ca0-973a72568e07,2026-05-24T03:00:00Z,2026-05-24T05:00:00+0200,4502.93848,MW,DE,DE_LU,forecast_onshore_wind_generation,Wind Onshore,2026-06-10T05:22:42Z
2026-06-10T05:21:31Z,2026-06-10T07:21:31+0200,3782c388-ddaf-4035-9ca0-973a72568e07,2026-05-24T03:15:00Z,2026-05-24T05:15:00+0200,4444.4244,MW,DE,DE_LU,forecast_onshore_wind_generation,Wind Onshore,2026-06-10T05:22:42Z
2026-06-10T05:21:31Z,2026-06-10T07:21:31+0200,3782c388-ddaf-4035-9ca0-973a72568e07,2026-05-24T03:30:00Z,2026-05-24T05:30:00+0200,4383.78094,MW,DE,DE_LU,forecast_onshore_wind_generation,Wind Onshore,2026-06-10T05:22:42Z
2026-06-10T05:21:31Z,2026-06-10T07:21:31+0200,3782c388-ddaf-4035-9ca0-973a72568e07,2026-05-24T03:45:00Z,2026-05-24T05:45:00+0200,4322.12027,MW,DE,DE_LU,forecast_onshore_wind_generation,Wind Onshore,2026-06-10T05:22:42Z
2026-06-10T05:21:31Z,2026-06-10T07:21:31+0200,3782c388-ddaf-4035-9ca0-973a72568e07,2026-05-24T04:00:00Z,2026-05-24T06:00:00+0200,4261.1238,MW,DE,DE_LU,forecast_onshore_wind_generation,Wind Onshore,2026-06-10T05:22:42Z
2026-06-10T05:21:31Z,2026-06-10T07:21:31+0200,3782c388-ddaf-4035-9ca0-973a72568e07,2026-05-24T04:15:00Z,2026-05-24T06:15:00+0200,4059.70803,MW,DE,DE_LU,forecast_onshore_wind_generation,Wind Onshore,2026-06-10T05:22:42Z
2026-06-10T05:21:31Z,2026-06-10T07:21:31+0200,3782c388-ddaf-4035-9ca0-973a72568e07,2026-05-24T04:30:00Z,2026-05-24T06:30:00+0200,3861.27423,MW,DE,DE_LU,forecast_onshore_wind_generation,Wind Onshore,2026-06-10T05:22:42Z
2026-06-10T05:21:31Z,2026-06-10T07:21:31+0200,3782c388-ddaf-4035-9ca0-973a72568e07,2026-05-24T04:45:00Z,2026-05-24T06:45:00+0200,3662.54383,MW,DE,DE_LU,forecast_onshore_wind_generation,Wind Onshore,2026-06-10T05:22:42Z
2026-06-10T05:21:31Z,2026-06-10T07:21:31+0200,3782c388-ddaf-4035-9ca0-973a72568e07,2026-05-24T05:00:00Z,2026-05-24T07:00:00+0200,3465.62748,MW,DE,DE_LU,forecast_onshore_wind_generation,Wind Onshore,2026-06-10T05:22:42Z
2026-06-10T05:21:31Z,2026-06-10T07:21:31+0200,3782c388-ddaf-4035-9ca0-973a72568e07,2026-05-24T05:15:00Z,2026-05-24T07:15:00+0200,3159.52338,MW,DE,DE_LU,forecast_onshore_wind_generation,Wind Onshore,2026-06-10T05:22:42Z
2026-06-10T05:21:31Z,2026-06-10T07:21:31+0200,3782c388-ddaf-4035-9ca0-973a72568e07,2026-05-24T05:30:00Z,2026-05-24T07:30:00+0200,2858.25997,MW,DE,DE_LU,forecast_onshore_wind_generation,Wind Onshore,2026-06-10T05:22:42Z
2026-06-10T05:21:31Z,2026-06-10T07:21:31+0200,3782c388-ddaf-4035-9ca0-973a72568e07,2026-05-24T05:45:00Z,2026-05-24T07:45:00+0200,2553.78851,MW,DE,DE_LU,forecast_onshore_wind_generation,Wind Onshore,2026-06-10T05:22:42Z
2026-06-10T05:21:31Z,2026-06-10T07:21:31+0200,3782c388-ddaf-4035-9ca0-973a72568e07,2026-05-24T06:00:00Z,2026-05-24T08:00:00+0200,2333.08362,MW,DE,DE_LU,forecast_onshore_wind_generation,Wind Onshore,2026-06-10T05:22:42Z
2026-06-10T05:21:31Z,2026-06-10T07:21:31+0200,3782c388-ddaf-4035-9ca0-973a72568e07,2026-05-24T06:15:00Z,2026-05-24T08:15:00+0200,2205.84257,MW,DE,DE_LU,forecast_onshore_wind_generation,Wind Onshore,2026-06-10T05:22:42Z
2026-06-10T05:21:31Z,2026-06-10T07:21:31+0200,3782c388-ddaf-4035-9ca0-973a72568e07,2026-05-24T06:30:00Z,2026-05-24T08:30:00+0200,2074.41569,MW,DE,DE_LU,forecast_onshore_wind_generation,Wind Onshore,2026-06-10T05:22:42Z
2026-06-10T05:21:31Z,2026-06-10T07:21:31+0200,3782c388-ddaf-4035-9ca0-973a72568e07,2026-05-24T06:45:00Z,2026-05-24T08:45:00+0200,1891.64454,MW,DE,DE_LU,forecast_onshore_wind_generation,Wind Onshore,2026-06-10T05:22:42Z
2026-06-10T05:21:31Z,2026-06-10T07:21:31+0200,3782c388-ddaf-4035-9ca0-973a72568e07,2026-05-24T07:00:00Z,2026-05-24T09:00:00+0200,1799.32327,MW,DE,DE_LU,forecast_onshore_wind_generation,Wind Onshore,2026-06-10T05:22:42Z
2026-06-10T05:21:31Z,2026-06-10T07:21:31+0200,3782c388-ddaf-4035-9ca0-973a72568e07,2026-05-24T07:15:00Z,2026-05-24T09:15:00+0200,1791.17327,MW,DE,DE_LU,forecast_onshore_wind_generation,Wind Onshore,2026-06-10T05:22:42Z
2026-06-10T05:21:31Z,2026-06-10T07:21:31+0200,3782c388-ddaf-4035-9ca0-973a72568e07,2026-05-24T07:30:00Z,2026-05-24T09:30:00+0200,1776.82552,MW,DE,DE_LU,forecast_onshore_wind_generation,Wind Onshore,2026-06-10T05:22:42Z
2026-06-10T05:21:31Z,2026-06-10T07:21:31+0200,3782c388-ddaf-4035-9ca0-973a72568e07,2026-05-24T07:45:00Z,2026-05-24T09:45:00+0200,1764.22454,MW,DE,DE_LU,forecast_onshore_wind_generation,Wind Onshore,2026-06-10T05:22:42Z
2026-06-10T05:21:31Z,2026-06-10T07:21:31+0200,3782c388-ddaf-4035-9ca0-973a72568e07,2026-05-24T08:00:00Z,2026-05-24T10:00:00+0200,1759.32956,MW,DE,DE_LU,forecast_onshore_wind_generation,Wind Onshore,2026-06-10T05:22:42Z
2026-06-10T05:21:31Z,2026-06-10T07:21:31+0200,3782c388-ddaf-4035-9ca0-973a72568e07,2026-05-24T08:15:00Z,2026-05-24T10:15:00+0200,1821.48589,MW,DE,DE_LU,forecast_onshore_wind_generation,Wind Onshore,2026-06-10T05:22:42Z
2026-06-10T05:21:31Z,2026-06-10T07:21:31+0200,3782c388-ddaf-4035-9ca0-973a72568e07,2026-05-24T08:30:00Z,2026-05-24T10:30:00+0200,1871.5157,MW,DE,DE_LU,forecast_onshore_wind_generation,Wind Onshore,2026-06-10T05:22:42Z
2026-06-10T05:21:31Z,2026-06-10T07:21:31+0200,3782c388-ddaf-4035-9ca0-973a72568e07,2026-05-24T08:45:00Z,2026-05-24T10:45:00+0200,1925.79106,MW,DE,DE_LU,forecast_onshore_wind_generation,Wind Onshore,2026-06-10T05:22:42Z
2026-06-10T05:21:31Z,2026-06-10T07:21:31+0200,3782c388-ddaf-4035-9ca0-973a72568e07,2026-05-24T09:00:00Z,2026-05-24T11:00:00+0200,1978.57062,MW,DE,DE_LU,forecast_onshore_wind_generation,Wind Onshore,2026-06-10T05:22:42Z
2026-06-10T05:21:31Z,2026-06-10T07:21:31+0200,3782c388-ddaf-4035-9ca0-973a72568e07,2026-05-24T09:15:00Z,2026-05-24T11:15:00+0200,2080.57141,MW,DE,DE_LU,forecast_onshore_wind_generation,Wind Onshore,2026-06-10T05:22:42Z
2026-06-10T05:21:31Z,2026-06-10T07:21:31+0200,3782c388-ddaf-4035-9ca0-973a72568e07,2026-05-24T09:30:00Z,2026-05-24T11:30:00+0200,2178.06815,MW,DE,DE_LU,forecast_onshore_wind_generation,Wind Onshore,2026-06-10T05:22:42Z
2026-06-10T05:21:31Z,2026-06-10T07:21:31+0200,3782c388-ddaf-4035-9ca0-973a72568e07,2026-05-24T09:45:00Z,2026-05-24T11:45:00+0200,2288.43445,MW,DE,DE_LU,forecast_onshore_wind_generation,Wind Onshore,2026-06-10T05:22:42Z
2026-06-10T05:21:31Z,2026-06-10T07:21:31+0200,3782c388-ddaf-4035-9ca0-973a72568e07,2026-05-24T10:00:00Z,2026-05-24T12:00:00+0200,2403.4475,MW,DE,DE_LU,forecast_onshore_wind_generation,Wind Onshore,2026-06-10T05:22:42Z
2026-06-10T05:21:31Z,2026-06-10T07:21:31+0200,3782c388-ddaf-4035-9ca0-973a72568e07,2026-05-24T10:15:00Z,2026-05-24T12:15:00+0200,2527.83717,MW,DE,DE_LU,forecast_onshore_wind_generation,Wind Onshore,2026-06-10T05:22:42Z
2026-06-10T05:21:31Z,2026-06-10T07:21:31+0200,3782c388-ddaf-4035-9ca0-973a72568e07,2026-05-24T10:30:00Z,2026-05-24T12:30:00+0200,2645.77197,MW,DE,DE_LU,forecast_onshore_wind_generation,Wind Onshore,2026-06-10T05:22:42Z
2026-06-10T05:21:31Z,2026-06-10T07:21:31+0200,3782c388-ddaf-4035-9ca0-973a72568e07,2026-05-24T10:45:00Z,2026-05-24T12:45:00+0200,2779.06074,MW,DE,DE_LU,forecast_onshore_wind_generation,Wind Onshore,2026-06-10T05:22:42Z
2026-06-10T05:21:31Z,2026-06-10T07:21:31+0200,3782c388-ddaf-4035-9ca0-973a72568e07,2026-05-24T11:00:00Z,2026-05-24T13:00:00+0200,2969.97594,MW,DE,DE_LU,forecast_onshore_wind_generation,Wind Onshore,2026-06-10T05:22:42Z
2026-06-10T05:21:31Z,2026-06-10T07:21:31+0200,3782c388-ddaf-4035-9ca0-973a72568e07,2026-05-24T11:15:00Z,2026-05-24T13:15:00+0200,3155.39618,MW,DE,DE_LU,forecast_onshore_wind_generation,Wind Onshore,2026-06-10T05:22:42Z
2026-06-10T05:21:31Z,2026-06-10T07:21:31+0200,3782c388-ddaf-4035-9ca0-973a72568e07,2026-05-24T11:30:00Z,2026-05-24T13:30:00+0200,3295.13433,MW,DE,DE_LU,forecast_onshore_wind_generation,Wind Onshore,2026-06-10T05:22:42Z
2026-06-10T05:21:31Z,2026-06-10T07:21:31+0200,3782c388-ddaf-4035-9ca0-973a72568e07,2026-05-24T11:45:00Z,2026-05-24T13:45:00+0200,3539.44082,MW,DE,DE_LU,forecast_onshore_wind_generation,Wind Onshore,2026-06-10T05:22:42Z
2026-06-10T05:21:31Z,2026-06-10T07:21:31+0200,3782c388-ddaf-4035-9ca0-973a72568e07,2026-05-24T12:00:00Z,2026-05-24T14:00:00+0200,3819.59884,MW,DE,DE_LU,forecast_onshore_wind_generation,Wind Onshore,2026-06-10T05:22:42Z
2026-06-10T05:21:31Z,2026-06-10T07:21:31+0200,3782c388-ddaf-4035-9ca0-973a72568e07,2026-05-24T12:15:00Z,2026-05-24T14:15:00+0200,4036.94328,MW,DE,DE_LU,forecast_onshore_wind_generation,Wind Onshore,2026-06-10T05:22:42Z
2026-06-10T05:21:31Z,2026-06-10T07:21:31+0200,3782c388-ddaf-4035-9ca0-973a72568e07,2026-05-24T12:30:00Z,2026-05-24T14:30:00+0200,4295.27664,MW,DE,DE_LU,forecast_onshore_wind_generation,Wind Onshore,2026-06-10T05:22:42Z
2026-06-10T05:21:31Z,2026-06-10T07:21:31+0200,3782c388-ddaf-4035-9ca0-973a72568e07,2026-05-24T12:45:00Z,2026-05-24T14:45:00+0200,4509.55209,MW,DE,DE_LU,forecast_onshore_wind_generation,Wind Onshore,2026-06-10T05:22:42Z
2026-06-10T05:21:31Z,2026-06-10T07:21:31+0200,3782c388-ddaf-4035-9ca0-973a72568e07,2026-05-24T13:00:00Z,2026-05-24T15:00:00+0200,4776.96037,MW,DE,DE_LU,forecast_onshore_wind_generation,Wind Onshore,2026-06-10T05:22:42Z
2026-06-10T05:21:31Z,2026-06-10T07:21:31+0200,3782c388-ddaf-4035-9ca0-973a72568e07,2026-05-24T13:15:00Z,2026-05-24T15:15:00+0200,5060.1964,MW,DE,DE_LU,forecast_onshore_wind_generation,Wind Onshore,2026-06-10T05:22:42Z
2026-06-10T05:21:31Z,2026-06-10T07:21:31+0200,3782c388-ddaf-4035-9ca0-973a72568e07,2026-05-24T13:30:00Z,2026-05-24T15:30:00+0200,5299.35374,MW,DE,DE_LU,forecast_onshore_wind_generation,Wind Onshore,2026-06-10T05:22:42Z
2026-06-10T05:21:31Z,2026-06-10T07:21:31+0200,3782c388-ddaf-4035-9ca0-973a72568e07,2026-05-24T13:45:00Z,2026-05-24T15:45:00+0200,5454.27333,MW,DE,DE_LU,forecast_onshore_wind_generation,Wind Onshore,2026-06-10T05:22:42Z
2026-06-10T05:21:31Z,2026-06-10T07:21:31+0200,3782c388-ddaf-4035-9ca0-973a72568e07,2026-05-24T14:00:00Z,2026-05-24T16:00:00+0200,5776.26458,MW,DE,DE_LU,forecast_onshore_wind_generation,Wind Onshore,2026-06-10T05:22:42Z
2026-06-10T05:21:31Z,2026-06-10T07:21:31+0200,3782c388-ddaf-4035-9ca0-973a72568e07,2026-05-24T14:15:00Z,2026-05-24T16:15:00+0200,6165.40273,MW,DE,DE_LU,forecast_onshore_wind_generation,Wind Onshore,2026-06-10T05:22:42Z
2026-06-10T05:21:31Z,2026-06-10T07:21:31+0200,3782c388-ddaf-4035-9ca0-973a72568e07,2026-05-24T14:30:00Z,2026-05-24T16:30:00+0200,6364.329,MW,DE,DE_LU,forecast_onshore_wind_generation,Wind Onshore,2026-06-10T05:22:42Z
2026-06-10T05:21:31Z,2026-06-10T07:21:31+0200,3782c388-ddaf-4035-9ca0-973a72568e07,2026-05-24T14:45:00Z,2026-05-24T16:45:00+0200,6578.5489,MW,DE,DE_LU,forecast_onshore_wind_generation,Wind Onshore,2026-06-10T05:22:42Z
2026-06-10T05:21:31Z,2026-06-10T07:21:31+0200,3782c388-ddaf-4035-9ca0-973a72568e07,2026-05-24T15:00:00Z,2026-05-24T17:00:00+0200,6674.71497,MW,DE,DE_LU,forecast_onshore_wind_generation,Wind Onshore,2026-06-10T05:22:42Z
2026-06-10T05:21:31Z,2026-06-10T07:21:31+0200,3782c388-ddaf-4035-9ca0-973a72568e07,2026-05-24T15:15:00Z,2026-05-24T17:15:00+0200,6666.27065,MW,DE,DE_LU,forecast_onshore_wind_generation,Wind Onshore,2026-06-10T05:22:42Z
2026-06-10T05:21:31Z,2026-06-10T07:21:31+0200,3782c388-ddaf-4035-9ca0-973a72568e07,2026-05-24T15:30:00Z,2026-05-24T17:30:00+0200,6628.20317,MW,DE,DE_LU,forecast_onshore_wind_generation,Wind Onshore,2026-06-10T05:22:42Z
2026-06-10T05:21:31Z,2026-06-10T07:21:31+0200,3782c388-ddaf-4035-9ca0-973a72568e07,2026-05-24T15:45:00Z,2026-05-24T17:45:00+0200,6581.84327,MW,DE,DE_LU,forecast_onshore_wind_generation,Wind Onshore,2026-06-10T05:22:42Z
2026-06-10T05:21:31Z,2026-06-10T07:21:31+0200,3782c388-ddaf-4035-9ca0-973a72568e07,2026-05-24T16:00:00Z,2026-05-24T18:00:00+0200,6509.66594,MW,DE,DE_LU,forecast_onshore_wind_generation,Wind Onshore,2026-06-10T05:22:42Z
2026-06-10T05:21:31Z,2026-06-10T07:21:31+0200,3782c388-ddaf-4035-9ca0-973a72568e07,2026-05-24T16:15:00Z,2026-05-24T18:15:00+0200,6456.30533,MW,DE,DE_LU,forecast_onshore_wind_generation,Wind Onshore,2026-06-10T05:22:42Z
2026-06-10T05:21:31Z,2026-06-10T07:21:31+0200,3782c388-ddaf-4035-9ca0-973a72568e07,2026-05-24T16:30:00Z,2026-05-24T18:30:00+0200,6368.93684,MW,DE,DE_LU,forecast_onshore_wind_generation,Wind Onshore,2026-06-10T05:22:42Z
2026-06-10T05:21:31Z,2026-06-10T07:21:31+0200,3782c388-ddaf-4035-9ca0-973a72568e07,2026-05-24T16:45:00Z,2026-05-24T18:45:00+0200,6279.00262,MW,DE,DE_LU,forecast_onshore_wind_generation,Wind Onshore,2026-06-10T05:22:42Z
2026-06-10T05:21:31Z,2026-06-10T07:21:31+0200,3782c388-ddaf-4035-9ca0-973a72568e07,2026-05-24T17:00:00Z,2026-05-24T19:00:00+0200,6196.82507,MW,DE,DE_LU,forecast_onshore_wind_generation,Wind Onshore,2026-06-10T05:22:42Z
2026-06-10T05:21:31Z,2026-06-10T07:21:31+0200,3782c388-ddaf-4035-9ca0-973a72568e07,2026-05-24T17:15:00Z,2026-05-24T19:15:00+0200,6174.5082,MW,DE,DE_LU,forecast_onshore_wind_generation,Wind Onshore,2026-06-10T05:22:42Z
2026-06-10T05:21:31Z,2026-06-10T07:21:31+0200,3782c388-ddaf-4035-9ca0-973a72568e07,2026-05-24T17:30:00Z,2026-05-24T19:30:00+0200,6154.05942,MW,DE,DE_LU,forecast_onshore_wind_generation,Wind Onshore,2026-06-10T05:22:42Z
2026-06-10T05:21:31Z,2026-06-10T07:21:31+0200,3782c388-ddaf-4035-9ca0-973a72568e07,2026-05-24T17:45:00Z,2026-05-24T19:45:00+0200,6131.10989,MW,DE,DE_LU,forecast_onshore_wind_generation,Wind Onshore,2026-06-10T05:22:42Z
2026-06-10T05:21:31Z,2026-06-10T07:21:31+0200,3782c388-ddaf-4035-9ca0-973a72568e07,2026-05-24T18:00:00Z,2026-05-24T20:00:00+0200,6123.44312,MW,DE,DE_LU,forecast_onshore_wind_generation,Wind Onshore,2026-06-10T05:22:42Z
2026-06-10T05:21:31Z,2026-06-10T07:21:31+0200,3782c388-ddaf-4035-9ca0-973a72568e07,2026-05-24T18:15:00Z,2026-05-24T20:15:00+0200,6316.16736,MW,DE,DE_LU,forecast_onshore_wind_generation,Wind Onshore,2026-06-10T05:22:42Z
2026-06-10T05:21:31Z,2026-06-10T07:21:31+0200,3782c388-ddaf-4035-9ca0-973a72568e07,2026-05-24T18:30:00Z,2026-05-24T20:30:00+0200,6513.12092,MW,DE,DE_LU,forecast_onshore_wind_generation,Wind Onshore,2026-06-10T05:22:42Z
2026-06-10T05:21:31Z,2026-06-10T07:21:31+0200,3782c388-ddaf-4035-9ca0-973a72568e07,2026-05-24T18:45:00Z,2026-05-24T20:45:00+0200,6716.85003,MW,DE,DE_LU,forecast_onshore_wind_generation,Wind Onshore,2026-06-10T05:22:42Z
2026-06-10T05:21:31Z,2026-06-10T07:21:31+0200,3782c388-ddaf-4035-9ca0-973a72568e07,2026-05-24T19:00:00Z,2026-05-24T21:00:00+0200,6916.26254,MW,DE,DE_LU,forecast_onshore_wind_generation,Wind Onshore,2026-06-10T05:22:42Z
2026-06-10T05:21:31Z,2026-06-10T07:21:31+0200,3782c388-ddaf-4035-9ca0-973a72568e07,2026-05-24T19:15:00Z,2026-05-24T21:15:00+0200,7115.02312,MW,DE,DE_LU,forecast_onshore_wind_generation,Wind Onshore,2026-06-10T05:22:42Z
2026-06-10T05:21:31Z,2026-06-10T07:21:31+0200,3782c388-ddaf-4035-9ca0-973a72568e07,2026-05-24T19:30:00Z,2026-05-24T21:30:00+0200,7315.3595,MW,DE,DE_LU,forecast_onshore_wind_generation,Wind Onshore,2026-06-10T05:22:42Z
2026-06-10T05:21:31Z,2026-06-10T07:21:31+0200,3782c388-ddaf-4035-9ca0-973a72568e07,2026-05-24T19:45:00Z,2026-05-24T21:45:00+0200,7518.04688,MW,DE,DE_LU,forecast_onshore_wind_generation,Wind Onshore,2026-06-10T05:22:42Z
2026-06-10T05:21:31Z,2026-06-10T07:21:31+0200,3782c388-ddaf-4035-9ca0-973a72568e07,2026-05-24T20:00:00Z,2026-05-24T22:00:00+0200,7656.67252,MW,DE,DE_LU,forecast_onshore_wind_generation,Wind Onshore,2026-06-10T05:22:42Z
2026-06-10T05:21:31Z,2026-06-10T07:21:31+0200,3782c388-ddaf-4035-9ca0-973a72568e07,2026-05-24T20:15:00Z,2026-05-24T22:15:00+0200,7635.69276,MW,DE,DE_LU,forecast_onshore_wind_generation,Wind Onshore,2026-06-10T05:22:42Z
2026-06-10T05:21:31Z,2026-06-10T07:21:31+0200,3782c388-ddaf-4035-9ca0-973a72568e07,2026-05-24T20:30:00Z,2026-05-24T22:30:00+0200,7611.07234,MW,DE,DE_LU,forecast_onshore_wind_generation,Wind Onshore,2026-06-10T05:22:42Z
2026-06-10T05:21:31Z,2026-06-10T07:21:31+0200,3782c388-ddaf-4035-9ca0-973a72568e07,2026-05-24T20:45:00Z,2026-05-24T22:45:00+0200,7584.9093,MW,DE,DE_LU,forecast_onshore_wind_generation,Wind Onshore,2026-06-10T05:22:42Z
2026-06-10T05:21:31Z,2026-06-10T07:21:31+0200,3782c388-ddaf-4035-9ca0-973a72568e07,2026-05-24T21:00:00Z,2026-05-24T23:00:00+0200,7540.26145,MW,DE,DE_LU,forecast_onshore_wind_generation,Wind Onshore,2026-06-10T05:22:42Z
2026-06-10T05:21:31Z,2026-06-10T07:21:31+0200,3782c388-ddaf-4035-9ca0-973a72568e07,2026-05-24T21:15:00Z,2026-05-24T23:15:00+0200,7354.95328,MW,DE,DE_LU,forecast_onshore_wind_generation,Wind Onshore,2026-06-10T05:22:42Z
2026-06-10T05:21:31Z,2026-06-10T07:21:31+0200,3782c388-ddaf-4035-9ca0-973a72568e07,2026-05-24T21:30:00Z,2026-05-24T23:30:00+0200,7166.99893,MW,DE,DE_LU,forecast_onshore_wind_generation,Wind Onshore,2026-06-10T05:22:42Z
2026-06-10T05:21:31Z,2026-06-10T07:21:31+0200,3782c388-ddaf-4035-9ca0-973a72568e07,2026-05-24T21:45:00Z,2026-05-24T23:45:00+0200,6973.02466,MW,DE,DE_LU,forecast_onshore_wind_generation,Wind Onshore,2026-06-10T05:22:42Z
2026-06-10T05:21:31Z,2026-06-10T07:21:31+0200,3782c388-ddaf-4035-9ca0-973a72568e07,2026-05-24T22:00:00Z,2026-05-25T00:00:00+0200,6830.16461,MW,DE,DE_LU,forecast_onshore_wind_generation,Wind Onshore,2026-06-10T05:22:42Z
2026-06-10T05:21:31Z,2026-06-10T07:21:31+0200,3782c388-ddaf-4035-9ca0-973a72568e07,2026-05-24T22:15:00Z,2026-05-25T00:15:00+0200,6556.6506,MW,DE,DE_LU,forecast_onshore_wind_generation,Wind Onshore,2026-06-10T05:22:42Z
2026-06-10T05:21:31Z,2026-06-10T07:21:31+0200,3782c388-ddaf-4035-9ca0-973a72568e07,2026-05-24T22:30:00Z,2026-05-25T00:30:00+0200,6282.94215,MW,DE,DE_LU,forecast_onshore_wind_generation,Wind Onshore,2026-06-10T05:22:42Z
2026-06-10T05:21:31Z,2026-06-10T07:21:31+0200,3782c388-ddaf-4035-9ca0-973a72568e07,2026-05-24T22:45:00Z,2026-05-25T00:45:00+0200,5993.34014,MW,DE,DE_LU,forecast_onshore_wind_generation,Wind Onshore,2026-06-10T05:22:42Z
2026-06-10T05:21:31Z,2026-06-10T07:21:31+0200,3782c388-ddaf-4035-9ca0-973a72568e07,2026-05-24T23:00:00Z,2026-05-25T01:00:00+0200,5715.66395,MW,DE,DE_LU,forecast_onshore_wind_generation,Wind Onshore,2026-06-10T05:22:42Z
2026-06-10T05:21:31Z,2026-06-10T07:21:31+0200,3782c388-ddaf-4035-9ca0-973a72568e07,2026-05-24T23:15:00Z,2026-05-25T01:15:00+0200,5472.89727,MW,DE,DE_LU,forecast_onshore_wind_generation,Wind Onshore,2026-06-10T05:22:42Z
2026-06-10T05:21:31Z,2026-06-10T07:21:31+0200,3782c388-ddaf-4035-9ca0-973a72568e07,2026-05-24T23:30:00Z,2026-05-25T01:30:00+0200,5230.12404,MW,DE,DE_LU,forecast_onshore_wind_generation,Wind Onshore,2026-06-10T05:22:42Z
2026-06-10T05:21:31Z,2026-06-10T07:21:31+0200,3782c388-ddaf-4035-9ca0-973a72568e07,2026-05-24T23:45:00Z,2026-05-25T01:45:00+0200,4996.90681,MW,DE,DE_LU,forecast_onshore_wind_generation,Wind Onshore,2026-06-10T05:22:42Z
2026-06-10T05:21:31Z,2026-06-10T07:21:31+0200,3782c388-ddaf-4035-9ca0-973a72568e07,2026-05-25T00:00:00Z,2026-05-25T02:00:00+0200,4793.12401,MW,DE,DE_LU,forecast_onshore_wind_generation,Wind Onshore,2026-06-10T05:22:42Z
2026-06-10T05:21:31Z,2026-06-10T07:21:31+0200,3782c388-ddaf-4035-9ca0-973a72568e07,2026-05-25T00:15:00Z,2026-05-25T02:15:00+0200,4601.10197,MW,DE,DE_LU,forecast_onshore_wind_generation,Wind Onshore,2026-06-10T05:22:42Z
2026-06-10T05:21:31Z,2026-06-10T07:21:31+0200,3782c388-ddaf-4035-9ca0-973a72568e07,2026-05-25T00:30:00Z,2026-05-25T02:30:00+0200,4404.07895,MW,DE,DE_LU,forecast_onshore_wind_generation,Wind Onshore,2026-06-10T05:22:42Z
2026-06-10T05:21:31Z,2026-06-10T07:21:31+0200,3782c388-ddaf-4035-9ca0-973a72568e07,2026-05-25T00:45:00Z,2026-05-25T02:45:00+0200,4197.11186,MW,DE,DE_LU,forecast_onshore_wind_generation,Wind Onshore,2026-06-10T05:22:42Z
2026-06-10T05:21:31Z,2026-06-10T07:21:31+0200,3782c388-ddaf-4035-9ca0-973a72568e07,2026-05-25T01:00:00Z,2026-05-25T03:00:00+0200,3998.58996,MW,DE,DE_LU,forecast_onshore_wind_generation,Wind Onshore,2026-06-10T05:22:42Z
2026-06-10T05:21:31Z,2026-06-10T07:21:31+0200,3782c388-ddaf-4035-9ca0-973a72568e07,2026-05-25T01:15:00Z,2026-05-25T03:15:00+0200,3830.8821,MW,DE,DE_LU,forecast_onshore_wind_generation,Wind Onshore,2026-06-10T05:22:42Z
2026-06-10T05:21:31Z,2026-06-10T07:21:31+0200,3782c388-ddaf-4035-9ca0-973a72568e07,2026-05-25T01:30:00Z,2026-05-25T03:30:00+0200,3663.53067,MW,DE,DE_LU,forecast_onshore_wind_generation,Wind Onshore,2026-06-10T05:22:42Z
2026-06-10T05:21:31Z,2026-06-10T07:21:31+0200,3782c388-ddaf-4035-9ca0-973a72568e07,2026-05-25T01:45:00Z,2026-05-25T03:45:00+0200,3496.87731,MW,DE,DE_LU,forecast_onshore_wind_generation,Wind Onshore,2026-06-10T05:22:42Z
2026-06-10T05:21:31Z,2026-06-10T07:21:31+0200,3782c388-ddaf-4035-9ca0-973a72568e07,2026-05-25T02:00:00Z,2026-05-25T04:00:00+0200,3333.72168,MW,DE,DE_LU,forecast_onshore_wind_generation,Wind Onshore,2026-06-10T05:22:42Z
2026-06-10T05:21:31Z,2026-06-10T07:21:31+0200,3782c388-ddaf-4035-9ca0-973a72568e07,2026-05-25T02:15:00Z,2026-05-25T04:15:00+0200,3206.29553,MW,DE,DE_LU,forecast_onshore_wind_generation,Wind Onshore,2026-06-10T05:22:42Z
2026-06-10T05:21:31Z,2026-06-10T07:21:31+0200,3782c388-ddaf-4035-9ca0-973a72568e07,2026-05-25T02:30:00Z,2026-05-25T04:30:00+0200,3079.50122,MW,DE,DE_LU,forecast_onshore_wind_generation,Wind Onshore,2026-06-10T05:22:42Z
2026-06-10T05:21:31Z,2026-06-10T07:21:31+0200,3782c388-ddaf-4035-9ca0-973a72568e07,2026-05-25T02:45:00Z,2026-05-25T04:45:00+0200,2959.68316,MW,DE,DE_LU,forecast_onshore_wind_generation,Wind Onshore,2026-06-10T05:22:42Z
2026-06-10T05:21:31Z,2026-06-10T07:21:31+0200,3782c388-ddaf-4035-9ca0-973a72568e07,2026-05-25T03:00:00Z,2026-05-25T05:00:00+0200,2844.47272,MW,DE,DE_LU,forecast_onshore_wind_generation,Wind Onshore,2026-06-10T05:22:42Z
2026-06-10T05:21:31Z,2026-06-10T07:21:31+0200,3782c388-ddaf-4035-9ca0-973a72568e07,2026-05-25T03:15:00Z,2026-05-25T05:15:00+0200,2748.66259,MW,DE,DE_LU,forecast_onshore_wind_generation,Wind Onshore,2026-06-10T05:22:42Z
2026-06-10T05:21:31Z,2026-06-10T07:21:31+0200,3782c388-ddaf-4035-9ca0-973a72568e07,2026-05-25T03:30:00Z,2026-05-25T05:30:00+0200,2657.76742,MW,DE,DE_LU,forecast_onshore_wind_generation,Wind Onshore,2026-06-10T05:22:42Z
2026-06-10T05:21:31Z,2026-06-10T07:21:31+0200,3782c388-ddaf-4035-9ca0-973a72568e07,2026-05-25T03:45:00Z,2026-05-25T05:45:00+0200,2564.08653,MW,DE,DE_LU,forecast_onshore_wind_generation,Wind Onshore,2026-06-10T05:22:42Z
2026-06-10T05:21:31Z,2026-06-10T07:21:31+0200,3782c388-ddaf-4035-9ca0-973a72568e07,2026-05-25T04:00:00Z,2026-05-25T06:00:00+0200,2478.53353,MW,DE,DE_LU,forecast_onshore_wind_generation,Wind Onshore,2026-06-10T05:22:42Z
2026-06-10T05:21:31Z,2026-06-10T07:21:31+0200,3782c388-ddaf-4035-9ca0-973a72568e07,2026-05-25T04:15:00Z,2026-05-25T06:15:00+0200,2353.95024,MW,DE,DE_LU,forecast_onshore_wind_generation,Wind Onshore,2026-06-10T05:22:42Z
2026-06-10T05:21:31Z,2026-06-10T07:21:31+0200,3782c388-ddaf-4035-9ca0-973a72568e07,2026-05-25T04:30:00Z,2026-05-25T06:30:00+0200,2232.24024,MW,DE,DE_LU,forecast_onshore_wind_generation,Wind Onshore,2026-06-10T05:22:42Z
2026-06-10T05:21:31Z,2026-06-10T07:21:31+0200,3782c388-ddaf-4035-9ca0-973a72568e07,2026-05-25T04:45:00Z,2026-05-25T06:45:00+0200,2107.02822,MW,DE,DE_LU,forecast_onshore_wind_generation,Wind Onshore,2026-06-10T05:22:42Z
2026-06-10T05:21:31Z,2026-06-10T07:21:31+0200,3782c388-ddaf-4035-9ca0-973a72568e07,2026-05-25T05:00:00Z,2026-05-25T07:00:00+0200,1975.09783,MW,DE,DE_LU,forecast_onshore_wind_generation,Wind Onshore,2026-06-10T05:22:42Z
2026-06-10T05:21:31Z,2026-06-10T07:21:31+0200,3782c388-ddaf-4035-9ca0-973a72568e07,2026-05-25T05:15:00Z,2026-05-25T07:15:00+0200,1773.09456,MW,DE,DE_LU,forecast_onshore_wind_generation,Wind Onshore,2026-06-10T05:22:42Z
2026-06-10T05:21:31Z,2026-06-10T07:21:31+0200,3782c388-ddaf-4035-9ca0-973a72568e07,2026-05-25T05:30:00Z,2026-05-25T07:30:00+0200,1560.09188,MW,DE,DE_LU,forecast_onshore_wind_generation,Wind Onshore,2026-06-10T05:22:42Z
2026-06-10T05:21:31Z,2026-06-10T07:21:31+0200,3782c388-ddaf-4035-9ca0-973a72568e07,2026-05-25T05:45:00Z,2026-05-25T07:45:00+0200,1347.23437,MW,DE,DE_LU,forecast_onshore_wind_generation,Wind Onshore,2026-06-10T05:22:42Z
2026-06-10T05:21:31Z,2026-06-10T07:21:31+0200,3782c388-ddaf-4035-9ca0-973a72568e07,2026-05-25T06:00:00Z,2026-05-25T08:00:00+0200,1161.91711,MW,DE,DE_LU,forecast_onshore_wind_generation,Wind Onshore,2026-06-10T05:22:42Z
2026-06-10T05:21:31Z,2026-06-10T07:21:31+0200,3782c388-ddaf-4035-9ca0-973a72568e07,2026-05-25T06:15:00Z,2026-05-25T08:15:00+0200,1024.79645,MW,DE,DE_LU,forecast_onshore_wind_generation,Wind Onshore,2026-06-10T05:22:42Z
2026-06-10T05:21:31Z,2026-06-10T07:21:31+0200,3782c388-ddaf-4035-9ca0-973a72568e07,2026-05-25T06:30:00Z,2026-05-25T08:30:00+0200,889.40965,MW,DE,DE_LU,forecast_onshore_wind_generation,Wind Onshore,2026-06-10T05:22:42Z
2026-06-10T05:21:31Z,2026-06-10T07:21:31+0200,3782c388-ddaf-4035-9ca0-973a72568e07,2026-05-25T06:45:00Z,2026-05-25T08:45:00+0200,749.54181,MW,DE,DE_LU,forecast_onshore_wind_generation,Wind Onshore,2026-06-10T05:22:42Z
2026-06-10T05:21:31Z,2026-06-10T07:21:31+0200,3782c388-ddaf-4035-9ca0-973a72568e07,2026-05-25T07:00:00Z,2026-05-25T09:00:00+0200,611.62421,MW,DE,DE_LU,forecast_onshore_wind_generation,Wind Onshore,2026-06-10T05:22:42Z
2026-06-10T05:21:31Z,2026-06-10T07:21:31+0200,3782c388-ddaf-4035-9ca0-973a72568e07,2026-05-25T07:15:00Z,2026-05-25T09:15:00+0200,622.50822,MW,DE,DE_LU,forecast_onshore_wind_generation,Wind Onshore,2026-06-10T05:22:42Z
2026-06-10T05:21:31Z,2026-06-10T07:21:31+0200,3782c388-ddaf-4035-9ca0-973a72568e07,2026-05-25T07:30:00Z,2026-05-25T09:30:00+0200,628.63414,MW,DE,DE_LU,forecast_onshore_wind_generation,Wind Onshore,2026-06-10T05:22:42Z
2026-06-10T05:21:31Z,2026-06-10T07:21:31+0200,3782c388-ddaf-4035-9ca0-973a72568e07,2026-05-25T07:45:00Z,2026-05-25T09:45:00+0200,620.52665,MW,DE,DE_LU,forecast_onshore_wind_generation,Wind Onshore,2026-06-10T05:22:42Z
2026-06-10T05:21:31Z,2026-06-10T07:21:31+0200,3782c388-ddaf-4035-9ca0-973a72568e07,2026-05-25T08:00:00Z,2026-05-25T10:00:00+0200,634.55744,MW,DE,DE_LU,forecast_onshore_wind_generation,Wind Onshore,2026-06-10T05:22:42Z
2026-06-10T05:21:31Z,2026-06-10T07:21:31+0200,3782c388-ddaf-4035-9ca0-973a72568e07,2026-05-25T08:15:00Z,2026-05-25T10:15:00+0200,689.1536,MW,DE,DE_LU,forecast_onshore_wind_generation,Wind Onshore,2026-06-10T05:22:42Z
2026-06-10T05:21:31Z,2026-06-10T07:21:31+0200,3782c388-ddaf-4035-9ca0-973a72568e07,2026-05-25T08:30:00Z,2026-05-25T10:30:00+0200,716.67576,MW,DE,DE_LU,forecast_onshore_wind_generation,Wind Onshore,2026-06-10T05:22:42Z
2026-06-10T05:21:31Z,2026-06-10T07:21:31+0200,3782c388-ddaf-4035-9ca0-973a72568e07,2026-05-25T08:45:00Z,2026-05-25T10:45:00+0200,748.0405,MW,DE,DE_LU,forecast_onshore_wind_generation,Wind Onshore,2026-06-10T05:22:42Z
2026-06-10T05:21:31Z,2026-06-10T07:21:31+0200,3782c388-ddaf-4035-9ca0-973a72568e07,2026-05-25T09:00:00Z,2026-05-25T11:00:00+0200,784.97481,MW,DE,DE_LU,forecast_onshore_wind_generation,Wind Onshore,2026-06-10T05:22:42Z
2026-06-10T05:21:31Z,2026-06-10T07:21:31+0200,3782c388-ddaf-4035-9ca0-973a72568e07,2026-05-25T09:15:00Z,2026-05-25T11:15:00+0200,818.06214,MW,DE,DE_LU,forecast_onshore_wind_generation,Wind Onshore,2026-06-10T05:22:42Z
2026-06-10T05:21:31Z,2026-06-10T07:21:31+0200,3782c388-ddaf-4035-9ca0-973a72568e07,2026-05-25T09:30:00Z,2026-05-25T11:30:00+0200,840.6245,MW,DE,DE_LU,forecast_onshore_wind_generation,Wind Onshore,2026-06-10T05:22:42Z
2026-06-10T05:21:31Z,2026-06-10T07:21:31+0200,3782c388-ddaf-4035-9ca0-973a72568e07,2026-05-25T09:45:00Z,2026-05-25T11:45:00+0200,855.76199,MW,DE,DE_LU,forecast_onshore_wind_generation,Wind Onshore,2026-06-10T05:22:42Z
2026-06-10T05:21:31Z,2026-06-10T07:21:31+0200,3782c388-ddaf-4035-9ca0-973a72568e07,2026-05-25T10:00:00Z,2026-05-25T12:00:00+0200,880.32467,MW,DE,DE_LU,forecast_onshore_wind_generation,Wind Onshore,2026-06-10T05:22:42Z
2026-06-10T05:21:31Z,2026-06-10T07:21:31+0200,3782c388-ddaf-4035-9ca0-973a72568e07,2026-05-25T10:15:00Z,2026-05-25T12:15:00+0200,897.3563,MW,DE,DE_LU,forecast_onshore_wind_generation,Wind Onshore,2026-06-10T05:22:42Z
2026-06-10T05:21:31Z,2026-06-10T07:21:31+0200,3782c388-ddaf-4035-9ca0-973a72568e07,2026-05-25T10:30:00Z,2026-05-25T12:30:00+0200,924.14425,MW,DE,DE_LU,forecast_onshore_wind_generation,Wind Onshore,2026-06-10T05:22:42Z
2026-06-10T05:21:31Z,2026-06-10T07:21:31+0200,3782c388-ddaf-4035-9ca0-973a72568e07,2026-05-25T10:45:00Z,2026-05-25T12:45:00+0200,933.73075,MW,DE,DE_LU,forecast_onshore_wind_generation,Wind Onshore,2026-06-10T05:22:42Z
2026-06-10T05:21:31Z,2026-06-10T07:21:31+0200,3782c388-ddaf-4035-9ca0-973a72568e07,2026-05-25T11:00:00Z,2026-05-25T13:00:00+0200,957.49307,MW,DE,DE_LU,forecast_onshore_wind_generation,Wind Onshore,2026-06-10T05:22:42Z
2026-06-10T05:21:31Z,2026-06-10T07:21:31+0200,3782c388-ddaf-4035-9ca0-973a72568e07,2026-05-25T11:15:00Z,2026-05-25T13:15:00+0200,980.50869,MW,DE,DE_LU,forecast_onshore_wind_generation,Wind Onshore,2026-06-10T05:22:42Z
2026-06-10T05:21:31Z,2026-06-10T07:21:31+0200,3782c388-ddaf-4035-9ca0-973a72568e07,2026-05-25T11:30:00Z,2026-05-25T13:30:00+0200,1026.85558,MW,DE,DE_LU,forecast_onshore_wind_generation,Wind Onshore,2026-06-10T05:22:42Z
2026-06-10T05:21:31Z,2026-06-10T07:21:31+0200,3782c388-ddaf-4035-9ca0-973a72568e07,2026-05-25T11:45:00Z,2026-05-25T13:45:00+0200,1071.87902,MW,DE,DE_LU,forecast_onshore_wind_generation,Wind Onshore,2026-06-10T05:22:42Z
2026-06-10T05:21:31Z,2026-06-10T07:21:31+0200,3782c388-ddaf-4035-9ca0-973a72568e07,2026-05-25T12:00:00Z,2026-05-25T14:00:00+0200,1120.18598,MW,DE,DE_LU,forecast_onshore_wind_generation,Wind Onshore,2026-06-10T05:22:42Z
2026-06-10T05:21:31Z,2026-06-10T07:21:31+0200,3782c388-ddaf-4035-9ca0-973a72568e07,2026-05-25T12:15:00Z,2026-05-25T14:15:00+0200,1176.8731,MW,DE,DE_LU,forecast_onshore_wind_generation,Wind Onshore,2026-06-10T05:22:42Z
2026-06-10T05:21:31Z,2026-06-10T07:21:31+0200,3782c388-ddaf-4035-9ca0-973a72568e07,2026-05-25T12:30:00Z,2026-05-25T14:30:00+0200,1258.40399,MW,DE,DE_LU,forecast_onshore_wind_generation,Wind Onshore,2026-06-10T05:22:42Z
2026-06-10T05:21:31Z,2026-06-10T07:21:31+0200,3782c388-ddaf-4035-9ca0-973a72568e07,2026-05-25T12:45:00Z,2026-05-25T14:45:00+0200,1361.89445,MW,DE,DE_LU,forecast_onshore_wind_generation,Wind Onshore,2026-06-10T05:22:42Z
2026-06-10T05:21:31Z,2026-06-10T07:21:31+0200,3782c388-ddaf-4035-9ca0-973a72568e07,2026-05-25T13:00:00Z,2026-05-25T15:00:00+0200,1492.14281,MW,DE,DE_LU,forecast_onshore_wind_generation,Wind Onshore,2026-06-10T05:22:42Z
2026-06-10T05:21:31Z,2026-06-10T07:21:31+0200,3782c388-ddaf-4035-9ca0-973a72568e07,2026-05-25T13:15:00Z,2026-05-25T15:15:00+0200,1608.80648,MW,DE,DE_LU,forecast_onshore_wind_generation,Wind Onshore,2026-06-10T05:22:42Z
2026-06-10T05:21:31Z,2026-06-10T07:21:31+0200,3782c388-ddaf-4035-9ca0-973a72568e07,2026-05-25T13:30:00Z,2026-05-25T15:30:00+0200,1748.02402,MW,DE,DE_LU,forecast_onshore_wind_generation,Wind Onshore,2026-06-10T05:22:42Z
2026-06-10T05:21:31Z,2026-06-10T07:21:31+0200,3782c388-ddaf-4035-9ca0-973a72568e07,2026-05-25T13:45:00Z,2026-05-25T15:45:00+0200,1861.70649,MW,DE,DE_LU,forecast_onshore_wind_generation,Wind Onshore,2026-06-10T05:22:42Z
2026-06-10T05:21:31Z,2026-06-10T07:21:31+0200,3782c388-ddaf-4035-9ca0-973a72568e07,2026-05-25T14:00:00Z,2026-05-25T16:00:00+0200,1982.27009,MW,DE,DE_LU,forecast_onshore_wind_generation,Wind Onshore,2026-06-10T05:22:42Z
2026-06-10T05:21:31Z,2026-06-10T07:21:31+0200,3782c388-ddaf-4035-9ca0-973a72568e07,2026-05-25T14:15:00Z,2026-05-25T16:15:00+0200,2163.81975,MW,DE,DE_LU,forecast_onshore_wind_generation,Wind Onshore,2026-06-10T05:22:42Z
2026-06-10T05:21:31Z,2026-06-10T07:21:31+0200,3782c388-ddaf-4035-9ca0-973a72568e07,2026-05-25T14:30:00Z,2026-05-25T16:30:00+0200,2337.35086,MW,DE,DE_LU,forecast_onshore_wind_generation,Wind Onshore,2026-06-10T05:22:42Z
2026-06-10T05:21:31Z,2026-06-10T07:21:31+0200,3782c388-ddaf-4035-9ca0-973a72568e07,2026-05-25T14:45:00Z,2026-05-25T16:45:00+0200,2481.47482,MW,DE,DE_LU,forecast_onshore_wind_generation,Wind Onshore,2026-06-10T05:22:42Z
2026-06-10T05:21:31Z,2026-06-10T07:21:31+0200,3782c388-ddaf-4035-9ca0-973a72568e07,2026-05-25T15:00:00Z,2026-05-25T17:00:00+0200,2603.73097,MW,DE,DE_LU,forecast_onshore_wind_generation,Wind Onshore,2026-06-10T05:22:42Z
2026-06-10T05:21:31Z,2026-06-10T07:21:31+0200,3782c388-ddaf-4035-9ca0-973a72568e07,2026-05-25T15:15:00Z,2026-05-25T17:15:00+0200,2688.44812,MW,DE,DE_LU,forecast_onshore_wind_generation,Wind Onshore,2026-06-10T05:22:42Z
2026-06-10T05:21:31Z,2026-06-10T07:21:31+0200,3782c388-ddaf-4035-9ca0-973a72568e07,2026-05-25T15:30:00Z,2026-05-25T17:30:00+0200,2749.0982,MW,DE,DE_LU,forecast_onshore_wind_generation,Wind Onshore,2026-06-10T05:22:42Z
2026-06-10T05:21:31Z,2026-06-10T07:21:31+0200,3782c388-ddaf-4035-9ca0-973a72568e07,2026-05-25T15:45:00Z,2026-05-25T17:45:00+0200,2814.71669,MW,DE,DE_LU,forecast_onshore_wind_generation,Wind Onshore,2026-06-10T05:22:42Z
2026-06-10T05:21:31Z,2026-06-10T07:21:31+0200,3782c388-ddaf-4035-9ca0-973a72568e07,2026-05-25T16:00:00Z,2026-05-25T18:00:00+0200,2869.54766,MW,DE,DE_LU,forecast_onshore_wind_generation,Wind Onshore,2026-06-10T05:22:42Z
2026-06-10T05:21:31Z,2026-06-10T07:21:31+0200,3782c388-ddaf-4035-9ca0-973a72568e07,2026-05-25T16:15:00Z,2026-05-25T18:15:00+0200,2891.25174,MW,DE,DE_LU,forecast_onshore_wind_generation,Wind Onshore,2026-06-10T05:22:42Z
2026-06-10T05:21:31Z,2026-06-10T07:21:31+0200,3782c388-ddaf-4035-9ca0-973a72568e07,2026-05-25T16:30:00Z,2026-05-25T18:30:00+0200,2914.17095,MW,DE,DE_LU,forecast_onshore_wind_generation,Wind Onshore,2026-06-10T05:22:42Z
2026-06-10T05:21:31Z,2026-06-10T07:21:31+0200,3782c388-ddaf-4035-9ca0-973a72568e07,2026-05-25T16:45:00Z,2026-05-25T18:45:00+0200,2940.54944,MW,DE,DE_LU,forecast_onshore_wind_generation,Wind Onshore,2026-06-10T05:22:42Z
2026-06-10T05:21:31Z,2026-06-10T07:21:31+0200,3782c388-ddaf-4035-9ca0-973a72568e07,2026-05-25T17:00:00Z,2026-05-25T19:00:00+0200,2965.61755,MW,DE,DE_LU,forecast_onshore_wind_generation,Wind Onshore,2026-06-10T05:22:42Z
2026-06-10T05:21:31Z,2026-06-10T07:21:31+0200,3782c388-ddaf-4035-9ca0-973a72568e07,2026-05-25T17:15:00Z,2026-05-25T19:15:00+0200,3062.39788,MW,DE,DE_LU,forecast_onshore_wind_generation,Wind Onshore,2026-06-10T05:22:42Z
2026-06-10T05:21:31Z,2026-06-10T07:21:31+0200,3782c388-ddaf-4035-9ca0-973a72568e07,2026-05-25T17:30:00Z,2026-05-25T19:30:00+0200,3156.29642,MW,DE,DE_LU,forecast_onshore_wind_generation,Wind Onshore,2026-06-10T05:22:42Z
2026-06-10T05:21:31Z,2026-06-10T07:21:31+0200,3782c388-ddaf-4035-9ca0-973a72568e07,2026-05-25T17:45:00Z,2026-05-25T19:45:00+0200,3255.84174,MW,DE,DE_LU,forecast_onshore_wind_generation,Wind Onshore,2026-06-10T05:22:42Z
2026-06-10T05:21:31Z,2026-06-10T07:21:31+0200,3782c388-ddaf-4035-9ca0-973a72568e07,2026-05-25T18:00:00Z,2026-05-25T20:00:00+0200,3361.73188,MW,DE,DE_LU,forecast_onshore_wind_generation,Wind Onshore,2026-06-10T05:22:42Z
2026-06-10T05:21:31Z,2026-06-10T07:21:31+0200,3782c388-ddaf-4035-9ca0-973a72568e07,2026-05-25T18:15:00Z,2026-05-25T20:15:00+0200,3601.14434,MW,DE,DE_LU,forecast_onshore_wind_generation,Wind Onshore,2026-06-10T05:22:42Z
2026-06-10T05:21:31Z,2026-06-10T07:21:31+0200,3782c388-ddaf-4035-9ca0-973a72568e07,2026-05-25T18:30:00Z,2026-05-25T20:30:00+0200,3834.81641,MW,DE,DE_LU,forecast_onshore_wind_generation,Wind Onshore,2026-06-10T05:22:42Z
2026-06-10T05:21:31Z,2026-06-10T07:21:31+0200,3782c388-ddaf-4035-9ca0-973a72568e07,2026-05-25T18:45:00Z,2026-05-25T20:45:00+0200,4058.24911,MW,DE,DE_LU,forecast_onshore_wind_generation,Wind Onshore,2026-06-10T05:22:42Z
2026-06-10T05:21:31Z,2026-06-10T07:21:31+0200,3782c388-ddaf-4035-9ca0-973a72568e07,2026-05-25T19:00:00Z,2026-05-25T21:00:00+0200,4258.15892,MW,DE,DE_LU,forecast_onshore_wind_generation,Wind Onshore,2026-06-10T05:22:42Z
2026-06-10T05:21:31Z,2026-06-10T07:21:31+0200,3782c388-ddaf-4035-9ca0-973a72568e07,2026-05-25T19:15:00Z,2026-05-25T21:15:00+0200,4491.83217,MW,DE,DE_LU,forecast_onshore_wind_generation,Wind Onshore,2026-06-10T05:22:42Z
2026-06-10T05:21:31Z,2026-06-10T07:21:31+0200,3782c388-ddaf-4035-9ca0-973a72568e07,2026-05-25T19:30:00Z,2026-05-25T21:30:00+0200,4750.0677,MW,DE,DE_LU,forecast_onshore_wind_generation,Wind Onshore,2026-06-10T05:22:42Z
2026-06-10T05:21:31Z,2026-06-10T07:21:31+0200,3782c388-ddaf-4035-9ca0-973a72568e07,2026-05-25T19:45:00Z,2026-05-25T21:45:00+0200,5021.776,MW,DE,DE_LU,forecast_onshore_wind_generation,Wind Onshore,2026-06-10T05:22:42Z
2026-06-10T05:21:31Z,2026-06-10T07:21:31+0200,3782c388-ddaf-4035-9ca0-973a72568e07,2026-05-25T20:00:00Z,2026-05-25T22:00:00+0200,5283.88065,MW,DE,DE_LU,forecast_onshore_wind_generation,Wind Onshore,2026-06-10T05:22:42Z
2026-06-10T05:21:31Z,2026-06-10T07:21:31+0200,3782c388-ddaf-4035-9ca0-973a72568e07,2026-05-25T20:15:00Z,2026-05-25T22:15:00+0200,5445.84331,MW,DE,DE_LU,forecast_onshore_wind_generation,Wind Onshore,2026-06-10T05:22:42Z
2026-06-10T05:21:31Z,2026-06-10T07:21:31+0200,3782c388-ddaf-4035-9ca0-973a72568e07,2026-05-25T20:30:00Z,2026-05-25T22:30:00+0200,5608.73913,MW,DE,DE_LU,forecast_onshore_wind_generation,Wind Onshore,2026-06-10T05:22:42Z
2026-06-10T05:21:31Z,2026-06-10T07:21:31+0200,3782c388-ddaf-4035-9ca0-973a72568e07,2026-05-25T20:45:00Z,2026-05-25T22:45:00+0200,5767.14877,MW,DE,DE_LU,forecast_onshore_wind_generation,Wind Onshore,2026-06-10T05:22:42Z
2026-06-10T05:21:31Z,2026-06-10T07:21:31+0200,3782c388-ddaf-4035-9ca0-973a72568e07,2026-05-25T21:00:00Z,2026-05-25T23:00:00+0200,5903.09559,MW,DE,DE_LU,forecast_onshore_wind_generation,Wind Onshore,2026-06-10T05:22:42Z
2026-06-10T05:21:31Z,2026-06-10T07:21:31+0200,3782c388-ddaf-4035-9ca0-973a72568e07,2026-05-25T21:15:00Z,2026-05-25T23:15:00+0200,5912.52033,MW,DE,DE_LU,forecast_onshore_wind_generation,Wind Onshore,2026-06-10T05:22:42Z
2026-06-10T05:21:31Z,2026-06-10T07:21:31+0200,3782c388-ddaf-4035-9ca0-973a72568e07,2026-05-25T21:30:00Z,2026-05-25T23:30:00+0200,5921.10745,MW,DE,DE_LU,forecast_onshore_wind_generation,Wind Onshore,2026-06-10T05:22:42Z
2026-06-10T05:21:31Z,2026-06-10T07:21:31+0200,3782c388-ddaf-4035-9ca0-973a72568e07,2026-05-25T21:45:00Z,2026-05-25T23:45:00+0200,5926.86014,MW,DE,DE_LU,forecast_onshore_wind_generation,Wind Onshore,2026-06-10T05:22:42Z
2026-06-10T05:21:31Z,2026-06-10T07:21:31+0200,3782c388-ddaf-4035-9ca0-973a72568e07,2026-05-25T22:00:00Z,2026-05-26T00:00:00+0200,6174.03768,MW,DE,DE_LU,forecast_onshore_wind_generation,Wind Onshore,2026-06-10T05:22:42Z
2026-06-10T05:21:31Z,2026-06-10T07:21:31+0200,3782c388-ddaf-4035-9ca0-973a72568e07,2026-05-25T22:15:00Z,2026-05-26T00:15:00+0200,6210.31723,MW,DE,DE_LU,forecast_onshore_wind_generation,Wind Onshore,2026-06-10T05:22:42Z
2026-06-10T05:21:31Z,2026-06-10T07:21:31+0200,3782c388-ddaf-4035-9ca0-973a72568e07,2026-05-25T22:30:00Z,2026-05-26T00:30:00+0200,6239.51566,MW,DE,DE_LU,forecast_onshore_wind_generation,Wind Onshore,2026-06-10T05:22:42Z
2026-06-10T05:21:31Z,2026-06-10T07:21:31+0200,3782c388-ddaf-4035-9ca0-973a72568e07,2026-05-25T22:45:00Z,2026-05-26T00:45:00+0200,6272.94386,MW,DE,DE_LU,forecast_onshore_wind_generation,Wind Onshore,2026-06-10T05:22:42Z
2026-06-10T05:21:31Z,2026-06-10T07:21:31+0200,3782c388-ddaf-4035-9ca0-973a72568e07,2026-05-25T23:00:00Z,2026-05-26T01:00:00+0200,6307.23015,MW,DE,DE_LU,forecast_onshore_wind_generation,Wind Onshore,2026-06-10T05:22:42Z
2026-06-10T05:21:31Z,2026-06-10T07:21:31+0200,3782c388-ddaf-4035-9ca0-973a72568e07,2026-05-25T23:15:00Z,2026-05-26T01:15:00+0200,6291.54118,MW,DE,DE_LU,forecast_onshore_wind_generation,Wind Onshore,2026-06-10T05:22:42Z
2026-06-10T05:21:31Z,2026-06-10T07:21:31+0200,3782c388-ddaf-4035-9ca0-973a72568e07,2026-05-25T23:30:00Z,2026-05-26T01:30:00+0200,6278.42166,MW,DE,DE_LU,forecast_onshore_wind_generation,Wind Onshore,2026-06-10T05:22:42Z
2026-06-10T05:21:31Z,2026-06-10T07:21:31+0200,3782c388-ddaf-4035-9ca0-973a72568e07,2026-05-25T23:45:00Z,2026-05-26T01:45:00+0200,6280.74103,MW,DE,DE_LU,forecast_onshore_wind_generation,Wind Onshore,2026-06-10T05:22:42Z
2026-06-10T05:21:31Z,2026-06-10T07:21:31+0200,3782c388-ddaf-4035-9ca0-973a72568e07,2026-05-26T00:00:00Z,2026-05-26T02:00:00+0200,6268.30819,MW,DE,DE_LU,forecast_onshore_wind_generation,Wind Onshore,2026-06-10T05:22:42Z
2026-06-10T05:21:31Z,2026-06-10T07:21:31+0200,3782c388-ddaf-4035-9ca0-973a72568e07,2026-05-26T00:15:00Z,2026-05-26T02:15:00+0200,6232.99532,MW,DE,DE_LU,forecast_onshore_wind_generation,Wind Onshore,2026-06-10T05:22:42Z
2026-06-10T05:21:31Z,2026-06-10T07:21:31+0200,3782c388-ddaf-4035-9ca0-973a72568e07,2026-05-26T00:30:00Z,2026-05-26T02:30:00+0200,6185.50789,MW,DE,DE_LU,forecast_onshore_wind_generation,Wind Onshore,2026-06-10T05:22:42Z
2026-06-10T05:21:31Z,2026-06-10T07:21:31+0200,3782c388-ddaf-4035-9ca0-973a72568e07,2026-05-26T00:45:00Z,2026-05-26T02:45:00+0200,6134.39615,MW,DE,DE_LU,forecast_onshore_wind_generation,Wind Onshore,2026-06-10T05:22:42Z
2026-06-10T05:21:31Z,2026-06-10T07:21:31+0200,3782c388-ddaf-4035-9ca0-973a72568e07,2026-05-26T01:00:00Z,2026-05-26T03:00:00+0200,6077.87486,MW,DE,DE_LU,forecast_onshore_wind_generation,Wind Onshore,2026-06-10T05:22:42Z
2026-06-10T05:21:31Z,2026-06-10T07:21:31+0200,3782c388-ddaf-4035-9ca0-973a72568e07,2026-05-26T01:15:00Z,2026-05-26T03:15:00+0200,6006.35664,MW,DE,DE_LU,forecast_onshore_wind_generation,Wind Onshore,2026-06-10T05:22:42Z
2026-06-10T05:21:31Z,2026-06-10T07:21:31+0200,3782c388-ddaf-4035-9ca0-973a72568e07,2026-05-26T01:30:00Z,2026-05-26T03:30:00+0200,5930.39271,MW,DE,DE_LU,forecast_onshore_wind_generation,Wind Onshore,2026-06-10T05:22:42Z
2026-06-10T05:21:31Z,2026-06-10T07:21:31+0200,3782c388-ddaf-4035-9ca0-973a72568e07,2026-05-26T01:45:00Z,2026-05-26T03:45:00+0200,5856.7529,MW,DE,DE_LU,forecast_onshore_wind_generation,Wind Onshore,2026-06-10T05:22:42Z
2026-06-10T05:21:31Z,2026-06-10T07:21:31+0200,3782c388-ddaf-4035-9ca0-973a72568e07,2026-05-26T02:00:00Z,2026-05-26T04:00:00+0200,5765.35863,MW,DE,DE_LU,forecast_onshore_wind_generation,Wind Onshore,2026-06-10T05:22:42Z
2026-06-10T05:21:31Z,2026-06-10T07:21:31+0200,3782c388-ddaf-4035-9ca0-973a72568e07,2026-05-26T02:15:00Z,2026-05-26T04:15:00+0200,5689.96859,MW,DE,DE_LU,forecast_onshore_wind_generation,Wind Onshore,2026-06-10T05:22:42Z
2026-06-10T05:21:31Z,2026-06-10T07:21:31+0200,3782c388-ddaf-4035-9ca0-973a72568e07,2026-05-26T02:30:00Z,2026-05-26T04:30:00+0200,5625.42906,MW,DE,DE_LU,forecast_onshore_wind_generation,Wind Onshore,2026-06-10T05:22:42Z
2026-06-10T05:21:31Z,2026-06-10T07:21:31+0200,3782c388-ddaf-4035-9ca0-973a72568e07,2026-05-26T02:45:00Z,2026-05-26T04:45:00+0200,5561.53209,MW,DE,DE_LU,forecast_onshore_wind_generation,Wind Onshore,2026-06-10T05:22:42Z
2026-06-10T05:21:31Z,2026-06-10T07:21:31+0200,3782c388-ddaf-4035-9ca0-973a72568e07,2026-05-26T03:00:00Z,2026-05-26T05:00:00+0200,5492.72258,MW,DE,DE_LU,forecast_onshore_wind_generation,Wind Onshore,2026-06-10T05:22:42Z
2026-06-10T05:21:31Z,2026-06-10T07:21:31+0200,3782c388-ddaf-4035-9ca0-973a72568e07,2026-05-26T03:15:00Z,2026-05-26T05:15:00+0200,5408.47119,MW,DE,DE_LU,forecast_onshore_wind_generation,Wind Onshore,2026-06-10T05:22:42Z
2026-06-10T05:21:31Z,2026-06-10T07:21:31+0200,3782c388-ddaf-4035-9ca0-973a72568e07,2026-05-26T03:30:00Z,2026-05-26T05:30:00+0200,5313.96584,MW,DE,DE_LU,forecast_onshore_wind_generation,Wind Onshore,2026-06-10T05:22:42Z
2026-06-10T05:21:31Z,2026-06-10T07:21:31+0200,3782c388-ddaf-4035-9ca0-973a72568e07,2026-05-26T03:45:00Z,2026-05-26T05:45:00+0200,5222.99903,MW,DE,DE_LU,forecast_onshore_wind_generation,Wind Onshore,2026-06-10T05:22:42Z
2026-06-10T05:21:31Z,2026-06-10T07:21:31+0200,3782c388-ddaf-4035-9ca0-973a72568e07,2026-05-26T04:00:00Z,2026-05-26T06:00:00+0200,5176.70046,MW,DE,DE_LU,forecast_onshore_wind_generation,Wind Onshore,2026-06-10T05:22:42Z
2026-06-10T05:21:31Z,2026-06-10T07:21:31+0200,3782c388-ddaf-4035-9ca0-973a72568e07,2026-05-26T04:15:00Z,2026-05-26T06:15:00+0200,5017.09986,MW,DE,DE_LU,forecast_onshore_wind_generation,Wind Onshore,2026-06-10T05:22:42Z
2026-06-10T05:21:31Z,2026-06-10T07:21:31+0200,3782c388-ddaf-4035-9ca0-973a72568e07,2026-05-26T04:30:00Z,2026-05-26T06:30:00+0200,4849.70638,MW,DE,DE_LU,forecast_onshore_wind_generation,Wind Onshore,2026-06-10T05:22:42Z
2026-06-10T05:21:31Z,2026-06-10T07:21:31+0200,3782c388-ddaf-4035-9ca0-973a72568e07,2026-05-26T04:45:00Z,2026-05-26T06:45:00+0200,4668.16278,MW,DE,DE_LU,forecast_onshore_wind_generation,Wind Onshore,2026-06-10T05:22:42Z
2026-06-10T05:21:31Z,2026-06-10T07:21:31+0200,3782c388-ddaf-4035-9ca0-973a72568e07,2026-05-26T05:00:00Z,2026-05-26T07:00:00+0200,4382.39025,MW,DE,DE_LU,forecast_onshore_wind_generation,Wind Onshore,2026-06-10T05:22:42Z
2026-06-10T05:21:31Z,2026-06-10T07:21:31+0200,3782c388-ddaf-4035-9ca0-973a72568e07,2026-05-26T05:15:00Z,2026-05-26T07:15:00+0200,3983.08293,MW,DE,DE_LU,forecast_onshore_wind_generation,Wind Onshore,2026-06-10T05:22:42Z
2026-06-10T05:21:31Z,2026-06-10T07:21:31+0200,3782c388-ddaf-4035-9ca0-973a72568e07,2026-05-26T05:30:00Z,2026-05-26T07:30:00+0200,3570.02303,MW,DE,DE_LU,forecast_onshore_wind_generation,Wind Onshore,2026-06-10T05:22:42Z
2026-06-10T05:21:31Z,2026-06-10T07:21:31+0200,3782c388-ddaf-4035-9ca0-973a72568e07,2026-05-26T05:45:00Z,2026-05-26T07:45:00+0200,3179.70079,MW,DE,DE_LU,forecast_onshore_wind_generation,Wind Onshore,2026-06-10T05:22:42Z
2026-06-10T05:21:31Z,2026-06-10T07:21:31+0200,3782c388-ddaf-4035-9ca0-973a72568e07,2026-05-26T06:00:00Z,2026-05-26T08:00:00+0200,2858.83572,MW,DE,DE_LU,forecast_onshore_wind_generation,Wind Onshore,2026-06-10T05:22:42Z
2026-06-10T05:21:31Z,2026-06-10T07:21:31+0200,3782c388-ddaf-4035-9ca0-973a72568e07,2026-05-26T06:15:00Z,2026-05-26T08:15:00+0200,2559.25753,MW,DE,DE_LU,forecast_onshore_wind_generation,Wind Onshore,2026-06-10T05:22:42Z
2026-06-10T05:21:31Z,2026-06-10T07:21:31+0200,3782c388-ddaf-4035-9ca0-973a72568e07,2026-05-26T06:30:00Z,2026-05-26T08:30:00+0200,2282.60302,MW,DE,DE_LU,forecast_onshore_wind_generation,Wind Onshore,2026-06-10T05:22:42Z
2026-06-10T05:21:31Z,2026-06-10T07:21:31+0200,3782c388-ddaf-4035-9ca0-973a72568e07,2026-05-26T06:45:00Z,2026-05-26T08:45:00+0200,2017.51695,MW,DE,DE_LU,forecast_onshore_wind_generation,Wind Onshore,2026-06-10T05:22:42Z
2026-06-10T05:21:31Z,2026-06-10T07:21:31+0200,3782c388-ddaf-4035-9ca0-973a72568e07,2026-05-26T07:00:00Z,2026-05-26T09:00:00+0200,1777.67424,MW,DE,DE_LU,forecast_onshore_wind_generation,Wind Onshore,2026-06-10T05:22:42Z
2026-06-10T05:21:31Z,2026-06-10T07:21:31+0200,3782c388-ddaf-4035-9ca0-973a72568e07,2026-05-26T07:15:00Z,2026-05-26T09:15:00+0200,1756.19106,MW,DE,DE_LU,forecast_onshore_wind_generation,Wind Onshore,2026-06-10T05:22:42Z
2026-06-10T05:21:31Z,2026-06-10T07:21:31+0200,3782c388-ddaf-4035-9ca0-973a72568e07,2026-05-26T07:30:00Z,2026-05-26T09:30:00+0200,1737.17009,MW,DE,DE_LU,forecast_onshore_wind_generation,Wind Onshore,2026-06-10T05:22:42Z
2026-06-10T05:21:31Z,2026-06-10T07:21:31+0200,3782c388-ddaf-4035-9ca0-973a72568e07,2026-05-26T07:45:00Z,2026-05-26T09:45:00+0200,1718.24813,MW,DE,DE_LU,forecast_onshore_wind_generation,Wind Onshore,2026-06-10T05:22:42Z
2026-06-10T05:21:31Z,2026-06-10T07:21:31+0200,3782c388-ddaf-4035-9ca0-973a72568e07,2026-05-26T08:00:00Z,2026-05-26T10:00:00+0200,1725.85658,MW,DE,DE_LU,forecast_onshore_wind_generation,Wind Onshore,2026-06-10T05:22:42Z
2026-06-10T05:21:31Z,2026-06-10T07:21:31+0200,3782c388-ddaf-4035-9ca0-973a72568e07,2026-05-26T08:15:00Z,2026-05-26T10:15:00+0200,1889.02132,MW,DE,DE_LU,forecast_onshore_wind_generation,Wind Onshore,2026-06-10T05:22:42Z
2026-06-10T05:21:31Z,2026-06-10T07:21:31+0200,3782c388-ddaf-4035-9ca0-973a72568e07,2026-05-26T08:30:00Z,2026-05-26T10:30:00+0200,2011.90619,MW,DE,DE_LU,forecast_onshore_wind_generation,Wind Onshore,2026-06-10T05:22:42Z
2026-06-10T05:21:31Z,2026-06-10T07:21:31+0200,3782c388-ddaf-4035-9ca0-973a72568e07,2026-05-26T08:45:00Z,2026-05-26T10:45:00+0200,2155.43837,MW,DE,DE_LU,forecast_onshore_wind_generation,Wind Onshore,2026-06-10T05:22:42Z
2026-06-10T05:21:31Z,2026-06-10T07:21:31+0200,3782c388-ddaf-4035-9ca0-973a72568e07,2026-05-26T09:00:00Z,2026-05-26T11:00:00+0200,2253.1141,MW,DE,DE_LU,forecast_onshore_wind_generation,Wind Onshore,2026-06-10T05:22:42Z
2026-06-10T05:21:31Z,2026-06-10T07:21:31+0200,3782c388-ddaf-4035-9ca0-973a72568e07,2026-05-26T09:15:00Z,2026-05-26T11:15:00+0200,2388.00218,MW,DE,DE_LU,forecast_onshore_wind_generation,Wind Onshore,2026-06-10T05:22:42Z
2026-06-10T05:21:31Z,2026-06-10T07:21:31+0200,3782c388-ddaf-4035-9ca0-973a72568e07,2026-05-26T09:30:00Z,2026-05-26T11:30:00+0200,2533.18875,MW,DE,DE_LU,forecast_onshore_wind_generation,Wind Onshore,2026-06-10T05:22:42Z
2026-06-10T05:21:31Z,2026-06-10T07:21:31+0200,3782c388-ddaf-4035-9ca0-973a72568e07,2026-05-26T09:45:00Z,2026-05-26T11:45:00+0200,2677.38875,MW,DE,DE_LU,forecast_onshore_wind_generation,Wind Onshore,2026-06-10T05:22:42Z
2026-06-10T05:21:31Z,2026-06-10T07:21:31+0200,3782c388-ddaf-4035-9ca0-973a72568e07,2026-05-26T10:00:00Z,2026-05-26T12:00:00+0200,2819.90746,MW,DE,DE_LU,forecast_onshore_wind_generation,Wind Onshore,2026-06-10T05:22:42Z
2026-06-10T05:21:31Z,2026-06-10T07:21:31+0200,3782c388-ddaf-4035-9ca0-973a72568e07,2026-05-26T10:15:00Z,2026-05-26T12:15:00+0200,2963.52949,MW,DE,DE_LU,forecast_onshore_wind_generation,Wind Onshore,2026-06-10T05:22:42Z
2026-06-10T05:21:31Z,2026-06-10T07:21:31+0200,3782c388-ddaf-4035-9ca0-973a72568e07,2026-05-26T10:30:00Z,2026-05-26T12:30:00+0200,3120.50894,MW,DE,DE_LU,forecast_onshore_wind_generation,Wind Onshore,2026-06-10T05:22:42Z
2026-06-10T05:21:31Z,2026-06-10T07:21:31+0200,3782c388-ddaf-4035-9ca0-973a72568e07,2026-05-26T10:45:00Z,2026-05-26T12:45:00+0200,3237.66499,MW,DE,DE_LU,forecast_onshore_wind_generation,Wind Onshore,2026-06-10T05:22:42Z
2026-06-10T05:21:31Z,2026-06-10T07:21:31+0200,3782c388-ddaf-4035-9ca0-973a72568e07,2026-05-26T11:00:00Z,2026-05-26T13:00:00+0200,3422.0938,MW,DE,DE_LU,forecast_onshore_wind_generation,Wind Onshore,2026-06-10T05:22:42Z
2026-06-10T05:21:31Z,2026-06-10T07:21:31+0200,3782c388-ddaf-4035-9ca0-973a72568e07,2026-05-26T11:15:00Z,2026-05-26T13:15:00+0200,3576.85951,MW,DE,DE_LU,forecast_onshore_wind_generation,Wind Onshore,2026-06-10T05:22:42Z
2026-06-10T05:21:31Z,2026-06-10T07:21:31+0200,3782c388-ddaf-4035-9ca0-973a72568e07,2026-05-26T11:30:00Z,2026-05-26T13:30:00+0200,3734.10648,MW,DE,DE_LU,forecast_onshore_wind_generation,Wind Onshore,2026-06-10T05:22:42Z
2026-06-10T05:21:31Z,2026-06-10T07:21:31+0200,3782c388-ddaf-4035-9ca0-973a72568e07,2026-05-26T11:45:00Z,2026-05-26T13:45:00+0200,3913.78032,MW,DE,DE_LU,forecast_onshore_wind_generation,Wind Onshore,2026-06-10T05:22:42Z
2026-06-10T05:21:31Z,2026-06-10T07:21:31+0200,3782c388-ddaf-4035-9ca0-973a72568e07,2026-05-26T12:00:00Z,2026-05-26T14:00:00+0200,4165.92974,MW,DE,DE_LU,forecast_onshore_wind_generation,Wind Onshore,2026-06-10T05:22:42Z
2026-06-10T05:21:31Z,2026-06-10T07:21:31+0200,3782c388-ddaf-4035-9ca0-973a72568e07,2026-05-26T12:15:00Z,2026-05-26T14:15:00+0200,4471.34127,MW,DE,DE_LU,forecast_onshore_wind_generation,Wind Onshore,2026-06-10T05:22:42Z
2026-06-10T05:21:31Z,2026-06-10T07:21:31+0200,3782c388-ddaf-4035-9ca0-973a72568e07,2026-05-26T12:30:00Z,2026-05-26T14:30:00+0200,4854.99218,MW,DE,DE_LU,forecast_onshore_wind_generation,Wind Onshore,2026-06-10T05:22:42Z
2026-06-10T05:21:31Z,2026-06-10T07:21:31+0200,3782c388-ddaf-4035-9ca0-973a72568e07,2026-05-26T12:45:00Z,2026-05-26T14:45:00+0200,5196.04426,MW,DE,DE_LU,forecast_onshore_wind_generation,Wind Onshore,2026-06-10T05:22:42Z
2026-06-10T05:21:31Z,2026-06-10T07:21:31+0200,3782c388-ddaf-4035-9ca0-973a72568e07,2026-05-26T13:00:00Z,2026-05-26T15:00:00+0200,5550.50201,MW,DE,DE_LU,forecast_onshore_wind_generation,Wind Onshore,2026-06-10T05:22:42Z
2026-06-10T05:21:31Z,2026-06-10T07:21:31+0200,3782c388-ddaf-4035-9ca0-973a72568e07,2026-05-26T13:15:00Z,2026-05-26T15:15:00+0200,5978.36284,MW,DE,DE_LU,forecast_onshore_wind_generation,Wind Onshore,2026-06-10T05:22:42Z
2026-06-10T05:21:31Z,2026-06-10T07:21:31+0200,3782c388-ddaf-4035-9ca0-973a72568e07,2026-05-26T13:30:00Z,2026-05-26T15:30:00+0200,6439.32303,MW,DE,DE_LU,forecast_onshore_wind_generation,Wind Onshore,2026-06-10T05:22:42Z
2026-06-10T05:21:31Z,2026-06-10T07:21:31+0200,3782c388-ddaf-4035-9ca0-973a72568e07,2026-05-26T13:45:00Z,2026-05-26T15:45:00+0200,6829.62393,MW,DE,DE_LU,forecast_onshore_wind_generation,Wind Onshore,2026-06-10T05:22:42Z
2026-06-10T05:21:31Z,2026-06-10T07:21:31+0200,3782c388-ddaf-4035-9ca0-973a72568e07,2026-05-26T14:00:00Z,2026-05-26T16:00:00+0200,7248.71654,MW,DE,DE_LU,forecast_onshore_wind_generation,Wind Onshore,2026-06-10T05:22:42Z
2026-06-10T05:21:31Z,2026-06-10T07:21:31+0200,3782c388-ddaf-4035-9ca0-973a72568e07,2026-05-26T14:15:00Z,2026-05-26T16:15:00+0200,7506.4443,MW,DE,DE_LU,forecast_onshore_wind_generation,Wind Onshore,2026-06-10T05:22:42Z
2026-06-10T05:21:31Z,2026-06-10T07:21:31+0200,3782c388-ddaf-4035-9ca0-973a72568e07,2026-05-26T14:30:00Z,2026-05-26T16:30:00+0200,7580.20485,MW,DE,DE_LU,forecast_onshore_wind_generation,Wind Onshore,2026-06-10T05:22:42Z
2026-06-10T05:21:31Z,2026-06-10T07:21:31+0200,3782c388-ddaf-4035-9ca0-973a72568e07,2026-05-26T14:45:00Z,2026-05-26T16:45:00+0200,7647.009,MW,DE,DE_LU,forecast_onshore_wind_generation,Wind Onshore,2026-06-10T05:22:42Z
2026-06-10T05:21:31Z,2026-06-10T07:21:31+0200,3782c388-ddaf-4035-9ca0-973a72568e07,2026-05-26T15:00:00Z,2026-05-26T17:00:00+0200,7740.68701,MW,DE,DE_LU,forecast_onshore_wind_generation,Wind Onshore,2026-06-10T05:22:42Z
2026-06-10T05:21:31Z,2026-06-10T07:21:31+0200,3782c388-ddaf-4035-9ca0-973a72568e07,2026-05-26T15:15:00Z,2026-05-26T17:15:00+0200,7644.14582,MW,DE,DE_LU,forecast_onshore_wind_generation,Wind Onshore,2026-06-10T05:22:42Z
2026-06-10T05:21:31Z,2026-06-10T07:21:31+0200,3782c388-ddaf-4035-9ca0-973a72568e07,2026-05-26T15:30:00Z,2026-05-26T17:30:00+0200,7552.13655,MW,DE,DE_LU,forecast_onshore_wind_generation,Wind Onshore,2026-06-10T05:22:42Z
2026-06-10T05:21:31Z,2026-06-10T07:21:31+0200,3782c388-ddaf-4035-9ca0-973a72568e07,2026-05-26T15:45:00Z,2026-05-26T17:45:00+0200,7470.33262,MW,DE,DE_LU,forecast_onshore_wind_generation,Wind Onshore,2026-06-10T05:22:42Z
2026-06-10T05:21:31Z,2026-06-10T07:21:31+0200,3782c388-ddaf-4035-9ca0-973a72568e07,2026-05-26T16:00:00Z,2026-05-26T18:00:00+0200,7394.7428,MW,DE,DE_LU,forecast_onshore_wind_generation,Wind Onshore,2026-06-10T05:22:42Z
2026-06-10T05:21:31Z,2026-06-10T07:21:31+0200,3782c388-ddaf-4035-9ca0-973a72568e07,2026-05-26T16:15:00Z,2026-05-26T18:15:00+0200,7336.52499,MW,DE,DE_LU,forecast_onshore_wind_generation,Wind Onshore,2026-06-10T05:22:42Z
2026-06-10T05:21:31Z,2026-06-10T07:21:31+0200,3782c388-ddaf-4035-9ca0-973a72568e07,2026-05-26T16:30:00Z,2026-05-26T18:30:00+0200,7280.37571,MW,DE,DE_LU,forecast_onshore_wind_generation,Wind Onshore,2026-06-10T05:22:42Z
2026-06-10T05:21:31Z,2026-06-10T07:21:31+0200,3782c388-ddaf-4035-9ca0-973a72568e07,2026-05-26T16:45:00Z,2026-05-26T18:45:00+0200,7212.08977,MW,DE,DE_LU,forecast_onshore_wind_generation,Wind Onshore,2026-06-10T05:22:42Z
2026-06-10T05:21:31Z,2026-06-10T07:21:31+0200,3782c388-ddaf-4035-9ca0-973a72568e07,2026-05-26T17:00:00Z,2026-05-26T19:00:00+0200,7150.89554,MW,DE,DE_LU,forecast_onshore_wind_generation,Wind Onshore,2026-06-10T05:22:42Z
2026-06-10T05:21:31Z,2026-06-10T07:21:31+0200,3782c388-ddaf-4035-9ca0-973a72568e07,2026-05-26T17:15:00Z,2026-05-26T19:15:00+0200,7249.69769,MW,DE,DE_LU,forecast_onshore_wind_generation,Wind Onshore,2026-06-10T05:22:42Z
2026-06-10T05:21:31Z,2026-06-10T07:21:31+0200,3782c388-ddaf-4035-9ca0-973a72568e07,2026-05-26T17:30:00Z,2026-05-26T19:30:00+0200,7349.12985,MW,DE,DE_LU,forecast_onshore_wind_generation,Wind Onshore,2026-06-10T05:22:42Z
2026-06-10T05:21:31Z,2026-06-10T07:21:31+0200,3782c388-ddaf-4035-9ca0-973a72568e07,2026-05-26T17:45:00Z,2026-05-26T19:45:00+0200,7442.74993,MW,DE,DE_LU,forecast_onshore_wind_generation,Wind Onshore,2026-06-10T05:22:42Z
2026-06-10T05:21:31Z,2026-06-10T07:21:31+0200,3782c388-ddaf-4035-9ca0-973a72568e07,2026-05-26T18:00:00Z,2026-05-26T20:00:00+0200,7542.43608,MW,DE,DE_LU,forecast_onshore_wind_generation,Wind Onshore,2026-06-10T05:22:42Z
2026-06-10T05:21:31Z,2026-06-10T07:21:31+0200,3782c388-ddaf-4035-9ca0-973a72568e07,2026-05-26T18:15:00Z,2026-05-26T20:15:00+0200,7849.47318,MW,DE,DE_LU,forecast_onshore_wind_generation,Wind Onshore,2026-06-10T05:22:42Z
2026-06-10T05:21:31Z,2026-06-10T07:21:31+0200,3782c388-ddaf-4035-9ca0-973a72568e07,2026-05-26T18:30:00Z,2026-05-26T20:30:00+0200,8131.75184,MW,DE,DE_LU,forecast_onshore_wind_generation,Wind Onshore,2026-06-10T05:22:42Z
2026-06-10T05:21:31Z,2026-06-10T07:21:31+0200,3782c388-ddaf-4035-9ca0-973a72568e07,2026-05-26T18:45:00Z,2026-05-26T20:45:00+0200,8367.88123,MW,DE,DE_LU,forecast_onshore_wind_generation,Wind Onshore,2026-06-10T05:22:42Z
2026-06-10T05:21:31Z,2026-06-10T07:21:31+0200,3782c388-ddaf-4035-9ca0-973a72568e07,2026-05-26T19:00:00Z,2026-05-26T21:00:00+0200,8600.52483,MW,DE,DE_LU,forecast_onshore_wind_generation,Wind Onshore,2026-06-10T05:22:42Z
2026-06-10T05:21:31Z,2026-06-10T07:21:31+0200,3782c388-ddaf-4035-9ca0-973a72568e07,2026-05-26T19:15:00Z,2026-05-26T21:15:00+0200,8967.3722,MW,DE,DE_LU,forecast_onshore_wind_generation,Wind Onshore,2026-06-10T05:22:42Z
2026-06-10T05:21:31Z,2026-06-10T07:21:31+0200,3782c388-ddaf-4035-9ca0-973a72568e07,2026-05-26T19:30:00Z,2026-05-26T21:30:00+0200,9383.35574,MW,DE,DE_LU,forecast_onshore_wind_generation,Wind Onshore,2026-06-10T05:22:42Z
2026-06-10T05:21:31Z,2026-06-10T07:21:31+0200,3782c388-ddaf-4035-9ca0-973a72568e07,2026-05-26T19:45:00Z,2026-05-26T21:45:00+0200,9810.97887,MW,DE,DE_LU,forecast_onshore_wind_generation,Wind Onshore,2026-06-10T05:22:42Z
2026-06-10T05:21:31Z,2026-06-10T07:21:31+0200,3782c388-ddaf-4035-9ca0-973a72568e07,2026-05-26T20:00:00Z,2026-05-26T22:00:00+0200,10097.85989,MW,DE,DE_LU,forecast_onshore_wind_generation,Wind Onshore,2026-06-10T05:22:42Z
2026-06-10T05:21:31Z,2026-06-10T07:21:31+0200,3782c388-ddaf-4035-9ca0-973a72568e07,2026-05-26T20:15:00Z,2026-05-26T22:15:00+0200,10396.7451,MW,DE,DE_LU,forecast_onshore_wind_generation,Wind Onshore,2026-06-10T05:22:42Z
2026-06-10T05:21:31Z,2026-06-10T07:21:31+0200,3782c388-ddaf-4035-9ca0-973a72568e07,2026-05-26T20:30:00Z,2026-05-26T22:30:00+0200,10695.61146,MW,DE,DE_LU,forecast_onshore_wind_generation,Wind Onshore,2026-06-10T05:22:42Z
2026-06-10T05:21:31Z,2026-06-10T07:21:31+0200,3782c388-ddaf-4035-9ca0-973a72568e07,2026-05-26T20:45:00Z,2026-05-26T22:45:00+0200,10989.18262,MW,DE,DE_LU,forecast_onshore_wind_generation,Wind Onshore,2026-06-10T05:22:42Z
2026-06-10T05:21:31Z,2026-06-10T07:21:31+0200,3782c388-ddaf-4035-9ca0-973a72568e07,2026-05-26T21:00:00Z,2026-05-26T23:00:00+0200,11255.03345,MW,DE,DE_LU,forecast_onshore_wind_generation,Wind Onshore,2026-06-10T05:22:42Z
2026-06-10T05:21:31Z,2026-06-10T07:21:31+0200,3782c388-ddaf-4035-9ca0-973a72568e07,2026-05-26T21:15:00Z,2026-05-26T23:15:00+0200,11358.03225,MW,DE,DE_LU,forecast_onshore_wind_generation,Wind Onshore,2026-06-10T05:22:42Z
2026-06-10T05:21:31Z,2026-06-10T07:21:31+0200,3782c388-ddaf-4035-9ca0-973a72568e07,2026-05-26T21:30:00Z,2026-05-26T23:30:00+0200,11462.90374,MW,DE,DE_LU,forecast_onshore_wind_generation,Wind Onshore,2026-06-10T05:22:42Z
2026-06-10T05:21:31Z,2026-06-10T07:21:31+0200,3782c388-ddaf-4035-9ca0-973a72568e07,2026-05-26T21:45:00Z,2026-05-26T23:45:00+0200,11573.92218,MW,DE,DE_LU,forecast_onshore_wind_generation,Wind Onshore,2026-06-10T05:22:42Z
2026-06-10T05:21:31Z,2026-06-10T07:21:31+0200,3782c388-ddaf-4035-9ca0-973a72568e07,2026-05-26T22:00:00Z,2026-05-27T00:00:00+0200,12166.35535,MW,DE,DE_LU,forecast_onshore_wind_generation,Wind Onshore,2026-06-10T05:22:42Z
2026-06-10T05:21:31Z,2026-06-10T07:21:31+0200,3782c388-ddaf-4035-9ca0-973a72568e07,2026-05-26T22:15:00Z,2026-05-27T00:15:00+0200,12220.28678,MW,DE,DE_LU,forecast_onshore_wind_generation,Wind Onshore,2026-06-10T05:22:42Z
2026-06-10T05:21:31Z,2026-06-10T07:21:31+0200,3782c388-ddaf-4035-9ca0-973a72568e07,2026-05-26T22:30:00Z,2026-05-27T00:30:00+0200,12272.37096,MW,DE,DE_LU,forecast_onshore_wind_generation,Wind Onshore,2026-06-10T05:22:42Z
2026-06-10T05:21:31Z,2026-06-10T07:21:31+0200,3782c388-ddaf-4035-9ca0-973a72568e07,2026-05-26T22:45:00Z,2026-05-27T00:45:00+0200,12321.67883,MW,DE,DE_LU,forecast_onshore_wind_generation,Wind Onshore,2026-06-10T05:22:42Z
2026-06-10T05:21:31Z,2026-06-10T07:21:31+0200,3782c388-ddaf-4035-9ca0-973a72568e07,2026-05-26T23:00:00Z,2026-05-27T01:00:00+0200,12366.33197,MW,DE,DE_LU,forecast_onshore_wind_generation,Wind Onshore,2026-06-10T05:22:42Z
2026-06-10T05:21:31Z,2026-06-10T07:21:31+0200,3782c388-ddaf-4035-9ca0-973a72568e07,2026-05-26T23:15:00Z,2026-05-27T01:15:00+0200,12375.84569,MW,DE,DE_LU,forecast_onshore_wind_generation,Wind Onshore,2026-06-10T05:22:42Z
2026-06-10T05:21:31Z,2026-06-10T07:21:31+0200,3782c388-ddaf-4035-9ca0-973a72568e07,2026-05-26T23:30:00Z,2026-05-27T01:30:00+0200,12387.22938,MW,DE,DE_LU,forecast_onshore_wind_generation,Wind Onshore,2026-06-10T05:22:42Z
2026-06-10T05:21:31Z,2026-06-10T07:21:31+0200,3782c388-ddaf-4035-9ca0-973a72568e07,2026-05-26T23:45:00Z,2026-05-27T01:45:00+0200,12398.83337,MW,DE,DE_LU,forecast_onshore_wind_generation,Wind Onshore,2026-06-10T05:22:42Z
2026-06-10T05:21:31Z,2026-06-10T07:21:31+0200,3782c388-ddaf-4035-9ca0-973a72568e07,2026-05-27T00:00:00Z,2026-05-27T02:00:00+0200,12405.16702,MW,DE,DE_LU,forecast_onshore_wind_generation,Wind Onshore,2026-06-10T05:22:42Z
2026-06-10T05:21:31Z,2026-06-10T07:21:31+0200,3782c388-ddaf-4035-9ca0-973a72568e07,2026-05-27T00:15:00Z,2026-05-27T02:15:00+0200,12398.03131,MW,DE,DE_LU,forecast_onshore_wind_generation,Wind Onshore,2026-06-10T05:22:42Z
2026-06-10T05:21:31Z,2026-06-10T07:21:31+0200,3782c388-ddaf-4035-9ca0-973a72568e07,2026-05-27T00:30:00Z,2026-05-27T02:30:00+0200,12387.48869,MW,DE,DE_LU,forecast_onshore_wind_generation,Wind Onshore,2026-06-10T05:22:42Z
2026-06-10T05:21:31Z,2026-06-10T07:21:31+0200,3782c388-ddaf-4035-9ca0-973a72568e07,2026-05-27T00:45:00Z,2026-05-27T02:45:00+0200,12375.30477,MW,DE,DE_LU,forecast_onshore_wind_generation,Wind Onshore,2026-06-10T05:22:42Z
2026-06-10T05:21:31Z,2026-06-10T07:21:31+0200,3782c388-ddaf-4035-9ca0-973a72568e07,2026-05-27T01:00:00Z,2026-05-27T03:00:00+0200,12367.62621,MW,DE,DE_LU,forecast_onshore_wind_generation,Wind Onshore,2026-06-10T05:22:42Z
2026-06-10T05:21:31Z,2026-06-10T07:21:31+0200,3782c388-ddaf-4035-9ca0-973a72568e07,2026-05-27T01:15:00Z,2026-05-27T03:15:00+0200,12386.1645,MW,DE,DE_LU,forecast_onshore_wind_generation,Wind Onshore,2026-06-10T05:22:42Z
2026-06-10T05:21:31Z,2026-06-10T07:21:31+0200,3782c388-ddaf-4035-9ca0-973a72568e07,2026-05-27T01:30:00Z,2026-05-27T03:30:00+0200,12407.70715,MW,DE,DE_LU,forecast_onshore_wind_generation,Wind Onshore,2026-06-10T05:22:42Z
2026-06-10T05:21:31Z,2026-06-10T07:21:31+0200,3782c388-ddaf-4035-9ca0-973a72568e07,2026-05-27T01:45:00Z,2026-05-27T03:45:00+0200,12426.65872,MW,DE,DE_LU,forecast_onshore_wind_generation,Wind Onshore,2026-06-10T05:22:42Z
2026-06-10T05:21:31Z,2026-06-10T07:21:31+0200,3782c388-ddaf-4035-9ca0-973a72568e07,2026-05-27T02:00:00Z,2026-05-27T04:00:00+0200,12442.25613,MW,DE,DE_LU,forecast_onshore_wind_generation,Wind Onshore,2026-06-10T05:22:42Z
2026-06-10T05:21:31Z,2026-06-10T07:21:31+0200,3782c388-ddaf-4035-9ca0-973a72568e07,2026-05-27T02:15:00Z,2026-05-27T04:15:00+0200,12477.30216,MW,DE,DE_LU,forecast_onshore_wind_generation,Wind Onshore,2026-06-10T05:22:42Z
2026-06-10T05:21:31Z,2026-06-10T07:21:31+0200,3782c388-ddaf-4035-9ca0-973a72568e07,2026-05-27T02:30:00Z,2026-05-27T04:30:00+0200,12535.02036,MW,DE,DE_LU,forecast_onshore_wind_generation,Wind Onshore,2026-06-10T05:22:42Z
2026-06-10T05:21:31Z,2026-06-10T07:21:31+0200,3782c388-ddaf-4035-9ca0-973a72568e07,2026-05-27T02:45:00Z,2026-05-27T04:45:00+0200,12593.59696,MW,DE,DE_LU,forecast_onshore_wind_generation,Wind Onshore,2026-06-10T05:22:42Z
2026-06-10T05:21:31Z,2026-06-10T07:21:31+0200,3782c388-ddaf-4035-9ca0-973a72568e07,2026-05-27T03:00:00Z,2026-05-27T05:00:00+0200,12619.77624,MW,DE,DE_LU,forecast_onshore_wind_generation,Wind Onshore,2026-06-10T05:22:42Z
2026-06-10T05:21:31Z,2026-06-10T07:21:31+0200,3782c388-ddaf-4035-9ca0-973a72568e07,2026-05-27T03:15:00Z,2026-05-27T05:15:00+0200,12504.11699,MW,DE,DE_LU,forecast_onshore_wind_generation,Wind Onshore,2026-06-10T05:22:42Z
2026-06-10T05:21:31Z,2026-06-10T07:21:31+0200,3782c388-ddaf-4035-9ca0-973a72568e07,2026-05-27T03:30:00Z,2026-05-27T05:30:00+0200,12374.83113,MW,DE,DE_LU,forecast_onshore_wind_generation,Wind Onshore,2026-06-10T05:22:42Z
2026-06-10T05:21:31Z,2026-06-10T07:21:31+0200,3782c388-ddaf-4035-9ca0-973a72568e07,2026-05-27T03:45:00Z,2026-05-27T05:45:00+0200,12252.54412,MW,DE,DE_LU,forecast_onshore_wind_generation,Wind Onshore,2026-06-10T05:22:42Z
2026-06-10T05:21:31Z,2026-06-10T07:21:31+0200,3782c388-ddaf-4035-9ca0-973a72568e07,2026-05-27T04:00:00Z,2026-05-27T06:00:00+0200,12265.93584,MW,DE,DE_LU,forecast_onshore_wind_generation,Wind Onshore,2026-06-10T05:22:42Z
2026-06-10T05:21:31Z,2026-06-10T07:21:31+0200,3782c388-ddaf-4035-9ca0-973a72568e07,2026-05-27T04:15:00Z,2026-05-27T06:15:00+0200,11865.49762,MW,DE,DE_LU,forecast_onshore_wind_generation,Wind Onshore,2026-06-10T05:22:42Z
2026-06-10T05:21:31Z,2026-06-10T07:21:31+0200,3782c388-ddaf-4035-9ca0-973a72568e07,2026-05-27T04:30:00Z,2026-05-27T06:30:00+0200,11491.27326,MW,DE,DE_LU,forecast_onshore_wind_generation,Wind Onshore,2026-06-10T05:22:42Z
2026-06-10T05:21:31Z,2026-06-10T07:21:31+0200,3782c388-ddaf-4035-9ca0-973a72568e07,2026-05-27T04:45:00Z,2026-05-27T06:45:00+0200,11117.93306,MW,DE,DE_LU,forecast_onshore_wind_generation,Wind Onshore,2026-06-10T05:22:42Z
2026-06-10T05:21:31Z,2026-06-10T07:21:31+0200,3782c388-ddaf-4035-9ca0-973a72568e07,2026-05-27T05:00:00Z,2026-05-27T07:00:00+0200,10753.47481,MW,DE,DE_LU,forecast_onshore_wind_generation,Wind Onshore,2026-06-10T05:22:42Z
2026-06-10T05:21:31Z,2026-06-10T07:21:31+0200,3782c388-ddaf-4035-9ca0-973a72568e07,2026-05-27T05:15:00Z,2026-05-27T07:15:00+0200,10442.81494,MW,DE,DE_LU,forecast_onshore_wind_generation,Wind Onshore,2026-06-10T05:22:42Z
2026-06-10T05:21:31Z,2026-06-10T07:21:31+0200,3782c388-ddaf-4035-9ca0-973a72568e07,2026-05-27T05:30:00Z,2026-05-27T07:30:00+0200,10157.45947,MW,DE,DE_LU,forecast_onshore_wind_generation,Wind Onshore,2026-06-10T05:22:42Z
2026-06-10T05:21:31Z,2026-06-10T07:21:31+0200,3782c388-ddaf-4035-9ca0-973a72568e07,2026-05-27T05:45:00Z,2026-05-27T07:45:00+0200,9855.98418,MW,DE,DE_LU,forecast_onshore_wind_generation,Wind Onshore,2026-06-10T05:22:42Z
2026-06-10T05:21:31Z,2026-06-10T07:21:31+0200,3782c388-ddaf-4035-9ca0-973a72568e07,2026-05-27T06:00:00Z,2026-05-27T08:00:00+0200,9499.10163,MW,DE,DE_LU,forecast_onshore_wind_generation,Wind Onshore,2026-06-10T05:22:42Z
2026-06-10T05:21:31Z,2026-06-10T07:21:31+0200,3782c388-ddaf-4035-9ca0-973a72568e07,2026-05-27T06:15:00Z,2026-05-27T08:15:00+0200,9053.03526,MW,DE,DE_LU,forecast_onshore_wind_generation,Wind Onshore,2026-06-10T05:22:42Z
2026-06-10T05:21:31Z,2026-06-10T07:21:31+0200,3782c388-ddaf-4035-9ca0-973a72568e07,2026-05-27T06:30:00Z,2026-05-27T08:30:00+0200,8623.31252,MW,DE,DE_LU,forecast_onshore_wind_generation,Wind Onshore,2026-06-10T05:22:42Z
2026-06-10T05:21:31Z,2026-06-10T07:21:31+0200,3782c388-ddaf-4035-9ca0-973a72568e07,2026-05-27T06:45:00Z,2026-05-27T08:45:00+0200,8202.2409,MW,DE,DE_LU,forecast_onshore_wind_generation,Wind Onshore,2026-06-10T05:22:42Z
2026-06-10T05:21:31Z,2026-06-10T07:21:31+0200,3782c388-ddaf-4035-9ca0-973a72568e07,2026-05-27T07:00:00Z,2026-05-27T09:00:00+0200,7810.38686,MW,DE,DE_LU,forecast_onshore_wind_generation,Wind Onshore,2026-06-10T05:22:42Z
2026-06-10T05:21:31Z,2026-06-10T07:21:31+0200,3782c388-ddaf-4035-9ca0-973a72568e07,2026-05-27T07:15:00Z,2026-05-27T09:15:00+0200,7655.07555,MW,DE,DE_LU,forecast_onshore_wind_generation,Wind Onshore,2026-06-10T05:22:42Z
2026-06-10T05:21:31Z,2026-06-10T07:21:31+0200,3782c388-ddaf-4035-9ca0-973a72568e07,2026-05-27T07:30:00Z,2026-05-27T09:30:00+0200,7514.09743,MW,DE,DE_LU,forecast_onshore_wind_generation,Wind Onshore,2026-06-10T05:22:42Z
2026-06-10T05:21:31Z,2026-06-10T07:21:31+0200,3782c388-ddaf-4035-9ca0-973a72568e07,2026-05-27T07:45:00Z,2026-05-27T09:45:00+0200,7379.45527,MW,DE,DE_LU,forecast_onshore_wind_generation,Wind Onshore,2026-06-10T05:22:42Z
2026-06-10T05:21:31Z,2026-06-10T07:21:31+0200,3782c388-ddaf-4035-9ca0-973a72568e07,2026-05-27T08:00:00Z,2026-05-27T10:00:00+0200,7172.64952,MW,DE,DE_LU,forecast_onshore_wind_generation,Wind Onshore,2026-06-10T05:22:42Z
2026-06-10T05:21:31Z,2026-06-10T07:21:31+0200,3782c388-ddaf-4035-9ca0-973a72568e07,2026-05-27T08:15:00Z,2026-05-27T10:15:00+0200,7025.12584,MW,DE,DE_LU,forecast_onshore_wind_generation,Wind Onshore,2026-06-10T05:22:42Z
2026-06-10T05:21:31Z,2026-06-10T07:21:31+0200,3782c388-ddaf-4035-9ca0-973a72568e07,2026-05-27T08:30:00Z,2026-05-27T10:30:00+0200,6819.14599,MW,DE,DE_LU,forecast_onshore_wind_generation,Wind Onshore,2026-06-10T05:22:42Z
2026-06-10T05:21:31Z,2026-06-10T07:21:31+0200,3782c388-ddaf-4035-9ca0-973a72568e07,2026-05-27T08:45:00Z,2026-05-27T10:45:00+0200,6616.36546,MW,DE,DE_LU,forecast_onshore_wind_generation,Wind Onshore,2026-06-10T05:22:42Z
2026-06-10T05:21:31Z,2026-06-10T07:21:31+0200,3782c388-ddaf-4035-9ca0-973a72568e07,2026-05-27T09:00:00Z,2026-05-27T11:00:00+0200,6492.67514,MW,DE,DE_LU,forecast_onshore_wind_generation,Wind Onshore,2026-06-10T05:22:42Z
2026-06-10T05:21:31Z,2026-06-10T07:21:31+0200,3782c388-ddaf-4035-9ca0-973a72568e07,2026-05-27T09:15:00Z,2026-05-27T11:15:00+0200,6477.92199,MW,DE,DE_LU,forecast_onshore_wind_generation,Wind Onshore,2026-06-10T05:22:42Z
2026-06-10T05:21:31Z,2026-06-10T07:21:31+0200,3782c388-ddaf-4035-9ca0-973a72568e07,2026-05-27T09:30:00Z,2026-05-27T11:30:00+0200,6501.38755,MW,DE,DE_LU,forecast_onshore_wind_generation,Wind Onshore,2026-06-10T05:22:42Z
2026-06-10T05:21:31Z,2026-06-10T07:21:31+0200,3782c388-ddaf-4035-9ca0-973a72568e07,2026-05-27T09:45:00Z,2026-05-27T11:45:00+0200,6521.06853,MW,DE,DE_LU,forecast_onshore_wind_generation,Wind Onshore,2026-06-10T05:22:42Z
2026-06-10T05:21:31Z,2026-06-10T07:21:31+0200,3782c388-ddaf-4035-9ca0-973a72568e07,2026-05-27T10:00:00Z,2026-05-27T12:00:00+0200,6534.97436,MW,DE,DE_LU,forecast_onshore_wind_generation,Wind Onshore,2026-06-10T05:22:42Z
2026-06-10T05:21:31Z,2026-06-10T07:21:31+0200,3782c388-ddaf-4035-9ca0-973a72568e07,2026-05-27T10:15:00Z,2026-05-27T12:15:00+0200,6658.12339,MW,DE,DE_LU,forecast_onshore_wind_generation,Wind Onshore,2026-06-10T05:22:42Z
2026-06-10T05:21:31Z,2026-06-10T07:21:31+0200,3782c388-ddaf-4035-9ca0-973a72568e07,2026-05-27T10:30:00Z,2026-05-27T12:30:00+0200,6705.64927,MW,DE,DE_LU,forecast_onshore_wind_generation,Wind Onshore,2026-06-10T05:22:42Z
2026-06-10T05:21:31Z,2026-06-10T07:21:31+0200,3782c388-ddaf-4035-9ca0-973a72568e07,2026-05-27T10:45:00Z,2026-05-27T12:45:00+0200,6806.07773,MW,DE,DE_LU,forecast_onshore_wind_generation,Wind Onshore,2026-06-10T05:22:42Z
2026-06-10T05:21:31Z,2026-06-10T07:21:31+0200,3782c388-ddaf-4035-9ca0-973a72568e07,2026-05-27T11:00:00Z,2026-05-27T13:00:00+0200,6955.13382,MW,DE,DE_LU,forecast_onshore_wind_generation,Wind Onshore,2026-06-10T05:22:42Z
2026-06-10T05:21:31Z,2026-06-10T07:21:31+0200,3782c388-ddaf-4035-9ca0-973a72568e07,2026-05-27T11:15:00Z,2026-05-27T13:15:00+0200,7167.39121,MW,DE,DE_LU,forecast_onshore_wind_generation,Wind Onshore,2026-06-10T05:22:42Z
2026-06-10T05:21:31Z,2026-06-10T07:21:31+0200,3782c388-ddaf-4035-9ca0-973a72568e07,2026-05-27T11:30:00Z,2026-05-27T13:30:00+0200,7413.03984,MW,DE,DE_LU,forecast_onshore_wind_generation,Wind Onshore,2026-06-10T05:22:42Z
2026-06-10T05:21:31Z,2026-06-10T07:21:31+0200,3782c388-ddaf-4035-9ca0-973a72568e07,2026-05-27T11:45:00Z,2026-05-27T13:45:00+0200,7709.60732,MW,DE,DE_LU,forecast_onshore_wind_generation,Wind Onshore,2026-06-10T05:22:42Z
2026-06-10T05:21:31Z,2026-06-10T07:21:31+0200,3782c388-ddaf-4035-9ca0-973a72568e07,2026-05-27T12:00:00Z,2026-05-27T14:00:00+0200,8068.39872,MW,DE,DE_LU,forecast_onshore_wind_generation,Wind Onshore,2026-06-10T05:22:42Z
2026-06-10T05:21:31Z,2026-06-10T07:21:31+0200,3782c388-ddaf-4035-9ca0-973a72568e07,2026-05-27T12:15:00Z,2026-05-27T14:15:00+0200,8396.37172,MW,DE,DE_LU,forecast_onshore_wind_generation,Wind Onshore,2026-06-10T05:22:42Z
2026-06-10T05:21:31Z,2026-06-10T07:21:31+0200,3782c388-ddaf-4035-9ca0-973a72568e07,2026-05-27T12:30:00Z,2026-05-27T14:30:00+0200,8687.49727,MW,DE,DE_LU,forecast_onshore_wind_generation,Wind Onshore,2026-06-10T05:22:42Z
2026-06-10T05:21:31Z,2026-06-10T07:21:31+0200,3782c388-ddaf-4035-9ca0-973a72568e07,2026-05-27T12:45:00Z,2026-05-27T14:45:00+0200,9004.63265,MW,DE,DE_LU,forecast_onshore_wind_generation,Wind Onshore,2026-06-10T05:22:42Z
2026-06-10T05:21:31Z,2026-06-10T07:21:31+0200,3782c388-ddaf-4035-9ca0-973a72568e07,2026-05-27T13:00:00Z,2026-05-27T15:00:00+0200,9373.1993,MW,DE,DE_LU,forecast_onshore_wind_generation,Wind Onshore,2026-06-10T05:22:42Z
2026-06-10T05:21:31Z,2026-06-10T07:21:31+0200,3782c388-ddaf-4035-9ca0-973a72568e07,2026-05-27T13:15:00Z,2026-05-27T15:15:00+0200,9945.79691,MW,DE,DE_LU,forecast_onshore_wind_generation,Wind Onshore,2026-06-10T05:22:42Z
2026-06-10T05:21:31Z,2026-06-10T07:21:31+0200,3782c388-ddaf-4035-9ca0-973a72568e07,2026-05-27T13:30:00Z,2026-05-27T15:30:00+0200,10615.21629,MW,DE,DE_LU,forecast_onshore_wind_generation,Wind Onshore,2026-06-10T05:22:42Z
2026-06-10T05:21:31Z,2026-06-10T07:21:31+0200,3782c388-ddaf-4035-9ca0-973a72568e07,2026-05-27T13:45:00Z,2026-05-27T15:45:00+0200,11140.53884,MW,DE,DE_LU,forecast_onshore_wind_generation,Wind Onshore,2026-06-10T05:22:42Z
2026-06-10T05:21:31Z,2026-06-10T07:21:31+0200,3782c388-ddaf-4035-9ca0-973a72568e07,2026-05-27T14:00:00Z,2026-05-27T16:00:00+0200,11603.24816,MW,DE,DE_LU,forecast_onshore_wind_generation,Wind Onshore,2026-06-10T05:22:42Z
2026-06-10T05:21:31Z,2026-06-10T07:21:31+0200,3782c388-ddaf-4035-9ca0-973a72568e07,2026-05-27T14:15:00Z,2026-05-27T16:15:00+0200,12088.13072,MW,DE,DE_LU,forecast_onshore_wind_generation,Wind Onshore,2026-06-10T05:22:42Z
2026-06-10T05:21:31Z,2026-06-10T07:21:31+0200,3782c388-ddaf-4035-9ca0-973a72568e07,2026-05-27T14:30:00Z,2026-05-27T16:30:00+0200,12654.84929,MW,DE,DE_LU,forecast_onshore_wind_generation,Wind Onshore,2026-06-10T05:22:42Z
2026-06-10T05:21:31Z,2026-06-10T07:21:31+0200,3782c388-ddaf-4035-9ca0-973a72568e07,2026-05-27T14:45:00Z,2026-05-27T16:45:00+0200,13301.69755,MW,DE,DE_LU,forecast_onshore_wind_generation,Wind Onshore,2026-06-10T05:22:42Z
2026-06-10T05:21:31Z,2026-06-10T07:21:31+0200,3782c388-ddaf-4035-9ca0-973a72568e07,2026-05-27T15:00:00Z,2026-05-27T17:00:00+0200,14068.55087,MW,DE,DE_LU,forecast_onshore_wind_generation,Wind Onshore,2026-06-10T05:22:42Z
2026-06-10T05:21:31Z,2026-06-10T07:21:31+0200,3782c388-ddaf-4035-9ca0-973a72568e07,2026-05-27T15:15:00Z,2026-05-27T17:15:00+0200,14575.35108,MW,DE,DE_LU,forecast_onshore_wind_generation,Wind Onshore,2026-06-10T05:22:42Z
2026-06-10T05:21:31Z,2026-06-10T07:21:31+0200,3782c388-ddaf-4035-9ca0-973a72568e07,2026-05-27T15:30:00Z,2026-05-27T17:30:00+0200,14916.3277,MW,DE,DE_LU,forecast_onshore_wind_generation,Wind Onshore,2026-06-10T05:22:42Z
2026-06-10T05:21:31Z,2026-06-10T07:21:31+0200,3782c388-ddaf-4035-9ca0-973a72568e07,2026-05-27T15:45:00Z,2026-05-27T17:45:00+0200,15063.74502,MW,DE,DE_LU,forecast_onshore_wind_generation,Wind Onshore,2026-06-10T05:22:42Z
2026-06-10T05:21:31Z,2026-06-10T07:21:31+0200,3782c388-ddaf-4035-9ca0-973a72568e07,2026-05-27T16:00:00Z,2026-05-27T18:00:00+0200,15199.21687,MW,DE,DE_LU,forecast_onshore_wind_generation,Wind Onshore,2026-06-10T05:22:42Z
2026-06-10T05:21:31Z,2026-06-10T07:21:31+0200,3782c388-ddaf-4035-9ca0-973a72568e07,2026-05-27T16:15:00Z,2026-05-27T18:15:00+0200,15205.48311,MW,DE,DE_LU,forecast_onshore_wind_generation,Wind Onshore,2026-06-10T05:22:42Z
2026-06-10T05:21:31Z,2026-06-10T07:21:31+0200,3782c388-ddaf-4035-9ca0-973a72568e07,2026-05-27T16:30:00Z,2026-05-27T18:30:00+0200,15213.65839,MW,DE,DE_LU,forecast_onshore_wind_generation,Wind Onshore,2026-06-10T05:22:42Z
2026-06-10T05:21:31Z,2026-06-10T07:21:31+0200,3782c388-ddaf-4035-9ca0-973a72568e07,2026-05-27T16:45:00Z,2026-05-27T18:45:00+0200,15220.93421,MW,DE,DE_LU,forecast_onshore_wind_generation,Wind Onshore,2026-06-10T05:22:42Z
2026-06-10T05:21:31Z,2026-06-10T07:21:31+0200,3782c388-ddaf-4035-9ca0-973a72568e07,2026-05-27T17:00:00Z,2026-05-27T19:00:00+0200,15194.82618,MW,DE,DE_LU,forecast_onshore_wind_generation,Wind Onshore,2026-06-10T05:22:42Z
2026-06-10T05:21:31Z,2026-06-10T07:21:31+0200,3782c388-ddaf-4035-9ca0-973a72568e07,2026-05-27T17:15:00Z,2026-05-27T19:15:00+0200,14968.87114,MW,DE,DE_LU,forecast_onshore_wind_generation,Wind Onshore,2026-06-10T05:22:42Z
2026-06-10T05:21:31Z,2026-06-10T07:21:31+0200,3782c388-ddaf-4035-9ca0-973a72568e07,2026-05-27T17:30:00Z,2026-05-27T19:30:00+0200,14734.09616,MW,DE,DE_LU,forecast_onshore_wind_generation,Wind Onshore,2026-06-10T05:22:42Z
2026-06-10T05:21:31Z,2026-06-10T07:21:31+0200,3782c388-ddaf-4035-9ca0-973a72568e07,2026-05-27T17:45:00Z,2026-05-27T19:45:00+0200,14491.41745,MW,DE,DE_LU,forecast_onshore_wind_generation,Wind Onshore,2026-06-10T05:22:42Z
2026-06-10T05:21:31Z,2026-06-10T07:21:31+0200,3782c388-ddaf-4035-9ca0-973a72568e07,2026-05-27T18:00:00Z,2026-05-27T20:00:00+0200,14243.75719,MW,DE,DE_LU,forecast_onshore_wind_generation,Wind Onshore,2026-06-10T05:22:42Z
2026-06-10T05:21:31Z,2026-06-10T07:21:31+0200,3782c388-ddaf-4035-9ca0-973a72568e07,2026-05-27T18:15:00Z,2026-05-27T20:15:00+0200,14113.55902,MW,DE,DE_LU,forecast_onshore_wind_generation,Wind Onshore,2026-06-10T05:22:42Z
2026-06-10T05:21:31Z,2026-06-10T07:21:31+0200,3782c388-ddaf-4035-9ca0-973a72568e07,2026-05-27T18:30:00Z,2026-05-27T20:30:00+0200,13976.14572,MW,DE,DE_LU,forecast_onshore_wind_generation,Wind Onshore,2026-06-10T05:22:42Z
2026-06-10T05:21:31Z,2026-06-10T07:21:31+0200,3782c388-ddaf-4035-9ca0-973a72568e07,2026-05-27T18:45:00Z,2026-05-27T20:45:00+0200,13821.57717,MW,DE,DE_LU,forecast_onshore_wind_generation,Wind Onshore,2026-06-10T05:22:42Z
2026-06-10T05:21:31Z,2026-06-10T07:21:31+0200,3782c388-ddaf-4035-9ca0-973a72568e07,2026-05-27T19:00:00Z,2026-05-27T21:00:00+0200,13654.28149,MW,DE,DE_LU,forecast_onshore_wind_generation,Wind Onshore,2026-06-10T05:22:42Z
2026-06-10T05:21:31Z,2026-06-10T07:21:31+0200,3782c388-ddaf-4035-9ca0-973a72568e07,2026-05-27T19:15:00Z,2026-05-27T21:15:00+0200,13549.06901,MW,DE,DE_LU,forecast_onshore_wind_generation,Wind Onshore,2026-06-10T05:22:42Z
2026-06-10T05:21:31Z,2026-06-10T07:21:31+0200,3782c388-ddaf-4035-9ca0-973a72568e07,2026-05-27T19:30:00Z,2026-05-27T21:30:00+0200,13470.77259,MW,DE,DE_LU,forecast_onshore_wind_generation,Wind Onshore,2026-06-10T05:22:42Z
2026-06-10T05:21:31Z,2026-06-10T07:21:31+0200,3782c388-ddaf-4035-9ca0-973a72568e07,2026-05-27T19:45:00Z,2026-05-27T21:45:00+0200,13399.80554,MW,DE,DE_LU,forecast_onshore_wind_generation,Wind Onshore,2026-06-10T05:22:42Z
2026-06-10T05:21:31Z,2026-06-10T07:21:31+0200,3782c388-ddaf-4035-9ca0-973a72568e07,2026-05-27T20:00:00Z,2026-05-27T22:00:00+0200,13185.83992,MW,DE,DE_LU,forecast_onshore_wind_generation,Wind Onshore,2026-06-10T05:22:42Z
2026-06-10T05:21:31Z,2026-06-10T07:21:31+0200,3782c388-ddaf-4035-9ca0-973a72568e07,2026-05-27T20:15:00Z,2026-05-27T22:15:00+0200,12944.82642,MW,DE,DE_LU,forecast_onshore_wind_generation,Wind Onshore,2026-06-10T05:22:42Z
2026-06-10T05:21:31Z,2026-06-10T07:21:31+0200,3782c388-ddaf-4035-9ca0-973a72568e07,2026-05-27T20:30:00Z,2026-05-27T22:30:00+0200,12704.12044,MW,DE,DE_LU,forecast_onshore_wind_generation,Wind Onshore,2026-06-10T05:22:42Z
2026-06-10T05:21:31Z,2026-06-10T07:21:31+0200,3782c388-ddaf-4035-9ca0-973a72568e07,2026-05-27T20:45:00Z,2026-05-27T22:45:00+0200,12456.60869,MW,DE,DE_LU,forecast_onshore_wind_generation,Wind Onshore,2026-06-10T05:22:42Z
2026-06-10T05:21:31Z,2026-06-10T07:21:31+0200,3782c388-ddaf-4035-9ca0-973a72568e07,2026-05-27T21:00:00Z,2026-05-27T23:00:00+0200,12190.28358,MW,DE,DE_LU,forecast_onshore_wind_generation,Wind Onshore,2026-06-10T05:22:42Z
2026-06-10T05:21:31Z,2026-06-10T07:21:31+0200,3782c388-ddaf-4035-9ca0-973a72568e07,2026-05-27T21:15:00Z,2026-05-27T23:15:00+0200,11826.59469,MW,DE,DE_LU,forecast_onshore_wind_generation,Wind Onshore,2026-06-10T05:22:42Z
2026-06-10T05:21:31Z,2026-06-10T07:21:31+0200,3782c388-ddaf-4035-9ca0-973a72568e07,2026-05-27T21:30:00Z,2026-05-27T23:30:00+0200,11459.41351,MW,DE,DE_LU,forecast_onshore_wind_generation,Wind Onshore,2026-06-10T05:22:42Z
2026-06-10T05:21:31Z,2026-06-10T07:21:31+0200,3782c388-ddaf-4035-9ca0-973a72568e07,2026-05-27T21:45:00Z,2026-05-27T23:45:00+0200,11090.48255,MW,DE,DE_LU,forecast_onshore_wind_generation,Wind Onshore,2026-06-10T05:22:42Z
2026-06-10T05:21:31Z,2026-06-10T07:21:31+0200,3782c388-ddaf-4035-9ca0-973a72568e07,2026-05-27T22:00:00Z,2026-05-28T00:00:00+0200,10139.10834,MW,DE,DE_LU,forecast_onshore_wind_generation,Wind Onshore,2026-06-10T05:22:42Z
2026-06-10T05:21:31Z,2026-06-10T07:21:31+0200,3782c388-ddaf-4035-9ca0-973a72568e07,2026-05-27T22:15:00Z,2026-05-28T00:15:00+0200,9766.33919,MW,DE,DE_LU,forecast_onshore_wind_generation,Wind Onshore,2026-06-10T05:22:42Z
2026-06-10T05:21:31Z,2026-06-10T07:21:31+0200,3782c388-ddaf-4035-9ca0-973a72568e07,2026-05-27T22:30:00Z,2026-05-28T00:30:00+0200,9390.59644,MW,DE,DE_LU,forecast_onshore_wind_generation,Wind Onshore,2026-06-10T05:22:42Z
2026-06-10T05:21:31Z,2026-06-10T07:21:31+0200,3782c388-ddaf-4035-9ca0-973a72568e07,2026-05-27T22:45:00Z,2026-05-28T00:45:00+0200,9016.52308,MW,DE,DE_LU,forecast_onshore_wind_generation,Wind Onshore,2026-06-10T05:22:42Z
2026-06-10T05:21:31Z,2026-06-10T07:21:31+0200,3782c388-ddaf-4035-9ca0-973a72568e07,2026-05-27T23:00:00Z,2026-05-28T01:00:00+0200,8649.29282,MW,DE,DE_LU,forecast_onshore_wind_generation,Wind Onshore,2026-06-10T05:22:42Z
2026-06-10T05:21:31Z,2026-06-10T07:21:31+0200,3782c388-ddaf-4035-9ca0-973a72568e07,2026-05-27T23:15:00Z,2026-05-28T01:15:00+0200,8332.70513,MW,DE,DE_LU,forecast_onshore_wind_generation,Wind Onshore,2026-06-10T05:22:42Z
2026-06-10T05:21:31Z,2026-06-10T07:21:31+0200,3782c388-ddaf-4035-9ca0-973a72568e07,2026-05-27T23:30:00Z,2026-05-28T01:30:00+0200,8016.13744,MW,DE,DE_LU,forecast_onshore_wind_generation,Wind Onshore,2026-06-10T05:22:42Z
2026-06-10T05:21:31Z,2026-06-10T07:21:31+0200,3782c388-ddaf-4035-9ca0-973a72568e07,2026-05-27T23:45:00Z,2026-05-28T01:45:00+0200,7710.66167,MW,DE,DE_LU,forecast_onshore_wind_generation,Wind Onshore,2026-06-10T05:22:42Z
2026-06-10T05:21:31Z,2026-06-10T07:21:31+0200,3782c388-ddaf-4035-9ca0-973a72568e07,2026-05-28T00:00:00Z,2026-05-28T02:00:00+0200,7459.26241,MW,DE,DE_LU,forecast_onshore_wind_generation,Wind Onshore,2026-06-10T05:22:42Z
2026-06-10T05:21:31Z,2026-06-10T07:21:31+0200,3782c388-ddaf-4035-9ca0-973a72568e07,2026-05-28T00:15:00Z,2026-05-28T02:15:00+0200,7248.9932,MW,DE,DE_LU,forecast_onshore_wind_generation,Wind Onshore,2026-06-10T05:22:42Z
2026-06-10T05:21:31Z,2026-06-10T07:21:31+0200,3782c388-ddaf-4035-9ca0-973a72568e07,2026-05-28T00:30:00Z,2026-05-28T02:30:00+0200,7033.82937,MW,DE,DE_LU,forecast_onshore_wind_generation,Wind Onshore,2026-06-10T05:22:42Z
2026-06-10T05:21:31Z,2026-06-10T07:21:31+0200,3782c388-ddaf-4035-9ca0-973a72568e07,2026-05-28T00:45:00Z,2026-05-28T02:45:00+0200,6815.94615,MW,DE,DE_LU,forecast_onshore_wind_generation,Wind Onshore,2026-06-10T05:22:42Z
2026-06-10T05:21:31Z,2026-06-10T07:21:31+0200,3782c388-ddaf-4035-9ca0-973a72568e07,2026-05-28T01:00:00Z,2026-05-28T03:00:00+0200,6602.27067,MW,DE,DE_LU,forecast_onshore_wind_generation,Wind Onshore,2026-06-10T05:22:42Z
2026-06-10T05:21:31Z,2026-06-10T07:21:31+0200,3782c388-ddaf-4035-9ca0-973a72568e07,2026-05-28T01:15:00Z,2026-05-28T03:15:00+0200,6427.19385,MW,DE,DE_LU,forecast_onshore_wind_generation,Wind Onshore,2026-06-10T05:22:42Z
2026-06-10T05:21:31Z,2026-06-10T07:21:31+0200,3782c388-ddaf-4035-9ca0-973a72568e07,2026-05-28T01:30:00Z,2026-05-28T03:30:00+0200,6253.35427,MW,DE,DE_LU,forecast_onshore_wind_generation,Wind Onshore,2026-06-10T05:22:42Z
2026-06-10T05:21:31Z,2026-06-10T07:21:31+0200,3782c388-ddaf-4035-9ca0-973a72568e07,2026-05-28T01:45:00Z,2026-05-28T03:45:00+0200,6080.76092,MW,DE,DE_LU,forecast_onshore_wind_generation,Wind Onshore,2026-06-10T05:22:42Z
2026-06-10T05:21:31Z,2026-06-10T07:21:31+0200,3782c388-ddaf-4035-9ca0-973a72568e07,2026-05-28T02:00:00Z,2026-05-28T04:00:00+0200,5906.75057,MW,DE,DE_LU,forecast_onshore_wind_generation,Wind Onshore,2026-06-10T05:22:42Z
2026-06-10T05:21:31Z,2026-06-10T07:21:31+0200,3782c388-ddaf-4035-9ca0-973a72568e07,2026-05-28T02:15:00Z,2026-05-28T04:15:00+0200,5798.91014,MW,DE,DE_LU,forecast_onshore_wind_generation,Wind Onshore,2026-06-10T05:22:42Z
2026-06-10T05:21:31Z,2026-06-10T07:21:31+0200,3782c388-ddaf-4035-9ca0-973a72568e07,2026-05-28T02:30:00Z,2026-05-28T04:30:00+0200,5693.54638,MW,DE,DE_LU,forecast_onshore_wind_generation,Wind Onshore,2026-06-10T05:22:42Z
2026-06-10T05:21:31Z,2026-06-10T07:21:31+0200,3782c388-ddaf-4035-9ca0-973a72568e07,2026-05-28T02:45:00Z,2026-05-28T04:45:00+0200,5582.72897,MW,DE,DE_LU,forecast_onshore_wind_generation,Wind Onshore,2026-06-10T05:22:42Z
2026-06-10T05:21:31Z,2026-06-10T07:21:31+0200,3782c388-ddaf-4035-9ca0-973a72568e07,2026-05-28T03:00:00Z,2026-05-28T05:00:00+0200,5452.61669,MW,DE,DE_LU,forecast_onshore_wind_generation,Wind Onshore,2026-06-10T05:22:42Z
2026-06-10T05:21:31Z,2026-06-10T07:21:31+0200,3782c388-ddaf-4035-9ca0-973a72568e07,2026-05-28T03:15:00Z,2026-05-28T05:15:00+0200,5308.95079,MW,DE,DE_LU,forecast_onshore_wind_generation,Wind Onshore,2026-06-10T05:22:42Z
2026-06-10T05:21:31Z,2026-06-10T07:21:31+0200,3782c388-ddaf-4035-9ca0-973a72568e07,2026-05-28T03:30:00Z,2026-05-28T05:30:00+0200,5153.76851,MW,DE,DE_LU,forecast_onshore_wind_generation,Wind Onshore,2026-06-10T05:22:42Z
2026-06-10T05:21:31Z,2026-06-10T07:21:31+0200,3782c388-ddaf-4035-9ca0-973a72568e07,2026-05-28T03:45:00Z,2026-05-28T05:45:00+0200,4999.10256,MW,DE,DE_LU,forecast_onshore_wind_generation,Wind Onshore,2026-06-10T05:22:42Z
2026-06-10T05:21:31Z,2026-06-10T07:21:31+0200,3782c388-ddaf-4035-9ca0-973a72568e07,2026-05-28T04:00:00Z,2026-05-28T06:00:00+0200,4828.29715,MW,DE,DE_LU,forecast_onshore_wind_generation,Wind Onshore,2026-06-10T05:22:42Z
2026-06-10T05:21:31Z,2026-06-10T07:21:31+0200,3782c388-ddaf-4035-9ca0-973a72568e07,2026-05-28T04:15:00Z,2026-05-28T06:15:00+0200,4441.03088,MW,DE,DE_LU,forecast_onshore_wind_generation,Wind Onshore,2026-06-10T05:22:42Z
2026-06-10T05:21:31Z,2026-06-10T07:21:31+0200,3782c388-ddaf-4035-9ca0-973a72568e07,2026-05-28T04:30:00Z,2026-05-28T06:30:00+0200,4048.26575,MW,DE,DE_LU,forecast_onshore_wind_generation,Wind Onshore,2026-06-10T05:22:42Z
2026-06-10T05:21:31Z,2026-06-10T07:21:31+0200,3782c388-ddaf-4035-9ca0-973a72568e07,2026-05-28T04:45:00Z,2026-05-28T06:45:00+0200,3639.95404,MW,DE,DE_LU,forecast_onshore_wind_generation,Wind Onshore,2026-06-10T05:22:42Z
2026-06-10T05:21:31Z,2026-06-10T07:21:31+0200,3782c388-ddaf-4035-9ca0-973a72568e07,2026-05-28T05:00:00Z,2026-05-28T07:00:00+0200,3265.16922,MW,DE,DE_LU,forecast_onshore_wind_generation,Wind Onshore,2026-06-10T05:22:42Z
2026-06-10T05:21:31Z,2026-06-10T07:21:31+0200,3782c388-ddaf-4035-9ca0-973a72568e07,2026-05-28T05:15:00Z,2026-05-28T07:15:00+0200,2844.21808,MW,DE,DE_LU,forecast_onshore_wind_generation,Wind Onshore,2026-06-10T05:22:42Z
2026-06-10T05:21:31Z,2026-06-10T07:21:31+0200,3782c388-ddaf-4035-9ca0-973a72568e07,2026-05-28T05:30:00Z,2026-05-28T07:30:00+0200,2436.75377,MW,DE,DE_LU,forecast_onshore_wind_generation,Wind Onshore,2026-06-10T05:22:42Z
2026-06-10T05:21:31Z,2026-06-10T07:21:31+0200,3782c388-ddaf-4035-9ca0-973a72568e07,2026-05-28T05:45:00Z,2026-05-28T07:45:00+0200,2039.56341,MW,DE,DE_LU,forecast_onshore_wind_generation,Wind Onshore,2026-06-10T05:22:42Z
2026-06-10T05:21:31Z,2026-06-10T07:21:31+0200,3782c388-ddaf-4035-9ca0-973a72568e07,2026-05-28T06:00:00Z,2026-05-28T08:00:00+0200,1776.70248,MW,DE,DE_LU,forecast_onshore_wind_generation,Wind Onshore,2026-06-10T05:22:42Z
2026-06-10T05:21:31Z,2026-06-10T07:21:31+0200,3782c388-ddaf-4035-9ca0-973a72568e07,2026-05-28T06:15:00Z,2026-05-28T08:15:00+0200,1600.57804,MW,DE,DE_LU,forecast_onshore_wind_generation,Wind Onshore,2026-06-10T05:22:42Z
2026-06-10T05:21:31Z,2026-06-10T07:21:31+0200,3782c388-ddaf-4035-9ca0-973a72568e07,2026-05-28T06:30:00Z,2026-05-28T08:30:00+0200,1441.9622,MW,DE,DE_LU,forecast_onshore_wind_generation,Wind Onshore,2026-06-10T05:22:42Z
2026-06-10T05:21:31Z,2026-06-10T07:21:31+0200,3782c388-ddaf-4035-9ca0-973a72568e07,2026-05-28T06:45:00Z,2026-05-28T08:45:00+0200,1294.42729,MW,DE,DE_LU,forecast_onshore_wind_generation,Wind Onshore,2026-06-10T05:22:42Z
2026-06-10T05:21:31Z,2026-06-10T07:21:31+0200,3782c388-ddaf-4035-9ca0-973a72568e07,2026-05-28T07:00:00Z,2026-05-28T09:00:00+0200,1165.24666,MW,DE,DE_LU,forecast_onshore_wind_generation,Wind Onshore,2026-06-10T05:22:42Z
2026-06-10T05:21:31Z,2026-06-10T07:21:31+0200,3782c388-ddaf-4035-9ca0-973a72568e07,2026-05-28T07:15:00Z,2026-05-28T09:15:00+0200,1120.01449,MW,DE,DE_LU,forecast_onshore_wind_generation,Wind Onshore,2026-06-10T05:22:42Z
2026-06-10T05:21:31Z,2026-06-10T07:21:31+0200,3782c388-ddaf-4035-9ca0-973a72568e07,2026-05-28T07:30:00Z,2026-05-28T09:30:00+0200,1056.13833,MW,DE,DE_LU,forecast_onshore_wind_generation,Wind Onshore,2026-06-10T05:22:42Z
2026-06-10T05:21:31Z,2026-06-10T07:21:31+0200,3782c388-ddaf-4035-9ca0-973a72568e07,2026-05-28T07:45:00Z,2026-05-28T09:45:00+0200,992.8714,MW,DE,DE_LU,forecast_onshore_wind_generation,Wind Onshore,2026-06-10T05:22:42Z
2026-06-10T05:21:31Z,2026-06-10T07:21:31+0200,3782c388-ddaf-4035-9ca0-973a72568e07,2026-05-28T08:00:00Z,2026-05-28T10:00:00+0200,937.84092,MW,DE,DE_LU,forecast_onshore_wind_generation,Wind Onshore,2026-06-10T05:22:42Z
2026-06-10T05:21:31Z,2026-06-10T07:21:31+0200,3782c388-ddaf-4035-9ca0-973a72568e07,2026-05-28T08:15:00Z,2026-05-28T10:15:00+0200,916.47578,MW,DE,DE_LU,forecast_onshore_wind_generation,Wind Onshore,2026-06-10T05:22:42Z
2026-06-10T05:21:31Z,2026-06-10T07:21:31+0200,3782c388-ddaf-4035-9ca0-973a72568e07,2026-05-28T08:30:00Z,2026-05-28T10:30:00+0200,900.41448,MW,DE,DE_LU,forecast_onshore_wind_generation,Wind Onshore,2026-06-10T05:22:42Z
2026-06-10T05:21:31Z,2026-06-10T07:21:31+0200,3782c388-ddaf-4035-9ca0-973a72568e07,2026-05-28T08:45:00Z,2026-05-28T10:45:00+0200,874.18896,MW,DE,DE_LU,forecast_onshore_wind_generation,Wind Onshore,2026-06-10T05:22:42Z
2026-06-10T05:21:31Z,2026-06-10T07:21:31+0200,3782c388-ddaf-4035-9ca0-973a72568e07,2026-05-28T09:00:00Z,2026-05-28T11:00:00+0200,824.31659,MW,DE,DE_LU,forecast_onshore_wind_generation,Wind Onshore,2026-06-10T05:22:42Z
2026-06-10T05:21:31Z,2026-06-10T07:21:31+0200,3782c388-ddaf-4035-9ca0-973a72568e07,2026-05-28T09:15:00Z,2026-05-28T11:15:00+0200,771.33469,MW,DE,DE_LU,forecast_onshore_wind_generation,Wind Onshore,2026-06-10T05:22:42Z
2026-06-10T05:21:31Z,2026-06-10T07:21:31+0200,3782c388-ddaf-4035-9ca0-973a72568e07,2026-05-28T09:30:00Z,2026-05-28T11:30:00+0200,722.67808,MW,DE,DE_LU,forecast_onshore_wind_generation,Wind Onshore,2026-06-10T05:22:42Z
2026-06-10T05:21:31Z,2026-06-10T07:21:31+0200,3782c388-ddaf-4035-9ca0-973a72568e07,2026-05-28T09:45:00Z,2026-05-28T11:45:00+0200,688.57597,MW,DE,DE_LU,forecast_onshore_wind_generation,Wind Onshore,2026-06-10T05:22:42Z
2026-06-10T05:21:31Z,2026-06-10T07:21:31+0200,3782c388-ddaf-4035-9ca0-973a72568e07,2026-05-28T10:00:00Z,2026-05-28T12:00:00+0200,669.58848,MW,DE,DE_LU,forecast_onshore_wind_generation,Wind Onshore,2026-06-10T05:22:42Z
2026-06-10T05:21:31Z,2026-06-10T07:21:31+0200,3782c388-ddaf-4035-9ca0-973a72568e07,2026-05-28T10:15:00Z,2026-05-28T12:15:00+0200,667.50255,MW,DE,DE_LU,forecast_onshore_wind_generation,Wind Onshore,2026-06-10T05:22:42Z
2026-06-10T05:21:31Z,2026-06-10T07:21:31+0200,3782c388-ddaf-4035-9ca0-973a72568e07,2026-05-28T10:30:00Z,2026-05-28T12:30:00+0200,669.4271,MW,DE,DE_LU,forecast_onshore_wind_generation,Wind Onshore,2026-06-10T05:22:42Z
2026-06-10T05:21:31Z,2026-06-10T07:21:31+0200,3782c388-ddaf-4035-9ca0-973a72568e07,2026-05-28T10:45:00Z,2026-05-28T12:45:00+0200,676.10422,MW,DE,DE_LU,forecast_onshore_wind_generation,Wind Onshore,2026-06-10T05:22:42Z
2026-06-10T05:21:31Z,2026-06-10T07:21:31+0200,3782c388-ddaf-4035-9ca0-973a72568e07,2026-05-28T11:00:00Z,2026-05-28T13:00:00+0200,684.77288,MW,DE,DE_LU,forecast_onshore_wind_generation,Wind Onshore,2026-06-10T05:22:42Z
2026-06-10T05:21:31Z,2026-06-10T07:21:31+0200,3782c388-ddaf-4035-9ca0-973a72568e07,2026-05-28T11:15:00Z,2026-05-28T13:15:00+0200,705.50238,MW,DE,DE_LU,forecast_onshore_wind_generation,Wind Onshore,2026-06-10T05:22:42Z
2026-06-10T05:21:31Z,2026-06-10T07:21:31+0200,3782c388-ddaf-4035-9ca0-973a72568e07,2026-05-28T11:30:00Z,2026-05-28T13:30:00+0200,728.85009,MW,DE,DE_LU,forecast_onshore_wind_generation,Wind Onshore,2026-06-10T05:22:42Z
2026-06-10T05:21:31Z,2026-06-10T07:21:31+0200,3782c388-ddaf-4035-9ca0-973a72568e07,2026-05-28T11:45:00Z,2026-05-28T13:45:00+0200,756.31391,MW,DE,DE_LU,forecast_onshore_wind_generation,Wind Onshore,2026-06-10T05:22:42Z
2026-06-10T05:21:31Z,2026-06-10T07:21:31+0200,3782c388-ddaf-4035-9ca0-973a72568e07,2026-05-28T12:00:00Z,2026-05-28T14:00:00+0200,790.08745,MW,DE,DE_LU,forecast_onshore_wind_generation,Wind Onshore,2026-06-10T05:22:42Z
2026-06-10T05:21:31Z,2026-06-10T07:21:31+0200,3782c388-ddaf-4035-9ca0-973a72568e07,2026-05-28T12:15:00Z,2026-05-28T14:15:00+0200,837.12523,MW,DE,DE_LU,forecast_onshore_wind_generation,Wind Onshore,2026-06-10T05:22:42Z
2026-06-10T05:21:31Z,2026-06-10T07:21:31+0200,3782c388-ddaf-4035-9ca0-973a72568e07,2026-05-28T12:30:00Z,2026-05-28T14:30:00+0200,892.41299,MW,DE,DE_LU,forecast_onshore_wind_generation,Wind Onshore,2026-06-10T05:22:42Z
2026-06-10T05:21:31Z,2026-06-10T07:21:31+0200,3782c388-ddaf-4035-9ca0-973a72568e07,2026-05-28T12:45:00Z,2026-05-28T14:45:00+0200,962.74613,MW,DE,DE_LU,forecast_onshore_wind_generation,Wind Onshore,2026-06-10T05:22:42Z
2026-06-10T05:21:31Z,2026-06-10T07:21:31+0200,3782c388-ddaf-4035-9ca0-973a72568e07,2026-05-28T13:00:00Z,2026-05-28T15:00:00+0200,1042.08629,MW,DE,DE_LU,forecast_onshore_wind_generation,Wind Onshore,2026-06-10T05:22:42Z
2026-06-10T05:21:31Z,2026-06-10T07:21:31+0200,3782c388-ddaf-4035-9ca0-973a72568e07,2026-05-28T13:15:00Z,2026-05-28T15:15:00+0200,1120.65111,MW,DE,DE_LU,forecast_onshore_wind_generation,Wind Onshore,2026-06-10T05:22:42Z
2026-06-10T05:21:31Z,2026-06-10T07:21:31+0200,3782c388-ddaf-4035-9ca0-973a72568e07,2026-05-28T13:30:00Z,2026-05-28T15:30:00+0200,1185.34179,MW,DE,DE_LU,forecast_onshore_wind_generation,Wind Onshore,2026-06-10T05:22:42Z
2026-06-10T05:21:31Z,2026-06-10T07:21:31+0200,3782c388-ddaf-4035-9ca0-973a72568e07,2026-05-28T13:45:00Z,2026-05-28T15:45:00+0200,1244.36798,MW,DE,DE_LU,forecast_onshore_wind_generation,Wind Onshore,2026-06-10T05:22:42Z
2026-06-10T05:21:31Z,2026-06-10T07:21:31+0200,3782c388-ddaf-4035-9ca0-973a72568e07,2026-05-28T14:00:00Z,2026-05-28T16:00:00+0200,1295.22208,MW,DE,DE_LU,forecast_onshore_wind_generation,Wind Onshore,2026-06-10T05:22:42Z
2026-06-10T05:21:31Z,2026-06-10T07:21:31+0200,3782c388-ddaf-4035-9ca0-973a72568e07,2026-05-28T14:15:00Z,2026-05-28T16:15:00+0200,1339.27106,MW,DE,DE_LU,forecast_onshore_wind_generation,Wind Onshore,2026-06-10T05:22:42Z
2026-06-10T05:21:31Z,2026-06-10T07:21:31+0200,3782c388-ddaf-4035-9ca0-973a72568e07,2026-05-28T14:30:00Z,2026-05-28T16:30:00+0200,1378.5204,MW,DE,DE_LU,forecast_onshore_wind_generation,Wind Onshore,2026-06-10T05:22:42Z
2026-06-10T05:21:31Z,2026-06-10T07:21:31+0200,3782c388-ddaf-4035-9ca0-973a72568e07,2026-05-28T14:45:00Z,2026-05-28T16:45:00+0200,1412.50113,MW,DE,DE_LU,forecast_onshore_wind_generation,Wind Onshore,2026-06-10T05:22:42Z
2026-06-10T05:21:31Z,2026-06-10T07:21:31+0200,3782c388-ddaf-4035-9ca0-973a72568e07,2026-05-28T15:00:00Z,2026-05-28T17:00:00+0200,1445.83,MW,DE,DE_LU,forecast_onshore_wind_generation,Wind Onshore,2026-06-10T05:22:42Z
2026-06-10T05:21:31Z,2026-06-10T07:21:31+0200,3782c388-ddaf-4035-9ca0-973a72568e07,2026-05-28T15:15:00Z,2026-05-28T17:15:00+0200,1461.1987,MW,DE,DE_LU,forecast_onshore_wind_generation,Wind Onshore,2026-06-10T05:22:42Z
2026-06-10T05:21:31Z,2026-06-10T07:21:31+0200,3782c388-ddaf-4035-9ca0-973a72568e07,2026-05-28T15:30:00Z,2026-05-28T17:30:00+0200,1479.08174,MW,DE,DE_LU,forecast_onshore_wind_generation,Wind Onshore,2026-06-10T05:22:42Z
2026-06-10T05:21:31Z,2026-06-10T07:21:31+0200,3782c388-ddaf-4035-9ca0-973a72568e07,2026-05-28T15:45:00Z,2026-05-28T17:45:00+0200,1493.90342,MW,DE,DE_LU,forecast_onshore_wind_generation,Wind Onshore,2026-06-10T05:22:42Z
2026-06-10T05:21:31Z,2026-06-10T07:21:31+0200,3782c388-ddaf-4035-9ca0-973a72568e07,2026-05-28T16:00:00Z,2026-05-28T18:00:00+0200,1510.51354,MW,DE,DE_LU,forecast_onshore_wind_generation,Wind Onshore,2026-06-10T05:22:42Z
2026-06-10T05:21:31Z,2026-06-10T07:21:31+0200,3782c388-ddaf-4035-9ca0-973a72568e07,2026-05-28T16:15:00Z,2026-05-28T18:15:00+0200,1509.30923,MW,DE,DE_LU,forecast_onshore_wind_generation,Wind Onshore,2026-06-10T05:22:42Z
2026-06-10T05:21:31Z,2026-06-10T07:21:31+0200,3782c388-ddaf-4035-9ca0-973a72568e07,2026-05-28T16:30:00Z,2026-05-28T18:30:00+0200,1507.47728,MW,DE,DE_LU,forecast_onshore_wind_generation,Wind Onshore,2026-06-10T05:22:42Z
2026-06-10T05:21:31Z,2026-06-10T07:21:31+0200,3782c388-ddaf-4035-9ca0-973a72568e07,2026-05-28T16:45:00Z,2026-05-28T18:45:00+0200,1505.38715,MW,DE,DE_LU,forecast_onshore_wind_generation,Wind Onshore,2026-06-10T05:22:42Z
2026-06-10T05:21:31Z,2026-06-10T07:21:31+0200,3782c388-ddaf-4035-9ca0-973a72568e07,2026-05-28T17:00:00Z,2026-05-28T19:00:00+0200,1497.80093,MW,DE,DE_LU,forecast_onshore_wind_generation,Wind Onshore,2026-06-10T05:22:42Z
2026-06-10T05:21:31Z,2026-06-10T07:21:31+0200,3782c388-ddaf-4035-9ca0-973a72568e07,2026-05-28T17:15:00Z,2026-05-28T19:15:00+0200,1526.71846,MW,DE,DE_LU,forecast_onshore_wind_generation,Wind Onshore,2026-06-10T05:22:42Z
2026-06-10T05:21:31Z,2026-06-10T07:21:31+0200,3782c388-ddaf-4035-9ca0-973a72568e07,2026-05-28T17:30:00Z,2026-05-28T19:30:00+0200,1552.62577,MW,DE,DE_LU,forecast_onshore_wind_generation,Wind Onshore,2026-06-10T05:22:42Z
2026-06-10T05:21:31Z,2026-06-10T07:21:31+0200,3782c388-ddaf-4035-9ca0-973a72568e07,2026-05-28T17:45:00Z,2026-05-28T19:45:00+0200,1580.73569,MW,DE,DE_LU,forecast_onshore_wind_generation,Wind Onshore,2026-06-10T05:22:42Z
2026-06-10T05:21:31Z,2026-06-10T07:21:31+0200,3782c388-ddaf-4035-9ca0-973a72568e07,2026-05-28T18:00:00Z,2026-05-28T20:00:00+0200,1611.3295,MW,DE,DE_LU,forecast_onshore_wind_generation,Wind Onshore,2026-06-10T05:22:42Z
2026-06-10T05:21:31Z,2026-06-10T07:21:31+0200,3782c388-ddaf-4035-9ca0-973a72568e07,2026-05-28T18:15:00Z,2026-05-28T20:15:00+0200,1725.48842,MW,DE,DE_LU,forecast_onshore_wind_generation,Wind Onshore,2026-06-10T05:22:42Z
2026-06-10T05:21:31Z,2026-06-10T07:21:31+0200,3782c388-ddaf-4035-9ca0-973a72568e07,2026-05-28T18:30:00Z,2026-05-28T20:30:00+0200,1831.62917,MW,DE,DE_LU,forecast_onshore_wind_generation,Wind Onshore,2026-06-10T05:22:42Z
2026-06-10T05:21:31Z,2026-06-10T07:21:31+0200,3782c388-ddaf-4035-9ca0-973a72568e07,2026-05-28T18:45:00Z,2026-05-28T20:45:00+0200,1920.63355,MW,DE,DE_LU,forecast_onshore_wind_generation,Wind Onshore,2026-06-10T05:22:42Z
2026-06-10T05:21:31Z,2026-06-10T07:21:31+0200,3782c388-ddaf-4035-9ca0-973a72568e07,2026-05-28T19:00:00Z,2026-05-28T21:00:00+0200,1965.60535,MW,DE,DE_LU,forecast_onshore_wind_generation,Wind Onshore,2026-06-10T05:22:42Z
2026-06-10T05:21:31Z,2026-06-10T07:21:31+0200,3782c388-ddaf-4035-9ca0-973a72568e07,2026-05-28T19:15:00Z,2026-05-28T21:15:00+0200,2000.00527,MW,DE,DE_LU,forecast_onshore_wind_generation,Wind Onshore,2026-06-10T05:22:42Z
2026-06-10T05:21:31Z,2026-06-10T07:21:31+0200,3782c388-ddaf-4035-9ca0-973a72568e07,2026-05-28T19:30:00Z,2026-05-28T21:30:00+0200,2051.39046,MW,DE,DE_LU,forecast_onshore_wind_generation,Wind Onshore,2026-06-10T05:22:42Z
2026-06-10T05:21:31Z,2026-06-10T07:21:31+0200,3782c388-ddaf-4035-9ca0-973a72568e07,2026-05-28T19:45:00Z,2026-05-28T21:45:00+0200,2111.30727,MW,DE,DE_LU,forecast_onshore_wind_generation,Wind Onshore,2026-06-10T05:22:42Z
2026-06-10T05:21:31Z,2026-06-10T07:21:31+0200,3782c388-ddaf-4035-9ca0-973a72568e07,2026-05-28T20:00:00Z,2026-05-28T22:00:00+0200,2178.21515,MW,DE,DE_LU,forecast_onshore_wind_generation,Wind Onshore,2026-06-10T05:22:42Z
2026-06-10T05:21:31Z,2026-06-10T07:21:31+0200,3782c388-ddaf-4035-9ca0-973a72568e07,2026-05-28T20:15:00Z,2026-05-28T22:15:00+0200,2184.334,MW,DE,DE_LU,forecast_onshore_wind_generation,Wind Onshore,2026-06-10T05:22:42Z
2026-06-10T05:21:31Z,2026-06-10T07:21:31+0200,3782c388-ddaf-4035-9ca0-973a72568e07,2026-05-28T20:30:00Z,2026-05-28T22:30:00+0200,2192.37873,MW,DE,DE_LU,forecast_onshore_wind_generation,Wind Onshore,2026-06-10T05:22:42Z
2026-06-10T05:21:31Z,2026-06-10T07:21:31+0200,3782c388-ddaf-4035-9ca0-973a72568e07,2026-05-28T20:45:00Z,2026-05-28T22:45:00+0200,2195.5063,MW,DE,DE_LU,forecast_onshore_wind_generation,Wind Onshore,2026-06-10T05:22:42Z
2026-06-10T05:21:31Z,2026-06-10T07:21:31+0200,3782c388-ddaf-4035-9ca0-973a72568e07,2026-05-28T21:00:00Z,2026-05-28T23:00:00+0200,2197.80536,MW,DE,DE_LU,forecast_onshore_wind_generation,Wind Onshore,2026-06-10T05:22:42Z
2026-06-10T05:21:31Z,2026-06-10T07:21:31+0200,3782c388-ddaf-4035-9ca0-973a72568e07,2026-05-28T21:15:00Z,2026-05-28T23:15:00+0200,2192.66653,MW,DE,DE_LU,forecast_onshore_wind_generation,Wind Onshore,2026-06-10T05:22:42Z
2026-06-10T05:21:31Z,2026-06-10T07:21:31+0200,3782c388-ddaf-4035-9ca0-973a72568e07,2026-05-28T21:30:00Z,2026-05-28T23:30:00+0200,2186.36091,MW,DE,DE_LU,forecast_onshore_wind_generation,Wind Onshore,2026-06-10T05:22:42Z
2026-06-10T05:21:31Z,2026-06-10T07:21:31+0200,3782c388-ddaf-4035-9ca0-973a72568e07,2026-05-28T21:45:00Z,2026-05-28T23:45:00+0200,2182.18807,MW,DE,DE_LU,forecast_onshore_wind_generation,Wind Onshore,2026-06-10T05:22:42Z
2026-06-10T05:21:31Z,2026-06-10T07:21:31+0200,3782c388-ddaf-4035-9ca0-973a72568e07,2026-05-28T22:00:00Z,2026-05-29T00:00:00+0200,2151.09347,MW,DE,DE_LU,forecast_onshore_wind_generation,Wind Onshore,2026-06-10T05:22:42Z
2026-06-10T05:21:31Z,2026-06-10T07:21:31+0200,3782c388-ddaf-4035-9ca0-973a72568e07,2026-05-28T22:15:00Z,2026-05-29T00:15:00+0200,2176.61895,MW,DE,DE_LU,forecast_onshore_wind_generation,Wind Onshore,2026-06-10T05:22:42Z
2026-06-10T05:21:31Z,2026-06-10T07:21:31+0200,3782c388-ddaf-4035-9ca0-973a72568e07,2026-05-28T22:30:00Z,2026-05-29T00:30:00+0200,2201.43031,MW,DE,DE_LU,forecast_onshore_wind_generation,Wind Onshore,2026-06-10T05:22:42Z
2026-06-10T05:21:31Z,2026-06-10T07:21:31+0200,3782c388-ddaf-4035-9ca0-973a72568e07,2026-05-28T22:45:00Z,2026-05-29T00:45:00+0200,2224.86752,MW,DE,DE_LU,forecast_onshore_wind_generation,Wind Onshore,2026-06-10T05:22:42Z
2026-06-10T05:21:31Z,2026-06-10T07:21:31+0200,3782c388-ddaf-4035-9ca0-973a72568e07,2026-05-28T23:00:00Z,2026-05-29T01:00:00+0200,2265.16933,MW,DE,DE_LU,forecast_onshore_wind_generation,Wind Onshore,2026-06-10T05:22:42Z
2026-06-10T05:21:31Z,2026-06-10T07:21:31+0200,3782c388-ddaf-4035-9ca0-973a72568e07,2026-05-28T23:15:00Z,2026-05-29T01:15:00+0200,2349.54124,MW,DE,DE_LU,forecast_onshore_wind_generation,Wind Onshore,2026-06-10T05:22:42Z
2026-06-10T05:21:31Z,2026-06-10T07:21:31+0200,3782c388-ddaf-4035-9ca0-973a72568e07,2026-05-28T23:30:00Z,2026-05-29T01:30:00+0200,2446.80696,MW,DE,DE_LU,forecast_onshore_wind_generation,Wind Onshore,2026-06-10T05:22:42Z
2026-06-10T05:21:31Z,2026-06-10T07:21:31+0200,3782c388-ddaf-4035-9ca0-973a72568e07,2026-05-28T23:45:00Z,2026-05-29T01:45:00+0200,2558.93238,MW,DE,DE_LU,forecast_onshore_wind_generation,Wind Onshore,2026-06-10T05:22:42Z
2026-06-10T05:21:31Z,2026-06-10T07:21:31+0200,3782c388-ddaf-4035-9ca0-973a72568e07,2026-05-29T00:00:00Z,2026-05-29T02:00:00+0200,2699.05621,MW,DE,DE_LU,forecast_onshore_wind_generation,Wind Onshore,2026-06-10T05:22:42Z
2026-06-10T05:21:31Z,2026-06-10T07:21:31+0200,3782c388-ddaf-4035-9ca0-973a72568e07,2026-05-29T00:15:00Z,2026-05-29T02:15:00+0200,2829.75139,MW,DE,DE_LU,forecast_onshore_wind_generation,Wind Onshore,2026-06-10T05:22:42Z
2026-06-10T05:21:31Z,2026-06-10T07:21:31+0200,3782c388-ddaf-4035-9ca0-973a72568e07,2026-05-29T00:30:00Z,2026-05-29T02:30:00+0200,2943.83184,MW,DE,DE_LU,forecast_onshore_wind_generation,Wind Onshore,2026-06-10T05:22:42Z
2026-06-10T05:21:31Z,2026-06-10T07:21:31+0200,3782c388-ddaf-4035-9ca0-973a72568e07,2026-05-29T00:45:00Z,2026-05-29T02:45:00+0200,3052.63701,MW,DE,DE_LU,forecast_onshore_wind_generation,Wind Onshore,2026-06-10T05:22:42Z
2026-06-10T05:21:31Z,2026-06-10T07:21:31+0200,3782c388-ddaf-4035-9ca0-973a72568e07,2026-05-29T01:00:00Z,2026-05-29T03:00:00+0200,3157.38532,MW,DE,DE_LU,forecast_onshore_wind_generation,Wind Onshore,2026-06-10T05:22:42Z
2026-06-10T05:21:31Z,2026-06-10T07:21:31+0200,3782c388-ddaf-4035-9ca0-973a72568e07,2026-05-29T01:15:00Z,2026-05-29T03:15:00+0200,3281.7798,MW,DE,DE_LU,forecast_onshore_wind_generation,Wind Onshore,2026-06-10T05:22:42Z
2026-06-10T05:21:31Z,2026-06-10T07:21:31+0200,3782c388-ddaf-4035-9ca0-973a72568e07,2026-05-29T01:30:00Z,2026-05-29T03:30:00+0200,3407.76052,MW,DE,DE_LU,forecast_onshore_wind_generation,Wind Onshore,2026-06-10T05:22:42Z
2026-06-10T05:21:31Z,2026-06-10T07:21:31+0200,3782c388-ddaf-4035-9ca0-973a72568e07,2026-05-29T01:45:00Z,2026-05-29T03:45:00+0200,3535.0236,MW,DE,DE_LU,forecast_onshore_wind_generation,Wind Onshore,2026-06-10T05:22:42Z
2026-06-10T05:21:31Z,2026-06-10T07:21:31+0200,3782c388-ddaf-4035-9ca0-973a72568e07,2026-05-29T02:00:00Z,2026-05-29T04:00:00+0200,3667.44896,MW,DE,DE_LU,forecast_onshore_wind_generation,Wind Onshore,2026-06-10T05:22:42Z
2026-06-10T05:21:31Z,2026-06-10T07:21:31+0200,3782c388-ddaf-4035-9ca0-973a72568e07,2026-05-29T02:15:00Z,2026-05-29T04:15:00+0200,3805.54929,MW,DE,DE_LU,forecast_onshore_wind_generation,Wind Onshore,2026-06-10T05:22:42Z
2026-06-10T05:21:31Z,2026-06-10T07:21:31+0200,3782c388-ddaf-4035-9ca0-973a72568e07,2026-05-29T02:30:00Z,2026-05-29T04:30:00+0200,3942.50729,MW,DE,DE_LU,forecast_onshore_wind_generation,Wind Onshore,2026-06-10T05:22:42Z
2026-06-10T05:21:31Z,2026-06-10T07:21:31+0200,3782c388-ddaf-4035-9ca0-973a72568e07,2026-05-29T02:45:00Z,2026-05-29T04:45:00+0200,4078.6298,MW,DE,DE_LU,forecast_onshore_wind_generation,Wind Onshore,2026-06-10T05:22:42Z
2026-06-10T05:21:31Z,2026-06-10T07:21:31+0200,3782c388-ddaf-4035-9ca0-973a72568e07,2026-05-29T03:00:00Z,2026-05-29T05:00:00+0200,4207.00986,MW,DE,DE_LU,forecast_onshore_wind_generation,Wind Onshore,2026-06-10T05:22:42Z
2026-06-10T05:21:31Z,2026-06-10T07:21:31+0200,3782c388-ddaf-4035-9ca0-973a72568e07,2026-05-29T03:15:00Z,2026-05-29T05:15:00+0200,4308.0294,MW,DE,DE_LU,forecast_onshore_wind_generation,Wind Onshore,2026-06-10T05:22:42Z
2026-06-10T05:21:31Z,2026-06-10T07:21:31+0200,3782c388-ddaf-4035-9ca0-973a72568e07,2026-05-29T03:30:00Z,2026-05-29T05:30:00+0200,4409.53805,MW,DE,DE_LU,forecast_onshore_wind_generation,Wind Onshore,2026-06-10T05:22:42Z
2026-06-10T05:21:31Z,2026-06-10T07:21:31+0200,3782c388-ddaf-4035-9ca0-973a72568e07,2026-05-29T03:45:00Z,2026-05-29T05:45:00+0200,4511.87856,MW,DE,DE_LU,forecast_onshore_wind_generation,Wind Onshore,2026-06-10T05:22:42Z
2026-06-10T05:21:31Z,2026-06-10T07:21:31+0200,3782c388-ddaf-4035-9ca0-973a72568e07,2026-05-29T04:00:00Z,2026-05-29T06:00:00+0200,4630.00671,MW,DE,DE_LU,forecast_onshore_wind_generation,Wind Onshore,2026-06-10T05:22:42Z
2026-06-10T05:21:31Z,2026-06-10T07:21:31+0200,3782c388-ddaf-4035-9ca0-973a72568e07,2026-05-29T04:15:00Z,2026-05-29T06:15:00+0200,4665.99379,MW,DE,DE_LU,forecast_onshore_wind_generation,Wind Onshore,2026-06-10T05:22:42Z
2026-06-10T05:21:31Z,2026-06-10T07:21:31+0200,3782c388-ddaf-4035-9ca0-973a72568e07,2026-05-29T04:30:00Z,2026-05-29T06:30:00+0200,4701.99532,MW,DE,DE_LU,forecast_onshore_wind_generation,Wind Onshore,2026-06-10T05:22:42Z
2026-06-10T05:21:31Z,2026-06-10T07:21:31+0200,3782c388-ddaf-4035-9ca0-973a72568e07,2026-05-29T04:45:00Z,2026-05-29T06:45:00+0200,4740.82232,MW,DE,DE_LU,forecast_onshore_wind_generation,Wind Onshore,2026-06-10T05:22:42Z
2026-06-10T05:21:31Z,2026-06-10T07:21:31+0200,3782c388-ddaf-4035-9ca0-973a72568e07,2026-05-29T05:00:00Z,2026-05-29T07:00:00+0200,4771.98492,MW,DE,DE_LU,forecast_onshore_wind_generation,Wind Onshore,2026-06-10T05:22:42Z
2026-06-10T05:21:31Z,2026-06-10T07:21:31+0200,3782c388-ddaf-4035-9ca0-973a72568e07,2026-05-29T05:15:00Z,2026-05-29T07:15:00+0200,4595.06511,MW,DE,DE_LU,forecast_onshore_wind_generation,Wind Onshore,2026-06-10T05:22:42Z
2026-06-10T05:21:31Z,2026-06-10T07:21:31+0200,3782c388-ddaf-4035-9ca0-973a72568e07,2026-05-29T05:30:00Z,2026-05-29T07:30:00+0200,4450.48802,MW,DE,DE_LU,forecast_onshore_wind_generation,Wind Onshore,2026-06-10T05:22:42Z
2026-06-10T05:21:31Z,2026-06-10T07:21:31+0200,3782c388-ddaf-4035-9ca0-973a72568e07,2026-05-29T05:45:00Z,2026-05-29T07:45:00+0200,4355.44387,MW,DE,DE_LU,forecast_onshore_wind_generation,Wind Onshore,2026-06-10T05:22:42Z
2026-06-10T05:21:31Z,2026-06-10T07:21:31+0200,3782c388-ddaf-4035-9ca0-973a72568e07,2026-05-29T06:00:00Z,2026-05-29T08:00:00+0200,4202.02283,MW,DE,DE_LU,forecast_onshore_wind_generation,Wind Onshore,2026-06-10T05:22:42Z
2026-06-10T05:21:31Z,2026-06-10T07:21:31+0200,3782c388-ddaf-4035-9ca0-973a72568e07,2026-05-29T06:15:00Z,2026-05-29T08:15:00+0200,3867.76855,MW,DE,DE_LU,forecast_onshore_wind_generation,Wind Onshore,2026-06-10T05:22:42Z
2026-06-10T05:21:31Z,2026-06-10T07:21:31+0200,3782c388-ddaf-4035-9ca0-973a72568e07,2026-05-29T06:30:00Z,2026-05-29T08:30:00+0200,3479.40662,MW,DE,DE_LU,forecast_onshore_wind_generation,Wind Onshore,2026-06-10T05:22:42Z
2026-06-10T05:21:31Z,2026-06-10T07:21:31+0200,3782c388-ddaf-4035-9ca0-973a72568e07,2026-05-29T06:45:00Z,2026-05-29T08:45:00+0200,3066.92312,MW,DE,DE_LU,forecast_onshore_wind_generation,Wind Onshore,2026-06-10T05:22:42Z
2026-06-10T05:21:31Z,2026-06-10T07:21:31+0200,3782c388-ddaf-4035-9ca0-973a72568e07,2026-05-29T07:00:00Z,2026-05-29T09:00:00+0200,2672.96367,MW,DE,DE_LU,forecast_onshore_wind_generation,Wind Onshore,2026-06-10T05:22:42Z
2026-06-10T05:21:31Z,2026-06-10T07:21:31+0200,3782c388-ddaf-4035-9ca0-973a72568e07,2026-05-29T07:15:00Z,2026-05-29T09:15:00+0200,2570.86259,MW,DE,DE_LU,forecast_onshore_wind_generation,Wind Onshore,2026-06-10T05:22:42Z
2026-06-10T05:21:31Z,2026-06-10T07:21:31+0200,3782c388-ddaf-4035-9ca0-973a72568e07,2026-05-29T07:30:00Z,2026-05-29T09:30:00+0200,2469.37941,MW,DE,DE_LU,forecast_onshore_wind_generation,Wind Onshore,2026-06-10T05:22:42Z
2026-06-10T05:21:31Z,2026-06-10T07:21:31+0200,3782c388-ddaf-4035-9ca0-973a72568e07,2026-05-29T07:45:00Z,2026-05-29T09:45:00+0200,2363.99944,MW,DE,DE_LU,forecast_onshore_wind_generation,Wind Onshore,2026-06-10T05:22:42Z
2026-06-10T05:21:31Z,2026-06-10T07:21:31+0200,3782c388-ddaf-4035-9ca0-973a72568e07,2026-05-29T08:00:00Z,2026-05-29T10:00:00+0200,2266.41203,MW,DE,DE_LU,forecast_onshore_wind_generation,Wind Onshore,2026-06-10T05:22:42Z
2026-06-10T05:21:31Z,2026-06-10T07:21:31+0200,3782c388-ddaf-4035-9ca0-973a72568e07,2026-05-29T08:15:00Z,2026-05-29T10:15:00+0200,2249.3614,MW,DE,DE_LU,forecast_onshore_wind_generation,Wind Onshore,2026-06-10T05:22:42Z
2026-06-10T05:21:31Z,2026-06-10T07:21:31+0200,3782c388-ddaf-4035-9ca0-973a72568e07,2026-05-29T08:30:00Z,2026-05-29T10:30:00+0200,2227.61557,MW,DE,DE_LU,forecast_onshore_wind_generation,Wind Onshore,2026-06-10T05:22:42Z
2026-06-10T05:21:31Z,2026-06-10T07:21:31+0200,3782c388-ddaf-4035-9ca0-973a72568e07,2026-05-29T08:45:00Z,2026-05-29T10:45:00+0200,2187.54095,MW,DE,DE_LU,forecast_onshore_wind_generation,Wind Onshore,2026-06-10T05:22:42Z
2026-06-10T05:21:31Z,2026-06-10T07:21:31+0200,3782c388-ddaf-4035-9ca0-973a72568e07,2026-05-29T09:00:00Z,2026-05-29T11:00:00+0200,2136.32269,MW,DE,DE_LU,forecast_onshore_wind_generation,Wind Onshore,2026-06-10T05:22:42Z
2026-06-10T05:21:31Z,2026-06-10T07:21:31+0200,3782c388-ddaf-4035-9ca0-973a72568e07,2026-05-29T09:15:00Z,2026-05-29T11:15:00+0200,2097.26107,MW,DE,DE_LU,forecast_onshore_wind_generation,Wind Onshore,2026-06-10T05:22:42Z
2026-06-10T05:21:31Z,2026-06-10T07:21:31+0200,3782c388-ddaf-4035-9ca0-973a72568e07,2026-05-29T09:30:00Z,2026-05-29T11:30:00+0200,2058.99382,MW,DE,DE_LU,forecast_onshore_wind_generation,Wind Onshore,2026-06-10T05:22:42Z
2026-06-10T05:21:31Z,2026-06-10T07:21:31+0200,3782c388-ddaf-4035-9ca0-973a72568e07,2026-05-29T09:45:00Z,2026-05-29T11:45:00+0200,2041.50371,MW,DE,DE_LU,forecast_onshore_wind_generation,Wind Onshore,2026-06-10T05:22:42Z
2026-06-10T05:21:31Z,2026-06-10T07:21:31+0200,3782c388-ddaf-4035-9ca0-973a72568e07,2026-05-29T10:00:00Z,2026-05-29T12:00:00+0200,2064.04612,MW,DE,DE_LU,forecast_onshore_wind_generation,Wind Onshore,2026-06-10T05:22:42Z
2026-06-10T05:21:31Z,2026-06-10T07:21:31+0200,3782c388-ddaf-4035-9ca0-973a72568e07,2026-05-29T10:15:00Z,2026-05-29T12:15:00+0200,2100.81728,MW,DE,DE_LU,forecast_onshore_wind_generation,Wind Onshore,2026-06-10T05:22:42Z
2026-06-10T05:21:31Z,2026-06-10T07:21:31+0200,3782c388-ddaf-4035-9ca0-973a72568e07,2026-05-29T10:30:00Z,2026-05-29T12:30:00+0200,2134.89758,MW,DE,DE_LU,forecast_onshore_wind_generation,Wind Onshore,2026-06-10T05:22:42Z
2026-06-10T05:21:31Z,2026-06-10T07:21:31+0200,3782c388-ddaf-4035-9ca0-973a72568e07,2026-05-29T10:45:00Z,2026-05-29T12:45:00+0200,2172.8775,MW,DE,DE_LU,forecast_onshore_wind_generation,Wind Onshore,2026-06-10T05:22:42Z
2026-06-10T05:21:31Z,2026-06-10T07:21:31+0200,3782c388-ddaf-4035-9ca0-973a72568e07,2026-05-29T11:00:00Z,2026-05-29T13:00:00+0200,2227.59177,MW,DE,DE_LU,forecast_onshore_wind_generation,Wind Onshore,2026-06-10T05:22:42Z
2026-06-10T05:21:31Z,2026-06-10T07:21:31+0200,3782c388-ddaf-4035-9ca0-973a72568e07,2026-05-29T11:15:00Z,2026-05-29T13:15:00+0200,2275.33733,MW,DE,DE_LU,forecast_onshore_wind_generation,Wind Onshore,2026-06-10T05:22:42Z
2026-06-10T05:21:31Z,2026-06-10T07:21:31+0200,3782c388-ddaf-4035-9ca0-973a72568e07,2026-05-29T11:30:00Z,2026-05-29T13:30:00+0200,2329.8335,MW,DE,DE_LU,forecast_onshore_wind_generation,Wind Onshore,2026-06-10T05:22:42Z
2026-06-10T05:21:31Z,2026-06-10T07:21:31+0200,3782c388-ddaf-4035-9ca0-973a72568e07,2026-05-29T11:45:00Z,2026-05-29T13:45:00+0200,2392.50635,MW,DE,DE_LU,forecast_onshore_wind_generation,Wind Onshore,2026-06-10T05:22:42Z
2026-06-10T05:21:31Z,2026-06-10T07:21:31+0200,3782c388-ddaf-4035-9ca0-973a72568e07,2026-05-29T12:00:00Z,2026-05-29T14:00:00+0200,2540.73666,MW,DE,DE_LU,forecast_onshore_wind_generation,Wind Onshore,2026-06-10T05:22:42Z
2026-06-10T05:21:31Z,2026-06-10T07:21:31+0200,3782c388-ddaf-4035-9ca0-973a72568e07,2026-05-29T12:15:00Z,2026-05-29T14:15:00+0200,2695.0021,MW,DE,DE_LU,forecast_onshore_wind_generation,Wind Onshore,2026-06-10T05:22:42Z
2026-06-10T05:21:31Z,2026-06-10T07:21:31+0200,3782c388-ddaf-4035-9ca0-973a72568e07,2026-05-29T12:30:00Z,2026-05-29T14:30:00+0200,2855.15242,MW,DE,DE_LU,forecast_onshore_wind_generation,Wind Onshore,2026-06-10T05:22:42Z
2026-06-10T05:21:31Z,2026-06-10T07:21:31+0200,3782c388-ddaf-4035-9ca0-973a72568e07,2026-05-29T12:45:00Z,2026-05-29T14:45:00+0200,3027.63476,MW,DE,DE_LU,forecast_onshore_wind_generation,Wind Onshore,2026-06-10T05:22:42Z
2026-06-10T05:21:31Z,2026-06-10T07:21:31+0200,3782c388-ddaf-4035-9ca0-973a72568e07,2026-05-29T13:00:00Z,2026-05-29T15:00:00+0200,3209.02599,MW,DE,DE_LU,forecast_onshore_wind_generation,Wind Onshore,2026-06-10T05:22:42Z
2026-06-10T05:21:31Z,2026-06-10T07:21:31+0200,3782c388-ddaf-4035-9ca0-973a72568e07,2026-05-29T13:15:00Z,2026-05-29T15:15:00+0200,3457.37757,MW,DE,DE_LU,forecast_onshore_wind_generation,Wind Onshore,2026-06-10T05:22:42Z
2026-06-10T05:21:31Z,2026-06-10T07:21:31+0200,3782c388-ddaf-4035-9ca0-973a72568e07,2026-05-29T13:30:00Z,2026-05-29T15:30:00+0200,3790.71341,MW,DE,DE_LU,forecast_onshore_wind_generation,Wind Onshore,2026-06-10T05:22:42Z
2026-06-10T05:21:31Z,2026-06-10T07:21:31+0200,3782c388-ddaf-4035-9ca0-973a72568e07,2026-05-29T13:45:00Z,2026-05-29T15:45:00+0200,4088.0385,MW,DE,DE_LU,forecast_onshore_wind_generation,Wind Onshore,2026-06-10T05:22:42Z
2026-06-10T05:21:31Z,2026-06-10T07:21:31+0200,3782c388-ddaf-4035-9ca0-973a72568e07,2026-05-29T14:00:00Z,2026-05-29T16:00:00+0200,4394.97747,MW,DE,DE_LU,forecast_onshore_wind_generation,Wind Onshore,2026-06-10T05:22:42Z
2026-06-10T05:21:31Z,2026-06-10T07:21:31+0200,3782c388-ddaf-4035-9ca0-973a72568e07,2026-05-29T14:15:00Z,2026-05-29T16:15:00+0200,4630.46495,MW,DE,DE_LU,forecast_onshore_wind_generation,Wind Onshore,2026-06-10T05:22:42Z
2026-06-10T05:21:31Z,2026-06-10T07:21:31+0200,3782c388-ddaf-4035-9ca0-973a72568e07,2026-05-29T14:30:00Z,2026-05-29T16:30:00+0200,4798.65469,MW,DE,DE_LU,forecast_onshore_wind_generation,Wind Onshore,2026-06-10T05:22:42Z
2026-06-10T05:21:31Z,2026-06-10T07:21:31+0200,3782c388-ddaf-4035-9ca0-973a72568e07,2026-05-29T14:45:00Z,2026-05-29T16:45:00+0200,4948.74125,MW,DE,DE_LU,forecast_onshore_wind_generation,Wind Onshore,2026-06-10T05:22:42Z
2026-06-10T05:21:31Z,2026-06-10T07:21:31+0200,3782c388-ddaf-4035-9ca0-973a72568e07,2026-05-29T15:00:00Z,2026-05-29T17:00:00+0200,5083.79202,MW,DE,DE_LU,forecast_onshore_wind_generation,Wind Onshore,2026-06-10T05:22:42Z
2026-06-10T05:21:31Z,2026-06-10T07:21:31+0200,3782c388-ddaf-4035-9ca0-973a72568e07,2026-05-29T15:15:00Z,2026-05-29T17:15:00+0200,5262.39034,MW,DE,DE_LU,forecast_onshore_wind_generation,Wind Onshore,2026-06-10T05:22:42Z
2026-06-10T05:21:31Z,2026-06-10T07:21:31+0200,3782c388-ddaf-4035-9ca0-973a72568e07,2026-05-29T15:30:00Z,2026-05-29T17:30:00+0200,5411.89399,MW,DE,DE_LU,forecast_onshore_wind_generation,Wind Onshore,2026-06-10T05:22:42Z
2026-06-10T05:21:31Z,2026-06-10T07:21:31+0200,3782c388-ddaf-4035-9ca0-973a72568e07,2026-05-29T15:45:00Z,2026-05-29T17:45:00+0200,5552.29569,MW,DE,DE_LU,forecast_onshore_wind_generation,Wind Onshore,2026-06-10T05:22:42Z
2026-06-10T05:21:31Z,2026-06-10T07:21:31+0200,3782c388-ddaf-4035-9ca0-973a72568e07,2026-05-29T16:00:00Z,2026-05-29T18:00:00+0200,5669.25658,MW,DE,DE_LU,forecast_onshore_wind_generation,Wind Onshore,2026-06-10T05:22:42Z
2026-06-10T05:21:31Z,2026-06-10T07:21:31+0200,3782c388-ddaf-4035-9ca0-973a72568e07,2026-05-29T16:15:00Z,2026-05-29T18:15:00+0200,5658.61784,MW,DE,DE_LU,forecast_onshore_wind_generation,Wind Onshore,2026-06-10T05:22:42Z
2026-06-10T05:21:31Z,2026-06-10T07:21:31+0200,3782c388-ddaf-4035-9ca0-973a72568e07,2026-05-29T16:30:00Z,2026-05-29T18:30:00+0200,5628.18557,MW,DE,DE_LU,forecast_onshore_wind_generation,Wind Onshore,2026-06-10T05:22:42Z
2026-06-10T05:21:31Z,2026-06-10T07:21:31+0200,3782c388-ddaf-4035-9ca0-973a72568e07,2026-05-29T16:45:00Z,2026-05-29T18:45:00+0200,5599.7778,MW,DE,DE_LU,forecast_onshore_wind_generation,Wind Onshore,2026-06-10T05:22:42Z
2026-06-10T05:21:31Z,2026-06-10T07:21:31+0200,3782c388-ddaf-4035-9ca0-973a72568e07,2026-05-29T17:00:00Z,2026-05-29T19:00:00+0200,5568.65503,MW,DE,DE_LU,forecast_onshore_wind_generation,Wind Onshore,2026-06-10T05:22:42Z
2026-06-10T05:21:31Z,2026-06-10T07:21:31+0200,3782c388-ddaf-4035-9ca0-973a72568e07,2026-05-29T17:15:00Z,2026-05-29T19:15:00+0200,5596.66378,MW,DE,DE_LU,forecast_onshore_wind_generation,Wind Onshore,2026-06-10T05:22:42Z
2026-06-10T05:21:31Z,2026-06-10T07:21:31+0200,3782c388-ddaf-4035-9ca0-973a72568e07,2026-05-29T17:30:00Z,2026-05-29T19:30:00+0200,5626.52178,MW,DE,DE_LU,forecast_onshore_wind_generation,Wind Onshore,2026-06-10T05:22:42Z
2026-06-10T05:21:31Z,2026-06-10T07:21:31+0200,3782c388-ddaf-4035-9ca0-973a72568e07,2026-05-29T17:45:00Z,2026-05-29T19:45:00+0200,5646.73847,MW,DE,DE_LU,forecast_onshore_wind_generation,Wind Onshore,2026-06-10T05:22:42Z
2026-06-10T05:21:31Z,2026-06-10T07:21:31+0200,3782c388-ddaf-4035-9ca0-973a72568e07,2026-05-29T18:00:00Z,2026-05-29T20:00:00+0200,5658.16619,MW,DE,DE_LU,forecast_onshore_wind_generation,Wind Onshore,2026-06-10T05:22:42Z
2026-06-10T05:21:31Z,2026-06-10T07:21:31+0200,3782c388-ddaf-4035-9ca0-973a72568e07,2026-05-29T18:15:00Z,2026-05-29T20:15:00+0200,5907.03734,MW,DE,DE_LU,forecast_onshore_wind_generation,Wind Onshore,2026-06-10T05:22:42Z
2026-06-10T05:21:31Z,2026-06-10T07:21:31+0200,3782c388-ddaf-4035-9ca0-973a72568e07,2026-05-29T18:30:00Z,2026-05-29T20:30:00+0200,6142.92574,MW,DE,DE_LU,forecast_onshore_wind_generation,Wind Onshore,2026-06-10T05:22:42Z
2026-06-10T05:21:31Z,2026-06-10T07:21:31+0200,3782c388-ddaf-4035-9ca0-973a72568e07,2026-05-29T18:45:00Z,2026-05-29T20:45:00+0200,6326.571,MW,DE,DE_LU,forecast_onshore_wind_generation,Wind Onshore,2026-06-10T05:22:42Z
2026-06-10T05:21:31Z,2026-06-10T07:21:31+0200,3782c388-ddaf-4035-9ca0-973a72568e07,2026-05-29T19:00:00Z,2026-05-29T21:00:00+0200,6534.82558,MW,DE,DE_LU,forecast_onshore_wind_generation,Wind Onshore,2026-06-10T05:22:42Z
2026-06-10T05:21:31Z,2026-06-10T07:21:31+0200,3782c388-ddaf-4035-9ca0-973a72568e07,2026-05-29T19:15:00Z,2026-05-29T21:15:00+0200,6896.34871,MW,DE,DE_LU,forecast_onshore_wind_generation,Wind Onshore,2026-06-10T05:22:42Z
2026-06-10T05:21:31Z,2026-06-10T07:21:31+0200,3782c388-ddaf-4035-9ca0-973a72568e07,2026-05-29T19:30:00Z,2026-05-29T21:30:00+0200,7274.64794,MW,DE,DE_LU,forecast_onshore_wind_generation,Wind Onshore,2026-06-10T05:22:42Z
2026-06-10T05:21:31Z,2026-06-10T07:21:31+0200,3782c388-ddaf-4035-9ca0-973a72568e07,2026-05-29T19:45:00Z,2026-05-29T21:45:00+0200,7655.1947,MW,DE,DE_LU,forecast_onshore_wind_generation,Wind Onshore,2026-06-10T05:22:42Z
2026-06-10T05:21:31Z,2026-06-10T07:21:31+0200,3782c388-ddaf-4035-9ca0-973a72568e07,2026-05-29T20:00:00Z,2026-05-29T22:00:00+0200,8029.92712,MW,DE,DE_LU,forecast_onshore_wind_generation,Wind Onshore,2026-06-10T05:22:42Z
2026-06-10T05:21:31Z,2026-06-10T07:21:31+0200,3782c388-ddaf-4035-9ca0-973a72568e07,2026-05-29T20:15:00Z,2026-05-29T22:15:00+0200,8525.51823,MW,DE,DE_LU,forecast_onshore_wind_generation,Wind Onshore,2026-06-10T05:22:42Z
2026-06-10T05:21:31Z,2026-06-10T07:21:31+0200,3782c388-ddaf-4035-9ca0-973a72568e07,2026-05-29T20:30:00Z,2026-05-29T22:30:00+0200,8999.82726,MW,DE,DE_LU,forecast_onshore_wind_generation,Wind Onshore,2026-06-10T05:22:42Z
2026-06-10T05:21:31Z,2026-06-10T07:21:31+0200,3782c388-ddaf-4035-9ca0-973a72568e07,2026-05-29T20:45:00Z,2026-05-29T22:45:00+0200,9475.14892,MW,DE,DE_LU,forecast_onshore_wind_generation,Wind Onshore,2026-06-10T05:22:42Z
2026-06-10T05:21:31Z,2026-06-10T07:21:31+0200,3782c388-ddaf-4035-9ca0-973a72568e07,2026-05-29T21:00:00Z,2026-05-29T23:00:00+0200,9917.42431,MW,DE,DE_LU,forecast_onshore_wind_generation,Wind Onshore,2026-06-10T05:22:42Z
2026-06-10T05:21:31Z,2026-06-10T07:21:31+0200,3782c388-ddaf-4035-9ca0-973a72568e07,2026-05-29T21:15:00Z,2026-05-29T23:15:00+0200,10156.9948,MW,DE,DE_LU,forecast_onshore_wind_generation,Wind Onshore,2026-06-10T05:22:42Z
2026-06-10T05:21:31Z,2026-06-10T07:21:31+0200,3782c388-ddaf-4035-9ca0-973a72568e07,2026-05-29T21:30:00Z,2026-05-29T23:30:00+0200,10392.9926,MW,DE,DE_LU,forecast_onshore_wind_generation,Wind Onshore,2026-06-10T05:22:42Z
2026-06-10T05:21:31Z,2026-06-10T07:21:31+0200,3782c388-ddaf-4035-9ca0-973a72568e07,2026-05-29T21:45:00Z,2026-05-29T23:45:00+0200,10622.32312,MW,DE,DE_LU,forecast_onshore_wind_generation,Wind Onshore,2026-06-10T05:22:42Z
2026-06-10T05:21:31Z,2026-06-10T07:21:31+0200,3782c388-ddaf-4035-9ca0-973a72568e07,2026-05-29T22:00:00Z,2026-05-30T00:00:00+0200,10221.31116,MW,DE,DE_LU,forecast_onshore_wind_generation,Wind Onshore,2026-06-10T05:22:42Z
2026-06-10T05:21:31Z,2026-06-10T07:21:31+0200,3782c388-ddaf-4035-9ca0-973a72568e07,2026-05-29T22:15:00Z,2026-05-30T00:15:00+0200,10301.63538,MW,DE,DE_LU,forecast_onshore_wind_generation,Wind Onshore,2026-06-10T05:22:42Z
2026-06-10T05:21:31Z,2026-06-10T07:21:31+0200,3782c388-ddaf-4035-9ca0-973a72568e07,2026-05-29T22:30:00Z,2026-05-30T00:30:00+0200,10372.46818,MW,DE,DE_LU,forecast_onshore_wind_generation,Wind Onshore,2026-06-10T05:22:42Z
2026-06-10T05:21:31Z,2026-06-10T07:21:31+0200,3782c388-ddaf-4035-9ca0-973a72568e07,2026-05-29T22:45:00Z,2026-05-30T00:45:00+0200,10459.17194,MW,DE,DE_LU,forecast_onshore_wind_generation,Wind Onshore,2026-06-10T05:22:42Z
2026-06-10T05:21:31Z,2026-06-10T07:21:31+0200,3782c388-ddaf-4035-9ca0-973a72568e07,2026-05-29T23:00:00Z,2026-05-30T01:00:00+0200,10516.47086,MW,DE,DE_LU,forecast_onshore_wind_generation,Wind Onshore,2026-06-10T05:22:42Z
2026-06-10T05:21:31Z,2026-06-10T07:21:31+0200,3782c388-ddaf-4035-9ca0-973a72568e07,2026-05-29T23:15:00Z,2026-05-30T01:15:00+0200,10396.37997,MW,DE,DE_LU,forecast_onshore_wind_generation,Wind Onshore,2026-06-10T05:22:42Z
2026-06-10T05:21:31Z,2026-06-10T07:21:31+0200,3782c388-ddaf-4035-9ca0-973a72568e07,2026-05-29T23:30:00Z,2026-05-30T01:30:00+0200,10287.35635,MW,DE,DE_LU,forecast_onshore_wind_generation,Wind Onshore,2026-06-10T05:22:42Z
2026-06-10T05:21:31Z,2026-06-10T07:21:31+0200,3782c388-ddaf-4035-9ca0-973a72568e07,2026-05-29T23:45:00Z,2026-05-30T01:45:00+0200,10197.40429,MW,DE,DE_LU,forecast_onshore_wind_generation,Wind Onshore,2026-06-10T05:22:42Z
2026-06-10T05:21:31Z,2026-06-10T07:21:31+0200,3782c388-ddaf-4035-9ca0-973a72568e07,2026-05-30T00:00:00Z,2026-05-30T02:00:00+0200,10104.95319,MW,DE,DE_LU,forecast_onshore_wind_generation,Wind Onshore,2026-06-10T05:22:42Z
2026-06-10T05:21:31Z,2026-06-10T07:21:31+0200,3782c388-ddaf-4035-9ca0-973a72568e07,2026-05-30T00:15:00Z,2026-05-30T02:15:00+0200,10029.36917,MW,DE,DE_LU,forecast_onshore_wind_generation,Wind Onshore,2026-06-10T05:22:42Z
2026-06-10T05:21:31Z,2026-06-10T07:21:31+0200,3782c388-ddaf-4035-9ca0-973a72568e07,2026-05-30T00:30:00Z,2026-05-30T02:30:00+0200,9923.21722,MW,DE,DE_LU,forecast_onshore_wind_generation,Wind Onshore,2026-06-10T05:22:42Z
2026-06-10T05:21:31Z,2026-06-10T07:21:31+0200,3782c388-ddaf-4035-9ca0-973a72568e07,2026-05-30T00:45:00Z,2026-05-30T02:45:00+0200,9796.55232,MW,DE,DE_LU,forecast_onshore_wind_generation,Wind Onshore,2026-06-10T05:22:42Z
2026-06-10T05:21:31Z,2026-06-10T07:21:31+0200,3782c388-ddaf-4035-9ca0-973a72568e07,2026-05-30T01:00:00Z,2026-05-30T03:00:00+0200,9699.75747,MW,DE,DE_LU,forecast_onshore_wind_generation,Wind Onshore,2026-06-10T05:22:42Z
2026-06-10T05:21:31Z,2026-06-10T07:21:31+0200,3782c388-ddaf-4035-9ca0-973a72568e07,2026-05-30T01:15:00Z,2026-05-30T03:15:00+0200,9680.38836,MW,DE,DE_LU,forecast_onshore_wind_generation,Wind Onshore,2026-06-10T05:22:42Z
2026-06-10T05:21:31Z,2026-06-10T07:21:31+0200,3782c388-ddaf-4035-9ca0-973a72568e07,2026-05-30T01:30:00Z,2026-05-30T03:30:00+0200,9655.67799,MW,DE,DE_LU,forecast_onshore_wind_generation,Wind Onshore,2026-06-10T05:22:42Z
2026-06-10T05:21:31Z,2026-06-10T07:21:31+0200,3782c388-ddaf-4035-9ca0-973a72568e07,2026-05-30T01:45:00Z,2026-05-30T03:45:00+0200,9622.38214,MW,DE,DE_LU,forecast_onshore_wind_generation,Wind Onshore,2026-06-10T05:22:42Z
2026-06-10T05:21:31Z,2026-06-10T07:21:31+0200,3782c388-ddaf-4035-9ca0-973a72568e07,2026-05-30T02:00:00Z,2026-05-30T04:00:00+0200,9603.95577,MW,DE,DE_LU,forecast_onshore_wind_generation,Wind Onshore,2026-06-10T05:22:42Z
2026-06-10T05:21:31Z,2026-06-10T07:21:31+0200,3782c388-ddaf-4035-9ca0-973a72568e07,2026-05-30T02:15:00Z,2026-05-30T04:15:00+0200,9541.80513,MW,DE,DE_LU,forecast_onshore_wind_generation,Wind Onshore,2026-06-10T05:22:42Z
2026-06-10T05:21:31Z,2026-06-10T07:21:31+0200,3782c388-ddaf-4035-9ca0-973a72568e07,2026-05-30T02:30:00Z,2026-05-30T04:30:00+0200,9480.3124,MW,DE,DE_LU,forecast_onshore_wind_generation,Wind Onshore,2026-06-10T05:22:42Z
2026-06-10T05:21:31Z,2026-06-10T07:21:31+0200,3782c388-ddaf-4035-9ca0-973a72568e07,2026-05-30T02:45:00Z,2026-05-30T04:45:00+0200,9419.85234,MW,DE,DE_LU,forecast_onshore_wind_generation,Wind Onshore,2026-06-10T05:22:42Z
2026-06-10T05:21:31Z,2026-06-10T07:21:31+0200,3782c388-ddaf-4035-9ca0-973a72568e07,2026-05-30T03:00:00Z,2026-05-30T05:00:00+0200,9348.68835,MW,DE,DE_LU,forecast_onshore_wind_generation,Wind Onshore,2026-06-10T05:22:42Z
2026-06-10T05:21:31Z,2026-06-10T07:21:31+0200,3782c388-ddaf-4035-9ca0-973a72568e07,2026-05-30T03:15:00Z,2026-05-30T05:15:00+0200,9190.65257,MW,DE,DE_LU,forecast_onshore_wind_generation,Wind Onshore,2026-06-10T05:22:42Z
2026-06-10T05:21:31Z,2026-06-10T07:21:31+0200,3782c388-ddaf-4035-9ca0-973a72568e07,2026-05-30T03:30:00Z,2026-05-30T05:30:00+0200,9036.54955,MW,DE,DE_LU,forecast_onshore_wind_generation,Wind Onshore,2026-06-10T05:22:42Z
2026-06-10T05:21:31Z,2026-06-10T07:21:31+0200,3782c388-ddaf-4035-9ca0-973a72568e07,2026-05-30T03:45:00Z,2026-05-30T05:45:00+0200,8884.7237,MW,DE,DE_LU,forecast_onshore_wind_generation,Wind Onshore,2026-06-10T05:22:42Z
2026-06-10T05:21:31Z,2026-06-10T07:21:31+0200,3782c388-ddaf-4035-9ca0-973a72568e07,2026-05-30T04:00:00Z,2026-05-30T06:00:00+0200,8804.08101,MW,DE,DE_LU,forecast_onshore_wind_generation,Wind Onshore,2026-06-10T05:22:42Z
2026-06-10T05:21:31Z,2026-06-10T07:21:31+0200,3782c388-ddaf-4035-9ca0-973a72568e07,2026-05-30T04:15:00Z,2026-05-30T06:15:00+0200,8520.04408,MW,DE,DE_LU,forecast_onshore_wind_generation,Wind Onshore,2026-06-10T05:22:42Z
2026-06-10T05:21:31Z,2026-06-10T07:21:31+0200,3782c388-ddaf-4035-9ca0-973a72568e07,2026-05-30T04:30:00Z,2026-05-30T06:30:00+0200,8249.20996,MW,DE,DE_LU,forecast_onshore_wind_generation,Wind Onshore,2026-06-10T05:22:42Z
2026-06-10T05:21:31Z,2026-06-10T07:21:31+0200,3782c388-ddaf-4035-9ca0-973a72568e07,2026-05-30T04:45:00Z,2026-05-30T06:45:00+0200,7985.55641,MW,DE,DE_LU,forecast_onshore_wind_generation,Wind Onshore,2026-06-10T05:22:42Z
2026-06-10T05:21:31Z,2026-06-10T07:21:31+0200,3782c388-ddaf-4035-9ca0-973a72568e07,2026-05-30T05:00:00Z,2026-05-30T07:00:00+0200,7719.84106,MW,DE,DE_LU,forecast_onshore_wind_generation,Wind Onshore,2026-06-10T05:22:42Z
2026-06-10T05:21:31Z,2026-06-10T07:21:31+0200,3782c388-ddaf-4035-9ca0-973a72568e07,2026-05-30T05:15:00Z,2026-05-30T07:15:00+0200,7412.10063,MW,DE,DE_LU,forecast_onshore_wind_generation,Wind Onshore,2026-06-10T05:22:42Z
2026-06-10T05:21:31Z,2026-06-10T07:21:31+0200,3782c388-ddaf-4035-9ca0-973a72568e07,2026-05-30T05:30:00Z,2026-05-30T07:30:00+0200,7110.0305,MW,DE,DE_LU,forecast_onshore_wind_generation,Wind Onshore,2026-06-10T05:22:42Z
2026-06-10T05:21:31Z,2026-06-10T07:21:31+0200,3782c388-ddaf-4035-9ca0-973a72568e07,2026-05-30T05:45:00Z,2026-05-30T07:45:00+0200,6821.5216,MW,DE,DE_LU,forecast_onshore_wind_generation,Wind Onshore,2026-06-10T05:22:42Z
2026-06-10T05:21:31Z,2026-06-10T07:21:31+0200,3782c388-ddaf-4035-9ca0-973a72568e07,2026-05-30T06:00:00Z,2026-05-30T08:00:00+0200,6621.95278,MW,DE,DE_LU,forecast_onshore_wind_generation,Wind Onshore,2026-06-10T05:22:42Z
2026-06-10T05:21:31Z,2026-06-10T07:21:31+0200,3782c388-ddaf-4035-9ca0-973a72568e07,2026-05-30T06:15:00Z,2026-05-30T08:15:00+0200,6499.62797,MW,DE,DE_LU,forecast_onshore_wind_generation,Wind Onshore,2026-06-10T05:22:42Z
2026-06-10T05:21:31Z,2026-06-10T07:21:31+0200,3782c388-ddaf-4035-9ca0-973a72568e07,2026-05-30T06:30:00Z,2026-05-30T08:30:00+0200,6366.51517,MW,DE,DE_LU,forecast_onshore_wind_generation,Wind Onshore,2026-06-10T05:22:42Z
2026-06-10T05:21:31Z,2026-06-10T07:21:31+0200,3782c388-ddaf-4035-9ca0-973a72568e07,2026-05-30T06:45:00Z,2026-05-30T08:45:00+0200,6231.39345,MW,DE,DE_LU,forecast_onshore_wind_generation,Wind Onshore,2026-06-10T05:22:42Z
2026-06-10T05:21:31Z,2026-06-10T07:21:31+0200,3782c388-ddaf-4035-9ca0-973a72568e07,2026-05-30T07:00:00Z,2026-05-30T09:00:00+0200,6094.61378,MW,DE,DE_LU,forecast_onshore_wind_generation,Wind Onshore,2026-06-10T05:22:42Z
2026-06-10T05:21:31Z,2026-06-10T07:21:31+0200,3782c388-ddaf-4035-9ca0-973a72568e07,2026-05-30T07:15:00Z,2026-05-30T09:15:00+0200,6140.07122,MW,DE,DE_LU,forecast_onshore_wind_generation,Wind Onshore,2026-06-10T05:22:42Z
2026-06-10T05:21:31Z,2026-06-10T07:21:31+0200,3782c388-ddaf-4035-9ca0-973a72568e07,2026-05-30T07:30:00Z,2026-05-30T09:30:00+0200,6159.64734,MW,DE,DE_LU,forecast_onshore_wind_generation,Wind Onshore,2026-06-10T05:22:42Z
2026-06-10T05:21:31Z,2026-06-10T07:21:31+0200,3782c388-ddaf-4035-9ca0-973a72568e07,2026-05-30T07:45:00Z,2026-05-30T09:45:00+0200,6069.58301,MW,DE,DE_LU,forecast_onshore_wind_generation,Wind Onshore,2026-06-10T05:22:42Z
2026-06-10T05:21:31Z,2026-06-10T07:21:31+0200,3782c388-ddaf-4035-9ca0-973a72568e07,2026-05-30T08:00:00Z,2026-05-30T10:00:00+0200,6007.25575,MW,DE,DE_LU,forecast_onshore_wind_generation,Wind Onshore,2026-06-10T05:22:42Z
2026-06-10T05:21:31Z,2026-06-10T07:21:31+0200,3782c388-ddaf-4035-9ca0-973a72568e07,2026-05-30T08:15:00Z,2026-05-30T10:15:00+0200,6059.42668,MW,DE,DE_LU,forecast_onshore_wind_generation,Wind Onshore,2026-06-10T05:22:42Z
2026-06-10T05:21:31Z,2026-06-10T07:21:31+0200,3782c388-ddaf-4035-9ca0-973a72568e07,2026-05-30T08:30:00Z,2026-05-30T10:30:00+0200,6103.45102,MW,DE,DE_LU,forecast_onshore_wind_generation,Wind Onshore,2026-06-10T05:22:42Z
2026-06-10T05:21:31Z,2026-06-10T07:21:31+0200,3782c388-ddaf-4035-9ca0-973a72568e07,2026-05-30T08:45:00Z,2026-05-30T10:45:00+0200,6135.59467,MW,DE,DE_LU,forecast_onshore_wind_generation,Wind Onshore,2026-06-10T05:22:42Z
2026-06-10T05:21:31Z,2026-06-10T07:21:31+0200,3782c388-ddaf-4035-9ca0-973a72568e07,2026-05-30T09:00:00Z,2026-05-30T11:00:00+0200,6160.53456,MW,DE,DE_LU,forecast_onshore_wind_generation,Wind Onshore,2026-06-10T05:22:42Z
2026-06-10T05:21:31Z,2026-06-10T07:21:31+0200,3782c388-ddaf-4035-9ca0-973a72568e07,2026-05-30T09:15:00Z,2026-05-30T11:15:00+0200,6318.29593,MW,DE,DE_LU,forecast_onshore_wind_generation,Wind Onshore,2026-06-10T05:22:42Z
2026-06-10T05:21:31Z,2026-06-10T07:21:31+0200,3782c388-ddaf-4035-9ca0-973a72568e07,2026-05-30T09:30:00Z,2026-05-30T11:30:00+0200,6451.41622,MW,DE,DE_LU,forecast_onshore_wind_generation,Wind Onshore,2026-06-10T05:22:42Z
2026-06-10T05:21:31Z,2026-06-10T07:21:31+0200,3782c388-ddaf-4035-9ca0-973a72568e07,2026-05-30T09:45:00Z,2026-05-30T11:45:00+0200,6616.18848,MW,DE,DE_LU,forecast_onshore_wind_generation,Wind Onshore,2026-06-10T05:22:42Z
2026-06-10T05:21:31Z,2026-06-10T07:21:31+0200,3782c388-ddaf-4035-9ca0-973a72568e07,2026-05-30T10:00:00Z,2026-05-30T12:00:00+0200,6759.56602,MW,DE,DE_LU,forecast_onshore_wind_generation,Wind Onshore,2026-06-10T05:22:42Z
2026-06-10T05:21:31Z,2026-06-10T07:21:31+0200,3782c388-ddaf-4035-9ca0-973a72568e07,2026-05-30T10:15:00Z,2026-05-30T12:15:00+0200,6989.3668,MW,DE,DE_LU,forecast_onshore_wind_generation,Wind Onshore,2026-06-10T05:22:42Z
2026-06-10T05:21:31Z,2026-06-10T07:21:31+0200,3782c388-ddaf-4035-9ca0-973a72568e07,2026-05-30T10:30:00Z,2026-05-30T12:30:00+0200,7227.18414,MW,DE,DE_LU,forecast_onshore_wind_generation,Wind Onshore,2026-06-10T05:22:42Z
2026-06-10T05:21:31Z,2026-06-10T07:21:31+0200,3782c388-ddaf-4035-9ca0-973a72568e07,2026-05-30T10:45:00Z,2026-05-30T12:45:00+0200,7471.46619,MW,DE,DE_LU,forecast_onshore_wind_generation,Wind Onshore,2026-06-10T05:22:42Z
2026-06-10T05:21:31Z,2026-06-10T07:21:31+0200,3782c388-ddaf-4035-9ca0-973a72568e07,2026-05-30T11:00:00Z,2026-05-30T13:00:00+0200,7695.57093,MW,DE,DE_LU,forecast_onshore_wind_generation,Wind Onshore,2026-06-10T05:22:42Z
2026-06-10T05:21:31Z,2026-06-10T07:21:31+0200,3782c388-ddaf-4035-9ca0-973a72568e07,2026-05-30T11:15:00Z,2026-05-30T13:15:00+0200,7833.03083,MW,DE,DE_LU,forecast_onshore_wind_generation,Wind Onshore,2026-06-10T05:22:42Z
2026-06-10T05:21:31Z,2026-06-10T07:21:31+0200,3782c388-ddaf-4035-9ca0-973a72568e07,2026-05-30T11:30:00Z,2026-05-30T13:30:00+0200,8015.90795,MW,DE,DE_LU,forecast_onshore_wind_generation,Wind Onshore,2026-06-10T05:22:42Z
2026-06-10T05:21:31Z,2026-06-10T07:21:31+0200,3782c388-ddaf-4035-9ca0-973a72568e07,2026-05-30T11:45:00Z,2026-05-30T13:45:00+0200,8257.02464,MW,DE,DE_LU,forecast_onshore_wind_generation,Wind Onshore,2026-06-10T05:22:42Z
2026-06-10T05:21:31Z,2026-06-10T07:21:31+0200,3782c388-ddaf-4035-9ca0-973a72568e07,2026-05-30T12:00:00Z,2026-05-30T14:00:00+0200,8528.79621,MW,DE,DE_LU,forecast_onshore_wind_generation,Wind Onshore,2026-06-10T05:22:42Z
2026-06-10T05:21:31Z,2026-06-10T07:21:31+0200,3782c388-ddaf-4035-9ca0-973a72568e07,2026-05-30T12:15:00Z,2026-05-30T14:15:00+0200,8731.43703,MW,DE,DE_LU,forecast_onshore_wind_generation,Wind Onshore,2026-06-10T05:22:42Z
2026-06-10T05:21:31Z,2026-06-10T07:21:31+0200,3782c388-ddaf-4035-9ca0-973a72568e07,2026-05-30T12:30:00Z,2026-05-30T14:30:00+0200,8911.72824,MW,DE,DE_LU,forecast_onshore_wind_generation,Wind Onshore,2026-06-10T05:22:42Z
2026-06-10T05:21:31Z,2026-06-10T07:21:31+0200,3782c388-ddaf-4035-9ca0-973a72568e07,2026-05-30T12:45:00Z,2026-05-30T14:45:00+0200,9099.28947,MW,DE,DE_LU,forecast_onshore_wind_generation,Wind Onshore,2026-06-10T05:22:42Z
2026-06-10T05:21:31Z,2026-06-10T07:21:31+0200,3782c388-ddaf-4035-9ca0-973a72568e07,2026-05-30T13:00:00Z,2026-05-30T15:00:00+0200,9269.60811,MW,DE,DE_LU,forecast_onshore_wind_generation,Wind Onshore,2026-06-10T05:22:42Z
2026-06-10T05:21:31Z,2026-06-10T07:21:31+0200,3782c388-ddaf-4035-9ca0-973a72568e07,2026-05-30T13:15:00Z,2026-05-30T15:15:00+0200,9337.40391,MW,DE,DE_LU,forecast_onshore_wind_generation,Wind Onshore,2026-06-10T05:22:42Z
2026-06-10T05:21:31Z,2026-06-10T07:21:31+0200,3782c388-ddaf-4035-9ca0-973a72568e07,2026-05-30T13:30:00Z,2026-05-30T15:30:00+0200,9470.73903,MW,DE,DE_LU,forecast_onshore_wind_generation,Wind Onshore,2026-06-10T05:22:42Z
2026-06-10T05:21:31Z,2026-06-10T07:21:31+0200,3782c388-ddaf-4035-9ca0-973a72568e07,2026-05-30T13:45:00Z,2026-05-30T15:45:00+0200,9611.99142,MW,DE,DE_LU,forecast_onshore_wind_generation,Wind Onshore,2026-06-10T05:22:42Z
2026-06-10T05:21:31Z,2026-06-10T07:21:31+0200,3782c388-ddaf-4035-9ca0-973a72568e07,2026-05-30T14:00:00Z,2026-05-30T16:00:00+0200,9729.78279,MW,DE,DE_LU,forecast_onshore_wind_generation,Wind Onshore,2026-06-10T05:22:42Z
2026-06-10T05:21:31Z,2026-06-10T07:21:31+0200,3782c388-ddaf-4035-9ca0-973a72568e07,2026-05-30T14:15:00Z,2026-05-30T16:15:00+0200,9839.0546,MW,DE,DE_LU,forecast_onshore_wind_generation,Wind Onshore,2026-06-10T05:22:42Z
2026-06-10T05:21:31Z,2026-06-10T07:21:31+0200,3782c388-ddaf-4035-9ca0-973a72568e07,2026-05-30T14:30:00Z,2026-05-30T16:30:00+0200,9963.48027,MW,DE,DE_LU,forecast_onshore_wind_generation,Wind Onshore,2026-06-10T05:22:42Z
2026-06-10T05:21:31Z,2026-06-10T07:21:31+0200,3782c388-ddaf-4035-9ca0-973a72568e07,2026-05-30T14:45:00Z,2026-05-30T16:45:00+0200,10069.40545,MW,DE,DE_LU,forecast_onshore_wind_generation,Wind Onshore,2026-06-10T05:22:42Z
2026-06-10T05:21:31Z,2026-06-10T07:21:31+0200,3782c388-ddaf-4035-9ca0-973a72568e07,2026-05-30T15:00:00Z,2026-05-30T17:00:00+0200,10132.05807,MW,DE,DE_LU,forecast_onshore_wind_generation,Wind Onshore,2026-06-10T05:22:42Z
2026-06-10T05:21:31Z,2026-06-10T07:21:31+0200,3782c388-ddaf-4035-9ca0-973a72568e07,2026-05-30T15:15:00Z,2026-05-30T17:15:00+0200,10155.71166,MW,DE,DE_LU,forecast_onshore_wind_generation,Wind Onshore,2026-06-10T05:22:42Z
2026-06-10T05:21:31Z,2026-06-10T07:21:31+0200,3782c388-ddaf-4035-9ca0-973a72568e07,2026-05-30T15:30:00Z,2026-05-30T17:30:00+0200,9955.06618,MW,DE,DE_LU,forecast_onshore_wind_generation,Wind Onshore,2026-06-10T05:22:42Z
2026-06-10T05:21:31Z,2026-06-10T07:21:31+0200,3782c388-ddaf-4035-9ca0-973a72568e07,2026-05-30T15:45:00Z,2026-05-30T17:45:00+0200,9738.82843,MW,DE,DE_LU,forecast_onshore_wind_generation,Wind Onshore,2026-06-10T05:22:42Z
2026-06-10T05:21:31Z,2026-06-10T07:21:31+0200,3782c388-ddaf-4035-9ca0-973a72568e07,2026-05-30T16:00:00Z,2026-05-30T18:00:00+0200,9503.01226,MW,DE,DE_LU,forecast_onshore_wind_generation,Wind Onshore,2026-06-10T05:22:42Z
2026-06-10T05:21:31Z,2026-06-10T07:21:31+0200,3782c388-ddaf-4035-9ca0-973a72568e07,2026-05-30T16:15:00Z,2026-05-30T18:15:00+0200,9147.82774,MW,DE,DE_LU,forecast_onshore_wind_generation,Wind Onshore,2026-06-10T05:22:42Z
2026-06-10T05:21:31Z,2026-06-10T07:21:31+0200,3782c388-ddaf-4035-9ca0-973a72568e07,2026-05-30T16:30:00Z,2026-05-30T18:30:00+0200,8790.62616,MW,DE,DE_LU,forecast_onshore_wind_generation,Wind Onshore,2026-06-10T05:22:42Z
2026-06-10T05:21:31Z,2026-06-10T07:21:31+0200,3782c388-ddaf-4035-9ca0-973a72568e07,2026-05-30T16:45:00Z,2026-05-30T18:45:00+0200,8429.4696,MW,DE,DE_LU,forecast_onshore_wind_generation,Wind Onshore,2026-06-10T05:22:42Z
2026-06-10T05:21:31Z,2026-06-10T07:21:31+0200,3782c388-ddaf-4035-9ca0-973a72568e07,2026-05-30T17:00:00Z,2026-05-30T19:00:00+0200,8057.16058,MW,DE,DE_LU,forecast_onshore_wind_generation,Wind Onshore,2026-06-10T05:22:42Z
2026-06-10T05:21:31Z,2026-06-10T07:21:31+0200,3782c388-ddaf-4035-9ca0-973a72568e07,2026-05-30T17:15:00Z,2026-05-30T19:15:00+0200,7686.49321,MW,DE,DE_LU,forecast_onshore_wind_generation,Wind Onshore,2026-06-10T05:22:42Z
2026-06-10T05:21:31Z,2026-06-10T07:21:31+0200,3782c388-ddaf-4035-9ca0-973a72568e07,2026-05-30T17:30:00Z,2026-05-30T19:30:00+0200,7311.46845,MW,DE,DE_LU,forecast_onshore_wind_generation,Wind Onshore,2026-06-10T05:22:42Z
2026-06-10T05:21:31Z,2026-06-10T07:21:31+0200,3782c388-ddaf-4035-9ca0-973a72568e07,2026-05-30T17:45:00Z,2026-05-30T19:45:00+0200,6925.13669,MW,DE,DE_LU,forecast_onshore_wind_generation,Wind Onshore,2026-06-10T05:22:42Z
2026-06-10T05:21:31Z,2026-06-10T07:21:31+0200,3782c388-ddaf-4035-9ca0-973a72568e07,2026-05-30T18:00:00Z,2026-05-30T20:00:00+0200,6549.57206,MW,DE,DE_LU,forecast_onshore_wind_generation,Wind Onshore,2026-06-10T05:22:42Z
2026-06-10T05:21:31Z,2026-06-10T07:21:31+0200,3782c388-ddaf-4035-9ca0-973a72568e07,2026-05-30T18:15:00Z,2026-05-30T20:15:00+0200,6333.9137,MW,DE,DE_LU,forecast_onshore_wind_generation,Wind Onshore,2026-06-10T05:22:42Z
2026-06-10T05:21:31Z,2026-06-10T07:21:31+0200,3782c388-ddaf-4035-9ca0-973a72568e07,2026-05-30T18:30:00Z,2026-05-30T20:30:00+0200,6099.87105,MW,DE,DE_LU,forecast_onshore_wind_generation,Wind Onshore,2026-06-10T05:22:42Z
2026-06-10T05:21:31Z,2026-06-10T07:21:31+0200,3782c388-ddaf-4035-9ca0-973a72568e07,2026-05-30T18:45:00Z,2026-05-30T20:45:00+0200,5813.77181,MW,DE,DE_LU,forecast_onshore_wind_generation,Wind Onshore,2026-06-10T05:22:42Z
2026-06-10T05:21:31Z,2026-06-10T07:21:31+0200,3782c388-ddaf-4035-9ca0-973a72568e07,2026-05-30T19:00:00Z,2026-05-30T21:00:00+0200,5577.81827,MW,DE,DE_LU,forecast_onshore_wind_generation,Wind Onshore,2026-06-10T05:22:42Z
2026-06-10T05:21:31Z,2026-06-10T07:21:31+0200,3782c388-ddaf-4035-9ca0-973a72568e07,2026-05-30T19:15:00Z,2026-05-30T21:15:00+0200,5547.64584,MW,DE,DE_LU,forecast_onshore_wind_generation,Wind Onshore,2026-06-10T05:22:42Z
2026-06-10T05:21:31Z,2026-06-10T07:21:31+0200,3782c388-ddaf-4035-9ca0-973a72568e07,2026-05-30T19:30:00Z,2026-05-30T21:30:00+0200,5574.87262,MW,DE,DE_LU,forecast_onshore_wind_generation,Wind Onshore,2026-06-10T05:22:42Z
2026-06-10T05:21:31Z,2026-06-10T07:21:31+0200,3782c388-ddaf-4035-9ca0-973a72568e07,2026-05-30T19:45:00Z,2026-05-30T21:45:00+0200,5627.2467,MW,DE,DE_LU,forecast_onshore_wind_generation,Wind Onshore,2026-06-10T05:22:42Z
2026-06-10T05:21:31Z,2026-06-10T07:21:31+0200,3782c388-ddaf-4035-9ca0-973a72568e07,2026-05-30T20:00:00Z,2026-05-30T22:00:00+0200,5640.6635,MW,DE,DE_LU,forecast_onshore_wind_generation,Wind Onshore,2026-06-10T05:22:42Z
2026-06-10T05:21:31Z,2026-06-10T07:21:31+0200,3782c388-ddaf-4035-9ca0-973a72568e07,2026-05-30T20:15:00Z,2026-05-30T22:15:00+0200,5659.97918,MW,DE,DE_LU,forecast_onshore_wind_generation,Wind Onshore,2026-06-10T05:22:42Z
2026-06-10T05:21:31Z,2026-06-10T07:21:31+0200,3782c388-ddaf-4035-9ca0-973a72568e07,2026-05-30T20:30:00Z,2026-05-30T22:30:00+0200,5672.44534,MW,DE,DE_LU,forecast_onshore_wind_generation,Wind Onshore,2026-06-10T05:22:42Z
2026-06-10T05:21:31Z,2026-06-10T07:21:31+0200,3782c388-ddaf-4035-9ca0-973a72568e07,2026-05-30T20:45:00Z,2026-05-30T22:45:00+0200,5682.71464,MW,DE,DE_LU,forecast_onshore_wind_generation,Wind Onshore,2026-06-10T05:22:42Z
2026-06-10T05:21:31Z,2026-06-10T07:21:31+0200,3782c388-ddaf-4035-9ca0-973a72568e07,2026-05-30T21:00:00Z,2026-05-30T23:00:00+0200,5677.24063,MW,DE,DE_LU,forecast_onshore_wind_generation,Wind Onshore,2026-06-10T05:22:42Z
2026-06-10T05:21:31Z,2026-06-10T07:21:31+0200,3782c388-ddaf-4035-9ca0-973a72568e07,2026-05-30T21:15:00Z,2026-05-30T23:15:00+0200,5581.94933,MW,DE,DE_LU,forecast_onshore_wind_generation,Wind Onshore,2026-06-10T05:22:42Z
2026-06-10T05:21:31Z,2026-06-10T07:21:31+0200,3782c388-ddaf-4035-9ca0-973a72568e07,2026-05-30T21:30:00Z,2026-05-30T23:30:00+0200,5484.92567,MW,DE,DE_LU,forecast_onshore_wind_generation,Wind Onshore,2026-06-10T05:22:42Z
2026-06-10T05:21:31Z,2026-06-10T07:21:31+0200,3782c388-ddaf-4035-9ca0-973a72568e07,2026-05-30T21:45:00Z,2026-05-30T23:45:00+0200,5387.46215,MW,DE,DE_LU,forecast_onshore_wind_generation,Wind Onshore,2026-06-10T05:22:42Z
2026-06-10T05:21:31Z,2026-06-10T07:21:31+0200,3782c388-ddaf-4035-9ca0-973a72568e07,2026-05-30T22:00:00Z,2026-05-31T00:00:00+0200,5218.08313,MW,DE,DE_LU,forecast_onshore_wind_generation,Wind Onshore,2026-06-10T05:22:42Z
2026-06-10T05:21:31Z,2026-06-10T07:21:31+0200,3782c388-ddaf-4035-9ca0-973a72568e07,2026-05-30T22:15:00Z,2026-05-31T00:15:00+0200,5063.33591,MW,DE,DE_LU,forecast_onshore_wind_generation,Wind Onshore,2026-06-10T05:22:42Z
2026-06-10T05:21:31Z,2026-06-10T07:21:31+0200,3782c388-ddaf-4035-9ca0-973a72568e07,2026-05-30T22:30:00Z,2026-05-31T00:30:00+0200,4910.08536,MW,DE,DE_LU,forecast_onshore_wind_generation,Wind Onshore,2026-06-10T05:22:42Z
2026-06-10T05:21:31Z,2026-06-10T07:21:31+0200,3782c388-ddaf-4035-9ca0-973a72568e07,2026-05-30T22:45:00Z,2026-05-31T00:45:00+0200,4762.11409,MW,DE,DE_LU,forecast_onshore_wind_generation,Wind Onshore,2026-06-10T05:22:42Z
2026-06-10T05:21:31Z,2026-06-10T07:21:31+0200,3782c388-ddaf-4035-9ca0-973a72568e07,2026-05-30T23:00:00Z,2026-05-31T01:00:00+0200,4634.89516,MW,DE,DE_LU,forecast_onshore_wind_generation,Wind Onshore,2026-06-10T05:22:42Z
2026-06-10T05:21:31Z,2026-06-10T07:21:31+0200,3782c388-ddaf-4035-9ca0-973a72568e07,2026-05-30T23:15:00Z,2026-05-31T01:15:00+0200,4510.17594,MW,DE,DE_LU,forecast_onshore_wind_generation,Wind Onshore,2026-06-10T05:22:42Z
2026-06-10T05:21:31Z,2026-06-10T07:21:31+0200,3782c388-ddaf-4035-9ca0-973a72568e07,2026-05-30T23:30:00Z,2026-05-31T01:30:00+0200,4384.67992,MW,DE,DE_LU,forecast_onshore_wind_generation,Wind Onshore,2026-06-10T05:22:42Z
2026-06-10T05:21:31Z,2026-06-10T07:21:31+0200,3782c388-ddaf-4035-9ca0-973a72568e07,2026-05-30T23:45:00Z,2026-05-31T01:45:00+0200,4265.49943,MW,DE,DE_LU,forecast_onshore_wind_generation,Wind Onshore,2026-06-10T05:22:42Z
2026-06-10T05:21:31Z,2026-06-10T07:21:31+0200,3782c388-ddaf-4035-9ca0-973a72568e07,2026-05-31T00:00:00Z,2026-05-31T02:00:00+0200,4181.16655,MW,DE,DE_LU,forecast_onshore_wind_generation,Wind Onshore,2026-06-10T05:22:42Z
2026-06-10T05:21:31Z,2026-06-10T07:21:31+0200,3782c388-ddaf-4035-9ca0-973a72568e07,2026-05-31T00:15:00Z,2026-05-31T02:15:00+0200,4092.01923,MW,DE,DE_LU,forecast_onshore_wind_generation,Wind Onshore,2026-06-10T05:22:42Z
2026-06-10T05:21:31Z,2026-06-10T07:21:31+0200,3782c388-ddaf-4035-9ca0-973a72568e07,2026-05-31T00:30:00Z,2026-05-31T02:30:00+0200,3995.45058,MW,DE,DE_LU,forecast_onshore_wind_generation,Wind Onshore,2026-06-10T05:22:42Z
2026-06-10T05:21:31Z,2026-06-10T07:21:31+0200,3782c388-ddaf-4035-9ca0-973a72568e07,2026-05-31T00:45:00Z,2026-05-31T02:45:00+0200,3901.8378,MW,DE,DE_LU,forecast_onshore_wind_generation,Wind Onshore,2026-06-10T05:22:42Z
2026-06-10T05:21:31Z,2026-06-10T07:21:31+0200,3782c388-ddaf-4035-9ca0-973a72568e07,2026-05-31T01:00:00Z,2026-05-31T03:00:00+0200,3814.57518,MW,DE,DE_LU,forecast_onshore_wind_generation,Wind Onshore,2026-06-10T05:22:42Z
2026-06-10T05:21:31Z,2026-06-10T07:21:31+0200,3782c388-ddaf-4035-9ca0-973a72568e07,2026-05-31T01:15:00Z,2026-05-31T03:15:00+0200,3723.10952,MW,DE,DE_LU,forecast_onshore_wind_generation,Wind Onshore,2026-06-10T05:22:42Z
2026-06-10T05:21:31Z,2026-06-10T07:21:31+0200,3782c388-ddaf-4035-9ca0-973a72568e07,2026-05-31T01:30:00Z,2026-05-31T03:30:00+0200,3635.65463,MW,DE,DE_LU,forecast_onshore_wind_generation,Wind Onshore,2026-06-10T05:22:42Z
2026-06-10T05:21:31Z,2026-06-10T07:21:31+0200,3782c388-ddaf-4035-9ca0-973a72568e07,2026-05-31T01:45:00Z,2026-05-31T03:45:00+0200,3546.39985,MW,DE,DE_LU,forecast_onshore_wind_generation,Wind Onshore,2026-06-10T05:22:42Z
2026-06-10T05:21:31Z,2026-06-10T07:21:31+0200,3782c388-ddaf-4035-9ca0-973a72568e07,2026-05-31T02:00:00Z,2026-05-31T04:00:00+0200,3457.8392,MW,DE,DE_LU,forecast_onshore_wind_generation,Wind Onshore,2026-06-10T05:22:42Z
2026-06-10T05:21:31Z,2026-06-10T07:21:31+0200,3782c388-ddaf-4035-9ca0-973a72568e07,2026-05-31T02:15:00Z,2026-05-31T04:15:00+0200,3425.4768,MW,DE,DE_LU,forecast_onshore_wind_generation,Wind Onshore,2026-06-10T05:22:42Z
2026-06-10T05:21:31Z,2026-06-10T07:21:31+0200,3782c388-ddaf-4035-9ca0-973a72568e07,2026-05-31T02:30:00Z,2026-05-31T04:30:00+0200,3392.33546,MW,DE,DE_LU,forecast_onshore_wind_generation,Wind Onshore,2026-06-10T05:22:42Z
2026-06-10T05:21:31Z,2026-06-10T07:21:31+0200,3782c388-ddaf-4035-9ca0-973a72568e07,2026-05-31T02:45:00Z,2026-05-31T04:45:00+0200,3356.63176,MW,DE,DE_LU,forecast_onshore_wind_generation,Wind Onshore,2026-06-10T05:22:42Z
2026-06-10T05:21:31Z,2026-06-10T07:21:31+0200,3782c388-ddaf-4035-9ca0-973a72568e07,2026-05-31T03:00:00Z,2026-05-31T05:00:00+0200,3318.18428,MW,DE,DE_LU,forecast_onshore_wind_generation,Wind Onshore,2026-06-10T05:22:42Z
2026-06-10T05:21:31Z,2026-06-10T07:21:31+0200,3782c388-ddaf-4035-9ca0-973a72568e07,2026-05-31T03:15:00Z,2026-05-31T05:15:00+0200,3221.06067,MW,DE,DE_LU,forecast_onshore_wind_generation,Wind Onshore,2026-06-10T05:22:42Z
2026-06-10T05:21:31Z,2026-06-10T07:21:31+0200,3782c388-ddaf-4035-9ca0-973a72568e07,2026-05-31T03:30:00Z,2026-05-31T05:30:00+0200,3130.03711,MW,DE,DE_LU,forecast_onshore_wind_generation,Wind Onshore,2026-06-10T05:22:42Z
2026-06-10T05:21:31Z,2026-06-10T07:21:31+0200,3782c388-ddaf-4035-9ca0-973a72568e07,2026-05-31T03:45:00Z,2026-05-31T05:45:00+0200,3046.22663,MW,DE,DE_LU,forecast_onshore_wind_generation,Wind Onshore,2026-06-10T05:22:42Z
2026-06-10T05:21:31Z,2026-06-10T07:21:31+0200,3782c388-ddaf-4035-9ca0-973a72568e07,2026-05-31T04:00:00Z,2026-05-31T06:00:00+0200,2973.47954,MW,DE,DE_LU,forecast_onshore_wind_generation,Wind Onshore,2026-06-10T05:22:42Z
2026-06-10T05:21:31Z,2026-06-10T07:21:31+0200,3782c388-ddaf-4035-9ca0-973a72568e07,2026-05-31T04:15:00Z,2026-05-31T06:15:00+0200,2937.94632,MW,DE,DE_LU,forecast_onshore_wind_generation,Wind Onshore,2026-06-10T05:22:42Z
2026-06-10T05:21:31Z,2026-06-10T07:21:31+0200,3782c388-ddaf-4035-9ca0-973a72568e07,2026-05-31T04:30:00Z,2026-05-31T06:30:00+0200,2905.25973,MW,DE,DE_LU,forecast_onshore_wind_generation,Wind Onshore,2026-06-10T05:22:42Z
2026-06-10T05:21:31Z,2026-06-10T07:21:31+0200,3782c388-ddaf-4035-9ca0-973a72568e07,2026-05-31T04:45:00Z,2026-05-31T06:45:00+0200,2876.13256,MW,DE,DE_LU,forecast_onshore_wind_generation,Wind Onshore,2026-06-10T05:22:42Z
2026-06-10T05:21:31Z,2026-06-10T07:21:31+0200,3782c388-ddaf-4035-9ca0-973a72568e07,2026-05-31T05:00:00Z,2026-05-31T07:00:00+0200,2830.19725,MW,DE,DE_LU,forecast_onshore_wind_generation,Wind Onshore,2026-06-10T05:22:42Z
2026-06-10T05:21:31Z,2026-06-10T07:21:31+0200,3782c388-ddaf-4035-9ca0-973a72568e07,2026-05-31T05:15:00Z,2026-05-31T07:15:00+0200,2695.20086,MW,DE,DE_LU,forecast_onshore_wind_generation,Wind Onshore,2026-06-10T05:22:42Z
2026-06-10T05:21:31Z,2026-06-10T07:21:31+0200,3782c388-ddaf-4035-9ca0-973a72568e07,2026-05-31T05:30:00Z,2026-05-31T07:30:00+0200,2558.58095,MW,DE,DE_LU,forecast_onshore_wind_generation,Wind Onshore,2026-06-10T05:22:42Z
2026-06-10T05:21:31Z,2026-06-10T07:21:31+0200,3782c388-ddaf-4035-9ca0-973a72568e07,2026-05-31T05:45:00Z,2026-05-31T07:45:00+0200,2416.48259,MW,DE,DE_LU,forecast_onshore_wind_generation,Wind Onshore,2026-06-10T05:22:42Z
2026-06-10T05:21:31Z,2026-06-10T07:21:31+0200,3782c388-ddaf-4035-9ca0-973a72568e07,2026-05-31T06:00:00Z,2026-05-31T08:00:00+0200,2346.22288,MW,DE,DE_LU,forecast_onshore_wind_generation,Wind Onshore,2026-06-10T05:22:42Z
2026-06-10T05:21:31Z,2026-06-10T07:21:31+0200,3782c388-ddaf-4035-9ca0-973a72568e07,2026-05-31T06:15:00Z,2026-05-31T08:15:00+0200,2267.32631,MW,DE,DE_LU,forecast_onshore_wind_generation,Wind Onshore,2026-06-10T05:22:42Z
2026-06-10T05:21:31Z,2026-06-10T07:21:31+0200,3782c388-ddaf-4035-9ca0-973a72568e07,2026-05-31T06:30:00Z,2026-05-31T08:30:00+0200,2178.4348,MW,DE,DE_LU,forecast_onshore_wind_generation,Wind Onshore,2026-06-10T05:22:42Z
2026-06-10T05:21:31Z,2026-06-10T07:21:31+0200,3782c388-ddaf-4035-9ca0-973a72568e07,2026-05-31T06:45:00Z,2026-05-31T08:45:00+0200,2083.72338,MW,DE,DE_LU,forecast_onshore_wind_generation,Wind Onshore,2026-06-10T05:22:42Z
2026-06-10T05:21:31Z,2026-06-10T07:21:31+0200,3782c388-ddaf-4035-9ca0-973a72568e07,2026-05-31T07:00:00Z,2026-05-31T09:00:00+0200,1982.54438,MW,DE,DE_LU,forecast_onshore_wind_generation,Wind Onshore,2026-06-10T05:22:42Z
2026-06-10T05:21:31Z,2026-06-10T07:21:31+0200,3782c388-ddaf-4035-9ca0-973a72568e07,2026-05-31T07:15:00Z,2026-05-31T09:15:00+0200,2033.05367,MW,DE,DE_LU,forecast_onshore_wind_generation,Wind Onshore,2026-06-10T05:22:42Z
2026-06-10T05:21:31Z,2026-06-10T07:21:31+0200,3782c388-ddaf-4035-9ca0-973a72568e07,2026-05-31T07:30:00Z,2026-05-31T09:30:00+0200,2074.39884,MW,DE,DE_LU,forecast_onshore_wind_generation,Wind Onshore,2026-06-10T05:22:42Z
2026-06-10T05:21:31Z,2026-06-10T07:21:31+0200,3782c388-ddaf-4035-9ca0-973a72568e07,2026-05-31T07:45:00Z,2026-05-31T09:45:00+0200,2115.94149,MW,DE,DE_LU,forecast_onshore_wind_generation,Wind Onshore,2026-06-10T05:22:42Z
2026-06-10T05:21:31Z,2026-06-10T07:21:31+0200,3782c388-ddaf-4035-9ca0-973a72568e07,2026-05-31T08:00:00Z,2026-05-31T10:00:00+0200,2161.21656,MW,DE,DE_LU,forecast_onshore_wind_generation,Wind Onshore,2026-06-10T05:22:42Z
2026-06-10T05:21:31Z,2026-06-10T07:21:31+0200,3782c388-ddaf-4035-9ca0-973a72568e07,2026-05-31T08:15:00Z,2026-05-31T10:15:00+0200,2191.37992,MW,DE,DE_LU,forecast_onshore_wind_generation,Wind Onshore,2026-06-10T05:22:42Z
2026-06-10T05:21:31Z,2026-06-10T07:21:31+0200,3782c388-ddaf-4035-9ca0-973a72568e07,2026-05-31T08:30:00Z,2026-05-31T10:30:00+0200,2202.42726,MW,DE,DE_LU,forecast_onshore_wind_generation,Wind Onshore,2026-06-10T05:22:42Z
2026-06-10T05:21:31Z,2026-06-10T07:21:31+0200,3782c388-ddaf-4035-9ca0-973a72568e07,2026-05-31T08:45:00Z,2026-05-31T10:45:00+0200,2197.87962,MW,DE,DE_LU,forecast_onshore_wind_generation,Wind Onshore,2026-06-10T05:22:42Z
2026-06-10T05:21:31Z,2026-06-10T07:21:31+0200,3782c388-ddaf-4035-9ca0-973a72568e07,2026-05-31T09:00:00Z,2026-05-31T11:00:00+0200,2188.57678,MW,DE,DE_LU,forecast_onshore_wind_generation,Wind Onshore,2026-06-10T05:22:42Z
2026-06-10T05:21:31Z,2026-06-10T07:21:31+0200,3782c388-ddaf-4035-9ca0-973a72568e07,2026-05-31T09:15:00Z,2026-05-31T11:15:00+0200,2309.53917,MW,DE,DE_LU,forecast_onshore_wind_generation,Wind Onshore,2026-06-10T05:22:42Z
2026-06-10T05:21:31Z,2026-06-10T07:21:31+0200,3782c388-ddaf-4035-9ca0-973a72568e07,2026-05-31T09:30:00Z,2026-05-31T11:30:00+0200,2437.88714,MW,DE,DE_LU,forecast_onshore_wind_generation,Wind Onshore,2026-06-10T05:22:42Z
2026-06-10T05:21:31Z,2026-06-10T07:21:31+0200,3782c388-ddaf-4035-9ca0-973a72568e07,2026-05-31T09:45:00Z,2026-05-31T11:45:00+0200,2563.78633,MW,DE,DE_LU,forecast_onshore_wind_generation,Wind Onshore,2026-06-10T05:22:42Z
2026-06-10T05:21:31Z,2026-06-10T07:21:31+0200,3782c388-ddaf-4035-9ca0-973a72568e07,2026-05-31T10:00:00Z,2026-05-31T12:00:00+0200,2686.18118,MW,DE,DE_LU,forecast_onshore_wind_generation,Wind Onshore,2026-06-10T05:22:42Z
2026-06-10T05:21:31Z,2026-06-10T07:21:31+0200,3782c388-ddaf-4035-9ca0-973a72568e07,2026-05-31T10:15:00Z,2026-05-31T12:15:00+0200,2832.14234,MW,DE,DE_LU,forecast_onshore_wind_generation,Wind Onshore,2026-06-10T05:22:42Z
2026-06-10T05:21:31Z,2026-06-10T07:21:31+0200,3782c388-ddaf-4035-9ca0-973a72568e07,2026-05-31T10:30:00Z,2026-05-31T12:30:00+0200,2973.92509,MW,DE,DE_LU,forecast_onshore_wind_generation,Wind Onshore,2026-06-10T05:22:42Z
2026-06-10T05:21:31Z,2026-06-10T07:21:31+0200,3782c388-ddaf-4035-9ca0-973a72568e07,2026-05-31T10:45:00Z,2026-05-31T12:45:00+0200,3125.87345,MW,DE,DE_LU,forecast_onshore_wind_generation,Wind Onshore,2026-06-10T05:22:42Z
2026-06-10T05:21:31Z,2026-06-10T07:21:31+0200,3782c388-ddaf-4035-9ca0-973a72568e07,2026-05-31T11:00:00Z,2026-05-31T13:00:00+0200,3273.4503,MW,DE,DE_LU,forecast_onshore_wind_generation,Wind Onshore,2026-06-10T05:22:42Z
2026-06-10T05:21:31Z,2026-06-10T07:21:31+0200,3782c388-ddaf-4035-9ca0-973a72568e07,2026-05-31T11:15:00Z,2026-05-31T13:15:00+0200,3423.34715,MW,DE,DE_LU,forecast_onshore_wind_generation,Wind Onshore,2026-06-10T05:22:42Z
2026-06-10T05:21:31Z,2026-06-10T07:21:31+0200,3782c388-ddaf-4035-9ca0-973a72568e07,2026-05-31T11:30:00Z,2026-05-31T13:30:00+0200,3572.30008,MW,DE,DE_LU,forecast_onshore_wind_generation,Wind Onshore,2026-06-10T05:22:42Z
2026-06-10T05:21:31Z,2026-06-10T07:21:31+0200,3782c388-ddaf-4035-9ca0-973a72568e07,2026-05-31T11:45:00Z,2026-05-31T13:45:00+0200,3715.07413,MW,DE,DE_LU,forecast_onshore_wind_generation,Wind Onshore,2026-06-10T05:22:42Z
2026-06-10T05:21:31Z,2026-06-10T07:21:31+0200,3782c388-ddaf-4035-9ca0-973a72568e07,2026-05-31T12:00:00Z,2026-05-31T14:00:00+0200,3903.86591,MW,DE,DE_LU,forecast_onshore_wind_generation,Wind Onshore,2026-06-10T05:22:42Z
2026-06-10T05:21:31Z,2026-06-10T07:21:31+0200,3782c388-ddaf-4035-9ca0-973a72568e07,2026-05-31T12:15:00Z,2026-05-31T14:15:00+0200,4116.2685,MW,DE,DE_LU,forecast_onshore_wind_generation,Wind Onshore,2026-06-10T05:22:42Z
2026-06-10T05:21:31Z,2026-06-10T07:21:31+0200,3782c388-ddaf-4035-9ca0-973a72568e07,2026-05-31T12:30:00Z,2026-05-31T14:30:00+0200,4336.84835,MW,DE,DE_LU,forecast_onshore_wind_generation,Wind Onshore,2026-06-10T05:22:42Z
2026-06-10T05:21:31Z,2026-06-10T07:21:31+0200,3782c388-ddaf-4035-9ca0-973a72568e07,2026-05-31T12:45:00Z,2026-05-31T14:45:00+0200,4563.73212,MW,DE,DE_LU,forecast_onshore_wind_generation,Wind Onshore,2026-06-10T05:22:42Z
2026-06-10T05:21:31Z,2026-06-10T07:21:31+0200,3782c388-ddaf-4035-9ca0-973a72568e07,2026-05-31T13:00:00Z,2026-05-31T15:00:00+0200,4787.66038,MW,DE,DE_LU,forecast_onshore_wind_generation,Wind Onshore,2026-06-10T05:22:42Z
2026-06-10T05:21:31Z,2026-06-10T07:21:31+0200,3782c388-ddaf-4035-9ca0-973a72568e07,2026-05-31T13:15:00Z,2026-05-31T15:15:00+0200,5059.26625,MW,DE,DE_LU,forecast_onshore_wind_generation,Wind Onshore,2026-06-10T05:22:42Z
2026-06-10T05:21:31Z,2026-06-10T07:21:31+0200,3782c388-ddaf-4035-9ca0-973a72568e07,2026-05-31T13:30:00Z,2026-05-31T15:30:00+0200,5375.1645,MW,DE,DE_LU,forecast_onshore_wind_generation,Wind Onshore,2026-06-10T05:22:42Z
2026-06-10T05:21:31Z,2026-06-10T07:21:31+0200,3782c388-ddaf-4035-9ca0-973a72568e07,2026-05-31T13:45:00Z,2026-05-31T15:45:00+0200,5722.72297,MW,DE,DE_LU,forecast_onshore_wind_generation,Wind Onshore,2026-06-10T05:22:42Z
2026-06-10T05:21:31Z,2026-06-10T07:21:31+0200,3782c388-ddaf-4035-9ca0-973a72568e07,2026-05-31T14:00:00Z,2026-05-31T16:00:00+0200,6123.29075,MW,DE,DE_LU,forecast_onshore_wind_generation,Wind Onshore,2026-06-10T05:22:42Z
2026-06-10T05:21:31Z,2026-06-10T07:21:31+0200,3782c388-ddaf-4035-9ca0-973a72568e07,2026-05-31T14:15:00Z,2026-05-31T16:15:00+0200,6587.79263,MW,DE,DE_LU,forecast_onshore_wind_generation,Wind Onshore,2026-06-10T05:22:42Z
2026-06-10T05:21:31Z,2026-06-10T07:21:31+0200,3782c388-ddaf-4035-9ca0-973a72568e07,2026-05-31T14:30:00Z,2026-05-31T16:30:00+0200,6927.74406,MW,DE,DE_LU,forecast_onshore_wind_generation,Wind Onshore,2026-06-10T05:22:42Z
2026-06-10T05:21:31Z,2026-06-10T07:21:31+0200,3782c388-ddaf-4035-9ca0-973a72568e07,2026-05-31T14:45:00Z,2026-05-31T16:45:00+0200,7197.56472,MW,DE,DE_LU,forecast_onshore_wind_generation,Wind Onshore,2026-06-10T05:22:42Z
2026-06-10T05:21:31Z,2026-06-10T07:21:31+0200,3782c388-ddaf-4035-9ca0-973a72568e07,2026-05-31T15:00:00Z,2026-05-31T17:00:00+0200,7460.8499,MW,DE,DE_LU,forecast_onshore_wind_generation,Wind Onshore,2026-06-10T05:22:42Z
2026-06-10T05:21:31Z,2026-06-10T07:21:31+0200,3782c388-ddaf-4035-9ca0-973a72568e07,2026-05-31T15:15:00Z,2026-05-31T17:15:00+0200,7655.44524,MW,DE,DE_LU,forecast_onshore_wind_generation,Wind Onshore,2026-06-10T05:22:42Z
2026-06-10T05:21:31Z,2026-06-10T07:21:31+0200,3782c388-ddaf-4035-9ca0-973a72568e07,2026-05-31T15:30:00Z,2026-05-31T17:30:00+0200,7837.35337,MW,DE,DE_LU,forecast_onshore_wind_generation,Wind Onshore,2026-06-10T05:22:42Z
2026-06-10T05:21:31Z,2026-06-10T07:21:31+0200,3782c388-ddaf-4035-9ca0-973a72568e07,2026-05-31T15:45:00Z,2026-05-31T17:45:00+0200,8015.42957,MW,DE,DE_LU,forecast_onshore_wind_generation,Wind Onshore,2026-06-10T05:22:42Z
2026-06-10T05:21:31Z,2026-06-10T07:21:31+0200,3782c388-ddaf-4035-9ca0-973a72568e07,2026-05-31T16:00:00Z,2026-05-31T18:00:00+0200,8185.14264,MW,DE,DE_LU,forecast_onshore_wind_generation,Wind Onshore,2026-06-10T05:22:42Z
2026-06-10T05:21:31Z,2026-06-10T07:21:31+0200,3782c388-ddaf-4035-9ca0-973a72568e07,2026-05-31T16:15:00Z,2026-05-31T18:15:00+0200,8232.22974,MW,DE,DE_LU,forecast_onshore_wind_generation,Wind Onshore,2026-06-10T05:22:42Z
2026-06-10T05:21:31Z,2026-06-10T07:21:31+0200,3782c388-ddaf-4035-9ca0-973a72568e07,2026-05-31T16:30:00Z,2026-05-31T18:30:00+0200,8273.27889,MW,DE,DE_LU,forecast_onshore_wind_generation,Wind Onshore,2026-06-10T05:22:42Z
2026-06-10T05:21:31Z,2026-06-10T07:21:31+0200,3782c388-ddaf-4035-9ca0-973a72568e07,2026-05-31T16:45:00Z,2026-05-31T18:45:00+0200,8304.91162,MW,DE,DE_LU,forecast_onshore_wind_generation,Wind Onshore,2026-06-10T05:22:42Z
2026-06-10T05:21:31Z,2026-06-10T07:21:31+0200,3782c388-ddaf-4035-9ca0-973a72568e07,2026-05-31T17:00:00Z,2026-05-31T19:00:00+0200,8327.23875,MW,DE,DE_LU,forecast_onshore_wind_generation,Wind Onshore,2026-06-10T05:22:42Z
2026-06-10T05:21:31Z,2026-06-10T07:21:31+0200,3782c388-ddaf-4035-9ca0-973a72568e07,2026-05-31T17:15:00Z,2026-05-31T19:15:00+0200,8289.01472,MW,DE,DE_LU,forecast_onshore_wind_generation,Wind Onshore,2026-06-10T05:22:42Z
2026-06-10T05:21:31Z,2026-06-10T07:21:31+0200,3782c388-ddaf-4035-9ca0-973a72568e07,2026-05-31T17:30:00Z,2026-05-31T19:30:00+0200,8255.13556,MW,DE,DE_LU,forecast_onshore_wind_generation,Wind Onshore,2026-06-10T05:22:42Z
2026-06-10T05:21:31Z,2026-06-10T07:21:31+0200,3782c388-ddaf-4035-9ca0-973a72568e07,2026-05-31T17:45:00Z,2026-05-31T19:45:00+0200,8227.1468,MW,DE,DE_LU,forecast_onshore_wind_generation,Wind Onshore,2026-06-10T05:22:42Z
2026-06-10T05:21:31Z,2026-06-10T07:21:31+0200,3782c388-ddaf-4035-9ca0-973a72568e07,2026-05-31T18:00:00Z,2026-05-31T20:00:00+0200,8201.29849,MW,DE,DE_LU,forecast_onshore_wind_generation,Wind Onshore,2026-06-10T05:22:42Z
2026-06-10T05:21:31Z,2026-06-10T07:21:31+0200,3782c388-ddaf-4035-9ca0-973a72568e07,2026-05-31T18:15:00Z,2026-05-31T20:15:00+0200,8230.28073,MW,DE,DE_LU,forecast_onshore_wind_generation,Wind Onshore,2026-06-10T05:22:42Z
2026-06-10T05:21:31Z,2026-06-10T07:21:31+0200,3782c388-ddaf-4035-9ca0-973a72568e07,2026-05-31T18:30:00Z,2026-05-31T20:30:00+0200,8261.53597,MW,DE,DE_LU,forecast_onshore_wind_generation,Wind Onshore,2026-06-10T05:22:42Z
2026-06-10T05:21:31Z,2026-06-10T07:21:31+0200,3782c388-ddaf-4035-9ca0-973a72568e07,2026-05-31T18:45:00Z,2026-05-31T20:45:00+0200,8290.9088,MW,DE,DE_LU,forecast_onshore_wind_generation,Wind Onshore,2026-06-10T05:22:42Z
2026-06-10T05:21:31Z,2026-06-10T07:21:31+0200,3782c388-ddaf-4035-9ca0-973a72568e07,2026-05-31T19:00:00Z,2026-05-31T21:00:00+0200,8320.06469,MW,DE,DE_LU,forecast_onshore_wind_generation,Wind Onshore,2026-06-10T05:22:42Z
2026-06-10T05:21:31Z,2026-06-10T07:21:31+0200,3782c388-ddaf-4035-9ca0-973a72568e07,2026-05-31T19:15:00Z,2026-05-31T21:15:00+0200,8343.73201,MW,DE,DE_LU,forecast_onshore_wind_generation,Wind Onshore,2026-06-10T05:22:42Z
2026-06-10T05:21:31Z,2026-06-10T07:21:31+0200,3782c388-ddaf-4035-9ca0-973a72568e07,2026-05-31T19:30:00Z,2026-05-31T21:30:00+0200,8365.36812,MW,DE,DE_LU,forecast_onshore_wind_generation,Wind Onshore,2026-06-10T05:22:42Z
2026-06-10T05:21:31Z,2026-06-10T07:21:31+0200,3782c388-ddaf-4035-9ca0-973a72568e07,2026-05-31T19:45:00Z,2026-05-31T21:45:00+0200,8386.80733,MW,DE,DE_LU,forecast_onshore_wind_generation,Wind Onshore,2026-06-10T05:22:42Z
2026-06-10T05:21:31Z,2026-06-10T07:21:31+0200,3782c388-ddaf-4035-9ca0-973a72568e07,2026-05-31T20:00:00Z,2026-05-31T22:00:00+0200,8334.8294,MW,DE,DE_LU,forecast_onshore_wind_generation,Wind Onshore,2026-06-10T05:22:42Z
2026-06-10T05:21:31Z,2026-06-10T07:21:31+0200,3782c388-ddaf-4035-9ca0-973a72568e07,2026-05-31T20:15:00Z,2026-05-31T22:15:00+0200,8333.49622,MW,DE,DE_LU,forecast_onshore_wind_generation,Wind Onshore,2026-06-10T05:22:42Z
2026-06-10T05:21:31Z,2026-06-10T07:21:31+0200,3782c388-ddaf-4035-9ca0-973a72568e07,2026-05-31T20:30:00Z,2026-05-31T22:30:00+0200,8330.34226,MW,DE,DE_LU,forecast_onshore_wind_generation,Wind Onshore,2026-06-10T05:22:42Z
2026-06-10T05:21:31Z,2026-06-10T07:21:31+0200,3782c388-ddaf-4035-9ca0-973a72568e07,2026-05-31T20:45:00Z,2026-05-31T22:45:00+0200,8327.59015,MW,DE,DE_LU,forecast_onshore_wind_generation,Wind Onshore,2026-06-10T05:22:42Z
2026-06-10T05:21:31Z,2026-06-10T07:21:31+0200,3782c388-ddaf-4035-9ca0-973a72568e07,2026-05-31T21:00:00Z,2026-05-31T23:00:00+0200,8293.33144,MW,DE,DE_LU,forecast_onshore_wind_generation,Wind Onshore,2026-06-10T05:22:42Z
2026-06-10T05:21:31Z,2026-06-10T07:21:31+0200,3782c388-ddaf-4035-9ca0-973a72568e07,2026-05-31T21:15:00Z,2026-05-31T23:15:00+0200,8219.45075,MW,DE,DE_LU,forecast_onshore_wind_generation,Wind Onshore,2026-06-10T05:22:42Z
2026-06-10T05:21:31Z,2026-06-10T07:21:31+0200,3782c388-ddaf-4035-9ca0-973a72568e07,2026-05-31T21:30:00Z,2026-05-31T23:30:00+0200,8139.51903,MW,DE,DE_LU,forecast_onshore_wind_generation,Wind Onshore,2026-06-10T05:22:42Z
2026-06-10T05:21:31Z,2026-06-10T07:21:31+0200,3782c388-ddaf-4035-9ca0-973a72568e07,2026-05-31T21:45:00Z,2026-05-31T23:45:00+0200,8054.65406,MW,DE,DE_LU,forecast_onshore_wind_generation,Wind Onshore,2026-06-10T05:22:42Z
2026-06-10T05:21:31Z,2026-06-10T07:21:31+0200,3782c388-ddaf-4035-9ca0-973a72568e07,2026-05-31T22:00:00Z,2026-06-01T00:00:00+0200,7784.53699,MW,DE,DE_LU,forecast_onshore_wind_generation,Wind Onshore,2026-06-10T05:22:42Z
2026-06-10T05:21:31Z,2026-06-10T07:21:31+0200,3782c388-ddaf-4035-9ca0-973a72568e07,2026-05-31T22:15:00Z,2026-06-01T00:15:00+0200,7651.96636,MW,DE,DE_LU,forecast_onshore_wind_generation,Wind Onshore,2026-06-10T05:22:42Z
2026-06-10T05:21:31Z,2026-06-10T07:21:31+0200,3782c388-ddaf-4035-9ca0-973a72568e07,2026-05-31T22:30:00Z,2026-06-01T00:30:00+0200,7519.72088,MW,DE,DE_LU,forecast_onshore_wind_generation,Wind Onshore,2026-06-10T05:22:42Z
2026-06-10T05:21:31Z,2026-06-10T07:21:31+0200,3782c388-ddaf-4035-9ca0-973a72568e07,2026-05-31T22:45:00Z,2026-06-01T00:45:00+0200,7388.31905,MW,DE,DE_LU,forecast_onshore_wind_generation,Wind Onshore,2026-06-10T05:22:42Z
2026-06-10T05:21:31Z,2026-06-10T07:21:31+0200,3782c388-ddaf-4035-9ca0-973a72568e07,2026-05-31T23:00:00Z,2026-06-01T01:00:00+0200,7278.93445,MW,DE,DE_LU,forecast_onshore_wind_generation,Wind Onshore,2026-06-10T05:22:42Z
2026-06-10T05:21:31Z,2026-06-10T07:21:31+0200,3782c388-ddaf-4035-9ca0-973a72568e07,2026-05-31T23:15:00Z,2026-06-01T01:15:00+0200,7209.35424,MW,DE,DE_LU,forecast_onshore_wind_generation,Wind Onshore,2026-06-10T05:22:42Z
2026-06-10T05:21:31Z,2026-06-10T07:21:31+0200,3782c388-ddaf-4035-9ca0-973a72568e07,2026-05-31T23:30:00Z,2026-06-01T01:30:00+0200,7136.87888,MW,DE,DE_LU,forecast_onshore_wind_generation,Wind Onshore,2026-06-10T05:22:42Z
2026-06-10T05:21:31Z,2026-06-10T07:21:31+0200,3782c388-ddaf-4035-9ca0-973a72568e07,2026-05-31T23:45:00Z,2026-06-01T01:45:00+0200,7071.55468,MW,DE,DE_LU,forecast_onshore_wind_generation,Wind Onshore,2026-06-10T05:22:42Z
2026-06-10T05:21:31Z,2026-06-10T07:21:31+0200,3782c388-ddaf-4035-9ca0-973a72568e07,2026-06-01T00:00:00Z,2026-06-01T02:00:00+0200,7009.28242,MW,DE,DE_LU,forecast_onshore_wind_generation,Wind Onshore,2026-06-10T05:22:42Z
2026-06-10T05:21:31Z,2026-06-10T07:21:31+0200,3782c388-ddaf-4035-9ca0-973a72568e07,2026-06-01T00:15:00Z,2026-06-01T02:15:00+0200,6952.28066,MW,DE,DE_LU,forecast_onshore_wind_generation,Wind Onshore,2026-06-10T05:22:42Z
2026-06-10T05:21:31Z,2026-06-10T07:21:31+0200,3782c388-ddaf-4035-9ca0-973a72568e07,2026-06-01T00:30:00Z,2026-06-01T02:30:00+0200,6889.00278,MW,DE,DE_LU,forecast_onshore_wind_generation,Wind Onshore,2026-06-10T05:22:42Z
2026-06-10T05:21:31Z,2026-06-10T07:21:31+0200,3782c388-ddaf-4035-9ca0-973a72568e07,2026-06-01T00:45:00Z,2026-06-01T02:45:00+0200,6826.98326,MW,DE,DE_LU,forecast_onshore_wind_generation,Wind Onshore,2026-06-10T05:22:42Z
2026-06-10T05:21:31Z,2026-06-10T07:21:31+0200,3782c388-ddaf-4035-9ca0-973a72568e07,2026-06-01T01:00:00Z,2026-06-01T03:00:00+0200,6759.68097,MW,DE,DE_LU,forecast_onshore_wind_generation,Wind Onshore,2026-06-10T05:22:42Z
2026-06-10T05:21:31Z,2026-06-10T07:21:31+0200,3782c388-ddaf-4035-9ca0-973a72568e07,2026-06-01T01:15:00Z,2026-06-01T03:15:00+0200,6688.81788,MW,DE,DE_LU,forecast_onshore_wind_generation,Wind Onshore,2026-06-10T05:22:42Z
2026-06-10T05:21:31Z,2026-06-10T07:21:31+0200,3782c388-ddaf-4035-9ca0-973a72568e07,2026-06-01T01:30:00Z,2026-06-01T03:30:00+0200,6619.28135,MW,DE,DE_LU,forecast_onshore_wind_generation,Wind Onshore,2026-06-10T05:22:42Z
2026-06-10T05:21:31Z,2026-06-10T07:21:31+0200,3782c388-ddaf-4035-9ca0-973a72568e07,2026-06-01T01:45:00Z,2026-06-01T03:45:00+0200,6553.59247,MW,DE,DE_LU,forecast_onshore_wind_generation,Wind Onshore,2026-06-10T05:22:42Z
2026-06-10T05:21:31Z,2026-06-10T07:21:31+0200,3782c388-ddaf-4035-9ca0-973a72568e07,2026-06-01T02:00:00Z,2026-06-01T04:00:00+0200,6498.82411,MW,DE,DE_LU,forecast_onshore_wind_generation,Wind Onshore,2026-06-10T05:22:42Z
2026-06-10T05:21:31Z,2026-06-10T07:21:31+0200,3782c388-ddaf-4035-9ca0-973a72568e07,2026-06-01T02:15:00Z,2026-06-01T04:15:00+0200,6438.59866,MW,DE,DE_LU,forecast_onshore_wind_generation,Wind Onshore,2026-06-10T05:22:42Z
2026-06-10T05:21:31Z,2026-06-10T07:21:31+0200,3782c388-ddaf-4035-9ca0-973a72568e07,2026-06-01T02:30:00Z,2026-06-01T04:30:00+0200,6379.53885,MW,DE,DE_LU,forecast_onshore_wind_generation,Wind Onshore,2026-06-10T05:22:42Z
2026-06-10T05:21:31Z,2026-06-10T07:21:31+0200,3782c388-ddaf-4035-9ca0-973a72568e07,2026-06-01T02:45:00Z,2026-06-01T04:45:00+0200,6323.35479,MW,DE,DE_LU,forecast_onshore_wind_generation,Wind Onshore,2026-06-10T05:22:42Z
2026-06-10T05:21:31Z,2026-06-10T07:21:31+0200,3782c388-ddaf-4035-9ca0-973a72568e07,2026-06-01T03:00:00Z,2026-06-01T05:00:00+0200,6250.94546,MW,DE,DE_LU,forecast_onshore_wind_generation,Wind Onshore,2026-06-10T05:22:42Z
2026-06-10T05:21:31Z,2026-06-10T07:21:31+0200,3782c388-ddaf-4035-9ca0-973a72568e07,2026-06-01T03:15:00Z,2026-06-01T05:15:00+0200,6103.56584,MW,DE,DE_LU,forecast_onshore_wind_generation,Wind Onshore,2026-06-10T05:22:42Z
2026-06-10T05:21:31Z,2026-06-10T07:21:31+0200,3782c388-ddaf-4035-9ca0-973a72568e07,2026-06-01T03:30:00Z,2026-06-01T05:30:00+0200,5949.37536,MW,DE,DE_LU,forecast_onshore_wind_generation,Wind Onshore,2026-06-10T05:22:42Z
2026-06-10T05:21:31Z,2026-06-10T07:21:31+0200,3782c388-ddaf-4035-9ca0-973a72568e07,2026-06-01T03:45:00Z,2026-06-01T05:45:00+0200,5794.34978,MW,DE,DE_LU,forecast_onshore_wind_generation,Wind Onshore,2026-06-10T05:22:42Z
2026-06-10T05:21:31Z,2026-06-10T07:21:31+0200,3782c388-ddaf-4035-9ca0-973a72568e07,2026-06-01T04:00:00Z,2026-06-01T06:00:00+0200,5647.70909,MW,DE,DE_LU,forecast_onshore_wind_generation,Wind Onshore,2026-06-10T05:22:42Z
2026-06-10T05:21:31Z,2026-06-10T07:21:31+0200,3782c388-ddaf-4035-9ca0-973a72568e07,2026-06-01T04:15:00Z,2026-06-01T06:15:00+0200,5345.83139,MW,DE,DE_LU,forecast_onshore_wind_generation,Wind Onshore,2026-06-10T05:22:42Z
2026-06-10T05:21:31Z,2026-06-10T07:21:31+0200,3782c388-ddaf-4035-9ca0-973a72568e07,2026-06-01T04:30:00Z,2026-06-01T06:30:00+0200,5043.78098,MW,DE,DE_LU,forecast_onshore_wind_generation,Wind Onshore,2026-06-10T05:22:42Z
2026-06-10T05:21:31Z,2026-06-10T07:21:31+0200,3782c388-ddaf-4035-9ca0-973a72568e07,2026-06-01T04:45:00Z,2026-06-01T06:45:00+0200,4743.14579,MW,DE,DE_LU,forecast_onshore_wind_generation,Wind Onshore,2026-06-10T05:22:42Z
2026-06-10T05:21:31Z,2026-06-10T07:21:31+0200,3782c388-ddaf-4035-9ca0-973a72568e07,2026-06-01T05:00:00Z,2026-06-01T07:00:00+0200,4437.69258,MW,DE,DE_LU,forecast_onshore_wind_generation,Wind Onshore,2026-06-10T05:22:42Z
2026-06-10T05:21:31Z,2026-06-10T07:21:31+0200,3782c388-ddaf-4035-9ca0-973a72568e07,2026-06-01T05:15:00Z,2026-06-01T07:15:00+0200,4046.33307,MW,DE,DE_LU,forecast_onshore_wind_generation,Wind Onshore,2026-06-10T05:22:42Z
2026-06-10T05:21:31Z,2026-06-10T07:21:31+0200,3782c388-ddaf-4035-9ca0-973a72568e07,2026-06-01T05:30:00Z,2026-06-01T07:30:00+0200,3648.41527,MW,DE,DE_LU,forecast_onshore_wind_generation,Wind Onshore,2026-06-10T05:22:42Z
2026-06-10T05:21:31Z,2026-06-10T07:21:31+0200,3782c388-ddaf-4035-9ca0-973a72568e07,2026-06-01T05:45:00Z,2026-06-01T07:45:00+0200,3233.80916,MW,DE,DE_LU,forecast_onshore_wind_generation,Wind Onshore,2026-06-10T05:22:42Z
2026-06-10T05:21:31Z,2026-06-10T07:21:31+0200,3782c388-ddaf-4035-9ca0-973a72568e07,2026-06-01T06:00:00Z,2026-06-01T08:00:00+0200,2934.88092,MW,DE,DE_LU,forecast_onshore_wind_generation,Wind Onshore,2026-06-10T05:22:42Z
2026-06-10T05:21:31Z,2026-06-10T07:21:31+0200,3782c388-ddaf-4035-9ca0-973a72568e07,2026-06-01T06:15:00Z,2026-06-01T08:15:00+0200,2795.62554,MW,DE,DE_LU,forecast_onshore_wind_generation,Wind Onshore,2026-06-10T05:22:42Z
2026-06-10T05:21:31Z,2026-06-10T07:21:31+0200,3782c388-ddaf-4035-9ca0-973a72568e07,2026-06-01T06:30:00Z,2026-06-01T08:30:00+0200,2672.67528,MW,DE,DE_LU,forecast_onshore_wind_generation,Wind Onshore,2026-06-10T05:22:42Z
2026-06-10T05:21:31Z,2026-06-10T07:21:31+0200,3782c388-ddaf-4035-9ca0-973a72568e07,2026-06-01T06:45:00Z,2026-06-01T08:45:00+0200,2555.39553,MW,DE,DE_LU,forecast_onshore_wind_generation,Wind Onshore,2026-06-10T05:22:42Z
2026-06-10T05:21:31Z,2026-06-10T07:21:31+0200,3782c388-ddaf-4035-9ca0-973a72568e07,2026-06-01T07:00:00Z,2026-06-01T09:00:00+0200,2453.01529,MW,DE,DE_LU,forecast_onshore_wind_generation,Wind Onshore,2026-06-10T05:22:42Z
2026-06-10T05:21:31Z,2026-06-10T07:21:31+0200,3782c388-ddaf-4035-9ca0-973a72568e07,2026-06-01T07:15:00Z,2026-06-01T09:15:00+0200,2443.83381,MW,DE,DE_LU,forecast_onshore_wind_generation,Wind Onshore,2026-06-10T05:22:42Z
2026-06-10T05:21:31Z,2026-06-10T07:21:31+0200,3782c388-ddaf-4035-9ca0-973a72568e07,2026-06-01T07:30:00Z,2026-06-01T09:30:00+0200,2430.40898,MW,DE,DE_LU,forecast_onshore_wind_generation,Wind Onshore,2026-06-10T05:22:42Z
2026-06-10T05:21:31Z,2026-06-10T07:21:31+0200,3782c388-ddaf-4035-9ca0-973a72568e07,2026-06-01T07:45:00Z,2026-06-01T09:45:00+0200,2414.93203,MW,DE,DE_LU,forecast_onshore_wind_generation,Wind Onshore,2026-06-10T05:22:42Z
2026-06-10T05:21:31Z,2026-06-10T07:21:31+0200,3782c388-ddaf-4035-9ca0-973a72568e07,2026-06-01T08:00:00Z,2026-06-01T10:00:00+0200,2410.92163,MW,DE,DE_LU,forecast_onshore_wind_generation,Wind Onshore,2026-06-10T05:22:42Z
2026-06-10T05:21:31Z,2026-06-10T07:21:31+0200,3782c388-ddaf-4035-9ca0-973a72568e07,2026-06-01T08:15:00Z,2026-06-01T10:15:00+0200,2443.17384,MW,DE,DE_LU,forecast_onshore_wind_generation,Wind Onshore,2026-06-10T05:22:42Z
2026-06-10T05:21:31Z,2026-06-10T07:21:31+0200,3782c388-ddaf-4035-9ca0-973a72568e07,2026-06-01T08:30:00Z,2026-06-01T10:30:00+0200,2472.20599,MW,DE,DE_LU,forecast_onshore_wind_generation,Wind Onshore,2026-06-10T05:22:42Z
2026-06-10T05:21:31Z,2026-06-10T07:21:31+0200,3782c388-ddaf-4035-9ca0-973a72568e07,2026-06-01T08:45:00Z,2026-06-01T10:45:00+0200,2500.64688,MW,DE,DE_LU,forecast_onshore_wind_generation,Wind Onshore,2026-06-10T05:22:42Z
2026-06-10T05:21:31Z,2026-06-10T07:21:31+0200,3782c388-ddaf-4035-9ca0-973a72568e07,2026-06-01T09:00:00Z,2026-06-01T11:00:00+0200,2524.55211,MW,DE,DE_LU,forecast_onshore_wind_generation,Wind Onshore,2026-06-10T05:22:42Z
2026-06-10T05:21:31Z,2026-06-10T07:21:31+0200,3782c388-ddaf-4035-9ca0-973a72568e07,2026-06-01T09:15:00Z,2026-06-01T11:15:00+0200,2573.49505,MW,DE,DE_LU,forecast_onshore_wind_generation,Wind Onshore,2026-06-10T05:22:42Z
2026-06-10T05:21:31Z,2026-06-10T07:21:31+0200,3782c388-ddaf-4035-9ca0-973a72568e07,2026-06-01T09:30:00Z,2026-06-01T11:30:00+0200,2622.21604,MW,DE,DE_LU,forecast_onshore_wind_generation,Wind Onshore,2026-06-10T05:22:42Z
2026-06-10T05:21:31Z,2026-06-10T07:21:31+0200,3782c388-ddaf-4035-9ca0-973a72568e07,2026-06-01T09:45:00Z,2026-06-01T11:45:00+0200,2672.28084,MW,DE,DE_LU,forecast_onshore_wind_generation,Wind Onshore,2026-06-10T05:22:42Z
2026-06-10T05:21:31Z,2026-06-10T07:21:31+0200,3782c388-ddaf-4035-9ca0-973a72568e07,2026-06-01T10:00:00Z,2026-06-01T12:00:00+0200,2724.58425,MW,DE,DE_LU,forecast_onshore_wind_generation,Wind Onshore,2026-06-10T05:22:42Z
2026-06-10T05:21:31Z,2026-06-10T07:21:31+0200,3782c388-ddaf-4035-9ca0-973a72568e07,2026-06-01T10:15:00Z,2026-06-01T12:15:00+0200,2776.16149,MW,DE,DE_LU,forecast_onshore_wind_generation,Wind Onshore,2026-06-10T05:22:42Z
2026-06-10T05:21:31Z,2026-06-10T07:21:31+0200,3782c388-ddaf-4035-9ca0-973a72568e07,2026-06-01T10:30:00Z,2026-06-01T12:30:00+0200,2828.18285,MW,DE,DE_LU,forecast_onshore_wind_generation,Wind Onshore,2026-06-10T05:22:42Z
2026-06-10T05:21:31Z,2026-06-10T07:21:31+0200,3782c388-ddaf-4035-9ca0-973a72568e07,2026-06-01T10:45:00Z,2026-06-01T12:45:00+0200,2880.38641,MW,DE,DE_LU,forecast_onshore_wind_generation,Wind Onshore,2026-06-10T05:22:42Z
2026-06-10T05:21:31Z,2026-06-10T07:21:31+0200,3782c388-ddaf-4035-9ca0-973a72568e07,2026-06-01T11:00:00Z,2026-06-01T13:00:00+0200,2931.116,MW,DE,DE_LU,forecast_onshore_wind_generation,Wind Onshore,2026-06-10T05:22:42Z
2026-06-10T05:21:31Z,2026-06-10T07:21:31+0200,3782c388-ddaf-4035-9ca0-973a72568e07,2026-06-01T11:15:00Z,2026-06-01T13:15:00+0200,2954.56941,MW,DE,DE_LU,forecast_onshore_wind_generation,Wind Onshore,2026-06-10T05:22:42Z
2026-06-10T05:21:31Z,2026-06-10T07:21:31+0200,3782c388-ddaf-4035-9ca0-973a72568e07,2026-06-01T11:30:00Z,2026-06-01T13:30:00+0200,2987.4538,MW,DE,DE_LU,forecast_onshore_wind_generation,Wind Onshore,2026-06-10T05:22:42Z
2026-06-10T05:21:31Z,2026-06-10T07:21:31+0200,3782c388-ddaf-4035-9ca0-973a72568e07,2026-06-01T11:45:00Z,2026-06-01T13:45:00+0200,3038.91101,MW,DE,DE_LU,forecast_onshore_wind_generation,Wind Onshore,2026-06-10T05:22:42Z
2026-06-10T05:21:31Z,2026-06-10T07:21:31+0200,3782c388-ddaf-4035-9ca0-973a72568e07,2026-06-01T12:00:00Z,2026-06-01T14:00:00+0200,3086.73464,MW,DE,DE_LU,forecast_onshore_wind_generation,Wind Onshore,2026-06-10T05:22:42Z
2026-06-10T05:21:31Z,2026-06-10T07:21:31+0200,3782c388-ddaf-4035-9ca0-973a72568e07,2026-06-01T12:15:00Z,2026-06-01T14:15:00+0200,3079.30792,MW,DE,DE_LU,forecast_onshore_wind_generation,Wind Onshore,2026-06-10T05:22:42Z
2026-06-10T05:21:31Z,2026-06-10T07:21:31+0200,3782c388-ddaf-4035-9ca0-973a72568e07,2026-06-01T12:30:00Z,2026-06-01T14:30:00+0200,3054.64357,MW,DE,DE_LU,forecast_onshore_wind_generation,Wind Onshore,2026-06-10T05:22:42Z
2026-06-10T05:21:31Z,2026-06-10T07:21:31+0200,3782c388-ddaf-4035-9ca0-973a72568e07,2026-06-01T12:45:00Z,2026-06-01T14:45:00+0200,3019.47137,MW,DE,DE_LU,forecast_onshore_wind_generation,Wind Onshore,2026-06-10T05:22:42Z
2026-06-10T05:21:31Z,2026-06-10T07:21:31+0200,3782c388-ddaf-4035-9ca0-973a72568e07,2026-06-01T13:00:00Z,2026-06-01T15:00:00+0200,2975.96749,MW,DE,DE_LU,forecast_onshore_wind_generation,Wind Onshore,2026-06-10T05:22:42Z
2026-06-10T05:21:31Z,2026-06-10T07:21:31+0200,3782c388-ddaf-4035-9ca0-973a72568e07,2026-06-01T13:15:00Z,2026-06-01T15:15:00+0200,2864.95155,MW,DE,DE_LU,forecast_onshore_wind_generation,Wind Onshore,2026-06-10T05:22:42Z
2026-06-10T05:21:31Z,2026-06-10T07:21:31+0200,3782c388-ddaf-4035-9ca0-973a72568e07,2026-06-01T13:30:00Z,2026-06-01T15:30:00+0200,2751.46899,MW,DE,DE_LU,forecast_onshore_wind_generation,Wind Onshore,2026-06-10T05:22:42Z
2026-06-10T05:21:31Z,2026-06-10T07:21:31+0200,3782c388-ddaf-4035-9ca0-973a72568e07,2026-06-01T13:45:00Z,2026-06-01T15:45:00+0200,2637.44221,MW,DE,DE_LU,forecast_onshore_wind_generation,Wind Onshore,2026-06-10T05:22:42Z
2026-06-10T05:21:31Z,2026-06-10T07:21:31+0200,3782c388-ddaf-4035-9ca0-973a72568e07,2026-06-01T14:00:00Z,2026-06-01T16:00:00+0200,2519.58795,MW,DE,DE_LU,forecast_onshore_wind_generation,Wind Onshore,2026-06-10T05:22:42Z
2026-06-10T05:21:31Z,2026-06-10T07:21:31+0200,3782c388-ddaf-4035-9ca0-973a72568e07,2026-06-01T14:15:00Z,2026-06-01T16:15:00+0200,2389.83903,MW,DE,DE_LU,forecast_onshore_wind_generation,Wind Onshore,2026-06-10T05:22:42Z
2026-06-10T05:21:31Z,2026-06-10T07:21:31+0200,3782c388-ddaf-4035-9ca0-973a72568e07,2026-06-01T14:30:00Z,2026-06-01T16:30:00+0200,2255.57365,MW,DE,DE_LU,forecast_onshore_wind_generation,Wind Onshore,2026-06-10T05:22:42Z
2026-06-10T05:21:31Z,2026-06-10T07:21:31+0200,3782c388-ddaf-4035-9ca0-973a72568e07,2026-06-01T14:45:00Z,2026-06-01T16:45:00+0200,2122.9649,MW,DE,DE_LU,forecast_onshore_wind_generation,Wind Onshore,2026-06-10T05:22:42Z
2026-06-10T05:21:31Z,2026-06-10T07:21:31+0200,3782c388-ddaf-4035-9ca0-973a72568e07,2026-06-01T15:00:00Z,2026-06-01T17:00:00+0200,1986.26707,MW,DE,DE_LU,forecast_onshore_wind_generation,Wind Onshore,2026-06-10T05:22:42Z
2026-06-10T05:21:31Z,2026-06-10T07:21:31+0200,3782c388-ddaf-4035-9ca0-973a72568e07,2026-06-01T15:15:00Z,2026-06-01T17:15:00+0200,1861.53629,MW,DE,DE_LU,forecast_onshore_wind_generation,Wind Onshore,2026-06-10T05:22:42Z
2026-06-10T05:21:31Z,2026-06-10T07:21:31+0200,3782c388-ddaf-4035-9ca0-973a72568e07,2026-06-01T15:30:00Z,2026-06-01T17:30:00+0200,1732.65176,MW,DE,DE_LU,forecast_onshore_wind_generation,Wind Onshore,2026-06-10T05:22:42Z
2026-06-10T05:21:31Z,2026-06-10T07:21:31+0200,3782c388-ddaf-4035-9ca0-973a72568e07,2026-06-01T15:45:00Z,2026-06-01T17:45:00+0200,1605.25286,MW,DE,DE_LU,forecast_onshore_wind_generation,Wind Onshore,2026-06-10T05:22:42Z
2026-06-10T05:21:31Z,2026-06-10T07:21:31+0200,3782c388-ddaf-4035-9ca0-973a72568e07,2026-06-01T16:00:00Z,2026-06-01T18:00:00+0200,1483.56831,MW,DE,DE_LU,forecast_onshore_wind_generation,Wind Onshore,2026-06-10T05:22:42Z
2026-06-10T05:21:31Z,2026-06-10T07:21:31+0200,3782c388-ddaf-4035-9ca0-973a72568e07,2026-06-01T16:15:00Z,2026-06-01T18:15:00+0200,1384.02472,MW,DE,DE_LU,forecast_onshore_wind_generation,Wind Onshore,2026-06-10T05:22:42Z
2026-06-10T05:21:31Z,2026-06-10T07:21:31+0200,3782c388-ddaf-4035-9ca0-973a72568e07,2026-06-01T16:30:00Z,2026-06-01T18:30:00+0200,1280.55839,MW,DE,DE_LU,forecast_onshore_wind_generation,Wind Onshore,2026-06-10T05:22:42Z
2026-06-10T05:21:31Z,2026-06-10T07:21:31+0200,3782c388-ddaf-4035-9ca0-973a72568e07,2026-06-01T16:45:00Z,2026-06-01T18:45:00+0200,1177.65158,MW,DE,DE_LU,forecast_onshore_wind_generation,Wind Onshore,2026-06-10T05:22:42Z
2026-06-10T05:21:31Z,2026-06-10T07:21:31+0200,3782c388-ddaf-4035-9ca0-973a72568e07,2026-06-01T17:00:00Z,2026-06-01T19:00:00+0200,1071.23676,MW,DE,DE_LU,forecast_onshore_wind_generation,Wind Onshore,2026-06-10T05:22:42Z
2026-06-10T05:21:31Z,2026-06-10T07:21:31+0200,3782c388-ddaf-4035-9ca0-973a72568e07,2026-06-01T17:15:00Z,2026-06-01T19:15:00+0200,1002.92905,MW,DE,DE_LU,forecast_onshore_wind_generation,Wind Onshore,2026-06-10T05:22:42Z
2026-06-10T05:21:31Z,2026-06-10T07:21:31+0200,3782c388-ddaf-4035-9ca0-973a72568e07,2026-06-01T17:30:00Z,2026-06-01T19:30:00+0200,929.95695,MW,DE,DE_LU,forecast_onshore_wind_generation,Wind Onshore,2026-06-10T05:22:42Z
2026-06-10T05:21:31Z,2026-06-10T07:21:31+0200,3782c388-ddaf-4035-9ca0-973a72568e07,2026-06-01T17:45:00Z,2026-06-01T19:45:00+0200,858.25614,MW,DE,DE_LU,forecast_onshore_wind_generation,Wind Onshore,2026-06-10T05:22:42Z
2026-06-10T05:21:31Z,2026-06-10T07:21:31+0200,3782c388-ddaf-4035-9ca0-973a72568e07,2026-06-01T18:00:00Z,2026-06-01T20:00:00+0200,790.13086,MW,DE,DE_LU,forecast_onshore_wind_generation,Wind Onshore,2026-06-10T05:22:42Z
2026-06-10T05:21:31Z,2026-06-10T07:21:31+0200,3782c388-ddaf-4035-9ca0-973a72568e07,2026-06-01T18:15:00Z,2026-06-01T20:15:00+0200,805.35601,MW,DE,DE_LU,forecast_onshore_wind_generation,Wind Onshore,2026-06-10T05:22:42Z
2026-06-10T05:21:31Z,2026-06-10T07:21:31+0200,3782c388-ddaf-4035-9ca0-973a72568e07,2026-06-01T18:30:00Z,2026-06-01T20:30:00+0200,814.28111,MW,DE,DE_LU,forecast_onshore_wind_generation,Wind Onshore,2026-06-10T05:22:42Z
2026-06-10T05:21:31Z,2026-06-10T07:21:31+0200,3782c388-ddaf-4035-9ca0-973a72568e07,2026-06-01T18:45:00Z,2026-06-01T20:45:00+0200,814.93836,MW,DE,DE_LU,forecast_onshore_wind_generation,Wind Onshore,2026-06-10T05:22:42Z
2026-06-10T05:21:31Z,2026-06-10T07:21:31+0200,3782c388-ddaf-4035-9ca0-973a72568e07,2026-06-01T19:00:00Z,2026-06-01T21:00:00+0200,838.39157,MW,DE,DE_LU,forecast_onshore_wind_generation,Wind Onshore,2026-06-10T05:22:42Z
2026-06-10T05:21:31Z,2026-06-10T07:21:31+0200,3782c388-ddaf-4035-9ca0-973a72568e07,2026-06-01T19:15:00Z,2026-06-01T21:15:00+0200,919.71428,MW,DE,DE_LU,forecast_onshore_wind_generation,Wind Onshore,2026-06-10T05:22:42Z
2026-06-10T05:21:31Z,2026-06-10T07:21:31+0200,3782c388-ddaf-4035-9ca0-973a72568e07,2026-06-01T19:30:00Z,2026-06-01T21:30:00+0200,1021.39389,MW,DE,DE_LU,forecast_onshore_wind_generation,Wind Onshore,2026-06-10T05:22:42Z
2026-06-10T05:21:31Z,2026-06-10T07:21:31+0200,3782c388-ddaf-4035-9ca0-973a72568e07,2026-06-01T19:45:00Z,2026-06-01T21:45:00+0200,1131.90726,MW,DE,DE_LU,forecast_onshore_wind_generation,Wind Onshore,2026-06-10T05:22:42Z
2026-06-10T05:21:31Z,2026-06-10T07:21:31+0200,3782c388-ddaf-4035-9ca0-973a72568e07,2026-06-01T20:00:00Z,2026-06-01T22:00:00+0200,1255.63477,MW,DE,DE_LU,forecast_onshore_wind_generation,Wind Onshore,2026-06-10T05:22:42Z
2026-06-10T05:21:31Z,2026-06-10T07:21:31+0200,3782c388-ddaf-4035-9ca0-973a72568e07,2026-06-01T20:15:00Z,2026-06-01T22:15:00+0200,1468.83465,MW,DE,DE_LU,forecast_onshore_wind_generation,Wind Onshore,2026-06-10T05:22:42Z
2026-06-10T05:21:31Z,2026-06-10T07:21:31+0200,3782c388-ddaf-4035-9ca0-973a72568e07,2026-06-01T20:30:00Z,2026-06-01T22:30:00+0200,1685.82625,MW,DE,DE_LU,forecast_onshore_wind_generation,Wind Onshore,2026-06-10T05:22:42Z
2026-06-10T05:21:31Z,2026-06-10T07:21:31+0200,3782c388-ddaf-4035-9ca0-973a72568e07,2026-06-01T20:45:00Z,2026-06-01T22:45:00+0200,1903.29653,MW,DE,DE_LU,forecast_onshore_wind_generation,Wind Onshore,2026-06-10T05:22:42Z
2026-06-10T05:21:31Z,2026-06-10T07:21:31+0200,3782c388-ddaf-4035-9ca0-973a72568e07,2026-06-01T21:00:00Z,2026-06-01T23:00:00+0200,2129.82168,MW,DE,DE_LU,forecast_onshore_wind_generation,Wind Onshore,2026-06-10T05:22:42Z
2026-06-10T05:21:31Z,2026-06-10T07:21:31+0200,3782c388-ddaf-4035-9ca0-973a72568e07,2026-06-01T21:15:00Z,2026-06-01T23:15:00+0200,2388.82091,MW,DE,DE_LU,forecast_onshore_wind_generation,Wind Onshore,2026-06-10T05:22:42Z
2026-06-10T05:21:31Z,2026-06-10T07:21:31+0200,3782c388-ddaf-4035-9ca0-973a72568e07,2026-06-01T21:30:00Z,2026-06-01T23:30:00+0200,2650.80204,MW,DE,DE_LU,forecast_onshore_wind_generation,Wind Onshore,2026-06-10T05:22:42Z
2026-06-10T05:21:31Z,2026-06-10T07:21:31+0200,3782c388-ddaf-4035-9ca0-973a72568e07,2026-06-01T21:45:00Z,2026-06-01T23:45:00+0200,2916.68937,MW,DE,DE_LU,forecast_onshore_wind_generation,Wind Onshore,2026-06-10T05:22:42Z
2026-06-10T05:21:31Z,2026-06-10T07:21:31+0200,3782c388-ddaf-4035-9ca0-973a72568e07,2026-06-01T22:00:00Z,2026-06-02T00:00:00+0200,3640.55187,MW,DE,DE_LU,forecast_onshore_wind_generation,Wind Onshore,2026-06-10T05:22:42Z
2026-06-10T05:21:31Z,2026-06-10T07:21:31+0200,3782c388-ddaf-4035-9ca0-973a72568e07,2026-06-01T22:15:00Z,2026-06-02T00:15:00+0200,4015.07186,MW,DE,DE_LU,forecast_onshore_wind_generation,Wind Onshore,2026-06-10T05:22:42Z
2026-06-10T05:21:31Z,2026-06-10T07:21:31+0200,3782c388-ddaf-4035-9ca0-973a72568e07,2026-06-01T22:30:00Z,2026-06-02T00:30:00+0200,4387.42194,MW,DE,DE_LU,forecast_onshore_wind_generation,Wind Onshore,2026-06-10T05:22:42Z
2026-06-10T05:21:31Z,2026-06-10T07:21:31+0200,3782c388-ddaf-4035-9ca0-973a72568e07,2026-06-01T22:45:00Z,2026-06-02T00:45:00+0200,4770.14513,MW,DE,DE_LU,forecast_onshore_wind_generation,Wind Onshore,2026-06-10T05:22:42Z
2026-06-10T05:21:31Z,2026-06-10T07:21:31+0200,3782c388-ddaf-4035-9ca0-973a72568e07,2026-06-01T23:00:00Z,2026-06-02T01:00:00+0200,5159.66828,MW,DE,DE_LU,forecast_onshore_wind_generation,Wind Onshore,2026-06-10T05:22:42Z
2026-06-10T05:21:31Z,2026-06-10T07:21:31+0200,3782c388-ddaf-4035-9ca0-973a72568e07,2026-06-01T23:15:00Z,2026-06-02T01:15:00+0200,5532.44255,MW,DE,DE_LU,forecast_onshore_wind_generation,Wind Onshore,2026-06-10T05:22:42Z
2026-06-10T05:21:31Z,2026-06-10T07:21:31+0200,3782c388-ddaf-4035-9ca0-973a72568e07,2026-06-01T23:30:00Z,2026-06-02T01:30:00+0200,5914.97972,MW,DE,DE_LU,forecast_onshore_wind_generation,Wind Onshore,2026-06-10T05:22:42Z
2026-06-10T05:21:31Z,2026-06-10T07:21:31+0200,3782c388-ddaf-4035-9ca0-973a72568e07,2026-06-01T23:45:00Z,2026-06-02T01:45:00+0200,6304.7609,MW,DE,DE_LU,forecast_onshore_wind_generation,Wind Onshore,2026-06-10T05:22:42Z
2026-06-10T05:21:31Z,2026-06-10T07:21:31+0200,3782c388-ddaf-4035-9ca0-973a72568e07,2026-06-02T00:00:00Z,2026-06-02T02:00:00+0200,6655.40283,MW,DE,DE_LU,forecast_onshore_wind_generation,Wind Onshore,2026-06-10T05:22:42Z
2026-06-10T05:21:31Z,2026-06-10T07:21:31+0200,3782c388-ddaf-4035-9ca0-973a72568e07,2026-06-02T00:15:00Z,2026-06-02T02:15:00+0200,6931.16736,MW,DE,DE_LU,forecast_onshore_wind_generation,Wind Onshore,2026-06-10T05:22:42Z
2026-06-10T05:21:31Z,2026-06-10T07:21:31+0200,3782c388-ddaf-4035-9ca0-973a72568e07,2026-06-02T00:30:00Z,2026-06-02T02:30:00+0200,7198.82129,MW,DE,DE_LU,forecast_onshore_wind_generation,Wind Onshore,2026-06-10T05:22:42Z
2026-06-10T05:21:31Z,2026-06-10T07:21:31+0200,3782c388-ddaf-4035-9ca0-973a72568e07,2026-06-02T00:45:00Z,2026-06-02T02:45:00+0200,7455.94106,MW,DE,DE_LU,forecast_onshore_wind_generation,Wind Onshore,2026-06-10T05:22:42Z
2026-06-10T05:21:31Z,2026-06-10T07:21:31+0200,3782c388-ddaf-4035-9ca0-973a72568e07,2026-06-02T01:00:00Z,2026-06-02T03:00:00+0200,7702.01288,MW,DE,DE_LU,forecast_onshore_wind_generation,Wind Onshore,2026-06-10T05:22:42Z
2026-06-10T05:21:31Z,2026-06-10T07:21:31+0200,3782c388-ddaf-4035-9ca0-973a72568e07,2026-06-02T01:15:00Z,2026-06-02T03:15:00+0200,7861.53057,MW,DE,DE_LU,forecast_onshore_wind_generation,Wind Onshore,2026-06-10T05:22:42Z
2026-06-10T05:21:31Z,2026-06-10T07:21:31+0200,3782c388-ddaf-4035-9ca0-973a72568e07,2026-06-02T01:30:00Z,2026-06-02T03:30:00+0200,8017.65256,MW,DE,DE_LU,forecast_onshore_wind_generation,Wind Onshore,2026-06-10T05:22:42Z
2026-06-10T05:21:31Z,2026-06-10T07:21:31+0200,3782c388-ddaf-4035-9ca0-973a72568e07,2026-06-02T01:45:00Z,2026-06-02T03:45:00+0200,8161.45329,MW,DE,DE_LU,forecast_onshore_wind_generation,Wind Onshore,2026-06-10T05:22:42Z
2026-06-10T05:21:31Z,2026-06-10T07:21:31+0200,3782c388-ddaf-4035-9ca0-973a72568e07,2026-06-02T02:00:00Z,2026-06-02T04:00:00+0200,8302.50456,MW,DE,DE_LU,forecast_onshore_wind_generation,Wind Onshore,2026-06-10T05:22:42Z
2026-06-10T05:21:31Z,2026-06-10T07:21:31+0200,3782c388-ddaf-4035-9ca0-973a72568e07,2026-06-02T02:15:00Z,2026-06-02T04:15:00+0200,8421.08022,MW,DE,DE_LU,forecast_onshore_wind_generation,Wind Onshore,2026-06-10T05:22:42Z
2026-06-10T05:21:31Z,2026-06-10T07:21:31+0200,3782c388-ddaf-4035-9ca0-973a72568e07,2026-06-02T02:30:00Z,2026-06-02T04:30:00+0200,8541.48362,MW,DE,DE_LU,forecast_onshore_wind_generation,Wind Onshore,2026-06-10T05:22:42Z
2026-06-10T05:21:31Z,2026-06-10T07:21:31+0200,3782c388-ddaf-4035-9ca0-973a72568e07,2026-06-02T02:45:00Z,2026-06-02T04:45:00+0200,8658.98928,MW,DE,DE_LU,forecast_onshore_wind_generation,Wind Onshore,2026-06-10T05:22:42Z
2026-06-10T05:21:31Z,2026-06-10T07:21:31+0200,3782c388-ddaf-4035-9ca0-973a72568e07,2026-06-02T03:00:00Z,2026-06-02T05:00:00+0200,8764.26202,MW,DE,DE_LU,forecast_onshore_wind_generation,Wind Onshore,2026-06-10T05:22:42Z
2026-06-10T05:21:31Z,2026-06-10T07:21:31+0200,3782c388-ddaf-4035-9ca0-973a72568e07,2026-06-02T03:15:00Z,2026-06-02T05:15:00+0200,8837.3103,MW,DE,DE_LU,forecast_onshore_wind_generation,Wind Onshore,2026-06-10T05:22:42Z
2026-06-10T05:21:31Z,2026-06-10T07:21:31+0200,3782c388-ddaf-4035-9ca0-973a72568e07,2026-06-02T03:30:00Z,2026-06-02T05:30:00+0200,8914.12035,MW,DE,DE_LU,forecast_onshore_wind_generation,Wind Onshore,2026-06-10T05:22:42Z
2026-06-10T05:21:31Z,2026-06-10T07:21:31+0200,3782c388-ddaf-4035-9ca0-973a72568e07,2026-06-02T03:45:00Z,2026-06-02T05:45:00+0200,8995.86163,MW,DE,DE_LU,forecast_onshore_wind_generation,Wind Onshore,2026-06-10T05:22:42Z
2026-06-10T05:21:31Z,2026-06-10T07:21:31+0200,3782c388-ddaf-4035-9ca0-973a72568e07,2026-06-02T04:00:00Z,2026-06-02T06:00:00+0200,9198.16607,MW,DE,DE_LU,forecast_onshore_wind_generation,Wind Onshore,2026-06-10T05:22:42Z
2026-06-10T05:21:31Z,2026-06-10T07:21:31+0200,3782c388-ddaf-4035-9ca0-973a72568e07,2026-06-02T04:15:00Z,2026-06-02T06:15:00+0200,9174.76654,MW,DE,DE_LU,forecast_onshore_wind_generation,Wind Onshore,2026-06-10T05:22:42Z
2026-06-10T05:21:31Z,2026-06-10T07:21:31+0200,3782c388-ddaf-4035-9ca0-973a72568e07,2026-06-02T04:30:00Z,2026-06-02T06:30:00+0200,9154.81345,MW,DE,DE_LU,forecast_onshore_wind_generation,Wind Onshore,2026-06-10T05:22:42Z
2026-06-10T05:21:31Z,2026-06-10T07:21:31+0200,3782c388-ddaf-4035-9ca0-973a72568e07,2026-06-02T04:45:00Z,2026-06-02T06:45:00+0200,9137.88544,MW,DE,DE_LU,forecast_onshore_wind_generation,Wind Onshore,2026-06-10T05:22:42Z
2026-06-10T05:21:31Z,2026-06-10T07:21:31+0200,3782c388-ddaf-4035-9ca0-973a72568e07,2026-06-02T05:00:00Z,2026-06-02T07:00:00+0200,9092.33819,MW,DE,DE_LU,forecast_onshore_wind_generation,Wind Onshore,2026-06-10T05:22:42Z
2026-06-10T05:21:31Z,2026-06-10T07:21:31+0200,3782c388-ddaf-4035-9ca0-973a72568e07,2026-06-02T05:15:00Z,2026-06-02T07:15:00+0200,8791.14436,MW,DE,DE_LU,forecast_onshore_wind_generation,Wind Onshore,2026-06-10T05:22:42Z
2026-06-10T05:21:31Z,2026-06-10T07:21:31+0200,3782c388-ddaf-4035-9ca0-973a72568e07,2026-06-02T05:30:00Z,2026-06-02T07:30:00+0200,8440.67699,MW,DE,DE_LU,forecast_onshore_wind_generation,Wind Onshore,2026-06-10T05:22:42Z
2026-06-10T05:21:31Z,2026-06-10T07:21:31+0200,3782c388-ddaf-4035-9ca0-973a72568e07,2026-06-02T05:45:00Z,2026-06-02T07:45:00+0200,8095.60535,MW,DE,DE_LU,forecast_onshore_wind_generation,Wind Onshore,2026-06-10T05:22:42Z
2026-06-10T05:21:31Z,2026-06-10T07:21:31+0200,3782c388-ddaf-4035-9ca0-973a72568e07,2026-06-02T06:00:00Z,2026-06-02T08:00:00+0200,7676.56819,MW,DE,DE_LU,forecast_onshore_wind_generation,Wind Onshore,2026-06-10T05:22:42Z
2026-06-10T05:21:31Z,2026-06-10T07:21:31+0200,3782c388-ddaf-4035-9ca0-973a72568e07,2026-06-02T06:15:00Z,2026-06-02T08:15:00+0200,7100.10994,MW,DE,DE_LU,forecast_onshore_wind_generation,Wind Onshore,2026-06-10T05:22:42Z
2026-06-10T05:21:31Z,2026-06-10T07:21:31+0200,3782c388-ddaf-4035-9ca0-973a72568e07,2026-06-02T06:30:00Z,2026-06-02T08:30:00+0200,6516.34332,MW,DE,DE_LU,forecast_onshore_wind_generation,Wind Onshore,2026-06-10T05:22:42Z
2026-06-10T05:21:31Z,2026-06-10T07:21:31+0200,3782c388-ddaf-4035-9ca0-973a72568e07,2026-06-02T06:45:00Z,2026-06-02T08:45:00+0200,5913.63567,MW,DE,DE_LU,forecast_onshore_wind_generation,Wind Onshore,2026-06-10T05:22:42Z
2026-06-10T05:21:31Z,2026-06-10T07:21:31+0200,3782c388-ddaf-4035-9ca0-973a72568e07,2026-06-02T07:00:00Z,2026-06-02T09:00:00+0200,5372.01813,MW,DE,DE_LU,forecast_onshore_wind_generation,Wind Onshore,2026-06-10T05:22:42Z
2026-06-10T05:21:31Z,2026-06-10T07:21:31+0200,3782c388-ddaf-4035-9ca0-973a72568e07,2026-06-02T07:15:00Z,2026-06-02T09:15:00+0200,5231.3453,MW,DE,DE_LU,forecast_onshore_wind_generation,Wind Onshore,2026-06-10T05:22:42Z
2026-06-10T05:21:31Z,2026-06-10T07:21:31+0200,3782c388-ddaf-4035-9ca0-973a72568e07,2026-06-02T07:30:00Z,2026-06-02T09:30:00+0200,5087.43422,MW,DE,DE_LU,forecast_onshore_wind_generation,Wind Onshore,2026-06-10T05:22:42Z
2026-06-10T05:21:31Z,2026-06-10T07:21:31+0200,3782c388-ddaf-4035-9ca0-973a72568e07,2026-06-02T07:45:00Z,2026-06-02T09:45:00+0200,4947.34196,MW,DE,DE_LU,forecast_onshore_wind_generation,Wind Onshore,2026-06-10T05:22:42Z
2026-06-10T05:21:31Z,2026-06-10T07:21:31+0200,3782c388-ddaf-4035-9ca0-973a72568e07,2026-06-02T08:00:00Z,2026-06-02T10:00:00+0200,4836.77527,MW,DE,DE_LU,forecast_onshore_wind_generation,Wind Onshore,2026-06-10T05:22:42Z
2026-06-10T05:21:31Z,2026-06-10T07:21:31+0200,3782c388-ddaf-4035-9ca0-973a72568e07,2026-06-02T08:15:00Z,2026-06-02T10:15:00+0200,4988.77779,MW,DE,DE_LU,forecast_onshore_wind_generation,Wind Onshore,2026-06-10T05:22:42Z
2026-06-10T05:21:31Z,2026-06-10T07:21:31+0200,3782c388-ddaf-4035-9ca0-973a72568e07,2026-06-02T08:30:00Z,2026-06-02T10:30:00+0200,5163.62812,MW,DE,DE_LU,forecast_onshore_wind_generation,Wind Onshore,2026-06-10T05:22:42Z
2026-06-10T05:21:31Z,2026-06-10T07:21:31+0200,3782c388-ddaf-4035-9ca0-973a72568e07,2026-06-02T08:45:00Z,2026-06-02T10:45:00+0200,5333.992,MW,DE,DE_LU,forecast_onshore_wind_generation,Wind Onshore,2026-06-10T05:22:42Z
2026-06-10T05:21:31Z,2026-06-10T07:21:31+0200,3782c388-ddaf-4035-9ca0-973a72568e07,2026-06-02T09:00:00Z,2026-06-02T11:00:00+0200,5503.16028,MW,DE,DE_LU,forecast_onshore_wind_generation,Wind Onshore,2026-06-10T05:22:42Z
2026-06-10T05:21:31Z,2026-06-10T07:21:31+0200,3782c388-ddaf-4035-9ca0-973a72568e07,2026-06-02T09:15:00Z,2026-06-02T11:15:00+0200,5752.34497,MW,DE,DE_LU,forecast_onshore_wind_generation,Wind Onshore,2026-06-10T05:22:42Z
2026-06-10T05:21:31Z,2026-06-10T07:21:31+0200,3782c388-ddaf-4035-9ca0-973a72568e07,2026-06-02T09:30:00Z,2026-06-02T11:30:00+0200,5995.51963,MW,DE,DE_LU,forecast_onshore_wind_generation,Wind Onshore,2026-06-10T05:22:42Z
2026-06-10T05:21:31Z,2026-06-10T07:21:31+0200,3782c388-ddaf-4035-9ca0-973a72568e07,2026-06-02T09:45:00Z,2026-06-02T11:45:00+0200,6250.61601,MW,DE,DE_LU,forecast_onshore_wind_generation,Wind Onshore,2026-06-10T05:22:42Z
2026-06-10T05:21:31Z,2026-06-10T07:21:31+0200,3782c388-ddaf-4035-9ca0-973a72568e07,2026-06-02T10:00:00Z,2026-06-02T12:00:00+0200,6510.4587,MW,DE,DE_LU,forecast_onshore_wind_generation,Wind Onshore,2026-06-10T05:22:42Z
2026-06-10T05:21:31Z,2026-06-10T07:21:31+0200,3782c388-ddaf-4035-9ca0-973a72568e07,2026-06-02T10:15:00Z,2026-06-02T12:15:00+0200,6713.22112,MW,DE,DE_LU,forecast_onshore_wind_generation,Wind Onshore,2026-06-10T05:22:42Z
2026-06-10T05:21:31Z,2026-06-10T07:21:31+0200,3782c388-ddaf-4035-9ca0-973a72568e07,2026-06-02T10:30:00Z,2026-06-02T12:30:00+0200,6899.79047,MW,DE,DE_LU,forecast_onshore_wind_generation,Wind Onshore,2026-06-10T05:22:42Z
2026-06-10T05:21:31Z,2026-06-10T07:21:31+0200,3782c388-ddaf-4035-9ca0-973a72568e07,2026-06-02T10:45:00Z,2026-06-02T12:45:00+0200,7078.84791,MW,DE,DE_LU,forecast_onshore_wind_generation,Wind Onshore,2026-06-10T05:22:42Z
2026-06-10T05:21:31Z,2026-06-10T07:21:31+0200,3782c388-ddaf-4035-9ca0-973a72568e07,2026-06-02T11:00:00Z,2026-06-02T13:00:00+0200,7243.12387,MW,DE,DE_LU,forecast_onshore_wind_generation,Wind Onshore,2026-06-10T05:22:42Z
2026-06-10T05:21:31Z,2026-06-10T07:21:31+0200,3782c388-ddaf-4035-9ca0-973a72568e07,2026-06-02T11:15:00Z,2026-06-02T13:15:00+0200,7216.10099,MW,DE,DE_LU,forecast_onshore_wind_generation,Wind Onshore,2026-06-10T05:22:42Z
2026-06-10T05:21:31Z,2026-06-10T07:21:31+0200,3782c388-ddaf-4035-9ca0-973a72568e07,2026-06-02T11:30:00Z,2026-06-02T13:30:00+0200,7203.38343,MW,DE,DE_LU,forecast_onshore_wind_generation,Wind Onshore,2026-06-10T05:22:42Z
2026-06-10T05:21:31Z,2026-06-10T07:21:31+0200,3782c388-ddaf-4035-9ca0-973a72568e07,2026-06-02T11:45:00Z,2026-06-02T13:45:00+0200,7215.43739,MW,DE,DE_LU,forecast_onshore_wind_generation,Wind Onshore,2026-06-10T05:22:42Z
2026-06-10T05:21:31Z,2026-06-10T07:21:31+0200,3782c388-ddaf-4035-9ca0-973a72568e07,2026-06-02T12:00:00Z,2026-06-02T14:00:00+0200,7241.49843,MW,DE,DE_LU,forecast_onshore_wind_generation,Wind Onshore,2026-06-10T05:22:42Z
2026-06-10T05:21:31Z,2026-06-10T07:21:31+0200,3782c388-ddaf-4035-9ca0-973a72568e07,2026-06-02T12:15:00Z,2026-06-02T14:15:00+0200,7160.89561,MW,DE,DE_LU,forecast_onshore_wind_generation,Wind Onshore,2026-06-10T05:22:42Z
2026-06-10T05:21:31Z,2026-06-10T07:21:31+0200,3782c388-ddaf-4035-9ca0-973a72568e07,2026-06-02T12:30:00Z,2026-06-02T14:30:00+0200,7052.13745,MW,DE,DE_LU,forecast_onshore_wind_generation,Wind Onshore,2026-06-10T05:22:42Z
2026-06-10T05:21:31Z,2026-06-10T07:21:31+0200,3782c388-ddaf-4035-9ca0-973a72568e07,2026-06-02T12:45:00Z,2026-06-02T14:45:00+0200,6928.0613,MW,DE,DE_LU,forecast_onshore_wind_generation,Wind Onshore,2026-06-10T05:22:42Z
2026-06-10T05:21:31Z,2026-06-10T07:21:31+0200,3782c388-ddaf-4035-9ca0-973a72568e07,2026-06-02T13:00:00Z,2026-06-02T15:00:00+0200,6802.90194,MW,DE,DE_LU,forecast_onshore_wind_generation,Wind Onshore,2026-06-10T05:22:42Z
2026-06-10T05:21:31Z,2026-06-10T07:21:31+0200,3782c388-ddaf-4035-9ca0-973a72568e07,2026-06-02T13:15:00Z,2026-06-02T15:15:00+0200,6802.64863,MW,DE,DE_LU,forecast_onshore_wind_generation,Wind Onshore,2026-06-10T05:22:42Z
2026-06-10T05:21:31Z,2026-06-10T07:21:31+0200,3782c388-ddaf-4035-9ca0-973a72568e07,2026-06-02T13:30:00Z,2026-06-02T15:30:00+0200,6807.18379,MW,DE,DE_LU,forecast_onshore_wind_generation,Wind Onshore,2026-06-10T05:22:42Z
2026-06-10T05:21:31Z,2026-06-10T07:21:31+0200,3782c388-ddaf-4035-9ca0-973a72568e07,2026-06-02T13:45:00Z,2026-06-02T15:45:00+0200,6820.14788,MW,DE,DE_LU,forecast_onshore_wind_generation,Wind Onshore,2026-06-10T05:22:42Z
2026-06-10T05:21:31Z,2026-06-10T07:21:31+0200,3782c388-ddaf-4035-9ca0-973a72568e07,2026-06-02T14:00:00Z,2026-06-02T16:00:00+0200,6863.86268,MW,DE,DE_LU,forecast_onshore_wind_generation,Wind Onshore,2026-06-10T05:22:42Z
2026-06-10T05:21:31Z,2026-06-10T07:21:31+0200,3782c388-ddaf-4035-9ca0-973a72568e07,2026-06-02T14:15:00Z,2026-06-02T16:15:00+0200,6949.1591,MW,DE,DE_LU,forecast_onshore_wind_generation,Wind Onshore,2026-06-10T05:22:42Z
2026-06-10T05:21:31Z,2026-06-10T07:21:31+0200,3782c388-ddaf-4035-9ca0-973a72568e07,2026-06-02T14:30:00Z,2026-06-02T16:30:00+0200,7040.56113,MW,DE,DE_LU,forecast_onshore_wind_generation,Wind Onshore,2026-06-10T05:22:42Z
2026-06-10T05:21:31Z,2026-06-10T07:21:31+0200,3782c388-ddaf-4035-9ca0-973a72568e07,2026-06-02T14:45:00Z,2026-06-02T16:45:00+0200,7135.39138,MW,DE,DE_LU,forecast_onshore_wind_generation,Wind Onshore,2026-06-10T05:22:42Z
2026-06-10T05:21:31Z,2026-06-10T07:21:31+0200,3782c388-ddaf-4035-9ca0-973a72568e07,2026-06-02T15:00:00Z,2026-06-02T17:00:00+0200,7220.58349,MW,DE,DE_LU,forecast_onshore_wind_generation,Wind Onshore,2026-06-10T05:22:42Z
2026-06-10T05:21:31Z,2026-06-10T07:21:31+0200,3782c388-ddaf-4035-9ca0-973a72568e07,2026-06-02T15:15:00Z,2026-06-02T17:15:00+0200,7378.11732,MW,DE,DE_LU,forecast_onshore_wind_generation,Wind Onshore,2026-06-10T05:22:42Z
2026-06-10T05:21:31Z,2026-06-10T07:21:31+0200,3782c388-ddaf-4035-9ca0-973a72568e07,2026-06-02T15:30:00Z,2026-06-02T17:30:00+0200,7535.48993,MW,DE,DE_LU,forecast_onshore_wind_generation,Wind Onshore,2026-06-10T05:22:42Z
2026-06-10T05:21:31Z,2026-06-10T07:21:31+0200,3782c388-ddaf-4035-9ca0-973a72568e07,2026-06-02T15:45:00Z,2026-06-02T17:45:00+0200,7686.27046,MW,DE,DE_LU,forecast_onshore_wind_generation,Wind Onshore,2026-06-10T05:22:42Z
2026-06-10T05:21:31Z,2026-06-10T07:21:31+0200,3782c388-ddaf-4035-9ca0-973a72568e07,2026-06-02T16:00:00Z,2026-06-02T18:00:00+0200,7842.27483,MW,DE,DE_LU,forecast_onshore_wind_generation,Wind Onshore,2026-06-10T05:22:42Z
2026-06-10T05:21:31Z,2026-06-10T07:21:31+0200,3782c388-ddaf-4035-9ca0-973a72568e07,2026-06-02T16:15:00Z,2026-06-02T18:15:00+0200,8118.61494,MW,DE,DE_LU,forecast_onshore_wind_generation,Wind Onshore,2026-06-10T05:22:42Z
2026-06-10T05:21:31Z,2026-06-10T07:21:31+0200,3782c388-ddaf-4035-9ca0-973a72568e07,2026-06-02T16:30:00Z,2026-06-02T18:30:00+0200,8390.79596,MW,DE,DE_LU,forecast_onshore_wind_generation,Wind Onshore,2026-06-10T05:22:42Z
2026-06-10T05:21:31Z,2026-06-10T07:21:31+0200,3782c388-ddaf-4035-9ca0-973a72568e07,2026-06-02T16:45:00Z,2026-06-02T18:45:00+0200,8660.42429,MW,DE,DE_LU,forecast_onshore_wind_generation,Wind Onshore,2026-06-10T05:22:42Z
2026-06-10T05:21:31Z,2026-06-10T07:21:31+0200,3782c388-ddaf-4035-9ca0-973a72568e07,2026-06-02T17:00:00Z,2026-06-02T19:00:00+0200,8927.70744,MW,DE,DE_LU,forecast_onshore_wind_generation,Wind Onshore,2026-06-10T05:22:42Z
2026-06-10T05:21:31Z,2026-06-10T07:21:31+0200,3782c388-ddaf-4035-9ca0-973a72568e07,2026-06-02T17:15:00Z,2026-06-02T19:15:00+0200,9197.27726,MW,DE,DE_LU,forecast_onshore_wind_generation,Wind Onshore,2026-06-10T05:22:42Z
2026-06-10T05:21:31Z,2026-06-10T07:21:31+0200,3782c388-ddaf-4035-9ca0-973a72568e07,2026-06-02T17:30:00Z,2026-06-02T19:30:00+0200,9471.79243,MW,DE,DE_LU,forecast_onshore_wind_generation,Wind Onshore,2026-06-10T05:22:42Z
2026-06-10T05:21:31Z,2026-06-10T07:21:31+0200,3782c388-ddaf-4035-9ca0-973a72568e07,2026-06-02T17:45:00Z,2026-06-02T19:45:00+0200,9745.26271,MW,DE,DE_LU,forecast_onshore_wind_generation,Wind Onshore,2026-06-10T05:22:42Z
2026-06-10T05:21:31Z,2026-06-10T07:21:31+0200,3782c388-ddaf-4035-9ca0-973a72568e07,2026-06-02T18:00:00Z,2026-06-02T20:00:00+0200,10016.87021,MW,DE,DE_LU,forecast_onshore_wind_generation,Wind Onshore,2026-06-10T05:22:42Z
2026-06-10T05:21:31Z,2026-06-10T07:21:31+0200,3782c388-ddaf-4035-9ca0-973a72568e07,2026-06-02T18:15:00Z,2026-06-02T20:15:00+0200,10418.69807,MW,DE,DE_LU,forecast_onshore_wind_generation,Wind Onshore,2026-06-10T05:22:42Z
2026-06-10T05:21:31Z,2026-06-10T07:21:31+0200,3782c388-ddaf-4035-9ca0-973a72568e07,2026-06-02T18:30:00Z,2026-06-02T20:30:00+0200,10806.38429,MW,DE,DE_LU,forecast_onshore_wind_generation,Wind Onshore,2026-06-10T05:22:42Z
2026-06-10T05:21:31Z,2026-06-10T07:21:31+0200,3782c388-ddaf-4035-9ca0-973a72568e07,2026-06-02T18:45:00Z,2026-06-02T20:45:00+0200,11168.945,MW,DE,DE_LU,forecast_onshore_wind_generation,Wind Onshore,2026-06-10T05:22:42Z
2026-06-10T05:21:31Z,2026-06-10T07:21:31+0200,3782c388-ddaf-4035-9ca0-973a72568e07,2026-06-02T19:00:00Z,2026-06-02T21:00:00+0200,11564.48834,MW,DE,DE_LU,forecast_onshore_wind_generation,Wind Onshore,2026-06-10T05:22:42Z
2026-06-10T05:21:31Z,2026-06-10T07:21:31+0200,3782c388-ddaf-4035-9ca0-973a72568e07,2026-06-02T19:15:00Z,2026-06-02T21:15:00+0200,12053.4678,MW,DE,DE_LU,forecast_onshore_wind_generation,Wind Onshore,2026-06-10T05:22:42Z
2026-06-10T05:21:31Z,2026-06-10T07:21:31+0200,3782c388-ddaf-4035-9ca0-973a72568e07,2026-06-02T19:30:00Z,2026-06-02T21:30:00+0200,12572.68511,MW,DE,DE_LU,forecast_onshore_wind_generation,Wind Onshore,2026-06-10T05:22:42Z
2026-06-10T05:21:31Z,2026-06-10T07:21:31+0200,3782c388-ddaf-4035-9ca0-973a72568e07,2026-06-02T19:45:00Z,2026-06-02T21:45:00+0200,13104.09882,MW,DE,DE_LU,forecast_onshore_wind_generation,Wind Onshore,2026-06-10T05:22:42Z
2026-06-10T05:21:31Z,2026-06-10T07:21:31+0200,3782c388-ddaf-4035-9ca0-973a72568e07,2026-06-02T20:00:00Z,2026-06-02T22:00:00+0200,13439.45478,MW,DE,DE_LU,forecast_onshore_wind_generation,Wind Onshore,2026-06-10T05:22:42Z
2026-06-10T05:21:31Z,2026-06-10T07:21:31+0200,3782c388-ddaf-4035-9ca0-973a72568e07,2026-06-02T20:15:00Z,2026-06-02T22:15:00+0200,13798.53843,MW,DE,DE_LU,forecast_onshore_wind_generation,Wind Onshore,2026-06-10T05:22:42Z
2026-06-10T05:21:31Z,2026-06-10T07:21:31+0200,3782c388-ddaf-4035-9ca0-973a72568e07,2026-06-02T20:30:00Z,2026-06-02T22:30:00+0200,14156.763,MW,DE,DE_LU,forecast_onshore_wind_generation,Wind Onshore,2026-06-10T05:22:42Z
2026-06-10T05:21:31Z,2026-06-10T07:21:31+0200,3782c388-ddaf-4035-9ca0-973a72568e07,2026-06-02T20:45:00Z,2026-06-02T22:45:00+0200,14505.36457,MW,DE,DE_LU,forecast_onshore_wind_generation,Wind Onshore,2026-06-10T05:22:42Z
2026-06-10T05:21:31Z,2026-06-10T07:21:31+0200,3782c388-ddaf-4035-9ca0-973a72568e07,2026-06-02T21:00:00Z,2026-06-02T23:00:00+0200,14817.43975,MW,DE,DE_LU,forecast_onshore_wind_generation,Wind Onshore,2026-06-10T05:22:42Z
2026-06-10T05:21:31Z,2026-06-10T07:21:31+0200,3782c388-ddaf-4035-9ca0-973a72568e07,2026-06-02T21:15:00Z,2026-06-02T23:15:00+0200,14916.18733,MW,DE,DE_LU,forecast_onshore_wind_generation,Wind Onshore,2026-06-10T05:22:42Z
2026-06-10T05:21:31Z,2026-06-10T07:21:31+0200,3782c388-ddaf-4035-9ca0-973a72568e07,2026-06-02T21:30:00Z,2026-06-02T23:30:00+0200,15019.33504,MW,DE,DE_LU,forecast_onshore_wind_generation,Wind Onshore,2026-06-10T05:22:42Z
2026-06-10T05:21:31Z,2026-06-10T07:21:31+0200,3782c388-ddaf-4035-9ca0-973a72568e07,2026-06-02T21:45:00Z,2026-06-02T23:45:00+0200,15125.80241,MW,DE,DE_LU,forecast_onshore_wind_generation,Wind Onshore,2026-06-10T05:22:42Z
2026-06-10T05:21:31Z,2026-06-10T07:21:31+0200,3782c388-ddaf-4035-9ca0-973a72568e07,2026-06-02T22:00:00Z,2026-06-03T00:00:00+0200,17192.212,MW,DE,DE_LU,forecast_onshore_wind_generation,Wind Onshore,2026-06-10T05:22:42Z
2026-06-10T05:21:31Z,2026-06-10T07:21:31+0200,3782c388-ddaf-4035-9ca0-973a72568e07,2026-06-02T22:15:00Z,2026-06-03T00:15:00+0200,17157.42373,MW,DE,DE_LU,forecast_onshore_wind_generation,Wind Onshore,2026-06-10T05:22:42Z
2026-06-10T05:21:31Z,2026-06-10T07:21:31+0200,3782c388-ddaf-4035-9ca0-973a72568e07,2026-06-02T22:30:00Z,2026-06-03T00:30:00+0200,17113.74326,MW,DE,DE_LU,forecast_onshore_wind_generation,Wind Onshore,2026-06-10T05:22:42Z
2026-06-10T05:21:31Z,2026-06-10T07:21:31+0200,3782c388-ddaf-4035-9ca0-973a72568e07,2026-06-02T22:45:00Z,2026-06-03T00:45:00+0200,17073.19753,MW,DE,DE_LU,forecast_onshore_wind_generation,Wind Onshore,2026-06-10T05:22:42Z
2026-06-10T05:21:31Z,2026-06-10T07:21:31+0200,3782c388-ddaf-4035-9ca0-973a72568e07,2026-06-02T23:00:00Z,2026-06-03T01:00:00+0200,17034.98303,MW,DE,DE_LU,forecast_onshore_wind_generation,Wind Onshore,2026-06-10T05:22:42Z
2026-06-10T05:21:31Z,2026-06-10T07:21:31+0200,3782c388-ddaf-4035-9ca0-973a72568e07,2026-06-02T23:15:00Z,2026-06-03T01:15:00+0200,16950.92702,MW,DE,DE_LU,forecast_onshore_wind_generation,Wind Onshore,2026-06-10T05:22:42Z
2026-06-10T05:21:31Z,2026-06-10T07:21:31+0200,3782c388-ddaf-4035-9ca0-973a72568e07,2026-06-02T23:30:00Z,2026-06-03T01:30:00+0200,16851.39852,MW,DE,DE_LU,forecast_onshore_wind_generation,Wind Onshore,2026-06-10T05:22:42Z
2026-06-10T05:21:31Z,2026-06-10T07:21:31+0200,3782c388-ddaf-4035-9ca0-973a72568e07,2026-06-02T23:45:00Z,2026-06-03T01:45:00+0200,16734.57241,MW,DE,DE_LU,forecast_onshore_wind_generation,Wind Onshore,2026-06-10T05:22:42Z
2026-06-10T05:21:31Z,2026-06-10T07:21:31+0200,3782c388-ddaf-4035-9ca0-973a72568e07,2026-06-03T00:00:00Z,2026-06-03T02:00:00+0200,16599.11463,MW,DE,DE_LU,forecast_onshore_wind_generation,Wind Onshore,2026-06-10T05:22:42Z
2026-06-10T05:21:31Z,2026-06-10T07:21:31+0200,3782c388-ddaf-4035-9ca0-973a72568e07,2026-06-03T00:15:00Z,2026-06-03T02:15:00+0200,16453.92852,MW,DE,DE_LU,forecast_onshore_wind_generation,Wind Onshore,2026-06-10T05:22:42Z
2026-06-10T05:21:31Z,2026-06-10T07:21:31+0200,3782c388-ddaf-4035-9ca0-973a72568e07,2026-06-03T00:30:00Z,2026-06-03T02:30:00+0200,16310.67052,MW,DE,DE_LU,forecast_onshore_wind_generation,Wind Onshore,2026-06-10T05:22:42Z
2026-06-10T05:21:31Z,2026-06-10T07:21:31+0200,3782c388-ddaf-4035-9ca0-973a72568e07,2026-06-03T00:45:00Z,2026-06-03T02:45:00+0200,16166.66988,MW,DE,DE_LU,forecast_onshore_wind_generation,Wind Onshore,2026-06-10T05:22:42Z
2026-06-10T05:21:31Z,2026-06-10T07:21:31+0200,3782c388-ddaf-4035-9ca0-973a72568e07,2026-06-03T01:00:00Z,2026-06-03T03:00:00+0200,16011.68407,MW,DE,DE_LU,forecast_onshore_wind_generation,Wind Onshore,2026-06-10T05:22:42Z
2026-06-10T05:21:31Z,2026-06-10T07:21:31+0200,3782c388-ddaf-4035-9ca0-973a72568e07,2026-06-03T01:15:00Z,2026-06-03T03:15:00+0200,15890.84047,MW,DE,DE_LU,forecast_onshore_wind_generation,Wind Onshore,2026-06-10T05:22:42Z
2026-06-10T05:21:31Z,2026-06-10T07:21:31+0200,3782c388-ddaf-4035-9ca0-973a72568e07,2026-06-03T01:30:00Z,2026-06-03T03:30:00+0200,15765.64579,MW,DE,DE_LU,forecast_onshore_wind_generation,Wind Onshore,2026-06-10T05:22:42Z
2026-06-10T05:21:31Z,2026-06-10T07:21:31+0200,3782c388-ddaf-4035-9ca0-973a72568e07,2026-06-03T01:45:00Z,2026-06-03T03:45:00+0200,15639.84597,MW,DE,DE_LU,forecast_onshore_wind_generation,Wind Onshore,2026-06-10T05:22:42Z
2026-06-10T05:21:31Z,2026-06-10T07:21:31+0200,3782c388-ddaf-4035-9ca0-973a72568e07,2026-06-03T02:00:00Z,2026-06-03T04:00:00+0200,15528.37519,MW,DE,DE_LU,forecast_onshore_wind_generation,Wind Onshore,2026-06-10T05:22:42Z
2026-06-10T05:21:31Z,2026-06-10T07:21:31+0200,3782c388-ddaf-4035-9ca0-973a72568e07,2026-06-03T02:15:00Z,2026-06-03T04:15:00+0200,15479.23729,MW,DE,DE_LU,forecast_onshore_wind_generation,Wind Onshore,2026-06-10T05:22:42Z
2026-06-10T05:21:31Z,2026-06-10T07:21:31+0200,3782c388-ddaf-4035-9ca0-973a72568e07,2026-06-03T02:30:00Z,2026-06-03T04:30:00+0200,15433.41392,MW,DE,DE_LU,forecast_onshore_wind_generation,Wind Onshore,2026-06-10T05:22:42Z
2026-06-10T05:21:31Z,2026-06-10T07:21:31+0200,3782c388-ddaf-4035-9ca0-973a72568e07,2026-06-03T02:45:00Z,2026-06-03T04:45:00+0200,15393.89902,MW,DE,DE_LU,forecast_onshore_wind_generation,Wind Onshore,2026-06-10T05:22:42Z
2026-06-10T05:21:31Z,2026-06-10T07:21:31+0200,3782c388-ddaf-4035-9ca0-973a72568e07,2026-06-03T03:00:00Z,2026-06-03T05:00:00+0200,15349.38045,MW,DE,DE_LU,forecast_onshore_wind_generation,Wind Onshore,2026-06-10T05:22:42Z
2026-06-10T05:21:31Z,2026-06-10T07:21:31+0200,3782c388-ddaf-4035-9ca0-973a72568e07,2026-06-03T03:15:00Z,2026-06-03T05:15:00+0200,15250.00059,MW,DE,DE_LU,forecast_onshore_wind_generation,Wind Onshore,2026-06-10T05:22:42Z
2026-06-10T05:21:31Z,2026-06-10T07:21:31+0200,3782c388-ddaf-4035-9ca0-973a72568e07,2026-06-03T03:30:00Z,2026-06-03T05:30:00+0200,15154.43521,MW,DE,DE_LU,forecast_onshore_wind_generation,Wind Onshore,2026-06-10T05:22:42Z
2026-06-10T05:21:31Z,2026-06-10T07:21:31+0200,3782c388-ddaf-4035-9ca0-973a72568e07,2026-06-03T03:45:00Z,2026-06-03T05:45:00+0200,15056.70716,MW,DE,DE_LU,forecast_onshore_wind_generation,Wind Onshore,2026-06-10T05:22:42Z
2026-06-10T05:21:31Z,2026-06-10T07:21:31+0200,3782c388-ddaf-4035-9ca0-973a72568e07,2026-06-03T04:00:00Z,2026-06-03T06:00:00+0200,15125.03671,MW,DE,DE_LU,forecast_onshore_wind_generation,Wind Onshore,2026-06-10T05:22:42Z
2026-06-10T05:21:31Z,2026-06-10T07:21:31+0200,3782c388-ddaf-4035-9ca0-973a72568e07,2026-06-03T04:15:00Z,2026-06-03T06:15:00+0200,14967.15369,MW,DE,DE_LU,forecast_onshore_wind_generation,Wind Onshore,2026-06-10T05:22:42Z
2026-06-10T05:21:31Z,2026-06-10T07:21:31+0200,3782c388-ddaf-4035-9ca0-973a72568e07,2026-06-03T04:30:00Z,2026-06-03T06:30:00+0200,14811.40605,MW,DE,DE_LU,forecast_onshore_wind_generation,Wind Onshore,2026-06-10T05:22:42Z
2026-06-10T05:21:31Z,2026-06-10T07:21:31+0200,3782c388-ddaf-4035-9ca0-973a72568e07,2026-06-03T04:45:00Z,2026-06-03T06:45:00+0200,14655.60916,MW,DE,DE_LU,forecast_onshore_wind_generation,Wind Onshore,2026-06-10T05:22:42Z
2026-06-10T05:21:31Z,2026-06-10T07:21:31+0200,3782c388-ddaf-4035-9ca0-973a72568e07,2026-06-03T05:00:00Z,2026-06-03T07:00:00+0200,14497.0728,MW,DE,DE_LU,forecast_onshore_wind_generation,Wind Onshore,2026-06-10T05:22:42Z
2026-06-10T05:21:31Z,2026-06-10T07:21:31+0200,3782c388-ddaf-4035-9ca0-973a72568e07,2026-06-03T05:15:00Z,2026-06-03T07:15:00+0200,14547.13824,MW,DE,DE_LU,forecast_onshore_wind_generation,Wind Onshore,2026-06-10T05:22:42Z
2026-06-10T05:21:31Z,2026-06-10T07:21:31+0200,3782c388-ddaf-4035-9ca0-973a72568e07,2026-06-03T05:30:00Z,2026-06-03T07:30:00+0200,14581.20785,MW,DE,DE_LU,forecast_onshore_wind_generation,Wind Onshore,2026-06-10T05:22:42Z
2026-06-10T05:21:31Z,2026-06-10T07:21:31+0200,3782c388-ddaf-4035-9ca0-973a72568e07,2026-06-03T05:45:00Z,2026-06-03T07:45:00+0200,14584.11115,MW,DE,DE_LU,forecast_onshore_wind_generation,Wind Onshore,2026-06-10T05:22:42Z
2026-06-10T05:21:31Z,2026-06-10T07:21:31+0200,3782c388-ddaf-4035-9ca0-973a72568e07,2026-06-03T06:00:00Z,2026-06-03T08:00:00+0200,14606.84772,MW,DE,DE_LU,forecast_onshore_wind_generation,Wind Onshore,2026-06-10T05:22:42Z
2026-06-10T05:21:31Z,2026-06-10T07:21:31+0200,3782c388-ddaf-4035-9ca0-973a72568e07,2026-06-03T06:15:00Z,2026-06-03T08:15:00+0200,14690.57599,MW,DE,DE_LU,forecast_onshore_wind_generation,Wind Onshore,2026-06-10T05:22:42Z
2026-06-10T05:21:31Z,2026-06-10T07:21:31+0200,3782c388-ddaf-4035-9ca0-973a72568e07,2026-06-03T06:30:00Z,2026-06-03T08:30:00+0200,14795.01957,MW,DE,DE_LU,forecast_onshore_wind_generation,Wind Onshore,2026-06-10T05:22:42Z
2026-06-10T05:21:31Z,2026-06-10T07:21:31+0200,3782c388-ddaf-4035-9ca0-973a72568e07,2026-06-03T06:45:00Z,2026-06-03T08:45:00+0200,14909.68372,MW,DE,DE_LU,forecast_onshore_wind_generation,Wind Onshore,2026-06-10T05:22:42Z
2026-06-10T05:21:31Z,2026-06-10T07:21:31+0200,3782c388-ddaf-4035-9ca0-973a72568e07,2026-06-03T07:00:00Z,2026-06-03T09:00:00+0200,15031.5274,MW,DE,DE_LU,forecast_onshore_wind_generation,Wind Onshore,2026-06-10T05:22:42Z
2026-06-10T05:21:31Z,2026-06-10T07:21:31+0200,3782c388-ddaf-4035-9ca0-973a72568e07,2026-06-03T07:15:00Z,2026-06-03T09:15:00+0200,14994.44973,MW,DE,DE_LU,forecast_onshore_wind_generation,Wind Onshore,2026-06-10T05:22:42Z
2026-06-10T05:21:31Z,2026-06-10T07:21:31+0200,3782c388-ddaf-4035-9ca0-973a72568e07,2026-06-03T07:30:00Z,2026-06-03T09:30:00+0200,14961.26223,MW,DE,DE_LU,forecast_onshore_wind_generation,Wind Onshore,2026-06-10T05:22:42Z
2026-06-10T05:21:31Z,2026-06-10T07:21:31+0200,3782c388-ddaf-4035-9ca0-973a72568e07,2026-06-03T07:45:00Z,2026-06-03T09:45:00+0200,14926.84528,MW,DE,DE_LU,forecast_onshore_wind_generation,Wind Onshore,2026-06-10T05:22:42Z
2026-06-10T05:21:31Z,2026-06-10T07:21:31+0200,3782c388-ddaf-4035-9ca0-973a72568e07,2026-06-03T08:00:00Z,2026-06-03T10:00:00+0200,14877.95444,MW,DE,DE_LU,forecast_onshore_wind_generation,Wind Onshore,2026-06-10T05:22:42Z
2026-06-10T05:21:31Z,2026-06-10T07:21:31+0200,3782c388-ddaf-4035-9ca0-973a72568e07,2026-06-03T08:15:00Z,2026-06-03T10:15:00+0200,14803.71656,MW,DE,DE_LU,forecast_onshore_wind_generation,Wind Onshore,2026-06-10T05:22:42Z
2026-06-10T05:21:31Z,2026-06-10T07:21:31+0200,3782c388-ddaf-4035-9ca0-973a72568e07,2026-06-03T08:30:00Z,2026-06-03T10:30:00+0200,14731.14903,MW,DE,DE_LU,forecast_onshore_wind_generation,Wind Onshore,2026-06-10T05:22:42Z
2026-06-10T05:21:31Z,2026-06-10T07:21:31+0200,3782c388-ddaf-4035-9ca0-973a72568e07,2026-06-03T08:45:00Z,2026-06-03T10:45:00+0200,14667.35687,MW,DE,DE_LU,forecast_onshore_wind_generation,Wind Onshore,2026-06-10T05:22:42Z
2026-06-10T05:21:31Z,2026-06-10T07:21:31+0200,3782c388-ddaf-4035-9ca0-973a72568e07,2026-06-03T09:00:00Z,2026-06-03T11:00:00+0200,14599.5466,MW,DE,DE_LU,forecast_onshore_wind_generation,Wind Onshore,2026-06-10T05:22:42Z
2026-06-10T05:21:31Z,2026-06-10T07:21:31+0200,3782c388-ddaf-4035-9ca0-973a72568e07,2026-06-03T09:15:00Z,2026-06-03T11:15:00+0200,14502.63285,MW,DE,DE_LU,forecast_onshore_wind_generation,Wind Onshore,2026-06-10T05:22:42Z
2026-06-10T05:21:31Z,2026-06-10T07:21:31+0200,3782c388-ddaf-4035-9ca0-973a72568e07,2026-06-03T09:30:00Z,2026-06-03T11:30:00+0200,14409.86206,MW,DE,DE_LU,forecast_onshore_wind_generation,Wind Onshore,2026-06-10T05:22:42Z
2026-06-10T05:21:31Z,2026-06-10T07:21:31+0200,3782c388-ddaf-4035-9ca0-973a72568e07,2026-06-03T09:45:00Z,2026-06-03T11:45:00+0200,14319.49645,MW,DE,DE_LU,forecast_onshore_wind_generation,Wind Onshore,2026-06-10T05:22:42Z
2026-06-10T05:21:31Z,2026-06-10T07:21:31+0200,3782c388-ddaf-4035-9ca0-973a72568e07,2026-06-03T10:00:00Z,2026-06-03T12:00:00+0200,14238.47551,MW,DE,DE_LU,forecast_onshore_wind_generation,Wind Onshore,2026-06-10T05:22:42Z
2026-06-10T05:21:31Z,2026-06-10T07:21:31+0200,3782c388-ddaf-4035-9ca0-973a72568e07,2026-06-03T10:15:00Z,2026-06-03T12:15:00+0200,14218.47146,MW,DE,DE_LU,forecast_onshore_wind_generation,Wind Onshore,2026-06-10T05:22:42Z
2026-06-10T05:21:31Z,2026-06-10T07:21:31+0200,3782c388-ddaf-4035-9ca0-973a72568e07,2026-06-03T10:30:00Z,2026-06-03T12:30:00+0200,14199.37026,MW,DE,DE_LU,forecast_onshore_wind_generation,Wind Onshore,2026-06-10T05:22:42Z
2026-06-10T05:21:31Z,2026-06-10T07:21:31+0200,3782c388-ddaf-4035-9ca0-973a72568e07,2026-06-03T10:45:00Z,2026-06-03T12:45:00+0200,14181.06156,MW,DE,DE_LU,forecast_onshore_wind_generation,Wind Onshore,2026-06-10T05:22:42Z
2026-06-10T05:21:31Z,2026-06-10T07:21:31+0200,3782c388-ddaf-4035-9ca0-973a72568e07,2026-06-03T11:00:00Z,2026-06-03T13:00:00+0200,14175.14722,MW,DE,DE_LU,forecast_onshore_wind_generation,Wind Onshore,2026-06-10T05:22:42Z
2026-06-10T05:21:31Z,2026-06-10T07:21:31+0200,3782c388-ddaf-4035-9ca0-973a72568e07,2026-06-03T11:15:00Z,2026-06-03T13:15:00+0200,14161.58658,MW,DE,DE_LU,forecast_onshore_wind_generation,Wind Onshore,2026-06-10T05:22:42Z
2026-06-10T05:21:31Z,2026-06-10T07:21:31+0200,3782c388-ddaf-4035-9ca0-973a72568e07,2026-06-03T11:30:00Z,2026-06-03T13:30:00+0200,14151.39988,MW,DE,DE_LU,forecast_onshore_wind_generation,Wind Onshore,2026-06-10T05:22:42Z
2026-06-10T05:21:31Z,2026-06-10T07:21:31+0200,3782c388-ddaf-4035-9ca0-973a72568e07,2026-06-03T11:45:00Z,2026-06-03T13:45:00+0200,14163.30568,MW,DE,DE_LU,forecast_onshore_wind_generation,Wind Onshore,2026-06-10T05:22:42Z
2026-06-10T05:21:31Z,2026-06-10T07:21:31+0200,3782c388-ddaf-4035-9ca0-973a72568e07,2026-06-03T12:00:00Z,2026-06-03T14:00:00+0200,14219.9363,MW,DE,DE_LU,forecast_onshore_wind_generation,Wind Onshore,2026-06-10T05:22:42Z
2026-06-10T05:21:31Z,2026-06-10T07:21:31+0200,3782c388-ddaf-4035-9ca0-973a72568e07,2026-06-03T12:15:00Z,2026-06-03T14:15:00+0200,14266.71125,MW,DE,DE_LU,forecast_onshore_wind_generation,Wind Onshore,2026-06-10T05:22:42Z
2026-06-10T05:21:31Z,2026-06-10T07:21:31+0200,3782c388-ddaf-4035-9ca0-973a72568e07,2026-06-03T12:30:00Z,2026-06-03T14:30:00+0200,14298.21422,MW,DE,DE_LU,forecast_onshore_wind_generation,Wind Onshore,2026-06-10T05:22:42Z
2026-06-10T05:21:31Z,2026-06-10T07:21:31+0200,3782c388-ddaf-4035-9ca0-973a72568e07,2026-06-03T12:45:00Z,2026-06-03T14:45:00+0200,14327.40461,MW,DE,DE_LU,forecast_onshore_wind_generation,Wind Onshore,2026-06-10T05:22:42Z
2026-06-10T05:21:31Z,2026-06-10T07:21:31+0200,3782c388-ddaf-4035-9ca0-973a72568e07,2026-06-03T13:00:00Z,2026-06-03T15:00:00+0200,14363.90771,MW,DE,DE_LU,forecast_onshore_wind_generation,Wind Onshore,2026-06-10T05:22:42Z
2026-06-10T05:21:31Z,2026-06-10T07:21:31+0200,3782c388-ddaf-4035-9ca0-973a72568e07,2026-06-03T13:15:00Z,2026-06-03T15:15:00+0200,14346.16044,MW,DE,DE_LU,forecast_onshore_wind_generation,Wind Onshore,2026-06-10T05:22:42Z
2026-06-10T05:21:31Z,2026-06-10T07:21:31+0200,3782c388-ddaf-4035-9ca0-973a72568e07,2026-06-03T13:30:00Z,2026-06-03T15:30:00+0200,14326.86536,MW,DE,DE_LU,forecast_onshore_wind_generation,Wind Onshore,2026-06-10T05:22:42Z
2026-06-10T05:21:31Z,2026-06-10T07:21:31+0200,3782c388-ddaf-4035-9ca0-973a72568e07,2026-06-03T13:45:00Z,2026-06-03T15:45:00+0200,14298.11994,MW,DE,DE_LU,forecast_onshore_wind_generation,Wind Onshore,2026-06-10T05:22:42Z
2026-06-10T05:21:31Z,2026-06-10T07:21:31+0200,3782c388-ddaf-4035-9ca0-973a72568e07,2026-06-03T14:00:00Z,2026-06-03T16:00:00+0200,14262.87005,MW,DE,DE_LU,forecast_onshore_wind_generation,Wind Onshore,2026-06-10T05:22:42Z
2026-06-10T05:21:31Z,2026-06-10T07:21:31+0200,3782c388-ddaf-4035-9ca0-973a72568e07,2026-06-03T14:15:00Z,2026-06-03T16:15:00+0200,14081.57046,MW,DE,DE_LU,forecast_onshore_wind_generation,Wind Onshore,2026-06-10T05:22:42Z
2026-06-10T05:21:31Z,2026-06-10T07:21:31+0200,3782c388-ddaf-4035-9ca0-973a72568e07,2026-06-03T14:30:00Z,2026-06-03T16:30:00+0200,13882.35208,MW,DE,DE_LU,forecast_onshore_wind_generation,Wind Onshore,2026-06-10T05:22:42Z
2026-06-10T05:21:31Z,2026-06-10T07:21:31+0200,3782c388-ddaf-4035-9ca0-973a72568e07,2026-06-03T14:45:00Z,2026-06-03T16:45:00+0200,13666.157,MW,DE,DE_LU,forecast_onshore_wind_generation,Wind Onshore,2026-06-10T05:22:42Z
2026-06-10T05:21:31Z,2026-06-10T07:21:31+0200,3782c388-ddaf-4035-9ca0-973a72568e07,2026-06-03T15:00:00Z,2026-06-03T17:00:00+0200,13435.72235,MW,DE,DE_LU,forecast_onshore_wind_generation,Wind Onshore,2026-06-10T05:22:42Z
2026-06-10T05:21:31Z,2026-06-10T07:21:31+0200,3782c388-ddaf-4035-9ca0-973a72568e07,2026-06-03T15:15:00Z,2026-06-03T17:15:00+0200,13189.25926,MW,DE,DE_LU,forecast_onshore_wind_generation,Wind Onshore,2026-06-10T05:22:42Z
2026-06-10T05:21:31Z,2026-06-10T07:21:31+0200,3782c388-ddaf-4035-9ca0-973a72568e07,2026-06-03T15:30:00Z,2026-06-03T17:30:00+0200,12917.98852,MW,DE,DE_LU,forecast_onshore_wind_generation,Wind Onshore,2026-06-10T05:22:42Z
2026-06-10T05:21:31Z,2026-06-10T07:21:31+0200,3782c388-ddaf-4035-9ca0-973a72568e07,2026-06-03T15:45:00Z,2026-06-03T17:45:00+0200,12631.6281,MW,DE,DE_LU,forecast_onshore_wind_generation,Wind Onshore,2026-06-10T05:22:42Z
2026-06-10T05:21:31Z,2026-06-10T07:21:31+0200,3782c388-ddaf-4035-9ca0-973a72568e07,2026-06-03T16:00:00Z,2026-06-03T18:00:00+0200,12320.72643,MW,DE,DE_LU,forecast_onshore_wind_generation,Wind Onshore,2026-06-10T05:22:42Z
2026-06-10T05:21:31Z,2026-06-10T07:21:31+0200,3782c388-ddaf-4035-9ca0-973a72568e07,2026-06-03T16:15:00Z,2026-06-03T18:15:00+0200,11939.14973,MW,DE,DE_LU,forecast_onshore_wind_generation,Wind Onshore,2026-06-10T05:22:42Z
2026-06-10T05:21:31Z,2026-06-10T07:21:31+0200,3782c388-ddaf-4035-9ca0-973a72568e07,2026-06-03T16:30:00Z,2026-06-03T18:30:00+0200,11549.31326,MW,DE,DE_LU,forecast_onshore_wind_generation,Wind Onshore,2026-06-10T05:22:42Z
2026-06-10T05:21:31Z,2026-06-10T07:21:31+0200,3782c388-ddaf-4035-9ca0-973a72568e07,2026-06-03T16:45:00Z,2026-06-03T18:45:00+0200,11159.20835,MW,DE,DE_LU,forecast_onshore_wind_generation,Wind Onshore,2026-06-10T05:22:42Z
2026-06-10T05:21:31Z,2026-06-10T07:21:31+0200,3782c388-ddaf-4035-9ca0-973a72568e07,2026-06-03T17:00:00Z,2026-06-03T19:00:00+0200,10771.74134,MW,DE,DE_LU,forecast_onshore_wind_generation,Wind Onshore,2026-06-10T05:22:42Z
2026-06-10T05:21:31Z,2026-06-10T07:21:31+0200,3782c388-ddaf-4035-9ca0-973a72568e07,2026-06-03T17:15:00Z,2026-06-03T19:15:00+0200,10476.13487,MW,DE,DE_LU,forecast_onshore_wind_generation,Wind Onshore,2026-06-10T05:22:42Z
2026-06-10T05:21:31Z,2026-06-10T07:21:31+0200,3782c388-ddaf-4035-9ca0-973a72568e07,2026-06-03T17:30:00Z,2026-06-03T19:30:00+0200,10195.4965,MW,DE,DE_LU,forecast_onshore_wind_generation,Wind Onshore,2026-06-10T05:22:42Z
2026-06-10T05:21:31Z,2026-06-10T07:21:31+0200,3782c388-ddaf-4035-9ca0-973a72568e07,2026-06-03T17:45:00Z,2026-06-03T19:45:00+0200,9928.32001,MW,DE,DE_LU,forecast_onshore_wind_generation,Wind Onshore,2026-06-10T05:22:42Z
2026-06-10T05:21:31Z,2026-06-10T07:21:31+0200,3782c388-ddaf-4035-9ca0-973a72568e07,2026-06-03T18:00:00Z,2026-06-03T20:00:00+0200,9731.07752,MW,DE,DE_LU,forecast_onshore_wind_generation,Wind Onshore,2026-06-10T05:22:42Z
2026-06-10T05:21:31Z,2026-06-10T07:21:31+0200,3782c388-ddaf-4035-9ca0-973a72568e07,2026-06-03T18:15:00Z,2026-06-03T20:15:00+0200,9943.57517,MW,DE,DE_LU,forecast_onshore_wind_generation,Wind Onshore,2026-06-10T05:22:42Z
2026-06-10T05:21:31Z,2026-06-10T07:21:31+0200,3782c388-ddaf-4035-9ca0-973a72568e07,2026-06-03T18:30:00Z,2026-06-03T20:30:00+0200,10159.24354,MW,DE,DE_LU,forecast_onshore_wind_generation,Wind Onshore,2026-06-10T05:22:42Z
2026-06-10T05:21:31Z,2026-06-10T07:21:31+0200,3782c388-ddaf-4035-9ca0-973a72568e07,2026-06-03T18:45:00Z,2026-06-03T20:45:00+0200,10364.62115,MW,DE,DE_LU,forecast_onshore_wind_generation,Wind Onshore,2026-06-10T05:22:42Z
2026-06-10T05:21:31Z,2026-06-10T07:21:31+0200,3782c388-ddaf-4035-9ca0-973a72568e07,2026-06-03T19:00:00Z,2026-06-03T21:00:00+0200,10803.88401,MW,DE,DE_LU,forecast_onshore_wind_generation,Wind Onshore,2026-06-10T05:22:42Z
2026-06-10T05:21:31Z,2026-06-10T07:21:31+0200,3782c388-ddaf-4035-9ca0-973a72568e07,2026-06-03T19:15:00Z,2026-06-03T21:15:00+0200,11543.66354,MW,DE,DE_LU,forecast_onshore_wind_generation,Wind Onshore,2026-06-10T05:22:42Z
2026-06-10T05:21:31Z,2026-06-10T07:21:31+0200,3782c388-ddaf-4035-9ca0-973a72568e07,2026-06-03T19:30:00Z,2026-06-03T21:30:00+0200,12318.20461,MW,DE,DE_LU,forecast_onshore_wind_generation,Wind Onshore,2026-06-10T05:22:42Z
2026-06-10T05:21:31Z,2026-06-10T07:21:31+0200,3782c388-ddaf-4035-9ca0-973a72568e07,2026-06-03T19:45:00Z,2026-06-03T21:45:00+0200,13114.48306,MW,DE,DE_LU,forecast_onshore_wind_generation,Wind Onshore,2026-06-10T05:22:42Z
2026-06-10T05:21:31Z,2026-06-10T07:21:31+0200,3782c388-ddaf-4035-9ca0-973a72568e07,2026-06-03T20:00:00Z,2026-06-03T22:00:00+0200,13773.67932,MW,DE,DE_LU,forecast_onshore_wind_generation,Wind Onshore,2026-06-10T05:22:42Z
2026-06-10T05:21:31Z,2026-06-10T07:21:31+0200,3782c388-ddaf-4035-9ca0-973a72568e07,2026-06-03T20:15:00Z,2026-06-03T22:15:00+0200,14752.99286,MW,DE,DE_LU,forecast_onshore_wind_generation,Wind Onshore,2026-06-10T05:22:42Z
2026-06-10T05:21:31Z,2026-06-10T07:21:31+0200,3782c388-ddaf-4035-9ca0-973a72568e07,2026-06-03T20:30:00Z,2026-06-03T22:30:00+0200,15737.30684,MW,DE,DE_LU,forecast_onshore_wind_generation,Wind Onshore,2026-06-10T05:22:42Z
2026-06-10T05:21:31Z,2026-06-10T07:21:31+0200,3782c388-ddaf-4035-9ca0-973a72568e07,2026-06-03T20:45:00Z,2026-06-03T22:45:00+0200,16711.96419,MW,DE,DE_LU,forecast_onshore_wind_generation,Wind Onshore,2026-06-10T05:22:42Z
2026-06-10T05:21:31Z,2026-06-10T07:21:31+0200,3782c388-ddaf-4035-9ca0-973a72568e07,2026-06-03T21:00:00Z,2026-06-03T23:00:00+0200,17639.38283,MW,DE,DE_LU,forecast_onshore_wind_generation,Wind Onshore,2026-06-10T05:22:42Z
2026-06-10T05:21:31Z,2026-06-10T07:21:31+0200,3782c388-ddaf-4035-9ca0-973a72568e07,2026-06-03T21:15:00Z,2026-06-03T23:15:00+0200,18435.89727,MW,DE,DE_LU,forecast_onshore_wind_generation,Wind Onshore,2026-06-10T05:22:42Z
2026-06-10T05:21:31Z,2026-06-10T07:21:31+0200,3782c388-ddaf-4035-9ca0-973a72568e07,2026-06-03T21:30:00Z,2026-06-03T23:30:00+0200,19218.05445,MW,DE,DE_LU,forecast_onshore_wind_generation,Wind Onshore,2026-06-10T05:22:42Z
2026-06-10T05:21:31Z,2026-06-10T07:21:31+0200,3782c388-ddaf-4035-9ca0-973a72568e07,2026-06-03T21:45:00Z,2026-06-03T23:45:00+0200,19986.7576,MW,DE,DE_LU,forecast_onshore_wind_generation,Wind Onshore,2026-06-10T05:22:42Z
2026-06-10T05:21:31Z,2026-06-10T07:21:31+0200,3782c388-ddaf-4035-9ca0-973a72568e07,2026-06-03T22:00:00Z,2026-06-04T00:00:00+0200,23148.19048,MW,DE,DE_LU,forecast_onshore_wind_generation,Wind Onshore,2026-06-10T05:22:42Z
2026-06-10T05:21:31Z,2026-06-10T07:21:31+0200,3782c388-ddaf-4035-9ca0-973a72568e07,2026-06-03T22:15:00Z,2026-06-04T00:15:00+0200,23710.44044,MW,DE,DE_LU,forecast_onshore_wind_generation,Wind Onshore,2026-06-10T05:22:42Z
2026-06-10T05:21:31Z,2026-06-10T07:21:31+0200,3782c388-ddaf-4035-9ca0-973a72568e07,2026-06-03T22:30:00Z,2026-06-04T00:30:00+0200,24269.34166,MW,DE,DE_LU,forecast_onshore_wind_generation,Wind Onshore,2026-06-10T05:22:42Z
2026-06-10T05:21:31Z,2026-06-10T07:21:31+0200,3782c388-ddaf-4035-9ca0-973a72568e07,2026-06-03T22:45:00Z,2026-06-04T00:45:00+0200,24803.31508,MW,DE,DE_LU,forecast_onshore_wind_generation,Wind Onshore,2026-06-10T05:22:42Z
2026-06-10T05:21:31Z,2026-06-10T07:21:31+0200,3782c388-ddaf-4035-9ca0-973a72568e07,2026-06-03T23:00:00Z,2026-06-04T01:00:00+0200,25295.13011,MW,DE,DE_LU,forecast_onshore_wind_generation,Wind Onshore,2026-06-10T05:22:42Z
2026-06-10T05:21:31Z,2026-06-10T07:21:31+0200,3782c388-ddaf-4035-9ca0-973a72568e07,2026-06-03T23:15:00Z,2026-06-04T01:15:00+0200,25571.1129,MW,DE,DE_LU,forecast_onshore_wind_generation,Wind Onshore,2026-06-10T05:22:42Z
2026-06-10T05:21:31Z,2026-06-10T07:21:31+0200,3782c388-ddaf-4035-9ca0-973a72568e07,2026-06-03T23:30:00Z,2026-06-04T01:30:00+0200,25846.3654,MW,DE,DE_LU,forecast_onshore_wind_generation,Wind Onshore,2026-06-10T05:22:42Z
2026-06-10T05:21:31Z,2026-06-10T07:21:31+0200,3782c388-ddaf-4035-9ca0-973a72568e07,2026-06-03T23:45:00Z,2026-06-04T01:45:00+0200,26084.26286,MW,DE,DE_LU,forecast_onshore_wind_generation,Wind Onshore,2026-06-10T05:22:42Z
2026-06-10T05:21:31Z,2026-06-10T07:21:31+0200,3782c388-ddaf-4035-9ca0-973a72568e07,2026-06-04T00:00:00Z,2026-06-04T02:00:00+0200,26177.15322,MW,DE,DE_LU,forecast_onshore_wind_generation,Wind Onshore,2026-06-10T05:22:42Z
2026-06-10T05:21:31Z,2026-06-10T07:21:31+0200,3782c388-ddaf-4035-9ca0-973a72568e07,2026-06-04T00:15:00Z,2026-06-04T02:15:00+0200,26234.07537,MW,DE,DE_LU,forecast_onshore_wind_generation,Wind Onshore,2026-06-10T05:22:42Z
2026-06-10T05:21:31Z,2026-06-10T07:21:31+0200,3782c388-ddaf-4035-9ca0-973a72568e07,2026-06-04T00:30:00Z,2026-06-04T02:30:00+0200,26305.42615,MW,DE,DE_LU,forecast_onshore_wind_generation,Wind Onshore,2026-06-10T05:22:42Z
2026-06-10T05:21:31Z,2026-06-10T07:21:31+0200,3782c388-ddaf-4035-9ca0-973a72568e07,2026-06-04T00:45:00Z,2026-06-04T02:45:00+0200,26380.37562,MW,DE,DE_LU,forecast_onshore_wind_generation,Wind Onshore,2026-06-10T05:22:42Z
2026-06-10T05:21:31Z,2026-06-10T07:21:31+0200,3782c388-ddaf-4035-9ca0-973a72568e07,2026-06-04T01:00:00Z,2026-06-04T03:00:00+0200,26413.35457,MW,DE,DE_LU,forecast_onshore_wind_generation,Wind Onshore,2026-06-10T05:22:42Z
2026-06-10T05:21:31Z,2026-06-10T07:21:31+0200,3782c388-ddaf-4035-9ca0-973a72568e07,2026-06-04T01:15:00Z,2026-06-04T03:15:00+0200,26257.95617,MW,DE,DE_LU,forecast_onshore_wind_generation,Wind Onshore,2026-06-10T05:22:42Z
2026-06-10T05:21:31Z,2026-06-10T07:21:31+0200,3782c388-ddaf-4035-9ca0-973a72568e07,2026-06-04T01:30:00Z,2026-06-04T03:30:00+0200,26097.43651,MW,DE,DE_LU,forecast_onshore_wind_generation,Wind Onshore,2026-06-10T05:22:42Z
2026-06-10T05:21:31Z,2026-06-10T07:21:31+0200,3782c388-ddaf-4035-9ca0-973a72568e07,2026-06-04T01:45:00Z,2026-06-04T03:45:00+0200,25923.9699,MW,DE,DE_LU,forecast_onshore_wind_generation,Wind Onshore,2026-06-10T05:22:42Z
2026-06-10T05:21:31Z,2026-06-10T07:21:31+0200,3782c388-ddaf-4035-9ca0-973a72568e07,2026-06-04T02:00:00Z,2026-06-04T04:00:00+0200,25752.57513,MW,DE,DE_LU,forecast_onshore_wind_generation,Wind Onshore,2026-06-10T05:22:42Z
2026-06-10T05:21:31Z,2026-06-10T07:21:31+0200,3782c388-ddaf-4035-9ca0-973a72568e07,2026-06-04T02:15:00Z,2026-06-04T04:15:00+0200,25537.34297,MW,DE,DE_LU,forecast_onshore_wind_generation,Wind Onshore,2026-06-10T05:22:42Z
2026-06-10T05:21:31Z,2026-06-10T07:21:31+0200,3782c388-ddaf-4035-9ca0-973a72568e07,2026-06-04T02:30:00Z,2026-06-04T04:30:00+0200,25327.60081,MW,DE,DE_LU,forecast_onshore_wind_generation,Wind Onshore,2026-06-10T05:22:42Z
2026-06-10T05:21:31Z,2026-06-10T07:21:31+0200,3782c388-ddaf-4035-9ca0-973a72568e07,2026-06-04T02:45:00Z,2026-06-04T04:45:00+0200,25106.2584,MW,DE,DE_LU,forecast_onshore_wind_generation,Wind Onshore,2026-06-10T05:22:42Z
2026-06-10T05:21:31Z,2026-06-10T07:21:31+0200,3782c388-ddaf-4035-9ca0-973a72568e07,2026-06-04T03:00:00Z,2026-06-04T05:00:00+0200,24867.47782,MW,DE,DE_LU,forecast_onshore_wind_generation,Wind Onshore,2026-06-10T05:22:42Z
2026-06-10T05:21:31Z,2026-06-10T07:21:31+0200,3782c388-ddaf-4035-9ca0-973a72568e07,2026-06-04T03:15:00Z,2026-06-04T05:15:00+0200,24583.11876,MW,DE,DE_LU,forecast_onshore_wind_generation,Wind Onshore,2026-06-10T05:22:42Z
2026-06-10T05:21:31Z,2026-06-10T07:21:31+0200,3782c388-ddaf-4035-9ca0-973a72568e07,2026-06-04T03:30:00Z,2026-06-04T05:30:00+0200,24293.25839,MW,DE,DE_LU,forecast_onshore_wind_generation,Wind Onshore,2026-06-10T05:22:42Z
2026-06-10T05:21:31Z,2026-06-10T07:21:31+0200,3782c388-ddaf-4035-9ca0-973a72568e07,2026-06-04T03:45:00Z,2026-06-04T05:45:00+0200,24009.57169,MW,DE,DE_LU,forecast_onshore_wind_generation,Wind Onshore,2026-06-10T05:22:42Z
2026-06-10T05:21:31Z,2026-06-10T07:21:31+0200,3782c388-ddaf-4035-9ca0-973a72568e07,2026-06-04T04:00:00Z,2026-06-04T06:00:00+0200,24212.57403,MW,DE,DE_LU,forecast_onshore_wind_generation,Wind Onshore,2026-06-10T05:22:42Z
2026-06-10T05:21:31Z,2026-06-10T07:21:31+0200,3782c388-ddaf-4035-9ca0-973a72568e07,2026-06-04T04:15:00Z,2026-06-04T06:15:00+0200,23806.67844,MW,DE,DE_LU,forecast_onshore_wind_generation,Wind Onshore,2026-06-10T05:22:42Z
2026-06-10T05:21:31Z,2026-06-10T07:21:31+0200,3782c388-ddaf-4035-9ca0-973a72568e07,2026-06-04T04:30:00Z,2026-06-04T06:30:00+0200,23394.7135,MW,DE,DE_LU,forecast_onshore_wind_generation,Wind Onshore,2026-06-10T05:22:42Z
2026-06-10T05:21:31Z,2026-06-10T07:21:31+0200,3782c388-ddaf-4035-9ca0-973a72568e07,2026-06-04T04:45:00Z,2026-06-04T06:45:00+0200,22965.41881,MW,DE,DE_LU,forecast_onshore_wind_generation,Wind Onshore,2026-06-10T05:22:42Z
2026-06-10T05:21:31Z,2026-06-10T07:21:31+0200,3782c388-ddaf-4035-9ca0-973a72568e07,2026-06-04T05:00:00Z,2026-06-04T07:00:00+0200,22471.56835,MW,DE,DE_LU,forecast_onshore_wind_generation,Wind Onshore,2026-06-10T05:22:42Z
2026-06-10T05:21:31Z,2026-06-10T07:21:31+0200,3782c388-ddaf-4035-9ca0-973a72568e07,2026-06-04T05:15:00Z,2026-06-04T07:15:00+0200,21910.34741,MW,DE,DE_LU,forecast_onshore_wind_generation,Wind Onshore,2026-06-10T05:22:42Z
2026-06-10T05:21:31Z,2026-06-10T07:21:31+0200,3782c388-ddaf-4035-9ca0-973a72568e07,2026-06-04T05:30:00Z,2026-06-04T07:30:00+0200,21310.47155,MW,DE,DE_LU,forecast_onshore_wind_generation,Wind Onshore,2026-06-10T05:22:42Z
2026-06-10T05:21:31Z,2026-06-10T07:21:31+0200,3782c388-ddaf-4035-9ca0-973a72568e07,2026-06-04T05:45:00Z,2026-06-04T07:45:00+0200,20627.74712,MW,DE,DE_LU,forecast_onshore_wind_generation,Wind Onshore,2026-06-10T05:22:42Z
2026-06-10T05:21:31Z,2026-06-10T07:21:31+0200,3782c388-ddaf-4035-9ca0-973a72568e07,2026-06-04T06:00:00Z,2026-06-04T08:00:00+0200,20039.57301,MW,DE,DE_LU,forecast_onshore_wind_generation,Wind Onshore,2026-06-10T05:22:42Z
2026-06-10T05:21:31Z,2026-06-10T07:21:31+0200,3782c388-ddaf-4035-9ca0-973a72568e07,2026-06-04T06:15:00Z,2026-06-04T08:15:00+0200,19863.42882,MW,DE,DE_LU,forecast_onshore_wind_generation,Wind Onshore,2026-06-10T05:22:42Z
2026-06-10T05:21:31Z,2026-06-10T07:21:31+0200,3782c388-ddaf-4035-9ca0-973a72568e07,2026-06-04T06:30:00Z,2026-06-04T08:30:00+0200,19800.07219,MW,DE,DE_LU,forecast_onshore_wind_generation,Wind Onshore,2026-06-10T05:22:42Z
2026-06-10T05:21:31Z,2026-06-10T07:21:31+0200,3782c388-ddaf-4035-9ca0-973a72568e07,2026-06-04T06:45:00Z,2026-06-04T08:45:00+0200,19808.17788,MW,DE,DE_LU,forecast_onshore_wind_generation,Wind Onshore,2026-06-10T05:22:42Z
2026-06-10T05:21:31Z,2026-06-10T07:21:31+0200,3782c388-ddaf-4035-9ca0-973a72568e07,2026-06-04T07:00:00Z,2026-06-04T09:00:00+0200,19905.09426,MW,DE,DE_LU,forecast_onshore_wind_generation,Wind Onshore,2026-06-10T05:22:42Z
2026-06-10T05:21:31Z,2026-06-10T07:21:31+0200,3782c388-ddaf-4035-9ca0-973a72568e07,2026-06-04T07:15:00Z,2026-06-04T09:15:00+0200,20142.07242,MW,DE,DE_LU,forecast_onshore_wind_generation,Wind Onshore,2026-06-10T05:22:42Z
2026-06-10T05:21:31Z,2026-06-10T07:21:31+0200,3782c388-ddaf-4035-9ca0-973a72568e07,2026-06-04T07:30:00Z,2026-06-04T09:30:00+0200,20407.12707,MW,DE,DE_LU,forecast_onshore_wind_generation,Wind Onshore,2026-06-10T05:22:42Z
2026-06-10T05:21:31Z,2026-06-10T07:21:31+0200,3782c388-ddaf-4035-9ca0-973a72568e07,2026-06-04T07:45:00Z,2026-06-04T09:45:00+0200,20536.77416,MW,DE,DE_LU,forecast_onshore_wind_generation,Wind Onshore,2026-06-10T05:22:42Z
2026-06-10T05:21:31Z,2026-06-10T07:21:31+0200,3782c388-ddaf-4035-9ca0-973a72568e07,2026-06-04T08:00:00Z,2026-06-04T10:00:00+0200,20612.93446,MW,DE,DE_LU,forecast_onshore_wind_generation,Wind Onshore,2026-06-10T05:22:42Z
2026-06-10T05:21:31Z,2026-06-10T07:21:31+0200,3782c388-ddaf-4035-9ca0-973a72568e07,2026-06-04T08:15:00Z,2026-06-04T10:15:00+0200,20642.5526,MW,DE,DE_LU,forecast_onshore_wind_generation,Wind Onshore,2026-06-10T05:22:42Z
2026-06-10T05:21:31Z,2026-06-10T07:21:31+0200,3782c388-ddaf-4035-9ca0-973a72568e07,2026-06-04T08:30:00Z,2026-06-04T10:30:00+0200,20682.92003,MW,DE,DE_LU,forecast_onshore_wind_generation,Wind Onshore,2026-06-10T05:22:42Z
2026-06-10T05:21:31Z,2026-06-10T07:21:31+0200,3782c388-ddaf-4035-9ca0-973a72568e07,2026-06-04T08:45:00Z,2026-06-04T10:45:00+0200,20714.49353,MW,DE,DE_LU,forecast_onshore_wind_generation,Wind Onshore,2026-06-10T05:22:42Z
2026-06-10T05:21:31Z,2026-06-10T07:21:31+0200,3782c388-ddaf-4035-9ca0-973a72568e07,2026-06-04T09:00:00Z,2026-06-04T11:00:00+0200,20753.83369,MW,DE,DE_LU,forecast_onshore_wind_generation,Wind Onshore,2026-06-10T05:22:42Z
2026-06-10T05:21:31Z,2026-06-10T07:21:31+0200,3782c388-ddaf-4035-9ca0-973a72568e07,2026-06-04T09:15:00Z,2026-06-04T11:15:00+0200,20748.2034,MW,DE,DE_LU,forecast_onshore_wind_generation,Wind Onshore,2026-06-10T05:22:42Z
2026-06-10T05:21:31Z,2026-06-10T07:21:31+0200,3782c388-ddaf-4035-9ca0-973a72568e07,2026-06-04T09:30:00Z,2026-06-04T11:30:00+0200,20781.96891,MW,DE,DE_LU,forecast_onshore_wind_generation,Wind Onshore,2026-06-10T05:22:42Z
2026-06-10T05:21:31Z,2026-06-10T07:21:31+0200,3782c388-ddaf-4035-9ca0-973a72568e07,2026-06-04T09:45:00Z,2026-06-04T11:45:00+0200,20830.22057,MW,DE,DE_LU,forecast_onshore_wind_generation,Wind Onshore,2026-06-10T05:22:42Z
2026-06-10T05:21:31Z,2026-06-10T07:21:31+0200,3782c388-ddaf-4035-9ca0-973a72568e07,2026-06-04T10:00:00Z,2026-06-04T12:00:00+0200,20904.38589,MW,DE,DE_LU,forecast_onshore_wind_generation,Wind Onshore,2026-06-10T05:22:42Z
2026-06-10T05:21:31Z,2026-06-10T07:21:31+0200,3782c388-ddaf-4035-9ca0-973a72568e07,2026-06-04T10:15:00Z,2026-06-04T12:15:00+0200,20989.26793,MW,DE,DE_LU,forecast_onshore_wind_generation,Wind Onshore,2026-06-10T05:22:42Z
2026-06-10T05:21:31Z,2026-06-10T07:21:31+0200,3782c388-ddaf-4035-9ca0-973a72568e07,2026-06-04T10:30:00Z,2026-06-04T12:30:00+0200,21099.69404,MW,DE,DE_LU,forecast_onshore_wind_generation,Wind Onshore,2026-06-10T05:22:42Z
2026-06-10T05:21:31Z,2026-06-10T07:21:31+0200,3782c388-ddaf-4035-9ca0-973a72568e07,2026-06-04T10:45:00Z,2026-06-04T12:45:00+0200,21249.40769,MW,DE,DE_LU,forecast_onshore_wind_generation,Wind Onshore,2026-06-10T05:22:42Z
2026-06-10T05:21:31Z,2026-06-10T07:21:31+0200,3782c388-ddaf-4035-9ca0-973a72568e07,2026-06-04T11:00:00Z,2026-06-04T13:00:00+0200,21420.01629,MW,DE,DE_LU,forecast_onshore_wind_generation,Wind Onshore,2026-06-10T05:22:42Z
2026-06-10T05:21:31Z,2026-06-10T07:21:31+0200,3782c388-ddaf-4035-9ca0-973a72568e07,2026-06-04T11:15:00Z,2026-06-04T13:15:00+0200,21629.28909,MW,DE,DE_LU,forecast_onshore_wind_generation,Wind Onshore,2026-06-10T05:22:42Z
2026-06-10T05:21:31Z,2026-06-10T07:21:31+0200,3782c388-ddaf-4035-9ca0-973a72568e07,2026-06-04T11:30:00Z,2026-06-04T13:30:00+0200,21917.60066,MW,DE,DE_LU,forecast_onshore_wind_generation,Wind Onshore,2026-06-10T05:22:42Z
2026-06-10T05:21:31Z,2026-06-10T07:21:31+0200,3782c388-ddaf-4035-9ca0-973a72568e07,2026-06-04T11:45:00Z,2026-06-04T13:45:00+0200,22362.4398,MW,DE,DE_LU,forecast_onshore_wind_generation,Wind Onshore,2026-06-10T05:22:42Z
2026-06-10T05:21:31Z,2026-06-10T07:21:31+0200,3782c388-ddaf-4035-9ca0-973a72568e07,2026-06-04T12:00:00Z,2026-06-04T14:00:00+0200,22943.61388,MW,DE,DE_LU,forecast_onshore_wind_generation,Wind Onshore,2026-06-10T05:22:42Z
2026-06-10T05:21:31Z,2026-06-10T07:21:31+0200,3782c388-ddaf-4035-9ca0-973a72568e07,2026-06-04T12:15:00Z,2026-06-04T14:15:00+0200,23320.22459,MW,DE,DE_LU,forecast_onshore_wind_generation,Wind Onshore,2026-06-10T05:22:42Z
2026-06-10T05:21:31Z,2026-06-10T07:21:31+0200,3782c388-ddaf-4035-9ca0-973a72568e07,2026-06-04T12:30:00Z,2026-06-04T14:30:00+0200,23554.61283,MW,DE,DE_LU,forecast_onshore_wind_generation,Wind Onshore,2026-06-10T05:22:42Z
2026-06-10T05:21:31Z,2026-06-10T07:21:31+0200,3782c388-ddaf-4035-9ca0-973a72568e07,2026-06-04T12:45:00Z,2026-06-04T14:45:00+0200,23758.17377,MW,DE,DE_LU,forecast_onshore_wind_generation,Wind Onshore,2026-06-10T05:22:42Z
2026-06-10T05:21:31Z,2026-06-10T07:21:31+0200,3782c388-ddaf-4035-9ca0-973a72568e07,2026-06-04T13:00:00Z,2026-06-04T15:00:00+0200,23923.15191,MW,DE,DE_LU,forecast_onshore_wind_generation,Wind Onshore,2026-06-10T05:22:42Z
2026-06-10T05:21:31Z,2026-06-10T07:21:31+0200,3782c388-ddaf-4035-9ca0-973a72568e07,2026-06-04T13:15:00Z,2026-06-04T15:15:00+0200,24033.94272,MW,DE,DE_LU,forecast_onshore_wind_generation,Wind Onshore,2026-06-10T05:22:42Z
2026-06-10T05:21:31Z,2026-06-10T07:21:31+0200,3782c388-ddaf-4035-9ca0-973a72568e07,2026-06-04T13:30:00Z,2026-06-04T15:30:00+0200,24150.46826,MW,DE,DE_LU,forecast_onshore_wind_generation,Wind Onshore,2026-06-10T05:22:42Z
2026-06-10T05:21:31Z,2026-06-10T07:21:31+0200,3782c388-ddaf-4035-9ca0-973a72568e07,2026-06-04T13:45:00Z,2026-06-04T15:45:00+0200,24289.16543,MW,DE,DE_LU,forecast_onshore_wind_generation,Wind Onshore,2026-06-10T05:22:42Z
2026-06-10T05:21:31Z,2026-06-10T07:21:31+0200,3782c388-ddaf-4035-9ca0-973a72568e07,2026-06-04T14:00:00Z,2026-06-04T16:00:00+0200,24382.22164,MW,DE,DE_LU,forecast_onshore_wind_generation,Wind Onshore,2026-06-10T05:22:42Z
2026-06-10T05:21:31Z,2026-06-10T07:21:31+0200,3782c388-ddaf-4035-9ca0-973a72568e07,2026-06-04T14:15:00Z,2026-06-04T16:15:00+0200,24377.90711,MW,DE,DE_LU,forecast_onshore_wind_generation,Wind Onshore,2026-06-10T05:22:42Z
2026-06-10T05:21:31Z,2026-06-10T07:21:31+0200,3782c388-ddaf-4035-9ca0-973a72568e07,2026-06-04T14:30:00Z,2026-06-04T16:30:00+0200,24322.65923,MW,DE,DE_LU,forecast_onshore_wind_generation,Wind Onshore,2026-06-10T05:22:42Z
2026-06-10T05:21:31Z,2026-06-10T07:21:31+0200,3782c388-ddaf-4035-9ca0-973a72568e07,2026-06-04T14:45:00Z,2026-06-04T16:45:00+0200,24211.0785,MW,DE,DE_LU,forecast_onshore_wind_generation,Wind Onshore,2026-06-10T05:22:42Z
2026-06-10T05:21:31Z,2026-06-10T07:21:31+0200,3782c388-ddaf-4035-9ca0-973a72568e07,2026-06-04T15:00:00Z,2026-06-04T17:00:00+0200,24060.15869,MW,DE,DE_LU,forecast_onshore_wind_generation,Wind Onshore,2026-06-10T05:22:42Z
2026-06-10T05:21:31Z,2026-06-10T07:21:31+0200,3782c388-ddaf-4035-9ca0-973a72568e07,2026-06-04T15:15:00Z,2026-06-04T17:15:00+0200,23829.57943,MW,DE,DE_LU,forecast_onshore_wind_generation,Wind Onshore,2026-06-10T05:22:42Z
2026-06-10T05:21:31Z,2026-06-10T07:21:31+0200,3782c388-ddaf-4035-9ca0-973a72568e07,2026-06-04T15:30:00Z,2026-06-04T17:30:00+0200,23608.69813,MW,DE,DE_LU,forecast_onshore_wind_generation,Wind Onshore,2026-06-10T05:22:42Z
2026-06-10T05:21:31Z,2026-06-10T07:21:31+0200,3782c388-ddaf-4035-9ca0-973a72568e07,2026-06-04T15:45:00Z,2026-06-04T17:45:00+0200,23408.46761,MW,DE,DE_LU,forecast_onshore_wind_generation,Wind Onshore,2026-06-10T05:22:42Z
2026-06-10T05:21:31Z,2026-06-10T07:21:31+0200,3782c388-ddaf-4035-9ca0-973a72568e07,2026-06-04T16:00:00Z,2026-06-04T18:00:00+0200,23196.49215,MW,DE,DE_LU,forecast_onshore_wind_generation,Wind Onshore,2026-06-10T05:22:42Z
2026-06-10T05:21:31Z,2026-06-10T07:21:31+0200,3782c388-ddaf-4035-9ca0-973a72568e07,2026-06-04T16:15:00Z,2026-06-04T18:15:00+0200,23037.65374,MW,DE,DE_LU,forecast_onshore_wind_generation,Wind Onshore,2026-06-10T05:22:42Z
2026-06-10T05:21:31Z,2026-06-10T07:21:31+0200,3782c388-ddaf-4035-9ca0-973a72568e07,2026-06-04T16:30:00Z,2026-06-04T18:30:00+0200,22877.22339,MW,DE,DE_LU,forecast_onshore_wind_generation,Wind Onshore,2026-06-10T05:22:42Z
2026-06-10T05:21:31Z,2026-06-10T07:21:31+0200,3782c388-ddaf-4035-9ca0-973a72568e07,2026-06-04T16:45:00Z,2026-06-04T18:45:00+0200,22718.74771,MW,DE,DE_LU,forecast_onshore_wind_generation,Wind Onshore,2026-06-10T05:22:42Z
2026-06-10T05:21:31Z,2026-06-10T07:21:31+0200,3782c388-ddaf-4035-9ca0-973a72568e07,2026-06-04T17:00:00Z,2026-06-04T19:00:00+0200,22554.31698,MW,DE,DE_LU,forecast_onshore_wind_generation,Wind Onshore,2026-06-10T05:22:42Z
2026-06-10T05:21:31Z,2026-06-10T07:21:31+0200,3782c388-ddaf-4035-9ca0-973a72568e07,2026-06-04T17:15:00Z,2026-06-04T19:15:00+0200,22426.11491,MW,DE,DE_LU,forecast_onshore_wind_generation,Wind Onshore,2026-06-10T05:22:42Z
2026-06-10T05:21:31Z,2026-06-10T07:21:31+0200,3782c388-ddaf-4035-9ca0-973a72568e07,2026-06-04T17:30:00Z,2026-06-04T19:30:00+0200,22303.52376,MW,DE,DE_LU,forecast_onshore_wind_generation,Wind Onshore,2026-06-10T05:22:42Z
2026-06-10T05:21:31Z,2026-06-10T07:21:31+0200,3782c388-ddaf-4035-9ca0-973a72568e07,2026-06-04T17:45:00Z,2026-06-04T19:45:00+0200,22180.08542,MW,DE,DE_LU,forecast_onshore_wind_generation,Wind Onshore,2026-06-10T05:22:42Z
2026-06-10T05:21:31Z,2026-06-10T07:21:31+0200,3782c388-ddaf-4035-9ca0-973a72568e07,2026-06-04T18:00:00Z,2026-06-04T20:00:00+0200,22073.02748,MW,DE,DE_LU,forecast_onshore_wind_generation,Wind Onshore,2026-06-10T05:22:42Z
2026-06-10T05:21:31Z,2026-06-10T07:21:31+0200,3782c388-ddaf-4035-9ca0-973a72568e07,2026-06-04T18:15:00Z,2026-06-04T20:15:00+0200,21978.81923,MW,DE,DE_LU,forecast_onshore_wind_generation,Wind Onshore,2026-06-10T05:22:42Z
2026-06-10T05:21:31Z,2026-06-10T07:21:31+0200,3782c388-ddaf-4035-9ca0-973a72568e07,2026-06-04T18:30:00Z,2026-06-04T20:30:00+0200,21892.72041,MW,DE,DE_LU,forecast_onshore_wind_generation,Wind Onshore,2026-06-10T05:22:42Z
2026-06-10T05:21:31Z,2026-06-10T07:21:31+0200,3782c388-ddaf-4035-9ca0-973a72568e07,2026-06-04T18:45:00Z,2026-06-04T20:45:00+0200,21828.41504,MW,DE,DE_LU,forecast_onshore_wind_generation,Wind Onshore,2026-06-10T05:22:42Z
2026-06-10T05:21:31Z,2026-06-10T07:21:31+0200,3782c388-ddaf-4035-9ca0-973a72568e07,2026-06-04T19:00:00Z,2026-06-04T21:00:00+0200,21855.29056,MW,DE,DE_LU,forecast_onshore_wind_generation,Wind Onshore,2026-06-10T05:22:42Z
2026-06-10T05:21:31Z,2026-06-10T07:21:31+0200,3782c388-ddaf-4035-9ca0-973a72568e07,2026-06-04T19:15:00Z,2026-06-04T21:15:00+0200,21981.65123,MW,DE,DE_LU,forecast_onshore_wind_generation,Wind Onshore,2026-06-10T05:22:42Z
2026-06-10T05:21:31Z,2026-06-10T07:21:31+0200,3782c388-ddaf-4035-9ca0-973a72568e07,2026-06-04T19:30:00Z,2026-06-04T21:30:00+0200,22101.171,MW,DE,DE_LU,forecast_onshore_wind_generation,Wind Onshore,2026-06-10T05:22:42Z
2026-06-10T05:21:31Z,2026-06-10T07:21:31+0200,3782c388-ddaf-4035-9ca0-973a72568e07,2026-06-04T19:45:00Z,2026-06-04T21:45:00+0200,22210.16609,MW,DE,DE_LU,forecast_onshore_wind_generation,Wind Onshore,2026-06-10T05:22:42Z
2026-06-10T05:21:31Z,2026-06-10T07:21:31+0200,3782c388-ddaf-4035-9ca0-973a72568e07,2026-06-04T20:00:00Z,2026-06-04T22:00:00+0200,21905.98479,MW,DE,DE_LU,forecast_onshore_wind_generation,Wind Onshore,2026-06-10T05:22:42Z
2026-06-10T05:21:31Z,2026-06-10T07:21:31+0200,3782c388-ddaf-4035-9ca0-973a72568e07,2026-06-04T20:15:00Z,2026-06-04T22:15:00+0200,22096.15733,MW,DE,DE_LU,forecast_onshore_wind_generation,Wind Onshore,2026-06-10T05:22:42Z
2026-06-10T05:21:31Z,2026-06-10T07:21:31+0200,3782c388-ddaf-4035-9ca0-973a72568e07,2026-06-04T20:30:00Z,2026-06-04T22:30:00+0200,22296.7758,MW,DE,DE_LU,forecast_onshore_wind_generation,Wind Onshore,2026-06-10T05:22:42Z
2026-06-10T05:21:31Z,2026-06-10T07:21:31+0200,3782c388-ddaf-4035-9ca0-973a72568e07,2026-06-04T20:45:00Z,2026-06-04T22:45:00+0200,22504.43179,MW,DE,DE_LU,forecast_onshore_wind_generation,Wind Onshore,2026-06-10T05:22:42Z
2026-06-10T05:21:31Z,2026-06-10T07:21:31+0200,3782c388-ddaf-4035-9ca0-973a72568e07,2026-06-04T21:00:00Z,2026-06-04T23:00:00+0200,22701.74759,MW,DE,DE_LU,forecast_onshore_wind_generation,Wind Onshore,2026-06-10T05:22:42Z
2026-06-10T05:21:31Z,2026-06-10T07:21:31+0200,3782c388-ddaf-4035-9ca0-973a72568e07,2026-06-04T21:15:00Z,2026-06-04T23:15:00+0200,22917.47208,MW,DE,DE_LU,forecast_onshore_wind_generation,Wind Onshore,2026-06-10T05:22:42Z
2026-06-10T05:21:31Z,2026-06-10T07:21:31+0200,3782c388-ddaf-4035-9ca0-973a72568e07,2026-06-04T21:30:00Z,2026-06-04T23:30:00+0200,23129.84443,MW,DE,DE_LU,forecast_onshore_wind_generation,Wind Onshore,2026-06-10T05:22:42Z
2026-06-10T05:21:31Z,2026-06-10T07:21:31+0200,3782c388-ddaf-4035-9ca0-973a72568e07,2026-06-04T21:45:00Z,2026-06-04T23:45:00+0200,23339.94021,MW,DE,DE_LU,forecast_onshore_wind_generation,Wind Onshore,2026-06-10T05:22:42Z
2026-06-10T05:21:31Z,2026-06-10T07:21:31+0200,3782c388-ddaf-4035-9ca0-973a72568e07,2026-06-04T22:00:00Z,2026-06-05T00:00:00+0200,23580.49546,MW,DE,DE_LU,forecast_onshore_wind_generation,Wind Onshore,2026-06-10T05:22:42Z
2026-06-10T05:21:31Z,2026-06-10T07:21:31+0200,3782c388-ddaf-4035-9ca0-973a72568e07,2026-06-04T22:15:00Z,2026-06-05T00:15:00+0200,23577.97898,MW,DE,DE_LU,forecast_onshore_wind_generation,Wind Onshore,2026-06-10T05:22:42Z
2026-06-10T05:21:31Z,2026-06-10T07:21:31+0200,3782c388-ddaf-4035-9ca0-973a72568e07,2026-06-04T22:30:00Z,2026-06-05T00:30:00+0200,23571.13922,MW,DE,DE_LU,forecast_onshore_wind_generation,Wind Onshore,2026-06-10T05:22:42Z
2026-06-10T05:21:31Z,2026-06-10T07:21:31+0200,3782c388-ddaf-4035-9ca0-973a72568e07,2026-06-04T22:45:00Z,2026-06-05T00:45:00+0200,23561.14443,MW,DE,DE_LU,forecast_onshore_wind_generation,Wind Onshore,2026-06-10T05:22:42Z
2026-06-10T05:21:31Z,2026-06-10T07:21:31+0200,3782c388-ddaf-4035-9ca0-973a72568e07,2026-06-04T23:00:00Z,2026-06-05T01:00:00+0200,23528.19304,MW,DE,DE_LU,forecast_onshore_wind_generation,Wind Onshore,2026-06-10T05:22:42Z
2026-06-10T05:21:31Z,2026-06-10T07:21:31+0200,3782c388-ddaf-4035-9ca0-973a72568e07,2026-06-04T23:15:00Z,2026-06-05T01:15:00+0200,23329.50083,MW,DE,DE_LU,forecast_onshore_wind_generation,Wind Onshore,2026-06-10T05:22:42Z
2026-06-10T05:21:31Z,2026-06-10T07:21:31+0200,3782c388-ddaf-4035-9ca0-973a72568e07,2026-06-04T23:30:00Z,2026-06-05T01:30:00+0200,23125.48357,MW,DE,DE_LU,forecast_onshore_wind_generation,Wind Onshore,2026-06-10T05:22:42Z
2026-06-10T05:21:31Z,2026-06-10T07:21:31+0200,3782c388-ddaf-4035-9ca0-973a72568e07,2026-06-04T23:45:00Z,2026-06-05T01:45:00+0200,22895.46707,MW,DE,DE_LU,forecast_onshore_wind_generation,Wind Onshore,2026-06-10T05:22:42Z
2026-06-10T05:21:31Z,2026-06-10T07:21:31+0200,3782c388-ddaf-4035-9ca0-973a72568e07,2026-06-05T00:00:00Z,2026-06-05T02:00:00+0200,22595.64291,MW,DE,DE_LU,forecast_onshore_wind_generation,Wind Onshore,2026-06-10T05:22:42Z
2026-06-10T05:21:31Z,2026-06-10T07:21:31+0200,3782c388-ddaf-4035-9ca0-973a72568e07,2026-06-05T00:15:00Z,2026-06-05T02:15:00+0200,22240.54943,MW,DE,DE_LU,forecast_onshore_wind_generation,Wind Onshore,2026-06-10T05:22:42Z
2026-06-10T05:21:31Z,2026-06-10T07:21:31+0200,3782c388-ddaf-4035-9ca0-973a72568e07,2026-06-05T00:30:00Z,2026-06-05T02:30:00+0200,21891.39251,MW,DE,DE_LU,forecast_onshore_wind_generation,Wind Onshore,2026-06-10T05:22:42Z
2026-06-10T05:21:31Z,2026-06-10T07:21:31+0200,3782c388-ddaf-4035-9ca0-973a72568e07,2026-06-05T00:45:00Z,2026-06-05T02:45:00+0200,21541.12288,MW,DE,DE_LU,forecast_onshore_wind_generation,Wind Onshore,2026-06-10T05:22:42Z
2026-06-10T05:21:31Z,2026-06-10T07:21:31+0200,3782c388-ddaf-4035-9ca0-973a72568e07,2026-06-05T01:00:00Z,2026-06-05T03:00:00+0200,21188.63004,MW,DE,DE_LU,forecast_onshore_wind_generation,Wind Onshore,2026-06-10T05:22:42Z
2026-06-10T05:21:31Z,2026-06-10T07:21:31+0200,3782c388-ddaf-4035-9ca0-973a72568e07,2026-06-05T01:15:00Z,2026-06-05T03:15:00+0200,20766.75831,MW,DE,DE_LU,forecast_onshore_wind_generation,Wind Onshore,2026-06-10T05:22:42Z
2026-06-10T05:21:31Z,2026-06-10T07:21:31+0200,3782c388-ddaf-4035-9ca0-973a72568e07,2026-06-05T01:30:00Z,2026-06-05T03:30:00+0200,20330.13136,MW,DE,DE_LU,forecast_onshore_wind_generation,Wind Onshore,2026-06-10T05:22:42Z
2026-06-10T05:21:31Z,2026-06-10T07:21:31+0200,3782c388-ddaf-4035-9ca0-973a72568e07,2026-06-05T01:45:00Z,2026-06-05T03:45:00+0200,19882.68997,MW,DE,DE_LU,forecast_onshore_wind_generation,Wind Onshore,2026-06-10T05:22:42Z
2026-06-10T05:21:31Z,2026-06-10T07:21:31+0200,3782c388-ddaf-4035-9ca0-973a72568e07,2026-06-05T02:00:00Z,2026-06-05T04:00:00+0200,19447.05697,MW,DE,DE_LU,forecast_onshore_wind_generation,Wind Onshore,2026-06-10T05:22:42Z
2026-06-10T05:21:31Z,2026-06-10T07:21:31+0200,3782c388-ddaf-4035-9ca0-973a72568e07,2026-06-05T02:15:00Z,2026-06-05T04:15:00+0200,19082.7178,MW,DE,DE_LU,forecast_onshore_wind_generation,Wind Onshore,2026-06-10T05:22:42Z
2026-06-10T05:21:31Z,2026-06-10T07:21:31+0200,3782c388-ddaf-4035-9ca0-973a72568e07,2026-06-05T02:30:00Z,2026-06-05T04:30:00+0200,18720.75453,MW,DE,DE_LU,forecast_onshore_wind_generation,Wind Onshore,2026-06-10T05:22:42Z
2026-06-10T05:21:31Z,2026-06-10T07:21:31+0200,3782c388-ddaf-4035-9ca0-973a72568e07,2026-06-05T02:45:00Z,2026-06-05T04:45:00+0200,18363.01578,MW,DE,DE_LU,forecast_onshore_wind_generation,Wind Onshore,2026-06-10T05:22:42Z
2026-06-10T05:21:31Z,2026-06-10T07:21:31+0200,3782c388-ddaf-4035-9ca0-973a72568e07,2026-06-05T03:00:00Z,2026-06-05T05:00:00+0200,18012.10527,MW,DE,DE_LU,forecast_onshore_wind_generation,Wind Onshore,2026-06-10T05:22:42Z
2026-06-10T05:21:31Z,2026-06-10T07:21:31+0200,3782c388-ddaf-4035-9ca0-973a72568e07,2026-06-05T03:15:00Z,2026-06-05T05:15:00+0200,17690.13781,MW,DE,DE_LU,forecast_onshore_wind_generation,Wind Onshore,2026-06-10T05:22:42Z
2026-06-10T05:21:31Z,2026-06-10T07:21:31+0200,3782c388-ddaf-4035-9ca0-973a72568e07,2026-06-05T03:30:00Z,2026-06-05T05:30:00+0200,17383.79969,MW,DE,DE_LU,forecast_onshore_wind_generation,Wind Onshore,2026-06-10T05:22:42Z
2026-06-10T05:21:31Z,2026-06-10T07:21:31+0200,3782c388-ddaf-4035-9ca0-973a72568e07,2026-06-05T03:45:00Z,2026-06-05T05:45:00+0200,17077.69143,MW,DE,DE_LU,forecast_onshore_wind_generation,Wind Onshore,2026-06-10T05:22:42Z
2026-06-10T05:21:31Z,2026-06-10T07:21:31+0200,3782c388-ddaf-4035-9ca0-973a72568e07,2026-06-05T04:00:00Z,2026-06-05T06:00:00+0200,17073.71328,MW,DE,DE_LU,forecast_onshore_wind_generation,Wind Onshore,2026-06-10T05:22:42Z
2026-06-10T05:21:31Z,2026-06-10T07:21:31+0200,3782c388-ddaf-4035-9ca0-973a72568e07,2026-06-05T04:15:00Z,2026-06-05T06:15:00+0200,16722.34547,MW,DE,DE_LU,forecast_onshore_wind_generation,Wind Onshore,2026-06-10T05:22:42Z
2026-06-10T05:21:31Z,2026-06-10T07:21:31+0200,3782c388-ddaf-4035-9ca0-973a72568e07,2026-06-05T04:30:00Z,2026-06-05T06:30:00+0200,16375.88231,MW,DE,DE_LU,forecast_onshore_wind_generation,Wind Onshore,2026-06-10T05:22:42Z
2026-06-10T05:21:31Z,2026-06-10T07:21:31+0200,3782c388-ddaf-4035-9ca0-973a72568e07,2026-06-05T04:45:00Z,2026-06-05T06:45:00+0200,16035.50216,MW,DE,DE_LU,forecast_onshore_wind_generation,Wind Onshore,2026-06-10T05:22:42Z
2026-06-10T05:21:31Z,2026-06-10T07:21:31+0200,3782c388-ddaf-4035-9ca0-973a72568e07,2026-06-05T05:00:00Z,2026-06-05T07:00:00+0200,15714.5829,MW,DE,DE_LU,forecast_onshore_wind_generation,Wind Onshore,2026-06-10T05:22:42Z
2026-06-10T05:21:31Z,2026-06-10T07:21:31+0200,3782c388-ddaf-4035-9ca0-973a72568e07,2026-06-05T05:15:00Z,2026-06-05T07:15:00+0200,15565.1651,MW,DE,DE_LU,forecast_onshore_wind_generation,Wind Onshore,2026-06-10T05:22:42Z
2026-06-10T05:21:31Z,2026-06-10T07:21:31+0200,3782c388-ddaf-4035-9ca0-973a72568e07,2026-06-05T05:30:00Z,2026-06-05T07:30:00+0200,15409.17842,MW,DE,DE_LU,forecast_onshore_wind_generation,Wind Onshore,2026-06-10T05:22:42Z
2026-06-10T05:21:31Z,2026-06-10T07:21:31+0200,3782c388-ddaf-4035-9ca0-973a72568e07,2026-06-05T05:45:00Z,2026-06-05T07:45:00+0200,15222.3239,MW,DE,DE_LU,forecast_onshore_wind_generation,Wind Onshore,2026-06-10T05:22:42Z
2026-06-10T05:21:31Z,2026-06-10T07:21:31+0200,3782c388-ddaf-4035-9ca0-973a72568e07,2026-06-05T06:00:00Z,2026-06-05T08:00:00+0200,15072.81623,MW,DE,DE_LU,forecast_onshore_wind_generation,Wind Onshore,2026-06-10T05:22:42Z
2026-06-10T05:21:31Z,2026-06-10T07:21:31+0200,3782c388-ddaf-4035-9ca0-973a72568e07,2026-06-05T06:15:00Z,2026-06-05T08:15:00+0200,15043.23875,MW,DE,DE_LU,forecast_onshore_wind_generation,Wind Onshore,2026-06-10T05:22:42Z
2026-06-10T05:21:31Z,2026-06-10T07:21:31+0200,3782c388-ddaf-4035-9ca0-973a72568e07,2026-06-05T06:30:00Z,2026-06-05T08:30:00+0200,15041.99257,MW,DE,DE_LU,forecast_onshore_wind_generation,Wind Onshore,2026-06-10T05:22:42Z
2026-06-10T05:21:31Z,2026-06-10T07:21:31+0200,3782c388-ddaf-4035-9ca0-973a72568e07,2026-06-05T06:45:00Z,2026-06-05T08:45:00+0200,15051.76503,MW,DE,DE_LU,forecast_onshore_wind_generation,Wind Onshore,2026-06-10T05:22:42Z
2026-06-10T05:21:31Z,2026-06-10T07:21:31+0200,3782c388-ddaf-4035-9ca0-973a72568e07,2026-06-05T07:00:00Z,2026-06-05T09:00:00+0200,15039.15397,MW,DE,DE_LU,forecast_onshore_wind_generation,Wind Onshore,2026-06-10T05:22:42Z
2026-06-10T05:21:31Z,2026-06-10T07:21:31+0200,3782c388-ddaf-4035-9ca0-973a72568e07,2026-06-05T07:15:00Z,2026-06-05T09:15:00+0200,14749.82472,MW,DE,DE_LU,forecast_onshore_wind_generation,Wind Onshore,2026-06-10T05:22:42Z
2026-06-10T05:21:31Z,2026-06-10T07:21:31+0200,3782c388-ddaf-4035-9ca0-973a72568e07,2026-06-05T07:30:00Z,2026-06-05T09:30:00+0200,14463.22105,MW,DE,DE_LU,forecast_onshore_wind_generation,Wind Onshore,2026-06-10T05:22:42Z
2026-06-10T05:21:31Z,2026-06-10T07:21:31+0200,3782c388-ddaf-4035-9ca0-973a72568e07,2026-06-05T07:45:00Z,2026-06-05T09:45:00+0200,14174.60874,MW,DE,DE_LU,forecast_onshore_wind_generation,Wind Onshore,2026-06-10T05:22:42Z
2026-06-10T05:21:31Z,2026-06-10T07:21:31+0200,3782c388-ddaf-4035-9ca0-973a72568e07,2026-06-05T08:00:00Z,2026-06-05T10:00:00+0200,13889.10911,MW,DE,DE_LU,forecast_onshore_wind_generation,Wind Onshore,2026-06-10T05:22:42Z
2026-06-10T05:21:31Z,2026-06-10T07:21:31+0200,3782c388-ddaf-4035-9ca0-973a72568e07,2026-06-05T08:15:00Z,2026-06-05T10:15:00+0200,13634.58165,MW,DE,DE_LU,forecast_onshore_wind_generation,Wind Onshore,2026-06-10T05:22:42Z
2026-06-10T05:21:31Z,2026-06-10T07:21:31+0200,3782c388-ddaf-4035-9ca0-973a72568e07,2026-06-05T08:30:00Z,2026-06-05T10:30:00+0200,13384.82577,MW,DE,DE_LU,forecast_onshore_wind_generation,Wind Onshore,2026-06-10T05:22:42Z
2026-06-10T05:21:31Z,2026-06-10T07:21:31+0200,3782c388-ddaf-4035-9ca0-973a72568e07,2026-06-05T08:45:00Z,2026-06-05T10:45:00+0200,13135.50179,MW,DE,DE_LU,forecast_onshore_wind_generation,Wind Onshore,2026-06-10T05:22:42Z
2026-06-10T05:21:31Z,2026-06-10T07:21:31+0200,3782c388-ddaf-4035-9ca0-973a72568e07,2026-06-05T09:00:00Z,2026-06-05T11:00:00+0200,12864.71233,MW,DE,DE_LU,forecast_onshore_wind_generation,Wind Onshore,2026-06-10T05:22:42Z
2026-06-10T05:21:31Z,2026-06-10T07:21:31+0200,3782c388-ddaf-4035-9ca0-973a72568e07,2026-06-05T09:15:00Z,2026-06-05T11:15:00+0200,12586.91735,MW,DE,DE_LU,forecast_onshore_wind_generation,Wind Onshore,2026-06-10T05:22:42Z
2026-06-10T05:21:31Z,2026-06-10T07:21:31+0200,3782c388-ddaf-4035-9ca0-973a72568e07,2026-06-05T09:30:00Z,2026-06-05T11:30:00+0200,12315.16381,MW,DE,DE_LU,forecast_onshore_wind_generation,Wind Onshore,2026-06-10T05:22:42Z
2026-06-10T05:21:31Z,2026-06-10T07:21:31+0200,3782c388-ddaf-4035-9ca0-973a72568e07,2026-06-05T09:45:00Z,2026-06-05T11:45:00+0200,12015.00521,MW,DE,DE_LU,forecast_onshore_wind_generation,Wind Onshore,2026-06-10T05:22:42Z
2026-06-10T05:21:31Z,2026-06-10T07:21:31+0200,3782c388-ddaf-4035-9ca0-973a72568e07,2026-06-05T10:00:00Z,2026-06-05T12:00:00+0200,11758.70088,MW,DE,DE_LU,forecast_onshore_wind_generation,Wind Onshore,2026-06-10T05:22:42Z
2026-06-10T05:21:31Z,2026-06-10T07:21:31+0200,3782c388-ddaf-4035-9ca0-973a72568e07,2026-06-05T10:15:00Z,2026-06-05T12:15:00+0200,11540.59612,MW,DE,DE_LU,forecast_onshore_wind_generation,Wind Onshore,2026-06-10T05:22:42Z
2026-06-10T05:21:31Z,2026-06-10T07:21:31+0200,3782c388-ddaf-4035-9ca0-973a72568e07,2026-06-05T10:30:00Z,2026-06-05T12:30:00+0200,11320.13424,MW,DE,DE_LU,forecast_onshore_wind_generation,Wind Onshore,2026-06-10T05:22:42Z
2026-06-10T05:21:31Z,2026-06-10T07:21:31+0200,3782c388-ddaf-4035-9ca0-973a72568e07,2026-06-05T10:45:00Z,2026-06-05T12:45:00+0200,11103.55295,MW,DE,DE_LU,forecast_onshore_wind_generation,Wind Onshore,2026-06-10T05:22:42Z
2026-06-10T05:21:31Z,2026-06-10T07:21:31+0200,3782c388-ddaf-4035-9ca0-973a72568e07,2026-06-05T11:00:00Z,2026-06-05T13:00:00+0200,10883.59001,MW,DE,DE_LU,forecast_onshore_wind_generation,Wind Onshore,2026-06-10T05:22:42Z
2026-06-10T05:21:31Z,2026-06-10T07:21:31+0200,3782c388-ddaf-4035-9ca0-973a72568e07,2026-06-05T11:15:00Z,2026-06-05T13:15:00+0200,10708.68811,MW,DE,DE_LU,forecast_onshore_wind_generation,Wind Onshore,2026-06-10T05:22:42Z
2026-06-10T05:21:31Z,2026-06-10T07:21:31+0200,3782c388-ddaf-4035-9ca0-973a72568e07,2026-06-05T11:30:00Z,2026-06-05T13:30:00+0200,10542.77336,MW,DE,DE_LU,forecast_onshore_wind_generation,Wind Onshore,2026-06-10T05:22:42Z
2026-06-10T05:21:31Z,2026-06-10T07:21:31+0200,3782c388-ddaf-4035-9ca0-973a72568e07,2026-06-05T11:45:00Z,2026-06-05T13:45:00+0200,10408.94963,MW,DE,DE_LU,forecast_onshore_wind_generation,Wind Onshore,2026-06-10T05:22:42Z
2026-06-10T05:21:31Z,2026-06-10T07:21:31+0200,3782c388-ddaf-4035-9ca0-973a72568e07,2026-06-05T12:00:00Z,2026-06-05T14:00:00+0200,10311.27883,MW,DE,DE_LU,forecast_onshore_wind_generation,Wind Onshore,2026-06-10T05:22:42Z
2026-06-10T05:21:31Z,2026-06-10T07:21:31+0200,3782c388-ddaf-4035-9ca0-973a72568e07,2026-06-05T12:15:00Z,2026-06-05T14:15:00+0200,10191.4279,MW,DE,DE_LU,forecast_onshore_wind_generation,Wind Onshore,2026-06-10T05:22:42Z
2026-06-10T05:21:31Z,2026-06-10T07:21:31+0200,3782c388-ddaf-4035-9ca0-973a72568e07,2026-06-05T12:30:00Z,2026-06-05T14:30:00+0200,10062.50999,MW,DE,DE_LU,forecast_onshore_wind_generation,Wind Onshore,2026-06-10T05:22:42Z
2026-06-10T05:21:31Z,2026-06-10T07:21:31+0200,3782c388-ddaf-4035-9ca0-973a72568e07,2026-06-05T12:45:00Z,2026-06-05T14:45:00+0200,9915.76476,MW,DE,DE_LU,forecast_onshore_wind_generation,Wind Onshore,2026-06-10T05:22:42Z
2026-06-10T05:21:31Z,2026-06-10T07:21:31+0200,3782c388-ddaf-4035-9ca0-973a72568e07,2026-06-05T13:00:00Z,2026-06-05T15:00:00+0200,9764.22109,MW,DE,DE_LU,forecast_onshore_wind_generation,Wind Onshore,2026-06-10T05:22:42Z
2026-06-10T05:21:31Z,2026-06-10T07:21:31+0200,3782c388-ddaf-4035-9ca0-973a72568e07,2026-06-05T13:15:00Z,2026-06-05T15:15:00+0200,9601.85196,MW,DE,DE_LU,forecast_onshore_wind_generation,Wind Onshore,2026-06-10T05:22:42Z
2026-06-10T05:21:31Z,2026-06-10T07:21:31+0200,3782c388-ddaf-4035-9ca0-973a72568e07,2026-06-05T13:30:00Z,2026-06-05T15:30:00+0200,9434.99653,MW,DE,DE_LU,forecast_onshore_wind_generation,Wind Onshore,2026-06-10T05:22:42Z
2026-06-10T05:21:31Z,2026-06-10T07:21:31+0200,3782c388-ddaf-4035-9ca0-973a72568e07,2026-06-05T13:45:00Z,2026-06-05T15:45:00+0200,9272.78859,MW,DE,DE_LU,forecast_onshore_wind_generation,Wind Onshore,2026-06-10T05:22:42Z
2026-06-10T05:21:31Z,2026-06-10T07:21:31+0200,3782c388-ddaf-4035-9ca0-973a72568e07,2026-06-05T14:00:00Z,2026-06-05T16:00:00+0200,9100.03916,MW,DE,DE_LU,forecast_onshore_wind_generation,Wind Onshore,2026-06-10T05:22:42Z
2026-06-10T05:21:31Z,2026-06-10T07:21:31+0200,3782c388-ddaf-4035-9ca0-973a72568e07,2026-06-05T14:15:00Z,2026-06-05T16:15:00+0200,8833.83531,MW,DE,DE_LU,forecast_onshore_wind_generation,Wind Onshore,2026-06-10T05:22:42Z
2026-06-10T05:21:31Z,2026-06-10T07:21:31+0200,3782c388-ddaf-4035-9ca0-973a72568e07,2026-06-05T14:30:00Z,2026-06-05T16:30:00+0200,8571.3855,MW,DE,DE_LU,forecast_onshore_wind_generation,Wind Onshore,2026-06-10T05:22:42Z
2026-06-10T05:21:31Z,2026-06-10T07:21:31+0200,3782c388-ddaf-4035-9ca0-973a72568e07,2026-06-05T14:45:00Z,2026-06-05T16:45:00+0200,8321.49522,MW,DE,DE_LU,forecast_onshore_wind_generation,Wind Onshore,2026-06-10T05:22:42Z
2026-06-10T05:21:31Z,2026-06-10T07:21:31+0200,3782c388-ddaf-4035-9ca0-973a72568e07,2026-06-05T15:00:00Z,2026-06-05T17:00:00+0200,8060.75542,MW,DE,DE_LU,forecast_onshore_wind_generation,Wind Onshore,2026-06-10T05:22:42Z
2026-06-10T05:21:31Z,2026-06-10T07:21:31+0200,3782c388-ddaf-4035-9ca0-973a72568e07,2026-06-05T15:15:00Z,2026-06-05T17:15:00+0200,7689.10506,MW,DE,DE_LU,forecast_onshore_wind_generation,Wind Onshore,2026-06-10T05:22:42Z
2026-06-10T05:21:31Z,2026-06-10T07:21:31+0200,3782c388-ddaf-4035-9ca0-973a72568e07,2026-06-05T15:30:00Z,2026-06-05T17:30:00+0200,7308.52886,MW,DE,DE_LU,forecast_onshore_wind_generation,Wind Onshore,2026-06-10T05:22:42Z
2026-06-10T05:21:31Z,2026-06-10T07:21:31+0200,3782c388-ddaf-4035-9ca0-973a72568e07,2026-06-05T15:45:00Z,2026-06-05T17:45:00+0200,6937.86912,MW,DE,DE_LU,forecast_onshore_wind_generation,Wind Onshore,2026-06-10T05:22:42Z
2026-06-10T05:21:31Z,2026-06-10T07:21:31+0200,3782c388-ddaf-4035-9ca0-973a72568e07,2026-06-05T16:00:00Z,2026-06-05T18:00:00+0200,6528.583,MW,DE,DE_LU,forecast_onshore_wind_generation,Wind Onshore,2026-06-10T05:22:42Z
2026-06-10T05:21:31Z,2026-06-10T07:21:31+0200,3782c388-ddaf-4035-9ca0-973a72568e07,2026-06-05T16:15:00Z,2026-06-05T18:15:00+0200,6050.29482,MW,DE,DE_LU,forecast_onshore_wind_generation,Wind Onshore,2026-06-10T05:22:42Z
2026-06-10T05:21:31Z,2026-06-10T07:21:31+0200,3782c388-ddaf-4035-9ca0-973a72568e07,2026-06-05T16:30:00Z,2026-06-05T18:30:00+0200,5575.59085,MW,DE,DE_LU,forecast_onshore_wind_generation,Wind Onshore,2026-06-10T05:22:42Z
2026-06-10T05:21:31Z,2026-06-10T07:21:31+0200,3782c388-ddaf-4035-9ca0-973a72568e07,2026-06-05T16:45:00Z,2026-06-05T18:45:00+0200,5100.87601,MW,DE,DE_LU,forecast_onshore_wind_generation,Wind Onshore,2026-06-10T05:22:42Z
2026-06-10T05:21:31Z,2026-06-10T07:21:31+0200,3782c388-ddaf-4035-9ca0-973a72568e07,2026-06-05T17:00:00Z,2026-06-05T19:00:00+0200,4632.19412,MW,DE,DE_LU,forecast_onshore_wind_generation,Wind Onshore,2026-06-10T05:22:42Z
2026-06-10T05:21:31Z,2026-06-10T07:21:31+0200,3782c388-ddaf-4035-9ca0-973a72568e07,2026-06-05T17:15:00Z,2026-06-05T19:15:00+0200,4212.81992,MW,DE,DE_LU,forecast_onshore_wind_generation,Wind Onshore,2026-06-10T05:22:42Z
2026-06-10T05:21:31Z,2026-06-10T07:21:31+0200,3782c388-ddaf-4035-9ca0-973a72568e07,2026-06-05T17:30:00Z,2026-06-05T19:30:00+0200,3797.87975,MW,DE,DE_LU,forecast_onshore_wind_generation,Wind Onshore,2026-06-10T05:22:42Z
2026-06-10T05:21:31Z,2026-06-10T07:21:31+0200,3782c388-ddaf-4035-9ca0-973a72568e07,2026-06-05T17:45:00Z,2026-06-05T19:45:00+0200,3389.05543,MW,DE,DE_LU,forecast_onshore_wind_generation,Wind Onshore,2026-06-10T05:22:42Z
2026-06-10T05:21:31Z,2026-06-10T07:21:31+0200,3782c388-ddaf-4035-9ca0-973a72568e07,2026-06-05T18:00:00Z,2026-06-05T20:00:00+0200,2985.20859,MW,DE,DE_LU,forecast_onshore_wind_generation,Wind Onshore,2026-06-10T05:22:42Z
2026-06-10T05:21:31Z,2026-06-10T07:21:31+0200,3782c388-ddaf-4035-9ca0-973a72568e07,2026-06-05T18:15:00Z,2026-06-05T20:15:00+0200,2731.06007,MW,DE,DE_LU,forecast_onshore_wind_generation,Wind Onshore,2026-06-10T05:22:42Z
2026-06-10T05:21:31Z,2026-06-10T07:21:31+0200,3782c388-ddaf-4035-9ca0-973a72568e07,2026-06-05T18:30:00Z,2026-06-05T20:30:00+0200,2462.84465,MW,DE,DE_LU,forecast_onshore_wind_generation,Wind Onshore,2026-06-10T05:22:42Z
2026-06-10T05:21:31Z,2026-06-10T07:21:31+0200,3782c388-ddaf-4035-9ca0-973a72568e07,2026-06-05T18:45:00Z,2026-06-05T20:45:00+0200,2159.10137,MW,DE,DE_LU,forecast_onshore_wind_generation,Wind Onshore,2026-06-10T05:22:42Z
2026-06-10T05:21:31Z,2026-06-10T07:21:31+0200,3782c388-ddaf-4035-9ca0-973a72568e07,2026-06-05T19:00:00Z,2026-06-05T21:00:00+0200,1897.96746,MW,DE,DE_LU,forecast_onshore_wind_generation,Wind Onshore,2026-06-10T05:22:42Z
2026-06-10T05:21:31Z,2026-06-10T07:21:31+0200,3782c388-ddaf-4035-9ca0-973a72568e07,2026-06-05T19:15:00Z,2026-06-05T21:15:00+0200,1771.1029,MW,DE,DE_LU,forecast_onshore_wind_generation,Wind Onshore,2026-06-10T05:22:42Z
2026-06-10T05:21:31Z,2026-06-10T07:21:31+0200,3782c388-ddaf-4035-9ca0-973a72568e07,2026-06-05T19:30:00Z,2026-06-05T21:30:00+0200,1676.91635,MW,DE,DE_LU,forecast_onshore_wind_generation,Wind Onshore,2026-06-10T05:22:42Z
2026-06-10T05:21:31Z,2026-06-10T07:21:31+0200,3782c388-ddaf-4035-9ca0-973a72568e07,2026-06-05T19:45:00Z,2026-06-05T21:45:00+0200,1599.3101,MW,DE,DE_LU,forecast_onshore_wind_generation,Wind Onshore,2026-06-10T05:22:42Z
2026-06-10T05:21:31Z,2026-06-10T07:21:31+0200,3782c388-ddaf-4035-9ca0-973a72568e07,2026-06-05T20:00:00Z,2026-06-05T22:00:00+0200,1526.74447,MW,DE,DE_LU,forecast_onshore_wind_generation,Wind Onshore,2026-06-10T05:22:42Z
2026-06-10T05:21:31Z,2026-06-10T07:21:31+0200,3782c388-ddaf-4035-9ca0-973a72568e07,2026-06-05T20:15:00Z,2026-06-05T22:15:00+0200,1509.7364,MW,DE,DE_LU,forecast_onshore_wind_generation,Wind Onshore,2026-06-10T05:22:42Z
2026-06-10T05:21:31Z,2026-06-10T07:21:31+0200,3782c388-ddaf-4035-9ca0-973a72568e07,2026-06-05T20:30:00Z,2026-06-05T22:30:00+0200,1493.79504,MW,DE,DE_LU,forecast_onshore_wind_generation,Wind Onshore,2026-06-10T05:22:42Z
2026-06-10T05:21:31Z,2026-06-10T07:21:31+0200,3782c388-ddaf-4035-9ca0-973a72568e07,2026-06-05T20:45:00Z,2026-06-05T22:45:00+0200,1479.73895,MW,DE,DE_LU,forecast_onshore_wind_generation,Wind Onshore,2026-06-10T05:22:42Z
2026-06-10T05:21:31Z,2026-06-10T07:21:31+0200,3782c388-ddaf-4035-9ca0-973a72568e07,2026-06-05T21:00:00Z,2026-06-05T23:00:00+0200,1469.71116,MW,DE,DE_LU,forecast_onshore_wind_generation,Wind Onshore,2026-06-10T05:22:42Z
2026-06-10T05:21:31Z,2026-06-10T07:21:31+0200,3782c388-ddaf-4035-9ca0-973a72568e07,2026-06-05T21:15:00Z,2026-06-05T23:15:00+0200,1469.28352,MW,DE,DE_LU,forecast_onshore_wind_generation,Wind Onshore,2026-06-10T05:22:42Z
2026-06-10T05:21:31Z,2026-06-10T07:21:31+0200,3782c388-ddaf-4035-9ca0-973a72568e07,2026-06-05T21:30:00Z,2026-06-05T23:30:00+0200,1468.54177,MW,DE,DE_LU,forecast_onshore_wind_generation,Wind Onshore,2026-06-10T05:22:42Z
2026-06-10T05:21:31Z,2026-06-10T07:21:31+0200,3782c388-ddaf-4035-9ca0-973a72568e07,2026-06-05T21:45:00Z,2026-06-05T23:45:00+0200,1466.50736,MW,DE,DE_LU,forecast_onshore_wind_generation,Wind Onshore,2026-06-10T05:22:42Z
2026-06-10T05:21:31Z,2026-06-10T07:21:31+0200,3782c388-ddaf-4035-9ca0-973a72568e07,2026-06-05T22:00:00Z,2026-06-06T00:00:00+0200,1436.15849,MW,DE,DE_LU,forecast_onshore_wind_generation,Wind Onshore,2026-06-10T05:22:42Z
2026-06-10T05:21:31Z,2026-06-10T07:21:31+0200,3782c388-ddaf-4035-9ca0-973a72568e07,2026-06-05T22:15:00Z,2026-06-06T00:15:00+0200,1431.03343,MW,DE,DE_LU,forecast_onshore_wind_generation,Wind Onshore,2026-06-10T05:22:42Z
2026-06-10T05:21:31Z,2026-06-10T07:21:31+0200,3782c388-ddaf-4035-9ca0-973a72568e07,2026-06-05T22:30:00Z,2026-06-06T00:30:00+0200,1426.76639,MW,DE,DE_LU,forecast_onshore_wind_generation,Wind Onshore,2026-06-10T05:22:42Z
2026-06-10T05:21:31Z,2026-06-10T07:21:31+0200,3782c388-ddaf-4035-9ca0-973a72568e07,2026-06-05T22:45:00Z,2026-06-06T00:45:00+0200,1423.3335,MW,DE,DE_LU,forecast_onshore_wind_generation,Wind Onshore,2026-06-10T05:22:42Z
2026-06-10T05:21:31Z,2026-06-10T07:21:31+0200,3782c388-ddaf-4035-9ca0-973a72568e07,2026-06-05T23:00:00Z,2026-06-06T01:00:00+0200,1418.4763,MW,DE,DE_LU,forecast_onshore_wind_generation,Wind Onshore,2026-06-10T05:22:42Z
2026-06-10T05:21:31Z,2026-06-10T07:21:31+0200,3782c388-ddaf-4035-9ca0-973a72568e07,2026-06-05T23:15:00Z,2026-06-06T01:15:00+0200,1414.45845,MW,DE,DE_LU,forecast_onshore_wind_generation,Wind Onshore,2026-06-10T05:22:42Z
2026-06-10T05:21:31Z,2026-06-10T07:21:31+0200,3782c388-ddaf-4035-9ca0-973a72568e07,2026-06-05T23:30:00Z,2026-06-06T01:30:00+0200,1415.521,MW,DE,DE_LU,forecast_onshore_wind_generation,Wind Onshore,2026-06-10T05:22:42Z
2026-06-10T05:21:31Z,2026-06-10T07:21:31+0200,3782c388-ddaf-4035-9ca0-973a72568e07,2026-06-05T23:45:00Z,2026-06-06T01:45:00+0200,1427.03363,MW,DE,DE_LU,forecast_onshore_wind_generation,Wind Onshore,2026-06-10T05:22:42Z
2026-06-10T05:21:31Z,2026-06-10T07:21:31+0200,3782c388-ddaf-4035-9ca0-973a72568e07,2026-06-06T00:00:00Z,2026-06-06T02:00:00+0200,1439.87737,MW,DE,DE_LU,forecast_onshore_wind_generation,Wind Onshore,2026-06-10T05:22:42Z
2026-06-10T05:21:31Z,2026-06-10T07:21:31+0200,3782c388-ddaf-4035-9ca0-973a72568e07,2026-06-06T00:15:00Z,2026-06-06T02:15:00+0200,1430.53229,MW,DE,DE_LU,forecast_onshore_wind_generation,Wind Onshore,2026-06-10T05:22:42Z
2026-06-10T05:21:31Z,2026-06-10T07:21:31+0200,3782c388-ddaf-4035-9ca0-973a72568e07,2026-06-06T00:30:00Z,2026-06-06T02:30:00+0200,1415.29665,MW,DE,DE_LU,forecast_onshore_wind_generation,Wind Onshore,2026-06-10T05:22:42Z
2026-06-10T05:21:31Z,2026-06-10T07:21:31+0200,3782c388-ddaf-4035-9ca0-973a72568e07,2026-06-06T00:45:00Z,2026-06-06T02:45:00+0200,1398.55387,MW,DE,DE_LU,forecast_onshore_wind_generation,Wind Onshore,2026-06-10T05:22:42Z
2026-06-10T05:21:31Z,2026-06-10T07:21:31+0200,3782c388-ddaf-4035-9ca0-973a72568e07,2026-06-06T01:00:00Z,2026-06-06T03:00:00+0200,1376.16992,MW,DE,DE_LU,forecast_onshore_wind_generation,Wind Onshore,2026-06-10T05:22:42Z
2026-06-10T05:21:31Z,2026-06-10T07:21:31+0200,3782c388-ddaf-4035-9ca0-973a72568e07,2026-06-06T01:15:00Z,2026-06-06T03:15:00+0200,1360.21557,MW,DE,DE_LU,forecast_onshore_wind_generation,Wind Onshore,2026-06-10T05:22:42Z
2026-06-10T05:21:31Z,2026-06-10T07:21:31+0200,3782c388-ddaf-4035-9ca0-973a72568e07,2026-06-06T01:30:00Z,2026-06-06T03:30:00+0200,1347.65967,MW,DE,DE_LU,forecast_onshore_wind_generation,Wind Onshore,2026-06-10T05:22:42Z
2026-06-10T05:21:31Z,2026-06-10T07:21:31+0200,3782c388-ddaf-4035-9ca0-973a72568e07,2026-06-06T01:45:00Z,2026-06-06T03:45:00+0200,1333.29102,MW,DE,DE_LU,forecast_onshore_wind_generation,Wind Onshore,2026-06-10T05:22:42Z
2026-06-10T05:21:31Z,2026-06-10T07:21:31+0200,3782c388-ddaf-4035-9ca0-973a72568e07,2026-06-06T02:00:00Z,2026-06-06T04:00:00+0200,1318.73516,MW,DE,DE_LU,forecast_onshore_wind_generation,Wind Onshore,2026-06-10T05:22:42Z
2026-06-10T05:21:31Z,2026-06-10T07:21:31+0200,3782c388-ddaf-4035-9ca0-973a72568e07,2026-06-06T02:15:00Z,2026-06-06T04:15:00+0200,1329.47178,MW,DE,DE_LU,forecast_onshore_wind_generation,Wind Onshore,2026-06-10T05:22:42Z
2026-06-10T05:21:31Z,2026-06-10T07:21:31+0200,3782c388-ddaf-4035-9ca0-973a72568e07,2026-06-06T02:30:00Z,2026-06-06T04:30:00+0200,1340.83412,MW,DE,DE_LU,forecast_onshore_wind_generation,Wind Onshore,2026-06-10T05:22:42Z
2026-06-10T05:21:31Z,2026-06-10T07:21:31+0200,3782c388-ddaf-4035-9ca0-973a72568e07,2026-06-06T02:45:00Z,2026-06-06T04:45:00+0200,1353.46268,MW,DE,DE_LU,forecast_onshore_wind_generation,Wind Onshore,2026-06-10T05:22:42Z
2026-06-10T05:21:31Z,2026-06-10T07:21:31+0200,3782c388-ddaf-4035-9ca0-973a72568e07,2026-06-06T03:00:00Z,2026-06-06T05:00:00+0200,1365.05224,MW,DE,DE_LU,forecast_onshore_wind_generation,Wind Onshore,2026-06-10T05:22:42Z
2026-06-10T05:21:31Z,2026-06-10T07:21:31+0200,3782c388-ddaf-4035-9ca0-973a72568e07,2026-06-06T03:15:00Z,2026-06-06T05:15:00+0200,1402.37543,MW,DE,DE_LU,forecast_onshore_wind_generation,Wind Onshore,2026-06-10T05:22:42Z
2026-06-10T05:21:31Z,2026-06-10T07:21:31+0200,3782c388-ddaf-4035-9ca0-973a72568e07,2026-06-06T03:30:00Z,2026-06-06T05:30:00+0200,1445.64445,MW,DE,DE_LU,forecast_onshore_wind_generation,Wind Onshore,2026-06-10T05:22:42Z
2026-06-10T05:21:31Z,2026-06-10T07:21:31+0200,3782c388-ddaf-4035-9ca0-973a72568e07,2026-06-06T03:45:00Z,2026-06-06T05:45:00+0200,1499.12105,MW,DE,DE_LU,forecast_onshore_wind_generation,Wind Onshore,2026-06-10T05:22:42Z
2026-06-10T05:21:31Z,2026-06-10T07:21:31+0200,3782c388-ddaf-4035-9ca0-973a72568e07,2026-06-06T04:00:00Z,2026-06-06T06:00:00+0200,1548.38356,MW,DE,DE_LU,forecast_onshore_wind_generation,Wind Onshore,2026-06-10T05:22:42Z
2026-06-10T05:21:31Z,2026-06-10T07:21:31+0200,3782c388-ddaf-4035-9ca0-973a72568e07,2026-06-06T04:15:00Z,2026-06-06T06:15:00+0200,1615.32936,MW,DE,DE_LU,forecast_onshore_wind_generation,Wind Onshore,2026-06-10T05:22:42Z
2026-06-10T05:21:31Z,2026-06-10T07:21:31+0200,3782c388-ddaf-4035-9ca0-973a72568e07,2026-06-06T04:30:00Z,2026-06-06T06:30:00+0200,1683.36442,MW,DE,DE_LU,forecast_onshore_wind_generation,Wind Onshore,2026-06-10T05:22:42Z
2026-06-10T05:21:31Z,2026-06-10T07:21:31+0200,3782c388-ddaf-4035-9ca0-973a72568e07,2026-06-06T04:45:00Z,2026-06-06T06:45:00+0200,1751.62074,MW,DE,DE_LU,forecast_onshore_wind_generation,Wind Onshore,2026-06-10T05:22:42Z
2026-06-10T05:21:31Z,2026-06-10T07:21:31+0200,3782c388-ddaf-4035-9ca0-973a72568e07,2026-06-06T05:00:00Z,2026-06-06T07:00:00+0200,1815.68257,MW,DE,DE_LU,forecast_onshore_wind_generation,Wind Onshore,2026-06-10T05:22:42Z
2026-06-10T05:21:31Z,2026-06-10T07:21:31+0200,3782c388-ddaf-4035-9ca0-973a72568e07,2026-06-06T05:15:00Z,2026-06-06T07:15:00+0200,1788.5558,MW,DE,DE_LU,forecast_onshore_wind_generation,Wind Onshore,2026-06-10T05:22:42Z
2026-06-10T05:21:31Z,2026-06-10T07:21:31+0200,3782c388-ddaf-4035-9ca0-973a72568e07,2026-06-06T05:30:00Z,2026-06-06T07:30:00+0200,1750.71566,MW,DE,DE_LU,forecast_onshore_wind_generation,Wind Onshore,2026-06-10T05:22:42Z
2026-06-10T05:21:31Z,2026-06-10T07:21:31+0200,3782c388-ddaf-4035-9ca0-973a72568e07,2026-06-06T05:45:00Z,2026-06-06T07:45:00+0200,1717.40244,MW,DE,DE_LU,forecast_onshore_wind_generation,Wind Onshore,2026-06-10T05:22:42Z
2026-06-10T05:21:31Z,2026-06-10T07:21:31+0200,3782c388-ddaf-4035-9ca0-973a72568e07,2026-06-06T06:00:00Z,2026-06-06T08:00:00+0200,1657.58977,MW,DE,DE_LU,forecast_onshore_wind_generation,Wind Onshore,2026-06-10T05:22:42Z
2026-06-10T05:21:31Z,2026-06-10T07:21:31+0200,3782c388-ddaf-4035-9ca0-973a72568e07,2026-06-06T06:15:00Z,2026-06-06T08:15:00+0200,1544.06652,MW,DE,DE_LU,forecast_onshore_wind_generation,Wind Onshore,2026-06-10T05:22:42Z
2026-06-10T05:21:31Z,2026-06-10T07:21:31+0200,3782c388-ddaf-4035-9ca0-973a72568e07,2026-06-06T06:30:00Z,2026-06-06T08:30:00+0200,1439.24279,MW,DE,DE_LU,forecast_onshore_wind_generation,Wind Onshore,2026-06-10T05:22:42Z
2026-06-10T05:21:31Z,2026-06-10T07:21:31+0200,3782c388-ddaf-4035-9ca0-973a72568e07,2026-06-06T06:45:00Z,2026-06-06T08:45:00+0200,1322.72517,MW,DE,DE_LU,forecast_onshore_wind_generation,Wind Onshore,2026-06-10T05:22:42Z
2026-06-10T05:21:31Z,2026-06-10T07:21:31+0200,3782c388-ddaf-4035-9ca0-973a72568e07,2026-06-06T07:00:00Z,2026-06-06T09:00:00+0200,1216.40124,MW,DE,DE_LU,forecast_onshore_wind_generation,Wind Onshore,2026-06-10T05:22:42Z
2026-06-10T05:21:31Z,2026-06-10T07:21:31+0200,3782c388-ddaf-4035-9ca0-973a72568e07,2026-06-06T07:15:00Z,2026-06-06T09:15:00+0200,1287.94987,MW,DE,DE_LU,forecast_onshore_wind_generation,Wind Onshore,2026-06-10T05:22:42Z
2026-06-10T05:21:31Z,2026-06-10T07:21:31+0200,3782c388-ddaf-4035-9ca0-973a72568e07,2026-06-06T07:30:00Z,2026-06-06T09:30:00+0200,1360.11338,MW,DE,DE_LU,forecast_onshore_wind_generation,Wind Onshore,2026-06-10T05:22:42Z
2026-06-10T05:21:31Z,2026-06-10T07:21:31+0200,3782c388-ddaf-4035-9ca0-973a72568e07,2026-06-06T07:45:00Z,2026-06-06T09:45:00+0200,1430.2443,MW,DE,DE_LU,forecast_onshore_wind_generation,Wind Onshore,2026-06-10T05:22:42Z
2026-06-10T05:21:31Z,2026-06-10T07:21:31+0200,3782c388-ddaf-4035-9ca0-973a72568e07,2026-06-06T08:00:00Z,2026-06-06T10:00:00+0200,1509.95915,MW,DE,DE_LU,forecast_onshore_wind_generation,Wind Onshore,2026-06-10T05:22:42Z
2026-06-10T05:21:31Z,2026-06-10T07:21:31+0200,3782c388-ddaf-4035-9ca0-973a72568e07,2026-06-06T08:15:00Z,2026-06-06T10:15:00+0200,1675.95266,MW,DE,DE_LU,forecast_onshore_wind_generation,Wind Onshore,2026-06-10T05:22:42Z
2026-06-10T05:21:31Z,2026-06-10T07:21:31+0200,3782c388-ddaf-4035-9ca0-973a72568e07,2026-06-06T08:30:00Z,2026-06-06T10:30:00+0200,1878.71184,MW,DE,DE_LU,forecast_onshore_wind_generation,Wind Onshore,2026-06-10T05:22:42Z
2026-06-10T05:21:31Z,2026-06-10T07:21:31+0200,3782c388-ddaf-4035-9ca0-973a72568e07,2026-06-06T08:45:00Z,2026-06-06T10:45:00+0200,2085.57724,MW,DE,DE_LU,forecast_onshore_wind_generation,Wind Onshore,2026-06-10T05:22:42Z
2026-06-10T05:21:31Z,2026-06-10T07:21:31+0200,3782c388-ddaf-4035-9ca0-973a72568e07,2026-06-06T09:00:00Z,2026-06-06T11:00:00+0200,2210.89571,MW,DE,DE_LU,forecast_onshore_wind_generation,Wind Onshore,2026-06-10T05:22:42Z
2026-06-10T05:21:31Z,2026-06-10T07:21:31+0200,3782c388-ddaf-4035-9ca0-973a72568e07,2026-06-06T09:15:00Z,2026-06-06T11:15:00+0200,2329.43184,MW,DE,DE_LU,forecast_onshore_wind_generation,Wind Onshore,2026-06-10T05:22:42Z
2026-06-10T05:21:31Z,2026-06-10T07:21:31+0200,3782c388-ddaf-4035-9ca0-973a72568e07,2026-06-06T09:30:00Z,2026-06-06T11:30:00+0200,2430.44801,MW,DE,DE_LU,forecast_onshore_wind_generation,Wind Onshore,2026-06-10T05:22:42Z
2026-06-10T05:21:31Z,2026-06-10T07:21:31+0200,3782c388-ddaf-4035-9ca0-973a72568e07,2026-06-06T09:45:00Z,2026-06-06T11:45:00+0200,2525.17615,MW,DE,DE_LU,forecast_onshore_wind_generation,Wind Onshore,2026-06-10T05:22:42Z
2026-06-10T05:21:31Z,2026-06-10T07:21:31+0200,3782c388-ddaf-4035-9ca0-973a72568e07,2026-06-06T10:00:00Z,2026-06-06T12:00:00+0200,2667.22316,MW,DE,DE_LU,forecast_onshore_wind_generation,Wind Onshore,2026-06-10T05:22:42Z
2026-06-10T05:21:31Z,2026-06-10T07:21:31+0200,3782c388-ddaf-4035-9ca0-973a72568e07,2026-06-06T10:15:00Z,2026-06-06T12:15:00+0200,2796.32519,MW,DE,DE_LU,forecast_onshore_wind_generation,Wind Onshore,2026-06-10T05:22:42Z
2026-06-10T05:21:31Z,2026-06-10T07:21:31+0200,3782c388-ddaf-4035-9ca0-973a72568e07,2026-06-06T10:30:00Z,2026-06-06T12:30:00+0200,2942.05764,MW,DE,DE_LU,forecast_onshore_wind_generation,Wind Onshore,2026-06-10T05:22:42Z
2026-06-10T05:21:31Z,2026-06-10T07:21:31+0200,3782c388-ddaf-4035-9ca0-973a72568e07,2026-06-06T10:45:00Z,2026-06-06T12:45:00+0200,3102.69579,MW,DE,DE_LU,forecast_onshore_wind_generation,Wind Onshore,2026-06-10T05:22:42Z
2026-06-10T05:21:31Z,2026-06-10T07:21:31+0200,3782c388-ddaf-4035-9ca0-973a72568e07,2026-06-06T11:00:00Z,2026-06-06T13:00:00+0200,3258.9099,MW,DE,DE_LU,forecast_onshore_wind_generation,Wind Onshore,2026-06-10T05:22:42Z
2026-06-10T05:21:31Z,2026-06-10T07:21:31+0200,3782c388-ddaf-4035-9ca0-973a72568e07,2026-06-06T11:15:00Z,2026-06-06T13:15:00+0200,3436.14976,MW,DE,DE_LU,forecast_onshore_wind_generation,Wind Onshore,2026-06-10T05:22:42Z
2026-06-10T05:21:31Z,2026-06-10T07:21:31+0200,3782c388-ddaf-4035-9ca0-973a72568e07,2026-06-06T11:30:00Z,2026-06-06T13:30:00+0200,3604.68291,MW,DE,DE_LU,forecast_onshore_wind_generation,Wind Onshore,2026-06-10T05:22:42Z
2026-06-10T05:21:31Z,2026-06-10T07:21:31+0200,3782c388-ddaf-4035-9ca0-973a72568e07,2026-06-06T11:45:00Z,2026-06-06T13:45:00+0200,3790.33273,MW,DE,DE_LU,forecast_onshore_wind_generation,Wind Onshore,2026-06-10T05:22:42Z
2026-06-10T05:21:31Z,2026-06-10T07:21:31+0200,3782c388-ddaf-4035-9ca0-973a72568e07,2026-06-06T12:00:00Z,2026-06-06T14:00:00+0200,3959.87436,MW,DE,DE_LU,forecast_onshore_wind_generation,Wind Onshore,2026-06-10T05:22:42Z
2026-06-10T05:21:31Z,2026-06-10T07:21:31+0200,3782c388-ddaf-4035-9ca0-973a72568e07,2026-06-06T12:15:00Z,2026-06-06T14:15:00+0200,4125.20513,MW,DE,DE_LU,forecast_onshore_wind_generation,Wind Onshore,2026-06-10T05:22:42Z
2026-06-10T05:21:31Z,2026-06-10T07:21:31+0200,3782c388-ddaf-4035-9ca0-973a72568e07,2026-06-06T12:30:00Z,2026-06-06T14:30:00+0200,4293.44493,MW,DE,DE_LU,forecast_onshore_wind_generation,Wind Onshore,2026-06-10T05:22:42Z
2026-06-10T05:21:31Z,2026-06-10T07:21:31+0200,3782c388-ddaf-4035-9ca0-973a72568e07,2026-06-06T12:45:00Z,2026-06-06T14:45:00+0200,4492.97299,MW,DE,DE_LU,forecast_onshore_wind_generation,Wind Onshore,2026-06-10T05:22:42Z
2026-06-10T05:21:31Z,2026-06-10T07:21:31+0200,3782c388-ddaf-4035-9ca0-973a72568e07,2026-06-06T13:00:00Z,2026-06-06T15:00:00+0200,4734.84589,MW,DE,DE_LU,forecast_onshore_wind_generation,Wind Onshore,2026-06-10T05:22:42Z
2026-06-10T05:21:31Z,2026-06-10T07:21:31+0200,3782c388-ddaf-4035-9ca0-973a72568e07,2026-06-06T13:15:00Z,2026-06-06T15:15:00+0200,4946.8821,MW,DE,DE_LU,forecast_onshore_wind_generation,Wind Onshore,2026-06-10T05:22:42Z
2026-06-10T05:21:31Z,2026-06-10T07:21:31+0200,3782c388-ddaf-4035-9ca0-973a72568e07,2026-06-06T13:30:00Z,2026-06-06T15:30:00+0200,5104.75822,MW,DE,DE_LU,forecast_onshore_wind_generation,Wind Onshore,2026-06-10T05:22:42Z
2026-06-10T05:21:31Z,2026-06-10T07:21:31+0200,3782c388-ddaf-4035-9ca0-973a72568e07,2026-06-06T13:45:00Z,2026-06-06T15:45:00+0200,5218.81012,MW,DE,DE_LU,forecast_onshore_wind_generation,Wind Onshore,2026-06-10T05:22:42Z
2026-06-10T05:21:31Z,2026-06-10T07:21:31+0200,3782c388-ddaf-4035-9ca0-973a72568e07,2026-06-06T14:00:00Z,2026-06-06T16:00:00+0200,5354.36802,MW,DE,DE_LU,forecast_onshore_wind_generation,Wind Onshore,2026-06-10T05:22:42Z
2026-06-10T05:21:31Z,2026-06-10T07:21:31+0200,3782c388-ddaf-4035-9ca0-973a72568e07,2026-06-06T14:15:00Z,2026-06-06T16:15:00+0200,5419.07054,MW,DE,DE_LU,forecast_onshore_wind_generation,Wind Onshore,2026-06-10T05:22:42Z
2026-06-10T05:21:31Z,2026-06-10T07:21:31+0200,3782c388-ddaf-4035-9ca0-973a72568e07,2026-06-06T14:30:00Z,2026-06-06T16:30:00+0200,5505.1532,MW,DE,DE_LU,forecast_onshore_wind_generation,Wind Onshore,2026-06-10T05:22:42Z
2026-06-10T05:21:31Z,2026-06-10T07:21:31+0200,3782c388-ddaf-4035-9ca0-973a72568e07,2026-06-06T14:45:00Z,2026-06-06T16:45:00+0200,5588.78063,MW,DE,DE_LU,forecast_onshore_wind_generation,Wind Onshore,2026-06-10T05:22:42Z
2026-06-10T05:21:31Z,2026-06-10T07:21:31+0200,3782c388-ddaf-4035-9ca0-973a72568e07,2026-06-06T15:00:00Z,2026-06-06T17:00:00+0200,5676.01575,MW,DE,DE_LU,forecast_onshore_wind_generation,Wind Onshore,2026-06-10T05:22:42Z
2026-06-10T05:21:31Z,2026-06-10T07:21:31+0200,3782c388-ddaf-4035-9ca0-973a72568e07,2026-06-06T15:15:00Z,2026-06-06T17:15:00+0200,5657.65518,MW,DE,DE_LU,forecast_onshore_wind_generation,Wind Onshore,2026-06-10T05:22:42Z
2026-06-10T05:21:31Z,2026-06-10T07:21:31+0200,3782c388-ddaf-4035-9ca0-973a72568e07,2026-06-06T15:30:00Z,2026-06-06T17:30:00+0200,5626.36629,MW,DE,DE_LU,forecast_onshore_wind_generation,Wind Onshore,2026-06-10T05:22:42Z
2026-06-10T05:21:31Z,2026-06-10T07:21:31+0200,3782c388-ddaf-4035-9ca0-973a72568e07,2026-06-06T15:45:00Z,2026-06-06T17:45:00+0200,5582.56991,MW,DE,DE_LU,forecast_onshore_wind_generation,Wind Onshore,2026-06-10T05:22:42Z
2026-06-10T05:21:31Z,2026-06-10T07:21:31+0200,3782c388-ddaf-4035-9ca0-973a72568e07,2026-06-06T16:00:00Z,2026-06-06T18:00:00+0200,5533.88034,MW,DE,DE_LU,forecast_onshore_wind_generation,Wind Onshore,2026-06-10T05:22:42Z
2026-06-10T05:21:31Z,2026-06-10T07:21:31+0200,3782c388-ddaf-4035-9ca0-973a72568e07,2026-06-06T16:15:00Z,2026-06-06T18:15:00+0200,5467.965,MW,DE,DE_LU,forecast_onshore_wind_generation,Wind Onshore,2026-06-10T05:22:42Z
2026-06-10T05:21:31Z,2026-06-10T07:21:31+0200,3782c388-ddaf-4035-9ca0-973a72568e07,2026-06-06T16:30:00Z,2026-06-06T18:30:00+0200,5414.51513,MW,DE,DE_LU,forecast_onshore_wind_generation,Wind Onshore,2026-06-10T05:22:42Z
2026-06-10T05:21:31Z,2026-06-10T07:21:31+0200,3782c388-ddaf-4035-9ca0-973a72568e07,2026-06-06T16:45:00Z,2026-06-06T18:45:00+0200,5368.8104,MW,DE,DE_LU,forecast_onshore_wind_generation,Wind Onshore,2026-06-10T05:22:42Z
2026-06-10T05:21:31Z,2026-06-10T07:21:31+0200,3782c388-ddaf-4035-9ca0-973a72568e07,2026-06-06T17:00:00Z,2026-06-06T19:00:00+0200,5322.24941,MW,DE,DE_LU,forecast_onshore_wind_generation,Wind Onshore,2026-06-10T05:22:42Z
2026-06-10T05:21:31Z,2026-06-10T07:21:31+0200,3782c388-ddaf-4035-9ca0-973a72568e07,2026-06-06T17:15:00Z,2026-06-06T19:15:00+0200,5463.2014,MW,DE,DE_LU,forecast_onshore_wind_generation,Wind Onshore,2026-06-10T05:22:42Z
2026-06-10T05:21:31Z,2026-06-10T07:21:31+0200,3782c388-ddaf-4035-9ca0-973a72568e07,2026-06-06T17:30:00Z,2026-06-06T19:30:00+0200,5614.38514,MW,DE,DE_LU,forecast_onshore_wind_generation,Wind Onshore,2026-06-10T05:22:42Z
2026-06-10T05:21:31Z,2026-06-10T07:21:31+0200,3782c388-ddaf-4035-9ca0-973a72568e07,2026-06-06T17:45:00Z,2026-06-06T19:45:00+0200,5772.87989,MW,DE,DE_LU,forecast_onshore_wind_generation,Wind Onshore,2026-06-10T05:22:42Z
2026-06-10T05:21:31Z,2026-06-10T07:21:31+0200,3782c388-ddaf-4035-9ca0-973a72568e07,2026-06-06T18:00:00Z,2026-06-06T20:00:00+0200,5953.69103,MW,DE,DE_LU,forecast_onshore_wind_generation,Wind Onshore,2026-06-10T05:22:42Z
2026-06-10T05:21:31Z,2026-06-10T07:21:31+0200,3782c388-ddaf-4035-9ca0-973a72568e07,2026-06-06T18:15:00Z,2026-06-06T20:15:00+0200,6143.69658,MW,DE,DE_LU,forecast_onshore_wind_generation,Wind Onshore,2026-06-10T05:22:42Z
2026-06-10T05:21:31Z,2026-06-10T07:21:31+0200,3782c388-ddaf-4035-9ca0-973a72568e07,2026-06-06T18:30:00Z,2026-06-06T20:30:00+0200,6335.47963,MW,DE,DE_LU,forecast_onshore_wind_generation,Wind Onshore,2026-06-10T05:22:42Z
2026-06-10T05:21:31Z,2026-06-10T07:21:31+0200,3782c388-ddaf-4035-9ca0-973a72568e07,2026-06-06T18:45:00Z,2026-06-06T20:45:00+0200,6497.60484,MW,DE,DE_LU,forecast_onshore_wind_generation,Wind Onshore,2026-06-10T05:22:42Z
2026-06-10T05:21:31Z,2026-06-10T07:21:31+0200,3782c388-ddaf-4035-9ca0-973a72568e07,2026-06-06T19:00:00Z,2026-06-06T21:00:00+0200,6687.34631,MW,DE,DE_LU,forecast_onshore_wind_generation,Wind Onshore,2026-06-10T05:22:42Z
2026-06-10T05:21:31Z,2026-06-10T07:21:31+0200,3782c388-ddaf-4035-9ca0-973a72568e07,2026-06-06T19:15:00Z,2026-06-06T21:15:00+0200,7026.76998,MW,DE,DE_LU,forecast_onshore_wind_generation,Wind Onshore,2026-06-10T05:22:42Z
2026-06-10T05:21:31Z,2026-06-10T07:21:31+0200,3782c388-ddaf-4035-9ca0-973a72568e07,2026-06-06T19:30:00Z,2026-06-06T21:30:00+0200,7413.0142,MW,DE,DE_LU,forecast_onshore_wind_generation,Wind Onshore,2026-06-10T05:22:42Z
2026-06-10T05:21:31Z,2026-06-10T07:21:31+0200,3782c388-ddaf-4035-9ca0-973a72568e07,2026-06-06T19:45:00Z,2026-06-06T21:45:00+0200,7820.53179,MW,DE,DE_LU,forecast_onshore_wind_generation,Wind Onshore,2026-06-10T05:22:42Z
2026-06-10T05:21:31Z,2026-06-10T07:21:31+0200,3782c388-ddaf-4035-9ca0-973a72568e07,2026-06-06T20:00:00Z,2026-06-06T22:00:00+0200,8199.9575,MW,DE,DE_LU,forecast_onshore_wind_generation,Wind Onshore,2026-06-10T05:22:42Z
2026-06-10T05:21:31Z,2026-06-10T07:21:31+0200,3782c388-ddaf-4035-9ca0-973a72568e07,2026-06-06T20:15:00Z,2026-06-06T22:15:00+0200,8737.81876,MW,DE,DE_LU,forecast_onshore_wind_generation,Wind Onshore,2026-06-10T05:22:42Z
2026-06-10T05:21:31Z,2026-06-10T07:21:31+0200,3782c388-ddaf-4035-9ca0-973a72568e07,2026-06-06T20:30:00Z,2026-06-06T22:30:00+0200,9274.43151,MW,DE,DE_LU,forecast_onshore_wind_generation,Wind Onshore,2026-06-10T05:22:42Z
2026-06-10T05:21:31Z,2026-06-10T07:21:31+0200,3782c388-ddaf-4035-9ca0-973a72568e07,2026-06-06T20:45:00Z,2026-06-06T22:45:00+0200,9794.47338,MW,DE,DE_LU,forecast_onshore_wind_generation,Wind Onshore,2026-06-10T05:22:42Z
2026-06-10T05:21:31Z,2026-06-10T07:21:31+0200,3782c388-ddaf-4035-9ca0-973a72568e07,2026-06-06T21:00:00Z,2026-06-06T23:00:00+0200,10285.39879,MW,DE,DE_LU,forecast_onshore_wind_generation,Wind Onshore,2026-06-10T05:22:42Z
2026-06-10T05:21:31Z,2026-06-10T07:21:31+0200,3782c388-ddaf-4035-9ca0-973a72568e07,2026-06-06T21:15:00Z,2026-06-06T23:15:00+0200,10706.31015,MW,DE,DE_LU,forecast_onshore_wind_generation,Wind Onshore,2026-06-10T05:22:42Z
2026-06-10T05:21:31Z,2026-06-10T07:21:31+0200,3782c388-ddaf-4035-9ca0-973a72568e07,2026-06-06T21:30:00Z,2026-06-06T23:30:00+0200,11135.43064,MW,DE,DE_LU,forecast_onshore_wind_generation,Wind Onshore,2026-06-10T05:22:42Z
2026-06-10T05:21:31Z,2026-06-10T07:21:31+0200,3782c388-ddaf-4035-9ca0-973a72568e07,2026-06-06T21:45:00Z,2026-06-06T23:45:00+0200,11585.88933,MW,DE,DE_LU,forecast_onshore_wind_generation,Wind Onshore,2026-06-10T05:22:42Z
2026-06-10T05:21:31Z,2026-06-10T07:21:31+0200,3782c388-ddaf-4035-9ca0-973a72568e07,2026-06-06T22:00:00Z,2026-06-07T00:00:00+0200,11649.09445,MW,DE,DE_LU,forecast_onshore_wind_generation,Wind Onshore,2026-06-10T05:22:42Z
2026-06-10T05:21:31Z,2026-06-10T07:21:31+0200,3782c388-ddaf-4035-9ca0-973a72568e07,2026-06-06T22:15:00Z,2026-06-07T00:15:00+0200,12044.11188,MW,DE,DE_LU,forecast_onshore_wind_generation,Wind Onshore,2026-06-10T05:22:42Z
2026-06-10T05:21:31Z,2026-06-10T07:21:31+0200,3782c388-ddaf-4035-9ca0-973a72568e07,2026-06-06T22:30:00Z,2026-06-07T00:30:00+0200,12438.95752,MW,DE,DE_LU,forecast_onshore_wind_generation,Wind Onshore,2026-06-10T05:22:42Z
2026-06-10T05:21:31Z,2026-06-10T07:21:31+0200,3782c388-ddaf-4035-9ca0-973a72568e07,2026-06-06T22:45:00Z,2026-06-07T00:45:00+0200,12818.24228,MW,DE,DE_LU,forecast_onshore_wind_generation,Wind Onshore,2026-06-10T05:22:42Z
2026-06-10T05:21:31Z,2026-06-10T07:21:31+0200,3782c388-ddaf-4035-9ca0-973a72568e07,2026-06-06T23:00:00Z,2026-06-07T01:00:00+0200,13189.16665,MW,DE,DE_LU,forecast_onshore_wind_generation,Wind Onshore,2026-06-10T05:22:42Z
2026-06-10T05:21:31Z,2026-06-10T07:21:31+0200,3782c388-ddaf-4035-9ca0-973a72568e07,2026-06-06T23:15:00Z,2026-06-07T01:15:00+0200,13543.44356,MW,DE,DE_LU,forecast_onshore_wind_generation,Wind Onshore,2026-06-10T05:22:42Z
2026-06-10T05:21:31Z,2026-06-10T07:21:31+0200,3782c388-ddaf-4035-9ca0-973a72568e07,2026-06-06T23:30:00Z,2026-06-07T01:30:00+0200,13911.09107,MW,DE,DE_LU,forecast_onshore_wind_generation,Wind Onshore,2026-06-10T05:22:42Z
2026-06-10T05:21:31Z,2026-06-10T07:21:31+0200,3782c388-ddaf-4035-9ca0-973a72568e07,2026-06-06T23:45:00Z,2026-06-07T01:45:00+0200,14291.96776,MW,DE,DE_LU,forecast_onshore_wind_generation,Wind Onshore,2026-06-10T05:22:42Z
2026-06-10T05:21:31Z,2026-06-10T07:21:31+0200,3782c388-ddaf-4035-9ca0-973a72568e07,2026-06-07T00:00:00Z,2026-06-07T02:00:00+0200,14637.17099,MW,DE,DE_LU,forecast_onshore_wind_generation,Wind Onshore,2026-06-10T05:22:42Z
2026-06-10T05:21:31Z,2026-06-10T07:21:31+0200,3782c388-ddaf-4035-9ca0-973a72568e07,2026-06-07T00:15:00Z,2026-06-07T02:15:00+0200,14960.56836,MW,DE,DE_LU,forecast_onshore_wind_generation,Wind Onshore,2026-06-10T05:22:42Z
2026-06-10T05:21:31Z,2026-06-10T07:21:31+0200,3782c388-ddaf-4035-9ca0-973a72568e07,2026-06-07T00:30:00Z,2026-06-07T02:30:00+0200,15290.49284,MW,DE,DE_LU,forecast_onshore_wind_generation,Wind Onshore,2026-06-10T05:22:42Z
2026-06-10T05:21:31Z,2026-06-10T07:21:31+0200,3782c388-ddaf-4035-9ca0-973a72568e07,2026-06-07T00:45:00Z,2026-06-07T02:45:00+0200,15625.803,MW,DE,DE_LU,forecast_onshore_wind_generation,Wind Onshore,2026-06-10T05:22:42Z
2026-06-10T05:21:31Z,2026-06-10T07:21:31+0200,3782c388-ddaf-4035-9ca0-973a72568e07,2026-06-07T01:00:00Z,2026-06-07T03:00:00+0200,15945.15804,MW,DE,DE_LU,forecast_onshore_wind_generation,Wind Onshore,2026-06-10T05:22:42Z
2026-06-10T05:21:31Z,2026-06-10T07:21:31+0200,3782c388-ddaf-4035-9ca0-973a72568e07,2026-06-07T01:15:00Z,2026-06-07T03:15:00+0200,16216.0278,MW,DE,DE_LU,forecast_onshore_wind_generation,Wind Onshore,2026-06-10T05:22:42Z
2026-06-10T05:21:31Z,2026-06-10T07:21:31+0200,3782c388-ddaf-4035-9ca0-973a72568e07,2026-06-07T01:30:00Z,2026-06-07T03:30:00+0200,16483.60249,MW,DE,DE_LU,forecast_onshore_wind_generation,Wind Onshore,2026-06-10T05:22:42Z
2026-06-10T05:21:31Z,2026-06-10T07:21:31+0200,3782c388-ddaf-4035-9ca0-973a72568e07,2026-06-07T01:45:00Z,2026-06-07T03:45:00+0200,16756.58704,MW,DE,DE_LU,forecast_onshore_wind_generation,Wind Onshore,2026-06-10T05:22:42Z
2026-06-10T05:21:31Z,2026-06-10T07:21:31+0200,3782c388-ddaf-4035-9ca0-973a72568e07,2026-06-07T02:00:00Z,2026-06-07T04:00:00+0200,17056.41691,MW,DE,DE_LU,forecast_onshore_wind_generation,Wind Onshore,2026-06-10T05:22:42Z
2026-06-10T05:21:31Z,2026-06-10T07:21:31+0200,3782c388-ddaf-4035-9ca0-973a72568e07,2026-06-07T02:15:00Z,2026-06-07T04:15:00+0200,17411.79787,MW,DE,DE_LU,forecast_onshore_wind_generation,Wind Onshore,2026-06-10T05:22:42Z
2026-06-10T05:21:31Z,2026-06-10T07:21:31+0200,3782c388-ddaf-4035-9ca0-973a72568e07,2026-06-07T02:30:00Z,2026-06-07T04:30:00+0200,17745.05478,MW,DE,DE_LU,forecast_onshore_wind_generation,Wind Onshore,2026-06-10T05:22:42Z
2026-06-10T05:21:31Z,2026-06-10T07:21:31+0200,3782c388-ddaf-4035-9ca0-973a72568e07,2026-06-07T02:45:00Z,2026-06-07T04:45:00+0200,18069.90132,MW,DE,DE_LU,forecast_onshore_wind_generation,Wind Onshore,2026-06-10T05:22:42Z
2026-06-10T05:21:31Z,2026-06-10T07:21:31+0200,3782c388-ddaf-4035-9ca0-973a72568e07,2026-06-07T03:00:00Z,2026-06-07T05:00:00+0200,18370.51133,MW,DE,DE_LU,forecast_onshore_wind_generation,Wind Onshore,2026-06-10T05:22:42Z
2026-06-10T05:21:31Z,2026-06-10T07:21:31+0200,3782c388-ddaf-4035-9ca0-973a72568e07,2026-06-07T03:15:00Z,2026-06-07T05:15:00+0200,18561.02557,MW,DE,DE_LU,forecast_onshore_wind_generation,Wind Onshore,2026-06-10T05:22:42Z
2026-06-10T05:21:31Z,2026-06-10T07:21:31+0200,3782c388-ddaf-4035-9ca0-973a72568e07,2026-06-07T03:30:00Z,2026-06-07T05:30:00+0200,18746.56125,MW,DE,DE_LU,forecast_onshore_wind_generation,Wind Onshore,2026-06-10T05:22:42Z
2026-06-10T05:21:31Z,2026-06-10T07:21:31+0200,3782c388-ddaf-4035-9ca0-973a72568e07,2026-06-07T03:45:00Z,2026-06-07T05:45:00+0200,18930.66481,MW,DE,DE_LU,forecast_onshore_wind_generation,Wind Onshore,2026-06-10T05:22:42Z
2026-06-10T05:21:31Z,2026-06-10T07:21:31+0200,3782c388-ddaf-4035-9ca0-973a72568e07,2026-06-07T04:00:00Z,2026-06-07T06:00:00+0200,19295.01696,MW,DE,DE_LU,forecast_onshore_wind_generation,Wind Onshore,2026-06-10T05:22:42Z
2026-06-10T05:21:31Z,2026-06-10T07:21:31+0200,3782c388-ddaf-4035-9ca0-973a72568e07,2026-06-07T04:15:00Z,2026-06-07T06:15:00+0200,19224.25547,MW,DE,DE_LU,forecast_onshore_wind_generation,Wind Onshore,2026-06-10T05:22:42Z
2026-06-10T05:21:31Z,2026-06-10T07:21:31+0200,3782c388-ddaf-4035-9ca0-973a72568e07,2026-06-07T04:30:00Z,2026-06-07T06:30:00+0200,19120.48012,MW,DE,DE_LU,forecast_onshore_wind_generation,Wind Onshore,2026-06-10T05:22:42Z
2026-06-10T05:21:31Z,2026-06-10T07:21:31+0200,3782c388-ddaf-4035-9ca0-973a72568e07,2026-06-07T04:45:00Z,2026-06-07T06:45:00+0200,18972.42051,MW,DE,DE_LU,forecast_onshore_wind_generation,Wind Onshore,2026-06-10T05:22:42Z
2026-06-10T05:21:31Z,2026-06-10T07:21:31+0200,3782c388-ddaf-4035-9ca0-973a72568e07,2026-06-07T05:00:00Z,2026-06-07T07:00:00+0200,18699.48927,MW,DE,DE_LU,forecast_onshore_wind_generation,Wind Onshore,2026-06-10T05:22:42Z
2026-06-10T05:21:31Z,2026-06-10T07:21:31+0200,3782c388-ddaf-4035-9ca0-973a72568e07,2026-06-07T05:15:00Z,2026-06-07T07:15:00+0200,18459.60464,MW,DE,DE_LU,forecast_onshore_wind_generation,Wind Onshore,2026-06-10T05:22:42Z
2026-06-10T05:21:31Z,2026-06-10T07:21:31+0200,3782c388-ddaf-4035-9ca0-973a72568e07,2026-06-07T05:30:00Z,2026-06-07T07:30:00+0200,18186.36764,MW,DE,DE_LU,forecast_onshore_wind_generation,Wind Onshore,2026-06-10T05:22:42Z
2026-06-10T05:21:31Z,2026-06-10T07:21:31+0200,3782c388-ddaf-4035-9ca0-973a72568e07,2026-06-07T05:45:00Z,2026-06-07T07:45:00+0200,17850.53203,MW,DE,DE_LU,forecast_onshore_wind_generation,Wind Onshore,2026-06-10T05:22:42Z
2026-06-10T05:21:31Z,2026-06-10T07:21:31+0200,3782c388-ddaf-4035-9ca0-973a72568e07,2026-06-07T06:00:00Z,2026-06-07T08:00:00+0200,17644.48327,MW,DE,DE_LU,forecast_onshore_wind_generation,Wind Onshore,2026-06-10T05:22:42Z
2026-06-10T05:21:31Z,2026-06-10T07:21:31+0200,3782c388-ddaf-4035-9ca0-973a72568e07,2026-06-07T06:15:00Z,2026-06-07T08:15:00+0200,17633.00895,MW,DE,DE_LU,forecast_onshore_wind_generation,Wind Onshore,2026-06-10T05:22:42Z
2026-06-10T05:21:31Z,2026-06-10T07:21:31+0200,3782c388-ddaf-4035-9ca0-973a72568e07,2026-06-07T06:30:00Z,2026-06-07T08:30:00+0200,17656.0354,MW,DE,DE_LU,forecast_onshore_wind_generation,Wind Onshore,2026-06-10T05:22:42Z
2026-06-10T05:21:31Z,2026-06-10T07:21:31+0200,3782c388-ddaf-4035-9ca0-973a72568e07,2026-06-07T06:45:00Z,2026-06-07T08:45:00+0200,17638.31038,MW,DE,DE_LU,forecast_onshore_wind_generation,Wind Onshore,2026-06-10T05:22:42Z
2026-06-10T05:21:31Z,2026-06-10T07:21:31+0200,3782c388-ddaf-4035-9ca0-973a72568e07,2026-06-07T07:00:00Z,2026-06-07T09:00:00+0200,17586.23317,MW,DE,DE_LU,forecast_onshore_wind_generation,Wind Onshore,2026-06-10T05:22:42Z
2026-06-10T05:21:31Z,2026-06-10T07:21:31+0200,3782c388-ddaf-4035-9ca0-973a72568e07,2026-06-07T07:15:00Z,2026-06-07T09:15:00+0200,17514.00887,MW,DE,DE_LU,forecast_onshore_wind_generation,Wind Onshore,2026-06-10T05:22:42Z
2026-06-10T05:21:31Z,2026-06-10T07:21:31+0200,3782c388-ddaf-4035-9ca0-973a72568e07,2026-06-07T07:30:00Z,2026-06-07T09:30:00+0200,17466.98902,MW,DE,DE_LU,forecast_onshore_wind_generation,Wind Onshore,2026-06-10T05:22:42Z
2026-06-10T05:21:31Z,2026-06-10T07:21:31+0200,3782c388-ddaf-4035-9ca0-973a72568e07,2026-06-07T07:45:00Z,2026-06-07T09:45:00+0200,17397.48951,MW,DE,DE_LU,forecast_onshore_wind_generation,Wind Onshore,2026-06-10T05:22:42Z
2026-06-10T05:21:31Z,2026-06-10T07:21:31+0200,3782c388-ddaf-4035-9ca0-973a72568e07,2026-06-07T08:00:00Z,2026-06-07T10:00:00+0200,17299.01502,MW,DE,DE_LU,forecast_onshore_wind_generation,Wind Onshore,2026-06-10T05:22:42Z
2026-06-10T05:21:31Z,2026-06-10T07:21:31+0200,3782c388-ddaf-4035-9ca0-973a72568e07,2026-06-07T08:15:00Z,2026-06-07T10:15:00+0200,17134.97898,MW,DE,DE_LU,forecast_onshore_wind_generation,Wind Onshore,2026-06-10T05:22:42Z
2026-06-10T05:21:31Z,2026-06-10T07:21:31+0200,3782c388-ddaf-4035-9ca0-973a72568e07,2026-06-07T08:30:00Z,2026-06-07T10:30:00+0200,16767.88359,MW,DE,DE_LU,forecast_onshore_wind_generation,Wind Onshore,2026-06-10T05:22:42Z
2026-06-10T05:21:31Z,2026-06-10T07:21:31+0200,3782c388-ddaf-4035-9ca0-973a72568e07,2026-06-07T08:45:00Z,2026-06-07T10:45:00+0200,16421.00644,MW,DE,DE_LU,forecast_onshore_wind_generation,Wind Onshore,2026-06-10T05:22:42Z
2026-06-10T05:21:31Z,2026-06-10T07:21:31+0200,3782c388-ddaf-4035-9ca0-973a72568e07,2026-06-07T09:00:00Z,2026-06-07T11:00:00+0200,16157.39289,MW,DE,DE_LU,forecast_onshore_wind_generation,Wind Onshore,2026-06-10T05:22:42Z
2026-06-10T05:21:31Z,2026-06-10T07:21:31+0200,3782c388-ddaf-4035-9ca0-973a72568e07,2026-06-07T09:15:00Z,2026-06-07T11:15:00+0200,15940.2517,MW,DE,DE_LU,forecast_onshore_wind_generation,Wind Onshore,2026-06-10T05:22:42Z
2026-06-10T05:21:31Z,2026-06-10T07:21:31+0200,3782c388-ddaf-4035-9ca0-973a72568e07,2026-06-07T09:30:00Z,2026-06-07T11:30:00+0200,15674.6139,MW,DE,DE_LU,forecast_onshore_wind_generation,Wind Onshore,2026-06-10T05:22:42Z
2026-06-10T05:21:31Z,2026-06-10T07:21:31+0200,3782c388-ddaf-4035-9ca0-973a72568e07,2026-06-07T09:45:00Z,2026-06-07T11:45:00+0200,15472.40389,MW,DE,DE_LU,forecast_onshore_wind_generation,Wind Onshore,2026-06-10T05:22:42Z
2026-06-10T05:21:31Z,2026-06-10T07:21:31+0200,3782c388-ddaf-4035-9ca0-973a72568e07,2026-06-07T10:00:00Z,2026-06-07T12:00:00+0200,15207.31822,MW,DE,DE_LU,forecast_onshore_wind_generation,Wind Onshore,2026-06-10T05:22:42Z
2026-06-10T05:21:31Z,2026-06-10T07:21:31+0200,3782c388-ddaf-4035-9ca0-973a72568e07,2026-06-07T10:15:00Z,2026-06-07T12:15:00+0200,14874.25944,MW,DE,DE_LU,forecast_onshore_wind_generation,Wind Onshore,2026-06-10T05:22:42Z
2026-06-10T05:21:31Z,2026-06-10T07:21:31+0200,3782c388-ddaf-4035-9ca0-973a72568e07,2026-06-07T10:30:00Z,2026-06-07T12:30:00+0200,14638.96492,MW,DE,DE_LU,forecast_onshore_wind_generation,Wind Onshore,2026-06-10T05:22:42Z
2026-06-10T05:21:31Z,2026-06-10T07:21:31+0200,3782c388-ddaf-4035-9ca0-973a72568e07,2026-06-07T10:45:00Z,2026-06-07T12:45:00+0200,14457.48184,MW,DE,DE_LU,forecast_onshore_wind_generation,Wind Onshore,2026-06-10T05:22:42Z
2026-06-10T05:21:31Z,2026-06-10T07:21:31+0200,3782c388-ddaf-4035-9ca0-973a72568e07,2026-06-07T11:00:00Z,2026-06-07T13:00:00+0200,14206.00871,MW,DE,DE_LU,forecast_onshore_wind_generation,Wind Onshore,2026-06-10T05:22:42Z
2026-06-10T05:21:31Z,2026-06-10T07:21:31+0200,3782c388-ddaf-4035-9ca0-973a72568e07,2026-06-07T11:15:00Z,2026-06-07T13:15:00+0200,13926.05489,MW,DE,DE_LU,forecast_onshore_wind_generation,Wind Onshore,2026-06-10T05:22:42Z
2026-06-10T05:21:31Z,2026-06-10T07:21:31+0200,3782c388-ddaf-4035-9ca0-973a72568e07,2026-06-07T11:30:00Z,2026-06-07T13:30:00+0200,13736.70422,MW,DE,DE_LU,forecast_onshore_wind_generation,Wind Onshore,2026-06-10T05:22:42Z
2026-06-10T05:21:31Z,2026-06-10T07:21:31+0200,3782c388-ddaf-4035-9ca0-973a72568e07,2026-06-07T11:45:00Z,2026-06-07T13:45:00+0200,13613.41379,MW,DE,DE_LU,forecast_onshore_wind_generation,Wind Onshore,2026-06-10T05:22:42Z
2026-06-10T05:21:31Z,2026-06-10T07:21:31+0200,3782c388-ddaf-4035-9ca0-973a72568e07,2026-06-07T12:00:00Z,2026-06-07T14:00:00+0200,13510.51256,MW,DE,DE_LU,forecast_onshore_wind_generation,Wind Onshore,2026-06-10T05:22:42Z
2026-06-10T05:21:31Z,2026-06-10T07:21:31+0200,3782c388-ddaf-4035-9ca0-973a72568e07,2026-06-07T12:15:00Z,2026-06-07T14:15:00+0200,13418.5429,MW,DE,DE_LU,forecast_onshore_wind_generation,Wind Onshore,2026-06-10T05:22:42Z
2026-06-10T05:21:31Z,2026-06-10T07:21:31+0200,3782c388-ddaf-4035-9ca0-973a72568e07,2026-06-07T12:30:00Z,2026-06-07T14:30:00+0200,13386.54193,MW,DE,DE_LU,forecast_onshore_wind_generation,Wind Onshore,2026-06-10T05:22:42Z
2026-06-10T05:21:31Z,2026-06-10T07:21:31+0200,3782c388-ddaf-4035-9ca0-973a72568e07,2026-06-07T12:45:00Z,2026-06-07T14:45:00+0200,13363.0798,MW,DE,DE_LU,forecast_onshore_wind_generation,Wind Onshore,2026-06-10T05:22:42Z
2026-06-10T05:21:31Z,2026-06-10T07:21:31+0200,3782c388-ddaf-4035-9ca0-973a72568e07,2026-06-07T13:00:00Z,2026-06-07T15:00:00+0200,13497.73521,MW,DE,DE_LU,forecast_onshore_wind_generation,Wind Onshore,2026-06-10T05:22:42Z
2026-06-10T05:21:31Z,2026-06-10T07:21:31+0200,3782c388-ddaf-4035-9ca0-973a72568e07,2026-06-07T13:15:00Z,2026-06-07T15:15:00+0200,13685.47721,MW,DE,DE_LU,forecast_onshore_wind_generation,Wind Onshore,2026-06-10T05:22:42Z
2026-06-10T05:21:31Z,2026-06-10T07:21:31+0200,3782c388-ddaf-4035-9ca0-973a72568e07,2026-06-07T13:30:00Z,2026-06-07T15:30:00+0200,13979.80718,MW,DE,DE_LU,forecast_onshore_wind_generation,Wind Onshore,2026-06-10T05:22:42Z
2026-06-10T05:21:31Z,2026-06-10T07:21:31+0200,3782c388-ddaf-4035-9ca0-973a72568e07,2026-06-07T13:45:00Z,2026-06-07T15:45:00+0200,14352.16238,MW,DE,DE_LU,forecast_onshore_wind_generation,Wind Onshore,2026-06-10T05:22:42Z
2026-06-10T05:21:31Z,2026-06-10T07:21:31+0200,3782c388-ddaf-4035-9ca0-973a72568e07,2026-06-07T14:00:00Z,2026-06-07T16:00:00+0200,14827.27661,MW,DE,DE_LU,forecast_onshore_wind_generation,Wind Onshore,2026-06-10T05:22:42Z
2026-06-10T05:21:31Z,2026-06-10T07:21:31+0200,3782c388-ddaf-4035-9ca0-973a72568e07,2026-06-07T14:15:00Z,2026-06-07T16:15:00+0200,15352.73093,MW,DE,DE_LU,forecast_onshore_wind_generation,Wind Onshore,2026-06-10T05:22:42Z
2026-06-10T05:21:31Z,2026-06-10T07:21:31+0200,3782c388-ddaf-4035-9ca0-973a72568e07,2026-06-07T14:30:00Z,2026-06-07T16:30:00+0200,15796.65756,MW,DE,DE_LU,forecast_onshore_wind_generation,Wind Onshore,2026-06-10T05:22:42Z
2026-06-10T05:21:31Z,2026-06-10T07:21:31+0200,3782c388-ddaf-4035-9ca0-973a72568e07,2026-06-07T14:45:00Z,2026-06-07T16:45:00+0200,16321.66739,MW,DE,DE_LU,forecast_onshore_wind_generation,Wind Onshore,2026-06-10T05:22:42Z
2026-06-10T05:21:31Z,2026-06-10T07:21:31+0200,3782c388-ddaf-4035-9ca0-973a72568e07,2026-06-07T15:00:00Z,2026-06-07T17:00:00+0200,16647.96182,MW,DE,DE_LU,forecast_onshore_wind_generation,Wind Onshore,2026-06-10T05:22:42Z
2026-06-10T05:21:31Z,2026-06-10T07:21:31+0200,3782c388-ddaf-4035-9ca0-973a72568e07,2026-06-07T15:15:00Z,2026-06-07T17:15:00+0200,16833.30475,MW,DE,DE_LU,forecast_onshore_wind_generation,Wind Onshore,2026-06-10T05:22:42Z
2026-06-10T05:21:31Z,2026-06-10T07:21:31+0200,3782c388-ddaf-4035-9ca0-973a72568e07,2026-06-07T15:30:00Z,2026-06-07T17:30:00+0200,16995.22244,MW,DE,DE_LU,forecast_onshore_wind_generation,Wind Onshore,2026-06-10T05:22:42Z
2026-06-10T05:21:31Z,2026-06-10T07:21:31+0200,3782c388-ddaf-4035-9ca0-973a72568e07,2026-06-07T15:45:00Z,2026-06-07T17:45:00+0200,17033.98246,MW,DE,DE_LU,forecast_onshore_wind_generation,Wind Onshore,2026-06-10T05:22:42Z
2026-06-10T05:21:31Z,2026-06-10T07:21:31+0200,3782c388-ddaf-4035-9ca0-973a72568e07,2026-06-07T16:00:00Z,2026-06-07T18:00:00+0200,16964.33875,MW,DE,DE_LU,forecast_onshore_wind_generation,Wind Onshore,2026-06-10T05:22:42Z
2026-06-10T05:21:31Z,2026-06-10T07:21:31+0200,3782c388-ddaf-4035-9ca0-973a72568e07,2026-06-07T16:15:00Z,2026-06-07T18:15:00+0200,16733.07863,MW,DE,DE_LU,forecast_onshore_wind_generation,Wind Onshore,2026-06-10T05:22:42Z
2026-06-10T05:21:31Z,2026-06-10T07:21:31+0200,3782c388-ddaf-4035-9ca0-973a72568e07,2026-06-07T16:30:00Z,2026-06-07T18:30:00+0200,16207.55237,MW,DE,DE_LU,forecast_onshore_wind_generation,Wind Onshore,2026-06-10T05:22:42Z
2026-06-10T05:21:31Z,2026-06-10T07:21:31+0200,3782c388-ddaf-4035-9ca0-973a72568e07,2026-06-07T16:45:00Z,2026-06-07T18:45:00+0200,15487.52359,MW,DE,DE_LU,forecast_onshore_wind_generation,Wind Onshore,2026-06-10T05:22:42Z
2026-06-10T05:21:31Z,2026-06-10T07:21:31+0200,3782c388-ddaf-4035-9ca0-973a72568e07,2026-06-07T17:00:00Z,2026-06-07T19:00:00+0200,14735.78623,MW,DE,DE_LU,forecast_onshore_wind_generation,Wind Onshore,2026-06-10T05:22:42Z
2026-06-10T05:21:31Z,2026-06-10T07:21:31+0200,3782c388-ddaf-4035-9ca0-973a72568e07,2026-06-07T17:15:00Z,2026-06-07T19:15:00+0200,13961.37736,MW,DE,DE_LU,forecast_onshore_wind_generation,Wind Onshore,2026-06-10T05:22:42Z
2026-06-10T05:21:31Z,2026-06-10T07:21:31+0200,3782c388-ddaf-4035-9ca0-973a72568e07,2026-06-07T17:30:00Z,2026-06-07T19:30:00+0200,13184.94427,MW,DE,DE_LU,forecast_onshore_wind_generation,Wind Onshore,2026-06-10T05:22:42Z
2026-06-10T05:21:31Z,2026-06-10T07:21:31+0200,3782c388-ddaf-4035-9ca0-973a72568e07,2026-06-07T17:45:00Z,2026-06-07T19:45:00+0200,12404.90684,MW,DE,DE_LU,forecast_onshore_wind_generation,Wind Onshore,2026-06-10T05:22:42Z
2026-06-10T05:21:31Z,2026-06-10T07:21:31+0200,3782c388-ddaf-4035-9ca0-973a72568e07,2026-06-07T18:00:00Z,2026-06-07T20:00:00+0200,11629.12967,MW,DE,DE_LU,forecast_onshore_wind_generation,Wind Onshore,2026-06-10T05:22:42Z
2026-06-10T05:21:31Z,2026-06-10T07:21:31+0200,3782c388-ddaf-4035-9ca0-973a72568e07,2026-06-07T18:15:00Z,2026-06-07T20:15:00+0200,10974.92422,MW,DE,DE_LU,forecast_onshore_wind_generation,Wind Onshore,2026-06-10T05:22:42Z
2026-06-10T05:21:31Z,2026-06-10T07:21:31+0200,3782c388-ddaf-4035-9ca0-973a72568e07,2026-06-07T18:30:00Z,2026-06-07T20:30:00+0200,10259.1118,MW,DE,DE_LU,forecast_onshore_wind_generation,Wind Onshore,2026-06-10T05:22:42Z
2026-06-10T05:21:31Z,2026-06-10T07:21:31+0200,3782c388-ddaf-4035-9ca0-973a72568e07,2026-06-07T18:45:00Z,2026-06-07T20:45:00+0200,9485.41215,MW,DE,DE_LU,forecast_onshore_wind_generation,Wind Onshore,2026-06-10T05:22:42Z
2026-06-10T05:21:31Z,2026-06-10T07:21:31+0200,3782c388-ddaf-4035-9ca0-973a72568e07,2026-06-07T19:00:00Z,2026-06-07T21:00:00+0200,8709.45136,MW,DE,DE_LU,forecast_onshore_wind_generation,Wind Onshore,2026-06-10T05:22:42Z
2026-06-10T05:21:31Z,2026-06-10T07:21:31+0200,3782c388-ddaf-4035-9ca0-973a72568e07,2026-06-07T19:15:00Z,2026-06-07T21:15:00+0200,8111.5027,MW,DE,DE_LU,forecast_onshore_wind_generation,Wind Onshore,2026-06-10T05:22:42Z
2026-06-10T05:21:31Z,2026-06-10T07:21:31+0200,3782c388-ddaf-4035-9ca0-973a72568e07,2026-06-07T19:30:00Z,2026-06-07T21:30:00+0200,7605.82474,MW,DE,DE_LU,forecast_onshore_wind_generation,Wind Onshore,2026-06-10T05:22:42Z
2026-06-10T05:21:31Z,2026-06-10T07:21:31+0200,3782c388-ddaf-4035-9ca0-973a72568e07,2026-06-07T19:45:00Z,2026-06-07T21:45:00+0200,7149.46442,MW,DE,DE_LU,forecast_onshore_wind_generation,Wind Onshore,2026-06-10T05:22:42Z
2026-06-10T05:21:31Z,2026-06-10T07:21:31+0200,3782c388-ddaf-4035-9ca0-973a72568e07,2026-06-07T20:00:00Z,2026-06-07T22:00:00+0200,6635.43859,MW,DE,DE_LU,forecast_onshore_wind_generation,Wind Onshore,2026-06-10T05:22:42Z
2026-06-10T05:21:31Z,2026-06-10T07:21:31+0200,3782c388-ddaf-4035-9ca0-973a72568e07,2026-06-07T20:15:00Z,2026-06-07T22:15:00+0200,6358.84031,MW,DE,DE_LU,forecast_onshore_wind_generation,Wind Onshore,2026-06-10T05:22:42Z
2026-06-10T05:21:31Z,2026-06-10T07:21:31+0200,3782c388-ddaf-4035-9ca0-973a72568e07,2026-06-07T20:30:00Z,2026-06-07T22:30:00+0200,6092.46757,MW,DE,DE_LU,forecast_onshore_wind_generation,Wind Onshore,2026-06-10T05:22:42Z
2026-06-10T05:21:31Z,2026-06-10T07:21:31+0200,3782c388-ddaf-4035-9ca0-973a72568e07,2026-06-07T20:45:00Z,2026-06-07T22:45:00+0200,5830.34503,MW,DE,DE_LU,forecast_onshore_wind_generation,Wind Onshore,2026-06-10T05:22:42Z
2026-06-10T05:21:31Z,2026-06-10T07:21:31+0200,3782c388-ddaf-4035-9ca0-973a72568e07,2026-06-07T21:00:00Z,2026-06-07T23:00:00+0200,5563.44146,MW,DE,DE_LU,forecast_onshore_wind_generation,Wind Onshore,2026-06-10T05:22:42Z
2026-06-10T05:21:31Z,2026-06-10T07:21:31+0200,3782c388-ddaf-4035-9ca0-973a72568e07,2026-06-07T21:15:00Z,2026-06-07T23:15:00+0200,5357.95713,MW,DE,DE_LU,forecast_onshore_wind_generation,Wind Onshore,2026-06-10T05:22:42Z
2026-06-10T05:21:31Z,2026-06-10T07:21:31+0200,3782c388-ddaf-4035-9ca0-973a72568e07,2026-06-07T21:30:00Z,2026-06-07T23:30:00+0200,5152.25717,MW,DE,DE_LU,forecast_onshore_wind_generation,Wind Onshore,2026-06-10T05:22:42Z
2026-06-10T05:21:31Z,2026-06-10T07:21:31+0200,3782c388-ddaf-4035-9ca0-973a72568e07,2026-06-07T21:45:00Z,2026-06-07T23:45:00+0200,4950.19575,MW,DE,DE_LU,forecast_onshore_wind_generation,Wind Onshore,2026-06-10T05:22:42Z
2026-06-10T05:21:31Z,2026-06-10T07:21:31+0200,3782c388-ddaf-4035-9ca0-973a72568e07,2026-06-07T22:00:00Z,2026-06-08T00:00:00+0200,3583.45254,MW,DE,DE_LU,forecast_onshore_wind_generation,Wind Onshore,2026-06-10T05:22:42Z
2026-06-10T05:21:31Z,2026-06-10T07:21:31+0200,3782c388-ddaf-4035-9ca0-973a72568e07,2026-06-07T22:15:00Z,2026-06-08T00:15:00+0200,3451.04492,MW,DE,DE_LU,forecast_onshore_wind_generation,Wind Onshore,2026-06-10T05:22:42Z
2026-06-10T05:21:31Z,2026-06-10T07:21:31+0200,3782c388-ddaf-4035-9ca0-973a72568e07,2026-06-07T22:30:00Z,2026-06-08T00:30:00+0200,3326.07543,MW,DE,DE_LU,forecast_onshore_wind_generation,Wind Onshore,2026-06-10T05:22:42Z
2026-06-10T05:21:31Z,2026-06-10T07:21:31+0200,3782c388-ddaf-4035-9ca0-973a72568e07,2026-06-07T22:45:00Z,2026-06-08T00:45:00+0200,3204.99934,MW,DE,DE_LU,forecast_onshore_wind_generation,Wind Onshore,2026-06-10T05:22:42Z
2026-06-10T05:21:31Z,2026-06-10T07:21:31+0200,3782c388-ddaf-4035-9ca0-973a72568e07,2026-06-07T23:00:00Z,2026-06-08T01:00:00+0200,3085.76897,MW,DE,DE_LU,forecast_onshore_wind_generation,Wind Onshore,2026-06-10T05:22:42Z
2026-06-10T05:21:31Z,2026-06-10T07:21:31+0200,3782c388-ddaf-4035-9ca0-973a72568e07,2026-06-07T23:15:00Z,2026-06-08T01:15:00+0200,3014.15192,MW,DE,DE_LU,forecast_onshore_wind_generation,Wind Onshore,2026-06-10T05:22:42Z
2026-06-10T05:21:31Z,2026-06-10T07:21:31+0200,3782c388-ddaf-4035-9ca0-973a72568e07,2026-06-07T23:30:00Z,2026-06-08T01:30:00+0200,2951.31619,MW,DE,DE_LU,forecast_onshore_wind_generation,Wind Onshore,2026-06-10T05:22:42Z
2026-06-10T05:21:31Z,2026-06-10T07:21:31+0200,3782c388-ddaf-4035-9ca0-973a72568e07,2026-06-07T23:45:00Z,2026-06-08T01:45:00+0200,2904.46103,MW,DE,DE_LU,forecast_onshore_wind_generation,Wind Onshore,2026-06-10T05:22:42Z
2026-06-10T05:21:31Z,2026-06-10T07:21:31+0200,3782c388-ddaf-4035-9ca0-973a72568e07,2026-06-08T00:00:00Z,2026-06-08T02:00:00+0200,2918.31617,MW,DE,DE_LU,forecast_onshore_wind_generation,Wind Onshore,2026-06-10T05:22:42Z
2026-06-10T05:21:31Z,2026-06-10T07:21:31+0200,3782c388-ddaf-4035-9ca0-973a72568e07,2026-06-08T00:15:00Z,2026-06-08T02:15:00+0200,2967.0396,MW,DE,DE_LU,forecast_onshore_wind_generation,Wind Onshore,2026-06-10T05:22:42Z
2026-06-10T05:21:31Z,2026-06-10T07:21:31+0200,3782c388-ddaf-4035-9ca0-973a72568e07,2026-06-08T00:30:00Z,2026-06-08T02:30:00+0200,3006.40093,MW,DE,DE_LU,forecast_onshore_wind_generation,Wind Onshore,2026-06-10T05:22:42Z
2026-06-10T05:21:31Z,2026-06-10T07:21:31+0200,3782c388-ddaf-4035-9ca0-973a72568e07,2026-06-08T00:45:00Z,2026-06-08T02:45:00+0200,3045.14735,MW,DE,DE_LU,forecast_onshore_wind_generation,Wind Onshore,2026-06-10T05:22:42Z
2026-06-10T05:21:31Z,2026-06-10T07:21:31+0200,3782c388-ddaf-4035-9ca0-973a72568e07,2026-06-08T01:00:00Z,2026-06-08T03:00:00+0200,3089.14597,MW,DE,DE_LU,forecast_onshore_wind_generation,Wind Onshore,2026-06-10T05:22:42Z
2026-06-10T05:21:31Z,2026-06-10T07:21:31+0200,3782c388-ddaf-4035-9ca0-973a72568e07,2026-06-08T01:15:00Z,2026-06-08T03:15:00+0200,3209.0508,MW,DE,DE_LU,forecast_onshore_wind_generation,Wind Onshore,2026-06-10T05:22:42Z
2026-06-10T05:21:31Z,2026-06-10T07:21:31+0200,3782c388-ddaf-4035-9ca0-973a72568e07,2026-06-08T01:30:00Z,2026-06-08T03:30:00+0200,3328.09599,MW,DE,DE_LU,forecast_onshore_wind_generation,Wind Onshore,2026-06-10T05:22:42Z
2026-06-10T05:21:31Z,2026-06-10T07:21:31+0200,3782c388-ddaf-4035-9ca0-973a72568e07,2026-06-08T01:45:00Z,2026-06-08T03:45:00+0200,3452.50989,MW,DE,DE_LU,forecast_onshore_wind_generation,Wind Onshore,2026-06-10T05:22:42Z
2026-06-10T05:21:31Z,2026-06-10T07:21:31+0200,3782c388-ddaf-4035-9ca0-973a72568e07,2026-06-08T02:00:00Z,2026-06-08T04:00:00+0200,3562.66923,MW,DE,DE_LU,forecast_onshore_wind_generation,Wind Onshore,2026-06-10T05:22:42Z
2026-06-10T05:21:31Z,2026-06-10T07:21:31+0200,3782c388-ddaf-4035-9ca0-973a72568e07,2026-06-08T02:15:00Z,2026-06-08T04:15:00+0200,3669.77629,MW,DE,DE_LU,forecast_onshore_wind_generation,Wind Onshore,2026-06-10T05:22:42Z
2026-06-10T05:21:31Z,2026-06-10T07:21:31+0200,3782c388-ddaf-4035-9ca0-973a72568e07,2026-06-08T02:30:00Z,2026-06-08T04:30:00+0200,3772.68711,MW,DE,DE_LU,forecast_onshore_wind_generation,Wind Onshore,2026-06-10T05:22:42Z
2026-06-10T05:21:31Z,2026-06-10T07:21:31+0200,3782c388-ddaf-4035-9ca0-973a72568e07,2026-06-08T02:45:00Z,2026-06-08T04:45:00+0200,3882.36041,MW,DE,DE_LU,forecast_onshore_wind_generation,Wind Onshore,2026-06-10T05:22:42Z
2026-06-10T05:21:31Z,2026-06-10T07:21:31+0200,3782c388-ddaf-4035-9ca0-973a72568e07,2026-06-08T03:00:00Z,2026-06-08T05:00:00+0200,3976.37904,MW,DE,DE_LU,forecast_onshore_wind_generation,Wind Onshore,2026-06-10T05:22:42Z
2026-06-10T05:21:31Z,2026-06-10T07:21:31+0200,3782c388-ddaf-4035-9ca0-973a72568e07,2026-06-08T03:15:00Z,2026-06-08T05:15:00+0200,4061.35813,MW,DE,DE_LU,forecast_onshore_wind_generation,Wind Onshore,2026-06-10T05:22:42Z
2026-06-10T05:21:31Z,2026-06-10T07:21:31+0200,3782c388-ddaf-4035-9ca0-973a72568e07,2026-06-08T03:30:00Z,2026-06-08T05:30:00+0200,4155.70656,MW,DE,DE_LU,forecast_onshore_wind_generation,Wind Onshore,2026-06-10T05:22:42Z
2026-06-10T05:21:31Z,2026-06-10T07:21:31+0200,3782c388-ddaf-4035-9ca0-973a72568e07,2026-06-08T03:45:00Z,2026-06-08T05:45:00+0200,4254.95779,MW,DE,DE_LU,forecast_onshore_wind_generation,Wind Onshore,2026-06-10T05:22:42Z
2026-06-10T05:21:31Z,2026-06-10T07:21:31+0200,3782c388-ddaf-4035-9ca0-973a72568e07,2026-06-08T04:00:00Z,2026-06-08T06:00:00+0200,4348.72573,MW,DE,DE_LU,forecast_onshore_wind_generation,Wind Onshore,2026-06-10T05:22:42Z
2026-06-10T05:21:31Z,2026-06-10T07:21:31+0200,3782c388-ddaf-4035-9ca0-973a72568e07,2026-06-08T04:15:00Z,2026-06-08T06:15:00+0200,4336.78612,MW,DE,DE_LU,forecast_onshore_wind_generation,Wind Onshore,2026-06-10T05:22:42Z
2026-06-10T05:21:31Z,2026-06-10T07:21:31+0200,3782c388-ddaf-4035-9ca0-973a72568e07,2026-06-08T04:30:00Z,2026-06-08T06:30:00+0200,4326.99536,MW,DE,DE_LU,forecast_onshore_wind_generation,Wind Onshore,2026-06-10T05:22:42Z
2026-06-10T05:21:31Z,2026-06-10T07:21:31+0200,3782c388-ddaf-4035-9ca0-973a72568e07,2026-06-08T04:45:00Z,2026-06-08T06:45:00+0200,4325.7183,MW,DE,DE_LU,forecast_onshore_wind_generation,Wind Onshore,2026-06-10T05:22:42Z
2026-06-10T05:21:31Z,2026-06-10T07:21:31+0200,3782c388-ddaf-4035-9ca0-973a72568e07,2026-06-08T05:00:00Z,2026-06-08T07:00:00+0200,4340.22872,MW,DE,DE_LU,forecast_onshore_wind_generation,Wind Onshore,2026-06-10T05:22:42Z
2026-06-10T05:21:31Z,2026-06-10T07:21:31+0200,3782c388-ddaf-4035-9ca0-973a72568e07,2026-06-08T05:15:00Z,2026-06-08T07:15:00+0200,4203.56977,MW,DE,DE_LU,forecast_onshore_wind_generation,Wind Onshore,2026-06-10T05:22:42Z
2026-06-10T05:21:31Z,2026-06-10T07:21:31+0200,3782c388-ddaf-4035-9ca0-973a72568e07,2026-06-08T05:30:00Z,2026-06-08T07:30:00+0200,4089.68252,MW,DE,DE_LU,forecast_onshore_wind_generation,Wind Onshore,2026-06-10T05:22:42Z
2026-06-10T05:21:31Z,2026-06-10T07:21:31+0200,3782c388-ddaf-4035-9ca0-973a72568e07,2026-06-08T05:45:00Z,2026-06-08T07:45:00+0200,4013.28765,MW,DE,DE_LU,forecast_onshore_wind_generation,Wind Onshore,2026-06-10T05:22:42Z
2026-06-10T05:21:31Z,2026-06-10T07:21:31+0200,3782c388-ddaf-4035-9ca0-973a72568e07,2026-06-08T06:00:00Z,2026-06-08T08:00:00+0200,3887.2719,MW,DE,DE_LU,forecast_onshore_wind_generation,Wind Onshore,2026-06-10T05:22:42Z
2026-06-10T05:21:31Z,2026-06-10T07:21:31+0200,3782c388-ddaf-4035-9ca0-973a72568e07,2026-06-08T06:15:00Z,2026-06-08T08:15:00+0200,3620.78922,MW,DE,DE_LU,forecast_onshore_wind_generation,Wind Onshore,2026-06-10T05:22:42Z
2026-06-10T05:21:31Z,2026-06-10T07:21:31+0200,3782c388-ddaf-4035-9ca0-973a72568e07,2026-06-08T06:30:00Z,2026-06-08T08:30:00+0200,3310.72707,MW,DE,DE_LU,forecast_onshore_wind_generation,Wind Onshore,2026-06-10T05:22:42Z
2026-06-10T05:21:31Z,2026-06-10T07:21:31+0200,3782c388-ddaf-4035-9ca0-973a72568e07,2026-06-08T06:45:00Z,2026-06-08T08:45:00+0200,2980.62661,MW,DE,DE_LU,forecast_onshore_wind_generation,Wind Onshore,2026-06-10T05:22:42Z
2026-06-10T05:21:31Z,2026-06-10T07:21:31+0200,3782c388-ddaf-4035-9ca0-973a72568e07,2026-06-08T07:00:00Z,2026-06-08T09:00:00+0200,2655.61075,MW,DE,DE_LU,forecast_onshore_wind_generation,Wind Onshore,2026-06-10T05:22:42Z
2026-06-10T05:21:31Z,2026-06-10T07:21:31+0200,3782c388-ddaf-4035-9ca0-973a72568e07,2026-06-08T07:15:00Z,2026-06-08T09:15:00+0200,2709.60993,MW,DE,DE_LU,forecast_onshore_wind_generation,Wind Onshore,2026-06-10T05:22:42Z
2026-06-10T05:21:31Z,2026-06-10T07:21:31+0200,3782c388-ddaf-4035-9ca0-973a72568e07,2026-06-08T07:30:00Z,2026-06-08T09:30:00+0200,2767.11357,MW,DE,DE_LU,forecast_onshore_wind_generation,Wind Onshore,2026-06-10T05:22:42Z
2026-06-10T05:21:31Z,2026-06-10T07:21:31+0200,3782c388-ddaf-4035-9ca0-973a72568e07,2026-06-08T07:45:00Z,2026-06-08T09:45:00+0200,2825.80052,MW,DE,DE_LU,forecast_onshore_wind_generation,Wind Onshore,2026-06-10T05:22:42Z
2026-06-10T05:21:31Z,2026-06-10T07:21:31+0200,3782c388-ddaf-4035-9ca0-973a72568e07,2026-06-08T08:00:00Z,2026-06-08T10:00:00+0200,2898.61096,MW,DE,DE_LU,forecast_onshore_wind_generation,Wind Onshore,2026-06-10T05:22:42Z
2026-06-10T05:21:31Z,2026-06-10T07:21:31+0200,3782c388-ddaf-4035-9ca0-973a72568e07,2026-06-08T08:15:00Z,2026-06-08T10:15:00+0200,3037.09533,MW,DE,DE_LU,forecast_onshore_wind_generation,Wind Onshore,2026-06-10T05:22:42Z
2026-06-10T05:21:31Z,2026-06-10T07:21:31+0200,3782c388-ddaf-4035-9ca0-973a72568e07,2026-06-08T08:30:00Z,2026-06-08T10:30:00+0200,3177.31727,MW,DE,DE_LU,forecast_onshore_wind_generation,Wind Onshore,2026-06-10T05:22:42Z
2026-06-10T05:21:31Z,2026-06-10T07:21:31+0200,3782c388-ddaf-4035-9ca0-973a72568e07,2026-06-08T08:45:00Z,2026-06-08T10:45:00+0200,3312.96544,MW,DE,DE_LU,forecast_onshore_wind_generation,Wind Onshore,2026-06-10T05:22:42Z
2026-06-10T05:21:31Z,2026-06-10T07:21:31+0200,3782c388-ddaf-4035-9ca0-973a72568e07,2026-06-08T09:00:00Z,2026-06-08T11:00:00+0200,3440.41362,MW,DE,DE_LU,forecast_onshore_wind_generation,Wind Onshore,2026-06-10T05:22:42Z
2026-06-10T05:21:31Z,2026-06-10T07:21:31+0200,3782c388-ddaf-4035-9ca0-973a72568e07,2026-06-08T09:15:00Z,2026-06-08T11:15:00+0200,3524.31103,MW,DE,DE_LU,forecast_onshore_wind_generation,Wind Onshore,2026-06-10T05:22:42Z
2026-06-10T05:21:31Z,2026-06-10T07:21:31+0200,3782c388-ddaf-4035-9ca0-973a72568e07,2026-06-08T09:30:00Z,2026-06-08T11:30:00+0200,3605.22566,MW,DE,DE_LU,forecast_onshore_wind_generation,Wind Onshore,2026-06-10T05:22:42Z
2026-06-10T05:21:31Z,2026-06-10T07:21:31+0200,3782c388-ddaf-4035-9ca0-973a72568e07,2026-06-08T09:45:00Z,2026-06-08T11:45:00+0200,3688.87648,MW,DE,DE_LU,forecast_onshore_wind_generation,Wind Onshore,2026-06-10T05:22:42Z
2026-06-10T05:21:31Z,2026-06-10T07:21:31+0200,3782c388-ddaf-4035-9ca0-973a72568e07,2026-06-08T10:00:00Z,2026-06-08T12:00:00+0200,3782.48154,MW,DE,DE_LU,forecast_onshore_wind_generation,Wind Onshore,2026-06-10T05:22:42Z
2026-06-10T05:21:31Z,2026-06-10T07:21:31+0200,3782c388-ddaf-4035-9ca0-973a72568e07,2026-06-08T10:15:00Z,2026-06-08T12:15:00+0200,3862.45062,MW,DE,DE_LU,forecast_onshore_wind_generation,Wind Onshore,2026-06-10T05:22:42Z
2026-06-10T05:21:31Z,2026-06-10T07:21:31+0200,3782c388-ddaf-4035-9ca0-973a72568e07,2026-06-08T10:30:00Z,2026-06-08T12:30:00+0200,3947.62078,MW,DE,DE_LU,forecast_onshore_wind_generation,Wind Onshore,2026-06-10T05:22:42Z
2026-06-10T05:21:31Z,2026-06-10T07:21:31+0200,3782c388-ddaf-4035-9ca0-973a72568e07,2026-06-08T10:45:00Z,2026-06-08T12:45:00+0200,4033.59654,MW,DE,DE_LU,forecast_onshore_wind_generation,Wind Onshore,2026-06-10T05:22:42Z
2026-06-10T05:21:31Z,2026-06-10T07:21:31+0200,3782c388-ddaf-4035-9ca0-973a72568e07,2026-06-08T11:00:00Z,2026-06-08T13:00:00+0200,4109.84319,MW,DE,DE_LU,forecast_onshore_wind_generation,Wind Onshore,2026-06-10T05:22:42Z
2026-06-10T05:21:31Z,2026-06-10T07:21:31+0200,3782c388-ddaf-4035-9ca0-973a72568e07,2026-06-08T11:15:00Z,2026-06-08T13:15:00+0200,4272.30958,MW,DE,DE_LU,forecast_onshore_wind_generation,Wind Onshore,2026-06-10T05:22:42Z
2026-06-10T05:21:31Z,2026-06-10T07:21:31+0200,3782c388-ddaf-4035-9ca0-973a72568e07,2026-06-08T11:30:00Z,2026-06-08T13:30:00+0200,4433.53467,MW,DE,DE_LU,forecast_onshore_wind_generation,Wind Onshore,2026-06-10T05:22:42Z
2026-06-10T05:21:31Z,2026-06-10T07:21:31+0200,3782c388-ddaf-4035-9ca0-973a72568e07,2026-06-08T11:45:00Z,2026-06-08T13:45:00+0200,4603.96322,MW,DE,DE_LU,forecast_onshore_wind_generation,Wind Onshore,2026-06-10T05:22:42Z
2026-06-10T05:21:31Z,2026-06-10T07:21:31+0200,3782c388-ddaf-4035-9ca0-973a72568e07,2026-06-08T12:00:00Z,2026-06-08T14:00:00+0200,4775.67821,MW,DE,DE_LU,forecast_onshore_wind_generation,Wind Onshore,2026-06-10T05:22:42Z
2026-06-10T05:21:31Z,2026-06-10T07:21:31+0200,3782c388-ddaf-4035-9ca0-973a72568e07,2026-06-08T12:15:00Z,2026-06-08T14:15:00+0200,4940.80077,MW,DE,DE_LU,forecast_onshore_wind_generation,Wind Onshore,2026-06-10T05:22:42Z
2026-06-10T05:21:31Z,2026-06-10T07:21:31+0200,3782c388-ddaf-4035-9ca0-973a72568e07,2026-06-08T12:30:00Z,2026-06-08T14:30:00+0200,5103.57223,MW,DE,DE_LU,forecast_onshore_wind_generation,Wind Onshore,2026-06-10T05:22:42Z
2026-06-10T05:21:31Z,2026-06-10T07:21:31+0200,3782c388-ddaf-4035-9ca0-973a72568e07,2026-06-08T12:45:00Z,2026-06-08T14:45:00+0200,5265.51992,MW,DE,DE_LU,forecast_onshore_wind_generation,Wind Onshore,2026-06-10T05:22:42Z
2026-06-10T05:21:31Z,2026-06-10T07:21:31+0200,3782c388-ddaf-4035-9ca0-973a72568e07,2026-06-08T13:00:00Z,2026-06-08T15:00:00+0200,5427.97767,MW,DE,DE_LU,forecast_onshore_wind_generation,Wind Onshore,2026-06-10T05:22:42Z
2026-06-10T05:21:31Z,2026-06-10T07:21:31+0200,3782c388-ddaf-4035-9ca0-973a72568e07,2026-06-08T13:15:00Z,2026-06-08T15:15:00+0200,5563.96962,MW,DE,DE_LU,forecast_onshore_wind_generation,Wind Onshore,2026-06-10T05:22:42Z
2026-06-10T05:21:31Z,2026-06-10T07:21:31+0200,3782c388-ddaf-4035-9ca0-973a72568e07,2026-06-08T13:30:00Z,2026-06-08T15:30:00+0200,5699.06302,MW,DE,DE_LU,forecast_onshore_wind_generation,Wind Onshore,2026-06-10T05:22:42Z
2026-06-10T05:21:31Z,2026-06-10T07:21:31+0200,3782c388-ddaf-4035-9ca0-973a72568e07,2026-06-08T13:45:00Z,2026-06-08T15:45:00+0200,5837.07178,MW,DE,DE_LU,forecast_onshore_wind_generation,Wind Onshore,2026-06-10T05:22:42Z
2026-06-10T05:21:31Z,2026-06-10T07:21:31+0200,3782c388-ddaf-4035-9ca0-973a72568e07,2026-06-08T14:00:00Z,2026-06-08T16:00:00+0200,5995.46908,MW,DE,DE_LU,forecast_onshore_wind_generation,Wind Onshore,2026-06-10T05:22:42Z
2026-06-10T05:21:31Z,2026-06-10T07:21:31+0200,3782c388-ddaf-4035-9ca0-973a72568e07,2026-06-08T14:15:00Z,2026-06-08T16:15:00+0200,6122.17397,MW,DE,DE_LU,forecast_onshore_wind_generation,Wind Onshore,2026-06-10T05:22:42Z
2026-06-10T05:21:31Z,2026-06-10T07:21:31+0200,3782c388-ddaf-4035-9ca0-973a72568e07,2026-06-08T14:30:00Z,2026-06-08T16:30:00+0200,6262.08916,MW,DE,DE_LU,forecast_onshore_wind_generation,Wind Onshore,2026-06-10T05:22:42Z
2026-06-10T05:21:31Z,2026-06-10T07:21:31+0200,3782c388-ddaf-4035-9ca0-973a72568e07,2026-06-08T14:45:00Z,2026-06-08T16:45:00+0200,6401.69434,MW,DE,DE_LU,forecast_onshore_wind_generation,Wind Onshore,2026-06-10T05:22:42Z
2026-06-10T05:21:31Z,2026-06-10T07:21:31+0200,3782c388-ddaf-4035-9ca0-973a72568e07,2026-06-08T15:00:00Z,2026-06-08T17:00:00+0200,6533.44375,MW,DE,DE_LU,forecast_onshore_wind_generation,Wind Onshore,2026-06-10T05:22:42Z
2026-06-10T05:21:31Z,2026-06-10T07:21:31+0200,3782c388-ddaf-4035-9ca0-973a72568e07,2026-06-08T15:15:00Z,2026-06-08T17:15:00+0200,6589.68989,MW,DE,DE_LU,forecast_onshore_wind_generation,Wind Onshore,2026-06-10T05:22:42Z
2026-06-10T05:21:31Z,2026-06-10T07:21:31+0200,3782c388-ddaf-4035-9ca0-973a72568e07,2026-06-08T15:30:00Z,2026-06-08T17:30:00+0200,6647.77277,MW,DE,DE_LU,forecast_onshore_wind_generation,Wind Onshore,2026-06-10T05:22:42Z
2026-06-10T05:21:31Z,2026-06-10T07:21:31+0200,3782c388-ddaf-4035-9ca0-973a72568e07,2026-06-08T15:45:00Z,2026-06-08T17:45:00+0200,6708.41503,MW,DE,DE_LU,forecast_onshore_wind_generation,Wind Onshore,2026-06-10T05:22:42Z
2026-06-10T05:21:31Z,2026-06-10T07:21:31+0200,3782c388-ddaf-4035-9ca0-973a72568e07,2026-06-08T16:00:00Z,2026-06-08T18:00:00+0200,6762.83529,MW,DE,DE_LU,forecast_onshore_wind_generation,Wind Onshore,2026-06-10T05:22:42Z
2026-06-10T05:21:31Z,2026-06-10T07:21:31+0200,3782c388-ddaf-4035-9ca0-973a72568e07,2026-06-08T16:15:00Z,2026-06-08T18:15:00+0200,6798.1995,MW,DE,DE_LU,forecast_onshore_wind_generation,Wind Onshore,2026-06-10T05:22:42Z
2026-06-10T05:21:31Z,2026-06-10T07:21:31+0200,3782c388-ddaf-4035-9ca0-973a72568e07,2026-06-08T16:30:00Z,2026-06-08T18:30:00+0200,6848.34875,MW,DE,DE_LU,forecast_onshore_wind_generation,Wind Onshore,2026-06-10T05:22:42Z
2026-06-10T05:21:31Z,2026-06-10T07:21:31+0200,3782c388-ddaf-4035-9ca0-973a72568e07,2026-06-08T16:45:00Z,2026-06-08T18:45:00+0200,6900.20013,MW,DE,DE_LU,forecast_onshore_wind_generation,Wind Onshore,2026-06-10T05:22:42Z
2026-06-10T05:21:31Z,2026-06-10T07:21:31+0200,3782c388-ddaf-4035-9ca0-973a72568e07,2026-06-08T17:00:00Z,2026-06-08T19:00:00+0200,6969.84819,MW,DE,DE_LU,forecast_onshore_wind_generation,Wind Onshore,2026-06-10T05:22:42Z
2026-06-10T05:21:31Z,2026-06-10T07:21:31+0200,3782c388-ddaf-4035-9ca0-973a72568e07,2026-06-08T17:15:00Z,2026-06-08T19:15:00+0200,7206.23839,MW,DE,DE_LU,forecast_onshore_wind_generation,Wind Onshore,2026-06-10T05:22:42Z
2026-06-10T05:21:31Z,2026-06-10T07:21:31+0200,3782c388-ddaf-4035-9ca0-973a72568e07,2026-06-08T17:30:00Z,2026-06-08T19:30:00+0200,7448.35935,MW,DE,DE_LU,forecast_onshore_wind_generation,Wind Onshore,2026-06-10T05:22:42Z
2026-06-10T05:21:31Z,2026-06-10T07:21:31+0200,3782c388-ddaf-4035-9ca0-973a72568e07,2026-06-08T17:45:00Z,2026-06-08T19:45:00+0200,7691.19035,MW,DE,DE_LU,forecast_onshore_wind_generation,Wind Onshore,2026-06-10T05:22:42Z
2026-06-10T05:21:31Z,2026-06-10T07:21:31+0200,3782c388-ddaf-4035-9ca0-973a72568e07,2026-06-08T18:00:00Z,2026-06-08T20:00:00+0200,7928.95098,MW,DE,DE_LU,forecast_onshore_wind_generation,Wind Onshore,2026-06-10T05:22:42Z
2026-06-10T05:21:31Z,2026-06-10T07:21:31+0200,3782c388-ddaf-4035-9ca0-973a72568e07,2026-06-08T18:15:00Z,2026-06-08T20:15:00+0200,8283.10694,MW,DE,DE_LU,forecast_onshore_wind_generation,Wind Onshore,2026-06-10T05:22:42Z
2026-06-10T05:21:31Z,2026-06-10T07:21:31+0200,3782c388-ddaf-4035-9ca0-973a72568e07,2026-06-08T18:30:00Z,2026-06-08T20:30:00+0200,8631.18603,MW,DE,DE_LU,forecast_onshore_wind_generation,Wind Onshore,2026-06-10T05:22:42Z
2026-06-10T05:21:31Z,2026-06-10T07:21:31+0200,3782c388-ddaf-4035-9ca0-973a72568e07,2026-06-08T18:45:00Z,2026-06-08T20:45:00+0200,8950.23396,MW,DE,DE_LU,forecast_onshore_wind_generation,Wind Onshore,2026-06-10T05:22:42Z
2026-06-10T05:21:31Z,2026-06-10T07:21:31+0200,3782c388-ddaf-4035-9ca0-973a72568e07,2026-06-08T19:00:00Z,2026-06-08T21:00:00+0200,9295.96191,MW,DE,DE_LU,forecast_onshore_wind_generation,Wind Onshore,2026-06-10T05:22:42Z
2026-06-10T05:21:31Z,2026-06-10T07:21:31+0200,3782c388-ddaf-4035-9ca0-973a72568e07,2026-06-08T19:15:00Z,2026-06-08T21:15:00+0200,9780.89204,MW,DE,DE_LU,forecast_onshore_wind_generation,Wind Onshore,2026-06-10T05:22:42Z
2026-06-10T05:21:31Z,2026-06-10T07:21:31+0200,3782c388-ddaf-4035-9ca0-973a72568e07,2026-06-08T19:30:00Z,2026-06-08T21:30:00+0200,10317.60988,MW,DE,DE_LU,forecast_onshore_wind_generation,Wind Onshore,2026-06-10T05:22:42Z
2026-06-10T05:21:31Z,2026-06-10T07:21:31+0200,3782c388-ddaf-4035-9ca0-973a72568e07,2026-06-08T19:45:00Z,2026-06-08T21:45:00+0200,10869.38751,MW,DE,DE_LU,forecast_onshore_wind_generation,Wind Onshore,2026-06-10T05:22:42Z
2026-06-10T05:21:31Z,2026-06-10T07:21:31+0200,3782c388-ddaf-4035-9ca0-973a72568e07,2026-06-08T20:00:00Z,2026-06-08T22:00:00+0200,11340.53468,MW,DE,DE_LU,forecast_onshore_wind_generation,Wind Onshore,2026-06-10T05:22:42Z
2026-06-10T05:21:31Z,2026-06-10T07:21:31+0200,3782c388-ddaf-4035-9ca0-973a72568e07,2026-06-08T20:15:00Z,2026-06-08T22:15:00+0200,11788.10334,MW,DE,DE_LU,forecast_onshore_wind_generation,Wind Onshore,2026-06-10T05:22:42Z
2026-06-10T05:21:31Z,2026-06-10T07:21:31+0200,3782c388-ddaf-4035-9ca0-973a72568e07,2026-06-08T20:30:00Z,2026-06-08T22:30:00+0200,12239.84932,MW,DE,DE_LU,forecast_onshore_wind_generation,Wind Onshore,2026-06-10T05:22:42Z
2026-06-10T05:21:31Z,2026-06-10T07:21:31+0200,3782c388-ddaf-4035-9ca0-973a72568e07,2026-06-08T20:45:00Z,2026-06-08T22:45:00+0200,12693.54129,MW,DE,DE_LU,forecast_onshore_wind_generation,Wind Onshore,2026-06-10T05:22:42Z
2026-06-10T05:21:31Z,2026-06-10T07:21:31+0200,3782c388-ddaf-4035-9ca0-973a72568e07,2026-06-08T21:00:00Z,2026-06-08T23:00:00+0200,13068.27536,MW,DE,DE_LU,forecast_onshore_wind_generation,Wind Onshore,2026-06-10T05:22:42Z
2026-06-10T05:21:31Z,2026-06-10T07:21:31+0200,3782c388-ddaf-4035-9ca0-973a72568e07,2026-06-08T21:15:00Z,2026-06-08T23:15:00+0200,13216.96548,MW,DE,DE_LU,forecast_onshore_wind_generation,Wind Onshore,2026-06-10T05:22:42Z
2026-06-10T05:21:31Z,2026-06-10T07:21:31+0200,3782c388-ddaf-4035-9ca0-973a72568e07,2026-06-08T21:30:00Z,2026-06-08T23:30:00+0200,13361.67313,MW,DE,DE_LU,forecast_onshore_wind_generation,Wind Onshore,2026-06-10T05:22:42Z
2026-06-10T05:21:31Z,2026-06-10T07:21:31+0200,3782c388-ddaf-4035-9ca0-973a72568e07,2026-06-08T21:45:00Z,2026-06-08T23:45:00+0200,13508.4094,MW,DE,DE_LU,forecast_onshore_wind_generation,Wind Onshore,2026-06-10T05:22:42Z
2026-06-10T05:21:31Z,2026-06-10T07:21:31+0200,3782c388-ddaf-4035-9ca0-973a72568e07,2026-06-08T22:00:00Z,2026-06-09T00:00:00+0200,15043.85679,MW,DE,DE_LU,forecast_onshore_wind_generation,Wind Onshore,2026-06-10T05:22:42Z
2026-06-10T05:21:31Z,2026-06-10T07:21:31+0200,3782c388-ddaf-4035-9ca0-973a72568e07,2026-06-08T22:15:00Z,2026-06-09T00:15:00+0200,15213.51121,MW,DE,DE_LU,forecast_onshore_wind_generation,Wind Onshore,2026-06-10T05:22:42Z
2026-06-10T05:21:31Z,2026-06-10T07:21:31+0200,3782c388-ddaf-4035-9ca0-973a72568e07,2026-06-08T22:30:00Z,2026-06-09T00:30:00+0200,15386.67977,MW,DE,DE_LU,forecast_onshore_wind_generation,Wind Onshore,2026-06-10T05:22:42Z
2026-06-10T05:21:31Z,2026-06-10T07:21:31+0200,3782c388-ddaf-4035-9ca0-973a72568e07,2026-06-08T22:45:00Z,2026-06-09T00:45:00+0200,15575.65764,MW,DE,DE_LU,forecast_onshore_wind_generation,Wind Onshore,2026-06-10T05:22:42Z
2026-06-10T05:21:31Z,2026-06-10T07:21:31+0200,3782c388-ddaf-4035-9ca0-973a72568e07,2026-06-08T23:00:00Z,2026-06-09T01:00:00+0200,15756.87617,MW,DE,DE_LU,forecast_onshore_wind_generation,Wind Onshore,2026-06-10T05:22:42Z
2026-06-10T05:21:31Z,2026-06-10T07:21:31+0200,3782c388-ddaf-4035-9ca0-973a72568e07,2026-06-08T23:15:00Z,2026-06-09T01:15:00+0200,15904.93987,MW,DE,DE_LU,forecast_onshore_wind_generation,Wind Onshore,2026-06-10T05:22:42Z
2026-06-10T05:21:31Z,2026-06-10T07:21:31+0200,3782c388-ddaf-4035-9ca0-973a72568e07,2026-06-08T23:30:00Z,2026-06-09T01:30:00+0200,16063.26925,MW,DE,DE_LU,forecast_onshore_wind_generation,Wind Onshore,2026-06-10T05:22:42Z
2026-06-10T05:21:31Z,2026-06-10T07:21:31+0200,3782c388-ddaf-4035-9ca0-973a72568e07,2026-06-08T23:45:00Z,2026-06-09T01:45:00+0200,16225.81805,MW,DE,DE_LU,forecast_onshore_wind_generation,Wind Onshore,2026-06-10T05:22:42Z
2026-06-10T05:21:31Z,2026-06-10T07:21:31+0200,3782c388-ddaf-4035-9ca0-973a72568e07,2026-06-09T00:00:00Z,2026-06-09T02:00:00+0200,16349.07481,MW,DE,DE_LU,forecast_onshore_wind_generation,Wind Onshore,2026-06-10T05:22:42Z
2026-06-10T05:21:31Z,2026-06-10T07:21:31+0200,3782c388-ddaf-4035-9ca0-973a72568e07,2026-06-09T00:15:00Z,2026-06-09T02:15:00+0200,16449.7998,MW,DE,DE_LU,forecast_onshore_wind_generation,Wind Onshore,2026-06-10T05:22:42Z
2026-06-10T05:21:31Z,2026-06-10T07:21:31+0200,3782c388-ddaf-4035-9ca0-973a72568e07,2026-06-09T00:30:00Z,2026-06-09T02:30:00+0200,16554.38121,MW,DE,DE_LU,forecast_onshore_wind_generation,Wind Onshore,2026-06-10T05:22:42Z
2026-06-10T05:21:31Z,2026-06-10T07:21:31+0200,3782c388-ddaf-4035-9ca0-973a72568e07,2026-06-09T00:45:00Z,2026-06-09T02:45:00+0200,16608.52266,MW,DE,DE_LU,forecast_onshore_wind_generation,Wind Onshore,2026-06-10T05:22:42Z
2026-06-10T05:21:31Z,2026-06-10T07:21:31+0200,3782c388-ddaf-4035-9ca0-973a72568e07,2026-06-09T01:00:00Z,2026-06-09T03:00:00+0200,16689.37837,MW,DE,DE_LU,forecast_onshore_wind_generation,Wind Onshore,2026-06-10T05:22:42Z
2026-06-10T05:21:31Z,2026-06-10T07:21:31+0200,3782c388-ddaf-4035-9ca0-973a72568e07,2026-06-09T01:15:00Z,2026-06-09T03:15:00+0200,16865.35012,MW,DE,DE_LU,forecast_onshore_wind_generation,Wind Onshore,2026-06-10T05:22:42Z
2026-06-10T05:21:31Z,2026-06-10T07:21:31+0200,3782c388-ddaf-4035-9ca0-973a72568e07,2026-06-09T01:30:00Z,2026-06-09T03:30:00+0200,17052.94374,MW,DE,DE_LU,forecast_onshore_wind_generation,Wind Onshore,2026-06-10T05:22:42Z
2026-06-10T05:21:31Z,2026-06-10T07:21:31+0200,3782c388-ddaf-4035-9ca0-973a72568e07,2026-06-09T01:45:00Z,2026-06-09T03:45:00+0200,17253.99587,MW,DE,DE_LU,forecast_onshore_wind_generation,Wind Onshore,2026-06-10T05:22:42Z
2026-06-10T05:21:31Z,2026-06-10T07:21:31+0200,3782c388-ddaf-4035-9ca0-973a72568e07,2026-06-09T02:00:00Z,2026-06-09T04:00:00+0200,17431.21121,MW,DE,DE_LU,forecast_onshore_wind_generation,Wind Onshore,2026-06-10T05:22:42Z
2026-06-10T05:21:31Z,2026-06-10T07:21:31+0200,3782c388-ddaf-4035-9ca0-973a72568e07,2026-06-09T02:15:00Z,2026-06-09T04:15:00+0200,17501.61401,MW,DE,DE_LU,forecast_onshore_wind_generation,Wind Onshore,2026-06-10T05:22:42Z
2026-06-10T05:21:31Z,2026-06-10T07:21:31+0200,3782c388-ddaf-4035-9ca0-973a72568e07,2026-06-09T02:30:00Z,2026-06-09T04:30:00+0200,17555.01114,MW,DE,DE_LU,forecast_onshore_wind_generation,Wind Onshore,2026-06-10T05:22:42Z
2026-06-10T05:21:31Z,2026-06-10T07:21:31+0200,3782c388-ddaf-4035-9ca0-973a72568e07,2026-06-09T02:45:00Z,2026-06-09T04:45:00+0200,17615.22229,MW,DE,DE_LU,forecast_onshore_wind_generation,Wind Onshore,2026-06-10T05:22:42Z
2026-06-10T05:21:31Z,2026-06-10T07:21:31+0200,3782c388-ddaf-4035-9ca0-973a72568e07,2026-06-09T03:00:00Z,2026-06-09T05:00:00+0200,17668.61217,MW,DE,DE_LU,forecast_onshore_wind_generation,Wind Onshore,2026-06-10T05:22:42Z
2026-06-10T05:21:31Z,2026-06-10T07:21:31+0200,3782c388-ddaf-4035-9ca0-973a72568e07,2026-06-09T03:15:00Z,2026-06-09T05:15:00+0200,17630.08805,MW,DE,DE_LU,forecast_onshore_wind_generation,Wind Onshore,2026-06-10T05:22:42Z
2026-06-10T05:21:31Z,2026-06-10T07:21:31+0200,3782c388-ddaf-4035-9ca0-973a72568e07,2026-06-09T03:30:00Z,2026-06-09T05:30:00+0200,17608.09797,MW,DE,DE_LU,forecast_onshore_wind_generation,Wind Onshore,2026-06-10T05:22:42Z
2026-06-10T05:21:31Z,2026-06-10T07:21:31+0200,3782c388-ddaf-4035-9ca0-973a72568e07,2026-06-09T03:45:00Z,2026-06-09T05:45:00+0200,17596.50623,MW,DE,DE_LU,forecast_onshore_wind_generation,Wind Onshore,2026-06-10T05:22:42Z
2026-06-10T05:21:31Z,2026-06-10T07:21:31+0200,3782c388-ddaf-4035-9ca0-973a72568e07,2026-06-09T04:00:00Z,2026-06-09T06:00:00+0200,17827.97672,MW,DE,DE_LU,forecast_onshore_wind_generation,Wind Onshore,2026-06-10T05:22:42Z
2026-06-10T05:21:31Z,2026-06-10T07:21:31+0200,3782c388-ddaf-4035-9ca0-973a72568e07,2026-06-09T04:15:00Z,2026-06-09T06:15:00+0200,17603.06266,MW,DE,DE_LU,forecast_onshore_wind_generation,Wind Onshore,2026-06-10T05:22:42Z
2026-06-10T05:21:31Z,2026-06-10T07:21:31+0200,3782c388-ddaf-4035-9ca0-973a72568e07,2026-06-09T04:30:00Z,2026-06-09T06:30:00+0200,17302.80945,MW,DE,DE_LU,forecast_onshore_wind_generation,Wind Onshore,2026-06-10T05:22:42Z
2026-06-10T05:21:31Z,2026-06-10T07:21:31+0200,3782c388-ddaf-4035-9ca0-973a72568e07,2026-06-09T04:45:00Z,2026-06-09T06:45:00+0200,17044.71686,MW,DE,DE_LU,forecast_onshore_wind_generation,Wind Onshore,2026-06-10T05:22:42Z
2026-06-10T05:21:31Z,2026-06-10T07:21:31+0200,3782c388-ddaf-4035-9ca0-973a72568e07,2026-06-09T05:00:00Z,2026-06-09T07:00:00+0200,16824.71618,MW,DE,DE_LU,forecast_onshore_wind_generation,Wind Onshore,2026-06-10T05:22:42Z
2026-06-10T05:21:31Z,2026-06-10T07:21:31+0200,3782c388-ddaf-4035-9ca0-973a72568e07,2026-06-09T05:15:00Z,2026-06-09T07:15:00+0200,16743.44426,MW,DE,DE_LU,forecast_onshore_wind_generation,Wind Onshore,2026-06-10T05:22:42Z
2026-06-10T05:21:31Z,2026-06-10T07:21:31+0200,3782c388-ddaf-4035-9ca0-973a72568e07,2026-06-09T05:30:00Z,2026-06-09T07:30:00+0200,16653.02436,MW,DE,DE_LU,forecast_onshore_wind_generation,Wind Onshore,2026-06-10T05:22:42Z
2026-06-10T05:21:31Z,2026-06-10T07:21:31+0200,3782c388-ddaf-4035-9ca0-973a72568e07,2026-06-09T05:45:00Z,2026-06-09T07:45:00+0200,16519.54758,MW,DE,DE_LU,forecast_onshore_wind_generation,Wind Onshore,2026-06-10T05:22:42Z
2026-06-10T05:21:31Z,2026-06-10T07:21:31+0200,3782c388-ddaf-4035-9ca0-973a72568e07,2026-06-09T06:00:00Z,2026-06-09T08:00:00+0200,16444.01242,MW,DE,DE_LU,forecast_onshore_wind_generation,Wind Onshore,2026-06-10T05:22:42Z
2026-06-10T05:21:31Z,2026-06-10T07:21:31+0200,3782c388-ddaf-4035-9ca0-973a72568e07,2026-06-09T06:15:00Z,2026-06-09T08:15:00+0200,16562.35494,MW,DE,DE_LU,forecast_onshore_wind_generation,Wind Onshore,2026-06-10T05:22:42Z
2026-06-10T05:21:31Z,2026-06-10T07:21:31+0200,3782c388-ddaf-4035-9ca0-973a72568e07,2026-06-09T06:30:00Z,2026-06-09T08:30:00+0200,16725.589,MW,DE,DE_LU,forecast_onshore_wind_generation,Wind Onshore,2026-06-10T05:22:42Z
2026-06-10T05:21:31Z,2026-06-10T07:21:31+0200,3782c388-ddaf-4035-9ca0-973a72568e07,2026-06-09T06:45:00Z,2026-06-09T08:45:00+0200,16908.066,MW,DE,DE_LU,forecast_onshore_wind_generation,Wind Onshore,2026-06-10T05:22:42Z
2026-06-10T05:21:31Z,2026-06-10T07:21:31+0200,3782c388-ddaf-4035-9ca0-973a72568e07,2026-06-09T07:00:00Z,2026-06-09T09:00:00+0200,17128.08854,MW,DE,DE_LU,forecast_onshore_wind_generation,Wind Onshore,2026-06-10T05:22:42Z
2026-06-10T05:21:31Z,2026-06-10T07:21:31+0200,3782c388-ddaf-4035-9ca0-973a72568e07,2026-06-09T07:15:00Z,2026-06-09T09:15:00+0200,17366.5499,MW,DE,DE_LU,forecast_onshore_wind_generation,Wind Onshore,2026-06-10T05:22:42Z
2026-06-10T05:21:31Z,2026-06-10T07:21:31+0200,3782c388-ddaf-4035-9ca0-973a72568e07,2026-06-09T07:30:00Z,2026-06-09T09:30:00+0200,17610.62227,MW,DE,DE_LU,forecast_onshore_wind_generation,Wind Onshore,2026-06-10T05:22:42Z
2026-06-10T05:21:31Z,2026-06-10T07:21:31+0200,3782c388-ddaf-4035-9ca0-973a72568e07,2026-06-09T07:45:00Z,2026-06-09T09:45:00+0200,17853.7521,MW,DE,DE_LU,forecast_onshore_wind_generation,Wind Onshore,2026-06-10T05:22:42Z
2026-06-10T05:21:31Z,2026-06-10T07:21:31+0200,3782c388-ddaf-4035-9ca0-973a72568e07,2026-06-09T08:00:00Z,2026-06-09T10:00:00+0200,18039.15687,MW,DE,DE_LU,forecast_onshore_wind_generation,Wind Onshore,2026-06-10T05:22:42Z
2026-06-10T05:21:31Z,2026-06-10T07:21:31+0200,3782c388-ddaf-4035-9ca0-973a72568e07,2026-06-09T08:15:00Z,2026-06-09T10:15:00+0200,18178.87789,MW,DE,DE_LU,forecast_onshore_wind_generation,Wind Onshore,2026-06-10T05:22:42Z
2026-06-10T05:21:31Z,2026-06-10T07:21:31+0200,3782c388-ddaf-4035-9ca0-973a72568e07,2026-06-09T08:30:00Z,2026-06-09T10:30:00+0200,18312.20906,MW,DE,DE_LU,forecast_onshore_wind_generation,Wind Onshore,2026-06-10T05:22:42Z
2026-06-10T05:21:31Z,2026-06-10T07:21:31+0200,3782c388-ddaf-4035-9ca0-973a72568e07,2026-06-09T08:45:00Z,2026-06-09T10:45:00+0200,18399.18702,MW,DE,DE_LU,forecast_onshore_wind_generation,Wind Onshore,2026-06-10T05:22:42Z
2026-06-10T05:21:31Z,2026-06-10T07:21:31+0200,3782c388-ddaf-4035-9ca0-973a72568e07,2026-06-09T09:00:00Z,2026-06-09T11:00:00+0200,18505.90737,MW,DE,DE_LU,forecast_onshore_wind_generation,Wind Onshore,2026-06-10T05:22:42Z
2026-06-10T05:21:31Z,2026-06-10T07:21:31+0200,3782c388-ddaf-4035-9ca0-973a72568e07,2026-06-09T09:15:00Z,2026-06-09T11:15:00+0200,18603.68448,MW,DE,DE_LU,forecast_onshore_wind_generation,Wind Onshore,2026-06-10T05:22:42Z
2026-06-10T05:21:31Z,2026-06-10T07:21:31+0200,3782c388-ddaf-4035-9ca0-973a72568e07,2026-06-09T09:30:00Z,2026-06-09T11:30:00+0200,18710.87426,MW,DE,DE_LU,forecast_onshore_wind_generation,Wind Onshore,2026-06-10T05:22:42Z
2026-06-10T05:21:31Z,2026-06-10T07:21:31+0200,3782c388-ddaf-4035-9ca0-973a72568e07,2026-06-09T09:45:00Z,2026-06-09T11:45:00+0200,18847.24657,MW,DE,DE_LU,forecast_onshore_wind_generation,Wind Onshore,2026-06-10T05:22:42Z
2026-06-10T05:21:31Z,2026-06-10T07:21:31+0200,3782c388-ddaf-4035-9ca0-973a72568e07,2026-06-09T10:00:00Z,2026-06-09T12:00:00+0200,18996.01565,MW,DE,DE_LU,forecast_onshore_wind_generation,Wind Onshore,2026-06-10T05:22:42Z
2026-06-10T05:21:31Z,2026-06-10T07:21:31+0200,3782c388-ddaf-4035-9ca0-973a72568e07,2026-06-09T10:15:00Z,2026-06-09T12:15:00+0200,18862.20406,MW,DE,DE_LU,forecast_onshore_wind_generation,Wind Onshore,2026-06-10T05:22:42Z
2026-06-10T05:21:31Z,2026-06-10T07:21:31+0200,3782c388-ddaf-4035-9ca0-973a72568e07,2026-06-09T10:30:00Z,2026-06-09T12:30:00+0200,18732.34788,MW,DE,DE_LU,forecast_onshore_wind_generation,Wind Onshore,2026-06-10T05:22:42Z
2026-06-10T05:21:31Z,2026-06-10T07:21:31+0200,3782c388-ddaf-4035-9ca0-973a72568e07,2026-06-09T10:45:00Z,2026-06-09T12:45:00+0200,18628.31136,MW,DE,DE_LU,forecast_onshore_wind_generation,Wind Onshore,2026-06-10T05:22:42Z
2026-06-10T05:21:31Z,2026-06-10T07:21:31+0200,3782c388-ddaf-4035-9ca0-973a72568e07,2026-06-09T11:00:00Z,2026-06-09T13:00:00+0200,18585.30805,MW,DE,DE_LU,forecast_onshore_wind_generation,Wind Onshore,2026-06-10T05:22:42Z
2026-06-10T05:21:31Z,2026-06-10T07:21:31+0200,3782c388-ddaf-4035-9ca0-973a72568e07,2026-06-09T11:15:00Z,2026-06-09T13:15:00+0200,18510.91838,MW,DE,DE_LU,forecast_onshore_wind_generation,Wind Onshore,2026-06-10T05:22:42Z
2026-06-10T05:21:31Z,2026-06-10T07:21:31+0200,3782c388-ddaf-4035-9ca0-973a72568e07,2026-06-09T11:30:00Z,2026-06-09T13:30:00+0200,18528.36078,MW,DE,DE_LU,forecast_onshore_wind_generation,Wind Onshore,2026-06-10T05:22:42Z
2026-06-10T05:21:31Z,2026-06-10T07:21:31+0200,3782c388-ddaf-4035-9ca0-973a72568e07,2026-06-09T11:45:00Z,2026-06-09T13:45:00+0200,18579.54223,MW,DE,DE_LU,forecast_onshore_wind_generation,Wind Onshore,2026-06-10T05:22:42Z
2026-06-10T05:21:31Z,2026-06-10T07:21:31+0200,3782c388-ddaf-4035-9ca0-973a72568e07,2026-06-09T12:00:00Z,2026-06-09T14:00:00+0200,18719.39301,MW,DE,DE_LU,forecast_onshore_wind_generation,Wind Onshore,2026-06-10T05:22:42Z
2026-06-10T05:21:31Z,2026-06-10T07:21:31+0200,3782c388-ddaf-4035-9ca0-973a72568e07,2026-06-09T12:15:00Z,2026-06-09T14:15:00+0200,18796.86743,MW,DE,DE_LU,forecast_onshore_wind_generation,Wind Onshore,2026-06-10T05:22:42Z
2026-06-10T05:21:31Z,2026-06-10T07:21:31+0200,3782c388-ddaf-4035-9ca0-973a72568e07,2026-06-09T12:30:00Z,2026-06-09T14:30:00+0200,18841.13218,MW,DE,DE_LU,forecast_onshore_wind_generation,Wind Onshore,2026-06-10T05:22:42Z
2026-06-10T05:21:31Z,2026-06-10T07:21:31+0200,3782c388-ddaf-4035-9ca0-973a72568e07,2026-06-09T12:45:00Z,2026-06-09T14:45:00+0200,18851.33513,MW,DE,DE_LU,forecast_onshore_wind_generation,Wind Onshore,2026-06-10T05:22:42Z
2026-06-10T05:21:31Z,2026-06-10T07:21:31+0200,3782c388-ddaf-4035-9ca0-973a72568e07,2026-06-09T13:00:00Z,2026-06-09T15:00:00+0200,18825.67539,MW,DE,DE_LU,forecast_onshore_wind_generation,Wind Onshore,2026-06-10T05:22:42Z
2026-06-10T05:21:31Z,2026-06-10T07:21:31+0200,3782c388-ddaf-4035-9ca0-973a72568e07,2026-06-09T13:15:00Z,2026-06-09T15:15:00+0200,18749.19552,MW,DE,DE_LU,forecast_onshore_wind_generation,Wind Onshore,2026-06-10T05:22:42Z
2026-06-10T05:21:31Z,2026-06-10T07:21:31+0200,3782c388-ddaf-4035-9ca0-973a72568e07,2026-06-09T13:30:00Z,2026-06-09T15:30:00+0200,18656.48195,MW,DE,DE_LU,forecast_onshore_wind_generation,Wind Onshore,2026-06-10T05:22:42Z
2026-06-10T05:21:31Z,2026-06-10T07:21:31+0200,3782c388-ddaf-4035-9ca0-973a72568e07,2026-06-09T13:45:00Z,2026-06-09T15:45:00+0200,18671.75191,MW,DE,DE_LU,forecast_onshore_wind_generation,Wind Onshore,2026-06-10T05:22:42Z
2026-06-10T05:21:31Z,2026-06-10T07:21:31+0200,3782c388-ddaf-4035-9ca0-973a72568e07,2026-06-09T14:00:00Z,2026-06-09T16:00:00+0200,18645.8316,MW,DE,DE_LU,forecast_onshore_wind_generation,Wind Onshore,2026-06-10T05:22:42Z
2026-06-10T05:21:31Z,2026-06-10T07:21:31+0200,3782c388-ddaf-4035-9ca0-973a72568e07,2026-06-09T14:15:00Z,2026-06-09T16:15:00+0200,18565.6496,MW,DE,DE_LU,forecast_onshore_wind_generation,Wind Onshore,2026-06-10T05:22:42Z
2026-06-10T05:21:31Z,2026-06-10T07:21:31+0200,3782c388-ddaf-4035-9ca0-973a72568e07,2026-06-09T14:30:00Z,2026-06-09T16:30:00+0200,18556.85597,MW,DE,DE_LU,forecast_onshore_wind_generation,Wind Onshore,2026-06-10T05:22:42Z
2026-06-10T05:21:31Z,2026-06-10T07:21:31+0200,3782c388-ddaf-4035-9ca0-973a72568e07,2026-06-09T14:45:00Z,2026-06-09T16:45:00+0200,18586.50103,MW,DE,DE_LU,forecast_onshore_wind_generation,Wind Onshore,2026-06-10T05:22:42Z
2026-06-10T05:21:31Z,2026-06-10T07:21:31+0200,3782c388-ddaf-4035-9ca0-973a72568e07,2026-06-09T15:00:00Z,2026-06-09T17:00:00+0200,18503.20994,MW,DE,DE_LU,forecast_onshore_wind_generation,Wind Onshore,2026-06-10T05:22:42Z
2026-06-10T05:21:31Z,2026-06-10T07:21:31+0200,3782c388-ddaf-4035-9ca0-973a72568e07,2026-06-09T15:15:00Z,2026-06-09T17:15:00+0200,17872.51806,MW,DE,DE_LU,forecast_onshore_wind_generation,Wind Onshore,2026-06-10T05:22:42Z
2026-06-10T05:21:31Z,2026-06-10T07:21:31+0200,3782c388-ddaf-4035-9ca0-973a72568e07,2026-06-09T15:30:00Z,2026-06-09T17:30:00+0200,17264.3195,MW,DE,DE_LU,forecast_onshore_wind_generation,Wind Onshore,2026-06-10T05:22:42Z
2026-06-10T05:21:31Z,2026-06-10T07:21:31+0200,3782c388-ddaf-4035-9ca0-973a72568e07,2026-06-09T15:45:00Z,2026-06-09T17:45:00+0200,16657.12177,MW,DE,DE_LU,forecast_onshore_wind_generation,Wind Onshore,2026-06-10T05:22:42Z
2026-06-10T05:21:31Z,2026-06-10T07:21:31+0200,3782c388-ddaf-4035-9ca0-973a72568e07,2026-06-09T16:00:00Z,2026-06-09T18:00:00+0200,15974.76425,MW,DE,DE_LU,forecast_onshore_wind_generation,Wind Onshore,2026-06-10T05:22:42Z
2026-06-10T05:21:31Z,2026-06-10T07:21:31+0200,3782c388-ddaf-4035-9ca0-973a72568e07,2026-06-09T16:15:00Z,2026-06-09T18:15:00+0200,15274.54063,MW,DE,DE_LU,forecast_onshore_wind_generation,Wind Onshore,2026-06-10T05:22:42Z
2026-06-10T05:21:31Z,2026-06-10T07:21:31+0200,3782c388-ddaf-4035-9ca0-973a72568e07,2026-06-09T16:30:00Z,2026-06-09T18:30:00+0200,14567.95264,MW,DE,DE_LU,forecast_onshore_wind_generation,Wind Onshore,2026-06-10T05:22:42Z
2026-06-10T05:21:31Z,2026-06-10T07:21:31+0200,3782c388-ddaf-4035-9ca0-973a72568e07,2026-06-09T16:45:00Z,2026-06-09T18:45:00+0200,13873.98632,MW,DE,DE_LU,forecast_onshore_wind_generation,Wind Onshore,2026-06-10T05:22:42Z
2026-06-10T05:21:31Z,2026-06-10T07:21:31+0200,3782c388-ddaf-4035-9ca0-973a72568e07,2026-06-09T17:00:00Z,2026-06-09T19:00:00+0200,13117.81039,MW,DE,DE_LU,forecast_onshore_wind_generation,Wind Onshore,2026-06-10T05:22:42Z
2026-06-10T05:21:31Z,2026-06-10T07:21:31+0200,3782c388-ddaf-4035-9ca0-973a72568e07,2026-06-09T17:15:00Z,2026-06-09T19:15:00+0200,12451.77127,MW,DE,DE_LU,forecast_onshore_wind_generation,Wind Onshore,2026-06-10T05:22:42Z
2026-06-10T05:21:31Z,2026-06-10T07:21:31+0200,3782c388-ddaf-4035-9ca0-973a72568e07,2026-06-09T17:30:00Z,2026-06-09T19:30:00+0200,11793.13734,MW,DE,DE_LU,forecast_onshore_wind_generation,Wind Onshore,2026-06-10T05:22:42Z
2026-06-10T05:21:31Z,2026-06-10T07:21:31+0200,3782c388-ddaf-4035-9ca0-973a72568e07,2026-06-09T17:45:00Z,2026-06-09T19:45:00+0200,11164.2301,MW,DE,DE_LU,forecast_onshore_wind_generation,Wind Onshore,2026-06-10T05:22:42Z
2026-06-10T05:21:31Z,2026-06-10T07:21:31+0200,3782c388-ddaf-4035-9ca0-973a72568e07,2026-06-09T18:00:00Z,2026-06-09T20:00:00+0200,10604.5847,MW,DE,DE_LU,forecast_onshore_wind_generation,Wind Onshore,2026-06-10T05:22:42Z
2026-06-10T05:21:31Z,2026-06-10T07:21:31+0200,3782c388-ddaf-4035-9ca0-973a72568e07,2026-06-09T18:15:00Z,2026-06-09T20:15:00+0200,10197.77318,MW,DE,DE_LU,forecast_onshore_wind_generation,Wind Onshore,2026-06-10T05:22:42Z
2026-06-10T05:21:31Z,2026-06-10T07:21:31+0200,3782c388-ddaf-4035-9ca0-973a72568e07,2026-06-09T18:30:00Z,2026-06-09T20:30:00+0200,9772.19109,MW,DE,DE_LU,forecast_onshore_wind_generation,Wind Onshore,2026-06-10T05:22:42Z
2026-06-10T05:21:31Z,2026-06-10T07:21:31+0200,3782c388-ddaf-4035-9ca0-973a72568e07,2026-06-09T18:45:00Z,2026-06-09T20:45:00+0200,9281.63208,MW,DE,DE_LU,forecast_onshore_wind_generation,Wind Onshore,2026-06-10T05:22:42Z
2026-06-10T05:21:31Z,2026-06-10T07:21:31+0200,3782c388-ddaf-4035-9ca0-973a72568e07,2026-06-09T19:00:00Z,2026-06-09T21:00:00+0200,8899.71712,MW,DE,DE_LU,forecast_onshore_wind_generation,Wind Onshore,2026-06-10T05:22:42Z
2026-06-10T05:21:31Z,2026-06-10T07:21:31+0200,3782c388-ddaf-4035-9ca0-973a72568e07,2026-06-09T19:15:00Z,2026-06-09T21:15:00+0200,8817.70299,MW,DE,DE_LU,forecast_onshore_wind_generation,Wind Onshore,2026-06-10T05:22:42Z
2026-06-10T05:21:31Z,2026-06-10T07:21:31+0200,3782c388-ddaf-4035-9ca0-973a72568e07,2026-06-09T19:30:00Z,2026-06-09T21:30:00+0200,8823.21578,MW,DE,DE_LU,forecast_onshore_wind_generation,Wind Onshore,2026-06-10T05:22:42Z
2026-06-10T05:21:31Z,2026-06-10T07:21:31+0200,3782c388-ddaf-4035-9ca0-973a72568e07,2026-06-09T19:45:00Z,2026-06-09T21:45:00+0200,8863.12349,MW,DE,DE_LU,forecast_onshore_wind_generation,Wind Onshore,2026-06-10T05:22:42Z
2026-06-10T05:21:31Z,2026-06-10T07:21:31+0200,3782c388-ddaf-4035-9ca0-973a72568e07,2026-06-09T20:00:00Z,2026-06-09T22:00:00+0200,8866.17955,MW,DE,DE_LU,forecast_onshore_wind_generation,Wind Onshore,2026-06-10T05:22:42Z
2026-06-10T05:21:31Z,2026-06-10T07:21:31+0200,3782c388-ddaf-4035-9ca0-973a72568e07,2026-06-09T20:15:00Z,2026-06-09T22:15:00+0200,9136.0028,MW,DE,DE_LU,forecast_onshore_wind_generation,Wind Onshore,2026-06-10T05:22:42Z
2026-06-10T05:21:31Z,2026-06-10T07:21:31+0200,3782c388-ddaf-4035-9ca0-973a72568e07,2026-06-09T20:30:00Z,2026-06-09T22:30:00+0200,9423.58721,MW,DE,DE_LU,forecast_onshore_wind_generation,Wind Onshore,2026-06-10T05:22:42Z
2026-06-10T05:21:31Z,2026-06-10T07:21:31+0200,3782c388-ddaf-4035-9ca0-973a72568e07,2026-06-09T20:45:00Z,2026-06-09T22:45:00+0200,9714.17353,MW,DE,DE_LU,forecast_onshore_wind_generation,Wind Onshore,2026-06-10T05:22:42Z
2026-06-10T05:21:31Z,2026-06-10T07:21:31+0200,3782c388-ddaf-4035-9ca0-973a72568e07,2026-06-09T21:00:00Z,2026-06-09T23:00:00+0200,9958.16899,MW,DE,DE_LU,forecast_onshore_wind_generation,Wind Onshore,2026-06-10T05:22:42Z
2026-06-10T05:21:31Z,2026-06-10T07:21:31+0200,3782c388-ddaf-4035-9ca0-973a72568e07,2026-06-09T21:15:00Z,2026-06-09T23:15:00+0200,10142.74459,MW,DE,DE_LU,forecast_onshore_wind_generation,Wind Onshore,2026-06-10T05:22:42Z
2026-06-10T05:21:31Z,2026-06-10T07:21:31+0200,3782c388-ddaf-4035-9ca0-973a72568e07,2026-06-09T21:30:00Z,2026-06-09T23:30:00+0200,10337.04256,MW,DE,DE_LU,forecast_onshore_wind_generation,Wind Onshore,2026-06-10T05:22:42Z
2026-06-10T05:21:31Z,2026-06-10T07:21:31+0200,3782c388-ddaf-4035-9ca0-973a72568e07,2026-06-09T21:45:00Z,2026-06-09T23:45:00+0200,10542.21875,MW,DE,DE_LU,forecast_onshore_wind_generation,Wind Onshore,2026-06-10T05:22:42Z
2026-06-10T05:21:31Z,2026-06-10T07:21:31+0200,3782c388-ddaf-4035-9ca0-973a72568e07,2026-06-09T22:00:00Z,2026-06-10T00:00:00+0200,11441.58548,MW,DE,DE_LU,forecast_onshore_wind_generation,Wind Onshore,2026-06-10T05:22:42Z
2026-06-10T05:21:31Z,2026-06-10T07:21:31+0200,3782c388-ddaf-4035-9ca0-973a72568e07,2026-06-09T22:15:00Z,2026-06-10T00:15:00+0200,11640.02232,MW,DE,DE_LU,forecast_onshore_wind_generation,Wind Onshore,2026-06-10T05:22:42Z
2026-06-10T05:21:31Z,2026-06-10T07:21:31+0200,3782c388-ddaf-4035-9ca0-973a72568e07,2026-06-09T22:30:00Z,2026-06-10T00:30:00+0200,11842.73611,MW,DE,DE_LU,forecast_onshore_wind_generation,Wind Onshore,2026-06-10T05:22:42Z
2026-06-10T05:21:31Z,2026-06-10T07:21:31+0200,3782c388-ddaf-4035-9ca0-973a72568e07,2026-06-09T22:45:00Z,2026-06-10T00:45:00+0200,12040.81867,MW,DE,DE_LU,forecast_onshore_wind_generation,Wind Onshore,2026-06-10T05:22:42Z
2026-06-10T05:21:31Z,2026-06-10T07:21:31+0200,3782c388-ddaf-4035-9ca0-973a72568e07,2026-06-09T23:00:00Z,2026-06-10T01:00:00+0200,12226.02278,MW,DE,DE_LU,forecast_onshore_wind_generation,Wind Onshore,2026-06-10T05:22:42Z
2026-06-10T05:21:31Z,2026-06-10T07:21:31+0200,3782c388-ddaf-4035-9ca0-973a72568e07,2026-06-09T23:15:00Z,2026-06-10T01:15:00+0200,12342.10512,MW,DE,DE_LU,forecast_onshore_wind_generation,Wind Onshore,2026-06-10T05:22:42Z
2026-06-10T05:21:31Z,2026-06-10T07:21:31+0200,3782c388-ddaf-4035-9ca0-973a72568e07,2026-06-09T23:30:00Z,2026-06-10T01:30:00+0200,12450.9786,MW,DE,DE_LU,forecast_onshore_wind_generation,Wind Onshore,2026-06-10T05:22:42Z
2026-06-10T05:21:31Z,2026-06-10T07:21:31+0200,3782c388-ddaf-4035-9ca0-973a72568e07,2026-06-09T23:45:00Z,2026-06-10T01:45:00+0200,12547.96013,MW,DE,DE_LU,forecast_onshore_wind_generation,Wind Onshore,2026-06-10T05:22:42Z
2026-06-10T05:21:31Z,2026-06-10T07:21:31+0200,3782c388-ddaf-4035-9ca0-973a72568e07,2026-06-10T00:00:00Z,2026-06-10T02:00:00+0200,12570.32029,MW,DE,DE_LU,forecast_onshore_wind_generation,Wind Onshore,2026-06-10T05:22:42Z
2026-06-10T05:21:31Z,2026-06-10T07:21:31+0200,3782c388-ddaf-4035-9ca0-973a72568e07,2026-06-10T00:15:00Z,2026-06-10T02:15:00+0200,12543.08509,MW,DE,DE_LU,forecast_onshore_wind_generation,Wind Onshore,2026-06-10T05:22:42Z
2026-06-10T05:21:31Z,2026-06-10T07:21:31+0200,3782c388-ddaf-4035-9ca0-973a72568e07,2026-06-10T00:30:00Z,2026-06-10T02:30:00+0200,12514.60825,MW,DE,DE_LU,forecast_onshore_wind_generation,Wind Onshore,2026-06-10T05:22:42Z
2026-06-10T05:21:31Z,2026-06-10T07:21:31+0200,3782c388-ddaf-4035-9ca0-973a72568e07,2026-06-10T00:45:00Z,2026-06-10T02:45:00+0200,12476.75361,MW,DE,DE_LU,forecast_onshore_wind_generation,Wind Onshore,2026-06-10T05:22:42Z
2026-06-10T05:21:31Z,2026-06-10T07:21:31+0200,3782c388-ddaf-4035-9ca0-973a72568e07,2026-06-10T01:00:00Z,2026-06-10T03:00:00+0200,12451.39232,MW,DE,DE_LU,forecast_onshore_wind_generation,Wind Onshore,2026-06-10T05:22:42Z
2026-06-10T05:21:31Z,2026-06-10T07:21:31+0200,3782c388-ddaf-4035-9ca0-973a72568e07,2026-06-10T01:15:00Z,2026-06-10T03:15:00+0200,12349.22047,MW,DE,DE_LU,forecast_onshore_wind_generation,Wind Onshore,2026-06-10T05:22:42Z
2026-06-10T05:21:31Z,2026-06-10T07:21:31+0200,3782c388-ddaf-4035-9ca0-973a72568e07,2026-06-10T01:30:00Z,2026-06-10T03:30:00+0200,12248.56755,MW,DE,DE_LU,forecast_onshore_wind_generation,Wind Onshore,2026-06-10T05:22:42Z
2026-06-10T05:21:31Z,2026-06-10T07:21:31+0200,3782c388-ddaf-4035-9ca0-973a72568e07,2026-06-10T01:45:00Z,2026-06-10T03:45:00+0200,12152.30551,MW,DE,DE_LU,forecast_onshore_wind_generation,Wind Onshore,2026-06-10T05:22:42Z
2026-06-10T05:21:31Z,2026-06-10T07:21:31+0200,3782c388-ddaf-4035-9ca0-973a72568e07,2026-06-10T02:00:00Z,2026-06-10T04:00:00+0200,12048.35672,MW,DE,DE_LU,forecast_onshore_wind_generation,Wind Onshore,2026-06-10T05:22:42Z
2026-06-10T05:21:31Z,2026-06-10T07:21:31+0200,3782c388-ddaf-4035-9ca0-973a72568e07,2026-06-10T02:15:00Z,2026-06-10T04:15:00+0200,11921.72727,MW,DE,DE_LU,forecast_onshore_wind_generation,Wind Onshore,2026-06-10T05:22:42Z
2026-06-10T05:21:31Z,2026-06-10T07:21:31+0200,3782c388-ddaf-4035-9ca0-973a72568e07,2026-06-10T02:30:00Z,2026-06-10T04:30:00+0200,11797.56755,MW,DE,DE_LU,forecast_onshore_wind_generation,Wind Onshore,2026-06-10T05:22:42Z
2026-06-10T05:21:31Z,2026-06-10T07:21:31+0200,3782c388-ddaf-4035-9ca0-973a72568e07,2026-06-10T02:45:00Z,2026-06-10T04:45:00+0200,11678.42459,MW,DE,DE_LU,forecast_onshore_wind_generation,Wind Onshore,2026-06-10T05:22:42Z
2026-06-10T05:21:31Z,2026-06-10T07:21:31+0200,3782c388-ddaf-4035-9ca0-973a72568e07,2026-06-10T03:00:00Z,2026-06-10T05:00:00+0200,11540.42738,MW,DE,DE_LU,forecast_onshore_wind_generation,Wind Onshore,2026-06-10T05:22:42Z
2026-06-10T05:21:31Z,2026-06-10T07:21:31+0200,3782c388-ddaf-4035-9ca0-973a72568e07,2026-06-10T03:15:00Z,2026-06-10T05:15:00+0200,11356.44855,MW,DE,DE_LU,forecast_onshore_wind_generation,Wind Onshore,2026-06-10T05:22:42Z
2026-06-10T05:21:31Z,2026-06-10T07:21:31+0200,3782c388-ddaf-4035-9ca0-973a72568e07,2026-06-10T03:30:00Z,2026-06-10T05:30:00+0200,11208.72846,MW,DE,DE_LU,forecast_onshore_wind_generation,Wind Onshore,2026-06-10T05:22:42Z
2026-06-10T05:21:31Z,2026-06-10T07:21:31+0200,3782c388-ddaf-4035-9ca0-973a72568e07,2026-06-10T03:45:00Z,2026-06-10T05:45:00+0200,11021.1228,MW,DE,DE_LU,forecast_onshore_wind_generation,Wind Onshore,2026-06-10T05:22:42Z
2026-06-10T05:21:31Z,2026-06-10T07:21:31+0200,3782c388-ddaf-4035-9ca0-973a72568e07,2026-06-10T04:00:00Z,2026-06-10T06:00:00+0200,10962.40007,MW,DE,DE_LU,forecast_onshore_wind_generation,Wind Onshore,2026-06-10T05:22:42Z
2026-06-10T05:21:31Z,2026-06-10T07:21:31+0200,3782c388-ddaf-4035-9ca0-973a72568e07,2026-06-10T04:15:00Z,2026-06-10T06:15:00+0200,10423.77085,MW,DE,DE_LU,forecast_onshore_wind_generation,Wind Onshore,2026-06-10T05:22:42Z
2026-06-10T05:21:31Z,2026-06-10T07:21:31+0200,3782c388-ddaf-4035-9ca0-973a72568e07,2026-06-10T04:30:00Z,2026-06-10T06:30:00+0200,9892.37628,MW,DE,DE_LU,forecast_onshore_wind_generation,Wind Onshore,2026-06-10T05:22:42Z
2026-06-10T05:21:31Z,2026-06-10T07:21:31+0200,3782c388-ddaf-4035-9ca0-973a72568e07,2026-06-10T04:45:00Z,2026-06-10T06:45:00+0200,9374.9877,MW,DE,DE_LU,forecast_onshore_wind_generation,Wind Onshore,2026-06-10T05:22:42Z
2026-06-10T05:21:31Z,2026-06-10T07:21:31+0200,3782c388-ddaf-4035-9ca0-973a72568e07,2026-06-10T05:00:00Z,2026-06-10T07:00:00+0200,8907.07069,MW,DE,DE_LU,forecast_onshore_wind_generation,Wind Onshore,2026-06-10T05:22:42Z
2026-06-10T05:21:31Z,2026-06-10T07:21:31+0200,3782c388-ddaf-4035-9ca0-973a72568e07,2026-06-10T05:15:00Z,2026-06-10T07:15:00+0200,8486.5344,MW,DE,DE_LU,forecast_onshore_wind_generation,Wind Onshore,2026-06-10T05:22:42Z
2026-06-10T05:21:31Z,2026-06-10T07:21:31+0200,3782c388-ddaf-4035-9ca0-973a72568e07,2026-06-10T05:30:00Z,2026-06-10T07:30:00+0200,8142.55305,MW,DE,DE_LU,forecast_onshore_wind_generation,Wind Onshore,2026-06-10T05:22:42Z
