collection_time_utc,collection_time_local,run_id,timestamp_utc,timestamp_local,value,unit,country,entsoe_area,variable,source,updated_at_utc
2026-09-25T20:14:32Z,2026-09-25T22:14:32+0200,0058ff56-e9e2-4f32-86d7-71abbced9686,2026-09-18T20:30:00Z,2026-09-18T22:30:00+0200,8561.0,MW,ES,ES,forecast_onshore_wind_generation,Wind Onshore,2026-09-25T20:15:59Z
2026-09-25T20:14:32Z,2026-09-25T22:14:32+0200,0058ff56-e9e2-4f32-86d7-71abbced9686,2026-09-18T20:45:00Z,2026-09-18T22:45:00+0200,8413.0,MW,ES,ES,forecast_onshore_wind_generation,Wind Onshore,2026-09-25T20:15:59Z
2026-09-25T20:14:32Z,2026-09-25T22:14:32+0200,0058ff56-e9e2-4f32-86d7-71abbced9686,2026-09-18T21:00:00Z,2026-09-18T23:00:00+0200,8284.0,MW,ES,ES,forecast_onshore_wind_generation,Wind Onshore,2026-09-25T20:15:59Z
2026-09-25T20:14:32Z,2026-09-25T22:14:32+0200,0058ff56-e9e2-4f32-86d7-71abbced9686,2026-09-18T21:15:00Z,2026-09-18T23:15:00+0200,8121.0,MW,ES,ES,forecast_onshore_wind_generation,Wind Onshore,2026-09-25T20:15:59Z
2026-09-25T20:14:32Z,2026-09-25T22:14:32+0200,0058ff56-e9e2-4f32-86d7-71abbced9686,2026-09-18T21:30:00Z,2026-09-18T23:30:00+0200,7958.0,MW,ES,ES,forecast_onshore_wind_generation,Wind Onshore,2026-09-25T20:15:59Z
2026-09-25T20:14:32Z,2026-09-25T22:14:32+0200,0058ff56-e9e2-4f32-86d7-71abbced9686,2026-09-18T21:45:00Z,2026-09-18T23:45:00+0200,7788.0,MW,ES,ES,forecast_onshore_wind_generation,Wind Onshore,2026-09-25T20:15:59Z
2026-09-25T20:14:32Z,2026-09-25T22:14:32+0200,0058ff56-e9e2-4f32-86d7-71abbced9686,2026-09-18T22:00:00Z,2026-09-19T00:00:00+0200,7635.0,MW,ES,ES,forecast_onshore_wind_generation,Wind Onshore,2026-09-25T20:15:59Z
2026-09-25T20:14:32Z,2026-09-25T22:14:32+0200,0058ff56-e9e2-4f32-86d7-71abbced9686,2026-09-18T22:15:00Z,2026-09-19T00:15:00+0200,7491.0,MW,ES,ES,forecast_onshore_wind_generation,Wind Onshore,2026-09-25T20:15:59Z
2026-09-25T20:14:32Z,2026-09-25T22:14:32+0200,0058ff56-e9e2-4f32-86d7-71abbced9686,2026-09-18T22:30:00Z,2026-09-19T00:30:00+0200,7333.0,MW,ES,ES,forecast_onshore_wind_generation,Wind Onshore,2026-09-25T20:15:59Z
2026-09-25T20:14:32Z,2026-09-25T22:14:32+0200,0058ff56-e9e2-4f32-86d7-71abbced9686,2026-09-18T22:45:00Z,2026-09-19T00:45:00+0200,7160.0,MW,ES,ES,forecast_onshore_wind_generation,Wind Onshore,2026-09-25T20:15:59Z
2026-09-25T20:14:32Z,2026-09-25T22:14:32+0200,0058ff56-e9e2-4f32-86d7-71abbced9686,2026-09-18T23:00:00Z,2026-09-19T01:00:00+0200,6995.0,MW,ES,ES,forecast_onshore_wind_generation,Wind Onshore,2026-09-25T20:15:59Z
2026-09-25T20:14:32Z,2026-09-25T22:14:32+0200,0058ff56-e9e2-4f32-86d7-71abbced9686,2026-09-18T23:15:00Z,2026-09-19T01:15:00+0200,6807.0,MW,ES,ES,forecast_onshore_wind_generation,Wind Onshore,2026-09-25T20:15:59Z
2026-09-25T20:14:32Z,2026-09-25T22:14:32+0200,0058ff56-e9e2-4f32-86d7-71abbced9686,2026-09-18T23:30:00Z,2026-09-19T01:30:00+0200,6626.0,MW,ES,ES,forecast_onshore_wind_generation,Wind Onshore,2026-09-25T20:15:59Z
2026-09-25T20:14:32Z,2026-09-25T22:14:32+0200,0058ff56-e9e2-4f32-86d7-71abbced9686,2026-09-18T23:45:00Z,2026-09-19T01:45:00+0200,6442.0,MW,ES,ES,forecast_onshore_wind_generation,Wind Onshore,2026-09-25T20:15:59Z
2026-09-25T20:14:32Z,2026-09-25T22:14:32+0200,0058ff56-e9e2-4f32-86d7-71abbced9686,2026-09-19T00:00:00Z,2026-09-19T02:00:00+0200,6269.0,MW,ES,ES,forecast_onshore_wind_generation,Wind Onshore,2026-09-25T20:15:59Z
2026-09-25T20:14:32Z,2026-09-25T22:14:32+0200,0058ff56-e9e2-4f32-86d7-71abbced9686,2026-09-19T00:15:00Z,2026-09-19T02:15:00+0200,6088.0,MW,ES,ES,forecast_onshore_wind_generation,Wind Onshore,2026-09-25T20:15:59Z
2026-09-25T20:14:32Z,2026-09-25T22:14:32+0200,0058ff56-e9e2-4f32-86d7-71abbced9686,2026-09-19T00:30:00Z,2026-09-19T02:30:00+0200,5910.0,MW,ES,ES,forecast_onshore_wind_generation,Wind Onshore,2026-09-25T20:15:59Z
2026-09-25T20:14:32Z,2026-09-25T22:14:32+0200,0058ff56-e9e2-4f32-86d7-71abbced9686,2026-09-19T00:45:00Z,2026-09-19T02:45:00+0200,5733.0,MW,ES,ES,forecast_onshore_wind_generation,Wind Onshore,2026-09-25T20:15:59Z
2026-09-25T20:14:32Z,2026-09-25T22:14:32+0200,0058ff56-e9e2-4f32-86d7-71abbced9686,2026-09-19T01:00:00Z,2026-09-19T03:00:00+0200,5567.0,MW,ES,ES,forecast_onshore_wind_generation,Wind Onshore,2026-09-25T20:15:59Z
2026-09-25T20:14:32Z,2026-09-25T22:14:32+0200,0058ff56-e9e2-4f32-86d7-71abbced9686,2026-09-19T01:15:00Z,2026-09-19T03:15:00+0200,5398.0,MW,ES,ES,forecast_onshore_wind_generation,Wind Onshore,2026-09-25T20:15:59Z
2026-09-25T20:14:32Z,2026-09-25T22:14:32+0200,0058ff56-e9e2-4f32-86d7-71abbced9686,2026-09-19T01:30:00Z,2026-09-19T03:30:00+0200,5234.0,MW,ES,ES,forecast_onshore_wind_generation,Wind Onshore,2026-09-25T20:15:59Z
2026-09-25T20:14:32Z,2026-09-25T22:14:32+0200,0058ff56-e9e2-4f32-86d7-71abbced9686,2026-09-19T01:45:00Z,2026-09-19T03:45:00+0200,5074.0,MW,ES,ES,forecast_onshore_wind_generation,Wind Onshore,2026-09-25T20:15:59Z
2026-09-25T20:14:32Z,2026-09-25T22:14:32+0200,0058ff56-e9e2-4f32-86d7-71abbced9686,2026-09-19T02:00:00Z,2026-09-19T04:00:00+0200,4914.0,MW,ES,ES,forecast_onshore_wind_generation,Wind Onshore,2026-09-25T20:15:59Z
2026-09-25T20:14:32Z,2026-09-25T22:14:32+0200,0058ff56-e9e2-4f32-86d7-71abbced9686,2026-09-19T02:15:00Z,2026-09-19T04:15:00+0200,4774.0,MW,ES,ES,forecast_onshore_wind_generation,Wind Onshore,2026-09-25T20:15:59Z
2026-09-25T20:14:32Z,2026-09-25T22:14:32+0200,0058ff56-e9e2-4f32-86d7-71abbced9686,2026-09-19T02:30:00Z,2026-09-19T04:30:00+0200,4644.0,MW,ES,ES,forecast_onshore_wind_generation,Wind Onshore,2026-09-25T20:15:59Z
2026-09-25T20:14:32Z,2026-09-25T22:14:32+0200,0058ff56-e9e2-4f32-86d7-71abbced9686,2026-09-19T02:45:00Z,2026-09-19T04:45:00+0200,4522.0,MW,ES,ES,forecast_onshore_wind_generation,Wind Onshore,2026-09-25T20:15:59Z
2026-09-25T20:14:32Z,2026-09-25T22:14:32+0200,0058ff56-e9e2-4f32-86d7-71abbced9686,2026-09-19T03:00:00Z,2026-09-19T05:00:00+0200,4407.0,MW,ES,ES,forecast_onshore_wind_generation,Wind Onshore,2026-09-25T20:15:59Z
2026-09-25T20:14:32Z,2026-09-25T22:14:32+0200,0058ff56-e9e2-4f32-86d7-71abbced9686,2026-09-19T03:15:00Z,2026-09-19T05:15:00+0200,4291.0,MW,ES,ES,forecast_onshore_wind_generation,Wind Onshore,2026-09-25T20:15:59Z
2026-09-25T20:14:32Z,2026-09-25T22:14:32+0200,0058ff56-e9e2-4f32-86d7-71abbced9686,2026-09-19T03:30:00Z,2026-09-19T05:30:00+0200,4173.0,MW,ES,ES,forecast_onshore_wind_generation,Wind Onshore,2026-09-25T20:15:59Z
2026-09-25T20:14:32Z,2026-09-25T22:14:32+0200,0058ff56-e9e2-4f32-86d7-71abbced9686,2026-09-19T03:45:00Z,2026-09-19T05:45:00+0200,4056.0,MW,ES,ES,forecast_onshore_wind_generation,Wind Onshore,2026-09-25T20:15:59Z
2026-09-25T20:14:32Z,2026-09-25T22:14:32+0200,0058ff56-e9e2-4f32-86d7-71abbced9686,2026-09-19T04:00:00Z,2026-09-19T06:00:00+0200,3945.0,MW,ES,ES,forecast_onshore_wind_generation,Wind Onshore,2026-09-25T20:15:59Z
2026-09-25T20:14:32Z,2026-09-25T22:14:32+0200,0058ff56-e9e2-4f32-86d7-71abbced9686,2026-09-19T04:15:00Z,2026-09-19T06:15:00+0200,3831.0,MW,ES,ES,forecast_onshore_wind_generation,Wind Onshore,2026-09-25T20:15:59Z
2026-09-25T20:14:32Z,2026-09-25T22:14:32+0200,0058ff56-e9e2-4f32-86d7-71abbced9686,2026-09-19T04:30:00Z,2026-09-19T06:30:00+0200,3721.0,MW,ES,ES,forecast_onshore_wind_generation,Wind Onshore,2026-09-25T20:15:59Z
2026-09-25T20:14:32Z,2026-09-25T22:14:32+0200,0058ff56-e9e2-4f32-86d7-71abbced9686,2026-09-19T04:45:00Z,2026-09-19T06:45:00+0200,3612.0,MW,ES,ES,forecast_onshore_wind_generation,Wind Onshore,2026-09-25T20:15:59Z
2026-09-25T20:14:32Z,2026-09-25T22:14:32+0200,0058ff56-e9e2-4f32-86d7-71abbced9686,2026-09-19T05:00:00Z,2026-09-19T07:00:00+0200,3523.0,MW,ES,ES,forecast_onshore_wind_generation,Wind Onshore,2026-09-25T20:15:59Z
2026-09-25T20:14:32Z,2026-09-25T22:14:32+0200,0058ff56-e9e2-4f32-86d7-71abbced9686,2026-09-19T05:15:00Z,2026-09-19T07:15:00+0200,3408.0,MW,ES,ES,forecast_onshore_wind_generation,Wind Onshore,2026-09-25T20:15:59Z
2026-09-25T20:14:32Z,2026-09-25T22:14:32+0200,0058ff56-e9e2-4f32-86d7-71abbced9686,2026-09-19T05:30:00Z,2026-09-19T07:30:00+0200,3287.0,MW,ES,ES,forecast_onshore_wind_generation,Wind Onshore,2026-09-25T20:15:59Z
2026-09-25T20:14:32Z,2026-09-25T22:14:32+0200,0058ff56-e9e2-4f32-86d7-71abbced9686,2026-09-19T05:45:00Z,2026-09-19T07:45:00+0200,3164.0,MW,ES,ES,forecast_onshore_wind_generation,Wind Onshore,2026-09-25T20:15:59Z
2026-09-25T20:14:32Z,2026-09-25T22:14:32+0200,0058ff56-e9e2-4f32-86d7-71abbced9686,2026-09-19T06:00:00Z,2026-09-19T08:00:00+0200,3036.0,MW,ES,ES,forecast_onshore_wind_generation,Wind Onshore,2026-09-25T20:15:59Z
2026-09-25T20:14:32Z,2026-09-25T22:14:32+0200,0058ff56-e9e2-4f32-86d7-71abbced9686,2026-09-19T06:15:00Z,2026-09-19T08:15:00+0200,2930.0,MW,ES,ES,forecast_onshore_wind_generation,Wind Onshore,2026-09-25T20:15:59Z
2026-09-25T20:14:32Z,2026-09-25T22:14:32+0200,0058ff56-e9e2-4f32-86d7-71abbced9686,2026-09-19T06:30:00Z,2026-09-19T08:30:00+0200,2839.0,MW,ES,ES,forecast_onshore_wind_generation,Wind Onshore,2026-09-25T20:15:59Z
2026-09-25T20:14:32Z,2026-09-25T22:14:32+0200,0058ff56-e9e2-4f32-86d7-71abbced9686,2026-09-19T06:45:00Z,2026-09-19T08:45:00+0200,2762.0,MW,ES,ES,forecast_onshore_wind_generation,Wind Onshore,2026-09-25T20:15:59Z
2026-09-25T20:14:32Z,2026-09-25T22:14:32+0200,0058ff56-e9e2-4f32-86d7-71abbced9686,2026-09-19T07:00:00Z,2026-09-19T09:00:00+0200,2690.0,MW,ES,ES,forecast_onshore_wind_generation,Wind Onshore,2026-09-25T20:15:59Z
2026-09-25T20:14:32Z,2026-09-25T22:14:32+0200,0058ff56-e9e2-4f32-86d7-71abbced9686,2026-09-19T07:15:00Z,2026-09-19T09:15:00+0200,2632.0,MW,ES,ES,forecast_onshore_wind_generation,Wind Onshore,2026-09-25T20:15:59Z
2026-09-25T20:14:32Z,2026-09-25T22:14:32+0200,0058ff56-e9e2-4f32-86d7-71abbced9686,2026-09-19T07:30:00Z,2026-09-19T09:30:00+0200,2563.0,MW,ES,ES,forecast_onshore_wind_generation,Wind Onshore,2026-09-25T20:15:59Z
2026-09-25T20:14:32Z,2026-09-25T22:14:32+0200,0058ff56-e9e2-4f32-86d7-71abbced9686,2026-09-19T07:45:00Z,2026-09-19T09:45:00+0200,2389.0,MW,ES,ES,forecast_onshore_wind_generation,Wind Onshore,2026-09-25T20:15:59Z
2026-09-25T20:14:32Z,2026-09-25T22:14:32+0200,0058ff56-e9e2-4f32-86d7-71abbced9686,2026-09-19T08:00:00Z,2026-09-19T10:00:00+0200,1920.0,MW,ES,ES,forecast_onshore_wind_generation,Wind Onshore,2026-09-25T20:15:59Z
2026-09-25T20:14:32Z,2026-09-25T22:14:32+0200,0058ff56-e9e2-4f32-86d7-71abbced9686,2026-09-19T08:15:00Z,2026-09-19T10:15:00+0200,1894.0,MW,ES,ES,forecast_onshore_wind_generation,Wind Onshore,2026-09-25T20:15:59Z
2026-09-25T20:14:32Z,2026-09-25T22:14:32+0200,0058ff56-e9e2-4f32-86d7-71abbced9686,2026-09-19T08:30:00Z,2026-09-19T10:30:00+0200,1855.0,MW,ES,ES,forecast_onshore_wind_generation,Wind Onshore,2026-09-25T20:15:59Z
2026-09-25T20:14:32Z,2026-09-25T22:14:32+0200,0058ff56-e9e2-4f32-86d7-71abbced9686,2026-09-19T08:45:00Z,2026-09-19T10:45:00+0200,1774.0,MW,ES,ES,forecast_onshore_wind_generation,Wind Onshore,2026-09-25T20:15:59Z
2026-09-25T20:14:32Z,2026-09-25T22:14:32+0200,0058ff56-e9e2-4f32-86d7-71abbced9686,2026-09-19T09:00:00Z,2026-09-19T11:00:00+0200,1728.0,MW,ES,ES,forecast_onshore_wind_generation,Wind Onshore,2026-09-25T20:15:59Z
2026-09-25T20:14:32Z,2026-09-25T22:14:32+0200,0058ff56-e9e2-4f32-86d7-71abbced9686,2026-09-19T09:15:00Z,2026-09-19T11:15:00+0200,1729.0,MW,ES,ES,forecast_onshore_wind_generation,Wind Onshore,2026-09-25T20:15:59Z
2026-09-25T20:14:32Z,2026-09-25T22:14:32+0200,0058ff56-e9e2-4f32-86d7-71abbced9686,2026-09-19T09:30:00Z,2026-09-19T11:30:00+0200,1732.0,MW,ES,ES,forecast_onshore_wind_generation,Wind Onshore,2026-09-25T20:15:59Z
2026-09-25T20:14:32Z,2026-09-25T22:14:32+0200,0058ff56-e9e2-4f32-86d7-71abbced9686,2026-09-19T09:45:00Z,2026-09-19T11:45:00+0200,1733.0,MW,ES,ES,forecast_onshore_wind_generation,Wind Onshore,2026-09-25T20:15:59Z
2026-09-25T20:14:32Z,2026-09-25T22:14:32+0200,0058ff56-e9e2-4f32-86d7-71abbced9686,2026-09-19T10:00:00Z,2026-09-19T12:00:00+0200,1708.0,MW,ES,ES,forecast_onshore_wind_generation,Wind Onshore,2026-09-25T20:15:59Z
2026-09-25T20:14:32Z,2026-09-25T22:14:32+0200,0058ff56-e9e2-4f32-86d7-71abbced9686,2026-09-19T10:15:00Z,2026-09-19T12:15:00+0200,1707.0,MW,ES,ES,forecast_onshore_wind_generation,Wind Onshore,2026-09-25T20:15:59Z
2026-09-25T20:14:32Z,2026-09-25T22:14:32+0200,0058ff56-e9e2-4f32-86d7-71abbced9686,2026-09-19T10:30:00Z,2026-09-19T12:30:00+0200,1714.0,MW,ES,ES,forecast_onshore_wind_generation,Wind Onshore,2026-09-25T20:15:59Z
2026-09-25T20:14:32Z,2026-09-25T22:14:32+0200,0058ff56-e9e2-4f32-86d7-71abbced9686,2026-09-19T10:45:00Z,2026-09-19T12:45:00+0200,1724.0,MW,ES,ES,forecast_onshore_wind_generation,Wind Onshore,2026-09-25T20:15:59Z
2026-09-25T20:14:32Z,2026-09-25T22:14:32+0200,0058ff56-e9e2-4f32-86d7-71abbced9686,2026-09-19T11:00:00Z,2026-09-19T13:00:00+0200,1610.0,MW,ES,ES,forecast_onshore_wind_generation,Wind Onshore,2026-09-25T20:15:59Z
2026-09-25T20:14:32Z,2026-09-25T22:14:32+0200,0058ff56-e9e2-4f32-86d7-71abbced9686,2026-09-19T11:15:00Z,2026-09-19T13:15:00+0200,1553.0,MW,ES,ES,forecast_onshore_wind_generation,Wind Onshore,2026-09-25T20:15:59Z
2026-09-25T20:14:32Z,2026-09-25T22:14:32+0200,0058ff56-e9e2-4f32-86d7-71abbced9686,2026-09-19T11:30:00Z,2026-09-19T13:30:00+0200,1711.0,MW,ES,ES,forecast_onshore_wind_generation,Wind Onshore,2026-09-25T20:15:59Z
2026-09-25T20:14:32Z,2026-09-25T22:14:32+0200,0058ff56-e9e2-4f32-86d7-71abbced9686,2026-09-19T11:45:00Z,2026-09-19T13:45:00+0200,1724.0,MW,ES,ES,forecast_onshore_wind_generation,Wind Onshore,2026-09-25T20:15:59Z
2026-09-25T20:14:32Z,2026-09-25T22:14:32+0200,0058ff56-e9e2-4f32-86d7-71abbced9686,2026-09-19T12:00:00Z,2026-09-19T14:00:00+0200,1730.0,MW,ES,ES,forecast_onshore_wind_generation,Wind Onshore,2026-09-25T20:15:59Z
2026-09-25T20:14:32Z,2026-09-25T22:14:32+0200,0058ff56-e9e2-4f32-86d7-71abbced9686,2026-09-19T12:15:00Z,2026-09-19T14:15:00+0200,1742.0,MW,ES,ES,forecast_onshore_wind_generation,Wind Onshore,2026-09-25T20:15:59Z
2026-09-25T20:14:32Z,2026-09-25T22:14:32+0200,0058ff56-e9e2-4f32-86d7-71abbced9686,2026-09-19T12:30:00Z,2026-09-19T14:30:00+0200,1758.0,MW,ES,ES,forecast_onshore_wind_generation,Wind Onshore,2026-09-25T20:15:59Z
2026-09-25T20:14:32Z,2026-09-25T22:14:32+0200,0058ff56-e9e2-4f32-86d7-71abbced9686,2026-09-19T12:45:00Z,2026-09-19T14:45:00+0200,1888.0,MW,ES,ES,forecast_onshore_wind_generation,Wind Onshore,2026-09-25T20:15:59Z
2026-09-25T20:14:32Z,2026-09-25T22:14:32+0200,0058ff56-e9e2-4f32-86d7-71abbced9686,2026-09-19T13:00:00Z,2026-09-19T15:00:00+0200,1809.0,MW,ES,ES,forecast_onshore_wind_generation,Wind Onshore,2026-09-25T20:15:59Z
2026-09-25T20:14:32Z,2026-09-25T22:14:32+0200,0058ff56-e9e2-4f32-86d7-71abbced9686,2026-09-19T13:15:00Z,2026-09-19T15:15:00+0200,1835.0,MW,ES,ES,forecast_onshore_wind_generation,Wind Onshore,2026-09-25T20:15:59Z
2026-09-25T20:14:32Z,2026-09-25T22:14:32+0200,0058ff56-e9e2-4f32-86d7-71abbced9686,2026-09-19T13:30:00Z,2026-09-19T15:30:00+0200,1874.0,MW,ES,ES,forecast_onshore_wind_generation,Wind Onshore,2026-09-25T20:15:59Z
2026-09-25T20:14:32Z,2026-09-25T22:14:32+0200,0058ff56-e9e2-4f32-86d7-71abbced9686,2026-09-19T13:45:00Z,2026-09-19T15:45:00+0200,1912.0,MW,ES,ES,forecast_onshore_wind_generation,Wind Onshore,2026-09-25T20:15:59Z
2026-09-25T20:14:32Z,2026-09-25T22:14:32+0200,0058ff56-e9e2-4f32-86d7-71abbced9686,2026-09-19T14:00:00Z,2026-09-19T16:00:00+0200,1972.0,MW,ES,ES,forecast_onshore_wind_generation,Wind Onshore,2026-09-25T20:15:59Z
2026-09-25T20:14:32Z,2026-09-25T22:14:32+0200,0058ff56-e9e2-4f32-86d7-71abbced9686,2026-09-19T14:15:00Z,2026-09-19T16:15:00+0200,2024.0,MW,ES,ES,forecast_onshore_wind_generation,Wind Onshore,2026-09-25T20:15:59Z
2026-09-25T20:14:32Z,2026-09-25T22:14:32+0200,0058ff56-e9e2-4f32-86d7-71abbced9686,2026-09-19T14:30:00Z,2026-09-19T16:30:00+0200,2081.0,MW,ES,ES,forecast_onshore_wind_generation,Wind Onshore,2026-09-25T20:15:59Z
2026-09-25T20:14:32Z,2026-09-25T22:14:32+0200,0058ff56-e9e2-4f32-86d7-71abbced9686,2026-09-19T14:45:00Z,2026-09-19T16:45:00+0200,2147.0,MW,ES,ES,forecast_onshore_wind_generation,Wind Onshore,2026-09-25T20:15:59Z
2026-09-25T20:14:32Z,2026-09-25T22:14:32+0200,0058ff56-e9e2-4f32-86d7-71abbced9686,2026-09-19T15:00:00Z,2026-09-19T17:00:00+0200,2353.0,MW,ES,ES,forecast_onshore_wind_generation,Wind Onshore,2026-09-25T20:15:59Z
2026-09-25T20:14:32Z,2026-09-25T22:14:32+0200,0058ff56-e9e2-4f32-86d7-71abbced9686,2026-09-19T15:15:00Z,2026-09-19T17:15:00+0200,2456.0,MW,ES,ES,forecast_onshore_wind_generation,Wind Onshore,2026-09-25T20:15:59Z
2026-09-25T20:14:32Z,2026-09-25T22:14:32+0200,0058ff56-e9e2-4f32-86d7-71abbced9686,2026-09-19T15:30:00Z,2026-09-19T17:30:00+0200,2663.0,MW,ES,ES,forecast_onshore_wind_generation,Wind Onshore,2026-09-25T20:15:59Z
2026-09-25T20:14:32Z,2026-09-25T22:14:32+0200,0058ff56-e9e2-4f32-86d7-71abbced9686,2026-09-19T15:45:00Z,2026-09-19T17:45:00+0200,2678.0,MW,ES,ES,forecast_onshore_wind_generation,Wind Onshore,2026-09-25T20:15:59Z
2026-09-25T20:14:32Z,2026-09-25T22:14:32+0200,0058ff56-e9e2-4f32-86d7-71abbced9686,2026-09-19T16:00:00Z,2026-09-19T18:00:00+0200,3459.0,MW,ES,ES,forecast_onshore_wind_generation,Wind Onshore,2026-09-25T20:15:59Z
2026-09-25T20:14:32Z,2026-09-25T22:14:32+0200,0058ff56-e9e2-4f32-86d7-71abbced9686,2026-09-19T16:15:00Z,2026-09-19T18:15:00+0200,3673.0,MW,ES,ES,forecast_onshore_wind_generation,Wind Onshore,2026-09-25T20:15:59Z
2026-09-25T20:14:32Z,2026-09-25T22:14:32+0200,0058ff56-e9e2-4f32-86d7-71abbced9686,2026-09-19T16:30:00Z,2026-09-19T18:30:00+0200,3885.0,MW,ES,ES,forecast_onshore_wind_generation,Wind Onshore,2026-09-25T20:15:59Z
2026-09-25T20:14:32Z,2026-09-25T22:14:32+0200,0058ff56-e9e2-4f32-86d7-71abbced9686,2026-09-19T16:45:00Z,2026-09-19T18:45:00+0200,4058.0,MW,ES,ES,forecast_onshore_wind_generation,Wind Onshore,2026-09-25T20:15:59Z
2026-09-25T20:14:32Z,2026-09-25T22:14:32+0200,0058ff56-e9e2-4f32-86d7-71abbced9686,2026-09-19T17:00:00Z,2026-09-19T19:00:00+0200,4391.0,MW,ES,ES,forecast_onshore_wind_generation,Wind Onshore,2026-09-25T20:15:59Z
2026-09-25T20:14:32Z,2026-09-25T22:14:32+0200,0058ff56-e9e2-4f32-86d7-71abbced9686,2026-09-19T17:15:00Z,2026-09-19T19:15:00+0200,4516.0,MW,ES,ES,forecast_onshore_wind_generation,Wind Onshore,2026-09-25T20:15:59Z
2026-09-25T20:14:32Z,2026-09-25T22:14:32+0200,0058ff56-e9e2-4f32-86d7-71abbced9686,2026-09-19T17:30:00Z,2026-09-19T19:30:00+0200,4669.0,MW,ES,ES,forecast_onshore_wind_generation,Wind Onshore,2026-09-25T20:15:59Z
2026-09-25T20:14:32Z,2026-09-25T22:14:32+0200,0058ff56-e9e2-4f32-86d7-71abbced9686,2026-09-19T17:45:00Z,2026-09-19T19:45:00+0200,4771.0,MW,ES,ES,forecast_onshore_wind_generation,Wind Onshore,2026-09-25T20:15:59Z
2026-09-25T20:14:32Z,2026-09-25T22:14:32+0200,0058ff56-e9e2-4f32-86d7-71abbced9686,2026-09-19T18:00:00Z,2026-09-19T20:00:00+0200,4879.0,MW,ES,ES,forecast_onshore_wind_generation,Wind Onshore,2026-09-25T20:15:59Z
2026-09-25T20:14:32Z,2026-09-25T22:14:32+0200,0058ff56-e9e2-4f32-86d7-71abbced9686,2026-09-19T18:15:00Z,2026-09-19T20:15:00+0200,4967.0,MW,ES,ES,forecast_onshore_wind_generation,Wind Onshore,2026-09-25T20:15:59Z
2026-09-25T20:14:32Z,2026-09-25T22:14:32+0200,0058ff56-e9e2-4f32-86d7-71abbced9686,2026-09-19T18:30:00Z,2026-09-19T20:30:00+0200,5054.0,MW,ES,ES,forecast_onshore_wind_generation,Wind Onshore,2026-09-25T20:15:59Z
2026-09-25T20:14:32Z,2026-09-25T22:14:32+0200,0058ff56-e9e2-4f32-86d7-71abbced9686,2026-09-19T18:45:00Z,2026-09-19T20:45:00+0200,5117.0,MW,ES,ES,forecast_onshore_wind_generation,Wind Onshore,2026-09-25T20:15:59Z
2026-09-25T20:14:32Z,2026-09-25T22:14:32+0200,0058ff56-e9e2-4f32-86d7-71abbced9686,2026-09-19T19:00:00Z,2026-09-19T21:00:00+0200,5224.0,MW,ES,ES,forecast_onshore_wind_generation,Wind Onshore,2026-09-25T20:15:59Z
2026-09-25T20:14:32Z,2026-09-25T22:14:32+0200,0058ff56-e9e2-4f32-86d7-71abbced9686,2026-09-19T19:15:00Z,2026-09-19T21:15:00+0200,5235.0,MW,ES,ES,forecast_onshore_wind_generation,Wind Onshore,2026-09-25T20:15:59Z
2026-09-25T20:14:32Z,2026-09-25T22:14:32+0200,0058ff56-e9e2-4f32-86d7-71abbced9686,2026-09-19T19:30:00Z,2026-09-19T21:30:00+0200,5221.0,MW,ES,ES,forecast_onshore_wind_generation,Wind Onshore,2026-09-25T20:15:59Z
2026-09-25T20:14:32Z,2026-09-25T22:14:32+0200,0058ff56-e9e2-4f32-86d7-71abbced9686,2026-09-19T19:45:00Z,2026-09-19T21:45:00+0200,5174.0,MW,ES,ES,forecast_onshore_wind_generation,Wind Onshore,2026-09-25T20:15:59Z
2026-09-25T20:14:32Z,2026-09-25T22:14:32+0200,0058ff56-e9e2-4f32-86d7-71abbced9686,2026-09-19T20:00:00Z,2026-09-19T22:00:00+0200,5118.0,MW,ES,ES,forecast_onshore_wind_generation,Wind Onshore,2026-09-25T20:15:59Z
2026-09-25T20:14:32Z,2026-09-25T22:14:32+0200,0058ff56-e9e2-4f32-86d7-71abbced9686,2026-09-19T20:15:00Z,2026-09-19T22:15:00+0200,5064.0,MW,ES,ES,forecast_onshore_wind_generation,Wind Onshore,2026-09-25T20:15:59Z
2026-09-25T20:14:32Z,2026-09-25T22:14:32+0200,0058ff56-e9e2-4f32-86d7-71abbced9686,2026-09-19T20:30:00Z,2026-09-19T22:30:00+0200,5030.0,MW,ES,ES,forecast_onshore_wind_generation,Wind Onshore,2026-09-25T20:15:59Z
2026-09-25T20:14:32Z,2026-09-25T22:14:32+0200,0058ff56-e9e2-4f32-86d7-71abbced9686,2026-09-19T20:45:00Z,2026-09-19T22:45:00+0200,4995.0,MW,ES,ES,forecast_onshore_wind_generation,Wind Onshore,2026-09-25T20:15:59Z
2026-09-25T20:14:32Z,2026-09-25T22:14:32+0200,0058ff56-e9e2-4f32-86d7-71abbced9686,2026-09-19T21:00:00Z,2026-09-19T23:00:00+0200,4994.0,MW,ES,ES,forecast_onshore_wind_generation,Wind Onshore,2026-09-25T20:15:59Z
2026-09-25T20:14:32Z,2026-09-25T22:14:32+0200,0058ff56-e9e2-4f32-86d7-71abbced9686,2026-09-19T21:15:00Z,2026-09-19T23:15:00+0200,4944.0,MW,ES,ES,forecast_onshore_wind_generation,Wind Onshore,2026-09-25T20:15:59Z
2026-09-25T20:14:32Z,2026-09-25T22:14:32+0200,0058ff56-e9e2-4f32-86d7-71abbced9686,2026-09-19T21:30:00Z,2026-09-19T23:30:00+0200,4887.0,MW,ES,ES,forecast_onshore_wind_generation,Wind Onshore,2026-09-25T20:15:59Z
2026-09-25T20:14:32Z,2026-09-25T22:14:32+0200,0058ff56-e9e2-4f32-86d7-71abbced9686,2026-09-19T21:45:00Z,2026-09-19T23:45:00+0200,4803.0,MW,ES,ES,forecast_onshore_wind_generation,Wind Onshore,2026-09-25T20:15:59Z
2026-09-25T20:14:32Z,2026-09-25T22:14:32+0200,0058ff56-e9e2-4f32-86d7-71abbced9686,2026-09-19T22:00:00Z,2026-09-20T00:00:00+0200,4738.0,MW,ES,ES,forecast_onshore_wind_generation,Wind Onshore,2026-09-25T20:15:59Z
2026-09-25T20:14:32Z,2026-09-25T22:14:32+0200,0058ff56-e9e2-4f32-86d7-71abbced9686,2026-09-19T22:15:00Z,2026-09-20T00:15:00+0200,4608.0,MW,ES,ES,forecast_onshore_wind_generation,Wind Onshore,2026-09-25T20:15:59Z
2026-09-25T20:14:32Z,2026-09-25T22:14:32+0200,0058ff56-e9e2-4f32-86d7-71abbced9686,2026-09-19T22:30:00Z,2026-09-20T00:30:00+0200,4497.0,MW,ES,ES,forecast_onshore_wind_generation,Wind Onshore,2026-09-25T20:15:59Z
2026-09-25T20:14:32Z,2026-09-25T22:14:32+0200,0058ff56-e9e2-4f32-86d7-71abbced9686,2026-09-19T22:45:00Z,2026-09-20T00:45:00+0200,4381.0,MW,ES,ES,forecast_onshore_wind_generation,Wind Onshore,2026-09-25T20:15:59Z
2026-09-25T20:14:32Z,2026-09-25T22:14:32+0200,0058ff56-e9e2-4f32-86d7-71abbced9686,2026-09-19T23:00:00Z,2026-09-20T01:00:00+0200,4282.0,MW,ES,ES,forecast_onshore_wind_generation,Wind Onshore,2026-09-25T20:15:59Z
2026-09-25T20:14:32Z,2026-09-25T22:14:32+0200,0058ff56-e9e2-4f32-86d7-71abbced9686,2026-09-19T23:15:00Z,2026-09-20T01:15:00+0200,4173.0,MW,ES,ES,forecast_onshore_wind_generation,Wind Onshore,2026-09-25T20:15:59Z
2026-09-25T20:14:32Z,2026-09-25T22:14:32+0200,0058ff56-e9e2-4f32-86d7-71abbced9686,2026-09-19T23:30:00Z,2026-09-20T01:30:00+0200,4078.0,MW,ES,ES,forecast_onshore_wind_generation,Wind Onshore,2026-09-25T20:15:59Z
2026-09-25T20:14:32Z,2026-09-25T22:14:32+0200,0058ff56-e9e2-4f32-86d7-71abbced9686,2026-09-19T23:45:00Z,2026-09-20T01:45:00+0200,3969.0,MW,ES,ES,forecast_onshore_wind_generation,Wind Onshore,2026-09-25T20:15:59Z
2026-09-25T20:14:32Z,2026-09-25T22:14:32+0200,0058ff56-e9e2-4f32-86d7-71abbced9686,2026-09-20T00:00:00Z,2026-09-20T02:00:00+0200,3888.0,MW,ES,ES,forecast_onshore_wind_generation,Wind Onshore,2026-09-25T20:15:59Z
2026-09-25T20:14:32Z,2026-09-25T22:14:32+0200,0058ff56-e9e2-4f32-86d7-71abbced9686,2026-09-20T00:15:00Z,2026-09-20T02:15:00+0200,3788.0,MW,ES,ES,forecast_onshore_wind_generation,Wind Onshore,2026-09-25T20:15:59Z
2026-09-25T20:14:32Z,2026-09-25T22:14:32+0200,0058ff56-e9e2-4f32-86d7-71abbced9686,2026-09-20T00:30:00Z,2026-09-20T02:30:00+0200,3701.0,MW,ES,ES,forecast_onshore_wind_generation,Wind Onshore,2026-09-25T20:15:59Z
2026-09-25T20:14:32Z,2026-09-25T22:14:32+0200,0058ff56-e9e2-4f32-86d7-71abbced9686,2026-09-20T00:45:00Z,2026-09-20T02:45:00+0200,3610.0,MW,ES,ES,forecast_onshore_wind_generation,Wind Onshore,2026-09-25T20:15:59Z
2026-09-25T20:14:32Z,2026-09-25T22:14:32+0200,0058ff56-e9e2-4f32-86d7-71abbced9686,2026-09-20T01:00:00Z,2026-09-20T03:00:00+0200,3537.0,MW,ES,ES,forecast_onshore_wind_generation,Wind Onshore,2026-09-25T20:15:59Z
2026-09-25T20:14:32Z,2026-09-25T22:14:32+0200,0058ff56-e9e2-4f32-86d7-71abbced9686,2026-09-20T01:15:00Z,2026-09-20T03:15:00+0200,3453.0,MW,ES,ES,forecast_onshore_wind_generation,Wind Onshore,2026-09-25T20:15:59Z
2026-09-25T20:14:32Z,2026-09-25T22:14:32+0200,0058ff56-e9e2-4f32-86d7-71abbced9686,2026-09-20T01:30:00Z,2026-09-20T03:30:00+0200,3383.0,MW,ES,ES,forecast_onshore_wind_generation,Wind Onshore,2026-09-25T20:15:59Z
2026-09-25T20:14:32Z,2026-09-25T22:14:32+0200,0058ff56-e9e2-4f32-86d7-71abbced9686,2026-09-20T01:45:00Z,2026-09-20T03:45:00+0200,3310.0,MW,ES,ES,forecast_onshore_wind_generation,Wind Onshore,2026-09-25T20:15:59Z
2026-09-25T20:14:32Z,2026-09-25T22:14:32+0200,0058ff56-e9e2-4f32-86d7-71abbced9686,2026-09-20T02:00:00Z,2026-09-20T04:00:00+0200,3234.0,MW,ES,ES,forecast_onshore_wind_generation,Wind Onshore,2026-09-25T20:15:59Z
2026-09-25T20:14:32Z,2026-09-25T22:14:32+0200,0058ff56-e9e2-4f32-86d7-71abbced9686,2026-09-20T02:15:00Z,2026-09-20T04:15:00+0200,3171.0,MW,ES,ES,forecast_onshore_wind_generation,Wind Onshore,2026-09-25T20:15:59Z
2026-09-25T20:14:32Z,2026-09-25T22:14:32+0200,0058ff56-e9e2-4f32-86d7-71abbced9686,2026-09-20T02:30:00Z,2026-09-20T04:30:00+0200,3109.0,MW,ES,ES,forecast_onshore_wind_generation,Wind Onshore,2026-09-25T20:15:59Z
2026-09-25T20:14:32Z,2026-09-25T22:14:32+0200,0058ff56-e9e2-4f32-86d7-71abbced9686,2026-09-20T02:45:00Z,2026-09-20T04:45:00+0200,3051.0,MW,ES,ES,forecast_onshore_wind_generation,Wind Onshore,2026-09-25T20:15:59Z
2026-09-25T20:14:32Z,2026-09-25T22:14:32+0200,0058ff56-e9e2-4f32-86d7-71abbced9686,2026-09-20T03:00:00Z,2026-09-20T05:00:00+0200,2980.0,MW,ES,ES,forecast_onshore_wind_generation,Wind Onshore,2026-09-25T20:15:59Z
2026-09-25T20:14:32Z,2026-09-25T22:14:32+0200,0058ff56-e9e2-4f32-86d7-71abbced9686,2026-09-20T03:15:00Z,2026-09-20T05:15:00+0200,2934.0,MW,ES,ES,forecast_onshore_wind_generation,Wind Onshore,2026-09-25T20:15:59Z
2026-09-25T20:14:32Z,2026-09-25T22:14:32+0200,0058ff56-e9e2-4f32-86d7-71abbced9686,2026-09-20T03:30:00Z,2026-09-20T05:30:00+0200,2897.0,MW,ES,ES,forecast_onshore_wind_generation,Wind Onshore,2026-09-25T20:15:59Z
2026-09-25T20:14:32Z,2026-09-25T22:14:32+0200,0058ff56-e9e2-4f32-86d7-71abbced9686,2026-09-20T03:45:00Z,2026-09-20T05:45:00+0200,2865.0,MW,ES,ES,forecast_onshore_wind_generation,Wind Onshore,2026-09-25T20:15:59Z
2026-09-25T20:14:32Z,2026-09-25T22:14:32+0200,0058ff56-e9e2-4f32-86d7-71abbced9686,2026-09-20T04:00:00Z,2026-09-20T06:00:00+0200,2833.0,MW,ES,ES,forecast_onshore_wind_generation,Wind Onshore,2026-09-25T20:15:59Z
2026-09-25T20:14:32Z,2026-09-25T22:14:32+0200,0058ff56-e9e2-4f32-86d7-71abbced9686,2026-09-20T04:15:00Z,2026-09-20T06:15:00+0200,2802.0,MW,ES,ES,forecast_onshore_wind_generation,Wind Onshore,2026-09-25T20:15:59Z
2026-09-25T20:14:32Z,2026-09-25T22:14:32+0200,0058ff56-e9e2-4f32-86d7-71abbced9686,2026-09-20T04:30:00Z,2026-09-20T06:30:00+0200,2768.0,MW,ES,ES,forecast_onshore_wind_generation,Wind Onshore,2026-09-25T20:15:59Z
2026-09-25T20:14:32Z,2026-09-25T22:14:32+0200,0058ff56-e9e2-4f32-86d7-71abbced9686,2026-09-20T04:45:00Z,2026-09-20T06:45:00+0200,2731.0,MW,ES,ES,forecast_onshore_wind_generation,Wind Onshore,2026-09-25T20:15:59Z
2026-09-25T20:14:32Z,2026-09-25T22:14:32+0200,0058ff56-e9e2-4f32-86d7-71abbced9686,2026-09-20T05:00:00Z,2026-09-20T07:00:00+0200,2701.0,MW,ES,ES,forecast_onshore_wind_generation,Wind Onshore,2026-09-25T20:15:59Z
2026-09-25T20:14:32Z,2026-09-25T22:14:32+0200,0058ff56-e9e2-4f32-86d7-71abbced9686,2026-09-20T05:15:00Z,2026-09-20T07:15:00+0200,2656.0,MW,ES,ES,forecast_onshore_wind_generation,Wind Onshore,2026-09-25T20:15:59Z
2026-09-25T20:14:32Z,2026-09-25T22:14:32+0200,0058ff56-e9e2-4f32-86d7-71abbced9686,2026-09-20T05:30:00Z,2026-09-20T07:30:00+0200,2606.0,MW,ES,ES,forecast_onshore_wind_generation,Wind Onshore,2026-09-25T20:15:59Z
2026-09-25T20:14:32Z,2026-09-25T22:14:32+0200,0058ff56-e9e2-4f32-86d7-71abbced9686,2026-09-20T05:45:00Z,2026-09-20T07:45:00+0200,2551.0,MW,ES,ES,forecast_onshore_wind_generation,Wind Onshore,2026-09-25T20:15:59Z
2026-09-25T20:14:32Z,2026-09-25T22:14:32+0200,0058ff56-e9e2-4f32-86d7-71abbced9686,2026-09-20T06:00:00Z,2026-09-20T08:00:00+0200,2505.0,MW,ES,ES,forecast_onshore_wind_generation,Wind Onshore,2026-09-25T20:15:59Z
2026-09-25T20:14:32Z,2026-09-25T22:14:32+0200,0058ff56-e9e2-4f32-86d7-71abbced9686,2026-09-20T06:15:00Z,2026-09-20T08:15:00+0200,2444.0,MW,ES,ES,forecast_onshore_wind_generation,Wind Onshore,2026-09-25T20:15:59Z
2026-09-25T20:14:32Z,2026-09-25T22:14:32+0200,0058ff56-e9e2-4f32-86d7-71abbced9686,2026-09-20T06:30:00Z,2026-09-20T08:30:00+0200,2382.0,MW,ES,ES,forecast_onshore_wind_generation,Wind Onshore,2026-09-25T20:15:59Z
2026-09-25T20:14:32Z,2026-09-25T22:14:32+0200,0058ff56-e9e2-4f32-86d7-71abbced9686,2026-09-20T06:45:00Z,2026-09-20T08:45:00+0200,2319.0,MW,ES,ES,forecast_onshore_wind_generation,Wind Onshore,2026-09-25T20:15:59Z
2026-09-25T20:14:32Z,2026-09-25T22:14:32+0200,0058ff56-e9e2-4f32-86d7-71abbced9686,2026-09-20T07:00:00Z,2026-09-20T09:00:00+0200,2249.0,MW,ES,ES,forecast_onshore_wind_generation,Wind Onshore,2026-09-25T20:15:59Z
2026-09-25T20:14:32Z,2026-09-25T22:14:32+0200,0058ff56-e9e2-4f32-86d7-71abbced9686,2026-09-20T07:15:00Z,2026-09-20T09:15:00+0200,2197.0,MW,ES,ES,forecast_onshore_wind_generation,Wind Onshore,2026-09-25T20:15:59Z
2026-09-25T20:14:32Z,2026-09-25T22:14:32+0200,0058ff56-e9e2-4f32-86d7-71abbced9686,2026-09-20T07:30:00Z,2026-09-20T09:30:00+0200,1978.0,MW,ES,ES,forecast_onshore_wind_generation,Wind Onshore,2026-09-25T20:15:59Z
2026-09-25T20:14:32Z,2026-09-25T22:14:32+0200,0058ff56-e9e2-4f32-86d7-71abbced9686,2026-09-20T07:45:00Z,2026-09-20T09:45:00+0200,1915.0,MW,ES,ES,forecast_onshore_wind_generation,Wind Onshore,2026-09-25T20:15:59Z
2026-09-25T20:14:32Z,2026-09-25T22:14:32+0200,0058ff56-e9e2-4f32-86d7-71abbced9686,2026-09-20T08:00:00Z,2026-09-20T10:00:00+0200,1574.0,MW,ES,ES,forecast_onshore_wind_generation,Wind Onshore,2026-09-25T20:15:59Z
2026-09-25T20:14:32Z,2026-09-25T22:14:32+0200,0058ff56-e9e2-4f32-86d7-71abbced9686,2026-09-20T08:15:00Z,2026-09-20T10:15:00+0200,1566.0,MW,ES,ES,forecast_onshore_wind_generation,Wind Onshore,2026-09-25T20:15:59Z
2026-09-25T20:14:32Z,2026-09-25T22:14:32+0200,0058ff56-e9e2-4f32-86d7-71abbced9686,2026-09-20T08:30:00Z,2026-09-20T10:30:00+0200,1571.0,MW,ES,ES,forecast_onshore_wind_generation,Wind Onshore,2026-09-25T20:15:59Z
2026-09-25T20:14:32Z,2026-09-25T22:14:32+0200,0058ff56-e9e2-4f32-86d7-71abbced9686,2026-09-20T08:45:00Z,2026-09-20T10:45:00+0200,1586.0,MW,ES,ES,forecast_onshore_wind_generation,Wind Onshore,2026-09-25T20:15:59Z
2026-09-25T20:14:32Z,2026-09-25T22:14:32+0200,0058ff56-e9e2-4f32-86d7-71abbced9686,2026-09-20T09:00:00Z,2026-09-20T11:00:00+0200,1582.0,MW,ES,ES,forecast_onshore_wind_generation,Wind Onshore,2026-09-25T20:15:59Z
2026-09-25T20:14:32Z,2026-09-25T22:14:32+0200,0058ff56-e9e2-4f32-86d7-71abbced9686,2026-09-20T09:15:00Z,2026-09-20T11:15:00+0200,1610.0,MW,ES,ES,forecast_onshore_wind_generation,Wind Onshore,2026-09-25T20:15:59Z
2026-09-25T20:14:32Z,2026-09-25T22:14:32+0200,0058ff56-e9e2-4f32-86d7-71abbced9686,2026-09-20T09:30:00Z,2026-09-20T11:30:00+0200,1642.0,MW,ES,ES,forecast_onshore_wind_generation,Wind Onshore,2026-09-25T20:15:59Z
2026-09-25T20:14:32Z,2026-09-25T22:14:32+0200,0058ff56-e9e2-4f32-86d7-71abbced9686,2026-09-20T09:45:00Z,2026-09-20T11:45:00+0200,1678.0,MW,ES,ES,forecast_onshore_wind_generation,Wind Onshore,2026-09-25T20:15:59Z
2026-09-25T20:14:32Z,2026-09-25T22:14:32+0200,0058ff56-e9e2-4f32-86d7-71abbced9686,2026-09-20T10:00:00Z,2026-09-20T12:00:00+0200,1668.0,MW,ES,ES,forecast_onshore_wind_generation,Wind Onshore,2026-09-25T20:15:59Z
2026-09-25T20:14:32Z,2026-09-25T22:14:32+0200,0058ff56-e9e2-4f32-86d7-71abbced9686,2026-09-20T10:15:00Z,2026-09-20T12:15:00+0200,1714.0,MW,ES,ES,forecast_onshore_wind_generation,Wind Onshore,2026-09-25T20:15:59Z
2026-09-25T20:14:32Z,2026-09-25T22:14:32+0200,0058ff56-e9e2-4f32-86d7-71abbced9686,2026-09-20T10:30:00Z,2026-09-20T12:30:00+0200,1761.0,MW,ES,ES,forecast_onshore_wind_generation,Wind Onshore,2026-09-25T20:15:59Z
2026-09-25T20:14:32Z,2026-09-25T22:14:32+0200,0058ff56-e9e2-4f32-86d7-71abbced9686,2026-09-20T10:45:00Z,2026-09-20T12:45:00+0200,1752.0,MW,ES,ES,forecast_onshore_wind_generation,Wind Onshore,2026-09-25T20:15:59Z
2026-09-25T20:14:32Z,2026-09-25T22:14:32+0200,0058ff56-e9e2-4f32-86d7-71abbced9686,2026-09-20T11:00:00Z,2026-09-20T13:00:00+0200,1754.0,MW,ES,ES,forecast_onshore_wind_generation,Wind Onshore,2026-09-25T20:15:59Z
2026-09-25T20:14:32Z,2026-09-25T22:14:32+0200,0058ff56-e9e2-4f32-86d7-71abbced9686,2026-09-20T11:15:00Z,2026-09-20T13:15:00+0200,1798.0,MW,ES,ES,forecast_onshore_wind_generation,Wind Onshore,2026-09-25T20:15:59Z
2026-09-25T20:14:32Z,2026-09-25T22:14:32+0200,0058ff56-e9e2-4f32-86d7-71abbced9686,2026-09-20T11:30:00Z,2026-09-20T13:30:00+0200,1841.0,MW,ES,ES,forecast_onshore_wind_generation,Wind Onshore,2026-09-25T20:15:59Z
2026-09-25T20:14:32Z,2026-09-25T22:14:32+0200,0058ff56-e9e2-4f32-86d7-71abbced9686,2026-09-20T11:45:00Z,2026-09-20T13:45:00+0200,1876.0,MW,ES,ES,forecast_onshore_wind_generation,Wind Onshore,2026-09-25T20:15:59Z
2026-09-25T20:14:32Z,2026-09-25T22:14:32+0200,0058ff56-e9e2-4f32-86d7-71abbced9686,2026-09-20T12:00:00Z,2026-09-20T14:00:00+0200,1910.0,MW,ES,ES,forecast_onshore_wind_generation,Wind Onshore,2026-09-25T20:15:59Z
2026-09-25T20:14:32Z,2026-09-25T22:14:32+0200,0058ff56-e9e2-4f32-86d7-71abbced9686,2026-09-20T12:15:00Z,2026-09-20T14:15:00+0200,1948.0,MW,ES,ES,forecast_onshore_wind_generation,Wind Onshore,2026-09-25T20:15:59Z
2026-09-25T20:14:32Z,2026-09-25T22:14:32+0200,0058ff56-e9e2-4f32-86d7-71abbced9686,2026-09-20T12:30:00Z,2026-09-20T14:30:00+0200,1990.0,MW,ES,ES,forecast_onshore_wind_generation,Wind Onshore,2026-09-25T20:15:59Z
2026-09-25T20:14:32Z,2026-09-25T22:14:32+0200,0058ff56-e9e2-4f32-86d7-71abbced9686,2026-09-20T12:45:00Z,2026-09-20T14:45:00+0200,2033.0,MW,ES,ES,forecast_onshore_wind_generation,Wind Onshore,2026-09-25T20:15:59Z
2026-09-25T20:14:32Z,2026-09-25T22:14:32+0200,0058ff56-e9e2-4f32-86d7-71abbced9686,2026-09-20T13:00:00Z,2026-09-20T15:00:00+0200,2101.0,MW,ES,ES,forecast_onshore_wind_generation,Wind Onshore,2026-09-25T20:15:59Z
2026-09-25T20:14:32Z,2026-09-25T22:14:32+0200,0058ff56-e9e2-4f32-86d7-71abbced9686,2026-09-20T13:15:00Z,2026-09-20T15:15:00+0200,2200.0,MW,ES,ES,forecast_onshore_wind_generation,Wind Onshore,2026-09-25T20:15:59Z
2026-09-25T20:14:32Z,2026-09-25T22:14:32+0200,0058ff56-e9e2-4f32-86d7-71abbced9686,2026-09-20T13:30:00Z,2026-09-20T15:30:00+0200,2325.0,MW,ES,ES,forecast_onshore_wind_generation,Wind Onshore,2026-09-25T20:15:59Z
2026-09-25T20:14:32Z,2026-09-25T22:14:32+0200,0058ff56-e9e2-4f32-86d7-71abbced9686,2026-09-20T13:45:00Z,2026-09-20T15:45:00+0200,2390.0,MW,ES,ES,forecast_onshore_wind_generation,Wind Onshore,2026-09-25T20:15:59Z
2026-09-25T20:14:32Z,2026-09-25T22:14:32+0200,0058ff56-e9e2-4f32-86d7-71abbced9686,2026-09-20T14:00:00Z,2026-09-20T16:00:00+0200,2571.0,MW,ES,ES,forecast_onshore_wind_generation,Wind Onshore,2026-09-25T20:15:59Z
2026-09-25T20:14:32Z,2026-09-25T22:14:32+0200,0058ff56-e9e2-4f32-86d7-71abbced9686,2026-09-20T14:15:00Z,2026-09-20T16:15:00+0200,2646.0,MW,ES,ES,forecast_onshore_wind_generation,Wind Onshore,2026-09-25T20:15:59Z
2026-09-25T20:14:32Z,2026-09-25T22:14:32+0200,0058ff56-e9e2-4f32-86d7-71abbced9686,2026-09-20T14:30:00Z,2026-09-20T16:30:00+0200,2721.0,MW,ES,ES,forecast_onshore_wind_generation,Wind Onshore,2026-09-25T20:15:59Z
2026-09-25T20:14:32Z,2026-09-25T22:14:32+0200,0058ff56-e9e2-4f32-86d7-71abbced9686,2026-09-20T14:45:00Z,2026-09-20T16:45:00+0200,2805.0,MW,ES,ES,forecast_onshore_wind_generation,Wind Onshore,2026-09-25T20:15:59Z
2026-09-25T20:14:32Z,2026-09-25T22:14:32+0200,0058ff56-e9e2-4f32-86d7-71abbced9686,2026-09-20T15:00:00Z,2026-09-20T17:00:00+0200,2799.0,MW,ES,ES,forecast_onshore_wind_generation,Wind Onshore,2026-09-25T20:15:59Z
2026-09-25T20:14:32Z,2026-09-25T22:14:32+0200,0058ff56-e9e2-4f32-86d7-71abbced9686,2026-09-20T15:15:00Z,2026-09-20T17:15:00+0200,2892.0,MW,ES,ES,forecast_onshore_wind_generation,Wind Onshore,2026-09-25T20:15:59Z
2026-09-25T20:14:32Z,2026-09-25T22:14:32+0200,0058ff56-e9e2-4f32-86d7-71abbced9686,2026-09-20T15:30:00Z,2026-09-20T17:30:00+0200,3094.0,MW,ES,ES,forecast_onshore_wind_generation,Wind Onshore,2026-09-25T20:15:59Z
2026-09-25T20:14:32Z,2026-09-25T22:14:32+0200,0058ff56-e9e2-4f32-86d7-71abbced9686,2026-09-20T15:45:00Z,2026-09-20T17:45:00+0200,3265.0,MW,ES,ES,forecast_onshore_wind_generation,Wind Onshore,2026-09-25T20:15:59Z
2026-09-25T20:14:32Z,2026-09-25T22:14:32+0200,0058ff56-e9e2-4f32-86d7-71abbced9686,2026-09-20T16:00:00Z,2026-09-20T18:00:00+0200,4109.0,MW,ES,ES,forecast_onshore_wind_generation,Wind Onshore,2026-09-25T20:15:59Z
2026-09-25T20:14:32Z,2026-09-25T22:14:32+0200,0058ff56-e9e2-4f32-86d7-71abbced9686,2026-09-20T16:15:00Z,2026-09-20T18:15:00+0200,4333.0,MW,ES,ES,forecast_onshore_wind_generation,Wind Onshore,2026-09-25T20:15:59Z
2026-09-25T20:14:32Z,2026-09-25T22:14:32+0200,0058ff56-e9e2-4f32-86d7-71abbced9686,2026-09-20T16:30:00Z,2026-09-20T18:30:00+0200,4515.0,MW,ES,ES,forecast_onshore_wind_generation,Wind Onshore,2026-09-25T20:15:59Z
2026-09-25T20:14:32Z,2026-09-25T22:14:32+0200,0058ff56-e9e2-4f32-86d7-71abbced9686,2026-09-20T16:45:00Z,2026-09-20T18:45:00+0200,4740.0,MW,ES,ES,forecast_onshore_wind_generation,Wind Onshore,2026-09-25T20:15:59Z
2026-09-25T20:14:32Z,2026-09-25T22:14:32+0200,0058ff56-e9e2-4f32-86d7-71abbced9686,2026-09-20T17:00:00Z,2026-09-20T19:00:00+0200,4944.0,MW,ES,ES,forecast_onshore_wind_generation,Wind Onshore,2026-09-25T20:15:59Z
2026-09-25T20:14:32Z,2026-09-25T22:14:32+0200,0058ff56-e9e2-4f32-86d7-71abbced9686,2026-09-20T17:15:00Z,2026-09-20T19:15:00+0200,5140.0,MW,ES,ES,forecast_onshore_wind_generation,Wind Onshore,2026-09-25T20:15:59Z
2026-09-25T20:14:32Z,2026-09-25T22:14:32+0200,0058ff56-e9e2-4f32-86d7-71abbced9686,2026-09-20T17:30:00Z,2026-09-20T19:30:00+0200,5295.0,MW,ES,ES,forecast_onshore_wind_generation,Wind Onshore,2026-09-25T20:15:59Z
2026-09-25T20:14:32Z,2026-09-25T22:14:32+0200,0058ff56-e9e2-4f32-86d7-71abbced9686,2026-09-20T17:45:00Z,2026-09-20T19:45:00+0200,5433.0,MW,ES,ES,forecast_onshore_wind_generation,Wind Onshore,2026-09-25T20:15:59Z
2026-09-25T20:14:32Z,2026-09-25T22:14:32+0200,0058ff56-e9e2-4f32-86d7-71abbced9686,2026-09-20T18:00:00Z,2026-09-20T20:00:00+0200,5689.0,MW,ES,ES,forecast_onshore_wind_generation,Wind Onshore,2026-09-25T20:15:59Z
2026-09-25T20:14:32Z,2026-09-25T22:14:32+0200,0058ff56-e9e2-4f32-86d7-71abbced9686,2026-09-20T18:15:00Z,2026-09-20T20:15:00+0200,5790.0,MW,ES,ES,forecast_onshore_wind_generation,Wind Onshore,2026-09-25T20:15:59Z
2026-09-25T20:14:32Z,2026-09-25T22:14:32+0200,0058ff56-e9e2-4f32-86d7-71abbced9686,2026-09-20T18:30:00Z,2026-09-20T20:30:00+0200,5870.0,MW,ES,ES,forecast_onshore_wind_generation,Wind Onshore,2026-09-25T20:15:59Z
2026-09-25T20:14:32Z,2026-09-25T22:14:32+0200,0058ff56-e9e2-4f32-86d7-71abbced9686,2026-09-20T18:45:00Z,2026-09-20T20:45:00+0200,5930.0,MW,ES,ES,forecast_onshore_wind_generation,Wind Onshore,2026-09-25T20:15:59Z
2026-09-25T20:14:32Z,2026-09-25T22:14:32+0200,0058ff56-e9e2-4f32-86d7-71abbced9686,2026-09-20T19:00:00Z,2026-09-20T21:00:00+0200,5991.0,MW,ES,ES,forecast_onshore_wind_generation,Wind Onshore,2026-09-25T20:15:59Z
2026-09-25T20:14:32Z,2026-09-25T22:14:32+0200,0058ff56-e9e2-4f32-86d7-71abbced9686,2026-09-20T19:15:00Z,2026-09-20T21:15:00+0200,6021.0,MW,ES,ES,forecast_onshore_wind_generation,Wind Onshore,2026-09-25T20:15:59Z
2026-09-25T20:14:32Z,2026-09-25T22:14:32+0200,0058ff56-e9e2-4f32-86d7-71abbced9686,2026-09-20T19:30:00Z,2026-09-20T21:30:00+0200,6040.0,MW,ES,ES,forecast_onshore_wind_generation,Wind Onshore,2026-09-25T20:15:59Z
2026-09-25T20:14:32Z,2026-09-25T22:14:32+0200,0058ff56-e9e2-4f32-86d7-71abbced9686,2026-09-20T19:45:00Z,2026-09-20T21:45:00+0200,6050.0,MW,ES,ES,forecast_onshore_wind_generation,Wind Onshore,2026-09-25T20:15:59Z
2026-09-25T20:14:32Z,2026-09-25T22:14:32+0200,0058ff56-e9e2-4f32-86d7-71abbced9686,2026-09-20T20:00:00Z,2026-09-20T22:00:00+0200,6071.0,MW,ES,ES,forecast_onshore_wind_generation,Wind Onshore,2026-09-25T20:15:59Z
2026-09-25T20:14:32Z,2026-09-25T22:14:32+0200,0058ff56-e9e2-4f32-86d7-71abbced9686,2026-09-20T20:15:00Z,2026-09-20T22:15:00+0200,6063.0,MW,ES,ES,forecast_onshore_wind_generation,Wind Onshore,2026-09-25T20:15:59Z
2026-09-25T20:14:32Z,2026-09-25T22:14:32+0200,0058ff56-e9e2-4f32-86d7-71abbced9686,2026-09-20T20:30:00Z,2026-09-20T22:30:00+0200,6047.0,MW,ES,ES,forecast_onshore_wind_generation,Wind Onshore,2026-09-25T20:15:59Z
2026-09-25T20:14:32Z,2026-09-25T22:14:32+0200,0058ff56-e9e2-4f32-86d7-71abbced9686,2026-09-20T20:45:00Z,2026-09-20T22:45:00+0200,6023.0,MW,ES,ES,forecast_onshore_wind_generation,Wind Onshore,2026-09-25T20:15:59Z
2026-09-25T20:14:32Z,2026-09-25T22:14:32+0200,0058ff56-e9e2-4f32-86d7-71abbced9686,2026-09-20T21:00:00Z,2026-09-20T23:00:00+0200,6011.0,MW,ES,ES,forecast_onshore_wind_generation,Wind Onshore,2026-09-25T20:15:59Z
2026-09-25T20:14:32Z,2026-09-25T22:14:32+0200,0058ff56-e9e2-4f32-86d7-71abbced9686,2026-09-20T21:15:00Z,2026-09-20T23:15:00+0200,5965.0,MW,ES,ES,forecast_onshore_wind_generation,Wind Onshore,2026-09-25T20:15:59Z
2026-09-25T20:14:32Z,2026-09-25T22:14:32+0200,0058ff56-e9e2-4f32-86d7-71abbced9686,2026-09-20T21:30:00Z,2026-09-20T23:30:00+0200,5911.0,MW,ES,ES,forecast_onshore_wind_generation,Wind Onshore,2026-09-25T20:15:59Z
2026-09-25T20:14:32Z,2026-09-25T22:14:32+0200,0058ff56-e9e2-4f32-86d7-71abbced9686,2026-09-20T21:45:00Z,2026-09-20T23:45:00+0200,5840.0,MW,ES,ES,forecast_onshore_wind_generation,Wind Onshore,2026-09-25T20:15:59Z
2026-09-25T20:14:32Z,2026-09-25T22:14:32+0200,0058ff56-e9e2-4f32-86d7-71abbced9686,2026-09-20T22:00:00Z,2026-09-21T00:00:00+0200,5908.0,MW,ES,ES,forecast_onshore_wind_generation,Wind Onshore,2026-09-25T20:15:59Z
2026-09-25T20:14:32Z,2026-09-25T22:14:32+0200,0058ff56-e9e2-4f32-86d7-71abbced9686,2026-09-20T22:15:00Z,2026-09-21T00:15:00+0200,5836.0,MW,ES,ES,forecast_onshore_wind_generation,Wind Onshore,2026-09-25T20:15:59Z
2026-09-25T20:14:32Z,2026-09-25T22:14:32+0200,0058ff56-e9e2-4f32-86d7-71abbced9686,2026-09-20T22:30:00Z,2026-09-21T00:30:00+0200,5762.0,MW,ES,ES,forecast_onshore_wind_generation,Wind Onshore,2026-09-25T20:15:59Z
2026-09-25T20:14:32Z,2026-09-25T22:14:32+0200,0058ff56-e9e2-4f32-86d7-71abbced9686,2026-09-20T22:45:00Z,2026-09-21T00:45:00+0200,5682.0,MW,ES,ES,forecast_onshore_wind_generation,Wind Onshore,2026-09-25T20:15:59Z
2026-09-25T20:14:32Z,2026-09-25T22:14:32+0200,0058ff56-e9e2-4f32-86d7-71abbced9686,2026-09-20T23:00:00Z,2026-09-21T01:00:00+0200,5595.0,MW,ES,ES,forecast_onshore_wind_generation,Wind Onshore,2026-09-25T20:15:59Z
2026-09-25T20:14:32Z,2026-09-25T22:14:32+0200,0058ff56-e9e2-4f32-86d7-71abbced9686,2026-09-20T23:15:00Z,2026-09-21T01:15:00+0200,5519.0,MW,ES,ES,forecast_onshore_wind_generation,Wind Onshore,2026-09-25T20:15:59Z
2026-09-25T20:14:32Z,2026-09-25T22:14:32+0200,0058ff56-e9e2-4f32-86d7-71abbced9686,2026-09-20T23:30:00Z,2026-09-21T01:30:00+0200,5452.0,MW,ES,ES,forecast_onshore_wind_generation,Wind Onshore,2026-09-25T20:15:59Z
2026-09-25T20:14:32Z,2026-09-25T22:14:32+0200,0058ff56-e9e2-4f32-86d7-71abbced9686,2026-09-20T23:45:00Z,2026-09-21T01:45:00+0200,5388.0,MW,ES,ES,forecast_onshore_wind_generation,Wind Onshore,2026-09-25T20:15:59Z
2026-09-25T20:14:32Z,2026-09-25T22:14:32+0200,0058ff56-e9e2-4f32-86d7-71abbced9686,2026-09-21T00:00:00Z,2026-09-21T02:00:00+0200,5327.0,MW,ES,ES,forecast_onshore_wind_generation,Wind Onshore,2026-09-25T20:15:59Z
2026-09-25T20:14:32Z,2026-09-25T22:14:32+0200,0058ff56-e9e2-4f32-86d7-71abbced9686,2026-09-21T00:15:00Z,2026-09-21T02:15:00+0200,5267.0,MW,ES,ES,forecast_onshore_wind_generation,Wind Onshore,2026-09-25T20:15:59Z
2026-09-25T20:14:32Z,2026-09-25T22:14:32+0200,0058ff56-e9e2-4f32-86d7-71abbced9686,2026-09-21T00:30:00Z,2026-09-21T02:30:00+0200,5217.0,MW,ES,ES,forecast_onshore_wind_generation,Wind Onshore,2026-09-25T20:15:59Z
2026-09-25T20:14:32Z,2026-09-25T22:14:32+0200,0058ff56-e9e2-4f32-86d7-71abbced9686,2026-09-21T00:45:00Z,2026-09-21T02:45:00+0200,5161.0,MW,ES,ES,forecast_onshore_wind_generation,Wind Onshore,2026-09-25T20:15:59Z
2026-09-25T20:14:32Z,2026-09-25T22:14:32+0200,0058ff56-e9e2-4f32-86d7-71abbced9686,2026-09-21T01:00:00Z,2026-09-21T03:00:00+0200,5121.0,MW,ES,ES,forecast_onshore_wind_generation,Wind Onshore,2026-09-25T20:15:59Z
2026-09-25T20:14:32Z,2026-09-25T22:14:32+0200,0058ff56-e9e2-4f32-86d7-71abbced9686,2026-09-21T01:15:00Z,2026-09-21T03:15:00+0200,5065.0,MW,ES,ES,forecast_onshore_wind_generation,Wind Onshore,2026-09-25T20:15:59Z
2026-09-25T20:14:32Z,2026-09-25T22:14:32+0200,0058ff56-e9e2-4f32-86d7-71abbced9686,2026-09-21T01:30:00Z,2026-09-21T03:30:00+0200,5019.0,MW,ES,ES,forecast_onshore_wind_generation,Wind Onshore,2026-09-25T20:15:59Z
2026-09-25T20:14:32Z,2026-09-25T22:14:32+0200,0058ff56-e9e2-4f32-86d7-71abbced9686,2026-09-21T01:45:00Z,2026-09-21T03:45:00+0200,4961.0,MW,ES,ES,forecast_onshore_wind_generation,Wind Onshore,2026-09-25T20:15:59Z
2026-09-25T20:14:32Z,2026-09-25T22:14:32+0200,0058ff56-e9e2-4f32-86d7-71abbced9686,2026-09-21T02:00:00Z,2026-09-21T04:00:00+0200,4917.0,MW,ES,ES,forecast_onshore_wind_generation,Wind Onshore,2026-09-25T20:15:59Z
2026-09-25T20:14:32Z,2026-09-25T22:14:32+0200,0058ff56-e9e2-4f32-86d7-71abbced9686,2026-09-21T02:15:00Z,2026-09-21T04:15:00+0200,4858.0,MW,ES,ES,forecast_onshore_wind_generation,Wind Onshore,2026-09-25T20:15:59Z
2026-09-25T20:14:32Z,2026-09-25T22:14:32+0200,0058ff56-e9e2-4f32-86d7-71abbced9686,2026-09-21T02:30:00Z,2026-09-21T04:30:00+0200,4793.0,MW,ES,ES,forecast_onshore_wind_generation,Wind Onshore,2026-09-25T20:15:59Z
2026-09-25T20:14:32Z,2026-09-25T22:14:32+0200,0058ff56-e9e2-4f32-86d7-71abbced9686,2026-09-21T02:45:00Z,2026-09-21T04:45:00+0200,4724.0,MW,ES,ES,forecast_onshore_wind_generation,Wind Onshore,2026-09-25T20:15:59Z
2026-09-25T20:14:32Z,2026-09-25T22:14:32+0200,0058ff56-e9e2-4f32-86d7-71abbced9686,2026-09-21T03:00:00Z,2026-09-21T05:00:00+0200,4649.0,MW,ES,ES,forecast_onshore_wind_generation,Wind Onshore,2026-09-25T20:15:59Z
2026-09-25T20:14:32Z,2026-09-25T22:14:32+0200,0058ff56-e9e2-4f32-86d7-71abbced9686,2026-09-21T03:15:00Z,2026-09-21T05:15:00+0200,4581.0,MW,ES,ES,forecast_onshore_wind_generation,Wind Onshore,2026-09-25T20:15:59Z
2026-09-25T20:14:32Z,2026-09-25T22:14:32+0200,0058ff56-e9e2-4f32-86d7-71abbced9686,2026-09-21T03:30:00Z,2026-09-21T05:30:00+0200,4516.0,MW,ES,ES,forecast_onshore_wind_generation,Wind Onshore,2026-09-25T20:15:59Z
2026-09-25T20:14:32Z,2026-09-25T22:14:32+0200,0058ff56-e9e2-4f32-86d7-71abbced9686,2026-09-21T03:45:00Z,2026-09-21T05:45:00+0200,4451.0,MW,ES,ES,forecast_onshore_wind_generation,Wind Onshore,2026-09-25T20:15:59Z
2026-09-25T20:14:32Z,2026-09-25T22:14:32+0200,0058ff56-e9e2-4f32-86d7-71abbced9686,2026-09-21T04:00:00Z,2026-09-21T06:00:00+0200,4406.0,MW,ES,ES,forecast_onshore_wind_generation,Wind Onshore,2026-09-25T20:15:59Z
2026-09-25T20:14:32Z,2026-09-25T22:14:32+0200,0058ff56-e9e2-4f32-86d7-71abbced9686,2026-09-21T04:15:00Z,2026-09-21T06:15:00+0200,4327.0,MW,ES,ES,forecast_onshore_wind_generation,Wind Onshore,2026-09-25T20:15:59Z
2026-09-25T20:14:32Z,2026-09-25T22:14:32+0200,0058ff56-e9e2-4f32-86d7-71abbced9686,2026-09-21T04:30:00Z,2026-09-21T06:30:00+0200,4237.0,MW,ES,ES,forecast_onshore_wind_generation,Wind Onshore,2026-09-25T20:15:59Z
2026-09-25T20:14:32Z,2026-09-25T22:14:32+0200,0058ff56-e9e2-4f32-86d7-71abbced9686,2026-09-21T04:45:00Z,2026-09-21T06:45:00+0200,4134.0,MW,ES,ES,forecast_onshore_wind_generation,Wind Onshore,2026-09-25T20:15:59Z
2026-09-25T20:14:32Z,2026-09-25T22:14:32+0200,0058ff56-e9e2-4f32-86d7-71abbced9686,2026-09-21T05:00:00Z,2026-09-21T07:00:00+0200,4057.0,MW,ES,ES,forecast_onshore_wind_generation,Wind Onshore,2026-09-25T20:15:59Z
2026-09-25T20:14:32Z,2026-09-25T22:14:32+0200,0058ff56-e9e2-4f32-86d7-71abbced9686,2026-09-21T05:15:00Z,2026-09-21T07:15:00+0200,3928.0,MW,ES,ES,forecast_onshore_wind_generation,Wind Onshore,2026-09-25T20:15:59Z
2026-09-25T20:14:32Z,2026-09-25T22:14:32+0200,0058ff56-e9e2-4f32-86d7-71abbced9686,2026-09-21T05:30:00Z,2026-09-21T07:30:00+0200,3787.0,MW,ES,ES,forecast_onshore_wind_generation,Wind Onshore,2026-09-25T20:15:59Z
2026-09-25T20:14:32Z,2026-09-25T22:14:32+0200,0058ff56-e9e2-4f32-86d7-71abbced9686,2026-09-21T05:45:00Z,2026-09-21T07:45:00+0200,3637.0,MW,ES,ES,forecast_onshore_wind_generation,Wind Onshore,2026-09-25T20:15:59Z
2026-09-25T20:14:32Z,2026-09-25T22:14:32+0200,0058ff56-e9e2-4f32-86d7-71abbced9686,2026-09-21T06:00:00Z,2026-09-21T08:00:00+0200,3473.0,MW,ES,ES,forecast_onshore_wind_generation,Wind Onshore,2026-09-25T20:15:59Z
2026-09-25T20:14:32Z,2026-09-25T22:14:32+0200,0058ff56-e9e2-4f32-86d7-71abbced9686,2026-09-21T06:15:00Z,2026-09-21T08:15:00+0200,3321.0,MW,ES,ES,forecast_onshore_wind_generation,Wind Onshore,2026-09-25T20:15:59Z
2026-09-25T20:14:32Z,2026-09-25T22:14:32+0200,0058ff56-e9e2-4f32-86d7-71abbced9686,2026-09-21T06:30:00Z,2026-09-21T08:30:00+0200,3161.0,MW,ES,ES,forecast_onshore_wind_generation,Wind Onshore,2026-09-25T20:15:59Z
2026-09-25T20:14:32Z,2026-09-25T22:14:32+0200,0058ff56-e9e2-4f32-86d7-71abbced9686,2026-09-21T06:45:00Z,2026-09-21T08:45:00+0200,2957.0,MW,ES,ES,forecast_onshore_wind_generation,Wind Onshore,2026-09-25T20:15:59Z
2026-09-25T20:14:32Z,2026-09-25T22:14:32+0200,0058ff56-e9e2-4f32-86d7-71abbced9686,2026-09-21T07:00:00Z,2026-09-21T09:00:00+0200,2789.0,MW,ES,ES,forecast_onshore_wind_generation,Wind Onshore,2026-09-25T20:15:59Z
2026-09-25T20:14:32Z,2026-09-25T22:14:32+0200,0058ff56-e9e2-4f32-86d7-71abbced9686,2026-09-21T07:15:00Z,2026-09-21T09:15:00+0200,2669.0,MW,ES,ES,forecast_onshore_wind_generation,Wind Onshore,2026-09-25T20:15:59Z
2026-09-25T20:14:32Z,2026-09-25T22:14:32+0200,0058ff56-e9e2-4f32-86d7-71abbced9686,2026-09-21T07:30:00Z,2026-09-21T09:30:00+0200,2579.0,MW,ES,ES,forecast_onshore_wind_generation,Wind Onshore,2026-09-25T20:15:59Z
2026-09-25T20:14:32Z,2026-09-25T22:14:32+0200,0058ff56-e9e2-4f32-86d7-71abbced9686,2026-09-21T07:45:00Z,2026-09-21T09:45:00+0200,2498.0,MW,ES,ES,forecast_onshore_wind_generation,Wind Onshore,2026-09-25T20:15:59Z
2026-09-25T20:14:32Z,2026-09-25T22:14:32+0200,0058ff56-e9e2-4f32-86d7-71abbced9686,2026-09-21T08:00:00Z,2026-09-21T10:00:00+0200,2289.0,MW,ES,ES,forecast_onshore_wind_generation,Wind Onshore,2026-09-25T20:15:59Z
2026-09-25T20:14:32Z,2026-09-25T22:14:32+0200,0058ff56-e9e2-4f32-86d7-71abbced9686,2026-09-21T08:15:00Z,2026-09-21T10:15:00+0200,2221.0,MW,ES,ES,forecast_onshore_wind_generation,Wind Onshore,2026-09-25T20:15:59Z
2026-09-25T20:14:32Z,2026-09-25T22:14:32+0200,0058ff56-e9e2-4f32-86d7-71abbced9686,2026-09-21T08:30:00Z,2026-09-21T10:30:00+0200,2171.0,MW,ES,ES,forecast_onshore_wind_generation,Wind Onshore,2026-09-25T20:15:59Z
2026-09-25T20:14:32Z,2026-09-25T22:14:32+0200,0058ff56-e9e2-4f32-86d7-71abbced9686,2026-09-21T08:45:00Z,2026-09-21T10:45:00+0200,2134.0,MW,ES,ES,forecast_onshore_wind_generation,Wind Onshore,2026-09-25T20:15:59Z
2026-09-25T20:14:32Z,2026-09-25T22:14:32+0200,0058ff56-e9e2-4f32-86d7-71abbced9686,2026-09-21T09:00:00Z,2026-09-21T11:00:00+0200,2152.0,MW,ES,ES,forecast_onshore_wind_generation,Wind Onshore,2026-09-25T20:15:59Z
2026-09-25T20:14:32Z,2026-09-25T22:14:32+0200,0058ff56-e9e2-4f32-86d7-71abbced9686,2026-09-21T09:15:00Z,2026-09-21T11:15:00+0200,2037.0,MW,ES,ES,forecast_onshore_wind_generation,Wind Onshore,2026-09-25T20:15:59Z
2026-09-25T20:14:32Z,2026-09-25T22:14:32+0200,0058ff56-e9e2-4f32-86d7-71abbced9686,2026-09-21T09:30:00Z,2026-09-21T11:30:00+0200,2039.0,MW,ES,ES,forecast_onshore_wind_generation,Wind Onshore,2026-09-25T20:15:59Z
2026-09-25T20:14:32Z,2026-09-25T22:14:32+0200,0058ff56-e9e2-4f32-86d7-71abbced9686,2026-09-21T09:45:00Z,2026-09-21T11:45:00+0200,2049.0,MW,ES,ES,forecast_onshore_wind_generation,Wind Onshore,2026-09-25T20:15:59Z
2026-09-25T20:14:32Z,2026-09-25T22:14:32+0200,0058ff56-e9e2-4f32-86d7-71abbced9686,2026-09-21T10:00:00Z,2026-09-21T12:00:00+0200,1952.0,MW,ES,ES,forecast_onshore_wind_generation,Wind Onshore,2026-09-25T20:15:59Z
2026-09-25T20:14:32Z,2026-09-25T22:14:32+0200,0058ff56-e9e2-4f32-86d7-71abbced9686,2026-09-21T10:15:00Z,2026-09-21T12:15:00+0200,1966.0,MW,ES,ES,forecast_onshore_wind_generation,Wind Onshore,2026-09-25T20:15:59Z
2026-09-25T20:14:32Z,2026-09-25T22:14:32+0200,0058ff56-e9e2-4f32-86d7-71abbced9686,2026-09-21T10:30:00Z,2026-09-21T12:30:00+0200,1987.0,MW,ES,ES,forecast_onshore_wind_generation,Wind Onshore,2026-09-25T20:15:59Z
2026-09-25T20:14:32Z,2026-09-25T22:14:32+0200,0058ff56-e9e2-4f32-86d7-71abbced9686,2026-09-21T10:45:00Z,2026-09-21T12:45:00+0200,1997.0,MW,ES,ES,forecast_onshore_wind_generation,Wind Onshore,2026-09-25T20:15:59Z
2026-09-25T20:14:32Z,2026-09-25T22:14:32+0200,0058ff56-e9e2-4f32-86d7-71abbced9686,2026-09-21T11:00:00Z,2026-09-21T13:00:00+0200,2061.0,MW,ES,ES,forecast_onshore_wind_generation,Wind Onshore,2026-09-25T20:15:59Z
2026-09-25T20:14:32Z,2026-09-25T22:14:32+0200,0058ff56-e9e2-4f32-86d7-71abbced9686,2026-09-21T11:15:00Z,2026-09-21T13:15:00+0200,2078.0,MW,ES,ES,forecast_onshore_wind_generation,Wind Onshore,2026-09-25T20:15:59Z
2026-09-25T20:14:32Z,2026-09-25T22:14:32+0200,0058ff56-e9e2-4f32-86d7-71abbced9686,2026-09-21T11:30:00Z,2026-09-21T13:30:00+0200,2102.0,MW,ES,ES,forecast_onshore_wind_generation,Wind Onshore,2026-09-25T20:15:59Z
2026-09-25T20:14:32Z,2026-09-25T22:14:32+0200,0058ff56-e9e2-4f32-86d7-71abbced9686,2026-09-21T11:45:00Z,2026-09-21T13:45:00+0200,2125.0,MW,ES,ES,forecast_onshore_wind_generation,Wind Onshore,2026-09-25T20:15:59Z
2026-09-25T20:14:32Z,2026-09-25T22:14:32+0200,0058ff56-e9e2-4f32-86d7-71abbced9686,2026-09-21T12:00:00Z,2026-09-21T14:00:00+0200,2183.0,MW,ES,ES,forecast_onshore_wind_generation,Wind Onshore,2026-09-25T20:15:59Z
2026-09-25T20:14:32Z,2026-09-25T22:14:32+0200,0058ff56-e9e2-4f32-86d7-71abbced9686,2026-09-21T12:15:00Z,2026-09-21T14:15:00+0200,2220.0,MW,ES,ES,forecast_onshore_wind_generation,Wind Onshore,2026-09-25T20:15:59Z
2026-09-25T20:14:32Z,2026-09-25T22:14:32+0200,0058ff56-e9e2-4f32-86d7-71abbced9686,2026-09-21T12:30:00Z,2026-09-21T14:30:00+0200,2266.0,MW,ES,ES,forecast_onshore_wind_generation,Wind Onshore,2026-09-25T20:15:59Z
2026-09-25T20:14:32Z,2026-09-25T22:14:32+0200,0058ff56-e9e2-4f32-86d7-71abbced9686,2026-09-21T12:45:00Z,2026-09-21T14:45:00+0200,2292.0,MW,ES,ES,forecast_onshore_wind_generation,Wind Onshore,2026-09-25T20:15:59Z
2026-09-25T20:14:32Z,2026-09-25T22:14:32+0200,0058ff56-e9e2-4f32-86d7-71abbced9686,2026-09-21T13:00:00Z,2026-09-21T15:00:00+0200,2658.0,MW,ES,ES,forecast_onshore_wind_generation,Wind Onshore,2026-09-25T20:15:59Z
2026-09-25T20:14:32Z,2026-09-25T22:14:32+0200,0058ff56-e9e2-4f32-86d7-71abbced9686,2026-09-21T13:15:00Z,2026-09-21T15:15:00+0200,2704.0,MW,ES,ES,forecast_onshore_wind_generation,Wind Onshore,2026-09-25T20:15:59Z
2026-09-25T20:14:32Z,2026-09-25T22:14:32+0200,0058ff56-e9e2-4f32-86d7-71abbced9686,2026-09-21T13:30:00Z,2026-09-21T15:30:00+0200,2794.0,MW,ES,ES,forecast_onshore_wind_generation,Wind Onshore,2026-09-25T20:15:59Z
2026-09-25T20:14:32Z,2026-09-25T22:14:32+0200,0058ff56-e9e2-4f32-86d7-71abbced9686,2026-09-21T13:45:00Z,2026-09-21T15:45:00+0200,2978.0,MW,ES,ES,forecast_onshore_wind_generation,Wind Onshore,2026-09-25T20:15:59Z
2026-09-25T20:14:32Z,2026-09-25T22:14:32+0200,0058ff56-e9e2-4f32-86d7-71abbced9686,2026-09-21T14:00:00Z,2026-09-21T16:00:00+0200,3161.0,MW,ES,ES,forecast_onshore_wind_generation,Wind Onshore,2026-09-25T20:15:59Z
2026-09-25T20:14:32Z,2026-09-25T22:14:32+0200,0058ff56-e9e2-4f32-86d7-71abbced9686,2026-09-21T14:15:00Z,2026-09-21T16:15:00+0200,3277.0,MW,ES,ES,forecast_onshore_wind_generation,Wind Onshore,2026-09-25T20:15:59Z
2026-09-25T20:14:32Z,2026-09-25T22:14:32+0200,0058ff56-e9e2-4f32-86d7-71abbced9686,2026-09-21T14:30:00Z,2026-09-21T16:30:00+0200,3388.0,MW,ES,ES,forecast_onshore_wind_generation,Wind Onshore,2026-09-25T20:15:59Z
2026-09-25T20:14:32Z,2026-09-25T22:14:32+0200,0058ff56-e9e2-4f32-86d7-71abbced9686,2026-09-21T14:45:00Z,2026-09-21T16:45:00+0200,3459.0,MW,ES,ES,forecast_onshore_wind_generation,Wind Onshore,2026-09-25T20:15:59Z
2026-09-25T20:14:32Z,2026-09-25T22:14:32+0200,0058ff56-e9e2-4f32-86d7-71abbced9686,2026-09-21T15:00:00Z,2026-09-21T17:00:00+0200,3613.0,MW,ES,ES,forecast_onshore_wind_generation,Wind Onshore,2026-09-25T20:15:59Z
2026-09-25T20:14:32Z,2026-09-25T22:14:32+0200,0058ff56-e9e2-4f32-86d7-71abbced9686,2026-09-21T15:15:00Z,2026-09-21T17:15:00+0200,3803.0,MW,ES,ES,forecast_onshore_wind_generation,Wind Onshore,2026-09-25T20:15:59Z
2026-09-25T20:14:32Z,2026-09-25T22:14:32+0200,0058ff56-e9e2-4f32-86d7-71abbced9686,2026-09-21T15:30:00Z,2026-09-21T17:30:00+0200,3952.0,MW,ES,ES,forecast_onshore_wind_generation,Wind Onshore,2026-09-25T20:15:59Z
2026-09-25T20:14:32Z,2026-09-25T22:14:32+0200,0058ff56-e9e2-4f32-86d7-71abbced9686,2026-09-21T15:45:00Z,2026-09-21T17:45:00+0200,4097.0,MW,ES,ES,forecast_onshore_wind_generation,Wind Onshore,2026-09-25T20:15:59Z
2026-09-25T20:14:32Z,2026-09-25T22:14:32+0200,0058ff56-e9e2-4f32-86d7-71abbced9686,2026-09-21T16:00:00Z,2026-09-21T18:00:00+0200,4297.0,MW,ES,ES,forecast_onshore_wind_generation,Wind Onshore,2026-09-25T20:15:59Z
2026-09-25T20:14:32Z,2026-09-25T22:14:32+0200,0058ff56-e9e2-4f32-86d7-71abbced9686,2026-09-21T16:15:00Z,2026-09-21T18:15:00+0200,4474.0,MW,ES,ES,forecast_onshore_wind_generation,Wind Onshore,2026-09-25T20:15:59Z
2026-09-25T20:14:32Z,2026-09-25T22:14:32+0200,0058ff56-e9e2-4f32-86d7-71abbced9686,2026-09-21T16:30:00Z,2026-09-21T18:30:00+0200,4674.0,MW,ES,ES,forecast_onshore_wind_generation,Wind Onshore,2026-09-25T20:15:59Z
2026-09-25T20:14:32Z,2026-09-25T22:14:32+0200,0058ff56-e9e2-4f32-86d7-71abbced9686,2026-09-21T16:45:00Z,2026-09-21T18:45:00+0200,4893.0,MW,ES,ES,forecast_onshore_wind_generation,Wind Onshore,2026-09-25T20:15:59Z
2026-09-25T20:14:32Z,2026-09-25T22:14:32+0200,0058ff56-e9e2-4f32-86d7-71abbced9686,2026-09-21T17:00:00Z,2026-09-21T19:00:00+0200,5321.0,MW,ES,ES,forecast_onshore_wind_generation,Wind Onshore,2026-09-25T20:15:59Z
2026-09-25T20:14:32Z,2026-09-25T22:14:32+0200,0058ff56-e9e2-4f32-86d7-71abbced9686,2026-09-21T17:15:00Z,2026-09-21T19:15:00+0200,5546.0,MW,ES,ES,forecast_onshore_wind_generation,Wind Onshore,2026-09-25T20:15:59Z
2026-09-25T20:14:32Z,2026-09-25T22:14:32+0200,0058ff56-e9e2-4f32-86d7-71abbced9686,2026-09-21T17:30:00Z,2026-09-21T19:30:00+0200,5758.0,MW,ES,ES,forecast_onshore_wind_generation,Wind Onshore,2026-09-25T20:15:59Z
2026-09-25T20:14:32Z,2026-09-25T22:14:32+0200,0058ff56-e9e2-4f32-86d7-71abbced9686,2026-09-21T17:45:00Z,2026-09-21T19:45:00+0200,6025.0,MW,ES,ES,forecast_onshore_wind_generation,Wind Onshore,2026-09-25T20:15:59Z
2026-09-25T20:14:32Z,2026-09-25T22:14:32+0200,0058ff56-e9e2-4f32-86d7-71abbced9686,2026-09-21T18:00:00Z,2026-09-21T20:00:00+0200,6253.0,MW,ES,ES,forecast_onshore_wind_generation,Wind Onshore,2026-09-25T20:15:59Z
2026-09-25T20:14:32Z,2026-09-25T22:14:32+0200,0058ff56-e9e2-4f32-86d7-71abbced9686,2026-09-21T18:15:00Z,2026-09-21T20:15:00+0200,6416.0,MW,ES,ES,forecast_onshore_wind_generation,Wind Onshore,2026-09-25T20:15:59Z
2026-09-25T20:14:32Z,2026-09-25T22:14:32+0200,0058ff56-e9e2-4f32-86d7-71abbced9686,2026-09-21T18:30:00Z,2026-09-21T20:30:00+0200,6568.0,MW,ES,ES,forecast_onshore_wind_generation,Wind Onshore,2026-09-25T20:15:59Z
2026-09-25T20:14:32Z,2026-09-25T22:14:32+0200,0058ff56-e9e2-4f32-86d7-71abbced9686,2026-09-21T18:45:00Z,2026-09-21T20:45:00+0200,6706.0,MW,ES,ES,forecast_onshore_wind_generation,Wind Onshore,2026-09-25T20:15:59Z
2026-09-25T20:14:32Z,2026-09-25T22:14:32+0200,0058ff56-e9e2-4f32-86d7-71abbced9686,2026-09-21T19:00:00Z,2026-09-21T21:00:00+0200,6880.0,MW,ES,ES,forecast_onshore_wind_generation,Wind Onshore,2026-09-25T20:15:59Z
2026-09-25T20:14:32Z,2026-09-25T22:14:32+0200,0058ff56-e9e2-4f32-86d7-71abbced9686,2026-09-21T19:15:00Z,2026-09-21T21:15:00+0200,6987.0,MW,ES,ES,forecast_onshore_wind_generation,Wind Onshore,2026-09-25T20:15:59Z
2026-09-25T20:14:32Z,2026-09-25T22:14:32+0200,0058ff56-e9e2-4f32-86d7-71abbced9686,2026-09-21T19:30:00Z,2026-09-21T21:30:00+0200,7076.0,MW,ES,ES,forecast_onshore_wind_generation,Wind Onshore,2026-09-25T20:15:59Z
2026-09-25T20:14:32Z,2026-09-25T22:14:32+0200,0058ff56-e9e2-4f32-86d7-71abbced9686,2026-09-21T19:45:00Z,2026-09-21T21:45:00+0200,7144.0,MW,ES,ES,forecast_onshore_wind_generation,Wind Onshore,2026-09-25T20:15:59Z
2026-09-25T20:14:32Z,2026-09-25T22:14:32+0200,0058ff56-e9e2-4f32-86d7-71abbced9686,2026-09-21T20:00:00Z,2026-09-21T22:00:00+0200,7243.0,MW,ES,ES,forecast_onshore_wind_generation,Wind Onshore,2026-09-25T20:15:59Z
2026-09-25T20:14:32Z,2026-09-25T22:14:32+0200,0058ff56-e9e2-4f32-86d7-71abbced9686,2026-09-21T20:15:00Z,2026-09-21T22:15:00+0200,7276.0,MW,ES,ES,forecast_onshore_wind_generation,Wind Onshore,2026-09-25T20:15:59Z
2026-09-25T20:14:32Z,2026-09-25T22:14:32+0200,0058ff56-e9e2-4f32-86d7-71abbced9686,2026-09-21T20:30:00Z,2026-09-21T22:30:00+0200,7297.0,MW,ES,ES,forecast_onshore_wind_generation,Wind Onshore,2026-09-25T20:15:59Z
2026-09-25T20:14:32Z,2026-09-25T22:14:32+0200,0058ff56-e9e2-4f32-86d7-71abbced9686,2026-09-21T20:45:00Z,2026-09-21T22:45:00+0200,7298.0,MW,ES,ES,forecast_onshore_wind_generation,Wind Onshore,2026-09-25T20:15:59Z
2026-09-25T20:14:32Z,2026-09-25T22:14:32+0200,0058ff56-e9e2-4f32-86d7-71abbced9686,2026-09-21T21:00:00Z,2026-09-21T23:00:00+0200,7314.0,MW,ES,ES,forecast_onshore_wind_generation,Wind Onshore,2026-09-25T20:15:59Z
2026-09-25T20:14:32Z,2026-09-25T22:14:32+0200,0058ff56-e9e2-4f32-86d7-71abbced9686,2026-09-21T21:15:00Z,2026-09-21T23:15:00+0200,7285.0,MW,ES,ES,forecast_onshore_wind_generation,Wind Onshore,2026-09-25T20:15:59Z
2026-09-25T20:14:32Z,2026-09-25T22:14:32+0200,0058ff56-e9e2-4f32-86d7-71abbced9686,2026-09-21T21:30:00Z,2026-09-21T23:30:00+0200,7246.0,MW,ES,ES,forecast_onshore_wind_generation,Wind Onshore,2026-09-25T20:15:59Z
2026-09-25T20:14:32Z,2026-09-25T22:14:32+0200,0058ff56-e9e2-4f32-86d7-71abbced9686,2026-09-21T21:45:00Z,2026-09-21T23:45:00+0200,7193.0,MW,ES,ES,forecast_onshore_wind_generation,Wind Onshore,2026-09-25T20:15:59Z
2026-09-25T20:14:32Z,2026-09-25T22:14:32+0200,0058ff56-e9e2-4f32-86d7-71abbced9686,2026-09-21T22:00:00Z,2026-09-22T00:00:00+0200,7761.0,MW,ES,ES,forecast_onshore_wind_generation,Wind Onshore,2026-09-25T20:15:59Z
2026-09-25T20:14:32Z,2026-09-25T22:14:32+0200,0058ff56-e9e2-4f32-86d7-71abbced9686,2026-09-21T22:15:00Z,2026-09-22T00:15:00+0200,7706.0,MW,ES,ES,forecast_onshore_wind_generation,Wind Onshore,2026-09-25T20:15:59Z
2026-09-25T20:14:32Z,2026-09-25T22:14:32+0200,0058ff56-e9e2-4f32-86d7-71abbced9686,2026-09-21T22:30:00Z,2026-09-22T00:30:00+0200,7648.0,MW,ES,ES,forecast_onshore_wind_generation,Wind Onshore,2026-09-25T20:15:59Z
2026-09-25T20:14:32Z,2026-09-25T22:14:32+0200,0058ff56-e9e2-4f32-86d7-71abbced9686,2026-09-21T22:45:00Z,2026-09-22T00:45:00+0200,7587.0,MW,ES,ES,forecast_onshore_wind_generation,Wind Onshore,2026-09-25T20:15:59Z
2026-09-25T20:14:32Z,2026-09-25T22:14:32+0200,0058ff56-e9e2-4f32-86d7-71abbced9686,2026-09-21T23:00:00Z,2026-09-22T01:00:00+0200,7510.0,MW,ES,ES,forecast_onshore_wind_generation,Wind Onshore,2026-09-25T20:15:59Z
2026-09-25T20:14:32Z,2026-09-25T22:14:32+0200,0058ff56-e9e2-4f32-86d7-71abbced9686,2026-09-21T23:15:00Z,2026-09-22T01:15:00+0200,7440.0,MW,ES,ES,forecast_onshore_wind_generation,Wind Onshore,2026-09-25T20:15:59Z
2026-09-25T20:14:32Z,2026-09-25T22:14:32+0200,0058ff56-e9e2-4f32-86d7-71abbced9686,2026-09-21T23:30:00Z,2026-09-22T01:30:00+0200,7366.0,MW,ES,ES,forecast_onshore_wind_generation,Wind Onshore,2026-09-25T20:15:59Z
2026-09-25T20:14:32Z,2026-09-25T22:14:32+0200,0058ff56-e9e2-4f32-86d7-71abbced9686,2026-09-21T23:45:00Z,2026-09-22T01:45:00+0200,7288.0,MW,ES,ES,forecast_onshore_wind_generation,Wind Onshore,2026-09-25T20:15:59Z
2026-09-25T20:14:32Z,2026-09-25T22:14:32+0200,0058ff56-e9e2-4f32-86d7-71abbced9686,2026-09-22T00:00:00Z,2026-09-22T02:00:00+0200,7196.0,MW,ES,ES,forecast_onshore_wind_generation,Wind Onshore,2026-09-25T20:15:59Z
2026-09-25T20:14:32Z,2026-09-25T22:14:32+0200,0058ff56-e9e2-4f32-86d7-71abbced9686,2026-09-22T00:15:00Z,2026-09-22T02:15:00+0200,7115.0,MW,ES,ES,forecast_onshore_wind_generation,Wind Onshore,2026-09-25T20:15:59Z
2026-09-25T20:14:32Z,2026-09-25T22:14:32+0200,0058ff56-e9e2-4f32-86d7-71abbced9686,2026-09-22T00:30:00Z,2026-09-22T02:30:00+0200,7032.0,MW,ES,ES,forecast_onshore_wind_generation,Wind Onshore,2026-09-25T20:15:59Z
2026-09-25T20:14:32Z,2026-09-25T22:14:32+0200,0058ff56-e9e2-4f32-86d7-71abbced9686,2026-09-22T00:45:00Z,2026-09-22T02:45:00+0200,6951.0,MW,ES,ES,forecast_onshore_wind_generation,Wind Onshore,2026-09-25T20:15:59Z
2026-09-25T20:14:32Z,2026-09-25T22:14:32+0200,0058ff56-e9e2-4f32-86d7-71abbced9686,2026-09-22T01:00:00Z,2026-09-22T03:00:00+0200,6855.0,MW,ES,ES,forecast_onshore_wind_generation,Wind Onshore,2026-09-25T20:15:59Z
2026-09-25T20:14:32Z,2026-09-25T22:14:32+0200,0058ff56-e9e2-4f32-86d7-71abbced9686,2026-09-22T01:15:00Z,2026-09-22T03:15:00+0200,6773.0,MW,ES,ES,forecast_onshore_wind_generation,Wind Onshore,2026-09-25T20:15:59Z
2026-09-25T20:14:32Z,2026-09-25T22:14:32+0200,0058ff56-e9e2-4f32-86d7-71abbced9686,2026-09-22T01:30:00Z,2026-09-22T03:30:00+0200,6689.0,MW,ES,ES,forecast_onshore_wind_generation,Wind Onshore,2026-09-25T20:15:59Z
2026-09-25T20:14:32Z,2026-09-25T22:14:32+0200,0058ff56-e9e2-4f32-86d7-71abbced9686,2026-09-22T01:45:00Z,2026-09-22T03:45:00+0200,6607.0,MW,ES,ES,forecast_onshore_wind_generation,Wind Onshore,2026-09-25T20:15:59Z
2026-09-25T20:14:32Z,2026-09-25T22:14:32+0200,0058ff56-e9e2-4f32-86d7-71abbced9686,2026-09-22T02:00:00Z,2026-09-22T04:00:00+0200,6506.0,MW,ES,ES,forecast_onshore_wind_generation,Wind Onshore,2026-09-25T20:15:59Z
2026-09-25T20:14:32Z,2026-09-25T22:14:32+0200,0058ff56-e9e2-4f32-86d7-71abbced9686,2026-09-22T02:15:00Z,2026-09-22T04:15:00+0200,6437.0,MW,ES,ES,forecast_onshore_wind_generation,Wind Onshore,2026-09-25T20:15:59Z
2026-09-25T20:14:32Z,2026-09-25T22:14:32+0200,0058ff56-e9e2-4f32-86d7-71abbced9686,2026-09-22T02:30:00Z,2026-09-22T04:30:00+0200,6377.0,MW,ES,ES,forecast_onshore_wind_generation,Wind Onshore,2026-09-25T20:15:59Z
2026-09-25T20:14:32Z,2026-09-25T22:14:32+0200,0058ff56-e9e2-4f32-86d7-71abbced9686,2026-09-22T02:45:00Z,2026-09-22T04:45:00+0200,6322.0,MW,ES,ES,forecast_onshore_wind_generation,Wind Onshore,2026-09-25T20:15:59Z
2026-09-25T20:14:32Z,2026-09-25T22:14:32+0200,0058ff56-e9e2-4f32-86d7-71abbced9686,2026-09-22T03:00:00Z,2026-09-22T05:00:00+0200,6287.0,MW,ES,ES,forecast_onshore_wind_generation,Wind Onshore,2026-09-25T20:15:59Z
2026-09-25T20:14:32Z,2026-09-25T22:14:32+0200,0058ff56-e9e2-4f32-86d7-71abbced9686,2026-09-22T03:15:00Z,2026-09-22T05:15:00+0200,6224.0,MW,ES,ES,forecast_onshore_wind_generation,Wind Onshore,2026-09-25T20:15:59Z
2026-09-25T20:14:32Z,2026-09-25T22:14:32+0200,0058ff56-e9e2-4f32-86d7-71abbced9686,2026-09-22T03:30:00Z,2026-09-22T05:30:00+0200,6149.0,MW,ES,ES,forecast_onshore_wind_generation,Wind Onshore,2026-09-25T20:15:59Z
2026-09-25T20:14:32Z,2026-09-25T22:14:32+0200,0058ff56-e9e2-4f32-86d7-71abbced9686,2026-09-22T03:45:00Z,2026-09-22T05:45:00+0200,6068.0,MW,ES,ES,forecast_onshore_wind_generation,Wind Onshore,2026-09-25T20:15:59Z
2026-09-25T20:14:32Z,2026-09-25T22:14:32+0200,0058ff56-e9e2-4f32-86d7-71abbced9686,2026-09-22T04:00:00Z,2026-09-22T06:00:00+0200,5965.0,MW,ES,ES,forecast_onshore_wind_generation,Wind Onshore,2026-09-25T20:15:59Z
2026-09-25T20:14:32Z,2026-09-25T22:14:32+0200,0058ff56-e9e2-4f32-86d7-71abbced9686,2026-09-22T04:15:00Z,2026-09-22T06:15:00+0200,5891.0,MW,ES,ES,forecast_onshore_wind_generation,Wind Onshore,2026-09-25T20:15:59Z
2026-09-25T20:14:32Z,2026-09-25T22:14:32+0200,0058ff56-e9e2-4f32-86d7-71abbced9686,2026-09-22T04:30:00Z,2026-09-22T06:30:00+0200,5827.0,MW,ES,ES,forecast_onshore_wind_generation,Wind Onshore,2026-09-25T20:15:59Z
2026-09-25T20:14:32Z,2026-09-25T22:14:32+0200,0058ff56-e9e2-4f32-86d7-71abbced9686,2026-09-22T04:45:00Z,2026-09-22T06:45:00+0200,5765.0,MW,ES,ES,forecast_onshore_wind_generation,Wind Onshore,2026-09-25T20:15:59Z
2026-09-25T20:14:32Z,2026-09-25T22:14:32+0200,0058ff56-e9e2-4f32-86d7-71abbced9686,2026-09-22T05:00:00Z,2026-09-22T07:00:00+0200,5734.0,MW,ES,ES,forecast_onshore_wind_generation,Wind Onshore,2026-09-25T20:15:59Z
2026-09-25T20:14:32Z,2026-09-25T22:14:32+0200,0058ff56-e9e2-4f32-86d7-71abbced9686,2026-09-22T05:15:00Z,2026-09-22T07:15:00+0200,5642.0,MW,ES,ES,forecast_onshore_wind_generation,Wind Onshore,2026-09-25T20:15:59Z
2026-09-25T20:14:32Z,2026-09-25T22:14:32+0200,0058ff56-e9e2-4f32-86d7-71abbced9686,2026-09-22T05:30:00Z,2026-09-22T07:30:00+0200,5518.0,MW,ES,ES,forecast_onshore_wind_generation,Wind Onshore,2026-09-25T20:15:59Z
2026-09-25T20:14:32Z,2026-09-25T22:14:32+0200,0058ff56-e9e2-4f32-86d7-71abbced9686,2026-09-22T05:45:00Z,2026-09-22T07:45:00+0200,5366.0,MW,ES,ES,forecast_onshore_wind_generation,Wind Onshore,2026-09-25T20:15:59Z
2026-09-25T20:14:32Z,2026-09-25T22:14:32+0200,0058ff56-e9e2-4f32-86d7-71abbced9686,2026-09-22T06:00:00Z,2026-09-22T08:00:00+0200,5244.0,MW,ES,ES,forecast_onshore_wind_generation,Wind Onshore,2026-09-25T20:15:59Z
2026-09-25T20:14:32Z,2026-09-25T22:14:32+0200,0058ff56-e9e2-4f32-86d7-71abbced9686,2026-09-22T06:15:00Z,2026-09-22T08:15:00+0200,5036.0,MW,ES,ES,forecast_onshore_wind_generation,Wind Onshore,2026-09-25T20:15:59Z
2026-09-25T20:14:32Z,2026-09-25T22:14:32+0200,0058ff56-e9e2-4f32-86d7-71abbced9686,2026-09-22T06:30:00Z,2026-09-22T08:30:00+0200,4809.0,MW,ES,ES,forecast_onshore_wind_generation,Wind Onshore,2026-09-25T20:15:59Z
2026-09-25T20:14:32Z,2026-09-25T22:14:32+0200,0058ff56-e9e2-4f32-86d7-71abbced9686,2026-09-22T06:45:00Z,2026-09-22T08:45:00+0200,4568.0,MW,ES,ES,forecast_onshore_wind_generation,Wind Onshore,2026-09-25T20:15:59Z
2026-09-25T20:14:32Z,2026-09-25T22:14:32+0200,0058ff56-e9e2-4f32-86d7-71abbced9686,2026-09-22T07:00:00Z,2026-09-22T09:00:00+0200,4243.0,MW,ES,ES,forecast_onshore_wind_generation,Wind Onshore,2026-09-25T20:15:59Z
2026-09-25T20:14:32Z,2026-09-25T22:14:32+0200,0058ff56-e9e2-4f32-86d7-71abbced9686,2026-09-22T07:15:00Z,2026-09-22T09:15:00+0200,4009.0,MW,ES,ES,forecast_onshore_wind_generation,Wind Onshore,2026-09-25T20:15:59Z
2026-09-25T20:14:32Z,2026-09-25T22:14:32+0200,0058ff56-e9e2-4f32-86d7-71abbced9686,2026-09-22T07:30:00Z,2026-09-22T09:30:00+0200,3777.0,MW,ES,ES,forecast_onshore_wind_generation,Wind Onshore,2026-09-25T20:15:59Z
2026-09-25T20:14:32Z,2026-09-25T22:14:32+0200,0058ff56-e9e2-4f32-86d7-71abbced9686,2026-09-22T07:45:00Z,2026-09-22T09:45:00+0200,3565.0,MW,ES,ES,forecast_onshore_wind_generation,Wind Onshore,2026-09-25T20:15:59Z
2026-09-25T20:14:32Z,2026-09-25T22:14:32+0200,0058ff56-e9e2-4f32-86d7-71abbced9686,2026-09-22T08:00:00Z,2026-09-22T10:00:00+0200,3200.0,MW,ES,ES,forecast_onshore_wind_generation,Wind Onshore,2026-09-25T20:15:59Z
2026-09-25T20:14:32Z,2026-09-25T22:14:32+0200,0058ff56-e9e2-4f32-86d7-71abbced9686,2026-09-22T08:15:00Z,2026-09-22T10:15:00+0200,3030.0,MW,ES,ES,forecast_onshore_wind_generation,Wind Onshore,2026-09-25T20:15:59Z
2026-09-25T20:14:32Z,2026-09-25T22:14:32+0200,0058ff56-e9e2-4f32-86d7-71abbced9686,2026-09-22T08:30:00Z,2026-09-22T10:30:00+0200,2896.0,MW,ES,ES,forecast_onshore_wind_generation,Wind Onshore,2026-09-25T20:15:59Z
2026-09-25T20:14:32Z,2026-09-25T22:14:32+0200,0058ff56-e9e2-4f32-86d7-71abbced9686,2026-09-22T08:45:00Z,2026-09-22T10:45:00+0200,2755.0,MW,ES,ES,forecast_onshore_wind_generation,Wind Onshore,2026-09-25T20:15:59Z
2026-09-25T20:14:32Z,2026-09-25T22:14:32+0200,0058ff56-e9e2-4f32-86d7-71abbced9686,2026-09-22T09:00:00Z,2026-09-22T11:00:00+0200,2640.0,MW,ES,ES,forecast_onshore_wind_generation,Wind Onshore,2026-09-25T20:15:59Z
2026-09-25T20:14:32Z,2026-09-25T22:14:32+0200,0058ff56-e9e2-4f32-86d7-71abbced9686,2026-09-22T09:15:00Z,2026-09-22T11:15:00+0200,2555.0,MW,ES,ES,forecast_onshore_wind_generation,Wind Onshore,2026-09-25T20:15:59Z
2026-09-25T20:14:32Z,2026-09-25T22:14:32+0200,0058ff56-e9e2-4f32-86d7-71abbced9686,2026-09-22T09:30:00Z,2026-09-22T11:30:00+0200,2483.0,MW,ES,ES,forecast_onshore_wind_generation,Wind Onshore,2026-09-25T20:15:59Z
2026-09-25T20:14:32Z,2026-09-25T22:14:32+0200,0058ff56-e9e2-4f32-86d7-71abbced9686,2026-09-22T09:45:00Z,2026-09-22T11:45:00+0200,2420.0,MW,ES,ES,forecast_onshore_wind_generation,Wind Onshore,2026-09-25T20:15:59Z
2026-09-25T20:14:32Z,2026-09-25T22:14:32+0200,0058ff56-e9e2-4f32-86d7-71abbced9686,2026-09-22T10:00:00Z,2026-09-22T12:00:00+0200,2406.0,MW,ES,ES,forecast_onshore_wind_generation,Wind Onshore,2026-09-25T20:15:59Z
2026-09-25T20:14:32Z,2026-09-25T22:14:32+0200,0058ff56-e9e2-4f32-86d7-71abbced9686,2026-09-22T10:15:00Z,2026-09-22T12:15:00+0200,2385.0,MW,ES,ES,forecast_onshore_wind_generation,Wind Onshore,2026-09-25T20:15:59Z
2026-09-25T20:14:32Z,2026-09-25T22:14:32+0200,0058ff56-e9e2-4f32-86d7-71abbced9686,2026-09-22T10:30:00Z,2026-09-22T12:30:00+0200,2373.0,MW,ES,ES,forecast_onshore_wind_generation,Wind Onshore,2026-09-25T20:15:59Z
2026-09-25T20:14:32Z,2026-09-25T22:14:32+0200,0058ff56-e9e2-4f32-86d7-71abbced9686,2026-09-22T10:45:00Z,2026-09-22T12:45:00+0200,2345.0,MW,ES,ES,forecast_onshore_wind_generation,Wind Onshore,2026-09-25T20:15:59Z
2026-09-25T20:14:32Z,2026-09-25T22:14:32+0200,0058ff56-e9e2-4f32-86d7-71abbced9686,2026-09-22T11:00:00Z,2026-09-22T13:00:00+0200,2375.0,MW,ES,ES,forecast_onshore_wind_generation,Wind Onshore,2026-09-25T20:15:59Z
2026-09-25T20:14:32Z,2026-09-25T22:14:32+0200,0058ff56-e9e2-4f32-86d7-71abbced9686,2026-09-22T11:15:00Z,2026-09-22T13:15:00+0200,2376.0,MW,ES,ES,forecast_onshore_wind_generation,Wind Onshore,2026-09-25T20:15:59Z
2026-09-25T20:14:32Z,2026-09-25T22:14:32+0200,0058ff56-e9e2-4f32-86d7-71abbced9686,2026-09-22T11:30:00Z,2026-09-22T13:30:00+0200,2360.0,MW,ES,ES,forecast_onshore_wind_generation,Wind Onshore,2026-09-25T20:15:59Z
2026-09-25T20:14:32Z,2026-09-25T22:14:32+0200,0058ff56-e9e2-4f32-86d7-71abbced9686,2026-09-22T11:45:00Z,2026-09-22T13:45:00+0200,2361.0,MW,ES,ES,forecast_onshore_wind_generation,Wind Onshore,2026-09-25T20:15:59Z
2026-09-25T20:14:32Z,2026-09-25T22:14:32+0200,0058ff56-e9e2-4f32-86d7-71abbced9686,2026-09-22T12:00:00Z,2026-09-22T14:00:00+0200,2394.0,MW,ES,ES,forecast_onshore_wind_generation,Wind Onshore,2026-09-25T20:15:59Z
2026-09-25T20:14:32Z,2026-09-25T22:14:32+0200,0058ff56-e9e2-4f32-86d7-71abbced9686,2026-09-22T12:15:00Z,2026-09-22T14:15:00+0200,2435.0,MW,ES,ES,forecast_onshore_wind_generation,Wind Onshore,2026-09-25T20:15:59Z
2026-09-25T20:14:32Z,2026-09-25T22:14:32+0200,0058ff56-e9e2-4f32-86d7-71abbced9686,2026-09-22T12:30:00Z,2026-09-22T14:30:00+0200,2477.0,MW,ES,ES,forecast_onshore_wind_generation,Wind Onshore,2026-09-25T20:15:59Z
2026-09-25T20:14:32Z,2026-09-25T22:14:32+0200,0058ff56-e9e2-4f32-86d7-71abbced9686,2026-09-22T12:45:00Z,2026-09-22T14:45:00+0200,2528.0,MW,ES,ES,forecast_onshore_wind_generation,Wind Onshore,2026-09-25T20:15:59Z
2026-09-25T20:14:32Z,2026-09-25T22:14:32+0200,0058ff56-e9e2-4f32-86d7-71abbced9686,2026-09-22T13:00:00Z,2026-09-22T15:00:00+0200,2567.0,MW,ES,ES,forecast_onshore_wind_generation,Wind Onshore,2026-09-25T20:15:59Z
2026-09-25T20:14:32Z,2026-09-25T22:14:32+0200,0058ff56-e9e2-4f32-86d7-71abbced9686,2026-09-22T13:15:00Z,2026-09-22T15:15:00+0200,2643.0,MW,ES,ES,forecast_onshore_wind_generation,Wind Onshore,2026-09-25T20:15:59Z
2026-09-25T20:14:32Z,2026-09-25T22:14:32+0200,0058ff56-e9e2-4f32-86d7-71abbced9686,2026-09-22T13:30:00Z,2026-09-22T15:30:00+0200,2729.0,MW,ES,ES,forecast_onshore_wind_generation,Wind Onshore,2026-09-25T20:15:59Z
2026-09-25T20:14:32Z,2026-09-25T22:14:32+0200,0058ff56-e9e2-4f32-86d7-71abbced9686,2026-09-22T13:45:00Z,2026-09-22T15:45:00+0200,2819.0,MW,ES,ES,forecast_onshore_wind_generation,Wind Onshore,2026-09-25T20:15:59Z
2026-09-25T20:14:32Z,2026-09-25T22:14:32+0200,0058ff56-e9e2-4f32-86d7-71abbced9686,2026-09-22T14:00:00Z,2026-09-22T16:00:00+0200,2923.0,MW,ES,ES,forecast_onshore_wind_generation,Wind Onshore,2026-09-25T20:15:59Z
2026-09-25T20:14:32Z,2026-09-25T22:14:32+0200,0058ff56-e9e2-4f32-86d7-71abbced9686,2026-09-22T14:15:00Z,2026-09-22T16:15:00+0200,3033.0,MW,ES,ES,forecast_onshore_wind_generation,Wind Onshore,2026-09-25T20:15:59Z
2026-09-25T20:14:32Z,2026-09-25T22:14:32+0200,0058ff56-e9e2-4f32-86d7-71abbced9686,2026-09-22T14:30:00Z,2026-09-22T16:30:00+0200,3154.0,MW,ES,ES,forecast_onshore_wind_generation,Wind Onshore,2026-09-25T20:15:59Z
2026-09-25T20:14:32Z,2026-09-25T22:14:32+0200,0058ff56-e9e2-4f32-86d7-71abbced9686,2026-09-22T14:45:00Z,2026-09-22T16:45:00+0200,3266.0,MW,ES,ES,forecast_onshore_wind_generation,Wind Onshore,2026-09-25T20:15:59Z
2026-09-25T20:14:32Z,2026-09-25T22:14:32+0200,0058ff56-e9e2-4f32-86d7-71abbced9686,2026-09-22T15:00:00Z,2026-09-22T17:00:00+0200,3388.0,MW,ES,ES,forecast_onshore_wind_generation,Wind Onshore,2026-09-25T20:15:59Z
2026-09-25T20:14:32Z,2026-09-25T22:14:32+0200,0058ff56-e9e2-4f32-86d7-71abbced9686,2026-09-22T15:15:00Z,2026-09-22T17:15:00+0200,3505.0,MW,ES,ES,forecast_onshore_wind_generation,Wind Onshore,2026-09-25T20:15:59Z
2026-09-25T20:14:32Z,2026-09-25T22:14:32+0200,0058ff56-e9e2-4f32-86d7-71abbced9686,2026-09-22T15:30:00Z,2026-09-22T17:30:00+0200,3620.0,MW,ES,ES,forecast_onshore_wind_generation,Wind Onshore,2026-09-25T20:15:59Z
2026-09-25T20:14:32Z,2026-09-25T22:14:32+0200,0058ff56-e9e2-4f32-86d7-71abbced9686,2026-09-22T15:45:00Z,2026-09-22T17:45:00+0200,3716.0,MW,ES,ES,forecast_onshore_wind_generation,Wind Onshore,2026-09-25T20:15:59Z
2026-09-25T20:14:32Z,2026-09-25T22:14:32+0200,0058ff56-e9e2-4f32-86d7-71abbced9686,2026-09-22T16:00:00Z,2026-09-22T18:00:00+0200,3931.0,MW,ES,ES,forecast_onshore_wind_generation,Wind Onshore,2026-09-25T20:15:59Z
2026-09-25T20:14:32Z,2026-09-25T22:14:32+0200,0058ff56-e9e2-4f32-86d7-71abbced9686,2026-09-22T16:15:00Z,2026-09-22T18:15:00+0200,4063.0,MW,ES,ES,forecast_onshore_wind_generation,Wind Onshore,2026-09-25T20:15:59Z
2026-09-25T20:14:32Z,2026-09-25T22:14:32+0200,0058ff56-e9e2-4f32-86d7-71abbced9686,2026-09-22T16:30:00Z,2026-09-22T18:30:00+0200,4232.0,MW,ES,ES,forecast_onshore_wind_generation,Wind Onshore,2026-09-25T20:15:59Z
2026-09-25T20:14:32Z,2026-09-25T22:14:32+0200,0058ff56-e9e2-4f32-86d7-71abbced9686,2026-09-22T16:45:00Z,2026-09-22T18:45:00+0200,4395.0,MW,ES,ES,forecast_onshore_wind_generation,Wind Onshore,2026-09-25T20:15:59Z
2026-09-25T20:14:32Z,2026-09-25T22:14:32+0200,0058ff56-e9e2-4f32-86d7-71abbced9686,2026-09-22T17:00:00Z,2026-09-22T19:00:00+0200,4589.0,MW,ES,ES,forecast_onshore_wind_generation,Wind Onshore,2026-09-25T20:15:59Z
2026-09-25T20:14:32Z,2026-09-25T22:14:32+0200,0058ff56-e9e2-4f32-86d7-71abbced9686,2026-09-22T17:15:00Z,2026-09-22T19:15:00+0200,4732.0,MW,ES,ES,forecast_onshore_wind_generation,Wind Onshore,2026-09-25T20:15:59Z
2026-09-25T20:14:32Z,2026-09-25T22:14:32+0200,0058ff56-e9e2-4f32-86d7-71abbced9686,2026-09-22T17:30:00Z,2026-09-22T19:30:00+0200,4869.0,MW,ES,ES,forecast_onshore_wind_generation,Wind Onshore,2026-09-25T20:15:59Z
2026-09-25T20:14:32Z,2026-09-25T22:14:32+0200,0058ff56-e9e2-4f32-86d7-71abbced9686,2026-09-22T17:45:00Z,2026-09-22T19:45:00+0200,4995.0,MW,ES,ES,forecast_onshore_wind_generation,Wind Onshore,2026-09-25T20:15:59Z
2026-09-25T20:14:32Z,2026-09-25T22:14:32+0200,0058ff56-e9e2-4f32-86d7-71abbced9686,2026-09-22T18:00:00Z,2026-09-22T20:00:00+0200,5211.0,MW,ES,ES,forecast_onshore_wind_generation,Wind Onshore,2026-09-25T20:15:59Z
2026-09-25T20:14:32Z,2026-09-25T22:14:32+0200,0058ff56-e9e2-4f32-86d7-71abbced9686,2026-09-22T18:15:00Z,2026-09-22T20:15:00+0200,5291.0,MW,ES,ES,forecast_onshore_wind_generation,Wind Onshore,2026-09-25T20:15:59Z
2026-09-25T20:14:32Z,2026-09-25T22:14:32+0200,0058ff56-e9e2-4f32-86d7-71abbced9686,2026-09-22T18:30:00Z,2026-09-22T20:30:00+0200,5355.0,MW,ES,ES,forecast_onshore_wind_generation,Wind Onshore,2026-09-25T20:15:59Z
2026-09-25T20:14:32Z,2026-09-25T22:14:32+0200,0058ff56-e9e2-4f32-86d7-71abbced9686,2026-09-22T18:45:00Z,2026-09-22T20:45:00+0200,5399.0,MW,ES,ES,forecast_onshore_wind_generation,Wind Onshore,2026-09-25T20:15:59Z
2026-09-25T20:14:32Z,2026-09-25T22:14:32+0200,0058ff56-e9e2-4f32-86d7-71abbced9686,2026-09-22T19:00:00Z,2026-09-22T21:00:00+0200,5487.0,MW,ES,ES,forecast_onshore_wind_generation,Wind Onshore,2026-09-25T20:15:59Z
2026-09-25T20:14:32Z,2026-09-25T22:14:32+0200,0058ff56-e9e2-4f32-86d7-71abbced9686,2026-09-22T19:15:00Z,2026-09-22T21:15:00+0200,5491.0,MW,ES,ES,forecast_onshore_wind_generation,Wind Onshore,2026-09-25T20:15:59Z
2026-09-25T20:14:32Z,2026-09-25T22:14:32+0200,0058ff56-e9e2-4f32-86d7-71abbced9686,2026-09-22T19:30:00Z,2026-09-22T21:30:00+0200,5473.0,MW,ES,ES,forecast_onshore_wind_generation,Wind Onshore,2026-09-25T20:15:59Z
2026-09-25T20:14:32Z,2026-09-25T22:14:32+0200,0058ff56-e9e2-4f32-86d7-71abbced9686,2026-09-22T19:45:00Z,2026-09-22T21:45:00+0200,5435.0,MW,ES,ES,forecast_onshore_wind_generation,Wind Onshore,2026-09-25T20:15:59Z
2026-09-25T20:14:32Z,2026-09-25T22:14:32+0200,0058ff56-e9e2-4f32-86d7-71abbced9686,2026-09-22T20:00:00Z,2026-09-22T22:00:00+0200,5423.0,MW,ES,ES,forecast_onshore_wind_generation,Wind Onshore,2026-09-25T20:15:59Z
2026-09-25T20:14:32Z,2026-09-25T22:14:32+0200,0058ff56-e9e2-4f32-86d7-71abbced9686,2026-09-22T20:15:00Z,2026-09-22T22:15:00+0200,5350.0,MW,ES,ES,forecast_onshore_wind_generation,Wind Onshore,2026-09-25T20:15:59Z
2026-09-25T20:14:32Z,2026-09-25T22:14:32+0200,0058ff56-e9e2-4f32-86d7-71abbced9686,2026-09-22T20:30:00Z,2026-09-22T22:30:00+0200,5263.0,MW,ES,ES,forecast_onshore_wind_generation,Wind Onshore,2026-09-25T20:15:59Z
2026-09-25T20:14:32Z,2026-09-25T22:14:32+0200,0058ff56-e9e2-4f32-86d7-71abbced9686,2026-09-22T20:45:00Z,2026-09-22T22:45:00+0200,5163.0,MW,ES,ES,forecast_onshore_wind_generation,Wind Onshore,2026-09-25T20:15:59Z
2026-09-25T20:14:32Z,2026-09-25T22:14:32+0200,0058ff56-e9e2-4f32-86d7-71abbced9686,2026-09-22T21:00:00Z,2026-09-22T23:00:00+0200,5048.0,MW,ES,ES,forecast_onshore_wind_generation,Wind Onshore,2026-09-25T20:15:59Z
2026-09-25T20:14:32Z,2026-09-25T22:14:32+0200,0058ff56-e9e2-4f32-86d7-71abbced9686,2026-09-22T21:15:00Z,2026-09-22T23:15:00+0200,4936.0,MW,ES,ES,forecast_onshore_wind_generation,Wind Onshore,2026-09-25T20:15:59Z
2026-09-25T20:14:32Z,2026-09-25T22:14:32+0200,0058ff56-e9e2-4f32-86d7-71abbced9686,2026-09-22T21:30:00Z,2026-09-22T23:30:00+0200,4822.0,MW,ES,ES,forecast_onshore_wind_generation,Wind Onshore,2026-09-25T20:15:59Z
2026-09-25T20:14:32Z,2026-09-25T22:14:32+0200,0058ff56-e9e2-4f32-86d7-71abbced9686,2026-09-22T21:45:00Z,2026-09-22T23:45:00+0200,4706.0,MW,ES,ES,forecast_onshore_wind_generation,Wind Onshore,2026-09-25T20:15:59Z
2026-09-25T20:14:32Z,2026-09-25T22:14:32+0200,0058ff56-e9e2-4f32-86d7-71abbced9686,2026-09-22T22:00:00Z,2026-09-23T00:00:00+0200,4089.0,MW,ES,ES,forecast_onshore_wind_generation,Wind Onshore,2026-09-25T20:15:59Z
2026-09-25T20:14:32Z,2026-09-25T22:14:32+0200,0058ff56-e9e2-4f32-86d7-71abbced9686,2026-09-22T22:15:00Z,2026-09-23T00:15:00+0200,4008.0,MW,ES,ES,forecast_onshore_wind_generation,Wind Onshore,2026-09-25T20:15:59Z
2026-09-25T20:14:32Z,2026-09-25T22:14:32+0200,0058ff56-e9e2-4f32-86d7-71abbced9686,2026-09-22T22:30:00Z,2026-09-23T00:30:00+0200,3933.0,MW,ES,ES,forecast_onshore_wind_generation,Wind Onshore,2026-09-25T20:15:59Z
2026-09-25T20:14:32Z,2026-09-25T22:14:32+0200,0058ff56-e9e2-4f32-86d7-71abbced9686,2026-09-22T22:45:00Z,2026-09-23T00:45:00+0200,3860.0,MW,ES,ES,forecast_onshore_wind_generation,Wind Onshore,2026-09-25T20:15:59Z
2026-09-25T20:14:32Z,2026-09-25T22:14:32+0200,0058ff56-e9e2-4f32-86d7-71abbced9686,2026-09-22T23:00:00Z,2026-09-23T01:00:00+0200,3805.0,MW,ES,ES,forecast_onshore_wind_generation,Wind Onshore,2026-09-25T20:15:59Z
2026-09-25T20:14:32Z,2026-09-25T22:14:32+0200,0058ff56-e9e2-4f32-86d7-71abbced9686,2026-09-22T23:15:00Z,2026-09-23T01:15:00+0200,3732.0,MW,ES,ES,forecast_onshore_wind_generation,Wind Onshore,2026-09-25T20:15:59Z
2026-09-25T20:14:32Z,2026-09-25T22:14:32+0200,0058ff56-e9e2-4f32-86d7-71abbced9686,2026-09-22T23:30:00Z,2026-09-23T01:30:00+0200,3657.0,MW,ES,ES,forecast_onshore_wind_generation,Wind Onshore,2026-09-25T20:15:59Z
2026-09-25T20:14:32Z,2026-09-25T22:14:32+0200,0058ff56-e9e2-4f32-86d7-71abbced9686,2026-09-22T23:45:00Z,2026-09-23T01:45:00+0200,3581.0,MW,ES,ES,forecast_onshore_wind_generation,Wind Onshore,2026-09-25T20:15:59Z
2026-09-25T20:14:32Z,2026-09-25T22:14:32+0200,0058ff56-e9e2-4f32-86d7-71abbced9686,2026-09-23T00:00:00Z,2026-09-23T02:00:00+0200,3510.0,MW,ES,ES,forecast_onshore_wind_generation,Wind Onshore,2026-09-25T20:15:59Z
2026-09-25T20:14:32Z,2026-09-25T22:14:32+0200,0058ff56-e9e2-4f32-86d7-71abbced9686,2026-09-23T00:15:00Z,2026-09-23T02:15:00+0200,3439.0,MW,ES,ES,forecast_onshore_wind_generation,Wind Onshore,2026-09-25T20:15:59Z
2026-09-25T20:14:32Z,2026-09-25T22:14:32+0200,0058ff56-e9e2-4f32-86d7-71abbced9686,2026-09-23T00:30:00Z,2026-09-23T02:30:00+0200,3375.0,MW,ES,ES,forecast_onshore_wind_generation,Wind Onshore,2026-09-25T20:15:59Z
2026-09-25T20:14:32Z,2026-09-25T22:14:32+0200,0058ff56-e9e2-4f32-86d7-71abbced9686,2026-09-23T00:45:00Z,2026-09-23T02:45:00+0200,3316.0,MW,ES,ES,forecast_onshore_wind_generation,Wind Onshore,2026-09-25T20:15:59Z
2026-09-25T20:14:32Z,2026-09-25T22:14:32+0200,0058ff56-e9e2-4f32-86d7-71abbced9686,2026-09-23T01:00:00Z,2026-09-23T03:00:00+0200,3262.0,MW,ES,ES,forecast_onshore_wind_generation,Wind Onshore,2026-09-25T20:15:59Z
2026-09-25T20:14:32Z,2026-09-25T22:14:32+0200,0058ff56-e9e2-4f32-86d7-71abbced9686,2026-09-23T01:15:00Z,2026-09-23T03:15:00+0200,3216.0,MW,ES,ES,forecast_onshore_wind_generation,Wind Onshore,2026-09-25T20:15:59Z
2026-09-25T20:14:32Z,2026-09-25T22:14:32+0200,0058ff56-e9e2-4f32-86d7-71abbced9686,2026-09-23T01:30:00Z,2026-09-23T03:30:00+0200,3175.0,MW,ES,ES,forecast_onshore_wind_generation,Wind Onshore,2026-09-25T20:15:59Z
2026-09-25T20:14:32Z,2026-09-25T22:14:32+0200,0058ff56-e9e2-4f32-86d7-71abbced9686,2026-09-23T01:45:00Z,2026-09-23T03:45:00+0200,3140.0,MW,ES,ES,forecast_onshore_wind_generation,Wind Onshore,2026-09-25T20:15:59Z
2026-09-25T20:14:32Z,2026-09-25T22:14:32+0200,0058ff56-e9e2-4f32-86d7-71abbced9686,2026-09-23T02:00:00Z,2026-09-23T04:00:00+0200,3122.0,MW,ES,ES,forecast_onshore_wind_generation,Wind Onshore,2026-09-25T20:15:59Z
2026-09-25T20:14:32Z,2026-09-25T22:14:32+0200,0058ff56-e9e2-4f32-86d7-71abbced9686,2026-09-23T02:15:00Z,2026-09-23T04:15:00+0200,3090.0,MW,ES,ES,forecast_onshore_wind_generation,Wind Onshore,2026-09-25T20:15:59Z
2026-09-25T20:14:32Z,2026-09-25T22:14:32+0200,0058ff56-e9e2-4f32-86d7-71abbced9686,2026-09-23T02:30:00Z,2026-09-23T04:30:00+0200,3055.0,MW,ES,ES,forecast_onshore_wind_generation,Wind Onshore,2026-09-25T20:15:59Z
2026-09-25T20:14:32Z,2026-09-25T22:14:32+0200,0058ff56-e9e2-4f32-86d7-71abbced9686,2026-09-23T02:45:00Z,2026-09-23T04:45:00+0200,3022.0,MW,ES,ES,forecast_onshore_wind_generation,Wind Onshore,2026-09-25T20:15:59Z
2026-09-25T20:14:32Z,2026-09-25T22:14:32+0200,0058ff56-e9e2-4f32-86d7-71abbced9686,2026-09-23T03:00:00Z,2026-09-23T05:00:00+0200,2994.0,MW,ES,ES,forecast_onshore_wind_generation,Wind Onshore,2026-09-25T20:15:59Z
2026-09-25T20:14:32Z,2026-09-25T22:14:32+0200,0058ff56-e9e2-4f32-86d7-71abbced9686,2026-09-23T03:15:00Z,2026-09-23T05:15:00+0200,2962.0,MW,ES,ES,forecast_onshore_wind_generation,Wind Onshore,2026-09-25T20:15:59Z
2026-09-25T20:14:32Z,2026-09-25T22:14:32+0200,0058ff56-e9e2-4f32-86d7-71abbced9686,2026-09-23T03:30:00Z,2026-09-23T05:30:00+0200,2936.0,MW,ES,ES,forecast_onshore_wind_generation,Wind Onshore,2026-09-25T20:15:59Z
2026-09-25T20:14:32Z,2026-09-25T22:14:32+0200,0058ff56-e9e2-4f32-86d7-71abbced9686,2026-09-23T03:45:00Z,2026-09-23T05:45:00+0200,2915.0,MW,ES,ES,forecast_onshore_wind_generation,Wind Onshore,2026-09-25T20:15:59Z
2026-09-25T20:14:32Z,2026-09-25T22:14:32+0200,0058ff56-e9e2-4f32-86d7-71abbced9686,2026-09-23T04:00:00Z,2026-09-23T06:00:00+0200,2891.0,MW,ES,ES,forecast_onshore_wind_generation,Wind Onshore,2026-09-25T20:15:59Z
2026-09-25T20:14:32Z,2026-09-25T22:14:32+0200,0058ff56-e9e2-4f32-86d7-71abbced9686,2026-09-23T04:15:00Z,2026-09-23T06:15:00+0200,2863.0,MW,ES,ES,forecast_onshore_wind_generation,Wind Onshore,2026-09-25T20:15:59Z
2026-09-25T20:14:32Z,2026-09-25T22:14:32+0200,0058ff56-e9e2-4f32-86d7-71abbced9686,2026-09-23T04:30:00Z,2026-09-23T06:30:00+0200,2831.0,MW,ES,ES,forecast_onshore_wind_generation,Wind Onshore,2026-09-25T20:15:59Z
2026-09-25T20:14:32Z,2026-09-25T22:14:32+0200,0058ff56-e9e2-4f32-86d7-71abbced9686,2026-09-23T04:45:00Z,2026-09-23T06:45:00+0200,2793.0,MW,ES,ES,forecast_onshore_wind_generation,Wind Onshore,2026-09-25T20:15:59Z
2026-09-25T20:14:32Z,2026-09-25T22:14:32+0200,0058ff56-e9e2-4f32-86d7-71abbced9686,2026-09-23T05:00:00Z,2026-09-23T07:00:00+0200,2767.0,MW,ES,ES,forecast_onshore_wind_generation,Wind Onshore,2026-09-25T20:15:59Z
2026-09-25T20:14:32Z,2026-09-25T22:14:32+0200,0058ff56-e9e2-4f32-86d7-71abbced9686,2026-09-23T05:15:00Z,2026-09-23T07:15:00+0200,2723.0,MW,ES,ES,forecast_onshore_wind_generation,Wind Onshore,2026-09-25T20:15:59Z
2026-09-25T20:14:32Z,2026-09-25T22:14:32+0200,0058ff56-e9e2-4f32-86d7-71abbced9686,2026-09-23T05:30:00Z,2026-09-23T07:30:00+0200,2676.0,MW,ES,ES,forecast_onshore_wind_generation,Wind Onshore,2026-09-25T20:15:59Z
2026-09-25T20:14:32Z,2026-09-25T22:14:32+0200,0058ff56-e9e2-4f32-86d7-71abbced9686,2026-09-23T05:45:00Z,2026-09-23T07:45:00+0200,2623.0,MW,ES,ES,forecast_onshore_wind_generation,Wind Onshore,2026-09-25T20:15:59Z
2026-09-25T20:14:32Z,2026-09-25T22:14:32+0200,0058ff56-e9e2-4f32-86d7-71abbced9686,2026-09-23T06:00:00Z,2026-09-23T08:00:00+0200,2594.0,MW,ES,ES,forecast_onshore_wind_generation,Wind Onshore,2026-09-25T20:15:59Z
2026-09-25T20:14:32Z,2026-09-25T22:14:32+0200,0058ff56-e9e2-4f32-86d7-71abbced9686,2026-09-23T06:15:00Z,2026-09-23T08:15:00+0200,2522.0,MW,ES,ES,forecast_onshore_wind_generation,Wind Onshore,2026-09-25T20:15:59Z
2026-09-25T20:14:32Z,2026-09-25T22:14:32+0200,0058ff56-e9e2-4f32-86d7-71abbced9686,2026-09-23T06:30:00Z,2026-09-23T08:30:00+0200,2409.0,MW,ES,ES,forecast_onshore_wind_generation,Wind Onshore,2026-09-25T20:15:59Z
2026-09-25T20:14:32Z,2026-09-25T22:14:32+0200,0058ff56-e9e2-4f32-86d7-71abbced9686,2026-09-23T06:45:00Z,2026-09-23T08:45:00+0200,2321.0,MW,ES,ES,forecast_onshore_wind_generation,Wind Onshore,2026-09-25T20:15:59Z
2026-09-25T20:14:32Z,2026-09-25T22:14:32+0200,0058ff56-e9e2-4f32-86d7-71abbced9686,2026-09-23T07:00:00Z,2026-09-23T09:00:00+0200,2212.0,MW,ES,ES,forecast_onshore_wind_generation,Wind Onshore,2026-09-25T20:15:59Z
2026-09-25T20:14:32Z,2026-09-25T22:14:32+0200,0058ff56-e9e2-4f32-86d7-71abbced9686,2026-09-23T07:15:00Z,2026-09-23T09:15:00+0200,2128.0,MW,ES,ES,forecast_onshore_wind_generation,Wind Onshore,2026-09-25T20:15:59Z
2026-09-25T20:14:32Z,2026-09-25T22:14:32+0200,0058ff56-e9e2-4f32-86d7-71abbced9686,2026-09-23T07:30:00Z,2026-09-23T09:30:00+0200,2039.0,MW,ES,ES,forecast_onshore_wind_generation,Wind Onshore,2026-09-25T20:15:59Z
2026-09-25T20:14:32Z,2026-09-25T22:14:32+0200,0058ff56-e9e2-4f32-86d7-71abbced9686,2026-09-23T07:45:00Z,2026-09-23T09:45:00+0200,1958.0,MW,ES,ES,forecast_onshore_wind_generation,Wind Onshore,2026-09-25T20:15:59Z
2026-09-25T20:14:32Z,2026-09-25T22:14:32+0200,0058ff56-e9e2-4f32-86d7-71abbced9686,2026-09-23T08:00:00Z,2026-09-23T10:00:00+0200,1767.0,MW,ES,ES,forecast_onshore_wind_generation,Wind Onshore,2026-09-25T20:15:59Z
2026-09-25T20:14:32Z,2026-09-25T22:14:32+0200,0058ff56-e9e2-4f32-86d7-71abbced9686,2026-09-23T08:15:00Z,2026-09-23T10:15:00+0200,1694.0,MW,ES,ES,forecast_onshore_wind_generation,Wind Onshore,2026-09-25T20:15:59Z
2026-09-25T20:14:32Z,2026-09-25T22:14:32+0200,0058ff56-e9e2-4f32-86d7-71abbced9686,2026-09-23T08:30:00Z,2026-09-23T10:30:00+0200,1641.0,MW,ES,ES,forecast_onshore_wind_generation,Wind Onshore,2026-09-25T20:15:59Z
2026-09-25T20:14:32Z,2026-09-25T22:14:32+0200,0058ff56-e9e2-4f32-86d7-71abbced9686,2026-09-23T08:45:00Z,2026-09-23T10:45:00+0200,1597.0,MW,ES,ES,forecast_onshore_wind_generation,Wind Onshore,2026-09-25T20:15:59Z
2026-09-25T20:14:32Z,2026-09-25T22:14:32+0200,0058ff56-e9e2-4f32-86d7-71abbced9686,2026-09-23T09:00:00Z,2026-09-23T11:00:00+0200,1534.0,MW,ES,ES,forecast_onshore_wind_generation,Wind Onshore,2026-09-25T20:15:59Z
2026-09-25T20:14:32Z,2026-09-25T22:14:32+0200,0058ff56-e9e2-4f32-86d7-71abbced9686,2026-09-23T09:15:00Z,2026-09-23T11:15:00+0200,1521.0,MW,ES,ES,forecast_onshore_wind_generation,Wind Onshore,2026-09-25T20:15:59Z
2026-09-25T20:14:32Z,2026-09-25T22:14:32+0200,0058ff56-e9e2-4f32-86d7-71abbced9686,2026-09-23T09:30:00Z,2026-09-23T11:30:00+0200,1521.0,MW,ES,ES,forecast_onshore_wind_generation,Wind Onshore,2026-09-25T20:15:59Z
2026-09-25T20:14:32Z,2026-09-25T22:14:32+0200,0058ff56-e9e2-4f32-86d7-71abbced9686,2026-09-23T09:45:00Z,2026-09-23T11:45:00+0200,1535.0,MW,ES,ES,forecast_onshore_wind_generation,Wind Onshore,2026-09-25T20:15:59Z
2026-09-25T20:14:32Z,2026-09-25T22:14:32+0200,0058ff56-e9e2-4f32-86d7-71abbced9686,2026-09-23T10:00:00Z,2026-09-23T12:00:00+0200,1627.0,MW,ES,ES,forecast_onshore_wind_generation,Wind Onshore,2026-09-25T20:15:59Z
2026-09-25T20:14:32Z,2026-09-25T22:14:32+0200,0058ff56-e9e2-4f32-86d7-71abbced9686,2026-09-23T10:15:00Z,2026-09-23T12:15:00+0200,1668.0,MW,ES,ES,forecast_onshore_wind_generation,Wind Onshore,2026-09-25T20:15:59Z
2026-09-25T20:14:32Z,2026-09-25T22:14:32+0200,0058ff56-e9e2-4f32-86d7-71abbced9686,2026-09-23T10:30:00Z,2026-09-23T12:30:00+0200,1698.0,MW,ES,ES,forecast_onshore_wind_generation,Wind Onshore,2026-09-25T20:15:59Z
2026-09-25T20:14:32Z,2026-09-25T22:14:32+0200,0058ff56-e9e2-4f32-86d7-71abbced9686,2026-09-23T10:45:00Z,2026-09-23T12:45:00+0200,1729.0,MW,ES,ES,forecast_onshore_wind_generation,Wind Onshore,2026-09-25T20:15:59Z
2026-09-25T20:14:32Z,2026-09-25T22:14:32+0200,0058ff56-e9e2-4f32-86d7-71abbced9686,2026-09-23T11:00:00Z,2026-09-23T13:00:00+0200,1798.0,MW,ES,ES,forecast_onshore_wind_generation,Wind Onshore,2026-09-25T20:15:59Z
2026-09-25T20:14:32Z,2026-09-25T22:14:32+0200,0058ff56-e9e2-4f32-86d7-71abbced9686,2026-09-23T11:15:00Z,2026-09-23T13:15:00+0200,1838.0,MW,ES,ES,forecast_onshore_wind_generation,Wind Onshore,2026-09-25T20:15:59Z
2026-09-25T20:14:32Z,2026-09-25T22:14:32+0200,0058ff56-e9e2-4f32-86d7-71abbced9686,2026-09-23T11:30:00Z,2026-09-23T13:30:00+0200,1863.0,MW,ES,ES,forecast_onshore_wind_generation,Wind Onshore,2026-09-25T20:15:59Z
2026-09-25T20:14:32Z,2026-09-25T22:14:32+0200,0058ff56-e9e2-4f32-86d7-71abbced9686,2026-09-23T11:45:00Z,2026-09-23T13:45:00+0200,1881.0,MW,ES,ES,forecast_onshore_wind_generation,Wind Onshore,2026-09-25T20:15:59Z
2026-09-25T20:14:32Z,2026-09-25T22:14:32+0200,0058ff56-e9e2-4f32-86d7-71abbced9686,2026-09-23T12:00:00Z,2026-09-23T14:00:00+0200,1849.0,MW,ES,ES,forecast_onshore_wind_generation,Wind Onshore,2026-09-25T20:15:59Z
2026-09-25T20:14:32Z,2026-09-25T22:14:32+0200,0058ff56-e9e2-4f32-86d7-71abbced9686,2026-09-23T12:15:00Z,2026-09-23T14:15:00+0200,1877.0,MW,ES,ES,forecast_onshore_wind_generation,Wind Onshore,2026-09-25T20:15:59Z
2026-09-25T20:14:32Z,2026-09-25T22:14:32+0200,0058ff56-e9e2-4f32-86d7-71abbced9686,2026-09-23T12:30:00Z,2026-09-23T14:30:00+0200,1927.0,MW,ES,ES,forecast_onshore_wind_generation,Wind Onshore,2026-09-25T20:15:59Z
2026-09-25T20:14:32Z,2026-09-25T22:14:32+0200,0058ff56-e9e2-4f32-86d7-71abbced9686,2026-09-23T12:45:00Z,2026-09-23T14:45:00+0200,1983.0,MW,ES,ES,forecast_onshore_wind_generation,Wind Onshore,2026-09-25T20:15:59Z
2026-09-25T20:14:32Z,2026-09-25T22:14:32+0200,0058ff56-e9e2-4f32-86d7-71abbced9686,2026-09-23T13:00:00Z,2026-09-23T15:00:00+0200,2076.0,MW,ES,ES,forecast_onshore_wind_generation,Wind Onshore,2026-09-25T20:15:59Z
2026-09-25T20:14:32Z,2026-09-25T22:14:32+0200,0058ff56-e9e2-4f32-86d7-71abbced9686,2026-09-23T13:15:00Z,2026-09-23T15:15:00+0200,2158.0,MW,ES,ES,forecast_onshore_wind_generation,Wind Onshore,2026-09-25T20:15:59Z
2026-09-25T20:14:32Z,2026-09-25T22:14:32+0200,0058ff56-e9e2-4f32-86d7-71abbced9686,2026-09-23T13:30:00Z,2026-09-23T15:30:00+0200,2224.0,MW,ES,ES,forecast_onshore_wind_generation,Wind Onshore,2026-09-25T20:15:59Z
2026-09-25T20:14:32Z,2026-09-25T22:14:32+0200,0058ff56-e9e2-4f32-86d7-71abbced9686,2026-09-23T13:45:00Z,2026-09-23T15:45:00+0200,2266.0,MW,ES,ES,forecast_onshore_wind_generation,Wind Onshore,2026-09-25T20:15:59Z
2026-09-25T20:14:32Z,2026-09-25T22:14:32+0200,0058ff56-e9e2-4f32-86d7-71abbced9686,2026-09-23T14:00:00Z,2026-09-23T16:00:00+0200,2349.0,MW,ES,ES,forecast_onshore_wind_generation,Wind Onshore,2026-09-25T20:15:59Z
2026-09-25T20:14:32Z,2026-09-25T22:14:32+0200,0058ff56-e9e2-4f32-86d7-71abbced9686,2026-09-23T14:15:00Z,2026-09-23T16:15:00+0200,2426.0,MW,ES,ES,forecast_onshore_wind_generation,Wind Onshore,2026-09-25T20:15:59Z
2026-09-25T20:14:32Z,2026-09-25T22:14:32+0200,0058ff56-e9e2-4f32-86d7-71abbced9686,2026-09-23T14:30:00Z,2026-09-23T16:30:00+0200,2503.0,MW,ES,ES,forecast_onshore_wind_generation,Wind Onshore,2026-09-25T20:15:59Z
2026-09-25T20:14:32Z,2026-09-25T22:14:32+0200,0058ff56-e9e2-4f32-86d7-71abbced9686,2026-09-23T14:45:00Z,2026-09-23T16:45:00+0200,2590.0,MW,ES,ES,forecast_onshore_wind_generation,Wind Onshore,2026-09-25T20:15:59Z
2026-09-25T20:14:32Z,2026-09-25T22:14:32+0200,0058ff56-e9e2-4f32-86d7-71abbced9686,2026-09-23T15:00:00Z,2026-09-23T17:00:00+0200,2686.0,MW,ES,ES,forecast_onshore_wind_generation,Wind Onshore,2026-09-25T20:15:59Z
2026-09-25T20:14:32Z,2026-09-25T22:14:32+0200,0058ff56-e9e2-4f32-86d7-71abbced9686,2026-09-23T15:15:00Z,2026-09-23T17:15:00+0200,2782.0,MW,ES,ES,forecast_onshore_wind_generation,Wind Onshore,2026-09-25T20:15:59Z
2026-09-25T20:14:32Z,2026-09-25T22:14:32+0200,0058ff56-e9e2-4f32-86d7-71abbced9686,2026-09-23T15:30:00Z,2026-09-23T17:30:00+0200,2895.0,MW,ES,ES,forecast_onshore_wind_generation,Wind Onshore,2026-09-25T20:15:59Z
2026-09-25T20:14:32Z,2026-09-25T22:14:32+0200,0058ff56-e9e2-4f32-86d7-71abbced9686,2026-09-23T15:45:00Z,2026-09-23T17:45:00+0200,2978.0,MW,ES,ES,forecast_onshore_wind_generation,Wind Onshore,2026-09-25T20:15:59Z
2026-09-25T20:14:32Z,2026-09-25T22:14:32+0200,0058ff56-e9e2-4f32-86d7-71abbced9686,2026-09-23T16:00:00Z,2026-09-23T18:00:00+0200,3172.0,MW,ES,ES,forecast_onshore_wind_generation,Wind Onshore,2026-09-25T20:15:59Z
2026-09-25T20:14:32Z,2026-09-25T22:14:32+0200,0058ff56-e9e2-4f32-86d7-71abbced9686,2026-09-23T16:15:00Z,2026-09-23T18:15:00+0200,3363.0,MW,ES,ES,forecast_onshore_wind_generation,Wind Onshore,2026-09-25T20:15:59Z
2026-09-25T20:14:32Z,2026-09-25T22:14:32+0200,0058ff56-e9e2-4f32-86d7-71abbced9686,2026-09-23T16:30:00Z,2026-09-23T18:30:00+0200,3563.0,MW,ES,ES,forecast_onshore_wind_generation,Wind Onshore,2026-09-25T20:15:59Z
2026-09-25T20:14:32Z,2026-09-25T22:14:32+0200,0058ff56-e9e2-4f32-86d7-71abbced9686,2026-09-23T16:45:00Z,2026-09-23T18:45:00+0200,3736.0,MW,ES,ES,forecast_onshore_wind_generation,Wind Onshore,2026-09-25T20:15:59Z
2026-09-25T20:14:32Z,2026-09-25T22:14:32+0200,0058ff56-e9e2-4f32-86d7-71abbced9686,2026-09-23T17:00:00Z,2026-09-23T19:00:00+0200,4072.0,MW,ES,ES,forecast_onshore_wind_generation,Wind Onshore,2026-09-25T20:15:59Z
2026-09-25T20:14:32Z,2026-09-25T22:14:32+0200,0058ff56-e9e2-4f32-86d7-71abbced9686,2026-09-23T17:15:00Z,2026-09-23T19:15:00+0200,4204.0,MW,ES,ES,forecast_onshore_wind_generation,Wind Onshore,2026-09-25T20:15:59Z
2026-09-25T20:14:32Z,2026-09-25T22:14:32+0200,0058ff56-e9e2-4f32-86d7-71abbced9686,2026-09-23T17:30:00Z,2026-09-23T19:30:00+0200,4312.0,MW,ES,ES,forecast_onshore_wind_generation,Wind Onshore,2026-09-25T20:15:59Z
2026-09-25T20:14:32Z,2026-09-25T22:14:32+0200,0058ff56-e9e2-4f32-86d7-71abbced9686,2026-09-23T17:45:00Z,2026-09-23T19:45:00+0200,4388.0,MW,ES,ES,forecast_onshore_wind_generation,Wind Onshore,2026-09-25T20:15:59Z
2026-09-25T20:14:32Z,2026-09-25T22:14:32+0200,0058ff56-e9e2-4f32-86d7-71abbced9686,2026-09-23T18:00:00Z,2026-09-23T20:00:00+0200,4539.0,MW,ES,ES,forecast_onshore_wind_generation,Wind Onshore,2026-09-25T20:15:59Z
2026-09-25T20:14:32Z,2026-09-25T22:14:32+0200,0058ff56-e9e2-4f32-86d7-71abbced9686,2026-09-23T18:15:00Z,2026-09-23T20:15:00+0200,4560.0,MW,ES,ES,forecast_onshore_wind_generation,Wind Onshore,2026-09-25T20:15:59Z
2026-09-25T20:14:32Z,2026-09-25T22:14:32+0200,0058ff56-e9e2-4f32-86d7-71abbced9686,2026-09-23T18:30:00Z,2026-09-23T20:30:00+0200,4554.0,MW,ES,ES,forecast_onshore_wind_generation,Wind Onshore,2026-09-25T20:15:59Z
2026-09-25T20:14:32Z,2026-09-25T22:14:32+0200,0058ff56-e9e2-4f32-86d7-71abbced9686,2026-09-23T18:45:00Z,2026-09-23T20:45:00+0200,4524.0,MW,ES,ES,forecast_onshore_wind_generation,Wind Onshore,2026-09-25T20:15:59Z
2026-09-25T20:14:32Z,2026-09-25T22:14:32+0200,0058ff56-e9e2-4f32-86d7-71abbced9686,2026-09-23T19:00:00Z,2026-09-23T21:00:00+0200,4475.0,MW,ES,ES,forecast_onshore_wind_generation,Wind Onshore,2026-09-25T20:15:59Z
2026-09-25T20:14:32Z,2026-09-25T22:14:32+0200,0058ff56-e9e2-4f32-86d7-71abbced9686,2026-09-23T19:15:00Z,2026-09-23T21:15:00+0200,4411.0,MW,ES,ES,forecast_onshore_wind_generation,Wind Onshore,2026-09-25T20:15:59Z
2026-09-25T20:14:32Z,2026-09-25T22:14:32+0200,0058ff56-e9e2-4f32-86d7-71abbced9686,2026-09-23T19:30:00Z,2026-09-23T21:30:00+0200,4335.0,MW,ES,ES,forecast_onshore_wind_generation,Wind Onshore,2026-09-25T20:15:59Z
2026-09-25T20:14:32Z,2026-09-25T22:14:32+0200,0058ff56-e9e2-4f32-86d7-71abbced9686,2026-09-23T19:45:00Z,2026-09-23T21:45:00+0200,4250.0,MW,ES,ES,forecast_onshore_wind_generation,Wind Onshore,2026-09-25T20:15:59Z
2026-09-25T20:14:32Z,2026-09-25T22:14:32+0200,0058ff56-e9e2-4f32-86d7-71abbced9686,2026-09-23T20:00:00Z,2026-09-23T22:00:00+0200,4143.0,MW,ES,ES,forecast_onshore_wind_generation,Wind Onshore,2026-09-25T20:15:59Z
2026-09-25T20:14:32Z,2026-09-25T22:14:32+0200,0058ff56-e9e2-4f32-86d7-71abbced9686,2026-09-23T20:15:00Z,2026-09-23T22:15:00+0200,4049.0,MW,ES,ES,forecast_onshore_wind_generation,Wind Onshore,2026-09-25T20:15:59Z
2026-09-25T20:14:32Z,2026-09-25T22:14:32+0200,0058ff56-e9e2-4f32-86d7-71abbced9686,2026-09-23T20:30:00Z,2026-09-23T22:30:00+0200,3953.0,MW,ES,ES,forecast_onshore_wind_generation,Wind Onshore,2026-09-25T20:15:59Z
2026-09-25T20:14:32Z,2026-09-25T22:14:32+0200,0058ff56-e9e2-4f32-86d7-71abbced9686,2026-09-23T20:45:00Z,2026-09-23T22:45:00+0200,3857.0,MW,ES,ES,forecast_onshore_wind_generation,Wind Onshore,2026-09-25T20:15:59Z
2026-09-25T20:14:32Z,2026-09-25T22:14:32+0200,0058ff56-e9e2-4f32-86d7-71abbced9686,2026-09-23T21:00:00Z,2026-09-23T23:00:00+0200,3734.0,MW,ES,ES,forecast_onshore_wind_generation,Wind Onshore,2026-09-25T20:15:59Z
2026-09-25T20:14:32Z,2026-09-25T22:14:32+0200,0058ff56-e9e2-4f32-86d7-71abbced9686,2026-09-23T21:15:00Z,2026-09-23T23:15:00+0200,3643.0,MW,ES,ES,forecast_onshore_wind_generation,Wind Onshore,2026-09-25T20:15:59Z
2026-09-25T20:14:32Z,2026-09-25T22:14:32+0200,0058ff56-e9e2-4f32-86d7-71abbced9686,2026-09-23T21:30:00Z,2026-09-23T23:30:00+0200,3556.0,MW,ES,ES,forecast_onshore_wind_generation,Wind Onshore,2026-09-25T20:15:59Z
2026-09-25T20:14:32Z,2026-09-25T22:14:32+0200,0058ff56-e9e2-4f32-86d7-71abbced9686,2026-09-23T21:45:00Z,2026-09-23T23:45:00+0200,3471.0,MW,ES,ES,forecast_onshore_wind_generation,Wind Onshore,2026-09-25T20:15:59Z
2026-09-25T20:14:32Z,2026-09-25T22:14:32+0200,0058ff56-e9e2-4f32-86d7-71abbced9686,2026-09-23T22:00:00Z,2026-09-24T00:00:00+0200,3504.0,MW,ES,ES,forecast_onshore_wind_generation,Wind Onshore,2026-09-25T20:15:59Z
2026-09-25T20:14:32Z,2026-09-25T22:14:32+0200,0058ff56-e9e2-4f32-86d7-71abbced9686,2026-09-23T22:15:00Z,2026-09-24T00:15:00+0200,3437.0,MW,ES,ES,forecast_onshore_wind_generation,Wind Onshore,2026-09-25T20:15:59Z
2026-09-25T20:14:32Z,2026-09-25T22:14:32+0200,0058ff56-e9e2-4f32-86d7-71abbced9686,2026-09-23T22:30:00Z,2026-09-24T00:30:00+0200,3352.0,MW,ES,ES,forecast_onshore_wind_generation,Wind Onshore,2026-09-25T20:15:59Z
2026-09-25T20:14:32Z,2026-09-25T22:14:32+0200,0058ff56-e9e2-4f32-86d7-71abbced9686,2026-09-23T22:45:00Z,2026-09-24T00:45:00+0200,3251.0,MW,ES,ES,forecast_onshore_wind_generation,Wind Onshore,2026-09-25T20:15:59Z
2026-09-25T20:14:32Z,2026-09-25T22:14:32+0200,0058ff56-e9e2-4f32-86d7-71abbced9686,2026-09-23T23:00:00Z,2026-09-24T01:00:00+0200,3162.0,MW,ES,ES,forecast_onshore_wind_generation,Wind Onshore,2026-09-25T20:15:59Z
2026-09-25T20:14:32Z,2026-09-25T22:14:32+0200,0058ff56-e9e2-4f32-86d7-71abbced9686,2026-09-23T23:15:00Z,2026-09-24T01:15:00+0200,3066.0,MW,ES,ES,forecast_onshore_wind_generation,Wind Onshore,2026-09-25T20:15:59Z
2026-09-25T20:14:32Z,2026-09-25T22:14:32+0200,0058ff56-e9e2-4f32-86d7-71abbced9686,2026-09-23T23:30:00Z,2026-09-24T01:30:00+0200,2984.0,MW,ES,ES,forecast_onshore_wind_generation,Wind Onshore,2026-09-25T20:15:59Z
2026-09-25T20:14:32Z,2026-09-25T22:14:32+0200,0058ff56-e9e2-4f32-86d7-71abbced9686,2026-09-23T23:45:00Z,2026-09-24T01:45:00+0200,2918.0,MW,ES,ES,forecast_onshore_wind_generation,Wind Onshore,2026-09-25T20:15:59Z
2026-09-25T20:14:32Z,2026-09-25T22:14:32+0200,0058ff56-e9e2-4f32-86d7-71abbced9686,2026-09-24T00:00:00Z,2026-09-24T02:00:00+0200,2841.0,MW,ES,ES,forecast_onshore_wind_generation,Wind Onshore,2026-09-25T20:15:59Z
2026-09-25T20:14:32Z,2026-09-25T22:14:32+0200,0058ff56-e9e2-4f32-86d7-71abbced9686,2026-09-24T00:15:00Z,2026-09-24T02:15:00+0200,2805.0,MW,ES,ES,forecast_onshore_wind_generation,Wind Onshore,2026-09-25T20:15:59Z
2026-09-25T20:14:32Z,2026-09-25T22:14:32+0200,0058ff56-e9e2-4f32-86d7-71abbced9686,2026-09-24T00:30:00Z,2026-09-24T02:30:00+0200,2784.0,MW,ES,ES,forecast_onshore_wind_generation,Wind Onshore,2026-09-25T20:15:59Z
2026-09-25T20:14:32Z,2026-09-25T22:14:32+0200,0058ff56-e9e2-4f32-86d7-71abbced9686,2026-09-24T00:45:00Z,2026-09-24T02:45:00+0200,2771.0,MW,ES,ES,forecast_onshore_wind_generation,Wind Onshore,2026-09-25T20:15:59Z
2026-09-25T20:14:32Z,2026-09-25T22:14:32+0200,0058ff56-e9e2-4f32-86d7-71abbced9686,2026-09-24T01:00:00Z,2026-09-24T03:00:00+0200,2753.0,MW,ES,ES,forecast_onshore_wind_generation,Wind Onshore,2026-09-25T20:15:59Z
2026-09-25T20:14:32Z,2026-09-25T22:14:32+0200,0058ff56-e9e2-4f32-86d7-71abbced9686,2026-09-24T01:15:00Z,2026-09-24T03:15:00+0200,2746.0,MW,ES,ES,forecast_onshore_wind_generation,Wind Onshore,2026-09-25T20:15:59Z
2026-09-25T20:14:32Z,2026-09-25T22:14:32+0200,0058ff56-e9e2-4f32-86d7-71abbced9686,2026-09-24T01:30:00Z,2026-09-24T03:30:00+0200,2735.0,MW,ES,ES,forecast_onshore_wind_generation,Wind Onshore,2026-09-25T20:15:59Z
2026-09-25T20:14:32Z,2026-09-25T22:14:32+0200,0058ff56-e9e2-4f32-86d7-71abbced9686,2026-09-24T01:45:00Z,2026-09-24T03:45:00+0200,2722.0,MW,ES,ES,forecast_onshore_wind_generation,Wind Onshore,2026-09-25T20:15:59Z
2026-09-25T20:14:32Z,2026-09-25T22:14:32+0200,0058ff56-e9e2-4f32-86d7-71abbced9686,2026-09-24T02:00:00Z,2026-09-24T04:00:00+0200,2696.0,MW,ES,ES,forecast_onshore_wind_generation,Wind Onshore,2026-09-25T20:15:59Z
2026-09-25T20:14:32Z,2026-09-25T22:14:32+0200,0058ff56-e9e2-4f32-86d7-71abbced9686,2026-09-24T02:15:00Z,2026-09-24T04:15:00+0200,2689.0,MW,ES,ES,forecast_onshore_wind_generation,Wind Onshore,2026-09-25T20:15:59Z
2026-09-25T20:14:32Z,2026-09-25T22:14:32+0200,0058ff56-e9e2-4f32-86d7-71abbced9686,2026-09-24T02:30:00Z,2026-09-24T04:30:00+0200,2688.0,MW,ES,ES,forecast_onshore_wind_generation,Wind Onshore,2026-09-25T20:15:59Z
2026-09-25T20:14:32Z,2026-09-25T22:14:32+0200,0058ff56-e9e2-4f32-86d7-71abbced9686,2026-09-24T02:45:00Z,2026-09-24T04:45:00+0200,2692.0,MW,ES,ES,forecast_onshore_wind_generation,Wind Onshore,2026-09-25T20:15:59Z
2026-09-25T20:14:32Z,2026-09-25T22:14:32+0200,0058ff56-e9e2-4f32-86d7-71abbced9686,2026-09-24T03:00:00Z,2026-09-24T05:00:00+0200,2700.0,MW,ES,ES,forecast_onshore_wind_generation,Wind Onshore,2026-09-25T20:15:59Z
2026-09-25T20:14:32Z,2026-09-25T22:14:32+0200,0058ff56-e9e2-4f32-86d7-71abbced9686,2026-09-24T03:15:00Z,2026-09-24T05:15:00+0200,2708.0,MW,ES,ES,forecast_onshore_wind_generation,Wind Onshore,2026-09-25T20:15:59Z
2026-09-25T20:14:32Z,2026-09-25T22:14:32+0200,0058ff56-e9e2-4f32-86d7-71abbced9686,2026-09-24T03:30:00Z,2026-09-24T05:30:00+0200,2714.0,MW,ES,ES,forecast_onshore_wind_generation,Wind Onshore,2026-09-25T20:15:59Z
2026-09-25T20:14:32Z,2026-09-25T22:14:32+0200,0058ff56-e9e2-4f32-86d7-71abbced9686,2026-09-24T03:45:00Z,2026-09-24T05:45:00+0200,2718.0,MW,ES,ES,forecast_onshore_wind_generation,Wind Onshore,2026-09-25T20:15:59Z
2026-09-25T20:14:32Z,2026-09-25T22:14:32+0200,0058ff56-e9e2-4f32-86d7-71abbced9686,2026-09-24T04:00:00Z,2026-09-24T06:00:00+0200,2725.0,MW,ES,ES,forecast_onshore_wind_generation,Wind Onshore,2026-09-25T20:15:59Z
2026-09-25T20:14:32Z,2026-09-25T22:14:32+0200,0058ff56-e9e2-4f32-86d7-71abbced9686,2026-09-24T04:15:00Z,2026-09-24T06:15:00+0200,2720.0,MW,ES,ES,forecast_onshore_wind_generation,Wind Onshore,2026-09-25T20:15:59Z
2026-09-25T20:14:32Z,2026-09-25T22:14:32+0200,0058ff56-e9e2-4f32-86d7-71abbced9686,2026-09-24T04:30:00Z,2026-09-24T06:30:00+0200,2709.0,MW,ES,ES,forecast_onshore_wind_generation,Wind Onshore,2026-09-25T20:15:59Z
2026-09-25T20:14:32Z,2026-09-25T22:14:32+0200,0058ff56-e9e2-4f32-86d7-71abbced9686,2026-09-24T04:45:00Z,2026-09-24T06:45:00+0200,2690.0,MW,ES,ES,forecast_onshore_wind_generation,Wind Onshore,2026-09-25T20:15:59Z
2026-09-25T20:14:32Z,2026-09-25T22:14:32+0200,0058ff56-e9e2-4f32-86d7-71abbced9686,2026-09-24T05:00:00Z,2026-09-24T07:00:00+0200,2676.0,MW,ES,ES,forecast_onshore_wind_generation,Wind Onshore,2026-09-25T20:15:59Z
2026-09-25T20:14:32Z,2026-09-25T22:14:32+0200,0058ff56-e9e2-4f32-86d7-71abbced9686,2026-09-24T05:15:00Z,2026-09-24T07:15:00+0200,2637.0,MW,ES,ES,forecast_onshore_wind_generation,Wind Onshore,2026-09-25T20:15:59Z
2026-09-25T20:14:32Z,2026-09-25T22:14:32+0200,0058ff56-e9e2-4f32-86d7-71abbced9686,2026-09-24T05:30:00Z,2026-09-24T07:30:00+0200,2588.0,MW,ES,ES,forecast_onshore_wind_generation,Wind Onshore,2026-09-25T20:15:59Z
2026-09-25T20:14:32Z,2026-09-25T22:14:32+0200,0058ff56-e9e2-4f32-86d7-71abbced9686,2026-09-24T05:45:00Z,2026-09-24T07:45:00+0200,2527.0,MW,ES,ES,forecast_onshore_wind_generation,Wind Onshore,2026-09-25T20:15:59Z
2026-09-25T20:14:32Z,2026-09-25T22:14:32+0200,0058ff56-e9e2-4f32-86d7-71abbced9686,2026-09-24T06:00:00Z,2026-09-24T08:00:00+0200,2469.0,MW,ES,ES,forecast_onshore_wind_generation,Wind Onshore,2026-09-25T20:15:59Z
2026-09-25T20:14:32Z,2026-09-25T22:14:32+0200,0058ff56-e9e2-4f32-86d7-71abbced9686,2026-09-24T06:15:00Z,2026-09-24T08:15:00+0200,2392.0,MW,ES,ES,forecast_onshore_wind_generation,Wind Onshore,2026-09-25T20:15:59Z
2026-09-25T20:14:32Z,2026-09-25T22:14:32+0200,0058ff56-e9e2-4f32-86d7-71abbced9686,2026-09-24T06:30:00Z,2026-09-24T08:30:00+0200,2192.0,MW,ES,ES,forecast_onshore_wind_generation,Wind Onshore,2026-09-25T20:15:59Z
2026-09-25T20:14:32Z,2026-09-25T22:14:32+0200,0058ff56-e9e2-4f32-86d7-71abbced9686,2026-09-24T06:45:00Z,2026-09-24T08:45:00+0200,2109.0,MW,ES,ES,forecast_onshore_wind_generation,Wind Onshore,2026-09-25T20:15:59Z
2026-09-25T20:14:32Z,2026-09-25T22:14:32+0200,0058ff56-e9e2-4f32-86d7-71abbced9686,2026-09-24T07:00:00Z,2026-09-24T09:00:00+0200,1999.0,MW,ES,ES,forecast_onshore_wind_generation,Wind Onshore,2026-09-25T20:15:59Z
2026-09-25T20:14:32Z,2026-09-25T22:14:32+0200,0058ff56-e9e2-4f32-86d7-71abbced9686,2026-09-24T07:15:00Z,2026-09-24T09:15:00+0200,1925.0,MW,ES,ES,forecast_onshore_wind_generation,Wind Onshore,2026-09-25T20:15:59Z
2026-09-25T20:14:32Z,2026-09-25T22:14:32+0200,0058ff56-e9e2-4f32-86d7-71abbced9686,2026-09-24T07:30:00Z,2026-09-24T09:30:00+0200,1831.0,MW,ES,ES,forecast_onshore_wind_generation,Wind Onshore,2026-09-25T20:15:59Z
2026-09-25T20:14:32Z,2026-09-25T22:14:32+0200,0058ff56-e9e2-4f32-86d7-71abbced9686,2026-09-24T07:45:00Z,2026-09-24T09:45:00+0200,1732.0,MW,ES,ES,forecast_onshore_wind_generation,Wind Onshore,2026-09-25T20:15:59Z
2026-09-25T20:14:32Z,2026-09-25T22:14:32+0200,0058ff56-e9e2-4f32-86d7-71abbced9686,2026-09-24T08:00:00Z,2026-09-24T10:00:00+0200,1601.0,MW,ES,ES,forecast_onshore_wind_generation,Wind Onshore,2026-09-25T20:15:59Z
2026-09-25T20:14:32Z,2026-09-25T22:14:32+0200,0058ff56-e9e2-4f32-86d7-71abbced9686,2026-09-24T08:15:00Z,2026-09-24T10:15:00+0200,1520.0,MW,ES,ES,forecast_onshore_wind_generation,Wind Onshore,2026-09-25T20:15:59Z
2026-09-25T20:14:32Z,2026-09-25T22:14:32+0200,0058ff56-e9e2-4f32-86d7-71abbced9686,2026-09-24T08:30:00Z,2026-09-24T10:30:00+0200,1434.0,MW,ES,ES,forecast_onshore_wind_generation,Wind Onshore,2026-09-25T20:15:59Z
2026-09-25T20:14:32Z,2026-09-25T22:14:32+0200,0058ff56-e9e2-4f32-86d7-71abbced9686,2026-09-24T08:45:00Z,2026-09-24T10:45:00+0200,1392.0,MW,ES,ES,forecast_onshore_wind_generation,Wind Onshore,2026-09-25T20:15:59Z
2026-09-25T20:14:32Z,2026-09-25T22:14:32+0200,0058ff56-e9e2-4f32-86d7-71abbced9686,2026-09-24T09:00:00Z,2026-09-24T11:00:00+0200,1375.0,MW,ES,ES,forecast_onshore_wind_generation,Wind Onshore,2026-09-25T20:15:59Z
2026-09-25T20:14:32Z,2026-09-25T22:14:32+0200,0058ff56-e9e2-4f32-86d7-71abbced9686,2026-09-24T09:15:00Z,2026-09-24T11:15:00+0200,1356.0,MW,ES,ES,forecast_onshore_wind_generation,Wind Onshore,2026-09-25T20:15:59Z
2026-09-25T20:14:32Z,2026-09-25T22:14:32+0200,0058ff56-e9e2-4f32-86d7-71abbced9686,2026-09-24T09:30:00Z,2026-09-24T11:30:00+0200,1350.0,MW,ES,ES,forecast_onshore_wind_generation,Wind Onshore,2026-09-25T20:15:59Z
2026-09-25T20:14:32Z,2026-09-25T22:14:32+0200,0058ff56-e9e2-4f32-86d7-71abbced9686,2026-09-24T09:45:00Z,2026-09-24T11:45:00+0200,1352.0,MW,ES,ES,forecast_onshore_wind_generation,Wind Onshore,2026-09-25T20:15:59Z
2026-09-25T20:14:32Z,2026-09-25T22:14:32+0200,0058ff56-e9e2-4f32-86d7-71abbced9686,2026-09-24T10:00:00Z,2026-09-24T12:00:00+0200,1426.0,MW,ES,ES,forecast_onshore_wind_generation,Wind Onshore,2026-09-25T20:15:59Z
2026-09-25T20:14:32Z,2026-09-25T22:14:32+0200,0058ff56-e9e2-4f32-86d7-71abbced9686,2026-09-24T10:15:00Z,2026-09-24T12:15:00+0200,1438.0,MW,ES,ES,forecast_onshore_wind_generation,Wind Onshore,2026-09-25T20:15:59Z
2026-09-25T20:14:32Z,2026-09-25T22:14:32+0200,0058ff56-e9e2-4f32-86d7-71abbced9686,2026-09-24T10:30:00Z,2026-09-24T12:30:00+0200,1449.0,MW,ES,ES,forecast_onshore_wind_generation,Wind Onshore,2026-09-25T20:15:59Z
2026-09-25T20:14:32Z,2026-09-25T22:14:32+0200,0058ff56-e9e2-4f32-86d7-71abbced9686,2026-09-24T10:45:00Z,2026-09-24T12:45:00+0200,1468.0,MW,ES,ES,forecast_onshore_wind_generation,Wind Onshore,2026-09-25T20:15:59Z
2026-09-25T20:14:32Z,2026-09-25T22:14:32+0200,0058ff56-e9e2-4f32-86d7-71abbced9686,2026-09-24T11:00:00Z,2026-09-24T13:00:00+0200,1581.0,MW,ES,ES,forecast_onshore_wind_generation,Wind Onshore,2026-09-25T20:15:59Z
2026-09-25T20:14:32Z,2026-09-25T22:14:32+0200,0058ff56-e9e2-4f32-86d7-71abbced9686,2026-09-24T11:15:00Z,2026-09-24T13:15:00+0200,1597.0,MW,ES,ES,forecast_onshore_wind_generation,Wind Onshore,2026-09-25T20:15:59Z
2026-09-25T20:14:32Z,2026-09-25T22:14:32+0200,0058ff56-e9e2-4f32-86d7-71abbced9686,2026-09-24T11:30:00Z,2026-09-24T13:30:00+0200,1616.0,MW,ES,ES,forecast_onshore_wind_generation,Wind Onshore,2026-09-25T20:15:59Z
2026-09-25T20:14:32Z,2026-09-25T22:14:32+0200,0058ff56-e9e2-4f32-86d7-71abbced9686,2026-09-24T11:45:00Z,2026-09-24T13:45:00+0200,1616.0,MW,ES,ES,forecast_onshore_wind_generation,Wind Onshore,2026-09-25T20:15:59Z
2026-09-25T20:14:32Z,2026-09-25T22:14:32+0200,0058ff56-e9e2-4f32-86d7-71abbced9686,2026-09-24T12:00:00Z,2026-09-24T14:00:00+0200,1690.0,MW,ES,ES,forecast_onshore_wind_generation,Wind Onshore,2026-09-25T20:15:59Z
2026-09-25T20:14:32Z,2026-09-25T22:14:32+0200,0058ff56-e9e2-4f32-86d7-71abbced9686,2026-09-24T12:15:00Z,2026-09-24T14:15:00+0200,1708.0,MW,ES,ES,forecast_onshore_wind_generation,Wind Onshore,2026-09-25T20:15:59Z
2026-09-25T20:14:32Z,2026-09-25T22:14:32+0200,0058ff56-e9e2-4f32-86d7-71abbced9686,2026-09-24T12:30:00Z,2026-09-24T14:30:00+0200,1725.0,MW,ES,ES,forecast_onshore_wind_generation,Wind Onshore,2026-09-25T20:15:59Z
2026-09-25T20:14:32Z,2026-09-25T22:14:32+0200,0058ff56-e9e2-4f32-86d7-71abbced9686,2026-09-24T12:45:00Z,2026-09-24T14:45:00+0200,1740.0,MW,ES,ES,forecast_onshore_wind_generation,Wind Onshore,2026-09-25T20:15:59Z
2026-09-25T20:14:32Z,2026-09-25T22:14:32+0200,0058ff56-e9e2-4f32-86d7-71abbced9686,2026-09-24T13:00:00Z,2026-09-24T15:00:00+0200,1798.0,MW,ES,ES,forecast_onshore_wind_generation,Wind Onshore,2026-09-25T20:15:59Z
2026-09-25T20:14:32Z,2026-09-25T22:14:32+0200,0058ff56-e9e2-4f32-86d7-71abbced9686,2026-09-24T13:15:00Z,2026-09-24T15:15:00+0200,1816.0,MW,ES,ES,forecast_onshore_wind_generation,Wind Onshore,2026-09-25T20:15:59Z
2026-09-25T20:14:32Z,2026-09-25T22:14:32+0200,0058ff56-e9e2-4f32-86d7-71abbced9686,2026-09-24T13:30:00Z,2026-09-24T15:30:00+0200,1836.0,MW,ES,ES,forecast_onshore_wind_generation,Wind Onshore,2026-09-25T20:15:59Z
2026-09-25T20:14:32Z,2026-09-25T22:14:32+0200,0058ff56-e9e2-4f32-86d7-71abbced9686,2026-09-24T13:45:00Z,2026-09-24T15:45:00+0200,1820.0,MW,ES,ES,forecast_onshore_wind_generation,Wind Onshore,2026-09-25T20:15:59Z
2026-09-25T20:14:32Z,2026-09-25T22:14:32+0200,0058ff56-e9e2-4f32-86d7-71abbced9686,2026-09-24T14:00:00Z,2026-09-24T16:00:00+0200,1850.0,MW,ES,ES,forecast_onshore_wind_generation,Wind Onshore,2026-09-25T20:15:59Z
2026-09-25T20:14:32Z,2026-09-25T22:14:32+0200,0058ff56-e9e2-4f32-86d7-71abbced9686,2026-09-24T14:15:00Z,2026-09-24T16:15:00+0200,1876.0,MW,ES,ES,forecast_onshore_wind_generation,Wind Onshore,2026-09-25T20:15:59Z
2026-09-25T20:14:32Z,2026-09-25T22:14:32+0200,0058ff56-e9e2-4f32-86d7-71abbced9686,2026-09-24T14:30:00Z,2026-09-24T16:30:00+0200,1899.0,MW,ES,ES,forecast_onshore_wind_generation,Wind Onshore,2026-09-25T20:15:59Z
2026-09-25T20:14:32Z,2026-09-25T22:14:32+0200,0058ff56-e9e2-4f32-86d7-71abbced9686,2026-09-24T14:45:00Z,2026-09-24T16:45:00+0200,1921.0,MW,ES,ES,forecast_onshore_wind_generation,Wind Onshore,2026-09-25T20:15:59Z
2026-09-25T20:14:32Z,2026-09-25T22:14:32+0200,0058ff56-e9e2-4f32-86d7-71abbced9686,2026-09-24T15:00:00Z,2026-09-24T17:00:00+0200,1986.0,MW,ES,ES,forecast_onshore_wind_generation,Wind Onshore,2026-09-25T20:15:59Z
2026-09-25T20:14:32Z,2026-09-25T22:14:32+0200,0058ff56-e9e2-4f32-86d7-71abbced9686,2026-09-24T15:15:00Z,2026-09-24T17:15:00+0200,2022.0,MW,ES,ES,forecast_onshore_wind_generation,Wind Onshore,2026-09-25T20:15:59Z
2026-09-25T20:14:32Z,2026-09-25T22:14:32+0200,0058ff56-e9e2-4f32-86d7-71abbced9686,2026-09-24T15:30:00Z,2026-09-24T17:30:00+0200,2059.0,MW,ES,ES,forecast_onshore_wind_generation,Wind Onshore,2026-09-25T20:15:59Z
2026-09-25T20:14:32Z,2026-09-25T22:14:32+0200,0058ff56-e9e2-4f32-86d7-71abbced9686,2026-09-24T15:45:00Z,2026-09-24T17:45:00+0200,2105.0,MW,ES,ES,forecast_onshore_wind_generation,Wind Onshore,2026-09-25T20:15:59Z
2026-09-25T20:14:32Z,2026-09-25T22:14:32+0200,0058ff56-e9e2-4f32-86d7-71abbced9686,2026-09-24T16:00:00Z,2026-09-24T18:00:00+0200,2218.0,MW,ES,ES,forecast_onshore_wind_generation,Wind Onshore,2026-09-25T20:15:59Z
2026-09-25T20:14:32Z,2026-09-25T22:14:32+0200,0058ff56-e9e2-4f32-86d7-71abbced9686,2026-09-24T16:15:00Z,2026-09-24T18:15:00+0200,2287.0,MW,ES,ES,forecast_onshore_wind_generation,Wind Onshore,2026-09-25T20:15:59Z
2026-09-25T20:14:32Z,2026-09-25T22:14:32+0200,0058ff56-e9e2-4f32-86d7-71abbced9686,2026-09-24T16:30:00Z,2026-09-24T18:30:00+0200,2380.0,MW,ES,ES,forecast_onshore_wind_generation,Wind Onshore,2026-09-25T20:15:59Z
2026-09-25T20:14:32Z,2026-09-25T22:14:32+0200,0058ff56-e9e2-4f32-86d7-71abbced9686,2026-09-24T16:45:00Z,2026-09-24T18:45:00+0200,2436.0,MW,ES,ES,forecast_onshore_wind_generation,Wind Onshore,2026-09-25T20:15:59Z
2026-09-25T20:14:32Z,2026-09-25T22:14:32+0200,0058ff56-e9e2-4f32-86d7-71abbced9686,2026-09-24T17:00:00Z,2026-09-24T19:00:00+0200,2463.0,MW,ES,ES,forecast_onshore_wind_generation,Wind Onshore,2026-09-25T20:15:59Z
2026-09-25T20:14:32Z,2026-09-25T22:14:32+0200,0058ff56-e9e2-4f32-86d7-71abbced9686,2026-09-24T17:15:00Z,2026-09-24T19:15:00+0200,2505.0,MW,ES,ES,forecast_onshore_wind_generation,Wind Onshore,2026-09-25T20:15:59Z
2026-09-25T20:14:32Z,2026-09-25T22:14:32+0200,0058ff56-e9e2-4f32-86d7-71abbced9686,2026-09-24T17:30:00Z,2026-09-24T19:30:00+0200,2556.0,MW,ES,ES,forecast_onshore_wind_generation,Wind Onshore,2026-09-25T20:15:59Z
2026-09-25T20:14:32Z,2026-09-25T22:14:32+0200,0058ff56-e9e2-4f32-86d7-71abbced9686,2026-09-24T17:45:00Z,2026-09-24T19:45:00+0200,2592.0,MW,ES,ES,forecast_onshore_wind_generation,Wind Onshore,2026-09-25T20:15:59Z
2026-09-25T20:14:32Z,2026-09-25T22:14:32+0200,0058ff56-e9e2-4f32-86d7-71abbced9686,2026-09-24T18:00:00Z,2026-09-24T20:00:00+0200,2695.0,MW,ES,ES,forecast_onshore_wind_generation,Wind Onshore,2026-09-25T20:15:59Z
2026-09-25T20:14:32Z,2026-09-25T22:14:32+0200,0058ff56-e9e2-4f32-86d7-71abbced9686,2026-09-24T18:15:00Z,2026-09-24T20:15:00+0200,2730.0,MW,ES,ES,forecast_onshore_wind_generation,Wind Onshore,2026-09-25T20:15:59Z
2026-09-25T20:14:32Z,2026-09-25T22:14:32+0200,0058ff56-e9e2-4f32-86d7-71abbced9686,2026-09-24T18:30:00Z,2026-09-24T20:30:00+0200,2769.0,MW,ES,ES,forecast_onshore_wind_generation,Wind Onshore,2026-09-25T20:15:59Z
2026-09-25T20:14:32Z,2026-09-25T22:14:32+0200,0058ff56-e9e2-4f32-86d7-71abbced9686,2026-09-24T18:45:00Z,2026-09-24T20:45:00+0200,2804.0,MW,ES,ES,forecast_onshore_wind_generation,Wind Onshore,2026-09-25T20:15:59Z
2026-09-25T20:14:32Z,2026-09-25T22:14:32+0200,0058ff56-e9e2-4f32-86d7-71abbced9686,2026-09-24T19:00:00Z,2026-09-24T21:00:00+0200,2851.0,MW,ES,ES,forecast_onshore_wind_generation,Wind Onshore,2026-09-25T20:15:59Z
2026-09-25T20:14:32Z,2026-09-25T22:14:32+0200,0058ff56-e9e2-4f32-86d7-71abbced9686,2026-09-24T19:15:00Z,2026-09-24T21:15:00+0200,2873.0,MW,ES,ES,forecast_onshore_wind_generation,Wind Onshore,2026-09-25T20:15:59Z
2026-09-25T20:14:32Z,2026-09-25T22:14:32+0200,0058ff56-e9e2-4f32-86d7-71abbced9686,2026-09-24T19:30:00Z,2026-09-24T21:30:00+0200,2885.0,MW,ES,ES,forecast_onshore_wind_generation,Wind Onshore,2026-09-25T20:15:59Z
2026-09-25T20:14:32Z,2026-09-25T22:14:32+0200,0058ff56-e9e2-4f32-86d7-71abbced9686,2026-09-24T19:45:00Z,2026-09-24T21:45:00+0200,2887.0,MW,ES,ES,forecast_onshore_wind_generation,Wind Onshore,2026-09-25T20:15:59Z
2026-09-25T20:14:32Z,2026-09-25T22:14:32+0200,0058ff56-e9e2-4f32-86d7-71abbced9686,2026-09-24T20:00:00Z,2026-09-24T22:00:00+0200,2882.0,MW,ES,ES,forecast_onshore_wind_generation,Wind Onshore,2026-09-25T20:15:59Z
2026-09-25T20:14:32Z,2026-09-25T22:14:32+0200,0058ff56-e9e2-4f32-86d7-71abbced9686,2026-09-24T20:15:00Z,2026-09-24T22:15:00+0200,2885.0,MW,ES,ES,forecast_onshore_wind_generation,Wind Onshore,2026-09-25T20:15:59Z
2026-09-25T20:14:32Z,2026-09-25T22:14:32+0200,0058ff56-e9e2-4f32-86d7-71abbced9686,2026-09-24T20:30:00Z,2026-09-24T22:30:00+0200,2892.0,MW,ES,ES,forecast_onshore_wind_generation,Wind Onshore,2026-09-25T20:15:59Z
2026-09-25T20:14:32Z,2026-09-25T22:14:32+0200,0058ff56-e9e2-4f32-86d7-71abbced9686,2026-09-24T20:45:00Z,2026-09-24T22:45:00+0200,2899.0,MW,ES,ES,forecast_onshore_wind_generation,Wind Onshore,2026-09-25T20:15:59Z
2026-09-25T20:14:32Z,2026-09-25T22:14:32+0200,0058ff56-e9e2-4f32-86d7-71abbced9686,2026-09-24T21:00:00Z,2026-09-24T23:00:00+0200,2929.0,MW,ES,ES,forecast_onshore_wind_generation,Wind Onshore,2026-09-25T20:15:59Z
2026-09-25T20:14:32Z,2026-09-25T22:14:32+0200,0058ff56-e9e2-4f32-86d7-71abbced9686,2026-09-24T21:15:00Z,2026-09-24T23:15:00+0200,2921.0,MW,ES,ES,forecast_onshore_wind_generation,Wind Onshore,2026-09-25T20:15:59Z
2026-09-25T20:14:32Z,2026-09-25T22:14:32+0200,0058ff56-e9e2-4f32-86d7-71abbced9686,2026-09-24T21:30:00Z,2026-09-24T23:30:00+0200,2898.0,MW,ES,ES,forecast_onshore_wind_generation,Wind Onshore,2026-09-25T20:15:59Z
2026-09-25T20:14:32Z,2026-09-25T22:14:32+0200,0058ff56-e9e2-4f32-86d7-71abbced9686,2026-09-24T21:45:00Z,2026-09-24T23:45:00+0200,2860.0,MW,ES,ES,forecast_onshore_wind_generation,Wind Onshore,2026-09-25T20:15:59Z
2026-09-25T20:14:32Z,2026-09-25T22:14:32+0200,0058ff56-e9e2-4f32-86d7-71abbced9686,2026-09-24T22:00:00Z,2026-09-25T00:00:00+0200,2850.0,MW,ES,ES,forecast_onshore_wind_generation,Wind Onshore,2026-09-25T20:15:59Z
2026-09-25T20:14:32Z,2026-09-25T22:14:32+0200,0058ff56-e9e2-4f32-86d7-71abbced9686,2026-09-24T22:15:00Z,2026-09-25T00:15:00+0200,2766.0,MW,ES,ES,forecast_onshore_wind_generation,Wind Onshore,2026-09-25T20:15:59Z
2026-09-25T20:14:32Z,2026-09-25T22:14:32+0200,0058ff56-e9e2-4f32-86d7-71abbced9686,2026-09-24T22:30:00Z,2026-09-25T00:30:00+0200,2672.0,MW,ES,ES,forecast_onshore_wind_generation,Wind Onshore,2026-09-25T20:15:59Z
2026-09-25T20:14:32Z,2026-09-25T22:14:32+0200,0058ff56-e9e2-4f32-86d7-71abbced9686,2026-09-24T22:45:00Z,2026-09-25T00:45:00+0200,2578.0,MW,ES,ES,forecast_onshore_wind_generation,Wind Onshore,2026-09-25T20:15:59Z
2026-09-25T20:14:32Z,2026-09-25T22:14:32+0200,0058ff56-e9e2-4f32-86d7-71abbced9686,2026-09-24T23:00:00Z,2026-09-25T01:00:00+0200,2456.0,MW,ES,ES,forecast_onshore_wind_generation,Wind Onshore,2026-09-25T20:15:59Z
2026-09-25T20:14:32Z,2026-09-25T22:14:32+0200,0058ff56-e9e2-4f32-86d7-71abbced9686,2026-09-24T23:15:00Z,2026-09-25T01:15:00+0200,2389.0,MW,ES,ES,forecast_onshore_wind_generation,Wind Onshore,2026-09-25T20:15:59Z
2026-09-25T20:14:32Z,2026-09-25T22:14:32+0200,0058ff56-e9e2-4f32-86d7-71abbced9686,2026-09-24T23:30:00Z,2026-09-25T01:30:00+0200,2345.0,MW,ES,ES,forecast_onshore_wind_generation,Wind Onshore,2026-09-25T20:15:59Z
2026-09-25T20:14:32Z,2026-09-25T22:14:32+0200,0058ff56-e9e2-4f32-86d7-71abbced9686,2026-09-24T23:45:00Z,2026-09-25T01:45:00+0200,2320.0,MW,ES,ES,forecast_onshore_wind_generation,Wind Onshore,2026-09-25T20:15:59Z
2026-09-25T20:14:32Z,2026-09-25T22:14:32+0200,0058ff56-e9e2-4f32-86d7-71abbced9686,2026-09-25T00:00:00Z,2026-09-25T02:00:00+0200,2303.0,MW,ES,ES,forecast_onshore_wind_generation,Wind Onshore,2026-09-25T20:15:59Z
2026-09-25T20:14:32Z,2026-09-25T22:14:32+0200,0058ff56-e9e2-4f32-86d7-71abbced9686,2026-09-25T00:15:00Z,2026-09-25T02:15:00+0200,2293.0,MW,ES,ES,forecast_onshore_wind_generation,Wind Onshore,2026-09-25T20:15:59Z
2026-09-25T20:14:32Z,2026-09-25T22:14:32+0200,0058ff56-e9e2-4f32-86d7-71abbced9686,2026-09-25T00:30:00Z,2026-09-25T02:30:00+0200,2279.0,MW,ES,ES,forecast_onshore_wind_generation,Wind Onshore,2026-09-25T20:15:59Z
2026-09-25T20:14:32Z,2026-09-25T22:14:32+0200,0058ff56-e9e2-4f32-86d7-71abbced9686,2026-09-25T00:45:00Z,2026-09-25T02:45:00+0200,2264.0,MW,ES,ES,forecast_onshore_wind_generation,Wind Onshore,2026-09-25T20:15:59Z
2026-09-25T20:14:32Z,2026-09-25T22:14:32+0200,0058ff56-e9e2-4f32-86d7-71abbced9686,2026-09-25T01:00:00Z,2026-09-25T03:00:00+0200,2242.0,MW,ES,ES,forecast_onshore_wind_generation,Wind Onshore,2026-09-25T20:15:59Z
2026-09-25T20:14:32Z,2026-09-25T22:14:32+0200,0058ff56-e9e2-4f32-86d7-71abbced9686,2026-09-25T01:15:00Z,2026-09-25T03:15:00+0200,2232.0,MW,ES,ES,forecast_onshore_wind_generation,Wind Onshore,2026-09-25T20:15:59Z
2026-09-25T20:14:32Z,2026-09-25T22:14:32+0200,0058ff56-e9e2-4f32-86d7-71abbced9686,2026-09-25T01:30:00Z,2026-09-25T03:30:00+0200,2226.0,MW,ES,ES,forecast_onshore_wind_generation,Wind Onshore,2026-09-25T20:15:59Z
2026-09-25T20:14:32Z,2026-09-25T22:14:32+0200,0058ff56-e9e2-4f32-86d7-71abbced9686,2026-09-25T01:45:00Z,2026-09-25T03:45:00+0200,2225.0,MW,ES,ES,forecast_onshore_wind_generation,Wind Onshore,2026-09-25T20:15:59Z
2026-09-25T20:14:32Z,2026-09-25T22:14:32+0200,0058ff56-e9e2-4f32-86d7-71abbced9686,2026-09-25T02:00:00Z,2026-09-25T04:00:00+0200,2228.0,MW,ES,ES,forecast_onshore_wind_generation,Wind Onshore,2026-09-25T20:15:59Z
2026-09-25T20:14:32Z,2026-09-25T22:14:32+0200,0058ff56-e9e2-4f32-86d7-71abbced9686,2026-09-25T02:15:00Z,2026-09-25T04:15:00+0200,2230.0,MW,ES,ES,forecast_onshore_wind_generation,Wind Onshore,2026-09-25T20:15:59Z
2026-09-25T20:14:32Z,2026-09-25T22:14:32+0200,0058ff56-e9e2-4f32-86d7-71abbced9686,2026-09-25T02:30:00Z,2026-09-25T04:30:00+0200,2232.0,MW,ES,ES,forecast_onshore_wind_generation,Wind Onshore,2026-09-25T20:15:59Z
2026-09-25T20:14:32Z,2026-09-25T22:14:32+0200,0058ff56-e9e2-4f32-86d7-71abbced9686,2026-09-25T02:45:00Z,2026-09-25T04:45:00+0200,2233.0,MW,ES,ES,forecast_onshore_wind_generation,Wind Onshore,2026-09-25T20:15:59Z
2026-09-25T20:14:32Z,2026-09-25T22:14:32+0200,0058ff56-e9e2-4f32-86d7-71abbced9686,2026-09-25T03:00:00Z,2026-09-25T05:00:00+0200,2231.0,MW,ES,ES,forecast_onshore_wind_generation,Wind Onshore,2026-09-25T20:15:59Z
2026-09-25T20:14:32Z,2026-09-25T22:14:32+0200,0058ff56-e9e2-4f32-86d7-71abbced9686,2026-09-25T03:15:00Z,2026-09-25T05:15:00+0200,2232.0,MW,ES,ES,forecast_onshore_wind_generation,Wind Onshore,2026-09-25T20:15:59Z
2026-09-25T20:14:32Z,2026-09-25T22:14:32+0200,0058ff56-e9e2-4f32-86d7-71abbced9686,2026-09-25T03:30:00Z,2026-09-25T05:30:00+0200,2234.0,MW,ES,ES,forecast_onshore_wind_generation,Wind Onshore,2026-09-25T20:15:59Z
2026-09-25T20:14:32Z,2026-09-25T22:14:32+0200,0058ff56-e9e2-4f32-86d7-71abbced9686,2026-09-25T03:45:00Z,2026-09-25T05:45:00+0200,2237.0,MW,ES,ES,forecast_onshore_wind_generation,Wind Onshore,2026-09-25T20:15:59Z
2026-09-25T20:14:32Z,2026-09-25T22:14:32+0200,0058ff56-e9e2-4f32-86d7-71abbced9686,2026-09-25T04:00:00Z,2026-09-25T06:00:00+0200,2245.0,MW,ES,ES,forecast_onshore_wind_generation,Wind Onshore,2026-09-25T20:15:59Z
2026-09-25T20:14:32Z,2026-09-25T22:14:32+0200,0058ff56-e9e2-4f32-86d7-71abbced9686,2026-09-25T04:15:00Z,2026-09-25T06:15:00+0200,2240.0,MW,ES,ES,forecast_onshore_wind_generation,Wind Onshore,2026-09-25T20:15:59Z
2026-09-25T20:14:32Z,2026-09-25T22:14:32+0200,0058ff56-e9e2-4f32-86d7-71abbced9686,2026-09-25T04:30:00Z,2026-09-25T06:30:00+0200,2229.0,MW,ES,ES,forecast_onshore_wind_generation,Wind Onshore,2026-09-25T20:15:59Z
2026-09-25T20:14:32Z,2026-09-25T22:14:32+0200,0058ff56-e9e2-4f32-86d7-71abbced9686,2026-09-25T04:45:00Z,2026-09-25T06:45:00+0200,2212.0,MW,ES,ES,forecast_onshore_wind_generation,Wind Onshore,2026-09-25T20:15:59Z
2026-09-25T20:14:32Z,2026-09-25T22:14:32+0200,0058ff56-e9e2-4f32-86d7-71abbced9686,2026-09-25T05:00:00Z,2026-09-25T07:00:00+0200,2205.0,MW,ES,ES,forecast_onshore_wind_generation,Wind Onshore,2026-09-25T20:15:59Z
2026-09-25T20:14:32Z,2026-09-25T22:14:32+0200,0058ff56-e9e2-4f32-86d7-71abbced9686,2026-09-25T05:15:00Z,2026-09-25T07:15:00+0200,2173.0,MW,ES,ES,forecast_onshore_wind_generation,Wind Onshore,2026-09-25T20:15:59Z
2026-09-25T20:14:32Z,2026-09-25T22:14:32+0200,0058ff56-e9e2-4f32-86d7-71abbced9686,2026-09-25T05:30:00Z,2026-09-25T07:30:00+0200,2131.0,MW,ES,ES,forecast_onshore_wind_generation,Wind Onshore,2026-09-25T20:15:59Z
2026-09-25T20:14:32Z,2026-09-25T22:14:32+0200,0058ff56-e9e2-4f32-86d7-71abbced9686,2026-09-25T05:45:00Z,2026-09-25T07:45:00+0200,2077.0,MW,ES,ES,forecast_onshore_wind_generation,Wind Onshore,2026-09-25T20:15:59Z
2026-09-25T20:14:32Z,2026-09-25T22:14:32+0200,0058ff56-e9e2-4f32-86d7-71abbced9686,2026-09-25T06:00:00Z,2026-09-25T08:00:00+0200,2044.0,MW,ES,ES,forecast_onshore_wind_generation,Wind Onshore,2026-09-25T20:15:59Z
2026-09-25T20:14:32Z,2026-09-25T22:14:32+0200,0058ff56-e9e2-4f32-86d7-71abbced9686,2026-09-25T06:15:00Z,2026-09-25T08:15:00+0200,1959.0,MW,ES,ES,forecast_onshore_wind_generation,Wind Onshore,2026-09-25T20:15:59Z
2026-09-25T20:14:32Z,2026-09-25T22:14:32+0200,0058ff56-e9e2-4f32-86d7-71abbced9686,2026-09-25T06:30:00Z,2026-09-25T08:30:00+0200,1841.0,MW,ES,ES,forecast_onshore_wind_generation,Wind Onshore,2026-09-25T20:15:59Z
2026-09-25T20:14:32Z,2026-09-25T22:14:32+0200,0058ff56-e9e2-4f32-86d7-71abbced9686,2026-09-25T06:45:00Z,2026-09-25T08:45:00+0200,1731.0,MW,ES,ES,forecast_onshore_wind_generation,Wind Onshore,2026-09-25T20:15:59Z
2026-09-25T20:14:32Z,2026-09-25T22:14:32+0200,0058ff56-e9e2-4f32-86d7-71abbced9686,2026-09-25T07:00:00Z,2026-09-25T09:00:00+0200,1608.0,MW,ES,ES,forecast_onshore_wind_generation,Wind Onshore,2026-09-25T20:15:59Z
2026-09-25T20:14:32Z,2026-09-25T22:14:32+0200,0058ff56-e9e2-4f32-86d7-71abbced9686,2026-09-25T07:15:00Z,2026-09-25T09:15:00+0200,1504.0,MW,ES,ES,forecast_onshore_wind_generation,Wind Onshore,2026-09-25T20:15:59Z
2026-09-25T20:14:32Z,2026-09-25T22:14:32+0200,0058ff56-e9e2-4f32-86d7-71abbced9686,2026-09-25T07:30:00Z,2026-09-25T09:30:00+0200,1418.0,MW,ES,ES,forecast_onshore_wind_generation,Wind Onshore,2026-09-25T20:15:59Z
2026-09-25T20:14:32Z,2026-09-25T22:14:32+0200,0058ff56-e9e2-4f32-86d7-71abbced9686,2026-09-25T07:45:00Z,2026-09-25T09:45:00+0200,1347.0,MW,ES,ES,forecast_onshore_wind_generation,Wind Onshore,2026-09-25T20:15:59Z
2026-09-25T20:14:32Z,2026-09-25T22:14:32+0200,0058ff56-e9e2-4f32-86d7-71abbced9686,2026-09-25T08:00:00Z,2026-09-25T10:00:00+0200,1209.0,MW,ES,ES,forecast_onshore_wind_generation,Wind Onshore,2026-09-25T20:15:59Z
2026-09-25T20:14:32Z,2026-09-25T22:14:32+0200,0058ff56-e9e2-4f32-86d7-71abbced9686,2026-09-25T08:15:00Z,2026-09-25T10:15:00+0200,1167.0,MW,ES,ES,forecast_onshore_wind_generation,Wind Onshore,2026-09-25T20:15:59Z
2026-09-25T20:14:32Z,2026-09-25T22:14:32+0200,0058ff56-e9e2-4f32-86d7-71abbced9686,2026-09-25T08:30:00Z,2026-09-25T10:30:00+0200,1135.0,MW,ES,ES,forecast_onshore_wind_generation,Wind Onshore,2026-09-25T20:15:59Z
2026-09-25T20:14:32Z,2026-09-25T22:14:32+0200,0058ff56-e9e2-4f32-86d7-71abbced9686,2026-09-25T08:45:00Z,2026-09-25T10:45:00+0200,1113.0,MW,ES,ES,forecast_onshore_wind_generation,Wind Onshore,2026-09-25T20:15:59Z
2026-09-25T20:14:32Z,2026-09-25T22:14:32+0200,0058ff56-e9e2-4f32-86d7-71abbced9686,2026-09-25T09:00:00Z,2026-09-25T11:00:00+0200,1073.0,MW,ES,ES,forecast_onshore_wind_generation,Wind Onshore,2026-09-25T20:15:59Z
2026-09-25T20:14:32Z,2026-09-25T22:14:32+0200,0058ff56-e9e2-4f32-86d7-71abbced9686,2026-09-25T09:15:00Z,2026-09-25T11:15:00+0200,1070.0,MW,ES,ES,forecast_onshore_wind_generation,Wind Onshore,2026-09-25T20:15:59Z
2026-09-25T20:14:32Z,2026-09-25T22:14:32+0200,0058ff56-e9e2-4f32-86d7-71abbced9686,2026-09-25T09:30:00Z,2026-09-25T11:30:00+0200,1079.0,MW,ES,ES,forecast_onshore_wind_generation,Wind Onshore,2026-09-25T20:15:59Z
2026-09-25T20:14:32Z,2026-09-25T22:14:32+0200,0058ff56-e9e2-4f32-86d7-71abbced9686,2026-09-25T09:45:00Z,2026-09-25T11:45:00+0200,1095.0,MW,ES,ES,forecast_onshore_wind_generation,Wind Onshore,2026-09-25T20:15:59Z
2026-09-25T20:14:32Z,2026-09-25T22:14:32+0200,0058ff56-e9e2-4f32-86d7-71abbced9686,2026-09-25T10:00:00Z,2026-09-25T12:00:00+0200,1103.0,MW,ES,ES,forecast_onshore_wind_generation,Wind Onshore,2026-09-25T20:15:59Z
2026-09-25T20:14:32Z,2026-09-25T22:14:32+0200,0058ff56-e9e2-4f32-86d7-71abbced9686,2026-09-25T10:15:00Z,2026-09-25T12:15:00+0200,1132.0,MW,ES,ES,forecast_onshore_wind_generation,Wind Onshore,2026-09-25T20:15:59Z
2026-09-25T20:14:32Z,2026-09-25T22:14:32+0200,0058ff56-e9e2-4f32-86d7-71abbced9686,2026-09-25T10:30:00Z,2026-09-25T12:30:00+0200,1166.0,MW,ES,ES,forecast_onshore_wind_generation,Wind Onshore,2026-09-25T20:15:59Z
2026-09-25T20:14:32Z,2026-09-25T22:14:32+0200,0058ff56-e9e2-4f32-86d7-71abbced9686,2026-09-25T10:45:00Z,2026-09-25T12:45:00+0200,1205.0,MW,ES,ES,forecast_onshore_wind_generation,Wind Onshore,2026-09-25T20:15:59Z
2026-09-25T20:14:32Z,2026-09-25T22:14:32+0200,0058ff56-e9e2-4f32-86d7-71abbced9686,2026-09-25T11:00:00Z,2026-09-25T13:00:00+0200,1254.0,MW,ES,ES,forecast_onshore_wind_generation,Wind Onshore,2026-09-25T20:15:59Z
2026-09-25T20:14:32Z,2026-09-25T22:14:32+0200,0058ff56-e9e2-4f32-86d7-71abbced9686,2026-09-25T11:15:00Z,2026-09-25T13:15:00+0200,1292.0,MW,ES,ES,forecast_onshore_wind_generation,Wind Onshore,2026-09-25T20:15:59Z
2026-09-25T20:14:32Z,2026-09-25T22:14:32+0200,0058ff56-e9e2-4f32-86d7-71abbced9686,2026-09-25T11:30:00Z,2026-09-25T13:30:00+0200,1331.0,MW,ES,ES,forecast_onshore_wind_generation,Wind Onshore,2026-09-25T20:15:59Z
2026-09-25T20:14:32Z,2026-09-25T22:14:32+0200,0058ff56-e9e2-4f32-86d7-71abbced9686,2026-09-25T11:45:00Z,2026-09-25T13:45:00+0200,1369.0,MW,ES,ES,forecast_onshore_wind_generation,Wind Onshore,2026-09-25T20:15:59Z
2026-09-25T20:14:32Z,2026-09-25T22:14:32+0200,0058ff56-e9e2-4f32-86d7-71abbced9686,2026-09-25T12:00:00Z,2026-09-25T14:00:00+0200,1424.0,MW,ES,ES,forecast_onshore_wind_generation,Wind Onshore,2026-09-25T20:15:59Z
2026-09-25T20:14:32Z,2026-09-25T22:14:32+0200,0058ff56-e9e2-4f32-86d7-71abbced9686,2026-09-25T12:15:00Z,2026-09-25T14:15:00+0200,1477.0,MW,ES,ES,forecast_onshore_wind_generation,Wind Onshore,2026-09-25T20:15:59Z
2026-09-25T20:14:32Z,2026-09-25T22:14:32+0200,0058ff56-e9e2-4f32-86d7-71abbced9686,2026-09-25T12:30:00Z,2026-09-25T14:30:00+0200,1542.0,MW,ES,ES,forecast_onshore_wind_generation,Wind Onshore,2026-09-25T20:15:59Z
2026-09-25T20:14:32Z,2026-09-25T22:14:32+0200,0058ff56-e9e2-4f32-86d7-71abbced9686,2026-09-25T12:45:00Z,2026-09-25T14:45:00+0200,1619.0,MW,ES,ES,forecast_onshore_wind_generation,Wind Onshore,2026-09-25T20:15:59Z
2026-09-25T20:14:32Z,2026-09-25T22:14:32+0200,0058ff56-e9e2-4f32-86d7-71abbced9686,2026-09-25T13:00:00Z,2026-09-25T15:00:00+0200,1725.0,MW,ES,ES,forecast_onshore_wind_generation,Wind Onshore,2026-09-25T20:15:59Z
2026-09-25T20:14:32Z,2026-09-25T22:14:32+0200,0058ff56-e9e2-4f32-86d7-71abbced9686,2026-09-25T13:15:00Z,2026-09-25T15:15:00+0200,1815.0,MW,ES,ES,forecast_onshore_wind_generation,Wind Onshore,2026-09-25T20:15:59Z
2026-09-25T20:14:32Z,2026-09-25T22:14:32+0200,0058ff56-e9e2-4f32-86d7-71abbced9686,2026-09-25T13:30:00Z,2026-09-25T15:30:00+0200,1908.0,MW,ES,ES,forecast_onshore_wind_generation,Wind Onshore,2026-09-25T20:15:59Z
2026-09-25T20:14:32Z,2026-09-25T22:14:32+0200,0058ff56-e9e2-4f32-86d7-71abbced9686,2026-09-25T13:45:00Z,2026-09-25T15:45:00+0200,2004.0,MW,ES,ES,forecast_onshore_wind_generation,Wind Onshore,2026-09-25T20:15:59Z
2026-09-25T20:14:32Z,2026-09-25T22:14:32+0200,0058ff56-e9e2-4f32-86d7-71abbced9686,2026-09-25T14:00:00Z,2026-09-25T16:00:00+0200,2126.0,MW,ES,ES,forecast_onshore_wind_generation,Wind Onshore,2026-09-25T20:15:59Z
2026-09-25T20:14:32Z,2026-09-25T22:14:32+0200,0058ff56-e9e2-4f32-86d7-71abbced9686,2026-09-25T14:15:00Z,2026-09-25T16:15:00+0200,2236.0,MW,ES,ES,forecast_onshore_wind_generation,Wind Onshore,2026-09-25T20:15:59Z
2026-09-25T20:14:32Z,2026-09-25T22:14:32+0200,0058ff56-e9e2-4f32-86d7-71abbced9686,2026-09-25T14:30:00Z,2026-09-25T16:30:00+0200,2353.0,MW,ES,ES,forecast_onshore_wind_generation,Wind Onshore,2026-09-25T20:15:59Z
2026-09-25T20:14:32Z,2026-09-25T22:14:32+0200,0058ff56-e9e2-4f32-86d7-71abbced9686,2026-09-25T14:45:00Z,2026-09-25T16:45:00+0200,2477.0,MW,ES,ES,forecast_onshore_wind_generation,Wind Onshore,2026-09-25T20:15:59Z
2026-09-25T20:14:32Z,2026-09-25T22:14:32+0200,0058ff56-e9e2-4f32-86d7-71abbced9686,2026-09-25T15:00:00Z,2026-09-25T17:00:00+0200,2650.0,MW,ES,ES,forecast_onshore_wind_generation,Wind Onshore,2026-09-25T20:15:59Z
2026-09-25T20:14:32Z,2026-09-25T22:14:32+0200,0058ff56-e9e2-4f32-86d7-71abbced9686,2026-09-25T15:15:00Z,2026-09-25T17:15:00+0200,2773.0,MW,ES,ES,forecast_onshore_wind_generation,Wind Onshore,2026-09-25T20:15:59Z
2026-09-25T20:14:32Z,2026-09-25T22:14:32+0200,0058ff56-e9e2-4f32-86d7-71abbced9686,2026-09-25T15:30:00Z,2026-09-25T17:30:00+0200,2889.0,MW,ES,ES,forecast_onshore_wind_generation,Wind Onshore,2026-09-25T20:15:59Z
2026-09-25T20:14:32Z,2026-09-25T22:14:32+0200,0058ff56-e9e2-4f32-86d7-71abbced9686,2026-09-25T15:45:00Z,2026-09-25T17:45:00+0200,3008.0,MW,ES,ES,forecast_onshore_wind_generation,Wind Onshore,2026-09-25T20:15:59Z
2026-09-25T20:14:32Z,2026-09-25T22:14:32+0200,0058ff56-e9e2-4f32-86d7-71abbced9686,2026-09-25T16:00:00Z,2026-09-25T18:00:00+0200,3155.0,MW,ES,ES,forecast_onshore_wind_generation,Wind Onshore,2026-09-25T20:15:59Z
2026-09-25T20:14:32Z,2026-09-25T22:14:32+0200,0058ff56-e9e2-4f32-86d7-71abbced9686,2026-09-25T16:15:00Z,2026-09-25T18:15:00+0200,3287.0,MW,ES,ES,forecast_onshore_wind_generation,Wind Onshore,2026-09-25T20:15:59Z
2026-09-25T20:14:32Z,2026-09-25T22:14:32+0200,0058ff56-e9e2-4f32-86d7-71abbced9686,2026-09-25T16:30:00Z,2026-09-25T18:30:00+0200,3437.0,MW,ES,ES,forecast_onshore_wind_generation,Wind Onshore,2026-09-25T20:15:59Z
2026-09-25T20:14:32Z,2026-09-25T22:14:32+0200,0058ff56-e9e2-4f32-86d7-71abbced9686,2026-09-25T16:45:00Z,2026-09-25T18:45:00+0200,3594.0,MW,ES,ES,forecast_onshore_wind_generation,Wind Onshore,2026-09-25T20:15:59Z
2026-09-25T20:14:32Z,2026-09-25T22:14:32+0200,0058ff56-e9e2-4f32-86d7-71abbced9686,2026-09-25T17:00:00Z,2026-09-25T19:00:00+0200,3762.0,MW,ES,ES,forecast_onshore_wind_generation,Wind Onshore,2026-09-25T20:15:59Z
2026-09-25T20:14:32Z,2026-09-25T22:14:32+0200,0058ff56-e9e2-4f32-86d7-71abbced9686,2026-09-25T17:15:00Z,2026-09-25T19:15:00+0200,3912.0,MW,ES,ES,forecast_onshore_wind_generation,Wind Onshore,2026-09-25T20:15:59Z
2026-09-25T20:14:32Z,2026-09-25T22:14:32+0200,0058ff56-e9e2-4f32-86d7-71abbced9686,2026-09-25T17:30:00Z,2026-09-25T19:30:00+0200,4062.0,MW,ES,ES,forecast_onshore_wind_generation,Wind Onshore,2026-09-25T20:15:59Z
2026-09-25T20:14:32Z,2026-09-25T22:14:32+0200,0058ff56-e9e2-4f32-86d7-71abbced9686,2026-09-25T17:45:00Z,2026-09-25T19:45:00+0200,4209.0,MW,ES,ES,forecast_onshore_wind_generation,Wind Onshore,2026-09-25T20:15:59Z
2026-09-25T20:14:32Z,2026-09-25T22:14:32+0200,0058ff56-e9e2-4f32-86d7-71abbced9686,2026-09-25T18:00:00Z,2026-09-25T20:00:00+0200,4377.0,MW,ES,ES,forecast_onshore_wind_generation,Wind Onshore,2026-09-25T20:15:59Z
2026-09-25T20:14:32Z,2026-09-25T22:14:32+0200,0058ff56-e9e2-4f32-86d7-71abbced9686,2026-09-25T18:15:00Z,2026-09-25T20:15:00+0200,4545.0,MW,ES,ES,forecast_onshore_wind_generation,Wind Onshore,2026-09-25T20:15:59Z
2026-09-25T20:14:32Z,2026-09-25T22:14:32+0200,0058ff56-e9e2-4f32-86d7-71abbced9686,2026-09-25T18:30:00Z,2026-09-25T20:30:00+0200,4731.0,MW,ES,ES,forecast_onshore_wind_generation,Wind Onshore,2026-09-25T20:15:59Z
2026-09-25T20:14:32Z,2026-09-25T22:14:32+0200,0058ff56-e9e2-4f32-86d7-71abbced9686,2026-09-25T18:45:00Z,2026-09-25T20:45:00+0200,4920.0,MW,ES,ES,forecast_onshore_wind_generation,Wind Onshore,2026-09-25T20:15:59Z
2026-09-25T20:14:32Z,2026-09-25T22:14:32+0200,0058ff56-e9e2-4f32-86d7-71abbced9686,2026-09-25T19:00:00Z,2026-09-25T21:00:00+0200,5161.0,MW,ES,ES,forecast_onshore_wind_generation,Wind Onshore,2026-09-25T20:15:59Z
2026-09-25T20:14:32Z,2026-09-25T22:14:32+0200,0058ff56-e9e2-4f32-86d7-71abbced9686,2026-09-25T19:15:00Z,2026-09-25T21:15:00+0200,5311.0,MW,ES,ES,forecast_onshore_wind_generation,Wind Onshore,2026-09-25T20:15:59Z
2026-09-25T20:14:32Z,2026-09-25T22:14:32+0200,0058ff56-e9e2-4f32-86d7-71abbced9686,2026-09-25T19:30:00Z,2026-09-25T21:30:00+0200,5420.0,MW,ES,ES,forecast_onshore_wind_generation,Wind Onshore,2026-09-25T20:15:59Z
2026-09-25T20:14:32Z,2026-09-25T22:14:32+0200,0058ff56-e9e2-4f32-86d7-71abbced9686,2026-09-25T19:45:00Z,2026-09-25T21:45:00+0200,5499.0,MW,ES,ES,forecast_onshore_wind_generation,Wind Onshore,2026-09-25T20:15:59Z
2026-09-25T20:14:32Z,2026-09-25T22:14:32+0200,0058ff56-e9e2-4f32-86d7-71abbced9686,2026-09-25T20:30:00Z,2026-09-25T22:30:00+0200,5670.0,MW,ES,ES,forecast_onshore_wind_generation,Wind Onshore,2026-09-25T20:16:06Z
2026-09-25T20:14:32Z,2026-09-25T22:14:32+0200,0058ff56-e9e2-4f32-86d7-71abbced9686,2026-09-25T20:45:00Z,2026-09-25T22:45:00+0200,5729.0,MW,ES,ES,forecast_onshore_wind_generation,Wind Onshore,2026-09-25T20:16:06Z
2026-09-25T20:14:32Z,2026-09-25T22:14:32+0200,0058ff56-e9e2-4f32-86d7-71abbced9686,2026-09-25T21:00:00Z,2026-09-25T23:00:00+0200,5824.0,MW,ES,ES,forecast_onshore_wind_generation,Wind Onshore,2026-09-25T20:16:06Z
2026-09-25T20:14:32Z,2026-09-25T22:14:32+0200,0058ff56-e9e2-4f32-86d7-71abbced9686,2026-09-25T21:15:00Z,2026-09-25T23:15:00+0200,5855.0,MW,ES,ES,forecast_onshore_wind_generation,Wind Onshore,2026-09-25T20:16:06Z
2026-09-25T20:14:32Z,2026-09-25T22:14:32+0200,0058ff56-e9e2-4f32-86d7-71abbced9686,2026-09-25T21:30:00Z,2026-09-25T23:30:00+0200,5863.0,MW,ES,ES,forecast_onshore_wind_generation,Wind Onshore,2026-09-25T20:16:06Z
2026-09-25T20:14:32Z,2026-09-25T22:14:32+0200,0058ff56-e9e2-4f32-86d7-71abbced9686,2026-09-25T21:45:00Z,2026-09-25T23:45:00+0200,5843.0,MW,ES,ES,forecast_onshore_wind_generation,Wind Onshore,2026-09-25T20:16:06Z
2026-09-25T20:14:32Z,2026-09-25T22:14:32+0200,0058ff56-e9e2-4f32-86d7-71abbced9686,2026-09-25T22:00:00Z,2026-09-26T00:00:00+0200,5961.0,MW,ES,ES,forecast_onshore_wind_generation,Wind Onshore,2026-09-25T20:16:06Z
2026-09-25T20:14:32Z,2026-09-25T22:14:32+0200,0058ff56-e9e2-4f32-86d7-71abbced9686,2026-09-25T22:15:00Z,2026-09-26T00:15:00+0200,5944.0,MW,ES,ES,forecast_onshore_wind_generation,Wind Onshore,2026-09-25T20:16:06Z
2026-09-25T20:14:32Z,2026-09-25T22:14:32+0200,0058ff56-e9e2-4f32-86d7-71abbced9686,2026-09-25T22:30:00Z,2026-09-26T00:30:00+0200,5898.0,MW,ES,ES,forecast_onshore_wind_generation,Wind Onshore,2026-09-25T20:16:06Z
2026-09-25T20:14:32Z,2026-09-25T22:14:32+0200,0058ff56-e9e2-4f32-86d7-71abbced9686,2026-09-25T22:45:00Z,2026-09-26T00:45:00+0200,5827.0,MW,ES,ES,forecast_onshore_wind_generation,Wind Onshore,2026-09-25T20:16:06Z
2026-09-25T20:14:32Z,2026-09-25T22:14:32+0200,0058ff56-e9e2-4f32-86d7-71abbced9686,2026-09-25T23:00:00Z,2026-09-26T01:00:00+0200,5763.0,MW,ES,ES,forecast_onshore_wind_generation,Wind Onshore,2026-09-25T20:16:06Z
2026-09-25T20:14:32Z,2026-09-25T22:14:32+0200,0058ff56-e9e2-4f32-86d7-71abbced9686,2026-09-25T23:15:00Z,2026-09-26T01:15:00+0200,5661.0,MW,ES,ES,forecast_onshore_wind_generation,Wind Onshore,2026-09-25T20:16:06Z
2026-09-25T20:14:32Z,2026-09-25T22:14:32+0200,0058ff56-e9e2-4f32-86d7-71abbced9686,2026-09-25T23:30:00Z,2026-09-26T01:30:00+0200,5550.0,MW,ES,ES,forecast_onshore_wind_generation,Wind Onshore,2026-09-25T20:16:06Z
2026-09-25T20:14:32Z,2026-09-25T22:14:32+0200,0058ff56-e9e2-4f32-86d7-71abbced9686,2026-09-25T23:45:00Z,2026-09-26T01:45:00+0200,5435.0,MW,ES,ES,forecast_onshore_wind_generation,Wind Onshore,2026-09-25T20:16:06Z
2026-09-25T20:14:32Z,2026-09-25T22:14:32+0200,0058ff56-e9e2-4f32-86d7-71abbced9686,2026-09-26T00:00:00Z,2026-09-26T02:00:00+0200,5322.0,MW,ES,ES,forecast_onshore_wind_generation,Wind Onshore,2026-09-25T20:16:06Z
2026-09-25T20:14:32Z,2026-09-25T22:14:32+0200,0058ff56-e9e2-4f32-86d7-71abbced9686,2026-09-26T00:15:00Z,2026-09-26T02:15:00+0200,5206.0,MW,ES,ES,forecast_onshore_wind_generation,Wind Onshore,2026-09-25T20:16:06Z
2026-09-25T20:14:32Z,2026-09-25T22:14:32+0200,0058ff56-e9e2-4f32-86d7-71abbced9686,2026-09-26T00:30:00Z,2026-09-26T02:30:00+0200,5094.0,MW,ES,ES,forecast_onshore_wind_generation,Wind Onshore,2026-09-25T20:16:06Z
2026-09-25T20:14:32Z,2026-09-25T22:14:32+0200,0058ff56-e9e2-4f32-86d7-71abbced9686,2026-09-26T00:45:00Z,2026-09-26T02:45:00+0200,4984.0,MW,ES,ES,forecast_onshore_wind_generation,Wind Onshore,2026-09-25T20:16:06Z
2026-09-25T20:14:32Z,2026-09-25T22:14:32+0200,0058ff56-e9e2-4f32-86d7-71abbced9686,2026-09-26T01:00:00Z,2026-09-26T03:00:00+0200,4876.0,MW,ES,ES,forecast_onshore_wind_generation,Wind Onshore,2026-09-25T20:16:06Z
2026-09-25T20:14:32Z,2026-09-25T22:14:32+0200,0058ff56-e9e2-4f32-86d7-71abbced9686,2026-09-26T01:15:00Z,2026-09-26T03:15:00+0200,4771.0,MW,ES,ES,forecast_onshore_wind_generation,Wind Onshore,2026-09-25T20:16:06Z
2026-09-25T20:14:32Z,2026-09-25T22:14:32+0200,0058ff56-e9e2-4f32-86d7-71abbced9686,2026-09-26T01:30:00Z,2026-09-26T03:30:00+0200,4669.0,MW,ES,ES,forecast_onshore_wind_generation,Wind Onshore,2026-09-25T20:16:06Z
2026-09-25T20:14:32Z,2026-09-25T22:14:32+0200,0058ff56-e9e2-4f32-86d7-71abbced9686,2026-09-26T01:45:00Z,2026-09-26T03:45:00+0200,4569.0,MW,ES,ES,forecast_onshore_wind_generation,Wind Onshore,2026-09-25T20:16:06Z
2026-09-25T20:14:32Z,2026-09-25T22:14:32+0200,0058ff56-e9e2-4f32-86d7-71abbced9686,2026-09-26T02:00:00Z,2026-09-26T04:00:00+0200,4473.0,MW,ES,ES,forecast_onshore_wind_generation,Wind Onshore,2026-09-25T20:16:06Z
2026-09-25T20:14:32Z,2026-09-25T22:14:32+0200,0058ff56-e9e2-4f32-86d7-71abbced9686,2026-09-26T02:15:00Z,2026-09-26T04:15:00+0200,4378.0,MW,ES,ES,forecast_onshore_wind_generation,Wind Onshore,2026-09-25T20:16:06Z
2026-09-25T20:14:32Z,2026-09-25T22:14:32+0200,0058ff56-e9e2-4f32-86d7-71abbced9686,2026-09-26T02:30:00Z,2026-09-26T04:30:00+0200,4286.0,MW,ES,ES,forecast_onshore_wind_generation,Wind Onshore,2026-09-25T20:16:06Z
2026-09-25T20:14:32Z,2026-09-25T22:14:32+0200,0058ff56-e9e2-4f32-86d7-71abbced9686,2026-09-26T02:45:00Z,2026-09-26T04:45:00+0200,4198.0,MW,ES,ES,forecast_onshore_wind_generation,Wind Onshore,2026-09-25T20:16:06Z
2026-09-25T20:14:32Z,2026-09-25T22:14:32+0200,0058ff56-e9e2-4f32-86d7-71abbced9686,2026-09-26T03:00:00Z,2026-09-26T05:00:00+0200,4111.0,MW,ES,ES,forecast_onshore_wind_generation,Wind Onshore,2026-09-25T20:16:06Z
2026-09-25T20:14:32Z,2026-09-25T22:14:32+0200,0058ff56-e9e2-4f32-86d7-71abbced9686,2026-09-26T03:15:00Z,2026-09-26T05:15:00+0200,4030.0,MW,ES,ES,forecast_onshore_wind_generation,Wind Onshore,2026-09-25T20:16:06Z
2026-09-25T20:14:32Z,2026-09-25T22:14:32+0200,0058ff56-e9e2-4f32-86d7-71abbced9686,2026-09-26T03:30:00Z,2026-09-26T05:30:00+0200,3950.0,MW,ES,ES,forecast_onshore_wind_generation,Wind Onshore,2026-09-25T20:16:06Z
2026-09-25T20:14:32Z,2026-09-25T22:14:32+0200,0058ff56-e9e2-4f32-86d7-71abbced9686,2026-09-26T03:45:00Z,2026-09-26T05:45:00+0200,3870.0,MW,ES,ES,forecast_onshore_wind_generation,Wind Onshore,2026-09-25T20:16:06Z
2026-09-25T20:14:32Z,2026-09-25T22:14:32+0200,0058ff56-e9e2-4f32-86d7-71abbced9686,2026-09-26T04:00:00Z,2026-09-26T06:00:00+0200,3801.0,MW,ES,ES,forecast_onshore_wind_generation,Wind Onshore,2026-09-25T20:16:06Z
2026-09-25T20:14:32Z,2026-09-25T22:14:32+0200,0058ff56-e9e2-4f32-86d7-71abbced9686,2026-09-26T04:15:00Z,2026-09-26T06:15:00+0200,3715.0,MW,ES,ES,forecast_onshore_wind_generation,Wind Onshore,2026-09-25T20:16:06Z
2026-09-25T20:14:32Z,2026-09-25T22:14:32+0200,0058ff56-e9e2-4f32-86d7-71abbced9686,2026-09-26T04:30:00Z,2026-09-26T06:30:00+0200,3623.0,MW,ES,ES,forecast_onshore_wind_generation,Wind Onshore,2026-09-25T20:16:06Z
2026-09-25T20:14:32Z,2026-09-25T22:14:32+0200,0058ff56-e9e2-4f32-86d7-71abbced9686,2026-09-26T04:45:00Z,2026-09-26T06:45:00+0200,3521.0,MW,ES,ES,forecast_onshore_wind_generation,Wind Onshore,2026-09-25T20:16:06Z
2026-09-25T20:14:32Z,2026-09-25T22:14:32+0200,0058ff56-e9e2-4f32-86d7-71abbced9686,2026-09-26T05:00:00Z,2026-09-26T07:00:00+0200,3437.0,MW,ES,ES,forecast_onshore_wind_generation,Wind Onshore,2026-09-25T20:16:06Z
2026-09-25T20:14:32Z,2026-09-25T22:14:32+0200,0058ff56-e9e2-4f32-86d7-71abbced9686,2026-09-26T05:15:00Z,2026-09-26T07:15:00+0200,3315.0,MW,ES,ES,forecast_onshore_wind_generation,Wind Onshore,2026-09-25T20:16:06Z
2026-09-25T20:14:32Z,2026-09-25T22:14:32+0200,0058ff56-e9e2-4f32-86d7-71abbced9686,2026-09-26T05:30:00Z,2026-09-26T07:30:00+0200,3181.0,MW,ES,ES,forecast_onshore_wind_generation,Wind Onshore,2026-09-25T20:16:06Z
2026-09-25T20:14:32Z,2026-09-25T22:14:32+0200,0058ff56-e9e2-4f32-86d7-71abbced9686,2026-09-26T05:45:00Z,2026-09-26T07:45:00+0200,3038.0,MW,ES,ES,forecast_onshore_wind_generation,Wind Onshore,2026-09-25T20:16:06Z
2026-09-25T20:14:32Z,2026-09-25T22:14:32+0200,0058ff56-e9e2-4f32-86d7-71abbced9686,2026-09-26T06:00:00Z,2026-09-26T08:00:00+0200,2910.0,MW,ES,ES,forecast_onshore_wind_generation,Wind Onshore,2026-09-25T20:16:06Z
2026-09-25T20:14:32Z,2026-09-25T22:14:32+0200,0058ff56-e9e2-4f32-86d7-71abbced9686,2026-09-26T06:15:00Z,2026-09-26T08:15:00+0200,2755.0,MW,ES,ES,forecast_onshore_wind_generation,Wind Onshore,2026-09-25T20:16:06Z
2026-09-25T20:14:32Z,2026-09-25T22:14:32+0200,0058ff56-e9e2-4f32-86d7-71abbced9686,2026-09-26T06:30:00Z,2026-09-26T08:30:00+0200,2598.0,MW,ES,ES,forecast_onshore_wind_generation,Wind Onshore,2026-09-25T20:16:06Z
2026-09-25T20:14:32Z,2026-09-25T22:14:32+0200,0058ff56-e9e2-4f32-86d7-71abbced9686,2026-09-26T06:45:00Z,2026-09-26T08:45:00+0200,2446.0,MW,ES,ES,forecast_onshore_wind_generation,Wind Onshore,2026-09-25T20:16:06Z
2026-09-25T20:14:32Z,2026-09-25T22:14:32+0200,0058ff56-e9e2-4f32-86d7-71abbced9686,2026-09-26T07:00:00Z,2026-09-26T09:00:00+0200,2279.0,MW,ES,ES,forecast_onshore_wind_generation,Wind Onshore,2026-09-25T20:16:06Z
2026-09-25T20:14:32Z,2026-09-25T22:14:32+0200,0058ff56-e9e2-4f32-86d7-71abbced9686,2026-09-26T07:15:00Z,2026-09-26T09:15:00+0200,2110.0,MW,ES,ES,forecast_onshore_wind_generation,Wind Onshore,2026-09-25T20:16:06Z
2026-09-25T20:14:32Z,2026-09-25T22:14:32+0200,0058ff56-e9e2-4f32-86d7-71abbced9686,2026-09-26T07:30:00Z,2026-09-26T09:30:00+0200,2021.0,MW,ES,ES,forecast_onshore_wind_generation,Wind Onshore,2026-09-25T20:16:06Z
2026-09-25T20:14:32Z,2026-09-25T22:14:32+0200,0058ff56-e9e2-4f32-86d7-71abbced9686,2026-09-26T07:45:00Z,2026-09-26T09:45:00+0200,1940.0,MW,ES,ES,forecast_onshore_wind_generation,Wind Onshore,2026-09-25T20:16:06Z
2026-09-25T20:14:32Z,2026-09-25T22:14:32+0200,0058ff56-e9e2-4f32-86d7-71abbced9686,2026-09-26T08:00:00Z,2026-09-26T10:00:00+0200,1822.0,MW,ES,ES,forecast_onshore_wind_generation,Wind Onshore,2026-09-25T20:16:06Z
2026-09-25T20:14:32Z,2026-09-25T22:14:32+0200,0058ff56-e9e2-4f32-86d7-71abbced9686,2026-09-26T08:15:00Z,2026-09-26T10:15:00+0200,1809.0,MW,ES,ES,forecast_onshore_wind_generation,Wind Onshore,2026-09-25T20:16:06Z
2026-09-25T20:14:32Z,2026-09-25T22:14:32+0200,0058ff56-e9e2-4f32-86d7-71abbced9686,2026-09-26T08:30:00Z,2026-09-26T10:30:00+0200,1810.0,MW,ES,ES,forecast_onshore_wind_generation,Wind Onshore,2026-09-25T20:16:06Z
2026-09-25T20:14:32Z,2026-09-25T22:14:32+0200,0058ff56-e9e2-4f32-86d7-71abbced9686,2026-09-26T08:45:00Z,2026-09-26T10:45:00+0200,1803.0,MW,ES,ES,forecast_onshore_wind_generation,Wind Onshore,2026-09-25T20:16:06Z
2026-09-25T20:14:32Z,2026-09-25T22:14:32+0200,0058ff56-e9e2-4f32-86d7-71abbced9686,2026-09-26T09:00:00Z,2026-09-26T11:00:00+0200,1782.0,MW,ES,ES,forecast_onshore_wind_generation,Wind Onshore,2026-09-25T20:16:06Z
2026-09-25T20:14:32Z,2026-09-25T22:14:32+0200,0058ff56-e9e2-4f32-86d7-71abbced9686,2026-09-26T09:15:00Z,2026-09-26T11:15:00+0200,1506.0,MW,ES,ES,forecast_onshore_wind_generation,Wind Onshore,2026-09-25T20:16:06Z
2026-09-25T20:14:32Z,2026-09-25T22:14:32+0200,0058ff56-e9e2-4f32-86d7-71abbced9686,2026-09-26T09:30:00Z,2026-09-26T11:30:00+0200,1572.0,MW,ES,ES,forecast_onshore_wind_generation,Wind Onshore,2026-09-25T20:16:06Z
2026-09-25T20:14:32Z,2026-09-25T22:14:32+0200,0058ff56-e9e2-4f32-86d7-71abbced9686,2026-09-26T09:45:00Z,2026-09-26T11:45:00+0200,1640.0,MW,ES,ES,forecast_onshore_wind_generation,Wind Onshore,2026-09-25T20:16:06Z
2026-09-25T20:14:32Z,2026-09-25T22:14:32+0200,0058ff56-e9e2-4f32-86d7-71abbced9686,2026-09-26T10:00:00Z,2026-09-26T12:00:00+0200,1639.0,MW,ES,ES,forecast_onshore_wind_generation,Wind Onshore,2026-09-25T20:16:06Z
2026-09-25T20:14:32Z,2026-09-25T22:14:32+0200,0058ff56-e9e2-4f32-86d7-71abbced9686,2026-09-26T10:15:00Z,2026-09-26T12:15:00+0200,1709.0,MW,ES,ES,forecast_onshore_wind_generation,Wind Onshore,2026-09-25T20:16:06Z
2026-09-25T20:14:32Z,2026-09-25T22:14:32+0200,0058ff56-e9e2-4f32-86d7-71abbced9686,2026-09-26T10:30:00Z,2026-09-26T12:30:00+0200,1790.0,MW,ES,ES,forecast_onshore_wind_generation,Wind Onshore,2026-09-25T20:16:06Z
2026-09-25T20:14:32Z,2026-09-25T22:14:32+0200,0058ff56-e9e2-4f32-86d7-71abbced9686,2026-09-26T10:45:00Z,2026-09-26T12:45:00+0200,1878.0,MW,ES,ES,forecast_onshore_wind_generation,Wind Onshore,2026-09-25T20:16:06Z
2026-09-25T20:14:32Z,2026-09-25T22:14:32+0200,0058ff56-e9e2-4f32-86d7-71abbced9686,2026-09-26T11:00:00Z,2026-09-26T13:00:00+0200,1974.0,MW,ES,ES,forecast_onshore_wind_generation,Wind Onshore,2026-09-25T20:16:06Z
2026-09-25T20:14:32Z,2026-09-25T22:14:32+0200,0058ff56-e9e2-4f32-86d7-71abbced9686,2026-09-26T11:15:00Z,2026-09-26T13:15:00+0200,2070.0,MW,ES,ES,forecast_onshore_wind_generation,Wind Onshore,2026-09-25T20:16:06Z
2026-09-25T20:14:32Z,2026-09-25T22:14:32+0200,0058ff56-e9e2-4f32-86d7-71abbced9686,2026-09-26T11:30:00Z,2026-09-26T13:30:00+0200,2170.0,MW,ES,ES,forecast_onshore_wind_generation,Wind Onshore,2026-09-25T20:16:06Z
2026-09-25T20:14:32Z,2026-09-25T22:14:32+0200,0058ff56-e9e2-4f32-86d7-71abbced9686,2026-09-26T11:45:00Z,2026-09-26T13:45:00+0200,2274.0,MW,ES,ES,forecast_onshore_wind_generation,Wind Onshore,2026-09-25T20:16:06Z
2026-09-25T20:14:32Z,2026-09-25T22:14:32+0200,0058ff56-e9e2-4f32-86d7-71abbced9686,2026-09-26T12:00:00Z,2026-09-26T14:00:00+0200,2441.0,MW,ES,ES,forecast_onshore_wind_generation,Wind Onshore,2026-09-25T20:16:06Z
2026-09-25T20:14:32Z,2026-09-25T22:14:32+0200,0058ff56-e9e2-4f32-86d7-71abbced9686,2026-09-26T12:15:00Z,2026-09-26T14:15:00+0200,2554.0,MW,ES,ES,forecast_onshore_wind_generation,Wind Onshore,2026-09-25T20:16:06Z
2026-09-25T20:14:32Z,2026-09-25T22:14:32+0200,0058ff56-e9e2-4f32-86d7-71abbced9686,2026-09-26T12:30:00Z,2026-09-26T14:30:00+0200,2664.0,MW,ES,ES,forecast_onshore_wind_generation,Wind Onshore,2026-09-25T20:16:06Z
2026-09-25T20:14:32Z,2026-09-25T22:14:32+0200,0058ff56-e9e2-4f32-86d7-71abbced9686,2026-09-26T12:45:00Z,2026-09-26T14:45:00+0200,2769.0,MW,ES,ES,forecast_onshore_wind_generation,Wind Onshore,2026-09-25T20:16:06Z
2026-09-25T20:14:32Z,2026-09-25T22:14:32+0200,0058ff56-e9e2-4f32-86d7-71abbced9686,2026-09-26T13:00:00Z,2026-09-26T15:00:00+0200,2969.0,MW,ES,ES,forecast_onshore_wind_generation,Wind Onshore,2026-09-25T20:16:06Z
2026-09-25T20:14:32Z,2026-09-25T22:14:32+0200,0058ff56-e9e2-4f32-86d7-71abbced9686,2026-09-26T13:15:00Z,2026-09-26T15:15:00+0200,3083.0,MW,ES,ES,forecast_onshore_wind_generation,Wind Onshore,2026-09-25T20:16:06Z
2026-09-25T20:14:32Z,2026-09-25T22:14:32+0200,0058ff56-e9e2-4f32-86d7-71abbced9686,2026-09-26T13:30:00Z,2026-09-26T15:30:00+0200,3191.0,MW,ES,ES,forecast_onshore_wind_generation,Wind Onshore,2026-09-25T20:16:06Z
2026-09-25T20:14:32Z,2026-09-25T22:14:32+0200,0058ff56-e9e2-4f32-86d7-71abbced9686,2026-09-26T13:45:00Z,2026-09-26T15:45:00+0200,3258.0,MW,ES,ES,forecast_onshore_wind_generation,Wind Onshore,2026-09-25T20:16:06Z
2026-09-25T20:14:32Z,2026-09-25T22:14:32+0200,0058ff56-e9e2-4f32-86d7-71abbced9686,2026-09-26T14:00:00Z,2026-09-26T16:00:00+0200,3506.0,MW,ES,ES,forecast_onshore_wind_generation,Wind Onshore,2026-09-25T20:16:06Z
2026-09-25T20:14:32Z,2026-09-25T22:14:32+0200,0058ff56-e9e2-4f32-86d7-71abbced9686,2026-09-26T14:15:00Z,2026-09-26T16:15:00+0200,3595.0,MW,ES,ES,forecast_onshore_wind_generation,Wind Onshore,2026-09-25T20:16:06Z
2026-09-25T20:14:32Z,2026-09-25T22:14:32+0200,0058ff56-e9e2-4f32-86d7-71abbced9686,2026-09-26T14:30:00Z,2026-09-26T16:30:00+0200,3698.0,MW,ES,ES,forecast_onshore_wind_generation,Wind Onshore,2026-09-25T20:16:06Z
2026-09-25T20:14:32Z,2026-09-25T22:14:32+0200,0058ff56-e9e2-4f32-86d7-71abbced9686,2026-09-26T14:45:00Z,2026-09-26T16:45:00+0200,3759.0,MW,ES,ES,forecast_onshore_wind_generation,Wind Onshore,2026-09-25T20:16:06Z
2026-09-25T20:14:32Z,2026-09-25T22:14:32+0200,0058ff56-e9e2-4f32-86d7-71abbced9686,2026-09-26T15:00:00Z,2026-09-26T17:00:00+0200,4852.0,MW,ES,ES,forecast_onshore_wind_generation,Wind Onshore,2026-09-25T20:16:06Z
2026-09-25T20:14:32Z,2026-09-25T22:14:32+0200,0058ff56-e9e2-4f32-86d7-71abbced9686,2026-09-26T15:15:00Z,2026-09-26T17:15:00+0200,5015.0,MW,ES,ES,forecast_onshore_wind_generation,Wind Onshore,2026-09-25T20:16:06Z
2026-09-25T20:14:32Z,2026-09-25T22:14:32+0200,0058ff56-e9e2-4f32-86d7-71abbced9686,2026-09-26T15:30:00Z,2026-09-26T17:30:00+0200,5157.0,MW,ES,ES,forecast_onshore_wind_generation,Wind Onshore,2026-09-25T20:16:06Z
2026-09-25T20:14:32Z,2026-09-25T22:14:32+0200,0058ff56-e9e2-4f32-86d7-71abbced9686,2026-09-26T15:45:00Z,2026-09-26T17:45:00+0200,5241.0,MW,ES,ES,forecast_onshore_wind_generation,Wind Onshore,2026-09-25T20:16:06Z
2026-09-25T20:14:32Z,2026-09-25T22:14:32+0200,0058ff56-e9e2-4f32-86d7-71abbced9686,2026-09-26T16:00:00Z,2026-09-26T18:00:00+0200,5455.0,MW,ES,ES,forecast_onshore_wind_generation,Wind Onshore,2026-09-25T20:16:06Z
2026-09-25T20:14:32Z,2026-09-25T22:14:32+0200,0058ff56-e9e2-4f32-86d7-71abbced9686,2026-09-26T16:15:00Z,2026-09-26T18:15:00+0200,5525.0,MW,ES,ES,forecast_onshore_wind_generation,Wind Onshore,2026-09-25T20:16:06Z
2026-09-25T20:14:32Z,2026-09-25T22:14:32+0200,0058ff56-e9e2-4f32-86d7-71abbced9686,2026-09-26T16:30:00Z,2026-09-26T18:30:00+0200,5593.0,MW,ES,ES,forecast_onshore_wind_generation,Wind Onshore,2026-09-25T20:16:06Z
2026-09-25T20:14:32Z,2026-09-25T22:14:32+0200,0058ff56-e9e2-4f32-86d7-71abbced9686,2026-09-26T16:45:00Z,2026-09-26T18:45:00+0200,5635.0,MW,ES,ES,forecast_onshore_wind_generation,Wind Onshore,2026-09-25T20:16:06Z
2026-09-25T20:14:32Z,2026-09-25T22:14:32+0200,0058ff56-e9e2-4f32-86d7-71abbced9686,2026-09-26T17:00:00Z,2026-09-26T19:00:00+0200,5676.0,MW,ES,ES,forecast_onshore_wind_generation,Wind Onshore,2026-09-25T20:16:06Z
2026-09-25T20:14:32Z,2026-09-25T22:14:32+0200,0058ff56-e9e2-4f32-86d7-71abbced9686,2026-09-26T17:15:00Z,2026-09-26T19:15:00+0200,5688.0,MW,ES,ES,forecast_onshore_wind_generation,Wind Onshore,2026-09-25T20:16:06Z
2026-09-25T20:14:32Z,2026-09-25T22:14:32+0200,0058ff56-e9e2-4f32-86d7-71abbced9686,2026-09-26T17:30:00Z,2026-09-26T19:30:00+0200,5701.0,MW,ES,ES,forecast_onshore_wind_generation,Wind Onshore,2026-09-25T20:16:06Z
2026-09-25T20:14:32Z,2026-09-25T22:14:32+0200,0058ff56-e9e2-4f32-86d7-71abbced9686,2026-09-26T17:45:00Z,2026-09-26T19:45:00+0200,5712.0,MW,ES,ES,forecast_onshore_wind_generation,Wind Onshore,2026-09-25T20:16:06Z
2026-09-25T20:14:32Z,2026-09-25T22:14:32+0200,0058ff56-e9e2-4f32-86d7-71abbced9686,2026-09-26T18:00:00Z,2026-09-26T20:00:00+0200,5748.0,MW,ES,ES,forecast_onshore_wind_generation,Wind Onshore,2026-09-25T20:16:06Z
2026-09-25T20:14:32Z,2026-09-25T22:14:32+0200,0058ff56-e9e2-4f32-86d7-71abbced9686,2026-09-26T18:15:00Z,2026-09-26T20:15:00+0200,5751.0,MW,ES,ES,forecast_onshore_wind_generation,Wind Onshore,2026-09-25T20:16:06Z
2026-09-25T20:14:32Z,2026-09-25T22:14:32+0200,0058ff56-e9e2-4f32-86d7-71abbced9686,2026-09-26T18:30:00Z,2026-09-26T20:30:00+0200,5750.0,MW,ES,ES,forecast_onshore_wind_generation,Wind Onshore,2026-09-25T20:16:06Z
2026-09-25T20:14:32Z,2026-09-25T22:14:32+0200,0058ff56-e9e2-4f32-86d7-71abbced9686,2026-09-26T18:45:00Z,2026-09-26T20:45:00+0200,5745.0,MW,ES,ES,forecast_onshore_wind_generation,Wind Onshore,2026-09-25T20:16:06Z
2026-09-25T20:14:32Z,2026-09-25T22:14:32+0200,0058ff56-e9e2-4f32-86d7-71abbced9686,2026-09-26T19:00:00Z,2026-09-26T21:00:00+0200,5718.0,MW,ES,ES,forecast_onshore_wind_generation,Wind Onshore,2026-09-25T20:16:06Z
2026-09-25T20:14:32Z,2026-09-25T22:14:32+0200,0058ff56-e9e2-4f32-86d7-71abbced9686,2026-09-26T19:15:00Z,2026-09-26T21:15:00+0200,5723.0,MW,ES,ES,forecast_onshore_wind_generation,Wind Onshore,2026-09-25T20:16:06Z
2026-09-25T20:14:32Z,2026-09-25T22:14:32+0200,0058ff56-e9e2-4f32-86d7-71abbced9686,2026-09-26T19:30:00Z,2026-09-26T21:30:00+0200,5745.0,MW,ES,ES,forecast_onshore_wind_generation,Wind Onshore,2026-09-25T20:16:06Z
2026-09-25T20:14:32Z,2026-09-25T22:14:32+0200,0058ff56-e9e2-4f32-86d7-71abbced9686,2026-09-26T19:45:00Z,2026-09-26T21:45:00+0200,5773.0,MW,ES,ES,forecast_onshore_wind_generation,Wind Onshore,2026-09-25T20:16:06Z
2026-09-25T20:14:32Z,2026-09-25T22:14:32+0200,0058ff56-e9e2-4f32-86d7-71abbced9686,2026-09-26T20:00:00Z,2026-09-26T22:00:00+0200,5790.0,MW,ES,ES,forecast_onshore_wind_generation,Wind Onshore,2026-09-25T20:16:06Z
2026-09-25T20:14:32Z,2026-09-25T22:14:32+0200,0058ff56-e9e2-4f32-86d7-71abbced9686,2026-09-26T20:15:00Z,2026-09-26T22:15:00+0200,5827.0,MW,ES,ES,forecast_onshore_wind_generation,Wind Onshore,2026-09-25T20:16:06Z
2026-09-25T20:14:32Z,2026-09-25T22:14:32+0200,0058ff56-e9e2-4f32-86d7-71abbced9686,2026-09-26T20:30:00Z,2026-09-26T22:30:00+0200,5872.0,MW,ES,ES,forecast_onshore_wind_generation,Wind Onshore,2026-09-25T20:16:06Z
2026-09-25T20:14:32Z,2026-09-25T22:14:32+0200,0058ff56-e9e2-4f32-86d7-71abbced9686,2026-09-26T20:45:00Z,2026-09-26T22:45:00+0200,5910.0,MW,ES,ES,forecast_onshore_wind_generation,Wind Onshore,2026-09-25T20:16:06Z
2026-09-25T20:14:32Z,2026-09-25T22:14:32+0200,0058ff56-e9e2-4f32-86d7-71abbced9686,2026-09-26T21:00:00Z,2026-09-26T23:00:00+0200,5929.0,MW,ES,ES,forecast_onshore_wind_generation,Wind Onshore,2026-09-25T20:16:06Z
2026-09-25T20:14:32Z,2026-09-25T22:14:32+0200,0058ff56-e9e2-4f32-86d7-71abbced9686,2026-09-26T21:15:00Z,2026-09-26T23:15:00+0200,5959.0,MW,ES,ES,forecast_onshore_wind_generation,Wind Onshore,2026-09-25T20:16:06Z
2026-09-25T20:14:32Z,2026-09-25T22:14:32+0200,0058ff56-e9e2-4f32-86d7-71abbced9686,2026-09-26T21:30:00Z,2026-09-26T23:30:00+0200,5990.0,MW,ES,ES,forecast_onshore_wind_generation,Wind Onshore,2026-09-25T20:16:06Z
2026-09-25T20:14:32Z,2026-09-25T22:14:32+0200,0058ff56-e9e2-4f32-86d7-71abbced9686,2026-09-26T21:45:00Z,2026-09-26T23:45:00+0200,6008.0,MW,ES,ES,forecast_onshore_wind_generation,Wind Onshore,2026-09-25T20:16:06Z
