collection_time_utc,collection_time_local,run_id,timestamp_utc,timestamp_local,value,unit,country,entsoe_area,variable,source,updated_at_utc
2026-09-12T06:26:56Z,2026-09-12T08:26:56+0200,3f9e494a-692f-42c6-9506-a86caefa9e16,2026-09-05T07:00:00Z,2026-09-05T09:00:00+0200,3048.0,MW,ES,ES,forecast_onshore_wind_generation,Wind Onshore,2026-09-12T06:31:34Z
2026-09-12T06:26:56Z,2026-09-12T08:26:56+0200,3f9e494a-692f-42c6-9506-a86caefa9e16,2026-09-05T07:15:00Z,2026-09-05T09:15:00+0200,2954.0,MW,ES,ES,forecast_onshore_wind_generation,Wind Onshore,2026-09-12T06:31:34Z
2026-09-12T06:26:56Z,2026-09-12T08:26:56+0200,3f9e494a-692f-42c6-9506-a86caefa9e16,2026-09-05T07:30:00Z,2026-09-05T09:30:00+0200,2903.0,MW,ES,ES,forecast_onshore_wind_generation,Wind Onshore,2026-09-12T06:31:34Z
2026-09-12T06:26:56Z,2026-09-12T08:26:56+0200,3f9e494a-692f-42c6-9506-a86caefa9e16,2026-09-05T07:45:00Z,2026-09-05T09:45:00+0200,2891.0,MW,ES,ES,forecast_onshore_wind_generation,Wind Onshore,2026-09-12T06:31:34Z
2026-09-12T06:26:56Z,2026-09-12T08:26:56+0200,3f9e494a-692f-42c6-9506-a86caefa9e16,2026-09-05T08:00:00Z,2026-09-05T10:00:00+0200,2864.0,MW,ES,ES,forecast_onshore_wind_generation,Wind Onshore,2026-09-12T06:31:34Z
2026-09-12T06:26:56Z,2026-09-12T08:26:56+0200,3f9e494a-692f-42c6-9506-a86caefa9e16,2026-09-05T08:15:00Z,2026-09-05T10:15:00+0200,2911.0,MW,ES,ES,forecast_onshore_wind_generation,Wind Onshore,2026-09-12T06:31:34Z
2026-09-12T06:26:56Z,2026-09-12T08:26:56+0200,3f9e494a-692f-42c6-9506-a86caefa9e16,2026-09-05T08:30:00Z,2026-09-05T10:30:00+0200,2979.0,MW,ES,ES,forecast_onshore_wind_generation,Wind Onshore,2026-09-12T06:31:34Z
2026-09-12T06:26:56Z,2026-09-12T08:26:56+0200,3f9e494a-692f-42c6-9506-a86caefa9e16,2026-09-05T08:45:00Z,2026-09-05T10:45:00+0200,3064.0,MW,ES,ES,forecast_onshore_wind_generation,Wind Onshore,2026-09-12T06:31:34Z
2026-09-12T06:26:56Z,2026-09-12T08:26:56+0200,3f9e494a-692f-42c6-9506-a86caefa9e16,2026-09-05T09:00:00Z,2026-09-05T11:00:00+0200,3153.0,MW,ES,ES,forecast_onshore_wind_generation,Wind Onshore,2026-09-12T06:31:34Z
2026-09-12T06:26:56Z,2026-09-12T08:26:56+0200,3f9e494a-692f-42c6-9506-a86caefa9e16,2026-09-05T09:15:00Z,2026-09-05T11:15:00+0200,3219.0,MW,ES,ES,forecast_onshore_wind_generation,Wind Onshore,2026-09-12T06:31:34Z
2026-09-12T06:26:56Z,2026-09-12T08:26:56+0200,3f9e494a-692f-42c6-9506-a86caefa9e16,2026-09-05T09:30:00Z,2026-09-05T11:30:00+0200,3293.0,MW,ES,ES,forecast_onshore_wind_generation,Wind Onshore,2026-09-12T06:31:34Z
2026-09-12T06:26:56Z,2026-09-12T08:26:56+0200,3f9e494a-692f-42c6-9506-a86caefa9e16,2026-09-05T09:45:00Z,2026-09-05T11:45:00+0200,3416.0,MW,ES,ES,forecast_onshore_wind_generation,Wind Onshore,2026-09-12T06:31:34Z
2026-09-12T06:26:56Z,2026-09-12T08:26:56+0200,3f9e494a-692f-42c6-9506-a86caefa9e16,2026-09-05T10:00:00Z,2026-09-05T12:00:00+0200,3536.0,MW,ES,ES,forecast_onshore_wind_generation,Wind Onshore,2026-09-12T06:31:34Z
2026-09-12T06:26:56Z,2026-09-12T08:26:56+0200,3f9e494a-692f-42c6-9506-a86caefa9e16,2026-09-05T10:15:00Z,2026-09-05T12:15:00+0200,3699.0,MW,ES,ES,forecast_onshore_wind_generation,Wind Onshore,2026-09-12T06:31:34Z
2026-09-12T06:26:56Z,2026-09-12T08:26:56+0200,3f9e494a-692f-42c6-9506-a86caefa9e16,2026-09-05T10:30:00Z,2026-09-05T12:30:00+0200,3889.0,MW,ES,ES,forecast_onshore_wind_generation,Wind Onshore,2026-09-12T06:31:34Z
2026-09-12T06:26:56Z,2026-09-12T08:26:56+0200,3f9e494a-692f-42c6-9506-a86caefa9e16,2026-09-05T10:45:00Z,2026-09-05T12:45:00+0200,4101.0,MW,ES,ES,forecast_onshore_wind_generation,Wind Onshore,2026-09-12T06:31:34Z
2026-09-12T06:26:56Z,2026-09-12T08:26:56+0200,3f9e494a-692f-42c6-9506-a86caefa9e16,2026-09-05T11:00:00Z,2026-09-05T13:00:00+0200,4244.0,MW,ES,ES,forecast_onshore_wind_generation,Wind Onshore,2026-09-12T06:31:34Z
2026-09-12T06:26:56Z,2026-09-12T08:26:56+0200,3f9e494a-692f-42c6-9506-a86caefa9e16,2026-09-05T11:15:00Z,2026-09-05T13:15:00+0200,4465.0,MW,ES,ES,forecast_onshore_wind_generation,Wind Onshore,2026-09-12T06:31:34Z
2026-09-12T06:26:56Z,2026-09-12T08:26:56+0200,3f9e494a-692f-42c6-9506-a86caefa9e16,2026-09-05T11:30:00Z,2026-09-05T13:30:00+0200,4684.0,MW,ES,ES,forecast_onshore_wind_generation,Wind Onshore,2026-09-12T06:31:34Z
2026-09-12T06:26:56Z,2026-09-12T08:26:56+0200,3f9e494a-692f-42c6-9506-a86caefa9e16,2026-09-05T11:45:00Z,2026-09-05T13:45:00+0200,4968.0,MW,ES,ES,forecast_onshore_wind_generation,Wind Onshore,2026-09-12T06:31:34Z
2026-09-12T06:26:56Z,2026-09-12T08:26:56+0200,3f9e494a-692f-42c6-9506-a86caefa9e16,2026-09-05T12:00:00Z,2026-09-05T14:00:00+0200,5212.0,MW,ES,ES,forecast_onshore_wind_generation,Wind Onshore,2026-09-12T06:31:34Z
2026-09-12T06:26:56Z,2026-09-12T08:26:56+0200,3f9e494a-692f-42c6-9506-a86caefa9e16,2026-09-05T12:15:00Z,2026-09-05T14:15:00+0200,5403.0,MW,ES,ES,forecast_onshore_wind_generation,Wind Onshore,2026-09-12T06:31:34Z
2026-09-12T06:26:56Z,2026-09-12T08:26:56+0200,3f9e494a-692f-42c6-9506-a86caefa9e16,2026-09-05T12:30:00Z,2026-09-05T14:30:00+0200,5656.0,MW,ES,ES,forecast_onshore_wind_generation,Wind Onshore,2026-09-12T06:31:34Z
2026-09-12T06:26:56Z,2026-09-12T08:26:56+0200,3f9e494a-692f-42c6-9506-a86caefa9e16,2026-09-05T12:45:00Z,2026-09-05T14:45:00+0200,5819.0,MW,ES,ES,forecast_onshore_wind_generation,Wind Onshore,2026-09-12T06:31:34Z
2026-09-12T06:26:56Z,2026-09-12T08:26:56+0200,3f9e494a-692f-42c6-9506-a86caefa9e16,2026-09-05T13:00:00Z,2026-09-05T15:00:00+0200,5927.0,MW,ES,ES,forecast_onshore_wind_generation,Wind Onshore,2026-09-12T06:31:34Z
2026-09-12T06:26:56Z,2026-09-12T08:26:56+0200,3f9e494a-692f-42c6-9506-a86caefa9e16,2026-09-05T13:15:00Z,2026-09-05T15:15:00+0200,6065.0,MW,ES,ES,forecast_onshore_wind_generation,Wind Onshore,2026-09-12T06:31:34Z
2026-09-12T06:26:56Z,2026-09-12T08:26:56+0200,3f9e494a-692f-42c6-9506-a86caefa9e16,2026-09-05T13:30:00Z,2026-09-05T15:30:00+0200,6201.0,MW,ES,ES,forecast_onshore_wind_generation,Wind Onshore,2026-09-12T06:31:34Z
2026-09-12T06:26:56Z,2026-09-12T08:26:56+0200,3f9e494a-692f-42c6-9506-a86caefa9e16,2026-09-05T13:45:00Z,2026-09-05T15:45:00+0200,6352.0,MW,ES,ES,forecast_onshore_wind_generation,Wind Onshore,2026-09-12T06:31:34Z
2026-09-12T06:26:56Z,2026-09-12T08:26:56+0200,3f9e494a-692f-42c6-9506-a86caefa9e16,2026-09-05T14:00:00Z,2026-09-05T16:00:00+0200,6495.0,MW,ES,ES,forecast_onshore_wind_generation,Wind Onshore,2026-09-12T06:31:34Z
2026-09-12T06:26:56Z,2026-09-12T08:26:56+0200,3f9e494a-692f-42c6-9506-a86caefa9e16,2026-09-05T14:15:00Z,2026-09-05T16:15:00+0200,6573.0,MW,ES,ES,forecast_onshore_wind_generation,Wind Onshore,2026-09-12T06:31:34Z
2026-09-12T06:26:56Z,2026-09-12T08:26:56+0200,3f9e494a-692f-42c6-9506-a86caefa9e16,2026-09-05T14:30:00Z,2026-09-05T16:30:00+0200,6645.0,MW,ES,ES,forecast_onshore_wind_generation,Wind Onshore,2026-09-12T06:31:34Z
2026-09-12T06:26:56Z,2026-09-12T08:26:56+0200,3f9e494a-692f-42c6-9506-a86caefa9e16,2026-09-05T14:45:00Z,2026-09-05T16:45:00+0200,6694.0,MW,ES,ES,forecast_onshore_wind_generation,Wind Onshore,2026-09-12T06:31:34Z
2026-09-12T06:26:56Z,2026-09-12T08:26:56+0200,3f9e494a-692f-42c6-9506-a86caefa9e16,2026-09-05T15:00:00Z,2026-09-05T17:00:00+0200,6731.0,MW,ES,ES,forecast_onshore_wind_generation,Wind Onshore,2026-09-12T06:31:34Z
2026-09-12T06:26:56Z,2026-09-12T08:26:56+0200,3f9e494a-692f-42c6-9506-a86caefa9e16,2026-09-05T15:15:00Z,2026-09-05T17:15:00+0200,6843.0,MW,ES,ES,forecast_onshore_wind_generation,Wind Onshore,2026-09-12T06:31:34Z
2026-09-12T06:26:56Z,2026-09-12T08:26:56+0200,3f9e494a-692f-42c6-9506-a86caefa9e16,2026-09-05T15:30:00Z,2026-09-05T17:30:00+0200,6896.0,MW,ES,ES,forecast_onshore_wind_generation,Wind Onshore,2026-09-12T06:31:34Z
2026-09-12T06:26:56Z,2026-09-12T08:26:56+0200,3f9e494a-692f-42c6-9506-a86caefa9e16,2026-09-05T15:45:00Z,2026-09-05T17:45:00+0200,6860.0,MW,ES,ES,forecast_onshore_wind_generation,Wind Onshore,2026-09-12T06:31:34Z
2026-09-12T06:26:56Z,2026-09-12T08:26:56+0200,3f9e494a-692f-42c6-9506-a86caefa9e16,2026-09-05T16:00:00Z,2026-09-05T18:00:00+0200,7103.0,MW,ES,ES,forecast_onshore_wind_generation,Wind Onshore,2026-09-12T06:31:34Z
2026-09-12T06:26:56Z,2026-09-12T08:26:56+0200,3f9e494a-692f-42c6-9506-a86caefa9e16,2026-09-05T16:15:00Z,2026-09-05T18:15:00+0200,7131.0,MW,ES,ES,forecast_onshore_wind_generation,Wind Onshore,2026-09-12T06:31:34Z
2026-09-12T06:26:56Z,2026-09-12T08:26:56+0200,3f9e494a-692f-42c6-9506-a86caefa9e16,2026-09-05T16:30:00Z,2026-09-05T18:30:00+0200,7142.0,MW,ES,ES,forecast_onshore_wind_generation,Wind Onshore,2026-09-12T06:31:34Z
2026-09-12T06:26:56Z,2026-09-12T08:26:56+0200,3f9e494a-692f-42c6-9506-a86caefa9e16,2026-09-05T16:45:00Z,2026-09-05T18:45:00+0200,7205.0,MW,ES,ES,forecast_onshore_wind_generation,Wind Onshore,2026-09-12T06:31:34Z
2026-09-12T06:26:56Z,2026-09-12T08:26:56+0200,3f9e494a-692f-42c6-9506-a86caefa9e16,2026-09-05T17:00:00Z,2026-09-05T19:00:00+0200,7173.0,MW,ES,ES,forecast_onshore_wind_generation,Wind Onshore,2026-09-12T06:31:34Z
2026-09-12T06:26:56Z,2026-09-12T08:26:56+0200,3f9e494a-692f-42c6-9506-a86caefa9e16,2026-09-05T17:15:00Z,2026-09-05T19:15:00+0200,7167.0,MW,ES,ES,forecast_onshore_wind_generation,Wind Onshore,2026-09-12T06:31:34Z
2026-09-12T06:26:56Z,2026-09-12T08:26:56+0200,3f9e494a-692f-42c6-9506-a86caefa9e16,2026-09-05T17:30:00Z,2026-09-05T19:30:00+0200,7117.0,MW,ES,ES,forecast_onshore_wind_generation,Wind Onshore,2026-09-12T06:31:34Z
2026-09-12T06:26:56Z,2026-09-12T08:26:56+0200,3f9e494a-692f-42c6-9506-a86caefa9e16,2026-09-05T17:45:00Z,2026-09-05T19:45:00+0200,7054.0,MW,ES,ES,forecast_onshore_wind_generation,Wind Onshore,2026-09-12T06:31:34Z
2026-09-12T06:26:56Z,2026-09-12T08:26:56+0200,3f9e494a-692f-42c6-9506-a86caefa9e16,2026-09-05T18:00:00Z,2026-09-05T20:00:00+0200,7010.0,MW,ES,ES,forecast_onshore_wind_generation,Wind Onshore,2026-09-12T06:31:34Z
2026-09-12T06:26:56Z,2026-09-12T08:26:56+0200,3f9e494a-692f-42c6-9506-a86caefa9e16,2026-09-05T18:15:00Z,2026-09-05T20:15:00+0200,6931.0,MW,ES,ES,forecast_onshore_wind_generation,Wind Onshore,2026-09-12T06:31:34Z
2026-09-12T06:26:56Z,2026-09-12T08:26:56+0200,3f9e494a-692f-42c6-9506-a86caefa9e16,2026-09-05T18:30:00Z,2026-09-05T20:30:00+0200,6845.0,MW,ES,ES,forecast_onshore_wind_generation,Wind Onshore,2026-09-12T06:31:34Z
2026-09-12T06:26:56Z,2026-09-12T08:26:56+0200,3f9e494a-692f-42c6-9506-a86caefa9e16,2026-09-05T18:45:00Z,2026-09-05T20:45:00+0200,6755.0,MW,ES,ES,forecast_onshore_wind_generation,Wind Onshore,2026-09-12T06:31:34Z
2026-09-12T06:26:56Z,2026-09-12T08:26:56+0200,3f9e494a-692f-42c6-9506-a86caefa9e16,2026-09-05T19:00:00Z,2026-09-05T21:00:00+0200,6720.0,MW,ES,ES,forecast_onshore_wind_generation,Wind Onshore,2026-09-12T06:31:34Z
2026-09-12T06:26:56Z,2026-09-12T08:26:56+0200,3f9e494a-692f-42c6-9506-a86caefa9e16,2026-09-05T19:15:00Z,2026-09-05T21:15:00+0200,6622.0,MW,ES,ES,forecast_onshore_wind_generation,Wind Onshore,2026-09-12T06:31:34Z
2026-09-12T06:26:56Z,2026-09-12T08:26:56+0200,3f9e494a-692f-42c6-9506-a86caefa9e16,2026-09-05T19:30:00Z,2026-09-05T21:30:00+0200,6521.0,MW,ES,ES,forecast_onshore_wind_generation,Wind Onshore,2026-09-12T06:31:34Z
2026-09-12T06:26:56Z,2026-09-12T08:26:56+0200,3f9e494a-692f-42c6-9506-a86caefa9e16,2026-09-05T19:45:00Z,2026-09-05T21:45:00+0200,6419.0,MW,ES,ES,forecast_onshore_wind_generation,Wind Onshore,2026-09-12T06:31:34Z
2026-09-12T06:26:56Z,2026-09-12T08:26:56+0200,3f9e494a-692f-42c6-9506-a86caefa9e16,2026-09-05T20:00:00Z,2026-09-05T22:00:00+0200,6321.0,MW,ES,ES,forecast_onshore_wind_generation,Wind Onshore,2026-09-12T06:31:34Z
2026-09-12T06:26:56Z,2026-09-12T08:26:56+0200,3f9e494a-692f-42c6-9506-a86caefa9e16,2026-09-05T20:15:00Z,2026-09-05T22:15:00+0200,6221.0,MW,ES,ES,forecast_onshore_wind_generation,Wind Onshore,2026-09-12T06:31:34Z
2026-09-12T06:26:56Z,2026-09-12T08:26:56+0200,3f9e494a-692f-42c6-9506-a86caefa9e16,2026-09-05T20:30:00Z,2026-09-05T22:30:00+0200,6125.0,MW,ES,ES,forecast_onshore_wind_generation,Wind Onshore,2026-09-12T06:31:34Z
2026-09-12T06:26:56Z,2026-09-12T08:26:56+0200,3f9e494a-692f-42c6-9506-a86caefa9e16,2026-09-05T20:45:00Z,2026-09-05T22:45:00+0200,6031.0,MW,ES,ES,forecast_onshore_wind_generation,Wind Onshore,2026-09-12T06:31:34Z
2026-09-12T06:26:56Z,2026-09-12T08:26:56+0200,3f9e494a-692f-42c6-9506-a86caefa9e16,2026-09-05T21:00:00Z,2026-09-05T23:00:00+0200,5951.0,MW,ES,ES,forecast_onshore_wind_generation,Wind Onshore,2026-09-12T06:31:34Z
2026-09-12T06:26:56Z,2026-09-12T08:26:56+0200,3f9e494a-692f-42c6-9506-a86caefa9e16,2026-09-05T21:15:00Z,2026-09-05T23:15:00+0200,5859.0,MW,ES,ES,forecast_onshore_wind_generation,Wind Onshore,2026-09-12T06:31:34Z
2026-09-12T06:26:56Z,2026-09-12T08:26:56+0200,3f9e494a-692f-42c6-9506-a86caefa9e16,2026-09-05T21:30:00Z,2026-09-05T23:30:00+0200,5766.0,MW,ES,ES,forecast_onshore_wind_generation,Wind Onshore,2026-09-12T06:31:34Z
2026-09-12T06:26:56Z,2026-09-12T08:26:56+0200,3f9e494a-692f-42c6-9506-a86caefa9e16,2026-09-05T21:45:00Z,2026-09-05T23:45:00+0200,5670.0,MW,ES,ES,forecast_onshore_wind_generation,Wind Onshore,2026-09-12T06:31:34Z
2026-09-12T06:26:56Z,2026-09-12T08:26:56+0200,3f9e494a-692f-42c6-9506-a86caefa9e16,2026-09-05T22:00:00Z,2026-09-06T00:00:00+0200,5570.0,MW,ES,ES,forecast_onshore_wind_generation,Wind Onshore,2026-09-12T06:31:34Z
2026-09-12T06:26:56Z,2026-09-12T08:26:56+0200,3f9e494a-692f-42c6-9506-a86caefa9e16,2026-09-05T22:15:00Z,2026-09-06T00:15:00+0200,5414.0,MW,ES,ES,forecast_onshore_wind_generation,Wind Onshore,2026-09-12T06:31:34Z
2026-09-12T06:26:56Z,2026-09-12T08:26:56+0200,3f9e494a-692f-42c6-9506-a86caefa9e16,2026-09-05T22:30:00Z,2026-09-06T00:30:00+0200,5254.0,MW,ES,ES,forecast_onshore_wind_generation,Wind Onshore,2026-09-12T06:31:34Z
2026-09-12T06:26:56Z,2026-09-12T08:26:56+0200,3f9e494a-692f-42c6-9506-a86caefa9e16,2026-09-05T22:45:00Z,2026-09-06T00:45:00+0200,5090.0,MW,ES,ES,forecast_onshore_wind_generation,Wind Onshore,2026-09-12T06:31:34Z
2026-09-12T06:26:56Z,2026-09-12T08:26:56+0200,3f9e494a-692f-42c6-9506-a86caefa9e16,2026-09-05T23:00:00Z,2026-09-06T01:00:00+0200,4931.0,MW,ES,ES,forecast_onshore_wind_generation,Wind Onshore,2026-09-12T06:31:34Z
2026-09-12T06:26:56Z,2026-09-12T08:26:56+0200,3f9e494a-692f-42c6-9506-a86caefa9e16,2026-09-05T23:15:00Z,2026-09-06T01:15:00+0200,4772.0,MW,ES,ES,forecast_onshore_wind_generation,Wind Onshore,2026-09-12T06:31:34Z
2026-09-12T06:26:56Z,2026-09-12T08:26:56+0200,3f9e494a-692f-42c6-9506-a86caefa9e16,2026-09-05T23:30:00Z,2026-09-06T01:30:00+0200,4618.0,MW,ES,ES,forecast_onshore_wind_generation,Wind Onshore,2026-09-12T06:31:34Z
2026-09-12T06:26:56Z,2026-09-12T08:26:56+0200,3f9e494a-692f-42c6-9506-a86caefa9e16,2026-09-05T23:45:00Z,2026-09-06T01:45:00+0200,4472.0,MW,ES,ES,forecast_onshore_wind_generation,Wind Onshore,2026-09-12T06:31:34Z
2026-09-12T06:26:56Z,2026-09-12T08:26:56+0200,3f9e494a-692f-42c6-9506-a86caefa9e16,2026-09-06T00:00:00Z,2026-09-06T02:00:00+0200,4326.0,MW,ES,ES,forecast_onshore_wind_generation,Wind Onshore,2026-09-12T06:31:34Z
2026-09-12T06:26:56Z,2026-09-12T08:26:56+0200,3f9e494a-692f-42c6-9506-a86caefa9e16,2026-09-06T00:15:00Z,2026-09-06T02:15:00+0200,4195.0,MW,ES,ES,forecast_onshore_wind_generation,Wind Onshore,2026-09-12T06:31:34Z
2026-09-12T06:26:56Z,2026-09-12T08:26:56+0200,3f9e494a-692f-42c6-9506-a86caefa9e16,2026-09-06T00:30:00Z,2026-09-06T02:30:00+0200,4074.0,MW,ES,ES,forecast_onshore_wind_generation,Wind Onshore,2026-09-12T06:31:34Z
2026-09-12T06:26:56Z,2026-09-12T08:26:56+0200,3f9e494a-692f-42c6-9506-a86caefa9e16,2026-09-06T00:45:00Z,2026-09-06T02:45:00+0200,3959.0,MW,ES,ES,forecast_onshore_wind_generation,Wind Onshore,2026-09-12T06:31:34Z
2026-09-12T06:26:56Z,2026-09-12T08:26:56+0200,3f9e494a-692f-42c6-9506-a86caefa9e16,2026-09-06T01:00:00Z,2026-09-06T03:00:00+0200,3848.0,MW,ES,ES,forecast_onshore_wind_generation,Wind Onshore,2026-09-12T06:31:34Z
2026-09-12T06:26:56Z,2026-09-12T08:26:56+0200,3f9e494a-692f-42c6-9506-a86caefa9e16,2026-09-06T01:15:00Z,2026-09-06T03:15:00+0200,3750.0,MW,ES,ES,forecast_onshore_wind_generation,Wind Onshore,2026-09-12T06:31:34Z
2026-09-12T06:26:56Z,2026-09-12T08:26:56+0200,3f9e494a-692f-42c6-9506-a86caefa9e16,2026-09-06T01:30:00Z,2026-09-06T03:30:00+0200,3657.0,MW,ES,ES,forecast_onshore_wind_generation,Wind Onshore,2026-09-12T06:31:34Z
2026-09-12T06:26:56Z,2026-09-12T08:26:56+0200,3f9e494a-692f-42c6-9506-a86caefa9e16,2026-09-06T01:45:00Z,2026-09-06T03:45:00+0200,3573.0,MW,ES,ES,forecast_onshore_wind_generation,Wind Onshore,2026-09-12T06:31:34Z
2026-09-12T06:26:56Z,2026-09-12T08:26:56+0200,3f9e494a-692f-42c6-9506-a86caefa9e16,2026-09-06T02:00:00Z,2026-09-06T04:00:00+0200,3488.0,MW,ES,ES,forecast_onshore_wind_generation,Wind Onshore,2026-09-12T06:31:34Z
2026-09-12T06:26:56Z,2026-09-12T08:26:56+0200,3f9e494a-692f-42c6-9506-a86caefa9e16,2026-09-06T02:15:00Z,2026-09-06T04:15:00+0200,3414.0,MW,ES,ES,forecast_onshore_wind_generation,Wind Onshore,2026-09-12T06:31:34Z
2026-09-12T06:26:56Z,2026-09-12T08:26:56+0200,3f9e494a-692f-42c6-9506-a86caefa9e16,2026-09-06T02:30:00Z,2026-09-06T04:30:00+0200,3344.0,MW,ES,ES,forecast_onshore_wind_generation,Wind Onshore,2026-09-12T06:31:34Z
2026-09-12T06:26:56Z,2026-09-12T08:26:56+0200,3f9e494a-692f-42c6-9506-a86caefa9e16,2026-09-06T02:45:00Z,2026-09-06T04:45:00+0200,3277.0,MW,ES,ES,forecast_onshore_wind_generation,Wind Onshore,2026-09-12T06:31:34Z
2026-09-12T06:26:56Z,2026-09-12T08:26:56+0200,3f9e494a-692f-42c6-9506-a86caefa9e16,2026-09-06T03:00:00Z,2026-09-06T05:00:00+0200,3214.0,MW,ES,ES,forecast_onshore_wind_generation,Wind Onshore,2026-09-12T06:31:34Z
2026-09-12T06:26:56Z,2026-09-12T08:26:56+0200,3f9e494a-692f-42c6-9506-a86caefa9e16,2026-09-06T03:15:00Z,2026-09-06T05:15:00+0200,3148.0,MW,ES,ES,forecast_onshore_wind_generation,Wind Onshore,2026-09-12T06:31:34Z
2026-09-12T06:26:56Z,2026-09-12T08:26:56+0200,3f9e494a-692f-42c6-9506-a86caefa9e16,2026-09-06T03:30:00Z,2026-09-06T05:30:00+0200,3081.0,MW,ES,ES,forecast_onshore_wind_generation,Wind Onshore,2026-09-12T06:31:34Z
2026-09-12T06:26:56Z,2026-09-12T08:26:56+0200,3f9e494a-692f-42c6-9506-a86caefa9e16,2026-09-06T03:45:00Z,2026-09-06T05:45:00+0200,3012.0,MW,ES,ES,forecast_onshore_wind_generation,Wind Onshore,2026-09-12T06:31:34Z
2026-09-12T06:26:56Z,2026-09-12T08:26:56+0200,3f9e494a-692f-42c6-9506-a86caefa9e16,2026-09-06T04:00:00Z,2026-09-06T06:00:00+0200,2947.0,MW,ES,ES,forecast_onshore_wind_generation,Wind Onshore,2026-09-12T06:31:34Z
2026-09-12T06:26:56Z,2026-09-12T08:26:56+0200,3f9e494a-692f-42c6-9506-a86caefa9e16,2026-09-06T04:15:00Z,2026-09-06T06:15:00+0200,2875.0,MW,ES,ES,forecast_onshore_wind_generation,Wind Onshore,2026-09-12T06:31:34Z
2026-09-12T06:26:56Z,2026-09-12T08:26:56+0200,3f9e494a-692f-42c6-9506-a86caefa9e16,2026-09-06T04:30:00Z,2026-09-06T06:30:00+0200,2803.0,MW,ES,ES,forecast_onshore_wind_generation,Wind Onshore,2026-09-12T06:31:34Z
2026-09-12T06:26:56Z,2026-09-12T08:26:56+0200,3f9e494a-692f-42c6-9506-a86caefa9e16,2026-09-06T04:45:00Z,2026-09-06T06:45:00+0200,2728.0,MW,ES,ES,forecast_onshore_wind_generation,Wind Onshore,2026-09-12T06:31:34Z
2026-09-12T06:26:56Z,2026-09-12T08:26:56+0200,3f9e494a-692f-42c6-9506-a86caefa9e16,2026-09-06T05:00:00Z,2026-09-06T07:00:00+0200,2661.0,MW,ES,ES,forecast_onshore_wind_generation,Wind Onshore,2026-09-12T06:31:34Z
2026-09-12T06:26:56Z,2026-09-12T08:26:56+0200,3f9e494a-692f-42c6-9506-a86caefa9e16,2026-09-06T05:15:00Z,2026-09-06T07:15:00+0200,2582.0,MW,ES,ES,forecast_onshore_wind_generation,Wind Onshore,2026-09-12T06:31:34Z
2026-09-12T06:26:56Z,2026-09-12T08:26:56+0200,3f9e494a-692f-42c6-9506-a86caefa9e16,2026-09-06T05:30:00Z,2026-09-06T07:30:00+0200,2500.0,MW,ES,ES,forecast_onshore_wind_generation,Wind Onshore,2026-09-12T06:31:34Z
2026-09-12T06:26:56Z,2026-09-12T08:26:56+0200,3f9e494a-692f-42c6-9506-a86caefa9e16,2026-09-06T05:45:00Z,2026-09-06T07:45:00+0200,2414.0,MW,ES,ES,forecast_onshore_wind_generation,Wind Onshore,2026-09-12T06:31:34Z
2026-09-12T06:26:56Z,2026-09-12T08:26:56+0200,3f9e494a-692f-42c6-9506-a86caefa9e16,2026-09-06T06:00:00Z,2026-09-06T08:00:00+0200,2337.0,MW,ES,ES,forecast_onshore_wind_generation,Wind Onshore,2026-09-12T06:31:34Z
2026-09-12T06:26:56Z,2026-09-12T08:26:56+0200,3f9e494a-692f-42c6-9506-a86caefa9e16,2026-09-06T06:15:00Z,2026-09-06T08:15:00+0200,2244.0,MW,ES,ES,forecast_onshore_wind_generation,Wind Onshore,2026-09-12T06:31:34Z
2026-09-12T06:26:56Z,2026-09-12T08:26:56+0200,3f9e494a-692f-42c6-9506-a86caefa9e16,2026-09-06T06:30:00Z,2026-09-06T08:30:00+0200,2148.0,MW,ES,ES,forecast_onshore_wind_generation,Wind Onshore,2026-09-12T06:31:34Z
2026-09-12T06:26:56Z,2026-09-12T08:26:56+0200,3f9e494a-692f-42c6-9506-a86caefa9e16,2026-09-06T06:45:00Z,2026-09-06T08:45:00+0200,2054.0,MW,ES,ES,forecast_onshore_wind_generation,Wind Onshore,2026-09-12T06:31:34Z
2026-09-12T06:26:56Z,2026-09-12T08:26:56+0200,3f9e494a-692f-42c6-9506-a86caefa9e16,2026-09-06T07:00:00Z,2026-09-06T09:00:00+0200,1948.0,MW,ES,ES,forecast_onshore_wind_generation,Wind Onshore,2026-09-12T06:31:34Z
2026-09-12T06:26:56Z,2026-09-12T08:26:56+0200,3f9e494a-692f-42c6-9506-a86caefa9e16,2026-09-06T07:15:00Z,2026-09-06T09:15:00+0200,1867.0,MW,ES,ES,forecast_onshore_wind_generation,Wind Onshore,2026-09-12T06:31:34Z
2026-09-12T06:26:56Z,2026-09-12T08:26:56+0200,3f9e494a-692f-42c6-9506-a86caefa9e16,2026-09-06T07:30:00Z,2026-09-06T09:30:00+0200,1782.0,MW,ES,ES,forecast_onshore_wind_generation,Wind Onshore,2026-09-12T06:31:34Z
2026-09-12T06:26:56Z,2026-09-12T08:26:56+0200,3f9e494a-692f-42c6-9506-a86caefa9e16,2026-09-06T07:45:00Z,2026-09-06T09:45:00+0200,1729.0,MW,ES,ES,forecast_onshore_wind_generation,Wind Onshore,2026-09-12T06:31:34Z
2026-09-12T06:26:56Z,2026-09-12T08:26:56+0200,3f9e494a-692f-42c6-9506-a86caefa9e16,2026-09-06T08:00:00Z,2026-09-06T10:00:00+0200,1661.0,MW,ES,ES,forecast_onshore_wind_generation,Wind Onshore,2026-09-12T06:31:34Z
2026-09-12T06:26:56Z,2026-09-12T08:26:56+0200,3f9e494a-692f-42c6-9506-a86caefa9e16,2026-09-06T08:15:00Z,2026-09-06T10:15:00+0200,1636.0,MW,ES,ES,forecast_onshore_wind_generation,Wind Onshore,2026-09-12T06:31:34Z
2026-09-12T06:26:56Z,2026-09-12T08:26:56+0200,3f9e494a-692f-42c6-9506-a86caefa9e16,2026-09-06T08:30:00Z,2026-09-06T10:30:00+0200,1610.0,MW,ES,ES,forecast_onshore_wind_generation,Wind Onshore,2026-09-12T06:31:34Z
2026-09-12T06:26:56Z,2026-09-12T08:26:56+0200,3f9e494a-692f-42c6-9506-a86caefa9e16,2026-09-06T08:45:00Z,2026-09-06T10:45:00+0200,1570.0,MW,ES,ES,forecast_onshore_wind_generation,Wind Onshore,2026-09-12T06:31:34Z
2026-09-12T06:26:56Z,2026-09-12T08:26:56+0200,3f9e494a-692f-42c6-9506-a86caefa9e16,2026-09-06T09:00:00Z,2026-09-06T11:00:00+0200,1273.0,MW,ES,ES,forecast_onshore_wind_generation,Wind Onshore,2026-09-12T06:31:34Z
2026-09-12T06:26:56Z,2026-09-12T08:26:56+0200,3f9e494a-692f-42c6-9506-a86caefa9e16,2026-09-06T09:15:00Z,2026-09-06T11:15:00+0200,1293.0,MW,ES,ES,forecast_onshore_wind_generation,Wind Onshore,2026-09-12T06:31:34Z
2026-09-12T06:26:56Z,2026-09-12T08:26:56+0200,3f9e494a-692f-42c6-9506-a86caefa9e16,2026-09-06T09:30:00Z,2026-09-06T11:30:00+0200,1334.0,MW,ES,ES,forecast_onshore_wind_generation,Wind Onshore,2026-09-12T06:31:34Z
2026-09-12T06:26:56Z,2026-09-12T08:26:56+0200,3f9e494a-692f-42c6-9506-a86caefa9e16,2026-09-06T09:45:00Z,2026-09-06T11:45:00+0200,1379.0,MW,ES,ES,forecast_onshore_wind_generation,Wind Onshore,2026-09-12T06:31:34Z
2026-09-12T06:26:56Z,2026-09-12T08:26:56+0200,3f9e494a-692f-42c6-9506-a86caefa9e16,2026-09-06T10:00:00Z,2026-09-06T12:00:00+0200,1424.0,MW,ES,ES,forecast_onshore_wind_generation,Wind Onshore,2026-09-12T06:31:34Z
2026-09-12T06:26:56Z,2026-09-12T08:26:56+0200,3f9e494a-692f-42c6-9506-a86caefa9e16,2026-09-06T10:15:00Z,2026-09-06T12:15:00+0200,1481.0,MW,ES,ES,forecast_onshore_wind_generation,Wind Onshore,2026-09-12T06:31:34Z
2026-09-12T06:26:56Z,2026-09-12T08:26:56+0200,3f9e494a-692f-42c6-9506-a86caefa9e16,2026-09-06T10:30:00Z,2026-09-06T12:30:00+0200,1540.0,MW,ES,ES,forecast_onshore_wind_generation,Wind Onshore,2026-09-12T06:31:34Z
2026-09-12T06:26:56Z,2026-09-12T08:26:56+0200,3f9e494a-692f-42c6-9506-a86caefa9e16,2026-09-06T10:45:00Z,2026-09-06T12:45:00+0200,1601.0,MW,ES,ES,forecast_onshore_wind_generation,Wind Onshore,2026-09-12T06:31:34Z
2026-09-12T06:26:56Z,2026-09-12T08:26:56+0200,3f9e494a-692f-42c6-9506-a86caefa9e16,2026-09-06T11:00:00Z,2026-09-06T13:00:00+0200,1667.0,MW,ES,ES,forecast_onshore_wind_generation,Wind Onshore,2026-09-12T06:31:34Z
2026-09-12T06:26:56Z,2026-09-12T08:26:56+0200,3f9e494a-692f-42c6-9506-a86caefa9e16,2026-09-06T11:15:00Z,2026-09-06T13:15:00+0200,1730.0,MW,ES,ES,forecast_onshore_wind_generation,Wind Onshore,2026-09-12T06:31:34Z
2026-09-12T06:26:56Z,2026-09-12T08:26:56+0200,3f9e494a-692f-42c6-9506-a86caefa9e16,2026-09-06T11:30:00Z,2026-09-06T13:30:00+0200,1796.0,MW,ES,ES,forecast_onshore_wind_generation,Wind Onshore,2026-09-12T06:31:34Z
2026-09-12T06:26:56Z,2026-09-12T08:26:56+0200,3f9e494a-692f-42c6-9506-a86caefa9e16,2026-09-06T11:45:00Z,2026-09-06T13:45:00+0200,1871.0,MW,ES,ES,forecast_onshore_wind_generation,Wind Onshore,2026-09-12T06:31:34Z
2026-09-12T06:26:56Z,2026-09-12T08:26:56+0200,3f9e494a-692f-42c6-9506-a86caefa9e16,2026-09-06T12:00:00Z,2026-09-06T14:00:00+0200,1972.0,MW,ES,ES,forecast_onshore_wind_generation,Wind Onshore,2026-09-12T06:31:34Z
2026-09-12T06:26:56Z,2026-09-12T08:26:56+0200,3f9e494a-692f-42c6-9506-a86caefa9e16,2026-09-06T12:15:00Z,2026-09-06T14:15:00+0200,2072.0,MW,ES,ES,forecast_onshore_wind_generation,Wind Onshore,2026-09-12T06:31:34Z
2026-09-12T06:26:56Z,2026-09-12T08:26:56+0200,3f9e494a-692f-42c6-9506-a86caefa9e16,2026-09-06T12:30:00Z,2026-09-06T14:30:00+0200,2190.0,MW,ES,ES,forecast_onshore_wind_generation,Wind Onshore,2026-09-12T06:31:34Z
2026-09-12T06:26:56Z,2026-09-12T08:26:56+0200,3f9e494a-692f-42c6-9506-a86caefa9e16,2026-09-06T12:45:00Z,2026-09-06T14:45:00+0200,2303.0,MW,ES,ES,forecast_onshore_wind_generation,Wind Onshore,2026-09-12T06:31:34Z
2026-09-12T06:26:56Z,2026-09-12T08:26:56+0200,3f9e494a-692f-42c6-9506-a86caefa9e16,2026-09-06T13:00:00Z,2026-09-06T15:00:00+0200,2456.0,MW,ES,ES,forecast_onshore_wind_generation,Wind Onshore,2026-09-12T06:31:34Z
2026-09-12T06:26:56Z,2026-09-12T08:26:56+0200,3f9e494a-692f-42c6-9506-a86caefa9e16,2026-09-06T13:15:00Z,2026-09-06T15:15:00+0200,2537.0,MW,ES,ES,forecast_onshore_wind_generation,Wind Onshore,2026-09-12T06:31:34Z
2026-09-12T06:26:56Z,2026-09-12T08:26:56+0200,3f9e494a-692f-42c6-9506-a86caefa9e16,2026-09-06T13:30:00Z,2026-09-06T15:30:00+0200,2584.0,MW,ES,ES,forecast_onshore_wind_generation,Wind Onshore,2026-09-12T06:31:34Z
2026-09-12T06:26:56Z,2026-09-12T08:26:56+0200,3f9e494a-692f-42c6-9506-a86caefa9e16,2026-09-06T13:45:00Z,2026-09-06T15:45:00+0200,2599.0,MW,ES,ES,forecast_onshore_wind_generation,Wind Onshore,2026-09-12T06:31:34Z
2026-09-12T06:26:56Z,2026-09-12T08:26:56+0200,3f9e494a-692f-42c6-9506-a86caefa9e16,2026-09-06T14:00:00Z,2026-09-06T16:00:00+0200,3245.0,MW,ES,ES,forecast_onshore_wind_generation,Wind Onshore,2026-09-12T06:31:34Z
2026-09-12T06:26:56Z,2026-09-12T08:26:56+0200,3f9e494a-692f-42c6-9506-a86caefa9e16,2026-09-06T14:15:00Z,2026-09-06T16:15:00+0200,3253.0,MW,ES,ES,forecast_onshore_wind_generation,Wind Onshore,2026-09-12T06:31:34Z
2026-09-12T06:26:56Z,2026-09-12T08:26:56+0200,3f9e494a-692f-42c6-9506-a86caefa9e16,2026-09-06T14:30:00Z,2026-09-06T16:30:00+0200,3315.0,MW,ES,ES,forecast_onshore_wind_generation,Wind Onshore,2026-09-12T06:31:34Z
2026-09-12T06:26:56Z,2026-09-12T08:26:56+0200,3f9e494a-692f-42c6-9506-a86caefa9e16,2026-09-06T14:45:00Z,2026-09-06T16:45:00+0200,3336.0,MW,ES,ES,forecast_onshore_wind_generation,Wind Onshore,2026-09-12T06:31:34Z
2026-09-12T06:26:56Z,2026-09-12T08:26:56+0200,3f9e494a-692f-42c6-9506-a86caefa9e16,2026-09-06T15:00:00Z,2026-09-06T17:00:00+0200,3366.0,MW,ES,ES,forecast_onshore_wind_generation,Wind Onshore,2026-09-12T06:31:34Z
2026-09-12T06:26:56Z,2026-09-12T08:26:56+0200,3f9e494a-692f-42c6-9506-a86caefa9e16,2026-09-06T15:15:00Z,2026-09-06T17:15:00+0200,3378.0,MW,ES,ES,forecast_onshore_wind_generation,Wind Onshore,2026-09-12T06:31:34Z
2026-09-12T06:26:56Z,2026-09-12T08:26:56+0200,3f9e494a-692f-42c6-9506-a86caefa9e16,2026-09-06T15:30:00Z,2026-09-06T17:30:00+0200,3359.0,MW,ES,ES,forecast_onshore_wind_generation,Wind Onshore,2026-09-12T06:31:34Z
2026-09-12T06:26:56Z,2026-09-12T08:26:56+0200,3f9e494a-692f-42c6-9506-a86caefa9e16,2026-09-06T15:45:00Z,2026-09-06T17:45:00+0200,3333.0,MW,ES,ES,forecast_onshore_wind_generation,Wind Onshore,2026-09-12T06:31:34Z
2026-09-12T06:26:56Z,2026-09-12T08:26:56+0200,3f9e494a-692f-42c6-9506-a86caefa9e16,2026-09-06T16:00:00Z,2026-09-06T18:00:00+0200,3314.0,MW,ES,ES,forecast_onshore_wind_generation,Wind Onshore,2026-09-12T06:31:34Z
2026-09-12T06:26:56Z,2026-09-12T08:26:56+0200,3f9e494a-692f-42c6-9506-a86caefa9e16,2026-09-06T16:15:00Z,2026-09-06T18:15:00+0200,3327.0,MW,ES,ES,forecast_onshore_wind_generation,Wind Onshore,2026-09-12T06:31:34Z
2026-09-12T06:26:56Z,2026-09-12T08:26:56+0200,3f9e494a-692f-42c6-9506-a86caefa9e16,2026-09-06T16:30:00Z,2026-09-06T18:30:00+0200,3341.0,MW,ES,ES,forecast_onshore_wind_generation,Wind Onshore,2026-09-12T06:31:34Z
2026-09-12T06:26:56Z,2026-09-12T08:26:56+0200,3f9e494a-692f-42c6-9506-a86caefa9e16,2026-09-06T16:45:00Z,2026-09-06T18:45:00+0200,3353.0,MW,ES,ES,forecast_onshore_wind_generation,Wind Onshore,2026-09-12T06:31:34Z
2026-09-12T06:26:56Z,2026-09-12T08:26:56+0200,3f9e494a-692f-42c6-9506-a86caefa9e16,2026-09-06T17:00:00Z,2026-09-06T19:00:00+0200,3509.0,MW,ES,ES,forecast_onshore_wind_generation,Wind Onshore,2026-09-12T06:31:34Z
2026-09-12T06:26:56Z,2026-09-12T08:26:56+0200,3f9e494a-692f-42c6-9506-a86caefa9e16,2026-09-06T17:15:00Z,2026-09-06T19:15:00+0200,3548.0,MW,ES,ES,forecast_onshore_wind_generation,Wind Onshore,2026-09-12T06:31:34Z
2026-09-12T06:26:56Z,2026-09-12T08:26:56+0200,3f9e494a-692f-42c6-9506-a86caefa9e16,2026-09-06T17:30:00Z,2026-09-06T19:30:00+0200,3584.0,MW,ES,ES,forecast_onshore_wind_generation,Wind Onshore,2026-09-12T06:31:34Z
2026-09-12T06:26:56Z,2026-09-12T08:26:56+0200,3f9e494a-692f-42c6-9506-a86caefa9e16,2026-09-06T17:45:00Z,2026-09-06T19:45:00+0200,3598.0,MW,ES,ES,forecast_onshore_wind_generation,Wind Onshore,2026-09-12T06:31:34Z
2026-09-12T06:26:56Z,2026-09-12T08:26:56+0200,3f9e494a-692f-42c6-9506-a86caefa9e16,2026-09-06T18:00:00Z,2026-09-06T20:00:00+0200,3698.0,MW,ES,ES,forecast_onshore_wind_generation,Wind Onshore,2026-09-12T06:31:34Z
2026-09-12T06:26:56Z,2026-09-12T08:26:56+0200,3f9e494a-692f-42c6-9506-a86caefa9e16,2026-09-06T18:15:00Z,2026-09-06T20:15:00+0200,3717.0,MW,ES,ES,forecast_onshore_wind_generation,Wind Onshore,2026-09-12T06:31:34Z
2026-09-12T06:26:56Z,2026-09-12T08:26:56+0200,3f9e494a-692f-42c6-9506-a86caefa9e16,2026-09-06T18:30:00Z,2026-09-06T20:30:00+0200,3729.0,MW,ES,ES,forecast_onshore_wind_generation,Wind Onshore,2026-09-12T06:31:34Z
2026-09-12T06:26:56Z,2026-09-12T08:26:56+0200,3f9e494a-692f-42c6-9506-a86caefa9e16,2026-09-06T18:45:00Z,2026-09-06T20:45:00+0200,3732.0,MW,ES,ES,forecast_onshore_wind_generation,Wind Onshore,2026-09-12T06:31:34Z
2026-09-12T06:26:56Z,2026-09-12T08:26:56+0200,3f9e494a-692f-42c6-9506-a86caefa9e16,2026-09-06T19:00:00Z,2026-09-06T21:00:00+0200,3718.0,MW,ES,ES,forecast_onshore_wind_generation,Wind Onshore,2026-09-12T06:31:34Z
2026-09-12T06:26:56Z,2026-09-12T08:26:56+0200,3f9e494a-692f-42c6-9506-a86caefa9e16,2026-09-06T19:15:00Z,2026-09-06T21:15:00+0200,3708.0,MW,ES,ES,forecast_onshore_wind_generation,Wind Onshore,2026-09-12T06:31:34Z
2026-09-12T06:26:56Z,2026-09-12T08:26:56+0200,3f9e494a-692f-42c6-9506-a86caefa9e16,2026-09-06T19:30:00Z,2026-09-06T21:30:00+0200,3692.0,MW,ES,ES,forecast_onshore_wind_generation,Wind Onshore,2026-09-12T06:31:34Z
2026-09-12T06:26:56Z,2026-09-12T08:26:56+0200,3f9e494a-692f-42c6-9506-a86caefa9e16,2026-09-06T19:45:00Z,2026-09-06T21:45:00+0200,3672.0,MW,ES,ES,forecast_onshore_wind_generation,Wind Onshore,2026-09-12T06:31:34Z
2026-09-12T06:26:56Z,2026-09-12T08:26:56+0200,3f9e494a-692f-42c6-9506-a86caefa9e16,2026-09-06T20:00:00Z,2026-09-06T22:00:00+0200,3656.0,MW,ES,ES,forecast_onshore_wind_generation,Wind Onshore,2026-09-12T06:31:34Z
2026-09-12T06:26:56Z,2026-09-12T08:26:56+0200,3f9e494a-692f-42c6-9506-a86caefa9e16,2026-09-06T20:15:00Z,2026-09-06T22:15:00+0200,3624.0,MW,ES,ES,forecast_onshore_wind_generation,Wind Onshore,2026-09-12T06:31:34Z
2026-09-12T06:26:56Z,2026-09-12T08:26:56+0200,3f9e494a-692f-42c6-9506-a86caefa9e16,2026-09-06T20:30:00Z,2026-09-06T22:30:00+0200,3587.0,MW,ES,ES,forecast_onshore_wind_generation,Wind Onshore,2026-09-12T06:31:34Z
2026-09-12T06:26:56Z,2026-09-12T08:26:56+0200,3f9e494a-692f-42c6-9506-a86caefa9e16,2026-09-06T20:45:00Z,2026-09-06T22:45:00+0200,3543.0,MW,ES,ES,forecast_onshore_wind_generation,Wind Onshore,2026-09-12T06:31:34Z
2026-09-12T06:26:56Z,2026-09-12T08:26:56+0200,3f9e494a-692f-42c6-9506-a86caefa9e16,2026-09-06T21:00:00Z,2026-09-06T23:00:00+0200,3507.0,MW,ES,ES,forecast_onshore_wind_generation,Wind Onshore,2026-09-12T06:31:34Z
2026-09-12T06:26:56Z,2026-09-12T08:26:56+0200,3f9e494a-692f-42c6-9506-a86caefa9e16,2026-09-06T21:15:00Z,2026-09-06T23:15:00+0200,3448.0,MW,ES,ES,forecast_onshore_wind_generation,Wind Onshore,2026-09-12T06:31:34Z
2026-09-12T06:26:56Z,2026-09-12T08:26:56+0200,3f9e494a-692f-42c6-9506-a86caefa9e16,2026-09-06T21:30:00Z,2026-09-06T23:30:00+0200,3380.0,MW,ES,ES,forecast_onshore_wind_generation,Wind Onshore,2026-09-12T06:31:34Z
2026-09-12T06:26:56Z,2026-09-12T08:26:56+0200,3f9e494a-692f-42c6-9506-a86caefa9e16,2026-09-06T21:45:00Z,2026-09-06T23:45:00+0200,3305.0,MW,ES,ES,forecast_onshore_wind_generation,Wind Onshore,2026-09-12T06:31:34Z
2026-09-12T06:26:56Z,2026-09-12T08:26:56+0200,3f9e494a-692f-42c6-9506-a86caefa9e16,2026-09-06T22:00:00Z,2026-09-07T00:00:00+0200,2931.0,MW,ES,ES,forecast_onshore_wind_generation,Wind Onshore,2026-09-12T06:31:34Z
2026-09-12T06:26:56Z,2026-09-12T08:26:56+0200,3f9e494a-692f-42c6-9506-a86caefa9e16,2026-09-06T22:15:00Z,2026-09-07T00:15:00+0200,2871.0,MW,ES,ES,forecast_onshore_wind_generation,Wind Onshore,2026-09-12T06:31:34Z
2026-09-12T06:26:56Z,2026-09-12T08:26:56+0200,3f9e494a-692f-42c6-9506-a86caefa9e16,2026-09-06T22:30:00Z,2026-09-07T00:30:00+0200,2814.0,MW,ES,ES,forecast_onshore_wind_generation,Wind Onshore,2026-09-12T06:31:34Z
2026-09-12T06:26:56Z,2026-09-12T08:26:56+0200,3f9e494a-692f-42c6-9506-a86caefa9e16,2026-09-06T22:45:00Z,2026-09-07T00:45:00+0200,2762.0,MW,ES,ES,forecast_onshore_wind_generation,Wind Onshore,2026-09-12T06:31:34Z
2026-09-12T06:26:56Z,2026-09-12T08:26:56+0200,3f9e494a-692f-42c6-9506-a86caefa9e16,2026-09-06T23:00:00Z,2026-09-07T01:00:00+0200,2715.0,MW,ES,ES,forecast_onshore_wind_generation,Wind Onshore,2026-09-12T06:31:34Z
2026-09-12T06:26:56Z,2026-09-12T08:26:56+0200,3f9e494a-692f-42c6-9506-a86caefa9e16,2026-09-06T23:15:00Z,2026-09-07T01:15:00+0200,2660.0,MW,ES,ES,forecast_onshore_wind_generation,Wind Onshore,2026-09-12T06:31:34Z
2026-09-12T06:26:56Z,2026-09-12T08:26:56+0200,3f9e494a-692f-42c6-9506-a86caefa9e16,2026-09-06T23:30:00Z,2026-09-07T01:30:00+0200,2602.0,MW,ES,ES,forecast_onshore_wind_generation,Wind Onshore,2026-09-12T06:31:34Z
2026-09-12T06:26:56Z,2026-09-12T08:26:56+0200,3f9e494a-692f-42c6-9506-a86caefa9e16,2026-09-06T23:45:00Z,2026-09-07T01:45:00+0200,2540.0,MW,ES,ES,forecast_onshore_wind_generation,Wind Onshore,2026-09-12T06:31:34Z
2026-09-12T06:26:56Z,2026-09-12T08:26:56+0200,3f9e494a-692f-42c6-9506-a86caefa9e16,2026-09-07T00:00:00Z,2026-09-07T02:00:00+0200,2469.0,MW,ES,ES,forecast_onshore_wind_generation,Wind Onshore,2026-09-12T06:31:34Z
2026-09-12T06:26:56Z,2026-09-12T08:26:56+0200,3f9e494a-692f-42c6-9506-a86caefa9e16,2026-09-07T00:15:00Z,2026-09-07T02:15:00+0200,2401.0,MW,ES,ES,forecast_onshore_wind_generation,Wind Onshore,2026-09-12T06:31:34Z
2026-09-12T06:26:56Z,2026-09-12T08:26:56+0200,3f9e494a-692f-42c6-9506-a86caefa9e16,2026-09-07T00:30:00Z,2026-09-07T02:30:00+0200,2334.0,MW,ES,ES,forecast_onshore_wind_generation,Wind Onshore,2026-09-12T06:31:34Z
2026-09-12T06:26:56Z,2026-09-12T08:26:56+0200,3f9e494a-692f-42c6-9506-a86caefa9e16,2026-09-07T00:45:00Z,2026-09-07T02:45:00+0200,2266.0,MW,ES,ES,forecast_onshore_wind_generation,Wind Onshore,2026-09-12T06:31:34Z
2026-09-12T06:26:56Z,2026-09-12T08:26:56+0200,3f9e494a-692f-42c6-9506-a86caefa9e16,2026-09-07T01:00:00Z,2026-09-07T03:00:00+0200,2198.0,MW,ES,ES,forecast_onshore_wind_generation,Wind Onshore,2026-09-12T06:31:34Z
2026-09-12T06:26:56Z,2026-09-12T08:26:56+0200,3f9e494a-692f-42c6-9506-a86caefa9e16,2026-09-07T01:15:00Z,2026-09-07T03:15:00+0200,2139.0,MW,ES,ES,forecast_onshore_wind_generation,Wind Onshore,2026-09-12T06:31:34Z
2026-09-12T06:26:56Z,2026-09-12T08:26:56+0200,3f9e494a-692f-42c6-9506-a86caefa9e16,2026-09-07T01:30:00Z,2026-09-07T03:30:00+0200,2087.0,MW,ES,ES,forecast_onshore_wind_generation,Wind Onshore,2026-09-12T06:31:34Z
2026-09-12T06:26:56Z,2026-09-12T08:26:56+0200,3f9e494a-692f-42c6-9506-a86caefa9e16,2026-09-07T01:45:00Z,2026-09-07T03:45:00+0200,2039.0,MW,ES,ES,forecast_onshore_wind_generation,Wind Onshore,2026-09-12T06:31:34Z
2026-09-12T06:26:56Z,2026-09-12T08:26:56+0200,3f9e494a-692f-42c6-9506-a86caefa9e16,2026-09-07T02:00:00Z,2026-09-07T04:00:00+0200,1989.0,MW,ES,ES,forecast_onshore_wind_generation,Wind Onshore,2026-09-12T06:31:34Z
2026-09-12T06:26:56Z,2026-09-12T08:26:56+0200,3f9e494a-692f-42c6-9506-a86caefa9e16,2026-09-07T02:15:00Z,2026-09-07T04:15:00+0200,1945.0,MW,ES,ES,forecast_onshore_wind_generation,Wind Onshore,2026-09-12T06:31:34Z
2026-09-12T06:26:56Z,2026-09-12T08:26:56+0200,3f9e494a-692f-42c6-9506-a86caefa9e16,2026-09-07T02:30:00Z,2026-09-07T04:30:00+0200,1900.0,MW,ES,ES,forecast_onshore_wind_generation,Wind Onshore,2026-09-12T06:31:34Z
2026-09-12T06:26:56Z,2026-09-12T08:26:56+0200,3f9e494a-692f-42c6-9506-a86caefa9e16,2026-09-07T02:45:00Z,2026-09-07T04:45:00+0200,1854.0,MW,ES,ES,forecast_onshore_wind_generation,Wind Onshore,2026-09-12T06:31:34Z
2026-09-12T06:26:56Z,2026-09-12T08:26:56+0200,3f9e494a-692f-42c6-9506-a86caefa9e16,2026-09-07T03:00:00Z,2026-09-07T05:00:00+0200,1804.0,MW,ES,ES,forecast_onshore_wind_generation,Wind Onshore,2026-09-12T06:31:34Z
2026-09-12T06:26:56Z,2026-09-12T08:26:56+0200,3f9e494a-692f-42c6-9506-a86caefa9e16,2026-09-07T03:15:00Z,2026-09-07T05:15:00+0200,1760.0,MW,ES,ES,forecast_onshore_wind_generation,Wind Onshore,2026-09-12T06:31:34Z
2026-09-12T06:26:56Z,2026-09-12T08:26:56+0200,3f9e494a-692f-42c6-9506-a86caefa9e16,2026-09-07T03:30:00Z,2026-09-07T05:30:00+0200,1717.0,MW,ES,ES,forecast_onshore_wind_generation,Wind Onshore,2026-09-12T06:31:34Z
2026-09-12T06:26:56Z,2026-09-12T08:26:56+0200,3f9e494a-692f-42c6-9506-a86caefa9e16,2026-09-07T03:45:00Z,2026-09-07T05:45:00+0200,1675.0,MW,ES,ES,forecast_onshore_wind_generation,Wind Onshore,2026-09-12T06:31:34Z
2026-09-12T06:26:56Z,2026-09-12T08:26:56+0200,3f9e494a-692f-42c6-9506-a86caefa9e16,2026-09-07T04:00:00Z,2026-09-07T06:00:00+0200,1642.0,MW,ES,ES,forecast_onshore_wind_generation,Wind Onshore,2026-09-12T06:31:34Z
2026-09-12T06:26:56Z,2026-09-12T08:26:56+0200,3f9e494a-692f-42c6-9506-a86caefa9e16,2026-09-07T04:15:00Z,2026-09-07T06:15:00+0200,1600.0,MW,ES,ES,forecast_onshore_wind_generation,Wind Onshore,2026-09-12T06:31:34Z
2026-09-12T06:26:56Z,2026-09-12T08:26:56+0200,3f9e494a-692f-42c6-9506-a86caefa9e16,2026-09-07T04:30:00Z,2026-09-07T06:30:00+0200,1558.0,MW,ES,ES,forecast_onshore_wind_generation,Wind Onshore,2026-09-12T06:31:34Z
2026-09-12T06:26:56Z,2026-09-12T08:26:56+0200,3f9e494a-692f-42c6-9506-a86caefa9e16,2026-09-07T04:45:00Z,2026-09-07T06:45:00+0200,1514.0,MW,ES,ES,forecast_onshore_wind_generation,Wind Onshore,2026-09-12T06:31:34Z
2026-09-12T06:26:56Z,2026-09-12T08:26:56+0200,3f9e494a-692f-42c6-9506-a86caefa9e16,2026-09-07T05:00:00Z,2026-09-07T07:00:00+0200,1484.0,MW,ES,ES,forecast_onshore_wind_generation,Wind Onshore,2026-09-12T06:31:34Z
2026-09-12T06:26:56Z,2026-09-12T08:26:56+0200,3f9e494a-692f-42c6-9506-a86caefa9e16,2026-09-07T05:15:00Z,2026-09-07T07:15:00+0200,1427.0,MW,ES,ES,forecast_onshore_wind_generation,Wind Onshore,2026-09-12T06:31:34Z
2026-09-12T06:26:56Z,2026-09-12T08:26:56+0200,3f9e494a-692f-42c6-9506-a86caefa9e16,2026-09-07T05:30:00Z,2026-09-07T07:30:00+0200,1362.0,MW,ES,ES,forecast_onshore_wind_generation,Wind Onshore,2026-09-12T06:31:34Z
2026-09-12T06:26:56Z,2026-09-12T08:26:56+0200,3f9e494a-692f-42c6-9506-a86caefa9e16,2026-09-07T05:45:00Z,2026-09-07T07:45:00+0200,1291.0,MW,ES,ES,forecast_onshore_wind_generation,Wind Onshore,2026-09-12T06:31:34Z
2026-09-12T06:26:56Z,2026-09-12T08:26:56+0200,3f9e494a-692f-42c6-9506-a86caefa9e16,2026-09-07T06:00:00Z,2026-09-07T08:00:00+0200,1217.0,MW,ES,ES,forecast_onshore_wind_generation,Wind Onshore,2026-09-12T06:31:34Z
2026-09-12T06:26:56Z,2026-09-12T08:26:56+0200,3f9e494a-692f-42c6-9506-a86caefa9e16,2026-09-07T06:15:00Z,2026-09-07T08:15:00+0200,1140.0,MW,ES,ES,forecast_onshore_wind_generation,Wind Onshore,2026-09-12T06:31:34Z
2026-09-12T06:26:56Z,2026-09-12T08:26:56+0200,3f9e494a-692f-42c6-9506-a86caefa9e16,2026-09-07T06:30:00Z,2026-09-07T08:30:00+0200,1063.0,MW,ES,ES,forecast_onshore_wind_generation,Wind Onshore,2026-09-12T06:31:34Z
2026-09-12T06:26:56Z,2026-09-12T08:26:56+0200,3f9e494a-692f-42c6-9506-a86caefa9e16,2026-09-07T06:45:00Z,2026-09-07T08:45:00+0200,990.0,MW,ES,ES,forecast_onshore_wind_generation,Wind Onshore,2026-09-12T06:31:34Z
2026-09-12T06:26:56Z,2026-09-12T08:26:56+0200,3f9e494a-692f-42c6-9506-a86caefa9e16,2026-09-07T07:00:00Z,2026-09-07T09:00:00+0200,912.0,MW,ES,ES,forecast_onshore_wind_generation,Wind Onshore,2026-09-12T06:31:34Z
2026-09-12T06:26:56Z,2026-09-12T08:26:56+0200,3f9e494a-692f-42c6-9506-a86caefa9e16,2026-09-07T07:15:00Z,2026-09-07T09:15:00+0200,853.0,MW,ES,ES,forecast_onshore_wind_generation,Wind Onshore,2026-09-12T06:31:34Z
2026-09-12T06:26:56Z,2026-09-12T08:26:56+0200,3f9e494a-692f-42c6-9506-a86caefa9e16,2026-09-07T07:30:00Z,2026-09-07T09:30:00+0200,808.0,MW,ES,ES,forecast_onshore_wind_generation,Wind Onshore,2026-09-12T06:31:34Z
2026-09-12T06:26:56Z,2026-09-12T08:26:56+0200,3f9e494a-692f-42c6-9506-a86caefa9e16,2026-09-07T07:45:00Z,2026-09-07T09:45:00+0200,767.0,MW,ES,ES,forecast_onshore_wind_generation,Wind Onshore,2026-09-12T06:31:34Z
2026-09-12T06:26:56Z,2026-09-12T08:26:56+0200,3f9e494a-692f-42c6-9506-a86caefa9e16,2026-09-07T08:00:00Z,2026-09-07T10:00:00+0200,723.0,MW,ES,ES,forecast_onshore_wind_generation,Wind Onshore,2026-09-12T06:31:34Z
2026-09-12T06:26:56Z,2026-09-12T08:26:56+0200,3f9e494a-692f-42c6-9506-a86caefa9e16,2026-09-07T08:15:00Z,2026-09-07T10:15:00+0200,708.0,MW,ES,ES,forecast_onshore_wind_generation,Wind Onshore,2026-09-12T06:31:34Z
2026-09-12T06:26:56Z,2026-09-12T08:26:56+0200,3f9e494a-692f-42c6-9506-a86caefa9e16,2026-09-07T08:30:00Z,2026-09-07T10:30:00+0200,707.0,MW,ES,ES,forecast_onshore_wind_generation,Wind Onshore,2026-09-12T06:31:34Z
2026-09-12T06:26:56Z,2026-09-12T08:26:56+0200,3f9e494a-692f-42c6-9506-a86caefa9e16,2026-09-07T08:45:00Z,2026-09-07T10:45:00+0200,720.0,MW,ES,ES,forecast_onshore_wind_generation,Wind Onshore,2026-09-12T06:31:34Z
2026-09-12T06:26:56Z,2026-09-12T08:26:56+0200,3f9e494a-692f-42c6-9506-a86caefa9e16,2026-09-07T09:00:00Z,2026-09-07T11:00:00+0200,682.0,MW,ES,ES,forecast_onshore_wind_generation,Wind Onshore,2026-09-12T06:31:34Z
2026-09-12T06:26:56Z,2026-09-12T08:26:56+0200,3f9e494a-692f-42c6-9506-a86caefa9e16,2026-09-07T09:15:00Z,2026-09-07T11:15:00+0200,712.0,MW,ES,ES,forecast_onshore_wind_generation,Wind Onshore,2026-09-12T06:31:34Z
2026-09-12T06:26:56Z,2026-09-12T08:26:56+0200,3f9e494a-692f-42c6-9506-a86caefa9e16,2026-09-07T09:30:00Z,2026-09-07T11:30:00+0200,747.0,MW,ES,ES,forecast_onshore_wind_generation,Wind Onshore,2026-09-12T06:31:34Z
2026-09-12T06:26:56Z,2026-09-12T08:26:56+0200,3f9e494a-692f-42c6-9506-a86caefa9e16,2026-09-07T09:45:00Z,2026-09-07T11:45:00+0200,792.0,MW,ES,ES,forecast_onshore_wind_generation,Wind Onshore,2026-09-12T06:31:34Z
2026-09-12T06:26:56Z,2026-09-12T08:26:56+0200,3f9e494a-692f-42c6-9506-a86caefa9e16,2026-09-07T10:00:00Z,2026-09-07T12:00:00+0200,833.0,MW,ES,ES,forecast_onshore_wind_generation,Wind Onshore,2026-09-12T06:31:34Z
2026-09-12T06:26:56Z,2026-09-12T08:26:56+0200,3f9e494a-692f-42c6-9506-a86caefa9e16,2026-09-07T10:15:00Z,2026-09-07T12:15:00+0200,899.0,MW,ES,ES,forecast_onshore_wind_generation,Wind Onshore,2026-09-12T06:31:34Z
2026-09-12T06:26:56Z,2026-09-12T08:26:56+0200,3f9e494a-692f-42c6-9506-a86caefa9e16,2026-09-07T10:30:00Z,2026-09-07T12:30:00+0200,978.0,MW,ES,ES,forecast_onshore_wind_generation,Wind Onshore,2026-09-12T06:31:34Z
2026-09-12T06:26:56Z,2026-09-12T08:26:56+0200,3f9e494a-692f-42c6-9506-a86caefa9e16,2026-09-07T10:45:00Z,2026-09-07T12:45:00+0200,1067.0,MW,ES,ES,forecast_onshore_wind_generation,Wind Onshore,2026-09-12T06:31:34Z
2026-09-12T06:26:56Z,2026-09-12T08:26:56+0200,3f9e494a-692f-42c6-9506-a86caefa9e16,2026-09-07T11:00:00Z,2026-09-07T13:00:00+0200,1176.0,MW,ES,ES,forecast_onshore_wind_generation,Wind Onshore,2026-09-12T06:31:34Z
2026-09-12T06:26:56Z,2026-09-12T08:26:56+0200,3f9e494a-692f-42c6-9506-a86caefa9e16,2026-09-07T11:15:00Z,2026-09-07T13:15:00+0200,1293.0,MW,ES,ES,forecast_onshore_wind_generation,Wind Onshore,2026-09-12T06:31:34Z
2026-09-12T06:26:56Z,2026-09-12T08:26:56+0200,3f9e494a-692f-42c6-9506-a86caefa9e16,2026-09-07T11:30:00Z,2026-09-07T13:30:00+0200,1430.0,MW,ES,ES,forecast_onshore_wind_generation,Wind Onshore,2026-09-12T06:31:34Z
2026-09-12T06:26:56Z,2026-09-12T08:26:56+0200,3f9e494a-692f-42c6-9506-a86caefa9e16,2026-09-07T11:45:00Z,2026-09-07T13:45:00+0200,1567.0,MW,ES,ES,forecast_onshore_wind_generation,Wind Onshore,2026-09-12T06:31:34Z
2026-09-12T06:26:56Z,2026-09-12T08:26:56+0200,3f9e494a-692f-42c6-9506-a86caefa9e16,2026-09-07T12:00:00Z,2026-09-07T14:00:00+0200,1774.0,MW,ES,ES,forecast_onshore_wind_generation,Wind Onshore,2026-09-12T06:31:34Z
2026-09-12T06:26:56Z,2026-09-12T08:26:56+0200,3f9e494a-692f-42c6-9506-a86caefa9e16,2026-09-07T12:15:00Z,2026-09-07T14:15:00+0200,1914.0,MW,ES,ES,forecast_onshore_wind_generation,Wind Onshore,2026-09-12T06:31:34Z
2026-09-12T06:26:56Z,2026-09-12T08:26:56+0200,3f9e494a-692f-42c6-9506-a86caefa9e16,2026-09-07T12:30:00Z,2026-09-07T14:30:00+0200,2037.0,MW,ES,ES,forecast_onshore_wind_generation,Wind Onshore,2026-09-12T06:31:34Z
2026-09-12T06:26:56Z,2026-09-12T08:26:56+0200,3f9e494a-692f-42c6-9506-a86caefa9e16,2026-09-07T12:45:00Z,2026-09-07T14:45:00+0200,2157.0,MW,ES,ES,forecast_onshore_wind_generation,Wind Onshore,2026-09-12T06:31:34Z
2026-09-12T06:26:56Z,2026-09-12T08:26:56+0200,3f9e494a-692f-42c6-9506-a86caefa9e16,2026-09-07T13:00:00Z,2026-09-07T15:00:00+0200,2287.0,MW,ES,ES,forecast_onshore_wind_generation,Wind Onshore,2026-09-12T06:31:34Z
2026-09-12T06:26:56Z,2026-09-12T08:26:56+0200,3f9e494a-692f-42c6-9506-a86caefa9e16,2026-09-07T13:15:00Z,2026-09-07T15:15:00+0200,2406.0,MW,ES,ES,forecast_onshore_wind_generation,Wind Onshore,2026-09-12T06:31:34Z
2026-09-12T06:26:56Z,2026-09-12T08:26:56+0200,3f9e494a-692f-42c6-9506-a86caefa9e16,2026-09-07T13:30:00Z,2026-09-07T15:30:00+0200,2525.0,MW,ES,ES,forecast_onshore_wind_generation,Wind Onshore,2026-09-12T06:31:34Z
2026-09-12T06:26:56Z,2026-09-12T08:26:56+0200,3f9e494a-692f-42c6-9506-a86caefa9e16,2026-09-07T13:45:00Z,2026-09-07T15:45:00+0200,2648.0,MW,ES,ES,forecast_onshore_wind_generation,Wind Onshore,2026-09-12T06:31:34Z
2026-09-12T06:26:56Z,2026-09-12T08:26:56+0200,3f9e494a-692f-42c6-9506-a86caefa9e16,2026-09-07T14:00:00Z,2026-09-07T16:00:00+0200,2804.0,MW,ES,ES,forecast_onshore_wind_generation,Wind Onshore,2026-09-12T06:31:34Z
2026-09-12T06:26:56Z,2026-09-12T08:26:56+0200,3f9e494a-692f-42c6-9506-a86caefa9e16,2026-09-07T14:15:00Z,2026-09-07T16:15:00+0200,2925.0,MW,ES,ES,forecast_onshore_wind_generation,Wind Onshore,2026-09-12T06:31:34Z
2026-09-12T06:26:56Z,2026-09-12T08:26:56+0200,3f9e494a-692f-42c6-9506-a86caefa9e16,2026-09-07T14:30:00Z,2026-09-07T16:30:00+0200,3039.0,MW,ES,ES,forecast_onshore_wind_generation,Wind Onshore,2026-09-12T06:31:34Z
2026-09-12T06:26:56Z,2026-09-12T08:26:56+0200,3f9e494a-692f-42c6-9506-a86caefa9e16,2026-09-07T14:45:00Z,2026-09-07T16:45:00+0200,3137.0,MW,ES,ES,forecast_onshore_wind_generation,Wind Onshore,2026-09-12T06:31:34Z
2026-09-12T06:26:56Z,2026-09-12T08:26:56+0200,3f9e494a-692f-42c6-9506-a86caefa9e16,2026-09-07T15:00:00Z,2026-09-07T17:00:00+0200,3237.0,MW,ES,ES,forecast_onshore_wind_generation,Wind Onshore,2026-09-12T06:31:34Z
2026-09-12T06:26:56Z,2026-09-12T08:26:56+0200,3f9e494a-692f-42c6-9506-a86caefa9e16,2026-09-07T15:15:00Z,2026-09-07T17:15:00+0200,3323.0,MW,ES,ES,forecast_onshore_wind_generation,Wind Onshore,2026-09-12T06:31:34Z
2026-09-12T06:26:56Z,2026-09-12T08:26:56+0200,3f9e494a-692f-42c6-9506-a86caefa9e16,2026-09-07T15:30:00Z,2026-09-07T17:30:00+0200,3410.0,MW,ES,ES,forecast_onshore_wind_generation,Wind Onshore,2026-09-12T06:31:34Z
2026-09-12T06:26:56Z,2026-09-12T08:26:56+0200,3f9e494a-692f-42c6-9506-a86caefa9e16,2026-09-07T15:45:00Z,2026-09-07T17:45:00+0200,3497.0,MW,ES,ES,forecast_onshore_wind_generation,Wind Onshore,2026-09-12T06:31:34Z
2026-09-12T06:26:56Z,2026-09-12T08:26:56+0200,3f9e494a-692f-42c6-9506-a86caefa9e16,2026-09-07T16:00:00Z,2026-09-07T18:00:00+0200,3641.0,MW,ES,ES,forecast_onshore_wind_generation,Wind Onshore,2026-09-12T06:31:34Z
2026-09-12T06:26:56Z,2026-09-12T08:26:56+0200,3f9e494a-692f-42c6-9506-a86caefa9e16,2026-09-07T16:15:00Z,2026-09-07T18:15:00+0200,3746.0,MW,ES,ES,forecast_onshore_wind_generation,Wind Onshore,2026-09-12T06:31:34Z
2026-09-12T06:26:56Z,2026-09-12T08:26:56+0200,3f9e494a-692f-42c6-9506-a86caefa9e16,2026-09-07T16:30:00Z,2026-09-07T18:30:00+0200,3863.0,MW,ES,ES,forecast_onshore_wind_generation,Wind Onshore,2026-09-12T06:31:34Z
2026-09-12T06:26:56Z,2026-09-12T08:26:56+0200,3f9e494a-692f-42c6-9506-a86caefa9e16,2026-09-07T16:45:00Z,2026-09-07T18:45:00+0200,3996.0,MW,ES,ES,forecast_onshore_wind_generation,Wind Onshore,2026-09-12T06:31:34Z
2026-09-12T06:26:56Z,2026-09-12T08:26:56+0200,3f9e494a-692f-42c6-9506-a86caefa9e16,2026-09-07T17:00:00Z,2026-09-07T19:00:00+0200,4336.0,MW,ES,ES,forecast_onshore_wind_generation,Wind Onshore,2026-09-12T06:31:34Z
2026-09-12T06:26:56Z,2026-09-12T08:26:56+0200,3f9e494a-692f-42c6-9506-a86caefa9e16,2026-09-07T17:15:00Z,2026-09-07T19:15:00+0200,4442.0,MW,ES,ES,forecast_onshore_wind_generation,Wind Onshore,2026-09-12T06:31:34Z
2026-09-12T06:26:56Z,2026-09-12T08:26:56+0200,3f9e494a-692f-42c6-9506-a86caefa9e16,2026-09-07T17:30:00Z,2026-09-07T19:30:00+0200,4562.0,MW,ES,ES,forecast_onshore_wind_generation,Wind Onshore,2026-09-12T06:31:34Z
2026-09-12T06:26:56Z,2026-09-12T08:26:56+0200,3f9e494a-692f-42c6-9506-a86caefa9e16,2026-09-07T17:45:00Z,2026-09-07T19:45:00+0200,4633.0,MW,ES,ES,forecast_onshore_wind_generation,Wind Onshore,2026-09-12T06:31:34Z
2026-09-12T06:26:56Z,2026-09-12T08:26:56+0200,3f9e494a-692f-42c6-9506-a86caefa9e16,2026-09-07T18:00:00Z,2026-09-07T20:00:00+0200,4773.0,MW,ES,ES,forecast_onshore_wind_generation,Wind Onshore,2026-09-12T06:31:34Z
2026-09-12T06:26:56Z,2026-09-12T08:26:56+0200,3f9e494a-692f-42c6-9506-a86caefa9e16,2026-09-07T18:15:00Z,2026-09-07T20:15:00+0200,4767.0,MW,ES,ES,forecast_onshore_wind_generation,Wind Onshore,2026-09-12T06:31:34Z
2026-09-12T06:26:56Z,2026-09-12T08:26:56+0200,3f9e494a-692f-42c6-9506-a86caefa9e16,2026-09-07T18:30:00Z,2026-09-07T20:30:00+0200,4735.0,MW,ES,ES,forecast_onshore_wind_generation,Wind Onshore,2026-09-12T06:31:34Z
2026-09-12T06:26:56Z,2026-09-12T08:26:56+0200,3f9e494a-692f-42c6-9506-a86caefa9e16,2026-09-07T18:45:00Z,2026-09-07T20:45:00+0200,4688.0,MW,ES,ES,forecast_onshore_wind_generation,Wind Onshore,2026-09-12T06:31:34Z
2026-09-12T06:26:56Z,2026-09-12T08:26:56+0200,3f9e494a-692f-42c6-9506-a86caefa9e16,2026-09-07T19:00:00Z,2026-09-07T21:00:00+0200,4617.0,MW,ES,ES,forecast_onshore_wind_generation,Wind Onshore,2026-09-12T06:31:34Z
2026-09-12T06:26:56Z,2026-09-12T08:26:56+0200,3f9e494a-692f-42c6-9506-a86caefa9e16,2026-09-07T19:15:00Z,2026-09-07T21:15:00+0200,4587.0,MW,ES,ES,forecast_onshore_wind_generation,Wind Onshore,2026-09-12T06:31:34Z
2026-09-12T06:26:56Z,2026-09-12T08:26:56+0200,3f9e494a-692f-42c6-9506-a86caefa9e16,2026-09-07T19:30:00Z,2026-09-07T21:30:00+0200,4584.0,MW,ES,ES,forecast_onshore_wind_generation,Wind Onshore,2026-09-12T06:31:34Z
2026-09-12T06:26:56Z,2026-09-12T08:26:56+0200,3f9e494a-692f-42c6-9506-a86caefa9e16,2026-09-07T19:45:00Z,2026-09-07T21:45:00+0200,4596.0,MW,ES,ES,forecast_onshore_wind_generation,Wind Onshore,2026-09-12T06:31:34Z
2026-09-12T06:26:56Z,2026-09-12T08:26:56+0200,3f9e494a-692f-42c6-9506-a86caefa9e16,2026-09-07T20:00:00Z,2026-09-07T22:00:00+0200,4638.0,MW,ES,ES,forecast_onshore_wind_generation,Wind Onshore,2026-09-12T06:31:34Z
2026-09-12T06:26:56Z,2026-09-12T08:26:56+0200,3f9e494a-692f-42c6-9506-a86caefa9e16,2026-09-07T20:15:00Z,2026-09-07T22:15:00+0200,4639.0,MW,ES,ES,forecast_onshore_wind_generation,Wind Onshore,2026-09-12T06:31:34Z
2026-09-12T06:26:56Z,2026-09-12T08:26:56+0200,3f9e494a-692f-42c6-9506-a86caefa9e16,2026-09-07T20:30:00Z,2026-09-07T22:30:00+0200,4615.0,MW,ES,ES,forecast_onshore_wind_generation,Wind Onshore,2026-09-12T06:31:34Z
2026-09-12T06:26:56Z,2026-09-12T08:26:56+0200,3f9e494a-692f-42c6-9506-a86caefa9e16,2026-09-07T20:45:00Z,2026-09-07T22:45:00+0200,4569.0,MW,ES,ES,forecast_onshore_wind_generation,Wind Onshore,2026-09-12T06:31:34Z
2026-09-12T06:26:56Z,2026-09-12T08:26:56+0200,3f9e494a-692f-42c6-9506-a86caefa9e16,2026-09-07T21:00:00Z,2026-09-07T23:00:00+0200,4503.0,MW,ES,ES,forecast_onshore_wind_generation,Wind Onshore,2026-09-12T06:31:34Z
2026-09-12T06:26:56Z,2026-09-12T08:26:56+0200,3f9e494a-692f-42c6-9506-a86caefa9e16,2026-09-07T21:15:00Z,2026-09-07T23:15:00+0200,4425.0,MW,ES,ES,forecast_onshore_wind_generation,Wind Onshore,2026-09-12T06:31:34Z
2026-09-12T06:26:56Z,2026-09-12T08:26:56+0200,3f9e494a-692f-42c6-9506-a86caefa9e16,2026-09-07T21:30:00Z,2026-09-07T23:30:00+0200,4336.0,MW,ES,ES,forecast_onshore_wind_generation,Wind Onshore,2026-09-12T06:31:34Z
2026-09-12T06:26:56Z,2026-09-12T08:26:56+0200,3f9e494a-692f-42c6-9506-a86caefa9e16,2026-09-07T21:45:00Z,2026-09-07T23:45:00+0200,4240.0,MW,ES,ES,forecast_onshore_wind_generation,Wind Onshore,2026-09-12T06:31:34Z
2026-09-12T06:26:56Z,2026-09-12T08:26:56+0200,3f9e494a-692f-42c6-9506-a86caefa9e16,2026-09-07T22:00:00Z,2026-09-08T00:00:00+0200,3975.0,MW,ES,ES,forecast_onshore_wind_generation,Wind Onshore,2026-09-12T06:31:34Z
2026-09-12T06:26:56Z,2026-09-12T08:26:56+0200,3f9e494a-692f-42c6-9506-a86caefa9e16,2026-09-07T22:15:00Z,2026-09-08T00:15:00+0200,3900.0,MW,ES,ES,forecast_onshore_wind_generation,Wind Onshore,2026-09-12T06:31:34Z
2026-09-12T06:26:56Z,2026-09-12T08:26:56+0200,3f9e494a-692f-42c6-9506-a86caefa9e16,2026-09-07T22:30:00Z,2026-09-08T00:30:00+0200,3820.0,MW,ES,ES,forecast_onshore_wind_generation,Wind Onshore,2026-09-12T06:31:34Z
2026-09-12T06:26:56Z,2026-09-12T08:26:56+0200,3f9e494a-692f-42c6-9506-a86caefa9e16,2026-09-07T22:45:00Z,2026-09-08T00:45:00+0200,3740.0,MW,ES,ES,forecast_onshore_wind_generation,Wind Onshore,2026-09-12T06:31:34Z
2026-09-12T06:26:56Z,2026-09-12T08:26:56+0200,3f9e494a-692f-42c6-9506-a86caefa9e16,2026-09-07T23:00:00Z,2026-09-08T01:00:00+0200,3657.0,MW,ES,ES,forecast_onshore_wind_generation,Wind Onshore,2026-09-12T06:31:34Z
2026-09-12T06:26:56Z,2026-09-12T08:26:56+0200,3f9e494a-692f-42c6-9506-a86caefa9e16,2026-09-07T23:15:00Z,2026-09-08T01:15:00+0200,3577.0,MW,ES,ES,forecast_onshore_wind_generation,Wind Onshore,2026-09-12T06:31:34Z
2026-09-12T06:26:56Z,2026-09-12T08:26:56+0200,3f9e494a-692f-42c6-9506-a86caefa9e16,2026-09-07T23:30:00Z,2026-09-08T01:30:00+0200,3501.0,MW,ES,ES,forecast_onshore_wind_generation,Wind Onshore,2026-09-12T06:31:34Z
2026-09-12T06:26:56Z,2026-09-12T08:26:56+0200,3f9e494a-692f-42c6-9506-a86caefa9e16,2026-09-07T23:45:00Z,2026-09-08T01:45:00+0200,3431.0,MW,ES,ES,forecast_onshore_wind_generation,Wind Onshore,2026-09-12T06:31:34Z
2026-09-12T06:26:56Z,2026-09-12T08:26:56+0200,3f9e494a-692f-42c6-9506-a86caefa9e16,2026-09-08T00:00:00Z,2026-09-08T02:00:00+0200,3359.0,MW,ES,ES,forecast_onshore_wind_generation,Wind Onshore,2026-09-12T06:31:34Z
2026-09-12T06:26:56Z,2026-09-12T08:26:56+0200,3f9e494a-692f-42c6-9506-a86caefa9e16,2026-09-08T00:15:00Z,2026-09-08T02:15:00+0200,3308.0,MW,ES,ES,forecast_onshore_wind_generation,Wind Onshore,2026-09-12T06:31:34Z
2026-09-12T06:26:56Z,2026-09-12T08:26:56+0200,3f9e494a-692f-42c6-9506-a86caefa9e16,2026-09-08T00:30:00Z,2026-09-08T02:30:00+0200,3271.0,MW,ES,ES,forecast_onshore_wind_generation,Wind Onshore,2026-09-12T06:31:34Z
2026-09-12T06:26:56Z,2026-09-12T08:26:56+0200,3f9e494a-692f-42c6-9506-a86caefa9e16,2026-09-08T00:45:00Z,2026-09-08T02:45:00+0200,3246.0,MW,ES,ES,forecast_onshore_wind_generation,Wind Onshore,2026-09-12T06:31:34Z
2026-09-12T06:26:56Z,2026-09-12T08:26:56+0200,3f9e494a-692f-42c6-9506-a86caefa9e16,2026-09-08T01:00:00Z,2026-09-08T03:00:00+0200,3227.0,MW,ES,ES,forecast_onshore_wind_generation,Wind Onshore,2026-09-12T06:31:34Z
2026-09-12T06:26:56Z,2026-09-12T08:26:56+0200,3f9e494a-692f-42c6-9506-a86caefa9e16,2026-09-08T01:15:00Z,2026-09-08T03:15:00+0200,3224.0,MW,ES,ES,forecast_onshore_wind_generation,Wind Onshore,2026-09-12T06:31:34Z
2026-09-12T06:26:56Z,2026-09-12T08:26:56+0200,3f9e494a-692f-42c6-9506-a86caefa9e16,2026-09-08T01:30:00Z,2026-09-08T03:30:00+0200,3228.0,MW,ES,ES,forecast_onshore_wind_generation,Wind Onshore,2026-09-12T06:31:34Z
2026-09-12T06:26:56Z,2026-09-12T08:26:56+0200,3f9e494a-692f-42c6-9506-a86caefa9e16,2026-09-08T01:45:00Z,2026-09-08T03:45:00+0200,3240.0,MW,ES,ES,forecast_onshore_wind_generation,Wind Onshore,2026-09-12T06:31:34Z
2026-09-12T06:26:56Z,2026-09-12T08:26:56+0200,3f9e494a-692f-42c6-9506-a86caefa9e16,2026-09-08T02:00:00Z,2026-09-08T04:00:00+0200,3257.0,MW,ES,ES,forecast_onshore_wind_generation,Wind Onshore,2026-09-12T06:31:34Z
2026-09-12T06:26:56Z,2026-09-12T08:26:56+0200,3f9e494a-692f-42c6-9506-a86caefa9e16,2026-09-08T02:15:00Z,2026-09-08T04:15:00+0200,3281.0,MW,ES,ES,forecast_onshore_wind_generation,Wind Onshore,2026-09-12T06:31:34Z
2026-09-12T06:26:56Z,2026-09-12T08:26:56+0200,3f9e494a-692f-42c6-9506-a86caefa9e16,2026-09-08T02:30:00Z,2026-09-08T04:30:00+0200,3309.0,MW,ES,ES,forecast_onshore_wind_generation,Wind Onshore,2026-09-12T06:31:34Z
2026-09-12T06:26:56Z,2026-09-12T08:26:56+0200,3f9e494a-692f-42c6-9506-a86caefa9e16,2026-09-08T02:45:00Z,2026-09-08T04:45:00+0200,3339.0,MW,ES,ES,forecast_onshore_wind_generation,Wind Onshore,2026-09-12T06:31:34Z
2026-09-12T06:26:56Z,2026-09-12T08:26:56+0200,3f9e494a-692f-42c6-9506-a86caefa9e16,2026-09-08T03:00:00Z,2026-09-08T05:00:00+0200,3380.0,MW,ES,ES,forecast_onshore_wind_generation,Wind Onshore,2026-09-12T06:31:34Z
2026-09-12T06:26:56Z,2026-09-12T08:26:56+0200,3f9e494a-692f-42c6-9506-a86caefa9e16,2026-09-08T03:15:00Z,2026-09-08T05:15:00+0200,3401.0,MW,ES,ES,forecast_onshore_wind_generation,Wind Onshore,2026-09-12T06:31:34Z
2026-09-12T06:26:56Z,2026-09-12T08:26:56+0200,3f9e494a-692f-42c6-9506-a86caefa9e16,2026-09-08T03:30:00Z,2026-09-08T05:30:00+0200,3412.0,MW,ES,ES,forecast_onshore_wind_generation,Wind Onshore,2026-09-12T06:31:34Z
2026-09-12T06:26:56Z,2026-09-12T08:26:56+0200,3f9e494a-692f-42c6-9506-a86caefa9e16,2026-09-08T03:45:00Z,2026-09-08T05:45:00+0200,3413.0,MW,ES,ES,forecast_onshore_wind_generation,Wind Onshore,2026-09-12T06:31:34Z
2026-09-12T06:26:56Z,2026-09-12T08:26:56+0200,3f9e494a-692f-42c6-9506-a86caefa9e16,2026-09-08T04:00:00Z,2026-09-08T06:00:00+0200,3418.0,MW,ES,ES,forecast_onshore_wind_generation,Wind Onshore,2026-09-12T06:31:34Z
2026-09-12T06:26:56Z,2026-09-12T08:26:56+0200,3f9e494a-692f-42c6-9506-a86caefa9e16,2026-09-08T04:15:00Z,2026-09-08T06:15:00+0200,3398.0,MW,ES,ES,forecast_onshore_wind_generation,Wind Onshore,2026-09-12T06:31:34Z
2026-09-12T06:26:56Z,2026-09-12T08:26:56+0200,3f9e494a-692f-42c6-9506-a86caefa9e16,2026-09-08T04:30:00Z,2026-09-08T06:30:00+0200,3367.0,MW,ES,ES,forecast_onshore_wind_generation,Wind Onshore,2026-09-12T06:31:34Z
2026-09-12T06:26:56Z,2026-09-12T08:26:56+0200,3f9e494a-692f-42c6-9506-a86caefa9e16,2026-09-08T04:45:00Z,2026-09-08T06:45:00+0200,3325.0,MW,ES,ES,forecast_onshore_wind_generation,Wind Onshore,2026-09-12T06:31:34Z
2026-09-12T06:26:56Z,2026-09-12T08:26:56+0200,3f9e494a-692f-42c6-9506-a86caefa9e16,2026-09-08T05:00:00Z,2026-09-08T07:00:00+0200,3288.0,MW,ES,ES,forecast_onshore_wind_generation,Wind Onshore,2026-09-12T06:31:34Z
2026-09-12T06:26:56Z,2026-09-12T08:26:56+0200,3f9e494a-692f-42c6-9506-a86caefa9e16,2026-09-08T05:15:00Z,2026-09-08T07:15:00+0200,3227.0,MW,ES,ES,forecast_onshore_wind_generation,Wind Onshore,2026-09-12T06:31:34Z
2026-09-12T06:26:56Z,2026-09-12T08:26:56+0200,3f9e494a-692f-42c6-9506-a86caefa9e16,2026-09-08T05:30:00Z,2026-09-08T07:30:00+0200,3160.0,MW,ES,ES,forecast_onshore_wind_generation,Wind Onshore,2026-09-12T06:31:34Z
2026-09-12T06:26:56Z,2026-09-12T08:26:56+0200,3f9e494a-692f-42c6-9506-a86caefa9e16,2026-09-08T05:45:00Z,2026-09-08T07:45:00+0200,3086.0,MW,ES,ES,forecast_onshore_wind_generation,Wind Onshore,2026-09-12T06:31:34Z
2026-09-12T06:26:56Z,2026-09-12T08:26:56+0200,3f9e494a-692f-42c6-9506-a86caefa9e16,2026-09-08T06:00:00Z,2026-09-08T08:00:00+0200,3003.0,MW,ES,ES,forecast_onshore_wind_generation,Wind Onshore,2026-09-12T06:31:34Z
2026-09-12T06:26:56Z,2026-09-12T08:26:56+0200,3f9e494a-692f-42c6-9506-a86caefa9e16,2026-09-08T06:15:00Z,2026-09-08T08:15:00+0200,2923.0,MW,ES,ES,forecast_onshore_wind_generation,Wind Onshore,2026-09-12T06:31:34Z
2026-09-12T06:26:56Z,2026-09-12T08:26:56+0200,3f9e494a-692f-42c6-9506-a86caefa9e16,2026-09-08T06:30:00Z,2026-09-08T08:30:00+0200,2843.0,MW,ES,ES,forecast_onshore_wind_generation,Wind Onshore,2026-09-12T06:31:34Z
2026-09-12T06:26:56Z,2026-09-12T08:26:56+0200,3f9e494a-692f-42c6-9506-a86caefa9e16,2026-09-08T06:45:00Z,2026-09-08T08:45:00+0200,2770.0,MW,ES,ES,forecast_onshore_wind_generation,Wind Onshore,2026-09-12T06:31:34Z
2026-09-12T06:26:56Z,2026-09-12T08:26:56+0200,3f9e494a-692f-42c6-9506-a86caefa9e16,2026-09-08T07:00:00Z,2026-09-08T09:00:00+0200,2664.0,MW,ES,ES,forecast_onshore_wind_generation,Wind Onshore,2026-09-12T06:31:34Z
2026-09-12T06:26:56Z,2026-09-12T08:26:56+0200,3f9e494a-692f-42c6-9506-a86caefa9e16,2026-09-08T07:15:00Z,2026-09-08T09:15:00+0200,2625.0,MW,ES,ES,forecast_onshore_wind_generation,Wind Onshore,2026-09-12T06:31:34Z
2026-09-12T06:26:56Z,2026-09-12T08:26:56+0200,3f9e494a-692f-42c6-9506-a86caefa9e16,2026-09-08T07:30:00Z,2026-09-08T09:30:00+0200,2592.0,MW,ES,ES,forecast_onshore_wind_generation,Wind Onshore,2026-09-12T06:31:34Z
2026-09-12T06:26:56Z,2026-09-12T08:26:56+0200,3f9e494a-692f-42c6-9506-a86caefa9e16,2026-09-08T07:45:00Z,2026-09-08T09:45:00+0200,2603.0,MW,ES,ES,forecast_onshore_wind_generation,Wind Onshore,2026-09-12T06:31:34Z
2026-09-12T06:26:56Z,2026-09-12T08:26:56+0200,3f9e494a-692f-42c6-9506-a86caefa9e16,2026-09-08T08:00:00Z,2026-09-08T10:00:00+0200,2609.0,MW,ES,ES,forecast_onshore_wind_generation,Wind Onshore,2026-09-12T06:31:34Z
2026-09-12T06:26:56Z,2026-09-12T08:26:56+0200,3f9e494a-692f-42c6-9506-a86caefa9e16,2026-09-08T08:15:00Z,2026-09-08T10:15:00+0200,2648.0,MW,ES,ES,forecast_onshore_wind_generation,Wind Onshore,2026-09-12T06:31:34Z
2026-09-12T06:26:56Z,2026-09-12T08:26:56+0200,3f9e494a-692f-42c6-9506-a86caefa9e16,2026-09-08T08:30:00Z,2026-09-08T10:30:00+0200,2727.0,MW,ES,ES,forecast_onshore_wind_generation,Wind Onshore,2026-09-12T06:31:34Z
2026-09-12T06:26:56Z,2026-09-12T08:26:56+0200,3f9e494a-692f-42c6-9506-a86caefa9e16,2026-09-08T08:45:00Z,2026-09-08T10:45:00+0200,2816.0,MW,ES,ES,forecast_onshore_wind_generation,Wind Onshore,2026-09-12T06:31:34Z
2026-09-12T06:26:56Z,2026-09-12T08:26:56+0200,3f9e494a-692f-42c6-9506-a86caefa9e16,2026-09-08T09:00:00Z,2026-09-08T11:00:00+0200,2710.0,MW,ES,ES,forecast_onshore_wind_generation,Wind Onshore,2026-09-12T06:31:34Z
2026-09-12T06:26:56Z,2026-09-12T08:26:56+0200,3f9e494a-692f-42c6-9506-a86caefa9e16,2026-09-08T09:15:00Z,2026-09-08T11:15:00+0200,2820.0,MW,ES,ES,forecast_onshore_wind_generation,Wind Onshore,2026-09-12T06:31:34Z
2026-09-12T06:26:56Z,2026-09-12T08:26:56+0200,3f9e494a-692f-42c6-9506-a86caefa9e16,2026-09-08T09:30:00Z,2026-09-08T11:30:00+0200,2931.0,MW,ES,ES,forecast_onshore_wind_generation,Wind Onshore,2026-09-12T06:31:34Z
2026-09-12T06:26:56Z,2026-09-12T08:26:56+0200,3f9e494a-692f-42c6-9506-a86caefa9e16,2026-09-08T09:45:00Z,2026-09-08T11:45:00+0200,3050.0,MW,ES,ES,forecast_onshore_wind_generation,Wind Onshore,2026-09-12T06:31:34Z
2026-09-12T06:26:56Z,2026-09-12T08:26:56+0200,3f9e494a-692f-42c6-9506-a86caefa9e16,2026-09-08T10:00:00Z,2026-09-08T12:00:00+0200,3126.0,MW,ES,ES,forecast_onshore_wind_generation,Wind Onshore,2026-09-12T06:31:34Z
2026-09-12T06:26:56Z,2026-09-12T08:26:56+0200,3f9e494a-692f-42c6-9506-a86caefa9e16,2026-09-08T10:15:00Z,2026-09-08T12:15:00+0200,3262.0,MW,ES,ES,forecast_onshore_wind_generation,Wind Onshore,2026-09-12T06:31:34Z
2026-09-12T06:26:56Z,2026-09-12T08:26:56+0200,3f9e494a-692f-42c6-9506-a86caefa9e16,2026-09-08T10:30:00Z,2026-09-08T12:30:00+0200,3402.0,MW,ES,ES,forecast_onshore_wind_generation,Wind Onshore,2026-09-12T06:31:34Z
2026-09-12T06:26:56Z,2026-09-12T08:26:56+0200,3f9e494a-692f-42c6-9506-a86caefa9e16,2026-09-08T10:45:00Z,2026-09-08T12:45:00+0200,3551.0,MW,ES,ES,forecast_onshore_wind_generation,Wind Onshore,2026-09-12T06:31:34Z
2026-09-12T06:26:56Z,2026-09-12T08:26:56+0200,3f9e494a-692f-42c6-9506-a86caefa9e16,2026-09-08T11:00:00Z,2026-09-08T13:00:00+0200,3643.0,MW,ES,ES,forecast_onshore_wind_generation,Wind Onshore,2026-09-12T06:31:34Z
2026-09-12T06:26:56Z,2026-09-12T08:26:56+0200,3f9e494a-692f-42c6-9506-a86caefa9e16,2026-09-08T11:15:00Z,2026-09-08T13:15:00+0200,3809.0,MW,ES,ES,forecast_onshore_wind_generation,Wind Onshore,2026-09-12T06:31:34Z
2026-09-12T06:26:56Z,2026-09-12T08:26:56+0200,3f9e494a-692f-42c6-9506-a86caefa9e16,2026-09-08T11:30:00Z,2026-09-08T13:30:00+0200,3968.0,MW,ES,ES,forecast_onshore_wind_generation,Wind Onshore,2026-09-12T06:31:34Z
2026-09-12T06:26:56Z,2026-09-12T08:26:56+0200,3f9e494a-692f-42c6-9506-a86caefa9e16,2026-09-08T11:45:00Z,2026-09-08T13:45:00+0200,4132.0,MW,ES,ES,forecast_onshore_wind_generation,Wind Onshore,2026-09-12T06:31:34Z
2026-09-12T06:26:56Z,2026-09-12T08:26:56+0200,3f9e494a-692f-42c6-9506-a86caefa9e16,2026-09-08T12:00:00Z,2026-09-08T14:00:00+0200,4242.0,MW,ES,ES,forecast_onshore_wind_generation,Wind Onshore,2026-09-12T06:31:34Z
2026-09-12T06:26:56Z,2026-09-12T08:26:56+0200,3f9e494a-692f-42c6-9506-a86caefa9e16,2026-09-08T12:15:00Z,2026-09-08T14:15:00+0200,4423.0,MW,ES,ES,forecast_onshore_wind_generation,Wind Onshore,2026-09-12T06:31:34Z
2026-09-12T06:26:56Z,2026-09-12T08:26:56+0200,3f9e494a-692f-42c6-9506-a86caefa9e16,2026-09-08T12:30:00Z,2026-09-08T14:30:00+0200,4607.0,MW,ES,ES,forecast_onshore_wind_generation,Wind Onshore,2026-09-12T06:31:34Z
2026-09-12T06:26:56Z,2026-09-12T08:26:56+0200,3f9e494a-692f-42c6-9506-a86caefa9e16,2026-09-08T12:45:00Z,2026-09-08T14:45:00+0200,4801.0,MW,ES,ES,forecast_onshore_wind_generation,Wind Onshore,2026-09-12T06:31:34Z
2026-09-12T06:26:56Z,2026-09-12T08:26:56+0200,3f9e494a-692f-42c6-9506-a86caefa9e16,2026-09-08T13:00:00Z,2026-09-08T15:00:00+0200,4980.0,MW,ES,ES,forecast_onshore_wind_generation,Wind Onshore,2026-09-12T06:31:34Z
2026-09-12T06:26:56Z,2026-09-12T08:26:56+0200,3f9e494a-692f-42c6-9506-a86caefa9e16,2026-09-08T13:15:00Z,2026-09-08T15:15:00+0200,5185.0,MW,ES,ES,forecast_onshore_wind_generation,Wind Onshore,2026-09-12T06:31:34Z
2026-09-12T06:26:56Z,2026-09-12T08:26:56+0200,3f9e494a-692f-42c6-9506-a86caefa9e16,2026-09-08T13:30:00Z,2026-09-08T15:30:00+0200,5385.0,MW,ES,ES,forecast_onshore_wind_generation,Wind Onshore,2026-09-12T06:31:34Z
2026-09-12T06:26:56Z,2026-09-12T08:26:56+0200,3f9e494a-692f-42c6-9506-a86caefa9e16,2026-09-08T13:45:00Z,2026-09-08T15:45:00+0200,5726.0,MW,ES,ES,forecast_onshore_wind_generation,Wind Onshore,2026-09-12T06:31:34Z
2026-09-12T06:26:56Z,2026-09-12T08:26:56+0200,3f9e494a-692f-42c6-9506-a86caefa9e16,2026-09-08T14:00:00Z,2026-09-08T16:00:00+0200,5904.0,MW,ES,ES,forecast_onshore_wind_generation,Wind Onshore,2026-09-12T06:31:34Z
2026-09-12T06:26:56Z,2026-09-12T08:26:56+0200,3f9e494a-692f-42c6-9506-a86caefa9e16,2026-09-08T14:15:00Z,2026-09-08T16:15:00+0200,6165.0,MW,ES,ES,forecast_onshore_wind_generation,Wind Onshore,2026-09-12T06:31:34Z
2026-09-12T06:26:56Z,2026-09-12T08:26:56+0200,3f9e494a-692f-42c6-9506-a86caefa9e16,2026-09-08T14:30:00Z,2026-09-08T16:30:00+0200,6429.0,MW,ES,ES,forecast_onshore_wind_generation,Wind Onshore,2026-09-12T06:31:34Z
2026-09-12T06:26:56Z,2026-09-12T08:26:56+0200,3f9e494a-692f-42c6-9506-a86caefa9e16,2026-09-08T14:45:00Z,2026-09-08T16:45:00+0200,6694.0,MW,ES,ES,forecast_onshore_wind_generation,Wind Onshore,2026-09-12T06:31:34Z
2026-09-12T06:26:56Z,2026-09-12T08:26:56+0200,3f9e494a-692f-42c6-9506-a86caefa9e16,2026-09-08T15:00:00Z,2026-09-08T17:00:00+0200,6889.0,MW,ES,ES,forecast_onshore_wind_generation,Wind Onshore,2026-09-12T06:31:34Z
2026-09-12T06:26:56Z,2026-09-12T08:26:56+0200,3f9e494a-692f-42c6-9506-a86caefa9e16,2026-09-08T15:15:00Z,2026-09-08T17:15:00+0200,7131.0,MW,ES,ES,forecast_onshore_wind_generation,Wind Onshore,2026-09-12T06:31:34Z
2026-09-12T06:26:56Z,2026-09-12T08:26:56+0200,3f9e494a-692f-42c6-9506-a86caefa9e16,2026-09-08T15:30:00Z,2026-09-08T17:30:00+0200,7442.0,MW,ES,ES,forecast_onshore_wind_generation,Wind Onshore,2026-09-12T06:31:34Z
2026-09-12T06:26:56Z,2026-09-12T08:26:56+0200,3f9e494a-692f-42c6-9506-a86caefa9e16,2026-09-08T15:45:00Z,2026-09-08T17:45:00+0200,7747.0,MW,ES,ES,forecast_onshore_wind_generation,Wind Onshore,2026-09-12T06:31:34Z
2026-09-12T06:26:56Z,2026-09-12T08:26:56+0200,3f9e494a-692f-42c6-9506-a86caefa9e16,2026-09-08T16:00:00Z,2026-09-08T18:00:00+0200,8737.0,MW,ES,ES,forecast_onshore_wind_generation,Wind Onshore,2026-09-12T06:31:34Z
2026-09-12T06:26:56Z,2026-09-12T08:26:56+0200,3f9e494a-692f-42c6-9506-a86caefa9e16,2026-09-08T16:15:00Z,2026-09-08T18:15:00+0200,9004.0,MW,ES,ES,forecast_onshore_wind_generation,Wind Onshore,2026-09-12T06:31:34Z
2026-09-12T06:26:56Z,2026-09-12T08:26:56+0200,3f9e494a-692f-42c6-9506-a86caefa9e16,2026-09-08T16:30:00Z,2026-09-08T18:30:00+0200,9207.0,MW,ES,ES,forecast_onshore_wind_generation,Wind Onshore,2026-09-12T06:31:34Z
2026-09-12T06:26:56Z,2026-09-12T08:26:56+0200,3f9e494a-692f-42c6-9506-a86caefa9e16,2026-09-08T16:45:00Z,2026-09-08T18:45:00+0200,9463.0,MW,ES,ES,forecast_onshore_wind_generation,Wind Onshore,2026-09-12T06:31:34Z
2026-09-12T06:26:56Z,2026-09-12T08:26:56+0200,3f9e494a-692f-42c6-9506-a86caefa9e16,2026-09-08T17:00:00Z,2026-09-08T19:00:00+0200,9875.0,MW,ES,ES,forecast_onshore_wind_generation,Wind Onshore,2026-09-12T06:31:34Z
2026-09-12T06:26:56Z,2026-09-12T08:26:56+0200,3f9e494a-692f-42c6-9506-a86caefa9e16,2026-09-08T17:15:00Z,2026-09-08T19:15:00+0200,10118.0,MW,ES,ES,forecast_onshore_wind_generation,Wind Onshore,2026-09-12T06:31:34Z
2026-09-12T06:26:56Z,2026-09-12T08:26:56+0200,3f9e494a-692f-42c6-9506-a86caefa9e16,2026-09-08T17:30:00Z,2026-09-08T19:30:00+0200,10338.0,MW,ES,ES,forecast_onshore_wind_generation,Wind Onshore,2026-09-12T06:31:34Z
2026-09-12T06:26:56Z,2026-09-12T08:26:56+0200,3f9e494a-692f-42c6-9506-a86caefa9e16,2026-09-08T17:45:00Z,2026-09-08T19:45:00+0200,10575.0,MW,ES,ES,forecast_onshore_wind_generation,Wind Onshore,2026-09-12T06:31:34Z
2026-09-12T06:26:56Z,2026-09-12T08:26:56+0200,3f9e494a-692f-42c6-9506-a86caefa9e16,2026-09-08T18:00:00Z,2026-09-08T20:00:00+0200,11034.0,MW,ES,ES,forecast_onshore_wind_generation,Wind Onshore,2026-09-12T06:31:34Z
2026-09-12T06:26:56Z,2026-09-12T08:26:56+0200,3f9e494a-692f-42c6-9506-a86caefa9e16,2026-09-08T18:15:00Z,2026-09-08T20:15:00+0200,11126.0,MW,ES,ES,forecast_onshore_wind_generation,Wind Onshore,2026-09-12T06:31:34Z
2026-09-12T06:26:56Z,2026-09-12T08:26:56+0200,3f9e494a-692f-42c6-9506-a86caefa9e16,2026-09-08T18:30:00Z,2026-09-08T20:30:00+0200,11063.0,MW,ES,ES,forecast_onshore_wind_generation,Wind Onshore,2026-09-12T06:31:34Z
2026-09-12T06:26:56Z,2026-09-12T08:26:56+0200,3f9e494a-692f-42c6-9506-a86caefa9e16,2026-09-08T18:45:00Z,2026-09-08T20:45:00+0200,10934.0,MW,ES,ES,forecast_onshore_wind_generation,Wind Onshore,2026-09-12T06:31:34Z
2026-09-12T06:26:56Z,2026-09-12T08:26:56+0200,3f9e494a-692f-42c6-9506-a86caefa9e16,2026-09-08T19:00:00Z,2026-09-08T21:00:00+0200,10629.0,MW,ES,ES,forecast_onshore_wind_generation,Wind Onshore,2026-09-12T06:31:34Z
2026-09-12T06:26:56Z,2026-09-12T08:26:56+0200,3f9e494a-692f-42c6-9506-a86caefa9e16,2026-09-08T19:15:00Z,2026-09-08T21:15:00+0200,10465.0,MW,ES,ES,forecast_onshore_wind_generation,Wind Onshore,2026-09-12T06:31:34Z
2026-09-12T06:26:56Z,2026-09-12T08:26:56+0200,3f9e494a-692f-42c6-9506-a86caefa9e16,2026-09-08T19:30:00Z,2026-09-08T21:30:00+0200,10315.0,MW,ES,ES,forecast_onshore_wind_generation,Wind Onshore,2026-09-12T06:31:34Z
2026-09-12T06:26:56Z,2026-09-12T08:26:56+0200,3f9e494a-692f-42c6-9506-a86caefa9e16,2026-09-08T19:45:00Z,2026-09-08T21:45:00+0200,10240.0,MW,ES,ES,forecast_onshore_wind_generation,Wind Onshore,2026-09-12T06:31:34Z
2026-09-12T06:26:56Z,2026-09-12T08:26:56+0200,3f9e494a-692f-42c6-9506-a86caefa9e16,2026-09-08T20:00:00Z,2026-09-08T22:00:00+0200,10166.0,MW,ES,ES,forecast_onshore_wind_generation,Wind Onshore,2026-09-12T06:31:34Z
2026-09-12T06:26:56Z,2026-09-12T08:26:56+0200,3f9e494a-692f-42c6-9506-a86caefa9e16,2026-09-08T20:15:00Z,2026-09-08T22:15:00+0200,10132.0,MW,ES,ES,forecast_onshore_wind_generation,Wind Onshore,2026-09-12T06:31:34Z
2026-09-12T06:26:56Z,2026-09-12T08:26:56+0200,3f9e494a-692f-42c6-9506-a86caefa9e16,2026-09-08T20:30:00Z,2026-09-08T22:30:00+0200,10060.0,MW,ES,ES,forecast_onshore_wind_generation,Wind Onshore,2026-09-12T06:31:34Z
2026-09-12T06:26:56Z,2026-09-12T08:26:56+0200,3f9e494a-692f-42c6-9506-a86caefa9e16,2026-09-08T20:45:00Z,2026-09-08T22:45:00+0200,10033.0,MW,ES,ES,forecast_onshore_wind_generation,Wind Onshore,2026-09-12T06:31:34Z
2026-09-12T06:26:56Z,2026-09-12T08:26:56+0200,3f9e494a-692f-42c6-9506-a86caefa9e16,2026-09-08T21:00:00Z,2026-09-08T23:00:00+0200,9889.0,MW,ES,ES,forecast_onshore_wind_generation,Wind Onshore,2026-09-12T06:31:34Z
2026-09-12T06:26:56Z,2026-09-12T08:26:56+0200,3f9e494a-692f-42c6-9506-a86caefa9e16,2026-09-08T21:15:00Z,2026-09-08T23:15:00+0200,9893.0,MW,ES,ES,forecast_onshore_wind_generation,Wind Onshore,2026-09-12T06:31:34Z
2026-09-12T06:26:56Z,2026-09-12T08:26:56+0200,3f9e494a-692f-42c6-9506-a86caefa9e16,2026-09-08T21:30:00Z,2026-09-08T23:30:00+0200,9875.0,MW,ES,ES,forecast_onshore_wind_generation,Wind Onshore,2026-09-12T06:31:34Z
2026-09-12T06:26:56Z,2026-09-12T08:26:56+0200,3f9e494a-692f-42c6-9506-a86caefa9e16,2026-09-08T21:45:00Z,2026-09-08T23:45:00+0200,9924.0,MW,ES,ES,forecast_onshore_wind_generation,Wind Onshore,2026-09-12T06:31:34Z
2026-09-12T06:26:56Z,2026-09-12T08:26:56+0200,3f9e494a-692f-42c6-9506-a86caefa9e16,2026-09-08T22:00:00Z,2026-09-09T00:00:00+0200,9601.0,MW,ES,ES,forecast_onshore_wind_generation,Wind Onshore,2026-09-12T06:31:34Z
2026-09-12T06:26:56Z,2026-09-12T08:26:56+0200,3f9e494a-692f-42c6-9506-a86caefa9e16,2026-09-08T22:15:00Z,2026-09-09T00:15:00+0200,9657.0,MW,ES,ES,forecast_onshore_wind_generation,Wind Onshore,2026-09-12T06:31:34Z
2026-09-12T06:26:56Z,2026-09-12T08:26:56+0200,3f9e494a-692f-42c6-9506-a86caefa9e16,2026-09-08T22:30:00Z,2026-09-09T00:30:00+0200,9705.0,MW,ES,ES,forecast_onshore_wind_generation,Wind Onshore,2026-09-12T06:31:34Z
2026-09-12T06:26:56Z,2026-09-12T08:26:56+0200,3f9e494a-692f-42c6-9506-a86caefa9e16,2026-09-08T22:45:00Z,2026-09-09T00:45:00+0200,9760.0,MW,ES,ES,forecast_onshore_wind_generation,Wind Onshore,2026-09-12T06:31:34Z
2026-09-12T06:26:56Z,2026-09-12T08:26:56+0200,3f9e494a-692f-42c6-9506-a86caefa9e16,2026-09-08T23:00:00Z,2026-09-09T01:00:00+0200,9793.0,MW,ES,ES,forecast_onshore_wind_generation,Wind Onshore,2026-09-12T06:31:34Z
2026-09-12T06:26:56Z,2026-09-12T08:26:56+0200,3f9e494a-692f-42c6-9506-a86caefa9e16,2026-09-08T23:15:00Z,2026-09-09T01:15:00+0200,9855.0,MW,ES,ES,forecast_onshore_wind_generation,Wind Onshore,2026-09-12T06:31:34Z
2026-09-12T06:26:56Z,2026-09-12T08:26:56+0200,3f9e494a-692f-42c6-9506-a86caefa9e16,2026-09-08T23:30:00Z,2026-09-09T01:30:00+0200,9932.0,MW,ES,ES,forecast_onshore_wind_generation,Wind Onshore,2026-09-12T06:31:34Z
2026-09-12T06:26:56Z,2026-09-12T08:26:56+0200,3f9e494a-692f-42c6-9506-a86caefa9e16,2026-09-08T23:45:00Z,2026-09-09T01:45:00+0200,10013.0,MW,ES,ES,forecast_onshore_wind_generation,Wind Onshore,2026-09-12T06:31:34Z
2026-09-12T06:26:56Z,2026-09-12T08:26:56+0200,3f9e494a-692f-42c6-9506-a86caefa9e16,2026-09-09T00:00:00Z,2026-09-09T02:00:00+0200,10108.0,MW,ES,ES,forecast_onshore_wind_generation,Wind Onshore,2026-09-12T06:31:34Z
2026-09-12T06:26:56Z,2026-09-12T08:26:56+0200,3f9e494a-692f-42c6-9506-a86caefa9e16,2026-09-09T00:15:00Z,2026-09-09T02:15:00+0200,10197.0,MW,ES,ES,forecast_onshore_wind_generation,Wind Onshore,2026-09-12T06:31:34Z
2026-09-12T06:26:56Z,2026-09-12T08:26:56+0200,3f9e494a-692f-42c6-9506-a86caefa9e16,2026-09-09T00:30:00Z,2026-09-09T02:30:00+0200,10288.0,MW,ES,ES,forecast_onshore_wind_generation,Wind Onshore,2026-09-12T06:31:34Z
2026-09-12T06:26:56Z,2026-09-12T08:26:56+0200,3f9e494a-692f-42c6-9506-a86caefa9e16,2026-09-09T00:45:00Z,2026-09-09T02:45:00+0200,10381.0,MW,ES,ES,forecast_onshore_wind_generation,Wind Onshore,2026-09-12T06:31:34Z
2026-09-12T06:26:56Z,2026-09-12T08:26:56+0200,3f9e494a-692f-42c6-9506-a86caefa9e16,2026-09-09T01:00:00Z,2026-09-09T03:00:00+0200,10478.0,MW,ES,ES,forecast_onshore_wind_generation,Wind Onshore,2026-09-12T06:31:34Z
2026-09-12T06:26:56Z,2026-09-12T08:26:56+0200,3f9e494a-692f-42c6-9506-a86caefa9e16,2026-09-09T01:15:00Z,2026-09-09T03:15:00+0200,10582.0,MW,ES,ES,forecast_onshore_wind_generation,Wind Onshore,2026-09-12T06:31:34Z
2026-09-12T06:26:56Z,2026-09-12T08:26:56+0200,3f9e494a-692f-42c6-9506-a86caefa9e16,2026-09-09T01:30:00Z,2026-09-09T03:30:00+0200,10693.0,MW,ES,ES,forecast_onshore_wind_generation,Wind Onshore,2026-09-12T06:31:34Z
2026-09-12T06:26:56Z,2026-09-12T08:26:56+0200,3f9e494a-692f-42c6-9506-a86caefa9e16,2026-09-09T01:45:00Z,2026-09-09T03:45:00+0200,10807.0,MW,ES,ES,forecast_onshore_wind_generation,Wind Onshore,2026-09-12T06:31:34Z
2026-09-12T06:26:56Z,2026-09-12T08:26:56+0200,3f9e494a-692f-42c6-9506-a86caefa9e16,2026-09-09T02:00:00Z,2026-09-09T04:00:00+0200,10926.0,MW,ES,ES,forecast_onshore_wind_generation,Wind Onshore,2026-09-12T06:31:34Z
2026-09-12T06:26:56Z,2026-09-12T08:26:56+0200,3f9e494a-692f-42c6-9506-a86caefa9e16,2026-09-09T02:15:00Z,2026-09-09T04:15:00+0200,11033.0,MW,ES,ES,forecast_onshore_wind_generation,Wind Onshore,2026-09-12T06:31:34Z
2026-09-12T06:26:56Z,2026-09-12T08:26:56+0200,3f9e494a-692f-42c6-9506-a86caefa9e16,2026-09-09T02:30:00Z,2026-09-09T04:30:00+0200,11129.0,MW,ES,ES,forecast_onshore_wind_generation,Wind Onshore,2026-09-12T06:31:34Z
2026-09-12T06:26:56Z,2026-09-12T08:26:56+0200,3f9e494a-692f-42c6-9506-a86caefa9e16,2026-09-09T02:45:00Z,2026-09-09T04:45:00+0200,11212.0,MW,ES,ES,forecast_onshore_wind_generation,Wind Onshore,2026-09-12T06:31:34Z
2026-09-12T06:26:56Z,2026-09-12T08:26:56+0200,3f9e494a-692f-42c6-9506-a86caefa9e16,2026-09-09T03:00:00Z,2026-09-09T05:00:00+0200,11312.0,MW,ES,ES,forecast_onshore_wind_generation,Wind Onshore,2026-09-12T06:31:34Z
2026-09-12T06:26:56Z,2026-09-12T08:26:56+0200,3f9e494a-692f-42c6-9506-a86caefa9e16,2026-09-09T03:15:00Z,2026-09-09T05:15:00+0200,11368.0,MW,ES,ES,forecast_onshore_wind_generation,Wind Onshore,2026-09-12T06:31:34Z
2026-09-12T06:26:56Z,2026-09-12T08:26:56+0200,3f9e494a-692f-42c6-9506-a86caefa9e16,2026-09-09T03:30:00Z,2026-09-09T05:30:00+0200,11411.0,MW,ES,ES,forecast_onshore_wind_generation,Wind Onshore,2026-09-12T06:31:34Z
2026-09-12T06:26:56Z,2026-09-12T08:26:56+0200,3f9e494a-692f-42c6-9506-a86caefa9e16,2026-09-09T03:45:00Z,2026-09-09T05:45:00+0200,11435.0,MW,ES,ES,forecast_onshore_wind_generation,Wind Onshore,2026-09-12T06:31:34Z
2026-09-12T06:26:56Z,2026-09-12T08:26:56+0200,3f9e494a-692f-42c6-9506-a86caefa9e16,2026-09-09T04:00:00Z,2026-09-09T06:00:00+0200,11513.0,MW,ES,ES,forecast_onshore_wind_generation,Wind Onshore,2026-09-12T06:31:34Z
2026-09-12T06:26:56Z,2026-09-12T08:26:56+0200,3f9e494a-692f-42c6-9506-a86caefa9e16,2026-09-09T04:15:00Z,2026-09-09T06:15:00+0200,11499.0,MW,ES,ES,forecast_onshore_wind_generation,Wind Onshore,2026-09-12T06:31:34Z
2026-09-12T06:26:56Z,2026-09-12T08:26:56+0200,3f9e494a-692f-42c6-9506-a86caefa9e16,2026-09-09T04:30:00Z,2026-09-09T06:30:00+0200,11464.0,MW,ES,ES,forecast_onshore_wind_generation,Wind Onshore,2026-09-12T06:31:34Z
2026-09-12T06:26:56Z,2026-09-12T08:26:56+0200,3f9e494a-692f-42c6-9506-a86caefa9e16,2026-09-09T04:45:00Z,2026-09-09T06:45:00+0200,11407.0,MW,ES,ES,forecast_onshore_wind_generation,Wind Onshore,2026-09-12T06:31:34Z
2026-09-12T06:26:56Z,2026-09-12T08:26:56+0200,3f9e494a-692f-42c6-9506-a86caefa9e16,2026-09-09T05:00:00Z,2026-09-09T07:00:00+0200,11379.0,MW,ES,ES,forecast_onshore_wind_generation,Wind Onshore,2026-09-12T06:31:34Z
2026-09-12T06:26:56Z,2026-09-12T08:26:56+0200,3f9e494a-692f-42c6-9506-a86caefa9e16,2026-09-09T05:15:00Z,2026-09-09T07:15:00+0200,11276.0,MW,ES,ES,forecast_onshore_wind_generation,Wind Onshore,2026-09-12T06:31:34Z
2026-09-12T06:26:56Z,2026-09-12T08:26:56+0200,3f9e494a-692f-42c6-9506-a86caefa9e16,2026-09-09T05:30:00Z,2026-09-09T07:30:00+0200,11152.0,MW,ES,ES,forecast_onshore_wind_generation,Wind Onshore,2026-09-12T06:31:34Z
2026-09-12T06:26:56Z,2026-09-12T08:26:56+0200,3f9e494a-692f-42c6-9506-a86caefa9e16,2026-09-09T05:45:00Z,2026-09-09T07:45:00+0200,11010.0,MW,ES,ES,forecast_onshore_wind_generation,Wind Onshore,2026-09-12T06:31:34Z
2026-09-12T06:26:56Z,2026-09-12T08:26:56+0200,3f9e494a-692f-42c6-9506-a86caefa9e16,2026-09-09T06:00:00Z,2026-09-09T08:00:00+0200,10814.0,MW,ES,ES,forecast_onshore_wind_generation,Wind Onshore,2026-09-12T06:31:34Z
2026-09-12T06:26:56Z,2026-09-12T08:26:56+0200,3f9e494a-692f-42c6-9506-a86caefa9e16,2026-09-09T06:15:00Z,2026-09-09T08:15:00+0200,10647.0,MW,ES,ES,forecast_onshore_wind_generation,Wind Onshore,2026-09-12T06:31:34Z
2026-09-12T06:26:56Z,2026-09-12T08:26:56+0200,3f9e494a-692f-42c6-9506-a86caefa9e16,2026-09-09T06:30:00Z,2026-09-09T08:30:00+0200,10472.0,MW,ES,ES,forecast_onshore_wind_generation,Wind Onshore,2026-09-12T06:31:34Z
2026-09-12T06:26:56Z,2026-09-12T08:26:56+0200,3f9e494a-692f-42c6-9506-a86caefa9e16,2026-09-09T06:45:00Z,2026-09-09T08:45:00+0200,10289.0,MW,ES,ES,forecast_onshore_wind_generation,Wind Onshore,2026-09-12T06:31:34Z
2026-09-12T06:26:56Z,2026-09-12T08:26:56+0200,3f9e494a-692f-42c6-9506-a86caefa9e16,2026-09-09T07:00:00Z,2026-09-09T09:00:00+0200,10118.0,MW,ES,ES,forecast_onshore_wind_generation,Wind Onshore,2026-09-12T06:31:34Z
2026-09-12T06:26:56Z,2026-09-12T08:26:56+0200,3f9e494a-692f-42c6-9506-a86caefa9e16,2026-09-09T07:15:00Z,2026-09-09T09:15:00+0200,9928.0,MW,ES,ES,forecast_onshore_wind_generation,Wind Onshore,2026-09-12T06:31:34Z
2026-09-12T06:26:56Z,2026-09-12T08:26:56+0200,3f9e494a-692f-42c6-9506-a86caefa9e16,2026-09-09T07:30:00Z,2026-09-09T09:30:00+0200,9742.0,MW,ES,ES,forecast_onshore_wind_generation,Wind Onshore,2026-09-12T06:31:34Z
2026-09-12T06:26:56Z,2026-09-12T08:26:56+0200,3f9e494a-692f-42c6-9506-a86caefa9e16,2026-09-09T07:45:00Z,2026-09-09T09:45:00+0200,9560.0,MW,ES,ES,forecast_onshore_wind_generation,Wind Onshore,2026-09-12T06:31:34Z
2026-09-12T06:26:56Z,2026-09-12T08:26:56+0200,3f9e494a-692f-42c6-9506-a86caefa9e16,2026-09-09T08:00:00Z,2026-09-09T10:00:00+0200,9361.0,MW,ES,ES,forecast_onshore_wind_generation,Wind Onshore,2026-09-12T06:31:34Z
2026-09-12T06:26:56Z,2026-09-12T08:26:56+0200,3f9e494a-692f-42c6-9506-a86caefa9e16,2026-09-09T08:15:00Z,2026-09-09T10:15:00+0200,9211.0,MW,ES,ES,forecast_onshore_wind_generation,Wind Onshore,2026-09-12T06:31:34Z
2026-09-12T06:26:56Z,2026-09-12T08:26:56+0200,3f9e494a-692f-42c6-9506-a86caefa9e16,2026-09-09T08:30:00Z,2026-09-09T10:30:00+0200,9082.0,MW,ES,ES,forecast_onshore_wind_generation,Wind Onshore,2026-09-12T06:31:34Z
2026-09-12T06:26:56Z,2026-09-12T08:26:56+0200,3f9e494a-692f-42c6-9506-a86caefa9e16,2026-09-09T08:45:00Z,2026-09-09T10:45:00+0200,8926.0,MW,ES,ES,forecast_onshore_wind_generation,Wind Onshore,2026-09-12T06:31:34Z
2026-09-12T06:26:56Z,2026-09-12T08:26:56+0200,3f9e494a-692f-42c6-9506-a86caefa9e16,2026-09-09T09:00:00Z,2026-09-09T11:00:00+0200,7338.0,MW,ES,ES,forecast_onshore_wind_generation,Wind Onshore,2026-09-12T06:31:34Z
2026-09-12T06:26:56Z,2026-09-12T08:26:56+0200,3f9e494a-692f-42c6-9506-a86caefa9e16,2026-09-09T09:15:00Z,2026-09-09T11:15:00+0200,7279.0,MW,ES,ES,forecast_onshore_wind_generation,Wind Onshore,2026-09-12T06:31:34Z
2026-09-12T06:26:56Z,2026-09-12T08:26:56+0200,3f9e494a-692f-42c6-9506-a86caefa9e16,2026-09-09T09:30:00Z,2026-09-09T11:30:00+0200,7219.0,MW,ES,ES,forecast_onshore_wind_generation,Wind Onshore,2026-09-12T06:31:34Z
2026-09-12T06:26:56Z,2026-09-12T08:26:56+0200,3f9e494a-692f-42c6-9506-a86caefa9e16,2026-09-09T09:45:00Z,2026-09-09T11:45:00+0200,7178.0,MW,ES,ES,forecast_onshore_wind_generation,Wind Onshore,2026-09-12T06:31:34Z
2026-09-12T06:26:56Z,2026-09-12T08:26:56+0200,3f9e494a-692f-42c6-9506-a86caefa9e16,2026-09-09T10:00:00Z,2026-09-09T12:00:00+0200,7265.0,MW,ES,ES,forecast_onshore_wind_generation,Wind Onshore,2026-09-12T06:31:34Z
2026-09-12T06:26:56Z,2026-09-12T08:26:56+0200,3f9e494a-692f-42c6-9506-a86caefa9e16,2026-09-09T10:15:00Z,2026-09-09T12:15:00+0200,7243.0,MW,ES,ES,forecast_onshore_wind_generation,Wind Onshore,2026-09-12T06:31:34Z
2026-09-12T06:26:56Z,2026-09-12T08:26:56+0200,3f9e494a-692f-42c6-9506-a86caefa9e16,2026-09-09T10:30:00Z,2026-09-09T12:30:00+0200,7233.0,MW,ES,ES,forecast_onshore_wind_generation,Wind Onshore,2026-09-12T06:31:34Z
2026-09-12T06:26:56Z,2026-09-12T08:26:56+0200,3f9e494a-692f-42c6-9506-a86caefa9e16,2026-09-09T10:45:00Z,2026-09-09T12:45:00+0200,7233.0,MW,ES,ES,forecast_onshore_wind_generation,Wind Onshore,2026-09-12T06:31:34Z
2026-09-12T06:26:56Z,2026-09-12T08:26:56+0200,3f9e494a-692f-42c6-9506-a86caefa9e16,2026-09-09T11:00:00Z,2026-09-09T13:00:00+0200,7223.0,MW,ES,ES,forecast_onshore_wind_generation,Wind Onshore,2026-09-12T06:31:34Z
2026-09-12T06:26:56Z,2026-09-12T08:26:56+0200,3f9e494a-692f-42c6-9506-a86caefa9e16,2026-09-09T11:15:00Z,2026-09-09T13:15:00+0200,7247.0,MW,ES,ES,forecast_onshore_wind_generation,Wind Onshore,2026-09-12T06:31:34Z
2026-09-12T06:26:56Z,2026-09-12T08:26:56+0200,3f9e494a-692f-42c6-9506-a86caefa9e16,2026-09-09T11:30:00Z,2026-09-09T13:30:00+0200,7287.0,MW,ES,ES,forecast_onshore_wind_generation,Wind Onshore,2026-09-12T06:31:34Z
2026-09-12T06:26:56Z,2026-09-12T08:26:56+0200,3f9e494a-692f-42c6-9506-a86caefa9e16,2026-09-09T11:45:00Z,2026-09-09T13:45:00+0200,7332.0,MW,ES,ES,forecast_onshore_wind_generation,Wind Onshore,2026-09-12T06:31:34Z
2026-09-12T06:26:56Z,2026-09-12T08:26:56+0200,3f9e494a-692f-42c6-9506-a86caefa9e16,2026-09-09T12:00:00Z,2026-09-09T14:00:00+0200,7390.0,MW,ES,ES,forecast_onshore_wind_generation,Wind Onshore,2026-09-12T06:31:34Z
2026-09-12T06:26:56Z,2026-09-12T08:26:56+0200,3f9e494a-692f-42c6-9506-a86caefa9e16,2026-09-09T12:15:00Z,2026-09-09T14:15:00+0200,7442.0,MW,ES,ES,forecast_onshore_wind_generation,Wind Onshore,2026-09-12T06:31:34Z
2026-09-12T06:26:56Z,2026-09-12T08:26:56+0200,3f9e494a-692f-42c6-9506-a86caefa9e16,2026-09-09T12:30:00Z,2026-09-09T14:30:00+0200,7499.0,MW,ES,ES,forecast_onshore_wind_generation,Wind Onshore,2026-09-12T06:31:34Z
2026-09-12T06:26:56Z,2026-09-12T08:26:56+0200,3f9e494a-692f-42c6-9506-a86caefa9e16,2026-09-09T12:45:00Z,2026-09-09T14:45:00+0200,7556.0,MW,ES,ES,forecast_onshore_wind_generation,Wind Onshore,2026-09-12T06:31:34Z
2026-09-12T06:26:56Z,2026-09-12T08:26:56+0200,3f9e494a-692f-42c6-9506-a86caefa9e16,2026-09-09T13:00:00Z,2026-09-09T15:00:00+0200,7647.0,MW,ES,ES,forecast_onshore_wind_generation,Wind Onshore,2026-09-12T06:31:34Z
2026-09-12T06:26:56Z,2026-09-12T08:26:56+0200,3f9e494a-692f-42c6-9506-a86caefa9e16,2026-09-09T13:15:00Z,2026-09-09T15:15:00+0200,7723.0,MW,ES,ES,forecast_onshore_wind_generation,Wind Onshore,2026-09-12T06:31:34Z
2026-09-12T06:26:56Z,2026-09-12T08:26:56+0200,3f9e494a-692f-42c6-9506-a86caefa9e16,2026-09-09T13:30:00Z,2026-09-09T15:30:00+0200,7814.0,MW,ES,ES,forecast_onshore_wind_generation,Wind Onshore,2026-09-12T06:31:34Z
2026-09-12T06:26:56Z,2026-09-12T08:26:56+0200,3f9e494a-692f-42c6-9506-a86caefa9e16,2026-09-09T13:45:00Z,2026-09-09T15:45:00+0200,7911.0,MW,ES,ES,forecast_onshore_wind_generation,Wind Onshore,2026-09-12T06:31:34Z
2026-09-12T06:26:56Z,2026-09-12T08:26:56+0200,3f9e494a-692f-42c6-9506-a86caefa9e16,2026-09-09T14:00:00Z,2026-09-09T16:00:00+0200,8071.0,MW,ES,ES,forecast_onshore_wind_generation,Wind Onshore,2026-09-12T06:31:34Z
2026-09-12T06:26:56Z,2026-09-12T08:26:56+0200,3f9e494a-692f-42c6-9506-a86caefa9e16,2026-09-09T14:15:00Z,2026-09-09T16:15:00+0200,8168.0,MW,ES,ES,forecast_onshore_wind_generation,Wind Onshore,2026-09-12T06:31:34Z
2026-09-12T06:26:56Z,2026-09-12T08:26:56+0200,3f9e494a-692f-42c6-9506-a86caefa9e16,2026-09-09T14:30:00Z,2026-09-09T16:30:00+0200,8262.0,MW,ES,ES,forecast_onshore_wind_generation,Wind Onshore,2026-09-12T06:31:34Z
2026-09-12T06:26:56Z,2026-09-12T08:26:56+0200,3f9e494a-692f-42c6-9506-a86caefa9e16,2026-09-09T14:45:00Z,2026-09-09T16:45:00+0200,8340.0,MW,ES,ES,forecast_onshore_wind_generation,Wind Onshore,2026-09-12T06:31:34Z
2026-09-12T06:26:56Z,2026-09-12T08:26:56+0200,3f9e494a-692f-42c6-9506-a86caefa9e16,2026-09-09T15:00:00Z,2026-09-09T17:00:00+0200,8694.0,MW,ES,ES,forecast_onshore_wind_generation,Wind Onshore,2026-09-12T06:31:34Z
2026-09-12T06:26:56Z,2026-09-12T08:26:56+0200,3f9e494a-692f-42c6-9506-a86caefa9e16,2026-09-09T15:15:00Z,2026-09-09T17:15:00+0200,8769.0,MW,ES,ES,forecast_onshore_wind_generation,Wind Onshore,2026-09-12T06:31:34Z
2026-09-12T06:26:56Z,2026-09-12T08:26:56+0200,3f9e494a-692f-42c6-9506-a86caefa9e16,2026-09-09T15:30:00Z,2026-09-09T17:30:00+0200,8878.0,MW,ES,ES,forecast_onshore_wind_generation,Wind Onshore,2026-09-12T06:31:34Z
2026-09-12T06:26:56Z,2026-09-12T08:26:56+0200,3f9e494a-692f-42c6-9506-a86caefa9e16,2026-09-09T15:45:00Z,2026-09-09T17:45:00+0200,10015.0,MW,ES,ES,forecast_onshore_wind_generation,Wind Onshore,2026-09-12T06:31:34Z
2026-09-12T06:26:56Z,2026-09-12T08:26:56+0200,3f9e494a-692f-42c6-9506-a86caefa9e16,2026-09-09T16:00:00Z,2026-09-09T18:00:00+0200,10089.0,MW,ES,ES,forecast_onshore_wind_generation,Wind Onshore,2026-09-12T06:31:34Z
2026-09-12T06:26:56Z,2026-09-12T08:26:56+0200,3f9e494a-692f-42c6-9506-a86caefa9e16,2026-09-09T16:15:00Z,2026-09-09T18:15:00+0200,10203.0,MW,ES,ES,forecast_onshore_wind_generation,Wind Onshore,2026-09-12T06:31:34Z
2026-09-12T06:26:56Z,2026-09-12T08:26:56+0200,3f9e494a-692f-42c6-9506-a86caefa9e16,2026-09-09T16:30:00Z,2026-09-09T18:30:00+0200,10339.0,MW,ES,ES,forecast_onshore_wind_generation,Wind Onshore,2026-09-12T06:31:34Z
2026-09-12T06:26:56Z,2026-09-12T08:26:56+0200,3f9e494a-692f-42c6-9506-a86caefa9e16,2026-09-09T16:45:00Z,2026-09-09T18:45:00+0200,10480.0,MW,ES,ES,forecast_onshore_wind_generation,Wind Onshore,2026-09-12T06:31:34Z
2026-09-12T06:26:56Z,2026-09-12T08:26:56+0200,3f9e494a-692f-42c6-9506-a86caefa9e16,2026-09-09T17:00:00Z,2026-09-09T19:00:00+0200,10730.0,MW,ES,ES,forecast_onshore_wind_generation,Wind Onshore,2026-09-12T06:31:34Z
2026-09-12T06:26:56Z,2026-09-12T08:26:56+0200,3f9e494a-692f-42c6-9506-a86caefa9e16,2026-09-09T17:15:00Z,2026-09-09T19:15:00+0200,10840.0,MW,ES,ES,forecast_onshore_wind_generation,Wind Onshore,2026-09-12T06:31:34Z
2026-09-12T06:26:56Z,2026-09-12T08:26:56+0200,3f9e494a-692f-42c6-9506-a86caefa9e16,2026-09-09T17:30:00Z,2026-09-09T19:30:00+0200,10915.0,MW,ES,ES,forecast_onshore_wind_generation,Wind Onshore,2026-09-12T06:31:34Z
2026-09-12T06:26:56Z,2026-09-12T08:26:56+0200,3f9e494a-692f-42c6-9506-a86caefa9e16,2026-09-09T17:45:00Z,2026-09-09T19:45:00+0200,10943.0,MW,ES,ES,forecast_onshore_wind_generation,Wind Onshore,2026-09-12T06:31:34Z
2026-09-12T06:26:56Z,2026-09-12T08:26:56+0200,3f9e494a-692f-42c6-9506-a86caefa9e16,2026-09-09T18:00:00Z,2026-09-09T20:00:00+0200,11012.0,MW,ES,ES,forecast_onshore_wind_generation,Wind Onshore,2026-09-12T06:31:34Z
2026-09-12T06:26:56Z,2026-09-12T08:26:56+0200,3f9e494a-692f-42c6-9506-a86caefa9e16,2026-09-09T18:15:00Z,2026-09-09T20:15:00+0200,10958.0,MW,ES,ES,forecast_onshore_wind_generation,Wind Onshore,2026-09-12T06:31:34Z
2026-09-12T06:26:56Z,2026-09-12T08:26:56+0200,3f9e494a-692f-42c6-9506-a86caefa9e16,2026-09-09T18:30:00Z,2026-09-09T20:30:00+0200,10869.0,MW,ES,ES,forecast_onshore_wind_generation,Wind Onshore,2026-09-12T06:31:34Z
2026-09-12T06:26:56Z,2026-09-12T08:26:56+0200,3f9e494a-692f-42c6-9506-a86caefa9e16,2026-09-09T18:45:00Z,2026-09-09T20:45:00+0200,10757.0,MW,ES,ES,forecast_onshore_wind_generation,Wind Onshore,2026-09-12T06:31:34Z
2026-09-12T06:26:56Z,2026-09-12T08:26:56+0200,3f9e494a-692f-42c6-9506-a86caefa9e16,2026-09-09T19:00:00Z,2026-09-09T21:00:00+0200,10596.0,MW,ES,ES,forecast_onshore_wind_generation,Wind Onshore,2026-09-12T06:31:34Z
2026-09-12T06:26:56Z,2026-09-12T08:26:56+0200,3f9e494a-692f-42c6-9506-a86caefa9e16,2026-09-09T19:15:00Z,2026-09-09T21:15:00+0200,10513.0,MW,ES,ES,forecast_onshore_wind_generation,Wind Onshore,2026-09-12T06:31:34Z
2026-09-12T06:26:56Z,2026-09-12T08:26:56+0200,3f9e494a-692f-42c6-9506-a86caefa9e16,2026-09-09T19:30:00Z,2026-09-09T21:30:00+0200,10470.0,MW,ES,ES,forecast_onshore_wind_generation,Wind Onshore,2026-09-12T06:31:34Z
2026-09-12T06:26:56Z,2026-09-12T08:26:56+0200,3f9e494a-692f-42c6-9506-a86caefa9e16,2026-09-09T19:45:00Z,2026-09-09T21:45:00+0200,10451.0,MW,ES,ES,forecast_onshore_wind_generation,Wind Onshore,2026-09-12T06:31:34Z
2026-09-12T06:26:56Z,2026-09-12T08:26:56+0200,3f9e494a-692f-42c6-9506-a86caefa9e16,2026-09-09T20:00:00Z,2026-09-09T22:00:00+0200,10480.0,MW,ES,ES,forecast_onshore_wind_generation,Wind Onshore,2026-09-12T06:31:34Z
2026-09-12T06:26:56Z,2026-09-12T08:26:56+0200,3f9e494a-692f-42c6-9506-a86caefa9e16,2026-09-09T20:15:00Z,2026-09-09T22:15:00+0200,10448.0,MW,ES,ES,forecast_onshore_wind_generation,Wind Onshore,2026-09-12T06:31:34Z
2026-09-12T06:26:56Z,2026-09-12T08:26:56+0200,3f9e494a-692f-42c6-9506-a86caefa9e16,2026-09-09T20:30:00Z,2026-09-09T22:30:00+0200,10389.0,MW,ES,ES,forecast_onshore_wind_generation,Wind Onshore,2026-09-12T06:31:34Z
2026-09-12T06:26:56Z,2026-09-12T08:26:56+0200,3f9e494a-692f-42c6-9506-a86caefa9e16,2026-09-09T20:45:00Z,2026-09-09T22:45:00+0200,10295.0,MW,ES,ES,forecast_onshore_wind_generation,Wind Onshore,2026-09-12T06:31:34Z
2026-09-12T06:26:56Z,2026-09-12T08:26:56+0200,3f9e494a-692f-42c6-9506-a86caefa9e16,2026-09-09T21:00:00Z,2026-09-09T23:00:00+0200,10221.0,MW,ES,ES,forecast_onshore_wind_generation,Wind Onshore,2026-09-12T06:31:34Z
2026-09-12T06:26:56Z,2026-09-12T08:26:56+0200,3f9e494a-692f-42c6-9506-a86caefa9e16,2026-09-09T21:15:00Z,2026-09-09T23:15:00+0200,10086.0,MW,ES,ES,forecast_onshore_wind_generation,Wind Onshore,2026-09-12T06:31:34Z
2026-09-12T06:26:56Z,2026-09-12T08:26:56+0200,3f9e494a-692f-42c6-9506-a86caefa9e16,2026-09-09T21:30:00Z,2026-09-09T23:30:00+0200,9950.0,MW,ES,ES,forecast_onshore_wind_generation,Wind Onshore,2026-09-12T06:31:34Z
2026-09-12T06:26:56Z,2026-09-12T08:26:56+0200,3f9e494a-692f-42c6-9506-a86caefa9e16,2026-09-09T21:45:00Z,2026-09-09T23:45:00+0200,9797.0,MW,ES,ES,forecast_onshore_wind_generation,Wind Onshore,2026-09-12T06:31:34Z
2026-09-12T06:26:56Z,2026-09-12T08:26:56+0200,3f9e494a-692f-42c6-9506-a86caefa9e16,2026-09-09T22:00:00Z,2026-09-10T00:00:00+0200,9147.0,MW,ES,ES,forecast_onshore_wind_generation,Wind Onshore,2026-09-12T06:31:34Z
2026-09-12T06:26:56Z,2026-09-12T08:26:56+0200,3f9e494a-692f-42c6-9506-a86caefa9e16,2026-09-09T22:15:00Z,2026-09-10T00:15:00+0200,8968.0,MW,ES,ES,forecast_onshore_wind_generation,Wind Onshore,2026-09-12T06:31:34Z
2026-09-12T06:26:56Z,2026-09-12T08:26:56+0200,3f9e494a-692f-42c6-9506-a86caefa9e16,2026-09-09T22:30:00Z,2026-09-10T00:30:00+0200,8790.0,MW,ES,ES,forecast_onshore_wind_generation,Wind Onshore,2026-09-12T06:31:34Z
2026-09-12T06:26:56Z,2026-09-12T08:26:56+0200,3f9e494a-692f-42c6-9506-a86caefa9e16,2026-09-09T22:45:00Z,2026-09-10T00:45:00+0200,8604.0,MW,ES,ES,forecast_onshore_wind_generation,Wind Onshore,2026-09-12T06:31:34Z
2026-09-12T06:26:56Z,2026-09-12T08:26:56+0200,3f9e494a-692f-42c6-9506-a86caefa9e16,2026-09-09T23:00:00Z,2026-09-10T01:00:00+0200,8403.0,MW,ES,ES,forecast_onshore_wind_generation,Wind Onshore,2026-09-12T06:31:34Z
2026-09-12T06:26:56Z,2026-09-12T08:26:56+0200,3f9e494a-692f-42c6-9506-a86caefa9e16,2026-09-09T23:15:00Z,2026-09-10T01:15:00+0200,8232.0,MW,ES,ES,forecast_onshore_wind_generation,Wind Onshore,2026-09-12T06:31:34Z
2026-09-12T06:26:56Z,2026-09-12T08:26:56+0200,3f9e494a-692f-42c6-9506-a86caefa9e16,2026-09-09T23:30:00Z,2026-09-10T01:30:00+0200,8083.0,MW,ES,ES,forecast_onshore_wind_generation,Wind Onshore,2026-09-12T06:31:34Z
2026-09-12T06:26:56Z,2026-09-12T08:26:56+0200,3f9e494a-692f-42c6-9506-a86caefa9e16,2026-09-09T23:45:00Z,2026-09-10T01:45:00+0200,7939.0,MW,ES,ES,forecast_onshore_wind_generation,Wind Onshore,2026-09-12T06:31:34Z
2026-09-12T06:26:56Z,2026-09-12T08:26:56+0200,3f9e494a-692f-42c6-9506-a86caefa9e16,2026-09-10T00:00:00Z,2026-09-10T02:00:00+0200,7775.0,MW,ES,ES,forecast_onshore_wind_generation,Wind Onshore,2026-09-12T06:31:34Z
2026-09-12T06:26:56Z,2026-09-12T08:26:56+0200,3f9e494a-692f-42c6-9506-a86caefa9e16,2026-09-10T00:15:00Z,2026-09-10T02:15:00+0200,7647.0,MW,ES,ES,forecast_onshore_wind_generation,Wind Onshore,2026-09-12T06:31:34Z
2026-09-12T06:26:56Z,2026-09-12T08:26:56+0200,3f9e494a-692f-42c6-9506-a86caefa9e16,2026-09-10T00:30:00Z,2026-09-10T02:30:00+0200,7524.0,MW,ES,ES,forecast_onshore_wind_generation,Wind Onshore,2026-09-12T06:31:34Z
2026-09-12T06:26:56Z,2026-09-12T08:26:56+0200,3f9e494a-692f-42c6-9506-a86caefa9e16,2026-09-10T00:45:00Z,2026-09-10T02:45:00+0200,7398.0,MW,ES,ES,forecast_onshore_wind_generation,Wind Onshore,2026-09-12T06:31:34Z
2026-09-12T06:26:56Z,2026-09-12T08:26:56+0200,3f9e494a-692f-42c6-9506-a86caefa9e16,2026-09-10T01:00:00Z,2026-09-10T03:00:00+0200,7258.0,MW,ES,ES,forecast_onshore_wind_generation,Wind Onshore,2026-09-12T06:31:34Z
2026-09-12T06:26:56Z,2026-09-12T08:26:56+0200,3f9e494a-692f-42c6-9506-a86caefa9e16,2026-09-10T01:15:00Z,2026-09-10T03:15:00+0200,7128.0,MW,ES,ES,forecast_onshore_wind_generation,Wind Onshore,2026-09-12T06:31:34Z
2026-09-12T06:26:56Z,2026-09-12T08:26:56+0200,3f9e494a-692f-42c6-9506-a86caefa9e16,2026-09-10T01:30:00Z,2026-09-10T03:30:00+0200,6994.0,MW,ES,ES,forecast_onshore_wind_generation,Wind Onshore,2026-09-12T06:31:34Z
2026-09-12T06:26:56Z,2026-09-12T08:26:56+0200,3f9e494a-692f-42c6-9506-a86caefa9e16,2026-09-10T01:45:00Z,2026-09-10T03:45:00+0200,6858.0,MW,ES,ES,forecast_onshore_wind_generation,Wind Onshore,2026-09-12T06:31:34Z
2026-09-12T06:26:56Z,2026-09-12T08:26:56+0200,3f9e494a-692f-42c6-9506-a86caefa9e16,2026-09-10T02:00:00Z,2026-09-10T04:00:00+0200,6789.0,MW,ES,ES,forecast_onshore_wind_generation,Wind Onshore,2026-09-12T06:31:34Z
2026-09-12T06:26:56Z,2026-09-12T08:26:56+0200,3f9e494a-692f-42c6-9506-a86caefa9e16,2026-09-10T02:15:00Z,2026-09-10T04:15:00+0200,6644.0,MW,ES,ES,forecast_onshore_wind_generation,Wind Onshore,2026-09-12T06:31:34Z
2026-09-12T06:26:56Z,2026-09-12T08:26:56+0200,3f9e494a-692f-42c6-9506-a86caefa9e16,2026-09-10T02:30:00Z,2026-09-10T04:30:00+0200,6500.0,MW,ES,ES,forecast_onshore_wind_generation,Wind Onshore,2026-09-12T06:31:34Z
2026-09-12T06:26:56Z,2026-09-12T08:26:56+0200,3f9e494a-692f-42c6-9506-a86caefa9e16,2026-09-10T02:45:00Z,2026-09-10T04:45:00+0200,6355.0,MW,ES,ES,forecast_onshore_wind_generation,Wind Onshore,2026-09-12T06:31:34Z
2026-09-12T06:26:56Z,2026-09-12T08:26:56+0200,3f9e494a-692f-42c6-9506-a86caefa9e16,2026-09-10T03:00:00Z,2026-09-10T05:00:00+0200,6242.0,MW,ES,ES,forecast_onshore_wind_generation,Wind Onshore,2026-09-12T06:31:34Z
2026-09-12T06:26:56Z,2026-09-12T08:26:56+0200,3f9e494a-692f-42c6-9506-a86caefa9e16,2026-09-10T03:15:00Z,2026-09-10T05:15:00+0200,6093.0,MW,ES,ES,forecast_onshore_wind_generation,Wind Onshore,2026-09-12T06:31:34Z
2026-09-12T06:26:56Z,2026-09-12T08:26:56+0200,3f9e494a-692f-42c6-9506-a86caefa9e16,2026-09-10T03:30:00Z,2026-09-10T05:30:00+0200,5941.0,MW,ES,ES,forecast_onshore_wind_generation,Wind Onshore,2026-09-12T06:31:34Z
2026-09-12T06:26:56Z,2026-09-12T08:26:56+0200,3f9e494a-692f-42c6-9506-a86caefa9e16,2026-09-10T03:45:00Z,2026-09-10T05:45:00+0200,5783.0,MW,ES,ES,forecast_onshore_wind_generation,Wind Onshore,2026-09-12T06:31:34Z
2026-09-12T06:26:56Z,2026-09-12T08:26:56+0200,3f9e494a-692f-42c6-9506-a86caefa9e16,2026-09-10T04:00:00Z,2026-09-10T06:00:00+0200,5642.0,MW,ES,ES,forecast_onshore_wind_generation,Wind Onshore,2026-09-12T06:31:34Z
2026-09-12T06:26:56Z,2026-09-12T08:26:56+0200,3f9e494a-692f-42c6-9506-a86caefa9e16,2026-09-10T04:15:00Z,2026-09-10T06:15:00+0200,5465.0,MW,ES,ES,forecast_onshore_wind_generation,Wind Onshore,2026-09-12T06:31:34Z
2026-09-12T06:26:56Z,2026-09-12T08:26:56+0200,3f9e494a-692f-42c6-9506-a86caefa9e16,2026-09-10T04:30:00Z,2026-09-10T06:30:00+0200,5276.0,MW,ES,ES,forecast_onshore_wind_generation,Wind Onshore,2026-09-12T06:31:34Z
2026-09-12T06:26:56Z,2026-09-12T08:26:56+0200,3f9e494a-692f-42c6-9506-a86caefa9e16,2026-09-10T04:45:00Z,2026-09-10T06:45:00+0200,5080.0,MW,ES,ES,forecast_onshore_wind_generation,Wind Onshore,2026-09-12T06:31:34Z
2026-09-12T06:26:56Z,2026-09-12T08:26:56+0200,3f9e494a-692f-42c6-9506-a86caefa9e16,2026-09-10T05:00:00Z,2026-09-10T07:00:00+0200,4887.0,MW,ES,ES,forecast_onshore_wind_generation,Wind Onshore,2026-09-12T06:31:34Z
2026-09-12T06:26:56Z,2026-09-12T08:26:56+0200,3f9e494a-692f-42c6-9506-a86caefa9e16,2026-09-10T05:15:00Z,2026-09-10T07:15:00+0200,4683.0,MW,ES,ES,forecast_onshore_wind_generation,Wind Onshore,2026-09-12T06:31:34Z
2026-09-12T06:26:56Z,2026-09-12T08:26:56+0200,3f9e494a-692f-42c6-9506-a86caefa9e16,2026-09-10T05:30:00Z,2026-09-10T07:30:00+0200,4482.0,MW,ES,ES,forecast_onshore_wind_generation,Wind Onshore,2026-09-12T06:31:34Z
2026-09-12T06:26:56Z,2026-09-12T08:26:56+0200,3f9e494a-692f-42c6-9506-a86caefa9e16,2026-09-10T05:45:00Z,2026-09-10T07:45:00+0200,4283.0,MW,ES,ES,forecast_onshore_wind_generation,Wind Onshore,2026-09-12T06:31:34Z
2026-09-12T06:26:56Z,2026-09-12T08:26:56+0200,3f9e494a-692f-42c6-9506-a86caefa9e16,2026-09-10T06:00:00Z,2026-09-10T08:00:00+0200,4094.0,MW,ES,ES,forecast_onshore_wind_generation,Wind Onshore,2026-09-12T06:31:34Z
2026-09-12T06:26:56Z,2026-09-12T08:26:56+0200,3f9e494a-692f-42c6-9506-a86caefa9e16,2026-09-10T06:15:00Z,2026-09-10T08:15:00+0200,3899.0,MW,ES,ES,forecast_onshore_wind_generation,Wind Onshore,2026-09-12T06:31:34Z
2026-09-12T06:26:56Z,2026-09-12T08:26:56+0200,3f9e494a-692f-42c6-9506-a86caefa9e16,2026-09-10T06:30:00Z,2026-09-10T08:30:00+0200,3663.0,MW,ES,ES,forecast_onshore_wind_generation,Wind Onshore,2026-09-12T06:31:34Z
2026-09-12T06:26:56Z,2026-09-12T08:26:56+0200,3f9e494a-692f-42c6-9506-a86caefa9e16,2026-09-10T06:45:00Z,2026-09-10T08:45:00+0200,3494.0,MW,ES,ES,forecast_onshore_wind_generation,Wind Onshore,2026-09-12T06:31:34Z
2026-09-12T06:26:56Z,2026-09-12T08:26:56+0200,3f9e494a-692f-42c6-9506-a86caefa9e16,2026-09-10T07:00:00Z,2026-09-10T09:00:00+0200,3363.0,MW,ES,ES,forecast_onshore_wind_generation,Wind Onshore,2026-09-12T06:31:34Z
2026-09-12T06:26:56Z,2026-09-12T08:26:56+0200,3f9e494a-692f-42c6-9506-a86caefa9e16,2026-09-10T07:15:00Z,2026-09-10T09:15:00+0200,3198.0,MW,ES,ES,forecast_onshore_wind_generation,Wind Onshore,2026-09-12T06:31:34Z
2026-09-12T06:26:56Z,2026-09-12T08:26:56+0200,3f9e494a-692f-42c6-9506-a86caefa9e16,2026-09-10T07:30:00Z,2026-09-10T09:30:00+0200,3034.0,MW,ES,ES,forecast_onshore_wind_generation,Wind Onshore,2026-09-12T06:31:34Z
2026-09-12T06:26:56Z,2026-09-12T08:26:56+0200,3f9e494a-692f-42c6-9506-a86caefa9e16,2026-09-10T07:45:00Z,2026-09-10T09:45:00+0200,2868.0,MW,ES,ES,forecast_onshore_wind_generation,Wind Onshore,2026-09-12T06:31:34Z
2026-09-12T06:26:56Z,2026-09-12T08:26:56+0200,3f9e494a-692f-42c6-9506-a86caefa9e16,2026-09-10T08:00:00Z,2026-09-10T10:00:00+0200,2704.0,MW,ES,ES,forecast_onshore_wind_generation,Wind Onshore,2026-09-12T06:31:34Z
2026-09-12T06:26:56Z,2026-09-12T08:26:56+0200,3f9e494a-692f-42c6-9506-a86caefa9e16,2026-09-10T08:15:00Z,2026-09-10T10:15:00+0200,2567.0,MW,ES,ES,forecast_onshore_wind_generation,Wind Onshore,2026-09-12T06:31:34Z
2026-09-12T06:26:56Z,2026-09-12T08:26:56+0200,3f9e494a-692f-42c6-9506-a86caefa9e16,2026-09-10T08:30:00Z,2026-09-10T10:30:00+0200,2444.0,MW,ES,ES,forecast_onshore_wind_generation,Wind Onshore,2026-09-12T06:31:34Z
2026-09-12T06:26:56Z,2026-09-12T08:26:56+0200,3f9e494a-692f-42c6-9506-a86caefa9e16,2026-09-10T08:45:00Z,2026-09-10T10:45:00+0200,2320.0,MW,ES,ES,forecast_onshore_wind_generation,Wind Onshore,2026-09-12T06:31:34Z
2026-09-12T06:26:56Z,2026-09-12T08:26:56+0200,3f9e494a-692f-42c6-9506-a86caefa9e16,2026-09-10T09:00:00Z,2026-09-10T11:00:00+0200,2212.0,MW,ES,ES,forecast_onshore_wind_generation,Wind Onshore,2026-09-12T06:31:34Z
2026-09-12T06:26:56Z,2026-09-12T08:26:56+0200,3f9e494a-692f-42c6-9506-a86caefa9e16,2026-09-10T09:15:00Z,2026-09-10T11:15:00+0200,2124.0,MW,ES,ES,forecast_onshore_wind_generation,Wind Onshore,2026-09-12T06:31:34Z
2026-09-12T06:26:56Z,2026-09-12T08:26:56+0200,3f9e494a-692f-42c6-9506-a86caefa9e16,2026-09-10T09:30:00Z,2026-09-10T11:30:00+0200,2054.0,MW,ES,ES,forecast_onshore_wind_generation,Wind Onshore,2026-09-12T06:31:34Z
2026-09-12T06:26:56Z,2026-09-12T08:26:56+0200,3f9e494a-692f-42c6-9506-a86caefa9e16,2026-09-10T09:45:00Z,2026-09-10T11:45:00+0200,1989.0,MW,ES,ES,forecast_onshore_wind_generation,Wind Onshore,2026-09-12T06:31:34Z
2026-09-12T06:26:56Z,2026-09-12T08:26:56+0200,3f9e494a-692f-42c6-9506-a86caefa9e16,2026-09-10T10:00:00Z,2026-09-10T12:00:00+0200,1947.0,MW,ES,ES,forecast_onshore_wind_generation,Wind Onshore,2026-09-12T06:31:34Z
2026-09-12T06:26:56Z,2026-09-12T08:26:56+0200,3f9e494a-692f-42c6-9506-a86caefa9e16,2026-09-10T10:15:00Z,2026-09-10T12:15:00+0200,1902.0,MW,ES,ES,forecast_onshore_wind_generation,Wind Onshore,2026-09-12T06:31:34Z
2026-09-12T06:26:56Z,2026-09-12T08:26:56+0200,3f9e494a-692f-42c6-9506-a86caefa9e16,2026-09-10T10:30:00Z,2026-09-10T12:30:00+0200,1864.0,MW,ES,ES,forecast_onshore_wind_generation,Wind Onshore,2026-09-12T06:31:34Z
2026-09-12T06:26:56Z,2026-09-12T08:26:56+0200,3f9e494a-692f-42c6-9506-a86caefa9e16,2026-09-10T10:45:00Z,2026-09-10T12:45:00+0200,1830.0,MW,ES,ES,forecast_onshore_wind_generation,Wind Onshore,2026-09-12T06:31:34Z
2026-09-12T06:26:56Z,2026-09-12T08:26:56+0200,3f9e494a-692f-42c6-9506-a86caefa9e16,2026-09-10T11:00:00Z,2026-09-10T13:00:00+0200,1803.0,MW,ES,ES,forecast_onshore_wind_generation,Wind Onshore,2026-09-12T06:31:34Z
2026-09-12T06:26:56Z,2026-09-12T08:26:56+0200,3f9e494a-692f-42c6-9506-a86caefa9e16,2026-09-10T11:15:00Z,2026-09-10T13:15:00+0200,1780.0,MW,ES,ES,forecast_onshore_wind_generation,Wind Onshore,2026-09-12T06:31:34Z
2026-09-12T06:26:56Z,2026-09-12T08:26:56+0200,3f9e494a-692f-42c6-9506-a86caefa9e16,2026-09-10T11:30:00Z,2026-09-10T13:30:00+0200,1762.0,MW,ES,ES,forecast_onshore_wind_generation,Wind Onshore,2026-09-12T06:31:34Z
2026-09-12T06:26:56Z,2026-09-12T08:26:56+0200,3f9e494a-692f-42c6-9506-a86caefa9e16,2026-09-10T11:45:00Z,2026-09-10T13:45:00+0200,1752.0,MW,ES,ES,forecast_onshore_wind_generation,Wind Onshore,2026-09-12T06:31:34Z
2026-09-12T06:26:56Z,2026-09-12T08:26:56+0200,3f9e494a-692f-42c6-9506-a86caefa9e16,2026-09-10T12:00:00Z,2026-09-10T14:00:00+0200,1741.0,MW,ES,ES,forecast_onshore_wind_generation,Wind Onshore,2026-09-12T06:31:34Z
2026-09-12T06:26:56Z,2026-09-12T08:26:56+0200,3f9e494a-692f-42c6-9506-a86caefa9e16,2026-09-10T12:15:00Z,2026-09-10T14:15:00+0200,1755.0,MW,ES,ES,forecast_onshore_wind_generation,Wind Onshore,2026-09-12T06:31:34Z
2026-09-12T06:26:56Z,2026-09-12T08:26:56+0200,3f9e494a-692f-42c6-9506-a86caefa9e16,2026-09-10T12:30:00Z,2026-09-10T14:30:00+0200,1781.0,MW,ES,ES,forecast_onshore_wind_generation,Wind Onshore,2026-09-12T06:31:34Z
2026-09-12T06:26:56Z,2026-09-12T08:26:56+0200,3f9e494a-692f-42c6-9506-a86caefa9e16,2026-09-10T12:45:00Z,2026-09-10T14:45:00+0200,1812.0,MW,ES,ES,forecast_onshore_wind_generation,Wind Onshore,2026-09-12T06:31:34Z
2026-09-12T06:26:56Z,2026-09-12T08:26:56+0200,3f9e494a-692f-42c6-9506-a86caefa9e16,2026-09-10T13:00:00Z,2026-09-10T15:00:00+0200,1853.0,MW,ES,ES,forecast_onshore_wind_generation,Wind Onshore,2026-09-12T06:31:34Z
2026-09-12T06:26:56Z,2026-09-12T08:26:56+0200,3f9e494a-692f-42c6-9506-a86caefa9e16,2026-09-10T13:15:00Z,2026-09-10T15:15:00+0200,1911.0,MW,ES,ES,forecast_onshore_wind_generation,Wind Onshore,2026-09-12T06:31:34Z
2026-09-12T06:26:56Z,2026-09-12T08:26:56+0200,3f9e494a-692f-42c6-9506-a86caefa9e16,2026-09-10T13:30:00Z,2026-09-10T15:30:00+0200,1980.0,MW,ES,ES,forecast_onshore_wind_generation,Wind Onshore,2026-09-12T06:31:34Z
2026-09-12T06:26:56Z,2026-09-12T08:26:56+0200,3f9e494a-692f-42c6-9506-a86caefa9e16,2026-09-10T13:45:00Z,2026-09-10T15:45:00+0200,2057.0,MW,ES,ES,forecast_onshore_wind_generation,Wind Onshore,2026-09-12T06:31:34Z
2026-09-12T06:26:56Z,2026-09-12T08:26:56+0200,3f9e494a-692f-42c6-9506-a86caefa9e16,2026-09-10T14:00:00Z,2026-09-10T16:00:00+0200,2146.0,MW,ES,ES,forecast_onshore_wind_generation,Wind Onshore,2026-09-12T06:31:34Z
2026-09-12T06:26:56Z,2026-09-12T08:26:56+0200,3f9e494a-692f-42c6-9506-a86caefa9e16,2026-09-10T14:15:00Z,2026-09-10T16:15:00+0200,2235.0,MW,ES,ES,forecast_onshore_wind_generation,Wind Onshore,2026-09-12T06:31:34Z
2026-09-12T06:26:56Z,2026-09-12T08:26:56+0200,3f9e494a-692f-42c6-9506-a86caefa9e16,2026-09-10T14:30:00Z,2026-09-10T16:30:00+0200,2326.0,MW,ES,ES,forecast_onshore_wind_generation,Wind Onshore,2026-09-12T06:31:34Z
2026-09-12T06:26:56Z,2026-09-12T08:26:56+0200,3f9e494a-692f-42c6-9506-a86caefa9e16,2026-09-10T14:45:00Z,2026-09-10T16:45:00+0200,2413.0,MW,ES,ES,forecast_onshore_wind_generation,Wind Onshore,2026-09-12T06:31:34Z
2026-09-12T06:26:56Z,2026-09-12T08:26:56+0200,3f9e494a-692f-42c6-9506-a86caefa9e16,2026-09-10T15:00:00Z,2026-09-10T17:00:00+0200,2513.0,MW,ES,ES,forecast_onshore_wind_generation,Wind Onshore,2026-09-12T06:31:34Z
2026-09-12T06:26:56Z,2026-09-12T08:26:56+0200,3f9e494a-692f-42c6-9506-a86caefa9e16,2026-09-10T15:15:00Z,2026-09-10T17:15:00+0200,2608.0,MW,ES,ES,forecast_onshore_wind_generation,Wind Onshore,2026-09-12T06:31:34Z
2026-09-12T06:26:56Z,2026-09-12T08:26:56+0200,3f9e494a-692f-42c6-9506-a86caefa9e16,2026-09-10T15:30:00Z,2026-09-10T17:30:00+0200,2703.0,MW,ES,ES,forecast_onshore_wind_generation,Wind Onshore,2026-09-12T06:31:34Z
2026-09-12T06:26:56Z,2026-09-12T08:26:56+0200,3f9e494a-692f-42c6-9506-a86caefa9e16,2026-09-10T15:45:00Z,2026-09-10T17:45:00+0200,2794.0,MW,ES,ES,forecast_onshore_wind_generation,Wind Onshore,2026-09-12T06:31:34Z
2026-09-12T06:26:56Z,2026-09-12T08:26:56+0200,3f9e494a-692f-42c6-9506-a86caefa9e16,2026-09-10T16:00:00Z,2026-09-10T18:00:00+0200,2886.0,MW,ES,ES,forecast_onshore_wind_generation,Wind Onshore,2026-09-12T06:31:34Z
2026-09-12T06:26:56Z,2026-09-12T08:26:56+0200,3f9e494a-692f-42c6-9506-a86caefa9e16,2026-09-10T16:15:00Z,2026-09-10T18:15:00+0200,2972.0,MW,ES,ES,forecast_onshore_wind_generation,Wind Onshore,2026-09-12T06:31:34Z
2026-09-12T06:26:56Z,2026-09-12T08:26:56+0200,3f9e494a-692f-42c6-9506-a86caefa9e16,2026-09-10T16:30:00Z,2026-09-10T18:30:00+0200,3044.0,MW,ES,ES,forecast_onshore_wind_generation,Wind Onshore,2026-09-12T06:31:34Z
2026-09-12T06:26:56Z,2026-09-12T08:26:56+0200,3f9e494a-692f-42c6-9506-a86caefa9e16,2026-09-10T16:45:00Z,2026-09-10T18:45:00+0200,3105.0,MW,ES,ES,forecast_onshore_wind_generation,Wind Onshore,2026-09-12T06:31:34Z
2026-09-12T06:26:56Z,2026-09-12T08:26:56+0200,3f9e494a-692f-42c6-9506-a86caefa9e16,2026-09-10T17:00:00Z,2026-09-10T19:00:00+0200,3153.0,MW,ES,ES,forecast_onshore_wind_generation,Wind Onshore,2026-09-12T06:31:34Z
2026-09-12T06:26:56Z,2026-09-12T08:26:56+0200,3f9e494a-692f-42c6-9506-a86caefa9e16,2026-09-10T17:15:00Z,2026-09-10T19:15:00+0200,3219.0,MW,ES,ES,forecast_onshore_wind_generation,Wind Onshore,2026-09-12T06:31:34Z
2026-09-12T06:26:56Z,2026-09-12T08:26:56+0200,3f9e494a-692f-42c6-9506-a86caefa9e16,2026-09-10T17:30:00Z,2026-09-10T19:30:00+0200,3281.0,MW,ES,ES,forecast_onshore_wind_generation,Wind Onshore,2026-09-12T06:31:34Z
2026-09-12T06:26:56Z,2026-09-12T08:26:56+0200,3f9e494a-692f-42c6-9506-a86caefa9e16,2026-09-10T17:45:00Z,2026-09-10T19:45:00+0200,3346.0,MW,ES,ES,forecast_onshore_wind_generation,Wind Onshore,2026-09-12T06:31:34Z
2026-09-12T06:26:56Z,2026-09-12T08:26:56+0200,3f9e494a-692f-42c6-9506-a86caefa9e16,2026-09-10T18:00:00Z,2026-09-10T20:00:00+0200,3436.0,MW,ES,ES,forecast_onshore_wind_generation,Wind Onshore,2026-09-12T06:31:34Z
2026-09-12T06:26:56Z,2026-09-12T08:26:56+0200,3f9e494a-692f-42c6-9506-a86caefa9e16,2026-09-10T18:15:00Z,2026-09-10T20:15:00+0200,3508.0,MW,ES,ES,forecast_onshore_wind_generation,Wind Onshore,2026-09-12T06:31:34Z
2026-09-12T06:26:56Z,2026-09-12T08:26:56+0200,3f9e494a-692f-42c6-9506-a86caefa9e16,2026-09-10T18:30:00Z,2026-09-10T20:30:00+0200,3585.0,MW,ES,ES,forecast_onshore_wind_generation,Wind Onshore,2026-09-12T06:31:34Z
2026-09-12T06:26:56Z,2026-09-12T08:26:56+0200,3f9e494a-692f-42c6-9506-a86caefa9e16,2026-09-10T18:45:00Z,2026-09-10T20:45:00+0200,3659.0,MW,ES,ES,forecast_onshore_wind_generation,Wind Onshore,2026-09-12T06:31:34Z
2026-09-12T06:26:56Z,2026-09-12T08:26:56+0200,3f9e494a-692f-42c6-9506-a86caefa9e16,2026-09-10T19:00:00Z,2026-09-10T21:00:00+0200,3758.0,MW,ES,ES,forecast_onshore_wind_generation,Wind Onshore,2026-09-12T06:31:34Z
2026-09-12T06:26:56Z,2026-09-12T08:26:56+0200,3f9e494a-692f-42c6-9506-a86caefa9e16,2026-09-10T19:15:00Z,2026-09-10T21:15:00+0200,3805.0,MW,ES,ES,forecast_onshore_wind_generation,Wind Onshore,2026-09-12T06:31:34Z
2026-09-12T06:26:56Z,2026-09-12T08:26:56+0200,3f9e494a-692f-42c6-9506-a86caefa9e16,2026-09-10T19:30:00Z,2026-09-10T21:30:00+0200,3831.0,MW,ES,ES,forecast_onshore_wind_generation,Wind Onshore,2026-09-12T06:31:34Z
2026-09-12T06:26:56Z,2026-09-12T08:26:56+0200,3f9e494a-692f-42c6-9506-a86caefa9e16,2026-09-10T19:45:00Z,2026-09-10T21:45:00+0200,3837.0,MW,ES,ES,forecast_onshore_wind_generation,Wind Onshore,2026-09-12T06:31:34Z
2026-09-12T06:26:56Z,2026-09-12T08:26:56+0200,3f9e494a-692f-42c6-9506-a86caefa9e16,2026-09-10T20:00:00Z,2026-09-10T22:00:00+0200,3835.0,MW,ES,ES,forecast_onshore_wind_generation,Wind Onshore,2026-09-12T06:31:34Z
2026-09-12T06:26:56Z,2026-09-12T08:26:56+0200,3f9e494a-692f-42c6-9506-a86caefa9e16,2026-09-10T20:15:00Z,2026-09-10T22:15:00+0200,3826.0,MW,ES,ES,forecast_onshore_wind_generation,Wind Onshore,2026-09-12T06:31:34Z
2026-09-12T06:26:56Z,2026-09-12T08:26:56+0200,3f9e494a-692f-42c6-9506-a86caefa9e16,2026-09-10T20:30:00Z,2026-09-10T22:30:00+0200,3818.0,MW,ES,ES,forecast_onshore_wind_generation,Wind Onshore,2026-09-12T06:31:34Z
2026-09-12T06:26:56Z,2026-09-12T08:26:56+0200,3f9e494a-692f-42c6-9506-a86caefa9e16,2026-09-10T20:45:00Z,2026-09-10T22:45:00+0200,3807.0,MW,ES,ES,forecast_onshore_wind_generation,Wind Onshore,2026-09-12T06:31:34Z
2026-09-12T06:26:56Z,2026-09-12T08:26:56+0200,3f9e494a-692f-42c6-9506-a86caefa9e16,2026-09-10T21:00:00Z,2026-09-10T23:00:00+0200,3801.0,MW,ES,ES,forecast_onshore_wind_generation,Wind Onshore,2026-09-12T06:31:34Z
2026-09-12T06:26:56Z,2026-09-12T08:26:56+0200,3f9e494a-692f-42c6-9506-a86caefa9e16,2026-09-10T21:15:00Z,2026-09-10T23:15:00+0200,3778.0,MW,ES,ES,forecast_onshore_wind_generation,Wind Onshore,2026-09-12T06:31:34Z
2026-09-12T06:26:56Z,2026-09-12T08:26:56+0200,3f9e494a-692f-42c6-9506-a86caefa9e16,2026-09-10T21:30:00Z,2026-09-10T23:30:00+0200,3745.0,MW,ES,ES,forecast_onshore_wind_generation,Wind Onshore,2026-09-12T06:31:34Z
2026-09-12T06:26:56Z,2026-09-12T08:26:56+0200,3f9e494a-692f-42c6-9506-a86caefa9e16,2026-09-10T21:45:00Z,2026-09-10T23:45:00+0200,3714.0,MW,ES,ES,forecast_onshore_wind_generation,Wind Onshore,2026-09-12T06:31:34Z
2026-09-12T06:26:56Z,2026-09-12T08:26:56+0200,3f9e494a-692f-42c6-9506-a86caefa9e16,2026-09-10T22:00:00Z,2026-09-11T00:00:00+0200,3385.0,MW,ES,ES,forecast_onshore_wind_generation,Wind Onshore,2026-09-12T06:31:34Z
2026-09-12T06:26:56Z,2026-09-12T08:26:56+0200,3f9e494a-692f-42c6-9506-a86caefa9e16,2026-09-10T22:15:00Z,2026-09-11T00:15:00+0200,3386.0,MW,ES,ES,forecast_onshore_wind_generation,Wind Onshore,2026-09-12T06:31:34Z
2026-09-12T06:26:56Z,2026-09-12T08:26:56+0200,3f9e494a-692f-42c6-9506-a86caefa9e16,2026-09-10T22:30:00Z,2026-09-11T00:30:00+0200,3387.0,MW,ES,ES,forecast_onshore_wind_generation,Wind Onshore,2026-09-12T06:31:34Z
2026-09-12T06:26:56Z,2026-09-12T08:26:56+0200,3f9e494a-692f-42c6-9506-a86caefa9e16,2026-09-10T22:45:00Z,2026-09-11T00:45:00+0200,3383.0,MW,ES,ES,forecast_onshore_wind_generation,Wind Onshore,2026-09-12T06:31:34Z
2026-09-12T06:26:56Z,2026-09-12T08:26:56+0200,3f9e494a-692f-42c6-9506-a86caefa9e16,2026-09-10T23:00:00Z,2026-09-11T01:00:00+0200,3376.0,MW,ES,ES,forecast_onshore_wind_generation,Wind Onshore,2026-09-12T06:31:34Z
2026-09-12T06:26:56Z,2026-09-12T08:26:56+0200,3f9e494a-692f-42c6-9506-a86caefa9e16,2026-09-10T23:15:00Z,2026-09-11T01:15:00+0200,3364.0,MW,ES,ES,forecast_onshore_wind_generation,Wind Onshore,2026-09-12T06:31:34Z
2026-09-12T06:26:56Z,2026-09-12T08:26:56+0200,3f9e494a-692f-42c6-9506-a86caefa9e16,2026-09-10T23:30:00Z,2026-09-11T01:30:00+0200,3351.0,MW,ES,ES,forecast_onshore_wind_generation,Wind Onshore,2026-09-12T06:31:34Z
2026-09-12T06:26:56Z,2026-09-12T08:26:56+0200,3f9e494a-692f-42c6-9506-a86caefa9e16,2026-09-10T23:45:00Z,2026-09-11T01:45:00+0200,3338.0,MW,ES,ES,forecast_onshore_wind_generation,Wind Onshore,2026-09-12T06:31:34Z
2026-09-12T06:26:56Z,2026-09-12T08:26:56+0200,3f9e494a-692f-42c6-9506-a86caefa9e16,2026-09-11T00:00:00Z,2026-09-11T02:00:00+0200,3304.0,MW,ES,ES,forecast_onshore_wind_generation,Wind Onshore,2026-09-12T06:31:34Z
2026-09-12T06:26:56Z,2026-09-12T08:26:56+0200,3f9e494a-692f-42c6-9506-a86caefa9e16,2026-09-11T00:15:00Z,2026-09-11T02:15:00+0200,3324.0,MW,ES,ES,forecast_onshore_wind_generation,Wind Onshore,2026-09-12T06:31:34Z
2026-09-12T06:26:56Z,2026-09-12T08:26:56+0200,3f9e494a-692f-42c6-9506-a86caefa9e16,2026-09-11T00:30:00Z,2026-09-11T02:30:00+0200,3366.0,MW,ES,ES,forecast_onshore_wind_generation,Wind Onshore,2026-09-12T06:31:34Z
2026-09-12T06:26:56Z,2026-09-12T08:26:56+0200,3f9e494a-692f-42c6-9506-a86caefa9e16,2026-09-11T00:45:00Z,2026-09-11T02:45:00+0200,3421.0,MW,ES,ES,forecast_onshore_wind_generation,Wind Onshore,2026-09-12T06:31:34Z
2026-09-12T06:26:56Z,2026-09-12T08:26:56+0200,3f9e494a-692f-42c6-9506-a86caefa9e16,2026-09-11T01:00:00Z,2026-09-11T03:00:00+0200,3523.0,MW,ES,ES,forecast_onshore_wind_generation,Wind Onshore,2026-09-12T06:31:34Z
2026-09-12T06:26:56Z,2026-09-12T08:26:56+0200,3f9e494a-692f-42c6-9506-a86caefa9e16,2026-09-11T01:15:00Z,2026-09-11T03:15:00+0200,3547.0,MW,ES,ES,forecast_onshore_wind_generation,Wind Onshore,2026-09-12T06:31:34Z
2026-09-12T06:26:56Z,2026-09-12T08:26:56+0200,3f9e494a-692f-42c6-9506-a86caefa9e16,2026-09-11T01:30:00Z,2026-09-11T03:30:00+0200,3534.0,MW,ES,ES,forecast_onshore_wind_generation,Wind Onshore,2026-09-12T06:31:34Z
2026-09-12T06:26:56Z,2026-09-12T08:26:56+0200,3f9e494a-692f-42c6-9506-a86caefa9e16,2026-09-11T01:45:00Z,2026-09-11T03:45:00+0200,3496.0,MW,ES,ES,forecast_onshore_wind_generation,Wind Onshore,2026-09-12T06:31:34Z
2026-09-12T06:26:56Z,2026-09-12T08:26:56+0200,3f9e494a-692f-42c6-9506-a86caefa9e16,2026-09-11T02:00:00Z,2026-09-11T04:00:00+0200,3432.0,MW,ES,ES,forecast_onshore_wind_generation,Wind Onshore,2026-09-12T06:31:34Z
2026-09-12T06:26:56Z,2026-09-12T08:26:56+0200,3f9e494a-692f-42c6-9506-a86caefa9e16,2026-09-11T02:15:00Z,2026-09-11T04:15:00+0200,3393.0,MW,ES,ES,forecast_onshore_wind_generation,Wind Onshore,2026-09-12T06:31:34Z
2026-09-12T06:26:56Z,2026-09-12T08:26:56+0200,3f9e494a-692f-42c6-9506-a86caefa9e16,2026-09-11T02:30:00Z,2026-09-11T04:30:00+0200,3373.0,MW,ES,ES,forecast_onshore_wind_generation,Wind Onshore,2026-09-12T06:31:34Z
2026-09-12T06:26:56Z,2026-09-12T08:26:56+0200,3f9e494a-692f-42c6-9506-a86caefa9e16,2026-09-11T02:45:00Z,2026-09-11T04:45:00+0200,3370.0,MW,ES,ES,forecast_onshore_wind_generation,Wind Onshore,2026-09-12T06:31:34Z
2026-09-12T06:26:56Z,2026-09-12T08:26:56+0200,3f9e494a-692f-42c6-9506-a86caefa9e16,2026-09-11T03:00:00Z,2026-09-11T05:00:00+0200,3392.0,MW,ES,ES,forecast_onshore_wind_generation,Wind Onshore,2026-09-12T06:31:34Z
2026-09-12T06:26:56Z,2026-09-12T08:26:56+0200,3f9e494a-692f-42c6-9506-a86caefa9e16,2026-09-11T03:15:00Z,2026-09-11T05:15:00+0200,3395.0,MW,ES,ES,forecast_onshore_wind_generation,Wind Onshore,2026-09-12T06:31:34Z
2026-09-12T06:26:56Z,2026-09-12T08:26:56+0200,3f9e494a-692f-42c6-9506-a86caefa9e16,2026-09-11T03:30:00Z,2026-09-11T05:30:00+0200,3389.0,MW,ES,ES,forecast_onshore_wind_generation,Wind Onshore,2026-09-12T06:31:34Z
2026-09-12T06:26:56Z,2026-09-12T08:26:56+0200,3f9e494a-692f-42c6-9506-a86caefa9e16,2026-09-11T03:45:00Z,2026-09-11T05:45:00+0200,3376.0,MW,ES,ES,forecast_onshore_wind_generation,Wind Onshore,2026-09-12T06:31:34Z
2026-09-12T06:26:56Z,2026-09-12T08:26:56+0200,3f9e494a-692f-42c6-9506-a86caefa9e16,2026-09-11T04:00:00Z,2026-09-11T06:00:00+0200,3362.0,MW,ES,ES,forecast_onshore_wind_generation,Wind Onshore,2026-09-12T06:31:34Z
2026-09-12T06:26:56Z,2026-09-12T08:26:56+0200,3f9e494a-692f-42c6-9506-a86caefa9e16,2026-09-11T04:15:00Z,2026-09-11T06:15:00+0200,3349.0,MW,ES,ES,forecast_onshore_wind_generation,Wind Onshore,2026-09-12T06:31:34Z
2026-09-12T06:26:56Z,2026-09-12T08:26:56+0200,3f9e494a-692f-42c6-9506-a86caefa9e16,2026-09-11T04:30:00Z,2026-09-11T06:30:00+0200,3338.0,MW,ES,ES,forecast_onshore_wind_generation,Wind Onshore,2026-09-12T06:31:34Z
2026-09-12T06:26:56Z,2026-09-12T08:26:56+0200,3f9e494a-692f-42c6-9506-a86caefa9e16,2026-09-11T04:45:00Z,2026-09-11T06:45:00+0200,3321.0,MW,ES,ES,forecast_onshore_wind_generation,Wind Onshore,2026-09-12T06:31:34Z
2026-09-12T06:26:56Z,2026-09-12T08:26:56+0200,3f9e494a-692f-42c6-9506-a86caefa9e16,2026-09-11T05:00:00Z,2026-09-11T07:00:00+0200,3342.0,MW,ES,ES,forecast_onshore_wind_generation,Wind Onshore,2026-09-12T06:31:34Z
2026-09-12T06:26:56Z,2026-09-12T08:26:56+0200,3f9e494a-692f-42c6-9506-a86caefa9e16,2026-09-11T05:15:00Z,2026-09-11T07:15:00+0200,3281.0,MW,ES,ES,forecast_onshore_wind_generation,Wind Onshore,2026-09-12T06:31:34Z
2026-09-12T06:26:56Z,2026-09-12T08:26:56+0200,3f9e494a-692f-42c6-9506-a86caefa9e16,2026-09-11T05:30:00Z,2026-09-11T07:30:00+0200,3187.0,MW,ES,ES,forecast_onshore_wind_generation,Wind Onshore,2026-09-12T06:31:34Z
2026-09-12T06:26:56Z,2026-09-12T08:26:56+0200,3f9e494a-692f-42c6-9506-a86caefa9e16,2026-09-11T05:45:00Z,2026-09-11T07:45:00+0200,3077.0,MW,ES,ES,forecast_onshore_wind_generation,Wind Onshore,2026-09-12T06:31:34Z
2026-09-12T06:26:56Z,2026-09-12T08:26:56+0200,3f9e494a-692f-42c6-9506-a86caefa9e16,2026-09-11T06:00:00Z,2026-09-11T08:00:00+0200,2927.0,MW,ES,ES,forecast_onshore_wind_generation,Wind Onshore,2026-09-12T06:31:34Z
2026-09-12T06:26:56Z,2026-09-12T08:26:56+0200,3f9e494a-692f-42c6-9506-a86caefa9e16,2026-09-11T06:15:00Z,2026-09-11T08:15:00+0200,2845.0,MW,ES,ES,forecast_onshore_wind_generation,Wind Onshore,2026-09-12T06:31:34Z
2026-09-12T06:26:56Z,2026-09-12T08:26:56+0200,3f9e494a-692f-42c6-9506-a86caefa9e16,2026-09-11T06:30:00Z,2026-09-11T08:30:00+0200,2801.0,MW,ES,ES,forecast_onshore_wind_generation,Wind Onshore,2026-09-12T06:31:34Z
2026-09-12T06:26:56Z,2026-09-12T08:26:56+0200,3f9e494a-692f-42c6-9506-a86caefa9e16,2026-09-11T06:45:00Z,2026-09-11T08:45:00+0200,2783.0,MW,ES,ES,forecast_onshore_wind_generation,Wind Onshore,2026-09-12T06:31:34Z
2026-09-12T06:26:56Z,2026-09-12T08:26:56+0200,3f9e494a-692f-42c6-9506-a86caefa9e16,2026-09-11T07:00:00Z,2026-09-11T09:00:00+0200,2777.0,MW,ES,ES,forecast_onshore_wind_generation,Wind Onshore,2026-09-12T06:31:34Z
2026-09-12T06:26:56Z,2026-09-12T08:26:56+0200,3f9e494a-692f-42c6-9506-a86caefa9e16,2026-09-11T07:15:00Z,2026-09-11T09:15:00+0200,2790.0,MW,ES,ES,forecast_onshore_wind_generation,Wind Onshore,2026-09-12T06:31:34Z
2026-09-12T06:26:56Z,2026-09-12T08:26:56+0200,3f9e494a-692f-42c6-9506-a86caefa9e16,2026-09-11T07:30:00Z,2026-09-11T09:30:00+0200,2788.0,MW,ES,ES,forecast_onshore_wind_generation,Wind Onshore,2026-09-12T06:31:34Z
2026-09-12T06:26:56Z,2026-09-12T08:26:56+0200,3f9e494a-692f-42c6-9506-a86caefa9e16,2026-09-11T07:45:00Z,2026-09-11T09:45:00+0200,2719.0,MW,ES,ES,forecast_onshore_wind_generation,Wind Onshore,2026-09-12T06:31:34Z
2026-09-12T06:26:56Z,2026-09-12T08:26:56+0200,3f9e494a-692f-42c6-9506-a86caefa9e16,2026-09-11T08:00:00Z,2026-09-11T10:00:00+0200,2566.0,MW,ES,ES,forecast_onshore_wind_generation,Wind Onshore,2026-09-12T06:31:34Z
2026-09-12T06:26:56Z,2026-09-12T08:26:56+0200,3f9e494a-692f-42c6-9506-a86caefa9e16,2026-09-11T08:15:00Z,2026-09-11T10:15:00+0200,2519.0,MW,ES,ES,forecast_onshore_wind_generation,Wind Onshore,2026-09-12T06:31:34Z
2026-09-12T06:26:56Z,2026-09-12T08:26:56+0200,3f9e494a-692f-42c6-9506-a86caefa9e16,2026-09-11T08:30:00Z,2026-09-11T10:30:00+0200,2506.0,MW,ES,ES,forecast_onshore_wind_generation,Wind Onshore,2026-09-12T06:31:34Z
2026-09-12T06:26:56Z,2026-09-12T08:26:56+0200,3f9e494a-692f-42c6-9506-a86caefa9e16,2026-09-11T08:45:00Z,2026-09-11T10:45:00+0200,2424.0,MW,ES,ES,forecast_onshore_wind_generation,Wind Onshore,2026-09-12T06:31:34Z
2026-09-12T06:26:56Z,2026-09-12T08:26:56+0200,3f9e494a-692f-42c6-9506-a86caefa9e16,2026-09-11T09:00:00Z,2026-09-11T11:00:00+0200,2364.0,MW,ES,ES,forecast_onshore_wind_generation,Wind Onshore,2026-09-12T06:31:34Z
2026-09-12T06:26:56Z,2026-09-12T08:26:56+0200,3f9e494a-692f-42c6-9506-a86caefa9e16,2026-09-11T09:15:00Z,2026-09-11T11:15:00+0200,2360.0,MW,ES,ES,forecast_onshore_wind_generation,Wind Onshore,2026-09-12T06:31:34Z
2026-09-12T06:26:56Z,2026-09-12T08:26:56+0200,3f9e494a-692f-42c6-9506-a86caefa9e16,2026-09-11T09:30:00Z,2026-09-11T11:30:00+0200,2369.0,MW,ES,ES,forecast_onshore_wind_generation,Wind Onshore,2026-09-12T06:31:34Z
2026-09-12T06:26:56Z,2026-09-12T08:26:56+0200,3f9e494a-692f-42c6-9506-a86caefa9e16,2026-09-11T09:45:00Z,2026-09-11T11:45:00+0200,2370.0,MW,ES,ES,forecast_onshore_wind_generation,Wind Onshore,2026-09-12T06:31:34Z
2026-09-12T06:26:56Z,2026-09-12T08:26:56+0200,3f9e494a-692f-42c6-9506-a86caefa9e16,2026-09-11T10:00:00Z,2026-09-11T12:00:00+0200,2351.0,MW,ES,ES,forecast_onshore_wind_generation,Wind Onshore,2026-09-12T06:31:34Z
2026-09-12T06:26:56Z,2026-09-12T08:26:56+0200,3f9e494a-692f-42c6-9506-a86caefa9e16,2026-09-11T10:15:00Z,2026-09-11T12:15:00+0200,2367.0,MW,ES,ES,forecast_onshore_wind_generation,Wind Onshore,2026-09-12T06:31:34Z
2026-09-12T06:26:56Z,2026-09-12T08:26:56+0200,3f9e494a-692f-42c6-9506-a86caefa9e16,2026-09-11T10:30:00Z,2026-09-11T12:30:00+0200,2393.0,MW,ES,ES,forecast_onshore_wind_generation,Wind Onshore,2026-09-12T06:31:34Z
2026-09-12T06:26:56Z,2026-09-12T08:26:56+0200,3f9e494a-692f-42c6-9506-a86caefa9e16,2026-09-11T10:45:00Z,2026-09-11T12:45:00+0200,2401.0,MW,ES,ES,forecast_onshore_wind_generation,Wind Onshore,2026-09-12T06:31:34Z
2026-09-12T06:26:56Z,2026-09-12T08:26:56+0200,3f9e494a-692f-42c6-9506-a86caefa9e16,2026-09-11T11:00:00Z,2026-09-11T13:00:00+0200,2440.0,MW,ES,ES,forecast_onshore_wind_generation,Wind Onshore,2026-09-12T06:31:34Z
2026-09-12T06:26:56Z,2026-09-12T08:26:56+0200,3f9e494a-692f-42c6-9506-a86caefa9e16,2026-09-11T11:15:00Z,2026-09-11T13:15:00+0200,2473.0,MW,ES,ES,forecast_onshore_wind_generation,Wind Onshore,2026-09-12T06:31:34Z
2026-09-12T06:26:56Z,2026-09-12T08:26:56+0200,3f9e494a-692f-42c6-9506-a86caefa9e16,2026-09-11T11:30:00Z,2026-09-11T13:30:00+0200,2501.0,MW,ES,ES,forecast_onshore_wind_generation,Wind Onshore,2026-09-12T06:31:34Z
2026-09-12T06:26:56Z,2026-09-12T08:26:56+0200,3f9e494a-692f-42c6-9506-a86caefa9e16,2026-09-11T11:45:00Z,2026-09-11T13:45:00+0200,2523.0,MW,ES,ES,forecast_onshore_wind_generation,Wind Onshore,2026-09-12T06:31:34Z
2026-09-12T06:26:56Z,2026-09-12T08:26:56+0200,3f9e494a-692f-42c6-9506-a86caefa9e16,2026-09-11T12:00:00Z,2026-09-11T14:00:00+0200,2635.0,MW,ES,ES,forecast_onshore_wind_generation,Wind Onshore,2026-09-12T06:31:34Z
2026-09-12T06:26:56Z,2026-09-12T08:26:56+0200,3f9e494a-692f-42c6-9506-a86caefa9e16,2026-09-11T12:15:00Z,2026-09-11T14:15:00+0200,2694.0,MW,ES,ES,forecast_onshore_wind_generation,Wind Onshore,2026-09-12T06:31:34Z
2026-09-12T06:26:56Z,2026-09-12T08:26:56+0200,3f9e494a-692f-42c6-9506-a86caefa9e16,2026-09-11T12:30:00Z,2026-09-11T14:30:00+0200,2788.0,MW,ES,ES,forecast_onshore_wind_generation,Wind Onshore,2026-09-12T06:31:34Z
2026-09-12T06:26:56Z,2026-09-12T08:26:56+0200,3f9e494a-692f-42c6-9506-a86caefa9e16,2026-09-11T12:45:00Z,2026-09-11T14:45:00+0200,2880.0,MW,ES,ES,forecast_onshore_wind_generation,Wind Onshore,2026-09-12T06:31:34Z
2026-09-12T06:26:56Z,2026-09-12T08:26:56+0200,3f9e494a-692f-42c6-9506-a86caefa9e16,2026-09-11T13:00:00Z,2026-09-11T15:00:00+0200,3152.0,MW,ES,ES,forecast_onshore_wind_generation,Wind Onshore,2026-09-12T06:31:34Z
2026-09-12T06:26:56Z,2026-09-12T08:26:56+0200,3f9e494a-692f-42c6-9506-a86caefa9e16,2026-09-11T13:15:00Z,2026-09-11T15:15:00+0200,3283.0,MW,ES,ES,forecast_onshore_wind_generation,Wind Onshore,2026-09-12T06:31:34Z
2026-09-12T06:26:56Z,2026-09-12T08:26:56+0200,3f9e494a-692f-42c6-9506-a86caefa9e16,2026-09-11T13:30:00Z,2026-09-11T15:30:00+0200,3400.0,MW,ES,ES,forecast_onshore_wind_generation,Wind Onshore,2026-09-12T06:31:34Z
2026-09-12T06:26:56Z,2026-09-12T08:26:56+0200,3f9e494a-692f-42c6-9506-a86caefa9e16,2026-09-11T13:45:00Z,2026-09-11T15:45:00+0200,3517.0,MW,ES,ES,forecast_onshore_wind_generation,Wind Onshore,2026-09-12T06:31:34Z
2026-09-12T06:26:56Z,2026-09-12T08:26:56+0200,3f9e494a-692f-42c6-9506-a86caefa9e16,2026-09-11T14:00:00Z,2026-09-11T16:00:00+0200,3782.0,MW,ES,ES,forecast_onshore_wind_generation,Wind Onshore,2026-09-12T06:31:34Z
2026-09-12T06:26:56Z,2026-09-12T08:26:56+0200,3f9e494a-692f-42c6-9506-a86caefa9e16,2026-09-11T14:15:00Z,2026-09-11T16:15:00+0200,3928.0,MW,ES,ES,forecast_onshore_wind_generation,Wind Onshore,2026-09-12T06:31:34Z
2026-09-12T06:26:56Z,2026-09-12T08:26:56+0200,3f9e494a-692f-42c6-9506-a86caefa9e16,2026-09-11T14:30:00Z,2026-09-11T16:30:00+0200,4082.0,MW,ES,ES,forecast_onshore_wind_generation,Wind Onshore,2026-09-12T06:31:34Z
2026-09-12T06:26:56Z,2026-09-12T08:26:56+0200,3f9e494a-692f-42c6-9506-a86caefa9e16,2026-09-11T14:45:00Z,2026-09-11T16:45:00+0200,4191.0,MW,ES,ES,forecast_onshore_wind_generation,Wind Onshore,2026-09-12T06:31:34Z
2026-09-12T06:26:56Z,2026-09-12T08:26:56+0200,3f9e494a-692f-42c6-9506-a86caefa9e16,2026-09-11T15:00:00Z,2026-09-11T17:00:00+0200,4504.0,MW,ES,ES,forecast_onshore_wind_generation,Wind Onshore,2026-09-12T06:31:34Z
2026-09-12T06:26:56Z,2026-09-12T08:26:56+0200,3f9e494a-692f-42c6-9506-a86caefa9e16,2026-09-11T15:15:00Z,2026-09-11T17:15:00+0200,4709.0,MW,ES,ES,forecast_onshore_wind_generation,Wind Onshore,2026-09-12T06:31:34Z
2026-09-12T06:26:56Z,2026-09-12T08:26:56+0200,3f9e494a-692f-42c6-9506-a86caefa9e16,2026-09-11T15:30:00Z,2026-09-11T17:30:00+0200,4924.0,MW,ES,ES,forecast_onshore_wind_generation,Wind Onshore,2026-09-12T06:31:34Z
2026-09-12T06:26:56Z,2026-09-12T08:26:56+0200,3f9e494a-692f-42c6-9506-a86caefa9e16,2026-09-11T15:45:00Z,2026-09-11T17:45:00+0200,5151.0,MW,ES,ES,forecast_onshore_wind_generation,Wind Onshore,2026-09-12T06:31:34Z
2026-09-12T06:26:56Z,2026-09-12T08:26:56+0200,3f9e494a-692f-42c6-9506-a86caefa9e16,2026-09-11T16:00:00Z,2026-09-11T18:00:00+0200,5651.0,MW,ES,ES,forecast_onshore_wind_generation,Wind Onshore,2026-09-12T06:31:34Z
2026-09-12T06:26:56Z,2026-09-12T08:26:56+0200,3f9e494a-692f-42c6-9506-a86caefa9e16,2026-09-11T16:15:00Z,2026-09-11T18:15:00+0200,6016.0,MW,ES,ES,forecast_onshore_wind_generation,Wind Onshore,2026-09-12T06:31:34Z
2026-09-12T06:26:56Z,2026-09-12T08:26:56+0200,3f9e494a-692f-42c6-9506-a86caefa9e16,2026-09-11T16:30:00Z,2026-09-11T18:30:00+0200,6389.0,MW,ES,ES,forecast_onshore_wind_generation,Wind Onshore,2026-09-12T06:31:34Z
2026-09-12T06:26:56Z,2026-09-12T08:26:56+0200,3f9e494a-692f-42c6-9506-a86caefa9e16,2026-09-11T16:45:00Z,2026-09-11T18:45:00+0200,6744.0,MW,ES,ES,forecast_onshore_wind_generation,Wind Onshore,2026-09-12T06:31:34Z
2026-09-12T06:26:56Z,2026-09-12T08:26:56+0200,3f9e494a-692f-42c6-9506-a86caefa9e16,2026-09-11T17:00:00Z,2026-09-11T19:00:00+0200,7458.0,MW,ES,ES,forecast_onshore_wind_generation,Wind Onshore,2026-09-12T06:31:34Z
2026-09-12T06:26:56Z,2026-09-12T08:26:56+0200,3f9e494a-692f-42c6-9506-a86caefa9e16,2026-09-11T17:15:00Z,2026-09-11T19:15:00+0200,7775.0,MW,ES,ES,forecast_onshore_wind_generation,Wind Onshore,2026-09-12T06:31:34Z
2026-09-12T06:26:56Z,2026-09-12T08:26:56+0200,3f9e494a-692f-42c6-9506-a86caefa9e16,2026-09-11T17:30:00Z,2026-09-11T19:30:00+0200,8064.0,MW,ES,ES,forecast_onshore_wind_generation,Wind Onshore,2026-09-12T06:31:34Z
2026-09-12T06:26:56Z,2026-09-12T08:26:56+0200,3f9e494a-692f-42c6-9506-a86caefa9e16,2026-09-11T17:45:00Z,2026-09-11T19:45:00+0200,8349.0,MW,ES,ES,forecast_onshore_wind_generation,Wind Onshore,2026-09-12T06:31:34Z
2026-09-12T06:26:56Z,2026-09-12T08:26:56+0200,3f9e494a-692f-42c6-9506-a86caefa9e16,2026-09-11T18:00:00Z,2026-09-11T20:00:00+0200,8656.0,MW,ES,ES,forecast_onshore_wind_generation,Wind Onshore,2026-09-12T06:31:34Z
2026-09-12T06:26:56Z,2026-09-12T08:26:56+0200,3f9e494a-692f-42c6-9506-a86caefa9e16,2026-09-11T18:15:00Z,2026-09-11T20:15:00+0200,8901.0,MW,ES,ES,forecast_onshore_wind_generation,Wind Onshore,2026-09-12T06:31:34Z
2026-09-12T06:26:56Z,2026-09-12T08:26:56+0200,3f9e494a-692f-42c6-9506-a86caefa9e16,2026-09-11T18:30:00Z,2026-09-11T20:30:00+0200,9136.0,MW,ES,ES,forecast_onshore_wind_generation,Wind Onshore,2026-09-12T06:31:34Z
2026-09-12T06:26:56Z,2026-09-12T08:26:56+0200,3f9e494a-692f-42c6-9506-a86caefa9e16,2026-09-11T18:45:00Z,2026-09-11T20:45:00+0200,9348.0,MW,ES,ES,forecast_onshore_wind_generation,Wind Onshore,2026-09-12T06:31:34Z
2026-09-12T06:26:56Z,2026-09-12T08:26:56+0200,3f9e494a-692f-42c6-9506-a86caefa9e16,2026-09-11T19:00:00Z,2026-09-11T21:00:00+0200,9639.0,MW,ES,ES,forecast_onshore_wind_generation,Wind Onshore,2026-09-12T06:31:34Z
2026-09-12T06:26:56Z,2026-09-12T08:26:56+0200,3f9e494a-692f-42c6-9506-a86caefa9e16,2026-09-11T19:15:00Z,2026-09-11T21:15:00+0200,9754.0,MW,ES,ES,forecast_onshore_wind_generation,Wind Onshore,2026-09-12T06:31:34Z
2026-09-12T06:26:56Z,2026-09-12T08:26:56+0200,3f9e494a-692f-42c6-9506-a86caefa9e16,2026-09-11T19:30:00Z,2026-09-11T21:30:00+0200,9799.0,MW,ES,ES,forecast_onshore_wind_generation,Wind Onshore,2026-09-12T06:31:34Z
2026-09-12T06:26:56Z,2026-09-12T08:26:56+0200,3f9e494a-692f-42c6-9506-a86caefa9e16,2026-09-11T19:45:00Z,2026-09-11T21:45:00+0200,9791.0,MW,ES,ES,forecast_onshore_wind_generation,Wind Onshore,2026-09-12T06:31:34Z
2026-09-12T06:26:56Z,2026-09-12T08:26:56+0200,3f9e494a-692f-42c6-9506-a86caefa9e16,2026-09-11T20:00:00Z,2026-09-11T22:00:00+0200,9733.0,MW,ES,ES,forecast_onshore_wind_generation,Wind Onshore,2026-09-12T06:31:34Z
2026-09-12T06:26:56Z,2026-09-12T08:26:56+0200,3f9e494a-692f-42c6-9506-a86caefa9e16,2026-09-11T20:15:00Z,2026-09-11T22:15:00+0200,9683.0,MW,ES,ES,forecast_onshore_wind_generation,Wind Onshore,2026-09-12T06:31:34Z
2026-09-12T06:26:56Z,2026-09-12T08:26:56+0200,3f9e494a-692f-42c6-9506-a86caefa9e16,2026-09-11T20:30:00Z,2026-09-11T22:30:00+0200,9639.0,MW,ES,ES,forecast_onshore_wind_generation,Wind Onshore,2026-09-12T06:31:34Z
2026-09-12T06:26:56Z,2026-09-12T08:26:56+0200,3f9e494a-692f-42c6-9506-a86caefa9e16,2026-09-11T20:45:00Z,2026-09-11T22:45:00+0200,9601.0,MW,ES,ES,forecast_onshore_wind_generation,Wind Onshore,2026-09-12T06:31:34Z
2026-09-12T06:26:56Z,2026-09-12T08:26:56+0200,3f9e494a-692f-42c6-9506-a86caefa9e16,2026-09-11T21:00:00Z,2026-09-11T23:00:00+0200,9584.0,MW,ES,ES,forecast_onshore_wind_generation,Wind Onshore,2026-09-12T06:31:34Z
2026-09-12T06:26:56Z,2026-09-12T08:26:56+0200,3f9e494a-692f-42c6-9506-a86caefa9e16,2026-09-11T21:15:00Z,2026-09-11T23:15:00+0200,9530.0,MW,ES,ES,forecast_onshore_wind_generation,Wind Onshore,2026-09-12T06:31:34Z
2026-09-12T06:26:56Z,2026-09-12T08:26:56+0200,3f9e494a-692f-42c6-9506-a86caefa9e16,2026-09-11T21:30:00Z,2026-09-11T23:30:00+0200,9460.0,MW,ES,ES,forecast_onshore_wind_generation,Wind Onshore,2026-09-12T06:31:34Z
2026-09-12T06:26:56Z,2026-09-12T08:26:56+0200,3f9e494a-692f-42c6-9506-a86caefa9e16,2026-09-11T21:45:00Z,2026-09-11T23:45:00+0200,9373.0,MW,ES,ES,forecast_onshore_wind_generation,Wind Onshore,2026-09-12T06:31:34Z
2026-09-12T06:26:56Z,2026-09-12T08:26:56+0200,3f9e494a-692f-42c6-9506-a86caefa9e16,2026-09-11T22:00:00Z,2026-09-12T00:00:00+0200,8971.0,MW,ES,ES,forecast_onshore_wind_generation,Wind Onshore,2026-09-12T06:31:34Z
2026-09-12T06:26:56Z,2026-09-12T08:26:56+0200,3f9e494a-692f-42c6-9506-a86caefa9e16,2026-09-11T22:15:00Z,2026-09-12T00:15:00+0200,8848.0,MW,ES,ES,forecast_onshore_wind_generation,Wind Onshore,2026-09-12T06:31:34Z
2026-09-12T06:26:56Z,2026-09-12T08:26:56+0200,3f9e494a-692f-42c6-9506-a86caefa9e16,2026-09-11T22:30:00Z,2026-09-12T00:30:00+0200,8720.0,MW,ES,ES,forecast_onshore_wind_generation,Wind Onshore,2026-09-12T06:31:34Z
2026-09-12T06:26:56Z,2026-09-12T08:26:56+0200,3f9e494a-692f-42c6-9506-a86caefa9e16,2026-09-11T22:45:00Z,2026-09-12T00:45:00+0200,8588.0,MW,ES,ES,forecast_onshore_wind_generation,Wind Onshore,2026-09-12T06:31:34Z
2026-09-12T06:26:56Z,2026-09-12T08:26:56+0200,3f9e494a-692f-42c6-9506-a86caefa9e16,2026-09-11T23:00:00Z,2026-09-12T01:00:00+0200,8464.0,MW,ES,ES,forecast_onshore_wind_generation,Wind Onshore,2026-09-12T06:31:34Z
2026-09-12T06:26:56Z,2026-09-12T08:26:56+0200,3f9e494a-692f-42c6-9506-a86caefa9e16,2026-09-11T23:15:00Z,2026-09-12T01:15:00+0200,8323.0,MW,ES,ES,forecast_onshore_wind_generation,Wind Onshore,2026-09-12T06:31:34Z
2026-09-12T06:26:56Z,2026-09-12T08:26:56+0200,3f9e494a-692f-42c6-9506-a86caefa9e16,2026-09-11T23:30:00Z,2026-09-12T01:30:00+0200,8176.0,MW,ES,ES,forecast_onshore_wind_generation,Wind Onshore,2026-09-12T06:31:34Z
2026-09-12T06:26:56Z,2026-09-12T08:26:56+0200,3f9e494a-692f-42c6-9506-a86caefa9e16,2026-09-11T23:45:00Z,2026-09-12T01:45:00+0200,8026.0,MW,ES,ES,forecast_onshore_wind_generation,Wind Onshore,2026-09-12T06:31:34Z
2026-09-12T06:26:56Z,2026-09-12T08:26:56+0200,3f9e494a-692f-42c6-9506-a86caefa9e16,2026-09-12T00:00:00Z,2026-09-12T02:00:00+0200,7883.0,MW,ES,ES,forecast_onshore_wind_generation,Wind Onshore,2026-09-12T06:31:34Z
2026-09-12T06:26:56Z,2026-09-12T08:26:56+0200,3f9e494a-692f-42c6-9506-a86caefa9e16,2026-09-12T00:15:00Z,2026-09-12T02:15:00+0200,7730.0,MW,ES,ES,forecast_onshore_wind_generation,Wind Onshore,2026-09-12T06:31:34Z
2026-09-12T06:26:56Z,2026-09-12T08:26:56+0200,3f9e494a-692f-42c6-9506-a86caefa9e16,2026-09-12T00:30:00Z,2026-09-12T02:30:00+0200,7578.0,MW,ES,ES,forecast_onshore_wind_generation,Wind Onshore,2026-09-12T06:31:34Z
2026-09-12T06:26:56Z,2026-09-12T08:26:56+0200,3f9e494a-692f-42c6-9506-a86caefa9e16,2026-09-12T00:45:00Z,2026-09-12T02:45:00+0200,7428.0,MW,ES,ES,forecast_onshore_wind_generation,Wind Onshore,2026-09-12T06:31:34Z
2026-09-12T06:26:56Z,2026-09-12T08:26:56+0200,3f9e494a-692f-42c6-9506-a86caefa9e16,2026-09-12T01:00:00Z,2026-09-12T03:00:00+0200,7277.0,MW,ES,ES,forecast_onshore_wind_generation,Wind Onshore,2026-09-12T06:31:34Z
2026-09-12T06:26:56Z,2026-09-12T08:26:56+0200,3f9e494a-692f-42c6-9506-a86caefa9e16,2026-09-12T01:15:00Z,2026-09-12T03:15:00+0200,7134.0,MW,ES,ES,forecast_onshore_wind_generation,Wind Onshore,2026-09-12T06:31:34Z
2026-09-12T06:26:56Z,2026-09-12T08:26:56+0200,3f9e494a-692f-42c6-9506-a86caefa9e16,2026-09-12T01:30:00Z,2026-09-12T03:30:00+0200,6998.0,MW,ES,ES,forecast_onshore_wind_generation,Wind Onshore,2026-09-12T06:31:34Z
2026-09-12T06:26:56Z,2026-09-12T08:26:56+0200,3f9e494a-692f-42c6-9506-a86caefa9e16,2026-09-12T01:45:00Z,2026-09-12T03:45:00+0200,6864.0,MW,ES,ES,forecast_onshore_wind_generation,Wind Onshore,2026-09-12T06:31:34Z
2026-09-12T06:26:56Z,2026-09-12T08:26:56+0200,3f9e494a-692f-42c6-9506-a86caefa9e16,2026-09-12T02:00:00Z,2026-09-12T04:00:00+0200,6735.0,MW,ES,ES,forecast_onshore_wind_generation,Wind Onshore,2026-09-12T06:31:34Z
2026-09-12T06:26:56Z,2026-09-12T08:26:56+0200,3f9e494a-692f-42c6-9506-a86caefa9e16,2026-09-12T02:15:00Z,2026-09-12T04:15:00+0200,6609.0,MW,ES,ES,forecast_onshore_wind_generation,Wind Onshore,2026-09-12T06:31:34Z
2026-09-12T06:26:56Z,2026-09-12T08:26:56+0200,3f9e494a-692f-42c6-9506-a86caefa9e16,2026-09-12T02:30:00Z,2026-09-12T04:30:00+0200,6485.0,MW,ES,ES,forecast_onshore_wind_generation,Wind Onshore,2026-09-12T06:31:34Z
2026-09-12T06:26:56Z,2026-09-12T08:26:56+0200,3f9e494a-692f-42c6-9506-a86caefa9e16,2026-09-12T02:45:00Z,2026-09-12T04:45:00+0200,6366.0,MW,ES,ES,forecast_onshore_wind_generation,Wind Onshore,2026-09-12T06:31:34Z
2026-09-12T06:26:56Z,2026-09-12T08:26:56+0200,3f9e494a-692f-42c6-9506-a86caefa9e16,2026-09-12T03:00:00Z,2026-09-12T05:00:00+0200,6237.0,MW,ES,ES,forecast_onshore_wind_generation,Wind Onshore,2026-09-12T06:31:34Z
2026-09-12T06:26:56Z,2026-09-12T08:26:56+0200,3f9e494a-692f-42c6-9506-a86caefa9e16,2026-09-12T03:15:00Z,2026-09-12T05:15:00+0200,6138.0,MW,ES,ES,forecast_onshore_wind_generation,Wind Onshore,2026-09-12T06:31:34Z
2026-09-12T06:26:56Z,2026-09-12T08:26:56+0200,3f9e494a-692f-42c6-9506-a86caefa9e16,2026-09-12T03:30:00Z,2026-09-12T05:30:00+0200,6051.0,MW,ES,ES,forecast_onshore_wind_generation,Wind Onshore,2026-09-12T06:31:34Z
2026-09-12T06:26:56Z,2026-09-12T08:26:56+0200,3f9e494a-692f-42c6-9506-a86caefa9e16,2026-09-12T03:45:00Z,2026-09-12T05:45:00+0200,5970.0,MW,ES,ES,forecast_onshore_wind_generation,Wind Onshore,2026-09-12T06:31:34Z
2026-09-12T06:26:56Z,2026-09-12T08:26:56+0200,3f9e494a-692f-42c6-9506-a86caefa9e16,2026-09-12T04:00:00Z,2026-09-12T06:00:00+0200,5913.0,MW,ES,ES,forecast_onshore_wind_generation,Wind Onshore,2026-09-12T06:31:34Z
2026-09-12T06:26:56Z,2026-09-12T08:26:56+0200,3f9e494a-692f-42c6-9506-a86caefa9e16,2026-09-12T04:15:00Z,2026-09-12T06:15:00+0200,5822.0,MW,ES,ES,forecast_onshore_wind_generation,Wind Onshore,2026-09-12T06:31:34Z
2026-09-12T06:26:56Z,2026-09-12T08:26:56+0200,3f9e494a-692f-42c6-9506-a86caefa9e16,2026-09-12T04:30:00Z,2026-09-12T06:30:00+0200,5715.0,MW,ES,ES,forecast_onshore_wind_generation,Wind Onshore,2026-09-12T06:31:34Z
2026-09-12T06:26:56Z,2026-09-12T08:26:56+0200,3f9e494a-692f-42c6-9506-a86caefa9e16,2026-09-12T04:45:00Z,2026-09-12T06:45:00+0200,5591.0,MW,ES,ES,forecast_onshore_wind_generation,Wind Onshore,2026-09-12T06:31:34Z
2026-09-12T06:26:56Z,2026-09-12T08:26:56+0200,3f9e494a-692f-42c6-9506-a86caefa9e16,2026-09-12T05:00:00Z,2026-09-12T07:00:00+0200,5476.0,MW,ES,ES,forecast_onshore_wind_generation,Wind Onshore,2026-09-12T06:31:34Z
2026-09-12T06:26:56Z,2026-09-12T08:26:56+0200,3f9e494a-692f-42c6-9506-a86caefa9e16,2026-09-12T05:15:00Z,2026-09-12T07:15:00+0200,5322.0,MW,ES,ES,forecast_onshore_wind_generation,Wind Onshore,2026-09-12T06:31:34Z
2026-09-12T06:26:56Z,2026-09-12T08:26:56+0200,3f9e494a-692f-42c6-9506-a86caefa9e16,2026-09-12T05:30:00Z,2026-09-12T07:30:00+0200,5155.0,MW,ES,ES,forecast_onshore_wind_generation,Wind Onshore,2026-09-12T06:31:34Z
2026-09-12T06:26:56Z,2026-09-12T08:26:56+0200,3f9e494a-692f-42c6-9506-a86caefa9e16,2026-09-12T05:45:00Z,2026-09-12T07:45:00+0200,4974.0,MW,ES,ES,forecast_onshore_wind_generation,Wind Onshore,2026-09-12T06:31:34Z
2026-09-12T06:26:56Z,2026-09-12T08:26:56+0200,3f9e494a-692f-42c6-9506-a86caefa9e16,2026-09-12T06:00:00Z,2026-09-12T08:00:00+0200,4819.0,MW,ES,ES,forecast_onshore_wind_generation,Wind Onshore,2026-09-12T06:31:34Z
2026-09-12T06:26:56Z,2026-09-12T08:26:56+0200,3f9e494a-692f-42c6-9506-a86caefa9e16,2026-09-12T06:15:00Z,2026-09-12T08:15:00+0200,4620.0,MW,ES,ES,forecast_onshore_wind_generation,Wind Onshore,2026-09-12T06:31:34Z
2026-09-12T06:26:56Z,2026-09-12T08:26:56+0200,3f9e494a-692f-42c6-9506-a86caefa9e16,2026-09-12T06:30:00Z,2026-09-12T08:30:00+0200,4414.0,MW,ES,ES,forecast_onshore_wind_generation,Wind Onshore,2026-09-12T06:31:34Z
2026-09-12T06:26:56Z,2026-09-12T08:26:56+0200,3f9e494a-692f-42c6-9506-a86caefa9e16,2026-09-12T06:45:00Z,2026-09-12T08:45:00+0200,4209.0,MW,ES,ES,forecast_onshore_wind_generation,Wind Onshore,2026-09-12T06:31:34Z
2026-09-12T06:26:56Z,2026-09-12T08:26:56+0200,3f9e494a-692f-42c6-9506-a86caefa9e16,2026-09-12T07:00:00Z,2026-09-12T09:00:00+0200,3978.0,MW,ES,ES,forecast_onshore_wind_generation,Wind Onshore,2026-09-12T06:32:03Z
2026-09-12T06:26:56Z,2026-09-12T08:26:56+0200,3f9e494a-692f-42c6-9506-a86caefa9e16,2026-09-12T07:15:00Z,2026-09-12T09:15:00+0200,3787.0,MW,ES,ES,forecast_onshore_wind_generation,Wind Onshore,2026-09-12T06:32:03Z
2026-09-12T06:26:56Z,2026-09-12T08:26:56+0200,3f9e494a-692f-42c6-9506-a86caefa9e16,2026-09-12T07:30:00Z,2026-09-12T09:30:00+0200,3613.0,MW,ES,ES,forecast_onshore_wind_generation,Wind Onshore,2026-09-12T06:32:03Z
2026-09-12T06:26:56Z,2026-09-12T08:26:56+0200,3f9e494a-692f-42c6-9506-a86caefa9e16,2026-09-12T07:45:00Z,2026-09-12T09:45:00+0200,3404.0,MW,ES,ES,forecast_onshore_wind_generation,Wind Onshore,2026-09-12T06:32:03Z
2026-09-12T06:26:56Z,2026-09-12T08:26:56+0200,3f9e494a-692f-42c6-9506-a86caefa9e16,2026-09-12T08:00:00Z,2026-09-12T10:00:00+0200,3207.0,MW,ES,ES,forecast_onshore_wind_generation,Wind Onshore,2026-09-12T06:32:03Z
2026-09-12T06:26:56Z,2026-09-12T08:26:56+0200,3f9e494a-692f-42c6-9506-a86caefa9e16,2026-09-12T08:15:00Z,2026-09-12T10:15:00+0200,2636.0,MW,ES,ES,forecast_onshore_wind_generation,Wind Onshore,2026-09-12T06:32:03Z
2026-09-12T06:26:56Z,2026-09-12T08:26:56+0200,3f9e494a-692f-42c6-9506-a86caefa9e16,2026-09-12T08:30:00Z,2026-09-12T10:30:00+0200,2520.0,MW,ES,ES,forecast_onshore_wind_generation,Wind Onshore,2026-09-12T06:32:03Z
2026-09-12T06:26:56Z,2026-09-12T08:26:56+0200,3f9e494a-692f-42c6-9506-a86caefa9e16,2026-09-12T08:45:00Z,2026-09-12T10:45:00+0200,2438.0,MW,ES,ES,forecast_onshore_wind_generation,Wind Onshore,2026-09-12T06:32:03Z
2026-09-12T06:26:56Z,2026-09-12T08:26:56+0200,3f9e494a-692f-42c6-9506-a86caefa9e16,2026-09-12T09:00:00Z,2026-09-12T11:00:00+0200,2205.0,MW,ES,ES,forecast_onshore_wind_generation,Wind Onshore,2026-09-12T06:32:03Z
2026-09-12T06:26:56Z,2026-09-12T08:26:56+0200,3f9e494a-692f-42c6-9506-a86caefa9e16,2026-09-12T09:15:00Z,2026-09-12T11:15:00+0200,2178.0,MW,ES,ES,forecast_onshore_wind_generation,Wind Onshore,2026-09-12T06:32:03Z
2026-09-12T06:26:56Z,2026-09-12T08:26:56+0200,3f9e494a-692f-42c6-9506-a86caefa9e16,2026-09-12T09:30:00Z,2026-09-12T11:30:00+0200,2139.0,MW,ES,ES,forecast_onshore_wind_generation,Wind Onshore,2026-09-12T06:32:03Z
2026-09-12T06:26:56Z,2026-09-12T08:26:56+0200,3f9e494a-692f-42c6-9506-a86caefa9e16,2026-09-12T09:45:00Z,2026-09-12T11:45:00+0200,2064.0,MW,ES,ES,forecast_onshore_wind_generation,Wind Onshore,2026-09-12T06:32:03Z
2026-09-12T06:26:56Z,2026-09-12T08:26:56+0200,3f9e494a-692f-42c6-9506-a86caefa9e16,2026-09-12T10:00:00Z,2026-09-12T12:00:00+0200,2018.0,MW,ES,ES,forecast_onshore_wind_generation,Wind Onshore,2026-09-12T06:32:03Z
2026-09-12T06:26:56Z,2026-09-12T08:26:56+0200,3f9e494a-692f-42c6-9506-a86caefa9e16,2026-09-12T10:15:00Z,2026-09-12T12:15:00+0200,2011.0,MW,ES,ES,forecast_onshore_wind_generation,Wind Onshore,2026-09-12T06:32:03Z
2026-09-12T06:26:56Z,2026-09-12T08:26:56+0200,3f9e494a-692f-42c6-9506-a86caefa9e16,2026-09-12T10:30:00Z,2026-09-12T12:30:00+0200,2012.0,MW,ES,ES,forecast_onshore_wind_generation,Wind Onshore,2026-09-12T06:32:03Z
2026-09-12T06:26:56Z,2026-09-12T08:26:56+0200,3f9e494a-692f-42c6-9506-a86caefa9e16,2026-09-12T10:45:00Z,2026-09-12T12:45:00+0200,2010.0,MW,ES,ES,forecast_onshore_wind_generation,Wind Onshore,2026-09-12T06:32:03Z
2026-09-12T06:26:56Z,2026-09-12T08:26:56+0200,3f9e494a-692f-42c6-9506-a86caefa9e16,2026-09-12T11:00:00Z,2026-09-12T13:00:00+0200,2063.0,MW,ES,ES,forecast_onshore_wind_generation,Wind Onshore,2026-09-12T06:32:03Z
2026-09-12T06:26:56Z,2026-09-12T08:26:56+0200,3f9e494a-692f-42c6-9506-a86caefa9e16,2026-09-12T11:15:00Z,2026-09-12T13:15:00+0200,2062.0,MW,ES,ES,forecast_onshore_wind_generation,Wind Onshore,2026-09-12T06:32:03Z
2026-09-12T06:26:56Z,2026-09-12T08:26:56+0200,3f9e494a-692f-42c6-9506-a86caefa9e16,2026-09-12T11:30:00Z,2026-09-12T13:30:00+0200,2058.0,MW,ES,ES,forecast_onshore_wind_generation,Wind Onshore,2026-09-12T06:32:03Z
2026-09-12T06:26:56Z,2026-09-12T08:26:56+0200,3f9e494a-692f-42c6-9506-a86caefa9e16,2026-09-12T11:45:00Z,2026-09-12T13:45:00+0200,2083.0,MW,ES,ES,forecast_onshore_wind_generation,Wind Onshore,2026-09-12T06:32:03Z
2026-09-12T06:26:56Z,2026-09-12T08:26:56+0200,3f9e494a-692f-42c6-9506-a86caefa9e16,2026-09-12T12:00:00Z,2026-09-12T14:00:00+0200,2166.0,MW,ES,ES,forecast_onshore_wind_generation,Wind Onshore,2026-09-12T06:32:03Z
2026-09-12T06:26:56Z,2026-09-12T08:26:56+0200,3f9e494a-692f-42c6-9506-a86caefa9e16,2026-09-12T12:15:00Z,2026-09-12T14:15:00+0200,2221.0,MW,ES,ES,forecast_onshore_wind_generation,Wind Onshore,2026-09-12T06:32:03Z
2026-09-12T06:26:56Z,2026-09-12T08:26:56+0200,3f9e494a-692f-42c6-9506-a86caefa9e16,2026-09-12T12:30:00Z,2026-09-12T14:30:00+0200,2266.0,MW,ES,ES,forecast_onshore_wind_generation,Wind Onshore,2026-09-12T06:32:03Z
2026-09-12T06:26:56Z,2026-09-12T08:26:56+0200,3f9e494a-692f-42c6-9506-a86caefa9e16,2026-09-12T12:45:00Z,2026-09-12T14:45:00+0200,2314.0,MW,ES,ES,forecast_onshore_wind_generation,Wind Onshore,2026-09-12T06:32:03Z
2026-09-12T06:26:56Z,2026-09-12T08:26:56+0200,3f9e494a-692f-42c6-9506-a86caefa9e16,2026-09-12T13:00:00Z,2026-09-12T15:00:00+0200,2370.0,MW,ES,ES,forecast_onshore_wind_generation,Wind Onshore,2026-09-12T06:32:03Z
2026-09-12T06:26:56Z,2026-09-12T08:26:56+0200,3f9e494a-692f-42c6-9506-a86caefa9e16,2026-09-12T13:15:00Z,2026-09-12T15:15:00+0200,2429.0,MW,ES,ES,forecast_onshore_wind_generation,Wind Onshore,2026-09-12T06:32:03Z
2026-09-12T06:26:56Z,2026-09-12T08:26:56+0200,3f9e494a-692f-42c6-9506-a86caefa9e16,2026-09-12T13:30:00Z,2026-09-12T15:30:00+0200,2534.0,MW,ES,ES,forecast_onshore_wind_generation,Wind Onshore,2026-09-12T06:32:03Z
2026-09-12T06:26:56Z,2026-09-12T08:26:56+0200,3f9e494a-692f-42c6-9506-a86caefa9e16,2026-09-12T13:45:00Z,2026-09-12T15:45:00+0200,2610.0,MW,ES,ES,forecast_onshore_wind_generation,Wind Onshore,2026-09-12T06:32:03Z
2026-09-12T06:26:56Z,2026-09-12T08:26:56+0200,3f9e494a-692f-42c6-9506-a86caefa9e16,2026-09-12T14:00:00Z,2026-09-12T16:00:00+0200,2692.0,MW,ES,ES,forecast_onshore_wind_generation,Wind Onshore,2026-09-12T06:32:03Z
2026-09-12T06:26:56Z,2026-09-12T08:26:56+0200,3f9e494a-692f-42c6-9506-a86caefa9e16,2026-09-12T14:15:00Z,2026-09-12T16:15:00+0200,2792.0,MW,ES,ES,forecast_onshore_wind_generation,Wind Onshore,2026-09-12T06:32:03Z
2026-09-12T06:26:56Z,2026-09-12T08:26:56+0200,3f9e494a-692f-42c6-9506-a86caefa9e16,2026-09-12T14:30:00Z,2026-09-12T16:30:00+0200,2914.0,MW,ES,ES,forecast_onshore_wind_generation,Wind Onshore,2026-09-12T06:32:03Z
2026-09-12T06:26:56Z,2026-09-12T08:26:56+0200,3f9e494a-692f-42c6-9506-a86caefa9e16,2026-09-12T14:45:00Z,2026-09-12T16:45:00+0200,2985.0,MW,ES,ES,forecast_onshore_wind_generation,Wind Onshore,2026-09-12T06:32:03Z
2026-09-12T06:26:56Z,2026-09-12T08:26:56+0200,3f9e494a-692f-42c6-9506-a86caefa9e16,2026-09-12T15:00:00Z,2026-09-12T17:00:00+0200,3330.0,MW,ES,ES,forecast_onshore_wind_generation,Wind Onshore,2026-09-12T06:32:03Z
2026-09-12T06:26:56Z,2026-09-12T08:26:56+0200,3f9e494a-692f-42c6-9506-a86caefa9e16,2026-09-12T15:15:00Z,2026-09-12T17:15:00+0200,3458.0,MW,ES,ES,forecast_onshore_wind_generation,Wind Onshore,2026-09-12T06:32:03Z
2026-09-12T06:26:56Z,2026-09-12T08:26:56+0200,3f9e494a-692f-42c6-9506-a86caefa9e16,2026-09-12T15:30:00Z,2026-09-12T17:30:00+0200,3605.0,MW,ES,ES,forecast_onshore_wind_generation,Wind Onshore,2026-09-12T06:32:03Z
2026-09-12T06:26:56Z,2026-09-12T08:26:56+0200,3f9e494a-692f-42c6-9506-a86caefa9e16,2026-09-12T15:45:00Z,2026-09-12T17:45:00+0200,3741.0,MW,ES,ES,forecast_onshore_wind_generation,Wind Onshore,2026-09-12T06:32:03Z
2026-09-12T06:26:56Z,2026-09-12T08:26:56+0200,3f9e494a-692f-42c6-9506-a86caefa9e16,2026-09-12T16:00:00Z,2026-09-12T18:00:00+0200,4810.0,MW,ES,ES,forecast_onshore_wind_generation,Wind Onshore,2026-09-12T06:32:03Z
2026-09-12T06:26:56Z,2026-09-12T08:26:56+0200,3f9e494a-692f-42c6-9506-a86caefa9e16,2026-09-12T16:15:00Z,2026-09-12T18:15:00+0200,5125.0,MW,ES,ES,forecast_onshore_wind_generation,Wind Onshore,2026-09-12T06:32:03Z
2026-09-12T06:26:56Z,2026-09-12T08:26:56+0200,3f9e494a-692f-42c6-9506-a86caefa9e16,2026-09-12T16:30:00Z,2026-09-12T18:30:00+0200,5390.0,MW,ES,ES,forecast_onshore_wind_generation,Wind Onshore,2026-09-12T06:32:03Z
2026-09-12T06:26:56Z,2026-09-12T08:26:56+0200,3f9e494a-692f-42c6-9506-a86caefa9e16,2026-09-12T16:45:00Z,2026-09-12T18:45:00+0200,5601.0,MW,ES,ES,forecast_onshore_wind_generation,Wind Onshore,2026-09-12T06:32:03Z
2026-09-12T06:26:56Z,2026-09-12T08:26:56+0200,3f9e494a-692f-42c6-9506-a86caefa9e16,2026-09-12T17:00:00Z,2026-09-12T19:00:00+0200,5976.0,MW,ES,ES,forecast_onshore_wind_generation,Wind Onshore,2026-09-12T06:32:03Z
2026-09-12T06:26:56Z,2026-09-12T08:26:56+0200,3f9e494a-692f-42c6-9506-a86caefa9e16,2026-09-12T17:15:00Z,2026-09-12T19:15:00+0200,6252.0,MW,ES,ES,forecast_onshore_wind_generation,Wind Onshore,2026-09-12T06:32:03Z
2026-09-12T06:26:56Z,2026-09-12T08:26:56+0200,3f9e494a-692f-42c6-9506-a86caefa9e16,2026-09-12T17:30:00Z,2026-09-12T19:30:00+0200,6473.0,MW,ES,ES,forecast_onshore_wind_generation,Wind Onshore,2026-09-12T06:32:03Z
2026-09-12T06:26:56Z,2026-09-12T08:26:56+0200,3f9e494a-692f-42c6-9506-a86caefa9e16,2026-09-12T17:45:00Z,2026-09-12T19:45:00+0200,6703.0,MW,ES,ES,forecast_onshore_wind_generation,Wind Onshore,2026-09-12T06:32:03Z
2026-09-12T06:26:56Z,2026-09-12T08:26:56+0200,3f9e494a-692f-42c6-9506-a86caefa9e16,2026-09-12T18:00:00Z,2026-09-12T20:00:00+0200,6960.0,MW,ES,ES,forecast_onshore_wind_generation,Wind Onshore,2026-09-12T06:32:03Z
2026-09-12T06:26:56Z,2026-09-12T08:26:56+0200,3f9e494a-692f-42c6-9506-a86caefa9e16,2026-09-12T18:15:00Z,2026-09-12T20:15:00+0200,7077.0,MW,ES,ES,forecast_onshore_wind_generation,Wind Onshore,2026-09-12T06:32:03Z
2026-09-12T06:26:56Z,2026-09-12T08:26:56+0200,3f9e494a-692f-42c6-9506-a86caefa9e16,2026-09-12T18:30:00Z,2026-09-12T20:30:00+0200,7169.0,MW,ES,ES,forecast_onshore_wind_generation,Wind Onshore,2026-09-12T06:32:03Z
2026-09-12T06:26:56Z,2026-09-12T08:26:56+0200,3f9e494a-692f-42c6-9506-a86caefa9e16,2026-09-12T18:45:00Z,2026-09-12T20:45:00+0200,7234.0,MW,ES,ES,forecast_onshore_wind_generation,Wind Onshore,2026-09-12T06:32:03Z
2026-09-12T06:26:56Z,2026-09-12T08:26:56+0200,3f9e494a-692f-42c6-9506-a86caefa9e16,2026-09-12T19:00:00Z,2026-09-12T21:00:00+0200,7285.0,MW,ES,ES,forecast_onshore_wind_generation,Wind Onshore,2026-09-12T06:32:03Z
2026-09-12T06:26:56Z,2026-09-12T08:26:56+0200,3f9e494a-692f-42c6-9506-a86caefa9e16,2026-09-12T19:15:00Z,2026-09-12T21:15:00+0200,7308.0,MW,ES,ES,forecast_onshore_wind_generation,Wind Onshore,2026-09-12T06:32:03Z
2026-09-12T06:26:56Z,2026-09-12T08:26:56+0200,3f9e494a-692f-42c6-9506-a86caefa9e16,2026-09-12T19:30:00Z,2026-09-12T21:30:00+0200,7313.0,MW,ES,ES,forecast_onshore_wind_generation,Wind Onshore,2026-09-12T06:32:03Z
2026-09-12T06:26:56Z,2026-09-12T08:26:56+0200,3f9e494a-692f-42c6-9506-a86caefa9e16,2026-09-12T19:45:00Z,2026-09-12T21:45:00+0200,7303.0,MW,ES,ES,forecast_onshore_wind_generation,Wind Onshore,2026-09-12T06:32:03Z
2026-09-12T06:26:56Z,2026-09-12T08:26:56+0200,3f9e494a-692f-42c6-9506-a86caefa9e16,2026-09-12T20:00:00Z,2026-09-12T22:00:00+0200,7295.0,MW,ES,ES,forecast_onshore_wind_generation,Wind Onshore,2026-09-12T06:32:03Z
2026-09-12T06:26:56Z,2026-09-12T08:26:56+0200,3f9e494a-692f-42c6-9506-a86caefa9e16,2026-09-12T20:15:00Z,2026-09-12T22:15:00+0200,7257.0,MW,ES,ES,forecast_onshore_wind_generation,Wind Onshore,2026-09-12T06:32:03Z
2026-09-12T06:26:56Z,2026-09-12T08:26:56+0200,3f9e494a-692f-42c6-9506-a86caefa9e16,2026-09-12T20:30:00Z,2026-09-12T22:30:00+0200,7206.0,MW,ES,ES,forecast_onshore_wind_generation,Wind Onshore,2026-09-12T06:32:03Z
2026-09-12T06:26:56Z,2026-09-12T08:26:56+0200,3f9e494a-692f-42c6-9506-a86caefa9e16,2026-09-12T20:45:00Z,2026-09-12T22:45:00+0200,7145.0,MW,ES,ES,forecast_onshore_wind_generation,Wind Onshore,2026-09-12T06:32:03Z
2026-09-12T06:26:56Z,2026-09-12T08:26:56+0200,3f9e494a-692f-42c6-9506-a86caefa9e16,2026-09-12T21:00:00Z,2026-09-12T23:00:00+0200,7100.0,MW,ES,ES,forecast_onshore_wind_generation,Wind Onshore,2026-09-12T06:32:03Z
2026-09-12T06:26:56Z,2026-09-12T08:26:56+0200,3f9e494a-692f-42c6-9506-a86caefa9e16,2026-09-12T21:15:00Z,2026-09-12T23:15:00+0200,7017.0,MW,ES,ES,forecast_onshore_wind_generation,Wind Onshore,2026-09-12T06:32:03Z
2026-09-12T06:26:56Z,2026-09-12T08:26:56+0200,3f9e494a-692f-42c6-9506-a86caefa9e16,2026-09-12T21:30:00Z,2026-09-12T23:30:00+0200,6924.0,MW,ES,ES,forecast_onshore_wind_generation,Wind Onshore,2026-09-12T06:32:03Z
2026-09-12T06:26:56Z,2026-09-12T08:26:56+0200,3f9e494a-692f-42c6-9506-a86caefa9e16,2026-09-12T21:45:00Z,2026-09-12T23:45:00+0200,6826.0,MW,ES,ES,forecast_onshore_wind_generation,Wind Onshore,2026-09-12T06:32:03Z
