collection_time_utc,collection_time_local,run_id,timestamp_utc,timestamp_local,value,unit,country,entsoe_area,variable,source,updated_at_utc
2026-09-13T07:57:35Z,2026-09-13T09:57:35+0200,adf2df90-0a39-496f-b415-17dbe38d05e1,2026-09-06T08:00:00Z,2026-09-06T10:00:00+0200,204.05,MW,BE,BE,forecast_onshore_wind_generation,Wind Onshore,2026-09-13T07:59:30Z
2026-09-13T07:57:35Z,2026-09-13T09:57:35+0200,adf2df90-0a39-496f-b415-17dbe38d05e1,2026-09-06T09:00:00Z,2026-09-06T11:00:00+0200,173.875,MW,BE,BE,forecast_onshore_wind_generation,Wind Onshore,2026-09-13T07:59:30Z
2026-09-13T07:57:35Z,2026-09-13T09:57:35+0200,adf2df90-0a39-496f-b415-17dbe38d05e1,2026-09-06T10:00:00Z,2026-09-06T12:00:00+0200,180.675,MW,BE,BE,forecast_onshore_wind_generation,Wind Onshore,2026-09-13T07:59:30Z
2026-09-13T07:57:35Z,2026-09-13T09:57:35+0200,adf2df90-0a39-496f-b415-17dbe38d05e1,2026-09-06T11:00:00Z,2026-09-06T13:00:00+0200,144.525,MW,BE,BE,forecast_onshore_wind_generation,Wind Onshore,2026-09-13T07:59:30Z
2026-09-13T07:57:35Z,2026-09-13T09:57:35+0200,adf2df90-0a39-496f-b415-17dbe38d05e1,2026-09-06T12:00:00Z,2026-09-06T14:00:00+0200,103.0,MW,BE,BE,forecast_onshore_wind_generation,Wind Onshore,2026-09-13T07:59:30Z
2026-09-13T07:57:35Z,2026-09-13T09:57:35+0200,adf2df90-0a39-496f-b415-17dbe38d05e1,2026-09-06T13:00:00Z,2026-09-06T15:00:00+0200,89.875,MW,BE,BE,forecast_onshore_wind_generation,Wind Onshore,2026-09-13T07:59:30Z
2026-09-13T07:57:35Z,2026-09-13T09:57:35+0200,adf2df90-0a39-496f-b415-17dbe38d05e1,2026-09-06T14:00:00Z,2026-09-06T16:00:00+0200,90.325,MW,BE,BE,forecast_onshore_wind_generation,Wind Onshore,2026-09-13T07:59:30Z
2026-09-13T07:57:35Z,2026-09-13T09:57:35+0200,adf2df90-0a39-496f-b415-17dbe38d05e1,2026-09-06T15:00:00Z,2026-09-06T17:00:00+0200,100.7,MW,BE,BE,forecast_onshore_wind_generation,Wind Onshore,2026-09-13T07:59:30Z
2026-09-13T07:57:35Z,2026-09-13T09:57:35+0200,adf2df90-0a39-496f-b415-17dbe38d05e1,2026-09-06T16:00:00Z,2026-09-06T18:00:00+0200,121.275,MW,BE,BE,forecast_onshore_wind_generation,Wind Onshore,2026-09-13T07:59:30Z
2026-09-13T07:57:35Z,2026-09-13T09:57:35+0200,adf2df90-0a39-496f-b415-17dbe38d05e1,2026-09-06T17:00:00Z,2026-09-06T19:00:00+0200,183.775,MW,BE,BE,forecast_onshore_wind_generation,Wind Onshore,2026-09-13T07:59:30Z
2026-09-13T07:57:35Z,2026-09-13T09:57:35+0200,adf2df90-0a39-496f-b415-17dbe38d05e1,2026-09-06T18:00:00Z,2026-09-06T20:00:00+0200,305.325,MW,BE,BE,forecast_onshore_wind_generation,Wind Onshore,2026-09-13T07:59:30Z
2026-09-13T07:57:35Z,2026-09-13T09:57:35+0200,adf2df90-0a39-496f-b415-17dbe38d05e1,2026-09-06T19:00:00Z,2026-09-06T21:00:00+0200,420.3,MW,BE,BE,forecast_onshore_wind_generation,Wind Onshore,2026-09-13T07:59:30Z
2026-09-13T07:57:35Z,2026-09-13T09:57:35+0200,adf2df90-0a39-496f-b415-17dbe38d05e1,2026-09-06T20:00:00Z,2026-09-06T22:00:00+0200,508.9,MW,BE,BE,forecast_onshore_wind_generation,Wind Onshore,2026-09-13T07:59:30Z
2026-09-13T07:57:35Z,2026-09-13T09:57:35+0200,adf2df90-0a39-496f-b415-17dbe38d05e1,2026-09-06T21:00:00Z,2026-09-06T23:00:00+0200,596.275,MW,BE,BE,forecast_onshore_wind_generation,Wind Onshore,2026-09-13T07:59:30Z
2026-09-13T07:57:35Z,2026-09-13T09:57:35+0200,adf2df90-0a39-496f-b415-17dbe38d05e1,2026-09-06T22:00:00Z,2026-09-07T00:00:00+0200,638.075,MW,BE,BE,forecast_onshore_wind_generation,Wind Onshore,2026-09-13T07:59:30Z
2026-09-13T07:57:35Z,2026-09-13T09:57:35+0200,adf2df90-0a39-496f-b415-17dbe38d05e1,2026-09-06T23:00:00Z,2026-09-07T01:00:00+0200,705.4,MW,BE,BE,forecast_onshore_wind_generation,Wind Onshore,2026-09-13T07:59:30Z
2026-09-13T07:57:35Z,2026-09-13T09:57:35+0200,adf2df90-0a39-496f-b415-17dbe38d05e1,2026-09-07T00:00:00Z,2026-09-07T02:00:00+0200,747.125,MW,BE,BE,forecast_onshore_wind_generation,Wind Onshore,2026-09-13T07:59:30Z
2026-09-13T07:57:35Z,2026-09-13T09:57:35+0200,adf2df90-0a39-496f-b415-17dbe38d05e1,2026-09-07T01:00:00Z,2026-09-07T03:00:00+0200,808.6,MW,BE,BE,forecast_onshore_wind_generation,Wind Onshore,2026-09-13T07:59:30Z
2026-09-13T07:57:35Z,2026-09-13T09:57:35+0200,adf2df90-0a39-496f-b415-17dbe38d05e1,2026-09-07T02:00:00Z,2026-09-07T04:00:00+0200,868.325,MW,BE,BE,forecast_onshore_wind_generation,Wind Onshore,2026-09-13T07:59:30Z
2026-09-13T07:57:35Z,2026-09-13T09:57:35+0200,adf2df90-0a39-496f-b415-17dbe38d05e1,2026-09-07T03:00:00Z,2026-09-07T05:00:00+0200,928.875,MW,BE,BE,forecast_onshore_wind_generation,Wind Onshore,2026-09-13T07:59:30Z
2026-09-13T07:57:35Z,2026-09-13T09:57:35+0200,adf2df90-0a39-496f-b415-17dbe38d05e1,2026-09-07T04:00:00Z,2026-09-07T06:00:00+0200,1000.5,MW,BE,BE,forecast_onshore_wind_generation,Wind Onshore,2026-09-13T07:59:30Z
2026-09-13T07:57:35Z,2026-09-13T09:57:35+0200,adf2df90-0a39-496f-b415-17dbe38d05e1,2026-09-07T05:00:00Z,2026-09-07T07:00:00+0200,1028.8,MW,BE,BE,forecast_onshore_wind_generation,Wind Onshore,2026-09-13T07:59:30Z
2026-09-13T07:57:35Z,2026-09-13T09:57:35+0200,adf2df90-0a39-496f-b415-17dbe38d05e1,2026-09-07T06:00:00Z,2026-09-07T08:00:00+0200,969.125,MW,BE,BE,forecast_onshore_wind_generation,Wind Onshore,2026-09-13T07:59:30Z
2026-09-13T07:57:35Z,2026-09-13T09:57:35+0200,adf2df90-0a39-496f-b415-17dbe38d05e1,2026-09-07T07:00:00Z,2026-09-07T09:00:00+0200,835.025,MW,BE,BE,forecast_onshore_wind_generation,Wind Onshore,2026-09-13T07:59:30Z
2026-09-13T07:57:35Z,2026-09-13T09:57:35+0200,adf2df90-0a39-496f-b415-17dbe38d05e1,2026-09-07T08:00:00Z,2026-09-07T10:00:00+0200,688.65,MW,BE,BE,forecast_onshore_wind_generation,Wind Onshore,2026-09-13T07:59:30Z
2026-09-13T07:57:35Z,2026-09-13T09:57:35+0200,adf2df90-0a39-496f-b415-17dbe38d05e1,2026-09-07T09:00:00Z,2026-09-07T11:00:00+0200,670.7,MW,BE,BE,forecast_onshore_wind_generation,Wind Onshore,2026-09-13T07:59:30Z
2026-09-13T07:57:35Z,2026-09-13T09:57:35+0200,adf2df90-0a39-496f-b415-17dbe38d05e1,2026-09-07T10:00:00Z,2026-09-07T12:00:00+0200,760.75,MW,BE,BE,forecast_onshore_wind_generation,Wind Onshore,2026-09-13T07:59:30Z
2026-09-13T07:57:35Z,2026-09-13T09:57:35+0200,adf2df90-0a39-496f-b415-17dbe38d05e1,2026-09-07T11:00:00Z,2026-09-07T13:00:00+0200,903.1,MW,BE,BE,forecast_onshore_wind_generation,Wind Onshore,2026-09-13T07:59:30Z
2026-09-13T07:57:35Z,2026-09-13T09:57:35+0200,adf2df90-0a39-496f-b415-17dbe38d05e1,2026-09-07T12:00:00Z,2026-09-07T14:00:00+0200,1045.825,MW,BE,BE,forecast_onshore_wind_generation,Wind Onshore,2026-09-13T07:59:30Z
2026-09-13T07:57:35Z,2026-09-13T09:57:35+0200,adf2df90-0a39-496f-b415-17dbe38d05e1,2026-09-07T13:00:00Z,2026-09-07T15:00:00+0200,1104.65,MW,BE,BE,forecast_onshore_wind_generation,Wind Onshore,2026-09-13T07:59:30Z
2026-09-13T07:57:35Z,2026-09-13T09:57:35+0200,adf2df90-0a39-496f-b415-17dbe38d05e1,2026-09-07T14:00:00Z,2026-09-07T16:00:00+0200,1094.2,MW,BE,BE,forecast_onshore_wind_generation,Wind Onshore,2026-09-13T07:59:30Z
2026-09-13T07:57:35Z,2026-09-13T09:57:35+0200,adf2df90-0a39-496f-b415-17dbe38d05e1,2026-09-07T15:00:00Z,2026-09-07T17:00:00+0200,1044.15,MW,BE,BE,forecast_onshore_wind_generation,Wind Onshore,2026-09-13T07:59:30Z
2026-09-13T07:57:35Z,2026-09-13T09:57:35+0200,adf2df90-0a39-496f-b415-17dbe38d05e1,2026-09-07T16:00:00Z,2026-09-07T18:00:00+0200,938.65,MW,BE,BE,forecast_onshore_wind_generation,Wind Onshore,2026-09-13T07:59:30Z
2026-09-13T07:57:35Z,2026-09-13T09:57:35+0200,adf2df90-0a39-496f-b415-17dbe38d05e1,2026-09-07T17:00:00Z,2026-09-07T19:00:00+0200,799.575,MW,BE,BE,forecast_onshore_wind_generation,Wind Onshore,2026-09-13T07:59:30Z
2026-09-13T07:57:35Z,2026-09-13T09:57:35+0200,adf2df90-0a39-496f-b415-17dbe38d05e1,2026-09-07T18:00:00Z,2026-09-07T20:00:00+0200,665.25,MW,BE,BE,forecast_onshore_wind_generation,Wind Onshore,2026-09-13T07:59:30Z
2026-09-13T07:57:35Z,2026-09-13T09:57:35+0200,adf2df90-0a39-496f-b415-17dbe38d05e1,2026-09-07T19:00:00Z,2026-09-07T21:00:00+0200,596.375,MW,BE,BE,forecast_onshore_wind_generation,Wind Onshore,2026-09-13T07:59:30Z
2026-09-13T07:57:35Z,2026-09-13T09:57:35+0200,adf2df90-0a39-496f-b415-17dbe38d05e1,2026-09-07T20:00:00Z,2026-09-07T22:00:00+0200,596.0,MW,BE,BE,forecast_onshore_wind_generation,Wind Onshore,2026-09-13T07:59:30Z
2026-09-13T07:57:35Z,2026-09-13T09:57:35+0200,adf2df90-0a39-496f-b415-17dbe38d05e1,2026-09-07T21:00:00Z,2026-09-07T23:00:00+0200,625.875,MW,BE,BE,forecast_onshore_wind_generation,Wind Onshore,2026-09-13T07:59:30Z
2026-09-13T07:57:35Z,2026-09-13T09:57:35+0200,adf2df90-0a39-496f-b415-17dbe38d05e1,2026-09-07T22:00:00Z,2026-09-08T00:00:00+0200,632.7,MW,BE,BE,forecast_onshore_wind_generation,Wind Onshore,2026-09-13T07:59:30Z
2026-09-13T07:57:35Z,2026-09-13T09:57:35+0200,adf2df90-0a39-496f-b415-17dbe38d05e1,2026-09-07T23:00:00Z,2026-09-08T01:00:00+0200,657.825,MW,BE,BE,forecast_onshore_wind_generation,Wind Onshore,2026-09-13T07:59:30Z
2026-09-13T07:57:35Z,2026-09-13T09:57:35+0200,adf2df90-0a39-496f-b415-17dbe38d05e1,2026-09-08T00:00:00Z,2026-09-08T02:00:00+0200,664.825,MW,BE,BE,forecast_onshore_wind_generation,Wind Onshore,2026-09-13T07:59:30Z
2026-09-13T07:57:35Z,2026-09-13T09:57:35+0200,adf2df90-0a39-496f-b415-17dbe38d05e1,2026-09-08T01:00:00Z,2026-09-08T03:00:00+0200,650.25,MW,BE,BE,forecast_onshore_wind_generation,Wind Onshore,2026-09-13T07:59:30Z
2026-09-13T07:57:35Z,2026-09-13T09:57:35+0200,adf2df90-0a39-496f-b415-17dbe38d05e1,2026-09-08T02:00:00Z,2026-09-08T04:00:00+0200,623.05,MW,BE,BE,forecast_onshore_wind_generation,Wind Onshore,2026-09-13T07:59:30Z
2026-09-13T07:57:35Z,2026-09-13T09:57:35+0200,adf2df90-0a39-496f-b415-17dbe38d05e1,2026-09-08T03:00:00Z,2026-09-08T05:00:00+0200,574.275,MW,BE,BE,forecast_onshore_wind_generation,Wind Onshore,2026-09-13T07:59:30Z
2026-09-13T07:57:35Z,2026-09-13T09:57:35+0200,adf2df90-0a39-496f-b415-17dbe38d05e1,2026-09-08T04:00:00Z,2026-09-08T06:00:00+0200,523.85,MW,BE,BE,forecast_onshore_wind_generation,Wind Onshore,2026-09-13T07:59:30Z
2026-09-13T07:57:35Z,2026-09-13T09:57:35+0200,adf2df90-0a39-496f-b415-17dbe38d05e1,2026-09-08T05:00:00Z,2026-09-08T07:00:00+0200,489.55,MW,BE,BE,forecast_onshore_wind_generation,Wind Onshore,2026-09-13T07:59:30Z
2026-09-13T07:57:35Z,2026-09-13T09:57:35+0200,adf2df90-0a39-496f-b415-17dbe38d05e1,2026-09-08T06:00:00Z,2026-09-08T08:00:00+0200,444.275,MW,BE,BE,forecast_onshore_wind_generation,Wind Onshore,2026-09-13T07:59:30Z
2026-09-13T07:57:35Z,2026-09-13T09:57:35+0200,adf2df90-0a39-496f-b415-17dbe38d05e1,2026-09-08T07:00:00Z,2026-09-08T09:00:00+0200,453.325,MW,BE,BE,forecast_onshore_wind_generation,Wind Onshore,2026-09-13T07:59:30Z
2026-09-13T07:57:35Z,2026-09-13T09:57:35+0200,adf2df90-0a39-496f-b415-17dbe38d05e1,2026-09-08T08:00:00Z,2026-09-08T10:00:00+0200,536.475,MW,BE,BE,forecast_onshore_wind_generation,Wind Onshore,2026-09-13T07:59:30Z
2026-09-13T07:57:35Z,2026-09-13T09:57:35+0200,adf2df90-0a39-496f-b415-17dbe38d05e1,2026-09-08T09:00:00Z,2026-09-08T11:00:00+0200,645.3,MW,BE,BE,forecast_onshore_wind_generation,Wind Onshore,2026-09-13T07:59:30Z
2026-09-13T07:57:35Z,2026-09-13T09:57:35+0200,adf2df90-0a39-496f-b415-17dbe38d05e1,2026-09-08T10:00:00Z,2026-09-08T12:00:00+0200,781.75,MW,BE,BE,forecast_onshore_wind_generation,Wind Onshore,2026-09-13T07:59:30Z
2026-09-13T07:57:35Z,2026-09-13T09:57:35+0200,adf2df90-0a39-496f-b415-17dbe38d05e1,2026-09-08T11:00:00Z,2026-09-08T13:00:00+0200,902.85,MW,BE,BE,forecast_onshore_wind_generation,Wind Onshore,2026-09-13T07:59:30Z
2026-09-13T07:57:35Z,2026-09-13T09:57:35+0200,adf2df90-0a39-496f-b415-17dbe38d05e1,2026-09-08T12:00:00Z,2026-09-08T14:00:00+0200,987.65,MW,BE,BE,forecast_onshore_wind_generation,Wind Onshore,2026-09-13T07:59:30Z
2026-09-13T07:57:35Z,2026-09-13T09:57:35+0200,adf2df90-0a39-496f-b415-17dbe38d05e1,2026-09-08T13:00:00Z,2026-09-08T15:00:00+0200,1011.7,MW,BE,BE,forecast_onshore_wind_generation,Wind Onshore,2026-09-13T07:59:30Z
2026-09-13T07:57:35Z,2026-09-13T09:57:35+0200,adf2df90-0a39-496f-b415-17dbe38d05e1,2026-09-08T14:00:00Z,2026-09-08T16:00:00+0200,957.825,MW,BE,BE,forecast_onshore_wind_generation,Wind Onshore,2026-09-13T07:59:30Z
2026-09-13T07:57:35Z,2026-09-13T09:57:35+0200,adf2df90-0a39-496f-b415-17dbe38d05e1,2026-09-08T15:00:00Z,2026-09-08T17:00:00+0200,823.225,MW,BE,BE,forecast_onshore_wind_generation,Wind Onshore,2026-09-13T07:59:30Z
2026-09-13T07:57:35Z,2026-09-13T09:57:35+0200,adf2df90-0a39-496f-b415-17dbe38d05e1,2026-09-08T16:00:00Z,2026-09-08T18:00:00+0200,611.325,MW,BE,BE,forecast_onshore_wind_generation,Wind Onshore,2026-09-13T07:59:30Z
2026-09-13T07:57:35Z,2026-09-13T09:57:35+0200,adf2df90-0a39-496f-b415-17dbe38d05e1,2026-09-08T17:00:00Z,2026-09-08T19:00:00+0200,437.35,MW,BE,BE,forecast_onshore_wind_generation,Wind Onshore,2026-09-13T07:59:30Z
2026-09-13T07:57:35Z,2026-09-13T09:57:35+0200,adf2df90-0a39-496f-b415-17dbe38d05e1,2026-09-08T18:00:00Z,2026-09-08T20:00:00+0200,329.15,MW,BE,BE,forecast_onshore_wind_generation,Wind Onshore,2026-09-13T07:59:30Z
2026-09-13T07:57:35Z,2026-09-13T09:57:35+0200,adf2df90-0a39-496f-b415-17dbe38d05e1,2026-09-08T19:00:00Z,2026-09-08T21:00:00+0200,284.9,MW,BE,BE,forecast_onshore_wind_generation,Wind Onshore,2026-09-13T07:59:30Z
2026-09-13T07:57:35Z,2026-09-13T09:57:35+0200,adf2df90-0a39-496f-b415-17dbe38d05e1,2026-09-08T20:00:00Z,2026-09-08T22:00:00+0200,298.475,MW,BE,BE,forecast_onshore_wind_generation,Wind Onshore,2026-09-13T07:59:30Z
2026-09-13T07:57:35Z,2026-09-13T09:57:35+0200,adf2df90-0a39-496f-b415-17dbe38d05e1,2026-09-08T21:00:00Z,2026-09-08T23:00:00+0200,331.15,MW,BE,BE,forecast_onshore_wind_generation,Wind Onshore,2026-09-13T07:59:30Z
2026-09-13T07:57:35Z,2026-09-13T09:57:35+0200,adf2df90-0a39-496f-b415-17dbe38d05e1,2026-09-08T22:00:00Z,2026-09-09T00:00:00+0200,1223.45,MW,BE,BE,forecast_onshore_wind_generation,Wind Onshore,2026-09-13T07:59:30Z
2026-09-13T07:57:35Z,2026-09-13T09:57:35+0200,adf2df90-0a39-496f-b415-17dbe38d05e1,2026-09-08T23:00:00Z,2026-09-09T01:00:00+0200,1117.075,MW,BE,BE,forecast_onshore_wind_generation,Wind Onshore,2026-09-13T07:59:30Z
2026-09-13T07:57:35Z,2026-09-13T09:57:35+0200,adf2df90-0a39-496f-b415-17dbe38d05e1,2026-09-09T00:00:00Z,2026-09-09T02:00:00+0200,1060.375,MW,BE,BE,forecast_onshore_wind_generation,Wind Onshore,2026-09-13T07:59:30Z
2026-09-13T07:57:35Z,2026-09-13T09:57:35+0200,adf2df90-0a39-496f-b415-17dbe38d05e1,2026-09-09T01:00:00Z,2026-09-09T03:00:00+0200,1019.025,MW,BE,BE,forecast_onshore_wind_generation,Wind Onshore,2026-09-13T07:59:30Z
2026-09-13T07:57:35Z,2026-09-13T09:57:35+0200,adf2df90-0a39-496f-b415-17dbe38d05e1,2026-09-09T02:00:00Z,2026-09-09T04:00:00+0200,987.8,MW,BE,BE,forecast_onshore_wind_generation,Wind Onshore,2026-09-13T07:59:30Z
2026-09-13T07:57:35Z,2026-09-13T09:57:35+0200,adf2df90-0a39-496f-b415-17dbe38d05e1,2026-09-09T03:00:00Z,2026-09-09T05:00:00+0200,982.95,MW,BE,BE,forecast_onshore_wind_generation,Wind Onshore,2026-09-13T07:59:30Z
2026-09-13T07:57:35Z,2026-09-13T09:57:35+0200,adf2df90-0a39-496f-b415-17dbe38d05e1,2026-09-09T04:00:00Z,2026-09-09T06:00:00+0200,996.15,MW,BE,BE,forecast_onshore_wind_generation,Wind Onshore,2026-09-13T07:59:30Z
2026-09-13T07:57:35Z,2026-09-13T09:57:35+0200,adf2df90-0a39-496f-b415-17dbe38d05e1,2026-09-09T05:00:00Z,2026-09-09T07:00:00+0200,1000.0,MW,BE,BE,forecast_onshore_wind_generation,Wind Onshore,2026-09-13T07:59:30Z
2026-09-13T07:57:35Z,2026-09-13T09:57:35+0200,adf2df90-0a39-496f-b415-17dbe38d05e1,2026-09-09T06:00:00Z,2026-09-09T08:00:00+0200,962.475,MW,BE,BE,forecast_onshore_wind_generation,Wind Onshore,2026-09-13T07:59:30Z
2026-09-13T07:57:35Z,2026-09-13T09:57:35+0200,adf2df90-0a39-496f-b415-17dbe38d05e1,2026-09-09T07:00:00Z,2026-09-09T09:00:00+0200,998.075,MW,BE,BE,forecast_onshore_wind_generation,Wind Onshore,2026-09-13T07:59:30Z
2026-09-13T07:57:35Z,2026-09-13T09:57:35+0200,adf2df90-0a39-496f-b415-17dbe38d05e1,2026-09-09T08:00:00Z,2026-09-09T10:00:00+0200,1171.9,MW,BE,BE,forecast_onshore_wind_generation,Wind Onshore,2026-09-13T07:59:30Z
2026-09-13T07:57:35Z,2026-09-13T09:57:35+0200,adf2df90-0a39-496f-b415-17dbe38d05e1,2026-09-09T09:00:00Z,2026-09-09T11:00:00+0200,1304.95,MW,BE,BE,forecast_onshore_wind_generation,Wind Onshore,2026-09-13T07:59:30Z
2026-09-13T07:57:35Z,2026-09-13T09:57:35+0200,adf2df90-0a39-496f-b415-17dbe38d05e1,2026-09-09T10:00:00Z,2026-09-09T12:00:00+0200,1357.55,MW,BE,BE,forecast_onshore_wind_generation,Wind Onshore,2026-09-13T07:59:30Z
2026-09-13T07:57:35Z,2026-09-13T09:57:35+0200,adf2df90-0a39-496f-b415-17dbe38d05e1,2026-09-09T11:00:00Z,2026-09-09T13:00:00+0200,1383.15,MW,BE,BE,forecast_onshore_wind_generation,Wind Onshore,2026-09-13T07:59:30Z
2026-09-13T07:57:35Z,2026-09-13T09:57:35+0200,adf2df90-0a39-496f-b415-17dbe38d05e1,2026-09-09T12:00:00Z,2026-09-09T14:00:00+0200,1376.1,MW,BE,BE,forecast_onshore_wind_generation,Wind Onshore,2026-09-13T07:59:30Z
2026-09-13T07:57:35Z,2026-09-13T09:57:35+0200,adf2df90-0a39-496f-b415-17dbe38d05e1,2026-09-09T13:00:00Z,2026-09-09T15:00:00+0200,1344.55,MW,BE,BE,forecast_onshore_wind_generation,Wind Onshore,2026-09-13T07:59:30Z
2026-09-13T07:57:35Z,2026-09-13T09:57:35+0200,adf2df90-0a39-496f-b415-17dbe38d05e1,2026-09-09T14:00:00Z,2026-09-09T16:00:00+0200,1287.125,MW,BE,BE,forecast_onshore_wind_generation,Wind Onshore,2026-09-13T07:59:30Z
2026-09-13T07:57:35Z,2026-09-13T09:57:35+0200,adf2df90-0a39-496f-b415-17dbe38d05e1,2026-09-09T15:00:00Z,2026-09-09T17:00:00+0200,1172.725,MW,BE,BE,forecast_onshore_wind_generation,Wind Onshore,2026-09-13T07:59:30Z
2026-09-13T07:57:35Z,2026-09-13T09:57:35+0200,adf2df90-0a39-496f-b415-17dbe38d05e1,2026-09-09T16:00:00Z,2026-09-09T18:00:00+0200,980.5,MW,BE,BE,forecast_onshore_wind_generation,Wind Onshore,2026-09-13T07:59:30Z
2026-09-13T07:57:35Z,2026-09-13T09:57:35+0200,adf2df90-0a39-496f-b415-17dbe38d05e1,2026-09-09T17:00:00Z,2026-09-09T19:00:00+0200,749.0,MW,BE,BE,forecast_onshore_wind_generation,Wind Onshore,2026-09-13T07:59:30Z
2026-09-13T07:57:35Z,2026-09-13T09:57:35+0200,adf2df90-0a39-496f-b415-17dbe38d05e1,2026-09-09T18:00:00Z,2026-09-09T20:00:00+0200,561.025,MW,BE,BE,forecast_onshore_wind_generation,Wind Onshore,2026-09-13T07:59:30Z
2026-09-13T07:57:35Z,2026-09-13T09:57:35+0200,adf2df90-0a39-496f-b415-17dbe38d05e1,2026-09-09T19:00:00Z,2026-09-09T21:00:00+0200,419.05,MW,BE,BE,forecast_onshore_wind_generation,Wind Onshore,2026-09-13T07:59:30Z
2026-09-13T07:57:35Z,2026-09-13T09:57:35+0200,adf2df90-0a39-496f-b415-17dbe38d05e1,2026-09-09T20:00:00Z,2026-09-09T22:00:00+0200,309.75,MW,BE,BE,forecast_onshore_wind_generation,Wind Onshore,2026-09-13T07:59:30Z
2026-09-13T07:57:35Z,2026-09-13T09:57:35+0200,adf2df90-0a39-496f-b415-17dbe38d05e1,2026-09-09T21:00:00Z,2026-09-09T23:00:00+0200,228.65,MW,BE,BE,forecast_onshore_wind_generation,Wind Onshore,2026-09-13T07:59:30Z
2026-09-13T07:57:35Z,2026-09-13T09:57:35+0200,adf2df90-0a39-496f-b415-17dbe38d05e1,2026-09-09T22:00:00Z,2026-09-10T00:00:00+0200,110.525,MW,BE,BE,forecast_onshore_wind_generation,Wind Onshore,2026-09-13T07:59:30Z
2026-09-13T07:57:35Z,2026-09-13T09:57:35+0200,adf2df90-0a39-496f-b415-17dbe38d05e1,2026-09-09T23:00:00Z,2026-09-10T01:00:00+0200,69.725,MW,BE,BE,forecast_onshore_wind_generation,Wind Onshore,2026-09-13T07:59:30Z
2026-09-13T07:57:35Z,2026-09-13T09:57:35+0200,adf2df90-0a39-496f-b415-17dbe38d05e1,2026-09-10T00:00:00Z,2026-09-10T02:00:00+0200,41.425,MW,BE,BE,forecast_onshore_wind_generation,Wind Onshore,2026-09-13T07:59:30Z
2026-09-13T07:57:35Z,2026-09-13T09:57:35+0200,adf2df90-0a39-496f-b415-17dbe38d05e1,2026-09-10T01:00:00Z,2026-09-10T03:00:00+0200,50.4,MW,BE,BE,forecast_onshore_wind_generation,Wind Onshore,2026-09-13T07:59:30Z
2026-09-13T07:57:35Z,2026-09-13T09:57:35+0200,adf2df90-0a39-496f-b415-17dbe38d05e1,2026-09-10T02:00:00Z,2026-09-10T04:00:00+0200,75.3,MW,BE,BE,forecast_onshore_wind_generation,Wind Onshore,2026-09-13T07:59:30Z
2026-09-13T07:57:35Z,2026-09-13T09:57:35+0200,adf2df90-0a39-496f-b415-17dbe38d05e1,2026-09-10T03:00:00Z,2026-09-10T05:00:00+0200,101.925,MW,BE,BE,forecast_onshore_wind_generation,Wind Onshore,2026-09-13T07:59:30Z
2026-09-13T07:57:35Z,2026-09-13T09:57:35+0200,adf2df90-0a39-496f-b415-17dbe38d05e1,2026-09-10T04:00:00Z,2026-09-10T06:00:00+0200,117.25,MW,BE,BE,forecast_onshore_wind_generation,Wind Onshore,2026-09-13T07:59:30Z
2026-09-13T07:57:35Z,2026-09-13T09:57:35+0200,adf2df90-0a39-496f-b415-17dbe38d05e1,2026-09-10T05:00:00Z,2026-09-10T07:00:00+0200,126.975,MW,BE,BE,forecast_onshore_wind_generation,Wind Onshore,2026-09-13T07:59:30Z
2026-09-13T07:57:35Z,2026-09-13T09:57:35+0200,adf2df90-0a39-496f-b415-17dbe38d05e1,2026-09-10T06:00:00Z,2026-09-10T08:00:00+0200,132.525,MW,BE,BE,forecast_onshore_wind_generation,Wind Onshore,2026-09-13T07:59:30Z
2026-09-13T07:57:35Z,2026-09-13T09:57:35+0200,adf2df90-0a39-496f-b415-17dbe38d05e1,2026-09-10T07:00:00Z,2026-09-10T09:00:00+0200,107.65,MW,BE,BE,forecast_onshore_wind_generation,Wind Onshore,2026-09-13T07:59:30Z
2026-09-13T07:57:35Z,2026-09-13T09:57:35+0200,adf2df90-0a39-496f-b415-17dbe38d05e1,2026-09-10T08:00:00Z,2026-09-10T10:00:00+0200,71.9,MW,BE,BE,forecast_onshore_wind_generation,Wind Onshore,2026-09-13T07:59:30Z
2026-09-13T07:57:35Z,2026-09-13T09:57:35+0200,adf2df90-0a39-496f-b415-17dbe38d05e1,2026-09-10T09:00:00Z,2026-09-10T11:00:00+0200,69.4,MW,BE,BE,forecast_onshore_wind_generation,Wind Onshore,2026-09-13T07:59:30Z
2026-09-13T07:57:35Z,2026-09-13T09:57:35+0200,adf2df90-0a39-496f-b415-17dbe38d05e1,2026-09-10T10:00:00Z,2026-09-10T12:00:00+0200,96.4,MW,BE,BE,forecast_onshore_wind_generation,Wind Onshore,2026-09-13T07:59:30Z
2026-09-13T07:57:35Z,2026-09-13T09:57:35+0200,adf2df90-0a39-496f-b415-17dbe38d05e1,2026-09-10T11:00:00Z,2026-09-10T13:00:00+0200,107.8,MW,BE,BE,forecast_onshore_wind_generation,Wind Onshore,2026-09-13T07:59:30Z
2026-09-13T07:57:35Z,2026-09-13T09:57:35+0200,adf2df90-0a39-496f-b415-17dbe38d05e1,2026-09-10T12:00:00Z,2026-09-10T14:00:00+0200,110.925,MW,BE,BE,forecast_onshore_wind_generation,Wind Onshore,2026-09-13T07:59:30Z
2026-09-13T07:57:35Z,2026-09-13T09:57:35+0200,adf2df90-0a39-496f-b415-17dbe38d05e1,2026-09-10T13:00:00Z,2026-09-10T15:00:00+0200,111.775,MW,BE,BE,forecast_onshore_wind_generation,Wind Onshore,2026-09-13T07:59:30Z
2026-09-13T07:57:35Z,2026-09-13T09:57:35+0200,adf2df90-0a39-496f-b415-17dbe38d05e1,2026-09-10T14:00:00Z,2026-09-10T16:00:00+0200,117.7,MW,BE,BE,forecast_onshore_wind_generation,Wind Onshore,2026-09-13T07:59:30Z
2026-09-13T07:57:35Z,2026-09-13T09:57:35+0200,adf2df90-0a39-496f-b415-17dbe38d05e1,2026-09-10T15:00:00Z,2026-09-10T17:00:00+0200,123.35,MW,BE,BE,forecast_onshore_wind_generation,Wind Onshore,2026-09-13T07:59:30Z
2026-09-13T07:57:35Z,2026-09-13T09:57:35+0200,adf2df90-0a39-496f-b415-17dbe38d05e1,2026-09-10T16:00:00Z,2026-09-10T18:00:00+0200,118.6,MW,BE,BE,forecast_onshore_wind_generation,Wind Onshore,2026-09-13T07:59:30Z
2026-09-13T07:57:35Z,2026-09-13T09:57:35+0200,adf2df90-0a39-496f-b415-17dbe38d05e1,2026-09-10T17:00:00Z,2026-09-10T19:00:00+0200,122.775,MW,BE,BE,forecast_onshore_wind_generation,Wind Onshore,2026-09-13T07:59:30Z
2026-09-13T07:57:35Z,2026-09-13T09:57:35+0200,adf2df90-0a39-496f-b415-17dbe38d05e1,2026-09-10T18:00:00Z,2026-09-10T20:00:00+0200,158.025,MW,BE,BE,forecast_onshore_wind_generation,Wind Onshore,2026-09-13T07:59:30Z
2026-09-13T07:57:35Z,2026-09-13T09:57:35+0200,adf2df90-0a39-496f-b415-17dbe38d05e1,2026-09-10T19:00:00Z,2026-09-10T21:00:00+0200,197.475,MW,BE,BE,forecast_onshore_wind_generation,Wind Onshore,2026-09-13T07:59:30Z
2026-09-13T07:57:35Z,2026-09-13T09:57:35+0200,adf2df90-0a39-496f-b415-17dbe38d05e1,2026-09-10T20:00:00Z,2026-09-10T22:00:00+0200,222.0,MW,BE,BE,forecast_onshore_wind_generation,Wind Onshore,2026-09-13T07:59:30Z
2026-09-13T07:57:35Z,2026-09-13T09:57:35+0200,adf2df90-0a39-496f-b415-17dbe38d05e1,2026-09-10T21:00:00Z,2026-09-10T23:00:00+0200,250.775,MW,BE,BE,forecast_onshore_wind_generation,Wind Onshore,2026-09-13T07:59:30Z
2026-09-13T07:57:35Z,2026-09-13T09:57:35+0200,adf2df90-0a39-496f-b415-17dbe38d05e1,2026-09-10T22:00:00Z,2026-09-11T00:00:00+0200,242.1,MW,BE,BE,forecast_onshore_wind_generation,Wind Onshore,2026-09-13T07:59:30Z
2026-09-13T07:57:35Z,2026-09-13T09:57:35+0200,adf2df90-0a39-496f-b415-17dbe38d05e1,2026-09-10T23:00:00Z,2026-09-11T01:00:00+0200,264.375,MW,BE,BE,forecast_onshore_wind_generation,Wind Onshore,2026-09-13T07:59:30Z
2026-09-13T07:57:35Z,2026-09-13T09:57:35+0200,adf2df90-0a39-496f-b415-17dbe38d05e1,2026-09-11T00:00:00Z,2026-09-11T02:00:00+0200,297.525,MW,BE,BE,forecast_onshore_wind_generation,Wind Onshore,2026-09-13T07:59:30Z
2026-09-13T07:57:35Z,2026-09-13T09:57:35+0200,adf2df90-0a39-496f-b415-17dbe38d05e1,2026-09-11T01:00:00Z,2026-09-11T03:00:00+0200,335.6,MW,BE,BE,forecast_onshore_wind_generation,Wind Onshore,2026-09-13T07:59:30Z
2026-09-13T07:57:35Z,2026-09-13T09:57:35+0200,adf2df90-0a39-496f-b415-17dbe38d05e1,2026-09-11T02:00:00Z,2026-09-11T04:00:00+0200,392.825,MW,BE,BE,forecast_onshore_wind_generation,Wind Onshore,2026-09-13T07:59:30Z
2026-09-13T07:57:35Z,2026-09-13T09:57:35+0200,adf2df90-0a39-496f-b415-17dbe38d05e1,2026-09-11T03:00:00Z,2026-09-11T05:00:00+0200,472.7,MW,BE,BE,forecast_onshore_wind_generation,Wind Onshore,2026-09-13T07:59:30Z
2026-09-13T07:57:35Z,2026-09-13T09:57:35+0200,adf2df90-0a39-496f-b415-17dbe38d05e1,2026-09-11T04:00:00Z,2026-09-11T06:00:00+0200,559.55,MW,BE,BE,forecast_onshore_wind_generation,Wind Onshore,2026-09-13T07:59:30Z
2026-09-13T07:57:35Z,2026-09-13T09:57:35+0200,adf2df90-0a39-496f-b415-17dbe38d05e1,2026-09-11T05:00:00Z,2026-09-11T07:00:00+0200,624.95,MW,BE,BE,forecast_onshore_wind_generation,Wind Onshore,2026-09-13T07:59:30Z
2026-09-13T07:57:35Z,2026-09-13T09:57:35+0200,adf2df90-0a39-496f-b415-17dbe38d05e1,2026-09-11T06:00:00Z,2026-09-11T08:00:00+0200,668.275,MW,BE,BE,forecast_onshore_wind_generation,Wind Onshore,2026-09-13T07:59:30Z
2026-09-13T07:57:35Z,2026-09-13T09:57:35+0200,adf2df90-0a39-496f-b415-17dbe38d05e1,2026-09-11T07:00:00Z,2026-09-11T09:00:00+0200,705.925,MW,BE,BE,forecast_onshore_wind_generation,Wind Onshore,2026-09-13T07:59:30Z
2026-09-13T07:57:35Z,2026-09-13T09:57:35+0200,adf2df90-0a39-496f-b415-17dbe38d05e1,2026-09-11T08:00:00Z,2026-09-11T10:00:00+0200,645.45,MW,BE,BE,forecast_onshore_wind_generation,Wind Onshore,2026-09-13T07:59:30Z
2026-09-13T07:57:35Z,2026-09-13T09:57:35+0200,adf2df90-0a39-496f-b415-17dbe38d05e1,2026-09-11T09:00:00Z,2026-09-11T11:00:00+0200,552.95,MW,BE,BE,forecast_onshore_wind_generation,Wind Onshore,2026-09-13T07:59:30Z
2026-09-13T07:57:35Z,2026-09-13T09:57:35+0200,adf2df90-0a39-496f-b415-17dbe38d05e1,2026-09-11T10:00:00Z,2026-09-11T12:00:00+0200,524.0,MW,BE,BE,forecast_onshore_wind_generation,Wind Onshore,2026-09-13T07:59:30Z
2026-09-13T07:57:35Z,2026-09-13T09:57:35+0200,adf2df90-0a39-496f-b415-17dbe38d05e1,2026-09-11T11:00:00Z,2026-09-11T13:00:00+0200,500.95,MW,BE,BE,forecast_onshore_wind_generation,Wind Onshore,2026-09-13T07:59:30Z
2026-09-13T07:57:35Z,2026-09-13T09:57:35+0200,adf2df90-0a39-496f-b415-17dbe38d05e1,2026-09-11T12:00:00Z,2026-09-11T14:00:00+0200,483.125,MW,BE,BE,forecast_onshore_wind_generation,Wind Onshore,2026-09-13T07:59:30Z
2026-09-13T07:57:35Z,2026-09-13T09:57:35+0200,adf2df90-0a39-496f-b415-17dbe38d05e1,2026-09-11T13:00:00Z,2026-09-11T15:00:00+0200,472.6,MW,BE,BE,forecast_onshore_wind_generation,Wind Onshore,2026-09-13T07:59:30Z
2026-09-13T07:57:35Z,2026-09-13T09:57:35+0200,adf2df90-0a39-496f-b415-17dbe38d05e1,2026-09-11T14:00:00Z,2026-09-11T16:00:00+0200,432.225,MW,BE,BE,forecast_onshore_wind_generation,Wind Onshore,2026-09-13T07:59:30Z
2026-09-13T07:57:35Z,2026-09-13T09:57:35+0200,adf2df90-0a39-496f-b415-17dbe38d05e1,2026-09-11T15:00:00Z,2026-09-11T17:00:00+0200,360.975,MW,BE,BE,forecast_onshore_wind_generation,Wind Onshore,2026-09-13T07:59:30Z
2026-09-13T07:57:35Z,2026-09-13T09:57:35+0200,adf2df90-0a39-496f-b415-17dbe38d05e1,2026-09-11T16:00:00Z,2026-09-11T18:00:00+0200,260.1,MW,BE,BE,forecast_onshore_wind_generation,Wind Onshore,2026-09-13T07:59:30Z
2026-09-13T07:57:35Z,2026-09-13T09:57:35+0200,adf2df90-0a39-496f-b415-17dbe38d05e1,2026-09-11T17:00:00Z,2026-09-11T19:00:00+0200,157.125,MW,BE,BE,forecast_onshore_wind_generation,Wind Onshore,2026-09-13T07:59:30Z
2026-09-13T07:57:35Z,2026-09-13T09:57:35+0200,adf2df90-0a39-496f-b415-17dbe38d05e1,2026-09-11T18:00:00Z,2026-09-11T20:00:00+0200,103.45,MW,BE,BE,forecast_onshore_wind_generation,Wind Onshore,2026-09-13T07:59:30Z
2026-09-13T07:57:35Z,2026-09-13T09:57:35+0200,adf2df90-0a39-496f-b415-17dbe38d05e1,2026-09-11T19:00:00Z,2026-09-11T21:00:00+0200,89.55,MW,BE,BE,forecast_onshore_wind_generation,Wind Onshore,2026-09-13T07:59:30Z
2026-09-13T07:57:35Z,2026-09-13T09:57:35+0200,adf2df90-0a39-496f-b415-17dbe38d05e1,2026-09-11T20:00:00Z,2026-09-11T22:00:00+0200,85.05,MW,BE,BE,forecast_onshore_wind_generation,Wind Onshore,2026-09-13T07:59:30Z
2026-09-13T07:57:35Z,2026-09-13T09:57:35+0200,adf2df90-0a39-496f-b415-17dbe38d05e1,2026-09-11T21:00:00Z,2026-09-11T23:00:00+0200,74.225,MW,BE,BE,forecast_onshore_wind_generation,Wind Onshore,2026-09-13T07:59:30Z
2026-09-13T07:57:35Z,2026-09-13T09:57:35+0200,adf2df90-0a39-496f-b415-17dbe38d05e1,2026-09-11T22:00:00Z,2026-09-12T00:00:00+0200,61.025,MW,BE,BE,forecast_onshore_wind_generation,Wind Onshore,2026-09-13T07:59:30Z
2026-09-13T07:57:35Z,2026-09-13T09:57:35+0200,adf2df90-0a39-496f-b415-17dbe38d05e1,2026-09-11T23:00:00Z,2026-09-12T01:00:00+0200,41.575,MW,BE,BE,forecast_onshore_wind_generation,Wind Onshore,2026-09-13T07:59:30Z
2026-09-13T07:57:35Z,2026-09-13T09:57:35+0200,adf2df90-0a39-496f-b415-17dbe38d05e1,2026-09-12T00:00:00Z,2026-09-12T02:00:00+0200,41.65,MW,BE,BE,forecast_onshore_wind_generation,Wind Onshore,2026-09-13T07:59:30Z
2026-09-13T07:57:35Z,2026-09-13T09:57:35+0200,adf2df90-0a39-496f-b415-17dbe38d05e1,2026-09-12T01:00:00Z,2026-09-12T03:00:00+0200,68.9,MW,BE,BE,forecast_onshore_wind_generation,Wind Onshore,2026-09-13T07:59:30Z
2026-09-13T07:57:35Z,2026-09-13T09:57:35+0200,adf2df90-0a39-496f-b415-17dbe38d05e1,2026-09-12T02:00:00Z,2026-09-12T04:00:00+0200,98.7,MW,BE,BE,forecast_onshore_wind_generation,Wind Onshore,2026-09-13T07:59:30Z
2026-09-13T07:57:35Z,2026-09-13T09:57:35+0200,adf2df90-0a39-496f-b415-17dbe38d05e1,2026-09-12T03:00:00Z,2026-09-12T05:00:00+0200,126.075,MW,BE,BE,forecast_onshore_wind_generation,Wind Onshore,2026-09-13T07:59:30Z
2026-09-13T07:57:35Z,2026-09-13T09:57:35+0200,adf2df90-0a39-496f-b415-17dbe38d05e1,2026-09-12T04:00:00Z,2026-09-12T06:00:00+0200,142.7,MW,BE,BE,forecast_onshore_wind_generation,Wind Onshore,2026-09-13T07:59:30Z
2026-09-13T07:57:35Z,2026-09-13T09:57:35+0200,adf2df90-0a39-496f-b415-17dbe38d05e1,2026-09-12T05:00:00Z,2026-09-12T07:00:00+0200,161.325,MW,BE,BE,forecast_onshore_wind_generation,Wind Onshore,2026-09-13T07:59:30Z
2026-09-13T07:57:35Z,2026-09-13T09:57:35+0200,adf2df90-0a39-496f-b415-17dbe38d05e1,2026-09-12T06:00:00Z,2026-09-12T08:00:00+0200,164.375,MW,BE,BE,forecast_onshore_wind_generation,Wind Onshore,2026-09-13T07:59:30Z
2026-09-13T07:57:35Z,2026-09-13T09:57:35+0200,adf2df90-0a39-496f-b415-17dbe38d05e1,2026-09-12T07:00:00Z,2026-09-12T09:00:00+0200,146.775,MW,BE,BE,forecast_onshore_wind_generation,Wind Onshore,2026-09-13T07:59:30Z
2026-09-13T07:57:35Z,2026-09-13T09:57:35+0200,adf2df90-0a39-496f-b415-17dbe38d05e1,2026-09-12T08:00:00Z,2026-09-12T10:00:00+0200,164.85,MW,BE,BE,forecast_onshore_wind_generation,Wind Onshore,2026-09-13T07:59:30Z
2026-09-13T07:57:35Z,2026-09-13T09:57:35+0200,adf2df90-0a39-496f-b415-17dbe38d05e1,2026-09-12T09:00:00Z,2026-09-12T11:00:00+0200,228.425,MW,BE,BE,forecast_onshore_wind_generation,Wind Onshore,2026-09-13T07:59:30Z
2026-09-13T07:57:35Z,2026-09-13T09:57:35+0200,adf2df90-0a39-496f-b415-17dbe38d05e1,2026-09-12T10:00:00Z,2026-09-12T12:00:00+0200,317.825,MW,BE,BE,forecast_onshore_wind_generation,Wind Onshore,2026-09-13T07:59:30Z
2026-09-13T07:57:35Z,2026-09-13T09:57:35+0200,adf2df90-0a39-496f-b415-17dbe38d05e1,2026-09-12T11:00:00Z,2026-09-12T13:00:00+0200,388.15,MW,BE,BE,forecast_onshore_wind_generation,Wind Onshore,2026-09-13T07:59:30Z
2026-09-13T07:57:35Z,2026-09-13T09:57:35+0200,adf2df90-0a39-496f-b415-17dbe38d05e1,2026-09-12T12:00:00Z,2026-09-12T14:00:00+0200,435.0,MW,BE,BE,forecast_onshore_wind_generation,Wind Onshore,2026-09-13T07:59:30Z
2026-09-13T07:57:35Z,2026-09-13T09:57:35+0200,adf2df90-0a39-496f-b415-17dbe38d05e1,2026-09-12T13:00:00Z,2026-09-12T15:00:00+0200,465.0,MW,BE,BE,forecast_onshore_wind_generation,Wind Onshore,2026-09-13T07:59:30Z
2026-09-13T07:57:35Z,2026-09-13T09:57:35+0200,adf2df90-0a39-496f-b415-17dbe38d05e1,2026-09-12T14:00:00Z,2026-09-12T16:00:00+0200,478.975,MW,BE,BE,forecast_onshore_wind_generation,Wind Onshore,2026-09-13T07:59:30Z
2026-09-13T07:57:35Z,2026-09-13T09:57:35+0200,adf2df90-0a39-496f-b415-17dbe38d05e1,2026-09-12T15:00:00Z,2026-09-12T17:00:00+0200,476.45,MW,BE,BE,forecast_onshore_wind_generation,Wind Onshore,2026-09-13T07:59:30Z
2026-09-13T07:57:35Z,2026-09-13T09:57:35+0200,adf2df90-0a39-496f-b415-17dbe38d05e1,2026-09-12T16:00:00Z,2026-09-12T18:00:00+0200,464.925,MW,BE,BE,forecast_onshore_wind_generation,Wind Onshore,2026-09-13T07:59:30Z
2026-09-13T07:57:35Z,2026-09-13T09:57:35+0200,adf2df90-0a39-496f-b415-17dbe38d05e1,2026-09-12T17:00:00Z,2026-09-12T19:00:00+0200,479.075,MW,BE,BE,forecast_onshore_wind_generation,Wind Onshore,2026-09-13T07:59:30Z
2026-09-13T07:57:35Z,2026-09-13T09:57:35+0200,adf2df90-0a39-496f-b415-17dbe38d05e1,2026-09-12T18:00:00Z,2026-09-12T20:00:00+0200,551.55,MW,BE,BE,forecast_onshore_wind_generation,Wind Onshore,2026-09-13T07:59:30Z
2026-09-13T07:57:35Z,2026-09-13T09:57:35+0200,adf2df90-0a39-496f-b415-17dbe38d05e1,2026-09-12T19:00:00Z,2026-09-12T21:00:00+0200,652.525,MW,BE,BE,forecast_onshore_wind_generation,Wind Onshore,2026-09-13T07:59:30Z
2026-09-13T07:57:35Z,2026-09-13T09:57:35+0200,adf2df90-0a39-496f-b415-17dbe38d05e1,2026-09-12T20:00:00Z,2026-09-12T22:00:00+0200,707.9,MW,BE,BE,forecast_onshore_wind_generation,Wind Onshore,2026-09-13T07:59:30Z
2026-09-13T07:57:35Z,2026-09-13T09:57:35+0200,adf2df90-0a39-496f-b415-17dbe38d05e1,2026-09-12T21:00:00Z,2026-09-12T23:00:00+0200,702.125,MW,BE,BE,forecast_onshore_wind_generation,Wind Onshore,2026-09-13T07:59:30Z
2026-09-13T07:57:35Z,2026-09-13T09:57:35+0200,adf2df90-0a39-496f-b415-17dbe38d05e1,2026-09-12T22:00:00Z,2026-09-13T00:00:00+0200,746.875,MW,BE,BE,forecast_onshore_wind_generation,Wind Onshore,2026-09-13T07:59:30Z
2026-09-13T07:57:35Z,2026-09-13T09:57:35+0200,adf2df90-0a39-496f-b415-17dbe38d05e1,2026-09-12T23:00:00Z,2026-09-13T01:00:00+0200,733.7,MW,BE,BE,forecast_onshore_wind_generation,Wind Onshore,2026-09-13T07:59:30Z
2026-09-13T07:57:35Z,2026-09-13T09:57:35+0200,adf2df90-0a39-496f-b415-17dbe38d05e1,2026-09-13T00:00:00Z,2026-09-13T02:00:00+0200,717.175,MW,BE,BE,forecast_onshore_wind_generation,Wind Onshore,2026-09-13T07:59:30Z
2026-09-13T07:57:35Z,2026-09-13T09:57:35+0200,adf2df90-0a39-496f-b415-17dbe38d05e1,2026-09-13T01:00:00Z,2026-09-13T03:00:00+0200,702.875,MW,BE,BE,forecast_onshore_wind_generation,Wind Onshore,2026-09-13T07:59:30Z
2026-09-13T07:57:35Z,2026-09-13T09:57:35+0200,adf2df90-0a39-496f-b415-17dbe38d05e1,2026-09-13T02:00:00Z,2026-09-13T04:00:00+0200,698.875,MW,BE,BE,forecast_onshore_wind_generation,Wind Onshore,2026-09-13T07:59:30Z
2026-09-13T07:57:35Z,2026-09-13T09:57:35+0200,adf2df90-0a39-496f-b415-17dbe38d05e1,2026-09-13T03:00:00Z,2026-09-13T05:00:00+0200,701.0,MW,BE,BE,forecast_onshore_wind_generation,Wind Onshore,2026-09-13T07:59:30Z
2026-09-13T07:57:35Z,2026-09-13T09:57:35+0200,adf2df90-0a39-496f-b415-17dbe38d05e1,2026-09-13T04:00:00Z,2026-09-13T06:00:00+0200,707.524999,MW,BE,BE,forecast_onshore_wind_generation,Wind Onshore,2026-09-13T07:59:30Z
2026-09-13T07:57:35Z,2026-09-13T09:57:35+0200,adf2df90-0a39-496f-b415-17dbe38d05e1,2026-09-13T05:00:00Z,2026-09-13T07:00:00+0200,707.225,MW,BE,BE,forecast_onshore_wind_generation,Wind Onshore,2026-09-13T07:59:30Z
2026-09-13T07:57:35Z,2026-09-13T09:57:35+0200,adf2df90-0a39-496f-b415-17dbe38d05e1,2026-09-13T06:00:00Z,2026-09-13T08:00:00+0200,689.375,MW,BE,BE,forecast_onshore_wind_generation,Wind Onshore,2026-09-13T07:59:30Z
2026-09-13T07:57:35Z,2026-09-13T09:57:35+0200,adf2df90-0a39-496f-b415-17dbe38d05e1,2026-09-13T07:00:00Z,2026-09-13T09:00:00+0200,672.025,MW,BE,BE,forecast_onshore_wind_generation,Wind Onshore,2026-09-13T07:59:30Z
2026-09-13T07:57:35Z,2026-09-13T09:57:35+0200,adf2df90-0a39-496f-b415-17dbe38d05e1,2026-09-13T08:00:00Z,2026-09-13T10:00:00+0200,671.375,MW,BE,BE,forecast_onshore_wind_generation,Wind Onshore,2026-09-13T07:59:31Z
2026-09-13T07:57:35Z,2026-09-13T09:57:35+0200,adf2df90-0a39-496f-b415-17dbe38d05e1,2026-09-13T09:00:00Z,2026-09-13T11:00:00+0200,656.825,MW,BE,BE,forecast_onshore_wind_generation,Wind Onshore,2026-09-13T07:59:31Z
2026-09-13T07:57:35Z,2026-09-13T09:57:35+0200,adf2df90-0a39-496f-b415-17dbe38d05e1,2026-09-13T10:00:00Z,2026-09-13T12:00:00+0200,639.575,MW,BE,BE,forecast_onshore_wind_generation,Wind Onshore,2026-09-13T07:59:31Z
2026-09-13T07:57:35Z,2026-09-13T09:57:35+0200,adf2df90-0a39-496f-b415-17dbe38d05e1,2026-09-13T11:00:00Z,2026-09-13T13:00:00+0200,639.75,MW,BE,BE,forecast_onshore_wind_generation,Wind Onshore,2026-09-13T07:59:31Z
2026-09-13T07:57:35Z,2026-09-13T09:57:35+0200,adf2df90-0a39-496f-b415-17dbe38d05e1,2026-09-13T12:00:00Z,2026-09-13T14:00:00+0200,619.55,MW,BE,BE,forecast_onshore_wind_generation,Wind Onshore,2026-09-13T07:59:31Z
2026-09-13T07:57:35Z,2026-09-13T09:57:35+0200,adf2df90-0a39-496f-b415-17dbe38d05e1,2026-09-13T13:00:00Z,2026-09-13T15:00:00+0200,572.45,MW,BE,BE,forecast_onshore_wind_generation,Wind Onshore,2026-09-13T07:59:31Z
2026-09-13T07:57:35Z,2026-09-13T09:57:35+0200,adf2df90-0a39-496f-b415-17dbe38d05e1,2026-09-13T14:00:00Z,2026-09-13T16:00:00+0200,519.275,MW,BE,BE,forecast_onshore_wind_generation,Wind Onshore,2026-09-13T07:59:31Z
2026-09-13T07:57:35Z,2026-09-13T09:57:35+0200,adf2df90-0a39-496f-b415-17dbe38d05e1,2026-09-13T15:00:00Z,2026-09-13T17:00:00+0200,462.175,MW,BE,BE,forecast_onshore_wind_generation,Wind Onshore,2026-09-13T07:59:31Z
2026-09-13T07:57:35Z,2026-09-13T09:57:35+0200,adf2df90-0a39-496f-b415-17dbe38d05e1,2026-09-13T16:00:00Z,2026-09-13T18:00:00+0200,416.55,MW,BE,BE,forecast_onshore_wind_generation,Wind Onshore,2026-09-13T07:59:31Z
2026-09-13T07:57:35Z,2026-09-13T09:57:35+0200,adf2df90-0a39-496f-b415-17dbe38d05e1,2026-09-13T17:00:00Z,2026-09-13T19:00:00+0200,366.45,MW,BE,BE,forecast_onshore_wind_generation,Wind Onshore,2026-09-13T07:59:31Z
2026-09-13T07:57:35Z,2026-09-13T09:57:35+0200,adf2df90-0a39-496f-b415-17dbe38d05e1,2026-09-13T18:00:00Z,2026-09-13T20:00:00+0200,305.425,MW,BE,BE,forecast_onshore_wind_generation,Wind Onshore,2026-09-13T07:59:31Z
2026-09-13T07:57:35Z,2026-09-13T09:57:35+0200,adf2df90-0a39-496f-b415-17dbe38d05e1,2026-09-13T19:00:00Z,2026-09-13T21:00:00+0200,240.05,MW,BE,BE,forecast_onshore_wind_generation,Wind Onshore,2026-09-13T07:59:31Z
2026-09-13T07:57:35Z,2026-09-13T09:57:35+0200,adf2df90-0a39-496f-b415-17dbe38d05e1,2026-09-13T20:00:00Z,2026-09-13T22:00:00+0200,180.85,MW,BE,BE,forecast_onshore_wind_generation,Wind Onshore,2026-09-13T07:59:31Z
2026-09-13T07:57:35Z,2026-09-13T09:57:35+0200,adf2df90-0a39-496f-b415-17dbe38d05e1,2026-09-13T21:00:00Z,2026-09-13T23:00:00+0200,140.1,MW,BE,BE,forecast_onshore_wind_generation,Wind Onshore,2026-09-13T07:59:31Z
