collection_time_utc,collection_time_local,run_id,timestamp_utc,timestamp_local,value,unit,country,entsoe_area,variable,source,updated_at_utc
2026-09-03T19:16:26Z,2026-09-03T21:16:26+0200,3c4e546c-63a8-4469-8650-2cbff99665a6,2026-08-27T20:00:00Z,2026-08-27T22:00:00+0200,424.694,MW,DK2,DK_2,actual_onshore_wind_generation,Wind Onshore,2026-09-03T19:17:13Z
2026-09-03T19:16:26Z,2026-09-03T21:16:26+0200,3c4e546c-63a8-4469-8650-2cbff99665a6,2026-08-27T20:15:00Z,2026-08-27T22:15:00+0200,411.276,MW,DK2,DK_2,actual_onshore_wind_generation,Wind Onshore,2026-09-03T19:17:13Z
2026-09-03T19:16:26Z,2026-09-03T21:16:26+0200,3c4e546c-63a8-4469-8650-2cbff99665a6,2026-08-27T20:30:00Z,2026-08-27T22:30:00+0200,405.738,MW,DK2,DK_2,actual_onshore_wind_generation,Wind Onshore,2026-09-03T19:17:13Z
2026-09-03T19:16:26Z,2026-09-03T21:16:26+0200,3c4e546c-63a8-4469-8650-2cbff99665a6,2026-08-27T20:45:00Z,2026-08-27T22:45:00+0200,389.053,MW,DK2,DK_2,actual_onshore_wind_generation,Wind Onshore,2026-09-03T19:17:13Z
2026-09-03T19:16:26Z,2026-09-03T21:16:26+0200,3c4e546c-63a8-4469-8650-2cbff99665a6,2026-08-27T21:00:00Z,2026-08-27T23:00:00+0200,378.245,MW,DK2,DK_2,actual_onshore_wind_generation,Wind Onshore,2026-09-03T19:17:13Z
2026-09-03T19:16:26Z,2026-09-03T21:16:26+0200,3c4e546c-63a8-4469-8650-2cbff99665a6,2026-08-27T21:15:00Z,2026-08-27T23:15:00+0200,369.199,MW,DK2,DK_2,actual_onshore_wind_generation,Wind Onshore,2026-09-03T19:17:13Z
2026-09-03T19:16:26Z,2026-09-03T21:16:26+0200,3c4e546c-63a8-4469-8650-2cbff99665a6,2026-08-27T21:30:00Z,2026-08-27T23:30:00+0200,361.681,MW,DK2,DK_2,actual_onshore_wind_generation,Wind Onshore,2026-09-03T19:17:13Z
2026-09-03T19:16:26Z,2026-09-03T21:16:26+0200,3c4e546c-63a8-4469-8650-2cbff99665a6,2026-08-27T21:45:00Z,2026-08-27T23:45:00+0200,352.171,MW,DK2,DK_2,actual_onshore_wind_generation,Wind Onshore,2026-09-03T19:17:13Z
2026-09-03T19:16:26Z,2026-09-03T21:16:26+0200,3c4e546c-63a8-4469-8650-2cbff99665a6,2026-08-27T22:00:00Z,2026-08-28T00:00:00+0200,345.815,MW,DK2,DK_2,actual_onshore_wind_generation,Wind Onshore,2026-09-03T19:17:13Z
2026-09-03T19:16:26Z,2026-09-03T21:16:26+0200,3c4e546c-63a8-4469-8650-2cbff99665a6,2026-08-27T22:15:00Z,2026-08-28T00:15:00+0200,339.517,MW,DK2,DK_2,actual_onshore_wind_generation,Wind Onshore,2026-09-03T19:17:13Z
2026-09-03T19:16:26Z,2026-09-03T21:16:26+0200,3c4e546c-63a8-4469-8650-2cbff99665a6,2026-08-27T22:30:00Z,2026-08-28T00:30:00+0200,336.827,MW,DK2,DK_2,actual_onshore_wind_generation,Wind Onshore,2026-09-03T19:17:13Z
2026-09-03T19:16:26Z,2026-09-03T21:16:26+0200,3c4e546c-63a8-4469-8650-2cbff99665a6,2026-08-27T22:45:00Z,2026-08-28T00:45:00+0200,338.483,MW,DK2,DK_2,actual_onshore_wind_generation,Wind Onshore,2026-09-03T19:17:13Z
2026-09-03T19:16:26Z,2026-09-03T21:16:26+0200,3c4e546c-63a8-4469-8650-2cbff99665a6,2026-08-27T23:00:00Z,2026-08-28T01:00:00+0200,336.048,MW,DK2,DK_2,actual_onshore_wind_generation,Wind Onshore,2026-09-03T19:17:13Z
2026-09-03T19:16:26Z,2026-09-03T21:16:26+0200,3c4e546c-63a8-4469-8650-2cbff99665a6,2026-08-27T23:15:00Z,2026-08-28T01:15:00+0200,328.003,MW,DK2,DK_2,actual_onshore_wind_generation,Wind Onshore,2026-09-03T19:17:13Z
2026-09-03T19:16:26Z,2026-09-03T21:16:26+0200,3c4e546c-63a8-4469-8650-2cbff99665a6,2026-08-27T23:30:00Z,2026-08-28T01:30:00+0200,321.135,MW,DK2,DK_2,actual_onshore_wind_generation,Wind Onshore,2026-09-03T19:17:13Z
2026-09-03T19:16:26Z,2026-09-03T21:16:26+0200,3c4e546c-63a8-4469-8650-2cbff99665a6,2026-08-27T23:45:00Z,2026-08-28T01:45:00+0200,304.612,MW,DK2,DK_2,actual_onshore_wind_generation,Wind Onshore,2026-09-03T19:17:13Z
2026-09-03T19:16:26Z,2026-09-03T21:16:26+0200,3c4e546c-63a8-4469-8650-2cbff99665a6,2026-08-28T00:00:00Z,2026-08-28T02:00:00+0200,279.644,MW,DK2,DK_2,actual_onshore_wind_generation,Wind Onshore,2026-09-03T19:17:13Z
2026-09-03T19:16:26Z,2026-09-03T21:16:26+0200,3c4e546c-63a8-4469-8650-2cbff99665a6,2026-08-28T00:15:00Z,2026-08-28T02:15:00+0200,271.681,MW,DK2,DK_2,actual_onshore_wind_generation,Wind Onshore,2026-09-03T19:17:13Z
2026-09-03T19:16:26Z,2026-09-03T21:16:26+0200,3c4e546c-63a8-4469-8650-2cbff99665a6,2026-08-28T00:30:00Z,2026-08-28T02:30:00+0200,278.074,MW,DK2,DK_2,actual_onshore_wind_generation,Wind Onshore,2026-09-03T19:17:13Z
2026-09-03T19:16:26Z,2026-09-03T21:16:26+0200,3c4e546c-63a8-4469-8650-2cbff99665a6,2026-08-28T00:45:00Z,2026-08-28T02:45:00+0200,284.759,MW,DK2,DK_2,actual_onshore_wind_generation,Wind Onshore,2026-09-03T19:17:13Z
2026-09-03T19:16:26Z,2026-09-03T21:16:26+0200,3c4e546c-63a8-4469-8650-2cbff99665a6,2026-08-28T01:00:00Z,2026-08-28T03:00:00+0200,300.574,MW,DK2,DK_2,actual_onshore_wind_generation,Wind Onshore,2026-09-03T19:17:13Z
2026-09-03T19:16:26Z,2026-09-03T21:16:26+0200,3c4e546c-63a8-4469-8650-2cbff99665a6,2026-08-28T01:15:00Z,2026-08-28T03:15:00+0200,312.835,MW,DK2,DK_2,actual_onshore_wind_generation,Wind Onshore,2026-09-03T19:17:13Z
2026-09-03T19:16:26Z,2026-09-03T21:16:26+0200,3c4e546c-63a8-4469-8650-2cbff99665a6,2026-08-28T01:30:00Z,2026-08-28T03:30:00+0200,320.575,MW,DK2,DK_2,actual_onshore_wind_generation,Wind Onshore,2026-09-03T19:17:13Z
2026-09-03T19:16:26Z,2026-09-03T21:16:26+0200,3c4e546c-63a8-4469-8650-2cbff99665a6,2026-08-28T01:45:00Z,2026-08-28T03:45:00+0200,324.628,MW,DK2,DK_2,actual_onshore_wind_generation,Wind Onshore,2026-09-03T19:17:13Z
2026-09-03T19:16:26Z,2026-09-03T21:16:26+0200,3c4e546c-63a8-4469-8650-2cbff99665a6,2026-08-28T02:00:00Z,2026-08-28T04:00:00+0200,329.288,MW,DK2,DK_2,actual_onshore_wind_generation,Wind Onshore,2026-09-03T19:17:13Z
2026-09-03T19:16:26Z,2026-09-03T21:16:26+0200,3c4e546c-63a8-4469-8650-2cbff99665a6,2026-08-28T02:15:00Z,2026-08-28T04:15:00+0200,333.547,MW,DK2,DK_2,actual_onshore_wind_generation,Wind Onshore,2026-09-03T19:17:13Z
2026-09-03T19:16:26Z,2026-09-03T21:16:26+0200,3c4e546c-63a8-4469-8650-2cbff99665a6,2026-08-28T02:30:00Z,2026-08-28T04:30:00+0200,325.922,MW,DK2,DK_2,actual_onshore_wind_generation,Wind Onshore,2026-09-03T19:17:13Z
2026-09-03T19:16:26Z,2026-09-03T21:16:26+0200,3c4e546c-63a8-4469-8650-2cbff99665a6,2026-08-28T02:45:00Z,2026-08-28T04:45:00+0200,319.6,MW,DK2,DK_2,actual_onshore_wind_generation,Wind Onshore,2026-09-03T19:17:13Z
2026-09-03T19:16:26Z,2026-09-03T21:16:26+0200,3c4e546c-63a8-4469-8650-2cbff99665a6,2026-08-28T03:00:00Z,2026-08-28T05:00:00+0200,325.574,MW,DK2,DK_2,actual_onshore_wind_generation,Wind Onshore,2026-09-03T19:17:13Z
2026-09-03T19:16:26Z,2026-09-03T21:16:26+0200,3c4e546c-63a8-4469-8650-2cbff99665a6,2026-08-28T03:15:00Z,2026-08-28T05:15:00+0200,318.144,MW,DK2,DK_2,actual_onshore_wind_generation,Wind Onshore,2026-09-03T19:17:13Z
2026-09-03T19:16:26Z,2026-09-03T21:16:26+0200,3c4e546c-63a8-4469-8650-2cbff99665a6,2026-08-28T03:30:00Z,2026-08-28T05:30:00+0200,330.713,MW,DK2,DK_2,actual_onshore_wind_generation,Wind Onshore,2026-09-03T19:17:13Z
2026-09-03T19:16:26Z,2026-09-03T21:16:26+0200,3c4e546c-63a8-4469-8650-2cbff99665a6,2026-08-28T03:45:00Z,2026-08-28T05:45:00+0200,328.797,MW,DK2,DK_2,actual_onshore_wind_generation,Wind Onshore,2026-09-03T19:17:13Z
2026-09-03T19:16:26Z,2026-09-03T21:16:26+0200,3c4e546c-63a8-4469-8650-2cbff99665a6,2026-08-28T04:00:00Z,2026-08-28T06:00:00+0200,328.61,MW,DK2,DK_2,actual_onshore_wind_generation,Wind Onshore,2026-09-03T19:17:13Z
2026-09-03T19:16:26Z,2026-09-03T21:16:26+0200,3c4e546c-63a8-4469-8650-2cbff99665a6,2026-08-28T04:15:00Z,2026-08-28T06:15:00+0200,329.3,MW,DK2,DK_2,actual_onshore_wind_generation,Wind Onshore,2026-09-03T19:17:13Z
2026-09-03T19:16:26Z,2026-09-03T21:16:26+0200,3c4e546c-63a8-4469-8650-2cbff99665a6,2026-08-28T04:30:00Z,2026-08-28T06:30:00+0200,321.198,MW,DK2,DK_2,actual_onshore_wind_generation,Wind Onshore,2026-09-03T19:17:13Z
2026-09-03T19:16:26Z,2026-09-03T21:16:26+0200,3c4e546c-63a8-4469-8650-2cbff99665a6,2026-08-28T04:45:00Z,2026-08-28T06:45:00+0200,313.317,MW,DK2,DK_2,actual_onshore_wind_generation,Wind Onshore,2026-09-03T19:17:13Z
2026-09-03T19:16:26Z,2026-09-03T21:16:26+0200,3c4e546c-63a8-4469-8650-2cbff99665a6,2026-08-28T05:00:00Z,2026-08-28T07:00:00+0200,312.648,MW,DK2,DK_2,actual_onshore_wind_generation,Wind Onshore,2026-09-03T19:17:13Z
2026-09-03T19:16:26Z,2026-09-03T21:16:26+0200,3c4e546c-63a8-4469-8650-2cbff99665a6,2026-08-28T05:15:00Z,2026-08-28T07:15:00+0200,331.439,MW,DK2,DK_2,actual_onshore_wind_generation,Wind Onshore,2026-09-03T19:17:13Z
2026-09-03T19:16:26Z,2026-09-03T21:16:26+0200,3c4e546c-63a8-4469-8650-2cbff99665a6,2026-08-28T05:30:00Z,2026-08-28T07:30:00+0200,354.858,MW,DK2,DK_2,actual_onshore_wind_generation,Wind Onshore,2026-09-03T19:17:13Z
2026-09-03T19:16:26Z,2026-09-03T21:16:26+0200,3c4e546c-63a8-4469-8650-2cbff99665a6,2026-08-28T05:45:00Z,2026-08-28T07:45:00+0200,369.016,MW,DK2,DK_2,actual_onshore_wind_generation,Wind Onshore,2026-09-03T19:17:13Z
2026-09-03T19:16:26Z,2026-09-03T21:16:26+0200,3c4e546c-63a8-4469-8650-2cbff99665a6,2026-08-28T06:00:00Z,2026-08-28T08:00:00+0200,366.548,MW,DK2,DK_2,actual_onshore_wind_generation,Wind Onshore,2026-09-03T19:17:13Z
2026-09-03T19:16:26Z,2026-09-03T21:16:26+0200,3c4e546c-63a8-4469-8650-2cbff99665a6,2026-08-28T06:15:00Z,2026-08-28T08:15:00+0200,365.459,MW,DK2,DK_2,actual_onshore_wind_generation,Wind Onshore,2026-09-03T19:17:13Z
2026-09-03T19:16:26Z,2026-09-03T21:16:26+0200,3c4e546c-63a8-4469-8650-2cbff99665a6,2026-08-28T06:30:00Z,2026-08-28T08:30:00+0200,355.53,MW,DK2,DK_2,actual_onshore_wind_generation,Wind Onshore,2026-09-03T19:17:13Z
2026-09-03T19:16:26Z,2026-09-03T21:16:26+0200,3c4e546c-63a8-4469-8650-2cbff99665a6,2026-08-28T06:45:00Z,2026-08-28T08:45:00+0200,365.496,MW,DK2,DK_2,actual_onshore_wind_generation,Wind Onshore,2026-09-03T19:17:13Z
2026-09-03T19:16:26Z,2026-09-03T21:16:26+0200,3c4e546c-63a8-4469-8650-2cbff99665a6,2026-08-28T07:00:00Z,2026-08-28T09:00:00+0200,387.097,MW,DK2,DK_2,actual_onshore_wind_generation,Wind Onshore,2026-09-03T19:17:13Z
2026-09-03T19:16:26Z,2026-09-03T21:16:26+0200,3c4e546c-63a8-4469-8650-2cbff99665a6,2026-08-28T07:15:00Z,2026-08-28T09:15:00+0200,408.08,MW,DK2,DK_2,actual_onshore_wind_generation,Wind Onshore,2026-09-03T19:17:13Z
2026-09-03T19:16:26Z,2026-09-03T21:16:26+0200,3c4e546c-63a8-4469-8650-2cbff99665a6,2026-08-28T07:30:00Z,2026-08-28T09:30:00+0200,418.6,MW,DK2,DK_2,actual_onshore_wind_generation,Wind Onshore,2026-09-03T19:17:13Z
2026-09-03T19:16:26Z,2026-09-03T21:16:26+0200,3c4e546c-63a8-4469-8650-2cbff99665a6,2026-08-28T07:45:00Z,2026-08-28T09:45:00+0200,440.015,MW,DK2,DK_2,actual_onshore_wind_generation,Wind Onshore,2026-09-03T19:17:13Z
2026-09-03T19:16:26Z,2026-09-03T21:16:26+0200,3c4e546c-63a8-4469-8650-2cbff99665a6,2026-08-28T08:00:00Z,2026-08-28T10:00:00+0200,444.159,MW,DK2,DK_2,actual_onshore_wind_generation,Wind Onshore,2026-09-03T19:17:13Z
2026-09-03T19:16:26Z,2026-09-03T21:16:26+0200,3c4e546c-63a8-4469-8650-2cbff99665a6,2026-08-28T08:15:00Z,2026-08-28T10:15:00+0200,426.798,MW,DK2,DK_2,actual_onshore_wind_generation,Wind Onshore,2026-09-03T19:17:13Z
2026-09-03T19:16:26Z,2026-09-03T21:16:26+0200,3c4e546c-63a8-4469-8650-2cbff99665a6,2026-08-28T08:30:00Z,2026-08-28T10:30:00+0200,385.746,MW,DK2,DK_2,actual_onshore_wind_generation,Wind Onshore,2026-09-03T19:17:13Z
2026-09-03T19:16:26Z,2026-09-03T21:16:26+0200,3c4e546c-63a8-4469-8650-2cbff99665a6,2026-08-28T08:45:00Z,2026-08-28T10:45:00+0200,333.711,MW,DK2,DK_2,actual_onshore_wind_generation,Wind Onshore,2026-09-03T19:17:13Z
2026-09-03T19:16:26Z,2026-09-03T21:16:26+0200,3c4e546c-63a8-4469-8650-2cbff99665a6,2026-08-28T09:00:00Z,2026-08-28T11:00:00+0200,319.146,MW,DK2,DK_2,actual_onshore_wind_generation,Wind Onshore,2026-09-03T19:17:13Z
2026-09-03T19:16:26Z,2026-09-03T21:16:26+0200,3c4e546c-63a8-4469-8650-2cbff99665a6,2026-08-28T09:15:00Z,2026-08-28T11:15:00+0200,291.125,MW,DK2,DK_2,actual_onshore_wind_generation,Wind Onshore,2026-09-03T19:17:13Z
2026-09-03T19:16:26Z,2026-09-03T21:16:26+0200,3c4e546c-63a8-4469-8650-2cbff99665a6,2026-08-28T09:30:00Z,2026-08-28T11:30:00+0200,241.621,MW,DK2,DK_2,actual_onshore_wind_generation,Wind Onshore,2026-09-03T19:17:13Z
2026-09-03T19:16:26Z,2026-09-03T21:16:26+0200,3c4e546c-63a8-4469-8650-2cbff99665a6,2026-08-28T09:45:00Z,2026-08-28T11:45:00+0200,205.037,MW,DK2,DK_2,actual_onshore_wind_generation,Wind Onshore,2026-09-03T19:17:13Z
2026-09-03T19:16:26Z,2026-09-03T21:16:26+0200,3c4e546c-63a8-4469-8650-2cbff99665a6,2026-08-28T10:00:00Z,2026-08-28T12:00:00+0200,194.806,MW,DK2,DK_2,actual_onshore_wind_generation,Wind Onshore,2026-09-03T19:17:13Z
2026-09-03T19:16:26Z,2026-09-03T21:16:26+0200,3c4e546c-63a8-4469-8650-2cbff99665a6,2026-08-28T10:15:00Z,2026-08-28T12:15:00+0200,184.759,MW,DK2,DK_2,actual_onshore_wind_generation,Wind Onshore,2026-09-03T19:17:13Z
2026-09-03T19:16:26Z,2026-09-03T21:16:26+0200,3c4e546c-63a8-4469-8650-2cbff99665a6,2026-08-28T10:30:00Z,2026-08-28T12:30:00+0200,163.376,MW,DK2,DK_2,actual_onshore_wind_generation,Wind Onshore,2026-09-03T19:17:13Z
2026-09-03T19:16:26Z,2026-09-03T21:16:26+0200,3c4e546c-63a8-4469-8650-2cbff99665a6,2026-08-28T10:45:00Z,2026-08-28T12:45:00+0200,137.756,MW,DK2,DK_2,actual_onshore_wind_generation,Wind Onshore,2026-09-03T19:17:13Z
2026-09-03T19:16:26Z,2026-09-03T21:16:26+0200,3c4e546c-63a8-4469-8650-2cbff99665a6,2026-08-28T11:00:00Z,2026-08-28T13:00:00+0200,136.337,MW,DK2,DK_2,actual_onshore_wind_generation,Wind Onshore,2026-09-03T19:17:13Z
2026-09-03T19:16:26Z,2026-09-03T21:16:26+0200,3c4e546c-63a8-4469-8650-2cbff99665a6,2026-08-28T11:15:00Z,2026-08-28T13:15:00+0200,133.044,MW,DK2,DK_2,actual_onshore_wind_generation,Wind Onshore,2026-09-03T19:17:13Z
2026-09-03T19:16:26Z,2026-09-03T21:16:26+0200,3c4e546c-63a8-4469-8650-2cbff99665a6,2026-08-28T11:30:00Z,2026-08-28T13:30:00+0200,149.8,MW,DK2,DK_2,actual_onshore_wind_generation,Wind Onshore,2026-09-03T19:17:13Z
2026-09-03T19:16:26Z,2026-09-03T21:16:26+0200,3c4e546c-63a8-4469-8650-2cbff99665a6,2026-08-28T11:45:00Z,2026-08-28T13:45:00+0200,138.996,MW,DK2,DK_2,actual_onshore_wind_generation,Wind Onshore,2026-09-03T19:17:13Z
2026-09-03T19:16:26Z,2026-09-03T21:16:26+0200,3c4e546c-63a8-4469-8650-2cbff99665a6,2026-08-28T12:00:00Z,2026-08-28T14:00:00+0200,133.481,MW,DK2,DK_2,actual_onshore_wind_generation,Wind Onshore,2026-09-03T19:17:13Z
2026-09-03T19:16:26Z,2026-09-03T21:16:26+0200,3c4e546c-63a8-4469-8650-2cbff99665a6,2026-08-28T12:15:00Z,2026-08-28T14:15:00+0200,139.886,MW,DK2,DK_2,actual_onshore_wind_generation,Wind Onshore,2026-09-03T19:17:13Z
2026-09-03T19:16:26Z,2026-09-03T21:16:26+0200,3c4e546c-63a8-4469-8650-2cbff99665a6,2026-08-28T12:30:00Z,2026-08-28T14:30:00+0200,155.609,MW,DK2,DK_2,actual_onshore_wind_generation,Wind Onshore,2026-09-03T19:17:13Z
2026-09-03T19:16:26Z,2026-09-03T21:16:26+0200,3c4e546c-63a8-4469-8650-2cbff99665a6,2026-08-28T12:45:00Z,2026-08-28T14:45:00+0200,135.863,MW,DK2,DK_2,actual_onshore_wind_generation,Wind Onshore,2026-09-03T19:17:13Z
2026-09-03T19:16:26Z,2026-09-03T21:16:26+0200,3c4e546c-63a8-4469-8650-2cbff99665a6,2026-08-28T13:00:00Z,2026-08-28T15:00:00+0200,122.5,MW,DK2,DK_2,actual_onshore_wind_generation,Wind Onshore,2026-09-03T19:17:13Z
2026-09-03T19:16:26Z,2026-09-03T21:16:26+0200,3c4e546c-63a8-4469-8650-2cbff99665a6,2026-08-28T13:15:00Z,2026-08-28T15:15:00+0200,114.262,MW,DK2,DK_2,actual_onshore_wind_generation,Wind Onshore,2026-09-03T19:17:13Z
2026-09-03T19:16:26Z,2026-09-03T21:16:26+0200,3c4e546c-63a8-4469-8650-2cbff99665a6,2026-08-28T13:30:00Z,2026-08-28T15:30:00+0200,105.136,MW,DK2,DK_2,actual_onshore_wind_generation,Wind Onshore,2026-09-03T19:17:13Z
2026-09-03T19:16:26Z,2026-09-03T21:16:26+0200,3c4e546c-63a8-4469-8650-2cbff99665a6,2026-08-28T13:45:00Z,2026-08-28T15:45:00+0200,112.149,MW,DK2,DK_2,actual_onshore_wind_generation,Wind Onshore,2026-09-03T19:17:13Z
2026-09-03T19:16:26Z,2026-09-03T21:16:26+0200,3c4e546c-63a8-4469-8650-2cbff99665a6,2026-08-28T14:00:00Z,2026-08-28T16:00:00+0200,101.316,MW,DK2,DK_2,actual_onshore_wind_generation,Wind Onshore,2026-09-03T19:17:13Z
2026-09-03T19:16:26Z,2026-09-03T21:16:26+0200,3c4e546c-63a8-4469-8650-2cbff99665a6,2026-08-28T14:15:00Z,2026-08-28T16:15:00+0200,87.4525,MW,DK2,DK_2,actual_onshore_wind_generation,Wind Onshore,2026-09-03T19:17:13Z
2026-09-03T19:16:26Z,2026-09-03T21:16:26+0200,3c4e546c-63a8-4469-8650-2cbff99665a6,2026-08-28T14:30:00Z,2026-08-28T16:30:00+0200,97.7548,MW,DK2,DK_2,actual_onshore_wind_generation,Wind Onshore,2026-09-03T19:17:13Z
2026-09-03T19:16:26Z,2026-09-03T21:16:26+0200,3c4e546c-63a8-4469-8650-2cbff99665a6,2026-08-28T14:45:00Z,2026-08-28T16:45:00+0200,106.2,MW,DK2,DK_2,actual_onshore_wind_generation,Wind Onshore,2026-09-03T19:17:13Z
2026-09-03T19:16:26Z,2026-09-03T21:16:26+0200,3c4e546c-63a8-4469-8650-2cbff99665a6,2026-08-28T15:00:00Z,2026-08-28T17:00:00+0200,86.0131,MW,DK2,DK_2,actual_onshore_wind_generation,Wind Onshore,2026-09-03T19:17:13Z
2026-09-03T19:16:26Z,2026-09-03T21:16:26+0200,3c4e546c-63a8-4469-8650-2cbff99665a6,2026-08-28T15:15:00Z,2026-08-28T17:15:00+0200,73.4854,MW,DK2,DK_2,actual_onshore_wind_generation,Wind Onshore,2026-09-03T19:17:13Z
2026-09-03T19:16:26Z,2026-09-03T21:16:26+0200,3c4e546c-63a8-4469-8650-2cbff99665a6,2026-08-28T15:30:00Z,2026-08-28T17:30:00+0200,70.2784,MW,DK2,DK_2,actual_onshore_wind_generation,Wind Onshore,2026-09-03T19:17:13Z
2026-09-03T19:16:26Z,2026-09-03T21:16:26+0200,3c4e546c-63a8-4469-8650-2cbff99665a6,2026-08-28T15:45:00Z,2026-08-28T17:45:00+0200,68.1128,MW,DK2,DK_2,actual_onshore_wind_generation,Wind Onshore,2026-09-03T19:17:13Z
2026-09-03T19:16:26Z,2026-09-03T21:16:26+0200,3c4e546c-63a8-4469-8650-2cbff99665a6,2026-08-28T16:00:00Z,2026-08-28T18:00:00+0200,59.6677,MW,DK2,DK_2,actual_onshore_wind_generation,Wind Onshore,2026-09-03T19:17:13Z
2026-09-03T19:16:26Z,2026-09-03T21:16:26+0200,3c4e546c-63a8-4469-8650-2cbff99665a6,2026-08-28T16:15:00Z,2026-08-28T18:15:00+0200,52.8148,MW,DK2,DK_2,actual_onshore_wind_generation,Wind Onshore,2026-09-03T19:17:13Z
2026-09-03T19:16:26Z,2026-09-03T21:16:26+0200,3c4e546c-63a8-4469-8650-2cbff99665a6,2026-08-28T16:30:00Z,2026-08-28T18:30:00+0200,52.2312,MW,DK2,DK_2,actual_onshore_wind_generation,Wind Onshore,2026-09-03T19:17:13Z
2026-09-03T19:16:26Z,2026-09-03T21:16:26+0200,3c4e546c-63a8-4469-8650-2cbff99665a6,2026-08-28T16:45:00Z,2026-08-28T18:45:00+0200,57.4185,MW,DK2,DK_2,actual_onshore_wind_generation,Wind Onshore,2026-09-03T19:17:13Z
2026-09-03T19:16:26Z,2026-09-03T21:16:26+0200,3c4e546c-63a8-4469-8650-2cbff99665a6,2026-08-28T17:00:00Z,2026-08-28T19:00:00+0200,77.6724,MW,DK2,DK_2,actual_onshore_wind_generation,Wind Onshore,2026-09-03T19:17:13Z
2026-09-03T19:16:26Z,2026-09-03T21:16:26+0200,3c4e546c-63a8-4469-8650-2cbff99665a6,2026-08-28T17:15:00Z,2026-08-28T19:15:00+0200,56.1431,MW,DK2,DK_2,actual_onshore_wind_generation,Wind Onshore,2026-09-03T19:17:13Z
2026-09-03T19:16:26Z,2026-09-03T21:16:26+0200,3c4e546c-63a8-4469-8650-2cbff99665a6,2026-08-28T17:30:00Z,2026-08-28T19:30:00+0200,95.8103,MW,DK2,DK_2,actual_onshore_wind_generation,Wind Onshore,2026-09-03T19:17:13Z
2026-09-03T19:16:26Z,2026-09-03T21:16:26+0200,3c4e546c-63a8-4469-8650-2cbff99665a6,2026-08-28T17:45:00Z,2026-08-28T19:45:00+0200,148.681,MW,DK2,DK_2,actual_onshore_wind_generation,Wind Onshore,2026-09-03T19:17:13Z
2026-09-03T19:16:26Z,2026-09-03T21:16:26+0200,3c4e546c-63a8-4469-8650-2cbff99665a6,2026-08-28T18:00:00Z,2026-08-28T20:00:00+0200,117.168,MW,DK2,DK_2,actual_onshore_wind_generation,Wind Onshore,2026-09-03T19:17:13Z
2026-09-03T19:16:26Z,2026-09-03T21:16:26+0200,3c4e546c-63a8-4469-8650-2cbff99665a6,2026-08-28T18:15:00Z,2026-08-28T20:15:00+0200,84.8641,MW,DK2,DK_2,actual_onshore_wind_generation,Wind Onshore,2026-09-03T19:17:13Z
2026-09-03T19:16:26Z,2026-09-03T21:16:26+0200,3c4e546c-63a8-4469-8650-2cbff99665a6,2026-08-28T18:30:00Z,2026-08-28T20:30:00+0200,59.8672,MW,DK2,DK_2,actual_onshore_wind_generation,Wind Onshore,2026-09-03T19:17:13Z
2026-09-03T19:16:26Z,2026-09-03T21:16:26+0200,3c4e546c-63a8-4469-8650-2cbff99665a6,2026-08-28T18:45:00Z,2026-08-28T20:45:00+0200,49.67,MW,DK2,DK_2,actual_onshore_wind_generation,Wind Onshore,2026-09-03T19:17:13Z
2026-09-03T19:16:26Z,2026-09-03T21:16:26+0200,3c4e546c-63a8-4469-8650-2cbff99665a6,2026-08-28T19:00:00Z,2026-08-28T21:00:00+0200,48.9661,MW,DK2,DK_2,actual_onshore_wind_generation,Wind Onshore,2026-09-03T19:17:13Z
2026-09-03T19:16:26Z,2026-09-03T21:16:26+0200,3c4e546c-63a8-4469-8650-2cbff99665a6,2026-08-28T19:15:00Z,2026-08-28T21:15:00+0200,48.7789,MW,DK2,DK_2,actual_onshore_wind_generation,Wind Onshore,2026-09-03T19:17:13Z
2026-09-03T19:16:26Z,2026-09-03T21:16:26+0200,3c4e546c-63a8-4469-8650-2cbff99665a6,2026-08-28T19:30:00Z,2026-08-28T21:30:00+0200,50.1764,MW,DK2,DK_2,actual_onshore_wind_generation,Wind Onshore,2026-09-03T19:17:13Z
2026-09-03T19:16:26Z,2026-09-03T21:16:26+0200,3c4e546c-63a8-4469-8650-2cbff99665a6,2026-08-28T19:45:00Z,2026-08-28T21:45:00+0200,49.4161,MW,DK2,DK_2,actual_onshore_wind_generation,Wind Onshore,2026-09-03T19:17:13Z
2026-09-03T19:16:26Z,2026-09-03T21:16:26+0200,3c4e546c-63a8-4469-8650-2cbff99665a6,2026-08-28T20:00:00Z,2026-08-28T22:00:00+0200,44.8336,MW,DK2,DK_2,actual_onshore_wind_generation,Wind Onshore,2026-09-03T19:17:13Z
2026-09-03T19:16:26Z,2026-09-03T21:16:26+0200,3c4e546c-63a8-4469-8650-2cbff99665a6,2026-08-28T20:15:00Z,2026-08-28T22:15:00+0200,61.3001,MW,DK2,DK_2,actual_onshore_wind_generation,Wind Onshore,2026-09-03T19:17:13Z
2026-09-03T19:16:26Z,2026-09-03T21:16:26+0200,3c4e546c-63a8-4469-8650-2cbff99665a6,2026-08-28T20:30:00Z,2026-08-28T22:30:00+0200,82.247,MW,DK2,DK_2,actual_onshore_wind_generation,Wind Onshore,2026-09-03T19:17:13Z
2026-09-03T19:16:26Z,2026-09-03T21:16:26+0200,3c4e546c-63a8-4469-8650-2cbff99665a6,2026-08-28T20:45:00Z,2026-08-28T22:45:00+0200,85.2122,MW,DK2,DK_2,actual_onshore_wind_generation,Wind Onshore,2026-09-03T19:17:13Z
2026-09-03T19:16:26Z,2026-09-03T21:16:26+0200,3c4e546c-63a8-4469-8650-2cbff99665a6,2026-08-28T21:00:00Z,2026-08-28T23:00:00+0200,96.3199,MW,DK2,DK_2,actual_onshore_wind_generation,Wind Onshore,2026-09-03T19:17:13Z
2026-09-03T19:16:26Z,2026-09-03T21:16:26+0200,3c4e546c-63a8-4469-8650-2cbff99665a6,2026-08-28T21:15:00Z,2026-08-28T23:15:00+0200,109.536,MW,DK2,DK_2,actual_onshore_wind_generation,Wind Onshore,2026-09-03T19:17:13Z
2026-09-03T19:16:26Z,2026-09-03T21:16:26+0200,3c4e546c-63a8-4469-8650-2cbff99665a6,2026-08-28T21:30:00Z,2026-08-28T23:30:00+0200,103.9,MW,DK2,DK_2,actual_onshore_wind_generation,Wind Onshore,2026-09-03T19:17:13Z
2026-09-03T19:16:26Z,2026-09-03T21:16:26+0200,3c4e546c-63a8-4469-8650-2cbff99665a6,2026-08-28T21:45:00Z,2026-08-28T23:45:00+0200,93.8977,MW,DK2,DK_2,actual_onshore_wind_generation,Wind Onshore,2026-09-03T19:17:13Z
2026-09-03T19:16:26Z,2026-09-03T21:16:26+0200,3c4e546c-63a8-4469-8650-2cbff99665a6,2026-08-28T22:00:00Z,2026-08-29T00:00:00+0200,102.204,MW,DK2,DK_2,actual_onshore_wind_generation,Wind Onshore,2026-09-03T19:17:13Z
2026-09-03T19:16:26Z,2026-09-03T21:16:26+0200,3c4e546c-63a8-4469-8650-2cbff99665a6,2026-08-28T22:15:00Z,2026-08-29T00:15:00+0200,110.337,MW,DK2,DK_2,actual_onshore_wind_generation,Wind Onshore,2026-09-03T19:17:13Z
2026-09-03T19:16:26Z,2026-09-03T21:16:26+0200,3c4e546c-63a8-4469-8650-2cbff99665a6,2026-08-28T22:30:00Z,2026-08-29T00:30:00+0200,103.85,MW,DK2,DK_2,actual_onshore_wind_generation,Wind Onshore,2026-09-03T19:17:13Z
2026-09-03T19:16:26Z,2026-09-03T21:16:26+0200,3c4e546c-63a8-4469-8650-2cbff99665a6,2026-08-28T22:45:00Z,2026-08-29T00:45:00+0200,101.229,MW,DK2,DK_2,actual_onshore_wind_generation,Wind Onshore,2026-09-03T19:17:13Z
2026-09-03T19:16:26Z,2026-09-03T21:16:26+0200,3c4e546c-63a8-4469-8650-2cbff99665a6,2026-08-28T23:00:00Z,2026-08-29T01:00:00+0200,110.815,MW,DK2,DK_2,actual_onshore_wind_generation,Wind Onshore,2026-09-03T19:17:13Z
2026-09-03T19:16:26Z,2026-09-03T21:16:26+0200,3c4e546c-63a8-4469-8650-2cbff99665a6,2026-08-28T23:15:00Z,2026-08-29T01:15:00+0200,123.747,MW,DK2,DK_2,actual_onshore_wind_generation,Wind Onshore,2026-09-03T19:17:13Z
2026-09-03T19:16:26Z,2026-09-03T21:16:26+0200,3c4e546c-63a8-4469-8650-2cbff99665a6,2026-08-28T23:30:00Z,2026-08-29T01:30:00+0200,123.169,MW,DK2,DK_2,actual_onshore_wind_generation,Wind Onshore,2026-09-03T19:17:13Z
2026-09-03T19:16:26Z,2026-09-03T21:16:26+0200,3c4e546c-63a8-4469-8650-2cbff99665a6,2026-08-28T23:45:00Z,2026-08-29T01:45:00+0200,126.162,MW,DK2,DK_2,actual_onshore_wind_generation,Wind Onshore,2026-09-03T19:17:13Z
2026-09-03T19:16:26Z,2026-09-03T21:16:26+0200,3c4e546c-63a8-4469-8650-2cbff99665a6,2026-08-29T00:00:00Z,2026-08-29T02:00:00+0200,123.989,MW,DK2,DK_2,actual_onshore_wind_generation,Wind Onshore,2026-09-03T19:17:13Z
2026-09-03T19:16:26Z,2026-09-03T21:16:26+0200,3c4e546c-63a8-4469-8650-2cbff99665a6,2026-08-29T00:15:00Z,2026-08-29T02:15:00+0200,114.202,MW,DK2,DK_2,actual_onshore_wind_generation,Wind Onshore,2026-09-03T19:17:13Z
2026-09-03T19:16:26Z,2026-09-03T21:16:26+0200,3c4e546c-63a8-4469-8650-2cbff99665a6,2026-08-29T00:30:00Z,2026-08-29T02:30:00+0200,110.634,MW,DK2,DK_2,actual_onshore_wind_generation,Wind Onshore,2026-09-03T19:17:13Z
2026-09-03T19:16:26Z,2026-09-03T21:16:26+0200,3c4e546c-63a8-4469-8650-2cbff99665a6,2026-08-29T00:45:00Z,2026-08-29T02:45:00+0200,112.174,MW,DK2,DK_2,actual_onshore_wind_generation,Wind Onshore,2026-09-03T19:17:13Z
2026-09-03T19:16:26Z,2026-09-03T21:16:26+0200,3c4e546c-63a8-4469-8650-2cbff99665a6,2026-08-29T01:00:00Z,2026-08-29T03:00:00+0200,120.233,MW,DK2,DK_2,actual_onshore_wind_generation,Wind Onshore,2026-09-03T19:17:13Z
2026-09-03T19:16:26Z,2026-09-03T21:16:26+0200,3c4e546c-63a8-4469-8650-2cbff99665a6,2026-08-29T01:15:00Z,2026-08-29T03:15:00+0200,116.553,MW,DK2,DK_2,actual_onshore_wind_generation,Wind Onshore,2026-09-03T19:17:13Z
2026-09-03T19:16:26Z,2026-09-03T21:16:26+0200,3c4e546c-63a8-4469-8650-2cbff99665a6,2026-08-29T01:30:00Z,2026-08-29T03:30:00+0200,136.019,MW,DK2,DK_2,actual_onshore_wind_generation,Wind Onshore,2026-09-03T19:17:13Z
2026-09-03T19:16:26Z,2026-09-03T21:16:26+0200,3c4e546c-63a8-4469-8650-2cbff99665a6,2026-08-29T01:45:00Z,2026-08-29T03:45:00+0200,147.426,MW,DK2,DK_2,actual_onshore_wind_generation,Wind Onshore,2026-09-03T19:17:13Z
2026-09-03T19:16:26Z,2026-09-03T21:16:26+0200,3c4e546c-63a8-4469-8650-2cbff99665a6,2026-08-29T02:00:00Z,2026-08-29T04:00:00+0200,154.004,MW,DK2,DK_2,actual_onshore_wind_generation,Wind Onshore,2026-09-03T19:17:13Z
2026-09-03T19:16:26Z,2026-09-03T21:16:26+0200,3c4e546c-63a8-4469-8650-2cbff99665a6,2026-08-29T02:15:00Z,2026-08-29T04:15:00+0200,154.354,MW,DK2,DK_2,actual_onshore_wind_generation,Wind Onshore,2026-09-03T19:17:13Z
2026-09-03T19:16:26Z,2026-09-03T21:16:26+0200,3c4e546c-63a8-4469-8650-2cbff99665a6,2026-08-29T02:30:00Z,2026-08-29T04:30:00+0200,164.989,MW,DK2,DK_2,actual_onshore_wind_generation,Wind Onshore,2026-09-03T19:17:13Z
2026-09-03T19:16:26Z,2026-09-03T21:16:26+0200,3c4e546c-63a8-4469-8650-2cbff99665a6,2026-08-29T02:45:00Z,2026-08-29T04:45:00+0200,165.957,MW,DK2,DK_2,actual_onshore_wind_generation,Wind Onshore,2026-09-03T19:17:13Z
2026-09-03T19:16:26Z,2026-09-03T21:16:26+0200,3c4e546c-63a8-4469-8650-2cbff99665a6,2026-08-29T03:00:00Z,2026-08-29T05:00:00+0200,176.417,MW,DK2,DK_2,actual_onshore_wind_generation,Wind Onshore,2026-09-03T19:17:13Z
2026-09-03T19:16:26Z,2026-09-03T21:16:26+0200,3c4e546c-63a8-4469-8650-2cbff99665a6,2026-08-29T03:15:00Z,2026-08-29T05:15:00+0200,177.712,MW,DK2,DK_2,actual_onshore_wind_generation,Wind Onshore,2026-09-03T19:17:13Z
2026-09-03T19:16:26Z,2026-09-03T21:16:26+0200,3c4e546c-63a8-4469-8650-2cbff99665a6,2026-08-29T03:30:00Z,2026-08-29T05:30:00+0200,192.117,MW,DK2,DK_2,actual_onshore_wind_generation,Wind Onshore,2026-09-03T19:17:13Z
2026-09-03T19:16:26Z,2026-09-03T21:16:26+0200,3c4e546c-63a8-4469-8650-2cbff99665a6,2026-08-29T03:45:00Z,2026-08-29T05:45:00+0200,188.242,MW,DK2,DK_2,actual_onshore_wind_generation,Wind Onshore,2026-09-03T19:17:13Z
2026-09-03T19:16:26Z,2026-09-03T21:16:26+0200,3c4e546c-63a8-4469-8650-2cbff99665a6,2026-08-29T04:00:00Z,2026-08-29T06:00:00+0200,175.397,MW,DK2,DK_2,actual_onshore_wind_generation,Wind Onshore,2026-09-03T19:17:13Z
2026-09-03T19:16:26Z,2026-09-03T21:16:26+0200,3c4e546c-63a8-4469-8650-2cbff99665a6,2026-08-29T04:15:00Z,2026-08-29T06:15:00+0200,171.509,MW,DK2,DK_2,actual_onshore_wind_generation,Wind Onshore,2026-09-03T19:17:13Z
2026-09-03T19:16:26Z,2026-09-03T21:16:26+0200,3c4e546c-63a8-4469-8650-2cbff99665a6,2026-08-29T04:30:00Z,2026-08-29T06:30:00+0200,170.951,MW,DK2,DK_2,actual_onshore_wind_generation,Wind Onshore,2026-09-03T19:17:13Z
2026-09-03T19:16:26Z,2026-09-03T21:16:26+0200,3c4e546c-63a8-4469-8650-2cbff99665a6,2026-08-29T04:45:00Z,2026-08-29T06:45:00+0200,181.647,MW,DK2,DK_2,actual_onshore_wind_generation,Wind Onshore,2026-09-03T19:17:13Z
2026-09-03T19:16:26Z,2026-09-03T21:16:26+0200,3c4e546c-63a8-4469-8650-2cbff99665a6,2026-08-29T05:00:00Z,2026-08-29T07:00:00+0200,191.781,MW,DK2,DK_2,actual_onshore_wind_generation,Wind Onshore,2026-09-03T19:17:13Z
2026-09-03T19:16:26Z,2026-09-03T21:16:26+0200,3c4e546c-63a8-4469-8650-2cbff99665a6,2026-08-29T05:15:00Z,2026-08-29T07:15:00+0200,195.298,MW,DK2,DK_2,actual_onshore_wind_generation,Wind Onshore,2026-09-03T19:17:13Z
2026-09-03T19:16:26Z,2026-09-03T21:16:26+0200,3c4e546c-63a8-4469-8650-2cbff99665a6,2026-08-29T05:30:00Z,2026-08-29T07:30:00+0200,206.84,MW,DK2,DK_2,actual_onshore_wind_generation,Wind Onshore,2026-09-03T19:17:13Z
2026-09-03T19:16:26Z,2026-09-03T21:16:26+0200,3c4e546c-63a8-4469-8650-2cbff99665a6,2026-08-29T05:45:00Z,2026-08-29T07:45:00+0200,217.655,MW,DK2,DK_2,actual_onshore_wind_generation,Wind Onshore,2026-09-03T19:17:13Z
2026-09-03T19:16:26Z,2026-09-03T21:16:26+0200,3c4e546c-63a8-4469-8650-2cbff99665a6,2026-08-29T06:00:00Z,2026-08-29T08:00:00+0200,230.032,MW,DK2,DK_2,actual_onshore_wind_generation,Wind Onshore,2026-09-03T19:17:13Z
2026-09-03T19:16:26Z,2026-09-03T21:16:26+0200,3c4e546c-63a8-4469-8650-2cbff99665a6,2026-08-29T06:15:00Z,2026-08-29T08:15:00+0200,234.79,MW,DK2,DK_2,actual_onshore_wind_generation,Wind Onshore,2026-09-03T19:17:13Z
2026-09-03T19:16:26Z,2026-09-03T21:16:26+0200,3c4e546c-63a8-4469-8650-2cbff99665a6,2026-08-29T06:30:00Z,2026-08-29T08:30:00+0200,245.553,MW,DK2,DK_2,actual_onshore_wind_generation,Wind Onshore,2026-09-03T19:17:13Z
2026-09-03T19:16:26Z,2026-09-03T21:16:26+0200,3c4e546c-63a8-4469-8650-2cbff99665a6,2026-08-29T06:45:00Z,2026-08-29T08:45:00+0200,255.536,MW,DK2,DK_2,actual_onshore_wind_generation,Wind Onshore,2026-09-03T19:17:13Z
2026-09-03T19:16:26Z,2026-09-03T21:16:26+0200,3c4e546c-63a8-4469-8650-2cbff99665a6,2026-08-29T07:00:00Z,2026-08-29T09:00:00+0200,257.761,MW,DK2,DK_2,actual_onshore_wind_generation,Wind Onshore,2026-09-03T19:17:13Z
2026-09-03T19:16:26Z,2026-09-03T21:16:26+0200,3c4e546c-63a8-4469-8650-2cbff99665a6,2026-08-29T07:15:00Z,2026-08-29T09:15:00+0200,178.601,MW,DK2,DK_2,actual_onshore_wind_generation,Wind Onshore,2026-09-03T19:17:13Z
2026-09-03T19:16:26Z,2026-09-03T21:16:26+0200,3c4e546c-63a8-4469-8650-2cbff99665a6,2026-08-29T07:30:00Z,2026-08-29T09:30:00+0200,180.158,MW,DK2,DK_2,actual_onshore_wind_generation,Wind Onshore,2026-09-03T19:17:13Z
2026-09-03T19:16:26Z,2026-09-03T21:16:26+0200,3c4e546c-63a8-4469-8650-2cbff99665a6,2026-08-29T07:45:00Z,2026-08-29T09:45:00+0200,261.95,MW,DK2,DK_2,actual_onshore_wind_generation,Wind Onshore,2026-09-03T19:17:13Z
2026-09-03T19:16:26Z,2026-09-03T21:16:26+0200,3c4e546c-63a8-4469-8650-2cbff99665a6,2026-08-29T08:00:00Z,2026-08-29T10:00:00+0200,212.621,MW,DK2,DK_2,actual_onshore_wind_generation,Wind Onshore,2026-09-03T19:17:13Z
2026-09-03T19:16:26Z,2026-09-03T21:16:26+0200,3c4e546c-63a8-4469-8650-2cbff99665a6,2026-08-29T08:15:00Z,2026-08-29T10:15:00+0200,212.294,MW,DK2,DK_2,actual_onshore_wind_generation,Wind Onshore,2026-09-03T19:17:13Z
2026-09-03T19:16:26Z,2026-09-03T21:16:26+0200,3c4e546c-63a8-4469-8650-2cbff99665a6,2026-08-29T08:30:00Z,2026-08-29T10:30:00+0200,218.777,MW,DK2,DK_2,actual_onshore_wind_generation,Wind Onshore,2026-09-03T19:17:13Z
2026-09-03T19:16:26Z,2026-09-03T21:16:26+0200,3c4e546c-63a8-4469-8650-2cbff99665a6,2026-08-29T08:45:00Z,2026-08-29T10:45:00+0200,219.933,MW,DK2,DK_2,actual_onshore_wind_generation,Wind Onshore,2026-09-03T19:17:13Z
2026-09-03T19:16:26Z,2026-09-03T21:16:26+0200,3c4e546c-63a8-4469-8650-2cbff99665a6,2026-08-29T09:00:00Z,2026-08-29T11:00:00+0200,234.918,MW,DK2,DK_2,actual_onshore_wind_generation,Wind Onshore,2026-09-03T19:17:13Z
2026-09-03T19:16:26Z,2026-09-03T21:16:26+0200,3c4e546c-63a8-4469-8650-2cbff99665a6,2026-08-29T09:15:00Z,2026-08-29T11:15:00+0200,250.406,MW,DK2,DK_2,actual_onshore_wind_generation,Wind Onshore,2026-09-03T19:17:13Z
2026-09-03T19:16:26Z,2026-09-03T21:16:26+0200,3c4e546c-63a8-4469-8650-2cbff99665a6,2026-08-29T09:30:00Z,2026-08-29T11:30:00+0200,249.823,MW,DK2,DK_2,actual_onshore_wind_generation,Wind Onshore,2026-09-03T19:17:13Z
2026-09-03T19:16:26Z,2026-09-03T21:16:26+0200,3c4e546c-63a8-4469-8650-2cbff99665a6,2026-08-29T09:45:00Z,2026-08-29T11:45:00+0200,238.704,MW,DK2,DK_2,actual_onshore_wind_generation,Wind Onshore,2026-09-03T19:17:13Z
2026-09-03T19:16:26Z,2026-09-03T21:16:26+0200,3c4e546c-63a8-4469-8650-2cbff99665a6,2026-08-29T10:00:00Z,2026-08-29T12:00:00+0200,231.396,MW,DK2,DK_2,actual_onshore_wind_generation,Wind Onshore,2026-09-03T19:17:13Z
2026-09-03T19:16:26Z,2026-09-03T21:16:26+0200,3c4e546c-63a8-4469-8650-2cbff99665a6,2026-08-29T10:15:00Z,2026-08-29T12:15:00+0200,239.296,MW,DK2,DK_2,actual_onshore_wind_generation,Wind Onshore,2026-09-03T19:17:13Z
2026-09-03T19:16:26Z,2026-09-03T21:16:26+0200,3c4e546c-63a8-4469-8650-2cbff99665a6,2026-08-29T10:30:00Z,2026-08-29T12:30:00+0200,250.307,MW,DK2,DK_2,actual_onshore_wind_generation,Wind Onshore,2026-09-03T19:17:13Z
2026-09-03T19:16:26Z,2026-09-03T21:16:26+0200,3c4e546c-63a8-4469-8650-2cbff99665a6,2026-08-29T10:45:00Z,2026-08-29T12:45:00+0200,221.12,MW,DK2,DK_2,actual_onshore_wind_generation,Wind Onshore,2026-09-03T19:17:13Z
2026-09-03T19:16:26Z,2026-09-03T21:16:26+0200,3c4e546c-63a8-4469-8650-2cbff99665a6,2026-08-29T11:00:00Z,2026-08-29T13:00:00+0200,266.04,MW,DK2,DK_2,actual_onshore_wind_generation,Wind Onshore,2026-09-03T19:17:13Z
2026-09-03T19:16:26Z,2026-09-03T21:16:26+0200,3c4e546c-63a8-4469-8650-2cbff99665a6,2026-08-29T11:15:00Z,2026-08-29T13:15:00+0200,313.104,MW,DK2,DK_2,actual_onshore_wind_generation,Wind Onshore,2026-09-03T19:17:13Z
2026-09-03T19:16:26Z,2026-09-03T21:16:26+0200,3c4e546c-63a8-4469-8650-2cbff99665a6,2026-08-29T11:30:00Z,2026-08-29T13:30:00+0200,314.433,MW,DK2,DK_2,actual_onshore_wind_generation,Wind Onshore,2026-09-03T19:17:13Z
2026-09-03T19:16:26Z,2026-09-03T21:16:26+0200,3c4e546c-63a8-4469-8650-2cbff99665a6,2026-08-29T11:45:00Z,2026-08-29T13:45:00+0200,305.947,MW,DK2,DK_2,actual_onshore_wind_generation,Wind Onshore,2026-09-03T19:17:13Z
2026-09-03T19:16:26Z,2026-09-03T21:16:26+0200,3c4e546c-63a8-4469-8650-2cbff99665a6,2026-08-29T12:00:00Z,2026-08-29T14:00:00+0200,311.972,MW,DK2,DK_2,actual_onshore_wind_generation,Wind Onshore,2026-09-03T19:17:13Z
2026-09-03T19:16:26Z,2026-09-03T21:16:26+0200,3c4e546c-63a8-4469-8650-2cbff99665a6,2026-08-29T12:15:00Z,2026-08-29T14:15:00+0200,276.572,MW,DK2,DK_2,actual_onshore_wind_generation,Wind Onshore,2026-09-03T19:17:13Z
2026-09-03T19:16:26Z,2026-09-03T21:16:26+0200,3c4e546c-63a8-4469-8650-2cbff99665a6,2026-08-29T12:30:00Z,2026-08-29T14:30:00+0200,298.878,MW,DK2,DK_2,actual_onshore_wind_generation,Wind Onshore,2026-09-03T19:17:13Z
2026-09-03T19:16:26Z,2026-09-03T21:16:26+0200,3c4e546c-63a8-4469-8650-2cbff99665a6,2026-08-29T12:45:00Z,2026-08-29T14:45:00+0200,328.747,MW,DK2,DK_2,actual_onshore_wind_generation,Wind Onshore,2026-09-03T19:17:13Z
2026-09-03T19:16:26Z,2026-09-03T21:16:26+0200,3c4e546c-63a8-4469-8650-2cbff99665a6,2026-08-29T13:00:00Z,2026-08-29T15:00:00+0200,296.955,MW,DK2,DK_2,actual_onshore_wind_generation,Wind Onshore,2026-09-03T19:17:13Z
2026-09-03T19:16:26Z,2026-09-03T21:16:26+0200,3c4e546c-63a8-4469-8650-2cbff99665a6,2026-08-29T13:15:00Z,2026-08-29T15:15:00+0200,284.632,MW,DK2,DK_2,actual_onshore_wind_generation,Wind Onshore,2026-09-03T19:17:13Z
2026-09-03T19:16:26Z,2026-09-03T21:16:26+0200,3c4e546c-63a8-4469-8650-2cbff99665a6,2026-08-29T13:30:00Z,2026-08-29T15:30:00+0200,286.762,MW,DK2,DK_2,actual_onshore_wind_generation,Wind Onshore,2026-09-03T19:17:13Z
2026-09-03T19:16:26Z,2026-09-03T21:16:26+0200,3c4e546c-63a8-4469-8650-2cbff99665a6,2026-08-29T13:45:00Z,2026-08-29T15:45:00+0200,297.311,MW,DK2,DK_2,actual_onshore_wind_generation,Wind Onshore,2026-09-03T19:17:13Z
2026-09-03T19:16:26Z,2026-09-03T21:16:26+0200,3c4e546c-63a8-4469-8650-2cbff99665a6,2026-08-29T14:00:00Z,2026-08-29T16:00:00+0200,229.994,MW,DK2,DK_2,actual_onshore_wind_generation,Wind Onshore,2026-09-03T19:17:13Z
2026-09-03T19:16:26Z,2026-09-03T21:16:26+0200,3c4e546c-63a8-4469-8650-2cbff99665a6,2026-08-29T14:15:00Z,2026-08-29T16:15:00+0200,231.304,MW,DK2,DK_2,actual_onshore_wind_generation,Wind Onshore,2026-09-03T19:17:13Z
2026-09-03T19:16:26Z,2026-09-03T21:16:26+0200,3c4e546c-63a8-4469-8650-2cbff99665a6,2026-08-29T14:30:00Z,2026-08-29T16:30:00+0200,218.23,MW,DK2,DK_2,actual_onshore_wind_generation,Wind Onshore,2026-09-03T19:17:13Z
2026-09-03T19:16:26Z,2026-09-03T21:16:26+0200,3c4e546c-63a8-4469-8650-2cbff99665a6,2026-08-29T14:45:00Z,2026-08-29T16:45:00+0200,220.918,MW,DK2,DK_2,actual_onshore_wind_generation,Wind Onshore,2026-09-03T19:17:13Z
2026-09-03T19:16:26Z,2026-09-03T21:16:26+0200,3c4e546c-63a8-4469-8650-2cbff99665a6,2026-08-29T15:00:00Z,2026-08-29T17:00:00+0200,227.52,MW,DK2,DK_2,actual_onshore_wind_generation,Wind Onshore,2026-09-03T19:17:13Z
2026-09-03T19:16:26Z,2026-09-03T21:16:26+0200,3c4e546c-63a8-4469-8650-2cbff99665a6,2026-08-29T15:15:00Z,2026-08-29T17:15:00+0200,262.722,MW,DK2,DK_2,actual_onshore_wind_generation,Wind Onshore,2026-09-03T19:17:13Z
2026-09-03T19:16:26Z,2026-09-03T21:16:26+0200,3c4e546c-63a8-4469-8650-2cbff99665a6,2026-08-29T15:30:00Z,2026-08-29T17:30:00+0200,259.697,MW,DK2,DK_2,actual_onshore_wind_generation,Wind Onshore,2026-09-03T19:17:13Z
2026-09-03T19:16:26Z,2026-09-03T21:16:26+0200,3c4e546c-63a8-4469-8650-2cbff99665a6,2026-08-29T15:45:00Z,2026-08-29T17:45:00+0200,248.113,MW,DK2,DK_2,actual_onshore_wind_generation,Wind Onshore,2026-09-03T19:17:13Z
2026-09-03T19:16:26Z,2026-09-03T21:16:26+0200,3c4e546c-63a8-4469-8650-2cbff99665a6,2026-08-29T16:00:00Z,2026-08-29T18:00:00+0200,236.445,MW,DK2,DK_2,actual_onshore_wind_generation,Wind Onshore,2026-09-03T19:17:13Z
2026-09-03T19:16:26Z,2026-09-03T21:16:26+0200,3c4e546c-63a8-4469-8650-2cbff99665a6,2026-08-29T16:15:00Z,2026-08-29T18:15:00+0200,226.801,MW,DK2,DK_2,actual_onshore_wind_generation,Wind Onshore,2026-09-03T19:17:13Z
2026-09-03T19:16:26Z,2026-09-03T21:16:26+0200,3c4e546c-63a8-4469-8650-2cbff99665a6,2026-08-29T16:30:00Z,2026-08-29T18:30:00+0200,203.021,MW,DK2,DK_2,actual_onshore_wind_generation,Wind Onshore,2026-09-03T19:17:13Z
2026-09-03T19:16:26Z,2026-09-03T21:16:26+0200,3c4e546c-63a8-4469-8650-2cbff99665a6,2026-08-29T16:45:00Z,2026-08-29T18:45:00+0200,193.172,MW,DK2,DK_2,actual_onshore_wind_generation,Wind Onshore,2026-09-03T19:17:13Z
2026-09-03T19:16:26Z,2026-09-03T21:16:26+0200,3c4e546c-63a8-4469-8650-2cbff99665a6,2026-08-29T17:00:00Z,2026-08-29T19:00:00+0200,193.705,MW,DK2,DK_2,actual_onshore_wind_generation,Wind Onshore,2026-09-03T19:17:13Z
2026-09-03T19:16:26Z,2026-09-03T21:16:26+0200,3c4e546c-63a8-4469-8650-2cbff99665a6,2026-08-29T17:15:00Z,2026-08-29T19:15:00+0200,193.803,MW,DK2,DK_2,actual_onshore_wind_generation,Wind Onshore,2026-09-03T19:17:13Z
2026-09-03T19:16:26Z,2026-09-03T21:16:26+0200,3c4e546c-63a8-4469-8650-2cbff99665a6,2026-08-29T17:30:00Z,2026-08-29T19:30:00+0200,223.965,MW,DK2,DK_2,actual_onshore_wind_generation,Wind Onshore,2026-09-03T19:17:13Z
2026-09-03T19:16:26Z,2026-09-03T21:16:26+0200,3c4e546c-63a8-4469-8650-2cbff99665a6,2026-08-29T17:45:00Z,2026-08-29T19:45:00+0200,246.889,MW,DK2,DK_2,actual_onshore_wind_generation,Wind Onshore,2026-09-03T19:17:13Z
2026-09-03T19:16:26Z,2026-09-03T21:16:26+0200,3c4e546c-63a8-4469-8650-2cbff99665a6,2026-08-29T18:00:00Z,2026-08-29T20:00:00+0200,206.1,MW,DK2,DK_2,actual_onshore_wind_generation,Wind Onshore,2026-09-03T19:17:13Z
2026-09-03T19:16:26Z,2026-09-03T21:16:26+0200,3c4e546c-63a8-4469-8650-2cbff99665a6,2026-08-29T18:15:00Z,2026-08-29T20:15:00+0200,169.934,MW,DK2,DK_2,actual_onshore_wind_generation,Wind Onshore,2026-09-03T19:17:13Z
2026-09-03T19:16:26Z,2026-09-03T21:16:26+0200,3c4e546c-63a8-4469-8650-2cbff99665a6,2026-08-29T18:30:00Z,2026-08-29T20:30:00+0200,138.051,MW,DK2,DK_2,actual_onshore_wind_generation,Wind Onshore,2026-09-03T19:17:13Z
2026-09-03T19:16:26Z,2026-09-03T21:16:26+0200,3c4e546c-63a8-4469-8650-2cbff99665a6,2026-08-29T18:45:00Z,2026-08-29T20:45:00+0200,138.967,MW,DK2,DK_2,actual_onshore_wind_generation,Wind Onshore,2026-09-03T19:17:13Z
2026-09-03T19:16:26Z,2026-09-03T21:16:26+0200,3c4e546c-63a8-4469-8650-2cbff99665a6,2026-08-29T19:00:00Z,2026-08-29T21:00:00+0200,132.931,MW,DK2,DK_2,actual_onshore_wind_generation,Wind Onshore,2026-09-03T19:17:13Z
2026-09-03T19:16:26Z,2026-09-03T21:16:26+0200,3c4e546c-63a8-4469-8650-2cbff99665a6,2026-08-29T19:15:00Z,2026-08-29T21:15:00+0200,112.932,MW,DK2,DK_2,actual_onshore_wind_generation,Wind Onshore,2026-09-03T19:17:13Z
2026-09-03T19:16:26Z,2026-09-03T21:16:26+0200,3c4e546c-63a8-4469-8650-2cbff99665a6,2026-08-29T19:30:00Z,2026-08-29T21:30:00+0200,98.7384,MW,DK2,DK_2,actual_onshore_wind_generation,Wind Onshore,2026-09-03T19:17:13Z
2026-09-03T19:16:26Z,2026-09-03T21:16:26+0200,3c4e546c-63a8-4469-8650-2cbff99665a6,2026-08-29T19:45:00Z,2026-08-29T21:45:00+0200,88.5361,MW,DK2,DK_2,actual_onshore_wind_generation,Wind Onshore,2026-09-03T19:17:13Z
2026-09-03T19:16:26Z,2026-09-03T21:16:26+0200,3c4e546c-63a8-4469-8650-2cbff99665a6,2026-08-29T20:00:00Z,2026-08-29T22:00:00+0200,81.8067,MW,DK2,DK_2,actual_onshore_wind_generation,Wind Onshore,2026-09-03T19:17:13Z
2026-09-03T19:16:26Z,2026-09-03T21:16:26+0200,3c4e546c-63a8-4469-8650-2cbff99665a6,2026-08-29T20:15:00Z,2026-08-29T22:15:00+0200,79.0611,MW,DK2,DK_2,actual_onshore_wind_generation,Wind Onshore,2026-09-03T19:17:13Z
2026-09-03T19:16:26Z,2026-09-03T21:16:26+0200,3c4e546c-63a8-4469-8650-2cbff99665a6,2026-08-29T20:30:00Z,2026-08-29T22:30:00+0200,78.0204,MW,DK2,DK_2,actual_onshore_wind_generation,Wind Onshore,2026-09-03T19:17:13Z
2026-09-03T19:16:26Z,2026-09-03T21:16:26+0200,3c4e546c-63a8-4469-8650-2cbff99665a6,2026-08-29T20:45:00Z,2026-08-29T22:45:00+0200,83.8253,MW,DK2,DK_2,actual_onshore_wind_generation,Wind Onshore,2026-09-03T19:17:13Z
2026-09-03T19:16:26Z,2026-09-03T21:16:26+0200,3c4e546c-63a8-4469-8650-2cbff99665a6,2026-08-29T21:00:00Z,2026-08-29T23:00:00+0200,85.2799,MW,DK2,DK_2,actual_onshore_wind_generation,Wind Onshore,2026-09-03T19:17:13Z
2026-09-03T19:16:26Z,2026-09-03T21:16:26+0200,3c4e546c-63a8-4469-8650-2cbff99665a6,2026-08-29T21:15:00Z,2026-08-29T23:15:00+0200,78.8787,MW,DK2,DK_2,actual_onshore_wind_generation,Wind Onshore,2026-09-03T19:17:13Z
2026-09-03T19:16:26Z,2026-09-03T21:16:26+0200,3c4e546c-63a8-4469-8650-2cbff99665a6,2026-08-29T21:30:00Z,2026-08-29T23:30:00+0200,61.5534,MW,DK2,DK_2,actual_onshore_wind_generation,Wind Onshore,2026-09-03T19:17:13Z
2026-09-03T19:16:26Z,2026-09-03T21:16:26+0200,3c4e546c-63a8-4469-8650-2cbff99665a6,2026-08-29T21:45:00Z,2026-08-29T23:45:00+0200,55.9116,MW,DK2,DK_2,actual_onshore_wind_generation,Wind Onshore,2026-09-03T19:17:13Z
2026-09-03T19:16:26Z,2026-09-03T21:16:26+0200,3c4e546c-63a8-4469-8650-2cbff99665a6,2026-08-29T22:00:00Z,2026-08-30T00:00:00+0200,61.6895,MW,DK2,DK_2,actual_onshore_wind_generation,Wind Onshore,2026-09-03T19:17:13Z
2026-09-03T19:16:26Z,2026-09-03T21:16:26+0200,3c4e546c-63a8-4469-8650-2cbff99665a6,2026-08-29T22:15:00Z,2026-08-30T00:15:00+0200,82.2058,MW,DK2,DK_2,actual_onshore_wind_generation,Wind Onshore,2026-09-03T19:17:13Z
2026-09-03T19:16:26Z,2026-09-03T21:16:26+0200,3c4e546c-63a8-4469-8650-2cbff99665a6,2026-08-29T22:30:00Z,2026-08-30T00:30:00+0200,89.192,MW,DK2,DK_2,actual_onshore_wind_generation,Wind Onshore,2026-09-03T19:17:13Z
2026-09-03T19:16:26Z,2026-09-03T21:16:26+0200,3c4e546c-63a8-4469-8650-2cbff99665a6,2026-08-29T22:45:00Z,2026-08-30T00:45:00+0200,75.251,MW,DK2,DK_2,actual_onshore_wind_generation,Wind Onshore,2026-09-03T19:17:13Z
2026-09-03T19:16:26Z,2026-09-03T21:16:26+0200,3c4e546c-63a8-4469-8650-2cbff99665a6,2026-08-29T23:00:00Z,2026-08-30T01:00:00+0200,61.8847,MW,DK2,DK_2,actual_onshore_wind_generation,Wind Onshore,2026-09-03T19:17:13Z
2026-09-03T19:16:26Z,2026-09-03T21:16:26+0200,3c4e546c-63a8-4469-8650-2cbff99665a6,2026-08-29T23:15:00Z,2026-08-30T01:15:00+0200,59.0676,MW,DK2,DK_2,actual_onshore_wind_generation,Wind Onshore,2026-09-03T19:17:13Z
2026-09-03T19:16:26Z,2026-09-03T21:16:26+0200,3c4e546c-63a8-4469-8650-2cbff99665a6,2026-08-29T23:30:00Z,2026-08-30T01:30:00+0200,58.1964,MW,DK2,DK_2,actual_onshore_wind_generation,Wind Onshore,2026-09-03T19:17:13Z
2026-09-03T19:16:26Z,2026-09-03T21:16:26+0200,3c4e546c-63a8-4469-8650-2cbff99665a6,2026-08-29T23:45:00Z,2026-08-30T01:45:00+0200,51.8092,MW,DK2,DK_2,actual_onshore_wind_generation,Wind Onshore,2026-09-03T19:17:13Z
2026-09-03T19:16:26Z,2026-09-03T21:16:26+0200,3c4e546c-63a8-4469-8650-2cbff99665a6,2026-08-30T00:00:00Z,2026-08-30T02:00:00+0200,50.0854,MW,DK2,DK_2,actual_onshore_wind_generation,Wind Onshore,2026-09-03T19:17:13Z
2026-09-03T19:16:26Z,2026-09-03T21:16:26+0200,3c4e546c-63a8-4469-8650-2cbff99665a6,2026-08-30T00:15:00Z,2026-08-30T02:15:00+0200,67.759,MW,DK2,DK_2,actual_onshore_wind_generation,Wind Onshore,2026-09-03T19:17:13Z
2026-09-03T19:16:26Z,2026-09-03T21:16:26+0200,3c4e546c-63a8-4469-8650-2cbff99665a6,2026-08-30T00:30:00Z,2026-08-30T02:30:00+0200,69.1949,MW,DK2,DK_2,actual_onshore_wind_generation,Wind Onshore,2026-09-03T19:17:13Z
2026-09-03T19:16:26Z,2026-09-03T21:16:26+0200,3c4e546c-63a8-4469-8650-2cbff99665a6,2026-08-30T00:45:00Z,2026-08-30T02:45:00+0200,75.0142,MW,DK2,DK_2,actual_onshore_wind_generation,Wind Onshore,2026-09-03T19:17:13Z
2026-09-03T19:16:26Z,2026-09-03T21:16:26+0200,3c4e546c-63a8-4469-8650-2cbff99665a6,2026-08-30T01:00:00Z,2026-08-30T03:00:00+0200,69.977,MW,DK2,DK_2,actual_onshore_wind_generation,Wind Onshore,2026-09-03T19:17:13Z
2026-09-03T19:16:26Z,2026-09-03T21:16:26+0200,3c4e546c-63a8-4469-8650-2cbff99665a6,2026-08-30T01:15:00Z,2026-08-30T03:15:00+0200,70.1494,MW,DK2,DK_2,actual_onshore_wind_generation,Wind Onshore,2026-09-03T19:17:13Z
2026-09-03T19:16:26Z,2026-09-03T21:16:26+0200,3c4e546c-63a8-4469-8650-2cbff99665a6,2026-08-30T01:30:00Z,2026-08-30T03:30:00+0200,82.3296,MW,DK2,DK_2,actual_onshore_wind_generation,Wind Onshore,2026-09-03T19:17:13Z
2026-09-03T19:16:26Z,2026-09-03T21:16:26+0200,3c4e546c-63a8-4469-8650-2cbff99665a6,2026-08-30T01:45:00Z,2026-08-30T03:45:00+0200,102.987,MW,DK2,DK_2,actual_onshore_wind_generation,Wind Onshore,2026-09-03T19:17:13Z
2026-09-03T19:16:26Z,2026-09-03T21:16:26+0200,3c4e546c-63a8-4469-8650-2cbff99665a6,2026-08-30T02:00:00Z,2026-08-30T04:00:00+0200,110.521,MW,DK2,DK_2,actual_onshore_wind_generation,Wind Onshore,2026-09-03T19:17:13Z
2026-09-03T19:16:26Z,2026-09-03T21:16:26+0200,3c4e546c-63a8-4469-8650-2cbff99665a6,2026-08-30T02:15:00Z,2026-08-30T04:15:00+0200,117.442,MW,DK2,DK_2,actual_onshore_wind_generation,Wind Onshore,2026-09-03T19:17:13Z
2026-09-03T19:16:26Z,2026-09-03T21:16:26+0200,3c4e546c-63a8-4469-8650-2cbff99665a6,2026-08-30T02:30:00Z,2026-08-30T04:30:00+0200,146.747,MW,DK2,DK_2,actual_onshore_wind_generation,Wind Onshore,2026-09-03T19:17:13Z
2026-09-03T19:16:26Z,2026-09-03T21:16:26+0200,3c4e546c-63a8-4469-8650-2cbff99665a6,2026-08-30T02:45:00Z,2026-08-30T04:45:00+0200,157.891,MW,DK2,DK_2,actual_onshore_wind_generation,Wind Onshore,2026-09-03T19:17:13Z
2026-09-03T19:16:26Z,2026-09-03T21:16:26+0200,3c4e546c-63a8-4469-8650-2cbff99665a6,2026-08-30T03:00:00Z,2026-08-30T05:00:00+0200,152.962,MW,DK2,DK_2,actual_onshore_wind_generation,Wind Onshore,2026-09-03T19:17:13Z
2026-09-03T19:16:26Z,2026-09-03T21:16:26+0200,3c4e546c-63a8-4469-8650-2cbff99665a6,2026-08-30T03:15:00Z,2026-08-30T05:15:00+0200,163.231,MW,DK2,DK_2,actual_onshore_wind_generation,Wind Onshore,2026-09-03T19:17:13Z
2026-09-03T19:16:26Z,2026-09-03T21:16:26+0200,3c4e546c-63a8-4469-8650-2cbff99665a6,2026-08-30T03:30:00Z,2026-08-30T05:30:00+0200,176.116,MW,DK2,DK_2,actual_onshore_wind_generation,Wind Onshore,2026-09-03T19:17:13Z
2026-09-03T19:16:26Z,2026-09-03T21:16:26+0200,3c4e546c-63a8-4469-8650-2cbff99665a6,2026-08-30T03:45:00Z,2026-08-30T05:45:00+0200,188.282,MW,DK2,DK_2,actual_onshore_wind_generation,Wind Onshore,2026-09-03T19:17:13Z
2026-09-03T19:16:26Z,2026-09-03T21:16:26+0200,3c4e546c-63a8-4469-8650-2cbff99665a6,2026-08-30T04:00:00Z,2026-08-30T06:00:00+0200,155.636,MW,DK2,DK_2,actual_onshore_wind_generation,Wind Onshore,2026-09-03T19:17:13Z
2026-09-03T19:16:26Z,2026-09-03T21:16:26+0200,3c4e546c-63a8-4469-8650-2cbff99665a6,2026-08-30T04:15:00Z,2026-08-30T06:15:00+0200,158.393,MW,DK2,DK_2,actual_onshore_wind_generation,Wind Onshore,2026-09-03T19:17:13Z
2026-09-03T19:16:26Z,2026-09-03T21:16:26+0200,3c4e546c-63a8-4469-8650-2cbff99665a6,2026-08-30T04:30:00Z,2026-08-30T06:30:00+0200,211.315,MW,DK2,DK_2,actual_onshore_wind_generation,Wind Onshore,2026-09-03T19:17:13Z
2026-09-03T19:16:26Z,2026-09-03T21:16:26+0200,3c4e546c-63a8-4469-8650-2cbff99665a6,2026-08-30T04:45:00Z,2026-08-30T06:45:00+0200,221.0,MW,DK2,DK_2,actual_onshore_wind_generation,Wind Onshore,2026-09-03T19:17:13Z
2026-09-03T19:16:26Z,2026-09-03T21:16:26+0200,3c4e546c-63a8-4469-8650-2cbff99665a6,2026-08-30T05:00:00Z,2026-08-30T07:00:00+0200,228.19,MW,DK2,DK_2,actual_onshore_wind_generation,Wind Onshore,2026-09-03T19:17:13Z
2026-09-03T19:16:26Z,2026-09-03T21:16:26+0200,3c4e546c-63a8-4469-8650-2cbff99665a6,2026-08-30T05:15:00Z,2026-08-30T07:15:00+0200,264.936,MW,DK2,DK_2,actual_onshore_wind_generation,Wind Onshore,2026-09-03T19:17:13Z
2026-09-03T19:16:26Z,2026-09-03T21:16:26+0200,3c4e546c-63a8-4469-8650-2cbff99665a6,2026-08-30T05:30:00Z,2026-08-30T07:30:00+0200,272.587,MW,DK2,DK_2,actual_onshore_wind_generation,Wind Onshore,2026-09-03T19:17:13Z
2026-09-03T19:16:26Z,2026-09-03T21:16:26+0200,3c4e546c-63a8-4469-8650-2cbff99665a6,2026-08-30T05:45:00Z,2026-08-30T07:45:00+0200,283.058,MW,DK2,DK_2,actual_onshore_wind_generation,Wind Onshore,2026-09-03T19:17:13Z
2026-09-03T19:16:26Z,2026-09-03T21:16:26+0200,3c4e546c-63a8-4469-8650-2cbff99665a6,2026-08-30T06:00:00Z,2026-08-30T08:00:00+0200,285.91,MW,DK2,DK_2,actual_onshore_wind_generation,Wind Onshore,2026-09-03T19:17:13Z
2026-09-03T19:16:26Z,2026-09-03T21:16:26+0200,3c4e546c-63a8-4469-8650-2cbff99665a6,2026-08-30T06:15:00Z,2026-08-30T08:15:00+0200,265.525,MW,DK2,DK_2,actual_onshore_wind_generation,Wind Onshore,2026-09-03T19:17:13Z
2026-09-03T19:16:26Z,2026-09-03T21:16:26+0200,3c4e546c-63a8-4469-8650-2cbff99665a6,2026-08-30T06:30:00Z,2026-08-30T08:30:00+0200,267.934,MW,DK2,DK_2,actual_onshore_wind_generation,Wind Onshore,2026-09-03T19:17:13Z
2026-09-03T19:16:26Z,2026-09-03T21:16:26+0200,3c4e546c-63a8-4469-8650-2cbff99665a6,2026-08-30T06:45:00Z,2026-08-30T08:45:00+0200,282.627,MW,DK2,DK_2,actual_onshore_wind_generation,Wind Onshore,2026-09-03T19:17:13Z
2026-09-03T19:16:26Z,2026-09-03T21:16:26+0200,3c4e546c-63a8-4469-8650-2cbff99665a6,2026-08-30T07:00:00Z,2026-08-30T09:00:00+0200,310.096,MW,DK2,DK_2,actual_onshore_wind_generation,Wind Onshore,2026-09-03T19:17:13Z
2026-09-03T19:16:26Z,2026-09-03T21:16:26+0200,3c4e546c-63a8-4469-8650-2cbff99665a6,2026-08-30T07:15:00Z,2026-08-30T09:15:00+0200,324.95,MW,DK2,DK_2,actual_onshore_wind_generation,Wind Onshore,2026-09-03T19:17:13Z
2026-09-03T19:16:26Z,2026-09-03T21:16:26+0200,3c4e546c-63a8-4469-8650-2cbff99665a6,2026-08-30T07:30:00Z,2026-08-30T09:30:00+0200,337.944,MW,DK2,DK_2,actual_onshore_wind_generation,Wind Onshore,2026-09-03T19:17:13Z
2026-09-03T19:16:26Z,2026-09-03T21:16:26+0200,3c4e546c-63a8-4469-8650-2cbff99665a6,2026-08-30T07:45:00Z,2026-08-30T09:45:00+0200,343.981,MW,DK2,DK_2,actual_onshore_wind_generation,Wind Onshore,2026-09-03T19:17:13Z
2026-09-03T19:16:26Z,2026-09-03T21:16:26+0200,3c4e546c-63a8-4469-8650-2cbff99665a6,2026-08-30T08:00:00Z,2026-08-30T10:00:00+0200,349.448,MW,DK2,DK_2,actual_onshore_wind_generation,Wind Onshore,2026-09-03T19:17:13Z
2026-09-03T19:16:26Z,2026-09-03T21:16:26+0200,3c4e546c-63a8-4469-8650-2cbff99665a6,2026-08-30T08:15:00Z,2026-08-30T10:15:00+0200,367.532,MW,DK2,DK_2,actual_onshore_wind_generation,Wind Onshore,2026-09-03T19:17:13Z
2026-09-03T19:16:26Z,2026-09-03T21:16:26+0200,3c4e546c-63a8-4469-8650-2cbff99665a6,2026-08-30T08:30:00Z,2026-08-30T10:30:00+0200,373.154,MW,DK2,DK_2,actual_onshore_wind_generation,Wind Onshore,2026-09-03T19:17:13Z
2026-09-03T19:16:26Z,2026-09-03T21:16:26+0200,3c4e546c-63a8-4469-8650-2cbff99665a6,2026-08-30T08:45:00Z,2026-08-30T10:45:00+0200,370.154,MW,DK2,DK_2,actual_onshore_wind_generation,Wind Onshore,2026-09-03T19:17:13Z
2026-09-03T19:16:26Z,2026-09-03T21:16:26+0200,3c4e546c-63a8-4469-8650-2cbff99665a6,2026-08-30T09:00:00Z,2026-08-30T11:00:00+0200,385.392,MW,DK2,DK_2,actual_onshore_wind_generation,Wind Onshore,2026-09-03T19:17:13Z
2026-09-03T19:16:26Z,2026-09-03T21:16:26+0200,3c4e546c-63a8-4469-8650-2cbff99665a6,2026-08-30T09:15:00Z,2026-08-30T11:15:00+0200,396.845,MW,DK2,DK_2,actual_onshore_wind_generation,Wind Onshore,2026-09-03T19:17:13Z
2026-09-03T19:16:26Z,2026-09-03T21:16:26+0200,3c4e546c-63a8-4469-8650-2cbff99665a6,2026-08-30T09:30:00Z,2026-08-30T11:30:00+0200,398.147,MW,DK2,DK_2,actual_onshore_wind_generation,Wind Onshore,2026-09-03T19:17:13Z
2026-09-03T19:16:26Z,2026-09-03T21:16:26+0200,3c4e546c-63a8-4469-8650-2cbff99665a6,2026-08-30T09:45:00Z,2026-08-30T11:45:00+0200,405.095,MW,DK2,DK_2,actual_onshore_wind_generation,Wind Onshore,2026-09-03T19:17:13Z
2026-09-03T19:16:26Z,2026-09-03T21:16:26+0200,3c4e546c-63a8-4469-8650-2cbff99665a6,2026-08-30T10:00:00Z,2026-08-30T12:00:00+0200,405.492,MW,DK2,DK_2,actual_onshore_wind_generation,Wind Onshore,2026-09-03T19:17:13Z
2026-09-03T19:16:26Z,2026-09-03T21:16:26+0200,3c4e546c-63a8-4469-8650-2cbff99665a6,2026-08-30T10:15:00Z,2026-08-30T12:15:00+0200,408.39,MW,DK2,DK_2,actual_onshore_wind_generation,Wind Onshore,2026-09-03T19:17:13Z
2026-09-03T19:16:26Z,2026-09-03T21:16:26+0200,3c4e546c-63a8-4469-8650-2cbff99665a6,2026-08-30T10:30:00Z,2026-08-30T12:30:00+0200,422.979,MW,DK2,DK_2,actual_onshore_wind_generation,Wind Onshore,2026-09-03T19:17:13Z
2026-09-03T19:16:26Z,2026-09-03T21:16:26+0200,3c4e546c-63a8-4469-8650-2cbff99665a6,2026-08-30T10:45:00Z,2026-08-30T12:45:00+0200,432.207,MW,DK2,DK_2,actual_onshore_wind_generation,Wind Onshore,2026-09-03T19:17:13Z
2026-09-03T19:16:26Z,2026-09-03T21:16:26+0200,3c4e546c-63a8-4469-8650-2cbff99665a6,2026-08-30T11:00:00Z,2026-08-30T13:00:00+0200,417.024,MW,DK2,DK_2,actual_onshore_wind_generation,Wind Onshore,2026-09-03T19:17:13Z
2026-09-03T19:16:26Z,2026-09-03T21:16:26+0200,3c4e546c-63a8-4469-8650-2cbff99665a6,2026-08-30T11:15:00Z,2026-08-30T13:15:00+0200,392.762,MW,DK2,DK_2,actual_onshore_wind_generation,Wind Onshore,2026-09-03T19:17:13Z
2026-09-03T19:16:26Z,2026-09-03T21:16:26+0200,3c4e546c-63a8-4469-8650-2cbff99665a6,2026-08-30T11:30:00Z,2026-08-30T13:30:00+0200,353.013,MW,DK2,DK_2,actual_onshore_wind_generation,Wind Onshore,2026-09-03T19:17:13Z
2026-09-03T19:16:26Z,2026-09-03T21:16:26+0200,3c4e546c-63a8-4469-8650-2cbff99665a6,2026-08-30T11:45:00Z,2026-08-30T13:45:00+0200,356.216,MW,DK2,DK_2,actual_onshore_wind_generation,Wind Onshore,2026-09-03T19:17:13Z
2026-09-03T19:16:26Z,2026-09-03T21:16:26+0200,3c4e546c-63a8-4469-8650-2cbff99665a6,2026-08-30T12:00:00Z,2026-08-30T14:00:00+0200,367.995,MW,DK2,DK_2,actual_onshore_wind_generation,Wind Onshore,2026-09-03T19:17:13Z
2026-09-03T19:16:26Z,2026-09-03T21:16:26+0200,3c4e546c-63a8-4469-8650-2cbff99665a6,2026-08-30T12:15:00Z,2026-08-30T14:15:00+0200,365.588,MW,DK2,DK_2,actual_onshore_wind_generation,Wind Onshore,2026-09-03T19:17:13Z
2026-09-03T19:16:26Z,2026-09-03T21:16:26+0200,3c4e546c-63a8-4469-8650-2cbff99665a6,2026-08-30T12:30:00Z,2026-08-30T14:30:00+0200,377.42,MW,DK2,DK_2,actual_onshore_wind_generation,Wind Onshore,2026-09-03T19:17:13Z
2026-09-03T19:16:26Z,2026-09-03T21:16:26+0200,3c4e546c-63a8-4469-8650-2cbff99665a6,2026-08-30T12:45:00Z,2026-08-30T14:45:00+0200,373.294,MW,DK2,DK_2,actual_onshore_wind_generation,Wind Onshore,2026-09-03T19:17:13Z
2026-09-03T19:16:26Z,2026-09-03T21:16:26+0200,3c4e546c-63a8-4469-8650-2cbff99665a6,2026-08-30T13:00:00Z,2026-08-30T15:00:00+0200,343.424,MW,DK2,DK_2,actual_onshore_wind_generation,Wind Onshore,2026-09-03T19:17:13Z
2026-09-03T19:16:26Z,2026-09-03T21:16:26+0200,3c4e546c-63a8-4469-8650-2cbff99665a6,2026-08-30T13:15:00Z,2026-08-30T15:15:00+0200,338.37,MW,DK2,DK_2,actual_onshore_wind_generation,Wind Onshore,2026-09-03T19:17:13Z
2026-09-03T19:16:26Z,2026-09-03T21:16:26+0200,3c4e546c-63a8-4469-8650-2cbff99665a6,2026-08-30T13:30:00Z,2026-08-30T15:30:00+0200,308.761,MW,DK2,DK_2,actual_onshore_wind_generation,Wind Onshore,2026-09-03T19:17:13Z
2026-09-03T19:16:26Z,2026-09-03T21:16:26+0200,3c4e546c-63a8-4469-8650-2cbff99665a6,2026-08-30T13:45:00Z,2026-08-30T15:45:00+0200,335.051,MW,DK2,DK_2,actual_onshore_wind_generation,Wind Onshore,2026-09-03T19:17:13Z
2026-09-03T19:16:26Z,2026-09-03T21:16:26+0200,3c4e546c-63a8-4469-8650-2cbff99665a6,2026-08-30T14:00:00Z,2026-08-30T16:00:00+0200,312.532,MW,DK2,DK_2,actual_onshore_wind_generation,Wind Onshore,2026-09-03T19:17:13Z
2026-09-03T19:16:26Z,2026-09-03T21:16:26+0200,3c4e546c-63a8-4469-8650-2cbff99665a6,2026-08-30T14:15:00Z,2026-08-30T16:15:00+0200,316.656,MW,DK2,DK_2,actual_onshore_wind_generation,Wind Onshore,2026-09-03T19:17:13Z
2026-09-03T19:16:26Z,2026-09-03T21:16:26+0200,3c4e546c-63a8-4469-8650-2cbff99665a6,2026-08-30T14:30:00Z,2026-08-30T16:30:00+0200,323.492,MW,DK2,DK_2,actual_onshore_wind_generation,Wind Onshore,2026-09-03T19:17:13Z
2026-09-03T19:16:26Z,2026-09-03T21:16:26+0200,3c4e546c-63a8-4469-8650-2cbff99665a6,2026-08-30T14:45:00Z,2026-08-30T16:45:00+0200,346.9,MW,DK2,DK_2,actual_onshore_wind_generation,Wind Onshore,2026-09-03T19:17:13Z
2026-09-03T19:16:26Z,2026-09-03T21:16:26+0200,3c4e546c-63a8-4469-8650-2cbff99665a6,2026-08-30T15:00:00Z,2026-08-30T17:00:00+0200,390.34,MW,DK2,DK_2,actual_onshore_wind_generation,Wind Onshore,2026-09-03T19:17:13Z
2026-09-03T19:16:26Z,2026-09-03T21:16:26+0200,3c4e546c-63a8-4469-8650-2cbff99665a6,2026-08-30T15:15:00Z,2026-08-30T17:15:00+0200,394.25,MW,DK2,DK_2,actual_onshore_wind_generation,Wind Onshore,2026-09-03T19:17:13Z
2026-09-03T19:16:26Z,2026-09-03T21:16:26+0200,3c4e546c-63a8-4469-8650-2cbff99665a6,2026-08-30T15:30:00Z,2026-08-30T17:30:00+0200,375.596,MW,DK2,DK_2,actual_onshore_wind_generation,Wind Onshore,2026-09-03T19:17:13Z
2026-09-03T19:16:26Z,2026-09-03T21:16:26+0200,3c4e546c-63a8-4469-8650-2cbff99665a6,2026-08-30T15:45:00Z,2026-08-30T17:45:00+0200,368.258,MW,DK2,DK_2,actual_onshore_wind_generation,Wind Onshore,2026-09-03T19:17:13Z
2026-09-03T19:16:26Z,2026-09-03T21:16:26+0200,3c4e546c-63a8-4469-8650-2cbff99665a6,2026-08-30T16:00:00Z,2026-08-30T18:00:00+0200,337.042,MW,DK2,DK_2,actual_onshore_wind_generation,Wind Onshore,2026-09-03T19:17:13Z
2026-09-03T19:16:26Z,2026-09-03T21:16:26+0200,3c4e546c-63a8-4469-8650-2cbff99665a6,2026-08-30T16:15:00Z,2026-08-30T18:15:00+0200,321.2,MW,DK2,DK_2,actual_onshore_wind_generation,Wind Onshore,2026-09-03T19:17:13Z
2026-09-03T19:16:26Z,2026-09-03T21:16:26+0200,3c4e546c-63a8-4469-8650-2cbff99665a6,2026-08-30T16:30:00Z,2026-08-30T18:30:00+0200,308.337,MW,DK2,DK_2,actual_onshore_wind_generation,Wind Onshore,2026-09-03T19:17:13Z
2026-09-03T19:16:26Z,2026-09-03T21:16:26+0200,3c4e546c-63a8-4469-8650-2cbff99665a6,2026-08-30T16:45:00Z,2026-08-30T18:45:00+0200,271.779,MW,DK2,DK_2,actual_onshore_wind_generation,Wind Onshore,2026-09-03T19:17:13Z
2026-09-03T19:16:26Z,2026-09-03T21:16:26+0200,3c4e546c-63a8-4469-8650-2cbff99665a6,2026-08-30T17:00:00Z,2026-08-30T19:00:00+0200,258.57,MW,DK2,DK_2,actual_onshore_wind_generation,Wind Onshore,2026-09-03T19:17:13Z
2026-09-03T19:16:26Z,2026-09-03T21:16:26+0200,3c4e546c-63a8-4469-8650-2cbff99665a6,2026-08-30T17:15:00Z,2026-08-30T19:15:00+0200,241.285,MW,DK2,DK_2,actual_onshore_wind_generation,Wind Onshore,2026-09-03T19:17:13Z
2026-09-03T19:16:26Z,2026-09-03T21:16:26+0200,3c4e546c-63a8-4469-8650-2cbff99665a6,2026-08-30T17:30:00Z,2026-08-30T19:30:00+0200,232.232,MW,DK2,DK_2,actual_onshore_wind_generation,Wind Onshore,2026-09-03T19:17:13Z
2026-09-03T19:16:26Z,2026-09-03T21:16:26+0200,3c4e546c-63a8-4469-8650-2cbff99665a6,2026-08-30T17:45:00Z,2026-08-30T19:45:00+0200,213.754,MW,DK2,DK_2,actual_onshore_wind_generation,Wind Onshore,2026-09-03T19:17:13Z
2026-09-03T19:16:26Z,2026-09-03T21:16:26+0200,3c4e546c-63a8-4469-8650-2cbff99665a6,2026-08-30T18:00:00Z,2026-08-30T20:00:00+0200,208.919,MW,DK2,DK_2,actual_onshore_wind_generation,Wind Onshore,2026-09-03T19:17:13Z
2026-09-03T19:16:26Z,2026-09-03T21:16:26+0200,3c4e546c-63a8-4469-8650-2cbff99665a6,2026-08-30T18:15:00Z,2026-08-30T20:15:00+0200,202.658,MW,DK2,DK_2,actual_onshore_wind_generation,Wind Onshore,2026-09-03T19:17:13Z
2026-09-03T19:16:26Z,2026-09-03T21:16:26+0200,3c4e546c-63a8-4469-8650-2cbff99665a6,2026-08-30T18:30:00Z,2026-08-30T20:30:00+0200,186.832,MW,DK2,DK_2,actual_onshore_wind_generation,Wind Onshore,2026-09-03T19:17:13Z
2026-09-03T19:16:26Z,2026-09-03T21:16:26+0200,3c4e546c-63a8-4469-8650-2cbff99665a6,2026-08-30T18:45:00Z,2026-08-30T20:45:00+0200,161.067,MW,DK2,DK_2,actual_onshore_wind_generation,Wind Onshore,2026-09-03T19:17:13Z
2026-09-03T19:16:26Z,2026-09-03T21:16:26+0200,3c4e546c-63a8-4469-8650-2cbff99665a6,2026-08-30T19:00:00Z,2026-08-30T21:00:00+0200,143.965,MW,DK2,DK_2,actual_onshore_wind_generation,Wind Onshore,2026-09-03T19:17:13Z
2026-09-03T19:16:26Z,2026-09-03T21:16:26+0200,3c4e546c-63a8-4469-8650-2cbff99665a6,2026-08-30T19:15:00Z,2026-08-30T21:15:00+0200,120.358,MW,DK2,DK_2,actual_onshore_wind_generation,Wind Onshore,2026-09-03T19:17:13Z
2026-09-03T19:16:26Z,2026-09-03T21:16:26+0200,3c4e546c-63a8-4469-8650-2cbff99665a6,2026-08-30T19:30:00Z,2026-08-30T21:30:00+0200,110.196,MW,DK2,DK_2,actual_onshore_wind_generation,Wind Onshore,2026-09-03T19:17:13Z
2026-09-03T19:16:26Z,2026-09-03T21:16:26+0200,3c4e546c-63a8-4469-8650-2cbff99665a6,2026-08-30T19:45:00Z,2026-08-30T21:45:00+0200,105.125,MW,DK2,DK_2,actual_onshore_wind_generation,Wind Onshore,2026-09-03T19:17:13Z
2026-09-03T19:16:26Z,2026-09-03T21:16:26+0200,3c4e546c-63a8-4469-8650-2cbff99665a6,2026-08-30T20:00:00Z,2026-08-30T22:00:00+0200,101.985,MW,DK2,DK_2,actual_onshore_wind_generation,Wind Onshore,2026-09-03T19:17:13Z
2026-09-03T19:16:26Z,2026-09-03T21:16:26+0200,3c4e546c-63a8-4469-8650-2cbff99665a6,2026-08-30T20:15:00Z,2026-08-30T22:15:00+0200,106.057,MW,DK2,DK_2,actual_onshore_wind_generation,Wind Onshore,2026-09-03T19:17:13Z
2026-09-03T19:16:26Z,2026-09-03T21:16:26+0200,3c4e546c-63a8-4469-8650-2cbff99665a6,2026-08-30T20:30:00Z,2026-08-30T22:30:00+0200,94.9182,MW,DK2,DK_2,actual_onshore_wind_generation,Wind Onshore,2026-09-03T19:17:13Z
2026-09-03T19:16:26Z,2026-09-03T21:16:26+0200,3c4e546c-63a8-4469-8650-2cbff99665a6,2026-08-30T20:45:00Z,2026-08-30T22:45:00+0200,84.9606,MW,DK2,DK_2,actual_onshore_wind_generation,Wind Onshore,2026-09-03T19:17:13Z
2026-09-03T19:16:26Z,2026-09-03T21:16:26+0200,3c4e546c-63a8-4469-8650-2cbff99665a6,2026-08-30T21:00:00Z,2026-08-30T23:00:00+0200,76.3518,MW,DK2,DK_2,actual_onshore_wind_generation,Wind Onshore,2026-09-03T19:17:13Z
2026-09-03T19:16:26Z,2026-09-03T21:16:26+0200,3c4e546c-63a8-4469-8650-2cbff99665a6,2026-08-30T21:15:00Z,2026-08-30T23:15:00+0200,68.4767,MW,DK2,DK_2,actual_onshore_wind_generation,Wind Onshore,2026-09-03T19:17:13Z
2026-09-03T19:16:26Z,2026-09-03T21:16:26+0200,3c4e546c-63a8-4469-8650-2cbff99665a6,2026-08-30T21:30:00Z,2026-08-30T23:30:00+0200,65.4961,MW,DK2,DK_2,actual_onshore_wind_generation,Wind Onshore,2026-09-03T19:17:13Z
2026-09-03T19:16:26Z,2026-09-03T21:16:26+0200,3c4e546c-63a8-4469-8650-2cbff99665a6,2026-08-30T21:45:00Z,2026-08-30T23:45:00+0200,65.6217,MW,DK2,DK_2,actual_onshore_wind_generation,Wind Onshore,2026-09-03T19:17:13Z
2026-09-03T19:16:26Z,2026-09-03T21:16:26+0200,3c4e546c-63a8-4469-8650-2cbff99665a6,2026-08-30T22:00:00Z,2026-08-31T00:00:00+0200,59.5493,MW,DK2,DK_2,actual_onshore_wind_generation,Wind Onshore,2026-09-03T19:17:13Z
2026-09-03T19:16:26Z,2026-09-03T21:16:26+0200,3c4e546c-63a8-4469-8650-2cbff99665a6,2026-08-30T22:15:00Z,2026-08-31T00:15:00+0200,54.2073,MW,DK2,DK_2,actual_onshore_wind_generation,Wind Onshore,2026-09-03T19:17:13Z
2026-09-03T19:16:26Z,2026-09-03T21:16:26+0200,3c4e546c-63a8-4469-8650-2cbff99665a6,2026-08-30T22:30:00Z,2026-08-31T00:30:00+0200,54.5392,MW,DK2,DK_2,actual_onshore_wind_generation,Wind Onshore,2026-09-03T19:17:13Z
2026-09-03T19:16:26Z,2026-09-03T21:16:26+0200,3c4e546c-63a8-4469-8650-2cbff99665a6,2026-08-30T22:45:00Z,2026-08-31T00:45:00+0200,56.9208,MW,DK2,DK_2,actual_onshore_wind_generation,Wind Onshore,2026-09-03T19:17:13Z
2026-09-03T19:16:26Z,2026-09-03T21:16:26+0200,3c4e546c-63a8-4469-8650-2cbff99665a6,2026-08-30T23:00:00Z,2026-08-31T01:00:00+0200,54.7465,MW,DK2,DK_2,actual_onshore_wind_generation,Wind Onshore,2026-09-03T19:17:13Z
2026-09-03T19:16:26Z,2026-09-03T21:16:26+0200,3c4e546c-63a8-4469-8650-2cbff99665a6,2026-08-30T23:15:00Z,2026-08-31T01:15:00+0200,55.3899,MW,DK2,DK_2,actual_onshore_wind_generation,Wind Onshore,2026-09-03T19:17:13Z
2026-09-03T19:16:26Z,2026-09-03T21:16:26+0200,3c4e546c-63a8-4469-8650-2cbff99665a6,2026-08-30T23:30:00Z,2026-08-31T01:30:00+0200,55.3975,MW,DK2,DK_2,actual_onshore_wind_generation,Wind Onshore,2026-09-03T19:17:13Z
2026-09-03T19:16:26Z,2026-09-03T21:16:26+0200,3c4e546c-63a8-4469-8650-2cbff99665a6,2026-08-30T23:45:00Z,2026-08-31T01:45:00+0200,47.4174,MW,DK2,DK_2,actual_onshore_wind_generation,Wind Onshore,2026-09-03T19:17:13Z
2026-09-03T19:16:26Z,2026-09-03T21:16:26+0200,3c4e546c-63a8-4469-8650-2cbff99665a6,2026-08-31T00:00:00Z,2026-08-31T02:00:00+0200,45.0755,MW,DK2,DK_2,actual_onshore_wind_generation,Wind Onshore,2026-09-03T19:17:13Z
2026-09-03T19:16:26Z,2026-09-03T21:16:26+0200,3c4e546c-63a8-4469-8650-2cbff99665a6,2026-08-31T00:15:00Z,2026-08-31T02:15:00+0200,50.719,MW,DK2,DK_2,actual_onshore_wind_generation,Wind Onshore,2026-09-03T19:17:13Z
2026-09-03T19:16:26Z,2026-09-03T21:16:26+0200,3c4e546c-63a8-4469-8650-2cbff99665a6,2026-08-31T00:30:00Z,2026-08-31T02:30:00+0200,49.8723,MW,DK2,DK_2,actual_onshore_wind_generation,Wind Onshore,2026-09-03T19:17:13Z
2026-09-03T19:16:26Z,2026-09-03T21:16:26+0200,3c4e546c-63a8-4469-8650-2cbff99665a6,2026-08-31T00:45:00Z,2026-08-31T02:45:00+0200,47.4493,MW,DK2,DK_2,actual_onshore_wind_generation,Wind Onshore,2026-09-03T19:17:13Z
2026-09-03T19:16:26Z,2026-09-03T21:16:26+0200,3c4e546c-63a8-4469-8650-2cbff99665a6,2026-08-31T01:00:00Z,2026-08-31T03:00:00+0200,44.8587,MW,DK2,DK_2,actual_onshore_wind_generation,Wind Onshore,2026-09-03T19:17:13Z
2026-09-03T19:16:26Z,2026-09-03T21:16:26+0200,3c4e546c-63a8-4469-8650-2cbff99665a6,2026-08-31T01:15:00Z,2026-08-31T03:15:00+0200,35.6395,MW,DK2,DK_2,actual_onshore_wind_generation,Wind Onshore,2026-09-03T19:17:13Z
2026-09-03T19:16:26Z,2026-09-03T21:16:26+0200,3c4e546c-63a8-4469-8650-2cbff99665a6,2026-08-31T01:30:00Z,2026-08-31T03:30:00+0200,33.9394,MW,DK2,DK_2,actual_onshore_wind_generation,Wind Onshore,2026-09-03T19:17:13Z
2026-09-03T19:16:26Z,2026-09-03T21:16:26+0200,3c4e546c-63a8-4469-8650-2cbff99665a6,2026-08-31T01:45:00Z,2026-08-31T03:45:00+0200,33.7198,MW,DK2,DK_2,actual_onshore_wind_generation,Wind Onshore,2026-09-03T19:17:13Z
2026-09-03T19:16:26Z,2026-09-03T21:16:26+0200,3c4e546c-63a8-4469-8650-2cbff99665a6,2026-08-31T02:00:00Z,2026-08-31T04:00:00+0200,33.2191,MW,DK2,DK_2,actual_onshore_wind_generation,Wind Onshore,2026-09-03T19:17:13Z
2026-09-03T19:16:26Z,2026-09-03T21:16:26+0200,3c4e546c-63a8-4469-8650-2cbff99665a6,2026-08-31T02:15:00Z,2026-08-31T04:15:00+0200,29.9151,MW,DK2,DK_2,actual_onshore_wind_generation,Wind Onshore,2026-09-03T19:17:13Z
2026-09-03T19:16:26Z,2026-09-03T21:16:26+0200,3c4e546c-63a8-4469-8650-2cbff99665a6,2026-08-31T02:30:00Z,2026-08-31T04:30:00+0200,35.4822,MW,DK2,DK_2,actual_onshore_wind_generation,Wind Onshore,2026-09-03T19:17:13Z
2026-09-03T19:16:26Z,2026-09-03T21:16:26+0200,3c4e546c-63a8-4469-8650-2cbff99665a6,2026-08-31T02:45:00Z,2026-08-31T04:45:00+0200,35.8378,MW,DK2,DK_2,actual_onshore_wind_generation,Wind Onshore,2026-09-03T19:17:13Z
2026-09-03T19:16:26Z,2026-09-03T21:16:26+0200,3c4e546c-63a8-4469-8650-2cbff99665a6,2026-08-31T03:00:00Z,2026-08-31T05:00:00+0200,36.8001,MW,DK2,DK_2,actual_onshore_wind_generation,Wind Onshore,2026-09-03T19:17:13Z
2026-09-03T19:16:26Z,2026-09-03T21:16:26+0200,3c4e546c-63a8-4469-8650-2cbff99665a6,2026-08-31T03:15:00Z,2026-08-31T05:15:00+0200,35.5916,MW,DK2,DK_2,actual_onshore_wind_generation,Wind Onshore,2026-09-03T19:17:13Z
2026-09-03T19:16:26Z,2026-09-03T21:16:26+0200,3c4e546c-63a8-4469-8650-2cbff99665a6,2026-08-31T03:30:00Z,2026-08-31T05:30:00+0200,37.5801,MW,DK2,DK_2,actual_onshore_wind_generation,Wind Onshore,2026-09-03T19:17:13Z
2026-09-03T19:16:26Z,2026-09-03T21:16:26+0200,3c4e546c-63a8-4469-8650-2cbff99665a6,2026-08-31T03:45:00Z,2026-08-31T05:45:00+0200,32.3698,MW,DK2,DK_2,actual_onshore_wind_generation,Wind Onshore,2026-09-03T19:17:13Z
2026-09-03T19:16:26Z,2026-09-03T21:16:26+0200,3c4e546c-63a8-4469-8650-2cbff99665a6,2026-08-31T04:00:00Z,2026-08-31T06:00:00+0200,27.3697,MW,DK2,DK_2,actual_onshore_wind_generation,Wind Onshore,2026-09-03T19:17:13Z
2026-09-03T19:16:26Z,2026-09-03T21:16:26+0200,3c4e546c-63a8-4469-8650-2cbff99665a6,2026-08-31T04:15:00Z,2026-08-31T06:15:00+0200,35.4044,MW,DK2,DK_2,actual_onshore_wind_generation,Wind Onshore,2026-09-03T19:17:13Z
2026-09-03T19:16:26Z,2026-09-03T21:16:26+0200,3c4e546c-63a8-4469-8650-2cbff99665a6,2026-08-31T04:30:00Z,2026-08-31T06:30:00+0200,31.2521,MW,DK2,DK_2,actual_onshore_wind_generation,Wind Onshore,2026-09-03T19:17:13Z
2026-09-03T19:16:26Z,2026-09-03T21:16:26+0200,3c4e546c-63a8-4469-8650-2cbff99665a6,2026-08-31T04:45:00Z,2026-08-31T06:45:00+0200,31.3937,MW,DK2,DK_2,actual_onshore_wind_generation,Wind Onshore,2026-09-03T19:17:13Z
2026-09-03T19:16:26Z,2026-09-03T21:16:26+0200,3c4e546c-63a8-4469-8650-2cbff99665a6,2026-08-31T05:00:00Z,2026-08-31T07:00:00+0200,37.7006,MW,DK2,DK_2,actual_onshore_wind_generation,Wind Onshore,2026-09-03T19:17:13Z
2026-09-03T19:16:26Z,2026-09-03T21:16:26+0200,3c4e546c-63a8-4469-8650-2cbff99665a6,2026-08-31T05:15:00Z,2026-08-31T07:15:00+0200,48.6431,MW,DK2,DK_2,actual_onshore_wind_generation,Wind Onshore,2026-09-03T19:17:13Z
2026-09-03T19:16:26Z,2026-09-03T21:16:26+0200,3c4e546c-63a8-4469-8650-2cbff99665a6,2026-08-31T05:30:00Z,2026-08-31T07:30:00+0200,55.9534,MW,DK2,DK_2,actual_onshore_wind_generation,Wind Onshore,2026-09-03T19:17:13Z
2026-09-03T19:16:26Z,2026-09-03T21:16:26+0200,3c4e546c-63a8-4469-8650-2cbff99665a6,2026-08-31T05:45:00Z,2026-08-31T07:45:00+0200,50.9205,MW,DK2,DK_2,actual_onshore_wind_generation,Wind Onshore,2026-09-03T19:17:13Z
2026-09-03T19:16:26Z,2026-09-03T21:16:26+0200,3c4e546c-63a8-4469-8650-2cbff99665a6,2026-08-31T06:00:00Z,2026-08-31T08:00:00+0200,50.2846,MW,DK2,DK_2,actual_onshore_wind_generation,Wind Onshore,2026-09-03T19:17:13Z
2026-09-03T19:16:26Z,2026-09-03T21:16:26+0200,3c4e546c-63a8-4469-8650-2cbff99665a6,2026-08-31T06:15:00Z,2026-08-31T08:15:00+0200,53.9463,MW,DK2,DK_2,actual_onshore_wind_generation,Wind Onshore,2026-09-03T19:17:13Z
2026-09-03T19:16:26Z,2026-09-03T21:16:26+0200,3c4e546c-63a8-4469-8650-2cbff99665a6,2026-08-31T06:30:00Z,2026-08-31T08:30:00+0200,57.8216,MW,DK2,DK_2,actual_onshore_wind_generation,Wind Onshore,2026-09-03T19:17:13Z
2026-09-03T19:16:26Z,2026-09-03T21:16:26+0200,3c4e546c-63a8-4469-8650-2cbff99665a6,2026-08-31T06:45:00Z,2026-08-31T08:45:00+0200,59.7717,MW,DK2,DK_2,actual_onshore_wind_generation,Wind Onshore,2026-09-03T19:17:13Z
2026-09-03T19:16:26Z,2026-09-03T21:16:26+0200,3c4e546c-63a8-4469-8650-2cbff99665a6,2026-08-31T07:00:00Z,2026-08-31T09:00:00+0200,59.0348,MW,DK2,DK_2,actual_onshore_wind_generation,Wind Onshore,2026-09-03T19:17:13Z
2026-09-03T19:16:26Z,2026-09-03T21:16:26+0200,3c4e546c-63a8-4469-8650-2cbff99665a6,2026-08-31T07:15:00Z,2026-08-31T09:15:00+0200,59.193,MW,DK2,DK_2,actual_onshore_wind_generation,Wind Onshore,2026-09-03T19:17:13Z
2026-09-03T19:16:26Z,2026-09-03T21:16:26+0200,3c4e546c-63a8-4469-8650-2cbff99665a6,2026-08-31T07:30:00Z,2026-08-31T09:30:00+0200,71.2479,MW,DK2,DK_2,actual_onshore_wind_generation,Wind Onshore,2026-09-03T19:17:13Z
2026-09-03T19:16:26Z,2026-09-03T21:16:26+0200,3c4e546c-63a8-4469-8650-2cbff99665a6,2026-08-31T07:45:00Z,2026-08-31T09:45:00+0200,92.4461,MW,DK2,DK_2,actual_onshore_wind_generation,Wind Onshore,2026-09-03T19:17:13Z
2026-09-03T19:16:26Z,2026-09-03T21:16:26+0200,3c4e546c-63a8-4469-8650-2cbff99665a6,2026-08-31T08:00:00Z,2026-08-31T10:00:00+0200,94.7977,MW,DK2,DK_2,actual_onshore_wind_generation,Wind Onshore,2026-09-03T19:17:13Z
2026-09-03T19:16:26Z,2026-09-03T21:16:26+0200,3c4e546c-63a8-4469-8650-2cbff99665a6,2026-08-31T08:15:00Z,2026-08-31T10:15:00+0200,102.116,MW,DK2,DK_2,actual_onshore_wind_generation,Wind Onshore,2026-09-03T19:17:13Z
2026-09-03T19:16:26Z,2026-09-03T21:16:26+0200,3c4e546c-63a8-4469-8650-2cbff99665a6,2026-08-31T08:30:00Z,2026-08-31T10:30:00+0200,124.717,MW,DK2,DK_2,actual_onshore_wind_generation,Wind Onshore,2026-09-03T19:17:13Z
2026-09-03T19:16:26Z,2026-09-03T21:16:26+0200,3c4e546c-63a8-4469-8650-2cbff99665a6,2026-08-31T08:45:00Z,2026-08-31T10:45:00+0200,139.885,MW,DK2,DK_2,actual_onshore_wind_generation,Wind Onshore,2026-09-03T19:17:13Z
2026-09-03T19:16:26Z,2026-09-03T21:16:26+0200,3c4e546c-63a8-4469-8650-2cbff99665a6,2026-08-31T09:00:00Z,2026-08-31T11:00:00+0200,126.398,MW,DK2,DK_2,actual_onshore_wind_generation,Wind Onshore,2026-09-03T19:17:13Z
2026-09-03T19:16:26Z,2026-09-03T21:16:26+0200,3c4e546c-63a8-4469-8650-2cbff99665a6,2026-08-31T09:15:00Z,2026-08-31T11:15:00+0200,129.678,MW,DK2,DK_2,actual_onshore_wind_generation,Wind Onshore,2026-09-03T19:17:13Z
2026-09-03T19:16:26Z,2026-09-03T21:16:26+0200,3c4e546c-63a8-4469-8650-2cbff99665a6,2026-08-31T09:30:00Z,2026-08-31T11:30:00+0200,123.5,MW,DK2,DK_2,actual_onshore_wind_generation,Wind Onshore,2026-09-03T19:17:13Z
2026-09-03T19:16:26Z,2026-09-03T21:16:26+0200,3c4e546c-63a8-4469-8650-2cbff99665a6,2026-08-31T09:45:00Z,2026-08-31T11:45:00+0200,121.689,MW,DK2,DK_2,actual_onshore_wind_generation,Wind Onshore,2026-09-03T19:17:13Z
2026-09-03T19:16:26Z,2026-09-03T21:16:26+0200,3c4e546c-63a8-4469-8650-2cbff99665a6,2026-08-31T10:00:00Z,2026-08-31T12:00:00+0200,130.647,MW,DK2,DK_2,actual_onshore_wind_generation,Wind Onshore,2026-09-03T19:17:13Z
2026-09-03T19:16:26Z,2026-09-03T21:16:26+0200,3c4e546c-63a8-4469-8650-2cbff99665a6,2026-08-31T10:15:00Z,2026-08-31T12:15:00+0200,153.9,MW,DK2,DK_2,actual_onshore_wind_generation,Wind Onshore,2026-09-03T19:17:13Z
2026-09-03T19:16:26Z,2026-09-03T21:16:26+0200,3c4e546c-63a8-4469-8650-2cbff99665a6,2026-08-31T10:30:00Z,2026-08-31T12:30:00+0200,157.61,MW,DK2,DK_2,actual_onshore_wind_generation,Wind Onshore,2026-09-03T19:17:13Z
2026-09-03T19:16:26Z,2026-09-03T21:16:26+0200,3c4e546c-63a8-4469-8650-2cbff99665a6,2026-08-31T10:45:00Z,2026-08-31T12:45:00+0200,159.151,MW,DK2,DK_2,actual_onshore_wind_generation,Wind Onshore,2026-09-03T19:17:13Z
2026-09-03T19:16:26Z,2026-09-03T21:16:26+0200,3c4e546c-63a8-4469-8650-2cbff99665a6,2026-08-31T11:00:00Z,2026-08-31T13:00:00+0200,156.104,MW,DK2,DK_2,actual_onshore_wind_generation,Wind Onshore,2026-09-03T19:17:13Z
2026-09-03T19:16:26Z,2026-09-03T21:16:26+0200,3c4e546c-63a8-4469-8650-2cbff99665a6,2026-08-31T11:15:00Z,2026-08-31T13:15:00+0200,145.923,MW,DK2,DK_2,actual_onshore_wind_generation,Wind Onshore,2026-09-03T19:17:13Z
2026-09-03T19:16:26Z,2026-09-03T21:16:26+0200,3c4e546c-63a8-4469-8650-2cbff99665a6,2026-08-31T11:30:00Z,2026-08-31T13:30:00+0200,146.763,MW,DK2,DK_2,actual_onshore_wind_generation,Wind Onshore,2026-09-03T19:17:13Z
2026-09-03T19:16:26Z,2026-09-03T21:16:26+0200,3c4e546c-63a8-4469-8650-2cbff99665a6,2026-08-31T11:45:00Z,2026-08-31T13:45:00+0200,142.18,MW,DK2,DK_2,actual_onshore_wind_generation,Wind Onshore,2026-09-03T19:17:13Z
2026-09-03T19:16:26Z,2026-09-03T21:16:26+0200,3c4e546c-63a8-4469-8650-2cbff99665a6,2026-08-31T12:00:00Z,2026-08-31T14:00:00+0200,130.091,MW,DK2,DK_2,actual_onshore_wind_generation,Wind Onshore,2026-09-03T19:17:13Z
2026-09-03T19:16:26Z,2026-09-03T21:16:26+0200,3c4e546c-63a8-4469-8650-2cbff99665a6,2026-08-31T12:15:00Z,2026-08-31T14:15:00+0200,135.983,MW,DK2,DK_2,actual_onshore_wind_generation,Wind Onshore,2026-09-03T19:17:13Z
2026-09-03T19:16:26Z,2026-09-03T21:16:26+0200,3c4e546c-63a8-4469-8650-2cbff99665a6,2026-08-31T12:30:00Z,2026-08-31T14:30:00+0200,129.969,MW,DK2,DK_2,actual_onshore_wind_generation,Wind Onshore,2026-09-03T19:17:13Z
2026-09-03T19:16:26Z,2026-09-03T21:16:26+0200,3c4e546c-63a8-4469-8650-2cbff99665a6,2026-08-31T12:45:00Z,2026-08-31T14:45:00+0200,104.242,MW,DK2,DK_2,actual_onshore_wind_generation,Wind Onshore,2026-09-03T19:17:13Z
2026-09-03T19:16:26Z,2026-09-03T21:16:26+0200,3c4e546c-63a8-4469-8650-2cbff99665a6,2026-08-31T13:00:00Z,2026-08-31T15:00:00+0200,98.0277,MW,DK2,DK_2,actual_onshore_wind_generation,Wind Onshore,2026-09-03T19:17:13Z
2026-09-03T19:16:26Z,2026-09-03T21:16:26+0200,3c4e546c-63a8-4469-8650-2cbff99665a6,2026-08-31T13:15:00Z,2026-08-31T15:15:00+0200,82.4618,MW,DK2,DK_2,actual_onshore_wind_generation,Wind Onshore,2026-09-03T19:17:13Z
2026-09-03T19:16:26Z,2026-09-03T21:16:26+0200,3c4e546c-63a8-4469-8650-2cbff99665a6,2026-08-31T13:30:00Z,2026-08-31T15:30:00+0200,90.6586,MW,DK2,DK_2,actual_onshore_wind_generation,Wind Onshore,2026-09-03T19:17:13Z
2026-09-03T19:16:26Z,2026-09-03T21:16:26+0200,3c4e546c-63a8-4469-8650-2cbff99665a6,2026-08-31T13:45:00Z,2026-08-31T15:45:00+0200,87.2926,MW,DK2,DK_2,actual_onshore_wind_generation,Wind Onshore,2026-09-03T19:17:13Z
2026-09-03T19:16:26Z,2026-09-03T21:16:26+0200,3c4e546c-63a8-4469-8650-2cbff99665a6,2026-08-31T14:00:00Z,2026-08-31T16:00:00+0200,99.7733,MW,DK2,DK_2,actual_onshore_wind_generation,Wind Onshore,2026-09-03T19:17:13Z
2026-09-03T19:16:26Z,2026-09-03T21:16:26+0200,3c4e546c-63a8-4469-8650-2cbff99665a6,2026-08-31T14:15:00Z,2026-08-31T16:15:00+0200,78.3397,MW,DK2,DK_2,actual_onshore_wind_generation,Wind Onshore,2026-09-03T19:17:13Z
2026-09-03T19:16:26Z,2026-09-03T21:16:26+0200,3c4e546c-63a8-4469-8650-2cbff99665a6,2026-08-31T14:30:00Z,2026-08-31T16:30:00+0200,71.1143,MW,DK2,DK_2,actual_onshore_wind_generation,Wind Onshore,2026-09-03T19:17:13Z
2026-09-03T19:16:26Z,2026-09-03T21:16:26+0200,3c4e546c-63a8-4469-8650-2cbff99665a6,2026-08-31T14:45:00Z,2026-08-31T16:45:00+0200,60.7839,MW,DK2,DK_2,actual_onshore_wind_generation,Wind Onshore,2026-09-03T19:17:13Z
2026-09-03T19:16:26Z,2026-09-03T21:16:26+0200,3c4e546c-63a8-4469-8650-2cbff99665a6,2026-08-31T15:00:00Z,2026-08-31T17:00:00+0200,48.739,MW,DK2,DK_2,actual_onshore_wind_generation,Wind Onshore,2026-09-03T19:17:13Z
2026-09-03T19:16:26Z,2026-09-03T21:16:26+0200,3c4e546c-63a8-4469-8650-2cbff99665a6,2026-08-31T15:15:00Z,2026-08-31T17:15:00+0200,35.9973,MW,DK2,DK_2,actual_onshore_wind_generation,Wind Onshore,2026-09-03T19:17:13Z
2026-09-03T19:16:26Z,2026-09-03T21:16:26+0200,3c4e546c-63a8-4469-8650-2cbff99665a6,2026-08-31T15:30:00Z,2026-08-31T17:30:00+0200,40.3217,MW,DK2,DK_2,actual_onshore_wind_generation,Wind Onshore,2026-09-03T19:17:13Z
2026-09-03T19:16:26Z,2026-09-03T21:16:26+0200,3c4e546c-63a8-4469-8650-2cbff99665a6,2026-08-31T15:45:00Z,2026-08-31T17:45:00+0200,45.1205,MW,DK2,DK_2,actual_onshore_wind_generation,Wind Onshore,2026-09-03T19:17:13Z
2026-09-03T19:16:26Z,2026-09-03T21:16:26+0200,3c4e546c-63a8-4469-8650-2cbff99665a6,2026-08-31T16:00:00Z,2026-08-31T18:00:00+0200,54.0201,MW,DK2,DK_2,actual_onshore_wind_generation,Wind Onshore,2026-09-03T19:17:13Z
2026-09-03T19:16:26Z,2026-09-03T21:16:26+0200,3c4e546c-63a8-4469-8650-2cbff99665a6,2026-08-31T16:15:00Z,2026-08-31T18:15:00+0200,49.2263,MW,DK2,DK_2,actual_onshore_wind_generation,Wind Onshore,2026-09-03T19:17:13Z
2026-09-03T19:16:26Z,2026-09-03T21:16:26+0200,3c4e546c-63a8-4469-8650-2cbff99665a6,2026-08-31T16:30:00Z,2026-08-31T18:30:00+0200,38.7703,MW,DK2,DK_2,actual_onshore_wind_generation,Wind Onshore,2026-09-03T19:17:13Z
2026-09-03T19:16:26Z,2026-09-03T21:16:26+0200,3c4e546c-63a8-4469-8650-2cbff99665a6,2026-08-31T16:45:00Z,2026-08-31T18:45:00+0200,55.5578,MW,DK2,DK_2,actual_onshore_wind_generation,Wind Onshore,2026-09-03T19:17:13Z
2026-09-03T19:16:26Z,2026-09-03T21:16:26+0200,3c4e546c-63a8-4469-8650-2cbff99665a6,2026-08-31T17:00:00Z,2026-08-31T19:00:00+0200,59.751,MW,DK2,DK_2,actual_onshore_wind_generation,Wind Onshore,2026-09-03T19:17:13Z
2026-09-03T19:16:26Z,2026-09-03T21:16:26+0200,3c4e546c-63a8-4469-8650-2cbff99665a6,2026-08-31T17:15:00Z,2026-08-31T19:15:00+0200,57.3502,MW,DK2,DK_2,actual_onshore_wind_generation,Wind Onshore,2026-09-03T19:17:13Z
2026-09-03T19:16:26Z,2026-09-03T21:16:26+0200,3c4e546c-63a8-4469-8650-2cbff99665a6,2026-08-31T17:30:00Z,2026-08-31T19:30:00+0200,61.9366,MW,DK2,DK_2,actual_onshore_wind_generation,Wind Onshore,2026-09-03T19:17:13Z
2026-09-03T19:16:26Z,2026-09-03T21:16:26+0200,3c4e546c-63a8-4469-8650-2cbff99665a6,2026-08-31T17:45:00Z,2026-08-31T19:45:00+0200,61.0261,MW,DK2,DK_2,actual_onshore_wind_generation,Wind Onshore,2026-09-03T19:17:13Z
2026-09-03T19:16:26Z,2026-09-03T21:16:26+0200,3c4e546c-63a8-4469-8650-2cbff99665a6,2026-08-31T18:00:00Z,2026-08-31T20:00:00+0200,58.9852,MW,DK2,DK_2,actual_onshore_wind_generation,Wind Onshore,2026-09-03T19:17:13Z
2026-09-03T19:16:26Z,2026-09-03T21:16:26+0200,3c4e546c-63a8-4469-8650-2cbff99665a6,2026-08-31T18:15:00Z,2026-08-31T20:15:00+0200,62.5855,MW,DK2,DK_2,actual_onshore_wind_generation,Wind Onshore,2026-09-03T19:17:13Z
2026-09-03T19:16:26Z,2026-09-03T21:16:26+0200,3c4e546c-63a8-4469-8650-2cbff99665a6,2026-08-31T18:30:00Z,2026-08-31T20:30:00+0200,79.2411,MW,DK2,DK_2,actual_onshore_wind_generation,Wind Onshore,2026-09-03T19:17:13Z
2026-09-03T19:16:26Z,2026-09-03T21:16:26+0200,3c4e546c-63a8-4469-8650-2cbff99665a6,2026-08-31T18:45:00Z,2026-08-31T20:45:00+0200,88.2403,MW,DK2,DK_2,actual_onshore_wind_generation,Wind Onshore,2026-09-03T19:17:13Z
2026-09-03T19:16:26Z,2026-09-03T21:16:26+0200,3c4e546c-63a8-4469-8650-2cbff99665a6,2026-08-31T19:00:00Z,2026-08-31T21:00:00+0200,89.9967,MW,DK2,DK_2,actual_onshore_wind_generation,Wind Onshore,2026-09-03T19:17:13Z
2026-09-03T19:16:26Z,2026-09-03T21:16:26+0200,3c4e546c-63a8-4469-8650-2cbff99665a6,2026-08-31T19:15:00Z,2026-08-31T21:15:00+0200,98.5639,MW,DK2,DK_2,actual_onshore_wind_generation,Wind Onshore,2026-09-03T19:17:13Z
2026-09-03T19:16:26Z,2026-09-03T21:16:26+0200,3c4e546c-63a8-4469-8650-2cbff99665a6,2026-08-31T19:30:00Z,2026-08-31T21:30:00+0200,96.9697,MW,DK2,DK_2,actual_onshore_wind_generation,Wind Onshore,2026-09-03T19:17:13Z
2026-09-03T19:16:26Z,2026-09-03T21:16:26+0200,3c4e546c-63a8-4469-8650-2cbff99665a6,2026-08-31T19:45:00Z,2026-08-31T21:45:00+0200,96.0386,MW,DK2,DK_2,actual_onshore_wind_generation,Wind Onshore,2026-09-03T19:17:13Z
2026-09-03T19:16:26Z,2026-09-03T21:16:26+0200,3c4e546c-63a8-4469-8650-2cbff99665a6,2026-08-31T20:00:00Z,2026-08-31T22:00:00+0200,101.778,MW,DK2,DK_2,actual_onshore_wind_generation,Wind Onshore,2026-09-03T19:17:13Z
2026-09-03T19:16:26Z,2026-09-03T21:16:26+0200,3c4e546c-63a8-4469-8650-2cbff99665a6,2026-08-31T20:15:00Z,2026-08-31T22:15:00+0200,110.568,MW,DK2,DK_2,actual_onshore_wind_generation,Wind Onshore,2026-09-03T19:17:13Z
2026-09-03T19:16:26Z,2026-09-03T21:16:26+0200,3c4e546c-63a8-4469-8650-2cbff99665a6,2026-08-31T20:30:00Z,2026-08-31T22:30:00+0200,109.642,MW,DK2,DK_2,actual_onshore_wind_generation,Wind Onshore,2026-09-03T19:17:13Z
2026-09-03T19:16:26Z,2026-09-03T21:16:26+0200,3c4e546c-63a8-4469-8650-2cbff99665a6,2026-08-31T20:45:00Z,2026-08-31T22:45:00+0200,109.145,MW,DK2,DK_2,actual_onshore_wind_generation,Wind Onshore,2026-09-03T19:17:13Z
2026-09-03T19:16:26Z,2026-09-03T21:16:26+0200,3c4e546c-63a8-4469-8650-2cbff99665a6,2026-08-31T21:00:00Z,2026-08-31T23:00:00+0200,112.113,MW,DK2,DK_2,actual_onshore_wind_generation,Wind Onshore,2026-09-03T19:17:13Z
2026-09-03T19:16:26Z,2026-09-03T21:16:26+0200,3c4e546c-63a8-4469-8650-2cbff99665a6,2026-08-31T21:15:00Z,2026-08-31T23:15:00+0200,112.085,MW,DK2,DK_2,actual_onshore_wind_generation,Wind Onshore,2026-09-03T19:17:13Z
2026-09-03T19:16:26Z,2026-09-03T21:16:26+0200,3c4e546c-63a8-4469-8650-2cbff99665a6,2026-08-31T21:30:00Z,2026-08-31T23:30:00+0200,110.585,MW,DK2,DK_2,actual_onshore_wind_generation,Wind Onshore,2026-09-03T19:17:13Z
2026-09-03T19:16:26Z,2026-09-03T21:16:26+0200,3c4e546c-63a8-4469-8650-2cbff99665a6,2026-08-31T21:45:00Z,2026-08-31T23:45:00+0200,111.951,MW,DK2,DK_2,actual_onshore_wind_generation,Wind Onshore,2026-09-03T19:17:13Z
2026-09-03T19:16:26Z,2026-09-03T21:16:26+0200,3c4e546c-63a8-4469-8650-2cbff99665a6,2026-08-31T22:00:00Z,2026-09-01T00:00:00+0200,109.564,MW,DK2,DK_2,actual_onshore_wind_generation,Wind Onshore,2026-09-03T19:17:13Z
2026-09-03T19:16:26Z,2026-09-03T21:16:26+0200,3c4e546c-63a8-4469-8650-2cbff99665a6,2026-08-31T22:15:00Z,2026-09-01T00:15:00+0200,97.1901,MW,DK2,DK_2,actual_onshore_wind_generation,Wind Onshore,2026-09-03T19:17:13Z
2026-09-03T19:16:26Z,2026-09-03T21:16:26+0200,3c4e546c-63a8-4469-8650-2cbff99665a6,2026-08-31T22:30:00Z,2026-09-01T00:30:00+0200,92.4374,MW,DK2,DK_2,actual_onshore_wind_generation,Wind Onshore,2026-09-03T19:17:13Z
2026-09-03T19:16:26Z,2026-09-03T21:16:26+0200,3c4e546c-63a8-4469-8650-2cbff99665a6,2026-08-31T22:45:00Z,2026-09-01T00:45:00+0200,86.6529,MW,DK2,DK_2,actual_onshore_wind_generation,Wind Onshore,2026-09-03T19:17:13Z
2026-09-03T19:16:26Z,2026-09-03T21:16:26+0200,3c4e546c-63a8-4469-8650-2cbff99665a6,2026-08-31T23:00:00Z,2026-09-01T01:00:00+0200,92.2368,MW,DK2,DK_2,actual_onshore_wind_generation,Wind Onshore,2026-09-03T19:17:13Z
2026-09-03T19:16:26Z,2026-09-03T21:16:26+0200,3c4e546c-63a8-4469-8650-2cbff99665a6,2026-08-31T23:15:00Z,2026-09-01T01:15:00+0200,99.1376,MW,DK2,DK_2,actual_onshore_wind_generation,Wind Onshore,2026-09-03T19:17:13Z
2026-09-03T19:16:26Z,2026-09-03T21:16:26+0200,3c4e546c-63a8-4469-8650-2cbff99665a6,2026-08-31T23:30:00Z,2026-09-01T01:30:00+0200,103.395,MW,DK2,DK_2,actual_onshore_wind_generation,Wind Onshore,2026-09-03T19:17:13Z
2026-09-03T19:16:26Z,2026-09-03T21:16:26+0200,3c4e546c-63a8-4469-8650-2cbff99665a6,2026-08-31T23:45:00Z,2026-09-01T01:45:00+0200,102.828,MW,DK2,DK_2,actual_onshore_wind_generation,Wind Onshore,2026-09-03T19:17:13Z
2026-09-03T19:16:26Z,2026-09-03T21:16:26+0200,3c4e546c-63a8-4469-8650-2cbff99665a6,2026-09-01T00:00:00Z,2026-09-01T02:00:00+0200,104.817,MW,DK2,DK_2,actual_onshore_wind_generation,Wind Onshore,2026-09-03T19:17:13Z
2026-09-03T19:16:26Z,2026-09-03T21:16:26+0200,3c4e546c-63a8-4469-8650-2cbff99665a6,2026-09-01T00:15:00Z,2026-09-01T02:15:00+0200,105.018,MW,DK2,DK_2,actual_onshore_wind_generation,Wind Onshore,2026-09-03T19:17:13Z
2026-09-03T19:16:26Z,2026-09-03T21:16:26+0200,3c4e546c-63a8-4469-8650-2cbff99665a6,2026-09-01T00:30:00Z,2026-09-01T02:30:00+0200,109.115,MW,DK2,DK_2,actual_onshore_wind_generation,Wind Onshore,2026-09-03T19:17:13Z
2026-09-03T19:16:26Z,2026-09-03T21:16:26+0200,3c4e546c-63a8-4469-8650-2cbff99665a6,2026-09-01T00:45:00Z,2026-09-01T02:45:00+0200,113.143,MW,DK2,DK_2,actual_onshore_wind_generation,Wind Onshore,2026-09-03T19:17:13Z
2026-09-03T19:16:26Z,2026-09-03T21:16:26+0200,3c4e546c-63a8-4469-8650-2cbff99665a6,2026-09-01T01:00:00Z,2026-09-01T03:00:00+0200,116.521,MW,DK2,DK_2,actual_onshore_wind_generation,Wind Onshore,2026-09-03T19:17:13Z
2026-09-03T19:16:26Z,2026-09-03T21:16:26+0200,3c4e546c-63a8-4469-8650-2cbff99665a6,2026-09-01T01:15:00Z,2026-09-01T03:15:00+0200,116.093,MW,DK2,DK_2,actual_onshore_wind_generation,Wind Onshore,2026-09-03T19:17:13Z
2026-09-03T19:16:26Z,2026-09-03T21:16:26+0200,3c4e546c-63a8-4469-8650-2cbff99665a6,2026-09-01T01:30:00Z,2026-09-01T03:30:00+0200,116.789,MW,DK2,DK_2,actual_onshore_wind_generation,Wind Onshore,2026-09-03T19:17:13Z
2026-09-03T19:16:26Z,2026-09-03T21:16:26+0200,3c4e546c-63a8-4469-8650-2cbff99665a6,2026-09-01T01:45:00Z,2026-09-01T03:45:00+0200,122.941,MW,DK2,DK_2,actual_onshore_wind_generation,Wind Onshore,2026-09-03T19:17:13Z
2026-09-03T19:16:26Z,2026-09-03T21:16:26+0200,3c4e546c-63a8-4469-8650-2cbff99665a6,2026-09-01T02:00:00Z,2026-09-01T04:00:00+0200,126.308,MW,DK2,DK_2,actual_onshore_wind_generation,Wind Onshore,2026-09-03T19:17:13Z
2026-09-03T19:16:26Z,2026-09-03T21:16:26+0200,3c4e546c-63a8-4469-8650-2cbff99665a6,2026-09-01T02:15:00Z,2026-09-01T04:15:00+0200,134.866,MW,DK2,DK_2,actual_onshore_wind_generation,Wind Onshore,2026-09-03T19:17:13Z
2026-09-03T19:16:26Z,2026-09-03T21:16:26+0200,3c4e546c-63a8-4469-8650-2cbff99665a6,2026-09-01T02:30:00Z,2026-09-01T04:30:00+0200,123.271,MW,DK2,DK_2,actual_onshore_wind_generation,Wind Onshore,2026-09-03T19:17:13Z
2026-09-03T19:16:26Z,2026-09-03T21:16:26+0200,3c4e546c-63a8-4469-8650-2cbff99665a6,2026-09-01T02:45:00Z,2026-09-01T04:45:00+0200,126.579,MW,DK2,DK_2,actual_onshore_wind_generation,Wind Onshore,2026-09-03T19:17:13Z
2026-09-03T19:16:26Z,2026-09-03T21:16:26+0200,3c4e546c-63a8-4469-8650-2cbff99665a6,2026-09-01T03:00:00Z,2026-09-01T05:00:00+0200,125.067,MW,DK2,DK_2,actual_onshore_wind_generation,Wind Onshore,2026-09-03T19:17:13Z
2026-09-03T19:16:26Z,2026-09-03T21:16:26+0200,3c4e546c-63a8-4469-8650-2cbff99665a6,2026-09-01T03:15:00Z,2026-09-01T05:15:00+0200,128.288,MW,DK2,DK_2,actual_onshore_wind_generation,Wind Onshore,2026-09-03T19:17:13Z
2026-09-03T19:16:26Z,2026-09-03T21:16:26+0200,3c4e546c-63a8-4469-8650-2cbff99665a6,2026-09-01T03:30:00Z,2026-09-01T05:30:00+0200,124.863,MW,DK2,DK_2,actual_onshore_wind_generation,Wind Onshore,2026-09-03T19:17:13Z
2026-09-03T19:16:26Z,2026-09-03T21:16:26+0200,3c4e546c-63a8-4469-8650-2cbff99665a6,2026-09-01T03:45:00Z,2026-09-01T05:45:00+0200,113.824,MW,DK2,DK_2,actual_onshore_wind_generation,Wind Onshore,2026-09-03T19:17:13Z
2026-09-03T19:16:26Z,2026-09-03T21:16:26+0200,3c4e546c-63a8-4469-8650-2cbff99665a6,2026-09-01T04:00:00Z,2026-09-01T06:00:00+0200,111.646,MW,DK2,DK_2,actual_onshore_wind_generation,Wind Onshore,2026-09-03T19:17:13Z
2026-09-03T19:16:26Z,2026-09-03T21:16:26+0200,3c4e546c-63a8-4469-8650-2cbff99665a6,2026-09-01T04:15:00Z,2026-09-01T06:15:00+0200,112.824,MW,DK2,DK_2,actual_onshore_wind_generation,Wind Onshore,2026-09-03T19:17:13Z
2026-09-03T19:16:26Z,2026-09-03T21:16:26+0200,3c4e546c-63a8-4469-8650-2cbff99665a6,2026-09-01T04:30:00Z,2026-09-01T06:30:00+0200,112.535,MW,DK2,DK_2,actual_onshore_wind_generation,Wind Onshore,2026-09-03T19:17:13Z
2026-09-03T19:16:26Z,2026-09-03T21:16:26+0200,3c4e546c-63a8-4469-8650-2cbff99665a6,2026-09-01T04:45:00Z,2026-09-01T06:45:00+0200,109.574,MW,DK2,DK_2,actual_onshore_wind_generation,Wind Onshore,2026-09-03T19:17:13Z
2026-09-03T19:16:26Z,2026-09-03T21:16:26+0200,3c4e546c-63a8-4469-8650-2cbff99665a6,2026-09-01T05:00:00Z,2026-09-01T07:00:00+0200,108.037,MW,DK2,DK_2,actual_onshore_wind_generation,Wind Onshore,2026-09-03T19:17:13Z
2026-09-03T19:16:26Z,2026-09-03T21:16:26+0200,3c4e546c-63a8-4469-8650-2cbff99665a6,2026-09-01T05:15:00Z,2026-09-01T07:15:00+0200,106.987,MW,DK2,DK_2,actual_onshore_wind_generation,Wind Onshore,2026-09-03T19:17:13Z
2026-09-03T19:16:26Z,2026-09-03T21:16:26+0200,3c4e546c-63a8-4469-8650-2cbff99665a6,2026-09-01T05:30:00Z,2026-09-01T07:30:00+0200,110.8,MW,DK2,DK_2,actual_onshore_wind_generation,Wind Onshore,2026-09-03T19:17:13Z
2026-09-03T19:16:26Z,2026-09-03T21:16:26+0200,3c4e546c-63a8-4469-8650-2cbff99665a6,2026-09-01T05:45:00Z,2026-09-01T07:45:00+0200,110.974,MW,DK2,DK_2,actual_onshore_wind_generation,Wind Onshore,2026-09-03T19:17:13Z
2026-09-03T19:16:26Z,2026-09-03T21:16:26+0200,3c4e546c-63a8-4469-8650-2cbff99665a6,2026-09-01T06:00:00Z,2026-09-01T08:00:00+0200,118.65,MW,DK2,DK_2,actual_onshore_wind_generation,Wind Onshore,2026-09-03T19:17:13Z
2026-09-03T19:16:26Z,2026-09-03T21:16:26+0200,3c4e546c-63a8-4469-8650-2cbff99665a6,2026-09-01T06:15:00Z,2026-09-01T08:15:00+0200,122.464,MW,DK2,DK_2,actual_onshore_wind_generation,Wind Onshore,2026-09-03T19:17:13Z
2026-09-03T19:16:26Z,2026-09-03T21:16:26+0200,3c4e546c-63a8-4469-8650-2cbff99665a6,2026-09-01T06:30:00Z,2026-09-01T08:30:00+0200,120.111,MW,DK2,DK_2,actual_onshore_wind_generation,Wind Onshore,2026-09-03T19:17:13Z
2026-09-03T19:16:26Z,2026-09-03T21:16:26+0200,3c4e546c-63a8-4469-8650-2cbff99665a6,2026-09-01T06:45:00Z,2026-09-01T08:45:00+0200,124.291,MW,DK2,DK_2,actual_onshore_wind_generation,Wind Onshore,2026-09-03T19:17:13Z
2026-09-03T19:16:26Z,2026-09-03T21:16:26+0200,3c4e546c-63a8-4469-8650-2cbff99665a6,2026-09-01T07:00:00Z,2026-09-01T09:00:00+0200,133.073,MW,DK2,DK_2,actual_onshore_wind_generation,Wind Onshore,2026-09-03T19:17:13Z
2026-09-03T19:16:26Z,2026-09-03T21:16:26+0200,3c4e546c-63a8-4469-8650-2cbff99665a6,2026-09-01T07:15:00Z,2026-09-01T09:15:00+0200,141.269,MW,DK2,DK_2,actual_onshore_wind_generation,Wind Onshore,2026-09-03T19:17:13Z
2026-09-03T19:16:26Z,2026-09-03T21:16:26+0200,3c4e546c-63a8-4469-8650-2cbff99665a6,2026-09-01T07:30:00Z,2026-09-01T09:30:00+0200,141.64,MW,DK2,DK_2,actual_onshore_wind_generation,Wind Onshore,2026-09-03T19:17:13Z
2026-09-03T19:16:26Z,2026-09-03T21:16:26+0200,3c4e546c-63a8-4469-8650-2cbff99665a6,2026-09-01T07:45:00Z,2026-09-01T09:45:00+0200,146.106,MW,DK2,DK_2,actual_onshore_wind_generation,Wind Onshore,2026-09-03T19:17:13Z
2026-09-03T19:16:26Z,2026-09-03T21:16:26+0200,3c4e546c-63a8-4469-8650-2cbff99665a6,2026-09-01T08:00:00Z,2026-09-01T10:00:00+0200,150.688,MW,DK2,DK_2,actual_onshore_wind_generation,Wind Onshore,2026-09-03T19:17:13Z
2026-09-03T19:16:26Z,2026-09-03T21:16:26+0200,3c4e546c-63a8-4469-8650-2cbff99665a6,2026-09-01T08:15:00Z,2026-09-01T10:15:00+0200,145.265,MW,DK2,DK_2,actual_onshore_wind_generation,Wind Onshore,2026-09-03T19:17:13Z
2026-09-03T19:16:26Z,2026-09-03T21:16:26+0200,3c4e546c-63a8-4469-8650-2cbff99665a6,2026-09-01T08:30:00Z,2026-09-01T10:30:00+0200,156.296,MW,DK2,DK_2,actual_onshore_wind_generation,Wind Onshore,2026-09-03T19:17:13Z
2026-09-03T19:16:26Z,2026-09-03T21:16:26+0200,3c4e546c-63a8-4469-8650-2cbff99665a6,2026-09-01T08:45:00Z,2026-09-01T10:45:00+0200,170.853,MW,DK2,DK_2,actual_onshore_wind_generation,Wind Onshore,2026-09-03T19:17:13Z
2026-09-03T19:16:26Z,2026-09-03T21:16:26+0200,3c4e546c-63a8-4469-8650-2cbff99665a6,2026-09-01T09:00:00Z,2026-09-01T11:00:00+0200,154.499,MW,DK2,DK_2,actual_onshore_wind_generation,Wind Onshore,2026-09-03T19:17:13Z
2026-09-03T19:16:26Z,2026-09-03T21:16:26+0200,3c4e546c-63a8-4469-8650-2cbff99665a6,2026-09-01T09:15:00Z,2026-09-01T11:15:00+0200,141.439,MW,DK2,DK_2,actual_onshore_wind_generation,Wind Onshore,2026-09-03T19:17:13Z
2026-09-03T19:16:26Z,2026-09-03T21:16:26+0200,3c4e546c-63a8-4469-8650-2cbff99665a6,2026-09-01T09:30:00Z,2026-09-01T11:30:00+0200,146.333,MW,DK2,DK_2,actual_onshore_wind_generation,Wind Onshore,2026-09-03T19:17:13Z
2026-09-03T19:16:26Z,2026-09-03T21:16:26+0200,3c4e546c-63a8-4469-8650-2cbff99665a6,2026-09-01T09:45:00Z,2026-09-01T11:45:00+0200,168.763,MW,DK2,DK_2,actual_onshore_wind_generation,Wind Onshore,2026-09-03T19:17:13Z
2026-09-03T19:16:26Z,2026-09-03T21:16:26+0200,3c4e546c-63a8-4469-8650-2cbff99665a6,2026-09-01T10:00:00Z,2026-09-01T12:00:00+0200,176.969,MW,DK2,DK_2,actual_onshore_wind_generation,Wind Onshore,2026-09-03T19:17:13Z
2026-09-03T19:16:26Z,2026-09-03T21:16:26+0200,3c4e546c-63a8-4469-8650-2cbff99665a6,2026-09-01T10:15:00Z,2026-09-01T12:15:00+0200,156.626,MW,DK2,DK_2,actual_onshore_wind_generation,Wind Onshore,2026-09-03T19:17:13Z
2026-09-03T19:16:26Z,2026-09-03T21:16:26+0200,3c4e546c-63a8-4469-8650-2cbff99665a6,2026-09-01T10:30:00Z,2026-09-01T12:30:00+0200,175.212,MW,DK2,DK_2,actual_onshore_wind_generation,Wind Onshore,2026-09-03T19:17:13Z
2026-09-03T19:16:26Z,2026-09-03T21:16:26+0200,3c4e546c-63a8-4469-8650-2cbff99665a6,2026-09-01T10:45:00Z,2026-09-01T12:45:00+0200,182.249,MW,DK2,DK_2,actual_onshore_wind_generation,Wind Onshore,2026-09-03T19:17:13Z
2026-09-03T19:16:26Z,2026-09-03T21:16:26+0200,3c4e546c-63a8-4469-8650-2cbff99665a6,2026-09-01T11:00:00Z,2026-09-01T13:00:00+0200,208.803,MW,DK2,DK_2,actual_onshore_wind_generation,Wind Onshore,2026-09-03T19:17:13Z
2026-09-03T19:16:26Z,2026-09-03T21:16:26+0200,3c4e546c-63a8-4469-8650-2cbff99665a6,2026-09-01T11:15:00Z,2026-09-01T13:15:00+0200,220.706,MW,DK2,DK_2,actual_onshore_wind_generation,Wind Onshore,2026-09-03T19:17:13Z
2026-09-03T19:16:26Z,2026-09-03T21:16:26+0200,3c4e546c-63a8-4469-8650-2cbff99665a6,2026-09-01T11:30:00Z,2026-09-01T13:30:00+0200,217.893,MW,DK2,DK_2,actual_onshore_wind_generation,Wind Onshore,2026-09-03T19:17:13Z
2026-09-03T19:16:26Z,2026-09-03T21:16:26+0200,3c4e546c-63a8-4469-8650-2cbff99665a6,2026-09-01T11:45:00Z,2026-09-01T13:45:00+0200,208.585,MW,DK2,DK_2,actual_onshore_wind_generation,Wind Onshore,2026-09-03T19:17:13Z
2026-09-03T19:16:26Z,2026-09-03T21:16:26+0200,3c4e546c-63a8-4469-8650-2cbff99665a6,2026-09-01T12:00:00Z,2026-09-01T14:00:00+0200,210.271,MW,DK2,DK_2,actual_onshore_wind_generation,Wind Onshore,2026-09-03T19:17:13Z
2026-09-03T19:16:26Z,2026-09-03T21:16:26+0200,3c4e546c-63a8-4469-8650-2cbff99665a6,2026-09-01T12:15:00Z,2026-09-01T14:15:00+0200,190.569,MW,DK2,DK_2,actual_onshore_wind_generation,Wind Onshore,2026-09-03T19:17:13Z
2026-09-03T19:16:26Z,2026-09-03T21:16:26+0200,3c4e546c-63a8-4469-8650-2cbff99665a6,2026-09-01T12:30:00Z,2026-09-01T14:30:00+0200,159.77,MW,DK2,DK_2,actual_onshore_wind_generation,Wind Onshore,2026-09-03T19:17:13Z
2026-09-03T19:16:26Z,2026-09-03T21:16:26+0200,3c4e546c-63a8-4469-8650-2cbff99665a6,2026-09-01T12:45:00Z,2026-09-01T14:45:00+0200,149.107,MW,DK2,DK_2,actual_onshore_wind_generation,Wind Onshore,2026-09-03T19:17:13Z
2026-09-03T19:16:26Z,2026-09-03T21:16:26+0200,3c4e546c-63a8-4469-8650-2cbff99665a6,2026-09-01T13:00:00Z,2026-09-01T15:00:00+0200,183.216,MW,DK2,DK_2,actual_onshore_wind_generation,Wind Onshore,2026-09-03T19:17:13Z
2026-09-03T19:16:26Z,2026-09-03T21:16:26+0200,3c4e546c-63a8-4469-8650-2cbff99665a6,2026-09-01T13:15:00Z,2026-09-01T15:15:00+0200,189.806,MW,DK2,DK_2,actual_onshore_wind_generation,Wind Onshore,2026-09-03T19:17:13Z
2026-09-03T19:16:26Z,2026-09-03T21:16:26+0200,3c4e546c-63a8-4469-8650-2cbff99665a6,2026-09-01T13:30:00Z,2026-09-01T15:30:00+0200,185.058,MW,DK2,DK_2,actual_onshore_wind_generation,Wind Onshore,2026-09-03T19:17:13Z
2026-09-03T19:16:26Z,2026-09-03T21:16:26+0200,3c4e546c-63a8-4469-8650-2cbff99665a6,2026-09-01T13:45:00Z,2026-09-01T15:45:00+0200,186.765,MW,DK2,DK_2,actual_onshore_wind_generation,Wind Onshore,2026-09-03T19:17:13Z
2026-09-03T19:16:26Z,2026-09-03T21:16:26+0200,3c4e546c-63a8-4469-8650-2cbff99665a6,2026-09-01T14:00:00Z,2026-09-01T16:00:00+0200,191.772,MW,DK2,DK_2,actual_onshore_wind_generation,Wind Onshore,2026-09-03T19:17:13Z
2026-09-03T19:16:26Z,2026-09-03T21:16:26+0200,3c4e546c-63a8-4469-8650-2cbff99665a6,2026-09-01T14:15:00Z,2026-09-01T16:15:00+0200,193.518,MW,DK2,DK_2,actual_onshore_wind_generation,Wind Onshore,2026-09-03T19:17:13Z
2026-09-03T19:16:26Z,2026-09-03T21:16:26+0200,3c4e546c-63a8-4469-8650-2cbff99665a6,2026-09-01T14:30:00Z,2026-09-01T16:30:00+0200,176.426,MW,DK2,DK_2,actual_onshore_wind_generation,Wind Onshore,2026-09-03T19:17:13Z
2026-09-03T19:16:26Z,2026-09-03T21:16:26+0200,3c4e546c-63a8-4469-8650-2cbff99665a6,2026-09-01T14:45:00Z,2026-09-01T16:45:00+0200,188.1,MW,DK2,DK_2,actual_onshore_wind_generation,Wind Onshore,2026-09-03T19:17:13Z
2026-09-03T19:16:26Z,2026-09-03T21:16:26+0200,3c4e546c-63a8-4469-8650-2cbff99665a6,2026-09-01T15:00:00Z,2026-09-01T17:00:00+0200,180.398,MW,DK2,DK_2,actual_onshore_wind_generation,Wind Onshore,2026-09-03T19:17:13Z
2026-09-03T19:16:26Z,2026-09-03T21:16:26+0200,3c4e546c-63a8-4469-8650-2cbff99665a6,2026-09-01T15:15:00Z,2026-09-01T17:15:00+0200,178.305,MW,DK2,DK_2,actual_onshore_wind_generation,Wind Onshore,2026-09-03T19:17:13Z
2026-09-03T19:16:26Z,2026-09-03T21:16:26+0200,3c4e546c-63a8-4469-8650-2cbff99665a6,2026-09-01T15:30:00Z,2026-09-01T17:30:00+0200,180.484,MW,DK2,DK_2,actual_onshore_wind_generation,Wind Onshore,2026-09-03T19:17:13Z
2026-09-03T19:16:26Z,2026-09-03T21:16:26+0200,3c4e546c-63a8-4469-8650-2cbff99665a6,2026-09-01T15:45:00Z,2026-09-01T17:45:00+0200,173.79,MW,DK2,DK_2,actual_onshore_wind_generation,Wind Onshore,2026-09-03T19:17:13Z
2026-09-03T19:16:26Z,2026-09-03T21:16:26+0200,3c4e546c-63a8-4469-8650-2cbff99665a6,2026-09-01T16:00:00Z,2026-09-01T18:00:00+0200,179.457,MW,DK2,DK_2,actual_onshore_wind_generation,Wind Onshore,2026-09-03T19:17:13Z
2026-09-03T19:16:26Z,2026-09-03T21:16:26+0200,3c4e546c-63a8-4469-8650-2cbff99665a6,2026-09-01T16:15:00Z,2026-09-01T18:15:00+0200,190.801,MW,DK2,DK_2,actual_onshore_wind_generation,Wind Onshore,2026-09-03T19:17:13Z
2026-09-03T19:16:26Z,2026-09-03T21:16:26+0200,3c4e546c-63a8-4469-8650-2cbff99665a6,2026-09-01T16:30:00Z,2026-09-01T18:30:00+0200,192.77,MW,DK2,DK_2,actual_onshore_wind_generation,Wind Onshore,2026-09-03T19:17:13Z
2026-09-03T19:16:26Z,2026-09-03T21:16:26+0200,3c4e546c-63a8-4469-8650-2cbff99665a6,2026-09-01T16:45:00Z,2026-09-01T18:45:00+0200,209.999,MW,DK2,DK_2,actual_onshore_wind_generation,Wind Onshore,2026-09-03T19:17:13Z
2026-09-03T19:16:26Z,2026-09-03T21:16:26+0200,3c4e546c-63a8-4469-8650-2cbff99665a6,2026-09-01T17:00:00Z,2026-09-01T19:00:00+0200,205.207,MW,DK2,DK_2,actual_onshore_wind_generation,Wind Onshore,2026-09-03T19:17:13Z
2026-09-03T19:16:26Z,2026-09-03T21:16:26+0200,3c4e546c-63a8-4469-8650-2cbff99665a6,2026-09-01T17:15:00Z,2026-09-01T19:15:00+0200,223.408,MW,DK2,DK_2,actual_onshore_wind_generation,Wind Onshore,2026-09-03T19:17:13Z
2026-09-03T19:16:26Z,2026-09-03T21:16:26+0200,3c4e546c-63a8-4469-8650-2cbff99665a6,2026-09-01T17:30:00Z,2026-09-01T19:30:00+0200,208.793,MW,DK2,DK_2,actual_onshore_wind_generation,Wind Onshore,2026-09-03T19:17:13Z
2026-09-03T19:16:26Z,2026-09-03T21:16:26+0200,3c4e546c-63a8-4469-8650-2cbff99665a6,2026-09-01T17:45:00Z,2026-09-01T19:45:00+0200,200.294,MW,DK2,DK_2,actual_onshore_wind_generation,Wind Onshore,2026-09-03T19:17:13Z
2026-09-03T19:16:26Z,2026-09-03T21:16:26+0200,3c4e546c-63a8-4469-8650-2cbff99665a6,2026-09-01T18:00:00Z,2026-09-01T20:00:00+0200,191.884,MW,DK2,DK_2,actual_onshore_wind_generation,Wind Onshore,2026-09-03T19:17:13Z
2026-09-03T19:16:26Z,2026-09-03T21:16:26+0200,3c4e546c-63a8-4469-8650-2cbff99665a6,2026-09-01T18:15:00Z,2026-09-01T20:15:00+0200,191.455,MW,DK2,DK_2,actual_onshore_wind_generation,Wind Onshore,2026-09-03T19:17:13Z
2026-09-03T19:16:26Z,2026-09-03T21:16:26+0200,3c4e546c-63a8-4469-8650-2cbff99665a6,2026-09-01T18:30:00Z,2026-09-01T20:30:00+0200,191.353,MW,DK2,DK_2,actual_onshore_wind_generation,Wind Onshore,2026-09-03T19:17:13Z
2026-09-03T19:16:26Z,2026-09-03T21:16:26+0200,3c4e546c-63a8-4469-8650-2cbff99665a6,2026-09-01T18:45:00Z,2026-09-01T20:45:00+0200,165.079,MW,DK2,DK_2,actual_onshore_wind_generation,Wind Onshore,2026-09-03T19:17:13Z
2026-09-03T19:16:26Z,2026-09-03T21:16:26+0200,3c4e546c-63a8-4469-8650-2cbff99665a6,2026-09-01T19:00:00Z,2026-09-01T21:00:00+0200,165.554,MW,DK2,DK_2,actual_onshore_wind_generation,Wind Onshore,2026-09-03T19:17:13Z
2026-09-03T19:16:26Z,2026-09-03T21:16:26+0200,3c4e546c-63a8-4469-8650-2cbff99665a6,2026-09-01T19:15:00Z,2026-09-01T21:15:00+0200,167.196,MW,DK2,DK_2,actual_onshore_wind_generation,Wind Onshore,2026-09-03T19:17:13Z
2026-09-03T19:16:26Z,2026-09-03T21:16:26+0200,3c4e546c-63a8-4469-8650-2cbff99665a6,2026-09-01T19:30:00Z,2026-09-01T21:30:00+0200,174.522,MW,DK2,DK_2,actual_onshore_wind_generation,Wind Onshore,2026-09-03T19:17:13Z
2026-09-03T19:16:26Z,2026-09-03T21:16:26+0200,3c4e546c-63a8-4469-8650-2cbff99665a6,2026-09-01T19:45:00Z,2026-09-01T21:45:00+0200,168.873,MW,DK2,DK_2,actual_onshore_wind_generation,Wind Onshore,2026-09-03T19:17:13Z
2026-09-03T19:16:26Z,2026-09-03T21:16:26+0200,3c4e546c-63a8-4469-8650-2cbff99665a6,2026-09-01T20:00:00Z,2026-09-01T22:00:00+0200,163.455,MW,DK2,DK_2,actual_onshore_wind_generation,Wind Onshore,2026-09-03T19:17:13Z
2026-09-03T19:16:26Z,2026-09-03T21:16:26+0200,3c4e546c-63a8-4469-8650-2cbff99665a6,2026-09-01T20:15:00Z,2026-09-01T22:15:00+0200,168.774,MW,DK2,DK_2,actual_onshore_wind_generation,Wind Onshore,2026-09-03T19:17:13Z
2026-09-03T19:16:26Z,2026-09-03T21:16:26+0200,3c4e546c-63a8-4469-8650-2cbff99665a6,2026-09-01T20:30:00Z,2026-09-01T22:30:00+0200,181.865,MW,DK2,DK_2,actual_onshore_wind_generation,Wind Onshore,2026-09-03T19:17:13Z
2026-09-03T19:16:26Z,2026-09-03T21:16:26+0200,3c4e546c-63a8-4469-8650-2cbff99665a6,2026-09-01T20:45:00Z,2026-09-01T22:45:00+0200,170.803,MW,DK2,DK_2,actual_onshore_wind_generation,Wind Onshore,2026-09-03T19:17:13Z
2026-09-03T19:16:26Z,2026-09-03T21:16:26+0200,3c4e546c-63a8-4469-8650-2cbff99665a6,2026-09-01T21:00:00Z,2026-09-01T23:00:00+0200,170.147,MW,DK2,DK_2,actual_onshore_wind_generation,Wind Onshore,2026-09-03T19:17:13Z
2026-09-03T19:16:26Z,2026-09-03T21:16:26+0200,3c4e546c-63a8-4469-8650-2cbff99665a6,2026-09-01T21:15:00Z,2026-09-01T23:15:00+0200,179.665,MW,DK2,DK_2,actual_onshore_wind_generation,Wind Onshore,2026-09-03T19:17:13Z
2026-09-03T19:16:26Z,2026-09-03T21:16:26+0200,3c4e546c-63a8-4469-8650-2cbff99665a6,2026-09-01T21:30:00Z,2026-09-01T23:30:00+0200,182.679,MW,DK2,DK_2,actual_onshore_wind_generation,Wind Onshore,2026-09-03T19:17:13Z
2026-09-03T19:16:26Z,2026-09-03T21:16:26+0200,3c4e546c-63a8-4469-8650-2cbff99665a6,2026-09-01T21:45:00Z,2026-09-01T23:45:00+0200,176.955,MW,DK2,DK_2,actual_onshore_wind_generation,Wind Onshore,2026-09-03T19:17:13Z
2026-09-03T19:16:26Z,2026-09-03T21:16:26+0200,3c4e546c-63a8-4469-8650-2cbff99665a6,2026-09-01T22:00:00Z,2026-09-02T00:00:00+0200,181.913,MW,DK2,DK_2,actual_onshore_wind_generation,Wind Onshore,2026-09-03T19:17:13Z
2026-09-03T19:16:26Z,2026-09-03T21:16:26+0200,3c4e546c-63a8-4469-8650-2cbff99665a6,2026-09-01T22:15:00Z,2026-09-02T00:15:00+0200,174.777,MW,DK2,DK_2,actual_onshore_wind_generation,Wind Onshore,2026-09-03T19:17:13Z
2026-09-03T19:16:26Z,2026-09-03T21:16:26+0200,3c4e546c-63a8-4469-8650-2cbff99665a6,2026-09-01T22:30:00Z,2026-09-02T00:30:00+0200,163.317,MW,DK2,DK_2,actual_onshore_wind_generation,Wind Onshore,2026-09-03T19:17:13Z
2026-09-03T19:16:26Z,2026-09-03T21:16:26+0200,3c4e546c-63a8-4469-8650-2cbff99665a6,2026-09-01T22:45:00Z,2026-09-02T00:45:00+0200,144.319,MW,DK2,DK_2,actual_onshore_wind_generation,Wind Onshore,2026-09-03T19:17:13Z
2026-09-03T19:16:26Z,2026-09-03T21:16:26+0200,3c4e546c-63a8-4469-8650-2cbff99665a6,2026-09-01T23:00:00Z,2026-09-02T01:00:00+0200,132.613,MW,DK2,DK_2,actual_onshore_wind_generation,Wind Onshore,2026-09-03T19:17:13Z
2026-09-03T19:16:26Z,2026-09-03T21:16:26+0200,3c4e546c-63a8-4469-8650-2cbff99665a6,2026-09-01T23:15:00Z,2026-09-02T01:15:00+0200,117.716,MW,DK2,DK_2,actual_onshore_wind_generation,Wind Onshore,2026-09-03T19:17:13Z
2026-09-03T19:16:26Z,2026-09-03T21:16:26+0200,3c4e546c-63a8-4469-8650-2cbff99665a6,2026-09-01T23:30:00Z,2026-09-02T01:30:00+0200,109.836,MW,DK2,DK_2,actual_onshore_wind_generation,Wind Onshore,2026-09-03T19:17:13Z
2026-09-03T19:16:26Z,2026-09-03T21:16:26+0200,3c4e546c-63a8-4469-8650-2cbff99665a6,2026-09-01T23:45:00Z,2026-09-02T01:45:00+0200,91.6091,MW,DK2,DK_2,actual_onshore_wind_generation,Wind Onshore,2026-09-03T19:17:13Z
2026-09-03T19:16:26Z,2026-09-03T21:16:26+0200,3c4e546c-63a8-4469-8650-2cbff99665a6,2026-09-02T00:00:00Z,2026-09-02T02:00:00+0200,81.4947,MW,DK2,DK_2,actual_onshore_wind_generation,Wind Onshore,2026-09-03T19:17:13Z
2026-09-03T19:16:26Z,2026-09-03T21:16:26+0200,3c4e546c-63a8-4469-8650-2cbff99665a6,2026-09-02T00:15:00Z,2026-09-02T02:15:00+0200,73.1401,MW,DK2,DK_2,actual_onshore_wind_generation,Wind Onshore,2026-09-03T19:17:13Z
2026-09-03T19:16:26Z,2026-09-03T21:16:26+0200,3c4e546c-63a8-4469-8650-2cbff99665a6,2026-09-02T00:30:00Z,2026-09-02T02:30:00+0200,71.2371,MW,DK2,DK_2,actual_onshore_wind_generation,Wind Onshore,2026-09-03T19:17:13Z
2026-09-03T19:16:26Z,2026-09-03T21:16:26+0200,3c4e546c-63a8-4469-8650-2cbff99665a6,2026-09-02T00:45:00Z,2026-09-02T02:45:00+0200,72.9398,MW,DK2,DK_2,actual_onshore_wind_generation,Wind Onshore,2026-09-03T19:17:13Z
2026-09-03T19:16:26Z,2026-09-03T21:16:26+0200,3c4e546c-63a8-4469-8650-2cbff99665a6,2026-09-02T01:00:00Z,2026-09-02T03:00:00+0200,75.127,MW,DK2,DK_2,actual_onshore_wind_generation,Wind Onshore,2026-09-03T19:17:13Z
2026-09-03T19:16:26Z,2026-09-03T21:16:26+0200,3c4e546c-63a8-4469-8650-2cbff99665a6,2026-09-02T01:15:00Z,2026-09-02T03:15:00+0200,82.7288,MW,DK2,DK_2,actual_onshore_wind_generation,Wind Onshore,2026-09-03T19:17:13Z
2026-09-03T19:16:26Z,2026-09-03T21:16:26+0200,3c4e546c-63a8-4469-8650-2cbff99665a6,2026-09-02T01:30:00Z,2026-09-02T03:30:00+0200,87.1575,MW,DK2,DK_2,actual_onshore_wind_generation,Wind Onshore,2026-09-03T19:17:13Z
2026-09-03T19:16:26Z,2026-09-03T21:16:26+0200,3c4e546c-63a8-4469-8650-2cbff99665a6,2026-09-02T01:45:00Z,2026-09-02T03:45:00+0200,97.7897,MW,DK2,DK_2,actual_onshore_wind_generation,Wind Onshore,2026-09-03T19:17:13Z
2026-09-03T19:16:26Z,2026-09-03T21:16:26+0200,3c4e546c-63a8-4469-8650-2cbff99665a6,2026-09-02T02:00:00Z,2026-09-02T04:00:00+0200,107.016,MW,DK2,DK_2,actual_onshore_wind_generation,Wind Onshore,2026-09-03T19:17:13Z
2026-09-03T19:16:26Z,2026-09-03T21:16:26+0200,3c4e546c-63a8-4469-8650-2cbff99665a6,2026-09-02T02:15:00Z,2026-09-02T04:15:00+0200,113.015,MW,DK2,DK_2,actual_onshore_wind_generation,Wind Onshore,2026-09-03T19:17:13Z
2026-09-03T19:16:26Z,2026-09-03T21:16:26+0200,3c4e546c-63a8-4469-8650-2cbff99665a6,2026-09-02T02:30:00Z,2026-09-02T04:30:00+0200,116.556,MW,DK2,DK_2,actual_onshore_wind_generation,Wind Onshore,2026-09-03T19:17:13Z
2026-09-03T19:16:26Z,2026-09-03T21:16:26+0200,3c4e546c-63a8-4469-8650-2cbff99665a6,2026-09-02T02:45:00Z,2026-09-02T04:45:00+0200,118.586,MW,DK2,DK_2,actual_onshore_wind_generation,Wind Onshore,2026-09-03T19:17:13Z
2026-09-03T19:16:26Z,2026-09-03T21:16:26+0200,3c4e546c-63a8-4469-8650-2cbff99665a6,2026-09-02T03:00:00Z,2026-09-02T05:00:00+0200,114.801,MW,DK2,DK_2,actual_onshore_wind_generation,Wind Onshore,2026-09-03T19:17:13Z
2026-09-03T19:16:26Z,2026-09-03T21:16:26+0200,3c4e546c-63a8-4469-8650-2cbff99665a6,2026-09-02T03:15:00Z,2026-09-02T05:15:00+0200,127.309,MW,DK2,DK_2,actual_onshore_wind_generation,Wind Onshore,2026-09-03T19:17:13Z
2026-09-03T19:16:26Z,2026-09-03T21:16:26+0200,3c4e546c-63a8-4469-8650-2cbff99665a6,2026-09-02T03:30:00Z,2026-09-02T05:30:00+0200,137.402,MW,DK2,DK_2,actual_onshore_wind_generation,Wind Onshore,2026-09-03T19:17:13Z
2026-09-03T19:16:26Z,2026-09-03T21:16:26+0200,3c4e546c-63a8-4469-8650-2cbff99665a6,2026-09-02T03:45:00Z,2026-09-02T05:45:00+0200,134.324,MW,DK2,DK_2,actual_onshore_wind_generation,Wind Onshore,2026-09-03T19:17:13Z
2026-09-03T19:16:26Z,2026-09-03T21:16:26+0200,3c4e546c-63a8-4469-8650-2cbff99665a6,2026-09-02T04:00:00Z,2026-09-02T06:00:00+0200,129.678,MW,DK2,DK_2,actual_onshore_wind_generation,Wind Onshore,2026-09-03T19:17:13Z
2026-09-03T19:16:26Z,2026-09-03T21:16:26+0200,3c4e546c-63a8-4469-8650-2cbff99665a6,2026-09-02T04:15:00Z,2026-09-02T06:15:00+0200,129.95,MW,DK2,DK_2,actual_onshore_wind_generation,Wind Onshore,2026-09-03T19:17:13Z
2026-09-03T19:16:26Z,2026-09-03T21:16:26+0200,3c4e546c-63a8-4469-8650-2cbff99665a6,2026-09-02T04:30:00Z,2026-09-02T06:30:00+0200,147.242,MW,DK2,DK_2,actual_onshore_wind_generation,Wind Onshore,2026-09-03T19:17:13Z
2026-09-03T19:16:26Z,2026-09-03T21:16:26+0200,3c4e546c-63a8-4469-8650-2cbff99665a6,2026-09-02T04:45:00Z,2026-09-02T06:45:00+0200,151.653,MW,DK2,DK_2,actual_onshore_wind_generation,Wind Onshore,2026-09-03T19:17:13Z
2026-09-03T19:16:26Z,2026-09-03T21:16:26+0200,3c4e546c-63a8-4469-8650-2cbff99665a6,2026-09-02T05:00:00Z,2026-09-02T07:00:00+0200,159.249,MW,DK2,DK_2,actual_onshore_wind_generation,Wind Onshore,2026-09-03T19:17:13Z
2026-09-03T19:16:26Z,2026-09-03T21:16:26+0200,3c4e546c-63a8-4469-8650-2cbff99665a6,2026-09-02T05:15:00Z,2026-09-02T07:15:00+0200,147.567,MW,DK2,DK_2,actual_onshore_wind_generation,Wind Onshore,2026-09-03T19:17:13Z
2026-09-03T19:16:26Z,2026-09-03T21:16:26+0200,3c4e546c-63a8-4469-8650-2cbff99665a6,2026-09-02T05:30:00Z,2026-09-02T07:30:00+0200,147.818,MW,DK2,DK_2,actual_onshore_wind_generation,Wind Onshore,2026-09-03T19:17:13Z
2026-09-03T19:16:26Z,2026-09-03T21:16:26+0200,3c4e546c-63a8-4469-8650-2cbff99665a6,2026-09-02T05:45:00Z,2026-09-02T07:45:00+0200,158.594,MW,DK2,DK_2,actual_onshore_wind_generation,Wind Onshore,2026-09-03T19:17:13Z
2026-09-03T19:16:26Z,2026-09-03T21:16:26+0200,3c4e546c-63a8-4469-8650-2cbff99665a6,2026-09-02T06:00:00Z,2026-09-02T08:00:00+0200,166.885,MW,DK2,DK_2,actual_onshore_wind_generation,Wind Onshore,2026-09-03T19:17:13Z
2026-09-03T19:16:26Z,2026-09-03T21:16:26+0200,3c4e546c-63a8-4469-8650-2cbff99665a6,2026-09-02T06:15:00Z,2026-09-02T08:15:00+0200,169.157,MW,DK2,DK_2,actual_onshore_wind_generation,Wind Onshore,2026-09-03T19:17:13Z
2026-09-03T19:16:26Z,2026-09-03T21:16:26+0200,3c4e546c-63a8-4469-8650-2cbff99665a6,2026-09-02T06:30:00Z,2026-09-02T08:30:00+0200,181.785,MW,DK2,DK_2,actual_onshore_wind_generation,Wind Onshore,2026-09-03T19:17:13Z
2026-09-03T19:16:26Z,2026-09-03T21:16:26+0200,3c4e546c-63a8-4469-8650-2cbff99665a6,2026-09-02T06:45:00Z,2026-09-02T08:45:00+0200,193.643,MW,DK2,DK_2,actual_onshore_wind_generation,Wind Onshore,2026-09-03T19:17:13Z
2026-09-03T19:16:26Z,2026-09-03T21:16:26+0200,3c4e546c-63a8-4469-8650-2cbff99665a6,2026-09-02T07:00:00Z,2026-09-02T09:00:00+0200,196.366,MW,DK2,DK_2,actual_onshore_wind_generation,Wind Onshore,2026-09-03T19:17:13Z
2026-09-03T19:16:26Z,2026-09-03T21:16:26+0200,3c4e546c-63a8-4469-8650-2cbff99665a6,2026-09-02T07:15:00Z,2026-09-02T09:15:00+0200,200.472,MW,DK2,DK_2,actual_onshore_wind_generation,Wind Onshore,2026-09-03T19:17:13Z
2026-09-03T19:16:26Z,2026-09-03T21:16:26+0200,3c4e546c-63a8-4469-8650-2cbff99665a6,2026-09-02T07:30:00Z,2026-09-02T09:30:00+0200,210.466,MW,DK2,DK_2,actual_onshore_wind_generation,Wind Onshore,2026-09-03T19:17:13Z
2026-09-03T19:16:26Z,2026-09-03T21:16:26+0200,3c4e546c-63a8-4469-8650-2cbff99665a6,2026-09-02T07:45:00Z,2026-09-02T09:45:00+0200,224.781,MW,DK2,DK_2,actual_onshore_wind_generation,Wind Onshore,2026-09-03T19:17:13Z
2026-09-03T19:16:26Z,2026-09-03T21:16:26+0200,3c4e546c-63a8-4469-8650-2cbff99665a6,2026-09-02T08:00:00Z,2026-09-02T10:00:00+0200,230.343,MW,DK2,DK_2,actual_onshore_wind_generation,Wind Onshore,2026-09-03T19:17:13Z
2026-09-03T19:16:26Z,2026-09-03T21:16:26+0200,3c4e546c-63a8-4469-8650-2cbff99665a6,2026-09-02T08:15:00Z,2026-09-02T10:15:00+0200,217.093,MW,DK2,DK_2,actual_onshore_wind_generation,Wind Onshore,2026-09-03T19:17:13Z
2026-09-03T19:16:26Z,2026-09-03T21:16:26+0200,3c4e546c-63a8-4469-8650-2cbff99665a6,2026-09-02T08:30:00Z,2026-09-02T10:30:00+0200,234.296,MW,DK2,DK_2,actual_onshore_wind_generation,Wind Onshore,2026-09-03T19:17:13Z
2026-09-03T19:16:26Z,2026-09-03T21:16:26+0200,3c4e546c-63a8-4469-8650-2cbff99665a6,2026-09-02T08:45:00Z,2026-09-02T10:45:00+0200,231.874,MW,DK2,DK_2,actual_onshore_wind_generation,Wind Onshore,2026-09-03T19:17:13Z
2026-09-03T19:16:26Z,2026-09-03T21:16:26+0200,3c4e546c-63a8-4469-8650-2cbff99665a6,2026-09-02T09:00:00Z,2026-09-02T11:00:00+0200,235.665,MW,DK2,DK_2,actual_onshore_wind_generation,Wind Onshore,2026-09-03T19:17:13Z
2026-09-03T19:16:26Z,2026-09-03T21:16:26+0200,3c4e546c-63a8-4469-8650-2cbff99665a6,2026-09-02T09:15:00Z,2026-09-02T11:15:00+0200,224.941,MW,DK2,DK_2,actual_onshore_wind_generation,Wind Onshore,2026-09-03T19:17:13Z
2026-09-03T19:16:26Z,2026-09-03T21:16:26+0200,3c4e546c-63a8-4469-8650-2cbff99665a6,2026-09-02T09:30:00Z,2026-09-02T11:30:00+0200,230.004,MW,DK2,DK_2,actual_onshore_wind_generation,Wind Onshore,2026-09-03T19:17:13Z
2026-09-03T19:16:26Z,2026-09-03T21:16:26+0200,3c4e546c-63a8-4469-8650-2cbff99665a6,2026-09-02T09:45:00Z,2026-09-02T11:45:00+0200,248.148,MW,DK2,DK_2,actual_onshore_wind_generation,Wind Onshore,2026-09-03T19:17:13Z
2026-09-03T19:16:26Z,2026-09-03T21:16:26+0200,3c4e546c-63a8-4469-8650-2cbff99665a6,2026-09-02T10:00:00Z,2026-09-02T12:00:00+0200,254.494,MW,DK2,DK_2,actual_onshore_wind_generation,Wind Onshore,2026-09-03T19:17:13Z
2026-09-03T19:16:26Z,2026-09-03T21:16:26+0200,3c4e546c-63a8-4469-8650-2cbff99665a6,2026-09-02T10:15:00Z,2026-09-02T12:15:00+0200,255.213,MW,DK2,DK_2,actual_onshore_wind_generation,Wind Onshore,2026-09-03T19:17:13Z
2026-09-03T19:16:26Z,2026-09-03T21:16:26+0200,3c4e546c-63a8-4469-8650-2cbff99665a6,2026-09-02T10:30:00Z,2026-09-02T12:30:00+0200,269.632,MW,DK2,DK_2,actual_onshore_wind_generation,Wind Onshore,2026-09-03T19:17:13Z
2026-09-03T19:16:26Z,2026-09-03T21:16:26+0200,3c4e546c-63a8-4469-8650-2cbff99665a6,2026-09-02T10:45:00Z,2026-09-02T12:45:00+0200,262.847,MW,DK2,DK_2,actual_onshore_wind_generation,Wind Onshore,2026-09-03T19:17:13Z
2026-09-03T19:16:26Z,2026-09-03T21:16:26+0200,3c4e546c-63a8-4469-8650-2cbff99665a6,2026-09-02T11:00:00Z,2026-09-02T13:00:00+0200,258.235,MW,DK2,DK_2,actual_onshore_wind_generation,Wind Onshore,2026-09-03T19:17:13Z
2026-09-03T19:16:26Z,2026-09-03T21:16:26+0200,3c4e546c-63a8-4469-8650-2cbff99665a6,2026-09-02T11:15:00Z,2026-09-02T13:15:00+0200,273.065,MW,DK2,DK_2,actual_onshore_wind_generation,Wind Onshore,2026-09-03T19:17:13Z
2026-09-03T19:16:26Z,2026-09-03T21:16:26+0200,3c4e546c-63a8-4469-8650-2cbff99665a6,2026-09-02T11:30:00Z,2026-09-02T13:30:00+0200,306.364,MW,DK2,DK_2,actual_onshore_wind_generation,Wind Onshore,2026-09-03T19:17:13Z
2026-09-03T19:16:26Z,2026-09-03T21:16:26+0200,3c4e546c-63a8-4469-8650-2cbff99665a6,2026-09-02T11:45:00Z,2026-09-02T13:45:00+0200,309.139,MW,DK2,DK_2,actual_onshore_wind_generation,Wind Onshore,2026-09-03T19:17:13Z
2026-09-03T19:16:26Z,2026-09-03T21:16:26+0200,3c4e546c-63a8-4469-8650-2cbff99665a6,2026-09-02T12:00:00Z,2026-09-02T14:00:00+0200,306.358,MW,DK2,DK_2,actual_onshore_wind_generation,Wind Onshore,2026-09-03T19:17:13Z
2026-09-03T19:16:26Z,2026-09-03T21:16:26+0200,3c4e546c-63a8-4469-8650-2cbff99665a6,2026-09-02T12:15:00Z,2026-09-02T14:15:00+0200,273.163,MW,DK2,DK_2,actual_onshore_wind_generation,Wind Onshore,2026-09-03T19:17:13Z
2026-09-03T19:16:26Z,2026-09-03T21:16:26+0200,3c4e546c-63a8-4469-8650-2cbff99665a6,2026-09-02T12:30:00Z,2026-09-02T14:30:00+0200,252.219,MW,DK2,DK_2,actual_onshore_wind_generation,Wind Onshore,2026-09-03T19:17:13Z
2026-09-03T19:16:26Z,2026-09-03T21:16:26+0200,3c4e546c-63a8-4469-8650-2cbff99665a6,2026-09-02T12:45:00Z,2026-09-02T14:45:00+0200,256.126,MW,DK2,DK_2,actual_onshore_wind_generation,Wind Onshore,2026-09-03T19:17:13Z
2026-09-03T19:16:26Z,2026-09-03T21:16:26+0200,3c4e546c-63a8-4469-8650-2cbff99665a6,2026-09-02T13:00:00Z,2026-09-02T15:00:00+0200,233.722,MW,DK2,DK_2,actual_onshore_wind_generation,Wind Onshore,2026-09-03T19:17:13Z
2026-09-03T19:16:26Z,2026-09-03T21:16:26+0200,3c4e546c-63a8-4469-8650-2cbff99665a6,2026-09-02T13:15:00Z,2026-09-02T15:15:00+0200,211.948,MW,DK2,DK_2,actual_onshore_wind_generation,Wind Onshore,2026-09-03T19:17:13Z
2026-09-03T19:16:26Z,2026-09-03T21:16:26+0200,3c4e546c-63a8-4469-8650-2cbff99665a6,2026-09-02T13:30:00Z,2026-09-02T15:30:00+0200,196.912,MW,DK2,DK_2,actual_onshore_wind_generation,Wind Onshore,2026-09-03T19:17:13Z
2026-09-03T19:16:26Z,2026-09-03T21:16:26+0200,3c4e546c-63a8-4469-8650-2cbff99665a6,2026-09-02T13:45:00Z,2026-09-02T15:45:00+0200,194.317,MW,DK2,DK_2,actual_onshore_wind_generation,Wind Onshore,2026-09-03T19:17:13Z
2026-09-03T19:16:26Z,2026-09-03T21:16:26+0200,3c4e546c-63a8-4469-8650-2cbff99665a6,2026-09-02T14:00:00Z,2026-09-02T16:00:00+0200,205.575,MW,DK2,DK_2,actual_onshore_wind_generation,Wind Onshore,2026-09-03T19:17:13Z
2026-09-03T19:16:26Z,2026-09-03T21:16:26+0200,3c4e546c-63a8-4469-8650-2cbff99665a6,2026-09-02T14:15:00Z,2026-09-02T16:15:00+0200,202.216,MW,DK2,DK_2,actual_onshore_wind_generation,Wind Onshore,2026-09-03T19:17:13Z
2026-09-03T19:16:26Z,2026-09-03T21:16:26+0200,3c4e546c-63a8-4469-8650-2cbff99665a6,2026-09-02T14:30:00Z,2026-09-02T16:30:00+0200,181.314,MW,DK2,DK_2,actual_onshore_wind_generation,Wind Onshore,2026-09-03T19:17:13Z
2026-09-03T19:16:26Z,2026-09-03T21:16:26+0200,3c4e546c-63a8-4469-8650-2cbff99665a6,2026-09-02T14:45:00Z,2026-09-02T16:45:00+0200,178.307,MW,DK2,DK_2,actual_onshore_wind_generation,Wind Onshore,2026-09-03T19:17:13Z
2026-09-03T19:16:26Z,2026-09-03T21:16:26+0200,3c4e546c-63a8-4469-8650-2cbff99665a6,2026-09-02T15:00:00Z,2026-09-02T17:00:00+0200,198.299,MW,DK2,DK_2,actual_onshore_wind_generation,Wind Onshore,2026-09-03T19:17:13Z
2026-09-03T19:16:26Z,2026-09-03T21:16:26+0200,3c4e546c-63a8-4469-8650-2cbff99665a6,2026-09-02T15:15:00Z,2026-09-02T17:15:00+0200,195.838,MW,DK2,DK_2,actual_onshore_wind_generation,Wind Onshore,2026-09-03T19:17:13Z
2026-09-03T19:16:26Z,2026-09-03T21:16:26+0200,3c4e546c-63a8-4469-8650-2cbff99665a6,2026-09-02T15:30:00Z,2026-09-02T17:30:00+0200,204.894,MW,DK2,DK_2,actual_onshore_wind_generation,Wind Onshore,2026-09-03T19:17:13Z
2026-09-03T19:16:26Z,2026-09-03T21:16:26+0200,3c4e546c-63a8-4469-8650-2cbff99665a6,2026-09-02T15:45:00Z,2026-09-02T17:45:00+0200,203.445,MW,DK2,DK_2,actual_onshore_wind_generation,Wind Onshore,2026-09-03T19:17:13Z
2026-09-03T19:16:26Z,2026-09-03T21:16:26+0200,3c4e546c-63a8-4469-8650-2cbff99665a6,2026-09-02T16:00:00Z,2026-09-02T18:00:00+0200,188.666,MW,DK2,DK_2,actual_onshore_wind_generation,Wind Onshore,2026-09-03T19:17:13Z
2026-09-03T19:16:26Z,2026-09-03T21:16:26+0200,3c4e546c-63a8-4469-8650-2cbff99665a6,2026-09-02T16:15:00Z,2026-09-02T18:15:00+0200,176.944,MW,DK2,DK_2,actual_onshore_wind_generation,Wind Onshore,2026-09-03T19:17:13Z
2026-09-03T19:16:26Z,2026-09-03T21:16:26+0200,3c4e546c-63a8-4469-8650-2cbff99665a6,2026-09-02T16:30:00Z,2026-09-02T18:30:00+0200,163.252,MW,DK2,DK_2,actual_onshore_wind_generation,Wind Onshore,2026-09-03T19:17:13Z
2026-09-03T19:16:26Z,2026-09-03T21:16:26+0200,3c4e546c-63a8-4469-8650-2cbff99665a6,2026-09-02T16:45:00Z,2026-09-02T18:45:00+0200,166.402,MW,DK2,DK_2,actual_onshore_wind_generation,Wind Onshore,2026-09-03T19:17:13Z
2026-09-03T19:16:26Z,2026-09-03T21:16:26+0200,3c4e546c-63a8-4469-8650-2cbff99665a6,2026-09-02T17:00:00Z,2026-09-02T19:00:00+0200,163.868,MW,DK2,DK_2,actual_onshore_wind_generation,Wind Onshore,2026-09-03T19:17:13Z
2026-09-03T19:16:26Z,2026-09-03T21:16:26+0200,3c4e546c-63a8-4469-8650-2cbff99665a6,2026-09-02T17:15:00Z,2026-09-02T19:15:00+0200,123.01,MW,DK2,DK_2,actual_onshore_wind_generation,Wind Onshore,2026-09-03T19:17:13Z
2026-09-03T19:16:26Z,2026-09-03T21:16:26+0200,3c4e546c-63a8-4469-8650-2cbff99665a6,2026-09-02T17:30:00Z,2026-09-02T19:30:00+0200,105.279,MW,DK2,DK_2,actual_onshore_wind_generation,Wind Onshore,2026-09-03T19:17:13Z
2026-09-03T19:16:26Z,2026-09-03T21:16:26+0200,3c4e546c-63a8-4469-8650-2cbff99665a6,2026-09-02T17:45:00Z,2026-09-02T19:45:00+0200,95.3325,MW,DK2,DK_2,actual_onshore_wind_generation,Wind Onshore,2026-09-03T19:17:13Z
2026-09-03T19:16:26Z,2026-09-03T21:16:26+0200,3c4e546c-63a8-4469-8650-2cbff99665a6,2026-09-02T18:00:00Z,2026-09-02T20:00:00+0200,84.529,MW,DK2,DK_2,actual_onshore_wind_generation,Wind Onshore,2026-09-03T19:17:13Z
2026-09-03T19:16:26Z,2026-09-03T21:16:26+0200,3c4e546c-63a8-4469-8650-2cbff99665a6,2026-09-02T18:15:00Z,2026-09-02T20:15:00+0200,78.111,MW,DK2,DK_2,actual_onshore_wind_generation,Wind Onshore,2026-09-03T19:17:13Z
2026-09-03T19:16:26Z,2026-09-03T21:16:26+0200,3c4e546c-63a8-4469-8650-2cbff99665a6,2026-09-02T18:30:00Z,2026-09-02T20:30:00+0200,79.3855,MW,DK2,DK_2,actual_onshore_wind_generation,Wind Onshore,2026-09-03T19:17:13Z
2026-09-03T19:16:26Z,2026-09-03T21:16:26+0200,3c4e546c-63a8-4469-8650-2cbff99665a6,2026-09-02T18:45:00Z,2026-09-02T20:45:00+0200,98.2287,MW,DK2,DK_2,actual_onshore_wind_generation,Wind Onshore,2026-09-03T19:17:13Z
2026-09-03T19:16:26Z,2026-09-03T21:16:26+0200,3c4e546c-63a8-4469-8650-2cbff99665a6,2026-09-02T19:00:00Z,2026-09-02T21:00:00+0200,91.575,MW,DK2,DK_2,actual_onshore_wind_generation,Wind Onshore,2026-09-03T19:17:13Z
2026-09-03T19:16:26Z,2026-09-03T21:16:26+0200,3c4e546c-63a8-4469-8650-2cbff99665a6,2026-09-02T19:15:00Z,2026-09-02T21:15:00+0200,93.9901,MW,DK2,DK_2,actual_onshore_wind_generation,Wind Onshore,2026-09-03T19:17:13Z
2026-09-03T19:16:26Z,2026-09-03T21:16:26+0200,3c4e546c-63a8-4469-8650-2cbff99665a6,2026-09-02T19:30:00Z,2026-09-02T21:30:00+0200,110.859,MW,DK2,DK_2,actual_onshore_wind_generation,Wind Onshore,2026-09-03T19:17:13Z
2026-09-03T19:16:26Z,2026-09-03T21:16:26+0200,3c4e546c-63a8-4469-8650-2cbff99665a6,2026-09-02T19:45:00Z,2026-09-02T21:45:00+0200,122.149,MW,DK2,DK_2,actual_onshore_wind_generation,Wind Onshore,2026-09-03T19:17:13Z
2026-09-03T19:16:26Z,2026-09-03T21:16:26+0200,3c4e546c-63a8-4469-8650-2cbff99665a6,2026-09-02T20:00:00Z,2026-09-02T22:00:00+0200,134.534,MW,DK2,DK_2,actual_onshore_wind_generation,Wind Onshore,2026-09-03T19:17:13Z
2026-09-03T19:16:26Z,2026-09-03T21:16:26+0200,3c4e546c-63a8-4469-8650-2cbff99665a6,2026-09-02T20:15:00Z,2026-09-02T22:15:00+0200,147.22,MW,DK2,DK_2,actual_onshore_wind_generation,Wind Onshore,2026-09-03T19:17:13Z
2026-09-03T19:16:26Z,2026-09-03T21:16:26+0200,3c4e546c-63a8-4469-8650-2cbff99665a6,2026-09-02T20:30:00Z,2026-09-02T22:30:00+0200,147.033,MW,DK2,DK_2,actual_onshore_wind_generation,Wind Onshore,2026-09-03T19:17:13Z
2026-09-03T19:16:26Z,2026-09-03T21:16:26+0200,3c4e546c-63a8-4469-8650-2cbff99665a6,2026-09-02T20:45:00Z,2026-09-02T22:45:00+0200,144.901,MW,DK2,DK_2,actual_onshore_wind_generation,Wind Onshore,2026-09-03T19:17:13Z
2026-09-03T19:16:26Z,2026-09-03T21:16:26+0200,3c4e546c-63a8-4469-8650-2cbff99665a6,2026-09-02T21:00:00Z,2026-09-02T23:00:00+0200,146.225,MW,DK2,DK_2,actual_onshore_wind_generation,Wind Onshore,2026-09-03T19:17:13Z
2026-09-03T19:16:26Z,2026-09-03T21:16:26+0200,3c4e546c-63a8-4469-8650-2cbff99665a6,2026-09-02T21:15:00Z,2026-09-02T23:15:00+0200,145.621,MW,DK2,DK_2,actual_onshore_wind_generation,Wind Onshore,2026-09-03T19:17:13Z
2026-09-03T19:16:26Z,2026-09-03T21:16:26+0200,3c4e546c-63a8-4469-8650-2cbff99665a6,2026-09-02T21:30:00Z,2026-09-02T23:30:00+0200,147.34,MW,DK2,DK_2,actual_onshore_wind_generation,Wind Onshore,2026-09-03T19:17:13Z
2026-09-03T19:16:26Z,2026-09-03T21:16:26+0200,3c4e546c-63a8-4469-8650-2cbff99665a6,2026-09-02T21:45:00Z,2026-09-02T23:45:00+0200,144.314,MW,DK2,DK_2,actual_onshore_wind_generation,Wind Onshore,2026-09-03T19:17:13Z
2026-09-03T19:16:26Z,2026-09-03T21:16:26+0200,3c4e546c-63a8-4469-8650-2cbff99665a6,2026-09-02T22:00:00Z,2026-09-03T00:00:00+0200,142.147,MW,DK2,DK_2,actual_onshore_wind_generation,Wind Onshore,2026-09-03T19:17:13Z
2026-09-03T19:16:26Z,2026-09-03T21:16:26+0200,3c4e546c-63a8-4469-8650-2cbff99665a6,2026-09-02T22:15:00Z,2026-09-03T00:15:00+0200,135.286,MW,DK2,DK_2,actual_onshore_wind_generation,Wind Onshore,2026-09-03T19:17:13Z
2026-09-03T19:16:26Z,2026-09-03T21:16:26+0200,3c4e546c-63a8-4469-8650-2cbff99665a6,2026-09-02T22:30:00Z,2026-09-03T00:30:00+0200,134.29,MW,DK2,DK_2,actual_onshore_wind_generation,Wind Onshore,2026-09-03T19:17:13Z
2026-09-03T19:16:26Z,2026-09-03T21:16:26+0200,3c4e546c-63a8-4469-8650-2cbff99665a6,2026-09-02T22:45:00Z,2026-09-03T00:45:00+0200,129.933,MW,DK2,DK_2,actual_onshore_wind_generation,Wind Onshore,2026-09-03T19:17:13Z
2026-09-03T19:16:26Z,2026-09-03T21:16:26+0200,3c4e546c-63a8-4469-8650-2cbff99665a6,2026-09-02T23:00:00Z,2026-09-03T01:00:00+0200,112.96,MW,DK2,DK_2,actual_onshore_wind_generation,Wind Onshore,2026-09-03T19:17:13Z
2026-09-03T19:16:26Z,2026-09-03T21:16:26+0200,3c4e546c-63a8-4469-8650-2cbff99665a6,2026-09-02T23:15:00Z,2026-09-03T01:15:00+0200,110.69,MW,DK2,DK_2,actual_onshore_wind_generation,Wind Onshore,2026-09-03T19:17:13Z
2026-09-03T19:16:26Z,2026-09-03T21:16:26+0200,3c4e546c-63a8-4469-8650-2cbff99665a6,2026-09-02T23:30:00Z,2026-09-03T01:30:00+0200,114.965,MW,DK2,DK_2,actual_onshore_wind_generation,Wind Onshore,2026-09-03T19:17:13Z
2026-09-03T19:16:26Z,2026-09-03T21:16:26+0200,3c4e546c-63a8-4469-8650-2cbff99665a6,2026-09-02T23:45:00Z,2026-09-03T01:45:00+0200,116.282,MW,DK2,DK_2,actual_onshore_wind_generation,Wind Onshore,2026-09-03T19:17:13Z
2026-09-03T19:16:26Z,2026-09-03T21:16:26+0200,3c4e546c-63a8-4469-8650-2cbff99665a6,2026-09-03T00:00:00Z,2026-09-03T02:00:00+0200,111.661,MW,DK2,DK_2,actual_onshore_wind_generation,Wind Onshore,2026-09-03T19:17:13Z
2026-09-03T19:16:26Z,2026-09-03T21:16:26+0200,3c4e546c-63a8-4469-8650-2cbff99665a6,2026-09-03T00:15:00Z,2026-09-03T02:15:00+0200,107.37,MW,DK2,DK_2,actual_onshore_wind_generation,Wind Onshore,2026-09-03T19:17:13Z
2026-09-03T19:16:26Z,2026-09-03T21:16:26+0200,3c4e546c-63a8-4469-8650-2cbff99665a6,2026-09-03T00:30:00Z,2026-09-03T02:30:00+0200,108.52,MW,DK2,DK_2,actual_onshore_wind_generation,Wind Onshore,2026-09-03T19:17:13Z
2026-09-03T19:16:26Z,2026-09-03T21:16:26+0200,3c4e546c-63a8-4469-8650-2cbff99665a6,2026-09-03T00:45:00Z,2026-09-03T02:45:00+0200,112.051,MW,DK2,DK_2,actual_onshore_wind_generation,Wind Onshore,2026-09-03T19:17:13Z
2026-09-03T19:16:26Z,2026-09-03T21:16:26+0200,3c4e546c-63a8-4469-8650-2cbff99665a6,2026-09-03T01:00:00Z,2026-09-03T03:00:00+0200,109.887,MW,DK2,DK_2,actual_onshore_wind_generation,Wind Onshore,2026-09-03T19:17:13Z
2026-09-03T19:16:26Z,2026-09-03T21:16:26+0200,3c4e546c-63a8-4469-8650-2cbff99665a6,2026-09-03T01:15:00Z,2026-09-03T03:15:00+0200,102.166,MW,DK2,DK_2,actual_onshore_wind_generation,Wind Onshore,2026-09-03T19:17:13Z
2026-09-03T19:16:26Z,2026-09-03T21:16:26+0200,3c4e546c-63a8-4469-8650-2cbff99665a6,2026-09-03T01:30:00Z,2026-09-03T03:30:00+0200,99.9732,MW,DK2,DK_2,actual_onshore_wind_generation,Wind Onshore,2026-09-03T19:17:13Z
2026-09-03T19:16:26Z,2026-09-03T21:16:26+0200,3c4e546c-63a8-4469-8650-2cbff99665a6,2026-09-03T01:45:00Z,2026-09-03T03:45:00+0200,99.2252,MW,DK2,DK_2,actual_onshore_wind_generation,Wind Onshore,2026-09-03T19:17:13Z
2026-09-03T19:16:26Z,2026-09-03T21:16:26+0200,3c4e546c-63a8-4469-8650-2cbff99665a6,2026-09-03T02:00:00Z,2026-09-03T04:00:00+0200,95.226,MW,DK2,DK_2,actual_onshore_wind_generation,Wind Onshore,2026-09-03T19:17:13Z
2026-09-03T19:16:26Z,2026-09-03T21:16:26+0200,3c4e546c-63a8-4469-8650-2cbff99665a6,2026-09-03T02:15:00Z,2026-09-03T04:15:00+0200,101.345,MW,DK2,DK_2,actual_onshore_wind_generation,Wind Onshore,2026-09-03T19:17:13Z
2026-09-03T19:16:26Z,2026-09-03T21:16:26+0200,3c4e546c-63a8-4469-8650-2cbff99665a6,2026-09-03T02:30:00Z,2026-09-03T04:30:00+0200,99.1437,MW,DK2,DK_2,actual_onshore_wind_generation,Wind Onshore,2026-09-03T19:17:13Z
2026-09-03T19:16:26Z,2026-09-03T21:16:26+0200,3c4e546c-63a8-4469-8650-2cbff99665a6,2026-09-03T02:45:00Z,2026-09-03T04:45:00+0200,93.8965,MW,DK2,DK_2,actual_onshore_wind_generation,Wind Onshore,2026-09-03T19:17:13Z
2026-09-03T19:16:26Z,2026-09-03T21:16:26+0200,3c4e546c-63a8-4469-8650-2cbff99665a6,2026-09-03T03:00:00Z,2026-09-03T05:00:00+0200,96.273,MW,DK2,DK_2,actual_onshore_wind_generation,Wind Onshore,2026-09-03T19:17:13Z
2026-09-03T19:16:26Z,2026-09-03T21:16:26+0200,3c4e546c-63a8-4469-8650-2cbff99665a6,2026-09-03T03:15:00Z,2026-09-03T05:15:00+0200,97.9919,MW,DK2,DK_2,actual_onshore_wind_generation,Wind Onshore,2026-09-03T19:17:13Z
2026-09-03T19:16:26Z,2026-09-03T21:16:26+0200,3c4e546c-63a8-4469-8650-2cbff99665a6,2026-09-03T03:30:00Z,2026-09-03T05:30:00+0200,92.8185,MW,DK2,DK_2,actual_onshore_wind_generation,Wind Onshore,2026-09-03T19:17:13Z
2026-09-03T19:16:26Z,2026-09-03T21:16:26+0200,3c4e546c-63a8-4469-8650-2cbff99665a6,2026-09-03T03:45:00Z,2026-09-03T05:45:00+0200,94.9019,MW,DK2,DK_2,actual_onshore_wind_generation,Wind Onshore,2026-09-03T19:17:13Z
2026-09-03T19:16:26Z,2026-09-03T21:16:26+0200,3c4e546c-63a8-4469-8650-2cbff99665a6,2026-09-03T04:00:00Z,2026-09-03T06:00:00+0200,90.8214,MW,DK2,DK_2,actual_onshore_wind_generation,Wind Onshore,2026-09-03T19:17:13Z
2026-09-03T19:16:26Z,2026-09-03T21:16:26+0200,3c4e546c-63a8-4469-8650-2cbff99665a6,2026-09-03T04:15:00Z,2026-09-03T06:15:00+0200,95.6244,MW,DK2,DK_2,actual_onshore_wind_generation,Wind Onshore,2026-09-03T19:17:13Z
2026-09-03T19:16:26Z,2026-09-03T21:16:26+0200,3c4e546c-63a8-4469-8650-2cbff99665a6,2026-09-03T04:30:00Z,2026-09-03T06:30:00+0200,107.052,MW,DK2,DK_2,actual_onshore_wind_generation,Wind Onshore,2026-09-03T19:17:13Z
2026-09-03T19:16:26Z,2026-09-03T21:16:26+0200,3c4e546c-63a8-4469-8650-2cbff99665a6,2026-09-03T04:45:00Z,2026-09-03T06:45:00+0200,124.036,MW,DK2,DK_2,actual_onshore_wind_generation,Wind Onshore,2026-09-03T19:17:13Z
2026-09-03T19:16:26Z,2026-09-03T21:16:26+0200,3c4e546c-63a8-4469-8650-2cbff99665a6,2026-09-03T05:00:00Z,2026-09-03T07:00:00+0200,159.663,MW,DK2,DK_2,actual_onshore_wind_generation,Wind Onshore,2026-09-03T19:17:13Z
2026-09-03T19:16:26Z,2026-09-03T21:16:26+0200,3c4e546c-63a8-4469-8650-2cbff99665a6,2026-09-03T05:15:00Z,2026-09-03T07:15:00+0200,163.449,MW,DK2,DK_2,actual_onshore_wind_generation,Wind Onshore,2026-09-03T19:17:13Z
2026-09-03T19:16:26Z,2026-09-03T21:16:26+0200,3c4e546c-63a8-4469-8650-2cbff99665a6,2026-09-03T05:30:00Z,2026-09-03T07:30:00+0200,153.58,MW,DK2,DK_2,actual_onshore_wind_generation,Wind Onshore,2026-09-03T19:17:13Z
2026-09-03T19:16:26Z,2026-09-03T21:16:26+0200,3c4e546c-63a8-4469-8650-2cbff99665a6,2026-09-03T05:45:00Z,2026-09-03T07:45:00+0200,139.318,MW,DK2,DK_2,actual_onshore_wind_generation,Wind Onshore,2026-09-03T19:17:13Z
2026-09-03T19:16:26Z,2026-09-03T21:16:26+0200,3c4e546c-63a8-4469-8650-2cbff99665a6,2026-09-03T06:00:00Z,2026-09-03T08:00:00+0200,122.944,MW,DK2,DK_2,actual_onshore_wind_generation,Wind Onshore,2026-09-03T19:17:13Z
2026-09-03T19:16:26Z,2026-09-03T21:16:26+0200,3c4e546c-63a8-4469-8650-2cbff99665a6,2026-09-03T06:15:00Z,2026-09-03T08:15:00+0200,109.77,MW,DK2,DK_2,actual_onshore_wind_generation,Wind Onshore,2026-09-03T19:17:13Z
2026-09-03T19:16:26Z,2026-09-03T21:16:26+0200,3c4e546c-63a8-4469-8650-2cbff99665a6,2026-09-03T06:30:00Z,2026-09-03T08:30:00+0200,106.391,MW,DK2,DK_2,actual_onshore_wind_generation,Wind Onshore,2026-09-03T19:17:13Z
2026-09-03T19:16:26Z,2026-09-03T21:16:26+0200,3c4e546c-63a8-4469-8650-2cbff99665a6,2026-09-03T06:45:00Z,2026-09-03T08:45:00+0200,121.949,MW,DK2,DK_2,actual_onshore_wind_generation,Wind Onshore,2026-09-03T19:17:13Z
2026-09-03T19:16:26Z,2026-09-03T21:16:26+0200,3c4e546c-63a8-4469-8650-2cbff99665a6,2026-09-03T07:00:00Z,2026-09-03T09:00:00+0200,143.28,MW,DK2,DK_2,actual_onshore_wind_generation,Wind Onshore,2026-09-03T19:17:13Z
2026-09-03T19:16:26Z,2026-09-03T21:16:26+0200,3c4e546c-63a8-4469-8650-2cbff99665a6,2026-09-03T07:15:00Z,2026-09-03T09:15:00+0200,168.43,MW,DK2,DK_2,actual_onshore_wind_generation,Wind Onshore,2026-09-03T19:17:13Z
2026-09-03T19:16:26Z,2026-09-03T21:16:26+0200,3c4e546c-63a8-4469-8650-2cbff99665a6,2026-09-03T07:30:00Z,2026-09-03T09:30:00+0200,186.604,MW,DK2,DK_2,actual_onshore_wind_generation,Wind Onshore,2026-09-03T19:17:13Z
2026-09-03T19:16:26Z,2026-09-03T21:16:26+0200,3c4e546c-63a8-4469-8650-2cbff99665a6,2026-09-03T07:45:00Z,2026-09-03T09:45:00+0200,196.669,MW,DK2,DK_2,actual_onshore_wind_generation,Wind Onshore,2026-09-03T19:17:13Z
2026-09-03T19:16:26Z,2026-09-03T21:16:26+0200,3c4e546c-63a8-4469-8650-2cbff99665a6,2026-09-03T08:00:00Z,2026-09-03T10:00:00+0200,214.506,MW,DK2,DK_2,actual_onshore_wind_generation,Wind Onshore,2026-09-03T19:17:13Z
2026-09-03T19:16:26Z,2026-09-03T21:16:26+0200,3c4e546c-63a8-4469-8650-2cbff99665a6,2026-09-03T08:15:00Z,2026-09-03T10:15:00+0200,223.243,MW,DK2,DK_2,actual_onshore_wind_generation,Wind Onshore,2026-09-03T19:17:13Z
2026-09-03T19:16:26Z,2026-09-03T21:16:26+0200,3c4e546c-63a8-4469-8650-2cbff99665a6,2026-09-03T08:30:00Z,2026-09-03T10:30:00+0200,235.367,MW,DK2,DK_2,actual_onshore_wind_generation,Wind Onshore,2026-09-03T19:17:13Z
2026-09-03T19:16:26Z,2026-09-03T21:16:26+0200,3c4e546c-63a8-4469-8650-2cbff99665a6,2026-09-03T08:45:00Z,2026-09-03T10:45:00+0200,241.207,MW,DK2,DK_2,actual_onshore_wind_generation,Wind Onshore,2026-09-03T19:17:13Z
2026-09-03T19:16:26Z,2026-09-03T21:16:26+0200,3c4e546c-63a8-4469-8650-2cbff99665a6,2026-09-03T09:00:00Z,2026-09-03T11:00:00+0200,245.721,MW,DK2,DK_2,actual_onshore_wind_generation,Wind Onshore,2026-09-03T19:17:13Z
2026-09-03T19:16:26Z,2026-09-03T21:16:26+0200,3c4e546c-63a8-4469-8650-2cbff99665a6,2026-09-03T09:15:00Z,2026-09-03T11:15:00+0200,251.07,MW,DK2,DK_2,actual_onshore_wind_generation,Wind Onshore,2026-09-03T19:17:13Z
2026-09-03T19:16:26Z,2026-09-03T21:16:26+0200,3c4e546c-63a8-4469-8650-2cbff99665a6,2026-09-03T09:30:00Z,2026-09-03T11:30:00+0200,248.804,MW,DK2,DK_2,actual_onshore_wind_generation,Wind Onshore,2026-09-03T19:17:13Z
2026-09-03T19:16:26Z,2026-09-03T21:16:26+0200,3c4e546c-63a8-4469-8650-2cbff99665a6,2026-09-03T09:45:00Z,2026-09-03T11:45:00+0200,246.725,MW,DK2,DK_2,actual_onshore_wind_generation,Wind Onshore,2026-09-03T19:17:13Z
2026-09-03T19:16:26Z,2026-09-03T21:16:26+0200,3c4e546c-63a8-4469-8650-2cbff99665a6,2026-09-03T10:00:00Z,2026-09-03T12:00:00+0200,252.097,MW,DK2,DK_2,actual_onshore_wind_generation,Wind Onshore,2026-09-03T19:17:13Z
2026-09-03T19:16:26Z,2026-09-03T21:16:26+0200,3c4e546c-63a8-4469-8650-2cbff99665a6,2026-09-03T10:15:00Z,2026-09-03T12:15:00+0200,263.75,MW,DK2,DK_2,actual_onshore_wind_generation,Wind Onshore,2026-09-03T19:17:13Z
2026-09-03T19:16:26Z,2026-09-03T21:16:26+0200,3c4e546c-63a8-4469-8650-2cbff99665a6,2026-09-03T10:30:00Z,2026-09-03T12:30:00+0200,279.701,MW,DK2,DK_2,actual_onshore_wind_generation,Wind Onshore,2026-09-03T19:17:13Z
2026-09-03T19:16:26Z,2026-09-03T21:16:26+0200,3c4e546c-63a8-4469-8650-2cbff99665a6,2026-09-03T10:45:00Z,2026-09-03T12:45:00+0200,294.788,MW,DK2,DK_2,actual_onshore_wind_generation,Wind Onshore,2026-09-03T19:17:13Z
2026-09-03T19:16:26Z,2026-09-03T21:16:26+0200,3c4e546c-63a8-4469-8650-2cbff99665a6,2026-09-03T11:00:00Z,2026-09-03T13:00:00+0200,303.57,MW,DK2,DK_2,actual_onshore_wind_generation,Wind Onshore,2026-09-03T19:17:13Z
2026-09-03T19:16:26Z,2026-09-03T21:16:26+0200,3c4e546c-63a8-4469-8650-2cbff99665a6,2026-09-03T11:15:00Z,2026-09-03T13:15:00+0200,310.708,MW,DK2,DK_2,actual_onshore_wind_generation,Wind Onshore,2026-09-03T19:17:13Z
2026-09-03T19:16:26Z,2026-09-03T21:16:26+0200,3c4e546c-63a8-4469-8650-2cbff99665a6,2026-09-03T11:30:00Z,2026-09-03T13:30:00+0200,324.516,MW,DK2,DK_2,actual_onshore_wind_generation,Wind Onshore,2026-09-03T19:17:13Z
2026-09-03T19:16:26Z,2026-09-03T21:16:26+0200,3c4e546c-63a8-4469-8650-2cbff99665a6,2026-09-03T11:45:00Z,2026-09-03T13:45:00+0200,327.372,MW,DK2,DK_2,actual_onshore_wind_generation,Wind Onshore,2026-09-03T19:17:13Z
2026-09-03T19:16:26Z,2026-09-03T21:16:26+0200,3c4e546c-63a8-4469-8650-2cbff99665a6,2026-09-03T12:00:00Z,2026-09-03T14:00:00+0200,329.202,MW,DK2,DK_2,actual_onshore_wind_generation,Wind Onshore,2026-09-03T19:17:13Z
2026-09-03T19:16:26Z,2026-09-03T21:16:26+0200,3c4e546c-63a8-4469-8650-2cbff99665a6,2026-09-03T12:15:00Z,2026-09-03T14:15:00+0200,327.781,MW,DK2,DK_2,actual_onshore_wind_generation,Wind Onshore,2026-09-03T19:17:13Z
2026-09-03T19:16:26Z,2026-09-03T21:16:26+0200,3c4e546c-63a8-4469-8650-2cbff99665a6,2026-09-03T12:30:00Z,2026-09-03T14:30:00+0200,321.878,MW,DK2,DK_2,actual_onshore_wind_generation,Wind Onshore,2026-09-03T19:17:13Z
2026-09-03T19:16:26Z,2026-09-03T21:16:26+0200,3c4e546c-63a8-4469-8650-2cbff99665a6,2026-09-03T12:45:00Z,2026-09-03T14:45:00+0200,320.495,MW,DK2,DK_2,actual_onshore_wind_generation,Wind Onshore,2026-09-03T19:17:13Z
2026-09-03T19:16:26Z,2026-09-03T21:16:26+0200,3c4e546c-63a8-4469-8650-2cbff99665a6,2026-09-03T13:00:00Z,2026-09-03T15:00:00+0200,318.5,MW,DK2,DK_2,actual_onshore_wind_generation,Wind Onshore,2026-09-03T19:17:13Z
2026-09-03T19:16:26Z,2026-09-03T21:16:26+0200,3c4e546c-63a8-4469-8650-2cbff99665a6,2026-09-03T13:15:00Z,2026-09-03T15:15:00+0200,325.169,MW,DK2,DK_2,actual_onshore_wind_generation,Wind Onshore,2026-09-03T19:17:13Z
2026-09-03T19:16:26Z,2026-09-03T21:16:26+0200,3c4e546c-63a8-4469-8650-2cbff99665a6,2026-09-03T13:30:00Z,2026-09-03T15:30:00+0200,334.121,MW,DK2,DK_2,actual_onshore_wind_generation,Wind Onshore,2026-09-03T19:17:13Z
2026-09-03T19:16:26Z,2026-09-03T21:16:26+0200,3c4e546c-63a8-4469-8650-2cbff99665a6,2026-09-03T13:45:00Z,2026-09-03T15:45:00+0200,339.912,MW,DK2,DK_2,actual_onshore_wind_generation,Wind Onshore,2026-09-03T19:17:13Z
2026-09-03T19:16:26Z,2026-09-03T21:16:26+0200,3c4e546c-63a8-4469-8650-2cbff99665a6,2026-09-03T14:00:00Z,2026-09-03T16:00:00+0200,340.653,MW,DK2,DK_2,actual_onshore_wind_generation,Wind Onshore,2026-09-03T19:17:13Z
2026-09-03T19:16:26Z,2026-09-03T21:16:26+0200,3c4e546c-63a8-4469-8650-2cbff99665a6,2026-09-03T14:15:00Z,2026-09-03T16:15:00+0200,345.093,MW,DK2,DK_2,actual_onshore_wind_generation,Wind Onshore,2026-09-03T19:17:13Z
2026-09-03T19:16:26Z,2026-09-03T21:16:26+0200,3c4e546c-63a8-4469-8650-2cbff99665a6,2026-09-03T14:30:00Z,2026-09-03T16:30:00+0200,329.388,MW,DK2,DK_2,actual_onshore_wind_generation,Wind Onshore,2026-09-03T19:17:13Z
2026-09-03T19:16:26Z,2026-09-03T21:16:26+0200,3c4e546c-63a8-4469-8650-2cbff99665a6,2026-09-03T14:45:00Z,2026-09-03T16:45:00+0200,345.797,MW,DK2,DK_2,actual_onshore_wind_generation,Wind Onshore,2026-09-03T19:17:13Z
2026-09-03T19:16:26Z,2026-09-03T21:16:26+0200,3c4e546c-63a8-4469-8650-2cbff99665a6,2026-09-03T15:00:00Z,2026-09-03T17:00:00+0200,335.617,MW,DK2,DK_2,actual_onshore_wind_generation,Wind Onshore,2026-09-03T19:17:13Z
2026-09-03T19:16:26Z,2026-09-03T21:16:26+0200,3c4e546c-63a8-4469-8650-2cbff99665a6,2026-09-03T15:15:00Z,2026-09-03T17:15:00+0200,349.339,MW,DK2,DK_2,actual_onshore_wind_generation,Wind Onshore,2026-09-03T19:17:13Z
2026-09-03T19:16:26Z,2026-09-03T21:16:26+0200,3c4e546c-63a8-4469-8650-2cbff99665a6,2026-09-03T15:30:00Z,2026-09-03T17:30:00+0200,351.253,MW,DK2,DK_2,actual_onshore_wind_generation,Wind Onshore,2026-09-03T19:17:13Z
2026-09-03T19:16:26Z,2026-09-03T21:16:26+0200,3c4e546c-63a8-4469-8650-2cbff99665a6,2026-09-03T15:45:00Z,2026-09-03T17:45:00+0200,352.453,MW,DK2,DK_2,actual_onshore_wind_generation,Wind Onshore,2026-09-03T19:17:13Z
2026-09-03T19:16:26Z,2026-09-03T21:16:26+0200,3c4e546c-63a8-4469-8650-2cbff99665a6,2026-09-03T16:00:00Z,2026-09-03T18:00:00+0200,351.203,MW,DK2,DK_2,actual_onshore_wind_generation,Wind Onshore,2026-09-03T19:17:13Z
2026-09-03T19:16:26Z,2026-09-03T21:16:26+0200,3c4e546c-63a8-4469-8650-2cbff99665a6,2026-09-03T16:15:00Z,2026-09-03T18:15:00+0200,355.784,MW,DK2,DK_2,actual_onshore_wind_generation,Wind Onshore,2026-09-03T19:17:13Z
2026-09-03T19:16:26Z,2026-09-03T21:16:26+0200,3c4e546c-63a8-4469-8650-2cbff99665a6,2026-09-03T16:30:00Z,2026-09-03T18:30:00+0200,360.785,MW,DK2,DK_2,actual_onshore_wind_generation,Wind Onshore,2026-09-03T19:17:13Z
2026-09-03T19:16:26Z,2026-09-03T21:16:26+0200,3c4e546c-63a8-4469-8650-2cbff99665a6,2026-09-03T16:45:00Z,2026-09-03T18:45:00+0200,373.883,MW,DK2,DK_2,actual_onshore_wind_generation,Wind Onshore,2026-09-03T19:17:13Z
2026-09-03T19:16:26Z,2026-09-03T21:16:26+0200,3c4e546c-63a8-4469-8650-2cbff99665a6,2026-09-03T17:00:00Z,2026-09-03T19:00:00+0200,385.58,MW,DK2,DK_2,actual_onshore_wind_generation,Wind Onshore,2026-09-03T19:17:13Z
2026-09-03T19:16:26Z,2026-09-03T21:16:26+0200,3c4e546c-63a8-4469-8650-2cbff99665a6,2026-09-03T17:15:00Z,2026-09-03T19:15:00+0200,400.612,MW,DK2,DK_2,actual_onshore_wind_generation,Wind Onshore,2026-09-03T19:17:13Z
2026-09-03T19:16:26Z,2026-09-03T21:16:26+0200,3c4e546c-63a8-4469-8650-2cbff99665a6,2026-09-03T17:30:00Z,2026-09-03T19:30:00+0200,390.182,MW,DK2,DK_2,actual_onshore_wind_generation,Wind Onshore,2026-09-03T19:17:13Z
