collection_time_utc,collection_time_local,run_id,timestamp_utc,timestamp_local,value,unit,country,entsoe_area,variable,source,updated_at_utc
2026-09-16T13:27:19Z,2026-09-16T15:27:19+0200,575dbb26-0f0d-4448-9041-c0b0c5f096b4,2026-09-09T14:00:00Z,2026-09-09T16:00:00+0200,276.03,MW,DK2,DK_2,actual_onshore_wind_generation,Wind Onshore,2026-09-16T13:29:01Z
2026-09-16T13:27:19Z,2026-09-16T15:27:19+0200,575dbb26-0f0d-4448-9041-c0b0c5f096b4,2026-09-09T14:15:00Z,2026-09-09T16:15:00+0200,282.311,MW,DK2,DK_2,actual_onshore_wind_generation,Wind Onshore,2026-09-16T13:29:01Z
2026-09-16T13:27:19Z,2026-09-16T15:27:19+0200,575dbb26-0f0d-4448-9041-c0b0c5f096b4,2026-09-09T14:30:00Z,2026-09-09T16:30:00+0200,277.789,MW,DK2,DK_2,actual_onshore_wind_generation,Wind Onshore,2026-09-16T13:29:01Z
2026-09-16T13:27:19Z,2026-09-16T15:27:19+0200,575dbb26-0f0d-4448-9041-c0b0c5f096b4,2026-09-09T14:45:00Z,2026-09-09T16:45:00+0200,304.149,MW,DK2,DK_2,actual_onshore_wind_generation,Wind Onshore,2026-09-16T13:29:01Z
2026-09-16T13:27:19Z,2026-09-16T15:27:19+0200,575dbb26-0f0d-4448-9041-c0b0c5f096b4,2026-09-09T15:00:00Z,2026-09-09T17:00:00+0200,296.772,MW,DK2,DK_2,actual_onshore_wind_generation,Wind Onshore,2026-09-16T13:29:01Z
2026-09-16T13:27:19Z,2026-09-16T15:27:19+0200,575dbb26-0f0d-4448-9041-c0b0c5f096b4,2026-09-09T15:15:00Z,2026-09-09T17:15:00+0200,292.129,MW,DK2,DK_2,actual_onshore_wind_generation,Wind Onshore,2026-09-16T13:29:01Z
2026-09-16T13:27:19Z,2026-09-16T15:27:19+0200,575dbb26-0f0d-4448-9041-c0b0c5f096b4,2026-09-09T15:30:00Z,2026-09-09T17:30:00+0200,266.952,MW,DK2,DK_2,actual_onshore_wind_generation,Wind Onshore,2026-09-16T13:29:01Z
2026-09-16T13:27:19Z,2026-09-16T15:27:19+0200,575dbb26-0f0d-4448-9041-c0b0c5f096b4,2026-09-09T15:45:00Z,2026-09-09T17:45:00+0200,218.92,MW,DK2,DK_2,actual_onshore_wind_generation,Wind Onshore,2026-09-16T13:29:01Z
2026-09-16T13:27:19Z,2026-09-16T15:27:19+0200,575dbb26-0f0d-4448-9041-c0b0c5f096b4,2026-09-09T16:00:00Z,2026-09-09T18:00:00+0200,204.515,MW,DK2,DK_2,actual_onshore_wind_generation,Wind Onshore,2026-09-16T13:29:01Z
2026-09-16T13:27:19Z,2026-09-16T15:27:19+0200,575dbb26-0f0d-4448-9041-c0b0c5f096b4,2026-09-09T16:15:00Z,2026-09-09T18:15:00+0200,217.994,MW,DK2,DK_2,actual_onshore_wind_generation,Wind Onshore,2026-09-16T13:29:01Z
2026-09-16T13:27:19Z,2026-09-16T15:27:19+0200,575dbb26-0f0d-4448-9041-c0b0c5f096b4,2026-09-09T16:30:00Z,2026-09-09T18:30:00+0200,218.351,MW,DK2,DK_2,actual_onshore_wind_generation,Wind Onshore,2026-09-16T13:29:01Z
2026-09-16T13:27:19Z,2026-09-16T15:27:19+0200,575dbb26-0f0d-4448-9041-c0b0c5f096b4,2026-09-09T16:45:00Z,2026-09-09T18:45:00+0200,196.758,MW,DK2,DK_2,actual_onshore_wind_generation,Wind Onshore,2026-09-16T13:29:01Z
2026-09-16T13:27:19Z,2026-09-16T15:27:19+0200,575dbb26-0f0d-4448-9041-c0b0c5f096b4,2026-09-09T17:00:00Z,2026-09-09T19:00:00+0200,190.102,MW,DK2,DK_2,actual_onshore_wind_generation,Wind Onshore,2026-09-16T13:29:01Z
2026-09-16T13:27:19Z,2026-09-16T15:27:19+0200,575dbb26-0f0d-4448-9041-c0b0c5f096b4,2026-09-09T17:15:00Z,2026-09-09T19:15:00+0200,204.983,MW,DK2,DK_2,actual_onshore_wind_generation,Wind Onshore,2026-09-16T13:29:01Z
2026-09-16T13:27:19Z,2026-09-16T15:27:19+0200,575dbb26-0f0d-4448-9041-c0b0c5f096b4,2026-09-09T17:30:00Z,2026-09-09T19:30:00+0200,208.916,MW,DK2,DK_2,actual_onshore_wind_generation,Wind Onshore,2026-09-16T13:29:01Z
2026-09-16T13:27:19Z,2026-09-16T15:27:19+0200,575dbb26-0f0d-4448-9041-c0b0c5f096b4,2026-09-09T17:45:00Z,2026-09-09T19:45:00+0200,207.935,MW,DK2,DK_2,actual_onshore_wind_generation,Wind Onshore,2026-09-16T13:29:01Z
2026-09-16T13:27:19Z,2026-09-16T15:27:19+0200,575dbb26-0f0d-4448-9041-c0b0c5f096b4,2026-09-09T18:00:00Z,2026-09-09T20:00:00+0200,215.894,MW,DK2,DK_2,actual_onshore_wind_generation,Wind Onshore,2026-09-16T13:29:01Z
2026-09-16T13:27:19Z,2026-09-16T15:27:19+0200,575dbb26-0f0d-4448-9041-c0b0c5f096b4,2026-09-09T18:15:00Z,2026-09-09T20:15:00+0200,229.072,MW,DK2,DK_2,actual_onshore_wind_generation,Wind Onshore,2026-09-16T13:29:01Z
2026-09-16T13:27:19Z,2026-09-16T15:27:19+0200,575dbb26-0f0d-4448-9041-c0b0c5f096b4,2026-09-09T18:30:00Z,2026-09-09T20:30:00+0200,248.563,MW,DK2,DK_2,actual_onshore_wind_generation,Wind Onshore,2026-09-16T13:29:01Z
2026-09-16T13:27:19Z,2026-09-16T15:27:19+0200,575dbb26-0f0d-4448-9041-c0b0c5f096b4,2026-09-09T18:45:00Z,2026-09-09T20:45:00+0200,256.863,MW,DK2,DK_2,actual_onshore_wind_generation,Wind Onshore,2026-09-16T13:29:01Z
2026-09-16T13:27:19Z,2026-09-16T15:27:19+0200,575dbb26-0f0d-4448-9041-c0b0c5f096b4,2026-09-09T19:00:00Z,2026-09-09T21:00:00+0200,282.885,MW,DK2,DK_2,actual_onshore_wind_generation,Wind Onshore,2026-09-16T13:29:01Z
2026-09-16T13:27:19Z,2026-09-16T15:27:19+0200,575dbb26-0f0d-4448-9041-c0b0c5f096b4,2026-09-09T19:15:00Z,2026-09-09T21:15:00+0200,272.376,MW,DK2,DK_2,actual_onshore_wind_generation,Wind Onshore,2026-09-16T13:29:01Z
2026-09-16T13:27:19Z,2026-09-16T15:27:19+0200,575dbb26-0f0d-4448-9041-c0b0c5f096b4,2026-09-09T19:30:00Z,2026-09-09T21:30:00+0200,298.583,MW,DK2,DK_2,actual_onshore_wind_generation,Wind Onshore,2026-09-16T13:29:01Z
2026-09-16T13:27:19Z,2026-09-16T15:27:19+0200,575dbb26-0f0d-4448-9041-c0b0c5f096b4,2026-09-09T19:45:00Z,2026-09-09T21:45:00+0200,314.715,MW,DK2,DK_2,actual_onshore_wind_generation,Wind Onshore,2026-09-16T13:29:01Z
2026-09-16T13:27:19Z,2026-09-16T15:27:19+0200,575dbb26-0f0d-4448-9041-c0b0c5f096b4,2026-09-09T20:00:00Z,2026-09-09T22:00:00+0200,319.277,MW,DK2,DK_2,actual_onshore_wind_generation,Wind Onshore,2026-09-16T13:29:01Z
2026-09-16T13:27:19Z,2026-09-16T15:27:19+0200,575dbb26-0f0d-4448-9041-c0b0c5f096b4,2026-09-09T20:15:00Z,2026-09-09T22:15:00+0200,306.301,MW,DK2,DK_2,actual_onshore_wind_generation,Wind Onshore,2026-09-16T13:29:01Z
2026-09-16T13:27:19Z,2026-09-16T15:27:19+0200,575dbb26-0f0d-4448-9041-c0b0c5f096b4,2026-09-09T20:30:00Z,2026-09-09T22:30:00+0200,312.591,MW,DK2,DK_2,actual_onshore_wind_generation,Wind Onshore,2026-09-16T13:29:01Z
2026-09-16T13:27:19Z,2026-09-16T15:27:19+0200,575dbb26-0f0d-4448-9041-c0b0c5f096b4,2026-09-09T20:45:00Z,2026-09-09T22:45:00+0200,328.841,MW,DK2,DK_2,actual_onshore_wind_generation,Wind Onshore,2026-09-16T13:29:01Z
2026-09-16T13:27:19Z,2026-09-16T15:27:19+0200,575dbb26-0f0d-4448-9041-c0b0c5f096b4,2026-09-09T21:00:00Z,2026-09-09T23:00:00+0200,315.573,MW,DK2,DK_2,actual_onshore_wind_generation,Wind Onshore,2026-09-16T13:29:01Z
2026-09-16T13:27:19Z,2026-09-16T15:27:19+0200,575dbb26-0f0d-4448-9041-c0b0c5f096b4,2026-09-09T21:15:00Z,2026-09-09T23:15:00+0200,301.228,MW,DK2,DK_2,actual_onshore_wind_generation,Wind Onshore,2026-09-16T13:29:01Z
2026-09-16T13:27:19Z,2026-09-16T15:27:19+0200,575dbb26-0f0d-4448-9041-c0b0c5f096b4,2026-09-09T21:30:00Z,2026-09-09T23:30:00+0200,302.558,MW,DK2,DK_2,actual_onshore_wind_generation,Wind Onshore,2026-09-16T13:29:01Z
2026-09-16T13:27:19Z,2026-09-16T15:27:19+0200,575dbb26-0f0d-4448-9041-c0b0c5f096b4,2026-09-09T21:45:00Z,2026-09-09T23:45:00+0200,322.265,MW,DK2,DK_2,actual_onshore_wind_generation,Wind Onshore,2026-09-16T13:29:01Z
2026-09-16T13:27:19Z,2026-09-16T15:27:19+0200,575dbb26-0f0d-4448-9041-c0b0c5f096b4,2026-09-09T22:00:00Z,2026-09-10T00:00:00+0200,321.379,MW,DK2,DK_2,actual_onshore_wind_generation,Wind Onshore,2026-09-16T13:29:01Z
2026-09-16T13:27:19Z,2026-09-16T15:27:19+0200,575dbb26-0f0d-4448-9041-c0b0c5f096b4,2026-09-09T22:15:00Z,2026-09-10T00:15:00+0200,324.621,MW,DK2,DK_2,actual_onshore_wind_generation,Wind Onshore,2026-09-16T13:29:01Z
2026-09-16T13:27:19Z,2026-09-16T15:27:19+0200,575dbb26-0f0d-4448-9041-c0b0c5f096b4,2026-09-09T22:30:00Z,2026-09-10T00:30:00+0200,328.021,MW,DK2,DK_2,actual_onshore_wind_generation,Wind Onshore,2026-09-16T13:29:01Z
2026-09-16T13:27:19Z,2026-09-16T15:27:19+0200,575dbb26-0f0d-4448-9041-c0b0c5f096b4,2026-09-09T22:45:00Z,2026-09-10T00:45:00+0200,341.354,MW,DK2,DK_2,actual_onshore_wind_generation,Wind Onshore,2026-09-16T13:29:01Z
2026-09-16T13:27:19Z,2026-09-16T15:27:19+0200,575dbb26-0f0d-4448-9041-c0b0c5f096b4,2026-09-09T23:00:00Z,2026-09-10T01:00:00+0200,340.951,MW,DK2,DK_2,actual_onshore_wind_generation,Wind Onshore,2026-09-16T13:29:01Z
2026-09-16T13:27:19Z,2026-09-16T15:27:19+0200,575dbb26-0f0d-4448-9041-c0b0c5f096b4,2026-09-09T23:15:00Z,2026-09-10T01:15:00+0200,353.788,MW,DK2,DK_2,actual_onshore_wind_generation,Wind Onshore,2026-09-16T13:29:01Z
2026-09-16T13:27:19Z,2026-09-16T15:27:19+0200,575dbb26-0f0d-4448-9041-c0b0c5f096b4,2026-09-09T23:30:00Z,2026-09-10T01:30:00+0200,344.348,MW,DK2,DK_2,actual_onshore_wind_generation,Wind Onshore,2026-09-16T13:29:01Z
2026-09-16T13:27:19Z,2026-09-16T15:27:19+0200,575dbb26-0f0d-4448-9041-c0b0c5f096b4,2026-09-09T23:45:00Z,2026-09-10T01:45:00+0200,350.036,MW,DK2,DK_2,actual_onshore_wind_generation,Wind Onshore,2026-09-16T13:29:01Z
2026-09-16T13:27:19Z,2026-09-16T15:27:19+0200,575dbb26-0f0d-4448-9041-c0b0c5f096b4,2026-09-10T00:00:00Z,2026-09-10T02:00:00+0200,350.036,MW,DK2,DK_2,actual_onshore_wind_generation,Wind Onshore,2026-09-16T13:29:01Z
2026-09-16T13:27:19Z,2026-09-16T15:27:19+0200,575dbb26-0f0d-4448-9041-c0b0c5f096b4,2026-09-10T00:15:00Z,2026-09-10T02:15:00+0200,353.271,MW,DK2,DK_2,actual_onshore_wind_generation,Wind Onshore,2026-09-16T13:29:01Z
2026-09-16T13:27:19Z,2026-09-16T15:27:19+0200,575dbb26-0f0d-4448-9041-c0b0c5f096b4,2026-09-10T00:30:00Z,2026-09-10T02:30:00+0200,369.547,MW,DK2,DK_2,actual_onshore_wind_generation,Wind Onshore,2026-09-16T13:29:01Z
2026-09-16T13:27:19Z,2026-09-16T15:27:19+0200,575dbb26-0f0d-4448-9041-c0b0c5f096b4,2026-09-10T00:45:00Z,2026-09-10T02:45:00+0200,365.504,MW,DK2,DK_2,actual_onshore_wind_generation,Wind Onshore,2026-09-16T13:29:01Z
2026-09-16T13:27:19Z,2026-09-16T15:27:19+0200,575dbb26-0f0d-4448-9041-c0b0c5f096b4,2026-09-10T01:00:00Z,2026-09-10T03:00:00+0200,360.229,MW,DK2,DK_2,actual_onshore_wind_generation,Wind Onshore,2026-09-16T13:29:01Z
2026-09-16T13:27:19Z,2026-09-16T15:27:19+0200,575dbb26-0f0d-4448-9041-c0b0c5f096b4,2026-09-10T01:15:00Z,2026-09-10T03:15:00+0200,348.037,MW,DK2,DK_2,actual_onshore_wind_generation,Wind Onshore,2026-09-16T13:29:01Z
2026-09-16T13:27:19Z,2026-09-16T15:27:19+0200,575dbb26-0f0d-4448-9041-c0b0c5f096b4,2026-09-10T01:30:00Z,2026-09-10T03:30:00+0200,351.018,MW,DK2,DK_2,actual_onshore_wind_generation,Wind Onshore,2026-09-16T13:29:01Z
2026-09-16T13:27:19Z,2026-09-16T15:27:19+0200,575dbb26-0f0d-4448-9041-c0b0c5f096b4,2026-09-10T01:45:00Z,2026-09-10T03:45:00+0200,348.848,MW,DK2,DK_2,actual_onshore_wind_generation,Wind Onshore,2026-09-16T13:29:01Z
2026-09-16T13:27:19Z,2026-09-16T15:27:19+0200,575dbb26-0f0d-4448-9041-c0b0c5f096b4,2026-09-10T02:00:00Z,2026-09-10T04:00:00+0200,350.014,MW,DK2,DK_2,actual_onshore_wind_generation,Wind Onshore,2026-09-16T13:29:01Z
2026-09-16T13:27:19Z,2026-09-16T15:27:19+0200,575dbb26-0f0d-4448-9041-c0b0c5f096b4,2026-09-10T02:15:00Z,2026-09-10T04:15:00+0200,351.401,MW,DK2,DK_2,actual_onshore_wind_generation,Wind Onshore,2026-09-16T13:29:01Z
2026-09-16T13:27:19Z,2026-09-16T15:27:19+0200,575dbb26-0f0d-4448-9041-c0b0c5f096b4,2026-09-10T02:30:00Z,2026-09-10T04:30:00+0200,351.681,MW,DK2,DK_2,actual_onshore_wind_generation,Wind Onshore,2026-09-16T13:29:01Z
2026-09-16T13:27:19Z,2026-09-16T15:27:19+0200,575dbb26-0f0d-4448-9041-c0b0c5f096b4,2026-09-10T02:45:00Z,2026-09-10T04:45:00+0200,333.163,MW,DK2,DK_2,actual_onshore_wind_generation,Wind Onshore,2026-09-16T13:29:01Z
2026-09-16T13:27:19Z,2026-09-16T15:27:19+0200,575dbb26-0f0d-4448-9041-c0b0c5f096b4,2026-09-10T03:00:00Z,2026-09-10T05:00:00+0200,319.356,MW,DK2,DK_2,actual_onshore_wind_generation,Wind Onshore,2026-09-16T13:29:01Z
2026-09-16T13:27:19Z,2026-09-16T15:27:19+0200,575dbb26-0f0d-4448-9041-c0b0c5f096b4,2026-09-10T03:15:00Z,2026-09-10T05:15:00+0200,315.692,MW,DK2,DK_2,actual_onshore_wind_generation,Wind Onshore,2026-09-16T13:29:01Z
2026-09-16T13:27:19Z,2026-09-16T15:27:19+0200,575dbb26-0f0d-4448-9041-c0b0c5f096b4,2026-09-10T03:30:00Z,2026-09-10T05:30:00+0200,320.042,MW,DK2,DK_2,actual_onshore_wind_generation,Wind Onshore,2026-09-16T13:29:01Z
2026-09-16T13:27:19Z,2026-09-16T15:27:19+0200,575dbb26-0f0d-4448-9041-c0b0c5f096b4,2026-09-10T03:45:00Z,2026-09-10T05:45:00+0200,311.311,MW,DK2,DK_2,actual_onshore_wind_generation,Wind Onshore,2026-09-16T13:29:01Z
2026-09-16T13:27:19Z,2026-09-16T15:27:19+0200,575dbb26-0f0d-4448-9041-c0b0c5f096b4,2026-09-10T04:00:00Z,2026-09-10T06:00:00+0200,299.915,MW,DK2,DK_2,actual_onshore_wind_generation,Wind Onshore,2026-09-16T13:29:01Z
2026-09-16T13:27:19Z,2026-09-16T15:27:19+0200,575dbb26-0f0d-4448-9041-c0b0c5f096b4,2026-09-10T04:15:00Z,2026-09-10T06:15:00+0200,287.785,MW,DK2,DK_2,actual_onshore_wind_generation,Wind Onshore,2026-09-16T13:29:01Z
2026-09-16T13:27:19Z,2026-09-16T15:27:19+0200,575dbb26-0f0d-4448-9041-c0b0c5f096b4,2026-09-10T04:30:00Z,2026-09-10T06:30:00+0200,270.044,MW,DK2,DK_2,actual_onshore_wind_generation,Wind Onshore,2026-09-16T13:29:01Z
2026-09-16T13:27:19Z,2026-09-16T15:27:19+0200,575dbb26-0f0d-4448-9041-c0b0c5f096b4,2026-09-10T04:45:00Z,2026-09-10T06:45:00+0200,254.002,MW,DK2,DK_2,actual_onshore_wind_generation,Wind Onshore,2026-09-16T13:29:01Z
2026-09-16T13:27:19Z,2026-09-16T15:27:19+0200,575dbb26-0f0d-4448-9041-c0b0c5f096b4,2026-09-10T05:00:00Z,2026-09-10T07:00:00+0200,232.717,MW,DK2,DK_2,actual_onshore_wind_generation,Wind Onshore,2026-09-16T13:29:01Z
2026-09-16T13:27:19Z,2026-09-16T15:27:19+0200,575dbb26-0f0d-4448-9041-c0b0c5f096b4,2026-09-10T05:15:00Z,2026-09-10T07:15:00+0200,225.254,MW,DK2,DK_2,actual_onshore_wind_generation,Wind Onshore,2026-09-16T13:29:01Z
2026-09-16T13:27:19Z,2026-09-16T15:27:19+0200,575dbb26-0f0d-4448-9041-c0b0c5f096b4,2026-09-10T05:30:00Z,2026-09-10T07:30:00+0200,213.748,MW,DK2,DK_2,actual_onshore_wind_generation,Wind Onshore,2026-09-16T13:29:01Z
2026-09-16T13:27:19Z,2026-09-16T15:27:19+0200,575dbb26-0f0d-4448-9041-c0b0c5f096b4,2026-09-10T05:45:00Z,2026-09-10T07:45:00+0200,195.173,MW,DK2,DK_2,actual_onshore_wind_generation,Wind Onshore,2026-09-16T13:29:01Z
2026-09-16T13:27:19Z,2026-09-16T15:27:19+0200,575dbb26-0f0d-4448-9041-c0b0c5f096b4,2026-09-10T06:00:00Z,2026-09-10T08:00:00+0200,182.262,MW,DK2,DK_2,actual_onshore_wind_generation,Wind Onshore,2026-09-16T13:29:01Z
2026-09-16T13:27:19Z,2026-09-16T15:27:19+0200,575dbb26-0f0d-4448-9041-c0b0c5f096b4,2026-09-10T06:15:00Z,2026-09-10T08:15:00+0200,185.377,MW,DK2,DK_2,actual_onshore_wind_generation,Wind Onshore,2026-09-16T13:29:01Z
2026-09-16T13:27:19Z,2026-09-16T15:27:19+0200,575dbb26-0f0d-4448-9041-c0b0c5f096b4,2026-09-10T06:30:00Z,2026-09-10T08:30:00+0200,194.004,MW,DK2,DK_2,actual_onshore_wind_generation,Wind Onshore,2026-09-16T13:29:01Z
2026-09-16T13:27:19Z,2026-09-16T15:27:19+0200,575dbb26-0f0d-4448-9041-c0b0c5f096b4,2026-09-10T06:45:00Z,2026-09-10T08:45:00+0200,197.484,MW,DK2,DK_2,actual_onshore_wind_generation,Wind Onshore,2026-09-16T13:29:01Z
2026-09-16T13:27:19Z,2026-09-16T15:27:19+0200,575dbb26-0f0d-4448-9041-c0b0c5f096b4,2026-09-10T07:00:00Z,2026-09-10T09:00:00+0200,198.773,MW,DK2,DK_2,actual_onshore_wind_generation,Wind Onshore,2026-09-16T13:29:01Z
2026-09-16T13:27:19Z,2026-09-16T15:27:19+0200,575dbb26-0f0d-4448-9041-c0b0c5f096b4,2026-09-10T07:15:00Z,2026-09-10T09:15:00+0200,199.339,MW,DK2,DK_2,actual_onshore_wind_generation,Wind Onshore,2026-09-16T13:29:01Z
2026-09-16T13:27:19Z,2026-09-16T15:27:19+0200,575dbb26-0f0d-4448-9041-c0b0c5f096b4,2026-09-10T07:30:00Z,2026-09-10T09:30:00+0200,212.669,MW,DK2,DK_2,actual_onshore_wind_generation,Wind Onshore,2026-09-16T13:29:01Z
2026-09-16T13:27:19Z,2026-09-16T15:27:19+0200,575dbb26-0f0d-4448-9041-c0b0c5f096b4,2026-09-10T07:45:00Z,2026-09-10T09:45:00+0200,230.555,MW,DK2,DK_2,actual_onshore_wind_generation,Wind Onshore,2026-09-16T13:29:01Z
2026-09-16T13:27:19Z,2026-09-16T15:27:19+0200,575dbb26-0f0d-4448-9041-c0b0c5f096b4,2026-09-10T08:00:00Z,2026-09-10T10:00:00+0200,240.124,MW,DK2,DK_2,actual_onshore_wind_generation,Wind Onshore,2026-09-16T13:29:01Z
2026-09-16T13:27:19Z,2026-09-16T15:27:19+0200,575dbb26-0f0d-4448-9041-c0b0c5f096b4,2026-09-10T08:15:00Z,2026-09-10T10:15:00+0200,234.889,MW,DK2,DK_2,actual_onshore_wind_generation,Wind Onshore,2026-09-16T13:29:01Z
2026-09-16T13:27:19Z,2026-09-16T15:27:19+0200,575dbb26-0f0d-4448-9041-c0b0c5f096b4,2026-09-10T08:30:00Z,2026-09-10T10:30:00+0200,235.462,MW,DK2,DK_2,actual_onshore_wind_generation,Wind Onshore,2026-09-16T13:29:01Z
2026-09-16T13:27:19Z,2026-09-16T15:27:19+0200,575dbb26-0f0d-4448-9041-c0b0c5f096b4,2026-09-10T08:45:00Z,2026-09-10T10:45:00+0200,235.606,MW,DK2,DK_2,actual_onshore_wind_generation,Wind Onshore,2026-09-16T13:29:01Z
2026-09-16T13:27:19Z,2026-09-16T15:27:19+0200,575dbb26-0f0d-4448-9041-c0b0c5f096b4,2026-09-10T09:00:00Z,2026-09-10T11:00:00+0200,251.384,MW,DK2,DK_2,actual_onshore_wind_generation,Wind Onshore,2026-09-16T13:29:01Z
2026-09-16T13:27:19Z,2026-09-16T15:27:19+0200,575dbb26-0f0d-4448-9041-c0b0c5f096b4,2026-09-10T09:15:00Z,2026-09-10T11:15:00+0200,244.71,MW,DK2,DK_2,actual_onshore_wind_generation,Wind Onshore,2026-09-16T13:29:01Z
2026-09-16T13:27:19Z,2026-09-16T15:27:19+0200,575dbb26-0f0d-4448-9041-c0b0c5f096b4,2026-09-10T09:30:00Z,2026-09-10T11:30:00+0200,247.044,MW,DK2,DK_2,actual_onshore_wind_generation,Wind Onshore,2026-09-16T13:29:01Z
2026-09-16T13:27:19Z,2026-09-16T15:27:19+0200,575dbb26-0f0d-4448-9041-c0b0c5f096b4,2026-09-10T09:45:00Z,2026-09-10T11:45:00+0200,237.912,MW,DK2,DK_2,actual_onshore_wind_generation,Wind Onshore,2026-09-16T13:29:01Z
2026-09-16T13:27:19Z,2026-09-16T15:27:19+0200,575dbb26-0f0d-4448-9041-c0b0c5f096b4,2026-09-10T10:00:00Z,2026-09-10T12:00:00+0200,228.896,MW,DK2,DK_2,actual_onshore_wind_generation,Wind Onshore,2026-09-16T13:29:01Z
2026-09-16T13:27:19Z,2026-09-16T15:27:19+0200,575dbb26-0f0d-4448-9041-c0b0c5f096b4,2026-09-10T10:15:00Z,2026-09-10T12:15:00+0200,223.977,MW,DK2,DK_2,actual_onshore_wind_generation,Wind Onshore,2026-09-16T13:29:01Z
2026-09-16T13:27:19Z,2026-09-16T15:27:19+0200,575dbb26-0f0d-4448-9041-c0b0c5f096b4,2026-09-10T10:30:00Z,2026-09-10T12:30:00+0200,216.105,MW,DK2,DK_2,actual_onshore_wind_generation,Wind Onshore,2026-09-16T13:29:01Z
2026-09-16T13:27:19Z,2026-09-16T15:27:19+0200,575dbb26-0f0d-4448-9041-c0b0c5f096b4,2026-09-10T10:45:00Z,2026-09-10T12:45:00+0200,223.325,MW,DK2,DK_2,actual_onshore_wind_generation,Wind Onshore,2026-09-16T13:29:01Z
2026-09-16T13:27:19Z,2026-09-16T15:27:19+0200,575dbb26-0f0d-4448-9041-c0b0c5f096b4,2026-09-10T11:00:00Z,2026-09-10T13:00:00+0200,220.448,MW,DK2,DK_2,actual_onshore_wind_generation,Wind Onshore,2026-09-16T13:29:01Z
2026-09-16T13:27:19Z,2026-09-16T15:27:19+0200,575dbb26-0f0d-4448-9041-c0b0c5f096b4,2026-09-10T11:15:00Z,2026-09-10T13:15:00+0200,216.248,MW,DK2,DK_2,actual_onshore_wind_generation,Wind Onshore,2026-09-16T13:29:01Z
2026-09-16T13:27:19Z,2026-09-16T15:27:19+0200,575dbb26-0f0d-4448-9041-c0b0c5f096b4,2026-09-10T11:30:00Z,2026-09-10T13:30:00+0200,211.795,MW,DK2,DK_2,actual_onshore_wind_generation,Wind Onshore,2026-09-16T13:29:01Z
2026-09-16T13:27:19Z,2026-09-16T15:27:19+0200,575dbb26-0f0d-4448-9041-c0b0c5f096b4,2026-09-10T11:45:00Z,2026-09-10T13:45:00+0200,210.676,MW,DK2,DK_2,actual_onshore_wind_generation,Wind Onshore,2026-09-16T13:29:01Z
2026-09-16T13:27:19Z,2026-09-16T15:27:19+0200,575dbb26-0f0d-4448-9041-c0b0c5f096b4,2026-09-10T12:00:00Z,2026-09-10T14:00:00+0200,214.611,MW,DK2,DK_2,actual_onshore_wind_generation,Wind Onshore,2026-09-16T13:29:01Z
2026-09-16T13:27:19Z,2026-09-16T15:27:19+0200,575dbb26-0f0d-4448-9041-c0b0c5f096b4,2026-09-10T12:15:00Z,2026-09-10T14:15:00+0200,206.909,MW,DK2,DK_2,actual_onshore_wind_generation,Wind Onshore,2026-09-16T13:29:01Z
2026-09-16T13:27:19Z,2026-09-16T15:27:19+0200,575dbb26-0f0d-4448-9041-c0b0c5f096b4,2026-09-10T12:30:00Z,2026-09-10T14:30:00+0200,196.612,MW,DK2,DK_2,actual_onshore_wind_generation,Wind Onshore,2026-09-16T13:29:01Z
2026-09-16T13:27:19Z,2026-09-16T15:27:19+0200,575dbb26-0f0d-4448-9041-c0b0c5f096b4,2026-09-10T12:45:00Z,2026-09-10T14:45:00+0200,202.715,MW,DK2,DK_2,actual_onshore_wind_generation,Wind Onshore,2026-09-16T13:29:01Z
2026-09-16T13:27:19Z,2026-09-16T15:27:19+0200,575dbb26-0f0d-4448-9041-c0b0c5f096b4,2026-09-10T13:00:00Z,2026-09-10T15:00:00+0200,193.679,MW,DK2,DK_2,actual_onshore_wind_generation,Wind Onshore,2026-09-16T13:29:01Z
2026-09-16T13:27:19Z,2026-09-16T15:27:19+0200,575dbb26-0f0d-4448-9041-c0b0c5f096b4,2026-09-10T13:15:00Z,2026-09-10T15:15:00+0200,181.002,MW,DK2,DK_2,actual_onshore_wind_generation,Wind Onshore,2026-09-16T13:29:01Z
2026-09-16T13:27:19Z,2026-09-16T15:27:19+0200,575dbb26-0f0d-4448-9041-c0b0c5f096b4,2026-09-10T13:30:00Z,2026-09-10T15:30:00+0200,187.372,MW,DK2,DK_2,actual_onshore_wind_generation,Wind Onshore,2026-09-16T13:29:01Z
2026-09-16T13:27:19Z,2026-09-16T15:27:19+0200,575dbb26-0f0d-4448-9041-c0b0c5f096b4,2026-09-10T13:45:00Z,2026-09-10T15:45:00+0200,189.279,MW,DK2,DK_2,actual_onshore_wind_generation,Wind Onshore,2026-09-16T13:29:01Z
2026-09-16T13:27:19Z,2026-09-16T15:27:19+0200,575dbb26-0f0d-4448-9041-c0b0c5f096b4,2026-09-10T14:00:00Z,2026-09-10T16:00:00+0200,175.159,MW,DK2,DK_2,actual_onshore_wind_generation,Wind Onshore,2026-09-16T13:29:01Z
2026-09-16T13:27:19Z,2026-09-16T15:27:19+0200,575dbb26-0f0d-4448-9041-c0b0c5f096b4,2026-09-10T14:15:00Z,2026-09-10T16:15:00+0200,172.763,MW,DK2,DK_2,actual_onshore_wind_generation,Wind Onshore,2026-09-16T13:29:01Z
2026-09-16T13:27:19Z,2026-09-16T15:27:19+0200,575dbb26-0f0d-4448-9041-c0b0c5f096b4,2026-09-10T14:30:00Z,2026-09-10T16:30:00+0200,159.394,MW,DK2,DK_2,actual_onshore_wind_generation,Wind Onshore,2026-09-16T13:29:01Z
2026-09-16T13:27:19Z,2026-09-16T15:27:19+0200,575dbb26-0f0d-4448-9041-c0b0c5f096b4,2026-09-10T14:45:00Z,2026-09-10T16:45:00+0200,160.229,MW,DK2,DK_2,actual_onshore_wind_generation,Wind Onshore,2026-09-16T13:29:01Z
2026-09-16T13:27:19Z,2026-09-16T15:27:19+0200,575dbb26-0f0d-4448-9041-c0b0c5f096b4,2026-09-10T15:00:00Z,2026-09-10T17:00:00+0200,150.244,MW,DK2,DK_2,actual_onshore_wind_generation,Wind Onshore,2026-09-16T13:29:01Z
2026-09-16T13:27:19Z,2026-09-16T15:27:19+0200,575dbb26-0f0d-4448-9041-c0b0c5f096b4,2026-09-10T15:15:00Z,2026-09-10T17:15:00+0200,131.133,MW,DK2,DK_2,actual_onshore_wind_generation,Wind Onshore,2026-09-16T13:29:01Z
2026-09-16T13:27:19Z,2026-09-16T15:27:19+0200,575dbb26-0f0d-4448-9041-c0b0c5f096b4,2026-09-10T15:30:00Z,2026-09-10T17:30:00+0200,115.138,MW,DK2,DK_2,actual_onshore_wind_generation,Wind Onshore,2026-09-16T13:29:01Z
2026-09-16T13:27:19Z,2026-09-16T15:27:19+0200,575dbb26-0f0d-4448-9041-c0b0c5f096b4,2026-09-10T15:45:00Z,2026-09-10T17:45:00+0200,110.266,MW,DK2,DK_2,actual_onshore_wind_generation,Wind Onshore,2026-09-16T13:29:01Z
2026-09-16T13:27:19Z,2026-09-16T15:27:19+0200,575dbb26-0f0d-4448-9041-c0b0c5f096b4,2026-09-10T16:00:00Z,2026-09-10T18:00:00+0200,101.936,MW,DK2,DK_2,actual_onshore_wind_generation,Wind Onshore,2026-09-16T13:29:01Z
2026-09-16T13:27:19Z,2026-09-16T15:27:19+0200,575dbb26-0f0d-4448-9041-c0b0c5f096b4,2026-09-10T16:15:00Z,2026-09-10T18:15:00+0200,94.8191,MW,DK2,DK_2,actual_onshore_wind_generation,Wind Onshore,2026-09-16T13:29:01Z
2026-09-16T13:27:19Z,2026-09-16T15:27:19+0200,575dbb26-0f0d-4448-9041-c0b0c5f096b4,2026-09-10T16:30:00Z,2026-09-10T18:30:00+0200,84.7541,MW,DK2,DK_2,actual_onshore_wind_generation,Wind Onshore,2026-09-16T13:29:01Z
2026-09-16T13:27:19Z,2026-09-16T15:27:19+0200,575dbb26-0f0d-4448-9041-c0b0c5f096b4,2026-09-10T16:45:00Z,2026-09-10T18:45:00+0200,70.9242,MW,DK2,DK_2,actual_onshore_wind_generation,Wind Onshore,2026-09-16T13:29:01Z
2026-09-16T13:27:19Z,2026-09-16T15:27:19+0200,575dbb26-0f0d-4448-9041-c0b0c5f096b4,2026-09-10T17:00:00Z,2026-09-10T19:00:00+0200,51.8219,MW,DK2,DK_2,actual_onshore_wind_generation,Wind Onshore,2026-09-16T13:29:01Z
2026-09-16T13:27:19Z,2026-09-16T15:27:19+0200,575dbb26-0f0d-4448-9041-c0b0c5f096b4,2026-09-10T17:15:00Z,2026-09-10T19:15:00+0200,40.5024,MW,DK2,DK_2,actual_onshore_wind_generation,Wind Onshore,2026-09-16T13:29:01Z
2026-09-16T13:27:19Z,2026-09-16T15:27:19+0200,575dbb26-0f0d-4448-9041-c0b0c5f096b4,2026-09-10T17:30:00Z,2026-09-10T19:30:00+0200,35.7799,MW,DK2,DK_2,actual_onshore_wind_generation,Wind Onshore,2026-09-16T13:29:01Z
2026-09-16T13:27:19Z,2026-09-16T15:27:19+0200,575dbb26-0f0d-4448-9041-c0b0c5f096b4,2026-09-10T17:45:00Z,2026-09-10T19:45:00+0200,34.021,MW,DK2,DK_2,actual_onshore_wind_generation,Wind Onshore,2026-09-16T13:29:01Z
2026-09-16T13:27:19Z,2026-09-16T15:27:19+0200,575dbb26-0f0d-4448-9041-c0b0c5f096b4,2026-09-10T18:00:00Z,2026-09-10T20:00:00+0200,34.6931,MW,DK2,DK_2,actual_onshore_wind_generation,Wind Onshore,2026-09-16T13:29:01Z
2026-09-16T13:27:19Z,2026-09-16T15:27:19+0200,575dbb26-0f0d-4448-9041-c0b0c5f096b4,2026-09-10T18:15:00Z,2026-09-10T20:15:00+0200,30.0939,MW,DK2,DK_2,actual_onshore_wind_generation,Wind Onshore,2026-09-16T13:29:01Z
2026-09-16T13:27:19Z,2026-09-16T15:27:19+0200,575dbb26-0f0d-4448-9041-c0b0c5f096b4,2026-09-10T18:30:00Z,2026-09-10T20:30:00+0200,26.7509,MW,DK2,DK_2,actual_onshore_wind_generation,Wind Onshore,2026-09-16T13:29:01Z
2026-09-16T13:27:19Z,2026-09-16T15:27:19+0200,575dbb26-0f0d-4448-9041-c0b0c5f096b4,2026-09-10T18:45:00Z,2026-09-10T20:45:00+0200,23.3604,MW,DK2,DK_2,actual_onshore_wind_generation,Wind Onshore,2026-09-16T13:29:01Z
2026-09-16T13:27:19Z,2026-09-16T15:27:19+0200,575dbb26-0f0d-4448-9041-c0b0c5f096b4,2026-09-10T19:00:00Z,2026-09-10T21:00:00+0200,19.3313,MW,DK2,DK_2,actual_onshore_wind_generation,Wind Onshore,2026-09-16T13:29:01Z
2026-09-16T13:27:19Z,2026-09-16T15:27:19+0200,575dbb26-0f0d-4448-9041-c0b0c5f096b4,2026-09-10T19:15:00Z,2026-09-10T21:15:00+0200,18.5047,MW,DK2,DK_2,actual_onshore_wind_generation,Wind Onshore,2026-09-16T13:29:01Z
2026-09-16T13:27:19Z,2026-09-16T15:27:19+0200,575dbb26-0f0d-4448-9041-c0b0c5f096b4,2026-09-10T19:30:00Z,2026-09-10T21:30:00+0200,18.067,MW,DK2,DK_2,actual_onshore_wind_generation,Wind Onshore,2026-09-16T13:29:01Z
2026-09-16T13:27:19Z,2026-09-16T15:27:19+0200,575dbb26-0f0d-4448-9041-c0b0c5f096b4,2026-09-10T19:45:00Z,2026-09-10T21:45:00+0200,17.0128,MW,DK2,DK_2,actual_onshore_wind_generation,Wind Onshore,2026-09-16T13:29:01Z
2026-09-16T13:27:19Z,2026-09-16T15:27:19+0200,575dbb26-0f0d-4448-9041-c0b0c5f096b4,2026-09-10T20:00:00Z,2026-09-10T22:00:00+0200,16.0366,MW,DK2,DK_2,actual_onshore_wind_generation,Wind Onshore,2026-09-16T13:29:01Z
2026-09-16T13:27:19Z,2026-09-16T15:27:19+0200,575dbb26-0f0d-4448-9041-c0b0c5f096b4,2026-09-10T20:15:00Z,2026-09-10T22:15:00+0200,15.9417,MW,DK2,DK_2,actual_onshore_wind_generation,Wind Onshore,2026-09-16T13:29:01Z
2026-09-16T13:27:19Z,2026-09-16T15:27:19+0200,575dbb26-0f0d-4448-9041-c0b0c5f096b4,2026-09-10T20:30:00Z,2026-09-10T22:30:00+0200,15.5164,MW,DK2,DK_2,actual_onshore_wind_generation,Wind Onshore,2026-09-16T13:29:01Z
2026-09-16T13:27:19Z,2026-09-16T15:27:19+0200,575dbb26-0f0d-4448-9041-c0b0c5f096b4,2026-09-10T20:45:00Z,2026-09-10T22:45:00+0200,16.3522,MW,DK2,DK_2,actual_onshore_wind_generation,Wind Onshore,2026-09-16T13:29:01Z
2026-09-16T13:27:19Z,2026-09-16T15:27:19+0200,575dbb26-0f0d-4448-9041-c0b0c5f096b4,2026-09-10T21:00:00Z,2026-09-10T23:00:00+0200,15.8387,MW,DK2,DK_2,actual_onshore_wind_generation,Wind Onshore,2026-09-16T13:29:01Z
2026-09-16T13:27:19Z,2026-09-16T15:27:19+0200,575dbb26-0f0d-4448-9041-c0b0c5f096b4,2026-09-10T21:15:00Z,2026-09-10T23:15:00+0200,14.4802,MW,DK2,DK_2,actual_onshore_wind_generation,Wind Onshore,2026-09-16T13:29:01Z
2026-09-16T13:27:19Z,2026-09-16T15:27:19+0200,575dbb26-0f0d-4448-9041-c0b0c5f096b4,2026-09-10T21:30:00Z,2026-09-10T23:30:00+0200,16.8046,MW,DK2,DK_2,actual_onshore_wind_generation,Wind Onshore,2026-09-16T13:29:01Z
2026-09-16T13:27:19Z,2026-09-16T15:27:19+0200,575dbb26-0f0d-4448-9041-c0b0c5f096b4,2026-09-10T21:45:00Z,2026-09-10T23:45:00+0200,23.6889,MW,DK2,DK_2,actual_onshore_wind_generation,Wind Onshore,2026-09-16T13:29:01Z
2026-09-16T13:27:19Z,2026-09-16T15:27:19+0200,575dbb26-0f0d-4448-9041-c0b0c5f096b4,2026-09-10T22:00:00Z,2026-09-11T00:00:00+0200,25.8757,MW,DK2,DK_2,actual_onshore_wind_generation,Wind Onshore,2026-09-16T13:29:01Z
2026-09-16T13:27:19Z,2026-09-16T15:27:19+0200,575dbb26-0f0d-4448-9041-c0b0c5f096b4,2026-09-10T22:15:00Z,2026-09-11T00:15:00+0200,29.9373,MW,DK2,DK_2,actual_onshore_wind_generation,Wind Onshore,2026-09-16T13:29:01Z
2026-09-16T13:27:19Z,2026-09-16T15:27:19+0200,575dbb26-0f0d-4448-9041-c0b0c5f096b4,2026-09-10T22:30:00Z,2026-09-11T00:30:00+0200,31.259,MW,DK2,DK_2,actual_onshore_wind_generation,Wind Onshore,2026-09-16T13:29:01Z
2026-09-16T13:27:19Z,2026-09-16T15:27:19+0200,575dbb26-0f0d-4448-9041-c0b0c5f096b4,2026-09-10T22:45:00Z,2026-09-11T00:45:00+0200,32.5524,MW,DK2,DK_2,actual_onshore_wind_generation,Wind Onshore,2026-09-16T13:29:01Z
2026-09-16T13:27:19Z,2026-09-16T15:27:19+0200,575dbb26-0f0d-4448-9041-c0b0c5f096b4,2026-09-10T23:00:00Z,2026-09-11T01:00:00+0200,32.2621,MW,DK2,DK_2,actual_onshore_wind_generation,Wind Onshore,2026-09-16T13:29:01Z
2026-09-16T13:27:19Z,2026-09-16T15:27:19+0200,575dbb26-0f0d-4448-9041-c0b0c5f096b4,2026-09-10T23:15:00Z,2026-09-11T01:15:00+0200,29.0391,MW,DK2,DK_2,actual_onshore_wind_generation,Wind Onshore,2026-09-16T13:29:01Z
2026-09-16T13:27:19Z,2026-09-16T15:27:19+0200,575dbb26-0f0d-4448-9041-c0b0c5f096b4,2026-09-10T23:30:00Z,2026-09-11T01:30:00+0200,28.9785,MW,DK2,DK_2,actual_onshore_wind_generation,Wind Onshore,2026-09-16T13:29:01Z
2026-09-16T13:27:19Z,2026-09-16T15:27:19+0200,575dbb26-0f0d-4448-9041-c0b0c5f096b4,2026-09-10T23:45:00Z,2026-09-11T01:45:00+0200,28.5822,MW,DK2,DK_2,actual_onshore_wind_generation,Wind Onshore,2026-09-16T13:29:01Z
2026-09-16T13:27:19Z,2026-09-16T15:27:19+0200,575dbb26-0f0d-4448-9041-c0b0c5f096b4,2026-09-11T00:00:00Z,2026-09-11T02:00:00+0200,28.387,MW,DK2,DK_2,actual_onshore_wind_generation,Wind Onshore,2026-09-16T13:29:01Z
2026-09-16T13:27:19Z,2026-09-16T15:27:19+0200,575dbb26-0f0d-4448-9041-c0b0c5f096b4,2026-09-11T00:15:00Z,2026-09-11T02:15:00+0200,29.1191,MW,DK2,DK_2,actual_onshore_wind_generation,Wind Onshore,2026-09-16T13:29:01Z
2026-09-16T13:27:19Z,2026-09-16T15:27:19+0200,575dbb26-0f0d-4448-9041-c0b0c5f096b4,2026-09-11T00:30:00Z,2026-09-11T02:30:00+0200,31.532,MW,DK2,DK_2,actual_onshore_wind_generation,Wind Onshore,2026-09-16T13:29:01Z
2026-09-16T13:27:19Z,2026-09-16T15:27:19+0200,575dbb26-0f0d-4448-9041-c0b0c5f096b4,2026-09-11T00:45:00Z,2026-09-11T02:45:00+0200,35.0367,MW,DK2,DK_2,actual_onshore_wind_generation,Wind Onshore,2026-09-16T13:29:01Z
2026-09-16T13:27:19Z,2026-09-16T15:27:19+0200,575dbb26-0f0d-4448-9041-c0b0c5f096b4,2026-09-11T01:00:00Z,2026-09-11T03:00:00+0200,34.0191,MW,DK2,DK_2,actual_onshore_wind_generation,Wind Onshore,2026-09-16T13:29:01Z
2026-09-16T13:27:19Z,2026-09-16T15:27:19+0200,575dbb26-0f0d-4448-9041-c0b0c5f096b4,2026-09-11T01:15:00Z,2026-09-11T03:15:00+0200,33.7817,MW,DK2,DK_2,actual_onshore_wind_generation,Wind Onshore,2026-09-16T13:29:01Z
2026-09-16T13:27:19Z,2026-09-16T15:27:19+0200,575dbb26-0f0d-4448-9041-c0b0c5f096b4,2026-09-11T01:30:00Z,2026-09-11T03:30:00+0200,36.3588,MW,DK2,DK_2,actual_onshore_wind_generation,Wind Onshore,2026-09-16T13:29:01Z
2026-09-16T13:27:19Z,2026-09-16T15:27:19+0200,575dbb26-0f0d-4448-9041-c0b0c5f096b4,2026-09-11T01:45:00Z,2026-09-11T03:45:00+0200,38.1548,MW,DK2,DK_2,actual_onshore_wind_generation,Wind Onshore,2026-09-16T13:29:01Z
2026-09-16T13:27:19Z,2026-09-16T15:27:19+0200,575dbb26-0f0d-4448-9041-c0b0c5f096b4,2026-09-11T02:00:00Z,2026-09-11T04:00:00+0200,41.712,MW,DK2,DK_2,actual_onshore_wind_generation,Wind Onshore,2026-09-16T13:29:01Z
2026-09-16T13:27:19Z,2026-09-16T15:27:19+0200,575dbb26-0f0d-4448-9041-c0b0c5f096b4,2026-09-11T02:15:00Z,2026-09-11T04:15:00+0200,47.2576,MW,DK2,DK_2,actual_onshore_wind_generation,Wind Onshore,2026-09-16T13:29:01Z
2026-09-16T13:27:19Z,2026-09-16T15:27:19+0200,575dbb26-0f0d-4448-9041-c0b0c5f096b4,2026-09-11T02:30:00Z,2026-09-11T04:30:00+0200,54.1405,MW,DK2,DK_2,actual_onshore_wind_generation,Wind Onshore,2026-09-16T13:29:01Z
2026-09-16T13:27:19Z,2026-09-16T15:27:19+0200,575dbb26-0f0d-4448-9041-c0b0c5f096b4,2026-09-11T02:45:00Z,2026-09-11T04:45:00+0200,55.5399,MW,DK2,DK_2,actual_onshore_wind_generation,Wind Onshore,2026-09-16T13:29:01Z
2026-09-16T13:27:19Z,2026-09-16T15:27:19+0200,575dbb26-0f0d-4448-9041-c0b0c5f096b4,2026-09-11T03:00:00Z,2026-09-11T05:00:00+0200,59.0817,MW,DK2,DK_2,actual_onshore_wind_generation,Wind Onshore,2026-09-16T13:29:01Z
2026-09-16T13:27:19Z,2026-09-16T15:27:19+0200,575dbb26-0f0d-4448-9041-c0b0c5f096b4,2026-09-11T03:15:00Z,2026-09-11T05:15:00+0200,62.7783,MW,DK2,DK_2,actual_onshore_wind_generation,Wind Onshore,2026-09-16T13:29:01Z
2026-09-16T13:27:19Z,2026-09-16T15:27:19+0200,575dbb26-0f0d-4448-9041-c0b0c5f096b4,2026-09-11T03:30:00Z,2026-09-11T05:30:00+0200,62.1748,MW,DK2,DK_2,actual_onshore_wind_generation,Wind Onshore,2026-09-16T13:29:01Z
2026-09-16T13:27:19Z,2026-09-16T15:27:19+0200,575dbb26-0f0d-4448-9041-c0b0c5f096b4,2026-09-11T03:45:00Z,2026-09-11T05:45:00+0200,61.4236,MW,DK2,DK_2,actual_onshore_wind_generation,Wind Onshore,2026-09-16T13:29:01Z
2026-09-16T13:27:19Z,2026-09-16T15:27:19+0200,575dbb26-0f0d-4448-9041-c0b0c5f096b4,2026-09-11T04:00:00Z,2026-09-11T06:00:00+0200,64.2361,MW,DK2,DK_2,actual_onshore_wind_generation,Wind Onshore,2026-09-16T13:29:01Z
2026-09-16T13:27:19Z,2026-09-16T15:27:19+0200,575dbb26-0f0d-4448-9041-c0b0c5f096b4,2026-09-11T04:15:00Z,2026-09-11T06:15:00+0200,67.5119,MW,DK2,DK_2,actual_onshore_wind_generation,Wind Onshore,2026-09-16T13:29:01Z
2026-09-16T13:27:19Z,2026-09-16T15:27:19+0200,575dbb26-0f0d-4448-9041-c0b0c5f096b4,2026-09-11T04:30:00Z,2026-09-11T06:30:00+0200,70.4172,MW,DK2,DK_2,actual_onshore_wind_generation,Wind Onshore,2026-09-16T13:29:01Z
2026-09-16T13:27:19Z,2026-09-16T15:27:19+0200,575dbb26-0f0d-4448-9041-c0b0c5f096b4,2026-09-11T04:45:00Z,2026-09-11T06:45:00+0200,74.8333,MW,DK2,DK_2,actual_onshore_wind_generation,Wind Onshore,2026-09-16T13:29:01Z
2026-09-16T13:27:19Z,2026-09-16T15:27:19+0200,575dbb26-0f0d-4448-9041-c0b0c5f096b4,2026-09-11T05:00:00Z,2026-09-11T07:00:00+0200,84.2077,MW,DK2,DK_2,actual_onshore_wind_generation,Wind Onshore,2026-09-16T13:29:01Z
2026-09-16T13:27:19Z,2026-09-16T15:27:19+0200,575dbb26-0f0d-4448-9041-c0b0c5f096b4,2026-09-11T05:15:00Z,2026-09-11T07:15:00+0200,92.1433,MW,DK2,DK_2,actual_onshore_wind_generation,Wind Onshore,2026-09-16T13:29:01Z
2026-09-16T13:27:19Z,2026-09-16T15:27:19+0200,575dbb26-0f0d-4448-9041-c0b0c5f096b4,2026-09-11T05:30:00Z,2026-09-11T07:30:00+0200,96.1057,MW,DK2,DK_2,actual_onshore_wind_generation,Wind Onshore,2026-09-16T13:29:01Z
2026-09-16T13:27:19Z,2026-09-16T15:27:19+0200,575dbb26-0f0d-4448-9041-c0b0c5f096b4,2026-09-11T05:45:00Z,2026-09-11T07:45:00+0200,100.272,MW,DK2,DK_2,actual_onshore_wind_generation,Wind Onshore,2026-09-16T13:29:01Z
2026-09-16T13:27:19Z,2026-09-16T15:27:19+0200,575dbb26-0f0d-4448-9041-c0b0c5f096b4,2026-09-11T06:00:00Z,2026-09-11T08:00:00+0200,95.8692,MW,DK2,DK_2,actual_onshore_wind_generation,Wind Onshore,2026-09-16T13:29:01Z
2026-09-16T13:27:19Z,2026-09-16T15:27:19+0200,575dbb26-0f0d-4448-9041-c0b0c5f096b4,2026-09-11T06:15:00Z,2026-09-11T08:15:00+0200,91.2779,MW,DK2,DK_2,actual_onshore_wind_generation,Wind Onshore,2026-09-16T13:29:01Z
2026-09-16T13:27:19Z,2026-09-16T15:27:19+0200,575dbb26-0f0d-4448-9041-c0b0c5f096b4,2026-09-11T06:30:00Z,2026-09-11T08:30:00+0200,94.0592,MW,DK2,DK_2,actual_onshore_wind_generation,Wind Onshore,2026-09-16T13:29:01Z
2026-09-16T13:27:19Z,2026-09-16T15:27:19+0200,575dbb26-0f0d-4448-9041-c0b0c5f096b4,2026-09-11T06:45:00Z,2026-09-11T08:45:00+0200,96.3457,MW,DK2,DK_2,actual_onshore_wind_generation,Wind Onshore,2026-09-16T13:29:01Z
2026-09-16T13:27:19Z,2026-09-16T15:27:19+0200,575dbb26-0f0d-4448-9041-c0b0c5f096b4,2026-09-11T07:00:00Z,2026-09-11T09:00:00+0200,100.497,MW,DK2,DK_2,actual_onshore_wind_generation,Wind Onshore,2026-09-16T13:29:01Z
2026-09-16T13:27:19Z,2026-09-16T15:27:19+0200,575dbb26-0f0d-4448-9041-c0b0c5f096b4,2026-09-11T07:15:00Z,2026-09-11T09:15:00+0200,105.117,MW,DK2,DK_2,actual_onshore_wind_generation,Wind Onshore,2026-09-16T13:29:01Z
2026-09-16T13:27:19Z,2026-09-16T15:27:19+0200,575dbb26-0f0d-4448-9041-c0b0c5f096b4,2026-09-11T07:30:00Z,2026-09-11T09:30:00+0200,106.02,MW,DK2,DK_2,actual_onshore_wind_generation,Wind Onshore,2026-09-16T13:29:01Z
2026-09-16T13:27:19Z,2026-09-16T15:27:19+0200,575dbb26-0f0d-4448-9041-c0b0c5f096b4,2026-09-11T07:45:00Z,2026-09-11T09:45:00+0200,112.689,MW,DK2,DK_2,actual_onshore_wind_generation,Wind Onshore,2026-09-16T13:29:01Z
2026-09-16T13:27:19Z,2026-09-16T15:27:19+0200,575dbb26-0f0d-4448-9041-c0b0c5f096b4,2026-09-11T08:00:00Z,2026-09-11T10:00:00+0200,110.932,MW,DK2,DK_2,actual_onshore_wind_generation,Wind Onshore,2026-09-16T13:29:01Z
2026-09-16T13:27:19Z,2026-09-16T15:27:19+0200,575dbb26-0f0d-4448-9041-c0b0c5f096b4,2026-09-11T08:15:00Z,2026-09-11T10:15:00+0200,112.855,MW,DK2,DK_2,actual_onshore_wind_generation,Wind Onshore,2026-09-16T13:29:01Z
2026-09-16T13:27:19Z,2026-09-16T15:27:19+0200,575dbb26-0f0d-4448-9041-c0b0c5f096b4,2026-09-11T08:30:00Z,2026-09-11T10:30:00+0200,116.351,MW,DK2,DK_2,actual_onshore_wind_generation,Wind Onshore,2026-09-16T13:29:01Z
2026-09-16T13:27:19Z,2026-09-16T15:27:19+0200,575dbb26-0f0d-4448-9041-c0b0c5f096b4,2026-09-11T08:45:00Z,2026-09-11T10:45:00+0200,122.327,MW,DK2,DK_2,actual_onshore_wind_generation,Wind Onshore,2026-09-16T13:29:01Z
2026-09-16T13:27:19Z,2026-09-16T15:27:19+0200,575dbb26-0f0d-4448-9041-c0b0c5f096b4,2026-09-11T09:00:00Z,2026-09-11T11:00:00+0200,125.598,MW,DK2,DK_2,actual_onshore_wind_generation,Wind Onshore,2026-09-16T13:29:01Z
2026-09-16T13:27:19Z,2026-09-16T15:27:19+0200,575dbb26-0f0d-4448-9041-c0b0c5f096b4,2026-09-11T09:15:00Z,2026-09-11T11:15:00+0200,132.764,MW,DK2,DK_2,actual_onshore_wind_generation,Wind Onshore,2026-09-16T13:29:01Z
2026-09-16T13:27:19Z,2026-09-16T15:27:19+0200,575dbb26-0f0d-4448-9041-c0b0c5f096b4,2026-09-11T09:30:00Z,2026-09-11T11:30:00+0200,135.024,MW,DK2,DK_2,actual_onshore_wind_generation,Wind Onshore,2026-09-16T13:29:01Z
2026-09-16T13:27:19Z,2026-09-16T15:27:19+0200,575dbb26-0f0d-4448-9041-c0b0c5f096b4,2026-09-11T09:45:00Z,2026-09-11T11:45:00+0200,134.181,MW,DK2,DK_2,actual_onshore_wind_generation,Wind Onshore,2026-09-16T13:29:01Z
2026-09-16T13:27:19Z,2026-09-16T15:27:19+0200,575dbb26-0f0d-4448-9041-c0b0c5f096b4,2026-09-11T10:00:00Z,2026-09-11T12:00:00+0200,129.167,MW,DK2,DK_2,actual_onshore_wind_generation,Wind Onshore,2026-09-16T13:29:01Z
2026-09-16T13:27:19Z,2026-09-16T15:27:19+0200,575dbb26-0f0d-4448-9041-c0b0c5f096b4,2026-09-11T10:15:00Z,2026-09-11T12:15:00+0200,133.806,MW,DK2,DK_2,actual_onshore_wind_generation,Wind Onshore,2026-09-16T13:29:01Z
2026-09-16T13:27:19Z,2026-09-16T15:27:19+0200,575dbb26-0f0d-4448-9041-c0b0c5f096b4,2026-09-11T10:30:00Z,2026-09-11T12:30:00+0200,134.184,MW,DK2,DK_2,actual_onshore_wind_generation,Wind Onshore,2026-09-16T13:29:01Z
2026-09-16T13:27:19Z,2026-09-16T15:27:19+0200,575dbb26-0f0d-4448-9041-c0b0c5f096b4,2026-09-11T10:45:00Z,2026-09-11T12:45:00+0200,132.885,MW,DK2,DK_2,actual_onshore_wind_generation,Wind Onshore,2026-09-16T13:29:01Z
2026-09-16T13:27:19Z,2026-09-16T15:27:19+0200,575dbb26-0f0d-4448-9041-c0b0c5f096b4,2026-09-11T11:00:00Z,2026-09-11T13:00:00+0200,128.711,MW,DK2,DK_2,actual_onshore_wind_generation,Wind Onshore,2026-09-16T13:29:01Z
2026-09-16T13:27:19Z,2026-09-16T15:27:19+0200,575dbb26-0f0d-4448-9041-c0b0c5f096b4,2026-09-11T11:15:00Z,2026-09-11T13:15:00+0200,129.018,MW,DK2,DK_2,actual_onshore_wind_generation,Wind Onshore,2026-09-16T13:29:01Z
2026-09-16T13:27:19Z,2026-09-16T15:27:19+0200,575dbb26-0f0d-4448-9041-c0b0c5f096b4,2026-09-11T11:30:00Z,2026-09-11T13:30:00+0200,123.194,MW,DK2,DK_2,actual_onshore_wind_generation,Wind Onshore,2026-09-16T13:29:01Z
2026-09-16T13:27:19Z,2026-09-16T15:27:19+0200,575dbb26-0f0d-4448-9041-c0b0c5f096b4,2026-09-11T11:45:00Z,2026-09-11T13:45:00+0200,120.658,MW,DK2,DK_2,actual_onshore_wind_generation,Wind Onshore,2026-09-16T13:29:01Z
2026-09-16T13:27:19Z,2026-09-16T15:27:19+0200,575dbb26-0f0d-4448-9041-c0b0c5f096b4,2026-09-11T12:00:00Z,2026-09-11T14:00:00+0200,107.299,MW,DK2,DK_2,actual_onshore_wind_generation,Wind Onshore,2026-09-16T13:29:01Z
2026-09-16T13:27:19Z,2026-09-16T15:27:19+0200,575dbb26-0f0d-4448-9041-c0b0c5f096b4,2026-09-11T12:15:00Z,2026-09-11T14:15:00+0200,97.1818,MW,DK2,DK_2,actual_onshore_wind_generation,Wind Onshore,2026-09-16T13:29:01Z
2026-09-16T13:27:19Z,2026-09-16T15:27:19+0200,575dbb26-0f0d-4448-9041-c0b0c5f096b4,2026-09-11T12:30:00Z,2026-09-11T14:30:00+0200,94.7056,MW,DK2,DK_2,actual_onshore_wind_generation,Wind Onshore,2026-09-16T13:29:01Z
2026-09-16T13:27:19Z,2026-09-16T15:27:19+0200,575dbb26-0f0d-4448-9041-c0b0c5f096b4,2026-09-11T12:45:00Z,2026-09-11T14:45:00+0200,92.351,MW,DK2,DK_2,actual_onshore_wind_generation,Wind Onshore,2026-09-16T13:29:01Z
2026-09-16T13:27:19Z,2026-09-16T15:27:19+0200,575dbb26-0f0d-4448-9041-c0b0c5f096b4,2026-09-11T13:00:00Z,2026-09-11T15:00:00+0200,80.602,MW,DK2,DK_2,actual_onshore_wind_generation,Wind Onshore,2026-09-16T13:29:01Z
2026-09-16T13:27:19Z,2026-09-16T15:27:19+0200,575dbb26-0f0d-4448-9041-c0b0c5f096b4,2026-09-11T13:15:00Z,2026-09-11T15:15:00+0200,76.6575,MW,DK2,DK_2,actual_onshore_wind_generation,Wind Onshore,2026-09-16T13:29:01Z
2026-09-16T13:27:19Z,2026-09-16T15:27:19+0200,575dbb26-0f0d-4448-9041-c0b0c5f096b4,2026-09-11T13:30:00Z,2026-09-11T15:30:00+0200,71.3422,MW,DK2,DK_2,actual_onshore_wind_generation,Wind Onshore,2026-09-16T13:29:01Z
2026-09-16T13:27:19Z,2026-09-16T15:27:19+0200,575dbb26-0f0d-4448-9041-c0b0c5f096b4,2026-09-11T13:45:00Z,2026-09-11T15:45:00+0200,65.2468,MW,DK2,DK_2,actual_onshore_wind_generation,Wind Onshore,2026-09-16T13:29:01Z
2026-09-16T13:27:19Z,2026-09-16T15:27:19+0200,575dbb26-0f0d-4448-9041-c0b0c5f096b4,2026-09-11T14:00:00Z,2026-09-11T16:00:00+0200,59.389,MW,DK2,DK_2,actual_onshore_wind_generation,Wind Onshore,2026-09-16T13:29:01Z
2026-09-16T13:27:19Z,2026-09-16T15:27:19+0200,575dbb26-0f0d-4448-9041-c0b0c5f096b4,2026-09-11T14:15:00Z,2026-09-11T16:15:00+0200,52.877,MW,DK2,DK_2,actual_onshore_wind_generation,Wind Onshore,2026-09-16T13:29:01Z
2026-09-16T13:27:19Z,2026-09-16T15:27:19+0200,575dbb26-0f0d-4448-9041-c0b0c5f096b4,2026-09-11T14:30:00Z,2026-09-11T16:30:00+0200,52.7594,MW,DK2,DK_2,actual_onshore_wind_generation,Wind Onshore,2026-09-16T13:29:01Z
2026-09-16T13:27:19Z,2026-09-16T15:27:19+0200,575dbb26-0f0d-4448-9041-c0b0c5f096b4,2026-09-11T14:45:00Z,2026-09-11T16:45:00+0200,52.5605,MW,DK2,DK_2,actual_onshore_wind_generation,Wind Onshore,2026-09-16T13:29:01Z
2026-09-16T13:27:19Z,2026-09-16T15:27:19+0200,575dbb26-0f0d-4448-9041-c0b0c5f096b4,2026-09-11T15:00:00Z,2026-09-11T17:00:00+0200,49.0329,MW,DK2,DK_2,actual_onshore_wind_generation,Wind Onshore,2026-09-16T13:29:01Z
2026-09-16T13:27:19Z,2026-09-16T15:27:19+0200,575dbb26-0f0d-4448-9041-c0b0c5f096b4,2026-09-11T15:15:00Z,2026-09-11T17:15:00+0200,49.3191,MW,DK2,DK_2,actual_onshore_wind_generation,Wind Onshore,2026-09-16T13:29:01Z
2026-09-16T13:27:19Z,2026-09-16T15:27:19+0200,575dbb26-0f0d-4448-9041-c0b0c5f096b4,2026-09-11T15:30:00Z,2026-09-11T17:30:00+0200,48.6401,MW,DK2,DK_2,actual_onshore_wind_generation,Wind Onshore,2026-09-16T13:29:01Z
2026-09-16T13:27:19Z,2026-09-16T15:27:19+0200,575dbb26-0f0d-4448-9041-c0b0c5f096b4,2026-09-11T15:45:00Z,2026-09-11T17:45:00+0200,48.9643,MW,DK2,DK_2,actual_onshore_wind_generation,Wind Onshore,2026-09-16T13:29:01Z
2026-09-16T13:27:19Z,2026-09-16T15:27:19+0200,575dbb26-0f0d-4448-9041-c0b0c5f096b4,2026-09-11T16:00:00Z,2026-09-11T18:00:00+0200,49.3736,MW,DK2,DK_2,actual_onshore_wind_generation,Wind Onshore,2026-09-16T13:29:01Z
2026-09-16T13:27:19Z,2026-09-16T15:27:19+0200,575dbb26-0f0d-4448-9041-c0b0c5f096b4,2026-09-11T16:15:00Z,2026-09-11T18:15:00+0200,50.2556,MW,DK2,DK_2,actual_onshore_wind_generation,Wind Onshore,2026-09-16T13:29:01Z
2026-09-16T13:27:19Z,2026-09-16T15:27:19+0200,575dbb26-0f0d-4448-9041-c0b0c5f096b4,2026-09-11T16:30:00Z,2026-09-11T18:30:00+0200,52.4828,MW,DK2,DK_2,actual_onshore_wind_generation,Wind Onshore,2026-09-16T13:29:01Z
2026-09-16T13:27:19Z,2026-09-16T15:27:19+0200,575dbb26-0f0d-4448-9041-c0b0c5f096b4,2026-09-11T16:45:00Z,2026-09-11T18:45:00+0200,52.6322,MW,DK2,DK_2,actual_onshore_wind_generation,Wind Onshore,2026-09-16T13:29:01Z
2026-09-16T13:27:19Z,2026-09-16T15:27:19+0200,575dbb26-0f0d-4448-9041-c0b0c5f096b4,2026-09-11T17:00:00Z,2026-09-11T19:00:00+0200,53.3855,MW,DK2,DK_2,actual_onshore_wind_generation,Wind Onshore,2026-09-16T13:29:01Z
2026-09-16T13:27:19Z,2026-09-16T15:27:19+0200,575dbb26-0f0d-4448-9041-c0b0c5f096b4,2026-09-11T17:15:00Z,2026-09-11T19:15:00+0200,59.5686,MW,DK2,DK_2,actual_onshore_wind_generation,Wind Onshore,2026-09-16T13:29:01Z
2026-09-16T13:27:19Z,2026-09-16T15:27:19+0200,575dbb26-0f0d-4448-9041-c0b0c5f096b4,2026-09-11T17:30:00Z,2026-09-11T19:30:00+0200,60.0167,MW,DK2,DK_2,actual_onshore_wind_generation,Wind Onshore,2026-09-16T13:29:01Z
2026-09-16T13:27:19Z,2026-09-16T15:27:19+0200,575dbb26-0f0d-4448-9041-c0b0c5f096b4,2026-09-11T17:45:00Z,2026-09-11T19:45:00+0200,59.9342,MW,DK2,DK_2,actual_onshore_wind_generation,Wind Onshore,2026-09-16T13:29:01Z
2026-09-16T13:27:19Z,2026-09-16T15:27:19+0200,575dbb26-0f0d-4448-9041-c0b0c5f096b4,2026-09-11T18:00:00Z,2026-09-11T20:00:00+0200,63.8051,MW,DK2,DK_2,actual_onshore_wind_generation,Wind Onshore,2026-09-16T13:29:01Z
2026-09-16T13:27:19Z,2026-09-16T15:27:19+0200,575dbb26-0f0d-4448-9041-c0b0c5f096b4,2026-09-11T18:15:00Z,2026-09-11T20:15:00+0200,66.4989,MW,DK2,DK_2,actual_onshore_wind_generation,Wind Onshore,2026-09-16T13:29:01Z
2026-09-16T13:27:19Z,2026-09-16T15:27:19+0200,575dbb26-0f0d-4448-9041-c0b0c5f096b4,2026-09-11T18:30:00Z,2026-09-11T20:30:00+0200,68.0783,MW,DK2,DK_2,actual_onshore_wind_generation,Wind Onshore,2026-09-16T13:29:01Z
2026-09-16T13:27:19Z,2026-09-16T15:27:19+0200,575dbb26-0f0d-4448-9041-c0b0c5f096b4,2026-09-11T18:45:00Z,2026-09-11T20:45:00+0200,68.6267,MW,DK2,DK_2,actual_onshore_wind_generation,Wind Onshore,2026-09-16T13:29:01Z
2026-09-16T13:27:19Z,2026-09-16T15:27:19+0200,575dbb26-0f0d-4448-9041-c0b0c5f096b4,2026-09-11T19:00:00Z,2026-09-11T21:00:00+0200,66.7658,MW,DK2,DK_2,actual_onshore_wind_generation,Wind Onshore,2026-09-16T13:29:01Z
2026-09-16T13:27:19Z,2026-09-16T15:27:19+0200,575dbb26-0f0d-4448-9041-c0b0c5f096b4,2026-09-11T19:15:00Z,2026-09-11T21:15:00+0200,67.1498,MW,DK2,DK_2,actual_onshore_wind_generation,Wind Onshore,2026-09-16T13:29:01Z
2026-09-16T13:27:19Z,2026-09-16T15:27:19+0200,575dbb26-0f0d-4448-9041-c0b0c5f096b4,2026-09-11T19:30:00Z,2026-09-11T21:30:00+0200,55.2001,MW,DK2,DK_2,actual_onshore_wind_generation,Wind Onshore,2026-09-16T13:29:01Z
2026-09-16T13:27:19Z,2026-09-16T15:27:19+0200,575dbb26-0f0d-4448-9041-c0b0c5f096b4,2026-09-11T19:45:00Z,2026-09-11T21:45:00+0200,50.4013,MW,DK2,DK_2,actual_onshore_wind_generation,Wind Onshore,2026-09-16T13:29:01Z
2026-09-16T13:27:19Z,2026-09-16T15:27:19+0200,575dbb26-0f0d-4448-9041-c0b0c5f096b4,2026-09-11T20:00:00Z,2026-09-11T22:00:00+0200,42.0632,MW,DK2,DK_2,actual_onshore_wind_generation,Wind Onshore,2026-09-16T13:29:01Z
2026-09-16T13:27:19Z,2026-09-16T15:27:19+0200,575dbb26-0f0d-4448-9041-c0b0c5f096b4,2026-09-11T20:15:00Z,2026-09-11T22:15:00+0200,38.1005,MW,DK2,DK_2,actual_onshore_wind_generation,Wind Onshore,2026-09-16T13:29:01Z
2026-09-16T13:27:19Z,2026-09-16T15:27:19+0200,575dbb26-0f0d-4448-9041-c0b0c5f096b4,2026-09-11T20:30:00Z,2026-09-11T22:30:00+0200,36.2646,MW,DK2,DK_2,actual_onshore_wind_generation,Wind Onshore,2026-09-16T13:29:01Z
2026-09-16T13:27:19Z,2026-09-16T15:27:19+0200,575dbb26-0f0d-4448-9041-c0b0c5f096b4,2026-09-11T20:45:00Z,2026-09-11T22:45:00+0200,38.3161,MW,DK2,DK_2,actual_onshore_wind_generation,Wind Onshore,2026-09-16T13:29:01Z
2026-09-16T13:27:19Z,2026-09-16T15:27:19+0200,575dbb26-0f0d-4448-9041-c0b0c5f096b4,2026-09-11T21:00:00Z,2026-09-11T23:00:00+0200,36.7551,MW,DK2,DK_2,actual_onshore_wind_generation,Wind Onshore,2026-09-16T13:29:01Z
2026-09-16T13:27:19Z,2026-09-16T15:27:19+0200,575dbb26-0f0d-4448-9041-c0b0c5f096b4,2026-09-11T21:15:00Z,2026-09-11T23:15:00+0200,33.1732,MW,DK2,DK_2,actual_onshore_wind_generation,Wind Onshore,2026-09-16T13:29:01Z
2026-09-16T13:27:19Z,2026-09-16T15:27:19+0200,575dbb26-0f0d-4448-9041-c0b0c5f096b4,2026-09-11T21:30:00Z,2026-09-11T23:30:00+0200,34.7079,MW,DK2,DK_2,actual_onshore_wind_generation,Wind Onshore,2026-09-16T13:29:01Z
2026-09-16T13:27:19Z,2026-09-16T15:27:19+0200,575dbb26-0f0d-4448-9041-c0b0c5f096b4,2026-09-11T21:45:00Z,2026-09-11T23:45:00+0200,33.9406,MW,DK2,DK_2,actual_onshore_wind_generation,Wind Onshore,2026-09-16T13:29:01Z
2026-09-16T13:27:19Z,2026-09-16T15:27:19+0200,575dbb26-0f0d-4448-9041-c0b0c5f096b4,2026-09-11T22:00:00Z,2026-09-12T00:00:00+0200,35.8399,MW,DK2,DK_2,actual_onshore_wind_generation,Wind Onshore,2026-09-16T13:29:01Z
2026-09-16T13:27:19Z,2026-09-16T15:27:19+0200,575dbb26-0f0d-4448-9041-c0b0c5f096b4,2026-09-11T22:15:00Z,2026-09-12T00:15:00+0200,38.7737,MW,DK2,DK_2,actual_onshore_wind_generation,Wind Onshore,2026-09-16T13:29:01Z
2026-09-16T13:27:19Z,2026-09-16T15:27:19+0200,575dbb26-0f0d-4448-9041-c0b0c5f096b4,2026-09-11T22:30:00Z,2026-09-12T00:30:00+0200,39.7652,MW,DK2,DK_2,actual_onshore_wind_generation,Wind Onshore,2026-09-16T13:29:01Z
2026-09-16T13:27:19Z,2026-09-16T15:27:19+0200,575dbb26-0f0d-4448-9041-c0b0c5f096b4,2026-09-11T22:45:00Z,2026-09-12T00:45:00+0200,34.4413,MW,DK2,DK_2,actual_onshore_wind_generation,Wind Onshore,2026-09-16T13:29:01Z
2026-09-16T13:27:19Z,2026-09-16T15:27:19+0200,575dbb26-0f0d-4448-9041-c0b0c5f096b4,2026-09-11T23:00:00Z,2026-09-12T01:00:00+0200,36.607,MW,DK2,DK_2,actual_onshore_wind_generation,Wind Onshore,2026-09-16T13:29:01Z
2026-09-16T13:27:19Z,2026-09-16T15:27:19+0200,575dbb26-0f0d-4448-9041-c0b0c5f096b4,2026-09-11T23:15:00Z,2026-09-12T01:15:00+0200,35.2263,MW,DK2,DK_2,actual_onshore_wind_generation,Wind Onshore,2026-09-16T13:29:01Z
2026-09-16T13:27:19Z,2026-09-16T15:27:19+0200,575dbb26-0f0d-4448-9041-c0b0c5f096b4,2026-09-11T23:30:00Z,2026-09-12T01:30:00+0200,35.7142,MW,DK2,DK_2,actual_onshore_wind_generation,Wind Onshore,2026-09-16T13:29:01Z
2026-09-16T13:27:19Z,2026-09-16T15:27:19+0200,575dbb26-0f0d-4448-9041-c0b0c5f096b4,2026-09-11T23:45:00Z,2026-09-12T01:45:00+0200,31.4119,MW,DK2,DK_2,actual_onshore_wind_generation,Wind Onshore,2026-09-16T13:29:01Z
2026-09-16T13:27:19Z,2026-09-16T15:27:19+0200,575dbb26-0f0d-4448-9041-c0b0c5f096b4,2026-09-12T00:00:00Z,2026-09-12T02:00:00+0200,27.4142,MW,DK2,DK_2,actual_onshore_wind_generation,Wind Onshore,2026-09-16T13:29:01Z
2026-09-16T13:27:19Z,2026-09-16T15:27:19+0200,575dbb26-0f0d-4448-9041-c0b0c5f096b4,2026-09-12T00:15:00Z,2026-09-12T02:15:00+0200,21.8141,MW,DK2,DK_2,actual_onshore_wind_generation,Wind Onshore,2026-09-16T13:29:01Z
2026-09-16T13:27:19Z,2026-09-16T15:27:19+0200,575dbb26-0f0d-4448-9041-c0b0c5f096b4,2026-09-12T00:30:00Z,2026-09-12T02:30:00+0200,19.3094,MW,DK2,DK_2,actual_onshore_wind_generation,Wind Onshore,2026-09-16T13:29:01Z
2026-09-16T13:27:19Z,2026-09-16T15:27:19+0200,575dbb26-0f0d-4448-9041-c0b0c5f096b4,2026-09-12T00:45:00Z,2026-09-12T02:45:00+0200,14.6375,MW,DK2,DK_2,actual_onshore_wind_generation,Wind Onshore,2026-09-16T13:29:01Z
2026-09-16T13:27:19Z,2026-09-16T15:27:19+0200,575dbb26-0f0d-4448-9041-c0b0c5f096b4,2026-09-12T01:00:00Z,2026-09-12T03:00:00+0200,13.656,MW,DK2,DK_2,actual_onshore_wind_generation,Wind Onshore,2026-09-16T13:29:01Z
2026-09-16T13:27:19Z,2026-09-16T15:27:19+0200,575dbb26-0f0d-4448-9041-c0b0c5f096b4,2026-09-12T01:15:00Z,2026-09-12T03:15:00+0200,13.9841,MW,DK2,DK_2,actual_onshore_wind_generation,Wind Onshore,2026-09-16T13:29:01Z
2026-09-16T13:27:19Z,2026-09-16T15:27:19+0200,575dbb26-0f0d-4448-9041-c0b0c5f096b4,2026-09-12T01:30:00Z,2026-09-12T03:30:00+0200,13.4236,MW,DK2,DK_2,actual_onshore_wind_generation,Wind Onshore,2026-09-16T13:29:01Z
2026-09-16T13:27:19Z,2026-09-16T15:27:19+0200,575dbb26-0f0d-4448-9041-c0b0c5f096b4,2026-09-12T01:45:00Z,2026-09-12T03:45:00+0200,12.7572,MW,DK2,DK_2,actual_onshore_wind_generation,Wind Onshore,2026-09-16T13:29:01Z
2026-09-16T13:27:19Z,2026-09-16T15:27:19+0200,575dbb26-0f0d-4448-9041-c0b0c5f096b4,2026-09-12T02:00:00Z,2026-09-12T04:00:00+0200,12.4329,MW,DK2,DK_2,actual_onshore_wind_generation,Wind Onshore,2026-09-16T13:29:01Z
2026-09-16T13:27:19Z,2026-09-16T15:27:19+0200,575dbb26-0f0d-4448-9041-c0b0c5f096b4,2026-09-12T02:15:00Z,2026-09-12T04:15:00+0200,14.9217,MW,DK2,DK_2,actual_onshore_wind_generation,Wind Onshore,2026-09-16T13:29:01Z
2026-09-16T13:27:19Z,2026-09-16T15:27:19+0200,575dbb26-0f0d-4448-9041-c0b0c5f096b4,2026-09-12T02:30:00Z,2026-09-12T04:30:00+0200,16.2687,MW,DK2,DK_2,actual_onshore_wind_generation,Wind Onshore,2026-09-16T13:29:01Z
2026-09-16T13:27:19Z,2026-09-16T15:27:19+0200,575dbb26-0f0d-4448-9041-c0b0c5f096b4,2026-09-12T02:45:00Z,2026-09-12T04:45:00+0200,17.0341,MW,DK2,DK_2,actual_onshore_wind_generation,Wind Onshore,2026-09-16T13:29:01Z
2026-09-16T13:27:19Z,2026-09-16T15:27:19+0200,575dbb26-0f0d-4448-9041-c0b0c5f096b4,2026-09-12T03:00:00Z,2026-09-12T05:00:00+0200,15.5731,MW,DK2,DK_2,actual_onshore_wind_generation,Wind Onshore,2026-09-16T13:29:01Z
2026-09-16T13:27:19Z,2026-09-16T15:27:19+0200,575dbb26-0f0d-4448-9041-c0b0c5f096b4,2026-09-12T03:15:00Z,2026-09-12T05:15:00+0200,16.6809,MW,DK2,DK_2,actual_onshore_wind_generation,Wind Onshore,2026-09-16T13:29:01Z
2026-09-16T13:27:19Z,2026-09-16T15:27:19+0200,575dbb26-0f0d-4448-9041-c0b0c5f096b4,2026-09-12T03:30:00Z,2026-09-12T05:30:00+0200,16.1784,MW,DK2,DK_2,actual_onshore_wind_generation,Wind Onshore,2026-09-16T13:29:01Z
2026-09-16T13:27:19Z,2026-09-16T15:27:19+0200,575dbb26-0f0d-4448-9041-c0b0c5f096b4,2026-09-12T03:45:00Z,2026-09-12T05:45:00+0200,16.756,MW,DK2,DK_2,actual_onshore_wind_generation,Wind Onshore,2026-09-16T13:29:01Z
2026-09-16T13:27:19Z,2026-09-16T15:27:19+0200,575dbb26-0f0d-4448-9041-c0b0c5f096b4,2026-09-12T04:00:00Z,2026-09-12T06:00:00+0200,17.5704,MW,DK2,DK_2,actual_onshore_wind_generation,Wind Onshore,2026-09-16T13:29:01Z
2026-09-16T13:27:19Z,2026-09-16T15:27:19+0200,575dbb26-0f0d-4448-9041-c0b0c5f096b4,2026-09-12T04:15:00Z,2026-09-12T06:15:00+0200,16.8185,MW,DK2,DK_2,actual_onshore_wind_generation,Wind Onshore,2026-09-16T13:29:01Z
2026-09-16T13:27:19Z,2026-09-16T15:27:19+0200,575dbb26-0f0d-4448-9041-c0b0c5f096b4,2026-09-12T04:30:00Z,2026-09-12T06:30:00+0200,12.322,MW,DK2,DK_2,actual_onshore_wind_generation,Wind Onshore,2026-09-16T13:29:01Z
2026-09-16T13:27:19Z,2026-09-16T15:27:19+0200,575dbb26-0f0d-4448-9041-c0b0c5f096b4,2026-09-12T04:45:00Z,2026-09-12T06:45:00+0200,10.5106,MW,DK2,DK_2,actual_onshore_wind_generation,Wind Onshore,2026-09-16T13:29:01Z
2026-09-16T13:27:19Z,2026-09-16T15:27:19+0200,575dbb26-0f0d-4448-9041-c0b0c5f096b4,2026-09-12T05:00:00Z,2026-09-12T07:00:00+0200,11.0279,MW,DK2,DK_2,actual_onshore_wind_generation,Wind Onshore,2026-09-16T13:29:01Z
2026-09-16T13:27:19Z,2026-09-16T15:27:19+0200,575dbb26-0f0d-4448-9041-c0b0c5f096b4,2026-09-12T05:15:00Z,2026-09-12T07:15:00+0200,10.1923,MW,DK2,DK_2,actual_onshore_wind_generation,Wind Onshore,2026-09-16T13:29:01Z
2026-09-16T13:27:19Z,2026-09-16T15:27:19+0200,575dbb26-0f0d-4448-9041-c0b0c5f096b4,2026-09-12T05:30:00Z,2026-09-12T07:30:00+0200,10.3918,MW,DK2,DK_2,actual_onshore_wind_generation,Wind Onshore,2026-09-16T13:29:01Z
2026-09-16T13:27:19Z,2026-09-16T15:27:19+0200,575dbb26-0f0d-4448-9041-c0b0c5f096b4,2026-09-12T05:45:00Z,2026-09-12T07:45:00+0200,14.6414,MW,DK2,DK_2,actual_onshore_wind_generation,Wind Onshore,2026-09-16T13:29:01Z
2026-09-16T13:27:19Z,2026-09-16T15:27:19+0200,575dbb26-0f0d-4448-9041-c0b0c5f096b4,2026-09-12T06:00:00Z,2026-09-12T08:00:00+0200,16.7201,MW,DK2,DK_2,actual_onshore_wind_generation,Wind Onshore,2026-09-16T13:29:01Z
2026-09-16T13:27:19Z,2026-09-16T15:27:19+0200,575dbb26-0f0d-4448-9041-c0b0c5f096b4,2026-09-12T06:15:00Z,2026-09-12T08:15:00+0200,20.7829,MW,DK2,DK_2,actual_onshore_wind_generation,Wind Onshore,2026-09-16T13:29:01Z
2026-09-16T13:27:19Z,2026-09-16T15:27:19+0200,575dbb26-0f0d-4448-9041-c0b0c5f096b4,2026-09-12T06:30:00Z,2026-09-12T08:30:00+0200,25.609,MW,DK2,DK_2,actual_onshore_wind_generation,Wind Onshore,2026-09-16T13:29:01Z
2026-09-16T13:27:19Z,2026-09-16T15:27:19+0200,575dbb26-0f0d-4448-9041-c0b0c5f096b4,2026-09-12T06:45:00Z,2026-09-12T08:45:00+0200,23.5677,MW,DK2,DK_2,actual_onshore_wind_generation,Wind Onshore,2026-09-16T13:29:01Z
2026-09-16T13:27:19Z,2026-09-16T15:27:19+0200,575dbb26-0f0d-4448-9041-c0b0c5f096b4,2026-09-12T07:00:00Z,2026-09-12T09:00:00+0200,26.6721,MW,DK2,DK_2,actual_onshore_wind_generation,Wind Onshore,2026-09-16T13:29:01Z
2026-09-16T13:27:19Z,2026-09-16T15:27:19+0200,575dbb26-0f0d-4448-9041-c0b0c5f096b4,2026-09-12T07:15:00Z,2026-09-12T09:15:00+0200,30.6138,MW,DK2,DK_2,actual_onshore_wind_generation,Wind Onshore,2026-09-16T13:29:01Z
2026-09-16T13:27:19Z,2026-09-16T15:27:19+0200,575dbb26-0f0d-4448-9041-c0b0c5f096b4,2026-09-12T07:30:00Z,2026-09-12T09:30:00+0200,36.0539,MW,DK2,DK_2,actual_onshore_wind_generation,Wind Onshore,2026-09-16T13:29:01Z
2026-09-16T13:27:19Z,2026-09-16T15:27:19+0200,575dbb26-0f0d-4448-9041-c0b0c5f096b4,2026-09-12T07:45:00Z,2026-09-12T09:45:00+0200,39.437,MW,DK2,DK_2,actual_onshore_wind_generation,Wind Onshore,2026-09-16T13:29:01Z
2026-09-16T13:27:19Z,2026-09-16T15:27:19+0200,575dbb26-0f0d-4448-9041-c0b0c5f096b4,2026-09-12T08:00:00Z,2026-09-12T10:00:00+0200,44.1571,MW,DK2,DK_2,actual_onshore_wind_generation,Wind Onshore,2026-09-16T13:29:01Z
2026-09-16T13:27:19Z,2026-09-16T15:27:19+0200,575dbb26-0f0d-4448-9041-c0b0c5f096b4,2026-09-12T08:15:00Z,2026-09-12T10:15:00+0200,47.2822,MW,DK2,DK_2,actual_onshore_wind_generation,Wind Onshore,2026-09-16T13:29:01Z
2026-09-16T13:27:19Z,2026-09-16T15:27:19+0200,575dbb26-0f0d-4448-9041-c0b0c5f096b4,2026-09-12T08:30:00Z,2026-09-12T10:30:00+0200,46.6805,MW,DK2,DK_2,actual_onshore_wind_generation,Wind Onshore,2026-09-16T13:29:01Z
2026-09-16T13:27:19Z,2026-09-16T15:27:19+0200,575dbb26-0f0d-4448-9041-c0b0c5f096b4,2026-09-12T08:45:00Z,2026-09-12T10:45:00+0200,51.9319,MW,DK2,DK_2,actual_onshore_wind_generation,Wind Onshore,2026-09-16T13:29:01Z
2026-09-16T13:27:19Z,2026-09-16T15:27:19+0200,575dbb26-0f0d-4448-9041-c0b0c5f096b4,2026-09-12T09:00:00Z,2026-09-12T11:00:00+0200,49.6253,MW,DK2,DK_2,actual_onshore_wind_generation,Wind Onshore,2026-09-16T13:29:01Z
2026-09-16T13:27:19Z,2026-09-16T15:27:19+0200,575dbb26-0f0d-4448-9041-c0b0c5f096b4,2026-09-12T09:15:00Z,2026-09-12T11:15:00+0200,55.0127,MW,DK2,DK_2,actual_onshore_wind_generation,Wind Onshore,2026-09-16T13:29:01Z
2026-09-16T13:27:19Z,2026-09-16T15:27:19+0200,575dbb26-0f0d-4448-9041-c0b0c5f096b4,2026-09-12T09:30:00Z,2026-09-12T11:30:00+0200,62.3202,MW,DK2,DK_2,actual_onshore_wind_generation,Wind Onshore,2026-09-16T13:29:01Z
2026-09-16T13:27:19Z,2026-09-16T15:27:19+0200,575dbb26-0f0d-4448-9041-c0b0c5f096b4,2026-09-12T09:45:00Z,2026-09-12T11:45:00+0200,71.2575,MW,DK2,DK_2,actual_onshore_wind_generation,Wind Onshore,2026-09-16T13:29:01Z
2026-09-16T13:27:19Z,2026-09-16T15:27:19+0200,575dbb26-0f0d-4448-9041-c0b0c5f096b4,2026-09-12T10:00:00Z,2026-09-12T12:00:00+0200,76.5553,MW,DK2,DK_2,actual_onshore_wind_generation,Wind Onshore,2026-09-16T13:29:01Z
2026-09-16T13:27:19Z,2026-09-16T15:27:19+0200,575dbb26-0f0d-4448-9041-c0b0c5f096b4,2026-09-12T10:15:00Z,2026-09-12T12:15:00+0200,80.1699,MW,DK2,DK_2,actual_onshore_wind_generation,Wind Onshore,2026-09-16T13:29:01Z
2026-09-16T13:27:19Z,2026-09-16T15:27:19+0200,575dbb26-0f0d-4448-9041-c0b0c5f096b4,2026-09-12T10:30:00Z,2026-09-12T12:30:00+0200,89.7023,MW,DK2,DK_2,actual_onshore_wind_generation,Wind Onshore,2026-09-16T13:29:01Z
2026-09-16T13:27:19Z,2026-09-16T15:27:19+0200,575dbb26-0f0d-4448-9041-c0b0c5f096b4,2026-09-12T10:45:00Z,2026-09-12T12:45:00+0200,97.3618,MW,DK2,DK_2,actual_onshore_wind_generation,Wind Onshore,2026-09-16T13:29:01Z
2026-09-16T13:27:19Z,2026-09-16T15:27:19+0200,575dbb26-0f0d-4448-9041-c0b0c5f096b4,2026-09-12T11:00:00Z,2026-09-12T13:00:00+0200,92.729,MW,DK2,DK_2,actual_onshore_wind_generation,Wind Onshore,2026-09-16T13:29:01Z
2026-09-16T13:27:19Z,2026-09-16T15:27:19+0200,575dbb26-0f0d-4448-9041-c0b0c5f096b4,2026-09-12T11:15:00Z,2026-09-12T13:15:00+0200,85.1083,MW,DK2,DK_2,actual_onshore_wind_generation,Wind Onshore,2026-09-16T13:29:01Z
2026-09-16T13:27:19Z,2026-09-16T15:27:19+0200,575dbb26-0f0d-4448-9041-c0b0c5f096b4,2026-09-12T11:30:00Z,2026-09-12T13:30:00+0200,93.0443,MW,DK2,DK_2,actual_onshore_wind_generation,Wind Onshore,2026-09-16T13:29:01Z
2026-09-16T13:27:19Z,2026-09-16T15:27:19+0200,575dbb26-0f0d-4448-9041-c0b0c5f096b4,2026-09-12T11:45:00Z,2026-09-12T13:45:00+0200,99.6584,MW,DK2,DK_2,actual_onshore_wind_generation,Wind Onshore,2026-09-16T13:29:01Z
2026-09-16T13:27:19Z,2026-09-16T15:27:19+0200,575dbb26-0f0d-4448-9041-c0b0c5f096b4,2026-09-12T12:00:00Z,2026-09-12T14:00:00+0200,104.099,MW,DK2,DK_2,actual_onshore_wind_generation,Wind Onshore,2026-09-16T13:29:01Z
2026-09-16T13:27:19Z,2026-09-16T15:27:19+0200,575dbb26-0f0d-4448-9041-c0b0c5f096b4,2026-09-12T12:15:00Z,2026-09-12T14:15:00+0200,113.835,MW,DK2,DK_2,actual_onshore_wind_generation,Wind Onshore,2026-09-16T13:29:01Z
2026-09-16T13:27:19Z,2026-09-16T15:27:19+0200,575dbb26-0f0d-4448-9041-c0b0c5f096b4,2026-09-12T12:30:00Z,2026-09-12T14:30:00+0200,121.932,MW,DK2,DK_2,actual_onshore_wind_generation,Wind Onshore,2026-09-16T13:29:01Z
2026-09-16T13:27:19Z,2026-09-16T15:27:19+0200,575dbb26-0f0d-4448-9041-c0b0c5f096b4,2026-09-12T12:45:00Z,2026-09-12T14:45:00+0200,119.363,MW,DK2,DK_2,actual_onshore_wind_generation,Wind Onshore,2026-09-16T13:29:01Z
2026-09-16T13:27:19Z,2026-09-16T15:27:19+0200,575dbb26-0f0d-4448-9041-c0b0c5f096b4,2026-09-12T13:00:00Z,2026-09-12T15:00:00+0200,117.324,MW,DK2,DK_2,actual_onshore_wind_generation,Wind Onshore,2026-09-16T13:29:01Z
2026-09-16T13:27:19Z,2026-09-16T15:27:19+0200,575dbb26-0f0d-4448-9041-c0b0c5f096b4,2026-09-12T13:15:00Z,2026-09-12T15:15:00+0200,108.974,MW,DK2,DK_2,actual_onshore_wind_generation,Wind Onshore,2026-09-16T13:29:01Z
2026-09-16T13:27:19Z,2026-09-16T15:27:19+0200,575dbb26-0f0d-4448-9041-c0b0c5f096b4,2026-09-12T13:30:00Z,2026-09-12T15:30:00+0200,110.256,MW,DK2,DK_2,actual_onshore_wind_generation,Wind Onshore,2026-09-16T13:29:01Z
2026-09-16T13:27:19Z,2026-09-16T15:27:19+0200,575dbb26-0f0d-4448-9041-c0b0c5f096b4,2026-09-12T13:45:00Z,2026-09-12T15:45:00+0200,111.607,MW,DK2,DK_2,actual_onshore_wind_generation,Wind Onshore,2026-09-16T13:29:01Z
2026-09-16T13:27:19Z,2026-09-16T15:27:19+0200,575dbb26-0f0d-4448-9041-c0b0c5f096b4,2026-09-12T14:00:00Z,2026-09-12T16:00:00+0200,128.837,MW,DK2,DK_2,actual_onshore_wind_generation,Wind Onshore,2026-09-16T13:29:01Z
2026-09-16T13:27:19Z,2026-09-16T15:27:19+0200,575dbb26-0f0d-4448-9041-c0b0c5f096b4,2026-09-12T14:15:00Z,2026-09-12T16:15:00+0200,132.356,MW,DK2,DK_2,actual_onshore_wind_generation,Wind Onshore,2026-09-16T13:29:01Z
2026-09-16T13:27:19Z,2026-09-16T15:27:19+0200,575dbb26-0f0d-4448-9041-c0b0c5f096b4,2026-09-12T14:30:00Z,2026-09-12T16:30:00+0200,128.898,MW,DK2,DK_2,actual_onshore_wind_generation,Wind Onshore,2026-09-16T13:29:01Z
2026-09-16T13:27:19Z,2026-09-16T15:27:19+0200,575dbb26-0f0d-4448-9041-c0b0c5f096b4,2026-09-12T14:45:00Z,2026-09-12T16:45:00+0200,123.887,MW,DK2,DK_2,actual_onshore_wind_generation,Wind Onshore,2026-09-16T13:29:01Z
2026-09-16T13:27:19Z,2026-09-16T15:27:19+0200,575dbb26-0f0d-4448-9041-c0b0c5f096b4,2026-09-12T15:00:00Z,2026-09-12T17:00:00+0200,132.831,MW,DK2,DK_2,actual_onshore_wind_generation,Wind Onshore,2026-09-16T13:29:01Z
2026-09-16T13:27:19Z,2026-09-16T15:27:19+0200,575dbb26-0f0d-4448-9041-c0b0c5f096b4,2026-09-12T15:15:00Z,2026-09-12T17:15:00+0200,141.493,MW,DK2,DK_2,actual_onshore_wind_generation,Wind Onshore,2026-09-16T13:29:01Z
2026-09-16T13:27:19Z,2026-09-16T15:27:19+0200,575dbb26-0f0d-4448-9041-c0b0c5f096b4,2026-09-12T15:30:00Z,2026-09-12T17:30:00+0200,134.189,MW,DK2,DK_2,actual_onshore_wind_generation,Wind Onshore,2026-09-16T13:29:01Z
2026-09-16T13:27:19Z,2026-09-16T15:27:19+0200,575dbb26-0f0d-4448-9041-c0b0c5f096b4,2026-09-12T15:45:00Z,2026-09-12T17:45:00+0200,117.624,MW,DK2,DK_2,actual_onshore_wind_generation,Wind Onshore,2026-09-16T13:29:01Z
2026-09-16T13:27:19Z,2026-09-16T15:27:19+0200,575dbb26-0f0d-4448-9041-c0b0c5f096b4,2026-09-12T16:00:00Z,2026-09-12T18:00:00+0200,104.815,MW,DK2,DK_2,actual_onshore_wind_generation,Wind Onshore,2026-09-16T13:29:01Z
2026-09-16T13:27:19Z,2026-09-16T15:27:19+0200,575dbb26-0f0d-4448-9041-c0b0c5f096b4,2026-09-12T16:15:00Z,2026-09-12T18:15:00+0200,96.2559,MW,DK2,DK_2,actual_onshore_wind_generation,Wind Onshore,2026-09-16T13:29:01Z
2026-09-16T13:27:19Z,2026-09-16T15:27:19+0200,575dbb26-0f0d-4448-9041-c0b0c5f096b4,2026-09-12T16:30:00Z,2026-09-12T18:30:00+0200,98.6095,MW,DK2,DK_2,actual_onshore_wind_generation,Wind Onshore,2026-09-16T13:29:01Z
2026-09-16T13:27:19Z,2026-09-16T15:27:19+0200,575dbb26-0f0d-4448-9041-c0b0c5f096b4,2026-09-12T16:45:00Z,2026-09-12T18:45:00+0200,96.8467,MW,DK2,DK_2,actual_onshore_wind_generation,Wind Onshore,2026-09-16T13:29:01Z
2026-09-16T13:27:19Z,2026-09-16T15:27:19+0200,575dbb26-0f0d-4448-9041-c0b0c5f096b4,2026-09-12T17:00:00Z,2026-09-12T19:00:00+0200,96.3234,MW,DK2,DK_2,actual_onshore_wind_generation,Wind Onshore,2026-09-16T13:29:01Z
2026-09-16T13:27:19Z,2026-09-16T15:27:19+0200,575dbb26-0f0d-4448-9041-c0b0c5f096b4,2026-09-12T17:15:00Z,2026-09-12T19:15:00+0200,98.6361,MW,DK2,DK_2,actual_onshore_wind_generation,Wind Onshore,2026-09-16T13:29:01Z
2026-09-16T13:27:19Z,2026-09-16T15:27:19+0200,575dbb26-0f0d-4448-9041-c0b0c5f096b4,2026-09-12T17:30:00Z,2026-09-12T19:30:00+0200,87.5453,MW,DK2,DK_2,actual_onshore_wind_generation,Wind Onshore,2026-09-16T13:29:01Z
2026-09-16T13:27:19Z,2026-09-16T15:27:19+0200,575dbb26-0f0d-4448-9041-c0b0c5f096b4,2026-09-12T17:45:00Z,2026-09-12T19:45:00+0200,83.2265,MW,DK2,DK_2,actual_onshore_wind_generation,Wind Onshore,2026-09-16T13:29:01Z
2026-09-16T13:27:19Z,2026-09-16T15:27:19+0200,575dbb26-0f0d-4448-9041-c0b0c5f096b4,2026-09-12T18:00:00Z,2026-09-12T20:00:00+0200,80.095,MW,DK2,DK_2,actual_onshore_wind_generation,Wind Onshore,2026-09-16T13:29:01Z
2026-09-16T13:27:19Z,2026-09-16T15:27:19+0200,575dbb26-0f0d-4448-9041-c0b0c5f096b4,2026-09-12T18:15:00Z,2026-09-12T20:15:00+0200,86.69,MW,DK2,DK_2,actual_onshore_wind_generation,Wind Onshore,2026-09-16T13:29:01Z
2026-09-16T13:27:19Z,2026-09-16T15:27:19+0200,575dbb26-0f0d-4448-9041-c0b0c5f096b4,2026-09-12T18:30:00Z,2026-09-12T20:30:00+0200,91.035,MW,DK2,DK_2,actual_onshore_wind_generation,Wind Onshore,2026-09-16T13:29:01Z
2026-09-16T13:27:19Z,2026-09-16T15:27:19+0200,575dbb26-0f0d-4448-9041-c0b0c5f096b4,2026-09-12T18:45:00Z,2026-09-12T20:45:00+0200,100.957,MW,DK2,DK_2,actual_onshore_wind_generation,Wind Onshore,2026-09-16T13:29:01Z
2026-09-16T13:27:19Z,2026-09-16T15:27:19+0200,575dbb26-0f0d-4448-9041-c0b0c5f096b4,2026-09-12T19:00:00Z,2026-09-12T21:00:00+0200,128.498,MW,DK2,DK_2,actual_onshore_wind_generation,Wind Onshore,2026-09-16T13:29:01Z
2026-09-16T13:27:19Z,2026-09-16T15:27:19+0200,575dbb26-0f0d-4448-9041-c0b0c5f096b4,2026-09-12T19:15:00Z,2026-09-12T21:15:00+0200,155.341,MW,DK2,DK_2,actual_onshore_wind_generation,Wind Onshore,2026-09-16T13:29:01Z
2026-09-16T13:27:19Z,2026-09-16T15:27:19+0200,575dbb26-0f0d-4448-9041-c0b0c5f096b4,2026-09-12T19:30:00Z,2026-09-12T21:30:00+0200,162.849,MW,DK2,DK_2,actual_onshore_wind_generation,Wind Onshore,2026-09-16T13:29:01Z
2026-09-16T13:27:19Z,2026-09-16T15:27:19+0200,575dbb26-0f0d-4448-9041-c0b0c5f096b4,2026-09-12T19:45:00Z,2026-09-12T21:45:00+0200,165.384,MW,DK2,DK_2,actual_onshore_wind_generation,Wind Onshore,2026-09-16T13:29:01Z
2026-09-16T13:27:19Z,2026-09-16T15:27:19+0200,575dbb26-0f0d-4448-9041-c0b0c5f096b4,2026-09-12T20:00:00Z,2026-09-12T22:00:00+0200,150.947,MW,DK2,DK_2,actual_onshore_wind_generation,Wind Onshore,2026-09-16T13:29:01Z
2026-09-16T13:27:19Z,2026-09-16T15:27:19+0200,575dbb26-0f0d-4448-9041-c0b0c5f096b4,2026-09-12T20:15:00Z,2026-09-12T22:15:00+0200,159.356,MW,DK2,DK_2,actual_onshore_wind_generation,Wind Onshore,2026-09-16T13:29:01Z
2026-09-16T13:27:19Z,2026-09-16T15:27:19+0200,575dbb26-0f0d-4448-9041-c0b0c5f096b4,2026-09-12T20:30:00Z,2026-09-12T22:30:00+0200,171.703,MW,DK2,DK_2,actual_onshore_wind_generation,Wind Onshore,2026-09-16T13:29:01Z
2026-09-16T13:27:19Z,2026-09-16T15:27:19+0200,575dbb26-0f0d-4448-9041-c0b0c5f096b4,2026-09-12T20:45:00Z,2026-09-12T22:45:00+0200,171.395,MW,DK2,DK_2,actual_onshore_wind_generation,Wind Onshore,2026-09-16T13:29:01Z
2026-09-16T13:27:19Z,2026-09-16T15:27:19+0200,575dbb26-0f0d-4448-9041-c0b0c5f096b4,2026-09-12T21:00:00Z,2026-09-12T23:00:00+0200,182.857,MW,DK2,DK_2,actual_onshore_wind_generation,Wind Onshore,2026-09-16T13:29:01Z
2026-09-16T13:27:19Z,2026-09-16T15:27:19+0200,575dbb26-0f0d-4448-9041-c0b0c5f096b4,2026-09-12T21:15:00Z,2026-09-12T23:15:00+0200,177.88,MW,DK2,DK_2,actual_onshore_wind_generation,Wind Onshore,2026-09-16T13:29:01Z
2026-09-16T13:27:19Z,2026-09-16T15:27:19+0200,575dbb26-0f0d-4448-9041-c0b0c5f096b4,2026-09-12T21:30:00Z,2026-09-12T23:30:00+0200,187.202,MW,DK2,DK_2,actual_onshore_wind_generation,Wind Onshore,2026-09-16T13:29:01Z
2026-09-16T13:27:19Z,2026-09-16T15:27:19+0200,575dbb26-0f0d-4448-9041-c0b0c5f096b4,2026-09-12T21:45:00Z,2026-09-12T23:45:00+0200,179.182,MW,DK2,DK_2,actual_onshore_wind_generation,Wind Onshore,2026-09-16T13:29:01Z
2026-09-16T13:27:19Z,2026-09-16T15:27:19+0200,575dbb26-0f0d-4448-9041-c0b0c5f096b4,2026-09-12T22:00:00Z,2026-09-13T00:00:00+0200,158.551,MW,DK2,DK_2,actual_onshore_wind_generation,Wind Onshore,2026-09-16T13:29:01Z
2026-09-16T13:27:19Z,2026-09-16T15:27:19+0200,575dbb26-0f0d-4448-9041-c0b0c5f096b4,2026-09-12T22:15:00Z,2026-09-13T00:15:00+0200,179.625,MW,DK2,DK_2,actual_onshore_wind_generation,Wind Onshore,2026-09-16T13:29:01Z
2026-09-16T13:27:19Z,2026-09-16T15:27:19+0200,575dbb26-0f0d-4448-9041-c0b0c5f096b4,2026-09-12T22:30:00Z,2026-09-13T00:30:00+0200,191.928,MW,DK2,DK_2,actual_onshore_wind_generation,Wind Onshore,2026-09-16T13:29:01Z
2026-09-16T13:27:19Z,2026-09-16T15:27:19+0200,575dbb26-0f0d-4448-9041-c0b0c5f096b4,2026-09-12T22:45:00Z,2026-09-13T00:45:00+0200,200.483,MW,DK2,DK_2,actual_onshore_wind_generation,Wind Onshore,2026-09-16T13:29:01Z
2026-09-16T13:27:19Z,2026-09-16T15:27:19+0200,575dbb26-0f0d-4448-9041-c0b0c5f096b4,2026-09-12T23:00:00Z,2026-09-13T01:00:00+0200,202.89,MW,DK2,DK_2,actual_onshore_wind_generation,Wind Onshore,2026-09-16T13:29:01Z
2026-09-16T13:27:19Z,2026-09-16T15:27:19+0200,575dbb26-0f0d-4448-9041-c0b0c5f096b4,2026-09-12T23:15:00Z,2026-09-13T01:15:00+0200,196.261,MW,DK2,DK_2,actual_onshore_wind_generation,Wind Onshore,2026-09-16T13:29:01Z
2026-09-16T13:27:19Z,2026-09-16T15:27:19+0200,575dbb26-0f0d-4448-9041-c0b0c5f096b4,2026-09-12T23:30:00Z,2026-09-13T01:30:00+0200,201.992,MW,DK2,DK_2,actual_onshore_wind_generation,Wind Onshore,2026-09-16T13:29:01Z
2026-09-16T13:27:19Z,2026-09-16T15:27:19+0200,575dbb26-0f0d-4448-9041-c0b0c5f096b4,2026-09-12T23:45:00Z,2026-09-13T01:45:00+0200,215.15,MW,DK2,DK_2,actual_onshore_wind_generation,Wind Onshore,2026-09-16T13:29:01Z
2026-09-16T13:27:19Z,2026-09-16T15:27:19+0200,575dbb26-0f0d-4448-9041-c0b0c5f096b4,2026-09-13T00:00:00Z,2026-09-13T02:00:00+0200,211.387,MW,DK2,DK_2,actual_onshore_wind_generation,Wind Onshore,2026-09-16T13:29:01Z
2026-09-16T13:27:19Z,2026-09-16T15:27:19+0200,575dbb26-0f0d-4448-9041-c0b0c5f096b4,2026-09-13T00:15:00Z,2026-09-13T02:15:00+0200,197.757,MW,DK2,DK_2,actual_onshore_wind_generation,Wind Onshore,2026-09-16T13:29:01Z
2026-09-16T13:27:19Z,2026-09-16T15:27:19+0200,575dbb26-0f0d-4448-9041-c0b0c5f096b4,2026-09-13T00:30:00Z,2026-09-13T02:30:00+0200,199.66,MW,DK2,DK_2,actual_onshore_wind_generation,Wind Onshore,2026-09-16T13:29:01Z
2026-09-16T13:27:19Z,2026-09-16T15:27:19+0200,575dbb26-0f0d-4448-9041-c0b0c5f096b4,2026-09-13T00:45:00Z,2026-09-13T02:45:00+0200,204.59,MW,DK2,DK_2,actual_onshore_wind_generation,Wind Onshore,2026-09-16T13:29:01Z
2026-09-16T13:27:19Z,2026-09-16T15:27:19+0200,575dbb26-0f0d-4448-9041-c0b0c5f096b4,2026-09-13T01:00:00Z,2026-09-13T03:00:00+0200,203.123,MW,DK2,DK_2,actual_onshore_wind_generation,Wind Onshore,2026-09-16T13:29:01Z
2026-09-16T13:27:19Z,2026-09-16T15:27:19+0200,575dbb26-0f0d-4448-9041-c0b0c5f096b4,2026-09-13T01:15:00Z,2026-09-13T03:15:00+0200,202.725,MW,DK2,DK_2,actual_onshore_wind_generation,Wind Onshore,2026-09-16T13:29:01Z
2026-09-16T13:27:19Z,2026-09-16T15:27:19+0200,575dbb26-0f0d-4448-9041-c0b0c5f096b4,2026-09-13T01:30:00Z,2026-09-13T03:30:00+0200,194.859,MW,DK2,DK_2,actual_onshore_wind_generation,Wind Onshore,2026-09-16T13:29:01Z
2026-09-16T13:27:19Z,2026-09-16T15:27:19+0200,575dbb26-0f0d-4448-9041-c0b0c5f096b4,2026-09-13T01:45:00Z,2026-09-13T03:45:00+0200,177.624,MW,DK2,DK_2,actual_onshore_wind_generation,Wind Onshore,2026-09-16T13:29:01Z
2026-09-16T13:27:19Z,2026-09-16T15:27:19+0200,575dbb26-0f0d-4448-9041-c0b0c5f096b4,2026-09-13T02:00:00Z,2026-09-13T04:00:00+0200,172.632,MW,DK2,DK_2,actual_onshore_wind_generation,Wind Onshore,2026-09-16T13:29:01Z
2026-09-16T13:27:19Z,2026-09-16T15:27:19+0200,575dbb26-0f0d-4448-9041-c0b0c5f096b4,2026-09-13T02:15:00Z,2026-09-13T04:15:00+0200,159.911,MW,DK2,DK_2,actual_onshore_wind_generation,Wind Onshore,2026-09-16T13:29:01Z
2026-09-16T13:27:19Z,2026-09-16T15:27:19+0200,575dbb26-0f0d-4448-9041-c0b0c5f096b4,2026-09-13T02:30:00Z,2026-09-13T04:30:00+0200,145.671,MW,DK2,DK_2,actual_onshore_wind_generation,Wind Onshore,2026-09-16T13:29:01Z
2026-09-16T13:27:19Z,2026-09-16T15:27:19+0200,575dbb26-0f0d-4448-9041-c0b0c5f096b4,2026-09-13T02:45:00Z,2026-09-13T04:45:00+0200,135.662,MW,DK2,DK_2,actual_onshore_wind_generation,Wind Onshore,2026-09-16T13:29:01Z
2026-09-16T13:27:19Z,2026-09-16T15:27:19+0200,575dbb26-0f0d-4448-9041-c0b0c5f096b4,2026-09-13T03:00:00Z,2026-09-13T05:00:00+0200,119.512,MW,DK2,DK_2,actual_onshore_wind_generation,Wind Onshore,2026-09-16T13:29:01Z
2026-09-16T13:27:19Z,2026-09-16T15:27:19+0200,575dbb26-0f0d-4448-9041-c0b0c5f096b4,2026-09-13T03:15:00Z,2026-09-13T05:15:00+0200,109.763,MW,DK2,DK_2,actual_onshore_wind_generation,Wind Onshore,2026-09-16T13:29:01Z
2026-09-16T13:27:19Z,2026-09-16T15:27:19+0200,575dbb26-0f0d-4448-9041-c0b0c5f096b4,2026-09-13T03:30:00Z,2026-09-13T05:30:00+0200,103.568,MW,DK2,DK_2,actual_onshore_wind_generation,Wind Onshore,2026-09-16T13:29:01Z
2026-09-16T13:27:19Z,2026-09-16T15:27:19+0200,575dbb26-0f0d-4448-9041-c0b0c5f096b4,2026-09-13T03:45:00Z,2026-09-13T05:45:00+0200,101.854,MW,DK2,DK_2,actual_onshore_wind_generation,Wind Onshore,2026-09-16T13:29:01Z
2026-09-16T13:27:19Z,2026-09-16T15:27:19+0200,575dbb26-0f0d-4448-9041-c0b0c5f096b4,2026-09-13T04:00:00Z,2026-09-13T06:00:00+0200,94.687,MW,DK2,DK_2,actual_onshore_wind_generation,Wind Onshore,2026-09-16T13:29:01Z
2026-09-16T13:27:19Z,2026-09-16T15:27:19+0200,575dbb26-0f0d-4448-9041-c0b0c5f096b4,2026-09-13T04:15:00Z,2026-09-13T06:15:00+0200,84.0111,MW,DK2,DK_2,actual_onshore_wind_generation,Wind Onshore,2026-09-16T13:29:01Z
2026-09-16T13:27:19Z,2026-09-16T15:27:19+0200,575dbb26-0f0d-4448-9041-c0b0c5f096b4,2026-09-13T04:30:00Z,2026-09-13T06:30:00+0200,82.5113,MW,DK2,DK_2,actual_onshore_wind_generation,Wind Onshore,2026-09-16T13:29:01Z
2026-09-16T13:27:19Z,2026-09-16T15:27:19+0200,575dbb26-0f0d-4448-9041-c0b0c5f096b4,2026-09-13T04:45:00Z,2026-09-13T06:45:00+0200,83.0567,MW,DK2,DK_2,actual_onshore_wind_generation,Wind Onshore,2026-09-16T13:29:01Z
2026-09-16T13:27:19Z,2026-09-16T15:27:19+0200,575dbb26-0f0d-4448-9041-c0b0c5f096b4,2026-09-13T05:00:00Z,2026-09-13T07:00:00+0200,89.1687,MW,DK2,DK_2,actual_onshore_wind_generation,Wind Onshore,2026-09-16T13:29:01Z
2026-09-16T13:27:19Z,2026-09-16T15:27:19+0200,575dbb26-0f0d-4448-9041-c0b0c5f096b4,2026-09-13T05:15:00Z,2026-09-13T07:15:00+0200,98.2992,MW,DK2,DK_2,actual_onshore_wind_generation,Wind Onshore,2026-09-16T13:29:01Z
2026-09-16T13:27:19Z,2026-09-16T15:27:19+0200,575dbb26-0f0d-4448-9041-c0b0c5f096b4,2026-09-13T05:30:00Z,2026-09-13T07:30:00+0200,86.2927,MW,DK2,DK_2,actual_onshore_wind_generation,Wind Onshore,2026-09-16T13:29:01Z
2026-09-16T13:27:19Z,2026-09-16T15:27:19+0200,575dbb26-0f0d-4448-9041-c0b0c5f096b4,2026-09-13T05:45:00Z,2026-09-13T07:45:00+0200,76.0242,MW,DK2,DK_2,actual_onshore_wind_generation,Wind Onshore,2026-09-16T13:29:01Z
2026-09-16T13:27:19Z,2026-09-16T15:27:19+0200,575dbb26-0f0d-4448-9041-c0b0c5f096b4,2026-09-13T06:00:00Z,2026-09-13T08:00:00+0200,75.2412,MW,DK2,DK_2,actual_onshore_wind_generation,Wind Onshore,2026-09-16T13:29:01Z
2026-09-16T13:27:19Z,2026-09-16T15:27:19+0200,575dbb26-0f0d-4448-9041-c0b0c5f096b4,2026-09-13T06:15:00Z,2026-09-13T08:15:00+0200,71.5533,MW,DK2,DK_2,actual_onshore_wind_generation,Wind Onshore,2026-09-16T13:29:01Z
2026-09-16T13:27:19Z,2026-09-16T15:27:19+0200,575dbb26-0f0d-4448-9041-c0b0c5f096b4,2026-09-13T06:30:00Z,2026-09-13T08:30:00+0200,73.4154,MW,DK2,DK_2,actual_onshore_wind_generation,Wind Onshore,2026-09-16T13:29:01Z
2026-09-16T13:27:19Z,2026-09-16T15:27:19+0200,575dbb26-0f0d-4448-9041-c0b0c5f096b4,2026-09-13T06:45:00Z,2026-09-13T08:45:00+0200,72.0239,MW,DK2,DK_2,actual_onshore_wind_generation,Wind Onshore,2026-09-16T13:29:01Z
2026-09-16T13:27:19Z,2026-09-16T15:27:19+0200,575dbb26-0f0d-4448-9041-c0b0c5f096b4,2026-09-13T07:00:00Z,2026-09-13T09:00:00+0200,69.6401,MW,DK2,DK_2,actual_onshore_wind_generation,Wind Onshore,2026-09-16T13:29:01Z
2026-09-16T13:27:19Z,2026-09-16T15:27:19+0200,575dbb26-0f0d-4448-9041-c0b0c5f096b4,2026-09-13T07:15:00Z,2026-09-13T09:15:00+0200,72.0801,MW,DK2,DK_2,actual_onshore_wind_generation,Wind Onshore,2026-09-16T13:29:01Z
2026-09-16T13:27:19Z,2026-09-16T15:27:19+0200,575dbb26-0f0d-4448-9041-c0b0c5f096b4,2026-09-13T07:30:00Z,2026-09-13T09:30:00+0200,72.9711,MW,DK2,DK_2,actual_onshore_wind_generation,Wind Onshore,2026-09-16T13:29:01Z
2026-09-16T13:27:19Z,2026-09-16T15:27:19+0200,575dbb26-0f0d-4448-9041-c0b0c5f096b4,2026-09-13T07:45:00Z,2026-09-13T09:45:00+0200,68.9124,MW,DK2,DK_2,actual_onshore_wind_generation,Wind Onshore,2026-09-16T13:29:01Z
2026-09-16T13:27:19Z,2026-09-16T15:27:19+0200,575dbb26-0f0d-4448-9041-c0b0c5f096b4,2026-09-13T08:00:00Z,2026-09-13T10:00:00+0200,63.7485,MW,DK2,DK_2,actual_onshore_wind_generation,Wind Onshore,2026-09-16T13:29:01Z
2026-09-16T13:27:19Z,2026-09-16T15:27:19+0200,575dbb26-0f0d-4448-9041-c0b0c5f096b4,2026-09-13T08:15:00Z,2026-09-13T10:15:00+0200,64.7181,MW,DK2,DK_2,actual_onshore_wind_generation,Wind Onshore,2026-09-16T13:29:01Z
2026-09-16T13:27:19Z,2026-09-16T15:27:19+0200,575dbb26-0f0d-4448-9041-c0b0c5f096b4,2026-09-13T08:30:00Z,2026-09-13T10:30:00+0200,55.246,MW,DK2,DK_2,actual_onshore_wind_generation,Wind Onshore,2026-09-16T13:29:01Z
2026-09-16T13:27:19Z,2026-09-16T15:27:19+0200,575dbb26-0f0d-4448-9041-c0b0c5f096b4,2026-09-13T08:45:00Z,2026-09-13T10:45:00+0200,50.1923,MW,DK2,DK_2,actual_onshore_wind_generation,Wind Onshore,2026-09-16T13:29:01Z
2026-09-16T13:27:19Z,2026-09-16T15:27:19+0200,575dbb26-0f0d-4448-9041-c0b0c5f096b4,2026-09-13T09:00:00Z,2026-09-13T11:00:00+0200,51.0107,MW,DK2,DK_2,actual_onshore_wind_generation,Wind Onshore,2026-09-16T13:29:01Z
2026-09-16T13:27:19Z,2026-09-16T15:27:19+0200,575dbb26-0f0d-4448-9041-c0b0c5f096b4,2026-09-13T09:15:00Z,2026-09-13T11:15:00+0200,54.1609,MW,DK2,DK_2,actual_onshore_wind_generation,Wind Onshore,2026-09-16T13:29:01Z
2026-09-16T13:27:19Z,2026-09-16T15:27:19+0200,575dbb26-0f0d-4448-9041-c0b0c5f096b4,2026-09-13T09:30:00Z,2026-09-13T11:30:00+0200,50.7283,MW,DK2,DK_2,actual_onshore_wind_generation,Wind Onshore,2026-09-16T13:29:01Z
2026-09-16T13:27:19Z,2026-09-16T15:27:19+0200,575dbb26-0f0d-4448-9041-c0b0c5f096b4,2026-09-13T09:45:00Z,2026-09-13T11:45:00+0200,55.5448,MW,DK2,DK_2,actual_onshore_wind_generation,Wind Onshore,2026-09-16T13:29:01Z
2026-09-16T13:27:19Z,2026-09-16T15:27:19+0200,575dbb26-0f0d-4448-9041-c0b0c5f096b4,2026-09-13T10:00:00Z,2026-09-13T12:00:00+0200,53.6909,MW,DK2,DK_2,actual_onshore_wind_generation,Wind Onshore,2026-09-16T13:29:01Z
2026-09-16T13:27:19Z,2026-09-16T15:27:19+0200,575dbb26-0f0d-4448-9041-c0b0c5f096b4,2026-09-13T10:15:00Z,2026-09-13T12:15:00+0200,53.613,MW,DK2,DK_2,actual_onshore_wind_generation,Wind Onshore,2026-09-16T13:29:01Z
2026-09-16T13:27:19Z,2026-09-16T15:27:19+0200,575dbb26-0f0d-4448-9041-c0b0c5f096b4,2026-09-13T10:30:00Z,2026-09-13T12:30:00+0200,55.6373,MW,DK2,DK_2,actual_onshore_wind_generation,Wind Onshore,2026-09-16T13:29:01Z
2026-09-16T13:27:19Z,2026-09-16T15:27:19+0200,575dbb26-0f0d-4448-9041-c0b0c5f096b4,2026-09-13T10:45:00Z,2026-09-13T12:45:00+0200,49.036,MW,DK2,DK_2,actual_onshore_wind_generation,Wind Onshore,2026-09-16T13:29:01Z
2026-09-16T13:27:19Z,2026-09-16T15:27:19+0200,575dbb26-0f0d-4448-9041-c0b0c5f096b4,2026-09-13T11:00:00Z,2026-09-13T13:00:00+0200,40.6865,MW,DK2,DK_2,actual_onshore_wind_generation,Wind Onshore,2026-09-16T13:29:01Z
2026-09-16T13:27:19Z,2026-09-16T15:27:19+0200,575dbb26-0f0d-4448-9041-c0b0c5f096b4,2026-09-13T11:15:00Z,2026-09-13T13:15:00+0200,48.7143,MW,DK2,DK_2,actual_onshore_wind_generation,Wind Onshore,2026-09-16T13:29:01Z
2026-09-16T13:27:19Z,2026-09-16T15:27:19+0200,575dbb26-0f0d-4448-9041-c0b0c5f096b4,2026-09-13T11:30:00Z,2026-09-13T13:30:00+0200,51.0036,MW,DK2,DK_2,actual_onshore_wind_generation,Wind Onshore,2026-09-16T13:29:01Z
2026-09-16T13:27:19Z,2026-09-16T15:27:19+0200,575dbb26-0f0d-4448-9041-c0b0c5f096b4,2026-09-13T11:45:00Z,2026-09-13T13:45:00+0200,54.2579,MW,DK2,DK_2,actual_onshore_wind_generation,Wind Onshore,2026-09-16T13:29:01Z
2026-09-16T13:27:19Z,2026-09-16T15:27:19+0200,575dbb26-0f0d-4448-9041-c0b0c5f096b4,2026-09-13T12:00:00Z,2026-09-13T14:00:00+0200,43.9265,MW,DK2,DK_2,actual_onshore_wind_generation,Wind Onshore,2026-09-16T13:29:01Z
2026-09-16T13:27:19Z,2026-09-16T15:27:19+0200,575dbb26-0f0d-4448-9041-c0b0c5f096b4,2026-09-13T12:15:00Z,2026-09-13T14:15:00+0200,37.5829,MW,DK2,DK_2,actual_onshore_wind_generation,Wind Onshore,2026-09-16T13:29:01Z
2026-09-16T13:27:19Z,2026-09-16T15:27:19+0200,575dbb26-0f0d-4448-9041-c0b0c5f096b4,2026-09-13T12:30:00Z,2026-09-13T14:30:00+0200,36.4928,MW,DK2,DK_2,actual_onshore_wind_generation,Wind Onshore,2026-09-16T13:29:01Z
2026-09-16T13:27:19Z,2026-09-16T15:27:19+0200,575dbb26-0f0d-4448-9041-c0b0c5f096b4,2026-09-13T12:45:00Z,2026-09-13T14:45:00+0200,36.5518,MW,DK2,DK_2,actual_onshore_wind_generation,Wind Onshore,2026-09-16T13:29:01Z
2026-09-16T13:27:19Z,2026-09-16T15:27:19+0200,575dbb26-0f0d-4448-9041-c0b0c5f096b4,2026-09-13T13:00:00Z,2026-09-13T15:00:00+0200,38.694,MW,DK2,DK_2,actual_onshore_wind_generation,Wind Onshore,2026-09-16T13:29:01Z
2026-09-16T13:27:19Z,2026-09-16T15:27:19+0200,575dbb26-0f0d-4448-9041-c0b0c5f096b4,2026-09-13T13:15:00Z,2026-09-13T15:15:00+0200,36.4451,MW,DK2,DK_2,actual_onshore_wind_generation,Wind Onshore,2026-09-16T13:29:01Z
2026-09-16T13:27:19Z,2026-09-16T15:27:19+0200,575dbb26-0f0d-4448-9041-c0b0c5f096b4,2026-09-13T13:30:00Z,2026-09-13T15:30:00+0200,37.0455,MW,DK2,DK_2,actual_onshore_wind_generation,Wind Onshore,2026-09-16T13:29:01Z
2026-09-16T13:27:19Z,2026-09-16T15:27:19+0200,575dbb26-0f0d-4448-9041-c0b0c5f096b4,2026-09-13T13:45:00Z,2026-09-13T15:45:00+0200,36.7251,MW,DK2,DK_2,actual_onshore_wind_generation,Wind Onshore,2026-09-16T13:29:01Z
2026-09-16T13:27:19Z,2026-09-16T15:27:19+0200,575dbb26-0f0d-4448-9041-c0b0c5f096b4,2026-09-13T14:00:00Z,2026-09-13T16:00:00+0200,39.2228,MW,DK2,DK_2,actual_onshore_wind_generation,Wind Onshore,2026-09-16T13:29:01Z
2026-09-16T13:27:19Z,2026-09-16T15:27:19+0200,575dbb26-0f0d-4448-9041-c0b0c5f096b4,2026-09-13T14:15:00Z,2026-09-13T16:15:00+0200,36.4743,MW,DK2,DK_2,actual_onshore_wind_generation,Wind Onshore,2026-09-16T13:29:01Z
2026-09-16T13:27:19Z,2026-09-16T15:27:19+0200,575dbb26-0f0d-4448-9041-c0b0c5f096b4,2026-09-13T14:30:00Z,2026-09-13T16:30:00+0200,31.0347,MW,DK2,DK_2,actual_onshore_wind_generation,Wind Onshore,2026-09-16T13:29:01Z
2026-09-16T13:27:19Z,2026-09-16T15:27:19+0200,575dbb26-0f0d-4448-9041-c0b0c5f096b4,2026-09-13T14:45:00Z,2026-09-13T16:45:00+0200,28.3496,MW,DK2,DK_2,actual_onshore_wind_generation,Wind Onshore,2026-09-16T13:29:01Z
2026-09-16T13:27:19Z,2026-09-16T15:27:19+0200,575dbb26-0f0d-4448-9041-c0b0c5f096b4,2026-09-13T15:00:00Z,2026-09-13T17:00:00+0200,27.6844,MW,DK2,DK_2,actual_onshore_wind_generation,Wind Onshore,2026-09-16T13:29:01Z
2026-09-16T13:27:19Z,2026-09-16T15:27:19+0200,575dbb26-0f0d-4448-9041-c0b0c5f096b4,2026-09-13T15:15:00Z,2026-09-13T17:15:00+0200,30.1232,MW,DK2,DK_2,actual_onshore_wind_generation,Wind Onshore,2026-09-16T13:29:01Z
2026-09-16T13:27:19Z,2026-09-16T15:27:19+0200,575dbb26-0f0d-4448-9041-c0b0c5f096b4,2026-09-13T15:30:00Z,2026-09-13T17:30:00+0200,30.1187,MW,DK2,DK_2,actual_onshore_wind_generation,Wind Onshore,2026-09-16T13:29:01Z
2026-09-16T13:27:19Z,2026-09-16T15:27:19+0200,575dbb26-0f0d-4448-9041-c0b0c5f096b4,2026-09-13T15:45:00Z,2026-09-13T17:45:00+0200,28.3554,MW,DK2,DK_2,actual_onshore_wind_generation,Wind Onshore,2026-09-16T13:29:01Z
2026-09-16T13:27:19Z,2026-09-16T15:27:19+0200,575dbb26-0f0d-4448-9041-c0b0c5f096b4,2026-09-13T16:00:00Z,2026-09-13T18:00:00+0200,24.1829,MW,DK2,DK_2,actual_onshore_wind_generation,Wind Onshore,2026-09-16T13:29:01Z
2026-09-16T13:27:19Z,2026-09-16T15:27:19+0200,575dbb26-0f0d-4448-9041-c0b0c5f096b4,2026-09-13T16:15:00Z,2026-09-13T18:15:00+0200,23.4267,MW,DK2,DK_2,actual_onshore_wind_generation,Wind Onshore,2026-09-16T13:29:01Z
2026-09-16T13:27:19Z,2026-09-16T15:27:19+0200,575dbb26-0f0d-4448-9041-c0b0c5f096b4,2026-09-13T16:30:00Z,2026-09-13T18:30:00+0200,21.7388,MW,DK2,DK_2,actual_onshore_wind_generation,Wind Onshore,2026-09-16T13:29:01Z
2026-09-16T13:27:19Z,2026-09-16T15:27:19+0200,575dbb26-0f0d-4448-9041-c0b0c5f096b4,2026-09-13T16:45:00Z,2026-09-13T18:45:00+0200,22.9648,MW,DK2,DK_2,actual_onshore_wind_generation,Wind Onshore,2026-09-16T13:29:01Z
2026-09-16T13:27:19Z,2026-09-16T15:27:19+0200,575dbb26-0f0d-4448-9041-c0b0c5f096b4,2026-09-13T17:00:00Z,2026-09-13T19:00:00+0200,24.1548,MW,DK2,DK_2,actual_onshore_wind_generation,Wind Onshore,2026-09-16T13:29:01Z
2026-09-16T13:27:19Z,2026-09-16T15:27:19+0200,575dbb26-0f0d-4448-9041-c0b0c5f096b4,2026-09-13T17:15:00Z,2026-09-13T19:15:00+0200,30.1878,MW,DK2,DK_2,actual_onshore_wind_generation,Wind Onshore,2026-09-16T13:29:01Z
2026-09-16T13:27:19Z,2026-09-16T15:27:19+0200,575dbb26-0f0d-4448-9041-c0b0c5f096b4,2026-09-13T17:30:00Z,2026-09-13T19:30:00+0200,34.4343,MW,DK2,DK_2,actual_onshore_wind_generation,Wind Onshore,2026-09-16T13:29:01Z
2026-09-16T13:27:19Z,2026-09-16T15:27:19+0200,575dbb26-0f0d-4448-9041-c0b0c5f096b4,2026-09-13T17:45:00Z,2026-09-13T19:45:00+0200,39.7213,MW,DK2,DK_2,actual_onshore_wind_generation,Wind Onshore,2026-09-16T13:29:01Z
2026-09-16T13:27:19Z,2026-09-16T15:27:19+0200,575dbb26-0f0d-4448-9041-c0b0c5f096b4,2026-09-13T18:00:00Z,2026-09-13T20:00:00+0200,50.2084,MW,DK2,DK_2,actual_onshore_wind_generation,Wind Onshore,2026-09-16T13:29:01Z
2026-09-16T13:27:19Z,2026-09-16T15:27:19+0200,575dbb26-0f0d-4448-9041-c0b0c5f096b4,2026-09-13T18:15:00Z,2026-09-13T20:15:00+0200,58.3852,MW,DK2,DK_2,actual_onshore_wind_generation,Wind Onshore,2026-09-16T13:29:01Z
2026-09-16T13:27:19Z,2026-09-16T15:27:19+0200,575dbb26-0f0d-4448-9041-c0b0c5f096b4,2026-09-13T18:30:00Z,2026-09-13T20:30:00+0200,82.9083,MW,DK2,DK_2,actual_onshore_wind_generation,Wind Onshore,2026-09-16T13:29:01Z
2026-09-16T13:27:19Z,2026-09-16T15:27:19+0200,575dbb26-0f0d-4448-9041-c0b0c5f096b4,2026-09-13T18:45:00Z,2026-09-13T20:45:00+0200,103.205,MW,DK2,DK_2,actual_onshore_wind_generation,Wind Onshore,2026-09-16T13:29:01Z
2026-09-16T13:27:19Z,2026-09-16T15:27:19+0200,575dbb26-0f0d-4448-9041-c0b0c5f096b4,2026-09-13T19:00:00Z,2026-09-13T21:00:00+0200,115.879,MW,DK2,DK_2,actual_onshore_wind_generation,Wind Onshore,2026-09-16T13:29:01Z
2026-09-16T13:27:19Z,2026-09-16T15:27:19+0200,575dbb26-0f0d-4448-9041-c0b0c5f096b4,2026-09-13T19:15:00Z,2026-09-13T21:15:00+0200,107.882,MW,DK2,DK_2,actual_onshore_wind_generation,Wind Onshore,2026-09-16T13:29:01Z
2026-09-16T13:27:19Z,2026-09-16T15:27:19+0200,575dbb26-0f0d-4448-9041-c0b0c5f096b4,2026-09-13T19:30:00Z,2026-09-13T21:30:00+0200,98.2755,MW,DK2,DK_2,actual_onshore_wind_generation,Wind Onshore,2026-09-16T13:29:01Z
2026-09-16T13:27:19Z,2026-09-16T15:27:19+0200,575dbb26-0f0d-4448-9041-c0b0c5f096b4,2026-09-13T19:45:00Z,2026-09-13T21:45:00+0200,91.0274,MW,DK2,DK_2,actual_onshore_wind_generation,Wind Onshore,2026-09-16T13:29:01Z
2026-09-16T13:27:19Z,2026-09-16T15:27:19+0200,575dbb26-0f0d-4448-9041-c0b0c5f096b4,2026-09-13T20:00:00Z,2026-09-13T22:00:00+0200,77.0059,MW,DK2,DK_2,actual_onshore_wind_generation,Wind Onshore,2026-09-16T13:29:01Z
2026-09-16T13:27:19Z,2026-09-16T15:27:19+0200,575dbb26-0f0d-4448-9041-c0b0c5f096b4,2026-09-13T20:15:00Z,2026-09-13T22:15:00+0200,69.8746,MW,DK2,DK_2,actual_onshore_wind_generation,Wind Onshore,2026-09-16T13:29:01Z
2026-09-16T13:27:19Z,2026-09-16T15:27:19+0200,575dbb26-0f0d-4448-9041-c0b0c5f096b4,2026-09-13T20:30:00Z,2026-09-13T22:30:00+0200,66.7305,MW,DK2,DK_2,actual_onshore_wind_generation,Wind Onshore,2026-09-16T13:29:01Z
2026-09-16T13:27:19Z,2026-09-16T15:27:19+0200,575dbb26-0f0d-4448-9041-c0b0c5f096b4,2026-09-13T20:45:00Z,2026-09-13T22:45:00+0200,70.615,MW,DK2,DK_2,actual_onshore_wind_generation,Wind Onshore,2026-09-16T13:29:01Z
2026-09-16T13:27:19Z,2026-09-16T15:27:19+0200,575dbb26-0f0d-4448-9041-c0b0c5f096b4,2026-09-13T21:00:00Z,2026-09-13T23:00:00+0200,81.5587,MW,DK2,DK_2,actual_onshore_wind_generation,Wind Onshore,2026-09-16T13:29:01Z
2026-09-16T13:27:19Z,2026-09-16T15:27:19+0200,575dbb26-0f0d-4448-9041-c0b0c5f096b4,2026-09-13T21:15:00Z,2026-09-13T23:15:00+0200,93.6126,MW,DK2,DK_2,actual_onshore_wind_generation,Wind Onshore,2026-09-16T13:29:01Z
2026-09-16T13:27:19Z,2026-09-16T15:27:19+0200,575dbb26-0f0d-4448-9041-c0b0c5f096b4,2026-09-13T21:30:00Z,2026-09-13T23:30:00+0200,104.231,MW,DK2,DK_2,actual_onshore_wind_generation,Wind Onshore,2026-09-16T13:29:01Z
2026-09-16T13:27:19Z,2026-09-16T15:27:19+0200,575dbb26-0f0d-4448-9041-c0b0c5f096b4,2026-09-13T21:45:00Z,2026-09-13T23:45:00+0200,107.491,MW,DK2,DK_2,actual_onshore_wind_generation,Wind Onshore,2026-09-16T13:29:01Z
2026-09-16T13:27:19Z,2026-09-16T15:27:19+0200,575dbb26-0f0d-4448-9041-c0b0c5f096b4,2026-09-13T22:00:00Z,2026-09-14T00:00:00+0200,109.318,MW,DK2,DK_2,actual_onshore_wind_generation,Wind Onshore,2026-09-16T13:29:01Z
2026-09-16T13:27:19Z,2026-09-16T15:27:19+0200,575dbb26-0f0d-4448-9041-c0b0c5f096b4,2026-09-13T22:15:00Z,2026-09-14T00:15:00+0200,105.268,MW,DK2,DK_2,actual_onshore_wind_generation,Wind Onshore,2026-09-16T13:29:01Z
2026-09-16T13:27:19Z,2026-09-16T15:27:19+0200,575dbb26-0f0d-4448-9041-c0b0c5f096b4,2026-09-13T22:30:00Z,2026-09-14T00:30:00+0200,104.064,MW,DK2,DK_2,actual_onshore_wind_generation,Wind Onshore,2026-09-16T13:29:01Z
2026-09-16T13:27:19Z,2026-09-16T15:27:19+0200,575dbb26-0f0d-4448-9041-c0b0c5f096b4,2026-09-13T22:45:00Z,2026-09-14T00:45:00+0200,109.753,MW,DK2,DK_2,actual_onshore_wind_generation,Wind Onshore,2026-09-16T13:29:01Z
2026-09-16T13:27:19Z,2026-09-16T15:27:19+0200,575dbb26-0f0d-4448-9041-c0b0c5f096b4,2026-09-13T23:00:00Z,2026-09-14T01:00:00+0200,103.57,MW,DK2,DK_2,actual_onshore_wind_generation,Wind Onshore,2026-09-16T13:29:01Z
2026-09-16T13:27:19Z,2026-09-16T15:27:19+0200,575dbb26-0f0d-4448-9041-c0b0c5f096b4,2026-09-13T23:15:00Z,2026-09-14T01:15:00+0200,105.698,MW,DK2,DK_2,actual_onshore_wind_generation,Wind Onshore,2026-09-16T13:29:01Z
2026-09-16T13:27:19Z,2026-09-16T15:27:19+0200,575dbb26-0f0d-4448-9041-c0b0c5f096b4,2026-09-13T23:30:00Z,2026-09-14T01:30:00+0200,103.944,MW,DK2,DK_2,actual_onshore_wind_generation,Wind Onshore,2026-09-16T13:29:01Z
2026-09-16T13:27:19Z,2026-09-16T15:27:19+0200,575dbb26-0f0d-4448-9041-c0b0c5f096b4,2026-09-13T23:45:00Z,2026-09-14T01:45:00+0200,99.2658,MW,DK2,DK_2,actual_onshore_wind_generation,Wind Onshore,2026-09-16T13:29:01Z
2026-09-16T13:27:19Z,2026-09-16T15:27:19+0200,575dbb26-0f0d-4448-9041-c0b0c5f096b4,2026-09-14T00:00:00Z,2026-09-14T02:00:00+0200,96.5293,MW,DK2,DK_2,actual_onshore_wind_generation,Wind Onshore,2026-09-16T13:29:01Z
2026-09-16T13:27:19Z,2026-09-16T15:27:19+0200,575dbb26-0f0d-4448-9041-c0b0c5f096b4,2026-09-14T00:15:00Z,2026-09-14T02:15:00+0200,100.545,MW,DK2,DK_2,actual_onshore_wind_generation,Wind Onshore,2026-09-16T13:29:01Z
2026-09-16T13:27:19Z,2026-09-16T15:27:19+0200,575dbb26-0f0d-4448-9041-c0b0c5f096b4,2026-09-14T00:30:00Z,2026-09-14T02:30:00+0200,105.083,MW,DK2,DK_2,actual_onshore_wind_generation,Wind Onshore,2026-09-16T13:29:01Z
2026-09-16T13:27:19Z,2026-09-16T15:27:19+0200,575dbb26-0f0d-4448-9041-c0b0c5f096b4,2026-09-14T00:45:00Z,2026-09-14T02:45:00+0200,105.636,MW,DK2,DK_2,actual_onshore_wind_generation,Wind Onshore,2026-09-16T13:29:01Z
2026-09-16T13:27:19Z,2026-09-16T15:27:19+0200,575dbb26-0f0d-4448-9041-c0b0c5f096b4,2026-09-14T01:00:00Z,2026-09-14T03:00:00+0200,113.22,MW,DK2,DK_2,actual_onshore_wind_generation,Wind Onshore,2026-09-16T13:29:01Z
2026-09-16T13:27:19Z,2026-09-16T15:27:19+0200,575dbb26-0f0d-4448-9041-c0b0c5f096b4,2026-09-14T01:15:00Z,2026-09-14T03:15:00+0200,112.395,MW,DK2,DK_2,actual_onshore_wind_generation,Wind Onshore,2026-09-16T13:29:01Z
2026-09-16T13:27:19Z,2026-09-16T15:27:19+0200,575dbb26-0f0d-4448-9041-c0b0c5f096b4,2026-09-14T01:30:00Z,2026-09-14T03:30:00+0200,109.496,MW,DK2,DK_2,actual_onshore_wind_generation,Wind Onshore,2026-09-16T13:29:01Z
2026-09-16T13:27:19Z,2026-09-16T15:27:19+0200,575dbb26-0f0d-4448-9041-c0b0c5f096b4,2026-09-14T01:45:00Z,2026-09-14T03:45:00+0200,103.326,MW,DK2,DK_2,actual_onshore_wind_generation,Wind Onshore,2026-09-16T13:29:01Z
2026-09-16T13:27:19Z,2026-09-16T15:27:19+0200,575dbb26-0f0d-4448-9041-c0b0c5f096b4,2026-09-14T02:00:00Z,2026-09-14T04:00:00+0200,103.093,MW,DK2,DK_2,actual_onshore_wind_generation,Wind Onshore,2026-09-16T13:29:01Z
2026-09-16T13:27:19Z,2026-09-16T15:27:19+0200,575dbb26-0f0d-4448-9041-c0b0c5f096b4,2026-09-14T02:15:00Z,2026-09-14T04:15:00+0200,104.82,MW,DK2,DK_2,actual_onshore_wind_generation,Wind Onshore,2026-09-16T13:29:01Z
2026-09-16T13:27:19Z,2026-09-16T15:27:19+0200,575dbb26-0f0d-4448-9041-c0b0c5f096b4,2026-09-14T02:30:00Z,2026-09-14T04:30:00+0200,100.506,MW,DK2,DK_2,actual_onshore_wind_generation,Wind Onshore,2026-09-16T13:29:01Z
2026-09-16T13:27:19Z,2026-09-16T15:27:19+0200,575dbb26-0f0d-4448-9041-c0b0c5f096b4,2026-09-14T02:45:00Z,2026-09-14T04:45:00+0200,89.8627,MW,DK2,DK_2,actual_onshore_wind_generation,Wind Onshore,2026-09-16T13:29:01Z
2026-09-16T13:27:19Z,2026-09-16T15:27:19+0200,575dbb26-0f0d-4448-9041-c0b0c5f096b4,2026-09-14T03:00:00Z,2026-09-14T05:00:00+0200,92.5029,MW,DK2,DK_2,actual_onshore_wind_generation,Wind Onshore,2026-09-16T13:29:01Z
2026-09-16T13:27:19Z,2026-09-16T15:27:19+0200,575dbb26-0f0d-4448-9041-c0b0c5f096b4,2026-09-14T03:15:00Z,2026-09-14T05:15:00+0200,94.9033,MW,DK2,DK_2,actual_onshore_wind_generation,Wind Onshore,2026-09-16T13:29:01Z
2026-09-16T13:27:19Z,2026-09-16T15:27:19+0200,575dbb26-0f0d-4448-9041-c0b0c5f096b4,2026-09-14T03:30:00Z,2026-09-14T05:30:00+0200,93.4727,MW,DK2,DK_2,actual_onshore_wind_generation,Wind Onshore,2026-09-16T13:29:01Z
2026-09-16T13:27:19Z,2026-09-16T15:27:19+0200,575dbb26-0f0d-4448-9041-c0b0c5f096b4,2026-09-14T03:45:00Z,2026-09-14T05:45:00+0200,85.3479,MW,DK2,DK_2,actual_onshore_wind_generation,Wind Onshore,2026-09-16T13:29:01Z
2026-09-16T13:27:19Z,2026-09-16T15:27:19+0200,575dbb26-0f0d-4448-9041-c0b0c5f096b4,2026-09-14T04:00:00Z,2026-09-14T06:00:00+0200,77.5089,MW,DK2,DK_2,actual_onshore_wind_generation,Wind Onshore,2026-09-16T13:29:01Z
2026-09-16T13:27:19Z,2026-09-16T15:27:19+0200,575dbb26-0f0d-4448-9041-c0b0c5f096b4,2026-09-14T04:15:00Z,2026-09-14T06:15:00+0200,75.1605,MW,DK2,DK_2,actual_onshore_wind_generation,Wind Onshore,2026-09-16T13:29:01Z
2026-09-16T13:27:19Z,2026-09-16T15:27:19+0200,575dbb26-0f0d-4448-9041-c0b0c5f096b4,2026-09-14T04:30:00Z,2026-09-14T06:30:00+0200,80.5806,MW,DK2,DK_2,actual_onshore_wind_generation,Wind Onshore,2026-09-16T13:29:01Z
2026-09-16T13:27:19Z,2026-09-16T15:27:19+0200,575dbb26-0f0d-4448-9041-c0b0c5f096b4,2026-09-14T04:45:00Z,2026-09-14T06:45:00+0200,81.7842,MW,DK2,DK_2,actual_onshore_wind_generation,Wind Onshore,2026-09-16T13:29:01Z
2026-09-16T13:27:19Z,2026-09-16T15:27:19+0200,575dbb26-0f0d-4448-9041-c0b0c5f096b4,2026-09-14T05:00:00Z,2026-09-14T07:00:00+0200,82.0306,MW,DK2,DK_2,actual_onshore_wind_generation,Wind Onshore,2026-09-16T13:29:01Z
2026-09-16T13:27:19Z,2026-09-16T15:27:19+0200,575dbb26-0f0d-4448-9041-c0b0c5f096b4,2026-09-14T05:15:00Z,2026-09-14T07:15:00+0200,80.0853,MW,DK2,DK_2,actual_onshore_wind_generation,Wind Onshore,2026-09-16T13:29:01Z
2026-09-16T13:27:19Z,2026-09-16T15:27:19+0200,575dbb26-0f0d-4448-9041-c0b0c5f096b4,2026-09-14T05:30:00Z,2026-09-14T07:30:00+0200,90.6044,MW,DK2,DK_2,actual_onshore_wind_generation,Wind Onshore,2026-09-16T13:29:01Z
2026-09-16T13:27:19Z,2026-09-16T15:27:19+0200,575dbb26-0f0d-4448-9041-c0b0c5f096b4,2026-09-14T05:45:00Z,2026-09-14T07:45:00+0200,86.2608,MW,DK2,DK_2,actual_onshore_wind_generation,Wind Onshore,2026-09-16T13:29:01Z
2026-09-16T13:27:19Z,2026-09-16T15:27:19+0200,575dbb26-0f0d-4448-9041-c0b0c5f096b4,2026-09-14T06:00:00Z,2026-09-14T08:00:00+0200,91.7296,MW,DK2,DK_2,actual_onshore_wind_generation,Wind Onshore,2026-09-16T13:29:01Z
2026-09-16T13:27:19Z,2026-09-16T15:27:19+0200,575dbb26-0f0d-4448-9041-c0b0c5f096b4,2026-09-14T06:15:00Z,2026-09-14T08:15:00+0200,86.9963,MW,DK2,DK_2,actual_onshore_wind_generation,Wind Onshore,2026-09-16T13:29:01Z
2026-09-16T13:27:19Z,2026-09-16T15:27:19+0200,575dbb26-0f0d-4448-9041-c0b0c5f096b4,2026-09-14T06:30:00Z,2026-09-14T08:30:00+0200,72.5705,MW,DK2,DK_2,actual_onshore_wind_generation,Wind Onshore,2026-09-16T13:29:01Z
2026-09-16T13:27:19Z,2026-09-16T15:27:19+0200,575dbb26-0f0d-4448-9041-c0b0c5f096b4,2026-09-14T06:45:00Z,2026-09-14T08:45:00+0200,65.049,MW,DK2,DK_2,actual_onshore_wind_generation,Wind Onshore,2026-09-16T13:29:01Z
2026-09-16T13:27:19Z,2026-09-16T15:27:19+0200,575dbb26-0f0d-4448-9041-c0b0c5f096b4,2026-09-14T07:00:00Z,2026-09-14T09:00:00+0200,66.9047,MW,DK2,DK_2,actual_onshore_wind_generation,Wind Onshore,2026-09-16T13:29:01Z
2026-09-16T13:27:19Z,2026-09-16T15:27:19+0200,575dbb26-0f0d-4448-9041-c0b0c5f096b4,2026-09-14T07:15:00Z,2026-09-14T09:15:00+0200,64.9962,MW,DK2,DK_2,actual_onshore_wind_generation,Wind Onshore,2026-09-16T13:29:01Z
2026-09-16T13:27:19Z,2026-09-16T15:27:19+0200,575dbb26-0f0d-4448-9041-c0b0c5f096b4,2026-09-14T07:30:00Z,2026-09-14T09:30:00+0200,66.0252,MW,DK2,DK_2,actual_onshore_wind_generation,Wind Onshore,2026-09-16T13:29:01Z
2026-09-16T13:27:19Z,2026-09-16T15:27:19+0200,575dbb26-0f0d-4448-9041-c0b0c5f096b4,2026-09-14T07:45:00Z,2026-09-14T09:45:00+0200,67.6481,MW,DK2,DK_2,actual_onshore_wind_generation,Wind Onshore,2026-09-16T13:29:01Z
2026-09-16T13:27:19Z,2026-09-16T15:27:19+0200,575dbb26-0f0d-4448-9041-c0b0c5f096b4,2026-09-14T08:00:00Z,2026-09-14T10:00:00+0200,68.7311,MW,DK2,DK_2,actual_onshore_wind_generation,Wind Onshore,2026-09-16T13:29:01Z
2026-09-16T13:27:19Z,2026-09-16T15:27:19+0200,575dbb26-0f0d-4448-9041-c0b0c5f096b4,2026-09-14T08:15:00Z,2026-09-14T10:15:00+0200,70.1956,MW,DK2,DK_2,actual_onshore_wind_generation,Wind Onshore,2026-09-16T13:29:01Z
2026-09-16T13:27:19Z,2026-09-16T15:27:19+0200,575dbb26-0f0d-4448-9041-c0b0c5f096b4,2026-09-14T08:30:00Z,2026-09-14T10:30:00+0200,65.6109,MW,DK2,DK_2,actual_onshore_wind_generation,Wind Onshore,2026-09-16T13:29:01Z
2026-09-16T13:27:19Z,2026-09-16T15:27:19+0200,575dbb26-0f0d-4448-9041-c0b0c5f096b4,2026-09-14T08:45:00Z,2026-09-14T10:45:00+0200,54.4125,MW,DK2,DK_2,actual_onshore_wind_generation,Wind Onshore,2026-09-16T13:29:01Z
2026-09-16T13:27:19Z,2026-09-16T15:27:19+0200,575dbb26-0f0d-4448-9041-c0b0c5f096b4,2026-09-14T09:00:00Z,2026-09-14T11:00:00+0200,53.8475,MW,DK2,DK_2,actual_onshore_wind_generation,Wind Onshore,2026-09-16T13:29:01Z
2026-09-16T13:27:19Z,2026-09-16T15:27:19+0200,575dbb26-0f0d-4448-9041-c0b0c5f096b4,2026-09-14T09:15:00Z,2026-09-14T11:15:00+0200,55.3355,MW,DK2,DK_2,actual_onshore_wind_generation,Wind Onshore,2026-09-16T13:29:01Z
2026-09-16T13:27:19Z,2026-09-16T15:27:19+0200,575dbb26-0f0d-4448-9041-c0b0c5f096b4,2026-09-14T09:30:00Z,2026-09-14T11:30:00+0200,61.9846,MW,DK2,DK_2,actual_onshore_wind_generation,Wind Onshore,2026-09-16T13:29:01Z
2026-09-16T13:27:19Z,2026-09-16T15:27:19+0200,575dbb26-0f0d-4448-9041-c0b0c5f096b4,2026-09-14T09:45:00Z,2026-09-14T11:45:00+0200,71.4194,MW,DK2,DK_2,actual_onshore_wind_generation,Wind Onshore,2026-09-16T13:29:01Z
2026-09-16T13:27:19Z,2026-09-16T15:27:19+0200,575dbb26-0f0d-4448-9041-c0b0c5f096b4,2026-09-14T10:00:00Z,2026-09-14T12:00:00+0200,85.4616,MW,DK2,DK_2,actual_onshore_wind_generation,Wind Onshore,2026-09-16T13:29:01Z
2026-09-16T13:27:19Z,2026-09-16T15:27:19+0200,575dbb26-0f0d-4448-9041-c0b0c5f096b4,2026-09-14T10:15:00Z,2026-09-14T12:15:00+0200,98.2395,MW,DK2,DK_2,actual_onshore_wind_generation,Wind Onshore,2026-09-16T13:29:01Z
2026-09-16T13:27:19Z,2026-09-16T15:27:19+0200,575dbb26-0f0d-4448-9041-c0b0c5f096b4,2026-09-14T10:30:00Z,2026-09-14T12:30:00+0200,91.6744,MW,DK2,DK_2,actual_onshore_wind_generation,Wind Onshore,2026-09-16T13:29:01Z
2026-09-16T13:27:19Z,2026-09-16T15:27:19+0200,575dbb26-0f0d-4448-9041-c0b0c5f096b4,2026-09-14T10:45:00Z,2026-09-14T12:45:00+0200,83.448,MW,DK2,DK_2,actual_onshore_wind_generation,Wind Onshore,2026-09-16T13:29:01Z
2026-09-16T13:27:19Z,2026-09-16T15:27:19+0200,575dbb26-0f0d-4448-9041-c0b0c5f096b4,2026-09-14T11:00:00Z,2026-09-14T13:00:00+0200,81.4812,MW,DK2,DK_2,actual_onshore_wind_generation,Wind Onshore,2026-09-16T13:29:01Z
2026-09-16T13:27:19Z,2026-09-16T15:27:19+0200,575dbb26-0f0d-4448-9041-c0b0c5f096b4,2026-09-14T11:15:00Z,2026-09-14T13:15:00+0200,79.8106,MW,DK2,DK_2,actual_onshore_wind_generation,Wind Onshore,2026-09-16T13:29:01Z
2026-09-16T13:27:19Z,2026-09-16T15:27:19+0200,575dbb26-0f0d-4448-9041-c0b0c5f096b4,2026-09-14T11:30:00Z,2026-09-14T13:30:00+0200,86.6002,MW,DK2,DK_2,actual_onshore_wind_generation,Wind Onshore,2026-09-16T13:29:01Z
2026-09-16T13:27:19Z,2026-09-16T15:27:19+0200,575dbb26-0f0d-4448-9041-c0b0c5f096b4,2026-09-14T11:45:00Z,2026-09-14T13:45:00+0200,86.0804,MW,DK2,DK_2,actual_onshore_wind_generation,Wind Onshore,2026-09-16T13:29:01Z
2026-09-16T13:27:19Z,2026-09-16T15:27:19+0200,575dbb26-0f0d-4448-9041-c0b0c5f096b4,2026-09-14T12:00:00Z,2026-09-14T14:00:00+0200,83.1862,MW,DK2,DK_2,actual_onshore_wind_generation,Wind Onshore,2026-09-16T13:29:01Z
2026-09-16T13:27:19Z,2026-09-16T15:27:19+0200,575dbb26-0f0d-4448-9041-c0b0c5f096b4,2026-09-14T12:15:00Z,2026-09-14T14:15:00+0200,78.2261,MW,DK2,DK_2,actual_onshore_wind_generation,Wind Onshore,2026-09-16T13:29:01Z
2026-09-16T13:27:19Z,2026-09-16T15:27:19+0200,575dbb26-0f0d-4448-9041-c0b0c5f096b4,2026-09-14T12:30:00Z,2026-09-14T14:30:00+0200,80.2311,MW,DK2,DK_2,actual_onshore_wind_generation,Wind Onshore,2026-09-16T13:29:01Z
2026-09-16T13:27:19Z,2026-09-16T15:27:19+0200,575dbb26-0f0d-4448-9041-c0b0c5f096b4,2026-09-14T12:45:00Z,2026-09-14T14:45:00+0200,75.8141,MW,DK2,DK_2,actual_onshore_wind_generation,Wind Onshore,2026-09-16T13:29:01Z
2026-09-16T13:27:19Z,2026-09-16T15:27:19+0200,575dbb26-0f0d-4448-9041-c0b0c5f096b4,2026-09-14T13:00:00Z,2026-09-14T15:00:00+0200,69.2499,MW,DK2,DK_2,actual_onshore_wind_generation,Wind Onshore,2026-09-16T13:29:01Z
2026-09-16T13:27:19Z,2026-09-16T15:27:19+0200,575dbb26-0f0d-4448-9041-c0b0c5f096b4,2026-09-14T13:15:00Z,2026-09-14T15:15:00+0200,62.5596,MW,DK2,DK_2,actual_onshore_wind_generation,Wind Onshore,2026-09-16T13:29:01Z
2026-09-16T13:27:19Z,2026-09-16T15:27:19+0200,575dbb26-0f0d-4448-9041-c0b0c5f096b4,2026-09-14T13:30:00Z,2026-09-14T15:30:00+0200,62.1953,MW,DK2,DK_2,actual_onshore_wind_generation,Wind Onshore,2026-09-16T13:29:01Z
2026-09-16T13:27:19Z,2026-09-16T15:27:19+0200,575dbb26-0f0d-4448-9041-c0b0c5f096b4,2026-09-14T13:45:00Z,2026-09-14T15:45:00+0200,65.6381,MW,DK2,DK_2,actual_onshore_wind_generation,Wind Onshore,2026-09-16T13:29:01Z
2026-09-16T13:27:19Z,2026-09-16T15:27:19+0200,575dbb26-0f0d-4448-9041-c0b0c5f096b4,2026-09-14T14:00:00Z,2026-09-14T16:00:00+0200,59.6252,MW,DK2,DK_2,actual_onshore_wind_generation,Wind Onshore,2026-09-16T13:29:01Z
2026-09-16T13:27:19Z,2026-09-16T15:27:19+0200,575dbb26-0f0d-4448-9041-c0b0c5f096b4,2026-09-14T14:15:00Z,2026-09-14T16:15:00+0200,49.371,MW,DK2,DK_2,actual_onshore_wind_generation,Wind Onshore,2026-09-16T13:29:01Z
2026-09-16T13:27:19Z,2026-09-16T15:27:19+0200,575dbb26-0f0d-4448-9041-c0b0c5f096b4,2026-09-14T14:30:00Z,2026-09-14T16:30:00+0200,41.4967,MW,DK2,DK_2,actual_onshore_wind_generation,Wind Onshore,2026-09-16T13:29:01Z
2026-09-16T13:27:19Z,2026-09-16T15:27:19+0200,575dbb26-0f0d-4448-9041-c0b0c5f096b4,2026-09-14T14:45:00Z,2026-09-14T16:45:00+0200,35.2941,MW,DK2,DK_2,actual_onshore_wind_generation,Wind Onshore,2026-09-16T13:29:01Z
2026-09-16T13:27:19Z,2026-09-16T15:27:19+0200,575dbb26-0f0d-4448-9041-c0b0c5f096b4,2026-09-14T15:00:00Z,2026-09-14T17:00:00+0200,32.2197,MW,DK2,DK_2,actual_onshore_wind_generation,Wind Onshore,2026-09-16T13:29:01Z
2026-09-16T13:27:19Z,2026-09-16T15:27:19+0200,575dbb26-0f0d-4448-9041-c0b0c5f096b4,2026-09-14T15:15:00Z,2026-09-14T17:15:00+0200,28.0449,MW,DK2,DK_2,actual_onshore_wind_generation,Wind Onshore,2026-09-16T13:29:01Z
2026-09-16T13:27:19Z,2026-09-16T15:27:19+0200,575dbb26-0f0d-4448-9041-c0b0c5f096b4,2026-09-14T15:30:00Z,2026-09-14T17:30:00+0200,28.9881,MW,DK2,DK_2,actual_onshore_wind_generation,Wind Onshore,2026-09-16T13:29:01Z
2026-09-16T13:27:19Z,2026-09-16T15:27:19+0200,575dbb26-0f0d-4448-9041-c0b0c5f096b4,2026-09-14T15:45:00Z,2026-09-14T17:45:00+0200,28.4562,MW,DK2,DK_2,actual_onshore_wind_generation,Wind Onshore,2026-09-16T13:29:01Z
2026-09-16T13:27:19Z,2026-09-16T15:27:19+0200,575dbb26-0f0d-4448-9041-c0b0c5f096b4,2026-09-14T16:00:00Z,2026-09-14T18:00:00+0200,26.4851,MW,DK2,DK_2,actual_onshore_wind_generation,Wind Onshore,2026-09-16T13:29:01Z
2026-09-16T13:27:19Z,2026-09-16T15:27:19+0200,575dbb26-0f0d-4448-9041-c0b0c5f096b4,2026-09-14T16:15:00Z,2026-09-14T18:15:00+0200,22.9065,MW,DK2,DK_2,actual_onshore_wind_generation,Wind Onshore,2026-09-16T13:29:01Z
2026-09-16T13:27:19Z,2026-09-16T15:27:19+0200,575dbb26-0f0d-4448-9041-c0b0c5f096b4,2026-09-14T16:30:00Z,2026-09-14T18:30:00+0200,21.1612,MW,DK2,DK_2,actual_onshore_wind_generation,Wind Onshore,2026-09-16T13:29:01Z
2026-09-16T13:27:19Z,2026-09-16T15:27:19+0200,575dbb26-0f0d-4448-9041-c0b0c5f096b4,2026-09-14T16:45:00Z,2026-09-14T18:45:00+0200,22.2643,MW,DK2,DK_2,actual_onshore_wind_generation,Wind Onshore,2026-09-16T13:29:01Z
2026-09-16T13:27:19Z,2026-09-16T15:27:19+0200,575dbb26-0f0d-4448-9041-c0b0c5f096b4,2026-09-14T17:00:00Z,2026-09-14T19:00:00+0200,19.1739,MW,DK2,DK_2,actual_onshore_wind_generation,Wind Onshore,2026-09-16T13:29:01Z
2026-09-16T13:27:19Z,2026-09-16T15:27:19+0200,575dbb26-0f0d-4448-9041-c0b0c5f096b4,2026-09-14T17:15:00Z,2026-09-14T19:15:00+0200,15.8664,MW,DK2,DK_2,actual_onshore_wind_generation,Wind Onshore,2026-09-16T13:29:01Z
2026-09-16T13:27:19Z,2026-09-16T15:27:19+0200,575dbb26-0f0d-4448-9041-c0b0c5f096b4,2026-09-14T17:30:00Z,2026-09-14T19:30:00+0200,14.3452,MW,DK2,DK_2,actual_onshore_wind_generation,Wind Onshore,2026-09-16T13:29:01Z
2026-09-16T13:27:19Z,2026-09-16T15:27:19+0200,575dbb26-0f0d-4448-9041-c0b0c5f096b4,2026-09-14T17:45:00Z,2026-09-14T19:45:00+0200,13.5248,MW,DK2,DK_2,actual_onshore_wind_generation,Wind Onshore,2026-09-16T13:29:01Z
2026-09-16T13:27:19Z,2026-09-16T15:27:19+0200,575dbb26-0f0d-4448-9041-c0b0c5f096b4,2026-09-14T18:00:00Z,2026-09-14T20:00:00+0200,14.7314,MW,DK2,DK_2,actual_onshore_wind_generation,Wind Onshore,2026-09-16T13:29:01Z
2026-09-16T13:27:19Z,2026-09-16T15:27:19+0200,575dbb26-0f0d-4448-9041-c0b0c5f096b4,2026-09-14T18:15:00Z,2026-09-14T20:15:00+0200,15.934,MW,DK2,DK_2,actual_onshore_wind_generation,Wind Onshore,2026-09-16T13:29:01Z
2026-09-16T13:27:19Z,2026-09-16T15:27:19+0200,575dbb26-0f0d-4448-9041-c0b0c5f096b4,2026-09-14T18:30:00Z,2026-09-14T20:30:00+0200,15.7291,MW,DK2,DK_2,actual_onshore_wind_generation,Wind Onshore,2026-09-16T13:29:01Z
2026-09-16T13:27:19Z,2026-09-16T15:27:19+0200,575dbb26-0f0d-4448-9041-c0b0c5f096b4,2026-09-14T18:45:00Z,2026-09-14T20:45:00+0200,15.5972,MW,DK2,DK_2,actual_onshore_wind_generation,Wind Onshore,2026-09-16T13:29:01Z
2026-09-16T13:27:19Z,2026-09-16T15:27:19+0200,575dbb26-0f0d-4448-9041-c0b0c5f096b4,2026-09-14T19:00:00Z,2026-09-14T21:00:00+0200,17.4019,MW,DK2,DK_2,actual_onshore_wind_generation,Wind Onshore,2026-09-16T13:29:01Z
2026-09-16T13:27:19Z,2026-09-16T15:27:19+0200,575dbb26-0f0d-4448-9041-c0b0c5f096b4,2026-09-14T19:15:00Z,2026-09-14T21:15:00+0200,16.5086,MW,DK2,DK_2,actual_onshore_wind_generation,Wind Onshore,2026-09-16T13:29:01Z
2026-09-16T13:27:19Z,2026-09-16T15:27:19+0200,575dbb26-0f0d-4448-9041-c0b0c5f096b4,2026-09-14T19:30:00Z,2026-09-14T21:30:00+0200,17.802,MW,DK2,DK_2,actual_onshore_wind_generation,Wind Onshore,2026-09-16T13:29:01Z
2026-09-16T13:27:19Z,2026-09-16T15:27:19+0200,575dbb26-0f0d-4448-9041-c0b0c5f096b4,2026-09-14T19:45:00Z,2026-09-14T21:45:00+0200,18.451,MW,DK2,DK_2,actual_onshore_wind_generation,Wind Onshore,2026-09-16T13:29:01Z
2026-09-16T13:27:19Z,2026-09-16T15:27:19+0200,575dbb26-0f0d-4448-9041-c0b0c5f096b4,2026-09-14T20:00:00Z,2026-09-14T22:00:00+0200,18.3133,MW,DK2,DK_2,actual_onshore_wind_generation,Wind Onshore,2026-09-16T13:29:01Z
2026-09-16T13:27:19Z,2026-09-16T15:27:19+0200,575dbb26-0f0d-4448-9041-c0b0c5f096b4,2026-09-14T20:15:00Z,2026-09-14T22:15:00+0200,17.0284,MW,DK2,DK_2,actual_onshore_wind_generation,Wind Onshore,2026-09-16T13:29:01Z
2026-09-16T13:27:19Z,2026-09-16T15:27:19+0200,575dbb26-0f0d-4448-9041-c0b0c5f096b4,2026-09-14T20:30:00Z,2026-09-14T22:30:00+0200,17.2869,MW,DK2,DK_2,actual_onshore_wind_generation,Wind Onshore,2026-09-16T13:29:01Z
2026-09-16T13:27:19Z,2026-09-16T15:27:19+0200,575dbb26-0f0d-4448-9041-c0b0c5f096b4,2026-09-14T20:45:00Z,2026-09-14T22:45:00+0200,16.8127,MW,DK2,DK_2,actual_onshore_wind_generation,Wind Onshore,2026-09-16T13:29:01Z
2026-09-16T13:27:19Z,2026-09-16T15:27:19+0200,575dbb26-0f0d-4448-9041-c0b0c5f096b4,2026-09-14T21:00:00Z,2026-09-14T23:00:00+0200,15.842,MW,DK2,DK_2,actual_onshore_wind_generation,Wind Onshore,2026-09-16T13:29:01Z
2026-09-16T13:27:19Z,2026-09-16T15:27:19+0200,575dbb26-0f0d-4448-9041-c0b0c5f096b4,2026-09-14T21:15:00Z,2026-09-14T23:15:00+0200,17.8392,MW,DK2,DK_2,actual_onshore_wind_generation,Wind Onshore,2026-09-16T13:29:01Z
2026-09-16T13:27:19Z,2026-09-16T15:27:19+0200,575dbb26-0f0d-4448-9041-c0b0c5f096b4,2026-09-14T21:30:00Z,2026-09-14T23:30:00+0200,19.1792,MW,DK2,DK_2,actual_onshore_wind_generation,Wind Onshore,2026-09-16T13:29:01Z
2026-09-16T13:27:19Z,2026-09-16T15:27:19+0200,575dbb26-0f0d-4448-9041-c0b0c5f096b4,2026-09-14T21:45:00Z,2026-09-14T23:45:00+0200,20.0123,MW,DK2,DK_2,actual_onshore_wind_generation,Wind Onshore,2026-09-16T13:29:01Z
2026-09-16T13:27:19Z,2026-09-16T15:27:19+0200,575dbb26-0f0d-4448-9041-c0b0c5f096b4,2026-09-14T22:00:00Z,2026-09-15T00:00:00+0200,21.1179,MW,DK2,DK_2,actual_onshore_wind_generation,Wind Onshore,2026-09-16T13:29:01Z
2026-09-16T13:27:19Z,2026-09-16T15:27:19+0200,575dbb26-0f0d-4448-9041-c0b0c5f096b4,2026-09-14T22:15:00Z,2026-09-15T00:15:00+0200,21.8758,MW,DK2,DK_2,actual_onshore_wind_generation,Wind Onshore,2026-09-16T13:29:01Z
2026-09-16T13:27:19Z,2026-09-16T15:27:19+0200,575dbb26-0f0d-4448-9041-c0b0c5f096b4,2026-09-14T22:30:00Z,2026-09-15T00:30:00+0200,22.5889,MW,DK2,DK_2,actual_onshore_wind_generation,Wind Onshore,2026-09-16T13:29:01Z
2026-09-16T13:27:19Z,2026-09-16T15:27:19+0200,575dbb26-0f0d-4448-9041-c0b0c5f096b4,2026-09-14T22:45:00Z,2026-09-15T00:45:00+0200,23.9757,MW,DK2,DK_2,actual_onshore_wind_generation,Wind Onshore,2026-09-16T13:29:01Z
2026-09-16T13:27:19Z,2026-09-16T15:27:19+0200,575dbb26-0f0d-4448-9041-c0b0c5f096b4,2026-09-14T23:00:00Z,2026-09-15T01:00:00+0200,25.3816,MW,DK2,DK_2,actual_onshore_wind_generation,Wind Onshore,2026-09-16T13:29:01Z
2026-09-16T13:27:19Z,2026-09-16T15:27:19+0200,575dbb26-0f0d-4448-9041-c0b0c5f096b4,2026-09-14T23:15:00Z,2026-09-15T01:15:00+0200,27.8264,MW,DK2,DK_2,actual_onshore_wind_generation,Wind Onshore,2026-09-16T13:29:01Z
2026-09-16T13:27:19Z,2026-09-16T15:27:19+0200,575dbb26-0f0d-4448-9041-c0b0c5f096b4,2026-09-14T23:30:00Z,2026-09-15T01:30:00+0200,27.9969,MW,DK2,DK_2,actual_onshore_wind_generation,Wind Onshore,2026-09-16T13:29:01Z
2026-09-16T13:27:19Z,2026-09-16T15:27:19+0200,575dbb26-0f0d-4448-9041-c0b0c5f096b4,2026-09-14T23:45:00Z,2026-09-15T01:45:00+0200,32.6149,MW,DK2,DK_2,actual_onshore_wind_generation,Wind Onshore,2026-09-16T13:29:01Z
2026-09-16T13:27:19Z,2026-09-16T15:27:19+0200,575dbb26-0f0d-4448-9041-c0b0c5f096b4,2026-09-15T00:00:00Z,2026-09-15T02:00:00+0200,35.4282,MW,DK2,DK_2,actual_onshore_wind_generation,Wind Onshore,2026-09-16T13:29:01Z
2026-09-16T13:27:19Z,2026-09-16T15:27:19+0200,575dbb26-0f0d-4448-9041-c0b0c5f096b4,2026-09-15T00:15:00Z,2026-09-15T02:15:00+0200,38.5412,MW,DK2,DK_2,actual_onshore_wind_generation,Wind Onshore,2026-09-16T13:29:01Z
2026-09-16T13:27:19Z,2026-09-16T15:27:19+0200,575dbb26-0f0d-4448-9041-c0b0c5f096b4,2026-09-15T00:30:00Z,2026-09-15T02:30:00+0200,42.0199,MW,DK2,DK_2,actual_onshore_wind_generation,Wind Onshore,2026-09-16T13:29:01Z
2026-09-16T13:27:19Z,2026-09-16T15:27:19+0200,575dbb26-0f0d-4448-9041-c0b0c5f096b4,2026-09-15T00:45:00Z,2026-09-15T02:45:00+0200,50.5222,MW,DK2,DK_2,actual_onshore_wind_generation,Wind Onshore,2026-09-16T13:29:01Z
2026-09-16T13:27:19Z,2026-09-16T15:27:19+0200,575dbb26-0f0d-4448-9041-c0b0c5f096b4,2026-09-15T01:00:00Z,2026-09-15T03:00:00+0200,58.7168,MW,DK2,DK_2,actual_onshore_wind_generation,Wind Onshore,2026-09-16T13:29:01Z
2026-09-16T13:27:19Z,2026-09-16T15:27:19+0200,575dbb26-0f0d-4448-9041-c0b0c5f096b4,2026-09-15T01:15:00Z,2026-09-15T03:15:00+0200,64.2411,MW,DK2,DK_2,actual_onshore_wind_generation,Wind Onshore,2026-09-16T13:29:01Z
2026-09-16T13:27:19Z,2026-09-16T15:27:19+0200,575dbb26-0f0d-4448-9041-c0b0c5f096b4,2026-09-15T01:30:00Z,2026-09-15T03:30:00+0200,71.2479,MW,DK2,DK_2,actual_onshore_wind_generation,Wind Onshore,2026-09-16T13:29:01Z
2026-09-16T13:27:19Z,2026-09-16T15:27:19+0200,575dbb26-0f0d-4448-9041-c0b0c5f096b4,2026-09-15T01:45:00Z,2026-09-15T03:45:00+0200,69.2924,MW,DK2,DK_2,actual_onshore_wind_generation,Wind Onshore,2026-09-16T13:29:01Z
2026-09-16T13:27:19Z,2026-09-16T15:27:19+0200,575dbb26-0f0d-4448-9041-c0b0c5f096b4,2026-09-15T02:00:00Z,2026-09-15T04:00:00+0200,72.4046,MW,DK2,DK_2,actual_onshore_wind_generation,Wind Onshore,2026-09-16T13:29:01Z
2026-09-16T13:27:19Z,2026-09-16T15:27:19+0200,575dbb26-0f0d-4448-9041-c0b0c5f096b4,2026-09-15T02:15:00Z,2026-09-15T04:15:00+0200,81.006,MW,DK2,DK_2,actual_onshore_wind_generation,Wind Onshore,2026-09-16T13:29:01Z
2026-09-16T13:27:19Z,2026-09-16T15:27:19+0200,575dbb26-0f0d-4448-9041-c0b0c5f096b4,2026-09-15T02:30:00Z,2026-09-15T04:30:00+0200,85.971,MW,DK2,DK_2,actual_onshore_wind_generation,Wind Onshore,2026-09-16T13:29:01Z
2026-09-16T13:27:19Z,2026-09-16T15:27:19+0200,575dbb26-0f0d-4448-9041-c0b0c5f096b4,2026-09-15T02:45:00Z,2026-09-15T04:45:00+0200,85.935,MW,DK2,DK_2,actual_onshore_wind_generation,Wind Onshore,2026-09-16T13:29:01Z
2026-09-16T13:27:19Z,2026-09-16T15:27:19+0200,575dbb26-0f0d-4448-9041-c0b0c5f096b4,2026-09-15T03:00:00Z,2026-09-15T05:00:00+0200,91.8114,MW,DK2,DK_2,actual_onshore_wind_generation,Wind Onshore,2026-09-16T13:29:01Z
2026-09-16T13:27:19Z,2026-09-16T15:27:19+0200,575dbb26-0f0d-4448-9041-c0b0c5f096b4,2026-09-15T03:15:00Z,2026-09-15T05:15:00+0200,91.349,MW,DK2,DK_2,actual_onshore_wind_generation,Wind Onshore,2026-09-16T13:29:01Z
2026-09-16T13:27:19Z,2026-09-16T15:27:19+0200,575dbb26-0f0d-4448-9041-c0b0c5f096b4,2026-09-15T03:30:00Z,2026-09-15T05:30:00+0200,89.6677,MW,DK2,DK_2,actual_onshore_wind_generation,Wind Onshore,2026-09-16T13:29:01Z
2026-09-16T13:27:19Z,2026-09-16T15:27:19+0200,575dbb26-0f0d-4448-9041-c0b0c5f096b4,2026-09-15T03:45:00Z,2026-09-15T05:45:00+0200,91.6913,MW,DK2,DK_2,actual_onshore_wind_generation,Wind Onshore,2026-09-16T13:29:01Z
2026-09-16T13:27:19Z,2026-09-16T15:27:19+0200,575dbb26-0f0d-4448-9041-c0b0c5f096b4,2026-09-15T04:00:00Z,2026-09-15T06:00:00+0200,85.3749,MW,DK2,DK_2,actual_onshore_wind_generation,Wind Onshore,2026-09-16T13:29:01Z
2026-09-16T13:27:19Z,2026-09-16T15:27:19+0200,575dbb26-0f0d-4448-9041-c0b0c5f096b4,2026-09-15T04:15:00Z,2026-09-15T06:15:00+0200,82.769,MW,DK2,DK_2,actual_onshore_wind_generation,Wind Onshore,2026-09-16T13:29:01Z
2026-09-16T13:27:19Z,2026-09-16T15:27:19+0200,575dbb26-0f0d-4448-9041-c0b0c5f096b4,2026-09-15T04:30:00Z,2026-09-15T06:30:00+0200,84.1955,MW,DK2,DK_2,actual_onshore_wind_generation,Wind Onshore,2026-09-16T13:29:01Z
2026-09-16T13:27:19Z,2026-09-16T15:27:19+0200,575dbb26-0f0d-4448-9041-c0b0c5f096b4,2026-09-15T04:45:00Z,2026-09-15T06:45:00+0200,81.9795,MW,DK2,DK_2,actual_onshore_wind_generation,Wind Onshore,2026-09-16T13:29:01Z
2026-09-16T13:27:19Z,2026-09-16T15:27:19+0200,575dbb26-0f0d-4448-9041-c0b0c5f096b4,2026-09-15T05:00:00Z,2026-09-15T07:00:00+0200,79.6982,MW,DK2,DK_2,actual_onshore_wind_generation,Wind Onshore,2026-09-16T13:29:01Z
2026-09-16T13:27:19Z,2026-09-16T15:27:19+0200,575dbb26-0f0d-4448-9041-c0b0c5f096b4,2026-09-15T05:15:00Z,2026-09-15T07:15:00+0200,82.8852,MW,DK2,DK_2,actual_onshore_wind_generation,Wind Onshore,2026-09-16T13:29:01Z
2026-09-16T13:27:19Z,2026-09-16T15:27:19+0200,575dbb26-0f0d-4448-9041-c0b0c5f096b4,2026-09-15T05:30:00Z,2026-09-15T07:30:00+0200,89.53,MW,DK2,DK_2,actual_onshore_wind_generation,Wind Onshore,2026-09-16T13:29:01Z
2026-09-16T13:27:19Z,2026-09-16T15:27:19+0200,575dbb26-0f0d-4448-9041-c0b0c5f096b4,2026-09-15T05:45:00Z,2026-09-15T07:45:00+0200,95.0694,MW,DK2,DK_2,actual_onshore_wind_generation,Wind Onshore,2026-09-16T13:29:01Z
2026-09-16T13:27:19Z,2026-09-16T15:27:19+0200,575dbb26-0f0d-4448-9041-c0b0c5f096b4,2026-09-15T06:00:00Z,2026-09-15T08:00:00+0200,91.3184,MW,DK2,DK_2,actual_onshore_wind_generation,Wind Onshore,2026-09-16T13:29:01Z
2026-09-16T13:27:19Z,2026-09-16T15:27:19+0200,575dbb26-0f0d-4448-9041-c0b0c5f096b4,2026-09-15T06:15:00Z,2026-09-15T08:15:00+0200,85.2974,MW,DK2,DK_2,actual_onshore_wind_generation,Wind Onshore,2026-09-16T13:29:01Z
2026-09-16T13:27:19Z,2026-09-16T15:27:19+0200,575dbb26-0f0d-4448-9041-c0b0c5f096b4,2026-09-15T06:30:00Z,2026-09-15T08:30:00+0200,85.4407,MW,DK2,DK_2,actual_onshore_wind_generation,Wind Onshore,2026-09-16T13:29:01Z
2026-09-16T13:27:19Z,2026-09-16T15:27:19+0200,575dbb26-0f0d-4448-9041-c0b0c5f096b4,2026-09-15T06:45:00Z,2026-09-15T08:45:00+0200,83.9715,MW,DK2,DK_2,actual_onshore_wind_generation,Wind Onshore,2026-09-16T13:29:01Z
2026-09-16T13:27:19Z,2026-09-16T15:27:19+0200,575dbb26-0f0d-4448-9041-c0b0c5f096b4,2026-09-15T07:00:00Z,2026-09-15T09:00:00+0200,76.8344,MW,DK2,DK_2,actual_onshore_wind_generation,Wind Onshore,2026-09-16T13:29:01Z
2026-09-16T13:27:19Z,2026-09-16T15:27:19+0200,575dbb26-0f0d-4448-9041-c0b0c5f096b4,2026-09-15T07:15:00Z,2026-09-15T09:15:00+0200,77.5143,MW,DK2,DK_2,actual_onshore_wind_generation,Wind Onshore,2026-09-16T13:29:01Z
2026-09-16T13:27:19Z,2026-09-16T15:27:19+0200,575dbb26-0f0d-4448-9041-c0b0c5f096b4,2026-09-15T07:30:00Z,2026-09-15T09:30:00+0200,76.6553,MW,DK2,DK_2,actual_onshore_wind_generation,Wind Onshore,2026-09-16T13:29:01Z
2026-09-16T13:27:19Z,2026-09-16T15:27:19+0200,575dbb26-0f0d-4448-9041-c0b0c5f096b4,2026-09-15T07:45:00Z,2026-09-15T09:45:00+0200,78.1809,MW,DK2,DK_2,actual_onshore_wind_generation,Wind Onshore,2026-09-16T13:29:01Z
2026-09-16T13:27:19Z,2026-09-16T15:27:19+0200,575dbb26-0f0d-4448-9041-c0b0c5f096b4,2026-09-15T08:00:00Z,2026-09-15T10:00:00+0200,81.522,MW,DK2,DK_2,actual_onshore_wind_generation,Wind Onshore,2026-09-16T13:29:01Z
2026-09-16T13:27:19Z,2026-09-16T15:27:19+0200,575dbb26-0f0d-4448-9041-c0b0c5f096b4,2026-09-15T08:15:00Z,2026-09-15T10:15:00+0200,86.1261,MW,DK2,DK_2,actual_onshore_wind_generation,Wind Onshore,2026-09-16T13:29:01Z
2026-09-16T13:27:19Z,2026-09-16T15:27:19+0200,575dbb26-0f0d-4448-9041-c0b0c5f096b4,2026-09-15T08:30:00Z,2026-09-15T10:30:00+0200,86.5103,MW,DK2,DK_2,actual_onshore_wind_generation,Wind Onshore,2026-09-16T13:29:01Z
2026-09-16T13:27:19Z,2026-09-16T15:27:19+0200,575dbb26-0f0d-4448-9041-c0b0c5f096b4,2026-09-15T08:45:00Z,2026-09-15T10:45:00+0200,87.4343,MW,DK2,DK_2,actual_onshore_wind_generation,Wind Onshore,2026-09-16T13:29:01Z
2026-09-16T13:27:19Z,2026-09-16T15:27:19+0200,575dbb26-0f0d-4448-9041-c0b0c5f096b4,2026-09-15T09:00:00Z,2026-09-15T11:00:00+0200,89.4784,MW,DK2,DK_2,actual_onshore_wind_generation,Wind Onshore,2026-09-16T13:29:01Z
2026-09-16T13:27:19Z,2026-09-16T15:27:19+0200,575dbb26-0f0d-4448-9041-c0b0c5f096b4,2026-09-15T09:15:00Z,2026-09-15T11:15:00+0200,96.9406,MW,DK2,DK_2,actual_onshore_wind_generation,Wind Onshore,2026-09-16T13:29:01Z
2026-09-16T13:27:19Z,2026-09-16T15:27:19+0200,575dbb26-0f0d-4448-9041-c0b0c5f096b4,2026-09-15T09:30:00Z,2026-09-15T11:30:00+0200,99.6763,MW,DK2,DK_2,actual_onshore_wind_generation,Wind Onshore,2026-09-16T13:29:01Z
2026-09-16T13:27:19Z,2026-09-16T15:27:19+0200,575dbb26-0f0d-4448-9041-c0b0c5f096b4,2026-09-15T09:45:00Z,2026-09-15T11:45:00+0200,102.162,MW,DK2,DK_2,actual_onshore_wind_generation,Wind Onshore,2026-09-16T13:29:01Z
2026-09-16T13:27:19Z,2026-09-16T15:27:19+0200,575dbb26-0f0d-4448-9041-c0b0c5f096b4,2026-09-15T10:00:00Z,2026-09-15T12:00:00+0200,104.548,MW,DK2,DK_2,actual_onshore_wind_generation,Wind Onshore,2026-09-16T13:29:01Z
2026-09-16T13:27:19Z,2026-09-16T15:27:19+0200,575dbb26-0f0d-4448-9041-c0b0c5f096b4,2026-09-15T10:15:00Z,2026-09-15T12:15:00+0200,113.635,MW,DK2,DK_2,actual_onshore_wind_generation,Wind Onshore,2026-09-16T13:29:01Z
2026-09-16T13:27:19Z,2026-09-16T15:27:19+0200,575dbb26-0f0d-4448-9041-c0b0c5f096b4,2026-09-15T10:30:00Z,2026-09-15T12:30:00+0200,116.2,MW,DK2,DK_2,actual_onshore_wind_generation,Wind Onshore,2026-09-16T13:29:01Z
2026-09-16T13:27:19Z,2026-09-16T15:27:19+0200,575dbb26-0f0d-4448-9041-c0b0c5f096b4,2026-09-15T10:45:00Z,2026-09-15T12:45:00+0200,124.779,MW,DK2,DK_2,actual_onshore_wind_generation,Wind Onshore,2026-09-16T13:29:01Z
2026-09-16T13:27:19Z,2026-09-16T15:27:19+0200,575dbb26-0f0d-4448-9041-c0b0c5f096b4,2026-09-15T11:00:00Z,2026-09-15T13:00:00+0200,130.105,MW,DK2,DK_2,actual_onshore_wind_generation,Wind Onshore,2026-09-16T13:29:01Z
2026-09-16T13:27:19Z,2026-09-16T15:27:19+0200,575dbb26-0f0d-4448-9041-c0b0c5f096b4,2026-09-15T11:15:00Z,2026-09-15T13:15:00+0200,128.742,MW,DK2,DK_2,actual_onshore_wind_generation,Wind Onshore,2026-09-16T13:29:01Z
2026-09-16T13:27:19Z,2026-09-16T15:27:19+0200,575dbb26-0f0d-4448-9041-c0b0c5f096b4,2026-09-15T11:30:00Z,2026-09-15T13:30:00+0200,122.285,MW,DK2,DK_2,actual_onshore_wind_generation,Wind Onshore,2026-09-16T13:29:01Z
2026-09-16T13:27:19Z,2026-09-16T15:27:19+0200,575dbb26-0f0d-4448-9041-c0b0c5f096b4,2026-09-15T11:45:00Z,2026-09-15T13:45:00+0200,124.228,MW,DK2,DK_2,actual_onshore_wind_generation,Wind Onshore,2026-09-16T13:29:01Z
2026-09-16T13:27:19Z,2026-09-16T15:27:19+0200,575dbb26-0f0d-4448-9041-c0b0c5f096b4,2026-09-15T12:00:00Z,2026-09-15T14:00:00+0200,126.92,MW,DK2,DK_2,actual_onshore_wind_generation,Wind Onshore,2026-09-16T13:29:01Z
2026-09-16T13:27:19Z,2026-09-16T15:27:19+0200,575dbb26-0f0d-4448-9041-c0b0c5f096b4,2026-09-15T12:15:00Z,2026-09-15T14:15:00+0200,133.712,MW,DK2,DK_2,actual_onshore_wind_generation,Wind Onshore,2026-09-16T13:29:01Z
2026-09-16T13:27:19Z,2026-09-16T15:27:19+0200,575dbb26-0f0d-4448-9041-c0b0c5f096b4,2026-09-15T12:30:00Z,2026-09-15T14:30:00+0200,189.93,MW,DK2,DK_2,actual_onshore_wind_generation,Wind Onshore,2026-09-16T13:29:01Z
2026-09-16T13:27:19Z,2026-09-16T15:27:19+0200,575dbb26-0f0d-4448-9041-c0b0c5f096b4,2026-09-15T12:45:00Z,2026-09-15T14:45:00+0200,171.655,MW,DK2,DK_2,actual_onshore_wind_generation,Wind Onshore,2026-09-16T13:29:01Z
2026-09-16T13:27:19Z,2026-09-16T15:27:19+0200,575dbb26-0f0d-4448-9041-c0b0c5f096b4,2026-09-15T13:00:00Z,2026-09-15T15:00:00+0200,137.185,MW,DK2,DK_2,actual_onshore_wind_generation,Wind Onshore,2026-09-16T13:29:01Z
2026-09-16T13:27:19Z,2026-09-16T15:27:19+0200,575dbb26-0f0d-4448-9041-c0b0c5f096b4,2026-09-15T13:15:00Z,2026-09-15T15:15:00+0200,138.786,MW,DK2,DK_2,actual_onshore_wind_generation,Wind Onshore,2026-09-16T13:29:01Z
2026-09-16T13:27:19Z,2026-09-16T15:27:19+0200,575dbb26-0f0d-4448-9041-c0b0c5f096b4,2026-09-15T13:30:00Z,2026-09-15T15:30:00+0200,148.167,MW,DK2,DK_2,actual_onshore_wind_generation,Wind Onshore,2026-09-16T13:29:01Z
2026-09-16T13:27:19Z,2026-09-16T15:27:19+0200,575dbb26-0f0d-4448-9041-c0b0c5f096b4,2026-09-15T13:45:00Z,2026-09-15T15:45:00+0200,164.265,MW,DK2,DK_2,actual_onshore_wind_generation,Wind Onshore,2026-09-16T13:29:01Z
2026-09-16T13:27:19Z,2026-09-16T15:27:19+0200,575dbb26-0f0d-4448-9041-c0b0c5f096b4,2026-09-15T14:00:00Z,2026-09-15T16:00:00+0200,154.549,MW,DK2,DK_2,actual_onshore_wind_generation,Wind Onshore,2026-09-16T13:29:01Z
2026-09-16T13:27:19Z,2026-09-16T15:27:19+0200,575dbb26-0f0d-4448-9041-c0b0c5f096b4,2026-09-15T14:15:00Z,2026-09-15T16:15:00+0200,172.928,MW,DK2,DK_2,actual_onshore_wind_generation,Wind Onshore,2026-09-16T13:29:01Z
2026-09-16T13:27:19Z,2026-09-16T15:27:19+0200,575dbb26-0f0d-4448-9041-c0b0c5f096b4,2026-09-15T14:30:00Z,2026-09-15T16:30:00+0200,174.804,MW,DK2,DK_2,actual_onshore_wind_generation,Wind Onshore,2026-09-16T13:29:01Z
2026-09-16T13:27:19Z,2026-09-16T15:27:19+0200,575dbb26-0f0d-4448-9041-c0b0c5f096b4,2026-09-15T14:45:00Z,2026-09-15T16:45:00+0200,169.949,MW,DK2,DK_2,actual_onshore_wind_generation,Wind Onshore,2026-09-16T13:29:01Z
2026-09-16T13:27:19Z,2026-09-16T15:27:19+0200,575dbb26-0f0d-4448-9041-c0b0c5f096b4,2026-09-15T15:00:00Z,2026-09-15T17:00:00+0200,177.344,MW,DK2,DK_2,actual_onshore_wind_generation,Wind Onshore,2026-09-16T13:29:01Z
2026-09-16T13:27:19Z,2026-09-16T15:27:19+0200,575dbb26-0f0d-4448-9041-c0b0c5f096b4,2026-09-15T15:15:00Z,2026-09-15T17:15:00+0200,188.516,MW,DK2,DK_2,actual_onshore_wind_generation,Wind Onshore,2026-09-16T13:29:01Z
2026-09-16T13:27:19Z,2026-09-16T15:27:19+0200,575dbb26-0f0d-4448-9041-c0b0c5f096b4,2026-09-15T15:30:00Z,2026-09-15T17:30:00+0200,189.923,MW,DK2,DK_2,actual_onshore_wind_generation,Wind Onshore,2026-09-16T13:29:01Z
2026-09-16T13:27:19Z,2026-09-16T15:27:19+0200,575dbb26-0f0d-4448-9041-c0b0c5f096b4,2026-09-15T15:45:00Z,2026-09-15T17:45:00+0200,188.686,MW,DK2,DK_2,actual_onshore_wind_generation,Wind Onshore,2026-09-16T13:29:01Z
2026-09-16T13:27:19Z,2026-09-16T15:27:19+0200,575dbb26-0f0d-4448-9041-c0b0c5f096b4,2026-09-15T16:00:00Z,2026-09-15T18:00:00+0200,186.694,MW,DK2,DK_2,actual_onshore_wind_generation,Wind Onshore,2026-09-16T13:29:01Z
2026-09-16T13:27:19Z,2026-09-16T15:27:19+0200,575dbb26-0f0d-4448-9041-c0b0c5f096b4,2026-09-15T16:15:00Z,2026-09-15T18:15:00+0200,183.194,MW,DK2,DK_2,actual_onshore_wind_generation,Wind Onshore,2026-09-16T13:29:01Z
2026-09-16T13:27:19Z,2026-09-16T15:27:19+0200,575dbb26-0f0d-4448-9041-c0b0c5f096b4,2026-09-15T16:30:00Z,2026-09-15T18:30:00+0200,190.472,MW,DK2,DK_2,actual_onshore_wind_generation,Wind Onshore,2026-09-16T13:29:01Z
2026-09-16T13:27:19Z,2026-09-16T15:27:19+0200,575dbb26-0f0d-4448-9041-c0b0c5f096b4,2026-09-15T16:45:00Z,2026-09-15T18:45:00+0200,202.243,MW,DK2,DK_2,actual_onshore_wind_generation,Wind Onshore,2026-09-16T13:29:01Z
2026-09-16T13:27:19Z,2026-09-16T15:27:19+0200,575dbb26-0f0d-4448-9041-c0b0c5f096b4,2026-09-15T17:00:00Z,2026-09-15T19:00:00+0200,213.829,MW,DK2,DK_2,actual_onshore_wind_generation,Wind Onshore,2026-09-16T13:29:01Z
2026-09-16T13:27:19Z,2026-09-16T15:27:19+0200,575dbb26-0f0d-4448-9041-c0b0c5f096b4,2026-09-15T17:15:00Z,2026-09-15T19:15:00+0200,216.841,MW,DK2,DK_2,actual_onshore_wind_generation,Wind Onshore,2026-09-16T13:29:01Z
2026-09-16T13:27:19Z,2026-09-16T15:27:19+0200,575dbb26-0f0d-4448-9041-c0b0c5f096b4,2026-09-15T17:30:00Z,2026-09-15T19:30:00+0200,215.28,MW,DK2,DK_2,actual_onshore_wind_generation,Wind Onshore,2026-09-16T13:29:01Z
2026-09-16T13:27:19Z,2026-09-16T15:27:19+0200,575dbb26-0f0d-4448-9041-c0b0c5f096b4,2026-09-15T17:45:00Z,2026-09-15T19:45:00+0200,223.067,MW,DK2,DK_2,actual_onshore_wind_generation,Wind Onshore,2026-09-16T13:29:01Z
2026-09-16T13:27:19Z,2026-09-16T15:27:19+0200,575dbb26-0f0d-4448-9041-c0b0c5f096b4,2026-09-15T18:00:00Z,2026-09-15T20:00:00+0200,225.081,MW,DK2,DK_2,actual_onshore_wind_generation,Wind Onshore,2026-09-16T13:29:01Z
2026-09-16T13:27:19Z,2026-09-16T15:27:19+0200,575dbb26-0f0d-4448-9041-c0b0c5f096b4,2026-09-15T18:15:00Z,2026-09-15T20:15:00+0200,231.907,MW,DK2,DK_2,actual_onshore_wind_generation,Wind Onshore,2026-09-16T13:29:01Z
2026-09-16T13:27:19Z,2026-09-16T15:27:19+0200,575dbb26-0f0d-4448-9041-c0b0c5f096b4,2026-09-15T18:30:00Z,2026-09-15T20:30:00+0200,245.766,MW,DK2,DK_2,actual_onshore_wind_generation,Wind Onshore,2026-09-16T13:29:01Z
2026-09-16T13:27:19Z,2026-09-16T15:27:19+0200,575dbb26-0f0d-4448-9041-c0b0c5f096b4,2026-09-15T18:45:00Z,2026-09-15T20:45:00+0200,245.94,MW,DK2,DK_2,actual_onshore_wind_generation,Wind Onshore,2026-09-16T13:29:01Z
2026-09-16T13:27:19Z,2026-09-16T15:27:19+0200,575dbb26-0f0d-4448-9041-c0b0c5f096b4,2026-09-15T19:00:00Z,2026-09-15T21:00:00+0200,240.293,MW,DK2,DK_2,actual_onshore_wind_generation,Wind Onshore,2026-09-16T13:29:01Z
2026-09-16T13:27:19Z,2026-09-16T15:27:19+0200,575dbb26-0f0d-4448-9041-c0b0c5f096b4,2026-09-15T19:15:00Z,2026-09-15T21:15:00+0200,223.313,MW,DK2,DK_2,actual_onshore_wind_generation,Wind Onshore,2026-09-16T13:29:01Z
2026-09-16T13:27:19Z,2026-09-16T15:27:19+0200,575dbb26-0f0d-4448-9041-c0b0c5f096b4,2026-09-15T19:30:00Z,2026-09-15T21:30:00+0200,211.631,MW,DK2,DK_2,actual_onshore_wind_generation,Wind Onshore,2026-09-16T13:29:01Z
2026-09-16T13:27:19Z,2026-09-16T15:27:19+0200,575dbb26-0f0d-4448-9041-c0b0c5f096b4,2026-09-15T19:45:00Z,2026-09-15T21:45:00+0200,206.549,MW,DK2,DK_2,actual_onshore_wind_generation,Wind Onshore,2026-09-16T13:29:01Z
2026-09-16T13:27:19Z,2026-09-16T15:27:19+0200,575dbb26-0f0d-4448-9041-c0b0c5f096b4,2026-09-15T20:00:00Z,2026-09-15T22:00:00+0200,199.694,MW,DK2,DK_2,actual_onshore_wind_generation,Wind Onshore,2026-09-16T13:29:01Z
2026-09-16T13:27:19Z,2026-09-16T15:27:19+0200,575dbb26-0f0d-4448-9041-c0b0c5f096b4,2026-09-15T20:15:00Z,2026-09-15T22:15:00+0200,192.308,MW,DK2,DK_2,actual_onshore_wind_generation,Wind Onshore,2026-09-16T13:29:01Z
2026-09-16T13:27:19Z,2026-09-16T15:27:19+0200,575dbb26-0f0d-4448-9041-c0b0c5f096b4,2026-09-15T20:30:00Z,2026-09-15T22:30:00+0200,177.71,MW,DK2,DK_2,actual_onshore_wind_generation,Wind Onshore,2026-09-16T13:29:01Z
2026-09-16T13:27:19Z,2026-09-16T15:27:19+0200,575dbb26-0f0d-4448-9041-c0b0c5f096b4,2026-09-15T20:45:00Z,2026-09-15T22:45:00+0200,175.712,MW,DK2,DK_2,actual_onshore_wind_generation,Wind Onshore,2026-09-16T13:29:01Z
2026-09-16T13:27:19Z,2026-09-16T15:27:19+0200,575dbb26-0f0d-4448-9041-c0b0c5f096b4,2026-09-15T21:00:00Z,2026-09-15T23:00:00+0200,166.002,MW,DK2,DK_2,actual_onshore_wind_generation,Wind Onshore,2026-09-16T13:29:01Z
2026-09-16T13:27:19Z,2026-09-16T15:27:19+0200,575dbb26-0f0d-4448-9041-c0b0c5f096b4,2026-09-15T21:15:00Z,2026-09-15T23:15:00+0200,135.855,MW,DK2,DK_2,actual_onshore_wind_generation,Wind Onshore,2026-09-16T13:29:01Z
2026-09-16T13:27:19Z,2026-09-16T15:27:19+0200,575dbb26-0f0d-4448-9041-c0b0c5f096b4,2026-09-15T21:30:00Z,2026-09-15T23:30:00+0200,123.867,MW,DK2,DK_2,actual_onshore_wind_generation,Wind Onshore,2026-09-16T13:29:01Z
2026-09-16T13:27:19Z,2026-09-16T15:27:19+0200,575dbb26-0f0d-4448-9041-c0b0c5f096b4,2026-09-15T21:45:00Z,2026-09-15T23:45:00+0200,127.078,MW,DK2,DK_2,actual_onshore_wind_generation,Wind Onshore,2026-09-16T13:29:01Z
2026-09-16T13:27:19Z,2026-09-16T15:27:19+0200,575dbb26-0f0d-4448-9041-c0b0c5f096b4,2026-09-15T22:00:00Z,2026-09-16T00:00:00+0200,158.717,MW,DK2,DK_2,actual_onshore_wind_generation,Wind Onshore,2026-09-16T13:29:01Z
2026-09-16T13:27:19Z,2026-09-16T15:27:19+0200,575dbb26-0f0d-4448-9041-c0b0c5f096b4,2026-09-15T22:15:00Z,2026-09-16T00:15:00+0200,175.996,MW,DK2,DK_2,actual_onshore_wind_generation,Wind Onshore,2026-09-16T13:29:01Z
2026-09-16T13:27:19Z,2026-09-16T15:27:19+0200,575dbb26-0f0d-4448-9041-c0b0c5f096b4,2026-09-15T22:30:00Z,2026-09-16T00:30:00+0200,151.82,MW,DK2,DK_2,actual_onshore_wind_generation,Wind Onshore,2026-09-16T13:29:01Z
2026-09-16T13:27:19Z,2026-09-16T15:27:19+0200,575dbb26-0f0d-4448-9041-c0b0c5f096b4,2026-09-15T22:45:00Z,2026-09-16T00:45:00+0200,148.702,MW,DK2,DK_2,actual_onshore_wind_generation,Wind Onshore,2026-09-16T13:29:01Z
2026-09-16T13:27:19Z,2026-09-16T15:27:19+0200,575dbb26-0f0d-4448-9041-c0b0c5f096b4,2026-09-15T23:00:00Z,2026-09-16T01:00:00+0200,158.563,MW,DK2,DK_2,actual_onshore_wind_generation,Wind Onshore,2026-09-16T13:29:01Z
2026-09-16T13:27:19Z,2026-09-16T15:27:19+0200,575dbb26-0f0d-4448-9041-c0b0c5f096b4,2026-09-15T23:15:00Z,2026-09-16T01:15:00+0200,152.362,MW,DK2,DK_2,actual_onshore_wind_generation,Wind Onshore,2026-09-16T13:29:01Z
2026-09-16T13:27:19Z,2026-09-16T15:27:19+0200,575dbb26-0f0d-4448-9041-c0b0c5f096b4,2026-09-15T23:30:00Z,2026-09-16T01:30:00+0200,121.884,MW,DK2,DK_2,actual_onshore_wind_generation,Wind Onshore,2026-09-16T13:29:01Z
2026-09-16T13:27:19Z,2026-09-16T15:27:19+0200,575dbb26-0f0d-4448-9041-c0b0c5f096b4,2026-09-15T23:45:00Z,2026-09-16T01:45:00+0200,95.3354,MW,DK2,DK_2,actual_onshore_wind_generation,Wind Onshore,2026-09-16T13:29:01Z
2026-09-16T13:27:19Z,2026-09-16T15:27:19+0200,575dbb26-0f0d-4448-9041-c0b0c5f096b4,2026-09-16T00:00:00Z,2026-09-16T02:00:00+0200,86.975,MW,DK2,DK_2,actual_onshore_wind_generation,Wind Onshore,2026-09-16T13:29:01Z
2026-09-16T13:27:19Z,2026-09-16T15:27:19+0200,575dbb26-0f0d-4448-9041-c0b0c5f096b4,2026-09-16T00:15:00Z,2026-09-16T02:15:00+0200,74.1414,MW,DK2,DK_2,actual_onshore_wind_generation,Wind Onshore,2026-09-16T13:29:01Z
2026-09-16T13:27:19Z,2026-09-16T15:27:19+0200,575dbb26-0f0d-4448-9041-c0b0c5f096b4,2026-09-16T00:30:00Z,2026-09-16T02:30:00+0200,82.4113,MW,DK2,DK_2,actual_onshore_wind_generation,Wind Onshore,2026-09-16T13:29:01Z
2026-09-16T13:27:19Z,2026-09-16T15:27:19+0200,575dbb26-0f0d-4448-9041-c0b0c5f096b4,2026-09-16T00:45:00Z,2026-09-16T02:45:00+0200,73.4476,MW,DK2,DK_2,actual_onshore_wind_generation,Wind Onshore,2026-09-16T13:29:01Z
2026-09-16T13:27:19Z,2026-09-16T15:27:19+0200,575dbb26-0f0d-4448-9041-c0b0c5f096b4,2026-09-16T01:00:00Z,2026-09-16T03:00:00+0200,76.1756,MW,DK2,DK_2,actual_onshore_wind_generation,Wind Onshore,2026-09-16T13:29:01Z
2026-09-16T13:27:19Z,2026-09-16T15:27:19+0200,575dbb26-0f0d-4448-9041-c0b0c5f096b4,2026-09-16T01:15:00Z,2026-09-16T03:15:00+0200,74.2747,MW,DK2,DK_2,actual_onshore_wind_generation,Wind Onshore,2026-09-16T13:29:01Z
2026-09-16T13:27:19Z,2026-09-16T15:27:19+0200,575dbb26-0f0d-4448-9041-c0b0c5f096b4,2026-09-16T01:30:00Z,2026-09-16T03:30:00+0200,76.5796,MW,DK2,DK_2,actual_onshore_wind_generation,Wind Onshore,2026-09-16T13:29:01Z
2026-09-16T13:27:19Z,2026-09-16T15:27:19+0200,575dbb26-0f0d-4448-9041-c0b0c5f096b4,2026-09-16T01:45:00Z,2026-09-16T03:45:00+0200,76.7133,MW,DK2,DK_2,actual_onshore_wind_generation,Wind Onshore,2026-09-16T13:29:01Z
2026-09-16T13:27:19Z,2026-09-16T15:27:19+0200,575dbb26-0f0d-4448-9041-c0b0c5f096b4,2026-09-16T02:00:00Z,2026-09-16T04:00:00+0200,70.3502,MW,DK2,DK_2,actual_onshore_wind_generation,Wind Onshore,2026-09-16T13:29:01Z
2026-09-16T13:27:19Z,2026-09-16T15:27:19+0200,575dbb26-0f0d-4448-9041-c0b0c5f096b4,2026-09-16T02:15:00Z,2026-09-16T04:15:00+0200,64.394,MW,DK2,DK_2,actual_onshore_wind_generation,Wind Onshore,2026-09-16T13:29:01Z
2026-09-16T13:27:19Z,2026-09-16T15:27:19+0200,575dbb26-0f0d-4448-9041-c0b0c5f096b4,2026-09-16T02:30:00Z,2026-09-16T04:30:00+0200,67.8249,MW,DK2,DK_2,actual_onshore_wind_generation,Wind Onshore,2026-09-16T13:29:01Z
2026-09-16T13:27:19Z,2026-09-16T15:27:19+0200,575dbb26-0f0d-4448-9041-c0b0c5f096b4,2026-09-16T02:45:00Z,2026-09-16T04:45:00+0200,66.8849,MW,DK2,DK_2,actual_onshore_wind_generation,Wind Onshore,2026-09-16T13:29:01Z
2026-09-16T13:27:19Z,2026-09-16T15:27:19+0200,575dbb26-0f0d-4448-9041-c0b0c5f096b4,2026-09-16T03:00:00Z,2026-09-16T05:00:00+0200,71.6834,MW,DK2,DK_2,actual_onshore_wind_generation,Wind Onshore,2026-09-16T13:29:01Z
2026-09-16T13:27:19Z,2026-09-16T15:27:19+0200,575dbb26-0f0d-4448-9041-c0b0c5f096b4,2026-09-16T03:15:00Z,2026-09-16T05:15:00+0200,67.5595,MW,DK2,DK_2,actual_onshore_wind_generation,Wind Onshore,2026-09-16T13:29:01Z
2026-09-16T13:27:19Z,2026-09-16T15:27:19+0200,575dbb26-0f0d-4448-9041-c0b0c5f096b4,2026-09-16T03:30:00Z,2026-09-16T05:30:00+0200,60.954,MW,DK2,DK_2,actual_onshore_wind_generation,Wind Onshore,2026-09-16T13:29:01Z
2026-09-16T13:27:19Z,2026-09-16T15:27:19+0200,575dbb26-0f0d-4448-9041-c0b0c5f096b4,2026-09-16T03:45:00Z,2026-09-16T05:45:00+0200,59.1509,MW,DK2,DK_2,actual_onshore_wind_generation,Wind Onshore,2026-09-16T13:29:01Z
2026-09-16T13:27:19Z,2026-09-16T15:27:19+0200,575dbb26-0f0d-4448-9041-c0b0c5f096b4,2026-09-16T04:00:00Z,2026-09-16T06:00:00+0200,63.5139,MW,DK2,DK_2,actual_onshore_wind_generation,Wind Onshore,2026-09-16T13:29:01Z
2026-09-16T13:27:19Z,2026-09-16T15:27:19+0200,575dbb26-0f0d-4448-9041-c0b0c5f096b4,2026-09-16T04:15:00Z,2026-09-16T06:15:00+0200,70.1538,MW,DK2,DK_2,actual_onshore_wind_generation,Wind Onshore,2026-09-16T13:29:01Z
2026-09-16T13:27:19Z,2026-09-16T15:27:19+0200,575dbb26-0f0d-4448-9041-c0b0c5f096b4,2026-09-16T04:30:00Z,2026-09-16T06:30:00+0200,75.8897,MW,DK2,DK_2,actual_onshore_wind_generation,Wind Onshore,2026-09-16T13:29:01Z
2026-09-16T13:27:19Z,2026-09-16T15:27:19+0200,575dbb26-0f0d-4448-9041-c0b0c5f096b4,2026-09-16T04:45:00Z,2026-09-16T06:45:00+0200,78.8222,MW,DK2,DK_2,actual_onshore_wind_generation,Wind Onshore,2026-09-16T13:29:01Z
2026-09-16T13:27:19Z,2026-09-16T15:27:19+0200,575dbb26-0f0d-4448-9041-c0b0c5f096b4,2026-09-16T05:00:00Z,2026-09-16T07:00:00+0200,79.6699,MW,DK2,DK_2,actual_onshore_wind_generation,Wind Onshore,2026-09-16T13:29:01Z
2026-09-16T13:27:19Z,2026-09-16T15:27:19+0200,575dbb26-0f0d-4448-9041-c0b0c5f096b4,2026-09-16T05:15:00Z,2026-09-16T07:15:00+0200,84.5653,MW,DK2,DK_2,actual_onshore_wind_generation,Wind Onshore,2026-09-16T13:29:01Z
2026-09-16T13:27:19Z,2026-09-16T15:27:19+0200,575dbb26-0f0d-4448-9041-c0b0c5f096b4,2026-09-16T05:30:00Z,2026-09-16T07:30:00+0200,92.7573,MW,DK2,DK_2,actual_onshore_wind_generation,Wind Onshore,2026-09-16T13:29:01Z
2026-09-16T13:27:19Z,2026-09-16T15:27:19+0200,575dbb26-0f0d-4448-9041-c0b0c5f096b4,2026-09-16T05:45:00Z,2026-09-16T07:45:00+0200,93.4952,MW,DK2,DK_2,actual_onshore_wind_generation,Wind Onshore,2026-09-16T13:29:01Z
2026-09-16T13:27:19Z,2026-09-16T15:27:19+0200,575dbb26-0f0d-4448-9041-c0b0c5f096b4,2026-09-16T06:00:00Z,2026-09-16T08:00:00+0200,96.2325,MW,DK2,DK_2,actual_onshore_wind_generation,Wind Onshore,2026-09-16T13:29:01Z
2026-09-16T13:27:19Z,2026-09-16T15:27:19+0200,575dbb26-0f0d-4448-9041-c0b0c5f096b4,2026-09-16T06:15:00Z,2026-09-16T08:15:00+0200,93.3945,MW,DK2,DK_2,actual_onshore_wind_generation,Wind Onshore,2026-09-16T13:29:01Z
2026-09-16T13:27:19Z,2026-09-16T15:27:19+0200,575dbb26-0f0d-4448-9041-c0b0c5f096b4,2026-09-16T06:30:00Z,2026-09-16T08:30:00+0200,100.333,MW,DK2,DK_2,actual_onshore_wind_generation,Wind Onshore,2026-09-16T13:29:01Z
2026-09-16T13:27:19Z,2026-09-16T15:27:19+0200,575dbb26-0f0d-4448-9041-c0b0c5f096b4,2026-09-16T06:45:00Z,2026-09-16T08:45:00+0200,112.014,MW,DK2,DK_2,actual_onshore_wind_generation,Wind Onshore,2026-09-16T13:29:01Z
2026-09-16T13:27:19Z,2026-09-16T15:27:19+0200,575dbb26-0f0d-4448-9041-c0b0c5f096b4,2026-09-16T07:00:00Z,2026-09-16T09:00:00+0200,134.646,MW,DK2,DK_2,actual_onshore_wind_generation,Wind Onshore,2026-09-16T13:29:01Z
2026-09-16T13:27:19Z,2026-09-16T15:27:19+0200,575dbb26-0f0d-4448-9041-c0b0c5f096b4,2026-09-16T07:15:00Z,2026-09-16T09:15:00+0200,130.384,MW,DK2,DK_2,actual_onshore_wind_generation,Wind Onshore,2026-09-16T13:29:01Z
2026-09-16T13:27:19Z,2026-09-16T15:27:19+0200,575dbb26-0f0d-4448-9041-c0b0c5f096b4,2026-09-16T07:30:00Z,2026-09-16T09:30:00+0200,125.497,MW,DK2,DK_2,actual_onshore_wind_generation,Wind Onshore,2026-09-16T13:29:01Z
2026-09-16T13:27:19Z,2026-09-16T15:27:19+0200,575dbb26-0f0d-4448-9041-c0b0c5f096b4,2026-09-16T07:45:00Z,2026-09-16T09:45:00+0200,123.827,MW,DK2,DK_2,actual_onshore_wind_generation,Wind Onshore,2026-09-16T13:29:01Z
2026-09-16T13:27:19Z,2026-09-16T15:27:19+0200,575dbb26-0f0d-4448-9041-c0b0c5f096b4,2026-09-16T08:00:00Z,2026-09-16T10:00:00+0200,119.675,MW,DK2,DK_2,actual_onshore_wind_generation,Wind Onshore,2026-09-16T13:29:01Z
2026-09-16T13:27:19Z,2026-09-16T15:27:19+0200,575dbb26-0f0d-4448-9041-c0b0c5f096b4,2026-09-16T08:15:00Z,2026-09-16T10:15:00+0200,105.976,MW,DK2,DK_2,actual_onshore_wind_generation,Wind Onshore,2026-09-16T13:29:01Z
2026-09-16T13:27:19Z,2026-09-16T15:27:19+0200,575dbb26-0f0d-4448-9041-c0b0c5f096b4,2026-09-16T08:30:00Z,2026-09-16T10:30:00+0200,110.987,MW,DK2,DK_2,actual_onshore_wind_generation,Wind Onshore,2026-09-16T13:29:01Z
2026-09-16T13:27:19Z,2026-09-16T15:27:19+0200,575dbb26-0f0d-4448-9041-c0b0c5f096b4,2026-09-16T08:45:00Z,2026-09-16T10:45:00+0200,113.968,MW,DK2,DK_2,actual_onshore_wind_generation,Wind Onshore,2026-09-16T13:29:01Z
2026-09-16T13:27:19Z,2026-09-16T15:27:19+0200,575dbb26-0f0d-4448-9041-c0b0c5f096b4,2026-09-16T09:00:00Z,2026-09-16T11:00:00+0200,112.103,MW,DK2,DK_2,actual_onshore_wind_generation,Wind Onshore,2026-09-16T13:29:01Z
2026-09-16T13:27:19Z,2026-09-16T15:27:19+0200,575dbb26-0f0d-4448-9041-c0b0c5f096b4,2026-09-16T09:15:00Z,2026-09-16T11:15:00+0200,114.441,MW,DK2,DK_2,actual_onshore_wind_generation,Wind Onshore,2026-09-16T13:29:01Z
2026-09-16T13:27:19Z,2026-09-16T15:27:19+0200,575dbb26-0f0d-4448-9041-c0b0c5f096b4,2026-09-16T09:30:00Z,2026-09-16T11:30:00+0200,115.217,MW,DK2,DK_2,actual_onshore_wind_generation,Wind Onshore,2026-09-16T13:29:01Z
2026-09-16T13:27:19Z,2026-09-16T15:27:19+0200,575dbb26-0f0d-4448-9041-c0b0c5f096b4,2026-09-16T09:45:00Z,2026-09-16T11:45:00+0200,134.276,MW,DK2,DK_2,actual_onshore_wind_generation,Wind Onshore,2026-09-16T13:29:01Z
2026-09-16T13:27:19Z,2026-09-16T15:27:19+0200,575dbb26-0f0d-4448-9041-c0b0c5f096b4,2026-09-16T10:00:00Z,2026-09-16T12:00:00+0200,138.916,MW,DK2,DK_2,actual_onshore_wind_generation,Wind Onshore,2026-09-16T13:29:01Z
2026-09-16T13:27:19Z,2026-09-16T15:27:19+0200,575dbb26-0f0d-4448-9041-c0b0c5f096b4,2026-09-16T10:15:00Z,2026-09-16T12:15:00+0200,149.579,MW,DK2,DK_2,actual_onshore_wind_generation,Wind Onshore,2026-09-16T13:29:01Z
2026-09-16T13:27:19Z,2026-09-16T15:27:19+0200,575dbb26-0f0d-4448-9041-c0b0c5f096b4,2026-09-16T10:30:00Z,2026-09-16T12:30:00+0200,161.509,MW,DK2,DK_2,actual_onshore_wind_generation,Wind Onshore,2026-09-16T13:29:01Z
2026-09-16T13:27:19Z,2026-09-16T15:27:19+0200,575dbb26-0f0d-4448-9041-c0b0c5f096b4,2026-09-16T10:45:00Z,2026-09-16T12:45:00+0200,177.743,MW,DK2,DK_2,actual_onshore_wind_generation,Wind Onshore,2026-09-16T13:29:01Z
2026-09-16T13:27:19Z,2026-09-16T15:27:19+0200,575dbb26-0f0d-4448-9041-c0b0c5f096b4,2026-09-16T11:00:00Z,2026-09-16T13:00:00+0200,183.046,MW,DK2,DK_2,actual_onshore_wind_generation,Wind Onshore,2026-09-16T13:29:01Z
2026-09-16T13:27:19Z,2026-09-16T15:27:19+0200,575dbb26-0f0d-4448-9041-c0b0c5f096b4,2026-09-16T11:15:00Z,2026-09-16T13:15:00+0200,185.112,MW,DK2,DK_2,actual_onshore_wind_generation,Wind Onshore,2026-09-16T13:29:01Z
2026-09-16T13:27:19Z,2026-09-16T15:27:19+0200,575dbb26-0f0d-4448-9041-c0b0c5f096b4,2026-09-16T11:30:00Z,2026-09-16T13:30:00+0200,185.746,MW,DK2,DK_2,actual_onshore_wind_generation,Wind Onshore,2026-09-16T13:29:01Z
2026-09-16T13:27:19Z,2026-09-16T15:27:19+0200,575dbb26-0f0d-4448-9041-c0b0c5f096b4,2026-09-16T11:45:00Z,2026-09-16T13:45:00+0200,204.915,MW,DK2,DK_2,actual_onshore_wind_generation,Wind Onshore,2026-09-16T13:29:01Z
2026-09-16T13:27:19Z,2026-09-16T15:27:19+0200,575dbb26-0f0d-4448-9041-c0b0c5f096b4,2026-09-16T12:00:00Z,2026-09-16T14:00:00+0200,201.428,MW,DK2,DK_2,actual_onshore_wind_generation,Wind Onshore,2026-09-16T13:29:01Z
2026-09-16T13:27:19Z,2026-09-16T15:27:19+0200,575dbb26-0f0d-4448-9041-c0b0c5f096b4,2026-09-16T12:15:00Z,2026-09-16T14:15:00+0200,203.901,MW,DK2,DK_2,actual_onshore_wind_generation,Wind Onshore,2026-09-16T13:29:01Z
