collection_time_utc,collection_time_local,run_id,timestamp_utc,timestamp_local,value,unit,country,entsoe_area,variable,source,updated_at_utc
2026-07-09T21:35:56Z,2026-07-09T23:35:56+0200,83b77581-3cb7-46c3-93db-5c164f059f55,2026-06-08T22:00:00Z,2026-06-09T00:00:00+0200,733.275,MW,BE,BE,actual_offshore_wind_generation,Wind Offshore | Actual Aggregated,2026-07-09T21:36:22Z
2026-07-09T21:35:56Z,2026-07-09T23:35:56+0200,83b77581-3cb7-46c3-93db-5c164f059f55,2026-06-08T23:00:00Z,2026-06-09T01:00:00+0200,764.655,MW,BE,BE,actual_offshore_wind_generation,Wind Offshore | Actual Aggregated,2026-07-09T21:36:22Z
2026-07-09T21:35:56Z,2026-07-09T23:35:56+0200,83b77581-3cb7-46c3-93db-5c164f059f55,2026-06-09T00:00:00Z,2026-06-09T02:00:00+0200,374.0125,MW,BE,BE,actual_offshore_wind_generation,Wind Offshore | Actual Aggregated,2026-07-09T21:36:22Z
2026-07-09T21:35:56Z,2026-07-09T23:35:56+0200,83b77581-3cb7-46c3-93db-5c164f059f55,2026-06-09T01:00:00Z,2026-06-09T03:00:00+0200,516.5275,MW,BE,BE,actual_offshore_wind_generation,Wind Offshore | Actual Aggregated,2026-07-09T21:36:22Z
2026-07-09T21:35:56Z,2026-07-09T23:35:56+0200,83b77581-3cb7-46c3-93db-5c164f059f55,2026-06-09T02:00:00Z,2026-06-09T04:00:00+0200,676.71,MW,BE,BE,actual_offshore_wind_generation,Wind Offshore | Actual Aggregated,2026-07-09T21:36:22Z
2026-07-09T21:35:56Z,2026-07-09T23:35:56+0200,83b77581-3cb7-46c3-93db-5c164f059f55,2026-06-09T03:00:00Z,2026-06-09T05:00:00+0200,930.5,MW,BE,BE,actual_offshore_wind_generation,Wind Offshore | Actual Aggregated,2026-07-09T21:36:22Z
2026-07-09T21:35:56Z,2026-07-09T23:35:56+0200,83b77581-3cb7-46c3-93db-5c164f059f55,2026-06-09T04:00:00Z,2026-06-09T06:00:00+0200,865.315,MW,BE,BE,actual_offshore_wind_generation,Wind Offshore | Actual Aggregated,2026-07-09T21:36:22Z
2026-07-09T21:35:56Z,2026-07-09T23:35:56+0200,83b77581-3cb7-46c3-93db-5c164f059f55,2026-06-09T05:00:00Z,2026-06-09T07:00:00+0200,736.7375,MW,BE,BE,actual_offshore_wind_generation,Wind Offshore | Actual Aggregated,2026-07-09T21:36:22Z
2026-07-09T21:35:56Z,2026-07-09T23:35:56+0200,83b77581-3cb7-46c3-93db-5c164f059f55,2026-06-09T06:00:00Z,2026-06-09T08:00:00+0200,740.685,MW,BE,BE,actual_offshore_wind_generation,Wind Offshore | Actual Aggregated,2026-07-09T21:36:22Z
2026-07-09T21:35:56Z,2026-07-09T23:35:56+0200,83b77581-3cb7-46c3-93db-5c164f059f55,2026-06-09T07:00:00Z,2026-06-09T09:00:00+0200,785.32,MW,BE,BE,actual_offshore_wind_generation,Wind Offshore | Actual Aggregated,2026-07-09T21:36:22Z
2026-07-09T21:35:56Z,2026-07-09T23:35:56+0200,83b77581-3cb7-46c3-93db-5c164f059f55,2026-06-09T08:00:00Z,2026-06-09T10:00:00+0200,1169.23,MW,BE,BE,actual_offshore_wind_generation,Wind Offshore | Actual Aggregated,2026-07-09T21:36:22Z
2026-07-09T21:35:56Z,2026-07-09T23:35:56+0200,83b77581-3cb7-46c3-93db-5c164f059f55,2026-06-09T09:00:00Z,2026-06-09T11:00:00+0200,1513.0875,MW,BE,BE,actual_offshore_wind_generation,Wind Offshore | Actual Aggregated,2026-07-09T21:36:22Z
2026-07-09T21:35:56Z,2026-07-09T23:35:56+0200,83b77581-3cb7-46c3-93db-5c164f059f55,2026-06-09T10:00:00Z,2026-06-09T12:00:00+0200,1772.61,MW,BE,BE,actual_offshore_wind_generation,Wind Offshore | Actual Aggregated,2026-07-09T21:36:22Z
2026-07-09T21:35:56Z,2026-07-09T23:35:56+0200,83b77581-3cb7-46c3-93db-5c164f059f55,2026-06-09T11:00:00Z,2026-06-09T13:00:00+0200,1998.47,MW,BE,BE,actual_offshore_wind_generation,Wind Offshore | Actual Aggregated,2026-07-09T21:36:22Z
2026-07-09T21:35:56Z,2026-07-09T23:35:56+0200,83b77581-3cb7-46c3-93db-5c164f059f55,2026-06-09T12:00:00Z,2026-06-09T14:00:00+0200,2127.9,MW,BE,BE,actual_offshore_wind_generation,Wind Offshore | Actual Aggregated,2026-07-09T21:36:22Z
2026-07-09T21:35:56Z,2026-07-09T23:35:56+0200,83b77581-3cb7-46c3-93db-5c164f059f55,2026-06-09T13:00:00Z,2026-06-09T15:00:00+0200,2154.085,MW,BE,BE,actual_offshore_wind_generation,Wind Offshore | Actual Aggregated,2026-07-09T21:36:22Z
2026-07-09T21:35:56Z,2026-07-09T23:35:56+0200,83b77581-3cb7-46c3-93db-5c164f059f55,2026-06-09T14:00:00Z,2026-06-09T16:00:00+0200,2082.5975,MW,BE,BE,actual_offshore_wind_generation,Wind Offshore | Actual Aggregated,2026-07-09T21:36:22Z
2026-07-09T21:35:56Z,2026-07-09T23:35:56+0200,83b77581-3cb7-46c3-93db-5c164f059f55,2026-06-09T15:00:00Z,2026-06-09T17:00:00+0200,2143.8025,MW,BE,BE,actual_offshore_wind_generation,Wind Offshore | Actual Aggregated,2026-07-09T21:36:22Z
2026-07-09T21:35:56Z,2026-07-09T23:35:56+0200,83b77581-3cb7-46c3-93db-5c164f059f55,2026-06-09T16:00:00Z,2026-06-09T18:00:00+0200,2158.305,MW,BE,BE,actual_offshore_wind_generation,Wind Offshore | Actual Aggregated,2026-07-09T21:36:22Z
2026-07-09T21:35:56Z,2026-07-09T23:35:56+0200,83b77581-3cb7-46c3-93db-5c164f059f55,2026-06-09T17:00:00Z,2026-06-09T19:00:00+0200,2151.7625,MW,BE,BE,actual_offshore_wind_generation,Wind Offshore | Actual Aggregated,2026-07-09T21:36:22Z
2026-07-09T21:35:56Z,2026-07-09T23:35:56+0200,83b77581-3cb7-46c3-93db-5c164f059f55,2026-06-09T18:00:00Z,2026-06-09T20:00:00+0200,2151.2525,MW,BE,BE,actual_offshore_wind_generation,Wind Offshore | Actual Aggregated,2026-07-09T21:36:22Z
2026-07-09T21:35:56Z,2026-07-09T23:35:56+0200,83b77581-3cb7-46c3-93db-5c164f059f55,2026-06-09T19:00:00Z,2026-06-09T21:00:00+0200,2155.0225,MW,BE,BE,actual_offshore_wind_generation,Wind Offshore | Actual Aggregated,2026-07-09T21:36:22Z
2026-07-09T21:35:56Z,2026-07-09T23:35:56+0200,83b77581-3cb7-46c3-93db-5c164f059f55,2026-06-09T20:00:00Z,2026-06-09T22:00:00+0200,2144.0525,MW,BE,BE,actual_offshore_wind_generation,Wind Offshore | Actual Aggregated,2026-07-09T21:36:22Z
2026-07-09T21:35:56Z,2026-07-09T23:35:56+0200,83b77581-3cb7-46c3-93db-5c164f059f55,2026-06-09T21:00:00Z,2026-06-09T23:00:00+0200,2008.9,MW,BE,BE,actual_offshore_wind_generation,Wind Offshore | Actual Aggregated,2026-07-09T21:36:22Z
2026-07-09T21:35:56Z,2026-07-09T23:35:56+0200,83b77581-3cb7-46c3-93db-5c164f059f55,2026-06-09T22:00:00Z,2026-06-10T00:00:00+0200,1896.52625,MW,BE,BE,actual_offshore_wind_generation,Wind Offshore | Actual Aggregated,2026-07-09T21:36:22Z
2026-07-09T21:35:56Z,2026-07-09T23:35:56+0200,83b77581-3cb7-46c3-93db-5c164f059f55,2026-06-09T23:00:00Z,2026-06-10T01:00:00+0200,1609.9975,MW,BE,BE,actual_offshore_wind_generation,Wind Offshore | Actual Aggregated,2026-07-09T21:36:22Z
2026-07-09T21:35:56Z,2026-07-09T23:35:56+0200,83b77581-3cb7-46c3-93db-5c164f059f55,2026-06-10T00:00:00Z,2026-06-10T02:00:00+0200,1040.00875,MW,BE,BE,actual_offshore_wind_generation,Wind Offshore | Actual Aggregated,2026-07-09T21:36:22Z
2026-07-09T21:35:56Z,2026-07-09T23:35:56+0200,83b77581-3cb7-46c3-93db-5c164f059f55,2026-06-10T01:00:00Z,2026-06-10T03:00:00+0200,685.3795,MW,BE,BE,actual_offshore_wind_generation,Wind Offshore | Actual Aggregated,2026-07-09T21:36:22Z
2026-07-09T21:35:56Z,2026-07-09T23:35:56+0200,83b77581-3cb7-46c3-93db-5c164f059f55,2026-06-10T02:00:00Z,2026-06-10T04:00:00+0200,571.12575,MW,BE,BE,actual_offshore_wind_generation,Wind Offshore | Actual Aggregated,2026-07-09T21:36:22Z
2026-07-09T21:35:56Z,2026-07-09T23:35:56+0200,83b77581-3cb7-46c3-93db-5c164f059f55,2026-06-10T03:00:00Z,2026-06-10T05:00:00+0200,433.31125,MW,BE,BE,actual_offshore_wind_generation,Wind Offshore | Actual Aggregated,2026-07-09T21:36:22Z
2026-07-09T21:35:56Z,2026-07-09T23:35:56+0200,83b77581-3cb7-46c3-93db-5c164f059f55,2026-06-10T04:00:00Z,2026-06-10T06:00:00+0200,343.9565,MW,BE,BE,actual_offshore_wind_generation,Wind Offshore | Actual Aggregated,2026-07-09T21:36:22Z
2026-07-09T21:35:56Z,2026-07-09T23:35:56+0200,83b77581-3cb7-46c3-93db-5c164f059f55,2026-06-10T05:00:00Z,2026-06-10T07:00:00+0200,313.54675,MW,BE,BE,actual_offshore_wind_generation,Wind Offshore | Actual Aggregated,2026-07-09T21:36:22Z
2026-07-09T21:35:56Z,2026-07-09T23:35:56+0200,83b77581-3cb7-46c3-93db-5c164f059f55,2026-06-10T06:00:00Z,2026-06-10T08:00:00+0200,284.80825,MW,BE,BE,actual_offshore_wind_generation,Wind Offshore | Actual Aggregated,2026-07-09T21:36:22Z
2026-07-09T21:35:56Z,2026-07-09T23:35:56+0200,83b77581-3cb7-46c3-93db-5c164f059f55,2026-06-10T07:00:00Z,2026-06-10T09:00:00+0200,223.94325,MW,BE,BE,actual_offshore_wind_generation,Wind Offshore | Actual Aggregated,2026-07-09T21:36:22Z
2026-07-09T21:35:56Z,2026-07-09T23:35:56+0200,83b77581-3cb7-46c3-93db-5c164f059f55,2026-06-10T08:00:00Z,2026-06-10T10:00:00+0200,293.05125,MW,BE,BE,actual_offshore_wind_generation,Wind Offshore | Actual Aggregated,2026-07-09T21:36:22Z
2026-07-09T21:35:56Z,2026-07-09T23:35:56+0200,83b77581-3cb7-46c3-93db-5c164f059f55,2026-06-10T09:00:00Z,2026-06-10T11:00:00+0200,390.06475,MW,BE,BE,actual_offshore_wind_generation,Wind Offshore | Actual Aggregated,2026-07-09T21:36:22Z
2026-07-09T21:35:56Z,2026-07-09T23:35:56+0200,83b77581-3cb7-46c3-93db-5c164f059f55,2026-06-10T10:00:00Z,2026-06-10T12:00:00+0200,420.0395,MW,BE,BE,actual_offshore_wind_generation,Wind Offshore | Actual Aggregated,2026-07-09T21:36:22Z
2026-07-09T21:35:56Z,2026-07-09T23:35:56+0200,83b77581-3cb7-46c3-93db-5c164f059f55,2026-06-10T11:00:00Z,2026-06-10T13:00:00+0200,475.05425,MW,BE,BE,actual_offshore_wind_generation,Wind Offshore | Actual Aggregated,2026-07-09T21:36:22Z
2026-07-09T21:35:56Z,2026-07-09T23:35:56+0200,83b77581-3cb7-46c3-93db-5c164f059f55,2026-06-10T12:00:00Z,2026-06-10T14:00:00+0200,788.834,MW,BE,BE,actual_offshore_wind_generation,Wind Offshore | Actual Aggregated,2026-07-09T21:36:22Z
2026-07-09T21:35:56Z,2026-07-09T23:35:56+0200,83b77581-3cb7-46c3-93db-5c164f059f55,2026-06-10T13:00:00Z,2026-06-10T15:00:00+0200,937.5065,MW,BE,BE,actual_offshore_wind_generation,Wind Offshore | Actual Aggregated,2026-07-09T21:36:22Z
2026-07-09T21:35:56Z,2026-07-09T23:35:56+0200,83b77581-3cb7-46c3-93db-5c164f059f55,2026-06-10T14:00:00Z,2026-06-10T16:00:00+0200,1247.1415,MW,BE,BE,actual_offshore_wind_generation,Wind Offshore | Actual Aggregated,2026-07-09T21:36:22Z
2026-07-09T21:35:56Z,2026-07-09T23:35:56+0200,83b77581-3cb7-46c3-93db-5c164f059f55,2026-06-10T15:00:00Z,2026-06-10T17:00:00+0200,651.0045,MW,BE,BE,actual_offshore_wind_generation,Wind Offshore | Actual Aggregated,2026-07-09T21:36:22Z
2026-07-09T21:35:56Z,2026-07-09T23:35:56+0200,83b77581-3cb7-46c3-93db-5c164f059f55,2026-06-10T16:00:00Z,2026-06-10T18:00:00+0200,546.57975,MW,BE,BE,actual_offshore_wind_generation,Wind Offshore | Actual Aggregated,2026-07-09T21:36:22Z
2026-07-09T21:35:56Z,2026-07-09T23:35:56+0200,83b77581-3cb7-46c3-93db-5c164f059f55,2026-06-10T17:00:00Z,2026-06-10T19:00:00+0200,711.19625,MW,BE,BE,actual_offshore_wind_generation,Wind Offshore | Actual Aggregated,2026-07-09T21:36:22Z
2026-07-09T21:35:56Z,2026-07-09T23:35:56+0200,83b77581-3cb7-46c3-93db-5c164f059f55,2026-06-10T18:00:00Z,2026-06-10T20:00:00+0200,494.1555,MW,BE,BE,actual_offshore_wind_generation,Wind Offshore | Actual Aggregated,2026-07-09T21:36:22Z
2026-07-09T21:35:56Z,2026-07-09T23:35:56+0200,83b77581-3cb7-46c3-93db-5c164f059f55,2026-06-10T19:00:00Z,2026-06-10T21:00:00+0200,1082.41825,MW,BE,BE,actual_offshore_wind_generation,Wind Offshore | Actual Aggregated,2026-07-09T21:36:22Z
2026-07-09T21:35:56Z,2026-07-09T23:35:56+0200,83b77581-3cb7-46c3-93db-5c164f059f55,2026-06-10T20:00:00Z,2026-06-10T22:00:00+0200,410.7375,MW,BE,BE,actual_offshore_wind_generation,Wind Offshore | Actual Aggregated,2026-07-09T21:36:22Z
2026-07-09T21:35:56Z,2026-07-09T23:35:56+0200,83b77581-3cb7-46c3-93db-5c164f059f55,2026-06-10T21:00:00Z,2026-06-10T23:00:00+0200,232.1715,MW,BE,BE,actual_offshore_wind_generation,Wind Offshore | Actual Aggregated,2026-07-09T21:36:22Z
2026-07-09T21:35:56Z,2026-07-09T23:35:56+0200,83b77581-3cb7-46c3-93db-5c164f059f55,2026-06-10T22:00:00Z,2026-06-11T00:00:00+0200,304.42325,MW,BE,BE,actual_offshore_wind_generation,Wind Offshore | Actual Aggregated,2026-07-09T21:36:22Z
2026-07-09T21:35:56Z,2026-07-09T23:35:56+0200,83b77581-3cb7-46c3-93db-5c164f059f55,2026-06-10T23:00:00Z,2026-06-11T01:00:00+0200,575.54875,MW,BE,BE,actual_offshore_wind_generation,Wind Offshore | Actual Aggregated,2026-07-09T21:36:22Z
2026-07-09T21:35:56Z,2026-07-09T23:35:56+0200,83b77581-3cb7-46c3-93db-5c164f059f55,2026-06-11T00:00:00Z,2026-06-11T02:00:00+0200,370.3955,MW,BE,BE,actual_offshore_wind_generation,Wind Offshore | Actual Aggregated,2026-07-09T21:36:22Z
2026-07-09T21:35:56Z,2026-07-09T23:35:56+0200,83b77581-3cb7-46c3-93db-5c164f059f55,2026-06-11T01:00:00Z,2026-06-11T03:00:00+0200,275.09525,MW,BE,BE,actual_offshore_wind_generation,Wind Offshore | Actual Aggregated,2026-07-09T21:36:22Z
2026-07-09T21:35:56Z,2026-07-09T23:35:56+0200,83b77581-3cb7-46c3-93db-5c164f059f55,2026-06-11T02:00:00Z,2026-06-11T04:00:00+0200,254.057,MW,BE,BE,actual_offshore_wind_generation,Wind Offshore | Actual Aggregated,2026-07-09T21:36:22Z
2026-07-09T21:35:56Z,2026-07-09T23:35:56+0200,83b77581-3cb7-46c3-93db-5c164f059f55,2026-06-11T03:00:00Z,2026-06-11T05:00:00+0200,275.476,MW,BE,BE,actual_offshore_wind_generation,Wind Offshore | Actual Aggregated,2026-07-09T21:36:22Z
2026-07-09T21:35:56Z,2026-07-09T23:35:56+0200,83b77581-3cb7-46c3-93db-5c164f059f55,2026-06-11T04:00:00Z,2026-06-11T06:00:00+0200,155.957,MW,BE,BE,actual_offshore_wind_generation,Wind Offshore | Actual Aggregated,2026-07-09T21:36:22Z
2026-07-09T21:35:56Z,2026-07-09T23:35:56+0200,83b77581-3cb7-46c3-93db-5c164f059f55,2026-06-11T05:00:00Z,2026-06-11T07:00:00+0200,116.8355,MW,BE,BE,actual_offshore_wind_generation,Wind Offshore | Actual Aggregated,2026-07-09T21:36:22Z
2026-07-09T21:35:56Z,2026-07-09T23:35:56+0200,83b77581-3cb7-46c3-93db-5c164f059f55,2026-06-11T06:00:00Z,2026-06-11T08:00:00+0200,57.44325,MW,BE,BE,actual_offshore_wind_generation,Wind Offshore | Actual Aggregated,2026-07-09T21:36:22Z
2026-07-09T21:35:56Z,2026-07-09T23:35:56+0200,83b77581-3cb7-46c3-93db-5c164f059f55,2026-06-11T07:00:00Z,2026-06-11T09:00:00+0200,28.6065,MW,BE,BE,actual_offshore_wind_generation,Wind Offshore | Actual Aggregated,2026-07-09T21:36:22Z
2026-07-09T21:35:56Z,2026-07-09T23:35:56+0200,83b77581-3cb7-46c3-93db-5c164f059f55,2026-06-11T08:00:00Z,2026-06-11T10:00:00+0200,203.75875,MW,BE,BE,actual_offshore_wind_generation,Wind Offshore | Actual Aggregated,2026-07-09T21:36:22Z
2026-07-09T21:35:56Z,2026-07-09T23:35:56+0200,83b77581-3cb7-46c3-93db-5c164f059f55,2026-06-11T09:00:00Z,2026-06-11T11:00:00+0200,447.0,MW,BE,BE,actual_offshore_wind_generation,Wind Offshore | Actual Aggregated,2026-07-09T21:36:22Z
2026-07-09T21:35:56Z,2026-07-09T23:35:56+0200,83b77581-3cb7-46c3-93db-5c164f059f55,2026-06-11T10:00:00Z,2026-06-11T12:00:00+0200,865.056,MW,BE,BE,actual_offshore_wind_generation,Wind Offshore | Actual Aggregated,2026-07-09T21:36:22Z
2026-07-09T21:35:56Z,2026-07-09T23:35:56+0200,83b77581-3cb7-46c3-93db-5c164f059f55,2026-06-11T11:00:00Z,2026-06-11T13:00:00+0200,1627.81925,MW,BE,BE,actual_offshore_wind_generation,Wind Offshore | Actual Aggregated,2026-07-09T21:36:22Z
2026-07-09T21:35:56Z,2026-07-09T23:35:56+0200,83b77581-3cb7-46c3-93db-5c164f059f55,2026-06-11T12:00:00Z,2026-06-11T14:00:00+0200,1793.45275,MW,BE,BE,actual_offshore_wind_generation,Wind Offshore | Actual Aggregated,2026-07-09T21:36:22Z
2026-07-09T21:35:56Z,2026-07-09T23:35:56+0200,83b77581-3cb7-46c3-93db-5c164f059f55,2026-06-11T13:00:00Z,2026-06-11T15:00:00+0200,2031.286,MW,BE,BE,actual_offshore_wind_generation,Wind Offshore | Actual Aggregated,2026-07-09T21:36:22Z
2026-07-09T21:35:56Z,2026-07-09T23:35:56+0200,83b77581-3cb7-46c3-93db-5c164f059f55,2026-06-11T14:00:00Z,2026-06-11T16:00:00+0200,1938.76225,MW,BE,BE,actual_offshore_wind_generation,Wind Offshore | Actual Aggregated,2026-07-09T21:36:22Z
2026-07-09T21:35:56Z,2026-07-09T23:35:56+0200,83b77581-3cb7-46c3-93db-5c164f059f55,2026-06-11T15:00:00Z,2026-06-11T17:00:00+0200,1989.18275,MW,BE,BE,actual_offshore_wind_generation,Wind Offshore | Actual Aggregated,2026-07-09T21:36:22Z
2026-07-09T21:35:56Z,2026-07-09T23:35:56+0200,83b77581-3cb7-46c3-93db-5c164f059f55,2026-06-11T16:00:00Z,2026-06-11T18:00:00+0200,2015.3145,MW,BE,BE,actual_offshore_wind_generation,Wind Offshore | Actual Aggregated,2026-07-09T21:36:22Z
2026-07-09T21:35:56Z,2026-07-09T23:35:56+0200,83b77581-3cb7-46c3-93db-5c164f059f55,2026-06-11T17:00:00Z,2026-06-11T19:00:00+0200,2139.342,MW,BE,BE,actual_offshore_wind_generation,Wind Offshore | Actual Aggregated,2026-07-09T21:36:22Z
2026-07-09T21:35:56Z,2026-07-09T23:35:56+0200,83b77581-3cb7-46c3-93db-5c164f059f55,2026-06-11T18:00:00Z,2026-06-11T20:00:00+0200,2164.8125,MW,BE,BE,actual_offshore_wind_generation,Wind Offshore | Actual Aggregated,2026-07-09T21:36:22Z
2026-07-09T21:35:56Z,2026-07-09T23:35:56+0200,83b77581-3cb7-46c3-93db-5c164f059f55,2026-06-11T19:00:00Z,2026-06-11T21:00:00+0200,2162.45,MW,BE,BE,actual_offshore_wind_generation,Wind Offshore | Actual Aggregated,2026-07-09T21:36:22Z
2026-07-09T21:35:56Z,2026-07-09T23:35:56+0200,83b77581-3cb7-46c3-93db-5c164f059f55,2026-06-11T20:00:00Z,2026-06-11T22:00:00+0200,2154.68125,MW,BE,BE,actual_offshore_wind_generation,Wind Offshore | Actual Aggregated,2026-07-09T21:36:22Z
2026-07-09T21:35:56Z,2026-07-09T23:35:56+0200,83b77581-3cb7-46c3-93db-5c164f059f55,2026-06-11T21:00:00Z,2026-06-11T23:00:00+0200,2019.7885,MW,BE,BE,actual_offshore_wind_generation,Wind Offshore | Actual Aggregated,2026-07-09T21:36:22Z
2026-07-09T21:35:56Z,2026-07-09T23:35:56+0200,83b77581-3cb7-46c3-93db-5c164f059f55,2026-06-11T22:00:00Z,2026-06-12T00:00:00+0200,2030.408,MW,BE,BE,actual_offshore_wind_generation,Wind Offshore | Actual Aggregated,2026-07-09T21:36:22Z
2026-07-09T21:35:56Z,2026-07-09T23:35:56+0200,83b77581-3cb7-46c3-93db-5c164f059f55,2026-06-11T23:00:00Z,2026-06-12T01:00:00+0200,1979.67825,MW,BE,BE,actual_offshore_wind_generation,Wind Offshore | Actual Aggregated,2026-07-09T21:36:22Z
2026-07-09T21:35:56Z,2026-07-09T23:35:56+0200,83b77581-3cb7-46c3-93db-5c164f059f55,2026-06-12T00:00:00Z,2026-06-12T02:00:00+0200,1897.08825,MW,BE,BE,actual_offshore_wind_generation,Wind Offshore | Actual Aggregated,2026-07-09T21:36:22Z
2026-07-09T21:35:56Z,2026-07-09T23:35:56+0200,83b77581-3cb7-46c3-93db-5c164f059f55,2026-06-12T01:00:00Z,2026-06-12T03:00:00+0200,2085.2275,MW,BE,BE,actual_offshore_wind_generation,Wind Offshore | Actual Aggregated,2026-07-09T21:36:22Z
2026-07-09T21:35:56Z,2026-07-09T23:35:56+0200,83b77581-3cb7-46c3-93db-5c164f059f55,2026-06-12T02:00:00Z,2026-06-12T04:00:00+0200,2079.61425,MW,BE,BE,actual_offshore_wind_generation,Wind Offshore | Actual Aggregated,2026-07-09T21:36:22Z
2026-07-09T21:35:56Z,2026-07-09T23:35:56+0200,83b77581-3cb7-46c3-93db-5c164f059f55,2026-06-12T03:00:00Z,2026-06-12T05:00:00+0200,2056.2275,MW,BE,BE,actual_offshore_wind_generation,Wind Offshore | Actual Aggregated,2026-07-09T21:36:22Z
2026-07-09T21:35:56Z,2026-07-09T23:35:56+0200,83b77581-3cb7-46c3-93db-5c164f059f55,2026-06-12T04:00:00Z,2026-06-12T06:00:00+0200,1940.092,MW,BE,BE,actual_offshore_wind_generation,Wind Offshore | Actual Aggregated,2026-07-09T21:36:22Z
2026-07-09T21:35:56Z,2026-07-09T23:35:56+0200,83b77581-3cb7-46c3-93db-5c164f059f55,2026-06-12T05:00:00Z,2026-06-12T07:00:00+0200,1604.478,MW,BE,BE,actual_offshore_wind_generation,Wind Offshore | Actual Aggregated,2026-07-09T21:36:22Z
2026-07-09T21:35:56Z,2026-07-09T23:35:56+0200,83b77581-3cb7-46c3-93db-5c164f059f55,2026-06-12T06:00:00Z,2026-06-12T08:00:00+0200,1471.275,MW,BE,BE,actual_offshore_wind_generation,Wind Offshore | Actual Aggregated,2026-07-09T21:36:22Z
2026-07-09T21:35:56Z,2026-07-09T23:35:56+0200,83b77581-3cb7-46c3-93db-5c164f059f55,2026-06-12T07:00:00Z,2026-06-12T09:00:00+0200,1098.052,MW,BE,BE,actual_offshore_wind_generation,Wind Offshore | Actual Aggregated,2026-07-09T21:36:22Z
2026-07-09T21:35:56Z,2026-07-09T23:35:56+0200,83b77581-3cb7-46c3-93db-5c164f059f55,2026-06-12T08:00:00Z,2026-06-12T10:00:00+0200,1482.3995,MW,BE,BE,actual_offshore_wind_generation,Wind Offshore | Actual Aggregated,2026-07-09T21:36:22Z
2026-07-09T21:35:56Z,2026-07-09T23:35:56+0200,83b77581-3cb7-46c3-93db-5c164f059f55,2026-06-12T09:00:00Z,2026-06-12T11:00:00+0200,1656.51775,MW,BE,BE,actual_offshore_wind_generation,Wind Offshore | Actual Aggregated,2026-07-09T21:36:22Z
2026-07-09T21:35:56Z,2026-07-09T23:35:56+0200,83b77581-3cb7-46c3-93db-5c164f059f55,2026-06-12T10:00:00Z,2026-06-12T12:00:00+0200,1706.47175,MW,BE,BE,actual_offshore_wind_generation,Wind Offshore | Actual Aggregated,2026-07-09T21:36:22Z
2026-07-09T21:35:56Z,2026-07-09T23:35:56+0200,83b77581-3cb7-46c3-93db-5c164f059f55,2026-06-12T11:00:00Z,2026-06-12T13:00:00+0200,1884.5605,MW,BE,BE,actual_offshore_wind_generation,Wind Offshore | Actual Aggregated,2026-07-09T21:36:22Z
2026-07-09T21:35:56Z,2026-07-09T23:35:56+0200,83b77581-3cb7-46c3-93db-5c164f059f55,2026-06-12T12:00:00Z,2026-06-12T14:00:00+0200,2003.62675,MW,BE,BE,actual_offshore_wind_generation,Wind Offshore | Actual Aggregated,2026-07-09T21:36:22Z
2026-07-09T21:35:56Z,2026-07-09T23:35:56+0200,83b77581-3cb7-46c3-93db-5c164f059f55,2026-06-12T13:00:00Z,2026-06-12T15:00:00+0200,2053.6145,MW,BE,BE,actual_offshore_wind_generation,Wind Offshore | Actual Aggregated,2026-07-09T21:36:22Z
2026-07-09T21:35:56Z,2026-07-09T23:35:56+0200,83b77581-3cb7-46c3-93db-5c164f059f55,2026-06-12T14:00:00Z,2026-06-12T16:00:00+0200,2060.616,MW,BE,BE,actual_offshore_wind_generation,Wind Offshore | Actual Aggregated,2026-07-09T21:36:22Z
2026-07-09T21:35:56Z,2026-07-09T23:35:56+0200,83b77581-3cb7-46c3-93db-5c164f059f55,2026-06-12T15:00:00Z,2026-06-12T17:00:00+0200,2159.33175,MW,BE,BE,actual_offshore_wind_generation,Wind Offshore | Actual Aggregated,2026-07-09T21:36:22Z
2026-07-09T21:35:56Z,2026-07-09T23:35:56+0200,83b77581-3cb7-46c3-93db-5c164f059f55,2026-06-12T16:00:00Z,2026-06-12T18:00:00+0200,2170.14175,MW,BE,BE,actual_offshore_wind_generation,Wind Offshore | Actual Aggregated,2026-07-09T21:36:22Z
2026-07-09T21:35:56Z,2026-07-09T23:35:56+0200,83b77581-3cb7-46c3-93db-5c164f059f55,2026-06-12T17:00:00Z,2026-06-12T19:00:00+0200,2177.2145,MW,BE,BE,actual_offshore_wind_generation,Wind Offshore | Actual Aggregated,2026-07-09T21:36:22Z
2026-07-09T21:35:56Z,2026-07-09T23:35:56+0200,83b77581-3cb7-46c3-93db-5c164f059f55,2026-06-12T18:00:00Z,2026-06-12T20:00:00+0200,2164.91175,MW,BE,BE,actual_offshore_wind_generation,Wind Offshore | Actual Aggregated,2026-07-09T21:36:22Z
2026-07-09T21:35:56Z,2026-07-09T23:35:56+0200,83b77581-3cb7-46c3-93db-5c164f059f55,2026-06-12T19:00:00Z,2026-06-12T21:00:00+0200,2171.4095,MW,BE,BE,actual_offshore_wind_generation,Wind Offshore | Actual Aggregated,2026-07-09T21:36:22Z
2026-07-09T21:35:56Z,2026-07-09T23:35:56+0200,83b77581-3cb7-46c3-93db-5c164f059f55,2026-06-12T20:00:00Z,2026-06-12T22:00:00+0200,2116.10975,MW,BE,BE,actual_offshore_wind_generation,Wind Offshore | Actual Aggregated,2026-07-09T21:36:22Z
2026-07-09T21:35:56Z,2026-07-09T23:35:56+0200,83b77581-3cb7-46c3-93db-5c164f059f55,2026-06-12T21:00:00Z,2026-06-12T23:00:00+0200,2105.01425,MW,BE,BE,actual_offshore_wind_generation,Wind Offshore | Actual Aggregated,2026-07-09T21:36:22Z
2026-07-09T21:35:56Z,2026-07-09T23:35:56+0200,83b77581-3cb7-46c3-93db-5c164f059f55,2026-06-12T22:00:00Z,2026-06-13T00:00:00+0200,2016.2355,MW,BE,BE,actual_offshore_wind_generation,Wind Offshore | Actual Aggregated,2026-07-09T21:36:22Z
2026-07-09T21:35:56Z,2026-07-09T23:35:56+0200,83b77581-3cb7-46c3-93db-5c164f059f55,2026-06-12T23:00:00Z,2026-06-13T01:00:00+0200,1784.55375,MW,BE,BE,actual_offshore_wind_generation,Wind Offshore | Actual Aggregated,2026-07-09T21:36:22Z
2026-07-09T21:35:56Z,2026-07-09T23:35:56+0200,83b77581-3cb7-46c3-93db-5c164f059f55,2026-06-13T00:00:00Z,2026-06-13T02:00:00+0200,1578.43275,MW,BE,BE,actual_offshore_wind_generation,Wind Offshore | Actual Aggregated,2026-07-09T21:36:22Z
2026-07-09T21:35:56Z,2026-07-09T23:35:56+0200,83b77581-3cb7-46c3-93db-5c164f059f55,2026-06-13T01:00:00Z,2026-06-13T03:00:00+0200,1371.2895,MW,BE,BE,actual_offshore_wind_generation,Wind Offshore | Actual Aggregated,2026-07-09T21:36:22Z
2026-07-09T21:35:56Z,2026-07-09T23:35:56+0200,83b77581-3cb7-46c3-93db-5c164f059f55,2026-06-13T02:00:00Z,2026-06-13T04:00:00+0200,1359.18525,MW,BE,BE,actual_offshore_wind_generation,Wind Offshore | Actual Aggregated,2026-07-09T21:36:22Z
2026-07-09T21:35:56Z,2026-07-09T23:35:56+0200,83b77581-3cb7-46c3-93db-5c164f059f55,2026-06-13T03:00:00Z,2026-06-13T05:00:00+0200,1526.20125,MW,BE,BE,actual_offshore_wind_generation,Wind Offshore | Actual Aggregated,2026-07-09T21:36:22Z
2026-07-09T21:35:56Z,2026-07-09T23:35:56+0200,83b77581-3cb7-46c3-93db-5c164f059f55,2026-06-13T04:00:00Z,2026-06-13T06:00:00+0200,1465.262,MW,BE,BE,actual_offshore_wind_generation,Wind Offshore | Actual Aggregated,2026-07-09T21:36:22Z
2026-07-09T21:35:56Z,2026-07-09T23:35:56+0200,83b77581-3cb7-46c3-93db-5c164f059f55,2026-06-13T05:00:00Z,2026-06-13T07:00:00+0200,1362.10325,MW,BE,BE,actual_offshore_wind_generation,Wind Offshore | Actual Aggregated,2026-07-09T21:36:22Z
2026-07-09T21:35:56Z,2026-07-09T23:35:56+0200,83b77581-3cb7-46c3-93db-5c164f059f55,2026-06-13T06:00:00Z,2026-06-13T08:00:00+0200,1262.53825,MW,BE,BE,actual_offshore_wind_generation,Wind Offshore | Actual Aggregated,2026-07-09T21:36:22Z
2026-07-09T21:35:56Z,2026-07-09T23:35:56+0200,83b77581-3cb7-46c3-93db-5c164f059f55,2026-06-13T07:00:00Z,2026-06-13T09:00:00+0200,1171.85675,MW,BE,BE,actual_offshore_wind_generation,Wind Offshore | Actual Aggregated,2026-07-09T21:36:22Z
2026-07-09T21:35:56Z,2026-07-09T23:35:56+0200,83b77581-3cb7-46c3-93db-5c164f059f55,2026-06-13T08:00:00Z,2026-06-13T10:00:00+0200,1063.59075,MW,BE,BE,actual_offshore_wind_generation,Wind Offshore | Actual Aggregated,2026-07-09T21:36:22Z
2026-07-09T21:35:56Z,2026-07-09T23:35:56+0200,83b77581-3cb7-46c3-93db-5c164f059f55,2026-06-13T09:00:00Z,2026-06-13T11:00:00+0200,857.35,MW,BE,BE,actual_offshore_wind_generation,Wind Offshore | Actual Aggregated,2026-07-09T21:36:22Z
2026-07-09T21:35:56Z,2026-07-09T23:35:56+0200,83b77581-3cb7-46c3-93db-5c164f059f55,2026-06-13T10:00:00Z,2026-06-13T12:00:00+0200,597.62825,MW,BE,BE,actual_offshore_wind_generation,Wind Offshore | Actual Aggregated,2026-07-09T21:36:22Z
2026-07-09T21:35:56Z,2026-07-09T23:35:56+0200,83b77581-3cb7-46c3-93db-5c164f059f55,2026-06-13T11:00:00Z,2026-06-13T13:00:00+0200,666.197,MW,BE,BE,actual_offshore_wind_generation,Wind Offshore | Actual Aggregated,2026-07-09T21:36:22Z
2026-07-09T21:35:56Z,2026-07-09T23:35:56+0200,83b77581-3cb7-46c3-93db-5c164f059f55,2026-06-13T12:00:00Z,2026-06-13T14:00:00+0200,435.106,MW,BE,BE,actual_offshore_wind_generation,Wind Offshore | Actual Aggregated,2026-07-09T21:36:22Z
2026-07-09T21:35:56Z,2026-07-09T23:35:56+0200,83b77581-3cb7-46c3-93db-5c164f059f55,2026-06-13T13:00:00Z,2026-06-13T15:00:00+0200,264.944,MW,BE,BE,actual_offshore_wind_generation,Wind Offshore | Actual Aggregated,2026-07-09T21:36:22Z
2026-07-09T21:35:56Z,2026-07-09T23:35:56+0200,83b77581-3cb7-46c3-93db-5c164f059f55,2026-06-13T14:00:00Z,2026-06-13T16:00:00+0200,261.75975,MW,BE,BE,actual_offshore_wind_generation,Wind Offshore | Actual Aggregated,2026-07-09T21:36:22Z
2026-07-09T21:35:56Z,2026-07-09T23:35:56+0200,83b77581-3cb7-46c3-93db-5c164f059f55,2026-06-13T15:00:00Z,2026-06-13T17:00:00+0200,258.654,MW,BE,BE,actual_offshore_wind_generation,Wind Offshore | Actual Aggregated,2026-07-09T21:36:22Z
2026-07-09T21:35:56Z,2026-07-09T23:35:56+0200,83b77581-3cb7-46c3-93db-5c164f059f55,2026-06-13T16:00:00Z,2026-06-13T18:00:00+0200,151.0845,MW,BE,BE,actual_offshore_wind_generation,Wind Offshore | Actual Aggregated,2026-07-09T21:36:22Z
2026-07-09T21:35:56Z,2026-07-09T23:35:56+0200,83b77581-3cb7-46c3-93db-5c164f059f55,2026-06-13T17:00:00Z,2026-06-13T19:00:00+0200,135.5975,MW,BE,BE,actual_offshore_wind_generation,Wind Offshore | Actual Aggregated,2026-07-09T21:36:22Z
2026-07-09T21:35:56Z,2026-07-09T23:35:56+0200,83b77581-3cb7-46c3-93db-5c164f059f55,2026-06-13T18:00:00Z,2026-06-13T20:00:00+0200,161.3865,MW,BE,BE,actual_offshore_wind_generation,Wind Offshore | Actual Aggregated,2026-07-09T21:36:22Z
2026-07-09T21:35:56Z,2026-07-09T23:35:56+0200,83b77581-3cb7-46c3-93db-5c164f059f55,2026-06-13T19:00:00Z,2026-06-13T21:00:00+0200,130.59075,MW,BE,BE,actual_offshore_wind_generation,Wind Offshore | Actual Aggregated,2026-07-09T21:36:22Z
2026-07-09T21:35:56Z,2026-07-09T23:35:56+0200,83b77581-3cb7-46c3-93db-5c164f059f55,2026-06-13T20:00:00Z,2026-06-13T22:00:00+0200,63.9045,MW,BE,BE,actual_offshore_wind_generation,Wind Offshore | Actual Aggregated,2026-07-09T21:36:22Z
2026-07-09T21:35:56Z,2026-07-09T23:35:56+0200,83b77581-3cb7-46c3-93db-5c164f059f55,2026-06-13T21:00:00Z,2026-06-13T23:00:00+0200,136.42175,MW,BE,BE,actual_offshore_wind_generation,Wind Offshore | Actual Aggregated,2026-07-09T21:36:22Z
2026-07-09T21:35:56Z,2026-07-09T23:35:56+0200,83b77581-3cb7-46c3-93db-5c164f059f55,2026-06-13T22:00:00Z,2026-06-14T00:00:00+0200,534.2755,MW,BE,BE,actual_offshore_wind_generation,Wind Offshore | Actual Aggregated,2026-07-09T21:36:22Z
2026-07-09T21:35:56Z,2026-07-09T23:35:56+0200,83b77581-3cb7-46c3-93db-5c164f059f55,2026-06-13T23:00:00Z,2026-06-14T01:00:00+0200,661.324,MW,BE,BE,actual_offshore_wind_generation,Wind Offshore | Actual Aggregated,2026-07-09T21:36:22Z
2026-07-09T21:35:56Z,2026-07-09T23:35:56+0200,83b77581-3cb7-46c3-93db-5c164f059f55,2026-06-14T00:00:00Z,2026-06-14T02:00:00+0200,812.59325,MW,BE,BE,actual_offshore_wind_generation,Wind Offshore | Actual Aggregated,2026-07-09T21:36:22Z
2026-07-09T21:35:56Z,2026-07-09T23:35:56+0200,83b77581-3cb7-46c3-93db-5c164f059f55,2026-06-14T01:00:00Z,2026-06-14T03:00:00+0200,1072.1635,MW,BE,BE,actual_offshore_wind_generation,Wind Offshore | Actual Aggregated,2026-07-09T21:36:22Z
2026-07-09T21:35:56Z,2026-07-09T23:35:56+0200,83b77581-3cb7-46c3-93db-5c164f059f55,2026-06-14T02:00:00Z,2026-06-14T04:00:00+0200,1105.016,MW,BE,BE,actual_offshore_wind_generation,Wind Offshore | Actual Aggregated,2026-07-09T21:36:22Z
2026-07-09T21:35:56Z,2026-07-09T23:35:56+0200,83b77581-3cb7-46c3-93db-5c164f059f55,2026-06-14T03:00:00Z,2026-06-14T05:00:00+0200,986.02075,MW,BE,BE,actual_offshore_wind_generation,Wind Offshore | Actual Aggregated,2026-07-09T21:36:22Z
2026-07-09T21:35:56Z,2026-07-09T23:35:56+0200,83b77581-3cb7-46c3-93db-5c164f059f55,2026-06-14T04:00:00Z,2026-06-14T06:00:00+0200,728.081,MW,BE,BE,actual_offshore_wind_generation,Wind Offshore | Actual Aggregated,2026-07-09T21:36:22Z
2026-07-09T21:35:56Z,2026-07-09T23:35:56+0200,83b77581-3cb7-46c3-93db-5c164f059f55,2026-06-14T05:00:00Z,2026-06-14T07:00:00+0200,578.7545,MW,BE,BE,actual_offshore_wind_generation,Wind Offshore | Actual Aggregated,2026-07-09T21:36:22Z
2026-07-09T21:35:56Z,2026-07-09T23:35:56+0200,83b77581-3cb7-46c3-93db-5c164f059f55,2026-06-14T06:00:00Z,2026-06-14T08:00:00+0200,383.18275,MW,BE,BE,actual_offshore_wind_generation,Wind Offshore | Actual Aggregated,2026-07-09T21:36:22Z
2026-07-09T21:35:56Z,2026-07-09T23:35:56+0200,83b77581-3cb7-46c3-93db-5c164f059f55,2026-06-14T07:00:00Z,2026-06-14T09:00:00+0200,252.11475,MW,BE,BE,actual_offshore_wind_generation,Wind Offshore | Actual Aggregated,2026-07-09T21:36:22Z
2026-07-09T21:35:56Z,2026-07-09T23:35:56+0200,83b77581-3cb7-46c3-93db-5c164f059f55,2026-06-14T08:00:00Z,2026-06-14T10:00:00+0200,201.58875,MW,BE,BE,actual_offshore_wind_generation,Wind Offshore | Actual Aggregated,2026-07-09T21:36:22Z
2026-07-09T21:35:56Z,2026-07-09T23:35:56+0200,83b77581-3cb7-46c3-93db-5c164f059f55,2026-06-14T09:00:00Z,2026-06-14T11:00:00+0200,134.56275,MW,BE,BE,actual_offshore_wind_generation,Wind Offshore | Actual Aggregated,2026-07-09T21:36:22Z
2026-07-09T21:35:56Z,2026-07-09T23:35:56+0200,83b77581-3cb7-46c3-93db-5c164f059f55,2026-06-14T10:00:00Z,2026-06-14T12:00:00+0200,137.76775,MW,BE,BE,actual_offshore_wind_generation,Wind Offshore | Actual Aggregated,2026-07-09T21:36:22Z
2026-07-09T21:35:56Z,2026-07-09T23:35:56+0200,83b77581-3cb7-46c3-93db-5c164f059f55,2026-06-14T11:00:00Z,2026-06-14T13:00:00+0200,88.566,MW,BE,BE,actual_offshore_wind_generation,Wind Offshore | Actual Aggregated,2026-07-09T21:36:22Z
2026-07-09T21:35:56Z,2026-07-09T23:35:56+0200,83b77581-3cb7-46c3-93db-5c164f059f55,2026-06-14T12:00:00Z,2026-06-14T14:00:00+0200,28.65725,MW,BE,BE,actual_offshore_wind_generation,Wind Offshore | Actual Aggregated,2026-07-09T21:36:22Z
2026-07-09T21:35:56Z,2026-07-09T23:35:56+0200,83b77581-3cb7-46c3-93db-5c164f059f55,2026-06-14T13:00:00Z,2026-06-14T15:00:00+0200,14.7455,MW,BE,BE,actual_offshore_wind_generation,Wind Offshore | Actual Aggregated,2026-07-09T21:36:22Z
2026-07-09T21:35:56Z,2026-07-09T23:35:56+0200,83b77581-3cb7-46c3-93db-5c164f059f55,2026-06-14T14:00:00Z,2026-06-14T16:00:00+0200,17.2485,MW,BE,BE,actual_offshore_wind_generation,Wind Offshore | Actual Aggregated,2026-07-09T21:36:22Z
2026-07-09T21:35:56Z,2026-07-09T23:35:56+0200,83b77581-3cb7-46c3-93db-5c164f059f55,2026-06-14T15:00:00Z,2026-06-14T17:00:00+0200,4.55125,MW,BE,BE,actual_offshore_wind_generation,Wind Offshore | Actual Aggregated,2026-07-09T21:36:22Z
2026-07-09T21:35:56Z,2026-07-09T23:35:56+0200,83b77581-3cb7-46c3-93db-5c164f059f55,2026-06-14T16:00:00Z,2026-06-14T18:00:00+0200,3.00775,MW,BE,BE,actual_offshore_wind_generation,Wind Offshore | Actual Aggregated,2026-07-09T21:36:22Z
2026-07-09T21:35:56Z,2026-07-09T23:35:56+0200,83b77581-3cb7-46c3-93db-5c164f059f55,2026-06-14T17:00:00Z,2026-06-14T19:00:00+0200,0.77375,MW,BE,BE,actual_offshore_wind_generation,Wind Offshore | Actual Aggregated,2026-07-09T21:36:22Z
2026-07-09T21:35:56Z,2026-07-09T23:35:56+0200,83b77581-3cb7-46c3-93db-5c164f059f55,2026-06-14T18:00:00Z,2026-06-14T20:00:00+0200,0.0,MW,BE,BE,actual_offshore_wind_generation,Wind Offshore | Actual Aggregated,2026-07-09T21:36:22Z
2026-07-09T21:35:56Z,2026-07-09T23:35:56+0200,83b77581-3cb7-46c3-93db-5c164f059f55,2026-06-14T19:00:00Z,2026-06-14T21:00:00+0200,0.0,MW,BE,BE,actual_offshore_wind_generation,Wind Offshore | Actual Aggregated,2026-07-09T21:36:22Z
2026-07-09T21:35:56Z,2026-07-09T23:35:56+0200,83b77581-3cb7-46c3-93db-5c164f059f55,2026-06-14T20:00:00Z,2026-06-14T22:00:00+0200,7.68925,MW,BE,BE,actual_offshore_wind_generation,Wind Offshore | Actual Aggregated,2026-07-09T21:36:22Z
2026-07-09T21:35:56Z,2026-07-09T23:35:56+0200,83b77581-3cb7-46c3-93db-5c164f059f55,2026-06-14T21:00:00Z,2026-06-14T23:00:00+0200,41.47825,MW,BE,BE,actual_offshore_wind_generation,Wind Offshore | Actual Aggregated,2026-07-09T21:36:22Z
2026-07-09T21:35:56Z,2026-07-09T23:35:56+0200,83b77581-3cb7-46c3-93db-5c164f059f55,2026-06-14T22:00:00Z,2026-06-15T00:00:00+0200,102.24825,MW,BE,BE,actual_offshore_wind_generation,Wind Offshore | Actual Aggregated,2026-07-09T21:36:22Z
2026-07-09T21:35:56Z,2026-07-09T23:35:56+0200,83b77581-3cb7-46c3-93db-5c164f059f55,2026-06-14T23:00:00Z,2026-06-15T01:00:00+0200,133.72225,MW,BE,BE,actual_offshore_wind_generation,Wind Offshore | Actual Aggregated,2026-07-09T21:36:22Z
2026-07-09T21:35:56Z,2026-07-09T23:35:56+0200,83b77581-3cb7-46c3-93db-5c164f059f55,2026-06-15T00:00:00Z,2026-06-15T02:00:00+0200,127.43475,MW,BE,BE,actual_offshore_wind_generation,Wind Offshore | Actual Aggregated,2026-07-09T21:36:22Z
2026-07-09T21:35:56Z,2026-07-09T23:35:56+0200,83b77581-3cb7-46c3-93db-5c164f059f55,2026-06-15T01:00:00Z,2026-06-15T03:00:00+0200,62.83375,MW,BE,BE,actual_offshore_wind_generation,Wind Offshore | Actual Aggregated,2026-07-09T21:36:22Z
2026-07-09T21:35:56Z,2026-07-09T23:35:56+0200,83b77581-3cb7-46c3-93db-5c164f059f55,2026-06-15T02:00:00Z,2026-06-15T04:00:00+0200,30.864,MW,BE,BE,actual_offshore_wind_generation,Wind Offshore | Actual Aggregated,2026-07-09T21:36:22Z
2026-07-09T21:35:56Z,2026-07-09T23:35:56+0200,83b77581-3cb7-46c3-93db-5c164f059f55,2026-06-15T03:00:00Z,2026-06-15T05:00:00+0200,20.337,MW,BE,BE,actual_offshore_wind_generation,Wind Offshore | Actual Aggregated,2026-07-09T21:36:22Z
2026-07-09T21:35:56Z,2026-07-09T23:35:56+0200,83b77581-3cb7-46c3-93db-5c164f059f55,2026-06-15T04:00:00Z,2026-06-15T06:00:00+0200,16.37525,MW,BE,BE,actual_offshore_wind_generation,Wind Offshore | Actual Aggregated,2026-07-09T21:36:22Z
2026-07-09T21:35:56Z,2026-07-09T23:35:56+0200,83b77581-3cb7-46c3-93db-5c164f059f55,2026-06-15T05:00:00Z,2026-06-15T07:00:00+0200,14.11575,MW,BE,BE,actual_offshore_wind_generation,Wind Offshore | Actual Aggregated,2026-07-09T21:36:22Z
2026-07-09T21:35:56Z,2026-07-09T23:35:56+0200,83b77581-3cb7-46c3-93db-5c164f059f55,2026-06-15T06:00:00Z,2026-06-15T08:00:00+0200,0.7835,MW,BE,BE,actual_offshore_wind_generation,Wind Offshore | Actual Aggregated,2026-07-09T21:36:22Z
2026-07-09T21:35:56Z,2026-07-09T23:35:56+0200,83b77581-3cb7-46c3-93db-5c164f059f55,2026-06-15T07:00:00Z,2026-06-15T09:00:00+0200,19.42,MW,BE,BE,actual_offshore_wind_generation,Wind Offshore | Actual Aggregated,2026-07-09T21:36:22Z
2026-07-09T21:35:56Z,2026-07-09T23:35:56+0200,83b77581-3cb7-46c3-93db-5c164f059f55,2026-06-15T08:00:00Z,2026-06-15T10:00:00+0200,7.924,MW,BE,BE,actual_offshore_wind_generation,Wind Offshore | Actual Aggregated,2026-07-09T21:36:22Z
2026-07-09T21:35:56Z,2026-07-09T23:35:56+0200,83b77581-3cb7-46c3-93db-5c164f059f55,2026-06-15T09:00:00Z,2026-06-15T11:00:00+0200,0.0,MW,BE,BE,actual_offshore_wind_generation,Wind Offshore | Actual Aggregated,2026-07-09T21:36:22Z
2026-07-09T21:35:56Z,2026-07-09T23:35:56+0200,83b77581-3cb7-46c3-93db-5c164f059f55,2026-06-15T10:00:00Z,2026-06-15T12:00:00+0200,0.0,MW,BE,BE,actual_offshore_wind_generation,Wind Offshore | Actual Aggregated,2026-07-09T21:36:22Z
2026-07-09T21:35:56Z,2026-07-09T23:35:56+0200,83b77581-3cb7-46c3-93db-5c164f059f55,2026-06-15T11:00:00Z,2026-06-15T13:00:00+0200,0.0,MW,BE,BE,actual_offshore_wind_generation,Wind Offshore | Actual Aggregated,2026-07-09T21:36:22Z
2026-07-09T21:35:56Z,2026-07-09T23:35:56+0200,83b77581-3cb7-46c3-93db-5c164f059f55,2026-06-15T12:00:00Z,2026-06-15T14:00:00+0200,0.0,MW,BE,BE,actual_offshore_wind_generation,Wind Offshore | Actual Aggregated,2026-07-09T21:36:22Z
2026-07-09T21:35:56Z,2026-07-09T23:35:56+0200,83b77581-3cb7-46c3-93db-5c164f059f55,2026-06-15T13:00:00Z,2026-06-15T15:00:00+0200,6.2645,MW,BE,BE,actual_offshore_wind_generation,Wind Offshore | Actual Aggregated,2026-07-09T21:36:22Z
2026-07-09T21:35:56Z,2026-07-09T23:35:56+0200,83b77581-3cb7-46c3-93db-5c164f059f55,2026-06-15T14:00:00Z,2026-06-15T16:00:00+0200,4.0225,MW,BE,BE,actual_offshore_wind_generation,Wind Offshore | Actual Aggregated,2026-07-09T21:36:22Z
2026-07-09T21:35:56Z,2026-07-09T23:35:56+0200,83b77581-3cb7-46c3-93db-5c164f059f55,2026-06-15T15:00:00Z,2026-06-15T17:00:00+0200,3.063,MW,BE,BE,actual_offshore_wind_generation,Wind Offshore | Actual Aggregated,2026-07-09T21:36:22Z
2026-07-09T21:35:56Z,2026-07-09T23:35:56+0200,83b77581-3cb7-46c3-93db-5c164f059f55,2026-06-15T16:00:00Z,2026-06-15T18:00:00+0200,11.43225,MW,BE,BE,actual_offshore_wind_generation,Wind Offshore | Actual Aggregated,2026-07-09T21:36:22Z
2026-07-09T21:35:56Z,2026-07-09T23:35:56+0200,83b77581-3cb7-46c3-93db-5c164f059f55,2026-06-15T17:00:00Z,2026-06-15T19:00:00+0200,137.31775,MW,BE,BE,actual_offshore_wind_generation,Wind Offshore | Actual Aggregated,2026-07-09T21:36:22Z
2026-07-09T21:35:56Z,2026-07-09T23:35:56+0200,83b77581-3cb7-46c3-93db-5c164f059f55,2026-06-15T18:00:00Z,2026-06-15T20:00:00+0200,338.2275,MW,BE,BE,actual_offshore_wind_generation,Wind Offshore | Actual Aggregated,2026-07-09T21:36:22Z
2026-07-09T21:35:56Z,2026-07-09T23:35:56+0200,83b77581-3cb7-46c3-93db-5c164f059f55,2026-06-15T19:00:00Z,2026-06-15T21:00:00+0200,496.59925,MW,BE,BE,actual_offshore_wind_generation,Wind Offshore | Actual Aggregated,2026-07-09T21:36:22Z
2026-07-09T21:35:56Z,2026-07-09T23:35:56+0200,83b77581-3cb7-46c3-93db-5c164f059f55,2026-06-15T20:00:00Z,2026-06-15T22:00:00+0200,535.40075,MW,BE,BE,actual_offshore_wind_generation,Wind Offshore | Actual Aggregated,2026-07-09T21:36:22Z
2026-07-09T21:35:56Z,2026-07-09T23:35:56+0200,83b77581-3cb7-46c3-93db-5c164f059f55,2026-06-15T21:00:00Z,2026-06-15T23:00:00+0200,514.50725,MW,BE,BE,actual_offshore_wind_generation,Wind Offshore | Actual Aggregated,2026-07-09T21:36:22Z
2026-07-09T21:35:56Z,2026-07-09T23:35:56+0200,83b77581-3cb7-46c3-93db-5c164f059f55,2026-06-15T22:00:00Z,2026-06-16T00:00:00+0200,491.80525,MW,BE,BE,actual_offshore_wind_generation,Wind Offshore | Actual Aggregated,2026-07-09T21:36:22Z
2026-07-09T21:35:56Z,2026-07-09T23:35:56+0200,83b77581-3cb7-46c3-93db-5c164f059f55,2026-06-15T23:00:00Z,2026-06-16T01:00:00+0200,434.404,MW,BE,BE,actual_offshore_wind_generation,Wind Offshore | Actual Aggregated,2026-07-09T21:36:22Z
2026-07-09T21:35:56Z,2026-07-09T23:35:56+0200,83b77581-3cb7-46c3-93db-5c164f059f55,2026-06-16T00:00:00Z,2026-06-16T02:00:00+0200,283.44025,MW,BE,BE,actual_offshore_wind_generation,Wind Offshore | Actual Aggregated,2026-07-09T21:36:22Z
2026-07-09T21:35:56Z,2026-07-09T23:35:56+0200,83b77581-3cb7-46c3-93db-5c164f059f55,2026-06-16T01:00:00Z,2026-06-16T03:00:00+0200,608.19125,MW,BE,BE,actual_offshore_wind_generation,Wind Offshore | Actual Aggregated,2026-07-09T21:36:22Z
2026-07-09T21:35:56Z,2026-07-09T23:35:56+0200,83b77581-3cb7-46c3-93db-5c164f059f55,2026-06-16T02:00:00Z,2026-06-16T04:00:00+0200,644.889,MW,BE,BE,actual_offshore_wind_generation,Wind Offshore | Actual Aggregated,2026-07-09T21:36:22Z
2026-07-09T21:35:56Z,2026-07-09T23:35:56+0200,83b77581-3cb7-46c3-93db-5c164f059f55,2026-06-16T03:00:00Z,2026-06-16T05:00:00+0200,923.79975,MW,BE,BE,actual_offshore_wind_generation,Wind Offshore | Actual Aggregated,2026-07-09T21:36:22Z
2026-07-09T21:35:56Z,2026-07-09T23:35:56+0200,83b77581-3cb7-46c3-93db-5c164f059f55,2026-06-16T04:00:00Z,2026-06-16T06:00:00+0200,747.4755,MW,BE,BE,actual_offshore_wind_generation,Wind Offshore | Actual Aggregated,2026-07-09T21:36:22Z
2026-07-09T21:35:56Z,2026-07-09T23:35:56+0200,83b77581-3cb7-46c3-93db-5c164f059f55,2026-06-16T05:00:00Z,2026-06-16T07:00:00+0200,434.51,MW,BE,BE,actual_offshore_wind_generation,Wind Offshore | Actual Aggregated,2026-07-09T21:36:22Z
2026-07-09T21:35:56Z,2026-07-09T23:35:56+0200,83b77581-3cb7-46c3-93db-5c164f059f55,2026-06-16T06:00:00Z,2026-06-16T08:00:00+0200,435.74925,MW,BE,BE,actual_offshore_wind_generation,Wind Offshore | Actual Aggregated,2026-07-09T21:36:22Z
2026-07-09T21:35:56Z,2026-07-09T23:35:56+0200,83b77581-3cb7-46c3-93db-5c164f059f55,2026-06-16T07:00:00Z,2026-06-16T09:00:00+0200,319.24425,MW,BE,BE,actual_offshore_wind_generation,Wind Offshore | Actual Aggregated,2026-07-09T21:36:22Z
2026-07-09T21:35:56Z,2026-07-09T23:35:56+0200,83b77581-3cb7-46c3-93db-5c164f059f55,2026-06-16T08:00:00Z,2026-06-16T10:00:00+0200,113.199,MW,BE,BE,actual_offshore_wind_generation,Wind Offshore | Actual Aggregated,2026-07-09T21:36:22Z
2026-07-09T21:35:56Z,2026-07-09T23:35:56+0200,83b77581-3cb7-46c3-93db-5c164f059f55,2026-06-16T09:00:00Z,2026-06-16T11:00:00+0200,20.75025,MW,BE,BE,actual_offshore_wind_generation,Wind Offshore | Actual Aggregated,2026-07-09T21:36:22Z
2026-07-09T21:35:56Z,2026-07-09T23:35:56+0200,83b77581-3cb7-46c3-93db-5c164f059f55,2026-06-16T10:00:00Z,2026-06-16T12:00:00+0200,10.26475,MW,BE,BE,actual_offshore_wind_generation,Wind Offshore | Actual Aggregated,2026-07-09T21:36:22Z
2026-07-09T21:35:56Z,2026-07-09T23:35:56+0200,83b77581-3cb7-46c3-93db-5c164f059f55,2026-06-16T11:00:00Z,2026-06-16T13:00:00+0200,3.0695,MW,BE,BE,actual_offshore_wind_generation,Wind Offshore | Actual Aggregated,2026-07-09T21:36:22Z
2026-07-09T21:35:56Z,2026-07-09T23:35:56+0200,83b77581-3cb7-46c3-93db-5c164f059f55,2026-06-16T12:00:00Z,2026-06-16T14:00:00+0200,6.63075,MW,BE,BE,actual_offshore_wind_generation,Wind Offshore | Actual Aggregated,2026-07-09T21:36:22Z
2026-07-09T21:35:56Z,2026-07-09T23:35:56+0200,83b77581-3cb7-46c3-93db-5c164f059f55,2026-06-16T13:00:00Z,2026-06-16T15:00:00+0200,41.0645,MW,BE,BE,actual_offshore_wind_generation,Wind Offshore | Actual Aggregated,2026-07-09T21:36:22Z
2026-07-09T21:35:56Z,2026-07-09T23:35:56+0200,83b77581-3cb7-46c3-93db-5c164f059f55,2026-06-16T14:00:00Z,2026-06-16T16:00:00+0200,26.06625,MW,BE,BE,actual_offshore_wind_generation,Wind Offshore | Actual Aggregated,2026-07-09T21:36:22Z
2026-07-09T21:35:56Z,2026-07-09T23:35:56+0200,83b77581-3cb7-46c3-93db-5c164f059f55,2026-06-16T15:00:00Z,2026-06-16T17:00:00+0200,10.978,MW,BE,BE,actual_offshore_wind_generation,Wind Offshore | Actual Aggregated,2026-07-09T21:36:22Z
2026-07-09T21:35:56Z,2026-07-09T23:35:56+0200,83b77581-3cb7-46c3-93db-5c164f059f55,2026-06-16T16:00:00Z,2026-06-16T18:00:00+0200,27.29525,MW,BE,BE,actual_offshore_wind_generation,Wind Offshore | Actual Aggregated,2026-07-09T21:36:22Z
2026-07-09T21:35:56Z,2026-07-09T23:35:56+0200,83b77581-3cb7-46c3-93db-5c164f059f55,2026-06-16T17:00:00Z,2026-06-16T19:00:00+0200,104.2065,MW,BE,BE,actual_offshore_wind_generation,Wind Offshore | Actual Aggregated,2026-07-09T21:36:22Z
2026-07-09T21:35:56Z,2026-07-09T23:35:56+0200,83b77581-3cb7-46c3-93db-5c164f059f55,2026-06-16T18:00:00Z,2026-06-16T20:00:00+0200,206.14325,MW,BE,BE,actual_offshore_wind_generation,Wind Offshore | Actual Aggregated,2026-07-09T21:36:22Z
2026-07-09T21:35:56Z,2026-07-09T23:35:56+0200,83b77581-3cb7-46c3-93db-5c164f059f55,2026-06-16T19:00:00Z,2026-06-16T21:00:00+0200,300.90625,MW,BE,BE,actual_offshore_wind_generation,Wind Offshore | Actual Aggregated,2026-07-09T21:36:22Z
2026-07-09T21:35:56Z,2026-07-09T23:35:56+0200,83b77581-3cb7-46c3-93db-5c164f059f55,2026-06-16T20:00:00Z,2026-06-16T22:00:00+0200,355.39675,MW,BE,BE,actual_offshore_wind_generation,Wind Offshore | Actual Aggregated,2026-07-09T21:36:22Z
2026-07-09T21:35:56Z,2026-07-09T23:35:56+0200,83b77581-3cb7-46c3-93db-5c164f059f55,2026-06-16T21:00:00Z,2026-06-16T23:00:00+0200,423.152,MW,BE,BE,actual_offshore_wind_generation,Wind Offshore | Actual Aggregated,2026-07-09T21:36:22Z
2026-07-09T21:35:56Z,2026-07-09T23:35:56+0200,83b77581-3cb7-46c3-93db-5c164f059f55,2026-06-16T22:00:00Z,2026-06-17T00:00:00+0200,594.9275,MW,BE,BE,actual_offshore_wind_generation,Wind Offshore | Actual Aggregated,2026-07-09T21:36:22Z
2026-07-09T21:35:56Z,2026-07-09T23:35:56+0200,83b77581-3cb7-46c3-93db-5c164f059f55,2026-06-16T23:00:00Z,2026-06-17T01:00:00+0200,558.74,MW,BE,BE,actual_offshore_wind_generation,Wind Offshore | Actual Aggregated,2026-07-09T21:36:22Z
2026-07-09T21:35:56Z,2026-07-09T23:35:56+0200,83b77581-3cb7-46c3-93db-5c164f059f55,2026-06-17T00:00:00Z,2026-06-17T02:00:00+0200,615.5675,MW,BE,BE,actual_offshore_wind_generation,Wind Offshore | Actual Aggregated,2026-07-09T21:36:22Z
2026-07-09T21:35:56Z,2026-07-09T23:35:56+0200,83b77581-3cb7-46c3-93db-5c164f059f55,2026-06-17T01:00:00Z,2026-06-17T03:00:00+0200,674.3975,MW,BE,BE,actual_offshore_wind_generation,Wind Offshore | Actual Aggregated,2026-07-09T21:36:22Z
2026-07-09T21:35:56Z,2026-07-09T23:35:56+0200,83b77581-3cb7-46c3-93db-5c164f059f55,2026-06-17T02:00:00Z,2026-06-17T04:00:00+0200,903.905,MW,BE,BE,actual_offshore_wind_generation,Wind Offshore | Actual Aggregated,2026-07-09T21:36:22Z
2026-07-09T21:35:56Z,2026-07-09T23:35:56+0200,83b77581-3cb7-46c3-93db-5c164f059f55,2026-06-17T03:00:00Z,2026-06-17T05:00:00+0200,1277.8425,MW,BE,BE,actual_offshore_wind_generation,Wind Offshore | Actual Aggregated,2026-07-09T21:36:22Z
2026-07-09T21:35:56Z,2026-07-09T23:35:56+0200,83b77581-3cb7-46c3-93db-5c164f059f55,2026-06-17T04:00:00Z,2026-06-17T06:00:00+0200,851.2625,MW,BE,BE,actual_offshore_wind_generation,Wind Offshore | Actual Aggregated,2026-07-09T21:36:22Z
2026-07-09T21:35:56Z,2026-07-09T23:35:56+0200,83b77581-3cb7-46c3-93db-5c164f059f55,2026-06-17T05:00:00Z,2026-06-17T07:00:00+0200,939.7425,MW,BE,BE,actual_offshore_wind_generation,Wind Offshore | Actual Aggregated,2026-07-09T21:36:22Z
2026-07-09T21:35:56Z,2026-07-09T23:35:56+0200,83b77581-3cb7-46c3-93db-5c164f059f55,2026-06-17T06:00:00Z,2026-06-17T08:00:00+0200,1103.045,MW,BE,BE,actual_offshore_wind_generation,Wind Offshore | Actual Aggregated,2026-07-09T21:36:22Z
2026-07-09T21:35:56Z,2026-07-09T23:35:56+0200,83b77581-3cb7-46c3-93db-5c164f059f55,2026-06-17T07:00:00Z,2026-06-17T09:00:00+0200,1266.67,MW,BE,BE,actual_offshore_wind_generation,Wind Offshore | Actual Aggregated,2026-07-09T21:36:22Z
2026-07-09T21:35:56Z,2026-07-09T23:35:56+0200,83b77581-3cb7-46c3-93db-5c164f059f55,2026-06-17T08:00:00Z,2026-06-17T10:00:00+0200,1119.3725,MW,BE,BE,actual_offshore_wind_generation,Wind Offshore | Actual Aggregated,2026-07-09T21:36:22Z
2026-07-09T21:35:56Z,2026-07-09T23:35:56+0200,83b77581-3cb7-46c3-93db-5c164f059f55,2026-06-17T09:00:00Z,2026-06-17T11:00:00+0200,902.54,MW,BE,BE,actual_offshore_wind_generation,Wind Offshore | Actual Aggregated,2026-07-09T21:36:22Z
2026-07-09T21:35:56Z,2026-07-09T23:35:56+0200,83b77581-3cb7-46c3-93db-5c164f059f55,2026-06-17T10:00:00Z,2026-06-17T12:00:00+0200,978.07,MW,BE,BE,actual_offshore_wind_generation,Wind Offshore | Actual Aggregated,2026-07-09T21:36:22Z
2026-07-09T21:35:56Z,2026-07-09T23:35:56+0200,83b77581-3cb7-46c3-93db-5c164f059f55,2026-06-17T11:00:00Z,2026-06-17T13:00:00+0200,1265.6475,MW,BE,BE,actual_offshore_wind_generation,Wind Offshore | Actual Aggregated,2026-07-09T21:36:22Z
2026-07-09T21:35:56Z,2026-07-09T23:35:56+0200,83b77581-3cb7-46c3-93db-5c164f059f55,2026-06-17T12:00:00Z,2026-06-17T14:00:00+0200,1549.6725,MW,BE,BE,actual_offshore_wind_generation,Wind Offshore | Actual Aggregated,2026-07-09T21:36:22Z
2026-07-09T21:35:56Z,2026-07-09T23:35:56+0200,83b77581-3cb7-46c3-93db-5c164f059f55,2026-06-17T13:00:00Z,2026-06-17T15:00:00+0200,1727.7325,MW,BE,BE,actual_offshore_wind_generation,Wind Offshore | Actual Aggregated,2026-07-09T21:36:22Z
2026-07-09T21:35:56Z,2026-07-09T23:35:56+0200,83b77581-3cb7-46c3-93db-5c164f059f55,2026-06-17T14:00:00Z,2026-06-17T16:00:00+0200,1709.9025,MW,BE,BE,actual_offshore_wind_generation,Wind Offshore | Actual Aggregated,2026-07-09T21:36:22Z
2026-07-09T21:35:56Z,2026-07-09T23:35:56+0200,83b77581-3cb7-46c3-93db-5c164f059f55,2026-06-17T15:00:00Z,2026-06-17T17:00:00+0200,1787.8775,MW,BE,BE,actual_offshore_wind_generation,Wind Offshore | Actual Aggregated,2026-07-09T21:36:22Z
2026-07-09T21:35:56Z,2026-07-09T23:35:56+0200,83b77581-3cb7-46c3-93db-5c164f059f55,2026-06-17T16:00:00Z,2026-06-17T18:00:00+0200,1927.52,MW,BE,BE,actual_offshore_wind_generation,Wind Offshore | Actual Aggregated,2026-07-09T21:36:22Z
2026-07-09T21:35:56Z,2026-07-09T23:35:56+0200,83b77581-3cb7-46c3-93db-5c164f059f55,2026-06-17T17:00:00Z,2026-06-17T19:00:00+0200,1947.2425,MW,BE,BE,actual_offshore_wind_generation,Wind Offshore | Actual Aggregated,2026-07-09T21:36:22Z
2026-07-09T21:35:56Z,2026-07-09T23:35:56+0200,83b77581-3cb7-46c3-93db-5c164f059f55,2026-06-17T18:00:00Z,2026-06-17T20:00:00+0200,1879.67,MW,BE,BE,actual_offshore_wind_generation,Wind Offshore | Actual Aggregated,2026-07-09T21:36:22Z
2026-07-09T21:35:56Z,2026-07-09T23:35:56+0200,83b77581-3cb7-46c3-93db-5c164f059f55,2026-06-17T19:00:00Z,2026-06-17T21:00:00+0200,1612.6275,MW,BE,BE,actual_offshore_wind_generation,Wind Offshore | Actual Aggregated,2026-07-09T21:36:22Z
2026-07-09T21:35:56Z,2026-07-09T23:35:56+0200,83b77581-3cb7-46c3-93db-5c164f059f55,2026-06-17T20:00:00Z,2026-06-17T22:00:00+0200,1263.4025,MW,BE,BE,actual_offshore_wind_generation,Wind Offshore | Actual Aggregated,2026-07-09T21:36:22Z
2026-07-09T21:35:56Z,2026-07-09T23:35:56+0200,83b77581-3cb7-46c3-93db-5c164f059f55,2026-06-17T21:00:00Z,2026-06-17T23:00:00+0200,769.365,MW,BE,BE,actual_offshore_wind_generation,Wind Offshore | Actual Aggregated,2026-07-09T21:36:22Z
2026-07-09T21:35:56Z,2026-07-09T23:35:56+0200,83b77581-3cb7-46c3-93db-5c164f059f55,2026-06-17T22:00:00Z,2026-06-18T00:00:00+0200,562.545,MW,BE,BE,actual_offshore_wind_generation,Wind Offshore | Actual Aggregated,2026-07-09T21:36:22Z
2026-07-09T21:35:56Z,2026-07-09T23:35:56+0200,83b77581-3cb7-46c3-93db-5c164f059f55,2026-06-17T23:00:00Z,2026-06-18T01:00:00+0200,498.795,MW,BE,BE,actual_offshore_wind_generation,Wind Offshore | Actual Aggregated,2026-07-09T21:36:22Z
2026-07-09T21:35:56Z,2026-07-09T23:35:56+0200,83b77581-3cb7-46c3-93db-5c164f059f55,2026-06-18T00:00:00Z,2026-06-18T02:00:00+0200,377.525,MW,BE,BE,actual_offshore_wind_generation,Wind Offshore | Actual Aggregated,2026-07-09T21:36:22Z
2026-07-09T21:35:56Z,2026-07-09T23:35:56+0200,83b77581-3cb7-46c3-93db-5c164f059f55,2026-06-18T01:00:00Z,2026-06-18T03:00:00+0200,241.73,MW,BE,BE,actual_offshore_wind_generation,Wind Offshore | Actual Aggregated,2026-07-09T21:36:22Z
2026-07-09T21:35:56Z,2026-07-09T23:35:56+0200,83b77581-3cb7-46c3-93db-5c164f059f55,2026-06-18T02:00:00Z,2026-06-18T04:00:00+0200,182.36,MW,BE,BE,actual_offshore_wind_generation,Wind Offshore | Actual Aggregated,2026-07-09T21:36:22Z
2026-07-09T21:35:56Z,2026-07-09T23:35:56+0200,83b77581-3cb7-46c3-93db-5c164f059f55,2026-06-18T03:00:00Z,2026-06-18T05:00:00+0200,74.6525,MW,BE,BE,actual_offshore_wind_generation,Wind Offshore | Actual Aggregated,2026-07-09T21:36:22Z
2026-07-09T21:35:56Z,2026-07-09T23:35:56+0200,83b77581-3cb7-46c3-93db-5c164f059f55,2026-06-18T04:00:00Z,2026-06-18T06:00:00+0200,118.25,MW,BE,BE,actual_offshore_wind_generation,Wind Offshore | Actual Aggregated,2026-07-09T21:36:22Z
2026-07-09T21:35:56Z,2026-07-09T23:35:56+0200,83b77581-3cb7-46c3-93db-5c164f059f55,2026-06-18T05:00:00Z,2026-06-18T07:00:00+0200,149.71,MW,BE,BE,actual_offshore_wind_generation,Wind Offshore | Actual Aggregated,2026-07-09T21:36:22Z
2026-07-09T21:35:56Z,2026-07-09T23:35:56+0200,83b77581-3cb7-46c3-93db-5c164f059f55,2026-06-18T06:00:00Z,2026-06-18T08:00:00+0200,172.7425,MW,BE,BE,actual_offshore_wind_generation,Wind Offshore | Actual Aggregated,2026-07-09T21:36:22Z
2026-07-09T21:35:56Z,2026-07-09T23:35:56+0200,83b77581-3cb7-46c3-93db-5c164f059f55,2026-06-18T07:00:00Z,2026-06-18T09:00:00+0200,121.95,MW,BE,BE,actual_offshore_wind_generation,Wind Offshore | Actual Aggregated,2026-07-09T21:36:22Z
2026-07-09T21:35:56Z,2026-07-09T23:35:56+0200,83b77581-3cb7-46c3-93db-5c164f059f55,2026-06-18T08:00:00Z,2026-06-18T10:00:00+0200,25.62,MW,BE,BE,actual_offshore_wind_generation,Wind Offshore | Actual Aggregated,2026-07-09T21:36:22Z
2026-07-09T21:35:56Z,2026-07-09T23:35:56+0200,83b77581-3cb7-46c3-93db-5c164f059f55,2026-06-18T09:00:00Z,2026-06-18T11:00:00+0200,2.5625,MW,BE,BE,actual_offshore_wind_generation,Wind Offshore | Actual Aggregated,2026-07-09T21:36:22Z
2026-07-09T21:35:56Z,2026-07-09T23:35:56+0200,83b77581-3cb7-46c3-93db-5c164f059f55,2026-06-18T09:00:00Z,2026-06-18T11:00:00+0200,4.2825,MW,BE,BE,actual_offshore_wind_generation,Wind Offshore | Actual Consumption,2026-07-09T21:36:22Z
2026-07-09T21:35:56Z,2026-07-09T23:35:56+0200,83b77581-3cb7-46c3-93db-5c164f059f55,2026-06-18T10:00:00Z,2026-06-18T12:00:00+0200,25.875,MW,BE,BE,actual_offshore_wind_generation,Wind Offshore | Actual Consumption,2026-07-09T21:36:22Z
2026-07-09T21:35:56Z,2026-07-09T23:35:56+0200,83b77581-3cb7-46c3-93db-5c164f059f55,2026-06-18T11:00:00Z,2026-06-18T13:00:00+0200,25.4375,MW,BE,BE,actual_offshore_wind_generation,Wind Offshore | Actual Consumption,2026-07-09T21:36:22Z
2026-07-09T21:35:56Z,2026-07-09T23:35:56+0200,83b77581-3cb7-46c3-93db-5c164f059f55,2026-06-18T12:00:00Z,2026-06-18T14:00:00+0200,23.3625,MW,BE,BE,actual_offshore_wind_generation,Wind Offshore | Actual Consumption,2026-07-09T21:36:22Z
2026-07-09T21:35:56Z,2026-07-09T23:35:56+0200,83b77581-3cb7-46c3-93db-5c164f059f55,2026-06-18T13:00:00Z,2026-06-18T15:00:00+0200,15.835,MW,BE,BE,actual_offshore_wind_generation,Wind Offshore | Actual Consumption,2026-07-09T21:36:22Z
2026-07-09T21:35:56Z,2026-07-09T23:35:56+0200,83b77581-3cb7-46c3-93db-5c164f059f55,2026-06-18T14:00:00Z,2026-06-18T16:00:00+0200,26.4725,MW,BE,BE,actual_offshore_wind_generation,Wind Offshore | Actual Consumption,2026-07-09T21:36:22Z
2026-07-09T21:35:56Z,2026-07-09T23:35:56+0200,83b77581-3cb7-46c3-93db-5c164f059f55,2026-06-18T15:00:00Z,2026-06-18T17:00:00+0200,16.605,MW,BE,BE,actual_offshore_wind_generation,Wind Offshore | Actual Aggregated,2026-07-09T21:36:22Z
2026-07-09T21:35:56Z,2026-07-09T23:35:56+0200,83b77581-3cb7-46c3-93db-5c164f059f55,2026-06-18T15:00:00Z,2026-06-18T17:00:00+0200,15.7625,MW,BE,BE,actual_offshore_wind_generation,Wind Offshore | Actual Consumption,2026-07-09T21:36:22Z
2026-07-09T21:35:56Z,2026-07-09T23:35:56+0200,83b77581-3cb7-46c3-93db-5c164f059f55,2026-06-18T16:00:00Z,2026-06-18T18:00:00+0200,14.3625,MW,BE,BE,actual_offshore_wind_generation,Wind Offshore | Actual Aggregated,2026-07-09T21:36:22Z
2026-07-09T21:35:56Z,2026-07-09T23:35:56+0200,83b77581-3cb7-46c3-93db-5c164f059f55,2026-06-18T16:00:00Z,2026-06-18T18:00:00+0200,18.74,MW,BE,BE,actual_offshore_wind_generation,Wind Offshore | Actual Consumption,2026-07-09T21:36:22Z
2026-07-09T21:35:56Z,2026-07-09T23:35:56+0200,83b77581-3cb7-46c3-93db-5c164f059f55,2026-06-18T17:00:00Z,2026-06-18T19:00:00+0200,22.565,MW,BE,BE,actual_offshore_wind_generation,Wind Offshore | Actual Consumption,2026-07-09T21:36:22Z
2026-07-09T21:35:56Z,2026-07-09T23:35:56+0200,83b77581-3cb7-46c3-93db-5c164f059f55,2026-06-18T18:00:00Z,2026-06-18T20:00:00+0200,17.435,MW,BE,BE,actual_offshore_wind_generation,Wind Offshore | Actual Consumption,2026-07-09T21:36:22Z
2026-07-09T21:35:56Z,2026-07-09T23:35:56+0200,83b77581-3cb7-46c3-93db-5c164f059f55,2026-06-18T19:00:00Z,2026-06-18T21:00:00+0200,15.2675,MW,BE,BE,actual_offshore_wind_generation,Wind Offshore | Actual Aggregated,2026-07-09T21:36:22Z
2026-07-09T21:35:56Z,2026-07-09T23:35:56+0200,83b77581-3cb7-46c3-93db-5c164f059f55,2026-06-18T20:00:00Z,2026-06-18T22:00:00+0200,59.02,MW,BE,BE,actual_offshore_wind_generation,Wind Offshore | Actual Aggregated,2026-07-09T21:36:22Z
2026-07-09T21:35:56Z,2026-07-09T23:35:56+0200,83b77581-3cb7-46c3-93db-5c164f059f55,2026-06-18T21:00:00Z,2026-06-18T23:00:00+0200,76.7125,MW,BE,BE,actual_offshore_wind_generation,Wind Offshore | Actual Aggregated,2026-07-09T21:36:22Z
2026-07-09T21:35:56Z,2026-07-09T23:35:56+0200,83b77581-3cb7-46c3-93db-5c164f059f55,2026-06-18T22:00:00Z,2026-06-19T00:00:00+0200,78.7925,MW,BE,BE,actual_offshore_wind_generation,Wind Offshore | Actual Aggregated,2026-07-09T21:36:22Z
2026-07-09T21:35:56Z,2026-07-09T23:35:56+0200,83b77581-3cb7-46c3-93db-5c164f059f55,2026-06-18T23:00:00Z,2026-06-19T01:00:00+0200,160.9475,MW,BE,BE,actual_offshore_wind_generation,Wind Offshore | Actual Aggregated,2026-07-09T21:36:22Z
2026-07-09T21:35:56Z,2026-07-09T23:35:56+0200,83b77581-3cb7-46c3-93db-5c164f059f55,2026-06-19T00:00:00Z,2026-06-19T02:00:00+0200,195.1175,MW,BE,BE,actual_offshore_wind_generation,Wind Offshore | Actual Aggregated,2026-07-09T21:36:22Z
2026-07-09T21:35:56Z,2026-07-09T23:35:56+0200,83b77581-3cb7-46c3-93db-5c164f059f55,2026-06-19T01:00:00Z,2026-06-19T03:00:00+0200,282.51,MW,BE,BE,actual_offshore_wind_generation,Wind Offshore | Actual Aggregated,2026-07-09T21:36:22Z
2026-07-09T21:35:56Z,2026-07-09T23:35:56+0200,83b77581-3cb7-46c3-93db-5c164f059f55,2026-06-19T02:00:00Z,2026-06-19T04:00:00+0200,260.7375,MW,BE,BE,actual_offshore_wind_generation,Wind Offshore | Actual Aggregated,2026-07-09T21:36:22Z
2026-07-09T21:35:56Z,2026-07-09T23:35:56+0200,83b77581-3cb7-46c3-93db-5c164f059f55,2026-06-19T03:00:00Z,2026-06-19T05:00:00+0200,322.47,MW,BE,BE,actual_offshore_wind_generation,Wind Offshore | Actual Aggregated,2026-07-09T21:36:22Z
2026-07-09T21:35:56Z,2026-07-09T23:35:56+0200,83b77581-3cb7-46c3-93db-5c164f059f55,2026-06-19T04:00:00Z,2026-06-19T06:00:00+0200,386.53,MW,BE,BE,actual_offshore_wind_generation,Wind Offshore | Actual Aggregated,2026-07-09T21:36:22Z
2026-07-09T21:35:56Z,2026-07-09T23:35:56+0200,83b77581-3cb7-46c3-93db-5c164f059f55,2026-06-19T05:00:00Z,2026-06-19T07:00:00+0200,339.9975,MW,BE,BE,actual_offshore_wind_generation,Wind Offshore | Actual Aggregated,2026-07-09T21:36:22Z
2026-07-09T21:35:56Z,2026-07-09T23:35:56+0200,83b77581-3cb7-46c3-93db-5c164f059f55,2026-06-19T06:00:00Z,2026-06-19T08:00:00+0200,289.7975,MW,BE,BE,actual_offshore_wind_generation,Wind Offshore | Actual Aggregated,2026-07-09T21:36:22Z
2026-07-09T21:35:56Z,2026-07-09T23:35:56+0200,83b77581-3cb7-46c3-93db-5c164f059f55,2026-06-19T07:00:00Z,2026-06-19T09:00:00+0200,536.69,MW,BE,BE,actual_offshore_wind_generation,Wind Offshore | Actual Aggregated,2026-07-09T21:36:22Z
2026-07-09T21:35:56Z,2026-07-09T23:35:56+0200,83b77581-3cb7-46c3-93db-5c164f059f55,2026-06-19T08:00:00Z,2026-06-19T10:00:00+0200,729.2125,MW,BE,BE,actual_offshore_wind_generation,Wind Offshore | Actual Aggregated,2026-07-09T21:36:22Z
2026-07-09T21:35:56Z,2026-07-09T23:35:56+0200,83b77581-3cb7-46c3-93db-5c164f059f55,2026-06-19T09:00:00Z,2026-06-19T11:00:00+0200,711.59,MW,BE,BE,actual_offshore_wind_generation,Wind Offshore | Actual Aggregated,2026-07-09T21:36:22Z
2026-07-09T21:35:56Z,2026-07-09T23:35:56+0200,83b77581-3cb7-46c3-93db-5c164f059f55,2026-06-19T10:00:00Z,2026-06-19T12:00:00+0200,346.41,MW,BE,BE,actual_offshore_wind_generation,Wind Offshore | Actual Aggregated,2026-07-09T21:36:22Z
2026-07-09T21:35:56Z,2026-07-09T23:35:56+0200,83b77581-3cb7-46c3-93db-5c164f059f55,2026-06-19T11:00:00Z,2026-06-19T13:00:00+0200,98.5475,MW,BE,BE,actual_offshore_wind_generation,Wind Offshore | Actual Aggregated,2026-07-09T21:36:22Z
2026-07-09T21:35:56Z,2026-07-09T23:35:56+0200,83b77581-3cb7-46c3-93db-5c164f059f55,2026-06-19T12:00:00Z,2026-06-19T14:00:00+0200,10.9975,MW,BE,BE,actual_offshore_wind_generation,Wind Offshore | Actual Aggregated,2026-07-09T21:36:22Z
2026-07-09T21:35:56Z,2026-07-09T23:35:56+0200,83b77581-3cb7-46c3-93db-5c164f059f55,2026-06-19T12:00:00Z,2026-06-19T14:00:00+0200,2.68,MW,BE,BE,actual_offshore_wind_generation,Wind Offshore | Actual Consumption,2026-07-09T21:36:22Z
2026-07-09T21:35:56Z,2026-07-09T23:35:56+0200,83b77581-3cb7-46c3-93db-5c164f059f55,2026-06-19T13:00:00Z,2026-06-19T15:00:00+0200,12.155,MW,BE,BE,actual_offshore_wind_generation,Wind Offshore | Actual Aggregated,2026-07-09T21:36:22Z
2026-07-09T21:35:56Z,2026-07-09T23:35:56+0200,83b77581-3cb7-46c3-93db-5c164f059f55,2026-06-19T13:00:00Z,2026-06-19T15:00:00+0200,2.175,MW,BE,BE,actual_offshore_wind_generation,Wind Offshore | Actual Consumption,2026-07-09T21:36:22Z
2026-07-09T21:35:56Z,2026-07-09T23:35:56+0200,83b77581-3cb7-46c3-93db-5c164f059f55,2026-06-19T14:00:00Z,2026-06-19T16:00:00+0200,164.54,MW,BE,BE,actual_offshore_wind_generation,Wind Offshore | Actual Aggregated,2026-07-09T21:36:22Z
2026-07-09T21:35:56Z,2026-07-09T23:35:56+0200,83b77581-3cb7-46c3-93db-5c164f059f55,2026-06-19T15:00:00Z,2026-06-19T17:00:00+0200,408.35,MW,BE,BE,actual_offshore_wind_generation,Wind Offshore | Actual Aggregated,2026-07-09T21:36:22Z
2026-07-09T21:35:56Z,2026-07-09T23:35:56+0200,83b77581-3cb7-46c3-93db-5c164f059f55,2026-06-19T16:00:00Z,2026-06-19T18:00:00+0200,435.445,MW,BE,BE,actual_offshore_wind_generation,Wind Offshore | Actual Aggregated,2026-07-09T21:36:22Z
2026-07-09T21:35:56Z,2026-07-09T23:35:56+0200,83b77581-3cb7-46c3-93db-5c164f059f55,2026-06-19T17:00:00Z,2026-06-19T19:00:00+0200,556.2025,MW,BE,BE,actual_offshore_wind_generation,Wind Offshore | Actual Aggregated,2026-07-09T21:36:22Z
2026-07-09T21:35:56Z,2026-07-09T23:35:56+0200,83b77581-3cb7-46c3-93db-5c164f059f55,2026-06-19T18:00:00Z,2026-06-19T20:00:00+0200,850.965,MW,BE,BE,actual_offshore_wind_generation,Wind Offshore | Actual Aggregated,2026-07-09T21:36:22Z
2026-07-09T21:35:56Z,2026-07-09T23:35:56+0200,83b77581-3cb7-46c3-93db-5c164f059f55,2026-06-19T19:00:00Z,2026-06-19T21:00:00+0200,295.805,MW,BE,BE,actual_offshore_wind_generation,Wind Offshore | Actual Aggregated,2026-07-09T21:36:22Z
2026-07-09T21:35:56Z,2026-07-09T23:35:56+0200,83b77581-3cb7-46c3-93db-5c164f059f55,2026-06-19T20:00:00Z,2026-06-19T22:00:00+0200,227.7325,MW,BE,BE,actual_offshore_wind_generation,Wind Offshore | Actual Aggregated,2026-07-09T21:36:22Z
2026-07-09T21:35:56Z,2026-07-09T23:35:56+0200,83b77581-3cb7-46c3-93db-5c164f059f55,2026-06-19T21:00:00Z,2026-06-19T23:00:00+0200,423.2425,MW,BE,BE,actual_offshore_wind_generation,Wind Offshore | Actual Aggregated,2026-07-09T21:36:22Z
2026-07-09T21:35:56Z,2026-07-09T23:35:56+0200,83b77581-3cb7-46c3-93db-5c164f059f55,2026-06-19T22:00:00Z,2026-06-20T00:00:00+0200,507.0675,MW,BE,BE,actual_offshore_wind_generation,Wind Offshore | Actual Aggregated,2026-07-09T21:36:22Z
2026-07-09T21:35:56Z,2026-07-09T23:35:56+0200,83b77581-3cb7-46c3-93db-5c164f059f55,2026-06-19T23:00:00Z,2026-06-20T01:00:00+0200,584.2725,MW,BE,BE,actual_offshore_wind_generation,Wind Offshore | Actual Aggregated,2026-07-09T21:36:22Z
2026-07-09T21:35:56Z,2026-07-09T23:35:56+0200,83b77581-3cb7-46c3-93db-5c164f059f55,2026-06-20T00:00:00Z,2026-06-20T02:00:00+0200,438.62,MW,BE,BE,actual_offshore_wind_generation,Wind Offshore | Actual Aggregated,2026-07-09T21:36:22Z
2026-07-09T21:35:56Z,2026-07-09T23:35:56+0200,83b77581-3cb7-46c3-93db-5c164f059f55,2026-06-20T01:00:00Z,2026-06-20T03:00:00+0200,204.66,MW,BE,BE,actual_offshore_wind_generation,Wind Offshore | Actual Aggregated,2026-07-09T21:36:22Z
2026-07-09T21:35:56Z,2026-07-09T23:35:56+0200,83b77581-3cb7-46c3-93db-5c164f059f55,2026-06-20T02:00:00Z,2026-06-20T04:00:00+0200,25.7775,MW,BE,BE,actual_offshore_wind_generation,Wind Offshore | Actual Aggregated,2026-07-09T21:36:22Z
2026-07-09T21:35:56Z,2026-07-09T23:35:56+0200,83b77581-3cb7-46c3-93db-5c164f059f55,2026-06-20T03:00:00Z,2026-06-20T05:00:00+0200,62.3625,MW,BE,BE,actual_offshore_wind_generation,Wind Offshore | Actual Aggregated,2026-07-09T21:36:22Z
2026-07-09T21:35:56Z,2026-07-09T23:35:56+0200,83b77581-3cb7-46c3-93db-5c164f059f55,2026-06-20T04:00:00Z,2026-06-20T06:00:00+0200,91.0625,MW,BE,BE,actual_offshore_wind_generation,Wind Offshore | Actual Aggregated,2026-07-09T21:36:22Z
2026-07-09T21:35:56Z,2026-07-09T23:35:56+0200,83b77581-3cb7-46c3-93db-5c164f059f55,2026-06-20T05:00:00Z,2026-06-20T07:00:00+0200,182.31,MW,BE,BE,actual_offshore_wind_generation,Wind Offshore | Actual Aggregated,2026-07-09T21:36:22Z
2026-07-09T21:35:56Z,2026-07-09T23:35:56+0200,83b77581-3cb7-46c3-93db-5c164f059f55,2026-06-20T06:00:00Z,2026-06-20T08:00:00+0200,100.86,MW,BE,BE,actual_offshore_wind_generation,Wind Offshore | Actual Aggregated,2026-07-09T21:36:22Z
2026-07-09T21:35:56Z,2026-07-09T23:35:56+0200,83b77581-3cb7-46c3-93db-5c164f059f55,2026-06-20T07:00:00Z,2026-06-20T09:00:00+0200,88.64,MW,BE,BE,actual_offshore_wind_generation,Wind Offshore | Actual Aggregated,2026-07-09T21:36:22Z
2026-07-09T21:35:56Z,2026-07-09T23:35:56+0200,83b77581-3cb7-46c3-93db-5c164f059f55,2026-06-20T08:00:00Z,2026-06-20T10:00:00+0200,125.0075,MW,BE,BE,actual_offshore_wind_generation,Wind Offshore | Actual Aggregated,2026-07-09T21:36:22Z
2026-07-09T21:35:56Z,2026-07-09T23:35:56+0200,83b77581-3cb7-46c3-93db-5c164f059f55,2026-06-20T09:00:00Z,2026-06-20T11:00:00+0200,173.845,MW,BE,BE,actual_offshore_wind_generation,Wind Offshore | Actual Aggregated,2026-07-09T21:36:22Z
2026-07-09T21:35:56Z,2026-07-09T23:35:56+0200,83b77581-3cb7-46c3-93db-5c164f059f55,2026-06-20T10:00:00Z,2026-06-20T12:00:00+0200,156.0375,MW,BE,BE,actual_offshore_wind_generation,Wind Offshore | Actual Aggregated,2026-07-09T21:36:22Z
2026-07-09T21:35:56Z,2026-07-09T23:35:56+0200,83b77581-3cb7-46c3-93db-5c164f059f55,2026-06-20T11:00:00Z,2026-06-20T13:00:00+0200,66.525,MW,BE,BE,actual_offshore_wind_generation,Wind Offshore | Actual Aggregated,2026-07-09T21:36:22Z
2026-07-09T21:35:56Z,2026-07-09T23:35:56+0200,83b77581-3cb7-46c3-93db-5c164f059f55,2026-06-20T12:00:00Z,2026-06-20T14:00:00+0200,36.635,MW,BE,BE,actual_offshore_wind_generation,Wind Offshore | Actual Aggregated,2026-07-09T21:36:22Z
2026-07-09T21:35:56Z,2026-07-09T23:35:56+0200,83b77581-3cb7-46c3-93db-5c164f059f55,2026-06-20T12:00:00Z,2026-06-20T14:00:00+0200,2.415,MW,BE,BE,actual_offshore_wind_generation,Wind Offshore | Actual Consumption,2026-07-09T21:36:22Z
2026-07-09T21:35:56Z,2026-07-09T23:35:56+0200,83b77581-3cb7-46c3-93db-5c164f059f55,2026-06-20T13:00:00Z,2026-06-20T15:00:00+0200,31.45,MW,BE,BE,actual_offshore_wind_generation,Wind Offshore | Actual Aggregated,2026-07-09T21:36:22Z
2026-07-09T21:35:56Z,2026-07-09T23:35:56+0200,83b77581-3cb7-46c3-93db-5c164f059f55,2026-06-20T13:00:00Z,2026-06-20T15:00:00+0200,3.825,MW,BE,BE,actual_offshore_wind_generation,Wind Offshore | Actual Consumption,2026-07-09T21:36:22Z
2026-07-09T21:35:56Z,2026-07-09T23:35:56+0200,83b77581-3cb7-46c3-93db-5c164f059f55,2026-06-20T14:00:00Z,2026-06-20T16:00:00+0200,22.0275,MW,BE,BE,actual_offshore_wind_generation,Wind Offshore | Actual Aggregated,2026-07-09T21:36:22Z
2026-07-09T21:35:56Z,2026-07-09T23:35:56+0200,83b77581-3cb7-46c3-93db-5c164f059f55,2026-06-20T15:00:00Z,2026-06-20T17:00:00+0200,22.6325,MW,BE,BE,actual_offshore_wind_generation,Wind Offshore | Actual Aggregated,2026-07-09T21:36:22Z
2026-07-09T21:35:56Z,2026-07-09T23:35:56+0200,83b77581-3cb7-46c3-93db-5c164f059f55,2026-06-20T16:00:00Z,2026-06-20T18:00:00+0200,20.36,MW,BE,BE,actual_offshore_wind_generation,Wind Offshore | Actual Consumption,2026-07-09T21:36:22Z
2026-07-09T21:35:56Z,2026-07-09T23:35:56+0200,83b77581-3cb7-46c3-93db-5c164f059f55,2026-06-20T17:00:00Z,2026-06-20T19:00:00+0200,30.0725,MW,BE,BE,actual_offshore_wind_generation,Wind Offshore | Actual Consumption,2026-07-09T21:36:22Z
2026-07-09T21:35:56Z,2026-07-09T23:35:56+0200,83b77581-3cb7-46c3-93db-5c164f059f55,2026-06-20T18:00:00Z,2026-06-20T20:00:00+0200,29.74,MW,BE,BE,actual_offshore_wind_generation,Wind Offshore | Actual Consumption,2026-07-09T21:36:22Z
2026-07-09T21:35:56Z,2026-07-09T23:35:56+0200,83b77581-3cb7-46c3-93db-5c164f059f55,2026-06-20T19:00:00Z,2026-06-20T21:00:00+0200,27.7875,MW,BE,BE,actual_offshore_wind_generation,Wind Offshore | Actual Consumption,2026-07-09T21:36:22Z
2026-07-09T21:35:56Z,2026-07-09T23:35:56+0200,83b77581-3cb7-46c3-93db-5c164f059f55,2026-06-20T20:00:00Z,2026-06-20T22:00:00+0200,1.2575,MW,BE,BE,actual_offshore_wind_generation,Wind Offshore | Actual Aggregated,2026-07-09T21:36:22Z
2026-07-09T21:35:56Z,2026-07-09T23:35:56+0200,83b77581-3cb7-46c3-93db-5c164f059f55,2026-06-20T20:00:00Z,2026-06-20T22:00:00+0200,14.035,MW,BE,BE,actual_offshore_wind_generation,Wind Offshore | Actual Consumption,2026-07-09T21:36:22Z
2026-07-09T21:35:56Z,2026-07-09T23:35:56+0200,83b77581-3cb7-46c3-93db-5c164f059f55,2026-06-20T21:00:00Z,2026-06-20T23:00:00+0200,13.7775,MW,BE,BE,actual_offshore_wind_generation,Wind Offshore | Actual Consumption,2026-07-09T21:36:22Z
2026-07-09T21:35:56Z,2026-07-09T23:35:56+0200,83b77581-3cb7-46c3-93db-5c164f059f55,2026-06-20T22:00:00Z,2026-06-21T00:00:00+0200,30.565,MW,BE,BE,actual_offshore_wind_generation,Wind Offshore | Actual Consumption,2026-07-09T21:36:22Z
2026-07-09T21:35:56Z,2026-07-09T23:35:56+0200,83b77581-3cb7-46c3-93db-5c164f059f55,2026-06-20T23:00:00Z,2026-06-21T01:00:00+0200,24.665,MW,BE,BE,actual_offshore_wind_generation,Wind Offshore | Actual Consumption,2026-07-09T21:36:22Z
2026-07-09T21:35:56Z,2026-07-09T23:35:56+0200,83b77581-3cb7-46c3-93db-5c164f059f55,2026-06-21T00:00:00Z,2026-06-21T02:00:00+0200,49.8975,MW,BE,BE,actual_offshore_wind_generation,Wind Offshore | Actual Aggregated,2026-07-09T21:36:22Z
2026-07-09T21:35:56Z,2026-07-09T23:35:56+0200,83b77581-3cb7-46c3-93db-5c164f059f55,2026-06-21T01:00:00Z,2026-06-21T03:00:00+0200,14.76,MW,BE,BE,actual_offshore_wind_generation,Wind Offshore | Actual Consumption,2026-07-09T21:36:22Z
2026-07-09T21:35:56Z,2026-07-09T23:35:56+0200,83b77581-3cb7-46c3-93db-5c164f059f55,2026-06-21T02:00:00Z,2026-06-21T04:00:00+0200,29.6,MW,BE,BE,actual_offshore_wind_generation,Wind Offshore | Actual Consumption,2026-07-09T21:36:22Z
2026-07-09T21:35:56Z,2026-07-09T23:35:56+0200,83b77581-3cb7-46c3-93db-5c164f059f55,2026-06-21T03:00:00Z,2026-06-21T05:00:00+0200,30.1175,MW,BE,BE,actual_offshore_wind_generation,Wind Offshore | Actual Consumption,2026-07-09T21:36:22Z
2026-07-09T21:35:56Z,2026-07-09T23:35:56+0200,83b77581-3cb7-46c3-93db-5c164f059f55,2026-06-21T04:00:00Z,2026-06-21T06:00:00+0200,30.4875,MW,BE,BE,actual_offshore_wind_generation,Wind Offshore | Actual Consumption,2026-07-09T21:36:22Z
2026-07-09T21:35:56Z,2026-07-09T23:35:56+0200,83b77581-3cb7-46c3-93db-5c164f059f55,2026-06-21T05:00:00Z,2026-06-21T07:00:00+0200,30.365,MW,BE,BE,actual_offshore_wind_generation,Wind Offshore | Actual Consumption,2026-07-09T21:36:22Z
2026-07-09T21:35:56Z,2026-07-09T23:35:56+0200,83b77581-3cb7-46c3-93db-5c164f059f55,2026-06-21T06:00:00Z,2026-06-21T08:00:00+0200,29.7425,MW,BE,BE,actual_offshore_wind_generation,Wind Offshore | Actual Consumption,2026-07-09T21:36:22Z
2026-07-09T21:35:56Z,2026-07-09T23:35:56+0200,83b77581-3cb7-46c3-93db-5c164f059f55,2026-06-21T07:00:00Z,2026-06-21T09:00:00+0200,28.76,MW,BE,BE,actual_offshore_wind_generation,Wind Offshore | Actual Consumption,2026-07-09T21:36:22Z
2026-07-09T21:35:56Z,2026-07-09T23:35:56+0200,83b77581-3cb7-46c3-93db-5c164f059f55,2026-06-21T08:00:00Z,2026-06-21T10:00:00+0200,27.4025,MW,BE,BE,actual_offshore_wind_generation,Wind Offshore | Actual Consumption,2026-07-09T21:36:22Z
2026-07-09T21:35:56Z,2026-07-09T23:35:56+0200,83b77581-3cb7-46c3-93db-5c164f059f55,2026-06-21T09:00:00Z,2026-06-21T11:00:00+0200,25.6325,MW,BE,BE,actual_offshore_wind_generation,Wind Offshore | Actual Consumption,2026-07-09T21:36:22Z
2026-07-09T21:35:56Z,2026-07-09T23:35:56+0200,83b77581-3cb7-46c3-93db-5c164f059f55,2026-06-21T10:00:00Z,2026-06-21T12:00:00+0200,5.9875,MW,BE,BE,actual_offshore_wind_generation,Wind Offshore | Actual Aggregated,2026-07-09T21:36:22Z
2026-07-09T21:35:56Z,2026-07-09T23:35:56+0200,83b77581-3cb7-46c3-93db-5c164f059f55,2026-06-21T10:00:00Z,2026-06-21T12:00:00+0200,4.7425,MW,BE,BE,actual_offshore_wind_generation,Wind Offshore | Actual Consumption,2026-07-09T21:36:22Z
2026-07-09T21:35:56Z,2026-07-09T23:35:56+0200,83b77581-3cb7-46c3-93db-5c164f059f55,2026-06-21T11:00:00Z,2026-06-21T13:00:00+0200,69.945,MW,BE,BE,actual_offshore_wind_generation,Wind Offshore | Actual Aggregated,2026-07-09T21:36:22Z
2026-07-09T21:35:56Z,2026-07-09T23:35:56+0200,83b77581-3cb7-46c3-93db-5c164f059f55,2026-06-21T12:00:00Z,2026-06-21T14:00:00+0200,81.98,MW,BE,BE,actual_offshore_wind_generation,Wind Offshore | Actual Aggregated,2026-07-09T21:36:22Z
2026-07-09T21:35:56Z,2026-07-09T23:35:56+0200,83b77581-3cb7-46c3-93db-5c164f059f55,2026-06-21T13:00:00Z,2026-06-21T15:00:00+0200,52.0325,MW,BE,BE,actual_offshore_wind_generation,Wind Offshore | Actual Aggregated,2026-07-09T21:36:22Z
2026-07-09T21:35:56Z,2026-07-09T23:35:56+0200,83b77581-3cb7-46c3-93db-5c164f059f55,2026-06-21T14:00:00Z,2026-06-21T16:00:00+0200,42.135,MW,BE,BE,actual_offshore_wind_generation,Wind Offshore | Actual Aggregated,2026-07-09T21:36:22Z
2026-07-09T21:35:56Z,2026-07-09T23:35:56+0200,83b77581-3cb7-46c3-93db-5c164f059f55,2026-06-21T15:00:00Z,2026-06-21T17:00:00+0200,91.455,MW,BE,BE,actual_offshore_wind_generation,Wind Offshore | Actual Aggregated,2026-07-09T21:36:22Z
2026-07-09T21:35:56Z,2026-07-09T23:35:56+0200,83b77581-3cb7-46c3-93db-5c164f059f55,2026-06-21T16:00:00Z,2026-06-21T18:00:00+0200,90.3625,MW,BE,BE,actual_offshore_wind_generation,Wind Offshore | Actual Aggregated,2026-07-09T21:36:22Z
2026-07-09T21:35:56Z,2026-07-09T23:35:56+0200,83b77581-3cb7-46c3-93db-5c164f059f55,2026-06-21T17:00:00Z,2026-06-21T19:00:00+0200,176.9525,MW,BE,BE,actual_offshore_wind_generation,Wind Offshore | Actual Aggregated,2026-07-09T21:36:22Z
2026-07-09T21:35:56Z,2026-07-09T23:35:56+0200,83b77581-3cb7-46c3-93db-5c164f059f55,2026-06-21T18:00:00Z,2026-06-21T20:00:00+0200,148.4025,MW,BE,BE,actual_offshore_wind_generation,Wind Offshore | Actual Aggregated,2026-07-09T21:36:22Z
2026-07-09T21:35:56Z,2026-07-09T23:35:56+0200,83b77581-3cb7-46c3-93db-5c164f059f55,2026-06-21T19:00:00Z,2026-06-21T21:00:00+0200,140.2475,MW,BE,BE,actual_offshore_wind_generation,Wind Offshore | Actual Aggregated,2026-07-09T21:36:22Z
2026-07-09T21:35:56Z,2026-07-09T23:35:56+0200,83b77581-3cb7-46c3-93db-5c164f059f55,2026-06-21T20:00:00Z,2026-06-21T22:00:00+0200,198.495,MW,BE,BE,actual_offshore_wind_generation,Wind Offshore | Actual Aggregated,2026-07-09T21:36:22Z
2026-07-09T21:35:56Z,2026-07-09T23:35:56+0200,83b77581-3cb7-46c3-93db-5c164f059f55,2026-06-21T21:00:00Z,2026-06-21T23:00:00+0200,306.8425,MW,BE,BE,actual_offshore_wind_generation,Wind Offshore | Actual Aggregated,2026-07-09T21:36:22Z
2026-07-09T21:35:56Z,2026-07-09T23:35:56+0200,83b77581-3cb7-46c3-93db-5c164f059f55,2026-06-21T22:00:00Z,2026-06-22T00:00:00+0200,382.5775,MW,BE,BE,actual_offshore_wind_generation,Wind Offshore | Actual Aggregated,2026-07-09T21:36:22Z
2026-07-09T21:35:56Z,2026-07-09T23:35:56+0200,83b77581-3cb7-46c3-93db-5c164f059f55,2026-06-21T23:00:00Z,2026-06-22T01:00:00+0200,391.3575,MW,BE,BE,actual_offshore_wind_generation,Wind Offshore | Actual Aggregated,2026-07-09T21:36:22Z
2026-07-09T21:35:56Z,2026-07-09T23:35:56+0200,83b77581-3cb7-46c3-93db-5c164f059f55,2026-06-22T00:00:00Z,2026-06-22T02:00:00+0200,335.25,MW,BE,BE,actual_offshore_wind_generation,Wind Offshore | Actual Aggregated,2026-07-09T21:36:22Z
2026-07-09T21:35:56Z,2026-07-09T23:35:56+0200,83b77581-3cb7-46c3-93db-5c164f059f55,2026-06-22T01:00:00Z,2026-06-22T03:00:00+0200,351.435,MW,BE,BE,actual_offshore_wind_generation,Wind Offshore | Actual Aggregated,2026-07-09T21:36:22Z
2026-07-09T21:35:56Z,2026-07-09T23:35:56+0200,83b77581-3cb7-46c3-93db-5c164f059f55,2026-06-22T02:00:00Z,2026-06-22T04:00:00+0200,378.9725,MW,BE,BE,actual_offshore_wind_generation,Wind Offshore | Actual Aggregated,2026-07-09T21:36:22Z
2026-07-09T21:35:56Z,2026-07-09T23:35:56+0200,83b77581-3cb7-46c3-93db-5c164f059f55,2026-06-22T03:00:00Z,2026-06-22T05:00:00+0200,436.3375,MW,BE,BE,actual_offshore_wind_generation,Wind Offshore | Actual Aggregated,2026-07-09T21:36:22Z
2026-07-09T21:35:56Z,2026-07-09T23:35:56+0200,83b77581-3cb7-46c3-93db-5c164f059f55,2026-06-22T04:00:00Z,2026-06-22T06:00:00+0200,423.555,MW,BE,BE,actual_offshore_wind_generation,Wind Offshore | Actual Aggregated,2026-07-09T21:36:22Z
2026-07-09T21:35:56Z,2026-07-09T23:35:56+0200,83b77581-3cb7-46c3-93db-5c164f059f55,2026-06-22T05:00:00Z,2026-06-22T07:00:00+0200,420.905,MW,BE,BE,actual_offshore_wind_generation,Wind Offshore | Actual Aggregated,2026-07-09T21:36:22Z
2026-07-09T21:35:56Z,2026-07-09T23:35:56+0200,83b77581-3cb7-46c3-93db-5c164f059f55,2026-06-22T06:00:00Z,2026-06-22T08:00:00+0200,376.84,MW,BE,BE,actual_offshore_wind_generation,Wind Offshore | Actual Aggregated,2026-07-09T21:36:22Z
2026-07-09T21:35:56Z,2026-07-09T23:35:56+0200,83b77581-3cb7-46c3-93db-5c164f059f55,2026-06-22T07:00:00Z,2026-06-22T09:00:00+0200,293.645,MW,BE,BE,actual_offshore_wind_generation,Wind Offshore | Actual Aggregated,2026-07-09T21:36:22Z
2026-07-09T21:35:56Z,2026-07-09T23:35:56+0200,83b77581-3cb7-46c3-93db-5c164f059f55,2026-06-22T08:00:00Z,2026-06-22T10:00:00+0200,343.2575,MW,BE,BE,actual_offshore_wind_generation,Wind Offshore | Actual Aggregated,2026-07-09T21:36:22Z
2026-07-09T21:35:56Z,2026-07-09T23:35:56+0200,83b77581-3cb7-46c3-93db-5c164f059f55,2026-06-22T09:00:00Z,2026-06-22T11:00:00+0200,404.885,MW,BE,BE,actual_offshore_wind_generation,Wind Offshore | Actual Aggregated,2026-07-09T21:36:22Z
2026-07-09T21:35:56Z,2026-07-09T23:35:56+0200,83b77581-3cb7-46c3-93db-5c164f059f55,2026-06-22T10:00:00Z,2026-06-22T12:00:00+0200,435.76,MW,BE,BE,actual_offshore_wind_generation,Wind Offshore | Actual Aggregated,2026-07-09T21:36:22Z
2026-07-09T21:35:56Z,2026-07-09T23:35:56+0200,83b77581-3cb7-46c3-93db-5c164f059f55,2026-06-22T11:00:00Z,2026-06-22T13:00:00+0200,471.015,MW,BE,BE,actual_offshore_wind_generation,Wind Offshore | Actual Aggregated,2026-07-09T21:36:22Z
2026-07-09T21:35:56Z,2026-07-09T23:35:56+0200,83b77581-3cb7-46c3-93db-5c164f059f55,2026-06-22T12:00:00Z,2026-06-22T14:00:00+0200,592.3225,MW,BE,BE,actual_offshore_wind_generation,Wind Offshore | Actual Aggregated,2026-07-09T21:36:22Z
2026-07-09T21:35:56Z,2026-07-09T23:35:56+0200,83b77581-3cb7-46c3-93db-5c164f059f55,2026-06-22T13:00:00Z,2026-06-22T15:00:00+0200,547.3925,MW,BE,BE,actual_offshore_wind_generation,Wind Offshore | Actual Aggregated,2026-07-09T21:36:22Z
2026-07-09T21:35:56Z,2026-07-09T23:35:56+0200,83b77581-3cb7-46c3-93db-5c164f059f55,2026-06-22T14:00:00Z,2026-06-22T16:00:00+0200,478.575,MW,BE,BE,actual_offshore_wind_generation,Wind Offshore | Actual Aggregated,2026-07-09T21:36:22Z
2026-07-09T21:35:56Z,2026-07-09T23:35:56+0200,83b77581-3cb7-46c3-93db-5c164f059f55,2026-06-22T15:00:00Z,2026-06-22T17:00:00+0200,383.2425,MW,BE,BE,actual_offshore_wind_generation,Wind Offshore | Actual Aggregated,2026-07-09T21:36:22Z
2026-07-09T21:35:56Z,2026-07-09T23:35:56+0200,83b77581-3cb7-46c3-93db-5c164f059f55,2026-06-22T16:00:00Z,2026-06-22T18:00:00+0200,389.3025,MW,BE,BE,actual_offshore_wind_generation,Wind Offshore | Actual Aggregated,2026-07-09T21:36:22Z
2026-07-09T21:35:56Z,2026-07-09T23:35:56+0200,83b77581-3cb7-46c3-93db-5c164f059f55,2026-06-22T17:00:00Z,2026-06-22T19:00:00+0200,396.6375,MW,BE,BE,actual_offshore_wind_generation,Wind Offshore | Actual Aggregated,2026-07-09T21:36:22Z
2026-07-09T21:35:56Z,2026-07-09T23:35:56+0200,83b77581-3cb7-46c3-93db-5c164f059f55,2026-06-22T18:00:00Z,2026-06-22T20:00:00+0200,313.955,MW,BE,BE,actual_offshore_wind_generation,Wind Offshore | Actual Aggregated,2026-07-09T21:36:22Z
2026-07-09T21:35:56Z,2026-07-09T23:35:56+0200,83b77581-3cb7-46c3-93db-5c164f059f55,2026-06-22T19:00:00Z,2026-06-22T21:00:00+0200,189.95,MW,BE,BE,actual_offshore_wind_generation,Wind Offshore | Actual Aggregated,2026-07-09T21:36:22Z
2026-07-09T21:35:56Z,2026-07-09T23:35:56+0200,83b77581-3cb7-46c3-93db-5c164f059f55,2026-06-22T20:00:00Z,2026-06-22T22:00:00+0200,211.43,MW,BE,BE,actual_offshore_wind_generation,Wind Offshore | Actual Aggregated,2026-07-09T21:36:22Z
2026-07-09T21:35:56Z,2026-07-09T23:35:56+0200,83b77581-3cb7-46c3-93db-5c164f059f55,2026-06-22T21:00:00Z,2026-06-22T23:00:00+0200,250.42,MW,BE,BE,actual_offshore_wind_generation,Wind Offshore | Actual Aggregated,2026-07-09T21:36:22Z
2026-07-09T21:35:56Z,2026-07-09T23:35:56+0200,83b77581-3cb7-46c3-93db-5c164f059f55,2026-06-22T22:00:00Z,2026-06-23T00:00:00+0200,273.87,MW,BE,BE,actual_offshore_wind_generation,Wind Offshore | Actual Aggregated,2026-07-09T21:36:22Z
2026-07-09T21:35:56Z,2026-07-09T23:35:56+0200,83b77581-3cb7-46c3-93db-5c164f059f55,2026-06-22T23:00:00Z,2026-06-23T01:00:00+0200,236.1425,MW,BE,BE,actual_offshore_wind_generation,Wind Offshore | Actual Aggregated,2026-07-09T21:36:22Z
2026-07-09T21:35:56Z,2026-07-09T23:35:56+0200,83b77581-3cb7-46c3-93db-5c164f059f55,2026-06-23T00:00:00Z,2026-06-23T02:00:00+0200,521.5275,MW,BE,BE,actual_offshore_wind_generation,Wind Offshore | Actual Aggregated,2026-07-09T21:36:22Z
2026-07-09T21:35:56Z,2026-07-09T23:35:56+0200,83b77581-3cb7-46c3-93db-5c164f059f55,2026-06-23T01:00:00Z,2026-06-23T03:00:00+0200,516.4125,MW,BE,BE,actual_offshore_wind_generation,Wind Offshore | Actual Aggregated,2026-07-09T21:36:22Z
2026-07-09T21:35:56Z,2026-07-09T23:35:56+0200,83b77581-3cb7-46c3-93db-5c164f059f55,2026-06-23T02:00:00Z,2026-06-23T04:00:00+0200,208.9975,MW,BE,BE,actual_offshore_wind_generation,Wind Offshore | Actual Aggregated,2026-07-09T21:36:22Z
2026-07-09T21:35:56Z,2026-07-09T23:35:56+0200,83b77581-3cb7-46c3-93db-5c164f059f55,2026-06-23T03:00:00Z,2026-06-23T05:00:00+0200,121.83,MW,BE,BE,actual_offshore_wind_generation,Wind Offshore | Actual Aggregated,2026-07-09T21:36:22Z
2026-07-09T21:35:56Z,2026-07-09T23:35:56+0200,83b77581-3cb7-46c3-93db-5c164f059f55,2026-06-23T04:00:00Z,2026-06-23T06:00:00+0200,20.48,MW,BE,BE,actual_offshore_wind_generation,Wind Offshore | Actual Aggregated,2026-07-09T21:36:22Z
2026-07-09T21:35:56Z,2026-07-09T23:35:56+0200,83b77581-3cb7-46c3-93db-5c164f059f55,2026-06-23T04:00:00Z,2026-06-23T06:00:00+0200,13.475,MW,BE,BE,actual_offshore_wind_generation,Wind Offshore | Actual Consumption,2026-07-09T21:36:22Z
2026-07-09T21:35:56Z,2026-07-09T23:35:56+0200,83b77581-3cb7-46c3-93db-5c164f059f55,2026-06-23T05:00:00Z,2026-06-23T07:00:00+0200,27.6325,MW,BE,BE,actual_offshore_wind_generation,Wind Offshore | Actual Consumption,2026-07-09T21:36:22Z
2026-07-09T21:35:56Z,2026-07-09T23:35:56+0200,83b77581-3cb7-46c3-93db-5c164f059f55,2026-06-23T06:00:00Z,2026-06-23T08:00:00+0200,24.4925,MW,BE,BE,actual_offshore_wind_generation,Wind Offshore | Actual Consumption,2026-07-09T21:36:22Z
2026-07-09T21:35:56Z,2026-07-09T23:35:56+0200,83b77581-3cb7-46c3-93db-5c164f059f55,2026-06-23T07:00:00Z,2026-06-23T09:00:00+0200,12.18,MW,BE,BE,actual_offshore_wind_generation,Wind Offshore | Actual Aggregated,2026-07-09T21:36:22Z
2026-07-09T21:35:56Z,2026-07-09T23:35:56+0200,83b77581-3cb7-46c3-93db-5c164f059f55,2026-06-23T07:00:00Z,2026-06-23T09:00:00+0200,6.3425,MW,BE,BE,actual_offshore_wind_generation,Wind Offshore | Actual Consumption,2026-07-09T21:36:22Z
2026-07-09T21:35:56Z,2026-07-09T23:35:56+0200,83b77581-3cb7-46c3-93db-5c164f059f55,2026-06-23T08:00:00Z,2026-06-23T10:00:00+0200,21.2975,MW,BE,BE,actual_offshore_wind_generation,Wind Offshore | Actual Aggregated,2026-07-09T21:36:22Z
2026-07-09T21:35:56Z,2026-07-09T23:35:56+0200,83b77581-3cb7-46c3-93db-5c164f059f55,2026-06-23T09:00:00Z,2026-06-23T11:00:00+0200,6.6375,MW,BE,BE,actual_offshore_wind_generation,Wind Offshore | Actual Aggregated,2026-07-09T21:36:22Z
2026-07-09T21:35:56Z,2026-07-09T23:35:56+0200,83b77581-3cb7-46c3-93db-5c164f059f55,2026-06-23T09:00:00Z,2026-06-23T11:00:00+0200,7.1725,MW,BE,BE,actual_offshore_wind_generation,Wind Offshore | Actual Consumption,2026-07-09T21:36:22Z
2026-07-09T21:35:56Z,2026-07-09T23:35:56+0200,83b77581-3cb7-46c3-93db-5c164f059f55,2026-06-23T10:00:00Z,2026-06-23T12:00:00+0200,17.14,MW,BE,BE,actual_offshore_wind_generation,Wind Offshore | Actual Aggregated,2026-07-09T21:36:22Z
2026-07-09T21:35:56Z,2026-07-09T23:35:56+0200,83b77581-3cb7-46c3-93db-5c164f059f55,2026-06-23T10:00:00Z,2026-06-23T12:00:00+0200,2.43,MW,BE,BE,actual_offshore_wind_generation,Wind Offshore | Actual Consumption,2026-07-09T21:36:22Z
2026-07-09T21:35:56Z,2026-07-09T23:35:56+0200,83b77581-3cb7-46c3-93db-5c164f059f55,2026-06-23T11:00:00Z,2026-06-23T13:00:00+0200,3.42,MW,BE,BE,actual_offshore_wind_generation,Wind Offshore | Actual Aggregated,2026-07-09T21:36:22Z
2026-07-09T21:35:56Z,2026-07-09T23:35:56+0200,83b77581-3cb7-46c3-93db-5c164f059f55,2026-06-23T12:00:00Z,2026-06-23T14:00:00+0200,16.49,MW,BE,BE,actual_offshore_wind_generation,Wind Offshore | Actual Aggregated,2026-07-09T21:36:22Z
2026-07-09T21:35:56Z,2026-07-09T23:35:56+0200,83b77581-3cb7-46c3-93db-5c164f059f55,2026-06-23T13:00:00Z,2026-06-23T15:00:00+0200,51.42,MW,BE,BE,actual_offshore_wind_generation,Wind Offshore | Actual Aggregated,2026-07-09T21:36:22Z
2026-07-09T21:35:56Z,2026-07-09T23:35:56+0200,83b77581-3cb7-46c3-93db-5c164f059f55,2026-06-23T14:00:00Z,2026-06-23T16:00:00+0200,54.46,MW,BE,BE,actual_offshore_wind_generation,Wind Offshore | Actual Aggregated,2026-07-09T21:36:22Z
2026-07-09T21:35:56Z,2026-07-09T23:35:56+0200,83b77581-3cb7-46c3-93db-5c164f059f55,2026-06-23T15:00:00Z,2026-06-23T17:00:00+0200,45.525,MW,BE,BE,actual_offshore_wind_generation,Wind Offshore | Actual Aggregated,2026-07-09T21:36:22Z
2026-07-09T21:35:56Z,2026-07-09T23:35:56+0200,83b77581-3cb7-46c3-93db-5c164f059f55,2026-06-23T16:00:00Z,2026-06-23T18:00:00+0200,50.595,MW,BE,BE,actual_offshore_wind_generation,Wind Offshore | Actual Aggregated,2026-07-09T21:36:22Z
2026-07-09T21:35:56Z,2026-07-09T23:35:56+0200,83b77581-3cb7-46c3-93db-5c164f059f55,2026-06-23T17:00:00Z,2026-06-23T19:00:00+0200,152.7725,MW,BE,BE,actual_offshore_wind_generation,Wind Offshore | Actual Aggregated,2026-07-09T21:36:22Z
2026-07-09T21:35:56Z,2026-07-09T23:35:56+0200,83b77581-3cb7-46c3-93db-5c164f059f55,2026-06-23T18:00:00Z,2026-06-23T20:00:00+0200,125.725,MW,BE,BE,actual_offshore_wind_generation,Wind Offshore | Actual Aggregated,2026-07-09T21:36:22Z
2026-07-09T21:35:56Z,2026-07-09T23:35:56+0200,83b77581-3cb7-46c3-93db-5c164f059f55,2026-06-23T19:00:00Z,2026-06-23T21:00:00+0200,108.0175,MW,BE,BE,actual_offshore_wind_generation,Wind Offshore | Actual Aggregated,2026-07-09T21:36:22Z
2026-07-09T21:35:56Z,2026-07-09T23:35:56+0200,83b77581-3cb7-46c3-93db-5c164f059f55,2026-06-23T20:00:00Z,2026-06-23T22:00:00+0200,127.8575,MW,BE,BE,actual_offshore_wind_generation,Wind Offshore | Actual Aggregated,2026-07-09T21:36:22Z
2026-07-09T21:35:56Z,2026-07-09T23:35:56+0200,83b77581-3cb7-46c3-93db-5c164f059f55,2026-06-23T21:00:00Z,2026-06-23T23:00:00+0200,148.1075,MW,BE,BE,actual_offshore_wind_generation,Wind Offshore | Actual Aggregated,2026-07-09T21:36:22Z
2026-07-09T21:35:56Z,2026-07-09T23:35:56+0200,83b77581-3cb7-46c3-93db-5c164f059f55,2026-06-23T22:00:00Z,2026-06-24T00:00:00+0200,169.9925,MW,BE,BE,actual_offshore_wind_generation,Wind Offshore | Actual Aggregated,2026-07-09T21:36:22Z
2026-07-09T21:35:56Z,2026-07-09T23:35:56+0200,83b77581-3cb7-46c3-93db-5c164f059f55,2026-06-23T23:00:00Z,2026-06-24T01:00:00+0200,154.24,MW,BE,BE,actual_offshore_wind_generation,Wind Offshore | Actual Aggregated,2026-07-09T21:36:22Z
2026-07-09T21:35:56Z,2026-07-09T23:35:56+0200,83b77581-3cb7-46c3-93db-5c164f059f55,2026-06-24T00:00:00Z,2026-06-24T02:00:00+0200,154.5025,MW,BE,BE,actual_offshore_wind_generation,Wind Offshore | Actual Aggregated,2026-07-09T21:36:22Z
2026-07-09T21:35:56Z,2026-07-09T23:35:56+0200,83b77581-3cb7-46c3-93db-5c164f059f55,2026-06-24T01:00:00Z,2026-06-24T03:00:00+0200,118.735,MW,BE,BE,actual_offshore_wind_generation,Wind Offshore | Actual Aggregated,2026-07-09T21:36:22Z
2026-07-09T21:35:56Z,2026-07-09T23:35:56+0200,83b77581-3cb7-46c3-93db-5c164f059f55,2026-06-24T02:00:00Z,2026-06-24T04:00:00+0200,155.43,MW,BE,BE,actual_offshore_wind_generation,Wind Offshore | Actual Aggregated,2026-07-09T21:36:22Z
2026-07-09T21:35:56Z,2026-07-09T23:35:56+0200,83b77581-3cb7-46c3-93db-5c164f059f55,2026-06-24T03:00:00Z,2026-06-24T05:00:00+0200,137.07,MW,BE,BE,actual_offshore_wind_generation,Wind Offshore | Actual Aggregated,2026-07-09T21:36:22Z
2026-07-09T21:35:56Z,2026-07-09T23:35:56+0200,83b77581-3cb7-46c3-93db-5c164f059f55,2026-06-24T04:00:00Z,2026-06-24T06:00:00+0200,123.9525,MW,BE,BE,actual_offshore_wind_generation,Wind Offshore | Actual Aggregated,2026-07-09T21:36:22Z
2026-07-09T21:35:56Z,2026-07-09T23:35:56+0200,83b77581-3cb7-46c3-93db-5c164f059f55,2026-06-24T05:00:00Z,2026-06-24T07:00:00+0200,106.34,MW,BE,BE,actual_offshore_wind_generation,Wind Offshore | Actual Aggregated,2026-07-09T21:36:22Z
2026-07-09T21:35:56Z,2026-07-09T23:35:56+0200,83b77581-3cb7-46c3-93db-5c164f059f55,2026-06-24T06:00:00Z,2026-06-24T08:00:00+0200,71.305,MW,BE,BE,actual_offshore_wind_generation,Wind Offshore | Actual Aggregated,2026-07-09T21:36:22Z
2026-07-09T21:35:56Z,2026-07-09T23:35:56+0200,83b77581-3cb7-46c3-93db-5c164f059f55,2026-06-24T07:00:00Z,2026-06-24T09:00:00+0200,37.5525,MW,BE,BE,actual_offshore_wind_generation,Wind Offshore | Actual Aggregated,2026-07-09T21:36:22Z
2026-07-09T21:35:56Z,2026-07-09T23:35:56+0200,83b77581-3cb7-46c3-93db-5c164f059f55,2026-06-24T08:00:00Z,2026-06-24T10:00:00+0200,49.4825,MW,BE,BE,actual_offshore_wind_generation,Wind Offshore | Actual Aggregated,2026-07-09T21:36:22Z
2026-07-09T21:35:56Z,2026-07-09T23:35:56+0200,83b77581-3cb7-46c3-93db-5c164f059f55,2026-06-24T09:00:00Z,2026-06-24T11:00:00+0200,11.0875,MW,BE,BE,actual_offshore_wind_generation,Wind Offshore | Actual Aggregated,2026-07-09T21:36:22Z
2026-07-09T21:35:56Z,2026-07-09T23:35:56+0200,83b77581-3cb7-46c3-93db-5c164f059f55,2026-06-24T09:00:00Z,2026-06-24T11:00:00+0200,2.055,MW,BE,BE,actual_offshore_wind_generation,Wind Offshore | Actual Consumption,2026-07-09T21:36:22Z
2026-07-09T21:35:56Z,2026-07-09T23:35:56+0200,83b77581-3cb7-46c3-93db-5c164f059f55,2026-06-24T10:00:00Z,2026-06-24T12:00:00+0200,21.1575,MW,BE,BE,actual_offshore_wind_generation,Wind Offshore | Actual Consumption,2026-07-09T21:36:22Z
2026-07-09T21:35:56Z,2026-07-09T23:35:56+0200,83b77581-3cb7-46c3-93db-5c164f059f55,2026-06-24T11:00:00Z,2026-06-24T13:00:00+0200,27.8775,MW,BE,BE,actual_offshore_wind_generation,Wind Offshore | Actual Consumption,2026-07-09T21:36:22Z
2026-07-09T21:35:56Z,2026-07-09T23:35:56+0200,83b77581-3cb7-46c3-93db-5c164f059f55,2026-06-24T12:00:00Z,2026-06-24T14:00:00+0200,32.275,MW,BE,BE,actual_offshore_wind_generation,Wind Offshore | Actual Consumption,2026-07-09T21:36:22Z
2026-07-09T21:35:56Z,2026-07-09T23:35:56+0200,83b77581-3cb7-46c3-93db-5c164f059f55,2026-06-24T13:00:00Z,2026-06-24T15:00:00+0200,28.63,MW,BE,BE,actual_offshore_wind_generation,Wind Offshore | Actual Consumption,2026-07-09T21:36:22Z
2026-07-09T21:35:56Z,2026-07-09T23:35:56+0200,83b77581-3cb7-46c3-93db-5c164f059f55,2026-06-24T14:00:00Z,2026-06-24T16:00:00+0200,59.5475,MW,BE,BE,actual_offshore_wind_generation,Wind Offshore | Actual Aggregated,2026-07-09T21:36:22Z
2026-07-09T21:35:56Z,2026-07-09T23:35:56+0200,83b77581-3cb7-46c3-93db-5c164f059f55,2026-06-24T14:00:00Z,2026-06-24T16:00:00+0200,1.0475,MW,BE,BE,actual_offshore_wind_generation,Wind Offshore | Actual Consumption,2026-07-09T21:36:22Z
2026-07-09T21:35:56Z,2026-07-09T23:35:56+0200,83b77581-3cb7-46c3-93db-5c164f059f55,2026-06-24T15:00:00Z,2026-06-24T17:00:00+0200,187.18,MW,BE,BE,actual_offshore_wind_generation,Wind Offshore | Actual Aggregated,2026-07-09T21:36:22Z
2026-07-09T21:35:56Z,2026-07-09T23:35:56+0200,83b77581-3cb7-46c3-93db-5c164f059f55,2026-06-24T16:00:00Z,2026-06-24T18:00:00+0200,250.8725,MW,BE,BE,actual_offshore_wind_generation,Wind Offshore | Actual Aggregated,2026-07-09T21:36:22Z
2026-07-09T21:35:56Z,2026-07-09T23:35:56+0200,83b77581-3cb7-46c3-93db-5c164f059f55,2026-06-24T17:00:00Z,2026-06-24T19:00:00+0200,297.5425,MW,BE,BE,actual_offshore_wind_generation,Wind Offshore | Actual Aggregated,2026-07-09T21:36:22Z
2026-07-09T21:35:56Z,2026-07-09T23:35:56+0200,83b77581-3cb7-46c3-93db-5c164f059f55,2026-06-24T18:00:00Z,2026-06-24T20:00:00+0200,426.095,MW,BE,BE,actual_offshore_wind_generation,Wind Offshore | Actual Aggregated,2026-07-09T21:36:22Z
2026-07-09T21:35:56Z,2026-07-09T23:35:56+0200,83b77581-3cb7-46c3-93db-5c164f059f55,2026-06-24T19:00:00Z,2026-06-24T21:00:00+0200,565.785,MW,BE,BE,actual_offshore_wind_generation,Wind Offshore | Actual Aggregated,2026-07-09T21:36:22Z
2026-07-09T21:35:56Z,2026-07-09T23:35:56+0200,83b77581-3cb7-46c3-93db-5c164f059f55,2026-06-24T20:00:00Z,2026-06-24T22:00:00+0200,601.23,MW,BE,BE,actual_offshore_wind_generation,Wind Offshore | Actual Aggregated,2026-07-09T21:36:22Z
2026-07-09T21:35:56Z,2026-07-09T23:35:56+0200,83b77581-3cb7-46c3-93db-5c164f059f55,2026-06-24T21:00:00Z,2026-06-24T23:00:00+0200,536.7225,MW,BE,BE,actual_offshore_wind_generation,Wind Offshore | Actual Aggregated,2026-07-09T21:36:22Z
2026-07-09T21:35:56Z,2026-07-09T23:35:56+0200,83b77581-3cb7-46c3-93db-5c164f059f55,2026-06-24T22:00:00Z,2026-06-25T00:00:00+0200,494.195,MW,BE,BE,actual_offshore_wind_generation,Wind Offshore | Actual Aggregated,2026-07-09T21:36:22Z
2026-07-09T21:35:56Z,2026-07-09T23:35:56+0200,83b77581-3cb7-46c3-93db-5c164f059f55,2026-06-24T23:00:00Z,2026-06-25T01:00:00+0200,435.8,MW,BE,BE,actual_offshore_wind_generation,Wind Offshore | Actual Aggregated,2026-07-09T21:36:22Z
2026-07-09T21:35:56Z,2026-07-09T23:35:56+0200,83b77581-3cb7-46c3-93db-5c164f059f55,2026-06-25T00:00:00Z,2026-06-25T02:00:00+0200,388.7075,MW,BE,BE,actual_offshore_wind_generation,Wind Offshore | Actual Aggregated,2026-07-09T21:36:22Z
2026-07-09T21:35:56Z,2026-07-09T23:35:56+0200,83b77581-3cb7-46c3-93db-5c164f059f55,2026-06-25T01:00:00Z,2026-06-25T03:00:00+0200,456.89,MW,BE,BE,actual_offshore_wind_generation,Wind Offshore | Actual Aggregated,2026-07-09T21:36:22Z
2026-07-09T21:35:56Z,2026-07-09T23:35:56+0200,83b77581-3cb7-46c3-93db-5c164f059f55,2026-06-25T02:00:00Z,2026-06-25T04:00:00+0200,487.3675,MW,BE,BE,actual_offshore_wind_generation,Wind Offshore | Actual Aggregated,2026-07-09T21:36:22Z
2026-07-09T21:35:56Z,2026-07-09T23:35:56+0200,83b77581-3cb7-46c3-93db-5c164f059f55,2026-06-25T03:00:00Z,2026-06-25T05:00:00+0200,488.03,MW,BE,BE,actual_offshore_wind_generation,Wind Offshore | Actual Aggregated,2026-07-09T21:36:22Z
2026-07-09T21:35:56Z,2026-07-09T23:35:56+0200,83b77581-3cb7-46c3-93db-5c164f059f55,2026-06-25T04:00:00Z,2026-06-25T06:00:00+0200,536.9875,MW,BE,BE,actual_offshore_wind_generation,Wind Offshore | Actual Aggregated,2026-07-09T21:36:22Z
2026-07-09T21:35:56Z,2026-07-09T23:35:56+0200,83b77581-3cb7-46c3-93db-5c164f059f55,2026-06-25T05:00:00Z,2026-06-25T07:00:00+0200,568.1925,MW,BE,BE,actual_offshore_wind_generation,Wind Offshore | Actual Aggregated,2026-07-09T21:36:22Z
2026-07-09T21:35:56Z,2026-07-09T23:35:56+0200,83b77581-3cb7-46c3-93db-5c164f059f55,2026-06-25T06:00:00Z,2026-06-25T08:00:00+0200,543.1725,MW,BE,BE,actual_offshore_wind_generation,Wind Offshore | Actual Aggregated,2026-07-09T21:36:22Z
2026-07-09T21:35:56Z,2026-07-09T23:35:56+0200,83b77581-3cb7-46c3-93db-5c164f059f55,2026-06-25T07:00:00Z,2026-06-25T09:00:00+0200,489.8225,MW,BE,BE,actual_offshore_wind_generation,Wind Offshore | Actual Aggregated,2026-07-09T21:36:22Z
2026-07-09T21:35:56Z,2026-07-09T23:35:56+0200,83b77581-3cb7-46c3-93db-5c164f059f55,2026-06-25T08:00:00Z,2026-06-25T10:00:00+0200,494.1725,MW,BE,BE,actual_offshore_wind_generation,Wind Offshore | Actual Aggregated,2026-07-09T21:36:22Z
2026-07-09T21:35:56Z,2026-07-09T23:35:56+0200,83b77581-3cb7-46c3-93db-5c164f059f55,2026-06-25T09:00:00Z,2026-06-25T11:00:00+0200,522.525,MW,BE,BE,actual_offshore_wind_generation,Wind Offshore | Actual Aggregated,2026-07-09T21:36:22Z
2026-07-09T21:35:56Z,2026-07-09T23:35:56+0200,83b77581-3cb7-46c3-93db-5c164f059f55,2026-06-25T10:00:00Z,2026-06-25T12:00:00+0200,441.955,MW,BE,BE,actual_offshore_wind_generation,Wind Offshore | Actual Aggregated,2026-07-09T21:36:22Z
2026-07-09T21:35:56Z,2026-07-09T23:35:56+0200,83b77581-3cb7-46c3-93db-5c164f059f55,2026-06-25T11:00:00Z,2026-06-25T13:00:00+0200,424.08,MW,BE,BE,actual_offshore_wind_generation,Wind Offshore | Actual Aggregated,2026-07-09T21:36:22Z
2026-07-09T21:35:56Z,2026-07-09T23:35:56+0200,83b77581-3cb7-46c3-93db-5c164f059f55,2026-06-25T12:00:00Z,2026-06-25T14:00:00+0200,441.2575,MW,BE,BE,actual_offshore_wind_generation,Wind Offshore | Actual Aggregated,2026-07-09T21:36:22Z
2026-07-09T21:35:56Z,2026-07-09T23:35:56+0200,83b77581-3cb7-46c3-93db-5c164f059f55,2026-06-25T13:00:00Z,2026-06-25T15:00:00+0200,477.5275,MW,BE,BE,actual_offshore_wind_generation,Wind Offshore | Actual Aggregated,2026-07-09T21:36:22Z
2026-07-09T21:35:56Z,2026-07-09T23:35:56+0200,83b77581-3cb7-46c3-93db-5c164f059f55,2026-06-25T14:00:00Z,2026-06-25T16:00:00+0200,505.4125,MW,BE,BE,actual_offshore_wind_generation,Wind Offshore | Actual Aggregated,2026-07-09T21:36:22Z
2026-07-09T21:35:56Z,2026-07-09T23:35:56+0200,83b77581-3cb7-46c3-93db-5c164f059f55,2026-06-25T15:00:00Z,2026-06-25T17:00:00+0200,570.39,MW,BE,BE,actual_offshore_wind_generation,Wind Offshore | Actual Aggregated,2026-07-09T21:36:22Z
2026-07-09T21:35:56Z,2026-07-09T23:35:56+0200,83b77581-3cb7-46c3-93db-5c164f059f55,2026-06-25T16:00:00Z,2026-06-25T18:00:00+0200,731.8575,MW,BE,BE,actual_offshore_wind_generation,Wind Offshore | Actual Aggregated,2026-07-09T21:36:22Z
2026-07-09T21:35:56Z,2026-07-09T23:35:56+0200,83b77581-3cb7-46c3-93db-5c164f059f55,2026-06-25T17:00:00Z,2026-06-25T19:00:00+0200,869.105,MW,BE,BE,actual_offshore_wind_generation,Wind Offshore | Actual Aggregated,2026-07-09T21:36:22Z
2026-07-09T21:35:56Z,2026-07-09T23:35:56+0200,83b77581-3cb7-46c3-93db-5c164f059f55,2026-06-25T18:00:00Z,2026-06-25T20:00:00+0200,1006.3025,MW,BE,BE,actual_offshore_wind_generation,Wind Offshore | Actual Aggregated,2026-07-09T21:36:22Z
2026-07-09T21:35:56Z,2026-07-09T23:35:56+0200,83b77581-3cb7-46c3-93db-5c164f059f55,2026-06-25T19:00:00Z,2026-06-25T21:00:00+0200,936.72,MW,BE,BE,actual_offshore_wind_generation,Wind Offshore | Actual Aggregated,2026-07-09T21:36:22Z
2026-07-09T21:35:56Z,2026-07-09T23:35:56+0200,83b77581-3cb7-46c3-93db-5c164f059f55,2026-06-25T20:00:00Z,2026-06-25T22:00:00+0200,977.265,MW,BE,BE,actual_offshore_wind_generation,Wind Offshore | Actual Aggregated,2026-07-09T21:36:22Z
2026-07-09T21:35:56Z,2026-07-09T23:35:56+0200,83b77581-3cb7-46c3-93db-5c164f059f55,2026-06-25T21:00:00Z,2026-06-25T23:00:00+0200,955.2425,MW,BE,BE,actual_offshore_wind_generation,Wind Offshore | Actual Aggregated,2026-07-09T21:36:22Z
2026-07-09T21:35:56Z,2026-07-09T23:35:56+0200,83b77581-3cb7-46c3-93db-5c164f059f55,2026-06-25T22:00:00Z,2026-06-26T00:00:00+0200,936.955,MW,BE,BE,actual_offshore_wind_generation,Wind Offshore | Actual Aggregated,2026-07-09T21:36:22Z
2026-07-09T21:35:56Z,2026-07-09T23:35:56+0200,83b77581-3cb7-46c3-93db-5c164f059f55,2026-06-25T23:00:00Z,2026-06-26T01:00:00+0200,849.0625,MW,BE,BE,actual_offshore_wind_generation,Wind Offshore | Actual Aggregated,2026-07-09T21:36:22Z
2026-07-09T21:35:56Z,2026-07-09T23:35:56+0200,83b77581-3cb7-46c3-93db-5c164f059f55,2026-06-26T00:00:00Z,2026-06-26T02:00:00+0200,874.3275,MW,BE,BE,actual_offshore_wind_generation,Wind Offshore | Actual Aggregated,2026-07-09T21:36:22Z
2026-07-09T21:35:56Z,2026-07-09T23:35:56+0200,83b77581-3cb7-46c3-93db-5c164f059f55,2026-06-26T01:00:00Z,2026-06-26T03:00:00+0200,822.1325,MW,BE,BE,actual_offshore_wind_generation,Wind Offshore | Actual Aggregated,2026-07-09T21:36:22Z
2026-07-09T21:35:56Z,2026-07-09T23:35:56+0200,83b77581-3cb7-46c3-93db-5c164f059f55,2026-06-26T02:00:00Z,2026-06-26T04:00:00+0200,837.42,MW,BE,BE,actual_offshore_wind_generation,Wind Offshore | Actual Aggregated,2026-07-09T21:36:22Z
2026-07-09T21:35:56Z,2026-07-09T23:35:56+0200,83b77581-3cb7-46c3-93db-5c164f059f55,2026-06-26T03:00:00Z,2026-06-26T05:00:00+0200,712.3525,MW,BE,BE,actual_offshore_wind_generation,Wind Offshore | Actual Aggregated,2026-07-09T21:36:22Z
2026-07-09T21:35:56Z,2026-07-09T23:35:56+0200,83b77581-3cb7-46c3-93db-5c164f059f55,2026-06-26T04:00:00Z,2026-06-26T06:00:00+0200,567.645,MW,BE,BE,actual_offshore_wind_generation,Wind Offshore | Actual Aggregated,2026-07-09T21:36:22Z
2026-07-09T21:35:56Z,2026-07-09T23:35:56+0200,83b77581-3cb7-46c3-93db-5c164f059f55,2026-06-26T05:00:00Z,2026-06-26T07:00:00+0200,450.3,MW,BE,BE,actual_offshore_wind_generation,Wind Offshore | Actual Aggregated,2026-07-09T21:36:22Z
2026-07-09T21:35:56Z,2026-07-09T23:35:56+0200,83b77581-3cb7-46c3-93db-5c164f059f55,2026-06-26T06:00:00Z,2026-06-26T08:00:00+0200,333.3925,MW,BE,BE,actual_offshore_wind_generation,Wind Offshore | Actual Aggregated,2026-07-09T21:36:22Z
2026-07-09T21:35:56Z,2026-07-09T23:35:56+0200,83b77581-3cb7-46c3-93db-5c164f059f55,2026-06-26T07:00:00Z,2026-06-26T09:00:00+0200,236.7325,MW,BE,BE,actual_offshore_wind_generation,Wind Offshore | Actual Aggregated,2026-07-09T21:36:22Z
2026-07-09T21:35:56Z,2026-07-09T23:35:56+0200,83b77581-3cb7-46c3-93db-5c164f059f55,2026-06-26T08:00:00Z,2026-06-26T10:00:00+0200,196.725,MW,BE,BE,actual_offshore_wind_generation,Wind Offshore | Actual Aggregated,2026-07-09T21:36:22Z
2026-07-09T21:35:56Z,2026-07-09T23:35:56+0200,83b77581-3cb7-46c3-93db-5c164f059f55,2026-06-26T09:00:00Z,2026-06-26T11:00:00+0200,234.025,MW,BE,BE,actual_offshore_wind_generation,Wind Offshore | Actual Aggregated,2026-07-09T21:36:22Z
2026-07-09T21:35:56Z,2026-07-09T23:35:56+0200,83b77581-3cb7-46c3-93db-5c164f059f55,2026-06-26T10:00:00Z,2026-06-26T12:00:00+0200,123.285,MW,BE,BE,actual_offshore_wind_generation,Wind Offshore | Actual Aggregated,2026-07-09T21:36:22Z
2026-07-09T21:35:56Z,2026-07-09T23:35:56+0200,83b77581-3cb7-46c3-93db-5c164f059f55,2026-06-26T11:00:00Z,2026-06-26T13:00:00+0200,400.7425,MW,BE,BE,actual_offshore_wind_generation,Wind Offshore | Actual Aggregated,2026-07-09T21:36:22Z
2026-07-09T21:35:56Z,2026-07-09T23:35:56+0200,83b77581-3cb7-46c3-93db-5c164f059f55,2026-06-26T12:00:00Z,2026-06-26T14:00:00+0200,622.5325,MW,BE,BE,actual_offshore_wind_generation,Wind Offshore | Actual Aggregated,2026-07-09T21:36:22Z
2026-07-09T21:35:56Z,2026-07-09T23:35:56+0200,83b77581-3cb7-46c3-93db-5c164f059f55,2026-06-26T13:00:00Z,2026-06-26T15:00:00+0200,430.9625,MW,BE,BE,actual_offshore_wind_generation,Wind Offshore | Actual Aggregated,2026-07-09T21:36:22Z
2026-07-09T21:35:56Z,2026-07-09T23:35:56+0200,83b77581-3cb7-46c3-93db-5c164f059f55,2026-06-26T14:00:00Z,2026-06-26T16:00:00+0200,365.3375,MW,BE,BE,actual_offshore_wind_generation,Wind Offshore | Actual Aggregated,2026-07-09T21:36:22Z
2026-07-09T21:35:56Z,2026-07-09T23:35:56+0200,83b77581-3cb7-46c3-93db-5c164f059f55,2026-06-26T15:00:00Z,2026-06-26T17:00:00+0200,621.3125,MW,BE,BE,actual_offshore_wind_generation,Wind Offshore | Actual Aggregated,2026-07-09T21:36:22Z
2026-07-09T21:35:56Z,2026-07-09T23:35:56+0200,83b77581-3cb7-46c3-93db-5c164f059f55,2026-06-26T16:00:00Z,2026-06-26T18:00:00+0200,877.0975,MW,BE,BE,actual_offshore_wind_generation,Wind Offshore | Actual Aggregated,2026-07-09T21:36:22Z
2026-07-09T21:35:56Z,2026-07-09T23:35:56+0200,83b77581-3cb7-46c3-93db-5c164f059f55,2026-06-26T17:00:00Z,2026-06-26T19:00:00+0200,1448.0475,MW,BE,BE,actual_offshore_wind_generation,Wind Offshore | Actual Aggregated,2026-07-09T21:36:22Z
2026-07-09T21:35:56Z,2026-07-09T23:35:56+0200,83b77581-3cb7-46c3-93db-5c164f059f55,2026-06-26T18:00:00Z,2026-06-26T20:00:00+0200,1048.3475,MW,BE,BE,actual_offshore_wind_generation,Wind Offshore | Actual Aggregated,2026-07-09T21:36:22Z
2026-07-09T21:35:56Z,2026-07-09T23:35:56+0200,83b77581-3cb7-46c3-93db-5c164f059f55,2026-06-26T19:00:00Z,2026-06-26T21:00:00+0200,760.9625,MW,BE,BE,actual_offshore_wind_generation,Wind Offshore | Actual Aggregated,2026-07-09T21:36:22Z
2026-07-09T21:35:56Z,2026-07-09T23:35:56+0200,83b77581-3cb7-46c3-93db-5c164f059f55,2026-06-26T20:00:00Z,2026-06-26T22:00:00+0200,644.09,MW,BE,BE,actual_offshore_wind_generation,Wind Offshore | Actual Aggregated,2026-07-09T21:36:22Z
2026-07-09T21:35:56Z,2026-07-09T23:35:56+0200,83b77581-3cb7-46c3-93db-5c164f059f55,2026-06-26T21:00:00Z,2026-06-26T23:00:00+0200,539.2975,MW,BE,BE,actual_offshore_wind_generation,Wind Offshore | Actual Aggregated,2026-07-09T21:36:22Z
2026-07-09T21:35:56Z,2026-07-09T23:35:56+0200,83b77581-3cb7-46c3-93db-5c164f059f55,2026-06-26T22:00:00Z,2026-06-27T00:00:00+0200,457.5975,MW,BE,BE,actual_offshore_wind_generation,Wind Offshore | Actual Aggregated,2026-07-09T21:36:22Z
2026-07-09T21:35:56Z,2026-07-09T23:35:56+0200,83b77581-3cb7-46c3-93db-5c164f059f55,2026-06-26T23:00:00Z,2026-06-27T01:00:00+0200,470.2225,MW,BE,BE,actual_offshore_wind_generation,Wind Offshore | Actual Aggregated,2026-07-09T21:36:22Z
2026-07-09T21:35:56Z,2026-07-09T23:35:56+0200,83b77581-3cb7-46c3-93db-5c164f059f55,2026-06-27T00:00:00Z,2026-06-27T02:00:00+0200,558.04,MW,BE,BE,actual_offshore_wind_generation,Wind Offshore | Actual Aggregated,2026-07-09T21:36:22Z
2026-07-09T21:35:56Z,2026-07-09T23:35:56+0200,83b77581-3cb7-46c3-93db-5c164f059f55,2026-06-27T01:00:00Z,2026-06-27T03:00:00+0200,485.6775,MW,BE,BE,actual_offshore_wind_generation,Wind Offshore | Actual Aggregated,2026-07-09T21:36:22Z
2026-07-09T21:35:56Z,2026-07-09T23:35:56+0200,83b77581-3cb7-46c3-93db-5c164f059f55,2026-06-27T02:00:00Z,2026-06-27T04:00:00+0200,348.39,MW,BE,BE,actual_offshore_wind_generation,Wind Offshore | Actual Aggregated,2026-07-09T21:36:22Z
2026-07-09T21:35:56Z,2026-07-09T23:35:56+0200,83b77581-3cb7-46c3-93db-5c164f059f55,2026-06-27T03:00:00Z,2026-06-27T05:00:00+0200,153.03,MW,BE,BE,actual_offshore_wind_generation,Wind Offshore | Actual Aggregated,2026-07-09T21:36:22Z
2026-07-09T21:35:56Z,2026-07-09T23:35:56+0200,83b77581-3cb7-46c3-93db-5c164f059f55,2026-06-27T04:00:00Z,2026-06-27T06:00:00+0200,534.075,MW,BE,BE,actual_offshore_wind_generation,Wind Offshore | Actual Aggregated,2026-07-09T21:36:22Z
2026-07-09T21:35:56Z,2026-07-09T23:35:56+0200,83b77581-3cb7-46c3-93db-5c164f059f55,2026-06-27T05:00:00Z,2026-06-27T07:00:00+0200,339.3975,MW,BE,BE,actual_offshore_wind_generation,Wind Offshore | Actual Aggregated,2026-07-09T21:36:22Z
2026-07-09T21:35:56Z,2026-07-09T23:35:56+0200,83b77581-3cb7-46c3-93db-5c164f059f55,2026-06-27T06:00:00Z,2026-06-27T08:00:00+0200,61.2875,MW,BE,BE,actual_offshore_wind_generation,Wind Offshore | Actual Aggregated,2026-07-09T21:36:22Z
2026-07-09T21:35:56Z,2026-07-09T23:35:56+0200,83b77581-3cb7-46c3-93db-5c164f059f55,2026-06-27T07:00:00Z,2026-06-27T09:00:00+0200,274.5225,MW,BE,BE,actual_offshore_wind_generation,Wind Offshore | Actual Aggregated,2026-07-09T21:36:22Z
2026-07-09T21:35:56Z,2026-07-09T23:35:56+0200,83b77581-3cb7-46c3-93db-5c164f059f55,2026-06-27T08:00:00Z,2026-06-27T10:00:00+0200,1.1375,MW,BE,BE,actual_offshore_wind_generation,Wind Offshore | Actual Aggregated,2026-07-09T21:36:22Z
2026-07-09T21:35:56Z,2026-07-09T23:35:56+0200,83b77581-3cb7-46c3-93db-5c164f059f55,2026-06-27T08:00:00Z,2026-06-27T10:00:00+0200,21.3575,MW,BE,BE,actual_offshore_wind_generation,Wind Offshore | Actual Consumption,2026-07-09T21:36:22Z
2026-07-09T21:35:56Z,2026-07-09T23:35:56+0200,83b77581-3cb7-46c3-93db-5c164f059f55,2026-06-27T09:00:00Z,2026-06-27T11:00:00+0200,72.3775,MW,BE,BE,actual_offshore_wind_generation,Wind Offshore | Actual Aggregated,2026-07-09T21:36:22Z
2026-07-09T21:35:56Z,2026-07-09T23:35:56+0200,83b77581-3cb7-46c3-93db-5c164f059f55,2026-06-27T09:00:00Z,2026-06-27T11:00:00+0200,1.2275,MW,BE,BE,actual_offshore_wind_generation,Wind Offshore | Actual Consumption,2026-07-09T21:36:22Z
2026-07-09T21:35:56Z,2026-07-09T23:35:56+0200,83b77581-3cb7-46c3-93db-5c164f059f55,2026-06-27T10:00:00Z,2026-06-27T12:00:00+0200,29.665,MW,BE,BE,actual_offshore_wind_generation,Wind Offshore | Actual Aggregated,2026-07-09T21:36:22Z
2026-07-09T21:35:56Z,2026-07-09T23:35:56+0200,83b77581-3cb7-46c3-93db-5c164f059f55,2026-06-27T10:00:00Z,2026-06-27T12:00:00+0200,3.175,MW,BE,BE,actual_offshore_wind_generation,Wind Offshore | Actual Consumption,2026-07-09T21:36:22Z
2026-07-09T21:35:56Z,2026-07-09T23:35:56+0200,83b77581-3cb7-46c3-93db-5c164f059f55,2026-06-27T11:00:00Z,2026-06-27T13:00:00+0200,13.4125,MW,BE,BE,actual_offshore_wind_generation,Wind Offshore | Actual Aggregated,2026-07-09T21:36:22Z
2026-07-09T21:35:56Z,2026-07-09T23:35:56+0200,83b77581-3cb7-46c3-93db-5c164f059f55,2026-06-27T11:00:00Z,2026-06-27T13:00:00+0200,4.765,MW,BE,BE,actual_offshore_wind_generation,Wind Offshore | Actual Consumption,2026-07-09T21:36:22Z
2026-07-09T21:35:56Z,2026-07-09T23:35:56+0200,83b77581-3cb7-46c3-93db-5c164f059f55,2026-06-27T12:00:00Z,2026-06-27T14:00:00+0200,2.1075,MW,BE,BE,actual_offshore_wind_generation,Wind Offshore | Actual Aggregated,2026-07-09T21:36:22Z
2026-07-09T21:35:56Z,2026-07-09T23:35:56+0200,83b77581-3cb7-46c3-93db-5c164f059f55,2026-06-27T12:00:00Z,2026-06-27T14:00:00+0200,15.6,MW,BE,BE,actual_offshore_wind_generation,Wind Offshore | Actual Consumption,2026-07-09T21:36:22Z
2026-07-09T21:35:56Z,2026-07-09T23:35:56+0200,83b77581-3cb7-46c3-93db-5c164f059f55,2026-06-27T13:00:00Z,2026-06-27T15:00:00+0200,18.0975,MW,BE,BE,actual_offshore_wind_generation,Wind Offshore | Actual Consumption,2026-07-09T21:36:22Z
2026-07-09T21:35:56Z,2026-07-09T23:35:56+0200,83b77581-3cb7-46c3-93db-5c164f059f55,2026-06-27T14:00:00Z,2026-06-27T16:00:00+0200,6.9925,MW,BE,BE,actual_offshore_wind_generation,Wind Offshore | Actual Aggregated,2026-07-09T21:36:22Z
2026-07-09T21:35:56Z,2026-07-09T23:35:56+0200,83b77581-3cb7-46c3-93db-5c164f059f55,2026-06-27T14:00:00Z,2026-06-27T16:00:00+0200,3.5275,MW,BE,BE,actual_offshore_wind_generation,Wind Offshore | Actual Consumption,2026-07-09T21:36:22Z
2026-07-09T21:35:56Z,2026-07-09T23:35:56+0200,83b77581-3cb7-46c3-93db-5c164f059f55,2026-06-27T15:00:00Z,2026-06-27T17:00:00+0200,17.0975,MW,BE,BE,actual_offshore_wind_generation,Wind Offshore | Actual Consumption,2026-07-09T21:36:22Z
2026-07-09T21:35:56Z,2026-07-09T23:35:56+0200,83b77581-3cb7-46c3-93db-5c164f059f55,2026-06-27T16:00:00Z,2026-06-27T18:00:00+0200,10.4975,MW,BE,BE,actual_offshore_wind_generation,Wind Offshore | Actual Aggregated,2026-07-09T21:36:22Z
2026-07-09T21:35:56Z,2026-07-09T23:35:56+0200,83b77581-3cb7-46c3-93db-5c164f059f55,2026-06-27T16:00:00Z,2026-06-27T18:00:00+0200,1.3825,MW,BE,BE,actual_offshore_wind_generation,Wind Offshore | Actual Consumption,2026-07-09T21:36:22Z
2026-07-09T21:35:56Z,2026-07-09T23:35:56+0200,83b77581-3cb7-46c3-93db-5c164f059f55,2026-06-27T17:00:00Z,2026-06-27T19:00:00+0200,1.17,MW,BE,BE,actual_offshore_wind_generation,Wind Offshore | Actual Aggregated,2026-07-09T21:36:22Z
2026-07-09T21:35:56Z,2026-07-09T23:35:56+0200,83b77581-3cb7-46c3-93db-5c164f059f55,2026-06-27T17:00:00Z,2026-06-27T19:00:00+0200,3.5125,MW,BE,BE,actual_offshore_wind_generation,Wind Offshore | Actual Consumption,2026-07-09T21:36:22Z
2026-07-09T21:35:56Z,2026-07-09T23:35:56+0200,83b77581-3cb7-46c3-93db-5c164f059f55,2026-06-27T18:00:00Z,2026-06-27T20:00:00+0200,6.02,MW,BE,BE,actual_offshore_wind_generation,Wind Offshore | Actual Aggregated,2026-07-09T21:36:22Z
2026-07-09T21:35:56Z,2026-07-09T23:35:56+0200,83b77581-3cb7-46c3-93db-5c164f059f55,2026-06-27T19:00:00Z,2026-06-27T21:00:00+0200,27.495,MW,BE,BE,actual_offshore_wind_generation,Wind Offshore | Actual Aggregated,2026-07-09T21:36:22Z
2026-07-09T21:35:56Z,2026-07-09T23:35:56+0200,83b77581-3cb7-46c3-93db-5c164f059f55,2026-06-27T20:00:00Z,2026-06-27T22:00:00+0200,27.9675,MW,BE,BE,actual_offshore_wind_generation,Wind Offshore | Actual Aggregated,2026-07-09T21:36:22Z
2026-07-09T21:35:56Z,2026-07-09T23:35:56+0200,83b77581-3cb7-46c3-93db-5c164f059f55,2026-06-27T20:00:00Z,2026-06-27T22:00:00+0200,2.41,MW,BE,BE,actual_offshore_wind_generation,Wind Offshore | Actual Consumption,2026-07-09T21:36:22Z
2026-07-09T21:35:56Z,2026-07-09T23:35:56+0200,83b77581-3cb7-46c3-93db-5c164f059f55,2026-06-27T21:00:00Z,2026-06-27T23:00:00+0200,2.03,MW,BE,BE,actual_offshore_wind_generation,Wind Offshore | Actual Aggregated,2026-07-09T21:36:22Z
2026-07-09T21:35:56Z,2026-07-09T23:35:56+0200,83b77581-3cb7-46c3-93db-5c164f059f55,2026-06-27T21:00:00Z,2026-06-27T23:00:00+0200,8.755,MW,BE,BE,actual_offshore_wind_generation,Wind Offshore | Actual Consumption,2026-07-09T21:36:22Z
2026-07-09T21:35:56Z,2026-07-09T23:35:56+0200,83b77581-3cb7-46c3-93db-5c164f059f55,2026-06-27T22:00:00Z,2026-06-28T00:00:00+0200,29.2625,MW,BE,BE,actual_offshore_wind_generation,Wind Offshore | Actual Consumption,2026-07-09T21:36:22Z
2026-07-09T21:35:56Z,2026-07-09T23:35:56+0200,83b77581-3cb7-46c3-93db-5c164f059f55,2026-06-27T23:00:00Z,2026-06-28T01:00:00+0200,25.6675,MW,BE,BE,actual_offshore_wind_generation,Wind Offshore | Actual Consumption,2026-07-09T21:36:22Z
2026-07-09T21:35:56Z,2026-07-09T23:35:56+0200,83b77581-3cb7-46c3-93db-5c164f059f55,2026-06-28T00:00:00Z,2026-06-28T02:00:00+0200,89.3175,MW,BE,BE,actual_offshore_wind_generation,Wind Offshore | Actual Aggregated,2026-07-09T21:36:22Z
2026-07-09T21:35:56Z,2026-07-09T23:35:56+0200,83b77581-3cb7-46c3-93db-5c164f059f55,2026-06-28T00:00:00Z,2026-06-28T02:00:00+0200,3.4,MW,BE,BE,actual_offshore_wind_generation,Wind Offshore | Actual Consumption,2026-07-09T21:36:22Z
2026-07-09T21:35:56Z,2026-07-09T23:35:56+0200,83b77581-3cb7-46c3-93db-5c164f059f55,2026-06-28T01:00:00Z,2026-06-28T03:00:00+0200,99.035,MW,BE,BE,actual_offshore_wind_generation,Wind Offshore | Actual Aggregated,2026-07-09T21:36:22Z
2026-07-09T21:35:56Z,2026-07-09T23:35:56+0200,83b77581-3cb7-46c3-93db-5c164f059f55,2026-06-28T02:00:00Z,2026-06-28T04:00:00+0200,11.69,MW,BE,BE,actual_offshore_wind_generation,Wind Offshore | Actual Aggregated,2026-07-09T21:36:22Z
2026-07-09T21:35:56Z,2026-07-09T23:35:56+0200,83b77581-3cb7-46c3-93db-5c164f059f55,2026-06-28T02:00:00Z,2026-06-28T04:00:00+0200,15.7075,MW,BE,BE,actual_offshore_wind_generation,Wind Offshore | Actual Consumption,2026-07-09T21:36:22Z
2026-07-09T21:35:56Z,2026-07-09T23:35:56+0200,83b77581-3cb7-46c3-93db-5c164f059f55,2026-06-28T03:00:00Z,2026-06-28T05:00:00+0200,52.7275,MW,BE,BE,actual_offshore_wind_generation,Wind Offshore | Actual Aggregated,2026-07-09T21:36:22Z
2026-07-09T21:35:56Z,2026-07-09T23:35:56+0200,83b77581-3cb7-46c3-93db-5c164f059f55,2026-06-28T03:00:00Z,2026-06-28T05:00:00+0200,1.31,MW,BE,BE,actual_offshore_wind_generation,Wind Offshore | Actual Consumption,2026-07-09T21:36:22Z
2026-07-09T21:35:56Z,2026-07-09T23:35:56+0200,83b77581-3cb7-46c3-93db-5c164f059f55,2026-06-28T04:00:00Z,2026-06-28T06:00:00+0200,152.66,MW,BE,BE,actual_offshore_wind_generation,Wind Offshore | Actual Aggregated,2026-07-09T21:36:22Z
2026-07-09T21:35:56Z,2026-07-09T23:35:56+0200,83b77581-3cb7-46c3-93db-5c164f059f55,2026-06-28T05:00:00Z,2026-06-28T07:00:00+0200,236.325,MW,BE,BE,actual_offshore_wind_generation,Wind Offshore | Actual Aggregated,2026-07-09T21:36:22Z
2026-07-09T21:35:56Z,2026-07-09T23:35:56+0200,83b77581-3cb7-46c3-93db-5c164f059f55,2026-06-28T06:00:00Z,2026-06-28T08:00:00+0200,361.7925,MW,BE,BE,actual_offshore_wind_generation,Wind Offshore | Actual Aggregated,2026-07-09T21:36:22Z
2026-07-09T21:35:56Z,2026-07-09T23:35:56+0200,83b77581-3cb7-46c3-93db-5c164f059f55,2026-06-28T07:00:00Z,2026-06-28T09:00:00+0200,346.005,MW,BE,BE,actual_offshore_wind_generation,Wind Offshore | Actual Aggregated,2026-07-09T21:36:22Z
2026-07-09T21:35:56Z,2026-07-09T23:35:56+0200,83b77581-3cb7-46c3-93db-5c164f059f55,2026-06-28T08:00:00Z,2026-06-28T10:00:00+0200,317.5825,MW,BE,BE,actual_offshore_wind_generation,Wind Offshore | Actual Aggregated,2026-07-09T21:36:22Z
2026-07-09T21:35:56Z,2026-07-09T23:35:56+0200,83b77581-3cb7-46c3-93db-5c164f059f55,2026-06-28T09:00:00Z,2026-06-28T11:00:00+0200,459.7875,MW,BE,BE,actual_offshore_wind_generation,Wind Offshore | Actual Aggregated,2026-07-09T21:36:22Z
2026-07-09T21:35:56Z,2026-07-09T23:35:56+0200,83b77581-3cb7-46c3-93db-5c164f059f55,2026-06-28T10:00:00Z,2026-06-28T12:00:00+0200,755.02,MW,BE,BE,actual_offshore_wind_generation,Wind Offshore | Actual Aggregated,2026-07-09T21:36:22Z
2026-07-09T21:35:56Z,2026-07-09T23:35:56+0200,83b77581-3cb7-46c3-93db-5c164f059f55,2026-06-28T11:00:00Z,2026-06-28T13:00:00+0200,1499.8975,MW,BE,BE,actual_offshore_wind_generation,Wind Offshore | Actual Aggregated,2026-07-09T21:36:22Z
2026-07-09T21:35:56Z,2026-07-09T23:35:56+0200,83b77581-3cb7-46c3-93db-5c164f059f55,2026-06-28T12:00:00Z,2026-06-28T14:00:00+0200,1879.5525,MW,BE,BE,actual_offshore_wind_generation,Wind Offshore | Actual Aggregated,2026-07-09T21:36:22Z
2026-07-09T21:35:56Z,2026-07-09T23:35:56+0200,83b77581-3cb7-46c3-93db-5c164f059f55,2026-06-28T13:00:00Z,2026-06-28T15:00:00+0200,1750.38,MW,BE,BE,actual_offshore_wind_generation,Wind Offshore | Actual Aggregated,2026-07-09T21:36:22Z
2026-07-09T21:35:56Z,2026-07-09T23:35:56+0200,83b77581-3cb7-46c3-93db-5c164f059f55,2026-06-28T14:00:00Z,2026-06-28T16:00:00+0200,1907.005,MW,BE,BE,actual_offshore_wind_generation,Wind Offshore | Actual Aggregated,2026-07-09T21:36:22Z
2026-07-09T21:35:56Z,2026-07-09T23:35:56+0200,83b77581-3cb7-46c3-93db-5c164f059f55,2026-06-28T15:00:00Z,2026-06-28T17:00:00+0200,1818.37,MW,BE,BE,actual_offshore_wind_generation,Wind Offshore | Actual Aggregated,2026-07-09T21:36:22Z
2026-07-09T21:35:56Z,2026-07-09T23:35:56+0200,83b77581-3cb7-46c3-93db-5c164f059f55,2026-06-28T16:00:00Z,2026-06-28T18:00:00+0200,1856.7925,MW,BE,BE,actual_offshore_wind_generation,Wind Offshore | Actual Aggregated,2026-07-09T21:36:22Z
2026-07-09T21:35:56Z,2026-07-09T23:35:56+0200,83b77581-3cb7-46c3-93db-5c164f059f55,2026-06-28T17:00:00Z,2026-06-28T19:00:00+0200,1969.9175,MW,BE,BE,actual_offshore_wind_generation,Wind Offshore | Actual Aggregated,2026-07-09T21:36:22Z
2026-07-09T21:35:56Z,2026-07-09T23:35:56+0200,83b77581-3cb7-46c3-93db-5c164f059f55,2026-06-28T18:00:00Z,2026-06-28T20:00:00+0200,1839.565,MW,BE,BE,actual_offshore_wind_generation,Wind Offshore | Actual Aggregated,2026-07-09T21:36:22Z
2026-07-09T21:35:56Z,2026-07-09T23:35:56+0200,83b77581-3cb7-46c3-93db-5c164f059f55,2026-06-28T19:00:00Z,2026-06-28T21:00:00+0200,1737.165,MW,BE,BE,actual_offshore_wind_generation,Wind Offshore | Actual Aggregated,2026-07-09T21:36:22Z
2026-07-09T21:35:56Z,2026-07-09T23:35:56+0200,83b77581-3cb7-46c3-93db-5c164f059f55,2026-06-28T20:00:00Z,2026-06-28T22:00:00+0200,1418.06,MW,BE,BE,actual_offshore_wind_generation,Wind Offshore | Actual Aggregated,2026-07-09T21:36:22Z
2026-07-09T21:35:56Z,2026-07-09T23:35:56+0200,83b77581-3cb7-46c3-93db-5c164f059f55,2026-06-28T21:00:00Z,2026-06-28T23:00:00+0200,1098.71,MW,BE,BE,actual_offshore_wind_generation,Wind Offshore | Actual Aggregated,2026-07-09T21:36:22Z
2026-07-09T21:35:56Z,2026-07-09T23:35:56+0200,83b77581-3cb7-46c3-93db-5c164f059f55,2026-06-28T22:00:00Z,2026-06-29T00:00:00+0200,980.3175,MW,BE,BE,actual_offshore_wind_generation,Wind Offshore | Actual Aggregated,2026-07-09T21:36:22Z
2026-07-09T21:35:56Z,2026-07-09T23:35:56+0200,83b77581-3cb7-46c3-93db-5c164f059f55,2026-06-28T23:00:00Z,2026-06-29T01:00:00+0200,1064.855,MW,BE,BE,actual_offshore_wind_generation,Wind Offshore | Actual Aggregated,2026-07-09T21:36:22Z
2026-07-09T21:35:56Z,2026-07-09T23:35:56+0200,83b77581-3cb7-46c3-93db-5c164f059f55,2026-06-29T00:00:00Z,2026-06-29T02:00:00+0200,1117.155,MW,BE,BE,actual_offshore_wind_generation,Wind Offshore | Actual Aggregated,2026-07-09T21:36:22Z
2026-07-09T21:35:56Z,2026-07-09T23:35:56+0200,83b77581-3cb7-46c3-93db-5c164f059f55,2026-06-29T01:00:00Z,2026-06-29T03:00:00+0200,701.1525,MW,BE,BE,actual_offshore_wind_generation,Wind Offshore | Actual Aggregated,2026-07-09T21:36:22Z
2026-07-09T21:35:56Z,2026-07-09T23:35:56+0200,83b77581-3cb7-46c3-93db-5c164f059f55,2026-06-29T02:00:00Z,2026-06-29T04:00:00+0200,391.6575,MW,BE,BE,actual_offshore_wind_generation,Wind Offshore | Actual Aggregated,2026-07-09T21:36:22Z
2026-07-09T21:35:56Z,2026-07-09T23:35:56+0200,83b77581-3cb7-46c3-93db-5c164f059f55,2026-06-29T03:00:00Z,2026-06-29T05:00:00+0200,419.3725,MW,BE,BE,actual_offshore_wind_generation,Wind Offshore | Actual Aggregated,2026-07-09T21:36:22Z
2026-07-09T21:35:56Z,2026-07-09T23:35:56+0200,83b77581-3cb7-46c3-93db-5c164f059f55,2026-06-29T04:00:00Z,2026-06-29T06:00:00+0200,245.6525,MW,BE,BE,actual_offshore_wind_generation,Wind Offshore | Actual Aggregated,2026-07-09T21:36:22Z
2026-07-09T21:35:56Z,2026-07-09T23:35:56+0200,83b77581-3cb7-46c3-93db-5c164f059f55,2026-06-29T05:00:00Z,2026-06-29T07:00:00+0200,201.5675,MW,BE,BE,actual_offshore_wind_generation,Wind Offshore | Actual Aggregated,2026-07-09T21:36:22Z
2026-07-09T21:35:56Z,2026-07-09T23:35:56+0200,83b77581-3cb7-46c3-93db-5c164f059f55,2026-06-29T06:00:00Z,2026-06-29T08:00:00+0200,114.5125,MW,BE,BE,actual_offshore_wind_generation,Wind Offshore | Actual Aggregated,2026-07-09T21:36:22Z
2026-07-09T21:35:56Z,2026-07-09T23:35:56+0200,83b77581-3cb7-46c3-93db-5c164f059f55,2026-06-29T07:00:00Z,2026-06-29T09:00:00+0200,10.355,MW,BE,BE,actual_offshore_wind_generation,Wind Offshore | Actual Aggregated,2026-07-09T21:36:22Z
2026-07-09T21:35:56Z,2026-07-09T23:35:56+0200,83b77581-3cb7-46c3-93db-5c164f059f55,2026-06-29T07:00:00Z,2026-06-29T09:00:00+0200,0.0175,MW,BE,BE,actual_offshore_wind_generation,Wind Offshore | Actual Consumption,2026-07-09T21:36:22Z
2026-07-09T21:35:56Z,2026-07-09T23:35:56+0200,83b77581-3cb7-46c3-93db-5c164f059f55,2026-06-29T08:00:00Z,2026-06-29T10:00:00+0200,32.3175,MW,BE,BE,actual_offshore_wind_generation,Wind Offshore | Actual Aggregated,2026-07-09T21:36:22Z
2026-07-09T21:35:56Z,2026-07-09T23:35:56+0200,83b77581-3cb7-46c3-93db-5c164f059f55,2026-06-29T09:00:00Z,2026-06-29T11:00:00+0200,52.4225,MW,BE,BE,actual_offshore_wind_generation,Wind Offshore | Actual Aggregated,2026-07-09T21:36:22Z
2026-07-09T21:35:56Z,2026-07-09T23:35:56+0200,83b77581-3cb7-46c3-93db-5c164f059f55,2026-06-29T10:00:00Z,2026-06-29T12:00:00+0200,12.0275,MW,BE,BE,actual_offshore_wind_generation,Wind Offshore | Actual Aggregated,2026-07-09T21:36:22Z
2026-07-09T21:35:56Z,2026-07-09T23:35:56+0200,83b77581-3cb7-46c3-93db-5c164f059f55,2026-06-29T10:00:00Z,2026-06-29T12:00:00+0200,2.3875,MW,BE,BE,actual_offshore_wind_generation,Wind Offshore | Actual Consumption,2026-07-09T21:36:22Z
2026-07-09T21:35:56Z,2026-07-09T23:35:56+0200,83b77581-3cb7-46c3-93db-5c164f059f55,2026-06-29T11:00:00Z,2026-06-29T13:00:00+0200,26.02,MW,BE,BE,actual_offshore_wind_generation,Wind Offshore | Actual Consumption,2026-07-09T21:36:22Z
2026-07-09T21:35:56Z,2026-07-09T23:35:56+0200,83b77581-3cb7-46c3-93db-5c164f059f55,2026-06-29T12:00:00Z,2026-06-29T14:00:00+0200,27.115,MW,BE,BE,actual_offshore_wind_generation,Wind Offshore | Actual Consumption,2026-07-09T21:36:22Z
2026-07-09T21:35:56Z,2026-07-09T23:35:56+0200,83b77581-3cb7-46c3-93db-5c164f059f55,2026-06-29T13:00:00Z,2026-06-29T15:00:00+0200,19.7,MW,BE,BE,actual_offshore_wind_generation,Wind Offshore | Actual Consumption,2026-07-09T21:36:22Z
2026-07-09T21:35:56Z,2026-07-09T23:35:56+0200,83b77581-3cb7-46c3-93db-5c164f059f55,2026-06-29T14:00:00Z,2026-06-29T16:00:00+0200,28.8725,MW,BE,BE,actual_offshore_wind_generation,Wind Offshore | Actual Consumption,2026-07-09T21:36:22Z
2026-07-09T21:35:56Z,2026-07-09T23:35:56+0200,83b77581-3cb7-46c3-93db-5c164f059f55,2026-06-29T15:00:00Z,2026-06-29T17:00:00+0200,29.125,MW,BE,BE,actual_offshore_wind_generation,Wind Offshore | Actual Consumption,2026-07-09T21:36:22Z
2026-07-09T21:35:56Z,2026-07-09T23:35:56+0200,83b77581-3cb7-46c3-93db-5c164f059f55,2026-06-29T16:00:00Z,2026-06-29T18:00:00+0200,28.7475,MW,BE,BE,actual_offshore_wind_generation,Wind Offshore | Actual Consumption,2026-07-09T21:36:22Z
2026-07-09T21:35:56Z,2026-07-09T23:35:56+0200,83b77581-3cb7-46c3-93db-5c164f059f55,2026-06-29T17:00:00Z,2026-06-29T19:00:00+0200,28.055,MW,BE,BE,actual_offshore_wind_generation,Wind Offshore | Actual Consumption,2026-07-09T21:36:22Z
2026-07-09T21:35:56Z,2026-07-09T23:35:56+0200,83b77581-3cb7-46c3-93db-5c164f059f55,2026-06-29T18:00:00Z,2026-06-29T20:00:00+0200,27.565,MW,BE,BE,actual_offshore_wind_generation,Wind Offshore | Actual Consumption,2026-07-09T21:36:22Z
2026-07-09T21:35:56Z,2026-07-09T23:35:56+0200,83b77581-3cb7-46c3-93db-5c164f059f55,2026-06-29T19:00:00Z,2026-06-29T21:00:00+0200,27.305,MW,BE,BE,actual_offshore_wind_generation,Wind Offshore | Actual Consumption,2026-07-09T21:36:22Z
2026-07-09T21:35:56Z,2026-07-09T23:35:56+0200,83b77581-3cb7-46c3-93db-5c164f059f55,2026-06-29T20:00:00Z,2026-06-29T22:00:00+0200,27.7875,MW,BE,BE,actual_offshore_wind_generation,Wind Offshore | Actual Consumption,2026-07-09T21:36:22Z
2026-07-09T21:35:56Z,2026-07-09T23:35:56+0200,83b77581-3cb7-46c3-93db-5c164f059f55,2026-06-29T21:00:00Z,2026-06-29T23:00:00+0200,27.505,MW,BE,BE,actual_offshore_wind_generation,Wind Offshore | Actual Consumption,2026-07-09T21:36:22Z
2026-07-09T21:35:56Z,2026-07-09T23:35:56+0200,83b77581-3cb7-46c3-93db-5c164f059f55,2026-06-29T22:00:00Z,2026-06-30T00:00:00+0200,28.2375,MW,BE,BE,actual_offshore_wind_generation,Wind Offshore | Actual Consumption,2026-07-09T21:36:22Z
2026-07-09T21:35:56Z,2026-07-09T23:35:56+0200,83b77581-3cb7-46c3-93db-5c164f059f55,2026-06-29T23:00:00Z,2026-06-30T01:00:00+0200,27.8625,MW,BE,BE,actual_offshore_wind_generation,Wind Offshore | Actual Consumption,2026-07-09T21:36:22Z
2026-07-09T21:35:56Z,2026-07-09T23:35:56+0200,83b77581-3cb7-46c3-93db-5c164f059f55,2026-06-30T00:00:00Z,2026-06-30T02:00:00+0200,24.8575,MW,BE,BE,actual_offshore_wind_generation,Wind Offshore | Actual Consumption,2026-07-09T21:36:22Z
2026-07-09T21:35:56Z,2026-07-09T23:35:56+0200,83b77581-3cb7-46c3-93db-5c164f059f55,2026-06-30T01:00:00Z,2026-06-30T03:00:00+0200,28.15,MW,BE,BE,actual_offshore_wind_generation,Wind Offshore | Actual Consumption,2026-07-09T21:36:22Z
2026-07-09T21:35:56Z,2026-07-09T23:35:56+0200,83b77581-3cb7-46c3-93db-5c164f059f55,2026-06-30T02:00:00Z,2026-06-30T04:00:00+0200,26.9625,MW,BE,BE,actual_offshore_wind_generation,Wind Offshore | Actual Consumption,2026-07-09T21:36:22Z
2026-07-09T21:35:56Z,2026-07-09T23:35:56+0200,83b77581-3cb7-46c3-93db-5c164f059f55,2026-06-30T03:00:00Z,2026-06-30T05:00:00+0200,27.7075,MW,BE,BE,actual_offshore_wind_generation,Wind Offshore | Actual Consumption,2026-07-09T21:36:22Z
2026-07-09T21:35:56Z,2026-07-09T23:35:56+0200,83b77581-3cb7-46c3-93db-5c164f059f55,2026-06-30T04:00:00Z,2026-06-30T06:00:00+0200,27.525,MW,BE,BE,actual_offshore_wind_generation,Wind Offshore | Actual Consumption,2026-07-09T21:36:22Z
2026-07-09T21:35:56Z,2026-07-09T23:35:56+0200,83b77581-3cb7-46c3-93db-5c164f059f55,2026-06-30T05:00:00Z,2026-06-30T07:00:00+0200,27.1325,MW,BE,BE,actual_offshore_wind_generation,Wind Offshore | Actual Consumption,2026-07-09T21:36:22Z
2026-07-09T21:35:56Z,2026-07-09T23:35:56+0200,83b77581-3cb7-46c3-93db-5c164f059f55,2026-06-30T06:00:00Z,2026-06-30T08:00:00+0200,27.27,MW,BE,BE,actual_offshore_wind_generation,Wind Offshore | Actual Consumption,2026-07-09T21:36:22Z
2026-07-09T21:35:56Z,2026-07-09T23:35:56+0200,83b77581-3cb7-46c3-93db-5c164f059f55,2026-06-30T07:00:00Z,2026-06-30T09:00:00+0200,27.1125,MW,BE,BE,actual_offshore_wind_generation,Wind Offshore | Actual Consumption,2026-07-09T21:36:22Z
2026-07-09T21:35:56Z,2026-07-09T23:35:56+0200,83b77581-3cb7-46c3-93db-5c164f059f55,2026-06-30T08:00:00Z,2026-06-30T10:00:00+0200,26.0425,MW,BE,BE,actual_offshore_wind_generation,Wind Offshore | Actual Consumption,2026-07-09T21:36:22Z
2026-07-09T21:35:56Z,2026-07-09T23:35:56+0200,83b77581-3cb7-46c3-93db-5c164f059f55,2026-06-30T09:00:00Z,2026-06-30T11:00:00+0200,17.495,MW,BE,BE,actual_offshore_wind_generation,Wind Offshore | Actual Consumption,2026-07-09T21:36:22Z
2026-07-09T21:35:56Z,2026-07-09T23:35:56+0200,83b77581-3cb7-46c3-93db-5c164f059f55,2026-06-30T10:00:00Z,2026-06-30T12:00:00+0200,72.3425,MW,BE,BE,actual_offshore_wind_generation,Wind Offshore | Actual Aggregated,2026-07-09T21:36:22Z
2026-07-09T21:35:56Z,2026-07-09T23:35:56+0200,83b77581-3cb7-46c3-93db-5c164f059f55,2026-06-30T11:00:00Z,2026-06-30T13:00:00+0200,89.16,MW,BE,BE,actual_offshore_wind_generation,Wind Offshore | Actual Aggregated,2026-07-09T21:36:22Z
2026-07-09T21:35:56Z,2026-07-09T23:35:56+0200,83b77581-3cb7-46c3-93db-5c164f059f55,2026-06-30T12:00:00Z,2026-06-30T14:00:00+0200,93.9875,MW,BE,BE,actual_offshore_wind_generation,Wind Offshore | Actual Aggregated,2026-07-09T21:36:22Z
2026-07-09T21:35:56Z,2026-07-09T23:35:56+0200,83b77581-3cb7-46c3-93db-5c164f059f55,2026-06-30T13:00:00Z,2026-06-30T15:00:00+0200,212.9275,MW,BE,BE,actual_offshore_wind_generation,Wind Offshore | Actual Aggregated,2026-07-09T21:36:22Z
2026-07-09T21:35:56Z,2026-07-09T23:35:56+0200,83b77581-3cb7-46c3-93db-5c164f059f55,2026-06-30T14:00:00Z,2026-06-30T16:00:00+0200,171.3275,MW,BE,BE,actual_offshore_wind_generation,Wind Offshore | Actual Aggregated,2026-07-09T21:36:22Z
2026-07-09T21:35:56Z,2026-07-09T23:35:56+0200,83b77581-3cb7-46c3-93db-5c164f059f55,2026-06-30T15:00:00Z,2026-06-30T17:00:00+0200,170.805,MW,BE,BE,actual_offshore_wind_generation,Wind Offshore | Actual Aggregated,2026-07-09T21:36:22Z
2026-07-09T21:35:56Z,2026-07-09T23:35:56+0200,83b77581-3cb7-46c3-93db-5c164f059f55,2026-06-30T16:00:00Z,2026-06-30T18:00:00+0200,322.15,MW,BE,BE,actual_offshore_wind_generation,Wind Offshore | Actual Aggregated,2026-07-09T21:36:22Z
2026-07-09T21:35:56Z,2026-07-09T23:35:56+0200,83b77581-3cb7-46c3-93db-5c164f059f55,2026-06-30T17:00:00Z,2026-06-30T19:00:00+0200,254.0175,MW,BE,BE,actual_offshore_wind_generation,Wind Offshore | Actual Aggregated,2026-07-09T21:36:22Z
2026-07-09T21:35:56Z,2026-07-09T23:35:56+0200,83b77581-3cb7-46c3-93db-5c164f059f55,2026-06-30T18:00:00Z,2026-06-30T20:00:00+0200,171.465,MW,BE,BE,actual_offshore_wind_generation,Wind Offshore | Actual Aggregated,2026-07-09T21:36:22Z
2026-07-09T21:35:56Z,2026-07-09T23:35:56+0200,83b77581-3cb7-46c3-93db-5c164f059f55,2026-06-30T19:00:00Z,2026-06-30T21:00:00+0200,108.9625,MW,BE,BE,actual_offshore_wind_generation,Wind Offshore | Actual Aggregated,2026-07-09T21:36:22Z
2026-07-09T21:35:56Z,2026-07-09T23:35:56+0200,83b77581-3cb7-46c3-93db-5c164f059f55,2026-06-30T20:00:00Z,2026-06-30T22:00:00+0200,140.6625,MW,BE,BE,actual_offshore_wind_generation,Wind Offshore | Actual Aggregated,2026-07-09T21:36:22Z
2026-07-09T21:35:56Z,2026-07-09T23:35:56+0200,83b77581-3cb7-46c3-93db-5c164f059f55,2026-06-30T21:00:00Z,2026-06-30T23:00:00+0200,314.61,MW,BE,BE,actual_offshore_wind_generation,Wind Offshore | Actual Aggregated,2026-07-09T21:36:22Z
2026-07-09T21:35:56Z,2026-07-09T23:35:56+0200,83b77581-3cb7-46c3-93db-5c164f059f55,2026-06-30T22:00:00Z,2026-07-01T00:00:00+0200,402.1325,MW,BE,BE,actual_offshore_wind_generation,Wind Offshore | Actual Aggregated,2026-07-09T21:36:22Z
2026-07-09T21:35:56Z,2026-07-09T23:35:56+0200,83b77581-3cb7-46c3-93db-5c164f059f55,2026-06-30T23:00:00Z,2026-07-01T01:00:00+0200,246.7975,MW,BE,BE,actual_offshore_wind_generation,Wind Offshore | Actual Aggregated,2026-07-09T21:36:22Z
2026-07-09T21:35:56Z,2026-07-09T23:35:56+0200,83b77581-3cb7-46c3-93db-5c164f059f55,2026-07-01T00:00:00Z,2026-07-01T02:00:00+0200,175.7875,MW,BE,BE,actual_offshore_wind_generation,Wind Offshore | Actual Aggregated,2026-07-09T21:36:22Z
2026-07-09T21:35:56Z,2026-07-09T23:35:56+0200,83b77581-3cb7-46c3-93db-5c164f059f55,2026-07-01T01:00:00Z,2026-07-01T03:00:00+0200,129.4775,MW,BE,BE,actual_offshore_wind_generation,Wind Offshore | Actual Aggregated,2026-07-09T21:36:22Z
2026-07-09T21:35:56Z,2026-07-09T23:35:56+0200,83b77581-3cb7-46c3-93db-5c164f059f55,2026-07-01T02:00:00Z,2026-07-01T04:00:00+0200,125.3,MW,BE,BE,actual_offshore_wind_generation,Wind Offshore | Actual Aggregated,2026-07-09T21:36:22Z
2026-07-09T21:35:56Z,2026-07-09T23:35:56+0200,83b77581-3cb7-46c3-93db-5c164f059f55,2026-07-01T03:00:00Z,2026-07-01T05:00:00+0200,141.53,MW,BE,BE,actual_offshore_wind_generation,Wind Offshore | Actual Aggregated,2026-07-09T21:36:22Z
2026-07-09T21:35:56Z,2026-07-09T23:35:56+0200,83b77581-3cb7-46c3-93db-5c164f059f55,2026-07-01T04:00:00Z,2026-07-01T06:00:00+0200,94.245,MW,BE,BE,actual_offshore_wind_generation,Wind Offshore | Actual Aggregated,2026-07-09T21:36:22Z
2026-07-09T21:35:56Z,2026-07-09T23:35:56+0200,83b77581-3cb7-46c3-93db-5c164f059f55,2026-07-01T05:00:00Z,2026-07-01T07:00:00+0200,77.565,MW,BE,BE,actual_offshore_wind_generation,Wind Offshore | Actual Aggregated,2026-07-09T21:36:22Z
2026-07-09T21:35:56Z,2026-07-09T23:35:56+0200,83b77581-3cb7-46c3-93db-5c164f059f55,2026-07-01T06:00:00Z,2026-07-01T08:00:00+0200,83.4925,MW,BE,BE,actual_offshore_wind_generation,Wind Offshore | Actual Aggregated,2026-07-09T21:36:22Z
2026-07-09T21:35:56Z,2026-07-09T23:35:56+0200,83b77581-3cb7-46c3-93db-5c164f059f55,2026-07-01T07:00:00Z,2026-07-01T09:00:00+0200,96.91,MW,BE,BE,actual_offshore_wind_generation,Wind Offshore | Actual Aggregated,2026-07-09T21:36:22Z
2026-07-09T21:35:56Z,2026-07-09T23:35:56+0200,83b77581-3cb7-46c3-93db-5c164f059f55,2026-07-01T08:00:00Z,2026-07-01T10:00:00+0200,109.5275,MW,BE,BE,actual_offshore_wind_generation,Wind Offshore | Actual Aggregated,2026-07-09T21:36:22Z
2026-07-09T21:35:56Z,2026-07-09T23:35:56+0200,83b77581-3cb7-46c3-93db-5c164f059f55,2026-07-01T09:00:00Z,2026-07-01T11:00:00+0200,148.1125,MW,BE,BE,actual_offshore_wind_generation,Wind Offshore | Actual Aggregated,2026-07-09T21:36:22Z
2026-07-09T21:35:56Z,2026-07-09T23:35:56+0200,83b77581-3cb7-46c3-93db-5c164f059f55,2026-07-01T10:00:00Z,2026-07-01T12:00:00+0200,89.8975,MW,BE,BE,actual_offshore_wind_generation,Wind Offshore | Actual Aggregated,2026-07-09T21:36:22Z
2026-07-09T21:35:56Z,2026-07-09T23:35:56+0200,83b77581-3cb7-46c3-93db-5c164f059f55,2026-07-01T11:00:00Z,2026-07-01T13:00:00+0200,87.6,MW,BE,BE,actual_offshore_wind_generation,Wind Offshore | Actual Aggregated,2026-07-09T21:36:22Z
2026-07-09T21:35:56Z,2026-07-09T23:35:56+0200,83b77581-3cb7-46c3-93db-5c164f059f55,2026-07-01T12:00:00Z,2026-07-01T14:00:00+0200,114.3525,MW,BE,BE,actual_offshore_wind_generation,Wind Offshore | Actual Aggregated,2026-07-09T21:36:22Z
2026-07-09T21:35:56Z,2026-07-09T23:35:56+0200,83b77581-3cb7-46c3-93db-5c164f059f55,2026-07-01T13:00:00Z,2026-07-01T15:00:00+0200,150.465,MW,BE,BE,actual_offshore_wind_generation,Wind Offshore | Actual Aggregated,2026-07-09T21:36:22Z
2026-07-09T21:35:56Z,2026-07-09T23:35:56+0200,83b77581-3cb7-46c3-93db-5c164f059f55,2026-07-01T14:00:00Z,2026-07-01T16:00:00+0200,216.9525,MW,BE,BE,actual_offshore_wind_generation,Wind Offshore | Actual Aggregated,2026-07-09T21:36:22Z
2026-07-09T21:35:56Z,2026-07-09T23:35:56+0200,83b77581-3cb7-46c3-93db-5c164f059f55,2026-07-01T15:00:00Z,2026-07-01T17:00:00+0200,241.7675,MW,BE,BE,actual_offshore_wind_generation,Wind Offshore | Actual Aggregated,2026-07-09T21:36:22Z
2026-07-09T21:35:56Z,2026-07-09T23:35:56+0200,83b77581-3cb7-46c3-93db-5c164f059f55,2026-07-01T16:00:00Z,2026-07-01T18:00:00+0200,326.0025,MW,BE,BE,actual_offshore_wind_generation,Wind Offshore | Actual Aggregated,2026-07-09T21:36:22Z
2026-07-09T21:35:56Z,2026-07-09T23:35:56+0200,83b77581-3cb7-46c3-93db-5c164f059f55,2026-07-01T17:00:00Z,2026-07-01T19:00:00+0200,543.3825,MW,BE,BE,actual_offshore_wind_generation,Wind Offshore | Actual Aggregated,2026-07-09T21:36:22Z
2026-07-09T21:35:56Z,2026-07-09T23:35:56+0200,83b77581-3cb7-46c3-93db-5c164f059f55,2026-07-01T18:00:00Z,2026-07-01T20:00:00+0200,759.995,MW,BE,BE,actual_offshore_wind_generation,Wind Offshore | Actual Aggregated,2026-07-09T21:36:22Z
2026-07-09T21:35:56Z,2026-07-09T23:35:56+0200,83b77581-3cb7-46c3-93db-5c164f059f55,2026-07-01T19:00:00Z,2026-07-01T21:00:00+0200,901.47,MW,BE,BE,actual_offshore_wind_generation,Wind Offshore | Actual Aggregated,2026-07-09T21:36:22Z
2026-07-09T21:35:56Z,2026-07-09T23:35:56+0200,83b77581-3cb7-46c3-93db-5c164f059f55,2026-07-01T20:00:00Z,2026-07-01T22:00:00+0200,938.3425,MW,BE,BE,actual_offshore_wind_generation,Wind Offshore | Actual Aggregated,2026-07-09T21:36:22Z
2026-07-09T21:35:56Z,2026-07-09T23:35:56+0200,83b77581-3cb7-46c3-93db-5c164f059f55,2026-07-01T21:00:00Z,2026-07-01T23:00:00+0200,744.9625,MW,BE,BE,actual_offshore_wind_generation,Wind Offshore | Actual Aggregated,2026-07-09T21:36:22Z
2026-07-09T21:35:56Z,2026-07-09T23:35:56+0200,83b77581-3cb7-46c3-93db-5c164f059f55,2026-07-01T22:00:00Z,2026-07-02T00:00:00+0200,814.8575,MW,BE,BE,actual_offshore_wind_generation,Wind Offshore | Actual Aggregated,2026-07-09T21:36:22Z
2026-07-09T21:35:56Z,2026-07-09T23:35:56+0200,83b77581-3cb7-46c3-93db-5c164f059f55,2026-07-01T23:00:00Z,2026-07-02T01:00:00+0200,989.4,MW,BE,BE,actual_offshore_wind_generation,Wind Offshore | Actual Aggregated,2026-07-09T21:36:22Z
2026-07-09T21:35:56Z,2026-07-09T23:35:56+0200,83b77581-3cb7-46c3-93db-5c164f059f55,2026-07-02T00:00:00Z,2026-07-02T02:00:00+0200,1312.27,MW,BE,BE,actual_offshore_wind_generation,Wind Offshore | Actual Aggregated,2026-07-09T21:36:22Z
2026-07-09T21:35:56Z,2026-07-09T23:35:56+0200,83b77581-3cb7-46c3-93db-5c164f059f55,2026-07-02T01:00:00Z,2026-07-02T03:00:00+0200,1554.965,MW,BE,BE,actual_offshore_wind_generation,Wind Offshore | Actual Aggregated,2026-07-09T21:36:22Z
2026-07-09T21:35:56Z,2026-07-09T23:35:56+0200,83b77581-3cb7-46c3-93db-5c164f059f55,2026-07-02T02:00:00Z,2026-07-02T04:00:00+0200,1839.1175,MW,BE,BE,actual_offshore_wind_generation,Wind Offshore | Actual Aggregated,2026-07-09T21:36:22Z
2026-07-09T21:35:56Z,2026-07-09T23:35:56+0200,83b77581-3cb7-46c3-93db-5c164f059f55,2026-07-02T03:00:00Z,2026-07-02T05:00:00+0200,1996.7825,MW,BE,BE,actual_offshore_wind_generation,Wind Offshore | Actual Aggregated,2026-07-09T21:36:22Z
2026-07-09T21:35:56Z,2026-07-09T23:35:56+0200,83b77581-3cb7-46c3-93db-5c164f059f55,2026-07-02T04:00:00Z,2026-07-02T06:00:00+0200,2051.025,MW,BE,BE,actual_offshore_wind_generation,Wind Offshore | Actual Aggregated,2026-07-09T21:36:22Z
2026-07-09T21:35:56Z,2026-07-09T23:35:56+0200,83b77581-3cb7-46c3-93db-5c164f059f55,2026-07-02T05:00:00Z,2026-07-02T07:00:00+0200,2072.125,MW,BE,BE,actual_offshore_wind_generation,Wind Offshore | Actual Aggregated,2026-07-09T21:36:22Z
2026-07-09T21:35:56Z,2026-07-09T23:35:56+0200,83b77581-3cb7-46c3-93db-5c164f059f55,2026-07-02T06:00:00Z,2026-07-02T08:00:00+0200,2072.8225,MW,BE,BE,actual_offshore_wind_generation,Wind Offshore | Actual Aggregated,2026-07-09T21:36:22Z
2026-07-09T21:35:56Z,2026-07-09T23:35:56+0200,83b77581-3cb7-46c3-93db-5c164f059f55,2026-07-02T07:00:00Z,2026-07-02T09:00:00+0200,1999.1675,MW,BE,BE,actual_offshore_wind_generation,Wind Offshore | Actual Aggregated,2026-07-09T21:36:22Z
2026-07-09T21:35:56Z,2026-07-09T23:35:56+0200,83b77581-3cb7-46c3-93db-5c164f059f55,2026-07-02T08:00:00Z,2026-07-02T10:00:00+0200,1806.9925,MW,BE,BE,actual_offshore_wind_generation,Wind Offshore | Actual Aggregated,2026-07-09T21:36:22Z
2026-07-09T21:35:56Z,2026-07-09T23:35:56+0200,83b77581-3cb7-46c3-93db-5c164f059f55,2026-07-02T09:00:00Z,2026-07-02T11:00:00+0200,1679.2725,MW,BE,BE,actual_offshore_wind_generation,Wind Offshore | Actual Aggregated,2026-07-09T21:36:22Z
2026-07-09T21:35:56Z,2026-07-09T23:35:56+0200,83b77581-3cb7-46c3-93db-5c164f059f55,2026-07-02T10:00:00Z,2026-07-02T12:00:00+0200,1558.9075,MW,BE,BE,actual_offshore_wind_generation,Wind Offshore | Actual Aggregated,2026-07-09T21:36:22Z
2026-07-09T21:35:56Z,2026-07-09T23:35:56+0200,83b77581-3cb7-46c3-93db-5c164f059f55,2026-07-02T11:00:00Z,2026-07-02T13:00:00+0200,1357.55,MW,BE,BE,actual_offshore_wind_generation,Wind Offshore | Actual Aggregated,2026-07-09T21:36:22Z
2026-07-09T21:35:56Z,2026-07-09T23:35:56+0200,83b77581-3cb7-46c3-93db-5c164f059f55,2026-07-02T12:00:00Z,2026-07-02T14:00:00+0200,975.785,MW,BE,BE,actual_offshore_wind_generation,Wind Offshore | Actual Aggregated,2026-07-09T21:36:22Z
2026-07-09T21:35:56Z,2026-07-09T23:35:56+0200,83b77581-3cb7-46c3-93db-5c164f059f55,2026-07-02T13:00:00Z,2026-07-02T15:00:00+0200,414.48,MW,BE,BE,actual_offshore_wind_generation,Wind Offshore | Actual Aggregated,2026-07-09T21:36:22Z
2026-07-09T21:35:56Z,2026-07-09T23:35:56+0200,83b77581-3cb7-46c3-93db-5c164f059f55,2026-07-02T14:00:00Z,2026-07-02T16:00:00+0200,55.1825,MW,BE,BE,actual_offshore_wind_generation,Wind Offshore | Actual Aggregated,2026-07-09T21:36:22Z
2026-07-09T21:35:56Z,2026-07-09T23:35:56+0200,83b77581-3cb7-46c3-93db-5c164f059f55,2026-07-02T14:00:00Z,2026-07-02T16:00:00+0200,3.655,MW,BE,BE,actual_offshore_wind_generation,Wind Offshore | Actual Consumption,2026-07-09T21:36:22Z
2026-07-09T21:35:56Z,2026-07-09T23:35:56+0200,83b77581-3cb7-46c3-93db-5c164f059f55,2026-07-02T15:00:00Z,2026-07-02T17:00:00+0200,16.8925,MW,BE,BE,actual_offshore_wind_generation,Wind Offshore | Actual Aggregated,2026-07-09T21:36:22Z
2026-07-09T21:35:56Z,2026-07-09T23:35:56+0200,83b77581-3cb7-46c3-93db-5c164f059f55,2026-07-02T15:00:00Z,2026-07-02T17:00:00+0200,12.3775,MW,BE,BE,actual_offshore_wind_generation,Wind Offshore | Actual Consumption,2026-07-09T21:36:22Z
2026-07-09T21:35:56Z,2026-07-09T23:35:56+0200,83b77581-3cb7-46c3-93db-5c164f059f55,2026-07-02T16:00:00Z,2026-07-02T18:00:00+0200,36.6975,MW,BE,BE,actual_offshore_wind_generation,Wind Offshore | Actual Aggregated,2026-07-09T21:36:22Z
2026-07-09T21:35:56Z,2026-07-09T23:35:56+0200,83b77581-3cb7-46c3-93db-5c164f059f55,2026-07-02T17:00:00Z,2026-07-02T19:00:00+0200,6.8625,MW,BE,BE,actual_offshore_wind_generation,Wind Offshore | Actual Aggregated,2026-07-09T21:36:22Z
2026-07-09T21:35:56Z,2026-07-09T23:35:56+0200,83b77581-3cb7-46c3-93db-5c164f059f55,2026-07-02T17:00:00Z,2026-07-02T19:00:00+0200,2.695,MW,BE,BE,actual_offshore_wind_generation,Wind Offshore | Actual Consumption,2026-07-09T21:36:22Z
2026-07-09T21:35:56Z,2026-07-09T23:35:56+0200,83b77581-3cb7-46c3-93db-5c164f059f55,2026-07-02T18:00:00Z,2026-07-02T20:00:00+0200,18.635,MW,BE,BE,actual_offshore_wind_generation,Wind Offshore | Actual Consumption,2026-07-09T21:36:22Z
2026-07-09T21:35:56Z,2026-07-09T23:35:56+0200,83b77581-3cb7-46c3-93db-5c164f059f55,2026-07-02T19:00:00Z,2026-07-02T21:00:00+0200,26.03,MW,BE,BE,actual_offshore_wind_generation,Wind Offshore | Actual Consumption,2026-07-09T21:36:22Z
2026-07-09T21:35:56Z,2026-07-09T23:35:56+0200,83b77581-3cb7-46c3-93db-5c164f059f55,2026-07-02T20:00:00Z,2026-07-02T22:00:00+0200,26.735,MW,BE,BE,actual_offshore_wind_generation,Wind Offshore | Actual Consumption,2026-07-09T21:36:22Z
2026-07-09T21:35:56Z,2026-07-09T23:35:56+0200,83b77581-3cb7-46c3-93db-5c164f059f55,2026-07-02T21:00:00Z,2026-07-02T23:00:00+0200,26.7425,MW,BE,BE,actual_offshore_wind_generation,Wind Offshore | Actual Consumption,2026-07-09T21:36:22Z
2026-07-09T21:35:56Z,2026-07-09T23:35:56+0200,83b77581-3cb7-46c3-93db-5c164f059f55,2026-07-02T22:00:00Z,2026-07-03T00:00:00+0200,27.2925,MW,BE,BE,actual_offshore_wind_generation,Wind Offshore | Actual Consumption,2026-07-09T21:36:22Z
2026-07-09T21:35:56Z,2026-07-09T23:35:56+0200,83b77581-3cb7-46c3-93db-5c164f059f55,2026-07-02T23:00:00Z,2026-07-03T01:00:00+0200,27.535,MW,BE,BE,actual_offshore_wind_generation,Wind Offshore | Actual Consumption,2026-07-09T21:36:22Z
2026-07-09T21:35:56Z,2026-07-09T23:35:56+0200,83b77581-3cb7-46c3-93db-5c164f059f55,2026-07-03T00:00:00Z,2026-07-03T02:00:00+0200,13.3,MW,BE,BE,actual_offshore_wind_generation,Wind Offshore | Actual Consumption,2026-07-09T21:36:22Z
2026-07-09T21:35:56Z,2026-07-09T23:35:56+0200,83b77581-3cb7-46c3-93db-5c164f059f55,2026-07-03T01:00:00Z,2026-07-03T03:00:00+0200,7.9325,MW,BE,BE,actual_offshore_wind_generation,Wind Offshore | Actual Aggregated,2026-07-09T21:36:22Z
2026-07-09T21:35:56Z,2026-07-09T23:35:56+0200,83b77581-3cb7-46c3-93db-5c164f059f55,2026-07-03T01:00:00Z,2026-07-03T03:00:00+0200,1.2325,MW,BE,BE,actual_offshore_wind_generation,Wind Offshore | Actual Consumption,2026-07-09T21:36:22Z
2026-07-09T21:35:56Z,2026-07-09T23:35:56+0200,83b77581-3cb7-46c3-93db-5c164f059f55,2026-07-03T02:00:00Z,2026-07-03T04:00:00+0200,46.7425,MW,BE,BE,actual_offshore_wind_generation,Wind Offshore | Actual Aggregated,2026-07-09T21:36:22Z
2026-07-09T21:35:56Z,2026-07-09T23:35:56+0200,83b77581-3cb7-46c3-93db-5c164f059f55,2026-07-03T03:00:00Z,2026-07-03T05:00:00+0200,214.2875,MW,BE,BE,actual_offshore_wind_generation,Wind Offshore | Actual Aggregated,2026-07-09T21:36:22Z
2026-07-09T21:35:56Z,2026-07-09T23:35:56+0200,83b77581-3cb7-46c3-93db-5c164f059f55,2026-07-03T04:00:00Z,2026-07-03T06:00:00+0200,225.6025,MW,BE,BE,actual_offshore_wind_generation,Wind Offshore | Actual Aggregated,2026-07-09T21:36:22Z
2026-07-09T21:35:56Z,2026-07-09T23:35:56+0200,83b77581-3cb7-46c3-93db-5c164f059f55,2026-07-03T05:00:00Z,2026-07-03T07:00:00+0200,167.48,MW,BE,BE,actual_offshore_wind_generation,Wind Offshore | Actual Aggregated,2026-07-09T21:36:22Z
2026-07-09T21:35:56Z,2026-07-09T23:35:56+0200,83b77581-3cb7-46c3-93db-5c164f059f55,2026-07-03T06:00:00Z,2026-07-03T08:00:00+0200,79.2175,MW,BE,BE,actual_offshore_wind_generation,Wind Offshore | Actual Aggregated,2026-07-09T21:36:22Z
2026-07-09T21:35:56Z,2026-07-09T23:35:56+0200,83b77581-3cb7-46c3-93db-5c164f059f55,2026-07-03T07:00:00Z,2026-07-03T09:00:00+0200,17.7625,MW,BE,BE,actual_offshore_wind_generation,Wind Offshore | Actual Aggregated,2026-07-09T21:36:22Z
2026-07-09T21:35:56Z,2026-07-09T23:35:56+0200,83b77581-3cb7-46c3-93db-5c164f059f55,2026-07-03T08:00:00Z,2026-07-03T10:00:00+0200,28.53,MW,BE,BE,actual_offshore_wind_generation,Wind Offshore | Actual Aggregated,2026-07-09T21:36:22Z
2026-07-09T21:35:56Z,2026-07-09T23:35:56+0200,83b77581-3cb7-46c3-93db-5c164f059f55,2026-07-03T09:00:00Z,2026-07-03T11:00:00+0200,20.075,MW,BE,BE,actual_offshore_wind_generation,Wind Offshore | Actual Aggregated,2026-07-09T21:36:22Z
2026-07-09T21:35:56Z,2026-07-09T23:35:56+0200,83b77581-3cb7-46c3-93db-5c164f059f55,2026-07-03T09:00:00Z,2026-07-03T11:00:00+0200,1.52,MW,BE,BE,actual_offshore_wind_generation,Wind Offshore | Actual Consumption,2026-07-09T21:36:22Z
2026-07-09T21:35:56Z,2026-07-09T23:35:56+0200,83b77581-3cb7-46c3-93db-5c164f059f55,2026-07-03T10:00:00Z,2026-07-03T12:00:00+0200,5.545,MW,BE,BE,actual_offshore_wind_generation,Wind Offshore | Actual Aggregated,2026-07-09T21:36:22Z
2026-07-09T21:35:56Z,2026-07-09T23:35:56+0200,83b77581-3cb7-46c3-93db-5c164f059f55,2026-07-03T10:00:00Z,2026-07-03T12:00:00+0200,4.005,MW,BE,BE,actual_offshore_wind_generation,Wind Offshore | Actual Consumption,2026-07-09T21:36:22Z
2026-07-09T21:35:56Z,2026-07-09T23:35:56+0200,83b77581-3cb7-46c3-93db-5c164f059f55,2026-07-03T11:00:00Z,2026-07-03T13:00:00+0200,0.1375,MW,BE,BE,actual_offshore_wind_generation,Wind Offshore | Actual Aggregated,2026-07-09T21:36:22Z
2026-07-09T21:35:56Z,2026-07-09T23:35:56+0200,83b77581-3cb7-46c3-93db-5c164f059f55,2026-07-03T11:00:00Z,2026-07-03T13:00:00+0200,2.9775,MW,BE,BE,actual_offshore_wind_generation,Wind Offshore | Actual Consumption,2026-07-09T21:36:22Z
2026-07-09T21:35:56Z,2026-07-09T23:35:56+0200,83b77581-3cb7-46c3-93db-5c164f059f55,2026-07-03T12:00:00Z,2026-07-03T14:00:00+0200,11.42,MW,BE,BE,actual_offshore_wind_generation,Wind Offshore | Actual Consumption,2026-07-09T21:36:22Z
2026-07-09T21:35:56Z,2026-07-09T23:35:56+0200,83b77581-3cb7-46c3-93db-5c164f059f55,2026-07-03T13:00:00Z,2026-07-03T15:00:00+0200,25.4625,MW,BE,BE,actual_offshore_wind_generation,Wind Offshore | Actual Consumption,2026-07-09T21:36:22Z
2026-07-09T21:35:56Z,2026-07-09T23:35:56+0200,83b77581-3cb7-46c3-93db-5c164f059f55,2026-07-03T14:00:00Z,2026-07-03T16:00:00+0200,27.17,MW,BE,BE,actual_offshore_wind_generation,Wind Offshore | Actual Consumption,2026-07-09T21:36:22Z
2026-07-09T21:35:56Z,2026-07-09T23:35:56+0200,83b77581-3cb7-46c3-93db-5c164f059f55,2026-07-03T15:00:00Z,2026-07-03T17:00:00+0200,27.355,MW,BE,BE,actual_offshore_wind_generation,Wind Offshore | Actual Consumption,2026-07-09T21:36:22Z
2026-07-09T21:35:56Z,2026-07-09T23:35:56+0200,83b77581-3cb7-46c3-93db-5c164f059f55,2026-07-03T16:00:00Z,2026-07-03T18:00:00+0200,26.945,MW,BE,BE,actual_offshore_wind_generation,Wind Offshore | Actual Consumption,2026-07-09T21:36:22Z
2026-07-09T21:35:56Z,2026-07-09T23:35:56+0200,83b77581-3cb7-46c3-93db-5c164f059f55,2026-07-03T17:00:00Z,2026-07-03T19:00:00+0200,26.9775,MW,BE,BE,actual_offshore_wind_generation,Wind Offshore | Actual Consumption,2026-07-09T21:36:22Z
2026-07-09T21:35:56Z,2026-07-09T23:35:56+0200,83b77581-3cb7-46c3-93db-5c164f059f55,2026-07-03T18:00:00Z,2026-07-03T20:00:00+0200,0.215,MW,BE,BE,actual_offshore_wind_generation,Wind Offshore | Actual Aggregated,2026-07-09T21:36:22Z
2026-07-09T21:35:56Z,2026-07-09T23:35:56+0200,83b77581-3cb7-46c3-93db-5c164f059f55,2026-07-03T18:00:00Z,2026-07-03T20:00:00+0200,16.21,MW,BE,BE,actual_offshore_wind_generation,Wind Offshore | Actual Consumption,2026-07-09T21:36:22Z
2026-07-09T21:35:56Z,2026-07-09T23:35:56+0200,83b77581-3cb7-46c3-93db-5c164f059f55,2026-07-03T19:00:00Z,2026-07-03T21:00:00+0200,25.8625,MW,BE,BE,actual_offshore_wind_generation,Wind Offshore | Actual Aggregated,2026-07-09T21:36:22Z
2026-07-09T21:35:56Z,2026-07-09T23:35:56+0200,83b77581-3cb7-46c3-93db-5c164f059f55,2026-07-03T20:00:00Z,2026-07-03T22:00:00+0200,102.435,MW,BE,BE,actual_offshore_wind_generation,Wind Offshore | Actual Aggregated,2026-07-09T21:36:22Z
2026-07-09T21:35:56Z,2026-07-09T23:35:56+0200,83b77581-3cb7-46c3-93db-5c164f059f55,2026-07-03T21:00:00Z,2026-07-03T23:00:00+0200,153.88,MW,BE,BE,actual_offshore_wind_generation,Wind Offshore | Actual Aggregated,2026-07-09T21:36:22Z
2026-07-09T21:35:56Z,2026-07-09T23:35:56+0200,83b77581-3cb7-46c3-93db-5c164f059f55,2026-07-03T22:00:00Z,2026-07-04T00:00:00+0200,320.865,MW,BE,BE,actual_offshore_wind_generation,Wind Offshore | Actual Aggregated,2026-07-09T21:36:22Z
2026-07-09T21:35:56Z,2026-07-09T23:35:56+0200,83b77581-3cb7-46c3-93db-5c164f059f55,2026-07-03T23:00:00Z,2026-07-04T01:00:00+0200,529.2575,MW,BE,BE,actual_offshore_wind_generation,Wind Offshore | Actual Aggregated,2026-07-09T21:36:22Z
2026-07-09T21:35:56Z,2026-07-09T23:35:56+0200,83b77581-3cb7-46c3-93db-5c164f059f55,2026-07-04T00:00:00Z,2026-07-04T02:00:00+0200,716.8825,MW,BE,BE,actual_offshore_wind_generation,Wind Offshore | Actual Aggregated,2026-07-09T21:36:22Z
2026-07-09T21:35:56Z,2026-07-09T23:35:56+0200,83b77581-3cb7-46c3-93db-5c164f059f55,2026-07-04T01:00:00Z,2026-07-04T03:00:00+0200,883.0725,MW,BE,BE,actual_offshore_wind_generation,Wind Offshore | Actual Aggregated,2026-07-09T21:36:22Z
2026-07-09T21:35:56Z,2026-07-09T23:35:56+0200,83b77581-3cb7-46c3-93db-5c164f059f55,2026-07-04T02:00:00Z,2026-07-04T04:00:00+0200,808.365,MW,BE,BE,actual_offshore_wind_generation,Wind Offshore | Actual Aggregated,2026-07-09T21:36:22Z
2026-07-09T21:35:56Z,2026-07-09T23:35:56+0200,83b77581-3cb7-46c3-93db-5c164f059f55,2026-07-04T03:00:00Z,2026-07-04T05:00:00+0200,680.81,MW,BE,BE,actual_offshore_wind_generation,Wind Offshore | Actual Aggregated,2026-07-09T21:36:22Z
2026-07-09T21:35:56Z,2026-07-09T23:35:56+0200,83b77581-3cb7-46c3-93db-5c164f059f55,2026-07-04T04:00:00Z,2026-07-04T06:00:00+0200,578.52,MW,BE,BE,actual_offshore_wind_generation,Wind Offshore | Actual Aggregated,2026-07-09T21:36:22Z
2026-07-09T21:35:56Z,2026-07-09T23:35:56+0200,83b77581-3cb7-46c3-93db-5c164f059f55,2026-07-04T05:00:00Z,2026-07-04T07:00:00+0200,647.52,MW,BE,BE,actual_offshore_wind_generation,Wind Offshore | Actual Aggregated,2026-07-09T21:36:22Z
2026-07-09T21:35:56Z,2026-07-09T23:35:56+0200,83b77581-3cb7-46c3-93db-5c164f059f55,2026-07-04T06:00:00Z,2026-07-04T08:00:00+0200,638.2025,MW,BE,BE,actual_offshore_wind_generation,Wind Offshore | Actual Aggregated,2026-07-09T21:36:22Z
2026-07-09T21:35:56Z,2026-07-09T23:35:56+0200,83b77581-3cb7-46c3-93db-5c164f059f55,2026-07-04T07:00:00Z,2026-07-04T09:00:00+0200,575.5275,MW,BE,BE,actual_offshore_wind_generation,Wind Offshore | Actual Aggregated,2026-07-09T21:36:22Z
2026-07-09T21:35:56Z,2026-07-09T23:35:56+0200,83b77581-3cb7-46c3-93db-5c164f059f55,2026-07-04T08:00:00Z,2026-07-04T10:00:00+0200,408.5725,MW,BE,BE,actual_offshore_wind_generation,Wind Offshore | Actual Aggregated,2026-07-09T21:36:22Z
2026-07-09T21:35:56Z,2026-07-09T23:35:56+0200,83b77581-3cb7-46c3-93db-5c164f059f55,2026-07-04T09:00:00Z,2026-07-04T11:00:00+0200,380.055,MW,BE,BE,actual_offshore_wind_generation,Wind Offshore | Actual Aggregated,2026-07-09T21:36:22Z
2026-07-09T21:35:56Z,2026-07-09T23:35:56+0200,83b77581-3cb7-46c3-93db-5c164f059f55,2026-07-04T10:00:00Z,2026-07-04T12:00:00+0200,364.7225,MW,BE,BE,actual_offshore_wind_generation,Wind Offshore | Actual Aggregated,2026-07-09T21:36:22Z
2026-07-09T21:35:56Z,2026-07-09T23:35:56+0200,83b77581-3cb7-46c3-93db-5c164f059f55,2026-07-04T11:00:00Z,2026-07-04T13:00:00+0200,432.0875,MW,BE,BE,actual_offshore_wind_generation,Wind Offshore | Actual Aggregated,2026-07-09T21:36:22Z
2026-07-09T21:35:56Z,2026-07-09T23:35:56+0200,83b77581-3cb7-46c3-93db-5c164f059f55,2026-07-04T12:00:00Z,2026-07-04T14:00:00+0200,534.165,MW,BE,BE,actual_offshore_wind_generation,Wind Offshore | Actual Aggregated,2026-07-09T21:36:22Z
2026-07-09T21:35:56Z,2026-07-09T23:35:56+0200,83b77581-3cb7-46c3-93db-5c164f059f55,2026-07-04T13:00:00Z,2026-07-04T15:00:00+0200,584.015,MW,BE,BE,actual_offshore_wind_generation,Wind Offshore | Actual Aggregated,2026-07-09T21:36:22Z
2026-07-09T21:35:56Z,2026-07-09T23:35:56+0200,83b77581-3cb7-46c3-93db-5c164f059f55,2026-07-04T14:00:00Z,2026-07-04T16:00:00+0200,708.2475,MW,BE,BE,actual_offshore_wind_generation,Wind Offshore | Actual Aggregated,2026-07-09T21:36:22Z
2026-07-09T21:35:56Z,2026-07-09T23:35:56+0200,83b77581-3cb7-46c3-93db-5c164f059f55,2026-07-04T15:00:00Z,2026-07-04T17:00:00+0200,874.2325,MW,BE,BE,actual_offshore_wind_generation,Wind Offshore | Actual Aggregated,2026-07-09T21:36:22Z
2026-07-09T21:35:56Z,2026-07-09T23:35:56+0200,83b77581-3cb7-46c3-93db-5c164f059f55,2026-07-04T16:00:00Z,2026-07-04T18:00:00+0200,811.625,MW,BE,BE,actual_offshore_wind_generation,Wind Offshore | Actual Aggregated,2026-07-09T21:36:22Z
2026-07-09T21:35:56Z,2026-07-09T23:35:56+0200,83b77581-3cb7-46c3-93db-5c164f059f55,2026-07-04T17:00:00Z,2026-07-04T19:00:00+0200,866.2025,MW,BE,BE,actual_offshore_wind_generation,Wind Offshore | Actual Aggregated,2026-07-09T21:36:22Z
2026-07-09T21:35:56Z,2026-07-09T23:35:56+0200,83b77581-3cb7-46c3-93db-5c164f059f55,2026-07-04T18:00:00Z,2026-07-04T20:00:00+0200,786.2475,MW,BE,BE,actual_offshore_wind_generation,Wind Offshore | Actual Aggregated,2026-07-09T21:36:22Z
2026-07-09T21:35:56Z,2026-07-09T23:35:56+0200,83b77581-3cb7-46c3-93db-5c164f059f55,2026-07-04T19:00:00Z,2026-07-04T21:00:00+0200,867.7825,MW,BE,BE,actual_offshore_wind_generation,Wind Offshore | Actual Aggregated,2026-07-09T21:36:22Z
2026-07-09T21:35:56Z,2026-07-09T23:35:56+0200,83b77581-3cb7-46c3-93db-5c164f059f55,2026-07-04T20:00:00Z,2026-07-04T22:00:00+0200,723.17,MW,BE,BE,actual_offshore_wind_generation,Wind Offshore | Actual Aggregated,2026-07-09T21:36:22Z
2026-07-09T21:35:56Z,2026-07-09T23:35:56+0200,83b77581-3cb7-46c3-93db-5c164f059f55,2026-07-04T21:00:00Z,2026-07-04T23:00:00+0200,413.6675,MW,BE,BE,actual_offshore_wind_generation,Wind Offshore | Actual Aggregated,2026-07-09T21:36:22Z
2026-07-09T21:35:56Z,2026-07-09T23:35:56+0200,83b77581-3cb7-46c3-93db-5c164f059f55,2026-07-04T22:00:00Z,2026-07-05T00:00:00+0200,103.44,MW,BE,BE,actual_offshore_wind_generation,Wind Offshore | Actual Aggregated,2026-07-09T21:36:22Z
2026-07-09T21:35:56Z,2026-07-09T23:35:56+0200,83b77581-3cb7-46c3-93db-5c164f059f55,2026-07-04T23:00:00Z,2026-07-05T01:00:00+0200,142.215,MW,BE,BE,actual_offshore_wind_generation,Wind Offshore | Actual Aggregated,2026-07-09T21:36:22Z
2026-07-09T21:35:56Z,2026-07-09T23:35:56+0200,83b77581-3cb7-46c3-93db-5c164f059f55,2026-07-05T00:00:00Z,2026-07-05T02:00:00+0200,367.27,MW,BE,BE,actual_offshore_wind_generation,Wind Offshore | Actual Aggregated,2026-07-09T21:36:22Z
2026-07-09T21:35:56Z,2026-07-09T23:35:56+0200,83b77581-3cb7-46c3-93db-5c164f059f55,2026-07-05T01:00:00Z,2026-07-05T03:00:00+0200,263.56,MW,BE,BE,actual_offshore_wind_generation,Wind Offshore | Actual Aggregated,2026-07-09T21:36:22Z
2026-07-09T21:35:56Z,2026-07-09T23:35:56+0200,83b77581-3cb7-46c3-93db-5c164f059f55,2026-07-05T02:00:00Z,2026-07-05T04:00:00+0200,206.08,MW,BE,BE,actual_offshore_wind_generation,Wind Offshore | Actual Aggregated,2026-07-09T21:36:22Z
2026-07-09T21:35:56Z,2026-07-09T23:35:56+0200,83b77581-3cb7-46c3-93db-5c164f059f55,2026-07-05T03:00:00Z,2026-07-05T05:00:00+0200,233.18,MW,BE,BE,actual_offshore_wind_generation,Wind Offshore | Actual Aggregated,2026-07-09T21:36:22Z
2026-07-09T21:35:56Z,2026-07-09T23:35:56+0200,83b77581-3cb7-46c3-93db-5c164f059f55,2026-07-05T04:00:00Z,2026-07-05T06:00:00+0200,196.41,MW,BE,BE,actual_offshore_wind_generation,Wind Offshore | Actual Aggregated,2026-07-09T21:36:22Z
2026-07-09T21:35:56Z,2026-07-09T23:35:56+0200,83b77581-3cb7-46c3-93db-5c164f059f55,2026-07-05T05:00:00Z,2026-07-05T07:00:00+0200,293.3425,MW,BE,BE,actual_offshore_wind_generation,Wind Offshore | Actual Aggregated,2026-07-09T21:36:22Z
2026-07-09T21:35:56Z,2026-07-09T23:35:56+0200,83b77581-3cb7-46c3-93db-5c164f059f55,2026-07-05T06:00:00Z,2026-07-05T08:00:00+0200,313.9075,MW,BE,BE,actual_offshore_wind_generation,Wind Offshore | Actual Aggregated,2026-07-09T21:36:22Z
2026-07-09T21:35:56Z,2026-07-09T23:35:56+0200,83b77581-3cb7-46c3-93db-5c164f059f55,2026-07-05T07:00:00Z,2026-07-05T09:00:00+0200,341.94,MW,BE,BE,actual_offshore_wind_generation,Wind Offshore | Actual Aggregated,2026-07-09T21:36:22Z
2026-07-09T21:35:56Z,2026-07-09T23:35:56+0200,83b77581-3cb7-46c3-93db-5c164f059f55,2026-07-05T08:00:00Z,2026-07-05T10:00:00+0200,302.87,MW,BE,BE,actual_offshore_wind_generation,Wind Offshore | Actual Aggregated,2026-07-09T21:36:22Z
2026-07-09T21:35:56Z,2026-07-09T23:35:56+0200,83b77581-3cb7-46c3-93db-5c164f059f55,2026-07-05T09:00:00Z,2026-07-05T11:00:00+0200,274.6825,MW,BE,BE,actual_offshore_wind_generation,Wind Offshore | Actual Aggregated,2026-07-09T21:36:22Z
2026-07-09T21:35:56Z,2026-07-09T23:35:56+0200,83b77581-3cb7-46c3-93db-5c164f059f55,2026-07-05T10:00:00Z,2026-07-05T12:00:00+0200,159.6325,MW,BE,BE,actual_offshore_wind_generation,Wind Offshore | Actual Aggregated,2026-07-09T21:36:22Z
2026-07-09T21:35:56Z,2026-07-09T23:35:56+0200,83b77581-3cb7-46c3-93db-5c164f059f55,2026-07-05T11:00:00Z,2026-07-05T13:00:00+0200,323.7525,MW,BE,BE,actual_offshore_wind_generation,Wind Offshore | Actual Aggregated,2026-07-09T21:36:22Z
2026-07-09T21:35:56Z,2026-07-09T23:35:56+0200,83b77581-3cb7-46c3-93db-5c164f059f55,2026-07-05T12:00:00Z,2026-07-05T14:00:00+0200,403.945,MW,BE,BE,actual_offshore_wind_generation,Wind Offshore | Actual Aggregated,2026-07-09T21:36:22Z
2026-07-09T21:35:56Z,2026-07-09T23:35:56+0200,83b77581-3cb7-46c3-93db-5c164f059f55,2026-07-05T13:00:00Z,2026-07-05T15:00:00+0200,376.2025,MW,BE,BE,actual_offshore_wind_generation,Wind Offshore | Actual Aggregated,2026-07-09T21:36:22Z
2026-07-09T21:35:56Z,2026-07-09T23:35:56+0200,83b77581-3cb7-46c3-93db-5c164f059f55,2026-07-05T14:00:00Z,2026-07-05T16:00:00+0200,391.8475,MW,BE,BE,actual_offshore_wind_generation,Wind Offshore | Actual Aggregated,2026-07-09T21:36:22Z
2026-07-09T21:35:56Z,2026-07-09T23:35:56+0200,83b77581-3cb7-46c3-93db-5c164f059f55,2026-07-05T15:00:00Z,2026-07-05T17:00:00+0200,401.585,MW,BE,BE,actual_offshore_wind_generation,Wind Offshore | Actual Aggregated,2026-07-09T21:36:22Z
2026-07-09T21:35:56Z,2026-07-09T23:35:56+0200,83b77581-3cb7-46c3-93db-5c164f059f55,2026-07-05T16:00:00Z,2026-07-05T18:00:00+0200,461.9175,MW,BE,BE,actual_offshore_wind_generation,Wind Offshore | Actual Aggregated,2026-07-09T21:36:22Z
2026-07-09T21:35:56Z,2026-07-09T23:35:56+0200,83b77581-3cb7-46c3-93db-5c164f059f55,2026-07-05T17:00:00Z,2026-07-05T19:00:00+0200,462.575,MW,BE,BE,actual_offshore_wind_generation,Wind Offshore | Actual Aggregated,2026-07-09T21:36:22Z
2026-07-09T21:35:56Z,2026-07-09T23:35:56+0200,83b77581-3cb7-46c3-93db-5c164f059f55,2026-07-05T18:00:00Z,2026-07-05T20:00:00+0200,405.405,MW,BE,BE,actual_offshore_wind_generation,Wind Offshore | Actual Aggregated,2026-07-09T21:36:22Z
2026-07-09T21:35:56Z,2026-07-09T23:35:56+0200,83b77581-3cb7-46c3-93db-5c164f059f55,2026-07-05T19:00:00Z,2026-07-05T21:00:00+0200,503.4675,MW,BE,BE,actual_offshore_wind_generation,Wind Offshore | Actual Aggregated,2026-07-09T21:36:22Z
2026-07-09T21:35:56Z,2026-07-09T23:35:56+0200,83b77581-3cb7-46c3-93db-5c164f059f55,2026-07-05T20:00:00Z,2026-07-05T22:00:00+0200,591.09,MW,BE,BE,actual_offshore_wind_generation,Wind Offshore | Actual Aggregated,2026-07-09T21:36:22Z
2026-07-09T21:35:56Z,2026-07-09T23:35:56+0200,83b77581-3cb7-46c3-93db-5c164f059f55,2026-07-05T21:00:00Z,2026-07-05T23:00:00+0200,500.9625,MW,BE,BE,actual_offshore_wind_generation,Wind Offshore | Actual Aggregated,2026-07-09T21:36:22Z
2026-07-09T21:35:56Z,2026-07-09T23:35:56+0200,83b77581-3cb7-46c3-93db-5c164f059f55,2026-07-05T22:00:00Z,2026-07-06T00:00:00+0200,618.1375,MW,BE,BE,actual_offshore_wind_generation,Wind Offshore | Actual Aggregated,2026-07-09T21:36:22Z
2026-07-09T21:35:56Z,2026-07-09T23:35:56+0200,83b77581-3cb7-46c3-93db-5c164f059f55,2026-07-05T23:00:00Z,2026-07-06T01:00:00+0200,552.0975,MW,BE,BE,actual_offshore_wind_generation,Wind Offshore | Actual Aggregated,2026-07-09T21:36:22Z
2026-07-09T21:35:56Z,2026-07-09T23:35:56+0200,83b77581-3cb7-46c3-93db-5c164f059f55,2026-07-06T00:00:00Z,2026-07-06T02:00:00+0200,671.2,MW,BE,BE,actual_offshore_wind_generation,Wind Offshore | Actual Aggregated,2026-07-09T21:36:22Z
2026-07-09T21:35:56Z,2026-07-09T23:35:56+0200,83b77581-3cb7-46c3-93db-5c164f059f55,2026-07-06T01:00:00Z,2026-07-06T03:00:00+0200,814.405,MW,BE,BE,actual_offshore_wind_generation,Wind Offshore | Actual Aggregated,2026-07-09T21:36:22Z
2026-07-09T21:35:56Z,2026-07-09T23:35:56+0200,83b77581-3cb7-46c3-93db-5c164f059f55,2026-07-06T02:00:00Z,2026-07-06T04:00:00+0200,912.53,MW,BE,BE,actual_offshore_wind_generation,Wind Offshore | Actual Aggregated,2026-07-09T21:36:22Z
2026-07-09T21:35:56Z,2026-07-09T23:35:56+0200,83b77581-3cb7-46c3-93db-5c164f059f55,2026-07-06T03:00:00Z,2026-07-06T05:00:00+0200,838.815,MW,BE,BE,actual_offshore_wind_generation,Wind Offshore | Actual Aggregated,2026-07-09T21:36:22Z
2026-07-09T21:35:56Z,2026-07-09T23:35:56+0200,83b77581-3cb7-46c3-93db-5c164f059f55,2026-07-06T04:00:00Z,2026-07-06T06:00:00+0200,727.11,MW,BE,BE,actual_offshore_wind_generation,Wind Offshore | Actual Aggregated,2026-07-09T21:36:22Z
2026-07-09T21:35:56Z,2026-07-09T23:35:56+0200,83b77581-3cb7-46c3-93db-5c164f059f55,2026-07-06T05:00:00Z,2026-07-06T07:00:00+0200,540.4325,MW,BE,BE,actual_offshore_wind_generation,Wind Offshore | Actual Aggregated,2026-07-09T21:36:22Z
2026-07-09T21:35:56Z,2026-07-09T23:35:56+0200,83b77581-3cb7-46c3-93db-5c164f059f55,2026-07-06T06:00:00Z,2026-07-06T08:00:00+0200,820.5825,MW,BE,BE,actual_offshore_wind_generation,Wind Offshore | Actual Aggregated,2026-07-09T21:36:22Z
2026-07-09T21:35:56Z,2026-07-09T23:35:56+0200,83b77581-3cb7-46c3-93db-5c164f059f55,2026-07-06T07:00:00Z,2026-07-06T09:00:00+0200,1016.7475,MW,BE,BE,actual_offshore_wind_generation,Wind Offshore | Actual Aggregated,2026-07-09T21:36:22Z
2026-07-09T21:35:56Z,2026-07-09T23:35:56+0200,83b77581-3cb7-46c3-93db-5c164f059f55,2026-07-06T08:00:00Z,2026-07-06T10:00:00+0200,808.1175,MW,BE,BE,actual_offshore_wind_generation,Wind Offshore | Actual Aggregated,2026-07-09T21:36:22Z
2026-07-09T21:35:56Z,2026-07-09T23:35:56+0200,83b77581-3cb7-46c3-93db-5c164f059f55,2026-07-06T09:00:00Z,2026-07-06T11:00:00+0200,825.4675,MW,BE,BE,actual_offshore_wind_generation,Wind Offshore | Actual Aggregated,2026-07-09T21:36:22Z
2026-07-09T21:35:56Z,2026-07-09T23:35:56+0200,83b77581-3cb7-46c3-93db-5c164f059f55,2026-07-06T10:00:00Z,2026-07-06T12:00:00+0200,753.1325,MW,BE,BE,actual_offshore_wind_generation,Wind Offshore | Actual Aggregated,2026-07-09T21:36:22Z
2026-07-09T21:35:56Z,2026-07-09T23:35:56+0200,83b77581-3cb7-46c3-93db-5c164f059f55,2026-07-06T11:00:00Z,2026-07-06T13:00:00+0200,929.9525,MW,BE,BE,actual_offshore_wind_generation,Wind Offshore | Actual Aggregated,2026-07-09T21:36:22Z
2026-07-09T21:35:56Z,2026-07-09T23:35:56+0200,83b77581-3cb7-46c3-93db-5c164f059f55,2026-07-06T12:00:00Z,2026-07-06T14:00:00+0200,1195.9725,MW,BE,BE,actual_offshore_wind_generation,Wind Offshore | Actual Aggregated,2026-07-09T21:36:22Z
2026-07-09T21:35:56Z,2026-07-09T23:35:56+0200,83b77581-3cb7-46c3-93db-5c164f059f55,2026-07-06T13:00:00Z,2026-07-06T15:00:00+0200,1499.2125,MW,BE,BE,actual_offshore_wind_generation,Wind Offshore | Actual Aggregated,2026-07-09T21:36:22Z
2026-07-09T21:35:56Z,2026-07-09T23:35:56+0200,83b77581-3cb7-46c3-93db-5c164f059f55,2026-07-06T14:00:00Z,2026-07-06T16:00:00+0200,1932.2775,MW,BE,BE,actual_offshore_wind_generation,Wind Offshore | Actual Aggregated,2026-07-09T21:36:22Z
2026-07-09T21:35:56Z,2026-07-09T23:35:56+0200,83b77581-3cb7-46c3-93db-5c164f059f55,2026-07-06T15:00:00Z,2026-07-06T17:00:00+0200,2071.625,MW,BE,BE,actual_offshore_wind_generation,Wind Offshore | Actual Aggregated,2026-07-09T21:36:22Z
2026-07-09T21:35:56Z,2026-07-09T23:35:56+0200,83b77581-3cb7-46c3-93db-5c164f059f55,2026-07-06T16:00:00Z,2026-07-06T18:00:00+0200,2096.55,MW,BE,BE,actual_offshore_wind_generation,Wind Offshore | Actual Aggregated,2026-07-09T21:36:22Z
2026-07-09T21:35:56Z,2026-07-09T23:35:56+0200,83b77581-3cb7-46c3-93db-5c164f059f55,2026-07-06T17:00:00Z,2026-07-06T19:00:00+0200,2071.5225,MW,BE,BE,actual_offshore_wind_generation,Wind Offshore | Actual Aggregated,2026-07-09T21:36:22Z
2026-07-09T21:35:56Z,2026-07-09T23:35:56+0200,83b77581-3cb7-46c3-93db-5c164f059f55,2026-07-06T18:00:00Z,2026-07-06T20:00:00+0200,2049.535,MW,BE,BE,actual_offshore_wind_generation,Wind Offshore | Actual Aggregated,2026-07-09T21:36:22Z
2026-07-09T21:35:56Z,2026-07-09T23:35:56+0200,83b77581-3cb7-46c3-93db-5c164f059f55,2026-07-06T19:00:00Z,2026-07-06T21:00:00+0200,1977.5375,MW,BE,BE,actual_offshore_wind_generation,Wind Offshore | Actual Aggregated,2026-07-09T21:36:22Z
2026-07-09T21:35:56Z,2026-07-09T23:35:56+0200,83b77581-3cb7-46c3-93db-5c164f059f55,2026-07-06T20:00:00Z,2026-07-06T22:00:00+0200,1865.24,MW,BE,BE,actual_offshore_wind_generation,Wind Offshore | Actual Aggregated,2026-07-09T21:36:22Z
2026-07-09T21:35:56Z,2026-07-09T23:35:56+0200,83b77581-3cb7-46c3-93db-5c164f059f55,2026-07-06T21:00:00Z,2026-07-06T23:00:00+0200,1665.735,MW,BE,BE,actual_offshore_wind_generation,Wind Offshore | Actual Aggregated,2026-07-09T21:36:22Z
2026-07-09T21:35:56Z,2026-07-09T23:35:56+0200,83b77581-3cb7-46c3-93db-5c164f059f55,2026-07-06T22:00:00Z,2026-07-07T00:00:00+0200,1632.4055,MW,BE,BE,actual_offshore_wind_generation,Wind Offshore | Actual Aggregated,2026-07-09T21:36:22Z
2026-07-09T21:35:56Z,2026-07-09T23:35:56+0200,83b77581-3cb7-46c3-93db-5c164f059f55,2026-07-06T23:00:00Z,2026-07-07T01:00:00+0200,1056.26475,MW,BE,BE,actual_offshore_wind_generation,Wind Offshore | Actual Aggregated,2026-07-09T21:36:22Z
2026-07-09T21:35:56Z,2026-07-09T23:35:56+0200,83b77581-3cb7-46c3-93db-5c164f059f55,2026-07-07T00:00:00Z,2026-07-07T02:00:00+0200,743.91675,MW,BE,BE,actual_offshore_wind_generation,Wind Offshore | Actual Aggregated,2026-07-09T21:36:22Z
2026-07-09T21:35:56Z,2026-07-09T23:35:56+0200,83b77581-3cb7-46c3-93db-5c164f059f55,2026-07-07T01:00:00Z,2026-07-07T03:00:00+0200,745.99625,MW,BE,BE,actual_offshore_wind_generation,Wind Offshore | Actual Aggregated,2026-07-09T21:36:22Z
2026-07-09T21:35:56Z,2026-07-09T23:35:56+0200,83b77581-3cb7-46c3-93db-5c164f059f55,2026-07-07T02:00:00Z,2026-07-07T04:00:00+0200,989.3185,MW,BE,BE,actual_offshore_wind_generation,Wind Offshore | Actual Aggregated,2026-07-09T21:36:22Z
2026-07-09T21:35:56Z,2026-07-09T23:35:56+0200,83b77581-3cb7-46c3-93db-5c164f059f55,2026-07-07T03:00:00Z,2026-07-07T05:00:00+0200,712.348,MW,BE,BE,actual_offshore_wind_generation,Wind Offshore | Actual Aggregated,2026-07-09T21:36:22Z
2026-07-09T21:35:56Z,2026-07-09T23:35:56+0200,83b77581-3cb7-46c3-93db-5c164f059f55,2026-07-07T04:00:00Z,2026-07-07T06:00:00+0200,637.24475,MW,BE,BE,actual_offshore_wind_generation,Wind Offshore | Actual Aggregated,2026-07-09T21:36:22Z
2026-07-09T21:35:56Z,2026-07-09T23:35:56+0200,83b77581-3cb7-46c3-93db-5c164f059f55,2026-07-07T05:00:00Z,2026-07-07T07:00:00+0200,627.6185,MW,BE,BE,actual_offshore_wind_generation,Wind Offshore | Actual Aggregated,2026-07-09T21:36:22Z
2026-07-09T21:35:56Z,2026-07-09T23:35:56+0200,83b77581-3cb7-46c3-93db-5c164f059f55,2026-07-07T06:00:00Z,2026-07-07T08:00:00+0200,567.92025,MW,BE,BE,actual_offshore_wind_generation,Wind Offshore | Actual Aggregated,2026-07-09T21:36:22Z
2026-07-09T21:35:56Z,2026-07-09T23:35:56+0200,83b77581-3cb7-46c3-93db-5c164f059f55,2026-07-07T07:00:00Z,2026-07-07T09:00:00+0200,516.01675,MW,BE,BE,actual_offshore_wind_generation,Wind Offshore | Actual Aggregated,2026-07-09T21:36:22Z
2026-07-09T21:35:56Z,2026-07-09T23:35:56+0200,83b77581-3cb7-46c3-93db-5c164f059f55,2026-07-07T08:00:00Z,2026-07-07T10:00:00+0200,441.60275,MW,BE,BE,actual_offshore_wind_generation,Wind Offshore | Actual Aggregated,2026-07-09T21:36:22Z
2026-07-09T21:35:56Z,2026-07-09T23:35:56+0200,83b77581-3cb7-46c3-93db-5c164f059f55,2026-07-07T09:00:00Z,2026-07-07T11:00:00+0200,441.70325,MW,BE,BE,actual_offshore_wind_generation,Wind Offshore | Actual Aggregated,2026-07-09T21:36:22Z
2026-07-09T21:35:56Z,2026-07-09T23:35:56+0200,83b77581-3cb7-46c3-93db-5c164f059f55,2026-07-07T10:00:00Z,2026-07-07T12:00:00+0200,426.19975,MW,BE,BE,actual_offshore_wind_generation,Wind Offshore | Actual Aggregated,2026-07-09T21:36:22Z
2026-07-09T21:35:56Z,2026-07-09T23:35:56+0200,83b77581-3cb7-46c3-93db-5c164f059f55,2026-07-07T11:00:00Z,2026-07-07T13:00:00+0200,465.395,MW,BE,BE,actual_offshore_wind_generation,Wind Offshore | Actual Aggregated,2026-07-09T21:36:22Z
2026-07-09T21:35:56Z,2026-07-09T23:35:56+0200,83b77581-3cb7-46c3-93db-5c164f059f55,2026-07-07T12:00:00Z,2026-07-07T14:00:00+0200,419.1735,MW,BE,BE,actual_offshore_wind_generation,Wind Offshore | Actual Aggregated,2026-07-09T21:36:22Z
2026-07-09T21:35:56Z,2026-07-09T23:35:56+0200,83b77581-3cb7-46c3-93db-5c164f059f55,2026-07-07T13:00:00Z,2026-07-07T15:00:00+0200,283.876,MW,BE,BE,actual_offshore_wind_generation,Wind Offshore | Actual Aggregated,2026-07-09T21:36:22Z
2026-07-09T21:35:56Z,2026-07-09T23:35:56+0200,83b77581-3cb7-46c3-93db-5c164f059f55,2026-07-07T14:00:00Z,2026-07-07T16:00:00+0200,133.196,MW,BE,BE,actual_offshore_wind_generation,Wind Offshore | Actual Aggregated,2026-07-09T21:36:22Z
2026-07-09T21:35:56Z,2026-07-09T23:35:56+0200,83b77581-3cb7-46c3-93db-5c164f059f55,2026-07-07T15:00:00Z,2026-07-07T17:00:00+0200,134.91275,MW,BE,BE,actual_offshore_wind_generation,Wind Offshore | Actual Aggregated,2026-07-09T21:36:22Z
2026-07-09T21:35:56Z,2026-07-09T23:35:56+0200,83b77581-3cb7-46c3-93db-5c164f059f55,2026-07-07T16:00:00Z,2026-07-07T18:00:00+0200,39.33725,MW,BE,BE,actual_offshore_wind_generation,Wind Offshore | Actual Aggregated,2026-07-09T21:36:22Z
2026-07-09T21:35:56Z,2026-07-09T23:35:56+0200,83b77581-3cb7-46c3-93db-5c164f059f55,2026-07-07T17:00:00Z,2026-07-07T19:00:00+0200,18.9025,MW,BE,BE,actual_offshore_wind_generation,Wind Offshore | Actual Aggregated,2026-07-09T21:36:22Z
2026-07-09T21:35:56Z,2026-07-09T23:35:56+0200,83b77581-3cb7-46c3-93db-5c164f059f55,2026-07-07T18:00:00Z,2026-07-07T20:00:00+0200,11.8035,MW,BE,BE,actual_offshore_wind_generation,Wind Offshore | Actual Aggregated,2026-07-09T21:36:22Z
2026-07-09T21:35:56Z,2026-07-09T23:35:56+0200,83b77581-3cb7-46c3-93db-5c164f059f55,2026-07-07T19:00:00Z,2026-07-07T21:00:00+0200,7.165,MW,BE,BE,actual_offshore_wind_generation,Wind Offshore | Actual Aggregated,2026-07-09T21:36:22Z
2026-07-09T21:35:56Z,2026-07-09T23:35:56+0200,83b77581-3cb7-46c3-93db-5c164f059f55,2026-07-07T20:00:00Z,2026-07-07T22:00:00+0200,0.002,MW,BE,BE,actual_offshore_wind_generation,Wind Offshore | Actual Aggregated,2026-07-09T21:36:22Z
2026-07-09T21:35:56Z,2026-07-09T23:35:56+0200,83b77581-3cb7-46c3-93db-5c164f059f55,2026-07-07T21:00:00Z,2026-07-07T23:00:00+0200,0.002,MW,BE,BE,actual_offshore_wind_generation,Wind Offshore | Actual Aggregated,2026-07-09T21:36:22Z
2026-07-09T21:35:56Z,2026-07-09T23:35:56+0200,83b77581-3cb7-46c3-93db-5c164f059f55,2026-07-07T22:00:00Z,2026-07-08T00:00:00+0200,0.002,MW,BE,BE,actual_offshore_wind_generation,Wind Offshore | Actual Aggregated,2026-07-09T21:36:22Z
2026-07-09T21:35:56Z,2026-07-09T23:35:56+0200,83b77581-3cb7-46c3-93db-5c164f059f55,2026-07-07T23:00:00Z,2026-07-08T01:00:00+0200,0.002,MW,BE,BE,actual_offshore_wind_generation,Wind Offshore | Actual Aggregated,2026-07-09T21:36:22Z
2026-07-09T21:35:56Z,2026-07-09T23:35:56+0200,83b77581-3cb7-46c3-93db-5c164f059f55,2026-07-08T00:00:00Z,2026-07-08T02:00:00+0200,0.002,MW,BE,BE,actual_offshore_wind_generation,Wind Offshore | Actual Aggregated,2026-07-09T21:36:22Z
2026-07-09T21:35:56Z,2026-07-09T23:35:56+0200,83b77581-3cb7-46c3-93db-5c164f059f55,2026-07-08T01:00:00Z,2026-07-08T03:00:00+0200,0.002,MW,BE,BE,actual_offshore_wind_generation,Wind Offshore | Actual Aggregated,2026-07-09T21:36:22Z
2026-07-09T21:35:56Z,2026-07-09T23:35:56+0200,83b77581-3cb7-46c3-93db-5c164f059f55,2026-07-08T02:00:00Z,2026-07-08T04:00:00+0200,1.66925,MW,BE,BE,actual_offshore_wind_generation,Wind Offshore | Actual Aggregated,2026-07-09T21:36:22Z
2026-07-09T21:35:56Z,2026-07-09T23:35:56+0200,83b77581-3cb7-46c3-93db-5c164f059f55,2026-07-08T03:00:00Z,2026-07-08T05:00:00+0200,16.24125,MW,BE,BE,actual_offshore_wind_generation,Wind Offshore | Actual Aggregated,2026-07-09T21:36:22Z
2026-07-09T21:35:56Z,2026-07-09T23:35:56+0200,83b77581-3cb7-46c3-93db-5c164f059f55,2026-07-08T04:00:00Z,2026-07-08T06:00:00+0200,0.002,MW,BE,BE,actual_offshore_wind_generation,Wind Offshore | Actual Aggregated,2026-07-09T21:36:22Z
2026-07-09T21:35:56Z,2026-07-09T23:35:56+0200,83b77581-3cb7-46c3-93db-5c164f059f55,2026-07-08T05:00:00Z,2026-07-08T07:00:00+0200,1.6275,MW,BE,BE,actual_offshore_wind_generation,Wind Offshore | Actual Aggregated,2026-07-09T21:36:22Z
2026-07-09T21:35:56Z,2026-07-09T23:35:56+0200,83b77581-3cb7-46c3-93db-5c164f059f55,2026-07-08T06:00:00Z,2026-07-08T08:00:00+0200,0.002,MW,BE,BE,actual_offshore_wind_generation,Wind Offshore | Actual Aggregated,2026-07-09T21:36:22Z
2026-07-09T21:35:56Z,2026-07-09T23:35:56+0200,83b77581-3cb7-46c3-93db-5c164f059f55,2026-07-08T07:00:00Z,2026-07-08T09:00:00+0200,0.002,MW,BE,BE,actual_offshore_wind_generation,Wind Offshore | Actual Aggregated,2026-07-09T21:36:22Z
2026-07-09T21:35:56Z,2026-07-09T23:35:56+0200,83b77581-3cb7-46c3-93db-5c164f059f55,2026-07-08T08:00:00Z,2026-07-08T10:00:00+0200,0.002,MW,BE,BE,actual_offshore_wind_generation,Wind Offshore | Actual Aggregated,2026-07-09T21:36:22Z
2026-07-09T21:35:56Z,2026-07-09T23:35:56+0200,83b77581-3cb7-46c3-93db-5c164f059f55,2026-07-08T09:00:00Z,2026-07-08T11:00:00+0200,0.002,MW,BE,BE,actual_offshore_wind_generation,Wind Offshore | Actual Aggregated,2026-07-09T21:36:22Z
2026-07-09T21:35:56Z,2026-07-09T23:35:56+0200,83b77581-3cb7-46c3-93db-5c164f059f55,2026-07-08T10:00:00Z,2026-07-08T12:00:00+0200,0.002,MW,BE,BE,actual_offshore_wind_generation,Wind Offshore | Actual Aggregated,2026-07-09T21:36:22Z
2026-07-09T21:35:56Z,2026-07-09T23:35:56+0200,83b77581-3cb7-46c3-93db-5c164f059f55,2026-07-08T11:00:00Z,2026-07-08T13:00:00+0200,0.002,MW,BE,BE,actual_offshore_wind_generation,Wind Offshore | Actual Aggregated,2026-07-09T21:36:22Z
2026-07-09T21:35:56Z,2026-07-09T23:35:56+0200,83b77581-3cb7-46c3-93db-5c164f059f55,2026-07-08T12:00:00Z,2026-07-08T14:00:00+0200,0.002,MW,BE,BE,actual_offshore_wind_generation,Wind Offshore | Actual Aggregated,2026-07-09T21:36:22Z
2026-07-09T21:35:56Z,2026-07-09T23:35:56+0200,83b77581-3cb7-46c3-93db-5c164f059f55,2026-07-08T13:00:00Z,2026-07-08T15:00:00+0200,0.002,MW,BE,BE,actual_offshore_wind_generation,Wind Offshore | Actual Aggregated,2026-07-09T21:36:22Z
2026-07-09T21:35:56Z,2026-07-09T23:35:56+0200,83b77581-3cb7-46c3-93db-5c164f059f55,2026-07-08T14:00:00Z,2026-07-08T16:00:00+0200,0.002,MW,BE,BE,actual_offshore_wind_generation,Wind Offshore | Actual Aggregated,2026-07-09T21:36:22Z
2026-07-09T21:35:56Z,2026-07-09T23:35:56+0200,83b77581-3cb7-46c3-93db-5c164f059f55,2026-07-08T15:00:00Z,2026-07-08T17:00:00+0200,0.002,MW,BE,BE,actual_offshore_wind_generation,Wind Offshore | Actual Aggregated,2026-07-09T21:36:22Z
2026-07-09T21:35:56Z,2026-07-09T23:35:56+0200,83b77581-3cb7-46c3-93db-5c164f059f55,2026-07-08T16:00:00Z,2026-07-08T18:00:00+0200,0.002,MW,BE,BE,actual_offshore_wind_generation,Wind Offshore | Actual Aggregated,2026-07-09T21:36:22Z
2026-07-09T21:35:56Z,2026-07-09T23:35:56+0200,83b77581-3cb7-46c3-93db-5c164f059f55,2026-07-08T17:00:00Z,2026-07-08T19:00:00+0200,0.002,MW,BE,BE,actual_offshore_wind_generation,Wind Offshore | Actual Aggregated,2026-07-09T21:36:22Z
2026-07-09T21:35:56Z,2026-07-09T23:35:56+0200,83b77581-3cb7-46c3-93db-5c164f059f55,2026-07-08T18:00:00Z,2026-07-08T20:00:00+0200,0.002,MW,BE,BE,actual_offshore_wind_generation,Wind Offshore | Actual Aggregated,2026-07-09T21:36:22Z
2026-07-09T21:35:56Z,2026-07-09T23:35:56+0200,83b77581-3cb7-46c3-93db-5c164f059f55,2026-07-08T19:00:00Z,2026-07-08T21:00:00+0200,0.27275,MW,BE,BE,actual_offshore_wind_generation,Wind Offshore | Actual Aggregated,2026-07-09T21:36:22Z
2026-07-09T21:35:56Z,2026-07-09T23:35:56+0200,83b77581-3cb7-46c3-93db-5c164f059f55,2026-07-08T20:00:00Z,2026-07-08T22:00:00+0200,13.866,MW,BE,BE,actual_offshore_wind_generation,Wind Offshore | Actual Aggregated,2026-07-09T21:36:22Z
2026-07-09T21:35:56Z,2026-07-09T23:35:56+0200,83b77581-3cb7-46c3-93db-5c164f059f55,2026-07-08T21:00:00Z,2026-07-08T23:00:00+0200,0.50075,MW,BE,BE,actual_offshore_wind_generation,Wind Offshore | Actual Aggregated,2026-07-09T21:36:22Z
2026-07-09T21:35:56Z,2026-07-09T23:35:56+0200,83b77581-3cb7-46c3-93db-5c164f059f55,2026-07-08T22:00:00Z,2026-07-09T00:00:00+0200,0.002,MW,BE,BE,actual_offshore_wind_generation,Wind Offshore | Actual Aggregated,2026-07-09T21:36:22Z
2026-07-09T21:35:56Z,2026-07-09T23:35:56+0200,83b77581-3cb7-46c3-93db-5c164f059f55,2026-07-08T23:00:00Z,2026-07-09T01:00:00+0200,0.002,MW,BE,BE,actual_offshore_wind_generation,Wind Offshore | Actual Aggregated,2026-07-09T21:36:22Z
2026-07-09T21:35:56Z,2026-07-09T23:35:56+0200,83b77581-3cb7-46c3-93db-5c164f059f55,2026-07-09T00:00:00Z,2026-07-09T02:00:00+0200,0.002,MW,BE,BE,actual_offshore_wind_generation,Wind Offshore | Actual Aggregated,2026-07-09T21:36:22Z
2026-07-09T21:35:56Z,2026-07-09T23:35:56+0200,83b77581-3cb7-46c3-93db-5c164f059f55,2026-07-09T01:00:00Z,2026-07-09T03:00:00+0200,0.002,MW,BE,BE,actual_offshore_wind_generation,Wind Offshore | Actual Aggregated,2026-07-09T21:36:22Z
2026-07-09T21:35:56Z,2026-07-09T23:35:56+0200,83b77581-3cb7-46c3-93db-5c164f059f55,2026-07-09T02:00:00Z,2026-07-09T04:00:00+0200,0.00225,MW,BE,BE,actual_offshore_wind_generation,Wind Offshore | Actual Aggregated,2026-07-09T21:36:22Z
2026-07-09T21:35:56Z,2026-07-09T23:35:56+0200,83b77581-3cb7-46c3-93db-5c164f059f55,2026-07-09T03:00:00Z,2026-07-09T05:00:00+0200,4.3345,MW,BE,BE,actual_offshore_wind_generation,Wind Offshore | Actual Aggregated,2026-07-09T21:36:22Z
2026-07-09T21:35:56Z,2026-07-09T23:35:56+0200,83b77581-3cb7-46c3-93db-5c164f059f55,2026-07-09T04:00:00Z,2026-07-09T06:00:00+0200,16.684,MW,BE,BE,actual_offshore_wind_generation,Wind Offshore | Actual Aggregated,2026-07-09T21:36:22Z
2026-07-09T21:35:56Z,2026-07-09T23:35:56+0200,83b77581-3cb7-46c3-93db-5c164f059f55,2026-07-09T05:00:00Z,2026-07-09T07:00:00+0200,9.98225,MW,BE,BE,actual_offshore_wind_generation,Wind Offshore | Actual Aggregated,2026-07-09T21:36:22Z
2026-07-09T21:35:56Z,2026-07-09T23:35:56+0200,83b77581-3cb7-46c3-93db-5c164f059f55,2026-07-09T06:00:00Z,2026-07-09T08:00:00+0200,1.674,MW,BE,BE,actual_offshore_wind_generation,Wind Offshore | Actual Aggregated,2026-07-09T21:36:22Z
2026-07-09T21:35:56Z,2026-07-09T23:35:56+0200,83b77581-3cb7-46c3-93db-5c164f059f55,2026-07-09T07:00:00Z,2026-07-09T09:00:00+0200,0.67125,MW,BE,BE,actual_offshore_wind_generation,Wind Offshore | Actual Aggregated,2026-07-09T21:36:22Z
2026-07-09T21:35:56Z,2026-07-09T23:35:56+0200,83b77581-3cb7-46c3-93db-5c164f059f55,2026-07-09T08:00:00Z,2026-07-09T10:00:00+0200,0.002,MW,BE,BE,actual_offshore_wind_generation,Wind Offshore | Actual Aggregated,2026-07-09T21:36:22Z
2026-07-09T21:35:56Z,2026-07-09T23:35:56+0200,83b77581-3cb7-46c3-93db-5c164f059f55,2026-07-09T09:00:00Z,2026-07-09T11:00:00+0200,0.002,MW,BE,BE,actual_offshore_wind_generation,Wind Offshore | Actual Aggregated,2026-07-09T21:36:22Z
2026-07-09T21:35:56Z,2026-07-09T23:35:56+0200,83b77581-3cb7-46c3-93db-5c164f059f55,2026-07-09T10:00:00Z,2026-07-09T12:00:00+0200,0.002,MW,BE,BE,actual_offshore_wind_generation,Wind Offshore | Actual Aggregated,2026-07-09T21:36:22Z
2026-07-09T21:35:56Z,2026-07-09T23:35:56+0200,83b77581-3cb7-46c3-93db-5c164f059f55,2026-07-09T11:00:00Z,2026-07-09T13:00:00+0200,0.002,MW,BE,BE,actual_offshore_wind_generation,Wind Offshore | Actual Aggregated,2026-07-09T21:36:22Z
2026-07-09T21:35:56Z,2026-07-09T23:35:56+0200,83b77581-3cb7-46c3-93db-5c164f059f55,2026-07-09T12:00:00Z,2026-07-09T14:00:00+0200,0.124,MW,BE,BE,actual_offshore_wind_generation,Wind Offshore | Actual Aggregated,2026-07-09T21:36:22Z
2026-07-09T21:35:56Z,2026-07-09T23:35:56+0200,83b77581-3cb7-46c3-93db-5c164f059f55,2026-07-09T13:00:00Z,2026-07-09T15:00:00+0200,4.392,MW,BE,BE,actual_offshore_wind_generation,Wind Offshore | Actual Aggregated,2026-07-09T21:36:22Z
2026-07-09T21:35:56Z,2026-07-09T23:35:56+0200,83b77581-3cb7-46c3-93db-5c164f059f55,2026-07-09T14:00:00Z,2026-07-09T16:00:00+0200,17.15575,MW,BE,BE,actual_offshore_wind_generation,Wind Offshore | Actual Aggregated,2026-07-09T21:36:22Z
2026-07-09T21:35:56Z,2026-07-09T23:35:56+0200,83b77581-3cb7-46c3-93db-5c164f059f55,2026-07-09T15:00:00Z,2026-07-09T17:00:00+0200,17.637,MW,BE,BE,actual_offshore_wind_generation,Wind Offshore | Actual Aggregated,2026-07-09T21:36:22Z
2026-07-09T21:35:56Z,2026-07-09T23:35:56+0200,83b77581-3cb7-46c3-93db-5c164f059f55,2026-07-09T16:00:00Z,2026-07-09T18:00:00+0200,19.00575,MW,BE,BE,actual_offshore_wind_generation,Wind Offshore | Actual Aggregated,2026-07-09T21:36:22Z
2026-07-09T21:35:56Z,2026-07-09T23:35:56+0200,83b77581-3cb7-46c3-93db-5c164f059f55,2026-07-09T17:00:00Z,2026-07-09T19:00:00+0200,45.1885,MW,BE,BE,actual_offshore_wind_generation,Wind Offshore | Actual Aggregated,2026-07-09T21:36:22Z
2026-07-09T21:35:56Z,2026-07-09T23:35:56+0200,83b77581-3cb7-46c3-93db-5c164f059f55,2026-07-09T18:00:00Z,2026-07-09T20:00:00+0200,88.23825,MW,BE,BE,actual_offshore_wind_generation,Wind Offshore | Actual Aggregated,2026-07-09T21:36:22Z
2026-07-09T21:35:56Z,2026-07-09T23:35:56+0200,83b77581-3cb7-46c3-93db-5c164f059f55,2026-07-09T19:00:00Z,2026-07-09T21:00:00+0200,181.142,MW,BE,BE,actual_offshore_wind_generation,Wind Offshore | Actual Aggregated,2026-07-09T21:36:22Z
2026-07-09T21:35:56Z,2026-07-09T23:35:56+0200,83b77581-3cb7-46c3-93db-5c164f059f55,2026-07-09T20:00:00Z,2026-07-09T22:00:00+0200,202.881,MW,BE,BE,actual_offshore_wind_generation,Wind Offshore | Actual Aggregated,2026-07-09T21:36:22Z
