collection_time_utc,collection_time_local,run_id,timestamp_utc,timestamp_local,value,unit,country,entsoe_area,variable,source,updated_at_utc
2026-07-13T18:04:17Z,2026-07-13T20:04:17+0200,6a5532f0-a5cc-4db7-b3a6-456c40e8ad8e,2026-06-12T19:00:00Z,2026-06-12T21:00:00+0200,1571.575,MW,BE,BE,forecast_onshore_wind_generation,Wind Onshore,2026-07-13T18:04:49Z
2026-07-13T18:04:17Z,2026-07-13T20:04:17+0200,6a5532f0-a5cc-4db7-b3a6-456c40e8ad8e,2026-06-12T20:00:00Z,2026-06-12T22:00:00+0200,1517.325,MW,BE,BE,forecast_onshore_wind_generation,Wind Onshore,2026-07-13T18:04:49Z
2026-07-13T18:04:17Z,2026-07-13T20:04:17+0200,6a5532f0-a5cc-4db7-b3a6-456c40e8ad8e,2026-06-12T21:00:00Z,2026-06-12T23:00:00+0200,1472.2,MW,BE,BE,forecast_onshore_wind_generation,Wind Onshore,2026-07-13T18:04:49Z
2026-07-13T18:04:17Z,2026-07-13T20:04:17+0200,6a5532f0-a5cc-4db7-b3a6-456c40e8ad8e,2026-06-12T22:00:00Z,2026-06-13T00:00:00+0200,1395.65,MW,BE,BE,forecast_onshore_wind_generation,Wind Onshore,2026-07-13T18:04:49Z
2026-07-13T18:04:17Z,2026-07-13T20:04:17+0200,6a5532f0-a5cc-4db7-b3a6-456c40e8ad8e,2026-06-12T23:00:00Z,2026-06-13T01:00:00+0200,1317.15,MW,BE,BE,forecast_onshore_wind_generation,Wind Onshore,2026-07-13T18:04:49Z
2026-07-13T18:04:17Z,2026-07-13T20:04:17+0200,6a5532f0-a5cc-4db7-b3a6-456c40e8ad8e,2026-06-13T00:00:00Z,2026-06-13T02:00:00+0200,1243.625,MW,BE,BE,forecast_onshore_wind_generation,Wind Onshore,2026-07-13T18:04:49Z
2026-07-13T18:04:17Z,2026-07-13T20:04:17+0200,6a5532f0-a5cc-4db7-b3a6-456c40e8ad8e,2026-06-13T01:00:00Z,2026-06-13T03:00:00+0200,1180.125,MW,BE,BE,forecast_onshore_wind_generation,Wind Onshore,2026-07-13T18:04:49Z
2026-07-13T18:04:17Z,2026-07-13T20:04:17+0200,6a5532f0-a5cc-4db7-b3a6-456c40e8ad8e,2026-06-13T02:00:00Z,2026-06-13T04:00:00+0200,1122.25,MW,BE,BE,forecast_onshore_wind_generation,Wind Onshore,2026-07-13T18:04:49Z
2026-07-13T18:04:17Z,2026-07-13T20:04:17+0200,6a5532f0-a5cc-4db7-b3a6-456c40e8ad8e,2026-06-13T03:00:00Z,2026-06-13T05:00:00+0200,1074.2,MW,BE,BE,forecast_onshore_wind_generation,Wind Onshore,2026-07-13T18:04:49Z
2026-07-13T18:04:17Z,2026-07-13T20:04:17+0200,6a5532f0-a5cc-4db7-b3a6-456c40e8ad8e,2026-06-13T04:00:00Z,2026-06-13T06:00:00+0200,1022.575,MW,BE,BE,forecast_onshore_wind_generation,Wind Onshore,2026-07-13T18:04:49Z
2026-07-13T18:04:17Z,2026-07-13T20:04:17+0200,6a5532f0-a5cc-4db7-b3a6-456c40e8ad8e,2026-06-13T05:00:00Z,2026-06-13T07:00:00+0200,1008.0,MW,BE,BE,forecast_onshore_wind_generation,Wind Onshore,2026-07-13T18:04:49Z
2026-07-13T18:04:17Z,2026-07-13T20:04:17+0200,6a5532f0-a5cc-4db7-b3a6-456c40e8ad8e,2026-06-13T06:00:00Z,2026-06-13T08:00:00+0200,1085.475,MW,BE,BE,forecast_onshore_wind_generation,Wind Onshore,2026-07-13T18:04:49Z
2026-07-13T18:04:17Z,2026-07-13T20:04:17+0200,6a5532f0-a5cc-4db7-b3a6-456c40e8ad8e,2026-06-13T07:00:00Z,2026-06-13T09:00:00+0200,1230.9,MW,BE,BE,forecast_onshore_wind_generation,Wind Onshore,2026-07-13T18:04:49Z
2026-07-13T18:04:17Z,2026-07-13T20:04:17+0200,6a5532f0-a5cc-4db7-b3a6-456c40e8ad8e,2026-06-13T08:00:00Z,2026-06-13T10:00:00+0200,1379.425,MW,BE,BE,forecast_onshore_wind_generation,Wind Onshore,2026-07-13T18:04:49Z
2026-07-13T18:04:17Z,2026-07-13T20:04:17+0200,6a5532f0-a5cc-4db7-b3a6-456c40e8ad8e,2026-06-13T09:00:00Z,2026-06-13T11:00:00+0200,1464.325,MW,BE,BE,forecast_onshore_wind_generation,Wind Onshore,2026-07-13T18:04:49Z
2026-07-13T18:04:17Z,2026-07-13T20:04:17+0200,6a5532f0-a5cc-4db7-b3a6-456c40e8ad8e,2026-06-13T10:00:00Z,2026-06-13T12:00:00+0200,1476.4,MW,BE,BE,forecast_onshore_wind_generation,Wind Onshore,2026-07-13T18:04:49Z
2026-07-13T18:04:17Z,2026-07-13T20:04:17+0200,6a5532f0-a5cc-4db7-b3a6-456c40e8ad8e,2026-06-13T11:00:00Z,2026-06-13T13:00:00+0200,1451.35,MW,BE,BE,forecast_onshore_wind_generation,Wind Onshore,2026-07-13T18:04:49Z
2026-07-13T18:04:17Z,2026-07-13T20:04:17+0200,6a5532f0-a5cc-4db7-b3a6-456c40e8ad8e,2026-06-13T12:00:00Z,2026-06-13T14:00:00+0200,1406.3,MW,BE,BE,forecast_onshore_wind_generation,Wind Onshore,2026-07-13T18:04:49Z
2026-07-13T18:04:17Z,2026-07-13T20:04:17+0200,6a5532f0-a5cc-4db7-b3a6-456c40e8ad8e,2026-06-13T13:00:00Z,2026-06-13T15:00:00+0200,1358.2,MW,BE,BE,forecast_onshore_wind_generation,Wind Onshore,2026-07-13T18:04:49Z
2026-07-13T18:04:17Z,2026-07-13T20:04:17+0200,6a5532f0-a5cc-4db7-b3a6-456c40e8ad8e,2026-06-13T14:00:00Z,2026-06-13T16:00:00+0200,1295.2,MW,BE,BE,forecast_onshore_wind_generation,Wind Onshore,2026-07-13T18:04:49Z
2026-07-13T18:04:17Z,2026-07-13T20:04:17+0200,6a5532f0-a5cc-4db7-b3a6-456c40e8ad8e,2026-06-13T15:00:00Z,2026-06-13T17:00:00+0200,1171.6,MW,BE,BE,forecast_onshore_wind_generation,Wind Onshore,2026-07-13T18:04:49Z
2026-07-13T18:04:17Z,2026-07-13T20:04:17+0200,6a5532f0-a5cc-4db7-b3a6-456c40e8ad8e,2026-06-13T16:00:00Z,2026-06-13T18:00:00+0200,1007.8,MW,BE,BE,forecast_onshore_wind_generation,Wind Onshore,2026-07-13T18:04:49Z
2026-07-13T18:04:17Z,2026-07-13T20:04:17+0200,6a5532f0-a5cc-4db7-b3a6-456c40e8ad8e,2026-06-13T17:00:00Z,2026-06-13T19:00:00+0200,804.35,MW,BE,BE,forecast_onshore_wind_generation,Wind Onshore,2026-07-13T18:04:49Z
2026-07-13T18:04:17Z,2026-07-13T20:04:17+0200,6a5532f0-a5cc-4db7-b3a6-456c40e8ad8e,2026-06-13T18:00:00Z,2026-06-13T20:00:00+0200,597.025,MW,BE,BE,forecast_onshore_wind_generation,Wind Onshore,2026-07-13T18:04:49Z
2026-07-13T18:04:17Z,2026-07-13T20:04:17+0200,6a5532f0-a5cc-4db7-b3a6-456c40e8ad8e,2026-06-13T19:00:00Z,2026-06-13T21:00:00+0200,472.1,MW,BE,BE,forecast_onshore_wind_generation,Wind Onshore,2026-07-13T18:04:49Z
2026-07-13T18:04:17Z,2026-07-13T20:04:17+0200,6a5532f0-a5cc-4db7-b3a6-456c40e8ad8e,2026-06-13T20:00:00Z,2026-06-13T22:00:00+0200,456.65,MW,BE,BE,forecast_onshore_wind_generation,Wind Onshore,2026-07-13T18:04:49Z
2026-07-13T18:04:17Z,2026-07-13T20:04:17+0200,6a5532f0-a5cc-4db7-b3a6-456c40e8ad8e,2026-06-13T21:00:00Z,2026-06-13T23:00:00+0200,505.825,MW,BE,BE,forecast_onshore_wind_generation,Wind Onshore,2026-07-13T18:04:49Z
2026-07-13T18:04:17Z,2026-07-13T20:04:17+0200,6a5532f0-a5cc-4db7-b3a6-456c40e8ad8e,2026-06-13T22:00:00Z,2026-06-14T00:00:00+0200,548.6,MW,BE,BE,forecast_onshore_wind_generation,Wind Onshore,2026-07-13T18:04:49Z
2026-07-13T18:04:17Z,2026-07-13T20:04:17+0200,6a5532f0-a5cc-4db7-b3a6-456c40e8ad8e,2026-06-13T23:00:00Z,2026-06-14T01:00:00+0200,666.0,MW,BE,BE,forecast_onshore_wind_generation,Wind Onshore,2026-07-13T18:04:49Z
2026-07-13T18:04:17Z,2026-07-13T20:04:17+0200,6a5532f0-a5cc-4db7-b3a6-456c40e8ad8e,2026-06-14T00:00:00Z,2026-06-14T02:00:00+0200,756.474999,MW,BE,BE,forecast_onshore_wind_generation,Wind Onshore,2026-07-13T18:04:49Z
2026-07-13T18:04:17Z,2026-07-13T20:04:17+0200,6a5532f0-a5cc-4db7-b3a6-456c40e8ad8e,2026-06-14T01:00:00Z,2026-06-14T03:00:00+0200,803.15,MW,BE,BE,forecast_onshore_wind_generation,Wind Onshore,2026-07-13T18:04:49Z
2026-07-13T18:04:17Z,2026-07-13T20:04:17+0200,6a5532f0-a5cc-4db7-b3a6-456c40e8ad8e,2026-06-14T02:00:00Z,2026-06-14T04:00:00+0200,791.55,MW,BE,BE,forecast_onshore_wind_generation,Wind Onshore,2026-07-13T18:04:49Z
2026-07-13T18:04:17Z,2026-07-13T20:04:17+0200,6a5532f0-a5cc-4db7-b3a6-456c40e8ad8e,2026-06-14T03:00:00Z,2026-06-14T05:00:00+0200,739.35,MW,BE,BE,forecast_onshore_wind_generation,Wind Onshore,2026-07-13T18:04:49Z
2026-07-13T18:04:17Z,2026-07-13T20:04:17+0200,6a5532f0-a5cc-4db7-b3a6-456c40e8ad8e,2026-06-14T04:00:00Z,2026-06-14T06:00:00+0200,656.4,MW,BE,BE,forecast_onshore_wind_generation,Wind Onshore,2026-07-13T18:04:49Z
2026-07-13T18:04:17Z,2026-07-13T20:04:17+0200,6a5532f0-a5cc-4db7-b3a6-456c40e8ad8e,2026-06-14T05:00:00Z,2026-06-14T07:00:00+0200,579.325,MW,BE,BE,forecast_onshore_wind_generation,Wind Onshore,2026-07-13T18:04:49Z
2026-07-13T18:04:17Z,2026-07-13T20:04:17+0200,6a5532f0-a5cc-4db7-b3a6-456c40e8ad8e,2026-06-14T06:00:00Z,2026-06-14T08:00:00+0200,633.65,MW,BE,BE,forecast_onshore_wind_generation,Wind Onshore,2026-07-13T18:04:49Z
2026-07-13T18:04:17Z,2026-07-13T20:04:17+0200,6a5532f0-a5cc-4db7-b3a6-456c40e8ad8e,2026-06-14T07:00:00Z,2026-06-14T09:00:00+0200,723.6,MW,BE,BE,forecast_onshore_wind_generation,Wind Onshore,2026-07-13T18:04:49Z
2026-07-13T18:04:17Z,2026-07-13T20:04:17+0200,6a5532f0-a5cc-4db7-b3a6-456c40e8ad8e,2026-06-14T08:00:00Z,2026-06-14T10:00:00+0200,723.325,MW,BE,BE,forecast_onshore_wind_generation,Wind Onshore,2026-07-13T18:04:49Z
2026-07-13T18:04:17Z,2026-07-13T20:04:17+0200,6a5532f0-a5cc-4db7-b3a6-456c40e8ad8e,2026-06-14T09:00:00Z,2026-06-14T11:00:00+0200,723.85,MW,BE,BE,forecast_onshore_wind_generation,Wind Onshore,2026-07-13T18:04:49Z
2026-07-13T18:04:17Z,2026-07-13T20:04:17+0200,6a5532f0-a5cc-4db7-b3a6-456c40e8ad8e,2026-06-14T10:00:00Z,2026-06-14T12:00:00+0200,740.4,MW,BE,BE,forecast_onshore_wind_generation,Wind Onshore,2026-07-13T18:04:49Z
2026-07-13T18:04:17Z,2026-07-13T20:04:17+0200,6a5532f0-a5cc-4db7-b3a6-456c40e8ad8e,2026-06-14T11:00:00Z,2026-06-14T13:00:00+0200,770.675,MW,BE,BE,forecast_onshore_wind_generation,Wind Onshore,2026-07-13T18:04:49Z
2026-07-13T18:04:17Z,2026-07-13T20:04:17+0200,6a5532f0-a5cc-4db7-b3a6-456c40e8ad8e,2026-06-14T12:00:00Z,2026-06-14T14:00:00+0200,788.825,MW,BE,BE,forecast_onshore_wind_generation,Wind Onshore,2026-07-13T18:04:49Z
2026-07-13T18:04:17Z,2026-07-13T20:04:17+0200,6a5532f0-a5cc-4db7-b3a6-456c40e8ad8e,2026-06-14T13:00:00Z,2026-06-14T15:00:00+0200,783.45,MW,BE,BE,forecast_onshore_wind_generation,Wind Onshore,2026-07-13T18:04:49Z
2026-07-13T18:04:17Z,2026-07-13T20:04:17+0200,6a5532f0-a5cc-4db7-b3a6-456c40e8ad8e,2026-06-14T14:00:00Z,2026-06-14T16:00:00+0200,778.25,MW,BE,BE,forecast_onshore_wind_generation,Wind Onshore,2026-07-13T18:04:49Z
2026-07-13T18:04:17Z,2026-07-13T20:04:17+0200,6a5532f0-a5cc-4db7-b3a6-456c40e8ad8e,2026-06-14T15:00:00Z,2026-06-14T17:00:00+0200,774.2,MW,BE,BE,forecast_onshore_wind_generation,Wind Onshore,2026-07-13T18:04:49Z
2026-07-13T18:04:17Z,2026-07-13T20:04:17+0200,6a5532f0-a5cc-4db7-b3a6-456c40e8ad8e,2026-06-14T16:00:00Z,2026-06-14T18:00:00+0200,727.3,MW,BE,BE,forecast_onshore_wind_generation,Wind Onshore,2026-07-13T18:04:49Z
2026-07-13T18:04:17Z,2026-07-13T20:04:17+0200,6a5532f0-a5cc-4db7-b3a6-456c40e8ad8e,2026-06-14T17:00:00Z,2026-06-14T19:00:00+0200,627.925,MW,BE,BE,forecast_onshore_wind_generation,Wind Onshore,2026-07-13T18:04:49Z
2026-07-13T18:04:17Z,2026-07-13T20:04:17+0200,6a5532f0-a5cc-4db7-b3a6-456c40e8ad8e,2026-06-14T18:00:00Z,2026-06-14T20:00:00+0200,506.35,MW,BE,BE,forecast_onshore_wind_generation,Wind Onshore,2026-07-13T18:04:49Z
2026-07-13T18:04:17Z,2026-07-13T20:04:17+0200,6a5532f0-a5cc-4db7-b3a6-456c40e8ad8e,2026-06-14T19:00:00Z,2026-06-14T21:00:00+0200,395.525,MW,BE,BE,forecast_onshore_wind_generation,Wind Onshore,2026-07-13T18:04:49Z
2026-07-13T18:04:17Z,2026-07-13T20:04:17+0200,6a5532f0-a5cc-4db7-b3a6-456c40e8ad8e,2026-06-14T20:00:00Z,2026-06-14T22:00:00+0200,316.3,MW,BE,BE,forecast_onshore_wind_generation,Wind Onshore,2026-07-13T18:04:49Z
2026-07-13T18:04:17Z,2026-07-13T20:04:17+0200,6a5532f0-a5cc-4db7-b3a6-456c40e8ad8e,2026-06-14T21:00:00Z,2026-06-14T23:00:00+0200,290.675,MW,BE,BE,forecast_onshore_wind_generation,Wind Onshore,2026-07-13T18:04:49Z
2026-07-13T18:04:17Z,2026-07-13T20:04:17+0200,6a5532f0-a5cc-4db7-b3a6-456c40e8ad8e,2026-06-14T22:00:00Z,2026-06-15T00:00:00+0200,287.275,MW,BE,BE,forecast_onshore_wind_generation,Wind Onshore,2026-07-13T18:04:49Z
2026-07-13T18:04:17Z,2026-07-13T20:04:17+0200,6a5532f0-a5cc-4db7-b3a6-456c40e8ad8e,2026-06-14T23:00:00Z,2026-06-15T01:00:00+0200,296.85,MW,BE,BE,forecast_onshore_wind_generation,Wind Onshore,2026-07-13T18:04:49Z
2026-07-13T18:04:17Z,2026-07-13T20:04:17+0200,6a5532f0-a5cc-4db7-b3a6-456c40e8ad8e,2026-06-15T00:00:00Z,2026-06-15T02:00:00+0200,314.05,MW,BE,BE,forecast_onshore_wind_generation,Wind Onshore,2026-07-13T18:04:49Z
2026-07-13T18:04:17Z,2026-07-13T20:04:17+0200,6a5532f0-a5cc-4db7-b3a6-456c40e8ad8e,2026-06-15T01:00:00Z,2026-06-15T03:00:00+0200,332.175,MW,BE,BE,forecast_onshore_wind_generation,Wind Onshore,2026-07-13T18:04:49Z
2026-07-13T18:04:17Z,2026-07-13T20:04:17+0200,6a5532f0-a5cc-4db7-b3a6-456c40e8ad8e,2026-06-15T02:00:00Z,2026-06-15T04:00:00+0200,337.225,MW,BE,BE,forecast_onshore_wind_generation,Wind Onshore,2026-07-13T18:04:49Z
2026-07-13T18:04:17Z,2026-07-13T20:04:17+0200,6a5532f0-a5cc-4db7-b3a6-456c40e8ad8e,2026-06-15T03:00:00Z,2026-06-15T05:00:00+0200,320.35,MW,BE,BE,forecast_onshore_wind_generation,Wind Onshore,2026-07-13T18:04:49Z
2026-07-13T18:04:17Z,2026-07-13T20:04:17+0200,6a5532f0-a5cc-4db7-b3a6-456c40e8ad8e,2026-06-15T04:00:00Z,2026-06-15T06:00:00+0200,281.425,MW,BE,BE,forecast_onshore_wind_generation,Wind Onshore,2026-07-13T18:04:49Z
2026-07-13T18:04:17Z,2026-07-13T20:04:17+0200,6a5532f0-a5cc-4db7-b3a6-456c40e8ad8e,2026-06-15T05:00:00Z,2026-06-15T07:00:00+0200,193.25,MW,BE,BE,forecast_onshore_wind_generation,Wind Onshore,2026-07-13T18:04:49Z
2026-07-13T18:04:17Z,2026-07-13T20:04:17+0200,6a5532f0-a5cc-4db7-b3a6-456c40e8ad8e,2026-06-15T06:00:00Z,2026-06-15T08:00:00+0200,145.925,MW,BE,BE,forecast_onshore_wind_generation,Wind Onshore,2026-07-13T18:04:49Z
2026-07-13T18:04:17Z,2026-07-13T20:04:17+0200,6a5532f0-a5cc-4db7-b3a6-456c40e8ad8e,2026-06-15T07:00:00Z,2026-06-15T09:00:00+0200,158.175,MW,BE,BE,forecast_onshore_wind_generation,Wind Onshore,2026-07-13T18:04:49Z
2026-07-13T18:04:17Z,2026-07-13T20:04:17+0200,6a5532f0-a5cc-4db7-b3a6-456c40e8ad8e,2026-06-15T08:00:00Z,2026-06-15T10:00:00+0200,155.725,MW,BE,BE,forecast_onshore_wind_generation,Wind Onshore,2026-07-13T18:04:49Z
2026-07-13T18:04:17Z,2026-07-13T20:04:17+0200,6a5532f0-a5cc-4db7-b3a6-456c40e8ad8e,2026-06-15T09:00:00Z,2026-06-15T11:00:00+0200,131.875,MW,BE,BE,forecast_onshore_wind_generation,Wind Onshore,2026-07-13T18:04:49Z
2026-07-13T18:04:17Z,2026-07-13T20:04:17+0200,6a5532f0-a5cc-4db7-b3a6-456c40e8ad8e,2026-06-15T10:00:00Z,2026-06-15T12:00:00+0200,110.475,MW,BE,BE,forecast_onshore_wind_generation,Wind Onshore,2026-07-13T18:04:49Z
2026-07-13T18:04:17Z,2026-07-13T20:04:17+0200,6a5532f0-a5cc-4db7-b3a6-456c40e8ad8e,2026-06-15T11:00:00Z,2026-06-15T13:00:00+0200,96.025,MW,BE,BE,forecast_onshore_wind_generation,Wind Onshore,2026-07-13T18:04:49Z
2026-07-13T18:04:17Z,2026-07-13T20:04:17+0200,6a5532f0-a5cc-4db7-b3a6-456c40e8ad8e,2026-06-15T12:00:00Z,2026-06-15T14:00:00+0200,76.075,MW,BE,BE,forecast_onshore_wind_generation,Wind Onshore,2026-07-13T18:04:49Z
2026-07-13T18:04:17Z,2026-07-13T20:04:17+0200,6a5532f0-a5cc-4db7-b3a6-456c40e8ad8e,2026-06-15T13:00:00Z,2026-06-15T15:00:00+0200,55.5,MW,BE,BE,forecast_onshore_wind_generation,Wind Onshore,2026-07-13T18:04:49Z
2026-07-13T18:04:17Z,2026-07-13T20:04:17+0200,6a5532f0-a5cc-4db7-b3a6-456c40e8ad8e,2026-06-15T14:00:00Z,2026-06-15T16:00:00+0200,37.825,MW,BE,BE,forecast_onshore_wind_generation,Wind Onshore,2026-07-13T18:04:49Z
2026-07-13T18:04:17Z,2026-07-13T20:04:17+0200,6a5532f0-a5cc-4db7-b3a6-456c40e8ad8e,2026-06-15T15:00:00Z,2026-06-15T17:00:00+0200,28.5,MW,BE,BE,forecast_onshore_wind_generation,Wind Onshore,2026-07-13T18:04:49Z
2026-07-13T18:04:17Z,2026-07-13T20:04:17+0200,6a5532f0-a5cc-4db7-b3a6-456c40e8ad8e,2026-06-15T16:00:00Z,2026-06-15T18:00:00+0200,26.35,MW,BE,BE,forecast_onshore_wind_generation,Wind Onshore,2026-07-13T18:04:49Z
2026-07-13T18:04:17Z,2026-07-13T20:04:17+0200,6a5532f0-a5cc-4db7-b3a6-456c40e8ad8e,2026-06-15T17:00:00Z,2026-06-15T19:00:00+0200,27.775,MW,BE,BE,forecast_onshore_wind_generation,Wind Onshore,2026-07-13T18:04:49Z
2026-07-13T18:04:17Z,2026-07-13T20:04:17+0200,6a5532f0-a5cc-4db7-b3a6-456c40e8ad8e,2026-06-15T18:00:00Z,2026-06-15T20:00:00+0200,47.375,MW,BE,BE,forecast_onshore_wind_generation,Wind Onshore,2026-07-13T18:04:49Z
2026-07-13T18:04:17Z,2026-07-13T20:04:17+0200,6a5532f0-a5cc-4db7-b3a6-456c40e8ad8e,2026-06-15T19:00:00Z,2026-06-15T21:00:00+0200,107.475,MW,BE,BE,forecast_onshore_wind_generation,Wind Onshore,2026-07-13T18:04:49Z
2026-07-13T18:04:17Z,2026-07-13T20:04:17+0200,6a5532f0-a5cc-4db7-b3a6-456c40e8ad8e,2026-06-15T20:00:00Z,2026-06-15T22:00:00+0200,186.775,MW,BE,BE,forecast_onshore_wind_generation,Wind Onshore,2026-07-13T18:04:49Z
2026-07-13T18:04:17Z,2026-07-13T20:04:17+0200,6a5532f0-a5cc-4db7-b3a6-456c40e8ad8e,2026-06-15T21:00:00Z,2026-06-15T23:00:00+0200,294.25,MW,BE,BE,forecast_onshore_wind_generation,Wind Onshore,2026-07-13T18:04:49Z
2026-07-13T18:04:17Z,2026-07-13T20:04:17+0200,6a5532f0-a5cc-4db7-b3a6-456c40e8ad8e,2026-06-15T22:00:00Z,2026-06-16T00:00:00+0200,574.475,MW,BE,BE,forecast_onshore_wind_generation,Wind Onshore,2026-07-13T18:04:49Z
2026-07-13T18:04:17Z,2026-07-13T20:04:17+0200,6a5532f0-a5cc-4db7-b3a6-456c40e8ad8e,2026-06-15T23:00:00Z,2026-06-16T01:00:00+0200,703.075,MW,BE,BE,forecast_onshore_wind_generation,Wind Onshore,2026-07-13T18:04:49Z
2026-07-13T18:04:17Z,2026-07-13T20:04:17+0200,6a5532f0-a5cc-4db7-b3a6-456c40e8ad8e,2026-06-16T00:00:00Z,2026-06-16T02:00:00+0200,811.15,MW,BE,BE,forecast_onshore_wind_generation,Wind Onshore,2026-07-13T18:04:49Z
2026-07-13T18:04:17Z,2026-07-13T20:04:17+0200,6a5532f0-a5cc-4db7-b3a6-456c40e8ad8e,2026-06-16T01:00:00Z,2026-06-16T03:00:00+0200,874.9,MW,BE,BE,forecast_onshore_wind_generation,Wind Onshore,2026-07-13T18:04:49Z
2026-07-13T18:04:17Z,2026-07-13T20:04:17+0200,6a5532f0-a5cc-4db7-b3a6-456c40e8ad8e,2026-06-16T02:00:00Z,2026-06-16T04:00:00+0200,907.825,MW,BE,BE,forecast_onshore_wind_generation,Wind Onshore,2026-07-13T18:04:49Z
2026-07-13T18:04:17Z,2026-07-13T20:04:17+0200,6a5532f0-a5cc-4db7-b3a6-456c40e8ad8e,2026-06-16T03:00:00Z,2026-06-16T05:00:00+0200,934.2,MW,BE,BE,forecast_onshore_wind_generation,Wind Onshore,2026-07-13T18:04:49Z
2026-07-13T18:04:17Z,2026-07-13T20:04:17+0200,6a5532f0-a5cc-4db7-b3a6-456c40e8ad8e,2026-06-16T04:00:00Z,2026-06-16T06:00:00+0200,893.6,MW,BE,BE,forecast_onshore_wind_generation,Wind Onshore,2026-07-13T18:04:49Z
2026-07-13T18:04:17Z,2026-07-13T20:04:17+0200,6a5532f0-a5cc-4db7-b3a6-456c40e8ad8e,2026-06-16T05:00:00Z,2026-06-16T07:00:00+0200,771.55,MW,BE,BE,forecast_onshore_wind_generation,Wind Onshore,2026-07-13T18:04:49Z
2026-07-13T18:04:17Z,2026-07-13T20:04:17+0200,6a5532f0-a5cc-4db7-b3a6-456c40e8ad8e,2026-06-16T06:00:00Z,2026-06-16T08:00:00+0200,652.175,MW,BE,BE,forecast_onshore_wind_generation,Wind Onshore,2026-07-13T18:04:49Z
2026-07-13T18:04:17Z,2026-07-13T20:04:17+0200,6a5532f0-a5cc-4db7-b3a6-456c40e8ad8e,2026-06-16T07:00:00Z,2026-06-16T09:00:00+0200,577.275,MW,BE,BE,forecast_onshore_wind_generation,Wind Onshore,2026-07-13T18:04:49Z
2026-07-13T18:04:17Z,2026-07-13T20:04:17+0200,6a5532f0-a5cc-4db7-b3a6-456c40e8ad8e,2026-06-16T08:00:00Z,2026-06-16T10:00:00+0200,556.775,MW,BE,BE,forecast_onshore_wind_generation,Wind Onshore,2026-07-13T18:04:49Z
2026-07-13T18:04:17Z,2026-07-13T20:04:17+0200,6a5532f0-a5cc-4db7-b3a6-456c40e8ad8e,2026-06-16T09:00:00Z,2026-06-16T11:00:00+0200,570.075,MW,BE,BE,forecast_onshore_wind_generation,Wind Onshore,2026-07-13T18:04:49Z
2026-07-13T18:04:17Z,2026-07-13T20:04:17+0200,6a5532f0-a5cc-4db7-b3a6-456c40e8ad8e,2026-06-16T10:00:00Z,2026-06-16T12:00:00+0200,582.725,MW,BE,BE,forecast_onshore_wind_generation,Wind Onshore,2026-07-13T18:04:49Z
2026-07-13T18:04:17Z,2026-07-13T20:04:17+0200,6a5532f0-a5cc-4db7-b3a6-456c40e8ad8e,2026-06-16T11:00:00Z,2026-06-16T13:00:00+0200,585.325,MW,BE,BE,forecast_onshore_wind_generation,Wind Onshore,2026-07-13T18:04:49Z
2026-07-13T18:04:17Z,2026-07-13T20:04:17+0200,6a5532f0-a5cc-4db7-b3a6-456c40e8ad8e,2026-06-16T12:00:00Z,2026-06-16T14:00:00+0200,583.2,MW,BE,BE,forecast_onshore_wind_generation,Wind Onshore,2026-07-13T18:04:49Z
2026-07-13T18:04:17Z,2026-07-13T20:04:17+0200,6a5532f0-a5cc-4db7-b3a6-456c40e8ad8e,2026-06-16T13:00:00Z,2026-06-16T15:00:00+0200,586.275,MW,BE,BE,forecast_onshore_wind_generation,Wind Onshore,2026-07-13T18:04:49Z
2026-07-13T18:04:17Z,2026-07-13T20:04:17+0200,6a5532f0-a5cc-4db7-b3a6-456c40e8ad8e,2026-06-16T14:00:00Z,2026-06-16T16:00:00+0200,603.8,MW,BE,BE,forecast_onshore_wind_generation,Wind Onshore,2026-07-13T18:04:49Z
2026-07-13T18:04:17Z,2026-07-13T20:04:17+0200,6a5532f0-a5cc-4db7-b3a6-456c40e8ad8e,2026-06-16T15:00:00Z,2026-06-16T17:00:00+0200,616.075,MW,BE,BE,forecast_onshore_wind_generation,Wind Onshore,2026-07-13T18:04:49Z
2026-07-13T18:04:17Z,2026-07-13T20:04:17+0200,6a5532f0-a5cc-4db7-b3a6-456c40e8ad8e,2026-06-16T16:00:00Z,2026-06-16T18:00:00+0200,562.05,MW,BE,BE,forecast_onshore_wind_generation,Wind Onshore,2026-07-13T18:04:49Z
2026-07-13T18:04:17Z,2026-07-13T20:04:17+0200,6a5532f0-a5cc-4db7-b3a6-456c40e8ad8e,2026-06-16T17:00:00Z,2026-06-16T19:00:00+0200,444.375,MW,BE,BE,forecast_onshore_wind_generation,Wind Onshore,2026-07-13T18:04:49Z
2026-07-13T18:04:17Z,2026-07-13T20:04:17+0200,6a5532f0-a5cc-4db7-b3a6-456c40e8ad8e,2026-06-16T18:00:00Z,2026-06-16T20:00:00+0200,314.35,MW,BE,BE,forecast_onshore_wind_generation,Wind Onshore,2026-07-13T18:04:49Z
2026-07-13T18:04:17Z,2026-07-13T20:04:17+0200,6a5532f0-a5cc-4db7-b3a6-456c40e8ad8e,2026-06-16T19:00:00Z,2026-06-16T21:00:00+0200,230.4,MW,BE,BE,forecast_onshore_wind_generation,Wind Onshore,2026-07-13T18:04:49Z
2026-07-13T18:04:17Z,2026-07-13T20:04:17+0200,6a5532f0-a5cc-4db7-b3a6-456c40e8ad8e,2026-06-16T20:00:00Z,2026-06-16T22:00:00+0200,197.025,MW,BE,BE,forecast_onshore_wind_generation,Wind Onshore,2026-07-13T18:04:49Z
2026-07-13T18:04:17Z,2026-07-13T20:04:17+0200,6a5532f0-a5cc-4db7-b3a6-456c40e8ad8e,2026-06-16T21:00:00Z,2026-06-16T23:00:00+0200,171.575,MW,BE,BE,forecast_onshore_wind_generation,Wind Onshore,2026-07-13T18:04:49Z
2026-07-13T18:04:17Z,2026-07-13T20:04:17+0200,6a5532f0-a5cc-4db7-b3a6-456c40e8ad8e,2026-06-16T22:00:00Z,2026-06-17T00:00:00+0200,146.6,MW,BE,BE,forecast_onshore_wind_generation,Wind Onshore,2026-07-13T18:04:49Z
2026-07-13T18:04:17Z,2026-07-13T20:04:17+0200,6a5532f0-a5cc-4db7-b3a6-456c40e8ad8e,2026-06-16T23:00:00Z,2026-06-17T01:00:00+0200,150.1,MW,BE,BE,forecast_onshore_wind_generation,Wind Onshore,2026-07-13T18:04:49Z
2026-07-13T18:04:17Z,2026-07-13T20:04:17+0200,6a5532f0-a5cc-4db7-b3a6-456c40e8ad8e,2026-06-17T00:00:00Z,2026-06-17T02:00:00+0200,170.175,MW,BE,BE,forecast_onshore_wind_generation,Wind Onshore,2026-07-13T18:04:49Z
2026-07-13T18:04:17Z,2026-07-13T20:04:17+0200,6a5532f0-a5cc-4db7-b3a6-456c40e8ad8e,2026-06-17T01:00:00Z,2026-06-17T03:00:00+0200,216.675,MW,BE,BE,forecast_onshore_wind_generation,Wind Onshore,2026-07-13T18:04:49Z
2026-07-13T18:04:17Z,2026-07-13T20:04:17+0200,6a5532f0-a5cc-4db7-b3a6-456c40e8ad8e,2026-06-17T02:00:00Z,2026-06-17T04:00:00+0200,283.375,MW,BE,BE,forecast_onshore_wind_generation,Wind Onshore,2026-07-13T18:04:49Z
2026-07-13T18:04:17Z,2026-07-13T20:04:17+0200,6a5532f0-a5cc-4db7-b3a6-456c40e8ad8e,2026-06-17T03:00:00Z,2026-06-17T05:00:00+0200,346.15,MW,BE,BE,forecast_onshore_wind_generation,Wind Onshore,2026-07-13T18:04:49Z
2026-07-13T18:04:17Z,2026-07-13T20:04:17+0200,6a5532f0-a5cc-4db7-b3a6-456c40e8ad8e,2026-06-17T04:00:00Z,2026-06-17T06:00:00+0200,371.175,MW,BE,BE,forecast_onshore_wind_generation,Wind Onshore,2026-07-13T18:04:49Z
2026-07-13T18:04:17Z,2026-07-13T20:04:17+0200,6a5532f0-a5cc-4db7-b3a6-456c40e8ad8e,2026-06-17T05:00:00Z,2026-06-17T07:00:00+0200,320.725,MW,BE,BE,forecast_onshore_wind_generation,Wind Onshore,2026-07-13T18:04:49Z
2026-07-13T18:04:17Z,2026-07-13T20:04:17+0200,6a5532f0-a5cc-4db7-b3a6-456c40e8ad8e,2026-06-17T06:00:00Z,2026-06-17T08:00:00+0200,296.5,MW,BE,BE,forecast_onshore_wind_generation,Wind Onshore,2026-07-13T18:04:49Z
2026-07-13T18:04:17Z,2026-07-13T20:04:17+0200,6a5532f0-a5cc-4db7-b3a6-456c40e8ad8e,2026-06-17T07:00:00Z,2026-06-17T09:00:00+0200,330.25,MW,BE,BE,forecast_onshore_wind_generation,Wind Onshore,2026-07-13T18:04:49Z
2026-07-13T18:04:17Z,2026-07-13T20:04:17+0200,6a5532f0-a5cc-4db7-b3a6-456c40e8ad8e,2026-06-17T08:00:00Z,2026-06-17T10:00:00+0200,355.425,MW,BE,BE,forecast_onshore_wind_generation,Wind Onshore,2026-07-13T18:04:49Z
2026-07-13T18:04:17Z,2026-07-13T20:04:17+0200,6a5532f0-a5cc-4db7-b3a6-456c40e8ad8e,2026-06-17T09:00:00Z,2026-06-17T11:00:00+0200,362.525,MW,BE,BE,forecast_onshore_wind_generation,Wind Onshore,2026-07-13T18:04:49Z
2026-07-13T18:04:17Z,2026-07-13T20:04:17+0200,6a5532f0-a5cc-4db7-b3a6-456c40e8ad8e,2026-06-17T10:00:00Z,2026-06-17T12:00:00+0200,355.425,MW,BE,BE,forecast_onshore_wind_generation,Wind Onshore,2026-07-13T18:04:49Z
2026-07-13T18:04:17Z,2026-07-13T20:04:17+0200,6a5532f0-a5cc-4db7-b3a6-456c40e8ad8e,2026-06-17T11:00:00Z,2026-06-17T13:00:00+0200,355.325,MW,BE,BE,forecast_onshore_wind_generation,Wind Onshore,2026-07-13T18:04:49Z
2026-07-13T18:04:17Z,2026-07-13T20:04:17+0200,6a5532f0-a5cc-4db7-b3a6-456c40e8ad8e,2026-06-17T12:00:00Z,2026-06-17T14:00:00+0200,359.075,MW,BE,BE,forecast_onshore_wind_generation,Wind Onshore,2026-07-13T18:04:49Z
2026-07-13T18:04:17Z,2026-07-13T20:04:17+0200,6a5532f0-a5cc-4db7-b3a6-456c40e8ad8e,2026-06-17T13:00:00Z,2026-06-17T15:00:00+0200,362.225,MW,BE,BE,forecast_onshore_wind_generation,Wind Onshore,2026-07-13T18:04:49Z
2026-07-13T18:04:17Z,2026-07-13T20:04:17+0200,6a5532f0-a5cc-4db7-b3a6-456c40e8ad8e,2026-06-17T14:00:00Z,2026-06-17T16:00:00+0200,371.25,MW,BE,BE,forecast_onshore_wind_generation,Wind Onshore,2026-07-13T18:04:49Z
2026-07-13T18:04:17Z,2026-07-13T20:04:17+0200,6a5532f0-a5cc-4db7-b3a6-456c40e8ad8e,2026-06-17T15:00:00Z,2026-06-17T17:00:00+0200,369.8,MW,BE,BE,forecast_onshore_wind_generation,Wind Onshore,2026-07-13T18:04:49Z
2026-07-13T18:04:17Z,2026-07-13T20:04:17+0200,6a5532f0-a5cc-4db7-b3a6-456c40e8ad8e,2026-06-17T16:00:00Z,2026-06-17T18:00:00+0200,324.3,MW,BE,BE,forecast_onshore_wind_generation,Wind Onshore,2026-07-13T18:04:49Z
2026-07-13T18:04:17Z,2026-07-13T20:04:17+0200,6a5532f0-a5cc-4db7-b3a6-456c40e8ad8e,2026-06-17T17:00:00Z,2026-06-17T19:00:00+0200,237.4,MW,BE,BE,forecast_onshore_wind_generation,Wind Onshore,2026-07-13T18:04:49Z
2026-07-13T18:04:17Z,2026-07-13T20:04:17+0200,6a5532f0-a5cc-4db7-b3a6-456c40e8ad8e,2026-06-17T18:00:00Z,2026-06-17T20:00:00+0200,164.575,MW,BE,BE,forecast_onshore_wind_generation,Wind Onshore,2026-07-13T18:04:49Z
2026-07-13T18:04:17Z,2026-07-13T20:04:17+0200,6a5532f0-a5cc-4db7-b3a6-456c40e8ad8e,2026-06-17T19:00:00Z,2026-06-17T21:00:00+0200,139.675,MW,BE,BE,forecast_onshore_wind_generation,Wind Onshore,2026-07-13T18:04:49Z
2026-07-13T18:04:17Z,2026-07-13T20:04:17+0200,6a5532f0-a5cc-4db7-b3a6-456c40e8ad8e,2026-06-17T20:00:00Z,2026-06-17T22:00:00+0200,151.4,MW,BE,BE,forecast_onshore_wind_generation,Wind Onshore,2026-07-13T18:04:49Z
2026-07-13T18:04:17Z,2026-07-13T20:04:17+0200,6a5532f0-a5cc-4db7-b3a6-456c40e8ad8e,2026-06-17T21:00:00Z,2026-06-17T23:00:00+0200,176.8,MW,BE,BE,forecast_onshore_wind_generation,Wind Onshore,2026-07-13T18:04:49Z
2026-07-13T18:04:17Z,2026-07-13T20:04:17+0200,6a5532f0-a5cc-4db7-b3a6-456c40e8ad8e,2026-06-17T22:00:00Z,2026-06-18T00:00:00+0200,204.25,MW,BE,BE,forecast_onshore_wind_generation,Wind Onshore,2026-07-13T18:04:49Z
2026-07-13T18:04:17Z,2026-07-13T20:04:17+0200,6a5532f0-a5cc-4db7-b3a6-456c40e8ad8e,2026-06-17T23:00:00Z,2026-06-18T01:00:00+0200,228.5,MW,BE,BE,forecast_onshore_wind_generation,Wind Onshore,2026-07-13T18:04:49Z
2026-07-13T18:04:17Z,2026-07-13T20:04:17+0200,6a5532f0-a5cc-4db7-b3a6-456c40e8ad8e,2026-06-18T00:00:00Z,2026-06-18T02:00:00+0200,237.1,MW,BE,BE,forecast_onshore_wind_generation,Wind Onshore,2026-07-13T18:04:49Z
2026-07-13T18:04:17Z,2026-07-13T20:04:17+0200,6a5532f0-a5cc-4db7-b3a6-456c40e8ad8e,2026-06-18T01:00:00Z,2026-06-18T03:00:00+0200,235.875,MW,BE,BE,forecast_onshore_wind_generation,Wind Onshore,2026-07-13T18:04:49Z
2026-07-13T18:04:17Z,2026-07-13T20:04:17+0200,6a5532f0-a5cc-4db7-b3a6-456c40e8ad8e,2026-06-18T02:00:00Z,2026-06-18T04:00:00+0200,219.45,MW,BE,BE,forecast_onshore_wind_generation,Wind Onshore,2026-07-13T18:04:49Z
2026-07-13T18:04:17Z,2026-07-13T20:04:17+0200,6a5532f0-a5cc-4db7-b3a6-456c40e8ad8e,2026-06-18T03:00:00Z,2026-06-18T05:00:00+0200,192.625,MW,BE,BE,forecast_onshore_wind_generation,Wind Onshore,2026-07-13T18:04:49Z
2026-07-13T18:04:17Z,2026-07-13T20:04:17+0200,6a5532f0-a5cc-4db7-b3a6-456c40e8ad8e,2026-06-18T04:00:00Z,2026-06-18T06:00:00+0200,158.625,MW,BE,BE,forecast_onshore_wind_generation,Wind Onshore,2026-07-13T18:04:49Z
2026-07-13T18:04:17Z,2026-07-13T20:04:17+0200,6a5532f0-a5cc-4db7-b3a6-456c40e8ad8e,2026-06-18T05:00:00Z,2026-06-18T07:00:00+0200,96.575,MW,BE,BE,forecast_onshore_wind_generation,Wind Onshore,2026-07-13T18:04:49Z
2026-07-13T18:04:17Z,2026-07-13T20:04:17+0200,6a5532f0-a5cc-4db7-b3a6-456c40e8ad8e,2026-06-18T06:00:00Z,2026-06-18T08:00:00+0200,55.8,MW,BE,BE,forecast_onshore_wind_generation,Wind Onshore,2026-07-13T18:04:49Z
2026-07-13T18:04:17Z,2026-07-13T20:04:17+0200,6a5532f0-a5cc-4db7-b3a6-456c40e8ad8e,2026-06-18T07:00:00Z,2026-06-18T09:00:00+0200,28.5,MW,BE,BE,forecast_onshore_wind_generation,Wind Onshore,2026-07-13T18:04:49Z
2026-07-13T18:04:17Z,2026-07-13T20:04:17+0200,6a5532f0-a5cc-4db7-b3a6-456c40e8ad8e,2026-06-18T08:00:00Z,2026-06-18T10:00:00+0200,20.75,MW,BE,BE,forecast_onshore_wind_generation,Wind Onshore,2026-07-13T18:04:49Z
2026-07-13T18:04:17Z,2026-07-13T20:04:17+0200,6a5532f0-a5cc-4db7-b3a6-456c40e8ad8e,2026-06-18T09:00:00Z,2026-06-18T11:00:00+0200,20.725,MW,BE,BE,forecast_onshore_wind_generation,Wind Onshore,2026-07-13T18:04:49Z
2026-07-13T18:04:17Z,2026-07-13T20:04:17+0200,6a5532f0-a5cc-4db7-b3a6-456c40e8ad8e,2026-06-18T10:00:00Z,2026-06-18T12:00:00+0200,24.3,MW,BE,BE,forecast_onshore_wind_generation,Wind Onshore,2026-07-13T18:04:49Z
2026-07-13T18:04:17Z,2026-07-13T20:04:17+0200,6a5532f0-a5cc-4db7-b3a6-456c40e8ad8e,2026-06-18T11:00:00Z,2026-06-18T13:00:00+0200,33.125,MW,BE,BE,forecast_onshore_wind_generation,Wind Onshore,2026-07-13T18:04:49Z
2026-07-13T18:04:17Z,2026-07-13T20:04:17+0200,6a5532f0-a5cc-4db7-b3a6-456c40e8ad8e,2026-06-18T12:00:00Z,2026-06-18T14:00:00+0200,40.625,MW,BE,BE,forecast_onshore_wind_generation,Wind Onshore,2026-07-13T18:04:49Z
2026-07-13T18:04:17Z,2026-07-13T20:04:17+0200,6a5532f0-a5cc-4db7-b3a6-456c40e8ad8e,2026-06-18T13:00:00Z,2026-06-18T15:00:00+0200,37.175,MW,BE,BE,forecast_onshore_wind_generation,Wind Onshore,2026-07-13T18:04:49Z
2026-07-13T18:04:17Z,2026-07-13T20:04:17+0200,6a5532f0-a5cc-4db7-b3a6-456c40e8ad8e,2026-06-18T14:00:00Z,2026-06-18T16:00:00+0200,32.025,MW,BE,BE,forecast_onshore_wind_generation,Wind Onshore,2026-07-13T18:04:49Z
2026-07-13T18:04:17Z,2026-07-13T20:04:17+0200,6a5532f0-a5cc-4db7-b3a6-456c40e8ad8e,2026-06-18T15:00:00Z,2026-06-18T17:00:00+0200,27.225,MW,BE,BE,forecast_onshore_wind_generation,Wind Onshore,2026-07-13T18:04:49Z
2026-07-13T18:04:17Z,2026-07-13T20:04:17+0200,6a5532f0-a5cc-4db7-b3a6-456c40e8ad8e,2026-06-18T16:00:00Z,2026-06-18T18:00:00+0200,26.475,MW,BE,BE,forecast_onshore_wind_generation,Wind Onshore,2026-07-13T18:04:49Z
2026-07-13T18:04:17Z,2026-07-13T20:04:17+0200,6a5532f0-a5cc-4db7-b3a6-456c40e8ad8e,2026-06-18T17:00:00Z,2026-06-18T19:00:00+0200,44.85,MW,BE,BE,forecast_onshore_wind_generation,Wind Onshore,2026-07-13T18:04:49Z
2026-07-13T18:04:17Z,2026-07-13T20:04:17+0200,6a5532f0-a5cc-4db7-b3a6-456c40e8ad8e,2026-06-18T18:00:00Z,2026-06-18T20:00:00+0200,82.05,MW,BE,BE,forecast_onshore_wind_generation,Wind Onshore,2026-07-13T18:04:49Z
2026-07-13T18:04:17Z,2026-07-13T20:04:17+0200,6a5532f0-a5cc-4db7-b3a6-456c40e8ad8e,2026-06-18T19:00:00Z,2026-06-18T21:00:00+0200,140.6,MW,BE,BE,forecast_onshore_wind_generation,Wind Onshore,2026-07-13T18:04:49Z
2026-07-13T18:04:17Z,2026-07-13T20:04:17+0200,6a5532f0-a5cc-4db7-b3a6-456c40e8ad8e,2026-06-18T20:00:00Z,2026-06-18T22:00:00+0200,236.05,MW,BE,BE,forecast_onshore_wind_generation,Wind Onshore,2026-07-13T18:04:49Z
2026-07-13T18:04:17Z,2026-07-13T20:04:17+0200,6a5532f0-a5cc-4db7-b3a6-456c40e8ad8e,2026-06-18T21:00:00Z,2026-06-18T23:00:00+0200,358.75,MW,BE,BE,forecast_onshore_wind_generation,Wind Onshore,2026-07-13T18:04:49Z
2026-07-13T18:04:17Z,2026-07-13T20:04:17+0200,6a5532f0-a5cc-4db7-b3a6-456c40e8ad8e,2026-06-18T22:00:00Z,2026-06-19T00:00:00+0200,385.95,MW,BE,BE,forecast_onshore_wind_generation,Wind Onshore,2026-07-13T18:04:49Z
2026-07-13T18:04:17Z,2026-07-13T20:04:17+0200,6a5532f0-a5cc-4db7-b3a6-456c40e8ad8e,2026-06-18T23:00:00Z,2026-06-19T01:00:00+0200,378.55,MW,BE,BE,forecast_onshore_wind_generation,Wind Onshore,2026-07-13T18:04:49Z
2026-07-13T18:04:17Z,2026-07-13T20:04:17+0200,6a5532f0-a5cc-4db7-b3a6-456c40e8ad8e,2026-06-19T00:00:00Z,2026-06-19T02:00:00+0200,388.8,MW,BE,BE,forecast_onshore_wind_generation,Wind Onshore,2026-07-13T18:04:49Z
2026-07-13T18:04:17Z,2026-07-13T20:04:17+0200,6a5532f0-a5cc-4db7-b3a6-456c40e8ad8e,2026-06-19T01:00:00Z,2026-06-19T03:00:00+0200,409.225,MW,BE,BE,forecast_onshore_wind_generation,Wind Onshore,2026-07-13T18:04:49Z
2026-07-13T18:04:17Z,2026-07-13T20:04:17+0200,6a5532f0-a5cc-4db7-b3a6-456c40e8ad8e,2026-06-19T02:00:00Z,2026-06-19T04:00:00+0200,417.375,MW,BE,BE,forecast_onshore_wind_generation,Wind Onshore,2026-07-13T18:04:49Z
2026-07-13T18:04:17Z,2026-07-13T20:04:17+0200,6a5532f0-a5cc-4db7-b3a6-456c40e8ad8e,2026-06-19T03:00:00Z,2026-06-19T05:00:00+0200,407.5,MW,BE,BE,forecast_onshore_wind_generation,Wind Onshore,2026-07-13T18:04:49Z
2026-07-13T18:04:17Z,2026-07-13T20:04:17+0200,6a5532f0-a5cc-4db7-b3a6-456c40e8ad8e,2026-06-19T04:00:00Z,2026-06-19T06:00:00+0200,397.275,MW,BE,BE,forecast_onshore_wind_generation,Wind Onshore,2026-07-13T18:04:49Z
2026-07-13T18:04:17Z,2026-07-13T20:04:17+0200,6a5532f0-a5cc-4db7-b3a6-456c40e8ad8e,2026-06-19T05:00:00Z,2026-06-19T07:00:00+0200,381.4,MW,BE,BE,forecast_onshore_wind_generation,Wind Onshore,2026-07-13T18:04:49Z
2026-07-13T18:04:17Z,2026-07-13T20:04:17+0200,6a5532f0-a5cc-4db7-b3a6-456c40e8ad8e,2026-06-19T06:00:00Z,2026-06-19T08:00:00+0200,295.85,MW,BE,BE,forecast_onshore_wind_generation,Wind Onshore,2026-07-13T18:04:49Z
2026-07-13T18:04:17Z,2026-07-13T20:04:17+0200,6a5532f0-a5cc-4db7-b3a6-456c40e8ad8e,2026-06-19T07:00:00Z,2026-06-19T09:00:00+0200,177.1,MW,BE,BE,forecast_onshore_wind_generation,Wind Onshore,2026-07-13T18:04:49Z
2026-07-13T18:04:17Z,2026-07-13T20:04:17+0200,6a5532f0-a5cc-4db7-b3a6-456c40e8ad8e,2026-06-19T08:00:00Z,2026-06-19T10:00:00+0200,153.3,MW,BE,BE,forecast_onshore_wind_generation,Wind Onshore,2026-07-13T18:04:49Z
2026-07-13T18:04:17Z,2026-07-13T20:04:17+0200,6a5532f0-a5cc-4db7-b3a6-456c40e8ad8e,2026-06-19T09:00:00Z,2026-06-19T11:00:00+0200,188.675,MW,BE,BE,forecast_onshore_wind_generation,Wind Onshore,2026-07-13T18:04:49Z
2026-07-13T18:04:17Z,2026-07-13T20:04:17+0200,6a5532f0-a5cc-4db7-b3a6-456c40e8ad8e,2026-06-19T10:00:00Z,2026-06-19T12:00:00+0200,243.4,MW,BE,BE,forecast_onshore_wind_generation,Wind Onshore,2026-07-13T18:04:49Z
2026-07-13T18:04:17Z,2026-07-13T20:04:17+0200,6a5532f0-a5cc-4db7-b3a6-456c40e8ad8e,2026-06-19T11:00:00Z,2026-06-19T13:00:00+0200,318.725,MW,BE,BE,forecast_onshore_wind_generation,Wind Onshore,2026-07-13T18:04:49Z
2026-07-13T18:04:17Z,2026-07-13T20:04:17+0200,6a5532f0-a5cc-4db7-b3a6-456c40e8ad8e,2026-06-19T12:00:00Z,2026-06-19T14:00:00+0200,391.025,MW,BE,BE,forecast_onshore_wind_generation,Wind Onshore,2026-07-13T18:04:49Z
2026-07-13T18:04:17Z,2026-07-13T20:04:17+0200,6a5532f0-a5cc-4db7-b3a6-456c40e8ad8e,2026-06-19T13:00:00Z,2026-06-19T15:00:00+0200,406.675,MW,BE,BE,forecast_onshore_wind_generation,Wind Onshore,2026-07-13T18:04:49Z
2026-07-13T18:04:17Z,2026-07-13T20:04:17+0200,6a5532f0-a5cc-4db7-b3a6-456c40e8ad8e,2026-06-19T14:00:00Z,2026-06-19T16:00:00+0200,344.325,MW,BE,BE,forecast_onshore_wind_generation,Wind Onshore,2026-07-13T18:04:49Z
2026-07-13T18:04:17Z,2026-07-13T20:04:17+0200,6a5532f0-a5cc-4db7-b3a6-456c40e8ad8e,2026-06-19T15:00:00Z,2026-06-19T17:00:00+0200,284.625,MW,BE,BE,forecast_onshore_wind_generation,Wind Onshore,2026-07-13T18:04:49Z
2026-07-13T18:04:17Z,2026-07-13T20:04:17+0200,6a5532f0-a5cc-4db7-b3a6-456c40e8ad8e,2026-06-19T16:00:00Z,2026-06-19T18:00:00+0200,240.425,MW,BE,BE,forecast_onshore_wind_generation,Wind Onshore,2026-07-13T18:04:49Z
2026-07-13T18:04:17Z,2026-07-13T20:04:17+0200,6a5532f0-a5cc-4db7-b3a6-456c40e8ad8e,2026-06-19T17:00:00Z,2026-06-19T19:00:00+0200,189.775,MW,BE,BE,forecast_onshore_wind_generation,Wind Onshore,2026-07-13T18:04:49Z
2026-07-13T18:04:17Z,2026-07-13T20:04:17+0200,6a5532f0-a5cc-4db7-b3a6-456c40e8ad8e,2026-06-19T18:00:00Z,2026-06-19T20:00:00+0200,214.15,MW,BE,BE,forecast_onshore_wind_generation,Wind Onshore,2026-07-13T18:04:49Z
2026-07-13T18:04:17Z,2026-07-13T20:04:17+0200,6a5532f0-a5cc-4db7-b3a6-456c40e8ad8e,2026-06-19T19:00:00Z,2026-06-19T21:00:00+0200,252.7,MW,BE,BE,forecast_onshore_wind_generation,Wind Onshore,2026-07-13T18:04:49Z
2026-07-13T18:04:17Z,2026-07-13T20:04:17+0200,6a5532f0-a5cc-4db7-b3a6-456c40e8ad8e,2026-06-19T20:00:00Z,2026-06-19T22:00:00+0200,297.075,MW,BE,BE,forecast_onshore_wind_generation,Wind Onshore,2026-07-13T18:04:49Z
2026-07-13T18:04:17Z,2026-07-13T20:04:17+0200,6a5532f0-a5cc-4db7-b3a6-456c40e8ad8e,2026-06-19T21:00:00Z,2026-06-19T23:00:00+0200,355.625,MW,BE,BE,forecast_onshore_wind_generation,Wind Onshore,2026-07-13T18:04:49Z
2026-07-13T18:04:17Z,2026-07-13T20:04:17+0200,6a5532f0-a5cc-4db7-b3a6-456c40e8ad8e,2026-06-19T22:00:00Z,2026-06-20T00:00:00+0200,343.55,MW,BE,BE,forecast_onshore_wind_generation,Wind Onshore,2026-07-13T18:04:49Z
2026-07-13T18:04:17Z,2026-07-13T20:04:17+0200,6a5532f0-a5cc-4db7-b3a6-456c40e8ad8e,2026-06-19T23:00:00Z,2026-06-20T01:00:00+0200,360.0,MW,BE,BE,forecast_onshore_wind_generation,Wind Onshore,2026-07-13T18:04:49Z
2026-07-13T18:04:17Z,2026-07-13T20:04:17+0200,6a5532f0-a5cc-4db7-b3a6-456c40e8ad8e,2026-06-20T00:00:00Z,2026-06-20T02:00:00+0200,384.25,MW,BE,BE,forecast_onshore_wind_generation,Wind Onshore,2026-07-13T18:04:49Z
2026-07-13T18:04:17Z,2026-07-13T20:04:17+0200,6a5532f0-a5cc-4db7-b3a6-456c40e8ad8e,2026-06-20T01:00:00Z,2026-06-20T03:00:00+0200,370.3,MW,BE,BE,forecast_onshore_wind_generation,Wind Onshore,2026-07-13T18:04:49Z
2026-07-13T18:04:17Z,2026-07-13T20:04:17+0200,6a5532f0-a5cc-4db7-b3a6-456c40e8ad8e,2026-06-20T02:00:00Z,2026-06-20T04:00:00+0200,310.575,MW,BE,BE,forecast_onshore_wind_generation,Wind Onshore,2026-07-13T18:04:49Z
2026-07-13T18:04:17Z,2026-07-13T20:04:17+0200,6a5532f0-a5cc-4db7-b3a6-456c40e8ad8e,2026-06-20T03:00:00Z,2026-06-20T05:00:00+0200,254.625,MW,BE,BE,forecast_onshore_wind_generation,Wind Onshore,2026-07-13T18:04:49Z
2026-07-13T18:04:17Z,2026-07-13T20:04:17+0200,6a5532f0-a5cc-4db7-b3a6-456c40e8ad8e,2026-06-20T04:00:00Z,2026-06-20T06:00:00+0200,196.65,MW,BE,BE,forecast_onshore_wind_generation,Wind Onshore,2026-07-13T18:04:49Z
2026-07-13T18:04:17Z,2026-07-13T20:04:17+0200,6a5532f0-a5cc-4db7-b3a6-456c40e8ad8e,2026-06-20T05:00:00Z,2026-06-20T07:00:00+0200,139.45,MW,BE,BE,forecast_onshore_wind_generation,Wind Onshore,2026-07-13T18:04:49Z
2026-07-13T18:04:17Z,2026-07-13T20:04:17+0200,6a5532f0-a5cc-4db7-b3a6-456c40e8ad8e,2026-06-20T06:00:00Z,2026-06-20T08:00:00+0200,93.075,MW,BE,BE,forecast_onshore_wind_generation,Wind Onshore,2026-07-13T18:04:49Z
2026-07-13T18:04:17Z,2026-07-13T20:04:17+0200,6a5532f0-a5cc-4db7-b3a6-456c40e8ad8e,2026-06-20T07:00:00Z,2026-06-20T09:00:00+0200,65.25,MW,BE,BE,forecast_onshore_wind_generation,Wind Onshore,2026-07-13T18:04:49Z
2026-07-13T18:04:17Z,2026-07-13T20:04:17+0200,6a5532f0-a5cc-4db7-b3a6-456c40e8ad8e,2026-06-20T08:00:00Z,2026-06-20T10:00:00+0200,53.7,MW,BE,BE,forecast_onshore_wind_generation,Wind Onshore,2026-07-13T18:04:49Z
2026-07-13T18:04:17Z,2026-07-13T20:04:17+0200,6a5532f0-a5cc-4db7-b3a6-456c40e8ad8e,2026-06-20T09:00:00Z,2026-06-20T11:00:00+0200,52.525,MW,BE,BE,forecast_onshore_wind_generation,Wind Onshore,2026-07-13T18:04:49Z
2026-07-13T18:04:17Z,2026-07-13T20:04:17+0200,6a5532f0-a5cc-4db7-b3a6-456c40e8ad8e,2026-06-20T10:00:00Z,2026-06-20T12:00:00+0200,58.2,MW,BE,BE,forecast_onshore_wind_generation,Wind Onshore,2026-07-13T18:04:49Z
2026-07-13T18:04:17Z,2026-07-13T20:04:17+0200,6a5532f0-a5cc-4db7-b3a6-456c40e8ad8e,2026-06-20T11:00:00Z,2026-06-20T13:00:00+0200,73.075,MW,BE,BE,forecast_onshore_wind_generation,Wind Onshore,2026-07-13T18:04:49Z
2026-07-13T18:04:17Z,2026-07-13T20:04:17+0200,6a5532f0-a5cc-4db7-b3a6-456c40e8ad8e,2026-06-20T12:00:00Z,2026-06-20T14:00:00+0200,96.625,MW,BE,BE,forecast_onshore_wind_generation,Wind Onshore,2026-07-13T18:04:49Z
2026-07-13T18:04:17Z,2026-07-13T20:04:17+0200,6a5532f0-a5cc-4db7-b3a6-456c40e8ad8e,2026-06-20T13:00:00Z,2026-06-20T15:00:00+0200,121.625,MW,BE,BE,forecast_onshore_wind_generation,Wind Onshore,2026-07-13T18:04:49Z
2026-07-13T18:04:17Z,2026-07-13T20:04:17+0200,6a5532f0-a5cc-4db7-b3a6-456c40e8ad8e,2026-06-20T14:00:00Z,2026-06-20T16:00:00+0200,139.95,MW,BE,BE,forecast_onshore_wind_generation,Wind Onshore,2026-07-13T18:04:49Z
2026-07-13T18:04:17Z,2026-07-13T20:04:17+0200,6a5532f0-a5cc-4db7-b3a6-456c40e8ad8e,2026-06-20T15:00:00Z,2026-06-20T17:00:00+0200,131.25,MW,BE,BE,forecast_onshore_wind_generation,Wind Onshore,2026-07-13T18:04:49Z
2026-07-13T18:04:17Z,2026-07-13T20:04:17+0200,6a5532f0-a5cc-4db7-b3a6-456c40e8ad8e,2026-06-20T16:00:00Z,2026-06-20T18:00:00+0200,111.675,MW,BE,BE,forecast_onshore_wind_generation,Wind Onshore,2026-07-13T18:04:49Z
2026-07-13T18:04:17Z,2026-07-13T20:04:17+0200,6a5532f0-a5cc-4db7-b3a6-456c40e8ad8e,2026-06-20T17:00:00Z,2026-06-20T19:00:00+0200,124.975,MW,BE,BE,forecast_onshore_wind_generation,Wind Onshore,2026-07-13T18:04:49Z
2026-07-13T18:04:17Z,2026-07-13T20:04:17+0200,6a5532f0-a5cc-4db7-b3a6-456c40e8ad8e,2026-06-20T18:00:00Z,2026-06-20T20:00:00+0200,148.275,MW,BE,BE,forecast_onshore_wind_generation,Wind Onshore,2026-07-13T18:04:49Z
2026-07-13T18:04:17Z,2026-07-13T20:04:17+0200,6a5532f0-a5cc-4db7-b3a6-456c40e8ad8e,2026-06-20T19:00:00Z,2026-06-20T21:00:00+0200,193.075,MW,BE,BE,forecast_onshore_wind_generation,Wind Onshore,2026-07-13T18:04:49Z
2026-07-13T18:04:17Z,2026-07-13T20:04:17+0200,6a5532f0-a5cc-4db7-b3a6-456c40e8ad8e,2026-06-20T20:00:00Z,2026-06-20T22:00:00+0200,242.85,MW,BE,BE,forecast_onshore_wind_generation,Wind Onshore,2026-07-13T18:04:49Z
2026-07-13T18:04:17Z,2026-07-13T20:04:17+0200,6a5532f0-a5cc-4db7-b3a6-456c40e8ad8e,2026-06-20T21:00:00Z,2026-06-20T23:00:00+0200,247.975,MW,BE,BE,forecast_onshore_wind_generation,Wind Onshore,2026-07-13T18:04:49Z
2026-07-13T18:04:17Z,2026-07-13T20:04:17+0200,6a5532f0-a5cc-4db7-b3a6-456c40e8ad8e,2026-06-20T22:00:00Z,2026-06-21T00:00:00+0200,173.125,MW,BE,BE,forecast_onshore_wind_generation,Wind Onshore,2026-07-13T18:04:49Z
2026-07-13T18:04:17Z,2026-07-13T20:04:17+0200,6a5532f0-a5cc-4db7-b3a6-456c40e8ad8e,2026-06-20T23:00:00Z,2026-06-21T01:00:00+0200,182.3,MW,BE,BE,forecast_onshore_wind_generation,Wind Onshore,2026-07-13T18:04:49Z
2026-07-13T18:04:17Z,2026-07-13T20:04:17+0200,6a5532f0-a5cc-4db7-b3a6-456c40e8ad8e,2026-06-21T00:00:00Z,2026-06-21T02:00:00+0200,193.975,MW,BE,BE,forecast_onshore_wind_generation,Wind Onshore,2026-07-13T18:04:49Z
2026-07-13T18:04:17Z,2026-07-13T20:04:17+0200,6a5532f0-a5cc-4db7-b3a6-456c40e8ad8e,2026-06-21T01:00:00Z,2026-06-21T03:00:00+0200,243.625,MW,BE,BE,forecast_onshore_wind_generation,Wind Onshore,2026-07-13T18:04:49Z
2026-07-13T18:04:17Z,2026-07-13T20:04:17+0200,6a5532f0-a5cc-4db7-b3a6-456c40e8ad8e,2026-06-21T02:00:00Z,2026-06-21T04:00:00+0200,262.375,MW,BE,BE,forecast_onshore_wind_generation,Wind Onshore,2026-07-13T18:04:49Z
2026-07-13T18:04:17Z,2026-07-13T20:04:17+0200,6a5532f0-a5cc-4db7-b3a6-456c40e8ad8e,2026-06-21T03:00:00Z,2026-06-21T05:00:00+0200,234.9,MW,BE,BE,forecast_onshore_wind_generation,Wind Onshore,2026-07-13T18:04:49Z
2026-07-13T18:04:17Z,2026-07-13T20:04:17+0200,6a5532f0-a5cc-4db7-b3a6-456c40e8ad8e,2026-06-21T04:00:00Z,2026-06-21T06:00:00+0200,219.6,MW,BE,BE,forecast_onshore_wind_generation,Wind Onshore,2026-07-13T18:04:49Z
2026-07-13T18:04:17Z,2026-07-13T20:04:17+0200,6a5532f0-a5cc-4db7-b3a6-456c40e8ad8e,2026-06-21T05:00:00Z,2026-06-21T07:00:00+0200,217.025,MW,BE,BE,forecast_onshore_wind_generation,Wind Onshore,2026-07-13T18:04:49Z
2026-07-13T18:04:17Z,2026-07-13T20:04:17+0200,6a5532f0-a5cc-4db7-b3a6-456c40e8ad8e,2026-06-21T06:00:00Z,2026-06-21T08:00:00+0200,177.6,MW,BE,BE,forecast_onshore_wind_generation,Wind Onshore,2026-07-13T18:04:49Z
2026-07-13T18:04:17Z,2026-07-13T20:04:17+0200,6a5532f0-a5cc-4db7-b3a6-456c40e8ad8e,2026-06-21T07:00:00Z,2026-06-21T09:00:00+0200,159.0,MW,BE,BE,forecast_onshore_wind_generation,Wind Onshore,2026-07-13T18:04:49Z
2026-07-13T18:04:17Z,2026-07-13T20:04:17+0200,6a5532f0-a5cc-4db7-b3a6-456c40e8ad8e,2026-06-21T08:00:00Z,2026-06-21T10:00:00+0200,129.5,MW,BE,BE,forecast_onshore_wind_generation,Wind Onshore,2026-07-13T18:04:49Z
2026-07-13T18:04:17Z,2026-07-13T20:04:17+0200,6a5532f0-a5cc-4db7-b3a6-456c40e8ad8e,2026-06-21T09:00:00Z,2026-06-21T11:00:00+0200,104.2,MW,BE,BE,forecast_onshore_wind_generation,Wind Onshore,2026-07-13T18:04:49Z
2026-07-13T18:04:17Z,2026-07-13T20:04:17+0200,6a5532f0-a5cc-4db7-b3a6-456c40e8ad8e,2026-06-21T10:00:00Z,2026-06-21T12:00:00+0200,102.375,MW,BE,BE,forecast_onshore_wind_generation,Wind Onshore,2026-07-13T18:04:49Z
2026-07-13T18:04:17Z,2026-07-13T20:04:17+0200,6a5532f0-a5cc-4db7-b3a6-456c40e8ad8e,2026-06-21T11:00:00Z,2026-06-21T13:00:00+0200,104.875,MW,BE,BE,forecast_onshore_wind_generation,Wind Onshore,2026-07-13T18:04:49Z
2026-07-13T18:04:17Z,2026-07-13T20:04:17+0200,6a5532f0-a5cc-4db7-b3a6-456c40e8ad8e,2026-06-21T12:00:00Z,2026-06-21T14:00:00+0200,105.3,MW,BE,BE,forecast_onshore_wind_generation,Wind Onshore,2026-07-13T18:04:49Z
2026-07-13T18:04:17Z,2026-07-13T20:04:17+0200,6a5532f0-a5cc-4db7-b3a6-456c40e8ad8e,2026-06-21T13:00:00Z,2026-06-21T15:00:00+0200,108.85,MW,BE,BE,forecast_onshore_wind_generation,Wind Onshore,2026-07-13T18:04:49Z
2026-07-13T18:04:17Z,2026-07-13T20:04:17+0200,6a5532f0-a5cc-4db7-b3a6-456c40e8ad8e,2026-06-21T14:00:00Z,2026-06-21T16:00:00+0200,113.35,MW,BE,BE,forecast_onshore_wind_generation,Wind Onshore,2026-07-13T18:04:49Z
2026-07-13T18:04:17Z,2026-07-13T20:04:17+0200,6a5532f0-a5cc-4db7-b3a6-456c40e8ad8e,2026-06-21T15:00:00Z,2026-06-21T17:00:00+0200,140.575,MW,BE,BE,forecast_onshore_wind_generation,Wind Onshore,2026-07-13T18:04:49Z
2026-07-13T18:04:17Z,2026-07-13T20:04:17+0200,6a5532f0-a5cc-4db7-b3a6-456c40e8ad8e,2026-06-21T16:00:00Z,2026-06-21T18:00:00+0200,191.8,MW,BE,BE,forecast_onshore_wind_generation,Wind Onshore,2026-07-13T18:04:49Z
2026-07-13T18:04:17Z,2026-07-13T20:04:17+0200,6a5532f0-a5cc-4db7-b3a6-456c40e8ad8e,2026-06-21T17:00:00Z,2026-06-21T19:00:00+0200,256.0,MW,BE,BE,forecast_onshore_wind_generation,Wind Onshore,2026-07-13T18:04:49Z
2026-07-13T18:04:17Z,2026-07-13T20:04:17+0200,6a5532f0-a5cc-4db7-b3a6-456c40e8ad8e,2026-06-21T18:00:00Z,2026-06-21T20:00:00+0200,324.275,MW,BE,BE,forecast_onshore_wind_generation,Wind Onshore,2026-07-13T18:04:49Z
2026-07-13T18:04:17Z,2026-07-13T20:04:17+0200,6a5532f0-a5cc-4db7-b3a6-456c40e8ad8e,2026-06-21T19:00:00Z,2026-06-21T21:00:00+0200,387.225,MW,BE,BE,forecast_onshore_wind_generation,Wind Onshore,2026-07-13T18:04:49Z
2026-07-13T18:04:17Z,2026-07-13T20:04:17+0200,6a5532f0-a5cc-4db7-b3a6-456c40e8ad8e,2026-06-21T20:00:00Z,2026-06-21T22:00:00+0200,435.725,MW,BE,BE,forecast_onshore_wind_generation,Wind Onshore,2026-07-13T18:04:49Z
2026-07-13T18:04:17Z,2026-07-13T20:04:17+0200,6a5532f0-a5cc-4db7-b3a6-456c40e8ad8e,2026-06-21T21:00:00Z,2026-06-21T23:00:00+0200,452.375,MW,BE,BE,forecast_onshore_wind_generation,Wind Onshore,2026-07-13T18:04:49Z
2026-07-13T18:04:17Z,2026-07-13T20:04:17+0200,6a5532f0-a5cc-4db7-b3a6-456c40e8ad8e,2026-06-21T22:00:00Z,2026-06-22T00:00:00+0200,429.975,MW,BE,BE,forecast_onshore_wind_generation,Wind Onshore,2026-07-13T18:04:49Z
2026-07-13T18:04:17Z,2026-07-13T20:04:17+0200,6a5532f0-a5cc-4db7-b3a6-456c40e8ad8e,2026-06-21T23:00:00Z,2026-06-22T01:00:00+0200,443.75,MW,BE,BE,forecast_onshore_wind_generation,Wind Onshore,2026-07-13T18:04:49Z
2026-07-13T18:04:17Z,2026-07-13T20:04:17+0200,6a5532f0-a5cc-4db7-b3a6-456c40e8ad8e,2026-06-22T00:00:00Z,2026-06-22T02:00:00+0200,431.65,MW,BE,BE,forecast_onshore_wind_generation,Wind Onshore,2026-07-13T18:04:49Z
2026-07-13T18:04:17Z,2026-07-13T20:04:17+0200,6a5532f0-a5cc-4db7-b3a6-456c40e8ad8e,2026-06-22T01:00:00Z,2026-06-22T03:00:00+0200,409.4,MW,BE,BE,forecast_onshore_wind_generation,Wind Onshore,2026-07-13T18:04:49Z
2026-07-13T18:04:17Z,2026-07-13T20:04:17+0200,6a5532f0-a5cc-4db7-b3a6-456c40e8ad8e,2026-06-22T02:00:00Z,2026-06-22T04:00:00+0200,400.825,MW,BE,BE,forecast_onshore_wind_generation,Wind Onshore,2026-07-13T18:04:49Z
2026-07-13T18:04:17Z,2026-07-13T20:04:17+0200,6a5532f0-a5cc-4db7-b3a6-456c40e8ad8e,2026-06-22T03:00:00Z,2026-06-22T05:00:00+0200,396.825,MW,BE,BE,forecast_onshore_wind_generation,Wind Onshore,2026-07-13T18:04:49Z
2026-07-13T18:04:17Z,2026-07-13T20:04:17+0200,6a5532f0-a5cc-4db7-b3a6-456c40e8ad8e,2026-06-22T04:00:00Z,2026-06-22T06:00:00+0200,364.275,MW,BE,BE,forecast_onshore_wind_generation,Wind Onshore,2026-07-13T18:04:49Z
2026-07-13T18:04:17Z,2026-07-13T20:04:17+0200,6a5532f0-a5cc-4db7-b3a6-456c40e8ad8e,2026-06-22T05:00:00Z,2026-06-22T07:00:00+0200,290.6,MW,BE,BE,forecast_onshore_wind_generation,Wind Onshore,2026-07-13T18:04:49Z
2026-07-13T18:04:17Z,2026-07-13T20:04:17+0200,6a5532f0-a5cc-4db7-b3a6-456c40e8ad8e,2026-06-22T06:00:00Z,2026-06-22T08:00:00+0200,215.25,MW,BE,BE,forecast_onshore_wind_generation,Wind Onshore,2026-07-13T18:04:49Z
2026-07-13T18:04:17Z,2026-07-13T20:04:17+0200,6a5532f0-a5cc-4db7-b3a6-456c40e8ad8e,2026-06-22T07:00:00Z,2026-06-22T09:00:00+0200,169.8,MW,BE,BE,forecast_onshore_wind_generation,Wind Onshore,2026-07-13T18:04:49Z
2026-07-13T18:04:17Z,2026-07-13T20:04:17+0200,6a5532f0-a5cc-4db7-b3a6-456c40e8ad8e,2026-06-22T08:00:00Z,2026-06-22T10:00:00+0200,161.9,MW,BE,BE,forecast_onshore_wind_generation,Wind Onshore,2026-07-13T18:04:49Z
2026-07-13T18:04:17Z,2026-07-13T20:04:17+0200,6a5532f0-a5cc-4db7-b3a6-456c40e8ad8e,2026-06-22T09:00:00Z,2026-06-22T11:00:00+0200,180.4,MW,BE,BE,forecast_onshore_wind_generation,Wind Onshore,2026-07-13T18:04:49Z
2026-07-13T18:04:17Z,2026-07-13T20:04:17+0200,6a5532f0-a5cc-4db7-b3a6-456c40e8ad8e,2026-06-22T10:00:00Z,2026-06-22T12:00:00+0200,215.85,MW,BE,BE,forecast_onshore_wind_generation,Wind Onshore,2026-07-13T18:04:49Z
2026-07-13T18:04:17Z,2026-07-13T20:04:17+0200,6a5532f0-a5cc-4db7-b3a6-456c40e8ad8e,2026-06-22T11:00:00Z,2026-06-22T13:00:00+0200,236.0,MW,BE,BE,forecast_onshore_wind_generation,Wind Onshore,2026-07-13T18:04:49Z
2026-07-13T18:04:17Z,2026-07-13T20:04:17+0200,6a5532f0-a5cc-4db7-b3a6-456c40e8ad8e,2026-06-22T12:00:00Z,2026-06-22T14:00:00+0200,230.475,MW,BE,BE,forecast_onshore_wind_generation,Wind Onshore,2026-07-13T18:04:49Z
2026-07-13T18:04:17Z,2026-07-13T20:04:17+0200,6a5532f0-a5cc-4db7-b3a6-456c40e8ad8e,2026-06-22T13:00:00Z,2026-06-22T15:00:00+0200,220.15,MW,BE,BE,forecast_onshore_wind_generation,Wind Onshore,2026-07-13T18:04:49Z
2026-07-13T18:04:17Z,2026-07-13T20:04:17+0200,6a5532f0-a5cc-4db7-b3a6-456c40e8ad8e,2026-06-22T14:00:00Z,2026-06-22T16:00:00+0200,225.775,MW,BE,BE,forecast_onshore_wind_generation,Wind Onshore,2026-07-13T18:04:49Z
2026-07-13T18:04:17Z,2026-07-13T20:04:17+0200,6a5532f0-a5cc-4db7-b3a6-456c40e8ad8e,2026-06-22T15:00:00Z,2026-06-22T17:00:00+0200,251.6,MW,BE,BE,forecast_onshore_wind_generation,Wind Onshore,2026-07-13T18:04:49Z
2026-07-13T18:04:17Z,2026-07-13T20:04:17+0200,6a5532f0-a5cc-4db7-b3a6-456c40e8ad8e,2026-06-22T16:00:00Z,2026-06-22T18:00:00+0200,283.125,MW,BE,BE,forecast_onshore_wind_generation,Wind Onshore,2026-07-13T18:04:49Z
2026-07-13T18:04:17Z,2026-07-13T20:04:17+0200,6a5532f0-a5cc-4db7-b3a6-456c40e8ad8e,2026-06-22T17:00:00Z,2026-06-22T19:00:00+0200,322.15,MW,BE,BE,forecast_onshore_wind_generation,Wind Onshore,2026-07-13T18:04:49Z
2026-07-13T18:04:17Z,2026-07-13T20:04:17+0200,6a5532f0-a5cc-4db7-b3a6-456c40e8ad8e,2026-06-22T18:00:00Z,2026-06-22T20:00:00+0200,374.075,MW,BE,BE,forecast_onshore_wind_generation,Wind Onshore,2026-07-13T18:04:49Z
2026-07-13T18:04:17Z,2026-07-13T20:04:17+0200,6a5532f0-a5cc-4db7-b3a6-456c40e8ad8e,2026-06-22T19:00:00Z,2026-06-22T21:00:00+0200,458.4,MW,BE,BE,forecast_onshore_wind_generation,Wind Onshore,2026-07-13T18:04:49Z
2026-07-13T18:04:17Z,2026-07-13T20:04:17+0200,6a5532f0-a5cc-4db7-b3a6-456c40e8ad8e,2026-06-22T20:00:00Z,2026-06-22T22:00:00+0200,538.525,MW,BE,BE,forecast_onshore_wind_generation,Wind Onshore,2026-07-13T18:04:49Z
2026-07-13T18:04:17Z,2026-07-13T20:04:17+0200,6a5532f0-a5cc-4db7-b3a6-456c40e8ad8e,2026-06-22T21:00:00Z,2026-06-22T23:00:00+0200,571.1,MW,BE,BE,forecast_onshore_wind_generation,Wind Onshore,2026-07-13T18:04:49Z
2026-07-13T18:04:17Z,2026-07-13T20:04:17+0200,6a5532f0-a5cc-4db7-b3a6-456c40e8ad8e,2026-06-22T22:00:00Z,2026-06-23T00:00:00+0200,532.925,MW,BE,BE,forecast_onshore_wind_generation,Wind Onshore,2026-07-13T18:04:49Z
2026-07-13T18:04:17Z,2026-07-13T20:04:17+0200,6a5532f0-a5cc-4db7-b3a6-456c40e8ad8e,2026-06-22T23:00:00Z,2026-06-23T01:00:00+0200,543.425,MW,BE,BE,forecast_onshore_wind_generation,Wind Onshore,2026-07-13T18:04:49Z
2026-07-13T18:04:17Z,2026-07-13T20:04:17+0200,6a5532f0-a5cc-4db7-b3a6-456c40e8ad8e,2026-06-23T00:00:00Z,2026-06-23T02:00:00+0200,524.375,MW,BE,BE,forecast_onshore_wind_generation,Wind Onshore,2026-07-13T18:04:49Z
2026-07-13T18:04:17Z,2026-07-13T20:04:17+0200,6a5532f0-a5cc-4db7-b3a6-456c40e8ad8e,2026-06-23T01:00:00Z,2026-06-23T03:00:00+0200,479.825,MW,BE,BE,forecast_onshore_wind_generation,Wind Onshore,2026-07-13T18:04:49Z
2026-07-13T18:04:17Z,2026-07-13T20:04:17+0200,6a5532f0-a5cc-4db7-b3a6-456c40e8ad8e,2026-06-23T02:00:00Z,2026-06-23T04:00:00+0200,432.35,MW,BE,BE,forecast_onshore_wind_generation,Wind Onshore,2026-07-13T18:04:49Z
2026-07-13T18:04:17Z,2026-07-13T20:04:17+0200,6a5532f0-a5cc-4db7-b3a6-456c40e8ad8e,2026-06-23T03:00:00Z,2026-06-23T05:00:00+0200,378.05,MW,BE,BE,forecast_onshore_wind_generation,Wind Onshore,2026-07-13T18:04:49Z
2026-07-13T18:04:17Z,2026-07-13T20:04:17+0200,6a5532f0-a5cc-4db7-b3a6-456c40e8ad8e,2026-06-23T04:00:00Z,2026-06-23T06:00:00+0200,311.125,MW,BE,BE,forecast_onshore_wind_generation,Wind Onshore,2026-07-13T18:04:49Z
2026-07-13T18:04:17Z,2026-07-13T20:04:17+0200,6a5532f0-a5cc-4db7-b3a6-456c40e8ad8e,2026-06-23T05:00:00Z,2026-06-23T07:00:00+0200,216.35,MW,BE,BE,forecast_onshore_wind_generation,Wind Onshore,2026-07-13T18:04:49Z
2026-07-13T18:04:17Z,2026-07-13T20:04:17+0200,6a5532f0-a5cc-4db7-b3a6-456c40e8ad8e,2026-06-23T06:00:00Z,2026-06-23T08:00:00+0200,109.425,MW,BE,BE,forecast_onshore_wind_generation,Wind Onshore,2026-07-13T18:04:49Z
2026-07-13T18:04:17Z,2026-07-13T20:04:17+0200,6a5532f0-a5cc-4db7-b3a6-456c40e8ad8e,2026-06-23T07:00:00Z,2026-06-23T09:00:00+0200,62.55,MW,BE,BE,forecast_onshore_wind_generation,Wind Onshore,2026-07-13T18:04:49Z
2026-07-13T18:04:17Z,2026-07-13T20:04:17+0200,6a5532f0-a5cc-4db7-b3a6-456c40e8ad8e,2026-06-23T08:00:00Z,2026-06-23T10:00:00+0200,49.375,MW,BE,BE,forecast_onshore_wind_generation,Wind Onshore,2026-07-13T18:04:49Z
2026-07-13T18:04:17Z,2026-07-13T20:04:17+0200,6a5532f0-a5cc-4db7-b3a6-456c40e8ad8e,2026-06-23T09:00:00Z,2026-06-23T11:00:00+0200,50.25,MW,BE,BE,forecast_onshore_wind_generation,Wind Onshore,2026-07-13T18:04:49Z
2026-07-13T18:04:17Z,2026-07-13T20:04:17+0200,6a5532f0-a5cc-4db7-b3a6-456c40e8ad8e,2026-06-23T10:00:00Z,2026-06-23T12:00:00+0200,60.825,MW,BE,BE,forecast_onshore_wind_generation,Wind Onshore,2026-07-13T18:04:49Z
2026-07-13T18:04:17Z,2026-07-13T20:04:17+0200,6a5532f0-a5cc-4db7-b3a6-456c40e8ad8e,2026-06-23T11:00:00Z,2026-06-23T13:00:00+0200,61.675,MW,BE,BE,forecast_onshore_wind_generation,Wind Onshore,2026-07-13T18:04:49Z
2026-07-13T18:04:17Z,2026-07-13T20:04:17+0200,6a5532f0-a5cc-4db7-b3a6-456c40e8ad8e,2026-06-23T12:00:00Z,2026-06-23T14:00:00+0200,48.35,MW,BE,BE,forecast_onshore_wind_generation,Wind Onshore,2026-07-13T18:04:49Z
2026-07-13T18:04:17Z,2026-07-13T20:04:17+0200,6a5532f0-a5cc-4db7-b3a6-456c40e8ad8e,2026-06-23T13:00:00Z,2026-06-23T15:00:00+0200,36.675,MW,BE,BE,forecast_onshore_wind_generation,Wind Onshore,2026-07-13T18:04:49Z
2026-07-13T18:04:17Z,2026-07-13T20:04:17+0200,6a5532f0-a5cc-4db7-b3a6-456c40e8ad8e,2026-06-23T14:00:00Z,2026-06-23T16:00:00+0200,35.05,MW,BE,BE,forecast_onshore_wind_generation,Wind Onshore,2026-07-13T18:04:49Z
2026-07-13T18:04:17Z,2026-07-13T20:04:17+0200,6a5532f0-a5cc-4db7-b3a6-456c40e8ad8e,2026-06-23T15:00:00Z,2026-06-23T17:00:00+0200,40.45,MW,BE,BE,forecast_onshore_wind_generation,Wind Onshore,2026-07-13T18:04:49Z
2026-07-13T18:04:17Z,2026-07-13T20:04:17+0200,6a5532f0-a5cc-4db7-b3a6-456c40e8ad8e,2026-06-23T16:00:00Z,2026-06-23T18:00:00+0200,50.05,MW,BE,BE,forecast_onshore_wind_generation,Wind Onshore,2026-07-13T18:04:49Z
2026-07-13T18:04:17Z,2026-07-13T20:04:17+0200,6a5532f0-a5cc-4db7-b3a6-456c40e8ad8e,2026-06-23T17:00:00Z,2026-06-23T19:00:00+0200,67.15,MW,BE,BE,forecast_onshore_wind_generation,Wind Onshore,2026-07-13T18:04:49Z
2026-07-13T18:04:17Z,2026-07-13T20:04:17+0200,6a5532f0-a5cc-4db7-b3a6-456c40e8ad8e,2026-06-23T18:00:00Z,2026-06-23T20:00:00+0200,113.35,MW,BE,BE,forecast_onshore_wind_generation,Wind Onshore,2026-07-13T18:04:49Z
2026-07-13T18:04:17Z,2026-07-13T20:04:17+0200,6a5532f0-a5cc-4db7-b3a6-456c40e8ad8e,2026-06-23T19:00:00Z,2026-06-23T21:00:00+0200,195.975,MW,BE,BE,forecast_onshore_wind_generation,Wind Onshore,2026-07-13T18:04:49Z
2026-07-13T18:04:17Z,2026-07-13T20:04:17+0200,6a5532f0-a5cc-4db7-b3a6-456c40e8ad8e,2026-06-23T20:00:00Z,2026-06-23T22:00:00+0200,289.6,MW,BE,BE,forecast_onshore_wind_generation,Wind Onshore,2026-07-13T18:04:49Z
2026-07-13T18:04:17Z,2026-07-13T20:04:17+0200,6a5532f0-a5cc-4db7-b3a6-456c40e8ad8e,2026-06-23T21:00:00Z,2026-06-23T23:00:00+0200,373.875,MW,BE,BE,forecast_onshore_wind_generation,Wind Onshore,2026-07-13T18:04:49Z
2026-07-13T18:04:17Z,2026-07-13T20:04:17+0200,6a5532f0-a5cc-4db7-b3a6-456c40e8ad8e,2026-06-23T22:00:00Z,2026-06-24T00:00:00+0200,360.875,MW,BE,BE,forecast_onshore_wind_generation,Wind Onshore,2026-07-13T18:04:49Z
2026-07-13T18:04:17Z,2026-07-13T20:04:17+0200,6a5532f0-a5cc-4db7-b3a6-456c40e8ad8e,2026-06-23T23:00:00Z,2026-06-24T01:00:00+0200,425.5,MW,BE,BE,forecast_onshore_wind_generation,Wind Onshore,2026-07-13T18:04:49Z
2026-07-13T18:04:17Z,2026-07-13T20:04:17+0200,6a5532f0-a5cc-4db7-b3a6-456c40e8ad8e,2026-06-24T00:00:00Z,2026-06-24T02:00:00+0200,456.175,MW,BE,BE,forecast_onshore_wind_generation,Wind Onshore,2026-07-13T18:04:49Z
2026-07-13T18:04:17Z,2026-07-13T20:04:17+0200,6a5532f0-a5cc-4db7-b3a6-456c40e8ad8e,2026-06-24T01:00:00Z,2026-06-24T03:00:00+0200,444.3,MW,BE,BE,forecast_onshore_wind_generation,Wind Onshore,2026-07-13T18:04:49Z
2026-07-13T18:04:17Z,2026-07-13T20:04:17+0200,6a5532f0-a5cc-4db7-b3a6-456c40e8ad8e,2026-06-24T02:00:00Z,2026-06-24T04:00:00+0200,421.775,MW,BE,BE,forecast_onshore_wind_generation,Wind Onshore,2026-07-13T18:04:49Z
2026-07-13T18:04:17Z,2026-07-13T20:04:17+0200,6a5532f0-a5cc-4db7-b3a6-456c40e8ad8e,2026-06-24T03:00:00Z,2026-06-24T05:00:00+0200,408.975,MW,BE,BE,forecast_onshore_wind_generation,Wind Onshore,2026-07-13T18:04:49Z
2026-07-13T18:04:17Z,2026-07-13T20:04:17+0200,6a5532f0-a5cc-4db7-b3a6-456c40e8ad8e,2026-06-24T04:00:00Z,2026-06-24T06:00:00+0200,402.625,MW,BE,BE,forecast_onshore_wind_generation,Wind Onshore,2026-07-13T18:04:49Z
2026-07-13T18:04:17Z,2026-07-13T20:04:17+0200,6a5532f0-a5cc-4db7-b3a6-456c40e8ad8e,2026-06-24T05:00:00Z,2026-06-24T07:00:00+0200,410.975,MW,BE,BE,forecast_onshore_wind_generation,Wind Onshore,2026-07-13T18:04:49Z
2026-07-13T18:04:17Z,2026-07-13T20:04:17+0200,6a5532f0-a5cc-4db7-b3a6-456c40e8ad8e,2026-06-24T06:00:00Z,2026-06-24T08:00:00+0200,322.725,MW,BE,BE,forecast_onshore_wind_generation,Wind Onshore,2026-07-13T18:04:49Z
2026-07-13T18:04:17Z,2026-07-13T20:04:17+0200,6a5532f0-a5cc-4db7-b3a6-456c40e8ad8e,2026-06-24T07:00:00Z,2026-06-24T09:00:00+0200,156.25,MW,BE,BE,forecast_onshore_wind_generation,Wind Onshore,2026-07-13T18:04:49Z
2026-07-13T18:04:17Z,2026-07-13T20:04:17+0200,6a5532f0-a5cc-4db7-b3a6-456c40e8ad8e,2026-06-24T08:00:00Z,2026-06-24T10:00:00+0200,80.125,MW,BE,BE,forecast_onshore_wind_generation,Wind Onshore,2026-07-13T18:04:49Z
2026-07-13T18:04:17Z,2026-07-13T20:04:17+0200,6a5532f0-a5cc-4db7-b3a6-456c40e8ad8e,2026-06-24T09:00:00Z,2026-06-24T11:00:00+0200,63.9,MW,BE,BE,forecast_onshore_wind_generation,Wind Onshore,2026-07-13T18:04:49Z
2026-07-13T18:04:17Z,2026-07-13T20:04:17+0200,6a5532f0-a5cc-4db7-b3a6-456c40e8ad8e,2026-06-24T10:00:00Z,2026-06-24T12:00:00+0200,59.275,MW,BE,BE,forecast_onshore_wind_generation,Wind Onshore,2026-07-13T18:04:49Z
2026-07-13T18:04:17Z,2026-07-13T20:04:17+0200,6a5532f0-a5cc-4db7-b3a6-456c40e8ad8e,2026-06-24T11:00:00Z,2026-06-24T13:00:00+0200,56.275,MW,BE,BE,forecast_onshore_wind_generation,Wind Onshore,2026-07-13T18:04:49Z
2026-07-13T18:04:17Z,2026-07-13T20:04:17+0200,6a5532f0-a5cc-4db7-b3a6-456c40e8ad8e,2026-06-24T12:00:00Z,2026-06-24T14:00:00+0200,57.575,MW,BE,BE,forecast_onshore_wind_generation,Wind Onshore,2026-07-13T18:04:49Z
2026-07-13T18:04:17Z,2026-07-13T20:04:17+0200,6a5532f0-a5cc-4db7-b3a6-456c40e8ad8e,2026-06-24T13:00:00Z,2026-06-24T15:00:00+0200,60.35,MW,BE,BE,forecast_onshore_wind_generation,Wind Onshore,2026-07-13T18:04:49Z
2026-07-13T18:04:17Z,2026-07-13T20:04:17+0200,6a5532f0-a5cc-4db7-b3a6-456c40e8ad8e,2026-06-24T14:00:00Z,2026-06-24T16:00:00+0200,66.875,MW,BE,BE,forecast_onshore_wind_generation,Wind Onshore,2026-07-13T18:04:49Z
2026-07-13T18:04:17Z,2026-07-13T20:04:17+0200,6a5532f0-a5cc-4db7-b3a6-456c40e8ad8e,2026-06-24T15:00:00Z,2026-06-24T17:00:00+0200,85.35,MW,BE,BE,forecast_onshore_wind_generation,Wind Onshore,2026-07-13T18:04:49Z
2026-07-13T18:04:17Z,2026-07-13T20:04:17+0200,6a5532f0-a5cc-4db7-b3a6-456c40e8ad8e,2026-06-24T16:00:00Z,2026-06-24T18:00:00+0200,115.225,MW,BE,BE,forecast_onshore_wind_generation,Wind Onshore,2026-07-13T18:04:49Z
2026-07-13T18:04:17Z,2026-07-13T20:04:17+0200,6a5532f0-a5cc-4db7-b3a6-456c40e8ad8e,2026-06-24T17:00:00Z,2026-06-24T19:00:00+0200,152.5,MW,BE,BE,forecast_onshore_wind_generation,Wind Onshore,2026-07-13T18:04:49Z
2026-07-13T18:04:17Z,2026-07-13T20:04:17+0200,6a5532f0-a5cc-4db7-b3a6-456c40e8ad8e,2026-06-24T18:00:00Z,2026-06-24T20:00:00+0200,194.5,MW,BE,BE,forecast_onshore_wind_generation,Wind Onshore,2026-07-13T18:04:49Z
2026-07-13T18:04:17Z,2026-07-13T20:04:17+0200,6a5532f0-a5cc-4db7-b3a6-456c40e8ad8e,2026-06-24T19:00:00Z,2026-06-24T21:00:00+0200,235.275,MW,BE,BE,forecast_onshore_wind_generation,Wind Onshore,2026-07-13T18:04:49Z
2026-07-13T18:04:17Z,2026-07-13T20:04:17+0200,6a5532f0-a5cc-4db7-b3a6-456c40e8ad8e,2026-06-24T20:00:00Z,2026-06-24T22:00:00+0200,275.775,MW,BE,BE,forecast_onshore_wind_generation,Wind Onshore,2026-07-13T18:04:49Z
2026-07-13T18:04:17Z,2026-07-13T20:04:17+0200,6a5532f0-a5cc-4db7-b3a6-456c40e8ad8e,2026-06-24T21:00:00Z,2026-06-24T23:00:00+0200,303.2,MW,BE,BE,forecast_onshore_wind_generation,Wind Onshore,2026-07-13T18:04:49Z
2026-07-13T18:04:17Z,2026-07-13T20:04:17+0200,6a5532f0-a5cc-4db7-b3a6-456c40e8ad8e,2026-06-24T22:00:00Z,2026-06-25T00:00:00+0200,413.2,MW,BE,BE,forecast_onshore_wind_generation,Wind Onshore,2026-07-13T18:04:49Z
2026-07-13T18:04:17Z,2026-07-13T20:04:17+0200,6a5532f0-a5cc-4db7-b3a6-456c40e8ad8e,2026-06-24T23:00:00Z,2026-06-25T01:00:00+0200,455.725,MW,BE,BE,forecast_onshore_wind_generation,Wind Onshore,2026-07-13T18:04:49Z
2026-07-13T18:04:17Z,2026-07-13T20:04:17+0200,6a5532f0-a5cc-4db7-b3a6-456c40e8ad8e,2026-06-25T00:00:00Z,2026-06-25T02:00:00+0200,467.925,MW,BE,BE,forecast_onshore_wind_generation,Wind Onshore,2026-07-13T18:04:49Z
2026-07-13T18:04:17Z,2026-07-13T20:04:17+0200,6a5532f0-a5cc-4db7-b3a6-456c40e8ad8e,2026-06-25T01:00:00Z,2026-06-25T03:00:00+0200,447.0,MW,BE,BE,forecast_onshore_wind_generation,Wind Onshore,2026-07-13T18:04:49Z
2026-07-13T18:04:17Z,2026-07-13T20:04:17+0200,6a5532f0-a5cc-4db7-b3a6-456c40e8ad8e,2026-06-25T02:00:00Z,2026-06-25T04:00:00+0200,421.15,MW,BE,BE,forecast_onshore_wind_generation,Wind Onshore,2026-07-13T18:04:49Z
2026-07-13T18:04:17Z,2026-07-13T20:04:17+0200,6a5532f0-a5cc-4db7-b3a6-456c40e8ad8e,2026-06-25T03:00:00Z,2026-06-25T05:00:00+0200,393.7,MW,BE,BE,forecast_onshore_wind_generation,Wind Onshore,2026-07-13T18:04:49Z
2026-07-13T18:04:17Z,2026-07-13T20:04:17+0200,6a5532f0-a5cc-4db7-b3a6-456c40e8ad8e,2026-06-25T04:00:00Z,2026-06-25T06:00:00+0200,360.15,MW,BE,BE,forecast_onshore_wind_generation,Wind Onshore,2026-07-13T18:04:49Z
2026-07-13T18:04:17Z,2026-07-13T20:04:17+0200,6a5532f0-a5cc-4db7-b3a6-456c40e8ad8e,2026-06-25T05:00:00Z,2026-06-25T07:00:00+0200,289.9,MW,BE,BE,forecast_onshore_wind_generation,Wind Onshore,2026-07-13T18:04:49Z
2026-07-13T18:04:17Z,2026-07-13T20:04:17+0200,6a5532f0-a5cc-4db7-b3a6-456c40e8ad8e,2026-06-25T06:00:00Z,2026-06-25T08:00:00+0200,205.65,MW,BE,BE,forecast_onshore_wind_generation,Wind Onshore,2026-07-13T18:04:49Z
2026-07-13T18:04:17Z,2026-07-13T20:04:17+0200,6a5532f0-a5cc-4db7-b3a6-456c40e8ad8e,2026-06-25T07:00:00Z,2026-06-25T09:00:00+0200,160.25,MW,BE,BE,forecast_onshore_wind_generation,Wind Onshore,2026-07-13T18:04:49Z
2026-07-13T18:04:17Z,2026-07-13T20:04:17+0200,6a5532f0-a5cc-4db7-b3a6-456c40e8ad8e,2026-06-25T08:00:00Z,2026-06-25T10:00:00+0200,155.175,MW,BE,BE,forecast_onshore_wind_generation,Wind Onshore,2026-07-13T18:04:49Z
2026-07-13T18:04:17Z,2026-07-13T20:04:17+0200,6a5532f0-a5cc-4db7-b3a6-456c40e8ad8e,2026-06-25T09:00:00Z,2026-06-25T11:00:00+0200,167.475,MW,BE,BE,forecast_onshore_wind_generation,Wind Onshore,2026-07-13T18:04:49Z
2026-07-13T18:04:17Z,2026-07-13T20:04:17+0200,6a5532f0-a5cc-4db7-b3a6-456c40e8ad8e,2026-06-25T10:00:00Z,2026-06-25T12:00:00+0200,184.125,MW,BE,BE,forecast_onshore_wind_generation,Wind Onshore,2026-07-13T18:04:49Z
2026-07-13T18:04:17Z,2026-07-13T20:04:17+0200,6a5532f0-a5cc-4db7-b3a6-456c40e8ad8e,2026-06-25T11:00:00Z,2026-06-25T13:00:00+0200,192.85,MW,BE,BE,forecast_onshore_wind_generation,Wind Onshore,2026-07-13T18:04:49Z
2026-07-13T18:04:17Z,2026-07-13T20:04:17+0200,6a5532f0-a5cc-4db7-b3a6-456c40e8ad8e,2026-06-25T12:00:00Z,2026-06-25T14:00:00+0200,201.025,MW,BE,BE,forecast_onshore_wind_generation,Wind Onshore,2026-07-13T18:04:49Z
2026-07-13T18:04:17Z,2026-07-13T20:04:17+0200,6a5532f0-a5cc-4db7-b3a6-456c40e8ad8e,2026-06-25T13:00:00Z,2026-06-25T15:00:00+0200,220.175,MW,BE,BE,forecast_onshore_wind_generation,Wind Onshore,2026-07-13T18:04:49Z
2026-07-13T18:04:17Z,2026-07-13T20:04:17+0200,6a5532f0-a5cc-4db7-b3a6-456c40e8ad8e,2026-06-25T14:00:00Z,2026-06-25T16:00:00+0200,265.2,MW,BE,BE,forecast_onshore_wind_generation,Wind Onshore,2026-07-13T18:04:49Z
2026-07-13T18:04:17Z,2026-07-13T20:04:17+0200,6a5532f0-a5cc-4db7-b3a6-456c40e8ad8e,2026-06-25T15:00:00Z,2026-06-25T17:00:00+0200,331.05,MW,BE,BE,forecast_onshore_wind_generation,Wind Onshore,2026-07-13T18:04:49Z
2026-07-13T18:04:17Z,2026-07-13T20:04:17+0200,6a5532f0-a5cc-4db7-b3a6-456c40e8ad8e,2026-06-25T16:00:00Z,2026-06-25T18:00:00+0200,403.3,MW,BE,BE,forecast_onshore_wind_generation,Wind Onshore,2026-07-13T18:04:49Z
2026-07-13T18:04:17Z,2026-07-13T20:04:17+0200,6a5532f0-a5cc-4db7-b3a6-456c40e8ad8e,2026-06-25T17:00:00Z,2026-06-25T19:00:00+0200,487.05,MW,BE,BE,forecast_onshore_wind_generation,Wind Onshore,2026-07-13T18:04:49Z
2026-07-13T18:04:17Z,2026-07-13T20:04:17+0200,6a5532f0-a5cc-4db7-b3a6-456c40e8ad8e,2026-06-25T18:00:00Z,2026-06-25T20:00:00+0200,602.9,MW,BE,BE,forecast_onshore_wind_generation,Wind Onshore,2026-07-13T18:04:49Z
2026-07-13T18:04:17Z,2026-07-13T20:04:17+0200,6a5532f0-a5cc-4db7-b3a6-456c40e8ad8e,2026-06-25T19:00:00Z,2026-06-25T21:00:00+0200,759.025,MW,BE,BE,forecast_onshore_wind_generation,Wind Onshore,2026-07-13T18:04:49Z
2026-07-13T18:04:17Z,2026-07-13T20:04:17+0200,6a5532f0-a5cc-4db7-b3a6-456c40e8ad8e,2026-06-25T20:00:00Z,2026-06-25T22:00:00+0200,876.775,MW,BE,BE,forecast_onshore_wind_generation,Wind Onshore,2026-07-13T18:04:49Z
2026-07-13T18:04:17Z,2026-07-13T20:04:17+0200,6a5532f0-a5cc-4db7-b3a6-456c40e8ad8e,2026-06-25T21:00:00Z,2026-06-25T23:00:00+0200,922.1,MW,BE,BE,forecast_onshore_wind_generation,Wind Onshore,2026-07-13T18:04:49Z
2026-07-13T18:04:17Z,2026-07-13T20:04:17+0200,6a5532f0-a5cc-4db7-b3a6-456c40e8ad8e,2026-06-25T22:00:00Z,2026-06-26T00:00:00+0200,931.575,MW,BE,BE,forecast_onshore_wind_generation,Wind Onshore,2026-07-13T18:04:49Z
2026-07-13T18:04:17Z,2026-07-13T20:04:17+0200,6a5532f0-a5cc-4db7-b3a6-456c40e8ad8e,2026-06-25T23:00:00Z,2026-06-26T01:00:00+0200,902.075,MW,BE,BE,forecast_onshore_wind_generation,Wind Onshore,2026-07-13T18:04:49Z
2026-07-13T18:04:17Z,2026-07-13T20:04:17+0200,6a5532f0-a5cc-4db7-b3a6-456c40e8ad8e,2026-06-26T00:00:00Z,2026-06-26T02:00:00+0200,859.625,MW,BE,BE,forecast_onshore_wind_generation,Wind Onshore,2026-07-13T18:04:49Z
2026-07-13T18:04:17Z,2026-07-13T20:04:17+0200,6a5532f0-a5cc-4db7-b3a6-456c40e8ad8e,2026-06-26T01:00:00Z,2026-06-26T03:00:00+0200,828.475,MW,BE,BE,forecast_onshore_wind_generation,Wind Onshore,2026-07-13T18:04:49Z
2026-07-13T18:04:17Z,2026-07-13T20:04:17+0200,6a5532f0-a5cc-4db7-b3a6-456c40e8ad8e,2026-06-26T02:00:00Z,2026-06-26T04:00:00+0200,797.7,MW,BE,BE,forecast_onshore_wind_generation,Wind Onshore,2026-07-13T18:04:49Z
2026-07-13T18:04:17Z,2026-07-13T20:04:17+0200,6a5532f0-a5cc-4db7-b3a6-456c40e8ad8e,2026-06-26T03:00:00Z,2026-06-26T05:00:00+0200,755.5,MW,BE,BE,forecast_onshore_wind_generation,Wind Onshore,2026-07-13T18:04:49Z
2026-07-13T18:04:17Z,2026-07-13T20:04:17+0200,6a5532f0-a5cc-4db7-b3a6-456c40e8ad8e,2026-06-26T04:00:00Z,2026-06-26T06:00:00+0200,701.65,MW,BE,BE,forecast_onshore_wind_generation,Wind Onshore,2026-07-13T18:04:49Z
2026-07-13T18:04:17Z,2026-07-13T20:04:17+0200,6a5532f0-a5cc-4db7-b3a6-456c40e8ad8e,2026-06-26T05:00:00Z,2026-06-26T07:00:00+0200,622.875,MW,BE,BE,forecast_onshore_wind_generation,Wind Onshore,2026-07-13T18:04:49Z
2026-07-13T18:04:17Z,2026-07-13T20:04:17+0200,6a5532f0-a5cc-4db7-b3a6-456c40e8ad8e,2026-06-26T06:00:00Z,2026-06-26T08:00:00+0200,468.875,MW,BE,BE,forecast_onshore_wind_generation,Wind Onshore,2026-07-13T18:04:49Z
2026-07-13T18:04:17Z,2026-07-13T20:04:17+0200,6a5532f0-a5cc-4db7-b3a6-456c40e8ad8e,2026-06-26T07:00:00Z,2026-06-26T09:00:00+0200,301.35,MW,BE,BE,forecast_onshore_wind_generation,Wind Onshore,2026-07-13T18:04:49Z
2026-07-13T18:04:17Z,2026-07-13T20:04:17+0200,6a5532f0-a5cc-4db7-b3a6-456c40e8ad8e,2026-06-26T08:00:00Z,2026-06-26T10:00:00+0200,222.875,MW,BE,BE,forecast_onshore_wind_generation,Wind Onshore,2026-07-13T18:04:49Z
2026-07-13T18:04:17Z,2026-07-13T20:04:17+0200,6a5532f0-a5cc-4db7-b3a6-456c40e8ad8e,2026-06-26T09:00:00Z,2026-06-26T11:00:00+0200,188.725,MW,BE,BE,forecast_onshore_wind_generation,Wind Onshore,2026-07-13T18:04:49Z
2026-07-13T18:04:17Z,2026-07-13T20:04:17+0200,6a5532f0-a5cc-4db7-b3a6-456c40e8ad8e,2026-06-26T10:00:00Z,2026-06-26T12:00:00+0200,149.275,MW,BE,BE,forecast_onshore_wind_generation,Wind Onshore,2026-07-13T18:04:49Z
2026-07-13T18:04:17Z,2026-07-13T20:04:17+0200,6a5532f0-a5cc-4db7-b3a6-456c40e8ad8e,2026-06-26T11:00:00Z,2026-06-26T13:00:00+0200,118.475,MW,BE,BE,forecast_onshore_wind_generation,Wind Onshore,2026-07-13T18:04:49Z
2026-07-13T18:04:17Z,2026-07-13T20:04:17+0200,6a5532f0-a5cc-4db7-b3a6-456c40e8ad8e,2026-06-26T12:00:00Z,2026-06-26T14:00:00+0200,121.625,MW,BE,BE,forecast_onshore_wind_generation,Wind Onshore,2026-07-13T18:04:49Z
2026-07-13T18:04:17Z,2026-07-13T20:04:17+0200,6a5532f0-a5cc-4db7-b3a6-456c40e8ad8e,2026-06-26T13:00:00Z,2026-06-26T15:00:00+0200,130.9,MW,BE,BE,forecast_onshore_wind_generation,Wind Onshore,2026-07-13T18:04:49Z
2026-07-13T18:04:17Z,2026-07-13T20:04:17+0200,6a5532f0-a5cc-4db7-b3a6-456c40e8ad8e,2026-06-26T14:00:00Z,2026-06-26T16:00:00+0200,155.875,MW,BE,BE,forecast_onshore_wind_generation,Wind Onshore,2026-07-13T18:04:49Z
2026-07-13T18:04:17Z,2026-07-13T20:04:17+0200,6a5532f0-a5cc-4db7-b3a6-456c40e8ad8e,2026-06-26T15:00:00Z,2026-06-26T17:00:00+0200,213.875,MW,BE,BE,forecast_onshore_wind_generation,Wind Onshore,2026-07-13T18:04:49Z
2026-07-13T18:04:17Z,2026-07-13T20:04:17+0200,6a5532f0-a5cc-4db7-b3a6-456c40e8ad8e,2026-06-26T16:00:00Z,2026-06-26T18:00:00+0200,252.625,MW,BE,BE,forecast_onshore_wind_generation,Wind Onshore,2026-07-13T18:04:49Z
2026-07-13T18:04:17Z,2026-07-13T20:04:17+0200,6a5532f0-a5cc-4db7-b3a6-456c40e8ad8e,2026-06-26T17:00:00Z,2026-06-26T19:00:00+0200,266.0,MW,BE,BE,forecast_onshore_wind_generation,Wind Onshore,2026-07-13T18:04:49Z
2026-07-13T18:04:17Z,2026-07-13T20:04:17+0200,6a5532f0-a5cc-4db7-b3a6-456c40e8ad8e,2026-06-26T18:00:00Z,2026-06-26T20:00:00+0200,283.425,MW,BE,BE,forecast_onshore_wind_generation,Wind Onshore,2026-07-13T18:04:49Z
2026-07-13T18:04:17Z,2026-07-13T20:04:17+0200,6a5532f0-a5cc-4db7-b3a6-456c40e8ad8e,2026-06-26T19:00:00Z,2026-06-26T21:00:00+0200,289.65,MW,BE,BE,forecast_onshore_wind_generation,Wind Onshore,2026-07-13T18:04:49Z
2026-07-13T18:04:17Z,2026-07-13T20:04:17+0200,6a5532f0-a5cc-4db7-b3a6-456c40e8ad8e,2026-06-26T20:00:00Z,2026-06-26T22:00:00+0200,272.425,MW,BE,BE,forecast_onshore_wind_generation,Wind Onshore,2026-07-13T18:04:49Z
2026-07-13T18:04:17Z,2026-07-13T20:04:17+0200,6a5532f0-a5cc-4db7-b3a6-456c40e8ad8e,2026-06-26T21:00:00Z,2026-06-26T23:00:00+0200,257.6,MW,BE,BE,forecast_onshore_wind_generation,Wind Onshore,2026-07-13T18:04:49Z
2026-07-13T18:04:17Z,2026-07-13T20:04:17+0200,6a5532f0-a5cc-4db7-b3a6-456c40e8ad8e,2026-06-26T22:00:00Z,2026-06-27T00:00:00+0200,209.05,MW,BE,BE,forecast_onshore_wind_generation,Wind Onshore,2026-07-13T18:04:49Z
2026-07-13T18:04:17Z,2026-07-13T20:04:17+0200,6a5532f0-a5cc-4db7-b3a6-456c40e8ad8e,2026-06-26T23:00:00Z,2026-06-27T01:00:00+0200,179.575,MW,BE,BE,forecast_onshore_wind_generation,Wind Onshore,2026-07-13T18:04:49Z
2026-07-13T18:04:17Z,2026-07-13T20:04:17+0200,6a5532f0-a5cc-4db7-b3a6-456c40e8ad8e,2026-06-27T00:00:00Z,2026-06-27T02:00:00+0200,150.975,MW,BE,BE,forecast_onshore_wind_generation,Wind Onshore,2026-07-13T18:04:49Z
2026-07-13T18:04:17Z,2026-07-13T20:04:17+0200,6a5532f0-a5cc-4db7-b3a6-456c40e8ad8e,2026-06-27T01:00:00Z,2026-06-27T03:00:00+0200,126.225,MW,BE,BE,forecast_onshore_wind_generation,Wind Onshore,2026-07-13T18:04:49Z
2026-07-13T18:04:17Z,2026-07-13T20:04:17+0200,6a5532f0-a5cc-4db7-b3a6-456c40e8ad8e,2026-06-27T02:00:00Z,2026-06-27T04:00:00+0200,105.95,MW,BE,BE,forecast_onshore_wind_generation,Wind Onshore,2026-07-13T18:04:49Z
2026-07-13T18:04:17Z,2026-07-13T20:04:17+0200,6a5532f0-a5cc-4db7-b3a6-456c40e8ad8e,2026-06-27T03:00:00Z,2026-06-27T05:00:00+0200,96.4,MW,BE,BE,forecast_onshore_wind_generation,Wind Onshore,2026-07-13T18:04:49Z
2026-07-13T18:04:17Z,2026-07-13T20:04:17+0200,6a5532f0-a5cc-4db7-b3a6-456c40e8ad8e,2026-06-27T04:00:00Z,2026-06-27T06:00:00+0200,75.95,MW,BE,BE,forecast_onshore_wind_generation,Wind Onshore,2026-07-13T18:04:49Z
2026-07-13T18:04:17Z,2026-07-13T20:04:17+0200,6a5532f0-a5cc-4db7-b3a6-456c40e8ad8e,2026-06-27T05:00:00Z,2026-06-27T07:00:00+0200,72.0,MW,BE,BE,forecast_onshore_wind_generation,Wind Onshore,2026-07-13T18:04:49Z
2026-07-13T18:04:17Z,2026-07-13T20:04:17+0200,6a5532f0-a5cc-4db7-b3a6-456c40e8ad8e,2026-06-27T06:00:00Z,2026-06-27T08:00:00+0200,76.925,MW,BE,BE,forecast_onshore_wind_generation,Wind Onshore,2026-07-13T18:04:49Z
2026-07-13T18:04:17Z,2026-07-13T20:04:17+0200,6a5532f0-a5cc-4db7-b3a6-456c40e8ad8e,2026-06-27T07:00:00Z,2026-06-27T09:00:00+0200,86.125,MW,BE,BE,forecast_onshore_wind_generation,Wind Onshore,2026-07-13T18:04:49Z
2026-07-13T18:04:17Z,2026-07-13T20:04:17+0200,6a5532f0-a5cc-4db7-b3a6-456c40e8ad8e,2026-06-27T08:00:00Z,2026-06-27T10:00:00+0200,100.575,MW,BE,BE,forecast_onshore_wind_generation,Wind Onshore,2026-07-13T18:04:49Z
2026-07-13T18:04:17Z,2026-07-13T20:04:17+0200,6a5532f0-a5cc-4db7-b3a6-456c40e8ad8e,2026-06-27T09:00:00Z,2026-06-27T11:00:00+0200,118.35,MW,BE,BE,forecast_onshore_wind_generation,Wind Onshore,2026-07-13T18:04:49Z
2026-07-13T18:04:17Z,2026-07-13T20:04:17+0200,6a5532f0-a5cc-4db7-b3a6-456c40e8ad8e,2026-06-27T10:00:00Z,2026-06-27T12:00:00+0200,114.2,MW,BE,BE,forecast_onshore_wind_generation,Wind Onshore,2026-07-13T18:04:49Z
2026-07-13T18:04:17Z,2026-07-13T20:04:17+0200,6a5532f0-a5cc-4db7-b3a6-456c40e8ad8e,2026-06-27T11:00:00Z,2026-06-27T13:00:00+0200,95.849999,MW,BE,BE,forecast_onshore_wind_generation,Wind Onshore,2026-07-13T18:04:49Z
2026-07-13T18:04:17Z,2026-07-13T20:04:17+0200,6a5532f0-a5cc-4db7-b3a6-456c40e8ad8e,2026-06-27T12:00:00Z,2026-06-27T14:00:00+0200,83.599999,MW,BE,BE,forecast_onshore_wind_generation,Wind Onshore,2026-07-13T18:04:49Z
2026-07-13T18:04:17Z,2026-07-13T20:04:17+0200,6a5532f0-a5cc-4db7-b3a6-456c40e8ad8e,2026-06-27T13:00:00Z,2026-06-27T15:00:00+0200,90.474999,MW,BE,BE,forecast_onshore_wind_generation,Wind Onshore,2026-07-13T18:04:49Z
2026-07-13T18:04:17Z,2026-07-13T20:04:17+0200,6a5532f0-a5cc-4db7-b3a6-456c40e8ad8e,2026-06-27T14:00:00Z,2026-06-27T16:00:00+0200,113.25,MW,BE,BE,forecast_onshore_wind_generation,Wind Onshore,2026-07-13T18:04:49Z
2026-07-13T18:04:17Z,2026-07-13T20:04:17+0200,6a5532f0-a5cc-4db7-b3a6-456c40e8ad8e,2026-06-27T15:00:00Z,2026-06-27T17:00:00+0200,183.1,MW,BE,BE,forecast_onshore_wind_generation,Wind Onshore,2026-07-13T18:04:49Z
2026-07-13T18:04:17Z,2026-07-13T20:04:17+0200,6a5532f0-a5cc-4db7-b3a6-456c40e8ad8e,2026-06-27T16:00:00Z,2026-06-27T18:00:00+0200,239.575,MW,BE,BE,forecast_onshore_wind_generation,Wind Onshore,2026-07-13T18:04:49Z
2026-07-13T18:04:17Z,2026-07-13T20:04:17+0200,6a5532f0-a5cc-4db7-b3a6-456c40e8ad8e,2026-06-27T17:00:00Z,2026-06-27T19:00:00+0200,239.775,MW,BE,BE,forecast_onshore_wind_generation,Wind Onshore,2026-07-13T18:04:49Z
2026-07-13T18:04:17Z,2026-07-13T20:04:17+0200,6a5532f0-a5cc-4db7-b3a6-456c40e8ad8e,2026-06-27T18:00:00Z,2026-06-27T20:00:00+0200,222.675,MW,BE,BE,forecast_onshore_wind_generation,Wind Onshore,2026-07-13T18:04:49Z
2026-07-13T18:04:17Z,2026-07-13T20:04:17+0200,6a5532f0-a5cc-4db7-b3a6-456c40e8ad8e,2026-06-27T19:00:00Z,2026-06-27T21:00:00+0200,228.85,MW,BE,BE,forecast_onshore_wind_generation,Wind Onshore,2026-07-13T18:04:49Z
2026-07-13T18:04:17Z,2026-07-13T20:04:17+0200,6a5532f0-a5cc-4db7-b3a6-456c40e8ad8e,2026-06-27T20:00:00Z,2026-06-27T22:00:00+0200,260.725,MW,BE,BE,forecast_onshore_wind_generation,Wind Onshore,2026-07-13T18:04:49Z
2026-07-13T18:04:17Z,2026-07-13T20:04:17+0200,6a5532f0-a5cc-4db7-b3a6-456c40e8ad8e,2026-06-27T21:00:00Z,2026-06-27T23:00:00+0200,289.925,MW,BE,BE,forecast_onshore_wind_generation,Wind Onshore,2026-07-13T18:04:49Z
2026-07-13T18:04:17Z,2026-07-13T20:04:17+0200,6a5532f0-a5cc-4db7-b3a6-456c40e8ad8e,2026-06-27T22:00:00Z,2026-06-28T00:00:00+0200,200.25,MW,BE,BE,forecast_onshore_wind_generation,Wind Onshore,2026-07-13T18:04:49Z
2026-07-13T18:04:17Z,2026-07-13T20:04:17+0200,6a5532f0-a5cc-4db7-b3a6-456c40e8ad8e,2026-06-27T23:00:00Z,2026-06-28T01:00:00+0200,172.475,MW,BE,BE,forecast_onshore_wind_generation,Wind Onshore,2026-07-13T18:04:49Z
2026-07-13T18:04:17Z,2026-07-13T20:04:17+0200,6a5532f0-a5cc-4db7-b3a6-456c40e8ad8e,2026-06-28T00:00:00Z,2026-06-28T02:00:00+0200,175.4,MW,BE,BE,forecast_onshore_wind_generation,Wind Onshore,2026-07-13T18:04:49Z
2026-07-13T18:04:17Z,2026-07-13T20:04:17+0200,6a5532f0-a5cc-4db7-b3a6-456c40e8ad8e,2026-06-28T01:00:00Z,2026-06-28T03:00:00+0200,188.3,MW,BE,BE,forecast_onshore_wind_generation,Wind Onshore,2026-07-13T18:04:49Z
2026-07-13T18:04:17Z,2026-07-13T20:04:17+0200,6a5532f0-a5cc-4db7-b3a6-456c40e8ad8e,2026-06-28T02:00:00Z,2026-06-28T04:00:00+0200,196.45,MW,BE,BE,forecast_onshore_wind_generation,Wind Onshore,2026-07-13T18:04:49Z
2026-07-13T18:04:17Z,2026-07-13T20:04:17+0200,6a5532f0-a5cc-4db7-b3a6-456c40e8ad8e,2026-06-28T03:00:00Z,2026-06-28T05:00:00+0200,214.05,MW,BE,BE,forecast_onshore_wind_generation,Wind Onshore,2026-07-13T18:04:49Z
2026-07-13T18:04:17Z,2026-07-13T20:04:17+0200,6a5532f0-a5cc-4db7-b3a6-456c40e8ad8e,2026-06-28T04:00:00Z,2026-06-28T06:00:00+0200,221.375,MW,BE,BE,forecast_onshore_wind_generation,Wind Onshore,2026-07-13T18:04:49Z
2026-07-13T18:04:17Z,2026-07-13T20:04:17+0200,6a5532f0-a5cc-4db7-b3a6-456c40e8ad8e,2026-06-28T05:00:00Z,2026-06-28T07:00:00+0200,183.925,MW,BE,BE,forecast_onshore_wind_generation,Wind Onshore,2026-07-13T18:04:49Z
2026-07-13T18:04:17Z,2026-07-13T20:04:17+0200,6a5532f0-a5cc-4db7-b3a6-456c40e8ad8e,2026-06-28T06:00:00Z,2026-06-28T08:00:00+0200,139.325,MW,BE,BE,forecast_onshore_wind_generation,Wind Onshore,2026-07-13T18:04:49Z
2026-07-13T18:04:17Z,2026-07-13T20:04:17+0200,6a5532f0-a5cc-4db7-b3a6-456c40e8ad8e,2026-06-28T07:00:00Z,2026-06-28T09:00:00+0200,145.0,MW,BE,BE,forecast_onshore_wind_generation,Wind Onshore,2026-07-13T18:04:49Z
2026-07-13T18:04:17Z,2026-07-13T20:04:17+0200,6a5532f0-a5cc-4db7-b3a6-456c40e8ad8e,2026-06-28T08:00:00Z,2026-06-28T10:00:00+0200,158.175,MW,BE,BE,forecast_onshore_wind_generation,Wind Onshore,2026-07-13T18:04:49Z
2026-07-13T18:04:17Z,2026-07-13T20:04:17+0200,6a5532f0-a5cc-4db7-b3a6-456c40e8ad8e,2026-06-28T09:00:00Z,2026-06-28T11:00:00+0200,167.45,MW,BE,BE,forecast_onshore_wind_generation,Wind Onshore,2026-07-13T18:04:49Z
2026-07-13T18:04:17Z,2026-07-13T20:04:17+0200,6a5532f0-a5cc-4db7-b3a6-456c40e8ad8e,2026-06-28T10:00:00Z,2026-06-28T12:00:00+0200,197.275,MW,BE,BE,forecast_onshore_wind_generation,Wind Onshore,2026-07-13T18:04:49Z
2026-07-13T18:04:17Z,2026-07-13T20:04:17+0200,6a5532f0-a5cc-4db7-b3a6-456c40e8ad8e,2026-06-28T11:00:00Z,2026-06-28T13:00:00+0200,246.075,MW,BE,BE,forecast_onshore_wind_generation,Wind Onshore,2026-07-13T18:04:49Z
2026-07-13T18:04:17Z,2026-07-13T20:04:17+0200,6a5532f0-a5cc-4db7-b3a6-456c40e8ad8e,2026-06-28T12:00:00Z,2026-06-28T14:00:00+0200,285.2,MW,BE,BE,forecast_onshore_wind_generation,Wind Onshore,2026-07-13T18:04:49Z
2026-07-13T18:04:17Z,2026-07-13T20:04:17+0200,6a5532f0-a5cc-4db7-b3a6-456c40e8ad8e,2026-06-28T13:00:00Z,2026-06-28T15:00:00+0200,323.425,MW,BE,BE,forecast_onshore_wind_generation,Wind Onshore,2026-07-13T18:04:49Z
2026-07-13T18:04:17Z,2026-07-13T20:04:17+0200,6a5532f0-a5cc-4db7-b3a6-456c40e8ad8e,2026-06-28T14:00:00Z,2026-06-28T16:00:00+0200,326.75,MW,BE,BE,forecast_onshore_wind_generation,Wind Onshore,2026-07-13T18:04:49Z
2026-07-13T18:04:17Z,2026-07-13T20:04:17+0200,6a5532f0-a5cc-4db7-b3a6-456c40e8ad8e,2026-06-28T15:00:00Z,2026-06-28T17:00:00+0200,310.175,MW,BE,BE,forecast_onshore_wind_generation,Wind Onshore,2026-07-13T18:04:49Z
2026-07-13T18:04:17Z,2026-07-13T20:04:17+0200,6a5532f0-a5cc-4db7-b3a6-456c40e8ad8e,2026-06-28T16:00:00Z,2026-06-28T18:00:00+0200,332.825,MW,BE,BE,forecast_onshore_wind_generation,Wind Onshore,2026-07-13T18:04:49Z
2026-07-13T18:04:17Z,2026-07-13T20:04:17+0200,6a5532f0-a5cc-4db7-b3a6-456c40e8ad8e,2026-06-28T17:00:00Z,2026-06-28T19:00:00+0200,333.875,MW,BE,BE,forecast_onshore_wind_generation,Wind Onshore,2026-07-13T18:04:49Z
2026-07-13T18:04:17Z,2026-07-13T20:04:17+0200,6a5532f0-a5cc-4db7-b3a6-456c40e8ad8e,2026-06-28T18:00:00Z,2026-06-28T20:00:00+0200,322.625,MW,BE,BE,forecast_onshore_wind_generation,Wind Onshore,2026-07-13T18:04:49Z
2026-07-13T18:04:17Z,2026-07-13T20:04:17+0200,6a5532f0-a5cc-4db7-b3a6-456c40e8ad8e,2026-06-28T19:00:00Z,2026-06-28T21:00:00+0200,300.4,MW,BE,BE,forecast_onshore_wind_generation,Wind Onshore,2026-07-13T18:04:49Z
2026-07-13T18:04:17Z,2026-07-13T20:04:17+0200,6a5532f0-a5cc-4db7-b3a6-456c40e8ad8e,2026-06-28T20:00:00Z,2026-06-28T22:00:00+0200,277.025,MW,BE,BE,forecast_onshore_wind_generation,Wind Onshore,2026-07-13T18:04:49Z
2026-07-13T18:04:17Z,2026-07-13T20:04:17+0200,6a5532f0-a5cc-4db7-b3a6-456c40e8ad8e,2026-06-28T21:00:00Z,2026-06-28T23:00:00+0200,293.425,MW,BE,BE,forecast_onshore_wind_generation,Wind Onshore,2026-07-13T18:04:49Z
2026-07-13T18:04:17Z,2026-07-13T20:04:17+0200,6a5532f0-a5cc-4db7-b3a6-456c40e8ad8e,2026-06-28T22:00:00Z,2026-06-29T00:00:00+0200,346.35,MW,BE,BE,forecast_onshore_wind_generation,Wind Onshore,2026-07-13T18:04:49Z
2026-07-13T18:04:17Z,2026-07-13T20:04:17+0200,6a5532f0-a5cc-4db7-b3a6-456c40e8ad8e,2026-06-28T23:00:00Z,2026-06-29T01:00:00+0200,365.075,MW,BE,BE,forecast_onshore_wind_generation,Wind Onshore,2026-07-13T18:04:49Z
2026-07-13T18:04:17Z,2026-07-13T20:04:17+0200,6a5532f0-a5cc-4db7-b3a6-456c40e8ad8e,2026-06-29T00:00:00Z,2026-06-29T02:00:00+0200,385.975,MW,BE,BE,forecast_onshore_wind_generation,Wind Onshore,2026-07-13T18:04:49Z
2026-07-13T18:04:17Z,2026-07-13T20:04:17+0200,6a5532f0-a5cc-4db7-b3a6-456c40e8ad8e,2026-06-29T01:00:00Z,2026-06-29T03:00:00+0200,393.525,MW,BE,BE,forecast_onshore_wind_generation,Wind Onshore,2026-07-13T18:04:49Z
2026-07-13T18:04:17Z,2026-07-13T20:04:17+0200,6a5532f0-a5cc-4db7-b3a6-456c40e8ad8e,2026-06-29T02:00:00Z,2026-06-29T04:00:00+0200,365.15,MW,BE,BE,forecast_onshore_wind_generation,Wind Onshore,2026-07-13T18:04:49Z
2026-07-13T18:04:17Z,2026-07-13T20:04:17+0200,6a5532f0-a5cc-4db7-b3a6-456c40e8ad8e,2026-06-29T03:00:00Z,2026-06-29T05:00:00+0200,327.275,MW,BE,BE,forecast_onshore_wind_generation,Wind Onshore,2026-07-13T18:04:49Z
2026-07-13T18:04:17Z,2026-07-13T20:04:17+0200,6a5532f0-a5cc-4db7-b3a6-456c40e8ad8e,2026-06-29T04:00:00Z,2026-06-29T06:00:00+0200,294.325,MW,BE,BE,forecast_onshore_wind_generation,Wind Onshore,2026-07-13T18:04:49Z
2026-07-13T18:04:17Z,2026-07-13T20:04:17+0200,6a5532f0-a5cc-4db7-b3a6-456c40e8ad8e,2026-06-29T05:00:00Z,2026-06-29T07:00:00+0200,247.8,MW,BE,BE,forecast_onshore_wind_generation,Wind Onshore,2026-07-13T18:04:49Z
2026-07-13T18:04:17Z,2026-07-13T20:04:17+0200,6a5532f0-a5cc-4db7-b3a6-456c40e8ad8e,2026-06-29T06:00:00Z,2026-06-29T08:00:00+0200,205.1,MW,BE,BE,forecast_onshore_wind_generation,Wind Onshore,2026-07-13T18:04:49Z
2026-07-13T18:04:17Z,2026-07-13T20:04:17+0200,6a5532f0-a5cc-4db7-b3a6-456c40e8ad8e,2026-06-29T07:00:00Z,2026-06-29T09:00:00+0200,179.35,MW,BE,BE,forecast_onshore_wind_generation,Wind Onshore,2026-07-13T18:04:49Z
2026-07-13T18:04:17Z,2026-07-13T20:04:17+0200,6a5532f0-a5cc-4db7-b3a6-456c40e8ad8e,2026-06-29T08:00:00Z,2026-06-29T10:00:00+0200,165.775,MW,BE,BE,forecast_onshore_wind_generation,Wind Onshore,2026-07-13T18:04:49Z
2026-07-13T18:04:17Z,2026-07-13T20:04:17+0200,6a5532f0-a5cc-4db7-b3a6-456c40e8ad8e,2026-06-29T09:00:00Z,2026-06-29T11:00:00+0200,156.8,MW,BE,BE,forecast_onshore_wind_generation,Wind Onshore,2026-07-13T18:04:49Z
2026-07-13T18:04:17Z,2026-07-13T20:04:17+0200,6a5532f0-a5cc-4db7-b3a6-456c40e8ad8e,2026-06-29T10:00:00Z,2026-06-29T12:00:00+0200,162.0,MW,BE,BE,forecast_onshore_wind_generation,Wind Onshore,2026-07-13T18:04:49Z
2026-07-13T18:04:17Z,2026-07-13T20:04:17+0200,6a5532f0-a5cc-4db7-b3a6-456c40e8ad8e,2026-06-29T11:00:00Z,2026-06-29T13:00:00+0200,185.975,MW,BE,BE,forecast_onshore_wind_generation,Wind Onshore,2026-07-13T18:04:49Z
2026-07-13T18:04:17Z,2026-07-13T20:04:17+0200,6a5532f0-a5cc-4db7-b3a6-456c40e8ad8e,2026-06-29T12:00:00Z,2026-06-29T14:00:00+0200,212.275,MW,BE,BE,forecast_onshore_wind_generation,Wind Onshore,2026-07-13T18:04:49Z
2026-07-13T18:04:17Z,2026-07-13T20:04:17+0200,6a5532f0-a5cc-4db7-b3a6-456c40e8ad8e,2026-06-29T13:00:00Z,2026-06-29T15:00:00+0200,229.25,MW,BE,BE,forecast_onshore_wind_generation,Wind Onshore,2026-07-13T18:04:49Z
2026-07-13T18:04:17Z,2026-07-13T20:04:17+0200,6a5532f0-a5cc-4db7-b3a6-456c40e8ad8e,2026-06-29T14:00:00Z,2026-06-29T16:00:00+0200,234.925,MW,BE,BE,forecast_onshore_wind_generation,Wind Onshore,2026-07-13T18:04:49Z
2026-07-13T18:04:17Z,2026-07-13T20:04:17+0200,6a5532f0-a5cc-4db7-b3a6-456c40e8ad8e,2026-06-29T15:00:00Z,2026-06-29T17:00:00+0200,228.65,MW,BE,BE,forecast_onshore_wind_generation,Wind Onshore,2026-07-13T18:04:49Z
2026-07-13T18:04:17Z,2026-07-13T20:04:17+0200,6a5532f0-a5cc-4db7-b3a6-456c40e8ad8e,2026-06-29T16:00:00Z,2026-06-29T18:00:00+0200,218.675,MW,BE,BE,forecast_onshore_wind_generation,Wind Onshore,2026-07-13T18:04:49Z
2026-07-13T18:04:17Z,2026-07-13T20:04:17+0200,6a5532f0-a5cc-4db7-b3a6-456c40e8ad8e,2026-06-29T17:00:00Z,2026-06-29T19:00:00+0200,210.525,MW,BE,BE,forecast_onshore_wind_generation,Wind Onshore,2026-07-13T18:04:49Z
2026-07-13T18:04:17Z,2026-07-13T20:04:17+0200,6a5532f0-a5cc-4db7-b3a6-456c40e8ad8e,2026-06-29T18:00:00Z,2026-06-29T20:00:00+0200,223.475,MW,BE,BE,forecast_onshore_wind_generation,Wind Onshore,2026-07-13T18:04:49Z
2026-07-13T18:04:17Z,2026-07-13T20:04:17+0200,6a5532f0-a5cc-4db7-b3a6-456c40e8ad8e,2026-06-29T19:00:00Z,2026-06-29T21:00:00+0200,282.925,MW,BE,BE,forecast_onshore_wind_generation,Wind Onshore,2026-07-13T18:04:49Z
2026-07-13T18:04:17Z,2026-07-13T20:04:17+0200,6a5532f0-a5cc-4db7-b3a6-456c40e8ad8e,2026-06-29T20:00:00Z,2026-06-29T22:00:00+0200,342.825,MW,BE,BE,forecast_onshore_wind_generation,Wind Onshore,2026-07-13T18:04:49Z
2026-07-13T18:04:17Z,2026-07-13T20:04:17+0200,6a5532f0-a5cc-4db7-b3a6-456c40e8ad8e,2026-06-29T21:00:00Z,2026-06-29T23:00:00+0200,335.275,MW,BE,BE,forecast_onshore_wind_generation,Wind Onshore,2026-07-13T18:04:49Z
2026-07-13T18:04:17Z,2026-07-13T20:04:17+0200,6a5532f0-a5cc-4db7-b3a6-456c40e8ad8e,2026-06-29T22:00:00Z,2026-06-30T00:00:00+0200,232.45,MW,BE,BE,forecast_onshore_wind_generation,Wind Onshore,2026-07-13T18:04:49Z
2026-07-13T18:04:17Z,2026-07-13T20:04:17+0200,6a5532f0-a5cc-4db7-b3a6-456c40e8ad8e,2026-06-29T23:00:00Z,2026-06-30T01:00:00+0200,186.475,MW,BE,BE,forecast_onshore_wind_generation,Wind Onshore,2026-07-13T18:04:49Z
2026-07-13T18:04:17Z,2026-07-13T20:04:17+0200,6a5532f0-a5cc-4db7-b3a6-456c40e8ad8e,2026-06-30T00:00:00Z,2026-06-30T02:00:00+0200,143.2,MW,BE,BE,forecast_onshore_wind_generation,Wind Onshore,2026-07-13T18:04:49Z
2026-07-13T18:04:17Z,2026-07-13T20:04:17+0200,6a5532f0-a5cc-4db7-b3a6-456c40e8ad8e,2026-06-30T01:00:00Z,2026-06-30T03:00:00+0200,105.4,MW,BE,BE,forecast_onshore_wind_generation,Wind Onshore,2026-07-13T18:04:49Z
2026-07-13T18:04:17Z,2026-07-13T20:04:17+0200,6a5532f0-a5cc-4db7-b3a6-456c40e8ad8e,2026-06-30T02:00:00Z,2026-06-30T04:00:00+0200,74.1,MW,BE,BE,forecast_onshore_wind_generation,Wind Onshore,2026-07-13T18:04:49Z
2026-07-13T18:04:17Z,2026-07-13T20:04:17+0200,6a5532f0-a5cc-4db7-b3a6-456c40e8ad8e,2026-06-30T03:00:00Z,2026-06-30T05:00:00+0200,55.975,MW,BE,BE,forecast_onshore_wind_generation,Wind Onshore,2026-07-13T18:04:49Z
2026-07-13T18:04:17Z,2026-07-13T20:04:17+0200,6a5532f0-a5cc-4db7-b3a6-456c40e8ad8e,2026-06-30T04:00:00Z,2026-06-30T06:00:00+0200,39.75,MW,BE,BE,forecast_onshore_wind_generation,Wind Onshore,2026-07-13T18:04:49Z
2026-07-13T18:04:17Z,2026-07-13T20:04:17+0200,6a5532f0-a5cc-4db7-b3a6-456c40e8ad8e,2026-06-30T05:00:00Z,2026-06-30T07:00:00+0200,25.35,MW,BE,BE,forecast_onshore_wind_generation,Wind Onshore,2026-07-13T18:04:49Z
2026-07-13T18:04:17Z,2026-07-13T20:04:17+0200,6a5532f0-a5cc-4db7-b3a6-456c40e8ad8e,2026-06-30T06:00:00Z,2026-06-30T08:00:00+0200,12.3,MW,BE,BE,forecast_onshore_wind_generation,Wind Onshore,2026-07-13T18:04:49Z
2026-07-13T18:04:17Z,2026-07-13T20:04:17+0200,6a5532f0-a5cc-4db7-b3a6-456c40e8ad8e,2026-06-30T07:00:00Z,2026-06-30T09:00:00+0200,10.6,MW,BE,BE,forecast_onshore_wind_generation,Wind Onshore,2026-07-13T18:04:49Z
2026-07-13T18:04:17Z,2026-07-13T20:04:17+0200,6a5532f0-a5cc-4db7-b3a6-456c40e8ad8e,2026-06-30T08:00:00Z,2026-06-30T10:00:00+0200,10.725,MW,BE,BE,forecast_onshore_wind_generation,Wind Onshore,2026-07-13T18:04:49Z
2026-07-13T18:04:17Z,2026-07-13T20:04:17+0200,6a5532f0-a5cc-4db7-b3a6-456c40e8ad8e,2026-06-30T09:00:00Z,2026-06-30T11:00:00+0200,13.375,MW,BE,BE,forecast_onshore_wind_generation,Wind Onshore,2026-07-13T18:04:49Z
2026-07-13T18:04:17Z,2026-07-13T20:04:17+0200,6a5532f0-a5cc-4db7-b3a6-456c40e8ad8e,2026-06-30T10:00:00Z,2026-06-30T12:00:00+0200,31.5,MW,BE,BE,forecast_onshore_wind_generation,Wind Onshore,2026-07-13T18:04:49Z
2026-07-13T18:04:17Z,2026-07-13T20:04:17+0200,6a5532f0-a5cc-4db7-b3a6-456c40e8ad8e,2026-06-30T11:00:00Z,2026-06-30T13:00:00+0200,93.0,MW,BE,BE,forecast_onshore_wind_generation,Wind Onshore,2026-07-13T18:04:49Z
2026-07-13T18:04:17Z,2026-07-13T20:04:17+0200,6a5532f0-a5cc-4db7-b3a6-456c40e8ad8e,2026-06-30T12:00:00Z,2026-06-30T14:00:00+0200,172.4,MW,BE,BE,forecast_onshore_wind_generation,Wind Onshore,2026-07-13T18:04:49Z
2026-07-13T18:04:17Z,2026-07-13T20:04:17+0200,6a5532f0-a5cc-4db7-b3a6-456c40e8ad8e,2026-06-30T13:00:00Z,2026-06-30T15:00:00+0200,204.675,MW,BE,BE,forecast_onshore_wind_generation,Wind Onshore,2026-07-13T18:04:49Z
2026-07-13T18:04:17Z,2026-07-13T20:04:17+0200,6a5532f0-a5cc-4db7-b3a6-456c40e8ad8e,2026-06-30T14:00:00Z,2026-06-30T16:00:00+0200,200.25,MW,BE,BE,forecast_onshore_wind_generation,Wind Onshore,2026-07-13T18:04:49Z
2026-07-13T18:04:17Z,2026-07-13T20:04:17+0200,6a5532f0-a5cc-4db7-b3a6-456c40e8ad8e,2026-06-30T15:00:00Z,2026-06-30T17:00:00+0200,177.35,MW,BE,BE,forecast_onshore_wind_generation,Wind Onshore,2026-07-13T18:04:49Z
2026-07-13T18:04:17Z,2026-07-13T20:04:17+0200,6a5532f0-a5cc-4db7-b3a6-456c40e8ad8e,2026-06-30T16:00:00Z,2026-06-30T18:00:00+0200,163.275,MW,BE,BE,forecast_onshore_wind_generation,Wind Onshore,2026-07-13T18:04:49Z
2026-07-13T18:04:17Z,2026-07-13T20:04:17+0200,6a5532f0-a5cc-4db7-b3a6-456c40e8ad8e,2026-06-30T17:00:00Z,2026-06-30T19:00:00+0200,152.875,MW,BE,BE,forecast_onshore_wind_generation,Wind Onshore,2026-07-13T18:04:49Z
2026-07-13T18:04:17Z,2026-07-13T20:04:17+0200,6a5532f0-a5cc-4db7-b3a6-456c40e8ad8e,2026-06-30T18:00:00Z,2026-06-30T20:00:00+0200,127.3,MW,BE,BE,forecast_onshore_wind_generation,Wind Onshore,2026-07-13T18:04:49Z
2026-07-13T18:04:17Z,2026-07-13T20:04:17+0200,6a5532f0-a5cc-4db7-b3a6-456c40e8ad8e,2026-06-30T19:00:00Z,2026-06-30T21:00:00+0200,111.1,MW,BE,BE,forecast_onshore_wind_generation,Wind Onshore,2026-07-13T18:04:49Z
2026-07-13T18:04:17Z,2026-07-13T20:04:17+0200,6a5532f0-a5cc-4db7-b3a6-456c40e8ad8e,2026-06-30T20:00:00Z,2026-06-30T22:00:00+0200,94.925,MW,BE,BE,forecast_onshore_wind_generation,Wind Onshore,2026-07-13T18:04:49Z
2026-07-13T18:04:17Z,2026-07-13T20:04:17+0200,6a5532f0-a5cc-4db7-b3a6-456c40e8ad8e,2026-06-30T21:00:00Z,2026-06-30T23:00:00+0200,94.475,MW,BE,BE,forecast_onshore_wind_generation,Wind Onshore,2026-07-13T18:04:49Z
2026-07-13T18:04:17Z,2026-07-13T20:04:17+0200,6a5532f0-a5cc-4db7-b3a6-456c40e8ad8e,2026-06-30T22:00:00Z,2026-07-01T00:00:00+0200,98.4,MW,BE,BE,forecast_onshore_wind_generation,Wind Onshore,2026-07-13T18:04:49Z
2026-07-13T18:04:17Z,2026-07-13T20:04:17+0200,6a5532f0-a5cc-4db7-b3a6-456c40e8ad8e,2026-06-30T23:00:00Z,2026-07-01T01:00:00+0200,123.95,MW,BE,BE,forecast_onshore_wind_generation,Wind Onshore,2026-07-13T18:04:49Z
2026-07-13T18:04:17Z,2026-07-13T20:04:17+0200,6a5532f0-a5cc-4db7-b3a6-456c40e8ad8e,2026-07-01T00:00:00Z,2026-07-01T02:00:00+0200,155.675,MW,BE,BE,forecast_onshore_wind_generation,Wind Onshore,2026-07-13T18:04:49Z
2026-07-13T18:04:17Z,2026-07-13T20:04:17+0200,6a5532f0-a5cc-4db7-b3a6-456c40e8ad8e,2026-07-01T01:00:00Z,2026-07-01T03:00:00+0200,188.525,MW,BE,BE,forecast_onshore_wind_generation,Wind Onshore,2026-07-13T18:04:49Z
2026-07-13T18:04:17Z,2026-07-13T20:04:17+0200,6a5532f0-a5cc-4db7-b3a6-456c40e8ad8e,2026-07-01T02:00:00Z,2026-07-01T04:00:00+0200,208.3,MW,BE,BE,forecast_onshore_wind_generation,Wind Onshore,2026-07-13T18:04:49Z
2026-07-13T18:04:17Z,2026-07-13T20:04:17+0200,6a5532f0-a5cc-4db7-b3a6-456c40e8ad8e,2026-07-01T03:00:00Z,2026-07-01T05:00:00+0200,228.2,MW,BE,BE,forecast_onshore_wind_generation,Wind Onshore,2026-07-13T18:04:49Z
2026-07-13T18:04:17Z,2026-07-13T20:04:17+0200,6a5532f0-a5cc-4db7-b3a6-456c40e8ad8e,2026-07-01T04:00:00Z,2026-07-01T06:00:00+0200,238.725,MW,BE,BE,forecast_onshore_wind_generation,Wind Onshore,2026-07-13T18:04:49Z
2026-07-13T18:04:17Z,2026-07-13T20:04:17+0200,6a5532f0-a5cc-4db7-b3a6-456c40e8ad8e,2026-07-01T05:00:00Z,2026-07-01T07:00:00+0200,196.05,MW,BE,BE,forecast_onshore_wind_generation,Wind Onshore,2026-07-13T18:04:49Z
2026-07-13T18:04:17Z,2026-07-13T20:04:17+0200,6a5532f0-a5cc-4db7-b3a6-456c40e8ad8e,2026-07-01T06:00:00Z,2026-07-01T08:00:00+0200,144.65,MW,BE,BE,forecast_onshore_wind_generation,Wind Onshore,2026-07-13T18:04:49Z
2026-07-13T18:04:17Z,2026-07-13T20:04:17+0200,6a5532f0-a5cc-4db7-b3a6-456c40e8ad8e,2026-07-01T07:00:00Z,2026-07-01T09:00:00+0200,149.825,MW,BE,BE,forecast_onshore_wind_generation,Wind Onshore,2026-07-13T18:04:49Z
2026-07-13T18:04:17Z,2026-07-13T20:04:17+0200,6a5532f0-a5cc-4db7-b3a6-456c40e8ad8e,2026-07-01T08:00:00Z,2026-07-01T10:00:00+0200,171.775,MW,BE,BE,forecast_onshore_wind_generation,Wind Onshore,2026-07-13T18:04:49Z
2026-07-13T18:04:17Z,2026-07-13T20:04:17+0200,6a5532f0-a5cc-4db7-b3a6-456c40e8ad8e,2026-07-01T09:00:00Z,2026-07-01T11:00:00+0200,192.9,MW,BE,BE,forecast_onshore_wind_generation,Wind Onshore,2026-07-13T18:04:49Z
2026-07-13T18:04:17Z,2026-07-13T20:04:17+0200,6a5532f0-a5cc-4db7-b3a6-456c40e8ad8e,2026-07-01T10:00:00Z,2026-07-01T12:00:00+0200,218.2,MW,BE,BE,forecast_onshore_wind_generation,Wind Onshore,2026-07-13T18:04:49Z
2026-07-13T18:04:17Z,2026-07-13T20:04:17+0200,6a5532f0-a5cc-4db7-b3a6-456c40e8ad8e,2026-07-01T11:00:00Z,2026-07-01T13:00:00+0200,253.4,MW,BE,BE,forecast_onshore_wind_generation,Wind Onshore,2026-07-13T18:04:49Z
2026-07-13T18:04:17Z,2026-07-13T20:04:17+0200,6a5532f0-a5cc-4db7-b3a6-456c40e8ad8e,2026-07-01T12:00:00Z,2026-07-01T14:00:00+0200,307.25,MW,BE,BE,forecast_onshore_wind_generation,Wind Onshore,2026-07-13T18:04:49Z
2026-07-13T18:04:17Z,2026-07-13T20:04:17+0200,6a5532f0-a5cc-4db7-b3a6-456c40e8ad8e,2026-07-01T13:00:00Z,2026-07-01T15:00:00+0200,359.025,MW,BE,BE,forecast_onshore_wind_generation,Wind Onshore,2026-07-13T18:04:49Z
2026-07-13T18:04:17Z,2026-07-13T20:04:17+0200,6a5532f0-a5cc-4db7-b3a6-456c40e8ad8e,2026-07-01T14:00:00Z,2026-07-01T16:00:00+0200,381.225,MW,BE,BE,forecast_onshore_wind_generation,Wind Onshore,2026-07-13T18:04:49Z
2026-07-13T18:04:17Z,2026-07-13T20:04:17+0200,6a5532f0-a5cc-4db7-b3a6-456c40e8ad8e,2026-07-01T15:00:00Z,2026-07-01T17:00:00+0200,390.2,MW,BE,BE,forecast_onshore_wind_generation,Wind Onshore,2026-07-13T18:04:49Z
2026-07-13T18:04:17Z,2026-07-13T20:04:17+0200,6a5532f0-a5cc-4db7-b3a6-456c40e8ad8e,2026-07-01T16:00:00Z,2026-07-01T18:00:00+0200,381.3,MW,BE,BE,forecast_onshore_wind_generation,Wind Onshore,2026-07-13T18:04:49Z
2026-07-13T18:04:17Z,2026-07-13T20:04:17+0200,6a5532f0-a5cc-4db7-b3a6-456c40e8ad8e,2026-07-01T17:00:00Z,2026-07-01T19:00:00+0200,330.6,MW,BE,BE,forecast_onshore_wind_generation,Wind Onshore,2026-07-13T18:04:49Z
2026-07-13T18:04:17Z,2026-07-13T20:04:17+0200,6a5532f0-a5cc-4db7-b3a6-456c40e8ad8e,2026-07-01T18:00:00Z,2026-07-01T20:00:00+0200,263.0,MW,BE,BE,forecast_onshore_wind_generation,Wind Onshore,2026-07-13T18:04:49Z
2026-07-13T18:04:17Z,2026-07-13T20:04:17+0200,6a5532f0-a5cc-4db7-b3a6-456c40e8ad8e,2026-07-01T19:00:00Z,2026-07-01T21:00:00+0200,212.625,MW,BE,BE,forecast_onshore_wind_generation,Wind Onshore,2026-07-13T18:04:49Z
2026-07-13T18:04:17Z,2026-07-13T20:04:17+0200,6a5532f0-a5cc-4db7-b3a6-456c40e8ad8e,2026-07-01T20:00:00Z,2026-07-01T22:00:00+0200,194.075,MW,BE,BE,forecast_onshore_wind_generation,Wind Onshore,2026-07-13T18:04:49Z
2026-07-13T18:04:17Z,2026-07-13T20:04:17+0200,6a5532f0-a5cc-4db7-b3a6-456c40e8ad8e,2026-07-01T21:00:00Z,2026-07-01T23:00:00+0200,187.075,MW,BE,BE,forecast_onshore_wind_generation,Wind Onshore,2026-07-13T18:04:49Z
2026-07-13T18:04:17Z,2026-07-13T20:04:17+0200,6a5532f0-a5cc-4db7-b3a6-456c40e8ad8e,2026-07-01T22:00:00Z,2026-07-02T00:00:00+0200,261.5,MW,BE,BE,forecast_onshore_wind_generation,Wind Onshore,2026-07-13T18:04:49Z
2026-07-13T18:04:17Z,2026-07-13T20:04:17+0200,6a5532f0-a5cc-4db7-b3a6-456c40e8ad8e,2026-07-01T23:00:00Z,2026-07-02T01:00:00+0200,346.375,MW,BE,BE,forecast_onshore_wind_generation,Wind Onshore,2026-07-13T18:04:49Z
2026-07-13T18:04:17Z,2026-07-13T20:04:17+0200,6a5532f0-a5cc-4db7-b3a6-456c40e8ad8e,2026-07-02T00:00:00Z,2026-07-02T02:00:00+0200,450.1,MW,BE,BE,forecast_onshore_wind_generation,Wind Onshore,2026-07-13T18:04:49Z
2026-07-13T18:04:17Z,2026-07-13T20:04:17+0200,6a5532f0-a5cc-4db7-b3a6-456c40e8ad8e,2026-07-02T01:00:00Z,2026-07-02T03:00:00+0200,563.625,MW,BE,BE,forecast_onshore_wind_generation,Wind Onshore,2026-07-13T18:04:49Z
2026-07-13T18:04:17Z,2026-07-13T20:04:17+0200,6a5532f0-a5cc-4db7-b3a6-456c40e8ad8e,2026-07-02T02:00:00Z,2026-07-02T04:00:00+0200,676.675,MW,BE,BE,forecast_onshore_wind_generation,Wind Onshore,2026-07-13T18:04:49Z
2026-07-13T18:04:17Z,2026-07-13T20:04:17+0200,6a5532f0-a5cc-4db7-b3a6-456c40e8ad8e,2026-07-02T03:00:00Z,2026-07-02T05:00:00+0200,758.9,MW,BE,BE,forecast_onshore_wind_generation,Wind Onshore,2026-07-13T18:04:49Z
2026-07-13T18:04:17Z,2026-07-13T20:04:17+0200,6a5532f0-a5cc-4db7-b3a6-456c40e8ad8e,2026-07-02T04:00:00Z,2026-07-02T06:00:00+0200,829.05,MW,BE,BE,forecast_onshore_wind_generation,Wind Onshore,2026-07-13T18:04:49Z
2026-07-13T18:04:17Z,2026-07-13T20:04:17+0200,6a5532f0-a5cc-4db7-b3a6-456c40e8ad8e,2026-07-02T05:00:00Z,2026-07-02T07:00:00+0200,837.075,MW,BE,BE,forecast_onshore_wind_generation,Wind Onshore,2026-07-13T18:04:49Z
2026-07-13T18:04:17Z,2026-07-13T20:04:17+0200,6a5532f0-a5cc-4db7-b3a6-456c40e8ad8e,2026-07-02T06:00:00Z,2026-07-02T08:00:00+0200,910.925,MW,BE,BE,forecast_onshore_wind_generation,Wind Onshore,2026-07-13T18:04:49Z
2026-07-13T18:04:17Z,2026-07-13T20:04:17+0200,6a5532f0-a5cc-4db7-b3a6-456c40e8ad8e,2026-07-02T07:00:00Z,2026-07-02T09:00:00+0200,1097.325,MW,BE,BE,forecast_onshore_wind_generation,Wind Onshore,2026-07-13T18:04:49Z
2026-07-13T18:04:17Z,2026-07-13T20:04:17+0200,6a5532f0-a5cc-4db7-b3a6-456c40e8ad8e,2026-07-02T08:00:00Z,2026-07-02T10:00:00+0200,1239.75,MW,BE,BE,forecast_onshore_wind_generation,Wind Onshore,2026-07-13T18:04:49Z
2026-07-13T18:04:17Z,2026-07-13T20:04:17+0200,6a5532f0-a5cc-4db7-b3a6-456c40e8ad8e,2026-07-02T09:00:00Z,2026-07-02T11:00:00+0200,1322.9,MW,BE,BE,forecast_onshore_wind_generation,Wind Onshore,2026-07-13T18:04:49Z
2026-07-13T18:04:17Z,2026-07-13T20:04:17+0200,6a5532f0-a5cc-4db7-b3a6-456c40e8ad8e,2026-07-02T10:00:00Z,2026-07-02T12:00:00+0200,1313.6,MW,BE,BE,forecast_onshore_wind_generation,Wind Onshore,2026-07-13T18:04:49Z
2026-07-13T18:04:17Z,2026-07-13T20:04:17+0200,6a5532f0-a5cc-4db7-b3a6-456c40e8ad8e,2026-07-02T11:00:00Z,2026-07-02T13:00:00+0200,1292.1,MW,BE,BE,forecast_onshore_wind_generation,Wind Onshore,2026-07-13T18:04:49Z
2026-07-13T18:04:17Z,2026-07-13T20:04:17+0200,6a5532f0-a5cc-4db7-b3a6-456c40e8ad8e,2026-07-02T12:00:00Z,2026-07-02T14:00:00+0200,1277.2,MW,BE,BE,forecast_onshore_wind_generation,Wind Onshore,2026-07-13T18:04:49Z
2026-07-13T18:04:17Z,2026-07-13T20:04:17+0200,6a5532f0-a5cc-4db7-b3a6-456c40e8ad8e,2026-07-02T13:00:00Z,2026-07-02T15:00:00+0200,1193.1,MW,BE,BE,forecast_onshore_wind_generation,Wind Onshore,2026-07-13T18:04:49Z
2026-07-13T18:04:17Z,2026-07-13T20:04:17+0200,6a5532f0-a5cc-4db7-b3a6-456c40e8ad8e,2026-07-02T14:00:00Z,2026-07-02T16:00:00+0200,1079.3,MW,BE,BE,forecast_onshore_wind_generation,Wind Onshore,2026-07-13T18:04:49Z
2026-07-13T18:04:17Z,2026-07-13T20:04:17+0200,6a5532f0-a5cc-4db7-b3a6-456c40e8ad8e,2026-07-02T15:00:00Z,2026-07-02T17:00:00+0200,983.275,MW,BE,BE,forecast_onshore_wind_generation,Wind Onshore,2026-07-13T18:04:49Z
2026-07-13T18:04:17Z,2026-07-13T20:04:17+0200,6a5532f0-a5cc-4db7-b3a6-456c40e8ad8e,2026-07-02T16:00:00Z,2026-07-02T18:00:00+0200,878.075,MW,BE,BE,forecast_onshore_wind_generation,Wind Onshore,2026-07-13T18:04:49Z
2026-07-13T18:04:17Z,2026-07-13T20:04:17+0200,6a5532f0-a5cc-4db7-b3a6-456c40e8ad8e,2026-07-02T17:00:00Z,2026-07-02T19:00:00+0200,739.225,MW,BE,BE,forecast_onshore_wind_generation,Wind Onshore,2026-07-13T18:04:49Z
2026-07-13T18:04:17Z,2026-07-13T20:04:17+0200,6a5532f0-a5cc-4db7-b3a6-456c40e8ad8e,2026-07-02T18:00:00Z,2026-07-02T20:00:00+0200,575.2,MW,BE,BE,forecast_onshore_wind_generation,Wind Onshore,2026-07-13T18:04:49Z
2026-07-13T18:04:17Z,2026-07-13T20:04:17+0200,6a5532f0-a5cc-4db7-b3a6-456c40e8ad8e,2026-07-02T19:00:00Z,2026-07-02T21:00:00+0200,407.775,MW,BE,BE,forecast_onshore_wind_generation,Wind Onshore,2026-07-13T18:04:49Z
2026-07-13T18:04:17Z,2026-07-13T20:04:17+0200,6a5532f0-a5cc-4db7-b3a6-456c40e8ad8e,2026-07-02T20:00:00Z,2026-07-02T22:00:00+0200,277.7,MW,BE,BE,forecast_onshore_wind_generation,Wind Onshore,2026-07-13T18:04:49Z
2026-07-13T18:04:17Z,2026-07-13T20:04:17+0200,6a5532f0-a5cc-4db7-b3a6-456c40e8ad8e,2026-07-02T21:00:00Z,2026-07-02T23:00:00+0200,187.1,MW,BE,BE,forecast_onshore_wind_generation,Wind Onshore,2026-07-13T18:04:49Z
2026-07-13T18:04:17Z,2026-07-13T20:04:17+0200,6a5532f0-a5cc-4db7-b3a6-456c40e8ad8e,2026-07-02T22:00:00Z,2026-07-03T00:00:00+0200,125.775,MW,BE,BE,forecast_onshore_wind_generation,Wind Onshore,2026-07-13T18:04:49Z
2026-07-13T18:04:17Z,2026-07-13T20:04:17+0200,6a5532f0-a5cc-4db7-b3a6-456c40e8ad8e,2026-07-02T23:00:00Z,2026-07-03T01:00:00+0200,86.675,MW,BE,BE,forecast_onshore_wind_generation,Wind Onshore,2026-07-13T18:04:49Z
2026-07-13T18:04:17Z,2026-07-13T20:04:17+0200,6a5532f0-a5cc-4db7-b3a6-456c40e8ad8e,2026-07-03T00:00:00Z,2026-07-03T02:00:00+0200,68.825,MW,BE,BE,forecast_onshore_wind_generation,Wind Onshore,2026-07-13T18:04:49Z
2026-07-13T18:04:17Z,2026-07-13T20:04:17+0200,6a5532f0-a5cc-4db7-b3a6-456c40e8ad8e,2026-07-03T01:00:00Z,2026-07-03T03:00:00+0200,82.575,MW,BE,BE,forecast_onshore_wind_generation,Wind Onshore,2026-07-13T18:04:49Z
2026-07-13T18:04:17Z,2026-07-13T20:04:17+0200,6a5532f0-a5cc-4db7-b3a6-456c40e8ad8e,2026-07-03T02:00:00Z,2026-07-03T04:00:00+0200,106.2,MW,BE,BE,forecast_onshore_wind_generation,Wind Onshore,2026-07-13T18:04:49Z
2026-07-13T18:04:17Z,2026-07-13T20:04:17+0200,6a5532f0-a5cc-4db7-b3a6-456c40e8ad8e,2026-07-03T03:00:00Z,2026-07-03T05:00:00+0200,133.375,MW,BE,BE,forecast_onshore_wind_generation,Wind Onshore,2026-07-13T18:04:49Z
2026-07-13T18:04:17Z,2026-07-13T20:04:17+0200,6a5532f0-a5cc-4db7-b3a6-456c40e8ad8e,2026-07-03T04:00:00Z,2026-07-03T06:00:00+0200,156.425,MW,BE,BE,forecast_onshore_wind_generation,Wind Onshore,2026-07-13T18:04:49Z
2026-07-13T18:04:17Z,2026-07-13T20:04:17+0200,6a5532f0-a5cc-4db7-b3a6-456c40e8ad8e,2026-07-03T05:00:00Z,2026-07-03T07:00:00+0200,151.35,MW,BE,BE,forecast_onshore_wind_generation,Wind Onshore,2026-07-13T18:04:49Z
2026-07-13T18:04:17Z,2026-07-13T20:04:17+0200,6a5532f0-a5cc-4db7-b3a6-456c40e8ad8e,2026-07-03T06:00:00Z,2026-07-03T08:00:00+0200,114.7,MW,BE,BE,forecast_onshore_wind_generation,Wind Onshore,2026-07-13T18:04:49Z
2026-07-13T18:04:17Z,2026-07-13T20:04:17+0200,6a5532f0-a5cc-4db7-b3a6-456c40e8ad8e,2026-07-03T07:00:00Z,2026-07-03T09:00:00+0200,120.05,MW,BE,BE,forecast_onshore_wind_generation,Wind Onshore,2026-07-13T18:04:49Z
2026-07-13T18:04:17Z,2026-07-13T20:04:17+0200,6a5532f0-a5cc-4db7-b3a6-456c40e8ad8e,2026-07-03T08:00:00Z,2026-07-03T10:00:00+0200,190.275,MW,BE,BE,forecast_onshore_wind_generation,Wind Onshore,2026-07-13T18:04:49Z
2026-07-13T18:04:17Z,2026-07-13T20:04:17+0200,6a5532f0-a5cc-4db7-b3a6-456c40e8ad8e,2026-07-03T09:00:00Z,2026-07-03T11:00:00+0200,258.8,MW,BE,BE,forecast_onshore_wind_generation,Wind Onshore,2026-07-13T18:04:49Z
2026-07-13T18:04:17Z,2026-07-13T20:04:17+0200,6a5532f0-a5cc-4db7-b3a6-456c40e8ad8e,2026-07-03T10:00:00Z,2026-07-03T12:00:00+0200,310.45,MW,BE,BE,forecast_onshore_wind_generation,Wind Onshore,2026-07-13T18:04:49Z
2026-07-13T18:04:17Z,2026-07-13T20:04:17+0200,6a5532f0-a5cc-4db7-b3a6-456c40e8ad8e,2026-07-03T11:00:00Z,2026-07-03T13:00:00+0200,352.05,MW,BE,BE,forecast_onshore_wind_generation,Wind Onshore,2026-07-13T18:04:49Z
2026-07-13T18:04:17Z,2026-07-13T20:04:17+0200,6a5532f0-a5cc-4db7-b3a6-456c40e8ad8e,2026-07-03T12:00:00Z,2026-07-03T14:00:00+0200,387.9,MW,BE,BE,forecast_onshore_wind_generation,Wind Onshore,2026-07-13T18:04:49Z
2026-07-13T18:04:17Z,2026-07-13T20:04:17+0200,6a5532f0-a5cc-4db7-b3a6-456c40e8ad8e,2026-07-03T13:00:00Z,2026-07-03T15:00:00+0200,417.2,MW,BE,BE,forecast_onshore_wind_generation,Wind Onshore,2026-07-13T18:04:49Z
2026-07-13T18:04:17Z,2026-07-13T20:04:17+0200,6a5532f0-a5cc-4db7-b3a6-456c40e8ad8e,2026-07-03T14:00:00Z,2026-07-03T16:00:00+0200,423.575,MW,BE,BE,forecast_onshore_wind_generation,Wind Onshore,2026-07-13T18:04:49Z
2026-07-13T18:04:17Z,2026-07-13T20:04:17+0200,6a5532f0-a5cc-4db7-b3a6-456c40e8ad8e,2026-07-03T15:00:00Z,2026-07-03T17:00:00+0200,411.275,MW,BE,BE,forecast_onshore_wind_generation,Wind Onshore,2026-07-13T18:04:49Z
2026-07-13T18:04:17Z,2026-07-13T20:04:17+0200,6a5532f0-a5cc-4db7-b3a6-456c40e8ad8e,2026-07-03T16:00:00Z,2026-07-03T18:00:00+0200,383.55,MW,BE,BE,forecast_onshore_wind_generation,Wind Onshore,2026-07-13T18:04:49Z
2026-07-13T18:04:17Z,2026-07-13T20:04:17+0200,6a5532f0-a5cc-4db7-b3a6-456c40e8ad8e,2026-07-03T17:00:00Z,2026-07-03T19:00:00+0200,338.775,MW,BE,BE,forecast_onshore_wind_generation,Wind Onshore,2026-07-13T18:04:49Z
2026-07-13T18:04:17Z,2026-07-13T20:04:17+0200,6a5532f0-a5cc-4db7-b3a6-456c40e8ad8e,2026-07-03T18:00:00Z,2026-07-03T20:00:00+0200,272.875,MW,BE,BE,forecast_onshore_wind_generation,Wind Onshore,2026-07-13T18:04:49Z
2026-07-13T18:04:17Z,2026-07-13T20:04:17+0200,6a5532f0-a5cc-4db7-b3a6-456c40e8ad8e,2026-07-03T19:00:00Z,2026-07-03T21:00:00+0200,202.0,MW,BE,BE,forecast_onshore_wind_generation,Wind Onshore,2026-07-13T18:04:49Z
2026-07-13T18:04:17Z,2026-07-13T20:04:17+0200,6a5532f0-a5cc-4db7-b3a6-456c40e8ad8e,2026-07-03T20:00:00Z,2026-07-03T22:00:00+0200,147.75,MW,BE,BE,forecast_onshore_wind_generation,Wind Onshore,2026-07-13T18:04:49Z
2026-07-13T18:04:17Z,2026-07-13T20:04:17+0200,6a5532f0-a5cc-4db7-b3a6-456c40e8ad8e,2026-07-03T21:00:00Z,2026-07-03T23:00:00+0200,103.525,MW,BE,BE,forecast_onshore_wind_generation,Wind Onshore,2026-07-13T18:04:49Z
2026-07-13T18:04:17Z,2026-07-13T20:04:17+0200,6a5532f0-a5cc-4db7-b3a6-456c40e8ad8e,2026-07-03T22:00:00Z,2026-07-04T00:00:00+0200,89.624999,MW,BE,BE,forecast_onshore_wind_generation,Wind Onshore,2026-07-13T18:04:49Z
2026-07-13T18:04:17Z,2026-07-13T20:04:17+0200,6a5532f0-a5cc-4db7-b3a6-456c40e8ad8e,2026-07-03T23:00:00Z,2026-07-04T01:00:00+0200,130.35,MW,BE,BE,forecast_onshore_wind_generation,Wind Onshore,2026-07-13T18:04:49Z
2026-07-13T18:04:17Z,2026-07-13T20:04:17+0200,6a5532f0-a5cc-4db7-b3a6-456c40e8ad8e,2026-07-04T00:00:00Z,2026-07-04T02:00:00+0200,209.25,MW,BE,BE,forecast_onshore_wind_generation,Wind Onshore,2026-07-13T18:04:49Z
2026-07-13T18:04:17Z,2026-07-13T20:04:17+0200,6a5532f0-a5cc-4db7-b3a6-456c40e8ad8e,2026-07-04T01:00:00Z,2026-07-04T03:00:00+0200,326.25,MW,BE,BE,forecast_onshore_wind_generation,Wind Onshore,2026-07-13T18:04:49Z
2026-07-13T18:04:17Z,2026-07-13T20:04:17+0200,6a5532f0-a5cc-4db7-b3a6-456c40e8ad8e,2026-07-04T02:00:00Z,2026-07-04T04:00:00+0200,454.475,MW,BE,BE,forecast_onshore_wind_generation,Wind Onshore,2026-07-13T18:04:49Z
2026-07-13T18:04:17Z,2026-07-13T20:04:17+0200,6a5532f0-a5cc-4db7-b3a6-456c40e8ad8e,2026-07-04T03:00:00Z,2026-07-04T05:00:00+0200,581.175,MW,BE,BE,forecast_onshore_wind_generation,Wind Onshore,2026-07-13T18:04:49Z
2026-07-13T18:04:17Z,2026-07-13T20:04:17+0200,6a5532f0-a5cc-4db7-b3a6-456c40e8ad8e,2026-07-04T04:00:00Z,2026-07-04T06:00:00+0200,654.55,MW,BE,BE,forecast_onshore_wind_generation,Wind Onshore,2026-07-13T18:04:49Z
2026-07-13T18:04:17Z,2026-07-13T20:04:17+0200,6a5532f0-a5cc-4db7-b3a6-456c40e8ad8e,2026-07-04T05:00:00Z,2026-07-04T07:00:00+0200,672.15,MW,BE,BE,forecast_onshore_wind_generation,Wind Onshore,2026-07-13T18:04:49Z
2026-07-13T18:04:17Z,2026-07-13T20:04:17+0200,6a5532f0-a5cc-4db7-b3a6-456c40e8ad8e,2026-07-04T06:00:00Z,2026-07-04T08:00:00+0200,548.375,MW,BE,BE,forecast_onshore_wind_generation,Wind Onshore,2026-07-13T18:04:49Z
2026-07-13T18:04:17Z,2026-07-13T20:04:17+0200,6a5532f0-a5cc-4db7-b3a6-456c40e8ad8e,2026-07-04T07:00:00Z,2026-07-04T09:00:00+0200,471.65,MW,BE,BE,forecast_onshore_wind_generation,Wind Onshore,2026-07-13T18:04:49Z
2026-07-13T18:04:17Z,2026-07-13T20:04:17+0200,6a5532f0-a5cc-4db7-b3a6-456c40e8ad8e,2026-07-04T08:00:00Z,2026-07-04T10:00:00+0200,547.825,MW,BE,BE,forecast_onshore_wind_generation,Wind Onshore,2026-07-13T18:04:49Z
2026-07-13T18:04:17Z,2026-07-13T20:04:17+0200,6a5532f0-a5cc-4db7-b3a6-456c40e8ad8e,2026-07-04T09:00:00Z,2026-07-04T11:00:00+0200,661.725,MW,BE,BE,forecast_onshore_wind_generation,Wind Onshore,2026-07-13T18:04:49Z
2026-07-13T18:04:17Z,2026-07-13T20:04:17+0200,6a5532f0-a5cc-4db7-b3a6-456c40e8ad8e,2026-07-04T10:00:00Z,2026-07-04T12:00:00+0200,779.75,MW,BE,BE,forecast_onshore_wind_generation,Wind Onshore,2026-07-13T18:04:49Z
2026-07-13T18:04:17Z,2026-07-13T20:04:17+0200,6a5532f0-a5cc-4db7-b3a6-456c40e8ad8e,2026-07-04T11:00:00Z,2026-07-04T13:00:00+0200,860.15,MW,BE,BE,forecast_onshore_wind_generation,Wind Onshore,2026-07-13T18:04:49Z
2026-07-13T18:04:17Z,2026-07-13T20:04:17+0200,6a5532f0-a5cc-4db7-b3a6-456c40e8ad8e,2026-07-04T12:00:00Z,2026-07-04T14:00:00+0200,903.65,MW,BE,BE,forecast_onshore_wind_generation,Wind Onshore,2026-07-13T18:04:49Z
2026-07-13T18:04:17Z,2026-07-13T20:04:17+0200,6a5532f0-a5cc-4db7-b3a6-456c40e8ad8e,2026-07-04T13:00:00Z,2026-07-04T15:00:00+0200,935.525,MW,BE,BE,forecast_onshore_wind_generation,Wind Onshore,2026-07-13T18:04:49Z
2026-07-13T18:04:17Z,2026-07-13T20:04:17+0200,6a5532f0-a5cc-4db7-b3a6-456c40e8ad8e,2026-07-04T14:00:00Z,2026-07-04T16:00:00+0200,974.25,MW,BE,BE,forecast_onshore_wind_generation,Wind Onshore,2026-07-13T18:04:49Z
2026-07-13T18:04:17Z,2026-07-13T20:04:17+0200,6a5532f0-a5cc-4db7-b3a6-456c40e8ad8e,2026-07-04T15:00:00Z,2026-07-04T17:00:00+0200,994.4,MW,BE,BE,forecast_onshore_wind_generation,Wind Onshore,2026-07-13T18:04:49Z
2026-07-13T18:04:17Z,2026-07-13T20:04:17+0200,6a5532f0-a5cc-4db7-b3a6-456c40e8ad8e,2026-07-04T16:00:00Z,2026-07-04T18:00:00+0200,989.875,MW,BE,BE,forecast_onshore_wind_generation,Wind Onshore,2026-07-13T18:04:49Z
2026-07-13T18:04:17Z,2026-07-13T20:04:17+0200,6a5532f0-a5cc-4db7-b3a6-456c40e8ad8e,2026-07-04T17:00:00Z,2026-07-04T19:00:00+0200,906.8,MW,BE,BE,forecast_onshore_wind_generation,Wind Onshore,2026-07-13T18:04:49Z
2026-07-13T18:04:17Z,2026-07-13T20:04:17+0200,6a5532f0-a5cc-4db7-b3a6-456c40e8ad8e,2026-07-04T18:00:00Z,2026-07-04T20:00:00+0200,754.2,MW,BE,BE,forecast_onshore_wind_generation,Wind Onshore,2026-07-13T18:04:49Z
2026-07-13T18:04:17Z,2026-07-13T20:04:17+0200,6a5532f0-a5cc-4db7-b3a6-456c40e8ad8e,2026-07-04T19:00:00Z,2026-07-04T21:00:00+0200,614.65,MW,BE,BE,forecast_onshore_wind_generation,Wind Onshore,2026-07-13T18:04:49Z
2026-07-13T18:04:17Z,2026-07-13T20:04:17+0200,6a5532f0-a5cc-4db7-b3a6-456c40e8ad8e,2026-07-04T20:00:00Z,2026-07-04T22:00:00+0200,513.75,MW,BE,BE,forecast_onshore_wind_generation,Wind Onshore,2026-07-13T18:04:49Z
2026-07-13T18:04:17Z,2026-07-13T20:04:17+0200,6a5532f0-a5cc-4db7-b3a6-456c40e8ad8e,2026-07-04T21:00:00Z,2026-07-04T23:00:00+0200,451.4,MW,BE,BE,forecast_onshore_wind_generation,Wind Onshore,2026-07-13T18:04:49Z
2026-07-13T18:04:17Z,2026-07-13T20:04:17+0200,6a5532f0-a5cc-4db7-b3a6-456c40e8ad8e,2026-07-04T22:00:00Z,2026-07-05T00:00:00+0200,571.525,MW,BE,BE,forecast_onshore_wind_generation,Wind Onshore,2026-07-13T18:04:49Z
2026-07-13T18:04:17Z,2026-07-13T20:04:17+0200,6a5532f0-a5cc-4db7-b3a6-456c40e8ad8e,2026-07-04T23:00:00Z,2026-07-05T01:00:00+0200,540.3,MW,BE,BE,forecast_onshore_wind_generation,Wind Onshore,2026-07-13T18:04:49Z
2026-07-13T18:04:17Z,2026-07-13T20:04:17+0200,6a5532f0-a5cc-4db7-b3a6-456c40e8ad8e,2026-07-05T00:00:00Z,2026-07-05T02:00:00+0200,474.25,MW,BE,BE,forecast_onshore_wind_generation,Wind Onshore,2026-07-13T18:04:49Z
2026-07-13T18:04:17Z,2026-07-13T20:04:17+0200,6a5532f0-a5cc-4db7-b3a6-456c40e8ad8e,2026-07-05T01:00:00Z,2026-07-05T03:00:00+0200,422.025,MW,BE,BE,forecast_onshore_wind_generation,Wind Onshore,2026-07-13T18:04:49Z
2026-07-13T18:04:17Z,2026-07-13T20:04:17+0200,6a5532f0-a5cc-4db7-b3a6-456c40e8ad8e,2026-07-05T02:00:00Z,2026-07-05T04:00:00+0200,391.4,MW,BE,BE,forecast_onshore_wind_generation,Wind Onshore,2026-07-13T18:04:49Z
2026-07-13T18:04:17Z,2026-07-13T20:04:17+0200,6a5532f0-a5cc-4db7-b3a6-456c40e8ad8e,2026-07-05T03:00:00Z,2026-07-05T05:00:00+0200,365.875,MW,BE,BE,forecast_onshore_wind_generation,Wind Onshore,2026-07-13T18:04:49Z
2026-07-13T18:04:17Z,2026-07-13T20:04:17+0200,6a5532f0-a5cc-4db7-b3a6-456c40e8ad8e,2026-07-05T04:00:00Z,2026-07-05T06:00:00+0200,332.225,MW,BE,BE,forecast_onshore_wind_generation,Wind Onshore,2026-07-13T18:04:49Z
2026-07-13T18:04:17Z,2026-07-13T20:04:17+0200,6a5532f0-a5cc-4db7-b3a6-456c40e8ad8e,2026-07-05T05:00:00Z,2026-07-05T07:00:00+0200,289.075,MW,BE,BE,forecast_onshore_wind_generation,Wind Onshore,2026-07-13T18:04:49Z
2026-07-13T18:04:17Z,2026-07-13T20:04:17+0200,6a5532f0-a5cc-4db7-b3a6-456c40e8ad8e,2026-07-05T06:00:00Z,2026-07-05T08:00:00+0200,288.125,MW,BE,BE,forecast_onshore_wind_generation,Wind Onshore,2026-07-13T18:04:49Z
2026-07-13T18:04:17Z,2026-07-13T20:04:17+0200,6a5532f0-a5cc-4db7-b3a6-456c40e8ad8e,2026-07-05T07:00:00Z,2026-07-05T09:00:00+0200,343.1,MW,BE,BE,forecast_onshore_wind_generation,Wind Onshore,2026-07-13T18:04:49Z
2026-07-13T18:04:17Z,2026-07-13T20:04:17+0200,6a5532f0-a5cc-4db7-b3a6-456c40e8ad8e,2026-07-05T08:00:00Z,2026-07-05T10:00:00+0200,443.7,MW,BE,BE,forecast_onshore_wind_generation,Wind Onshore,2026-07-13T18:04:49Z
2026-07-13T18:04:17Z,2026-07-13T20:04:17+0200,6a5532f0-a5cc-4db7-b3a6-456c40e8ad8e,2026-07-05T09:00:00Z,2026-07-05T11:00:00+0200,596.75,MW,BE,BE,forecast_onshore_wind_generation,Wind Onshore,2026-07-13T18:04:49Z
2026-07-13T18:04:17Z,2026-07-13T20:04:17+0200,6a5532f0-a5cc-4db7-b3a6-456c40e8ad8e,2026-07-05T10:00:00Z,2026-07-05T12:00:00+0200,744.35,MW,BE,BE,forecast_onshore_wind_generation,Wind Onshore,2026-07-13T18:04:49Z
2026-07-13T18:04:17Z,2026-07-13T20:04:17+0200,6a5532f0-a5cc-4db7-b3a6-456c40e8ad8e,2026-07-05T11:00:00Z,2026-07-05T13:00:00+0200,850.65,MW,BE,BE,forecast_onshore_wind_generation,Wind Onshore,2026-07-13T18:04:49Z
2026-07-13T18:04:17Z,2026-07-13T20:04:17+0200,6a5532f0-a5cc-4db7-b3a6-456c40e8ad8e,2026-07-05T12:00:00Z,2026-07-05T14:00:00+0200,941.25,MW,BE,BE,forecast_onshore_wind_generation,Wind Onshore,2026-07-13T18:04:49Z
2026-07-13T18:04:17Z,2026-07-13T20:04:17+0200,6a5532f0-a5cc-4db7-b3a6-456c40e8ad8e,2026-07-05T13:00:00Z,2026-07-05T15:00:00+0200,995.1,MW,BE,BE,forecast_onshore_wind_generation,Wind Onshore,2026-07-13T18:04:49Z
2026-07-13T18:04:17Z,2026-07-13T20:04:17+0200,6a5532f0-a5cc-4db7-b3a6-456c40e8ad8e,2026-07-05T14:00:00Z,2026-07-05T16:00:00+0200,1002.575,MW,BE,BE,forecast_onshore_wind_generation,Wind Onshore,2026-07-13T18:04:49Z
2026-07-13T18:04:17Z,2026-07-13T20:04:17+0200,6a5532f0-a5cc-4db7-b3a6-456c40e8ad8e,2026-07-05T15:00:00Z,2026-07-05T17:00:00+0200,952.475,MW,BE,BE,forecast_onshore_wind_generation,Wind Onshore,2026-07-13T18:04:49Z
2026-07-13T18:04:17Z,2026-07-13T20:04:17+0200,6a5532f0-a5cc-4db7-b3a6-456c40e8ad8e,2026-07-05T16:00:00Z,2026-07-05T18:00:00+0200,820.9,MW,BE,BE,forecast_onshore_wind_generation,Wind Onshore,2026-07-13T18:04:49Z
2026-07-13T18:04:17Z,2026-07-13T20:04:17+0200,6a5532f0-a5cc-4db7-b3a6-456c40e8ad8e,2026-07-05T17:00:00Z,2026-07-05T19:00:00+0200,619.9,MW,BE,BE,forecast_onshore_wind_generation,Wind Onshore,2026-07-13T18:04:49Z
2026-07-13T18:04:17Z,2026-07-13T20:04:17+0200,6a5532f0-a5cc-4db7-b3a6-456c40e8ad8e,2026-07-05T18:00:00Z,2026-07-05T20:00:00+0200,381.175,MW,BE,BE,forecast_onshore_wind_generation,Wind Onshore,2026-07-13T18:04:49Z
2026-07-13T18:04:17Z,2026-07-13T20:04:17+0200,6a5532f0-a5cc-4db7-b3a6-456c40e8ad8e,2026-07-05T19:00:00Z,2026-07-05T21:00:00+0200,198.85,MW,BE,BE,forecast_onshore_wind_generation,Wind Onshore,2026-07-13T18:04:49Z
2026-07-13T18:04:17Z,2026-07-13T20:04:17+0200,6a5532f0-a5cc-4db7-b3a6-456c40e8ad8e,2026-07-05T20:00:00Z,2026-07-05T22:00:00+0200,112.55,MW,BE,BE,forecast_onshore_wind_generation,Wind Onshore,2026-07-13T18:04:49Z
2026-07-13T18:04:17Z,2026-07-13T20:04:17+0200,6a5532f0-a5cc-4db7-b3a6-456c40e8ad8e,2026-07-05T21:00:00Z,2026-07-05T23:00:00+0200,96.25,MW,BE,BE,forecast_onshore_wind_generation,Wind Onshore,2026-07-13T18:04:49Z
2026-07-13T18:04:17Z,2026-07-13T20:04:17+0200,6a5532f0-a5cc-4db7-b3a6-456c40e8ad8e,2026-07-05T22:00:00Z,2026-07-06T00:00:00+0200,133.8,MW,BE,BE,forecast_onshore_wind_generation,Wind Onshore,2026-07-13T18:04:49Z
2026-07-13T18:04:17Z,2026-07-13T20:04:17+0200,6a5532f0-a5cc-4db7-b3a6-456c40e8ad8e,2026-07-05T23:00:00Z,2026-07-06T01:00:00+0200,196.675,MW,BE,BE,forecast_onshore_wind_generation,Wind Onshore,2026-07-13T18:04:49Z
2026-07-13T18:04:17Z,2026-07-13T20:04:17+0200,6a5532f0-a5cc-4db7-b3a6-456c40e8ad8e,2026-07-06T00:00:00Z,2026-07-06T02:00:00+0200,303.7,MW,BE,BE,forecast_onshore_wind_generation,Wind Onshore,2026-07-13T18:04:49Z
2026-07-13T18:04:17Z,2026-07-13T20:04:17+0200,6a5532f0-a5cc-4db7-b3a6-456c40e8ad8e,2026-07-06T01:00:00Z,2026-07-06T03:00:00+0200,465.6,MW,BE,BE,forecast_onshore_wind_generation,Wind Onshore,2026-07-13T18:04:49Z
2026-07-13T18:04:17Z,2026-07-13T20:04:17+0200,6a5532f0-a5cc-4db7-b3a6-456c40e8ad8e,2026-07-06T02:00:00Z,2026-07-06T04:00:00+0200,629.5,MW,BE,BE,forecast_onshore_wind_generation,Wind Onshore,2026-07-13T18:04:49Z
2026-07-13T18:04:17Z,2026-07-13T20:04:17+0200,6a5532f0-a5cc-4db7-b3a6-456c40e8ad8e,2026-07-06T03:00:00Z,2026-07-06T05:00:00+0200,738.25,MW,BE,BE,forecast_onshore_wind_generation,Wind Onshore,2026-07-13T18:04:49Z
2026-07-13T18:04:17Z,2026-07-13T20:04:17+0200,6a5532f0-a5cc-4db7-b3a6-456c40e8ad8e,2026-07-06T04:00:00Z,2026-07-06T06:00:00+0200,779.95,MW,BE,BE,forecast_onshore_wind_generation,Wind Onshore,2026-07-13T18:04:49Z
2026-07-13T18:04:17Z,2026-07-13T20:04:17+0200,6a5532f0-a5cc-4db7-b3a6-456c40e8ad8e,2026-07-06T05:00:00Z,2026-07-06T07:00:00+0200,737.85,MW,BE,BE,forecast_onshore_wind_generation,Wind Onshore,2026-07-13T18:04:49Z
2026-07-13T18:04:17Z,2026-07-13T20:04:17+0200,6a5532f0-a5cc-4db7-b3a6-456c40e8ad8e,2026-07-06T06:00:00Z,2026-07-06T08:00:00+0200,668.6,MW,BE,BE,forecast_onshore_wind_generation,Wind Onshore,2026-07-13T18:04:49Z
2026-07-13T18:04:17Z,2026-07-13T20:04:17+0200,6a5532f0-a5cc-4db7-b3a6-456c40e8ad8e,2026-07-06T07:00:00Z,2026-07-06T09:00:00+0200,666.7,MW,BE,BE,forecast_onshore_wind_generation,Wind Onshore,2026-07-13T18:04:49Z
2026-07-13T18:04:17Z,2026-07-13T20:04:17+0200,6a5532f0-a5cc-4db7-b3a6-456c40e8ad8e,2026-07-06T08:00:00Z,2026-07-06T10:00:00+0200,730.35,MW,BE,BE,forecast_onshore_wind_generation,Wind Onshore,2026-07-13T18:04:49Z
2026-07-13T18:04:17Z,2026-07-13T20:04:17+0200,6a5532f0-a5cc-4db7-b3a6-456c40e8ad8e,2026-07-06T09:00:00Z,2026-07-06T11:00:00+0200,810.0,MW,BE,BE,forecast_onshore_wind_generation,Wind Onshore,2026-07-13T18:04:49Z
2026-07-13T18:04:17Z,2026-07-13T20:04:17+0200,6a5532f0-a5cc-4db7-b3a6-456c40e8ad8e,2026-07-06T10:00:00Z,2026-07-06T12:00:00+0200,877.525,MW,BE,BE,forecast_onshore_wind_generation,Wind Onshore,2026-07-13T18:04:49Z
2026-07-13T18:04:17Z,2026-07-13T20:04:17+0200,6a5532f0-a5cc-4db7-b3a6-456c40e8ad8e,2026-07-06T11:00:00Z,2026-07-06T13:00:00+0200,949.275,MW,BE,BE,forecast_onshore_wind_generation,Wind Onshore,2026-07-13T18:04:49Z
2026-07-13T18:04:17Z,2026-07-13T20:04:17+0200,6a5532f0-a5cc-4db7-b3a6-456c40e8ad8e,2026-07-06T12:00:00Z,2026-07-06T14:00:00+0200,1030.075,MW,BE,BE,forecast_onshore_wind_generation,Wind Onshore,2026-07-13T18:04:49Z
2026-07-13T18:04:17Z,2026-07-13T20:04:17+0200,6a5532f0-a5cc-4db7-b3a6-456c40e8ad8e,2026-07-06T13:00:00Z,2026-07-06T15:00:00+0200,1080.35,MW,BE,BE,forecast_onshore_wind_generation,Wind Onshore,2026-07-13T18:04:49Z
2026-07-13T18:04:17Z,2026-07-13T20:04:17+0200,6a5532f0-a5cc-4db7-b3a6-456c40e8ad8e,2026-07-06T14:00:00Z,2026-07-06T16:00:00+0200,1074.25,MW,BE,BE,forecast_onshore_wind_generation,Wind Onshore,2026-07-13T18:04:49Z
2026-07-13T18:04:17Z,2026-07-13T20:04:17+0200,6a5532f0-a5cc-4db7-b3a6-456c40e8ad8e,2026-07-06T15:00:00Z,2026-07-06T17:00:00+0200,1012.85,MW,BE,BE,forecast_onshore_wind_generation,Wind Onshore,2026-07-13T18:04:49Z
2026-07-13T18:04:17Z,2026-07-13T20:04:17+0200,6a5532f0-a5cc-4db7-b3a6-456c40e8ad8e,2026-07-06T16:00:00Z,2026-07-06T18:00:00+0200,898.6,MW,BE,BE,forecast_onshore_wind_generation,Wind Onshore,2026-07-13T18:04:49Z
2026-07-13T18:04:17Z,2026-07-13T20:04:17+0200,6a5532f0-a5cc-4db7-b3a6-456c40e8ad8e,2026-07-06T17:00:00Z,2026-07-06T19:00:00+0200,746.15,MW,BE,BE,forecast_onshore_wind_generation,Wind Onshore,2026-07-13T18:04:49Z
2026-07-13T18:04:17Z,2026-07-13T20:04:17+0200,6a5532f0-a5cc-4db7-b3a6-456c40e8ad8e,2026-07-06T18:00:00Z,2026-07-06T20:00:00+0200,626.075,MW,BE,BE,forecast_onshore_wind_generation,Wind Onshore,2026-07-13T18:04:49Z
2026-07-13T18:04:17Z,2026-07-13T20:04:17+0200,6a5532f0-a5cc-4db7-b3a6-456c40e8ad8e,2026-07-06T19:00:00Z,2026-07-06T21:00:00+0200,622.95,MW,BE,BE,forecast_onshore_wind_generation,Wind Onshore,2026-07-13T18:04:49Z
2026-07-13T18:04:17Z,2026-07-13T20:04:17+0200,6a5532f0-a5cc-4db7-b3a6-456c40e8ad8e,2026-07-06T20:00:00Z,2026-07-06T22:00:00+0200,715.925,MW,BE,BE,forecast_onshore_wind_generation,Wind Onshore,2026-07-13T18:04:49Z
2026-07-13T18:04:17Z,2026-07-13T20:04:17+0200,6a5532f0-a5cc-4db7-b3a6-456c40e8ad8e,2026-07-06T21:00:00Z,2026-07-06T23:00:00+0200,823.125,MW,BE,BE,forecast_onshore_wind_generation,Wind Onshore,2026-07-13T18:04:49Z
2026-07-13T18:04:17Z,2026-07-13T20:04:17+0200,6a5532f0-a5cc-4db7-b3a6-456c40e8ad8e,2026-07-06T22:00:00Z,2026-07-07T00:00:00+0200,1153.45,MW,BE,BE,forecast_onshore_wind_generation,Wind Onshore,2026-07-13T18:04:49Z
2026-07-13T18:04:17Z,2026-07-13T20:04:17+0200,6a5532f0-a5cc-4db7-b3a6-456c40e8ad8e,2026-07-06T23:00:00Z,2026-07-07T01:00:00+0200,1124.075,MW,BE,BE,forecast_onshore_wind_generation,Wind Onshore,2026-07-13T18:04:49Z
2026-07-13T18:04:17Z,2026-07-13T20:04:17+0200,6a5532f0-a5cc-4db7-b3a6-456c40e8ad8e,2026-07-07T00:00:00Z,2026-07-07T02:00:00+0200,1076.925,MW,BE,BE,forecast_onshore_wind_generation,Wind Onshore,2026-07-13T18:04:49Z
2026-07-13T18:04:17Z,2026-07-13T20:04:17+0200,6a5532f0-a5cc-4db7-b3a6-456c40e8ad8e,2026-07-07T01:00:00Z,2026-07-07T03:00:00+0200,1035.925,MW,BE,BE,forecast_onshore_wind_generation,Wind Onshore,2026-07-13T18:04:49Z
2026-07-13T18:04:17Z,2026-07-13T20:04:17+0200,6a5532f0-a5cc-4db7-b3a6-456c40e8ad8e,2026-07-07T02:00:00Z,2026-07-07T04:00:00+0200,999.275,MW,BE,BE,forecast_onshore_wind_generation,Wind Onshore,2026-07-13T18:04:49Z
2026-07-13T18:04:17Z,2026-07-13T20:04:17+0200,6a5532f0-a5cc-4db7-b3a6-456c40e8ad8e,2026-07-07T03:00:00Z,2026-07-07T05:00:00+0200,955.45,MW,BE,BE,forecast_onshore_wind_generation,Wind Onshore,2026-07-13T18:04:49Z
2026-07-13T18:04:17Z,2026-07-13T20:04:17+0200,6a5532f0-a5cc-4db7-b3a6-456c40e8ad8e,2026-07-07T04:00:00Z,2026-07-07T06:00:00+0200,887.1,MW,BE,BE,forecast_onshore_wind_generation,Wind Onshore,2026-07-13T18:04:49Z
2026-07-13T18:04:17Z,2026-07-13T20:04:17+0200,6a5532f0-a5cc-4db7-b3a6-456c40e8ad8e,2026-07-07T05:00:00Z,2026-07-07T07:00:00+0200,782.775,MW,BE,BE,forecast_onshore_wind_generation,Wind Onshore,2026-07-13T18:04:49Z
2026-07-13T18:04:17Z,2026-07-13T20:04:17+0200,6a5532f0-a5cc-4db7-b3a6-456c40e8ad8e,2026-07-07T06:00:00Z,2026-07-07T08:00:00+0200,628.375,MW,BE,BE,forecast_onshore_wind_generation,Wind Onshore,2026-07-13T18:04:49Z
2026-07-13T18:04:17Z,2026-07-13T20:04:17+0200,6a5532f0-a5cc-4db7-b3a6-456c40e8ad8e,2026-07-07T07:00:00Z,2026-07-07T09:00:00+0200,539.275,MW,BE,BE,forecast_onshore_wind_generation,Wind Onshore,2026-07-13T18:04:49Z
2026-07-13T18:04:17Z,2026-07-13T20:04:17+0200,6a5532f0-a5cc-4db7-b3a6-456c40e8ad8e,2026-07-07T08:00:00Z,2026-07-07T10:00:00+0200,549.45,MW,BE,BE,forecast_onshore_wind_generation,Wind Onshore,2026-07-13T18:04:49Z
2026-07-13T18:04:17Z,2026-07-13T20:04:17+0200,6a5532f0-a5cc-4db7-b3a6-456c40e8ad8e,2026-07-07T09:00:00Z,2026-07-07T11:00:00+0200,611.8,MW,BE,BE,forecast_onshore_wind_generation,Wind Onshore,2026-07-13T18:04:49Z
2026-07-13T18:04:17Z,2026-07-13T20:04:17+0200,6a5532f0-a5cc-4db7-b3a6-456c40e8ad8e,2026-07-07T10:00:00Z,2026-07-07T12:00:00+0200,738.15,MW,BE,BE,forecast_onshore_wind_generation,Wind Onshore,2026-07-13T18:04:49Z
2026-07-13T18:04:17Z,2026-07-13T20:04:17+0200,6a5532f0-a5cc-4db7-b3a6-456c40e8ad8e,2026-07-07T11:00:00Z,2026-07-07T13:00:00+0200,867.825,MW,BE,BE,forecast_onshore_wind_generation,Wind Onshore,2026-07-13T18:04:49Z
2026-07-13T18:04:17Z,2026-07-13T20:04:17+0200,6a5532f0-a5cc-4db7-b3a6-456c40e8ad8e,2026-07-07T12:00:00Z,2026-07-07T14:00:00+0200,954.55,MW,BE,BE,forecast_onshore_wind_generation,Wind Onshore,2026-07-13T18:04:49Z
2026-07-13T18:04:17Z,2026-07-13T20:04:17+0200,6a5532f0-a5cc-4db7-b3a6-456c40e8ad8e,2026-07-07T13:00:00Z,2026-07-07T15:00:00+0200,1004.2,MW,BE,BE,forecast_onshore_wind_generation,Wind Onshore,2026-07-13T18:04:49Z
2026-07-13T18:04:17Z,2026-07-13T20:04:17+0200,6a5532f0-a5cc-4db7-b3a6-456c40e8ad8e,2026-07-07T14:00:00Z,2026-07-07T16:00:00+0200,993.95,MW,BE,BE,forecast_onshore_wind_generation,Wind Onshore,2026-07-13T18:04:49Z
2026-07-13T18:04:17Z,2026-07-13T20:04:17+0200,6a5532f0-a5cc-4db7-b3a6-456c40e8ad8e,2026-07-07T15:00:00Z,2026-07-07T17:00:00+0200,915.55,MW,BE,BE,forecast_onshore_wind_generation,Wind Onshore,2026-07-13T18:04:49Z
2026-07-13T18:04:17Z,2026-07-13T20:04:17+0200,6a5532f0-a5cc-4db7-b3a6-456c40e8ad8e,2026-07-07T16:00:00Z,2026-07-07T18:00:00+0200,809.1,MW,BE,BE,forecast_onshore_wind_generation,Wind Onshore,2026-07-13T18:04:49Z
2026-07-13T18:04:17Z,2026-07-13T20:04:17+0200,6a5532f0-a5cc-4db7-b3a6-456c40e8ad8e,2026-07-07T17:00:00Z,2026-07-07T19:00:00+0200,682.35,MW,BE,BE,forecast_onshore_wind_generation,Wind Onshore,2026-07-13T18:04:49Z
2026-07-13T18:04:17Z,2026-07-13T20:04:17+0200,6a5532f0-a5cc-4db7-b3a6-456c40e8ad8e,2026-07-07T18:00:00Z,2026-07-07T20:00:00+0200,515.775,MW,BE,BE,forecast_onshore_wind_generation,Wind Onshore,2026-07-13T18:04:49Z
2026-07-13T18:04:17Z,2026-07-13T20:04:17+0200,6a5532f0-a5cc-4db7-b3a6-456c40e8ad8e,2026-07-07T19:00:00Z,2026-07-07T21:00:00+0200,366.425,MW,BE,BE,forecast_onshore_wind_generation,Wind Onshore,2026-07-13T18:04:49Z
2026-07-13T18:04:17Z,2026-07-13T20:04:17+0200,6a5532f0-a5cc-4db7-b3a6-456c40e8ad8e,2026-07-07T20:00:00Z,2026-07-07T22:00:00+0200,263.625,MW,BE,BE,forecast_onshore_wind_generation,Wind Onshore,2026-07-13T18:04:49Z
2026-07-13T18:04:17Z,2026-07-13T20:04:17+0200,6a5532f0-a5cc-4db7-b3a6-456c40e8ad8e,2026-07-07T21:00:00Z,2026-07-07T23:00:00+0200,191.425,MW,BE,BE,forecast_onshore_wind_generation,Wind Onshore,2026-07-13T18:04:49Z
2026-07-13T18:04:17Z,2026-07-13T20:04:17+0200,6a5532f0-a5cc-4db7-b3a6-456c40e8ad8e,2026-07-07T22:00:00Z,2026-07-08T00:00:00+0200,99.375,MW,BE,BE,forecast_onshore_wind_generation,Wind Onshore,2026-07-13T18:04:49Z
2026-07-13T18:04:17Z,2026-07-13T20:04:17+0200,6a5532f0-a5cc-4db7-b3a6-456c40e8ad8e,2026-07-07T23:00:00Z,2026-07-08T01:00:00+0200,88.6,MW,BE,BE,forecast_onshore_wind_generation,Wind Onshore,2026-07-13T18:04:49Z
2026-07-13T18:04:17Z,2026-07-13T20:04:17+0200,6a5532f0-a5cc-4db7-b3a6-456c40e8ad8e,2026-07-08T00:00:00Z,2026-07-08T02:00:00+0200,78.95,MW,BE,BE,forecast_onshore_wind_generation,Wind Onshore,2026-07-13T18:04:49Z
2026-07-13T18:04:17Z,2026-07-13T20:04:17+0200,6a5532f0-a5cc-4db7-b3a6-456c40e8ad8e,2026-07-08T01:00:00Z,2026-07-08T03:00:00+0200,69.0,MW,BE,BE,forecast_onshore_wind_generation,Wind Onshore,2026-07-13T18:04:49Z
2026-07-13T18:04:17Z,2026-07-13T20:04:17+0200,6a5532f0-a5cc-4db7-b3a6-456c40e8ad8e,2026-07-08T02:00:00Z,2026-07-08T04:00:00+0200,60.4,MW,BE,BE,forecast_onshore_wind_generation,Wind Onshore,2026-07-13T18:04:49Z
2026-07-13T18:04:17Z,2026-07-13T20:04:17+0200,6a5532f0-a5cc-4db7-b3a6-456c40e8ad8e,2026-07-08T03:00:00Z,2026-07-08T05:00:00+0200,52.125,MW,BE,BE,forecast_onshore_wind_generation,Wind Onshore,2026-07-13T18:04:49Z
2026-07-13T18:04:17Z,2026-07-13T20:04:17+0200,6a5532f0-a5cc-4db7-b3a6-456c40e8ad8e,2026-07-08T04:00:00Z,2026-07-08T06:00:00+0200,48.325,MW,BE,BE,forecast_onshore_wind_generation,Wind Onshore,2026-07-13T18:04:49Z
2026-07-13T18:04:17Z,2026-07-13T20:04:17+0200,6a5532f0-a5cc-4db7-b3a6-456c40e8ad8e,2026-07-08T05:00:00Z,2026-07-08T07:00:00+0200,39.025,MW,BE,BE,forecast_onshore_wind_generation,Wind Onshore,2026-07-13T18:04:49Z
2026-07-13T18:04:17Z,2026-07-13T20:04:17+0200,6a5532f0-a5cc-4db7-b3a6-456c40e8ad8e,2026-07-08T06:00:00Z,2026-07-08T08:00:00+0200,33.2,MW,BE,BE,forecast_onshore_wind_generation,Wind Onshore,2026-07-13T18:04:49Z
2026-07-13T18:04:17Z,2026-07-13T20:04:17+0200,6a5532f0-a5cc-4db7-b3a6-456c40e8ad8e,2026-07-08T07:00:00Z,2026-07-08T09:00:00+0200,34.35,MW,BE,BE,forecast_onshore_wind_generation,Wind Onshore,2026-07-13T18:04:49Z
2026-07-13T18:04:17Z,2026-07-13T20:04:17+0200,6a5532f0-a5cc-4db7-b3a6-456c40e8ad8e,2026-07-08T08:00:00Z,2026-07-08T10:00:00+0200,40.4,MW,BE,BE,forecast_onshore_wind_generation,Wind Onshore,2026-07-13T18:04:49Z
2026-07-13T18:04:17Z,2026-07-13T20:04:17+0200,6a5532f0-a5cc-4db7-b3a6-456c40e8ad8e,2026-07-08T09:00:00Z,2026-07-08T11:00:00+0200,63.8,MW,BE,BE,forecast_onshore_wind_generation,Wind Onshore,2026-07-13T18:04:49Z
2026-07-13T18:04:17Z,2026-07-13T20:04:17+0200,6a5532f0-a5cc-4db7-b3a6-456c40e8ad8e,2026-07-08T10:00:00Z,2026-07-08T12:00:00+0200,112.4,MW,BE,BE,forecast_onshore_wind_generation,Wind Onshore,2026-07-13T18:04:49Z
2026-07-13T18:04:17Z,2026-07-13T20:04:17+0200,6a5532f0-a5cc-4db7-b3a6-456c40e8ad8e,2026-07-08T11:00:00Z,2026-07-08T13:00:00+0200,162.15,MW,BE,BE,forecast_onshore_wind_generation,Wind Onshore,2026-07-13T18:04:49Z
2026-07-13T18:04:17Z,2026-07-13T20:04:17+0200,6a5532f0-a5cc-4db7-b3a6-456c40e8ad8e,2026-07-08T12:00:00Z,2026-07-08T14:00:00+0200,203.5,MW,BE,BE,forecast_onshore_wind_generation,Wind Onshore,2026-07-13T18:04:49Z
2026-07-13T18:04:17Z,2026-07-13T20:04:17+0200,6a5532f0-a5cc-4db7-b3a6-456c40e8ad8e,2026-07-08T13:00:00Z,2026-07-08T15:00:00+0200,237.725,MW,BE,BE,forecast_onshore_wind_generation,Wind Onshore,2026-07-13T18:04:49Z
2026-07-13T18:04:17Z,2026-07-13T20:04:17+0200,6a5532f0-a5cc-4db7-b3a6-456c40e8ad8e,2026-07-08T14:00:00Z,2026-07-08T16:00:00+0200,275.325,MW,BE,BE,forecast_onshore_wind_generation,Wind Onshore,2026-07-13T18:04:49Z
2026-07-13T18:04:17Z,2026-07-13T20:04:17+0200,6a5532f0-a5cc-4db7-b3a6-456c40e8ad8e,2026-07-08T15:00:00Z,2026-07-08T17:00:00+0200,298.325,MW,BE,BE,forecast_onshore_wind_generation,Wind Onshore,2026-07-13T18:04:49Z
2026-07-13T18:04:17Z,2026-07-13T20:04:17+0200,6a5532f0-a5cc-4db7-b3a6-456c40e8ad8e,2026-07-08T16:00:00Z,2026-07-08T18:00:00+0200,291.175,MW,BE,BE,forecast_onshore_wind_generation,Wind Onshore,2026-07-13T18:04:49Z
2026-07-13T18:04:17Z,2026-07-13T20:04:17+0200,6a5532f0-a5cc-4db7-b3a6-456c40e8ad8e,2026-07-08T17:00:00Z,2026-07-08T19:00:00+0200,271.7,MW,BE,BE,forecast_onshore_wind_generation,Wind Onshore,2026-07-13T18:04:49Z
2026-07-13T18:04:17Z,2026-07-13T20:04:17+0200,6a5532f0-a5cc-4db7-b3a6-456c40e8ad8e,2026-07-08T18:00:00Z,2026-07-08T20:00:00+0200,250.975,MW,BE,BE,forecast_onshore_wind_generation,Wind Onshore,2026-07-13T18:04:49Z
2026-07-13T18:04:17Z,2026-07-13T20:04:17+0200,6a5532f0-a5cc-4db7-b3a6-456c40e8ad8e,2026-07-08T19:00:00Z,2026-07-08T21:00:00+0200,241.25,MW,BE,BE,forecast_onshore_wind_generation,Wind Onshore,2026-07-13T18:04:49Z
2026-07-13T18:04:17Z,2026-07-13T20:04:17+0200,6a5532f0-a5cc-4db7-b3a6-456c40e8ad8e,2026-07-08T20:00:00Z,2026-07-08T22:00:00+0200,241.525,MW,BE,BE,forecast_onshore_wind_generation,Wind Onshore,2026-07-13T18:04:49Z
2026-07-13T18:04:17Z,2026-07-13T20:04:17+0200,6a5532f0-a5cc-4db7-b3a6-456c40e8ad8e,2026-07-08T21:00:00Z,2026-07-08T23:00:00+0200,220.65,MW,BE,BE,forecast_onshore_wind_generation,Wind Onshore,2026-07-13T18:04:49Z
2026-07-13T18:04:17Z,2026-07-13T20:04:17+0200,6a5532f0-a5cc-4db7-b3a6-456c40e8ad8e,2026-07-08T22:00:00Z,2026-07-09T00:00:00+0200,168.3,MW,BE,BE,forecast_onshore_wind_generation,Wind Onshore,2026-07-13T18:04:49Z
2026-07-13T18:04:17Z,2026-07-13T20:04:17+0200,6a5532f0-a5cc-4db7-b3a6-456c40e8ad8e,2026-07-08T23:00:00Z,2026-07-09T01:00:00+0200,124.8,MW,BE,BE,forecast_onshore_wind_generation,Wind Onshore,2026-07-13T18:04:49Z
2026-07-13T18:04:17Z,2026-07-13T20:04:17+0200,6a5532f0-a5cc-4db7-b3a6-456c40e8ad8e,2026-07-09T00:00:00Z,2026-07-09T02:00:00+0200,90.175,MW,BE,BE,forecast_onshore_wind_generation,Wind Onshore,2026-07-13T18:04:49Z
2026-07-13T18:04:17Z,2026-07-13T20:04:17+0200,6a5532f0-a5cc-4db7-b3a6-456c40e8ad8e,2026-07-09T01:00:00Z,2026-07-09T03:00:00+0200,62.325,MW,BE,BE,forecast_onshore_wind_generation,Wind Onshore,2026-07-13T18:04:49Z
2026-07-13T18:04:17Z,2026-07-13T20:04:17+0200,6a5532f0-a5cc-4db7-b3a6-456c40e8ad8e,2026-07-09T02:00:00Z,2026-07-09T04:00:00+0200,44.125,MW,BE,BE,forecast_onshore_wind_generation,Wind Onshore,2026-07-13T18:04:49Z
2026-07-13T18:04:17Z,2026-07-13T20:04:17+0200,6a5532f0-a5cc-4db7-b3a6-456c40e8ad8e,2026-07-09T03:00:00Z,2026-07-09T05:00:00+0200,34.925,MW,BE,BE,forecast_onshore_wind_generation,Wind Onshore,2026-07-13T18:04:49Z
2026-07-13T18:04:17Z,2026-07-13T20:04:17+0200,6a5532f0-a5cc-4db7-b3a6-456c40e8ad8e,2026-07-09T04:00:00Z,2026-07-09T06:00:00+0200,29.525,MW,BE,BE,forecast_onshore_wind_generation,Wind Onshore,2026-07-13T18:04:49Z
2026-07-13T18:04:17Z,2026-07-13T20:04:17+0200,6a5532f0-a5cc-4db7-b3a6-456c40e8ad8e,2026-07-09T05:00:00Z,2026-07-09T07:00:00+0200,15.675,MW,BE,BE,forecast_onshore_wind_generation,Wind Onshore,2026-07-13T18:04:49Z
2026-07-13T18:04:17Z,2026-07-13T20:04:17+0200,6a5532f0-a5cc-4db7-b3a6-456c40e8ad8e,2026-07-09T06:00:00Z,2026-07-09T08:00:00+0200,5.2,MW,BE,BE,forecast_onshore_wind_generation,Wind Onshore,2026-07-13T18:04:49Z
2026-07-13T18:04:17Z,2026-07-13T20:04:17+0200,6a5532f0-a5cc-4db7-b3a6-456c40e8ad8e,2026-07-09T07:00:00Z,2026-07-09T09:00:00+0200,4.8,MW,BE,BE,forecast_onshore_wind_generation,Wind Onshore,2026-07-13T18:04:49Z
2026-07-13T18:04:17Z,2026-07-13T20:04:17+0200,6a5532f0-a5cc-4db7-b3a6-456c40e8ad8e,2026-07-09T08:00:00Z,2026-07-09T10:00:00+0200,6.75,MW,BE,BE,forecast_onshore_wind_generation,Wind Onshore,2026-07-13T18:04:49Z
2026-07-13T18:04:17Z,2026-07-13T20:04:17+0200,6a5532f0-a5cc-4db7-b3a6-456c40e8ad8e,2026-07-09T09:00:00Z,2026-07-09T11:00:00+0200,9.525,MW,BE,BE,forecast_onshore_wind_generation,Wind Onshore,2026-07-13T18:04:49Z
2026-07-13T18:04:17Z,2026-07-13T20:04:17+0200,6a5532f0-a5cc-4db7-b3a6-456c40e8ad8e,2026-07-09T10:00:00Z,2026-07-09T12:00:00+0200,17.1,MW,BE,BE,forecast_onshore_wind_generation,Wind Onshore,2026-07-13T18:04:49Z
2026-07-13T18:04:17Z,2026-07-13T20:04:17+0200,6a5532f0-a5cc-4db7-b3a6-456c40e8ad8e,2026-07-09T11:00:00Z,2026-07-09T13:00:00+0200,33.35,MW,BE,BE,forecast_onshore_wind_generation,Wind Onshore,2026-07-13T18:04:49Z
2026-07-13T18:04:17Z,2026-07-13T20:04:17+0200,6a5532f0-a5cc-4db7-b3a6-456c40e8ad8e,2026-07-09T12:00:00Z,2026-07-09T14:00:00+0200,67.65,MW,BE,BE,forecast_onshore_wind_generation,Wind Onshore,2026-07-13T18:04:49Z
2026-07-13T18:04:17Z,2026-07-13T20:04:17+0200,6a5532f0-a5cc-4db7-b3a6-456c40e8ad8e,2026-07-09T13:00:00Z,2026-07-09T15:00:00+0200,114.675,MW,BE,BE,forecast_onshore_wind_generation,Wind Onshore,2026-07-13T18:04:49Z
2026-07-13T18:04:17Z,2026-07-13T20:04:17+0200,6a5532f0-a5cc-4db7-b3a6-456c40e8ad8e,2026-07-09T14:00:00Z,2026-07-09T16:00:00+0200,173.725,MW,BE,BE,forecast_onshore_wind_generation,Wind Onshore,2026-07-13T18:04:49Z
2026-07-13T18:04:17Z,2026-07-13T20:04:17+0200,6a5532f0-a5cc-4db7-b3a6-456c40e8ad8e,2026-07-09T15:00:00Z,2026-07-09T17:00:00+0200,225.375,MW,BE,BE,forecast_onshore_wind_generation,Wind Onshore,2026-07-13T18:04:49Z
2026-07-13T18:04:17Z,2026-07-13T20:04:17+0200,6a5532f0-a5cc-4db7-b3a6-456c40e8ad8e,2026-07-09T16:00:00Z,2026-07-09T18:00:00+0200,269.85,MW,BE,BE,forecast_onshore_wind_generation,Wind Onshore,2026-07-13T18:04:49Z
2026-07-13T18:04:17Z,2026-07-13T20:04:17+0200,6a5532f0-a5cc-4db7-b3a6-456c40e8ad8e,2026-07-09T17:00:00Z,2026-07-09T19:00:00+0200,306.475,MW,BE,BE,forecast_onshore_wind_generation,Wind Onshore,2026-07-13T18:04:49Z
2026-07-13T18:04:17Z,2026-07-13T20:04:17+0200,6a5532f0-a5cc-4db7-b3a6-456c40e8ad8e,2026-07-09T18:00:00Z,2026-07-09T20:00:00+0200,341.475,MW,BE,BE,forecast_onshore_wind_generation,Wind Onshore,2026-07-13T18:04:49Z
2026-07-13T18:04:17Z,2026-07-13T20:04:17+0200,6a5532f0-a5cc-4db7-b3a6-456c40e8ad8e,2026-07-09T19:00:00Z,2026-07-09T21:00:00+0200,392.225,MW,BE,BE,forecast_onshore_wind_generation,Wind Onshore,2026-07-13T18:04:49Z
2026-07-13T18:04:17Z,2026-07-13T20:04:17+0200,6a5532f0-a5cc-4db7-b3a6-456c40e8ad8e,2026-07-09T20:00:00Z,2026-07-09T22:00:00+0200,453.575,MW,BE,BE,forecast_onshore_wind_generation,Wind Onshore,2026-07-13T18:04:49Z
2026-07-13T18:04:17Z,2026-07-13T20:04:17+0200,6a5532f0-a5cc-4db7-b3a6-456c40e8ad8e,2026-07-09T21:00:00Z,2026-07-09T23:00:00+0200,494.1,MW,BE,BE,forecast_onshore_wind_generation,Wind Onshore,2026-07-13T18:04:49Z
2026-07-13T18:04:17Z,2026-07-13T20:04:17+0200,6a5532f0-a5cc-4db7-b3a6-456c40e8ad8e,2026-07-09T22:00:00Z,2026-07-10T00:00:00+0200,474.925,MW,BE,BE,forecast_onshore_wind_generation,Wind Onshore,2026-07-13T18:04:49Z
2026-07-13T18:04:17Z,2026-07-13T20:04:17+0200,6a5532f0-a5cc-4db7-b3a6-456c40e8ad8e,2026-07-09T23:00:00Z,2026-07-10T01:00:00+0200,486.025,MW,BE,BE,forecast_onshore_wind_generation,Wind Onshore,2026-07-13T18:04:49Z
2026-07-13T18:04:17Z,2026-07-13T20:04:17+0200,6a5532f0-a5cc-4db7-b3a6-456c40e8ad8e,2026-07-10T00:00:00Z,2026-07-10T02:00:00+0200,499.925,MW,BE,BE,forecast_onshore_wind_generation,Wind Onshore,2026-07-13T18:04:49Z
2026-07-13T18:04:17Z,2026-07-13T20:04:17+0200,6a5532f0-a5cc-4db7-b3a6-456c40e8ad8e,2026-07-10T01:00:00Z,2026-07-10T03:00:00+0200,507.4,MW,BE,BE,forecast_onshore_wind_generation,Wind Onshore,2026-07-13T18:04:49Z
2026-07-13T18:04:17Z,2026-07-13T20:04:17+0200,6a5532f0-a5cc-4db7-b3a6-456c40e8ad8e,2026-07-10T02:00:00Z,2026-07-10T04:00:00+0200,512.025,MW,BE,BE,forecast_onshore_wind_generation,Wind Onshore,2026-07-13T18:04:49Z
2026-07-13T18:04:17Z,2026-07-13T20:04:17+0200,6a5532f0-a5cc-4db7-b3a6-456c40e8ad8e,2026-07-10T03:00:00Z,2026-07-10T05:00:00+0200,505.1,MW,BE,BE,forecast_onshore_wind_generation,Wind Onshore,2026-07-13T18:04:49Z
2026-07-13T18:04:17Z,2026-07-13T20:04:17+0200,6a5532f0-a5cc-4db7-b3a6-456c40e8ad8e,2026-07-10T04:00:00Z,2026-07-10T06:00:00+0200,462.775,MW,BE,BE,forecast_onshore_wind_generation,Wind Onshore,2026-07-13T18:04:49Z
2026-07-13T18:04:17Z,2026-07-13T20:04:17+0200,6a5532f0-a5cc-4db7-b3a6-456c40e8ad8e,2026-07-10T05:00:00Z,2026-07-10T07:00:00+0200,340.275,MW,BE,BE,forecast_onshore_wind_generation,Wind Onshore,2026-07-13T18:04:49Z
2026-07-13T18:04:17Z,2026-07-13T20:04:17+0200,6a5532f0-a5cc-4db7-b3a6-456c40e8ad8e,2026-07-10T06:00:00Z,2026-07-10T08:00:00+0200,239.725,MW,BE,BE,forecast_onshore_wind_generation,Wind Onshore,2026-07-13T18:04:49Z
2026-07-13T18:04:17Z,2026-07-13T20:04:17+0200,6a5532f0-a5cc-4db7-b3a6-456c40e8ad8e,2026-07-10T07:00:00Z,2026-07-10T09:00:00+0200,203.975,MW,BE,BE,forecast_onshore_wind_generation,Wind Onshore,2026-07-13T18:04:49Z
2026-07-13T18:04:17Z,2026-07-13T20:04:17+0200,6a5532f0-a5cc-4db7-b3a6-456c40e8ad8e,2026-07-10T08:00:00Z,2026-07-10T10:00:00+0200,218.775,MW,BE,BE,forecast_onshore_wind_generation,Wind Onshore,2026-07-13T18:04:49Z
2026-07-13T18:04:17Z,2026-07-13T20:04:17+0200,6a5532f0-a5cc-4db7-b3a6-456c40e8ad8e,2026-07-10T09:00:00Z,2026-07-10T11:00:00+0200,259.425,MW,BE,BE,forecast_onshore_wind_generation,Wind Onshore,2026-07-13T18:04:49Z
2026-07-13T18:04:17Z,2026-07-13T20:04:17+0200,6a5532f0-a5cc-4db7-b3a6-456c40e8ad8e,2026-07-10T10:00:00Z,2026-07-10T12:00:00+0200,312.725,MW,BE,BE,forecast_onshore_wind_generation,Wind Onshore,2026-07-13T18:04:49Z
2026-07-13T18:04:17Z,2026-07-13T20:04:17+0200,6a5532f0-a5cc-4db7-b3a6-456c40e8ad8e,2026-07-10T11:00:00Z,2026-07-10T13:00:00+0200,372.625,MW,BE,BE,forecast_onshore_wind_generation,Wind Onshore,2026-07-13T18:04:49Z
2026-07-13T18:04:17Z,2026-07-13T20:04:17+0200,6a5532f0-a5cc-4db7-b3a6-456c40e8ad8e,2026-07-10T12:00:00Z,2026-07-10T14:00:00+0200,429.775,MW,BE,BE,forecast_onshore_wind_generation,Wind Onshore,2026-07-13T18:04:49Z
2026-07-13T18:04:17Z,2026-07-13T20:04:17+0200,6a5532f0-a5cc-4db7-b3a6-456c40e8ad8e,2026-07-10T13:00:00Z,2026-07-10T15:00:00+0200,479.075,MW,BE,BE,forecast_onshore_wind_generation,Wind Onshore,2026-07-13T18:04:49Z
2026-07-13T18:04:17Z,2026-07-13T20:04:17+0200,6a5532f0-a5cc-4db7-b3a6-456c40e8ad8e,2026-07-10T14:00:00Z,2026-07-10T16:00:00+0200,532.95,MW,BE,BE,forecast_onshore_wind_generation,Wind Onshore,2026-07-13T18:04:49Z
2026-07-13T18:04:17Z,2026-07-13T20:04:17+0200,6a5532f0-a5cc-4db7-b3a6-456c40e8ad8e,2026-07-10T15:00:00Z,2026-07-10T17:00:00+0200,603.5,MW,BE,BE,forecast_onshore_wind_generation,Wind Onshore,2026-07-13T18:04:49Z
2026-07-13T18:04:17Z,2026-07-13T20:04:17+0200,6a5532f0-a5cc-4db7-b3a6-456c40e8ad8e,2026-07-10T16:00:00Z,2026-07-10T18:00:00+0200,681.425,MW,BE,BE,forecast_onshore_wind_generation,Wind Onshore,2026-07-13T18:04:49Z
2026-07-13T18:04:17Z,2026-07-13T20:04:17+0200,6a5532f0-a5cc-4db7-b3a6-456c40e8ad8e,2026-07-10T17:00:00Z,2026-07-10T19:00:00+0200,742.0,MW,BE,BE,forecast_onshore_wind_generation,Wind Onshore,2026-07-13T18:04:49Z
2026-07-13T18:04:17Z,2026-07-13T20:04:17+0200,6a5532f0-a5cc-4db7-b3a6-456c40e8ad8e,2026-07-10T18:00:00Z,2026-07-10T20:00:00+0200,764.25,MW,BE,BE,forecast_onshore_wind_generation,Wind Onshore,2026-07-13T18:04:49Z
2026-07-13T18:04:17Z,2026-07-13T20:04:17+0200,6a5532f0-a5cc-4db7-b3a6-456c40e8ad8e,2026-07-10T19:00:00Z,2026-07-10T21:00:00+0200,788.425,MW,BE,BE,forecast_onshore_wind_generation,Wind Onshore,2026-07-13T18:04:49Z
2026-07-13T18:04:17Z,2026-07-13T20:04:17+0200,6a5532f0-a5cc-4db7-b3a6-456c40e8ad8e,2026-07-10T20:00:00Z,2026-07-10T22:00:00+0200,824.025,MW,BE,BE,forecast_onshore_wind_generation,Wind Onshore,2026-07-13T18:04:49Z
2026-07-13T18:04:17Z,2026-07-13T20:04:17+0200,6a5532f0-a5cc-4db7-b3a6-456c40e8ad8e,2026-07-10T21:00:00Z,2026-07-10T23:00:00+0200,832.7,MW,BE,BE,forecast_onshore_wind_generation,Wind Onshore,2026-07-13T18:04:49Z
2026-07-13T18:04:17Z,2026-07-13T20:04:17+0200,6a5532f0-a5cc-4db7-b3a6-456c40e8ad8e,2026-07-10T22:00:00Z,2026-07-11T00:00:00+0200,796.85,MW,BE,BE,forecast_onshore_wind_generation,Wind Onshore,2026-07-13T18:04:49Z
2026-07-13T18:04:17Z,2026-07-13T20:04:17+0200,6a5532f0-a5cc-4db7-b3a6-456c40e8ad8e,2026-07-10T23:00:00Z,2026-07-11T01:00:00+0200,781.625,MW,BE,BE,forecast_onshore_wind_generation,Wind Onshore,2026-07-13T18:04:49Z
2026-07-13T18:04:17Z,2026-07-13T20:04:17+0200,6a5532f0-a5cc-4db7-b3a6-456c40e8ad8e,2026-07-11T00:00:00Z,2026-07-11T02:00:00+0200,766.25,MW,BE,BE,forecast_onshore_wind_generation,Wind Onshore,2026-07-13T18:04:49Z
2026-07-13T18:04:17Z,2026-07-13T20:04:17+0200,6a5532f0-a5cc-4db7-b3a6-456c40e8ad8e,2026-07-11T01:00:00Z,2026-07-11T03:00:00+0200,746.925,MW,BE,BE,forecast_onshore_wind_generation,Wind Onshore,2026-07-13T18:04:49Z
2026-07-13T18:04:17Z,2026-07-13T20:04:17+0200,6a5532f0-a5cc-4db7-b3a6-456c40e8ad8e,2026-07-11T02:00:00Z,2026-07-11T04:00:00+0200,715.325,MW,BE,BE,forecast_onshore_wind_generation,Wind Onshore,2026-07-13T18:04:49Z
2026-07-13T18:04:17Z,2026-07-13T20:04:17+0200,6a5532f0-a5cc-4db7-b3a6-456c40e8ad8e,2026-07-11T03:00:00Z,2026-07-11T05:00:00+0200,679.775,MW,BE,BE,forecast_onshore_wind_generation,Wind Onshore,2026-07-13T18:04:49Z
2026-07-13T18:04:17Z,2026-07-13T20:04:17+0200,6a5532f0-a5cc-4db7-b3a6-456c40e8ad8e,2026-07-11T04:00:00Z,2026-07-11T06:00:00+0200,625.625,MW,BE,BE,forecast_onshore_wind_generation,Wind Onshore,2026-07-13T18:04:49Z
2026-07-13T18:04:17Z,2026-07-13T20:04:17+0200,6a5532f0-a5cc-4db7-b3a6-456c40e8ad8e,2026-07-11T05:00:00Z,2026-07-11T07:00:00+0200,479.975,MW,BE,BE,forecast_onshore_wind_generation,Wind Onshore,2026-07-13T18:04:49Z
2026-07-13T18:04:17Z,2026-07-13T20:04:17+0200,6a5532f0-a5cc-4db7-b3a6-456c40e8ad8e,2026-07-11T06:00:00Z,2026-07-11T08:00:00+0200,347.55,MW,BE,BE,forecast_onshore_wind_generation,Wind Onshore,2026-07-13T18:04:49Z
2026-07-13T18:04:17Z,2026-07-13T20:04:17+0200,6a5532f0-a5cc-4db7-b3a6-456c40e8ad8e,2026-07-11T07:00:00Z,2026-07-11T09:00:00+0200,297.275,MW,BE,BE,forecast_onshore_wind_generation,Wind Onshore,2026-07-13T18:04:49Z
2026-07-13T18:04:17Z,2026-07-13T20:04:17+0200,6a5532f0-a5cc-4db7-b3a6-456c40e8ad8e,2026-07-11T08:00:00Z,2026-07-11T10:00:00+0200,313.5,MW,BE,BE,forecast_onshore_wind_generation,Wind Onshore,2026-07-13T18:04:49Z
2026-07-13T18:04:17Z,2026-07-13T20:04:17+0200,6a5532f0-a5cc-4db7-b3a6-456c40e8ad8e,2026-07-11T09:00:00Z,2026-07-11T11:00:00+0200,363.125,MW,BE,BE,forecast_onshore_wind_generation,Wind Onshore,2026-07-13T18:04:49Z
2026-07-13T18:04:17Z,2026-07-13T20:04:17+0200,6a5532f0-a5cc-4db7-b3a6-456c40e8ad8e,2026-07-11T10:00:00Z,2026-07-11T12:00:00+0200,394.325,MW,BE,BE,forecast_onshore_wind_generation,Wind Onshore,2026-07-13T18:04:49Z
2026-07-13T18:04:17Z,2026-07-13T20:04:17+0200,6a5532f0-a5cc-4db7-b3a6-456c40e8ad8e,2026-07-11T11:00:00Z,2026-07-11T13:00:00+0200,412.325,MW,BE,BE,forecast_onshore_wind_generation,Wind Onshore,2026-07-13T18:04:49Z
2026-07-13T18:04:17Z,2026-07-13T20:04:17+0200,6a5532f0-a5cc-4db7-b3a6-456c40e8ad8e,2026-07-11T12:00:00Z,2026-07-11T14:00:00+0200,435.525,MW,BE,BE,forecast_onshore_wind_generation,Wind Onshore,2026-07-13T18:04:49Z
2026-07-13T18:04:17Z,2026-07-13T20:04:17+0200,6a5532f0-a5cc-4db7-b3a6-456c40e8ad8e,2026-07-11T13:00:00Z,2026-07-11T15:00:00+0200,474.9,MW,BE,BE,forecast_onshore_wind_generation,Wind Onshore,2026-07-13T18:04:49Z
2026-07-13T18:04:17Z,2026-07-13T20:04:17+0200,6a5532f0-a5cc-4db7-b3a6-456c40e8ad8e,2026-07-11T14:00:00Z,2026-07-11T16:00:00+0200,537.025,MW,BE,BE,forecast_onshore_wind_generation,Wind Onshore,2026-07-13T18:04:49Z
2026-07-13T18:04:17Z,2026-07-13T20:04:17+0200,6a5532f0-a5cc-4db7-b3a6-456c40e8ad8e,2026-07-11T15:00:00Z,2026-07-11T17:00:00+0200,623.05,MW,BE,BE,forecast_onshore_wind_generation,Wind Onshore,2026-07-13T18:04:49Z
2026-07-13T18:04:17Z,2026-07-13T20:04:17+0200,6a5532f0-a5cc-4db7-b3a6-456c40e8ad8e,2026-07-11T16:00:00Z,2026-07-11T18:00:00+0200,718.375,MW,BE,BE,forecast_onshore_wind_generation,Wind Onshore,2026-07-13T18:04:49Z
2026-07-13T18:04:17Z,2026-07-13T20:04:17+0200,6a5532f0-a5cc-4db7-b3a6-456c40e8ad8e,2026-07-11T17:00:00Z,2026-07-11T19:00:00+0200,778.7,MW,BE,BE,forecast_onshore_wind_generation,Wind Onshore,2026-07-13T18:04:49Z
2026-07-13T18:04:17Z,2026-07-13T20:04:17+0200,6a5532f0-a5cc-4db7-b3a6-456c40e8ad8e,2026-07-11T18:00:00Z,2026-07-11T20:00:00+0200,769.375,MW,BE,BE,forecast_onshore_wind_generation,Wind Onshore,2026-07-13T18:04:49Z
2026-07-13T18:04:17Z,2026-07-13T20:04:17+0200,6a5532f0-a5cc-4db7-b3a6-456c40e8ad8e,2026-07-11T19:00:00Z,2026-07-11T21:00:00+0200,765.05,MW,BE,BE,forecast_onshore_wind_generation,Wind Onshore,2026-07-13T18:04:49Z
2026-07-13T18:04:17Z,2026-07-13T20:04:17+0200,6a5532f0-a5cc-4db7-b3a6-456c40e8ad8e,2026-07-11T20:00:00Z,2026-07-11T22:00:00+0200,809.05,MW,BE,BE,forecast_onshore_wind_generation,Wind Onshore,2026-07-13T18:04:49Z
2026-07-13T18:04:17Z,2026-07-13T20:04:17+0200,6a5532f0-a5cc-4db7-b3a6-456c40e8ad8e,2026-07-11T21:00:00Z,2026-07-11T23:00:00+0200,860.075,MW,BE,BE,forecast_onshore_wind_generation,Wind Onshore,2026-07-13T18:04:49Z
2026-07-13T18:04:17Z,2026-07-13T20:04:17+0200,6a5532f0-a5cc-4db7-b3a6-456c40e8ad8e,2026-07-11T22:00:00Z,2026-07-12T00:00:00+0200,861.9,MW,BE,BE,forecast_onshore_wind_generation,Wind Onshore,2026-07-13T18:04:49Z
2026-07-13T18:04:17Z,2026-07-13T20:04:17+0200,6a5532f0-a5cc-4db7-b3a6-456c40e8ad8e,2026-07-11T23:00:00Z,2026-07-12T01:00:00+0200,902.55,MW,BE,BE,forecast_onshore_wind_generation,Wind Onshore,2026-07-13T18:04:49Z
2026-07-13T18:04:17Z,2026-07-13T20:04:17+0200,6a5532f0-a5cc-4db7-b3a6-456c40e8ad8e,2026-07-12T00:00:00Z,2026-07-12T02:00:00+0200,918.475,MW,BE,BE,forecast_onshore_wind_generation,Wind Onshore,2026-07-13T18:04:49Z
2026-07-13T18:04:17Z,2026-07-13T20:04:17+0200,6a5532f0-a5cc-4db7-b3a6-456c40e8ad8e,2026-07-12T01:00:00Z,2026-07-12T03:00:00+0200,906.75,MW,BE,BE,forecast_onshore_wind_generation,Wind Onshore,2026-07-13T18:04:49Z
2026-07-13T18:04:17Z,2026-07-13T20:04:17+0200,6a5532f0-a5cc-4db7-b3a6-456c40e8ad8e,2026-07-12T02:00:00Z,2026-07-12T04:00:00+0200,867.3,MW,BE,BE,forecast_onshore_wind_generation,Wind Onshore,2026-07-13T18:04:49Z
2026-07-13T18:04:17Z,2026-07-13T20:04:17+0200,6a5532f0-a5cc-4db7-b3a6-456c40e8ad8e,2026-07-12T03:00:00Z,2026-07-12T05:00:00+0200,816.1,MW,BE,BE,forecast_onshore_wind_generation,Wind Onshore,2026-07-13T18:04:49Z
2026-07-13T18:04:17Z,2026-07-13T20:04:17+0200,6a5532f0-a5cc-4db7-b3a6-456c40e8ad8e,2026-07-12T04:00:00Z,2026-07-12T06:00:00+0200,757.025,MW,BE,BE,forecast_onshore_wind_generation,Wind Onshore,2026-07-13T18:04:49Z
2026-07-13T18:04:17Z,2026-07-13T20:04:17+0200,6a5532f0-a5cc-4db7-b3a6-456c40e8ad8e,2026-07-12T05:00:00Z,2026-07-12T07:00:00+0200,628.35,MW,BE,BE,forecast_onshore_wind_generation,Wind Onshore,2026-07-13T18:04:49Z
2026-07-13T18:04:17Z,2026-07-13T20:04:17+0200,6a5532f0-a5cc-4db7-b3a6-456c40e8ad8e,2026-07-12T06:00:00Z,2026-07-12T08:00:00+0200,457.1,MW,BE,BE,forecast_onshore_wind_generation,Wind Onshore,2026-07-13T18:04:49Z
2026-07-13T18:04:17Z,2026-07-13T20:04:17+0200,6a5532f0-a5cc-4db7-b3a6-456c40e8ad8e,2026-07-12T07:00:00Z,2026-07-12T09:00:00+0200,372.175,MW,BE,BE,forecast_onshore_wind_generation,Wind Onshore,2026-07-13T18:04:49Z
2026-07-13T18:04:17Z,2026-07-13T20:04:17+0200,6a5532f0-a5cc-4db7-b3a6-456c40e8ad8e,2026-07-12T08:00:00Z,2026-07-12T10:00:00+0200,376.35,MW,BE,BE,forecast_onshore_wind_generation,Wind Onshore,2026-07-13T18:04:49Z
2026-07-13T18:04:17Z,2026-07-13T20:04:17+0200,6a5532f0-a5cc-4db7-b3a6-456c40e8ad8e,2026-07-12T09:00:00Z,2026-07-12T11:00:00+0200,437.8,MW,BE,BE,forecast_onshore_wind_generation,Wind Onshore,2026-07-13T18:04:49Z
2026-07-13T18:04:17Z,2026-07-13T20:04:17+0200,6a5532f0-a5cc-4db7-b3a6-456c40e8ad8e,2026-07-12T10:00:00Z,2026-07-12T12:00:00+0200,540.825,MW,BE,BE,forecast_onshore_wind_generation,Wind Onshore,2026-07-13T18:04:49Z
2026-07-13T18:04:17Z,2026-07-13T20:04:17+0200,6a5532f0-a5cc-4db7-b3a6-456c40e8ad8e,2026-07-12T11:00:00Z,2026-07-12T13:00:00+0200,626.05,MW,BE,BE,forecast_onshore_wind_generation,Wind Onshore,2026-07-13T18:04:49Z
2026-07-13T18:04:17Z,2026-07-13T20:04:17+0200,6a5532f0-a5cc-4db7-b3a6-456c40e8ad8e,2026-07-12T12:00:00Z,2026-07-12T14:00:00+0200,669.975,MW,BE,BE,forecast_onshore_wind_generation,Wind Onshore,2026-07-13T18:04:49Z
2026-07-13T18:04:17Z,2026-07-13T20:04:17+0200,6a5532f0-a5cc-4db7-b3a6-456c40e8ad8e,2026-07-12T13:00:00Z,2026-07-12T15:00:00+0200,703.925,MW,BE,BE,forecast_onshore_wind_generation,Wind Onshore,2026-07-13T18:04:49Z
2026-07-13T18:04:17Z,2026-07-13T20:04:17+0200,6a5532f0-a5cc-4db7-b3a6-456c40e8ad8e,2026-07-12T14:00:00Z,2026-07-12T16:00:00+0200,756.125,MW,BE,BE,forecast_onshore_wind_generation,Wind Onshore,2026-07-13T18:04:49Z
2026-07-13T18:04:17Z,2026-07-13T20:04:17+0200,6a5532f0-a5cc-4db7-b3a6-456c40e8ad8e,2026-07-12T15:00:00Z,2026-07-12T17:00:00+0200,837.025,MW,BE,BE,forecast_onshore_wind_generation,Wind Onshore,2026-07-13T18:04:49Z
2026-07-13T18:04:17Z,2026-07-13T20:04:17+0200,6a5532f0-a5cc-4db7-b3a6-456c40e8ad8e,2026-07-12T16:00:00Z,2026-07-12T18:00:00+0200,946.925,MW,BE,BE,forecast_onshore_wind_generation,Wind Onshore,2026-07-13T18:04:49Z
2026-07-13T18:04:17Z,2026-07-13T20:04:17+0200,6a5532f0-a5cc-4db7-b3a6-456c40e8ad8e,2026-07-12T17:00:00Z,2026-07-12T19:00:00+0200,1068.55,MW,BE,BE,forecast_onshore_wind_generation,Wind Onshore,2026-07-13T18:04:49Z
2026-07-13T18:04:17Z,2026-07-13T20:04:17+0200,6a5532f0-a5cc-4db7-b3a6-456c40e8ad8e,2026-07-12T18:00:00Z,2026-07-12T20:00:00+0200,1185.75,MW,BE,BE,forecast_onshore_wind_generation,Wind Onshore,2026-07-13T18:04:49Z
2026-07-13T18:04:17Z,2026-07-13T20:04:17+0200,6a5532f0-a5cc-4db7-b3a6-456c40e8ad8e,2026-07-12T19:00:00Z,2026-07-12T21:00:00+0200,1315.4,MW,BE,BE,forecast_onshore_wind_generation,Wind Onshore,2026-07-13T18:04:49Z
2026-07-13T18:04:17Z,2026-07-13T20:04:17+0200,6a5532f0-a5cc-4db7-b3a6-456c40e8ad8e,2026-07-12T20:00:00Z,2026-07-12T22:00:00+0200,1424.75,MW,BE,BE,forecast_onshore_wind_generation,Wind Onshore,2026-07-13T18:04:49Z
2026-07-13T18:04:17Z,2026-07-13T20:04:17+0200,6a5532f0-a5cc-4db7-b3a6-456c40e8ad8e,2026-07-12T21:00:00Z,2026-07-12T23:00:00+0200,1442.725,MW,BE,BE,forecast_onshore_wind_generation,Wind Onshore,2026-07-13T18:04:49Z
2026-07-13T18:04:17Z,2026-07-13T20:04:17+0200,6a5532f0-a5cc-4db7-b3a6-456c40e8ad8e,2026-07-12T22:00:00Z,2026-07-13T00:00:00+0200,1309.4,MW,BE,BE,forecast_onshore_wind_generation,Wind Onshore,2026-07-13T18:04:49Z
2026-07-13T18:04:17Z,2026-07-13T20:04:17+0200,6a5532f0-a5cc-4db7-b3a6-456c40e8ad8e,2026-07-12T23:00:00Z,2026-07-13T01:00:00+0200,1177.425,MW,BE,BE,forecast_onshore_wind_generation,Wind Onshore,2026-07-13T18:04:49Z
2026-07-13T18:04:17Z,2026-07-13T20:04:17+0200,6a5532f0-a5cc-4db7-b3a6-456c40e8ad8e,2026-07-13T00:00:00Z,2026-07-13T02:00:00+0200,1055.2,MW,BE,BE,forecast_onshore_wind_generation,Wind Onshore,2026-07-13T18:04:49Z
2026-07-13T18:04:17Z,2026-07-13T20:04:17+0200,6a5532f0-a5cc-4db7-b3a6-456c40e8ad8e,2026-07-13T01:00:00Z,2026-07-13T03:00:00+0200,965.675,MW,BE,BE,forecast_onshore_wind_generation,Wind Onshore,2026-07-13T18:04:49Z
2026-07-13T18:04:17Z,2026-07-13T20:04:17+0200,6a5532f0-a5cc-4db7-b3a6-456c40e8ad8e,2026-07-13T02:00:00Z,2026-07-13T04:00:00+0200,901.15,MW,BE,BE,forecast_onshore_wind_generation,Wind Onshore,2026-07-13T18:04:49Z
2026-07-13T18:04:17Z,2026-07-13T20:04:17+0200,6a5532f0-a5cc-4db7-b3a6-456c40e8ad8e,2026-07-13T03:00:00Z,2026-07-13T05:00:00+0200,829.85,MW,BE,BE,forecast_onshore_wind_generation,Wind Onshore,2026-07-13T18:04:49Z
2026-07-13T18:04:17Z,2026-07-13T20:04:17+0200,6a5532f0-a5cc-4db7-b3a6-456c40e8ad8e,2026-07-13T04:00:00Z,2026-07-13T06:00:00+0200,738.75,MW,BE,BE,forecast_onshore_wind_generation,Wind Onshore,2026-07-13T18:04:49Z
2026-07-13T18:04:17Z,2026-07-13T20:04:17+0200,6a5532f0-a5cc-4db7-b3a6-456c40e8ad8e,2026-07-13T05:00:00Z,2026-07-13T07:00:00+0200,641.85,MW,BE,BE,forecast_onshore_wind_generation,Wind Onshore,2026-07-13T18:04:49Z
2026-07-13T18:04:17Z,2026-07-13T20:04:17+0200,6a5532f0-a5cc-4db7-b3a6-456c40e8ad8e,2026-07-13T06:00:00Z,2026-07-13T08:00:00+0200,553.95,MW,BE,BE,forecast_onshore_wind_generation,Wind Onshore,2026-07-13T18:04:49Z
2026-07-13T18:04:17Z,2026-07-13T20:04:17+0200,6a5532f0-a5cc-4db7-b3a6-456c40e8ad8e,2026-07-13T07:00:00Z,2026-07-13T09:00:00+0200,497.125,MW,BE,BE,forecast_onshore_wind_generation,Wind Onshore,2026-07-13T18:04:49Z
2026-07-13T18:04:17Z,2026-07-13T20:04:17+0200,6a5532f0-a5cc-4db7-b3a6-456c40e8ad8e,2026-07-13T08:00:00Z,2026-07-13T10:00:00+0200,468.825,MW,BE,BE,forecast_onshore_wind_generation,Wind Onshore,2026-07-13T18:04:49Z
2026-07-13T18:04:17Z,2026-07-13T20:04:17+0200,6a5532f0-a5cc-4db7-b3a6-456c40e8ad8e,2026-07-13T09:00:00Z,2026-07-13T11:00:00+0200,447.15,MW,BE,BE,forecast_onshore_wind_generation,Wind Onshore,2026-07-13T18:04:49Z
2026-07-13T18:04:17Z,2026-07-13T20:04:17+0200,6a5532f0-a5cc-4db7-b3a6-456c40e8ad8e,2026-07-13T10:00:00Z,2026-07-13T12:00:00+0200,434.65,MW,BE,BE,forecast_onshore_wind_generation,Wind Onshore,2026-07-13T18:04:49Z
2026-07-13T18:04:17Z,2026-07-13T20:04:17+0200,6a5532f0-a5cc-4db7-b3a6-456c40e8ad8e,2026-07-13T11:00:00Z,2026-07-13T13:00:00+0200,442.25,MW,BE,BE,forecast_onshore_wind_generation,Wind Onshore,2026-07-13T18:04:49Z
2026-07-13T18:04:17Z,2026-07-13T20:04:17+0200,6a5532f0-a5cc-4db7-b3a6-456c40e8ad8e,2026-07-13T12:00:00Z,2026-07-13T14:00:00+0200,464.475,MW,BE,BE,forecast_onshore_wind_generation,Wind Onshore,2026-07-13T18:04:49Z
2026-07-13T18:04:17Z,2026-07-13T20:04:17+0200,6a5532f0-a5cc-4db7-b3a6-456c40e8ad8e,2026-07-13T13:00:00Z,2026-07-13T15:00:00+0200,493.35,MW,BE,BE,forecast_onshore_wind_generation,Wind Onshore,2026-07-13T18:04:49Z
2026-07-13T18:04:17Z,2026-07-13T20:04:17+0200,6a5532f0-a5cc-4db7-b3a6-456c40e8ad8e,2026-07-13T14:00:00Z,2026-07-13T16:00:00+0200,526.125,MW,BE,BE,forecast_onshore_wind_generation,Wind Onshore,2026-07-13T18:04:49Z
2026-07-13T18:04:17Z,2026-07-13T20:04:17+0200,6a5532f0-a5cc-4db7-b3a6-456c40e8ad8e,2026-07-13T15:00:00Z,2026-07-13T17:00:00+0200,575.325,MW,BE,BE,forecast_onshore_wind_generation,Wind Onshore,2026-07-13T18:04:49Z
2026-07-13T18:04:17Z,2026-07-13T20:04:17+0200,6a5532f0-a5cc-4db7-b3a6-456c40e8ad8e,2026-07-13T16:00:00Z,2026-07-13T18:00:00+0200,635.225,MW,BE,BE,forecast_onshore_wind_generation,Wind Onshore,2026-07-13T18:04:49Z
2026-07-13T18:04:17Z,2026-07-13T20:04:17+0200,6a5532f0-a5cc-4db7-b3a6-456c40e8ad8e,2026-07-13T17:00:00Z,2026-07-13T19:00:00+0200,678.175,MW,BE,BE,forecast_onshore_wind_generation,Wind Onshore,2026-07-13T18:04:49Z
