collection_time_utc,collection_time_local,run_id,timestamp_utc,timestamp_local,value,unit,country,entsoe_area,variable,source,updated_at_utc
2026-06-20T01:54:12Z,2026-06-20T03:54:12+0200,c30b8332-6a35-45c7-931f-0dc00a3a2bb4,2026-05-20T02:00:00Z,2026-05-20T04:00:00+0200,7321.97,MW,FR,FR,actual_onshore_wind_generation,Wind Onshore,2026-06-20T01:54:57Z
2026-06-20T01:54:12Z,2026-06-20T03:54:12+0200,c30b8332-6a35-45c7-931f-0dc00a3a2bb4,2026-05-20T02:15:00Z,2026-05-20T04:15:00+0200,7228.54,MW,FR,FR,actual_onshore_wind_generation,Wind Onshore,2026-06-20T01:54:57Z
2026-06-20T01:54:12Z,2026-06-20T03:54:12+0200,c30b8332-6a35-45c7-931f-0dc00a3a2bb4,2026-05-20T02:30:00Z,2026-05-20T04:30:00+0200,7161.65,MW,FR,FR,actual_onshore_wind_generation,Wind Onshore,2026-06-20T01:54:57Z
2026-06-20T01:54:12Z,2026-06-20T03:54:12+0200,c30b8332-6a35-45c7-931f-0dc00a3a2bb4,2026-05-20T02:45:00Z,2026-05-20T04:45:00+0200,7229.05,MW,FR,FR,actual_onshore_wind_generation,Wind Onshore,2026-06-20T01:54:57Z
2026-06-20T01:54:12Z,2026-06-20T03:54:12+0200,c30b8332-6a35-45c7-931f-0dc00a3a2bb4,2026-05-20T03:00:00Z,2026-05-20T05:00:00+0200,7289.15,MW,FR,FR,actual_onshore_wind_generation,Wind Onshore,2026-06-20T01:54:57Z
2026-06-20T01:54:12Z,2026-06-20T03:54:12+0200,c30b8332-6a35-45c7-931f-0dc00a3a2bb4,2026-05-20T03:15:00Z,2026-05-20T05:15:00+0200,7202.23,MW,FR,FR,actual_onshore_wind_generation,Wind Onshore,2026-06-20T01:54:57Z
2026-06-20T01:54:12Z,2026-06-20T03:54:12+0200,c30b8332-6a35-45c7-931f-0dc00a3a2bb4,2026-05-20T03:30:00Z,2026-05-20T05:30:00+0200,7088.49,MW,FR,FR,actual_onshore_wind_generation,Wind Onshore,2026-06-20T01:54:57Z
2026-06-20T01:54:12Z,2026-06-20T03:54:12+0200,c30b8332-6a35-45c7-931f-0dc00a3a2bb4,2026-05-20T03:45:00Z,2026-05-20T05:45:00+0200,7038.5,MW,FR,FR,actual_onshore_wind_generation,Wind Onshore,2026-06-20T01:54:57Z
2026-06-20T01:54:12Z,2026-06-20T03:54:12+0200,c30b8332-6a35-45c7-931f-0dc00a3a2bb4,2026-05-20T04:00:00Z,2026-05-20T06:00:00+0200,7027.66,MW,FR,FR,actual_onshore_wind_generation,Wind Onshore,2026-06-20T01:54:57Z
2026-06-20T01:54:12Z,2026-06-20T03:54:12+0200,c30b8332-6a35-45c7-931f-0dc00a3a2bb4,2026-05-20T04:15:00Z,2026-05-20T06:15:00+0200,7091.47,MW,FR,FR,actual_onshore_wind_generation,Wind Onshore,2026-06-20T01:54:57Z
2026-06-20T01:54:12Z,2026-06-20T03:54:12+0200,c30b8332-6a35-45c7-931f-0dc00a3a2bb4,2026-05-20T04:30:00Z,2026-05-20T06:30:00+0200,7017.02,MW,FR,FR,actual_onshore_wind_generation,Wind Onshore,2026-06-20T01:54:57Z
2026-06-20T01:54:12Z,2026-06-20T03:54:12+0200,c30b8332-6a35-45c7-931f-0dc00a3a2bb4,2026-05-20T04:45:00Z,2026-05-20T06:45:00+0200,6933.04,MW,FR,FR,actual_onshore_wind_generation,Wind Onshore,2026-06-20T01:54:57Z
2026-06-20T01:54:12Z,2026-06-20T03:54:12+0200,c30b8332-6a35-45c7-931f-0dc00a3a2bb4,2026-05-20T05:00:00Z,2026-05-20T07:00:00+0200,6911.27,MW,FR,FR,actual_onshore_wind_generation,Wind Onshore,2026-06-20T01:54:57Z
2026-06-20T01:54:12Z,2026-06-20T03:54:12+0200,c30b8332-6a35-45c7-931f-0dc00a3a2bb4,2026-05-20T05:15:00Z,2026-05-20T07:15:00+0200,6786.09,MW,FR,FR,actual_onshore_wind_generation,Wind Onshore,2026-06-20T01:54:57Z
2026-06-20T01:54:12Z,2026-06-20T03:54:12+0200,c30b8332-6a35-45c7-931f-0dc00a3a2bb4,2026-05-20T05:30:00Z,2026-05-20T07:30:00+0200,6599.6,MW,FR,FR,actual_onshore_wind_generation,Wind Onshore,2026-06-20T01:54:57Z
2026-06-20T01:54:12Z,2026-06-20T03:54:12+0200,c30b8332-6a35-45c7-931f-0dc00a3a2bb4,2026-05-20T05:45:00Z,2026-05-20T07:45:00+0200,6406.86,MW,FR,FR,actual_onshore_wind_generation,Wind Onshore,2026-06-20T01:54:57Z
2026-06-20T01:54:12Z,2026-06-20T03:54:12+0200,c30b8332-6a35-45c7-931f-0dc00a3a2bb4,2026-05-20T06:00:00Z,2026-05-20T08:00:00+0200,6257.03,MW,FR,FR,actual_onshore_wind_generation,Wind Onshore,2026-06-20T01:54:57Z
2026-06-20T01:54:12Z,2026-06-20T03:54:12+0200,c30b8332-6a35-45c7-931f-0dc00a3a2bb4,2026-05-20T06:15:00Z,2026-05-20T08:15:00+0200,6278.86,MW,FR,FR,actual_onshore_wind_generation,Wind Onshore,2026-06-20T01:54:57Z
2026-06-20T01:54:12Z,2026-06-20T03:54:12+0200,c30b8332-6a35-45c7-931f-0dc00a3a2bb4,2026-05-20T06:30:00Z,2026-05-20T08:30:00+0200,6309.14,MW,FR,FR,actual_onshore_wind_generation,Wind Onshore,2026-06-20T01:54:57Z
2026-06-20T01:54:12Z,2026-06-20T03:54:12+0200,c30b8332-6a35-45c7-931f-0dc00a3a2bb4,2026-05-20T06:45:00Z,2026-05-20T08:45:00+0200,6451.76,MW,FR,FR,actual_onshore_wind_generation,Wind Onshore,2026-06-20T01:54:57Z
2026-06-20T01:54:12Z,2026-06-20T03:54:12+0200,c30b8332-6a35-45c7-931f-0dc00a3a2bb4,2026-05-20T07:00:00Z,2026-05-20T09:00:00+0200,6410.98,MW,FR,FR,actual_onshore_wind_generation,Wind Onshore,2026-06-20T01:54:57Z
2026-06-20T01:54:12Z,2026-06-20T03:54:12+0200,c30b8332-6a35-45c7-931f-0dc00a3a2bb4,2026-05-20T07:15:00Z,2026-05-20T09:15:00+0200,6582.55,MW,FR,FR,actual_onshore_wind_generation,Wind Onshore,2026-06-20T01:54:57Z
2026-06-20T01:54:12Z,2026-06-20T03:54:12+0200,c30b8332-6a35-45c7-931f-0dc00a3a2bb4,2026-05-20T07:30:00Z,2026-05-20T09:30:00+0200,6625.48,MW,FR,FR,actual_onshore_wind_generation,Wind Onshore,2026-06-20T01:54:57Z
2026-06-20T01:54:12Z,2026-06-20T03:54:12+0200,c30b8332-6a35-45c7-931f-0dc00a3a2bb4,2026-05-20T07:45:00Z,2026-05-20T09:45:00+0200,6661.13,MW,FR,FR,actual_onshore_wind_generation,Wind Onshore,2026-06-20T01:54:57Z
2026-06-20T01:54:12Z,2026-06-20T03:54:12+0200,c30b8332-6a35-45c7-931f-0dc00a3a2bb4,2026-05-20T08:00:00Z,2026-05-20T10:00:00+0200,6660.07,MW,FR,FR,actual_onshore_wind_generation,Wind Onshore,2026-06-20T01:54:57Z
2026-06-20T01:54:12Z,2026-06-20T03:54:12+0200,c30b8332-6a35-45c7-931f-0dc00a3a2bb4,2026-05-20T08:15:00Z,2026-05-20T10:15:00+0200,6687.9,MW,FR,FR,actual_onshore_wind_generation,Wind Onshore,2026-06-20T01:54:57Z
2026-06-20T01:54:12Z,2026-06-20T03:54:12+0200,c30b8332-6a35-45c7-931f-0dc00a3a2bb4,2026-05-20T08:30:00Z,2026-05-20T10:30:00+0200,6701.12,MW,FR,FR,actual_onshore_wind_generation,Wind Onshore,2026-06-20T01:54:57Z
2026-06-20T01:54:12Z,2026-06-20T03:54:12+0200,c30b8332-6a35-45c7-931f-0dc00a3a2bb4,2026-05-20T08:45:00Z,2026-05-20T10:45:00+0200,6567.77,MW,FR,FR,actual_onshore_wind_generation,Wind Onshore,2026-06-20T01:54:57Z
2026-06-20T01:54:12Z,2026-06-20T03:54:12+0200,c30b8332-6a35-45c7-931f-0dc00a3a2bb4,2026-05-20T09:00:00Z,2026-05-20T11:00:00+0200,6425.75,MW,FR,FR,actual_onshore_wind_generation,Wind Onshore,2026-06-20T01:54:57Z
2026-06-20T01:54:12Z,2026-06-20T03:54:12+0200,c30b8332-6a35-45c7-931f-0dc00a3a2bb4,2026-05-20T09:15:00Z,2026-05-20T11:15:00+0200,6588.82,MW,FR,FR,actual_onshore_wind_generation,Wind Onshore,2026-06-20T01:54:57Z
2026-06-20T01:54:12Z,2026-06-20T03:54:12+0200,c30b8332-6a35-45c7-931f-0dc00a3a2bb4,2026-05-20T09:30:00Z,2026-05-20T11:30:00+0200,6274.81,MW,FR,FR,actual_onshore_wind_generation,Wind Onshore,2026-06-20T01:54:57Z
2026-06-20T01:54:12Z,2026-06-20T03:54:12+0200,c30b8332-6a35-45c7-931f-0dc00a3a2bb4,2026-05-20T09:45:00Z,2026-05-20T11:45:00+0200,5397.21,MW,FR,FR,actual_onshore_wind_generation,Wind Onshore,2026-06-20T01:54:57Z
2026-06-20T01:54:12Z,2026-06-20T03:54:12+0200,c30b8332-6a35-45c7-931f-0dc00a3a2bb4,2026-05-20T10:00:00Z,2026-05-20T12:00:00+0200,5365.95,MW,FR,FR,actual_onshore_wind_generation,Wind Onshore,2026-06-20T01:54:57Z
2026-06-20T01:54:12Z,2026-06-20T03:54:12+0200,c30b8332-6a35-45c7-931f-0dc00a3a2bb4,2026-05-20T10:15:00Z,2026-05-20T12:15:00+0200,5307.91,MW,FR,FR,actual_onshore_wind_generation,Wind Onshore,2026-06-20T01:54:57Z
2026-06-20T01:54:12Z,2026-06-20T03:54:12+0200,c30b8332-6a35-45c7-931f-0dc00a3a2bb4,2026-05-20T10:30:00Z,2026-05-20T12:30:00+0200,5786.88,MW,FR,FR,actual_onshore_wind_generation,Wind Onshore,2026-06-20T01:54:57Z
2026-06-20T01:54:12Z,2026-06-20T03:54:12+0200,c30b8332-6a35-45c7-931f-0dc00a3a2bb4,2026-05-20T10:45:00Z,2026-05-20T12:45:00+0200,5429.16,MW,FR,FR,actual_onshore_wind_generation,Wind Onshore,2026-06-20T01:54:57Z
2026-06-20T01:54:12Z,2026-06-20T03:54:12+0200,c30b8332-6a35-45c7-931f-0dc00a3a2bb4,2026-05-20T11:00:00Z,2026-05-20T13:00:00+0200,5079.3,MW,FR,FR,actual_onshore_wind_generation,Wind Onshore,2026-06-20T01:54:57Z
2026-06-20T01:54:12Z,2026-06-20T03:54:12+0200,c30b8332-6a35-45c7-931f-0dc00a3a2bb4,2026-05-20T11:15:00Z,2026-05-20T13:15:00+0200,5018.74,MW,FR,FR,actual_onshore_wind_generation,Wind Onshore,2026-06-20T01:54:57Z
2026-06-20T01:54:12Z,2026-06-20T03:54:12+0200,c30b8332-6a35-45c7-931f-0dc00a3a2bb4,2026-05-20T11:30:00Z,2026-05-20T13:30:00+0200,4910.38,MW,FR,FR,actual_onshore_wind_generation,Wind Onshore,2026-06-20T01:54:57Z
2026-06-20T01:54:12Z,2026-06-20T03:54:12+0200,c30b8332-6a35-45c7-931f-0dc00a3a2bb4,2026-05-20T11:45:00Z,2026-05-20T13:45:00+0200,4785.33,MW,FR,FR,actual_onshore_wind_generation,Wind Onshore,2026-06-20T01:54:57Z
2026-06-20T01:54:12Z,2026-06-20T03:54:12+0200,c30b8332-6a35-45c7-931f-0dc00a3a2bb4,2026-05-20T12:00:00Z,2026-05-20T14:00:00+0200,4725.52,MW,FR,FR,actual_onshore_wind_generation,Wind Onshore,2026-06-20T01:54:57Z
2026-06-20T01:54:12Z,2026-06-20T03:54:12+0200,c30b8332-6a35-45c7-931f-0dc00a3a2bb4,2026-05-20T12:15:00Z,2026-05-20T14:15:00+0200,4696.64,MW,FR,FR,actual_onshore_wind_generation,Wind Onshore,2026-06-20T01:54:57Z
2026-06-20T01:54:12Z,2026-06-20T03:54:12+0200,c30b8332-6a35-45c7-931f-0dc00a3a2bb4,2026-05-20T12:30:00Z,2026-05-20T14:30:00+0200,4688.93,MW,FR,FR,actual_onshore_wind_generation,Wind Onshore,2026-06-20T01:54:57Z
2026-06-20T01:54:12Z,2026-06-20T03:54:12+0200,c30b8332-6a35-45c7-931f-0dc00a3a2bb4,2026-05-20T12:45:00Z,2026-05-20T14:45:00+0200,4616.5,MW,FR,FR,actual_onshore_wind_generation,Wind Onshore,2026-06-20T01:54:57Z
2026-06-20T01:54:12Z,2026-06-20T03:54:12+0200,c30b8332-6a35-45c7-931f-0dc00a3a2bb4,2026-05-20T13:00:00Z,2026-05-20T15:00:00+0200,4398.79,MW,FR,FR,actual_onshore_wind_generation,Wind Onshore,2026-06-20T01:54:57Z
2026-06-20T01:54:12Z,2026-06-20T03:54:12+0200,c30b8332-6a35-45c7-931f-0dc00a3a2bb4,2026-05-20T13:15:00Z,2026-05-20T15:15:00+0200,4185.07,MW,FR,FR,actual_onshore_wind_generation,Wind Onshore,2026-06-20T01:54:57Z
2026-06-20T01:54:12Z,2026-06-20T03:54:12+0200,c30b8332-6a35-45c7-931f-0dc00a3a2bb4,2026-05-20T13:30:00Z,2026-05-20T15:30:00+0200,4216.74,MW,FR,FR,actual_onshore_wind_generation,Wind Onshore,2026-06-20T01:54:57Z
2026-06-20T01:54:12Z,2026-06-20T03:54:12+0200,c30b8332-6a35-45c7-931f-0dc00a3a2bb4,2026-05-20T13:45:00Z,2026-05-20T15:45:00+0200,4216.78,MW,FR,FR,actual_onshore_wind_generation,Wind Onshore,2026-06-20T01:54:57Z
2026-06-20T01:54:12Z,2026-06-20T03:54:12+0200,c30b8332-6a35-45c7-931f-0dc00a3a2bb4,2026-05-20T14:00:00Z,2026-05-20T16:00:00+0200,4219.63,MW,FR,FR,actual_onshore_wind_generation,Wind Onshore,2026-06-20T01:54:57Z
2026-06-20T01:54:12Z,2026-06-20T03:54:12+0200,c30b8332-6a35-45c7-931f-0dc00a3a2bb4,2026-05-20T14:15:00Z,2026-05-20T16:15:00+0200,4069.32,MW,FR,FR,actual_onshore_wind_generation,Wind Onshore,2026-06-20T01:54:57Z
2026-06-20T01:54:12Z,2026-06-20T03:54:12+0200,c30b8332-6a35-45c7-931f-0dc00a3a2bb4,2026-05-20T14:30:00Z,2026-05-20T16:30:00+0200,3941.64,MW,FR,FR,actual_onshore_wind_generation,Wind Onshore,2026-06-20T01:54:57Z
2026-06-20T01:54:12Z,2026-06-20T03:54:12+0200,c30b8332-6a35-45c7-931f-0dc00a3a2bb4,2026-05-20T14:45:00Z,2026-05-20T16:45:00+0200,3968.63,MW,FR,FR,actual_onshore_wind_generation,Wind Onshore,2026-06-20T01:54:57Z
2026-06-20T01:54:12Z,2026-06-20T03:54:12+0200,c30b8332-6a35-45c7-931f-0dc00a3a2bb4,2026-05-20T15:00:00Z,2026-05-20T17:00:00+0200,3888.15,MW,FR,FR,actual_onshore_wind_generation,Wind Onshore,2026-06-20T01:54:57Z
2026-06-20T01:54:12Z,2026-06-20T03:54:12+0200,c30b8332-6a35-45c7-931f-0dc00a3a2bb4,2026-05-20T15:15:00Z,2026-05-20T17:15:00+0200,4660.58,MW,FR,FR,actual_onshore_wind_generation,Wind Onshore,2026-06-20T01:54:57Z
2026-06-20T01:54:12Z,2026-06-20T03:54:12+0200,c30b8332-6a35-45c7-931f-0dc00a3a2bb4,2026-05-20T15:30:00Z,2026-05-20T17:30:00+0200,4620.76,MW,FR,FR,actual_onshore_wind_generation,Wind Onshore,2026-06-20T01:54:57Z
2026-06-20T01:54:12Z,2026-06-20T03:54:12+0200,c30b8332-6a35-45c7-931f-0dc00a3a2bb4,2026-05-20T15:45:00Z,2026-05-20T17:45:00+0200,4246.92,MW,FR,FR,actual_onshore_wind_generation,Wind Onshore,2026-06-20T01:54:57Z
2026-06-20T01:54:12Z,2026-06-20T03:54:12+0200,c30b8332-6a35-45c7-931f-0dc00a3a2bb4,2026-05-20T16:00:00Z,2026-05-20T18:00:00+0200,4219.4,MW,FR,FR,actual_onshore_wind_generation,Wind Onshore,2026-06-20T01:54:57Z
2026-06-20T01:54:12Z,2026-06-20T03:54:12+0200,c30b8332-6a35-45c7-931f-0dc00a3a2bb4,2026-05-20T16:15:00Z,2026-05-20T18:15:00+0200,4096.54,MW,FR,FR,actual_onshore_wind_generation,Wind Onshore,2026-06-20T01:54:57Z
2026-06-20T01:54:12Z,2026-06-20T03:54:12+0200,c30b8332-6a35-45c7-931f-0dc00a3a2bb4,2026-05-20T16:30:00Z,2026-05-20T18:30:00+0200,3818.67,MW,FR,FR,actual_onshore_wind_generation,Wind Onshore,2026-06-20T01:54:57Z
2026-06-20T01:54:12Z,2026-06-20T03:54:12+0200,c30b8332-6a35-45c7-931f-0dc00a3a2bb4,2026-05-20T16:45:00Z,2026-05-20T18:45:00+0200,3556.8,MW,FR,FR,actual_onshore_wind_generation,Wind Onshore,2026-06-20T01:54:57Z
2026-06-20T01:54:12Z,2026-06-20T03:54:12+0200,c30b8332-6a35-45c7-931f-0dc00a3a2bb4,2026-05-20T17:00:00Z,2026-05-20T19:00:00+0200,3280.82,MW,FR,FR,actual_onshore_wind_generation,Wind Onshore,2026-06-20T01:54:57Z
2026-06-20T01:54:12Z,2026-06-20T03:54:12+0200,c30b8332-6a35-45c7-931f-0dc00a3a2bb4,2026-05-20T17:15:00Z,2026-05-20T19:15:00+0200,3084.31,MW,FR,FR,actual_onshore_wind_generation,Wind Onshore,2026-06-20T01:54:57Z
2026-06-20T01:54:12Z,2026-06-20T03:54:12+0200,c30b8332-6a35-45c7-931f-0dc00a3a2bb4,2026-05-20T17:30:00Z,2026-05-20T19:30:00+0200,2838.16,MW,FR,FR,actual_onshore_wind_generation,Wind Onshore,2026-06-20T01:54:57Z
2026-06-20T01:54:12Z,2026-06-20T03:54:12+0200,c30b8332-6a35-45c7-931f-0dc00a3a2bb4,2026-05-20T17:45:00Z,2026-05-20T19:45:00+0200,2632.16,MW,FR,FR,actual_onshore_wind_generation,Wind Onshore,2026-06-20T01:54:57Z
2026-06-20T01:54:12Z,2026-06-20T03:54:12+0200,c30b8332-6a35-45c7-931f-0dc00a3a2bb4,2026-05-20T18:00:00Z,2026-05-20T20:00:00+0200,2451.81,MW,FR,FR,actual_onshore_wind_generation,Wind Onshore,2026-06-20T01:54:57Z
2026-06-20T01:54:12Z,2026-06-20T03:54:12+0200,c30b8332-6a35-45c7-931f-0dc00a3a2bb4,2026-05-20T18:15:00Z,2026-05-20T20:15:00+0200,2253.8,MW,FR,FR,actual_onshore_wind_generation,Wind Onshore,2026-06-20T01:54:57Z
2026-06-20T01:54:12Z,2026-06-20T03:54:12+0200,c30b8332-6a35-45c7-931f-0dc00a3a2bb4,2026-05-20T18:30:00Z,2026-05-20T20:30:00+0200,2020.56,MW,FR,FR,actual_onshore_wind_generation,Wind Onshore,2026-06-20T01:54:57Z
2026-06-20T01:54:12Z,2026-06-20T03:54:12+0200,c30b8332-6a35-45c7-931f-0dc00a3a2bb4,2026-05-20T18:45:00Z,2026-05-20T20:45:00+0200,1871.09,MW,FR,FR,actual_onshore_wind_generation,Wind Onshore,2026-06-20T01:54:57Z
2026-06-20T01:54:12Z,2026-06-20T03:54:12+0200,c30b8332-6a35-45c7-931f-0dc00a3a2bb4,2026-05-20T19:00:00Z,2026-05-20T21:00:00+0200,1800.05,MW,FR,FR,actual_onshore_wind_generation,Wind Onshore,2026-06-20T01:54:57Z
2026-06-20T01:54:12Z,2026-06-20T03:54:12+0200,c30b8332-6a35-45c7-931f-0dc00a3a2bb4,2026-05-20T19:15:00Z,2026-05-20T21:15:00+0200,1807.25,MW,FR,FR,actual_onshore_wind_generation,Wind Onshore,2026-06-20T01:54:57Z
2026-06-20T01:54:12Z,2026-06-20T03:54:12+0200,c30b8332-6a35-45c7-931f-0dc00a3a2bb4,2026-05-20T19:30:00Z,2026-05-20T21:30:00+0200,1854.95,MW,FR,FR,actual_onshore_wind_generation,Wind Onshore,2026-06-20T01:54:57Z
2026-06-20T01:54:12Z,2026-06-20T03:54:12+0200,c30b8332-6a35-45c7-931f-0dc00a3a2bb4,2026-05-20T19:45:00Z,2026-05-20T21:45:00+0200,1846.73,MW,FR,FR,actual_onshore_wind_generation,Wind Onshore,2026-06-20T01:54:57Z
2026-06-20T01:54:12Z,2026-06-20T03:54:12+0200,c30b8332-6a35-45c7-931f-0dc00a3a2bb4,2026-05-20T20:00:00Z,2026-05-20T22:00:00+0200,1782.09,MW,FR,FR,actual_onshore_wind_generation,Wind Onshore,2026-06-20T01:54:57Z
2026-06-20T01:54:12Z,2026-06-20T03:54:12+0200,c30b8332-6a35-45c7-931f-0dc00a3a2bb4,2026-05-20T20:15:00Z,2026-05-20T22:15:00+0200,1748.17,MW,FR,FR,actual_onshore_wind_generation,Wind Onshore,2026-06-20T01:54:57Z
2026-06-20T01:54:12Z,2026-06-20T03:54:12+0200,c30b8332-6a35-45c7-931f-0dc00a3a2bb4,2026-05-20T20:30:00Z,2026-05-20T22:30:00+0200,1779.02,MW,FR,FR,actual_onshore_wind_generation,Wind Onshore,2026-06-20T01:54:57Z
2026-06-20T01:54:12Z,2026-06-20T03:54:12+0200,c30b8332-6a35-45c7-931f-0dc00a3a2bb4,2026-05-20T20:45:00Z,2026-05-20T22:45:00+0200,1802.46,MW,FR,FR,actual_onshore_wind_generation,Wind Onshore,2026-06-20T01:54:57Z
2026-06-20T01:54:12Z,2026-06-20T03:54:12+0200,c30b8332-6a35-45c7-931f-0dc00a3a2bb4,2026-05-20T21:00:00Z,2026-05-20T23:00:00+0200,1769.94,MW,FR,FR,actual_onshore_wind_generation,Wind Onshore,2026-06-20T01:54:57Z
2026-06-20T01:54:12Z,2026-06-20T03:54:12+0200,c30b8332-6a35-45c7-931f-0dc00a3a2bb4,2026-05-20T21:15:00Z,2026-05-20T23:15:00+0200,1747.71,MW,FR,FR,actual_onshore_wind_generation,Wind Onshore,2026-06-20T01:54:57Z
2026-06-20T01:54:12Z,2026-06-20T03:54:12+0200,c30b8332-6a35-45c7-931f-0dc00a3a2bb4,2026-05-20T21:30:00Z,2026-05-20T23:30:00+0200,1745.8,MW,FR,FR,actual_onshore_wind_generation,Wind Onshore,2026-06-20T01:54:57Z
2026-06-20T01:54:12Z,2026-06-20T03:54:12+0200,c30b8332-6a35-45c7-931f-0dc00a3a2bb4,2026-05-20T21:45:00Z,2026-05-20T23:45:00+0200,1806.55,MW,FR,FR,actual_onshore_wind_generation,Wind Onshore,2026-06-20T01:54:57Z
2026-06-20T01:54:12Z,2026-06-20T03:54:12+0200,c30b8332-6a35-45c7-931f-0dc00a3a2bb4,2026-05-20T22:00:00Z,2026-05-21T00:00:00+0200,1843.33,MW,FR,FR,actual_onshore_wind_generation,Wind Onshore,2026-06-20T01:54:57Z
2026-06-20T01:54:12Z,2026-06-20T03:54:12+0200,c30b8332-6a35-45c7-931f-0dc00a3a2bb4,2026-05-20T22:15:00Z,2026-05-21T00:15:00+0200,1837.97,MW,FR,FR,actual_onshore_wind_generation,Wind Onshore,2026-06-20T01:54:57Z
2026-06-20T01:54:12Z,2026-06-20T03:54:12+0200,c30b8332-6a35-45c7-931f-0dc00a3a2bb4,2026-05-20T22:30:00Z,2026-05-21T00:30:00+0200,1835.79,MW,FR,FR,actual_onshore_wind_generation,Wind Onshore,2026-06-20T01:54:57Z
2026-06-20T01:54:12Z,2026-06-20T03:54:12+0200,c30b8332-6a35-45c7-931f-0dc00a3a2bb4,2026-05-20T22:45:00Z,2026-05-21T00:45:00+0200,1765.84,MW,FR,FR,actual_onshore_wind_generation,Wind Onshore,2026-06-20T01:54:57Z
2026-06-20T01:54:12Z,2026-06-20T03:54:12+0200,c30b8332-6a35-45c7-931f-0dc00a3a2bb4,2026-05-20T23:00:00Z,2026-05-21T01:00:00+0200,1718.18,MW,FR,FR,actual_onshore_wind_generation,Wind Onshore,2026-06-20T01:54:57Z
2026-06-20T01:54:12Z,2026-06-20T03:54:12+0200,c30b8332-6a35-45c7-931f-0dc00a3a2bb4,2026-05-20T23:15:00Z,2026-05-21T01:15:00+0200,1689.45,MW,FR,FR,actual_onshore_wind_generation,Wind Onshore,2026-06-20T01:54:57Z
2026-06-20T01:54:12Z,2026-06-20T03:54:12+0200,c30b8332-6a35-45c7-931f-0dc00a3a2bb4,2026-05-20T23:30:00Z,2026-05-21T01:30:00+0200,1642.37,MW,FR,FR,actual_onshore_wind_generation,Wind Onshore,2026-06-20T01:54:57Z
2026-06-20T01:54:12Z,2026-06-20T03:54:12+0200,c30b8332-6a35-45c7-931f-0dc00a3a2bb4,2026-05-20T23:45:00Z,2026-05-21T01:45:00+0200,1561.88,MW,FR,FR,actual_onshore_wind_generation,Wind Onshore,2026-06-20T01:54:57Z
2026-06-20T01:54:12Z,2026-06-20T03:54:12+0200,c30b8332-6a35-45c7-931f-0dc00a3a2bb4,2026-05-21T00:00:00Z,2026-05-21T02:00:00+0200,1525.85,MW,FR,FR,actual_onshore_wind_generation,Wind Onshore,2026-06-20T01:54:57Z
2026-06-20T01:54:12Z,2026-06-20T03:54:12+0200,c30b8332-6a35-45c7-931f-0dc00a3a2bb4,2026-05-21T00:15:00Z,2026-05-21T02:15:00+0200,1486.95,MW,FR,FR,actual_onshore_wind_generation,Wind Onshore,2026-06-20T01:54:57Z
2026-06-20T01:54:12Z,2026-06-20T03:54:12+0200,c30b8332-6a35-45c7-931f-0dc00a3a2bb4,2026-05-21T00:30:00Z,2026-05-21T02:30:00+0200,1403.06,MW,FR,FR,actual_onshore_wind_generation,Wind Onshore,2026-06-20T01:54:57Z
2026-06-20T01:54:12Z,2026-06-20T03:54:12+0200,c30b8332-6a35-45c7-931f-0dc00a3a2bb4,2026-05-21T00:45:00Z,2026-05-21T02:45:00+0200,1353.2,MW,FR,FR,actual_onshore_wind_generation,Wind Onshore,2026-06-20T01:54:57Z
2026-06-20T01:54:12Z,2026-06-20T03:54:12+0200,c30b8332-6a35-45c7-931f-0dc00a3a2bb4,2026-05-21T01:00:00Z,2026-05-21T03:00:00+0200,1312.81,MW,FR,FR,actual_onshore_wind_generation,Wind Onshore,2026-06-20T01:54:57Z
2026-06-20T01:54:12Z,2026-06-20T03:54:12+0200,c30b8332-6a35-45c7-931f-0dc00a3a2bb4,2026-05-21T01:15:00Z,2026-05-21T03:15:00+0200,1292.24,MW,FR,FR,actual_onshore_wind_generation,Wind Onshore,2026-06-20T01:54:57Z
2026-06-20T01:54:12Z,2026-06-20T03:54:12+0200,c30b8332-6a35-45c7-931f-0dc00a3a2bb4,2026-05-21T01:30:00Z,2026-05-21T03:30:00+0200,1315.84,MW,FR,FR,actual_onshore_wind_generation,Wind Onshore,2026-06-20T01:54:57Z
2026-06-20T01:54:12Z,2026-06-20T03:54:12+0200,c30b8332-6a35-45c7-931f-0dc00a3a2bb4,2026-05-21T01:45:00Z,2026-05-21T03:45:00+0200,1350.07,MW,FR,FR,actual_onshore_wind_generation,Wind Onshore,2026-06-20T01:54:57Z
2026-06-20T01:54:12Z,2026-06-20T03:54:12+0200,c30b8332-6a35-45c7-931f-0dc00a3a2bb4,2026-05-21T02:00:00Z,2026-05-21T04:00:00+0200,1340.88,MW,FR,FR,actual_onshore_wind_generation,Wind Onshore,2026-06-20T01:54:57Z
2026-06-20T01:54:12Z,2026-06-20T03:54:12+0200,c30b8332-6a35-45c7-931f-0dc00a3a2bb4,2026-05-21T02:15:00Z,2026-05-21T04:15:00+0200,1314.43,MW,FR,FR,actual_onshore_wind_generation,Wind Onshore,2026-06-20T01:54:57Z
2026-06-20T01:54:12Z,2026-06-20T03:54:12+0200,c30b8332-6a35-45c7-931f-0dc00a3a2bb4,2026-05-21T02:30:00Z,2026-05-21T04:30:00+0200,1316.77,MW,FR,FR,actual_onshore_wind_generation,Wind Onshore,2026-06-20T01:54:57Z
2026-06-20T01:54:12Z,2026-06-20T03:54:12+0200,c30b8332-6a35-45c7-931f-0dc00a3a2bb4,2026-05-21T02:45:00Z,2026-05-21T04:45:00+0200,1308.9,MW,FR,FR,actual_onshore_wind_generation,Wind Onshore,2026-06-20T01:54:57Z
2026-06-20T01:54:12Z,2026-06-20T03:54:12+0200,c30b8332-6a35-45c7-931f-0dc00a3a2bb4,2026-05-21T03:00:00Z,2026-05-21T05:00:00+0200,1327.45,MW,FR,FR,actual_onshore_wind_generation,Wind Onshore,2026-06-20T01:54:57Z
2026-06-20T01:54:12Z,2026-06-20T03:54:12+0200,c30b8332-6a35-45c7-931f-0dc00a3a2bb4,2026-05-21T03:15:00Z,2026-05-21T05:15:00+0200,1327.92,MW,FR,FR,actual_onshore_wind_generation,Wind Onshore,2026-06-20T01:54:57Z
2026-06-20T01:54:12Z,2026-06-20T03:54:12+0200,c30b8332-6a35-45c7-931f-0dc00a3a2bb4,2026-05-21T03:30:00Z,2026-05-21T05:30:00+0200,1312.04,MW,FR,FR,actual_onshore_wind_generation,Wind Onshore,2026-06-20T01:54:57Z
2026-06-20T01:54:12Z,2026-06-20T03:54:12+0200,c30b8332-6a35-45c7-931f-0dc00a3a2bb4,2026-05-21T03:45:00Z,2026-05-21T05:45:00+0200,1276.73,MW,FR,FR,actual_onshore_wind_generation,Wind Onshore,2026-06-20T01:54:57Z
2026-06-20T01:54:12Z,2026-06-20T03:54:12+0200,c30b8332-6a35-45c7-931f-0dc00a3a2bb4,2026-05-21T04:00:00Z,2026-05-21T06:00:00+0200,1240.13,MW,FR,FR,actual_onshore_wind_generation,Wind Onshore,2026-06-20T01:54:57Z
2026-06-20T01:54:12Z,2026-06-20T03:54:12+0200,c30b8332-6a35-45c7-931f-0dc00a3a2bb4,2026-05-21T04:15:00Z,2026-05-21T06:15:00+0200,1251.46,MW,FR,FR,actual_onshore_wind_generation,Wind Onshore,2026-06-20T01:54:57Z
2026-06-20T01:54:12Z,2026-06-20T03:54:12+0200,c30b8332-6a35-45c7-931f-0dc00a3a2bb4,2026-05-21T04:30:00Z,2026-05-21T06:30:00+0200,1267.95,MW,FR,FR,actual_onshore_wind_generation,Wind Onshore,2026-06-20T01:54:57Z
2026-06-20T01:54:12Z,2026-06-20T03:54:12+0200,c30b8332-6a35-45c7-931f-0dc00a3a2bb4,2026-05-21T04:45:00Z,2026-05-21T06:45:00+0200,1277.25,MW,FR,FR,actual_onshore_wind_generation,Wind Onshore,2026-06-20T01:54:57Z
2026-06-20T01:54:12Z,2026-06-20T03:54:12+0200,c30b8332-6a35-45c7-931f-0dc00a3a2bb4,2026-05-21T05:00:00Z,2026-05-21T07:00:00+0200,1310.94,MW,FR,FR,actual_onshore_wind_generation,Wind Onshore,2026-06-20T01:54:57Z
2026-06-20T01:54:12Z,2026-06-20T03:54:12+0200,c30b8332-6a35-45c7-931f-0dc00a3a2bb4,2026-05-21T05:15:00Z,2026-05-21T07:15:00+0200,1337.12,MW,FR,FR,actual_onshore_wind_generation,Wind Onshore,2026-06-20T01:54:57Z
2026-06-20T01:54:12Z,2026-06-20T03:54:12+0200,c30b8332-6a35-45c7-931f-0dc00a3a2bb4,2026-05-21T05:30:00Z,2026-05-21T07:30:00+0200,1342.25,MW,FR,FR,actual_onshore_wind_generation,Wind Onshore,2026-06-20T01:54:57Z
2026-06-20T01:54:12Z,2026-06-20T03:54:12+0200,c30b8332-6a35-45c7-931f-0dc00a3a2bb4,2026-05-21T05:45:00Z,2026-05-21T07:45:00+0200,1321.25,MW,FR,FR,actual_onshore_wind_generation,Wind Onshore,2026-06-20T01:54:57Z
2026-06-20T01:54:12Z,2026-06-20T03:54:12+0200,c30b8332-6a35-45c7-931f-0dc00a3a2bb4,2026-05-21T06:00:00Z,2026-05-21T08:00:00+0200,1265.96,MW,FR,FR,actual_onshore_wind_generation,Wind Onshore,2026-06-20T01:54:57Z
2026-06-20T01:54:12Z,2026-06-20T03:54:12+0200,c30b8332-6a35-45c7-931f-0dc00a3a2bb4,2026-05-21T06:15:00Z,2026-05-21T08:15:00+0200,1187.93,MW,FR,FR,actual_onshore_wind_generation,Wind Onshore,2026-06-20T01:54:57Z
2026-06-20T01:54:12Z,2026-06-20T03:54:12+0200,c30b8332-6a35-45c7-931f-0dc00a3a2bb4,2026-05-21T06:30:00Z,2026-05-21T08:30:00+0200,1115.24,MW,FR,FR,actual_onshore_wind_generation,Wind Onshore,2026-06-20T01:54:57Z
2026-06-20T01:54:12Z,2026-06-20T03:54:12+0200,c30b8332-6a35-45c7-931f-0dc00a3a2bb4,2026-05-21T06:45:00Z,2026-05-21T08:45:00+0200,1013.1,MW,FR,FR,actual_onshore_wind_generation,Wind Onshore,2026-06-20T01:54:57Z
2026-06-20T01:54:12Z,2026-06-20T03:54:12+0200,c30b8332-6a35-45c7-931f-0dc00a3a2bb4,2026-05-21T07:00:00Z,2026-05-21T09:00:00+0200,934.44,MW,FR,FR,actual_onshore_wind_generation,Wind Onshore,2026-06-20T01:54:57Z
2026-06-20T01:54:12Z,2026-06-20T03:54:12+0200,c30b8332-6a35-45c7-931f-0dc00a3a2bb4,2026-05-21T07:15:00Z,2026-05-21T09:15:00+0200,882.71,MW,FR,FR,actual_onshore_wind_generation,Wind Onshore,2026-06-20T01:54:57Z
2026-06-20T01:54:12Z,2026-06-20T03:54:12+0200,c30b8332-6a35-45c7-931f-0dc00a3a2bb4,2026-05-21T07:30:00Z,2026-05-21T09:30:00+0200,845.75,MW,FR,FR,actual_onshore_wind_generation,Wind Onshore,2026-06-20T01:54:57Z
2026-06-20T01:54:12Z,2026-06-20T03:54:12+0200,c30b8332-6a35-45c7-931f-0dc00a3a2bb4,2026-05-21T07:45:00Z,2026-05-21T09:45:00+0200,833.48,MW,FR,FR,actual_onshore_wind_generation,Wind Onshore,2026-06-20T01:54:57Z
2026-06-20T01:54:12Z,2026-06-20T03:54:12+0200,c30b8332-6a35-45c7-931f-0dc00a3a2bb4,2026-05-21T08:00:00Z,2026-05-21T10:00:00+0200,844.63,MW,FR,FR,actual_onshore_wind_generation,Wind Onshore,2026-06-20T01:54:57Z
2026-06-20T01:54:12Z,2026-06-20T03:54:12+0200,c30b8332-6a35-45c7-931f-0dc00a3a2bb4,2026-05-21T08:15:00Z,2026-05-21T10:15:00+0200,862.29,MW,FR,FR,actual_onshore_wind_generation,Wind Onshore,2026-06-20T01:54:57Z
2026-06-20T01:54:12Z,2026-06-20T03:54:12+0200,c30b8332-6a35-45c7-931f-0dc00a3a2bb4,2026-05-21T08:30:00Z,2026-05-21T10:30:00+0200,831.74,MW,FR,FR,actual_onshore_wind_generation,Wind Onshore,2026-06-20T01:54:57Z
2026-06-20T01:54:12Z,2026-06-20T03:54:12+0200,c30b8332-6a35-45c7-931f-0dc00a3a2bb4,2026-05-21T08:45:00Z,2026-05-21T10:45:00+0200,708.41,MW,FR,FR,actual_onshore_wind_generation,Wind Onshore,2026-06-20T01:54:57Z
2026-06-20T01:54:12Z,2026-06-20T03:54:12+0200,c30b8332-6a35-45c7-931f-0dc00a3a2bb4,2026-05-21T09:00:00Z,2026-05-21T11:00:00+0200,694.71,MW,FR,FR,actual_onshore_wind_generation,Wind Onshore,2026-06-20T01:54:57Z
2026-06-20T01:54:12Z,2026-06-20T03:54:12+0200,c30b8332-6a35-45c7-931f-0dc00a3a2bb4,2026-05-21T09:15:00Z,2026-05-21T11:15:00+0200,693.88,MW,FR,FR,actual_onshore_wind_generation,Wind Onshore,2026-06-20T01:54:57Z
2026-06-20T01:54:12Z,2026-06-20T03:54:12+0200,c30b8332-6a35-45c7-931f-0dc00a3a2bb4,2026-05-21T09:30:00Z,2026-05-21T11:30:00+0200,669.19,MW,FR,FR,actual_onshore_wind_generation,Wind Onshore,2026-06-20T01:54:57Z
2026-06-20T01:54:12Z,2026-06-20T03:54:12+0200,c30b8332-6a35-45c7-931f-0dc00a3a2bb4,2026-05-21T09:45:00Z,2026-05-21T11:45:00+0200,655.84,MW,FR,FR,actual_onshore_wind_generation,Wind Onshore,2026-06-20T01:54:57Z
2026-06-20T01:54:12Z,2026-06-20T03:54:12+0200,c30b8332-6a35-45c7-931f-0dc00a3a2bb4,2026-05-21T10:00:00Z,2026-05-21T12:00:00+0200,745.24,MW,FR,FR,actual_onshore_wind_generation,Wind Onshore,2026-06-20T01:54:57Z
2026-06-20T01:54:12Z,2026-06-20T03:54:12+0200,c30b8332-6a35-45c7-931f-0dc00a3a2bb4,2026-05-21T10:15:00Z,2026-05-21T12:15:00+0200,834.33,MW,FR,FR,actual_onshore_wind_generation,Wind Onshore,2026-06-20T01:54:57Z
2026-06-20T01:54:12Z,2026-06-20T03:54:12+0200,c30b8332-6a35-45c7-931f-0dc00a3a2bb4,2026-05-21T10:30:00Z,2026-05-21T12:30:00+0200,811.24,MW,FR,FR,actual_onshore_wind_generation,Wind Onshore,2026-06-20T01:54:57Z
2026-06-20T01:54:12Z,2026-06-20T03:54:12+0200,c30b8332-6a35-45c7-931f-0dc00a3a2bb4,2026-05-21T10:45:00Z,2026-05-21T12:45:00+0200,750.9,MW,FR,FR,actual_onshore_wind_generation,Wind Onshore,2026-06-20T01:54:57Z
2026-06-20T01:54:12Z,2026-06-20T03:54:12+0200,c30b8332-6a35-45c7-931f-0dc00a3a2bb4,2026-05-21T11:00:00Z,2026-05-21T13:00:00+0200,646.94,MW,FR,FR,actual_onshore_wind_generation,Wind Onshore,2026-06-20T01:54:57Z
2026-06-20T01:54:12Z,2026-06-20T03:54:12+0200,c30b8332-6a35-45c7-931f-0dc00a3a2bb4,2026-05-21T11:15:00Z,2026-05-21T13:15:00+0200,611.8,MW,FR,FR,actual_onshore_wind_generation,Wind Onshore,2026-06-20T01:54:57Z
2026-06-20T01:54:12Z,2026-06-20T03:54:12+0200,c30b8332-6a35-45c7-931f-0dc00a3a2bb4,2026-05-21T11:30:00Z,2026-05-21T13:30:00+0200,607.97,MW,FR,FR,actual_onshore_wind_generation,Wind Onshore,2026-06-20T01:54:57Z
2026-06-20T01:54:12Z,2026-06-20T03:54:12+0200,c30b8332-6a35-45c7-931f-0dc00a3a2bb4,2026-05-21T11:45:00Z,2026-05-21T13:45:00+0200,605.51,MW,FR,FR,actual_onshore_wind_generation,Wind Onshore,2026-06-20T01:54:57Z
2026-06-20T01:54:12Z,2026-06-20T03:54:12+0200,c30b8332-6a35-45c7-931f-0dc00a3a2bb4,2026-05-21T12:00:00Z,2026-05-21T14:00:00+0200,615.28,MW,FR,FR,actual_onshore_wind_generation,Wind Onshore,2026-06-20T01:54:57Z
2026-06-20T01:54:12Z,2026-06-20T03:54:12+0200,c30b8332-6a35-45c7-931f-0dc00a3a2bb4,2026-05-21T12:15:00Z,2026-05-21T14:15:00+0200,628.86,MW,FR,FR,actual_onshore_wind_generation,Wind Onshore,2026-06-20T01:54:57Z
2026-06-20T01:54:12Z,2026-06-20T03:54:12+0200,c30b8332-6a35-45c7-931f-0dc00a3a2bb4,2026-05-21T12:30:00Z,2026-05-21T14:30:00+0200,609.92,MW,FR,FR,actual_onshore_wind_generation,Wind Onshore,2026-06-20T01:54:57Z
2026-06-20T01:54:12Z,2026-06-20T03:54:12+0200,c30b8332-6a35-45c7-931f-0dc00a3a2bb4,2026-05-21T12:45:00Z,2026-05-21T14:45:00+0200,585.25,MW,FR,FR,actual_onshore_wind_generation,Wind Onshore,2026-06-20T01:54:57Z
2026-06-20T01:54:12Z,2026-06-20T03:54:12+0200,c30b8332-6a35-45c7-931f-0dc00a3a2bb4,2026-05-21T13:00:00Z,2026-05-21T15:00:00+0200,599.47,MW,FR,FR,actual_onshore_wind_generation,Wind Onshore,2026-06-20T01:54:57Z
2026-06-20T01:54:12Z,2026-06-20T03:54:12+0200,c30b8332-6a35-45c7-931f-0dc00a3a2bb4,2026-05-21T13:15:00Z,2026-05-21T15:15:00+0200,585.19,MW,FR,FR,actual_onshore_wind_generation,Wind Onshore,2026-06-20T01:54:57Z
2026-06-20T01:54:12Z,2026-06-20T03:54:12+0200,c30b8332-6a35-45c7-931f-0dc00a3a2bb4,2026-05-21T13:30:00Z,2026-05-21T15:30:00+0200,582.06,MW,FR,FR,actual_onshore_wind_generation,Wind Onshore,2026-06-20T01:54:57Z
2026-06-20T01:54:12Z,2026-06-20T03:54:12+0200,c30b8332-6a35-45c7-931f-0dc00a3a2bb4,2026-05-21T13:45:00Z,2026-05-21T15:45:00+0200,598.41,MW,FR,FR,actual_onshore_wind_generation,Wind Onshore,2026-06-20T01:54:57Z
2026-06-20T01:54:12Z,2026-06-20T03:54:12+0200,c30b8332-6a35-45c7-931f-0dc00a3a2bb4,2026-05-21T14:00:00Z,2026-05-21T16:00:00+0200,604.42,MW,FR,FR,actual_onshore_wind_generation,Wind Onshore,2026-06-20T01:54:57Z
2026-06-20T01:54:12Z,2026-06-20T03:54:12+0200,c30b8332-6a35-45c7-931f-0dc00a3a2bb4,2026-05-21T14:15:00Z,2026-05-21T16:15:00+0200,605.48,MW,FR,FR,actual_onshore_wind_generation,Wind Onshore,2026-06-20T01:54:57Z
2026-06-20T01:54:12Z,2026-06-20T03:54:12+0200,c30b8332-6a35-45c7-931f-0dc00a3a2bb4,2026-05-21T14:30:00Z,2026-05-21T16:30:00+0200,606.85,MW,FR,FR,actual_onshore_wind_generation,Wind Onshore,2026-06-20T01:54:57Z
2026-06-20T01:54:12Z,2026-06-20T03:54:12+0200,c30b8332-6a35-45c7-931f-0dc00a3a2bb4,2026-05-21T14:45:00Z,2026-05-21T16:45:00+0200,624.38,MW,FR,FR,actual_onshore_wind_generation,Wind Onshore,2026-06-20T01:54:57Z
2026-06-20T01:54:12Z,2026-06-20T03:54:12+0200,c30b8332-6a35-45c7-931f-0dc00a3a2bb4,2026-05-21T15:00:00Z,2026-05-21T17:00:00+0200,653.06,MW,FR,FR,actual_onshore_wind_generation,Wind Onshore,2026-06-20T01:54:57Z
2026-06-20T01:54:12Z,2026-06-20T03:54:12+0200,c30b8332-6a35-45c7-931f-0dc00a3a2bb4,2026-05-21T15:15:00Z,2026-05-21T17:15:00+0200,810.39,MW,FR,FR,actual_onshore_wind_generation,Wind Onshore,2026-06-20T01:54:57Z
2026-06-20T01:54:12Z,2026-06-20T03:54:12+0200,c30b8332-6a35-45c7-931f-0dc00a3a2bb4,2026-05-21T15:30:00Z,2026-05-21T17:30:00+0200,924.88,MW,FR,FR,actual_onshore_wind_generation,Wind Onshore,2026-06-20T01:54:57Z
2026-06-20T01:54:12Z,2026-06-20T03:54:12+0200,c30b8332-6a35-45c7-931f-0dc00a3a2bb4,2026-05-21T15:45:00Z,2026-05-21T17:45:00+0200,959.56,MW,FR,FR,actual_onshore_wind_generation,Wind Onshore,2026-06-20T01:54:57Z
2026-06-20T01:54:12Z,2026-06-20T03:54:12+0200,c30b8332-6a35-45c7-931f-0dc00a3a2bb4,2026-05-21T16:00:00Z,2026-05-21T18:00:00+0200,960.71,MW,FR,FR,actual_onshore_wind_generation,Wind Onshore,2026-06-20T01:54:57Z
2026-06-20T01:54:12Z,2026-06-20T03:54:12+0200,c30b8332-6a35-45c7-931f-0dc00a3a2bb4,2026-05-21T16:15:00Z,2026-05-21T18:15:00+0200,939.24,MW,FR,FR,actual_onshore_wind_generation,Wind Onshore,2026-06-20T01:54:57Z
2026-06-20T01:54:12Z,2026-06-20T03:54:12+0200,c30b8332-6a35-45c7-931f-0dc00a3a2bb4,2026-05-21T16:30:00Z,2026-05-21T18:30:00+0200,941.6,MW,FR,FR,actual_onshore_wind_generation,Wind Onshore,2026-06-20T01:54:57Z
2026-06-20T01:54:12Z,2026-06-20T03:54:12+0200,c30b8332-6a35-45c7-931f-0dc00a3a2bb4,2026-05-21T16:45:00Z,2026-05-21T18:45:00+0200,934.38,MW,FR,FR,actual_onshore_wind_generation,Wind Onshore,2026-06-20T01:54:57Z
2026-06-20T01:54:12Z,2026-06-20T03:54:12+0200,c30b8332-6a35-45c7-931f-0dc00a3a2bb4,2026-05-21T17:00:00Z,2026-05-21T19:00:00+0200,940.6,MW,FR,FR,actual_onshore_wind_generation,Wind Onshore,2026-06-20T01:54:57Z
2026-06-20T01:54:12Z,2026-06-20T03:54:12+0200,c30b8332-6a35-45c7-931f-0dc00a3a2bb4,2026-05-21T17:15:00Z,2026-05-21T19:15:00+0200,946.49,MW,FR,FR,actual_onshore_wind_generation,Wind Onshore,2026-06-20T01:54:57Z
2026-06-20T01:54:12Z,2026-06-20T03:54:12+0200,c30b8332-6a35-45c7-931f-0dc00a3a2bb4,2026-05-21T17:30:00Z,2026-05-21T19:30:00+0200,975.97,MW,FR,FR,actual_onshore_wind_generation,Wind Onshore,2026-06-20T01:54:57Z
2026-06-20T01:54:12Z,2026-06-20T03:54:12+0200,c30b8332-6a35-45c7-931f-0dc00a3a2bb4,2026-05-21T17:45:00Z,2026-05-21T19:45:00+0200,1002.81,MW,FR,FR,actual_onshore_wind_generation,Wind Onshore,2026-06-20T01:54:57Z
2026-06-20T01:54:12Z,2026-06-20T03:54:12+0200,c30b8332-6a35-45c7-931f-0dc00a3a2bb4,2026-05-21T18:00:00Z,2026-05-21T20:00:00+0200,1019.13,MW,FR,FR,actual_onshore_wind_generation,Wind Onshore,2026-06-20T01:54:57Z
2026-06-20T01:54:12Z,2026-06-20T03:54:12+0200,c30b8332-6a35-45c7-931f-0dc00a3a2bb4,2026-05-21T18:15:00Z,2026-05-21T20:15:00+0200,1051.24,MW,FR,FR,actual_onshore_wind_generation,Wind Onshore,2026-06-20T01:54:57Z
2026-06-20T01:54:12Z,2026-06-20T03:54:12+0200,c30b8332-6a35-45c7-931f-0dc00a3a2bb4,2026-05-21T18:30:00Z,2026-05-21T20:30:00+0200,1104.89,MW,FR,FR,actual_onshore_wind_generation,Wind Onshore,2026-06-20T01:54:57Z
2026-06-20T01:54:12Z,2026-06-20T03:54:12+0200,c30b8332-6a35-45c7-931f-0dc00a3a2bb4,2026-05-21T18:45:00Z,2026-05-21T20:45:00+0200,1191.66,MW,FR,FR,actual_onshore_wind_generation,Wind Onshore,2026-06-20T01:54:57Z
2026-06-20T01:54:12Z,2026-06-20T03:54:12+0200,c30b8332-6a35-45c7-931f-0dc00a3a2bb4,2026-05-21T19:00:00Z,2026-05-21T21:00:00+0200,1290.77,MW,FR,FR,actual_onshore_wind_generation,Wind Onshore,2026-06-20T01:54:57Z
2026-06-20T01:54:12Z,2026-06-20T03:54:12+0200,c30b8332-6a35-45c7-931f-0dc00a3a2bb4,2026-05-21T19:15:00Z,2026-05-21T21:15:00+0200,1391.65,MW,FR,FR,actual_onshore_wind_generation,Wind Onshore,2026-06-20T01:54:57Z
2026-06-20T01:54:12Z,2026-06-20T03:54:12+0200,c30b8332-6a35-45c7-931f-0dc00a3a2bb4,2026-05-21T19:30:00Z,2026-05-21T21:30:00+0200,1514.82,MW,FR,FR,actual_onshore_wind_generation,Wind Onshore,2026-06-20T01:54:57Z
2026-06-20T01:54:12Z,2026-06-20T03:54:12+0200,c30b8332-6a35-45c7-931f-0dc00a3a2bb4,2026-05-21T19:45:00Z,2026-05-21T21:45:00+0200,1646.48,MW,FR,FR,actual_onshore_wind_generation,Wind Onshore,2026-06-20T01:54:57Z
2026-06-20T01:54:12Z,2026-06-20T03:54:12+0200,c30b8332-6a35-45c7-931f-0dc00a3a2bb4,2026-05-21T20:00:00Z,2026-05-21T22:00:00+0200,1794.88,MW,FR,FR,actual_onshore_wind_generation,Wind Onshore,2026-06-20T01:54:57Z
2026-06-20T01:54:12Z,2026-06-20T03:54:12+0200,c30b8332-6a35-45c7-931f-0dc00a3a2bb4,2026-05-21T20:15:00Z,2026-05-21T22:15:00+0200,1930.48,MW,FR,FR,actual_onshore_wind_generation,Wind Onshore,2026-06-20T01:54:57Z
2026-06-20T01:54:12Z,2026-06-20T03:54:12+0200,c30b8332-6a35-45c7-931f-0dc00a3a2bb4,2026-05-21T20:30:00Z,2026-05-21T22:30:00+0200,2053.42,MW,FR,FR,actual_onshore_wind_generation,Wind Onshore,2026-06-20T01:54:57Z
2026-06-20T01:54:12Z,2026-06-20T03:54:12+0200,c30b8332-6a35-45c7-931f-0dc00a3a2bb4,2026-05-21T20:45:00Z,2026-05-21T22:45:00+0200,2196.94,MW,FR,FR,actual_onshore_wind_generation,Wind Onshore,2026-06-20T01:54:57Z
2026-06-20T01:54:12Z,2026-06-20T03:54:12+0200,c30b8332-6a35-45c7-931f-0dc00a3a2bb4,2026-05-21T21:00:00Z,2026-05-21T23:00:00+0200,2354.41,MW,FR,FR,actual_onshore_wind_generation,Wind Onshore,2026-06-20T01:54:57Z
2026-06-20T01:54:12Z,2026-06-20T03:54:12+0200,c30b8332-6a35-45c7-931f-0dc00a3a2bb4,2026-05-21T21:15:00Z,2026-05-21T23:15:00+0200,2446.55,MW,FR,FR,actual_onshore_wind_generation,Wind Onshore,2026-06-20T01:54:57Z
2026-06-20T01:54:12Z,2026-06-20T03:54:12+0200,c30b8332-6a35-45c7-931f-0dc00a3a2bb4,2026-05-21T21:30:00Z,2026-05-21T23:30:00+0200,2530.56,MW,FR,FR,actual_onshore_wind_generation,Wind Onshore,2026-06-20T01:54:57Z
2026-06-20T01:54:12Z,2026-06-20T03:54:12+0200,c30b8332-6a35-45c7-931f-0dc00a3a2bb4,2026-05-21T21:45:00Z,2026-05-21T23:45:00+0200,2618.4,MW,FR,FR,actual_onshore_wind_generation,Wind Onshore,2026-06-20T01:54:57Z
2026-06-20T01:54:12Z,2026-06-20T03:54:12+0200,c30b8332-6a35-45c7-931f-0dc00a3a2bb4,2026-05-21T22:00:00Z,2026-05-22T00:00:00+0200,2710.39,MW,FR,FR,actual_onshore_wind_generation,Wind Onshore,2026-06-20T01:54:57Z
2026-06-20T01:54:12Z,2026-06-20T03:54:12+0200,c30b8332-6a35-45c7-931f-0dc00a3a2bb4,2026-05-21T22:15:00Z,2026-05-22T00:15:00+0200,2773.49,MW,FR,FR,actual_onshore_wind_generation,Wind Onshore,2026-06-20T01:54:57Z
2026-06-20T01:54:12Z,2026-06-20T03:54:12+0200,c30b8332-6a35-45c7-931f-0dc00a3a2bb4,2026-05-21T22:30:00Z,2026-05-22T00:30:00+0200,2822.93,MW,FR,FR,actual_onshore_wind_generation,Wind Onshore,2026-06-20T01:54:57Z
2026-06-20T01:54:12Z,2026-06-20T03:54:12+0200,c30b8332-6a35-45c7-931f-0dc00a3a2bb4,2026-05-21T22:45:00Z,2026-05-22T00:45:00+0200,2879.97,MW,FR,FR,actual_onshore_wind_generation,Wind Onshore,2026-06-20T01:54:57Z
2026-06-20T01:54:12Z,2026-06-20T03:54:12+0200,c30b8332-6a35-45c7-931f-0dc00a3a2bb4,2026-05-21T23:00:00Z,2026-05-22T01:00:00+0200,2895.71,MW,FR,FR,actual_onshore_wind_generation,Wind Onshore,2026-06-20T01:54:57Z
2026-06-20T01:54:12Z,2026-06-20T03:54:12+0200,c30b8332-6a35-45c7-931f-0dc00a3a2bb4,2026-05-21T23:15:00Z,2026-05-22T01:15:00+0200,2861.37,MW,FR,FR,actual_onshore_wind_generation,Wind Onshore,2026-06-20T01:54:57Z
2026-06-20T01:54:12Z,2026-06-20T03:54:12+0200,c30b8332-6a35-45c7-931f-0dc00a3a2bb4,2026-05-21T23:30:00Z,2026-05-22T01:30:00+0200,2848.48,MW,FR,FR,actual_onshore_wind_generation,Wind Onshore,2026-06-20T01:54:57Z
2026-06-20T01:54:12Z,2026-06-20T03:54:12+0200,c30b8332-6a35-45c7-931f-0dc00a3a2bb4,2026-05-21T23:45:00Z,2026-05-22T01:45:00+0200,2843.49,MW,FR,FR,actual_onshore_wind_generation,Wind Onshore,2026-06-20T01:54:57Z
2026-06-20T01:54:12Z,2026-06-20T03:54:12+0200,c30b8332-6a35-45c7-931f-0dc00a3a2bb4,2026-05-22T00:00:00Z,2026-05-22T02:00:00+0200,2820.72,MW,FR,FR,actual_onshore_wind_generation,Wind Onshore,2026-06-20T01:54:57Z
2026-06-20T01:54:12Z,2026-06-20T03:54:12+0200,c30b8332-6a35-45c7-931f-0dc00a3a2bb4,2026-05-22T00:15:00Z,2026-05-22T02:15:00+0200,2778.09,MW,FR,FR,actual_onshore_wind_generation,Wind Onshore,2026-06-20T01:54:57Z
2026-06-20T01:54:12Z,2026-06-20T03:54:12+0200,c30b8332-6a35-45c7-931f-0dc00a3a2bb4,2026-05-22T00:30:00Z,2026-05-22T02:30:00+0200,2766.91,MW,FR,FR,actual_onshore_wind_generation,Wind Onshore,2026-06-20T01:54:57Z
2026-06-20T01:54:12Z,2026-06-20T03:54:12+0200,c30b8332-6a35-45c7-931f-0dc00a3a2bb4,2026-05-22T00:45:00Z,2026-05-22T02:45:00+0200,2711.95,MW,FR,FR,actual_onshore_wind_generation,Wind Onshore,2026-06-20T01:54:57Z
2026-06-20T01:54:12Z,2026-06-20T03:54:12+0200,c30b8332-6a35-45c7-931f-0dc00a3a2bb4,2026-05-22T01:00:00Z,2026-05-22T03:00:00+0200,2635.59,MW,FR,FR,actual_onshore_wind_generation,Wind Onshore,2026-06-20T01:54:57Z
2026-06-20T01:54:12Z,2026-06-20T03:54:12+0200,c30b8332-6a35-45c7-931f-0dc00a3a2bb4,2026-05-22T01:15:00Z,2026-05-22T03:15:00+0200,2541.6,MW,FR,FR,actual_onshore_wind_generation,Wind Onshore,2026-06-20T01:54:57Z
2026-06-20T01:54:12Z,2026-06-20T03:54:12+0200,c30b8332-6a35-45c7-931f-0dc00a3a2bb4,2026-05-22T01:30:00Z,2026-05-22T03:30:00+0200,2472.17,MW,FR,FR,actual_onshore_wind_generation,Wind Onshore,2026-06-20T01:54:57Z
2026-06-20T01:54:12Z,2026-06-20T03:54:12+0200,c30b8332-6a35-45c7-931f-0dc00a3a2bb4,2026-05-22T01:45:00Z,2026-05-22T03:45:00+0200,2360.95,MW,FR,FR,actual_onshore_wind_generation,Wind Onshore,2026-06-20T01:54:57Z
2026-06-20T01:54:12Z,2026-06-20T03:54:12+0200,c30b8332-6a35-45c7-931f-0dc00a3a2bb4,2026-05-22T02:00:00Z,2026-05-22T04:00:00+0200,2253.19,MW,FR,FR,actual_onshore_wind_generation,Wind Onshore,2026-06-20T01:54:57Z
2026-06-20T01:54:12Z,2026-06-20T03:54:12+0200,c30b8332-6a35-45c7-931f-0dc00a3a2bb4,2026-05-22T02:15:00Z,2026-05-22T04:15:00+0200,2144.17,MW,FR,FR,actual_onshore_wind_generation,Wind Onshore,2026-06-20T01:54:57Z
2026-06-20T01:54:12Z,2026-06-20T03:54:12+0200,c30b8332-6a35-45c7-931f-0dc00a3a2bb4,2026-05-22T02:30:00Z,2026-05-22T04:30:00+0200,2052.47,MW,FR,FR,actual_onshore_wind_generation,Wind Onshore,2026-06-20T01:54:57Z
2026-06-20T01:54:12Z,2026-06-20T03:54:12+0200,c30b8332-6a35-45c7-931f-0dc00a3a2bb4,2026-05-22T02:45:00Z,2026-05-22T04:45:00+0200,2001.9,MW,FR,FR,actual_onshore_wind_generation,Wind Onshore,2026-06-20T01:54:57Z
2026-06-20T01:54:12Z,2026-06-20T03:54:12+0200,c30b8332-6a35-45c7-931f-0dc00a3a2bb4,2026-05-22T03:00:00Z,2026-05-22T05:00:00+0200,1959.8,MW,FR,FR,actual_onshore_wind_generation,Wind Onshore,2026-06-20T01:54:57Z
2026-06-20T01:54:12Z,2026-06-20T03:54:12+0200,c30b8332-6a35-45c7-931f-0dc00a3a2bb4,2026-05-22T03:15:00Z,2026-05-22T05:15:00+0200,1918.69,MW,FR,FR,actual_onshore_wind_generation,Wind Onshore,2026-06-20T01:54:57Z
2026-06-20T01:54:12Z,2026-06-20T03:54:12+0200,c30b8332-6a35-45c7-931f-0dc00a3a2bb4,2026-05-22T03:30:00Z,2026-05-22T05:30:00+0200,1873.43,MW,FR,FR,actual_onshore_wind_generation,Wind Onshore,2026-06-20T01:54:57Z
2026-06-20T01:54:12Z,2026-06-20T03:54:12+0200,c30b8332-6a35-45c7-931f-0dc00a3a2bb4,2026-05-22T03:45:00Z,2026-05-22T05:45:00+0200,1857.21,MW,FR,FR,actual_onshore_wind_generation,Wind Onshore,2026-06-20T01:54:57Z
2026-06-20T01:54:12Z,2026-06-20T03:54:12+0200,c30b8332-6a35-45c7-931f-0dc00a3a2bb4,2026-05-22T04:00:00Z,2026-05-22T06:00:00+0200,1877.68,MW,FR,FR,actual_onshore_wind_generation,Wind Onshore,2026-06-20T01:54:57Z
2026-06-20T01:54:12Z,2026-06-20T03:54:12+0200,c30b8332-6a35-45c7-931f-0dc00a3a2bb4,2026-05-22T04:15:00Z,2026-05-22T06:15:00+0200,1917.88,MW,FR,FR,actual_onshore_wind_generation,Wind Onshore,2026-06-20T01:54:57Z
2026-06-20T01:54:12Z,2026-06-20T03:54:12+0200,c30b8332-6a35-45c7-931f-0dc00a3a2bb4,2026-05-22T04:30:00Z,2026-05-22T06:30:00+0200,1927.63,MW,FR,FR,actual_onshore_wind_generation,Wind Onshore,2026-06-20T01:54:57Z
2026-06-20T01:54:12Z,2026-06-20T03:54:12+0200,c30b8332-6a35-45c7-931f-0dc00a3a2bb4,2026-05-22T04:45:00Z,2026-05-22T06:45:00+0200,1917.54,MW,FR,FR,actual_onshore_wind_generation,Wind Onshore,2026-06-20T01:54:57Z
2026-06-20T01:54:12Z,2026-06-20T03:54:12+0200,c30b8332-6a35-45c7-931f-0dc00a3a2bb4,2026-05-22T05:00:00Z,2026-05-22T07:00:00+0200,1943.27,MW,FR,FR,actual_onshore_wind_generation,Wind Onshore,2026-06-20T01:54:57Z
2026-06-20T01:54:12Z,2026-06-20T03:54:12+0200,c30b8332-6a35-45c7-931f-0dc00a3a2bb4,2026-05-22T05:15:00Z,2026-05-22T07:15:00+0200,1937.04,MW,FR,FR,actual_onshore_wind_generation,Wind Onshore,2026-06-20T01:54:57Z
2026-06-20T01:54:12Z,2026-06-20T03:54:12+0200,c30b8332-6a35-45c7-931f-0dc00a3a2bb4,2026-05-22T05:30:00Z,2026-05-22T07:30:00+0200,1909.71,MW,FR,FR,actual_onshore_wind_generation,Wind Onshore,2026-06-20T01:54:57Z
2026-06-20T01:54:12Z,2026-06-20T03:54:12+0200,c30b8332-6a35-45c7-931f-0dc00a3a2bb4,2026-05-22T05:45:00Z,2026-05-22T07:45:00+0200,1880.6,MW,FR,FR,actual_onshore_wind_generation,Wind Onshore,2026-06-20T01:54:57Z
2026-06-20T01:54:12Z,2026-06-20T03:54:12+0200,c30b8332-6a35-45c7-931f-0dc00a3a2bb4,2026-05-22T06:00:00Z,2026-05-22T08:00:00+0200,1784.99,MW,FR,FR,actual_onshore_wind_generation,Wind Onshore,2026-06-20T01:54:57Z
2026-06-20T01:54:12Z,2026-06-20T03:54:12+0200,c30b8332-6a35-45c7-931f-0dc00a3a2bb4,2026-05-22T06:15:00Z,2026-05-22T08:15:00+0200,1655.01,MW,FR,FR,actual_onshore_wind_generation,Wind Onshore,2026-06-20T01:54:57Z
2026-06-20T01:54:12Z,2026-06-20T03:54:12+0200,c30b8332-6a35-45c7-931f-0dc00a3a2bb4,2026-05-22T06:30:00Z,2026-05-22T08:30:00+0200,1462.83,MW,FR,FR,actual_onshore_wind_generation,Wind Onshore,2026-06-20T01:54:57Z
2026-06-20T01:54:12Z,2026-06-20T03:54:12+0200,c30b8332-6a35-45c7-931f-0dc00a3a2bb4,2026-05-22T06:45:00Z,2026-05-22T08:45:00+0200,1257.21,MW,FR,FR,actual_onshore_wind_generation,Wind Onshore,2026-06-20T01:54:57Z
2026-06-20T01:54:12Z,2026-06-20T03:54:12+0200,c30b8332-6a35-45c7-931f-0dc00a3a2bb4,2026-05-22T07:00:00Z,2026-05-22T09:00:00+0200,1058.99,MW,FR,FR,actual_onshore_wind_generation,Wind Onshore,2026-06-20T01:54:57Z
2026-06-20T01:54:12Z,2026-06-20T03:54:12+0200,c30b8332-6a35-45c7-931f-0dc00a3a2bb4,2026-05-22T07:15:00Z,2026-05-22T09:15:00+0200,907.41,MW,FR,FR,actual_onshore_wind_generation,Wind Onshore,2026-06-20T01:54:57Z
2026-06-20T01:54:12Z,2026-06-20T03:54:12+0200,c30b8332-6a35-45c7-931f-0dc00a3a2bb4,2026-05-22T07:30:00Z,2026-05-22T09:30:00+0200,818.56,MW,FR,FR,actual_onshore_wind_generation,Wind Onshore,2026-06-20T01:54:57Z
2026-06-20T01:54:12Z,2026-06-20T03:54:12+0200,c30b8332-6a35-45c7-931f-0dc00a3a2bb4,2026-05-22T07:45:00Z,2026-05-22T09:45:00+0200,761.02,MW,FR,FR,actual_onshore_wind_generation,Wind Onshore,2026-06-20T01:54:57Z
2026-06-20T01:54:12Z,2026-06-20T03:54:12+0200,c30b8332-6a35-45c7-931f-0dc00a3a2bb4,2026-05-22T08:00:00Z,2026-05-22T10:00:00+0200,706.31,MW,FR,FR,actual_onshore_wind_generation,Wind Onshore,2026-06-20T01:54:57Z
2026-06-20T01:54:12Z,2026-06-20T03:54:12+0200,c30b8332-6a35-45c7-931f-0dc00a3a2bb4,2026-05-22T08:15:00Z,2026-05-22T10:15:00+0200,680.34,MW,FR,FR,actual_onshore_wind_generation,Wind Onshore,2026-06-20T01:54:57Z
2026-06-20T01:54:12Z,2026-06-20T03:54:12+0200,c30b8332-6a35-45c7-931f-0dc00a3a2bb4,2026-05-22T08:30:00Z,2026-05-22T10:30:00+0200,667.55,MW,FR,FR,actual_onshore_wind_generation,Wind Onshore,2026-06-20T01:54:57Z
2026-06-20T01:54:12Z,2026-06-20T03:54:12+0200,c30b8332-6a35-45c7-931f-0dc00a3a2bb4,2026-05-22T08:45:00Z,2026-05-22T10:45:00+0200,662.94,MW,FR,FR,actual_onshore_wind_generation,Wind Onshore,2026-06-20T01:54:57Z
2026-06-20T01:54:12Z,2026-06-20T03:54:12+0200,c30b8332-6a35-45c7-931f-0dc00a3a2bb4,2026-05-22T09:00:00Z,2026-05-22T11:00:00+0200,659.6,MW,FR,FR,actual_onshore_wind_generation,Wind Onshore,2026-06-20T01:54:57Z
2026-06-20T01:54:12Z,2026-06-20T03:54:12+0200,c30b8332-6a35-45c7-931f-0dc00a3a2bb4,2026-05-22T09:15:00Z,2026-05-22T11:15:00+0200,674.39,MW,FR,FR,actual_onshore_wind_generation,Wind Onshore,2026-06-20T01:54:57Z
2026-06-20T01:54:12Z,2026-06-20T03:54:12+0200,c30b8332-6a35-45c7-931f-0dc00a3a2bb4,2026-05-22T09:30:00Z,2026-05-22T11:30:00+0200,663.7,MW,FR,FR,actual_onshore_wind_generation,Wind Onshore,2026-06-20T01:54:57Z
2026-06-20T01:54:12Z,2026-06-20T03:54:12+0200,c30b8332-6a35-45c7-931f-0dc00a3a2bb4,2026-05-22T09:45:00Z,2026-05-22T11:45:00+0200,705.58,MW,FR,FR,actual_onshore_wind_generation,Wind Onshore,2026-06-20T01:54:57Z
2026-06-20T01:54:12Z,2026-06-20T03:54:12+0200,c30b8332-6a35-45c7-931f-0dc00a3a2bb4,2026-05-22T10:00:00Z,2026-05-22T12:00:00+0200,728.64,MW,FR,FR,actual_onshore_wind_generation,Wind Onshore,2026-06-20T01:54:57Z
2026-06-20T01:54:12Z,2026-06-20T03:54:12+0200,c30b8332-6a35-45c7-931f-0dc00a3a2bb4,2026-05-22T10:15:00Z,2026-05-22T12:15:00+0200,741.09,MW,FR,FR,actual_onshore_wind_generation,Wind Onshore,2026-06-20T01:54:57Z
2026-06-20T01:54:12Z,2026-06-20T03:54:12+0200,c30b8332-6a35-45c7-931f-0dc00a3a2bb4,2026-05-22T10:30:00Z,2026-05-22T12:30:00+0200,708.45,MW,FR,FR,actual_onshore_wind_generation,Wind Onshore,2026-06-20T01:54:57Z
2026-06-20T01:54:12Z,2026-06-20T03:54:12+0200,c30b8332-6a35-45c7-931f-0dc00a3a2bb4,2026-05-22T10:45:00Z,2026-05-22T12:45:00+0200,597.01,MW,FR,FR,actual_onshore_wind_generation,Wind Onshore,2026-06-20T01:54:57Z
2026-06-20T01:54:12Z,2026-06-20T03:54:12+0200,c30b8332-6a35-45c7-931f-0dc00a3a2bb4,2026-05-22T11:00:00Z,2026-05-22T13:00:00+0200,587.29,MW,FR,FR,actual_onshore_wind_generation,Wind Onshore,2026-06-20T01:54:57Z
2026-06-20T01:54:12Z,2026-06-20T03:54:12+0200,c30b8332-6a35-45c7-931f-0dc00a3a2bb4,2026-05-22T11:15:00Z,2026-05-22T13:15:00+0200,590.98,MW,FR,FR,actual_onshore_wind_generation,Wind Onshore,2026-06-20T01:54:57Z
2026-06-20T01:54:12Z,2026-06-20T03:54:12+0200,c30b8332-6a35-45c7-931f-0dc00a3a2bb4,2026-05-22T11:30:00Z,2026-05-22T13:30:00+0200,578.16,MW,FR,FR,actual_onshore_wind_generation,Wind Onshore,2026-06-20T01:54:57Z
2026-06-20T01:54:12Z,2026-06-20T03:54:12+0200,c30b8332-6a35-45c7-931f-0dc00a3a2bb4,2026-05-22T11:45:00Z,2026-05-22T13:45:00+0200,579.72,MW,FR,FR,actual_onshore_wind_generation,Wind Onshore,2026-06-20T01:54:57Z
2026-06-20T01:54:12Z,2026-06-20T03:54:12+0200,c30b8332-6a35-45c7-931f-0dc00a3a2bb4,2026-05-22T12:00:00Z,2026-05-22T14:00:00+0200,579.16,MW,FR,FR,actual_onshore_wind_generation,Wind Onshore,2026-06-20T01:54:57Z
2026-06-20T01:54:12Z,2026-06-20T03:54:12+0200,c30b8332-6a35-45c7-931f-0dc00a3a2bb4,2026-05-22T12:15:00Z,2026-05-22T14:15:00+0200,571.3,MW,FR,FR,actual_onshore_wind_generation,Wind Onshore,2026-06-20T01:54:57Z
2026-06-20T01:54:12Z,2026-06-20T03:54:12+0200,c30b8332-6a35-45c7-931f-0dc00a3a2bb4,2026-05-22T12:30:00Z,2026-05-22T14:30:00+0200,563.27,MW,FR,FR,actual_onshore_wind_generation,Wind Onshore,2026-06-20T01:54:57Z
2026-06-20T01:54:12Z,2026-06-20T03:54:12+0200,c30b8332-6a35-45c7-931f-0dc00a3a2bb4,2026-05-22T12:45:00Z,2026-05-22T14:45:00+0200,575.19,MW,FR,FR,actual_onshore_wind_generation,Wind Onshore,2026-06-20T01:54:57Z
2026-06-20T01:54:12Z,2026-06-20T03:54:12+0200,c30b8332-6a35-45c7-931f-0dc00a3a2bb4,2026-05-22T13:00:00Z,2026-05-22T15:00:00+0200,569.86,MW,FR,FR,actual_onshore_wind_generation,Wind Onshore,2026-06-20T01:54:57Z
2026-06-20T01:54:12Z,2026-06-20T03:54:12+0200,c30b8332-6a35-45c7-931f-0dc00a3a2bb4,2026-05-22T13:15:00Z,2026-05-22T15:15:00+0200,582.48,MW,FR,FR,actual_onshore_wind_generation,Wind Onshore,2026-06-20T01:54:57Z
2026-06-20T01:54:12Z,2026-06-20T03:54:12+0200,c30b8332-6a35-45c7-931f-0dc00a3a2bb4,2026-05-22T13:30:00Z,2026-05-22T15:30:00+0200,585.3,MW,FR,FR,actual_onshore_wind_generation,Wind Onshore,2026-06-20T01:54:57Z
2026-06-20T01:54:12Z,2026-06-20T03:54:12+0200,c30b8332-6a35-45c7-931f-0dc00a3a2bb4,2026-05-22T13:45:00Z,2026-05-22T15:45:00+0200,589.34,MW,FR,FR,actual_onshore_wind_generation,Wind Onshore,2026-06-20T01:54:57Z
2026-06-20T01:54:12Z,2026-06-20T03:54:12+0200,c30b8332-6a35-45c7-931f-0dc00a3a2bb4,2026-05-22T14:00:00Z,2026-05-22T16:00:00+0200,578.97,MW,FR,FR,actual_onshore_wind_generation,Wind Onshore,2026-06-20T01:54:57Z
2026-06-20T01:54:12Z,2026-06-20T03:54:12+0200,c30b8332-6a35-45c7-931f-0dc00a3a2bb4,2026-05-22T14:15:00Z,2026-05-22T16:15:00+0200,583.53,MW,FR,FR,actual_onshore_wind_generation,Wind Onshore,2026-06-20T01:54:57Z
2026-06-20T01:54:12Z,2026-06-20T03:54:12+0200,c30b8332-6a35-45c7-931f-0dc00a3a2bb4,2026-05-22T14:30:00Z,2026-05-22T16:30:00+0200,583.14,MW,FR,FR,actual_onshore_wind_generation,Wind Onshore,2026-06-20T01:54:57Z
2026-06-20T01:54:12Z,2026-06-20T03:54:12+0200,c30b8332-6a35-45c7-931f-0dc00a3a2bb4,2026-05-22T14:45:00Z,2026-05-22T16:45:00+0200,721.78,MW,FR,FR,actual_onshore_wind_generation,Wind Onshore,2026-06-20T01:54:57Z
2026-06-20T01:54:12Z,2026-06-20T03:54:12+0200,c30b8332-6a35-45c7-931f-0dc00a3a2bb4,2026-05-22T15:00:00Z,2026-05-22T17:00:00+0200,874.2,MW,FR,FR,actual_onshore_wind_generation,Wind Onshore,2026-06-20T01:54:57Z
2026-06-20T01:54:12Z,2026-06-20T03:54:12+0200,c30b8332-6a35-45c7-931f-0dc00a3a2bb4,2026-05-22T15:15:00Z,2026-05-22T17:15:00+0200,857.91,MW,FR,FR,actual_onshore_wind_generation,Wind Onshore,2026-06-20T01:54:57Z
2026-06-20T01:54:12Z,2026-06-20T03:54:12+0200,c30b8332-6a35-45c7-931f-0dc00a3a2bb4,2026-05-22T15:30:00Z,2026-05-22T17:30:00+0200,855.15,MW,FR,FR,actual_onshore_wind_generation,Wind Onshore,2026-06-20T01:54:57Z
2026-06-20T01:54:12Z,2026-06-20T03:54:12+0200,c30b8332-6a35-45c7-931f-0dc00a3a2bb4,2026-05-22T15:45:00Z,2026-05-22T17:45:00+0200,828.72,MW,FR,FR,actual_onshore_wind_generation,Wind Onshore,2026-06-20T01:54:57Z
2026-06-20T01:54:12Z,2026-06-20T03:54:12+0200,c30b8332-6a35-45c7-931f-0dc00a3a2bb4,2026-05-22T16:00:00Z,2026-05-22T18:00:00+0200,818.8,MW,FR,FR,actual_onshore_wind_generation,Wind Onshore,2026-06-20T01:54:57Z
2026-06-20T01:54:12Z,2026-06-20T03:54:12+0200,c30b8332-6a35-45c7-931f-0dc00a3a2bb4,2026-05-22T16:15:00Z,2026-05-22T18:15:00+0200,833.35,MW,FR,FR,actual_onshore_wind_generation,Wind Onshore,2026-06-20T01:54:57Z
2026-06-20T01:54:12Z,2026-06-20T03:54:12+0200,c30b8332-6a35-45c7-931f-0dc00a3a2bb4,2026-05-22T16:30:00Z,2026-05-22T18:30:00+0200,825.83,MW,FR,FR,actual_onshore_wind_generation,Wind Onshore,2026-06-20T01:54:57Z
2026-06-20T01:54:12Z,2026-06-20T03:54:12+0200,c30b8332-6a35-45c7-931f-0dc00a3a2bb4,2026-05-22T16:45:00Z,2026-05-22T18:45:00+0200,822.87,MW,FR,FR,actual_onshore_wind_generation,Wind Onshore,2026-06-20T01:54:57Z
2026-06-20T01:54:12Z,2026-06-20T03:54:12+0200,c30b8332-6a35-45c7-931f-0dc00a3a2bb4,2026-05-22T17:00:00Z,2026-05-22T19:00:00+0200,830.19,MW,FR,FR,actual_onshore_wind_generation,Wind Onshore,2026-06-20T01:54:57Z
2026-06-20T01:54:12Z,2026-06-20T03:54:12+0200,c30b8332-6a35-45c7-931f-0dc00a3a2bb4,2026-05-22T17:15:00Z,2026-05-22T19:15:00+0200,838.95,MW,FR,FR,actual_onshore_wind_generation,Wind Onshore,2026-06-20T01:54:57Z
2026-06-20T01:54:12Z,2026-06-20T03:54:12+0200,c30b8332-6a35-45c7-931f-0dc00a3a2bb4,2026-05-22T17:30:00Z,2026-05-22T19:30:00+0200,854.56,MW,FR,FR,actual_onshore_wind_generation,Wind Onshore,2026-06-20T01:54:57Z
2026-06-20T01:54:12Z,2026-06-20T03:54:12+0200,c30b8332-6a35-45c7-931f-0dc00a3a2bb4,2026-05-22T17:45:00Z,2026-05-22T19:45:00+0200,864.73,MW,FR,FR,actual_onshore_wind_generation,Wind Onshore,2026-06-20T01:54:57Z
2026-06-20T01:54:12Z,2026-06-20T03:54:12+0200,c30b8332-6a35-45c7-931f-0dc00a3a2bb4,2026-05-22T18:00:00Z,2026-05-22T20:00:00+0200,883.0,MW,FR,FR,actual_onshore_wind_generation,Wind Onshore,2026-06-20T01:54:57Z
2026-06-20T01:54:12Z,2026-06-20T03:54:12+0200,c30b8332-6a35-45c7-931f-0dc00a3a2bb4,2026-05-22T18:15:00Z,2026-05-22T20:15:00+0200,935.49,MW,FR,FR,actual_onshore_wind_generation,Wind Onshore,2026-06-20T01:54:57Z
2026-06-20T01:54:12Z,2026-06-20T03:54:12+0200,c30b8332-6a35-45c7-931f-0dc00a3a2bb4,2026-05-22T18:30:00Z,2026-05-22T20:30:00+0200,1003.51,MW,FR,FR,actual_onshore_wind_generation,Wind Onshore,2026-06-20T01:54:57Z
2026-06-20T01:54:12Z,2026-06-20T03:54:12+0200,c30b8332-6a35-45c7-931f-0dc00a3a2bb4,2026-05-22T18:45:00Z,2026-05-22T20:45:00+0200,1096.15,MW,FR,FR,actual_onshore_wind_generation,Wind Onshore,2026-06-20T01:54:57Z
2026-06-20T01:54:12Z,2026-06-20T03:54:12+0200,c30b8332-6a35-45c7-931f-0dc00a3a2bb4,2026-05-22T19:00:00Z,2026-05-22T21:00:00+0200,1217.41,MW,FR,FR,actual_onshore_wind_generation,Wind Onshore,2026-06-20T01:54:57Z
2026-06-20T01:54:12Z,2026-06-20T03:54:12+0200,c30b8332-6a35-45c7-931f-0dc00a3a2bb4,2026-05-22T19:15:00Z,2026-05-22T21:15:00+0200,1370.36,MW,FR,FR,actual_onshore_wind_generation,Wind Onshore,2026-06-20T01:54:57Z
2026-06-20T01:54:12Z,2026-06-20T03:54:12+0200,c30b8332-6a35-45c7-931f-0dc00a3a2bb4,2026-05-22T19:30:00Z,2026-05-22T21:30:00+0200,1467.51,MW,FR,FR,actual_onshore_wind_generation,Wind Onshore,2026-06-20T01:54:57Z
2026-06-20T01:54:12Z,2026-06-20T03:54:12+0200,c30b8332-6a35-45c7-931f-0dc00a3a2bb4,2026-05-22T19:45:00Z,2026-05-22T21:45:00+0200,1586.83,MW,FR,FR,actual_onshore_wind_generation,Wind Onshore,2026-06-20T01:54:57Z
2026-06-20T01:54:12Z,2026-06-20T03:54:12+0200,c30b8332-6a35-45c7-931f-0dc00a3a2bb4,2026-05-22T20:00:00Z,2026-05-22T22:00:00+0200,1741.76,MW,FR,FR,actual_onshore_wind_generation,Wind Onshore,2026-06-20T01:54:57Z
2026-06-20T01:54:12Z,2026-06-20T03:54:12+0200,c30b8332-6a35-45c7-931f-0dc00a3a2bb4,2026-05-22T20:15:00Z,2026-05-22T22:15:00+0200,1843.11,MW,FR,FR,actual_onshore_wind_generation,Wind Onshore,2026-06-20T01:54:57Z
2026-06-20T01:54:12Z,2026-06-20T03:54:12+0200,c30b8332-6a35-45c7-931f-0dc00a3a2bb4,2026-05-22T20:30:00Z,2026-05-22T22:30:00+0200,1968.68,MW,FR,FR,actual_onshore_wind_generation,Wind Onshore,2026-06-20T01:54:57Z
2026-06-20T01:54:12Z,2026-06-20T03:54:12+0200,c30b8332-6a35-45c7-931f-0dc00a3a2bb4,2026-05-22T20:45:00Z,2026-05-22T22:45:00+0200,2068.6,MW,FR,FR,actual_onshore_wind_generation,Wind Onshore,2026-06-20T01:54:57Z
2026-06-20T01:54:12Z,2026-06-20T03:54:12+0200,c30b8332-6a35-45c7-931f-0dc00a3a2bb4,2026-05-22T21:00:00Z,2026-05-22T23:00:00+0200,2136.83,MW,FR,FR,actual_onshore_wind_generation,Wind Onshore,2026-06-20T01:54:57Z
2026-06-20T01:54:12Z,2026-06-20T03:54:12+0200,c30b8332-6a35-45c7-931f-0dc00a3a2bb4,2026-05-22T21:15:00Z,2026-05-22T23:15:00+0200,2164.11,MW,FR,FR,actual_onshore_wind_generation,Wind Onshore,2026-06-20T01:54:57Z
2026-06-20T01:54:12Z,2026-06-20T03:54:12+0200,c30b8332-6a35-45c7-931f-0dc00a3a2bb4,2026-05-22T21:30:00Z,2026-05-22T23:30:00+0200,2197.44,MW,FR,FR,actual_onshore_wind_generation,Wind Onshore,2026-06-20T01:54:57Z
2026-06-20T01:54:12Z,2026-06-20T03:54:12+0200,c30b8332-6a35-45c7-931f-0dc00a3a2bb4,2026-05-22T21:45:00Z,2026-05-22T23:45:00+0200,2253.41,MW,FR,FR,actual_onshore_wind_generation,Wind Onshore,2026-06-20T01:54:57Z
2026-06-20T01:54:12Z,2026-06-20T03:54:12+0200,c30b8332-6a35-45c7-931f-0dc00a3a2bb4,2026-05-22T22:00:00Z,2026-05-23T00:00:00+0200,2335.07,MW,FR,FR,actual_onshore_wind_generation,Wind Onshore,2026-06-20T01:54:57Z
2026-06-20T01:54:12Z,2026-06-20T03:54:12+0200,c30b8332-6a35-45c7-931f-0dc00a3a2bb4,2026-05-22T22:15:00Z,2026-05-23T00:15:00+0200,2439.44,MW,FR,FR,actual_onshore_wind_generation,Wind Onshore,2026-06-20T01:54:57Z
2026-06-20T01:54:12Z,2026-06-20T03:54:12+0200,c30b8332-6a35-45c7-931f-0dc00a3a2bb4,2026-05-22T22:30:00Z,2026-05-23T00:30:00+0200,2494.99,MW,FR,FR,actual_onshore_wind_generation,Wind Onshore,2026-06-20T01:54:57Z
2026-06-20T01:54:12Z,2026-06-20T03:54:12+0200,c30b8332-6a35-45c7-931f-0dc00a3a2bb4,2026-05-22T22:45:00Z,2026-05-23T00:45:00+0200,2511.14,MW,FR,FR,actual_onshore_wind_generation,Wind Onshore,2026-06-20T01:54:57Z
2026-06-20T01:54:12Z,2026-06-20T03:54:12+0200,c30b8332-6a35-45c7-931f-0dc00a3a2bb4,2026-05-22T23:00:00Z,2026-05-23T01:00:00+0200,2542.11,MW,FR,FR,actual_onshore_wind_generation,Wind Onshore,2026-06-20T01:54:57Z
2026-06-20T01:54:12Z,2026-06-20T03:54:12+0200,c30b8332-6a35-45c7-931f-0dc00a3a2bb4,2026-05-22T23:15:00Z,2026-05-23T01:15:00+0200,2533.89,MW,FR,FR,actual_onshore_wind_generation,Wind Onshore,2026-06-20T01:54:57Z
2026-06-20T01:54:12Z,2026-06-20T03:54:12+0200,c30b8332-6a35-45c7-931f-0dc00a3a2bb4,2026-05-22T23:30:00Z,2026-05-23T01:30:00+0200,2519.39,MW,FR,FR,actual_onshore_wind_generation,Wind Onshore,2026-06-20T01:54:57Z
2026-06-20T01:54:12Z,2026-06-20T03:54:12+0200,c30b8332-6a35-45c7-931f-0dc00a3a2bb4,2026-05-22T23:45:00Z,2026-05-23T01:45:00+0200,2475.15,MW,FR,FR,actual_onshore_wind_generation,Wind Onshore,2026-06-20T01:54:57Z
2026-06-20T01:54:12Z,2026-06-20T03:54:12+0200,c30b8332-6a35-45c7-931f-0dc00a3a2bb4,2026-05-23T00:00:00Z,2026-05-23T02:00:00+0200,2438.59,MW,FR,FR,actual_onshore_wind_generation,Wind Onshore,2026-06-20T01:54:57Z
2026-06-20T01:54:12Z,2026-06-20T03:54:12+0200,c30b8332-6a35-45c7-931f-0dc00a3a2bb4,2026-05-23T00:15:00Z,2026-05-23T02:15:00+0200,2395.59,MW,FR,FR,actual_onshore_wind_generation,Wind Onshore,2026-06-20T01:54:57Z
2026-06-20T01:54:12Z,2026-06-20T03:54:12+0200,c30b8332-6a35-45c7-931f-0dc00a3a2bb4,2026-05-23T00:30:00Z,2026-05-23T02:30:00+0200,2365.25,MW,FR,FR,actual_onshore_wind_generation,Wind Onshore,2026-06-20T01:54:57Z
2026-06-20T01:54:12Z,2026-06-20T03:54:12+0200,c30b8332-6a35-45c7-931f-0dc00a3a2bb4,2026-05-23T00:45:00Z,2026-05-23T02:45:00+0200,2322.33,MW,FR,FR,actual_onshore_wind_generation,Wind Onshore,2026-06-20T01:54:57Z
2026-06-20T01:54:12Z,2026-06-20T03:54:12+0200,c30b8332-6a35-45c7-931f-0dc00a3a2bb4,2026-05-23T01:00:00Z,2026-05-23T03:00:00+0200,2320.56,MW,FR,FR,actual_onshore_wind_generation,Wind Onshore,2026-06-20T01:54:57Z
2026-06-20T01:54:12Z,2026-06-20T03:54:12+0200,c30b8332-6a35-45c7-931f-0dc00a3a2bb4,2026-05-23T01:15:00Z,2026-05-23T03:15:00+0200,2303.12,MW,FR,FR,actual_onshore_wind_generation,Wind Onshore,2026-06-20T01:54:57Z
2026-06-20T01:54:12Z,2026-06-20T03:54:12+0200,c30b8332-6a35-45c7-931f-0dc00a3a2bb4,2026-05-23T01:30:00Z,2026-05-23T03:30:00+0200,2254.34,MW,FR,FR,actual_onshore_wind_generation,Wind Onshore,2026-06-20T01:54:57Z
2026-06-20T01:54:12Z,2026-06-20T03:54:12+0200,c30b8332-6a35-45c7-931f-0dc00a3a2bb4,2026-05-23T01:45:00Z,2026-05-23T03:45:00+0200,2203.68,MW,FR,FR,actual_onshore_wind_generation,Wind Onshore,2026-06-20T01:54:57Z
2026-06-20T01:54:12Z,2026-06-20T03:54:12+0200,c30b8332-6a35-45c7-931f-0dc00a3a2bb4,2026-05-23T02:00:00Z,2026-05-23T04:00:00+0200,2130.19,MW,FR,FR,actual_onshore_wind_generation,Wind Onshore,2026-06-20T01:54:57Z
2026-06-20T01:54:12Z,2026-06-20T03:54:12+0200,c30b8332-6a35-45c7-931f-0dc00a3a2bb4,2026-05-23T02:15:00Z,2026-05-23T04:15:00+0200,2095.99,MW,FR,FR,actual_onshore_wind_generation,Wind Onshore,2026-06-20T01:54:57Z
2026-06-20T01:54:12Z,2026-06-20T03:54:12+0200,c30b8332-6a35-45c7-931f-0dc00a3a2bb4,2026-05-23T02:30:00Z,2026-05-23T04:30:00+0200,2041.27,MW,FR,FR,actual_onshore_wind_generation,Wind Onshore,2026-06-20T01:54:57Z
2026-06-20T01:54:12Z,2026-06-20T03:54:12+0200,c30b8332-6a35-45c7-931f-0dc00a3a2bb4,2026-05-23T02:45:00Z,2026-05-23T04:45:00+0200,1990.01,MW,FR,FR,actual_onshore_wind_generation,Wind Onshore,2026-06-20T01:54:57Z
2026-06-20T01:54:12Z,2026-06-20T03:54:12+0200,c30b8332-6a35-45c7-931f-0dc00a3a2bb4,2026-05-23T03:00:00Z,2026-05-23T05:00:00+0200,1937.61,MW,FR,FR,actual_onshore_wind_generation,Wind Onshore,2026-06-20T01:54:57Z
2026-06-20T01:54:12Z,2026-06-20T03:54:12+0200,c30b8332-6a35-45c7-931f-0dc00a3a2bb4,2026-05-23T03:15:00Z,2026-05-23T05:15:00+0200,1952.35,MW,FR,FR,actual_onshore_wind_generation,Wind Onshore,2026-06-20T01:54:57Z
2026-06-20T01:54:12Z,2026-06-20T03:54:12+0200,c30b8332-6a35-45c7-931f-0dc00a3a2bb4,2026-05-23T03:30:00Z,2026-05-23T05:30:00+0200,1934.17,MW,FR,FR,actual_onshore_wind_generation,Wind Onshore,2026-06-20T01:54:57Z
2026-06-20T01:54:12Z,2026-06-20T03:54:12+0200,c30b8332-6a35-45c7-931f-0dc00a3a2bb4,2026-05-23T03:45:00Z,2026-05-23T05:45:00+0200,1884.31,MW,FR,FR,actual_onshore_wind_generation,Wind Onshore,2026-06-20T01:54:57Z
2026-06-20T01:54:12Z,2026-06-20T03:54:12+0200,c30b8332-6a35-45c7-931f-0dc00a3a2bb4,2026-05-23T04:00:00Z,2026-05-23T06:00:00+0200,1877.84,MW,FR,FR,actual_onshore_wind_generation,Wind Onshore,2026-06-20T01:54:57Z
2026-06-20T01:54:12Z,2026-06-20T03:54:12+0200,c30b8332-6a35-45c7-931f-0dc00a3a2bb4,2026-05-23T04:15:00Z,2026-05-23T06:15:00+0200,1848.36,MW,FR,FR,actual_onshore_wind_generation,Wind Onshore,2026-06-20T01:54:57Z
2026-06-20T01:54:12Z,2026-06-20T03:54:12+0200,c30b8332-6a35-45c7-931f-0dc00a3a2bb4,2026-05-23T04:30:00Z,2026-05-23T06:30:00+0200,1822.89,MW,FR,FR,actual_onshore_wind_generation,Wind Onshore,2026-06-20T01:54:57Z
2026-06-20T01:54:12Z,2026-06-20T03:54:12+0200,c30b8332-6a35-45c7-931f-0dc00a3a2bb4,2026-05-23T04:45:00Z,2026-05-23T06:45:00+0200,1821.04,MW,FR,FR,actual_onshore_wind_generation,Wind Onshore,2026-06-20T01:54:57Z
2026-06-20T01:54:12Z,2026-06-20T03:54:12+0200,c30b8332-6a35-45c7-931f-0dc00a3a2bb4,2026-05-23T05:00:00Z,2026-05-23T07:00:00+0200,1818.84,MW,FR,FR,actual_onshore_wind_generation,Wind Onshore,2026-06-20T01:54:57Z
2026-06-20T01:54:12Z,2026-06-20T03:54:12+0200,c30b8332-6a35-45c7-931f-0dc00a3a2bb4,2026-05-23T05:15:00Z,2026-05-23T07:15:00+0200,1780.55,MW,FR,FR,actual_onshore_wind_generation,Wind Onshore,2026-06-20T01:54:57Z
2026-06-20T01:54:12Z,2026-06-20T03:54:12+0200,c30b8332-6a35-45c7-931f-0dc00a3a2bb4,2026-05-23T05:30:00Z,2026-05-23T07:30:00+0200,1751.99,MW,FR,FR,actual_onshore_wind_generation,Wind Onshore,2026-06-20T01:54:57Z
2026-06-20T01:54:12Z,2026-06-20T03:54:12+0200,c30b8332-6a35-45c7-931f-0dc00a3a2bb4,2026-05-23T05:45:00Z,2026-05-23T07:45:00+0200,1766.12,MW,FR,FR,actual_onshore_wind_generation,Wind Onshore,2026-06-20T01:54:57Z
2026-06-20T01:54:12Z,2026-06-20T03:54:12+0200,c30b8332-6a35-45c7-931f-0dc00a3a2bb4,2026-05-23T06:00:00Z,2026-05-23T08:00:00+0200,1724.1,MW,FR,FR,actual_onshore_wind_generation,Wind Onshore,2026-06-20T01:54:57Z
2026-06-20T01:54:12Z,2026-06-20T03:54:12+0200,c30b8332-6a35-45c7-931f-0dc00a3a2bb4,2026-05-23T06:15:00Z,2026-05-23T08:15:00+0200,1625.71,MW,FR,FR,actual_onshore_wind_generation,Wind Onshore,2026-06-20T01:54:57Z
2026-06-20T01:54:12Z,2026-06-20T03:54:12+0200,c30b8332-6a35-45c7-931f-0dc00a3a2bb4,2026-05-23T06:30:00Z,2026-05-23T08:30:00+0200,1494.04,MW,FR,FR,actual_onshore_wind_generation,Wind Onshore,2026-06-20T01:54:57Z
2026-06-20T01:54:12Z,2026-06-20T03:54:12+0200,c30b8332-6a35-45c7-931f-0dc00a3a2bb4,2026-05-23T06:45:00Z,2026-05-23T08:45:00+0200,1341.03,MW,FR,FR,actual_onshore_wind_generation,Wind Onshore,2026-06-20T01:54:57Z
2026-06-20T01:54:12Z,2026-06-20T03:54:12+0200,c30b8332-6a35-45c7-931f-0dc00a3a2bb4,2026-05-23T07:00:00Z,2026-05-23T09:00:00+0200,1200.16,MW,FR,FR,actual_onshore_wind_generation,Wind Onshore,2026-06-20T01:54:57Z
2026-06-20T01:54:12Z,2026-06-20T03:54:12+0200,c30b8332-6a35-45c7-931f-0dc00a3a2bb4,2026-05-23T07:15:00Z,2026-05-23T09:15:00+0200,1068.57,MW,FR,FR,actual_onshore_wind_generation,Wind Onshore,2026-06-20T01:54:57Z
2026-06-20T01:54:12Z,2026-06-20T03:54:12+0200,c30b8332-6a35-45c7-931f-0dc00a3a2bb4,2026-05-23T07:30:00Z,2026-05-23T09:30:00+0200,924.15,MW,FR,FR,actual_onshore_wind_generation,Wind Onshore,2026-06-20T01:54:57Z
2026-06-20T01:54:12Z,2026-06-20T03:54:12+0200,c30b8332-6a35-45c7-931f-0dc00a3a2bb4,2026-05-23T07:45:00Z,2026-05-23T09:45:00+0200,776.36,MW,FR,FR,actual_onshore_wind_generation,Wind Onshore,2026-06-20T01:54:57Z
2026-06-20T01:54:12Z,2026-06-20T03:54:12+0200,c30b8332-6a35-45c7-931f-0dc00a3a2bb4,2026-05-23T08:00:00Z,2026-05-23T10:00:00+0200,628.49,MW,FR,FR,actual_onshore_wind_generation,Wind Onshore,2026-06-20T01:54:57Z
2026-06-20T01:54:12Z,2026-06-20T03:54:12+0200,c30b8332-6a35-45c7-931f-0dc00a3a2bb4,2026-05-23T08:15:00Z,2026-05-23T10:15:00+0200,569.06,MW,FR,FR,actual_onshore_wind_generation,Wind Onshore,2026-06-20T01:54:57Z
2026-06-20T01:54:12Z,2026-06-20T03:54:12+0200,c30b8332-6a35-45c7-931f-0dc00a3a2bb4,2026-05-23T08:30:00Z,2026-05-23T10:30:00+0200,503.93,MW,FR,FR,actual_onshore_wind_generation,Wind Onshore,2026-06-20T01:54:57Z
2026-06-20T01:54:12Z,2026-06-20T03:54:12+0200,c30b8332-6a35-45c7-931f-0dc00a3a2bb4,2026-05-23T08:45:00Z,2026-05-23T10:45:00+0200,499.13,MW,FR,FR,actual_onshore_wind_generation,Wind Onshore,2026-06-20T01:54:57Z
2026-06-20T01:54:12Z,2026-06-20T03:54:12+0200,c30b8332-6a35-45c7-931f-0dc00a3a2bb4,2026-05-23T09:00:00Z,2026-05-23T11:00:00+0200,507.32,MW,FR,FR,actual_onshore_wind_generation,Wind Onshore,2026-06-20T01:54:57Z
2026-06-20T01:54:12Z,2026-06-20T03:54:12+0200,c30b8332-6a35-45c7-931f-0dc00a3a2bb4,2026-05-23T09:15:00Z,2026-05-23T11:15:00+0200,509.99,MW,FR,FR,actual_onshore_wind_generation,Wind Onshore,2026-06-20T01:54:57Z
2026-06-20T01:54:12Z,2026-06-20T03:54:12+0200,c30b8332-6a35-45c7-931f-0dc00a3a2bb4,2026-05-23T09:30:00Z,2026-05-23T11:30:00+0200,514.09,MW,FR,FR,actual_onshore_wind_generation,Wind Onshore,2026-06-20T01:54:57Z
2026-06-20T01:54:12Z,2026-06-20T03:54:12+0200,c30b8332-6a35-45c7-931f-0dc00a3a2bb4,2026-05-23T09:45:00Z,2026-05-23T11:45:00+0200,514.97,MW,FR,FR,actual_onshore_wind_generation,Wind Onshore,2026-06-20T01:54:57Z
2026-06-20T01:54:12Z,2026-06-20T03:54:12+0200,c30b8332-6a35-45c7-931f-0dc00a3a2bb4,2026-05-23T10:00:00Z,2026-05-23T12:00:00+0200,512.28,MW,FR,FR,actual_onshore_wind_generation,Wind Onshore,2026-06-20T01:54:57Z
2026-06-20T01:54:12Z,2026-06-20T03:54:12+0200,c30b8332-6a35-45c7-931f-0dc00a3a2bb4,2026-05-23T10:15:00Z,2026-05-23T12:15:00+0200,514.17,MW,FR,FR,actual_onshore_wind_generation,Wind Onshore,2026-06-20T01:54:57Z
2026-06-20T01:54:12Z,2026-06-20T03:54:12+0200,c30b8332-6a35-45c7-931f-0dc00a3a2bb4,2026-05-23T10:30:00Z,2026-05-23T12:30:00+0200,513.74,MW,FR,FR,actual_onshore_wind_generation,Wind Onshore,2026-06-20T01:54:57Z
2026-06-20T01:54:12Z,2026-06-20T03:54:12+0200,c30b8332-6a35-45c7-931f-0dc00a3a2bb4,2026-05-23T10:45:00Z,2026-05-23T12:45:00+0200,510.63,MW,FR,FR,actual_onshore_wind_generation,Wind Onshore,2026-06-20T01:54:57Z
2026-06-20T01:54:12Z,2026-06-20T03:54:12+0200,c30b8332-6a35-45c7-931f-0dc00a3a2bb4,2026-05-23T11:00:00Z,2026-05-23T13:00:00+0200,512.71,MW,FR,FR,actual_onshore_wind_generation,Wind Onshore,2026-06-20T01:54:57Z
2026-06-20T01:54:12Z,2026-06-20T03:54:12+0200,c30b8332-6a35-45c7-931f-0dc00a3a2bb4,2026-05-23T11:15:00Z,2026-05-23T13:15:00+0200,516.89,MW,FR,FR,actual_onshore_wind_generation,Wind Onshore,2026-06-20T01:54:57Z
2026-06-20T01:54:12Z,2026-06-20T03:54:12+0200,c30b8332-6a35-45c7-931f-0dc00a3a2bb4,2026-05-23T11:30:00Z,2026-05-23T13:30:00+0200,521.18,MW,FR,FR,actual_onshore_wind_generation,Wind Onshore,2026-06-20T01:54:57Z
2026-06-20T01:54:12Z,2026-06-20T03:54:12+0200,c30b8332-6a35-45c7-931f-0dc00a3a2bb4,2026-05-23T11:45:00Z,2026-05-23T13:45:00+0200,526.05,MW,FR,FR,actual_onshore_wind_generation,Wind Onshore,2026-06-20T01:54:57Z
2026-06-20T01:54:12Z,2026-06-20T03:54:12+0200,c30b8332-6a35-45c7-931f-0dc00a3a2bb4,2026-05-23T12:00:00Z,2026-05-23T14:00:00+0200,531.28,MW,FR,FR,actual_onshore_wind_generation,Wind Onshore,2026-06-20T01:54:57Z
2026-06-20T01:54:12Z,2026-06-20T03:54:12+0200,c30b8332-6a35-45c7-931f-0dc00a3a2bb4,2026-05-23T12:15:00Z,2026-05-23T14:15:00+0200,536.98,MW,FR,FR,actual_onshore_wind_generation,Wind Onshore,2026-06-20T01:54:57Z
2026-06-20T01:54:12Z,2026-06-20T03:54:12+0200,c30b8332-6a35-45c7-931f-0dc00a3a2bb4,2026-05-23T12:30:00Z,2026-05-23T14:30:00+0200,548.91,MW,FR,FR,actual_onshore_wind_generation,Wind Onshore,2026-06-20T01:54:57Z
2026-06-20T01:54:12Z,2026-06-20T03:54:12+0200,c30b8332-6a35-45c7-931f-0dc00a3a2bb4,2026-05-23T12:45:00Z,2026-05-23T14:45:00+0200,553.66,MW,FR,FR,actual_onshore_wind_generation,Wind Onshore,2026-06-20T01:54:57Z
2026-06-20T01:54:12Z,2026-06-20T03:54:12+0200,c30b8332-6a35-45c7-931f-0dc00a3a2bb4,2026-05-23T13:00:00Z,2026-05-23T15:00:00+0200,558.09,MW,FR,FR,actual_onshore_wind_generation,Wind Onshore,2026-06-20T01:54:57Z
2026-06-20T01:54:12Z,2026-06-20T03:54:12+0200,c30b8332-6a35-45c7-931f-0dc00a3a2bb4,2026-05-23T13:15:00Z,2026-05-23T15:15:00+0200,578.74,MW,FR,FR,actual_onshore_wind_generation,Wind Onshore,2026-06-20T01:54:57Z
2026-06-20T01:54:12Z,2026-06-20T03:54:12+0200,c30b8332-6a35-45c7-931f-0dc00a3a2bb4,2026-05-23T13:30:00Z,2026-05-23T15:30:00+0200,585.87,MW,FR,FR,actual_onshore_wind_generation,Wind Onshore,2026-06-20T01:54:57Z
2026-06-20T01:54:12Z,2026-06-20T03:54:12+0200,c30b8332-6a35-45c7-931f-0dc00a3a2bb4,2026-05-23T13:45:00Z,2026-05-23T15:45:00+0200,587.22,MW,FR,FR,actual_onshore_wind_generation,Wind Onshore,2026-06-20T01:54:57Z
2026-06-20T01:54:12Z,2026-06-20T03:54:12+0200,c30b8332-6a35-45c7-931f-0dc00a3a2bb4,2026-05-23T14:00:00Z,2026-05-23T16:00:00+0200,604.7,MW,FR,FR,actual_onshore_wind_generation,Wind Onshore,2026-06-20T01:54:57Z
2026-06-20T01:54:12Z,2026-06-20T03:54:12+0200,c30b8332-6a35-45c7-931f-0dc00a3a2bb4,2026-05-23T14:15:00Z,2026-05-23T16:15:00+0200,670.1,MW,FR,FR,actual_onshore_wind_generation,Wind Onshore,2026-06-20T01:54:57Z
2026-06-20T01:54:12Z,2026-06-20T03:54:12+0200,c30b8332-6a35-45c7-931f-0dc00a3a2bb4,2026-05-23T14:30:00Z,2026-05-23T16:30:00+0200,736.64,MW,FR,FR,actual_onshore_wind_generation,Wind Onshore,2026-06-20T01:54:57Z
2026-06-20T01:54:12Z,2026-06-20T03:54:12+0200,c30b8332-6a35-45c7-931f-0dc00a3a2bb4,2026-05-23T14:45:00Z,2026-05-23T16:45:00+0200,779.0,MW,FR,FR,actual_onshore_wind_generation,Wind Onshore,2026-06-20T01:54:57Z
2026-06-20T01:54:12Z,2026-06-20T03:54:12+0200,c30b8332-6a35-45c7-931f-0dc00a3a2bb4,2026-05-23T15:00:00Z,2026-05-23T17:00:00+0200,795.62,MW,FR,FR,actual_onshore_wind_generation,Wind Onshore,2026-06-20T01:54:57Z
2026-06-20T01:54:12Z,2026-06-20T03:54:12+0200,c30b8332-6a35-45c7-931f-0dc00a3a2bb4,2026-05-23T15:15:00Z,2026-05-23T17:15:00+0200,824.13,MW,FR,FR,actual_onshore_wind_generation,Wind Onshore,2026-06-20T01:54:57Z
2026-06-20T01:54:12Z,2026-06-20T03:54:12+0200,c30b8332-6a35-45c7-931f-0dc00a3a2bb4,2026-05-23T15:30:00Z,2026-05-23T17:30:00+0200,853.14,MW,FR,FR,actual_onshore_wind_generation,Wind Onshore,2026-06-20T01:54:57Z
2026-06-20T01:54:12Z,2026-06-20T03:54:12+0200,c30b8332-6a35-45c7-931f-0dc00a3a2bb4,2026-05-23T15:45:00Z,2026-05-23T17:45:00+0200,1044.32,MW,FR,FR,actual_onshore_wind_generation,Wind Onshore,2026-06-20T01:54:57Z
2026-06-20T01:54:12Z,2026-06-20T03:54:12+0200,c30b8332-6a35-45c7-931f-0dc00a3a2bb4,2026-05-23T16:00:00Z,2026-05-23T18:00:00+0200,1236.13,MW,FR,FR,actual_onshore_wind_generation,Wind Onshore,2026-06-20T01:54:57Z
2026-06-20T01:54:12Z,2026-06-20T03:54:12+0200,c30b8332-6a35-45c7-931f-0dc00a3a2bb4,2026-05-23T16:15:00Z,2026-05-23T18:15:00+0200,1315.48,MW,FR,FR,actual_onshore_wind_generation,Wind Onshore,2026-06-20T01:54:57Z
2026-06-20T01:54:12Z,2026-06-20T03:54:12+0200,c30b8332-6a35-45c7-931f-0dc00a3a2bb4,2026-05-23T16:30:00Z,2026-05-23T18:30:00+0200,1374.5,MW,FR,FR,actual_onshore_wind_generation,Wind Onshore,2026-06-20T01:54:57Z
2026-06-20T01:54:12Z,2026-06-20T03:54:12+0200,c30b8332-6a35-45c7-931f-0dc00a3a2bb4,2026-05-23T16:45:00Z,2026-05-23T18:45:00+0200,1426.1,MW,FR,FR,actual_onshore_wind_generation,Wind Onshore,2026-06-20T01:54:57Z
2026-06-20T01:54:12Z,2026-06-20T03:54:12+0200,c30b8332-6a35-45c7-931f-0dc00a3a2bb4,2026-05-23T17:00:00Z,2026-05-23T19:00:00+0200,1467.93,MW,FR,FR,actual_onshore_wind_generation,Wind Onshore,2026-06-20T01:54:57Z
2026-06-20T01:54:12Z,2026-06-20T03:54:12+0200,c30b8332-6a35-45c7-931f-0dc00a3a2bb4,2026-05-23T17:15:00Z,2026-05-23T19:15:00+0200,1460.91,MW,FR,FR,actual_onshore_wind_generation,Wind Onshore,2026-06-20T01:54:57Z
2026-06-20T01:54:12Z,2026-06-20T03:54:12+0200,c30b8332-6a35-45c7-931f-0dc00a3a2bb4,2026-05-23T17:30:00Z,2026-05-23T19:30:00+0200,1474.95,MW,FR,FR,actual_onshore_wind_generation,Wind Onshore,2026-06-20T01:54:57Z
2026-06-20T01:54:12Z,2026-06-20T03:54:12+0200,c30b8332-6a35-45c7-931f-0dc00a3a2bb4,2026-05-23T17:45:00Z,2026-05-23T19:45:00+0200,1506.46,MW,FR,FR,actual_onshore_wind_generation,Wind Onshore,2026-06-20T01:54:57Z
2026-06-20T01:54:12Z,2026-06-20T03:54:12+0200,c30b8332-6a35-45c7-931f-0dc00a3a2bb4,2026-05-23T18:00:00Z,2026-05-23T20:00:00+0200,1562.94,MW,FR,FR,actual_onshore_wind_generation,Wind Onshore,2026-06-20T01:54:57Z
2026-06-20T01:54:12Z,2026-06-20T03:54:12+0200,c30b8332-6a35-45c7-931f-0dc00a3a2bb4,2026-05-23T18:15:00Z,2026-05-23T20:15:00+0200,1680.59,MW,FR,FR,actual_onshore_wind_generation,Wind Onshore,2026-06-20T01:54:57Z
2026-06-20T01:54:12Z,2026-06-20T03:54:12+0200,c30b8332-6a35-45c7-931f-0dc00a3a2bb4,2026-05-23T18:30:00Z,2026-05-23T20:30:00+0200,1834.93,MW,FR,FR,actual_onshore_wind_generation,Wind Onshore,2026-06-20T01:54:57Z
2026-06-20T01:54:12Z,2026-06-20T03:54:12+0200,c30b8332-6a35-45c7-931f-0dc00a3a2bb4,2026-05-23T18:45:00Z,2026-05-23T20:45:00+0200,1986.11,MW,FR,FR,actual_onshore_wind_generation,Wind Onshore,2026-06-20T01:54:57Z
2026-06-20T01:54:12Z,2026-06-20T03:54:12+0200,c30b8332-6a35-45c7-931f-0dc00a3a2bb4,2026-05-23T19:00:00Z,2026-05-23T21:00:00+0200,2181.24,MW,FR,FR,actual_onshore_wind_generation,Wind Onshore,2026-06-20T01:54:57Z
2026-06-20T01:54:12Z,2026-06-20T03:54:12+0200,c30b8332-6a35-45c7-931f-0dc00a3a2bb4,2026-05-23T19:15:00Z,2026-05-23T21:15:00+0200,2310.4,MW,FR,FR,actual_onshore_wind_generation,Wind Onshore,2026-06-20T01:54:57Z
2026-06-20T01:54:12Z,2026-06-20T03:54:12+0200,c30b8332-6a35-45c7-931f-0dc00a3a2bb4,2026-05-23T19:30:00Z,2026-05-23T21:30:00+0200,2485.12,MW,FR,FR,actual_onshore_wind_generation,Wind Onshore,2026-06-20T01:54:57Z
2026-06-20T01:54:12Z,2026-06-20T03:54:12+0200,c30b8332-6a35-45c7-931f-0dc00a3a2bb4,2026-05-23T19:45:00Z,2026-05-23T21:45:00+0200,2683.36,MW,FR,FR,actual_onshore_wind_generation,Wind Onshore,2026-06-20T01:54:57Z
2026-06-20T01:54:12Z,2026-06-20T03:54:12+0200,c30b8332-6a35-45c7-931f-0dc00a3a2bb4,2026-05-23T20:00:00Z,2026-05-23T22:00:00+0200,2862.78,MW,FR,FR,actual_onshore_wind_generation,Wind Onshore,2026-06-20T01:54:57Z
2026-06-20T01:54:12Z,2026-06-20T03:54:12+0200,c30b8332-6a35-45c7-931f-0dc00a3a2bb4,2026-05-23T20:15:00Z,2026-05-23T22:15:00+0200,3010.05,MW,FR,FR,actual_onshore_wind_generation,Wind Onshore,2026-06-20T01:54:57Z
2026-06-20T01:54:12Z,2026-06-20T03:54:12+0200,c30b8332-6a35-45c7-931f-0dc00a3a2bb4,2026-05-23T20:30:00Z,2026-05-23T22:30:00+0200,3152.27,MW,FR,FR,actual_onshore_wind_generation,Wind Onshore,2026-06-20T01:54:57Z
2026-06-20T01:54:12Z,2026-06-20T03:54:12+0200,c30b8332-6a35-45c7-931f-0dc00a3a2bb4,2026-05-23T20:45:00Z,2026-05-23T22:45:00+0200,3271.36,MW,FR,FR,actual_onshore_wind_generation,Wind Onshore,2026-06-20T01:54:57Z
2026-06-20T01:54:12Z,2026-06-20T03:54:12+0200,c30b8332-6a35-45c7-931f-0dc00a3a2bb4,2026-05-23T21:00:00Z,2026-05-23T23:00:00+0200,3367.8,MW,FR,FR,actual_onshore_wind_generation,Wind Onshore,2026-06-20T01:54:57Z
2026-06-20T01:54:12Z,2026-06-20T03:54:12+0200,c30b8332-6a35-45c7-931f-0dc00a3a2bb4,2026-05-23T21:15:00Z,2026-05-23T23:15:00+0200,3424.72,MW,FR,FR,actual_onshore_wind_generation,Wind Onshore,2026-06-20T01:54:57Z
2026-06-20T01:54:12Z,2026-06-20T03:54:12+0200,c30b8332-6a35-45c7-931f-0dc00a3a2bb4,2026-05-23T21:30:00Z,2026-05-23T23:30:00+0200,3485.89,MW,FR,FR,actual_onshore_wind_generation,Wind Onshore,2026-06-20T01:54:57Z
2026-06-20T01:54:12Z,2026-06-20T03:54:12+0200,c30b8332-6a35-45c7-931f-0dc00a3a2bb4,2026-05-23T21:45:00Z,2026-05-23T23:45:00+0200,3488.54,MW,FR,FR,actual_onshore_wind_generation,Wind Onshore,2026-06-20T01:54:57Z
2026-06-20T01:54:12Z,2026-06-20T03:54:12+0200,c30b8332-6a35-45c7-931f-0dc00a3a2bb4,2026-05-23T22:00:00Z,2026-05-24T00:00:00+0200,3498.09,MW,FR,FR,actual_onshore_wind_generation,Wind Onshore,2026-06-20T01:54:57Z
2026-06-20T01:54:12Z,2026-06-20T03:54:12+0200,c30b8332-6a35-45c7-931f-0dc00a3a2bb4,2026-05-23T22:15:00Z,2026-05-24T00:15:00+0200,3543.54,MW,FR,FR,actual_onshore_wind_generation,Wind Onshore,2026-06-20T01:54:57Z
2026-06-20T01:54:12Z,2026-06-20T03:54:12+0200,c30b8332-6a35-45c7-931f-0dc00a3a2bb4,2026-05-23T22:30:00Z,2026-05-24T00:30:00+0200,3551.16,MW,FR,FR,actual_onshore_wind_generation,Wind Onshore,2026-06-20T01:54:57Z
2026-06-20T01:54:12Z,2026-06-20T03:54:12+0200,c30b8332-6a35-45c7-931f-0dc00a3a2bb4,2026-05-23T22:45:00Z,2026-05-24T00:45:00+0200,3516.9,MW,FR,FR,actual_onshore_wind_generation,Wind Onshore,2026-06-20T01:54:57Z
2026-06-20T01:54:12Z,2026-06-20T03:54:12+0200,c30b8332-6a35-45c7-931f-0dc00a3a2bb4,2026-05-23T23:00:00Z,2026-05-24T01:00:00+0200,3530.75,MW,FR,FR,actual_onshore_wind_generation,Wind Onshore,2026-06-20T01:54:57Z
2026-06-20T01:54:12Z,2026-06-20T03:54:12+0200,c30b8332-6a35-45c7-931f-0dc00a3a2bb4,2026-05-23T23:15:00Z,2026-05-24T01:15:00+0200,3512.18,MW,FR,FR,actual_onshore_wind_generation,Wind Onshore,2026-06-20T01:54:57Z
2026-06-20T01:54:12Z,2026-06-20T03:54:12+0200,c30b8332-6a35-45c7-931f-0dc00a3a2bb4,2026-05-23T23:30:00Z,2026-05-24T01:30:00+0200,3539.21,MW,FR,FR,actual_onshore_wind_generation,Wind Onshore,2026-06-20T01:54:57Z
2026-06-20T01:54:12Z,2026-06-20T03:54:12+0200,c30b8332-6a35-45c7-931f-0dc00a3a2bb4,2026-05-23T23:45:00Z,2026-05-24T01:45:00+0200,3526.57,MW,FR,FR,actual_onshore_wind_generation,Wind Onshore,2026-06-20T01:54:57Z
2026-06-20T01:54:12Z,2026-06-20T03:54:12+0200,c30b8332-6a35-45c7-931f-0dc00a3a2bb4,2026-05-24T00:00:00Z,2026-05-24T02:00:00+0200,3488.6,MW,FR,FR,actual_onshore_wind_generation,Wind Onshore,2026-06-20T01:54:57Z
2026-06-20T01:54:12Z,2026-06-20T03:54:12+0200,c30b8332-6a35-45c7-931f-0dc00a3a2bb4,2026-05-24T00:15:00Z,2026-05-24T02:15:00+0200,3437.54,MW,FR,FR,actual_onshore_wind_generation,Wind Onshore,2026-06-20T01:54:57Z
2026-06-20T01:54:12Z,2026-06-20T03:54:12+0200,c30b8332-6a35-45c7-931f-0dc00a3a2bb4,2026-05-24T00:30:00Z,2026-05-24T02:30:00+0200,3425.02,MW,FR,FR,actual_onshore_wind_generation,Wind Onshore,2026-06-20T01:54:57Z
2026-06-20T01:54:12Z,2026-06-20T03:54:12+0200,c30b8332-6a35-45c7-931f-0dc00a3a2bb4,2026-05-24T00:45:00Z,2026-05-24T02:45:00+0200,3404.95,MW,FR,FR,actual_onshore_wind_generation,Wind Onshore,2026-06-20T01:54:57Z
2026-06-20T01:54:12Z,2026-06-20T03:54:12+0200,c30b8332-6a35-45c7-931f-0dc00a3a2bb4,2026-05-24T01:00:00Z,2026-05-24T03:00:00+0200,3376.91,MW,FR,FR,actual_onshore_wind_generation,Wind Onshore,2026-06-20T01:54:57Z
2026-06-20T01:54:12Z,2026-06-20T03:54:12+0200,c30b8332-6a35-45c7-931f-0dc00a3a2bb4,2026-05-24T01:15:00Z,2026-05-24T03:15:00+0200,3330.27,MW,FR,FR,actual_onshore_wind_generation,Wind Onshore,2026-06-20T01:54:57Z
2026-06-20T01:54:12Z,2026-06-20T03:54:12+0200,c30b8332-6a35-45c7-931f-0dc00a3a2bb4,2026-05-24T01:30:00Z,2026-05-24T03:30:00+0200,3322.56,MW,FR,FR,actual_onshore_wind_generation,Wind Onshore,2026-06-20T01:54:57Z
2026-06-20T01:54:12Z,2026-06-20T03:54:12+0200,c30b8332-6a35-45c7-931f-0dc00a3a2bb4,2026-05-24T01:45:00Z,2026-05-24T03:45:00+0200,3402.67,MW,FR,FR,actual_onshore_wind_generation,Wind Onshore,2026-06-20T01:54:57Z
2026-06-20T01:54:12Z,2026-06-20T03:54:12+0200,c30b8332-6a35-45c7-931f-0dc00a3a2bb4,2026-05-24T02:00:00Z,2026-05-24T04:00:00+0200,3374.2,MW,FR,FR,actual_onshore_wind_generation,Wind Onshore,2026-06-20T01:54:57Z
2026-06-20T01:54:12Z,2026-06-20T03:54:12+0200,c30b8332-6a35-45c7-931f-0dc00a3a2bb4,2026-05-24T02:15:00Z,2026-05-24T04:15:00+0200,3360.47,MW,FR,FR,actual_onshore_wind_generation,Wind Onshore,2026-06-20T01:54:57Z
2026-06-20T01:54:12Z,2026-06-20T03:54:12+0200,c30b8332-6a35-45c7-931f-0dc00a3a2bb4,2026-05-24T02:30:00Z,2026-05-24T04:30:00+0200,3315.28,MW,FR,FR,actual_onshore_wind_generation,Wind Onshore,2026-06-20T01:54:57Z
2026-06-20T01:54:12Z,2026-06-20T03:54:12+0200,c30b8332-6a35-45c7-931f-0dc00a3a2bb4,2026-05-24T02:45:00Z,2026-05-24T04:45:00+0200,3298.68,MW,FR,FR,actual_onshore_wind_generation,Wind Onshore,2026-06-20T01:54:57Z
2026-06-20T01:54:12Z,2026-06-20T03:54:12+0200,c30b8332-6a35-45c7-931f-0dc00a3a2bb4,2026-05-24T03:00:00Z,2026-05-24T05:00:00+0200,3255.09,MW,FR,FR,actual_onshore_wind_generation,Wind Onshore,2026-06-20T01:54:57Z
2026-06-20T01:54:12Z,2026-06-20T03:54:12+0200,c30b8332-6a35-45c7-931f-0dc00a3a2bb4,2026-05-24T03:15:00Z,2026-05-24T05:15:00+0200,3149.65,MW,FR,FR,actual_onshore_wind_generation,Wind Onshore,2026-06-20T01:54:57Z
2026-06-20T01:54:12Z,2026-06-20T03:54:12+0200,c30b8332-6a35-45c7-931f-0dc00a3a2bb4,2026-05-24T03:30:00Z,2026-05-24T05:30:00+0200,3059.56,MW,FR,FR,actual_onshore_wind_generation,Wind Onshore,2026-06-20T01:54:57Z
2026-06-20T01:54:12Z,2026-06-20T03:54:12+0200,c30b8332-6a35-45c7-931f-0dc00a3a2bb4,2026-05-24T03:45:00Z,2026-05-24T05:45:00+0200,3029.93,MW,FR,FR,actual_onshore_wind_generation,Wind Onshore,2026-06-20T01:54:57Z
2026-06-20T01:54:12Z,2026-06-20T03:54:12+0200,c30b8332-6a35-45c7-931f-0dc00a3a2bb4,2026-05-24T04:00:00Z,2026-05-24T06:00:00+0200,3016.55,MW,FR,FR,actual_onshore_wind_generation,Wind Onshore,2026-06-20T01:54:57Z
2026-06-20T01:54:12Z,2026-06-20T03:54:12+0200,c30b8332-6a35-45c7-931f-0dc00a3a2bb4,2026-05-24T04:15:00Z,2026-05-24T06:15:00+0200,3039.52,MW,FR,FR,actual_onshore_wind_generation,Wind Onshore,2026-06-20T01:54:57Z
2026-06-20T01:54:12Z,2026-06-20T03:54:12+0200,c30b8332-6a35-45c7-931f-0dc00a3a2bb4,2026-05-24T04:30:00Z,2026-05-24T06:30:00+0200,3054.56,MW,FR,FR,actual_onshore_wind_generation,Wind Onshore,2026-06-20T01:54:57Z
2026-06-20T01:54:12Z,2026-06-20T03:54:12+0200,c30b8332-6a35-45c7-931f-0dc00a3a2bb4,2026-05-24T04:45:00Z,2026-05-24T06:45:00+0200,3070.91,MW,FR,FR,actual_onshore_wind_generation,Wind Onshore,2026-06-20T01:54:57Z
2026-06-20T01:54:12Z,2026-06-20T03:54:12+0200,c30b8332-6a35-45c7-931f-0dc00a3a2bb4,2026-05-24T05:00:00Z,2026-05-24T07:00:00+0200,3132.65,MW,FR,FR,actual_onshore_wind_generation,Wind Onshore,2026-06-20T01:54:57Z
2026-06-20T01:54:12Z,2026-06-20T03:54:12+0200,c30b8332-6a35-45c7-931f-0dc00a3a2bb4,2026-05-24T05:15:00Z,2026-05-24T07:15:00+0200,3167.48,MW,FR,FR,actual_onshore_wind_generation,Wind Onshore,2026-06-20T01:54:57Z
2026-06-20T01:54:12Z,2026-06-20T03:54:12+0200,c30b8332-6a35-45c7-931f-0dc00a3a2bb4,2026-05-24T05:30:00Z,2026-05-24T07:30:00+0200,3136.11,MW,FR,FR,actual_onshore_wind_generation,Wind Onshore,2026-06-20T01:54:57Z
2026-06-20T01:54:12Z,2026-06-20T03:54:12+0200,c30b8332-6a35-45c7-931f-0dc00a3a2bb4,2026-05-24T05:45:00Z,2026-05-24T07:45:00+0200,3035.08,MW,FR,FR,actual_onshore_wind_generation,Wind Onshore,2026-06-20T01:54:57Z
2026-06-20T01:54:12Z,2026-06-20T03:54:12+0200,c30b8332-6a35-45c7-931f-0dc00a3a2bb4,2026-05-24T06:00:00Z,2026-05-24T08:00:00+0200,2884.69,MW,FR,FR,actual_onshore_wind_generation,Wind Onshore,2026-06-20T01:54:57Z
2026-06-20T01:54:12Z,2026-06-20T03:54:12+0200,c30b8332-6a35-45c7-931f-0dc00a3a2bb4,2026-05-24T06:15:00Z,2026-05-24T08:15:00+0200,2651.15,MW,FR,FR,actual_onshore_wind_generation,Wind Onshore,2026-06-20T01:54:57Z
2026-06-20T01:54:12Z,2026-06-20T03:54:12+0200,c30b8332-6a35-45c7-931f-0dc00a3a2bb4,2026-05-24T06:30:00Z,2026-05-24T08:30:00+0200,2350.41,MW,FR,FR,actual_onshore_wind_generation,Wind Onshore,2026-06-20T01:54:57Z
2026-06-20T01:54:12Z,2026-06-20T03:54:12+0200,c30b8332-6a35-45c7-931f-0dc00a3a2bb4,2026-05-24T06:45:00Z,2026-05-24T08:45:00+0200,2004.59,MW,FR,FR,actual_onshore_wind_generation,Wind Onshore,2026-06-20T01:54:57Z
2026-06-20T01:54:12Z,2026-06-20T03:54:12+0200,c30b8332-6a35-45c7-931f-0dc00a3a2bb4,2026-05-24T07:00:00Z,2026-05-24T09:00:00+0200,1811.53,MW,FR,FR,actual_onshore_wind_generation,Wind Onshore,2026-06-20T01:54:57Z
2026-06-20T01:54:12Z,2026-06-20T03:54:12+0200,c30b8332-6a35-45c7-931f-0dc00a3a2bb4,2026-05-24T07:15:00Z,2026-05-24T09:15:00+0200,1440.08,MW,FR,FR,actual_onshore_wind_generation,Wind Onshore,2026-06-20T01:54:57Z
2026-06-20T01:54:12Z,2026-06-20T03:54:12+0200,c30b8332-6a35-45c7-931f-0dc00a3a2bb4,2026-05-24T07:30:00Z,2026-05-24T09:30:00+0200,974.63,MW,FR,FR,actual_onshore_wind_generation,Wind Onshore,2026-06-20T01:54:57Z
2026-06-20T01:54:12Z,2026-06-20T03:54:12+0200,c30b8332-6a35-45c7-931f-0dc00a3a2bb4,2026-05-24T07:45:00Z,2026-05-24T09:45:00+0200,692.03,MW,FR,FR,actual_onshore_wind_generation,Wind Onshore,2026-06-20T01:54:57Z
2026-06-20T01:54:12Z,2026-06-20T03:54:12+0200,c30b8332-6a35-45c7-931f-0dc00a3a2bb4,2026-05-24T08:00:00Z,2026-05-24T10:00:00+0200,663.49,MW,FR,FR,actual_onshore_wind_generation,Wind Onshore,2026-06-20T01:54:57Z
2026-06-20T01:54:12Z,2026-06-20T03:54:12+0200,c30b8332-6a35-45c7-931f-0dc00a3a2bb4,2026-05-24T08:15:00Z,2026-05-24T10:15:00+0200,635.29,MW,FR,FR,actual_onshore_wind_generation,Wind Onshore,2026-06-20T01:54:57Z
2026-06-20T01:54:12Z,2026-06-20T03:54:12+0200,c30b8332-6a35-45c7-931f-0dc00a3a2bb4,2026-05-24T08:30:00Z,2026-05-24T10:30:00+0200,630.39,MW,FR,FR,actual_onshore_wind_generation,Wind Onshore,2026-06-20T01:54:57Z
2026-06-20T01:54:12Z,2026-06-20T03:54:12+0200,c30b8332-6a35-45c7-931f-0dc00a3a2bb4,2026-05-24T08:45:00Z,2026-05-24T10:45:00+0200,627.93,MW,FR,FR,actual_onshore_wind_generation,Wind Onshore,2026-06-20T01:54:57Z
2026-06-20T01:54:12Z,2026-06-20T03:54:12+0200,c30b8332-6a35-45c7-931f-0dc00a3a2bb4,2026-05-24T09:00:00Z,2026-05-24T11:00:00+0200,635.07,MW,FR,FR,actual_onshore_wind_generation,Wind Onshore,2026-06-20T01:54:57Z
2026-06-20T01:54:12Z,2026-06-20T03:54:12+0200,c30b8332-6a35-45c7-931f-0dc00a3a2bb4,2026-05-24T09:15:00Z,2026-05-24T11:15:00+0200,645.44,MW,FR,FR,actual_onshore_wind_generation,Wind Onshore,2026-06-20T01:54:57Z
2026-06-20T01:54:12Z,2026-06-20T03:54:12+0200,c30b8332-6a35-45c7-931f-0dc00a3a2bb4,2026-05-24T09:30:00Z,2026-05-24T11:30:00+0200,653.25,MW,FR,FR,actual_onshore_wind_generation,Wind Onshore,2026-06-20T01:54:57Z
2026-06-20T01:54:12Z,2026-06-20T03:54:12+0200,c30b8332-6a35-45c7-931f-0dc00a3a2bb4,2026-05-24T09:45:00Z,2026-05-24T11:45:00+0200,679.54,MW,FR,FR,actual_onshore_wind_generation,Wind Onshore,2026-06-20T01:54:57Z
2026-06-20T01:54:12Z,2026-06-20T03:54:12+0200,c30b8332-6a35-45c7-931f-0dc00a3a2bb4,2026-05-24T10:00:00Z,2026-05-24T12:00:00+0200,711.85,MW,FR,FR,actual_onshore_wind_generation,Wind Onshore,2026-06-20T01:54:57Z
2026-06-20T01:54:12Z,2026-06-20T03:54:12+0200,c30b8332-6a35-45c7-931f-0dc00a3a2bb4,2026-05-24T10:15:00Z,2026-05-24T12:15:00+0200,742.47,MW,FR,FR,actual_onshore_wind_generation,Wind Onshore,2026-06-20T01:54:57Z
2026-06-20T01:54:12Z,2026-06-20T03:54:12+0200,c30b8332-6a35-45c7-931f-0dc00a3a2bb4,2026-05-24T10:30:00Z,2026-05-24T12:30:00+0200,784.56,MW,FR,FR,actual_onshore_wind_generation,Wind Onshore,2026-06-20T01:54:57Z
2026-06-20T01:54:12Z,2026-06-20T03:54:12+0200,c30b8332-6a35-45c7-931f-0dc00a3a2bb4,2026-05-24T10:45:00Z,2026-05-24T12:45:00+0200,819.25,MW,FR,FR,actual_onshore_wind_generation,Wind Onshore,2026-06-20T01:54:57Z
2026-06-20T01:54:12Z,2026-06-20T03:54:12+0200,c30b8332-6a35-45c7-931f-0dc00a3a2bb4,2026-05-24T11:00:00Z,2026-05-24T13:00:00+0200,831.59,MW,FR,FR,actual_onshore_wind_generation,Wind Onshore,2026-06-20T01:54:57Z
2026-06-20T01:54:12Z,2026-06-20T03:54:12+0200,c30b8332-6a35-45c7-931f-0dc00a3a2bb4,2026-05-24T11:15:00Z,2026-05-24T13:15:00+0200,857.17,MW,FR,FR,actual_onshore_wind_generation,Wind Onshore,2026-06-20T01:54:57Z
2026-06-20T01:54:12Z,2026-06-20T03:54:12+0200,c30b8332-6a35-45c7-931f-0dc00a3a2bb4,2026-05-24T11:30:00Z,2026-05-24T13:30:00+0200,886.92,MW,FR,FR,actual_onshore_wind_generation,Wind Onshore,2026-06-20T01:54:57Z
2026-06-20T01:54:12Z,2026-06-20T03:54:12+0200,c30b8332-6a35-45c7-931f-0dc00a3a2bb4,2026-05-24T11:45:00Z,2026-05-24T13:45:00+0200,897.91,MW,FR,FR,actual_onshore_wind_generation,Wind Onshore,2026-06-20T01:54:57Z
2026-06-20T01:54:12Z,2026-06-20T03:54:12+0200,c30b8332-6a35-45c7-931f-0dc00a3a2bb4,2026-05-24T12:00:00Z,2026-05-24T14:00:00+0200,900.18,MW,FR,FR,actual_onshore_wind_generation,Wind Onshore,2026-06-20T01:54:57Z
2026-06-20T01:54:12Z,2026-06-20T03:54:12+0200,c30b8332-6a35-45c7-931f-0dc00a3a2bb4,2026-05-24T12:15:00Z,2026-05-24T14:15:00+0200,931.01,MW,FR,FR,actual_onshore_wind_generation,Wind Onshore,2026-06-20T01:54:57Z
2026-06-20T01:54:12Z,2026-06-20T03:54:12+0200,c30b8332-6a35-45c7-931f-0dc00a3a2bb4,2026-05-24T12:30:00Z,2026-05-24T14:30:00+0200,927.9,MW,FR,FR,actual_onshore_wind_generation,Wind Onshore,2026-06-20T01:54:57Z
2026-06-20T01:54:12Z,2026-06-20T03:54:12+0200,c30b8332-6a35-45c7-931f-0dc00a3a2bb4,2026-05-24T12:45:00Z,2026-05-24T14:45:00+0200,948.97,MW,FR,FR,actual_onshore_wind_generation,Wind Onshore,2026-06-20T01:54:57Z
2026-06-20T01:54:12Z,2026-06-20T03:54:12+0200,c30b8332-6a35-45c7-931f-0dc00a3a2bb4,2026-05-24T13:00:00Z,2026-05-24T15:00:00+0200,944.83,MW,FR,FR,actual_onshore_wind_generation,Wind Onshore,2026-06-20T01:54:57Z
2026-06-20T01:54:12Z,2026-06-20T03:54:12+0200,c30b8332-6a35-45c7-931f-0dc00a3a2bb4,2026-05-24T13:15:00Z,2026-05-24T15:15:00+0200,964.09,MW,FR,FR,actual_onshore_wind_generation,Wind Onshore,2026-06-20T01:54:57Z
2026-06-20T01:54:12Z,2026-06-20T03:54:12+0200,c30b8332-6a35-45c7-931f-0dc00a3a2bb4,2026-05-24T13:30:00Z,2026-05-24T15:30:00+0200,978.78,MW,FR,FR,actual_onshore_wind_generation,Wind Onshore,2026-06-20T01:54:57Z
2026-06-20T01:54:12Z,2026-06-20T03:54:12+0200,c30b8332-6a35-45c7-931f-0dc00a3a2bb4,2026-05-24T13:45:00Z,2026-05-24T15:45:00+0200,980.71,MW,FR,FR,actual_onshore_wind_generation,Wind Onshore,2026-06-20T01:54:57Z
2026-06-20T01:54:12Z,2026-06-20T03:54:12+0200,c30b8332-6a35-45c7-931f-0dc00a3a2bb4,2026-05-24T14:00:00Z,2026-05-24T16:00:00+0200,978.81,MW,FR,FR,actual_onshore_wind_generation,Wind Onshore,2026-06-20T01:54:57Z
2026-06-20T01:54:12Z,2026-06-20T03:54:12+0200,c30b8332-6a35-45c7-931f-0dc00a3a2bb4,2026-05-24T14:15:00Z,2026-05-24T16:15:00+0200,991.54,MW,FR,FR,actual_onshore_wind_generation,Wind Onshore,2026-06-20T01:54:57Z
2026-06-20T01:54:12Z,2026-06-20T03:54:12+0200,c30b8332-6a35-45c7-931f-0dc00a3a2bb4,2026-05-24T14:30:00Z,2026-05-24T16:30:00+0200,994.64,MW,FR,FR,actual_onshore_wind_generation,Wind Onshore,2026-06-20T01:54:57Z
2026-06-20T01:54:12Z,2026-06-20T03:54:12+0200,c30b8332-6a35-45c7-931f-0dc00a3a2bb4,2026-05-24T14:45:00Z,2026-05-24T16:45:00+0200,1256.62,MW,FR,FR,actual_onshore_wind_generation,Wind Onshore,2026-06-20T01:54:57Z
2026-06-20T01:54:12Z,2026-06-20T03:54:12+0200,c30b8332-6a35-45c7-931f-0dc00a3a2bb4,2026-05-24T15:00:00Z,2026-05-24T17:00:00+0200,1466.52,MW,FR,FR,actual_onshore_wind_generation,Wind Onshore,2026-06-20T01:54:57Z
2026-06-20T01:54:12Z,2026-06-20T03:54:12+0200,c30b8332-6a35-45c7-931f-0dc00a3a2bb4,2026-05-24T15:15:00Z,2026-05-24T17:15:00+0200,1427.44,MW,FR,FR,actual_onshore_wind_generation,Wind Onshore,2026-06-20T01:54:57Z
2026-06-20T01:54:12Z,2026-06-20T03:54:12+0200,c30b8332-6a35-45c7-931f-0dc00a3a2bb4,2026-05-24T15:30:00Z,2026-05-24T17:30:00+0200,1889.94,MW,FR,FR,actual_onshore_wind_generation,Wind Onshore,2026-06-20T01:54:57Z
2026-06-20T01:54:12Z,2026-06-20T03:54:12+0200,c30b8332-6a35-45c7-931f-0dc00a3a2bb4,2026-05-24T15:45:00Z,2026-05-24T17:45:00+0200,2287.92,MW,FR,FR,actual_onshore_wind_generation,Wind Onshore,2026-06-20T01:54:57Z
2026-06-20T01:54:12Z,2026-06-20T03:54:12+0200,c30b8332-6a35-45c7-931f-0dc00a3a2bb4,2026-05-24T16:00:00Z,2026-05-24T18:00:00+0200,2342.12,MW,FR,FR,actual_onshore_wind_generation,Wind Onshore,2026-06-20T01:54:57Z
2026-06-20T01:54:12Z,2026-06-20T03:54:12+0200,c30b8332-6a35-45c7-931f-0dc00a3a2bb4,2026-05-24T16:15:00Z,2026-05-24T18:15:00+0200,2440.8,MW,FR,FR,actual_onshore_wind_generation,Wind Onshore,2026-06-20T01:54:57Z
2026-06-20T01:54:12Z,2026-06-20T03:54:12+0200,c30b8332-6a35-45c7-931f-0dc00a3a2bb4,2026-05-24T16:30:00Z,2026-05-24T18:30:00+0200,2502.64,MW,FR,FR,actual_onshore_wind_generation,Wind Onshore,2026-06-20T01:54:57Z
2026-06-20T01:54:12Z,2026-06-20T03:54:12+0200,c30b8332-6a35-45c7-931f-0dc00a3a2bb4,2026-05-24T16:45:00Z,2026-05-24T18:45:00+0200,2511.55,MW,FR,FR,actual_onshore_wind_generation,Wind Onshore,2026-06-20T01:54:57Z
2026-06-20T01:54:12Z,2026-06-20T03:54:12+0200,c30b8332-6a35-45c7-931f-0dc00a3a2bb4,2026-05-24T17:00:00Z,2026-05-24T19:00:00+0200,2678.75,MW,FR,FR,actual_onshore_wind_generation,Wind Onshore,2026-06-20T01:54:57Z
2026-06-20T01:54:12Z,2026-06-20T03:54:12+0200,c30b8332-6a35-45c7-931f-0dc00a3a2bb4,2026-05-24T17:15:00Z,2026-05-24T19:15:00+0200,2821.9,MW,FR,FR,actual_onshore_wind_generation,Wind Onshore,2026-06-20T01:54:57Z
2026-06-20T01:54:12Z,2026-06-20T03:54:12+0200,c30b8332-6a35-45c7-931f-0dc00a3a2bb4,2026-05-24T17:30:00Z,2026-05-24T19:30:00+0200,2888.06,MW,FR,FR,actual_onshore_wind_generation,Wind Onshore,2026-06-20T01:54:57Z
2026-06-20T01:54:12Z,2026-06-20T03:54:12+0200,c30b8332-6a35-45c7-931f-0dc00a3a2bb4,2026-05-24T17:45:00Z,2026-05-24T19:45:00+0200,3025.44,MW,FR,FR,actual_onshore_wind_generation,Wind Onshore,2026-06-20T01:54:57Z
2026-06-20T01:54:12Z,2026-06-20T03:54:12+0200,c30b8332-6a35-45c7-931f-0dc00a3a2bb4,2026-05-24T18:00:00Z,2026-05-24T20:00:00+0200,3118.11,MW,FR,FR,actual_onshore_wind_generation,Wind Onshore,2026-06-20T01:54:57Z
2026-06-20T01:54:12Z,2026-06-20T03:54:12+0200,c30b8332-6a35-45c7-931f-0dc00a3a2bb4,2026-05-24T18:15:00Z,2026-05-24T20:15:00+0200,3250.54,MW,FR,FR,actual_onshore_wind_generation,Wind Onshore,2026-06-20T01:54:57Z
2026-06-20T01:54:12Z,2026-06-20T03:54:12+0200,c30b8332-6a35-45c7-931f-0dc00a3a2bb4,2026-05-24T18:30:00Z,2026-05-24T20:30:00+0200,3418.98,MW,FR,FR,actual_onshore_wind_generation,Wind Onshore,2026-06-20T01:54:57Z
2026-06-20T01:54:12Z,2026-06-20T03:54:12+0200,c30b8332-6a35-45c7-931f-0dc00a3a2bb4,2026-05-24T18:45:00Z,2026-05-24T20:45:00+0200,3628.5,MW,FR,FR,actual_onshore_wind_generation,Wind Onshore,2026-06-20T01:54:57Z
2026-06-20T01:54:12Z,2026-06-20T03:54:12+0200,c30b8332-6a35-45c7-931f-0dc00a3a2bb4,2026-05-24T19:00:00Z,2026-05-24T21:00:00+0200,3902.87,MW,FR,FR,actual_onshore_wind_generation,Wind Onshore,2026-06-20T01:54:57Z
2026-06-20T01:54:12Z,2026-06-20T03:54:12+0200,c30b8332-6a35-45c7-931f-0dc00a3a2bb4,2026-05-24T19:15:00Z,2026-05-24T21:15:00+0200,4169.94,MW,FR,FR,actual_onshore_wind_generation,Wind Onshore,2026-06-20T01:54:57Z
2026-06-20T01:54:12Z,2026-06-20T03:54:12+0200,c30b8332-6a35-45c7-931f-0dc00a3a2bb4,2026-05-24T19:30:00Z,2026-05-24T21:30:00+0200,4414.37,MW,FR,FR,actual_onshore_wind_generation,Wind Onshore,2026-06-20T01:54:57Z
2026-06-20T01:54:12Z,2026-06-20T03:54:12+0200,c30b8332-6a35-45c7-931f-0dc00a3a2bb4,2026-05-24T19:45:00Z,2026-05-24T21:45:00+0200,4638.62,MW,FR,FR,actual_onshore_wind_generation,Wind Onshore,2026-06-20T01:54:57Z
2026-06-20T01:54:12Z,2026-06-20T03:54:12+0200,c30b8332-6a35-45c7-931f-0dc00a3a2bb4,2026-05-24T20:00:00Z,2026-05-24T22:00:00+0200,4884.57,MW,FR,FR,actual_onshore_wind_generation,Wind Onshore,2026-06-20T01:54:57Z
2026-06-20T01:54:12Z,2026-06-20T03:54:12+0200,c30b8332-6a35-45c7-931f-0dc00a3a2bb4,2026-05-24T20:15:00Z,2026-05-24T22:15:00+0200,5135.3,MW,FR,FR,actual_onshore_wind_generation,Wind Onshore,2026-06-20T01:54:57Z
2026-06-20T01:54:12Z,2026-06-20T03:54:12+0200,c30b8332-6a35-45c7-931f-0dc00a3a2bb4,2026-05-24T20:30:00Z,2026-05-24T22:30:00+0200,5404.86,MW,FR,FR,actual_onshore_wind_generation,Wind Onshore,2026-06-20T01:54:57Z
2026-06-20T01:54:12Z,2026-06-20T03:54:12+0200,c30b8332-6a35-45c7-931f-0dc00a3a2bb4,2026-05-24T20:45:00Z,2026-05-24T22:45:00+0200,5538.24,MW,FR,FR,actual_onshore_wind_generation,Wind Onshore,2026-06-20T01:54:57Z
2026-06-20T01:54:12Z,2026-06-20T03:54:12+0200,c30b8332-6a35-45c7-931f-0dc00a3a2bb4,2026-05-24T21:00:00Z,2026-05-24T23:00:00+0200,5646.4,MW,FR,FR,actual_onshore_wind_generation,Wind Onshore,2026-06-20T01:54:57Z
2026-06-20T01:54:12Z,2026-06-20T03:54:12+0200,c30b8332-6a35-45c7-931f-0dc00a3a2bb4,2026-05-24T21:15:00Z,2026-05-24T23:15:00+0200,5744.91,MW,FR,FR,actual_onshore_wind_generation,Wind Onshore,2026-06-20T01:54:57Z
2026-06-20T01:54:12Z,2026-06-20T03:54:12+0200,c30b8332-6a35-45c7-931f-0dc00a3a2bb4,2026-05-24T21:30:00Z,2026-05-24T23:30:00+0200,5791.51,MW,FR,FR,actual_onshore_wind_generation,Wind Onshore,2026-06-20T01:54:57Z
2026-06-20T01:54:12Z,2026-06-20T03:54:12+0200,c30b8332-6a35-45c7-931f-0dc00a3a2bb4,2026-05-24T21:45:00Z,2026-05-24T23:45:00+0200,5731.93,MW,FR,FR,actual_onshore_wind_generation,Wind Onshore,2026-06-20T01:54:57Z
2026-06-20T01:54:12Z,2026-06-20T03:54:12+0200,c30b8332-6a35-45c7-931f-0dc00a3a2bb4,2026-05-24T22:00:00Z,2026-05-25T00:00:00+0200,5699.9,MW,FR,FR,actual_onshore_wind_generation,Wind Onshore,2026-06-20T01:54:57Z
2026-06-20T01:54:12Z,2026-06-20T03:54:12+0200,c30b8332-6a35-45c7-931f-0dc00a3a2bb4,2026-05-24T22:15:00Z,2026-05-25T00:15:00+0200,5632.53,MW,FR,FR,actual_onshore_wind_generation,Wind Onshore,2026-06-20T01:54:57Z
2026-06-20T01:54:12Z,2026-06-20T03:54:12+0200,c30b8332-6a35-45c7-931f-0dc00a3a2bb4,2026-05-24T22:30:00Z,2026-05-25T00:30:00+0200,5581.21,MW,FR,FR,actual_onshore_wind_generation,Wind Onshore,2026-06-20T01:54:57Z
2026-06-20T01:54:12Z,2026-06-20T03:54:12+0200,c30b8332-6a35-45c7-931f-0dc00a3a2bb4,2026-05-24T22:45:00Z,2026-05-25T00:45:00+0200,5543.04,MW,FR,FR,actual_onshore_wind_generation,Wind Onshore,2026-06-20T01:54:57Z
2026-06-20T01:54:12Z,2026-06-20T03:54:12+0200,c30b8332-6a35-45c7-931f-0dc00a3a2bb4,2026-05-24T23:00:00Z,2026-05-25T01:00:00+0200,5503.75,MW,FR,FR,actual_onshore_wind_generation,Wind Onshore,2026-06-20T01:54:57Z
2026-06-20T01:54:12Z,2026-06-20T03:54:12+0200,c30b8332-6a35-45c7-931f-0dc00a3a2bb4,2026-05-24T23:15:00Z,2026-05-25T01:15:00+0200,5430.45,MW,FR,FR,actual_onshore_wind_generation,Wind Onshore,2026-06-20T01:54:57Z
2026-06-20T01:54:12Z,2026-06-20T03:54:12+0200,c30b8332-6a35-45c7-931f-0dc00a3a2bb4,2026-05-24T23:30:00Z,2026-05-25T01:30:00+0200,5371.35,MW,FR,FR,actual_onshore_wind_generation,Wind Onshore,2026-06-20T01:54:57Z
2026-06-20T01:54:12Z,2026-06-20T03:54:12+0200,c30b8332-6a35-45c7-931f-0dc00a3a2bb4,2026-05-24T23:45:00Z,2026-05-25T01:45:00+0200,5306.35,MW,FR,FR,actual_onshore_wind_generation,Wind Onshore,2026-06-20T01:54:57Z
2026-06-20T01:54:12Z,2026-06-20T03:54:12+0200,c30b8332-6a35-45c7-931f-0dc00a3a2bb4,2026-05-25T00:00:00Z,2026-05-25T02:00:00+0200,5286.56,MW,FR,FR,actual_onshore_wind_generation,Wind Onshore,2026-06-20T01:54:57Z
2026-06-20T01:54:12Z,2026-06-20T03:54:12+0200,c30b8332-6a35-45c7-931f-0dc00a3a2bb4,2026-05-25T00:15:00Z,2026-05-25T02:15:00+0200,5214.59,MW,FR,FR,actual_onshore_wind_generation,Wind Onshore,2026-06-20T01:54:57Z
2026-06-20T01:54:12Z,2026-06-20T03:54:12+0200,c30b8332-6a35-45c7-931f-0dc00a3a2bb4,2026-05-25T00:30:00Z,2026-05-25T02:30:00+0200,5152.82,MW,FR,FR,actual_onshore_wind_generation,Wind Onshore,2026-06-20T01:54:57Z
2026-06-20T01:54:12Z,2026-06-20T03:54:12+0200,c30b8332-6a35-45c7-931f-0dc00a3a2bb4,2026-05-25T00:45:00Z,2026-05-25T02:45:00+0200,5085.29,MW,FR,FR,actual_onshore_wind_generation,Wind Onshore,2026-06-20T01:54:57Z
2026-06-20T01:54:12Z,2026-06-20T03:54:12+0200,c30b8332-6a35-45c7-931f-0dc00a3a2bb4,2026-05-25T01:00:00Z,2026-05-25T03:00:00+0200,4991.11,MW,FR,FR,actual_onshore_wind_generation,Wind Onshore,2026-06-20T01:54:57Z
2026-06-20T01:54:12Z,2026-06-20T03:54:12+0200,c30b8332-6a35-45c7-931f-0dc00a3a2bb4,2026-05-25T01:15:00Z,2026-05-25T03:15:00+0200,4917.68,MW,FR,FR,actual_onshore_wind_generation,Wind Onshore,2026-06-20T01:54:57Z
2026-06-20T01:54:12Z,2026-06-20T03:54:12+0200,c30b8332-6a35-45c7-931f-0dc00a3a2bb4,2026-05-25T01:30:00Z,2026-05-25T03:30:00+0200,4884.44,MW,FR,FR,actual_onshore_wind_generation,Wind Onshore,2026-06-20T01:54:57Z
2026-06-20T01:54:12Z,2026-06-20T03:54:12+0200,c30b8332-6a35-45c7-931f-0dc00a3a2bb4,2026-05-25T01:45:00Z,2026-05-25T03:45:00+0200,4820.74,MW,FR,FR,actual_onshore_wind_generation,Wind Onshore,2026-06-20T01:54:57Z
2026-06-20T01:54:12Z,2026-06-20T03:54:12+0200,c30b8332-6a35-45c7-931f-0dc00a3a2bb4,2026-05-25T02:00:00Z,2026-05-25T04:00:00+0200,4775.94,MW,FR,FR,actual_onshore_wind_generation,Wind Onshore,2026-06-20T01:54:57Z
2026-06-20T01:54:12Z,2026-06-20T03:54:12+0200,c30b8332-6a35-45c7-931f-0dc00a3a2bb4,2026-05-25T02:15:00Z,2026-05-25T04:15:00+0200,4696.99,MW,FR,FR,actual_onshore_wind_generation,Wind Onshore,2026-06-20T01:54:57Z
2026-06-20T01:54:12Z,2026-06-20T03:54:12+0200,c30b8332-6a35-45c7-931f-0dc00a3a2bb4,2026-05-25T02:30:00Z,2026-05-25T04:30:00+0200,4648.22,MW,FR,FR,actual_onshore_wind_generation,Wind Onshore,2026-06-20T01:54:57Z
2026-06-20T01:54:12Z,2026-06-20T03:54:12+0200,c30b8332-6a35-45c7-931f-0dc00a3a2bb4,2026-05-25T02:45:00Z,2026-05-25T04:45:00+0200,4623.88,MW,FR,FR,actual_onshore_wind_generation,Wind Onshore,2026-06-20T01:54:57Z
2026-06-20T01:54:12Z,2026-06-20T03:54:12+0200,c30b8332-6a35-45c7-931f-0dc00a3a2bb4,2026-05-25T03:00:00Z,2026-05-25T05:00:00+0200,4610.77,MW,FR,FR,actual_onshore_wind_generation,Wind Onshore,2026-06-20T01:54:57Z
2026-06-20T01:54:12Z,2026-06-20T03:54:12+0200,c30b8332-6a35-45c7-931f-0dc00a3a2bb4,2026-05-25T03:15:00Z,2026-05-25T05:15:00+0200,4541.76,MW,FR,FR,actual_onshore_wind_generation,Wind Onshore,2026-06-20T01:54:57Z
2026-06-20T01:54:12Z,2026-06-20T03:54:12+0200,c30b8332-6a35-45c7-931f-0dc00a3a2bb4,2026-05-25T03:30:00Z,2026-05-25T05:30:00+0200,4545.62,MW,FR,FR,actual_onshore_wind_generation,Wind Onshore,2026-06-20T01:54:57Z
2026-06-20T01:54:12Z,2026-06-20T03:54:12+0200,c30b8332-6a35-45c7-931f-0dc00a3a2bb4,2026-05-25T03:45:00Z,2026-05-25T05:45:00+0200,4532.0,MW,FR,FR,actual_onshore_wind_generation,Wind Onshore,2026-06-20T01:54:57Z
2026-06-20T01:54:12Z,2026-06-20T03:54:12+0200,c30b8332-6a35-45c7-931f-0dc00a3a2bb4,2026-05-25T04:00:00Z,2026-05-25T06:00:00+0200,4529.05,MW,FR,FR,actual_onshore_wind_generation,Wind Onshore,2026-06-20T01:54:57Z
2026-06-20T01:54:12Z,2026-06-20T03:54:12+0200,c30b8332-6a35-45c7-931f-0dc00a3a2bb4,2026-05-25T04:15:00Z,2026-05-25T06:15:00+0200,4523.8,MW,FR,FR,actual_onshore_wind_generation,Wind Onshore,2026-06-20T01:54:57Z
2026-06-20T01:54:12Z,2026-06-20T03:54:12+0200,c30b8332-6a35-45c7-931f-0dc00a3a2bb4,2026-05-25T04:30:00Z,2026-05-25T06:30:00+0200,4458.58,MW,FR,FR,actual_onshore_wind_generation,Wind Onshore,2026-06-20T01:54:57Z
2026-06-20T01:54:12Z,2026-06-20T03:54:12+0200,c30b8332-6a35-45c7-931f-0dc00a3a2bb4,2026-05-25T04:45:00Z,2026-05-25T06:45:00+0200,4382.64,MW,FR,FR,actual_onshore_wind_generation,Wind Onshore,2026-06-20T01:54:57Z
2026-06-20T01:54:12Z,2026-06-20T03:54:12+0200,c30b8332-6a35-45c7-931f-0dc00a3a2bb4,2026-05-25T05:00:00Z,2026-05-25T07:00:00+0200,4362.83,MW,FR,FR,actual_onshore_wind_generation,Wind Onshore,2026-06-20T01:54:57Z
2026-06-20T01:54:12Z,2026-06-20T03:54:12+0200,c30b8332-6a35-45c7-931f-0dc00a3a2bb4,2026-05-25T05:15:00Z,2026-05-25T07:15:00+0200,4276.98,MW,FR,FR,actual_onshore_wind_generation,Wind Onshore,2026-06-20T01:54:57Z
2026-06-20T01:54:12Z,2026-06-20T03:54:12+0200,c30b8332-6a35-45c7-931f-0dc00a3a2bb4,2026-05-25T05:30:00Z,2026-05-25T07:30:00+0200,4077.43,MW,FR,FR,actual_onshore_wind_generation,Wind Onshore,2026-06-20T01:54:57Z
2026-06-20T01:54:12Z,2026-06-20T03:54:12+0200,c30b8332-6a35-45c7-931f-0dc00a3a2bb4,2026-05-25T05:45:00Z,2026-05-25T07:45:00+0200,3796.48,MW,FR,FR,actual_onshore_wind_generation,Wind Onshore,2026-06-20T01:54:57Z
2026-06-20T01:54:12Z,2026-06-20T03:54:12+0200,c30b8332-6a35-45c7-931f-0dc00a3a2bb4,2026-05-25T06:00:00Z,2026-05-25T08:00:00+0200,3466.6,MW,FR,FR,actual_onshore_wind_generation,Wind Onshore,2026-06-20T01:54:57Z
2026-06-20T01:54:12Z,2026-06-20T03:54:12+0200,c30b8332-6a35-45c7-931f-0dc00a3a2bb4,2026-05-25T06:15:00Z,2026-05-25T08:15:00+0200,3071.64,MW,FR,FR,actual_onshore_wind_generation,Wind Onshore,2026-06-20T01:54:57Z
2026-06-20T01:54:12Z,2026-06-20T03:54:12+0200,c30b8332-6a35-45c7-931f-0dc00a3a2bb4,2026-05-25T06:30:00Z,2026-05-25T08:30:00+0200,2595.49,MW,FR,FR,actual_onshore_wind_generation,Wind Onshore,2026-06-20T01:54:57Z
2026-06-20T01:54:12Z,2026-06-20T03:54:12+0200,c30b8332-6a35-45c7-931f-0dc00a3a2bb4,2026-05-25T06:45:00Z,2026-05-25T08:45:00+0200,2158.13,MW,FR,FR,actual_onshore_wind_generation,Wind Onshore,2026-06-20T01:54:57Z
2026-06-20T01:54:12Z,2026-06-20T03:54:12+0200,c30b8332-6a35-45c7-931f-0dc00a3a2bb4,2026-05-25T07:00:00Z,2026-05-25T09:00:00+0200,1771.1,MW,FR,FR,actual_onshore_wind_generation,Wind Onshore,2026-06-20T01:54:57Z
2026-06-20T01:54:12Z,2026-06-20T03:54:12+0200,c30b8332-6a35-45c7-931f-0dc00a3a2bb4,2026-05-25T07:15:00Z,2026-05-25T09:15:00+0200,1480.73,MW,FR,FR,actual_onshore_wind_generation,Wind Onshore,2026-06-20T01:54:57Z
2026-06-20T01:54:12Z,2026-06-20T03:54:12+0200,c30b8332-6a35-45c7-931f-0dc00a3a2bb4,2026-05-25T07:30:00Z,2026-05-25T09:30:00+0200,1289.31,MW,FR,FR,actual_onshore_wind_generation,Wind Onshore,2026-06-20T01:54:57Z
2026-06-20T01:54:12Z,2026-06-20T03:54:12+0200,c30b8332-6a35-45c7-931f-0dc00a3a2bb4,2026-05-25T07:45:00Z,2026-05-25T09:45:00+0200,1105.4,MW,FR,FR,actual_onshore_wind_generation,Wind Onshore,2026-06-20T01:54:57Z
2026-06-20T01:54:12Z,2026-06-20T03:54:12+0200,c30b8332-6a35-45c7-931f-0dc00a3a2bb4,2026-05-25T08:00:00Z,2026-05-25T10:00:00+0200,922.84,MW,FR,FR,actual_onshore_wind_generation,Wind Onshore,2026-06-20T01:54:57Z
2026-06-20T01:54:12Z,2026-06-20T03:54:12+0200,c30b8332-6a35-45c7-931f-0dc00a3a2bb4,2026-05-25T08:15:00Z,2026-05-25T10:15:00+0200,721.15,MW,FR,FR,actual_onshore_wind_generation,Wind Onshore,2026-06-20T01:54:57Z
2026-06-20T01:54:12Z,2026-06-20T03:54:12+0200,c30b8332-6a35-45c7-931f-0dc00a3a2bb4,2026-05-25T08:30:00Z,2026-05-25T10:30:00+0200,631.57,MW,FR,FR,actual_onshore_wind_generation,Wind Onshore,2026-06-20T01:54:57Z
2026-06-20T01:54:12Z,2026-06-20T03:54:12+0200,c30b8332-6a35-45c7-931f-0dc00a3a2bb4,2026-05-25T08:45:00Z,2026-05-25T10:45:00+0200,529.6,MW,FR,FR,actual_onshore_wind_generation,Wind Onshore,2026-06-20T01:54:57Z
2026-06-20T01:54:12Z,2026-06-20T03:54:12+0200,c30b8332-6a35-45c7-931f-0dc00a3a2bb4,2026-05-25T09:00:00Z,2026-05-25T11:00:00+0200,522.95,MW,FR,FR,actual_onshore_wind_generation,Wind Onshore,2026-06-20T01:54:57Z
2026-06-20T01:54:12Z,2026-06-20T03:54:12+0200,c30b8332-6a35-45c7-931f-0dc00a3a2bb4,2026-05-25T09:15:00Z,2026-05-25T11:15:00+0200,529.93,MW,FR,FR,actual_onshore_wind_generation,Wind Onshore,2026-06-20T01:54:57Z
2026-06-20T01:54:12Z,2026-06-20T03:54:12+0200,c30b8332-6a35-45c7-931f-0dc00a3a2bb4,2026-05-25T09:30:00Z,2026-05-25T11:30:00+0200,541.8,MW,FR,FR,actual_onshore_wind_generation,Wind Onshore,2026-06-20T01:54:57Z
2026-06-20T01:54:12Z,2026-06-20T03:54:12+0200,c30b8332-6a35-45c7-931f-0dc00a3a2bb4,2026-05-25T09:45:00Z,2026-05-25T11:45:00+0200,580.99,MW,FR,FR,actual_onshore_wind_generation,Wind Onshore,2026-06-20T01:54:57Z
2026-06-20T01:54:12Z,2026-06-20T03:54:12+0200,c30b8332-6a35-45c7-931f-0dc00a3a2bb4,2026-05-25T10:00:00Z,2026-05-25T12:00:00+0200,596.42,MW,FR,FR,actual_onshore_wind_generation,Wind Onshore,2026-06-20T01:54:57Z
2026-06-20T01:54:12Z,2026-06-20T03:54:12+0200,c30b8332-6a35-45c7-931f-0dc00a3a2bb4,2026-05-25T10:15:00Z,2026-05-25T12:15:00+0200,601.88,MW,FR,FR,actual_onshore_wind_generation,Wind Onshore,2026-06-20T01:54:57Z
2026-06-20T01:54:12Z,2026-06-20T03:54:12+0200,c30b8332-6a35-45c7-931f-0dc00a3a2bb4,2026-05-25T10:30:00Z,2026-05-25T12:30:00+0200,597.75,MW,FR,FR,actual_onshore_wind_generation,Wind Onshore,2026-06-20T01:54:57Z
2026-06-20T01:54:12Z,2026-06-20T03:54:12+0200,c30b8332-6a35-45c7-931f-0dc00a3a2bb4,2026-05-25T10:45:00Z,2026-05-25T12:45:00+0200,618.47,MW,FR,FR,actual_onshore_wind_generation,Wind Onshore,2026-06-20T01:54:57Z
2026-06-20T01:54:12Z,2026-06-20T03:54:12+0200,c30b8332-6a35-45c7-931f-0dc00a3a2bb4,2026-05-25T11:00:00Z,2026-05-25T13:00:00+0200,606.43,MW,FR,FR,actual_onshore_wind_generation,Wind Onshore,2026-06-20T01:54:57Z
2026-06-20T01:54:12Z,2026-06-20T03:54:12+0200,c30b8332-6a35-45c7-931f-0dc00a3a2bb4,2026-05-25T11:15:00Z,2026-05-25T13:15:00+0200,609.7,MW,FR,FR,actual_onshore_wind_generation,Wind Onshore,2026-06-20T01:54:57Z
2026-06-20T01:54:12Z,2026-06-20T03:54:12+0200,c30b8332-6a35-45c7-931f-0dc00a3a2bb4,2026-05-25T11:30:00Z,2026-05-25T13:30:00+0200,600.16,MW,FR,FR,actual_onshore_wind_generation,Wind Onshore,2026-06-20T01:54:57Z
2026-06-20T01:54:12Z,2026-06-20T03:54:12+0200,c30b8332-6a35-45c7-931f-0dc00a3a2bb4,2026-05-25T11:45:00Z,2026-05-25T13:45:00+0200,613.95,MW,FR,FR,actual_onshore_wind_generation,Wind Onshore,2026-06-20T01:54:57Z
2026-06-20T01:54:12Z,2026-06-20T03:54:12+0200,c30b8332-6a35-45c7-931f-0dc00a3a2bb4,2026-05-25T12:00:00Z,2026-05-25T14:00:00+0200,633.19,MW,FR,FR,actual_onshore_wind_generation,Wind Onshore,2026-06-20T01:54:57Z
2026-06-20T01:54:12Z,2026-06-20T03:54:12+0200,c30b8332-6a35-45c7-931f-0dc00a3a2bb4,2026-05-25T12:15:00Z,2026-05-25T14:15:00+0200,639.29,MW,FR,FR,actual_onshore_wind_generation,Wind Onshore,2026-06-20T01:54:57Z
2026-06-20T01:54:12Z,2026-06-20T03:54:12+0200,c30b8332-6a35-45c7-931f-0dc00a3a2bb4,2026-05-25T12:30:00Z,2026-05-25T14:30:00+0200,650.05,MW,FR,FR,actual_onshore_wind_generation,Wind Onshore,2026-06-20T01:54:57Z
2026-06-20T01:54:12Z,2026-06-20T03:54:12+0200,c30b8332-6a35-45c7-931f-0dc00a3a2bb4,2026-05-25T12:45:00Z,2026-05-25T14:45:00+0200,648.26,MW,FR,FR,actual_onshore_wind_generation,Wind Onshore,2026-06-20T01:54:57Z
2026-06-20T01:54:12Z,2026-06-20T03:54:12+0200,c30b8332-6a35-45c7-931f-0dc00a3a2bb4,2026-05-25T13:00:00Z,2026-05-25T15:00:00+0200,658.11,MW,FR,FR,actual_onshore_wind_generation,Wind Onshore,2026-06-20T01:54:57Z
2026-06-20T01:54:12Z,2026-06-20T03:54:12+0200,c30b8332-6a35-45c7-931f-0dc00a3a2bb4,2026-05-25T13:15:00Z,2026-05-25T15:15:00+0200,666.92,MW,FR,FR,actual_onshore_wind_generation,Wind Onshore,2026-06-20T01:54:57Z
2026-06-20T01:54:12Z,2026-06-20T03:54:12+0200,c30b8332-6a35-45c7-931f-0dc00a3a2bb4,2026-05-25T13:30:00Z,2026-05-25T15:30:00+0200,679.5,MW,FR,FR,actual_onshore_wind_generation,Wind Onshore,2026-06-20T01:54:57Z
2026-06-20T01:54:12Z,2026-06-20T03:54:12+0200,c30b8332-6a35-45c7-931f-0dc00a3a2bb4,2026-05-25T13:45:00Z,2026-05-25T15:45:00+0200,694.13,MW,FR,FR,actual_onshore_wind_generation,Wind Onshore,2026-06-20T01:54:57Z
2026-06-20T01:54:12Z,2026-06-20T03:54:12+0200,c30b8332-6a35-45c7-931f-0dc00a3a2bb4,2026-05-25T14:00:00Z,2026-05-25T16:00:00+0200,743.02,MW,FR,FR,actual_onshore_wind_generation,Wind Onshore,2026-06-20T01:54:57Z
2026-06-20T01:54:12Z,2026-06-20T03:54:12+0200,c30b8332-6a35-45c7-931f-0dc00a3a2bb4,2026-05-25T14:15:00Z,2026-05-25T16:15:00+0200,782.67,MW,FR,FR,actual_onshore_wind_generation,Wind Onshore,2026-06-20T01:54:57Z
2026-06-20T01:54:12Z,2026-06-20T03:54:12+0200,c30b8332-6a35-45c7-931f-0dc00a3a2bb4,2026-05-25T14:30:00Z,2026-05-25T16:30:00+0200,1371.72,MW,FR,FR,actual_onshore_wind_generation,Wind Onshore,2026-06-20T01:54:57Z
2026-06-20T01:54:12Z,2026-06-20T03:54:12+0200,c30b8332-6a35-45c7-931f-0dc00a3a2bb4,2026-05-25T14:45:00Z,2026-05-25T16:45:00+0200,1818.86,MW,FR,FR,actual_onshore_wind_generation,Wind Onshore,2026-06-20T01:54:57Z
2026-06-20T01:54:12Z,2026-06-20T03:54:12+0200,c30b8332-6a35-45c7-931f-0dc00a3a2bb4,2026-05-25T15:00:00Z,2026-05-25T17:00:00+0200,1866.73,MW,FR,FR,actual_onshore_wind_generation,Wind Onshore,2026-06-20T01:54:57Z
2026-06-20T01:54:12Z,2026-06-20T03:54:12+0200,c30b8332-6a35-45c7-931f-0dc00a3a2bb4,2026-05-25T15:15:00Z,2026-05-25T17:15:00+0200,1898.57,MW,FR,FR,actual_onshore_wind_generation,Wind Onshore,2026-06-20T01:54:57Z
2026-06-20T01:54:12Z,2026-06-20T03:54:12+0200,c30b8332-6a35-45c7-931f-0dc00a3a2bb4,2026-05-25T15:30:00Z,2026-05-25T17:30:00+0200,1906.27,MW,FR,FR,actual_onshore_wind_generation,Wind Onshore,2026-06-20T01:54:57Z
2026-06-20T01:54:12Z,2026-06-20T03:54:12+0200,c30b8332-6a35-45c7-931f-0dc00a3a2bb4,2026-05-25T15:45:00Z,2026-05-25T17:45:00+0200,1971.61,MW,FR,FR,actual_onshore_wind_generation,Wind Onshore,2026-06-20T01:54:57Z
2026-06-20T01:54:12Z,2026-06-20T03:54:12+0200,c30b8332-6a35-45c7-931f-0dc00a3a2bb4,2026-05-25T16:00:00Z,2026-05-25T18:00:00+0200,2018.51,MW,FR,FR,actual_onshore_wind_generation,Wind Onshore,2026-06-20T01:54:57Z
2026-06-20T01:54:12Z,2026-06-20T03:54:12+0200,c30b8332-6a35-45c7-931f-0dc00a3a2bb4,2026-05-25T16:15:00Z,2026-05-25T18:15:00+0200,2077.42,MW,FR,FR,actual_onshore_wind_generation,Wind Onshore,2026-06-20T01:54:57Z
2026-06-20T01:54:12Z,2026-06-20T03:54:12+0200,c30b8332-6a35-45c7-931f-0dc00a3a2bb4,2026-05-25T16:30:00Z,2026-05-25T18:30:00+0200,2079.86,MW,FR,FR,actual_onshore_wind_generation,Wind Onshore,2026-06-20T01:54:57Z
2026-06-20T01:54:12Z,2026-06-20T03:54:12+0200,c30b8332-6a35-45c7-931f-0dc00a3a2bb4,2026-05-25T16:45:00Z,2026-05-25T18:45:00+0200,2075.86,MW,FR,FR,actual_onshore_wind_generation,Wind Onshore,2026-06-20T01:54:57Z
2026-06-20T01:54:12Z,2026-06-20T03:54:12+0200,c30b8332-6a35-45c7-931f-0dc00a3a2bb4,2026-05-25T17:00:00Z,2026-05-25T19:00:00+0200,2098.25,MW,FR,FR,actual_onshore_wind_generation,Wind Onshore,2026-06-20T01:54:57Z
2026-06-20T01:54:12Z,2026-06-20T03:54:12+0200,c30b8332-6a35-45c7-931f-0dc00a3a2bb4,2026-05-25T17:15:00Z,2026-05-25T19:15:00+0200,2107.86,MW,FR,FR,actual_onshore_wind_generation,Wind Onshore,2026-06-20T01:54:57Z
2026-06-20T01:54:12Z,2026-06-20T03:54:12+0200,c30b8332-6a35-45c7-931f-0dc00a3a2bb4,2026-05-25T17:30:00Z,2026-05-25T19:30:00+0200,2127.41,MW,FR,FR,actual_onshore_wind_generation,Wind Onshore,2026-06-20T01:54:57Z
2026-06-20T01:54:12Z,2026-06-20T03:54:12+0200,c30b8332-6a35-45c7-931f-0dc00a3a2bb4,2026-05-25T17:45:00Z,2026-05-25T19:45:00+0200,2183.34,MW,FR,FR,actual_onshore_wind_generation,Wind Onshore,2026-06-20T01:54:57Z
2026-06-20T01:54:12Z,2026-06-20T03:54:12+0200,c30b8332-6a35-45c7-931f-0dc00a3a2bb4,2026-05-25T18:00:00Z,2026-05-25T20:00:00+0200,2290.28,MW,FR,FR,actual_onshore_wind_generation,Wind Onshore,2026-06-20T01:54:57Z
2026-06-20T01:54:12Z,2026-06-20T03:54:12+0200,c30b8332-6a35-45c7-931f-0dc00a3a2bb4,2026-05-25T18:15:00Z,2026-05-25T20:15:00+0200,2437.08,MW,FR,FR,actual_onshore_wind_generation,Wind Onshore,2026-06-20T01:54:57Z
2026-06-20T01:54:12Z,2026-06-20T03:54:12+0200,c30b8332-6a35-45c7-931f-0dc00a3a2bb4,2026-05-25T18:30:00Z,2026-05-25T20:30:00+0200,2631.54,MW,FR,FR,actual_onshore_wind_generation,Wind Onshore,2026-06-20T01:54:57Z
2026-06-20T01:54:12Z,2026-06-20T03:54:12+0200,c30b8332-6a35-45c7-931f-0dc00a3a2bb4,2026-05-25T18:45:00Z,2026-05-25T20:45:00+0200,2854.94,MW,FR,FR,actual_onshore_wind_generation,Wind Onshore,2026-06-20T01:54:57Z
2026-06-20T01:54:12Z,2026-06-20T03:54:12+0200,c30b8332-6a35-45c7-931f-0dc00a3a2bb4,2026-05-25T19:00:00Z,2026-05-25T21:00:00+0200,3127.76,MW,FR,FR,actual_onshore_wind_generation,Wind Onshore,2026-06-20T01:54:57Z
2026-06-20T01:54:12Z,2026-06-20T03:54:12+0200,c30b8332-6a35-45c7-931f-0dc00a3a2bb4,2026-05-25T19:15:00Z,2026-05-25T21:15:00+0200,3415.08,MW,FR,FR,actual_onshore_wind_generation,Wind Onshore,2026-06-20T01:54:57Z
2026-06-20T01:54:12Z,2026-06-20T03:54:12+0200,c30b8332-6a35-45c7-931f-0dc00a3a2bb4,2026-05-25T19:30:00Z,2026-05-25T21:30:00+0200,3715.3,MW,FR,FR,actual_onshore_wind_generation,Wind Onshore,2026-06-20T01:54:57Z
2026-06-20T01:54:12Z,2026-06-20T03:54:12+0200,c30b8332-6a35-45c7-931f-0dc00a3a2bb4,2026-05-25T19:45:00Z,2026-05-25T21:45:00+0200,3966.9,MW,FR,FR,actual_onshore_wind_generation,Wind Onshore,2026-06-20T01:54:57Z
2026-06-20T01:54:12Z,2026-06-20T03:54:12+0200,c30b8332-6a35-45c7-931f-0dc00a3a2bb4,2026-05-25T20:00:00Z,2026-05-25T22:00:00+0200,4162.51,MW,FR,FR,actual_onshore_wind_generation,Wind Onshore,2026-06-20T01:54:57Z
2026-06-20T01:54:12Z,2026-06-20T03:54:12+0200,c30b8332-6a35-45c7-931f-0dc00a3a2bb4,2026-05-25T20:15:00Z,2026-05-25T22:15:00+0200,4313.57,MW,FR,FR,actual_onshore_wind_generation,Wind Onshore,2026-06-20T01:54:57Z
2026-06-20T01:54:12Z,2026-06-20T03:54:12+0200,c30b8332-6a35-45c7-931f-0dc00a3a2bb4,2026-05-25T20:30:00Z,2026-05-25T22:30:00+0200,4458.29,MW,FR,FR,actual_onshore_wind_generation,Wind Onshore,2026-06-20T01:54:57Z
2026-06-20T01:54:12Z,2026-06-20T03:54:12+0200,c30b8332-6a35-45c7-931f-0dc00a3a2bb4,2026-05-25T20:45:00Z,2026-05-25T22:45:00+0200,4609.48,MW,FR,FR,actual_onshore_wind_generation,Wind Onshore,2026-06-20T01:54:57Z
2026-06-20T01:54:12Z,2026-06-20T03:54:12+0200,c30b8332-6a35-45c7-931f-0dc00a3a2bb4,2026-05-25T21:00:00Z,2026-05-25T23:00:00+0200,4738.36,MW,FR,FR,actual_onshore_wind_generation,Wind Onshore,2026-06-20T01:54:57Z
2026-06-20T01:54:12Z,2026-06-20T03:54:12+0200,c30b8332-6a35-45c7-931f-0dc00a3a2bb4,2026-05-25T21:15:00Z,2026-05-25T23:15:00+0200,4839.79,MW,FR,FR,actual_onshore_wind_generation,Wind Onshore,2026-06-20T01:54:57Z
2026-06-20T01:54:12Z,2026-06-20T03:54:12+0200,c30b8332-6a35-45c7-931f-0dc00a3a2bb4,2026-05-25T21:30:00Z,2026-05-25T23:30:00+0200,4908.52,MW,FR,FR,actual_onshore_wind_generation,Wind Onshore,2026-06-20T01:54:57Z
2026-06-20T01:54:12Z,2026-06-20T03:54:12+0200,c30b8332-6a35-45c7-931f-0dc00a3a2bb4,2026-05-25T21:45:00Z,2026-05-25T23:45:00+0200,4996.39,MW,FR,FR,actual_onshore_wind_generation,Wind Onshore,2026-06-20T01:54:57Z
2026-06-20T01:54:12Z,2026-06-20T03:54:12+0200,c30b8332-6a35-45c7-931f-0dc00a3a2bb4,2026-05-25T22:00:00Z,2026-05-26T00:00:00+0200,5040.86,MW,FR,FR,actual_onshore_wind_generation,Wind Onshore,2026-06-20T01:54:57Z
2026-06-20T01:54:12Z,2026-06-20T03:54:12+0200,c30b8332-6a35-45c7-931f-0dc00a3a2bb4,2026-05-25T22:15:00Z,2026-05-26T00:15:00+0200,5018.13,MW,FR,FR,actual_onshore_wind_generation,Wind Onshore,2026-06-20T01:54:57Z
2026-06-20T01:54:12Z,2026-06-20T03:54:12+0200,c30b8332-6a35-45c7-931f-0dc00a3a2bb4,2026-05-25T22:30:00Z,2026-05-26T00:30:00+0200,4922.58,MW,FR,FR,actual_onshore_wind_generation,Wind Onshore,2026-06-20T01:54:57Z
2026-06-20T01:54:12Z,2026-06-20T03:54:12+0200,c30b8332-6a35-45c7-931f-0dc00a3a2bb4,2026-05-25T22:45:00Z,2026-05-26T00:45:00+0200,4819.05,MW,FR,FR,actual_onshore_wind_generation,Wind Onshore,2026-06-20T01:54:57Z
2026-06-20T01:54:12Z,2026-06-20T03:54:12+0200,c30b8332-6a35-45c7-931f-0dc00a3a2bb4,2026-05-25T23:00:00Z,2026-05-26T01:00:00+0200,4696.58,MW,FR,FR,actual_onshore_wind_generation,Wind Onshore,2026-06-20T01:54:57Z
2026-06-20T01:54:12Z,2026-06-20T03:54:12+0200,c30b8332-6a35-45c7-931f-0dc00a3a2bb4,2026-05-25T23:15:00Z,2026-05-26T01:15:00+0200,4518.93,MW,FR,FR,actual_onshore_wind_generation,Wind Onshore,2026-06-20T01:54:57Z
2026-06-20T01:54:12Z,2026-06-20T03:54:12+0200,c30b8332-6a35-45c7-931f-0dc00a3a2bb4,2026-05-25T23:30:00Z,2026-05-26T01:30:00+0200,4401.16,MW,FR,FR,actual_onshore_wind_generation,Wind Onshore,2026-06-20T01:54:57Z
2026-06-20T01:54:12Z,2026-06-20T03:54:12+0200,c30b8332-6a35-45c7-931f-0dc00a3a2bb4,2026-05-25T23:45:00Z,2026-05-26T01:45:00+0200,4288.59,MW,FR,FR,actual_onshore_wind_generation,Wind Onshore,2026-06-20T01:54:57Z
2026-06-20T01:54:12Z,2026-06-20T03:54:12+0200,c30b8332-6a35-45c7-931f-0dc00a3a2bb4,2026-05-26T00:00:00Z,2026-05-26T02:00:00+0200,4197.58,MW,FR,FR,actual_onshore_wind_generation,Wind Onshore,2026-06-20T01:54:57Z
2026-06-20T01:54:12Z,2026-06-20T03:54:12+0200,c30b8332-6a35-45c7-931f-0dc00a3a2bb4,2026-05-26T00:15:00Z,2026-05-26T02:15:00+0200,4055.17,MW,FR,FR,actual_onshore_wind_generation,Wind Onshore,2026-06-20T01:54:57Z
2026-06-20T01:54:12Z,2026-06-20T03:54:12+0200,c30b8332-6a35-45c7-931f-0dc00a3a2bb4,2026-05-26T00:30:00Z,2026-05-26T02:30:00+0200,3953.95,MW,FR,FR,actual_onshore_wind_generation,Wind Onshore,2026-06-20T01:54:57Z
2026-06-20T01:54:12Z,2026-06-20T03:54:12+0200,c30b8332-6a35-45c7-931f-0dc00a3a2bb4,2026-05-26T00:45:00Z,2026-05-26T02:45:00+0200,3886.92,MW,FR,FR,actual_onshore_wind_generation,Wind Onshore,2026-06-20T01:54:57Z
2026-06-20T01:54:12Z,2026-06-20T03:54:12+0200,c30b8332-6a35-45c7-931f-0dc00a3a2bb4,2026-05-26T01:00:00Z,2026-05-26T03:00:00+0200,3802.84,MW,FR,FR,actual_onshore_wind_generation,Wind Onshore,2026-06-20T01:54:57Z
2026-06-20T01:54:12Z,2026-06-20T03:54:12+0200,c30b8332-6a35-45c7-931f-0dc00a3a2bb4,2026-05-26T01:15:00Z,2026-05-26T03:15:00+0200,3703.12,MW,FR,FR,actual_onshore_wind_generation,Wind Onshore,2026-06-20T01:54:57Z
2026-06-20T01:54:12Z,2026-06-20T03:54:12+0200,c30b8332-6a35-45c7-931f-0dc00a3a2bb4,2026-05-26T01:30:00Z,2026-05-26T03:30:00+0200,3587.64,MW,FR,FR,actual_onshore_wind_generation,Wind Onshore,2026-06-20T01:54:57Z
2026-06-20T01:54:12Z,2026-06-20T03:54:12+0200,c30b8332-6a35-45c7-931f-0dc00a3a2bb4,2026-05-26T01:45:00Z,2026-05-26T03:45:00+0200,3480.3,MW,FR,FR,actual_onshore_wind_generation,Wind Onshore,2026-06-20T01:54:57Z
2026-06-20T01:54:12Z,2026-06-20T03:54:12+0200,c30b8332-6a35-45c7-931f-0dc00a3a2bb4,2026-05-26T02:00:00Z,2026-05-26T04:00:00+0200,3336.66,MW,FR,FR,actual_onshore_wind_generation,Wind Onshore,2026-06-20T01:54:57Z
2026-06-20T01:54:12Z,2026-06-20T03:54:12+0200,c30b8332-6a35-45c7-931f-0dc00a3a2bb4,2026-05-26T02:15:00Z,2026-05-26T04:15:00+0200,3203.21,MW,FR,FR,actual_onshore_wind_generation,Wind Onshore,2026-06-20T01:54:57Z
2026-06-20T01:54:12Z,2026-06-20T03:54:12+0200,c30b8332-6a35-45c7-931f-0dc00a3a2bb4,2026-05-26T02:30:00Z,2026-05-26T04:30:00+0200,3079.17,MW,FR,FR,actual_onshore_wind_generation,Wind Onshore,2026-06-20T01:54:57Z
2026-06-20T01:54:12Z,2026-06-20T03:54:12+0200,c30b8332-6a35-45c7-931f-0dc00a3a2bb4,2026-05-26T02:45:00Z,2026-05-26T04:45:00+0200,2984.64,MW,FR,FR,actual_onshore_wind_generation,Wind Onshore,2026-06-20T01:54:57Z
2026-06-20T01:54:12Z,2026-06-20T03:54:12+0200,c30b8332-6a35-45c7-931f-0dc00a3a2bb4,2026-05-26T03:00:00Z,2026-05-26T05:00:00+0200,2881.01,MW,FR,FR,actual_onshore_wind_generation,Wind Onshore,2026-06-20T01:54:57Z
2026-06-20T01:54:12Z,2026-06-20T03:54:12+0200,c30b8332-6a35-45c7-931f-0dc00a3a2bb4,2026-05-26T03:15:00Z,2026-05-26T05:15:00+0200,2765.7,MW,FR,FR,actual_onshore_wind_generation,Wind Onshore,2026-06-20T01:54:57Z
2026-06-20T01:54:12Z,2026-06-20T03:54:12+0200,c30b8332-6a35-45c7-931f-0dc00a3a2bb4,2026-05-26T03:30:00Z,2026-05-26T05:30:00+0200,2669.83,MW,FR,FR,actual_onshore_wind_generation,Wind Onshore,2026-06-20T01:54:57Z
2026-06-20T01:54:12Z,2026-06-20T03:54:12+0200,c30b8332-6a35-45c7-931f-0dc00a3a2bb4,2026-05-26T03:45:00Z,2026-05-26T05:45:00+0200,2592.31,MW,FR,FR,actual_onshore_wind_generation,Wind Onshore,2026-06-20T01:54:57Z
2026-06-20T01:54:12Z,2026-06-20T03:54:12+0200,c30b8332-6a35-45c7-931f-0dc00a3a2bb4,2026-05-26T04:00:00Z,2026-05-26T06:00:00+0200,2561.21,MW,FR,FR,actual_onshore_wind_generation,Wind Onshore,2026-06-20T01:54:57Z
2026-06-20T01:54:12Z,2026-06-20T03:54:12+0200,c30b8332-6a35-45c7-931f-0dc00a3a2bb4,2026-05-26T04:15:00Z,2026-05-26T06:15:00+0200,2574.26,MW,FR,FR,actual_onshore_wind_generation,Wind Onshore,2026-06-20T01:54:57Z
2026-06-20T01:54:12Z,2026-06-20T03:54:12+0200,c30b8332-6a35-45c7-931f-0dc00a3a2bb4,2026-05-26T04:30:00Z,2026-05-26T06:30:00+0200,2500.32,MW,FR,FR,actual_onshore_wind_generation,Wind Onshore,2026-06-20T01:54:57Z
2026-06-20T01:54:12Z,2026-06-20T03:54:12+0200,c30b8332-6a35-45c7-931f-0dc00a3a2bb4,2026-05-26T04:45:00Z,2026-05-26T06:45:00+0200,2412.61,MW,FR,FR,actual_onshore_wind_generation,Wind Onshore,2026-06-20T01:54:57Z
2026-06-20T01:54:12Z,2026-06-20T03:54:12+0200,c30b8332-6a35-45c7-931f-0dc00a3a2bb4,2026-05-26T05:00:00Z,2026-05-26T07:00:00+0200,2396.68,MW,FR,FR,actual_onshore_wind_generation,Wind Onshore,2026-06-20T01:54:57Z
2026-06-20T01:54:12Z,2026-06-20T03:54:12+0200,c30b8332-6a35-45c7-931f-0dc00a3a2bb4,2026-05-26T05:15:00Z,2026-05-26T07:15:00+0200,2290.8,MW,FR,FR,actual_onshore_wind_generation,Wind Onshore,2026-06-20T01:54:57Z
2026-06-20T01:54:12Z,2026-06-20T03:54:12+0200,c30b8332-6a35-45c7-931f-0dc00a3a2bb4,2026-05-26T05:30:00Z,2026-05-26T07:30:00+0200,2138.5,MW,FR,FR,actual_onshore_wind_generation,Wind Onshore,2026-06-20T01:54:57Z
2026-06-20T01:54:12Z,2026-06-20T03:54:12+0200,c30b8332-6a35-45c7-931f-0dc00a3a2bb4,2026-05-26T05:45:00Z,2026-05-26T07:45:00+0200,2004.93,MW,FR,FR,actual_onshore_wind_generation,Wind Onshore,2026-06-20T01:54:57Z
2026-06-20T01:54:12Z,2026-06-20T03:54:12+0200,c30b8332-6a35-45c7-931f-0dc00a3a2bb4,2026-05-26T06:00:00Z,2026-05-26T08:00:00+0200,1833.44,MW,FR,FR,actual_onshore_wind_generation,Wind Onshore,2026-06-20T01:54:57Z
2026-06-20T01:54:12Z,2026-06-20T03:54:12+0200,c30b8332-6a35-45c7-931f-0dc00a3a2bb4,2026-05-26T06:15:00Z,2026-05-26T08:15:00+0200,1666.42,MW,FR,FR,actual_onshore_wind_generation,Wind Onshore,2026-06-20T01:54:57Z
2026-06-20T01:54:12Z,2026-06-20T03:54:12+0200,c30b8332-6a35-45c7-931f-0dc00a3a2bb4,2026-05-26T06:30:00Z,2026-05-26T08:30:00+0200,1460.46,MW,FR,FR,actual_onshore_wind_generation,Wind Onshore,2026-06-20T01:54:57Z
2026-06-20T01:54:12Z,2026-06-20T03:54:12+0200,c30b8332-6a35-45c7-931f-0dc00a3a2bb4,2026-05-26T06:45:00Z,2026-05-26T08:45:00+0200,1269.83,MW,FR,FR,actual_onshore_wind_generation,Wind Onshore,2026-06-20T01:54:57Z
2026-06-20T01:54:12Z,2026-06-20T03:54:12+0200,c30b8332-6a35-45c7-931f-0dc00a3a2bb4,2026-05-26T07:00:00Z,2026-05-26T09:00:00+0200,1107.41,MW,FR,FR,actual_onshore_wind_generation,Wind Onshore,2026-06-20T01:54:57Z
2026-06-20T01:54:12Z,2026-06-20T03:54:12+0200,c30b8332-6a35-45c7-931f-0dc00a3a2bb4,2026-05-26T07:15:00Z,2026-05-26T09:15:00+0200,980.12,MW,FR,FR,actual_onshore_wind_generation,Wind Onshore,2026-06-20T01:54:57Z
2026-06-20T01:54:12Z,2026-06-20T03:54:12+0200,c30b8332-6a35-45c7-931f-0dc00a3a2bb4,2026-05-26T07:30:00Z,2026-05-26T09:30:00+0200,872.61,MW,FR,FR,actual_onshore_wind_generation,Wind Onshore,2026-06-20T01:54:57Z
2026-06-20T01:54:12Z,2026-06-20T03:54:12+0200,c30b8332-6a35-45c7-931f-0dc00a3a2bb4,2026-05-26T07:45:00Z,2026-05-26T09:45:00+0200,798.45,MW,FR,FR,actual_onshore_wind_generation,Wind Onshore,2026-06-20T01:54:57Z
2026-06-20T01:54:12Z,2026-06-20T03:54:12+0200,c30b8332-6a35-45c7-931f-0dc00a3a2bb4,2026-05-26T08:00:00Z,2026-05-26T10:00:00+0200,758.2,MW,FR,FR,actual_onshore_wind_generation,Wind Onshore,2026-06-20T01:54:57Z
2026-06-20T01:54:12Z,2026-06-20T03:54:12+0200,c30b8332-6a35-45c7-931f-0dc00a3a2bb4,2026-05-26T08:15:00Z,2026-05-26T10:15:00+0200,725.95,MW,FR,FR,actual_onshore_wind_generation,Wind Onshore,2026-06-20T01:54:57Z
2026-06-20T01:54:12Z,2026-06-20T03:54:12+0200,c30b8332-6a35-45c7-931f-0dc00a3a2bb4,2026-05-26T08:30:00Z,2026-05-26T10:30:00+0200,709.09,MW,FR,FR,actual_onshore_wind_generation,Wind Onshore,2026-06-20T01:54:57Z
2026-06-20T01:54:12Z,2026-06-20T03:54:12+0200,c30b8332-6a35-45c7-931f-0dc00a3a2bb4,2026-05-26T08:45:00Z,2026-05-26T10:45:00+0200,703.2,MW,FR,FR,actual_onshore_wind_generation,Wind Onshore,2026-06-20T01:54:57Z
2026-06-20T01:54:12Z,2026-06-20T03:54:12+0200,c30b8332-6a35-45c7-931f-0dc00a3a2bb4,2026-05-26T09:00:00Z,2026-05-26T11:00:00+0200,644.07,MW,FR,FR,actual_onshore_wind_generation,Wind Onshore,2026-06-20T01:54:57Z
2026-06-20T01:54:12Z,2026-06-20T03:54:12+0200,c30b8332-6a35-45c7-931f-0dc00a3a2bb4,2026-05-26T09:15:00Z,2026-05-26T11:15:00+0200,619.61,MW,FR,FR,actual_onshore_wind_generation,Wind Onshore,2026-06-20T01:54:57Z
2026-06-20T01:54:12Z,2026-06-20T03:54:12+0200,c30b8332-6a35-45c7-931f-0dc00a3a2bb4,2026-05-26T09:30:00Z,2026-05-26T11:30:00+0200,548.46,MW,FR,FR,actual_onshore_wind_generation,Wind Onshore,2026-06-20T01:54:57Z
2026-06-20T01:54:12Z,2026-06-20T03:54:12+0200,c30b8332-6a35-45c7-931f-0dc00a3a2bb4,2026-05-26T09:45:00Z,2026-05-26T11:45:00+0200,534.68,MW,FR,FR,actual_onshore_wind_generation,Wind Onshore,2026-06-20T01:54:57Z
2026-06-20T01:54:12Z,2026-06-20T03:54:12+0200,c30b8332-6a35-45c7-931f-0dc00a3a2bb4,2026-05-26T10:00:00Z,2026-05-26T12:00:00+0200,535.49,MW,FR,FR,actual_onshore_wind_generation,Wind Onshore,2026-06-20T01:54:57Z
2026-06-20T01:54:12Z,2026-06-20T03:54:12+0200,c30b8332-6a35-45c7-931f-0dc00a3a2bb4,2026-05-26T10:15:00Z,2026-05-26T12:15:00+0200,550.76,MW,FR,FR,actual_onshore_wind_generation,Wind Onshore,2026-06-20T01:54:57Z
2026-06-20T01:54:12Z,2026-06-20T03:54:12+0200,c30b8332-6a35-45c7-931f-0dc00a3a2bb4,2026-05-26T10:30:00Z,2026-05-26T12:30:00+0200,554.05,MW,FR,FR,actual_onshore_wind_generation,Wind Onshore,2026-06-20T01:54:57Z
2026-06-20T01:54:12Z,2026-06-20T03:54:12+0200,c30b8332-6a35-45c7-931f-0dc00a3a2bb4,2026-05-26T10:45:00Z,2026-05-26T12:45:00+0200,555.71,MW,FR,FR,actual_onshore_wind_generation,Wind Onshore,2026-06-20T01:54:57Z
2026-06-20T01:54:12Z,2026-06-20T03:54:12+0200,c30b8332-6a35-45c7-931f-0dc00a3a2bb4,2026-05-26T11:00:00Z,2026-05-26T13:00:00+0200,541.07,MW,FR,FR,actual_onshore_wind_generation,Wind Onshore,2026-06-20T01:54:57Z
2026-06-20T01:54:12Z,2026-06-20T03:54:12+0200,c30b8332-6a35-45c7-931f-0dc00a3a2bb4,2026-05-26T11:15:00Z,2026-05-26T13:15:00+0200,500.29,MW,FR,FR,actual_onshore_wind_generation,Wind Onshore,2026-06-20T01:54:57Z
2026-06-20T01:54:12Z,2026-06-20T03:54:12+0200,c30b8332-6a35-45c7-931f-0dc00a3a2bb4,2026-05-26T11:30:00Z,2026-05-26T13:30:00+0200,460.16,MW,FR,FR,actual_onshore_wind_generation,Wind Onshore,2026-06-20T01:54:57Z
2026-06-20T01:54:12Z,2026-06-20T03:54:12+0200,c30b8332-6a35-45c7-931f-0dc00a3a2bb4,2026-05-26T11:45:00Z,2026-05-26T13:45:00+0200,451.61,MW,FR,FR,actual_onshore_wind_generation,Wind Onshore,2026-06-20T01:54:57Z
2026-06-20T01:54:12Z,2026-06-20T03:54:12+0200,c30b8332-6a35-45c7-931f-0dc00a3a2bb4,2026-05-26T12:00:00Z,2026-05-26T14:00:00+0200,448.96,MW,FR,FR,actual_onshore_wind_generation,Wind Onshore,2026-06-20T01:54:57Z
2026-06-20T01:54:12Z,2026-06-20T03:54:12+0200,c30b8332-6a35-45c7-931f-0dc00a3a2bb4,2026-05-26T12:15:00Z,2026-05-26T14:15:00+0200,418.66,MW,FR,FR,actual_onshore_wind_generation,Wind Onshore,2026-06-20T01:54:57Z
2026-06-20T01:54:12Z,2026-06-20T03:54:12+0200,c30b8332-6a35-45c7-931f-0dc00a3a2bb4,2026-05-26T12:30:00Z,2026-05-26T14:30:00+0200,466.62,MW,FR,FR,actual_onshore_wind_generation,Wind Onshore,2026-06-20T01:54:57Z
2026-06-20T01:54:12Z,2026-06-20T03:54:12+0200,c30b8332-6a35-45c7-931f-0dc00a3a2bb4,2026-05-26T12:45:00Z,2026-05-26T14:45:00+0200,531.9,MW,FR,FR,actual_onshore_wind_generation,Wind Onshore,2026-06-20T01:54:57Z
2026-06-20T01:54:12Z,2026-06-20T03:54:12+0200,c30b8332-6a35-45c7-931f-0dc00a3a2bb4,2026-05-26T13:00:00Z,2026-05-26T15:00:00+0200,575.64,MW,FR,FR,actual_onshore_wind_generation,Wind Onshore,2026-06-20T01:54:57Z
2026-06-20T01:54:12Z,2026-06-20T03:54:12+0200,c30b8332-6a35-45c7-931f-0dc00a3a2bb4,2026-05-26T13:15:00Z,2026-05-26T15:15:00+0200,589.18,MW,FR,FR,actual_onshore_wind_generation,Wind Onshore,2026-06-20T01:54:57Z
2026-06-20T01:54:12Z,2026-06-20T03:54:12+0200,c30b8332-6a35-45c7-931f-0dc00a3a2bb4,2026-05-26T13:30:00Z,2026-05-26T15:30:00+0200,592.22,MW,FR,FR,actual_onshore_wind_generation,Wind Onshore,2026-06-20T01:54:57Z
2026-06-20T01:54:12Z,2026-06-20T03:54:12+0200,c30b8332-6a35-45c7-931f-0dc00a3a2bb4,2026-05-26T13:45:00Z,2026-05-26T15:45:00+0200,608.84,MW,FR,FR,actual_onshore_wind_generation,Wind Onshore,2026-06-20T01:54:57Z
2026-06-20T01:54:12Z,2026-06-20T03:54:12+0200,c30b8332-6a35-45c7-931f-0dc00a3a2bb4,2026-05-26T14:00:00Z,2026-05-26T16:00:00+0200,718.05,MW,FR,FR,actual_onshore_wind_generation,Wind Onshore,2026-06-20T01:54:57Z
2026-06-20T01:54:12Z,2026-06-20T03:54:12+0200,c30b8332-6a35-45c7-931f-0dc00a3a2bb4,2026-05-26T14:15:00Z,2026-05-26T16:15:00+0200,815.33,MW,FR,FR,actual_onshore_wind_generation,Wind Onshore,2026-06-20T01:54:57Z
2026-06-20T01:54:12Z,2026-06-20T03:54:12+0200,c30b8332-6a35-45c7-931f-0dc00a3a2bb4,2026-05-26T14:30:00Z,2026-05-26T16:30:00+0200,871.33,MW,FR,FR,actual_onshore_wind_generation,Wind Onshore,2026-06-20T01:54:57Z
2026-06-20T01:54:12Z,2026-06-20T03:54:12+0200,c30b8332-6a35-45c7-931f-0dc00a3a2bb4,2026-05-26T14:45:00Z,2026-05-26T16:45:00+0200,888.02,MW,FR,FR,actual_onshore_wind_generation,Wind Onshore,2026-06-20T01:54:57Z
2026-06-20T01:54:12Z,2026-06-20T03:54:12+0200,c30b8332-6a35-45c7-931f-0dc00a3a2bb4,2026-05-26T15:00:00Z,2026-05-26T17:00:00+0200,862.26,MW,FR,FR,actual_onshore_wind_generation,Wind Onshore,2026-06-20T01:54:57Z
2026-06-20T01:54:12Z,2026-06-20T03:54:12+0200,c30b8332-6a35-45c7-931f-0dc00a3a2bb4,2026-05-26T15:15:00Z,2026-05-26T17:15:00+0200,854.59,MW,FR,FR,actual_onshore_wind_generation,Wind Onshore,2026-06-20T01:54:57Z
2026-06-20T01:54:12Z,2026-06-20T03:54:12+0200,c30b8332-6a35-45c7-931f-0dc00a3a2bb4,2026-05-26T15:30:00Z,2026-05-26T17:30:00+0200,861.72,MW,FR,FR,actual_onshore_wind_generation,Wind Onshore,2026-06-20T01:54:57Z
2026-06-20T01:54:12Z,2026-06-20T03:54:12+0200,c30b8332-6a35-45c7-931f-0dc00a3a2bb4,2026-05-26T15:45:00Z,2026-05-26T17:45:00+0200,827.27,MW,FR,FR,actual_onshore_wind_generation,Wind Onshore,2026-06-20T01:54:57Z
2026-06-20T01:54:12Z,2026-06-20T03:54:12+0200,c30b8332-6a35-45c7-931f-0dc00a3a2bb4,2026-05-26T16:00:00Z,2026-05-26T18:00:00+0200,813.29,MW,FR,FR,actual_onshore_wind_generation,Wind Onshore,2026-06-20T01:54:57Z
2026-06-20T01:54:12Z,2026-06-20T03:54:12+0200,c30b8332-6a35-45c7-931f-0dc00a3a2bb4,2026-05-26T16:15:00Z,2026-05-26T18:15:00+0200,783.55,MW,FR,FR,actual_onshore_wind_generation,Wind Onshore,2026-06-20T01:54:57Z
2026-06-20T01:54:12Z,2026-06-20T03:54:12+0200,c30b8332-6a35-45c7-931f-0dc00a3a2bb4,2026-05-26T16:30:00Z,2026-05-26T18:30:00+0200,784.1,MW,FR,FR,actual_onshore_wind_generation,Wind Onshore,2026-06-20T01:54:57Z
2026-06-20T01:54:12Z,2026-06-20T03:54:12+0200,c30b8332-6a35-45c7-931f-0dc00a3a2bb4,2026-05-26T16:45:00Z,2026-05-26T18:45:00+0200,769.44,MW,FR,FR,actual_onshore_wind_generation,Wind Onshore,2026-06-20T01:54:57Z
2026-06-20T01:54:12Z,2026-06-20T03:54:12+0200,c30b8332-6a35-45c7-931f-0dc00a3a2bb4,2026-05-26T17:00:00Z,2026-05-26T19:00:00+0200,735.09,MW,FR,FR,actual_onshore_wind_generation,Wind Onshore,2026-06-20T01:54:57Z
2026-06-20T01:54:12Z,2026-06-20T03:54:12+0200,c30b8332-6a35-45c7-931f-0dc00a3a2bb4,2026-05-26T17:15:00Z,2026-05-26T19:15:00+0200,714.04,MW,FR,FR,actual_onshore_wind_generation,Wind Onshore,2026-06-20T01:54:57Z
2026-06-20T01:54:12Z,2026-06-20T03:54:12+0200,c30b8332-6a35-45c7-931f-0dc00a3a2bb4,2026-05-26T17:30:00Z,2026-05-26T19:30:00+0200,702.51,MW,FR,FR,actual_onshore_wind_generation,Wind Onshore,2026-06-20T01:54:57Z
2026-06-20T01:54:12Z,2026-06-20T03:54:12+0200,c30b8332-6a35-45c7-931f-0dc00a3a2bb4,2026-05-26T17:45:00Z,2026-05-26T19:45:00+0200,723.57,MW,FR,FR,actual_onshore_wind_generation,Wind Onshore,2026-06-20T01:54:57Z
2026-06-20T01:54:12Z,2026-06-20T03:54:12+0200,c30b8332-6a35-45c7-931f-0dc00a3a2bb4,2026-05-26T18:00:00Z,2026-05-26T20:00:00+0200,743.13,MW,FR,FR,actual_onshore_wind_generation,Wind Onshore,2026-06-20T01:54:57Z
2026-06-20T01:54:12Z,2026-06-20T03:54:12+0200,c30b8332-6a35-45c7-931f-0dc00a3a2bb4,2026-05-26T18:15:00Z,2026-05-26T20:15:00+0200,767.95,MW,FR,FR,actual_onshore_wind_generation,Wind Onshore,2026-06-20T01:54:57Z
2026-06-20T01:54:12Z,2026-06-20T03:54:12+0200,c30b8332-6a35-45c7-931f-0dc00a3a2bb4,2026-05-26T18:30:00Z,2026-05-26T20:30:00+0200,804.13,MW,FR,FR,actual_onshore_wind_generation,Wind Onshore,2026-06-20T01:54:57Z
2026-06-20T01:54:12Z,2026-06-20T03:54:12+0200,c30b8332-6a35-45c7-931f-0dc00a3a2bb4,2026-05-26T18:45:00Z,2026-05-26T20:45:00+0200,838.98,MW,FR,FR,actual_onshore_wind_generation,Wind Onshore,2026-06-20T01:54:57Z
2026-06-20T01:54:12Z,2026-06-20T03:54:12+0200,c30b8332-6a35-45c7-931f-0dc00a3a2bb4,2026-05-26T19:00:00Z,2026-05-26T21:00:00+0200,900.81,MW,FR,FR,actual_onshore_wind_generation,Wind Onshore,2026-06-20T01:54:57Z
2026-06-20T01:54:12Z,2026-06-20T03:54:12+0200,c30b8332-6a35-45c7-931f-0dc00a3a2bb4,2026-05-26T19:15:00Z,2026-05-26T21:15:00+0200,953.66,MW,FR,FR,actual_onshore_wind_generation,Wind Onshore,2026-06-20T01:54:57Z
2026-06-20T01:54:12Z,2026-06-20T03:54:12+0200,c30b8332-6a35-45c7-931f-0dc00a3a2bb4,2026-05-26T19:30:00Z,2026-05-26T21:30:00+0200,1009.22,MW,FR,FR,actual_onshore_wind_generation,Wind Onshore,2026-06-20T01:54:57Z
2026-06-20T01:54:12Z,2026-06-20T03:54:12+0200,c30b8332-6a35-45c7-931f-0dc00a3a2bb4,2026-05-26T19:45:00Z,2026-05-26T21:45:00+0200,1041.14,MW,FR,FR,actual_onshore_wind_generation,Wind Onshore,2026-06-20T01:54:57Z
2026-06-20T01:54:12Z,2026-06-20T03:54:12+0200,c30b8332-6a35-45c7-931f-0dc00a3a2bb4,2026-05-26T20:00:00Z,2026-05-26T22:00:00+0200,1111.05,MW,FR,FR,actual_onshore_wind_generation,Wind Onshore,2026-06-20T01:54:57Z
2026-06-20T01:54:12Z,2026-06-20T03:54:12+0200,c30b8332-6a35-45c7-931f-0dc00a3a2bb4,2026-05-26T20:15:00Z,2026-05-26T22:15:00+0200,1164.85,MW,FR,FR,actual_onshore_wind_generation,Wind Onshore,2026-06-20T01:54:57Z
2026-06-20T01:54:12Z,2026-06-20T03:54:12+0200,c30b8332-6a35-45c7-931f-0dc00a3a2bb4,2026-05-26T20:30:00Z,2026-05-26T22:30:00+0200,1218.72,MW,FR,FR,actual_onshore_wind_generation,Wind Onshore,2026-06-20T01:54:57Z
2026-06-20T01:54:12Z,2026-06-20T03:54:12+0200,c30b8332-6a35-45c7-931f-0dc00a3a2bb4,2026-05-26T20:45:00Z,2026-05-26T22:45:00+0200,1297.85,MW,FR,FR,actual_onshore_wind_generation,Wind Onshore,2026-06-20T01:54:57Z
2026-06-20T01:54:12Z,2026-06-20T03:54:12+0200,c30b8332-6a35-45c7-931f-0dc00a3a2bb4,2026-05-26T21:00:00Z,2026-05-26T23:00:00+0200,1377.8,MW,FR,FR,actual_onshore_wind_generation,Wind Onshore,2026-06-20T01:54:57Z
2026-06-20T01:54:12Z,2026-06-20T03:54:12+0200,c30b8332-6a35-45c7-931f-0dc00a3a2bb4,2026-05-26T21:15:00Z,2026-05-26T23:15:00+0200,1429.76,MW,FR,FR,actual_onshore_wind_generation,Wind Onshore,2026-06-20T01:54:57Z
2026-06-20T01:54:12Z,2026-06-20T03:54:12+0200,c30b8332-6a35-45c7-931f-0dc00a3a2bb4,2026-05-26T21:30:00Z,2026-05-26T23:30:00+0200,1506.59,MW,FR,FR,actual_onshore_wind_generation,Wind Onshore,2026-06-20T01:54:57Z
2026-06-20T01:54:12Z,2026-06-20T03:54:12+0200,c30b8332-6a35-45c7-931f-0dc00a3a2bb4,2026-05-26T21:45:00Z,2026-05-26T23:45:00+0200,1557.62,MW,FR,FR,actual_onshore_wind_generation,Wind Onshore,2026-06-20T01:54:57Z
2026-06-20T01:54:12Z,2026-06-20T03:54:12+0200,c30b8332-6a35-45c7-931f-0dc00a3a2bb4,2026-05-26T22:00:00Z,2026-05-27T00:00:00+0200,1559.2,MW,FR,FR,actual_onshore_wind_generation,Wind Onshore,2026-06-20T01:54:57Z
2026-06-20T01:54:12Z,2026-06-20T03:54:12+0200,c30b8332-6a35-45c7-931f-0dc00a3a2bb4,2026-05-26T22:15:00Z,2026-05-27T00:15:00+0200,1552.15,MW,FR,FR,actual_onshore_wind_generation,Wind Onshore,2026-06-20T01:54:57Z
2026-06-20T01:54:12Z,2026-06-20T03:54:12+0200,c30b8332-6a35-45c7-931f-0dc00a3a2bb4,2026-05-26T22:30:00Z,2026-05-27T00:30:00+0200,1556.61,MW,FR,FR,actual_onshore_wind_generation,Wind Onshore,2026-06-20T01:54:57Z
2026-06-20T01:54:12Z,2026-06-20T03:54:12+0200,c30b8332-6a35-45c7-931f-0dc00a3a2bb4,2026-05-26T22:45:00Z,2026-05-27T00:45:00+0200,1592.08,MW,FR,FR,actual_onshore_wind_generation,Wind Onshore,2026-06-20T01:54:57Z
2026-06-20T01:54:12Z,2026-06-20T03:54:12+0200,c30b8332-6a35-45c7-931f-0dc00a3a2bb4,2026-05-26T23:00:00Z,2026-05-27T01:00:00+0200,1627.13,MW,FR,FR,actual_onshore_wind_generation,Wind Onshore,2026-06-20T01:54:57Z
2026-06-20T01:54:12Z,2026-06-20T03:54:12+0200,c30b8332-6a35-45c7-931f-0dc00a3a2bb4,2026-05-26T23:15:00Z,2026-05-27T01:15:00+0200,1652.13,MW,FR,FR,actual_onshore_wind_generation,Wind Onshore,2026-06-20T01:54:57Z
2026-06-20T01:54:12Z,2026-06-20T03:54:12+0200,c30b8332-6a35-45c7-931f-0dc00a3a2bb4,2026-05-26T23:30:00Z,2026-05-27T01:30:00+0200,1655.61,MW,FR,FR,actual_onshore_wind_generation,Wind Onshore,2026-06-20T01:54:57Z
2026-06-20T01:54:12Z,2026-06-20T03:54:12+0200,c30b8332-6a35-45c7-931f-0dc00a3a2bb4,2026-05-26T23:45:00Z,2026-05-27T01:45:00+0200,1651.87,MW,FR,FR,actual_onshore_wind_generation,Wind Onshore,2026-06-20T01:54:57Z
2026-06-20T01:54:12Z,2026-06-20T03:54:12+0200,c30b8332-6a35-45c7-931f-0dc00a3a2bb4,2026-05-27T00:00:00Z,2026-05-27T02:00:00+0200,1629.26,MW,FR,FR,actual_onshore_wind_generation,Wind Onshore,2026-06-20T01:54:57Z
2026-06-20T01:54:12Z,2026-06-20T03:54:12+0200,c30b8332-6a35-45c7-931f-0dc00a3a2bb4,2026-05-27T00:15:00Z,2026-05-27T02:15:00+0200,1579.59,MW,FR,FR,actual_onshore_wind_generation,Wind Onshore,2026-06-20T01:54:57Z
2026-06-20T01:54:12Z,2026-06-20T03:54:12+0200,c30b8332-6a35-45c7-931f-0dc00a3a2bb4,2026-05-27T00:30:00Z,2026-05-27T02:30:00+0200,1545.37,MW,FR,FR,actual_onshore_wind_generation,Wind Onshore,2026-06-20T01:54:57Z
2026-06-20T01:54:12Z,2026-06-20T03:54:12+0200,c30b8332-6a35-45c7-931f-0dc00a3a2bb4,2026-05-27T00:45:00Z,2026-05-27T02:45:00+0200,1542.53,MW,FR,FR,actual_onshore_wind_generation,Wind Onshore,2026-06-20T01:54:57Z
2026-06-20T01:54:12Z,2026-06-20T03:54:12+0200,c30b8332-6a35-45c7-931f-0dc00a3a2bb4,2026-05-27T01:00:00Z,2026-05-27T03:00:00+0200,1552.01,MW,FR,FR,actual_onshore_wind_generation,Wind Onshore,2026-06-20T01:54:57Z
2026-06-20T01:54:12Z,2026-06-20T03:54:12+0200,c30b8332-6a35-45c7-931f-0dc00a3a2bb4,2026-05-27T01:15:00Z,2026-05-27T03:15:00+0200,1548.19,MW,FR,FR,actual_onshore_wind_generation,Wind Onshore,2026-06-20T01:54:57Z
2026-06-20T01:54:12Z,2026-06-20T03:54:12+0200,c30b8332-6a35-45c7-931f-0dc00a3a2bb4,2026-05-27T01:30:00Z,2026-05-27T03:30:00+0200,1532.74,MW,FR,FR,actual_onshore_wind_generation,Wind Onshore,2026-06-20T01:54:57Z
2026-06-20T01:54:12Z,2026-06-20T03:54:12+0200,c30b8332-6a35-45c7-931f-0dc00a3a2bb4,2026-05-27T01:45:00Z,2026-05-27T03:45:00+0200,1549.8,MW,FR,FR,actual_onshore_wind_generation,Wind Onshore,2026-06-20T01:54:57Z
2026-06-20T01:54:12Z,2026-06-20T03:54:12+0200,c30b8332-6a35-45c7-931f-0dc00a3a2bb4,2026-05-27T02:00:00Z,2026-05-27T04:00:00+0200,1562.37,MW,FR,FR,actual_onshore_wind_generation,Wind Onshore,2026-06-20T01:54:57Z
2026-06-20T01:54:12Z,2026-06-20T03:54:12+0200,c30b8332-6a35-45c7-931f-0dc00a3a2bb4,2026-05-27T02:15:00Z,2026-05-27T04:15:00+0200,1560.74,MW,FR,FR,actual_onshore_wind_generation,Wind Onshore,2026-06-20T01:54:57Z
2026-06-20T01:54:12Z,2026-06-20T03:54:12+0200,c30b8332-6a35-45c7-931f-0dc00a3a2bb4,2026-05-27T02:30:00Z,2026-05-27T04:30:00+0200,1548.77,MW,FR,FR,actual_onshore_wind_generation,Wind Onshore,2026-06-20T01:54:57Z
2026-06-20T01:54:12Z,2026-06-20T03:54:12+0200,c30b8332-6a35-45c7-931f-0dc00a3a2bb4,2026-05-27T02:45:00Z,2026-05-27T04:45:00+0200,1554.9,MW,FR,FR,actual_onshore_wind_generation,Wind Onshore,2026-06-20T01:54:57Z
2026-06-20T01:54:12Z,2026-06-20T03:54:12+0200,c30b8332-6a35-45c7-931f-0dc00a3a2bb4,2026-05-27T03:00:00Z,2026-05-27T05:00:00+0200,1558.26,MW,FR,FR,actual_onshore_wind_generation,Wind Onshore,2026-06-20T01:54:57Z
2026-06-20T01:54:12Z,2026-06-20T03:54:12+0200,c30b8332-6a35-45c7-931f-0dc00a3a2bb4,2026-05-27T03:15:00Z,2026-05-27T05:15:00+0200,1573.16,MW,FR,FR,actual_onshore_wind_generation,Wind Onshore,2026-06-20T01:54:57Z
2026-06-20T01:54:12Z,2026-06-20T03:54:12+0200,c30b8332-6a35-45c7-931f-0dc00a3a2bb4,2026-05-27T03:30:00Z,2026-05-27T05:30:00+0200,1588.62,MW,FR,FR,actual_onshore_wind_generation,Wind Onshore,2026-06-20T01:54:57Z
2026-06-20T01:54:12Z,2026-06-20T03:54:12+0200,c30b8332-6a35-45c7-931f-0dc00a3a2bb4,2026-05-27T03:45:00Z,2026-05-27T05:45:00+0200,1578.91,MW,FR,FR,actual_onshore_wind_generation,Wind Onshore,2026-06-20T01:54:57Z
2026-06-20T01:54:12Z,2026-06-20T03:54:12+0200,c30b8332-6a35-45c7-931f-0dc00a3a2bb4,2026-05-27T04:00:00Z,2026-05-27T06:00:00+0200,1605.42,MW,FR,FR,actual_onshore_wind_generation,Wind Onshore,2026-06-20T01:54:57Z
2026-06-20T01:54:12Z,2026-06-20T03:54:12+0200,c30b8332-6a35-45c7-931f-0dc00a3a2bb4,2026-05-27T04:15:00Z,2026-05-27T06:15:00+0200,1608.08,MW,FR,FR,actual_onshore_wind_generation,Wind Onshore,2026-06-20T01:54:57Z
2026-06-20T01:54:12Z,2026-06-20T03:54:12+0200,c30b8332-6a35-45c7-931f-0dc00a3a2bb4,2026-05-27T04:30:00Z,2026-05-27T06:30:00+0200,1616.69,MW,FR,FR,actual_onshore_wind_generation,Wind Onshore,2026-06-20T01:54:57Z
2026-06-20T01:54:12Z,2026-06-20T03:54:12+0200,c30b8332-6a35-45c7-931f-0dc00a3a2bb4,2026-05-27T04:45:00Z,2026-05-27T06:45:00+0200,1619.89,MW,FR,FR,actual_onshore_wind_generation,Wind Onshore,2026-06-20T01:54:57Z
2026-06-20T01:54:12Z,2026-06-20T03:54:12+0200,c30b8332-6a35-45c7-931f-0dc00a3a2bb4,2026-05-27T05:00:00Z,2026-05-27T07:00:00+0200,1675.3,MW,FR,FR,actual_onshore_wind_generation,Wind Onshore,2026-06-20T01:54:57Z
2026-06-20T01:54:12Z,2026-06-20T03:54:12+0200,c30b8332-6a35-45c7-931f-0dc00a3a2bb4,2026-05-27T05:15:00Z,2026-05-27T07:15:00+0200,1713.91,MW,FR,FR,actual_onshore_wind_generation,Wind Onshore,2026-06-20T01:54:57Z
2026-06-20T01:54:12Z,2026-06-20T03:54:12+0200,c30b8332-6a35-45c7-931f-0dc00a3a2bb4,2026-05-27T05:30:00Z,2026-05-27T07:30:00+0200,1720.63,MW,FR,FR,actual_onshore_wind_generation,Wind Onshore,2026-06-20T01:54:57Z
2026-06-20T01:54:12Z,2026-06-20T03:54:12+0200,c30b8332-6a35-45c7-931f-0dc00a3a2bb4,2026-05-27T05:45:00Z,2026-05-27T07:45:00+0200,1685.7,MW,FR,FR,actual_onshore_wind_generation,Wind Onshore,2026-06-20T01:54:57Z
2026-06-20T01:54:12Z,2026-06-20T03:54:12+0200,c30b8332-6a35-45c7-931f-0dc00a3a2bb4,2026-05-27T06:00:00Z,2026-05-27T08:00:00+0200,1616.75,MW,FR,FR,actual_onshore_wind_generation,Wind Onshore,2026-06-20T01:54:57Z
2026-06-20T01:54:12Z,2026-06-20T03:54:12+0200,c30b8332-6a35-45c7-931f-0dc00a3a2bb4,2026-05-27T06:15:00Z,2026-05-27T08:15:00+0200,1525.97,MW,FR,FR,actual_onshore_wind_generation,Wind Onshore,2026-06-20T01:54:57Z
2026-06-20T01:54:12Z,2026-06-20T03:54:12+0200,c30b8332-6a35-45c7-931f-0dc00a3a2bb4,2026-05-27T06:30:00Z,2026-05-27T08:30:00+0200,1400.71,MW,FR,FR,actual_onshore_wind_generation,Wind Onshore,2026-06-20T01:54:57Z
2026-06-20T01:54:12Z,2026-06-20T03:54:12+0200,c30b8332-6a35-45c7-931f-0dc00a3a2bb4,2026-05-27T06:45:00Z,2026-05-27T08:45:00+0200,1265.34,MW,FR,FR,actual_onshore_wind_generation,Wind Onshore,2026-06-20T01:54:57Z
2026-06-20T01:54:12Z,2026-06-20T03:54:12+0200,c30b8332-6a35-45c7-931f-0dc00a3a2bb4,2026-05-27T07:00:00Z,2026-05-27T09:00:00+0200,1113.84,MW,FR,FR,actual_onshore_wind_generation,Wind Onshore,2026-06-20T01:54:57Z
2026-06-20T01:54:12Z,2026-06-20T03:54:12+0200,c30b8332-6a35-45c7-931f-0dc00a3a2bb4,2026-05-27T07:15:00Z,2026-05-27T09:15:00+0200,974.22,MW,FR,FR,actual_onshore_wind_generation,Wind Onshore,2026-06-20T01:54:57Z
2026-06-20T01:54:12Z,2026-06-20T03:54:12+0200,c30b8332-6a35-45c7-931f-0dc00a3a2bb4,2026-05-27T07:30:00Z,2026-05-27T09:30:00+0200,878.51,MW,FR,FR,actual_onshore_wind_generation,Wind Onshore,2026-06-20T01:54:57Z
2026-06-20T01:54:12Z,2026-06-20T03:54:12+0200,c30b8332-6a35-45c7-931f-0dc00a3a2bb4,2026-05-27T07:45:00Z,2026-05-27T09:45:00+0200,806.31,MW,FR,FR,actual_onshore_wind_generation,Wind Onshore,2026-06-20T01:54:57Z
2026-06-20T01:54:12Z,2026-06-20T03:54:12+0200,c30b8332-6a35-45c7-931f-0dc00a3a2bb4,2026-05-27T08:00:00Z,2026-05-27T10:00:00+0200,764.96,MW,FR,FR,actual_onshore_wind_generation,Wind Onshore,2026-06-20T01:54:57Z
2026-06-20T01:54:12Z,2026-06-20T03:54:12+0200,c30b8332-6a35-45c7-931f-0dc00a3a2bb4,2026-05-27T08:15:00Z,2026-05-27T10:15:00+0200,740.17,MW,FR,FR,actual_onshore_wind_generation,Wind Onshore,2026-06-20T01:54:57Z
2026-06-20T01:54:12Z,2026-06-20T03:54:12+0200,c30b8332-6a35-45c7-931f-0dc00a3a2bb4,2026-05-27T08:30:00Z,2026-05-27T10:30:00+0200,726.38,MW,FR,FR,actual_onshore_wind_generation,Wind Onshore,2026-06-20T01:54:57Z
2026-06-20T01:54:12Z,2026-06-20T03:54:12+0200,c30b8332-6a35-45c7-931f-0dc00a3a2bb4,2026-05-27T08:45:00Z,2026-05-27T10:45:00+0200,717.5,MW,FR,FR,actual_onshore_wind_generation,Wind Onshore,2026-06-20T01:54:57Z
2026-06-20T01:54:12Z,2026-06-20T03:54:12+0200,c30b8332-6a35-45c7-931f-0dc00a3a2bb4,2026-05-27T09:00:00Z,2026-05-27T11:00:00+0200,727.32,MW,FR,FR,actual_onshore_wind_generation,Wind Onshore,2026-06-20T01:54:57Z
2026-06-20T01:54:12Z,2026-06-20T03:54:12+0200,c30b8332-6a35-45c7-931f-0dc00a3a2bb4,2026-05-27T09:15:00Z,2026-05-27T11:15:00+0200,750.25,MW,FR,FR,actual_onshore_wind_generation,Wind Onshore,2026-06-20T01:54:57Z
2026-06-20T01:54:12Z,2026-06-20T03:54:12+0200,c30b8332-6a35-45c7-931f-0dc00a3a2bb4,2026-05-27T09:30:00Z,2026-05-27T11:30:00+0200,782.31,MW,FR,FR,actual_onshore_wind_generation,Wind Onshore,2026-06-20T01:54:57Z
2026-06-20T01:54:12Z,2026-06-20T03:54:12+0200,c30b8332-6a35-45c7-931f-0dc00a3a2bb4,2026-05-27T09:45:00Z,2026-05-27T11:45:00+0200,821.03,MW,FR,FR,actual_onshore_wind_generation,Wind Onshore,2026-06-20T01:54:57Z
2026-06-20T01:54:12Z,2026-06-20T03:54:12+0200,c30b8332-6a35-45c7-931f-0dc00a3a2bb4,2026-05-27T10:00:00Z,2026-05-27T12:00:00+0200,886.01,MW,FR,FR,actual_onshore_wind_generation,Wind Onshore,2026-06-20T01:54:57Z
2026-06-20T01:54:12Z,2026-06-20T03:54:12+0200,c30b8332-6a35-45c7-931f-0dc00a3a2bb4,2026-05-27T10:15:00Z,2026-05-27T12:15:00+0200,945.2,MW,FR,FR,actual_onshore_wind_generation,Wind Onshore,2026-06-20T01:54:57Z
2026-06-20T01:54:12Z,2026-06-20T03:54:12+0200,c30b8332-6a35-45c7-931f-0dc00a3a2bb4,2026-05-27T10:30:00Z,2026-05-27T12:30:00+0200,984.55,MW,FR,FR,actual_onshore_wind_generation,Wind Onshore,2026-06-20T01:54:57Z
2026-06-20T01:54:12Z,2026-06-20T03:54:12+0200,c30b8332-6a35-45c7-931f-0dc00a3a2bb4,2026-05-27T10:45:00Z,2026-05-27T12:45:00+0200,996.8,MW,FR,FR,actual_onshore_wind_generation,Wind Onshore,2026-06-20T01:54:57Z
2026-06-20T01:54:12Z,2026-06-20T03:54:12+0200,c30b8332-6a35-45c7-931f-0dc00a3a2bb4,2026-05-27T11:00:00Z,2026-05-27T13:00:00+0200,997.51,MW,FR,FR,actual_onshore_wind_generation,Wind Onshore,2026-06-20T01:54:57Z
2026-06-20T01:54:12Z,2026-06-20T03:54:12+0200,c30b8332-6a35-45c7-931f-0dc00a3a2bb4,2026-05-27T11:15:00Z,2026-05-27T13:15:00+0200,913.26,MW,FR,FR,actual_onshore_wind_generation,Wind Onshore,2026-06-20T01:54:57Z
2026-06-20T01:54:12Z,2026-06-20T03:54:12+0200,c30b8332-6a35-45c7-931f-0dc00a3a2bb4,2026-05-27T11:30:00Z,2026-05-27T13:30:00+0200,735.82,MW,FR,FR,actual_onshore_wind_generation,Wind Onshore,2026-06-20T01:54:57Z
2026-06-20T01:54:12Z,2026-06-20T03:54:12+0200,c30b8332-6a35-45c7-931f-0dc00a3a2bb4,2026-05-27T11:45:00Z,2026-05-27T13:45:00+0200,720.37,MW,FR,FR,actual_onshore_wind_generation,Wind Onshore,2026-06-20T01:54:57Z
2026-06-20T01:54:12Z,2026-06-20T03:54:12+0200,c30b8332-6a35-45c7-931f-0dc00a3a2bb4,2026-05-27T12:00:00Z,2026-05-27T14:00:00+0200,726.97,MW,FR,FR,actual_onshore_wind_generation,Wind Onshore,2026-06-20T01:54:57Z
2026-06-20T01:54:12Z,2026-06-20T03:54:12+0200,c30b8332-6a35-45c7-931f-0dc00a3a2bb4,2026-05-27T12:15:00Z,2026-05-27T14:15:00+0200,735.29,MW,FR,FR,actual_onshore_wind_generation,Wind Onshore,2026-06-20T01:54:57Z
2026-06-20T01:54:12Z,2026-06-20T03:54:12+0200,c30b8332-6a35-45c7-931f-0dc00a3a2bb4,2026-05-27T12:30:00Z,2026-05-27T14:30:00+0200,732.64,MW,FR,FR,actual_onshore_wind_generation,Wind Onshore,2026-06-20T01:54:57Z
2026-06-20T01:54:12Z,2026-06-20T03:54:12+0200,c30b8332-6a35-45c7-931f-0dc00a3a2bb4,2026-05-27T12:45:00Z,2026-05-27T14:45:00+0200,930.44,MW,FR,FR,actual_onshore_wind_generation,Wind Onshore,2026-06-20T01:54:57Z
2026-06-20T01:54:12Z,2026-06-20T03:54:12+0200,c30b8332-6a35-45c7-931f-0dc00a3a2bb4,2026-05-27T13:00:00Z,2026-05-27T15:00:00+0200,1064.37,MW,FR,FR,actual_onshore_wind_generation,Wind Onshore,2026-06-20T01:54:57Z
2026-06-20T01:54:12Z,2026-06-20T03:54:12+0200,c30b8332-6a35-45c7-931f-0dc00a3a2bb4,2026-05-27T13:15:00Z,2026-05-27T15:15:00+0200,1140.49,MW,FR,FR,actual_onshore_wind_generation,Wind Onshore,2026-06-20T01:54:57Z
2026-06-20T01:54:12Z,2026-06-20T03:54:12+0200,c30b8332-6a35-45c7-931f-0dc00a3a2bb4,2026-05-27T13:30:00Z,2026-05-27T15:30:00+0200,1147.48,MW,FR,FR,actual_onshore_wind_generation,Wind Onshore,2026-06-20T01:54:57Z
2026-06-20T01:54:12Z,2026-06-20T03:54:12+0200,c30b8332-6a35-45c7-931f-0dc00a3a2bb4,2026-05-27T13:45:00Z,2026-05-27T15:45:00+0200,1188.89,MW,FR,FR,actual_onshore_wind_generation,Wind Onshore,2026-06-20T01:54:57Z
2026-06-20T01:54:12Z,2026-06-20T03:54:12+0200,c30b8332-6a35-45c7-931f-0dc00a3a2bb4,2026-05-27T14:00:00Z,2026-05-27T16:00:00+0200,1218.47,MW,FR,FR,actual_onshore_wind_generation,Wind Onshore,2026-06-20T01:54:57Z
2026-06-20T01:54:12Z,2026-06-20T03:54:12+0200,c30b8332-6a35-45c7-931f-0dc00a3a2bb4,2026-05-27T14:15:00Z,2026-05-27T16:15:00+0200,1229.99,MW,FR,FR,actual_onshore_wind_generation,Wind Onshore,2026-06-20T01:54:57Z
2026-06-20T01:54:12Z,2026-06-20T03:54:12+0200,c30b8332-6a35-45c7-931f-0dc00a3a2bb4,2026-05-27T14:30:00Z,2026-05-27T16:30:00+0200,1238.46,MW,FR,FR,actual_onshore_wind_generation,Wind Onshore,2026-06-20T01:54:57Z
2026-06-20T01:54:12Z,2026-06-20T03:54:12+0200,c30b8332-6a35-45c7-931f-0dc00a3a2bb4,2026-05-27T14:45:00Z,2026-05-27T16:45:00+0200,1293.84,MW,FR,FR,actual_onshore_wind_generation,Wind Onshore,2026-06-20T01:54:57Z
2026-06-20T01:54:12Z,2026-06-20T03:54:12+0200,c30b8332-6a35-45c7-931f-0dc00a3a2bb4,2026-05-27T15:00:00Z,2026-05-27T17:00:00+0200,1305.07,MW,FR,FR,actual_onshore_wind_generation,Wind Onshore,2026-06-20T01:54:57Z
2026-06-20T01:54:12Z,2026-06-20T03:54:12+0200,c30b8332-6a35-45c7-931f-0dc00a3a2bb4,2026-05-27T15:15:00Z,2026-05-27T17:15:00+0200,1346.43,MW,FR,FR,actual_onshore_wind_generation,Wind Onshore,2026-06-20T01:54:57Z
2026-06-20T01:54:12Z,2026-06-20T03:54:12+0200,c30b8332-6a35-45c7-931f-0dc00a3a2bb4,2026-05-27T15:30:00Z,2026-05-27T17:30:00+0200,1417.12,MW,FR,FR,actual_onshore_wind_generation,Wind Onshore,2026-06-20T01:54:57Z
2026-06-20T01:54:12Z,2026-06-20T03:54:12+0200,c30b8332-6a35-45c7-931f-0dc00a3a2bb4,2026-05-27T15:45:00Z,2026-05-27T17:45:00+0200,1470.67,MW,FR,FR,actual_onshore_wind_generation,Wind Onshore,2026-06-20T01:54:57Z
2026-06-20T01:54:12Z,2026-06-20T03:54:12+0200,c30b8332-6a35-45c7-931f-0dc00a3a2bb4,2026-05-27T16:00:00Z,2026-05-27T18:00:00+0200,1539.41,MW,FR,FR,actual_onshore_wind_generation,Wind Onshore,2026-06-20T01:54:57Z
2026-06-20T01:54:12Z,2026-06-20T03:54:12+0200,c30b8332-6a35-45c7-931f-0dc00a3a2bb4,2026-05-27T16:15:00Z,2026-05-27T18:15:00+0200,1601.11,MW,FR,FR,actual_onshore_wind_generation,Wind Onshore,2026-06-20T01:54:57Z
2026-06-20T01:54:12Z,2026-06-20T03:54:12+0200,c30b8332-6a35-45c7-931f-0dc00a3a2bb4,2026-05-27T16:30:00Z,2026-05-27T18:30:00+0200,1635.08,MW,FR,FR,actual_onshore_wind_generation,Wind Onshore,2026-06-20T01:54:57Z
2026-06-20T01:54:12Z,2026-06-20T03:54:12+0200,c30b8332-6a35-45c7-931f-0dc00a3a2bb4,2026-05-27T16:45:00Z,2026-05-27T18:45:00+0200,1719.65,MW,FR,FR,actual_onshore_wind_generation,Wind Onshore,2026-06-20T01:54:57Z
2026-06-20T01:54:12Z,2026-06-20T03:54:12+0200,c30b8332-6a35-45c7-931f-0dc00a3a2bb4,2026-05-27T17:00:00Z,2026-05-27T19:00:00+0200,1851.14,MW,FR,FR,actual_onshore_wind_generation,Wind Onshore,2026-06-20T01:54:57Z
2026-06-20T01:54:12Z,2026-06-20T03:54:12+0200,c30b8332-6a35-45c7-931f-0dc00a3a2bb4,2026-05-27T17:15:00Z,2026-05-27T19:15:00+0200,1915.14,MW,FR,FR,actual_onshore_wind_generation,Wind Onshore,2026-06-20T01:54:57Z
2026-06-20T01:54:12Z,2026-06-20T03:54:12+0200,c30b8332-6a35-45c7-931f-0dc00a3a2bb4,2026-05-27T17:30:00Z,2026-05-27T19:30:00+0200,1977.69,MW,FR,FR,actual_onshore_wind_generation,Wind Onshore,2026-06-20T01:54:57Z
2026-06-20T01:54:12Z,2026-06-20T03:54:12+0200,c30b8332-6a35-45c7-931f-0dc00a3a2bb4,2026-05-27T17:45:00Z,2026-05-27T19:45:00+0200,2055.38,MW,FR,FR,actual_onshore_wind_generation,Wind Onshore,2026-06-20T01:54:57Z
2026-06-20T01:54:12Z,2026-06-20T03:54:12+0200,c30b8332-6a35-45c7-931f-0dc00a3a2bb4,2026-05-27T18:00:00Z,2026-05-27T20:00:00+0200,2150.12,MW,FR,FR,actual_onshore_wind_generation,Wind Onshore,2026-06-20T01:54:57Z
2026-06-20T01:54:12Z,2026-06-20T03:54:12+0200,c30b8332-6a35-45c7-931f-0dc00a3a2bb4,2026-05-27T18:15:00Z,2026-05-27T20:15:00+0200,2242.26,MW,FR,FR,actual_onshore_wind_generation,Wind Onshore,2026-06-20T01:54:57Z
2026-06-20T01:54:12Z,2026-06-20T03:54:12+0200,c30b8332-6a35-45c7-931f-0dc00a3a2bb4,2026-05-27T18:30:00Z,2026-05-27T20:30:00+0200,2363.32,MW,FR,FR,actual_onshore_wind_generation,Wind Onshore,2026-06-20T01:54:57Z
2026-06-20T01:54:12Z,2026-06-20T03:54:12+0200,c30b8332-6a35-45c7-931f-0dc00a3a2bb4,2026-05-27T18:45:00Z,2026-05-27T20:45:00+0200,2506.01,MW,FR,FR,actual_onshore_wind_generation,Wind Onshore,2026-06-20T01:54:57Z
2026-06-20T01:54:12Z,2026-06-20T03:54:12+0200,c30b8332-6a35-45c7-931f-0dc00a3a2bb4,2026-05-27T19:00:00Z,2026-05-27T21:00:00+0200,2731.67,MW,FR,FR,actual_onshore_wind_generation,Wind Onshore,2026-06-20T01:54:57Z
2026-06-20T01:54:12Z,2026-06-20T03:54:12+0200,c30b8332-6a35-45c7-931f-0dc00a3a2bb4,2026-05-27T19:15:00Z,2026-05-27T21:15:00+0200,2953.57,MW,FR,FR,actual_onshore_wind_generation,Wind Onshore,2026-06-20T01:54:57Z
2026-06-20T01:54:12Z,2026-06-20T03:54:12+0200,c30b8332-6a35-45c7-931f-0dc00a3a2bb4,2026-05-27T19:30:00Z,2026-05-27T21:30:00+0200,3145.24,MW,FR,FR,actual_onshore_wind_generation,Wind Onshore,2026-06-20T01:54:57Z
2026-06-20T01:54:12Z,2026-06-20T03:54:12+0200,c30b8332-6a35-45c7-931f-0dc00a3a2bb4,2026-05-27T19:45:00Z,2026-05-27T21:45:00+0200,3402.11,MW,FR,FR,actual_onshore_wind_generation,Wind Onshore,2026-06-20T01:54:57Z
2026-06-20T01:54:12Z,2026-06-20T03:54:12+0200,c30b8332-6a35-45c7-931f-0dc00a3a2bb4,2026-05-27T20:00:00Z,2026-05-27T22:00:00+0200,3599.06,MW,FR,FR,actual_onshore_wind_generation,Wind Onshore,2026-06-20T01:54:57Z
2026-06-20T01:54:12Z,2026-06-20T03:54:12+0200,c30b8332-6a35-45c7-931f-0dc00a3a2bb4,2026-05-27T20:15:00Z,2026-05-27T22:15:00+0200,3856.15,MW,FR,FR,actual_onshore_wind_generation,Wind Onshore,2026-06-20T01:54:57Z
2026-06-20T01:54:12Z,2026-06-20T03:54:12+0200,c30b8332-6a35-45c7-931f-0dc00a3a2bb4,2026-05-27T20:30:00Z,2026-05-27T22:30:00+0200,4115.77,MW,FR,FR,actual_onshore_wind_generation,Wind Onshore,2026-06-20T01:54:57Z
2026-06-20T01:54:12Z,2026-06-20T03:54:12+0200,c30b8332-6a35-45c7-931f-0dc00a3a2bb4,2026-05-27T20:45:00Z,2026-05-27T22:45:00+0200,4379.02,MW,FR,FR,actual_onshore_wind_generation,Wind Onshore,2026-06-20T01:54:57Z
2026-06-20T01:54:12Z,2026-06-20T03:54:12+0200,c30b8332-6a35-45c7-931f-0dc00a3a2bb4,2026-05-27T21:00:00Z,2026-05-27T23:00:00+0200,4557.41,MW,FR,FR,actual_onshore_wind_generation,Wind Onshore,2026-06-20T01:54:57Z
2026-06-20T01:54:12Z,2026-06-20T03:54:12+0200,c30b8332-6a35-45c7-931f-0dc00a3a2bb4,2026-05-27T21:15:00Z,2026-05-27T23:15:00+0200,4736.63,MW,FR,FR,actual_onshore_wind_generation,Wind Onshore,2026-06-20T01:54:57Z
2026-06-20T01:54:12Z,2026-06-20T03:54:12+0200,c30b8332-6a35-45c7-931f-0dc00a3a2bb4,2026-05-27T21:30:00Z,2026-05-27T23:30:00+0200,4797.65,MW,FR,FR,actual_onshore_wind_generation,Wind Onshore,2026-06-20T01:54:57Z
2026-06-20T01:54:12Z,2026-06-20T03:54:12+0200,c30b8332-6a35-45c7-931f-0dc00a3a2bb4,2026-05-27T21:45:00Z,2026-05-27T23:45:00+0200,4868.32,MW,FR,FR,actual_onshore_wind_generation,Wind Onshore,2026-06-20T01:54:57Z
2026-06-20T01:54:12Z,2026-06-20T03:54:12+0200,c30b8332-6a35-45c7-931f-0dc00a3a2bb4,2026-05-27T22:00:00Z,2026-05-28T00:00:00+0200,4878.11,MW,FR,FR,actual_onshore_wind_generation,Wind Onshore,2026-06-20T01:54:57Z
2026-06-20T01:54:12Z,2026-06-20T03:54:12+0200,c30b8332-6a35-45c7-931f-0dc00a3a2bb4,2026-05-27T22:15:00Z,2026-05-28T00:15:00+0200,4771.34,MW,FR,FR,actual_onshore_wind_generation,Wind Onshore,2026-06-20T01:54:57Z
2026-06-20T01:54:12Z,2026-06-20T03:54:12+0200,c30b8332-6a35-45c7-931f-0dc00a3a2bb4,2026-05-27T22:30:00Z,2026-05-28T00:30:00+0200,4633.94,MW,FR,FR,actual_onshore_wind_generation,Wind Onshore,2026-06-20T01:54:57Z
2026-06-20T01:54:12Z,2026-06-20T03:54:12+0200,c30b8332-6a35-45c7-931f-0dc00a3a2bb4,2026-05-27T22:45:00Z,2026-05-28T00:45:00+0200,4488.8,MW,FR,FR,actual_onshore_wind_generation,Wind Onshore,2026-06-20T01:54:57Z
2026-06-20T01:54:12Z,2026-06-20T03:54:12+0200,c30b8332-6a35-45c7-931f-0dc00a3a2bb4,2026-05-27T23:00:00Z,2026-05-28T01:00:00+0200,4396.57,MW,FR,FR,actual_onshore_wind_generation,Wind Onshore,2026-06-20T01:54:57Z
2026-06-20T01:54:12Z,2026-06-20T03:54:12+0200,c30b8332-6a35-45c7-931f-0dc00a3a2bb4,2026-05-27T23:15:00Z,2026-05-28T01:15:00+0200,4417.49,MW,FR,FR,actual_onshore_wind_generation,Wind Onshore,2026-06-20T01:54:57Z
2026-06-20T01:54:12Z,2026-06-20T03:54:12+0200,c30b8332-6a35-45c7-931f-0dc00a3a2bb4,2026-05-27T23:30:00Z,2026-05-28T01:30:00+0200,4406.7,MW,FR,FR,actual_onshore_wind_generation,Wind Onshore,2026-06-20T01:54:57Z
2026-06-20T01:54:12Z,2026-06-20T03:54:12+0200,c30b8332-6a35-45c7-931f-0dc00a3a2bb4,2026-05-27T23:45:00Z,2026-05-28T01:45:00+0200,4373.94,MW,FR,FR,actual_onshore_wind_generation,Wind Onshore,2026-06-20T01:54:57Z
2026-06-20T01:54:12Z,2026-06-20T03:54:12+0200,c30b8332-6a35-45c7-931f-0dc00a3a2bb4,2026-05-28T00:00:00Z,2026-05-28T02:00:00+0200,4354.08,MW,FR,FR,actual_onshore_wind_generation,Wind Onshore,2026-06-20T01:54:57Z
2026-06-20T01:54:12Z,2026-06-20T03:54:12+0200,c30b8332-6a35-45c7-931f-0dc00a3a2bb4,2026-05-28T00:15:00Z,2026-05-28T02:15:00+0200,4234.21,MW,FR,FR,actual_onshore_wind_generation,Wind Onshore,2026-06-20T01:54:57Z
2026-06-20T01:54:12Z,2026-06-20T03:54:12+0200,c30b8332-6a35-45c7-931f-0dc00a3a2bb4,2026-05-28T00:30:00Z,2026-05-28T02:30:00+0200,4144.16,MW,FR,FR,actual_onshore_wind_generation,Wind Onshore,2026-06-20T01:54:57Z
2026-06-20T01:54:12Z,2026-06-20T03:54:12+0200,c30b8332-6a35-45c7-931f-0dc00a3a2bb4,2026-05-28T00:45:00Z,2026-05-28T02:45:00+0200,4059.08,MW,FR,FR,actual_onshore_wind_generation,Wind Onshore,2026-06-20T01:54:57Z
2026-06-20T01:54:12Z,2026-06-20T03:54:12+0200,c30b8332-6a35-45c7-931f-0dc00a3a2bb4,2026-05-28T01:00:00Z,2026-05-28T03:00:00+0200,4014.11,MW,FR,FR,actual_onshore_wind_generation,Wind Onshore,2026-06-20T01:54:57Z
2026-06-20T01:54:12Z,2026-06-20T03:54:12+0200,c30b8332-6a35-45c7-931f-0dc00a3a2bb4,2026-05-28T01:15:00Z,2026-05-28T03:15:00+0200,3876.05,MW,FR,FR,actual_onshore_wind_generation,Wind Onshore,2026-06-20T01:54:57Z
2026-06-20T01:54:12Z,2026-06-20T03:54:12+0200,c30b8332-6a35-45c7-931f-0dc00a3a2bb4,2026-05-28T01:30:00Z,2026-05-28T03:30:00+0200,3746.23,MW,FR,FR,actual_onshore_wind_generation,Wind Onshore,2026-06-20T01:54:57Z
2026-06-20T01:54:12Z,2026-06-20T03:54:12+0200,c30b8332-6a35-45c7-931f-0dc00a3a2bb4,2026-05-28T01:45:00Z,2026-05-28T03:45:00+0200,3674.92,MW,FR,FR,actual_onshore_wind_generation,Wind Onshore,2026-06-20T01:54:57Z
2026-06-20T01:54:12Z,2026-06-20T03:54:12+0200,c30b8332-6a35-45c7-931f-0dc00a3a2bb4,2026-05-28T02:00:00Z,2026-05-28T04:00:00+0200,3541.86,MW,FR,FR,actual_onshore_wind_generation,Wind Onshore,2026-06-20T01:54:57Z
2026-06-20T01:54:12Z,2026-06-20T03:54:12+0200,c30b8332-6a35-45c7-931f-0dc00a3a2bb4,2026-05-28T02:15:00Z,2026-05-28T04:15:00+0200,3404.75,MW,FR,FR,actual_onshore_wind_generation,Wind Onshore,2026-06-20T01:54:57Z
2026-06-20T01:54:12Z,2026-06-20T03:54:12+0200,c30b8332-6a35-45c7-931f-0dc00a3a2bb4,2026-05-28T02:30:00Z,2026-05-28T04:30:00+0200,3296.38,MW,FR,FR,actual_onshore_wind_generation,Wind Onshore,2026-06-20T01:54:57Z
2026-06-20T01:54:12Z,2026-06-20T03:54:12+0200,c30b8332-6a35-45c7-931f-0dc00a3a2bb4,2026-05-28T02:45:00Z,2026-05-28T04:45:00+0200,3160.99,MW,FR,FR,actual_onshore_wind_generation,Wind Onshore,2026-06-20T01:54:57Z
2026-06-20T01:54:12Z,2026-06-20T03:54:12+0200,c30b8332-6a35-45c7-931f-0dc00a3a2bb4,2026-05-28T03:00:00Z,2026-05-28T05:00:00+0200,3091.08,MW,FR,FR,actual_onshore_wind_generation,Wind Onshore,2026-06-20T01:54:57Z
2026-06-20T01:54:12Z,2026-06-20T03:54:12+0200,c30b8332-6a35-45c7-931f-0dc00a3a2bb4,2026-05-28T03:15:00Z,2026-05-28T05:15:00+0200,3061.67,MW,FR,FR,actual_onshore_wind_generation,Wind Onshore,2026-06-20T01:54:57Z
2026-06-20T01:54:12Z,2026-06-20T03:54:12+0200,c30b8332-6a35-45c7-931f-0dc00a3a2bb4,2026-05-28T03:30:00Z,2026-05-28T05:30:00+0200,2983.73,MW,FR,FR,actual_onshore_wind_generation,Wind Onshore,2026-06-20T01:54:57Z
2026-06-20T01:54:12Z,2026-06-20T03:54:12+0200,c30b8332-6a35-45c7-931f-0dc00a3a2bb4,2026-05-28T03:45:00Z,2026-05-28T05:45:00+0200,3044.6,MW,FR,FR,actual_onshore_wind_generation,Wind Onshore,2026-06-20T01:54:57Z
2026-06-20T01:54:12Z,2026-06-20T03:54:12+0200,c30b8332-6a35-45c7-931f-0dc00a3a2bb4,2026-05-28T04:00:00Z,2026-05-28T06:00:00+0200,3078.19,MW,FR,FR,actual_onshore_wind_generation,Wind Onshore,2026-06-20T01:54:57Z
2026-06-20T01:54:12Z,2026-06-20T03:54:12+0200,c30b8332-6a35-45c7-931f-0dc00a3a2bb4,2026-05-28T04:15:00Z,2026-05-28T06:15:00+0200,3061.76,MW,FR,FR,actual_onshore_wind_generation,Wind Onshore,2026-06-20T01:54:57Z
2026-06-20T01:54:12Z,2026-06-20T03:54:12+0200,c30b8332-6a35-45c7-931f-0dc00a3a2bb4,2026-05-28T04:30:00Z,2026-05-28T06:30:00+0200,3006.63,MW,FR,FR,actual_onshore_wind_generation,Wind Onshore,2026-06-20T01:54:57Z
2026-06-20T01:54:12Z,2026-06-20T03:54:12+0200,c30b8332-6a35-45c7-931f-0dc00a3a2bb4,2026-05-28T04:45:00Z,2026-05-28T06:45:00+0200,3022.2,MW,FR,FR,actual_onshore_wind_generation,Wind Onshore,2026-06-20T01:54:57Z
2026-06-20T01:54:12Z,2026-06-20T03:54:12+0200,c30b8332-6a35-45c7-931f-0dc00a3a2bb4,2026-05-28T05:00:00Z,2026-05-28T07:00:00+0200,3032.3,MW,FR,FR,actual_onshore_wind_generation,Wind Onshore,2026-06-20T01:54:57Z
2026-06-20T01:54:12Z,2026-06-20T03:54:12+0200,c30b8332-6a35-45c7-931f-0dc00a3a2bb4,2026-05-28T05:15:00Z,2026-05-28T07:15:00+0200,3054.38,MW,FR,FR,actual_onshore_wind_generation,Wind Onshore,2026-06-20T01:54:57Z
2026-06-20T01:54:12Z,2026-06-20T03:54:12+0200,c30b8332-6a35-45c7-931f-0dc00a3a2bb4,2026-05-28T05:30:00Z,2026-05-28T07:30:00+0200,2997.22,MW,FR,FR,actual_onshore_wind_generation,Wind Onshore,2026-06-20T01:54:57Z
2026-06-20T01:54:12Z,2026-06-20T03:54:12+0200,c30b8332-6a35-45c7-931f-0dc00a3a2bb4,2026-05-28T05:45:00Z,2026-05-28T07:45:00+0200,2846.05,MW,FR,FR,actual_onshore_wind_generation,Wind Onshore,2026-06-20T01:54:57Z
2026-06-20T01:54:12Z,2026-06-20T03:54:12+0200,c30b8332-6a35-45c7-931f-0dc00a3a2bb4,2026-05-28T06:00:00Z,2026-05-28T08:00:00+0200,2624.34,MW,FR,FR,actual_onshore_wind_generation,Wind Onshore,2026-06-20T01:54:57Z
2026-06-20T01:54:12Z,2026-06-20T03:54:12+0200,c30b8332-6a35-45c7-931f-0dc00a3a2bb4,2026-05-28T06:15:00Z,2026-05-28T08:15:00+0200,2347.15,MW,FR,FR,actual_onshore_wind_generation,Wind Onshore,2026-06-20T01:54:57Z
2026-06-20T01:54:12Z,2026-06-20T03:54:12+0200,c30b8332-6a35-45c7-931f-0dc00a3a2bb4,2026-05-28T06:30:00Z,2026-05-28T08:30:00+0200,2061.12,MW,FR,FR,actual_onshore_wind_generation,Wind Onshore,2026-06-20T01:54:57Z
2026-06-20T01:54:12Z,2026-06-20T03:54:12+0200,c30b8332-6a35-45c7-931f-0dc00a3a2bb4,2026-05-28T06:45:00Z,2026-05-28T08:45:00+0200,1773.18,MW,FR,FR,actual_onshore_wind_generation,Wind Onshore,2026-06-20T01:54:57Z
2026-06-20T01:54:12Z,2026-06-20T03:54:12+0200,c30b8332-6a35-45c7-931f-0dc00a3a2bb4,2026-05-28T07:00:00Z,2026-05-28T09:00:00+0200,1567.49,MW,FR,FR,actual_onshore_wind_generation,Wind Onshore,2026-06-20T01:54:57Z
2026-06-20T01:54:12Z,2026-06-20T03:54:12+0200,c30b8332-6a35-45c7-931f-0dc00a3a2bb4,2026-05-28T07:15:00Z,2026-05-28T09:15:00+0200,1463.41,MW,FR,FR,actual_onshore_wind_generation,Wind Onshore,2026-06-20T01:54:57Z
2026-06-20T01:54:12Z,2026-06-20T03:54:12+0200,c30b8332-6a35-45c7-931f-0dc00a3a2bb4,2026-05-28T07:30:00Z,2026-05-28T09:30:00+0200,1374.93,MW,FR,FR,actual_onshore_wind_generation,Wind Onshore,2026-06-20T01:54:57Z
2026-06-20T01:54:12Z,2026-06-20T03:54:12+0200,c30b8332-6a35-45c7-931f-0dc00a3a2bb4,2026-05-28T07:45:00Z,2026-05-28T09:45:00+0200,1336.87,MW,FR,FR,actual_onshore_wind_generation,Wind Onshore,2026-06-20T01:54:57Z
2026-06-20T01:54:12Z,2026-06-20T03:54:12+0200,c30b8332-6a35-45c7-931f-0dc00a3a2bb4,2026-05-28T08:00:00Z,2026-05-28T10:00:00+0200,1291.81,MW,FR,FR,actual_onshore_wind_generation,Wind Onshore,2026-06-20T01:54:57Z
2026-06-20T01:54:12Z,2026-06-20T03:54:12+0200,c30b8332-6a35-45c7-931f-0dc00a3a2bb4,2026-05-28T08:15:00Z,2026-05-28T10:15:00+0200,1258.84,MW,FR,FR,actual_onshore_wind_generation,Wind Onshore,2026-06-20T01:54:57Z
2026-06-20T01:54:12Z,2026-06-20T03:54:12+0200,c30b8332-6a35-45c7-931f-0dc00a3a2bb4,2026-05-28T08:30:00Z,2026-05-28T10:30:00+0200,1249.59,MW,FR,FR,actual_onshore_wind_generation,Wind Onshore,2026-06-20T01:54:57Z
2026-06-20T01:54:12Z,2026-06-20T03:54:12+0200,c30b8332-6a35-45c7-931f-0dc00a3a2bb4,2026-05-28T08:45:00Z,2026-05-28T10:45:00+0200,1213.92,MW,FR,FR,actual_onshore_wind_generation,Wind Onshore,2026-06-20T01:54:57Z
2026-06-20T01:54:12Z,2026-06-20T03:54:12+0200,c30b8332-6a35-45c7-931f-0dc00a3a2bb4,2026-05-28T09:00:00Z,2026-05-28T11:00:00+0200,1182.24,MW,FR,FR,actual_onshore_wind_generation,Wind Onshore,2026-06-20T01:54:57Z
2026-06-20T01:54:12Z,2026-06-20T03:54:12+0200,c30b8332-6a35-45c7-931f-0dc00a3a2bb4,2026-05-28T09:15:00Z,2026-05-28T11:15:00+0200,1165.77,MW,FR,FR,actual_onshore_wind_generation,Wind Onshore,2026-06-20T01:54:57Z
2026-06-20T01:54:12Z,2026-06-20T03:54:12+0200,c30b8332-6a35-45c7-931f-0dc00a3a2bb4,2026-05-28T09:30:00Z,2026-05-28T11:30:00+0200,1158.76,MW,FR,FR,actual_onshore_wind_generation,Wind Onshore,2026-06-20T01:54:57Z
2026-06-20T01:54:12Z,2026-06-20T03:54:12+0200,c30b8332-6a35-45c7-931f-0dc00a3a2bb4,2026-05-28T09:45:00Z,2026-05-28T11:45:00+0200,1146.26,MW,FR,FR,actual_onshore_wind_generation,Wind Onshore,2026-06-20T01:54:57Z
2026-06-20T01:54:12Z,2026-06-20T03:54:12+0200,c30b8332-6a35-45c7-931f-0dc00a3a2bb4,2026-05-28T10:00:00Z,2026-05-28T12:00:00+0200,1144.85,MW,FR,FR,actual_onshore_wind_generation,Wind Onshore,2026-06-20T01:54:57Z
2026-06-20T01:54:12Z,2026-06-20T03:54:12+0200,c30b8332-6a35-45c7-931f-0dc00a3a2bb4,2026-05-28T10:15:00Z,2026-05-28T12:15:00+0200,1136.17,MW,FR,FR,actual_onshore_wind_generation,Wind Onshore,2026-06-20T01:54:57Z
2026-06-20T01:54:12Z,2026-06-20T03:54:12+0200,c30b8332-6a35-45c7-931f-0dc00a3a2bb4,2026-05-28T10:30:00Z,2026-05-28T12:30:00+0200,1171.34,MW,FR,FR,actual_onshore_wind_generation,Wind Onshore,2026-06-20T01:54:57Z
2026-06-20T01:54:12Z,2026-06-20T03:54:12+0200,c30b8332-6a35-45c7-931f-0dc00a3a2bb4,2026-05-28T10:45:00Z,2026-05-28T12:45:00+0200,1187.41,MW,FR,FR,actual_onshore_wind_generation,Wind Onshore,2026-06-20T01:54:57Z
2026-06-20T01:54:12Z,2026-06-20T03:54:12+0200,c30b8332-6a35-45c7-931f-0dc00a3a2bb4,2026-05-28T11:00:00Z,2026-05-28T13:00:00+0200,1172.26,MW,FR,FR,actual_onshore_wind_generation,Wind Onshore,2026-06-20T01:54:57Z
2026-06-20T01:54:12Z,2026-06-20T03:54:12+0200,c30b8332-6a35-45c7-931f-0dc00a3a2bb4,2026-05-28T11:15:00Z,2026-05-28T13:15:00+0200,1178.28,MW,FR,FR,actual_onshore_wind_generation,Wind Onshore,2026-06-20T01:54:57Z
2026-06-20T01:54:12Z,2026-06-20T03:54:12+0200,c30b8332-6a35-45c7-931f-0dc00a3a2bb4,2026-05-28T11:30:00Z,2026-05-28T13:30:00+0200,1180.99,MW,FR,FR,actual_onshore_wind_generation,Wind Onshore,2026-06-20T01:54:57Z
2026-06-20T01:54:12Z,2026-06-20T03:54:12+0200,c30b8332-6a35-45c7-931f-0dc00a3a2bb4,2026-05-28T11:45:00Z,2026-05-28T13:45:00+0200,1222.9,MW,FR,FR,actual_onshore_wind_generation,Wind Onshore,2026-06-20T01:54:57Z
2026-06-20T01:54:12Z,2026-06-20T03:54:12+0200,c30b8332-6a35-45c7-931f-0dc00a3a2bb4,2026-05-28T12:00:00Z,2026-05-28T14:00:00+0200,1235.1,MW,FR,FR,actual_onshore_wind_generation,Wind Onshore,2026-06-20T01:54:57Z
2026-06-20T01:54:12Z,2026-06-20T03:54:12+0200,c30b8332-6a35-45c7-931f-0dc00a3a2bb4,2026-05-28T12:15:00Z,2026-05-28T14:15:00+0200,1219.18,MW,FR,FR,actual_onshore_wind_generation,Wind Onshore,2026-06-20T01:54:57Z
2026-06-20T01:54:12Z,2026-06-20T03:54:12+0200,c30b8332-6a35-45c7-931f-0dc00a3a2bb4,2026-05-28T12:30:00Z,2026-05-28T14:30:00+0200,1251.0,MW,FR,FR,actual_onshore_wind_generation,Wind Onshore,2026-06-20T01:54:57Z
2026-06-20T01:54:12Z,2026-06-20T03:54:12+0200,c30b8332-6a35-45c7-931f-0dc00a3a2bb4,2026-05-28T12:45:00Z,2026-05-28T14:45:00+0200,1250.3,MW,FR,FR,actual_onshore_wind_generation,Wind Onshore,2026-06-20T01:54:57Z
2026-06-20T01:54:12Z,2026-06-20T03:54:12+0200,c30b8332-6a35-45c7-931f-0dc00a3a2bb4,2026-05-28T13:00:00Z,2026-05-28T15:00:00+0200,1262.91,MW,FR,FR,actual_onshore_wind_generation,Wind Onshore,2026-06-20T01:54:57Z
2026-06-20T01:54:12Z,2026-06-20T03:54:12+0200,c30b8332-6a35-45c7-931f-0dc00a3a2bb4,2026-05-28T13:15:00Z,2026-05-28T15:15:00+0200,1272.09,MW,FR,FR,actual_onshore_wind_generation,Wind Onshore,2026-06-20T01:54:57Z
2026-06-20T01:54:12Z,2026-06-20T03:54:12+0200,c30b8332-6a35-45c7-931f-0dc00a3a2bb4,2026-05-28T13:30:00Z,2026-05-28T15:30:00+0200,1305.75,MW,FR,FR,actual_onshore_wind_generation,Wind Onshore,2026-06-20T01:54:57Z
2026-06-20T01:54:12Z,2026-06-20T03:54:12+0200,c30b8332-6a35-45c7-931f-0dc00a3a2bb4,2026-05-28T13:45:00Z,2026-05-28T15:45:00+0200,1306.72,MW,FR,FR,actual_onshore_wind_generation,Wind Onshore,2026-06-20T01:54:57Z
2026-06-20T01:54:12Z,2026-06-20T03:54:12+0200,c30b8332-6a35-45c7-931f-0dc00a3a2bb4,2026-05-28T14:00:00Z,2026-05-28T16:00:00+0200,1343.13,MW,FR,FR,actual_onshore_wind_generation,Wind Onshore,2026-06-20T01:54:57Z
2026-06-20T01:54:12Z,2026-06-20T03:54:12+0200,c30b8332-6a35-45c7-931f-0dc00a3a2bb4,2026-05-28T14:15:00Z,2026-05-28T16:15:00+0200,1384.99,MW,FR,FR,actual_onshore_wind_generation,Wind Onshore,2026-06-20T01:54:57Z
2026-06-20T01:54:12Z,2026-06-20T03:54:12+0200,c30b8332-6a35-45c7-931f-0dc00a3a2bb4,2026-05-28T14:30:00Z,2026-05-28T16:30:00+0200,1394.67,MW,FR,FR,actual_onshore_wind_generation,Wind Onshore,2026-06-20T01:54:57Z
2026-06-20T01:54:12Z,2026-06-20T03:54:12+0200,c30b8332-6a35-45c7-931f-0dc00a3a2bb4,2026-05-28T14:45:00Z,2026-05-28T16:45:00+0200,1436.06,MW,FR,FR,actual_onshore_wind_generation,Wind Onshore,2026-06-20T01:54:57Z
2026-06-20T01:54:12Z,2026-06-20T03:54:12+0200,c30b8332-6a35-45c7-931f-0dc00a3a2bb4,2026-05-28T15:00:00Z,2026-05-28T17:00:00+0200,1462.84,MW,FR,FR,actual_onshore_wind_generation,Wind Onshore,2026-06-20T01:54:57Z
2026-06-20T01:54:12Z,2026-06-20T03:54:12+0200,c30b8332-6a35-45c7-931f-0dc00a3a2bb4,2026-05-28T15:15:00Z,2026-05-28T17:15:00+0200,1482.45,MW,FR,FR,actual_onshore_wind_generation,Wind Onshore,2026-06-20T01:54:57Z
2026-06-20T01:54:12Z,2026-06-20T03:54:12+0200,c30b8332-6a35-45c7-931f-0dc00a3a2bb4,2026-05-28T15:30:00Z,2026-05-28T17:30:00+0200,1501.06,MW,FR,FR,actual_onshore_wind_generation,Wind Onshore,2026-06-20T01:54:57Z
2026-06-20T01:54:12Z,2026-06-20T03:54:12+0200,c30b8332-6a35-45c7-931f-0dc00a3a2bb4,2026-05-28T15:45:00Z,2026-05-28T17:45:00+0200,1522.16,MW,FR,FR,actual_onshore_wind_generation,Wind Onshore,2026-06-20T01:54:57Z
2026-06-20T01:54:12Z,2026-06-20T03:54:12+0200,c30b8332-6a35-45c7-931f-0dc00a3a2bb4,2026-05-28T16:00:00Z,2026-05-28T18:00:00+0200,1538.85,MW,FR,FR,actual_onshore_wind_generation,Wind Onshore,2026-06-20T01:54:57Z
2026-06-20T01:54:12Z,2026-06-20T03:54:12+0200,c30b8332-6a35-45c7-931f-0dc00a3a2bb4,2026-05-28T16:15:00Z,2026-05-28T18:15:00+0200,1557.53,MW,FR,FR,actual_onshore_wind_generation,Wind Onshore,2026-06-20T01:54:57Z
2026-06-20T01:54:12Z,2026-06-20T03:54:12+0200,c30b8332-6a35-45c7-931f-0dc00a3a2bb4,2026-05-28T16:30:00Z,2026-05-28T18:30:00+0200,1612.89,MW,FR,FR,actual_onshore_wind_generation,Wind Onshore,2026-06-20T01:54:57Z
2026-06-20T01:54:12Z,2026-06-20T03:54:12+0200,c30b8332-6a35-45c7-931f-0dc00a3a2bb4,2026-05-28T16:45:00Z,2026-05-28T18:45:00+0200,1656.19,MW,FR,FR,actual_onshore_wind_generation,Wind Onshore,2026-06-20T01:54:57Z
2026-06-20T01:54:12Z,2026-06-20T03:54:12+0200,c30b8332-6a35-45c7-931f-0dc00a3a2bb4,2026-05-28T17:00:00Z,2026-05-28T19:00:00+0200,1649.85,MW,FR,FR,actual_onshore_wind_generation,Wind Onshore,2026-06-20T01:54:57Z
2026-06-20T01:54:12Z,2026-06-20T03:54:12+0200,c30b8332-6a35-45c7-931f-0dc00a3a2bb4,2026-05-28T17:15:00Z,2026-05-28T19:15:00+0200,1672.95,MW,FR,FR,actual_onshore_wind_generation,Wind Onshore,2026-06-20T01:54:57Z
2026-06-20T01:54:12Z,2026-06-20T03:54:12+0200,c30b8332-6a35-45c7-931f-0dc00a3a2bb4,2026-05-28T17:30:00Z,2026-05-28T19:30:00+0200,1671.4,MW,FR,FR,actual_onshore_wind_generation,Wind Onshore,2026-06-20T01:54:57Z
2026-06-20T01:54:12Z,2026-06-20T03:54:12+0200,c30b8332-6a35-45c7-931f-0dc00a3a2bb4,2026-05-28T17:45:00Z,2026-05-28T19:45:00+0200,1667.53,MW,FR,FR,actual_onshore_wind_generation,Wind Onshore,2026-06-20T01:54:57Z
2026-06-20T01:54:12Z,2026-06-20T03:54:12+0200,c30b8332-6a35-45c7-931f-0dc00a3a2bb4,2026-05-28T18:00:00Z,2026-05-28T20:00:00+0200,1640.39,MW,FR,FR,actual_onshore_wind_generation,Wind Onshore,2026-06-20T01:54:57Z
2026-06-20T01:54:12Z,2026-06-20T03:54:12+0200,c30b8332-6a35-45c7-931f-0dc00a3a2bb4,2026-05-28T18:15:00Z,2026-05-28T20:15:00+0200,1680.16,MW,FR,FR,actual_onshore_wind_generation,Wind Onshore,2026-06-20T01:54:57Z
2026-06-20T01:54:12Z,2026-06-20T03:54:12+0200,c30b8332-6a35-45c7-931f-0dc00a3a2bb4,2026-05-28T18:30:00Z,2026-05-28T20:30:00+0200,1707.69,MW,FR,FR,actual_onshore_wind_generation,Wind Onshore,2026-06-20T01:54:57Z
2026-06-20T01:54:12Z,2026-06-20T03:54:12+0200,c30b8332-6a35-45c7-931f-0dc00a3a2bb4,2026-05-28T18:45:00Z,2026-05-28T20:45:00+0200,1763.92,MW,FR,FR,actual_onshore_wind_generation,Wind Onshore,2026-06-20T01:54:57Z
2026-06-20T01:54:12Z,2026-06-20T03:54:12+0200,c30b8332-6a35-45c7-931f-0dc00a3a2bb4,2026-05-28T19:00:00Z,2026-05-28T21:00:00+0200,1868.19,MW,FR,FR,actual_onshore_wind_generation,Wind Onshore,2026-06-20T01:54:57Z
2026-06-20T01:54:12Z,2026-06-20T03:54:12+0200,c30b8332-6a35-45c7-931f-0dc00a3a2bb4,2026-05-28T19:15:00Z,2026-05-28T21:15:00+0200,2020.3,MW,FR,FR,actual_onshore_wind_generation,Wind Onshore,2026-06-20T01:54:57Z
2026-06-20T01:54:12Z,2026-06-20T03:54:12+0200,c30b8332-6a35-45c7-931f-0dc00a3a2bb4,2026-05-28T19:30:00Z,2026-05-28T21:30:00+0200,2147.81,MW,FR,FR,actual_onshore_wind_generation,Wind Onshore,2026-06-20T01:54:57Z
2026-06-20T01:54:12Z,2026-06-20T03:54:12+0200,c30b8332-6a35-45c7-931f-0dc00a3a2bb4,2026-05-28T19:45:00Z,2026-05-28T21:45:00+0200,2230.65,MW,FR,FR,actual_onshore_wind_generation,Wind Onshore,2026-06-20T01:54:57Z
2026-06-20T01:54:12Z,2026-06-20T03:54:12+0200,c30b8332-6a35-45c7-931f-0dc00a3a2bb4,2026-05-28T20:00:00Z,2026-05-28T22:00:00+0200,2272.92,MW,FR,FR,actual_onshore_wind_generation,Wind Onshore,2026-06-20T01:54:57Z
2026-06-20T01:54:12Z,2026-06-20T03:54:12+0200,c30b8332-6a35-45c7-931f-0dc00a3a2bb4,2026-05-28T20:15:00Z,2026-05-28T22:15:00+0200,2348.35,MW,FR,FR,actual_onshore_wind_generation,Wind Onshore,2026-06-20T01:54:57Z
2026-06-20T01:54:12Z,2026-06-20T03:54:12+0200,c30b8332-6a35-45c7-931f-0dc00a3a2bb4,2026-05-28T20:30:00Z,2026-05-28T22:30:00+0200,2516.48,MW,FR,FR,actual_onshore_wind_generation,Wind Onshore,2026-06-20T01:54:57Z
2026-06-20T01:54:12Z,2026-06-20T03:54:12+0200,c30b8332-6a35-45c7-931f-0dc00a3a2bb4,2026-05-28T20:45:00Z,2026-05-28T22:45:00+0200,2665.58,MW,FR,FR,actual_onshore_wind_generation,Wind Onshore,2026-06-20T01:54:57Z
2026-06-20T01:54:12Z,2026-06-20T03:54:12+0200,c30b8332-6a35-45c7-931f-0dc00a3a2bb4,2026-05-28T21:00:00Z,2026-05-28T23:00:00+0200,2858.24,MW,FR,FR,actual_onshore_wind_generation,Wind Onshore,2026-06-20T01:54:57Z
2026-06-20T01:54:12Z,2026-06-20T03:54:12+0200,c30b8332-6a35-45c7-931f-0dc00a3a2bb4,2026-05-28T21:15:00Z,2026-05-28T23:15:00+0200,3077.44,MW,FR,FR,actual_onshore_wind_generation,Wind Onshore,2026-06-20T01:54:57Z
2026-06-20T01:54:12Z,2026-06-20T03:54:12+0200,c30b8332-6a35-45c7-931f-0dc00a3a2bb4,2026-05-28T21:30:00Z,2026-05-28T23:30:00+0200,3169.39,MW,FR,FR,actual_onshore_wind_generation,Wind Onshore,2026-06-20T01:54:57Z
2026-06-20T01:54:12Z,2026-06-20T03:54:12+0200,c30b8332-6a35-45c7-931f-0dc00a3a2bb4,2026-05-28T21:45:00Z,2026-05-28T23:45:00+0200,3155.83,MW,FR,FR,actual_onshore_wind_generation,Wind Onshore,2026-06-20T01:54:57Z
2026-06-20T01:54:12Z,2026-06-20T03:54:12+0200,c30b8332-6a35-45c7-931f-0dc00a3a2bb4,2026-05-28T22:00:00Z,2026-05-29T00:00:00+0200,3130.3,MW,FR,FR,actual_onshore_wind_generation,Wind Onshore,2026-06-20T01:54:57Z
2026-06-20T01:54:12Z,2026-06-20T03:54:12+0200,c30b8332-6a35-45c7-931f-0dc00a3a2bb4,2026-05-28T22:15:00Z,2026-05-29T00:15:00+0200,3081.39,MW,FR,FR,actual_onshore_wind_generation,Wind Onshore,2026-06-20T01:54:57Z
2026-06-20T01:54:12Z,2026-06-20T03:54:12+0200,c30b8332-6a35-45c7-931f-0dc00a3a2bb4,2026-05-28T22:30:00Z,2026-05-29T00:30:00+0200,3108.17,MW,FR,FR,actual_onshore_wind_generation,Wind Onshore,2026-06-20T01:54:57Z
2026-06-20T01:54:12Z,2026-06-20T03:54:12+0200,c30b8332-6a35-45c7-931f-0dc00a3a2bb4,2026-05-28T22:45:00Z,2026-05-29T00:45:00+0200,3178.39,MW,FR,FR,actual_onshore_wind_generation,Wind Onshore,2026-06-20T01:54:57Z
2026-06-20T01:54:12Z,2026-06-20T03:54:12+0200,c30b8332-6a35-45c7-931f-0dc00a3a2bb4,2026-05-28T23:00:00Z,2026-05-29T01:00:00+0200,3253.55,MW,FR,FR,actual_onshore_wind_generation,Wind Onshore,2026-06-20T01:54:57Z
2026-06-20T01:54:12Z,2026-06-20T03:54:12+0200,c30b8332-6a35-45c7-931f-0dc00a3a2bb4,2026-05-28T23:15:00Z,2026-05-29T01:15:00+0200,3338.73,MW,FR,FR,actual_onshore_wind_generation,Wind Onshore,2026-06-20T01:54:57Z
2026-06-20T01:54:12Z,2026-06-20T03:54:12+0200,c30b8332-6a35-45c7-931f-0dc00a3a2bb4,2026-05-28T23:30:00Z,2026-05-29T01:30:00+0200,3430.71,MW,FR,FR,actual_onshore_wind_generation,Wind Onshore,2026-06-20T01:54:57Z
2026-06-20T01:54:12Z,2026-06-20T03:54:12+0200,c30b8332-6a35-45c7-931f-0dc00a3a2bb4,2026-05-28T23:45:00Z,2026-05-29T01:45:00+0200,3505.0,MW,FR,FR,actual_onshore_wind_generation,Wind Onshore,2026-06-20T01:54:57Z
2026-06-20T01:54:12Z,2026-06-20T03:54:12+0200,c30b8332-6a35-45c7-931f-0dc00a3a2bb4,2026-05-29T00:00:00Z,2026-05-29T02:00:00+0200,3560.0,MW,FR,FR,actual_onshore_wind_generation,Wind Onshore,2026-06-20T01:54:57Z
2026-06-20T01:54:12Z,2026-06-20T03:54:12+0200,c30b8332-6a35-45c7-931f-0dc00a3a2bb4,2026-05-29T00:15:00Z,2026-05-29T02:15:00+0200,3527.91,MW,FR,FR,actual_onshore_wind_generation,Wind Onshore,2026-06-20T01:54:57Z
2026-06-20T01:54:12Z,2026-06-20T03:54:12+0200,c30b8332-6a35-45c7-931f-0dc00a3a2bb4,2026-05-29T00:30:00Z,2026-05-29T02:30:00+0200,3521.7,MW,FR,FR,actual_onshore_wind_generation,Wind Onshore,2026-06-20T01:54:57Z
2026-06-20T01:54:12Z,2026-06-20T03:54:12+0200,c30b8332-6a35-45c7-931f-0dc00a3a2bb4,2026-05-29T00:45:00Z,2026-05-29T02:45:00+0200,3578.93,MW,FR,FR,actual_onshore_wind_generation,Wind Onshore,2026-06-20T01:54:57Z
2026-06-20T01:54:12Z,2026-06-20T03:54:12+0200,c30b8332-6a35-45c7-931f-0dc00a3a2bb4,2026-05-29T01:00:00Z,2026-05-29T03:00:00+0200,3567.11,MW,FR,FR,actual_onshore_wind_generation,Wind Onshore,2026-06-20T01:54:57Z
2026-06-20T01:54:12Z,2026-06-20T03:54:12+0200,c30b8332-6a35-45c7-931f-0dc00a3a2bb4,2026-05-29T01:15:00Z,2026-05-29T03:15:00+0200,3592.22,MW,FR,FR,actual_onshore_wind_generation,Wind Onshore,2026-06-20T01:54:57Z
2026-06-20T01:54:12Z,2026-06-20T03:54:12+0200,c30b8332-6a35-45c7-931f-0dc00a3a2bb4,2026-05-29T01:30:00Z,2026-05-29T03:30:00+0200,3564.31,MW,FR,FR,actual_onshore_wind_generation,Wind Onshore,2026-06-20T01:54:57Z
2026-06-20T01:54:12Z,2026-06-20T03:54:12+0200,c30b8332-6a35-45c7-931f-0dc00a3a2bb4,2026-05-29T01:45:00Z,2026-05-29T03:45:00+0200,3533.07,MW,FR,FR,actual_onshore_wind_generation,Wind Onshore,2026-06-20T01:54:57Z
2026-06-20T01:54:12Z,2026-06-20T03:54:12+0200,c30b8332-6a35-45c7-931f-0dc00a3a2bb4,2026-05-29T02:00:00Z,2026-05-29T04:00:00+0200,3514.01,MW,FR,FR,actual_onshore_wind_generation,Wind Onshore,2026-06-20T01:54:57Z
2026-06-20T01:54:12Z,2026-06-20T03:54:12+0200,c30b8332-6a35-45c7-931f-0dc00a3a2bb4,2026-05-29T02:15:00Z,2026-05-29T04:15:00+0200,3465.44,MW,FR,FR,actual_onshore_wind_generation,Wind Onshore,2026-06-20T01:54:57Z
2026-06-20T01:54:12Z,2026-06-20T03:54:12+0200,c30b8332-6a35-45c7-931f-0dc00a3a2bb4,2026-05-29T02:30:00Z,2026-05-29T04:30:00+0200,3410.66,MW,FR,FR,actual_onshore_wind_generation,Wind Onshore,2026-06-20T01:54:57Z
2026-06-20T01:54:12Z,2026-06-20T03:54:12+0200,c30b8332-6a35-45c7-931f-0dc00a3a2bb4,2026-05-29T02:45:00Z,2026-05-29T04:45:00+0200,3378.94,MW,FR,FR,actual_onshore_wind_generation,Wind Onshore,2026-06-20T01:54:57Z
2026-06-20T01:54:12Z,2026-06-20T03:54:12+0200,c30b8332-6a35-45c7-931f-0dc00a3a2bb4,2026-05-29T03:00:00Z,2026-05-29T05:00:00+0200,3323.41,MW,FR,FR,actual_onshore_wind_generation,Wind Onshore,2026-06-20T01:54:57Z
2026-06-20T01:54:12Z,2026-06-20T03:54:12+0200,c30b8332-6a35-45c7-931f-0dc00a3a2bb4,2026-05-29T03:15:00Z,2026-05-29T05:15:00+0200,3268.15,MW,FR,FR,actual_onshore_wind_generation,Wind Onshore,2026-06-20T01:54:57Z
2026-06-20T01:54:12Z,2026-06-20T03:54:12+0200,c30b8332-6a35-45c7-931f-0dc00a3a2bb4,2026-05-29T03:30:00Z,2026-05-29T05:30:00+0200,3254.47,MW,FR,FR,actual_onshore_wind_generation,Wind Onshore,2026-06-20T01:54:57Z
2026-06-20T01:54:12Z,2026-06-20T03:54:12+0200,c30b8332-6a35-45c7-931f-0dc00a3a2bb4,2026-05-29T03:45:00Z,2026-05-29T05:45:00+0200,3259.74,MW,FR,FR,actual_onshore_wind_generation,Wind Onshore,2026-06-20T01:54:57Z
2026-06-20T01:54:12Z,2026-06-20T03:54:12+0200,c30b8332-6a35-45c7-931f-0dc00a3a2bb4,2026-05-29T04:00:00Z,2026-05-29T06:00:00+0200,3240.3,MW,FR,FR,actual_onshore_wind_generation,Wind Onshore,2026-06-20T01:54:57Z
2026-06-20T01:54:12Z,2026-06-20T03:54:12+0200,c30b8332-6a35-45c7-931f-0dc00a3a2bb4,2026-05-29T04:15:00Z,2026-05-29T06:15:00+0200,3209.56,MW,FR,FR,actual_onshore_wind_generation,Wind Onshore,2026-06-20T01:54:57Z
2026-06-20T01:54:12Z,2026-06-20T03:54:12+0200,c30b8332-6a35-45c7-931f-0dc00a3a2bb4,2026-05-29T04:30:00Z,2026-05-29T06:30:00+0200,3156.02,MW,FR,FR,actual_onshore_wind_generation,Wind Onshore,2026-06-20T01:54:57Z
2026-06-20T01:54:12Z,2026-06-20T03:54:12+0200,c30b8332-6a35-45c7-931f-0dc00a3a2bb4,2026-05-29T04:45:00Z,2026-05-29T06:45:00+0200,3100.88,MW,FR,FR,actual_onshore_wind_generation,Wind Onshore,2026-06-20T01:54:57Z
2026-06-20T01:54:12Z,2026-06-20T03:54:12+0200,c30b8332-6a35-45c7-931f-0dc00a3a2bb4,2026-05-29T05:00:00Z,2026-05-29T07:00:00+0200,3115.61,MW,FR,FR,actual_onshore_wind_generation,Wind Onshore,2026-06-20T01:54:57Z
2026-06-20T01:54:12Z,2026-06-20T03:54:12+0200,c30b8332-6a35-45c7-931f-0dc00a3a2bb4,2026-05-29T05:15:00Z,2026-05-29T07:15:00+0200,3068.43,MW,FR,FR,actual_onshore_wind_generation,Wind Onshore,2026-06-20T01:54:57Z
2026-06-20T01:54:12Z,2026-06-20T03:54:12+0200,c30b8332-6a35-45c7-931f-0dc00a3a2bb4,2026-05-29T05:30:00Z,2026-05-29T07:30:00+0200,2961.54,MW,FR,FR,actual_onshore_wind_generation,Wind Onshore,2026-06-20T01:54:57Z
2026-06-20T01:54:12Z,2026-06-20T03:54:12+0200,c30b8332-6a35-45c7-931f-0dc00a3a2bb4,2026-05-29T05:45:00Z,2026-05-29T07:45:00+0200,2806.38,MW,FR,FR,actual_onshore_wind_generation,Wind Onshore,2026-06-20T01:54:57Z
2026-06-20T01:54:12Z,2026-06-20T03:54:12+0200,c30b8332-6a35-45c7-931f-0dc00a3a2bb4,2026-05-29T06:00:00Z,2026-05-29T08:00:00+0200,2628.78,MW,FR,FR,actual_onshore_wind_generation,Wind Onshore,2026-06-20T01:54:57Z
2026-06-20T01:54:12Z,2026-06-20T03:54:12+0200,c30b8332-6a35-45c7-931f-0dc00a3a2bb4,2026-05-29T06:15:00Z,2026-05-29T08:15:00+0200,2421.63,MW,FR,FR,actual_onshore_wind_generation,Wind Onshore,2026-06-20T01:54:57Z
2026-06-20T01:54:12Z,2026-06-20T03:54:12+0200,c30b8332-6a35-45c7-931f-0dc00a3a2bb4,2026-05-29T06:30:00Z,2026-05-29T08:30:00+0200,2145.4,MW,FR,FR,actual_onshore_wind_generation,Wind Onshore,2026-06-20T01:54:57Z
2026-06-20T01:54:12Z,2026-06-20T03:54:12+0200,c30b8332-6a35-45c7-931f-0dc00a3a2bb4,2026-05-29T06:45:00Z,2026-05-29T08:45:00+0200,1884.17,MW,FR,FR,actual_onshore_wind_generation,Wind Onshore,2026-06-20T01:54:57Z
2026-06-20T01:54:12Z,2026-06-20T03:54:12+0200,c30b8332-6a35-45c7-931f-0dc00a3a2bb4,2026-05-29T07:00:00Z,2026-05-29T09:00:00+0200,1649.17,MW,FR,FR,actual_onshore_wind_generation,Wind Onshore,2026-06-20T01:54:57Z
2026-06-20T01:54:12Z,2026-06-20T03:54:12+0200,c30b8332-6a35-45c7-931f-0dc00a3a2bb4,2026-05-29T07:15:00Z,2026-05-29T09:15:00+0200,1479.29,MW,FR,FR,actual_onshore_wind_generation,Wind Onshore,2026-06-20T01:54:57Z
2026-06-20T01:54:12Z,2026-06-20T03:54:12+0200,c30b8332-6a35-45c7-931f-0dc00a3a2bb4,2026-05-29T07:30:00Z,2026-05-29T09:30:00+0200,1357.21,MW,FR,FR,actual_onshore_wind_generation,Wind Onshore,2026-06-20T01:54:57Z
2026-06-20T01:54:12Z,2026-06-20T03:54:12+0200,c30b8332-6a35-45c7-931f-0dc00a3a2bb4,2026-05-29T07:45:00Z,2026-05-29T09:45:00+0200,1303.09,MW,FR,FR,actual_onshore_wind_generation,Wind Onshore,2026-06-20T01:54:57Z
2026-06-20T01:54:12Z,2026-06-20T03:54:12+0200,c30b8332-6a35-45c7-931f-0dc00a3a2bb4,2026-05-29T08:00:00Z,2026-05-29T10:00:00+0200,1284.64,MW,FR,FR,actual_onshore_wind_generation,Wind Onshore,2026-06-20T01:54:57Z
2026-06-20T01:54:12Z,2026-06-20T03:54:12+0200,c30b8332-6a35-45c7-931f-0dc00a3a2bb4,2026-05-29T08:15:00Z,2026-05-29T10:15:00+0200,1232.3,MW,FR,FR,actual_onshore_wind_generation,Wind Onshore,2026-06-20T01:54:57Z
2026-06-20T01:54:12Z,2026-06-20T03:54:12+0200,c30b8332-6a35-45c7-931f-0dc00a3a2bb4,2026-05-29T08:30:00Z,2026-05-29T10:30:00+0200,1244.64,MW,FR,FR,actual_onshore_wind_generation,Wind Onshore,2026-06-20T01:54:57Z
2026-06-20T01:54:12Z,2026-06-20T03:54:12+0200,c30b8332-6a35-45c7-931f-0dc00a3a2bb4,2026-05-29T08:45:00Z,2026-05-29T10:45:00+0200,1242.23,MW,FR,FR,actual_onshore_wind_generation,Wind Onshore,2026-06-20T01:54:57Z
2026-06-20T01:54:12Z,2026-06-20T03:54:12+0200,c30b8332-6a35-45c7-931f-0dc00a3a2bb4,2026-05-29T09:00:00Z,2026-05-29T11:00:00+0200,1218.48,MW,FR,FR,actual_onshore_wind_generation,Wind Onshore,2026-06-20T01:54:57Z
2026-06-20T01:54:12Z,2026-06-20T03:54:12+0200,c30b8332-6a35-45c7-931f-0dc00a3a2bb4,2026-05-29T09:15:00Z,2026-05-29T11:15:00+0200,1206.23,MW,FR,FR,actual_onshore_wind_generation,Wind Onshore,2026-06-20T01:54:57Z
2026-06-20T01:54:12Z,2026-06-20T03:54:12+0200,c30b8332-6a35-45c7-931f-0dc00a3a2bb4,2026-05-29T09:30:00Z,2026-05-29T11:30:00+0200,1194.88,MW,FR,FR,actual_onshore_wind_generation,Wind Onshore,2026-06-20T01:54:57Z
2026-06-20T01:54:12Z,2026-06-20T03:54:12+0200,c30b8332-6a35-45c7-931f-0dc00a3a2bb4,2026-05-29T09:45:00Z,2026-05-29T11:45:00+0200,1197.98,MW,FR,FR,actual_onshore_wind_generation,Wind Onshore,2026-06-20T01:54:57Z
2026-06-20T01:54:12Z,2026-06-20T03:54:12+0200,c30b8332-6a35-45c7-931f-0dc00a3a2bb4,2026-05-29T10:00:00Z,2026-05-29T12:00:00+0200,1213.7,MW,FR,FR,actual_onshore_wind_generation,Wind Onshore,2026-06-20T01:54:57Z
2026-06-20T01:54:12Z,2026-06-20T03:54:12+0200,c30b8332-6a35-45c7-931f-0dc00a3a2bb4,2026-05-29T10:15:00Z,2026-05-29T12:15:00+0200,1193.11,MW,FR,FR,actual_onshore_wind_generation,Wind Onshore,2026-06-20T01:54:57Z
2026-06-20T01:54:12Z,2026-06-20T03:54:12+0200,c30b8332-6a35-45c7-931f-0dc00a3a2bb4,2026-05-29T10:30:00Z,2026-05-29T12:30:00+0200,1173.93,MW,FR,FR,actual_onshore_wind_generation,Wind Onshore,2026-06-20T01:54:57Z
2026-06-20T01:54:12Z,2026-06-20T03:54:12+0200,c30b8332-6a35-45c7-931f-0dc00a3a2bb4,2026-05-29T10:45:00Z,2026-05-29T12:45:00+0200,1213.91,MW,FR,FR,actual_onshore_wind_generation,Wind Onshore,2026-06-20T01:54:57Z
2026-06-20T01:54:12Z,2026-06-20T03:54:12+0200,c30b8332-6a35-45c7-931f-0dc00a3a2bb4,2026-05-29T11:00:00Z,2026-05-29T13:00:00+0200,1231.67,MW,FR,FR,actual_onshore_wind_generation,Wind Onshore,2026-06-20T01:54:57Z
2026-06-20T01:54:12Z,2026-06-20T03:54:12+0200,c30b8332-6a35-45c7-931f-0dc00a3a2bb4,2026-05-29T11:15:00Z,2026-05-29T13:15:00+0200,1221.93,MW,FR,FR,actual_onshore_wind_generation,Wind Onshore,2026-06-20T01:54:57Z
2026-06-20T01:54:12Z,2026-06-20T03:54:12+0200,c30b8332-6a35-45c7-931f-0dc00a3a2bb4,2026-05-29T11:30:00Z,2026-05-29T13:30:00+0200,1223.31,MW,FR,FR,actual_onshore_wind_generation,Wind Onshore,2026-06-20T01:54:57Z
2026-06-20T01:54:12Z,2026-06-20T03:54:12+0200,c30b8332-6a35-45c7-931f-0dc00a3a2bb4,2026-05-29T11:45:00Z,2026-05-29T13:45:00+0200,1246.27,MW,FR,FR,actual_onshore_wind_generation,Wind Onshore,2026-06-20T01:54:57Z
2026-06-20T01:54:12Z,2026-06-20T03:54:12+0200,c30b8332-6a35-45c7-931f-0dc00a3a2bb4,2026-05-29T12:00:00Z,2026-05-29T14:00:00+0200,1235.0,MW,FR,FR,actual_onshore_wind_generation,Wind Onshore,2026-06-20T01:54:57Z
2026-06-20T01:54:12Z,2026-06-20T03:54:12+0200,c30b8332-6a35-45c7-931f-0dc00a3a2bb4,2026-05-29T12:15:00Z,2026-05-29T14:15:00+0200,1237.32,MW,FR,FR,actual_onshore_wind_generation,Wind Onshore,2026-06-20T01:54:57Z
2026-06-20T01:54:12Z,2026-06-20T03:54:12+0200,c30b8332-6a35-45c7-931f-0dc00a3a2bb4,2026-05-29T12:30:00Z,2026-05-29T14:30:00+0200,1250.39,MW,FR,FR,actual_onshore_wind_generation,Wind Onshore,2026-06-20T01:54:57Z
2026-06-20T01:54:12Z,2026-06-20T03:54:12+0200,c30b8332-6a35-45c7-931f-0dc00a3a2bb4,2026-05-29T12:45:00Z,2026-05-29T14:45:00+0200,1243.6,MW,FR,FR,actual_onshore_wind_generation,Wind Onshore,2026-06-20T01:54:57Z
2026-06-20T01:54:12Z,2026-06-20T03:54:12+0200,c30b8332-6a35-45c7-931f-0dc00a3a2bb4,2026-05-29T13:00:00Z,2026-05-29T15:00:00+0200,1280.61,MW,FR,FR,actual_onshore_wind_generation,Wind Onshore,2026-06-20T01:54:57Z
2026-06-20T01:54:12Z,2026-06-20T03:54:12+0200,c30b8332-6a35-45c7-931f-0dc00a3a2bb4,2026-05-29T13:15:00Z,2026-05-29T15:15:00+0200,1286.65,MW,FR,FR,actual_onshore_wind_generation,Wind Onshore,2026-06-20T01:54:57Z
2026-06-20T01:54:12Z,2026-06-20T03:54:12+0200,c30b8332-6a35-45c7-931f-0dc00a3a2bb4,2026-05-29T13:30:00Z,2026-05-29T15:30:00+0200,1199.25,MW,FR,FR,actual_onshore_wind_generation,Wind Onshore,2026-06-20T01:54:57Z
2026-06-20T01:54:12Z,2026-06-20T03:54:12+0200,c30b8332-6a35-45c7-931f-0dc00a3a2bb4,2026-05-29T13:45:00Z,2026-05-29T15:45:00+0200,1244.97,MW,FR,FR,actual_onshore_wind_generation,Wind Onshore,2026-06-20T01:54:57Z
2026-06-20T01:54:12Z,2026-06-20T03:54:12+0200,c30b8332-6a35-45c7-931f-0dc00a3a2bb4,2026-05-29T14:00:00Z,2026-05-29T16:00:00+0200,1215.36,MW,FR,FR,actual_onshore_wind_generation,Wind Onshore,2026-06-20T01:54:57Z
2026-06-20T01:54:12Z,2026-06-20T03:54:12+0200,c30b8332-6a35-45c7-931f-0dc00a3a2bb4,2026-05-29T14:15:00Z,2026-05-29T16:15:00+0200,1202.12,MW,FR,FR,actual_onshore_wind_generation,Wind Onshore,2026-06-20T01:54:57Z
2026-06-20T01:54:12Z,2026-06-20T03:54:12+0200,c30b8332-6a35-45c7-931f-0dc00a3a2bb4,2026-05-29T14:30:00Z,2026-05-29T16:30:00+0200,1171.43,MW,FR,FR,actual_onshore_wind_generation,Wind Onshore,2026-06-20T01:54:57Z
2026-06-20T01:54:12Z,2026-06-20T03:54:12+0200,c30b8332-6a35-45c7-931f-0dc00a3a2bb4,2026-05-29T14:45:00Z,2026-05-29T16:45:00+0200,1126.34,MW,FR,FR,actual_onshore_wind_generation,Wind Onshore,2026-06-20T01:54:57Z
2026-06-20T01:54:12Z,2026-06-20T03:54:12+0200,c30b8332-6a35-45c7-931f-0dc00a3a2bb4,2026-05-29T15:00:00Z,2026-05-29T17:00:00+0200,1106.35,MW,FR,FR,actual_onshore_wind_generation,Wind Onshore,2026-06-20T01:54:57Z
2026-06-20T01:54:12Z,2026-06-20T03:54:12+0200,c30b8332-6a35-45c7-931f-0dc00a3a2bb4,2026-05-29T15:15:00Z,2026-05-29T17:15:00+0200,1101.84,MW,FR,FR,actual_onshore_wind_generation,Wind Onshore,2026-06-20T01:54:57Z
2026-06-20T01:54:12Z,2026-06-20T03:54:12+0200,c30b8332-6a35-45c7-931f-0dc00a3a2bb4,2026-05-29T15:30:00Z,2026-05-29T17:30:00+0200,1144.35,MW,FR,FR,actual_onshore_wind_generation,Wind Onshore,2026-06-20T01:54:57Z
2026-06-20T01:54:12Z,2026-06-20T03:54:12+0200,c30b8332-6a35-45c7-931f-0dc00a3a2bb4,2026-05-29T15:45:00Z,2026-05-29T17:45:00+0200,1211.41,MW,FR,FR,actual_onshore_wind_generation,Wind Onshore,2026-06-20T01:54:57Z
2026-06-20T01:54:12Z,2026-06-20T03:54:12+0200,c30b8332-6a35-45c7-931f-0dc00a3a2bb4,2026-05-29T16:00:00Z,2026-05-29T18:00:00+0200,1235.7,MW,FR,FR,actual_onshore_wind_generation,Wind Onshore,2026-06-20T01:54:57Z
2026-06-20T01:54:12Z,2026-06-20T03:54:12+0200,c30b8332-6a35-45c7-931f-0dc00a3a2bb4,2026-05-29T16:15:00Z,2026-05-29T18:15:00+0200,1201.4,MW,FR,FR,actual_onshore_wind_generation,Wind Onshore,2026-06-20T01:54:57Z
2026-06-20T01:54:12Z,2026-06-20T03:54:12+0200,c30b8332-6a35-45c7-931f-0dc00a3a2bb4,2026-05-29T16:30:00Z,2026-05-29T18:30:00+0200,1167.04,MW,FR,FR,actual_onshore_wind_generation,Wind Onshore,2026-06-20T01:54:57Z
2026-06-20T01:54:12Z,2026-06-20T03:54:12+0200,c30b8332-6a35-45c7-931f-0dc00a3a2bb4,2026-05-29T16:45:00Z,2026-05-29T18:45:00+0200,1124.41,MW,FR,FR,actual_onshore_wind_generation,Wind Onshore,2026-06-20T01:54:57Z
2026-06-20T01:54:12Z,2026-06-20T03:54:12+0200,c30b8332-6a35-45c7-931f-0dc00a3a2bb4,2026-05-29T17:00:00Z,2026-05-29T19:00:00+0200,1130.31,MW,FR,FR,actual_onshore_wind_generation,Wind Onshore,2026-06-20T01:54:57Z
2026-06-20T01:54:12Z,2026-06-20T03:54:12+0200,c30b8332-6a35-45c7-931f-0dc00a3a2bb4,2026-05-29T17:15:00Z,2026-05-29T19:15:00+0200,1146.13,MW,FR,FR,actual_onshore_wind_generation,Wind Onshore,2026-06-20T01:54:57Z
2026-06-20T01:54:12Z,2026-06-20T03:54:12+0200,c30b8332-6a35-45c7-931f-0dc00a3a2bb4,2026-05-29T17:30:00Z,2026-05-29T19:30:00+0200,1198.35,MW,FR,FR,actual_onshore_wind_generation,Wind Onshore,2026-06-20T01:54:57Z
2026-06-20T01:54:12Z,2026-06-20T03:54:12+0200,c30b8332-6a35-45c7-931f-0dc00a3a2bb4,2026-05-29T17:45:00Z,2026-05-29T19:45:00+0200,1243.07,MW,FR,FR,actual_onshore_wind_generation,Wind Onshore,2026-06-20T01:54:57Z
2026-06-20T01:54:12Z,2026-06-20T03:54:12+0200,c30b8332-6a35-45c7-931f-0dc00a3a2bb4,2026-05-29T18:00:00Z,2026-05-29T20:00:00+0200,1280.16,MW,FR,FR,actual_onshore_wind_generation,Wind Onshore,2026-06-20T01:54:57Z
2026-06-20T01:54:12Z,2026-06-20T03:54:12+0200,c30b8332-6a35-45c7-931f-0dc00a3a2bb4,2026-05-29T18:15:00Z,2026-05-29T20:15:00+0200,1363.75,MW,FR,FR,actual_onshore_wind_generation,Wind Onshore,2026-06-20T01:54:57Z
2026-06-20T01:54:12Z,2026-06-20T03:54:12+0200,c30b8332-6a35-45c7-931f-0dc00a3a2bb4,2026-05-29T18:30:00Z,2026-05-29T20:30:00+0200,1474.25,MW,FR,FR,actual_onshore_wind_generation,Wind Onshore,2026-06-20T01:54:57Z
2026-06-20T01:54:12Z,2026-06-20T03:54:12+0200,c30b8332-6a35-45c7-931f-0dc00a3a2bb4,2026-05-29T18:45:00Z,2026-05-29T20:45:00+0200,1556.26,MW,FR,FR,actual_onshore_wind_generation,Wind Onshore,2026-06-20T01:54:57Z
2026-06-20T01:54:12Z,2026-06-20T03:54:12+0200,c30b8332-6a35-45c7-931f-0dc00a3a2bb4,2026-05-29T19:00:00Z,2026-05-29T21:00:00+0200,1622.39,MW,FR,FR,actual_onshore_wind_generation,Wind Onshore,2026-06-20T01:54:57Z
2026-06-20T01:54:12Z,2026-06-20T03:54:12+0200,c30b8332-6a35-45c7-931f-0dc00a3a2bb4,2026-05-29T19:15:00Z,2026-05-29T21:15:00+0200,1685.28,MW,FR,FR,actual_onshore_wind_generation,Wind Onshore,2026-06-20T01:54:57Z
2026-06-20T01:54:12Z,2026-06-20T03:54:12+0200,c30b8332-6a35-45c7-931f-0dc00a3a2bb4,2026-05-29T19:30:00Z,2026-05-29T21:30:00+0200,1737.29,MW,FR,FR,actual_onshore_wind_generation,Wind Onshore,2026-06-20T01:54:57Z
2026-06-20T01:54:12Z,2026-06-20T03:54:12+0200,c30b8332-6a35-45c7-931f-0dc00a3a2bb4,2026-05-29T19:45:00Z,2026-05-29T21:45:00+0200,1775.68,MW,FR,FR,actual_onshore_wind_generation,Wind Onshore,2026-06-20T01:54:57Z
2026-06-20T01:54:12Z,2026-06-20T03:54:12+0200,c30b8332-6a35-45c7-931f-0dc00a3a2bb4,2026-05-29T20:00:00Z,2026-05-29T22:00:00+0200,1743.23,MW,FR,FR,actual_onshore_wind_generation,Wind Onshore,2026-06-20T01:54:57Z
2026-06-20T01:54:12Z,2026-06-20T03:54:12+0200,c30b8332-6a35-45c7-931f-0dc00a3a2bb4,2026-05-29T20:15:00Z,2026-05-29T22:15:00+0200,1816.26,MW,FR,FR,actual_onshore_wind_generation,Wind Onshore,2026-06-20T01:54:57Z
2026-06-20T01:54:12Z,2026-06-20T03:54:12+0200,c30b8332-6a35-45c7-931f-0dc00a3a2bb4,2026-05-29T20:30:00Z,2026-05-29T22:30:00+0200,1903.04,MW,FR,FR,actual_onshore_wind_generation,Wind Onshore,2026-06-20T01:54:57Z
2026-06-20T01:54:12Z,2026-06-20T03:54:12+0200,c30b8332-6a35-45c7-931f-0dc00a3a2bb4,2026-05-29T20:45:00Z,2026-05-29T22:45:00+0200,1931.26,MW,FR,FR,actual_onshore_wind_generation,Wind Onshore,2026-06-20T01:54:57Z
2026-06-20T01:54:12Z,2026-06-20T03:54:12+0200,c30b8332-6a35-45c7-931f-0dc00a3a2bb4,2026-05-29T21:00:00Z,2026-05-29T23:00:00+0200,2032.6,MW,FR,FR,actual_onshore_wind_generation,Wind Onshore,2026-06-20T01:54:57Z
2026-06-20T01:54:12Z,2026-06-20T03:54:12+0200,c30b8332-6a35-45c7-931f-0dc00a3a2bb4,2026-05-29T21:15:00Z,2026-05-29T23:15:00+0200,2102.23,MW,FR,FR,actual_onshore_wind_generation,Wind Onshore,2026-06-20T01:54:57Z
2026-06-20T01:54:12Z,2026-06-20T03:54:12+0200,c30b8332-6a35-45c7-931f-0dc00a3a2bb4,2026-05-29T21:30:00Z,2026-05-29T23:30:00+0200,2159.27,MW,FR,FR,actual_onshore_wind_generation,Wind Onshore,2026-06-20T01:54:57Z
2026-06-20T01:54:12Z,2026-06-20T03:54:12+0200,c30b8332-6a35-45c7-931f-0dc00a3a2bb4,2026-05-29T21:45:00Z,2026-05-29T23:45:00+0200,2165.32,MW,FR,FR,actual_onshore_wind_generation,Wind Onshore,2026-06-20T01:54:57Z
2026-06-20T01:54:12Z,2026-06-20T03:54:12+0200,c30b8332-6a35-45c7-931f-0dc00a3a2bb4,2026-05-29T22:00:00Z,2026-05-30T00:00:00+0200,2188.06,MW,FR,FR,actual_onshore_wind_generation,Wind Onshore,2026-06-20T01:54:57Z
2026-06-20T01:54:12Z,2026-06-20T03:54:12+0200,c30b8332-6a35-45c7-931f-0dc00a3a2bb4,2026-05-29T22:15:00Z,2026-05-30T00:15:00+0200,2320.11,MW,FR,FR,actual_onshore_wind_generation,Wind Onshore,2026-06-20T01:54:57Z
2026-06-20T01:54:12Z,2026-06-20T03:54:12+0200,c30b8332-6a35-45c7-931f-0dc00a3a2bb4,2026-05-29T22:30:00Z,2026-05-30T00:30:00+0200,2391.97,MW,FR,FR,actual_onshore_wind_generation,Wind Onshore,2026-06-20T01:54:57Z
2026-06-20T01:54:12Z,2026-06-20T03:54:12+0200,c30b8332-6a35-45c7-931f-0dc00a3a2bb4,2026-05-29T22:45:00Z,2026-05-30T00:45:00+0200,2447.46,MW,FR,FR,actual_onshore_wind_generation,Wind Onshore,2026-06-20T01:54:57Z
2026-06-20T01:54:12Z,2026-06-20T03:54:12+0200,c30b8332-6a35-45c7-931f-0dc00a3a2bb4,2026-05-29T23:00:00Z,2026-05-30T01:00:00+0200,2508.96,MW,FR,FR,actual_onshore_wind_generation,Wind Onshore,2026-06-20T01:54:57Z
2026-06-20T01:54:12Z,2026-06-20T03:54:12+0200,c30b8332-6a35-45c7-931f-0dc00a3a2bb4,2026-05-29T23:15:00Z,2026-05-30T01:15:00+0200,2500.39,MW,FR,FR,actual_onshore_wind_generation,Wind Onshore,2026-06-20T01:54:57Z
2026-06-20T01:54:12Z,2026-06-20T03:54:12+0200,c30b8332-6a35-45c7-931f-0dc00a3a2bb4,2026-05-29T23:30:00Z,2026-05-30T01:30:00+0200,2495.02,MW,FR,FR,actual_onshore_wind_generation,Wind Onshore,2026-06-20T01:54:57Z
2026-06-20T01:54:12Z,2026-06-20T03:54:12+0200,c30b8332-6a35-45c7-931f-0dc00a3a2bb4,2026-05-29T23:45:00Z,2026-05-30T01:45:00+0200,2463.5,MW,FR,FR,actual_onshore_wind_generation,Wind Onshore,2026-06-20T01:54:57Z
2026-06-20T01:54:12Z,2026-06-20T03:54:12+0200,c30b8332-6a35-45c7-931f-0dc00a3a2bb4,2026-05-30T00:00:00Z,2026-05-30T02:00:00+0200,2426.01,MW,FR,FR,actual_onshore_wind_generation,Wind Onshore,2026-06-20T01:54:57Z
2026-06-20T01:54:12Z,2026-06-20T03:54:12+0200,c30b8332-6a35-45c7-931f-0dc00a3a2bb4,2026-05-30T00:15:00Z,2026-05-30T02:15:00+0200,2326.29,MW,FR,FR,actual_onshore_wind_generation,Wind Onshore,2026-06-20T01:54:57Z
2026-06-20T01:54:12Z,2026-06-20T03:54:12+0200,c30b8332-6a35-45c7-931f-0dc00a3a2bb4,2026-05-30T00:30:00Z,2026-05-30T02:30:00+0200,2188.88,MW,FR,FR,actual_onshore_wind_generation,Wind Onshore,2026-06-20T01:54:57Z
2026-06-20T01:54:12Z,2026-06-20T03:54:12+0200,c30b8332-6a35-45c7-931f-0dc00a3a2bb4,2026-05-30T00:45:00Z,2026-05-30T02:45:00+0200,2107.56,MW,FR,FR,actual_onshore_wind_generation,Wind Onshore,2026-06-20T01:54:57Z
2026-06-20T01:54:12Z,2026-06-20T03:54:12+0200,c30b8332-6a35-45c7-931f-0dc00a3a2bb4,2026-05-30T01:00:00Z,2026-05-30T03:00:00+0200,2131.01,MW,FR,FR,actual_onshore_wind_generation,Wind Onshore,2026-06-20T01:54:57Z
2026-06-20T01:54:12Z,2026-06-20T03:54:12+0200,c30b8332-6a35-45c7-931f-0dc00a3a2bb4,2026-05-30T01:15:00Z,2026-05-30T03:15:00+0200,2042.99,MW,FR,FR,actual_onshore_wind_generation,Wind Onshore,2026-06-20T01:54:57Z
2026-06-20T01:54:12Z,2026-06-20T03:54:12+0200,c30b8332-6a35-45c7-931f-0dc00a3a2bb4,2026-05-30T01:30:00Z,2026-05-30T03:30:00+0200,1897.39,MW,FR,FR,actual_onshore_wind_generation,Wind Onshore,2026-06-20T01:54:57Z
2026-06-20T01:54:12Z,2026-06-20T03:54:12+0200,c30b8332-6a35-45c7-931f-0dc00a3a2bb4,2026-05-30T01:45:00Z,2026-05-30T03:45:00+0200,1778.87,MW,FR,FR,actual_onshore_wind_generation,Wind Onshore,2026-06-20T01:54:57Z
2026-06-20T01:54:12Z,2026-06-20T03:54:12+0200,c30b8332-6a35-45c7-931f-0dc00a3a2bb4,2026-05-30T02:00:00Z,2026-05-30T04:00:00+0200,1731.69,MW,FR,FR,actual_onshore_wind_generation,Wind Onshore,2026-06-20T01:54:57Z
2026-06-20T01:54:12Z,2026-06-20T03:54:12+0200,c30b8332-6a35-45c7-931f-0dc00a3a2bb4,2026-05-30T02:15:00Z,2026-05-30T04:15:00+0200,1698.2,MW,FR,FR,actual_onshore_wind_generation,Wind Onshore,2026-06-20T01:54:57Z
2026-06-20T01:54:12Z,2026-06-20T03:54:12+0200,c30b8332-6a35-45c7-931f-0dc00a3a2bb4,2026-05-30T02:30:00Z,2026-05-30T04:30:00+0200,1653.06,MW,FR,FR,actual_onshore_wind_generation,Wind Onshore,2026-06-20T01:54:57Z
2026-06-20T01:54:12Z,2026-06-20T03:54:12+0200,c30b8332-6a35-45c7-931f-0dc00a3a2bb4,2026-05-30T02:45:00Z,2026-05-30T04:45:00+0200,1600.26,MW,FR,FR,actual_onshore_wind_generation,Wind Onshore,2026-06-20T01:54:57Z
2026-06-20T01:54:12Z,2026-06-20T03:54:12+0200,c30b8332-6a35-45c7-931f-0dc00a3a2bb4,2026-05-30T03:00:00Z,2026-05-30T05:00:00+0200,1594.82,MW,FR,FR,actual_onshore_wind_generation,Wind Onshore,2026-06-20T01:54:57Z
2026-06-20T01:54:12Z,2026-06-20T03:54:12+0200,c30b8332-6a35-45c7-931f-0dc00a3a2bb4,2026-05-30T03:15:00Z,2026-05-30T05:15:00+0200,1604.19,MW,FR,FR,actual_onshore_wind_generation,Wind Onshore,2026-06-20T01:54:57Z
2026-06-20T01:54:12Z,2026-06-20T03:54:12+0200,c30b8332-6a35-45c7-931f-0dc00a3a2bb4,2026-05-30T03:30:00Z,2026-05-30T05:30:00+0200,1579.92,MW,FR,FR,actual_onshore_wind_generation,Wind Onshore,2026-06-20T01:54:57Z
2026-06-20T01:54:12Z,2026-06-20T03:54:12+0200,c30b8332-6a35-45c7-931f-0dc00a3a2bb4,2026-05-30T03:45:00Z,2026-05-30T05:45:00+0200,1561.21,MW,FR,FR,actual_onshore_wind_generation,Wind Onshore,2026-06-20T01:54:57Z
2026-06-20T01:54:12Z,2026-06-20T03:54:12+0200,c30b8332-6a35-45c7-931f-0dc00a3a2bb4,2026-05-30T04:00:00Z,2026-05-30T06:00:00+0200,1553.96,MW,FR,FR,actual_onshore_wind_generation,Wind Onshore,2026-06-20T01:54:57Z
2026-06-20T01:54:12Z,2026-06-20T03:54:12+0200,c30b8332-6a35-45c7-931f-0dc00a3a2bb4,2026-05-30T04:15:00Z,2026-05-30T06:15:00+0200,1558.33,MW,FR,FR,actual_onshore_wind_generation,Wind Onshore,2026-06-20T01:54:57Z
2026-06-20T01:54:12Z,2026-06-20T03:54:12+0200,c30b8332-6a35-45c7-931f-0dc00a3a2bb4,2026-05-30T04:30:00Z,2026-05-30T06:30:00+0200,1540.88,MW,FR,FR,actual_onshore_wind_generation,Wind Onshore,2026-06-20T01:54:57Z
2026-06-20T01:54:12Z,2026-06-20T03:54:12+0200,c30b8332-6a35-45c7-931f-0dc00a3a2bb4,2026-05-30T04:45:00Z,2026-05-30T06:45:00+0200,1523.81,MW,FR,FR,actual_onshore_wind_generation,Wind Onshore,2026-06-20T01:54:57Z
2026-06-20T01:54:12Z,2026-06-20T03:54:12+0200,c30b8332-6a35-45c7-931f-0dc00a3a2bb4,2026-05-30T05:00:00Z,2026-05-30T07:00:00+0200,1525.86,MW,FR,FR,actual_onshore_wind_generation,Wind Onshore,2026-06-20T01:54:57Z
2026-06-20T01:54:12Z,2026-06-20T03:54:12+0200,c30b8332-6a35-45c7-931f-0dc00a3a2bb4,2026-05-30T05:15:00Z,2026-05-30T07:15:00+0200,1457.44,MW,FR,FR,actual_onshore_wind_generation,Wind Onshore,2026-06-20T01:54:57Z
2026-06-20T01:54:12Z,2026-06-20T03:54:12+0200,c30b8332-6a35-45c7-931f-0dc00a3a2bb4,2026-05-30T05:30:00Z,2026-05-30T07:30:00+0200,1368.09,MW,FR,FR,actual_onshore_wind_generation,Wind Onshore,2026-06-20T01:54:57Z
2026-06-20T01:54:12Z,2026-06-20T03:54:12+0200,c30b8332-6a35-45c7-931f-0dc00a3a2bb4,2026-05-30T05:45:00Z,2026-05-30T07:45:00+0200,1276.96,MW,FR,FR,actual_onshore_wind_generation,Wind Onshore,2026-06-20T01:54:57Z
2026-06-20T01:54:12Z,2026-06-20T03:54:12+0200,c30b8332-6a35-45c7-931f-0dc00a3a2bb4,2026-05-30T06:00:00Z,2026-05-30T08:00:00+0200,1182.33,MW,FR,FR,actual_onshore_wind_generation,Wind Onshore,2026-06-20T01:54:57Z
2026-06-20T01:54:12Z,2026-06-20T03:54:12+0200,c30b8332-6a35-45c7-931f-0dc00a3a2bb4,2026-05-30T06:15:00Z,2026-05-30T08:15:00+0200,1105.11,MW,FR,FR,actual_onshore_wind_generation,Wind Onshore,2026-06-20T01:54:57Z
2026-06-20T01:54:12Z,2026-06-20T03:54:12+0200,c30b8332-6a35-45c7-931f-0dc00a3a2bb4,2026-05-30T06:30:00Z,2026-05-30T08:30:00+0200,1019.25,MW,FR,FR,actual_onshore_wind_generation,Wind Onshore,2026-06-20T01:54:57Z
2026-06-20T01:54:12Z,2026-06-20T03:54:12+0200,c30b8332-6a35-45c7-931f-0dc00a3a2bb4,2026-05-30T06:45:00Z,2026-05-30T08:45:00+0200,939.8,MW,FR,FR,actual_onshore_wind_generation,Wind Onshore,2026-06-20T01:54:57Z
2026-06-20T01:54:12Z,2026-06-20T03:54:12+0200,c30b8332-6a35-45c7-931f-0dc00a3a2bb4,2026-05-30T07:00:00Z,2026-05-30T09:00:00+0200,877.14,MW,FR,FR,actual_onshore_wind_generation,Wind Onshore,2026-06-20T01:54:57Z
2026-06-20T01:54:12Z,2026-06-20T03:54:12+0200,c30b8332-6a35-45c7-931f-0dc00a3a2bb4,2026-05-30T07:15:00Z,2026-05-30T09:15:00+0200,823.72,MW,FR,FR,actual_onshore_wind_generation,Wind Onshore,2026-06-20T01:54:57Z
2026-06-20T01:54:12Z,2026-06-20T03:54:12+0200,c30b8332-6a35-45c7-931f-0dc00a3a2bb4,2026-05-30T07:30:00Z,2026-05-30T09:30:00+0200,784.16,MW,FR,FR,actual_onshore_wind_generation,Wind Onshore,2026-06-20T01:54:57Z
2026-06-20T01:54:12Z,2026-06-20T03:54:12+0200,c30b8332-6a35-45c7-931f-0dc00a3a2bb4,2026-05-30T07:45:00Z,2026-05-30T09:45:00+0200,753.19,MW,FR,FR,actual_onshore_wind_generation,Wind Onshore,2026-06-20T01:54:57Z
2026-06-20T01:54:12Z,2026-06-20T03:54:12+0200,c30b8332-6a35-45c7-931f-0dc00a3a2bb4,2026-05-30T08:00:00Z,2026-05-30T10:00:00+0200,714.65,MW,FR,FR,actual_onshore_wind_generation,Wind Onshore,2026-06-20T01:54:57Z
2026-06-20T01:54:12Z,2026-06-20T03:54:12+0200,c30b8332-6a35-45c7-931f-0dc00a3a2bb4,2026-05-30T08:15:00Z,2026-05-30T10:15:00+0200,691.28,MW,FR,FR,actual_onshore_wind_generation,Wind Onshore,2026-06-20T01:54:57Z
2026-06-20T01:54:12Z,2026-06-20T03:54:12+0200,c30b8332-6a35-45c7-931f-0dc00a3a2bb4,2026-05-30T08:30:00Z,2026-05-30T10:30:00+0200,678.48,MW,FR,FR,actual_onshore_wind_generation,Wind Onshore,2026-06-20T01:54:57Z
2026-06-20T01:54:12Z,2026-06-20T03:54:12+0200,c30b8332-6a35-45c7-931f-0dc00a3a2bb4,2026-05-30T08:45:00Z,2026-05-30T10:45:00+0200,680.39,MW,FR,FR,actual_onshore_wind_generation,Wind Onshore,2026-06-20T01:54:57Z
2026-06-20T01:54:12Z,2026-06-20T03:54:12+0200,c30b8332-6a35-45c7-931f-0dc00a3a2bb4,2026-05-30T09:00:00Z,2026-05-30T11:00:00+0200,657.99,MW,FR,FR,actual_onshore_wind_generation,Wind Onshore,2026-06-20T01:54:57Z
2026-06-20T01:54:12Z,2026-06-20T03:54:12+0200,c30b8332-6a35-45c7-931f-0dc00a3a2bb4,2026-05-30T09:15:00Z,2026-05-30T11:15:00+0200,620.1,MW,FR,FR,actual_onshore_wind_generation,Wind Onshore,2026-06-20T01:54:57Z
2026-06-20T01:54:12Z,2026-06-20T03:54:12+0200,c30b8332-6a35-45c7-931f-0dc00a3a2bb4,2026-05-30T09:30:00Z,2026-05-30T11:30:00+0200,536.84,MW,FR,FR,actual_onshore_wind_generation,Wind Onshore,2026-06-20T01:54:57Z
2026-06-20T01:54:12Z,2026-06-20T03:54:12+0200,c30b8332-6a35-45c7-931f-0dc00a3a2bb4,2026-05-30T09:45:00Z,2026-05-30T11:45:00+0200,528.87,MW,FR,FR,actual_onshore_wind_generation,Wind Onshore,2026-06-20T01:54:57Z
2026-06-20T01:54:12Z,2026-06-20T03:54:12+0200,c30b8332-6a35-45c7-931f-0dc00a3a2bb4,2026-05-30T10:00:00Z,2026-05-30T12:00:00+0200,547.2,MW,FR,FR,actual_onshore_wind_generation,Wind Onshore,2026-06-20T01:54:57Z
2026-06-20T01:54:12Z,2026-06-20T03:54:12+0200,c30b8332-6a35-45c7-931f-0dc00a3a2bb4,2026-05-30T10:15:00Z,2026-05-30T12:15:00+0200,548.85,MW,FR,FR,actual_onshore_wind_generation,Wind Onshore,2026-06-20T01:54:57Z
2026-06-20T01:54:12Z,2026-06-20T03:54:12+0200,c30b8332-6a35-45c7-931f-0dc00a3a2bb4,2026-05-30T10:30:00Z,2026-05-30T12:30:00+0200,562.83,MW,FR,FR,actual_onshore_wind_generation,Wind Onshore,2026-06-20T01:54:57Z
2026-06-20T01:54:12Z,2026-06-20T03:54:12+0200,c30b8332-6a35-45c7-931f-0dc00a3a2bb4,2026-05-30T10:45:00Z,2026-05-30T12:45:00+0200,573.82,MW,FR,FR,actual_onshore_wind_generation,Wind Onshore,2026-06-20T01:54:57Z
2026-06-20T01:54:12Z,2026-06-20T03:54:12+0200,c30b8332-6a35-45c7-931f-0dc00a3a2bb4,2026-05-30T11:00:00Z,2026-05-30T13:00:00+0200,555.76,MW,FR,FR,actual_onshore_wind_generation,Wind Onshore,2026-06-20T01:54:57Z
2026-06-20T01:54:12Z,2026-06-20T03:54:12+0200,c30b8332-6a35-45c7-931f-0dc00a3a2bb4,2026-05-30T11:15:00Z,2026-05-30T13:15:00+0200,552.12,MW,FR,FR,actual_onshore_wind_generation,Wind Onshore,2026-06-20T01:54:57Z
2026-06-20T01:54:12Z,2026-06-20T03:54:12+0200,c30b8332-6a35-45c7-931f-0dc00a3a2bb4,2026-05-30T11:30:00Z,2026-05-30T13:30:00+0200,536.78,MW,FR,FR,actual_onshore_wind_generation,Wind Onshore,2026-06-20T01:54:57Z
2026-06-20T01:54:12Z,2026-06-20T03:54:12+0200,c30b8332-6a35-45c7-931f-0dc00a3a2bb4,2026-05-30T11:45:00Z,2026-05-30T13:45:00+0200,538.85,MW,FR,FR,actual_onshore_wind_generation,Wind Onshore,2026-06-20T01:54:57Z
2026-06-20T01:54:12Z,2026-06-20T03:54:12+0200,c30b8332-6a35-45c7-931f-0dc00a3a2bb4,2026-05-30T12:00:00Z,2026-05-30T14:00:00+0200,541.77,MW,FR,FR,actual_onshore_wind_generation,Wind Onshore,2026-06-20T01:54:57Z
2026-06-20T01:54:12Z,2026-06-20T03:54:12+0200,c30b8332-6a35-45c7-931f-0dc00a3a2bb4,2026-05-30T12:15:00Z,2026-05-30T14:15:00+0200,554.11,MW,FR,FR,actual_onshore_wind_generation,Wind Onshore,2026-06-20T01:54:57Z
2026-06-20T01:54:12Z,2026-06-20T03:54:12+0200,c30b8332-6a35-45c7-931f-0dc00a3a2bb4,2026-05-30T12:30:00Z,2026-05-30T14:30:00+0200,574.11,MW,FR,FR,actual_onshore_wind_generation,Wind Onshore,2026-06-20T01:54:57Z
2026-06-20T01:54:12Z,2026-06-20T03:54:12+0200,c30b8332-6a35-45c7-931f-0dc00a3a2bb4,2026-05-30T12:45:00Z,2026-05-30T14:45:00+0200,589.69,MW,FR,FR,actual_onshore_wind_generation,Wind Onshore,2026-06-20T01:54:57Z
2026-06-20T01:54:12Z,2026-06-20T03:54:12+0200,c30b8332-6a35-45c7-931f-0dc00a3a2bb4,2026-05-30T13:00:00Z,2026-05-30T15:00:00+0200,627.75,MW,FR,FR,actual_onshore_wind_generation,Wind Onshore,2026-06-20T01:54:57Z
2026-06-20T01:54:12Z,2026-06-20T03:54:12+0200,c30b8332-6a35-45c7-931f-0dc00a3a2bb4,2026-05-30T13:15:00Z,2026-05-30T15:15:00+0200,664.62,MW,FR,FR,actual_onshore_wind_generation,Wind Onshore,2026-06-20T01:54:57Z
2026-06-20T01:54:12Z,2026-06-20T03:54:12+0200,c30b8332-6a35-45c7-931f-0dc00a3a2bb4,2026-05-30T13:30:00Z,2026-05-30T15:30:00+0200,664.65,MW,FR,FR,actual_onshore_wind_generation,Wind Onshore,2026-06-20T01:54:57Z
2026-06-20T01:54:12Z,2026-06-20T03:54:12+0200,c30b8332-6a35-45c7-931f-0dc00a3a2bb4,2026-05-30T13:45:00Z,2026-05-30T15:45:00+0200,815.9,MW,FR,FR,actual_onshore_wind_generation,Wind Onshore,2026-06-20T01:54:57Z
2026-06-20T01:54:12Z,2026-06-20T03:54:12+0200,c30b8332-6a35-45c7-931f-0dc00a3a2bb4,2026-05-30T14:00:00Z,2026-05-30T16:00:00+0200,961.97,MW,FR,FR,actual_onshore_wind_generation,Wind Onshore,2026-06-20T01:54:57Z
2026-06-20T01:54:12Z,2026-06-20T03:54:12+0200,c30b8332-6a35-45c7-931f-0dc00a3a2bb4,2026-05-30T14:15:00Z,2026-05-30T16:15:00+0200,1030.73,MW,FR,FR,actual_onshore_wind_generation,Wind Onshore,2026-06-20T01:54:57Z
2026-06-20T01:54:12Z,2026-06-20T03:54:12+0200,c30b8332-6a35-45c7-931f-0dc00a3a2bb4,2026-05-30T14:30:00Z,2026-05-30T16:30:00+0200,1076.15,MW,FR,FR,actual_onshore_wind_generation,Wind Onshore,2026-06-20T01:54:57Z
2026-06-20T01:54:12Z,2026-06-20T03:54:12+0200,c30b8332-6a35-45c7-931f-0dc00a3a2bb4,2026-05-30T14:45:00Z,2026-05-30T16:45:00+0200,1112.61,MW,FR,FR,actual_onshore_wind_generation,Wind Onshore,2026-06-20T01:54:57Z
2026-06-20T01:54:12Z,2026-06-20T03:54:12+0200,c30b8332-6a35-45c7-931f-0dc00a3a2bb4,2026-05-30T15:00:00Z,2026-05-30T17:00:00+0200,1149.9,MW,FR,FR,actual_onshore_wind_generation,Wind Onshore,2026-06-20T01:54:57Z
2026-06-20T01:54:12Z,2026-06-20T03:54:12+0200,c30b8332-6a35-45c7-931f-0dc00a3a2bb4,2026-05-30T15:15:00Z,2026-05-30T17:15:00+0200,1169.03,MW,FR,FR,actual_onshore_wind_generation,Wind Onshore,2026-06-20T01:54:57Z
2026-06-20T01:54:12Z,2026-06-20T03:54:12+0200,c30b8332-6a35-45c7-931f-0dc00a3a2bb4,2026-05-30T15:30:00Z,2026-05-30T17:30:00+0200,1233.24,MW,FR,FR,actual_onshore_wind_generation,Wind Onshore,2026-06-20T01:54:57Z
2026-06-20T01:54:12Z,2026-06-20T03:54:12+0200,c30b8332-6a35-45c7-931f-0dc00a3a2bb4,2026-05-30T15:45:00Z,2026-05-30T17:45:00+0200,1256.81,MW,FR,FR,actual_onshore_wind_generation,Wind Onshore,2026-06-20T01:54:57Z
2026-06-20T01:54:12Z,2026-06-20T03:54:12+0200,c30b8332-6a35-45c7-931f-0dc00a3a2bb4,2026-05-30T16:00:00Z,2026-05-30T18:00:00+0200,1321.59,MW,FR,FR,actual_onshore_wind_generation,Wind Onshore,2026-06-20T01:54:57Z
2026-06-20T01:54:12Z,2026-06-20T03:54:12+0200,c30b8332-6a35-45c7-931f-0dc00a3a2bb4,2026-05-30T16:15:00Z,2026-05-30T18:15:00+0200,1403.8,MW,FR,FR,actual_onshore_wind_generation,Wind Onshore,2026-06-20T01:54:57Z
2026-06-20T01:54:12Z,2026-06-20T03:54:12+0200,c30b8332-6a35-45c7-931f-0dc00a3a2bb4,2026-05-30T16:30:00Z,2026-05-30T18:30:00+0200,1428.77,MW,FR,FR,actual_onshore_wind_generation,Wind Onshore,2026-06-20T01:54:57Z
2026-06-20T01:54:12Z,2026-06-20T03:54:12+0200,c30b8332-6a35-45c7-931f-0dc00a3a2bb4,2026-05-30T16:45:00Z,2026-05-30T18:45:00+0200,1469.96,MW,FR,FR,actual_onshore_wind_generation,Wind Onshore,2026-06-20T01:54:57Z
2026-06-20T01:54:12Z,2026-06-20T03:54:12+0200,c30b8332-6a35-45c7-931f-0dc00a3a2bb4,2026-05-30T17:00:00Z,2026-05-30T19:00:00+0200,1525.44,MW,FR,FR,actual_onshore_wind_generation,Wind Onshore,2026-06-20T01:54:57Z
2026-06-20T01:54:12Z,2026-06-20T03:54:12+0200,c30b8332-6a35-45c7-931f-0dc00a3a2bb4,2026-05-30T17:15:00Z,2026-05-30T19:15:00+0200,1607.21,MW,FR,FR,actual_onshore_wind_generation,Wind Onshore,2026-06-20T01:54:57Z
2026-06-20T01:54:12Z,2026-06-20T03:54:12+0200,c30b8332-6a35-45c7-931f-0dc00a3a2bb4,2026-05-30T17:30:00Z,2026-05-30T19:30:00+0200,1607.84,MW,FR,FR,actual_onshore_wind_generation,Wind Onshore,2026-06-20T01:54:57Z
2026-06-20T01:54:12Z,2026-06-20T03:54:12+0200,c30b8332-6a35-45c7-931f-0dc00a3a2bb4,2026-05-30T17:45:00Z,2026-05-30T19:45:00+0200,1615.94,MW,FR,FR,actual_onshore_wind_generation,Wind Onshore,2026-06-20T01:54:57Z
2026-06-20T01:54:12Z,2026-06-20T03:54:12+0200,c30b8332-6a35-45c7-931f-0dc00a3a2bb4,2026-05-30T18:00:00Z,2026-05-30T20:00:00+0200,1642.14,MW,FR,FR,actual_onshore_wind_generation,Wind Onshore,2026-06-20T01:54:57Z
2026-06-20T01:54:12Z,2026-06-20T03:54:12+0200,c30b8332-6a35-45c7-931f-0dc00a3a2bb4,2026-05-30T18:15:00Z,2026-05-30T20:15:00+0200,1650.34,MW,FR,FR,actual_onshore_wind_generation,Wind Onshore,2026-06-20T01:54:57Z
2026-06-20T01:54:12Z,2026-06-20T03:54:12+0200,c30b8332-6a35-45c7-931f-0dc00a3a2bb4,2026-05-30T18:30:00Z,2026-05-30T20:30:00+0200,1696.74,MW,FR,FR,actual_onshore_wind_generation,Wind Onshore,2026-06-20T01:54:57Z
2026-06-20T01:54:12Z,2026-06-20T03:54:12+0200,c30b8332-6a35-45c7-931f-0dc00a3a2bb4,2026-05-30T18:45:00Z,2026-05-30T20:45:00+0200,1761.14,MW,FR,FR,actual_onshore_wind_generation,Wind Onshore,2026-06-20T01:54:57Z
2026-06-20T01:54:12Z,2026-06-20T03:54:12+0200,c30b8332-6a35-45c7-931f-0dc00a3a2bb4,2026-05-30T19:00:00Z,2026-05-30T21:00:00+0200,1890.72,MW,FR,FR,actual_onshore_wind_generation,Wind Onshore,2026-06-20T01:54:57Z
2026-06-20T01:54:12Z,2026-06-20T03:54:12+0200,c30b8332-6a35-45c7-931f-0dc00a3a2bb4,2026-05-30T19:15:00Z,2026-05-30T21:15:00+0200,2021.47,MW,FR,FR,actual_onshore_wind_generation,Wind Onshore,2026-06-20T01:54:57Z
2026-06-20T01:54:12Z,2026-06-20T03:54:12+0200,c30b8332-6a35-45c7-931f-0dc00a3a2bb4,2026-05-30T19:30:00Z,2026-05-30T21:30:00+0200,2140.67,MW,FR,FR,actual_onshore_wind_generation,Wind Onshore,2026-06-20T01:54:57Z
2026-06-20T01:54:12Z,2026-06-20T03:54:12+0200,c30b8332-6a35-45c7-931f-0dc00a3a2bb4,2026-05-30T19:45:00Z,2026-05-30T21:45:00+0200,2265.06,MW,FR,FR,actual_onshore_wind_generation,Wind Onshore,2026-06-20T01:54:57Z
2026-06-20T01:54:12Z,2026-06-20T03:54:12+0200,c30b8332-6a35-45c7-931f-0dc00a3a2bb4,2026-05-30T20:00:00Z,2026-05-30T22:00:00+0200,2317.5,MW,FR,FR,actual_onshore_wind_generation,Wind Onshore,2026-06-20T01:54:57Z
2026-06-20T01:54:12Z,2026-06-20T03:54:12+0200,c30b8332-6a35-45c7-931f-0dc00a3a2bb4,2026-05-30T20:15:00Z,2026-05-30T22:15:00+0200,2365.18,MW,FR,FR,actual_onshore_wind_generation,Wind Onshore,2026-06-20T01:54:57Z
2026-06-20T01:54:12Z,2026-06-20T03:54:12+0200,c30b8332-6a35-45c7-931f-0dc00a3a2bb4,2026-05-30T20:30:00Z,2026-05-30T22:30:00+0200,2590.8,MW,FR,FR,actual_onshore_wind_generation,Wind Onshore,2026-06-20T01:54:57Z
2026-06-20T01:54:12Z,2026-06-20T03:54:12+0200,c30b8332-6a35-45c7-931f-0dc00a3a2bb4,2026-05-30T20:45:00Z,2026-05-30T22:45:00+0200,2817.97,MW,FR,FR,actual_onshore_wind_generation,Wind Onshore,2026-06-20T01:54:57Z
2026-06-20T01:54:12Z,2026-06-20T03:54:12+0200,c30b8332-6a35-45c7-931f-0dc00a3a2bb4,2026-05-30T21:00:00Z,2026-05-30T23:00:00+0200,2879.56,MW,FR,FR,actual_onshore_wind_generation,Wind Onshore,2026-06-20T01:54:57Z
2026-06-20T01:54:12Z,2026-06-20T03:54:12+0200,c30b8332-6a35-45c7-931f-0dc00a3a2bb4,2026-05-30T21:15:00Z,2026-05-30T23:15:00+0200,2990.51,MW,FR,FR,actual_onshore_wind_generation,Wind Onshore,2026-06-20T01:54:57Z
2026-06-20T01:54:12Z,2026-06-20T03:54:12+0200,c30b8332-6a35-45c7-931f-0dc00a3a2bb4,2026-05-30T21:30:00Z,2026-05-30T23:30:00+0200,3038.26,MW,FR,FR,actual_onshore_wind_generation,Wind Onshore,2026-06-20T01:54:57Z
2026-06-20T01:54:12Z,2026-06-20T03:54:12+0200,c30b8332-6a35-45c7-931f-0dc00a3a2bb4,2026-05-30T21:45:00Z,2026-05-30T23:45:00+0200,3021.7,MW,FR,FR,actual_onshore_wind_generation,Wind Onshore,2026-06-20T01:54:57Z
2026-06-20T01:54:12Z,2026-06-20T03:54:12+0200,c30b8332-6a35-45c7-931f-0dc00a3a2bb4,2026-05-30T22:00:00Z,2026-05-31T00:00:00+0200,2980.54,MW,FR,FR,actual_onshore_wind_generation,Wind Onshore,2026-06-20T01:54:57Z
2026-06-20T01:54:12Z,2026-06-20T03:54:12+0200,c30b8332-6a35-45c7-931f-0dc00a3a2bb4,2026-05-30T22:15:00Z,2026-05-31T00:15:00+0200,3092.43,MW,FR,FR,actual_onshore_wind_generation,Wind Onshore,2026-06-20T01:54:57Z
2026-06-20T01:54:12Z,2026-06-20T03:54:12+0200,c30b8332-6a35-45c7-931f-0dc00a3a2bb4,2026-05-30T22:30:00Z,2026-05-31T00:30:00+0200,3221.17,MW,FR,FR,actual_onshore_wind_generation,Wind Onshore,2026-06-20T01:54:57Z
2026-06-20T01:54:12Z,2026-06-20T03:54:12+0200,c30b8332-6a35-45c7-931f-0dc00a3a2bb4,2026-05-30T22:45:00Z,2026-05-31T00:45:00+0200,3339.24,MW,FR,FR,actual_onshore_wind_generation,Wind Onshore,2026-06-20T01:54:57Z
2026-06-20T01:54:12Z,2026-06-20T03:54:12+0200,c30b8332-6a35-45c7-931f-0dc00a3a2bb4,2026-05-30T23:00:00Z,2026-05-31T01:00:00+0200,3440.67,MW,FR,FR,actual_onshore_wind_generation,Wind Onshore,2026-06-20T01:54:57Z
2026-06-20T01:54:12Z,2026-06-20T03:54:12+0200,c30b8332-6a35-45c7-931f-0dc00a3a2bb4,2026-05-30T23:15:00Z,2026-05-31T01:15:00+0200,3468.63,MW,FR,FR,actual_onshore_wind_generation,Wind Onshore,2026-06-20T01:54:57Z
2026-06-20T01:54:12Z,2026-06-20T03:54:12+0200,c30b8332-6a35-45c7-931f-0dc00a3a2bb4,2026-05-30T23:30:00Z,2026-05-31T01:30:00+0200,3498.17,MW,FR,FR,actual_onshore_wind_generation,Wind Onshore,2026-06-20T01:54:57Z
2026-06-20T01:54:12Z,2026-06-20T03:54:12+0200,c30b8332-6a35-45c7-931f-0dc00a3a2bb4,2026-05-30T23:45:00Z,2026-05-31T01:45:00+0200,3605.54,MW,FR,FR,actual_onshore_wind_generation,Wind Onshore,2026-06-20T01:54:57Z
2026-06-20T01:54:12Z,2026-06-20T03:54:12+0200,c30b8332-6a35-45c7-931f-0dc00a3a2bb4,2026-05-31T00:00:00Z,2026-05-31T02:00:00+0200,3855.63,MW,FR,FR,actual_onshore_wind_generation,Wind Onshore,2026-06-20T01:54:57Z
2026-06-20T01:54:12Z,2026-06-20T03:54:12+0200,c30b8332-6a35-45c7-931f-0dc00a3a2bb4,2026-05-31T00:15:00Z,2026-05-31T02:15:00+0200,3998.23,MW,FR,FR,actual_onshore_wind_generation,Wind Onshore,2026-06-20T01:54:57Z
2026-06-20T01:54:12Z,2026-06-20T03:54:12+0200,c30b8332-6a35-45c7-931f-0dc00a3a2bb4,2026-05-31T00:30:00Z,2026-05-31T02:30:00+0200,4087.37,MW,FR,FR,actual_onshore_wind_generation,Wind Onshore,2026-06-20T01:54:57Z
2026-06-20T01:54:12Z,2026-06-20T03:54:12+0200,c30b8332-6a35-45c7-931f-0dc00a3a2bb4,2026-05-31T00:45:00Z,2026-05-31T02:45:00+0200,4114.68,MW,FR,FR,actual_onshore_wind_generation,Wind Onshore,2026-06-20T01:54:57Z
2026-06-20T01:54:12Z,2026-06-20T03:54:12+0200,c30b8332-6a35-45c7-931f-0dc00a3a2bb4,2026-05-31T01:00:00Z,2026-05-31T03:00:00+0200,3854.9,MW,FR,FR,actual_onshore_wind_generation,Wind Onshore,2026-06-20T01:54:57Z
2026-06-20T01:54:12Z,2026-06-20T03:54:12+0200,c30b8332-6a35-45c7-931f-0dc00a3a2bb4,2026-05-31T01:15:00Z,2026-05-31T03:15:00+0200,3849.19,MW,FR,FR,actual_onshore_wind_generation,Wind Onshore,2026-06-20T01:54:57Z
2026-06-20T01:54:12Z,2026-06-20T03:54:12+0200,c30b8332-6a35-45c7-931f-0dc00a3a2bb4,2026-05-31T01:30:00Z,2026-05-31T03:30:00+0200,3932.08,MW,FR,FR,actual_onshore_wind_generation,Wind Onshore,2026-06-20T01:54:57Z
2026-06-20T01:54:12Z,2026-06-20T03:54:12+0200,c30b8332-6a35-45c7-931f-0dc00a3a2bb4,2026-05-31T01:45:00Z,2026-05-31T03:45:00+0200,4123.33,MW,FR,FR,actual_onshore_wind_generation,Wind Onshore,2026-06-20T01:54:57Z
2026-06-20T01:54:12Z,2026-06-20T03:54:12+0200,c30b8332-6a35-45c7-931f-0dc00a3a2bb4,2026-05-31T02:00:00Z,2026-05-31T04:00:00+0200,4345.08,MW,FR,FR,actual_onshore_wind_generation,Wind Onshore,2026-06-20T01:54:57Z
2026-06-20T01:54:12Z,2026-06-20T03:54:12+0200,c30b8332-6a35-45c7-931f-0dc00a3a2bb4,2026-05-31T02:15:00Z,2026-05-31T04:15:00+0200,4308.68,MW,FR,FR,actual_onshore_wind_generation,Wind Onshore,2026-06-20T01:54:57Z
2026-06-20T01:54:12Z,2026-06-20T03:54:12+0200,c30b8332-6a35-45c7-931f-0dc00a3a2bb4,2026-05-31T02:30:00Z,2026-05-31T04:30:00+0200,4093.51,MW,FR,FR,actual_onshore_wind_generation,Wind Onshore,2026-06-20T01:54:57Z
2026-06-20T01:54:12Z,2026-06-20T03:54:12+0200,c30b8332-6a35-45c7-931f-0dc00a3a2bb4,2026-05-31T02:45:00Z,2026-05-31T04:45:00+0200,4122.01,MW,FR,FR,actual_onshore_wind_generation,Wind Onshore,2026-06-20T01:54:57Z
2026-06-20T01:54:12Z,2026-06-20T03:54:12+0200,c30b8332-6a35-45c7-931f-0dc00a3a2bb4,2026-05-31T03:00:00Z,2026-05-31T05:00:00+0200,4089.98,MW,FR,FR,actual_onshore_wind_generation,Wind Onshore,2026-06-20T01:54:57Z
2026-06-20T01:54:12Z,2026-06-20T03:54:12+0200,c30b8332-6a35-45c7-931f-0dc00a3a2bb4,2026-05-31T03:15:00Z,2026-05-31T05:15:00+0200,4162.13,MW,FR,FR,actual_onshore_wind_generation,Wind Onshore,2026-06-20T01:54:57Z
2026-06-20T01:54:12Z,2026-06-20T03:54:12+0200,c30b8332-6a35-45c7-931f-0dc00a3a2bb4,2026-05-31T03:30:00Z,2026-05-31T05:30:00+0200,4133.03,MW,FR,FR,actual_onshore_wind_generation,Wind Onshore,2026-06-20T01:54:57Z
2026-06-20T01:54:12Z,2026-06-20T03:54:12+0200,c30b8332-6a35-45c7-931f-0dc00a3a2bb4,2026-05-31T03:45:00Z,2026-05-31T05:45:00+0200,4059.48,MW,FR,FR,actual_onshore_wind_generation,Wind Onshore,2026-06-20T01:54:57Z
2026-06-20T01:54:12Z,2026-06-20T03:54:12+0200,c30b8332-6a35-45c7-931f-0dc00a3a2bb4,2026-05-31T04:00:00Z,2026-05-31T06:00:00+0200,3883.63,MW,FR,FR,actual_onshore_wind_generation,Wind Onshore,2026-06-20T01:54:57Z
2026-06-20T01:54:12Z,2026-06-20T03:54:12+0200,c30b8332-6a35-45c7-931f-0dc00a3a2bb4,2026-05-31T04:15:00Z,2026-05-31T06:15:00+0200,3909.93,MW,FR,FR,actual_onshore_wind_generation,Wind Onshore,2026-06-20T01:54:57Z
2026-06-20T01:54:12Z,2026-06-20T03:54:12+0200,c30b8332-6a35-45c7-931f-0dc00a3a2bb4,2026-05-31T04:30:00Z,2026-05-31T06:30:00+0200,3960.01,MW,FR,FR,actual_onshore_wind_generation,Wind Onshore,2026-06-20T01:54:57Z
2026-06-20T01:54:12Z,2026-06-20T03:54:12+0200,c30b8332-6a35-45c7-931f-0dc00a3a2bb4,2026-05-31T04:45:00Z,2026-05-31T06:45:00+0200,4066.86,MW,FR,FR,actual_onshore_wind_generation,Wind Onshore,2026-06-20T01:54:57Z
2026-06-20T01:54:12Z,2026-06-20T03:54:12+0200,c30b8332-6a35-45c7-931f-0dc00a3a2bb4,2026-05-31T05:00:00Z,2026-05-31T07:00:00+0200,4095.52,MW,FR,FR,actual_onshore_wind_generation,Wind Onshore,2026-06-20T01:54:57Z
2026-06-20T01:54:12Z,2026-06-20T03:54:12+0200,c30b8332-6a35-45c7-931f-0dc00a3a2bb4,2026-05-31T05:15:00Z,2026-05-31T07:15:00+0200,4014.64,MW,FR,FR,actual_onshore_wind_generation,Wind Onshore,2026-06-20T01:54:57Z
2026-06-20T01:54:12Z,2026-06-20T03:54:12+0200,c30b8332-6a35-45c7-931f-0dc00a3a2bb4,2026-05-31T05:30:00Z,2026-05-31T07:30:00+0200,3839.17,MW,FR,FR,actual_onshore_wind_generation,Wind Onshore,2026-06-20T01:54:57Z
2026-06-20T01:54:12Z,2026-06-20T03:54:12+0200,c30b8332-6a35-45c7-931f-0dc00a3a2bb4,2026-05-31T05:45:00Z,2026-05-31T07:45:00+0200,3589.23,MW,FR,FR,actual_onshore_wind_generation,Wind Onshore,2026-06-20T01:54:57Z
2026-06-20T01:54:12Z,2026-06-20T03:54:12+0200,c30b8332-6a35-45c7-931f-0dc00a3a2bb4,2026-05-31T06:00:00Z,2026-05-31T08:00:00+0200,3490.78,MW,FR,FR,actual_onshore_wind_generation,Wind Onshore,2026-06-20T01:54:57Z
2026-06-20T01:54:12Z,2026-06-20T03:54:12+0200,c30b8332-6a35-45c7-931f-0dc00a3a2bb4,2026-05-31T06:15:00Z,2026-05-31T08:15:00+0200,3404.95,MW,FR,FR,actual_onshore_wind_generation,Wind Onshore,2026-06-20T01:54:57Z
2026-06-20T01:54:12Z,2026-06-20T03:54:12+0200,c30b8332-6a35-45c7-931f-0dc00a3a2bb4,2026-05-31T06:30:00Z,2026-05-31T08:30:00+0200,3319.95,MW,FR,FR,actual_onshore_wind_generation,Wind Onshore,2026-06-20T01:54:57Z
2026-06-20T01:54:12Z,2026-06-20T03:54:12+0200,c30b8332-6a35-45c7-931f-0dc00a3a2bb4,2026-05-31T06:45:00Z,2026-05-31T08:45:00+0200,3321.89,MW,FR,FR,actual_onshore_wind_generation,Wind Onshore,2026-06-20T01:54:57Z
2026-06-20T01:54:12Z,2026-06-20T03:54:12+0200,c30b8332-6a35-45c7-931f-0dc00a3a2bb4,2026-05-31T07:00:00Z,2026-05-31T09:00:00+0200,3371.61,MW,FR,FR,actual_onshore_wind_generation,Wind Onshore,2026-06-20T01:54:57Z
2026-06-20T01:54:12Z,2026-06-20T03:54:12+0200,c30b8332-6a35-45c7-931f-0dc00a3a2bb4,2026-05-31T07:15:00Z,2026-05-31T09:15:00+0200,3532.02,MW,FR,FR,actual_onshore_wind_generation,Wind Onshore,2026-06-20T01:54:57Z
2026-06-20T01:54:12Z,2026-06-20T03:54:12+0200,c30b8332-6a35-45c7-931f-0dc00a3a2bb4,2026-05-31T07:30:00Z,2026-05-31T09:30:00+0200,3652.53,MW,FR,FR,actual_onshore_wind_generation,Wind Onshore,2026-06-20T01:54:57Z
2026-06-20T01:54:12Z,2026-06-20T03:54:12+0200,c30b8332-6a35-45c7-931f-0dc00a3a2bb4,2026-05-31T07:45:00Z,2026-05-31T09:45:00+0200,3840.08,MW,FR,FR,actual_onshore_wind_generation,Wind Onshore,2026-06-20T01:54:57Z
2026-06-20T01:54:12Z,2026-06-20T03:54:12+0200,c30b8332-6a35-45c7-931f-0dc00a3a2bb4,2026-05-31T08:00:00Z,2026-05-31T10:00:00+0200,3928.62,MW,FR,FR,actual_onshore_wind_generation,Wind Onshore,2026-06-20T01:54:57Z
2026-06-20T01:54:12Z,2026-06-20T03:54:12+0200,c30b8332-6a35-45c7-931f-0dc00a3a2bb4,2026-05-31T08:15:00Z,2026-05-31T10:15:00+0200,3968.82,MW,FR,FR,actual_onshore_wind_generation,Wind Onshore,2026-06-20T01:54:57Z
2026-06-20T01:54:12Z,2026-06-20T03:54:12+0200,c30b8332-6a35-45c7-931f-0dc00a3a2bb4,2026-05-31T08:30:00Z,2026-05-31T10:30:00+0200,4053.98,MW,FR,FR,actual_onshore_wind_generation,Wind Onshore,2026-06-20T01:54:57Z
2026-06-20T01:54:12Z,2026-06-20T03:54:12+0200,c30b8332-6a35-45c7-931f-0dc00a3a2bb4,2026-05-31T08:45:00Z,2026-05-31T10:45:00+0200,4166.4,MW,FR,FR,actual_onshore_wind_generation,Wind Onshore,2026-06-20T01:54:57Z
2026-06-20T01:54:12Z,2026-06-20T03:54:12+0200,c30b8332-6a35-45c7-931f-0dc00a3a2bb4,2026-05-31T09:00:00Z,2026-05-31T11:00:00+0200,4157.05,MW,FR,FR,actual_onshore_wind_generation,Wind Onshore,2026-06-20T01:54:57Z
2026-06-20T01:54:12Z,2026-06-20T03:54:12+0200,c30b8332-6a35-45c7-931f-0dc00a3a2bb4,2026-05-31T09:15:00Z,2026-05-31T11:15:00+0200,4135.65,MW,FR,FR,actual_onshore_wind_generation,Wind Onshore,2026-06-20T01:54:57Z
2026-06-20T01:54:12Z,2026-06-20T03:54:12+0200,c30b8332-6a35-45c7-931f-0dc00a3a2bb4,2026-05-31T09:30:00Z,2026-05-31T11:30:00+0200,4211.92,MW,FR,FR,actual_onshore_wind_generation,Wind Onshore,2026-06-20T01:54:57Z
2026-06-20T01:54:12Z,2026-06-20T03:54:12+0200,c30b8332-6a35-45c7-931f-0dc00a3a2bb4,2026-05-31T09:45:00Z,2026-05-31T11:45:00+0200,4275.82,MW,FR,FR,actual_onshore_wind_generation,Wind Onshore,2026-06-20T01:54:57Z
2026-06-20T01:54:12Z,2026-06-20T03:54:12+0200,c30b8332-6a35-45c7-931f-0dc00a3a2bb4,2026-05-31T10:00:00Z,2026-05-31T12:00:00+0200,4196.91,MW,FR,FR,actual_onshore_wind_generation,Wind Onshore,2026-06-20T01:54:57Z
2026-06-20T01:54:12Z,2026-06-20T03:54:12+0200,c30b8332-6a35-45c7-931f-0dc00a3a2bb4,2026-05-31T10:15:00Z,2026-05-31T12:15:00+0200,3831.3,MW,FR,FR,actual_onshore_wind_generation,Wind Onshore,2026-06-20T01:54:57Z
2026-06-20T01:54:12Z,2026-06-20T03:54:12+0200,c30b8332-6a35-45c7-931f-0dc00a3a2bb4,2026-05-31T10:30:00Z,2026-05-31T12:30:00+0200,2905.92,MW,FR,FR,actual_onshore_wind_generation,Wind Onshore,2026-06-20T01:54:57Z
2026-06-20T01:54:12Z,2026-06-20T03:54:12+0200,c30b8332-6a35-45c7-931f-0dc00a3a2bb4,2026-05-31T10:45:00Z,2026-05-31T12:45:00+0200,2776.36,MW,FR,FR,actual_onshore_wind_generation,Wind Onshore,2026-06-20T01:54:57Z
2026-06-20T01:54:12Z,2026-06-20T03:54:12+0200,c30b8332-6a35-45c7-931f-0dc00a3a2bb4,2026-05-31T11:00:00Z,2026-05-31T13:00:00+0200,2813.85,MW,FR,FR,actual_onshore_wind_generation,Wind Onshore,2026-06-20T01:54:57Z
2026-06-20T01:54:12Z,2026-06-20T03:54:12+0200,c30b8332-6a35-45c7-931f-0dc00a3a2bb4,2026-05-31T11:15:00Z,2026-05-31T13:15:00+0200,2792.47,MW,FR,FR,actual_onshore_wind_generation,Wind Onshore,2026-06-20T01:54:57Z
2026-06-20T01:54:12Z,2026-06-20T03:54:12+0200,c30b8332-6a35-45c7-931f-0dc00a3a2bb4,2026-05-31T11:30:00Z,2026-05-31T13:30:00+0200,2796.78,MW,FR,FR,actual_onshore_wind_generation,Wind Onshore,2026-06-20T01:54:57Z
2026-06-20T01:54:12Z,2026-06-20T03:54:12+0200,c30b8332-6a35-45c7-931f-0dc00a3a2bb4,2026-05-31T11:45:00Z,2026-05-31T13:45:00+0200,2783.51,MW,FR,FR,actual_onshore_wind_generation,Wind Onshore,2026-06-20T01:54:57Z
2026-06-20T01:54:12Z,2026-06-20T03:54:12+0200,c30b8332-6a35-45c7-931f-0dc00a3a2bb4,2026-05-31T12:00:00Z,2026-05-31T14:00:00+0200,2744.02,MW,FR,FR,actual_onshore_wind_generation,Wind Onshore,2026-06-20T01:54:57Z
2026-06-20T01:54:12Z,2026-06-20T03:54:12+0200,c30b8332-6a35-45c7-931f-0dc00a3a2bb4,2026-05-31T12:15:00Z,2026-05-31T14:15:00+0200,2756.97,MW,FR,FR,actual_onshore_wind_generation,Wind Onshore,2026-06-20T01:54:57Z
2026-06-20T01:54:12Z,2026-06-20T03:54:12+0200,c30b8332-6a35-45c7-931f-0dc00a3a2bb4,2026-05-31T12:30:00Z,2026-05-31T14:30:00+0200,2780.05,MW,FR,FR,actual_onshore_wind_generation,Wind Onshore,2026-06-20T01:54:57Z
2026-06-20T01:54:12Z,2026-06-20T03:54:12+0200,c30b8332-6a35-45c7-931f-0dc00a3a2bb4,2026-05-31T12:45:00Z,2026-05-31T14:45:00+0200,2807.32,MW,FR,FR,actual_onshore_wind_generation,Wind Onshore,2026-06-20T01:54:57Z
2026-06-20T01:54:12Z,2026-06-20T03:54:12+0200,c30b8332-6a35-45c7-931f-0dc00a3a2bb4,2026-05-31T13:00:00Z,2026-05-31T15:00:00+0200,2960.85,MW,FR,FR,actual_onshore_wind_generation,Wind Onshore,2026-06-20T01:54:57Z
2026-06-20T01:54:12Z,2026-06-20T03:54:12+0200,c30b8332-6a35-45c7-931f-0dc00a3a2bb4,2026-05-31T13:15:00Z,2026-05-31T15:15:00+0200,4272.55,MW,FR,FR,actual_onshore_wind_generation,Wind Onshore,2026-06-20T01:54:57Z
2026-06-20T01:54:12Z,2026-06-20T03:54:12+0200,c30b8332-6a35-45c7-931f-0dc00a3a2bb4,2026-05-31T13:30:00Z,2026-05-31T15:30:00+0200,5049.56,MW,FR,FR,actual_onshore_wind_generation,Wind Onshore,2026-06-20T01:54:57Z
2026-06-20T01:54:12Z,2026-06-20T03:54:12+0200,c30b8332-6a35-45c7-931f-0dc00a3a2bb4,2026-05-31T13:45:00Z,2026-05-31T15:45:00+0200,4617.56,MW,FR,FR,actual_onshore_wind_generation,Wind Onshore,2026-06-20T01:54:57Z
2026-06-20T01:54:12Z,2026-06-20T03:54:12+0200,c30b8332-6a35-45c7-931f-0dc00a3a2bb4,2026-05-31T14:00:00Z,2026-05-31T16:00:00+0200,3339.25,MW,FR,FR,actual_onshore_wind_generation,Wind Onshore,2026-06-20T01:54:57Z
2026-06-20T01:54:12Z,2026-06-20T03:54:12+0200,c30b8332-6a35-45c7-931f-0dc00a3a2bb4,2026-05-31T14:15:00Z,2026-05-31T16:15:00+0200,3205.21,MW,FR,FR,actual_onshore_wind_generation,Wind Onshore,2026-06-20T01:54:57Z
2026-06-20T01:54:12Z,2026-06-20T03:54:12+0200,c30b8332-6a35-45c7-931f-0dc00a3a2bb4,2026-05-31T14:30:00Z,2026-05-31T16:30:00+0200,3234.35,MW,FR,FR,actual_onshore_wind_generation,Wind Onshore,2026-06-20T01:54:57Z
2026-06-20T01:54:12Z,2026-06-20T03:54:12+0200,c30b8332-6a35-45c7-931f-0dc00a3a2bb4,2026-05-31T14:45:00Z,2026-05-31T16:45:00+0200,3243.3,MW,FR,FR,actual_onshore_wind_generation,Wind Onshore,2026-06-20T01:54:57Z
2026-06-20T01:54:12Z,2026-06-20T03:54:12+0200,c30b8332-6a35-45c7-931f-0dc00a3a2bb4,2026-05-31T15:00:00Z,2026-05-31T17:00:00+0200,3331.7,MW,FR,FR,actual_onshore_wind_generation,Wind Onshore,2026-06-20T01:54:57Z
2026-06-20T01:54:12Z,2026-06-20T03:54:12+0200,c30b8332-6a35-45c7-931f-0dc00a3a2bb4,2026-05-31T15:15:00Z,2026-05-31T17:15:00+0200,3498.8,MW,FR,FR,actual_onshore_wind_generation,Wind Onshore,2026-06-20T01:54:57Z
2026-06-20T01:54:12Z,2026-06-20T03:54:12+0200,c30b8332-6a35-45c7-931f-0dc00a3a2bb4,2026-05-31T15:30:00Z,2026-05-31T17:30:00+0200,4987.01,MW,FR,FR,actual_onshore_wind_generation,Wind Onshore,2026-06-20T01:54:57Z
2026-06-20T01:54:12Z,2026-06-20T03:54:12+0200,c30b8332-6a35-45c7-931f-0dc00a3a2bb4,2026-05-31T15:45:00Z,2026-05-31T17:45:00+0200,5790.03,MW,FR,FR,actual_onshore_wind_generation,Wind Onshore,2026-06-20T01:54:57Z
2026-06-20T01:54:12Z,2026-06-20T03:54:12+0200,c30b8332-6a35-45c7-931f-0dc00a3a2bb4,2026-05-31T16:00:00Z,2026-05-31T18:00:00+0200,5869.08,MW,FR,FR,actual_onshore_wind_generation,Wind Onshore,2026-06-20T01:54:57Z
2026-06-20T01:54:12Z,2026-06-20T03:54:12+0200,c30b8332-6a35-45c7-931f-0dc00a3a2bb4,2026-05-31T16:15:00Z,2026-05-31T18:15:00+0200,5994.07,MW,FR,FR,actual_onshore_wind_generation,Wind Onshore,2026-06-20T01:54:57Z
2026-06-20T01:54:12Z,2026-06-20T03:54:12+0200,c30b8332-6a35-45c7-931f-0dc00a3a2bb4,2026-05-31T16:30:00Z,2026-05-31T18:30:00+0200,5935.58,MW,FR,FR,actual_onshore_wind_generation,Wind Onshore,2026-06-20T01:54:57Z
2026-06-20T01:54:12Z,2026-06-20T03:54:12+0200,c30b8332-6a35-45c7-931f-0dc00a3a2bb4,2026-05-31T16:45:00Z,2026-05-31T18:45:00+0200,5876.1,MW,FR,FR,actual_onshore_wind_generation,Wind Onshore,2026-06-20T01:54:57Z
2026-06-20T01:54:12Z,2026-06-20T03:54:12+0200,c30b8332-6a35-45c7-931f-0dc00a3a2bb4,2026-05-31T17:00:00Z,2026-05-31T19:00:00+0200,5844.83,MW,FR,FR,actual_onshore_wind_generation,Wind Onshore,2026-06-20T01:54:57Z
2026-06-20T01:54:12Z,2026-06-20T03:54:12+0200,c30b8332-6a35-45c7-931f-0dc00a3a2bb4,2026-05-31T17:15:00Z,2026-05-31T19:15:00+0200,5788.33,MW,FR,FR,actual_onshore_wind_generation,Wind Onshore,2026-06-20T01:54:57Z
2026-06-20T01:54:12Z,2026-06-20T03:54:12+0200,c30b8332-6a35-45c7-931f-0dc00a3a2bb4,2026-05-31T17:30:00Z,2026-05-31T19:30:00+0200,5689.17,MW,FR,FR,actual_onshore_wind_generation,Wind Onshore,2026-06-20T01:54:57Z
2026-06-20T01:54:12Z,2026-06-20T03:54:12+0200,c30b8332-6a35-45c7-931f-0dc00a3a2bb4,2026-05-31T17:45:00Z,2026-05-31T19:45:00+0200,5482.79,MW,FR,FR,actual_onshore_wind_generation,Wind Onshore,2026-06-20T01:54:57Z
2026-06-20T01:54:12Z,2026-06-20T03:54:12+0200,c30b8332-6a35-45c7-931f-0dc00a3a2bb4,2026-05-31T18:00:00Z,2026-05-31T20:00:00+0200,5394.27,MW,FR,FR,actual_onshore_wind_generation,Wind Onshore,2026-06-20T01:54:57Z
2026-06-20T01:54:12Z,2026-06-20T03:54:12+0200,c30b8332-6a35-45c7-931f-0dc00a3a2bb4,2026-05-31T18:15:00Z,2026-05-31T20:15:00+0200,5194.49,MW,FR,FR,actual_onshore_wind_generation,Wind Onshore,2026-06-20T01:54:57Z
2026-06-20T01:54:12Z,2026-06-20T03:54:12+0200,c30b8332-6a35-45c7-931f-0dc00a3a2bb4,2026-05-31T18:30:00Z,2026-05-31T20:30:00+0200,4831.35,MW,FR,FR,actual_onshore_wind_generation,Wind Onshore,2026-06-20T01:54:57Z
2026-06-20T01:54:12Z,2026-06-20T03:54:12+0200,c30b8332-6a35-45c7-931f-0dc00a3a2bb4,2026-05-31T18:45:00Z,2026-05-31T20:45:00+0200,4599.99,MW,FR,FR,actual_onshore_wind_generation,Wind Onshore,2026-06-20T01:54:57Z
2026-06-20T01:54:12Z,2026-06-20T03:54:12+0200,c30b8332-6a35-45c7-931f-0dc00a3a2bb4,2026-05-31T19:00:00Z,2026-05-31T21:00:00+0200,4398.3,MW,FR,FR,actual_onshore_wind_generation,Wind Onshore,2026-06-20T01:54:57Z
2026-06-20T01:54:12Z,2026-06-20T03:54:12+0200,c30b8332-6a35-45c7-931f-0dc00a3a2bb4,2026-05-31T19:15:00Z,2026-05-31T21:15:00+0200,4199.21,MW,FR,FR,actual_onshore_wind_generation,Wind Onshore,2026-06-20T01:54:57Z
2026-06-20T01:54:12Z,2026-06-20T03:54:12+0200,c30b8332-6a35-45c7-931f-0dc00a3a2bb4,2026-05-31T19:30:00Z,2026-05-31T21:30:00+0200,4039.9,MW,FR,FR,actual_onshore_wind_generation,Wind Onshore,2026-06-20T01:54:57Z
2026-06-20T01:54:12Z,2026-06-20T03:54:12+0200,c30b8332-6a35-45c7-931f-0dc00a3a2bb4,2026-05-31T19:45:00Z,2026-05-31T21:45:00+0200,3873.01,MW,FR,FR,actual_onshore_wind_generation,Wind Onshore,2026-06-20T01:54:57Z
2026-06-20T01:54:12Z,2026-06-20T03:54:12+0200,c30b8332-6a35-45c7-931f-0dc00a3a2bb4,2026-05-31T20:00:00Z,2026-05-31T22:00:00+0200,3785.35,MW,FR,FR,actual_onshore_wind_generation,Wind Onshore,2026-06-20T01:54:57Z
2026-06-20T01:54:12Z,2026-06-20T03:54:12+0200,c30b8332-6a35-45c7-931f-0dc00a3a2bb4,2026-05-31T20:15:00Z,2026-05-31T22:15:00+0200,3697.51,MW,FR,FR,actual_onshore_wind_generation,Wind Onshore,2026-06-20T01:54:57Z
2026-06-20T01:54:12Z,2026-06-20T03:54:12+0200,c30b8332-6a35-45c7-931f-0dc00a3a2bb4,2026-05-31T20:30:00Z,2026-05-31T22:30:00+0200,3624.51,MW,FR,FR,actual_onshore_wind_generation,Wind Onshore,2026-06-20T01:54:57Z
2026-06-20T01:54:12Z,2026-06-20T03:54:12+0200,c30b8332-6a35-45c7-931f-0dc00a3a2bb4,2026-05-31T20:45:00Z,2026-05-31T22:45:00+0200,3594.48,MW,FR,FR,actual_onshore_wind_generation,Wind Onshore,2026-06-20T01:54:57Z
2026-06-20T01:54:12Z,2026-06-20T03:54:12+0200,c30b8332-6a35-45c7-931f-0dc00a3a2bb4,2026-05-31T21:00:00Z,2026-05-31T23:00:00+0200,3541.56,MW,FR,FR,actual_onshore_wind_generation,Wind Onshore,2026-06-20T01:54:57Z
2026-06-20T01:54:12Z,2026-06-20T03:54:12+0200,c30b8332-6a35-45c7-931f-0dc00a3a2bb4,2026-05-31T21:15:00Z,2026-05-31T23:15:00+0200,3434.24,MW,FR,FR,actual_onshore_wind_generation,Wind Onshore,2026-06-20T01:54:57Z
2026-06-20T01:54:12Z,2026-06-20T03:54:12+0200,c30b8332-6a35-45c7-931f-0dc00a3a2bb4,2026-05-31T21:30:00Z,2026-05-31T23:30:00+0200,3346.66,MW,FR,FR,actual_onshore_wind_generation,Wind Onshore,2026-06-20T01:54:57Z
2026-06-20T01:54:12Z,2026-06-20T03:54:12+0200,c30b8332-6a35-45c7-931f-0dc00a3a2bb4,2026-05-31T21:45:00Z,2026-05-31T23:45:00+0200,3295.37,MW,FR,FR,actual_onshore_wind_generation,Wind Onshore,2026-06-20T01:54:57Z
2026-06-20T01:54:12Z,2026-06-20T03:54:12+0200,c30b8332-6a35-45c7-931f-0dc00a3a2bb4,2026-05-31T22:00:00Z,2026-06-01T00:00:00+0200,3256.82,MW,FR,FR,actual_onshore_wind_generation,Wind Onshore,2026-06-20T01:54:57Z
2026-06-20T01:54:12Z,2026-06-20T03:54:12+0200,c30b8332-6a35-45c7-931f-0dc00a3a2bb4,2026-05-31T22:15:00Z,2026-06-01T00:15:00+0200,3181.79,MW,FR,FR,actual_onshore_wind_generation,Wind Onshore,2026-06-20T01:54:57Z
2026-06-20T01:54:12Z,2026-06-20T03:54:12+0200,c30b8332-6a35-45c7-931f-0dc00a3a2bb4,2026-05-31T22:30:00Z,2026-06-01T00:30:00+0200,3129.32,MW,FR,FR,actual_onshore_wind_generation,Wind Onshore,2026-06-20T01:54:57Z
2026-06-20T01:54:12Z,2026-06-20T03:54:12+0200,c30b8332-6a35-45c7-931f-0dc00a3a2bb4,2026-05-31T22:45:00Z,2026-06-01T00:45:00+0200,3109.85,MW,FR,FR,actual_onshore_wind_generation,Wind Onshore,2026-06-20T01:54:57Z
2026-06-20T01:54:12Z,2026-06-20T03:54:12+0200,c30b8332-6a35-45c7-931f-0dc00a3a2bb4,2026-05-31T23:00:00Z,2026-06-01T01:00:00+0200,2995.57,MW,FR,FR,actual_onshore_wind_generation,Wind Onshore,2026-06-20T01:54:57Z
2026-06-20T01:54:12Z,2026-06-20T03:54:12+0200,c30b8332-6a35-45c7-931f-0dc00a3a2bb4,2026-05-31T23:15:00Z,2026-06-01T01:15:00+0200,2920.2,MW,FR,FR,actual_onshore_wind_generation,Wind Onshore,2026-06-20T01:54:57Z
2026-06-20T01:54:12Z,2026-06-20T03:54:12+0200,c30b8332-6a35-45c7-931f-0dc00a3a2bb4,2026-05-31T23:30:00Z,2026-06-01T01:30:00+0200,2895.11,MW,FR,FR,actual_onshore_wind_generation,Wind Onshore,2026-06-20T01:54:57Z
2026-06-20T01:54:12Z,2026-06-20T03:54:12+0200,c30b8332-6a35-45c7-931f-0dc00a3a2bb4,2026-05-31T23:45:00Z,2026-06-01T01:45:00+0200,2890.43,MW,FR,FR,actual_onshore_wind_generation,Wind Onshore,2026-06-20T01:54:57Z
2026-06-20T01:54:12Z,2026-06-20T03:54:12+0200,c30b8332-6a35-45c7-931f-0dc00a3a2bb4,2026-06-01T00:00:00Z,2026-06-01T02:00:00+0200,2853.34,MW,FR,FR,actual_onshore_wind_generation,Wind Onshore,2026-06-20T01:54:57Z
2026-06-20T01:54:12Z,2026-06-20T03:54:12+0200,c30b8332-6a35-45c7-931f-0dc00a3a2bb4,2026-06-01T00:15:00Z,2026-06-01T02:15:00+0200,2789.8,MW,FR,FR,actual_onshore_wind_generation,Wind Onshore,2026-06-20T01:54:57Z
2026-06-20T01:54:12Z,2026-06-20T03:54:12+0200,c30b8332-6a35-45c7-931f-0dc00a3a2bb4,2026-06-01T00:30:00Z,2026-06-01T02:30:00+0200,2774.4,MW,FR,FR,actual_onshore_wind_generation,Wind Onshore,2026-06-20T01:54:57Z
2026-06-20T01:54:12Z,2026-06-20T03:54:12+0200,c30b8332-6a35-45c7-931f-0dc00a3a2bb4,2026-06-01T00:45:00Z,2026-06-01T02:45:00+0200,2759.23,MW,FR,FR,actual_onshore_wind_generation,Wind Onshore,2026-06-20T01:54:57Z
2026-06-20T01:54:12Z,2026-06-20T03:54:12+0200,c30b8332-6a35-45c7-931f-0dc00a3a2bb4,2026-06-01T01:00:00Z,2026-06-01T03:00:00+0200,2750.74,MW,FR,FR,actual_onshore_wind_generation,Wind Onshore,2026-06-20T01:54:57Z
2026-06-20T01:54:12Z,2026-06-20T03:54:12+0200,c30b8332-6a35-45c7-931f-0dc00a3a2bb4,2026-06-01T01:15:00Z,2026-06-01T03:15:00+0200,2700.0,MW,FR,FR,actual_onshore_wind_generation,Wind Onshore,2026-06-20T01:54:57Z
2026-06-20T01:54:12Z,2026-06-20T03:54:12+0200,c30b8332-6a35-45c7-931f-0dc00a3a2bb4,2026-06-01T01:30:00Z,2026-06-01T03:30:00+0200,2662.04,MW,FR,FR,actual_onshore_wind_generation,Wind Onshore,2026-06-20T01:54:57Z
2026-06-20T01:54:12Z,2026-06-20T03:54:12+0200,c30b8332-6a35-45c7-931f-0dc00a3a2bb4,2026-06-01T01:45:00Z,2026-06-01T03:45:00+0200,2599.34,MW,FR,FR,actual_onshore_wind_generation,Wind Onshore,2026-06-20T01:54:57Z
2026-06-20T01:54:12Z,2026-06-20T03:54:12+0200,c30b8332-6a35-45c7-931f-0dc00a3a2bb4,2026-06-01T02:00:00Z,2026-06-01T04:00:00+0200,2489.88,MW,FR,FR,actual_onshore_wind_generation,Wind Onshore,2026-06-20T01:54:57Z
2026-06-20T01:54:12Z,2026-06-20T03:54:12+0200,c30b8332-6a35-45c7-931f-0dc00a3a2bb4,2026-06-01T02:15:00Z,2026-06-01T04:15:00+0200,2355.46,MW,FR,FR,actual_onshore_wind_generation,Wind Onshore,2026-06-20T01:54:57Z
2026-06-20T01:54:12Z,2026-06-20T03:54:12+0200,c30b8332-6a35-45c7-931f-0dc00a3a2bb4,2026-06-01T02:30:00Z,2026-06-01T04:30:00+0200,2213.98,MW,FR,FR,actual_onshore_wind_generation,Wind Onshore,2026-06-20T01:54:57Z
2026-06-20T01:54:12Z,2026-06-20T03:54:12+0200,c30b8332-6a35-45c7-931f-0dc00a3a2bb4,2026-06-01T02:45:00Z,2026-06-01T04:45:00+0200,2085.05,MW,FR,FR,actual_onshore_wind_generation,Wind Onshore,2026-06-20T01:54:57Z
2026-06-20T01:54:12Z,2026-06-20T03:54:12+0200,c30b8332-6a35-45c7-931f-0dc00a3a2bb4,2026-06-01T03:00:00Z,2026-06-01T05:00:00+0200,1893.01,MW,FR,FR,actual_onshore_wind_generation,Wind Onshore,2026-06-20T01:54:57Z
2026-06-20T01:54:12Z,2026-06-20T03:54:12+0200,c30b8332-6a35-45c7-931f-0dc00a3a2bb4,2026-06-01T03:15:00Z,2026-06-01T05:15:00+0200,1772.29,MW,FR,FR,actual_onshore_wind_generation,Wind Onshore,2026-06-20T01:54:57Z
2026-06-20T01:54:12Z,2026-06-20T03:54:12+0200,c30b8332-6a35-45c7-931f-0dc00a3a2bb4,2026-06-01T03:30:00Z,2026-06-01T05:30:00+0200,1691.47,MW,FR,FR,actual_onshore_wind_generation,Wind Onshore,2026-06-20T01:54:57Z
2026-06-20T01:54:12Z,2026-06-20T03:54:12+0200,c30b8332-6a35-45c7-931f-0dc00a3a2bb4,2026-06-01T03:45:00Z,2026-06-01T05:45:00+0200,1630.37,MW,FR,FR,actual_onshore_wind_generation,Wind Onshore,2026-06-20T01:54:57Z
2026-06-20T01:54:12Z,2026-06-20T03:54:12+0200,c30b8332-6a35-45c7-931f-0dc00a3a2bb4,2026-06-01T04:00:00Z,2026-06-01T06:00:00+0200,1562.21,MW,FR,FR,actual_onshore_wind_generation,Wind Onshore,2026-06-20T01:54:57Z
2026-06-20T01:54:12Z,2026-06-20T03:54:12+0200,c30b8332-6a35-45c7-931f-0dc00a3a2bb4,2026-06-01T04:15:00Z,2026-06-01T06:15:00+0200,1498.16,MW,FR,FR,actual_onshore_wind_generation,Wind Onshore,2026-06-20T01:54:57Z
2026-06-20T01:54:12Z,2026-06-20T03:54:12+0200,c30b8332-6a35-45c7-931f-0dc00a3a2bb4,2026-06-01T04:30:00Z,2026-06-01T06:30:00+0200,1411.57,MW,FR,FR,actual_onshore_wind_generation,Wind Onshore,2026-06-20T01:54:57Z
2026-06-20T01:54:12Z,2026-06-20T03:54:12+0200,c30b8332-6a35-45c7-931f-0dc00a3a2bb4,2026-06-01T04:45:00Z,2026-06-01T06:45:00+0200,1383.08,MW,FR,FR,actual_onshore_wind_generation,Wind Onshore,2026-06-20T01:54:57Z
2026-06-20T01:54:12Z,2026-06-20T03:54:12+0200,c30b8332-6a35-45c7-931f-0dc00a3a2bb4,2026-06-01T05:00:00Z,2026-06-01T07:00:00+0200,1359.54,MW,FR,FR,actual_onshore_wind_generation,Wind Onshore,2026-06-20T01:54:57Z
2026-06-20T01:54:12Z,2026-06-20T03:54:12+0200,c30b8332-6a35-45c7-931f-0dc00a3a2bb4,2026-06-01T05:15:00Z,2026-06-01T07:15:00+0200,1305.86,MW,FR,FR,actual_onshore_wind_generation,Wind Onshore,2026-06-20T01:54:57Z
2026-06-20T01:54:12Z,2026-06-20T03:54:12+0200,c30b8332-6a35-45c7-931f-0dc00a3a2bb4,2026-06-01T05:30:00Z,2026-06-01T07:30:00+0200,1247.46,MW,FR,FR,actual_onshore_wind_generation,Wind Onshore,2026-06-20T01:54:57Z
2026-06-20T01:54:12Z,2026-06-20T03:54:12+0200,c30b8332-6a35-45c7-931f-0dc00a3a2bb4,2026-06-01T05:45:00Z,2026-06-01T07:45:00+0200,1169.59,MW,FR,FR,actual_onshore_wind_generation,Wind Onshore,2026-06-20T01:54:57Z
2026-06-20T01:54:12Z,2026-06-20T03:54:12+0200,c30b8332-6a35-45c7-931f-0dc00a3a2bb4,2026-06-01T06:00:00Z,2026-06-01T08:00:00+0200,1107.2,MW,FR,FR,actual_onshore_wind_generation,Wind Onshore,2026-06-20T01:54:57Z
2026-06-20T01:54:12Z,2026-06-20T03:54:12+0200,c30b8332-6a35-45c7-931f-0dc00a3a2bb4,2026-06-01T06:15:00Z,2026-06-01T08:15:00+0200,1073.19,MW,FR,FR,actual_onshore_wind_generation,Wind Onshore,2026-06-20T01:54:57Z
2026-06-20T01:54:12Z,2026-06-20T03:54:12+0200,c30b8332-6a35-45c7-931f-0dc00a3a2bb4,2026-06-01T06:30:00Z,2026-06-01T08:30:00+0200,1048.35,MW,FR,FR,actual_onshore_wind_generation,Wind Onshore,2026-06-20T01:54:57Z
2026-06-20T01:54:12Z,2026-06-20T03:54:12+0200,c30b8332-6a35-45c7-931f-0dc00a3a2bb4,2026-06-01T06:45:00Z,2026-06-01T08:45:00+0200,1064.79,MW,FR,FR,actual_onshore_wind_generation,Wind Onshore,2026-06-20T01:54:57Z
2026-06-20T01:54:12Z,2026-06-20T03:54:12+0200,c30b8332-6a35-45c7-931f-0dc00a3a2bb4,2026-06-01T07:00:00Z,2026-06-01T09:00:00+0200,1069.63,MW,FR,FR,actual_onshore_wind_generation,Wind Onshore,2026-06-20T01:54:57Z
2026-06-20T01:54:12Z,2026-06-20T03:54:12+0200,c30b8332-6a35-45c7-931f-0dc00a3a2bb4,2026-06-01T07:15:00Z,2026-06-01T09:15:00+0200,1099.28,MW,FR,FR,actual_onshore_wind_generation,Wind Onshore,2026-06-20T01:54:57Z
2026-06-20T01:54:12Z,2026-06-20T03:54:12+0200,c30b8332-6a35-45c7-931f-0dc00a3a2bb4,2026-06-01T07:30:00Z,2026-06-01T09:30:00+0200,1107.48,MW,FR,FR,actual_onshore_wind_generation,Wind Onshore,2026-06-20T01:54:57Z
2026-06-20T01:54:12Z,2026-06-20T03:54:12+0200,c30b8332-6a35-45c7-931f-0dc00a3a2bb4,2026-06-01T07:45:00Z,2026-06-01T09:45:00+0200,1105.26,MW,FR,FR,actual_onshore_wind_generation,Wind Onshore,2026-06-20T01:54:57Z
2026-06-20T01:54:12Z,2026-06-20T03:54:12+0200,c30b8332-6a35-45c7-931f-0dc00a3a2bb4,2026-06-01T08:00:00Z,2026-06-01T10:00:00+0200,1079.58,MW,FR,FR,actual_onshore_wind_generation,Wind Onshore,2026-06-20T01:54:57Z
2026-06-20T01:54:12Z,2026-06-20T03:54:12+0200,c30b8332-6a35-45c7-931f-0dc00a3a2bb4,2026-06-01T08:15:00Z,2026-06-01T10:15:00+0200,1084.36,MW,FR,FR,actual_onshore_wind_generation,Wind Onshore,2026-06-20T01:54:57Z
2026-06-20T01:54:12Z,2026-06-20T03:54:12+0200,c30b8332-6a35-45c7-931f-0dc00a3a2bb4,2026-06-01T08:30:00Z,2026-06-01T10:30:00+0200,1103.1,MW,FR,FR,actual_onshore_wind_generation,Wind Onshore,2026-06-20T01:54:57Z
2026-06-20T01:54:12Z,2026-06-20T03:54:12+0200,c30b8332-6a35-45c7-931f-0dc00a3a2bb4,2026-06-01T08:45:00Z,2026-06-01T10:45:00+0200,1151.73,MW,FR,FR,actual_onshore_wind_generation,Wind Onshore,2026-06-20T01:54:57Z
2026-06-20T01:54:12Z,2026-06-20T03:54:12+0200,c30b8332-6a35-45c7-931f-0dc00a3a2bb4,2026-06-01T09:00:00Z,2026-06-01T11:00:00+0200,1181.41,MW,FR,FR,actual_onshore_wind_generation,Wind Onshore,2026-06-20T01:54:57Z
2026-06-20T01:54:12Z,2026-06-20T03:54:12+0200,c30b8332-6a35-45c7-931f-0dc00a3a2bb4,2026-06-01T09:15:00Z,2026-06-01T11:15:00+0200,1188.63,MW,FR,FR,actual_onshore_wind_generation,Wind Onshore,2026-06-20T01:54:57Z
2026-06-20T01:54:12Z,2026-06-20T03:54:12+0200,c30b8332-6a35-45c7-931f-0dc00a3a2bb4,2026-06-01T09:30:00Z,2026-06-01T11:30:00+0200,1181.65,MW,FR,FR,actual_onshore_wind_generation,Wind Onshore,2026-06-20T01:54:57Z
2026-06-20T01:54:12Z,2026-06-20T03:54:12+0200,c30b8332-6a35-45c7-931f-0dc00a3a2bb4,2026-06-01T09:45:00Z,2026-06-01T11:45:00+0200,1173.8,MW,FR,FR,actual_onshore_wind_generation,Wind Onshore,2026-06-20T01:54:57Z
2026-06-20T01:54:12Z,2026-06-20T03:54:12+0200,c30b8332-6a35-45c7-931f-0dc00a3a2bb4,2026-06-01T10:00:00Z,2026-06-01T12:00:00+0200,1195.97,MW,FR,FR,actual_onshore_wind_generation,Wind Onshore,2026-06-20T01:54:57Z
2026-06-20T01:54:12Z,2026-06-20T03:54:12+0200,c30b8332-6a35-45c7-931f-0dc00a3a2bb4,2026-06-01T10:15:00Z,2026-06-01T12:15:00+0200,1219.06,MW,FR,FR,actual_onshore_wind_generation,Wind Onshore,2026-06-20T01:54:57Z
2026-06-20T01:54:12Z,2026-06-20T03:54:12+0200,c30b8332-6a35-45c7-931f-0dc00a3a2bb4,2026-06-01T10:30:00Z,2026-06-01T12:30:00+0200,1260.75,MW,FR,FR,actual_onshore_wind_generation,Wind Onshore,2026-06-20T01:54:57Z
2026-06-20T01:54:12Z,2026-06-20T03:54:12+0200,c30b8332-6a35-45c7-931f-0dc00a3a2bb4,2026-06-01T10:45:00Z,2026-06-01T12:45:00+0200,1293.78,MW,FR,FR,actual_onshore_wind_generation,Wind Onshore,2026-06-20T01:54:57Z
2026-06-20T01:54:12Z,2026-06-20T03:54:12+0200,c30b8332-6a35-45c7-931f-0dc00a3a2bb4,2026-06-01T11:00:00Z,2026-06-01T13:00:00+0200,1292.51,MW,FR,FR,actual_onshore_wind_generation,Wind Onshore,2026-06-20T01:54:57Z
2026-06-20T01:54:12Z,2026-06-20T03:54:12+0200,c30b8332-6a35-45c7-931f-0dc00a3a2bb4,2026-06-01T11:15:00Z,2026-06-01T13:15:00+0200,1301.79,MW,FR,FR,actual_onshore_wind_generation,Wind Onshore,2026-06-20T01:54:57Z
2026-06-20T01:54:12Z,2026-06-20T03:54:12+0200,c30b8332-6a35-45c7-931f-0dc00a3a2bb4,2026-06-01T11:30:00Z,2026-06-01T13:30:00+0200,1313.44,MW,FR,FR,actual_onshore_wind_generation,Wind Onshore,2026-06-20T01:54:57Z
2026-06-20T01:54:12Z,2026-06-20T03:54:12+0200,c30b8332-6a35-45c7-931f-0dc00a3a2bb4,2026-06-01T11:45:00Z,2026-06-01T13:45:00+0200,1260.26,MW,FR,FR,actual_onshore_wind_generation,Wind Onshore,2026-06-20T01:54:57Z
2026-06-20T01:54:12Z,2026-06-20T03:54:12+0200,c30b8332-6a35-45c7-931f-0dc00a3a2bb4,2026-06-01T12:00:00Z,2026-06-01T14:00:00+0200,1221.29,MW,FR,FR,actual_onshore_wind_generation,Wind Onshore,2026-06-20T01:54:57Z
2026-06-20T01:54:12Z,2026-06-20T03:54:12+0200,c30b8332-6a35-45c7-931f-0dc00a3a2bb4,2026-06-01T12:15:00Z,2026-06-01T14:15:00+0200,1214.77,MW,FR,FR,actual_onshore_wind_generation,Wind Onshore,2026-06-20T01:54:57Z
2026-06-20T01:54:12Z,2026-06-20T03:54:12+0200,c30b8332-6a35-45c7-931f-0dc00a3a2bb4,2026-06-01T12:30:00Z,2026-06-01T14:30:00+0200,1193.69,MW,FR,FR,actual_onshore_wind_generation,Wind Onshore,2026-06-20T01:54:57Z
2026-06-20T01:54:12Z,2026-06-20T03:54:12+0200,c30b8332-6a35-45c7-931f-0dc00a3a2bb4,2026-06-01T12:45:00Z,2026-06-01T14:45:00+0200,1204.95,MW,FR,FR,actual_onshore_wind_generation,Wind Onshore,2026-06-20T01:54:57Z
2026-06-20T01:54:12Z,2026-06-20T03:54:12+0200,c30b8332-6a35-45c7-931f-0dc00a3a2bb4,2026-06-01T13:00:00Z,2026-06-01T15:00:00+0200,1251.62,MW,FR,FR,actual_onshore_wind_generation,Wind Onshore,2026-06-20T01:54:57Z
2026-06-20T01:54:12Z,2026-06-20T03:54:12+0200,c30b8332-6a35-45c7-931f-0dc00a3a2bb4,2026-06-01T13:15:00Z,2026-06-01T15:15:00+0200,1291.51,MW,FR,FR,actual_onshore_wind_generation,Wind Onshore,2026-06-20T01:54:57Z
2026-06-20T01:54:12Z,2026-06-20T03:54:12+0200,c30b8332-6a35-45c7-931f-0dc00a3a2bb4,2026-06-01T13:30:00Z,2026-06-01T15:30:00+0200,1340.49,MW,FR,FR,actual_onshore_wind_generation,Wind Onshore,2026-06-20T01:54:57Z
2026-06-20T01:54:12Z,2026-06-20T03:54:12+0200,c30b8332-6a35-45c7-931f-0dc00a3a2bb4,2026-06-01T13:45:00Z,2026-06-01T15:45:00+0200,1391.95,MW,FR,FR,actual_onshore_wind_generation,Wind Onshore,2026-06-20T01:54:57Z
2026-06-20T01:54:12Z,2026-06-20T03:54:12+0200,c30b8332-6a35-45c7-931f-0dc00a3a2bb4,2026-06-01T14:00:00Z,2026-06-01T16:00:00+0200,1434.09,MW,FR,FR,actual_onshore_wind_generation,Wind Onshore,2026-06-20T01:54:57Z
2026-06-20T01:54:12Z,2026-06-20T03:54:12+0200,c30b8332-6a35-45c7-931f-0dc00a3a2bb4,2026-06-01T14:15:00Z,2026-06-01T16:15:00+0200,1468.49,MW,FR,FR,actual_onshore_wind_generation,Wind Onshore,2026-06-20T01:54:57Z
2026-06-20T01:54:12Z,2026-06-20T03:54:12+0200,c30b8332-6a35-45c7-931f-0dc00a3a2bb4,2026-06-01T14:30:00Z,2026-06-01T16:30:00+0200,1488.0,MW,FR,FR,actual_onshore_wind_generation,Wind Onshore,2026-06-20T01:54:57Z
2026-06-20T01:54:12Z,2026-06-20T03:54:12+0200,c30b8332-6a35-45c7-931f-0dc00a3a2bb4,2026-06-01T14:45:00Z,2026-06-01T16:45:00+0200,1514.14,MW,FR,FR,actual_onshore_wind_generation,Wind Onshore,2026-06-20T01:54:57Z
2026-06-20T01:54:12Z,2026-06-20T03:54:12+0200,c30b8332-6a35-45c7-931f-0dc00a3a2bb4,2026-06-01T15:00:00Z,2026-06-01T17:00:00+0200,1557.44,MW,FR,FR,actual_onshore_wind_generation,Wind Onshore,2026-06-20T01:54:57Z
2026-06-20T01:54:12Z,2026-06-20T03:54:12+0200,c30b8332-6a35-45c7-931f-0dc00a3a2bb4,2026-06-01T15:15:00Z,2026-06-01T17:15:00+0200,1612.39,MW,FR,FR,actual_onshore_wind_generation,Wind Onshore,2026-06-20T01:54:57Z
2026-06-20T01:54:12Z,2026-06-20T03:54:12+0200,c30b8332-6a35-45c7-931f-0dc00a3a2bb4,2026-06-01T15:30:00Z,2026-06-01T17:30:00+0200,1609.56,MW,FR,FR,actual_onshore_wind_generation,Wind Onshore,2026-06-20T01:54:57Z
2026-06-20T01:54:12Z,2026-06-20T03:54:12+0200,c30b8332-6a35-45c7-931f-0dc00a3a2bb4,2026-06-01T15:45:00Z,2026-06-01T17:45:00+0200,1626.36,MW,FR,FR,actual_onshore_wind_generation,Wind Onshore,2026-06-20T01:54:57Z
2026-06-20T01:54:12Z,2026-06-20T03:54:12+0200,c30b8332-6a35-45c7-931f-0dc00a3a2bb4,2026-06-01T16:00:00Z,2026-06-01T18:00:00+0200,1681.73,MW,FR,FR,actual_onshore_wind_generation,Wind Onshore,2026-06-20T01:54:57Z
2026-06-20T01:54:12Z,2026-06-20T03:54:12+0200,c30b8332-6a35-45c7-931f-0dc00a3a2bb4,2026-06-01T16:15:00Z,2026-06-01T18:15:00+0200,1702.25,MW,FR,FR,actual_onshore_wind_generation,Wind Onshore,2026-06-20T01:54:57Z
2026-06-20T01:54:12Z,2026-06-20T03:54:12+0200,c30b8332-6a35-45c7-931f-0dc00a3a2bb4,2026-06-01T16:30:00Z,2026-06-01T18:30:00+0200,1688.92,MW,FR,FR,actual_onshore_wind_generation,Wind Onshore,2026-06-20T01:54:57Z
2026-06-20T01:54:12Z,2026-06-20T03:54:12+0200,c30b8332-6a35-45c7-931f-0dc00a3a2bb4,2026-06-01T16:45:00Z,2026-06-01T18:45:00+0200,1705.85,MW,FR,FR,actual_onshore_wind_generation,Wind Onshore,2026-06-20T01:54:57Z
2026-06-20T01:54:12Z,2026-06-20T03:54:12+0200,c30b8332-6a35-45c7-931f-0dc00a3a2bb4,2026-06-01T17:00:00Z,2026-06-01T19:00:00+0200,1749.01,MW,FR,FR,actual_onshore_wind_generation,Wind Onshore,2026-06-20T01:54:57Z
2026-06-20T01:54:12Z,2026-06-20T03:54:12+0200,c30b8332-6a35-45c7-931f-0dc00a3a2bb4,2026-06-01T17:15:00Z,2026-06-01T19:15:00+0200,1774.5,MW,FR,FR,actual_onshore_wind_generation,Wind Onshore,2026-06-20T01:54:57Z
2026-06-20T01:54:12Z,2026-06-20T03:54:12+0200,c30b8332-6a35-45c7-931f-0dc00a3a2bb4,2026-06-01T17:30:00Z,2026-06-01T19:30:00+0200,1751.57,MW,FR,FR,actual_onshore_wind_generation,Wind Onshore,2026-06-20T01:54:57Z
2026-06-20T01:54:12Z,2026-06-20T03:54:12+0200,c30b8332-6a35-45c7-931f-0dc00a3a2bb4,2026-06-01T17:45:00Z,2026-06-01T19:45:00+0200,1741.32,MW,FR,FR,actual_onshore_wind_generation,Wind Onshore,2026-06-20T01:54:57Z
2026-06-20T01:54:12Z,2026-06-20T03:54:12+0200,c30b8332-6a35-45c7-931f-0dc00a3a2bb4,2026-06-01T18:00:00Z,2026-06-01T20:00:00+0200,1716.94,MW,FR,FR,actual_onshore_wind_generation,Wind Onshore,2026-06-20T01:54:57Z
2026-06-20T01:54:12Z,2026-06-20T03:54:12+0200,c30b8332-6a35-45c7-931f-0dc00a3a2bb4,2026-06-01T18:15:00Z,2026-06-01T20:15:00+0200,1655.75,MW,FR,FR,actual_onshore_wind_generation,Wind Onshore,2026-06-20T01:54:57Z
2026-06-20T01:54:12Z,2026-06-20T03:54:12+0200,c30b8332-6a35-45c7-931f-0dc00a3a2bb4,2026-06-01T18:30:00Z,2026-06-01T20:30:00+0200,1587.06,MW,FR,FR,actual_onshore_wind_generation,Wind Onshore,2026-06-20T01:54:57Z
2026-06-20T01:54:12Z,2026-06-20T03:54:12+0200,c30b8332-6a35-45c7-931f-0dc00a3a2bb4,2026-06-01T18:45:00Z,2026-06-01T20:45:00+0200,1484.11,MW,FR,FR,actual_onshore_wind_generation,Wind Onshore,2026-06-20T01:54:57Z
2026-06-20T01:54:12Z,2026-06-20T03:54:12+0200,c30b8332-6a35-45c7-931f-0dc00a3a2bb4,2026-06-01T19:00:00Z,2026-06-01T21:00:00+0200,1460.48,MW,FR,FR,actual_onshore_wind_generation,Wind Onshore,2026-06-20T01:54:57Z
2026-06-20T01:54:12Z,2026-06-20T03:54:12+0200,c30b8332-6a35-45c7-931f-0dc00a3a2bb4,2026-06-01T19:15:00Z,2026-06-01T21:15:00+0200,1510.61,MW,FR,FR,actual_onshore_wind_generation,Wind Onshore,2026-06-20T01:54:57Z
2026-06-20T01:54:12Z,2026-06-20T03:54:12+0200,c30b8332-6a35-45c7-931f-0dc00a3a2bb4,2026-06-01T19:30:00Z,2026-06-01T21:30:00+0200,1500.51,MW,FR,FR,actual_onshore_wind_generation,Wind Onshore,2026-06-20T01:54:57Z
2026-06-20T01:54:12Z,2026-06-20T03:54:12+0200,c30b8332-6a35-45c7-931f-0dc00a3a2bb4,2026-06-01T19:45:00Z,2026-06-01T21:45:00+0200,1460.01,MW,FR,FR,actual_onshore_wind_generation,Wind Onshore,2026-06-20T01:54:57Z
2026-06-20T01:54:12Z,2026-06-20T03:54:12+0200,c30b8332-6a35-45c7-931f-0dc00a3a2bb4,2026-06-01T20:00:00Z,2026-06-01T22:00:00+0200,1436.72,MW,FR,FR,actual_onshore_wind_generation,Wind Onshore,2026-06-20T01:54:57Z
2026-06-20T01:54:12Z,2026-06-20T03:54:12+0200,c30b8332-6a35-45c7-931f-0dc00a3a2bb4,2026-06-01T20:15:00Z,2026-06-01T22:15:00+0200,1499.34,MW,FR,FR,actual_onshore_wind_generation,Wind Onshore,2026-06-20T01:54:57Z
2026-06-20T01:54:12Z,2026-06-20T03:54:12+0200,c30b8332-6a35-45c7-931f-0dc00a3a2bb4,2026-06-01T20:30:00Z,2026-06-01T22:30:00+0200,1529.39,MW,FR,FR,actual_onshore_wind_generation,Wind Onshore,2026-06-20T01:54:57Z
2026-06-20T01:54:12Z,2026-06-20T03:54:12+0200,c30b8332-6a35-45c7-931f-0dc00a3a2bb4,2026-06-01T20:45:00Z,2026-06-01T22:45:00+0200,1570.06,MW,FR,FR,actual_onshore_wind_generation,Wind Onshore,2026-06-20T01:54:57Z
2026-06-20T01:54:12Z,2026-06-20T03:54:12+0200,c30b8332-6a35-45c7-931f-0dc00a3a2bb4,2026-06-01T21:00:00Z,2026-06-01T23:00:00+0200,1636.86,MW,FR,FR,actual_onshore_wind_generation,Wind Onshore,2026-06-20T01:54:57Z
2026-06-20T01:54:12Z,2026-06-20T03:54:12+0200,c30b8332-6a35-45c7-931f-0dc00a3a2bb4,2026-06-01T21:15:00Z,2026-06-01T23:15:00+0200,1687.82,MW,FR,FR,actual_onshore_wind_generation,Wind Onshore,2026-06-20T01:54:57Z
2026-06-20T01:54:12Z,2026-06-20T03:54:12+0200,c30b8332-6a35-45c7-931f-0dc00a3a2bb4,2026-06-01T21:30:00Z,2026-06-01T23:30:00+0200,1716.84,MW,FR,FR,actual_onshore_wind_generation,Wind Onshore,2026-06-20T01:54:57Z
2026-06-20T01:54:12Z,2026-06-20T03:54:12+0200,c30b8332-6a35-45c7-931f-0dc00a3a2bb4,2026-06-01T21:45:00Z,2026-06-01T23:45:00+0200,1854.92,MW,FR,FR,actual_onshore_wind_generation,Wind Onshore,2026-06-20T01:54:57Z
2026-06-20T01:54:12Z,2026-06-20T03:54:12+0200,c30b8332-6a35-45c7-931f-0dc00a3a2bb4,2026-06-01T22:00:00Z,2026-06-02T00:00:00+0200,2037.75,MW,FR,FR,actual_onshore_wind_generation,Wind Onshore,2026-06-20T01:54:57Z
2026-06-20T01:54:12Z,2026-06-20T03:54:12+0200,c30b8332-6a35-45c7-931f-0dc00a3a2bb4,2026-06-01T22:15:00Z,2026-06-02T00:15:00+0200,2192.8,MW,FR,FR,actual_onshore_wind_generation,Wind Onshore,2026-06-20T01:54:57Z
2026-06-20T01:54:12Z,2026-06-20T03:54:12+0200,c30b8332-6a35-45c7-931f-0dc00a3a2bb4,2026-06-01T22:30:00Z,2026-06-02T00:30:00+0200,2254.92,MW,FR,FR,actual_onshore_wind_generation,Wind Onshore,2026-06-20T01:54:57Z
2026-06-20T01:54:12Z,2026-06-20T03:54:12+0200,c30b8332-6a35-45c7-931f-0dc00a3a2bb4,2026-06-01T22:45:00Z,2026-06-02T00:45:00+0200,2318.42,MW,FR,FR,actual_onshore_wind_generation,Wind Onshore,2026-06-20T01:54:57Z
2026-06-20T01:54:12Z,2026-06-20T03:54:12+0200,c30b8332-6a35-45c7-931f-0dc00a3a2bb4,2026-06-01T23:00:00Z,2026-06-02T01:00:00+0200,2509.1,MW,FR,FR,actual_onshore_wind_generation,Wind Onshore,2026-06-20T01:54:57Z
2026-06-20T01:54:12Z,2026-06-20T03:54:12+0200,c30b8332-6a35-45c7-931f-0dc00a3a2bb4,2026-06-01T23:15:00Z,2026-06-02T01:15:00+0200,2753.01,MW,FR,FR,actual_onshore_wind_generation,Wind Onshore,2026-06-20T01:54:57Z
2026-06-20T01:54:12Z,2026-06-20T03:54:12+0200,c30b8332-6a35-45c7-931f-0dc00a3a2bb4,2026-06-01T23:30:00Z,2026-06-02T01:30:00+0200,2859.9,MW,FR,FR,actual_onshore_wind_generation,Wind Onshore,2026-06-20T01:54:57Z
2026-06-20T01:54:12Z,2026-06-20T03:54:12+0200,c30b8332-6a35-45c7-931f-0dc00a3a2bb4,2026-06-01T23:45:00Z,2026-06-02T01:45:00+0200,3086.35,MW,FR,FR,actual_onshore_wind_generation,Wind Onshore,2026-06-20T01:54:57Z
2026-06-20T01:54:12Z,2026-06-20T03:54:12+0200,c30b8332-6a35-45c7-931f-0dc00a3a2bb4,2026-06-02T00:00:00Z,2026-06-02T02:00:00+0200,3104.35,MW,FR,FR,actual_onshore_wind_generation,Wind Onshore,2026-06-20T01:54:57Z
2026-06-20T01:54:12Z,2026-06-20T03:54:12+0200,c30b8332-6a35-45c7-931f-0dc00a3a2bb4,2026-06-02T00:15:00Z,2026-06-02T02:15:00+0200,3195.7,MW,FR,FR,actual_onshore_wind_generation,Wind Onshore,2026-06-20T01:54:57Z
2026-06-20T01:54:12Z,2026-06-20T03:54:12+0200,c30b8332-6a35-45c7-931f-0dc00a3a2bb4,2026-06-02T00:30:00Z,2026-06-02T02:30:00+0200,3304.77,MW,FR,FR,actual_onshore_wind_generation,Wind Onshore,2026-06-20T01:54:57Z
2026-06-20T01:54:12Z,2026-06-20T03:54:12+0200,c30b8332-6a35-45c7-931f-0dc00a3a2bb4,2026-06-02T00:45:00Z,2026-06-02T02:45:00+0200,3505.75,MW,FR,FR,actual_onshore_wind_generation,Wind Onshore,2026-06-20T01:54:57Z
2026-06-20T01:54:12Z,2026-06-20T03:54:12+0200,c30b8332-6a35-45c7-931f-0dc00a3a2bb4,2026-06-02T01:00:00Z,2026-06-02T03:00:00+0200,3670.3,MW,FR,FR,actual_onshore_wind_generation,Wind Onshore,2026-06-20T01:54:57Z
2026-06-20T01:54:12Z,2026-06-20T03:54:12+0200,c30b8332-6a35-45c7-931f-0dc00a3a2bb4,2026-06-02T01:15:00Z,2026-06-02T03:15:00+0200,3870.52,MW,FR,FR,actual_onshore_wind_generation,Wind Onshore,2026-06-20T01:54:57Z
2026-06-20T01:54:12Z,2026-06-20T03:54:12+0200,c30b8332-6a35-45c7-931f-0dc00a3a2bb4,2026-06-02T01:30:00Z,2026-06-02T03:30:00+0200,3941.83,MW,FR,FR,actual_onshore_wind_generation,Wind Onshore,2026-06-20T01:54:57Z
2026-06-20T01:54:12Z,2026-06-20T03:54:12+0200,c30b8332-6a35-45c7-931f-0dc00a3a2bb4,2026-06-02T01:45:00Z,2026-06-02T03:45:00+0200,4010.34,MW,FR,FR,actual_onshore_wind_generation,Wind Onshore,2026-06-20T01:54:57Z
2026-06-20T01:54:12Z,2026-06-20T03:54:12+0200,c30b8332-6a35-45c7-931f-0dc00a3a2bb4,2026-06-02T02:00:00Z,2026-06-02T04:00:00+0200,4084.93,MW,FR,FR,actual_onshore_wind_generation,Wind Onshore,2026-06-20T01:54:57Z
2026-06-20T01:54:12Z,2026-06-20T03:54:12+0200,c30b8332-6a35-45c7-931f-0dc00a3a2bb4,2026-06-02T02:15:00Z,2026-06-02T04:15:00+0200,4171.41,MW,FR,FR,actual_onshore_wind_generation,Wind Onshore,2026-06-20T01:54:57Z
2026-06-20T01:54:12Z,2026-06-20T03:54:12+0200,c30b8332-6a35-45c7-931f-0dc00a3a2bb4,2026-06-02T02:30:00Z,2026-06-02T04:30:00+0200,4123.27,MW,FR,FR,actual_onshore_wind_generation,Wind Onshore,2026-06-20T01:54:57Z
2026-06-20T01:54:12Z,2026-06-20T03:54:12+0200,c30b8332-6a35-45c7-931f-0dc00a3a2bb4,2026-06-02T02:45:00Z,2026-06-02T04:45:00+0200,4150.32,MW,FR,FR,actual_onshore_wind_generation,Wind Onshore,2026-06-20T01:54:57Z
2026-06-20T01:54:12Z,2026-06-20T03:54:12+0200,c30b8332-6a35-45c7-931f-0dc00a3a2bb4,2026-06-02T03:00:00Z,2026-06-02T05:00:00+0200,4276.26,MW,FR,FR,actual_onshore_wind_generation,Wind Onshore,2026-06-20T01:54:57Z
2026-06-20T01:54:12Z,2026-06-20T03:54:12+0200,c30b8332-6a35-45c7-931f-0dc00a3a2bb4,2026-06-02T03:15:00Z,2026-06-02T05:15:00+0200,4343.23,MW,FR,FR,actual_onshore_wind_generation,Wind Onshore,2026-06-20T01:54:57Z
2026-06-20T01:54:12Z,2026-06-20T03:54:12+0200,c30b8332-6a35-45c7-931f-0dc00a3a2bb4,2026-06-02T03:30:00Z,2026-06-02T05:30:00+0200,4446.7,MW,FR,FR,actual_onshore_wind_generation,Wind Onshore,2026-06-20T01:54:57Z
2026-06-20T01:54:12Z,2026-06-20T03:54:12+0200,c30b8332-6a35-45c7-931f-0dc00a3a2bb4,2026-06-02T03:45:00Z,2026-06-02T05:45:00+0200,4498.55,MW,FR,FR,actual_onshore_wind_generation,Wind Onshore,2026-06-20T01:54:57Z
2026-06-20T01:54:12Z,2026-06-20T03:54:12+0200,c30b8332-6a35-45c7-931f-0dc00a3a2bb4,2026-06-02T04:00:00Z,2026-06-02T06:00:00+0200,4660.8,MW,FR,FR,actual_onshore_wind_generation,Wind Onshore,2026-06-20T01:54:57Z
2026-06-20T01:54:12Z,2026-06-20T03:54:12+0200,c30b8332-6a35-45c7-931f-0dc00a3a2bb4,2026-06-02T04:15:00Z,2026-06-02T06:15:00+0200,4809.35,MW,FR,FR,actual_onshore_wind_generation,Wind Onshore,2026-06-20T01:54:57Z
2026-06-20T01:54:12Z,2026-06-20T03:54:12+0200,c30b8332-6a35-45c7-931f-0dc00a3a2bb4,2026-06-02T04:30:00Z,2026-06-02T06:30:00+0200,5011.26,MW,FR,FR,actual_onshore_wind_generation,Wind Onshore,2026-06-20T01:54:57Z
2026-06-20T01:54:12Z,2026-06-20T03:54:12+0200,c30b8332-6a35-45c7-931f-0dc00a3a2bb4,2026-06-02T04:45:00Z,2026-06-02T06:45:00+0200,5144.48,MW,FR,FR,actual_onshore_wind_generation,Wind Onshore,2026-06-20T01:54:57Z
2026-06-20T01:54:12Z,2026-06-20T03:54:12+0200,c30b8332-6a35-45c7-931f-0dc00a3a2bb4,2026-06-02T05:00:00Z,2026-06-02T07:00:00+0200,5194.81,MW,FR,FR,actual_onshore_wind_generation,Wind Onshore,2026-06-20T01:54:57Z
2026-06-20T01:54:12Z,2026-06-20T03:54:12+0200,c30b8332-6a35-45c7-931f-0dc00a3a2bb4,2026-06-02T05:15:00Z,2026-06-02T07:15:00+0200,5278.29,MW,FR,FR,actual_onshore_wind_generation,Wind Onshore,2026-06-20T01:54:57Z
2026-06-20T01:54:12Z,2026-06-20T03:54:12+0200,c30b8332-6a35-45c7-931f-0dc00a3a2bb4,2026-06-02T05:30:00Z,2026-06-02T07:30:00+0200,5177.85,MW,FR,FR,actual_onshore_wind_generation,Wind Onshore,2026-06-20T01:54:57Z
2026-06-20T01:54:12Z,2026-06-20T03:54:12+0200,c30b8332-6a35-45c7-931f-0dc00a3a2bb4,2026-06-02T05:45:00Z,2026-06-02T07:45:00+0200,5098.4,MW,FR,FR,actual_onshore_wind_generation,Wind Onshore,2026-06-20T01:54:57Z
2026-06-20T01:54:12Z,2026-06-20T03:54:12+0200,c30b8332-6a35-45c7-931f-0dc00a3a2bb4,2026-06-02T06:00:00Z,2026-06-02T08:00:00+0200,5052.83,MW,FR,FR,actual_onshore_wind_generation,Wind Onshore,2026-06-20T01:54:57Z
2026-06-20T01:54:12Z,2026-06-20T03:54:12+0200,c30b8332-6a35-45c7-931f-0dc00a3a2bb4,2026-06-02T06:15:00Z,2026-06-02T08:15:00+0200,4943.59,MW,FR,FR,actual_onshore_wind_generation,Wind Onshore,2026-06-20T01:54:57Z
2026-06-20T01:54:12Z,2026-06-20T03:54:12+0200,c30b8332-6a35-45c7-931f-0dc00a3a2bb4,2026-06-02T06:30:00Z,2026-06-02T08:30:00+0200,4832.57,MW,FR,FR,actual_onshore_wind_generation,Wind Onshore,2026-06-20T01:54:57Z
2026-06-20T01:54:12Z,2026-06-20T03:54:12+0200,c30b8332-6a35-45c7-931f-0dc00a3a2bb4,2026-06-02T06:45:00Z,2026-06-02T08:45:00+0200,4857.5,MW,FR,FR,actual_onshore_wind_generation,Wind Onshore,2026-06-20T01:54:57Z
2026-06-20T01:54:12Z,2026-06-20T03:54:12+0200,c30b8332-6a35-45c7-931f-0dc00a3a2bb4,2026-06-02T07:00:00Z,2026-06-02T09:00:00+0200,5027.15,MW,FR,FR,actual_onshore_wind_generation,Wind Onshore,2026-06-20T01:54:57Z
2026-06-20T01:54:12Z,2026-06-20T03:54:12+0200,c30b8332-6a35-45c7-931f-0dc00a3a2bb4,2026-06-02T07:15:00Z,2026-06-02T09:15:00+0200,5232.16,MW,FR,FR,actual_onshore_wind_generation,Wind Onshore,2026-06-20T01:54:57Z
2026-06-20T01:54:12Z,2026-06-20T03:54:12+0200,c30b8332-6a35-45c7-931f-0dc00a3a2bb4,2026-06-02T07:30:00Z,2026-06-02T09:30:00+0200,5334.96,MW,FR,FR,actual_onshore_wind_generation,Wind Onshore,2026-06-20T01:54:57Z
2026-06-20T01:54:12Z,2026-06-20T03:54:12+0200,c30b8332-6a35-45c7-931f-0dc00a3a2bb4,2026-06-02T07:45:00Z,2026-06-02T09:45:00+0200,5571.32,MW,FR,FR,actual_onshore_wind_generation,Wind Onshore,2026-06-20T01:54:57Z
2026-06-20T01:54:12Z,2026-06-20T03:54:12+0200,c30b8332-6a35-45c7-931f-0dc00a3a2bb4,2026-06-02T08:00:00Z,2026-06-02T10:00:00+0200,6360.09,MW,FR,FR,actual_onshore_wind_generation,Wind Onshore,2026-06-20T01:54:57Z
2026-06-20T01:54:12Z,2026-06-20T03:54:12+0200,c30b8332-6a35-45c7-931f-0dc00a3a2bb4,2026-06-02T08:15:00Z,2026-06-02T10:15:00+0200,7004.47,MW,FR,FR,actual_onshore_wind_generation,Wind Onshore,2026-06-20T01:54:57Z
2026-06-20T01:54:12Z,2026-06-20T03:54:12+0200,c30b8332-6a35-45c7-931f-0dc00a3a2bb4,2026-06-02T08:30:00Z,2026-06-02T10:30:00+0200,7133.69,MW,FR,FR,actual_onshore_wind_generation,Wind Onshore,2026-06-20T01:54:57Z
2026-06-20T01:54:12Z,2026-06-20T03:54:12+0200,c30b8332-6a35-45c7-931f-0dc00a3a2bb4,2026-06-02T08:45:00Z,2026-06-02T10:45:00+0200,7972.29,MW,FR,FR,actual_onshore_wind_generation,Wind Onshore,2026-06-20T01:54:57Z
2026-06-20T01:54:12Z,2026-06-20T03:54:12+0200,c30b8332-6a35-45c7-931f-0dc00a3a2bb4,2026-06-02T09:00:00Z,2026-06-02T11:00:00+0200,8296.12,MW,FR,FR,actual_onshore_wind_generation,Wind Onshore,2026-06-20T01:54:57Z
2026-06-20T01:54:12Z,2026-06-20T03:54:12+0200,c30b8332-6a35-45c7-931f-0dc00a3a2bb4,2026-06-02T09:15:00Z,2026-06-02T11:15:00+0200,8283.99,MW,FR,FR,actual_onshore_wind_generation,Wind Onshore,2026-06-20T01:54:57Z
2026-06-20T01:54:12Z,2026-06-20T03:54:12+0200,c30b8332-6a35-45c7-931f-0dc00a3a2bb4,2026-06-02T09:30:00Z,2026-06-02T11:30:00+0200,8081.22,MW,FR,FR,actual_onshore_wind_generation,Wind Onshore,2026-06-20T01:54:57Z
2026-06-20T01:54:12Z,2026-06-20T03:54:12+0200,c30b8332-6a35-45c7-931f-0dc00a3a2bb4,2026-06-02T09:45:00Z,2026-06-02T11:45:00+0200,8058.52,MW,FR,FR,actual_onshore_wind_generation,Wind Onshore,2026-06-20T01:54:57Z
2026-06-20T01:54:12Z,2026-06-20T03:54:12+0200,c30b8332-6a35-45c7-931f-0dc00a3a2bb4,2026-06-02T10:00:00Z,2026-06-02T12:00:00+0200,7978.29,MW,FR,FR,actual_onshore_wind_generation,Wind Onshore,2026-06-20T01:54:57Z
2026-06-20T01:54:12Z,2026-06-20T03:54:12+0200,c30b8332-6a35-45c7-931f-0dc00a3a2bb4,2026-06-02T10:15:00Z,2026-06-02T12:15:00+0200,7751.97,MW,FR,FR,actual_onshore_wind_generation,Wind Onshore,2026-06-20T01:54:57Z
2026-06-20T01:54:12Z,2026-06-20T03:54:12+0200,c30b8332-6a35-45c7-931f-0dc00a3a2bb4,2026-06-02T10:30:00Z,2026-06-02T12:30:00+0200,7647.92,MW,FR,FR,actual_onshore_wind_generation,Wind Onshore,2026-06-20T01:54:57Z
2026-06-20T01:54:12Z,2026-06-20T03:54:12+0200,c30b8332-6a35-45c7-931f-0dc00a3a2bb4,2026-06-02T10:45:00Z,2026-06-02T12:45:00+0200,7149.4,MW,FR,FR,actual_onshore_wind_generation,Wind Onshore,2026-06-20T01:54:57Z
2026-06-20T01:54:12Z,2026-06-20T03:54:12+0200,c30b8332-6a35-45c7-931f-0dc00a3a2bb4,2026-06-02T11:00:00Z,2026-06-02T13:00:00+0200,5521.27,MW,FR,FR,actual_onshore_wind_generation,Wind Onshore,2026-06-20T01:54:57Z
2026-06-20T01:54:12Z,2026-06-20T03:54:12+0200,c30b8332-6a35-45c7-931f-0dc00a3a2bb4,2026-06-02T11:15:00Z,2026-06-02T13:15:00+0200,5727.6,MW,FR,FR,actual_onshore_wind_generation,Wind Onshore,2026-06-20T01:54:57Z
2026-06-20T01:54:12Z,2026-06-20T03:54:12+0200,c30b8332-6a35-45c7-931f-0dc00a3a2bb4,2026-06-02T11:30:00Z,2026-06-02T13:30:00+0200,6500.98,MW,FR,FR,actual_onshore_wind_generation,Wind Onshore,2026-06-20T01:54:57Z
2026-06-20T01:54:12Z,2026-06-20T03:54:12+0200,c30b8332-6a35-45c7-931f-0dc00a3a2bb4,2026-06-02T11:45:00Z,2026-06-02T13:45:00+0200,6543.96,MW,FR,FR,actual_onshore_wind_generation,Wind Onshore,2026-06-20T01:54:57Z
2026-06-20T01:54:12Z,2026-06-20T03:54:12+0200,c30b8332-6a35-45c7-931f-0dc00a3a2bb4,2026-06-02T12:00:00Z,2026-06-02T14:00:00+0200,6714.44,MW,FR,FR,actual_onshore_wind_generation,Wind Onshore,2026-06-20T01:54:57Z
2026-06-20T01:54:12Z,2026-06-20T03:54:12+0200,c30b8332-6a35-45c7-931f-0dc00a3a2bb4,2026-06-02T12:15:00Z,2026-06-02T14:15:00+0200,6930.72,MW,FR,FR,actual_onshore_wind_generation,Wind Onshore,2026-06-20T01:54:57Z
2026-06-20T01:54:12Z,2026-06-20T03:54:12+0200,c30b8332-6a35-45c7-931f-0dc00a3a2bb4,2026-06-02T12:30:00Z,2026-06-02T14:30:00+0200,7091.96,MW,FR,FR,actual_onshore_wind_generation,Wind Onshore,2026-06-20T01:54:57Z
2026-06-20T01:54:12Z,2026-06-20T03:54:12+0200,c30b8332-6a35-45c7-931f-0dc00a3a2bb4,2026-06-02T12:45:00Z,2026-06-02T14:45:00+0200,7306.86,MW,FR,FR,actual_onshore_wind_generation,Wind Onshore,2026-06-20T01:54:57Z
2026-06-20T01:54:12Z,2026-06-20T03:54:12+0200,c30b8332-6a35-45c7-931f-0dc00a3a2bb4,2026-06-02T13:00:00Z,2026-06-02T15:00:00+0200,7495.74,MW,FR,FR,actual_onshore_wind_generation,Wind Onshore,2026-06-20T01:54:57Z
2026-06-20T01:54:12Z,2026-06-20T03:54:12+0200,c30b8332-6a35-45c7-931f-0dc00a3a2bb4,2026-06-02T13:15:00Z,2026-06-02T15:15:00+0200,7699.34,MW,FR,FR,actual_onshore_wind_generation,Wind Onshore,2026-06-20T01:54:57Z
2026-06-20T01:54:12Z,2026-06-20T03:54:12+0200,c30b8332-6a35-45c7-931f-0dc00a3a2bb4,2026-06-02T13:30:00Z,2026-06-02T15:30:00+0200,7727.52,MW,FR,FR,actual_onshore_wind_generation,Wind Onshore,2026-06-20T01:54:57Z
2026-06-20T01:54:12Z,2026-06-20T03:54:12+0200,c30b8332-6a35-45c7-931f-0dc00a3a2bb4,2026-06-02T13:45:00Z,2026-06-02T15:45:00+0200,7740.64,MW,FR,FR,actual_onshore_wind_generation,Wind Onshore,2026-06-20T01:54:57Z
2026-06-20T01:54:12Z,2026-06-20T03:54:12+0200,c30b8332-6a35-45c7-931f-0dc00a3a2bb4,2026-06-02T14:00:00Z,2026-06-02T16:00:00+0200,7415.58,MW,FR,FR,actual_onshore_wind_generation,Wind Onshore,2026-06-20T01:54:57Z
2026-06-20T01:54:12Z,2026-06-20T03:54:12+0200,c30b8332-6a35-45c7-931f-0dc00a3a2bb4,2026-06-02T14:15:00Z,2026-06-02T16:15:00+0200,7398.23,MW,FR,FR,actual_onshore_wind_generation,Wind Onshore,2026-06-20T01:54:57Z
2026-06-20T01:54:12Z,2026-06-20T03:54:12+0200,c30b8332-6a35-45c7-931f-0dc00a3a2bb4,2026-06-02T14:30:00Z,2026-06-02T16:30:00+0200,7434.84,MW,FR,FR,actual_onshore_wind_generation,Wind Onshore,2026-06-20T01:54:57Z
2026-06-20T01:54:12Z,2026-06-20T03:54:12+0200,c30b8332-6a35-45c7-931f-0dc00a3a2bb4,2026-06-02T14:45:00Z,2026-06-02T16:45:00+0200,7677.37,MW,FR,FR,actual_onshore_wind_generation,Wind Onshore,2026-06-20T01:54:57Z
2026-06-20T01:54:12Z,2026-06-20T03:54:12+0200,c30b8332-6a35-45c7-931f-0dc00a3a2bb4,2026-06-02T15:00:00Z,2026-06-02T17:00:00+0200,7820.41,MW,FR,FR,actual_onshore_wind_generation,Wind Onshore,2026-06-20T01:54:57Z
2026-06-20T01:54:12Z,2026-06-20T03:54:12+0200,c30b8332-6a35-45c7-931f-0dc00a3a2bb4,2026-06-02T15:15:00Z,2026-06-02T17:15:00+0200,7734.09,MW,FR,FR,actual_onshore_wind_generation,Wind Onshore,2026-06-20T01:54:57Z
2026-06-20T01:54:12Z,2026-06-20T03:54:12+0200,c30b8332-6a35-45c7-931f-0dc00a3a2bb4,2026-06-02T15:30:00Z,2026-06-02T17:30:00+0200,7676.76,MW,FR,FR,actual_onshore_wind_generation,Wind Onshore,2026-06-20T01:54:57Z
2026-06-20T01:54:12Z,2026-06-20T03:54:12+0200,c30b8332-6a35-45c7-931f-0dc00a3a2bb4,2026-06-02T15:45:00Z,2026-06-02T17:45:00+0200,7858.31,MW,FR,FR,actual_onshore_wind_generation,Wind Onshore,2026-06-20T01:54:57Z
2026-06-20T01:54:12Z,2026-06-20T03:54:12+0200,c30b8332-6a35-45c7-931f-0dc00a3a2bb4,2026-06-02T16:00:00Z,2026-06-02T18:00:00+0200,9187.15,MW,FR,FR,actual_onshore_wind_generation,Wind Onshore,2026-06-20T01:54:57Z
2026-06-20T01:54:12Z,2026-06-20T03:54:12+0200,c30b8332-6a35-45c7-931f-0dc00a3a2bb4,2026-06-02T16:15:00Z,2026-06-02T18:15:00+0200,10965.53,MW,FR,FR,actual_onshore_wind_generation,Wind Onshore,2026-06-20T01:54:57Z
2026-06-20T01:54:12Z,2026-06-20T03:54:12+0200,c30b8332-6a35-45c7-931f-0dc00a3a2bb4,2026-06-02T16:30:00Z,2026-06-02T18:30:00+0200,10531.3,MW,FR,FR,actual_onshore_wind_generation,Wind Onshore,2026-06-20T01:54:57Z
2026-06-20T01:54:12Z,2026-06-20T03:54:12+0200,c30b8332-6a35-45c7-931f-0dc00a3a2bb4,2026-06-02T16:45:00Z,2026-06-02T18:45:00+0200,10595.03,MW,FR,FR,actual_onshore_wind_generation,Wind Onshore,2026-06-20T01:54:57Z
2026-06-20T01:54:12Z,2026-06-20T03:54:12+0200,c30b8332-6a35-45c7-931f-0dc00a3a2bb4,2026-06-02T17:00:00Z,2026-06-02T19:00:00+0200,10488.93,MW,FR,FR,actual_onshore_wind_generation,Wind Onshore,2026-06-20T01:54:57Z
2026-06-20T01:54:12Z,2026-06-20T03:54:12+0200,c30b8332-6a35-45c7-931f-0dc00a3a2bb4,2026-06-02T17:15:00Z,2026-06-02T19:15:00+0200,10374.93,MW,FR,FR,actual_onshore_wind_generation,Wind Onshore,2026-06-20T01:54:57Z
2026-06-20T01:54:12Z,2026-06-20T03:54:12+0200,c30b8332-6a35-45c7-931f-0dc00a3a2bb4,2026-06-02T17:30:00Z,2026-06-02T19:30:00+0200,10182.1,MW,FR,FR,actual_onshore_wind_generation,Wind Onshore,2026-06-20T01:54:57Z
2026-06-20T01:54:12Z,2026-06-20T03:54:12+0200,c30b8332-6a35-45c7-931f-0dc00a3a2bb4,2026-06-02T17:45:00Z,2026-06-02T19:45:00+0200,10143.96,MW,FR,FR,actual_onshore_wind_generation,Wind Onshore,2026-06-20T01:54:57Z
2026-06-20T01:54:12Z,2026-06-20T03:54:12+0200,c30b8332-6a35-45c7-931f-0dc00a3a2bb4,2026-06-02T18:00:00Z,2026-06-02T20:00:00+0200,9933.08,MW,FR,FR,actual_onshore_wind_generation,Wind Onshore,2026-06-20T01:54:57Z
2026-06-20T01:54:12Z,2026-06-20T03:54:12+0200,c30b8332-6a35-45c7-931f-0dc00a3a2bb4,2026-06-02T18:15:00Z,2026-06-02T20:15:00+0200,9883.16,MW,FR,FR,actual_onshore_wind_generation,Wind Onshore,2026-06-20T01:54:57Z
2026-06-20T01:54:12Z,2026-06-20T03:54:12+0200,c30b8332-6a35-45c7-931f-0dc00a3a2bb4,2026-06-02T18:30:00Z,2026-06-02T20:30:00+0200,9347.19,MW,FR,FR,actual_onshore_wind_generation,Wind Onshore,2026-06-20T01:54:57Z
2026-06-20T01:54:12Z,2026-06-20T03:54:12+0200,c30b8332-6a35-45c7-931f-0dc00a3a2bb4,2026-06-02T18:45:00Z,2026-06-02T20:45:00+0200,8400.0,MW,FR,FR,actual_onshore_wind_generation,Wind Onshore,2026-06-20T01:54:57Z
2026-06-20T01:54:12Z,2026-06-20T03:54:12+0200,c30b8332-6a35-45c7-931f-0dc00a3a2bb4,2026-06-02T19:00:00Z,2026-06-02T21:00:00+0200,8066.56,MW,FR,FR,actual_onshore_wind_generation,Wind Onshore,2026-06-20T01:54:57Z
2026-06-20T01:54:12Z,2026-06-20T03:54:12+0200,c30b8332-6a35-45c7-931f-0dc00a3a2bb4,2026-06-02T19:15:00Z,2026-06-02T21:15:00+0200,7953.24,MW,FR,FR,actual_onshore_wind_generation,Wind Onshore,2026-06-20T01:54:57Z
2026-06-20T01:54:12Z,2026-06-20T03:54:12+0200,c30b8332-6a35-45c7-931f-0dc00a3a2bb4,2026-06-02T19:30:00Z,2026-06-02T21:30:00+0200,7840.97,MW,FR,FR,actual_onshore_wind_generation,Wind Onshore,2026-06-20T01:54:57Z
2026-06-20T01:54:12Z,2026-06-20T03:54:12+0200,c30b8332-6a35-45c7-931f-0dc00a3a2bb4,2026-06-02T19:45:00Z,2026-06-02T21:45:00+0200,7595.33,MW,FR,FR,actual_onshore_wind_generation,Wind Onshore,2026-06-20T01:54:57Z
2026-06-20T01:54:12Z,2026-06-20T03:54:12+0200,c30b8332-6a35-45c7-931f-0dc00a3a2bb4,2026-06-02T20:00:00Z,2026-06-02T22:00:00+0200,7692.35,MW,FR,FR,actual_onshore_wind_generation,Wind Onshore,2026-06-20T01:54:57Z
2026-06-20T01:54:12Z,2026-06-20T03:54:12+0200,c30b8332-6a35-45c7-931f-0dc00a3a2bb4,2026-06-02T20:15:00Z,2026-06-02T22:15:00+0200,7577.04,MW,FR,FR,actual_onshore_wind_generation,Wind Onshore,2026-06-20T01:54:57Z
2026-06-20T01:54:12Z,2026-06-20T03:54:12+0200,c30b8332-6a35-45c7-931f-0dc00a3a2bb4,2026-06-02T20:30:00Z,2026-06-02T22:30:00+0200,7624.3,MW,FR,FR,actual_onshore_wind_generation,Wind Onshore,2026-06-20T01:54:57Z
2026-06-20T01:54:12Z,2026-06-20T03:54:12+0200,c30b8332-6a35-45c7-931f-0dc00a3a2bb4,2026-06-02T20:45:00Z,2026-06-02T22:45:00+0200,7755.06,MW,FR,FR,actual_onshore_wind_generation,Wind Onshore,2026-06-20T01:54:57Z
2026-06-20T01:54:12Z,2026-06-20T03:54:12+0200,c30b8332-6a35-45c7-931f-0dc00a3a2bb4,2026-06-02T21:00:00Z,2026-06-02T23:00:00+0200,7721.04,MW,FR,FR,actual_onshore_wind_generation,Wind Onshore,2026-06-20T01:54:57Z
2026-06-20T01:54:12Z,2026-06-20T03:54:12+0200,c30b8332-6a35-45c7-931f-0dc00a3a2bb4,2026-06-02T21:15:00Z,2026-06-02T23:15:00+0200,7694.12,MW,FR,FR,actual_onshore_wind_generation,Wind Onshore,2026-06-20T01:54:57Z
2026-06-20T01:54:12Z,2026-06-20T03:54:12+0200,c30b8332-6a35-45c7-931f-0dc00a3a2bb4,2026-06-02T21:30:00Z,2026-06-02T23:30:00+0200,7783.04,MW,FR,FR,actual_onshore_wind_generation,Wind Onshore,2026-06-20T01:54:57Z
2026-06-20T01:54:12Z,2026-06-20T03:54:12+0200,c30b8332-6a35-45c7-931f-0dc00a3a2bb4,2026-06-02T21:45:00Z,2026-06-02T23:45:00+0200,7763.94,MW,FR,FR,actual_onshore_wind_generation,Wind Onshore,2026-06-20T01:54:57Z
2026-06-20T01:54:12Z,2026-06-20T03:54:12+0200,c30b8332-6a35-45c7-931f-0dc00a3a2bb4,2026-06-02T22:00:00Z,2026-06-03T00:00:00+0200,7784.12,MW,FR,FR,actual_onshore_wind_generation,Wind Onshore,2026-06-20T01:54:57Z
2026-06-20T01:54:12Z,2026-06-20T03:54:12+0200,c30b8332-6a35-45c7-931f-0dc00a3a2bb4,2026-06-02T22:15:00Z,2026-06-03T00:15:00+0200,7951.19,MW,FR,FR,actual_onshore_wind_generation,Wind Onshore,2026-06-20T01:54:57Z
2026-06-20T01:54:12Z,2026-06-20T03:54:12+0200,c30b8332-6a35-45c7-931f-0dc00a3a2bb4,2026-06-02T22:30:00Z,2026-06-03T00:30:00+0200,8122.2,MW,FR,FR,actual_onshore_wind_generation,Wind Onshore,2026-06-20T01:54:57Z
2026-06-20T01:54:12Z,2026-06-20T03:54:12+0200,c30b8332-6a35-45c7-931f-0dc00a3a2bb4,2026-06-02T22:45:00Z,2026-06-03T00:45:00+0200,8269.96,MW,FR,FR,actual_onshore_wind_generation,Wind Onshore,2026-06-20T01:54:57Z
2026-06-20T01:54:12Z,2026-06-20T03:54:12+0200,c30b8332-6a35-45c7-931f-0dc00a3a2bb4,2026-06-02T23:00:00Z,2026-06-03T01:00:00+0200,8425.19,MW,FR,FR,actual_onshore_wind_generation,Wind Onshore,2026-06-20T01:54:57Z
2026-06-20T01:54:12Z,2026-06-20T03:54:12+0200,c30b8332-6a35-45c7-931f-0dc00a3a2bb4,2026-06-02T23:15:00Z,2026-06-03T01:15:00+0200,8571.95,MW,FR,FR,actual_onshore_wind_generation,Wind Onshore,2026-06-20T01:54:57Z
2026-06-20T01:54:12Z,2026-06-20T03:54:12+0200,c30b8332-6a35-45c7-931f-0dc00a3a2bb4,2026-06-02T23:30:00Z,2026-06-03T01:30:00+0200,8698.32,MW,FR,FR,actual_onshore_wind_generation,Wind Onshore,2026-06-20T01:54:57Z
2026-06-20T01:54:12Z,2026-06-20T03:54:12+0200,c30b8332-6a35-45c7-931f-0dc00a3a2bb4,2026-06-02T23:45:00Z,2026-06-03T01:45:00+0200,8629.03,MW,FR,FR,actual_onshore_wind_generation,Wind Onshore,2026-06-20T01:54:57Z
2026-06-20T01:54:12Z,2026-06-20T03:54:12+0200,c30b8332-6a35-45c7-931f-0dc00a3a2bb4,2026-06-03T00:00:00Z,2026-06-03T02:00:00+0200,8634.86,MW,FR,FR,actual_onshore_wind_generation,Wind Onshore,2026-06-20T01:54:57Z
2026-06-20T01:54:12Z,2026-06-20T03:54:12+0200,c30b8332-6a35-45c7-931f-0dc00a3a2bb4,2026-06-03T00:15:00Z,2026-06-03T02:15:00+0200,8586.47,MW,FR,FR,actual_onshore_wind_generation,Wind Onshore,2026-06-20T01:54:57Z
2026-06-20T01:54:12Z,2026-06-20T03:54:12+0200,c30b8332-6a35-45c7-931f-0dc00a3a2bb4,2026-06-03T00:30:00Z,2026-06-03T02:30:00+0200,8358.16,MW,FR,FR,actual_onshore_wind_generation,Wind Onshore,2026-06-20T01:54:57Z
2026-06-20T01:54:12Z,2026-06-20T03:54:12+0200,c30b8332-6a35-45c7-931f-0dc00a3a2bb4,2026-06-03T00:45:00Z,2026-06-03T02:45:00+0200,8191.75,MW,FR,FR,actual_onshore_wind_generation,Wind Onshore,2026-06-20T01:54:57Z
2026-06-20T01:54:12Z,2026-06-20T03:54:12+0200,c30b8332-6a35-45c7-931f-0dc00a3a2bb4,2026-06-03T01:00:00Z,2026-06-03T03:00:00+0200,8122.37,MW,FR,FR,actual_onshore_wind_generation,Wind Onshore,2026-06-20T01:54:57Z
2026-06-20T01:54:12Z,2026-06-20T03:54:12+0200,c30b8332-6a35-45c7-931f-0dc00a3a2bb4,2026-06-03T01:15:00Z,2026-06-03T03:15:00+0200,8064.25,MW,FR,FR,actual_onshore_wind_generation,Wind Onshore,2026-06-20T01:54:57Z
2026-06-20T01:54:12Z,2026-06-20T03:54:12+0200,c30b8332-6a35-45c7-931f-0dc00a3a2bb4,2026-06-03T01:30:00Z,2026-06-03T03:30:00+0200,7954.02,MW,FR,FR,actual_onshore_wind_generation,Wind Onshore,2026-06-20T01:54:57Z
2026-06-20T01:54:12Z,2026-06-20T03:54:12+0200,c30b8332-6a35-45c7-931f-0dc00a3a2bb4,2026-06-03T01:45:00Z,2026-06-03T03:45:00+0200,7836.66,MW,FR,FR,actual_onshore_wind_generation,Wind Onshore,2026-06-20T01:54:57Z
2026-06-20T01:54:12Z,2026-06-20T03:54:12+0200,c30b8332-6a35-45c7-931f-0dc00a3a2bb4,2026-06-03T02:00:00Z,2026-06-03T04:00:00+0200,7737.76,MW,FR,FR,actual_onshore_wind_generation,Wind Onshore,2026-06-20T01:54:57Z
2026-06-20T01:54:12Z,2026-06-20T03:54:12+0200,c30b8332-6a35-45c7-931f-0dc00a3a2bb4,2026-06-03T02:15:00Z,2026-06-03T04:15:00+0200,7629.15,MW,FR,FR,actual_onshore_wind_generation,Wind Onshore,2026-06-20T01:54:57Z
2026-06-20T01:54:12Z,2026-06-20T03:54:12+0200,c30b8332-6a35-45c7-931f-0dc00a3a2bb4,2026-06-03T02:30:00Z,2026-06-03T04:30:00+0200,7572.9,MW,FR,FR,actual_onshore_wind_generation,Wind Onshore,2026-06-20T01:54:57Z
2026-06-20T01:54:12Z,2026-06-20T03:54:12+0200,c30b8332-6a35-45c7-931f-0dc00a3a2bb4,2026-06-03T02:45:00Z,2026-06-03T04:45:00+0200,7554.91,MW,FR,FR,actual_onshore_wind_generation,Wind Onshore,2026-06-20T01:54:57Z
2026-06-20T01:54:12Z,2026-06-20T03:54:12+0200,c30b8332-6a35-45c7-931f-0dc00a3a2bb4,2026-06-03T03:00:00Z,2026-06-03T05:00:00+0200,7355.09,MW,FR,FR,actual_onshore_wind_generation,Wind Onshore,2026-06-20T01:54:57Z
2026-06-20T01:54:12Z,2026-06-20T03:54:12+0200,c30b8332-6a35-45c7-931f-0dc00a3a2bb4,2026-06-03T03:15:00Z,2026-06-03T05:15:00+0200,7165.44,MW,FR,FR,actual_onshore_wind_generation,Wind Onshore,2026-06-20T01:54:57Z
2026-06-20T01:54:12Z,2026-06-20T03:54:12+0200,c30b8332-6a35-45c7-931f-0dc00a3a2bb4,2026-06-03T03:30:00Z,2026-06-03T05:30:00+0200,7098.34,MW,FR,FR,actual_onshore_wind_generation,Wind Onshore,2026-06-20T01:54:57Z
2026-06-20T01:54:12Z,2026-06-20T03:54:12+0200,c30b8332-6a35-45c7-931f-0dc00a3a2bb4,2026-06-03T03:45:00Z,2026-06-03T05:45:00+0200,6906.9,MW,FR,FR,actual_onshore_wind_generation,Wind Onshore,2026-06-20T01:54:57Z
2026-06-20T01:54:12Z,2026-06-20T03:54:12+0200,c30b8332-6a35-45c7-931f-0dc00a3a2bb4,2026-06-03T04:00:00Z,2026-06-03T06:00:00+0200,6726.45,MW,FR,FR,actual_onshore_wind_generation,Wind Onshore,2026-06-20T01:54:57Z
2026-06-20T01:54:12Z,2026-06-20T03:54:12+0200,c30b8332-6a35-45c7-931f-0dc00a3a2bb4,2026-06-03T04:15:00Z,2026-06-03T06:15:00+0200,6710.77,MW,FR,FR,actual_onshore_wind_generation,Wind Onshore,2026-06-20T01:54:57Z
2026-06-20T01:54:12Z,2026-06-20T03:54:12+0200,c30b8332-6a35-45c7-931f-0dc00a3a2bb4,2026-06-03T04:30:00Z,2026-06-03T06:30:00+0200,6451.45,MW,FR,FR,actual_onshore_wind_generation,Wind Onshore,2026-06-20T01:54:57Z
2026-06-20T01:54:12Z,2026-06-20T03:54:12+0200,c30b8332-6a35-45c7-931f-0dc00a3a2bb4,2026-06-03T04:45:00Z,2026-06-03T06:45:00+0200,6293.66,MW,FR,FR,actual_onshore_wind_generation,Wind Onshore,2026-06-20T01:54:57Z
2026-06-20T01:54:12Z,2026-06-20T03:54:12+0200,c30b8332-6a35-45c7-931f-0dc00a3a2bb4,2026-06-03T05:00:00Z,2026-06-03T07:00:00+0200,6291.57,MW,FR,FR,actual_onshore_wind_generation,Wind Onshore,2026-06-20T01:54:57Z
2026-06-20T01:54:12Z,2026-06-20T03:54:12+0200,c30b8332-6a35-45c7-931f-0dc00a3a2bb4,2026-06-03T05:15:00Z,2026-06-03T07:15:00+0200,6279.44,MW,FR,FR,actual_onshore_wind_generation,Wind Onshore,2026-06-20T01:54:57Z
2026-06-20T01:54:12Z,2026-06-20T03:54:12+0200,c30b8332-6a35-45c7-931f-0dc00a3a2bb4,2026-06-03T05:30:00Z,2026-06-03T07:30:00+0200,6272.31,MW,FR,FR,actual_onshore_wind_generation,Wind Onshore,2026-06-20T01:54:57Z
2026-06-20T01:54:12Z,2026-06-20T03:54:12+0200,c30b8332-6a35-45c7-931f-0dc00a3a2bb4,2026-06-03T05:45:00Z,2026-06-03T07:45:00+0200,6259.03,MW,FR,FR,actual_onshore_wind_generation,Wind Onshore,2026-06-20T01:54:57Z
2026-06-20T01:54:12Z,2026-06-20T03:54:12+0200,c30b8332-6a35-45c7-931f-0dc00a3a2bb4,2026-06-03T06:00:00Z,2026-06-03T08:00:00+0200,6315.85,MW,FR,FR,actual_onshore_wind_generation,Wind Onshore,2026-06-20T01:54:57Z
2026-06-20T01:54:12Z,2026-06-20T03:54:12+0200,c30b8332-6a35-45c7-931f-0dc00a3a2bb4,2026-06-03T06:15:00Z,2026-06-03T08:15:00+0200,6462.18,MW,FR,FR,actual_onshore_wind_generation,Wind Onshore,2026-06-20T01:54:57Z
2026-06-20T01:54:12Z,2026-06-20T03:54:12+0200,c30b8332-6a35-45c7-931f-0dc00a3a2bb4,2026-06-03T06:30:00Z,2026-06-03T08:30:00+0200,6541.14,MW,FR,FR,actual_onshore_wind_generation,Wind Onshore,2026-06-20T01:54:57Z
2026-06-20T01:54:12Z,2026-06-20T03:54:12+0200,c30b8332-6a35-45c7-931f-0dc00a3a2bb4,2026-06-03T06:45:00Z,2026-06-03T08:45:00+0200,6664.12,MW,FR,FR,actual_onshore_wind_generation,Wind Onshore,2026-06-20T01:54:57Z
2026-06-20T01:54:12Z,2026-06-20T03:54:12+0200,c30b8332-6a35-45c7-931f-0dc00a3a2bb4,2026-06-03T07:00:00Z,2026-06-03T09:00:00+0200,6736.54,MW,FR,FR,actual_onshore_wind_generation,Wind Onshore,2026-06-20T01:54:57Z
2026-06-20T01:54:12Z,2026-06-20T03:54:12+0200,c30b8332-6a35-45c7-931f-0dc00a3a2bb4,2026-06-03T07:15:00Z,2026-06-03T09:15:00+0200,7012.26,MW,FR,FR,actual_onshore_wind_generation,Wind Onshore,2026-06-20T01:54:57Z
2026-06-20T01:54:12Z,2026-06-20T03:54:12+0200,c30b8332-6a35-45c7-931f-0dc00a3a2bb4,2026-06-03T07:30:00Z,2026-06-03T09:30:00+0200,7363.65,MW,FR,FR,actual_onshore_wind_generation,Wind Onshore,2026-06-20T01:54:57Z
2026-06-20T01:54:12Z,2026-06-20T03:54:12+0200,c30b8332-6a35-45c7-931f-0dc00a3a2bb4,2026-06-03T07:45:00Z,2026-06-03T09:45:00+0200,7432.86,MW,FR,FR,actual_onshore_wind_generation,Wind Onshore,2026-06-20T01:54:57Z
2026-06-20T01:54:12Z,2026-06-20T03:54:12+0200,c30b8332-6a35-45c7-931f-0dc00a3a2bb4,2026-06-03T08:00:00Z,2026-06-03T10:00:00+0200,7470.02,MW,FR,FR,actual_onshore_wind_generation,Wind Onshore,2026-06-20T01:54:57Z
2026-06-20T01:54:12Z,2026-06-20T03:54:12+0200,c30b8332-6a35-45c7-931f-0dc00a3a2bb4,2026-06-03T08:15:00Z,2026-06-03T10:15:00+0200,6911.1,MW,FR,FR,actual_onshore_wind_generation,Wind Onshore,2026-06-20T01:54:57Z
2026-06-20T01:54:12Z,2026-06-20T03:54:12+0200,c30b8332-6a35-45c7-931f-0dc00a3a2bb4,2026-06-03T08:30:00Z,2026-06-03T10:30:00+0200,5024.61,MW,FR,FR,actual_onshore_wind_generation,Wind Onshore,2026-06-20T01:54:57Z
2026-06-20T01:54:12Z,2026-06-20T03:54:12+0200,c30b8332-6a35-45c7-931f-0dc00a3a2bb4,2026-06-03T08:45:00Z,2026-06-03T10:45:00+0200,4846.02,MW,FR,FR,actual_onshore_wind_generation,Wind Onshore,2026-06-20T01:54:57Z
2026-06-20T01:54:12Z,2026-06-20T03:54:12+0200,c30b8332-6a35-45c7-931f-0dc00a3a2bb4,2026-06-03T09:00:00Z,2026-06-03T11:00:00+0200,5035.49,MW,FR,FR,actual_onshore_wind_generation,Wind Onshore,2026-06-20T01:54:57Z
2026-06-20T01:54:12Z,2026-06-20T03:54:12+0200,c30b8332-6a35-45c7-931f-0dc00a3a2bb4,2026-06-03T09:15:00Z,2026-06-03T11:15:00+0200,5123.84,MW,FR,FR,actual_onshore_wind_generation,Wind Onshore,2026-06-20T01:54:57Z
2026-06-20T01:54:12Z,2026-06-20T03:54:12+0200,c30b8332-6a35-45c7-931f-0dc00a3a2bb4,2026-06-03T09:30:00Z,2026-06-03T11:30:00+0200,5330.89,MW,FR,FR,actual_onshore_wind_generation,Wind Onshore,2026-06-20T01:54:57Z
2026-06-20T01:54:12Z,2026-06-20T03:54:12+0200,c30b8332-6a35-45c7-931f-0dc00a3a2bb4,2026-06-03T09:45:00Z,2026-06-03T11:45:00+0200,5408.0,MW,FR,FR,actual_onshore_wind_generation,Wind Onshore,2026-06-20T01:54:57Z
2026-06-20T01:54:12Z,2026-06-20T03:54:12+0200,c30b8332-6a35-45c7-931f-0dc00a3a2bb4,2026-06-03T10:00:00Z,2026-06-03T12:00:00+0200,5524.82,MW,FR,FR,actual_onshore_wind_generation,Wind Onshore,2026-06-20T01:54:57Z
2026-06-20T01:54:12Z,2026-06-20T03:54:12+0200,c30b8332-6a35-45c7-931f-0dc00a3a2bb4,2026-06-03T10:15:00Z,2026-06-03T12:15:00+0200,5750.71,MW,FR,FR,actual_onshore_wind_generation,Wind Onshore,2026-06-20T01:54:57Z
2026-06-20T01:54:12Z,2026-06-20T03:54:12+0200,c30b8332-6a35-45c7-931f-0dc00a3a2bb4,2026-06-03T10:30:00Z,2026-06-03T12:30:00+0200,5935.12,MW,FR,FR,actual_onshore_wind_generation,Wind Onshore,2026-06-20T01:54:57Z
2026-06-20T01:54:12Z,2026-06-20T03:54:12+0200,c30b8332-6a35-45c7-931f-0dc00a3a2bb4,2026-06-03T10:45:00Z,2026-06-03T12:45:00+0200,6246.16,MW,FR,FR,actual_onshore_wind_generation,Wind Onshore,2026-06-20T01:54:57Z
2026-06-20T01:54:12Z,2026-06-20T03:54:12+0200,c30b8332-6a35-45c7-931f-0dc00a3a2bb4,2026-06-03T11:00:00Z,2026-06-03T13:00:00+0200,6478.58,MW,FR,FR,actual_onshore_wind_generation,Wind Onshore,2026-06-20T01:54:57Z
2026-06-20T01:54:12Z,2026-06-20T03:54:12+0200,c30b8332-6a35-45c7-931f-0dc00a3a2bb4,2026-06-03T11:15:00Z,2026-06-03T13:15:00+0200,6534.21,MW,FR,FR,actual_onshore_wind_generation,Wind Onshore,2026-06-20T01:54:57Z
2026-06-20T01:54:12Z,2026-06-20T03:54:12+0200,c30b8332-6a35-45c7-931f-0dc00a3a2bb4,2026-06-03T11:30:00Z,2026-06-03T13:30:00+0200,6674.62,MW,FR,FR,actual_onshore_wind_generation,Wind Onshore,2026-06-20T01:54:57Z
2026-06-20T01:54:12Z,2026-06-20T03:54:12+0200,c30b8332-6a35-45c7-931f-0dc00a3a2bb4,2026-06-03T11:45:00Z,2026-06-03T13:45:00+0200,6613.18,MW,FR,FR,actual_onshore_wind_generation,Wind Onshore,2026-06-20T01:54:57Z
2026-06-20T01:54:12Z,2026-06-20T03:54:12+0200,c30b8332-6a35-45c7-931f-0dc00a3a2bb4,2026-06-03T12:00:00Z,2026-06-03T14:00:00+0200,6895.17,MW,FR,FR,actual_onshore_wind_generation,Wind Onshore,2026-06-20T01:54:57Z
2026-06-20T01:54:12Z,2026-06-20T03:54:12+0200,c30b8332-6a35-45c7-931f-0dc00a3a2bb4,2026-06-03T12:15:00Z,2026-06-03T14:15:00+0200,7009.24,MW,FR,FR,actual_onshore_wind_generation,Wind Onshore,2026-06-20T01:54:57Z
2026-06-20T01:54:12Z,2026-06-20T03:54:12+0200,c30b8332-6a35-45c7-931f-0dc00a3a2bb4,2026-06-03T12:30:00Z,2026-06-03T14:30:00+0200,7035.04,MW,FR,FR,actual_onshore_wind_generation,Wind Onshore,2026-06-20T01:54:57Z
2026-06-20T01:54:12Z,2026-06-20T03:54:12+0200,c30b8332-6a35-45c7-931f-0dc00a3a2bb4,2026-06-03T12:45:00Z,2026-06-03T14:45:00+0200,7068.17,MW,FR,FR,actual_onshore_wind_generation,Wind Onshore,2026-06-20T01:54:57Z
2026-06-20T01:54:12Z,2026-06-20T03:54:12+0200,c30b8332-6a35-45c7-931f-0dc00a3a2bb4,2026-06-03T13:00:00Z,2026-06-03T15:00:00+0200,6680.41,MW,FR,FR,actual_onshore_wind_generation,Wind Onshore,2026-06-20T01:54:57Z
2026-06-20T01:54:12Z,2026-06-20T03:54:12+0200,c30b8332-6a35-45c7-931f-0dc00a3a2bb4,2026-06-03T13:15:00Z,2026-06-03T15:15:00+0200,6509.2,MW,FR,FR,actual_onshore_wind_generation,Wind Onshore,2026-06-20T01:54:57Z
2026-06-20T01:54:12Z,2026-06-20T03:54:12+0200,c30b8332-6a35-45c7-931f-0dc00a3a2bb4,2026-06-03T13:30:00Z,2026-06-03T15:30:00+0200,5933.71,MW,FR,FR,actual_onshore_wind_generation,Wind Onshore,2026-06-20T01:54:57Z
2026-06-20T01:54:12Z,2026-06-20T03:54:12+0200,c30b8332-6a35-45c7-931f-0dc00a3a2bb4,2026-06-03T13:45:00Z,2026-06-03T15:45:00+0200,5830.1,MW,FR,FR,actual_onshore_wind_generation,Wind Onshore,2026-06-20T01:54:57Z
2026-06-20T01:54:12Z,2026-06-20T03:54:12+0200,c30b8332-6a35-45c7-931f-0dc00a3a2bb4,2026-06-03T14:00:00Z,2026-06-03T16:00:00+0200,5519.79,MW,FR,FR,actual_onshore_wind_generation,Wind Onshore,2026-06-20T01:54:57Z
2026-06-20T01:54:12Z,2026-06-20T03:54:12+0200,c30b8332-6a35-45c7-931f-0dc00a3a2bb4,2026-06-03T14:15:00Z,2026-06-03T16:15:00+0200,5687.59,MW,FR,FR,actual_onshore_wind_generation,Wind Onshore,2026-06-20T01:54:57Z
2026-06-20T01:54:12Z,2026-06-20T03:54:12+0200,c30b8332-6a35-45c7-931f-0dc00a3a2bb4,2026-06-03T14:30:00Z,2026-06-03T16:30:00+0200,6277.4,MW,FR,FR,actual_onshore_wind_generation,Wind Onshore,2026-06-20T01:54:57Z
2026-06-20T01:54:12Z,2026-06-20T03:54:12+0200,c30b8332-6a35-45c7-931f-0dc00a3a2bb4,2026-06-03T14:45:00Z,2026-06-03T16:45:00+0200,6829.59,MW,FR,FR,actual_onshore_wind_generation,Wind Onshore,2026-06-20T01:54:57Z
2026-06-20T01:54:12Z,2026-06-20T03:54:12+0200,c30b8332-6a35-45c7-931f-0dc00a3a2bb4,2026-06-03T15:00:00Z,2026-06-03T17:00:00+0200,7206.57,MW,FR,FR,actual_onshore_wind_generation,Wind Onshore,2026-06-20T01:54:57Z
2026-06-20T01:54:12Z,2026-06-20T03:54:12+0200,c30b8332-6a35-45c7-931f-0dc00a3a2bb4,2026-06-03T15:15:00Z,2026-06-03T17:15:00+0200,7410.84,MW,FR,FR,actual_onshore_wind_generation,Wind Onshore,2026-06-20T01:54:57Z
2026-06-20T01:54:12Z,2026-06-20T03:54:12+0200,c30b8332-6a35-45c7-931f-0dc00a3a2bb4,2026-06-03T15:30:00Z,2026-06-03T17:30:00+0200,7589.38,MW,FR,FR,actual_onshore_wind_generation,Wind Onshore,2026-06-20T01:54:57Z
2026-06-20T01:54:12Z,2026-06-20T03:54:12+0200,c30b8332-6a35-45c7-931f-0dc00a3a2bb4,2026-06-03T15:45:00Z,2026-06-03T17:45:00+0200,10356.24,MW,FR,FR,actual_onshore_wind_generation,Wind Onshore,2026-06-20T01:54:57Z
2026-06-20T01:54:12Z,2026-06-20T03:54:12+0200,c30b8332-6a35-45c7-931f-0dc00a3a2bb4,2026-06-03T16:00:00Z,2026-06-03T18:00:00+0200,12347.69,MW,FR,FR,actual_onshore_wind_generation,Wind Onshore,2026-06-20T01:54:57Z
2026-06-20T01:54:12Z,2026-06-20T03:54:12+0200,c30b8332-6a35-45c7-931f-0dc00a3a2bb4,2026-06-03T16:15:00Z,2026-06-03T18:15:00+0200,12434.1,MW,FR,FR,actual_onshore_wind_generation,Wind Onshore,2026-06-20T01:54:57Z
2026-06-20T01:54:12Z,2026-06-20T03:54:12+0200,c30b8332-6a35-45c7-931f-0dc00a3a2bb4,2026-06-03T16:30:00Z,2026-06-03T18:30:00+0200,12586.75,MW,FR,FR,actual_onshore_wind_generation,Wind Onshore,2026-06-20T01:54:57Z
2026-06-20T01:54:12Z,2026-06-20T03:54:12+0200,c30b8332-6a35-45c7-931f-0dc00a3a2bb4,2026-06-03T16:45:00Z,2026-06-03T18:45:00+0200,12575.33,MW,FR,FR,actual_onshore_wind_generation,Wind Onshore,2026-06-20T01:54:57Z
2026-06-20T01:54:12Z,2026-06-20T03:54:12+0200,c30b8332-6a35-45c7-931f-0dc00a3a2bb4,2026-06-03T17:00:00Z,2026-06-03T19:00:00+0200,12634.82,MW,FR,FR,actual_onshore_wind_generation,Wind Onshore,2026-06-20T01:54:57Z
2026-06-20T01:54:12Z,2026-06-20T03:54:12+0200,c30b8332-6a35-45c7-931f-0dc00a3a2bb4,2026-06-03T17:15:00Z,2026-06-03T19:15:00+0200,12484.92,MW,FR,FR,actual_onshore_wind_generation,Wind Onshore,2026-06-20T01:54:57Z
2026-06-20T01:54:12Z,2026-06-20T03:54:12+0200,c30b8332-6a35-45c7-931f-0dc00a3a2bb4,2026-06-03T17:30:00Z,2026-06-03T19:30:00+0200,12264.5,MW,FR,FR,actual_onshore_wind_generation,Wind Onshore,2026-06-20T01:54:57Z
2026-06-20T01:54:12Z,2026-06-20T03:54:12+0200,c30b8332-6a35-45c7-931f-0dc00a3a2bb4,2026-06-03T17:45:00Z,2026-06-03T19:45:00+0200,12336.89,MW,FR,FR,actual_onshore_wind_generation,Wind Onshore,2026-06-20T01:54:57Z
2026-06-20T01:54:12Z,2026-06-20T03:54:12+0200,c30b8332-6a35-45c7-931f-0dc00a3a2bb4,2026-06-03T18:00:00Z,2026-06-03T20:00:00+0200,12282.15,MW,FR,FR,actual_onshore_wind_generation,Wind Onshore,2026-06-20T01:54:57Z
2026-06-20T01:54:12Z,2026-06-20T03:54:12+0200,c30b8332-6a35-45c7-931f-0dc00a3a2bb4,2026-06-03T18:15:00Z,2026-06-03T20:15:00+0200,12364.33,MW,FR,FR,actual_onshore_wind_generation,Wind Onshore,2026-06-20T01:54:57Z
2026-06-20T01:54:12Z,2026-06-20T03:54:12+0200,c30b8332-6a35-45c7-931f-0dc00a3a2bb4,2026-06-03T18:30:00Z,2026-06-03T20:30:00+0200,12228.38,MW,FR,FR,actual_onshore_wind_generation,Wind Onshore,2026-06-20T01:54:57Z
2026-06-20T01:54:12Z,2026-06-20T03:54:12+0200,c30b8332-6a35-45c7-931f-0dc00a3a2bb4,2026-06-03T18:45:00Z,2026-06-03T20:45:00+0200,12098.44,MW,FR,FR,actual_onshore_wind_generation,Wind Onshore,2026-06-20T01:54:57Z
2026-06-20T01:54:12Z,2026-06-20T03:54:12+0200,c30b8332-6a35-45c7-931f-0dc00a3a2bb4,2026-06-03T19:00:00Z,2026-06-03T21:00:00+0200,11908.04,MW,FR,FR,actual_onshore_wind_generation,Wind Onshore,2026-06-20T01:54:57Z
2026-06-20T01:54:12Z,2026-06-20T03:54:12+0200,c30b8332-6a35-45c7-931f-0dc00a3a2bb4,2026-06-03T19:15:00Z,2026-06-03T21:15:00+0200,11686.3,MW,FR,FR,actual_onshore_wind_generation,Wind Onshore,2026-06-20T01:54:57Z
2026-06-20T01:54:12Z,2026-06-20T03:54:12+0200,c30b8332-6a35-45c7-931f-0dc00a3a2bb4,2026-06-03T19:30:00Z,2026-06-03T21:30:00+0200,11460.62,MW,FR,FR,actual_onshore_wind_generation,Wind Onshore,2026-06-20T01:54:57Z
2026-06-20T01:54:12Z,2026-06-20T03:54:12+0200,c30b8332-6a35-45c7-931f-0dc00a3a2bb4,2026-06-03T19:45:00Z,2026-06-03T21:45:00+0200,11428.32,MW,FR,FR,actual_onshore_wind_generation,Wind Onshore,2026-06-20T01:54:57Z
2026-06-20T01:54:12Z,2026-06-20T03:54:12+0200,c30b8332-6a35-45c7-931f-0dc00a3a2bb4,2026-06-03T20:00:00Z,2026-06-03T22:00:00+0200,11102.27,MW,FR,FR,actual_onshore_wind_generation,Wind Onshore,2026-06-20T01:54:57Z
2026-06-20T01:54:12Z,2026-06-20T03:54:12+0200,c30b8332-6a35-45c7-931f-0dc00a3a2bb4,2026-06-03T20:15:00Z,2026-06-03T22:15:00+0200,10889.36,MW,FR,FR,actual_onshore_wind_generation,Wind Onshore,2026-06-20T01:54:57Z
2026-06-20T01:54:12Z,2026-06-20T03:54:12+0200,c30b8332-6a35-45c7-931f-0dc00a3a2bb4,2026-06-03T20:30:00Z,2026-06-03T22:30:00+0200,10921.12,MW,FR,FR,actual_onshore_wind_generation,Wind Onshore,2026-06-20T01:54:57Z
2026-06-20T01:54:12Z,2026-06-20T03:54:12+0200,c30b8332-6a35-45c7-931f-0dc00a3a2bb4,2026-06-03T20:45:00Z,2026-06-03T22:45:00+0200,10922.37,MW,FR,FR,actual_onshore_wind_generation,Wind Onshore,2026-06-20T01:54:57Z
2026-06-20T01:54:12Z,2026-06-20T03:54:12+0200,c30b8332-6a35-45c7-931f-0dc00a3a2bb4,2026-06-03T21:00:00Z,2026-06-03T23:00:00+0200,10887.22,MW,FR,FR,actual_onshore_wind_generation,Wind Onshore,2026-06-20T01:54:57Z
2026-06-20T01:54:12Z,2026-06-20T03:54:12+0200,c30b8332-6a35-45c7-931f-0dc00a3a2bb4,2026-06-03T21:15:00Z,2026-06-03T23:15:00+0200,10878.1,MW,FR,FR,actual_onshore_wind_generation,Wind Onshore,2026-06-20T01:54:57Z
2026-06-20T01:54:12Z,2026-06-20T03:54:12+0200,c30b8332-6a35-45c7-931f-0dc00a3a2bb4,2026-06-03T21:30:00Z,2026-06-03T23:30:00+0200,10851.61,MW,FR,FR,actual_onshore_wind_generation,Wind Onshore,2026-06-20T01:54:57Z
2026-06-20T01:54:12Z,2026-06-20T03:54:12+0200,c30b8332-6a35-45c7-931f-0dc00a3a2bb4,2026-06-03T21:45:00Z,2026-06-03T23:45:00+0200,10708.18,MW,FR,FR,actual_onshore_wind_generation,Wind Onshore,2026-06-20T01:54:57Z
2026-06-20T01:54:12Z,2026-06-20T03:54:12+0200,c30b8332-6a35-45c7-931f-0dc00a3a2bb4,2026-06-03T22:00:00Z,2026-06-04T00:00:00+0200,10476.62,MW,FR,FR,actual_onshore_wind_generation,Wind Onshore,2026-06-20T01:54:57Z
2026-06-20T01:54:12Z,2026-06-20T03:54:12+0200,c30b8332-6a35-45c7-931f-0dc00a3a2bb4,2026-06-03T22:15:00Z,2026-06-04T00:15:00+0200,10182.21,MW,FR,FR,actual_onshore_wind_generation,Wind Onshore,2026-06-20T01:54:57Z
2026-06-20T01:54:12Z,2026-06-20T03:54:12+0200,c30b8332-6a35-45c7-931f-0dc00a3a2bb4,2026-06-03T22:30:00Z,2026-06-04T00:30:00+0200,9911.75,MW,FR,FR,actual_onshore_wind_generation,Wind Onshore,2026-06-20T01:54:57Z
2026-06-20T01:54:12Z,2026-06-20T03:54:12+0200,c30b8332-6a35-45c7-931f-0dc00a3a2bb4,2026-06-03T22:45:00Z,2026-06-04T00:45:00+0200,9806.05,MW,FR,FR,actual_onshore_wind_generation,Wind Onshore,2026-06-20T01:54:57Z
2026-06-20T01:54:12Z,2026-06-20T03:54:12+0200,c30b8332-6a35-45c7-931f-0dc00a3a2bb4,2026-06-03T23:00:00Z,2026-06-04T01:00:00+0200,9956.24,MW,FR,FR,actual_onshore_wind_generation,Wind Onshore,2026-06-20T01:54:57Z
2026-06-20T01:54:12Z,2026-06-20T03:54:12+0200,c30b8332-6a35-45c7-931f-0dc00a3a2bb4,2026-06-03T23:15:00Z,2026-06-04T01:15:00+0200,9919.94,MW,FR,FR,actual_onshore_wind_generation,Wind Onshore,2026-06-20T01:54:57Z
2026-06-20T01:54:12Z,2026-06-20T03:54:12+0200,c30b8332-6a35-45c7-931f-0dc00a3a2bb4,2026-06-03T23:30:00Z,2026-06-04T01:30:00+0200,9926.83,MW,FR,FR,actual_onshore_wind_generation,Wind Onshore,2026-06-20T01:54:57Z
2026-06-20T01:54:12Z,2026-06-20T03:54:12+0200,c30b8332-6a35-45c7-931f-0dc00a3a2bb4,2026-06-03T23:45:00Z,2026-06-04T01:45:00+0200,10159.7,MW,FR,FR,actual_onshore_wind_generation,Wind Onshore,2026-06-20T01:54:57Z
2026-06-20T01:54:12Z,2026-06-20T03:54:12+0200,c30b8332-6a35-45c7-931f-0dc00a3a2bb4,2026-06-04T00:00:00Z,2026-06-04T02:00:00+0200,10325.91,MW,FR,FR,actual_onshore_wind_generation,Wind Onshore,2026-06-20T01:54:57Z
2026-06-20T01:54:12Z,2026-06-20T03:54:12+0200,c30b8332-6a35-45c7-931f-0dc00a3a2bb4,2026-06-04T00:15:00Z,2026-06-04T02:15:00+0200,10556.63,MW,FR,FR,actual_onshore_wind_generation,Wind Onshore,2026-06-20T01:54:57Z
2026-06-20T01:54:12Z,2026-06-20T03:54:12+0200,c30b8332-6a35-45c7-931f-0dc00a3a2bb4,2026-06-04T00:30:00Z,2026-06-04T02:30:00+0200,10726.08,MW,FR,FR,actual_onshore_wind_generation,Wind Onshore,2026-06-20T01:54:57Z
2026-06-20T01:54:12Z,2026-06-20T03:54:12+0200,c30b8332-6a35-45c7-931f-0dc00a3a2bb4,2026-06-04T00:45:00Z,2026-06-04T02:45:00+0200,10730.16,MW,FR,FR,actual_onshore_wind_generation,Wind Onshore,2026-06-20T01:54:57Z
2026-06-20T01:54:12Z,2026-06-20T03:54:12+0200,c30b8332-6a35-45c7-931f-0dc00a3a2bb4,2026-06-04T01:00:00Z,2026-06-04T03:00:00+0200,10704.52,MW,FR,FR,actual_onshore_wind_generation,Wind Onshore,2026-06-20T01:54:57Z
2026-06-20T01:54:12Z,2026-06-20T03:54:12+0200,c30b8332-6a35-45c7-931f-0dc00a3a2bb4,2026-06-04T01:15:00Z,2026-06-04T03:15:00+0200,10944.67,MW,FR,FR,actual_onshore_wind_generation,Wind Onshore,2026-06-20T01:54:57Z
2026-06-20T01:54:12Z,2026-06-20T03:54:12+0200,c30b8332-6a35-45c7-931f-0dc00a3a2bb4,2026-06-04T01:30:00Z,2026-06-04T03:30:00+0200,11012.86,MW,FR,FR,actual_onshore_wind_generation,Wind Onshore,2026-06-20T01:54:57Z
2026-06-20T01:54:12Z,2026-06-20T03:54:12+0200,c30b8332-6a35-45c7-931f-0dc00a3a2bb4,2026-06-04T01:45:00Z,2026-06-04T03:45:00+0200,10869.56,MW,FR,FR,actual_onshore_wind_generation,Wind Onshore,2026-06-20T01:54:57Z
2026-06-20T01:54:12Z,2026-06-20T03:54:12+0200,c30b8332-6a35-45c7-931f-0dc00a3a2bb4,2026-06-04T02:00:00Z,2026-06-04T04:00:00+0200,10743.64,MW,FR,FR,actual_onshore_wind_generation,Wind Onshore,2026-06-20T01:54:57Z
2026-06-20T01:54:12Z,2026-06-20T03:54:12+0200,c30b8332-6a35-45c7-931f-0dc00a3a2bb4,2026-06-04T02:15:00Z,2026-06-04T04:15:00+0200,10697.31,MW,FR,FR,actual_onshore_wind_generation,Wind Onshore,2026-06-20T01:54:57Z
2026-06-20T01:54:12Z,2026-06-20T03:54:12+0200,c30b8332-6a35-45c7-931f-0dc00a3a2bb4,2026-06-04T02:30:00Z,2026-06-04T04:30:00+0200,10667.42,MW,FR,FR,actual_onshore_wind_generation,Wind Onshore,2026-06-20T01:54:57Z
2026-06-20T01:54:12Z,2026-06-20T03:54:12+0200,c30b8332-6a35-45c7-931f-0dc00a3a2bb4,2026-06-04T02:45:00Z,2026-06-04T04:45:00+0200,10517.77,MW,FR,FR,actual_onshore_wind_generation,Wind Onshore,2026-06-20T01:54:57Z
2026-06-20T01:54:12Z,2026-06-20T03:54:12+0200,c30b8332-6a35-45c7-931f-0dc00a3a2bb4,2026-06-04T03:00:00Z,2026-06-04T05:00:00+0200,10507.72,MW,FR,FR,actual_onshore_wind_generation,Wind Onshore,2026-06-20T01:54:57Z
2026-06-20T01:54:12Z,2026-06-20T03:54:12+0200,c30b8332-6a35-45c7-931f-0dc00a3a2bb4,2026-06-04T03:15:00Z,2026-06-04T05:15:00+0200,10410.59,MW,FR,FR,actual_onshore_wind_generation,Wind Onshore,2026-06-20T01:54:57Z
2026-06-20T01:54:12Z,2026-06-20T03:54:12+0200,c30b8332-6a35-45c7-931f-0dc00a3a2bb4,2026-06-04T03:30:00Z,2026-06-04T05:30:00+0200,10330.81,MW,FR,FR,actual_onshore_wind_generation,Wind Onshore,2026-06-20T01:54:57Z
2026-06-20T01:54:12Z,2026-06-20T03:54:12+0200,c30b8332-6a35-45c7-931f-0dc00a3a2bb4,2026-06-04T03:45:00Z,2026-06-04T05:45:00+0200,10470.87,MW,FR,FR,actual_onshore_wind_generation,Wind Onshore,2026-06-20T01:54:57Z
2026-06-20T01:54:12Z,2026-06-20T03:54:12+0200,c30b8332-6a35-45c7-931f-0dc00a3a2bb4,2026-06-04T04:00:00Z,2026-06-04T06:00:00+0200,10356.99,MW,FR,FR,actual_onshore_wind_generation,Wind Onshore,2026-06-20T01:54:57Z
2026-06-20T01:54:12Z,2026-06-20T03:54:12+0200,c30b8332-6a35-45c7-931f-0dc00a3a2bb4,2026-06-04T04:15:00Z,2026-06-04T06:15:00+0200,10416.55,MW,FR,FR,actual_onshore_wind_generation,Wind Onshore,2026-06-20T01:54:57Z
2026-06-20T01:54:12Z,2026-06-20T03:54:12+0200,c30b8332-6a35-45c7-931f-0dc00a3a2bb4,2026-06-04T04:30:00Z,2026-06-04T06:30:00+0200,10370.9,MW,FR,FR,actual_onshore_wind_generation,Wind Onshore,2026-06-20T01:54:57Z
2026-06-20T01:54:12Z,2026-06-20T03:54:12+0200,c30b8332-6a35-45c7-931f-0dc00a3a2bb4,2026-06-04T04:45:00Z,2026-06-04T06:45:00+0200,10491.23,MW,FR,FR,actual_onshore_wind_generation,Wind Onshore,2026-06-20T01:54:57Z
2026-06-20T01:54:12Z,2026-06-20T03:54:12+0200,c30b8332-6a35-45c7-931f-0dc00a3a2bb4,2026-06-04T05:00:00Z,2026-06-04T07:00:00+0200,10568.25,MW,FR,FR,actual_onshore_wind_generation,Wind Onshore,2026-06-20T01:54:57Z
2026-06-20T01:54:12Z,2026-06-20T03:54:12+0200,c30b8332-6a35-45c7-931f-0dc00a3a2bb4,2026-06-04T05:15:00Z,2026-06-04T07:15:00+0200,10664.41,MW,FR,FR,actual_onshore_wind_generation,Wind Onshore,2026-06-20T01:54:57Z
2026-06-20T01:54:12Z,2026-06-20T03:54:12+0200,c30b8332-6a35-45c7-931f-0dc00a3a2bb4,2026-06-04T05:30:00Z,2026-06-04T07:30:00+0200,10506.91,MW,FR,FR,actual_onshore_wind_generation,Wind Onshore,2026-06-20T01:54:57Z
2026-06-20T01:54:12Z,2026-06-20T03:54:12+0200,c30b8332-6a35-45c7-931f-0dc00a3a2bb4,2026-06-04T05:45:00Z,2026-06-04T07:45:00+0200,10342.6,MW,FR,FR,actual_onshore_wind_generation,Wind Onshore,2026-06-20T01:54:57Z
2026-06-20T01:54:12Z,2026-06-20T03:54:12+0200,c30b8332-6a35-45c7-931f-0dc00a3a2bb4,2026-06-04T06:00:00Z,2026-06-04T08:00:00+0200,10242.02,MW,FR,FR,actual_onshore_wind_generation,Wind Onshore,2026-06-20T01:54:57Z
2026-06-20T01:54:12Z,2026-06-20T03:54:12+0200,c30b8332-6a35-45c7-931f-0dc00a3a2bb4,2026-06-04T06:15:00Z,2026-06-04T08:15:00+0200,10190.53,MW,FR,FR,actual_onshore_wind_generation,Wind Onshore,2026-06-20T01:54:57Z
2026-06-20T01:54:12Z,2026-06-20T03:54:12+0200,c30b8332-6a35-45c7-931f-0dc00a3a2bb4,2026-06-04T06:30:00Z,2026-06-04T08:30:00+0200,10236.12,MW,FR,FR,actual_onshore_wind_generation,Wind Onshore,2026-06-20T01:54:57Z
2026-06-20T01:54:12Z,2026-06-20T03:54:12+0200,c30b8332-6a35-45c7-931f-0dc00a3a2bb4,2026-06-04T06:45:00Z,2026-06-04T08:45:00+0200,10399.36,MW,FR,FR,actual_onshore_wind_generation,Wind Onshore,2026-06-20T01:54:57Z
2026-06-20T01:54:12Z,2026-06-20T03:54:12+0200,c30b8332-6a35-45c7-931f-0dc00a3a2bb4,2026-06-04T07:00:00Z,2026-06-04T09:00:00+0200,10463.45,MW,FR,FR,actual_onshore_wind_generation,Wind Onshore,2026-06-20T01:54:57Z
2026-06-20T01:54:12Z,2026-06-20T03:54:12+0200,c30b8332-6a35-45c7-931f-0dc00a3a2bb4,2026-06-04T07:15:00Z,2026-06-04T09:15:00+0200,10463.02,MW,FR,FR,actual_onshore_wind_generation,Wind Onshore,2026-06-20T01:54:57Z
2026-06-20T01:54:12Z,2026-06-20T03:54:12+0200,c30b8332-6a35-45c7-931f-0dc00a3a2bb4,2026-06-04T07:30:00Z,2026-06-04T09:30:00+0200,10517.77,MW,FR,FR,actual_onshore_wind_generation,Wind Onshore,2026-06-20T01:54:57Z
2026-06-20T01:54:12Z,2026-06-20T03:54:12+0200,c30b8332-6a35-45c7-931f-0dc00a3a2bb4,2026-06-04T07:45:00Z,2026-06-04T09:45:00+0200,10656.38,MW,FR,FR,actual_onshore_wind_generation,Wind Onshore,2026-06-20T01:54:57Z
2026-06-20T01:54:12Z,2026-06-20T03:54:12+0200,c30b8332-6a35-45c7-931f-0dc00a3a2bb4,2026-06-04T08:00:00Z,2026-06-04T10:00:00+0200,10912.61,MW,FR,FR,actual_onshore_wind_generation,Wind Onshore,2026-06-20T01:54:57Z
2026-06-20T01:54:12Z,2026-06-20T03:54:12+0200,c30b8332-6a35-45c7-931f-0dc00a3a2bb4,2026-06-04T08:15:00Z,2026-06-04T10:15:00+0200,11077.21,MW,FR,FR,actual_onshore_wind_generation,Wind Onshore,2026-06-20T01:54:57Z
2026-06-20T01:54:12Z,2026-06-20T03:54:12+0200,c30b8332-6a35-45c7-931f-0dc00a3a2bb4,2026-06-04T08:30:00Z,2026-06-04T10:30:00+0200,11385.43,MW,FR,FR,actual_onshore_wind_generation,Wind Onshore,2026-06-20T01:54:57Z
2026-06-20T01:54:12Z,2026-06-20T03:54:12+0200,c30b8332-6a35-45c7-931f-0dc00a3a2bb4,2026-06-04T08:45:00Z,2026-06-04T10:45:00+0200,11534.15,MW,FR,FR,actual_onshore_wind_generation,Wind Onshore,2026-06-20T01:54:57Z
2026-06-20T01:54:12Z,2026-06-20T03:54:12+0200,c30b8332-6a35-45c7-931f-0dc00a3a2bb4,2026-06-04T09:00:00Z,2026-06-04T11:00:00+0200,11458.43,MW,FR,FR,actual_onshore_wind_generation,Wind Onshore,2026-06-20T01:54:57Z
2026-06-20T01:54:12Z,2026-06-20T03:54:12+0200,c30b8332-6a35-45c7-931f-0dc00a3a2bb4,2026-06-04T09:15:00Z,2026-06-04T11:15:00+0200,11756.19,MW,FR,FR,actual_onshore_wind_generation,Wind Onshore,2026-06-20T01:54:57Z
2026-06-20T01:54:12Z,2026-06-20T03:54:12+0200,c30b8332-6a35-45c7-931f-0dc00a3a2bb4,2026-06-04T09:30:00Z,2026-06-04T11:30:00+0200,10799.3,MW,FR,FR,actual_onshore_wind_generation,Wind Onshore,2026-06-20T01:54:57Z
2026-06-20T01:54:12Z,2026-06-20T03:54:12+0200,c30b8332-6a35-45c7-931f-0dc00a3a2bb4,2026-06-04T09:45:00Z,2026-06-04T11:45:00+0200,8435.78,MW,FR,FR,actual_onshore_wind_generation,Wind Onshore,2026-06-20T01:54:57Z
2026-06-20T01:54:12Z,2026-06-20T03:54:12+0200,c30b8332-6a35-45c7-931f-0dc00a3a2bb4,2026-06-04T10:00:00Z,2026-06-04T12:00:00+0200,10333.24,MW,FR,FR,actual_onshore_wind_generation,Wind Onshore,2026-06-20T01:54:57Z
2026-06-20T01:54:12Z,2026-06-20T03:54:12+0200,c30b8332-6a35-45c7-931f-0dc00a3a2bb4,2026-06-04T10:15:00Z,2026-06-04T12:15:00+0200,11874.88,MW,FR,FR,actual_onshore_wind_generation,Wind Onshore,2026-06-20T01:54:57Z
2026-06-20T01:54:12Z,2026-06-20T03:54:12+0200,c30b8332-6a35-45c7-931f-0dc00a3a2bb4,2026-06-04T10:30:00Z,2026-06-04T12:30:00+0200,10930.66,MW,FR,FR,actual_onshore_wind_generation,Wind Onshore,2026-06-20T01:54:57Z
2026-06-20T01:54:12Z,2026-06-20T03:54:12+0200,c30b8332-6a35-45c7-931f-0dc00a3a2bb4,2026-06-04T10:45:00Z,2026-06-04T12:45:00+0200,8244.46,MW,FR,FR,actual_onshore_wind_generation,Wind Onshore,2026-06-20T01:54:57Z
2026-06-20T01:54:12Z,2026-06-20T03:54:12+0200,c30b8332-6a35-45c7-931f-0dc00a3a2bb4,2026-06-04T11:00:00Z,2026-06-04T13:00:00+0200,7849.59,MW,FR,FR,actual_onshore_wind_generation,Wind Onshore,2026-06-20T01:54:57Z
2026-06-20T01:54:12Z,2026-06-20T03:54:12+0200,c30b8332-6a35-45c7-931f-0dc00a3a2bb4,2026-06-04T11:15:00Z,2026-06-04T13:15:00+0200,7757.17,MW,FR,FR,actual_onshore_wind_generation,Wind Onshore,2026-06-20T01:54:57Z
2026-06-20T01:54:12Z,2026-06-20T03:54:12+0200,c30b8332-6a35-45c7-931f-0dc00a3a2bb4,2026-06-04T11:30:00Z,2026-06-04T13:30:00+0200,7665.61,MW,FR,FR,actual_onshore_wind_generation,Wind Onshore,2026-06-20T01:54:57Z
2026-06-20T01:54:12Z,2026-06-20T03:54:12+0200,c30b8332-6a35-45c7-931f-0dc00a3a2bb4,2026-06-04T11:45:00Z,2026-06-04T13:45:00+0200,7856.08,MW,FR,FR,actual_onshore_wind_generation,Wind Onshore,2026-06-20T01:54:57Z
2026-06-20T01:54:12Z,2026-06-20T03:54:12+0200,c30b8332-6a35-45c7-931f-0dc00a3a2bb4,2026-06-04T12:00:00Z,2026-06-04T14:00:00+0200,7916.27,MW,FR,FR,actual_onshore_wind_generation,Wind Onshore,2026-06-20T01:54:57Z
2026-06-20T01:54:12Z,2026-06-20T03:54:12+0200,c30b8332-6a35-45c7-931f-0dc00a3a2bb4,2026-06-04T12:15:00Z,2026-06-04T14:15:00+0200,7988.15,MW,FR,FR,actual_onshore_wind_generation,Wind Onshore,2026-06-20T01:54:57Z
2026-06-20T01:54:12Z,2026-06-20T03:54:12+0200,c30b8332-6a35-45c7-931f-0dc00a3a2bb4,2026-06-04T12:30:00Z,2026-06-04T14:30:00+0200,8003.66,MW,FR,FR,actual_onshore_wind_generation,Wind Onshore,2026-06-20T01:54:57Z
2026-06-20T01:54:12Z,2026-06-20T03:54:12+0200,c30b8332-6a35-45c7-931f-0dc00a3a2bb4,2026-06-04T12:45:00Z,2026-06-04T14:45:00+0200,8002.61,MW,FR,FR,actual_onshore_wind_generation,Wind Onshore,2026-06-20T01:54:57Z
2026-06-20T01:54:12Z,2026-06-20T03:54:12+0200,c30b8332-6a35-45c7-931f-0dc00a3a2bb4,2026-06-04T13:00:00Z,2026-06-04T15:00:00+0200,7819.99,MW,FR,FR,actual_onshore_wind_generation,Wind Onshore,2026-06-20T01:54:57Z
2026-06-20T01:54:12Z,2026-06-20T03:54:12+0200,c30b8332-6a35-45c7-931f-0dc00a3a2bb4,2026-06-04T13:15:00Z,2026-06-04T15:15:00+0200,7845.28,MW,FR,FR,actual_onshore_wind_generation,Wind Onshore,2026-06-20T01:54:57Z
2026-06-20T01:54:12Z,2026-06-20T03:54:12+0200,c30b8332-6a35-45c7-931f-0dc00a3a2bb4,2026-06-04T13:30:00Z,2026-06-04T15:30:00+0200,7791.49,MW,FR,FR,actual_onshore_wind_generation,Wind Onshore,2026-06-20T01:54:57Z
2026-06-20T01:54:12Z,2026-06-20T03:54:12+0200,c30b8332-6a35-45c7-931f-0dc00a3a2bb4,2026-06-04T13:45:00Z,2026-06-04T15:45:00+0200,7840.81,MW,FR,FR,actual_onshore_wind_generation,Wind Onshore,2026-06-20T01:54:57Z
2026-06-20T01:54:12Z,2026-06-20T03:54:12+0200,c30b8332-6a35-45c7-931f-0dc00a3a2bb4,2026-06-04T14:00:00Z,2026-06-04T16:00:00+0200,7888.12,MW,FR,FR,actual_onshore_wind_generation,Wind Onshore,2026-06-20T01:54:57Z
2026-06-20T01:54:12Z,2026-06-20T03:54:12+0200,c30b8332-6a35-45c7-931f-0dc00a3a2bb4,2026-06-04T14:15:00Z,2026-06-04T16:15:00+0200,7953.44,MW,FR,FR,actual_onshore_wind_generation,Wind Onshore,2026-06-20T01:54:57Z
2026-06-20T01:54:12Z,2026-06-20T03:54:12+0200,c30b8332-6a35-45c7-931f-0dc00a3a2bb4,2026-06-04T14:30:00Z,2026-06-04T16:30:00+0200,8011.79,MW,FR,FR,actual_onshore_wind_generation,Wind Onshore,2026-06-20T01:54:57Z
2026-06-20T01:54:12Z,2026-06-20T03:54:12+0200,c30b8332-6a35-45c7-931f-0dc00a3a2bb4,2026-06-04T14:45:00Z,2026-06-04T16:45:00+0200,7908.17,MW,FR,FR,actual_onshore_wind_generation,Wind Onshore,2026-06-20T01:54:57Z
2026-06-20T01:54:12Z,2026-06-20T03:54:12+0200,c30b8332-6a35-45c7-931f-0dc00a3a2bb4,2026-06-04T15:00:00Z,2026-06-04T17:00:00+0200,7887.25,MW,FR,FR,actual_onshore_wind_generation,Wind Onshore,2026-06-20T01:54:57Z
2026-06-20T01:54:12Z,2026-06-20T03:54:12+0200,c30b8332-6a35-45c7-931f-0dc00a3a2bb4,2026-06-04T15:15:00Z,2026-06-04T17:15:00+0200,7798.63,MW,FR,FR,actual_onshore_wind_generation,Wind Onshore,2026-06-20T01:54:57Z
2026-06-20T01:54:12Z,2026-06-20T03:54:12+0200,c30b8332-6a35-45c7-931f-0dc00a3a2bb4,2026-06-04T15:30:00Z,2026-06-04T17:30:00+0200,7811.71,MW,FR,FR,actual_onshore_wind_generation,Wind Onshore,2026-06-20T01:54:57Z
2026-06-20T01:54:12Z,2026-06-20T03:54:12+0200,c30b8332-6a35-45c7-931f-0dc00a3a2bb4,2026-06-04T15:45:00Z,2026-06-04T17:45:00+0200,7675.79,MW,FR,FR,actual_onshore_wind_generation,Wind Onshore,2026-06-20T01:54:57Z
2026-06-20T01:54:12Z,2026-06-20T03:54:12+0200,c30b8332-6a35-45c7-931f-0dc00a3a2bb4,2026-06-04T16:00:00Z,2026-06-04T18:00:00+0200,8076.52,MW,FR,FR,actual_onshore_wind_generation,Wind Onshore,2026-06-20T01:54:57Z
2026-06-20T01:54:12Z,2026-06-20T03:54:12+0200,c30b8332-6a35-45c7-931f-0dc00a3a2bb4,2026-06-04T16:15:00Z,2026-06-04T18:15:00+0200,10789.83,MW,FR,FR,actual_onshore_wind_generation,Wind Onshore,2026-06-20T01:54:57Z
2026-06-20T01:54:12Z,2026-06-20T03:54:12+0200,c30b8332-6a35-45c7-931f-0dc00a3a2bb4,2026-06-04T16:30:00Z,2026-06-04T18:30:00+0200,12495.61,MW,FR,FR,actual_onshore_wind_generation,Wind Onshore,2026-06-20T01:54:57Z
2026-06-20T01:54:12Z,2026-06-20T03:54:12+0200,c30b8332-6a35-45c7-931f-0dc00a3a2bb4,2026-06-04T16:45:00Z,2026-06-04T18:45:00+0200,12504.22,MW,FR,FR,actual_onshore_wind_generation,Wind Onshore,2026-06-20T01:54:57Z
2026-06-20T01:54:12Z,2026-06-20T03:54:12+0200,c30b8332-6a35-45c7-931f-0dc00a3a2bb4,2026-06-04T17:00:00Z,2026-06-04T19:00:00+0200,12417.54,MW,FR,FR,actual_onshore_wind_generation,Wind Onshore,2026-06-20T01:54:57Z
2026-06-20T01:54:12Z,2026-06-20T03:54:12+0200,c30b8332-6a35-45c7-931f-0dc00a3a2bb4,2026-06-04T17:15:00Z,2026-06-04T19:15:00+0200,12049.09,MW,FR,FR,actual_onshore_wind_generation,Wind Onshore,2026-06-20T01:54:57Z
2026-06-20T01:54:12Z,2026-06-20T03:54:12+0200,c30b8332-6a35-45c7-931f-0dc00a3a2bb4,2026-06-04T17:30:00Z,2026-06-04T19:30:00+0200,11663.37,MW,FR,FR,actual_onshore_wind_generation,Wind Onshore,2026-06-20T01:54:57Z
2026-06-20T01:54:12Z,2026-06-20T03:54:12+0200,c30b8332-6a35-45c7-931f-0dc00a3a2bb4,2026-06-04T17:45:00Z,2026-06-04T19:45:00+0200,11571.34,MW,FR,FR,actual_onshore_wind_generation,Wind Onshore,2026-06-20T01:54:57Z
2026-06-20T01:54:12Z,2026-06-20T03:54:12+0200,c30b8332-6a35-45c7-931f-0dc00a3a2bb4,2026-06-04T18:00:00Z,2026-06-04T20:00:00+0200,11065.28,MW,FR,FR,actual_onshore_wind_generation,Wind Onshore,2026-06-20T01:54:57Z
2026-06-20T01:54:12Z,2026-06-20T03:54:12+0200,c30b8332-6a35-45c7-931f-0dc00a3a2bb4,2026-06-04T18:15:00Z,2026-06-04T20:15:00+0200,10581.11,MW,FR,FR,actual_onshore_wind_generation,Wind Onshore,2026-06-20T01:54:57Z
2026-06-20T01:54:12Z,2026-06-20T03:54:12+0200,c30b8332-6a35-45c7-931f-0dc00a3a2bb4,2026-06-04T18:30:00Z,2026-06-04T20:30:00+0200,10270.77,MW,FR,FR,actual_onshore_wind_generation,Wind Onshore,2026-06-20T01:54:57Z
2026-06-20T01:54:12Z,2026-06-20T03:54:12+0200,c30b8332-6a35-45c7-931f-0dc00a3a2bb4,2026-06-04T18:45:00Z,2026-06-04T20:45:00+0200,9943.72,MW,FR,FR,actual_onshore_wind_generation,Wind Onshore,2026-06-20T01:54:57Z
2026-06-20T01:54:12Z,2026-06-20T03:54:12+0200,c30b8332-6a35-45c7-931f-0dc00a3a2bb4,2026-06-04T19:00:00Z,2026-06-04T21:00:00+0200,9340.22,MW,FR,FR,actual_onshore_wind_generation,Wind Onshore,2026-06-20T01:54:57Z
2026-06-20T01:54:12Z,2026-06-20T03:54:12+0200,c30b8332-6a35-45c7-931f-0dc00a3a2bb4,2026-06-04T19:15:00Z,2026-06-04T21:15:00+0200,9039.0,MW,FR,FR,actual_onshore_wind_generation,Wind Onshore,2026-06-20T01:54:57Z
2026-06-20T01:54:12Z,2026-06-20T03:54:12+0200,c30b8332-6a35-45c7-931f-0dc00a3a2bb4,2026-06-04T19:30:00Z,2026-06-04T21:30:00+0200,8803.06,MW,FR,FR,actual_onshore_wind_generation,Wind Onshore,2026-06-20T01:54:57Z
2026-06-20T01:54:12Z,2026-06-20T03:54:12+0200,c30b8332-6a35-45c7-931f-0dc00a3a2bb4,2026-06-04T19:45:00Z,2026-06-04T21:45:00+0200,8708.78,MW,FR,FR,actual_onshore_wind_generation,Wind Onshore,2026-06-20T01:54:57Z
2026-06-20T01:54:12Z,2026-06-20T03:54:12+0200,c30b8332-6a35-45c7-931f-0dc00a3a2bb4,2026-06-04T20:00:00Z,2026-06-04T22:00:00+0200,8397.8,MW,FR,FR,actual_onshore_wind_generation,Wind Onshore,2026-06-20T01:54:57Z
2026-06-20T01:54:12Z,2026-06-20T03:54:12+0200,c30b8332-6a35-45c7-931f-0dc00a3a2bb4,2026-06-04T20:15:00Z,2026-06-04T22:15:00+0200,8278.32,MW,FR,FR,actual_onshore_wind_generation,Wind Onshore,2026-06-20T01:54:57Z
2026-06-20T01:54:12Z,2026-06-20T03:54:12+0200,c30b8332-6a35-45c7-931f-0dc00a3a2bb4,2026-06-04T20:30:00Z,2026-06-04T22:30:00+0200,8287.42,MW,FR,FR,actual_onshore_wind_generation,Wind Onshore,2026-06-20T01:54:57Z
2026-06-20T01:54:12Z,2026-06-20T03:54:12+0200,c30b8332-6a35-45c7-931f-0dc00a3a2bb4,2026-06-04T20:45:00Z,2026-06-04T22:45:00+0200,8090.0,MW,FR,FR,actual_onshore_wind_generation,Wind Onshore,2026-06-20T01:54:57Z
2026-06-20T01:54:12Z,2026-06-20T03:54:12+0200,c30b8332-6a35-45c7-931f-0dc00a3a2bb4,2026-06-04T21:00:00Z,2026-06-04T23:00:00+0200,7849.05,MW,FR,FR,actual_onshore_wind_generation,Wind Onshore,2026-06-20T01:54:57Z
2026-06-20T01:54:12Z,2026-06-20T03:54:12+0200,c30b8332-6a35-45c7-931f-0dc00a3a2bb4,2026-06-04T21:15:00Z,2026-06-04T23:15:00+0200,7778.7,MW,FR,FR,actual_onshore_wind_generation,Wind Onshore,2026-06-20T01:54:57Z
2026-06-20T01:54:12Z,2026-06-20T03:54:12+0200,c30b8332-6a35-45c7-931f-0dc00a3a2bb4,2026-06-04T21:30:00Z,2026-06-04T23:30:00+0200,7673.72,MW,FR,FR,actual_onshore_wind_generation,Wind Onshore,2026-06-20T01:54:57Z
2026-06-20T01:54:12Z,2026-06-20T03:54:12+0200,c30b8332-6a35-45c7-931f-0dc00a3a2bb4,2026-06-04T21:45:00Z,2026-06-04T23:45:00+0200,7511.0,MW,FR,FR,actual_onshore_wind_generation,Wind Onshore,2026-06-20T01:54:57Z
2026-06-20T01:54:12Z,2026-06-20T03:54:12+0200,c30b8332-6a35-45c7-931f-0dc00a3a2bb4,2026-06-04T22:00:00Z,2026-06-05T00:00:00+0200,7445.7,MW,FR,FR,actual_onshore_wind_generation,Wind Onshore,2026-06-20T01:54:57Z
2026-06-20T01:54:12Z,2026-06-20T03:54:12+0200,c30b8332-6a35-45c7-931f-0dc00a3a2bb4,2026-06-04T22:15:00Z,2026-06-05T00:15:00+0200,7438.43,MW,FR,FR,actual_onshore_wind_generation,Wind Onshore,2026-06-20T01:54:57Z
2026-06-20T01:54:12Z,2026-06-20T03:54:12+0200,c30b8332-6a35-45c7-931f-0dc00a3a2bb4,2026-06-04T22:30:00Z,2026-06-05T00:30:00+0200,7332.95,MW,FR,FR,actual_onshore_wind_generation,Wind Onshore,2026-06-20T01:54:57Z
2026-06-20T01:54:12Z,2026-06-20T03:54:12+0200,c30b8332-6a35-45c7-931f-0dc00a3a2bb4,2026-06-04T22:45:00Z,2026-06-05T00:45:00+0200,7106.67,MW,FR,FR,actual_onshore_wind_generation,Wind Onshore,2026-06-20T01:54:57Z
2026-06-20T01:54:12Z,2026-06-20T03:54:12+0200,c30b8332-6a35-45c7-931f-0dc00a3a2bb4,2026-06-04T23:00:00Z,2026-06-05T01:00:00+0200,7049.3,MW,FR,FR,actual_onshore_wind_generation,Wind Onshore,2026-06-20T01:54:57Z
2026-06-20T01:54:12Z,2026-06-20T03:54:12+0200,c30b8332-6a35-45c7-931f-0dc00a3a2bb4,2026-06-04T23:15:00Z,2026-06-05T01:15:00+0200,6857.74,MW,FR,FR,actual_onshore_wind_generation,Wind Onshore,2026-06-20T01:54:57Z
2026-06-20T01:54:12Z,2026-06-20T03:54:12+0200,c30b8332-6a35-45c7-931f-0dc00a3a2bb4,2026-06-04T23:30:00Z,2026-06-05T01:30:00+0200,6710.78,MW,FR,FR,actual_onshore_wind_generation,Wind Onshore,2026-06-20T01:54:57Z
2026-06-20T01:54:12Z,2026-06-20T03:54:12+0200,c30b8332-6a35-45c7-931f-0dc00a3a2bb4,2026-06-04T23:45:00Z,2026-06-05T01:45:00+0200,6614.3,MW,FR,FR,actual_onshore_wind_generation,Wind Onshore,2026-06-20T01:54:57Z
2026-06-20T01:54:12Z,2026-06-20T03:54:12+0200,c30b8332-6a35-45c7-931f-0dc00a3a2bb4,2026-06-05T00:00:00Z,2026-06-05T02:00:00+0200,6550.26,MW,FR,FR,actual_onshore_wind_generation,Wind Onshore,2026-06-20T01:54:57Z
2026-06-20T01:54:12Z,2026-06-20T03:54:12+0200,c30b8332-6a35-45c7-931f-0dc00a3a2bb4,2026-06-05T00:15:00Z,2026-06-05T02:15:00+0200,6651.92,MW,FR,FR,actual_onshore_wind_generation,Wind Onshore,2026-06-20T01:54:57Z
2026-06-20T01:54:12Z,2026-06-20T03:54:12+0200,c30b8332-6a35-45c7-931f-0dc00a3a2bb4,2026-06-05T00:30:00Z,2026-06-05T02:30:00+0200,6629.99,MW,FR,FR,actual_onshore_wind_generation,Wind Onshore,2026-06-20T01:54:57Z
2026-06-20T01:54:12Z,2026-06-20T03:54:12+0200,c30b8332-6a35-45c7-931f-0dc00a3a2bb4,2026-06-05T00:45:00Z,2026-06-05T02:45:00+0200,6613.81,MW,FR,FR,actual_onshore_wind_generation,Wind Onshore,2026-06-20T01:54:57Z
2026-06-20T01:54:12Z,2026-06-20T03:54:12+0200,c30b8332-6a35-45c7-931f-0dc00a3a2bb4,2026-06-05T01:00:00Z,2026-06-05T03:00:00+0200,6519.33,MW,FR,FR,actual_onshore_wind_generation,Wind Onshore,2026-06-20T01:54:57Z
2026-06-20T01:54:12Z,2026-06-20T03:54:12+0200,c30b8332-6a35-45c7-931f-0dc00a3a2bb4,2026-06-05T01:15:00Z,2026-06-05T03:15:00+0200,6339.29,MW,FR,FR,actual_onshore_wind_generation,Wind Onshore,2026-06-20T01:54:57Z
2026-06-20T01:54:12Z,2026-06-20T03:54:12+0200,c30b8332-6a35-45c7-931f-0dc00a3a2bb4,2026-06-05T01:30:00Z,2026-06-05T03:30:00+0200,6259.17,MW,FR,FR,actual_onshore_wind_generation,Wind Onshore,2026-06-20T01:54:57Z
2026-06-20T01:54:12Z,2026-06-20T03:54:12+0200,c30b8332-6a35-45c7-931f-0dc00a3a2bb4,2026-06-05T01:45:00Z,2026-06-05T03:45:00+0200,6311.74,MW,FR,FR,actual_onshore_wind_generation,Wind Onshore,2026-06-20T01:54:57Z
2026-06-20T01:54:12Z,2026-06-20T03:54:12+0200,c30b8332-6a35-45c7-931f-0dc00a3a2bb4,2026-06-05T02:00:00Z,2026-06-05T04:00:00+0200,6329.91,MW,FR,FR,actual_onshore_wind_generation,Wind Onshore,2026-06-20T01:54:57Z
2026-06-20T01:54:12Z,2026-06-20T03:54:12+0200,c30b8332-6a35-45c7-931f-0dc00a3a2bb4,2026-06-05T02:15:00Z,2026-06-05T04:15:00+0200,6281.54,MW,FR,FR,actual_onshore_wind_generation,Wind Onshore,2026-06-20T01:54:57Z
2026-06-20T01:54:12Z,2026-06-20T03:54:12+0200,c30b8332-6a35-45c7-931f-0dc00a3a2bb4,2026-06-05T02:30:00Z,2026-06-05T04:30:00+0200,6173.59,MW,FR,FR,actual_onshore_wind_generation,Wind Onshore,2026-06-20T01:54:57Z
2026-06-20T01:54:12Z,2026-06-20T03:54:12+0200,c30b8332-6a35-45c7-931f-0dc00a3a2bb4,2026-06-05T02:45:00Z,2026-06-05T04:45:00+0200,6106.22,MW,FR,FR,actual_onshore_wind_generation,Wind Onshore,2026-06-20T01:54:57Z
2026-06-20T01:54:12Z,2026-06-20T03:54:12+0200,c30b8332-6a35-45c7-931f-0dc00a3a2bb4,2026-06-05T03:00:00Z,2026-06-05T05:00:00+0200,5945.44,MW,FR,FR,actual_onshore_wind_generation,Wind Onshore,2026-06-20T01:54:57Z
2026-06-20T01:54:12Z,2026-06-20T03:54:12+0200,c30b8332-6a35-45c7-931f-0dc00a3a2bb4,2026-06-05T03:15:00Z,2026-06-05T05:15:00+0200,5801.76,MW,FR,FR,actual_onshore_wind_generation,Wind Onshore,2026-06-20T01:54:57Z
2026-06-20T01:54:12Z,2026-06-20T03:54:12+0200,c30b8332-6a35-45c7-931f-0dc00a3a2bb4,2026-06-05T03:30:00Z,2026-06-05T05:30:00+0200,5542.04,MW,FR,FR,actual_onshore_wind_generation,Wind Onshore,2026-06-20T01:54:57Z
2026-06-20T01:54:12Z,2026-06-20T03:54:12+0200,c30b8332-6a35-45c7-931f-0dc00a3a2bb4,2026-06-05T03:45:00Z,2026-06-05T05:45:00+0200,5226.8,MW,FR,FR,actual_onshore_wind_generation,Wind Onshore,2026-06-20T01:54:57Z
2026-06-20T01:54:12Z,2026-06-20T03:54:12+0200,c30b8332-6a35-45c7-931f-0dc00a3a2bb4,2026-06-05T04:00:00Z,2026-06-05T06:00:00+0200,4976.47,MW,FR,FR,actual_onshore_wind_generation,Wind Onshore,2026-06-20T01:54:57Z
2026-06-20T01:54:12Z,2026-06-20T03:54:12+0200,c30b8332-6a35-45c7-931f-0dc00a3a2bb4,2026-06-05T04:15:00Z,2026-06-05T06:15:00+0200,4904.13,MW,FR,FR,actual_onshore_wind_generation,Wind Onshore,2026-06-20T01:54:57Z
2026-06-20T01:54:12Z,2026-06-20T03:54:12+0200,c30b8332-6a35-45c7-931f-0dc00a3a2bb4,2026-06-05T04:30:00Z,2026-06-05T06:30:00+0200,4726.57,MW,FR,FR,actual_onshore_wind_generation,Wind Onshore,2026-06-20T01:54:57Z
2026-06-20T01:54:12Z,2026-06-20T03:54:12+0200,c30b8332-6a35-45c7-931f-0dc00a3a2bb4,2026-06-05T04:45:00Z,2026-06-05T06:45:00+0200,4515.32,MW,FR,FR,actual_onshore_wind_generation,Wind Onshore,2026-06-20T01:54:57Z
2026-06-20T01:54:12Z,2026-06-20T03:54:12+0200,c30b8332-6a35-45c7-931f-0dc00a3a2bb4,2026-06-05T05:00:00Z,2026-06-05T07:00:00+0200,4326.12,MW,FR,FR,actual_onshore_wind_generation,Wind Onshore,2026-06-20T01:54:57Z
2026-06-20T01:54:12Z,2026-06-20T03:54:12+0200,c30b8332-6a35-45c7-931f-0dc00a3a2bb4,2026-06-05T05:15:00Z,2026-06-05T07:15:00+0200,4095.03,MW,FR,FR,actual_onshore_wind_generation,Wind Onshore,2026-06-20T01:54:57Z
2026-06-20T01:54:12Z,2026-06-20T03:54:12+0200,c30b8332-6a35-45c7-931f-0dc00a3a2bb4,2026-06-05T05:30:00Z,2026-06-05T07:30:00+0200,3812.62,MW,FR,FR,actual_onshore_wind_generation,Wind Onshore,2026-06-20T01:54:57Z
2026-06-20T01:54:12Z,2026-06-20T03:54:12+0200,c30b8332-6a35-45c7-931f-0dc00a3a2bb4,2026-06-05T05:45:00Z,2026-06-05T07:45:00+0200,3626.14,MW,FR,FR,actual_onshore_wind_generation,Wind Onshore,2026-06-20T01:54:57Z
2026-06-20T01:54:12Z,2026-06-20T03:54:12+0200,c30b8332-6a35-45c7-931f-0dc00a3a2bb4,2026-06-05T06:00:00Z,2026-06-05T08:00:00+0200,3584.5,MW,FR,FR,actual_onshore_wind_generation,Wind Onshore,2026-06-20T01:54:57Z
2026-06-20T01:54:12Z,2026-06-20T03:54:12+0200,c30b8332-6a35-45c7-931f-0dc00a3a2bb4,2026-06-05T06:15:00Z,2026-06-05T08:15:00+0200,3481.07,MW,FR,FR,actual_onshore_wind_generation,Wind Onshore,2026-06-20T01:54:57Z
2026-06-20T01:54:12Z,2026-06-20T03:54:12+0200,c30b8332-6a35-45c7-931f-0dc00a3a2bb4,2026-06-05T06:30:00Z,2026-06-05T08:30:00+0200,3410.6,MW,FR,FR,actual_onshore_wind_generation,Wind Onshore,2026-06-20T01:54:57Z
2026-06-20T01:54:12Z,2026-06-20T03:54:12+0200,c30b8332-6a35-45c7-931f-0dc00a3a2bb4,2026-06-05T06:45:00Z,2026-06-05T08:45:00+0200,3415.97,MW,FR,FR,actual_onshore_wind_generation,Wind Onshore,2026-06-20T01:54:57Z
2026-06-20T01:54:12Z,2026-06-20T03:54:12+0200,c30b8332-6a35-45c7-931f-0dc00a3a2bb4,2026-06-05T07:00:00Z,2026-06-05T09:00:00+0200,3362.73,MW,FR,FR,actual_onshore_wind_generation,Wind Onshore,2026-06-20T01:54:57Z
2026-06-20T01:54:12Z,2026-06-20T03:54:12+0200,c30b8332-6a35-45c7-931f-0dc00a3a2bb4,2026-06-05T07:15:00Z,2026-06-05T09:15:00+0200,3292.19,MW,FR,FR,actual_onshore_wind_generation,Wind Onshore,2026-06-20T01:54:57Z
2026-06-20T01:54:12Z,2026-06-20T03:54:12+0200,c30b8332-6a35-45c7-931f-0dc00a3a2bb4,2026-06-05T07:30:00Z,2026-06-05T09:30:00+0200,3338.26,MW,FR,FR,actual_onshore_wind_generation,Wind Onshore,2026-06-20T01:54:57Z
2026-06-20T01:54:12Z,2026-06-20T03:54:12+0200,c30b8332-6a35-45c7-931f-0dc00a3a2bb4,2026-06-05T07:45:00Z,2026-06-05T09:45:00+0200,3334.44,MW,FR,FR,actual_onshore_wind_generation,Wind Onshore,2026-06-20T01:54:57Z
2026-06-20T01:54:12Z,2026-06-20T03:54:12+0200,c30b8332-6a35-45c7-931f-0dc00a3a2bb4,2026-06-05T08:00:00Z,2026-06-05T10:00:00+0200,3295.66,MW,FR,FR,actual_onshore_wind_generation,Wind Onshore,2026-06-20T01:54:57Z
2026-06-20T01:54:12Z,2026-06-20T03:54:12+0200,c30b8332-6a35-45c7-931f-0dc00a3a2bb4,2026-06-05T08:15:00Z,2026-06-05T10:15:00+0200,3327.2,MW,FR,FR,actual_onshore_wind_generation,Wind Onshore,2026-06-20T01:54:57Z
2026-06-20T01:54:12Z,2026-06-20T03:54:12+0200,c30b8332-6a35-45c7-931f-0dc00a3a2bb4,2026-06-05T08:30:00Z,2026-06-05T10:30:00+0200,3315.27,MW,FR,FR,actual_onshore_wind_generation,Wind Onshore,2026-06-20T01:54:57Z
2026-06-20T01:54:12Z,2026-06-20T03:54:12+0200,c30b8332-6a35-45c7-931f-0dc00a3a2bb4,2026-06-05T08:45:00Z,2026-06-05T10:45:00+0200,3314.35,MW,FR,FR,actual_onshore_wind_generation,Wind Onshore,2026-06-20T01:54:57Z
2026-06-20T01:54:12Z,2026-06-20T03:54:12+0200,c30b8332-6a35-45c7-931f-0dc00a3a2bb4,2026-06-05T09:00:00Z,2026-06-05T11:00:00+0200,3432.66,MW,FR,FR,actual_onshore_wind_generation,Wind Onshore,2026-06-20T01:54:57Z
2026-06-20T01:54:12Z,2026-06-20T03:54:12+0200,c30b8332-6a35-45c7-931f-0dc00a3a2bb4,2026-06-05T09:15:00Z,2026-06-05T11:15:00+0200,3423.13,MW,FR,FR,actual_onshore_wind_generation,Wind Onshore,2026-06-20T01:54:57Z
2026-06-20T01:54:12Z,2026-06-20T03:54:12+0200,c30b8332-6a35-45c7-931f-0dc00a3a2bb4,2026-06-05T09:30:00Z,2026-06-05T11:30:00+0200,3466.94,MW,FR,FR,actual_onshore_wind_generation,Wind Onshore,2026-06-20T01:54:57Z
2026-06-20T01:54:12Z,2026-06-20T03:54:12+0200,c30b8332-6a35-45c7-931f-0dc00a3a2bb4,2026-06-05T09:45:00Z,2026-06-05T11:45:00+0200,3426.99,MW,FR,FR,actual_onshore_wind_generation,Wind Onshore,2026-06-20T01:54:57Z
2026-06-20T01:54:12Z,2026-06-20T03:54:12+0200,c30b8332-6a35-45c7-931f-0dc00a3a2bb4,2026-06-05T10:00:00Z,2026-06-05T12:00:00+0200,3505.85,MW,FR,FR,actual_onshore_wind_generation,Wind Onshore,2026-06-20T01:54:57Z
2026-06-20T01:54:12Z,2026-06-20T03:54:12+0200,c30b8332-6a35-45c7-931f-0dc00a3a2bb4,2026-06-05T10:15:00Z,2026-06-05T12:15:00+0200,3420.3,MW,FR,FR,actual_onshore_wind_generation,Wind Onshore,2026-06-20T01:54:57Z
2026-06-20T01:54:12Z,2026-06-20T03:54:12+0200,c30b8332-6a35-45c7-931f-0dc00a3a2bb4,2026-06-05T10:30:00Z,2026-06-05T12:30:00+0200,3387.29,MW,FR,FR,actual_onshore_wind_generation,Wind Onshore,2026-06-20T01:54:57Z
2026-06-20T01:54:12Z,2026-06-20T03:54:12+0200,c30b8332-6a35-45c7-931f-0dc00a3a2bb4,2026-06-05T10:45:00Z,2026-06-05T12:45:00+0200,3423.46,MW,FR,FR,actual_onshore_wind_generation,Wind Onshore,2026-06-20T01:54:57Z
2026-06-20T01:54:12Z,2026-06-20T03:54:12+0200,c30b8332-6a35-45c7-931f-0dc00a3a2bb4,2026-06-05T11:00:00Z,2026-06-05T13:00:00+0200,3365.96,MW,FR,FR,actual_onshore_wind_generation,Wind Onshore,2026-06-20T01:54:57Z
2026-06-20T01:54:12Z,2026-06-20T03:54:12+0200,c30b8332-6a35-45c7-931f-0dc00a3a2bb4,2026-06-05T11:15:00Z,2026-06-05T13:15:00+0200,3379.02,MW,FR,FR,actual_onshore_wind_generation,Wind Onshore,2026-06-20T01:54:57Z
2026-06-20T01:54:12Z,2026-06-20T03:54:12+0200,c30b8332-6a35-45c7-931f-0dc00a3a2bb4,2026-06-05T11:30:00Z,2026-06-05T13:30:00+0200,3419.15,MW,FR,FR,actual_onshore_wind_generation,Wind Onshore,2026-06-20T01:54:57Z
2026-06-20T01:54:12Z,2026-06-20T03:54:12+0200,c30b8332-6a35-45c7-931f-0dc00a3a2bb4,2026-06-05T11:45:00Z,2026-06-05T13:45:00+0200,3301.8,MW,FR,FR,actual_onshore_wind_generation,Wind Onshore,2026-06-20T01:54:57Z
2026-06-20T01:54:12Z,2026-06-20T03:54:12+0200,c30b8332-6a35-45c7-931f-0dc00a3a2bb4,2026-06-05T12:00:00Z,2026-06-05T14:00:00+0200,3234.44,MW,FR,FR,actual_onshore_wind_generation,Wind Onshore,2026-06-20T01:54:57Z
2026-06-20T01:54:12Z,2026-06-20T03:54:12+0200,c30b8332-6a35-45c7-931f-0dc00a3a2bb4,2026-06-05T12:15:00Z,2026-06-05T14:15:00+0200,3176.41,MW,FR,FR,actual_onshore_wind_generation,Wind Onshore,2026-06-20T01:54:57Z
2026-06-20T01:54:12Z,2026-06-20T03:54:12+0200,c30b8332-6a35-45c7-931f-0dc00a3a2bb4,2026-06-05T12:30:00Z,2026-06-05T14:30:00+0200,3118.17,MW,FR,FR,actual_onshore_wind_generation,Wind Onshore,2026-06-20T01:54:57Z
2026-06-20T01:54:12Z,2026-06-20T03:54:12+0200,c30b8332-6a35-45c7-931f-0dc00a3a2bb4,2026-06-05T12:45:00Z,2026-06-05T14:45:00+0200,3112.59,MW,FR,FR,actual_onshore_wind_generation,Wind Onshore,2026-06-20T01:54:57Z
2026-06-20T01:54:12Z,2026-06-20T03:54:12+0200,c30b8332-6a35-45c7-931f-0dc00a3a2bb4,2026-06-05T13:00:00Z,2026-06-05T15:00:00+0200,3222.61,MW,FR,FR,actual_onshore_wind_generation,Wind Onshore,2026-06-20T01:54:57Z
2026-06-20T01:54:12Z,2026-06-20T03:54:12+0200,c30b8332-6a35-45c7-931f-0dc00a3a2bb4,2026-06-05T13:15:00Z,2026-06-05T15:15:00+0200,3205.34,MW,FR,FR,actual_onshore_wind_generation,Wind Onshore,2026-06-20T01:54:57Z
2026-06-20T01:54:12Z,2026-06-20T03:54:12+0200,c30b8332-6a35-45c7-931f-0dc00a3a2bb4,2026-06-05T13:30:00Z,2026-06-05T15:30:00+0200,3213.06,MW,FR,FR,actual_onshore_wind_generation,Wind Onshore,2026-06-20T01:54:57Z
2026-06-20T01:54:12Z,2026-06-20T03:54:12+0200,c30b8332-6a35-45c7-931f-0dc00a3a2bb4,2026-06-05T13:45:00Z,2026-06-05T15:45:00+0200,3193.57,MW,FR,FR,actual_onshore_wind_generation,Wind Onshore,2026-06-20T01:54:57Z
2026-06-20T01:54:12Z,2026-06-20T03:54:12+0200,c30b8332-6a35-45c7-931f-0dc00a3a2bb4,2026-06-05T14:00:00Z,2026-06-05T16:00:00+0200,3011.21,MW,FR,FR,actual_onshore_wind_generation,Wind Onshore,2026-06-20T01:54:57Z
2026-06-20T01:54:12Z,2026-06-20T03:54:12+0200,c30b8332-6a35-45c7-931f-0dc00a3a2bb4,2026-06-05T14:15:00Z,2026-06-05T16:15:00+0200,2899.06,MW,FR,FR,actual_onshore_wind_generation,Wind Onshore,2026-06-20T01:54:57Z
2026-06-20T01:54:12Z,2026-06-20T03:54:12+0200,c30b8332-6a35-45c7-931f-0dc00a3a2bb4,2026-06-05T14:30:00Z,2026-06-05T16:30:00+0200,2745.19,MW,FR,FR,actual_onshore_wind_generation,Wind Onshore,2026-06-20T01:54:57Z
2026-06-20T01:54:12Z,2026-06-20T03:54:12+0200,c30b8332-6a35-45c7-931f-0dc00a3a2bb4,2026-06-05T14:45:00Z,2026-06-05T16:45:00+0200,2613.42,MW,FR,FR,actual_onshore_wind_generation,Wind Onshore,2026-06-20T01:54:57Z
2026-06-20T01:54:12Z,2026-06-20T03:54:12+0200,c30b8332-6a35-45c7-931f-0dc00a3a2bb4,2026-06-05T15:00:00Z,2026-06-05T17:00:00+0200,2420.12,MW,FR,FR,actual_onshore_wind_generation,Wind Onshore,2026-06-20T01:54:57Z
2026-06-20T01:54:12Z,2026-06-20T03:54:12+0200,c30b8332-6a35-45c7-931f-0dc00a3a2bb4,2026-06-05T15:15:00Z,2026-06-05T17:15:00+0200,2226.5,MW,FR,FR,actual_onshore_wind_generation,Wind Onshore,2026-06-20T01:54:57Z
2026-06-20T01:54:12Z,2026-06-20T03:54:12+0200,c30b8332-6a35-45c7-931f-0dc00a3a2bb4,2026-06-05T15:30:00Z,2026-06-05T17:30:00+0200,2119.48,MW,FR,FR,actual_onshore_wind_generation,Wind Onshore,2026-06-20T01:54:57Z
2026-06-20T01:54:12Z,2026-06-20T03:54:12+0200,c30b8332-6a35-45c7-931f-0dc00a3a2bb4,2026-06-05T15:45:00Z,2026-06-05T17:45:00+0200,2020.63,MW,FR,FR,actual_onshore_wind_generation,Wind Onshore,2026-06-20T01:54:57Z
2026-06-20T01:54:12Z,2026-06-20T03:54:12+0200,c30b8332-6a35-45c7-931f-0dc00a3a2bb4,2026-06-05T16:00:00Z,2026-06-05T18:00:00+0200,1930.91,MW,FR,FR,actual_onshore_wind_generation,Wind Onshore,2026-06-20T01:54:57Z
2026-06-20T01:54:12Z,2026-06-20T03:54:12+0200,c30b8332-6a35-45c7-931f-0dc00a3a2bb4,2026-06-05T16:15:00Z,2026-06-05T18:15:00+0200,1792.55,MW,FR,FR,actual_onshore_wind_generation,Wind Onshore,2026-06-20T01:54:57Z
2026-06-20T01:54:12Z,2026-06-20T03:54:12+0200,c30b8332-6a35-45c7-931f-0dc00a3a2bb4,2026-06-05T16:30:00Z,2026-06-05T18:30:00+0200,1666.16,MW,FR,FR,actual_onshore_wind_generation,Wind Onshore,2026-06-20T01:54:57Z
2026-06-20T01:54:12Z,2026-06-20T03:54:12+0200,c30b8332-6a35-45c7-931f-0dc00a3a2bb4,2026-06-05T16:45:00Z,2026-06-05T18:45:00+0200,1504.06,MW,FR,FR,actual_onshore_wind_generation,Wind Onshore,2026-06-20T01:54:57Z
2026-06-20T01:54:12Z,2026-06-20T03:54:12+0200,c30b8332-6a35-45c7-931f-0dc00a3a2bb4,2026-06-05T17:00:00Z,2026-06-05T19:00:00+0200,1426.43,MW,FR,FR,actual_onshore_wind_generation,Wind Onshore,2026-06-20T01:54:57Z
2026-06-20T01:54:12Z,2026-06-20T03:54:12+0200,c30b8332-6a35-45c7-931f-0dc00a3a2bb4,2026-06-05T17:15:00Z,2026-06-05T19:15:00+0200,1326.76,MW,FR,FR,actual_onshore_wind_generation,Wind Onshore,2026-06-20T01:54:57Z
2026-06-20T01:54:12Z,2026-06-20T03:54:12+0200,c30b8332-6a35-45c7-931f-0dc00a3a2bb4,2026-06-05T17:30:00Z,2026-06-05T19:30:00+0200,1167.37,MW,FR,FR,actual_onshore_wind_generation,Wind Onshore,2026-06-20T01:54:57Z
2026-06-20T01:54:12Z,2026-06-20T03:54:12+0200,c30b8332-6a35-45c7-931f-0dc00a3a2bb4,2026-06-05T17:45:00Z,2026-06-05T19:45:00+0200,1050.91,MW,FR,FR,actual_onshore_wind_generation,Wind Onshore,2026-06-20T01:54:57Z
2026-06-20T01:54:12Z,2026-06-20T03:54:12+0200,c30b8332-6a35-45c7-931f-0dc00a3a2bb4,2026-06-05T18:00:00Z,2026-06-05T20:00:00+0200,974.75,MW,FR,FR,actual_onshore_wind_generation,Wind Onshore,2026-06-20T01:54:57Z
2026-06-20T01:54:12Z,2026-06-20T03:54:12+0200,c30b8332-6a35-45c7-931f-0dc00a3a2bb4,2026-06-05T18:15:00Z,2026-06-05T20:15:00+0200,948.06,MW,FR,FR,actual_onshore_wind_generation,Wind Onshore,2026-06-20T01:54:57Z
2026-06-20T01:54:12Z,2026-06-20T03:54:12+0200,c30b8332-6a35-45c7-931f-0dc00a3a2bb4,2026-06-05T18:30:00Z,2026-06-05T20:30:00+0200,889.23,MW,FR,FR,actual_onshore_wind_generation,Wind Onshore,2026-06-20T01:54:57Z
2026-06-20T01:54:12Z,2026-06-20T03:54:12+0200,c30b8332-6a35-45c7-931f-0dc00a3a2bb4,2026-06-05T18:45:00Z,2026-06-05T20:45:00+0200,870.12,MW,FR,FR,actual_onshore_wind_generation,Wind Onshore,2026-06-20T01:54:57Z
2026-06-20T01:54:12Z,2026-06-20T03:54:12+0200,c30b8332-6a35-45c7-931f-0dc00a3a2bb4,2026-06-05T19:00:00Z,2026-06-05T21:00:00+0200,859.0,MW,FR,FR,actual_onshore_wind_generation,Wind Onshore,2026-06-20T01:54:57Z
2026-06-20T01:54:12Z,2026-06-20T03:54:12+0200,c30b8332-6a35-45c7-931f-0dc00a3a2bb4,2026-06-05T19:15:00Z,2026-06-05T21:15:00+0200,873.93,MW,FR,FR,actual_onshore_wind_generation,Wind Onshore,2026-06-20T01:54:57Z
2026-06-20T01:54:12Z,2026-06-20T03:54:12+0200,c30b8332-6a35-45c7-931f-0dc00a3a2bb4,2026-06-05T19:30:00Z,2026-06-05T21:30:00+0200,875.52,MW,FR,FR,actual_onshore_wind_generation,Wind Onshore,2026-06-20T01:54:57Z
2026-06-20T01:54:12Z,2026-06-20T03:54:12+0200,c30b8332-6a35-45c7-931f-0dc00a3a2bb4,2026-06-05T19:45:00Z,2026-06-05T21:45:00+0200,903.48,MW,FR,FR,actual_onshore_wind_generation,Wind Onshore,2026-06-20T01:54:57Z
2026-06-20T01:54:12Z,2026-06-20T03:54:12+0200,c30b8332-6a35-45c7-931f-0dc00a3a2bb4,2026-06-05T20:00:00Z,2026-06-05T22:00:00+0200,943.73,MW,FR,FR,actual_onshore_wind_generation,Wind Onshore,2026-06-20T01:54:57Z
2026-06-20T01:54:12Z,2026-06-20T03:54:12+0200,c30b8332-6a35-45c7-931f-0dc00a3a2bb4,2026-06-05T20:15:00Z,2026-06-05T22:15:00+0200,1020.22,MW,FR,FR,actual_onshore_wind_generation,Wind Onshore,2026-06-20T01:54:57Z
2026-06-20T01:54:12Z,2026-06-20T03:54:12+0200,c30b8332-6a35-45c7-931f-0dc00a3a2bb4,2026-06-05T20:30:00Z,2026-06-05T22:30:00+0200,1110.33,MW,FR,FR,actual_onshore_wind_generation,Wind Onshore,2026-06-20T01:54:57Z
2026-06-20T01:54:12Z,2026-06-20T03:54:12+0200,c30b8332-6a35-45c7-931f-0dc00a3a2bb4,2026-06-05T20:45:00Z,2026-06-05T22:45:00+0200,1206.78,MW,FR,FR,actual_onshore_wind_generation,Wind Onshore,2026-06-20T01:54:57Z
2026-06-20T01:54:12Z,2026-06-20T03:54:12+0200,c30b8332-6a35-45c7-931f-0dc00a3a2bb4,2026-06-05T21:00:00Z,2026-06-05T23:00:00+0200,1326.15,MW,FR,FR,actual_onshore_wind_generation,Wind Onshore,2026-06-20T01:54:57Z
2026-06-20T01:54:12Z,2026-06-20T03:54:12+0200,c30b8332-6a35-45c7-931f-0dc00a3a2bb4,2026-06-05T21:15:00Z,2026-06-05T23:15:00+0200,1465.96,MW,FR,FR,actual_onshore_wind_generation,Wind Onshore,2026-06-20T01:54:57Z
2026-06-20T01:54:12Z,2026-06-20T03:54:12+0200,c30b8332-6a35-45c7-931f-0dc00a3a2bb4,2026-06-05T21:30:00Z,2026-06-05T23:30:00+0200,1679.58,MW,FR,FR,actual_onshore_wind_generation,Wind Onshore,2026-06-20T01:54:57Z
2026-06-20T01:54:12Z,2026-06-20T03:54:12+0200,c30b8332-6a35-45c7-931f-0dc00a3a2bb4,2026-06-05T21:45:00Z,2026-06-05T23:45:00+0200,1906.03,MW,FR,FR,actual_onshore_wind_generation,Wind Onshore,2026-06-20T01:54:57Z
2026-06-20T01:54:12Z,2026-06-20T03:54:12+0200,c30b8332-6a35-45c7-931f-0dc00a3a2bb4,2026-06-05T22:00:00Z,2026-06-06T00:00:00+0200,2098.53,MW,FR,FR,actual_onshore_wind_generation,Wind Onshore,2026-06-20T01:54:57Z
2026-06-20T01:54:12Z,2026-06-20T03:54:12+0200,c30b8332-6a35-45c7-931f-0dc00a3a2bb4,2026-06-05T22:15:00Z,2026-06-06T00:15:00+0200,2347.32,MW,FR,FR,actual_onshore_wind_generation,Wind Onshore,2026-06-20T01:54:57Z
2026-06-20T01:54:12Z,2026-06-20T03:54:12+0200,c30b8332-6a35-45c7-931f-0dc00a3a2bb4,2026-06-05T22:30:00Z,2026-06-06T00:30:00+0200,2589.67,MW,FR,FR,actual_onshore_wind_generation,Wind Onshore,2026-06-20T01:54:57Z
2026-06-20T01:54:12Z,2026-06-20T03:54:12+0200,c30b8332-6a35-45c7-931f-0dc00a3a2bb4,2026-06-05T22:45:00Z,2026-06-06T00:45:00+0200,2858.41,MW,FR,FR,actual_onshore_wind_generation,Wind Onshore,2026-06-20T01:54:57Z
2026-06-20T01:54:12Z,2026-06-20T03:54:12+0200,c30b8332-6a35-45c7-931f-0dc00a3a2bb4,2026-06-05T23:00:00Z,2026-06-06T01:00:00+0200,3018.26,MW,FR,FR,actual_onshore_wind_generation,Wind Onshore,2026-06-20T01:54:57Z
2026-06-20T01:54:12Z,2026-06-20T03:54:12+0200,c30b8332-6a35-45c7-931f-0dc00a3a2bb4,2026-06-05T23:15:00Z,2026-06-06T01:15:00+0200,3180.99,MW,FR,FR,actual_onshore_wind_generation,Wind Onshore,2026-06-20T01:54:57Z
2026-06-20T01:54:12Z,2026-06-20T03:54:12+0200,c30b8332-6a35-45c7-931f-0dc00a3a2bb4,2026-06-05T23:30:00Z,2026-06-06T01:30:00+0200,3328.21,MW,FR,FR,actual_onshore_wind_generation,Wind Onshore,2026-06-20T01:54:57Z
2026-06-20T01:54:12Z,2026-06-20T03:54:12+0200,c30b8332-6a35-45c7-931f-0dc00a3a2bb4,2026-06-05T23:45:00Z,2026-06-06T01:45:00+0200,3513.39,MW,FR,FR,actual_onshore_wind_generation,Wind Onshore,2026-06-20T01:54:57Z
2026-06-20T01:54:12Z,2026-06-20T03:54:12+0200,c30b8332-6a35-45c7-931f-0dc00a3a2bb4,2026-06-06T00:00:00Z,2026-06-06T02:00:00+0200,3806.42,MW,FR,FR,actual_onshore_wind_generation,Wind Onshore,2026-06-20T01:54:57Z
2026-06-20T01:54:12Z,2026-06-20T03:54:12+0200,c30b8332-6a35-45c7-931f-0dc00a3a2bb4,2026-06-06T00:15:00Z,2026-06-06T02:15:00+0200,3975.76,MW,FR,FR,actual_onshore_wind_generation,Wind Onshore,2026-06-20T01:54:57Z
2026-06-20T01:54:12Z,2026-06-20T03:54:12+0200,c30b8332-6a35-45c7-931f-0dc00a3a2bb4,2026-06-06T00:30:00Z,2026-06-06T02:30:00+0200,4158.29,MW,FR,FR,actual_onshore_wind_generation,Wind Onshore,2026-06-20T01:54:57Z
2026-06-20T01:54:12Z,2026-06-20T03:54:12+0200,c30b8332-6a35-45c7-931f-0dc00a3a2bb4,2026-06-06T00:45:00Z,2026-06-06T02:45:00+0200,4256.36,MW,FR,FR,actual_onshore_wind_generation,Wind Onshore,2026-06-20T01:54:57Z
2026-06-20T01:54:12Z,2026-06-20T03:54:12+0200,c30b8332-6a35-45c7-931f-0dc00a3a2bb4,2026-06-06T01:00:00Z,2026-06-06T03:00:00+0200,4514.38,MW,FR,FR,actual_onshore_wind_generation,Wind Onshore,2026-06-20T01:54:57Z
2026-06-20T01:54:12Z,2026-06-20T03:54:12+0200,c30b8332-6a35-45c7-931f-0dc00a3a2bb4,2026-06-06T01:15:00Z,2026-06-06T03:15:00+0200,4764.52,MW,FR,FR,actual_onshore_wind_generation,Wind Onshore,2026-06-20T01:54:57Z
2026-06-20T01:54:12Z,2026-06-20T03:54:12+0200,c30b8332-6a35-45c7-931f-0dc00a3a2bb4,2026-06-06T01:30:00Z,2026-06-06T03:30:00+0200,4994.99,MW,FR,FR,actual_onshore_wind_generation,Wind Onshore,2026-06-20T01:54:57Z
2026-06-20T01:54:12Z,2026-06-20T03:54:12+0200,c30b8332-6a35-45c7-931f-0dc00a3a2bb4,2026-06-06T01:45:00Z,2026-06-06T03:45:00+0200,4764.8,MW,FR,FR,actual_onshore_wind_generation,Wind Onshore,2026-06-20T01:54:57Z
2026-06-20T01:54:12Z,2026-06-20T03:54:12+0200,c30b8332-6a35-45c7-931f-0dc00a3a2bb4,2026-06-06T02:00:00Z,2026-06-06T04:00:00+0200,3784.49,MW,FR,FR,actual_onshore_wind_generation,Wind Onshore,2026-06-20T01:54:57Z
2026-06-20T01:54:12Z,2026-06-20T03:54:12+0200,c30b8332-6a35-45c7-931f-0dc00a3a2bb4,2026-06-06T02:15:00Z,2026-06-06T04:15:00+0200,4777.04,MW,FR,FR,actual_onshore_wind_generation,Wind Onshore,2026-06-20T01:54:57Z
2026-06-20T01:54:12Z,2026-06-20T03:54:12+0200,c30b8332-6a35-45c7-931f-0dc00a3a2bb4,2026-06-06T02:30:00Z,2026-06-06T04:30:00+0200,5687.48,MW,FR,FR,actual_onshore_wind_generation,Wind Onshore,2026-06-20T01:54:57Z
2026-06-20T01:54:12Z,2026-06-20T03:54:12+0200,c30b8332-6a35-45c7-931f-0dc00a3a2bb4,2026-06-06T02:45:00Z,2026-06-06T04:45:00+0200,5838.32,MW,FR,FR,actual_onshore_wind_generation,Wind Onshore,2026-06-20T01:54:57Z
2026-06-20T01:54:12Z,2026-06-20T03:54:12+0200,c30b8332-6a35-45c7-931f-0dc00a3a2bb4,2026-06-06T03:00:00Z,2026-06-06T05:00:00+0200,5984.02,MW,FR,FR,actual_onshore_wind_generation,Wind Onshore,2026-06-20T01:54:57Z
2026-06-20T01:54:12Z,2026-06-20T03:54:12+0200,c30b8332-6a35-45c7-931f-0dc00a3a2bb4,2026-06-06T03:15:00Z,2026-06-06T05:15:00+0200,6115.37,MW,FR,FR,actual_onshore_wind_generation,Wind Onshore,2026-06-20T01:54:57Z
2026-06-20T01:54:12Z,2026-06-20T03:54:12+0200,c30b8332-6a35-45c7-931f-0dc00a3a2bb4,2026-06-06T03:30:00Z,2026-06-06T05:30:00+0200,6290.15,MW,FR,FR,actual_onshore_wind_generation,Wind Onshore,2026-06-20T01:54:57Z
2026-06-20T01:54:12Z,2026-06-20T03:54:12+0200,c30b8332-6a35-45c7-931f-0dc00a3a2bb4,2026-06-06T03:45:00Z,2026-06-06T05:45:00+0200,6507.55,MW,FR,FR,actual_onshore_wind_generation,Wind Onshore,2026-06-20T01:54:57Z
2026-06-20T01:54:12Z,2026-06-20T03:54:12+0200,c30b8332-6a35-45c7-931f-0dc00a3a2bb4,2026-06-06T04:00:00Z,2026-06-06T06:00:00+0200,6706.62,MW,FR,FR,actual_onshore_wind_generation,Wind Onshore,2026-06-20T01:54:57Z
2026-06-20T01:54:12Z,2026-06-20T03:54:12+0200,c30b8332-6a35-45c7-931f-0dc00a3a2bb4,2026-06-06T04:15:00Z,2026-06-06T06:15:00+0200,6735.63,MW,FR,FR,actual_onshore_wind_generation,Wind Onshore,2026-06-20T01:54:57Z
2026-06-20T01:54:12Z,2026-06-20T03:54:12+0200,c30b8332-6a35-45c7-931f-0dc00a3a2bb4,2026-06-06T04:30:00Z,2026-06-06T06:30:00+0200,6814.47,MW,FR,FR,actual_onshore_wind_generation,Wind Onshore,2026-06-20T01:54:57Z
2026-06-20T01:54:12Z,2026-06-20T03:54:12+0200,c30b8332-6a35-45c7-931f-0dc00a3a2bb4,2026-06-06T04:45:00Z,2026-06-06T06:45:00+0200,6849.27,MW,FR,FR,actual_onshore_wind_generation,Wind Onshore,2026-06-20T01:54:57Z
2026-06-20T01:54:12Z,2026-06-20T03:54:12+0200,c30b8332-6a35-45c7-931f-0dc00a3a2bb4,2026-06-06T05:00:00Z,2026-06-06T07:00:00+0200,6929.78,MW,FR,FR,actual_onshore_wind_generation,Wind Onshore,2026-06-20T01:54:57Z
2026-06-20T01:54:12Z,2026-06-20T03:54:12+0200,c30b8332-6a35-45c7-931f-0dc00a3a2bb4,2026-06-06T05:15:00Z,2026-06-06T07:15:00+0200,7053.67,MW,FR,FR,actual_onshore_wind_generation,Wind Onshore,2026-06-20T01:54:57Z
2026-06-20T01:54:12Z,2026-06-20T03:54:12+0200,c30b8332-6a35-45c7-931f-0dc00a3a2bb4,2026-06-06T05:30:00Z,2026-06-06T07:30:00+0200,7026.23,MW,FR,FR,actual_onshore_wind_generation,Wind Onshore,2026-06-20T01:54:57Z
2026-06-20T01:54:12Z,2026-06-20T03:54:12+0200,c30b8332-6a35-45c7-931f-0dc00a3a2bb4,2026-06-06T05:45:00Z,2026-06-06T07:45:00+0200,6968.6,MW,FR,FR,actual_onshore_wind_generation,Wind Onshore,2026-06-20T01:54:57Z
2026-06-20T01:54:12Z,2026-06-20T03:54:12+0200,c30b8332-6a35-45c7-931f-0dc00a3a2bb4,2026-06-06T06:00:00Z,2026-06-06T08:00:00+0200,6768.82,MW,FR,FR,actual_onshore_wind_generation,Wind Onshore,2026-06-20T01:54:57Z
2026-06-20T01:54:12Z,2026-06-20T03:54:12+0200,c30b8332-6a35-45c7-931f-0dc00a3a2bb4,2026-06-06T06:15:00Z,2026-06-06T08:15:00+0200,6593.17,MW,FR,FR,actual_onshore_wind_generation,Wind Onshore,2026-06-20T01:54:57Z
2026-06-20T01:54:12Z,2026-06-20T03:54:12+0200,c30b8332-6a35-45c7-931f-0dc00a3a2bb4,2026-06-06T06:30:00Z,2026-06-06T08:30:00+0200,6454.36,MW,FR,FR,actual_onshore_wind_generation,Wind Onshore,2026-06-20T01:54:57Z
2026-06-20T01:54:12Z,2026-06-20T03:54:12+0200,c30b8332-6a35-45c7-931f-0dc00a3a2bb4,2026-06-06T06:45:00Z,2026-06-06T08:45:00+0200,6350.3,MW,FR,FR,actual_onshore_wind_generation,Wind Onshore,2026-06-20T01:54:57Z
2026-06-20T01:54:12Z,2026-06-20T03:54:12+0200,c30b8332-6a35-45c7-931f-0dc00a3a2bb4,2026-06-06T07:00:00Z,2026-06-06T09:00:00+0200,6326.41,MW,FR,FR,actual_onshore_wind_generation,Wind Onshore,2026-06-20T01:54:57Z
2026-06-20T01:54:12Z,2026-06-20T03:54:12+0200,c30b8332-6a35-45c7-931f-0dc00a3a2bb4,2026-06-06T07:15:00Z,2026-06-06T09:15:00+0200,6348.05,MW,FR,FR,actual_onshore_wind_generation,Wind Onshore,2026-06-20T01:54:57Z
2026-06-20T01:54:12Z,2026-06-20T03:54:12+0200,c30b8332-6a35-45c7-931f-0dc00a3a2bb4,2026-06-06T07:30:00Z,2026-06-06T09:30:00+0200,6365.93,MW,FR,FR,actual_onshore_wind_generation,Wind Onshore,2026-06-20T01:54:57Z
2026-06-20T01:54:12Z,2026-06-20T03:54:12+0200,c30b8332-6a35-45c7-931f-0dc00a3a2bb4,2026-06-06T07:45:00Z,2026-06-06T09:45:00+0200,5962.53,MW,FR,FR,actual_onshore_wind_generation,Wind Onshore,2026-06-20T01:54:57Z
2026-06-20T01:54:12Z,2026-06-20T03:54:12+0200,c30b8332-6a35-45c7-931f-0dc00a3a2bb4,2026-06-06T08:00:00Z,2026-06-06T10:00:00+0200,5072.22,MW,FR,FR,actual_onshore_wind_generation,Wind Onshore,2026-06-20T01:54:57Z
2026-06-20T01:54:12Z,2026-06-20T03:54:12+0200,c30b8332-6a35-45c7-931f-0dc00a3a2bb4,2026-06-06T08:15:00Z,2026-06-06T10:15:00+0200,5038.46,MW,FR,FR,actual_onshore_wind_generation,Wind Onshore,2026-06-20T01:54:57Z
2026-06-20T01:54:12Z,2026-06-20T03:54:12+0200,c30b8332-6a35-45c7-931f-0dc00a3a2bb4,2026-06-06T08:30:00Z,2026-06-06T10:30:00+0200,5254.75,MW,FR,FR,actual_onshore_wind_generation,Wind Onshore,2026-06-20T01:54:57Z
2026-06-20T01:54:12Z,2026-06-20T03:54:12+0200,c30b8332-6a35-45c7-931f-0dc00a3a2bb4,2026-06-06T08:45:00Z,2026-06-06T10:45:00+0200,5327.6,MW,FR,FR,actual_onshore_wind_generation,Wind Onshore,2026-06-20T01:54:57Z
2026-06-20T01:54:12Z,2026-06-20T03:54:12+0200,c30b8332-6a35-45c7-931f-0dc00a3a2bb4,2026-06-06T09:00:00Z,2026-06-06T11:00:00+0200,4514.29,MW,FR,FR,actual_onshore_wind_generation,Wind Onshore,2026-06-20T01:54:57Z
2026-06-20T01:54:12Z,2026-06-20T03:54:12+0200,c30b8332-6a35-45c7-931f-0dc00a3a2bb4,2026-06-06T09:15:00Z,2026-06-06T11:15:00+0200,4578.12,MW,FR,FR,actual_onshore_wind_generation,Wind Onshore,2026-06-20T01:54:57Z
2026-06-20T01:54:12Z,2026-06-20T03:54:12+0200,c30b8332-6a35-45c7-931f-0dc00a3a2bb4,2026-06-06T09:30:00Z,2026-06-06T11:30:00+0200,4794.23,MW,FR,FR,actual_onshore_wind_generation,Wind Onshore,2026-06-20T01:54:57Z
2026-06-20T01:54:12Z,2026-06-20T03:54:12+0200,c30b8332-6a35-45c7-931f-0dc00a3a2bb4,2026-06-06T09:45:00Z,2026-06-06T11:45:00+0200,5363.52,MW,FR,FR,actual_onshore_wind_generation,Wind Onshore,2026-06-20T01:54:57Z
2026-06-20T01:54:12Z,2026-06-20T03:54:12+0200,c30b8332-6a35-45c7-931f-0dc00a3a2bb4,2026-06-06T10:00:00Z,2026-06-06T12:00:00+0200,5895.94,MW,FR,FR,actual_onshore_wind_generation,Wind Onshore,2026-06-20T01:54:57Z
2026-06-20T01:54:12Z,2026-06-20T03:54:12+0200,c30b8332-6a35-45c7-931f-0dc00a3a2bb4,2026-06-06T10:15:00Z,2026-06-06T12:15:00+0200,6189.64,MW,FR,FR,actual_onshore_wind_generation,Wind Onshore,2026-06-20T01:54:57Z
2026-06-20T01:54:12Z,2026-06-20T03:54:12+0200,c30b8332-6a35-45c7-931f-0dc00a3a2bb4,2026-06-06T10:30:00Z,2026-06-06T12:30:00+0200,6470.44,MW,FR,FR,actual_onshore_wind_generation,Wind Onshore,2026-06-20T01:54:57Z
2026-06-20T01:54:12Z,2026-06-20T03:54:12+0200,c30b8332-6a35-45c7-931f-0dc00a3a2bb4,2026-06-06T10:45:00Z,2026-06-06T12:45:00+0200,6454.46,MW,FR,FR,actual_onshore_wind_generation,Wind Onshore,2026-06-20T01:54:57Z
2026-06-20T01:54:12Z,2026-06-20T03:54:12+0200,c30b8332-6a35-45c7-931f-0dc00a3a2bb4,2026-06-06T11:00:00Z,2026-06-06T13:00:00+0200,6647.22,MW,FR,FR,actual_onshore_wind_generation,Wind Onshore,2026-06-20T01:54:57Z
2026-06-20T01:54:12Z,2026-06-20T03:54:12+0200,c30b8332-6a35-45c7-931f-0dc00a3a2bb4,2026-06-06T11:15:00Z,2026-06-06T13:15:00+0200,6683.01,MW,FR,FR,actual_onshore_wind_generation,Wind Onshore,2026-06-20T01:54:57Z
2026-06-20T01:54:12Z,2026-06-20T03:54:12+0200,c30b8332-6a35-45c7-931f-0dc00a3a2bb4,2026-06-06T11:30:00Z,2026-06-06T13:30:00+0200,6537.99,MW,FR,FR,actual_onshore_wind_generation,Wind Onshore,2026-06-20T01:54:57Z
2026-06-20T01:54:12Z,2026-06-20T03:54:12+0200,c30b8332-6a35-45c7-931f-0dc00a3a2bb4,2026-06-06T11:45:00Z,2026-06-06T13:45:00+0200,6675.49,MW,FR,FR,actual_onshore_wind_generation,Wind Onshore,2026-06-20T01:54:57Z
2026-06-20T01:54:12Z,2026-06-20T03:54:12+0200,c30b8332-6a35-45c7-931f-0dc00a3a2bb4,2026-06-06T12:00:00Z,2026-06-06T14:00:00+0200,6452.3,MW,FR,FR,actual_onshore_wind_generation,Wind Onshore,2026-06-20T01:54:57Z
2026-06-20T01:54:12Z,2026-06-20T03:54:12+0200,c30b8332-6a35-45c7-931f-0dc00a3a2bb4,2026-06-06T12:15:00Z,2026-06-06T14:15:00+0200,6341.23,MW,FR,FR,actual_onshore_wind_generation,Wind Onshore,2026-06-20T01:54:57Z
2026-06-20T01:54:12Z,2026-06-20T03:54:12+0200,c30b8332-6a35-45c7-931f-0dc00a3a2bb4,2026-06-06T12:30:00Z,2026-06-06T14:30:00+0200,6118.82,MW,FR,FR,actual_onshore_wind_generation,Wind Onshore,2026-06-20T01:54:57Z
2026-06-20T01:54:12Z,2026-06-20T03:54:12+0200,c30b8332-6a35-45c7-931f-0dc00a3a2bb4,2026-06-06T12:45:00Z,2026-06-06T14:45:00+0200,5569.24,MW,FR,FR,actual_onshore_wind_generation,Wind Onshore,2026-06-20T01:54:57Z
2026-06-20T01:54:12Z,2026-06-20T03:54:12+0200,c30b8332-6a35-45c7-931f-0dc00a3a2bb4,2026-06-06T13:00:00Z,2026-06-06T15:00:00+0200,5238.18,MW,FR,FR,actual_onshore_wind_generation,Wind Onshore,2026-06-20T01:54:57Z
2026-06-20T01:54:12Z,2026-06-20T03:54:12+0200,c30b8332-6a35-45c7-931f-0dc00a3a2bb4,2026-06-06T13:15:00Z,2026-06-06T15:15:00+0200,5145.78,MW,FR,FR,actual_onshore_wind_generation,Wind Onshore,2026-06-20T01:54:57Z
2026-06-20T01:54:12Z,2026-06-20T03:54:12+0200,c30b8332-6a35-45c7-931f-0dc00a3a2bb4,2026-06-06T13:30:00Z,2026-06-06T15:30:00+0200,5147.17,MW,FR,FR,actual_onshore_wind_generation,Wind Onshore,2026-06-20T01:54:57Z
2026-06-20T01:54:12Z,2026-06-20T03:54:12+0200,c30b8332-6a35-45c7-931f-0dc00a3a2bb4,2026-06-06T13:45:00Z,2026-06-06T15:45:00+0200,5178.87,MW,FR,FR,actual_onshore_wind_generation,Wind Onshore,2026-06-20T01:54:57Z
2026-06-20T01:54:12Z,2026-06-20T03:54:12+0200,c30b8332-6a35-45c7-931f-0dc00a3a2bb4,2026-06-06T14:00:00Z,2026-06-06T16:00:00+0200,5446.04,MW,FR,FR,actual_onshore_wind_generation,Wind Onshore,2026-06-20T01:54:57Z
2026-06-20T01:54:12Z,2026-06-20T03:54:12+0200,c30b8332-6a35-45c7-931f-0dc00a3a2bb4,2026-06-06T14:15:00Z,2026-06-06T16:15:00+0200,5568.27,MW,FR,FR,actual_onshore_wind_generation,Wind Onshore,2026-06-20T01:54:57Z
2026-06-20T01:54:12Z,2026-06-20T03:54:12+0200,c30b8332-6a35-45c7-931f-0dc00a3a2bb4,2026-06-06T14:30:00Z,2026-06-06T16:30:00+0200,5610.68,MW,FR,FR,actual_onshore_wind_generation,Wind Onshore,2026-06-20T01:54:57Z
2026-06-20T01:54:12Z,2026-06-20T03:54:12+0200,c30b8332-6a35-45c7-931f-0dc00a3a2bb4,2026-06-06T14:45:00Z,2026-06-06T16:45:00+0200,5960.42,MW,FR,FR,actual_onshore_wind_generation,Wind Onshore,2026-06-20T01:54:57Z
2026-06-20T01:54:12Z,2026-06-20T03:54:12+0200,c30b8332-6a35-45c7-931f-0dc00a3a2bb4,2026-06-06T15:00:00Z,2026-06-06T17:00:00+0200,6692.11,MW,FR,FR,actual_onshore_wind_generation,Wind Onshore,2026-06-20T01:54:57Z
2026-06-20T01:54:12Z,2026-06-20T03:54:12+0200,c30b8332-6a35-45c7-931f-0dc00a3a2bb4,2026-06-06T15:15:00Z,2026-06-06T17:15:00+0200,6719.2,MW,FR,FR,actual_onshore_wind_generation,Wind Onshore,2026-06-20T01:54:57Z
2026-06-20T01:54:12Z,2026-06-20T03:54:12+0200,c30b8332-6a35-45c7-931f-0dc00a3a2bb4,2026-06-06T15:30:00Z,2026-06-06T17:30:00+0200,6478.42,MW,FR,FR,actual_onshore_wind_generation,Wind Onshore,2026-06-20T01:54:57Z
2026-06-20T01:54:12Z,2026-06-20T03:54:12+0200,c30b8332-6a35-45c7-931f-0dc00a3a2bb4,2026-06-06T15:45:00Z,2026-06-06T17:45:00+0200,6466.33,MW,FR,FR,actual_onshore_wind_generation,Wind Onshore,2026-06-20T01:54:57Z
2026-06-20T01:54:12Z,2026-06-20T03:54:12+0200,c30b8332-6a35-45c7-931f-0dc00a3a2bb4,2026-06-06T16:00:00Z,2026-06-06T18:00:00+0200,6946.82,MW,FR,FR,actual_onshore_wind_generation,Wind Onshore,2026-06-20T01:54:57Z
2026-06-20T01:54:12Z,2026-06-20T03:54:12+0200,c30b8332-6a35-45c7-931f-0dc00a3a2bb4,2026-06-06T16:15:00Z,2026-06-06T18:15:00+0200,9424.23,MW,FR,FR,actual_onshore_wind_generation,Wind Onshore,2026-06-20T01:54:57Z
2026-06-20T01:54:12Z,2026-06-20T03:54:12+0200,c30b8332-6a35-45c7-931f-0dc00a3a2bb4,2026-06-06T16:30:00Z,2026-06-06T18:30:00+0200,10374.56,MW,FR,FR,actual_onshore_wind_generation,Wind Onshore,2026-06-20T01:54:57Z
2026-06-20T01:54:12Z,2026-06-20T03:54:12+0200,c30b8332-6a35-45c7-931f-0dc00a3a2bb4,2026-06-06T16:45:00Z,2026-06-06T18:45:00+0200,10305.11,MW,FR,FR,actual_onshore_wind_generation,Wind Onshore,2026-06-20T01:54:57Z
2026-06-20T01:54:12Z,2026-06-20T03:54:12+0200,c30b8332-6a35-45c7-931f-0dc00a3a2bb4,2026-06-06T17:00:00Z,2026-06-06T19:00:00+0200,10508.38,MW,FR,FR,actual_onshore_wind_generation,Wind Onshore,2026-06-20T01:54:57Z
2026-06-20T01:54:12Z,2026-06-20T03:54:12+0200,c30b8332-6a35-45c7-931f-0dc00a3a2bb4,2026-06-06T17:15:00Z,2026-06-06T19:15:00+0200,11074.34,MW,FR,FR,actual_onshore_wind_generation,Wind Onshore,2026-06-20T01:54:57Z
2026-06-20T01:54:12Z,2026-06-20T03:54:12+0200,c30b8332-6a35-45c7-931f-0dc00a3a2bb4,2026-06-06T17:30:00Z,2026-06-06T19:30:00+0200,11130.59,MW,FR,FR,actual_onshore_wind_generation,Wind Onshore,2026-06-20T01:54:57Z
2026-06-20T01:54:12Z,2026-06-20T03:54:12+0200,c30b8332-6a35-45c7-931f-0dc00a3a2bb4,2026-06-06T17:45:00Z,2026-06-06T19:45:00+0200,10817.2,MW,FR,FR,actual_onshore_wind_generation,Wind Onshore,2026-06-20T01:54:57Z
2026-06-20T01:54:12Z,2026-06-20T03:54:12+0200,c30b8332-6a35-45c7-931f-0dc00a3a2bb4,2026-06-06T18:00:00Z,2026-06-06T20:00:00+0200,10348.2,MW,FR,FR,actual_onshore_wind_generation,Wind Onshore,2026-06-20T01:54:57Z
2026-06-20T01:54:12Z,2026-06-20T03:54:12+0200,c30b8332-6a35-45c7-931f-0dc00a3a2bb4,2026-06-06T18:15:00Z,2026-06-06T20:15:00+0200,10017.5,MW,FR,FR,actual_onshore_wind_generation,Wind Onshore,2026-06-20T01:54:57Z
2026-06-20T01:54:12Z,2026-06-20T03:54:12+0200,c30b8332-6a35-45c7-931f-0dc00a3a2bb4,2026-06-06T18:30:00Z,2026-06-06T20:30:00+0200,9784.93,MW,FR,FR,actual_onshore_wind_generation,Wind Onshore,2026-06-20T01:54:57Z
2026-06-20T01:54:12Z,2026-06-20T03:54:12+0200,c30b8332-6a35-45c7-931f-0dc00a3a2bb4,2026-06-06T18:45:00Z,2026-06-06T20:45:00+0200,9505.48,MW,FR,FR,actual_onshore_wind_generation,Wind Onshore,2026-06-20T01:54:57Z
2026-06-20T01:54:12Z,2026-06-20T03:54:12+0200,c30b8332-6a35-45c7-931f-0dc00a3a2bb4,2026-06-06T19:00:00Z,2026-06-06T21:00:00+0200,9263.68,MW,FR,FR,actual_onshore_wind_generation,Wind Onshore,2026-06-20T01:54:57Z
2026-06-20T01:54:12Z,2026-06-20T03:54:12+0200,c30b8332-6a35-45c7-931f-0dc00a3a2bb4,2026-06-06T19:15:00Z,2026-06-06T21:15:00+0200,9057.25,MW,FR,FR,actual_onshore_wind_generation,Wind Onshore,2026-06-20T01:54:57Z
2026-06-20T01:54:12Z,2026-06-20T03:54:12+0200,c30b8332-6a35-45c7-931f-0dc00a3a2bb4,2026-06-06T19:30:00Z,2026-06-06T21:30:00+0200,8894.11,MW,FR,FR,actual_onshore_wind_generation,Wind Onshore,2026-06-20T01:54:57Z
2026-06-20T01:54:12Z,2026-06-20T03:54:12+0200,c30b8332-6a35-45c7-931f-0dc00a3a2bb4,2026-06-06T19:45:00Z,2026-06-06T21:45:00+0200,8715.93,MW,FR,FR,actual_onshore_wind_generation,Wind Onshore,2026-06-20T01:54:57Z
2026-06-20T01:54:12Z,2026-06-20T03:54:12+0200,c30b8332-6a35-45c7-931f-0dc00a3a2bb4,2026-06-06T20:00:00Z,2026-06-06T22:00:00+0200,8486.14,MW,FR,FR,actual_onshore_wind_generation,Wind Onshore,2026-06-20T01:54:57Z
2026-06-20T01:54:12Z,2026-06-20T03:54:12+0200,c30b8332-6a35-45c7-931f-0dc00a3a2bb4,2026-06-06T20:15:00Z,2026-06-06T22:15:00+0200,8403.93,MW,FR,FR,actual_onshore_wind_generation,Wind Onshore,2026-06-20T01:54:57Z
2026-06-20T01:54:12Z,2026-06-20T03:54:12+0200,c30b8332-6a35-45c7-931f-0dc00a3a2bb4,2026-06-06T20:30:00Z,2026-06-06T22:30:00+0200,8295.75,MW,FR,FR,actual_onshore_wind_generation,Wind Onshore,2026-06-20T01:54:57Z
2026-06-20T01:54:12Z,2026-06-20T03:54:12+0200,c30b8332-6a35-45c7-931f-0dc00a3a2bb4,2026-06-06T20:45:00Z,2026-06-06T22:45:00+0200,8215.03,MW,FR,FR,actual_onshore_wind_generation,Wind Onshore,2026-06-20T01:54:57Z
2026-06-20T01:54:12Z,2026-06-20T03:54:12+0200,c30b8332-6a35-45c7-931f-0dc00a3a2bb4,2026-06-06T21:00:00Z,2026-06-06T23:00:00+0200,8158.66,MW,FR,FR,actual_onshore_wind_generation,Wind Onshore,2026-06-20T01:54:57Z
2026-06-20T01:54:12Z,2026-06-20T03:54:12+0200,c30b8332-6a35-45c7-931f-0dc00a3a2bb4,2026-06-06T21:15:00Z,2026-06-06T23:15:00+0200,8126.81,MW,FR,FR,actual_onshore_wind_generation,Wind Onshore,2026-06-20T01:54:57Z
2026-06-20T01:54:12Z,2026-06-20T03:54:12+0200,c30b8332-6a35-45c7-931f-0dc00a3a2bb4,2026-06-06T21:30:00Z,2026-06-06T23:30:00+0200,8209.25,MW,FR,FR,actual_onshore_wind_generation,Wind Onshore,2026-06-20T01:54:57Z
2026-06-20T01:54:12Z,2026-06-20T03:54:12+0200,c30b8332-6a35-45c7-931f-0dc00a3a2bb4,2026-06-06T21:45:00Z,2026-06-06T23:45:00+0200,8288.93,MW,FR,FR,actual_onshore_wind_generation,Wind Onshore,2026-06-20T01:54:57Z
2026-06-20T01:54:12Z,2026-06-20T03:54:12+0200,c30b8332-6a35-45c7-931f-0dc00a3a2bb4,2026-06-06T22:00:00Z,2026-06-07T00:00:00+0200,8359.56,MW,FR,FR,actual_onshore_wind_generation,Wind Onshore,2026-06-20T01:54:57Z
2026-06-20T01:54:12Z,2026-06-20T03:54:12+0200,c30b8332-6a35-45c7-931f-0dc00a3a2bb4,2026-06-06T22:15:00Z,2026-06-07T00:15:00+0200,8381.14,MW,FR,FR,actual_onshore_wind_generation,Wind Onshore,2026-06-20T01:54:57Z
2026-06-20T01:54:12Z,2026-06-20T03:54:12+0200,c30b8332-6a35-45c7-931f-0dc00a3a2bb4,2026-06-06T22:30:00Z,2026-06-07T00:30:00+0200,8310.23,MW,FR,FR,actual_onshore_wind_generation,Wind Onshore,2026-06-20T01:54:57Z
2026-06-20T01:54:12Z,2026-06-20T03:54:12+0200,c30b8332-6a35-45c7-931f-0dc00a3a2bb4,2026-06-06T22:45:00Z,2026-06-07T00:45:00+0200,8076.06,MW,FR,FR,actual_onshore_wind_generation,Wind Onshore,2026-06-20T01:54:57Z
2026-06-20T01:54:12Z,2026-06-20T03:54:12+0200,c30b8332-6a35-45c7-931f-0dc00a3a2bb4,2026-06-06T23:00:00Z,2026-06-07T01:00:00+0200,7834.38,MW,FR,FR,actual_onshore_wind_generation,Wind Onshore,2026-06-20T01:54:57Z
2026-06-20T01:54:12Z,2026-06-20T03:54:12+0200,c30b8332-6a35-45c7-931f-0dc00a3a2bb4,2026-06-06T23:15:00Z,2026-06-07T01:15:00+0200,7643.77,MW,FR,FR,actual_onshore_wind_generation,Wind Onshore,2026-06-20T01:54:57Z
2026-06-20T01:54:12Z,2026-06-20T03:54:12+0200,c30b8332-6a35-45c7-931f-0dc00a3a2bb4,2026-06-06T23:30:00Z,2026-06-07T01:30:00+0200,7523.85,MW,FR,FR,actual_onshore_wind_generation,Wind Onshore,2026-06-20T01:54:57Z
2026-06-20T01:54:12Z,2026-06-20T03:54:12+0200,c30b8332-6a35-45c7-931f-0dc00a3a2bb4,2026-06-06T23:45:00Z,2026-06-07T01:45:00+0200,7372.55,MW,FR,FR,actual_onshore_wind_generation,Wind Onshore,2026-06-20T01:54:57Z
2026-06-20T01:54:12Z,2026-06-20T03:54:12+0200,c30b8332-6a35-45c7-931f-0dc00a3a2bb4,2026-06-07T00:00:00Z,2026-06-07T02:00:00+0200,7211.3,MW,FR,FR,actual_onshore_wind_generation,Wind Onshore,2026-06-20T01:54:57Z
2026-06-20T01:54:12Z,2026-06-20T03:54:12+0200,c30b8332-6a35-45c7-931f-0dc00a3a2bb4,2026-06-07T00:15:00Z,2026-06-07T02:15:00+0200,7243.18,MW,FR,FR,actual_onshore_wind_generation,Wind Onshore,2026-06-20T01:54:57Z
2026-06-20T01:54:12Z,2026-06-20T03:54:12+0200,c30b8332-6a35-45c7-931f-0dc00a3a2bb4,2026-06-07T00:30:00Z,2026-06-07T02:30:00+0200,7109.21,MW,FR,FR,actual_onshore_wind_generation,Wind Onshore,2026-06-20T01:54:57Z
2026-06-20T01:54:12Z,2026-06-20T03:54:12+0200,c30b8332-6a35-45c7-931f-0dc00a3a2bb4,2026-06-07T00:45:00Z,2026-06-07T02:45:00+0200,6997.75,MW,FR,FR,actual_onshore_wind_generation,Wind Onshore,2026-06-20T01:54:57Z
2026-06-20T01:54:12Z,2026-06-20T03:54:12+0200,c30b8332-6a35-45c7-931f-0dc00a3a2bb4,2026-06-07T01:00:00Z,2026-06-07T03:00:00+0200,6809.39,MW,FR,FR,actual_onshore_wind_generation,Wind Onshore,2026-06-20T01:54:57Z
2026-06-20T01:54:12Z,2026-06-20T03:54:12+0200,c30b8332-6a35-45c7-931f-0dc00a3a2bb4,2026-06-07T01:15:00Z,2026-06-07T03:15:00+0200,6682.91,MW,FR,FR,actual_onshore_wind_generation,Wind Onshore,2026-06-20T01:54:57Z
2026-06-20T01:54:12Z,2026-06-20T03:54:12+0200,c30b8332-6a35-45c7-931f-0dc00a3a2bb4,2026-06-07T01:30:00Z,2026-06-07T03:30:00+0200,6498.81,MW,FR,FR,actual_onshore_wind_generation,Wind Onshore,2026-06-20T01:54:57Z
2026-06-20T01:54:12Z,2026-06-20T03:54:12+0200,c30b8332-6a35-45c7-931f-0dc00a3a2bb4,2026-06-07T01:45:00Z,2026-06-07T03:45:00+0200,6344.17,MW,FR,FR,actual_onshore_wind_generation,Wind Onshore,2026-06-20T01:54:57Z
2026-06-20T01:54:12Z,2026-06-20T03:54:12+0200,c30b8332-6a35-45c7-931f-0dc00a3a2bb4,2026-06-07T02:00:00Z,2026-06-07T04:00:00+0200,6217.4,MW,FR,FR,actual_onshore_wind_generation,Wind Onshore,2026-06-20T01:54:57Z
2026-06-20T01:54:12Z,2026-06-20T03:54:12+0200,c30b8332-6a35-45c7-931f-0dc00a3a2bb4,2026-06-07T02:15:00Z,2026-06-07T04:15:00+0200,6037.91,MW,FR,FR,actual_onshore_wind_generation,Wind Onshore,2026-06-20T01:54:57Z
2026-06-20T01:54:12Z,2026-06-20T03:54:12+0200,c30b8332-6a35-45c7-931f-0dc00a3a2bb4,2026-06-07T02:30:00Z,2026-06-07T04:30:00+0200,5832.15,MW,FR,FR,actual_onshore_wind_generation,Wind Onshore,2026-06-20T01:54:57Z
2026-06-20T01:54:12Z,2026-06-20T03:54:12+0200,c30b8332-6a35-45c7-931f-0dc00a3a2bb4,2026-06-07T02:45:00Z,2026-06-07T04:45:00+0200,5566.39,MW,FR,FR,actual_onshore_wind_generation,Wind Onshore,2026-06-20T01:54:57Z
2026-06-20T01:54:12Z,2026-06-20T03:54:12+0200,c30b8332-6a35-45c7-931f-0dc00a3a2bb4,2026-06-07T03:00:00Z,2026-06-07T05:00:00+0200,5254.58,MW,FR,FR,actual_onshore_wind_generation,Wind Onshore,2026-06-20T01:54:57Z
2026-06-20T01:54:12Z,2026-06-20T03:54:12+0200,c30b8332-6a35-45c7-931f-0dc00a3a2bb4,2026-06-07T03:15:00Z,2026-06-07T05:15:00+0200,5031.4,MW,FR,FR,actual_onshore_wind_generation,Wind Onshore,2026-06-20T01:54:57Z
2026-06-20T01:54:12Z,2026-06-20T03:54:12+0200,c30b8332-6a35-45c7-931f-0dc00a3a2bb4,2026-06-07T03:30:00Z,2026-06-07T05:30:00+0200,4811.7,MW,FR,FR,actual_onshore_wind_generation,Wind Onshore,2026-06-20T01:54:57Z
2026-06-20T01:54:12Z,2026-06-20T03:54:12+0200,c30b8332-6a35-45c7-931f-0dc00a3a2bb4,2026-06-07T03:45:00Z,2026-06-07T05:45:00+0200,4565.69,MW,FR,FR,actual_onshore_wind_generation,Wind Onshore,2026-06-20T01:54:57Z
2026-06-20T01:54:12Z,2026-06-20T03:54:12+0200,c30b8332-6a35-45c7-931f-0dc00a3a2bb4,2026-06-07T04:00:00Z,2026-06-07T06:00:00+0200,4364.8,MW,FR,FR,actual_onshore_wind_generation,Wind Onshore,2026-06-20T01:54:57Z
2026-06-20T01:54:12Z,2026-06-20T03:54:12+0200,c30b8332-6a35-45c7-931f-0dc00a3a2bb4,2026-06-07T04:15:00Z,2026-06-07T06:15:00+0200,4189.41,MW,FR,FR,actual_onshore_wind_generation,Wind Onshore,2026-06-20T01:54:57Z
2026-06-20T01:54:12Z,2026-06-20T03:54:12+0200,c30b8332-6a35-45c7-931f-0dc00a3a2bb4,2026-06-07T04:30:00Z,2026-06-07T06:30:00+0200,3964.13,MW,FR,FR,actual_onshore_wind_generation,Wind Onshore,2026-06-20T01:54:57Z
2026-06-20T01:54:12Z,2026-06-20T03:54:12+0200,c30b8332-6a35-45c7-931f-0dc00a3a2bb4,2026-06-07T04:45:00Z,2026-06-07T06:45:00+0200,3705.78,MW,FR,FR,actual_onshore_wind_generation,Wind Onshore,2026-06-20T01:54:57Z
2026-06-20T01:54:12Z,2026-06-20T03:54:12+0200,c30b8332-6a35-45c7-931f-0dc00a3a2bb4,2026-06-07T05:00:00Z,2026-06-07T07:00:00+0200,3419.78,MW,FR,FR,actual_onshore_wind_generation,Wind Onshore,2026-06-20T01:54:57Z
2026-06-20T01:54:12Z,2026-06-20T03:54:12+0200,c30b8332-6a35-45c7-931f-0dc00a3a2bb4,2026-06-07T05:15:00Z,2026-06-07T07:15:00+0200,3038.92,MW,FR,FR,actual_onshore_wind_generation,Wind Onshore,2026-06-20T01:54:57Z
2026-06-20T01:54:12Z,2026-06-20T03:54:12+0200,c30b8332-6a35-45c7-931f-0dc00a3a2bb4,2026-06-07T05:30:00Z,2026-06-07T07:30:00+0200,2432.17,MW,FR,FR,actual_onshore_wind_generation,Wind Onshore,2026-06-20T01:54:57Z
2026-06-20T01:54:12Z,2026-06-20T03:54:12+0200,c30b8332-6a35-45c7-931f-0dc00a3a2bb4,2026-06-07T05:45:00Z,2026-06-07T07:45:00+0200,2119.15,MW,FR,FR,actual_onshore_wind_generation,Wind Onshore,2026-06-20T01:54:57Z
2026-06-20T01:54:12Z,2026-06-20T03:54:12+0200,c30b8332-6a35-45c7-931f-0dc00a3a2bb4,2026-06-07T06:00:00Z,2026-06-07T08:00:00+0200,1896.55,MW,FR,FR,actual_onshore_wind_generation,Wind Onshore,2026-06-20T01:54:57Z
2026-06-20T01:54:12Z,2026-06-20T03:54:12+0200,c30b8332-6a35-45c7-931f-0dc00a3a2bb4,2026-06-07T06:15:00Z,2026-06-07T08:15:00+0200,1779.37,MW,FR,FR,actual_onshore_wind_generation,Wind Onshore,2026-06-20T01:54:57Z
2026-06-20T01:54:12Z,2026-06-20T03:54:12+0200,c30b8332-6a35-45c7-931f-0dc00a3a2bb4,2026-06-07T06:30:00Z,2026-06-07T08:30:00+0200,1418.71,MW,FR,FR,actual_onshore_wind_generation,Wind Onshore,2026-06-20T01:54:57Z
2026-06-20T01:54:12Z,2026-06-20T03:54:12+0200,c30b8332-6a35-45c7-931f-0dc00a3a2bb4,2026-06-07T06:45:00Z,2026-06-07T08:45:00+0200,1254.88,MW,FR,FR,actual_onshore_wind_generation,Wind Onshore,2026-06-20T01:54:57Z
2026-06-20T01:54:12Z,2026-06-20T03:54:12+0200,c30b8332-6a35-45c7-931f-0dc00a3a2bb4,2026-06-07T07:00:00Z,2026-06-07T09:00:00+0200,1247.28,MW,FR,FR,actual_onshore_wind_generation,Wind Onshore,2026-06-20T01:54:57Z
2026-06-20T01:54:12Z,2026-06-20T03:54:12+0200,c30b8332-6a35-45c7-931f-0dc00a3a2bb4,2026-06-07T07:15:00Z,2026-06-07T09:15:00+0200,1236.26,MW,FR,FR,actual_onshore_wind_generation,Wind Onshore,2026-06-20T01:54:57Z
2026-06-20T01:54:12Z,2026-06-20T03:54:12+0200,c30b8332-6a35-45c7-931f-0dc00a3a2bb4,2026-06-07T07:30:00Z,2026-06-07T09:30:00+0200,1237.01,MW,FR,FR,actual_onshore_wind_generation,Wind Onshore,2026-06-20T01:54:57Z
2026-06-20T01:54:12Z,2026-06-20T03:54:12+0200,c30b8332-6a35-45c7-931f-0dc00a3a2bb4,2026-06-07T07:45:00Z,2026-06-07T09:45:00+0200,1234.35,MW,FR,FR,actual_onshore_wind_generation,Wind Onshore,2026-06-20T01:54:57Z
2026-06-20T01:54:12Z,2026-06-20T03:54:12+0200,c30b8332-6a35-45c7-931f-0dc00a3a2bb4,2026-06-07T08:00:00Z,2026-06-07T10:00:00+0200,1252.42,MW,FR,FR,actual_onshore_wind_generation,Wind Onshore,2026-06-20T01:54:57Z
2026-06-20T01:54:12Z,2026-06-20T03:54:12+0200,c30b8332-6a35-45c7-931f-0dc00a3a2bb4,2026-06-07T08:15:00Z,2026-06-07T10:15:00+0200,1238.74,MW,FR,FR,actual_onshore_wind_generation,Wind Onshore,2026-06-20T01:54:57Z
2026-06-20T01:54:12Z,2026-06-20T03:54:12+0200,c30b8332-6a35-45c7-931f-0dc00a3a2bb4,2026-06-07T08:30:00Z,2026-06-07T10:30:00+0200,1222.73,MW,FR,FR,actual_onshore_wind_generation,Wind Onshore,2026-06-20T01:54:57Z
2026-06-20T01:54:12Z,2026-06-20T03:54:12+0200,c30b8332-6a35-45c7-931f-0dc00a3a2bb4,2026-06-07T08:45:00Z,2026-06-07T10:45:00+0200,1213.95,MW,FR,FR,actual_onshore_wind_generation,Wind Onshore,2026-06-20T01:54:57Z
2026-06-20T01:54:12Z,2026-06-20T03:54:12+0200,c30b8332-6a35-45c7-931f-0dc00a3a2bb4,2026-06-07T09:00:00Z,2026-06-07T11:00:00+0200,1193.9,MW,FR,FR,actual_onshore_wind_generation,Wind Onshore,2026-06-20T01:54:57Z
2026-06-20T01:54:12Z,2026-06-20T03:54:12+0200,c30b8332-6a35-45c7-931f-0dc00a3a2bb4,2026-06-07T09:15:00Z,2026-06-07T11:15:00+0200,1193.64,MW,FR,FR,actual_onshore_wind_generation,Wind Onshore,2026-06-20T01:54:57Z
2026-06-20T01:54:12Z,2026-06-20T03:54:12+0200,c30b8332-6a35-45c7-931f-0dc00a3a2bb4,2026-06-07T09:30:00Z,2026-06-07T11:30:00+0200,1183.35,MW,FR,FR,actual_onshore_wind_generation,Wind Onshore,2026-06-20T01:54:57Z
2026-06-20T01:54:12Z,2026-06-20T03:54:12+0200,c30b8332-6a35-45c7-931f-0dc00a3a2bb4,2026-06-07T09:45:00Z,2026-06-07T11:45:00+0200,1165.04,MW,FR,FR,actual_onshore_wind_generation,Wind Onshore,2026-06-20T01:54:57Z
2026-06-20T01:54:12Z,2026-06-20T03:54:12+0200,c30b8332-6a35-45c7-931f-0dc00a3a2bb4,2026-06-07T10:00:00Z,2026-06-07T12:00:00+0200,1165.21,MW,FR,FR,actual_onshore_wind_generation,Wind Onshore,2026-06-20T01:54:57Z
2026-06-20T01:54:12Z,2026-06-20T03:54:12+0200,c30b8332-6a35-45c7-931f-0dc00a3a2bb4,2026-06-07T10:15:00Z,2026-06-07T12:15:00+0200,1148.55,MW,FR,FR,actual_onshore_wind_generation,Wind Onshore,2026-06-20T01:54:57Z
2026-06-20T01:54:12Z,2026-06-20T03:54:12+0200,c30b8332-6a35-45c7-931f-0dc00a3a2bb4,2026-06-07T10:30:00Z,2026-06-07T12:30:00+0200,1145.42,MW,FR,FR,actual_onshore_wind_generation,Wind Onshore,2026-06-20T01:54:57Z
2026-06-20T01:54:12Z,2026-06-20T03:54:12+0200,c30b8332-6a35-45c7-931f-0dc00a3a2bb4,2026-06-07T10:45:00Z,2026-06-07T12:45:00+0200,1138.04,MW,FR,FR,actual_onshore_wind_generation,Wind Onshore,2026-06-20T01:54:57Z
2026-06-20T01:54:12Z,2026-06-20T03:54:12+0200,c30b8332-6a35-45c7-931f-0dc00a3a2bb4,2026-06-07T11:00:00Z,2026-06-07T13:00:00+0200,1121.65,MW,FR,FR,actual_onshore_wind_generation,Wind Onshore,2026-06-20T01:54:57Z
2026-06-20T01:54:12Z,2026-06-20T03:54:12+0200,c30b8332-6a35-45c7-931f-0dc00a3a2bb4,2026-06-07T11:15:00Z,2026-06-07T13:15:00+0200,1119.77,MW,FR,FR,actual_onshore_wind_generation,Wind Onshore,2026-06-20T01:54:57Z
2026-06-20T01:54:12Z,2026-06-20T03:54:12+0200,c30b8332-6a35-45c7-931f-0dc00a3a2bb4,2026-06-07T11:30:00Z,2026-06-07T13:30:00+0200,1097.38,MW,FR,FR,actual_onshore_wind_generation,Wind Onshore,2026-06-20T01:54:57Z
2026-06-20T01:54:12Z,2026-06-20T03:54:12+0200,c30b8332-6a35-45c7-931f-0dc00a3a2bb4,2026-06-07T11:45:00Z,2026-06-07T13:45:00+0200,1101.56,MW,FR,FR,actual_onshore_wind_generation,Wind Onshore,2026-06-20T01:54:57Z
2026-06-20T01:54:12Z,2026-06-20T03:54:12+0200,c30b8332-6a35-45c7-931f-0dc00a3a2bb4,2026-06-07T12:00:00Z,2026-06-07T14:00:00+0200,1099.66,MW,FR,FR,actual_onshore_wind_generation,Wind Onshore,2026-06-20T01:54:57Z
2026-06-20T01:54:12Z,2026-06-20T03:54:12+0200,c30b8332-6a35-45c7-931f-0dc00a3a2bb4,2026-06-07T12:15:00Z,2026-06-07T14:15:00+0200,1102.59,MW,FR,FR,actual_onshore_wind_generation,Wind Onshore,2026-06-20T01:54:57Z
2026-06-20T01:54:12Z,2026-06-20T03:54:12+0200,c30b8332-6a35-45c7-931f-0dc00a3a2bb4,2026-06-07T12:30:00Z,2026-06-07T14:30:00+0200,1085.42,MW,FR,FR,actual_onshore_wind_generation,Wind Onshore,2026-06-20T01:54:57Z
2026-06-20T01:54:12Z,2026-06-20T03:54:12+0200,c30b8332-6a35-45c7-931f-0dc00a3a2bb4,2026-06-07T12:45:00Z,2026-06-07T14:45:00+0200,1078.53,MW,FR,FR,actual_onshore_wind_generation,Wind Onshore,2026-06-20T01:54:57Z
2026-06-20T01:54:12Z,2026-06-20T03:54:12+0200,c30b8332-6a35-45c7-931f-0dc00a3a2bb4,2026-06-07T13:00:00Z,2026-06-07T15:00:00+0200,1062.55,MW,FR,FR,actual_onshore_wind_generation,Wind Onshore,2026-06-20T01:54:57Z
2026-06-20T01:54:12Z,2026-06-20T03:54:12+0200,c30b8332-6a35-45c7-931f-0dc00a3a2bb4,2026-06-07T13:15:00Z,2026-06-07T15:15:00+0200,1059.02,MW,FR,FR,actual_onshore_wind_generation,Wind Onshore,2026-06-20T01:54:57Z
2026-06-20T01:54:12Z,2026-06-20T03:54:12+0200,c30b8332-6a35-45c7-931f-0dc00a3a2bb4,2026-06-07T13:30:00Z,2026-06-07T15:30:00+0200,1039.58,MW,FR,FR,actual_onshore_wind_generation,Wind Onshore,2026-06-20T01:54:57Z
2026-06-20T01:54:12Z,2026-06-20T03:54:12+0200,c30b8332-6a35-45c7-931f-0dc00a3a2bb4,2026-06-07T13:45:00Z,2026-06-07T15:45:00+0200,1035.81,MW,FR,FR,actual_onshore_wind_generation,Wind Onshore,2026-06-20T01:54:57Z
2026-06-20T01:54:12Z,2026-06-20T03:54:12+0200,c30b8332-6a35-45c7-931f-0dc00a3a2bb4,2026-06-07T14:00:00Z,2026-06-07T16:00:00+0200,1024.16,MW,FR,FR,actual_onshore_wind_generation,Wind Onshore,2026-06-20T01:54:57Z
2026-06-20T01:54:12Z,2026-06-20T03:54:12+0200,c30b8332-6a35-45c7-931f-0dc00a3a2bb4,2026-06-07T14:15:00Z,2026-06-07T16:15:00+0200,1025.12,MW,FR,FR,actual_onshore_wind_generation,Wind Onshore,2026-06-20T01:54:57Z
2026-06-20T01:54:12Z,2026-06-20T03:54:12+0200,c30b8332-6a35-45c7-931f-0dc00a3a2bb4,2026-06-07T14:30:00Z,2026-06-07T16:30:00+0200,1014.93,MW,FR,FR,actual_onshore_wind_generation,Wind Onshore,2026-06-20T01:54:57Z
2026-06-20T01:54:12Z,2026-06-20T03:54:12+0200,c30b8332-6a35-45c7-931f-0dc00a3a2bb4,2026-06-07T14:45:00Z,2026-06-07T16:45:00+0200,1010.62,MW,FR,FR,actual_onshore_wind_generation,Wind Onshore,2026-06-20T01:54:57Z
2026-06-20T01:54:12Z,2026-06-20T03:54:12+0200,c30b8332-6a35-45c7-931f-0dc00a3a2bb4,2026-06-07T15:00:00Z,2026-06-07T17:00:00+0200,996.02,MW,FR,FR,actual_onshore_wind_generation,Wind Onshore,2026-06-20T01:54:57Z
2026-06-20T01:54:12Z,2026-06-20T03:54:12+0200,c30b8332-6a35-45c7-931f-0dc00a3a2bb4,2026-06-07T15:15:00Z,2026-06-07T17:15:00+0200,999.8,MW,FR,FR,actual_onshore_wind_generation,Wind Onshore,2026-06-20T01:54:57Z
2026-06-20T01:54:12Z,2026-06-20T03:54:12+0200,c30b8332-6a35-45c7-931f-0dc00a3a2bb4,2026-06-07T15:30:00Z,2026-06-07T17:30:00+0200,1048.85,MW,FR,FR,actual_onshore_wind_generation,Wind Onshore,2026-06-20T01:54:57Z
2026-06-20T01:54:12Z,2026-06-20T03:54:12+0200,c30b8332-6a35-45c7-931f-0dc00a3a2bb4,2026-06-07T15:45:00Z,2026-06-07T17:45:00+0200,1194.78,MW,FR,FR,actual_onshore_wind_generation,Wind Onshore,2026-06-20T01:54:57Z
2026-06-20T01:54:12Z,2026-06-20T03:54:12+0200,c30b8332-6a35-45c7-931f-0dc00a3a2bb4,2026-06-07T16:00:00Z,2026-06-07T18:00:00+0200,1258.42,MW,FR,FR,actual_onshore_wind_generation,Wind Onshore,2026-06-20T01:54:57Z
2026-06-20T01:54:12Z,2026-06-20T03:54:12+0200,c30b8332-6a35-45c7-931f-0dc00a3a2bb4,2026-06-07T16:15:00Z,2026-06-07T18:15:00+0200,970.16,MW,FR,FR,actual_onshore_wind_generation,Wind Onshore,2026-06-20T01:54:57Z
2026-06-20T01:54:12Z,2026-06-20T03:54:12+0200,c30b8332-6a35-45c7-931f-0dc00a3a2bb4,2026-06-07T16:30:00Z,2026-06-07T18:30:00+0200,728.11,MW,FR,FR,actual_onshore_wind_generation,Wind Onshore,2026-06-20T01:54:57Z
2026-06-20T01:54:12Z,2026-06-20T03:54:12+0200,c30b8332-6a35-45c7-931f-0dc00a3a2bb4,2026-06-07T16:45:00Z,2026-06-07T18:45:00+0200,697.24,MW,FR,FR,actual_onshore_wind_generation,Wind Onshore,2026-06-20T01:54:57Z
2026-06-20T01:54:12Z,2026-06-20T03:54:12+0200,c30b8332-6a35-45c7-931f-0dc00a3a2bb4,2026-06-07T17:00:00Z,2026-06-07T19:00:00+0200,705.2,MW,FR,FR,actual_onshore_wind_generation,Wind Onshore,2026-06-20T01:54:57Z
2026-06-20T01:54:12Z,2026-06-20T03:54:12+0200,c30b8332-6a35-45c7-931f-0dc00a3a2bb4,2026-06-07T17:15:00Z,2026-06-07T19:15:00+0200,700.02,MW,FR,FR,actual_onshore_wind_generation,Wind Onshore,2026-06-20T01:54:57Z
2026-06-20T01:54:12Z,2026-06-20T03:54:12+0200,c30b8332-6a35-45c7-931f-0dc00a3a2bb4,2026-06-07T17:30:00Z,2026-06-07T19:30:00+0200,678.87,MW,FR,FR,actual_onshore_wind_generation,Wind Onshore,2026-06-20T01:54:57Z
2026-06-20T01:54:12Z,2026-06-20T03:54:12+0200,c30b8332-6a35-45c7-931f-0dc00a3a2bb4,2026-06-07T17:45:00Z,2026-06-07T19:45:00+0200,659.25,MW,FR,FR,actual_onshore_wind_generation,Wind Onshore,2026-06-20T01:54:57Z
2026-06-20T01:54:12Z,2026-06-20T03:54:12+0200,c30b8332-6a35-45c7-931f-0dc00a3a2bb4,2026-06-07T18:00:00Z,2026-06-07T20:00:00+0200,651.5,MW,FR,FR,actual_onshore_wind_generation,Wind Onshore,2026-06-20T01:54:57Z
2026-06-20T01:54:12Z,2026-06-20T03:54:12+0200,c30b8332-6a35-45c7-931f-0dc00a3a2bb4,2026-06-07T18:15:00Z,2026-06-07T20:15:00+0200,658.58,MW,FR,FR,actual_onshore_wind_generation,Wind Onshore,2026-06-20T01:54:57Z
2026-06-20T01:54:12Z,2026-06-20T03:54:12+0200,c30b8332-6a35-45c7-931f-0dc00a3a2bb4,2026-06-07T18:30:00Z,2026-06-07T20:30:00+0200,659.28,MW,FR,FR,actual_onshore_wind_generation,Wind Onshore,2026-06-20T01:54:57Z
2026-06-20T01:54:12Z,2026-06-20T03:54:12+0200,c30b8332-6a35-45c7-931f-0dc00a3a2bb4,2026-06-07T18:45:00Z,2026-06-07T20:45:00+0200,663.55,MW,FR,FR,actual_onshore_wind_generation,Wind Onshore,2026-06-20T01:54:57Z
2026-06-20T01:54:12Z,2026-06-20T03:54:12+0200,c30b8332-6a35-45c7-931f-0dc00a3a2bb4,2026-06-07T19:00:00Z,2026-06-07T21:00:00+0200,688.8,MW,FR,FR,actual_onshore_wind_generation,Wind Onshore,2026-06-20T01:54:57Z
2026-06-20T01:54:12Z,2026-06-20T03:54:12+0200,c30b8332-6a35-45c7-931f-0dc00a3a2bb4,2026-06-07T19:15:00Z,2026-06-07T21:15:00+0200,764.73,MW,FR,FR,actual_onshore_wind_generation,Wind Onshore,2026-06-20T01:54:57Z
2026-06-20T01:54:12Z,2026-06-20T03:54:12+0200,c30b8332-6a35-45c7-931f-0dc00a3a2bb4,2026-06-07T19:30:00Z,2026-06-07T21:30:00+0200,845.17,MW,FR,FR,actual_onshore_wind_generation,Wind Onshore,2026-06-20T01:54:57Z
2026-06-20T01:54:12Z,2026-06-20T03:54:12+0200,c30b8332-6a35-45c7-931f-0dc00a3a2bb4,2026-06-07T19:45:00Z,2026-06-07T21:45:00+0200,901.13,MW,FR,FR,actual_onshore_wind_generation,Wind Onshore,2026-06-20T01:54:57Z
2026-06-20T01:54:12Z,2026-06-20T03:54:12+0200,c30b8332-6a35-45c7-931f-0dc00a3a2bb4,2026-06-07T20:00:00Z,2026-06-07T22:00:00+0200,933.69,MW,FR,FR,actual_onshore_wind_generation,Wind Onshore,2026-06-20T01:54:57Z
2026-06-20T01:54:12Z,2026-06-20T03:54:12+0200,c30b8332-6a35-45c7-931f-0dc00a3a2bb4,2026-06-07T20:15:00Z,2026-06-07T22:15:00+0200,1024.2,MW,FR,FR,actual_onshore_wind_generation,Wind Onshore,2026-06-20T01:54:57Z
2026-06-20T01:54:12Z,2026-06-20T03:54:12+0200,c30b8332-6a35-45c7-931f-0dc00a3a2bb4,2026-06-07T20:30:00Z,2026-06-07T22:30:00+0200,1147.2,MW,FR,FR,actual_onshore_wind_generation,Wind Onshore,2026-06-20T01:54:57Z
2026-06-20T01:54:12Z,2026-06-20T03:54:12+0200,c30b8332-6a35-45c7-931f-0dc00a3a2bb4,2026-06-07T20:45:00Z,2026-06-07T22:45:00+0200,1299.97,MW,FR,FR,actual_onshore_wind_generation,Wind Onshore,2026-06-20T01:54:57Z
2026-06-20T01:54:12Z,2026-06-20T03:54:12+0200,c30b8332-6a35-45c7-931f-0dc00a3a2bb4,2026-06-07T21:00:00Z,2026-06-07T23:00:00+0200,1472.29,MW,FR,FR,actual_onshore_wind_generation,Wind Onshore,2026-06-20T01:54:57Z
2026-06-20T01:54:12Z,2026-06-20T03:54:12+0200,c30b8332-6a35-45c7-931f-0dc00a3a2bb4,2026-06-07T21:15:00Z,2026-06-07T23:15:00+0200,1554.91,MW,FR,FR,actual_onshore_wind_generation,Wind Onshore,2026-06-20T01:54:57Z
2026-06-20T01:54:12Z,2026-06-20T03:54:12+0200,c30b8332-6a35-45c7-931f-0dc00a3a2bb4,2026-06-07T21:30:00Z,2026-06-07T23:30:00+0200,1597.08,MW,FR,FR,actual_onshore_wind_generation,Wind Onshore,2026-06-20T01:54:57Z
2026-06-20T01:54:12Z,2026-06-20T03:54:12+0200,c30b8332-6a35-45c7-931f-0dc00a3a2bb4,2026-06-07T21:45:00Z,2026-06-07T23:45:00+0200,1643.97,MW,FR,FR,actual_onshore_wind_generation,Wind Onshore,2026-06-20T01:54:57Z
2026-06-20T01:54:12Z,2026-06-20T03:54:12+0200,c30b8332-6a35-45c7-931f-0dc00a3a2bb4,2026-06-07T22:00:00Z,2026-06-08T00:00:00+0200,1721.51,MW,FR,FR,actual_onshore_wind_generation,Wind Onshore,2026-06-20T01:54:57Z
2026-06-20T01:54:12Z,2026-06-20T03:54:12+0200,c30b8332-6a35-45c7-931f-0dc00a3a2bb4,2026-06-07T22:15:00Z,2026-06-08T00:15:00+0200,1836.75,MW,FR,FR,actual_onshore_wind_generation,Wind Onshore,2026-06-20T01:54:57Z
2026-06-20T01:54:12Z,2026-06-20T03:54:12+0200,c30b8332-6a35-45c7-931f-0dc00a3a2bb4,2026-06-07T22:30:00Z,2026-06-08T00:30:00+0200,1939.56,MW,FR,FR,actual_onshore_wind_generation,Wind Onshore,2026-06-20T01:54:57Z
2026-06-20T01:54:12Z,2026-06-20T03:54:12+0200,c30b8332-6a35-45c7-931f-0dc00a3a2bb4,2026-06-07T22:45:00Z,2026-06-08T00:45:00+0200,2097.42,MW,FR,FR,actual_onshore_wind_generation,Wind Onshore,2026-06-20T01:54:57Z
2026-06-20T01:54:12Z,2026-06-20T03:54:12+0200,c30b8332-6a35-45c7-931f-0dc00a3a2bb4,2026-06-07T23:00:00Z,2026-06-08T01:00:00+0200,2221.72,MW,FR,FR,actual_onshore_wind_generation,Wind Onshore,2026-06-20T01:54:57Z
2026-06-20T01:54:12Z,2026-06-20T03:54:12+0200,c30b8332-6a35-45c7-931f-0dc00a3a2bb4,2026-06-07T23:15:00Z,2026-06-08T01:15:00+0200,2344.5,MW,FR,FR,actual_onshore_wind_generation,Wind Onshore,2026-06-20T01:54:57Z
2026-06-20T01:54:12Z,2026-06-20T03:54:12+0200,c30b8332-6a35-45c7-931f-0dc00a3a2bb4,2026-06-07T23:30:00Z,2026-06-08T01:30:00+0200,2421.94,MW,FR,FR,actual_onshore_wind_generation,Wind Onshore,2026-06-20T01:54:57Z
2026-06-20T01:54:12Z,2026-06-20T03:54:12+0200,c30b8332-6a35-45c7-931f-0dc00a3a2bb4,2026-06-07T23:45:00Z,2026-06-08T01:45:00+0200,2445.14,MW,FR,FR,actual_onshore_wind_generation,Wind Onshore,2026-06-20T01:54:57Z
2026-06-20T01:54:12Z,2026-06-20T03:54:12+0200,c30b8332-6a35-45c7-931f-0dc00a3a2bb4,2026-06-08T00:00:00Z,2026-06-08T02:00:00+0200,2485.46,MW,FR,FR,actual_onshore_wind_generation,Wind Onshore,2026-06-20T01:54:57Z
2026-06-20T01:54:12Z,2026-06-20T03:54:12+0200,c30b8332-6a35-45c7-931f-0dc00a3a2bb4,2026-06-08T00:15:00Z,2026-06-08T02:15:00+0200,2495.99,MW,FR,FR,actual_onshore_wind_generation,Wind Onshore,2026-06-20T01:54:57Z
2026-06-20T01:54:12Z,2026-06-20T03:54:12+0200,c30b8332-6a35-45c7-931f-0dc00a3a2bb4,2026-06-08T00:30:00Z,2026-06-08T02:30:00+0200,2504.58,MW,FR,FR,actual_onshore_wind_generation,Wind Onshore,2026-06-20T01:54:57Z
2026-06-20T01:54:12Z,2026-06-20T03:54:12+0200,c30b8332-6a35-45c7-931f-0dc00a3a2bb4,2026-06-08T00:45:00Z,2026-06-08T02:45:00+0200,2618.58,MW,FR,FR,actual_onshore_wind_generation,Wind Onshore,2026-06-20T01:54:57Z
2026-06-20T01:54:12Z,2026-06-20T03:54:12+0200,c30b8332-6a35-45c7-931f-0dc00a3a2bb4,2026-06-08T01:00:00Z,2026-06-08T03:00:00+0200,2739.39,MW,FR,FR,actual_onshore_wind_generation,Wind Onshore,2026-06-20T01:54:57Z
2026-06-20T01:54:12Z,2026-06-20T03:54:12+0200,c30b8332-6a35-45c7-931f-0dc00a3a2bb4,2026-06-08T01:15:00Z,2026-06-08T03:15:00+0200,2805.37,MW,FR,FR,actual_onshore_wind_generation,Wind Onshore,2026-06-20T01:54:57Z
2026-06-20T01:54:12Z,2026-06-20T03:54:12+0200,c30b8332-6a35-45c7-931f-0dc00a3a2bb4,2026-06-08T01:30:00Z,2026-06-08T03:30:00+0200,2844.26,MW,FR,FR,actual_onshore_wind_generation,Wind Onshore,2026-06-20T01:54:57Z
2026-06-20T01:54:12Z,2026-06-20T03:54:12+0200,c30b8332-6a35-45c7-931f-0dc00a3a2bb4,2026-06-08T01:45:00Z,2026-06-08T03:45:00+0200,2890.59,MW,FR,FR,actual_onshore_wind_generation,Wind Onshore,2026-06-20T01:54:57Z
2026-06-20T01:54:12Z,2026-06-20T03:54:12+0200,c30b8332-6a35-45c7-931f-0dc00a3a2bb4,2026-06-08T02:00:00Z,2026-06-08T04:00:00+0200,2885.53,MW,FR,FR,actual_onshore_wind_generation,Wind Onshore,2026-06-20T01:54:57Z
2026-06-20T01:54:12Z,2026-06-20T03:54:12+0200,c30b8332-6a35-45c7-931f-0dc00a3a2bb4,2026-06-08T02:15:00Z,2026-06-08T04:15:00+0200,2855.35,MW,FR,FR,actual_onshore_wind_generation,Wind Onshore,2026-06-20T01:54:57Z
2026-06-20T01:54:12Z,2026-06-20T03:54:12+0200,c30b8332-6a35-45c7-931f-0dc00a3a2bb4,2026-06-08T02:30:00Z,2026-06-08T04:30:00+0200,2866.81,MW,FR,FR,actual_onshore_wind_generation,Wind Onshore,2026-06-20T01:54:57Z
2026-06-20T01:54:12Z,2026-06-20T03:54:12+0200,c30b8332-6a35-45c7-931f-0dc00a3a2bb4,2026-06-08T02:45:00Z,2026-06-08T04:45:00+0200,2881.24,MW,FR,FR,actual_onshore_wind_generation,Wind Onshore,2026-06-20T01:54:57Z
2026-06-20T01:54:12Z,2026-06-20T03:54:12+0200,c30b8332-6a35-45c7-931f-0dc00a3a2bb4,2026-06-08T03:00:00Z,2026-06-08T05:00:00+0200,2882.7,MW,FR,FR,actual_onshore_wind_generation,Wind Onshore,2026-06-20T01:54:57Z
2026-06-20T01:54:12Z,2026-06-20T03:54:12+0200,c30b8332-6a35-45c7-931f-0dc00a3a2bb4,2026-06-08T03:15:00Z,2026-06-08T05:15:00+0200,2907.2,MW,FR,FR,actual_onshore_wind_generation,Wind Onshore,2026-06-20T01:54:57Z
2026-06-20T01:54:12Z,2026-06-20T03:54:12+0200,c30b8332-6a35-45c7-931f-0dc00a3a2bb4,2026-06-08T03:30:00Z,2026-06-08T05:30:00+0200,2925.6,MW,FR,FR,actual_onshore_wind_generation,Wind Onshore,2026-06-20T01:54:57Z
2026-06-20T01:54:12Z,2026-06-20T03:54:12+0200,c30b8332-6a35-45c7-931f-0dc00a3a2bb4,2026-06-08T03:45:00Z,2026-06-08T05:45:00+0200,2958.71,MW,FR,FR,actual_onshore_wind_generation,Wind Onshore,2026-06-20T01:54:57Z
2026-06-20T01:54:12Z,2026-06-20T03:54:12+0200,c30b8332-6a35-45c7-931f-0dc00a3a2bb4,2026-06-08T04:00:00Z,2026-06-08T06:00:00+0200,2998.1,MW,FR,FR,actual_onshore_wind_generation,Wind Onshore,2026-06-20T01:54:57Z
2026-06-20T01:54:12Z,2026-06-20T03:54:12+0200,c30b8332-6a35-45c7-931f-0dc00a3a2bb4,2026-06-08T04:15:00Z,2026-06-08T06:15:00+0200,3069.46,MW,FR,FR,actual_onshore_wind_generation,Wind Onshore,2026-06-20T01:54:57Z
2026-06-20T01:54:12Z,2026-06-20T03:54:12+0200,c30b8332-6a35-45c7-931f-0dc00a3a2bb4,2026-06-08T04:30:00Z,2026-06-08T06:30:00+0200,3098.08,MW,FR,FR,actual_onshore_wind_generation,Wind Onshore,2026-06-20T01:54:57Z
2026-06-20T01:54:12Z,2026-06-20T03:54:12+0200,c30b8332-6a35-45c7-931f-0dc00a3a2bb4,2026-06-08T04:45:00Z,2026-06-08T06:45:00+0200,3167.6,MW,FR,FR,actual_onshore_wind_generation,Wind Onshore,2026-06-20T01:54:57Z
2026-06-20T01:54:12Z,2026-06-20T03:54:12+0200,c30b8332-6a35-45c7-931f-0dc00a3a2bb4,2026-06-08T05:00:00Z,2026-06-08T07:00:00+0200,3190.36,MW,FR,FR,actual_onshore_wind_generation,Wind Onshore,2026-06-20T01:54:57Z
2026-06-20T01:54:12Z,2026-06-20T03:54:12+0200,c30b8332-6a35-45c7-931f-0dc00a3a2bb4,2026-06-08T05:15:00Z,2026-06-08T07:15:00+0200,3184.59,MW,FR,FR,actual_onshore_wind_generation,Wind Onshore,2026-06-20T01:54:57Z
2026-06-20T01:54:12Z,2026-06-20T03:54:12+0200,c30b8332-6a35-45c7-931f-0dc00a3a2bb4,2026-06-08T05:30:00Z,2026-06-08T07:30:00+0200,3093.24,MW,FR,FR,actual_onshore_wind_generation,Wind Onshore,2026-06-20T01:54:57Z
2026-06-20T01:54:12Z,2026-06-20T03:54:12+0200,c30b8332-6a35-45c7-931f-0dc00a3a2bb4,2026-06-08T05:45:00Z,2026-06-08T07:45:00+0200,2990.78,MW,FR,FR,actual_onshore_wind_generation,Wind Onshore,2026-06-20T01:54:57Z
2026-06-20T01:54:12Z,2026-06-20T03:54:12+0200,c30b8332-6a35-45c7-931f-0dc00a3a2bb4,2026-06-08T06:00:00Z,2026-06-08T08:00:00+0200,2860.14,MW,FR,FR,actual_onshore_wind_generation,Wind Onshore,2026-06-20T01:54:57Z
2026-06-20T01:54:12Z,2026-06-20T03:54:12+0200,c30b8332-6a35-45c7-931f-0dc00a3a2bb4,2026-06-08T06:15:00Z,2026-06-08T08:15:00+0200,2643.1,MW,FR,FR,actual_onshore_wind_generation,Wind Onshore,2026-06-20T01:54:57Z
2026-06-20T01:54:12Z,2026-06-20T03:54:12+0200,c30b8332-6a35-45c7-931f-0dc00a3a2bb4,2026-06-08T06:30:00Z,2026-06-08T08:30:00+0200,2454.18,MW,FR,FR,actual_onshore_wind_generation,Wind Onshore,2026-06-20T01:54:57Z
2026-06-20T01:54:12Z,2026-06-20T03:54:12+0200,c30b8332-6a35-45c7-931f-0dc00a3a2bb4,2026-06-08T06:45:00Z,2026-06-08T08:45:00+0200,2219.51,MW,FR,FR,actual_onshore_wind_generation,Wind Onshore,2026-06-20T01:54:57Z
2026-06-20T01:54:12Z,2026-06-20T03:54:12+0200,c30b8332-6a35-45c7-931f-0dc00a3a2bb4,2026-06-08T07:00:00Z,2026-06-08T09:00:00+0200,1956.34,MW,FR,FR,actual_onshore_wind_generation,Wind Onshore,2026-06-20T01:54:57Z
2026-06-20T01:54:12Z,2026-06-20T03:54:12+0200,c30b8332-6a35-45c7-931f-0dc00a3a2bb4,2026-06-08T07:15:00Z,2026-06-08T09:15:00+0200,1788.25,MW,FR,FR,actual_onshore_wind_generation,Wind Onshore,2026-06-20T01:54:57Z
2026-06-20T01:54:12Z,2026-06-20T03:54:12+0200,c30b8332-6a35-45c7-931f-0dc00a3a2bb4,2026-06-08T07:30:00Z,2026-06-08T09:30:00+0200,1727.96,MW,FR,FR,actual_onshore_wind_generation,Wind Onshore,2026-06-20T01:54:57Z
2026-06-20T01:54:12Z,2026-06-20T03:54:12+0200,c30b8332-6a35-45c7-931f-0dc00a3a2bb4,2026-06-08T07:45:00Z,2026-06-08T09:45:00+0200,1724.67,MW,FR,FR,actual_onshore_wind_generation,Wind Onshore,2026-06-20T01:54:57Z
2026-06-20T01:54:12Z,2026-06-20T03:54:12+0200,c30b8332-6a35-45c7-931f-0dc00a3a2bb4,2026-06-08T08:00:00Z,2026-06-08T10:00:00+0200,1730.07,MW,FR,FR,actual_onshore_wind_generation,Wind Onshore,2026-06-20T01:54:57Z
2026-06-20T01:54:12Z,2026-06-20T03:54:12+0200,c30b8332-6a35-45c7-931f-0dc00a3a2bb4,2026-06-08T08:15:00Z,2026-06-08T10:15:00+0200,1787.32,MW,FR,FR,actual_onshore_wind_generation,Wind Onshore,2026-06-20T01:54:57Z
2026-06-20T01:54:12Z,2026-06-20T03:54:12+0200,c30b8332-6a35-45c7-931f-0dc00a3a2bb4,2026-06-08T08:30:00Z,2026-06-08T10:30:00+0200,1862.41,MW,FR,FR,actual_onshore_wind_generation,Wind Onshore,2026-06-20T01:54:57Z
2026-06-20T01:54:12Z,2026-06-20T03:54:12+0200,c30b8332-6a35-45c7-931f-0dc00a3a2bb4,2026-06-08T08:45:00Z,2026-06-08T10:45:00+0200,1939.21,MW,FR,FR,actual_onshore_wind_generation,Wind Onshore,2026-06-20T01:54:57Z
2026-06-20T01:54:12Z,2026-06-20T03:54:12+0200,c30b8332-6a35-45c7-931f-0dc00a3a2bb4,2026-06-08T09:00:00Z,2026-06-08T11:00:00+0200,2060.57,MW,FR,FR,actual_onshore_wind_generation,Wind Onshore,2026-06-20T01:54:57Z
2026-06-20T01:54:12Z,2026-06-20T03:54:12+0200,c30b8332-6a35-45c7-931f-0dc00a3a2bb4,2026-06-08T09:15:00Z,2026-06-08T11:15:00+0200,2181.07,MW,FR,FR,actual_onshore_wind_generation,Wind Onshore,2026-06-20T01:54:57Z
2026-06-20T01:54:12Z,2026-06-20T03:54:12+0200,c30b8332-6a35-45c7-931f-0dc00a3a2bb4,2026-06-08T09:30:00Z,2026-06-08T11:30:00+0200,2251.12,MW,FR,FR,actual_onshore_wind_generation,Wind Onshore,2026-06-20T01:54:57Z
2026-06-20T01:54:12Z,2026-06-20T03:54:12+0200,c30b8332-6a35-45c7-931f-0dc00a3a2bb4,2026-06-08T09:45:00Z,2026-06-08T11:45:00+0200,2335.4,MW,FR,FR,actual_onshore_wind_generation,Wind Onshore,2026-06-20T01:54:57Z
2026-06-20T01:54:12Z,2026-06-20T03:54:12+0200,c30b8332-6a35-45c7-931f-0dc00a3a2bb4,2026-06-08T10:00:00Z,2026-06-08T12:00:00+0200,2534.24,MW,FR,FR,actual_onshore_wind_generation,Wind Onshore,2026-06-20T01:54:57Z
2026-06-20T01:54:12Z,2026-06-20T03:54:12+0200,c30b8332-6a35-45c7-931f-0dc00a3a2bb4,2026-06-08T10:15:00Z,2026-06-08T12:15:00+0200,2729.67,MW,FR,FR,actual_onshore_wind_generation,Wind Onshore,2026-06-20T01:54:57Z
2026-06-20T01:54:12Z,2026-06-20T03:54:12+0200,c30b8332-6a35-45c7-931f-0dc00a3a2bb4,2026-06-08T10:30:00Z,2026-06-08T12:30:00+0200,2870.29,MW,FR,FR,actual_onshore_wind_generation,Wind Onshore,2026-06-20T01:54:57Z
2026-06-20T01:54:12Z,2026-06-20T03:54:12+0200,c30b8332-6a35-45c7-931f-0dc00a3a2bb4,2026-06-08T10:45:00Z,2026-06-08T12:45:00+0200,3026.0,MW,FR,FR,actual_onshore_wind_generation,Wind Onshore,2026-06-20T01:54:57Z
2026-06-20T01:54:12Z,2026-06-20T03:54:12+0200,c30b8332-6a35-45c7-931f-0dc00a3a2bb4,2026-06-08T11:00:00Z,2026-06-08T13:00:00+0200,3263.47,MW,FR,FR,actual_onshore_wind_generation,Wind Onshore,2026-06-20T01:54:57Z
2026-06-20T01:54:12Z,2026-06-20T03:54:12+0200,c30b8332-6a35-45c7-931f-0dc00a3a2bb4,2026-06-08T11:15:00Z,2026-06-08T13:15:00+0200,3435.8,MW,FR,FR,actual_onshore_wind_generation,Wind Onshore,2026-06-20T01:54:57Z
2026-06-20T01:54:12Z,2026-06-20T03:54:12+0200,c30b8332-6a35-45c7-931f-0dc00a3a2bb4,2026-06-08T11:30:00Z,2026-06-08T13:30:00+0200,3687.21,MW,FR,FR,actual_onshore_wind_generation,Wind Onshore,2026-06-20T01:54:57Z
2026-06-20T01:54:12Z,2026-06-20T03:54:12+0200,c30b8332-6a35-45c7-931f-0dc00a3a2bb4,2026-06-08T11:45:00Z,2026-06-08T13:45:00+0200,3953.97,MW,FR,FR,actual_onshore_wind_generation,Wind Onshore,2026-06-20T01:54:57Z
2026-06-20T01:54:12Z,2026-06-20T03:54:12+0200,c30b8332-6a35-45c7-931f-0dc00a3a2bb4,2026-06-08T12:00:00Z,2026-06-08T14:00:00+0200,4242.97,MW,FR,FR,actual_onshore_wind_generation,Wind Onshore,2026-06-20T01:54:57Z
2026-06-20T01:54:12Z,2026-06-20T03:54:12+0200,c30b8332-6a35-45c7-931f-0dc00a3a2bb4,2026-06-08T12:15:00Z,2026-06-08T14:15:00+0200,4629.11,MW,FR,FR,actual_onshore_wind_generation,Wind Onshore,2026-06-20T01:54:57Z
2026-06-20T01:54:12Z,2026-06-20T03:54:12+0200,c30b8332-6a35-45c7-931f-0dc00a3a2bb4,2026-06-08T12:30:00Z,2026-06-08T14:30:00+0200,5043.41,MW,FR,FR,actual_onshore_wind_generation,Wind Onshore,2026-06-20T01:54:57Z
2026-06-20T01:54:12Z,2026-06-20T03:54:12+0200,c30b8332-6a35-45c7-931f-0dc00a3a2bb4,2026-06-08T12:45:00Z,2026-06-08T14:45:00+0200,5241.28,MW,FR,FR,actual_onshore_wind_generation,Wind Onshore,2026-06-20T01:54:57Z
2026-06-20T01:54:12Z,2026-06-20T03:54:12+0200,c30b8332-6a35-45c7-931f-0dc00a3a2bb4,2026-06-08T13:00:00Z,2026-06-08T15:00:00+0200,5621.11,MW,FR,FR,actual_onshore_wind_generation,Wind Onshore,2026-06-20T01:54:57Z
2026-06-20T01:54:12Z,2026-06-20T03:54:12+0200,c30b8332-6a35-45c7-931f-0dc00a3a2bb4,2026-06-08T13:15:00Z,2026-06-08T15:15:00+0200,6195.52,MW,FR,FR,actual_onshore_wind_generation,Wind Onshore,2026-06-20T01:54:57Z
2026-06-20T01:54:12Z,2026-06-20T03:54:12+0200,c30b8332-6a35-45c7-931f-0dc00a3a2bb4,2026-06-08T13:30:00Z,2026-06-08T15:30:00+0200,6562.4,MW,FR,FR,actual_onshore_wind_generation,Wind Onshore,2026-06-20T01:54:57Z
2026-06-20T01:54:12Z,2026-06-20T03:54:12+0200,c30b8332-6a35-45c7-931f-0dc00a3a2bb4,2026-06-08T13:45:00Z,2026-06-08T15:45:00+0200,6789.1,MW,FR,FR,actual_onshore_wind_generation,Wind Onshore,2026-06-20T01:54:57Z
2026-06-20T01:54:12Z,2026-06-20T03:54:12+0200,c30b8332-6a35-45c7-931f-0dc00a3a2bb4,2026-06-08T14:00:00Z,2026-06-08T16:00:00+0200,7045.52,MW,FR,FR,actual_onshore_wind_generation,Wind Onshore,2026-06-20T01:54:57Z
2026-06-20T01:54:12Z,2026-06-20T03:54:12+0200,c30b8332-6a35-45c7-931f-0dc00a3a2bb4,2026-06-08T14:15:00Z,2026-06-08T16:15:00+0200,7443.78,MW,FR,FR,actual_onshore_wind_generation,Wind Onshore,2026-06-20T01:54:57Z
2026-06-20T01:54:12Z,2026-06-20T03:54:12+0200,c30b8332-6a35-45c7-931f-0dc00a3a2bb4,2026-06-08T14:30:00Z,2026-06-08T16:30:00+0200,7761.42,MW,FR,FR,actual_onshore_wind_generation,Wind Onshore,2026-06-20T01:54:57Z
2026-06-20T01:54:12Z,2026-06-20T03:54:12+0200,c30b8332-6a35-45c7-931f-0dc00a3a2bb4,2026-06-08T14:45:00Z,2026-06-08T16:45:00+0200,8234.82,MW,FR,FR,actual_onshore_wind_generation,Wind Onshore,2026-06-20T01:54:57Z
2026-06-20T01:54:12Z,2026-06-20T03:54:12+0200,c30b8332-6a35-45c7-931f-0dc00a3a2bb4,2026-06-08T15:00:00Z,2026-06-08T17:00:00+0200,8494.53,MW,FR,FR,actual_onshore_wind_generation,Wind Onshore,2026-06-20T01:54:57Z
2026-06-20T01:54:12Z,2026-06-20T03:54:12+0200,c30b8332-6a35-45c7-931f-0dc00a3a2bb4,2026-06-08T15:15:00Z,2026-06-08T17:15:00+0200,8465.21,MW,FR,FR,actual_onshore_wind_generation,Wind Onshore,2026-06-20T01:54:57Z
2026-06-20T01:54:12Z,2026-06-20T03:54:12+0200,c30b8332-6a35-45c7-931f-0dc00a3a2bb4,2026-06-08T15:30:00Z,2026-06-08T17:30:00+0200,8350.45,MW,FR,FR,actual_onshore_wind_generation,Wind Onshore,2026-06-20T01:54:57Z
2026-06-20T01:54:12Z,2026-06-20T03:54:12+0200,c30b8332-6a35-45c7-931f-0dc00a3a2bb4,2026-06-08T15:45:00Z,2026-06-08T17:45:00+0200,8009.54,MW,FR,FR,actual_onshore_wind_generation,Wind Onshore,2026-06-20T01:54:57Z
2026-06-20T01:54:12Z,2026-06-20T03:54:12+0200,c30b8332-6a35-45c7-931f-0dc00a3a2bb4,2026-06-08T16:00:00Z,2026-06-08T18:00:00+0200,7759.17,MW,FR,FR,actual_onshore_wind_generation,Wind Onshore,2026-06-20T01:54:57Z
2026-06-20T01:54:12Z,2026-06-20T03:54:12+0200,c30b8332-6a35-45c7-931f-0dc00a3a2bb4,2026-06-08T16:15:00Z,2026-06-08T18:15:00+0200,7868.77,MW,FR,FR,actual_onshore_wind_generation,Wind Onshore,2026-06-20T01:54:57Z
2026-06-20T01:54:12Z,2026-06-20T03:54:12+0200,c30b8332-6a35-45c7-931f-0dc00a3a2bb4,2026-06-08T16:30:00Z,2026-06-08T18:30:00+0200,7728.01,MW,FR,FR,actual_onshore_wind_generation,Wind Onshore,2026-06-20T01:54:57Z
2026-06-20T01:54:12Z,2026-06-20T03:54:12+0200,c30b8332-6a35-45c7-931f-0dc00a3a2bb4,2026-06-08T16:45:00Z,2026-06-08T18:45:00+0200,7428.0,MW,FR,FR,actual_onshore_wind_generation,Wind Onshore,2026-06-20T01:54:57Z
2026-06-20T01:54:12Z,2026-06-20T03:54:12+0200,c30b8332-6a35-45c7-931f-0dc00a3a2bb4,2026-06-08T17:00:00Z,2026-06-08T19:00:00+0200,7082.86,MW,FR,FR,actual_onshore_wind_generation,Wind Onshore,2026-06-20T01:54:57Z
2026-06-20T01:54:12Z,2026-06-20T03:54:12+0200,c30b8332-6a35-45c7-931f-0dc00a3a2bb4,2026-06-08T17:15:00Z,2026-06-08T19:15:00+0200,6670.87,MW,FR,FR,actual_onshore_wind_generation,Wind Onshore,2026-06-20T01:54:57Z
2026-06-20T01:54:12Z,2026-06-20T03:54:12+0200,c30b8332-6a35-45c7-931f-0dc00a3a2bb4,2026-06-08T17:30:00Z,2026-06-08T19:30:00+0200,6593.1,MW,FR,FR,actual_onshore_wind_generation,Wind Onshore,2026-06-20T01:54:57Z
2026-06-20T01:54:12Z,2026-06-20T03:54:12+0200,c30b8332-6a35-45c7-931f-0dc00a3a2bb4,2026-06-08T17:45:00Z,2026-06-08T19:45:00+0200,6174.59,MW,FR,FR,actual_onshore_wind_generation,Wind Onshore,2026-06-20T01:54:57Z
2026-06-20T01:54:12Z,2026-06-20T03:54:12+0200,c30b8332-6a35-45c7-931f-0dc00a3a2bb4,2026-06-08T18:00:00Z,2026-06-08T20:00:00+0200,6046.69,MW,FR,FR,actual_onshore_wind_generation,Wind Onshore,2026-06-20T01:54:57Z
2026-06-20T01:54:12Z,2026-06-20T03:54:12+0200,c30b8332-6a35-45c7-931f-0dc00a3a2bb4,2026-06-08T18:15:00Z,2026-06-08T20:15:00+0200,5870.73,MW,FR,FR,actual_onshore_wind_generation,Wind Onshore,2026-06-20T01:54:57Z
2026-06-20T01:54:12Z,2026-06-20T03:54:12+0200,c30b8332-6a35-45c7-931f-0dc00a3a2bb4,2026-06-08T18:30:00Z,2026-06-08T20:30:00+0200,5659.71,MW,FR,FR,actual_onshore_wind_generation,Wind Onshore,2026-06-20T01:54:57Z
2026-06-20T01:54:12Z,2026-06-20T03:54:12+0200,c30b8332-6a35-45c7-931f-0dc00a3a2bb4,2026-06-08T18:45:00Z,2026-06-08T20:45:00+0200,5596.2,MW,FR,FR,actual_onshore_wind_generation,Wind Onshore,2026-06-20T01:54:57Z
2026-06-20T01:54:12Z,2026-06-20T03:54:12+0200,c30b8332-6a35-45c7-931f-0dc00a3a2bb4,2026-06-08T19:00:00Z,2026-06-08T21:00:00+0200,5545.7,MW,FR,FR,actual_onshore_wind_generation,Wind Onshore,2026-06-20T01:54:57Z
2026-06-20T01:54:12Z,2026-06-20T03:54:12+0200,c30b8332-6a35-45c7-931f-0dc00a3a2bb4,2026-06-08T19:15:00Z,2026-06-08T21:15:00+0200,5574.4,MW,FR,FR,actual_onshore_wind_generation,Wind Onshore,2026-06-20T01:54:57Z
2026-06-20T01:54:12Z,2026-06-20T03:54:12+0200,c30b8332-6a35-45c7-931f-0dc00a3a2bb4,2026-06-08T19:30:00Z,2026-06-08T21:30:00+0200,5647.54,MW,FR,FR,actual_onshore_wind_generation,Wind Onshore,2026-06-20T01:54:57Z
2026-06-20T01:54:12Z,2026-06-20T03:54:12+0200,c30b8332-6a35-45c7-931f-0dc00a3a2bb4,2026-06-08T19:45:00Z,2026-06-08T21:45:00+0200,5292.03,MW,FR,FR,actual_onshore_wind_generation,Wind Onshore,2026-06-20T01:54:57Z
2026-06-20T01:54:12Z,2026-06-20T03:54:12+0200,c30b8332-6a35-45c7-931f-0dc00a3a2bb4,2026-06-08T20:00:00Z,2026-06-08T22:00:00+0200,4995.9,MW,FR,FR,actual_onshore_wind_generation,Wind Onshore,2026-06-20T01:54:57Z
2026-06-20T01:54:12Z,2026-06-20T03:54:12+0200,c30b8332-6a35-45c7-931f-0dc00a3a2bb4,2026-06-08T20:15:00Z,2026-06-08T22:15:00+0200,4814.1,MW,FR,FR,actual_onshore_wind_generation,Wind Onshore,2026-06-20T01:54:57Z
2026-06-20T01:54:12Z,2026-06-20T03:54:12+0200,c30b8332-6a35-45c7-931f-0dc00a3a2bb4,2026-06-08T20:30:00Z,2026-06-08T22:30:00+0200,4562.37,MW,FR,FR,actual_onshore_wind_generation,Wind Onshore,2026-06-20T01:54:57Z
2026-06-20T01:54:12Z,2026-06-20T03:54:12+0200,c30b8332-6a35-45c7-931f-0dc00a3a2bb4,2026-06-08T20:45:00Z,2026-06-08T22:45:00+0200,4641.89,MW,FR,FR,actual_onshore_wind_generation,Wind Onshore,2026-06-20T01:54:57Z
2026-06-20T01:54:12Z,2026-06-20T03:54:12+0200,c30b8332-6a35-45c7-931f-0dc00a3a2bb4,2026-06-08T21:00:00Z,2026-06-08T23:00:00+0200,4796.29,MW,FR,FR,actual_onshore_wind_generation,Wind Onshore,2026-06-20T01:54:57Z
2026-06-20T01:54:12Z,2026-06-20T03:54:12+0200,c30b8332-6a35-45c7-931f-0dc00a3a2bb4,2026-06-08T21:15:00Z,2026-06-08T23:15:00+0200,4896.31,MW,FR,FR,actual_onshore_wind_generation,Wind Onshore,2026-06-20T01:54:57Z
2026-06-20T01:54:12Z,2026-06-20T03:54:12+0200,c30b8332-6a35-45c7-931f-0dc00a3a2bb4,2026-06-08T21:30:00Z,2026-06-08T23:30:00+0200,4830.81,MW,FR,FR,actual_onshore_wind_generation,Wind Onshore,2026-06-20T01:54:57Z
2026-06-20T01:54:12Z,2026-06-20T03:54:12+0200,c30b8332-6a35-45c7-931f-0dc00a3a2bb4,2026-06-08T21:45:00Z,2026-06-08T23:45:00+0200,4827.03,MW,FR,FR,actual_onshore_wind_generation,Wind Onshore,2026-06-20T01:54:57Z
2026-06-20T01:54:12Z,2026-06-20T03:54:12+0200,c30b8332-6a35-45c7-931f-0dc00a3a2bb4,2026-06-08T22:00:00Z,2026-06-09T00:00:00+0200,4889.31,MW,FR,FR,actual_onshore_wind_generation,Wind Onshore,2026-06-20T01:54:57Z
2026-06-20T01:54:12Z,2026-06-20T03:54:12+0200,c30b8332-6a35-45c7-931f-0dc00a3a2bb4,2026-06-08T22:15:00Z,2026-06-09T00:15:00+0200,5011.94,MW,FR,FR,actual_onshore_wind_generation,Wind Onshore,2026-06-20T01:54:57Z
2026-06-20T01:54:12Z,2026-06-20T03:54:12+0200,c30b8332-6a35-45c7-931f-0dc00a3a2bb4,2026-06-08T22:30:00Z,2026-06-09T00:30:00+0200,4950.35,MW,FR,FR,actual_onshore_wind_generation,Wind Onshore,2026-06-20T01:54:57Z
2026-06-20T01:54:12Z,2026-06-20T03:54:12+0200,c30b8332-6a35-45c7-931f-0dc00a3a2bb4,2026-06-08T22:45:00Z,2026-06-09T00:45:00+0200,4881.03,MW,FR,FR,actual_onshore_wind_generation,Wind Onshore,2026-06-20T01:54:57Z
2026-06-20T01:54:12Z,2026-06-20T03:54:12+0200,c30b8332-6a35-45c7-931f-0dc00a3a2bb4,2026-06-08T23:00:00Z,2026-06-09T01:00:00+0200,4935.01,MW,FR,FR,actual_onshore_wind_generation,Wind Onshore,2026-06-20T01:54:57Z
2026-06-20T01:54:12Z,2026-06-20T03:54:12+0200,c30b8332-6a35-45c7-931f-0dc00a3a2bb4,2026-06-08T23:15:00Z,2026-06-09T01:15:00+0200,5066.03,MW,FR,FR,actual_onshore_wind_generation,Wind Onshore,2026-06-20T01:54:57Z
2026-06-20T01:54:12Z,2026-06-20T03:54:12+0200,c30b8332-6a35-45c7-931f-0dc00a3a2bb4,2026-06-08T23:30:00Z,2026-06-09T01:30:00+0200,5198.01,MW,FR,FR,actual_onshore_wind_generation,Wind Onshore,2026-06-20T01:54:57Z
2026-06-20T01:54:12Z,2026-06-20T03:54:12+0200,c30b8332-6a35-45c7-931f-0dc00a3a2bb4,2026-06-08T23:45:00Z,2026-06-09T01:45:00+0200,5218.57,MW,FR,FR,actual_onshore_wind_generation,Wind Onshore,2026-06-20T01:54:57Z
2026-06-20T01:54:12Z,2026-06-20T03:54:12+0200,c30b8332-6a35-45c7-931f-0dc00a3a2bb4,2026-06-09T00:00:00Z,2026-06-09T02:00:00+0200,5270.55,MW,FR,FR,actual_onshore_wind_generation,Wind Onshore,2026-06-20T01:54:57Z
2026-06-20T01:54:12Z,2026-06-20T03:54:12+0200,c30b8332-6a35-45c7-931f-0dc00a3a2bb4,2026-06-09T00:15:00Z,2026-06-09T02:15:00+0200,5326.71,MW,FR,FR,actual_onshore_wind_generation,Wind Onshore,2026-06-20T01:54:57Z
2026-06-20T01:54:12Z,2026-06-20T03:54:12+0200,c30b8332-6a35-45c7-931f-0dc00a3a2bb4,2026-06-09T00:30:00Z,2026-06-09T02:30:00+0200,5329.84,MW,FR,FR,actual_onshore_wind_generation,Wind Onshore,2026-06-20T01:54:57Z
2026-06-20T01:54:12Z,2026-06-20T03:54:12+0200,c30b8332-6a35-45c7-931f-0dc00a3a2bb4,2026-06-09T00:45:00Z,2026-06-09T02:45:00+0200,5324.39,MW,FR,FR,actual_onshore_wind_generation,Wind Onshore,2026-06-20T01:54:57Z
2026-06-20T01:54:12Z,2026-06-20T03:54:12+0200,c30b8332-6a35-45c7-931f-0dc00a3a2bb4,2026-06-09T01:00:00Z,2026-06-09T03:00:00+0200,5303.29,MW,FR,FR,actual_onshore_wind_generation,Wind Onshore,2026-06-20T01:54:57Z
2026-06-20T01:54:12Z,2026-06-20T03:54:12+0200,c30b8332-6a35-45c7-931f-0dc00a3a2bb4,2026-06-09T01:15:00Z,2026-06-09T03:15:00+0200,5270.06,MW,FR,FR,actual_onshore_wind_generation,Wind Onshore,2026-06-20T01:54:57Z
2026-06-20T01:54:12Z,2026-06-20T03:54:12+0200,c30b8332-6a35-45c7-931f-0dc00a3a2bb4,2026-06-09T01:30:00Z,2026-06-09T03:30:00+0200,5272.08,MW,FR,FR,actual_onshore_wind_generation,Wind Onshore,2026-06-20T01:54:57Z
2026-06-20T01:54:12Z,2026-06-20T03:54:12+0200,c30b8332-6a35-45c7-931f-0dc00a3a2bb4,2026-06-09T01:45:00Z,2026-06-09T03:45:00+0200,5319.62,MW,FR,FR,actual_onshore_wind_generation,Wind Onshore,2026-06-20T01:54:57Z
2026-06-20T01:54:12Z,2026-06-20T03:54:12+0200,c30b8332-6a35-45c7-931f-0dc00a3a2bb4,2026-06-09T02:00:00Z,2026-06-09T04:00:00+0200,5206.18,MW,FR,FR,actual_onshore_wind_generation,Wind Onshore,2026-06-20T01:54:57Z
2026-06-20T01:54:12Z,2026-06-20T03:54:12+0200,c30b8332-6a35-45c7-931f-0dc00a3a2bb4,2026-06-09T02:15:00Z,2026-06-09T04:15:00+0200,5184.37,MW,FR,FR,actual_onshore_wind_generation,Wind Onshore,2026-06-20T01:54:57Z
2026-06-20T01:54:12Z,2026-06-20T03:54:12+0200,c30b8332-6a35-45c7-931f-0dc00a3a2bb4,2026-06-09T02:30:00Z,2026-06-09T04:30:00+0200,5148.05,MW,FR,FR,actual_onshore_wind_generation,Wind Onshore,2026-06-20T01:54:57Z
2026-06-20T01:54:12Z,2026-06-20T03:54:12+0200,c30b8332-6a35-45c7-931f-0dc00a3a2bb4,2026-06-09T02:45:00Z,2026-06-09T04:45:00+0200,5050.62,MW,FR,FR,actual_onshore_wind_generation,Wind Onshore,2026-06-20T01:54:57Z
2026-06-20T01:54:12Z,2026-06-20T03:54:12+0200,c30b8332-6a35-45c7-931f-0dc00a3a2bb4,2026-06-09T03:00:00Z,2026-06-09T05:00:00+0200,5001.78,MW,FR,FR,actual_onshore_wind_generation,Wind Onshore,2026-06-20T01:54:57Z
2026-06-20T01:54:12Z,2026-06-20T03:54:12+0200,c30b8332-6a35-45c7-931f-0dc00a3a2bb4,2026-06-09T03:15:00Z,2026-06-09T05:15:00+0200,4975.73,MW,FR,FR,actual_onshore_wind_generation,Wind Onshore,2026-06-20T01:54:57Z
2026-06-20T01:54:12Z,2026-06-20T03:54:12+0200,c30b8332-6a35-45c7-931f-0dc00a3a2bb4,2026-06-09T03:30:00Z,2026-06-09T05:30:00+0200,4849.36,MW,FR,FR,actual_onshore_wind_generation,Wind Onshore,2026-06-20T01:54:57Z
2026-06-20T01:54:12Z,2026-06-20T03:54:12+0200,c30b8332-6a35-45c7-931f-0dc00a3a2bb4,2026-06-09T03:45:00Z,2026-06-09T05:45:00+0200,4785.15,MW,FR,FR,actual_onshore_wind_generation,Wind Onshore,2026-06-20T01:54:57Z
2026-06-20T01:54:12Z,2026-06-20T03:54:12+0200,c30b8332-6a35-45c7-931f-0dc00a3a2bb4,2026-06-09T04:00:00Z,2026-06-09T06:00:00+0200,4689.46,MW,FR,FR,actual_onshore_wind_generation,Wind Onshore,2026-06-20T01:54:57Z
2026-06-20T01:54:12Z,2026-06-20T03:54:12+0200,c30b8332-6a35-45c7-931f-0dc00a3a2bb4,2026-06-09T04:15:00Z,2026-06-09T06:15:00+0200,4570.17,MW,FR,FR,actual_onshore_wind_generation,Wind Onshore,2026-06-20T01:54:57Z
2026-06-20T01:54:12Z,2026-06-20T03:54:12+0200,c30b8332-6a35-45c7-931f-0dc00a3a2bb4,2026-06-09T04:30:00Z,2026-06-09T06:30:00+0200,4476.41,MW,FR,FR,actual_onshore_wind_generation,Wind Onshore,2026-06-20T01:54:57Z
2026-06-20T01:54:12Z,2026-06-20T03:54:12+0200,c30b8332-6a35-45c7-931f-0dc00a3a2bb4,2026-06-09T04:45:00Z,2026-06-09T06:45:00+0200,4367.77,MW,FR,FR,actual_onshore_wind_generation,Wind Onshore,2026-06-20T01:54:57Z
2026-06-20T01:54:12Z,2026-06-20T03:54:12+0200,c30b8332-6a35-45c7-931f-0dc00a3a2bb4,2026-06-09T05:00:00Z,2026-06-09T07:00:00+0200,4233.91,MW,FR,FR,actual_onshore_wind_generation,Wind Onshore,2026-06-20T01:54:57Z
2026-06-20T01:54:12Z,2026-06-20T03:54:12+0200,c30b8332-6a35-45c7-931f-0dc00a3a2bb4,2026-06-09T05:15:00Z,2026-06-09T07:15:00+0200,3973.57,MW,FR,FR,actual_onshore_wind_generation,Wind Onshore,2026-06-20T01:54:57Z
2026-06-20T01:54:12Z,2026-06-20T03:54:12+0200,c30b8332-6a35-45c7-931f-0dc00a3a2bb4,2026-06-09T05:30:00Z,2026-06-09T07:30:00+0200,3701.74,MW,FR,FR,actual_onshore_wind_generation,Wind Onshore,2026-06-20T01:54:57Z
2026-06-20T01:54:12Z,2026-06-20T03:54:12+0200,c30b8332-6a35-45c7-931f-0dc00a3a2bb4,2026-06-09T05:45:00Z,2026-06-09T07:45:00+0200,3460.03,MW,FR,FR,actual_onshore_wind_generation,Wind Onshore,2026-06-20T01:54:57Z
2026-06-20T01:54:12Z,2026-06-20T03:54:12+0200,c30b8332-6a35-45c7-931f-0dc00a3a2bb4,2026-06-09T06:00:00Z,2026-06-09T08:00:00+0200,3356.48,MW,FR,FR,actual_onshore_wind_generation,Wind Onshore,2026-06-20T01:54:57Z
2026-06-20T01:54:12Z,2026-06-20T03:54:12+0200,c30b8332-6a35-45c7-931f-0dc00a3a2bb4,2026-06-09T06:15:00Z,2026-06-09T08:15:00+0200,3319.75,MW,FR,FR,actual_onshore_wind_generation,Wind Onshore,2026-06-20T01:54:57Z
2026-06-20T01:54:12Z,2026-06-20T03:54:12+0200,c30b8332-6a35-45c7-931f-0dc00a3a2bb4,2026-06-09T06:30:00Z,2026-06-09T08:30:00+0200,3293.72,MW,FR,FR,actual_onshore_wind_generation,Wind Onshore,2026-06-20T01:54:57Z
2026-06-20T01:54:12Z,2026-06-20T03:54:12+0200,c30b8332-6a35-45c7-931f-0dc00a3a2bb4,2026-06-09T06:45:00Z,2026-06-09T08:45:00+0200,3410.03,MW,FR,FR,actual_onshore_wind_generation,Wind Onshore,2026-06-20T01:54:57Z
2026-06-20T01:54:12Z,2026-06-20T03:54:12+0200,c30b8332-6a35-45c7-931f-0dc00a3a2bb4,2026-06-09T07:00:00Z,2026-06-09T09:00:00+0200,3483.22,MW,FR,FR,actual_onshore_wind_generation,Wind Onshore,2026-06-20T01:54:57Z
2026-06-20T01:54:12Z,2026-06-20T03:54:12+0200,c30b8332-6a35-45c7-931f-0dc00a3a2bb4,2026-06-09T07:15:00Z,2026-06-09T09:15:00+0200,3593.92,MW,FR,FR,actual_onshore_wind_generation,Wind Onshore,2026-06-20T01:54:57Z
2026-06-20T01:54:12Z,2026-06-20T03:54:12+0200,c30b8332-6a35-45c7-931f-0dc00a3a2bb4,2026-06-09T07:30:00Z,2026-06-09T09:30:00+0200,3783.37,MW,FR,FR,actual_onshore_wind_generation,Wind Onshore,2026-06-20T01:54:57Z
2026-06-20T01:54:12Z,2026-06-20T03:54:12+0200,c30b8332-6a35-45c7-931f-0dc00a3a2bb4,2026-06-09T07:45:00Z,2026-06-09T09:45:00+0200,3913.81,MW,FR,FR,actual_onshore_wind_generation,Wind Onshore,2026-06-20T01:54:57Z
2026-06-20T01:54:12Z,2026-06-20T03:54:12+0200,c30b8332-6a35-45c7-931f-0dc00a3a2bb4,2026-06-09T08:00:00Z,2026-06-09T10:00:00+0200,3734.66,MW,FR,FR,actual_onshore_wind_generation,Wind Onshore,2026-06-20T01:54:57Z
2026-06-20T01:54:12Z,2026-06-20T03:54:12+0200,c30b8332-6a35-45c7-931f-0dc00a3a2bb4,2026-06-09T08:15:00Z,2026-06-09T10:15:00+0200,2765.93,MW,FR,FR,actual_onshore_wind_generation,Wind Onshore,2026-06-20T01:54:57Z
2026-06-20T01:54:12Z,2026-06-20T03:54:12+0200,c30b8332-6a35-45c7-931f-0dc00a3a2bb4,2026-06-09T08:30:00Z,2026-06-09T10:30:00+0200,2606.08,MW,FR,FR,actual_onshore_wind_generation,Wind Onshore,2026-06-20T01:54:57Z
2026-06-20T01:54:12Z,2026-06-20T03:54:12+0200,c30b8332-6a35-45c7-931f-0dc00a3a2bb4,2026-06-09T08:45:00Z,2026-06-09T10:45:00+0200,2736.99,MW,FR,FR,actual_onshore_wind_generation,Wind Onshore,2026-06-20T01:54:57Z
2026-06-20T01:54:12Z,2026-06-20T03:54:12+0200,c30b8332-6a35-45c7-931f-0dc00a3a2bb4,2026-06-09T09:00:00Z,2026-06-09T11:00:00+0200,2981.18,MW,FR,FR,actual_onshore_wind_generation,Wind Onshore,2026-06-20T01:54:57Z
2026-06-20T01:54:12Z,2026-06-20T03:54:12+0200,c30b8332-6a35-45c7-931f-0dc00a3a2bb4,2026-06-09T09:15:00Z,2026-06-09T11:15:00+0200,3104.61,MW,FR,FR,actual_onshore_wind_generation,Wind Onshore,2026-06-20T01:54:57Z
2026-06-20T01:54:12Z,2026-06-20T03:54:12+0200,c30b8332-6a35-45c7-931f-0dc00a3a2bb4,2026-06-09T09:30:00Z,2026-06-09T11:30:00+0200,3108.63,MW,FR,FR,actual_onshore_wind_generation,Wind Onshore,2026-06-20T01:54:57Z
2026-06-20T01:54:12Z,2026-06-20T03:54:12+0200,c30b8332-6a35-45c7-931f-0dc00a3a2bb4,2026-06-09T09:45:00Z,2026-06-09T11:45:00+0200,3193.45,MW,FR,FR,actual_onshore_wind_generation,Wind Onshore,2026-06-20T01:54:57Z
2026-06-20T01:54:12Z,2026-06-20T03:54:12+0200,c30b8332-6a35-45c7-931f-0dc00a3a2bb4,2026-06-09T10:00:00Z,2026-06-09T12:00:00+0200,3325.15,MW,FR,FR,actual_onshore_wind_generation,Wind Onshore,2026-06-20T01:54:57Z
2026-06-20T01:54:12Z,2026-06-20T03:54:12+0200,c30b8332-6a35-45c7-931f-0dc00a3a2bb4,2026-06-09T10:15:00Z,2026-06-09T12:15:00+0200,3482.46,MW,FR,FR,actual_onshore_wind_generation,Wind Onshore,2026-06-20T01:54:57Z
2026-06-20T01:54:12Z,2026-06-20T03:54:12+0200,c30b8332-6a35-45c7-931f-0dc00a3a2bb4,2026-06-09T10:30:00Z,2026-06-09T12:30:00+0200,3574.92,MW,FR,FR,actual_onshore_wind_generation,Wind Onshore,2026-06-20T01:54:57Z
2026-06-20T01:54:12Z,2026-06-20T03:54:12+0200,c30b8332-6a35-45c7-931f-0dc00a3a2bb4,2026-06-09T10:45:00Z,2026-06-09T12:45:00+0200,3522.03,MW,FR,FR,actual_onshore_wind_generation,Wind Onshore,2026-06-20T01:54:57Z
2026-06-20T01:54:12Z,2026-06-20T03:54:12+0200,c30b8332-6a35-45c7-931f-0dc00a3a2bb4,2026-06-09T11:00:00Z,2026-06-09T13:00:00+0200,3645.15,MW,FR,FR,actual_onshore_wind_generation,Wind Onshore,2026-06-20T01:54:57Z
2026-06-20T01:54:12Z,2026-06-20T03:54:12+0200,c30b8332-6a35-45c7-931f-0dc00a3a2bb4,2026-06-09T11:15:00Z,2026-06-09T13:15:00+0200,3666.72,MW,FR,FR,actual_onshore_wind_generation,Wind Onshore,2026-06-20T01:54:57Z
2026-06-20T01:54:12Z,2026-06-20T03:54:12+0200,c30b8332-6a35-45c7-931f-0dc00a3a2bb4,2026-06-09T11:30:00Z,2026-06-09T13:30:00+0200,3631.07,MW,FR,FR,actual_onshore_wind_generation,Wind Onshore,2026-06-20T01:54:57Z
2026-06-20T01:54:12Z,2026-06-20T03:54:12+0200,c30b8332-6a35-45c7-931f-0dc00a3a2bb4,2026-06-09T11:45:00Z,2026-06-09T13:45:00+0200,3650.61,MW,FR,FR,actual_onshore_wind_generation,Wind Onshore,2026-06-20T01:54:57Z
2026-06-20T01:54:12Z,2026-06-20T03:54:12+0200,c30b8332-6a35-45c7-931f-0dc00a3a2bb4,2026-06-09T12:00:00Z,2026-06-09T14:00:00+0200,3785.99,MW,FR,FR,actual_onshore_wind_generation,Wind Onshore,2026-06-20T01:54:57Z
2026-06-20T01:54:12Z,2026-06-20T03:54:12+0200,c30b8332-6a35-45c7-931f-0dc00a3a2bb4,2026-06-09T12:15:00Z,2026-06-09T14:15:00+0200,3692.59,MW,FR,FR,actual_onshore_wind_generation,Wind Onshore,2026-06-20T01:54:57Z
2026-06-20T01:54:12Z,2026-06-20T03:54:12+0200,c30b8332-6a35-45c7-931f-0dc00a3a2bb4,2026-06-09T12:30:00Z,2026-06-09T14:30:00+0200,3746.78,MW,FR,FR,actual_onshore_wind_generation,Wind Onshore,2026-06-20T01:54:57Z
2026-06-20T01:54:12Z,2026-06-20T03:54:12+0200,c30b8332-6a35-45c7-931f-0dc00a3a2bb4,2026-06-09T12:45:00Z,2026-06-09T14:45:00+0200,3857.63,MW,FR,FR,actual_onshore_wind_generation,Wind Onshore,2026-06-20T01:54:57Z
2026-06-20T01:54:12Z,2026-06-20T03:54:12+0200,c30b8332-6a35-45c7-931f-0dc00a3a2bb4,2026-06-09T13:00:00Z,2026-06-09T15:00:00+0200,3970.33,MW,FR,FR,actual_onshore_wind_generation,Wind Onshore,2026-06-20T01:54:57Z
2026-06-20T01:54:12Z,2026-06-20T03:54:12+0200,c30b8332-6a35-45c7-931f-0dc00a3a2bb4,2026-06-09T13:15:00Z,2026-06-09T15:15:00+0200,3898.96,MW,FR,FR,actual_onshore_wind_generation,Wind Onshore,2026-06-20T01:54:57Z
2026-06-20T01:54:12Z,2026-06-20T03:54:12+0200,c30b8332-6a35-45c7-931f-0dc00a3a2bb4,2026-06-09T13:30:00Z,2026-06-09T15:30:00+0200,3848.04,MW,FR,FR,actual_onshore_wind_generation,Wind Onshore,2026-06-20T01:54:57Z
2026-06-20T01:54:12Z,2026-06-20T03:54:12+0200,c30b8332-6a35-45c7-931f-0dc00a3a2bb4,2026-06-09T13:45:00Z,2026-06-09T15:45:00+0200,3925.23,MW,FR,FR,actual_onshore_wind_generation,Wind Onshore,2026-06-20T01:54:57Z
2026-06-20T01:54:12Z,2026-06-20T03:54:12+0200,c30b8332-6a35-45c7-931f-0dc00a3a2bb4,2026-06-09T14:00:00Z,2026-06-09T16:00:00+0200,4023.32,MW,FR,FR,actual_onshore_wind_generation,Wind Onshore,2026-06-20T01:54:57Z
2026-06-20T01:54:12Z,2026-06-20T03:54:12+0200,c30b8332-6a35-45c7-931f-0dc00a3a2bb4,2026-06-09T14:15:00Z,2026-06-09T16:15:00+0200,4028.51,MW,FR,FR,actual_onshore_wind_generation,Wind Onshore,2026-06-20T01:54:57Z
2026-06-20T01:54:12Z,2026-06-20T03:54:12+0200,c30b8332-6a35-45c7-931f-0dc00a3a2bb4,2026-06-09T14:30:00Z,2026-06-09T16:30:00+0200,4092.7,MW,FR,FR,actual_onshore_wind_generation,Wind Onshore,2026-06-20T01:54:57Z
2026-06-20T01:54:12Z,2026-06-20T03:54:12+0200,c30b8332-6a35-45c7-931f-0dc00a3a2bb4,2026-06-09T14:45:00Z,2026-06-09T16:45:00+0200,4122.68,MW,FR,FR,actual_onshore_wind_generation,Wind Onshore,2026-06-20T01:54:57Z
2026-06-20T01:54:12Z,2026-06-20T03:54:12+0200,c30b8332-6a35-45c7-931f-0dc00a3a2bb4,2026-06-09T15:00:00Z,2026-06-09T17:00:00+0200,4148.46,MW,FR,FR,actual_onshore_wind_generation,Wind Onshore,2026-06-20T01:54:57Z
2026-06-20T01:54:12Z,2026-06-20T03:54:12+0200,c30b8332-6a35-45c7-931f-0dc00a3a2bb4,2026-06-09T15:15:00Z,2026-06-09T17:15:00+0200,4137.53,MW,FR,FR,actual_onshore_wind_generation,Wind Onshore,2026-06-20T01:54:57Z
2026-06-20T01:54:12Z,2026-06-20T03:54:12+0200,c30b8332-6a35-45c7-931f-0dc00a3a2bb4,2026-06-09T15:30:00Z,2026-06-09T17:30:00+0200,5280.24,MW,FR,FR,actual_onshore_wind_generation,Wind Onshore,2026-06-20T01:54:57Z
2026-06-20T01:54:12Z,2026-06-20T03:54:12+0200,c30b8332-6a35-45c7-931f-0dc00a3a2bb4,2026-06-09T15:45:00Z,2026-06-09T17:45:00+0200,6100.88,MW,FR,FR,actual_onshore_wind_generation,Wind Onshore,2026-06-20T01:54:57Z
2026-06-20T01:54:12Z,2026-06-20T03:54:12+0200,c30b8332-6a35-45c7-931f-0dc00a3a2bb4,2026-06-09T16:00:00Z,2026-06-09T18:00:00+0200,6132.37,MW,FR,FR,actual_onshore_wind_generation,Wind Onshore,2026-06-20T01:54:57Z
2026-06-20T01:54:12Z,2026-06-20T03:54:12+0200,c30b8332-6a35-45c7-931f-0dc00a3a2bb4,2026-06-09T16:15:00Z,2026-06-09T18:15:00+0200,6104.66,MW,FR,FR,actual_onshore_wind_generation,Wind Onshore,2026-06-20T01:54:57Z
2026-06-20T01:54:12Z,2026-06-20T03:54:12+0200,c30b8332-6a35-45c7-931f-0dc00a3a2bb4,2026-06-09T16:30:00Z,2026-06-09T18:30:00+0200,6019.63,MW,FR,FR,actual_onshore_wind_generation,Wind Onshore,2026-06-20T01:54:57Z
2026-06-20T01:54:12Z,2026-06-20T03:54:12+0200,c30b8332-6a35-45c7-931f-0dc00a3a2bb4,2026-06-09T16:45:00Z,2026-06-09T18:45:00+0200,5965.18,MW,FR,FR,actual_onshore_wind_generation,Wind Onshore,2026-06-20T01:54:57Z
2026-06-20T01:54:12Z,2026-06-20T03:54:12+0200,c30b8332-6a35-45c7-931f-0dc00a3a2bb4,2026-06-09T17:00:00Z,2026-06-09T19:00:00+0200,5900.24,MW,FR,FR,actual_onshore_wind_generation,Wind Onshore,2026-06-20T01:54:57Z
2026-06-20T01:54:12Z,2026-06-20T03:54:12+0200,c30b8332-6a35-45c7-931f-0dc00a3a2bb4,2026-06-09T17:15:00Z,2026-06-09T19:15:00+0200,5670.96,MW,FR,FR,actual_onshore_wind_generation,Wind Onshore,2026-06-20T01:54:57Z
2026-06-20T01:54:12Z,2026-06-20T03:54:12+0200,c30b8332-6a35-45c7-931f-0dc00a3a2bb4,2026-06-09T17:30:00Z,2026-06-09T19:30:00+0200,5387.32,MW,FR,FR,actual_onshore_wind_generation,Wind Onshore,2026-06-20T01:54:57Z
2026-06-20T01:54:12Z,2026-06-20T03:54:12+0200,c30b8332-6a35-45c7-931f-0dc00a3a2bb4,2026-06-09T17:45:00Z,2026-06-09T19:45:00+0200,5139.43,MW,FR,FR,actual_onshore_wind_generation,Wind Onshore,2026-06-20T01:54:57Z
2026-06-20T01:54:12Z,2026-06-20T03:54:12+0200,c30b8332-6a35-45c7-931f-0dc00a3a2bb4,2026-06-09T18:00:00Z,2026-06-09T20:00:00+0200,4921.8,MW,FR,FR,actual_onshore_wind_generation,Wind Onshore,2026-06-20T01:54:57Z
2026-06-20T01:54:12Z,2026-06-20T03:54:12+0200,c30b8332-6a35-45c7-931f-0dc00a3a2bb4,2026-06-09T18:15:00Z,2026-06-09T20:15:00+0200,4647.99,MW,FR,FR,actual_onshore_wind_generation,Wind Onshore,2026-06-20T01:54:57Z
2026-06-20T01:54:12Z,2026-06-20T03:54:12+0200,c30b8332-6a35-45c7-931f-0dc00a3a2bb4,2026-06-09T18:30:00Z,2026-06-09T20:30:00+0200,4395.25,MW,FR,FR,actual_onshore_wind_generation,Wind Onshore,2026-06-20T01:54:57Z
2026-06-20T01:54:12Z,2026-06-20T03:54:12+0200,c30b8332-6a35-45c7-931f-0dc00a3a2bb4,2026-06-09T18:45:00Z,2026-06-09T20:45:00+0200,4135.7,MW,FR,FR,actual_onshore_wind_generation,Wind Onshore,2026-06-20T01:54:57Z
2026-06-20T01:54:12Z,2026-06-20T03:54:12+0200,c30b8332-6a35-45c7-931f-0dc00a3a2bb4,2026-06-09T19:00:00Z,2026-06-09T21:00:00+0200,3877.53,MW,FR,FR,actual_onshore_wind_generation,Wind Onshore,2026-06-20T01:54:57Z
2026-06-20T01:54:12Z,2026-06-20T03:54:12+0200,c30b8332-6a35-45c7-931f-0dc00a3a2bb4,2026-06-09T19:15:00Z,2026-06-09T21:15:00+0200,3695.79,MW,FR,FR,actual_onshore_wind_generation,Wind Onshore,2026-06-20T01:54:57Z
2026-06-20T01:54:12Z,2026-06-20T03:54:12+0200,c30b8332-6a35-45c7-931f-0dc00a3a2bb4,2026-06-09T19:30:00Z,2026-06-09T21:30:00+0200,3529.22,MW,FR,FR,actual_onshore_wind_generation,Wind Onshore,2026-06-20T01:54:57Z
2026-06-20T01:54:12Z,2026-06-20T03:54:12+0200,c30b8332-6a35-45c7-931f-0dc00a3a2bb4,2026-06-09T19:45:00Z,2026-06-09T21:45:00+0200,3281.14,MW,FR,FR,actual_onshore_wind_generation,Wind Onshore,2026-06-20T01:54:57Z
2026-06-20T01:54:12Z,2026-06-20T03:54:12+0200,c30b8332-6a35-45c7-931f-0dc00a3a2bb4,2026-06-09T20:00:00Z,2026-06-09T22:00:00+0200,3110.08,MW,FR,FR,actual_onshore_wind_generation,Wind Onshore,2026-06-20T01:54:57Z
2026-06-20T01:54:12Z,2026-06-20T03:54:12+0200,c30b8332-6a35-45c7-931f-0dc00a3a2bb4,2026-06-09T20:15:00Z,2026-06-09T22:15:00+0200,3019.6,MW,FR,FR,actual_onshore_wind_generation,Wind Onshore,2026-06-20T01:54:57Z
2026-06-20T01:54:12Z,2026-06-20T03:54:12+0200,c30b8332-6a35-45c7-931f-0dc00a3a2bb4,2026-06-09T20:30:00Z,2026-06-09T22:30:00+0200,2952.22,MW,FR,FR,actual_onshore_wind_generation,Wind Onshore,2026-06-20T01:54:57Z
2026-06-20T01:54:12Z,2026-06-20T03:54:12+0200,c30b8332-6a35-45c7-931f-0dc00a3a2bb4,2026-06-09T20:45:00Z,2026-06-09T22:45:00+0200,2914.82,MW,FR,FR,actual_onshore_wind_generation,Wind Onshore,2026-06-20T01:54:57Z
2026-06-20T01:54:12Z,2026-06-20T03:54:12+0200,c30b8332-6a35-45c7-931f-0dc00a3a2bb4,2026-06-09T21:00:00Z,2026-06-09T23:00:00+0200,2956.62,MW,FR,FR,actual_onshore_wind_generation,Wind Onshore,2026-06-20T01:54:57Z
2026-06-20T01:54:12Z,2026-06-20T03:54:12+0200,c30b8332-6a35-45c7-931f-0dc00a3a2bb4,2026-06-09T21:15:00Z,2026-06-09T23:15:00+0200,2915.12,MW,FR,FR,actual_onshore_wind_generation,Wind Onshore,2026-06-20T01:54:57Z
2026-06-20T01:54:12Z,2026-06-20T03:54:12+0200,c30b8332-6a35-45c7-931f-0dc00a3a2bb4,2026-06-09T21:30:00Z,2026-06-09T23:30:00+0200,2961.05,MW,FR,FR,actual_onshore_wind_generation,Wind Onshore,2026-06-20T01:54:57Z
2026-06-20T01:54:12Z,2026-06-20T03:54:12+0200,c30b8332-6a35-45c7-931f-0dc00a3a2bb4,2026-06-09T21:45:00Z,2026-06-09T23:45:00+0200,2987.0,MW,FR,FR,actual_onshore_wind_generation,Wind Onshore,2026-06-20T01:54:57Z
2026-06-20T01:54:12Z,2026-06-20T03:54:12+0200,c30b8332-6a35-45c7-931f-0dc00a3a2bb4,2026-06-09T22:00:00Z,2026-06-10T00:00:00+0200,3014.16,MW,FR,FR,actual_onshore_wind_generation,Wind Onshore,2026-06-20T01:54:57Z
2026-06-20T01:54:12Z,2026-06-20T03:54:12+0200,c30b8332-6a35-45c7-931f-0dc00a3a2bb4,2026-06-09T22:15:00Z,2026-06-10T00:15:00+0200,3032.31,MW,FR,FR,actual_onshore_wind_generation,Wind Onshore,2026-06-20T01:54:57Z
2026-06-20T01:54:12Z,2026-06-20T03:54:12+0200,c30b8332-6a35-45c7-931f-0dc00a3a2bb4,2026-06-09T22:30:00Z,2026-06-10T00:30:00+0200,3033.36,MW,FR,FR,actual_onshore_wind_generation,Wind Onshore,2026-06-20T01:54:57Z
2026-06-20T01:54:12Z,2026-06-20T03:54:12+0200,c30b8332-6a35-45c7-931f-0dc00a3a2bb4,2026-06-09T22:45:00Z,2026-06-10T00:45:00+0200,2982.17,MW,FR,FR,actual_onshore_wind_generation,Wind Onshore,2026-06-20T01:54:57Z
2026-06-20T01:54:12Z,2026-06-20T03:54:12+0200,c30b8332-6a35-45c7-931f-0dc00a3a2bb4,2026-06-09T23:00:00Z,2026-06-10T01:00:00+0200,2930.4,MW,FR,FR,actual_onshore_wind_generation,Wind Onshore,2026-06-20T01:54:57Z
2026-06-20T01:54:12Z,2026-06-20T03:54:12+0200,c30b8332-6a35-45c7-931f-0dc00a3a2bb4,2026-06-09T23:15:00Z,2026-06-10T01:15:00+0200,2853.87,MW,FR,FR,actual_onshore_wind_generation,Wind Onshore,2026-06-20T01:54:57Z
2026-06-20T01:54:12Z,2026-06-20T03:54:12+0200,c30b8332-6a35-45c7-931f-0dc00a3a2bb4,2026-06-09T23:30:00Z,2026-06-10T01:30:00+0200,2721.82,MW,FR,FR,actual_onshore_wind_generation,Wind Onshore,2026-06-20T01:54:57Z
2026-06-20T01:54:12Z,2026-06-20T03:54:12+0200,c30b8332-6a35-45c7-931f-0dc00a3a2bb4,2026-06-09T23:45:00Z,2026-06-10T01:45:00+0200,2730.55,MW,FR,FR,actual_onshore_wind_generation,Wind Onshore,2026-06-20T01:54:57Z
2026-06-20T01:54:12Z,2026-06-20T03:54:12+0200,c30b8332-6a35-45c7-931f-0dc00a3a2bb4,2026-06-10T00:00:00Z,2026-06-10T02:00:00+0200,2688.47,MW,FR,FR,actual_onshore_wind_generation,Wind Onshore,2026-06-20T01:54:57Z
2026-06-20T01:54:12Z,2026-06-20T03:54:12+0200,c30b8332-6a35-45c7-931f-0dc00a3a2bb4,2026-06-10T00:15:00Z,2026-06-10T02:15:00+0200,2602.13,MW,FR,FR,actual_onshore_wind_generation,Wind Onshore,2026-06-20T01:54:57Z
2026-06-20T01:54:12Z,2026-06-20T03:54:12+0200,c30b8332-6a35-45c7-931f-0dc00a3a2bb4,2026-06-10T00:30:00Z,2026-06-10T02:30:00+0200,2627.21,MW,FR,FR,actual_onshore_wind_generation,Wind Onshore,2026-06-20T01:54:57Z
2026-06-20T01:54:12Z,2026-06-20T03:54:12+0200,c30b8332-6a35-45c7-931f-0dc00a3a2bb4,2026-06-10T00:45:00Z,2026-06-10T02:45:00+0200,2666.09,MW,FR,FR,actual_onshore_wind_generation,Wind Onshore,2026-06-20T01:54:57Z
2026-06-20T01:54:12Z,2026-06-20T03:54:12+0200,c30b8332-6a35-45c7-931f-0dc00a3a2bb4,2026-06-10T01:00:00Z,2026-06-10T03:00:00+0200,2694.69,MW,FR,FR,actual_onshore_wind_generation,Wind Onshore,2026-06-20T01:54:57Z
2026-06-20T01:54:12Z,2026-06-20T03:54:12+0200,c30b8332-6a35-45c7-931f-0dc00a3a2bb4,2026-06-10T01:15:00Z,2026-06-10T03:15:00+0200,2737.98,MW,FR,FR,actual_onshore_wind_generation,Wind Onshore,2026-06-20T01:54:57Z
2026-06-20T01:54:12Z,2026-06-20T03:54:12+0200,c30b8332-6a35-45c7-931f-0dc00a3a2bb4,2026-06-10T01:30:00Z,2026-06-10T03:30:00+0200,2726.13,MW,FR,FR,actual_onshore_wind_generation,Wind Onshore,2026-06-20T01:54:57Z
2026-06-20T01:54:12Z,2026-06-20T03:54:12+0200,c30b8332-6a35-45c7-931f-0dc00a3a2bb4,2026-06-10T01:45:00Z,2026-06-10T03:45:00+0200,2744.36,MW,FR,FR,actual_onshore_wind_generation,Wind Onshore,2026-06-20T01:54:57Z
2026-06-20T01:54:12Z,2026-06-20T03:54:12+0200,c30b8332-6a35-45c7-931f-0dc00a3a2bb4,2026-06-10T02:00:00Z,2026-06-10T04:00:00+0200,2745.78,MW,FR,FR,actual_onshore_wind_generation,Wind Onshore,2026-06-20T01:54:57Z
2026-06-20T01:54:12Z,2026-06-20T03:54:12+0200,c30b8332-6a35-45c7-931f-0dc00a3a2bb4,2026-06-10T02:15:00Z,2026-06-10T04:15:00+0200,2684.82,MW,FR,FR,actual_onshore_wind_generation,Wind Onshore,2026-06-20T01:54:57Z
2026-06-20T01:54:12Z,2026-06-20T03:54:12+0200,c30b8332-6a35-45c7-931f-0dc00a3a2bb4,2026-06-10T02:30:00Z,2026-06-10T04:30:00+0200,2673.37,MW,FR,FR,actual_onshore_wind_generation,Wind Onshore,2026-06-20T01:54:57Z
2026-06-20T01:54:12Z,2026-06-20T03:54:12+0200,c30b8332-6a35-45c7-931f-0dc00a3a2bb4,2026-06-10T02:45:00Z,2026-06-10T04:45:00+0200,2692.21,MW,FR,FR,actual_onshore_wind_generation,Wind Onshore,2026-06-20T01:54:57Z
2026-06-20T01:54:12Z,2026-06-20T03:54:12+0200,c30b8332-6a35-45c7-931f-0dc00a3a2bb4,2026-06-10T03:00:00Z,2026-06-10T05:00:00+0200,2724.24,MW,FR,FR,actual_onshore_wind_generation,Wind Onshore,2026-06-20T01:54:57Z
2026-06-20T01:54:12Z,2026-06-20T03:54:12+0200,c30b8332-6a35-45c7-931f-0dc00a3a2bb4,2026-06-10T03:15:00Z,2026-06-10T05:15:00+0200,2750.74,MW,FR,FR,actual_onshore_wind_generation,Wind Onshore,2026-06-20T01:54:57Z
2026-06-20T01:54:12Z,2026-06-20T03:54:12+0200,c30b8332-6a35-45c7-931f-0dc00a3a2bb4,2026-06-10T03:30:00Z,2026-06-10T05:30:00+0200,2739.44,MW,FR,FR,actual_onshore_wind_generation,Wind Onshore,2026-06-20T01:54:57Z
2026-06-20T01:54:12Z,2026-06-20T03:54:12+0200,c30b8332-6a35-45c7-931f-0dc00a3a2bb4,2026-06-10T03:45:00Z,2026-06-10T05:45:00+0200,2766.96,MW,FR,FR,actual_onshore_wind_generation,Wind Onshore,2026-06-20T01:54:57Z
2026-06-20T01:54:12Z,2026-06-20T03:54:12+0200,c30b8332-6a35-45c7-931f-0dc00a3a2bb4,2026-06-10T04:00:00Z,2026-06-10T06:00:00+0200,2793.7,MW,FR,FR,actual_onshore_wind_generation,Wind Onshore,2026-06-20T01:54:57Z
2026-06-20T01:54:12Z,2026-06-20T03:54:12+0200,c30b8332-6a35-45c7-931f-0dc00a3a2bb4,2026-06-10T04:15:00Z,2026-06-10T06:15:00+0200,2782.4,MW,FR,FR,actual_onshore_wind_generation,Wind Onshore,2026-06-20T01:54:57Z
2026-06-20T01:54:12Z,2026-06-20T03:54:12+0200,c30b8332-6a35-45c7-931f-0dc00a3a2bb4,2026-06-10T04:30:00Z,2026-06-10T06:30:00+0200,2736.1,MW,FR,FR,actual_onshore_wind_generation,Wind Onshore,2026-06-20T01:54:57Z
2026-06-20T01:54:12Z,2026-06-20T03:54:12+0200,c30b8332-6a35-45c7-931f-0dc00a3a2bb4,2026-06-10T04:45:00Z,2026-06-10T06:45:00+0200,2707.63,MW,FR,FR,actual_onshore_wind_generation,Wind Onshore,2026-06-20T01:54:57Z
2026-06-20T01:54:12Z,2026-06-20T03:54:12+0200,c30b8332-6a35-45c7-931f-0dc00a3a2bb4,2026-06-10T05:00:00Z,2026-06-10T07:00:00+0200,2622.26,MW,FR,FR,actual_onshore_wind_generation,Wind Onshore,2026-06-20T01:54:57Z
2026-06-20T01:54:12Z,2026-06-20T03:54:12+0200,c30b8332-6a35-45c7-931f-0dc00a3a2bb4,2026-06-10T05:15:00Z,2026-06-10T07:15:00+0200,2474.76,MW,FR,FR,actual_onshore_wind_generation,Wind Onshore,2026-06-20T01:54:57Z
2026-06-20T01:54:12Z,2026-06-20T03:54:12+0200,c30b8332-6a35-45c7-931f-0dc00a3a2bb4,2026-06-10T05:30:00Z,2026-06-10T07:30:00+0200,2338.95,MW,FR,FR,actual_onshore_wind_generation,Wind Onshore,2026-06-20T01:54:57Z
2026-06-20T01:54:12Z,2026-06-20T03:54:12+0200,c30b8332-6a35-45c7-931f-0dc00a3a2bb4,2026-06-10T05:45:00Z,2026-06-10T07:45:00+0200,2243.22,MW,FR,FR,actual_onshore_wind_generation,Wind Onshore,2026-06-20T01:54:57Z
2026-06-20T01:54:12Z,2026-06-20T03:54:12+0200,c30b8332-6a35-45c7-931f-0dc00a3a2bb4,2026-06-10T06:00:00Z,2026-06-10T08:00:00+0200,2097.37,MW,FR,FR,actual_onshore_wind_generation,Wind Onshore,2026-06-20T01:54:57Z
2026-06-20T01:54:12Z,2026-06-20T03:54:12+0200,c30b8332-6a35-45c7-931f-0dc00a3a2bb4,2026-06-10T06:15:00Z,2026-06-10T08:15:00+0200,1988.46,MW,FR,FR,actual_onshore_wind_generation,Wind Onshore,2026-06-20T01:54:57Z
2026-06-20T01:54:12Z,2026-06-20T03:54:12+0200,c30b8332-6a35-45c7-931f-0dc00a3a2bb4,2026-06-10T06:30:00Z,2026-06-10T08:30:00+0200,1971.83,MW,FR,FR,actual_onshore_wind_generation,Wind Onshore,2026-06-20T01:54:57Z
2026-06-20T01:54:12Z,2026-06-20T03:54:12+0200,c30b8332-6a35-45c7-931f-0dc00a3a2bb4,2026-06-10T06:45:00Z,2026-06-10T08:45:00+0200,2078.56,MW,FR,FR,actual_onshore_wind_generation,Wind Onshore,2026-06-20T01:54:57Z
2026-06-20T01:54:12Z,2026-06-20T03:54:12+0200,c30b8332-6a35-45c7-931f-0dc00a3a2bb4,2026-06-10T07:00:00Z,2026-06-10T09:00:00+0200,2165.4,MW,FR,FR,actual_onshore_wind_generation,Wind Onshore,2026-06-20T01:54:57Z
2026-06-20T01:54:12Z,2026-06-20T03:54:12+0200,c30b8332-6a35-45c7-931f-0dc00a3a2bb4,2026-06-10T07:15:00Z,2026-06-10T09:15:00+0200,2288.02,MW,FR,FR,actual_onshore_wind_generation,Wind Onshore,2026-06-20T01:54:57Z
2026-06-20T01:54:12Z,2026-06-20T03:54:12+0200,c30b8332-6a35-45c7-931f-0dc00a3a2bb4,2026-06-10T07:30:00Z,2026-06-10T09:30:00+0200,2261.06,MW,FR,FR,actual_onshore_wind_generation,Wind Onshore,2026-06-20T01:54:57Z
2026-06-20T01:54:12Z,2026-06-20T03:54:12+0200,c30b8332-6a35-45c7-931f-0dc00a3a2bb4,2026-06-10T07:45:00Z,2026-06-10T09:45:00+0200,2342.93,MW,FR,FR,actual_onshore_wind_generation,Wind Onshore,2026-06-20T01:54:57Z
2026-06-20T01:54:12Z,2026-06-20T03:54:12+0200,c30b8332-6a35-45c7-931f-0dc00a3a2bb4,2026-06-10T08:00:00Z,2026-06-10T10:00:00+0200,2445.16,MW,FR,FR,actual_onshore_wind_generation,Wind Onshore,2026-06-20T01:54:57Z
2026-06-20T01:54:12Z,2026-06-20T03:54:12+0200,c30b8332-6a35-45c7-931f-0dc00a3a2bb4,2026-06-10T08:15:00Z,2026-06-10T10:15:00+0200,2496.57,MW,FR,FR,actual_onshore_wind_generation,Wind Onshore,2026-06-20T01:54:57Z
2026-06-20T01:54:12Z,2026-06-20T03:54:12+0200,c30b8332-6a35-45c7-931f-0dc00a3a2bb4,2026-06-10T08:30:00Z,2026-06-10T10:30:00+0200,2374.23,MW,FR,FR,actual_onshore_wind_generation,Wind Onshore,2026-06-20T01:54:57Z
2026-06-20T01:54:12Z,2026-06-20T03:54:12+0200,c30b8332-6a35-45c7-931f-0dc00a3a2bb4,2026-06-10T08:45:00Z,2026-06-10T10:45:00+0200,1826.73,MW,FR,FR,actual_onshore_wind_generation,Wind Onshore,2026-06-20T01:54:57Z
2026-06-20T01:54:12Z,2026-06-20T03:54:12+0200,c30b8332-6a35-45c7-931f-0dc00a3a2bb4,2026-06-10T09:00:00Z,2026-06-10T11:00:00+0200,1839.06,MW,FR,FR,actual_onshore_wind_generation,Wind Onshore,2026-06-20T01:54:57Z
2026-06-20T01:54:12Z,2026-06-20T03:54:12+0200,c30b8332-6a35-45c7-931f-0dc00a3a2bb4,2026-06-10T09:15:00Z,2026-06-10T11:15:00+0200,1885.79,MW,FR,FR,actual_onshore_wind_generation,Wind Onshore,2026-06-20T01:54:57Z
2026-06-20T01:54:12Z,2026-06-20T03:54:12+0200,c30b8332-6a35-45c7-931f-0dc00a3a2bb4,2026-06-10T09:30:00Z,2026-06-10T11:30:00+0200,2062.77,MW,FR,FR,actual_onshore_wind_generation,Wind Onshore,2026-06-20T01:54:57Z
2026-06-20T01:54:12Z,2026-06-20T03:54:12+0200,c30b8332-6a35-45c7-931f-0dc00a3a2bb4,2026-06-10T09:45:00Z,2026-06-10T11:45:00+0200,2061.24,MW,FR,FR,actual_onshore_wind_generation,Wind Onshore,2026-06-20T01:54:57Z
2026-06-20T01:54:12Z,2026-06-20T03:54:12+0200,c30b8332-6a35-45c7-931f-0dc00a3a2bb4,2026-06-10T10:00:00Z,2026-06-10T12:00:00+0200,2234.81,MW,FR,FR,actual_onshore_wind_generation,Wind Onshore,2026-06-20T01:54:57Z
2026-06-20T01:54:12Z,2026-06-20T03:54:12+0200,c30b8332-6a35-45c7-931f-0dc00a3a2bb4,2026-06-10T10:15:00Z,2026-06-10T12:15:00+0200,2421.73,MW,FR,FR,actual_onshore_wind_generation,Wind Onshore,2026-06-20T01:54:57Z
2026-06-20T01:54:12Z,2026-06-20T03:54:12+0200,c30b8332-6a35-45c7-931f-0dc00a3a2bb4,2026-06-10T10:30:00Z,2026-06-10T12:30:00+0200,2556.42,MW,FR,FR,actual_onshore_wind_generation,Wind Onshore,2026-06-20T01:54:57Z
2026-06-20T01:54:12Z,2026-06-20T03:54:12+0200,c30b8332-6a35-45c7-931f-0dc00a3a2bb4,2026-06-10T10:45:00Z,2026-06-10T12:45:00+0200,2667.16,MW,FR,FR,actual_onshore_wind_generation,Wind Onshore,2026-06-20T01:54:57Z
2026-06-20T01:54:12Z,2026-06-20T03:54:12+0200,c30b8332-6a35-45c7-931f-0dc00a3a2bb4,2026-06-10T11:00:00Z,2026-06-10T13:00:00+0200,2742.02,MW,FR,FR,actual_onshore_wind_generation,Wind Onshore,2026-06-20T01:54:57Z
2026-06-20T01:54:12Z,2026-06-20T03:54:12+0200,c30b8332-6a35-45c7-931f-0dc00a3a2bb4,2026-06-10T11:15:00Z,2026-06-10T13:15:00+0200,2909.3,MW,FR,FR,actual_onshore_wind_generation,Wind Onshore,2026-06-20T01:54:57Z
2026-06-20T01:54:12Z,2026-06-20T03:54:12+0200,c30b8332-6a35-45c7-931f-0dc00a3a2bb4,2026-06-10T11:30:00Z,2026-06-10T13:30:00+0200,3002.02,MW,FR,FR,actual_onshore_wind_generation,Wind Onshore,2026-06-20T01:54:57Z
2026-06-20T01:54:12Z,2026-06-20T03:54:12+0200,c30b8332-6a35-45c7-931f-0dc00a3a2bb4,2026-06-10T11:45:00Z,2026-06-10T13:45:00+0200,3117.3,MW,FR,FR,actual_onshore_wind_generation,Wind Onshore,2026-06-20T01:54:57Z
2026-06-20T01:54:12Z,2026-06-20T03:54:12+0200,c30b8332-6a35-45c7-931f-0dc00a3a2bb4,2026-06-10T12:00:00Z,2026-06-10T14:00:00+0200,3206.61,MW,FR,FR,actual_onshore_wind_generation,Wind Onshore,2026-06-20T01:54:57Z
2026-06-20T01:54:12Z,2026-06-20T03:54:12+0200,c30b8332-6a35-45c7-931f-0dc00a3a2bb4,2026-06-10T12:15:00Z,2026-06-10T14:15:00+0200,3277.74,MW,FR,FR,actual_onshore_wind_generation,Wind Onshore,2026-06-20T01:54:57Z
2026-06-20T01:54:12Z,2026-06-20T03:54:12+0200,c30b8332-6a35-45c7-931f-0dc00a3a2bb4,2026-06-10T12:30:00Z,2026-06-10T14:30:00+0200,3265.45,MW,FR,FR,actual_onshore_wind_generation,Wind Onshore,2026-06-20T01:54:57Z
2026-06-20T01:54:12Z,2026-06-20T03:54:12+0200,c30b8332-6a35-45c7-931f-0dc00a3a2bb4,2026-06-10T12:45:00Z,2026-06-10T14:45:00+0200,3294.28,MW,FR,FR,actual_onshore_wind_generation,Wind Onshore,2026-06-20T01:54:57Z
2026-06-20T01:54:12Z,2026-06-20T03:54:12+0200,c30b8332-6a35-45c7-931f-0dc00a3a2bb4,2026-06-10T13:00:00Z,2026-06-10T15:00:00+0200,3262.19,MW,FR,FR,actual_onshore_wind_generation,Wind Onshore,2026-06-20T01:54:57Z
2026-06-20T01:54:12Z,2026-06-20T03:54:12+0200,c30b8332-6a35-45c7-931f-0dc00a3a2bb4,2026-06-10T13:15:00Z,2026-06-10T15:15:00+0200,3473.72,MW,FR,FR,actual_onshore_wind_generation,Wind Onshore,2026-06-20T01:54:57Z
2026-06-20T01:54:12Z,2026-06-20T03:54:12+0200,c30b8332-6a35-45c7-931f-0dc00a3a2bb4,2026-06-10T13:30:00Z,2026-06-10T15:30:00+0200,3389.14,MW,FR,FR,actual_onshore_wind_generation,Wind Onshore,2026-06-20T01:54:57Z
2026-06-20T01:54:12Z,2026-06-20T03:54:12+0200,c30b8332-6a35-45c7-931f-0dc00a3a2bb4,2026-06-10T13:45:00Z,2026-06-10T15:45:00+0200,3211.83,MW,FR,FR,actual_onshore_wind_generation,Wind Onshore,2026-06-20T01:54:57Z
2026-06-20T01:54:12Z,2026-06-20T03:54:12+0200,c30b8332-6a35-45c7-931f-0dc00a3a2bb4,2026-06-10T14:00:00Z,2026-06-10T16:00:00+0200,3476.31,MW,FR,FR,actual_onshore_wind_generation,Wind Onshore,2026-06-20T01:54:57Z
2026-06-20T01:54:12Z,2026-06-20T03:54:12+0200,c30b8332-6a35-45c7-931f-0dc00a3a2bb4,2026-06-10T14:15:00Z,2026-06-10T16:15:00+0200,3564.08,MW,FR,FR,actual_onshore_wind_generation,Wind Onshore,2026-06-20T01:54:57Z
2026-06-20T01:54:12Z,2026-06-20T03:54:12+0200,c30b8332-6a35-45c7-931f-0dc00a3a2bb4,2026-06-10T14:30:00Z,2026-06-10T16:30:00+0200,3591.53,MW,FR,FR,actual_onshore_wind_generation,Wind Onshore,2026-06-20T01:54:57Z
2026-06-20T01:54:12Z,2026-06-20T03:54:12+0200,c30b8332-6a35-45c7-931f-0dc00a3a2bb4,2026-06-10T14:45:00Z,2026-06-10T16:45:00+0200,3755.49,MW,FR,FR,actual_onshore_wind_generation,Wind Onshore,2026-06-20T01:54:57Z
2026-06-20T01:54:12Z,2026-06-20T03:54:12+0200,c30b8332-6a35-45c7-931f-0dc00a3a2bb4,2026-06-10T15:00:00Z,2026-06-10T17:00:00+0200,4468.61,MW,FR,FR,actual_onshore_wind_generation,Wind Onshore,2026-06-20T01:54:57Z
2026-06-20T01:54:12Z,2026-06-20T03:54:12+0200,c30b8332-6a35-45c7-931f-0dc00a3a2bb4,2026-06-10T15:15:00Z,2026-06-10T17:15:00+0200,4930.03,MW,FR,FR,actual_onshore_wind_generation,Wind Onshore,2026-06-20T01:54:57Z
2026-06-20T01:54:12Z,2026-06-20T03:54:12+0200,c30b8332-6a35-45c7-931f-0dc00a3a2bb4,2026-06-10T15:30:00Z,2026-06-10T17:30:00+0200,5001.36,MW,FR,FR,actual_onshore_wind_generation,Wind Onshore,2026-06-20T01:54:57Z
2026-06-20T01:54:12Z,2026-06-20T03:54:12+0200,c30b8332-6a35-45c7-931f-0dc00a3a2bb4,2026-06-10T15:45:00Z,2026-06-10T17:45:00+0200,4814.98,MW,FR,FR,actual_onshore_wind_generation,Wind Onshore,2026-06-20T01:54:57Z
2026-06-20T01:54:12Z,2026-06-20T03:54:12+0200,c30b8332-6a35-45c7-931f-0dc00a3a2bb4,2026-06-10T16:00:00Z,2026-06-10T18:00:00+0200,5516.76,MW,FR,FR,actual_onshore_wind_generation,Wind Onshore,2026-06-20T01:54:57Z
2026-06-20T01:54:12Z,2026-06-20T03:54:12+0200,c30b8332-6a35-45c7-931f-0dc00a3a2bb4,2026-06-10T16:15:00Z,2026-06-10T18:15:00+0200,6367.57,MW,FR,FR,actual_onshore_wind_generation,Wind Onshore,2026-06-20T01:54:57Z
2026-06-20T01:54:12Z,2026-06-20T03:54:12+0200,c30b8332-6a35-45c7-931f-0dc00a3a2bb4,2026-06-10T16:30:00Z,2026-06-10T18:30:00+0200,6285.93,MW,FR,FR,actual_onshore_wind_generation,Wind Onshore,2026-06-20T01:54:57Z
2026-06-20T01:54:12Z,2026-06-20T03:54:12+0200,c30b8332-6a35-45c7-931f-0dc00a3a2bb4,2026-06-10T16:45:00Z,2026-06-10T18:45:00+0200,6486.17,MW,FR,FR,actual_onshore_wind_generation,Wind Onshore,2026-06-20T01:54:57Z
2026-06-20T01:54:12Z,2026-06-20T03:54:12+0200,c30b8332-6a35-45c7-931f-0dc00a3a2bb4,2026-06-10T17:00:00Z,2026-06-10T19:00:00+0200,6639.84,MW,FR,FR,actual_onshore_wind_generation,Wind Onshore,2026-06-20T01:54:57Z
2026-06-20T01:54:12Z,2026-06-20T03:54:12+0200,c30b8332-6a35-45c7-931f-0dc00a3a2bb4,2026-06-10T17:15:00Z,2026-06-10T19:15:00+0200,6595.73,MW,FR,FR,actual_onshore_wind_generation,Wind Onshore,2026-06-20T01:54:57Z
2026-06-20T01:54:12Z,2026-06-20T03:54:12+0200,c30b8332-6a35-45c7-931f-0dc00a3a2bb4,2026-06-10T17:30:00Z,2026-06-10T19:30:00+0200,6716.52,MW,FR,FR,actual_onshore_wind_generation,Wind Onshore,2026-06-20T01:54:57Z
2026-06-20T01:54:12Z,2026-06-20T03:54:12+0200,c30b8332-6a35-45c7-931f-0dc00a3a2bb4,2026-06-10T17:45:00Z,2026-06-10T19:45:00+0200,6405.08,MW,FR,FR,actual_onshore_wind_generation,Wind Onshore,2026-06-20T01:54:57Z
2026-06-20T01:54:12Z,2026-06-20T03:54:12+0200,c30b8332-6a35-45c7-931f-0dc00a3a2bb4,2026-06-10T18:00:00Z,2026-06-10T20:00:00+0200,6116.33,MW,FR,FR,actual_onshore_wind_generation,Wind Onshore,2026-06-20T01:54:57Z
2026-06-20T01:54:12Z,2026-06-20T03:54:12+0200,c30b8332-6a35-45c7-931f-0dc00a3a2bb4,2026-06-10T18:15:00Z,2026-06-10T20:15:00+0200,5863.31,MW,FR,FR,actual_onshore_wind_generation,Wind Onshore,2026-06-20T01:54:57Z
2026-06-20T01:54:12Z,2026-06-20T03:54:12+0200,c30b8332-6a35-45c7-931f-0dc00a3a2bb4,2026-06-10T18:30:00Z,2026-06-10T20:30:00+0200,5498.87,MW,FR,FR,actual_onshore_wind_generation,Wind Onshore,2026-06-20T01:54:57Z
2026-06-20T01:54:12Z,2026-06-20T03:54:12+0200,c30b8332-6a35-45c7-931f-0dc00a3a2bb4,2026-06-10T18:45:00Z,2026-06-10T20:45:00+0200,5143.71,MW,FR,FR,actual_onshore_wind_generation,Wind Onshore,2026-06-20T01:54:57Z
2026-06-20T01:54:12Z,2026-06-20T03:54:12+0200,c30b8332-6a35-45c7-931f-0dc00a3a2bb4,2026-06-10T19:00:00Z,2026-06-10T21:00:00+0200,4907.05,MW,FR,FR,actual_onshore_wind_generation,Wind Onshore,2026-06-20T01:54:57Z
2026-06-20T01:54:12Z,2026-06-20T03:54:12+0200,c30b8332-6a35-45c7-931f-0dc00a3a2bb4,2026-06-10T19:15:00Z,2026-06-10T21:15:00+0200,4652.4,MW,FR,FR,actual_onshore_wind_generation,Wind Onshore,2026-06-20T01:54:57Z
2026-06-20T01:54:12Z,2026-06-20T03:54:12+0200,c30b8332-6a35-45c7-931f-0dc00a3a2bb4,2026-06-10T19:30:00Z,2026-06-10T21:30:00+0200,4456.17,MW,FR,FR,actual_onshore_wind_generation,Wind Onshore,2026-06-20T01:54:57Z
2026-06-20T01:54:12Z,2026-06-20T03:54:12+0200,c30b8332-6a35-45c7-931f-0dc00a3a2bb4,2026-06-10T19:45:00Z,2026-06-10T21:45:00+0200,4235.24,MW,FR,FR,actual_onshore_wind_generation,Wind Onshore,2026-06-20T01:54:57Z
2026-06-20T01:54:12Z,2026-06-20T03:54:12+0200,c30b8332-6a35-45c7-931f-0dc00a3a2bb4,2026-06-10T20:00:00Z,2026-06-10T22:00:00+0200,4088.03,MW,FR,FR,actual_onshore_wind_generation,Wind Onshore,2026-06-20T01:54:57Z
2026-06-20T01:54:12Z,2026-06-20T03:54:12+0200,c30b8332-6a35-45c7-931f-0dc00a3a2bb4,2026-06-10T20:15:00Z,2026-06-10T22:15:00+0200,4071.7,MW,FR,FR,actual_onshore_wind_generation,Wind Onshore,2026-06-20T01:54:57Z
2026-06-20T01:54:12Z,2026-06-20T03:54:12+0200,c30b8332-6a35-45c7-931f-0dc00a3a2bb4,2026-06-10T20:30:00Z,2026-06-10T22:30:00+0200,4141.42,MW,FR,FR,actual_onshore_wind_generation,Wind Onshore,2026-06-20T01:54:57Z
2026-06-20T01:54:12Z,2026-06-20T03:54:12+0200,c30b8332-6a35-45c7-931f-0dc00a3a2bb4,2026-06-10T20:45:00Z,2026-06-10T22:45:00+0200,4623.05,MW,FR,FR,actual_onshore_wind_generation,Wind Onshore,2026-06-20T01:54:57Z
2026-06-20T01:54:12Z,2026-06-20T03:54:12+0200,c30b8332-6a35-45c7-931f-0dc00a3a2bb4,2026-06-10T21:00:00Z,2026-06-10T23:00:00+0200,4523.64,MW,FR,FR,actual_onshore_wind_generation,Wind Onshore,2026-06-20T01:54:57Z
2026-06-20T01:54:12Z,2026-06-20T03:54:12+0200,c30b8332-6a35-45c7-931f-0dc00a3a2bb4,2026-06-10T21:15:00Z,2026-06-10T23:15:00+0200,4392.18,MW,FR,FR,actual_onshore_wind_generation,Wind Onshore,2026-06-20T01:54:57Z
2026-06-20T01:54:12Z,2026-06-20T03:54:12+0200,c30b8332-6a35-45c7-931f-0dc00a3a2bb4,2026-06-10T21:30:00Z,2026-06-10T23:30:00+0200,4331.12,MW,FR,FR,actual_onshore_wind_generation,Wind Onshore,2026-06-20T01:54:57Z
2026-06-20T01:54:12Z,2026-06-20T03:54:12+0200,c30b8332-6a35-45c7-931f-0dc00a3a2bb4,2026-06-10T21:45:00Z,2026-06-10T23:45:00+0200,4226.79,MW,FR,FR,actual_onshore_wind_generation,Wind Onshore,2026-06-20T01:54:57Z
2026-06-20T01:54:12Z,2026-06-20T03:54:12+0200,c30b8332-6a35-45c7-931f-0dc00a3a2bb4,2026-06-10T22:00:00Z,2026-06-11T00:00:00+0200,4224.6,MW,FR,FR,actual_onshore_wind_generation,Wind Onshore,2026-06-20T01:54:57Z
2026-06-20T01:54:12Z,2026-06-20T03:54:12+0200,c30b8332-6a35-45c7-931f-0dc00a3a2bb4,2026-06-10T22:15:00Z,2026-06-11T00:15:00+0200,4182.98,MW,FR,FR,actual_onshore_wind_generation,Wind Onshore,2026-06-20T01:54:57Z
2026-06-20T01:54:12Z,2026-06-20T03:54:12+0200,c30b8332-6a35-45c7-931f-0dc00a3a2bb4,2026-06-10T22:30:00Z,2026-06-11T00:30:00+0200,3988.8,MW,FR,FR,actual_onshore_wind_generation,Wind Onshore,2026-06-20T01:54:57Z
2026-06-20T01:54:12Z,2026-06-20T03:54:12+0200,c30b8332-6a35-45c7-931f-0dc00a3a2bb4,2026-06-10T22:45:00Z,2026-06-11T00:45:00+0200,3218.68,MW,FR,FR,actual_onshore_wind_generation,Wind Onshore,2026-06-20T01:54:57Z
2026-06-20T01:54:12Z,2026-06-20T03:54:12+0200,c30b8332-6a35-45c7-931f-0dc00a3a2bb4,2026-06-10T23:00:00Z,2026-06-11T01:00:00+0200,3724.16,MW,FR,FR,actual_onshore_wind_generation,Wind Onshore,2026-06-20T01:54:57Z
2026-06-20T01:54:12Z,2026-06-20T03:54:12+0200,c30b8332-6a35-45c7-931f-0dc00a3a2bb4,2026-06-10T23:15:00Z,2026-06-11T01:15:00+0200,4226.77,MW,FR,FR,actual_onshore_wind_generation,Wind Onshore,2026-06-20T01:54:57Z
2026-06-20T01:54:12Z,2026-06-20T03:54:12+0200,c30b8332-6a35-45c7-931f-0dc00a3a2bb4,2026-06-10T23:30:00Z,2026-06-11T01:30:00+0200,4277.22,MW,FR,FR,actual_onshore_wind_generation,Wind Onshore,2026-06-20T01:54:57Z
2026-06-20T01:54:12Z,2026-06-20T03:54:12+0200,c30b8332-6a35-45c7-931f-0dc00a3a2bb4,2026-06-10T23:45:00Z,2026-06-11T01:45:00+0200,4216.78,MW,FR,FR,actual_onshore_wind_generation,Wind Onshore,2026-06-20T01:54:57Z
2026-06-20T01:54:12Z,2026-06-20T03:54:12+0200,c30b8332-6a35-45c7-931f-0dc00a3a2bb4,2026-06-11T00:00:00Z,2026-06-11T02:00:00+0200,4147.38,MW,FR,FR,actual_onshore_wind_generation,Wind Onshore,2026-06-20T01:54:57Z
2026-06-20T01:54:12Z,2026-06-20T03:54:12+0200,c30b8332-6a35-45c7-931f-0dc00a3a2bb4,2026-06-11T00:15:00Z,2026-06-11T02:15:00+0200,4140.91,MW,FR,FR,actual_onshore_wind_generation,Wind Onshore,2026-06-20T01:54:57Z
2026-06-20T01:54:12Z,2026-06-20T03:54:12+0200,c30b8332-6a35-45c7-931f-0dc00a3a2bb4,2026-06-11T00:30:00Z,2026-06-11T02:30:00+0200,4067.17,MW,FR,FR,actual_onshore_wind_generation,Wind Onshore,2026-06-20T01:54:57Z
2026-06-20T01:54:12Z,2026-06-20T03:54:12+0200,c30b8332-6a35-45c7-931f-0dc00a3a2bb4,2026-06-11T00:45:00Z,2026-06-11T02:45:00+0200,4022.22,MW,FR,FR,actual_onshore_wind_generation,Wind Onshore,2026-06-20T01:54:57Z
2026-06-20T01:54:12Z,2026-06-20T03:54:12+0200,c30b8332-6a35-45c7-931f-0dc00a3a2bb4,2026-06-11T01:00:00Z,2026-06-11T03:00:00+0200,3948.92,MW,FR,FR,actual_onshore_wind_generation,Wind Onshore,2026-06-20T01:54:57Z
2026-06-20T01:54:12Z,2026-06-20T03:54:12+0200,c30b8332-6a35-45c7-931f-0dc00a3a2bb4,2026-06-11T01:15:00Z,2026-06-11T03:15:00+0200,3848.61,MW,FR,FR,actual_onshore_wind_generation,Wind Onshore,2026-06-20T01:54:57Z
2026-06-20T01:54:12Z,2026-06-20T03:54:12+0200,c30b8332-6a35-45c7-931f-0dc00a3a2bb4,2026-06-11T01:30:00Z,2026-06-11T03:30:00+0200,3713.67,MW,FR,FR,actual_onshore_wind_generation,Wind Onshore,2026-06-20T01:54:57Z
2026-06-20T01:54:12Z,2026-06-20T03:54:12+0200,c30b8332-6a35-45c7-931f-0dc00a3a2bb4,2026-06-11T01:45:00Z,2026-06-11T03:45:00+0200,3679.15,MW,FR,FR,actual_onshore_wind_generation,Wind Onshore,2026-06-20T01:54:57Z
2026-06-20T01:54:12Z,2026-06-20T03:54:12+0200,c30b8332-6a35-45c7-931f-0dc00a3a2bb4,2026-06-11T02:00:00Z,2026-06-11T04:00:00+0200,3729.75,MW,FR,FR,actual_onshore_wind_generation,Wind Onshore,2026-06-20T01:54:57Z
2026-06-20T01:54:12Z,2026-06-20T03:54:12+0200,c30b8332-6a35-45c7-931f-0dc00a3a2bb4,2026-06-11T02:15:00Z,2026-06-11T04:15:00+0200,3781.22,MW,FR,FR,actual_onshore_wind_generation,Wind Onshore,2026-06-20T01:54:57Z
2026-06-20T01:54:12Z,2026-06-20T03:54:12+0200,c30b8332-6a35-45c7-931f-0dc00a3a2bb4,2026-06-11T02:30:00Z,2026-06-11T04:30:00+0200,3721.96,MW,FR,FR,actual_onshore_wind_generation,Wind Onshore,2026-06-20T01:54:57Z
2026-06-20T01:54:12Z,2026-06-20T03:54:12+0200,c30b8332-6a35-45c7-931f-0dc00a3a2bb4,2026-06-11T02:45:00Z,2026-06-11T04:45:00+0200,3618.09,MW,FR,FR,actual_onshore_wind_generation,Wind Onshore,2026-06-20T01:54:57Z
2026-06-20T01:54:12Z,2026-06-20T03:54:12+0200,c30b8332-6a35-45c7-931f-0dc00a3a2bb4,2026-06-11T03:00:00Z,2026-06-11T05:00:00+0200,3515.57,MW,FR,FR,actual_onshore_wind_generation,Wind Onshore,2026-06-20T01:54:57Z
2026-06-20T01:54:12Z,2026-06-20T03:54:12+0200,c30b8332-6a35-45c7-931f-0dc00a3a2bb4,2026-06-11T03:15:00Z,2026-06-11T05:15:00+0200,3393.96,MW,FR,FR,actual_onshore_wind_generation,Wind Onshore,2026-06-20T01:54:57Z
2026-06-20T01:54:12Z,2026-06-20T03:54:12+0200,c30b8332-6a35-45c7-931f-0dc00a3a2bb4,2026-06-11T03:30:00Z,2026-06-11T05:30:00+0200,3294.0,MW,FR,FR,actual_onshore_wind_generation,Wind Onshore,2026-06-20T01:54:57Z
2026-06-20T01:54:12Z,2026-06-20T03:54:12+0200,c30b8332-6a35-45c7-931f-0dc00a3a2bb4,2026-06-11T03:45:00Z,2026-06-11T05:45:00+0200,3159.3,MW,FR,FR,actual_onshore_wind_generation,Wind Onshore,2026-06-20T01:54:57Z
2026-06-20T01:54:12Z,2026-06-20T03:54:12+0200,c30b8332-6a35-45c7-931f-0dc00a3a2bb4,2026-06-11T04:00:00Z,2026-06-11T06:00:00+0200,3002.44,MW,FR,FR,actual_onshore_wind_generation,Wind Onshore,2026-06-20T01:54:57Z
2026-06-20T01:54:12Z,2026-06-20T03:54:12+0200,c30b8332-6a35-45c7-931f-0dc00a3a2bb4,2026-06-11T04:15:00Z,2026-06-11T06:15:00+0200,2919.95,MW,FR,FR,actual_onshore_wind_generation,Wind Onshore,2026-06-20T01:54:57Z
2026-06-20T01:54:12Z,2026-06-20T03:54:12+0200,c30b8332-6a35-45c7-931f-0dc00a3a2bb4,2026-06-11T04:30:00Z,2026-06-11T06:30:00+0200,2793.75,MW,FR,FR,actual_onshore_wind_generation,Wind Onshore,2026-06-20T01:54:57Z
2026-06-20T01:54:12Z,2026-06-20T03:54:12+0200,c30b8332-6a35-45c7-931f-0dc00a3a2bb4,2026-06-11T04:45:00Z,2026-06-11T06:45:00+0200,2669.32,MW,FR,FR,actual_onshore_wind_generation,Wind Onshore,2026-06-20T01:54:57Z
2026-06-20T01:54:12Z,2026-06-20T03:54:12+0200,c30b8332-6a35-45c7-931f-0dc00a3a2bb4,2026-06-11T05:00:00Z,2026-06-11T07:00:00+0200,2579.54,MW,FR,FR,actual_onshore_wind_generation,Wind Onshore,2026-06-20T01:54:57Z
2026-06-20T01:54:12Z,2026-06-20T03:54:12+0200,c30b8332-6a35-45c7-931f-0dc00a3a2bb4,2026-06-11T05:15:00Z,2026-06-11T07:15:00+0200,2389.68,MW,FR,FR,actual_onshore_wind_generation,Wind Onshore,2026-06-20T01:54:57Z
2026-06-20T01:54:12Z,2026-06-20T03:54:12+0200,c30b8332-6a35-45c7-931f-0dc00a3a2bb4,2026-06-11T05:30:00Z,2026-06-11T07:30:00+0200,2148.45,MW,FR,FR,actual_onshore_wind_generation,Wind Onshore,2026-06-20T01:54:57Z
2026-06-20T01:54:12Z,2026-06-20T03:54:12+0200,c30b8332-6a35-45c7-931f-0dc00a3a2bb4,2026-06-11T05:45:00Z,2026-06-11T07:45:00+0200,1888.58,MW,FR,FR,actual_onshore_wind_generation,Wind Onshore,2026-06-20T01:54:57Z
2026-06-20T01:54:12Z,2026-06-20T03:54:12+0200,c30b8332-6a35-45c7-931f-0dc00a3a2bb4,2026-06-11T06:00:00Z,2026-06-11T08:00:00+0200,1685.21,MW,FR,FR,actual_onshore_wind_generation,Wind Onshore,2026-06-20T01:54:57Z
2026-06-20T01:54:12Z,2026-06-20T03:54:12+0200,c30b8332-6a35-45c7-931f-0dc00a3a2bb4,2026-06-11T06:15:00Z,2026-06-11T08:15:00+0200,1542.98,MW,FR,FR,actual_onshore_wind_generation,Wind Onshore,2026-06-20T01:54:57Z
2026-06-20T01:54:12Z,2026-06-20T03:54:12+0200,c30b8332-6a35-45c7-931f-0dc00a3a2bb4,2026-06-11T06:30:00Z,2026-06-11T08:30:00+0200,1531.12,MW,FR,FR,actual_onshore_wind_generation,Wind Onshore,2026-06-20T01:54:57Z
2026-06-20T01:54:12Z,2026-06-20T03:54:12+0200,c30b8332-6a35-45c7-931f-0dc00a3a2bb4,2026-06-11T06:45:00Z,2026-06-11T08:45:00+0200,1554.02,MW,FR,FR,actual_onshore_wind_generation,Wind Onshore,2026-06-20T01:54:57Z
2026-06-20T01:54:12Z,2026-06-20T03:54:12+0200,c30b8332-6a35-45c7-931f-0dc00a3a2bb4,2026-06-11T07:00:00Z,2026-06-11T09:00:00+0200,1598.11,MW,FR,FR,actual_onshore_wind_generation,Wind Onshore,2026-06-20T01:54:57Z
2026-06-20T01:54:12Z,2026-06-20T03:54:12+0200,c30b8332-6a35-45c7-931f-0dc00a3a2bb4,2026-06-11T07:15:00Z,2026-06-11T09:15:00+0200,1693.86,MW,FR,FR,actual_onshore_wind_generation,Wind Onshore,2026-06-20T01:54:57Z
2026-06-20T01:54:12Z,2026-06-20T03:54:12+0200,c30b8332-6a35-45c7-931f-0dc00a3a2bb4,2026-06-11T07:30:00Z,2026-06-11T09:30:00+0200,1771.14,MW,FR,FR,actual_onshore_wind_generation,Wind Onshore,2026-06-20T01:54:57Z
2026-06-20T01:54:12Z,2026-06-20T03:54:12+0200,c30b8332-6a35-45c7-931f-0dc00a3a2bb4,2026-06-11T07:45:00Z,2026-06-11T09:45:00+0200,1907.35,MW,FR,FR,actual_onshore_wind_generation,Wind Onshore,2026-06-20T01:54:57Z
2026-06-20T01:54:12Z,2026-06-20T03:54:12+0200,c30b8332-6a35-45c7-931f-0dc00a3a2bb4,2026-06-11T08:00:00Z,2026-06-11T10:00:00+0200,2003.52,MW,FR,FR,actual_onshore_wind_generation,Wind Onshore,2026-06-20T01:54:57Z
2026-06-20T01:54:12Z,2026-06-20T03:54:12+0200,c30b8332-6a35-45c7-931f-0dc00a3a2bb4,2026-06-11T08:15:00Z,2026-06-11T10:15:00+0200,2172.33,MW,FR,FR,actual_onshore_wind_generation,Wind Onshore,2026-06-20T01:54:57Z
2026-06-20T01:54:12Z,2026-06-20T03:54:12+0200,c30b8332-6a35-45c7-931f-0dc00a3a2bb4,2026-06-11T08:30:00Z,2026-06-11T10:30:00+0200,2164.63,MW,FR,FR,actual_onshore_wind_generation,Wind Onshore,2026-06-20T01:54:57Z
2026-06-20T01:54:12Z,2026-06-20T03:54:12+0200,c30b8332-6a35-45c7-931f-0dc00a3a2bb4,2026-06-11T08:45:00Z,2026-06-11T10:45:00+0200,1781.92,MW,FR,FR,actual_onshore_wind_generation,Wind Onshore,2026-06-20T01:54:57Z
2026-06-20T01:54:12Z,2026-06-20T03:54:12+0200,c30b8332-6a35-45c7-931f-0dc00a3a2bb4,2026-06-11T09:00:00Z,2026-06-11T11:00:00+0200,1998.78,MW,FR,FR,actual_onshore_wind_generation,Wind Onshore,2026-06-20T01:54:57Z
2026-06-20T01:54:12Z,2026-06-20T03:54:12+0200,c30b8332-6a35-45c7-931f-0dc00a3a2bb4,2026-06-11T09:15:00Z,2026-06-11T11:15:00+0200,1896.08,MW,FR,FR,actual_onshore_wind_generation,Wind Onshore,2026-06-20T01:54:57Z
2026-06-20T01:54:12Z,2026-06-20T03:54:12+0200,c30b8332-6a35-45c7-931f-0dc00a3a2bb4,2026-06-11T09:30:00Z,2026-06-11T11:30:00+0200,2034.05,MW,FR,FR,actual_onshore_wind_generation,Wind Onshore,2026-06-20T01:54:57Z
2026-06-20T01:54:12Z,2026-06-20T03:54:12+0200,c30b8332-6a35-45c7-931f-0dc00a3a2bb4,2026-06-11T09:45:00Z,2026-06-11T11:45:00+0200,2159.66,MW,FR,FR,actual_onshore_wind_generation,Wind Onshore,2026-06-20T01:54:57Z
2026-06-20T01:54:12Z,2026-06-20T03:54:12+0200,c30b8332-6a35-45c7-931f-0dc00a3a2bb4,2026-06-11T10:00:00Z,2026-06-11T12:00:00+0200,2227.12,MW,FR,FR,actual_onshore_wind_generation,Wind Onshore,2026-06-20T01:54:57Z
2026-06-20T01:54:12Z,2026-06-20T03:54:12+0200,c30b8332-6a35-45c7-931f-0dc00a3a2bb4,2026-06-11T10:15:00Z,2026-06-11T12:15:00+0200,2433.19,MW,FR,FR,actual_onshore_wind_generation,Wind Onshore,2026-06-20T01:54:57Z
2026-06-20T01:54:12Z,2026-06-20T03:54:12+0200,c30b8332-6a35-45c7-931f-0dc00a3a2bb4,2026-06-11T10:30:00Z,2026-06-11T12:30:00+0200,2619.26,MW,FR,FR,actual_onshore_wind_generation,Wind Onshore,2026-06-20T01:54:57Z
2026-06-20T01:54:12Z,2026-06-20T03:54:12+0200,c30b8332-6a35-45c7-931f-0dc00a3a2bb4,2026-06-11T10:45:00Z,2026-06-11T12:45:00+0200,2721.41,MW,FR,FR,actual_onshore_wind_generation,Wind Onshore,2026-06-20T01:54:57Z
2026-06-20T01:54:12Z,2026-06-20T03:54:12+0200,c30b8332-6a35-45c7-931f-0dc00a3a2bb4,2026-06-11T11:00:00Z,2026-06-11T13:00:00+0200,2805.64,MW,FR,FR,actual_onshore_wind_generation,Wind Onshore,2026-06-20T01:54:57Z
2026-06-20T01:54:12Z,2026-06-20T03:54:12+0200,c30b8332-6a35-45c7-931f-0dc00a3a2bb4,2026-06-11T11:15:00Z,2026-06-11T13:15:00+0200,2972.73,MW,FR,FR,actual_onshore_wind_generation,Wind Onshore,2026-06-20T01:54:57Z
2026-06-20T01:54:12Z,2026-06-20T03:54:12+0200,c30b8332-6a35-45c7-931f-0dc00a3a2bb4,2026-06-11T11:30:00Z,2026-06-11T13:30:00+0200,3002.4,MW,FR,FR,actual_onshore_wind_generation,Wind Onshore,2026-06-20T01:54:57Z
2026-06-20T01:54:12Z,2026-06-20T03:54:12+0200,c30b8332-6a35-45c7-931f-0dc00a3a2bb4,2026-06-11T11:45:00Z,2026-06-11T13:45:00+0200,3022.95,MW,FR,FR,actual_onshore_wind_generation,Wind Onshore,2026-06-20T01:54:57Z
2026-06-20T01:54:12Z,2026-06-20T03:54:12+0200,c30b8332-6a35-45c7-931f-0dc00a3a2bb4,2026-06-11T12:00:00Z,2026-06-11T14:00:00+0200,2994.96,MW,FR,FR,actual_onshore_wind_generation,Wind Onshore,2026-06-20T01:54:57Z
2026-06-20T01:54:12Z,2026-06-20T03:54:12+0200,c30b8332-6a35-45c7-931f-0dc00a3a2bb4,2026-06-11T12:15:00Z,2026-06-11T14:15:00+0200,2923.54,MW,FR,FR,actual_onshore_wind_generation,Wind Onshore,2026-06-20T01:54:57Z
2026-06-20T01:54:12Z,2026-06-20T03:54:12+0200,c30b8332-6a35-45c7-931f-0dc00a3a2bb4,2026-06-11T12:30:00Z,2026-06-11T14:30:00+0200,2685.51,MW,FR,FR,actual_onshore_wind_generation,Wind Onshore,2026-06-20T01:54:57Z
2026-06-20T01:54:12Z,2026-06-20T03:54:12+0200,c30b8332-6a35-45c7-931f-0dc00a3a2bb4,2026-06-11T12:45:00Z,2026-06-11T14:45:00+0200,2691.98,MW,FR,FR,actual_onshore_wind_generation,Wind Onshore,2026-06-20T01:54:57Z
2026-06-20T01:54:12Z,2026-06-20T03:54:12+0200,c30b8332-6a35-45c7-931f-0dc00a3a2bb4,2026-06-11T13:00:00Z,2026-06-11T15:00:00+0200,2727.33,MW,FR,FR,actual_onshore_wind_generation,Wind Onshore,2026-06-20T01:54:57Z
2026-06-20T01:54:12Z,2026-06-20T03:54:12+0200,c30b8332-6a35-45c7-931f-0dc00a3a2bb4,2026-06-11T13:15:00Z,2026-06-11T15:15:00+0200,2609.13,MW,FR,FR,actual_onshore_wind_generation,Wind Onshore,2026-06-20T01:54:57Z
2026-06-20T01:54:12Z,2026-06-20T03:54:12+0200,c30b8332-6a35-45c7-931f-0dc00a3a2bb4,2026-06-11T13:30:00Z,2026-06-11T15:30:00+0200,2639.46,MW,FR,FR,actual_onshore_wind_generation,Wind Onshore,2026-06-20T01:54:57Z
2026-06-20T01:54:12Z,2026-06-20T03:54:12+0200,c30b8332-6a35-45c7-931f-0dc00a3a2bb4,2026-06-11T13:45:00Z,2026-06-11T15:45:00+0200,2674.71,MW,FR,FR,actual_onshore_wind_generation,Wind Onshore,2026-06-20T01:54:57Z
2026-06-20T01:54:12Z,2026-06-20T03:54:12+0200,c30b8332-6a35-45c7-931f-0dc00a3a2bb4,2026-06-11T14:00:00Z,2026-06-11T16:00:00+0200,2733.49,MW,FR,FR,actual_onshore_wind_generation,Wind Onshore,2026-06-20T01:54:57Z
2026-06-20T01:54:12Z,2026-06-20T03:54:12+0200,c30b8332-6a35-45c7-931f-0dc00a3a2bb4,2026-06-11T14:15:00Z,2026-06-11T16:15:00+0200,2878.31,MW,FR,FR,actual_onshore_wind_generation,Wind Onshore,2026-06-20T01:54:57Z
2026-06-20T01:54:12Z,2026-06-20T03:54:12+0200,c30b8332-6a35-45c7-931f-0dc00a3a2bb4,2026-06-11T14:30:00Z,2026-06-11T16:30:00+0200,2884.44,MW,FR,FR,actual_onshore_wind_generation,Wind Onshore,2026-06-20T01:54:57Z
2026-06-20T01:54:12Z,2026-06-20T03:54:12+0200,c30b8332-6a35-45c7-931f-0dc00a3a2bb4,2026-06-11T14:45:00Z,2026-06-11T16:45:00+0200,3007.84,MW,FR,FR,actual_onshore_wind_generation,Wind Onshore,2026-06-20T01:54:57Z
2026-06-20T01:54:12Z,2026-06-20T03:54:12+0200,c30b8332-6a35-45c7-931f-0dc00a3a2bb4,2026-06-11T15:00:00Z,2026-06-11T17:00:00+0200,4649.55,MW,FR,FR,actual_onshore_wind_generation,Wind Onshore,2026-06-20T01:54:57Z
2026-06-20T01:54:12Z,2026-06-20T03:54:12+0200,c30b8332-6a35-45c7-931f-0dc00a3a2bb4,2026-06-11T15:15:00Z,2026-06-11T17:15:00+0200,6191.14,MW,FR,FR,actual_onshore_wind_generation,Wind Onshore,2026-06-20T01:54:57Z
2026-06-20T01:54:12Z,2026-06-20T03:54:12+0200,c30b8332-6a35-45c7-931f-0dc00a3a2bb4,2026-06-11T15:30:00Z,2026-06-11T17:30:00+0200,6415.03,MW,FR,FR,actual_onshore_wind_generation,Wind Onshore,2026-06-20T01:54:57Z
2026-06-20T01:54:12Z,2026-06-20T03:54:12+0200,c30b8332-6a35-45c7-931f-0dc00a3a2bb4,2026-06-11T15:45:00Z,2026-06-11T17:45:00+0200,6406.42,MW,FR,FR,actual_onshore_wind_generation,Wind Onshore,2026-06-20T01:54:57Z
2026-06-20T01:54:12Z,2026-06-20T03:54:12+0200,c30b8332-6a35-45c7-931f-0dc00a3a2bb4,2026-06-11T16:00:00Z,2026-06-11T18:00:00+0200,6044.83,MW,FR,FR,actual_onshore_wind_generation,Wind Onshore,2026-06-20T01:54:57Z
2026-06-20T01:54:12Z,2026-06-20T03:54:12+0200,c30b8332-6a35-45c7-931f-0dc00a3a2bb4,2026-06-11T16:15:00Z,2026-06-11T18:15:00+0200,6034.03,MW,FR,FR,actual_onshore_wind_generation,Wind Onshore,2026-06-20T01:54:57Z
2026-06-20T01:54:12Z,2026-06-20T03:54:12+0200,c30b8332-6a35-45c7-931f-0dc00a3a2bb4,2026-06-11T16:30:00Z,2026-06-11T18:30:00+0200,6243.56,MW,FR,FR,actual_onshore_wind_generation,Wind Onshore,2026-06-20T01:54:57Z
2026-06-20T01:54:12Z,2026-06-20T03:54:12+0200,c30b8332-6a35-45c7-931f-0dc00a3a2bb4,2026-06-11T16:45:00Z,2026-06-11T18:45:00+0200,6850.75,MW,FR,FR,actual_onshore_wind_generation,Wind Onshore,2026-06-20T01:54:57Z
2026-06-20T01:54:12Z,2026-06-20T03:54:12+0200,c30b8332-6a35-45c7-931f-0dc00a3a2bb4,2026-06-11T17:00:00Z,2026-06-11T19:00:00+0200,7233.46,MW,FR,FR,actual_onshore_wind_generation,Wind Onshore,2026-06-20T01:54:57Z
2026-06-20T01:54:12Z,2026-06-20T03:54:12+0200,c30b8332-6a35-45c7-931f-0dc00a3a2bb4,2026-06-11T17:15:00Z,2026-06-11T19:15:00+0200,7252.5,MW,FR,FR,actual_onshore_wind_generation,Wind Onshore,2026-06-20T01:54:57Z
2026-06-20T01:54:12Z,2026-06-20T03:54:12+0200,c30b8332-6a35-45c7-931f-0dc00a3a2bb4,2026-06-11T17:30:00Z,2026-06-11T19:30:00+0200,7337.63,MW,FR,FR,actual_onshore_wind_generation,Wind Onshore,2026-06-20T01:54:57Z
2026-06-20T01:54:12Z,2026-06-20T03:54:12+0200,c30b8332-6a35-45c7-931f-0dc00a3a2bb4,2026-06-11T17:45:00Z,2026-06-11T19:45:00+0200,7437.85,MW,FR,FR,actual_onshore_wind_generation,Wind Onshore,2026-06-20T01:54:57Z
2026-06-20T01:54:12Z,2026-06-20T03:54:12+0200,c30b8332-6a35-45c7-931f-0dc00a3a2bb4,2026-06-11T18:00:00Z,2026-06-11T20:00:00+0200,7406.6,MW,FR,FR,actual_onshore_wind_generation,Wind Onshore,2026-06-20T01:54:57Z
2026-06-20T01:54:12Z,2026-06-20T03:54:12+0200,c30b8332-6a35-45c7-931f-0dc00a3a2bb4,2026-06-11T18:15:00Z,2026-06-11T20:15:00+0200,7333.21,MW,FR,FR,actual_onshore_wind_generation,Wind Onshore,2026-06-20T01:54:57Z
2026-06-20T01:54:12Z,2026-06-20T03:54:12+0200,c30b8332-6a35-45c7-931f-0dc00a3a2bb4,2026-06-11T18:30:00Z,2026-06-11T20:30:00+0200,7254.39,MW,FR,FR,actual_onshore_wind_generation,Wind Onshore,2026-06-20T01:54:57Z
2026-06-20T01:54:12Z,2026-06-20T03:54:12+0200,c30b8332-6a35-45c7-931f-0dc00a3a2bb4,2026-06-11T18:45:00Z,2026-06-11T20:45:00+0200,7326.69,MW,FR,FR,actual_onshore_wind_generation,Wind Onshore,2026-06-20T01:54:57Z
2026-06-20T01:54:12Z,2026-06-20T03:54:12+0200,c30b8332-6a35-45c7-931f-0dc00a3a2bb4,2026-06-11T19:00:00Z,2026-06-11T21:00:00+0200,7534.1,MW,FR,FR,actual_onshore_wind_generation,Wind Onshore,2026-06-20T01:54:57Z
2026-06-20T01:54:12Z,2026-06-20T03:54:12+0200,c30b8332-6a35-45c7-931f-0dc00a3a2bb4,2026-06-11T19:15:00Z,2026-06-11T21:15:00+0200,7629.07,MW,FR,FR,actual_onshore_wind_generation,Wind Onshore,2026-06-20T01:54:57Z
2026-06-20T01:54:12Z,2026-06-20T03:54:12+0200,c30b8332-6a35-45c7-931f-0dc00a3a2bb4,2026-06-11T19:30:00Z,2026-06-11T21:30:00+0200,7733.47,MW,FR,FR,actual_onshore_wind_generation,Wind Onshore,2026-06-20T01:54:57Z
2026-06-20T01:54:12Z,2026-06-20T03:54:12+0200,c30b8332-6a35-45c7-931f-0dc00a3a2bb4,2026-06-11T19:45:00Z,2026-06-11T21:45:00+0200,7729.72,MW,FR,FR,actual_onshore_wind_generation,Wind Onshore,2026-06-20T01:54:57Z
2026-06-20T01:54:12Z,2026-06-20T03:54:12+0200,c30b8332-6a35-45c7-931f-0dc00a3a2bb4,2026-06-11T20:00:00Z,2026-06-11T22:00:00+0200,7573.65,MW,FR,FR,actual_onshore_wind_generation,Wind Onshore,2026-06-20T01:54:57Z
2026-06-20T01:54:12Z,2026-06-20T03:54:12+0200,c30b8332-6a35-45c7-931f-0dc00a3a2bb4,2026-06-11T20:15:00Z,2026-06-11T22:15:00+0200,7577.56,MW,FR,FR,actual_onshore_wind_generation,Wind Onshore,2026-06-20T01:54:57Z
2026-06-20T01:54:12Z,2026-06-20T03:54:12+0200,c30b8332-6a35-45c7-931f-0dc00a3a2bb4,2026-06-11T20:30:00Z,2026-06-11T22:30:00+0200,7705.45,MW,FR,FR,actual_onshore_wind_generation,Wind Onshore,2026-06-20T01:54:57Z
2026-06-20T01:54:12Z,2026-06-20T03:54:12+0200,c30b8332-6a35-45c7-931f-0dc00a3a2bb4,2026-06-11T20:45:00Z,2026-06-11T22:45:00+0200,8016.21,MW,FR,FR,actual_onshore_wind_generation,Wind Onshore,2026-06-20T01:54:57Z
2026-06-20T01:54:12Z,2026-06-20T03:54:12+0200,c30b8332-6a35-45c7-931f-0dc00a3a2bb4,2026-06-11T21:00:00Z,2026-06-11T23:00:00+0200,8265.94,MW,FR,FR,actual_onshore_wind_generation,Wind Onshore,2026-06-20T01:54:57Z
2026-06-20T01:54:12Z,2026-06-20T03:54:12+0200,c30b8332-6a35-45c7-931f-0dc00a3a2bb4,2026-06-11T21:15:00Z,2026-06-11T23:15:00+0200,8477.92,MW,FR,FR,actual_onshore_wind_generation,Wind Onshore,2026-06-20T01:54:57Z
2026-06-20T01:54:12Z,2026-06-20T03:54:12+0200,c30b8332-6a35-45c7-931f-0dc00a3a2bb4,2026-06-11T21:30:00Z,2026-06-11T23:30:00+0200,8637.79,MW,FR,FR,actual_onshore_wind_generation,Wind Onshore,2026-06-20T01:54:57Z
2026-06-20T01:54:12Z,2026-06-20T03:54:12+0200,c30b8332-6a35-45c7-931f-0dc00a3a2bb4,2026-06-11T21:45:00Z,2026-06-11T23:45:00+0200,8817.46,MW,FR,FR,actual_onshore_wind_generation,Wind Onshore,2026-06-20T01:54:57Z
2026-06-20T01:54:12Z,2026-06-20T03:54:12+0200,c30b8332-6a35-45c7-931f-0dc00a3a2bb4,2026-06-11T22:00:00Z,2026-06-12T00:00:00+0200,8935.37,MW,FR,FR,actual_onshore_wind_generation,Wind Onshore,2026-06-20T01:54:57Z
2026-06-20T01:54:12Z,2026-06-20T03:54:12+0200,c30b8332-6a35-45c7-931f-0dc00a3a2bb4,2026-06-11T22:15:00Z,2026-06-12T00:15:00+0200,9151.53,MW,FR,FR,actual_onshore_wind_generation,Wind Onshore,2026-06-20T01:54:57Z
2026-06-20T01:54:12Z,2026-06-20T03:54:12+0200,c30b8332-6a35-45c7-931f-0dc00a3a2bb4,2026-06-11T22:30:00Z,2026-06-12T00:30:00+0200,9271.77,MW,FR,FR,actual_onshore_wind_generation,Wind Onshore,2026-06-20T01:54:57Z
2026-06-20T01:54:12Z,2026-06-20T03:54:12+0200,c30b8332-6a35-45c7-931f-0dc00a3a2bb4,2026-06-11T22:45:00Z,2026-06-12T00:45:00+0200,9399.78,MW,FR,FR,actual_onshore_wind_generation,Wind Onshore,2026-06-20T01:54:57Z
2026-06-20T01:54:12Z,2026-06-20T03:54:12+0200,c30b8332-6a35-45c7-931f-0dc00a3a2bb4,2026-06-11T23:00:00Z,2026-06-12T01:00:00+0200,9501.41,MW,FR,FR,actual_onshore_wind_generation,Wind Onshore,2026-06-20T01:54:57Z
2026-06-20T01:54:12Z,2026-06-20T03:54:12+0200,c30b8332-6a35-45c7-931f-0dc00a3a2bb4,2026-06-11T23:15:00Z,2026-06-12T01:15:00+0200,9627.95,MW,FR,FR,actual_onshore_wind_generation,Wind Onshore,2026-06-20T01:54:57Z
2026-06-20T01:54:12Z,2026-06-20T03:54:12+0200,c30b8332-6a35-45c7-931f-0dc00a3a2bb4,2026-06-11T23:30:00Z,2026-06-12T01:30:00+0200,9522.96,MW,FR,FR,actual_onshore_wind_generation,Wind Onshore,2026-06-20T01:54:57Z
2026-06-20T01:54:12Z,2026-06-20T03:54:12+0200,c30b8332-6a35-45c7-931f-0dc00a3a2bb4,2026-06-11T23:45:00Z,2026-06-12T01:45:00+0200,9524.85,MW,FR,FR,actual_onshore_wind_generation,Wind Onshore,2026-06-20T01:54:57Z
2026-06-20T01:54:12Z,2026-06-20T03:54:12+0200,c30b8332-6a35-45c7-931f-0dc00a3a2bb4,2026-06-12T00:00:00Z,2026-06-12T02:00:00+0200,9468.41,MW,FR,FR,actual_onshore_wind_generation,Wind Onshore,2026-06-20T01:54:57Z
2026-06-20T01:54:12Z,2026-06-20T03:54:12+0200,c30b8332-6a35-45c7-931f-0dc00a3a2bb4,2026-06-12T00:15:00Z,2026-06-12T02:15:00+0200,9477.58,MW,FR,FR,actual_onshore_wind_generation,Wind Onshore,2026-06-20T01:54:57Z
2026-06-20T01:54:12Z,2026-06-20T03:54:12+0200,c30b8332-6a35-45c7-931f-0dc00a3a2bb4,2026-06-12T00:30:00Z,2026-06-12T02:30:00+0200,9404.85,MW,FR,FR,actual_onshore_wind_generation,Wind Onshore,2026-06-20T01:54:57Z
2026-06-20T01:54:12Z,2026-06-20T03:54:12+0200,c30b8332-6a35-45c7-931f-0dc00a3a2bb4,2026-06-12T00:45:00Z,2026-06-12T02:45:00+0200,9377.37,MW,FR,FR,actual_onshore_wind_generation,Wind Onshore,2026-06-20T01:54:57Z
2026-06-20T01:54:12Z,2026-06-20T03:54:12+0200,c30b8332-6a35-45c7-931f-0dc00a3a2bb4,2026-06-12T01:00:00Z,2026-06-12T03:00:00+0200,9411.83,MW,FR,FR,actual_onshore_wind_generation,Wind Onshore,2026-06-20T01:54:57Z
2026-06-20T01:54:12Z,2026-06-20T03:54:12+0200,c30b8332-6a35-45c7-931f-0dc00a3a2bb4,2026-06-12T01:15:00Z,2026-06-12T03:15:00+0200,9425.92,MW,FR,FR,actual_onshore_wind_generation,Wind Onshore,2026-06-20T01:54:57Z
2026-06-20T01:54:12Z,2026-06-20T03:54:12+0200,c30b8332-6a35-45c7-931f-0dc00a3a2bb4,2026-06-12T01:30:00Z,2026-06-12T03:30:00+0200,9317.07,MW,FR,FR,actual_onshore_wind_generation,Wind Onshore,2026-06-20T01:54:57Z
2026-06-20T01:54:12Z,2026-06-20T03:54:12+0200,c30b8332-6a35-45c7-931f-0dc00a3a2bb4,2026-06-12T01:45:00Z,2026-06-12T03:45:00+0200,9160.56,MW,FR,FR,actual_onshore_wind_generation,Wind Onshore,2026-06-20T01:54:57Z
2026-06-20T01:54:12Z,2026-06-20T03:54:12+0200,c30b8332-6a35-45c7-931f-0dc00a3a2bb4,2026-06-12T02:00:00Z,2026-06-12T04:00:00+0200,9086.66,MW,FR,FR,actual_onshore_wind_generation,Wind Onshore,2026-06-20T01:54:57Z
2026-06-20T01:54:12Z,2026-06-20T03:54:12+0200,c30b8332-6a35-45c7-931f-0dc00a3a2bb4,2026-06-12T02:15:00Z,2026-06-12T04:15:00+0200,8998.27,MW,FR,FR,actual_onshore_wind_generation,Wind Onshore,2026-06-20T01:54:57Z
2026-06-20T01:54:12Z,2026-06-20T03:54:12+0200,c30b8332-6a35-45c7-931f-0dc00a3a2bb4,2026-06-12T02:30:00Z,2026-06-12T04:30:00+0200,8896.47,MW,FR,FR,actual_onshore_wind_generation,Wind Onshore,2026-06-20T01:54:57Z
2026-06-20T01:54:12Z,2026-06-20T03:54:12+0200,c30b8332-6a35-45c7-931f-0dc00a3a2bb4,2026-06-12T02:45:00Z,2026-06-12T04:45:00+0200,8807.56,MW,FR,FR,actual_onshore_wind_generation,Wind Onshore,2026-06-20T01:54:57Z
2026-06-20T01:54:12Z,2026-06-20T03:54:12+0200,c30b8332-6a35-45c7-931f-0dc00a3a2bb4,2026-06-12T03:00:00Z,2026-06-12T05:00:00+0200,8739.31,MW,FR,FR,actual_onshore_wind_generation,Wind Onshore,2026-06-20T01:54:57Z
2026-06-20T01:54:12Z,2026-06-20T03:54:12+0200,c30b8332-6a35-45c7-931f-0dc00a3a2bb4,2026-06-12T03:15:00Z,2026-06-12T05:15:00+0200,8709.71,MW,FR,FR,actual_onshore_wind_generation,Wind Onshore,2026-06-20T01:54:57Z
2026-06-20T01:54:12Z,2026-06-20T03:54:12+0200,c30b8332-6a35-45c7-931f-0dc00a3a2bb4,2026-06-12T03:30:00Z,2026-06-12T05:30:00+0200,8653.39,MW,FR,FR,actual_onshore_wind_generation,Wind Onshore,2026-06-20T01:54:57Z
2026-06-20T01:54:12Z,2026-06-20T03:54:12+0200,c30b8332-6a35-45c7-931f-0dc00a3a2bb4,2026-06-12T03:45:00Z,2026-06-12T05:45:00+0200,8556.62,MW,FR,FR,actual_onshore_wind_generation,Wind Onshore,2026-06-20T01:54:57Z
2026-06-20T01:54:12Z,2026-06-20T03:54:12+0200,c30b8332-6a35-45c7-931f-0dc00a3a2bb4,2026-06-12T04:00:00Z,2026-06-12T06:00:00+0200,8516.92,MW,FR,FR,actual_onshore_wind_generation,Wind Onshore,2026-06-20T01:54:57Z
2026-06-20T01:54:12Z,2026-06-20T03:54:12+0200,c30b8332-6a35-45c7-931f-0dc00a3a2bb4,2026-06-12T04:15:00Z,2026-06-12T06:15:00+0200,8513.77,MW,FR,FR,actual_onshore_wind_generation,Wind Onshore,2026-06-20T01:54:57Z
2026-06-20T01:54:12Z,2026-06-20T03:54:12+0200,c30b8332-6a35-45c7-931f-0dc00a3a2bb4,2026-06-12T04:30:00Z,2026-06-12T06:30:00+0200,8491.26,MW,FR,FR,actual_onshore_wind_generation,Wind Onshore,2026-06-20T01:54:57Z
2026-06-20T01:54:12Z,2026-06-20T03:54:12+0200,c30b8332-6a35-45c7-931f-0dc00a3a2bb4,2026-06-12T04:45:00Z,2026-06-12T06:45:00+0200,8276.17,MW,FR,FR,actual_onshore_wind_generation,Wind Onshore,2026-06-20T01:54:57Z
2026-06-20T01:54:12Z,2026-06-20T03:54:12+0200,c30b8332-6a35-45c7-931f-0dc00a3a2bb4,2026-06-12T05:00:00Z,2026-06-12T07:00:00+0200,8338.91,MW,FR,FR,actual_onshore_wind_generation,Wind Onshore,2026-06-20T01:54:57Z
2026-06-20T01:54:12Z,2026-06-20T03:54:12+0200,c30b8332-6a35-45c7-931f-0dc00a3a2bb4,2026-06-12T05:15:00Z,2026-06-12T07:15:00+0200,8368.03,MW,FR,FR,actual_onshore_wind_generation,Wind Onshore,2026-06-20T01:54:57Z
2026-06-20T01:54:12Z,2026-06-20T03:54:12+0200,c30b8332-6a35-45c7-931f-0dc00a3a2bb4,2026-06-12T05:30:00Z,2026-06-12T07:30:00+0200,8296.42,MW,FR,FR,actual_onshore_wind_generation,Wind Onshore,2026-06-20T01:54:57Z
2026-06-20T01:54:12Z,2026-06-20T03:54:12+0200,c30b8332-6a35-45c7-931f-0dc00a3a2bb4,2026-06-12T05:45:00Z,2026-06-12T07:45:00+0200,8368.87,MW,FR,FR,actual_onshore_wind_generation,Wind Onshore,2026-06-20T01:54:57Z
2026-06-20T01:54:12Z,2026-06-20T03:54:12+0200,c30b8332-6a35-45c7-931f-0dc00a3a2bb4,2026-06-12T06:00:00Z,2026-06-12T08:00:00+0200,8375.24,MW,FR,FR,actual_onshore_wind_generation,Wind Onshore,2026-06-20T01:54:57Z
2026-06-20T01:54:12Z,2026-06-20T03:54:12+0200,c30b8332-6a35-45c7-931f-0dc00a3a2bb4,2026-06-12T06:15:00Z,2026-06-12T08:15:00+0200,8297.8,MW,FR,FR,actual_onshore_wind_generation,Wind Onshore,2026-06-20T01:54:57Z
2026-06-20T01:54:12Z,2026-06-20T03:54:12+0200,c30b8332-6a35-45c7-931f-0dc00a3a2bb4,2026-06-12T06:30:00Z,2026-06-12T08:30:00+0200,8351.84,MW,FR,FR,actual_onshore_wind_generation,Wind Onshore,2026-06-20T01:54:57Z
2026-06-20T01:54:12Z,2026-06-20T03:54:12+0200,c30b8332-6a35-45c7-931f-0dc00a3a2bb4,2026-06-12T06:45:00Z,2026-06-12T08:45:00+0200,8337.59,MW,FR,FR,actual_onshore_wind_generation,Wind Onshore,2026-06-20T01:54:57Z
2026-06-20T01:54:12Z,2026-06-20T03:54:12+0200,c30b8332-6a35-45c7-931f-0dc00a3a2bb4,2026-06-12T07:00:00Z,2026-06-12T09:00:00+0200,8205.9,MW,FR,FR,actual_onshore_wind_generation,Wind Onshore,2026-06-20T01:54:57Z
2026-06-20T01:54:12Z,2026-06-20T03:54:12+0200,c30b8332-6a35-45c7-931f-0dc00a3a2bb4,2026-06-12T07:15:00Z,2026-06-12T09:15:00+0200,8119.57,MW,FR,FR,actual_onshore_wind_generation,Wind Onshore,2026-06-20T01:54:57Z
2026-06-20T01:54:12Z,2026-06-20T03:54:12+0200,c30b8332-6a35-45c7-931f-0dc00a3a2bb4,2026-06-12T07:30:00Z,2026-06-12T09:30:00+0200,7587.35,MW,FR,FR,actual_onshore_wind_generation,Wind Onshore,2026-06-20T01:54:57Z
2026-06-20T01:54:12Z,2026-06-20T03:54:12+0200,c30b8332-6a35-45c7-931f-0dc00a3a2bb4,2026-06-12T07:45:00Z,2026-06-12T09:45:00+0200,5888.68,MW,FR,FR,actual_onshore_wind_generation,Wind Onshore,2026-06-20T01:54:57Z
2026-06-20T01:54:12Z,2026-06-20T03:54:12+0200,c30b8332-6a35-45c7-931f-0dc00a3a2bb4,2026-06-12T08:00:00Z,2026-06-12T10:00:00+0200,6769.89,MW,FR,FR,actual_onshore_wind_generation,Wind Onshore,2026-06-20T01:54:57Z
2026-06-20T01:54:12Z,2026-06-20T03:54:12+0200,c30b8332-6a35-45c7-931f-0dc00a3a2bb4,2026-06-12T08:15:00Z,2026-06-12T10:15:00+0200,6983.88,MW,FR,FR,actual_onshore_wind_generation,Wind Onshore,2026-06-20T01:54:57Z
2026-06-20T01:54:12Z,2026-06-20T03:54:12+0200,c30b8332-6a35-45c7-931f-0dc00a3a2bb4,2026-06-12T08:30:00Z,2026-06-12T10:30:00+0200,5314.33,MW,FR,FR,actual_onshore_wind_generation,Wind Onshore,2026-06-20T01:54:57Z
2026-06-20T01:54:12Z,2026-06-20T03:54:12+0200,c30b8332-6a35-45c7-931f-0dc00a3a2bb4,2026-06-12T08:45:00Z,2026-06-12T10:45:00+0200,4997.63,MW,FR,FR,actual_onshore_wind_generation,Wind Onshore,2026-06-20T01:54:57Z
2026-06-20T01:54:12Z,2026-06-20T03:54:12+0200,c30b8332-6a35-45c7-931f-0dc00a3a2bb4,2026-06-12T09:00:00Z,2026-06-12T11:00:00+0200,4982.69,MW,FR,FR,actual_onshore_wind_generation,Wind Onshore,2026-06-20T01:54:57Z
2026-06-20T01:54:12Z,2026-06-20T03:54:12+0200,c30b8332-6a35-45c7-931f-0dc00a3a2bb4,2026-06-12T09:15:00Z,2026-06-12T11:15:00+0200,4930.88,MW,FR,FR,actual_onshore_wind_generation,Wind Onshore,2026-06-20T01:54:57Z
2026-06-20T01:54:12Z,2026-06-20T03:54:12+0200,c30b8332-6a35-45c7-931f-0dc00a3a2bb4,2026-06-12T09:30:00Z,2026-06-12T11:30:00+0200,5130.9,MW,FR,FR,actual_onshore_wind_generation,Wind Onshore,2026-06-20T01:54:57Z
2026-06-20T01:54:12Z,2026-06-20T03:54:12+0200,c30b8332-6a35-45c7-931f-0dc00a3a2bb4,2026-06-12T09:45:00Z,2026-06-12T11:45:00+0200,5109.54,MW,FR,FR,actual_onshore_wind_generation,Wind Onshore,2026-06-20T01:54:57Z
2026-06-20T01:54:12Z,2026-06-20T03:54:12+0200,c30b8332-6a35-45c7-931f-0dc00a3a2bb4,2026-06-12T10:00:00Z,2026-06-12T12:00:00+0200,5248.03,MW,FR,FR,actual_onshore_wind_generation,Wind Onshore,2026-06-20T01:54:57Z
2026-06-20T01:54:12Z,2026-06-20T03:54:12+0200,c30b8332-6a35-45c7-931f-0dc00a3a2bb4,2026-06-12T10:15:00Z,2026-06-12T12:15:00+0200,5232.98,MW,FR,FR,actual_onshore_wind_generation,Wind Onshore,2026-06-20T01:54:57Z
2026-06-20T01:54:12Z,2026-06-20T03:54:12+0200,c30b8332-6a35-45c7-931f-0dc00a3a2bb4,2026-06-12T10:30:00Z,2026-06-12T12:30:00+0200,5192.1,MW,FR,FR,actual_onshore_wind_generation,Wind Onshore,2026-06-20T01:54:57Z
2026-06-20T01:54:12Z,2026-06-20T03:54:12+0200,c30b8332-6a35-45c7-931f-0dc00a3a2bb4,2026-06-12T10:45:00Z,2026-06-12T12:45:00+0200,5183.36,MW,FR,FR,actual_onshore_wind_generation,Wind Onshore,2026-06-20T01:54:57Z
2026-06-20T01:54:12Z,2026-06-20T03:54:12+0200,c30b8332-6a35-45c7-931f-0dc00a3a2bb4,2026-06-12T11:00:00Z,2026-06-12T13:00:00+0200,5015.05,MW,FR,FR,actual_onshore_wind_generation,Wind Onshore,2026-06-20T01:54:57Z
2026-06-20T01:54:12Z,2026-06-20T03:54:12+0200,c30b8332-6a35-45c7-931f-0dc00a3a2bb4,2026-06-12T11:15:00Z,2026-06-12T13:15:00+0200,4970.35,MW,FR,FR,actual_onshore_wind_generation,Wind Onshore,2026-06-20T01:54:57Z
2026-06-20T01:54:12Z,2026-06-20T03:54:12+0200,c30b8332-6a35-45c7-931f-0dc00a3a2bb4,2026-06-12T11:30:00Z,2026-06-12T13:30:00+0200,4980.9,MW,FR,FR,actual_onshore_wind_generation,Wind Onshore,2026-06-20T01:54:57Z
2026-06-20T01:54:12Z,2026-06-20T03:54:12+0200,c30b8332-6a35-45c7-931f-0dc00a3a2bb4,2026-06-12T11:45:00Z,2026-06-12T13:45:00+0200,4890.35,MW,FR,FR,actual_onshore_wind_generation,Wind Onshore,2026-06-20T01:54:57Z
2026-06-20T01:54:12Z,2026-06-20T03:54:12+0200,c30b8332-6a35-45c7-931f-0dc00a3a2bb4,2026-06-12T12:00:00Z,2026-06-12T14:00:00+0200,4870.33,MW,FR,FR,actual_onshore_wind_generation,Wind Onshore,2026-06-20T01:54:57Z
2026-06-20T01:54:12Z,2026-06-20T03:54:12+0200,c30b8332-6a35-45c7-931f-0dc00a3a2bb4,2026-06-12T12:15:00Z,2026-06-12T14:15:00+0200,4885.77,MW,FR,FR,actual_onshore_wind_generation,Wind Onshore,2026-06-20T01:54:57Z
2026-06-20T01:54:12Z,2026-06-20T03:54:12+0200,c30b8332-6a35-45c7-931f-0dc00a3a2bb4,2026-06-12T12:30:00Z,2026-06-12T14:30:00+0200,4844.19,MW,FR,FR,actual_onshore_wind_generation,Wind Onshore,2026-06-20T01:54:57Z
2026-06-20T01:54:12Z,2026-06-20T03:54:12+0200,c30b8332-6a35-45c7-931f-0dc00a3a2bb4,2026-06-12T12:45:00Z,2026-06-12T14:45:00+0200,4802.74,MW,FR,FR,actual_onshore_wind_generation,Wind Onshore,2026-06-20T01:54:57Z
2026-06-20T01:54:12Z,2026-06-20T03:54:12+0200,c30b8332-6a35-45c7-931f-0dc00a3a2bb4,2026-06-12T13:00:00Z,2026-06-12T15:00:00+0200,4746.46,MW,FR,FR,actual_onshore_wind_generation,Wind Onshore,2026-06-20T01:54:57Z
2026-06-20T01:54:12Z,2026-06-20T03:54:12+0200,c30b8332-6a35-45c7-931f-0dc00a3a2bb4,2026-06-12T13:15:00Z,2026-06-12T15:15:00+0200,4702.91,MW,FR,FR,actual_onshore_wind_generation,Wind Onshore,2026-06-20T01:54:57Z
2026-06-20T01:54:12Z,2026-06-20T03:54:12+0200,c30b8332-6a35-45c7-931f-0dc00a3a2bb4,2026-06-12T13:30:00Z,2026-06-12T15:30:00+0200,4618.03,MW,FR,FR,actual_onshore_wind_generation,Wind Onshore,2026-06-20T01:54:57Z
2026-06-20T01:54:12Z,2026-06-20T03:54:12+0200,c30b8332-6a35-45c7-931f-0dc00a3a2bb4,2026-06-12T13:45:00Z,2026-06-12T15:45:00+0200,4502.42,MW,FR,FR,actual_onshore_wind_generation,Wind Onshore,2026-06-20T01:54:57Z
2026-06-20T01:54:12Z,2026-06-20T03:54:12+0200,c30b8332-6a35-45c7-931f-0dc00a3a2bb4,2026-06-12T14:00:00Z,2026-06-12T16:00:00+0200,4275.99,MW,FR,FR,actual_onshore_wind_generation,Wind Onshore,2026-06-20T01:54:57Z
2026-06-20T01:54:12Z,2026-06-20T03:54:12+0200,c30b8332-6a35-45c7-931f-0dc00a3a2bb4,2026-06-12T14:15:00Z,2026-06-12T16:15:00+0200,4174.53,MW,FR,FR,actual_onshore_wind_generation,Wind Onshore,2026-06-20T01:54:57Z
2026-06-20T01:54:12Z,2026-06-20T03:54:12+0200,c30b8332-6a35-45c7-931f-0dc00a3a2bb4,2026-06-12T14:30:00Z,2026-06-12T16:30:00+0200,4419.68,MW,FR,FR,actual_onshore_wind_generation,Wind Onshore,2026-06-20T01:54:57Z
2026-06-20T01:54:12Z,2026-06-20T03:54:12+0200,c30b8332-6a35-45c7-931f-0dc00a3a2bb4,2026-06-12T14:45:00Z,2026-06-12T16:45:00+0200,4550.23,MW,FR,FR,actual_onshore_wind_generation,Wind Onshore,2026-06-20T01:54:57Z
2026-06-20T01:54:12Z,2026-06-20T03:54:12+0200,c30b8332-6a35-45c7-931f-0dc00a3a2bb4,2026-06-12T15:00:00Z,2026-06-12T17:00:00+0200,4568.6,MW,FR,FR,actual_onshore_wind_generation,Wind Onshore,2026-06-20T01:54:57Z
2026-06-20T01:54:12Z,2026-06-20T03:54:12+0200,c30b8332-6a35-45c7-931f-0dc00a3a2bb4,2026-06-12T15:15:00Z,2026-06-12T17:15:00+0200,4561.13,MW,FR,FR,actual_onshore_wind_generation,Wind Onshore,2026-06-20T01:54:57Z
2026-06-20T01:54:12Z,2026-06-20T03:54:12+0200,c30b8332-6a35-45c7-931f-0dc00a3a2bb4,2026-06-12T15:30:00Z,2026-06-12T17:30:00+0200,5921.68,MW,FR,FR,actual_onshore_wind_generation,Wind Onshore,2026-06-20T01:54:57Z
2026-06-20T01:54:12Z,2026-06-20T03:54:12+0200,c30b8332-6a35-45c7-931f-0dc00a3a2bb4,2026-06-12T15:45:00Z,2026-06-12T17:45:00+0200,6841.06,MW,FR,FR,actual_onshore_wind_generation,Wind Onshore,2026-06-20T01:54:57Z
2026-06-20T01:54:12Z,2026-06-20T03:54:12+0200,c30b8332-6a35-45c7-931f-0dc00a3a2bb4,2026-06-12T16:00:00Z,2026-06-12T18:00:00+0200,6933.98,MW,FR,FR,actual_onshore_wind_generation,Wind Onshore,2026-06-20T01:54:57Z
2026-06-20T01:54:12Z,2026-06-20T03:54:12+0200,c30b8332-6a35-45c7-931f-0dc00a3a2bb4,2026-06-12T16:15:00Z,2026-06-12T18:15:00+0200,7147.39,MW,FR,FR,actual_onshore_wind_generation,Wind Onshore,2026-06-20T01:54:57Z
2026-06-20T01:54:12Z,2026-06-20T03:54:12+0200,c30b8332-6a35-45c7-931f-0dc00a3a2bb4,2026-06-12T16:30:00Z,2026-06-12T18:30:00+0200,7209.2,MW,FR,FR,actual_onshore_wind_generation,Wind Onshore,2026-06-20T01:54:57Z
2026-06-20T01:54:12Z,2026-06-20T03:54:12+0200,c30b8332-6a35-45c7-931f-0dc00a3a2bb4,2026-06-12T16:45:00Z,2026-06-12T18:45:00+0200,7128.81,MW,FR,FR,actual_onshore_wind_generation,Wind Onshore,2026-06-20T01:54:57Z
2026-06-20T01:54:12Z,2026-06-20T03:54:12+0200,c30b8332-6a35-45c7-931f-0dc00a3a2bb4,2026-06-12T17:00:00Z,2026-06-12T19:00:00+0200,7041.1,MW,FR,FR,actual_onshore_wind_generation,Wind Onshore,2026-06-20T01:54:57Z
2026-06-20T01:54:12Z,2026-06-20T03:54:12+0200,c30b8332-6a35-45c7-931f-0dc00a3a2bb4,2026-06-12T17:15:00Z,2026-06-12T19:15:00+0200,6908.23,MW,FR,FR,actual_onshore_wind_generation,Wind Onshore,2026-06-20T01:54:57Z
2026-06-20T01:54:12Z,2026-06-20T03:54:12+0200,c30b8332-6a35-45c7-931f-0dc00a3a2bb4,2026-06-12T17:30:00Z,2026-06-12T19:30:00+0200,6751.79,MW,FR,FR,actual_onshore_wind_generation,Wind Onshore,2026-06-20T01:54:57Z
2026-06-20T01:54:12Z,2026-06-20T03:54:12+0200,c30b8332-6a35-45c7-931f-0dc00a3a2bb4,2026-06-12T17:45:00Z,2026-06-12T19:45:00+0200,6709.14,MW,FR,FR,actual_onshore_wind_generation,Wind Onshore,2026-06-20T01:54:57Z
2026-06-20T01:54:12Z,2026-06-20T03:54:12+0200,c30b8332-6a35-45c7-931f-0dc00a3a2bb4,2026-06-12T18:00:00Z,2026-06-12T20:00:00+0200,6685.07,MW,FR,FR,actual_onshore_wind_generation,Wind Onshore,2026-06-20T01:54:57Z
2026-06-20T01:54:12Z,2026-06-20T03:54:12+0200,c30b8332-6a35-45c7-931f-0dc00a3a2bb4,2026-06-12T18:15:00Z,2026-06-12T20:15:00+0200,6569.05,MW,FR,FR,actual_onshore_wind_generation,Wind Onshore,2026-06-20T01:54:57Z
2026-06-20T01:54:12Z,2026-06-20T03:54:12+0200,c30b8332-6a35-45c7-931f-0dc00a3a2bb4,2026-06-12T18:30:00Z,2026-06-12T20:30:00+0200,6412.03,MW,FR,FR,actual_onshore_wind_generation,Wind Onshore,2026-06-20T01:54:57Z
2026-06-20T01:54:12Z,2026-06-20T03:54:12+0200,c30b8332-6a35-45c7-931f-0dc00a3a2bb4,2026-06-12T18:45:00Z,2026-06-12T20:45:00+0200,6205.89,MW,FR,FR,actual_onshore_wind_generation,Wind Onshore,2026-06-20T01:54:57Z
2026-06-20T01:54:12Z,2026-06-20T03:54:12+0200,c30b8332-6a35-45c7-931f-0dc00a3a2bb4,2026-06-12T19:00:00Z,2026-06-12T21:00:00+0200,6186.3,MW,FR,FR,actual_onshore_wind_generation,Wind Onshore,2026-06-20T01:54:57Z
2026-06-20T01:54:12Z,2026-06-20T03:54:12+0200,c30b8332-6a35-45c7-931f-0dc00a3a2bb4,2026-06-12T19:15:00Z,2026-06-12T21:15:00+0200,6124.13,MW,FR,FR,actual_onshore_wind_generation,Wind Onshore,2026-06-20T01:54:57Z
2026-06-20T01:54:12Z,2026-06-20T03:54:12+0200,c30b8332-6a35-45c7-931f-0dc00a3a2bb4,2026-06-12T19:30:00Z,2026-06-12T21:30:00+0200,6117.23,MW,FR,FR,actual_onshore_wind_generation,Wind Onshore,2026-06-20T01:54:57Z
2026-06-20T01:54:12Z,2026-06-20T03:54:12+0200,c30b8332-6a35-45c7-931f-0dc00a3a2bb4,2026-06-12T19:45:00Z,2026-06-12T21:45:00+0200,6234.79,MW,FR,FR,actual_onshore_wind_generation,Wind Onshore,2026-06-20T01:54:57Z
2026-06-20T01:54:12Z,2026-06-20T03:54:12+0200,c30b8332-6a35-45c7-931f-0dc00a3a2bb4,2026-06-12T20:00:00Z,2026-06-12T22:00:00+0200,6240.01,MW,FR,FR,actual_onshore_wind_generation,Wind Onshore,2026-06-20T01:54:57Z
2026-06-20T01:54:12Z,2026-06-20T03:54:12+0200,c30b8332-6a35-45c7-931f-0dc00a3a2bb4,2026-06-12T20:15:00Z,2026-06-12T22:15:00+0200,6375.63,MW,FR,FR,actual_onshore_wind_generation,Wind Onshore,2026-06-20T01:54:57Z
2026-06-20T01:54:12Z,2026-06-20T03:54:12+0200,c30b8332-6a35-45c7-931f-0dc00a3a2bb4,2026-06-12T20:30:00Z,2026-06-12T22:30:00+0200,6521.56,MW,FR,FR,actual_onshore_wind_generation,Wind Onshore,2026-06-20T01:54:57Z
2026-06-20T01:54:12Z,2026-06-20T03:54:12+0200,c30b8332-6a35-45c7-931f-0dc00a3a2bb4,2026-06-12T20:45:00Z,2026-06-12T22:45:00+0200,6688.21,MW,FR,FR,actual_onshore_wind_generation,Wind Onshore,2026-06-20T01:54:57Z
2026-06-20T01:54:12Z,2026-06-20T03:54:12+0200,c30b8332-6a35-45c7-931f-0dc00a3a2bb4,2026-06-12T21:00:00Z,2026-06-12T23:00:00+0200,6836.82,MW,FR,FR,actual_onshore_wind_generation,Wind Onshore,2026-06-20T01:54:57Z
2026-06-20T01:54:12Z,2026-06-20T03:54:12+0200,c30b8332-6a35-45c7-931f-0dc00a3a2bb4,2026-06-12T21:15:00Z,2026-06-12T23:15:00+0200,6893.2,MW,FR,FR,actual_onshore_wind_generation,Wind Onshore,2026-06-20T01:54:57Z
2026-06-20T01:54:12Z,2026-06-20T03:54:12+0200,c30b8332-6a35-45c7-931f-0dc00a3a2bb4,2026-06-12T21:30:00Z,2026-06-12T23:30:00+0200,6945.1,MW,FR,FR,actual_onshore_wind_generation,Wind Onshore,2026-06-20T01:54:57Z
2026-06-20T01:54:12Z,2026-06-20T03:54:12+0200,c30b8332-6a35-45c7-931f-0dc00a3a2bb4,2026-06-12T21:45:00Z,2026-06-12T23:45:00+0200,7043.77,MW,FR,FR,actual_onshore_wind_generation,Wind Onshore,2026-06-20T01:54:57Z
2026-06-20T01:54:12Z,2026-06-20T03:54:12+0200,c30b8332-6a35-45c7-931f-0dc00a3a2bb4,2026-06-12T22:00:00Z,2026-06-13T00:00:00+0200,7111.5,MW,FR,FR,actual_onshore_wind_generation,Wind Onshore,2026-06-20T01:54:57Z
2026-06-20T01:54:12Z,2026-06-20T03:54:12+0200,c30b8332-6a35-45c7-931f-0dc00a3a2bb4,2026-06-12T22:15:00Z,2026-06-13T00:15:00+0200,7078.99,MW,FR,FR,actual_onshore_wind_generation,Wind Onshore,2026-06-20T01:54:57Z
2026-06-20T01:54:12Z,2026-06-20T03:54:12+0200,c30b8332-6a35-45c7-931f-0dc00a3a2bb4,2026-06-12T22:30:00Z,2026-06-13T00:30:00+0200,7060.81,MW,FR,FR,actual_onshore_wind_generation,Wind Onshore,2026-06-20T01:54:57Z
2026-06-20T01:54:12Z,2026-06-20T03:54:12+0200,c30b8332-6a35-45c7-931f-0dc00a3a2bb4,2026-06-12T22:45:00Z,2026-06-13T00:45:00+0200,6967.53,MW,FR,FR,actual_onshore_wind_generation,Wind Onshore,2026-06-20T01:54:57Z
2026-06-20T01:54:12Z,2026-06-20T03:54:12+0200,c30b8332-6a35-45c7-931f-0dc00a3a2bb4,2026-06-12T23:00:00Z,2026-06-13T01:00:00+0200,7094.39,MW,FR,FR,actual_onshore_wind_generation,Wind Onshore,2026-06-20T01:54:57Z
2026-06-20T01:54:12Z,2026-06-20T03:54:12+0200,c30b8332-6a35-45c7-931f-0dc00a3a2bb4,2026-06-12T23:15:00Z,2026-06-13T01:15:00+0200,7120.84,MW,FR,FR,actual_onshore_wind_generation,Wind Onshore,2026-06-20T01:54:57Z
2026-06-20T01:54:12Z,2026-06-20T03:54:12+0200,c30b8332-6a35-45c7-931f-0dc00a3a2bb4,2026-06-12T23:30:00Z,2026-06-13T01:30:00+0200,7071.4,MW,FR,FR,actual_onshore_wind_generation,Wind Onshore,2026-06-20T01:54:57Z
2026-06-20T01:54:12Z,2026-06-20T03:54:12+0200,c30b8332-6a35-45c7-931f-0dc00a3a2bb4,2026-06-12T23:45:00Z,2026-06-13T01:45:00+0200,7125.62,MW,FR,FR,actual_onshore_wind_generation,Wind Onshore,2026-06-20T01:54:57Z
2026-06-20T01:54:12Z,2026-06-20T03:54:12+0200,c30b8332-6a35-45c7-931f-0dc00a3a2bb4,2026-06-13T00:00:00Z,2026-06-13T02:00:00+0200,7044.26,MW,FR,FR,actual_onshore_wind_generation,Wind Onshore,2026-06-20T01:54:57Z
2026-06-20T01:54:12Z,2026-06-20T03:54:12+0200,c30b8332-6a35-45c7-931f-0dc00a3a2bb4,2026-06-13T00:15:00Z,2026-06-13T02:15:00+0200,6943.15,MW,FR,FR,actual_onshore_wind_generation,Wind Onshore,2026-06-20T01:54:57Z
2026-06-20T01:54:12Z,2026-06-20T03:54:12+0200,c30b8332-6a35-45c7-931f-0dc00a3a2bb4,2026-06-13T00:30:00Z,2026-06-13T02:30:00+0200,6785.78,MW,FR,FR,actual_onshore_wind_generation,Wind Onshore,2026-06-20T01:54:57Z
2026-06-20T01:54:12Z,2026-06-20T03:54:12+0200,c30b8332-6a35-45c7-931f-0dc00a3a2bb4,2026-06-13T00:45:00Z,2026-06-13T02:45:00+0200,6760.17,MW,FR,FR,actual_onshore_wind_generation,Wind Onshore,2026-06-20T01:54:57Z
2026-06-20T01:54:12Z,2026-06-20T03:54:12+0200,c30b8332-6a35-45c7-931f-0dc00a3a2bb4,2026-06-13T01:00:00Z,2026-06-13T03:00:00+0200,6807.69,MW,FR,FR,actual_onshore_wind_generation,Wind Onshore,2026-06-20T01:54:57Z
2026-06-20T01:54:12Z,2026-06-20T03:54:12+0200,c30b8332-6a35-45c7-931f-0dc00a3a2bb4,2026-06-13T01:15:00Z,2026-06-13T03:15:00+0200,6728.34,MW,FR,FR,actual_onshore_wind_generation,Wind Onshore,2026-06-20T01:54:57Z
2026-06-20T01:54:12Z,2026-06-20T03:54:12+0200,c30b8332-6a35-45c7-931f-0dc00a3a2bb4,2026-06-13T01:30:00Z,2026-06-13T03:30:00+0200,6636.66,MW,FR,FR,actual_onshore_wind_generation,Wind Onshore,2026-06-20T01:54:57Z
2026-06-20T01:54:12Z,2026-06-20T03:54:12+0200,c30b8332-6a35-45c7-931f-0dc00a3a2bb4,2026-06-13T01:45:00Z,2026-06-13T03:45:00+0200,6535.75,MW,FR,FR,actual_onshore_wind_generation,Wind Onshore,2026-06-20T01:54:57Z
2026-06-20T01:54:12Z,2026-06-20T03:54:12+0200,c30b8332-6a35-45c7-931f-0dc00a3a2bb4,2026-06-13T02:00:00Z,2026-06-13T04:00:00+0200,6295.85,MW,FR,FR,actual_onshore_wind_generation,Wind Onshore,2026-06-20T01:54:57Z
2026-06-20T01:54:12Z,2026-06-20T03:54:12+0200,c30b8332-6a35-45c7-931f-0dc00a3a2bb4,2026-06-13T02:15:00Z,2026-06-13T04:15:00+0200,5987.81,MW,FR,FR,actual_onshore_wind_generation,Wind Onshore,2026-06-20T01:54:57Z
2026-06-20T01:54:12Z,2026-06-20T03:54:12+0200,c30b8332-6a35-45c7-931f-0dc00a3a2bb4,2026-06-13T02:30:00Z,2026-06-13T04:30:00+0200,5880.44,MW,FR,FR,actual_onshore_wind_generation,Wind Onshore,2026-06-20T01:54:57Z
2026-06-20T01:54:12Z,2026-06-20T03:54:12+0200,c30b8332-6a35-45c7-931f-0dc00a3a2bb4,2026-06-13T02:45:00Z,2026-06-13T04:45:00+0200,5641.55,MW,FR,FR,actual_onshore_wind_generation,Wind Onshore,2026-06-20T01:54:57Z
2026-06-20T01:54:12Z,2026-06-20T03:54:12+0200,c30b8332-6a35-45c7-931f-0dc00a3a2bb4,2026-06-13T03:00:00Z,2026-06-13T05:00:00+0200,5513.31,MW,FR,FR,actual_onshore_wind_generation,Wind Onshore,2026-06-20T01:54:57Z
2026-06-20T01:54:12Z,2026-06-20T03:54:12+0200,c30b8332-6a35-45c7-931f-0dc00a3a2bb4,2026-06-13T03:15:00Z,2026-06-13T05:15:00+0200,5227.05,MW,FR,FR,actual_onshore_wind_generation,Wind Onshore,2026-06-20T01:54:57Z
2026-06-20T01:54:12Z,2026-06-20T03:54:12+0200,c30b8332-6a35-45c7-931f-0dc00a3a2bb4,2026-06-13T03:30:00Z,2026-06-13T05:30:00+0200,5069.82,MW,FR,FR,actual_onshore_wind_generation,Wind Onshore,2026-06-20T01:54:57Z
2026-06-20T01:54:12Z,2026-06-20T03:54:12+0200,c30b8332-6a35-45c7-931f-0dc00a3a2bb4,2026-06-13T03:45:00Z,2026-06-13T05:45:00+0200,4808.82,MW,FR,FR,actual_onshore_wind_generation,Wind Onshore,2026-06-20T01:54:57Z
2026-06-20T01:54:12Z,2026-06-20T03:54:12+0200,c30b8332-6a35-45c7-931f-0dc00a3a2bb4,2026-06-13T04:00:00Z,2026-06-13T06:00:00+0200,4657.83,MW,FR,FR,actual_onshore_wind_generation,Wind Onshore,2026-06-20T01:54:57Z
2026-06-20T01:54:12Z,2026-06-20T03:54:12+0200,c30b8332-6a35-45c7-931f-0dc00a3a2bb4,2026-06-13T04:15:00Z,2026-06-13T06:15:00+0200,4547.46,MW,FR,FR,actual_onshore_wind_generation,Wind Onshore,2026-06-20T01:54:57Z
2026-06-20T01:54:12Z,2026-06-20T03:54:12+0200,c30b8332-6a35-45c7-931f-0dc00a3a2bb4,2026-06-13T04:30:00Z,2026-06-13T06:30:00+0200,4523.14,MW,FR,FR,actual_onshore_wind_generation,Wind Onshore,2026-06-20T01:54:57Z
2026-06-20T01:54:12Z,2026-06-20T03:54:12+0200,c30b8332-6a35-45c7-931f-0dc00a3a2bb4,2026-06-13T04:45:00Z,2026-06-13T06:45:00+0200,4382.65,MW,FR,FR,actual_onshore_wind_generation,Wind Onshore,2026-06-20T01:54:57Z
2026-06-20T01:54:12Z,2026-06-20T03:54:12+0200,c30b8332-6a35-45c7-931f-0dc00a3a2bb4,2026-06-13T05:00:00Z,2026-06-13T07:00:00+0200,4213.21,MW,FR,FR,actual_onshore_wind_generation,Wind Onshore,2026-06-20T01:54:57Z
2026-06-20T01:54:12Z,2026-06-20T03:54:12+0200,c30b8332-6a35-45c7-931f-0dc00a3a2bb4,2026-06-13T05:15:00Z,2026-06-13T07:15:00+0200,3959.7,MW,FR,FR,actual_onshore_wind_generation,Wind Onshore,2026-06-20T01:54:57Z
2026-06-20T01:54:12Z,2026-06-20T03:54:12+0200,c30b8332-6a35-45c7-931f-0dc00a3a2bb4,2026-06-13T05:30:00Z,2026-06-13T07:30:00+0200,3770.66,MW,FR,FR,actual_onshore_wind_generation,Wind Onshore,2026-06-20T01:54:57Z
2026-06-20T01:54:12Z,2026-06-20T03:54:12+0200,c30b8332-6a35-45c7-931f-0dc00a3a2bb4,2026-06-13T05:45:00Z,2026-06-13T07:45:00+0200,3737.67,MW,FR,FR,actual_onshore_wind_generation,Wind Onshore,2026-06-20T01:54:57Z
2026-06-20T01:54:12Z,2026-06-20T03:54:12+0200,c30b8332-6a35-45c7-931f-0dc00a3a2bb4,2026-06-13T06:00:00Z,2026-06-13T08:00:00+0200,3735.34,MW,FR,FR,actual_onshore_wind_generation,Wind Onshore,2026-06-20T01:54:57Z
2026-06-20T01:54:12Z,2026-06-20T03:54:12+0200,c30b8332-6a35-45c7-931f-0dc00a3a2bb4,2026-06-13T06:15:00Z,2026-06-13T08:15:00+0200,3392.42,MW,FR,FR,actual_onshore_wind_generation,Wind Onshore,2026-06-20T01:54:57Z
2026-06-20T01:54:12Z,2026-06-20T03:54:12+0200,c30b8332-6a35-45c7-931f-0dc00a3a2bb4,2026-06-13T06:30:00Z,2026-06-13T08:30:00+0200,2575.66,MW,FR,FR,actual_onshore_wind_generation,Wind Onshore,2026-06-20T01:54:57Z
2026-06-20T01:54:12Z,2026-06-20T03:54:12+0200,c30b8332-6a35-45c7-931f-0dc00a3a2bb4,2026-06-13T06:45:00Z,2026-06-13T08:45:00+0200,2250.23,MW,FR,FR,actual_onshore_wind_generation,Wind Onshore,2026-06-20T01:54:57Z
2026-06-20T01:54:12Z,2026-06-20T03:54:12+0200,c30b8332-6a35-45c7-931f-0dc00a3a2bb4,2026-06-13T07:00:00Z,2026-06-13T09:00:00+0200,1898.36,MW,FR,FR,actual_onshore_wind_generation,Wind Onshore,2026-06-20T01:54:57Z
2026-06-20T01:54:12Z,2026-06-20T03:54:12+0200,c30b8332-6a35-45c7-931f-0dc00a3a2bb4,2026-06-13T07:15:00Z,2026-06-13T09:15:00+0200,1192.57,MW,FR,FR,actual_onshore_wind_generation,Wind Onshore,2026-06-20T01:54:57Z
2026-06-20T01:54:12Z,2026-06-20T03:54:12+0200,c30b8332-6a35-45c7-931f-0dc00a3a2bb4,2026-06-13T07:30:00Z,2026-06-13T09:30:00+0200,1008.98,MW,FR,FR,actual_onshore_wind_generation,Wind Onshore,2026-06-20T01:54:57Z
2026-06-20T01:54:12Z,2026-06-20T03:54:12+0200,c30b8332-6a35-45c7-931f-0dc00a3a2bb4,2026-06-13T07:45:00Z,2026-06-13T09:45:00+0200,985.34,MW,FR,FR,actual_onshore_wind_generation,Wind Onshore,2026-06-20T01:54:57Z
2026-06-20T01:54:12Z,2026-06-20T03:54:12+0200,c30b8332-6a35-45c7-931f-0dc00a3a2bb4,2026-06-13T08:00:00Z,2026-06-13T10:00:00+0200,957.49,MW,FR,FR,actual_onshore_wind_generation,Wind Onshore,2026-06-20T01:54:57Z
2026-06-20T01:54:12Z,2026-06-20T03:54:12+0200,c30b8332-6a35-45c7-931f-0dc00a3a2bb4,2026-06-13T08:15:00Z,2026-06-13T10:15:00+0200,928.67,MW,FR,FR,actual_onshore_wind_generation,Wind Onshore,2026-06-20T01:54:57Z
2026-06-20T01:54:12Z,2026-06-20T03:54:12+0200,c30b8332-6a35-45c7-931f-0dc00a3a2bb4,2026-06-13T08:30:00Z,2026-06-13T10:30:00+0200,919.2,MW,FR,FR,actual_onshore_wind_generation,Wind Onshore,2026-06-20T01:54:57Z
2026-06-20T01:54:12Z,2026-06-20T03:54:12+0200,c30b8332-6a35-45c7-931f-0dc00a3a2bb4,2026-06-13T08:45:00Z,2026-06-13T10:45:00+0200,913.83,MW,FR,FR,actual_onshore_wind_generation,Wind Onshore,2026-06-20T01:54:57Z
2026-06-20T01:54:12Z,2026-06-20T03:54:12+0200,c30b8332-6a35-45c7-931f-0dc00a3a2bb4,2026-06-13T09:00:00Z,2026-06-13T11:00:00+0200,905.18,MW,FR,FR,actual_onshore_wind_generation,Wind Onshore,2026-06-20T01:54:57Z
2026-06-20T01:54:12Z,2026-06-20T03:54:12+0200,c30b8332-6a35-45c7-931f-0dc00a3a2bb4,2026-06-13T09:15:00Z,2026-06-13T11:15:00+0200,913.82,MW,FR,FR,actual_onshore_wind_generation,Wind Onshore,2026-06-20T01:54:57Z
2026-06-20T01:54:12Z,2026-06-20T03:54:12+0200,c30b8332-6a35-45c7-931f-0dc00a3a2bb4,2026-06-13T09:30:00Z,2026-06-13T11:30:00+0200,936.91,MW,FR,FR,actual_onshore_wind_generation,Wind Onshore,2026-06-20T01:54:57Z
2026-06-20T01:54:12Z,2026-06-20T03:54:12+0200,c30b8332-6a35-45c7-931f-0dc00a3a2bb4,2026-06-13T09:45:00Z,2026-06-13T11:45:00+0200,947.45,MW,FR,FR,actual_onshore_wind_generation,Wind Onshore,2026-06-20T01:54:57Z
2026-06-20T01:54:12Z,2026-06-20T03:54:12+0200,c30b8332-6a35-45c7-931f-0dc00a3a2bb4,2026-06-13T10:00:00Z,2026-06-13T12:00:00+0200,963.46,MW,FR,FR,actual_onshore_wind_generation,Wind Onshore,2026-06-20T01:54:57Z
2026-06-20T01:54:12Z,2026-06-20T03:54:12+0200,c30b8332-6a35-45c7-931f-0dc00a3a2bb4,2026-06-13T10:15:00Z,2026-06-13T12:15:00+0200,1000.12,MW,FR,FR,actual_onshore_wind_generation,Wind Onshore,2026-06-20T01:54:57Z
2026-06-20T01:54:12Z,2026-06-20T03:54:12+0200,c30b8332-6a35-45c7-931f-0dc00a3a2bb4,2026-06-13T10:30:00Z,2026-06-13T12:30:00+0200,1030.69,MW,FR,FR,actual_onshore_wind_generation,Wind Onshore,2026-06-20T01:54:57Z
2026-06-20T01:54:12Z,2026-06-20T03:54:12+0200,c30b8332-6a35-45c7-931f-0dc00a3a2bb4,2026-06-13T10:45:00Z,2026-06-13T12:45:00+0200,1057.49,MW,FR,FR,actual_onshore_wind_generation,Wind Onshore,2026-06-20T01:54:57Z
2026-06-20T01:54:12Z,2026-06-20T03:54:12+0200,c30b8332-6a35-45c7-931f-0dc00a3a2bb4,2026-06-13T11:00:00Z,2026-06-13T13:00:00+0200,1083.57,MW,FR,FR,actual_onshore_wind_generation,Wind Onshore,2026-06-20T01:54:57Z
2026-06-20T01:54:12Z,2026-06-20T03:54:12+0200,c30b8332-6a35-45c7-931f-0dc00a3a2bb4,2026-06-13T11:15:00Z,2026-06-13T13:15:00+0200,1083.07,MW,FR,FR,actual_onshore_wind_generation,Wind Onshore,2026-06-20T01:54:57Z
2026-06-20T01:54:12Z,2026-06-20T03:54:12+0200,c30b8332-6a35-45c7-931f-0dc00a3a2bb4,2026-06-13T11:30:00Z,2026-06-13T13:30:00+0200,1145.68,MW,FR,FR,actual_onshore_wind_generation,Wind Onshore,2026-06-20T01:54:57Z
2026-06-20T01:54:12Z,2026-06-20T03:54:12+0200,c30b8332-6a35-45c7-931f-0dc00a3a2bb4,2026-06-13T11:45:00Z,2026-06-13T13:45:00+0200,1152.28,MW,FR,FR,actual_onshore_wind_generation,Wind Onshore,2026-06-20T01:54:57Z
2026-06-20T01:54:12Z,2026-06-20T03:54:12+0200,c30b8332-6a35-45c7-931f-0dc00a3a2bb4,2026-06-13T12:00:00Z,2026-06-13T14:00:00+0200,1202.69,MW,FR,FR,actual_onshore_wind_generation,Wind Onshore,2026-06-20T01:54:57Z
2026-06-20T01:54:12Z,2026-06-20T03:54:12+0200,c30b8332-6a35-45c7-931f-0dc00a3a2bb4,2026-06-13T12:15:00Z,2026-06-13T14:15:00+0200,1237.39,MW,FR,FR,actual_onshore_wind_generation,Wind Onshore,2026-06-20T01:54:57Z
2026-06-20T01:54:12Z,2026-06-20T03:54:12+0200,c30b8332-6a35-45c7-931f-0dc00a3a2bb4,2026-06-13T12:30:00Z,2026-06-13T14:30:00+0200,1264.3,MW,FR,FR,actual_onshore_wind_generation,Wind Onshore,2026-06-20T01:54:57Z
2026-06-20T01:54:12Z,2026-06-20T03:54:12+0200,c30b8332-6a35-45c7-931f-0dc00a3a2bb4,2026-06-13T12:45:00Z,2026-06-13T14:45:00+0200,1284.58,MW,FR,FR,actual_onshore_wind_generation,Wind Onshore,2026-06-20T01:54:57Z
2026-06-20T01:54:12Z,2026-06-20T03:54:12+0200,c30b8332-6a35-45c7-931f-0dc00a3a2bb4,2026-06-13T13:00:00Z,2026-06-13T15:00:00+0200,1289.69,MW,FR,FR,actual_onshore_wind_generation,Wind Onshore,2026-06-20T01:54:57Z
2026-06-20T01:54:12Z,2026-06-20T03:54:12+0200,c30b8332-6a35-45c7-931f-0dc00a3a2bb4,2026-06-13T13:15:00Z,2026-06-13T15:15:00+0200,1317.12,MW,FR,FR,actual_onshore_wind_generation,Wind Onshore,2026-06-20T01:54:57Z
2026-06-20T01:54:12Z,2026-06-20T03:54:12+0200,c30b8332-6a35-45c7-931f-0dc00a3a2bb4,2026-06-13T13:30:00Z,2026-06-13T15:30:00+0200,1303.32,MW,FR,FR,actual_onshore_wind_generation,Wind Onshore,2026-06-20T01:54:57Z
2026-06-20T01:54:12Z,2026-06-20T03:54:12+0200,c30b8332-6a35-45c7-931f-0dc00a3a2bb4,2026-06-13T13:45:00Z,2026-06-13T15:45:00+0200,1345.33,MW,FR,FR,actual_onshore_wind_generation,Wind Onshore,2026-06-20T01:54:57Z
2026-06-20T01:54:12Z,2026-06-20T03:54:12+0200,c30b8332-6a35-45c7-931f-0dc00a3a2bb4,2026-06-13T14:00:00Z,2026-06-13T16:00:00+0200,1334.58,MW,FR,FR,actual_onshore_wind_generation,Wind Onshore,2026-06-20T01:54:57Z
2026-06-20T01:54:12Z,2026-06-20T03:54:12+0200,c30b8332-6a35-45c7-931f-0dc00a3a2bb4,2026-06-13T14:15:00Z,2026-06-13T16:15:00+0200,1327.68,MW,FR,FR,actual_onshore_wind_generation,Wind Onshore,2026-06-20T01:54:57Z
2026-06-20T01:54:12Z,2026-06-20T03:54:12+0200,c30b8332-6a35-45c7-931f-0dc00a3a2bb4,2026-06-13T14:30:00Z,2026-06-13T16:30:00+0200,1312.01,MW,FR,FR,actual_onshore_wind_generation,Wind Onshore,2026-06-20T01:54:57Z
2026-06-20T01:54:12Z,2026-06-20T03:54:12+0200,c30b8332-6a35-45c7-931f-0dc00a3a2bb4,2026-06-13T14:45:00Z,2026-06-13T16:45:00+0200,1292.42,MW,FR,FR,actual_onshore_wind_generation,Wind Onshore,2026-06-20T01:54:57Z
2026-06-20T01:54:12Z,2026-06-20T03:54:12+0200,c30b8332-6a35-45c7-931f-0dc00a3a2bb4,2026-06-13T15:00:00Z,2026-06-13T17:00:00+0200,1288.77,MW,FR,FR,actual_onshore_wind_generation,Wind Onshore,2026-06-20T01:54:57Z
2026-06-20T01:54:12Z,2026-06-20T03:54:12+0200,c30b8332-6a35-45c7-931f-0dc00a3a2bb4,2026-06-13T15:15:00Z,2026-06-13T17:15:00+0200,1308.0,MW,FR,FR,actual_onshore_wind_generation,Wind Onshore,2026-06-20T01:54:57Z
2026-06-20T01:54:12Z,2026-06-20T03:54:12+0200,c30b8332-6a35-45c7-931f-0dc00a3a2bb4,2026-06-13T15:30:00Z,2026-06-13T17:30:00+0200,1339.47,MW,FR,FR,actual_onshore_wind_generation,Wind Onshore,2026-06-20T01:54:57Z
2026-06-20T01:54:12Z,2026-06-20T03:54:12+0200,c30b8332-6a35-45c7-931f-0dc00a3a2bb4,2026-06-13T15:45:00Z,2026-06-13T17:45:00+0200,1368.72,MW,FR,FR,actual_onshore_wind_generation,Wind Onshore,2026-06-20T01:54:57Z
2026-06-20T01:54:12Z,2026-06-20T03:54:12+0200,c30b8332-6a35-45c7-931f-0dc00a3a2bb4,2026-06-13T16:00:00Z,2026-06-13T18:00:00+0200,2315.58,MW,FR,FR,actual_onshore_wind_generation,Wind Onshore,2026-06-20T01:54:57Z
2026-06-20T01:54:12Z,2026-06-20T03:54:12+0200,c30b8332-6a35-45c7-931f-0dc00a3a2bb4,2026-06-13T16:15:00Z,2026-06-13T18:15:00+0200,4102.35,MW,FR,FR,actual_onshore_wind_generation,Wind Onshore,2026-06-20T01:54:57Z
2026-06-20T01:54:12Z,2026-06-20T03:54:12+0200,c30b8332-6a35-45c7-931f-0dc00a3a2bb4,2026-06-13T16:30:00Z,2026-06-13T18:30:00+0200,4817.87,MW,FR,FR,actual_onshore_wind_generation,Wind Onshore,2026-06-20T01:54:57Z
2026-06-20T01:54:12Z,2026-06-20T03:54:12+0200,c30b8332-6a35-45c7-931f-0dc00a3a2bb4,2026-06-13T16:45:00Z,2026-06-13T18:45:00+0200,4897.61,MW,FR,FR,actual_onshore_wind_generation,Wind Onshore,2026-06-20T01:54:57Z
2026-06-20T01:54:12Z,2026-06-20T03:54:12+0200,c30b8332-6a35-45c7-931f-0dc00a3a2bb4,2026-06-13T17:00:00Z,2026-06-13T19:00:00+0200,4867.97,MW,FR,FR,actual_onshore_wind_generation,Wind Onshore,2026-06-20T01:54:57Z
2026-06-20T01:54:12Z,2026-06-20T03:54:12+0200,c30b8332-6a35-45c7-931f-0dc00a3a2bb4,2026-06-13T17:15:00Z,2026-06-13T19:15:00+0200,4764.11,MW,FR,FR,actual_onshore_wind_generation,Wind Onshore,2026-06-20T01:54:57Z
2026-06-20T01:54:12Z,2026-06-20T03:54:12+0200,c30b8332-6a35-45c7-931f-0dc00a3a2bb4,2026-06-13T17:30:00Z,2026-06-13T19:30:00+0200,4500.81,MW,FR,FR,actual_onshore_wind_generation,Wind Onshore,2026-06-20T01:54:57Z
2026-06-20T01:54:12Z,2026-06-20T03:54:12+0200,c30b8332-6a35-45c7-931f-0dc00a3a2bb4,2026-06-13T17:45:00Z,2026-06-13T19:45:00+0200,4288.39,MW,FR,FR,actual_onshore_wind_generation,Wind Onshore,2026-06-20T01:54:57Z
2026-06-20T01:54:12Z,2026-06-20T03:54:12+0200,c30b8332-6a35-45c7-931f-0dc00a3a2bb4,2026-06-13T18:00:00Z,2026-06-13T20:00:00+0200,4111.77,MW,FR,FR,actual_onshore_wind_generation,Wind Onshore,2026-06-20T01:54:57Z
2026-06-20T01:54:12Z,2026-06-20T03:54:12+0200,c30b8332-6a35-45c7-931f-0dc00a3a2bb4,2026-06-13T18:15:00Z,2026-06-13T20:15:00+0200,3935.03,MW,FR,FR,actual_onshore_wind_generation,Wind Onshore,2026-06-20T01:54:57Z
2026-06-20T01:54:12Z,2026-06-20T03:54:12+0200,c30b8332-6a35-45c7-931f-0dc00a3a2bb4,2026-06-13T18:30:00Z,2026-06-13T20:30:00+0200,3841.83,MW,FR,FR,actual_onshore_wind_generation,Wind Onshore,2026-06-20T01:54:57Z
2026-06-20T01:54:12Z,2026-06-20T03:54:12+0200,c30b8332-6a35-45c7-931f-0dc00a3a2bb4,2026-06-13T18:45:00Z,2026-06-13T20:45:00+0200,3800.36,MW,FR,FR,actual_onshore_wind_generation,Wind Onshore,2026-06-20T01:54:57Z
2026-06-20T01:54:12Z,2026-06-20T03:54:12+0200,c30b8332-6a35-45c7-931f-0dc00a3a2bb4,2026-06-13T19:00:00Z,2026-06-13T21:00:00+0200,3793.54,MW,FR,FR,actual_onshore_wind_generation,Wind Onshore,2026-06-20T01:54:57Z
2026-06-20T01:54:12Z,2026-06-20T03:54:12+0200,c30b8332-6a35-45c7-931f-0dc00a3a2bb4,2026-06-13T19:15:00Z,2026-06-13T21:15:00+0200,3836.78,MW,FR,FR,actual_onshore_wind_generation,Wind Onshore,2026-06-20T01:54:57Z
2026-06-20T01:54:12Z,2026-06-20T03:54:12+0200,c30b8332-6a35-45c7-931f-0dc00a3a2bb4,2026-06-13T19:30:00Z,2026-06-13T21:30:00+0200,3910.41,MW,FR,FR,actual_onshore_wind_generation,Wind Onshore,2026-06-20T01:54:57Z
2026-06-20T01:54:12Z,2026-06-20T03:54:12+0200,c30b8332-6a35-45c7-931f-0dc00a3a2bb4,2026-06-13T19:45:00Z,2026-06-13T21:45:00+0200,4052.82,MW,FR,FR,actual_onshore_wind_generation,Wind Onshore,2026-06-20T01:54:57Z
2026-06-20T01:54:12Z,2026-06-20T03:54:12+0200,c30b8332-6a35-45c7-931f-0dc00a3a2bb4,2026-06-13T20:00:00Z,2026-06-13T22:00:00+0200,4123.59,MW,FR,FR,actual_onshore_wind_generation,Wind Onshore,2026-06-20T01:54:57Z
2026-06-20T01:54:12Z,2026-06-20T03:54:12+0200,c30b8332-6a35-45c7-931f-0dc00a3a2bb4,2026-06-13T20:15:00Z,2026-06-13T22:15:00+0200,4184.03,MW,FR,FR,actual_onshore_wind_generation,Wind Onshore,2026-06-20T01:54:57Z
2026-06-20T01:54:12Z,2026-06-20T03:54:12+0200,c30b8332-6a35-45c7-931f-0dc00a3a2bb4,2026-06-13T20:30:00Z,2026-06-13T22:30:00+0200,4277.95,MW,FR,FR,actual_onshore_wind_generation,Wind Onshore,2026-06-20T01:54:57Z
2026-06-20T01:54:12Z,2026-06-20T03:54:12+0200,c30b8332-6a35-45c7-931f-0dc00a3a2bb4,2026-06-13T20:45:00Z,2026-06-13T22:45:00+0200,4355.01,MW,FR,FR,actual_onshore_wind_generation,Wind Onshore,2026-06-20T01:54:57Z
2026-06-20T01:54:12Z,2026-06-20T03:54:12+0200,c30b8332-6a35-45c7-931f-0dc00a3a2bb4,2026-06-13T21:00:00Z,2026-06-13T23:00:00+0200,4351.16,MW,FR,FR,actual_onshore_wind_generation,Wind Onshore,2026-06-20T01:54:57Z
2026-06-20T01:54:12Z,2026-06-20T03:54:12+0200,c30b8332-6a35-45c7-931f-0dc00a3a2bb4,2026-06-13T21:15:00Z,2026-06-13T23:15:00+0200,4340.72,MW,FR,FR,actual_onshore_wind_generation,Wind Onshore,2026-06-20T01:54:57Z
2026-06-20T01:54:12Z,2026-06-20T03:54:12+0200,c30b8332-6a35-45c7-931f-0dc00a3a2bb4,2026-06-13T21:30:00Z,2026-06-13T23:30:00+0200,4394.4,MW,FR,FR,actual_onshore_wind_generation,Wind Onshore,2026-06-20T01:54:57Z
2026-06-20T01:54:12Z,2026-06-20T03:54:12+0200,c30b8332-6a35-45c7-931f-0dc00a3a2bb4,2026-06-13T21:45:00Z,2026-06-13T23:45:00+0200,4387.6,MW,FR,FR,actual_onshore_wind_generation,Wind Onshore,2026-06-20T01:54:57Z
2026-06-20T01:54:12Z,2026-06-20T03:54:12+0200,c30b8332-6a35-45c7-931f-0dc00a3a2bb4,2026-06-13T22:00:00Z,2026-06-14T00:00:00+0200,4303.91,MW,FR,FR,actual_onshore_wind_generation,Wind Onshore,2026-06-20T01:54:57Z
2026-06-20T01:54:12Z,2026-06-20T03:54:12+0200,c30b8332-6a35-45c7-931f-0dc00a3a2bb4,2026-06-13T22:15:00Z,2026-06-14T00:15:00+0200,4262.01,MW,FR,FR,actual_onshore_wind_generation,Wind Onshore,2026-06-20T01:54:57Z
2026-06-20T01:54:12Z,2026-06-20T03:54:12+0200,c30b8332-6a35-45c7-931f-0dc00a3a2bb4,2026-06-13T22:30:00Z,2026-06-14T00:30:00+0200,4244.6,MW,FR,FR,actual_onshore_wind_generation,Wind Onshore,2026-06-20T01:54:57Z
2026-06-20T01:54:12Z,2026-06-20T03:54:12+0200,c30b8332-6a35-45c7-931f-0dc00a3a2bb4,2026-06-13T22:45:00Z,2026-06-14T00:45:00+0200,4188.69,MW,FR,FR,actual_onshore_wind_generation,Wind Onshore,2026-06-20T01:54:57Z
2026-06-20T01:54:12Z,2026-06-20T03:54:12+0200,c30b8332-6a35-45c7-931f-0dc00a3a2bb4,2026-06-13T23:00:00Z,2026-06-14T01:00:00+0200,4198.91,MW,FR,FR,actual_onshore_wind_generation,Wind Onshore,2026-06-20T01:54:57Z
2026-06-20T01:54:12Z,2026-06-20T03:54:12+0200,c30b8332-6a35-45c7-931f-0dc00a3a2bb4,2026-06-13T23:15:00Z,2026-06-14T01:15:00+0200,4187.4,MW,FR,FR,actual_onshore_wind_generation,Wind Onshore,2026-06-20T01:54:57Z
2026-06-20T01:54:12Z,2026-06-20T03:54:12+0200,c30b8332-6a35-45c7-931f-0dc00a3a2bb4,2026-06-13T23:30:00Z,2026-06-14T01:30:00+0200,4167.08,MW,FR,FR,actual_onshore_wind_generation,Wind Onshore,2026-06-20T01:54:57Z
2026-06-20T01:54:12Z,2026-06-20T03:54:12+0200,c30b8332-6a35-45c7-931f-0dc00a3a2bb4,2026-06-13T23:45:00Z,2026-06-14T01:45:00+0200,4149.25,MW,FR,FR,actual_onshore_wind_generation,Wind Onshore,2026-06-20T01:54:57Z
2026-06-20T01:54:12Z,2026-06-20T03:54:12+0200,c30b8332-6a35-45c7-931f-0dc00a3a2bb4,2026-06-14T00:00:00Z,2026-06-14T02:00:00+0200,4150.69,MW,FR,FR,actual_onshore_wind_generation,Wind Onshore,2026-06-20T01:54:57Z
2026-06-20T01:54:12Z,2026-06-20T03:54:12+0200,c30b8332-6a35-45c7-931f-0dc00a3a2bb4,2026-06-14T00:15:00Z,2026-06-14T02:15:00+0200,4098.57,MW,FR,FR,actual_onshore_wind_generation,Wind Onshore,2026-06-20T01:54:57Z
2026-06-20T01:54:12Z,2026-06-20T03:54:12+0200,c30b8332-6a35-45c7-931f-0dc00a3a2bb4,2026-06-14T00:30:00Z,2026-06-14T02:30:00+0200,4040.88,MW,FR,FR,actual_onshore_wind_generation,Wind Onshore,2026-06-20T01:54:57Z
2026-06-20T01:54:12Z,2026-06-20T03:54:12+0200,c30b8332-6a35-45c7-931f-0dc00a3a2bb4,2026-06-14T00:45:00Z,2026-06-14T02:45:00+0200,3999.61,MW,FR,FR,actual_onshore_wind_generation,Wind Onshore,2026-06-20T01:54:57Z
2026-06-20T01:54:12Z,2026-06-20T03:54:12+0200,c30b8332-6a35-45c7-931f-0dc00a3a2bb4,2026-06-14T01:00:00Z,2026-06-14T03:00:00+0200,3962.0,MW,FR,FR,actual_onshore_wind_generation,Wind Onshore,2026-06-20T01:54:57Z
2026-06-20T01:54:12Z,2026-06-20T03:54:12+0200,c30b8332-6a35-45c7-931f-0dc00a3a2bb4,2026-06-14T01:15:00Z,2026-06-14T03:15:00+0200,3964.98,MW,FR,FR,actual_onshore_wind_generation,Wind Onshore,2026-06-20T01:54:57Z
2026-06-20T01:54:12Z,2026-06-20T03:54:12+0200,c30b8332-6a35-45c7-931f-0dc00a3a2bb4,2026-06-14T01:30:00Z,2026-06-14T03:30:00+0200,3890.11,MW,FR,FR,actual_onshore_wind_generation,Wind Onshore,2026-06-20T01:54:57Z
2026-06-20T01:54:12Z,2026-06-20T03:54:12+0200,c30b8332-6a35-45c7-931f-0dc00a3a2bb4,2026-06-14T01:45:00Z,2026-06-14T03:45:00+0200,3855.22,MW,FR,FR,actual_onshore_wind_generation,Wind Onshore,2026-06-20T01:54:57Z
2026-06-20T01:54:12Z,2026-06-20T03:54:12+0200,c30b8332-6a35-45c7-931f-0dc00a3a2bb4,2026-06-14T02:00:00Z,2026-06-14T04:00:00+0200,3815.63,MW,FR,FR,actual_onshore_wind_generation,Wind Onshore,2026-06-20T01:54:57Z
2026-06-20T01:54:12Z,2026-06-20T03:54:12+0200,c30b8332-6a35-45c7-931f-0dc00a3a2bb4,2026-06-14T02:15:00Z,2026-06-14T04:15:00+0200,3755.07,MW,FR,FR,actual_onshore_wind_generation,Wind Onshore,2026-06-20T01:54:57Z
2026-06-20T01:54:12Z,2026-06-20T03:54:12+0200,c30b8332-6a35-45c7-931f-0dc00a3a2bb4,2026-06-14T02:30:00Z,2026-06-14T04:30:00+0200,3663.65,MW,FR,FR,actual_onshore_wind_generation,Wind Onshore,2026-06-20T01:54:57Z
2026-06-20T01:54:12Z,2026-06-20T03:54:12+0200,c30b8332-6a35-45c7-931f-0dc00a3a2bb4,2026-06-14T02:45:00Z,2026-06-14T04:45:00+0200,3551.98,MW,FR,FR,actual_onshore_wind_generation,Wind Onshore,2026-06-20T01:54:57Z
2026-06-20T01:54:12Z,2026-06-20T03:54:12+0200,c30b8332-6a35-45c7-931f-0dc00a3a2bb4,2026-06-14T03:00:00Z,2026-06-14T05:00:00+0200,3484.08,MW,FR,FR,actual_onshore_wind_generation,Wind Onshore,2026-06-20T01:54:57Z
2026-06-20T01:54:12Z,2026-06-20T03:54:12+0200,c30b8332-6a35-45c7-931f-0dc00a3a2bb4,2026-06-14T03:15:00Z,2026-06-14T05:15:00+0200,3421.87,MW,FR,FR,actual_onshore_wind_generation,Wind Onshore,2026-06-20T01:54:57Z
2026-06-20T01:54:12Z,2026-06-20T03:54:12+0200,c30b8332-6a35-45c7-931f-0dc00a3a2bb4,2026-06-14T03:30:00Z,2026-06-14T05:30:00+0200,3367.11,MW,FR,FR,actual_onshore_wind_generation,Wind Onshore,2026-06-20T01:54:57Z
2026-06-20T01:54:12Z,2026-06-20T03:54:12+0200,c30b8332-6a35-45c7-931f-0dc00a3a2bb4,2026-06-14T03:45:00Z,2026-06-14T05:45:00+0200,3368.32,MW,FR,FR,actual_onshore_wind_generation,Wind Onshore,2026-06-20T01:54:57Z
2026-06-20T01:54:12Z,2026-06-20T03:54:12+0200,c30b8332-6a35-45c7-931f-0dc00a3a2bb4,2026-06-14T04:00:00Z,2026-06-14T06:00:00+0200,3355.7,MW,FR,FR,actual_onshore_wind_generation,Wind Onshore,2026-06-20T01:54:57Z
2026-06-20T01:54:12Z,2026-06-20T03:54:12+0200,c30b8332-6a35-45c7-931f-0dc00a3a2bb4,2026-06-14T04:15:00Z,2026-06-14T06:15:00+0200,3342.56,MW,FR,FR,actual_onshore_wind_generation,Wind Onshore,2026-06-20T01:54:57Z
2026-06-20T01:54:12Z,2026-06-20T03:54:12+0200,c30b8332-6a35-45c7-931f-0dc00a3a2bb4,2026-06-14T04:30:00Z,2026-06-14T06:30:00+0200,3280.59,MW,FR,FR,actual_onshore_wind_generation,Wind Onshore,2026-06-20T01:54:57Z
2026-06-20T01:54:12Z,2026-06-20T03:54:12+0200,c30b8332-6a35-45c7-931f-0dc00a3a2bb4,2026-06-14T04:45:00Z,2026-06-14T06:45:00+0200,3227.94,MW,FR,FR,actual_onshore_wind_generation,Wind Onshore,2026-06-20T01:54:57Z
2026-06-20T01:54:12Z,2026-06-20T03:54:12+0200,c30b8332-6a35-45c7-931f-0dc00a3a2bb4,2026-06-14T05:00:00Z,2026-06-14T07:00:00+0200,3162.87,MW,FR,FR,actual_onshore_wind_generation,Wind Onshore,2026-06-20T01:54:57Z
2026-06-20T01:54:12Z,2026-06-20T03:54:12+0200,c30b8332-6a35-45c7-931f-0dc00a3a2bb4,2026-06-14T05:15:00Z,2026-06-14T07:15:00+0200,2831.84,MW,FR,FR,actual_onshore_wind_generation,Wind Onshore,2026-06-20T01:54:57Z
2026-06-20T01:54:12Z,2026-06-20T03:54:12+0200,c30b8332-6a35-45c7-931f-0dc00a3a2bb4,2026-06-14T05:30:00Z,2026-06-14T07:30:00+0200,2109.64,MW,FR,FR,actual_onshore_wind_generation,Wind Onshore,2026-06-20T01:54:57Z
2026-06-20T01:54:12Z,2026-06-20T03:54:12+0200,c30b8332-6a35-45c7-931f-0dc00a3a2bb4,2026-06-14T05:45:00Z,2026-06-14T07:45:00+0200,1796.73,MW,FR,FR,actual_onshore_wind_generation,Wind Onshore,2026-06-20T01:54:57Z
2026-06-20T01:54:12Z,2026-06-20T03:54:12+0200,c30b8332-6a35-45c7-931f-0dc00a3a2bb4,2026-06-14T06:00:00Z,2026-06-14T08:00:00+0200,1573.25,MW,FR,FR,actual_onshore_wind_generation,Wind Onshore,2026-06-20T01:54:57Z
2026-06-20T01:54:12Z,2026-06-20T03:54:12+0200,c30b8332-6a35-45c7-931f-0dc00a3a2bb4,2026-06-14T06:15:00Z,2026-06-14T08:15:00+0200,1325.69,MW,FR,FR,actual_onshore_wind_generation,Wind Onshore,2026-06-20T01:54:57Z
2026-06-20T01:54:12Z,2026-06-20T03:54:12+0200,c30b8332-6a35-45c7-931f-0dc00a3a2bb4,2026-06-14T06:30:00Z,2026-06-14T08:30:00+0200,939.68,MW,FR,FR,actual_onshore_wind_generation,Wind Onshore,2026-06-20T01:54:57Z
2026-06-20T01:54:12Z,2026-06-20T03:54:12+0200,c30b8332-6a35-45c7-931f-0dc00a3a2bb4,2026-06-14T06:45:00Z,2026-06-14T08:45:00+0200,832.18,MW,FR,FR,actual_onshore_wind_generation,Wind Onshore,2026-06-20T01:54:57Z
2026-06-20T01:54:12Z,2026-06-20T03:54:12+0200,c30b8332-6a35-45c7-931f-0dc00a3a2bb4,2026-06-14T07:00:00Z,2026-06-14T09:00:00+0200,781.98,MW,FR,FR,actual_onshore_wind_generation,Wind Onshore,2026-06-20T01:54:57Z
2026-06-20T01:54:12Z,2026-06-20T03:54:12+0200,c30b8332-6a35-45c7-931f-0dc00a3a2bb4,2026-06-14T07:15:00Z,2026-06-14T09:15:00+0200,758.66,MW,FR,FR,actual_onshore_wind_generation,Wind Onshore,2026-06-20T01:54:57Z
2026-06-20T01:54:12Z,2026-06-20T03:54:12+0200,c30b8332-6a35-45c7-931f-0dc00a3a2bb4,2026-06-14T07:30:00Z,2026-06-14T09:30:00+0200,729.47,MW,FR,FR,actual_onshore_wind_generation,Wind Onshore,2026-06-20T01:54:57Z
2026-06-20T01:54:12Z,2026-06-20T03:54:12+0200,c30b8332-6a35-45c7-931f-0dc00a3a2bb4,2026-06-14T07:45:00Z,2026-06-14T09:45:00+0200,714.84,MW,FR,FR,actual_onshore_wind_generation,Wind Onshore,2026-06-20T01:54:57Z
2026-06-20T01:54:12Z,2026-06-20T03:54:12+0200,c30b8332-6a35-45c7-931f-0dc00a3a2bb4,2026-06-14T08:00:00Z,2026-06-14T10:00:00+0200,690.02,MW,FR,FR,actual_onshore_wind_generation,Wind Onshore,2026-06-20T01:54:57Z
2026-06-20T01:54:12Z,2026-06-20T03:54:12+0200,c30b8332-6a35-45c7-931f-0dc00a3a2bb4,2026-06-14T08:15:00Z,2026-06-14T10:15:00+0200,679.36,MW,FR,FR,actual_onshore_wind_generation,Wind Onshore,2026-06-20T01:54:57Z
2026-06-20T01:54:12Z,2026-06-20T03:54:12+0200,c30b8332-6a35-45c7-931f-0dc00a3a2bb4,2026-06-14T08:30:00Z,2026-06-14T10:30:00+0200,677.46,MW,FR,FR,actual_onshore_wind_generation,Wind Onshore,2026-06-20T01:54:57Z
2026-06-20T01:54:12Z,2026-06-20T03:54:12+0200,c30b8332-6a35-45c7-931f-0dc00a3a2bb4,2026-06-14T08:45:00Z,2026-06-14T10:45:00+0200,685.5,MW,FR,FR,actual_onshore_wind_generation,Wind Onshore,2026-06-20T01:54:57Z
2026-06-20T01:54:12Z,2026-06-20T03:54:12+0200,c30b8332-6a35-45c7-931f-0dc00a3a2bb4,2026-06-14T09:00:00Z,2026-06-14T11:00:00+0200,688.56,MW,FR,FR,actual_onshore_wind_generation,Wind Onshore,2026-06-20T01:54:57Z
2026-06-20T01:54:12Z,2026-06-20T03:54:12+0200,c30b8332-6a35-45c7-931f-0dc00a3a2bb4,2026-06-14T09:15:00Z,2026-06-14T11:15:00+0200,695.26,MW,FR,FR,actual_onshore_wind_generation,Wind Onshore,2026-06-20T01:54:57Z
2026-06-20T01:54:12Z,2026-06-20T03:54:12+0200,c30b8332-6a35-45c7-931f-0dc00a3a2bb4,2026-06-14T09:30:00Z,2026-06-14T11:30:00+0200,709.06,MW,FR,FR,actual_onshore_wind_generation,Wind Onshore,2026-06-20T01:54:57Z
2026-06-20T01:54:12Z,2026-06-20T03:54:12+0200,c30b8332-6a35-45c7-931f-0dc00a3a2bb4,2026-06-14T09:45:00Z,2026-06-14T11:45:00+0200,719.21,MW,FR,FR,actual_onshore_wind_generation,Wind Onshore,2026-06-20T01:54:57Z
2026-06-20T01:54:12Z,2026-06-20T03:54:12+0200,c30b8332-6a35-45c7-931f-0dc00a3a2bb4,2026-06-14T10:00:00Z,2026-06-14T12:00:00+0200,734.03,MW,FR,FR,actual_onshore_wind_generation,Wind Onshore,2026-06-20T01:54:57Z
2026-06-20T01:54:12Z,2026-06-20T03:54:12+0200,c30b8332-6a35-45c7-931f-0dc00a3a2bb4,2026-06-14T10:15:00Z,2026-06-14T12:15:00+0200,726.54,MW,FR,FR,actual_onshore_wind_generation,Wind Onshore,2026-06-20T01:54:57Z
2026-06-20T01:54:12Z,2026-06-20T03:54:12+0200,c30b8332-6a35-45c7-931f-0dc00a3a2bb4,2026-06-14T10:30:00Z,2026-06-14T12:30:00+0200,729.91,MW,FR,FR,actual_onshore_wind_generation,Wind Onshore,2026-06-20T01:54:57Z
2026-06-20T01:54:12Z,2026-06-20T03:54:12+0200,c30b8332-6a35-45c7-931f-0dc00a3a2bb4,2026-06-14T10:45:00Z,2026-06-14T12:45:00+0200,726.18,MW,FR,FR,actual_onshore_wind_generation,Wind Onshore,2026-06-20T01:54:57Z
2026-06-20T01:54:12Z,2026-06-20T03:54:12+0200,c30b8332-6a35-45c7-931f-0dc00a3a2bb4,2026-06-14T11:00:00Z,2026-06-14T13:00:00+0200,722.53,MW,FR,FR,actual_onshore_wind_generation,Wind Onshore,2026-06-20T01:54:57Z
2026-06-20T01:54:12Z,2026-06-20T03:54:12+0200,c30b8332-6a35-45c7-931f-0dc00a3a2bb4,2026-06-14T11:15:00Z,2026-06-14T13:15:00+0200,737.36,MW,FR,FR,actual_onshore_wind_generation,Wind Onshore,2026-06-20T01:54:57Z
2026-06-20T01:54:12Z,2026-06-20T03:54:12+0200,c30b8332-6a35-45c7-931f-0dc00a3a2bb4,2026-06-14T11:30:00Z,2026-06-14T13:30:00+0200,755.47,MW,FR,FR,actual_onshore_wind_generation,Wind Onshore,2026-06-20T01:54:57Z
2026-06-20T01:54:12Z,2026-06-20T03:54:12+0200,c30b8332-6a35-45c7-931f-0dc00a3a2bb4,2026-06-14T11:45:00Z,2026-06-14T13:45:00+0200,768.03,MW,FR,FR,actual_onshore_wind_generation,Wind Onshore,2026-06-20T01:54:57Z
2026-06-20T01:54:12Z,2026-06-20T03:54:12+0200,c30b8332-6a35-45c7-931f-0dc00a3a2bb4,2026-06-14T12:00:00Z,2026-06-14T14:00:00+0200,772.54,MW,FR,FR,actual_onshore_wind_generation,Wind Onshore,2026-06-20T01:54:57Z
2026-06-20T01:54:12Z,2026-06-20T03:54:12+0200,c30b8332-6a35-45c7-931f-0dc00a3a2bb4,2026-06-14T12:15:00Z,2026-06-14T14:15:00+0200,779.43,MW,FR,FR,actual_onshore_wind_generation,Wind Onshore,2026-06-20T01:54:57Z
2026-06-20T01:54:12Z,2026-06-20T03:54:12+0200,c30b8332-6a35-45c7-931f-0dc00a3a2bb4,2026-06-14T12:30:00Z,2026-06-14T14:30:00+0200,763.25,MW,FR,FR,actual_onshore_wind_generation,Wind Onshore,2026-06-20T01:54:57Z
2026-06-20T01:54:12Z,2026-06-20T03:54:12+0200,c30b8332-6a35-45c7-931f-0dc00a3a2bb4,2026-06-14T12:45:00Z,2026-06-14T14:45:00+0200,765.23,MW,FR,FR,actual_onshore_wind_generation,Wind Onshore,2026-06-20T01:54:57Z
2026-06-20T01:54:12Z,2026-06-20T03:54:12+0200,c30b8332-6a35-45c7-931f-0dc00a3a2bb4,2026-06-14T13:00:00Z,2026-06-14T15:00:00+0200,767.6,MW,FR,FR,actual_onshore_wind_generation,Wind Onshore,2026-06-20T01:54:57Z
2026-06-20T01:54:12Z,2026-06-20T03:54:12+0200,c30b8332-6a35-45c7-931f-0dc00a3a2bb4,2026-06-14T13:15:00Z,2026-06-14T15:15:00+0200,776.14,MW,FR,FR,actual_onshore_wind_generation,Wind Onshore,2026-06-20T01:54:57Z
2026-06-20T01:54:12Z,2026-06-20T03:54:12+0200,c30b8332-6a35-45c7-931f-0dc00a3a2bb4,2026-06-14T13:30:00Z,2026-06-14T15:30:00+0200,781.84,MW,FR,FR,actual_onshore_wind_generation,Wind Onshore,2026-06-20T01:54:57Z
2026-06-20T01:54:12Z,2026-06-20T03:54:12+0200,c30b8332-6a35-45c7-931f-0dc00a3a2bb4,2026-06-14T13:45:00Z,2026-06-14T15:45:00+0200,796.36,MW,FR,FR,actual_onshore_wind_generation,Wind Onshore,2026-06-20T01:54:57Z
2026-06-20T01:54:12Z,2026-06-20T03:54:12+0200,c30b8332-6a35-45c7-931f-0dc00a3a2bb4,2026-06-14T14:00:00Z,2026-06-14T16:00:00+0200,794.75,MW,FR,FR,actual_onshore_wind_generation,Wind Onshore,2026-06-20T01:54:57Z
2026-06-20T01:54:12Z,2026-06-20T03:54:12+0200,c30b8332-6a35-45c7-931f-0dc00a3a2bb4,2026-06-14T14:15:00Z,2026-06-14T16:15:00+0200,803.45,MW,FR,FR,actual_onshore_wind_generation,Wind Onshore,2026-06-20T01:54:57Z
2026-06-20T01:54:12Z,2026-06-20T03:54:12+0200,c30b8332-6a35-45c7-931f-0dc00a3a2bb4,2026-06-14T14:30:00Z,2026-06-14T16:30:00+0200,823.72,MW,FR,FR,actual_onshore_wind_generation,Wind Onshore,2026-06-20T01:54:57Z
2026-06-20T01:54:12Z,2026-06-20T03:54:12+0200,c30b8332-6a35-45c7-931f-0dc00a3a2bb4,2026-06-14T14:45:00Z,2026-06-14T16:45:00+0200,827.66,MW,FR,FR,actual_onshore_wind_generation,Wind Onshore,2026-06-20T01:54:57Z
2026-06-20T01:54:12Z,2026-06-20T03:54:12+0200,c30b8332-6a35-45c7-931f-0dc00a3a2bb4,2026-06-14T15:00:00Z,2026-06-14T17:00:00+0200,851.84,MW,FR,FR,actual_onshore_wind_generation,Wind Onshore,2026-06-20T01:54:57Z
2026-06-20T01:54:12Z,2026-06-20T03:54:12+0200,c30b8332-6a35-45c7-931f-0dc00a3a2bb4,2026-06-14T15:15:00Z,2026-06-14T17:15:00+0200,848.9,MW,FR,FR,actual_onshore_wind_generation,Wind Onshore,2026-06-20T01:54:57Z
2026-06-20T01:54:12Z,2026-06-20T03:54:12+0200,c30b8332-6a35-45c7-931f-0dc00a3a2bb4,2026-06-14T15:30:00Z,2026-06-14T17:30:00+0200,1117.4,MW,FR,FR,actual_onshore_wind_generation,Wind Onshore,2026-06-20T01:54:57Z
2026-06-20T01:54:12Z,2026-06-20T03:54:12+0200,c30b8332-6a35-45c7-931f-0dc00a3a2bb4,2026-06-14T15:45:00Z,2026-06-14T17:45:00+0200,1711.75,MW,FR,FR,actual_onshore_wind_generation,Wind Onshore,2026-06-20T01:54:57Z
2026-06-20T01:54:12Z,2026-06-20T03:54:12+0200,c30b8332-6a35-45c7-931f-0dc00a3a2bb4,2026-06-14T16:00:00Z,2026-06-14T18:00:00+0200,2064.81,MW,FR,FR,actual_onshore_wind_generation,Wind Onshore,2026-06-20T01:54:57Z
2026-06-20T01:54:12Z,2026-06-20T03:54:12+0200,c30b8332-6a35-45c7-931f-0dc00a3a2bb4,2026-06-14T16:15:00Z,2026-06-14T18:15:00+0200,2162.44,MW,FR,FR,actual_onshore_wind_generation,Wind Onshore,2026-06-20T01:54:57Z
2026-06-20T01:54:12Z,2026-06-20T03:54:12+0200,c30b8332-6a35-45c7-931f-0dc00a3a2bb4,2026-06-14T16:30:00Z,2026-06-14T18:30:00+0200,2181.71,MW,FR,FR,actual_onshore_wind_generation,Wind Onshore,2026-06-20T01:54:57Z
2026-06-20T01:54:12Z,2026-06-20T03:54:12+0200,c30b8332-6a35-45c7-931f-0dc00a3a2bb4,2026-06-14T16:45:00Z,2026-06-14T18:45:00+0200,2156.49,MW,FR,FR,actual_onshore_wind_generation,Wind Onshore,2026-06-20T01:54:57Z
2026-06-20T01:54:12Z,2026-06-20T03:54:12+0200,c30b8332-6a35-45c7-931f-0dc00a3a2bb4,2026-06-14T17:00:00Z,2026-06-14T19:00:00+0200,2092.41,MW,FR,FR,actual_onshore_wind_generation,Wind Onshore,2026-06-20T01:54:57Z
2026-06-20T01:54:12Z,2026-06-20T03:54:12+0200,c30b8332-6a35-45c7-931f-0dc00a3a2bb4,2026-06-14T17:15:00Z,2026-06-14T19:15:00+0200,2103.67,MW,FR,FR,actual_onshore_wind_generation,Wind Onshore,2026-06-20T01:54:57Z
2026-06-20T01:54:12Z,2026-06-20T03:54:12+0200,c30b8332-6a35-45c7-931f-0dc00a3a2bb4,2026-06-14T17:30:00Z,2026-06-14T19:30:00+0200,2151.5,MW,FR,FR,actual_onshore_wind_generation,Wind Onshore,2026-06-20T01:54:57Z
2026-06-20T01:54:12Z,2026-06-20T03:54:12+0200,c30b8332-6a35-45c7-931f-0dc00a3a2bb4,2026-06-14T17:45:00Z,2026-06-14T19:45:00+0200,2183.93,MW,FR,FR,actual_onshore_wind_generation,Wind Onshore,2026-06-20T01:54:57Z
2026-06-20T01:54:12Z,2026-06-20T03:54:12+0200,c30b8332-6a35-45c7-931f-0dc00a3a2bb4,2026-06-14T18:00:00Z,2026-06-14T20:00:00+0200,2189.9,MW,FR,FR,actual_onshore_wind_generation,Wind Onshore,2026-06-20T01:54:57Z
2026-06-20T01:54:12Z,2026-06-20T03:54:12+0200,c30b8332-6a35-45c7-931f-0dc00a3a2bb4,2026-06-14T18:15:00Z,2026-06-14T20:15:00+0200,2176.24,MW,FR,FR,actual_onshore_wind_generation,Wind Onshore,2026-06-20T01:54:57Z
2026-06-20T01:54:12Z,2026-06-20T03:54:12+0200,c30b8332-6a35-45c7-931f-0dc00a3a2bb4,2026-06-14T18:30:00Z,2026-06-14T20:30:00+0200,2166.33,MW,FR,FR,actual_onshore_wind_generation,Wind Onshore,2026-06-20T01:54:57Z
2026-06-20T01:54:12Z,2026-06-20T03:54:12+0200,c30b8332-6a35-45c7-931f-0dc00a3a2bb4,2026-06-14T18:45:00Z,2026-06-14T20:45:00+0200,2123.29,MW,FR,FR,actual_onshore_wind_generation,Wind Onshore,2026-06-20T01:54:57Z
2026-06-20T01:54:12Z,2026-06-20T03:54:12+0200,c30b8332-6a35-45c7-931f-0dc00a3a2bb4,2026-06-14T19:00:00Z,2026-06-14T21:00:00+0200,2160.01,MW,FR,FR,actual_onshore_wind_generation,Wind Onshore,2026-06-20T01:54:57Z
2026-06-20T01:54:12Z,2026-06-20T03:54:12+0200,c30b8332-6a35-45c7-931f-0dc00a3a2bb4,2026-06-14T19:15:00Z,2026-06-14T21:15:00+0200,2308.04,MW,FR,FR,actual_onshore_wind_generation,Wind Onshore,2026-06-20T01:54:57Z
2026-06-20T01:54:12Z,2026-06-20T03:54:12+0200,c30b8332-6a35-45c7-931f-0dc00a3a2bb4,2026-06-14T19:30:00Z,2026-06-14T21:30:00+0200,2511.58,MW,FR,FR,actual_onshore_wind_generation,Wind Onshore,2026-06-20T01:54:57Z
2026-06-20T01:54:12Z,2026-06-20T03:54:12+0200,c30b8332-6a35-45c7-931f-0dc00a3a2bb4,2026-06-14T19:45:00Z,2026-06-14T21:45:00+0200,2718.61,MW,FR,FR,actual_onshore_wind_generation,Wind Onshore,2026-06-20T01:54:57Z
2026-06-20T01:54:12Z,2026-06-20T03:54:12+0200,c30b8332-6a35-45c7-931f-0dc00a3a2bb4,2026-06-14T20:00:00Z,2026-06-14T22:00:00+0200,2879.72,MW,FR,FR,actual_onshore_wind_generation,Wind Onshore,2026-06-20T01:54:57Z
2026-06-20T01:54:12Z,2026-06-20T03:54:12+0200,c30b8332-6a35-45c7-931f-0dc00a3a2bb4,2026-06-14T20:15:00Z,2026-06-14T22:15:00+0200,3036.06,MW,FR,FR,actual_onshore_wind_generation,Wind Onshore,2026-06-20T01:54:57Z
2026-06-20T01:54:12Z,2026-06-20T03:54:12+0200,c30b8332-6a35-45c7-931f-0dc00a3a2bb4,2026-06-14T20:30:00Z,2026-06-14T22:30:00+0200,3154.59,MW,FR,FR,actual_onshore_wind_generation,Wind Onshore,2026-06-20T01:54:57Z
2026-06-20T01:54:12Z,2026-06-20T03:54:12+0200,c30b8332-6a35-45c7-931f-0dc00a3a2bb4,2026-06-14T20:45:00Z,2026-06-14T22:45:00+0200,3319.58,MW,FR,FR,actual_onshore_wind_generation,Wind Onshore,2026-06-20T01:54:57Z
2026-06-20T01:54:12Z,2026-06-20T03:54:12+0200,c30b8332-6a35-45c7-931f-0dc00a3a2bb4,2026-06-14T21:00:00Z,2026-06-14T23:00:00+0200,3392.9,MW,FR,FR,actual_onshore_wind_generation,Wind Onshore,2026-06-20T01:54:57Z
2026-06-20T01:54:12Z,2026-06-20T03:54:12+0200,c30b8332-6a35-45c7-931f-0dc00a3a2bb4,2026-06-14T21:15:00Z,2026-06-14T23:15:00+0200,3444.96,MW,FR,FR,actual_onshore_wind_generation,Wind Onshore,2026-06-20T01:54:57Z
2026-06-20T01:54:12Z,2026-06-20T03:54:12+0200,c30b8332-6a35-45c7-931f-0dc00a3a2bb4,2026-06-14T21:30:00Z,2026-06-14T23:30:00+0200,3511.93,MW,FR,FR,actual_onshore_wind_generation,Wind Onshore,2026-06-20T01:54:57Z
2026-06-20T01:54:12Z,2026-06-20T03:54:12+0200,c30b8332-6a35-45c7-931f-0dc00a3a2bb4,2026-06-14T21:45:00Z,2026-06-14T23:45:00+0200,3562.33,MW,FR,FR,actual_onshore_wind_generation,Wind Onshore,2026-06-20T01:54:57Z
2026-06-20T01:54:12Z,2026-06-20T03:54:12+0200,c30b8332-6a35-45c7-931f-0dc00a3a2bb4,2026-06-14T22:00:00Z,2026-06-15T00:00:00+0200,3564.17,MW,FR,FR,actual_onshore_wind_generation,Wind Onshore,2026-06-20T01:54:57Z
2026-06-20T01:54:12Z,2026-06-20T03:54:12+0200,c30b8332-6a35-45c7-931f-0dc00a3a2bb4,2026-06-14T22:15:00Z,2026-06-15T00:15:00+0200,3544.18,MW,FR,FR,actual_onshore_wind_generation,Wind Onshore,2026-06-20T01:54:57Z
2026-06-20T01:54:12Z,2026-06-20T03:54:12+0200,c30b8332-6a35-45c7-931f-0dc00a3a2bb4,2026-06-14T22:30:00Z,2026-06-15T00:30:00+0200,3476.09,MW,FR,FR,actual_onshore_wind_generation,Wind Onshore,2026-06-20T01:54:57Z
2026-06-20T01:54:12Z,2026-06-20T03:54:12+0200,c30b8332-6a35-45c7-931f-0dc00a3a2bb4,2026-06-14T22:45:00Z,2026-06-15T00:45:00+0200,3529.38,MW,FR,FR,actual_onshore_wind_generation,Wind Onshore,2026-06-20T01:54:57Z
2026-06-20T01:54:12Z,2026-06-20T03:54:12+0200,c30b8332-6a35-45c7-931f-0dc00a3a2bb4,2026-06-14T23:00:00Z,2026-06-15T01:00:00+0200,3545.97,MW,FR,FR,actual_onshore_wind_generation,Wind Onshore,2026-06-20T01:54:57Z
2026-06-20T01:54:12Z,2026-06-20T03:54:12+0200,c30b8332-6a35-45c7-931f-0dc00a3a2bb4,2026-06-14T23:15:00Z,2026-06-15T01:15:00+0200,3551.92,MW,FR,FR,actual_onshore_wind_generation,Wind Onshore,2026-06-20T01:54:57Z
2026-06-20T01:54:12Z,2026-06-20T03:54:12+0200,c30b8332-6a35-45c7-931f-0dc00a3a2bb4,2026-06-14T23:30:00Z,2026-06-15T01:30:00+0200,3509.23,MW,FR,FR,actual_onshore_wind_generation,Wind Onshore,2026-06-20T01:54:57Z
2026-06-20T01:54:12Z,2026-06-20T03:54:12+0200,c30b8332-6a35-45c7-931f-0dc00a3a2bb4,2026-06-14T23:45:00Z,2026-06-15T01:45:00+0200,3501.85,MW,FR,FR,actual_onshore_wind_generation,Wind Onshore,2026-06-20T01:54:57Z
2026-06-20T01:54:12Z,2026-06-20T03:54:12+0200,c30b8332-6a35-45c7-931f-0dc00a3a2bb4,2026-06-15T00:00:00Z,2026-06-15T02:00:00+0200,3440.26,MW,FR,FR,actual_onshore_wind_generation,Wind Onshore,2026-06-20T01:54:57Z
2026-06-20T01:54:12Z,2026-06-20T03:54:12+0200,c30b8332-6a35-45c7-931f-0dc00a3a2bb4,2026-06-15T00:15:00Z,2026-06-15T02:15:00+0200,3360.26,MW,FR,FR,actual_onshore_wind_generation,Wind Onshore,2026-06-20T01:54:57Z
2026-06-20T01:54:12Z,2026-06-20T03:54:12+0200,c30b8332-6a35-45c7-931f-0dc00a3a2bb4,2026-06-15T00:30:00Z,2026-06-15T02:30:00+0200,3308.01,MW,FR,FR,actual_onshore_wind_generation,Wind Onshore,2026-06-20T01:54:57Z
2026-06-20T01:54:12Z,2026-06-20T03:54:12+0200,c30b8332-6a35-45c7-931f-0dc00a3a2bb4,2026-06-15T00:45:00Z,2026-06-15T02:45:00+0200,3284.11,MW,FR,FR,actual_onshore_wind_generation,Wind Onshore,2026-06-20T01:54:57Z
2026-06-20T01:54:12Z,2026-06-20T03:54:12+0200,c30b8332-6a35-45c7-931f-0dc00a3a2bb4,2026-06-15T01:00:00Z,2026-06-15T03:00:00+0200,3245.5,MW,FR,FR,actual_onshore_wind_generation,Wind Onshore,2026-06-20T01:54:57Z
2026-06-20T01:54:12Z,2026-06-20T03:54:12+0200,c30b8332-6a35-45c7-931f-0dc00a3a2bb4,2026-06-15T01:15:00Z,2026-06-15T03:15:00+0200,3215.71,MW,FR,FR,actual_onshore_wind_generation,Wind Onshore,2026-06-20T01:54:57Z
2026-06-20T01:54:12Z,2026-06-20T03:54:12+0200,c30b8332-6a35-45c7-931f-0dc00a3a2bb4,2026-06-15T01:30:00Z,2026-06-15T03:30:00+0200,3138.69,MW,FR,FR,actual_onshore_wind_generation,Wind Onshore,2026-06-20T01:54:57Z
2026-06-20T01:54:12Z,2026-06-20T03:54:12+0200,c30b8332-6a35-45c7-931f-0dc00a3a2bb4,2026-06-15T01:45:00Z,2026-06-15T03:45:00+0200,3059.03,MW,FR,FR,actual_onshore_wind_generation,Wind Onshore,2026-06-20T01:54:57Z
2026-06-20T01:54:12Z,2026-06-20T03:54:12+0200,c30b8332-6a35-45c7-931f-0dc00a3a2bb4,2026-06-15T02:00:00Z,2026-06-15T04:00:00+0200,3038.98,MW,FR,FR,actual_onshore_wind_generation,Wind Onshore,2026-06-20T01:54:57Z
2026-06-20T01:54:12Z,2026-06-20T03:54:12+0200,c30b8332-6a35-45c7-931f-0dc00a3a2bb4,2026-06-15T02:15:00Z,2026-06-15T04:15:00+0200,3011.39,MW,FR,FR,actual_onshore_wind_generation,Wind Onshore,2026-06-20T01:54:57Z
2026-06-20T01:54:12Z,2026-06-20T03:54:12+0200,c30b8332-6a35-45c7-931f-0dc00a3a2bb4,2026-06-15T02:30:00Z,2026-06-15T04:30:00+0200,3009.97,MW,FR,FR,actual_onshore_wind_generation,Wind Onshore,2026-06-20T01:54:57Z
2026-06-20T01:54:12Z,2026-06-20T03:54:12+0200,c30b8332-6a35-45c7-931f-0dc00a3a2bb4,2026-06-15T02:45:00Z,2026-06-15T04:45:00+0200,2961.52,MW,FR,FR,actual_onshore_wind_generation,Wind Onshore,2026-06-20T01:54:57Z
2026-06-20T01:54:12Z,2026-06-20T03:54:12+0200,c30b8332-6a35-45c7-931f-0dc00a3a2bb4,2026-06-15T03:00:00Z,2026-06-15T05:00:00+0200,2886.53,MW,FR,FR,actual_onshore_wind_generation,Wind Onshore,2026-06-20T01:54:57Z
2026-06-20T01:54:12Z,2026-06-20T03:54:12+0200,c30b8332-6a35-45c7-931f-0dc00a3a2bb4,2026-06-15T03:15:00Z,2026-06-15T05:15:00+0200,2786.45,MW,FR,FR,actual_onshore_wind_generation,Wind Onshore,2026-06-20T01:54:57Z
2026-06-20T01:54:12Z,2026-06-20T03:54:12+0200,c30b8332-6a35-45c7-931f-0dc00a3a2bb4,2026-06-15T03:30:00Z,2026-06-15T05:30:00+0200,2771.35,MW,FR,FR,actual_onshore_wind_generation,Wind Onshore,2026-06-20T01:54:57Z
2026-06-20T01:54:12Z,2026-06-20T03:54:12+0200,c30b8332-6a35-45c7-931f-0dc00a3a2bb4,2026-06-15T03:45:00Z,2026-06-15T05:45:00+0200,2788.76,MW,FR,FR,actual_onshore_wind_generation,Wind Onshore,2026-06-20T01:54:57Z
2026-06-20T01:54:12Z,2026-06-20T03:54:12+0200,c30b8332-6a35-45c7-931f-0dc00a3a2bb4,2026-06-15T04:00:00Z,2026-06-15T06:00:00+0200,2854.86,MW,FR,FR,actual_onshore_wind_generation,Wind Onshore,2026-06-20T01:54:57Z
2026-06-20T01:54:12Z,2026-06-20T03:54:12+0200,c30b8332-6a35-45c7-931f-0dc00a3a2bb4,2026-06-15T04:15:00Z,2026-06-15T06:15:00+0200,2834.93,MW,FR,FR,actual_onshore_wind_generation,Wind Onshore,2026-06-20T01:54:57Z
2026-06-20T01:54:12Z,2026-06-20T03:54:12+0200,c30b8332-6a35-45c7-931f-0dc00a3a2bb4,2026-06-15T04:30:00Z,2026-06-15T06:30:00+0200,2802.54,MW,FR,FR,actual_onshore_wind_generation,Wind Onshore,2026-06-20T01:54:57Z
2026-06-20T01:54:12Z,2026-06-20T03:54:12+0200,c30b8332-6a35-45c7-931f-0dc00a3a2bb4,2026-06-15T04:45:00Z,2026-06-15T06:45:00+0200,2824.5,MW,FR,FR,actual_onshore_wind_generation,Wind Onshore,2026-06-20T01:54:57Z
2026-06-20T01:54:12Z,2026-06-20T03:54:12+0200,c30b8332-6a35-45c7-931f-0dc00a3a2bb4,2026-06-15T05:00:00Z,2026-06-15T07:00:00+0200,2905.98,MW,FR,FR,actual_onshore_wind_generation,Wind Onshore,2026-06-20T01:54:57Z
2026-06-20T01:54:12Z,2026-06-20T03:54:12+0200,c30b8332-6a35-45c7-931f-0dc00a3a2bb4,2026-06-15T05:15:00Z,2026-06-15T07:15:00+0200,2861.84,MW,FR,FR,actual_onshore_wind_generation,Wind Onshore,2026-06-20T01:54:57Z
2026-06-20T01:54:12Z,2026-06-20T03:54:12+0200,c30b8332-6a35-45c7-931f-0dc00a3a2bb4,2026-06-15T05:30:00Z,2026-06-15T07:30:00+0200,2708.91,MW,FR,FR,actual_onshore_wind_generation,Wind Onshore,2026-06-20T01:54:57Z
2026-06-20T01:54:12Z,2026-06-20T03:54:12+0200,c30b8332-6a35-45c7-931f-0dc00a3a2bb4,2026-06-15T05:45:00Z,2026-06-15T07:45:00+0200,2558.86,MW,FR,FR,actual_onshore_wind_generation,Wind Onshore,2026-06-20T01:54:57Z
2026-06-20T01:54:12Z,2026-06-20T03:54:12+0200,c30b8332-6a35-45c7-931f-0dc00a3a2bb4,2026-06-15T06:00:00Z,2026-06-15T08:00:00+0200,2303.76,MW,FR,FR,actual_onshore_wind_generation,Wind Onshore,2026-06-20T01:54:57Z
2026-06-20T01:54:12Z,2026-06-20T03:54:12+0200,c30b8332-6a35-45c7-931f-0dc00a3a2bb4,2026-06-15T06:15:00Z,2026-06-15T08:15:00+0200,2071.13,MW,FR,FR,actual_onshore_wind_generation,Wind Onshore,2026-06-20T01:54:57Z
2026-06-20T01:54:12Z,2026-06-20T03:54:12+0200,c30b8332-6a35-45c7-931f-0dc00a3a2bb4,2026-06-15T06:30:00Z,2026-06-15T08:30:00+0200,1871.97,MW,FR,FR,actual_onshore_wind_generation,Wind Onshore,2026-06-20T01:54:57Z
2026-06-20T01:54:12Z,2026-06-20T03:54:12+0200,c30b8332-6a35-45c7-931f-0dc00a3a2bb4,2026-06-15T06:45:00Z,2026-06-15T08:45:00+0200,1656.23,MW,FR,FR,actual_onshore_wind_generation,Wind Onshore,2026-06-20T01:54:57Z
2026-06-20T01:54:12Z,2026-06-20T03:54:12+0200,c30b8332-6a35-45c7-931f-0dc00a3a2bb4,2026-06-15T07:00:00Z,2026-06-15T09:00:00+0200,1478.53,MW,FR,FR,actual_onshore_wind_generation,Wind Onshore,2026-06-20T01:54:57Z
2026-06-20T01:54:12Z,2026-06-20T03:54:12+0200,c30b8332-6a35-45c7-931f-0dc00a3a2bb4,2026-06-15T07:15:00Z,2026-06-15T09:15:00+0200,1321.34,MW,FR,FR,actual_onshore_wind_generation,Wind Onshore,2026-06-20T01:54:57Z
2026-06-20T01:54:12Z,2026-06-20T03:54:12+0200,c30b8332-6a35-45c7-931f-0dc00a3a2bb4,2026-06-15T07:30:00Z,2026-06-15T09:30:00+0200,1244.06,MW,FR,FR,actual_onshore_wind_generation,Wind Onshore,2026-06-20T01:54:57Z
2026-06-20T01:54:12Z,2026-06-20T03:54:12+0200,c30b8332-6a35-45c7-931f-0dc00a3a2bb4,2026-06-15T07:45:00Z,2026-06-15T09:45:00+0200,1179.47,MW,FR,FR,actual_onshore_wind_generation,Wind Onshore,2026-06-20T01:54:57Z
2026-06-20T01:54:12Z,2026-06-20T03:54:12+0200,c30b8332-6a35-45c7-931f-0dc00a3a2bb4,2026-06-15T08:00:00Z,2026-06-15T10:00:00+0200,1118.08,MW,FR,FR,actual_onshore_wind_generation,Wind Onshore,2026-06-20T01:54:57Z
2026-06-20T01:54:12Z,2026-06-20T03:54:12+0200,c30b8332-6a35-45c7-931f-0dc00a3a2bb4,2026-06-15T08:15:00Z,2026-06-15T10:15:00+0200,1118.27,MW,FR,FR,actual_onshore_wind_generation,Wind Onshore,2026-06-20T01:54:57Z
2026-06-20T01:54:12Z,2026-06-20T03:54:12+0200,c30b8332-6a35-45c7-931f-0dc00a3a2bb4,2026-06-15T08:30:00Z,2026-06-15T10:30:00+0200,1130.02,MW,FR,FR,actual_onshore_wind_generation,Wind Onshore,2026-06-20T01:54:57Z
2026-06-20T01:54:12Z,2026-06-20T03:54:12+0200,c30b8332-6a35-45c7-931f-0dc00a3a2bb4,2026-06-15T08:45:00Z,2026-06-15T10:45:00+0200,1177.46,MW,FR,FR,actual_onshore_wind_generation,Wind Onshore,2026-06-20T01:54:57Z
2026-06-20T01:54:12Z,2026-06-20T03:54:12+0200,c30b8332-6a35-45c7-931f-0dc00a3a2bb4,2026-06-15T09:00:00Z,2026-06-15T11:00:00+0200,1191.44,MW,FR,FR,actual_onshore_wind_generation,Wind Onshore,2026-06-20T01:54:57Z
2026-06-20T01:54:12Z,2026-06-20T03:54:12+0200,c30b8332-6a35-45c7-931f-0dc00a3a2bb4,2026-06-15T09:15:00Z,2026-06-15T11:15:00+0200,1125.39,MW,FR,FR,actual_onshore_wind_generation,Wind Onshore,2026-06-20T01:54:57Z
2026-06-20T01:54:12Z,2026-06-20T03:54:12+0200,c30b8332-6a35-45c7-931f-0dc00a3a2bb4,2026-06-15T09:30:00Z,2026-06-15T11:30:00+0200,1006.92,MW,FR,FR,actual_onshore_wind_generation,Wind Onshore,2026-06-20T01:54:57Z
2026-06-20T01:54:12Z,2026-06-20T03:54:12+0200,c30b8332-6a35-45c7-931f-0dc00a3a2bb4,2026-06-15T09:45:00Z,2026-06-15T11:45:00+0200,1064.84,MW,FR,FR,actual_onshore_wind_generation,Wind Onshore,2026-06-20T01:54:57Z
2026-06-20T01:54:12Z,2026-06-20T03:54:12+0200,c30b8332-6a35-45c7-931f-0dc00a3a2bb4,2026-06-15T10:00:00Z,2026-06-15T12:00:00+0200,1125.83,MW,FR,FR,actual_onshore_wind_generation,Wind Onshore,2026-06-20T01:54:57Z
2026-06-20T01:54:12Z,2026-06-20T03:54:12+0200,c30b8332-6a35-45c7-931f-0dc00a3a2bb4,2026-06-15T10:15:00Z,2026-06-15T12:15:00+0200,1280.24,MW,FR,FR,actual_onshore_wind_generation,Wind Onshore,2026-06-20T01:54:57Z
2026-06-20T01:54:12Z,2026-06-20T03:54:12+0200,c30b8332-6a35-45c7-931f-0dc00a3a2bb4,2026-06-15T10:30:00Z,2026-06-15T12:30:00+0200,1482.74,MW,FR,FR,actual_onshore_wind_generation,Wind Onshore,2026-06-20T01:54:57Z
2026-06-20T01:54:12Z,2026-06-20T03:54:12+0200,c30b8332-6a35-45c7-931f-0dc00a3a2bb4,2026-06-15T10:45:00Z,2026-06-15T12:45:00+0200,1498.49,MW,FR,FR,actual_onshore_wind_generation,Wind Onshore,2026-06-20T01:54:57Z
2026-06-20T01:54:12Z,2026-06-20T03:54:12+0200,c30b8332-6a35-45c7-931f-0dc00a3a2bb4,2026-06-15T11:00:00Z,2026-06-15T13:00:00+0200,1524.81,MW,FR,FR,actual_onshore_wind_generation,Wind Onshore,2026-06-20T01:54:57Z
2026-06-20T01:54:12Z,2026-06-20T03:54:12+0200,c30b8332-6a35-45c7-931f-0dc00a3a2bb4,2026-06-15T11:15:00Z,2026-06-15T13:15:00+0200,1519.56,MW,FR,FR,actual_onshore_wind_generation,Wind Onshore,2026-06-20T01:54:57Z
2026-06-20T01:54:12Z,2026-06-20T03:54:12+0200,c30b8332-6a35-45c7-931f-0dc00a3a2bb4,2026-06-15T11:30:00Z,2026-06-15T13:30:00+0200,1527.04,MW,FR,FR,actual_onshore_wind_generation,Wind Onshore,2026-06-20T01:54:57Z
2026-06-20T01:54:12Z,2026-06-20T03:54:12+0200,c30b8332-6a35-45c7-931f-0dc00a3a2bb4,2026-06-15T11:45:00Z,2026-06-15T13:45:00+0200,1520.25,MW,FR,FR,actual_onshore_wind_generation,Wind Onshore,2026-06-20T01:54:57Z
2026-06-20T01:54:12Z,2026-06-20T03:54:12+0200,c30b8332-6a35-45c7-931f-0dc00a3a2bb4,2026-06-15T12:00:00Z,2026-06-15T14:00:00+0200,1517.85,MW,FR,FR,actual_onshore_wind_generation,Wind Onshore,2026-06-20T01:54:57Z
2026-06-20T01:54:12Z,2026-06-20T03:54:12+0200,c30b8332-6a35-45c7-931f-0dc00a3a2bb4,2026-06-15T12:15:00Z,2026-06-15T14:15:00+0200,1528.26,MW,FR,FR,actual_onshore_wind_generation,Wind Onshore,2026-06-20T01:54:57Z
2026-06-20T01:54:12Z,2026-06-20T03:54:12+0200,c30b8332-6a35-45c7-931f-0dc00a3a2bb4,2026-06-15T12:30:00Z,2026-06-15T14:30:00+0200,1517.75,MW,FR,FR,actual_onshore_wind_generation,Wind Onshore,2026-06-20T01:54:57Z
2026-06-20T01:54:12Z,2026-06-20T03:54:12+0200,c30b8332-6a35-45c7-931f-0dc00a3a2bb4,2026-06-15T12:45:00Z,2026-06-15T14:45:00+0200,1497.5,MW,FR,FR,actual_onshore_wind_generation,Wind Onshore,2026-06-20T01:54:57Z
2026-06-20T01:54:12Z,2026-06-20T03:54:12+0200,c30b8332-6a35-45c7-931f-0dc00a3a2bb4,2026-06-15T13:00:00Z,2026-06-15T15:00:00+0200,1546.22,MW,FR,FR,actual_onshore_wind_generation,Wind Onshore,2026-06-20T01:54:57Z
2026-06-20T01:54:12Z,2026-06-20T03:54:12+0200,c30b8332-6a35-45c7-931f-0dc00a3a2bb4,2026-06-15T13:15:00Z,2026-06-15T15:15:00+0200,1569.42,MW,FR,FR,actual_onshore_wind_generation,Wind Onshore,2026-06-20T01:54:57Z
2026-06-20T01:54:12Z,2026-06-20T03:54:12+0200,c30b8332-6a35-45c7-931f-0dc00a3a2bb4,2026-06-15T13:30:00Z,2026-06-15T15:30:00+0200,1603.44,MW,FR,FR,actual_onshore_wind_generation,Wind Onshore,2026-06-20T01:54:57Z
2026-06-20T01:54:12Z,2026-06-20T03:54:12+0200,c30b8332-6a35-45c7-931f-0dc00a3a2bb4,2026-06-15T13:45:00Z,2026-06-15T15:45:00+0200,1633.56,MW,FR,FR,actual_onshore_wind_generation,Wind Onshore,2026-06-20T01:54:57Z
2026-06-20T01:54:12Z,2026-06-20T03:54:12+0200,c30b8332-6a35-45c7-931f-0dc00a3a2bb4,2026-06-15T14:00:00Z,2026-06-15T16:00:00+0200,1659.74,MW,FR,FR,actual_onshore_wind_generation,Wind Onshore,2026-06-20T01:54:57Z
2026-06-20T01:54:12Z,2026-06-20T03:54:12+0200,c30b8332-6a35-45c7-931f-0dc00a3a2bb4,2026-06-15T14:15:00Z,2026-06-15T16:15:00+0200,1674.7,MW,FR,FR,actual_onshore_wind_generation,Wind Onshore,2026-06-20T01:54:57Z
2026-06-20T01:54:12Z,2026-06-20T03:54:12+0200,c30b8332-6a35-45c7-931f-0dc00a3a2bb4,2026-06-15T14:30:00Z,2026-06-15T16:30:00+0200,1686.33,MW,FR,FR,actual_onshore_wind_generation,Wind Onshore,2026-06-20T01:54:57Z
2026-06-20T01:54:12Z,2026-06-20T03:54:12+0200,c30b8332-6a35-45c7-931f-0dc00a3a2bb4,2026-06-15T14:45:00Z,2026-06-15T16:45:00+0200,1723.02,MW,FR,FR,actual_onshore_wind_generation,Wind Onshore,2026-06-20T01:54:57Z
2026-06-20T01:54:12Z,2026-06-20T03:54:12+0200,c30b8332-6a35-45c7-931f-0dc00a3a2bb4,2026-06-15T15:00:00Z,2026-06-15T17:00:00+0200,1749.31,MW,FR,FR,actual_onshore_wind_generation,Wind Onshore,2026-06-20T01:54:57Z
2026-06-20T01:54:12Z,2026-06-20T03:54:12+0200,c30b8332-6a35-45c7-931f-0dc00a3a2bb4,2026-06-15T15:15:00Z,2026-06-15T17:15:00+0200,1726.05,MW,FR,FR,actual_onshore_wind_generation,Wind Onshore,2026-06-20T01:54:57Z
2026-06-20T01:54:12Z,2026-06-20T03:54:12+0200,c30b8332-6a35-45c7-931f-0dc00a3a2bb4,2026-06-15T15:30:00Z,2026-06-15T17:30:00+0200,1759.65,MW,FR,FR,actual_onshore_wind_generation,Wind Onshore,2026-06-20T01:54:57Z
2026-06-20T01:54:12Z,2026-06-20T03:54:12+0200,c30b8332-6a35-45c7-931f-0dc00a3a2bb4,2026-06-15T15:45:00Z,2026-06-15T17:45:00+0200,1768.0,MW,FR,FR,actual_onshore_wind_generation,Wind Onshore,2026-06-20T01:54:57Z
2026-06-20T01:54:12Z,2026-06-20T03:54:12+0200,c30b8332-6a35-45c7-931f-0dc00a3a2bb4,2026-06-15T16:00:00Z,2026-06-15T18:00:00+0200,1765.67,MW,FR,FR,actual_onshore_wind_generation,Wind Onshore,2026-06-20T01:54:57Z
2026-06-20T01:54:12Z,2026-06-20T03:54:12+0200,c30b8332-6a35-45c7-931f-0dc00a3a2bb4,2026-06-15T16:15:00Z,2026-06-15T18:15:00+0200,1817.54,MW,FR,FR,actual_onshore_wind_generation,Wind Onshore,2026-06-20T01:54:57Z
2026-06-20T01:54:12Z,2026-06-20T03:54:12+0200,c30b8332-6a35-45c7-931f-0dc00a3a2bb4,2026-06-15T16:30:00Z,2026-06-15T18:30:00+0200,1828.29,MW,FR,FR,actual_onshore_wind_generation,Wind Onshore,2026-06-20T01:54:57Z
2026-06-20T01:54:12Z,2026-06-20T03:54:12+0200,c30b8332-6a35-45c7-931f-0dc00a3a2bb4,2026-06-15T16:45:00Z,2026-06-15T18:45:00+0200,1835.23,MW,FR,FR,actual_onshore_wind_generation,Wind Onshore,2026-06-20T01:54:57Z
2026-06-20T01:54:12Z,2026-06-20T03:54:12+0200,c30b8332-6a35-45c7-931f-0dc00a3a2bb4,2026-06-15T17:00:00Z,2026-06-15T19:00:00+0200,1804.14,MW,FR,FR,actual_onshore_wind_generation,Wind Onshore,2026-06-20T01:54:57Z
2026-06-20T01:54:12Z,2026-06-20T03:54:12+0200,c30b8332-6a35-45c7-931f-0dc00a3a2bb4,2026-06-15T17:15:00Z,2026-06-15T19:15:00+0200,1789.3,MW,FR,FR,actual_onshore_wind_generation,Wind Onshore,2026-06-20T01:54:57Z
2026-06-20T01:54:12Z,2026-06-20T03:54:12+0200,c30b8332-6a35-45c7-931f-0dc00a3a2bb4,2026-06-15T17:30:00Z,2026-06-15T19:30:00+0200,1746.72,MW,FR,FR,actual_onshore_wind_generation,Wind Onshore,2026-06-20T01:54:57Z
2026-06-20T01:54:12Z,2026-06-20T03:54:12+0200,c30b8332-6a35-45c7-931f-0dc00a3a2bb4,2026-06-15T17:45:00Z,2026-06-15T19:45:00+0200,1776.86,MW,FR,FR,actual_onshore_wind_generation,Wind Onshore,2026-06-20T01:54:57Z
2026-06-20T01:54:12Z,2026-06-20T03:54:12+0200,c30b8332-6a35-45c7-931f-0dc00a3a2bb4,2026-06-15T18:00:00Z,2026-06-15T20:00:00+0200,1869.13,MW,FR,FR,actual_onshore_wind_generation,Wind Onshore,2026-06-20T01:54:57Z
2026-06-20T01:54:12Z,2026-06-20T03:54:12+0200,c30b8332-6a35-45c7-931f-0dc00a3a2bb4,2026-06-15T18:15:00Z,2026-06-15T20:15:00+0200,1979.96,MW,FR,FR,actual_onshore_wind_generation,Wind Onshore,2026-06-20T01:54:57Z
2026-06-20T01:54:12Z,2026-06-20T03:54:12+0200,c30b8332-6a35-45c7-931f-0dc00a3a2bb4,2026-06-15T18:30:00Z,2026-06-15T20:30:00+0200,2144.06,MW,FR,FR,actual_onshore_wind_generation,Wind Onshore,2026-06-20T01:54:57Z
2026-06-20T01:54:12Z,2026-06-20T03:54:12+0200,c30b8332-6a35-45c7-931f-0dc00a3a2bb4,2026-06-15T18:45:00Z,2026-06-15T20:45:00+0200,2261.48,MW,FR,FR,actual_onshore_wind_generation,Wind Onshore,2026-06-20T01:54:57Z
2026-06-20T01:54:12Z,2026-06-20T03:54:12+0200,c30b8332-6a35-45c7-931f-0dc00a3a2bb4,2026-06-15T19:00:00Z,2026-06-15T21:00:00+0200,2369.44,MW,FR,FR,actual_onshore_wind_generation,Wind Onshore,2026-06-20T01:54:57Z
2026-06-20T01:54:12Z,2026-06-20T03:54:12+0200,c30b8332-6a35-45c7-931f-0dc00a3a2bb4,2026-06-15T19:15:00Z,2026-06-15T21:15:00+0200,2478.42,MW,FR,FR,actual_onshore_wind_generation,Wind Onshore,2026-06-20T01:54:57Z
2026-06-20T01:54:12Z,2026-06-20T03:54:12+0200,c30b8332-6a35-45c7-931f-0dc00a3a2bb4,2026-06-15T19:30:00Z,2026-06-15T21:30:00+0200,2631.63,MW,FR,FR,actual_onshore_wind_generation,Wind Onshore,2026-06-20T01:54:57Z
2026-06-20T01:54:12Z,2026-06-20T03:54:12+0200,c30b8332-6a35-45c7-931f-0dc00a3a2bb4,2026-06-15T19:45:00Z,2026-06-15T21:45:00+0200,2818.54,MW,FR,FR,actual_onshore_wind_generation,Wind Onshore,2026-06-20T01:54:57Z
2026-06-20T01:54:12Z,2026-06-20T03:54:12+0200,c30b8332-6a35-45c7-931f-0dc00a3a2bb4,2026-06-15T20:00:00Z,2026-06-15T22:00:00+0200,2935.26,MW,FR,FR,actual_onshore_wind_generation,Wind Onshore,2026-06-20T01:54:57Z
2026-06-20T01:54:12Z,2026-06-20T03:54:12+0200,c30b8332-6a35-45c7-931f-0dc00a3a2bb4,2026-06-15T20:15:00Z,2026-06-15T22:15:00+0200,3100.97,MW,FR,FR,actual_onshore_wind_generation,Wind Onshore,2026-06-20T01:54:57Z
2026-06-20T01:54:12Z,2026-06-20T03:54:12+0200,c30b8332-6a35-45c7-931f-0dc00a3a2bb4,2026-06-15T20:30:00Z,2026-06-15T22:30:00+0200,3259.7,MW,FR,FR,actual_onshore_wind_generation,Wind Onshore,2026-06-20T01:54:57Z
2026-06-20T01:54:12Z,2026-06-20T03:54:12+0200,c30b8332-6a35-45c7-931f-0dc00a3a2bb4,2026-06-15T20:45:00Z,2026-06-15T22:45:00+0200,3361.01,MW,FR,FR,actual_onshore_wind_generation,Wind Onshore,2026-06-20T01:54:57Z
2026-06-20T01:54:12Z,2026-06-20T03:54:12+0200,c30b8332-6a35-45c7-931f-0dc00a3a2bb4,2026-06-15T21:00:00Z,2026-06-15T23:00:00+0200,3420.16,MW,FR,FR,actual_onshore_wind_generation,Wind Onshore,2026-06-20T01:54:57Z
2026-06-20T01:54:12Z,2026-06-20T03:54:12+0200,c30b8332-6a35-45c7-931f-0dc00a3a2bb4,2026-06-15T21:15:00Z,2026-06-15T23:15:00+0200,3538.93,MW,FR,FR,actual_onshore_wind_generation,Wind Onshore,2026-06-20T01:54:57Z
2026-06-20T01:54:12Z,2026-06-20T03:54:12+0200,c30b8332-6a35-45c7-931f-0dc00a3a2bb4,2026-06-15T21:30:00Z,2026-06-15T23:30:00+0200,3527.69,MW,FR,FR,actual_onshore_wind_generation,Wind Onshore,2026-06-20T01:54:57Z
2026-06-20T01:54:12Z,2026-06-20T03:54:12+0200,c30b8332-6a35-45c7-931f-0dc00a3a2bb4,2026-06-15T21:45:00Z,2026-06-15T23:45:00+0200,3721.18,MW,FR,FR,actual_onshore_wind_generation,Wind Onshore,2026-06-20T01:54:57Z
2026-06-20T01:54:12Z,2026-06-20T03:54:12+0200,c30b8332-6a35-45c7-931f-0dc00a3a2bb4,2026-06-15T22:00:00Z,2026-06-16T00:00:00+0200,3849.28,MW,FR,FR,actual_onshore_wind_generation,Wind Onshore,2026-06-20T01:54:57Z
2026-06-20T01:54:12Z,2026-06-20T03:54:12+0200,c30b8332-6a35-45c7-931f-0dc00a3a2bb4,2026-06-15T22:15:00Z,2026-06-16T00:15:00+0200,3895.98,MW,FR,FR,actual_onshore_wind_generation,Wind Onshore,2026-06-20T01:54:57Z
2026-06-20T01:54:12Z,2026-06-20T03:54:12+0200,c30b8332-6a35-45c7-931f-0dc00a3a2bb4,2026-06-15T22:30:00Z,2026-06-16T00:30:00+0200,4029.93,MW,FR,FR,actual_onshore_wind_generation,Wind Onshore,2026-06-20T01:54:57Z
2026-06-20T01:54:12Z,2026-06-20T03:54:12+0200,c30b8332-6a35-45c7-931f-0dc00a3a2bb4,2026-06-15T22:45:00Z,2026-06-16T00:45:00+0200,4086.56,MW,FR,FR,actual_onshore_wind_generation,Wind Onshore,2026-06-20T01:54:57Z
2026-06-20T01:54:12Z,2026-06-20T03:54:12+0200,c30b8332-6a35-45c7-931f-0dc00a3a2bb4,2026-06-15T23:00:00Z,2026-06-16T01:00:00+0200,4147.36,MW,FR,FR,actual_onshore_wind_generation,Wind Onshore,2026-06-20T01:54:57Z
2026-06-20T01:54:12Z,2026-06-20T03:54:12+0200,c30b8332-6a35-45c7-931f-0dc00a3a2bb4,2026-06-15T23:15:00Z,2026-06-16T01:15:00+0200,4169.36,MW,FR,FR,actual_onshore_wind_generation,Wind Onshore,2026-06-20T01:54:57Z
2026-06-20T01:54:12Z,2026-06-20T03:54:12+0200,c30b8332-6a35-45c7-931f-0dc00a3a2bb4,2026-06-15T23:30:00Z,2026-06-16T01:30:00+0200,4106.02,MW,FR,FR,actual_onshore_wind_generation,Wind Onshore,2026-06-20T01:54:57Z
2026-06-20T01:54:12Z,2026-06-20T03:54:12+0200,c30b8332-6a35-45c7-931f-0dc00a3a2bb4,2026-06-15T23:45:00Z,2026-06-16T01:45:00+0200,4168.75,MW,FR,FR,actual_onshore_wind_generation,Wind Onshore,2026-06-20T01:54:57Z
2026-06-20T01:54:12Z,2026-06-20T03:54:12+0200,c30b8332-6a35-45c7-931f-0dc00a3a2bb4,2026-06-16T00:00:00Z,2026-06-16T02:00:00+0200,4193.04,MW,FR,FR,actual_onshore_wind_generation,Wind Onshore,2026-06-20T01:54:57Z
2026-06-20T01:54:12Z,2026-06-20T03:54:12+0200,c30b8332-6a35-45c7-931f-0dc00a3a2bb4,2026-06-16T00:15:00Z,2026-06-16T02:15:00+0200,4243.47,MW,FR,FR,actual_onshore_wind_generation,Wind Onshore,2026-06-20T01:54:57Z
2026-06-20T01:54:12Z,2026-06-20T03:54:12+0200,c30b8332-6a35-45c7-931f-0dc00a3a2bb4,2026-06-16T00:30:00Z,2026-06-16T02:30:00+0200,4255.09,MW,FR,FR,actual_onshore_wind_generation,Wind Onshore,2026-06-20T01:54:57Z
2026-06-20T01:54:12Z,2026-06-20T03:54:12+0200,c30b8332-6a35-45c7-931f-0dc00a3a2bb4,2026-06-16T00:45:00Z,2026-06-16T02:45:00+0200,4051.48,MW,FR,FR,actual_onshore_wind_generation,Wind Onshore,2026-06-20T01:54:57Z
2026-06-20T01:54:12Z,2026-06-20T03:54:12+0200,c30b8332-6a35-45c7-931f-0dc00a3a2bb4,2026-06-16T01:00:00Z,2026-06-16T03:00:00+0200,3815.76,MW,FR,FR,actual_onshore_wind_generation,Wind Onshore,2026-06-20T01:54:57Z
2026-06-20T01:54:12Z,2026-06-20T03:54:12+0200,c30b8332-6a35-45c7-931f-0dc00a3a2bb4,2026-06-16T01:15:00Z,2026-06-16T03:15:00+0200,3559.35,MW,FR,FR,actual_onshore_wind_generation,Wind Onshore,2026-06-20T01:54:57Z
2026-06-20T01:54:12Z,2026-06-20T03:54:12+0200,c30b8332-6a35-45c7-931f-0dc00a3a2bb4,2026-06-16T01:30:00Z,2026-06-16T03:30:00+0200,3575.52,MW,FR,FR,actual_onshore_wind_generation,Wind Onshore,2026-06-20T01:54:57Z
2026-06-20T01:54:12Z,2026-06-20T03:54:12+0200,c30b8332-6a35-45c7-931f-0dc00a3a2bb4,2026-06-16T01:45:00Z,2026-06-16T03:45:00+0200,3460.21,MW,FR,FR,actual_onshore_wind_generation,Wind Onshore,2026-06-20T01:54:57Z
2026-06-20T01:54:12Z,2026-06-20T03:54:12+0200,c30b8332-6a35-45c7-931f-0dc00a3a2bb4,2026-06-16T02:00:00Z,2026-06-16T04:00:00+0200,3255.47,MW,FR,FR,actual_onshore_wind_generation,Wind Onshore,2026-06-20T01:54:57Z
2026-06-20T01:54:12Z,2026-06-20T03:54:12+0200,c30b8332-6a35-45c7-931f-0dc00a3a2bb4,2026-06-16T02:15:00Z,2026-06-16T04:15:00+0200,3015.44,MW,FR,FR,actual_onshore_wind_generation,Wind Onshore,2026-06-20T01:54:57Z
2026-06-20T01:54:12Z,2026-06-20T03:54:12+0200,c30b8332-6a35-45c7-931f-0dc00a3a2bb4,2026-06-16T02:30:00Z,2026-06-16T04:30:00+0200,2931.03,MW,FR,FR,actual_onshore_wind_generation,Wind Onshore,2026-06-20T01:54:57Z
2026-06-20T01:54:12Z,2026-06-20T03:54:12+0200,c30b8332-6a35-45c7-931f-0dc00a3a2bb4,2026-06-16T02:45:00Z,2026-06-16T04:45:00+0200,2960.55,MW,FR,FR,actual_onshore_wind_generation,Wind Onshore,2026-06-20T01:54:57Z
2026-06-20T01:54:12Z,2026-06-20T03:54:12+0200,c30b8332-6a35-45c7-931f-0dc00a3a2bb4,2026-06-16T03:00:00Z,2026-06-16T05:00:00+0200,3036.58,MW,FR,FR,actual_onshore_wind_generation,Wind Onshore,2026-06-20T01:54:57Z
2026-06-20T01:54:12Z,2026-06-20T03:54:12+0200,c30b8332-6a35-45c7-931f-0dc00a3a2bb4,2026-06-16T03:15:00Z,2026-06-16T05:15:00+0200,3052.44,MW,FR,FR,actual_onshore_wind_generation,Wind Onshore,2026-06-20T01:54:57Z
2026-06-20T01:54:12Z,2026-06-20T03:54:12+0200,c30b8332-6a35-45c7-931f-0dc00a3a2bb4,2026-06-16T03:30:00Z,2026-06-16T05:30:00+0200,2959.74,MW,FR,FR,actual_onshore_wind_generation,Wind Onshore,2026-06-20T01:54:57Z
2026-06-20T01:54:12Z,2026-06-20T03:54:12+0200,c30b8332-6a35-45c7-931f-0dc00a3a2bb4,2026-06-16T03:45:00Z,2026-06-16T05:45:00+0200,2889.01,MW,FR,FR,actual_onshore_wind_generation,Wind Onshore,2026-06-20T01:54:57Z
2026-06-20T01:54:12Z,2026-06-20T03:54:12+0200,c30b8332-6a35-45c7-931f-0dc00a3a2bb4,2026-06-16T04:00:00Z,2026-06-16T06:00:00+0200,2940.52,MW,FR,FR,actual_onshore_wind_generation,Wind Onshore,2026-06-20T01:54:57Z
2026-06-20T01:54:12Z,2026-06-20T03:54:12+0200,c30b8332-6a35-45c7-931f-0dc00a3a2bb4,2026-06-16T04:15:00Z,2026-06-16T06:15:00+0200,3074.83,MW,FR,FR,actual_onshore_wind_generation,Wind Onshore,2026-06-20T01:54:57Z
2026-06-20T01:54:12Z,2026-06-20T03:54:12+0200,c30b8332-6a35-45c7-931f-0dc00a3a2bb4,2026-06-16T04:30:00Z,2026-06-16T06:30:00+0200,3007.24,MW,FR,FR,actual_onshore_wind_generation,Wind Onshore,2026-06-20T01:54:57Z
2026-06-20T01:54:12Z,2026-06-20T03:54:12+0200,c30b8332-6a35-45c7-931f-0dc00a3a2bb4,2026-06-16T04:45:00Z,2026-06-16T06:45:00+0200,2842.04,MW,FR,FR,actual_onshore_wind_generation,Wind Onshore,2026-06-20T01:54:57Z
2026-06-20T01:54:12Z,2026-06-20T03:54:12+0200,c30b8332-6a35-45c7-931f-0dc00a3a2bb4,2026-06-16T05:00:00Z,2026-06-16T07:00:00+0200,2770.16,MW,FR,FR,actual_onshore_wind_generation,Wind Onshore,2026-06-20T01:54:57Z
2026-06-20T01:54:12Z,2026-06-20T03:54:12+0200,c30b8332-6a35-45c7-931f-0dc00a3a2bb4,2026-06-16T05:15:00Z,2026-06-16T07:15:00+0200,2721.42,MW,FR,FR,actual_onshore_wind_generation,Wind Onshore,2026-06-20T01:54:57Z
2026-06-20T01:54:12Z,2026-06-20T03:54:12+0200,c30b8332-6a35-45c7-931f-0dc00a3a2bb4,2026-06-16T05:30:00Z,2026-06-16T07:30:00+0200,2713.33,MW,FR,FR,actual_onshore_wind_generation,Wind Onshore,2026-06-20T01:54:57Z
2026-06-20T01:54:12Z,2026-06-20T03:54:12+0200,c30b8332-6a35-45c7-931f-0dc00a3a2bb4,2026-06-16T05:45:00Z,2026-06-16T07:45:00+0200,2749.2,MW,FR,FR,actual_onshore_wind_generation,Wind Onshore,2026-06-20T01:54:57Z
2026-06-20T01:54:12Z,2026-06-20T03:54:12+0200,c30b8332-6a35-45c7-931f-0dc00a3a2bb4,2026-06-16T06:00:00Z,2026-06-16T08:00:00+0200,2906.46,MW,FR,FR,actual_onshore_wind_generation,Wind Onshore,2026-06-20T01:54:57Z
2026-06-20T01:54:12Z,2026-06-20T03:54:12+0200,c30b8332-6a35-45c7-931f-0dc00a3a2bb4,2026-06-16T06:15:00Z,2026-06-16T08:15:00+0200,3090.95,MW,FR,FR,actual_onshore_wind_generation,Wind Onshore,2026-06-20T01:54:57Z
2026-06-20T01:54:12Z,2026-06-20T03:54:12+0200,c30b8332-6a35-45c7-931f-0dc00a3a2bb4,2026-06-16T06:30:00Z,2026-06-16T08:30:00+0200,3058.15,MW,FR,FR,actual_onshore_wind_generation,Wind Onshore,2026-06-20T01:54:57Z
2026-06-20T01:54:12Z,2026-06-20T03:54:12+0200,c30b8332-6a35-45c7-931f-0dc00a3a2bb4,2026-06-16T06:45:00Z,2026-06-16T08:45:00+0200,2821.0,MW,FR,FR,actual_onshore_wind_generation,Wind Onshore,2026-06-20T01:54:57Z
2026-06-20T01:54:12Z,2026-06-20T03:54:12+0200,c30b8332-6a35-45c7-931f-0dc00a3a2bb4,2026-06-16T07:00:00Z,2026-06-16T09:00:00+0200,2615.23,MW,FR,FR,actual_onshore_wind_generation,Wind Onshore,2026-06-20T01:54:57Z
2026-06-20T01:54:12Z,2026-06-20T03:54:12+0200,c30b8332-6a35-45c7-931f-0dc00a3a2bb4,2026-06-16T07:15:00Z,2026-06-16T09:15:00+0200,2537.73,MW,FR,FR,actual_onshore_wind_generation,Wind Onshore,2026-06-20T01:54:57Z
2026-06-20T01:54:12Z,2026-06-20T03:54:12+0200,c30b8332-6a35-45c7-931f-0dc00a3a2bb4,2026-06-16T07:30:00Z,2026-06-16T09:30:00+0200,2472.42,MW,FR,FR,actual_onshore_wind_generation,Wind Onshore,2026-06-20T01:54:57Z
2026-06-20T01:54:12Z,2026-06-20T03:54:12+0200,c30b8332-6a35-45c7-931f-0dc00a3a2bb4,2026-06-16T07:45:00Z,2026-06-16T09:45:00+0200,2379.59,MW,FR,FR,actual_onshore_wind_generation,Wind Onshore,2026-06-20T01:54:57Z
2026-06-20T01:54:12Z,2026-06-20T03:54:12+0200,c30b8332-6a35-45c7-931f-0dc00a3a2bb4,2026-06-16T08:00:00Z,2026-06-16T10:00:00+0200,2281.62,MW,FR,FR,actual_onshore_wind_generation,Wind Onshore,2026-06-20T01:54:57Z
2026-06-20T01:54:12Z,2026-06-20T03:54:12+0200,c30b8332-6a35-45c7-931f-0dc00a3a2bb4,2026-06-16T08:15:00Z,2026-06-16T10:15:00+0200,2096.74,MW,FR,FR,actual_onshore_wind_generation,Wind Onshore,2026-06-20T01:54:57Z
2026-06-20T01:54:12Z,2026-06-20T03:54:12+0200,c30b8332-6a35-45c7-931f-0dc00a3a2bb4,2026-06-16T08:30:00Z,2026-06-16T10:30:00+0200,1847.04,MW,FR,FR,actual_onshore_wind_generation,Wind Onshore,2026-06-20T01:54:57Z
2026-06-20T01:54:12Z,2026-06-20T03:54:12+0200,c30b8332-6a35-45c7-931f-0dc00a3a2bb4,2026-06-16T08:45:00Z,2026-06-16T10:45:00+0200,2018.62,MW,FR,FR,actual_onshore_wind_generation,Wind Onshore,2026-06-20T01:54:57Z
2026-06-20T01:54:12Z,2026-06-20T03:54:12+0200,c30b8332-6a35-45c7-931f-0dc00a3a2bb4,2026-06-16T09:00:00Z,2026-06-16T11:00:00+0200,2094.0,MW,FR,FR,actual_onshore_wind_generation,Wind Onshore,2026-06-20T01:54:57Z
2026-06-20T01:54:12Z,2026-06-20T03:54:12+0200,c30b8332-6a35-45c7-931f-0dc00a3a2bb4,2026-06-16T09:15:00Z,2026-06-16T11:15:00+0200,2084.1,MW,FR,FR,actual_onshore_wind_generation,Wind Onshore,2026-06-20T01:54:57Z
2026-06-20T01:54:12Z,2026-06-20T03:54:12+0200,c30b8332-6a35-45c7-931f-0dc00a3a2bb4,2026-06-16T09:30:00Z,2026-06-16T11:30:00+0200,2200.49,MW,FR,FR,actual_onshore_wind_generation,Wind Onshore,2026-06-20T01:54:57Z
2026-06-20T01:54:12Z,2026-06-20T03:54:12+0200,c30b8332-6a35-45c7-931f-0dc00a3a2bb4,2026-06-16T09:45:00Z,2026-06-16T11:45:00+0200,2257.33,MW,FR,FR,actual_onshore_wind_generation,Wind Onshore,2026-06-20T01:54:57Z
2026-06-20T01:54:12Z,2026-06-20T03:54:12+0200,c30b8332-6a35-45c7-931f-0dc00a3a2bb4,2026-06-16T10:00:00Z,2026-06-16T12:00:00+0200,2300.25,MW,FR,FR,actual_onshore_wind_generation,Wind Onshore,2026-06-20T01:54:57Z
2026-06-20T01:54:12Z,2026-06-20T03:54:12+0200,c30b8332-6a35-45c7-931f-0dc00a3a2bb4,2026-06-16T10:15:00Z,2026-06-16T12:15:00+0200,2361.65,MW,FR,FR,actual_onshore_wind_generation,Wind Onshore,2026-06-20T01:54:57Z
2026-06-20T01:54:12Z,2026-06-20T03:54:12+0200,c30b8332-6a35-45c7-931f-0dc00a3a2bb4,2026-06-16T10:30:00Z,2026-06-16T12:30:00+0200,2472.11,MW,FR,FR,actual_onshore_wind_generation,Wind Onshore,2026-06-20T01:54:57Z
2026-06-20T01:54:12Z,2026-06-20T03:54:12+0200,c30b8332-6a35-45c7-931f-0dc00a3a2bb4,2026-06-16T10:45:00Z,2026-06-16T12:45:00+0200,2583.35,MW,FR,FR,actual_onshore_wind_generation,Wind Onshore,2026-06-20T01:54:57Z
2026-06-20T01:54:12Z,2026-06-20T03:54:12+0200,c30b8332-6a35-45c7-931f-0dc00a3a2bb4,2026-06-16T11:00:00Z,2026-06-16T13:00:00+0200,2554.3,MW,FR,FR,actual_onshore_wind_generation,Wind Onshore,2026-06-20T01:54:57Z
2026-06-20T01:54:12Z,2026-06-20T03:54:12+0200,c30b8332-6a35-45c7-931f-0dc00a3a2bb4,2026-06-16T11:15:00Z,2026-06-16T13:15:00+0200,2618.06,MW,FR,FR,actual_onshore_wind_generation,Wind Onshore,2026-06-20T01:54:57Z
2026-06-20T01:54:12Z,2026-06-20T03:54:12+0200,c30b8332-6a35-45c7-931f-0dc00a3a2bb4,2026-06-16T11:30:00Z,2026-06-16T13:30:00+0200,2991.03,MW,FR,FR,actual_onshore_wind_generation,Wind Onshore,2026-06-20T01:54:57Z
2026-06-20T01:54:12Z,2026-06-20T03:54:12+0200,c30b8332-6a35-45c7-931f-0dc00a3a2bb4,2026-06-16T11:45:00Z,2026-06-16T13:45:00+0200,3216.2,MW,FR,FR,actual_onshore_wind_generation,Wind Onshore,2026-06-20T01:54:57Z
2026-06-20T01:54:12Z,2026-06-20T03:54:12+0200,c30b8332-6a35-45c7-931f-0dc00a3a2bb4,2026-06-16T12:00:00Z,2026-06-16T14:00:00+0200,3438.24,MW,FR,FR,actual_onshore_wind_generation,Wind Onshore,2026-06-20T01:54:57Z
2026-06-20T01:54:12Z,2026-06-20T03:54:12+0200,c30b8332-6a35-45c7-931f-0dc00a3a2bb4,2026-06-16T12:15:00Z,2026-06-16T14:15:00+0200,3630.99,MW,FR,FR,actual_onshore_wind_generation,Wind Onshore,2026-06-20T01:54:57Z
2026-06-20T01:54:12Z,2026-06-20T03:54:12+0200,c30b8332-6a35-45c7-931f-0dc00a3a2bb4,2026-06-16T12:30:00Z,2026-06-16T14:30:00+0200,3809.43,MW,FR,FR,actual_onshore_wind_generation,Wind Onshore,2026-06-20T01:54:57Z
2026-06-20T01:54:12Z,2026-06-20T03:54:12+0200,c30b8332-6a35-45c7-931f-0dc00a3a2bb4,2026-06-16T12:45:00Z,2026-06-16T14:45:00+0200,3857.12,MW,FR,FR,actual_onshore_wind_generation,Wind Onshore,2026-06-20T01:54:57Z
2026-06-20T01:54:12Z,2026-06-20T03:54:12+0200,c30b8332-6a35-45c7-931f-0dc00a3a2bb4,2026-06-16T13:00:00Z,2026-06-16T15:00:00+0200,3883.54,MW,FR,FR,actual_onshore_wind_generation,Wind Onshore,2026-06-20T01:54:57Z
2026-06-20T01:54:12Z,2026-06-20T03:54:12+0200,c30b8332-6a35-45c7-931f-0dc00a3a2bb4,2026-06-16T13:15:00Z,2026-06-16T15:15:00+0200,3905.82,MW,FR,FR,actual_onshore_wind_generation,Wind Onshore,2026-06-20T01:54:57Z
2026-06-20T01:54:12Z,2026-06-20T03:54:12+0200,c30b8332-6a35-45c7-931f-0dc00a3a2bb4,2026-06-16T13:30:00Z,2026-06-16T15:30:00+0200,3881.42,MW,FR,FR,actual_onshore_wind_generation,Wind Onshore,2026-06-20T01:54:57Z
2026-06-20T01:54:12Z,2026-06-20T03:54:12+0200,c30b8332-6a35-45c7-931f-0dc00a3a2bb4,2026-06-16T13:45:00Z,2026-06-16T15:45:00+0200,3789.47,MW,FR,FR,actual_onshore_wind_generation,Wind Onshore,2026-06-20T01:54:57Z
2026-06-20T01:54:12Z,2026-06-20T03:54:12+0200,c30b8332-6a35-45c7-931f-0dc00a3a2bb4,2026-06-16T14:00:00Z,2026-06-16T16:00:00+0200,3792.49,MW,FR,FR,actual_onshore_wind_generation,Wind Onshore,2026-06-20T01:54:57Z
2026-06-20T01:54:12Z,2026-06-20T03:54:12+0200,c30b8332-6a35-45c7-931f-0dc00a3a2bb4,2026-06-16T14:15:00Z,2026-06-16T16:15:00+0200,3815.88,MW,FR,FR,actual_onshore_wind_generation,Wind Onshore,2026-06-20T01:54:57Z
2026-06-20T01:54:12Z,2026-06-20T03:54:12+0200,c30b8332-6a35-45c7-931f-0dc00a3a2bb4,2026-06-16T14:30:00Z,2026-06-16T16:30:00+0200,3793.79,MW,FR,FR,actual_onshore_wind_generation,Wind Onshore,2026-06-20T01:54:57Z
2026-06-20T01:54:12Z,2026-06-20T03:54:12+0200,c30b8332-6a35-45c7-931f-0dc00a3a2bb4,2026-06-16T14:45:00Z,2026-06-16T16:45:00+0200,3732.05,MW,FR,FR,actual_onshore_wind_generation,Wind Onshore,2026-06-20T01:54:57Z
2026-06-20T01:54:12Z,2026-06-20T03:54:12+0200,c30b8332-6a35-45c7-931f-0dc00a3a2bb4,2026-06-16T15:00:00Z,2026-06-16T17:00:00+0200,3660.6,MW,FR,FR,actual_onshore_wind_generation,Wind Onshore,2026-06-20T01:54:57Z
2026-06-20T01:54:12Z,2026-06-20T03:54:12+0200,c30b8332-6a35-45c7-931f-0dc00a3a2bb4,2026-06-16T15:15:00Z,2026-06-16T17:15:00+0200,3546.05,MW,FR,FR,actual_onshore_wind_generation,Wind Onshore,2026-06-20T01:54:57Z
2026-06-20T01:54:12Z,2026-06-20T03:54:12+0200,c30b8332-6a35-45c7-931f-0dc00a3a2bb4,2026-06-16T15:30:00Z,2026-06-16T17:30:00+0200,3421.96,MW,FR,FR,actual_onshore_wind_generation,Wind Onshore,2026-06-20T01:54:57Z
2026-06-20T01:54:12Z,2026-06-20T03:54:12+0200,c30b8332-6a35-45c7-931f-0dc00a3a2bb4,2026-06-16T15:45:00Z,2026-06-16T17:45:00+0200,3298.51,MW,FR,FR,actual_onshore_wind_generation,Wind Onshore,2026-06-20T01:54:57Z
2026-06-20T01:54:12Z,2026-06-20T03:54:12+0200,c30b8332-6a35-45c7-931f-0dc00a3a2bb4,2026-06-16T16:00:00Z,2026-06-16T18:00:00+0200,3198.28,MW,FR,FR,actual_onshore_wind_generation,Wind Onshore,2026-06-20T01:54:57Z
2026-06-20T01:54:12Z,2026-06-20T03:54:12+0200,c30b8332-6a35-45c7-931f-0dc00a3a2bb4,2026-06-16T16:15:00Z,2026-06-16T18:15:00+0200,3059.2,MW,FR,FR,actual_onshore_wind_generation,Wind Onshore,2026-06-20T01:54:57Z
2026-06-20T01:54:12Z,2026-06-20T03:54:12+0200,c30b8332-6a35-45c7-931f-0dc00a3a2bb4,2026-06-16T16:30:00Z,2026-06-16T18:30:00+0200,2992.0,MW,FR,FR,actual_onshore_wind_generation,Wind Onshore,2026-06-20T01:54:57Z
2026-06-20T01:54:12Z,2026-06-20T03:54:12+0200,c30b8332-6a35-45c7-931f-0dc00a3a2bb4,2026-06-16T16:45:00Z,2026-06-16T18:45:00+0200,2873.83,MW,FR,FR,actual_onshore_wind_generation,Wind Onshore,2026-06-20T01:54:57Z
2026-06-20T01:54:12Z,2026-06-20T03:54:12+0200,c30b8332-6a35-45c7-931f-0dc00a3a2bb4,2026-06-16T17:00:00Z,2026-06-16T19:00:00+0200,2844.15,MW,FR,FR,actual_onshore_wind_generation,Wind Onshore,2026-06-20T01:54:57Z
2026-06-20T01:54:12Z,2026-06-20T03:54:12+0200,c30b8332-6a35-45c7-931f-0dc00a3a2bb4,2026-06-16T17:15:00Z,2026-06-16T19:15:00+0200,2729.88,MW,FR,FR,actual_onshore_wind_generation,Wind Onshore,2026-06-20T01:54:57Z
2026-06-20T01:54:12Z,2026-06-20T03:54:12+0200,c30b8332-6a35-45c7-931f-0dc00a3a2bb4,2026-06-16T17:30:00Z,2026-06-16T19:30:00+0200,2609.91,MW,FR,FR,actual_onshore_wind_generation,Wind Onshore,2026-06-20T01:54:57Z
2026-06-20T01:54:12Z,2026-06-20T03:54:12+0200,c30b8332-6a35-45c7-931f-0dc00a3a2bb4,2026-06-16T17:45:00Z,2026-06-16T19:45:00+0200,2501.68,MW,FR,FR,actual_onshore_wind_generation,Wind Onshore,2026-06-20T01:54:57Z
2026-06-20T01:54:12Z,2026-06-20T03:54:12+0200,c30b8332-6a35-45c7-931f-0dc00a3a2bb4,2026-06-16T18:00:00Z,2026-06-16T20:00:00+0200,2403.49,MW,FR,FR,actual_onshore_wind_generation,Wind Onshore,2026-06-20T01:54:57Z
2026-06-20T01:54:12Z,2026-06-20T03:54:12+0200,c30b8332-6a35-45c7-931f-0dc00a3a2bb4,2026-06-16T18:15:00Z,2026-06-16T20:15:00+0200,2254.54,MW,FR,FR,actual_onshore_wind_generation,Wind Onshore,2026-06-20T01:54:57Z
2026-06-20T01:54:12Z,2026-06-20T03:54:12+0200,c30b8332-6a35-45c7-931f-0dc00a3a2bb4,2026-06-16T18:30:00Z,2026-06-16T20:30:00+0200,2169.81,MW,FR,FR,actual_onshore_wind_generation,Wind Onshore,2026-06-20T01:54:57Z
2026-06-20T01:54:12Z,2026-06-20T03:54:12+0200,c30b8332-6a35-45c7-931f-0dc00a3a2bb4,2026-06-16T18:45:00Z,2026-06-16T20:45:00+0200,2147.21,MW,FR,FR,actual_onshore_wind_generation,Wind Onshore,2026-06-20T01:54:57Z
2026-06-20T01:54:12Z,2026-06-20T03:54:12+0200,c30b8332-6a35-45c7-931f-0dc00a3a2bb4,2026-06-16T19:00:00Z,2026-06-16T21:00:00+0200,2084.9,MW,FR,FR,actual_onshore_wind_generation,Wind Onshore,2026-06-20T01:54:57Z
2026-06-20T01:54:12Z,2026-06-20T03:54:12+0200,c30b8332-6a35-45c7-931f-0dc00a3a2bb4,2026-06-16T19:15:00Z,2026-06-16T21:15:00+0200,2076.65,MW,FR,FR,actual_onshore_wind_generation,Wind Onshore,2026-06-20T01:54:57Z
2026-06-20T01:54:12Z,2026-06-20T03:54:12+0200,c30b8332-6a35-45c7-931f-0dc00a3a2bb4,2026-06-16T19:30:00Z,2026-06-16T21:30:00+0200,2090.56,MW,FR,FR,actual_onshore_wind_generation,Wind Onshore,2026-06-20T01:54:57Z
2026-06-20T01:54:12Z,2026-06-20T03:54:12+0200,c30b8332-6a35-45c7-931f-0dc00a3a2bb4,2026-06-16T19:45:00Z,2026-06-16T21:45:00+0200,2027.13,MW,FR,FR,actual_onshore_wind_generation,Wind Onshore,2026-06-20T01:54:57Z
2026-06-20T01:54:12Z,2026-06-20T03:54:12+0200,c30b8332-6a35-45c7-931f-0dc00a3a2bb4,2026-06-16T20:00:00Z,2026-06-16T22:00:00+0200,1957.11,MW,FR,FR,actual_onshore_wind_generation,Wind Onshore,2026-06-20T01:54:57Z
2026-06-20T01:54:12Z,2026-06-20T03:54:12+0200,c30b8332-6a35-45c7-931f-0dc00a3a2bb4,2026-06-16T20:15:00Z,2026-06-16T22:15:00+0200,1930.03,MW,FR,FR,actual_onshore_wind_generation,Wind Onshore,2026-06-20T01:54:57Z
2026-06-20T01:54:12Z,2026-06-20T03:54:12+0200,c30b8332-6a35-45c7-931f-0dc00a3a2bb4,2026-06-16T20:30:00Z,2026-06-16T22:30:00+0200,1929.76,MW,FR,FR,actual_onshore_wind_generation,Wind Onshore,2026-06-20T01:54:57Z
2026-06-20T01:54:12Z,2026-06-20T03:54:12+0200,c30b8332-6a35-45c7-931f-0dc00a3a2bb4,2026-06-16T20:45:00Z,2026-06-16T22:45:00+0200,1908.15,MW,FR,FR,actual_onshore_wind_generation,Wind Onshore,2026-06-20T01:54:57Z
2026-06-20T01:54:12Z,2026-06-20T03:54:12+0200,c30b8332-6a35-45c7-931f-0dc00a3a2bb4,2026-06-16T21:00:00Z,2026-06-16T23:00:00+0200,1849.12,MW,FR,FR,actual_onshore_wind_generation,Wind Onshore,2026-06-20T01:54:57Z
2026-06-20T01:54:12Z,2026-06-20T03:54:12+0200,c30b8332-6a35-45c7-931f-0dc00a3a2bb4,2026-06-16T21:15:00Z,2026-06-16T23:15:00+0200,1791.65,MW,FR,FR,actual_onshore_wind_generation,Wind Onshore,2026-06-20T01:54:57Z
2026-06-20T01:54:12Z,2026-06-20T03:54:12+0200,c30b8332-6a35-45c7-931f-0dc00a3a2bb4,2026-06-16T21:30:00Z,2026-06-16T23:30:00+0200,1756.58,MW,FR,FR,actual_onshore_wind_generation,Wind Onshore,2026-06-20T01:54:57Z
2026-06-20T01:54:12Z,2026-06-20T03:54:12+0200,c30b8332-6a35-45c7-931f-0dc00a3a2bb4,2026-06-16T21:45:00Z,2026-06-16T23:45:00+0200,1731.78,MW,FR,FR,actual_onshore_wind_generation,Wind Onshore,2026-06-20T01:54:57Z
2026-06-20T01:54:12Z,2026-06-20T03:54:12+0200,c30b8332-6a35-45c7-931f-0dc00a3a2bb4,2026-06-16T22:00:00Z,2026-06-17T00:00:00+0200,1720.99,MW,FR,FR,actual_onshore_wind_generation,Wind Onshore,2026-06-20T01:54:57Z
2026-06-20T01:54:12Z,2026-06-20T03:54:12+0200,c30b8332-6a35-45c7-931f-0dc00a3a2bb4,2026-06-16T22:15:00Z,2026-06-17T00:15:00+0200,1690.73,MW,FR,FR,actual_onshore_wind_generation,Wind Onshore,2026-06-20T01:54:57Z
2026-06-20T01:54:12Z,2026-06-20T03:54:12+0200,c30b8332-6a35-45c7-931f-0dc00a3a2bb4,2026-06-16T22:30:00Z,2026-06-17T00:30:00+0200,1641.13,MW,FR,FR,actual_onshore_wind_generation,Wind Onshore,2026-06-20T01:54:57Z
2026-06-20T01:54:12Z,2026-06-20T03:54:12+0200,c30b8332-6a35-45c7-931f-0dc00a3a2bb4,2026-06-16T22:45:00Z,2026-06-17T00:45:00+0200,1561.87,MW,FR,FR,actual_onshore_wind_generation,Wind Onshore,2026-06-20T01:54:57Z
2026-06-20T01:54:12Z,2026-06-20T03:54:12+0200,c30b8332-6a35-45c7-931f-0dc00a3a2bb4,2026-06-16T23:00:00Z,2026-06-17T01:00:00+0200,1501.65,MW,FR,FR,actual_onshore_wind_generation,Wind Onshore,2026-06-20T01:54:57Z
2026-06-20T01:54:12Z,2026-06-20T03:54:12+0200,c30b8332-6a35-45c7-931f-0dc00a3a2bb4,2026-06-16T23:15:00Z,2026-06-17T01:15:00+0200,1441.98,MW,FR,FR,actual_onshore_wind_generation,Wind Onshore,2026-06-20T01:54:57Z
2026-06-20T01:54:12Z,2026-06-20T03:54:12+0200,c30b8332-6a35-45c7-931f-0dc00a3a2bb4,2026-06-16T23:30:00Z,2026-06-17T01:30:00+0200,1423.42,MW,FR,FR,actual_onshore_wind_generation,Wind Onshore,2026-06-20T01:54:57Z
2026-06-20T01:54:12Z,2026-06-20T03:54:12+0200,c30b8332-6a35-45c7-931f-0dc00a3a2bb4,2026-06-16T23:45:00Z,2026-06-17T01:45:00+0200,1390.96,MW,FR,FR,actual_onshore_wind_generation,Wind Onshore,2026-06-20T01:54:57Z
2026-06-20T01:54:12Z,2026-06-20T03:54:12+0200,c30b8332-6a35-45c7-931f-0dc00a3a2bb4,2026-06-17T00:00:00Z,2026-06-17T02:00:00+0200,1318.13,MW,FR,FR,actual_onshore_wind_generation,Wind Onshore,2026-06-20T01:54:57Z
2026-06-20T01:54:12Z,2026-06-20T03:54:12+0200,c30b8332-6a35-45c7-931f-0dc00a3a2bb4,2026-06-17T00:15:00Z,2026-06-17T02:15:00+0200,1230.36,MW,FR,FR,actual_onshore_wind_generation,Wind Onshore,2026-06-20T01:54:57Z
2026-06-20T01:54:12Z,2026-06-20T03:54:12+0200,c30b8332-6a35-45c7-931f-0dc00a3a2bb4,2026-06-17T00:30:00Z,2026-06-17T02:30:00+0200,1155.71,MW,FR,FR,actual_onshore_wind_generation,Wind Onshore,2026-06-20T01:54:57Z
2026-06-20T01:54:12Z,2026-06-20T03:54:12+0200,c30b8332-6a35-45c7-931f-0dc00a3a2bb4,2026-06-17T00:45:00Z,2026-06-17T02:45:00+0200,1083.7,MW,FR,FR,actual_onshore_wind_generation,Wind Onshore,2026-06-20T01:54:57Z
2026-06-20T01:54:12Z,2026-06-20T03:54:12+0200,c30b8332-6a35-45c7-931f-0dc00a3a2bb4,2026-06-17T01:00:00Z,2026-06-17T03:00:00+0200,1029.91,MW,FR,FR,actual_onshore_wind_generation,Wind Onshore,2026-06-20T01:54:57Z
2026-06-20T01:54:12Z,2026-06-20T03:54:12+0200,c30b8332-6a35-45c7-931f-0dc00a3a2bb4,2026-06-17T01:15:00Z,2026-06-17T03:15:00+0200,1002.04,MW,FR,FR,actual_onshore_wind_generation,Wind Onshore,2026-06-20T01:54:57Z
2026-06-20T01:54:12Z,2026-06-20T03:54:12+0200,c30b8332-6a35-45c7-931f-0dc00a3a2bb4,2026-06-17T01:30:00Z,2026-06-17T03:30:00+0200,985.57,MW,FR,FR,actual_onshore_wind_generation,Wind Onshore,2026-06-20T01:54:57Z
2026-06-20T01:54:12Z,2026-06-20T03:54:12+0200,c30b8332-6a35-45c7-931f-0dc00a3a2bb4,2026-06-17T01:45:00Z,2026-06-17T03:45:00+0200,957.14,MW,FR,FR,actual_onshore_wind_generation,Wind Onshore,2026-06-20T01:54:57Z
2026-06-20T01:54:12Z,2026-06-20T03:54:12+0200,c30b8332-6a35-45c7-931f-0dc00a3a2bb4,2026-06-17T02:00:00Z,2026-06-17T04:00:00+0200,967.5,MW,FR,FR,actual_onshore_wind_generation,Wind Onshore,2026-06-20T01:54:57Z
2026-06-20T01:54:12Z,2026-06-20T03:54:12+0200,c30b8332-6a35-45c7-931f-0dc00a3a2bb4,2026-06-17T02:15:00Z,2026-06-17T04:15:00+0200,967.62,MW,FR,FR,actual_onshore_wind_generation,Wind Onshore,2026-06-20T01:54:57Z
2026-06-20T01:54:12Z,2026-06-20T03:54:12+0200,c30b8332-6a35-45c7-931f-0dc00a3a2bb4,2026-06-17T02:30:00Z,2026-06-17T04:30:00+0200,968.07,MW,FR,FR,actual_onshore_wind_generation,Wind Onshore,2026-06-20T01:54:57Z
2026-06-20T01:54:12Z,2026-06-20T03:54:12+0200,c30b8332-6a35-45c7-931f-0dc00a3a2bb4,2026-06-17T02:45:00Z,2026-06-17T04:45:00+0200,965.4,MW,FR,FR,actual_onshore_wind_generation,Wind Onshore,2026-06-20T01:54:57Z
2026-06-20T01:54:12Z,2026-06-20T03:54:12+0200,c30b8332-6a35-45c7-931f-0dc00a3a2bb4,2026-06-17T03:00:00Z,2026-06-17T05:00:00+0200,993.74,MW,FR,FR,actual_onshore_wind_generation,Wind Onshore,2026-06-20T01:54:57Z
2026-06-20T01:54:12Z,2026-06-20T03:54:12+0200,c30b8332-6a35-45c7-931f-0dc00a3a2bb4,2026-06-17T03:15:00Z,2026-06-17T05:15:00+0200,986.91,MW,FR,FR,actual_onshore_wind_generation,Wind Onshore,2026-06-20T01:54:57Z
2026-06-20T01:54:12Z,2026-06-20T03:54:12+0200,c30b8332-6a35-45c7-931f-0dc00a3a2bb4,2026-06-17T03:30:00Z,2026-06-17T05:30:00+0200,990.15,MW,FR,FR,actual_onshore_wind_generation,Wind Onshore,2026-06-20T01:54:57Z
2026-06-20T01:54:12Z,2026-06-20T03:54:12+0200,c30b8332-6a35-45c7-931f-0dc00a3a2bb4,2026-06-17T03:45:00Z,2026-06-17T05:45:00+0200,995.64,MW,FR,FR,actual_onshore_wind_generation,Wind Onshore,2026-06-20T01:54:57Z
2026-06-20T01:54:12Z,2026-06-20T03:54:12+0200,c30b8332-6a35-45c7-931f-0dc00a3a2bb4,2026-06-17T04:00:00Z,2026-06-17T06:00:00+0200,952.16,MW,FR,FR,actual_onshore_wind_generation,Wind Onshore,2026-06-20T01:54:57Z
2026-06-20T01:54:12Z,2026-06-20T03:54:12+0200,c30b8332-6a35-45c7-931f-0dc00a3a2bb4,2026-06-17T04:15:00Z,2026-06-17T06:15:00+0200,955.41,MW,FR,FR,actual_onshore_wind_generation,Wind Onshore,2026-06-20T01:54:57Z
2026-06-20T01:54:12Z,2026-06-20T03:54:12+0200,c30b8332-6a35-45c7-931f-0dc00a3a2bb4,2026-06-17T04:30:00Z,2026-06-17T06:30:00+0200,950.56,MW,FR,FR,actual_onshore_wind_generation,Wind Onshore,2026-06-20T01:54:57Z
2026-06-20T01:54:12Z,2026-06-20T03:54:12+0200,c30b8332-6a35-45c7-931f-0dc00a3a2bb4,2026-06-17T04:45:00Z,2026-06-17T06:45:00+0200,949.45,MW,FR,FR,actual_onshore_wind_generation,Wind Onshore,2026-06-20T01:54:57Z
2026-06-20T01:54:12Z,2026-06-20T03:54:12+0200,c30b8332-6a35-45c7-931f-0dc00a3a2bb4,2026-06-17T05:00:00Z,2026-06-17T07:00:00+0200,952.69,MW,FR,FR,actual_onshore_wind_generation,Wind Onshore,2026-06-20T01:54:57Z
2026-06-20T01:54:12Z,2026-06-20T03:54:12+0200,c30b8332-6a35-45c7-931f-0dc00a3a2bb4,2026-06-17T05:15:00Z,2026-06-17T07:15:00+0200,952.81,MW,FR,FR,actual_onshore_wind_generation,Wind Onshore,2026-06-20T01:54:57Z
2026-06-20T01:54:12Z,2026-06-20T03:54:12+0200,c30b8332-6a35-45c7-931f-0dc00a3a2bb4,2026-06-17T05:30:00Z,2026-06-17T07:30:00+0200,923.5,MW,FR,FR,actual_onshore_wind_generation,Wind Onshore,2026-06-20T01:54:57Z
2026-06-20T01:54:12Z,2026-06-20T03:54:12+0200,c30b8332-6a35-45c7-931f-0dc00a3a2bb4,2026-06-17T05:45:00Z,2026-06-17T07:45:00+0200,879.54,MW,FR,FR,actual_onshore_wind_generation,Wind Onshore,2026-06-20T01:54:57Z
2026-06-20T01:54:12Z,2026-06-20T03:54:12+0200,c30b8332-6a35-45c7-931f-0dc00a3a2bb4,2026-06-17T06:00:00Z,2026-06-17T08:00:00+0200,832.33,MW,FR,FR,actual_onshore_wind_generation,Wind Onshore,2026-06-20T01:54:57Z
2026-06-20T01:54:12Z,2026-06-20T03:54:12+0200,c30b8332-6a35-45c7-931f-0dc00a3a2bb4,2026-06-17T06:15:00Z,2026-06-17T08:15:00+0200,790.26,MW,FR,FR,actual_onshore_wind_generation,Wind Onshore,2026-06-20T01:54:57Z
2026-06-20T01:54:12Z,2026-06-20T03:54:12+0200,c30b8332-6a35-45c7-931f-0dc00a3a2bb4,2026-06-17T06:30:00Z,2026-06-17T08:30:00+0200,743.29,MW,FR,FR,actual_onshore_wind_generation,Wind Onshore,2026-06-20T01:54:57Z
2026-06-20T01:54:12Z,2026-06-20T03:54:12+0200,c30b8332-6a35-45c7-931f-0dc00a3a2bb4,2026-06-17T06:45:00Z,2026-06-17T08:45:00+0200,712.2,MW,FR,FR,actual_onshore_wind_generation,Wind Onshore,2026-06-20T01:54:57Z
2026-06-20T01:54:12Z,2026-06-20T03:54:12+0200,c30b8332-6a35-45c7-931f-0dc00a3a2bb4,2026-06-17T07:00:00Z,2026-06-17T09:00:00+0200,696.4,MW,FR,FR,actual_onshore_wind_generation,Wind Onshore,2026-06-20T01:54:57Z
2026-06-20T01:54:12Z,2026-06-20T03:54:12+0200,c30b8332-6a35-45c7-931f-0dc00a3a2bb4,2026-06-17T07:15:00Z,2026-06-17T09:15:00+0200,667.32,MW,FR,FR,actual_onshore_wind_generation,Wind Onshore,2026-06-20T01:54:57Z
2026-06-20T01:54:12Z,2026-06-20T03:54:12+0200,c30b8332-6a35-45c7-931f-0dc00a3a2bb4,2026-06-17T07:30:00Z,2026-06-17T09:30:00+0200,670.54,MW,FR,FR,actual_onshore_wind_generation,Wind Onshore,2026-06-20T01:54:57Z
2026-06-20T01:54:12Z,2026-06-20T03:54:12+0200,c30b8332-6a35-45c7-931f-0dc00a3a2bb4,2026-06-17T07:45:00Z,2026-06-17T09:45:00+0200,713.62,MW,FR,FR,actual_onshore_wind_generation,Wind Onshore,2026-06-20T01:54:57Z
2026-06-20T01:54:12Z,2026-06-20T03:54:12+0200,c30b8332-6a35-45c7-931f-0dc00a3a2bb4,2026-06-17T08:00:00Z,2026-06-17T10:00:00+0200,745.04,MW,FR,FR,actual_onshore_wind_generation,Wind Onshore,2026-06-20T01:54:57Z
2026-06-20T01:54:12Z,2026-06-20T03:54:12+0200,c30b8332-6a35-45c7-931f-0dc00a3a2bb4,2026-06-17T08:15:00Z,2026-06-17T10:15:00+0200,759.61,MW,FR,FR,actual_onshore_wind_generation,Wind Onshore,2026-06-20T01:54:57Z
2026-06-20T01:54:12Z,2026-06-20T03:54:12+0200,c30b8332-6a35-45c7-931f-0dc00a3a2bb4,2026-06-17T08:30:00Z,2026-06-17T10:30:00+0200,763.54,MW,FR,FR,actual_onshore_wind_generation,Wind Onshore,2026-06-20T01:54:57Z
2026-06-20T01:54:12Z,2026-06-20T03:54:12+0200,c30b8332-6a35-45c7-931f-0dc00a3a2bb4,2026-06-17T08:45:00Z,2026-06-17T10:45:00+0200,752.87,MW,FR,FR,actual_onshore_wind_generation,Wind Onshore,2026-06-20T01:54:57Z
2026-06-20T01:54:12Z,2026-06-20T03:54:12+0200,c30b8332-6a35-45c7-931f-0dc00a3a2bb4,2026-06-17T09:00:00Z,2026-06-17T11:00:00+0200,771.84,MW,FR,FR,actual_onshore_wind_generation,Wind Onshore,2026-06-20T01:54:57Z
2026-06-20T01:54:12Z,2026-06-20T03:54:12+0200,c30b8332-6a35-45c7-931f-0dc00a3a2bb4,2026-06-17T09:15:00Z,2026-06-17T11:15:00+0200,803.54,MW,FR,FR,actual_onshore_wind_generation,Wind Onshore,2026-06-20T01:54:57Z
2026-06-20T01:54:12Z,2026-06-20T03:54:12+0200,c30b8332-6a35-45c7-931f-0dc00a3a2bb4,2026-06-17T09:30:00Z,2026-06-17T11:30:00+0200,800.21,MW,FR,FR,actual_onshore_wind_generation,Wind Onshore,2026-06-20T01:54:57Z
2026-06-20T01:54:12Z,2026-06-20T03:54:12+0200,c30b8332-6a35-45c7-931f-0dc00a3a2bb4,2026-06-17T09:45:00Z,2026-06-17T11:45:00+0200,819.41,MW,FR,FR,actual_onshore_wind_generation,Wind Onshore,2026-06-20T01:54:57Z
2026-06-20T01:54:12Z,2026-06-20T03:54:12+0200,c30b8332-6a35-45c7-931f-0dc00a3a2bb4,2026-06-17T10:00:00Z,2026-06-17T12:00:00+0200,832.27,MW,FR,FR,actual_onshore_wind_generation,Wind Onshore,2026-06-20T01:54:57Z
2026-06-20T01:54:12Z,2026-06-20T03:54:12+0200,c30b8332-6a35-45c7-931f-0dc00a3a2bb4,2026-06-17T10:15:00Z,2026-06-17T12:15:00+0200,876.18,MW,FR,FR,actual_onshore_wind_generation,Wind Onshore,2026-06-20T01:54:57Z
2026-06-20T01:54:12Z,2026-06-20T03:54:12+0200,c30b8332-6a35-45c7-931f-0dc00a3a2bb4,2026-06-17T10:30:00Z,2026-06-17T12:30:00+0200,906.12,MW,FR,FR,actual_onshore_wind_generation,Wind Onshore,2026-06-20T01:54:57Z
2026-06-20T01:54:12Z,2026-06-20T03:54:12+0200,c30b8332-6a35-45c7-931f-0dc00a3a2bb4,2026-06-17T10:45:00Z,2026-06-17T12:45:00+0200,927.58,MW,FR,FR,actual_onshore_wind_generation,Wind Onshore,2026-06-20T01:54:57Z
2026-06-20T01:54:12Z,2026-06-20T03:54:12+0200,c30b8332-6a35-45c7-931f-0dc00a3a2bb4,2026-06-17T11:00:00Z,2026-06-17T13:00:00+0200,928.36,MW,FR,FR,actual_onshore_wind_generation,Wind Onshore,2026-06-20T01:54:57Z
2026-06-20T01:54:12Z,2026-06-20T03:54:12+0200,c30b8332-6a35-45c7-931f-0dc00a3a2bb4,2026-06-17T11:15:00Z,2026-06-17T13:15:00+0200,897.94,MW,FR,FR,actual_onshore_wind_generation,Wind Onshore,2026-06-20T01:54:57Z
2026-06-20T01:54:12Z,2026-06-20T03:54:12+0200,c30b8332-6a35-45c7-931f-0dc00a3a2bb4,2026-06-17T11:30:00Z,2026-06-17T13:30:00+0200,895.57,MW,FR,FR,actual_onshore_wind_generation,Wind Onshore,2026-06-20T01:54:57Z
2026-06-20T01:54:12Z,2026-06-20T03:54:12+0200,c30b8332-6a35-45c7-931f-0dc00a3a2bb4,2026-06-17T11:45:00Z,2026-06-17T13:45:00+0200,884.41,MW,FR,FR,actual_onshore_wind_generation,Wind Onshore,2026-06-20T01:54:57Z
2026-06-20T01:54:12Z,2026-06-20T03:54:12+0200,c30b8332-6a35-45c7-931f-0dc00a3a2bb4,2026-06-17T12:00:00Z,2026-06-17T14:00:00+0200,891.34,MW,FR,FR,actual_onshore_wind_generation,Wind Onshore,2026-06-20T01:54:57Z
2026-06-20T01:54:12Z,2026-06-20T03:54:12+0200,c30b8332-6a35-45c7-931f-0dc00a3a2bb4,2026-06-17T12:15:00Z,2026-06-17T14:15:00+0200,887.53,MW,FR,FR,actual_onshore_wind_generation,Wind Onshore,2026-06-20T01:54:57Z
2026-06-20T01:54:12Z,2026-06-20T03:54:12+0200,c30b8332-6a35-45c7-931f-0dc00a3a2bb4,2026-06-17T12:30:00Z,2026-06-17T14:30:00+0200,869.51,MW,FR,FR,actual_onshore_wind_generation,Wind Onshore,2026-06-20T01:54:57Z
2026-06-20T01:54:12Z,2026-06-20T03:54:12+0200,c30b8332-6a35-45c7-931f-0dc00a3a2bb4,2026-06-17T12:45:00Z,2026-06-17T14:45:00+0200,862.47,MW,FR,FR,actual_onshore_wind_generation,Wind Onshore,2026-06-20T01:54:57Z
2026-06-20T01:54:12Z,2026-06-20T03:54:12+0200,c30b8332-6a35-45c7-931f-0dc00a3a2bb4,2026-06-17T13:00:00Z,2026-06-17T15:00:00+0200,884.54,MW,FR,FR,actual_onshore_wind_generation,Wind Onshore,2026-06-20T01:54:57Z
2026-06-20T01:54:12Z,2026-06-20T03:54:12+0200,c30b8332-6a35-45c7-931f-0dc00a3a2bb4,2026-06-17T13:15:00Z,2026-06-17T15:15:00+0200,884.42,MW,FR,FR,actual_onshore_wind_generation,Wind Onshore,2026-06-20T01:54:57Z
2026-06-20T01:54:12Z,2026-06-20T03:54:12+0200,c30b8332-6a35-45c7-931f-0dc00a3a2bb4,2026-06-17T13:30:00Z,2026-06-17T15:30:00+0200,889.49,MW,FR,FR,actual_onshore_wind_generation,Wind Onshore,2026-06-20T01:54:57Z
2026-06-20T01:54:12Z,2026-06-20T03:54:12+0200,c30b8332-6a35-45c7-931f-0dc00a3a2bb4,2026-06-17T13:45:00Z,2026-06-17T15:45:00+0200,914.03,MW,FR,FR,actual_onshore_wind_generation,Wind Onshore,2026-06-20T01:54:57Z
2026-06-20T01:54:12Z,2026-06-20T03:54:12+0200,c30b8332-6a35-45c7-931f-0dc00a3a2bb4,2026-06-17T14:00:00Z,2026-06-17T16:00:00+0200,944.71,MW,FR,FR,actual_onshore_wind_generation,Wind Onshore,2026-06-20T01:54:57Z
2026-06-20T01:54:12Z,2026-06-20T03:54:12+0200,c30b8332-6a35-45c7-931f-0dc00a3a2bb4,2026-06-17T14:15:00Z,2026-06-17T16:15:00+0200,959.23,MW,FR,FR,actual_onshore_wind_generation,Wind Onshore,2026-06-20T01:54:57Z
2026-06-20T01:54:12Z,2026-06-20T03:54:12+0200,c30b8332-6a35-45c7-931f-0dc00a3a2bb4,2026-06-17T14:30:00Z,2026-06-17T16:30:00+0200,965.51,MW,FR,FR,actual_onshore_wind_generation,Wind Onshore,2026-06-20T01:54:57Z
2026-06-20T01:54:12Z,2026-06-20T03:54:12+0200,c30b8332-6a35-45c7-931f-0dc00a3a2bb4,2026-06-17T14:45:00Z,2026-06-17T16:45:00+0200,974.02,MW,FR,FR,actual_onshore_wind_generation,Wind Onshore,2026-06-20T01:54:57Z
2026-06-20T01:54:12Z,2026-06-20T03:54:12+0200,c30b8332-6a35-45c7-931f-0dc00a3a2bb4,2026-06-17T15:00:00Z,2026-06-17T17:00:00+0200,992.04,MW,FR,FR,actual_onshore_wind_generation,Wind Onshore,2026-06-20T01:54:57Z
2026-06-20T01:54:12Z,2026-06-20T03:54:12+0200,c30b8332-6a35-45c7-931f-0dc00a3a2bb4,2026-06-17T15:15:00Z,2026-06-17T17:15:00+0200,1002.05,MW,FR,FR,actual_onshore_wind_generation,Wind Onshore,2026-06-20T01:54:57Z
2026-06-20T01:54:12Z,2026-06-20T03:54:12+0200,c30b8332-6a35-45c7-931f-0dc00a3a2bb4,2026-06-17T15:30:00Z,2026-06-17T17:30:00+0200,983.98,MW,FR,FR,actual_onshore_wind_generation,Wind Onshore,2026-06-20T01:54:57Z
2026-06-20T01:54:12Z,2026-06-20T03:54:12+0200,c30b8332-6a35-45c7-931f-0dc00a3a2bb4,2026-06-17T15:45:00Z,2026-06-17T17:45:00+0200,961.56,MW,FR,FR,actual_onshore_wind_generation,Wind Onshore,2026-06-20T01:54:57Z
2026-06-20T01:54:12Z,2026-06-20T03:54:12+0200,c30b8332-6a35-45c7-931f-0dc00a3a2bb4,2026-06-17T16:00:00Z,2026-06-17T18:00:00+0200,939.65,MW,FR,FR,actual_onshore_wind_generation,Wind Onshore,2026-06-20T01:54:57Z
2026-06-20T01:54:12Z,2026-06-20T03:54:12+0200,c30b8332-6a35-45c7-931f-0dc00a3a2bb4,2026-06-17T16:15:00Z,2026-06-17T18:15:00+0200,930.6,MW,FR,FR,actual_onshore_wind_generation,Wind Onshore,2026-06-20T01:54:57Z
2026-06-20T01:54:12Z,2026-06-20T03:54:12+0200,c30b8332-6a35-45c7-931f-0dc00a3a2bb4,2026-06-17T16:30:00Z,2026-06-17T18:30:00+0200,911.15,MW,FR,FR,actual_onshore_wind_generation,Wind Onshore,2026-06-20T01:54:57Z
2026-06-20T01:54:12Z,2026-06-20T03:54:12+0200,c30b8332-6a35-45c7-931f-0dc00a3a2bb4,2026-06-17T16:45:00Z,2026-06-17T18:45:00+0200,891.83,MW,FR,FR,actual_onshore_wind_generation,Wind Onshore,2026-06-20T01:54:57Z
2026-06-20T01:54:12Z,2026-06-20T03:54:12+0200,c30b8332-6a35-45c7-931f-0dc00a3a2bb4,2026-06-17T17:00:00Z,2026-06-17T19:00:00+0200,870.42,MW,FR,FR,actual_onshore_wind_generation,Wind Onshore,2026-06-20T01:54:57Z
2026-06-20T01:54:12Z,2026-06-20T03:54:12+0200,c30b8332-6a35-45c7-931f-0dc00a3a2bb4,2026-06-17T17:15:00Z,2026-06-17T19:15:00+0200,858.38,MW,FR,FR,actual_onshore_wind_generation,Wind Onshore,2026-06-20T01:54:57Z
2026-06-20T01:54:12Z,2026-06-20T03:54:12+0200,c30b8332-6a35-45c7-931f-0dc00a3a2bb4,2026-06-17T17:30:00Z,2026-06-17T19:30:00+0200,865.06,MW,FR,FR,actual_onshore_wind_generation,Wind Onshore,2026-06-20T01:54:57Z
2026-06-20T01:54:12Z,2026-06-20T03:54:12+0200,c30b8332-6a35-45c7-931f-0dc00a3a2bb4,2026-06-17T17:45:00Z,2026-06-17T19:45:00+0200,905.92,MW,FR,FR,actual_onshore_wind_generation,Wind Onshore,2026-06-20T01:54:57Z
2026-06-20T01:54:12Z,2026-06-20T03:54:12+0200,c30b8332-6a35-45c7-931f-0dc00a3a2bb4,2026-06-17T18:00:00Z,2026-06-17T20:00:00+0200,961.49,MW,FR,FR,actual_onshore_wind_generation,Wind Onshore,2026-06-20T01:54:57Z
2026-06-20T01:54:12Z,2026-06-20T03:54:12+0200,c30b8332-6a35-45c7-931f-0dc00a3a2bb4,2026-06-17T18:15:00Z,2026-06-17T20:15:00+0200,1006.46,MW,FR,FR,actual_onshore_wind_generation,Wind Onshore,2026-06-20T01:54:57Z
2026-06-20T01:54:12Z,2026-06-20T03:54:12+0200,c30b8332-6a35-45c7-931f-0dc00a3a2bb4,2026-06-17T18:30:00Z,2026-06-17T20:30:00+0200,1086.04,MW,FR,FR,actual_onshore_wind_generation,Wind Onshore,2026-06-20T01:54:57Z
2026-06-20T01:54:12Z,2026-06-20T03:54:12+0200,c30b8332-6a35-45c7-931f-0dc00a3a2bb4,2026-06-17T18:45:00Z,2026-06-17T20:45:00+0200,1152.9,MW,FR,FR,actual_onshore_wind_generation,Wind Onshore,2026-06-20T01:54:57Z
2026-06-20T01:54:12Z,2026-06-20T03:54:12+0200,c30b8332-6a35-45c7-931f-0dc00a3a2bb4,2026-06-17T19:00:00Z,2026-06-17T21:00:00+0200,1182.7,MW,FR,FR,actual_onshore_wind_generation,Wind Onshore,2026-06-20T01:54:57Z
2026-06-20T01:54:12Z,2026-06-20T03:54:12+0200,c30b8332-6a35-45c7-931f-0dc00a3a2bb4,2026-06-17T19:15:00Z,2026-06-17T21:15:00+0200,1256.46,MW,FR,FR,actual_onshore_wind_generation,Wind Onshore,2026-06-20T01:54:57Z
2026-06-20T01:54:12Z,2026-06-20T03:54:12+0200,c30b8332-6a35-45c7-931f-0dc00a3a2bb4,2026-06-17T19:30:00Z,2026-06-17T21:30:00+0200,1342.59,MW,FR,FR,actual_onshore_wind_generation,Wind Onshore,2026-06-20T01:54:57Z
2026-06-20T01:54:12Z,2026-06-20T03:54:12+0200,c30b8332-6a35-45c7-931f-0dc00a3a2bb4,2026-06-17T19:45:00Z,2026-06-17T21:45:00+0200,1402.52,MW,FR,FR,actual_onshore_wind_generation,Wind Onshore,2026-06-20T01:54:57Z
2026-06-20T01:54:12Z,2026-06-20T03:54:12+0200,c30b8332-6a35-45c7-931f-0dc00a3a2bb4,2026-06-17T20:00:00Z,2026-06-17T22:00:00+0200,1447.06,MW,FR,FR,actual_onshore_wind_generation,Wind Onshore,2026-06-20T01:54:57Z
2026-06-20T01:54:12Z,2026-06-20T03:54:12+0200,c30b8332-6a35-45c7-931f-0dc00a3a2bb4,2026-06-17T20:15:00Z,2026-06-17T22:15:00+0200,1503.81,MW,FR,FR,actual_onshore_wind_generation,Wind Onshore,2026-06-20T01:54:57Z
2026-06-20T01:54:12Z,2026-06-20T03:54:12+0200,c30b8332-6a35-45c7-931f-0dc00a3a2bb4,2026-06-17T20:30:00Z,2026-06-17T22:30:00+0200,1577.56,MW,FR,FR,actual_onshore_wind_generation,Wind Onshore,2026-06-20T01:54:57Z
2026-06-20T01:54:12Z,2026-06-20T03:54:12+0200,c30b8332-6a35-45c7-931f-0dc00a3a2bb4,2026-06-17T20:45:00Z,2026-06-17T22:45:00+0200,1648.39,MW,FR,FR,actual_onshore_wind_generation,Wind Onshore,2026-06-20T01:54:57Z
2026-06-20T01:54:12Z,2026-06-20T03:54:12+0200,c30b8332-6a35-45c7-931f-0dc00a3a2bb4,2026-06-17T21:00:00Z,2026-06-17T23:00:00+0200,1660.52,MW,FR,FR,actual_onshore_wind_generation,Wind Onshore,2026-06-20T01:54:57Z
2026-06-20T01:54:12Z,2026-06-20T03:54:12+0200,c30b8332-6a35-45c7-931f-0dc00a3a2bb4,2026-06-17T21:15:00Z,2026-06-17T23:15:00+0200,1635.93,MW,FR,FR,actual_onshore_wind_generation,Wind Onshore,2026-06-20T01:54:57Z
2026-06-20T01:54:12Z,2026-06-20T03:54:12+0200,c30b8332-6a35-45c7-931f-0dc00a3a2bb4,2026-06-17T21:30:00Z,2026-06-17T23:30:00+0200,1651.37,MW,FR,FR,actual_onshore_wind_generation,Wind Onshore,2026-06-20T01:54:57Z
2026-06-20T01:54:12Z,2026-06-20T03:54:12+0200,c30b8332-6a35-45c7-931f-0dc00a3a2bb4,2026-06-17T21:45:00Z,2026-06-17T23:45:00+0200,1640.8,MW,FR,FR,actual_onshore_wind_generation,Wind Onshore,2026-06-20T01:54:57Z
2026-06-20T01:54:12Z,2026-06-20T03:54:12+0200,c30b8332-6a35-45c7-931f-0dc00a3a2bb4,2026-06-17T22:00:00Z,2026-06-18T00:00:00+0200,1667.5,MW,FR,FR,actual_onshore_wind_generation,Wind Onshore,2026-06-20T01:54:57Z
2026-06-20T01:54:12Z,2026-06-20T03:54:12+0200,c30b8332-6a35-45c7-931f-0dc00a3a2bb4,2026-06-17T22:15:00Z,2026-06-18T00:15:00+0200,1702.46,MW,FR,FR,actual_onshore_wind_generation,Wind Onshore,2026-06-20T01:54:57Z
2026-06-20T01:54:12Z,2026-06-20T03:54:12+0200,c30b8332-6a35-45c7-931f-0dc00a3a2bb4,2026-06-17T22:30:00Z,2026-06-18T00:30:00+0200,1735.19,MW,FR,FR,actual_onshore_wind_generation,Wind Onshore,2026-06-20T01:54:57Z
2026-06-20T01:54:12Z,2026-06-20T03:54:12+0200,c30b8332-6a35-45c7-931f-0dc00a3a2bb4,2026-06-17T22:45:00Z,2026-06-18T00:45:00+0200,1758.9,MW,FR,FR,actual_onshore_wind_generation,Wind Onshore,2026-06-20T01:54:57Z
2026-06-20T01:54:12Z,2026-06-20T03:54:12+0200,c30b8332-6a35-45c7-931f-0dc00a3a2bb4,2026-06-17T23:00:00Z,2026-06-18T01:00:00+0200,1756.77,MW,FR,FR,actual_onshore_wind_generation,Wind Onshore,2026-06-20T01:54:57Z
2026-06-20T01:54:12Z,2026-06-20T03:54:12+0200,c30b8332-6a35-45c7-931f-0dc00a3a2bb4,2026-06-17T23:15:00Z,2026-06-18T01:15:00+0200,1710.37,MW,FR,FR,actual_onshore_wind_generation,Wind Onshore,2026-06-20T01:54:57Z
2026-06-20T01:54:12Z,2026-06-20T03:54:12+0200,c30b8332-6a35-45c7-931f-0dc00a3a2bb4,2026-06-17T23:30:00Z,2026-06-18T01:30:00+0200,1704.02,MW,FR,FR,actual_onshore_wind_generation,Wind Onshore,2026-06-20T01:54:57Z
2026-06-20T01:54:12Z,2026-06-20T03:54:12+0200,c30b8332-6a35-45c7-931f-0dc00a3a2bb4,2026-06-17T23:45:00Z,2026-06-18T01:45:00+0200,1698.13,MW,FR,FR,actual_onshore_wind_generation,Wind Onshore,2026-06-20T01:54:57Z
2026-06-20T01:54:12Z,2026-06-20T03:54:12+0200,c30b8332-6a35-45c7-931f-0dc00a3a2bb4,2026-06-18T00:00:00Z,2026-06-18T02:00:00+0200,1698.72,MW,FR,FR,actual_onshore_wind_generation,Wind Onshore,2026-06-20T01:54:57Z
2026-06-20T01:54:12Z,2026-06-20T03:54:12+0200,c30b8332-6a35-45c7-931f-0dc00a3a2bb4,2026-06-18T00:15:00Z,2026-06-18T02:15:00+0200,1694.57,MW,FR,FR,actual_onshore_wind_generation,Wind Onshore,2026-06-20T01:54:57Z
2026-06-20T01:54:12Z,2026-06-20T03:54:12+0200,c30b8332-6a35-45c7-931f-0dc00a3a2bb4,2026-06-18T00:30:00Z,2026-06-18T02:30:00+0200,1649.43,MW,FR,FR,actual_onshore_wind_generation,Wind Onshore,2026-06-20T01:54:57Z
2026-06-20T01:54:12Z,2026-06-20T03:54:12+0200,c30b8332-6a35-45c7-931f-0dc00a3a2bb4,2026-06-18T00:45:00Z,2026-06-18T02:45:00+0200,1646.91,MW,FR,FR,actual_onshore_wind_generation,Wind Onshore,2026-06-20T01:54:57Z
2026-06-20T01:54:12Z,2026-06-20T03:54:12+0200,c30b8332-6a35-45c7-931f-0dc00a3a2bb4,2026-06-18T01:00:00Z,2026-06-18T03:00:00+0200,1644.19,MW,FR,FR,actual_onshore_wind_generation,Wind Onshore,2026-06-20T01:54:57Z
2026-06-20T01:54:12Z,2026-06-20T03:54:12+0200,c30b8332-6a35-45c7-931f-0dc00a3a2bb4,2026-06-18T01:15:00Z,2026-06-18T03:15:00+0200,1629.16,MW,FR,FR,actual_onshore_wind_generation,Wind Onshore,2026-06-20T01:54:57Z
2026-06-20T01:54:12Z,2026-06-20T03:54:12+0200,c30b8332-6a35-45c7-931f-0dc00a3a2bb4,2026-06-18T01:30:00Z,2026-06-18T03:30:00+0200,1600.37,MW,FR,FR,actual_onshore_wind_generation,Wind Onshore,2026-06-20T01:54:57Z
2026-06-20T01:54:12Z,2026-06-20T03:54:12+0200,c30b8332-6a35-45c7-931f-0dc00a3a2bb4,2026-06-18T01:45:00Z,2026-06-18T03:45:00+0200,1556.86,MW,FR,FR,actual_onshore_wind_generation,Wind Onshore,2026-06-20T01:54:57Z
2026-06-20T01:54:12Z,2026-06-20T03:54:12+0200,c30b8332-6a35-45c7-931f-0dc00a3a2bb4,2026-06-18T02:00:00Z,2026-06-18T04:00:00+0200,1533.79,MW,FR,FR,actual_onshore_wind_generation,Wind Onshore,2026-06-20T01:54:57Z
2026-06-20T01:54:12Z,2026-06-20T03:54:12+0200,c30b8332-6a35-45c7-931f-0dc00a3a2bb4,2026-06-18T02:15:00Z,2026-06-18T04:15:00+0200,1481.7,MW,FR,FR,actual_onshore_wind_generation,Wind Onshore,2026-06-20T01:54:57Z
2026-06-20T01:54:12Z,2026-06-20T03:54:12+0200,c30b8332-6a35-45c7-931f-0dc00a3a2bb4,2026-06-18T02:30:00Z,2026-06-18T04:30:00+0200,1428.57,MW,FR,FR,actual_onshore_wind_generation,Wind Onshore,2026-06-20T01:54:57Z
2026-06-20T01:54:12Z,2026-06-20T03:54:12+0200,c30b8332-6a35-45c7-931f-0dc00a3a2bb4,2026-06-18T02:45:00Z,2026-06-18T04:45:00+0200,1382.84,MW,FR,FR,actual_onshore_wind_generation,Wind Onshore,2026-06-20T01:54:57Z
2026-06-20T01:54:12Z,2026-06-20T03:54:12+0200,c30b8332-6a35-45c7-931f-0dc00a3a2bb4,2026-06-18T03:00:00Z,2026-06-18T05:00:00+0200,1384.46,MW,FR,FR,actual_onshore_wind_generation,Wind Onshore,2026-06-20T01:54:57Z
2026-06-20T01:54:12Z,2026-06-20T03:54:12+0200,c30b8332-6a35-45c7-931f-0dc00a3a2bb4,2026-06-18T03:15:00Z,2026-06-18T05:15:00+0200,1389.48,MW,FR,FR,actual_onshore_wind_generation,Wind Onshore,2026-06-20T01:54:57Z
2026-06-20T01:54:12Z,2026-06-20T03:54:12+0200,c30b8332-6a35-45c7-931f-0dc00a3a2bb4,2026-06-18T03:30:00Z,2026-06-18T05:30:00+0200,1317.36,MW,FR,FR,actual_onshore_wind_generation,Wind Onshore,2026-06-20T01:54:57Z
2026-06-20T01:54:12Z,2026-06-20T03:54:12+0200,c30b8332-6a35-45c7-931f-0dc00a3a2bb4,2026-06-18T03:45:00Z,2026-06-18T05:45:00+0200,1290.98,MW,FR,FR,actual_onshore_wind_generation,Wind Onshore,2026-06-20T01:54:57Z
2026-06-20T01:54:12Z,2026-06-20T03:54:12+0200,c30b8332-6a35-45c7-931f-0dc00a3a2bb4,2026-06-18T04:00:00Z,2026-06-18T06:00:00+0200,1305.29,MW,FR,FR,actual_onshore_wind_generation,Wind Onshore,2026-06-20T01:54:57Z
2026-06-20T01:54:12Z,2026-06-20T03:54:12+0200,c30b8332-6a35-45c7-931f-0dc00a3a2bb4,2026-06-18T04:15:00Z,2026-06-18T06:15:00+0200,1387.45,MW,FR,FR,actual_onshore_wind_generation,Wind Onshore,2026-06-20T01:54:57Z
2026-06-20T01:54:12Z,2026-06-20T03:54:12+0200,c30b8332-6a35-45c7-931f-0dc00a3a2bb4,2026-06-18T04:30:00Z,2026-06-18T06:30:00+0200,1415.08,MW,FR,FR,actual_onshore_wind_generation,Wind Onshore,2026-06-20T01:54:57Z
2026-06-20T01:54:12Z,2026-06-20T03:54:12+0200,c30b8332-6a35-45c7-931f-0dc00a3a2bb4,2026-06-18T04:45:00Z,2026-06-18T06:45:00+0200,1454.12,MW,FR,FR,actual_onshore_wind_generation,Wind Onshore,2026-06-20T01:54:57Z
2026-06-20T01:54:12Z,2026-06-20T03:54:12+0200,c30b8332-6a35-45c7-931f-0dc00a3a2bb4,2026-06-18T05:00:00Z,2026-06-18T07:00:00+0200,1448.05,MW,FR,FR,actual_onshore_wind_generation,Wind Onshore,2026-06-20T01:54:57Z
2026-06-20T01:54:12Z,2026-06-20T03:54:12+0200,c30b8332-6a35-45c7-931f-0dc00a3a2bb4,2026-06-18T05:15:00Z,2026-06-18T07:15:00+0200,1417.84,MW,FR,FR,actual_onshore_wind_generation,Wind Onshore,2026-06-20T01:54:57Z
2026-06-20T01:54:12Z,2026-06-20T03:54:12+0200,c30b8332-6a35-45c7-931f-0dc00a3a2bb4,2026-06-18T05:30:00Z,2026-06-18T07:30:00+0200,1361.94,MW,FR,FR,actual_onshore_wind_generation,Wind Onshore,2026-06-20T01:54:57Z
2026-06-20T01:54:12Z,2026-06-20T03:54:12+0200,c30b8332-6a35-45c7-931f-0dc00a3a2bb4,2026-06-18T05:45:00Z,2026-06-18T07:45:00+0200,1269.4,MW,FR,FR,actual_onshore_wind_generation,Wind Onshore,2026-06-20T01:54:57Z
2026-06-20T01:54:12Z,2026-06-20T03:54:12+0200,c30b8332-6a35-45c7-931f-0dc00a3a2bb4,2026-06-18T06:00:00Z,2026-06-18T08:00:00+0200,1143.24,MW,FR,FR,actual_onshore_wind_generation,Wind Onshore,2026-06-20T01:54:57Z
2026-06-20T01:54:12Z,2026-06-20T03:54:12+0200,c30b8332-6a35-45c7-931f-0dc00a3a2bb4,2026-06-18T06:15:00Z,2026-06-18T08:15:00+0200,1036.02,MW,FR,FR,actual_onshore_wind_generation,Wind Onshore,2026-06-20T01:54:57Z
2026-06-20T01:54:12Z,2026-06-20T03:54:12+0200,c30b8332-6a35-45c7-931f-0dc00a3a2bb4,2026-06-18T06:30:00Z,2026-06-18T08:30:00+0200,934.25,MW,FR,FR,actual_onshore_wind_generation,Wind Onshore,2026-06-20T01:54:57Z
2026-06-20T01:54:12Z,2026-06-20T03:54:12+0200,c30b8332-6a35-45c7-931f-0dc00a3a2bb4,2026-06-18T06:45:00Z,2026-06-18T08:45:00+0200,862.33,MW,FR,FR,actual_onshore_wind_generation,Wind Onshore,2026-06-20T01:54:57Z
2026-06-20T01:54:12Z,2026-06-20T03:54:12+0200,c30b8332-6a35-45c7-931f-0dc00a3a2bb4,2026-06-18T07:00:00Z,2026-06-18T09:00:00+0200,797.95,MW,FR,FR,actual_onshore_wind_generation,Wind Onshore,2026-06-20T01:54:57Z
2026-06-20T01:54:12Z,2026-06-20T03:54:12+0200,c30b8332-6a35-45c7-931f-0dc00a3a2bb4,2026-06-18T07:15:00Z,2026-06-18T09:15:00+0200,753.09,MW,FR,FR,actual_onshore_wind_generation,Wind Onshore,2026-06-20T01:54:57Z
2026-06-20T01:54:12Z,2026-06-20T03:54:12+0200,c30b8332-6a35-45c7-931f-0dc00a3a2bb4,2026-06-18T07:30:00Z,2026-06-18T09:30:00+0200,717.12,MW,FR,FR,actual_onshore_wind_generation,Wind Onshore,2026-06-20T01:54:57Z
2026-06-20T01:54:12Z,2026-06-20T03:54:12+0200,c30b8332-6a35-45c7-931f-0dc00a3a2bb4,2026-06-18T07:45:00Z,2026-06-18T09:45:00+0200,678.33,MW,FR,FR,actual_onshore_wind_generation,Wind Onshore,2026-06-20T01:54:57Z
2026-06-20T01:54:12Z,2026-06-20T03:54:12+0200,c30b8332-6a35-45c7-931f-0dc00a3a2bb4,2026-06-18T08:00:00Z,2026-06-18T10:00:00+0200,689.51,MW,FR,FR,actual_onshore_wind_generation,Wind Onshore,2026-06-20T01:54:57Z
2026-06-20T01:54:12Z,2026-06-20T03:54:12+0200,c30b8332-6a35-45c7-931f-0dc00a3a2bb4,2026-06-18T08:15:00Z,2026-06-18T10:15:00+0200,690.42,MW,FR,FR,actual_onshore_wind_generation,Wind Onshore,2026-06-20T01:54:57Z
2026-06-20T01:54:12Z,2026-06-20T03:54:12+0200,c30b8332-6a35-45c7-931f-0dc00a3a2bb4,2026-06-18T08:30:00Z,2026-06-18T10:30:00+0200,709.01,MW,FR,FR,actual_onshore_wind_generation,Wind Onshore,2026-06-20T01:54:57Z
2026-06-20T01:54:12Z,2026-06-20T03:54:12+0200,c30b8332-6a35-45c7-931f-0dc00a3a2bb4,2026-06-18T08:45:00Z,2026-06-18T10:45:00+0200,719.69,MW,FR,FR,actual_onshore_wind_generation,Wind Onshore,2026-06-20T01:54:57Z
2026-06-20T01:54:12Z,2026-06-20T03:54:12+0200,c30b8332-6a35-45c7-931f-0dc00a3a2bb4,2026-06-18T09:00:00Z,2026-06-18T11:00:00+0200,749.72,MW,FR,FR,actual_onshore_wind_generation,Wind Onshore,2026-06-20T01:54:57Z
2026-06-20T01:54:12Z,2026-06-20T03:54:12+0200,c30b8332-6a35-45c7-931f-0dc00a3a2bb4,2026-06-18T09:15:00Z,2026-06-18T11:15:00+0200,802.87,MW,FR,FR,actual_onshore_wind_generation,Wind Onshore,2026-06-20T01:54:57Z
2026-06-20T01:54:12Z,2026-06-20T03:54:12+0200,c30b8332-6a35-45c7-931f-0dc00a3a2bb4,2026-06-18T09:30:00Z,2026-06-18T11:30:00+0200,867.09,MW,FR,FR,actual_onshore_wind_generation,Wind Onshore,2026-06-20T01:54:57Z
2026-06-20T01:54:12Z,2026-06-20T03:54:12+0200,c30b8332-6a35-45c7-931f-0dc00a3a2bb4,2026-06-18T09:45:00Z,2026-06-18T11:45:00+0200,920.65,MW,FR,FR,actual_onshore_wind_generation,Wind Onshore,2026-06-20T01:54:57Z
2026-06-20T01:54:12Z,2026-06-20T03:54:12+0200,c30b8332-6a35-45c7-931f-0dc00a3a2bb4,2026-06-18T10:00:00Z,2026-06-18T12:00:00+0200,963.98,MW,FR,FR,actual_onshore_wind_generation,Wind Onshore,2026-06-20T01:54:57Z
2026-06-20T01:54:12Z,2026-06-20T03:54:12+0200,c30b8332-6a35-45c7-931f-0dc00a3a2bb4,2026-06-18T10:15:00Z,2026-06-18T12:15:00+0200,1011.45,MW,FR,FR,actual_onshore_wind_generation,Wind Onshore,2026-06-20T01:54:57Z
2026-06-20T01:54:12Z,2026-06-20T03:54:12+0200,c30b8332-6a35-45c7-931f-0dc00a3a2bb4,2026-06-18T10:30:00Z,2026-06-18T12:30:00+0200,1064.64,MW,FR,FR,actual_onshore_wind_generation,Wind Onshore,2026-06-20T01:54:57Z
2026-06-20T01:54:12Z,2026-06-20T03:54:12+0200,c30b8332-6a35-45c7-931f-0dc00a3a2bb4,2026-06-18T10:45:00Z,2026-06-18T12:45:00+0200,1129.3,MW,FR,FR,actual_onshore_wind_generation,Wind Onshore,2026-06-20T01:54:57Z
2026-06-20T01:54:12Z,2026-06-20T03:54:12+0200,c30b8332-6a35-45c7-931f-0dc00a3a2bb4,2026-06-18T11:00:00Z,2026-06-18T13:00:00+0200,1177.36,MW,FR,FR,actual_onshore_wind_generation,Wind Onshore,2026-06-20T01:54:57Z
2026-06-20T01:54:12Z,2026-06-20T03:54:12+0200,c30b8332-6a35-45c7-931f-0dc00a3a2bb4,2026-06-18T11:15:00Z,2026-06-18T13:15:00+0200,1223.58,MW,FR,FR,actual_onshore_wind_generation,Wind Onshore,2026-06-20T01:54:57Z
2026-06-20T01:54:12Z,2026-06-20T03:54:12+0200,c30b8332-6a35-45c7-931f-0dc00a3a2bb4,2026-06-18T11:30:00Z,2026-06-18T13:30:00+0200,1278.51,MW,FR,FR,actual_onshore_wind_generation,Wind Onshore,2026-06-20T01:54:57Z
2026-06-20T01:54:12Z,2026-06-20T03:54:12+0200,c30b8332-6a35-45c7-931f-0dc00a3a2bb4,2026-06-18T11:45:00Z,2026-06-18T13:45:00+0200,1272.71,MW,FR,FR,actual_onshore_wind_generation,Wind Onshore,2026-06-20T01:54:57Z
2026-06-20T01:54:12Z,2026-06-20T03:54:12+0200,c30b8332-6a35-45c7-931f-0dc00a3a2bb4,2026-06-18T12:00:00Z,2026-06-18T14:00:00+0200,1273.83,MW,FR,FR,actual_onshore_wind_generation,Wind Onshore,2026-06-20T01:54:57Z
2026-06-20T01:54:12Z,2026-06-20T03:54:12+0200,c30b8332-6a35-45c7-931f-0dc00a3a2bb4,2026-06-18T12:15:00Z,2026-06-18T14:15:00+0200,1290.1,MW,FR,FR,actual_onshore_wind_generation,Wind Onshore,2026-06-20T01:54:57Z
2026-06-20T01:54:12Z,2026-06-20T03:54:12+0200,c30b8332-6a35-45c7-931f-0dc00a3a2bb4,2026-06-18T12:30:00Z,2026-06-18T14:30:00+0200,1349.52,MW,FR,FR,actual_onshore_wind_generation,Wind Onshore,2026-06-20T01:54:57Z
2026-06-20T01:54:12Z,2026-06-20T03:54:12+0200,c30b8332-6a35-45c7-931f-0dc00a3a2bb4,2026-06-18T12:45:00Z,2026-06-18T14:45:00+0200,1365.71,MW,FR,FR,actual_onshore_wind_generation,Wind Onshore,2026-06-20T01:54:57Z
2026-06-20T01:54:12Z,2026-06-20T03:54:12+0200,c30b8332-6a35-45c7-931f-0dc00a3a2bb4,2026-06-18T13:00:00Z,2026-06-18T15:00:00+0200,1381.71,MW,FR,FR,actual_onshore_wind_generation,Wind Onshore,2026-06-20T01:54:57Z
2026-06-20T01:54:12Z,2026-06-20T03:54:12+0200,c30b8332-6a35-45c7-931f-0dc00a3a2bb4,2026-06-18T13:15:00Z,2026-06-18T15:15:00+0200,1410.5,MW,FR,FR,actual_onshore_wind_generation,Wind Onshore,2026-06-20T01:54:57Z
2026-06-20T01:54:12Z,2026-06-20T03:54:12+0200,c30b8332-6a35-45c7-931f-0dc00a3a2bb4,2026-06-18T13:30:00Z,2026-06-18T15:30:00+0200,1467.6,MW,FR,FR,actual_onshore_wind_generation,Wind Onshore,2026-06-20T01:54:57Z
2026-06-20T01:54:12Z,2026-06-20T03:54:12+0200,c30b8332-6a35-45c7-931f-0dc00a3a2bb4,2026-06-18T13:45:00Z,2026-06-18T15:45:00+0200,1520.18,MW,FR,FR,actual_onshore_wind_generation,Wind Onshore,2026-06-20T01:54:57Z
2026-06-20T01:54:12Z,2026-06-20T03:54:12+0200,c30b8332-6a35-45c7-931f-0dc00a3a2bb4,2026-06-18T14:00:00Z,2026-06-18T16:00:00+0200,1567.24,MW,FR,FR,actual_onshore_wind_generation,Wind Onshore,2026-06-20T01:54:57Z
2026-06-20T01:54:12Z,2026-06-20T03:54:12+0200,c30b8332-6a35-45c7-931f-0dc00a3a2bb4,2026-06-18T14:15:00Z,2026-06-18T16:15:00+0200,1593.64,MW,FR,FR,actual_onshore_wind_generation,Wind Onshore,2026-06-20T01:54:57Z
2026-06-20T01:54:12Z,2026-06-20T03:54:12+0200,c30b8332-6a35-45c7-931f-0dc00a3a2bb4,2026-06-18T14:30:00Z,2026-06-18T16:30:00+0200,1751.43,MW,FR,FR,actual_onshore_wind_generation,Wind Onshore,2026-06-20T01:54:57Z
2026-06-20T01:54:12Z,2026-06-20T03:54:12+0200,c30b8332-6a35-45c7-931f-0dc00a3a2bb4,2026-06-18T14:45:00Z,2026-06-18T16:45:00+0200,1780.37,MW,FR,FR,actual_onshore_wind_generation,Wind Onshore,2026-06-20T01:54:57Z
2026-06-20T01:54:12Z,2026-06-20T03:54:12+0200,c30b8332-6a35-45c7-931f-0dc00a3a2bb4,2026-06-18T15:00:00Z,2026-06-18T17:00:00+0200,1759.98,MW,FR,FR,actual_onshore_wind_generation,Wind Onshore,2026-06-20T01:54:57Z
2026-06-20T01:54:12Z,2026-06-20T03:54:12+0200,c30b8332-6a35-45c7-931f-0dc00a3a2bb4,2026-06-18T15:15:00Z,2026-06-18T17:15:00+0200,1798.03,MW,FR,FR,actual_onshore_wind_generation,Wind Onshore,2026-06-20T01:54:57Z
2026-06-20T01:54:12Z,2026-06-20T03:54:12+0200,c30b8332-6a35-45c7-931f-0dc00a3a2bb4,2026-06-18T15:30:00Z,2026-06-18T17:30:00+0200,1900.22,MW,FR,FR,actual_onshore_wind_generation,Wind Onshore,2026-06-20T01:54:57Z
2026-06-20T01:54:12Z,2026-06-20T03:54:12+0200,c30b8332-6a35-45c7-931f-0dc00a3a2bb4,2026-06-18T15:45:00Z,2026-06-18T17:45:00+0200,2035.07,MW,FR,FR,actual_onshore_wind_generation,Wind Onshore,2026-06-20T01:54:57Z
2026-06-20T01:54:12Z,2026-06-20T03:54:12+0200,c30b8332-6a35-45c7-931f-0dc00a3a2bb4,2026-06-18T16:00:00Z,2026-06-18T18:00:00+0200,2259.04,MW,FR,FR,actual_onshore_wind_generation,Wind Onshore,2026-06-20T01:54:57Z
2026-06-20T01:54:12Z,2026-06-20T03:54:12+0200,c30b8332-6a35-45c7-931f-0dc00a3a2bb4,2026-06-18T16:15:00Z,2026-06-18T18:15:00+0200,2478.11,MW,FR,FR,actual_onshore_wind_generation,Wind Onshore,2026-06-20T01:54:57Z
2026-06-20T01:54:12Z,2026-06-20T03:54:12+0200,c30b8332-6a35-45c7-931f-0dc00a3a2bb4,2026-06-18T16:30:00Z,2026-06-18T18:30:00+0200,2838.82,MW,FR,FR,actual_onshore_wind_generation,Wind Onshore,2026-06-20T01:54:57Z
2026-06-20T01:54:12Z,2026-06-20T03:54:12+0200,c30b8332-6a35-45c7-931f-0dc00a3a2bb4,2026-06-18T16:45:00Z,2026-06-18T18:45:00+0200,2974.39,MW,FR,FR,actual_onshore_wind_generation,Wind Onshore,2026-06-20T01:54:57Z
2026-06-20T01:54:12Z,2026-06-20T03:54:12+0200,c30b8332-6a35-45c7-931f-0dc00a3a2bb4,2026-06-18T17:00:00Z,2026-06-18T19:00:00+0200,3050.25,MW,FR,FR,actual_onshore_wind_generation,Wind Onshore,2026-06-20T01:54:57Z
2026-06-20T01:54:12Z,2026-06-20T03:54:12+0200,c30b8332-6a35-45c7-931f-0dc00a3a2bb4,2026-06-18T17:15:00Z,2026-06-18T19:15:00+0200,3021.04,MW,FR,FR,actual_onshore_wind_generation,Wind Onshore,2026-06-20T01:54:57Z
2026-06-20T01:54:12Z,2026-06-20T03:54:12+0200,c30b8332-6a35-45c7-931f-0dc00a3a2bb4,2026-06-18T17:30:00Z,2026-06-18T19:30:00+0200,2763.63,MW,FR,FR,actual_onshore_wind_generation,Wind Onshore,2026-06-20T01:54:57Z
2026-06-20T01:54:12Z,2026-06-20T03:54:12+0200,c30b8332-6a35-45c7-931f-0dc00a3a2bb4,2026-06-18T17:45:00Z,2026-06-18T19:45:00+0200,2518.27,MW,FR,FR,actual_onshore_wind_generation,Wind Onshore,2026-06-20T01:54:57Z
2026-06-20T01:54:12Z,2026-06-20T03:54:12+0200,c30b8332-6a35-45c7-931f-0dc00a3a2bb4,2026-06-18T18:00:00Z,2026-06-18T20:00:00+0200,2481.95,MW,FR,FR,actual_onshore_wind_generation,Wind Onshore,2026-06-20T01:54:57Z
2026-06-20T01:54:12Z,2026-06-20T03:54:12+0200,c30b8332-6a35-45c7-931f-0dc00a3a2bb4,2026-06-18T18:15:00Z,2026-06-18T20:15:00+0200,2540.96,MW,FR,FR,actual_onshore_wind_generation,Wind Onshore,2026-06-20T01:54:57Z
2026-06-20T01:54:12Z,2026-06-20T03:54:12+0200,c30b8332-6a35-45c7-931f-0dc00a3a2bb4,2026-06-18T18:30:00Z,2026-06-18T20:30:00+0200,2597.91,MW,FR,FR,actual_onshore_wind_generation,Wind Onshore,2026-06-20T01:54:57Z
2026-06-20T01:54:12Z,2026-06-20T03:54:12+0200,c30b8332-6a35-45c7-931f-0dc00a3a2bb4,2026-06-18T18:45:00Z,2026-06-18T20:45:00+0200,2658.97,MW,FR,FR,actual_onshore_wind_generation,Wind Onshore,2026-06-20T01:54:57Z
2026-06-20T01:54:12Z,2026-06-20T03:54:12+0200,c30b8332-6a35-45c7-931f-0dc00a3a2bb4,2026-06-18T19:00:00Z,2026-06-18T21:00:00+0200,2743.89,MW,FR,FR,actual_onshore_wind_generation,Wind Onshore,2026-06-20T01:54:57Z
2026-06-20T01:54:12Z,2026-06-20T03:54:12+0200,c30b8332-6a35-45c7-931f-0dc00a3a2bb4,2026-06-18T19:15:00Z,2026-06-18T21:15:00+0200,3052.03,MW,FR,FR,actual_onshore_wind_generation,Wind Onshore,2026-06-20T01:54:57Z
2026-06-20T01:54:12Z,2026-06-20T03:54:12+0200,c30b8332-6a35-45c7-931f-0dc00a3a2bb4,2026-06-18T19:30:00Z,2026-06-18T21:30:00+0200,3095.16,MW,FR,FR,actual_onshore_wind_generation,Wind Onshore,2026-06-20T01:54:57Z
2026-06-20T01:54:12Z,2026-06-20T03:54:12+0200,c30b8332-6a35-45c7-931f-0dc00a3a2bb4,2026-06-18T19:45:00Z,2026-06-18T21:45:00+0200,3369.89,MW,FR,FR,actual_onshore_wind_generation,Wind Onshore,2026-06-20T01:54:57Z
2026-06-20T01:54:12Z,2026-06-20T03:54:12+0200,c30b8332-6a35-45c7-931f-0dc00a3a2bb4,2026-06-18T20:00:00Z,2026-06-18T22:00:00+0200,3703.18,MW,FR,FR,actual_onshore_wind_generation,Wind Onshore,2026-06-20T01:54:57Z
2026-06-20T01:54:12Z,2026-06-20T03:54:12+0200,c30b8332-6a35-45c7-931f-0dc00a3a2bb4,2026-06-18T20:15:00Z,2026-06-18T22:15:00+0200,3862.48,MW,FR,FR,actual_onshore_wind_generation,Wind Onshore,2026-06-20T01:54:57Z
2026-06-20T01:54:12Z,2026-06-20T03:54:12+0200,c30b8332-6a35-45c7-931f-0dc00a3a2bb4,2026-06-18T20:30:00Z,2026-06-18T22:30:00+0200,3979.92,MW,FR,FR,actual_onshore_wind_generation,Wind Onshore,2026-06-20T01:54:57Z
2026-06-20T01:54:12Z,2026-06-20T03:54:12+0200,c30b8332-6a35-45c7-931f-0dc00a3a2bb4,2026-06-18T20:45:00Z,2026-06-18T22:45:00+0200,4131.91,MW,FR,FR,actual_onshore_wind_generation,Wind Onshore,2026-06-20T01:54:57Z
2026-06-20T01:54:12Z,2026-06-20T03:54:12+0200,c30b8332-6a35-45c7-931f-0dc00a3a2bb4,2026-06-18T21:00:00Z,2026-06-18T23:00:00+0200,3942.92,MW,FR,FR,actual_onshore_wind_generation,Wind Onshore,2026-06-20T01:54:57Z
2026-06-20T01:54:12Z,2026-06-20T03:54:12+0200,c30b8332-6a35-45c7-931f-0dc00a3a2bb4,2026-06-18T21:15:00Z,2026-06-18T23:15:00+0200,4025.55,MW,FR,FR,actual_onshore_wind_generation,Wind Onshore,2026-06-20T01:54:57Z
2026-06-20T01:54:12Z,2026-06-20T03:54:12+0200,c30b8332-6a35-45c7-931f-0dc00a3a2bb4,2026-06-18T21:30:00Z,2026-06-18T23:30:00+0200,4028.33,MW,FR,FR,actual_onshore_wind_generation,Wind Onshore,2026-06-20T01:54:57Z
2026-06-20T01:54:12Z,2026-06-20T03:54:12+0200,c30b8332-6a35-45c7-931f-0dc00a3a2bb4,2026-06-18T21:45:00Z,2026-06-18T23:45:00+0200,4293.59,MW,FR,FR,actual_onshore_wind_generation,Wind Onshore,2026-06-20T01:54:57Z
2026-06-20T01:54:12Z,2026-06-20T03:54:12+0200,c30b8332-6a35-45c7-931f-0dc00a3a2bb4,2026-06-18T22:00:00Z,2026-06-19T00:00:00+0200,4719.3,MW,FR,FR,actual_onshore_wind_generation,Wind Onshore,2026-06-20T01:54:57Z
2026-06-20T01:54:12Z,2026-06-20T03:54:12+0200,c30b8332-6a35-45c7-931f-0dc00a3a2bb4,2026-06-18T22:15:00Z,2026-06-19T00:15:00+0200,5080.92,MW,FR,FR,actual_onshore_wind_generation,Wind Onshore,2026-06-20T01:54:57Z
2026-06-20T01:54:12Z,2026-06-20T03:54:12+0200,c30b8332-6a35-45c7-931f-0dc00a3a2bb4,2026-06-18T22:30:00Z,2026-06-19T00:30:00+0200,5141.96,MW,FR,FR,actual_onshore_wind_generation,Wind Onshore,2026-06-20T01:54:57Z
2026-06-20T01:54:12Z,2026-06-20T03:54:12+0200,c30b8332-6a35-45c7-931f-0dc00a3a2bb4,2026-06-18T22:45:00Z,2026-06-19T00:45:00+0200,4898.57,MW,FR,FR,actual_onshore_wind_generation,Wind Onshore,2026-06-20T01:54:57Z
2026-06-20T01:54:12Z,2026-06-20T03:54:12+0200,c30b8332-6a35-45c7-931f-0dc00a3a2bb4,2026-06-18T23:00:00Z,2026-06-19T01:00:00+0200,4772.28,MW,FR,FR,actual_onshore_wind_generation,Wind Onshore,2026-06-20T01:54:57Z
2026-06-20T01:54:12Z,2026-06-20T03:54:12+0200,c30b8332-6a35-45c7-931f-0dc00a3a2bb4,2026-06-18T23:15:00Z,2026-06-19T01:15:00+0200,4707.89,MW,FR,FR,actual_onshore_wind_generation,Wind Onshore,2026-06-20T01:54:57Z
2026-06-20T01:54:12Z,2026-06-20T03:54:12+0200,c30b8332-6a35-45c7-931f-0dc00a3a2bb4,2026-06-18T23:30:00Z,2026-06-19T01:30:00+0200,4872.12,MW,FR,FR,actual_onshore_wind_generation,Wind Onshore,2026-06-20T01:54:57Z
2026-06-20T01:54:12Z,2026-06-20T03:54:12+0200,c30b8332-6a35-45c7-931f-0dc00a3a2bb4,2026-06-18T23:45:00Z,2026-06-19T01:45:00+0200,5110.81,MW,FR,FR,actual_onshore_wind_generation,Wind Onshore,2026-06-20T01:54:57Z
2026-06-20T01:54:12Z,2026-06-20T03:54:12+0200,c30b8332-6a35-45c7-931f-0dc00a3a2bb4,2026-06-19T00:00:00Z,2026-06-19T02:00:00+0200,5378.01,MW,FR,FR,actual_onshore_wind_generation,Wind Onshore,2026-06-20T01:54:57Z
2026-06-20T01:54:12Z,2026-06-20T03:54:12+0200,c30b8332-6a35-45c7-931f-0dc00a3a2bb4,2026-06-19T00:15:00Z,2026-06-19T02:15:00+0200,5515.1,MW,FR,FR,actual_onshore_wind_generation,Wind Onshore,2026-06-20T01:54:57Z
2026-06-20T01:54:12Z,2026-06-20T03:54:12+0200,c30b8332-6a35-45c7-931f-0dc00a3a2bb4,2026-06-19T00:30:00Z,2026-06-19T02:30:00+0200,5475.77,MW,FR,FR,actual_onshore_wind_generation,Wind Onshore,2026-06-20T01:54:57Z
2026-06-20T01:54:12Z,2026-06-20T03:54:12+0200,c30b8332-6a35-45c7-931f-0dc00a3a2bb4,2026-06-19T00:45:00Z,2026-06-19T02:45:00+0200,5315.09,MW,FR,FR,actual_onshore_wind_generation,Wind Onshore,2026-06-20T01:54:57Z
2026-06-20T01:54:12Z,2026-06-20T03:54:12+0200,c30b8332-6a35-45c7-931f-0dc00a3a2bb4,2026-06-19T01:00:00Z,2026-06-19T03:00:00+0200,5187.34,MW,FR,FR,actual_onshore_wind_generation,Wind Onshore,2026-06-20T01:54:57Z
2026-06-20T01:54:12Z,2026-06-20T03:54:12+0200,c30b8332-6a35-45c7-931f-0dc00a3a2bb4,2026-06-19T01:15:00Z,2026-06-19T03:15:00+0200,5258.84,MW,FR,FR,actual_onshore_wind_generation,Wind Onshore,2026-06-20T01:54:57Z
2026-06-20T01:54:12Z,2026-06-20T03:54:12+0200,c30b8332-6a35-45c7-931f-0dc00a3a2bb4,2026-06-19T01:30:00Z,2026-06-19T03:30:00+0200,5337.74,MW,FR,FR,actual_onshore_wind_generation,Wind Onshore,2026-06-20T01:54:57Z
2026-06-20T01:54:12Z,2026-06-20T03:54:12+0200,c30b8332-6a35-45c7-931f-0dc00a3a2bb4,2026-06-19T01:45:00Z,2026-06-19T03:45:00+0200,5452.68,MW,FR,FR,actual_onshore_wind_generation,Wind Onshore,2026-06-20T01:54:57Z
2026-06-20T01:54:12Z,2026-06-20T03:54:12+0200,c30b8332-6a35-45c7-931f-0dc00a3a2bb4,2026-06-19T02:00:00Z,2026-06-19T04:00:00+0200,5553.84,MW,FR,FR,actual_onshore_wind_generation,Wind Onshore,2026-06-20T01:54:57Z
2026-06-20T01:54:12Z,2026-06-20T03:54:12+0200,c30b8332-6a35-45c7-931f-0dc00a3a2bb4,2026-06-19T02:15:00Z,2026-06-19T04:15:00+0200,5645.86,MW,FR,FR,actual_onshore_wind_generation,Wind Onshore,2026-06-20T01:54:57Z
2026-06-20T01:54:12Z,2026-06-20T03:54:12+0200,c30b8332-6a35-45c7-931f-0dc00a3a2bb4,2026-06-19T02:30:00Z,2026-06-19T04:30:00+0200,5692.44,MW,FR,FR,actual_onshore_wind_generation,Wind Onshore,2026-06-20T01:54:57Z
2026-06-20T01:54:12Z,2026-06-20T03:54:12+0200,c30b8332-6a35-45c7-931f-0dc00a3a2bb4,2026-06-19T02:45:00Z,2026-06-19T04:45:00+0200,5640.14,MW,FR,FR,actual_onshore_wind_generation,Wind Onshore,2026-06-20T01:54:57Z
2026-06-20T01:54:12Z,2026-06-20T03:54:12+0200,c30b8332-6a35-45c7-931f-0dc00a3a2bb4,2026-06-19T03:00:00Z,2026-06-19T05:00:00+0200,5466.06,MW,FR,FR,actual_onshore_wind_generation,Wind Onshore,2026-06-20T01:54:57Z
2026-06-20T01:54:12Z,2026-06-20T03:54:12+0200,c30b8332-6a35-45c7-931f-0dc00a3a2bb4,2026-06-19T03:15:00Z,2026-06-19T05:15:00+0200,5283.64,MW,FR,FR,actual_onshore_wind_generation,Wind Onshore,2026-06-20T01:54:57Z
2026-06-20T01:54:12Z,2026-06-20T03:54:12+0200,c30b8332-6a35-45c7-931f-0dc00a3a2bb4,2026-06-19T03:30:00Z,2026-06-19T05:30:00+0200,5241.83,MW,FR,FR,actual_onshore_wind_generation,Wind Onshore,2026-06-20T01:54:57Z
2026-06-20T01:54:12Z,2026-06-20T03:54:12+0200,c30b8332-6a35-45c7-931f-0dc00a3a2bb4,2026-06-19T03:45:00Z,2026-06-19T05:45:00+0200,5305.51,MW,FR,FR,actual_onshore_wind_generation,Wind Onshore,2026-06-20T01:54:57Z
2026-06-20T01:54:12Z,2026-06-20T03:54:12+0200,c30b8332-6a35-45c7-931f-0dc00a3a2bb4,2026-06-19T04:00:00Z,2026-06-19T06:00:00+0200,5500.47,MW,FR,FR,actual_onshore_wind_generation,Wind Onshore,2026-06-20T01:54:57Z
2026-06-20T01:54:12Z,2026-06-20T03:54:12+0200,c30b8332-6a35-45c7-931f-0dc00a3a2bb4,2026-06-19T04:15:00Z,2026-06-19T06:15:00+0200,5797.37,MW,FR,FR,actual_onshore_wind_generation,Wind Onshore,2026-06-20T01:54:57Z
2026-06-20T01:54:12Z,2026-06-20T03:54:12+0200,c30b8332-6a35-45c7-931f-0dc00a3a2bb4,2026-06-19T04:30:00Z,2026-06-19T06:30:00+0200,6045.18,MW,FR,FR,actual_onshore_wind_generation,Wind Onshore,2026-06-20T01:54:57Z
2026-06-20T01:54:12Z,2026-06-20T03:54:12+0200,c30b8332-6a35-45c7-931f-0dc00a3a2bb4,2026-06-19T04:45:00Z,2026-06-19T06:45:00+0200,6160.03,MW,FR,FR,actual_onshore_wind_generation,Wind Onshore,2026-06-20T01:54:57Z
2026-06-20T01:54:12Z,2026-06-20T03:54:12+0200,c30b8332-6a35-45c7-931f-0dc00a3a2bb4,2026-06-19T05:00:00Z,2026-06-19T07:00:00+0200,6125.23,MW,FR,FR,actual_onshore_wind_generation,Wind Onshore,2026-06-20T01:54:57Z
2026-06-20T01:54:12Z,2026-06-20T03:54:12+0200,c30b8332-6a35-45c7-931f-0dc00a3a2bb4,2026-06-19T05:15:00Z,2026-06-19T07:15:00+0200,5977.36,MW,FR,FR,actual_onshore_wind_generation,Wind Onshore,2026-06-20T01:54:57Z
2026-06-20T01:54:12Z,2026-06-20T03:54:12+0200,c30b8332-6a35-45c7-931f-0dc00a3a2bb4,2026-06-19T05:30:00Z,2026-06-19T07:30:00+0200,5723.47,MW,FR,FR,actual_onshore_wind_generation,Wind Onshore,2026-06-20T01:54:57Z
2026-06-20T01:54:12Z,2026-06-20T03:54:12+0200,c30b8332-6a35-45c7-931f-0dc00a3a2bb4,2026-06-19T05:45:00Z,2026-06-19T07:45:00+0200,5333.09,MW,FR,FR,actual_onshore_wind_generation,Wind Onshore,2026-06-20T01:54:57Z
2026-06-20T01:54:12Z,2026-06-20T03:54:12+0200,c30b8332-6a35-45c7-931f-0dc00a3a2bb4,2026-06-19T06:00:00Z,2026-06-19T08:00:00+0200,4959.31,MW,FR,FR,actual_onshore_wind_generation,Wind Onshore,2026-06-20T01:54:57Z
2026-06-20T01:54:12Z,2026-06-20T03:54:12+0200,c30b8332-6a35-45c7-931f-0dc00a3a2bb4,2026-06-19T06:15:00Z,2026-06-19T08:15:00+0200,4607.23,MW,FR,FR,actual_onshore_wind_generation,Wind Onshore,2026-06-20T01:54:57Z
2026-06-20T01:54:12Z,2026-06-20T03:54:12+0200,c30b8332-6a35-45c7-931f-0dc00a3a2bb4,2026-06-19T06:30:00Z,2026-06-19T08:30:00+0200,4265.98,MW,FR,FR,actual_onshore_wind_generation,Wind Onshore,2026-06-20T01:54:57Z
2026-06-20T01:54:12Z,2026-06-20T03:54:12+0200,c30b8332-6a35-45c7-931f-0dc00a3a2bb4,2026-06-19T06:45:00Z,2026-06-19T08:45:00+0200,3916.92,MW,FR,FR,actual_onshore_wind_generation,Wind Onshore,2026-06-20T01:54:57Z
2026-06-20T01:54:12Z,2026-06-20T03:54:12+0200,c30b8332-6a35-45c7-931f-0dc00a3a2bb4,2026-06-19T07:00:00Z,2026-06-19T09:00:00+0200,3645.68,MW,FR,FR,actual_onshore_wind_generation,Wind Onshore,2026-06-20T01:54:57Z
2026-06-20T01:54:12Z,2026-06-20T03:54:12+0200,c30b8332-6a35-45c7-931f-0dc00a3a2bb4,2026-06-19T07:15:00Z,2026-06-19T09:15:00+0200,3401.06,MW,FR,FR,actual_onshore_wind_generation,Wind Onshore,2026-06-20T01:54:57Z
2026-06-20T01:54:12Z,2026-06-20T03:54:12+0200,c30b8332-6a35-45c7-931f-0dc00a3a2bb4,2026-06-19T07:30:00Z,2026-06-19T09:30:00+0200,3236.12,MW,FR,FR,actual_onshore_wind_generation,Wind Onshore,2026-06-20T01:54:57Z
2026-06-20T01:54:12Z,2026-06-20T03:54:12+0200,c30b8332-6a35-45c7-931f-0dc00a3a2bb4,2026-06-19T07:45:00Z,2026-06-19T09:45:00+0200,3030.44,MW,FR,FR,actual_onshore_wind_generation,Wind Onshore,2026-06-20T01:54:57Z
2026-06-20T01:54:12Z,2026-06-20T03:54:12+0200,c30b8332-6a35-45c7-931f-0dc00a3a2bb4,2026-06-19T08:00:00Z,2026-06-19T10:00:00+0200,2806.9,MW,FR,FR,actual_onshore_wind_generation,Wind Onshore,2026-06-20T01:54:57Z
2026-06-20T01:54:12Z,2026-06-20T03:54:12+0200,c30b8332-6a35-45c7-931f-0dc00a3a2bb4,2026-06-19T08:15:00Z,2026-06-19T10:15:00+0200,2639.46,MW,FR,FR,actual_onshore_wind_generation,Wind Onshore,2026-06-20T01:54:57Z
2026-06-20T01:54:12Z,2026-06-20T03:54:12+0200,c30b8332-6a35-45c7-931f-0dc00a3a2bb4,2026-06-19T08:30:00Z,2026-06-19T10:30:00+0200,2496.61,MW,FR,FR,actual_onshore_wind_generation,Wind Onshore,2026-06-20T01:54:57Z
2026-06-20T01:54:12Z,2026-06-20T03:54:12+0200,c30b8332-6a35-45c7-931f-0dc00a3a2bb4,2026-06-19T08:45:00Z,2026-06-19T10:45:00+0200,2425.6,MW,FR,FR,actual_onshore_wind_generation,Wind Onshore,2026-06-20T01:54:57Z
2026-06-20T01:54:12Z,2026-06-20T03:54:12+0200,c30b8332-6a35-45c7-931f-0dc00a3a2bb4,2026-06-19T09:00:00Z,2026-06-19T11:00:00+0200,2323.63,MW,FR,FR,actual_onshore_wind_generation,Wind Onshore,2026-06-20T01:54:57Z
2026-06-20T01:54:12Z,2026-06-20T03:54:12+0200,c30b8332-6a35-45c7-931f-0dc00a3a2bb4,2026-06-19T09:15:00Z,2026-06-19T11:15:00+0200,2156.48,MW,FR,FR,actual_onshore_wind_generation,Wind Onshore,2026-06-20T01:54:57Z
2026-06-20T01:54:12Z,2026-06-20T03:54:12+0200,c30b8332-6a35-45c7-931f-0dc00a3a2bb4,2026-06-19T09:30:00Z,2026-06-19T11:30:00+0200,2049.59,MW,FR,FR,actual_onshore_wind_generation,Wind Onshore,2026-06-20T01:54:57Z
2026-06-20T01:54:12Z,2026-06-20T03:54:12+0200,c30b8332-6a35-45c7-931f-0dc00a3a2bb4,2026-06-19T09:45:00Z,2026-06-19T11:45:00+0200,1991.51,MW,FR,FR,actual_onshore_wind_generation,Wind Onshore,2026-06-20T01:54:57Z
2026-06-20T01:54:12Z,2026-06-20T03:54:12+0200,c30b8332-6a35-45c7-931f-0dc00a3a2bb4,2026-06-19T10:00:00Z,2026-06-19T12:00:00+0200,1931.89,MW,FR,FR,actual_onshore_wind_generation,Wind Onshore,2026-06-20T01:54:57Z
2026-06-20T01:54:12Z,2026-06-20T03:54:12+0200,c30b8332-6a35-45c7-931f-0dc00a3a2bb4,2026-06-19T10:15:00Z,2026-06-19T12:15:00+0200,1924.13,MW,FR,FR,actual_onshore_wind_generation,Wind Onshore,2026-06-20T01:54:57Z
2026-06-20T01:54:12Z,2026-06-20T03:54:12+0200,c30b8332-6a35-45c7-931f-0dc00a3a2bb4,2026-06-19T10:30:00Z,2026-06-19T12:30:00+0200,1943.4,MW,FR,FR,actual_onshore_wind_generation,Wind Onshore,2026-06-20T01:54:57Z
2026-06-20T01:54:12Z,2026-06-20T03:54:12+0200,c30b8332-6a35-45c7-931f-0dc00a3a2bb4,2026-06-19T10:45:00Z,2026-06-19T12:45:00+0200,1969.95,MW,FR,FR,actual_onshore_wind_generation,Wind Onshore,2026-06-20T01:54:57Z
2026-06-20T01:54:12Z,2026-06-20T03:54:12+0200,c30b8332-6a35-45c7-931f-0dc00a3a2bb4,2026-06-19T11:00:00Z,2026-06-19T13:00:00+0200,1939.59,MW,FR,FR,actual_onshore_wind_generation,Wind Onshore,2026-06-20T01:54:57Z
2026-06-20T01:54:12Z,2026-06-20T03:54:12+0200,c30b8332-6a35-45c7-931f-0dc00a3a2bb4,2026-06-19T11:15:00Z,2026-06-19T13:15:00+0200,1997.79,MW,FR,FR,actual_onshore_wind_generation,Wind Onshore,2026-06-20T01:54:57Z
2026-06-20T01:54:12Z,2026-06-20T03:54:12+0200,c30b8332-6a35-45c7-931f-0dc00a3a2bb4,2026-06-19T11:30:00Z,2026-06-19T13:30:00+0200,2022.66,MW,FR,FR,actual_onshore_wind_generation,Wind Onshore,2026-06-20T01:54:57Z
2026-06-20T01:54:12Z,2026-06-20T03:54:12+0200,c30b8332-6a35-45c7-931f-0dc00a3a2bb4,2026-06-19T11:45:00Z,2026-06-19T13:45:00+0200,2097.97,MW,FR,FR,actual_onshore_wind_generation,Wind Onshore,2026-06-20T01:54:57Z
2026-06-20T01:54:12Z,2026-06-20T03:54:12+0200,c30b8332-6a35-45c7-931f-0dc00a3a2bb4,2026-06-19T12:00:00Z,2026-06-19T14:00:00+0200,2172.99,MW,FR,FR,actual_onshore_wind_generation,Wind Onshore,2026-06-20T01:54:57Z
2026-06-20T01:54:12Z,2026-06-20T03:54:12+0200,c30b8332-6a35-45c7-931f-0dc00a3a2bb4,2026-06-19T12:15:00Z,2026-06-19T14:15:00+0200,2256.48,MW,FR,FR,actual_onshore_wind_generation,Wind Onshore,2026-06-20T01:54:57Z
2026-06-20T01:54:12Z,2026-06-20T03:54:12+0200,c30b8332-6a35-45c7-931f-0dc00a3a2bb4,2026-06-19T12:30:00Z,2026-06-19T14:30:00+0200,2328.38,MW,FR,FR,actual_onshore_wind_generation,Wind Onshore,2026-06-20T01:54:57Z
2026-06-20T01:54:12Z,2026-06-20T03:54:12+0200,c30b8332-6a35-45c7-931f-0dc00a3a2bb4,2026-06-19T12:45:00Z,2026-06-19T14:45:00+0200,2365.75,MW,FR,FR,actual_onshore_wind_generation,Wind Onshore,2026-06-20T01:54:57Z
2026-06-20T01:54:12Z,2026-06-20T03:54:12+0200,c30b8332-6a35-45c7-931f-0dc00a3a2bb4,2026-06-19T13:00:00Z,2026-06-19T15:00:00+0200,2385.47,MW,FR,FR,actual_onshore_wind_generation,Wind Onshore,2026-06-20T01:54:57Z
2026-06-20T01:54:12Z,2026-06-20T03:54:12+0200,c30b8332-6a35-45c7-931f-0dc00a3a2bb4,2026-06-19T13:15:00Z,2026-06-19T15:15:00+0200,2510.83,MW,FR,FR,actual_onshore_wind_generation,Wind Onshore,2026-06-20T01:54:57Z
2026-06-20T01:54:12Z,2026-06-20T03:54:12+0200,c30b8332-6a35-45c7-931f-0dc00a3a2bb4,2026-06-19T13:30:00Z,2026-06-19T15:30:00+0200,2639.44,MW,FR,FR,actual_onshore_wind_generation,Wind Onshore,2026-06-20T01:54:57Z
2026-06-20T01:54:12Z,2026-06-20T03:54:12+0200,c30b8332-6a35-45c7-931f-0dc00a3a2bb4,2026-06-19T13:45:00Z,2026-06-19T15:45:00+0200,2761.74,MW,FR,FR,actual_onshore_wind_generation,Wind Onshore,2026-06-20T01:54:57Z
2026-06-20T01:54:12Z,2026-06-20T03:54:12+0200,c30b8332-6a35-45c7-931f-0dc00a3a2bb4,2026-06-19T14:00:00Z,2026-06-19T16:00:00+0200,2845.71,MW,FR,FR,actual_onshore_wind_generation,Wind Onshore,2026-06-20T01:54:57Z
2026-06-20T01:54:12Z,2026-06-20T03:54:12+0200,c30b8332-6a35-45c7-931f-0dc00a3a2bb4,2026-06-19T14:15:00Z,2026-06-19T16:15:00+0200,2925.0,MW,FR,FR,actual_onshore_wind_generation,Wind Onshore,2026-06-20T01:54:57Z
2026-06-20T01:54:12Z,2026-06-20T03:54:12+0200,c30b8332-6a35-45c7-931f-0dc00a3a2bb4,2026-06-19T14:30:00Z,2026-06-19T16:30:00+0200,2916.41,MW,FR,FR,actual_onshore_wind_generation,Wind Onshore,2026-06-20T01:54:57Z
2026-06-20T01:54:12Z,2026-06-20T03:54:12+0200,c30b8332-6a35-45c7-931f-0dc00a3a2bb4,2026-06-19T14:45:00Z,2026-06-19T16:45:00+0200,2964.69,MW,FR,FR,actual_onshore_wind_generation,Wind Onshore,2026-06-20T01:54:57Z
2026-06-20T01:54:12Z,2026-06-20T03:54:12+0200,c30b8332-6a35-45c7-931f-0dc00a3a2bb4,2026-06-19T15:00:00Z,2026-06-19T17:00:00+0200,2948.83,MW,FR,FR,actual_onshore_wind_generation,Wind Onshore,2026-06-20T01:54:57Z
2026-06-20T01:54:12Z,2026-06-20T03:54:12+0200,c30b8332-6a35-45c7-931f-0dc00a3a2bb4,2026-06-19T15:15:00Z,2026-06-19T17:15:00+0200,2943.24,MW,FR,FR,actual_onshore_wind_generation,Wind Onshore,2026-06-20T01:54:57Z
2026-06-20T01:54:12Z,2026-06-20T03:54:12+0200,c30b8332-6a35-45c7-931f-0dc00a3a2bb4,2026-06-19T15:30:00Z,2026-06-19T17:30:00+0200,2883.89,MW,FR,FR,actual_onshore_wind_generation,Wind Onshore,2026-06-20T01:54:57Z
2026-06-20T01:54:12Z,2026-06-20T03:54:12+0200,c30b8332-6a35-45c7-931f-0dc00a3a2bb4,2026-06-19T15:45:00Z,2026-06-19T17:45:00+0200,3025.43,MW,FR,FR,actual_onshore_wind_generation,Wind Onshore,2026-06-20T01:54:57Z
2026-06-20T01:54:12Z,2026-06-20T03:54:12+0200,c30b8332-6a35-45c7-931f-0dc00a3a2bb4,2026-06-19T16:00:00Z,2026-06-19T18:00:00+0200,2976.11,MW,FR,FR,actual_onshore_wind_generation,Wind Onshore,2026-06-20T01:54:57Z
2026-06-20T01:54:12Z,2026-06-20T03:54:12+0200,c30b8332-6a35-45c7-931f-0dc00a3a2bb4,2026-06-19T16:15:00Z,2026-06-19T18:15:00+0200,3154.06,MW,FR,FR,actual_onshore_wind_generation,Wind Onshore,2026-06-20T01:54:57Z
2026-06-20T01:54:12Z,2026-06-20T03:54:12+0200,c30b8332-6a35-45c7-931f-0dc00a3a2bb4,2026-06-19T16:30:00Z,2026-06-19T18:30:00+0200,3472.61,MW,FR,FR,actual_onshore_wind_generation,Wind Onshore,2026-06-20T01:54:57Z
2026-06-20T01:54:12Z,2026-06-20T03:54:12+0200,c30b8332-6a35-45c7-931f-0dc00a3a2bb4,2026-06-19T16:45:00Z,2026-06-19T18:45:00+0200,3392.45,MW,FR,FR,actual_onshore_wind_generation,Wind Onshore,2026-06-20T01:54:57Z
2026-06-20T01:54:12Z,2026-06-20T03:54:12+0200,c30b8332-6a35-45c7-931f-0dc00a3a2bb4,2026-06-19T17:00:00Z,2026-06-19T19:00:00+0200,3219.22,MW,FR,FR,actual_onshore_wind_generation,Wind Onshore,2026-06-20T01:54:57Z
2026-06-20T01:54:12Z,2026-06-20T03:54:12+0200,c30b8332-6a35-45c7-931f-0dc00a3a2bb4,2026-06-19T17:15:00Z,2026-06-19T19:15:00+0200,2878.23,MW,FR,FR,actual_onshore_wind_generation,Wind Onshore,2026-06-20T01:54:57Z
2026-06-20T01:54:12Z,2026-06-20T03:54:12+0200,c30b8332-6a35-45c7-931f-0dc00a3a2bb4,2026-06-19T17:30:00Z,2026-06-19T19:30:00+0200,2625.87,MW,FR,FR,actual_onshore_wind_generation,Wind Onshore,2026-06-20T01:54:57Z
2026-06-20T01:54:12Z,2026-06-20T03:54:12+0200,c30b8332-6a35-45c7-931f-0dc00a3a2bb4,2026-06-19T17:45:00Z,2026-06-19T19:45:00+0200,2541.61,MW,FR,FR,actual_onshore_wind_generation,Wind Onshore,2026-06-20T01:54:57Z
2026-06-20T01:54:12Z,2026-06-20T03:54:12+0200,c30b8332-6a35-45c7-931f-0dc00a3a2bb4,2026-06-19T18:00:00Z,2026-06-19T20:00:00+0200,2390.83,MW,FR,FR,actual_onshore_wind_generation,Wind Onshore,2026-06-20T01:54:57Z
2026-06-20T01:54:12Z,2026-06-20T03:54:12+0200,c30b8332-6a35-45c7-931f-0dc00a3a2bb4,2026-06-19T18:15:00Z,2026-06-19T20:15:00+0200,2305.83,MW,FR,FR,actual_onshore_wind_generation,Wind Onshore,2026-06-20T01:54:57Z
2026-06-20T01:54:12Z,2026-06-20T03:54:12+0200,c30b8332-6a35-45c7-931f-0dc00a3a2bb4,2026-06-19T18:30:00Z,2026-06-19T20:30:00+0200,2310.64,MW,FR,FR,actual_onshore_wind_generation,Wind Onshore,2026-06-20T01:54:57Z
2026-06-20T01:54:12Z,2026-06-20T03:54:12+0200,c30b8332-6a35-45c7-931f-0dc00a3a2bb4,2026-06-19T18:45:00Z,2026-06-19T20:45:00+0200,2403.94,MW,FR,FR,actual_onshore_wind_generation,Wind Onshore,2026-06-20T01:54:57Z
2026-06-20T01:54:12Z,2026-06-20T03:54:12+0200,c30b8332-6a35-45c7-931f-0dc00a3a2bb4,2026-06-19T19:00:00Z,2026-06-19T21:00:00+0200,2377.74,MW,FR,FR,actual_onshore_wind_generation,Wind Onshore,2026-06-20T01:54:57Z
2026-06-20T01:54:12Z,2026-06-20T03:54:12+0200,c30b8332-6a35-45c7-931f-0dc00a3a2bb4,2026-06-19T19:15:00Z,2026-06-19T21:15:00+0200,2240.83,MW,FR,FR,actual_onshore_wind_generation,Wind Onshore,2026-06-20T01:54:57Z
2026-06-20T01:54:12Z,2026-06-20T03:54:12+0200,c30b8332-6a35-45c7-931f-0dc00a3a2bb4,2026-06-19T19:30:00Z,2026-06-19T21:30:00+0200,2262.75,MW,FR,FR,actual_onshore_wind_generation,Wind Onshore,2026-06-20T01:54:57Z
2026-06-20T01:54:12Z,2026-06-20T03:54:12+0200,c30b8332-6a35-45c7-931f-0dc00a3a2bb4,2026-06-19T19:45:00Z,2026-06-19T21:45:00+0200,2353.14,MW,FR,FR,actual_onshore_wind_generation,Wind Onshore,2026-06-20T01:54:57Z
2026-06-20T01:54:12Z,2026-06-20T03:54:12+0200,c30b8332-6a35-45c7-931f-0dc00a3a2bb4,2026-06-19T20:00:00Z,2026-06-19T22:00:00+0200,2410.64,MW,FR,FR,actual_onshore_wind_generation,Wind Onshore,2026-06-20T01:54:57Z
2026-06-20T01:54:12Z,2026-06-20T03:54:12+0200,c30b8332-6a35-45c7-931f-0dc00a3a2bb4,2026-06-19T20:15:00Z,2026-06-19T22:15:00+0200,2553.79,MW,FR,FR,actual_onshore_wind_generation,Wind Onshore,2026-06-20T01:54:57Z
2026-06-20T01:54:12Z,2026-06-20T03:54:12+0200,c30b8332-6a35-45c7-931f-0dc00a3a2bb4,2026-06-19T20:30:00Z,2026-06-19T22:30:00+0200,2599.91,MW,FR,FR,actual_onshore_wind_generation,Wind Onshore,2026-06-20T01:54:57Z
2026-06-20T01:54:12Z,2026-06-20T03:54:12+0200,c30b8332-6a35-45c7-931f-0dc00a3a2bb4,2026-06-19T20:45:00Z,2026-06-19T22:45:00+0200,2597.41,MW,FR,FR,actual_onshore_wind_generation,Wind Onshore,2026-06-20T01:54:57Z
2026-06-20T01:54:12Z,2026-06-20T03:54:12+0200,c30b8332-6a35-45c7-931f-0dc00a3a2bb4,2026-06-19T21:00:00Z,2026-06-19T23:00:00+0200,2598.67,MW,FR,FR,actual_onshore_wind_generation,Wind Onshore,2026-06-20T01:54:57Z
2026-06-20T01:54:12Z,2026-06-20T03:54:12+0200,c30b8332-6a35-45c7-931f-0dc00a3a2bb4,2026-06-19T21:15:00Z,2026-06-19T23:15:00+0200,2603.52,MW,FR,FR,actual_onshore_wind_generation,Wind Onshore,2026-06-20T01:54:57Z
2026-06-20T01:54:12Z,2026-06-20T03:54:12+0200,c30b8332-6a35-45c7-931f-0dc00a3a2bb4,2026-06-19T21:30:00Z,2026-06-19T23:30:00+0200,2621.29,MW,FR,FR,actual_onshore_wind_generation,Wind Onshore,2026-06-20T01:54:57Z
2026-06-20T01:54:12Z,2026-06-20T03:54:12+0200,c30b8332-6a35-45c7-931f-0dc00a3a2bb4,2026-06-19T21:45:00Z,2026-06-19T23:45:00+0200,2677.29,MW,FR,FR,actual_onshore_wind_generation,Wind Onshore,2026-06-20T01:54:57Z
2026-06-20T01:54:12Z,2026-06-20T03:54:12+0200,c30b8332-6a35-45c7-931f-0dc00a3a2bb4,2026-06-19T22:00:00Z,2026-06-20T00:00:00+0200,2766.39,MW,FR,FR,actual_onshore_wind_generation,Wind Onshore,2026-06-20T01:54:57Z
2026-06-20T01:54:12Z,2026-06-20T03:54:12+0200,c30b8332-6a35-45c7-931f-0dc00a3a2bb4,2026-06-19T22:15:00Z,2026-06-20T00:15:00+0200,2861.44,MW,FR,FR,actual_onshore_wind_generation,Wind Onshore,2026-06-20T01:54:57Z
2026-06-20T01:54:12Z,2026-06-20T03:54:12+0200,c30b8332-6a35-45c7-931f-0dc00a3a2bb4,2026-06-19T22:30:00Z,2026-06-20T00:30:00+0200,2877.86,MW,FR,FR,actual_onshore_wind_generation,Wind Onshore,2026-06-20T01:54:57Z
2026-06-20T01:54:12Z,2026-06-20T03:54:12+0200,c30b8332-6a35-45c7-931f-0dc00a3a2bb4,2026-06-19T22:45:00Z,2026-06-20T00:45:00+0200,2904.74,MW,FR,FR,actual_onshore_wind_generation,Wind Onshore,2026-06-20T01:54:57Z
2026-06-20T01:54:12Z,2026-06-20T03:54:12+0200,c30b8332-6a35-45c7-931f-0dc00a3a2bb4,2026-06-19T23:00:00Z,2026-06-20T01:00:00+0200,2892.04,MW,FR,FR,actual_onshore_wind_generation,Wind Onshore,2026-06-20T01:54:57Z
2026-06-20T01:54:12Z,2026-06-20T03:54:12+0200,c30b8332-6a35-45c7-931f-0dc00a3a2bb4,2026-06-19T23:15:00Z,2026-06-20T01:15:00+0200,2927.09,MW,FR,FR,actual_onshore_wind_generation,Wind Onshore,2026-06-20T01:54:57Z
2026-06-20T01:54:12Z,2026-06-20T03:54:12+0200,c30b8332-6a35-45c7-931f-0dc00a3a2bb4,2026-06-19T23:30:00Z,2026-06-20T01:30:00+0200,2996.11,MW,FR,FR,actual_onshore_wind_generation,Wind Onshore,2026-06-20T01:54:57Z
2026-06-20T01:54:12Z,2026-06-20T03:54:12+0200,c30b8332-6a35-45c7-931f-0dc00a3a2bb4,2026-06-19T23:45:00Z,2026-06-20T01:45:00+0200,2996.74,MW,FR,FR,actual_onshore_wind_generation,Wind Onshore,2026-06-20T01:54:57Z
2026-06-20T01:54:12Z,2026-06-20T03:54:12+0200,c30b8332-6a35-45c7-931f-0dc00a3a2bb4,2026-06-20T00:00:00Z,2026-06-20T02:00:00+0200,2905.76,MW,FR,FR,actual_onshore_wind_generation,Wind Onshore,2026-06-20T01:54:57Z
2026-06-20T01:54:12Z,2026-06-20T03:54:12+0200,c30b8332-6a35-45c7-931f-0dc00a3a2bb4,2026-06-20T00:15:00Z,2026-06-20T02:15:00+0200,2811.29,MW,FR,FR,actual_onshore_wind_generation,Wind Onshore,2026-06-20T01:54:57Z
2026-06-20T01:54:12Z,2026-06-20T03:54:12+0200,c30b8332-6a35-45c7-931f-0dc00a3a2bb4,2026-06-20T00:30:00Z,2026-06-20T02:30:00+0200,2715.87,MW,FR,FR,actual_onshore_wind_generation,Wind Onshore,2026-06-20T01:54:57Z
2026-06-20T01:54:12Z,2026-06-20T03:54:12+0200,c30b8332-6a35-45c7-931f-0dc00a3a2bb4,2026-06-20T00:45:00Z,2026-06-20T02:45:00+0200,2591.65,MW,FR,FR,actual_onshore_wind_generation,Wind Onshore,2026-06-20T01:54:57Z
