collection_time_utc,collection_time_local,run_id,timestamp_utc,timestamp_local,value,unit,country,entsoe_area,variable,source,updated_at_utc
2026-06-30T22:02:16Z,2026-07-01T00:02:16+0200,0f2c1f14-db75-409f-ba89-d4cf4b8f7c81,2026-05-30T22:15:00Z,2026-05-31T00:15:00+0200,3092.43,MW,FR,FR,actual_onshore_wind_generation,Wind Onshore,2026-06-30T22:03:10Z
2026-06-30T22:02:16Z,2026-07-01T00:02:16+0200,0f2c1f14-db75-409f-ba89-d4cf4b8f7c81,2026-05-30T22:30:00Z,2026-05-31T00:30:00+0200,3221.17,MW,FR,FR,actual_onshore_wind_generation,Wind Onshore,2026-06-30T22:03:10Z
2026-06-30T22:02:16Z,2026-07-01T00:02:16+0200,0f2c1f14-db75-409f-ba89-d4cf4b8f7c81,2026-05-30T22:45:00Z,2026-05-31T00:45:00+0200,3339.24,MW,FR,FR,actual_onshore_wind_generation,Wind Onshore,2026-06-30T22:03:10Z
2026-06-30T22:02:16Z,2026-07-01T00:02:16+0200,0f2c1f14-db75-409f-ba89-d4cf4b8f7c81,2026-05-30T23:00:00Z,2026-05-31T01:00:00+0200,3440.67,MW,FR,FR,actual_onshore_wind_generation,Wind Onshore,2026-06-30T22:03:10Z
2026-06-30T22:02:16Z,2026-07-01T00:02:16+0200,0f2c1f14-db75-409f-ba89-d4cf4b8f7c81,2026-05-30T23:15:00Z,2026-05-31T01:15:00+0200,3468.63,MW,FR,FR,actual_onshore_wind_generation,Wind Onshore,2026-06-30T22:03:10Z
2026-06-30T22:02:16Z,2026-07-01T00:02:16+0200,0f2c1f14-db75-409f-ba89-d4cf4b8f7c81,2026-05-30T23:30:00Z,2026-05-31T01:30:00+0200,3498.17,MW,FR,FR,actual_onshore_wind_generation,Wind Onshore,2026-06-30T22:03:10Z
2026-06-30T22:02:16Z,2026-07-01T00:02:16+0200,0f2c1f14-db75-409f-ba89-d4cf4b8f7c81,2026-05-30T23:45:00Z,2026-05-31T01:45:00+0200,3605.54,MW,FR,FR,actual_onshore_wind_generation,Wind Onshore,2026-06-30T22:03:10Z
2026-06-30T22:02:16Z,2026-07-01T00:02:16+0200,0f2c1f14-db75-409f-ba89-d4cf4b8f7c81,2026-05-31T00:00:00Z,2026-05-31T02:00:00+0200,3855.63,MW,FR,FR,actual_onshore_wind_generation,Wind Onshore,2026-06-30T22:03:10Z
2026-06-30T22:02:16Z,2026-07-01T00:02:16+0200,0f2c1f14-db75-409f-ba89-d4cf4b8f7c81,2026-05-31T00:15:00Z,2026-05-31T02:15:00+0200,3998.23,MW,FR,FR,actual_onshore_wind_generation,Wind Onshore,2026-06-30T22:03:10Z
2026-06-30T22:02:16Z,2026-07-01T00:02:16+0200,0f2c1f14-db75-409f-ba89-d4cf4b8f7c81,2026-05-31T00:30:00Z,2026-05-31T02:30:00+0200,4087.37,MW,FR,FR,actual_onshore_wind_generation,Wind Onshore,2026-06-30T22:03:10Z
2026-06-30T22:02:16Z,2026-07-01T00:02:16+0200,0f2c1f14-db75-409f-ba89-d4cf4b8f7c81,2026-05-31T00:45:00Z,2026-05-31T02:45:00+0200,4114.68,MW,FR,FR,actual_onshore_wind_generation,Wind Onshore,2026-06-30T22:03:10Z
2026-06-30T22:02:16Z,2026-07-01T00:02:16+0200,0f2c1f14-db75-409f-ba89-d4cf4b8f7c81,2026-05-31T01:00:00Z,2026-05-31T03:00:00+0200,3854.9,MW,FR,FR,actual_onshore_wind_generation,Wind Onshore,2026-06-30T22:03:10Z
2026-06-30T22:02:16Z,2026-07-01T00:02:16+0200,0f2c1f14-db75-409f-ba89-d4cf4b8f7c81,2026-05-31T01:15:00Z,2026-05-31T03:15:00+0200,3849.19,MW,FR,FR,actual_onshore_wind_generation,Wind Onshore,2026-06-30T22:03:10Z
2026-06-30T22:02:16Z,2026-07-01T00:02:16+0200,0f2c1f14-db75-409f-ba89-d4cf4b8f7c81,2026-05-31T01:30:00Z,2026-05-31T03:30:00+0200,3932.08,MW,FR,FR,actual_onshore_wind_generation,Wind Onshore,2026-06-30T22:03:10Z
2026-06-30T22:02:16Z,2026-07-01T00:02:16+0200,0f2c1f14-db75-409f-ba89-d4cf4b8f7c81,2026-05-31T01:45:00Z,2026-05-31T03:45:00+0200,4123.33,MW,FR,FR,actual_onshore_wind_generation,Wind Onshore,2026-06-30T22:03:10Z
2026-06-30T22:02:16Z,2026-07-01T00:02:16+0200,0f2c1f14-db75-409f-ba89-d4cf4b8f7c81,2026-05-31T02:00:00Z,2026-05-31T04:00:00+0200,4345.08,MW,FR,FR,actual_onshore_wind_generation,Wind Onshore,2026-06-30T22:03:10Z
2026-06-30T22:02:16Z,2026-07-01T00:02:16+0200,0f2c1f14-db75-409f-ba89-d4cf4b8f7c81,2026-05-31T02:15:00Z,2026-05-31T04:15:00+0200,4308.68,MW,FR,FR,actual_onshore_wind_generation,Wind Onshore,2026-06-30T22:03:10Z
2026-06-30T22:02:16Z,2026-07-01T00:02:16+0200,0f2c1f14-db75-409f-ba89-d4cf4b8f7c81,2026-05-31T02:30:00Z,2026-05-31T04:30:00+0200,4093.51,MW,FR,FR,actual_onshore_wind_generation,Wind Onshore,2026-06-30T22:03:10Z
2026-06-30T22:02:16Z,2026-07-01T00:02:16+0200,0f2c1f14-db75-409f-ba89-d4cf4b8f7c81,2026-05-31T02:45:00Z,2026-05-31T04:45:00+0200,4122.01,MW,FR,FR,actual_onshore_wind_generation,Wind Onshore,2026-06-30T22:03:10Z
2026-06-30T22:02:16Z,2026-07-01T00:02:16+0200,0f2c1f14-db75-409f-ba89-d4cf4b8f7c81,2026-05-31T03:00:00Z,2026-05-31T05:00:00+0200,4089.98,MW,FR,FR,actual_onshore_wind_generation,Wind Onshore,2026-06-30T22:03:10Z
2026-06-30T22:02:16Z,2026-07-01T00:02:16+0200,0f2c1f14-db75-409f-ba89-d4cf4b8f7c81,2026-05-31T03:15:00Z,2026-05-31T05:15:00+0200,4162.13,MW,FR,FR,actual_onshore_wind_generation,Wind Onshore,2026-06-30T22:03:10Z
2026-06-30T22:02:16Z,2026-07-01T00:02:16+0200,0f2c1f14-db75-409f-ba89-d4cf4b8f7c81,2026-05-31T03:30:00Z,2026-05-31T05:30:00+0200,4133.03,MW,FR,FR,actual_onshore_wind_generation,Wind Onshore,2026-06-30T22:03:10Z
2026-06-30T22:02:16Z,2026-07-01T00:02:16+0200,0f2c1f14-db75-409f-ba89-d4cf4b8f7c81,2026-05-31T03:45:00Z,2026-05-31T05:45:00+0200,4059.48,MW,FR,FR,actual_onshore_wind_generation,Wind Onshore,2026-06-30T22:03:10Z
2026-06-30T22:02:16Z,2026-07-01T00:02:16+0200,0f2c1f14-db75-409f-ba89-d4cf4b8f7c81,2026-05-31T04:00:00Z,2026-05-31T06:00:00+0200,3883.63,MW,FR,FR,actual_onshore_wind_generation,Wind Onshore,2026-06-30T22:03:10Z
2026-06-30T22:02:16Z,2026-07-01T00:02:16+0200,0f2c1f14-db75-409f-ba89-d4cf4b8f7c81,2026-05-31T04:15:00Z,2026-05-31T06:15:00+0200,3909.93,MW,FR,FR,actual_onshore_wind_generation,Wind Onshore,2026-06-30T22:03:10Z
2026-06-30T22:02:16Z,2026-07-01T00:02:16+0200,0f2c1f14-db75-409f-ba89-d4cf4b8f7c81,2026-05-31T04:30:00Z,2026-05-31T06:30:00+0200,3960.01,MW,FR,FR,actual_onshore_wind_generation,Wind Onshore,2026-06-30T22:03:10Z
2026-06-30T22:02:16Z,2026-07-01T00:02:16+0200,0f2c1f14-db75-409f-ba89-d4cf4b8f7c81,2026-05-31T04:45:00Z,2026-05-31T06:45:00+0200,4066.86,MW,FR,FR,actual_onshore_wind_generation,Wind Onshore,2026-06-30T22:03:10Z
2026-06-30T22:02:16Z,2026-07-01T00:02:16+0200,0f2c1f14-db75-409f-ba89-d4cf4b8f7c81,2026-05-31T05:00:00Z,2026-05-31T07:00:00+0200,4095.52,MW,FR,FR,actual_onshore_wind_generation,Wind Onshore,2026-06-30T22:03:10Z
2026-06-30T22:02:16Z,2026-07-01T00:02:16+0200,0f2c1f14-db75-409f-ba89-d4cf4b8f7c81,2026-05-31T05:15:00Z,2026-05-31T07:15:00+0200,4014.64,MW,FR,FR,actual_onshore_wind_generation,Wind Onshore,2026-06-30T22:03:10Z
2026-06-30T22:02:16Z,2026-07-01T00:02:16+0200,0f2c1f14-db75-409f-ba89-d4cf4b8f7c81,2026-05-31T05:30:00Z,2026-05-31T07:30:00+0200,3839.17,MW,FR,FR,actual_onshore_wind_generation,Wind Onshore,2026-06-30T22:03:10Z
2026-06-30T22:02:16Z,2026-07-01T00:02:16+0200,0f2c1f14-db75-409f-ba89-d4cf4b8f7c81,2026-05-31T05:45:00Z,2026-05-31T07:45:00+0200,3589.23,MW,FR,FR,actual_onshore_wind_generation,Wind Onshore,2026-06-30T22:03:10Z
2026-06-30T22:02:16Z,2026-07-01T00:02:16+0200,0f2c1f14-db75-409f-ba89-d4cf4b8f7c81,2026-05-31T06:00:00Z,2026-05-31T08:00:00+0200,3490.78,MW,FR,FR,actual_onshore_wind_generation,Wind Onshore,2026-06-30T22:03:10Z
2026-06-30T22:02:16Z,2026-07-01T00:02:16+0200,0f2c1f14-db75-409f-ba89-d4cf4b8f7c81,2026-05-31T06:15:00Z,2026-05-31T08:15:00+0200,3404.95,MW,FR,FR,actual_onshore_wind_generation,Wind Onshore,2026-06-30T22:03:10Z
2026-06-30T22:02:16Z,2026-07-01T00:02:16+0200,0f2c1f14-db75-409f-ba89-d4cf4b8f7c81,2026-05-31T06:30:00Z,2026-05-31T08:30:00+0200,3319.95,MW,FR,FR,actual_onshore_wind_generation,Wind Onshore,2026-06-30T22:03:10Z
2026-06-30T22:02:16Z,2026-07-01T00:02:16+0200,0f2c1f14-db75-409f-ba89-d4cf4b8f7c81,2026-05-31T06:45:00Z,2026-05-31T08:45:00+0200,3321.89,MW,FR,FR,actual_onshore_wind_generation,Wind Onshore,2026-06-30T22:03:10Z
2026-06-30T22:02:16Z,2026-07-01T00:02:16+0200,0f2c1f14-db75-409f-ba89-d4cf4b8f7c81,2026-05-31T07:00:00Z,2026-05-31T09:00:00+0200,3371.61,MW,FR,FR,actual_onshore_wind_generation,Wind Onshore,2026-06-30T22:03:10Z
2026-06-30T22:02:16Z,2026-07-01T00:02:16+0200,0f2c1f14-db75-409f-ba89-d4cf4b8f7c81,2026-05-31T07:15:00Z,2026-05-31T09:15:00+0200,3532.02,MW,FR,FR,actual_onshore_wind_generation,Wind Onshore,2026-06-30T22:03:10Z
2026-06-30T22:02:16Z,2026-07-01T00:02:16+0200,0f2c1f14-db75-409f-ba89-d4cf4b8f7c81,2026-05-31T07:30:00Z,2026-05-31T09:30:00+0200,3652.53,MW,FR,FR,actual_onshore_wind_generation,Wind Onshore,2026-06-30T22:03:10Z
2026-06-30T22:02:16Z,2026-07-01T00:02:16+0200,0f2c1f14-db75-409f-ba89-d4cf4b8f7c81,2026-05-31T07:45:00Z,2026-05-31T09:45:00+0200,3840.08,MW,FR,FR,actual_onshore_wind_generation,Wind Onshore,2026-06-30T22:03:10Z
2026-06-30T22:02:16Z,2026-07-01T00:02:16+0200,0f2c1f14-db75-409f-ba89-d4cf4b8f7c81,2026-05-31T08:00:00Z,2026-05-31T10:00:00+0200,3928.62,MW,FR,FR,actual_onshore_wind_generation,Wind Onshore,2026-06-30T22:03:10Z
2026-06-30T22:02:16Z,2026-07-01T00:02:16+0200,0f2c1f14-db75-409f-ba89-d4cf4b8f7c81,2026-05-31T08:15:00Z,2026-05-31T10:15:00+0200,3968.82,MW,FR,FR,actual_onshore_wind_generation,Wind Onshore,2026-06-30T22:03:10Z
2026-06-30T22:02:16Z,2026-07-01T00:02:16+0200,0f2c1f14-db75-409f-ba89-d4cf4b8f7c81,2026-05-31T08:30:00Z,2026-05-31T10:30:00+0200,4053.98,MW,FR,FR,actual_onshore_wind_generation,Wind Onshore,2026-06-30T22:03:10Z
2026-06-30T22:02:16Z,2026-07-01T00:02:16+0200,0f2c1f14-db75-409f-ba89-d4cf4b8f7c81,2026-05-31T08:45:00Z,2026-05-31T10:45:00+0200,4166.4,MW,FR,FR,actual_onshore_wind_generation,Wind Onshore,2026-06-30T22:03:10Z
2026-06-30T22:02:16Z,2026-07-01T00:02:16+0200,0f2c1f14-db75-409f-ba89-d4cf4b8f7c81,2026-05-31T09:00:00Z,2026-05-31T11:00:00+0200,4157.05,MW,FR,FR,actual_onshore_wind_generation,Wind Onshore,2026-06-30T22:03:10Z
2026-06-30T22:02:16Z,2026-07-01T00:02:16+0200,0f2c1f14-db75-409f-ba89-d4cf4b8f7c81,2026-05-31T09:15:00Z,2026-05-31T11:15:00+0200,4135.65,MW,FR,FR,actual_onshore_wind_generation,Wind Onshore,2026-06-30T22:03:10Z
2026-06-30T22:02:16Z,2026-07-01T00:02:16+0200,0f2c1f14-db75-409f-ba89-d4cf4b8f7c81,2026-05-31T09:30:00Z,2026-05-31T11:30:00+0200,4211.92,MW,FR,FR,actual_onshore_wind_generation,Wind Onshore,2026-06-30T22:03:10Z
2026-06-30T22:02:16Z,2026-07-01T00:02:16+0200,0f2c1f14-db75-409f-ba89-d4cf4b8f7c81,2026-05-31T09:45:00Z,2026-05-31T11:45:00+0200,4275.82,MW,FR,FR,actual_onshore_wind_generation,Wind Onshore,2026-06-30T22:03:10Z
2026-06-30T22:02:16Z,2026-07-01T00:02:16+0200,0f2c1f14-db75-409f-ba89-d4cf4b8f7c81,2026-05-31T10:00:00Z,2026-05-31T12:00:00+0200,4196.91,MW,FR,FR,actual_onshore_wind_generation,Wind Onshore,2026-06-30T22:03:10Z
2026-06-30T22:02:16Z,2026-07-01T00:02:16+0200,0f2c1f14-db75-409f-ba89-d4cf4b8f7c81,2026-05-31T10:15:00Z,2026-05-31T12:15:00+0200,3831.3,MW,FR,FR,actual_onshore_wind_generation,Wind Onshore,2026-06-30T22:03:10Z
2026-06-30T22:02:16Z,2026-07-01T00:02:16+0200,0f2c1f14-db75-409f-ba89-d4cf4b8f7c81,2026-05-31T10:30:00Z,2026-05-31T12:30:00+0200,2905.92,MW,FR,FR,actual_onshore_wind_generation,Wind Onshore,2026-06-30T22:03:10Z
2026-06-30T22:02:16Z,2026-07-01T00:02:16+0200,0f2c1f14-db75-409f-ba89-d4cf4b8f7c81,2026-05-31T10:45:00Z,2026-05-31T12:45:00+0200,2776.36,MW,FR,FR,actual_onshore_wind_generation,Wind Onshore,2026-06-30T22:03:10Z
2026-06-30T22:02:16Z,2026-07-01T00:02:16+0200,0f2c1f14-db75-409f-ba89-d4cf4b8f7c81,2026-05-31T11:00:00Z,2026-05-31T13:00:00+0200,2813.85,MW,FR,FR,actual_onshore_wind_generation,Wind Onshore,2026-06-30T22:03:10Z
2026-06-30T22:02:16Z,2026-07-01T00:02:16+0200,0f2c1f14-db75-409f-ba89-d4cf4b8f7c81,2026-05-31T11:15:00Z,2026-05-31T13:15:00+0200,2792.47,MW,FR,FR,actual_onshore_wind_generation,Wind Onshore,2026-06-30T22:03:10Z
2026-06-30T22:02:16Z,2026-07-01T00:02:16+0200,0f2c1f14-db75-409f-ba89-d4cf4b8f7c81,2026-05-31T11:30:00Z,2026-05-31T13:30:00+0200,2796.78,MW,FR,FR,actual_onshore_wind_generation,Wind Onshore,2026-06-30T22:03:10Z
2026-06-30T22:02:16Z,2026-07-01T00:02:16+0200,0f2c1f14-db75-409f-ba89-d4cf4b8f7c81,2026-05-31T11:45:00Z,2026-05-31T13:45:00+0200,2783.51,MW,FR,FR,actual_onshore_wind_generation,Wind Onshore,2026-06-30T22:03:10Z
2026-06-30T22:02:16Z,2026-07-01T00:02:16+0200,0f2c1f14-db75-409f-ba89-d4cf4b8f7c81,2026-05-31T12:00:00Z,2026-05-31T14:00:00+0200,2744.02,MW,FR,FR,actual_onshore_wind_generation,Wind Onshore,2026-06-30T22:03:10Z
2026-06-30T22:02:16Z,2026-07-01T00:02:16+0200,0f2c1f14-db75-409f-ba89-d4cf4b8f7c81,2026-05-31T12:15:00Z,2026-05-31T14:15:00+0200,2756.97,MW,FR,FR,actual_onshore_wind_generation,Wind Onshore,2026-06-30T22:03:10Z
2026-06-30T22:02:16Z,2026-07-01T00:02:16+0200,0f2c1f14-db75-409f-ba89-d4cf4b8f7c81,2026-05-31T12:30:00Z,2026-05-31T14:30:00+0200,2780.05,MW,FR,FR,actual_onshore_wind_generation,Wind Onshore,2026-06-30T22:03:10Z
2026-06-30T22:02:16Z,2026-07-01T00:02:16+0200,0f2c1f14-db75-409f-ba89-d4cf4b8f7c81,2026-05-31T12:45:00Z,2026-05-31T14:45:00+0200,2807.32,MW,FR,FR,actual_onshore_wind_generation,Wind Onshore,2026-06-30T22:03:10Z
2026-06-30T22:02:16Z,2026-07-01T00:02:16+0200,0f2c1f14-db75-409f-ba89-d4cf4b8f7c81,2026-05-31T13:00:00Z,2026-05-31T15:00:00+0200,2960.85,MW,FR,FR,actual_onshore_wind_generation,Wind Onshore,2026-06-30T22:03:10Z
2026-06-30T22:02:16Z,2026-07-01T00:02:16+0200,0f2c1f14-db75-409f-ba89-d4cf4b8f7c81,2026-05-31T13:15:00Z,2026-05-31T15:15:00+0200,4272.55,MW,FR,FR,actual_onshore_wind_generation,Wind Onshore,2026-06-30T22:03:10Z
2026-06-30T22:02:16Z,2026-07-01T00:02:16+0200,0f2c1f14-db75-409f-ba89-d4cf4b8f7c81,2026-05-31T13:30:00Z,2026-05-31T15:30:00+0200,5049.56,MW,FR,FR,actual_onshore_wind_generation,Wind Onshore,2026-06-30T22:03:10Z
2026-06-30T22:02:16Z,2026-07-01T00:02:16+0200,0f2c1f14-db75-409f-ba89-d4cf4b8f7c81,2026-05-31T13:45:00Z,2026-05-31T15:45:00+0200,4617.56,MW,FR,FR,actual_onshore_wind_generation,Wind Onshore,2026-06-30T22:03:10Z
2026-06-30T22:02:16Z,2026-07-01T00:02:16+0200,0f2c1f14-db75-409f-ba89-d4cf4b8f7c81,2026-05-31T14:00:00Z,2026-05-31T16:00:00+0200,3339.25,MW,FR,FR,actual_onshore_wind_generation,Wind Onshore,2026-06-30T22:03:10Z
2026-06-30T22:02:16Z,2026-07-01T00:02:16+0200,0f2c1f14-db75-409f-ba89-d4cf4b8f7c81,2026-05-31T14:15:00Z,2026-05-31T16:15:00+0200,3205.21,MW,FR,FR,actual_onshore_wind_generation,Wind Onshore,2026-06-30T22:03:10Z
2026-06-30T22:02:16Z,2026-07-01T00:02:16+0200,0f2c1f14-db75-409f-ba89-d4cf4b8f7c81,2026-05-31T14:30:00Z,2026-05-31T16:30:00+0200,3234.35,MW,FR,FR,actual_onshore_wind_generation,Wind Onshore,2026-06-30T22:03:10Z
2026-06-30T22:02:16Z,2026-07-01T00:02:16+0200,0f2c1f14-db75-409f-ba89-d4cf4b8f7c81,2026-05-31T14:45:00Z,2026-05-31T16:45:00+0200,3243.3,MW,FR,FR,actual_onshore_wind_generation,Wind Onshore,2026-06-30T22:03:10Z
2026-06-30T22:02:16Z,2026-07-01T00:02:16+0200,0f2c1f14-db75-409f-ba89-d4cf4b8f7c81,2026-05-31T15:00:00Z,2026-05-31T17:00:00+0200,3331.7,MW,FR,FR,actual_onshore_wind_generation,Wind Onshore,2026-06-30T22:03:10Z
2026-06-30T22:02:16Z,2026-07-01T00:02:16+0200,0f2c1f14-db75-409f-ba89-d4cf4b8f7c81,2026-05-31T15:15:00Z,2026-05-31T17:15:00+0200,3498.8,MW,FR,FR,actual_onshore_wind_generation,Wind Onshore,2026-06-30T22:03:10Z
2026-06-30T22:02:16Z,2026-07-01T00:02:16+0200,0f2c1f14-db75-409f-ba89-d4cf4b8f7c81,2026-05-31T15:30:00Z,2026-05-31T17:30:00+0200,4987.01,MW,FR,FR,actual_onshore_wind_generation,Wind Onshore,2026-06-30T22:03:10Z
2026-06-30T22:02:16Z,2026-07-01T00:02:16+0200,0f2c1f14-db75-409f-ba89-d4cf4b8f7c81,2026-05-31T15:45:00Z,2026-05-31T17:45:00+0200,5790.03,MW,FR,FR,actual_onshore_wind_generation,Wind Onshore,2026-06-30T22:03:10Z
2026-06-30T22:02:16Z,2026-07-01T00:02:16+0200,0f2c1f14-db75-409f-ba89-d4cf4b8f7c81,2026-05-31T16:00:00Z,2026-05-31T18:00:00+0200,5869.08,MW,FR,FR,actual_onshore_wind_generation,Wind Onshore,2026-06-30T22:03:10Z
2026-06-30T22:02:16Z,2026-07-01T00:02:16+0200,0f2c1f14-db75-409f-ba89-d4cf4b8f7c81,2026-05-31T16:15:00Z,2026-05-31T18:15:00+0200,5994.07,MW,FR,FR,actual_onshore_wind_generation,Wind Onshore,2026-06-30T22:03:10Z
2026-06-30T22:02:16Z,2026-07-01T00:02:16+0200,0f2c1f14-db75-409f-ba89-d4cf4b8f7c81,2026-05-31T16:30:00Z,2026-05-31T18:30:00+0200,5935.58,MW,FR,FR,actual_onshore_wind_generation,Wind Onshore,2026-06-30T22:03:10Z
2026-06-30T22:02:16Z,2026-07-01T00:02:16+0200,0f2c1f14-db75-409f-ba89-d4cf4b8f7c81,2026-05-31T16:45:00Z,2026-05-31T18:45:00+0200,5876.1,MW,FR,FR,actual_onshore_wind_generation,Wind Onshore,2026-06-30T22:03:10Z
2026-06-30T22:02:16Z,2026-07-01T00:02:16+0200,0f2c1f14-db75-409f-ba89-d4cf4b8f7c81,2026-05-31T17:00:00Z,2026-05-31T19:00:00+0200,5844.83,MW,FR,FR,actual_onshore_wind_generation,Wind Onshore,2026-06-30T22:03:10Z
2026-06-30T22:02:16Z,2026-07-01T00:02:16+0200,0f2c1f14-db75-409f-ba89-d4cf4b8f7c81,2026-05-31T17:15:00Z,2026-05-31T19:15:00+0200,5788.33,MW,FR,FR,actual_onshore_wind_generation,Wind Onshore,2026-06-30T22:03:10Z
2026-06-30T22:02:16Z,2026-07-01T00:02:16+0200,0f2c1f14-db75-409f-ba89-d4cf4b8f7c81,2026-05-31T17:30:00Z,2026-05-31T19:30:00+0200,5689.17,MW,FR,FR,actual_onshore_wind_generation,Wind Onshore,2026-06-30T22:03:10Z
2026-06-30T22:02:16Z,2026-07-01T00:02:16+0200,0f2c1f14-db75-409f-ba89-d4cf4b8f7c81,2026-05-31T17:45:00Z,2026-05-31T19:45:00+0200,5482.79,MW,FR,FR,actual_onshore_wind_generation,Wind Onshore,2026-06-30T22:03:10Z
2026-06-30T22:02:16Z,2026-07-01T00:02:16+0200,0f2c1f14-db75-409f-ba89-d4cf4b8f7c81,2026-05-31T18:00:00Z,2026-05-31T20:00:00+0200,5394.27,MW,FR,FR,actual_onshore_wind_generation,Wind Onshore,2026-06-30T22:03:10Z
2026-06-30T22:02:16Z,2026-07-01T00:02:16+0200,0f2c1f14-db75-409f-ba89-d4cf4b8f7c81,2026-05-31T18:15:00Z,2026-05-31T20:15:00+0200,5194.49,MW,FR,FR,actual_onshore_wind_generation,Wind Onshore,2026-06-30T22:03:10Z
2026-06-30T22:02:16Z,2026-07-01T00:02:16+0200,0f2c1f14-db75-409f-ba89-d4cf4b8f7c81,2026-05-31T18:30:00Z,2026-05-31T20:30:00+0200,4831.35,MW,FR,FR,actual_onshore_wind_generation,Wind Onshore,2026-06-30T22:03:10Z
2026-06-30T22:02:16Z,2026-07-01T00:02:16+0200,0f2c1f14-db75-409f-ba89-d4cf4b8f7c81,2026-05-31T18:45:00Z,2026-05-31T20:45:00+0200,4599.99,MW,FR,FR,actual_onshore_wind_generation,Wind Onshore,2026-06-30T22:03:10Z
2026-06-30T22:02:16Z,2026-07-01T00:02:16+0200,0f2c1f14-db75-409f-ba89-d4cf4b8f7c81,2026-05-31T19:00:00Z,2026-05-31T21:00:00+0200,4398.3,MW,FR,FR,actual_onshore_wind_generation,Wind Onshore,2026-06-30T22:03:10Z
2026-06-30T22:02:16Z,2026-07-01T00:02:16+0200,0f2c1f14-db75-409f-ba89-d4cf4b8f7c81,2026-05-31T19:15:00Z,2026-05-31T21:15:00+0200,4199.21,MW,FR,FR,actual_onshore_wind_generation,Wind Onshore,2026-06-30T22:03:10Z
2026-06-30T22:02:16Z,2026-07-01T00:02:16+0200,0f2c1f14-db75-409f-ba89-d4cf4b8f7c81,2026-05-31T19:30:00Z,2026-05-31T21:30:00+0200,4039.9,MW,FR,FR,actual_onshore_wind_generation,Wind Onshore,2026-06-30T22:03:10Z
2026-06-30T22:02:16Z,2026-07-01T00:02:16+0200,0f2c1f14-db75-409f-ba89-d4cf4b8f7c81,2026-05-31T19:45:00Z,2026-05-31T21:45:00+0200,3873.01,MW,FR,FR,actual_onshore_wind_generation,Wind Onshore,2026-06-30T22:03:10Z
2026-06-30T22:02:16Z,2026-07-01T00:02:16+0200,0f2c1f14-db75-409f-ba89-d4cf4b8f7c81,2026-05-31T20:00:00Z,2026-05-31T22:00:00+0200,3785.35,MW,FR,FR,actual_onshore_wind_generation,Wind Onshore,2026-06-30T22:03:10Z
2026-06-30T22:02:16Z,2026-07-01T00:02:16+0200,0f2c1f14-db75-409f-ba89-d4cf4b8f7c81,2026-05-31T20:15:00Z,2026-05-31T22:15:00+0200,3697.51,MW,FR,FR,actual_onshore_wind_generation,Wind Onshore,2026-06-30T22:03:10Z
2026-06-30T22:02:16Z,2026-07-01T00:02:16+0200,0f2c1f14-db75-409f-ba89-d4cf4b8f7c81,2026-05-31T20:30:00Z,2026-05-31T22:30:00+0200,3624.51,MW,FR,FR,actual_onshore_wind_generation,Wind Onshore,2026-06-30T22:03:10Z
2026-06-30T22:02:16Z,2026-07-01T00:02:16+0200,0f2c1f14-db75-409f-ba89-d4cf4b8f7c81,2026-05-31T20:45:00Z,2026-05-31T22:45:00+0200,3594.48,MW,FR,FR,actual_onshore_wind_generation,Wind Onshore,2026-06-30T22:03:10Z
2026-06-30T22:02:16Z,2026-07-01T00:02:16+0200,0f2c1f14-db75-409f-ba89-d4cf4b8f7c81,2026-05-31T21:00:00Z,2026-05-31T23:00:00+0200,3541.56,MW,FR,FR,actual_onshore_wind_generation,Wind Onshore,2026-06-30T22:03:10Z
2026-06-30T22:02:16Z,2026-07-01T00:02:16+0200,0f2c1f14-db75-409f-ba89-d4cf4b8f7c81,2026-05-31T21:15:00Z,2026-05-31T23:15:00+0200,3434.24,MW,FR,FR,actual_onshore_wind_generation,Wind Onshore,2026-06-30T22:03:10Z
2026-06-30T22:02:16Z,2026-07-01T00:02:16+0200,0f2c1f14-db75-409f-ba89-d4cf4b8f7c81,2026-05-31T21:30:00Z,2026-05-31T23:30:00+0200,3346.66,MW,FR,FR,actual_onshore_wind_generation,Wind Onshore,2026-06-30T22:03:10Z
2026-06-30T22:02:16Z,2026-07-01T00:02:16+0200,0f2c1f14-db75-409f-ba89-d4cf4b8f7c81,2026-05-31T21:45:00Z,2026-05-31T23:45:00+0200,3295.37,MW,FR,FR,actual_onshore_wind_generation,Wind Onshore,2026-06-30T22:03:10Z
2026-06-30T22:02:16Z,2026-07-01T00:02:16+0200,0f2c1f14-db75-409f-ba89-d4cf4b8f7c81,2026-05-31T22:00:00Z,2026-06-01T00:00:00+0200,3256.82,MW,FR,FR,actual_onshore_wind_generation,Wind Onshore,2026-06-30T22:03:10Z
2026-06-30T22:02:16Z,2026-07-01T00:02:16+0200,0f2c1f14-db75-409f-ba89-d4cf4b8f7c81,2026-05-31T22:15:00Z,2026-06-01T00:15:00+0200,3181.79,MW,FR,FR,actual_onshore_wind_generation,Wind Onshore,2026-06-30T22:03:10Z
2026-06-30T22:02:16Z,2026-07-01T00:02:16+0200,0f2c1f14-db75-409f-ba89-d4cf4b8f7c81,2026-05-31T22:30:00Z,2026-06-01T00:30:00+0200,3129.32,MW,FR,FR,actual_onshore_wind_generation,Wind Onshore,2026-06-30T22:03:10Z
2026-06-30T22:02:16Z,2026-07-01T00:02:16+0200,0f2c1f14-db75-409f-ba89-d4cf4b8f7c81,2026-05-31T22:45:00Z,2026-06-01T00:45:00+0200,3109.85,MW,FR,FR,actual_onshore_wind_generation,Wind Onshore,2026-06-30T22:03:10Z
2026-06-30T22:02:16Z,2026-07-01T00:02:16+0200,0f2c1f14-db75-409f-ba89-d4cf4b8f7c81,2026-05-31T23:00:00Z,2026-06-01T01:00:00+0200,2995.57,MW,FR,FR,actual_onshore_wind_generation,Wind Onshore,2026-06-30T22:03:10Z
2026-06-30T22:02:16Z,2026-07-01T00:02:16+0200,0f2c1f14-db75-409f-ba89-d4cf4b8f7c81,2026-05-31T23:15:00Z,2026-06-01T01:15:00+0200,2920.2,MW,FR,FR,actual_onshore_wind_generation,Wind Onshore,2026-06-30T22:03:10Z
2026-06-30T22:02:16Z,2026-07-01T00:02:16+0200,0f2c1f14-db75-409f-ba89-d4cf4b8f7c81,2026-05-31T23:30:00Z,2026-06-01T01:30:00+0200,2895.11,MW,FR,FR,actual_onshore_wind_generation,Wind Onshore,2026-06-30T22:03:10Z
2026-06-30T22:02:16Z,2026-07-01T00:02:16+0200,0f2c1f14-db75-409f-ba89-d4cf4b8f7c81,2026-05-31T23:45:00Z,2026-06-01T01:45:00+0200,2890.43,MW,FR,FR,actual_onshore_wind_generation,Wind Onshore,2026-06-30T22:03:10Z
2026-06-30T22:02:16Z,2026-07-01T00:02:16+0200,0f2c1f14-db75-409f-ba89-d4cf4b8f7c81,2026-06-01T00:00:00Z,2026-06-01T02:00:00+0200,2853.34,MW,FR,FR,actual_onshore_wind_generation,Wind Onshore,2026-06-30T22:03:10Z
2026-06-30T22:02:16Z,2026-07-01T00:02:16+0200,0f2c1f14-db75-409f-ba89-d4cf4b8f7c81,2026-06-01T00:15:00Z,2026-06-01T02:15:00+0200,2789.8,MW,FR,FR,actual_onshore_wind_generation,Wind Onshore,2026-06-30T22:03:10Z
2026-06-30T22:02:16Z,2026-07-01T00:02:16+0200,0f2c1f14-db75-409f-ba89-d4cf4b8f7c81,2026-06-01T00:30:00Z,2026-06-01T02:30:00+0200,2774.4,MW,FR,FR,actual_onshore_wind_generation,Wind Onshore,2026-06-30T22:03:10Z
2026-06-30T22:02:16Z,2026-07-01T00:02:16+0200,0f2c1f14-db75-409f-ba89-d4cf4b8f7c81,2026-06-01T00:45:00Z,2026-06-01T02:45:00+0200,2759.23,MW,FR,FR,actual_onshore_wind_generation,Wind Onshore,2026-06-30T22:03:10Z
2026-06-30T22:02:16Z,2026-07-01T00:02:16+0200,0f2c1f14-db75-409f-ba89-d4cf4b8f7c81,2026-06-01T01:00:00Z,2026-06-01T03:00:00+0200,2750.74,MW,FR,FR,actual_onshore_wind_generation,Wind Onshore,2026-06-30T22:03:10Z
2026-06-30T22:02:16Z,2026-07-01T00:02:16+0200,0f2c1f14-db75-409f-ba89-d4cf4b8f7c81,2026-06-01T01:15:00Z,2026-06-01T03:15:00+0200,2700.0,MW,FR,FR,actual_onshore_wind_generation,Wind Onshore,2026-06-30T22:03:10Z
2026-06-30T22:02:16Z,2026-07-01T00:02:16+0200,0f2c1f14-db75-409f-ba89-d4cf4b8f7c81,2026-06-01T01:30:00Z,2026-06-01T03:30:00+0200,2662.04,MW,FR,FR,actual_onshore_wind_generation,Wind Onshore,2026-06-30T22:03:10Z
2026-06-30T22:02:16Z,2026-07-01T00:02:16+0200,0f2c1f14-db75-409f-ba89-d4cf4b8f7c81,2026-06-01T01:45:00Z,2026-06-01T03:45:00+0200,2599.34,MW,FR,FR,actual_onshore_wind_generation,Wind Onshore,2026-06-30T22:03:10Z
2026-06-30T22:02:16Z,2026-07-01T00:02:16+0200,0f2c1f14-db75-409f-ba89-d4cf4b8f7c81,2026-06-01T02:00:00Z,2026-06-01T04:00:00+0200,2489.88,MW,FR,FR,actual_onshore_wind_generation,Wind Onshore,2026-06-30T22:03:10Z
2026-06-30T22:02:16Z,2026-07-01T00:02:16+0200,0f2c1f14-db75-409f-ba89-d4cf4b8f7c81,2026-06-01T02:15:00Z,2026-06-01T04:15:00+0200,2355.46,MW,FR,FR,actual_onshore_wind_generation,Wind Onshore,2026-06-30T22:03:10Z
2026-06-30T22:02:16Z,2026-07-01T00:02:16+0200,0f2c1f14-db75-409f-ba89-d4cf4b8f7c81,2026-06-01T02:30:00Z,2026-06-01T04:30:00+0200,2213.98,MW,FR,FR,actual_onshore_wind_generation,Wind Onshore,2026-06-30T22:03:10Z
2026-06-30T22:02:16Z,2026-07-01T00:02:16+0200,0f2c1f14-db75-409f-ba89-d4cf4b8f7c81,2026-06-01T02:45:00Z,2026-06-01T04:45:00+0200,2085.05,MW,FR,FR,actual_onshore_wind_generation,Wind Onshore,2026-06-30T22:03:10Z
2026-06-30T22:02:16Z,2026-07-01T00:02:16+0200,0f2c1f14-db75-409f-ba89-d4cf4b8f7c81,2026-06-01T03:00:00Z,2026-06-01T05:00:00+0200,1893.01,MW,FR,FR,actual_onshore_wind_generation,Wind Onshore,2026-06-30T22:03:10Z
2026-06-30T22:02:16Z,2026-07-01T00:02:16+0200,0f2c1f14-db75-409f-ba89-d4cf4b8f7c81,2026-06-01T03:15:00Z,2026-06-01T05:15:00+0200,1772.29,MW,FR,FR,actual_onshore_wind_generation,Wind Onshore,2026-06-30T22:03:10Z
2026-06-30T22:02:16Z,2026-07-01T00:02:16+0200,0f2c1f14-db75-409f-ba89-d4cf4b8f7c81,2026-06-01T03:30:00Z,2026-06-01T05:30:00+0200,1691.47,MW,FR,FR,actual_onshore_wind_generation,Wind Onshore,2026-06-30T22:03:10Z
2026-06-30T22:02:16Z,2026-07-01T00:02:16+0200,0f2c1f14-db75-409f-ba89-d4cf4b8f7c81,2026-06-01T03:45:00Z,2026-06-01T05:45:00+0200,1630.37,MW,FR,FR,actual_onshore_wind_generation,Wind Onshore,2026-06-30T22:03:10Z
2026-06-30T22:02:16Z,2026-07-01T00:02:16+0200,0f2c1f14-db75-409f-ba89-d4cf4b8f7c81,2026-06-01T04:00:00Z,2026-06-01T06:00:00+0200,1562.21,MW,FR,FR,actual_onshore_wind_generation,Wind Onshore,2026-06-30T22:03:10Z
2026-06-30T22:02:16Z,2026-07-01T00:02:16+0200,0f2c1f14-db75-409f-ba89-d4cf4b8f7c81,2026-06-01T04:15:00Z,2026-06-01T06:15:00+0200,1498.16,MW,FR,FR,actual_onshore_wind_generation,Wind Onshore,2026-06-30T22:03:10Z
2026-06-30T22:02:16Z,2026-07-01T00:02:16+0200,0f2c1f14-db75-409f-ba89-d4cf4b8f7c81,2026-06-01T04:30:00Z,2026-06-01T06:30:00+0200,1411.57,MW,FR,FR,actual_onshore_wind_generation,Wind Onshore,2026-06-30T22:03:10Z
2026-06-30T22:02:16Z,2026-07-01T00:02:16+0200,0f2c1f14-db75-409f-ba89-d4cf4b8f7c81,2026-06-01T04:45:00Z,2026-06-01T06:45:00+0200,1383.08,MW,FR,FR,actual_onshore_wind_generation,Wind Onshore,2026-06-30T22:03:10Z
2026-06-30T22:02:16Z,2026-07-01T00:02:16+0200,0f2c1f14-db75-409f-ba89-d4cf4b8f7c81,2026-06-01T05:00:00Z,2026-06-01T07:00:00+0200,1359.54,MW,FR,FR,actual_onshore_wind_generation,Wind Onshore,2026-06-30T22:03:10Z
2026-06-30T22:02:16Z,2026-07-01T00:02:16+0200,0f2c1f14-db75-409f-ba89-d4cf4b8f7c81,2026-06-01T05:15:00Z,2026-06-01T07:15:00+0200,1305.86,MW,FR,FR,actual_onshore_wind_generation,Wind Onshore,2026-06-30T22:03:10Z
2026-06-30T22:02:16Z,2026-07-01T00:02:16+0200,0f2c1f14-db75-409f-ba89-d4cf4b8f7c81,2026-06-01T05:30:00Z,2026-06-01T07:30:00+0200,1247.46,MW,FR,FR,actual_onshore_wind_generation,Wind Onshore,2026-06-30T22:03:10Z
2026-06-30T22:02:16Z,2026-07-01T00:02:16+0200,0f2c1f14-db75-409f-ba89-d4cf4b8f7c81,2026-06-01T05:45:00Z,2026-06-01T07:45:00+0200,1169.59,MW,FR,FR,actual_onshore_wind_generation,Wind Onshore,2026-06-30T22:03:10Z
2026-06-30T22:02:16Z,2026-07-01T00:02:16+0200,0f2c1f14-db75-409f-ba89-d4cf4b8f7c81,2026-06-01T06:00:00Z,2026-06-01T08:00:00+0200,1107.2,MW,FR,FR,actual_onshore_wind_generation,Wind Onshore,2026-06-30T22:03:10Z
2026-06-30T22:02:16Z,2026-07-01T00:02:16+0200,0f2c1f14-db75-409f-ba89-d4cf4b8f7c81,2026-06-01T06:15:00Z,2026-06-01T08:15:00+0200,1073.19,MW,FR,FR,actual_onshore_wind_generation,Wind Onshore,2026-06-30T22:03:10Z
2026-06-30T22:02:16Z,2026-07-01T00:02:16+0200,0f2c1f14-db75-409f-ba89-d4cf4b8f7c81,2026-06-01T06:30:00Z,2026-06-01T08:30:00+0200,1048.35,MW,FR,FR,actual_onshore_wind_generation,Wind Onshore,2026-06-30T22:03:10Z
2026-06-30T22:02:16Z,2026-07-01T00:02:16+0200,0f2c1f14-db75-409f-ba89-d4cf4b8f7c81,2026-06-01T06:45:00Z,2026-06-01T08:45:00+0200,1064.79,MW,FR,FR,actual_onshore_wind_generation,Wind Onshore,2026-06-30T22:03:10Z
2026-06-30T22:02:16Z,2026-07-01T00:02:16+0200,0f2c1f14-db75-409f-ba89-d4cf4b8f7c81,2026-06-01T07:00:00Z,2026-06-01T09:00:00+0200,1069.63,MW,FR,FR,actual_onshore_wind_generation,Wind Onshore,2026-06-30T22:03:10Z
2026-06-30T22:02:16Z,2026-07-01T00:02:16+0200,0f2c1f14-db75-409f-ba89-d4cf4b8f7c81,2026-06-01T07:15:00Z,2026-06-01T09:15:00+0200,1099.28,MW,FR,FR,actual_onshore_wind_generation,Wind Onshore,2026-06-30T22:03:10Z
2026-06-30T22:02:16Z,2026-07-01T00:02:16+0200,0f2c1f14-db75-409f-ba89-d4cf4b8f7c81,2026-06-01T07:30:00Z,2026-06-01T09:30:00+0200,1107.48,MW,FR,FR,actual_onshore_wind_generation,Wind Onshore,2026-06-30T22:03:10Z
2026-06-30T22:02:16Z,2026-07-01T00:02:16+0200,0f2c1f14-db75-409f-ba89-d4cf4b8f7c81,2026-06-01T07:45:00Z,2026-06-01T09:45:00+0200,1105.26,MW,FR,FR,actual_onshore_wind_generation,Wind Onshore,2026-06-30T22:03:10Z
2026-06-30T22:02:16Z,2026-07-01T00:02:16+0200,0f2c1f14-db75-409f-ba89-d4cf4b8f7c81,2026-06-01T08:00:00Z,2026-06-01T10:00:00+0200,1079.58,MW,FR,FR,actual_onshore_wind_generation,Wind Onshore,2026-06-30T22:03:10Z
2026-06-30T22:02:16Z,2026-07-01T00:02:16+0200,0f2c1f14-db75-409f-ba89-d4cf4b8f7c81,2026-06-01T08:15:00Z,2026-06-01T10:15:00+0200,1084.36,MW,FR,FR,actual_onshore_wind_generation,Wind Onshore,2026-06-30T22:03:10Z
2026-06-30T22:02:16Z,2026-07-01T00:02:16+0200,0f2c1f14-db75-409f-ba89-d4cf4b8f7c81,2026-06-01T08:30:00Z,2026-06-01T10:30:00+0200,1103.1,MW,FR,FR,actual_onshore_wind_generation,Wind Onshore,2026-06-30T22:03:10Z
2026-06-30T22:02:16Z,2026-07-01T00:02:16+0200,0f2c1f14-db75-409f-ba89-d4cf4b8f7c81,2026-06-01T08:45:00Z,2026-06-01T10:45:00+0200,1151.73,MW,FR,FR,actual_onshore_wind_generation,Wind Onshore,2026-06-30T22:03:10Z
2026-06-30T22:02:16Z,2026-07-01T00:02:16+0200,0f2c1f14-db75-409f-ba89-d4cf4b8f7c81,2026-06-01T09:00:00Z,2026-06-01T11:00:00+0200,1181.41,MW,FR,FR,actual_onshore_wind_generation,Wind Onshore,2026-06-30T22:03:10Z
2026-06-30T22:02:16Z,2026-07-01T00:02:16+0200,0f2c1f14-db75-409f-ba89-d4cf4b8f7c81,2026-06-01T09:15:00Z,2026-06-01T11:15:00+0200,1188.63,MW,FR,FR,actual_onshore_wind_generation,Wind Onshore,2026-06-30T22:03:10Z
2026-06-30T22:02:16Z,2026-07-01T00:02:16+0200,0f2c1f14-db75-409f-ba89-d4cf4b8f7c81,2026-06-01T09:30:00Z,2026-06-01T11:30:00+0200,1181.65,MW,FR,FR,actual_onshore_wind_generation,Wind Onshore,2026-06-30T22:03:10Z
2026-06-30T22:02:16Z,2026-07-01T00:02:16+0200,0f2c1f14-db75-409f-ba89-d4cf4b8f7c81,2026-06-01T09:45:00Z,2026-06-01T11:45:00+0200,1173.8,MW,FR,FR,actual_onshore_wind_generation,Wind Onshore,2026-06-30T22:03:10Z
2026-06-30T22:02:16Z,2026-07-01T00:02:16+0200,0f2c1f14-db75-409f-ba89-d4cf4b8f7c81,2026-06-01T10:00:00Z,2026-06-01T12:00:00+0200,1195.97,MW,FR,FR,actual_onshore_wind_generation,Wind Onshore,2026-06-30T22:03:10Z
2026-06-30T22:02:16Z,2026-07-01T00:02:16+0200,0f2c1f14-db75-409f-ba89-d4cf4b8f7c81,2026-06-01T10:15:00Z,2026-06-01T12:15:00+0200,1219.06,MW,FR,FR,actual_onshore_wind_generation,Wind Onshore,2026-06-30T22:03:10Z
2026-06-30T22:02:16Z,2026-07-01T00:02:16+0200,0f2c1f14-db75-409f-ba89-d4cf4b8f7c81,2026-06-01T10:30:00Z,2026-06-01T12:30:00+0200,1260.75,MW,FR,FR,actual_onshore_wind_generation,Wind Onshore,2026-06-30T22:03:10Z
2026-06-30T22:02:16Z,2026-07-01T00:02:16+0200,0f2c1f14-db75-409f-ba89-d4cf4b8f7c81,2026-06-01T10:45:00Z,2026-06-01T12:45:00+0200,1293.78,MW,FR,FR,actual_onshore_wind_generation,Wind Onshore,2026-06-30T22:03:10Z
2026-06-30T22:02:16Z,2026-07-01T00:02:16+0200,0f2c1f14-db75-409f-ba89-d4cf4b8f7c81,2026-06-01T11:00:00Z,2026-06-01T13:00:00+0200,1292.51,MW,FR,FR,actual_onshore_wind_generation,Wind Onshore,2026-06-30T22:03:10Z
2026-06-30T22:02:16Z,2026-07-01T00:02:16+0200,0f2c1f14-db75-409f-ba89-d4cf4b8f7c81,2026-06-01T11:15:00Z,2026-06-01T13:15:00+0200,1301.79,MW,FR,FR,actual_onshore_wind_generation,Wind Onshore,2026-06-30T22:03:10Z
2026-06-30T22:02:16Z,2026-07-01T00:02:16+0200,0f2c1f14-db75-409f-ba89-d4cf4b8f7c81,2026-06-01T11:30:00Z,2026-06-01T13:30:00+0200,1313.44,MW,FR,FR,actual_onshore_wind_generation,Wind Onshore,2026-06-30T22:03:10Z
2026-06-30T22:02:16Z,2026-07-01T00:02:16+0200,0f2c1f14-db75-409f-ba89-d4cf4b8f7c81,2026-06-01T11:45:00Z,2026-06-01T13:45:00+0200,1260.26,MW,FR,FR,actual_onshore_wind_generation,Wind Onshore,2026-06-30T22:03:10Z
2026-06-30T22:02:16Z,2026-07-01T00:02:16+0200,0f2c1f14-db75-409f-ba89-d4cf4b8f7c81,2026-06-01T12:00:00Z,2026-06-01T14:00:00+0200,1221.29,MW,FR,FR,actual_onshore_wind_generation,Wind Onshore,2026-06-30T22:03:10Z
2026-06-30T22:02:16Z,2026-07-01T00:02:16+0200,0f2c1f14-db75-409f-ba89-d4cf4b8f7c81,2026-06-01T12:15:00Z,2026-06-01T14:15:00+0200,1214.77,MW,FR,FR,actual_onshore_wind_generation,Wind Onshore,2026-06-30T22:03:10Z
2026-06-30T22:02:16Z,2026-07-01T00:02:16+0200,0f2c1f14-db75-409f-ba89-d4cf4b8f7c81,2026-06-01T12:30:00Z,2026-06-01T14:30:00+0200,1193.69,MW,FR,FR,actual_onshore_wind_generation,Wind Onshore,2026-06-30T22:03:10Z
2026-06-30T22:02:16Z,2026-07-01T00:02:16+0200,0f2c1f14-db75-409f-ba89-d4cf4b8f7c81,2026-06-01T12:45:00Z,2026-06-01T14:45:00+0200,1204.95,MW,FR,FR,actual_onshore_wind_generation,Wind Onshore,2026-06-30T22:03:10Z
2026-06-30T22:02:16Z,2026-07-01T00:02:16+0200,0f2c1f14-db75-409f-ba89-d4cf4b8f7c81,2026-06-01T13:00:00Z,2026-06-01T15:00:00+0200,1251.62,MW,FR,FR,actual_onshore_wind_generation,Wind Onshore,2026-06-30T22:03:10Z
2026-06-30T22:02:16Z,2026-07-01T00:02:16+0200,0f2c1f14-db75-409f-ba89-d4cf4b8f7c81,2026-06-01T13:15:00Z,2026-06-01T15:15:00+0200,1291.51,MW,FR,FR,actual_onshore_wind_generation,Wind Onshore,2026-06-30T22:03:10Z
2026-06-30T22:02:16Z,2026-07-01T00:02:16+0200,0f2c1f14-db75-409f-ba89-d4cf4b8f7c81,2026-06-01T13:30:00Z,2026-06-01T15:30:00+0200,1340.49,MW,FR,FR,actual_onshore_wind_generation,Wind Onshore,2026-06-30T22:03:10Z
2026-06-30T22:02:16Z,2026-07-01T00:02:16+0200,0f2c1f14-db75-409f-ba89-d4cf4b8f7c81,2026-06-01T13:45:00Z,2026-06-01T15:45:00+0200,1391.95,MW,FR,FR,actual_onshore_wind_generation,Wind Onshore,2026-06-30T22:03:10Z
2026-06-30T22:02:16Z,2026-07-01T00:02:16+0200,0f2c1f14-db75-409f-ba89-d4cf4b8f7c81,2026-06-01T14:00:00Z,2026-06-01T16:00:00+0200,1434.09,MW,FR,FR,actual_onshore_wind_generation,Wind Onshore,2026-06-30T22:03:10Z
2026-06-30T22:02:16Z,2026-07-01T00:02:16+0200,0f2c1f14-db75-409f-ba89-d4cf4b8f7c81,2026-06-01T14:15:00Z,2026-06-01T16:15:00+0200,1468.49,MW,FR,FR,actual_onshore_wind_generation,Wind Onshore,2026-06-30T22:03:10Z
2026-06-30T22:02:16Z,2026-07-01T00:02:16+0200,0f2c1f14-db75-409f-ba89-d4cf4b8f7c81,2026-06-01T14:30:00Z,2026-06-01T16:30:00+0200,1488.0,MW,FR,FR,actual_onshore_wind_generation,Wind Onshore,2026-06-30T22:03:10Z
2026-06-30T22:02:16Z,2026-07-01T00:02:16+0200,0f2c1f14-db75-409f-ba89-d4cf4b8f7c81,2026-06-01T14:45:00Z,2026-06-01T16:45:00+0200,1514.14,MW,FR,FR,actual_onshore_wind_generation,Wind Onshore,2026-06-30T22:03:10Z
2026-06-30T22:02:16Z,2026-07-01T00:02:16+0200,0f2c1f14-db75-409f-ba89-d4cf4b8f7c81,2026-06-01T15:00:00Z,2026-06-01T17:00:00+0200,1557.44,MW,FR,FR,actual_onshore_wind_generation,Wind Onshore,2026-06-30T22:03:10Z
2026-06-30T22:02:16Z,2026-07-01T00:02:16+0200,0f2c1f14-db75-409f-ba89-d4cf4b8f7c81,2026-06-01T15:15:00Z,2026-06-01T17:15:00+0200,1612.39,MW,FR,FR,actual_onshore_wind_generation,Wind Onshore,2026-06-30T22:03:10Z
2026-06-30T22:02:16Z,2026-07-01T00:02:16+0200,0f2c1f14-db75-409f-ba89-d4cf4b8f7c81,2026-06-01T15:30:00Z,2026-06-01T17:30:00+0200,1609.56,MW,FR,FR,actual_onshore_wind_generation,Wind Onshore,2026-06-30T22:03:10Z
2026-06-30T22:02:16Z,2026-07-01T00:02:16+0200,0f2c1f14-db75-409f-ba89-d4cf4b8f7c81,2026-06-01T15:45:00Z,2026-06-01T17:45:00+0200,1626.36,MW,FR,FR,actual_onshore_wind_generation,Wind Onshore,2026-06-30T22:03:10Z
2026-06-30T22:02:16Z,2026-07-01T00:02:16+0200,0f2c1f14-db75-409f-ba89-d4cf4b8f7c81,2026-06-01T16:00:00Z,2026-06-01T18:00:00+0200,1681.73,MW,FR,FR,actual_onshore_wind_generation,Wind Onshore,2026-06-30T22:03:10Z
2026-06-30T22:02:16Z,2026-07-01T00:02:16+0200,0f2c1f14-db75-409f-ba89-d4cf4b8f7c81,2026-06-01T16:15:00Z,2026-06-01T18:15:00+0200,1702.25,MW,FR,FR,actual_onshore_wind_generation,Wind Onshore,2026-06-30T22:03:10Z
2026-06-30T22:02:16Z,2026-07-01T00:02:16+0200,0f2c1f14-db75-409f-ba89-d4cf4b8f7c81,2026-06-01T16:30:00Z,2026-06-01T18:30:00+0200,1688.92,MW,FR,FR,actual_onshore_wind_generation,Wind Onshore,2026-06-30T22:03:10Z
2026-06-30T22:02:16Z,2026-07-01T00:02:16+0200,0f2c1f14-db75-409f-ba89-d4cf4b8f7c81,2026-06-01T16:45:00Z,2026-06-01T18:45:00+0200,1705.85,MW,FR,FR,actual_onshore_wind_generation,Wind Onshore,2026-06-30T22:03:10Z
2026-06-30T22:02:16Z,2026-07-01T00:02:16+0200,0f2c1f14-db75-409f-ba89-d4cf4b8f7c81,2026-06-01T17:00:00Z,2026-06-01T19:00:00+0200,1749.01,MW,FR,FR,actual_onshore_wind_generation,Wind Onshore,2026-06-30T22:03:10Z
2026-06-30T22:02:16Z,2026-07-01T00:02:16+0200,0f2c1f14-db75-409f-ba89-d4cf4b8f7c81,2026-06-01T17:15:00Z,2026-06-01T19:15:00+0200,1774.5,MW,FR,FR,actual_onshore_wind_generation,Wind Onshore,2026-06-30T22:03:10Z
2026-06-30T22:02:16Z,2026-07-01T00:02:16+0200,0f2c1f14-db75-409f-ba89-d4cf4b8f7c81,2026-06-01T17:30:00Z,2026-06-01T19:30:00+0200,1751.57,MW,FR,FR,actual_onshore_wind_generation,Wind Onshore,2026-06-30T22:03:10Z
2026-06-30T22:02:16Z,2026-07-01T00:02:16+0200,0f2c1f14-db75-409f-ba89-d4cf4b8f7c81,2026-06-01T17:45:00Z,2026-06-01T19:45:00+0200,1741.32,MW,FR,FR,actual_onshore_wind_generation,Wind Onshore,2026-06-30T22:03:10Z
2026-06-30T22:02:16Z,2026-07-01T00:02:16+0200,0f2c1f14-db75-409f-ba89-d4cf4b8f7c81,2026-06-01T18:00:00Z,2026-06-01T20:00:00+0200,1716.94,MW,FR,FR,actual_onshore_wind_generation,Wind Onshore,2026-06-30T22:03:10Z
2026-06-30T22:02:16Z,2026-07-01T00:02:16+0200,0f2c1f14-db75-409f-ba89-d4cf4b8f7c81,2026-06-01T18:15:00Z,2026-06-01T20:15:00+0200,1655.75,MW,FR,FR,actual_onshore_wind_generation,Wind Onshore,2026-06-30T22:03:10Z
2026-06-30T22:02:16Z,2026-07-01T00:02:16+0200,0f2c1f14-db75-409f-ba89-d4cf4b8f7c81,2026-06-01T18:30:00Z,2026-06-01T20:30:00+0200,1587.06,MW,FR,FR,actual_onshore_wind_generation,Wind Onshore,2026-06-30T22:03:10Z
2026-06-30T22:02:16Z,2026-07-01T00:02:16+0200,0f2c1f14-db75-409f-ba89-d4cf4b8f7c81,2026-06-01T18:45:00Z,2026-06-01T20:45:00+0200,1484.11,MW,FR,FR,actual_onshore_wind_generation,Wind Onshore,2026-06-30T22:03:10Z
2026-06-30T22:02:16Z,2026-07-01T00:02:16+0200,0f2c1f14-db75-409f-ba89-d4cf4b8f7c81,2026-06-01T19:00:00Z,2026-06-01T21:00:00+0200,1460.48,MW,FR,FR,actual_onshore_wind_generation,Wind Onshore,2026-06-30T22:03:10Z
2026-06-30T22:02:16Z,2026-07-01T00:02:16+0200,0f2c1f14-db75-409f-ba89-d4cf4b8f7c81,2026-06-01T19:15:00Z,2026-06-01T21:15:00+0200,1510.61,MW,FR,FR,actual_onshore_wind_generation,Wind Onshore,2026-06-30T22:03:10Z
2026-06-30T22:02:16Z,2026-07-01T00:02:16+0200,0f2c1f14-db75-409f-ba89-d4cf4b8f7c81,2026-06-01T19:30:00Z,2026-06-01T21:30:00+0200,1500.51,MW,FR,FR,actual_onshore_wind_generation,Wind Onshore,2026-06-30T22:03:10Z
2026-06-30T22:02:16Z,2026-07-01T00:02:16+0200,0f2c1f14-db75-409f-ba89-d4cf4b8f7c81,2026-06-01T19:45:00Z,2026-06-01T21:45:00+0200,1460.01,MW,FR,FR,actual_onshore_wind_generation,Wind Onshore,2026-06-30T22:03:10Z
2026-06-30T22:02:16Z,2026-07-01T00:02:16+0200,0f2c1f14-db75-409f-ba89-d4cf4b8f7c81,2026-06-01T20:00:00Z,2026-06-01T22:00:00+0200,1436.72,MW,FR,FR,actual_onshore_wind_generation,Wind Onshore,2026-06-30T22:03:10Z
2026-06-30T22:02:16Z,2026-07-01T00:02:16+0200,0f2c1f14-db75-409f-ba89-d4cf4b8f7c81,2026-06-01T20:15:00Z,2026-06-01T22:15:00+0200,1499.34,MW,FR,FR,actual_onshore_wind_generation,Wind Onshore,2026-06-30T22:03:10Z
2026-06-30T22:02:16Z,2026-07-01T00:02:16+0200,0f2c1f14-db75-409f-ba89-d4cf4b8f7c81,2026-06-01T20:30:00Z,2026-06-01T22:30:00+0200,1529.39,MW,FR,FR,actual_onshore_wind_generation,Wind Onshore,2026-06-30T22:03:10Z
2026-06-30T22:02:16Z,2026-07-01T00:02:16+0200,0f2c1f14-db75-409f-ba89-d4cf4b8f7c81,2026-06-01T20:45:00Z,2026-06-01T22:45:00+0200,1570.06,MW,FR,FR,actual_onshore_wind_generation,Wind Onshore,2026-06-30T22:03:10Z
2026-06-30T22:02:16Z,2026-07-01T00:02:16+0200,0f2c1f14-db75-409f-ba89-d4cf4b8f7c81,2026-06-01T21:00:00Z,2026-06-01T23:00:00+0200,1636.86,MW,FR,FR,actual_onshore_wind_generation,Wind Onshore,2026-06-30T22:03:10Z
2026-06-30T22:02:16Z,2026-07-01T00:02:16+0200,0f2c1f14-db75-409f-ba89-d4cf4b8f7c81,2026-06-01T21:15:00Z,2026-06-01T23:15:00+0200,1687.82,MW,FR,FR,actual_onshore_wind_generation,Wind Onshore,2026-06-30T22:03:10Z
2026-06-30T22:02:16Z,2026-07-01T00:02:16+0200,0f2c1f14-db75-409f-ba89-d4cf4b8f7c81,2026-06-01T21:30:00Z,2026-06-01T23:30:00+0200,1716.84,MW,FR,FR,actual_onshore_wind_generation,Wind Onshore,2026-06-30T22:03:10Z
2026-06-30T22:02:16Z,2026-07-01T00:02:16+0200,0f2c1f14-db75-409f-ba89-d4cf4b8f7c81,2026-06-01T21:45:00Z,2026-06-01T23:45:00+0200,1854.92,MW,FR,FR,actual_onshore_wind_generation,Wind Onshore,2026-06-30T22:03:10Z
2026-06-30T22:02:16Z,2026-07-01T00:02:16+0200,0f2c1f14-db75-409f-ba89-d4cf4b8f7c81,2026-06-01T22:00:00Z,2026-06-02T00:00:00+0200,2037.75,MW,FR,FR,actual_onshore_wind_generation,Wind Onshore,2026-06-30T22:03:10Z
2026-06-30T22:02:16Z,2026-07-01T00:02:16+0200,0f2c1f14-db75-409f-ba89-d4cf4b8f7c81,2026-06-01T22:15:00Z,2026-06-02T00:15:00+0200,2192.8,MW,FR,FR,actual_onshore_wind_generation,Wind Onshore,2026-06-30T22:03:10Z
2026-06-30T22:02:16Z,2026-07-01T00:02:16+0200,0f2c1f14-db75-409f-ba89-d4cf4b8f7c81,2026-06-01T22:30:00Z,2026-06-02T00:30:00+0200,2254.92,MW,FR,FR,actual_onshore_wind_generation,Wind Onshore,2026-06-30T22:03:10Z
2026-06-30T22:02:16Z,2026-07-01T00:02:16+0200,0f2c1f14-db75-409f-ba89-d4cf4b8f7c81,2026-06-01T22:45:00Z,2026-06-02T00:45:00+0200,2318.42,MW,FR,FR,actual_onshore_wind_generation,Wind Onshore,2026-06-30T22:03:10Z
2026-06-30T22:02:16Z,2026-07-01T00:02:16+0200,0f2c1f14-db75-409f-ba89-d4cf4b8f7c81,2026-06-01T23:00:00Z,2026-06-02T01:00:00+0200,2509.1,MW,FR,FR,actual_onshore_wind_generation,Wind Onshore,2026-06-30T22:03:10Z
2026-06-30T22:02:16Z,2026-07-01T00:02:16+0200,0f2c1f14-db75-409f-ba89-d4cf4b8f7c81,2026-06-01T23:15:00Z,2026-06-02T01:15:00+0200,2753.01,MW,FR,FR,actual_onshore_wind_generation,Wind Onshore,2026-06-30T22:03:10Z
2026-06-30T22:02:16Z,2026-07-01T00:02:16+0200,0f2c1f14-db75-409f-ba89-d4cf4b8f7c81,2026-06-01T23:30:00Z,2026-06-02T01:30:00+0200,2859.9,MW,FR,FR,actual_onshore_wind_generation,Wind Onshore,2026-06-30T22:03:10Z
2026-06-30T22:02:16Z,2026-07-01T00:02:16+0200,0f2c1f14-db75-409f-ba89-d4cf4b8f7c81,2026-06-01T23:45:00Z,2026-06-02T01:45:00+0200,3086.35,MW,FR,FR,actual_onshore_wind_generation,Wind Onshore,2026-06-30T22:03:10Z
2026-06-30T22:02:16Z,2026-07-01T00:02:16+0200,0f2c1f14-db75-409f-ba89-d4cf4b8f7c81,2026-06-02T00:00:00Z,2026-06-02T02:00:00+0200,3104.35,MW,FR,FR,actual_onshore_wind_generation,Wind Onshore,2026-06-30T22:03:10Z
2026-06-30T22:02:16Z,2026-07-01T00:02:16+0200,0f2c1f14-db75-409f-ba89-d4cf4b8f7c81,2026-06-02T00:15:00Z,2026-06-02T02:15:00+0200,3195.7,MW,FR,FR,actual_onshore_wind_generation,Wind Onshore,2026-06-30T22:03:10Z
2026-06-30T22:02:16Z,2026-07-01T00:02:16+0200,0f2c1f14-db75-409f-ba89-d4cf4b8f7c81,2026-06-02T00:30:00Z,2026-06-02T02:30:00+0200,3304.77,MW,FR,FR,actual_onshore_wind_generation,Wind Onshore,2026-06-30T22:03:10Z
2026-06-30T22:02:16Z,2026-07-01T00:02:16+0200,0f2c1f14-db75-409f-ba89-d4cf4b8f7c81,2026-06-02T00:45:00Z,2026-06-02T02:45:00+0200,3505.75,MW,FR,FR,actual_onshore_wind_generation,Wind Onshore,2026-06-30T22:03:10Z
2026-06-30T22:02:16Z,2026-07-01T00:02:16+0200,0f2c1f14-db75-409f-ba89-d4cf4b8f7c81,2026-06-02T01:00:00Z,2026-06-02T03:00:00+0200,3670.3,MW,FR,FR,actual_onshore_wind_generation,Wind Onshore,2026-06-30T22:03:10Z
2026-06-30T22:02:16Z,2026-07-01T00:02:16+0200,0f2c1f14-db75-409f-ba89-d4cf4b8f7c81,2026-06-02T01:15:00Z,2026-06-02T03:15:00+0200,3870.52,MW,FR,FR,actual_onshore_wind_generation,Wind Onshore,2026-06-30T22:03:10Z
2026-06-30T22:02:16Z,2026-07-01T00:02:16+0200,0f2c1f14-db75-409f-ba89-d4cf4b8f7c81,2026-06-02T01:30:00Z,2026-06-02T03:30:00+0200,3941.83,MW,FR,FR,actual_onshore_wind_generation,Wind Onshore,2026-06-30T22:03:10Z
2026-06-30T22:02:16Z,2026-07-01T00:02:16+0200,0f2c1f14-db75-409f-ba89-d4cf4b8f7c81,2026-06-02T01:45:00Z,2026-06-02T03:45:00+0200,4010.34,MW,FR,FR,actual_onshore_wind_generation,Wind Onshore,2026-06-30T22:03:10Z
2026-06-30T22:02:16Z,2026-07-01T00:02:16+0200,0f2c1f14-db75-409f-ba89-d4cf4b8f7c81,2026-06-02T02:00:00Z,2026-06-02T04:00:00+0200,4084.93,MW,FR,FR,actual_onshore_wind_generation,Wind Onshore,2026-06-30T22:03:10Z
2026-06-30T22:02:16Z,2026-07-01T00:02:16+0200,0f2c1f14-db75-409f-ba89-d4cf4b8f7c81,2026-06-02T02:15:00Z,2026-06-02T04:15:00+0200,4171.41,MW,FR,FR,actual_onshore_wind_generation,Wind Onshore,2026-06-30T22:03:10Z
2026-06-30T22:02:16Z,2026-07-01T00:02:16+0200,0f2c1f14-db75-409f-ba89-d4cf4b8f7c81,2026-06-02T02:30:00Z,2026-06-02T04:30:00+0200,4123.27,MW,FR,FR,actual_onshore_wind_generation,Wind Onshore,2026-06-30T22:03:10Z
2026-06-30T22:02:16Z,2026-07-01T00:02:16+0200,0f2c1f14-db75-409f-ba89-d4cf4b8f7c81,2026-06-02T02:45:00Z,2026-06-02T04:45:00+0200,4150.32,MW,FR,FR,actual_onshore_wind_generation,Wind Onshore,2026-06-30T22:03:10Z
2026-06-30T22:02:16Z,2026-07-01T00:02:16+0200,0f2c1f14-db75-409f-ba89-d4cf4b8f7c81,2026-06-02T03:00:00Z,2026-06-02T05:00:00+0200,4276.26,MW,FR,FR,actual_onshore_wind_generation,Wind Onshore,2026-06-30T22:03:10Z
2026-06-30T22:02:16Z,2026-07-01T00:02:16+0200,0f2c1f14-db75-409f-ba89-d4cf4b8f7c81,2026-06-02T03:15:00Z,2026-06-02T05:15:00+0200,4343.23,MW,FR,FR,actual_onshore_wind_generation,Wind Onshore,2026-06-30T22:03:10Z
2026-06-30T22:02:16Z,2026-07-01T00:02:16+0200,0f2c1f14-db75-409f-ba89-d4cf4b8f7c81,2026-06-02T03:30:00Z,2026-06-02T05:30:00+0200,4446.7,MW,FR,FR,actual_onshore_wind_generation,Wind Onshore,2026-06-30T22:03:10Z
2026-06-30T22:02:16Z,2026-07-01T00:02:16+0200,0f2c1f14-db75-409f-ba89-d4cf4b8f7c81,2026-06-02T03:45:00Z,2026-06-02T05:45:00+0200,4498.55,MW,FR,FR,actual_onshore_wind_generation,Wind Onshore,2026-06-30T22:03:10Z
2026-06-30T22:02:16Z,2026-07-01T00:02:16+0200,0f2c1f14-db75-409f-ba89-d4cf4b8f7c81,2026-06-02T04:00:00Z,2026-06-02T06:00:00+0200,4660.8,MW,FR,FR,actual_onshore_wind_generation,Wind Onshore,2026-06-30T22:03:10Z
2026-06-30T22:02:16Z,2026-07-01T00:02:16+0200,0f2c1f14-db75-409f-ba89-d4cf4b8f7c81,2026-06-02T04:15:00Z,2026-06-02T06:15:00+0200,4809.35,MW,FR,FR,actual_onshore_wind_generation,Wind Onshore,2026-06-30T22:03:10Z
2026-06-30T22:02:16Z,2026-07-01T00:02:16+0200,0f2c1f14-db75-409f-ba89-d4cf4b8f7c81,2026-06-02T04:30:00Z,2026-06-02T06:30:00+0200,5011.26,MW,FR,FR,actual_onshore_wind_generation,Wind Onshore,2026-06-30T22:03:10Z
2026-06-30T22:02:16Z,2026-07-01T00:02:16+0200,0f2c1f14-db75-409f-ba89-d4cf4b8f7c81,2026-06-02T04:45:00Z,2026-06-02T06:45:00+0200,5144.48,MW,FR,FR,actual_onshore_wind_generation,Wind Onshore,2026-06-30T22:03:10Z
2026-06-30T22:02:16Z,2026-07-01T00:02:16+0200,0f2c1f14-db75-409f-ba89-d4cf4b8f7c81,2026-06-02T05:00:00Z,2026-06-02T07:00:00+0200,5194.81,MW,FR,FR,actual_onshore_wind_generation,Wind Onshore,2026-06-30T22:03:10Z
2026-06-30T22:02:16Z,2026-07-01T00:02:16+0200,0f2c1f14-db75-409f-ba89-d4cf4b8f7c81,2026-06-02T05:15:00Z,2026-06-02T07:15:00+0200,5278.29,MW,FR,FR,actual_onshore_wind_generation,Wind Onshore,2026-06-30T22:03:10Z
2026-06-30T22:02:16Z,2026-07-01T00:02:16+0200,0f2c1f14-db75-409f-ba89-d4cf4b8f7c81,2026-06-02T05:30:00Z,2026-06-02T07:30:00+0200,5177.85,MW,FR,FR,actual_onshore_wind_generation,Wind Onshore,2026-06-30T22:03:10Z
2026-06-30T22:02:16Z,2026-07-01T00:02:16+0200,0f2c1f14-db75-409f-ba89-d4cf4b8f7c81,2026-06-02T05:45:00Z,2026-06-02T07:45:00+0200,5098.4,MW,FR,FR,actual_onshore_wind_generation,Wind Onshore,2026-06-30T22:03:10Z
2026-06-30T22:02:16Z,2026-07-01T00:02:16+0200,0f2c1f14-db75-409f-ba89-d4cf4b8f7c81,2026-06-02T06:00:00Z,2026-06-02T08:00:00+0200,5052.83,MW,FR,FR,actual_onshore_wind_generation,Wind Onshore,2026-06-30T22:03:10Z
2026-06-30T22:02:16Z,2026-07-01T00:02:16+0200,0f2c1f14-db75-409f-ba89-d4cf4b8f7c81,2026-06-02T06:15:00Z,2026-06-02T08:15:00+0200,4943.59,MW,FR,FR,actual_onshore_wind_generation,Wind Onshore,2026-06-30T22:03:10Z
2026-06-30T22:02:16Z,2026-07-01T00:02:16+0200,0f2c1f14-db75-409f-ba89-d4cf4b8f7c81,2026-06-02T06:30:00Z,2026-06-02T08:30:00+0200,4832.57,MW,FR,FR,actual_onshore_wind_generation,Wind Onshore,2026-06-30T22:03:10Z
2026-06-30T22:02:16Z,2026-07-01T00:02:16+0200,0f2c1f14-db75-409f-ba89-d4cf4b8f7c81,2026-06-02T06:45:00Z,2026-06-02T08:45:00+0200,4857.5,MW,FR,FR,actual_onshore_wind_generation,Wind Onshore,2026-06-30T22:03:10Z
2026-06-30T22:02:16Z,2026-07-01T00:02:16+0200,0f2c1f14-db75-409f-ba89-d4cf4b8f7c81,2026-06-02T07:00:00Z,2026-06-02T09:00:00+0200,5027.15,MW,FR,FR,actual_onshore_wind_generation,Wind Onshore,2026-06-30T22:03:10Z
2026-06-30T22:02:16Z,2026-07-01T00:02:16+0200,0f2c1f14-db75-409f-ba89-d4cf4b8f7c81,2026-06-02T07:15:00Z,2026-06-02T09:15:00+0200,5232.16,MW,FR,FR,actual_onshore_wind_generation,Wind Onshore,2026-06-30T22:03:10Z
2026-06-30T22:02:16Z,2026-07-01T00:02:16+0200,0f2c1f14-db75-409f-ba89-d4cf4b8f7c81,2026-06-02T07:30:00Z,2026-06-02T09:30:00+0200,5334.96,MW,FR,FR,actual_onshore_wind_generation,Wind Onshore,2026-06-30T22:03:10Z
2026-06-30T22:02:16Z,2026-07-01T00:02:16+0200,0f2c1f14-db75-409f-ba89-d4cf4b8f7c81,2026-06-02T07:45:00Z,2026-06-02T09:45:00+0200,5571.32,MW,FR,FR,actual_onshore_wind_generation,Wind Onshore,2026-06-30T22:03:10Z
2026-06-30T22:02:16Z,2026-07-01T00:02:16+0200,0f2c1f14-db75-409f-ba89-d4cf4b8f7c81,2026-06-02T08:00:00Z,2026-06-02T10:00:00+0200,6360.09,MW,FR,FR,actual_onshore_wind_generation,Wind Onshore,2026-06-30T22:03:10Z
2026-06-30T22:02:16Z,2026-07-01T00:02:16+0200,0f2c1f14-db75-409f-ba89-d4cf4b8f7c81,2026-06-02T08:15:00Z,2026-06-02T10:15:00+0200,7004.47,MW,FR,FR,actual_onshore_wind_generation,Wind Onshore,2026-06-30T22:03:10Z
2026-06-30T22:02:16Z,2026-07-01T00:02:16+0200,0f2c1f14-db75-409f-ba89-d4cf4b8f7c81,2026-06-02T08:30:00Z,2026-06-02T10:30:00+0200,7133.69,MW,FR,FR,actual_onshore_wind_generation,Wind Onshore,2026-06-30T22:03:10Z
2026-06-30T22:02:16Z,2026-07-01T00:02:16+0200,0f2c1f14-db75-409f-ba89-d4cf4b8f7c81,2026-06-02T08:45:00Z,2026-06-02T10:45:00+0200,7972.29,MW,FR,FR,actual_onshore_wind_generation,Wind Onshore,2026-06-30T22:03:10Z
2026-06-30T22:02:16Z,2026-07-01T00:02:16+0200,0f2c1f14-db75-409f-ba89-d4cf4b8f7c81,2026-06-02T09:00:00Z,2026-06-02T11:00:00+0200,8296.12,MW,FR,FR,actual_onshore_wind_generation,Wind Onshore,2026-06-30T22:03:10Z
2026-06-30T22:02:16Z,2026-07-01T00:02:16+0200,0f2c1f14-db75-409f-ba89-d4cf4b8f7c81,2026-06-02T09:15:00Z,2026-06-02T11:15:00+0200,8283.99,MW,FR,FR,actual_onshore_wind_generation,Wind Onshore,2026-06-30T22:03:10Z
2026-06-30T22:02:16Z,2026-07-01T00:02:16+0200,0f2c1f14-db75-409f-ba89-d4cf4b8f7c81,2026-06-02T09:30:00Z,2026-06-02T11:30:00+0200,8081.22,MW,FR,FR,actual_onshore_wind_generation,Wind Onshore,2026-06-30T22:03:10Z
2026-06-30T22:02:16Z,2026-07-01T00:02:16+0200,0f2c1f14-db75-409f-ba89-d4cf4b8f7c81,2026-06-02T09:45:00Z,2026-06-02T11:45:00+0200,8058.52,MW,FR,FR,actual_onshore_wind_generation,Wind Onshore,2026-06-30T22:03:10Z
2026-06-30T22:02:16Z,2026-07-01T00:02:16+0200,0f2c1f14-db75-409f-ba89-d4cf4b8f7c81,2026-06-02T10:00:00Z,2026-06-02T12:00:00+0200,7978.29,MW,FR,FR,actual_onshore_wind_generation,Wind Onshore,2026-06-30T22:03:10Z
2026-06-30T22:02:16Z,2026-07-01T00:02:16+0200,0f2c1f14-db75-409f-ba89-d4cf4b8f7c81,2026-06-02T10:15:00Z,2026-06-02T12:15:00+0200,7751.97,MW,FR,FR,actual_onshore_wind_generation,Wind Onshore,2026-06-30T22:03:10Z
2026-06-30T22:02:16Z,2026-07-01T00:02:16+0200,0f2c1f14-db75-409f-ba89-d4cf4b8f7c81,2026-06-02T10:30:00Z,2026-06-02T12:30:00+0200,7647.92,MW,FR,FR,actual_onshore_wind_generation,Wind Onshore,2026-06-30T22:03:10Z
2026-06-30T22:02:16Z,2026-07-01T00:02:16+0200,0f2c1f14-db75-409f-ba89-d4cf4b8f7c81,2026-06-02T10:45:00Z,2026-06-02T12:45:00+0200,7149.4,MW,FR,FR,actual_onshore_wind_generation,Wind Onshore,2026-06-30T22:03:10Z
2026-06-30T22:02:16Z,2026-07-01T00:02:16+0200,0f2c1f14-db75-409f-ba89-d4cf4b8f7c81,2026-06-02T11:00:00Z,2026-06-02T13:00:00+0200,5521.27,MW,FR,FR,actual_onshore_wind_generation,Wind Onshore,2026-06-30T22:03:10Z
2026-06-30T22:02:16Z,2026-07-01T00:02:16+0200,0f2c1f14-db75-409f-ba89-d4cf4b8f7c81,2026-06-02T11:15:00Z,2026-06-02T13:15:00+0200,5727.6,MW,FR,FR,actual_onshore_wind_generation,Wind Onshore,2026-06-30T22:03:10Z
2026-06-30T22:02:16Z,2026-07-01T00:02:16+0200,0f2c1f14-db75-409f-ba89-d4cf4b8f7c81,2026-06-02T11:30:00Z,2026-06-02T13:30:00+0200,6500.98,MW,FR,FR,actual_onshore_wind_generation,Wind Onshore,2026-06-30T22:03:10Z
2026-06-30T22:02:16Z,2026-07-01T00:02:16+0200,0f2c1f14-db75-409f-ba89-d4cf4b8f7c81,2026-06-02T11:45:00Z,2026-06-02T13:45:00+0200,6543.96,MW,FR,FR,actual_onshore_wind_generation,Wind Onshore,2026-06-30T22:03:10Z
2026-06-30T22:02:16Z,2026-07-01T00:02:16+0200,0f2c1f14-db75-409f-ba89-d4cf4b8f7c81,2026-06-02T12:00:00Z,2026-06-02T14:00:00+0200,6714.44,MW,FR,FR,actual_onshore_wind_generation,Wind Onshore,2026-06-30T22:03:10Z
2026-06-30T22:02:16Z,2026-07-01T00:02:16+0200,0f2c1f14-db75-409f-ba89-d4cf4b8f7c81,2026-06-02T12:15:00Z,2026-06-02T14:15:00+0200,6930.72,MW,FR,FR,actual_onshore_wind_generation,Wind Onshore,2026-06-30T22:03:10Z
2026-06-30T22:02:16Z,2026-07-01T00:02:16+0200,0f2c1f14-db75-409f-ba89-d4cf4b8f7c81,2026-06-02T12:30:00Z,2026-06-02T14:30:00+0200,7091.96,MW,FR,FR,actual_onshore_wind_generation,Wind Onshore,2026-06-30T22:03:10Z
2026-06-30T22:02:16Z,2026-07-01T00:02:16+0200,0f2c1f14-db75-409f-ba89-d4cf4b8f7c81,2026-06-02T12:45:00Z,2026-06-02T14:45:00+0200,7306.86,MW,FR,FR,actual_onshore_wind_generation,Wind Onshore,2026-06-30T22:03:10Z
2026-06-30T22:02:16Z,2026-07-01T00:02:16+0200,0f2c1f14-db75-409f-ba89-d4cf4b8f7c81,2026-06-02T13:00:00Z,2026-06-02T15:00:00+0200,7495.74,MW,FR,FR,actual_onshore_wind_generation,Wind Onshore,2026-06-30T22:03:10Z
2026-06-30T22:02:16Z,2026-07-01T00:02:16+0200,0f2c1f14-db75-409f-ba89-d4cf4b8f7c81,2026-06-02T13:15:00Z,2026-06-02T15:15:00+0200,7699.34,MW,FR,FR,actual_onshore_wind_generation,Wind Onshore,2026-06-30T22:03:10Z
2026-06-30T22:02:16Z,2026-07-01T00:02:16+0200,0f2c1f14-db75-409f-ba89-d4cf4b8f7c81,2026-06-02T13:30:00Z,2026-06-02T15:30:00+0200,7727.52,MW,FR,FR,actual_onshore_wind_generation,Wind Onshore,2026-06-30T22:03:10Z
2026-06-30T22:02:16Z,2026-07-01T00:02:16+0200,0f2c1f14-db75-409f-ba89-d4cf4b8f7c81,2026-06-02T13:45:00Z,2026-06-02T15:45:00+0200,7740.64,MW,FR,FR,actual_onshore_wind_generation,Wind Onshore,2026-06-30T22:03:10Z
2026-06-30T22:02:16Z,2026-07-01T00:02:16+0200,0f2c1f14-db75-409f-ba89-d4cf4b8f7c81,2026-06-02T14:00:00Z,2026-06-02T16:00:00+0200,7415.58,MW,FR,FR,actual_onshore_wind_generation,Wind Onshore,2026-06-30T22:03:10Z
2026-06-30T22:02:16Z,2026-07-01T00:02:16+0200,0f2c1f14-db75-409f-ba89-d4cf4b8f7c81,2026-06-02T14:15:00Z,2026-06-02T16:15:00+0200,7398.23,MW,FR,FR,actual_onshore_wind_generation,Wind Onshore,2026-06-30T22:03:10Z
2026-06-30T22:02:16Z,2026-07-01T00:02:16+0200,0f2c1f14-db75-409f-ba89-d4cf4b8f7c81,2026-06-02T14:30:00Z,2026-06-02T16:30:00+0200,7434.84,MW,FR,FR,actual_onshore_wind_generation,Wind Onshore,2026-06-30T22:03:10Z
2026-06-30T22:02:16Z,2026-07-01T00:02:16+0200,0f2c1f14-db75-409f-ba89-d4cf4b8f7c81,2026-06-02T14:45:00Z,2026-06-02T16:45:00+0200,7677.37,MW,FR,FR,actual_onshore_wind_generation,Wind Onshore,2026-06-30T22:03:10Z
2026-06-30T22:02:16Z,2026-07-01T00:02:16+0200,0f2c1f14-db75-409f-ba89-d4cf4b8f7c81,2026-06-02T15:00:00Z,2026-06-02T17:00:00+0200,7820.41,MW,FR,FR,actual_onshore_wind_generation,Wind Onshore,2026-06-30T22:03:10Z
2026-06-30T22:02:16Z,2026-07-01T00:02:16+0200,0f2c1f14-db75-409f-ba89-d4cf4b8f7c81,2026-06-02T15:15:00Z,2026-06-02T17:15:00+0200,7734.09,MW,FR,FR,actual_onshore_wind_generation,Wind Onshore,2026-06-30T22:03:10Z
2026-06-30T22:02:16Z,2026-07-01T00:02:16+0200,0f2c1f14-db75-409f-ba89-d4cf4b8f7c81,2026-06-02T15:30:00Z,2026-06-02T17:30:00+0200,7676.76,MW,FR,FR,actual_onshore_wind_generation,Wind Onshore,2026-06-30T22:03:10Z
2026-06-30T22:02:16Z,2026-07-01T00:02:16+0200,0f2c1f14-db75-409f-ba89-d4cf4b8f7c81,2026-06-02T15:45:00Z,2026-06-02T17:45:00+0200,7858.31,MW,FR,FR,actual_onshore_wind_generation,Wind Onshore,2026-06-30T22:03:10Z
2026-06-30T22:02:16Z,2026-07-01T00:02:16+0200,0f2c1f14-db75-409f-ba89-d4cf4b8f7c81,2026-06-02T16:00:00Z,2026-06-02T18:00:00+0200,9187.15,MW,FR,FR,actual_onshore_wind_generation,Wind Onshore,2026-06-30T22:03:10Z
2026-06-30T22:02:16Z,2026-07-01T00:02:16+0200,0f2c1f14-db75-409f-ba89-d4cf4b8f7c81,2026-06-02T16:15:00Z,2026-06-02T18:15:00+0200,10965.53,MW,FR,FR,actual_onshore_wind_generation,Wind Onshore,2026-06-30T22:03:10Z
2026-06-30T22:02:16Z,2026-07-01T00:02:16+0200,0f2c1f14-db75-409f-ba89-d4cf4b8f7c81,2026-06-02T16:30:00Z,2026-06-02T18:30:00+0200,10531.3,MW,FR,FR,actual_onshore_wind_generation,Wind Onshore,2026-06-30T22:03:10Z
2026-06-30T22:02:16Z,2026-07-01T00:02:16+0200,0f2c1f14-db75-409f-ba89-d4cf4b8f7c81,2026-06-02T16:45:00Z,2026-06-02T18:45:00+0200,10595.03,MW,FR,FR,actual_onshore_wind_generation,Wind Onshore,2026-06-30T22:03:10Z
2026-06-30T22:02:16Z,2026-07-01T00:02:16+0200,0f2c1f14-db75-409f-ba89-d4cf4b8f7c81,2026-06-02T17:00:00Z,2026-06-02T19:00:00+0200,10488.93,MW,FR,FR,actual_onshore_wind_generation,Wind Onshore,2026-06-30T22:03:10Z
2026-06-30T22:02:16Z,2026-07-01T00:02:16+0200,0f2c1f14-db75-409f-ba89-d4cf4b8f7c81,2026-06-02T17:15:00Z,2026-06-02T19:15:00+0200,10374.93,MW,FR,FR,actual_onshore_wind_generation,Wind Onshore,2026-06-30T22:03:10Z
2026-06-30T22:02:16Z,2026-07-01T00:02:16+0200,0f2c1f14-db75-409f-ba89-d4cf4b8f7c81,2026-06-02T17:30:00Z,2026-06-02T19:30:00+0200,10182.1,MW,FR,FR,actual_onshore_wind_generation,Wind Onshore,2026-06-30T22:03:10Z
2026-06-30T22:02:16Z,2026-07-01T00:02:16+0200,0f2c1f14-db75-409f-ba89-d4cf4b8f7c81,2026-06-02T17:45:00Z,2026-06-02T19:45:00+0200,10143.96,MW,FR,FR,actual_onshore_wind_generation,Wind Onshore,2026-06-30T22:03:10Z
2026-06-30T22:02:16Z,2026-07-01T00:02:16+0200,0f2c1f14-db75-409f-ba89-d4cf4b8f7c81,2026-06-02T18:00:00Z,2026-06-02T20:00:00+0200,9933.08,MW,FR,FR,actual_onshore_wind_generation,Wind Onshore,2026-06-30T22:03:10Z
2026-06-30T22:02:16Z,2026-07-01T00:02:16+0200,0f2c1f14-db75-409f-ba89-d4cf4b8f7c81,2026-06-02T18:15:00Z,2026-06-02T20:15:00+0200,9883.16,MW,FR,FR,actual_onshore_wind_generation,Wind Onshore,2026-06-30T22:03:10Z
2026-06-30T22:02:16Z,2026-07-01T00:02:16+0200,0f2c1f14-db75-409f-ba89-d4cf4b8f7c81,2026-06-02T18:30:00Z,2026-06-02T20:30:00+0200,9347.19,MW,FR,FR,actual_onshore_wind_generation,Wind Onshore,2026-06-30T22:03:10Z
2026-06-30T22:02:16Z,2026-07-01T00:02:16+0200,0f2c1f14-db75-409f-ba89-d4cf4b8f7c81,2026-06-02T18:45:00Z,2026-06-02T20:45:00+0200,8400.0,MW,FR,FR,actual_onshore_wind_generation,Wind Onshore,2026-06-30T22:03:10Z
2026-06-30T22:02:16Z,2026-07-01T00:02:16+0200,0f2c1f14-db75-409f-ba89-d4cf4b8f7c81,2026-06-02T19:00:00Z,2026-06-02T21:00:00+0200,8066.56,MW,FR,FR,actual_onshore_wind_generation,Wind Onshore,2026-06-30T22:03:10Z
2026-06-30T22:02:16Z,2026-07-01T00:02:16+0200,0f2c1f14-db75-409f-ba89-d4cf4b8f7c81,2026-06-02T19:15:00Z,2026-06-02T21:15:00+0200,7953.24,MW,FR,FR,actual_onshore_wind_generation,Wind Onshore,2026-06-30T22:03:10Z
2026-06-30T22:02:16Z,2026-07-01T00:02:16+0200,0f2c1f14-db75-409f-ba89-d4cf4b8f7c81,2026-06-02T19:30:00Z,2026-06-02T21:30:00+0200,7840.97,MW,FR,FR,actual_onshore_wind_generation,Wind Onshore,2026-06-30T22:03:10Z
2026-06-30T22:02:16Z,2026-07-01T00:02:16+0200,0f2c1f14-db75-409f-ba89-d4cf4b8f7c81,2026-06-02T19:45:00Z,2026-06-02T21:45:00+0200,7595.33,MW,FR,FR,actual_onshore_wind_generation,Wind Onshore,2026-06-30T22:03:10Z
2026-06-30T22:02:16Z,2026-07-01T00:02:16+0200,0f2c1f14-db75-409f-ba89-d4cf4b8f7c81,2026-06-02T20:00:00Z,2026-06-02T22:00:00+0200,7692.35,MW,FR,FR,actual_onshore_wind_generation,Wind Onshore,2026-06-30T22:03:10Z
2026-06-30T22:02:16Z,2026-07-01T00:02:16+0200,0f2c1f14-db75-409f-ba89-d4cf4b8f7c81,2026-06-02T20:15:00Z,2026-06-02T22:15:00+0200,7577.04,MW,FR,FR,actual_onshore_wind_generation,Wind Onshore,2026-06-30T22:03:10Z
2026-06-30T22:02:16Z,2026-07-01T00:02:16+0200,0f2c1f14-db75-409f-ba89-d4cf4b8f7c81,2026-06-02T20:30:00Z,2026-06-02T22:30:00+0200,7624.3,MW,FR,FR,actual_onshore_wind_generation,Wind Onshore,2026-06-30T22:03:10Z
2026-06-30T22:02:16Z,2026-07-01T00:02:16+0200,0f2c1f14-db75-409f-ba89-d4cf4b8f7c81,2026-06-02T20:45:00Z,2026-06-02T22:45:00+0200,7755.06,MW,FR,FR,actual_onshore_wind_generation,Wind Onshore,2026-06-30T22:03:10Z
2026-06-30T22:02:16Z,2026-07-01T00:02:16+0200,0f2c1f14-db75-409f-ba89-d4cf4b8f7c81,2026-06-02T21:00:00Z,2026-06-02T23:00:00+0200,7721.04,MW,FR,FR,actual_onshore_wind_generation,Wind Onshore,2026-06-30T22:03:10Z
2026-06-30T22:02:16Z,2026-07-01T00:02:16+0200,0f2c1f14-db75-409f-ba89-d4cf4b8f7c81,2026-06-02T21:15:00Z,2026-06-02T23:15:00+0200,7694.12,MW,FR,FR,actual_onshore_wind_generation,Wind Onshore,2026-06-30T22:03:10Z
2026-06-30T22:02:16Z,2026-07-01T00:02:16+0200,0f2c1f14-db75-409f-ba89-d4cf4b8f7c81,2026-06-02T21:30:00Z,2026-06-02T23:30:00+0200,7783.04,MW,FR,FR,actual_onshore_wind_generation,Wind Onshore,2026-06-30T22:03:10Z
2026-06-30T22:02:16Z,2026-07-01T00:02:16+0200,0f2c1f14-db75-409f-ba89-d4cf4b8f7c81,2026-06-02T21:45:00Z,2026-06-02T23:45:00+0200,7763.94,MW,FR,FR,actual_onshore_wind_generation,Wind Onshore,2026-06-30T22:03:10Z
2026-06-30T22:02:16Z,2026-07-01T00:02:16+0200,0f2c1f14-db75-409f-ba89-d4cf4b8f7c81,2026-06-02T22:00:00Z,2026-06-03T00:00:00+0200,7784.12,MW,FR,FR,actual_onshore_wind_generation,Wind Onshore,2026-06-30T22:03:10Z
2026-06-30T22:02:16Z,2026-07-01T00:02:16+0200,0f2c1f14-db75-409f-ba89-d4cf4b8f7c81,2026-06-02T22:15:00Z,2026-06-03T00:15:00+0200,7951.19,MW,FR,FR,actual_onshore_wind_generation,Wind Onshore,2026-06-30T22:03:10Z
2026-06-30T22:02:16Z,2026-07-01T00:02:16+0200,0f2c1f14-db75-409f-ba89-d4cf4b8f7c81,2026-06-02T22:30:00Z,2026-06-03T00:30:00+0200,8122.2,MW,FR,FR,actual_onshore_wind_generation,Wind Onshore,2026-06-30T22:03:10Z
2026-06-30T22:02:16Z,2026-07-01T00:02:16+0200,0f2c1f14-db75-409f-ba89-d4cf4b8f7c81,2026-06-02T22:45:00Z,2026-06-03T00:45:00+0200,8269.96,MW,FR,FR,actual_onshore_wind_generation,Wind Onshore,2026-06-30T22:03:10Z
2026-06-30T22:02:16Z,2026-07-01T00:02:16+0200,0f2c1f14-db75-409f-ba89-d4cf4b8f7c81,2026-06-02T23:00:00Z,2026-06-03T01:00:00+0200,8425.19,MW,FR,FR,actual_onshore_wind_generation,Wind Onshore,2026-06-30T22:03:10Z
2026-06-30T22:02:16Z,2026-07-01T00:02:16+0200,0f2c1f14-db75-409f-ba89-d4cf4b8f7c81,2026-06-02T23:15:00Z,2026-06-03T01:15:00+0200,8571.95,MW,FR,FR,actual_onshore_wind_generation,Wind Onshore,2026-06-30T22:03:10Z
2026-06-30T22:02:16Z,2026-07-01T00:02:16+0200,0f2c1f14-db75-409f-ba89-d4cf4b8f7c81,2026-06-02T23:30:00Z,2026-06-03T01:30:00+0200,8698.32,MW,FR,FR,actual_onshore_wind_generation,Wind Onshore,2026-06-30T22:03:10Z
2026-06-30T22:02:16Z,2026-07-01T00:02:16+0200,0f2c1f14-db75-409f-ba89-d4cf4b8f7c81,2026-06-02T23:45:00Z,2026-06-03T01:45:00+0200,8629.03,MW,FR,FR,actual_onshore_wind_generation,Wind Onshore,2026-06-30T22:03:10Z
2026-06-30T22:02:16Z,2026-07-01T00:02:16+0200,0f2c1f14-db75-409f-ba89-d4cf4b8f7c81,2026-06-03T00:00:00Z,2026-06-03T02:00:00+0200,8634.86,MW,FR,FR,actual_onshore_wind_generation,Wind Onshore,2026-06-30T22:03:10Z
2026-06-30T22:02:16Z,2026-07-01T00:02:16+0200,0f2c1f14-db75-409f-ba89-d4cf4b8f7c81,2026-06-03T00:15:00Z,2026-06-03T02:15:00+0200,8586.47,MW,FR,FR,actual_onshore_wind_generation,Wind Onshore,2026-06-30T22:03:10Z
2026-06-30T22:02:16Z,2026-07-01T00:02:16+0200,0f2c1f14-db75-409f-ba89-d4cf4b8f7c81,2026-06-03T00:30:00Z,2026-06-03T02:30:00+0200,8358.16,MW,FR,FR,actual_onshore_wind_generation,Wind Onshore,2026-06-30T22:03:10Z
2026-06-30T22:02:16Z,2026-07-01T00:02:16+0200,0f2c1f14-db75-409f-ba89-d4cf4b8f7c81,2026-06-03T00:45:00Z,2026-06-03T02:45:00+0200,8191.75,MW,FR,FR,actual_onshore_wind_generation,Wind Onshore,2026-06-30T22:03:10Z
2026-06-30T22:02:16Z,2026-07-01T00:02:16+0200,0f2c1f14-db75-409f-ba89-d4cf4b8f7c81,2026-06-03T01:00:00Z,2026-06-03T03:00:00+0200,8122.37,MW,FR,FR,actual_onshore_wind_generation,Wind Onshore,2026-06-30T22:03:10Z
2026-06-30T22:02:16Z,2026-07-01T00:02:16+0200,0f2c1f14-db75-409f-ba89-d4cf4b8f7c81,2026-06-03T01:15:00Z,2026-06-03T03:15:00+0200,8064.25,MW,FR,FR,actual_onshore_wind_generation,Wind Onshore,2026-06-30T22:03:10Z
2026-06-30T22:02:16Z,2026-07-01T00:02:16+0200,0f2c1f14-db75-409f-ba89-d4cf4b8f7c81,2026-06-03T01:30:00Z,2026-06-03T03:30:00+0200,7954.02,MW,FR,FR,actual_onshore_wind_generation,Wind Onshore,2026-06-30T22:03:10Z
2026-06-30T22:02:16Z,2026-07-01T00:02:16+0200,0f2c1f14-db75-409f-ba89-d4cf4b8f7c81,2026-06-03T01:45:00Z,2026-06-03T03:45:00+0200,7836.66,MW,FR,FR,actual_onshore_wind_generation,Wind Onshore,2026-06-30T22:03:10Z
2026-06-30T22:02:16Z,2026-07-01T00:02:16+0200,0f2c1f14-db75-409f-ba89-d4cf4b8f7c81,2026-06-03T02:00:00Z,2026-06-03T04:00:00+0200,7737.76,MW,FR,FR,actual_onshore_wind_generation,Wind Onshore,2026-06-30T22:03:10Z
2026-06-30T22:02:16Z,2026-07-01T00:02:16+0200,0f2c1f14-db75-409f-ba89-d4cf4b8f7c81,2026-06-03T02:15:00Z,2026-06-03T04:15:00+0200,7629.15,MW,FR,FR,actual_onshore_wind_generation,Wind Onshore,2026-06-30T22:03:10Z
2026-06-30T22:02:16Z,2026-07-01T00:02:16+0200,0f2c1f14-db75-409f-ba89-d4cf4b8f7c81,2026-06-03T02:30:00Z,2026-06-03T04:30:00+0200,7572.9,MW,FR,FR,actual_onshore_wind_generation,Wind Onshore,2026-06-30T22:03:10Z
2026-06-30T22:02:16Z,2026-07-01T00:02:16+0200,0f2c1f14-db75-409f-ba89-d4cf4b8f7c81,2026-06-03T02:45:00Z,2026-06-03T04:45:00+0200,7554.91,MW,FR,FR,actual_onshore_wind_generation,Wind Onshore,2026-06-30T22:03:10Z
2026-06-30T22:02:16Z,2026-07-01T00:02:16+0200,0f2c1f14-db75-409f-ba89-d4cf4b8f7c81,2026-06-03T03:00:00Z,2026-06-03T05:00:00+0200,7355.09,MW,FR,FR,actual_onshore_wind_generation,Wind Onshore,2026-06-30T22:03:10Z
2026-06-30T22:02:16Z,2026-07-01T00:02:16+0200,0f2c1f14-db75-409f-ba89-d4cf4b8f7c81,2026-06-03T03:15:00Z,2026-06-03T05:15:00+0200,7165.44,MW,FR,FR,actual_onshore_wind_generation,Wind Onshore,2026-06-30T22:03:10Z
2026-06-30T22:02:16Z,2026-07-01T00:02:16+0200,0f2c1f14-db75-409f-ba89-d4cf4b8f7c81,2026-06-03T03:30:00Z,2026-06-03T05:30:00+0200,7098.34,MW,FR,FR,actual_onshore_wind_generation,Wind Onshore,2026-06-30T22:03:10Z
2026-06-30T22:02:16Z,2026-07-01T00:02:16+0200,0f2c1f14-db75-409f-ba89-d4cf4b8f7c81,2026-06-03T03:45:00Z,2026-06-03T05:45:00+0200,6906.9,MW,FR,FR,actual_onshore_wind_generation,Wind Onshore,2026-06-30T22:03:10Z
2026-06-30T22:02:16Z,2026-07-01T00:02:16+0200,0f2c1f14-db75-409f-ba89-d4cf4b8f7c81,2026-06-03T04:00:00Z,2026-06-03T06:00:00+0200,6726.45,MW,FR,FR,actual_onshore_wind_generation,Wind Onshore,2026-06-30T22:03:10Z
2026-06-30T22:02:16Z,2026-07-01T00:02:16+0200,0f2c1f14-db75-409f-ba89-d4cf4b8f7c81,2026-06-03T04:15:00Z,2026-06-03T06:15:00+0200,6710.77,MW,FR,FR,actual_onshore_wind_generation,Wind Onshore,2026-06-30T22:03:10Z
2026-06-30T22:02:16Z,2026-07-01T00:02:16+0200,0f2c1f14-db75-409f-ba89-d4cf4b8f7c81,2026-06-03T04:30:00Z,2026-06-03T06:30:00+0200,6451.45,MW,FR,FR,actual_onshore_wind_generation,Wind Onshore,2026-06-30T22:03:10Z
2026-06-30T22:02:16Z,2026-07-01T00:02:16+0200,0f2c1f14-db75-409f-ba89-d4cf4b8f7c81,2026-06-03T04:45:00Z,2026-06-03T06:45:00+0200,6293.66,MW,FR,FR,actual_onshore_wind_generation,Wind Onshore,2026-06-30T22:03:10Z
2026-06-30T22:02:16Z,2026-07-01T00:02:16+0200,0f2c1f14-db75-409f-ba89-d4cf4b8f7c81,2026-06-03T05:00:00Z,2026-06-03T07:00:00+0200,6291.57,MW,FR,FR,actual_onshore_wind_generation,Wind Onshore,2026-06-30T22:03:10Z
2026-06-30T22:02:16Z,2026-07-01T00:02:16+0200,0f2c1f14-db75-409f-ba89-d4cf4b8f7c81,2026-06-03T05:15:00Z,2026-06-03T07:15:00+0200,6279.44,MW,FR,FR,actual_onshore_wind_generation,Wind Onshore,2026-06-30T22:03:10Z
2026-06-30T22:02:16Z,2026-07-01T00:02:16+0200,0f2c1f14-db75-409f-ba89-d4cf4b8f7c81,2026-06-03T05:30:00Z,2026-06-03T07:30:00+0200,6272.31,MW,FR,FR,actual_onshore_wind_generation,Wind Onshore,2026-06-30T22:03:10Z
2026-06-30T22:02:16Z,2026-07-01T00:02:16+0200,0f2c1f14-db75-409f-ba89-d4cf4b8f7c81,2026-06-03T05:45:00Z,2026-06-03T07:45:00+0200,6259.03,MW,FR,FR,actual_onshore_wind_generation,Wind Onshore,2026-06-30T22:03:10Z
2026-06-30T22:02:16Z,2026-07-01T00:02:16+0200,0f2c1f14-db75-409f-ba89-d4cf4b8f7c81,2026-06-03T06:00:00Z,2026-06-03T08:00:00+0200,6315.85,MW,FR,FR,actual_onshore_wind_generation,Wind Onshore,2026-06-30T22:03:10Z
2026-06-30T22:02:16Z,2026-07-01T00:02:16+0200,0f2c1f14-db75-409f-ba89-d4cf4b8f7c81,2026-06-03T06:15:00Z,2026-06-03T08:15:00+0200,6462.18,MW,FR,FR,actual_onshore_wind_generation,Wind Onshore,2026-06-30T22:03:10Z
2026-06-30T22:02:16Z,2026-07-01T00:02:16+0200,0f2c1f14-db75-409f-ba89-d4cf4b8f7c81,2026-06-03T06:30:00Z,2026-06-03T08:30:00+0200,6541.14,MW,FR,FR,actual_onshore_wind_generation,Wind Onshore,2026-06-30T22:03:10Z
2026-06-30T22:02:16Z,2026-07-01T00:02:16+0200,0f2c1f14-db75-409f-ba89-d4cf4b8f7c81,2026-06-03T06:45:00Z,2026-06-03T08:45:00+0200,6664.12,MW,FR,FR,actual_onshore_wind_generation,Wind Onshore,2026-06-30T22:03:10Z
2026-06-30T22:02:16Z,2026-07-01T00:02:16+0200,0f2c1f14-db75-409f-ba89-d4cf4b8f7c81,2026-06-03T07:00:00Z,2026-06-03T09:00:00+0200,6736.54,MW,FR,FR,actual_onshore_wind_generation,Wind Onshore,2026-06-30T22:03:10Z
2026-06-30T22:02:16Z,2026-07-01T00:02:16+0200,0f2c1f14-db75-409f-ba89-d4cf4b8f7c81,2026-06-03T07:15:00Z,2026-06-03T09:15:00+0200,7012.26,MW,FR,FR,actual_onshore_wind_generation,Wind Onshore,2026-06-30T22:03:10Z
2026-06-30T22:02:16Z,2026-07-01T00:02:16+0200,0f2c1f14-db75-409f-ba89-d4cf4b8f7c81,2026-06-03T07:30:00Z,2026-06-03T09:30:00+0200,7363.65,MW,FR,FR,actual_onshore_wind_generation,Wind Onshore,2026-06-30T22:03:10Z
2026-06-30T22:02:16Z,2026-07-01T00:02:16+0200,0f2c1f14-db75-409f-ba89-d4cf4b8f7c81,2026-06-03T07:45:00Z,2026-06-03T09:45:00+0200,7432.86,MW,FR,FR,actual_onshore_wind_generation,Wind Onshore,2026-06-30T22:03:10Z
2026-06-30T22:02:16Z,2026-07-01T00:02:16+0200,0f2c1f14-db75-409f-ba89-d4cf4b8f7c81,2026-06-03T08:00:00Z,2026-06-03T10:00:00+0200,7470.02,MW,FR,FR,actual_onshore_wind_generation,Wind Onshore,2026-06-30T22:03:10Z
2026-06-30T22:02:16Z,2026-07-01T00:02:16+0200,0f2c1f14-db75-409f-ba89-d4cf4b8f7c81,2026-06-03T08:15:00Z,2026-06-03T10:15:00+0200,6911.1,MW,FR,FR,actual_onshore_wind_generation,Wind Onshore,2026-06-30T22:03:10Z
2026-06-30T22:02:16Z,2026-07-01T00:02:16+0200,0f2c1f14-db75-409f-ba89-d4cf4b8f7c81,2026-06-03T08:30:00Z,2026-06-03T10:30:00+0200,5024.61,MW,FR,FR,actual_onshore_wind_generation,Wind Onshore,2026-06-30T22:03:10Z
2026-06-30T22:02:16Z,2026-07-01T00:02:16+0200,0f2c1f14-db75-409f-ba89-d4cf4b8f7c81,2026-06-03T08:45:00Z,2026-06-03T10:45:00+0200,4846.02,MW,FR,FR,actual_onshore_wind_generation,Wind Onshore,2026-06-30T22:03:10Z
2026-06-30T22:02:16Z,2026-07-01T00:02:16+0200,0f2c1f14-db75-409f-ba89-d4cf4b8f7c81,2026-06-03T09:00:00Z,2026-06-03T11:00:00+0200,5035.49,MW,FR,FR,actual_onshore_wind_generation,Wind Onshore,2026-06-30T22:03:10Z
2026-06-30T22:02:16Z,2026-07-01T00:02:16+0200,0f2c1f14-db75-409f-ba89-d4cf4b8f7c81,2026-06-03T09:15:00Z,2026-06-03T11:15:00+0200,5123.84,MW,FR,FR,actual_onshore_wind_generation,Wind Onshore,2026-06-30T22:03:10Z
2026-06-30T22:02:16Z,2026-07-01T00:02:16+0200,0f2c1f14-db75-409f-ba89-d4cf4b8f7c81,2026-06-03T09:30:00Z,2026-06-03T11:30:00+0200,5330.89,MW,FR,FR,actual_onshore_wind_generation,Wind Onshore,2026-06-30T22:03:10Z
2026-06-30T22:02:16Z,2026-07-01T00:02:16+0200,0f2c1f14-db75-409f-ba89-d4cf4b8f7c81,2026-06-03T09:45:00Z,2026-06-03T11:45:00+0200,5408.0,MW,FR,FR,actual_onshore_wind_generation,Wind Onshore,2026-06-30T22:03:10Z
2026-06-30T22:02:16Z,2026-07-01T00:02:16+0200,0f2c1f14-db75-409f-ba89-d4cf4b8f7c81,2026-06-03T10:00:00Z,2026-06-03T12:00:00+0200,5524.82,MW,FR,FR,actual_onshore_wind_generation,Wind Onshore,2026-06-30T22:03:10Z
2026-06-30T22:02:16Z,2026-07-01T00:02:16+0200,0f2c1f14-db75-409f-ba89-d4cf4b8f7c81,2026-06-03T10:15:00Z,2026-06-03T12:15:00+0200,5750.71,MW,FR,FR,actual_onshore_wind_generation,Wind Onshore,2026-06-30T22:03:10Z
2026-06-30T22:02:16Z,2026-07-01T00:02:16+0200,0f2c1f14-db75-409f-ba89-d4cf4b8f7c81,2026-06-03T10:30:00Z,2026-06-03T12:30:00+0200,5935.12,MW,FR,FR,actual_onshore_wind_generation,Wind Onshore,2026-06-30T22:03:10Z
2026-06-30T22:02:16Z,2026-07-01T00:02:16+0200,0f2c1f14-db75-409f-ba89-d4cf4b8f7c81,2026-06-03T10:45:00Z,2026-06-03T12:45:00+0200,6246.16,MW,FR,FR,actual_onshore_wind_generation,Wind Onshore,2026-06-30T22:03:10Z
2026-06-30T22:02:16Z,2026-07-01T00:02:16+0200,0f2c1f14-db75-409f-ba89-d4cf4b8f7c81,2026-06-03T11:00:00Z,2026-06-03T13:00:00+0200,6478.58,MW,FR,FR,actual_onshore_wind_generation,Wind Onshore,2026-06-30T22:03:10Z
2026-06-30T22:02:16Z,2026-07-01T00:02:16+0200,0f2c1f14-db75-409f-ba89-d4cf4b8f7c81,2026-06-03T11:15:00Z,2026-06-03T13:15:00+0200,6534.21,MW,FR,FR,actual_onshore_wind_generation,Wind Onshore,2026-06-30T22:03:10Z
2026-06-30T22:02:16Z,2026-07-01T00:02:16+0200,0f2c1f14-db75-409f-ba89-d4cf4b8f7c81,2026-06-03T11:30:00Z,2026-06-03T13:30:00+0200,6674.62,MW,FR,FR,actual_onshore_wind_generation,Wind Onshore,2026-06-30T22:03:10Z
2026-06-30T22:02:16Z,2026-07-01T00:02:16+0200,0f2c1f14-db75-409f-ba89-d4cf4b8f7c81,2026-06-03T11:45:00Z,2026-06-03T13:45:00+0200,6613.18,MW,FR,FR,actual_onshore_wind_generation,Wind Onshore,2026-06-30T22:03:10Z
2026-06-30T22:02:16Z,2026-07-01T00:02:16+0200,0f2c1f14-db75-409f-ba89-d4cf4b8f7c81,2026-06-03T12:00:00Z,2026-06-03T14:00:00+0200,6895.17,MW,FR,FR,actual_onshore_wind_generation,Wind Onshore,2026-06-30T22:03:10Z
2026-06-30T22:02:16Z,2026-07-01T00:02:16+0200,0f2c1f14-db75-409f-ba89-d4cf4b8f7c81,2026-06-03T12:15:00Z,2026-06-03T14:15:00+0200,7009.24,MW,FR,FR,actual_onshore_wind_generation,Wind Onshore,2026-06-30T22:03:10Z
2026-06-30T22:02:16Z,2026-07-01T00:02:16+0200,0f2c1f14-db75-409f-ba89-d4cf4b8f7c81,2026-06-03T12:30:00Z,2026-06-03T14:30:00+0200,7035.04,MW,FR,FR,actual_onshore_wind_generation,Wind Onshore,2026-06-30T22:03:10Z
2026-06-30T22:02:16Z,2026-07-01T00:02:16+0200,0f2c1f14-db75-409f-ba89-d4cf4b8f7c81,2026-06-03T12:45:00Z,2026-06-03T14:45:00+0200,7068.17,MW,FR,FR,actual_onshore_wind_generation,Wind Onshore,2026-06-30T22:03:10Z
2026-06-30T22:02:16Z,2026-07-01T00:02:16+0200,0f2c1f14-db75-409f-ba89-d4cf4b8f7c81,2026-06-03T13:00:00Z,2026-06-03T15:00:00+0200,6680.41,MW,FR,FR,actual_onshore_wind_generation,Wind Onshore,2026-06-30T22:03:10Z
2026-06-30T22:02:16Z,2026-07-01T00:02:16+0200,0f2c1f14-db75-409f-ba89-d4cf4b8f7c81,2026-06-03T13:15:00Z,2026-06-03T15:15:00+0200,6509.2,MW,FR,FR,actual_onshore_wind_generation,Wind Onshore,2026-06-30T22:03:10Z
2026-06-30T22:02:16Z,2026-07-01T00:02:16+0200,0f2c1f14-db75-409f-ba89-d4cf4b8f7c81,2026-06-03T13:30:00Z,2026-06-03T15:30:00+0200,5933.71,MW,FR,FR,actual_onshore_wind_generation,Wind Onshore,2026-06-30T22:03:10Z
2026-06-30T22:02:16Z,2026-07-01T00:02:16+0200,0f2c1f14-db75-409f-ba89-d4cf4b8f7c81,2026-06-03T13:45:00Z,2026-06-03T15:45:00+0200,5830.1,MW,FR,FR,actual_onshore_wind_generation,Wind Onshore,2026-06-30T22:03:10Z
2026-06-30T22:02:16Z,2026-07-01T00:02:16+0200,0f2c1f14-db75-409f-ba89-d4cf4b8f7c81,2026-06-03T14:00:00Z,2026-06-03T16:00:00+0200,5519.79,MW,FR,FR,actual_onshore_wind_generation,Wind Onshore,2026-06-30T22:03:10Z
2026-06-30T22:02:16Z,2026-07-01T00:02:16+0200,0f2c1f14-db75-409f-ba89-d4cf4b8f7c81,2026-06-03T14:15:00Z,2026-06-03T16:15:00+0200,5687.59,MW,FR,FR,actual_onshore_wind_generation,Wind Onshore,2026-06-30T22:03:10Z
2026-06-30T22:02:16Z,2026-07-01T00:02:16+0200,0f2c1f14-db75-409f-ba89-d4cf4b8f7c81,2026-06-03T14:30:00Z,2026-06-03T16:30:00+0200,6277.4,MW,FR,FR,actual_onshore_wind_generation,Wind Onshore,2026-06-30T22:03:10Z
2026-06-30T22:02:16Z,2026-07-01T00:02:16+0200,0f2c1f14-db75-409f-ba89-d4cf4b8f7c81,2026-06-03T14:45:00Z,2026-06-03T16:45:00+0200,6829.59,MW,FR,FR,actual_onshore_wind_generation,Wind Onshore,2026-06-30T22:03:10Z
2026-06-30T22:02:16Z,2026-07-01T00:02:16+0200,0f2c1f14-db75-409f-ba89-d4cf4b8f7c81,2026-06-03T15:00:00Z,2026-06-03T17:00:00+0200,7206.57,MW,FR,FR,actual_onshore_wind_generation,Wind Onshore,2026-06-30T22:03:10Z
2026-06-30T22:02:16Z,2026-07-01T00:02:16+0200,0f2c1f14-db75-409f-ba89-d4cf4b8f7c81,2026-06-03T15:15:00Z,2026-06-03T17:15:00+0200,7410.84,MW,FR,FR,actual_onshore_wind_generation,Wind Onshore,2026-06-30T22:03:10Z
2026-06-30T22:02:16Z,2026-07-01T00:02:16+0200,0f2c1f14-db75-409f-ba89-d4cf4b8f7c81,2026-06-03T15:30:00Z,2026-06-03T17:30:00+0200,7589.38,MW,FR,FR,actual_onshore_wind_generation,Wind Onshore,2026-06-30T22:03:10Z
2026-06-30T22:02:16Z,2026-07-01T00:02:16+0200,0f2c1f14-db75-409f-ba89-d4cf4b8f7c81,2026-06-03T15:45:00Z,2026-06-03T17:45:00+0200,10356.24,MW,FR,FR,actual_onshore_wind_generation,Wind Onshore,2026-06-30T22:03:10Z
2026-06-30T22:02:16Z,2026-07-01T00:02:16+0200,0f2c1f14-db75-409f-ba89-d4cf4b8f7c81,2026-06-03T16:00:00Z,2026-06-03T18:00:00+0200,12347.69,MW,FR,FR,actual_onshore_wind_generation,Wind Onshore,2026-06-30T22:03:10Z
2026-06-30T22:02:16Z,2026-07-01T00:02:16+0200,0f2c1f14-db75-409f-ba89-d4cf4b8f7c81,2026-06-03T16:15:00Z,2026-06-03T18:15:00+0200,12434.1,MW,FR,FR,actual_onshore_wind_generation,Wind Onshore,2026-06-30T22:03:10Z
2026-06-30T22:02:16Z,2026-07-01T00:02:16+0200,0f2c1f14-db75-409f-ba89-d4cf4b8f7c81,2026-06-03T16:30:00Z,2026-06-03T18:30:00+0200,12586.75,MW,FR,FR,actual_onshore_wind_generation,Wind Onshore,2026-06-30T22:03:10Z
2026-06-30T22:02:16Z,2026-07-01T00:02:16+0200,0f2c1f14-db75-409f-ba89-d4cf4b8f7c81,2026-06-03T16:45:00Z,2026-06-03T18:45:00+0200,12575.33,MW,FR,FR,actual_onshore_wind_generation,Wind Onshore,2026-06-30T22:03:10Z
2026-06-30T22:02:16Z,2026-07-01T00:02:16+0200,0f2c1f14-db75-409f-ba89-d4cf4b8f7c81,2026-06-03T17:00:00Z,2026-06-03T19:00:00+0200,12634.82,MW,FR,FR,actual_onshore_wind_generation,Wind Onshore,2026-06-30T22:03:10Z
2026-06-30T22:02:16Z,2026-07-01T00:02:16+0200,0f2c1f14-db75-409f-ba89-d4cf4b8f7c81,2026-06-03T17:15:00Z,2026-06-03T19:15:00+0200,12484.92,MW,FR,FR,actual_onshore_wind_generation,Wind Onshore,2026-06-30T22:03:10Z
2026-06-30T22:02:16Z,2026-07-01T00:02:16+0200,0f2c1f14-db75-409f-ba89-d4cf4b8f7c81,2026-06-03T17:30:00Z,2026-06-03T19:30:00+0200,12264.5,MW,FR,FR,actual_onshore_wind_generation,Wind Onshore,2026-06-30T22:03:10Z
2026-06-30T22:02:16Z,2026-07-01T00:02:16+0200,0f2c1f14-db75-409f-ba89-d4cf4b8f7c81,2026-06-03T17:45:00Z,2026-06-03T19:45:00+0200,12336.89,MW,FR,FR,actual_onshore_wind_generation,Wind Onshore,2026-06-30T22:03:10Z
2026-06-30T22:02:16Z,2026-07-01T00:02:16+0200,0f2c1f14-db75-409f-ba89-d4cf4b8f7c81,2026-06-03T18:00:00Z,2026-06-03T20:00:00+0200,12282.15,MW,FR,FR,actual_onshore_wind_generation,Wind Onshore,2026-06-30T22:03:10Z
2026-06-30T22:02:16Z,2026-07-01T00:02:16+0200,0f2c1f14-db75-409f-ba89-d4cf4b8f7c81,2026-06-03T18:15:00Z,2026-06-03T20:15:00+0200,12364.33,MW,FR,FR,actual_onshore_wind_generation,Wind Onshore,2026-06-30T22:03:10Z
2026-06-30T22:02:16Z,2026-07-01T00:02:16+0200,0f2c1f14-db75-409f-ba89-d4cf4b8f7c81,2026-06-03T18:30:00Z,2026-06-03T20:30:00+0200,12228.38,MW,FR,FR,actual_onshore_wind_generation,Wind Onshore,2026-06-30T22:03:10Z
2026-06-30T22:02:16Z,2026-07-01T00:02:16+0200,0f2c1f14-db75-409f-ba89-d4cf4b8f7c81,2026-06-03T18:45:00Z,2026-06-03T20:45:00+0200,12098.44,MW,FR,FR,actual_onshore_wind_generation,Wind Onshore,2026-06-30T22:03:10Z
2026-06-30T22:02:16Z,2026-07-01T00:02:16+0200,0f2c1f14-db75-409f-ba89-d4cf4b8f7c81,2026-06-03T19:00:00Z,2026-06-03T21:00:00+0200,11908.04,MW,FR,FR,actual_onshore_wind_generation,Wind Onshore,2026-06-30T22:03:10Z
2026-06-30T22:02:16Z,2026-07-01T00:02:16+0200,0f2c1f14-db75-409f-ba89-d4cf4b8f7c81,2026-06-03T19:15:00Z,2026-06-03T21:15:00+0200,11686.3,MW,FR,FR,actual_onshore_wind_generation,Wind Onshore,2026-06-30T22:03:10Z
2026-06-30T22:02:16Z,2026-07-01T00:02:16+0200,0f2c1f14-db75-409f-ba89-d4cf4b8f7c81,2026-06-03T19:30:00Z,2026-06-03T21:30:00+0200,11460.62,MW,FR,FR,actual_onshore_wind_generation,Wind Onshore,2026-06-30T22:03:10Z
2026-06-30T22:02:16Z,2026-07-01T00:02:16+0200,0f2c1f14-db75-409f-ba89-d4cf4b8f7c81,2026-06-03T19:45:00Z,2026-06-03T21:45:00+0200,11428.32,MW,FR,FR,actual_onshore_wind_generation,Wind Onshore,2026-06-30T22:03:10Z
2026-06-30T22:02:16Z,2026-07-01T00:02:16+0200,0f2c1f14-db75-409f-ba89-d4cf4b8f7c81,2026-06-03T20:00:00Z,2026-06-03T22:00:00+0200,11102.27,MW,FR,FR,actual_onshore_wind_generation,Wind Onshore,2026-06-30T22:03:10Z
2026-06-30T22:02:16Z,2026-07-01T00:02:16+0200,0f2c1f14-db75-409f-ba89-d4cf4b8f7c81,2026-06-03T20:15:00Z,2026-06-03T22:15:00+0200,10889.36,MW,FR,FR,actual_onshore_wind_generation,Wind Onshore,2026-06-30T22:03:10Z
2026-06-30T22:02:16Z,2026-07-01T00:02:16+0200,0f2c1f14-db75-409f-ba89-d4cf4b8f7c81,2026-06-03T20:30:00Z,2026-06-03T22:30:00+0200,10921.12,MW,FR,FR,actual_onshore_wind_generation,Wind Onshore,2026-06-30T22:03:10Z
2026-06-30T22:02:16Z,2026-07-01T00:02:16+0200,0f2c1f14-db75-409f-ba89-d4cf4b8f7c81,2026-06-03T20:45:00Z,2026-06-03T22:45:00+0200,10922.37,MW,FR,FR,actual_onshore_wind_generation,Wind Onshore,2026-06-30T22:03:10Z
2026-06-30T22:02:16Z,2026-07-01T00:02:16+0200,0f2c1f14-db75-409f-ba89-d4cf4b8f7c81,2026-06-03T21:00:00Z,2026-06-03T23:00:00+0200,10887.22,MW,FR,FR,actual_onshore_wind_generation,Wind Onshore,2026-06-30T22:03:10Z
2026-06-30T22:02:16Z,2026-07-01T00:02:16+0200,0f2c1f14-db75-409f-ba89-d4cf4b8f7c81,2026-06-03T21:15:00Z,2026-06-03T23:15:00+0200,10878.1,MW,FR,FR,actual_onshore_wind_generation,Wind Onshore,2026-06-30T22:03:10Z
2026-06-30T22:02:16Z,2026-07-01T00:02:16+0200,0f2c1f14-db75-409f-ba89-d4cf4b8f7c81,2026-06-03T21:30:00Z,2026-06-03T23:30:00+0200,10851.61,MW,FR,FR,actual_onshore_wind_generation,Wind Onshore,2026-06-30T22:03:10Z
2026-06-30T22:02:16Z,2026-07-01T00:02:16+0200,0f2c1f14-db75-409f-ba89-d4cf4b8f7c81,2026-06-03T21:45:00Z,2026-06-03T23:45:00+0200,10708.18,MW,FR,FR,actual_onshore_wind_generation,Wind Onshore,2026-06-30T22:03:10Z
2026-06-30T22:02:16Z,2026-07-01T00:02:16+0200,0f2c1f14-db75-409f-ba89-d4cf4b8f7c81,2026-06-03T22:00:00Z,2026-06-04T00:00:00+0200,10476.62,MW,FR,FR,actual_onshore_wind_generation,Wind Onshore,2026-06-30T22:03:10Z
2026-06-30T22:02:16Z,2026-07-01T00:02:16+0200,0f2c1f14-db75-409f-ba89-d4cf4b8f7c81,2026-06-03T22:15:00Z,2026-06-04T00:15:00+0200,10182.21,MW,FR,FR,actual_onshore_wind_generation,Wind Onshore,2026-06-30T22:03:10Z
2026-06-30T22:02:16Z,2026-07-01T00:02:16+0200,0f2c1f14-db75-409f-ba89-d4cf4b8f7c81,2026-06-03T22:30:00Z,2026-06-04T00:30:00+0200,9911.75,MW,FR,FR,actual_onshore_wind_generation,Wind Onshore,2026-06-30T22:03:10Z
2026-06-30T22:02:16Z,2026-07-01T00:02:16+0200,0f2c1f14-db75-409f-ba89-d4cf4b8f7c81,2026-06-03T22:45:00Z,2026-06-04T00:45:00+0200,9806.05,MW,FR,FR,actual_onshore_wind_generation,Wind Onshore,2026-06-30T22:03:10Z
2026-06-30T22:02:16Z,2026-07-01T00:02:16+0200,0f2c1f14-db75-409f-ba89-d4cf4b8f7c81,2026-06-03T23:00:00Z,2026-06-04T01:00:00+0200,9956.24,MW,FR,FR,actual_onshore_wind_generation,Wind Onshore,2026-06-30T22:03:10Z
2026-06-30T22:02:16Z,2026-07-01T00:02:16+0200,0f2c1f14-db75-409f-ba89-d4cf4b8f7c81,2026-06-03T23:15:00Z,2026-06-04T01:15:00+0200,9919.94,MW,FR,FR,actual_onshore_wind_generation,Wind Onshore,2026-06-30T22:03:10Z
2026-06-30T22:02:16Z,2026-07-01T00:02:16+0200,0f2c1f14-db75-409f-ba89-d4cf4b8f7c81,2026-06-03T23:30:00Z,2026-06-04T01:30:00+0200,9926.83,MW,FR,FR,actual_onshore_wind_generation,Wind Onshore,2026-06-30T22:03:10Z
2026-06-30T22:02:16Z,2026-07-01T00:02:16+0200,0f2c1f14-db75-409f-ba89-d4cf4b8f7c81,2026-06-03T23:45:00Z,2026-06-04T01:45:00+0200,10159.7,MW,FR,FR,actual_onshore_wind_generation,Wind Onshore,2026-06-30T22:03:10Z
2026-06-30T22:02:16Z,2026-07-01T00:02:16+0200,0f2c1f14-db75-409f-ba89-d4cf4b8f7c81,2026-06-04T00:00:00Z,2026-06-04T02:00:00+0200,10325.91,MW,FR,FR,actual_onshore_wind_generation,Wind Onshore,2026-06-30T22:03:10Z
2026-06-30T22:02:16Z,2026-07-01T00:02:16+0200,0f2c1f14-db75-409f-ba89-d4cf4b8f7c81,2026-06-04T00:15:00Z,2026-06-04T02:15:00+0200,10556.63,MW,FR,FR,actual_onshore_wind_generation,Wind Onshore,2026-06-30T22:03:10Z
2026-06-30T22:02:16Z,2026-07-01T00:02:16+0200,0f2c1f14-db75-409f-ba89-d4cf4b8f7c81,2026-06-04T00:30:00Z,2026-06-04T02:30:00+0200,10726.08,MW,FR,FR,actual_onshore_wind_generation,Wind Onshore,2026-06-30T22:03:10Z
2026-06-30T22:02:16Z,2026-07-01T00:02:16+0200,0f2c1f14-db75-409f-ba89-d4cf4b8f7c81,2026-06-04T00:45:00Z,2026-06-04T02:45:00+0200,10730.16,MW,FR,FR,actual_onshore_wind_generation,Wind Onshore,2026-06-30T22:03:10Z
2026-06-30T22:02:16Z,2026-07-01T00:02:16+0200,0f2c1f14-db75-409f-ba89-d4cf4b8f7c81,2026-06-04T01:00:00Z,2026-06-04T03:00:00+0200,10704.52,MW,FR,FR,actual_onshore_wind_generation,Wind Onshore,2026-06-30T22:03:10Z
2026-06-30T22:02:16Z,2026-07-01T00:02:16+0200,0f2c1f14-db75-409f-ba89-d4cf4b8f7c81,2026-06-04T01:15:00Z,2026-06-04T03:15:00+0200,10944.67,MW,FR,FR,actual_onshore_wind_generation,Wind Onshore,2026-06-30T22:03:10Z
2026-06-30T22:02:16Z,2026-07-01T00:02:16+0200,0f2c1f14-db75-409f-ba89-d4cf4b8f7c81,2026-06-04T01:30:00Z,2026-06-04T03:30:00+0200,11012.86,MW,FR,FR,actual_onshore_wind_generation,Wind Onshore,2026-06-30T22:03:10Z
2026-06-30T22:02:16Z,2026-07-01T00:02:16+0200,0f2c1f14-db75-409f-ba89-d4cf4b8f7c81,2026-06-04T01:45:00Z,2026-06-04T03:45:00+0200,10869.56,MW,FR,FR,actual_onshore_wind_generation,Wind Onshore,2026-06-30T22:03:10Z
2026-06-30T22:02:16Z,2026-07-01T00:02:16+0200,0f2c1f14-db75-409f-ba89-d4cf4b8f7c81,2026-06-04T02:00:00Z,2026-06-04T04:00:00+0200,10743.64,MW,FR,FR,actual_onshore_wind_generation,Wind Onshore,2026-06-30T22:03:10Z
2026-06-30T22:02:16Z,2026-07-01T00:02:16+0200,0f2c1f14-db75-409f-ba89-d4cf4b8f7c81,2026-06-04T02:15:00Z,2026-06-04T04:15:00+0200,10697.31,MW,FR,FR,actual_onshore_wind_generation,Wind Onshore,2026-06-30T22:03:10Z
2026-06-30T22:02:16Z,2026-07-01T00:02:16+0200,0f2c1f14-db75-409f-ba89-d4cf4b8f7c81,2026-06-04T02:30:00Z,2026-06-04T04:30:00+0200,10667.42,MW,FR,FR,actual_onshore_wind_generation,Wind Onshore,2026-06-30T22:03:10Z
2026-06-30T22:02:16Z,2026-07-01T00:02:16+0200,0f2c1f14-db75-409f-ba89-d4cf4b8f7c81,2026-06-04T02:45:00Z,2026-06-04T04:45:00+0200,10517.77,MW,FR,FR,actual_onshore_wind_generation,Wind Onshore,2026-06-30T22:03:10Z
2026-06-30T22:02:16Z,2026-07-01T00:02:16+0200,0f2c1f14-db75-409f-ba89-d4cf4b8f7c81,2026-06-04T03:00:00Z,2026-06-04T05:00:00+0200,10507.72,MW,FR,FR,actual_onshore_wind_generation,Wind Onshore,2026-06-30T22:03:10Z
2026-06-30T22:02:16Z,2026-07-01T00:02:16+0200,0f2c1f14-db75-409f-ba89-d4cf4b8f7c81,2026-06-04T03:15:00Z,2026-06-04T05:15:00+0200,10410.59,MW,FR,FR,actual_onshore_wind_generation,Wind Onshore,2026-06-30T22:03:10Z
2026-06-30T22:02:16Z,2026-07-01T00:02:16+0200,0f2c1f14-db75-409f-ba89-d4cf4b8f7c81,2026-06-04T03:30:00Z,2026-06-04T05:30:00+0200,10330.81,MW,FR,FR,actual_onshore_wind_generation,Wind Onshore,2026-06-30T22:03:10Z
2026-06-30T22:02:16Z,2026-07-01T00:02:16+0200,0f2c1f14-db75-409f-ba89-d4cf4b8f7c81,2026-06-04T03:45:00Z,2026-06-04T05:45:00+0200,10470.87,MW,FR,FR,actual_onshore_wind_generation,Wind Onshore,2026-06-30T22:03:10Z
2026-06-30T22:02:16Z,2026-07-01T00:02:16+0200,0f2c1f14-db75-409f-ba89-d4cf4b8f7c81,2026-06-04T04:00:00Z,2026-06-04T06:00:00+0200,10356.99,MW,FR,FR,actual_onshore_wind_generation,Wind Onshore,2026-06-30T22:03:10Z
2026-06-30T22:02:16Z,2026-07-01T00:02:16+0200,0f2c1f14-db75-409f-ba89-d4cf4b8f7c81,2026-06-04T04:15:00Z,2026-06-04T06:15:00+0200,10416.55,MW,FR,FR,actual_onshore_wind_generation,Wind Onshore,2026-06-30T22:03:10Z
2026-06-30T22:02:16Z,2026-07-01T00:02:16+0200,0f2c1f14-db75-409f-ba89-d4cf4b8f7c81,2026-06-04T04:30:00Z,2026-06-04T06:30:00+0200,10370.9,MW,FR,FR,actual_onshore_wind_generation,Wind Onshore,2026-06-30T22:03:10Z
2026-06-30T22:02:16Z,2026-07-01T00:02:16+0200,0f2c1f14-db75-409f-ba89-d4cf4b8f7c81,2026-06-04T04:45:00Z,2026-06-04T06:45:00+0200,10491.23,MW,FR,FR,actual_onshore_wind_generation,Wind Onshore,2026-06-30T22:03:10Z
2026-06-30T22:02:16Z,2026-07-01T00:02:16+0200,0f2c1f14-db75-409f-ba89-d4cf4b8f7c81,2026-06-04T05:00:00Z,2026-06-04T07:00:00+0200,10568.25,MW,FR,FR,actual_onshore_wind_generation,Wind Onshore,2026-06-30T22:03:10Z
2026-06-30T22:02:16Z,2026-07-01T00:02:16+0200,0f2c1f14-db75-409f-ba89-d4cf4b8f7c81,2026-06-04T05:15:00Z,2026-06-04T07:15:00+0200,10664.41,MW,FR,FR,actual_onshore_wind_generation,Wind Onshore,2026-06-30T22:03:10Z
2026-06-30T22:02:16Z,2026-07-01T00:02:16+0200,0f2c1f14-db75-409f-ba89-d4cf4b8f7c81,2026-06-04T05:30:00Z,2026-06-04T07:30:00+0200,10506.91,MW,FR,FR,actual_onshore_wind_generation,Wind Onshore,2026-06-30T22:03:10Z
2026-06-30T22:02:16Z,2026-07-01T00:02:16+0200,0f2c1f14-db75-409f-ba89-d4cf4b8f7c81,2026-06-04T05:45:00Z,2026-06-04T07:45:00+0200,10342.6,MW,FR,FR,actual_onshore_wind_generation,Wind Onshore,2026-06-30T22:03:10Z
2026-06-30T22:02:16Z,2026-07-01T00:02:16+0200,0f2c1f14-db75-409f-ba89-d4cf4b8f7c81,2026-06-04T06:00:00Z,2026-06-04T08:00:00+0200,10242.02,MW,FR,FR,actual_onshore_wind_generation,Wind Onshore,2026-06-30T22:03:10Z
2026-06-30T22:02:16Z,2026-07-01T00:02:16+0200,0f2c1f14-db75-409f-ba89-d4cf4b8f7c81,2026-06-04T06:15:00Z,2026-06-04T08:15:00+0200,10190.53,MW,FR,FR,actual_onshore_wind_generation,Wind Onshore,2026-06-30T22:03:10Z
2026-06-30T22:02:16Z,2026-07-01T00:02:16+0200,0f2c1f14-db75-409f-ba89-d4cf4b8f7c81,2026-06-04T06:30:00Z,2026-06-04T08:30:00+0200,10236.12,MW,FR,FR,actual_onshore_wind_generation,Wind Onshore,2026-06-30T22:03:10Z
2026-06-30T22:02:16Z,2026-07-01T00:02:16+0200,0f2c1f14-db75-409f-ba89-d4cf4b8f7c81,2026-06-04T06:45:00Z,2026-06-04T08:45:00+0200,10399.36,MW,FR,FR,actual_onshore_wind_generation,Wind Onshore,2026-06-30T22:03:10Z
2026-06-30T22:02:16Z,2026-07-01T00:02:16+0200,0f2c1f14-db75-409f-ba89-d4cf4b8f7c81,2026-06-04T07:00:00Z,2026-06-04T09:00:00+0200,10463.45,MW,FR,FR,actual_onshore_wind_generation,Wind Onshore,2026-06-30T22:03:10Z
2026-06-30T22:02:16Z,2026-07-01T00:02:16+0200,0f2c1f14-db75-409f-ba89-d4cf4b8f7c81,2026-06-04T07:15:00Z,2026-06-04T09:15:00+0200,10463.02,MW,FR,FR,actual_onshore_wind_generation,Wind Onshore,2026-06-30T22:03:10Z
2026-06-30T22:02:16Z,2026-07-01T00:02:16+0200,0f2c1f14-db75-409f-ba89-d4cf4b8f7c81,2026-06-04T07:30:00Z,2026-06-04T09:30:00+0200,10517.77,MW,FR,FR,actual_onshore_wind_generation,Wind Onshore,2026-06-30T22:03:10Z
2026-06-30T22:02:16Z,2026-07-01T00:02:16+0200,0f2c1f14-db75-409f-ba89-d4cf4b8f7c81,2026-06-04T07:45:00Z,2026-06-04T09:45:00+0200,10656.38,MW,FR,FR,actual_onshore_wind_generation,Wind Onshore,2026-06-30T22:03:10Z
2026-06-30T22:02:16Z,2026-07-01T00:02:16+0200,0f2c1f14-db75-409f-ba89-d4cf4b8f7c81,2026-06-04T08:00:00Z,2026-06-04T10:00:00+0200,10912.61,MW,FR,FR,actual_onshore_wind_generation,Wind Onshore,2026-06-30T22:03:10Z
2026-06-30T22:02:16Z,2026-07-01T00:02:16+0200,0f2c1f14-db75-409f-ba89-d4cf4b8f7c81,2026-06-04T08:15:00Z,2026-06-04T10:15:00+0200,11077.21,MW,FR,FR,actual_onshore_wind_generation,Wind Onshore,2026-06-30T22:03:10Z
2026-06-30T22:02:16Z,2026-07-01T00:02:16+0200,0f2c1f14-db75-409f-ba89-d4cf4b8f7c81,2026-06-04T08:30:00Z,2026-06-04T10:30:00+0200,11385.43,MW,FR,FR,actual_onshore_wind_generation,Wind Onshore,2026-06-30T22:03:10Z
2026-06-30T22:02:16Z,2026-07-01T00:02:16+0200,0f2c1f14-db75-409f-ba89-d4cf4b8f7c81,2026-06-04T08:45:00Z,2026-06-04T10:45:00+0200,11534.15,MW,FR,FR,actual_onshore_wind_generation,Wind Onshore,2026-06-30T22:03:10Z
2026-06-30T22:02:16Z,2026-07-01T00:02:16+0200,0f2c1f14-db75-409f-ba89-d4cf4b8f7c81,2026-06-04T09:00:00Z,2026-06-04T11:00:00+0200,11458.43,MW,FR,FR,actual_onshore_wind_generation,Wind Onshore,2026-06-30T22:03:10Z
2026-06-30T22:02:16Z,2026-07-01T00:02:16+0200,0f2c1f14-db75-409f-ba89-d4cf4b8f7c81,2026-06-04T09:15:00Z,2026-06-04T11:15:00+0200,11756.19,MW,FR,FR,actual_onshore_wind_generation,Wind Onshore,2026-06-30T22:03:10Z
2026-06-30T22:02:16Z,2026-07-01T00:02:16+0200,0f2c1f14-db75-409f-ba89-d4cf4b8f7c81,2026-06-04T09:30:00Z,2026-06-04T11:30:00+0200,10799.3,MW,FR,FR,actual_onshore_wind_generation,Wind Onshore,2026-06-30T22:03:10Z
2026-06-30T22:02:16Z,2026-07-01T00:02:16+0200,0f2c1f14-db75-409f-ba89-d4cf4b8f7c81,2026-06-04T09:45:00Z,2026-06-04T11:45:00+0200,8435.78,MW,FR,FR,actual_onshore_wind_generation,Wind Onshore,2026-06-30T22:03:10Z
2026-06-30T22:02:16Z,2026-07-01T00:02:16+0200,0f2c1f14-db75-409f-ba89-d4cf4b8f7c81,2026-06-04T10:00:00Z,2026-06-04T12:00:00+0200,10333.24,MW,FR,FR,actual_onshore_wind_generation,Wind Onshore,2026-06-30T22:03:10Z
2026-06-30T22:02:16Z,2026-07-01T00:02:16+0200,0f2c1f14-db75-409f-ba89-d4cf4b8f7c81,2026-06-04T10:15:00Z,2026-06-04T12:15:00+0200,11874.88,MW,FR,FR,actual_onshore_wind_generation,Wind Onshore,2026-06-30T22:03:10Z
2026-06-30T22:02:16Z,2026-07-01T00:02:16+0200,0f2c1f14-db75-409f-ba89-d4cf4b8f7c81,2026-06-04T10:30:00Z,2026-06-04T12:30:00+0200,10930.66,MW,FR,FR,actual_onshore_wind_generation,Wind Onshore,2026-06-30T22:03:10Z
2026-06-30T22:02:16Z,2026-07-01T00:02:16+0200,0f2c1f14-db75-409f-ba89-d4cf4b8f7c81,2026-06-04T10:45:00Z,2026-06-04T12:45:00+0200,8244.46,MW,FR,FR,actual_onshore_wind_generation,Wind Onshore,2026-06-30T22:03:10Z
2026-06-30T22:02:16Z,2026-07-01T00:02:16+0200,0f2c1f14-db75-409f-ba89-d4cf4b8f7c81,2026-06-04T11:00:00Z,2026-06-04T13:00:00+0200,7849.59,MW,FR,FR,actual_onshore_wind_generation,Wind Onshore,2026-06-30T22:03:10Z
2026-06-30T22:02:16Z,2026-07-01T00:02:16+0200,0f2c1f14-db75-409f-ba89-d4cf4b8f7c81,2026-06-04T11:15:00Z,2026-06-04T13:15:00+0200,7757.17,MW,FR,FR,actual_onshore_wind_generation,Wind Onshore,2026-06-30T22:03:10Z
2026-06-30T22:02:16Z,2026-07-01T00:02:16+0200,0f2c1f14-db75-409f-ba89-d4cf4b8f7c81,2026-06-04T11:30:00Z,2026-06-04T13:30:00+0200,7665.61,MW,FR,FR,actual_onshore_wind_generation,Wind Onshore,2026-06-30T22:03:10Z
2026-06-30T22:02:16Z,2026-07-01T00:02:16+0200,0f2c1f14-db75-409f-ba89-d4cf4b8f7c81,2026-06-04T11:45:00Z,2026-06-04T13:45:00+0200,7856.08,MW,FR,FR,actual_onshore_wind_generation,Wind Onshore,2026-06-30T22:03:10Z
2026-06-30T22:02:16Z,2026-07-01T00:02:16+0200,0f2c1f14-db75-409f-ba89-d4cf4b8f7c81,2026-06-04T12:00:00Z,2026-06-04T14:00:00+0200,7916.27,MW,FR,FR,actual_onshore_wind_generation,Wind Onshore,2026-06-30T22:03:10Z
2026-06-30T22:02:16Z,2026-07-01T00:02:16+0200,0f2c1f14-db75-409f-ba89-d4cf4b8f7c81,2026-06-04T12:15:00Z,2026-06-04T14:15:00+0200,7988.15,MW,FR,FR,actual_onshore_wind_generation,Wind Onshore,2026-06-30T22:03:10Z
2026-06-30T22:02:16Z,2026-07-01T00:02:16+0200,0f2c1f14-db75-409f-ba89-d4cf4b8f7c81,2026-06-04T12:30:00Z,2026-06-04T14:30:00+0200,8003.66,MW,FR,FR,actual_onshore_wind_generation,Wind Onshore,2026-06-30T22:03:10Z
2026-06-30T22:02:16Z,2026-07-01T00:02:16+0200,0f2c1f14-db75-409f-ba89-d4cf4b8f7c81,2026-06-04T12:45:00Z,2026-06-04T14:45:00+0200,8002.61,MW,FR,FR,actual_onshore_wind_generation,Wind Onshore,2026-06-30T22:03:10Z
2026-06-30T22:02:16Z,2026-07-01T00:02:16+0200,0f2c1f14-db75-409f-ba89-d4cf4b8f7c81,2026-06-04T13:00:00Z,2026-06-04T15:00:00+0200,7819.99,MW,FR,FR,actual_onshore_wind_generation,Wind Onshore,2026-06-30T22:03:10Z
2026-06-30T22:02:16Z,2026-07-01T00:02:16+0200,0f2c1f14-db75-409f-ba89-d4cf4b8f7c81,2026-06-04T13:15:00Z,2026-06-04T15:15:00+0200,7845.28,MW,FR,FR,actual_onshore_wind_generation,Wind Onshore,2026-06-30T22:03:10Z
2026-06-30T22:02:16Z,2026-07-01T00:02:16+0200,0f2c1f14-db75-409f-ba89-d4cf4b8f7c81,2026-06-04T13:30:00Z,2026-06-04T15:30:00+0200,7791.49,MW,FR,FR,actual_onshore_wind_generation,Wind Onshore,2026-06-30T22:03:10Z
2026-06-30T22:02:16Z,2026-07-01T00:02:16+0200,0f2c1f14-db75-409f-ba89-d4cf4b8f7c81,2026-06-04T13:45:00Z,2026-06-04T15:45:00+0200,7840.81,MW,FR,FR,actual_onshore_wind_generation,Wind Onshore,2026-06-30T22:03:10Z
2026-06-30T22:02:16Z,2026-07-01T00:02:16+0200,0f2c1f14-db75-409f-ba89-d4cf4b8f7c81,2026-06-04T14:00:00Z,2026-06-04T16:00:00+0200,7888.12,MW,FR,FR,actual_onshore_wind_generation,Wind Onshore,2026-06-30T22:03:10Z
2026-06-30T22:02:16Z,2026-07-01T00:02:16+0200,0f2c1f14-db75-409f-ba89-d4cf4b8f7c81,2026-06-04T14:15:00Z,2026-06-04T16:15:00+0200,7953.44,MW,FR,FR,actual_onshore_wind_generation,Wind Onshore,2026-06-30T22:03:10Z
2026-06-30T22:02:16Z,2026-07-01T00:02:16+0200,0f2c1f14-db75-409f-ba89-d4cf4b8f7c81,2026-06-04T14:30:00Z,2026-06-04T16:30:00+0200,8011.79,MW,FR,FR,actual_onshore_wind_generation,Wind Onshore,2026-06-30T22:03:10Z
2026-06-30T22:02:16Z,2026-07-01T00:02:16+0200,0f2c1f14-db75-409f-ba89-d4cf4b8f7c81,2026-06-04T14:45:00Z,2026-06-04T16:45:00+0200,7908.17,MW,FR,FR,actual_onshore_wind_generation,Wind Onshore,2026-06-30T22:03:10Z
2026-06-30T22:02:16Z,2026-07-01T00:02:16+0200,0f2c1f14-db75-409f-ba89-d4cf4b8f7c81,2026-06-04T15:00:00Z,2026-06-04T17:00:00+0200,7887.25,MW,FR,FR,actual_onshore_wind_generation,Wind Onshore,2026-06-30T22:03:10Z
2026-06-30T22:02:16Z,2026-07-01T00:02:16+0200,0f2c1f14-db75-409f-ba89-d4cf4b8f7c81,2026-06-04T15:15:00Z,2026-06-04T17:15:00+0200,7798.63,MW,FR,FR,actual_onshore_wind_generation,Wind Onshore,2026-06-30T22:03:10Z
2026-06-30T22:02:16Z,2026-07-01T00:02:16+0200,0f2c1f14-db75-409f-ba89-d4cf4b8f7c81,2026-06-04T15:30:00Z,2026-06-04T17:30:00+0200,7811.71,MW,FR,FR,actual_onshore_wind_generation,Wind Onshore,2026-06-30T22:03:10Z
2026-06-30T22:02:16Z,2026-07-01T00:02:16+0200,0f2c1f14-db75-409f-ba89-d4cf4b8f7c81,2026-06-04T15:45:00Z,2026-06-04T17:45:00+0200,7675.79,MW,FR,FR,actual_onshore_wind_generation,Wind Onshore,2026-06-30T22:03:10Z
2026-06-30T22:02:16Z,2026-07-01T00:02:16+0200,0f2c1f14-db75-409f-ba89-d4cf4b8f7c81,2026-06-04T16:00:00Z,2026-06-04T18:00:00+0200,8076.52,MW,FR,FR,actual_onshore_wind_generation,Wind Onshore,2026-06-30T22:03:10Z
2026-06-30T22:02:16Z,2026-07-01T00:02:16+0200,0f2c1f14-db75-409f-ba89-d4cf4b8f7c81,2026-06-04T16:15:00Z,2026-06-04T18:15:00+0200,10789.83,MW,FR,FR,actual_onshore_wind_generation,Wind Onshore,2026-06-30T22:03:10Z
2026-06-30T22:02:16Z,2026-07-01T00:02:16+0200,0f2c1f14-db75-409f-ba89-d4cf4b8f7c81,2026-06-04T16:30:00Z,2026-06-04T18:30:00+0200,12495.61,MW,FR,FR,actual_onshore_wind_generation,Wind Onshore,2026-06-30T22:03:10Z
2026-06-30T22:02:16Z,2026-07-01T00:02:16+0200,0f2c1f14-db75-409f-ba89-d4cf4b8f7c81,2026-06-04T16:45:00Z,2026-06-04T18:45:00+0200,12504.22,MW,FR,FR,actual_onshore_wind_generation,Wind Onshore,2026-06-30T22:03:10Z
2026-06-30T22:02:16Z,2026-07-01T00:02:16+0200,0f2c1f14-db75-409f-ba89-d4cf4b8f7c81,2026-06-04T17:00:00Z,2026-06-04T19:00:00+0200,12417.54,MW,FR,FR,actual_onshore_wind_generation,Wind Onshore,2026-06-30T22:03:10Z
2026-06-30T22:02:16Z,2026-07-01T00:02:16+0200,0f2c1f14-db75-409f-ba89-d4cf4b8f7c81,2026-06-04T17:15:00Z,2026-06-04T19:15:00+0200,12049.09,MW,FR,FR,actual_onshore_wind_generation,Wind Onshore,2026-06-30T22:03:10Z
2026-06-30T22:02:16Z,2026-07-01T00:02:16+0200,0f2c1f14-db75-409f-ba89-d4cf4b8f7c81,2026-06-04T17:30:00Z,2026-06-04T19:30:00+0200,11663.37,MW,FR,FR,actual_onshore_wind_generation,Wind Onshore,2026-06-30T22:03:10Z
2026-06-30T22:02:16Z,2026-07-01T00:02:16+0200,0f2c1f14-db75-409f-ba89-d4cf4b8f7c81,2026-06-04T17:45:00Z,2026-06-04T19:45:00+0200,11571.34,MW,FR,FR,actual_onshore_wind_generation,Wind Onshore,2026-06-30T22:03:10Z
2026-06-30T22:02:16Z,2026-07-01T00:02:16+0200,0f2c1f14-db75-409f-ba89-d4cf4b8f7c81,2026-06-04T18:00:00Z,2026-06-04T20:00:00+0200,11065.28,MW,FR,FR,actual_onshore_wind_generation,Wind Onshore,2026-06-30T22:03:10Z
2026-06-30T22:02:16Z,2026-07-01T00:02:16+0200,0f2c1f14-db75-409f-ba89-d4cf4b8f7c81,2026-06-04T18:15:00Z,2026-06-04T20:15:00+0200,10581.11,MW,FR,FR,actual_onshore_wind_generation,Wind Onshore,2026-06-30T22:03:10Z
2026-06-30T22:02:16Z,2026-07-01T00:02:16+0200,0f2c1f14-db75-409f-ba89-d4cf4b8f7c81,2026-06-04T18:30:00Z,2026-06-04T20:30:00+0200,10270.77,MW,FR,FR,actual_onshore_wind_generation,Wind Onshore,2026-06-30T22:03:10Z
2026-06-30T22:02:16Z,2026-07-01T00:02:16+0200,0f2c1f14-db75-409f-ba89-d4cf4b8f7c81,2026-06-04T18:45:00Z,2026-06-04T20:45:00+0200,9943.72,MW,FR,FR,actual_onshore_wind_generation,Wind Onshore,2026-06-30T22:03:10Z
2026-06-30T22:02:16Z,2026-07-01T00:02:16+0200,0f2c1f14-db75-409f-ba89-d4cf4b8f7c81,2026-06-04T19:00:00Z,2026-06-04T21:00:00+0200,9340.22,MW,FR,FR,actual_onshore_wind_generation,Wind Onshore,2026-06-30T22:03:10Z
2026-06-30T22:02:16Z,2026-07-01T00:02:16+0200,0f2c1f14-db75-409f-ba89-d4cf4b8f7c81,2026-06-04T19:15:00Z,2026-06-04T21:15:00+0200,9039.0,MW,FR,FR,actual_onshore_wind_generation,Wind Onshore,2026-06-30T22:03:10Z
2026-06-30T22:02:16Z,2026-07-01T00:02:16+0200,0f2c1f14-db75-409f-ba89-d4cf4b8f7c81,2026-06-04T19:30:00Z,2026-06-04T21:30:00+0200,8803.06,MW,FR,FR,actual_onshore_wind_generation,Wind Onshore,2026-06-30T22:03:10Z
2026-06-30T22:02:16Z,2026-07-01T00:02:16+0200,0f2c1f14-db75-409f-ba89-d4cf4b8f7c81,2026-06-04T19:45:00Z,2026-06-04T21:45:00+0200,8708.78,MW,FR,FR,actual_onshore_wind_generation,Wind Onshore,2026-06-30T22:03:10Z
2026-06-30T22:02:16Z,2026-07-01T00:02:16+0200,0f2c1f14-db75-409f-ba89-d4cf4b8f7c81,2026-06-04T20:00:00Z,2026-06-04T22:00:00+0200,8397.8,MW,FR,FR,actual_onshore_wind_generation,Wind Onshore,2026-06-30T22:03:10Z
2026-06-30T22:02:16Z,2026-07-01T00:02:16+0200,0f2c1f14-db75-409f-ba89-d4cf4b8f7c81,2026-06-04T20:15:00Z,2026-06-04T22:15:00+0200,8278.32,MW,FR,FR,actual_onshore_wind_generation,Wind Onshore,2026-06-30T22:03:10Z
2026-06-30T22:02:16Z,2026-07-01T00:02:16+0200,0f2c1f14-db75-409f-ba89-d4cf4b8f7c81,2026-06-04T20:30:00Z,2026-06-04T22:30:00+0200,8287.42,MW,FR,FR,actual_onshore_wind_generation,Wind Onshore,2026-06-30T22:03:10Z
2026-06-30T22:02:16Z,2026-07-01T00:02:16+0200,0f2c1f14-db75-409f-ba89-d4cf4b8f7c81,2026-06-04T20:45:00Z,2026-06-04T22:45:00+0200,8090.0,MW,FR,FR,actual_onshore_wind_generation,Wind Onshore,2026-06-30T22:03:10Z
2026-06-30T22:02:16Z,2026-07-01T00:02:16+0200,0f2c1f14-db75-409f-ba89-d4cf4b8f7c81,2026-06-04T21:00:00Z,2026-06-04T23:00:00+0200,7849.05,MW,FR,FR,actual_onshore_wind_generation,Wind Onshore,2026-06-30T22:03:10Z
2026-06-30T22:02:16Z,2026-07-01T00:02:16+0200,0f2c1f14-db75-409f-ba89-d4cf4b8f7c81,2026-06-04T21:15:00Z,2026-06-04T23:15:00+0200,7778.7,MW,FR,FR,actual_onshore_wind_generation,Wind Onshore,2026-06-30T22:03:10Z
2026-06-30T22:02:16Z,2026-07-01T00:02:16+0200,0f2c1f14-db75-409f-ba89-d4cf4b8f7c81,2026-06-04T21:30:00Z,2026-06-04T23:30:00+0200,7673.72,MW,FR,FR,actual_onshore_wind_generation,Wind Onshore,2026-06-30T22:03:10Z
2026-06-30T22:02:16Z,2026-07-01T00:02:16+0200,0f2c1f14-db75-409f-ba89-d4cf4b8f7c81,2026-06-04T21:45:00Z,2026-06-04T23:45:00+0200,7511.0,MW,FR,FR,actual_onshore_wind_generation,Wind Onshore,2026-06-30T22:03:10Z
2026-06-30T22:02:16Z,2026-07-01T00:02:16+0200,0f2c1f14-db75-409f-ba89-d4cf4b8f7c81,2026-06-04T22:00:00Z,2026-06-05T00:00:00+0200,7445.7,MW,FR,FR,actual_onshore_wind_generation,Wind Onshore,2026-06-30T22:03:10Z
2026-06-30T22:02:16Z,2026-07-01T00:02:16+0200,0f2c1f14-db75-409f-ba89-d4cf4b8f7c81,2026-06-04T22:15:00Z,2026-06-05T00:15:00+0200,7438.43,MW,FR,FR,actual_onshore_wind_generation,Wind Onshore,2026-06-30T22:03:10Z
2026-06-30T22:02:16Z,2026-07-01T00:02:16+0200,0f2c1f14-db75-409f-ba89-d4cf4b8f7c81,2026-06-04T22:30:00Z,2026-06-05T00:30:00+0200,7332.95,MW,FR,FR,actual_onshore_wind_generation,Wind Onshore,2026-06-30T22:03:10Z
2026-06-30T22:02:16Z,2026-07-01T00:02:16+0200,0f2c1f14-db75-409f-ba89-d4cf4b8f7c81,2026-06-04T22:45:00Z,2026-06-05T00:45:00+0200,7106.67,MW,FR,FR,actual_onshore_wind_generation,Wind Onshore,2026-06-30T22:03:10Z
2026-06-30T22:02:16Z,2026-07-01T00:02:16+0200,0f2c1f14-db75-409f-ba89-d4cf4b8f7c81,2026-06-04T23:00:00Z,2026-06-05T01:00:00+0200,7049.3,MW,FR,FR,actual_onshore_wind_generation,Wind Onshore,2026-06-30T22:03:10Z
2026-06-30T22:02:16Z,2026-07-01T00:02:16+0200,0f2c1f14-db75-409f-ba89-d4cf4b8f7c81,2026-06-04T23:15:00Z,2026-06-05T01:15:00+0200,6857.74,MW,FR,FR,actual_onshore_wind_generation,Wind Onshore,2026-06-30T22:03:10Z
2026-06-30T22:02:16Z,2026-07-01T00:02:16+0200,0f2c1f14-db75-409f-ba89-d4cf4b8f7c81,2026-06-04T23:30:00Z,2026-06-05T01:30:00+0200,6710.78,MW,FR,FR,actual_onshore_wind_generation,Wind Onshore,2026-06-30T22:03:10Z
2026-06-30T22:02:16Z,2026-07-01T00:02:16+0200,0f2c1f14-db75-409f-ba89-d4cf4b8f7c81,2026-06-04T23:45:00Z,2026-06-05T01:45:00+0200,6614.3,MW,FR,FR,actual_onshore_wind_generation,Wind Onshore,2026-06-30T22:03:10Z
2026-06-30T22:02:16Z,2026-07-01T00:02:16+0200,0f2c1f14-db75-409f-ba89-d4cf4b8f7c81,2026-06-05T00:00:00Z,2026-06-05T02:00:00+0200,6550.26,MW,FR,FR,actual_onshore_wind_generation,Wind Onshore,2026-06-30T22:03:10Z
2026-06-30T22:02:16Z,2026-07-01T00:02:16+0200,0f2c1f14-db75-409f-ba89-d4cf4b8f7c81,2026-06-05T00:15:00Z,2026-06-05T02:15:00+0200,6651.92,MW,FR,FR,actual_onshore_wind_generation,Wind Onshore,2026-06-30T22:03:10Z
2026-06-30T22:02:16Z,2026-07-01T00:02:16+0200,0f2c1f14-db75-409f-ba89-d4cf4b8f7c81,2026-06-05T00:30:00Z,2026-06-05T02:30:00+0200,6629.99,MW,FR,FR,actual_onshore_wind_generation,Wind Onshore,2026-06-30T22:03:10Z
2026-06-30T22:02:16Z,2026-07-01T00:02:16+0200,0f2c1f14-db75-409f-ba89-d4cf4b8f7c81,2026-06-05T00:45:00Z,2026-06-05T02:45:00+0200,6613.81,MW,FR,FR,actual_onshore_wind_generation,Wind Onshore,2026-06-30T22:03:10Z
2026-06-30T22:02:16Z,2026-07-01T00:02:16+0200,0f2c1f14-db75-409f-ba89-d4cf4b8f7c81,2026-06-05T01:00:00Z,2026-06-05T03:00:00+0200,6519.33,MW,FR,FR,actual_onshore_wind_generation,Wind Onshore,2026-06-30T22:03:10Z
2026-06-30T22:02:16Z,2026-07-01T00:02:16+0200,0f2c1f14-db75-409f-ba89-d4cf4b8f7c81,2026-06-05T01:15:00Z,2026-06-05T03:15:00+0200,6339.29,MW,FR,FR,actual_onshore_wind_generation,Wind Onshore,2026-06-30T22:03:10Z
2026-06-30T22:02:16Z,2026-07-01T00:02:16+0200,0f2c1f14-db75-409f-ba89-d4cf4b8f7c81,2026-06-05T01:30:00Z,2026-06-05T03:30:00+0200,6259.17,MW,FR,FR,actual_onshore_wind_generation,Wind Onshore,2026-06-30T22:03:10Z
2026-06-30T22:02:16Z,2026-07-01T00:02:16+0200,0f2c1f14-db75-409f-ba89-d4cf4b8f7c81,2026-06-05T01:45:00Z,2026-06-05T03:45:00+0200,6311.74,MW,FR,FR,actual_onshore_wind_generation,Wind Onshore,2026-06-30T22:03:10Z
2026-06-30T22:02:16Z,2026-07-01T00:02:16+0200,0f2c1f14-db75-409f-ba89-d4cf4b8f7c81,2026-06-05T02:00:00Z,2026-06-05T04:00:00+0200,6329.91,MW,FR,FR,actual_onshore_wind_generation,Wind Onshore,2026-06-30T22:03:10Z
2026-06-30T22:02:16Z,2026-07-01T00:02:16+0200,0f2c1f14-db75-409f-ba89-d4cf4b8f7c81,2026-06-05T02:15:00Z,2026-06-05T04:15:00+0200,6281.54,MW,FR,FR,actual_onshore_wind_generation,Wind Onshore,2026-06-30T22:03:10Z
2026-06-30T22:02:16Z,2026-07-01T00:02:16+0200,0f2c1f14-db75-409f-ba89-d4cf4b8f7c81,2026-06-05T02:30:00Z,2026-06-05T04:30:00+0200,6173.59,MW,FR,FR,actual_onshore_wind_generation,Wind Onshore,2026-06-30T22:03:10Z
2026-06-30T22:02:16Z,2026-07-01T00:02:16+0200,0f2c1f14-db75-409f-ba89-d4cf4b8f7c81,2026-06-05T02:45:00Z,2026-06-05T04:45:00+0200,6106.22,MW,FR,FR,actual_onshore_wind_generation,Wind Onshore,2026-06-30T22:03:10Z
2026-06-30T22:02:16Z,2026-07-01T00:02:16+0200,0f2c1f14-db75-409f-ba89-d4cf4b8f7c81,2026-06-05T03:00:00Z,2026-06-05T05:00:00+0200,5945.44,MW,FR,FR,actual_onshore_wind_generation,Wind Onshore,2026-06-30T22:03:10Z
2026-06-30T22:02:16Z,2026-07-01T00:02:16+0200,0f2c1f14-db75-409f-ba89-d4cf4b8f7c81,2026-06-05T03:15:00Z,2026-06-05T05:15:00+0200,5801.76,MW,FR,FR,actual_onshore_wind_generation,Wind Onshore,2026-06-30T22:03:10Z
2026-06-30T22:02:16Z,2026-07-01T00:02:16+0200,0f2c1f14-db75-409f-ba89-d4cf4b8f7c81,2026-06-05T03:30:00Z,2026-06-05T05:30:00+0200,5542.04,MW,FR,FR,actual_onshore_wind_generation,Wind Onshore,2026-06-30T22:03:10Z
2026-06-30T22:02:16Z,2026-07-01T00:02:16+0200,0f2c1f14-db75-409f-ba89-d4cf4b8f7c81,2026-06-05T03:45:00Z,2026-06-05T05:45:00+0200,5226.8,MW,FR,FR,actual_onshore_wind_generation,Wind Onshore,2026-06-30T22:03:10Z
2026-06-30T22:02:16Z,2026-07-01T00:02:16+0200,0f2c1f14-db75-409f-ba89-d4cf4b8f7c81,2026-06-05T04:00:00Z,2026-06-05T06:00:00+0200,4976.47,MW,FR,FR,actual_onshore_wind_generation,Wind Onshore,2026-06-30T22:03:10Z
2026-06-30T22:02:16Z,2026-07-01T00:02:16+0200,0f2c1f14-db75-409f-ba89-d4cf4b8f7c81,2026-06-05T04:15:00Z,2026-06-05T06:15:00+0200,4904.13,MW,FR,FR,actual_onshore_wind_generation,Wind Onshore,2026-06-30T22:03:10Z
2026-06-30T22:02:16Z,2026-07-01T00:02:16+0200,0f2c1f14-db75-409f-ba89-d4cf4b8f7c81,2026-06-05T04:30:00Z,2026-06-05T06:30:00+0200,4726.57,MW,FR,FR,actual_onshore_wind_generation,Wind Onshore,2026-06-30T22:03:10Z
2026-06-30T22:02:16Z,2026-07-01T00:02:16+0200,0f2c1f14-db75-409f-ba89-d4cf4b8f7c81,2026-06-05T04:45:00Z,2026-06-05T06:45:00+0200,4515.32,MW,FR,FR,actual_onshore_wind_generation,Wind Onshore,2026-06-30T22:03:10Z
2026-06-30T22:02:16Z,2026-07-01T00:02:16+0200,0f2c1f14-db75-409f-ba89-d4cf4b8f7c81,2026-06-05T05:00:00Z,2026-06-05T07:00:00+0200,4326.12,MW,FR,FR,actual_onshore_wind_generation,Wind Onshore,2026-06-30T22:03:10Z
2026-06-30T22:02:16Z,2026-07-01T00:02:16+0200,0f2c1f14-db75-409f-ba89-d4cf4b8f7c81,2026-06-05T05:15:00Z,2026-06-05T07:15:00+0200,4095.03,MW,FR,FR,actual_onshore_wind_generation,Wind Onshore,2026-06-30T22:03:10Z
2026-06-30T22:02:16Z,2026-07-01T00:02:16+0200,0f2c1f14-db75-409f-ba89-d4cf4b8f7c81,2026-06-05T05:30:00Z,2026-06-05T07:30:00+0200,3812.62,MW,FR,FR,actual_onshore_wind_generation,Wind Onshore,2026-06-30T22:03:10Z
2026-06-30T22:02:16Z,2026-07-01T00:02:16+0200,0f2c1f14-db75-409f-ba89-d4cf4b8f7c81,2026-06-05T05:45:00Z,2026-06-05T07:45:00+0200,3626.14,MW,FR,FR,actual_onshore_wind_generation,Wind Onshore,2026-06-30T22:03:10Z
2026-06-30T22:02:16Z,2026-07-01T00:02:16+0200,0f2c1f14-db75-409f-ba89-d4cf4b8f7c81,2026-06-05T06:00:00Z,2026-06-05T08:00:00+0200,3584.5,MW,FR,FR,actual_onshore_wind_generation,Wind Onshore,2026-06-30T22:03:10Z
2026-06-30T22:02:16Z,2026-07-01T00:02:16+0200,0f2c1f14-db75-409f-ba89-d4cf4b8f7c81,2026-06-05T06:15:00Z,2026-06-05T08:15:00+0200,3481.07,MW,FR,FR,actual_onshore_wind_generation,Wind Onshore,2026-06-30T22:03:10Z
2026-06-30T22:02:16Z,2026-07-01T00:02:16+0200,0f2c1f14-db75-409f-ba89-d4cf4b8f7c81,2026-06-05T06:30:00Z,2026-06-05T08:30:00+0200,3410.6,MW,FR,FR,actual_onshore_wind_generation,Wind Onshore,2026-06-30T22:03:10Z
2026-06-30T22:02:16Z,2026-07-01T00:02:16+0200,0f2c1f14-db75-409f-ba89-d4cf4b8f7c81,2026-06-05T06:45:00Z,2026-06-05T08:45:00+0200,3415.97,MW,FR,FR,actual_onshore_wind_generation,Wind Onshore,2026-06-30T22:03:10Z
2026-06-30T22:02:16Z,2026-07-01T00:02:16+0200,0f2c1f14-db75-409f-ba89-d4cf4b8f7c81,2026-06-05T07:00:00Z,2026-06-05T09:00:00+0200,3362.73,MW,FR,FR,actual_onshore_wind_generation,Wind Onshore,2026-06-30T22:03:10Z
2026-06-30T22:02:16Z,2026-07-01T00:02:16+0200,0f2c1f14-db75-409f-ba89-d4cf4b8f7c81,2026-06-05T07:15:00Z,2026-06-05T09:15:00+0200,3292.19,MW,FR,FR,actual_onshore_wind_generation,Wind Onshore,2026-06-30T22:03:10Z
2026-06-30T22:02:16Z,2026-07-01T00:02:16+0200,0f2c1f14-db75-409f-ba89-d4cf4b8f7c81,2026-06-05T07:30:00Z,2026-06-05T09:30:00+0200,3338.26,MW,FR,FR,actual_onshore_wind_generation,Wind Onshore,2026-06-30T22:03:10Z
2026-06-30T22:02:16Z,2026-07-01T00:02:16+0200,0f2c1f14-db75-409f-ba89-d4cf4b8f7c81,2026-06-05T07:45:00Z,2026-06-05T09:45:00+0200,3334.44,MW,FR,FR,actual_onshore_wind_generation,Wind Onshore,2026-06-30T22:03:10Z
2026-06-30T22:02:16Z,2026-07-01T00:02:16+0200,0f2c1f14-db75-409f-ba89-d4cf4b8f7c81,2026-06-05T08:00:00Z,2026-06-05T10:00:00+0200,3295.66,MW,FR,FR,actual_onshore_wind_generation,Wind Onshore,2026-06-30T22:03:10Z
2026-06-30T22:02:16Z,2026-07-01T00:02:16+0200,0f2c1f14-db75-409f-ba89-d4cf4b8f7c81,2026-06-05T08:15:00Z,2026-06-05T10:15:00+0200,3327.2,MW,FR,FR,actual_onshore_wind_generation,Wind Onshore,2026-06-30T22:03:10Z
2026-06-30T22:02:16Z,2026-07-01T00:02:16+0200,0f2c1f14-db75-409f-ba89-d4cf4b8f7c81,2026-06-05T08:30:00Z,2026-06-05T10:30:00+0200,3315.27,MW,FR,FR,actual_onshore_wind_generation,Wind Onshore,2026-06-30T22:03:10Z
2026-06-30T22:02:16Z,2026-07-01T00:02:16+0200,0f2c1f14-db75-409f-ba89-d4cf4b8f7c81,2026-06-05T08:45:00Z,2026-06-05T10:45:00+0200,3314.35,MW,FR,FR,actual_onshore_wind_generation,Wind Onshore,2026-06-30T22:03:10Z
2026-06-30T22:02:16Z,2026-07-01T00:02:16+0200,0f2c1f14-db75-409f-ba89-d4cf4b8f7c81,2026-06-05T09:00:00Z,2026-06-05T11:00:00+0200,3432.66,MW,FR,FR,actual_onshore_wind_generation,Wind Onshore,2026-06-30T22:03:10Z
2026-06-30T22:02:16Z,2026-07-01T00:02:16+0200,0f2c1f14-db75-409f-ba89-d4cf4b8f7c81,2026-06-05T09:15:00Z,2026-06-05T11:15:00+0200,3423.13,MW,FR,FR,actual_onshore_wind_generation,Wind Onshore,2026-06-30T22:03:10Z
2026-06-30T22:02:16Z,2026-07-01T00:02:16+0200,0f2c1f14-db75-409f-ba89-d4cf4b8f7c81,2026-06-05T09:30:00Z,2026-06-05T11:30:00+0200,3466.94,MW,FR,FR,actual_onshore_wind_generation,Wind Onshore,2026-06-30T22:03:10Z
2026-06-30T22:02:16Z,2026-07-01T00:02:16+0200,0f2c1f14-db75-409f-ba89-d4cf4b8f7c81,2026-06-05T09:45:00Z,2026-06-05T11:45:00+0200,3426.99,MW,FR,FR,actual_onshore_wind_generation,Wind Onshore,2026-06-30T22:03:10Z
2026-06-30T22:02:16Z,2026-07-01T00:02:16+0200,0f2c1f14-db75-409f-ba89-d4cf4b8f7c81,2026-06-05T10:00:00Z,2026-06-05T12:00:00+0200,3505.85,MW,FR,FR,actual_onshore_wind_generation,Wind Onshore,2026-06-30T22:03:10Z
2026-06-30T22:02:16Z,2026-07-01T00:02:16+0200,0f2c1f14-db75-409f-ba89-d4cf4b8f7c81,2026-06-05T10:15:00Z,2026-06-05T12:15:00+0200,3420.3,MW,FR,FR,actual_onshore_wind_generation,Wind Onshore,2026-06-30T22:03:10Z
2026-06-30T22:02:16Z,2026-07-01T00:02:16+0200,0f2c1f14-db75-409f-ba89-d4cf4b8f7c81,2026-06-05T10:30:00Z,2026-06-05T12:30:00+0200,3387.29,MW,FR,FR,actual_onshore_wind_generation,Wind Onshore,2026-06-30T22:03:10Z
2026-06-30T22:02:16Z,2026-07-01T00:02:16+0200,0f2c1f14-db75-409f-ba89-d4cf4b8f7c81,2026-06-05T10:45:00Z,2026-06-05T12:45:00+0200,3423.46,MW,FR,FR,actual_onshore_wind_generation,Wind Onshore,2026-06-30T22:03:10Z
2026-06-30T22:02:16Z,2026-07-01T00:02:16+0200,0f2c1f14-db75-409f-ba89-d4cf4b8f7c81,2026-06-05T11:00:00Z,2026-06-05T13:00:00+0200,3365.96,MW,FR,FR,actual_onshore_wind_generation,Wind Onshore,2026-06-30T22:03:10Z
2026-06-30T22:02:16Z,2026-07-01T00:02:16+0200,0f2c1f14-db75-409f-ba89-d4cf4b8f7c81,2026-06-05T11:15:00Z,2026-06-05T13:15:00+0200,3379.02,MW,FR,FR,actual_onshore_wind_generation,Wind Onshore,2026-06-30T22:03:10Z
2026-06-30T22:02:16Z,2026-07-01T00:02:16+0200,0f2c1f14-db75-409f-ba89-d4cf4b8f7c81,2026-06-05T11:30:00Z,2026-06-05T13:30:00+0200,3419.15,MW,FR,FR,actual_onshore_wind_generation,Wind Onshore,2026-06-30T22:03:10Z
2026-06-30T22:02:16Z,2026-07-01T00:02:16+0200,0f2c1f14-db75-409f-ba89-d4cf4b8f7c81,2026-06-05T11:45:00Z,2026-06-05T13:45:00+0200,3301.8,MW,FR,FR,actual_onshore_wind_generation,Wind Onshore,2026-06-30T22:03:10Z
2026-06-30T22:02:16Z,2026-07-01T00:02:16+0200,0f2c1f14-db75-409f-ba89-d4cf4b8f7c81,2026-06-05T12:00:00Z,2026-06-05T14:00:00+0200,3234.44,MW,FR,FR,actual_onshore_wind_generation,Wind Onshore,2026-06-30T22:03:10Z
2026-06-30T22:02:16Z,2026-07-01T00:02:16+0200,0f2c1f14-db75-409f-ba89-d4cf4b8f7c81,2026-06-05T12:15:00Z,2026-06-05T14:15:00+0200,3176.41,MW,FR,FR,actual_onshore_wind_generation,Wind Onshore,2026-06-30T22:03:10Z
2026-06-30T22:02:16Z,2026-07-01T00:02:16+0200,0f2c1f14-db75-409f-ba89-d4cf4b8f7c81,2026-06-05T12:30:00Z,2026-06-05T14:30:00+0200,3118.17,MW,FR,FR,actual_onshore_wind_generation,Wind Onshore,2026-06-30T22:03:10Z
2026-06-30T22:02:16Z,2026-07-01T00:02:16+0200,0f2c1f14-db75-409f-ba89-d4cf4b8f7c81,2026-06-05T12:45:00Z,2026-06-05T14:45:00+0200,3112.59,MW,FR,FR,actual_onshore_wind_generation,Wind Onshore,2026-06-30T22:03:10Z
2026-06-30T22:02:16Z,2026-07-01T00:02:16+0200,0f2c1f14-db75-409f-ba89-d4cf4b8f7c81,2026-06-05T13:00:00Z,2026-06-05T15:00:00+0200,3222.61,MW,FR,FR,actual_onshore_wind_generation,Wind Onshore,2026-06-30T22:03:10Z
2026-06-30T22:02:16Z,2026-07-01T00:02:16+0200,0f2c1f14-db75-409f-ba89-d4cf4b8f7c81,2026-06-05T13:15:00Z,2026-06-05T15:15:00+0200,3205.34,MW,FR,FR,actual_onshore_wind_generation,Wind Onshore,2026-06-30T22:03:10Z
2026-06-30T22:02:16Z,2026-07-01T00:02:16+0200,0f2c1f14-db75-409f-ba89-d4cf4b8f7c81,2026-06-05T13:30:00Z,2026-06-05T15:30:00+0200,3213.06,MW,FR,FR,actual_onshore_wind_generation,Wind Onshore,2026-06-30T22:03:10Z
2026-06-30T22:02:16Z,2026-07-01T00:02:16+0200,0f2c1f14-db75-409f-ba89-d4cf4b8f7c81,2026-06-05T13:45:00Z,2026-06-05T15:45:00+0200,3193.57,MW,FR,FR,actual_onshore_wind_generation,Wind Onshore,2026-06-30T22:03:10Z
2026-06-30T22:02:16Z,2026-07-01T00:02:16+0200,0f2c1f14-db75-409f-ba89-d4cf4b8f7c81,2026-06-05T14:00:00Z,2026-06-05T16:00:00+0200,3011.21,MW,FR,FR,actual_onshore_wind_generation,Wind Onshore,2026-06-30T22:03:10Z
2026-06-30T22:02:16Z,2026-07-01T00:02:16+0200,0f2c1f14-db75-409f-ba89-d4cf4b8f7c81,2026-06-05T14:15:00Z,2026-06-05T16:15:00+0200,2899.06,MW,FR,FR,actual_onshore_wind_generation,Wind Onshore,2026-06-30T22:03:10Z
2026-06-30T22:02:16Z,2026-07-01T00:02:16+0200,0f2c1f14-db75-409f-ba89-d4cf4b8f7c81,2026-06-05T14:30:00Z,2026-06-05T16:30:00+0200,2745.19,MW,FR,FR,actual_onshore_wind_generation,Wind Onshore,2026-06-30T22:03:10Z
2026-06-30T22:02:16Z,2026-07-01T00:02:16+0200,0f2c1f14-db75-409f-ba89-d4cf4b8f7c81,2026-06-05T14:45:00Z,2026-06-05T16:45:00+0200,2613.42,MW,FR,FR,actual_onshore_wind_generation,Wind Onshore,2026-06-30T22:03:10Z
2026-06-30T22:02:16Z,2026-07-01T00:02:16+0200,0f2c1f14-db75-409f-ba89-d4cf4b8f7c81,2026-06-05T15:00:00Z,2026-06-05T17:00:00+0200,2420.12,MW,FR,FR,actual_onshore_wind_generation,Wind Onshore,2026-06-30T22:03:10Z
2026-06-30T22:02:16Z,2026-07-01T00:02:16+0200,0f2c1f14-db75-409f-ba89-d4cf4b8f7c81,2026-06-05T15:15:00Z,2026-06-05T17:15:00+0200,2226.5,MW,FR,FR,actual_onshore_wind_generation,Wind Onshore,2026-06-30T22:03:10Z
2026-06-30T22:02:16Z,2026-07-01T00:02:16+0200,0f2c1f14-db75-409f-ba89-d4cf4b8f7c81,2026-06-05T15:30:00Z,2026-06-05T17:30:00+0200,2119.48,MW,FR,FR,actual_onshore_wind_generation,Wind Onshore,2026-06-30T22:03:10Z
2026-06-30T22:02:16Z,2026-07-01T00:02:16+0200,0f2c1f14-db75-409f-ba89-d4cf4b8f7c81,2026-06-05T15:45:00Z,2026-06-05T17:45:00+0200,2020.63,MW,FR,FR,actual_onshore_wind_generation,Wind Onshore,2026-06-30T22:03:10Z
2026-06-30T22:02:16Z,2026-07-01T00:02:16+0200,0f2c1f14-db75-409f-ba89-d4cf4b8f7c81,2026-06-05T16:00:00Z,2026-06-05T18:00:00+0200,1930.91,MW,FR,FR,actual_onshore_wind_generation,Wind Onshore,2026-06-30T22:03:10Z
2026-06-30T22:02:16Z,2026-07-01T00:02:16+0200,0f2c1f14-db75-409f-ba89-d4cf4b8f7c81,2026-06-05T16:15:00Z,2026-06-05T18:15:00+0200,1792.55,MW,FR,FR,actual_onshore_wind_generation,Wind Onshore,2026-06-30T22:03:10Z
2026-06-30T22:02:16Z,2026-07-01T00:02:16+0200,0f2c1f14-db75-409f-ba89-d4cf4b8f7c81,2026-06-05T16:30:00Z,2026-06-05T18:30:00+0200,1666.16,MW,FR,FR,actual_onshore_wind_generation,Wind Onshore,2026-06-30T22:03:10Z
2026-06-30T22:02:16Z,2026-07-01T00:02:16+0200,0f2c1f14-db75-409f-ba89-d4cf4b8f7c81,2026-06-05T16:45:00Z,2026-06-05T18:45:00+0200,1504.06,MW,FR,FR,actual_onshore_wind_generation,Wind Onshore,2026-06-30T22:03:10Z
2026-06-30T22:02:16Z,2026-07-01T00:02:16+0200,0f2c1f14-db75-409f-ba89-d4cf4b8f7c81,2026-06-05T17:00:00Z,2026-06-05T19:00:00+0200,1426.43,MW,FR,FR,actual_onshore_wind_generation,Wind Onshore,2026-06-30T22:03:10Z
2026-06-30T22:02:16Z,2026-07-01T00:02:16+0200,0f2c1f14-db75-409f-ba89-d4cf4b8f7c81,2026-06-05T17:15:00Z,2026-06-05T19:15:00+0200,1326.76,MW,FR,FR,actual_onshore_wind_generation,Wind Onshore,2026-06-30T22:03:10Z
2026-06-30T22:02:16Z,2026-07-01T00:02:16+0200,0f2c1f14-db75-409f-ba89-d4cf4b8f7c81,2026-06-05T17:30:00Z,2026-06-05T19:30:00+0200,1167.37,MW,FR,FR,actual_onshore_wind_generation,Wind Onshore,2026-06-30T22:03:10Z
2026-06-30T22:02:16Z,2026-07-01T00:02:16+0200,0f2c1f14-db75-409f-ba89-d4cf4b8f7c81,2026-06-05T17:45:00Z,2026-06-05T19:45:00+0200,1050.91,MW,FR,FR,actual_onshore_wind_generation,Wind Onshore,2026-06-30T22:03:10Z
2026-06-30T22:02:16Z,2026-07-01T00:02:16+0200,0f2c1f14-db75-409f-ba89-d4cf4b8f7c81,2026-06-05T18:00:00Z,2026-06-05T20:00:00+0200,974.75,MW,FR,FR,actual_onshore_wind_generation,Wind Onshore,2026-06-30T22:03:10Z
2026-06-30T22:02:16Z,2026-07-01T00:02:16+0200,0f2c1f14-db75-409f-ba89-d4cf4b8f7c81,2026-06-05T18:15:00Z,2026-06-05T20:15:00+0200,948.06,MW,FR,FR,actual_onshore_wind_generation,Wind Onshore,2026-06-30T22:03:10Z
2026-06-30T22:02:16Z,2026-07-01T00:02:16+0200,0f2c1f14-db75-409f-ba89-d4cf4b8f7c81,2026-06-05T18:30:00Z,2026-06-05T20:30:00+0200,889.23,MW,FR,FR,actual_onshore_wind_generation,Wind Onshore,2026-06-30T22:03:10Z
2026-06-30T22:02:16Z,2026-07-01T00:02:16+0200,0f2c1f14-db75-409f-ba89-d4cf4b8f7c81,2026-06-05T18:45:00Z,2026-06-05T20:45:00+0200,870.12,MW,FR,FR,actual_onshore_wind_generation,Wind Onshore,2026-06-30T22:03:10Z
2026-06-30T22:02:16Z,2026-07-01T00:02:16+0200,0f2c1f14-db75-409f-ba89-d4cf4b8f7c81,2026-06-05T19:00:00Z,2026-06-05T21:00:00+0200,859.0,MW,FR,FR,actual_onshore_wind_generation,Wind Onshore,2026-06-30T22:03:10Z
2026-06-30T22:02:16Z,2026-07-01T00:02:16+0200,0f2c1f14-db75-409f-ba89-d4cf4b8f7c81,2026-06-05T19:15:00Z,2026-06-05T21:15:00+0200,873.93,MW,FR,FR,actual_onshore_wind_generation,Wind Onshore,2026-06-30T22:03:10Z
2026-06-30T22:02:16Z,2026-07-01T00:02:16+0200,0f2c1f14-db75-409f-ba89-d4cf4b8f7c81,2026-06-05T19:30:00Z,2026-06-05T21:30:00+0200,875.52,MW,FR,FR,actual_onshore_wind_generation,Wind Onshore,2026-06-30T22:03:10Z
2026-06-30T22:02:16Z,2026-07-01T00:02:16+0200,0f2c1f14-db75-409f-ba89-d4cf4b8f7c81,2026-06-05T19:45:00Z,2026-06-05T21:45:00+0200,903.48,MW,FR,FR,actual_onshore_wind_generation,Wind Onshore,2026-06-30T22:03:10Z
2026-06-30T22:02:16Z,2026-07-01T00:02:16+0200,0f2c1f14-db75-409f-ba89-d4cf4b8f7c81,2026-06-05T20:00:00Z,2026-06-05T22:00:00+0200,943.73,MW,FR,FR,actual_onshore_wind_generation,Wind Onshore,2026-06-30T22:03:10Z
2026-06-30T22:02:16Z,2026-07-01T00:02:16+0200,0f2c1f14-db75-409f-ba89-d4cf4b8f7c81,2026-06-05T20:15:00Z,2026-06-05T22:15:00+0200,1020.22,MW,FR,FR,actual_onshore_wind_generation,Wind Onshore,2026-06-30T22:03:10Z
2026-06-30T22:02:16Z,2026-07-01T00:02:16+0200,0f2c1f14-db75-409f-ba89-d4cf4b8f7c81,2026-06-05T20:30:00Z,2026-06-05T22:30:00+0200,1110.33,MW,FR,FR,actual_onshore_wind_generation,Wind Onshore,2026-06-30T22:03:10Z
2026-06-30T22:02:16Z,2026-07-01T00:02:16+0200,0f2c1f14-db75-409f-ba89-d4cf4b8f7c81,2026-06-05T20:45:00Z,2026-06-05T22:45:00+0200,1206.78,MW,FR,FR,actual_onshore_wind_generation,Wind Onshore,2026-06-30T22:03:10Z
2026-06-30T22:02:16Z,2026-07-01T00:02:16+0200,0f2c1f14-db75-409f-ba89-d4cf4b8f7c81,2026-06-05T21:00:00Z,2026-06-05T23:00:00+0200,1326.15,MW,FR,FR,actual_onshore_wind_generation,Wind Onshore,2026-06-30T22:03:10Z
2026-06-30T22:02:16Z,2026-07-01T00:02:16+0200,0f2c1f14-db75-409f-ba89-d4cf4b8f7c81,2026-06-05T21:15:00Z,2026-06-05T23:15:00+0200,1465.96,MW,FR,FR,actual_onshore_wind_generation,Wind Onshore,2026-06-30T22:03:10Z
2026-06-30T22:02:16Z,2026-07-01T00:02:16+0200,0f2c1f14-db75-409f-ba89-d4cf4b8f7c81,2026-06-05T21:30:00Z,2026-06-05T23:30:00+0200,1679.58,MW,FR,FR,actual_onshore_wind_generation,Wind Onshore,2026-06-30T22:03:10Z
2026-06-30T22:02:16Z,2026-07-01T00:02:16+0200,0f2c1f14-db75-409f-ba89-d4cf4b8f7c81,2026-06-05T21:45:00Z,2026-06-05T23:45:00+0200,1906.03,MW,FR,FR,actual_onshore_wind_generation,Wind Onshore,2026-06-30T22:03:10Z
2026-06-30T22:02:16Z,2026-07-01T00:02:16+0200,0f2c1f14-db75-409f-ba89-d4cf4b8f7c81,2026-06-05T22:00:00Z,2026-06-06T00:00:00+0200,2098.53,MW,FR,FR,actual_onshore_wind_generation,Wind Onshore,2026-06-30T22:03:10Z
2026-06-30T22:02:16Z,2026-07-01T00:02:16+0200,0f2c1f14-db75-409f-ba89-d4cf4b8f7c81,2026-06-05T22:15:00Z,2026-06-06T00:15:00+0200,2347.32,MW,FR,FR,actual_onshore_wind_generation,Wind Onshore,2026-06-30T22:03:10Z
2026-06-30T22:02:16Z,2026-07-01T00:02:16+0200,0f2c1f14-db75-409f-ba89-d4cf4b8f7c81,2026-06-05T22:30:00Z,2026-06-06T00:30:00+0200,2589.67,MW,FR,FR,actual_onshore_wind_generation,Wind Onshore,2026-06-30T22:03:10Z
2026-06-30T22:02:16Z,2026-07-01T00:02:16+0200,0f2c1f14-db75-409f-ba89-d4cf4b8f7c81,2026-06-05T22:45:00Z,2026-06-06T00:45:00+0200,2858.41,MW,FR,FR,actual_onshore_wind_generation,Wind Onshore,2026-06-30T22:03:10Z
2026-06-30T22:02:16Z,2026-07-01T00:02:16+0200,0f2c1f14-db75-409f-ba89-d4cf4b8f7c81,2026-06-05T23:00:00Z,2026-06-06T01:00:00+0200,3018.26,MW,FR,FR,actual_onshore_wind_generation,Wind Onshore,2026-06-30T22:03:10Z
2026-06-30T22:02:16Z,2026-07-01T00:02:16+0200,0f2c1f14-db75-409f-ba89-d4cf4b8f7c81,2026-06-05T23:15:00Z,2026-06-06T01:15:00+0200,3180.99,MW,FR,FR,actual_onshore_wind_generation,Wind Onshore,2026-06-30T22:03:10Z
2026-06-30T22:02:16Z,2026-07-01T00:02:16+0200,0f2c1f14-db75-409f-ba89-d4cf4b8f7c81,2026-06-05T23:30:00Z,2026-06-06T01:30:00+0200,3328.21,MW,FR,FR,actual_onshore_wind_generation,Wind Onshore,2026-06-30T22:03:10Z
2026-06-30T22:02:16Z,2026-07-01T00:02:16+0200,0f2c1f14-db75-409f-ba89-d4cf4b8f7c81,2026-06-05T23:45:00Z,2026-06-06T01:45:00+0200,3513.39,MW,FR,FR,actual_onshore_wind_generation,Wind Onshore,2026-06-30T22:03:10Z
2026-06-30T22:02:16Z,2026-07-01T00:02:16+0200,0f2c1f14-db75-409f-ba89-d4cf4b8f7c81,2026-06-06T00:00:00Z,2026-06-06T02:00:00+0200,3806.42,MW,FR,FR,actual_onshore_wind_generation,Wind Onshore,2026-06-30T22:03:10Z
2026-06-30T22:02:16Z,2026-07-01T00:02:16+0200,0f2c1f14-db75-409f-ba89-d4cf4b8f7c81,2026-06-06T00:15:00Z,2026-06-06T02:15:00+0200,3975.76,MW,FR,FR,actual_onshore_wind_generation,Wind Onshore,2026-06-30T22:03:10Z
2026-06-30T22:02:16Z,2026-07-01T00:02:16+0200,0f2c1f14-db75-409f-ba89-d4cf4b8f7c81,2026-06-06T00:30:00Z,2026-06-06T02:30:00+0200,4158.29,MW,FR,FR,actual_onshore_wind_generation,Wind Onshore,2026-06-30T22:03:10Z
2026-06-30T22:02:16Z,2026-07-01T00:02:16+0200,0f2c1f14-db75-409f-ba89-d4cf4b8f7c81,2026-06-06T00:45:00Z,2026-06-06T02:45:00+0200,4256.36,MW,FR,FR,actual_onshore_wind_generation,Wind Onshore,2026-06-30T22:03:10Z
2026-06-30T22:02:16Z,2026-07-01T00:02:16+0200,0f2c1f14-db75-409f-ba89-d4cf4b8f7c81,2026-06-06T01:00:00Z,2026-06-06T03:00:00+0200,4514.38,MW,FR,FR,actual_onshore_wind_generation,Wind Onshore,2026-06-30T22:03:10Z
2026-06-30T22:02:16Z,2026-07-01T00:02:16+0200,0f2c1f14-db75-409f-ba89-d4cf4b8f7c81,2026-06-06T01:15:00Z,2026-06-06T03:15:00+0200,4764.52,MW,FR,FR,actual_onshore_wind_generation,Wind Onshore,2026-06-30T22:03:10Z
2026-06-30T22:02:16Z,2026-07-01T00:02:16+0200,0f2c1f14-db75-409f-ba89-d4cf4b8f7c81,2026-06-06T01:30:00Z,2026-06-06T03:30:00+0200,4994.99,MW,FR,FR,actual_onshore_wind_generation,Wind Onshore,2026-06-30T22:03:10Z
2026-06-30T22:02:16Z,2026-07-01T00:02:16+0200,0f2c1f14-db75-409f-ba89-d4cf4b8f7c81,2026-06-06T01:45:00Z,2026-06-06T03:45:00+0200,4764.8,MW,FR,FR,actual_onshore_wind_generation,Wind Onshore,2026-06-30T22:03:10Z
2026-06-30T22:02:16Z,2026-07-01T00:02:16+0200,0f2c1f14-db75-409f-ba89-d4cf4b8f7c81,2026-06-06T02:00:00Z,2026-06-06T04:00:00+0200,3784.49,MW,FR,FR,actual_onshore_wind_generation,Wind Onshore,2026-06-30T22:03:10Z
2026-06-30T22:02:16Z,2026-07-01T00:02:16+0200,0f2c1f14-db75-409f-ba89-d4cf4b8f7c81,2026-06-06T02:15:00Z,2026-06-06T04:15:00+0200,4777.04,MW,FR,FR,actual_onshore_wind_generation,Wind Onshore,2026-06-30T22:03:10Z
2026-06-30T22:02:16Z,2026-07-01T00:02:16+0200,0f2c1f14-db75-409f-ba89-d4cf4b8f7c81,2026-06-06T02:30:00Z,2026-06-06T04:30:00+0200,5687.48,MW,FR,FR,actual_onshore_wind_generation,Wind Onshore,2026-06-30T22:03:10Z
2026-06-30T22:02:16Z,2026-07-01T00:02:16+0200,0f2c1f14-db75-409f-ba89-d4cf4b8f7c81,2026-06-06T02:45:00Z,2026-06-06T04:45:00+0200,5838.32,MW,FR,FR,actual_onshore_wind_generation,Wind Onshore,2026-06-30T22:03:10Z
2026-06-30T22:02:16Z,2026-07-01T00:02:16+0200,0f2c1f14-db75-409f-ba89-d4cf4b8f7c81,2026-06-06T03:00:00Z,2026-06-06T05:00:00+0200,5984.02,MW,FR,FR,actual_onshore_wind_generation,Wind Onshore,2026-06-30T22:03:10Z
2026-06-30T22:02:16Z,2026-07-01T00:02:16+0200,0f2c1f14-db75-409f-ba89-d4cf4b8f7c81,2026-06-06T03:15:00Z,2026-06-06T05:15:00+0200,6115.37,MW,FR,FR,actual_onshore_wind_generation,Wind Onshore,2026-06-30T22:03:10Z
2026-06-30T22:02:16Z,2026-07-01T00:02:16+0200,0f2c1f14-db75-409f-ba89-d4cf4b8f7c81,2026-06-06T03:30:00Z,2026-06-06T05:30:00+0200,6290.15,MW,FR,FR,actual_onshore_wind_generation,Wind Onshore,2026-06-30T22:03:10Z
2026-06-30T22:02:16Z,2026-07-01T00:02:16+0200,0f2c1f14-db75-409f-ba89-d4cf4b8f7c81,2026-06-06T03:45:00Z,2026-06-06T05:45:00+0200,6507.55,MW,FR,FR,actual_onshore_wind_generation,Wind Onshore,2026-06-30T22:03:10Z
2026-06-30T22:02:16Z,2026-07-01T00:02:16+0200,0f2c1f14-db75-409f-ba89-d4cf4b8f7c81,2026-06-06T04:00:00Z,2026-06-06T06:00:00+0200,6706.62,MW,FR,FR,actual_onshore_wind_generation,Wind Onshore,2026-06-30T22:03:10Z
2026-06-30T22:02:16Z,2026-07-01T00:02:16+0200,0f2c1f14-db75-409f-ba89-d4cf4b8f7c81,2026-06-06T04:15:00Z,2026-06-06T06:15:00+0200,6735.63,MW,FR,FR,actual_onshore_wind_generation,Wind Onshore,2026-06-30T22:03:10Z
2026-06-30T22:02:16Z,2026-07-01T00:02:16+0200,0f2c1f14-db75-409f-ba89-d4cf4b8f7c81,2026-06-06T04:30:00Z,2026-06-06T06:30:00+0200,6814.47,MW,FR,FR,actual_onshore_wind_generation,Wind Onshore,2026-06-30T22:03:10Z
2026-06-30T22:02:16Z,2026-07-01T00:02:16+0200,0f2c1f14-db75-409f-ba89-d4cf4b8f7c81,2026-06-06T04:45:00Z,2026-06-06T06:45:00+0200,6849.27,MW,FR,FR,actual_onshore_wind_generation,Wind Onshore,2026-06-30T22:03:10Z
2026-06-30T22:02:16Z,2026-07-01T00:02:16+0200,0f2c1f14-db75-409f-ba89-d4cf4b8f7c81,2026-06-06T05:00:00Z,2026-06-06T07:00:00+0200,6929.78,MW,FR,FR,actual_onshore_wind_generation,Wind Onshore,2026-06-30T22:03:10Z
2026-06-30T22:02:16Z,2026-07-01T00:02:16+0200,0f2c1f14-db75-409f-ba89-d4cf4b8f7c81,2026-06-06T05:15:00Z,2026-06-06T07:15:00+0200,7053.67,MW,FR,FR,actual_onshore_wind_generation,Wind Onshore,2026-06-30T22:03:10Z
2026-06-30T22:02:16Z,2026-07-01T00:02:16+0200,0f2c1f14-db75-409f-ba89-d4cf4b8f7c81,2026-06-06T05:30:00Z,2026-06-06T07:30:00+0200,7026.23,MW,FR,FR,actual_onshore_wind_generation,Wind Onshore,2026-06-30T22:03:10Z
2026-06-30T22:02:16Z,2026-07-01T00:02:16+0200,0f2c1f14-db75-409f-ba89-d4cf4b8f7c81,2026-06-06T05:45:00Z,2026-06-06T07:45:00+0200,6968.6,MW,FR,FR,actual_onshore_wind_generation,Wind Onshore,2026-06-30T22:03:10Z
2026-06-30T22:02:16Z,2026-07-01T00:02:16+0200,0f2c1f14-db75-409f-ba89-d4cf4b8f7c81,2026-06-06T06:00:00Z,2026-06-06T08:00:00+0200,6768.82,MW,FR,FR,actual_onshore_wind_generation,Wind Onshore,2026-06-30T22:03:10Z
2026-06-30T22:02:16Z,2026-07-01T00:02:16+0200,0f2c1f14-db75-409f-ba89-d4cf4b8f7c81,2026-06-06T06:15:00Z,2026-06-06T08:15:00+0200,6593.17,MW,FR,FR,actual_onshore_wind_generation,Wind Onshore,2026-06-30T22:03:10Z
2026-06-30T22:02:16Z,2026-07-01T00:02:16+0200,0f2c1f14-db75-409f-ba89-d4cf4b8f7c81,2026-06-06T06:30:00Z,2026-06-06T08:30:00+0200,6454.36,MW,FR,FR,actual_onshore_wind_generation,Wind Onshore,2026-06-30T22:03:10Z
2026-06-30T22:02:16Z,2026-07-01T00:02:16+0200,0f2c1f14-db75-409f-ba89-d4cf4b8f7c81,2026-06-06T06:45:00Z,2026-06-06T08:45:00+0200,6350.3,MW,FR,FR,actual_onshore_wind_generation,Wind Onshore,2026-06-30T22:03:10Z
2026-06-30T22:02:16Z,2026-07-01T00:02:16+0200,0f2c1f14-db75-409f-ba89-d4cf4b8f7c81,2026-06-06T07:00:00Z,2026-06-06T09:00:00+0200,6326.41,MW,FR,FR,actual_onshore_wind_generation,Wind Onshore,2026-06-30T22:03:10Z
2026-06-30T22:02:16Z,2026-07-01T00:02:16+0200,0f2c1f14-db75-409f-ba89-d4cf4b8f7c81,2026-06-06T07:15:00Z,2026-06-06T09:15:00+0200,6348.05,MW,FR,FR,actual_onshore_wind_generation,Wind Onshore,2026-06-30T22:03:10Z
2026-06-30T22:02:16Z,2026-07-01T00:02:16+0200,0f2c1f14-db75-409f-ba89-d4cf4b8f7c81,2026-06-06T07:30:00Z,2026-06-06T09:30:00+0200,6365.93,MW,FR,FR,actual_onshore_wind_generation,Wind Onshore,2026-06-30T22:03:10Z
2026-06-30T22:02:16Z,2026-07-01T00:02:16+0200,0f2c1f14-db75-409f-ba89-d4cf4b8f7c81,2026-06-06T07:45:00Z,2026-06-06T09:45:00+0200,5962.53,MW,FR,FR,actual_onshore_wind_generation,Wind Onshore,2026-06-30T22:03:10Z
2026-06-30T22:02:16Z,2026-07-01T00:02:16+0200,0f2c1f14-db75-409f-ba89-d4cf4b8f7c81,2026-06-06T08:00:00Z,2026-06-06T10:00:00+0200,5072.22,MW,FR,FR,actual_onshore_wind_generation,Wind Onshore,2026-06-30T22:03:10Z
2026-06-30T22:02:16Z,2026-07-01T00:02:16+0200,0f2c1f14-db75-409f-ba89-d4cf4b8f7c81,2026-06-06T08:15:00Z,2026-06-06T10:15:00+0200,5038.46,MW,FR,FR,actual_onshore_wind_generation,Wind Onshore,2026-06-30T22:03:10Z
2026-06-30T22:02:16Z,2026-07-01T00:02:16+0200,0f2c1f14-db75-409f-ba89-d4cf4b8f7c81,2026-06-06T08:30:00Z,2026-06-06T10:30:00+0200,5254.75,MW,FR,FR,actual_onshore_wind_generation,Wind Onshore,2026-06-30T22:03:10Z
2026-06-30T22:02:16Z,2026-07-01T00:02:16+0200,0f2c1f14-db75-409f-ba89-d4cf4b8f7c81,2026-06-06T08:45:00Z,2026-06-06T10:45:00+0200,5327.6,MW,FR,FR,actual_onshore_wind_generation,Wind Onshore,2026-06-30T22:03:10Z
2026-06-30T22:02:16Z,2026-07-01T00:02:16+0200,0f2c1f14-db75-409f-ba89-d4cf4b8f7c81,2026-06-06T09:00:00Z,2026-06-06T11:00:00+0200,4514.29,MW,FR,FR,actual_onshore_wind_generation,Wind Onshore,2026-06-30T22:03:10Z
2026-06-30T22:02:16Z,2026-07-01T00:02:16+0200,0f2c1f14-db75-409f-ba89-d4cf4b8f7c81,2026-06-06T09:15:00Z,2026-06-06T11:15:00+0200,4578.12,MW,FR,FR,actual_onshore_wind_generation,Wind Onshore,2026-06-30T22:03:10Z
2026-06-30T22:02:16Z,2026-07-01T00:02:16+0200,0f2c1f14-db75-409f-ba89-d4cf4b8f7c81,2026-06-06T09:30:00Z,2026-06-06T11:30:00+0200,4794.23,MW,FR,FR,actual_onshore_wind_generation,Wind Onshore,2026-06-30T22:03:10Z
2026-06-30T22:02:16Z,2026-07-01T00:02:16+0200,0f2c1f14-db75-409f-ba89-d4cf4b8f7c81,2026-06-06T09:45:00Z,2026-06-06T11:45:00+0200,5363.52,MW,FR,FR,actual_onshore_wind_generation,Wind Onshore,2026-06-30T22:03:10Z
2026-06-30T22:02:16Z,2026-07-01T00:02:16+0200,0f2c1f14-db75-409f-ba89-d4cf4b8f7c81,2026-06-06T10:00:00Z,2026-06-06T12:00:00+0200,5895.94,MW,FR,FR,actual_onshore_wind_generation,Wind Onshore,2026-06-30T22:03:10Z
2026-06-30T22:02:16Z,2026-07-01T00:02:16+0200,0f2c1f14-db75-409f-ba89-d4cf4b8f7c81,2026-06-06T10:15:00Z,2026-06-06T12:15:00+0200,6189.64,MW,FR,FR,actual_onshore_wind_generation,Wind Onshore,2026-06-30T22:03:10Z
2026-06-30T22:02:16Z,2026-07-01T00:02:16+0200,0f2c1f14-db75-409f-ba89-d4cf4b8f7c81,2026-06-06T10:30:00Z,2026-06-06T12:30:00+0200,6470.44,MW,FR,FR,actual_onshore_wind_generation,Wind Onshore,2026-06-30T22:03:10Z
2026-06-30T22:02:16Z,2026-07-01T00:02:16+0200,0f2c1f14-db75-409f-ba89-d4cf4b8f7c81,2026-06-06T10:45:00Z,2026-06-06T12:45:00+0200,6454.46,MW,FR,FR,actual_onshore_wind_generation,Wind Onshore,2026-06-30T22:03:10Z
2026-06-30T22:02:16Z,2026-07-01T00:02:16+0200,0f2c1f14-db75-409f-ba89-d4cf4b8f7c81,2026-06-06T11:00:00Z,2026-06-06T13:00:00+0200,6647.22,MW,FR,FR,actual_onshore_wind_generation,Wind Onshore,2026-06-30T22:03:10Z
2026-06-30T22:02:16Z,2026-07-01T00:02:16+0200,0f2c1f14-db75-409f-ba89-d4cf4b8f7c81,2026-06-06T11:15:00Z,2026-06-06T13:15:00+0200,6683.01,MW,FR,FR,actual_onshore_wind_generation,Wind Onshore,2026-06-30T22:03:10Z
2026-06-30T22:02:16Z,2026-07-01T00:02:16+0200,0f2c1f14-db75-409f-ba89-d4cf4b8f7c81,2026-06-06T11:30:00Z,2026-06-06T13:30:00+0200,6537.99,MW,FR,FR,actual_onshore_wind_generation,Wind Onshore,2026-06-30T22:03:10Z
2026-06-30T22:02:16Z,2026-07-01T00:02:16+0200,0f2c1f14-db75-409f-ba89-d4cf4b8f7c81,2026-06-06T11:45:00Z,2026-06-06T13:45:00+0200,6675.49,MW,FR,FR,actual_onshore_wind_generation,Wind Onshore,2026-06-30T22:03:10Z
2026-06-30T22:02:16Z,2026-07-01T00:02:16+0200,0f2c1f14-db75-409f-ba89-d4cf4b8f7c81,2026-06-06T12:00:00Z,2026-06-06T14:00:00+0200,6452.3,MW,FR,FR,actual_onshore_wind_generation,Wind Onshore,2026-06-30T22:03:10Z
2026-06-30T22:02:16Z,2026-07-01T00:02:16+0200,0f2c1f14-db75-409f-ba89-d4cf4b8f7c81,2026-06-06T12:15:00Z,2026-06-06T14:15:00+0200,6341.23,MW,FR,FR,actual_onshore_wind_generation,Wind Onshore,2026-06-30T22:03:10Z
2026-06-30T22:02:16Z,2026-07-01T00:02:16+0200,0f2c1f14-db75-409f-ba89-d4cf4b8f7c81,2026-06-06T12:30:00Z,2026-06-06T14:30:00+0200,6118.82,MW,FR,FR,actual_onshore_wind_generation,Wind Onshore,2026-06-30T22:03:10Z
2026-06-30T22:02:16Z,2026-07-01T00:02:16+0200,0f2c1f14-db75-409f-ba89-d4cf4b8f7c81,2026-06-06T12:45:00Z,2026-06-06T14:45:00+0200,5569.24,MW,FR,FR,actual_onshore_wind_generation,Wind Onshore,2026-06-30T22:03:10Z
2026-06-30T22:02:16Z,2026-07-01T00:02:16+0200,0f2c1f14-db75-409f-ba89-d4cf4b8f7c81,2026-06-06T13:00:00Z,2026-06-06T15:00:00+0200,5238.18,MW,FR,FR,actual_onshore_wind_generation,Wind Onshore,2026-06-30T22:03:10Z
2026-06-30T22:02:16Z,2026-07-01T00:02:16+0200,0f2c1f14-db75-409f-ba89-d4cf4b8f7c81,2026-06-06T13:15:00Z,2026-06-06T15:15:00+0200,5145.78,MW,FR,FR,actual_onshore_wind_generation,Wind Onshore,2026-06-30T22:03:10Z
2026-06-30T22:02:16Z,2026-07-01T00:02:16+0200,0f2c1f14-db75-409f-ba89-d4cf4b8f7c81,2026-06-06T13:30:00Z,2026-06-06T15:30:00+0200,5147.17,MW,FR,FR,actual_onshore_wind_generation,Wind Onshore,2026-06-30T22:03:10Z
2026-06-30T22:02:16Z,2026-07-01T00:02:16+0200,0f2c1f14-db75-409f-ba89-d4cf4b8f7c81,2026-06-06T13:45:00Z,2026-06-06T15:45:00+0200,5178.87,MW,FR,FR,actual_onshore_wind_generation,Wind Onshore,2026-06-30T22:03:10Z
2026-06-30T22:02:16Z,2026-07-01T00:02:16+0200,0f2c1f14-db75-409f-ba89-d4cf4b8f7c81,2026-06-06T14:00:00Z,2026-06-06T16:00:00+0200,5446.04,MW,FR,FR,actual_onshore_wind_generation,Wind Onshore,2026-06-30T22:03:10Z
2026-06-30T22:02:16Z,2026-07-01T00:02:16+0200,0f2c1f14-db75-409f-ba89-d4cf4b8f7c81,2026-06-06T14:15:00Z,2026-06-06T16:15:00+0200,5568.27,MW,FR,FR,actual_onshore_wind_generation,Wind Onshore,2026-06-30T22:03:10Z
2026-06-30T22:02:16Z,2026-07-01T00:02:16+0200,0f2c1f14-db75-409f-ba89-d4cf4b8f7c81,2026-06-06T14:30:00Z,2026-06-06T16:30:00+0200,5610.68,MW,FR,FR,actual_onshore_wind_generation,Wind Onshore,2026-06-30T22:03:10Z
2026-06-30T22:02:16Z,2026-07-01T00:02:16+0200,0f2c1f14-db75-409f-ba89-d4cf4b8f7c81,2026-06-06T14:45:00Z,2026-06-06T16:45:00+0200,5960.42,MW,FR,FR,actual_onshore_wind_generation,Wind Onshore,2026-06-30T22:03:10Z
2026-06-30T22:02:16Z,2026-07-01T00:02:16+0200,0f2c1f14-db75-409f-ba89-d4cf4b8f7c81,2026-06-06T15:00:00Z,2026-06-06T17:00:00+0200,6692.11,MW,FR,FR,actual_onshore_wind_generation,Wind Onshore,2026-06-30T22:03:10Z
2026-06-30T22:02:16Z,2026-07-01T00:02:16+0200,0f2c1f14-db75-409f-ba89-d4cf4b8f7c81,2026-06-06T15:15:00Z,2026-06-06T17:15:00+0200,6719.2,MW,FR,FR,actual_onshore_wind_generation,Wind Onshore,2026-06-30T22:03:10Z
2026-06-30T22:02:16Z,2026-07-01T00:02:16+0200,0f2c1f14-db75-409f-ba89-d4cf4b8f7c81,2026-06-06T15:30:00Z,2026-06-06T17:30:00+0200,6478.42,MW,FR,FR,actual_onshore_wind_generation,Wind Onshore,2026-06-30T22:03:10Z
2026-06-30T22:02:16Z,2026-07-01T00:02:16+0200,0f2c1f14-db75-409f-ba89-d4cf4b8f7c81,2026-06-06T15:45:00Z,2026-06-06T17:45:00+0200,6466.33,MW,FR,FR,actual_onshore_wind_generation,Wind Onshore,2026-06-30T22:03:10Z
2026-06-30T22:02:16Z,2026-07-01T00:02:16+0200,0f2c1f14-db75-409f-ba89-d4cf4b8f7c81,2026-06-06T16:00:00Z,2026-06-06T18:00:00+0200,6946.82,MW,FR,FR,actual_onshore_wind_generation,Wind Onshore,2026-06-30T22:03:10Z
2026-06-30T22:02:16Z,2026-07-01T00:02:16+0200,0f2c1f14-db75-409f-ba89-d4cf4b8f7c81,2026-06-06T16:15:00Z,2026-06-06T18:15:00+0200,9424.23,MW,FR,FR,actual_onshore_wind_generation,Wind Onshore,2026-06-30T22:03:10Z
2026-06-30T22:02:16Z,2026-07-01T00:02:16+0200,0f2c1f14-db75-409f-ba89-d4cf4b8f7c81,2026-06-06T16:30:00Z,2026-06-06T18:30:00+0200,10374.56,MW,FR,FR,actual_onshore_wind_generation,Wind Onshore,2026-06-30T22:03:10Z
2026-06-30T22:02:16Z,2026-07-01T00:02:16+0200,0f2c1f14-db75-409f-ba89-d4cf4b8f7c81,2026-06-06T16:45:00Z,2026-06-06T18:45:00+0200,10305.11,MW,FR,FR,actual_onshore_wind_generation,Wind Onshore,2026-06-30T22:03:10Z
2026-06-30T22:02:16Z,2026-07-01T00:02:16+0200,0f2c1f14-db75-409f-ba89-d4cf4b8f7c81,2026-06-06T17:00:00Z,2026-06-06T19:00:00+0200,10508.38,MW,FR,FR,actual_onshore_wind_generation,Wind Onshore,2026-06-30T22:03:10Z
2026-06-30T22:02:16Z,2026-07-01T00:02:16+0200,0f2c1f14-db75-409f-ba89-d4cf4b8f7c81,2026-06-06T17:15:00Z,2026-06-06T19:15:00+0200,11074.34,MW,FR,FR,actual_onshore_wind_generation,Wind Onshore,2026-06-30T22:03:10Z
2026-06-30T22:02:16Z,2026-07-01T00:02:16+0200,0f2c1f14-db75-409f-ba89-d4cf4b8f7c81,2026-06-06T17:30:00Z,2026-06-06T19:30:00+0200,11130.59,MW,FR,FR,actual_onshore_wind_generation,Wind Onshore,2026-06-30T22:03:10Z
2026-06-30T22:02:16Z,2026-07-01T00:02:16+0200,0f2c1f14-db75-409f-ba89-d4cf4b8f7c81,2026-06-06T17:45:00Z,2026-06-06T19:45:00+0200,10817.2,MW,FR,FR,actual_onshore_wind_generation,Wind Onshore,2026-06-30T22:03:10Z
2026-06-30T22:02:16Z,2026-07-01T00:02:16+0200,0f2c1f14-db75-409f-ba89-d4cf4b8f7c81,2026-06-06T18:00:00Z,2026-06-06T20:00:00+0200,10348.2,MW,FR,FR,actual_onshore_wind_generation,Wind Onshore,2026-06-30T22:03:10Z
2026-06-30T22:02:16Z,2026-07-01T00:02:16+0200,0f2c1f14-db75-409f-ba89-d4cf4b8f7c81,2026-06-06T18:15:00Z,2026-06-06T20:15:00+0200,10017.5,MW,FR,FR,actual_onshore_wind_generation,Wind Onshore,2026-06-30T22:03:10Z
2026-06-30T22:02:16Z,2026-07-01T00:02:16+0200,0f2c1f14-db75-409f-ba89-d4cf4b8f7c81,2026-06-06T18:30:00Z,2026-06-06T20:30:00+0200,9784.93,MW,FR,FR,actual_onshore_wind_generation,Wind Onshore,2026-06-30T22:03:10Z
2026-06-30T22:02:16Z,2026-07-01T00:02:16+0200,0f2c1f14-db75-409f-ba89-d4cf4b8f7c81,2026-06-06T18:45:00Z,2026-06-06T20:45:00+0200,9505.48,MW,FR,FR,actual_onshore_wind_generation,Wind Onshore,2026-06-30T22:03:10Z
2026-06-30T22:02:16Z,2026-07-01T00:02:16+0200,0f2c1f14-db75-409f-ba89-d4cf4b8f7c81,2026-06-06T19:00:00Z,2026-06-06T21:00:00+0200,9263.68,MW,FR,FR,actual_onshore_wind_generation,Wind Onshore,2026-06-30T22:03:10Z
2026-06-30T22:02:16Z,2026-07-01T00:02:16+0200,0f2c1f14-db75-409f-ba89-d4cf4b8f7c81,2026-06-06T19:15:00Z,2026-06-06T21:15:00+0200,9057.25,MW,FR,FR,actual_onshore_wind_generation,Wind Onshore,2026-06-30T22:03:10Z
2026-06-30T22:02:16Z,2026-07-01T00:02:16+0200,0f2c1f14-db75-409f-ba89-d4cf4b8f7c81,2026-06-06T19:30:00Z,2026-06-06T21:30:00+0200,8894.11,MW,FR,FR,actual_onshore_wind_generation,Wind Onshore,2026-06-30T22:03:10Z
2026-06-30T22:02:16Z,2026-07-01T00:02:16+0200,0f2c1f14-db75-409f-ba89-d4cf4b8f7c81,2026-06-06T19:45:00Z,2026-06-06T21:45:00+0200,8715.93,MW,FR,FR,actual_onshore_wind_generation,Wind Onshore,2026-06-30T22:03:10Z
2026-06-30T22:02:16Z,2026-07-01T00:02:16+0200,0f2c1f14-db75-409f-ba89-d4cf4b8f7c81,2026-06-06T20:00:00Z,2026-06-06T22:00:00+0200,8486.14,MW,FR,FR,actual_onshore_wind_generation,Wind Onshore,2026-06-30T22:03:10Z
2026-06-30T22:02:16Z,2026-07-01T00:02:16+0200,0f2c1f14-db75-409f-ba89-d4cf4b8f7c81,2026-06-06T20:15:00Z,2026-06-06T22:15:00+0200,8403.93,MW,FR,FR,actual_onshore_wind_generation,Wind Onshore,2026-06-30T22:03:10Z
2026-06-30T22:02:16Z,2026-07-01T00:02:16+0200,0f2c1f14-db75-409f-ba89-d4cf4b8f7c81,2026-06-06T20:30:00Z,2026-06-06T22:30:00+0200,8295.75,MW,FR,FR,actual_onshore_wind_generation,Wind Onshore,2026-06-30T22:03:10Z
2026-06-30T22:02:16Z,2026-07-01T00:02:16+0200,0f2c1f14-db75-409f-ba89-d4cf4b8f7c81,2026-06-06T20:45:00Z,2026-06-06T22:45:00+0200,8215.03,MW,FR,FR,actual_onshore_wind_generation,Wind Onshore,2026-06-30T22:03:10Z
2026-06-30T22:02:16Z,2026-07-01T00:02:16+0200,0f2c1f14-db75-409f-ba89-d4cf4b8f7c81,2026-06-06T21:00:00Z,2026-06-06T23:00:00+0200,8158.66,MW,FR,FR,actual_onshore_wind_generation,Wind Onshore,2026-06-30T22:03:10Z
2026-06-30T22:02:16Z,2026-07-01T00:02:16+0200,0f2c1f14-db75-409f-ba89-d4cf4b8f7c81,2026-06-06T21:15:00Z,2026-06-06T23:15:00+0200,8126.81,MW,FR,FR,actual_onshore_wind_generation,Wind Onshore,2026-06-30T22:03:10Z
2026-06-30T22:02:16Z,2026-07-01T00:02:16+0200,0f2c1f14-db75-409f-ba89-d4cf4b8f7c81,2026-06-06T21:30:00Z,2026-06-06T23:30:00+0200,8209.25,MW,FR,FR,actual_onshore_wind_generation,Wind Onshore,2026-06-30T22:03:10Z
2026-06-30T22:02:16Z,2026-07-01T00:02:16+0200,0f2c1f14-db75-409f-ba89-d4cf4b8f7c81,2026-06-06T21:45:00Z,2026-06-06T23:45:00+0200,8288.93,MW,FR,FR,actual_onshore_wind_generation,Wind Onshore,2026-06-30T22:03:10Z
2026-06-30T22:02:16Z,2026-07-01T00:02:16+0200,0f2c1f14-db75-409f-ba89-d4cf4b8f7c81,2026-06-06T22:00:00Z,2026-06-07T00:00:00+0200,8359.56,MW,FR,FR,actual_onshore_wind_generation,Wind Onshore,2026-06-30T22:03:10Z
2026-06-30T22:02:16Z,2026-07-01T00:02:16+0200,0f2c1f14-db75-409f-ba89-d4cf4b8f7c81,2026-06-06T22:15:00Z,2026-06-07T00:15:00+0200,8381.14,MW,FR,FR,actual_onshore_wind_generation,Wind Onshore,2026-06-30T22:03:10Z
2026-06-30T22:02:16Z,2026-07-01T00:02:16+0200,0f2c1f14-db75-409f-ba89-d4cf4b8f7c81,2026-06-06T22:30:00Z,2026-06-07T00:30:00+0200,8310.23,MW,FR,FR,actual_onshore_wind_generation,Wind Onshore,2026-06-30T22:03:10Z
2026-06-30T22:02:16Z,2026-07-01T00:02:16+0200,0f2c1f14-db75-409f-ba89-d4cf4b8f7c81,2026-06-06T22:45:00Z,2026-06-07T00:45:00+0200,8076.06,MW,FR,FR,actual_onshore_wind_generation,Wind Onshore,2026-06-30T22:03:10Z
2026-06-30T22:02:16Z,2026-07-01T00:02:16+0200,0f2c1f14-db75-409f-ba89-d4cf4b8f7c81,2026-06-06T23:00:00Z,2026-06-07T01:00:00+0200,7834.38,MW,FR,FR,actual_onshore_wind_generation,Wind Onshore,2026-06-30T22:03:10Z
2026-06-30T22:02:16Z,2026-07-01T00:02:16+0200,0f2c1f14-db75-409f-ba89-d4cf4b8f7c81,2026-06-06T23:15:00Z,2026-06-07T01:15:00+0200,7643.77,MW,FR,FR,actual_onshore_wind_generation,Wind Onshore,2026-06-30T22:03:10Z
2026-06-30T22:02:16Z,2026-07-01T00:02:16+0200,0f2c1f14-db75-409f-ba89-d4cf4b8f7c81,2026-06-06T23:30:00Z,2026-06-07T01:30:00+0200,7523.85,MW,FR,FR,actual_onshore_wind_generation,Wind Onshore,2026-06-30T22:03:10Z
2026-06-30T22:02:16Z,2026-07-01T00:02:16+0200,0f2c1f14-db75-409f-ba89-d4cf4b8f7c81,2026-06-06T23:45:00Z,2026-06-07T01:45:00+0200,7372.55,MW,FR,FR,actual_onshore_wind_generation,Wind Onshore,2026-06-30T22:03:10Z
2026-06-30T22:02:16Z,2026-07-01T00:02:16+0200,0f2c1f14-db75-409f-ba89-d4cf4b8f7c81,2026-06-07T00:00:00Z,2026-06-07T02:00:00+0200,7211.3,MW,FR,FR,actual_onshore_wind_generation,Wind Onshore,2026-06-30T22:03:10Z
2026-06-30T22:02:16Z,2026-07-01T00:02:16+0200,0f2c1f14-db75-409f-ba89-d4cf4b8f7c81,2026-06-07T00:15:00Z,2026-06-07T02:15:00+0200,7243.18,MW,FR,FR,actual_onshore_wind_generation,Wind Onshore,2026-06-30T22:03:10Z
2026-06-30T22:02:16Z,2026-07-01T00:02:16+0200,0f2c1f14-db75-409f-ba89-d4cf4b8f7c81,2026-06-07T00:30:00Z,2026-06-07T02:30:00+0200,7109.21,MW,FR,FR,actual_onshore_wind_generation,Wind Onshore,2026-06-30T22:03:10Z
2026-06-30T22:02:16Z,2026-07-01T00:02:16+0200,0f2c1f14-db75-409f-ba89-d4cf4b8f7c81,2026-06-07T00:45:00Z,2026-06-07T02:45:00+0200,6997.75,MW,FR,FR,actual_onshore_wind_generation,Wind Onshore,2026-06-30T22:03:10Z
2026-06-30T22:02:16Z,2026-07-01T00:02:16+0200,0f2c1f14-db75-409f-ba89-d4cf4b8f7c81,2026-06-07T01:00:00Z,2026-06-07T03:00:00+0200,6809.39,MW,FR,FR,actual_onshore_wind_generation,Wind Onshore,2026-06-30T22:03:10Z
2026-06-30T22:02:16Z,2026-07-01T00:02:16+0200,0f2c1f14-db75-409f-ba89-d4cf4b8f7c81,2026-06-07T01:15:00Z,2026-06-07T03:15:00+0200,6682.91,MW,FR,FR,actual_onshore_wind_generation,Wind Onshore,2026-06-30T22:03:10Z
2026-06-30T22:02:16Z,2026-07-01T00:02:16+0200,0f2c1f14-db75-409f-ba89-d4cf4b8f7c81,2026-06-07T01:30:00Z,2026-06-07T03:30:00+0200,6498.81,MW,FR,FR,actual_onshore_wind_generation,Wind Onshore,2026-06-30T22:03:10Z
2026-06-30T22:02:16Z,2026-07-01T00:02:16+0200,0f2c1f14-db75-409f-ba89-d4cf4b8f7c81,2026-06-07T01:45:00Z,2026-06-07T03:45:00+0200,6344.17,MW,FR,FR,actual_onshore_wind_generation,Wind Onshore,2026-06-30T22:03:10Z
2026-06-30T22:02:16Z,2026-07-01T00:02:16+0200,0f2c1f14-db75-409f-ba89-d4cf4b8f7c81,2026-06-07T02:00:00Z,2026-06-07T04:00:00+0200,6217.4,MW,FR,FR,actual_onshore_wind_generation,Wind Onshore,2026-06-30T22:03:10Z
2026-06-30T22:02:16Z,2026-07-01T00:02:16+0200,0f2c1f14-db75-409f-ba89-d4cf4b8f7c81,2026-06-07T02:15:00Z,2026-06-07T04:15:00+0200,6037.91,MW,FR,FR,actual_onshore_wind_generation,Wind Onshore,2026-06-30T22:03:10Z
2026-06-30T22:02:16Z,2026-07-01T00:02:16+0200,0f2c1f14-db75-409f-ba89-d4cf4b8f7c81,2026-06-07T02:30:00Z,2026-06-07T04:30:00+0200,5832.15,MW,FR,FR,actual_onshore_wind_generation,Wind Onshore,2026-06-30T22:03:10Z
2026-06-30T22:02:16Z,2026-07-01T00:02:16+0200,0f2c1f14-db75-409f-ba89-d4cf4b8f7c81,2026-06-07T02:45:00Z,2026-06-07T04:45:00+0200,5566.39,MW,FR,FR,actual_onshore_wind_generation,Wind Onshore,2026-06-30T22:03:10Z
2026-06-30T22:02:16Z,2026-07-01T00:02:16+0200,0f2c1f14-db75-409f-ba89-d4cf4b8f7c81,2026-06-07T03:00:00Z,2026-06-07T05:00:00+0200,5254.58,MW,FR,FR,actual_onshore_wind_generation,Wind Onshore,2026-06-30T22:03:10Z
2026-06-30T22:02:16Z,2026-07-01T00:02:16+0200,0f2c1f14-db75-409f-ba89-d4cf4b8f7c81,2026-06-07T03:15:00Z,2026-06-07T05:15:00+0200,5031.4,MW,FR,FR,actual_onshore_wind_generation,Wind Onshore,2026-06-30T22:03:10Z
2026-06-30T22:02:16Z,2026-07-01T00:02:16+0200,0f2c1f14-db75-409f-ba89-d4cf4b8f7c81,2026-06-07T03:30:00Z,2026-06-07T05:30:00+0200,4811.7,MW,FR,FR,actual_onshore_wind_generation,Wind Onshore,2026-06-30T22:03:10Z
2026-06-30T22:02:16Z,2026-07-01T00:02:16+0200,0f2c1f14-db75-409f-ba89-d4cf4b8f7c81,2026-06-07T03:45:00Z,2026-06-07T05:45:00+0200,4565.69,MW,FR,FR,actual_onshore_wind_generation,Wind Onshore,2026-06-30T22:03:10Z
2026-06-30T22:02:16Z,2026-07-01T00:02:16+0200,0f2c1f14-db75-409f-ba89-d4cf4b8f7c81,2026-06-07T04:00:00Z,2026-06-07T06:00:00+0200,4364.8,MW,FR,FR,actual_onshore_wind_generation,Wind Onshore,2026-06-30T22:03:10Z
2026-06-30T22:02:16Z,2026-07-01T00:02:16+0200,0f2c1f14-db75-409f-ba89-d4cf4b8f7c81,2026-06-07T04:15:00Z,2026-06-07T06:15:00+0200,4189.41,MW,FR,FR,actual_onshore_wind_generation,Wind Onshore,2026-06-30T22:03:10Z
2026-06-30T22:02:16Z,2026-07-01T00:02:16+0200,0f2c1f14-db75-409f-ba89-d4cf4b8f7c81,2026-06-07T04:30:00Z,2026-06-07T06:30:00+0200,3964.13,MW,FR,FR,actual_onshore_wind_generation,Wind Onshore,2026-06-30T22:03:10Z
2026-06-30T22:02:16Z,2026-07-01T00:02:16+0200,0f2c1f14-db75-409f-ba89-d4cf4b8f7c81,2026-06-07T04:45:00Z,2026-06-07T06:45:00+0200,3705.78,MW,FR,FR,actual_onshore_wind_generation,Wind Onshore,2026-06-30T22:03:10Z
2026-06-30T22:02:16Z,2026-07-01T00:02:16+0200,0f2c1f14-db75-409f-ba89-d4cf4b8f7c81,2026-06-07T05:00:00Z,2026-06-07T07:00:00+0200,3419.78,MW,FR,FR,actual_onshore_wind_generation,Wind Onshore,2026-06-30T22:03:10Z
2026-06-30T22:02:16Z,2026-07-01T00:02:16+0200,0f2c1f14-db75-409f-ba89-d4cf4b8f7c81,2026-06-07T05:15:00Z,2026-06-07T07:15:00+0200,3038.92,MW,FR,FR,actual_onshore_wind_generation,Wind Onshore,2026-06-30T22:03:10Z
2026-06-30T22:02:16Z,2026-07-01T00:02:16+0200,0f2c1f14-db75-409f-ba89-d4cf4b8f7c81,2026-06-07T05:30:00Z,2026-06-07T07:30:00+0200,2432.17,MW,FR,FR,actual_onshore_wind_generation,Wind Onshore,2026-06-30T22:03:10Z
2026-06-30T22:02:16Z,2026-07-01T00:02:16+0200,0f2c1f14-db75-409f-ba89-d4cf4b8f7c81,2026-06-07T05:45:00Z,2026-06-07T07:45:00+0200,2119.15,MW,FR,FR,actual_onshore_wind_generation,Wind Onshore,2026-06-30T22:03:10Z
2026-06-30T22:02:16Z,2026-07-01T00:02:16+0200,0f2c1f14-db75-409f-ba89-d4cf4b8f7c81,2026-06-07T06:00:00Z,2026-06-07T08:00:00+0200,1896.55,MW,FR,FR,actual_onshore_wind_generation,Wind Onshore,2026-06-30T22:03:10Z
2026-06-30T22:02:16Z,2026-07-01T00:02:16+0200,0f2c1f14-db75-409f-ba89-d4cf4b8f7c81,2026-06-07T06:15:00Z,2026-06-07T08:15:00+0200,1779.37,MW,FR,FR,actual_onshore_wind_generation,Wind Onshore,2026-06-30T22:03:10Z
2026-06-30T22:02:16Z,2026-07-01T00:02:16+0200,0f2c1f14-db75-409f-ba89-d4cf4b8f7c81,2026-06-07T06:30:00Z,2026-06-07T08:30:00+0200,1418.71,MW,FR,FR,actual_onshore_wind_generation,Wind Onshore,2026-06-30T22:03:10Z
2026-06-30T22:02:16Z,2026-07-01T00:02:16+0200,0f2c1f14-db75-409f-ba89-d4cf4b8f7c81,2026-06-07T06:45:00Z,2026-06-07T08:45:00+0200,1254.88,MW,FR,FR,actual_onshore_wind_generation,Wind Onshore,2026-06-30T22:03:10Z
2026-06-30T22:02:16Z,2026-07-01T00:02:16+0200,0f2c1f14-db75-409f-ba89-d4cf4b8f7c81,2026-06-07T07:00:00Z,2026-06-07T09:00:00+0200,1247.28,MW,FR,FR,actual_onshore_wind_generation,Wind Onshore,2026-06-30T22:03:10Z
2026-06-30T22:02:16Z,2026-07-01T00:02:16+0200,0f2c1f14-db75-409f-ba89-d4cf4b8f7c81,2026-06-07T07:15:00Z,2026-06-07T09:15:00+0200,1236.26,MW,FR,FR,actual_onshore_wind_generation,Wind Onshore,2026-06-30T22:03:10Z
2026-06-30T22:02:16Z,2026-07-01T00:02:16+0200,0f2c1f14-db75-409f-ba89-d4cf4b8f7c81,2026-06-07T07:30:00Z,2026-06-07T09:30:00+0200,1237.01,MW,FR,FR,actual_onshore_wind_generation,Wind Onshore,2026-06-30T22:03:10Z
2026-06-30T22:02:16Z,2026-07-01T00:02:16+0200,0f2c1f14-db75-409f-ba89-d4cf4b8f7c81,2026-06-07T07:45:00Z,2026-06-07T09:45:00+0200,1234.35,MW,FR,FR,actual_onshore_wind_generation,Wind Onshore,2026-06-30T22:03:10Z
2026-06-30T22:02:16Z,2026-07-01T00:02:16+0200,0f2c1f14-db75-409f-ba89-d4cf4b8f7c81,2026-06-07T08:00:00Z,2026-06-07T10:00:00+0200,1252.42,MW,FR,FR,actual_onshore_wind_generation,Wind Onshore,2026-06-30T22:03:10Z
2026-06-30T22:02:16Z,2026-07-01T00:02:16+0200,0f2c1f14-db75-409f-ba89-d4cf4b8f7c81,2026-06-07T08:15:00Z,2026-06-07T10:15:00+0200,1238.74,MW,FR,FR,actual_onshore_wind_generation,Wind Onshore,2026-06-30T22:03:10Z
2026-06-30T22:02:16Z,2026-07-01T00:02:16+0200,0f2c1f14-db75-409f-ba89-d4cf4b8f7c81,2026-06-07T08:30:00Z,2026-06-07T10:30:00+0200,1222.73,MW,FR,FR,actual_onshore_wind_generation,Wind Onshore,2026-06-30T22:03:10Z
2026-06-30T22:02:16Z,2026-07-01T00:02:16+0200,0f2c1f14-db75-409f-ba89-d4cf4b8f7c81,2026-06-07T08:45:00Z,2026-06-07T10:45:00+0200,1213.95,MW,FR,FR,actual_onshore_wind_generation,Wind Onshore,2026-06-30T22:03:10Z
2026-06-30T22:02:16Z,2026-07-01T00:02:16+0200,0f2c1f14-db75-409f-ba89-d4cf4b8f7c81,2026-06-07T09:00:00Z,2026-06-07T11:00:00+0200,1193.9,MW,FR,FR,actual_onshore_wind_generation,Wind Onshore,2026-06-30T22:03:10Z
2026-06-30T22:02:16Z,2026-07-01T00:02:16+0200,0f2c1f14-db75-409f-ba89-d4cf4b8f7c81,2026-06-07T09:15:00Z,2026-06-07T11:15:00+0200,1193.64,MW,FR,FR,actual_onshore_wind_generation,Wind Onshore,2026-06-30T22:03:10Z
2026-06-30T22:02:16Z,2026-07-01T00:02:16+0200,0f2c1f14-db75-409f-ba89-d4cf4b8f7c81,2026-06-07T09:30:00Z,2026-06-07T11:30:00+0200,1183.35,MW,FR,FR,actual_onshore_wind_generation,Wind Onshore,2026-06-30T22:03:10Z
2026-06-30T22:02:16Z,2026-07-01T00:02:16+0200,0f2c1f14-db75-409f-ba89-d4cf4b8f7c81,2026-06-07T09:45:00Z,2026-06-07T11:45:00+0200,1165.04,MW,FR,FR,actual_onshore_wind_generation,Wind Onshore,2026-06-30T22:03:10Z
2026-06-30T22:02:16Z,2026-07-01T00:02:16+0200,0f2c1f14-db75-409f-ba89-d4cf4b8f7c81,2026-06-07T10:00:00Z,2026-06-07T12:00:00+0200,1165.21,MW,FR,FR,actual_onshore_wind_generation,Wind Onshore,2026-06-30T22:03:10Z
2026-06-30T22:02:16Z,2026-07-01T00:02:16+0200,0f2c1f14-db75-409f-ba89-d4cf4b8f7c81,2026-06-07T10:15:00Z,2026-06-07T12:15:00+0200,1148.55,MW,FR,FR,actual_onshore_wind_generation,Wind Onshore,2026-06-30T22:03:10Z
2026-06-30T22:02:16Z,2026-07-01T00:02:16+0200,0f2c1f14-db75-409f-ba89-d4cf4b8f7c81,2026-06-07T10:30:00Z,2026-06-07T12:30:00+0200,1145.42,MW,FR,FR,actual_onshore_wind_generation,Wind Onshore,2026-06-30T22:03:10Z
2026-06-30T22:02:16Z,2026-07-01T00:02:16+0200,0f2c1f14-db75-409f-ba89-d4cf4b8f7c81,2026-06-07T10:45:00Z,2026-06-07T12:45:00+0200,1138.04,MW,FR,FR,actual_onshore_wind_generation,Wind Onshore,2026-06-30T22:03:10Z
2026-06-30T22:02:16Z,2026-07-01T00:02:16+0200,0f2c1f14-db75-409f-ba89-d4cf4b8f7c81,2026-06-07T11:00:00Z,2026-06-07T13:00:00+0200,1121.65,MW,FR,FR,actual_onshore_wind_generation,Wind Onshore,2026-06-30T22:03:10Z
2026-06-30T22:02:16Z,2026-07-01T00:02:16+0200,0f2c1f14-db75-409f-ba89-d4cf4b8f7c81,2026-06-07T11:15:00Z,2026-06-07T13:15:00+0200,1119.77,MW,FR,FR,actual_onshore_wind_generation,Wind Onshore,2026-06-30T22:03:10Z
2026-06-30T22:02:16Z,2026-07-01T00:02:16+0200,0f2c1f14-db75-409f-ba89-d4cf4b8f7c81,2026-06-07T11:30:00Z,2026-06-07T13:30:00+0200,1097.38,MW,FR,FR,actual_onshore_wind_generation,Wind Onshore,2026-06-30T22:03:10Z
2026-06-30T22:02:16Z,2026-07-01T00:02:16+0200,0f2c1f14-db75-409f-ba89-d4cf4b8f7c81,2026-06-07T11:45:00Z,2026-06-07T13:45:00+0200,1101.56,MW,FR,FR,actual_onshore_wind_generation,Wind Onshore,2026-06-30T22:03:10Z
2026-06-30T22:02:16Z,2026-07-01T00:02:16+0200,0f2c1f14-db75-409f-ba89-d4cf4b8f7c81,2026-06-07T12:00:00Z,2026-06-07T14:00:00+0200,1099.66,MW,FR,FR,actual_onshore_wind_generation,Wind Onshore,2026-06-30T22:03:10Z
2026-06-30T22:02:16Z,2026-07-01T00:02:16+0200,0f2c1f14-db75-409f-ba89-d4cf4b8f7c81,2026-06-07T12:15:00Z,2026-06-07T14:15:00+0200,1102.59,MW,FR,FR,actual_onshore_wind_generation,Wind Onshore,2026-06-30T22:03:10Z
2026-06-30T22:02:16Z,2026-07-01T00:02:16+0200,0f2c1f14-db75-409f-ba89-d4cf4b8f7c81,2026-06-07T12:30:00Z,2026-06-07T14:30:00+0200,1085.42,MW,FR,FR,actual_onshore_wind_generation,Wind Onshore,2026-06-30T22:03:10Z
2026-06-30T22:02:16Z,2026-07-01T00:02:16+0200,0f2c1f14-db75-409f-ba89-d4cf4b8f7c81,2026-06-07T12:45:00Z,2026-06-07T14:45:00+0200,1078.53,MW,FR,FR,actual_onshore_wind_generation,Wind Onshore,2026-06-30T22:03:10Z
2026-06-30T22:02:16Z,2026-07-01T00:02:16+0200,0f2c1f14-db75-409f-ba89-d4cf4b8f7c81,2026-06-07T13:00:00Z,2026-06-07T15:00:00+0200,1062.55,MW,FR,FR,actual_onshore_wind_generation,Wind Onshore,2026-06-30T22:03:10Z
2026-06-30T22:02:16Z,2026-07-01T00:02:16+0200,0f2c1f14-db75-409f-ba89-d4cf4b8f7c81,2026-06-07T13:15:00Z,2026-06-07T15:15:00+0200,1059.02,MW,FR,FR,actual_onshore_wind_generation,Wind Onshore,2026-06-30T22:03:10Z
2026-06-30T22:02:16Z,2026-07-01T00:02:16+0200,0f2c1f14-db75-409f-ba89-d4cf4b8f7c81,2026-06-07T13:30:00Z,2026-06-07T15:30:00+0200,1039.58,MW,FR,FR,actual_onshore_wind_generation,Wind Onshore,2026-06-30T22:03:10Z
2026-06-30T22:02:16Z,2026-07-01T00:02:16+0200,0f2c1f14-db75-409f-ba89-d4cf4b8f7c81,2026-06-07T13:45:00Z,2026-06-07T15:45:00+0200,1035.81,MW,FR,FR,actual_onshore_wind_generation,Wind Onshore,2026-06-30T22:03:10Z
2026-06-30T22:02:16Z,2026-07-01T00:02:16+0200,0f2c1f14-db75-409f-ba89-d4cf4b8f7c81,2026-06-07T14:00:00Z,2026-06-07T16:00:00+0200,1024.16,MW,FR,FR,actual_onshore_wind_generation,Wind Onshore,2026-06-30T22:03:10Z
2026-06-30T22:02:16Z,2026-07-01T00:02:16+0200,0f2c1f14-db75-409f-ba89-d4cf4b8f7c81,2026-06-07T14:15:00Z,2026-06-07T16:15:00+0200,1025.12,MW,FR,FR,actual_onshore_wind_generation,Wind Onshore,2026-06-30T22:03:10Z
2026-06-30T22:02:16Z,2026-07-01T00:02:16+0200,0f2c1f14-db75-409f-ba89-d4cf4b8f7c81,2026-06-07T14:30:00Z,2026-06-07T16:30:00+0200,1014.93,MW,FR,FR,actual_onshore_wind_generation,Wind Onshore,2026-06-30T22:03:10Z
2026-06-30T22:02:16Z,2026-07-01T00:02:16+0200,0f2c1f14-db75-409f-ba89-d4cf4b8f7c81,2026-06-07T14:45:00Z,2026-06-07T16:45:00+0200,1010.62,MW,FR,FR,actual_onshore_wind_generation,Wind Onshore,2026-06-30T22:03:10Z
2026-06-30T22:02:16Z,2026-07-01T00:02:16+0200,0f2c1f14-db75-409f-ba89-d4cf4b8f7c81,2026-06-07T15:00:00Z,2026-06-07T17:00:00+0200,996.02,MW,FR,FR,actual_onshore_wind_generation,Wind Onshore,2026-06-30T22:03:10Z
2026-06-30T22:02:16Z,2026-07-01T00:02:16+0200,0f2c1f14-db75-409f-ba89-d4cf4b8f7c81,2026-06-07T15:15:00Z,2026-06-07T17:15:00+0200,999.8,MW,FR,FR,actual_onshore_wind_generation,Wind Onshore,2026-06-30T22:03:10Z
2026-06-30T22:02:16Z,2026-07-01T00:02:16+0200,0f2c1f14-db75-409f-ba89-d4cf4b8f7c81,2026-06-07T15:30:00Z,2026-06-07T17:30:00+0200,1048.85,MW,FR,FR,actual_onshore_wind_generation,Wind Onshore,2026-06-30T22:03:10Z
2026-06-30T22:02:16Z,2026-07-01T00:02:16+0200,0f2c1f14-db75-409f-ba89-d4cf4b8f7c81,2026-06-07T15:45:00Z,2026-06-07T17:45:00+0200,1194.78,MW,FR,FR,actual_onshore_wind_generation,Wind Onshore,2026-06-30T22:03:10Z
2026-06-30T22:02:16Z,2026-07-01T00:02:16+0200,0f2c1f14-db75-409f-ba89-d4cf4b8f7c81,2026-06-07T16:00:00Z,2026-06-07T18:00:00+0200,1258.42,MW,FR,FR,actual_onshore_wind_generation,Wind Onshore,2026-06-30T22:03:10Z
2026-06-30T22:02:16Z,2026-07-01T00:02:16+0200,0f2c1f14-db75-409f-ba89-d4cf4b8f7c81,2026-06-07T16:15:00Z,2026-06-07T18:15:00+0200,970.16,MW,FR,FR,actual_onshore_wind_generation,Wind Onshore,2026-06-30T22:03:10Z
2026-06-30T22:02:16Z,2026-07-01T00:02:16+0200,0f2c1f14-db75-409f-ba89-d4cf4b8f7c81,2026-06-07T16:30:00Z,2026-06-07T18:30:00+0200,728.11,MW,FR,FR,actual_onshore_wind_generation,Wind Onshore,2026-06-30T22:03:10Z
2026-06-30T22:02:16Z,2026-07-01T00:02:16+0200,0f2c1f14-db75-409f-ba89-d4cf4b8f7c81,2026-06-07T16:45:00Z,2026-06-07T18:45:00+0200,697.24,MW,FR,FR,actual_onshore_wind_generation,Wind Onshore,2026-06-30T22:03:10Z
2026-06-30T22:02:16Z,2026-07-01T00:02:16+0200,0f2c1f14-db75-409f-ba89-d4cf4b8f7c81,2026-06-07T17:00:00Z,2026-06-07T19:00:00+0200,705.2,MW,FR,FR,actual_onshore_wind_generation,Wind Onshore,2026-06-30T22:03:10Z
2026-06-30T22:02:16Z,2026-07-01T00:02:16+0200,0f2c1f14-db75-409f-ba89-d4cf4b8f7c81,2026-06-07T17:15:00Z,2026-06-07T19:15:00+0200,700.02,MW,FR,FR,actual_onshore_wind_generation,Wind Onshore,2026-06-30T22:03:10Z
2026-06-30T22:02:16Z,2026-07-01T00:02:16+0200,0f2c1f14-db75-409f-ba89-d4cf4b8f7c81,2026-06-07T17:30:00Z,2026-06-07T19:30:00+0200,678.87,MW,FR,FR,actual_onshore_wind_generation,Wind Onshore,2026-06-30T22:03:10Z
2026-06-30T22:02:16Z,2026-07-01T00:02:16+0200,0f2c1f14-db75-409f-ba89-d4cf4b8f7c81,2026-06-07T17:45:00Z,2026-06-07T19:45:00+0200,659.25,MW,FR,FR,actual_onshore_wind_generation,Wind Onshore,2026-06-30T22:03:10Z
2026-06-30T22:02:16Z,2026-07-01T00:02:16+0200,0f2c1f14-db75-409f-ba89-d4cf4b8f7c81,2026-06-07T18:00:00Z,2026-06-07T20:00:00+0200,651.5,MW,FR,FR,actual_onshore_wind_generation,Wind Onshore,2026-06-30T22:03:10Z
2026-06-30T22:02:16Z,2026-07-01T00:02:16+0200,0f2c1f14-db75-409f-ba89-d4cf4b8f7c81,2026-06-07T18:15:00Z,2026-06-07T20:15:00+0200,658.58,MW,FR,FR,actual_onshore_wind_generation,Wind Onshore,2026-06-30T22:03:10Z
2026-06-30T22:02:16Z,2026-07-01T00:02:16+0200,0f2c1f14-db75-409f-ba89-d4cf4b8f7c81,2026-06-07T18:30:00Z,2026-06-07T20:30:00+0200,659.28,MW,FR,FR,actual_onshore_wind_generation,Wind Onshore,2026-06-30T22:03:10Z
2026-06-30T22:02:16Z,2026-07-01T00:02:16+0200,0f2c1f14-db75-409f-ba89-d4cf4b8f7c81,2026-06-07T18:45:00Z,2026-06-07T20:45:00+0200,663.55,MW,FR,FR,actual_onshore_wind_generation,Wind Onshore,2026-06-30T22:03:10Z
2026-06-30T22:02:16Z,2026-07-01T00:02:16+0200,0f2c1f14-db75-409f-ba89-d4cf4b8f7c81,2026-06-07T19:00:00Z,2026-06-07T21:00:00+0200,688.8,MW,FR,FR,actual_onshore_wind_generation,Wind Onshore,2026-06-30T22:03:10Z
2026-06-30T22:02:16Z,2026-07-01T00:02:16+0200,0f2c1f14-db75-409f-ba89-d4cf4b8f7c81,2026-06-07T19:15:00Z,2026-06-07T21:15:00+0200,764.73,MW,FR,FR,actual_onshore_wind_generation,Wind Onshore,2026-06-30T22:03:10Z
2026-06-30T22:02:16Z,2026-07-01T00:02:16+0200,0f2c1f14-db75-409f-ba89-d4cf4b8f7c81,2026-06-07T19:30:00Z,2026-06-07T21:30:00+0200,845.17,MW,FR,FR,actual_onshore_wind_generation,Wind Onshore,2026-06-30T22:03:10Z
2026-06-30T22:02:16Z,2026-07-01T00:02:16+0200,0f2c1f14-db75-409f-ba89-d4cf4b8f7c81,2026-06-07T19:45:00Z,2026-06-07T21:45:00+0200,901.13,MW,FR,FR,actual_onshore_wind_generation,Wind Onshore,2026-06-30T22:03:10Z
2026-06-30T22:02:16Z,2026-07-01T00:02:16+0200,0f2c1f14-db75-409f-ba89-d4cf4b8f7c81,2026-06-07T20:00:00Z,2026-06-07T22:00:00+0200,933.69,MW,FR,FR,actual_onshore_wind_generation,Wind Onshore,2026-06-30T22:03:10Z
2026-06-30T22:02:16Z,2026-07-01T00:02:16+0200,0f2c1f14-db75-409f-ba89-d4cf4b8f7c81,2026-06-07T20:15:00Z,2026-06-07T22:15:00+0200,1024.2,MW,FR,FR,actual_onshore_wind_generation,Wind Onshore,2026-06-30T22:03:10Z
2026-06-30T22:02:16Z,2026-07-01T00:02:16+0200,0f2c1f14-db75-409f-ba89-d4cf4b8f7c81,2026-06-07T20:30:00Z,2026-06-07T22:30:00+0200,1147.2,MW,FR,FR,actual_onshore_wind_generation,Wind Onshore,2026-06-30T22:03:10Z
2026-06-30T22:02:16Z,2026-07-01T00:02:16+0200,0f2c1f14-db75-409f-ba89-d4cf4b8f7c81,2026-06-07T20:45:00Z,2026-06-07T22:45:00+0200,1299.97,MW,FR,FR,actual_onshore_wind_generation,Wind Onshore,2026-06-30T22:03:10Z
2026-06-30T22:02:16Z,2026-07-01T00:02:16+0200,0f2c1f14-db75-409f-ba89-d4cf4b8f7c81,2026-06-07T21:00:00Z,2026-06-07T23:00:00+0200,1472.29,MW,FR,FR,actual_onshore_wind_generation,Wind Onshore,2026-06-30T22:03:10Z
2026-06-30T22:02:16Z,2026-07-01T00:02:16+0200,0f2c1f14-db75-409f-ba89-d4cf4b8f7c81,2026-06-07T21:15:00Z,2026-06-07T23:15:00+0200,1554.91,MW,FR,FR,actual_onshore_wind_generation,Wind Onshore,2026-06-30T22:03:10Z
2026-06-30T22:02:16Z,2026-07-01T00:02:16+0200,0f2c1f14-db75-409f-ba89-d4cf4b8f7c81,2026-06-07T21:30:00Z,2026-06-07T23:30:00+0200,1597.08,MW,FR,FR,actual_onshore_wind_generation,Wind Onshore,2026-06-30T22:03:10Z
2026-06-30T22:02:16Z,2026-07-01T00:02:16+0200,0f2c1f14-db75-409f-ba89-d4cf4b8f7c81,2026-06-07T21:45:00Z,2026-06-07T23:45:00+0200,1643.97,MW,FR,FR,actual_onshore_wind_generation,Wind Onshore,2026-06-30T22:03:10Z
2026-06-30T22:02:16Z,2026-07-01T00:02:16+0200,0f2c1f14-db75-409f-ba89-d4cf4b8f7c81,2026-06-07T22:00:00Z,2026-06-08T00:00:00+0200,1721.51,MW,FR,FR,actual_onshore_wind_generation,Wind Onshore,2026-06-30T22:03:10Z
2026-06-30T22:02:16Z,2026-07-01T00:02:16+0200,0f2c1f14-db75-409f-ba89-d4cf4b8f7c81,2026-06-07T22:15:00Z,2026-06-08T00:15:00+0200,1836.75,MW,FR,FR,actual_onshore_wind_generation,Wind Onshore,2026-06-30T22:03:10Z
2026-06-30T22:02:16Z,2026-07-01T00:02:16+0200,0f2c1f14-db75-409f-ba89-d4cf4b8f7c81,2026-06-07T22:30:00Z,2026-06-08T00:30:00+0200,1939.56,MW,FR,FR,actual_onshore_wind_generation,Wind Onshore,2026-06-30T22:03:10Z
2026-06-30T22:02:16Z,2026-07-01T00:02:16+0200,0f2c1f14-db75-409f-ba89-d4cf4b8f7c81,2026-06-07T22:45:00Z,2026-06-08T00:45:00+0200,2097.42,MW,FR,FR,actual_onshore_wind_generation,Wind Onshore,2026-06-30T22:03:10Z
2026-06-30T22:02:16Z,2026-07-01T00:02:16+0200,0f2c1f14-db75-409f-ba89-d4cf4b8f7c81,2026-06-07T23:00:00Z,2026-06-08T01:00:00+0200,2221.72,MW,FR,FR,actual_onshore_wind_generation,Wind Onshore,2026-06-30T22:03:10Z
2026-06-30T22:02:16Z,2026-07-01T00:02:16+0200,0f2c1f14-db75-409f-ba89-d4cf4b8f7c81,2026-06-07T23:15:00Z,2026-06-08T01:15:00+0200,2344.5,MW,FR,FR,actual_onshore_wind_generation,Wind Onshore,2026-06-30T22:03:10Z
2026-06-30T22:02:16Z,2026-07-01T00:02:16+0200,0f2c1f14-db75-409f-ba89-d4cf4b8f7c81,2026-06-07T23:30:00Z,2026-06-08T01:30:00+0200,2421.94,MW,FR,FR,actual_onshore_wind_generation,Wind Onshore,2026-06-30T22:03:10Z
2026-06-30T22:02:16Z,2026-07-01T00:02:16+0200,0f2c1f14-db75-409f-ba89-d4cf4b8f7c81,2026-06-07T23:45:00Z,2026-06-08T01:45:00+0200,2445.14,MW,FR,FR,actual_onshore_wind_generation,Wind Onshore,2026-06-30T22:03:10Z
2026-06-30T22:02:16Z,2026-07-01T00:02:16+0200,0f2c1f14-db75-409f-ba89-d4cf4b8f7c81,2026-06-08T00:00:00Z,2026-06-08T02:00:00+0200,2485.46,MW,FR,FR,actual_onshore_wind_generation,Wind Onshore,2026-06-30T22:03:10Z
2026-06-30T22:02:16Z,2026-07-01T00:02:16+0200,0f2c1f14-db75-409f-ba89-d4cf4b8f7c81,2026-06-08T00:15:00Z,2026-06-08T02:15:00+0200,2495.99,MW,FR,FR,actual_onshore_wind_generation,Wind Onshore,2026-06-30T22:03:10Z
2026-06-30T22:02:16Z,2026-07-01T00:02:16+0200,0f2c1f14-db75-409f-ba89-d4cf4b8f7c81,2026-06-08T00:30:00Z,2026-06-08T02:30:00+0200,2504.58,MW,FR,FR,actual_onshore_wind_generation,Wind Onshore,2026-06-30T22:03:10Z
2026-06-30T22:02:16Z,2026-07-01T00:02:16+0200,0f2c1f14-db75-409f-ba89-d4cf4b8f7c81,2026-06-08T00:45:00Z,2026-06-08T02:45:00+0200,2618.58,MW,FR,FR,actual_onshore_wind_generation,Wind Onshore,2026-06-30T22:03:10Z
2026-06-30T22:02:16Z,2026-07-01T00:02:16+0200,0f2c1f14-db75-409f-ba89-d4cf4b8f7c81,2026-06-08T01:00:00Z,2026-06-08T03:00:00+0200,2739.39,MW,FR,FR,actual_onshore_wind_generation,Wind Onshore,2026-06-30T22:03:10Z
2026-06-30T22:02:16Z,2026-07-01T00:02:16+0200,0f2c1f14-db75-409f-ba89-d4cf4b8f7c81,2026-06-08T01:15:00Z,2026-06-08T03:15:00+0200,2805.37,MW,FR,FR,actual_onshore_wind_generation,Wind Onshore,2026-06-30T22:03:10Z
2026-06-30T22:02:16Z,2026-07-01T00:02:16+0200,0f2c1f14-db75-409f-ba89-d4cf4b8f7c81,2026-06-08T01:30:00Z,2026-06-08T03:30:00+0200,2844.26,MW,FR,FR,actual_onshore_wind_generation,Wind Onshore,2026-06-30T22:03:10Z
2026-06-30T22:02:16Z,2026-07-01T00:02:16+0200,0f2c1f14-db75-409f-ba89-d4cf4b8f7c81,2026-06-08T01:45:00Z,2026-06-08T03:45:00+0200,2890.59,MW,FR,FR,actual_onshore_wind_generation,Wind Onshore,2026-06-30T22:03:10Z
2026-06-30T22:02:16Z,2026-07-01T00:02:16+0200,0f2c1f14-db75-409f-ba89-d4cf4b8f7c81,2026-06-08T02:00:00Z,2026-06-08T04:00:00+0200,2885.53,MW,FR,FR,actual_onshore_wind_generation,Wind Onshore,2026-06-30T22:03:10Z
2026-06-30T22:02:16Z,2026-07-01T00:02:16+0200,0f2c1f14-db75-409f-ba89-d4cf4b8f7c81,2026-06-08T02:15:00Z,2026-06-08T04:15:00+0200,2855.35,MW,FR,FR,actual_onshore_wind_generation,Wind Onshore,2026-06-30T22:03:10Z
2026-06-30T22:02:16Z,2026-07-01T00:02:16+0200,0f2c1f14-db75-409f-ba89-d4cf4b8f7c81,2026-06-08T02:30:00Z,2026-06-08T04:30:00+0200,2866.81,MW,FR,FR,actual_onshore_wind_generation,Wind Onshore,2026-06-30T22:03:10Z
2026-06-30T22:02:16Z,2026-07-01T00:02:16+0200,0f2c1f14-db75-409f-ba89-d4cf4b8f7c81,2026-06-08T02:45:00Z,2026-06-08T04:45:00+0200,2881.24,MW,FR,FR,actual_onshore_wind_generation,Wind Onshore,2026-06-30T22:03:10Z
2026-06-30T22:02:16Z,2026-07-01T00:02:16+0200,0f2c1f14-db75-409f-ba89-d4cf4b8f7c81,2026-06-08T03:00:00Z,2026-06-08T05:00:00+0200,2882.7,MW,FR,FR,actual_onshore_wind_generation,Wind Onshore,2026-06-30T22:03:10Z
2026-06-30T22:02:16Z,2026-07-01T00:02:16+0200,0f2c1f14-db75-409f-ba89-d4cf4b8f7c81,2026-06-08T03:15:00Z,2026-06-08T05:15:00+0200,2907.2,MW,FR,FR,actual_onshore_wind_generation,Wind Onshore,2026-06-30T22:03:10Z
2026-06-30T22:02:16Z,2026-07-01T00:02:16+0200,0f2c1f14-db75-409f-ba89-d4cf4b8f7c81,2026-06-08T03:30:00Z,2026-06-08T05:30:00+0200,2925.6,MW,FR,FR,actual_onshore_wind_generation,Wind Onshore,2026-06-30T22:03:10Z
2026-06-30T22:02:16Z,2026-07-01T00:02:16+0200,0f2c1f14-db75-409f-ba89-d4cf4b8f7c81,2026-06-08T03:45:00Z,2026-06-08T05:45:00+0200,2958.71,MW,FR,FR,actual_onshore_wind_generation,Wind Onshore,2026-06-30T22:03:10Z
2026-06-30T22:02:16Z,2026-07-01T00:02:16+0200,0f2c1f14-db75-409f-ba89-d4cf4b8f7c81,2026-06-08T04:00:00Z,2026-06-08T06:00:00+0200,2998.1,MW,FR,FR,actual_onshore_wind_generation,Wind Onshore,2026-06-30T22:03:10Z
2026-06-30T22:02:16Z,2026-07-01T00:02:16+0200,0f2c1f14-db75-409f-ba89-d4cf4b8f7c81,2026-06-08T04:15:00Z,2026-06-08T06:15:00+0200,3069.46,MW,FR,FR,actual_onshore_wind_generation,Wind Onshore,2026-06-30T22:03:10Z
2026-06-30T22:02:16Z,2026-07-01T00:02:16+0200,0f2c1f14-db75-409f-ba89-d4cf4b8f7c81,2026-06-08T04:30:00Z,2026-06-08T06:30:00+0200,3098.08,MW,FR,FR,actual_onshore_wind_generation,Wind Onshore,2026-06-30T22:03:10Z
2026-06-30T22:02:16Z,2026-07-01T00:02:16+0200,0f2c1f14-db75-409f-ba89-d4cf4b8f7c81,2026-06-08T04:45:00Z,2026-06-08T06:45:00+0200,3167.6,MW,FR,FR,actual_onshore_wind_generation,Wind Onshore,2026-06-30T22:03:10Z
2026-06-30T22:02:16Z,2026-07-01T00:02:16+0200,0f2c1f14-db75-409f-ba89-d4cf4b8f7c81,2026-06-08T05:00:00Z,2026-06-08T07:00:00+0200,3190.36,MW,FR,FR,actual_onshore_wind_generation,Wind Onshore,2026-06-30T22:03:10Z
2026-06-30T22:02:16Z,2026-07-01T00:02:16+0200,0f2c1f14-db75-409f-ba89-d4cf4b8f7c81,2026-06-08T05:15:00Z,2026-06-08T07:15:00+0200,3184.59,MW,FR,FR,actual_onshore_wind_generation,Wind Onshore,2026-06-30T22:03:10Z
2026-06-30T22:02:16Z,2026-07-01T00:02:16+0200,0f2c1f14-db75-409f-ba89-d4cf4b8f7c81,2026-06-08T05:30:00Z,2026-06-08T07:30:00+0200,3093.24,MW,FR,FR,actual_onshore_wind_generation,Wind Onshore,2026-06-30T22:03:10Z
2026-06-30T22:02:16Z,2026-07-01T00:02:16+0200,0f2c1f14-db75-409f-ba89-d4cf4b8f7c81,2026-06-08T05:45:00Z,2026-06-08T07:45:00+0200,2990.78,MW,FR,FR,actual_onshore_wind_generation,Wind Onshore,2026-06-30T22:03:10Z
2026-06-30T22:02:16Z,2026-07-01T00:02:16+0200,0f2c1f14-db75-409f-ba89-d4cf4b8f7c81,2026-06-08T06:00:00Z,2026-06-08T08:00:00+0200,2860.14,MW,FR,FR,actual_onshore_wind_generation,Wind Onshore,2026-06-30T22:03:10Z
2026-06-30T22:02:16Z,2026-07-01T00:02:16+0200,0f2c1f14-db75-409f-ba89-d4cf4b8f7c81,2026-06-08T06:15:00Z,2026-06-08T08:15:00+0200,2643.1,MW,FR,FR,actual_onshore_wind_generation,Wind Onshore,2026-06-30T22:03:10Z
2026-06-30T22:02:16Z,2026-07-01T00:02:16+0200,0f2c1f14-db75-409f-ba89-d4cf4b8f7c81,2026-06-08T06:30:00Z,2026-06-08T08:30:00+0200,2454.18,MW,FR,FR,actual_onshore_wind_generation,Wind Onshore,2026-06-30T22:03:10Z
2026-06-30T22:02:16Z,2026-07-01T00:02:16+0200,0f2c1f14-db75-409f-ba89-d4cf4b8f7c81,2026-06-08T06:45:00Z,2026-06-08T08:45:00+0200,2219.51,MW,FR,FR,actual_onshore_wind_generation,Wind Onshore,2026-06-30T22:03:10Z
2026-06-30T22:02:16Z,2026-07-01T00:02:16+0200,0f2c1f14-db75-409f-ba89-d4cf4b8f7c81,2026-06-08T07:00:00Z,2026-06-08T09:00:00+0200,1956.34,MW,FR,FR,actual_onshore_wind_generation,Wind Onshore,2026-06-30T22:03:10Z
2026-06-30T22:02:16Z,2026-07-01T00:02:16+0200,0f2c1f14-db75-409f-ba89-d4cf4b8f7c81,2026-06-08T07:15:00Z,2026-06-08T09:15:00+0200,1788.25,MW,FR,FR,actual_onshore_wind_generation,Wind Onshore,2026-06-30T22:03:10Z
2026-06-30T22:02:16Z,2026-07-01T00:02:16+0200,0f2c1f14-db75-409f-ba89-d4cf4b8f7c81,2026-06-08T07:30:00Z,2026-06-08T09:30:00+0200,1727.96,MW,FR,FR,actual_onshore_wind_generation,Wind Onshore,2026-06-30T22:03:10Z
2026-06-30T22:02:16Z,2026-07-01T00:02:16+0200,0f2c1f14-db75-409f-ba89-d4cf4b8f7c81,2026-06-08T07:45:00Z,2026-06-08T09:45:00+0200,1724.67,MW,FR,FR,actual_onshore_wind_generation,Wind Onshore,2026-06-30T22:03:10Z
2026-06-30T22:02:16Z,2026-07-01T00:02:16+0200,0f2c1f14-db75-409f-ba89-d4cf4b8f7c81,2026-06-08T08:00:00Z,2026-06-08T10:00:00+0200,1730.07,MW,FR,FR,actual_onshore_wind_generation,Wind Onshore,2026-06-30T22:03:10Z
2026-06-30T22:02:16Z,2026-07-01T00:02:16+0200,0f2c1f14-db75-409f-ba89-d4cf4b8f7c81,2026-06-08T08:15:00Z,2026-06-08T10:15:00+0200,1787.32,MW,FR,FR,actual_onshore_wind_generation,Wind Onshore,2026-06-30T22:03:10Z
2026-06-30T22:02:16Z,2026-07-01T00:02:16+0200,0f2c1f14-db75-409f-ba89-d4cf4b8f7c81,2026-06-08T08:30:00Z,2026-06-08T10:30:00+0200,1862.41,MW,FR,FR,actual_onshore_wind_generation,Wind Onshore,2026-06-30T22:03:10Z
2026-06-30T22:02:16Z,2026-07-01T00:02:16+0200,0f2c1f14-db75-409f-ba89-d4cf4b8f7c81,2026-06-08T08:45:00Z,2026-06-08T10:45:00+0200,1939.21,MW,FR,FR,actual_onshore_wind_generation,Wind Onshore,2026-06-30T22:03:10Z
2026-06-30T22:02:16Z,2026-07-01T00:02:16+0200,0f2c1f14-db75-409f-ba89-d4cf4b8f7c81,2026-06-08T09:00:00Z,2026-06-08T11:00:00+0200,2060.57,MW,FR,FR,actual_onshore_wind_generation,Wind Onshore,2026-06-30T22:03:10Z
2026-06-30T22:02:16Z,2026-07-01T00:02:16+0200,0f2c1f14-db75-409f-ba89-d4cf4b8f7c81,2026-06-08T09:15:00Z,2026-06-08T11:15:00+0200,2181.07,MW,FR,FR,actual_onshore_wind_generation,Wind Onshore,2026-06-30T22:03:10Z
2026-06-30T22:02:16Z,2026-07-01T00:02:16+0200,0f2c1f14-db75-409f-ba89-d4cf4b8f7c81,2026-06-08T09:30:00Z,2026-06-08T11:30:00+0200,2251.12,MW,FR,FR,actual_onshore_wind_generation,Wind Onshore,2026-06-30T22:03:10Z
2026-06-30T22:02:16Z,2026-07-01T00:02:16+0200,0f2c1f14-db75-409f-ba89-d4cf4b8f7c81,2026-06-08T09:45:00Z,2026-06-08T11:45:00+0200,2335.4,MW,FR,FR,actual_onshore_wind_generation,Wind Onshore,2026-06-30T22:03:10Z
2026-06-30T22:02:16Z,2026-07-01T00:02:16+0200,0f2c1f14-db75-409f-ba89-d4cf4b8f7c81,2026-06-08T10:00:00Z,2026-06-08T12:00:00+0200,2534.24,MW,FR,FR,actual_onshore_wind_generation,Wind Onshore,2026-06-30T22:03:10Z
2026-06-30T22:02:16Z,2026-07-01T00:02:16+0200,0f2c1f14-db75-409f-ba89-d4cf4b8f7c81,2026-06-08T10:15:00Z,2026-06-08T12:15:00+0200,2729.67,MW,FR,FR,actual_onshore_wind_generation,Wind Onshore,2026-06-30T22:03:10Z
2026-06-30T22:02:16Z,2026-07-01T00:02:16+0200,0f2c1f14-db75-409f-ba89-d4cf4b8f7c81,2026-06-08T10:30:00Z,2026-06-08T12:30:00+0200,2870.29,MW,FR,FR,actual_onshore_wind_generation,Wind Onshore,2026-06-30T22:03:10Z
2026-06-30T22:02:16Z,2026-07-01T00:02:16+0200,0f2c1f14-db75-409f-ba89-d4cf4b8f7c81,2026-06-08T10:45:00Z,2026-06-08T12:45:00+0200,3026.0,MW,FR,FR,actual_onshore_wind_generation,Wind Onshore,2026-06-30T22:03:10Z
2026-06-30T22:02:16Z,2026-07-01T00:02:16+0200,0f2c1f14-db75-409f-ba89-d4cf4b8f7c81,2026-06-08T11:00:00Z,2026-06-08T13:00:00+0200,3263.47,MW,FR,FR,actual_onshore_wind_generation,Wind Onshore,2026-06-30T22:03:10Z
2026-06-30T22:02:16Z,2026-07-01T00:02:16+0200,0f2c1f14-db75-409f-ba89-d4cf4b8f7c81,2026-06-08T11:15:00Z,2026-06-08T13:15:00+0200,3435.8,MW,FR,FR,actual_onshore_wind_generation,Wind Onshore,2026-06-30T22:03:10Z
2026-06-30T22:02:16Z,2026-07-01T00:02:16+0200,0f2c1f14-db75-409f-ba89-d4cf4b8f7c81,2026-06-08T11:30:00Z,2026-06-08T13:30:00+0200,3687.21,MW,FR,FR,actual_onshore_wind_generation,Wind Onshore,2026-06-30T22:03:10Z
2026-06-30T22:02:16Z,2026-07-01T00:02:16+0200,0f2c1f14-db75-409f-ba89-d4cf4b8f7c81,2026-06-08T11:45:00Z,2026-06-08T13:45:00+0200,3953.97,MW,FR,FR,actual_onshore_wind_generation,Wind Onshore,2026-06-30T22:03:10Z
2026-06-30T22:02:16Z,2026-07-01T00:02:16+0200,0f2c1f14-db75-409f-ba89-d4cf4b8f7c81,2026-06-08T12:00:00Z,2026-06-08T14:00:00+0200,4242.97,MW,FR,FR,actual_onshore_wind_generation,Wind Onshore,2026-06-30T22:03:10Z
2026-06-30T22:02:16Z,2026-07-01T00:02:16+0200,0f2c1f14-db75-409f-ba89-d4cf4b8f7c81,2026-06-08T12:15:00Z,2026-06-08T14:15:00+0200,4629.11,MW,FR,FR,actual_onshore_wind_generation,Wind Onshore,2026-06-30T22:03:10Z
2026-06-30T22:02:16Z,2026-07-01T00:02:16+0200,0f2c1f14-db75-409f-ba89-d4cf4b8f7c81,2026-06-08T12:30:00Z,2026-06-08T14:30:00+0200,5043.41,MW,FR,FR,actual_onshore_wind_generation,Wind Onshore,2026-06-30T22:03:10Z
2026-06-30T22:02:16Z,2026-07-01T00:02:16+0200,0f2c1f14-db75-409f-ba89-d4cf4b8f7c81,2026-06-08T12:45:00Z,2026-06-08T14:45:00+0200,5241.28,MW,FR,FR,actual_onshore_wind_generation,Wind Onshore,2026-06-30T22:03:10Z
2026-06-30T22:02:16Z,2026-07-01T00:02:16+0200,0f2c1f14-db75-409f-ba89-d4cf4b8f7c81,2026-06-08T13:00:00Z,2026-06-08T15:00:00+0200,5621.11,MW,FR,FR,actual_onshore_wind_generation,Wind Onshore,2026-06-30T22:03:10Z
2026-06-30T22:02:16Z,2026-07-01T00:02:16+0200,0f2c1f14-db75-409f-ba89-d4cf4b8f7c81,2026-06-08T13:15:00Z,2026-06-08T15:15:00+0200,6195.52,MW,FR,FR,actual_onshore_wind_generation,Wind Onshore,2026-06-30T22:03:10Z
2026-06-30T22:02:16Z,2026-07-01T00:02:16+0200,0f2c1f14-db75-409f-ba89-d4cf4b8f7c81,2026-06-08T13:30:00Z,2026-06-08T15:30:00+0200,6562.4,MW,FR,FR,actual_onshore_wind_generation,Wind Onshore,2026-06-30T22:03:10Z
2026-06-30T22:02:16Z,2026-07-01T00:02:16+0200,0f2c1f14-db75-409f-ba89-d4cf4b8f7c81,2026-06-08T13:45:00Z,2026-06-08T15:45:00+0200,6789.1,MW,FR,FR,actual_onshore_wind_generation,Wind Onshore,2026-06-30T22:03:10Z
2026-06-30T22:02:16Z,2026-07-01T00:02:16+0200,0f2c1f14-db75-409f-ba89-d4cf4b8f7c81,2026-06-08T14:00:00Z,2026-06-08T16:00:00+0200,7045.52,MW,FR,FR,actual_onshore_wind_generation,Wind Onshore,2026-06-30T22:03:10Z
2026-06-30T22:02:16Z,2026-07-01T00:02:16+0200,0f2c1f14-db75-409f-ba89-d4cf4b8f7c81,2026-06-08T14:15:00Z,2026-06-08T16:15:00+0200,7443.78,MW,FR,FR,actual_onshore_wind_generation,Wind Onshore,2026-06-30T22:03:10Z
2026-06-30T22:02:16Z,2026-07-01T00:02:16+0200,0f2c1f14-db75-409f-ba89-d4cf4b8f7c81,2026-06-08T14:30:00Z,2026-06-08T16:30:00+0200,7761.42,MW,FR,FR,actual_onshore_wind_generation,Wind Onshore,2026-06-30T22:03:10Z
2026-06-30T22:02:16Z,2026-07-01T00:02:16+0200,0f2c1f14-db75-409f-ba89-d4cf4b8f7c81,2026-06-08T14:45:00Z,2026-06-08T16:45:00+0200,8234.82,MW,FR,FR,actual_onshore_wind_generation,Wind Onshore,2026-06-30T22:03:10Z
2026-06-30T22:02:16Z,2026-07-01T00:02:16+0200,0f2c1f14-db75-409f-ba89-d4cf4b8f7c81,2026-06-08T15:00:00Z,2026-06-08T17:00:00+0200,8494.53,MW,FR,FR,actual_onshore_wind_generation,Wind Onshore,2026-06-30T22:03:10Z
2026-06-30T22:02:16Z,2026-07-01T00:02:16+0200,0f2c1f14-db75-409f-ba89-d4cf4b8f7c81,2026-06-08T15:15:00Z,2026-06-08T17:15:00+0200,8465.21,MW,FR,FR,actual_onshore_wind_generation,Wind Onshore,2026-06-30T22:03:10Z
2026-06-30T22:02:16Z,2026-07-01T00:02:16+0200,0f2c1f14-db75-409f-ba89-d4cf4b8f7c81,2026-06-08T15:30:00Z,2026-06-08T17:30:00+0200,8350.45,MW,FR,FR,actual_onshore_wind_generation,Wind Onshore,2026-06-30T22:03:10Z
2026-06-30T22:02:16Z,2026-07-01T00:02:16+0200,0f2c1f14-db75-409f-ba89-d4cf4b8f7c81,2026-06-08T15:45:00Z,2026-06-08T17:45:00+0200,8009.54,MW,FR,FR,actual_onshore_wind_generation,Wind Onshore,2026-06-30T22:03:10Z
2026-06-30T22:02:16Z,2026-07-01T00:02:16+0200,0f2c1f14-db75-409f-ba89-d4cf4b8f7c81,2026-06-08T16:00:00Z,2026-06-08T18:00:00+0200,7759.17,MW,FR,FR,actual_onshore_wind_generation,Wind Onshore,2026-06-30T22:03:10Z
2026-06-30T22:02:16Z,2026-07-01T00:02:16+0200,0f2c1f14-db75-409f-ba89-d4cf4b8f7c81,2026-06-08T16:15:00Z,2026-06-08T18:15:00+0200,7868.77,MW,FR,FR,actual_onshore_wind_generation,Wind Onshore,2026-06-30T22:03:10Z
2026-06-30T22:02:16Z,2026-07-01T00:02:16+0200,0f2c1f14-db75-409f-ba89-d4cf4b8f7c81,2026-06-08T16:30:00Z,2026-06-08T18:30:00+0200,7728.01,MW,FR,FR,actual_onshore_wind_generation,Wind Onshore,2026-06-30T22:03:10Z
2026-06-30T22:02:16Z,2026-07-01T00:02:16+0200,0f2c1f14-db75-409f-ba89-d4cf4b8f7c81,2026-06-08T16:45:00Z,2026-06-08T18:45:00+0200,7428.0,MW,FR,FR,actual_onshore_wind_generation,Wind Onshore,2026-06-30T22:03:10Z
2026-06-30T22:02:16Z,2026-07-01T00:02:16+0200,0f2c1f14-db75-409f-ba89-d4cf4b8f7c81,2026-06-08T17:00:00Z,2026-06-08T19:00:00+0200,7082.86,MW,FR,FR,actual_onshore_wind_generation,Wind Onshore,2026-06-30T22:03:10Z
2026-06-30T22:02:16Z,2026-07-01T00:02:16+0200,0f2c1f14-db75-409f-ba89-d4cf4b8f7c81,2026-06-08T17:15:00Z,2026-06-08T19:15:00+0200,6670.87,MW,FR,FR,actual_onshore_wind_generation,Wind Onshore,2026-06-30T22:03:10Z
2026-06-30T22:02:16Z,2026-07-01T00:02:16+0200,0f2c1f14-db75-409f-ba89-d4cf4b8f7c81,2026-06-08T17:30:00Z,2026-06-08T19:30:00+0200,6593.1,MW,FR,FR,actual_onshore_wind_generation,Wind Onshore,2026-06-30T22:03:10Z
2026-06-30T22:02:16Z,2026-07-01T00:02:16+0200,0f2c1f14-db75-409f-ba89-d4cf4b8f7c81,2026-06-08T17:45:00Z,2026-06-08T19:45:00+0200,6174.59,MW,FR,FR,actual_onshore_wind_generation,Wind Onshore,2026-06-30T22:03:10Z
2026-06-30T22:02:16Z,2026-07-01T00:02:16+0200,0f2c1f14-db75-409f-ba89-d4cf4b8f7c81,2026-06-08T18:00:00Z,2026-06-08T20:00:00+0200,6046.69,MW,FR,FR,actual_onshore_wind_generation,Wind Onshore,2026-06-30T22:03:10Z
2026-06-30T22:02:16Z,2026-07-01T00:02:16+0200,0f2c1f14-db75-409f-ba89-d4cf4b8f7c81,2026-06-08T18:15:00Z,2026-06-08T20:15:00+0200,5870.73,MW,FR,FR,actual_onshore_wind_generation,Wind Onshore,2026-06-30T22:03:10Z
2026-06-30T22:02:16Z,2026-07-01T00:02:16+0200,0f2c1f14-db75-409f-ba89-d4cf4b8f7c81,2026-06-08T18:30:00Z,2026-06-08T20:30:00+0200,5659.71,MW,FR,FR,actual_onshore_wind_generation,Wind Onshore,2026-06-30T22:03:10Z
2026-06-30T22:02:16Z,2026-07-01T00:02:16+0200,0f2c1f14-db75-409f-ba89-d4cf4b8f7c81,2026-06-08T18:45:00Z,2026-06-08T20:45:00+0200,5596.2,MW,FR,FR,actual_onshore_wind_generation,Wind Onshore,2026-06-30T22:03:10Z
2026-06-30T22:02:16Z,2026-07-01T00:02:16+0200,0f2c1f14-db75-409f-ba89-d4cf4b8f7c81,2026-06-08T19:00:00Z,2026-06-08T21:00:00+0200,5545.7,MW,FR,FR,actual_onshore_wind_generation,Wind Onshore,2026-06-30T22:03:10Z
2026-06-30T22:02:16Z,2026-07-01T00:02:16+0200,0f2c1f14-db75-409f-ba89-d4cf4b8f7c81,2026-06-08T19:15:00Z,2026-06-08T21:15:00+0200,5574.4,MW,FR,FR,actual_onshore_wind_generation,Wind Onshore,2026-06-30T22:03:10Z
2026-06-30T22:02:16Z,2026-07-01T00:02:16+0200,0f2c1f14-db75-409f-ba89-d4cf4b8f7c81,2026-06-08T19:30:00Z,2026-06-08T21:30:00+0200,5647.54,MW,FR,FR,actual_onshore_wind_generation,Wind Onshore,2026-06-30T22:03:10Z
2026-06-30T22:02:16Z,2026-07-01T00:02:16+0200,0f2c1f14-db75-409f-ba89-d4cf4b8f7c81,2026-06-08T19:45:00Z,2026-06-08T21:45:00+0200,5292.03,MW,FR,FR,actual_onshore_wind_generation,Wind Onshore,2026-06-30T22:03:10Z
2026-06-30T22:02:16Z,2026-07-01T00:02:16+0200,0f2c1f14-db75-409f-ba89-d4cf4b8f7c81,2026-06-08T20:00:00Z,2026-06-08T22:00:00+0200,4995.9,MW,FR,FR,actual_onshore_wind_generation,Wind Onshore,2026-06-30T22:03:10Z
2026-06-30T22:02:16Z,2026-07-01T00:02:16+0200,0f2c1f14-db75-409f-ba89-d4cf4b8f7c81,2026-06-08T20:15:00Z,2026-06-08T22:15:00+0200,4814.1,MW,FR,FR,actual_onshore_wind_generation,Wind Onshore,2026-06-30T22:03:10Z
2026-06-30T22:02:16Z,2026-07-01T00:02:16+0200,0f2c1f14-db75-409f-ba89-d4cf4b8f7c81,2026-06-08T20:30:00Z,2026-06-08T22:30:00+0200,4562.37,MW,FR,FR,actual_onshore_wind_generation,Wind Onshore,2026-06-30T22:03:10Z
2026-06-30T22:02:16Z,2026-07-01T00:02:16+0200,0f2c1f14-db75-409f-ba89-d4cf4b8f7c81,2026-06-08T20:45:00Z,2026-06-08T22:45:00+0200,4641.89,MW,FR,FR,actual_onshore_wind_generation,Wind Onshore,2026-06-30T22:03:10Z
2026-06-30T22:02:16Z,2026-07-01T00:02:16+0200,0f2c1f14-db75-409f-ba89-d4cf4b8f7c81,2026-06-08T21:00:00Z,2026-06-08T23:00:00+0200,4796.29,MW,FR,FR,actual_onshore_wind_generation,Wind Onshore,2026-06-30T22:03:10Z
2026-06-30T22:02:16Z,2026-07-01T00:02:16+0200,0f2c1f14-db75-409f-ba89-d4cf4b8f7c81,2026-06-08T21:15:00Z,2026-06-08T23:15:00+0200,4896.31,MW,FR,FR,actual_onshore_wind_generation,Wind Onshore,2026-06-30T22:03:10Z
2026-06-30T22:02:16Z,2026-07-01T00:02:16+0200,0f2c1f14-db75-409f-ba89-d4cf4b8f7c81,2026-06-08T21:30:00Z,2026-06-08T23:30:00+0200,4830.81,MW,FR,FR,actual_onshore_wind_generation,Wind Onshore,2026-06-30T22:03:10Z
2026-06-30T22:02:16Z,2026-07-01T00:02:16+0200,0f2c1f14-db75-409f-ba89-d4cf4b8f7c81,2026-06-08T21:45:00Z,2026-06-08T23:45:00+0200,4827.03,MW,FR,FR,actual_onshore_wind_generation,Wind Onshore,2026-06-30T22:03:10Z
2026-06-30T22:02:16Z,2026-07-01T00:02:16+0200,0f2c1f14-db75-409f-ba89-d4cf4b8f7c81,2026-06-08T22:00:00Z,2026-06-09T00:00:00+0200,4889.31,MW,FR,FR,actual_onshore_wind_generation,Wind Onshore,2026-06-30T22:03:10Z
2026-06-30T22:02:16Z,2026-07-01T00:02:16+0200,0f2c1f14-db75-409f-ba89-d4cf4b8f7c81,2026-06-08T22:15:00Z,2026-06-09T00:15:00+0200,5011.94,MW,FR,FR,actual_onshore_wind_generation,Wind Onshore,2026-06-30T22:03:10Z
2026-06-30T22:02:16Z,2026-07-01T00:02:16+0200,0f2c1f14-db75-409f-ba89-d4cf4b8f7c81,2026-06-08T22:30:00Z,2026-06-09T00:30:00+0200,4950.35,MW,FR,FR,actual_onshore_wind_generation,Wind Onshore,2026-06-30T22:03:10Z
2026-06-30T22:02:16Z,2026-07-01T00:02:16+0200,0f2c1f14-db75-409f-ba89-d4cf4b8f7c81,2026-06-08T22:45:00Z,2026-06-09T00:45:00+0200,4881.03,MW,FR,FR,actual_onshore_wind_generation,Wind Onshore,2026-06-30T22:03:10Z
2026-06-30T22:02:16Z,2026-07-01T00:02:16+0200,0f2c1f14-db75-409f-ba89-d4cf4b8f7c81,2026-06-08T23:00:00Z,2026-06-09T01:00:00+0200,4935.01,MW,FR,FR,actual_onshore_wind_generation,Wind Onshore,2026-06-30T22:03:10Z
2026-06-30T22:02:16Z,2026-07-01T00:02:16+0200,0f2c1f14-db75-409f-ba89-d4cf4b8f7c81,2026-06-08T23:15:00Z,2026-06-09T01:15:00+0200,5066.03,MW,FR,FR,actual_onshore_wind_generation,Wind Onshore,2026-06-30T22:03:10Z
2026-06-30T22:02:16Z,2026-07-01T00:02:16+0200,0f2c1f14-db75-409f-ba89-d4cf4b8f7c81,2026-06-08T23:30:00Z,2026-06-09T01:30:00+0200,5198.01,MW,FR,FR,actual_onshore_wind_generation,Wind Onshore,2026-06-30T22:03:10Z
2026-06-30T22:02:16Z,2026-07-01T00:02:16+0200,0f2c1f14-db75-409f-ba89-d4cf4b8f7c81,2026-06-08T23:45:00Z,2026-06-09T01:45:00+0200,5218.57,MW,FR,FR,actual_onshore_wind_generation,Wind Onshore,2026-06-30T22:03:10Z
2026-06-30T22:02:16Z,2026-07-01T00:02:16+0200,0f2c1f14-db75-409f-ba89-d4cf4b8f7c81,2026-06-09T00:00:00Z,2026-06-09T02:00:00+0200,5270.55,MW,FR,FR,actual_onshore_wind_generation,Wind Onshore,2026-06-30T22:03:10Z
2026-06-30T22:02:16Z,2026-07-01T00:02:16+0200,0f2c1f14-db75-409f-ba89-d4cf4b8f7c81,2026-06-09T00:15:00Z,2026-06-09T02:15:00+0200,5326.71,MW,FR,FR,actual_onshore_wind_generation,Wind Onshore,2026-06-30T22:03:10Z
2026-06-30T22:02:16Z,2026-07-01T00:02:16+0200,0f2c1f14-db75-409f-ba89-d4cf4b8f7c81,2026-06-09T00:30:00Z,2026-06-09T02:30:00+0200,5329.84,MW,FR,FR,actual_onshore_wind_generation,Wind Onshore,2026-06-30T22:03:10Z
2026-06-30T22:02:16Z,2026-07-01T00:02:16+0200,0f2c1f14-db75-409f-ba89-d4cf4b8f7c81,2026-06-09T00:45:00Z,2026-06-09T02:45:00+0200,5324.39,MW,FR,FR,actual_onshore_wind_generation,Wind Onshore,2026-06-30T22:03:10Z
2026-06-30T22:02:16Z,2026-07-01T00:02:16+0200,0f2c1f14-db75-409f-ba89-d4cf4b8f7c81,2026-06-09T01:00:00Z,2026-06-09T03:00:00+0200,5303.29,MW,FR,FR,actual_onshore_wind_generation,Wind Onshore,2026-06-30T22:03:10Z
2026-06-30T22:02:16Z,2026-07-01T00:02:16+0200,0f2c1f14-db75-409f-ba89-d4cf4b8f7c81,2026-06-09T01:15:00Z,2026-06-09T03:15:00+0200,5270.06,MW,FR,FR,actual_onshore_wind_generation,Wind Onshore,2026-06-30T22:03:10Z
2026-06-30T22:02:16Z,2026-07-01T00:02:16+0200,0f2c1f14-db75-409f-ba89-d4cf4b8f7c81,2026-06-09T01:30:00Z,2026-06-09T03:30:00+0200,5272.08,MW,FR,FR,actual_onshore_wind_generation,Wind Onshore,2026-06-30T22:03:10Z
2026-06-30T22:02:16Z,2026-07-01T00:02:16+0200,0f2c1f14-db75-409f-ba89-d4cf4b8f7c81,2026-06-09T01:45:00Z,2026-06-09T03:45:00+0200,5319.62,MW,FR,FR,actual_onshore_wind_generation,Wind Onshore,2026-06-30T22:03:10Z
2026-06-30T22:02:16Z,2026-07-01T00:02:16+0200,0f2c1f14-db75-409f-ba89-d4cf4b8f7c81,2026-06-09T02:00:00Z,2026-06-09T04:00:00+0200,5206.18,MW,FR,FR,actual_onshore_wind_generation,Wind Onshore,2026-06-30T22:03:10Z
2026-06-30T22:02:16Z,2026-07-01T00:02:16+0200,0f2c1f14-db75-409f-ba89-d4cf4b8f7c81,2026-06-09T02:15:00Z,2026-06-09T04:15:00+0200,5184.37,MW,FR,FR,actual_onshore_wind_generation,Wind Onshore,2026-06-30T22:03:10Z
2026-06-30T22:02:16Z,2026-07-01T00:02:16+0200,0f2c1f14-db75-409f-ba89-d4cf4b8f7c81,2026-06-09T02:30:00Z,2026-06-09T04:30:00+0200,5148.05,MW,FR,FR,actual_onshore_wind_generation,Wind Onshore,2026-06-30T22:03:10Z
2026-06-30T22:02:16Z,2026-07-01T00:02:16+0200,0f2c1f14-db75-409f-ba89-d4cf4b8f7c81,2026-06-09T02:45:00Z,2026-06-09T04:45:00+0200,5050.62,MW,FR,FR,actual_onshore_wind_generation,Wind Onshore,2026-06-30T22:03:10Z
2026-06-30T22:02:16Z,2026-07-01T00:02:16+0200,0f2c1f14-db75-409f-ba89-d4cf4b8f7c81,2026-06-09T03:00:00Z,2026-06-09T05:00:00+0200,5001.78,MW,FR,FR,actual_onshore_wind_generation,Wind Onshore,2026-06-30T22:03:10Z
2026-06-30T22:02:16Z,2026-07-01T00:02:16+0200,0f2c1f14-db75-409f-ba89-d4cf4b8f7c81,2026-06-09T03:15:00Z,2026-06-09T05:15:00+0200,4975.73,MW,FR,FR,actual_onshore_wind_generation,Wind Onshore,2026-06-30T22:03:10Z
2026-06-30T22:02:16Z,2026-07-01T00:02:16+0200,0f2c1f14-db75-409f-ba89-d4cf4b8f7c81,2026-06-09T03:30:00Z,2026-06-09T05:30:00+0200,4849.36,MW,FR,FR,actual_onshore_wind_generation,Wind Onshore,2026-06-30T22:03:10Z
2026-06-30T22:02:16Z,2026-07-01T00:02:16+0200,0f2c1f14-db75-409f-ba89-d4cf4b8f7c81,2026-06-09T03:45:00Z,2026-06-09T05:45:00+0200,4785.15,MW,FR,FR,actual_onshore_wind_generation,Wind Onshore,2026-06-30T22:03:10Z
2026-06-30T22:02:16Z,2026-07-01T00:02:16+0200,0f2c1f14-db75-409f-ba89-d4cf4b8f7c81,2026-06-09T04:00:00Z,2026-06-09T06:00:00+0200,4689.46,MW,FR,FR,actual_onshore_wind_generation,Wind Onshore,2026-06-30T22:03:10Z
2026-06-30T22:02:16Z,2026-07-01T00:02:16+0200,0f2c1f14-db75-409f-ba89-d4cf4b8f7c81,2026-06-09T04:15:00Z,2026-06-09T06:15:00+0200,4570.17,MW,FR,FR,actual_onshore_wind_generation,Wind Onshore,2026-06-30T22:03:10Z
2026-06-30T22:02:16Z,2026-07-01T00:02:16+0200,0f2c1f14-db75-409f-ba89-d4cf4b8f7c81,2026-06-09T04:30:00Z,2026-06-09T06:30:00+0200,4476.41,MW,FR,FR,actual_onshore_wind_generation,Wind Onshore,2026-06-30T22:03:10Z
2026-06-30T22:02:16Z,2026-07-01T00:02:16+0200,0f2c1f14-db75-409f-ba89-d4cf4b8f7c81,2026-06-09T04:45:00Z,2026-06-09T06:45:00+0200,4367.77,MW,FR,FR,actual_onshore_wind_generation,Wind Onshore,2026-06-30T22:03:10Z
2026-06-30T22:02:16Z,2026-07-01T00:02:16+0200,0f2c1f14-db75-409f-ba89-d4cf4b8f7c81,2026-06-09T05:00:00Z,2026-06-09T07:00:00+0200,4233.91,MW,FR,FR,actual_onshore_wind_generation,Wind Onshore,2026-06-30T22:03:10Z
2026-06-30T22:02:16Z,2026-07-01T00:02:16+0200,0f2c1f14-db75-409f-ba89-d4cf4b8f7c81,2026-06-09T05:15:00Z,2026-06-09T07:15:00+0200,3973.57,MW,FR,FR,actual_onshore_wind_generation,Wind Onshore,2026-06-30T22:03:10Z
2026-06-30T22:02:16Z,2026-07-01T00:02:16+0200,0f2c1f14-db75-409f-ba89-d4cf4b8f7c81,2026-06-09T05:30:00Z,2026-06-09T07:30:00+0200,3701.74,MW,FR,FR,actual_onshore_wind_generation,Wind Onshore,2026-06-30T22:03:10Z
2026-06-30T22:02:16Z,2026-07-01T00:02:16+0200,0f2c1f14-db75-409f-ba89-d4cf4b8f7c81,2026-06-09T05:45:00Z,2026-06-09T07:45:00+0200,3460.03,MW,FR,FR,actual_onshore_wind_generation,Wind Onshore,2026-06-30T22:03:10Z
2026-06-30T22:02:16Z,2026-07-01T00:02:16+0200,0f2c1f14-db75-409f-ba89-d4cf4b8f7c81,2026-06-09T06:00:00Z,2026-06-09T08:00:00+0200,3356.48,MW,FR,FR,actual_onshore_wind_generation,Wind Onshore,2026-06-30T22:03:10Z
2026-06-30T22:02:16Z,2026-07-01T00:02:16+0200,0f2c1f14-db75-409f-ba89-d4cf4b8f7c81,2026-06-09T06:15:00Z,2026-06-09T08:15:00+0200,3319.75,MW,FR,FR,actual_onshore_wind_generation,Wind Onshore,2026-06-30T22:03:10Z
2026-06-30T22:02:16Z,2026-07-01T00:02:16+0200,0f2c1f14-db75-409f-ba89-d4cf4b8f7c81,2026-06-09T06:30:00Z,2026-06-09T08:30:00+0200,3293.72,MW,FR,FR,actual_onshore_wind_generation,Wind Onshore,2026-06-30T22:03:10Z
2026-06-30T22:02:16Z,2026-07-01T00:02:16+0200,0f2c1f14-db75-409f-ba89-d4cf4b8f7c81,2026-06-09T06:45:00Z,2026-06-09T08:45:00+0200,3410.03,MW,FR,FR,actual_onshore_wind_generation,Wind Onshore,2026-06-30T22:03:10Z
2026-06-30T22:02:16Z,2026-07-01T00:02:16+0200,0f2c1f14-db75-409f-ba89-d4cf4b8f7c81,2026-06-09T07:00:00Z,2026-06-09T09:00:00+0200,3483.22,MW,FR,FR,actual_onshore_wind_generation,Wind Onshore,2026-06-30T22:03:10Z
2026-06-30T22:02:16Z,2026-07-01T00:02:16+0200,0f2c1f14-db75-409f-ba89-d4cf4b8f7c81,2026-06-09T07:15:00Z,2026-06-09T09:15:00+0200,3593.92,MW,FR,FR,actual_onshore_wind_generation,Wind Onshore,2026-06-30T22:03:10Z
2026-06-30T22:02:16Z,2026-07-01T00:02:16+0200,0f2c1f14-db75-409f-ba89-d4cf4b8f7c81,2026-06-09T07:30:00Z,2026-06-09T09:30:00+0200,3783.37,MW,FR,FR,actual_onshore_wind_generation,Wind Onshore,2026-06-30T22:03:10Z
2026-06-30T22:02:16Z,2026-07-01T00:02:16+0200,0f2c1f14-db75-409f-ba89-d4cf4b8f7c81,2026-06-09T07:45:00Z,2026-06-09T09:45:00+0200,3913.81,MW,FR,FR,actual_onshore_wind_generation,Wind Onshore,2026-06-30T22:03:10Z
2026-06-30T22:02:16Z,2026-07-01T00:02:16+0200,0f2c1f14-db75-409f-ba89-d4cf4b8f7c81,2026-06-09T08:00:00Z,2026-06-09T10:00:00+0200,3734.66,MW,FR,FR,actual_onshore_wind_generation,Wind Onshore,2026-06-30T22:03:10Z
2026-06-30T22:02:16Z,2026-07-01T00:02:16+0200,0f2c1f14-db75-409f-ba89-d4cf4b8f7c81,2026-06-09T08:15:00Z,2026-06-09T10:15:00+0200,2765.93,MW,FR,FR,actual_onshore_wind_generation,Wind Onshore,2026-06-30T22:03:10Z
2026-06-30T22:02:16Z,2026-07-01T00:02:16+0200,0f2c1f14-db75-409f-ba89-d4cf4b8f7c81,2026-06-09T08:30:00Z,2026-06-09T10:30:00+0200,2606.08,MW,FR,FR,actual_onshore_wind_generation,Wind Onshore,2026-06-30T22:03:10Z
2026-06-30T22:02:16Z,2026-07-01T00:02:16+0200,0f2c1f14-db75-409f-ba89-d4cf4b8f7c81,2026-06-09T08:45:00Z,2026-06-09T10:45:00+0200,2736.99,MW,FR,FR,actual_onshore_wind_generation,Wind Onshore,2026-06-30T22:03:10Z
2026-06-30T22:02:16Z,2026-07-01T00:02:16+0200,0f2c1f14-db75-409f-ba89-d4cf4b8f7c81,2026-06-09T09:00:00Z,2026-06-09T11:00:00+0200,2981.18,MW,FR,FR,actual_onshore_wind_generation,Wind Onshore,2026-06-30T22:03:10Z
2026-06-30T22:02:16Z,2026-07-01T00:02:16+0200,0f2c1f14-db75-409f-ba89-d4cf4b8f7c81,2026-06-09T09:15:00Z,2026-06-09T11:15:00+0200,3104.61,MW,FR,FR,actual_onshore_wind_generation,Wind Onshore,2026-06-30T22:03:10Z
2026-06-30T22:02:16Z,2026-07-01T00:02:16+0200,0f2c1f14-db75-409f-ba89-d4cf4b8f7c81,2026-06-09T09:30:00Z,2026-06-09T11:30:00+0200,3108.63,MW,FR,FR,actual_onshore_wind_generation,Wind Onshore,2026-06-30T22:03:10Z
2026-06-30T22:02:16Z,2026-07-01T00:02:16+0200,0f2c1f14-db75-409f-ba89-d4cf4b8f7c81,2026-06-09T09:45:00Z,2026-06-09T11:45:00+0200,3193.45,MW,FR,FR,actual_onshore_wind_generation,Wind Onshore,2026-06-30T22:03:10Z
2026-06-30T22:02:16Z,2026-07-01T00:02:16+0200,0f2c1f14-db75-409f-ba89-d4cf4b8f7c81,2026-06-09T10:00:00Z,2026-06-09T12:00:00+0200,3325.15,MW,FR,FR,actual_onshore_wind_generation,Wind Onshore,2026-06-30T22:03:10Z
2026-06-30T22:02:16Z,2026-07-01T00:02:16+0200,0f2c1f14-db75-409f-ba89-d4cf4b8f7c81,2026-06-09T10:15:00Z,2026-06-09T12:15:00+0200,3482.46,MW,FR,FR,actual_onshore_wind_generation,Wind Onshore,2026-06-30T22:03:10Z
2026-06-30T22:02:16Z,2026-07-01T00:02:16+0200,0f2c1f14-db75-409f-ba89-d4cf4b8f7c81,2026-06-09T10:30:00Z,2026-06-09T12:30:00+0200,3574.92,MW,FR,FR,actual_onshore_wind_generation,Wind Onshore,2026-06-30T22:03:10Z
2026-06-30T22:02:16Z,2026-07-01T00:02:16+0200,0f2c1f14-db75-409f-ba89-d4cf4b8f7c81,2026-06-09T10:45:00Z,2026-06-09T12:45:00+0200,3522.03,MW,FR,FR,actual_onshore_wind_generation,Wind Onshore,2026-06-30T22:03:10Z
2026-06-30T22:02:16Z,2026-07-01T00:02:16+0200,0f2c1f14-db75-409f-ba89-d4cf4b8f7c81,2026-06-09T11:00:00Z,2026-06-09T13:00:00+0200,3645.15,MW,FR,FR,actual_onshore_wind_generation,Wind Onshore,2026-06-30T22:03:10Z
2026-06-30T22:02:16Z,2026-07-01T00:02:16+0200,0f2c1f14-db75-409f-ba89-d4cf4b8f7c81,2026-06-09T11:15:00Z,2026-06-09T13:15:00+0200,3666.72,MW,FR,FR,actual_onshore_wind_generation,Wind Onshore,2026-06-30T22:03:10Z
2026-06-30T22:02:16Z,2026-07-01T00:02:16+0200,0f2c1f14-db75-409f-ba89-d4cf4b8f7c81,2026-06-09T11:30:00Z,2026-06-09T13:30:00+0200,3631.07,MW,FR,FR,actual_onshore_wind_generation,Wind Onshore,2026-06-30T22:03:10Z
2026-06-30T22:02:16Z,2026-07-01T00:02:16+0200,0f2c1f14-db75-409f-ba89-d4cf4b8f7c81,2026-06-09T11:45:00Z,2026-06-09T13:45:00+0200,3650.61,MW,FR,FR,actual_onshore_wind_generation,Wind Onshore,2026-06-30T22:03:10Z
2026-06-30T22:02:16Z,2026-07-01T00:02:16+0200,0f2c1f14-db75-409f-ba89-d4cf4b8f7c81,2026-06-09T12:00:00Z,2026-06-09T14:00:00+0200,3785.99,MW,FR,FR,actual_onshore_wind_generation,Wind Onshore,2026-06-30T22:03:10Z
2026-06-30T22:02:16Z,2026-07-01T00:02:16+0200,0f2c1f14-db75-409f-ba89-d4cf4b8f7c81,2026-06-09T12:15:00Z,2026-06-09T14:15:00+0200,3692.59,MW,FR,FR,actual_onshore_wind_generation,Wind Onshore,2026-06-30T22:03:10Z
2026-06-30T22:02:16Z,2026-07-01T00:02:16+0200,0f2c1f14-db75-409f-ba89-d4cf4b8f7c81,2026-06-09T12:30:00Z,2026-06-09T14:30:00+0200,3746.78,MW,FR,FR,actual_onshore_wind_generation,Wind Onshore,2026-06-30T22:03:10Z
2026-06-30T22:02:16Z,2026-07-01T00:02:16+0200,0f2c1f14-db75-409f-ba89-d4cf4b8f7c81,2026-06-09T12:45:00Z,2026-06-09T14:45:00+0200,3857.63,MW,FR,FR,actual_onshore_wind_generation,Wind Onshore,2026-06-30T22:03:10Z
2026-06-30T22:02:16Z,2026-07-01T00:02:16+0200,0f2c1f14-db75-409f-ba89-d4cf4b8f7c81,2026-06-09T13:00:00Z,2026-06-09T15:00:00+0200,3970.33,MW,FR,FR,actual_onshore_wind_generation,Wind Onshore,2026-06-30T22:03:10Z
2026-06-30T22:02:16Z,2026-07-01T00:02:16+0200,0f2c1f14-db75-409f-ba89-d4cf4b8f7c81,2026-06-09T13:15:00Z,2026-06-09T15:15:00+0200,3898.96,MW,FR,FR,actual_onshore_wind_generation,Wind Onshore,2026-06-30T22:03:10Z
2026-06-30T22:02:16Z,2026-07-01T00:02:16+0200,0f2c1f14-db75-409f-ba89-d4cf4b8f7c81,2026-06-09T13:30:00Z,2026-06-09T15:30:00+0200,3848.04,MW,FR,FR,actual_onshore_wind_generation,Wind Onshore,2026-06-30T22:03:10Z
2026-06-30T22:02:16Z,2026-07-01T00:02:16+0200,0f2c1f14-db75-409f-ba89-d4cf4b8f7c81,2026-06-09T13:45:00Z,2026-06-09T15:45:00+0200,3925.23,MW,FR,FR,actual_onshore_wind_generation,Wind Onshore,2026-06-30T22:03:10Z
2026-06-30T22:02:16Z,2026-07-01T00:02:16+0200,0f2c1f14-db75-409f-ba89-d4cf4b8f7c81,2026-06-09T14:00:00Z,2026-06-09T16:00:00+0200,4023.32,MW,FR,FR,actual_onshore_wind_generation,Wind Onshore,2026-06-30T22:03:10Z
2026-06-30T22:02:16Z,2026-07-01T00:02:16+0200,0f2c1f14-db75-409f-ba89-d4cf4b8f7c81,2026-06-09T14:15:00Z,2026-06-09T16:15:00+0200,4028.51,MW,FR,FR,actual_onshore_wind_generation,Wind Onshore,2026-06-30T22:03:10Z
2026-06-30T22:02:16Z,2026-07-01T00:02:16+0200,0f2c1f14-db75-409f-ba89-d4cf4b8f7c81,2026-06-09T14:30:00Z,2026-06-09T16:30:00+0200,4092.7,MW,FR,FR,actual_onshore_wind_generation,Wind Onshore,2026-06-30T22:03:10Z
2026-06-30T22:02:16Z,2026-07-01T00:02:16+0200,0f2c1f14-db75-409f-ba89-d4cf4b8f7c81,2026-06-09T14:45:00Z,2026-06-09T16:45:00+0200,4122.68,MW,FR,FR,actual_onshore_wind_generation,Wind Onshore,2026-06-30T22:03:10Z
2026-06-30T22:02:16Z,2026-07-01T00:02:16+0200,0f2c1f14-db75-409f-ba89-d4cf4b8f7c81,2026-06-09T15:00:00Z,2026-06-09T17:00:00+0200,4148.46,MW,FR,FR,actual_onshore_wind_generation,Wind Onshore,2026-06-30T22:03:10Z
2026-06-30T22:02:16Z,2026-07-01T00:02:16+0200,0f2c1f14-db75-409f-ba89-d4cf4b8f7c81,2026-06-09T15:15:00Z,2026-06-09T17:15:00+0200,4137.53,MW,FR,FR,actual_onshore_wind_generation,Wind Onshore,2026-06-30T22:03:10Z
2026-06-30T22:02:16Z,2026-07-01T00:02:16+0200,0f2c1f14-db75-409f-ba89-d4cf4b8f7c81,2026-06-09T15:30:00Z,2026-06-09T17:30:00+0200,5280.24,MW,FR,FR,actual_onshore_wind_generation,Wind Onshore,2026-06-30T22:03:10Z
2026-06-30T22:02:16Z,2026-07-01T00:02:16+0200,0f2c1f14-db75-409f-ba89-d4cf4b8f7c81,2026-06-09T15:45:00Z,2026-06-09T17:45:00+0200,6100.88,MW,FR,FR,actual_onshore_wind_generation,Wind Onshore,2026-06-30T22:03:10Z
2026-06-30T22:02:16Z,2026-07-01T00:02:16+0200,0f2c1f14-db75-409f-ba89-d4cf4b8f7c81,2026-06-09T16:00:00Z,2026-06-09T18:00:00+0200,6132.37,MW,FR,FR,actual_onshore_wind_generation,Wind Onshore,2026-06-30T22:03:10Z
2026-06-30T22:02:16Z,2026-07-01T00:02:16+0200,0f2c1f14-db75-409f-ba89-d4cf4b8f7c81,2026-06-09T16:15:00Z,2026-06-09T18:15:00+0200,6104.66,MW,FR,FR,actual_onshore_wind_generation,Wind Onshore,2026-06-30T22:03:10Z
2026-06-30T22:02:16Z,2026-07-01T00:02:16+0200,0f2c1f14-db75-409f-ba89-d4cf4b8f7c81,2026-06-09T16:30:00Z,2026-06-09T18:30:00+0200,6019.63,MW,FR,FR,actual_onshore_wind_generation,Wind Onshore,2026-06-30T22:03:10Z
2026-06-30T22:02:16Z,2026-07-01T00:02:16+0200,0f2c1f14-db75-409f-ba89-d4cf4b8f7c81,2026-06-09T16:45:00Z,2026-06-09T18:45:00+0200,5965.18,MW,FR,FR,actual_onshore_wind_generation,Wind Onshore,2026-06-30T22:03:10Z
2026-06-30T22:02:16Z,2026-07-01T00:02:16+0200,0f2c1f14-db75-409f-ba89-d4cf4b8f7c81,2026-06-09T17:00:00Z,2026-06-09T19:00:00+0200,5900.24,MW,FR,FR,actual_onshore_wind_generation,Wind Onshore,2026-06-30T22:03:10Z
2026-06-30T22:02:16Z,2026-07-01T00:02:16+0200,0f2c1f14-db75-409f-ba89-d4cf4b8f7c81,2026-06-09T17:15:00Z,2026-06-09T19:15:00+0200,5670.96,MW,FR,FR,actual_onshore_wind_generation,Wind Onshore,2026-06-30T22:03:10Z
2026-06-30T22:02:16Z,2026-07-01T00:02:16+0200,0f2c1f14-db75-409f-ba89-d4cf4b8f7c81,2026-06-09T17:30:00Z,2026-06-09T19:30:00+0200,5387.32,MW,FR,FR,actual_onshore_wind_generation,Wind Onshore,2026-06-30T22:03:10Z
2026-06-30T22:02:16Z,2026-07-01T00:02:16+0200,0f2c1f14-db75-409f-ba89-d4cf4b8f7c81,2026-06-09T17:45:00Z,2026-06-09T19:45:00+0200,5139.43,MW,FR,FR,actual_onshore_wind_generation,Wind Onshore,2026-06-30T22:03:10Z
2026-06-30T22:02:16Z,2026-07-01T00:02:16+0200,0f2c1f14-db75-409f-ba89-d4cf4b8f7c81,2026-06-09T18:00:00Z,2026-06-09T20:00:00+0200,4921.8,MW,FR,FR,actual_onshore_wind_generation,Wind Onshore,2026-06-30T22:03:10Z
2026-06-30T22:02:16Z,2026-07-01T00:02:16+0200,0f2c1f14-db75-409f-ba89-d4cf4b8f7c81,2026-06-09T18:15:00Z,2026-06-09T20:15:00+0200,4647.99,MW,FR,FR,actual_onshore_wind_generation,Wind Onshore,2026-06-30T22:03:10Z
2026-06-30T22:02:16Z,2026-07-01T00:02:16+0200,0f2c1f14-db75-409f-ba89-d4cf4b8f7c81,2026-06-09T18:30:00Z,2026-06-09T20:30:00+0200,4395.25,MW,FR,FR,actual_onshore_wind_generation,Wind Onshore,2026-06-30T22:03:10Z
2026-06-30T22:02:16Z,2026-07-01T00:02:16+0200,0f2c1f14-db75-409f-ba89-d4cf4b8f7c81,2026-06-09T18:45:00Z,2026-06-09T20:45:00+0200,4135.7,MW,FR,FR,actual_onshore_wind_generation,Wind Onshore,2026-06-30T22:03:10Z
2026-06-30T22:02:16Z,2026-07-01T00:02:16+0200,0f2c1f14-db75-409f-ba89-d4cf4b8f7c81,2026-06-09T19:00:00Z,2026-06-09T21:00:00+0200,3877.53,MW,FR,FR,actual_onshore_wind_generation,Wind Onshore,2026-06-30T22:03:10Z
2026-06-30T22:02:16Z,2026-07-01T00:02:16+0200,0f2c1f14-db75-409f-ba89-d4cf4b8f7c81,2026-06-09T19:15:00Z,2026-06-09T21:15:00+0200,3695.79,MW,FR,FR,actual_onshore_wind_generation,Wind Onshore,2026-06-30T22:03:10Z
2026-06-30T22:02:16Z,2026-07-01T00:02:16+0200,0f2c1f14-db75-409f-ba89-d4cf4b8f7c81,2026-06-09T19:30:00Z,2026-06-09T21:30:00+0200,3529.22,MW,FR,FR,actual_onshore_wind_generation,Wind Onshore,2026-06-30T22:03:10Z
2026-06-30T22:02:16Z,2026-07-01T00:02:16+0200,0f2c1f14-db75-409f-ba89-d4cf4b8f7c81,2026-06-09T19:45:00Z,2026-06-09T21:45:00+0200,3281.14,MW,FR,FR,actual_onshore_wind_generation,Wind Onshore,2026-06-30T22:03:10Z
2026-06-30T22:02:16Z,2026-07-01T00:02:16+0200,0f2c1f14-db75-409f-ba89-d4cf4b8f7c81,2026-06-09T20:00:00Z,2026-06-09T22:00:00+0200,3110.08,MW,FR,FR,actual_onshore_wind_generation,Wind Onshore,2026-06-30T22:03:10Z
2026-06-30T22:02:16Z,2026-07-01T00:02:16+0200,0f2c1f14-db75-409f-ba89-d4cf4b8f7c81,2026-06-09T20:15:00Z,2026-06-09T22:15:00+0200,3019.6,MW,FR,FR,actual_onshore_wind_generation,Wind Onshore,2026-06-30T22:03:10Z
2026-06-30T22:02:16Z,2026-07-01T00:02:16+0200,0f2c1f14-db75-409f-ba89-d4cf4b8f7c81,2026-06-09T20:30:00Z,2026-06-09T22:30:00+0200,2952.22,MW,FR,FR,actual_onshore_wind_generation,Wind Onshore,2026-06-30T22:03:10Z
2026-06-30T22:02:16Z,2026-07-01T00:02:16+0200,0f2c1f14-db75-409f-ba89-d4cf4b8f7c81,2026-06-09T20:45:00Z,2026-06-09T22:45:00+0200,2914.82,MW,FR,FR,actual_onshore_wind_generation,Wind Onshore,2026-06-30T22:03:10Z
2026-06-30T22:02:16Z,2026-07-01T00:02:16+0200,0f2c1f14-db75-409f-ba89-d4cf4b8f7c81,2026-06-09T21:00:00Z,2026-06-09T23:00:00+0200,2956.62,MW,FR,FR,actual_onshore_wind_generation,Wind Onshore,2026-06-30T22:03:10Z
2026-06-30T22:02:16Z,2026-07-01T00:02:16+0200,0f2c1f14-db75-409f-ba89-d4cf4b8f7c81,2026-06-09T21:15:00Z,2026-06-09T23:15:00+0200,2915.12,MW,FR,FR,actual_onshore_wind_generation,Wind Onshore,2026-06-30T22:03:10Z
2026-06-30T22:02:16Z,2026-07-01T00:02:16+0200,0f2c1f14-db75-409f-ba89-d4cf4b8f7c81,2026-06-09T21:30:00Z,2026-06-09T23:30:00+0200,2961.05,MW,FR,FR,actual_onshore_wind_generation,Wind Onshore,2026-06-30T22:03:10Z
2026-06-30T22:02:16Z,2026-07-01T00:02:16+0200,0f2c1f14-db75-409f-ba89-d4cf4b8f7c81,2026-06-09T21:45:00Z,2026-06-09T23:45:00+0200,2987.0,MW,FR,FR,actual_onshore_wind_generation,Wind Onshore,2026-06-30T22:03:10Z
2026-06-30T22:02:16Z,2026-07-01T00:02:16+0200,0f2c1f14-db75-409f-ba89-d4cf4b8f7c81,2026-06-09T22:00:00Z,2026-06-10T00:00:00+0200,3014.16,MW,FR,FR,actual_onshore_wind_generation,Wind Onshore,2026-06-30T22:03:10Z
2026-06-30T22:02:16Z,2026-07-01T00:02:16+0200,0f2c1f14-db75-409f-ba89-d4cf4b8f7c81,2026-06-09T22:15:00Z,2026-06-10T00:15:00+0200,3032.31,MW,FR,FR,actual_onshore_wind_generation,Wind Onshore,2026-06-30T22:03:10Z
2026-06-30T22:02:16Z,2026-07-01T00:02:16+0200,0f2c1f14-db75-409f-ba89-d4cf4b8f7c81,2026-06-09T22:30:00Z,2026-06-10T00:30:00+0200,3033.36,MW,FR,FR,actual_onshore_wind_generation,Wind Onshore,2026-06-30T22:03:10Z
2026-06-30T22:02:16Z,2026-07-01T00:02:16+0200,0f2c1f14-db75-409f-ba89-d4cf4b8f7c81,2026-06-09T22:45:00Z,2026-06-10T00:45:00+0200,2982.17,MW,FR,FR,actual_onshore_wind_generation,Wind Onshore,2026-06-30T22:03:10Z
2026-06-30T22:02:16Z,2026-07-01T00:02:16+0200,0f2c1f14-db75-409f-ba89-d4cf4b8f7c81,2026-06-09T23:00:00Z,2026-06-10T01:00:00+0200,2930.4,MW,FR,FR,actual_onshore_wind_generation,Wind Onshore,2026-06-30T22:03:10Z
2026-06-30T22:02:16Z,2026-07-01T00:02:16+0200,0f2c1f14-db75-409f-ba89-d4cf4b8f7c81,2026-06-09T23:15:00Z,2026-06-10T01:15:00+0200,2853.87,MW,FR,FR,actual_onshore_wind_generation,Wind Onshore,2026-06-30T22:03:10Z
2026-06-30T22:02:16Z,2026-07-01T00:02:16+0200,0f2c1f14-db75-409f-ba89-d4cf4b8f7c81,2026-06-09T23:30:00Z,2026-06-10T01:30:00+0200,2721.82,MW,FR,FR,actual_onshore_wind_generation,Wind Onshore,2026-06-30T22:03:10Z
2026-06-30T22:02:16Z,2026-07-01T00:02:16+0200,0f2c1f14-db75-409f-ba89-d4cf4b8f7c81,2026-06-09T23:45:00Z,2026-06-10T01:45:00+0200,2730.55,MW,FR,FR,actual_onshore_wind_generation,Wind Onshore,2026-06-30T22:03:10Z
2026-06-30T22:02:16Z,2026-07-01T00:02:16+0200,0f2c1f14-db75-409f-ba89-d4cf4b8f7c81,2026-06-10T00:00:00Z,2026-06-10T02:00:00+0200,2688.47,MW,FR,FR,actual_onshore_wind_generation,Wind Onshore,2026-06-30T22:03:10Z
2026-06-30T22:02:16Z,2026-07-01T00:02:16+0200,0f2c1f14-db75-409f-ba89-d4cf4b8f7c81,2026-06-10T00:15:00Z,2026-06-10T02:15:00+0200,2602.13,MW,FR,FR,actual_onshore_wind_generation,Wind Onshore,2026-06-30T22:03:10Z
2026-06-30T22:02:16Z,2026-07-01T00:02:16+0200,0f2c1f14-db75-409f-ba89-d4cf4b8f7c81,2026-06-10T00:30:00Z,2026-06-10T02:30:00+0200,2627.21,MW,FR,FR,actual_onshore_wind_generation,Wind Onshore,2026-06-30T22:03:10Z
2026-06-30T22:02:16Z,2026-07-01T00:02:16+0200,0f2c1f14-db75-409f-ba89-d4cf4b8f7c81,2026-06-10T00:45:00Z,2026-06-10T02:45:00+0200,2666.09,MW,FR,FR,actual_onshore_wind_generation,Wind Onshore,2026-06-30T22:03:10Z
2026-06-30T22:02:16Z,2026-07-01T00:02:16+0200,0f2c1f14-db75-409f-ba89-d4cf4b8f7c81,2026-06-10T01:00:00Z,2026-06-10T03:00:00+0200,2694.69,MW,FR,FR,actual_onshore_wind_generation,Wind Onshore,2026-06-30T22:03:10Z
2026-06-30T22:02:16Z,2026-07-01T00:02:16+0200,0f2c1f14-db75-409f-ba89-d4cf4b8f7c81,2026-06-10T01:15:00Z,2026-06-10T03:15:00+0200,2737.98,MW,FR,FR,actual_onshore_wind_generation,Wind Onshore,2026-06-30T22:03:10Z
2026-06-30T22:02:16Z,2026-07-01T00:02:16+0200,0f2c1f14-db75-409f-ba89-d4cf4b8f7c81,2026-06-10T01:30:00Z,2026-06-10T03:30:00+0200,2726.13,MW,FR,FR,actual_onshore_wind_generation,Wind Onshore,2026-06-30T22:03:10Z
2026-06-30T22:02:16Z,2026-07-01T00:02:16+0200,0f2c1f14-db75-409f-ba89-d4cf4b8f7c81,2026-06-10T01:45:00Z,2026-06-10T03:45:00+0200,2744.36,MW,FR,FR,actual_onshore_wind_generation,Wind Onshore,2026-06-30T22:03:10Z
2026-06-30T22:02:16Z,2026-07-01T00:02:16+0200,0f2c1f14-db75-409f-ba89-d4cf4b8f7c81,2026-06-10T02:00:00Z,2026-06-10T04:00:00+0200,2745.78,MW,FR,FR,actual_onshore_wind_generation,Wind Onshore,2026-06-30T22:03:10Z
2026-06-30T22:02:16Z,2026-07-01T00:02:16+0200,0f2c1f14-db75-409f-ba89-d4cf4b8f7c81,2026-06-10T02:15:00Z,2026-06-10T04:15:00+0200,2684.82,MW,FR,FR,actual_onshore_wind_generation,Wind Onshore,2026-06-30T22:03:10Z
2026-06-30T22:02:16Z,2026-07-01T00:02:16+0200,0f2c1f14-db75-409f-ba89-d4cf4b8f7c81,2026-06-10T02:30:00Z,2026-06-10T04:30:00+0200,2673.37,MW,FR,FR,actual_onshore_wind_generation,Wind Onshore,2026-06-30T22:03:10Z
2026-06-30T22:02:16Z,2026-07-01T00:02:16+0200,0f2c1f14-db75-409f-ba89-d4cf4b8f7c81,2026-06-10T02:45:00Z,2026-06-10T04:45:00+0200,2692.21,MW,FR,FR,actual_onshore_wind_generation,Wind Onshore,2026-06-30T22:03:10Z
2026-06-30T22:02:16Z,2026-07-01T00:02:16+0200,0f2c1f14-db75-409f-ba89-d4cf4b8f7c81,2026-06-10T03:00:00Z,2026-06-10T05:00:00+0200,2724.24,MW,FR,FR,actual_onshore_wind_generation,Wind Onshore,2026-06-30T22:03:10Z
2026-06-30T22:02:16Z,2026-07-01T00:02:16+0200,0f2c1f14-db75-409f-ba89-d4cf4b8f7c81,2026-06-10T03:15:00Z,2026-06-10T05:15:00+0200,2750.74,MW,FR,FR,actual_onshore_wind_generation,Wind Onshore,2026-06-30T22:03:10Z
2026-06-30T22:02:16Z,2026-07-01T00:02:16+0200,0f2c1f14-db75-409f-ba89-d4cf4b8f7c81,2026-06-10T03:30:00Z,2026-06-10T05:30:00+0200,2739.44,MW,FR,FR,actual_onshore_wind_generation,Wind Onshore,2026-06-30T22:03:10Z
2026-06-30T22:02:16Z,2026-07-01T00:02:16+0200,0f2c1f14-db75-409f-ba89-d4cf4b8f7c81,2026-06-10T03:45:00Z,2026-06-10T05:45:00+0200,2766.96,MW,FR,FR,actual_onshore_wind_generation,Wind Onshore,2026-06-30T22:03:10Z
2026-06-30T22:02:16Z,2026-07-01T00:02:16+0200,0f2c1f14-db75-409f-ba89-d4cf4b8f7c81,2026-06-10T04:00:00Z,2026-06-10T06:00:00+0200,2793.7,MW,FR,FR,actual_onshore_wind_generation,Wind Onshore,2026-06-30T22:03:10Z
2026-06-30T22:02:16Z,2026-07-01T00:02:16+0200,0f2c1f14-db75-409f-ba89-d4cf4b8f7c81,2026-06-10T04:15:00Z,2026-06-10T06:15:00+0200,2782.4,MW,FR,FR,actual_onshore_wind_generation,Wind Onshore,2026-06-30T22:03:10Z
2026-06-30T22:02:16Z,2026-07-01T00:02:16+0200,0f2c1f14-db75-409f-ba89-d4cf4b8f7c81,2026-06-10T04:30:00Z,2026-06-10T06:30:00+0200,2736.1,MW,FR,FR,actual_onshore_wind_generation,Wind Onshore,2026-06-30T22:03:10Z
2026-06-30T22:02:16Z,2026-07-01T00:02:16+0200,0f2c1f14-db75-409f-ba89-d4cf4b8f7c81,2026-06-10T04:45:00Z,2026-06-10T06:45:00+0200,2707.63,MW,FR,FR,actual_onshore_wind_generation,Wind Onshore,2026-06-30T22:03:10Z
2026-06-30T22:02:16Z,2026-07-01T00:02:16+0200,0f2c1f14-db75-409f-ba89-d4cf4b8f7c81,2026-06-10T05:00:00Z,2026-06-10T07:00:00+0200,2622.26,MW,FR,FR,actual_onshore_wind_generation,Wind Onshore,2026-06-30T22:03:10Z
2026-06-30T22:02:16Z,2026-07-01T00:02:16+0200,0f2c1f14-db75-409f-ba89-d4cf4b8f7c81,2026-06-10T05:15:00Z,2026-06-10T07:15:00+0200,2474.76,MW,FR,FR,actual_onshore_wind_generation,Wind Onshore,2026-06-30T22:03:10Z
2026-06-30T22:02:16Z,2026-07-01T00:02:16+0200,0f2c1f14-db75-409f-ba89-d4cf4b8f7c81,2026-06-10T05:30:00Z,2026-06-10T07:30:00+0200,2338.95,MW,FR,FR,actual_onshore_wind_generation,Wind Onshore,2026-06-30T22:03:10Z
2026-06-30T22:02:16Z,2026-07-01T00:02:16+0200,0f2c1f14-db75-409f-ba89-d4cf4b8f7c81,2026-06-10T05:45:00Z,2026-06-10T07:45:00+0200,2243.22,MW,FR,FR,actual_onshore_wind_generation,Wind Onshore,2026-06-30T22:03:10Z
2026-06-30T22:02:16Z,2026-07-01T00:02:16+0200,0f2c1f14-db75-409f-ba89-d4cf4b8f7c81,2026-06-10T06:00:00Z,2026-06-10T08:00:00+0200,2097.37,MW,FR,FR,actual_onshore_wind_generation,Wind Onshore,2026-06-30T22:03:10Z
2026-06-30T22:02:16Z,2026-07-01T00:02:16+0200,0f2c1f14-db75-409f-ba89-d4cf4b8f7c81,2026-06-10T06:15:00Z,2026-06-10T08:15:00+0200,1988.46,MW,FR,FR,actual_onshore_wind_generation,Wind Onshore,2026-06-30T22:03:10Z
2026-06-30T22:02:16Z,2026-07-01T00:02:16+0200,0f2c1f14-db75-409f-ba89-d4cf4b8f7c81,2026-06-10T06:30:00Z,2026-06-10T08:30:00+0200,1971.83,MW,FR,FR,actual_onshore_wind_generation,Wind Onshore,2026-06-30T22:03:10Z
2026-06-30T22:02:16Z,2026-07-01T00:02:16+0200,0f2c1f14-db75-409f-ba89-d4cf4b8f7c81,2026-06-10T06:45:00Z,2026-06-10T08:45:00+0200,2078.56,MW,FR,FR,actual_onshore_wind_generation,Wind Onshore,2026-06-30T22:03:10Z
2026-06-30T22:02:16Z,2026-07-01T00:02:16+0200,0f2c1f14-db75-409f-ba89-d4cf4b8f7c81,2026-06-10T07:00:00Z,2026-06-10T09:00:00+0200,2165.4,MW,FR,FR,actual_onshore_wind_generation,Wind Onshore,2026-06-30T22:03:10Z
2026-06-30T22:02:16Z,2026-07-01T00:02:16+0200,0f2c1f14-db75-409f-ba89-d4cf4b8f7c81,2026-06-10T07:15:00Z,2026-06-10T09:15:00+0200,2288.02,MW,FR,FR,actual_onshore_wind_generation,Wind Onshore,2026-06-30T22:03:10Z
2026-06-30T22:02:16Z,2026-07-01T00:02:16+0200,0f2c1f14-db75-409f-ba89-d4cf4b8f7c81,2026-06-10T07:30:00Z,2026-06-10T09:30:00+0200,2261.06,MW,FR,FR,actual_onshore_wind_generation,Wind Onshore,2026-06-30T22:03:10Z
2026-06-30T22:02:16Z,2026-07-01T00:02:16+0200,0f2c1f14-db75-409f-ba89-d4cf4b8f7c81,2026-06-10T07:45:00Z,2026-06-10T09:45:00+0200,2342.93,MW,FR,FR,actual_onshore_wind_generation,Wind Onshore,2026-06-30T22:03:10Z
2026-06-30T22:02:16Z,2026-07-01T00:02:16+0200,0f2c1f14-db75-409f-ba89-d4cf4b8f7c81,2026-06-10T08:00:00Z,2026-06-10T10:00:00+0200,2445.16,MW,FR,FR,actual_onshore_wind_generation,Wind Onshore,2026-06-30T22:03:10Z
2026-06-30T22:02:16Z,2026-07-01T00:02:16+0200,0f2c1f14-db75-409f-ba89-d4cf4b8f7c81,2026-06-10T08:15:00Z,2026-06-10T10:15:00+0200,2496.57,MW,FR,FR,actual_onshore_wind_generation,Wind Onshore,2026-06-30T22:03:10Z
2026-06-30T22:02:16Z,2026-07-01T00:02:16+0200,0f2c1f14-db75-409f-ba89-d4cf4b8f7c81,2026-06-10T08:30:00Z,2026-06-10T10:30:00+0200,2374.23,MW,FR,FR,actual_onshore_wind_generation,Wind Onshore,2026-06-30T22:03:10Z
2026-06-30T22:02:16Z,2026-07-01T00:02:16+0200,0f2c1f14-db75-409f-ba89-d4cf4b8f7c81,2026-06-10T08:45:00Z,2026-06-10T10:45:00+0200,1826.73,MW,FR,FR,actual_onshore_wind_generation,Wind Onshore,2026-06-30T22:03:10Z
2026-06-30T22:02:16Z,2026-07-01T00:02:16+0200,0f2c1f14-db75-409f-ba89-d4cf4b8f7c81,2026-06-10T09:00:00Z,2026-06-10T11:00:00+0200,1839.06,MW,FR,FR,actual_onshore_wind_generation,Wind Onshore,2026-06-30T22:03:10Z
2026-06-30T22:02:16Z,2026-07-01T00:02:16+0200,0f2c1f14-db75-409f-ba89-d4cf4b8f7c81,2026-06-10T09:15:00Z,2026-06-10T11:15:00+0200,1885.79,MW,FR,FR,actual_onshore_wind_generation,Wind Onshore,2026-06-30T22:03:10Z
2026-06-30T22:02:16Z,2026-07-01T00:02:16+0200,0f2c1f14-db75-409f-ba89-d4cf4b8f7c81,2026-06-10T09:30:00Z,2026-06-10T11:30:00+0200,2062.77,MW,FR,FR,actual_onshore_wind_generation,Wind Onshore,2026-06-30T22:03:10Z
2026-06-30T22:02:16Z,2026-07-01T00:02:16+0200,0f2c1f14-db75-409f-ba89-d4cf4b8f7c81,2026-06-10T09:45:00Z,2026-06-10T11:45:00+0200,2061.24,MW,FR,FR,actual_onshore_wind_generation,Wind Onshore,2026-06-30T22:03:10Z
2026-06-30T22:02:16Z,2026-07-01T00:02:16+0200,0f2c1f14-db75-409f-ba89-d4cf4b8f7c81,2026-06-10T10:00:00Z,2026-06-10T12:00:00+0200,2234.81,MW,FR,FR,actual_onshore_wind_generation,Wind Onshore,2026-06-30T22:03:10Z
2026-06-30T22:02:16Z,2026-07-01T00:02:16+0200,0f2c1f14-db75-409f-ba89-d4cf4b8f7c81,2026-06-10T10:15:00Z,2026-06-10T12:15:00+0200,2421.73,MW,FR,FR,actual_onshore_wind_generation,Wind Onshore,2026-06-30T22:03:10Z
2026-06-30T22:02:16Z,2026-07-01T00:02:16+0200,0f2c1f14-db75-409f-ba89-d4cf4b8f7c81,2026-06-10T10:30:00Z,2026-06-10T12:30:00+0200,2556.42,MW,FR,FR,actual_onshore_wind_generation,Wind Onshore,2026-06-30T22:03:10Z
2026-06-30T22:02:16Z,2026-07-01T00:02:16+0200,0f2c1f14-db75-409f-ba89-d4cf4b8f7c81,2026-06-10T10:45:00Z,2026-06-10T12:45:00+0200,2667.16,MW,FR,FR,actual_onshore_wind_generation,Wind Onshore,2026-06-30T22:03:10Z
2026-06-30T22:02:16Z,2026-07-01T00:02:16+0200,0f2c1f14-db75-409f-ba89-d4cf4b8f7c81,2026-06-10T11:00:00Z,2026-06-10T13:00:00+0200,2742.02,MW,FR,FR,actual_onshore_wind_generation,Wind Onshore,2026-06-30T22:03:10Z
2026-06-30T22:02:16Z,2026-07-01T00:02:16+0200,0f2c1f14-db75-409f-ba89-d4cf4b8f7c81,2026-06-10T11:15:00Z,2026-06-10T13:15:00+0200,2909.3,MW,FR,FR,actual_onshore_wind_generation,Wind Onshore,2026-06-30T22:03:10Z
2026-06-30T22:02:16Z,2026-07-01T00:02:16+0200,0f2c1f14-db75-409f-ba89-d4cf4b8f7c81,2026-06-10T11:30:00Z,2026-06-10T13:30:00+0200,3002.02,MW,FR,FR,actual_onshore_wind_generation,Wind Onshore,2026-06-30T22:03:10Z
2026-06-30T22:02:16Z,2026-07-01T00:02:16+0200,0f2c1f14-db75-409f-ba89-d4cf4b8f7c81,2026-06-10T11:45:00Z,2026-06-10T13:45:00+0200,3117.3,MW,FR,FR,actual_onshore_wind_generation,Wind Onshore,2026-06-30T22:03:10Z
2026-06-30T22:02:16Z,2026-07-01T00:02:16+0200,0f2c1f14-db75-409f-ba89-d4cf4b8f7c81,2026-06-10T12:00:00Z,2026-06-10T14:00:00+0200,3206.61,MW,FR,FR,actual_onshore_wind_generation,Wind Onshore,2026-06-30T22:03:10Z
2026-06-30T22:02:16Z,2026-07-01T00:02:16+0200,0f2c1f14-db75-409f-ba89-d4cf4b8f7c81,2026-06-10T12:15:00Z,2026-06-10T14:15:00+0200,3277.74,MW,FR,FR,actual_onshore_wind_generation,Wind Onshore,2026-06-30T22:03:10Z
2026-06-30T22:02:16Z,2026-07-01T00:02:16+0200,0f2c1f14-db75-409f-ba89-d4cf4b8f7c81,2026-06-10T12:30:00Z,2026-06-10T14:30:00+0200,3265.45,MW,FR,FR,actual_onshore_wind_generation,Wind Onshore,2026-06-30T22:03:10Z
2026-06-30T22:02:16Z,2026-07-01T00:02:16+0200,0f2c1f14-db75-409f-ba89-d4cf4b8f7c81,2026-06-10T12:45:00Z,2026-06-10T14:45:00+0200,3294.28,MW,FR,FR,actual_onshore_wind_generation,Wind Onshore,2026-06-30T22:03:10Z
2026-06-30T22:02:16Z,2026-07-01T00:02:16+0200,0f2c1f14-db75-409f-ba89-d4cf4b8f7c81,2026-06-10T13:00:00Z,2026-06-10T15:00:00+0200,3262.19,MW,FR,FR,actual_onshore_wind_generation,Wind Onshore,2026-06-30T22:03:10Z
2026-06-30T22:02:16Z,2026-07-01T00:02:16+0200,0f2c1f14-db75-409f-ba89-d4cf4b8f7c81,2026-06-10T13:15:00Z,2026-06-10T15:15:00+0200,3473.72,MW,FR,FR,actual_onshore_wind_generation,Wind Onshore,2026-06-30T22:03:10Z
2026-06-30T22:02:16Z,2026-07-01T00:02:16+0200,0f2c1f14-db75-409f-ba89-d4cf4b8f7c81,2026-06-10T13:30:00Z,2026-06-10T15:30:00+0200,3389.14,MW,FR,FR,actual_onshore_wind_generation,Wind Onshore,2026-06-30T22:03:10Z
2026-06-30T22:02:16Z,2026-07-01T00:02:16+0200,0f2c1f14-db75-409f-ba89-d4cf4b8f7c81,2026-06-10T13:45:00Z,2026-06-10T15:45:00+0200,3211.83,MW,FR,FR,actual_onshore_wind_generation,Wind Onshore,2026-06-30T22:03:10Z
2026-06-30T22:02:16Z,2026-07-01T00:02:16+0200,0f2c1f14-db75-409f-ba89-d4cf4b8f7c81,2026-06-10T14:00:00Z,2026-06-10T16:00:00+0200,3476.31,MW,FR,FR,actual_onshore_wind_generation,Wind Onshore,2026-06-30T22:03:10Z
2026-06-30T22:02:16Z,2026-07-01T00:02:16+0200,0f2c1f14-db75-409f-ba89-d4cf4b8f7c81,2026-06-10T14:15:00Z,2026-06-10T16:15:00+0200,3564.08,MW,FR,FR,actual_onshore_wind_generation,Wind Onshore,2026-06-30T22:03:10Z
2026-06-30T22:02:16Z,2026-07-01T00:02:16+0200,0f2c1f14-db75-409f-ba89-d4cf4b8f7c81,2026-06-10T14:30:00Z,2026-06-10T16:30:00+0200,3591.53,MW,FR,FR,actual_onshore_wind_generation,Wind Onshore,2026-06-30T22:03:10Z
2026-06-30T22:02:16Z,2026-07-01T00:02:16+0200,0f2c1f14-db75-409f-ba89-d4cf4b8f7c81,2026-06-10T14:45:00Z,2026-06-10T16:45:00+0200,3755.49,MW,FR,FR,actual_onshore_wind_generation,Wind Onshore,2026-06-30T22:03:10Z
2026-06-30T22:02:16Z,2026-07-01T00:02:16+0200,0f2c1f14-db75-409f-ba89-d4cf4b8f7c81,2026-06-10T15:00:00Z,2026-06-10T17:00:00+0200,4468.61,MW,FR,FR,actual_onshore_wind_generation,Wind Onshore,2026-06-30T22:03:10Z
2026-06-30T22:02:16Z,2026-07-01T00:02:16+0200,0f2c1f14-db75-409f-ba89-d4cf4b8f7c81,2026-06-10T15:15:00Z,2026-06-10T17:15:00+0200,4930.03,MW,FR,FR,actual_onshore_wind_generation,Wind Onshore,2026-06-30T22:03:10Z
2026-06-30T22:02:16Z,2026-07-01T00:02:16+0200,0f2c1f14-db75-409f-ba89-d4cf4b8f7c81,2026-06-10T15:30:00Z,2026-06-10T17:30:00+0200,5001.36,MW,FR,FR,actual_onshore_wind_generation,Wind Onshore,2026-06-30T22:03:10Z
2026-06-30T22:02:16Z,2026-07-01T00:02:16+0200,0f2c1f14-db75-409f-ba89-d4cf4b8f7c81,2026-06-10T15:45:00Z,2026-06-10T17:45:00+0200,4814.98,MW,FR,FR,actual_onshore_wind_generation,Wind Onshore,2026-06-30T22:03:10Z
2026-06-30T22:02:16Z,2026-07-01T00:02:16+0200,0f2c1f14-db75-409f-ba89-d4cf4b8f7c81,2026-06-10T16:00:00Z,2026-06-10T18:00:00+0200,5516.76,MW,FR,FR,actual_onshore_wind_generation,Wind Onshore,2026-06-30T22:03:10Z
2026-06-30T22:02:16Z,2026-07-01T00:02:16+0200,0f2c1f14-db75-409f-ba89-d4cf4b8f7c81,2026-06-10T16:15:00Z,2026-06-10T18:15:00+0200,6367.57,MW,FR,FR,actual_onshore_wind_generation,Wind Onshore,2026-06-30T22:03:10Z
2026-06-30T22:02:16Z,2026-07-01T00:02:16+0200,0f2c1f14-db75-409f-ba89-d4cf4b8f7c81,2026-06-10T16:30:00Z,2026-06-10T18:30:00+0200,6285.93,MW,FR,FR,actual_onshore_wind_generation,Wind Onshore,2026-06-30T22:03:10Z
2026-06-30T22:02:16Z,2026-07-01T00:02:16+0200,0f2c1f14-db75-409f-ba89-d4cf4b8f7c81,2026-06-10T16:45:00Z,2026-06-10T18:45:00+0200,6486.17,MW,FR,FR,actual_onshore_wind_generation,Wind Onshore,2026-06-30T22:03:10Z
2026-06-30T22:02:16Z,2026-07-01T00:02:16+0200,0f2c1f14-db75-409f-ba89-d4cf4b8f7c81,2026-06-10T17:00:00Z,2026-06-10T19:00:00+0200,6639.84,MW,FR,FR,actual_onshore_wind_generation,Wind Onshore,2026-06-30T22:03:10Z
2026-06-30T22:02:16Z,2026-07-01T00:02:16+0200,0f2c1f14-db75-409f-ba89-d4cf4b8f7c81,2026-06-10T17:15:00Z,2026-06-10T19:15:00+0200,6595.73,MW,FR,FR,actual_onshore_wind_generation,Wind Onshore,2026-06-30T22:03:10Z
2026-06-30T22:02:16Z,2026-07-01T00:02:16+0200,0f2c1f14-db75-409f-ba89-d4cf4b8f7c81,2026-06-10T17:30:00Z,2026-06-10T19:30:00+0200,6716.52,MW,FR,FR,actual_onshore_wind_generation,Wind Onshore,2026-06-30T22:03:10Z
2026-06-30T22:02:16Z,2026-07-01T00:02:16+0200,0f2c1f14-db75-409f-ba89-d4cf4b8f7c81,2026-06-10T17:45:00Z,2026-06-10T19:45:00+0200,6405.08,MW,FR,FR,actual_onshore_wind_generation,Wind Onshore,2026-06-30T22:03:10Z
2026-06-30T22:02:16Z,2026-07-01T00:02:16+0200,0f2c1f14-db75-409f-ba89-d4cf4b8f7c81,2026-06-10T18:00:00Z,2026-06-10T20:00:00+0200,6116.33,MW,FR,FR,actual_onshore_wind_generation,Wind Onshore,2026-06-30T22:03:10Z
2026-06-30T22:02:16Z,2026-07-01T00:02:16+0200,0f2c1f14-db75-409f-ba89-d4cf4b8f7c81,2026-06-10T18:15:00Z,2026-06-10T20:15:00+0200,5863.31,MW,FR,FR,actual_onshore_wind_generation,Wind Onshore,2026-06-30T22:03:10Z
2026-06-30T22:02:16Z,2026-07-01T00:02:16+0200,0f2c1f14-db75-409f-ba89-d4cf4b8f7c81,2026-06-10T18:30:00Z,2026-06-10T20:30:00+0200,5498.87,MW,FR,FR,actual_onshore_wind_generation,Wind Onshore,2026-06-30T22:03:10Z
2026-06-30T22:02:16Z,2026-07-01T00:02:16+0200,0f2c1f14-db75-409f-ba89-d4cf4b8f7c81,2026-06-10T18:45:00Z,2026-06-10T20:45:00+0200,5143.71,MW,FR,FR,actual_onshore_wind_generation,Wind Onshore,2026-06-30T22:03:10Z
2026-06-30T22:02:16Z,2026-07-01T00:02:16+0200,0f2c1f14-db75-409f-ba89-d4cf4b8f7c81,2026-06-10T19:00:00Z,2026-06-10T21:00:00+0200,4907.05,MW,FR,FR,actual_onshore_wind_generation,Wind Onshore,2026-06-30T22:03:10Z
2026-06-30T22:02:16Z,2026-07-01T00:02:16+0200,0f2c1f14-db75-409f-ba89-d4cf4b8f7c81,2026-06-10T19:15:00Z,2026-06-10T21:15:00+0200,4652.4,MW,FR,FR,actual_onshore_wind_generation,Wind Onshore,2026-06-30T22:03:10Z
2026-06-30T22:02:16Z,2026-07-01T00:02:16+0200,0f2c1f14-db75-409f-ba89-d4cf4b8f7c81,2026-06-10T19:30:00Z,2026-06-10T21:30:00+0200,4456.17,MW,FR,FR,actual_onshore_wind_generation,Wind Onshore,2026-06-30T22:03:10Z
2026-06-30T22:02:16Z,2026-07-01T00:02:16+0200,0f2c1f14-db75-409f-ba89-d4cf4b8f7c81,2026-06-10T19:45:00Z,2026-06-10T21:45:00+0200,4235.24,MW,FR,FR,actual_onshore_wind_generation,Wind Onshore,2026-06-30T22:03:10Z
2026-06-30T22:02:16Z,2026-07-01T00:02:16+0200,0f2c1f14-db75-409f-ba89-d4cf4b8f7c81,2026-06-10T20:00:00Z,2026-06-10T22:00:00+0200,4088.03,MW,FR,FR,actual_onshore_wind_generation,Wind Onshore,2026-06-30T22:03:10Z
2026-06-30T22:02:16Z,2026-07-01T00:02:16+0200,0f2c1f14-db75-409f-ba89-d4cf4b8f7c81,2026-06-10T20:15:00Z,2026-06-10T22:15:00+0200,4071.7,MW,FR,FR,actual_onshore_wind_generation,Wind Onshore,2026-06-30T22:03:10Z
2026-06-30T22:02:16Z,2026-07-01T00:02:16+0200,0f2c1f14-db75-409f-ba89-d4cf4b8f7c81,2026-06-10T20:30:00Z,2026-06-10T22:30:00+0200,4141.42,MW,FR,FR,actual_onshore_wind_generation,Wind Onshore,2026-06-30T22:03:10Z
2026-06-30T22:02:16Z,2026-07-01T00:02:16+0200,0f2c1f14-db75-409f-ba89-d4cf4b8f7c81,2026-06-10T20:45:00Z,2026-06-10T22:45:00+0200,4623.05,MW,FR,FR,actual_onshore_wind_generation,Wind Onshore,2026-06-30T22:03:10Z
2026-06-30T22:02:16Z,2026-07-01T00:02:16+0200,0f2c1f14-db75-409f-ba89-d4cf4b8f7c81,2026-06-10T21:00:00Z,2026-06-10T23:00:00+0200,4523.64,MW,FR,FR,actual_onshore_wind_generation,Wind Onshore,2026-06-30T22:03:10Z
2026-06-30T22:02:16Z,2026-07-01T00:02:16+0200,0f2c1f14-db75-409f-ba89-d4cf4b8f7c81,2026-06-10T21:15:00Z,2026-06-10T23:15:00+0200,4392.18,MW,FR,FR,actual_onshore_wind_generation,Wind Onshore,2026-06-30T22:03:10Z
2026-06-30T22:02:16Z,2026-07-01T00:02:16+0200,0f2c1f14-db75-409f-ba89-d4cf4b8f7c81,2026-06-10T21:30:00Z,2026-06-10T23:30:00+0200,4331.12,MW,FR,FR,actual_onshore_wind_generation,Wind Onshore,2026-06-30T22:03:10Z
2026-06-30T22:02:16Z,2026-07-01T00:02:16+0200,0f2c1f14-db75-409f-ba89-d4cf4b8f7c81,2026-06-10T21:45:00Z,2026-06-10T23:45:00+0200,4226.79,MW,FR,FR,actual_onshore_wind_generation,Wind Onshore,2026-06-30T22:03:10Z
2026-06-30T22:02:16Z,2026-07-01T00:02:16+0200,0f2c1f14-db75-409f-ba89-d4cf4b8f7c81,2026-06-10T22:00:00Z,2026-06-11T00:00:00+0200,4224.6,MW,FR,FR,actual_onshore_wind_generation,Wind Onshore,2026-06-30T22:03:10Z
2026-06-30T22:02:16Z,2026-07-01T00:02:16+0200,0f2c1f14-db75-409f-ba89-d4cf4b8f7c81,2026-06-10T22:15:00Z,2026-06-11T00:15:00+0200,4182.98,MW,FR,FR,actual_onshore_wind_generation,Wind Onshore,2026-06-30T22:03:10Z
2026-06-30T22:02:16Z,2026-07-01T00:02:16+0200,0f2c1f14-db75-409f-ba89-d4cf4b8f7c81,2026-06-10T22:30:00Z,2026-06-11T00:30:00+0200,3988.8,MW,FR,FR,actual_onshore_wind_generation,Wind Onshore,2026-06-30T22:03:10Z
2026-06-30T22:02:16Z,2026-07-01T00:02:16+0200,0f2c1f14-db75-409f-ba89-d4cf4b8f7c81,2026-06-10T22:45:00Z,2026-06-11T00:45:00+0200,3218.68,MW,FR,FR,actual_onshore_wind_generation,Wind Onshore,2026-06-30T22:03:10Z
2026-06-30T22:02:16Z,2026-07-01T00:02:16+0200,0f2c1f14-db75-409f-ba89-d4cf4b8f7c81,2026-06-10T23:00:00Z,2026-06-11T01:00:00+0200,3724.16,MW,FR,FR,actual_onshore_wind_generation,Wind Onshore,2026-06-30T22:03:10Z
2026-06-30T22:02:16Z,2026-07-01T00:02:16+0200,0f2c1f14-db75-409f-ba89-d4cf4b8f7c81,2026-06-10T23:15:00Z,2026-06-11T01:15:00+0200,4226.77,MW,FR,FR,actual_onshore_wind_generation,Wind Onshore,2026-06-30T22:03:10Z
2026-06-30T22:02:16Z,2026-07-01T00:02:16+0200,0f2c1f14-db75-409f-ba89-d4cf4b8f7c81,2026-06-10T23:30:00Z,2026-06-11T01:30:00+0200,4277.22,MW,FR,FR,actual_onshore_wind_generation,Wind Onshore,2026-06-30T22:03:10Z
2026-06-30T22:02:16Z,2026-07-01T00:02:16+0200,0f2c1f14-db75-409f-ba89-d4cf4b8f7c81,2026-06-10T23:45:00Z,2026-06-11T01:45:00+0200,4216.78,MW,FR,FR,actual_onshore_wind_generation,Wind Onshore,2026-06-30T22:03:10Z
2026-06-30T22:02:16Z,2026-07-01T00:02:16+0200,0f2c1f14-db75-409f-ba89-d4cf4b8f7c81,2026-06-11T00:00:00Z,2026-06-11T02:00:00+0200,4147.38,MW,FR,FR,actual_onshore_wind_generation,Wind Onshore,2026-06-30T22:03:10Z
2026-06-30T22:02:16Z,2026-07-01T00:02:16+0200,0f2c1f14-db75-409f-ba89-d4cf4b8f7c81,2026-06-11T00:15:00Z,2026-06-11T02:15:00+0200,4140.91,MW,FR,FR,actual_onshore_wind_generation,Wind Onshore,2026-06-30T22:03:10Z
2026-06-30T22:02:16Z,2026-07-01T00:02:16+0200,0f2c1f14-db75-409f-ba89-d4cf4b8f7c81,2026-06-11T00:30:00Z,2026-06-11T02:30:00+0200,4067.17,MW,FR,FR,actual_onshore_wind_generation,Wind Onshore,2026-06-30T22:03:10Z
2026-06-30T22:02:16Z,2026-07-01T00:02:16+0200,0f2c1f14-db75-409f-ba89-d4cf4b8f7c81,2026-06-11T00:45:00Z,2026-06-11T02:45:00+0200,4022.22,MW,FR,FR,actual_onshore_wind_generation,Wind Onshore,2026-06-30T22:03:10Z
2026-06-30T22:02:16Z,2026-07-01T00:02:16+0200,0f2c1f14-db75-409f-ba89-d4cf4b8f7c81,2026-06-11T01:00:00Z,2026-06-11T03:00:00+0200,3948.92,MW,FR,FR,actual_onshore_wind_generation,Wind Onshore,2026-06-30T22:03:10Z
2026-06-30T22:02:16Z,2026-07-01T00:02:16+0200,0f2c1f14-db75-409f-ba89-d4cf4b8f7c81,2026-06-11T01:15:00Z,2026-06-11T03:15:00+0200,3848.61,MW,FR,FR,actual_onshore_wind_generation,Wind Onshore,2026-06-30T22:03:10Z
2026-06-30T22:02:16Z,2026-07-01T00:02:16+0200,0f2c1f14-db75-409f-ba89-d4cf4b8f7c81,2026-06-11T01:30:00Z,2026-06-11T03:30:00+0200,3713.67,MW,FR,FR,actual_onshore_wind_generation,Wind Onshore,2026-06-30T22:03:10Z
2026-06-30T22:02:16Z,2026-07-01T00:02:16+0200,0f2c1f14-db75-409f-ba89-d4cf4b8f7c81,2026-06-11T01:45:00Z,2026-06-11T03:45:00+0200,3679.15,MW,FR,FR,actual_onshore_wind_generation,Wind Onshore,2026-06-30T22:03:10Z
2026-06-30T22:02:16Z,2026-07-01T00:02:16+0200,0f2c1f14-db75-409f-ba89-d4cf4b8f7c81,2026-06-11T02:00:00Z,2026-06-11T04:00:00+0200,3729.75,MW,FR,FR,actual_onshore_wind_generation,Wind Onshore,2026-06-30T22:03:10Z
2026-06-30T22:02:16Z,2026-07-01T00:02:16+0200,0f2c1f14-db75-409f-ba89-d4cf4b8f7c81,2026-06-11T02:15:00Z,2026-06-11T04:15:00+0200,3781.22,MW,FR,FR,actual_onshore_wind_generation,Wind Onshore,2026-06-30T22:03:10Z
2026-06-30T22:02:16Z,2026-07-01T00:02:16+0200,0f2c1f14-db75-409f-ba89-d4cf4b8f7c81,2026-06-11T02:30:00Z,2026-06-11T04:30:00+0200,3721.96,MW,FR,FR,actual_onshore_wind_generation,Wind Onshore,2026-06-30T22:03:10Z
2026-06-30T22:02:16Z,2026-07-01T00:02:16+0200,0f2c1f14-db75-409f-ba89-d4cf4b8f7c81,2026-06-11T02:45:00Z,2026-06-11T04:45:00+0200,3618.09,MW,FR,FR,actual_onshore_wind_generation,Wind Onshore,2026-06-30T22:03:10Z
2026-06-30T22:02:16Z,2026-07-01T00:02:16+0200,0f2c1f14-db75-409f-ba89-d4cf4b8f7c81,2026-06-11T03:00:00Z,2026-06-11T05:00:00+0200,3515.57,MW,FR,FR,actual_onshore_wind_generation,Wind Onshore,2026-06-30T22:03:10Z
2026-06-30T22:02:16Z,2026-07-01T00:02:16+0200,0f2c1f14-db75-409f-ba89-d4cf4b8f7c81,2026-06-11T03:15:00Z,2026-06-11T05:15:00+0200,3393.96,MW,FR,FR,actual_onshore_wind_generation,Wind Onshore,2026-06-30T22:03:10Z
2026-06-30T22:02:16Z,2026-07-01T00:02:16+0200,0f2c1f14-db75-409f-ba89-d4cf4b8f7c81,2026-06-11T03:30:00Z,2026-06-11T05:30:00+0200,3294.0,MW,FR,FR,actual_onshore_wind_generation,Wind Onshore,2026-06-30T22:03:10Z
2026-06-30T22:02:16Z,2026-07-01T00:02:16+0200,0f2c1f14-db75-409f-ba89-d4cf4b8f7c81,2026-06-11T03:45:00Z,2026-06-11T05:45:00+0200,3159.3,MW,FR,FR,actual_onshore_wind_generation,Wind Onshore,2026-06-30T22:03:10Z
2026-06-30T22:02:16Z,2026-07-01T00:02:16+0200,0f2c1f14-db75-409f-ba89-d4cf4b8f7c81,2026-06-11T04:00:00Z,2026-06-11T06:00:00+0200,3002.44,MW,FR,FR,actual_onshore_wind_generation,Wind Onshore,2026-06-30T22:03:10Z
2026-06-30T22:02:16Z,2026-07-01T00:02:16+0200,0f2c1f14-db75-409f-ba89-d4cf4b8f7c81,2026-06-11T04:15:00Z,2026-06-11T06:15:00+0200,2919.95,MW,FR,FR,actual_onshore_wind_generation,Wind Onshore,2026-06-30T22:03:10Z
2026-06-30T22:02:16Z,2026-07-01T00:02:16+0200,0f2c1f14-db75-409f-ba89-d4cf4b8f7c81,2026-06-11T04:30:00Z,2026-06-11T06:30:00+0200,2793.75,MW,FR,FR,actual_onshore_wind_generation,Wind Onshore,2026-06-30T22:03:10Z
2026-06-30T22:02:16Z,2026-07-01T00:02:16+0200,0f2c1f14-db75-409f-ba89-d4cf4b8f7c81,2026-06-11T04:45:00Z,2026-06-11T06:45:00+0200,2669.32,MW,FR,FR,actual_onshore_wind_generation,Wind Onshore,2026-06-30T22:03:10Z
2026-06-30T22:02:16Z,2026-07-01T00:02:16+0200,0f2c1f14-db75-409f-ba89-d4cf4b8f7c81,2026-06-11T05:00:00Z,2026-06-11T07:00:00+0200,2579.54,MW,FR,FR,actual_onshore_wind_generation,Wind Onshore,2026-06-30T22:03:10Z
2026-06-30T22:02:16Z,2026-07-01T00:02:16+0200,0f2c1f14-db75-409f-ba89-d4cf4b8f7c81,2026-06-11T05:15:00Z,2026-06-11T07:15:00+0200,2389.68,MW,FR,FR,actual_onshore_wind_generation,Wind Onshore,2026-06-30T22:03:10Z
2026-06-30T22:02:16Z,2026-07-01T00:02:16+0200,0f2c1f14-db75-409f-ba89-d4cf4b8f7c81,2026-06-11T05:30:00Z,2026-06-11T07:30:00+0200,2148.45,MW,FR,FR,actual_onshore_wind_generation,Wind Onshore,2026-06-30T22:03:10Z
2026-06-30T22:02:16Z,2026-07-01T00:02:16+0200,0f2c1f14-db75-409f-ba89-d4cf4b8f7c81,2026-06-11T05:45:00Z,2026-06-11T07:45:00+0200,1888.58,MW,FR,FR,actual_onshore_wind_generation,Wind Onshore,2026-06-30T22:03:10Z
2026-06-30T22:02:16Z,2026-07-01T00:02:16+0200,0f2c1f14-db75-409f-ba89-d4cf4b8f7c81,2026-06-11T06:00:00Z,2026-06-11T08:00:00+0200,1685.21,MW,FR,FR,actual_onshore_wind_generation,Wind Onshore,2026-06-30T22:03:10Z
2026-06-30T22:02:16Z,2026-07-01T00:02:16+0200,0f2c1f14-db75-409f-ba89-d4cf4b8f7c81,2026-06-11T06:15:00Z,2026-06-11T08:15:00+0200,1542.98,MW,FR,FR,actual_onshore_wind_generation,Wind Onshore,2026-06-30T22:03:10Z
2026-06-30T22:02:16Z,2026-07-01T00:02:16+0200,0f2c1f14-db75-409f-ba89-d4cf4b8f7c81,2026-06-11T06:30:00Z,2026-06-11T08:30:00+0200,1531.12,MW,FR,FR,actual_onshore_wind_generation,Wind Onshore,2026-06-30T22:03:10Z
2026-06-30T22:02:16Z,2026-07-01T00:02:16+0200,0f2c1f14-db75-409f-ba89-d4cf4b8f7c81,2026-06-11T06:45:00Z,2026-06-11T08:45:00+0200,1554.02,MW,FR,FR,actual_onshore_wind_generation,Wind Onshore,2026-06-30T22:03:10Z
2026-06-30T22:02:16Z,2026-07-01T00:02:16+0200,0f2c1f14-db75-409f-ba89-d4cf4b8f7c81,2026-06-11T07:00:00Z,2026-06-11T09:00:00+0200,1598.11,MW,FR,FR,actual_onshore_wind_generation,Wind Onshore,2026-06-30T22:03:10Z
2026-06-30T22:02:16Z,2026-07-01T00:02:16+0200,0f2c1f14-db75-409f-ba89-d4cf4b8f7c81,2026-06-11T07:15:00Z,2026-06-11T09:15:00+0200,1693.86,MW,FR,FR,actual_onshore_wind_generation,Wind Onshore,2026-06-30T22:03:10Z
2026-06-30T22:02:16Z,2026-07-01T00:02:16+0200,0f2c1f14-db75-409f-ba89-d4cf4b8f7c81,2026-06-11T07:30:00Z,2026-06-11T09:30:00+0200,1771.14,MW,FR,FR,actual_onshore_wind_generation,Wind Onshore,2026-06-30T22:03:10Z
2026-06-30T22:02:16Z,2026-07-01T00:02:16+0200,0f2c1f14-db75-409f-ba89-d4cf4b8f7c81,2026-06-11T07:45:00Z,2026-06-11T09:45:00+0200,1907.35,MW,FR,FR,actual_onshore_wind_generation,Wind Onshore,2026-06-30T22:03:10Z
2026-06-30T22:02:16Z,2026-07-01T00:02:16+0200,0f2c1f14-db75-409f-ba89-d4cf4b8f7c81,2026-06-11T08:00:00Z,2026-06-11T10:00:00+0200,2003.52,MW,FR,FR,actual_onshore_wind_generation,Wind Onshore,2026-06-30T22:03:10Z
2026-06-30T22:02:16Z,2026-07-01T00:02:16+0200,0f2c1f14-db75-409f-ba89-d4cf4b8f7c81,2026-06-11T08:15:00Z,2026-06-11T10:15:00+0200,2172.33,MW,FR,FR,actual_onshore_wind_generation,Wind Onshore,2026-06-30T22:03:10Z
2026-06-30T22:02:16Z,2026-07-01T00:02:16+0200,0f2c1f14-db75-409f-ba89-d4cf4b8f7c81,2026-06-11T08:30:00Z,2026-06-11T10:30:00+0200,2164.63,MW,FR,FR,actual_onshore_wind_generation,Wind Onshore,2026-06-30T22:03:10Z
2026-06-30T22:02:16Z,2026-07-01T00:02:16+0200,0f2c1f14-db75-409f-ba89-d4cf4b8f7c81,2026-06-11T08:45:00Z,2026-06-11T10:45:00+0200,1781.92,MW,FR,FR,actual_onshore_wind_generation,Wind Onshore,2026-06-30T22:03:10Z
2026-06-30T22:02:16Z,2026-07-01T00:02:16+0200,0f2c1f14-db75-409f-ba89-d4cf4b8f7c81,2026-06-11T09:00:00Z,2026-06-11T11:00:00+0200,1998.78,MW,FR,FR,actual_onshore_wind_generation,Wind Onshore,2026-06-30T22:03:10Z
2026-06-30T22:02:16Z,2026-07-01T00:02:16+0200,0f2c1f14-db75-409f-ba89-d4cf4b8f7c81,2026-06-11T09:15:00Z,2026-06-11T11:15:00+0200,1896.08,MW,FR,FR,actual_onshore_wind_generation,Wind Onshore,2026-06-30T22:03:10Z
2026-06-30T22:02:16Z,2026-07-01T00:02:16+0200,0f2c1f14-db75-409f-ba89-d4cf4b8f7c81,2026-06-11T09:30:00Z,2026-06-11T11:30:00+0200,2034.05,MW,FR,FR,actual_onshore_wind_generation,Wind Onshore,2026-06-30T22:03:10Z
2026-06-30T22:02:16Z,2026-07-01T00:02:16+0200,0f2c1f14-db75-409f-ba89-d4cf4b8f7c81,2026-06-11T09:45:00Z,2026-06-11T11:45:00+0200,2159.66,MW,FR,FR,actual_onshore_wind_generation,Wind Onshore,2026-06-30T22:03:10Z
2026-06-30T22:02:16Z,2026-07-01T00:02:16+0200,0f2c1f14-db75-409f-ba89-d4cf4b8f7c81,2026-06-11T10:00:00Z,2026-06-11T12:00:00+0200,2227.12,MW,FR,FR,actual_onshore_wind_generation,Wind Onshore,2026-06-30T22:03:10Z
2026-06-30T22:02:16Z,2026-07-01T00:02:16+0200,0f2c1f14-db75-409f-ba89-d4cf4b8f7c81,2026-06-11T10:15:00Z,2026-06-11T12:15:00+0200,2433.19,MW,FR,FR,actual_onshore_wind_generation,Wind Onshore,2026-06-30T22:03:10Z
2026-06-30T22:02:16Z,2026-07-01T00:02:16+0200,0f2c1f14-db75-409f-ba89-d4cf4b8f7c81,2026-06-11T10:30:00Z,2026-06-11T12:30:00+0200,2619.26,MW,FR,FR,actual_onshore_wind_generation,Wind Onshore,2026-06-30T22:03:10Z
2026-06-30T22:02:16Z,2026-07-01T00:02:16+0200,0f2c1f14-db75-409f-ba89-d4cf4b8f7c81,2026-06-11T10:45:00Z,2026-06-11T12:45:00+0200,2721.41,MW,FR,FR,actual_onshore_wind_generation,Wind Onshore,2026-06-30T22:03:10Z
2026-06-30T22:02:16Z,2026-07-01T00:02:16+0200,0f2c1f14-db75-409f-ba89-d4cf4b8f7c81,2026-06-11T11:00:00Z,2026-06-11T13:00:00+0200,2805.64,MW,FR,FR,actual_onshore_wind_generation,Wind Onshore,2026-06-30T22:03:10Z
2026-06-30T22:02:16Z,2026-07-01T00:02:16+0200,0f2c1f14-db75-409f-ba89-d4cf4b8f7c81,2026-06-11T11:15:00Z,2026-06-11T13:15:00+0200,2972.73,MW,FR,FR,actual_onshore_wind_generation,Wind Onshore,2026-06-30T22:03:10Z
2026-06-30T22:02:16Z,2026-07-01T00:02:16+0200,0f2c1f14-db75-409f-ba89-d4cf4b8f7c81,2026-06-11T11:30:00Z,2026-06-11T13:30:00+0200,3002.4,MW,FR,FR,actual_onshore_wind_generation,Wind Onshore,2026-06-30T22:03:10Z
2026-06-30T22:02:16Z,2026-07-01T00:02:16+0200,0f2c1f14-db75-409f-ba89-d4cf4b8f7c81,2026-06-11T11:45:00Z,2026-06-11T13:45:00+0200,3022.95,MW,FR,FR,actual_onshore_wind_generation,Wind Onshore,2026-06-30T22:03:10Z
2026-06-30T22:02:16Z,2026-07-01T00:02:16+0200,0f2c1f14-db75-409f-ba89-d4cf4b8f7c81,2026-06-11T12:00:00Z,2026-06-11T14:00:00+0200,2994.96,MW,FR,FR,actual_onshore_wind_generation,Wind Onshore,2026-06-30T22:03:10Z
2026-06-30T22:02:16Z,2026-07-01T00:02:16+0200,0f2c1f14-db75-409f-ba89-d4cf4b8f7c81,2026-06-11T12:15:00Z,2026-06-11T14:15:00+0200,2923.54,MW,FR,FR,actual_onshore_wind_generation,Wind Onshore,2026-06-30T22:03:10Z
2026-06-30T22:02:16Z,2026-07-01T00:02:16+0200,0f2c1f14-db75-409f-ba89-d4cf4b8f7c81,2026-06-11T12:30:00Z,2026-06-11T14:30:00+0200,2685.51,MW,FR,FR,actual_onshore_wind_generation,Wind Onshore,2026-06-30T22:03:10Z
2026-06-30T22:02:16Z,2026-07-01T00:02:16+0200,0f2c1f14-db75-409f-ba89-d4cf4b8f7c81,2026-06-11T12:45:00Z,2026-06-11T14:45:00+0200,2691.98,MW,FR,FR,actual_onshore_wind_generation,Wind Onshore,2026-06-30T22:03:10Z
2026-06-30T22:02:16Z,2026-07-01T00:02:16+0200,0f2c1f14-db75-409f-ba89-d4cf4b8f7c81,2026-06-11T13:00:00Z,2026-06-11T15:00:00+0200,2727.33,MW,FR,FR,actual_onshore_wind_generation,Wind Onshore,2026-06-30T22:03:10Z
2026-06-30T22:02:16Z,2026-07-01T00:02:16+0200,0f2c1f14-db75-409f-ba89-d4cf4b8f7c81,2026-06-11T13:15:00Z,2026-06-11T15:15:00+0200,2609.13,MW,FR,FR,actual_onshore_wind_generation,Wind Onshore,2026-06-30T22:03:10Z
2026-06-30T22:02:16Z,2026-07-01T00:02:16+0200,0f2c1f14-db75-409f-ba89-d4cf4b8f7c81,2026-06-11T13:30:00Z,2026-06-11T15:30:00+0200,2639.46,MW,FR,FR,actual_onshore_wind_generation,Wind Onshore,2026-06-30T22:03:10Z
2026-06-30T22:02:16Z,2026-07-01T00:02:16+0200,0f2c1f14-db75-409f-ba89-d4cf4b8f7c81,2026-06-11T13:45:00Z,2026-06-11T15:45:00+0200,2674.71,MW,FR,FR,actual_onshore_wind_generation,Wind Onshore,2026-06-30T22:03:10Z
2026-06-30T22:02:16Z,2026-07-01T00:02:16+0200,0f2c1f14-db75-409f-ba89-d4cf4b8f7c81,2026-06-11T14:00:00Z,2026-06-11T16:00:00+0200,2733.49,MW,FR,FR,actual_onshore_wind_generation,Wind Onshore,2026-06-30T22:03:10Z
2026-06-30T22:02:16Z,2026-07-01T00:02:16+0200,0f2c1f14-db75-409f-ba89-d4cf4b8f7c81,2026-06-11T14:15:00Z,2026-06-11T16:15:00+0200,2878.31,MW,FR,FR,actual_onshore_wind_generation,Wind Onshore,2026-06-30T22:03:10Z
2026-06-30T22:02:16Z,2026-07-01T00:02:16+0200,0f2c1f14-db75-409f-ba89-d4cf4b8f7c81,2026-06-11T14:30:00Z,2026-06-11T16:30:00+0200,2884.44,MW,FR,FR,actual_onshore_wind_generation,Wind Onshore,2026-06-30T22:03:10Z
2026-06-30T22:02:16Z,2026-07-01T00:02:16+0200,0f2c1f14-db75-409f-ba89-d4cf4b8f7c81,2026-06-11T14:45:00Z,2026-06-11T16:45:00+0200,3007.84,MW,FR,FR,actual_onshore_wind_generation,Wind Onshore,2026-06-30T22:03:10Z
2026-06-30T22:02:16Z,2026-07-01T00:02:16+0200,0f2c1f14-db75-409f-ba89-d4cf4b8f7c81,2026-06-11T15:00:00Z,2026-06-11T17:00:00+0200,4649.55,MW,FR,FR,actual_onshore_wind_generation,Wind Onshore,2026-06-30T22:03:10Z
2026-06-30T22:02:16Z,2026-07-01T00:02:16+0200,0f2c1f14-db75-409f-ba89-d4cf4b8f7c81,2026-06-11T15:15:00Z,2026-06-11T17:15:00+0200,6191.14,MW,FR,FR,actual_onshore_wind_generation,Wind Onshore,2026-06-30T22:03:10Z
2026-06-30T22:02:16Z,2026-07-01T00:02:16+0200,0f2c1f14-db75-409f-ba89-d4cf4b8f7c81,2026-06-11T15:30:00Z,2026-06-11T17:30:00+0200,6415.03,MW,FR,FR,actual_onshore_wind_generation,Wind Onshore,2026-06-30T22:03:10Z
2026-06-30T22:02:16Z,2026-07-01T00:02:16+0200,0f2c1f14-db75-409f-ba89-d4cf4b8f7c81,2026-06-11T15:45:00Z,2026-06-11T17:45:00+0200,6406.42,MW,FR,FR,actual_onshore_wind_generation,Wind Onshore,2026-06-30T22:03:10Z
2026-06-30T22:02:16Z,2026-07-01T00:02:16+0200,0f2c1f14-db75-409f-ba89-d4cf4b8f7c81,2026-06-11T16:00:00Z,2026-06-11T18:00:00+0200,6044.83,MW,FR,FR,actual_onshore_wind_generation,Wind Onshore,2026-06-30T22:03:10Z
2026-06-30T22:02:16Z,2026-07-01T00:02:16+0200,0f2c1f14-db75-409f-ba89-d4cf4b8f7c81,2026-06-11T16:15:00Z,2026-06-11T18:15:00+0200,6034.03,MW,FR,FR,actual_onshore_wind_generation,Wind Onshore,2026-06-30T22:03:10Z
2026-06-30T22:02:16Z,2026-07-01T00:02:16+0200,0f2c1f14-db75-409f-ba89-d4cf4b8f7c81,2026-06-11T16:30:00Z,2026-06-11T18:30:00+0200,6243.56,MW,FR,FR,actual_onshore_wind_generation,Wind Onshore,2026-06-30T22:03:10Z
2026-06-30T22:02:16Z,2026-07-01T00:02:16+0200,0f2c1f14-db75-409f-ba89-d4cf4b8f7c81,2026-06-11T16:45:00Z,2026-06-11T18:45:00+0200,6850.75,MW,FR,FR,actual_onshore_wind_generation,Wind Onshore,2026-06-30T22:03:10Z
2026-06-30T22:02:16Z,2026-07-01T00:02:16+0200,0f2c1f14-db75-409f-ba89-d4cf4b8f7c81,2026-06-11T17:00:00Z,2026-06-11T19:00:00+0200,7233.46,MW,FR,FR,actual_onshore_wind_generation,Wind Onshore,2026-06-30T22:03:10Z
2026-06-30T22:02:16Z,2026-07-01T00:02:16+0200,0f2c1f14-db75-409f-ba89-d4cf4b8f7c81,2026-06-11T17:15:00Z,2026-06-11T19:15:00+0200,7252.5,MW,FR,FR,actual_onshore_wind_generation,Wind Onshore,2026-06-30T22:03:10Z
2026-06-30T22:02:16Z,2026-07-01T00:02:16+0200,0f2c1f14-db75-409f-ba89-d4cf4b8f7c81,2026-06-11T17:30:00Z,2026-06-11T19:30:00+0200,7337.63,MW,FR,FR,actual_onshore_wind_generation,Wind Onshore,2026-06-30T22:03:10Z
2026-06-30T22:02:16Z,2026-07-01T00:02:16+0200,0f2c1f14-db75-409f-ba89-d4cf4b8f7c81,2026-06-11T17:45:00Z,2026-06-11T19:45:00+0200,7437.85,MW,FR,FR,actual_onshore_wind_generation,Wind Onshore,2026-06-30T22:03:10Z
2026-06-30T22:02:16Z,2026-07-01T00:02:16+0200,0f2c1f14-db75-409f-ba89-d4cf4b8f7c81,2026-06-11T18:00:00Z,2026-06-11T20:00:00+0200,7406.6,MW,FR,FR,actual_onshore_wind_generation,Wind Onshore,2026-06-30T22:03:10Z
2026-06-30T22:02:16Z,2026-07-01T00:02:16+0200,0f2c1f14-db75-409f-ba89-d4cf4b8f7c81,2026-06-11T18:15:00Z,2026-06-11T20:15:00+0200,7333.21,MW,FR,FR,actual_onshore_wind_generation,Wind Onshore,2026-06-30T22:03:10Z
2026-06-30T22:02:16Z,2026-07-01T00:02:16+0200,0f2c1f14-db75-409f-ba89-d4cf4b8f7c81,2026-06-11T18:30:00Z,2026-06-11T20:30:00+0200,7254.39,MW,FR,FR,actual_onshore_wind_generation,Wind Onshore,2026-06-30T22:03:10Z
2026-06-30T22:02:16Z,2026-07-01T00:02:16+0200,0f2c1f14-db75-409f-ba89-d4cf4b8f7c81,2026-06-11T18:45:00Z,2026-06-11T20:45:00+0200,7326.69,MW,FR,FR,actual_onshore_wind_generation,Wind Onshore,2026-06-30T22:03:10Z
2026-06-30T22:02:16Z,2026-07-01T00:02:16+0200,0f2c1f14-db75-409f-ba89-d4cf4b8f7c81,2026-06-11T19:00:00Z,2026-06-11T21:00:00+0200,7534.1,MW,FR,FR,actual_onshore_wind_generation,Wind Onshore,2026-06-30T22:03:10Z
2026-06-30T22:02:16Z,2026-07-01T00:02:16+0200,0f2c1f14-db75-409f-ba89-d4cf4b8f7c81,2026-06-11T19:15:00Z,2026-06-11T21:15:00+0200,7629.07,MW,FR,FR,actual_onshore_wind_generation,Wind Onshore,2026-06-30T22:03:10Z
2026-06-30T22:02:16Z,2026-07-01T00:02:16+0200,0f2c1f14-db75-409f-ba89-d4cf4b8f7c81,2026-06-11T19:30:00Z,2026-06-11T21:30:00+0200,7733.47,MW,FR,FR,actual_onshore_wind_generation,Wind Onshore,2026-06-30T22:03:10Z
2026-06-30T22:02:16Z,2026-07-01T00:02:16+0200,0f2c1f14-db75-409f-ba89-d4cf4b8f7c81,2026-06-11T19:45:00Z,2026-06-11T21:45:00+0200,7729.72,MW,FR,FR,actual_onshore_wind_generation,Wind Onshore,2026-06-30T22:03:10Z
2026-06-30T22:02:16Z,2026-07-01T00:02:16+0200,0f2c1f14-db75-409f-ba89-d4cf4b8f7c81,2026-06-11T20:00:00Z,2026-06-11T22:00:00+0200,7573.65,MW,FR,FR,actual_onshore_wind_generation,Wind Onshore,2026-06-30T22:03:10Z
2026-06-30T22:02:16Z,2026-07-01T00:02:16+0200,0f2c1f14-db75-409f-ba89-d4cf4b8f7c81,2026-06-11T20:15:00Z,2026-06-11T22:15:00+0200,7577.56,MW,FR,FR,actual_onshore_wind_generation,Wind Onshore,2026-06-30T22:03:10Z
2026-06-30T22:02:16Z,2026-07-01T00:02:16+0200,0f2c1f14-db75-409f-ba89-d4cf4b8f7c81,2026-06-11T20:30:00Z,2026-06-11T22:30:00+0200,7705.45,MW,FR,FR,actual_onshore_wind_generation,Wind Onshore,2026-06-30T22:03:10Z
2026-06-30T22:02:16Z,2026-07-01T00:02:16+0200,0f2c1f14-db75-409f-ba89-d4cf4b8f7c81,2026-06-11T20:45:00Z,2026-06-11T22:45:00+0200,8016.21,MW,FR,FR,actual_onshore_wind_generation,Wind Onshore,2026-06-30T22:03:10Z
2026-06-30T22:02:16Z,2026-07-01T00:02:16+0200,0f2c1f14-db75-409f-ba89-d4cf4b8f7c81,2026-06-11T21:00:00Z,2026-06-11T23:00:00+0200,8265.94,MW,FR,FR,actual_onshore_wind_generation,Wind Onshore,2026-06-30T22:03:10Z
2026-06-30T22:02:16Z,2026-07-01T00:02:16+0200,0f2c1f14-db75-409f-ba89-d4cf4b8f7c81,2026-06-11T21:15:00Z,2026-06-11T23:15:00+0200,8477.92,MW,FR,FR,actual_onshore_wind_generation,Wind Onshore,2026-06-30T22:03:10Z
2026-06-30T22:02:16Z,2026-07-01T00:02:16+0200,0f2c1f14-db75-409f-ba89-d4cf4b8f7c81,2026-06-11T21:30:00Z,2026-06-11T23:30:00+0200,8637.79,MW,FR,FR,actual_onshore_wind_generation,Wind Onshore,2026-06-30T22:03:10Z
2026-06-30T22:02:16Z,2026-07-01T00:02:16+0200,0f2c1f14-db75-409f-ba89-d4cf4b8f7c81,2026-06-11T21:45:00Z,2026-06-11T23:45:00+0200,8817.46,MW,FR,FR,actual_onshore_wind_generation,Wind Onshore,2026-06-30T22:03:10Z
2026-06-30T22:02:16Z,2026-07-01T00:02:16+0200,0f2c1f14-db75-409f-ba89-d4cf4b8f7c81,2026-06-11T22:00:00Z,2026-06-12T00:00:00+0200,8935.37,MW,FR,FR,actual_onshore_wind_generation,Wind Onshore,2026-06-30T22:03:10Z
2026-06-30T22:02:16Z,2026-07-01T00:02:16+0200,0f2c1f14-db75-409f-ba89-d4cf4b8f7c81,2026-06-11T22:15:00Z,2026-06-12T00:15:00+0200,9151.53,MW,FR,FR,actual_onshore_wind_generation,Wind Onshore,2026-06-30T22:03:10Z
2026-06-30T22:02:16Z,2026-07-01T00:02:16+0200,0f2c1f14-db75-409f-ba89-d4cf4b8f7c81,2026-06-11T22:30:00Z,2026-06-12T00:30:00+0200,9271.77,MW,FR,FR,actual_onshore_wind_generation,Wind Onshore,2026-06-30T22:03:10Z
2026-06-30T22:02:16Z,2026-07-01T00:02:16+0200,0f2c1f14-db75-409f-ba89-d4cf4b8f7c81,2026-06-11T22:45:00Z,2026-06-12T00:45:00+0200,9399.78,MW,FR,FR,actual_onshore_wind_generation,Wind Onshore,2026-06-30T22:03:10Z
2026-06-30T22:02:16Z,2026-07-01T00:02:16+0200,0f2c1f14-db75-409f-ba89-d4cf4b8f7c81,2026-06-11T23:00:00Z,2026-06-12T01:00:00+0200,9501.41,MW,FR,FR,actual_onshore_wind_generation,Wind Onshore,2026-06-30T22:03:10Z
2026-06-30T22:02:16Z,2026-07-01T00:02:16+0200,0f2c1f14-db75-409f-ba89-d4cf4b8f7c81,2026-06-11T23:15:00Z,2026-06-12T01:15:00+0200,9627.95,MW,FR,FR,actual_onshore_wind_generation,Wind Onshore,2026-06-30T22:03:10Z
2026-06-30T22:02:16Z,2026-07-01T00:02:16+0200,0f2c1f14-db75-409f-ba89-d4cf4b8f7c81,2026-06-11T23:30:00Z,2026-06-12T01:30:00+0200,9522.96,MW,FR,FR,actual_onshore_wind_generation,Wind Onshore,2026-06-30T22:03:10Z
2026-06-30T22:02:16Z,2026-07-01T00:02:16+0200,0f2c1f14-db75-409f-ba89-d4cf4b8f7c81,2026-06-11T23:45:00Z,2026-06-12T01:45:00+0200,9524.85,MW,FR,FR,actual_onshore_wind_generation,Wind Onshore,2026-06-30T22:03:10Z
2026-06-30T22:02:16Z,2026-07-01T00:02:16+0200,0f2c1f14-db75-409f-ba89-d4cf4b8f7c81,2026-06-12T00:00:00Z,2026-06-12T02:00:00+0200,9468.41,MW,FR,FR,actual_onshore_wind_generation,Wind Onshore,2026-06-30T22:03:10Z
2026-06-30T22:02:16Z,2026-07-01T00:02:16+0200,0f2c1f14-db75-409f-ba89-d4cf4b8f7c81,2026-06-12T00:15:00Z,2026-06-12T02:15:00+0200,9477.58,MW,FR,FR,actual_onshore_wind_generation,Wind Onshore,2026-06-30T22:03:10Z
2026-06-30T22:02:16Z,2026-07-01T00:02:16+0200,0f2c1f14-db75-409f-ba89-d4cf4b8f7c81,2026-06-12T00:30:00Z,2026-06-12T02:30:00+0200,9404.85,MW,FR,FR,actual_onshore_wind_generation,Wind Onshore,2026-06-30T22:03:10Z
2026-06-30T22:02:16Z,2026-07-01T00:02:16+0200,0f2c1f14-db75-409f-ba89-d4cf4b8f7c81,2026-06-12T00:45:00Z,2026-06-12T02:45:00+0200,9377.37,MW,FR,FR,actual_onshore_wind_generation,Wind Onshore,2026-06-30T22:03:10Z
2026-06-30T22:02:16Z,2026-07-01T00:02:16+0200,0f2c1f14-db75-409f-ba89-d4cf4b8f7c81,2026-06-12T01:00:00Z,2026-06-12T03:00:00+0200,9411.83,MW,FR,FR,actual_onshore_wind_generation,Wind Onshore,2026-06-30T22:03:10Z
2026-06-30T22:02:16Z,2026-07-01T00:02:16+0200,0f2c1f14-db75-409f-ba89-d4cf4b8f7c81,2026-06-12T01:15:00Z,2026-06-12T03:15:00+0200,9425.92,MW,FR,FR,actual_onshore_wind_generation,Wind Onshore,2026-06-30T22:03:10Z
2026-06-30T22:02:16Z,2026-07-01T00:02:16+0200,0f2c1f14-db75-409f-ba89-d4cf4b8f7c81,2026-06-12T01:30:00Z,2026-06-12T03:30:00+0200,9317.07,MW,FR,FR,actual_onshore_wind_generation,Wind Onshore,2026-06-30T22:03:10Z
2026-06-30T22:02:16Z,2026-07-01T00:02:16+0200,0f2c1f14-db75-409f-ba89-d4cf4b8f7c81,2026-06-12T01:45:00Z,2026-06-12T03:45:00+0200,9160.56,MW,FR,FR,actual_onshore_wind_generation,Wind Onshore,2026-06-30T22:03:10Z
2026-06-30T22:02:16Z,2026-07-01T00:02:16+0200,0f2c1f14-db75-409f-ba89-d4cf4b8f7c81,2026-06-12T02:00:00Z,2026-06-12T04:00:00+0200,9086.66,MW,FR,FR,actual_onshore_wind_generation,Wind Onshore,2026-06-30T22:03:10Z
2026-06-30T22:02:16Z,2026-07-01T00:02:16+0200,0f2c1f14-db75-409f-ba89-d4cf4b8f7c81,2026-06-12T02:15:00Z,2026-06-12T04:15:00+0200,8998.27,MW,FR,FR,actual_onshore_wind_generation,Wind Onshore,2026-06-30T22:03:10Z
2026-06-30T22:02:16Z,2026-07-01T00:02:16+0200,0f2c1f14-db75-409f-ba89-d4cf4b8f7c81,2026-06-12T02:30:00Z,2026-06-12T04:30:00+0200,8896.47,MW,FR,FR,actual_onshore_wind_generation,Wind Onshore,2026-06-30T22:03:10Z
2026-06-30T22:02:16Z,2026-07-01T00:02:16+0200,0f2c1f14-db75-409f-ba89-d4cf4b8f7c81,2026-06-12T02:45:00Z,2026-06-12T04:45:00+0200,8807.56,MW,FR,FR,actual_onshore_wind_generation,Wind Onshore,2026-06-30T22:03:10Z
2026-06-30T22:02:16Z,2026-07-01T00:02:16+0200,0f2c1f14-db75-409f-ba89-d4cf4b8f7c81,2026-06-12T03:00:00Z,2026-06-12T05:00:00+0200,8739.31,MW,FR,FR,actual_onshore_wind_generation,Wind Onshore,2026-06-30T22:03:10Z
2026-06-30T22:02:16Z,2026-07-01T00:02:16+0200,0f2c1f14-db75-409f-ba89-d4cf4b8f7c81,2026-06-12T03:15:00Z,2026-06-12T05:15:00+0200,8709.71,MW,FR,FR,actual_onshore_wind_generation,Wind Onshore,2026-06-30T22:03:10Z
2026-06-30T22:02:16Z,2026-07-01T00:02:16+0200,0f2c1f14-db75-409f-ba89-d4cf4b8f7c81,2026-06-12T03:30:00Z,2026-06-12T05:30:00+0200,8653.39,MW,FR,FR,actual_onshore_wind_generation,Wind Onshore,2026-06-30T22:03:10Z
2026-06-30T22:02:16Z,2026-07-01T00:02:16+0200,0f2c1f14-db75-409f-ba89-d4cf4b8f7c81,2026-06-12T03:45:00Z,2026-06-12T05:45:00+0200,8556.62,MW,FR,FR,actual_onshore_wind_generation,Wind Onshore,2026-06-30T22:03:10Z
2026-06-30T22:02:16Z,2026-07-01T00:02:16+0200,0f2c1f14-db75-409f-ba89-d4cf4b8f7c81,2026-06-12T04:00:00Z,2026-06-12T06:00:00+0200,8516.92,MW,FR,FR,actual_onshore_wind_generation,Wind Onshore,2026-06-30T22:03:10Z
2026-06-30T22:02:16Z,2026-07-01T00:02:16+0200,0f2c1f14-db75-409f-ba89-d4cf4b8f7c81,2026-06-12T04:15:00Z,2026-06-12T06:15:00+0200,8513.77,MW,FR,FR,actual_onshore_wind_generation,Wind Onshore,2026-06-30T22:03:10Z
2026-06-30T22:02:16Z,2026-07-01T00:02:16+0200,0f2c1f14-db75-409f-ba89-d4cf4b8f7c81,2026-06-12T04:30:00Z,2026-06-12T06:30:00+0200,8491.26,MW,FR,FR,actual_onshore_wind_generation,Wind Onshore,2026-06-30T22:03:10Z
2026-06-30T22:02:16Z,2026-07-01T00:02:16+0200,0f2c1f14-db75-409f-ba89-d4cf4b8f7c81,2026-06-12T04:45:00Z,2026-06-12T06:45:00+0200,8276.17,MW,FR,FR,actual_onshore_wind_generation,Wind Onshore,2026-06-30T22:03:10Z
2026-06-30T22:02:16Z,2026-07-01T00:02:16+0200,0f2c1f14-db75-409f-ba89-d4cf4b8f7c81,2026-06-12T05:00:00Z,2026-06-12T07:00:00+0200,8338.91,MW,FR,FR,actual_onshore_wind_generation,Wind Onshore,2026-06-30T22:03:10Z
2026-06-30T22:02:16Z,2026-07-01T00:02:16+0200,0f2c1f14-db75-409f-ba89-d4cf4b8f7c81,2026-06-12T05:15:00Z,2026-06-12T07:15:00+0200,8368.03,MW,FR,FR,actual_onshore_wind_generation,Wind Onshore,2026-06-30T22:03:10Z
2026-06-30T22:02:16Z,2026-07-01T00:02:16+0200,0f2c1f14-db75-409f-ba89-d4cf4b8f7c81,2026-06-12T05:30:00Z,2026-06-12T07:30:00+0200,8296.42,MW,FR,FR,actual_onshore_wind_generation,Wind Onshore,2026-06-30T22:03:10Z
2026-06-30T22:02:16Z,2026-07-01T00:02:16+0200,0f2c1f14-db75-409f-ba89-d4cf4b8f7c81,2026-06-12T05:45:00Z,2026-06-12T07:45:00+0200,8368.87,MW,FR,FR,actual_onshore_wind_generation,Wind Onshore,2026-06-30T22:03:10Z
2026-06-30T22:02:16Z,2026-07-01T00:02:16+0200,0f2c1f14-db75-409f-ba89-d4cf4b8f7c81,2026-06-12T06:00:00Z,2026-06-12T08:00:00+0200,8375.24,MW,FR,FR,actual_onshore_wind_generation,Wind Onshore,2026-06-30T22:03:10Z
2026-06-30T22:02:16Z,2026-07-01T00:02:16+0200,0f2c1f14-db75-409f-ba89-d4cf4b8f7c81,2026-06-12T06:15:00Z,2026-06-12T08:15:00+0200,8297.8,MW,FR,FR,actual_onshore_wind_generation,Wind Onshore,2026-06-30T22:03:10Z
2026-06-30T22:02:16Z,2026-07-01T00:02:16+0200,0f2c1f14-db75-409f-ba89-d4cf4b8f7c81,2026-06-12T06:30:00Z,2026-06-12T08:30:00+0200,8351.84,MW,FR,FR,actual_onshore_wind_generation,Wind Onshore,2026-06-30T22:03:10Z
2026-06-30T22:02:16Z,2026-07-01T00:02:16+0200,0f2c1f14-db75-409f-ba89-d4cf4b8f7c81,2026-06-12T06:45:00Z,2026-06-12T08:45:00+0200,8337.59,MW,FR,FR,actual_onshore_wind_generation,Wind Onshore,2026-06-30T22:03:10Z
2026-06-30T22:02:16Z,2026-07-01T00:02:16+0200,0f2c1f14-db75-409f-ba89-d4cf4b8f7c81,2026-06-12T07:00:00Z,2026-06-12T09:00:00+0200,8205.9,MW,FR,FR,actual_onshore_wind_generation,Wind Onshore,2026-06-30T22:03:10Z
2026-06-30T22:02:16Z,2026-07-01T00:02:16+0200,0f2c1f14-db75-409f-ba89-d4cf4b8f7c81,2026-06-12T07:15:00Z,2026-06-12T09:15:00+0200,8119.57,MW,FR,FR,actual_onshore_wind_generation,Wind Onshore,2026-06-30T22:03:10Z
2026-06-30T22:02:16Z,2026-07-01T00:02:16+0200,0f2c1f14-db75-409f-ba89-d4cf4b8f7c81,2026-06-12T07:30:00Z,2026-06-12T09:30:00+0200,7587.35,MW,FR,FR,actual_onshore_wind_generation,Wind Onshore,2026-06-30T22:03:10Z
2026-06-30T22:02:16Z,2026-07-01T00:02:16+0200,0f2c1f14-db75-409f-ba89-d4cf4b8f7c81,2026-06-12T07:45:00Z,2026-06-12T09:45:00+0200,5888.68,MW,FR,FR,actual_onshore_wind_generation,Wind Onshore,2026-06-30T22:03:10Z
2026-06-30T22:02:16Z,2026-07-01T00:02:16+0200,0f2c1f14-db75-409f-ba89-d4cf4b8f7c81,2026-06-12T08:00:00Z,2026-06-12T10:00:00+0200,6769.89,MW,FR,FR,actual_onshore_wind_generation,Wind Onshore,2026-06-30T22:03:10Z
2026-06-30T22:02:16Z,2026-07-01T00:02:16+0200,0f2c1f14-db75-409f-ba89-d4cf4b8f7c81,2026-06-12T08:15:00Z,2026-06-12T10:15:00+0200,6983.88,MW,FR,FR,actual_onshore_wind_generation,Wind Onshore,2026-06-30T22:03:10Z
2026-06-30T22:02:16Z,2026-07-01T00:02:16+0200,0f2c1f14-db75-409f-ba89-d4cf4b8f7c81,2026-06-12T08:30:00Z,2026-06-12T10:30:00+0200,5314.33,MW,FR,FR,actual_onshore_wind_generation,Wind Onshore,2026-06-30T22:03:10Z
2026-06-30T22:02:16Z,2026-07-01T00:02:16+0200,0f2c1f14-db75-409f-ba89-d4cf4b8f7c81,2026-06-12T08:45:00Z,2026-06-12T10:45:00+0200,4997.63,MW,FR,FR,actual_onshore_wind_generation,Wind Onshore,2026-06-30T22:03:10Z
2026-06-30T22:02:16Z,2026-07-01T00:02:16+0200,0f2c1f14-db75-409f-ba89-d4cf4b8f7c81,2026-06-12T09:00:00Z,2026-06-12T11:00:00+0200,4982.69,MW,FR,FR,actual_onshore_wind_generation,Wind Onshore,2026-06-30T22:03:10Z
2026-06-30T22:02:16Z,2026-07-01T00:02:16+0200,0f2c1f14-db75-409f-ba89-d4cf4b8f7c81,2026-06-12T09:15:00Z,2026-06-12T11:15:00+0200,4930.88,MW,FR,FR,actual_onshore_wind_generation,Wind Onshore,2026-06-30T22:03:10Z
2026-06-30T22:02:16Z,2026-07-01T00:02:16+0200,0f2c1f14-db75-409f-ba89-d4cf4b8f7c81,2026-06-12T09:30:00Z,2026-06-12T11:30:00+0200,5130.9,MW,FR,FR,actual_onshore_wind_generation,Wind Onshore,2026-06-30T22:03:10Z
2026-06-30T22:02:16Z,2026-07-01T00:02:16+0200,0f2c1f14-db75-409f-ba89-d4cf4b8f7c81,2026-06-12T09:45:00Z,2026-06-12T11:45:00+0200,5109.54,MW,FR,FR,actual_onshore_wind_generation,Wind Onshore,2026-06-30T22:03:10Z
2026-06-30T22:02:16Z,2026-07-01T00:02:16+0200,0f2c1f14-db75-409f-ba89-d4cf4b8f7c81,2026-06-12T10:00:00Z,2026-06-12T12:00:00+0200,5248.03,MW,FR,FR,actual_onshore_wind_generation,Wind Onshore,2026-06-30T22:03:10Z
2026-06-30T22:02:16Z,2026-07-01T00:02:16+0200,0f2c1f14-db75-409f-ba89-d4cf4b8f7c81,2026-06-12T10:15:00Z,2026-06-12T12:15:00+0200,5232.98,MW,FR,FR,actual_onshore_wind_generation,Wind Onshore,2026-06-30T22:03:10Z
2026-06-30T22:02:16Z,2026-07-01T00:02:16+0200,0f2c1f14-db75-409f-ba89-d4cf4b8f7c81,2026-06-12T10:30:00Z,2026-06-12T12:30:00+0200,5192.1,MW,FR,FR,actual_onshore_wind_generation,Wind Onshore,2026-06-30T22:03:10Z
2026-06-30T22:02:16Z,2026-07-01T00:02:16+0200,0f2c1f14-db75-409f-ba89-d4cf4b8f7c81,2026-06-12T10:45:00Z,2026-06-12T12:45:00+0200,5183.36,MW,FR,FR,actual_onshore_wind_generation,Wind Onshore,2026-06-30T22:03:10Z
2026-06-30T22:02:16Z,2026-07-01T00:02:16+0200,0f2c1f14-db75-409f-ba89-d4cf4b8f7c81,2026-06-12T11:00:00Z,2026-06-12T13:00:00+0200,5015.05,MW,FR,FR,actual_onshore_wind_generation,Wind Onshore,2026-06-30T22:03:10Z
2026-06-30T22:02:16Z,2026-07-01T00:02:16+0200,0f2c1f14-db75-409f-ba89-d4cf4b8f7c81,2026-06-12T11:15:00Z,2026-06-12T13:15:00+0200,4970.35,MW,FR,FR,actual_onshore_wind_generation,Wind Onshore,2026-06-30T22:03:10Z
2026-06-30T22:02:16Z,2026-07-01T00:02:16+0200,0f2c1f14-db75-409f-ba89-d4cf4b8f7c81,2026-06-12T11:30:00Z,2026-06-12T13:30:00+0200,4980.9,MW,FR,FR,actual_onshore_wind_generation,Wind Onshore,2026-06-30T22:03:10Z
2026-06-30T22:02:16Z,2026-07-01T00:02:16+0200,0f2c1f14-db75-409f-ba89-d4cf4b8f7c81,2026-06-12T11:45:00Z,2026-06-12T13:45:00+0200,4890.35,MW,FR,FR,actual_onshore_wind_generation,Wind Onshore,2026-06-30T22:03:10Z
2026-06-30T22:02:16Z,2026-07-01T00:02:16+0200,0f2c1f14-db75-409f-ba89-d4cf4b8f7c81,2026-06-12T12:00:00Z,2026-06-12T14:00:00+0200,4870.33,MW,FR,FR,actual_onshore_wind_generation,Wind Onshore,2026-06-30T22:03:10Z
2026-06-30T22:02:16Z,2026-07-01T00:02:16+0200,0f2c1f14-db75-409f-ba89-d4cf4b8f7c81,2026-06-12T12:15:00Z,2026-06-12T14:15:00+0200,4885.77,MW,FR,FR,actual_onshore_wind_generation,Wind Onshore,2026-06-30T22:03:10Z
2026-06-30T22:02:16Z,2026-07-01T00:02:16+0200,0f2c1f14-db75-409f-ba89-d4cf4b8f7c81,2026-06-12T12:30:00Z,2026-06-12T14:30:00+0200,4844.19,MW,FR,FR,actual_onshore_wind_generation,Wind Onshore,2026-06-30T22:03:10Z
2026-06-30T22:02:16Z,2026-07-01T00:02:16+0200,0f2c1f14-db75-409f-ba89-d4cf4b8f7c81,2026-06-12T12:45:00Z,2026-06-12T14:45:00+0200,4802.74,MW,FR,FR,actual_onshore_wind_generation,Wind Onshore,2026-06-30T22:03:10Z
2026-06-30T22:02:16Z,2026-07-01T00:02:16+0200,0f2c1f14-db75-409f-ba89-d4cf4b8f7c81,2026-06-12T13:00:00Z,2026-06-12T15:00:00+0200,4746.46,MW,FR,FR,actual_onshore_wind_generation,Wind Onshore,2026-06-30T22:03:10Z
2026-06-30T22:02:16Z,2026-07-01T00:02:16+0200,0f2c1f14-db75-409f-ba89-d4cf4b8f7c81,2026-06-12T13:15:00Z,2026-06-12T15:15:00+0200,4702.91,MW,FR,FR,actual_onshore_wind_generation,Wind Onshore,2026-06-30T22:03:10Z
2026-06-30T22:02:16Z,2026-07-01T00:02:16+0200,0f2c1f14-db75-409f-ba89-d4cf4b8f7c81,2026-06-12T13:30:00Z,2026-06-12T15:30:00+0200,4618.03,MW,FR,FR,actual_onshore_wind_generation,Wind Onshore,2026-06-30T22:03:10Z
2026-06-30T22:02:16Z,2026-07-01T00:02:16+0200,0f2c1f14-db75-409f-ba89-d4cf4b8f7c81,2026-06-12T13:45:00Z,2026-06-12T15:45:00+0200,4502.42,MW,FR,FR,actual_onshore_wind_generation,Wind Onshore,2026-06-30T22:03:10Z
2026-06-30T22:02:16Z,2026-07-01T00:02:16+0200,0f2c1f14-db75-409f-ba89-d4cf4b8f7c81,2026-06-12T14:00:00Z,2026-06-12T16:00:00+0200,4275.99,MW,FR,FR,actual_onshore_wind_generation,Wind Onshore,2026-06-30T22:03:10Z
2026-06-30T22:02:16Z,2026-07-01T00:02:16+0200,0f2c1f14-db75-409f-ba89-d4cf4b8f7c81,2026-06-12T14:15:00Z,2026-06-12T16:15:00+0200,4174.53,MW,FR,FR,actual_onshore_wind_generation,Wind Onshore,2026-06-30T22:03:10Z
2026-06-30T22:02:16Z,2026-07-01T00:02:16+0200,0f2c1f14-db75-409f-ba89-d4cf4b8f7c81,2026-06-12T14:30:00Z,2026-06-12T16:30:00+0200,4419.68,MW,FR,FR,actual_onshore_wind_generation,Wind Onshore,2026-06-30T22:03:10Z
2026-06-30T22:02:16Z,2026-07-01T00:02:16+0200,0f2c1f14-db75-409f-ba89-d4cf4b8f7c81,2026-06-12T14:45:00Z,2026-06-12T16:45:00+0200,4550.23,MW,FR,FR,actual_onshore_wind_generation,Wind Onshore,2026-06-30T22:03:10Z
2026-06-30T22:02:16Z,2026-07-01T00:02:16+0200,0f2c1f14-db75-409f-ba89-d4cf4b8f7c81,2026-06-12T15:00:00Z,2026-06-12T17:00:00+0200,4568.6,MW,FR,FR,actual_onshore_wind_generation,Wind Onshore,2026-06-30T22:03:10Z
2026-06-30T22:02:16Z,2026-07-01T00:02:16+0200,0f2c1f14-db75-409f-ba89-d4cf4b8f7c81,2026-06-12T15:15:00Z,2026-06-12T17:15:00+0200,4561.13,MW,FR,FR,actual_onshore_wind_generation,Wind Onshore,2026-06-30T22:03:10Z
2026-06-30T22:02:16Z,2026-07-01T00:02:16+0200,0f2c1f14-db75-409f-ba89-d4cf4b8f7c81,2026-06-12T15:30:00Z,2026-06-12T17:30:00+0200,5921.68,MW,FR,FR,actual_onshore_wind_generation,Wind Onshore,2026-06-30T22:03:10Z
2026-06-30T22:02:16Z,2026-07-01T00:02:16+0200,0f2c1f14-db75-409f-ba89-d4cf4b8f7c81,2026-06-12T15:45:00Z,2026-06-12T17:45:00+0200,6841.06,MW,FR,FR,actual_onshore_wind_generation,Wind Onshore,2026-06-30T22:03:10Z
2026-06-30T22:02:16Z,2026-07-01T00:02:16+0200,0f2c1f14-db75-409f-ba89-d4cf4b8f7c81,2026-06-12T16:00:00Z,2026-06-12T18:00:00+0200,6933.98,MW,FR,FR,actual_onshore_wind_generation,Wind Onshore,2026-06-30T22:03:10Z
2026-06-30T22:02:16Z,2026-07-01T00:02:16+0200,0f2c1f14-db75-409f-ba89-d4cf4b8f7c81,2026-06-12T16:15:00Z,2026-06-12T18:15:00+0200,7147.39,MW,FR,FR,actual_onshore_wind_generation,Wind Onshore,2026-06-30T22:03:10Z
2026-06-30T22:02:16Z,2026-07-01T00:02:16+0200,0f2c1f14-db75-409f-ba89-d4cf4b8f7c81,2026-06-12T16:30:00Z,2026-06-12T18:30:00+0200,7209.2,MW,FR,FR,actual_onshore_wind_generation,Wind Onshore,2026-06-30T22:03:10Z
2026-06-30T22:02:16Z,2026-07-01T00:02:16+0200,0f2c1f14-db75-409f-ba89-d4cf4b8f7c81,2026-06-12T16:45:00Z,2026-06-12T18:45:00+0200,7128.81,MW,FR,FR,actual_onshore_wind_generation,Wind Onshore,2026-06-30T22:03:10Z
2026-06-30T22:02:16Z,2026-07-01T00:02:16+0200,0f2c1f14-db75-409f-ba89-d4cf4b8f7c81,2026-06-12T17:00:00Z,2026-06-12T19:00:00+0200,7041.1,MW,FR,FR,actual_onshore_wind_generation,Wind Onshore,2026-06-30T22:03:10Z
2026-06-30T22:02:16Z,2026-07-01T00:02:16+0200,0f2c1f14-db75-409f-ba89-d4cf4b8f7c81,2026-06-12T17:15:00Z,2026-06-12T19:15:00+0200,6908.23,MW,FR,FR,actual_onshore_wind_generation,Wind Onshore,2026-06-30T22:03:10Z
2026-06-30T22:02:16Z,2026-07-01T00:02:16+0200,0f2c1f14-db75-409f-ba89-d4cf4b8f7c81,2026-06-12T17:30:00Z,2026-06-12T19:30:00+0200,6751.79,MW,FR,FR,actual_onshore_wind_generation,Wind Onshore,2026-06-30T22:03:10Z
2026-06-30T22:02:16Z,2026-07-01T00:02:16+0200,0f2c1f14-db75-409f-ba89-d4cf4b8f7c81,2026-06-12T17:45:00Z,2026-06-12T19:45:00+0200,6709.14,MW,FR,FR,actual_onshore_wind_generation,Wind Onshore,2026-06-30T22:03:10Z
2026-06-30T22:02:16Z,2026-07-01T00:02:16+0200,0f2c1f14-db75-409f-ba89-d4cf4b8f7c81,2026-06-12T18:00:00Z,2026-06-12T20:00:00+0200,6685.07,MW,FR,FR,actual_onshore_wind_generation,Wind Onshore,2026-06-30T22:03:10Z
2026-06-30T22:02:16Z,2026-07-01T00:02:16+0200,0f2c1f14-db75-409f-ba89-d4cf4b8f7c81,2026-06-12T18:15:00Z,2026-06-12T20:15:00+0200,6569.05,MW,FR,FR,actual_onshore_wind_generation,Wind Onshore,2026-06-30T22:03:10Z
2026-06-30T22:02:16Z,2026-07-01T00:02:16+0200,0f2c1f14-db75-409f-ba89-d4cf4b8f7c81,2026-06-12T18:30:00Z,2026-06-12T20:30:00+0200,6412.03,MW,FR,FR,actual_onshore_wind_generation,Wind Onshore,2026-06-30T22:03:10Z
2026-06-30T22:02:16Z,2026-07-01T00:02:16+0200,0f2c1f14-db75-409f-ba89-d4cf4b8f7c81,2026-06-12T18:45:00Z,2026-06-12T20:45:00+0200,6205.89,MW,FR,FR,actual_onshore_wind_generation,Wind Onshore,2026-06-30T22:03:10Z
2026-06-30T22:02:16Z,2026-07-01T00:02:16+0200,0f2c1f14-db75-409f-ba89-d4cf4b8f7c81,2026-06-12T19:00:00Z,2026-06-12T21:00:00+0200,6186.3,MW,FR,FR,actual_onshore_wind_generation,Wind Onshore,2026-06-30T22:03:10Z
2026-06-30T22:02:16Z,2026-07-01T00:02:16+0200,0f2c1f14-db75-409f-ba89-d4cf4b8f7c81,2026-06-12T19:15:00Z,2026-06-12T21:15:00+0200,6124.13,MW,FR,FR,actual_onshore_wind_generation,Wind Onshore,2026-06-30T22:03:10Z
2026-06-30T22:02:16Z,2026-07-01T00:02:16+0200,0f2c1f14-db75-409f-ba89-d4cf4b8f7c81,2026-06-12T19:30:00Z,2026-06-12T21:30:00+0200,6117.23,MW,FR,FR,actual_onshore_wind_generation,Wind Onshore,2026-06-30T22:03:10Z
2026-06-30T22:02:16Z,2026-07-01T00:02:16+0200,0f2c1f14-db75-409f-ba89-d4cf4b8f7c81,2026-06-12T19:45:00Z,2026-06-12T21:45:00+0200,6234.79,MW,FR,FR,actual_onshore_wind_generation,Wind Onshore,2026-06-30T22:03:10Z
2026-06-30T22:02:16Z,2026-07-01T00:02:16+0200,0f2c1f14-db75-409f-ba89-d4cf4b8f7c81,2026-06-12T20:00:00Z,2026-06-12T22:00:00+0200,6240.01,MW,FR,FR,actual_onshore_wind_generation,Wind Onshore,2026-06-30T22:03:10Z
2026-06-30T22:02:16Z,2026-07-01T00:02:16+0200,0f2c1f14-db75-409f-ba89-d4cf4b8f7c81,2026-06-12T20:15:00Z,2026-06-12T22:15:00+0200,6375.63,MW,FR,FR,actual_onshore_wind_generation,Wind Onshore,2026-06-30T22:03:10Z
2026-06-30T22:02:16Z,2026-07-01T00:02:16+0200,0f2c1f14-db75-409f-ba89-d4cf4b8f7c81,2026-06-12T20:30:00Z,2026-06-12T22:30:00+0200,6521.56,MW,FR,FR,actual_onshore_wind_generation,Wind Onshore,2026-06-30T22:03:10Z
2026-06-30T22:02:16Z,2026-07-01T00:02:16+0200,0f2c1f14-db75-409f-ba89-d4cf4b8f7c81,2026-06-12T20:45:00Z,2026-06-12T22:45:00+0200,6688.21,MW,FR,FR,actual_onshore_wind_generation,Wind Onshore,2026-06-30T22:03:10Z
2026-06-30T22:02:16Z,2026-07-01T00:02:16+0200,0f2c1f14-db75-409f-ba89-d4cf4b8f7c81,2026-06-12T21:00:00Z,2026-06-12T23:00:00+0200,6836.82,MW,FR,FR,actual_onshore_wind_generation,Wind Onshore,2026-06-30T22:03:10Z
2026-06-30T22:02:16Z,2026-07-01T00:02:16+0200,0f2c1f14-db75-409f-ba89-d4cf4b8f7c81,2026-06-12T21:15:00Z,2026-06-12T23:15:00+0200,6893.2,MW,FR,FR,actual_onshore_wind_generation,Wind Onshore,2026-06-30T22:03:10Z
2026-06-30T22:02:16Z,2026-07-01T00:02:16+0200,0f2c1f14-db75-409f-ba89-d4cf4b8f7c81,2026-06-12T21:30:00Z,2026-06-12T23:30:00+0200,6945.1,MW,FR,FR,actual_onshore_wind_generation,Wind Onshore,2026-06-30T22:03:10Z
2026-06-30T22:02:16Z,2026-07-01T00:02:16+0200,0f2c1f14-db75-409f-ba89-d4cf4b8f7c81,2026-06-12T21:45:00Z,2026-06-12T23:45:00+0200,7043.77,MW,FR,FR,actual_onshore_wind_generation,Wind Onshore,2026-06-30T22:03:10Z
2026-06-30T22:02:16Z,2026-07-01T00:02:16+0200,0f2c1f14-db75-409f-ba89-d4cf4b8f7c81,2026-06-12T22:00:00Z,2026-06-13T00:00:00+0200,7111.5,MW,FR,FR,actual_onshore_wind_generation,Wind Onshore,2026-06-30T22:03:10Z
2026-06-30T22:02:16Z,2026-07-01T00:02:16+0200,0f2c1f14-db75-409f-ba89-d4cf4b8f7c81,2026-06-12T22:15:00Z,2026-06-13T00:15:00+0200,7078.99,MW,FR,FR,actual_onshore_wind_generation,Wind Onshore,2026-06-30T22:03:10Z
2026-06-30T22:02:16Z,2026-07-01T00:02:16+0200,0f2c1f14-db75-409f-ba89-d4cf4b8f7c81,2026-06-12T22:30:00Z,2026-06-13T00:30:00+0200,7060.81,MW,FR,FR,actual_onshore_wind_generation,Wind Onshore,2026-06-30T22:03:10Z
2026-06-30T22:02:16Z,2026-07-01T00:02:16+0200,0f2c1f14-db75-409f-ba89-d4cf4b8f7c81,2026-06-12T22:45:00Z,2026-06-13T00:45:00+0200,6967.53,MW,FR,FR,actual_onshore_wind_generation,Wind Onshore,2026-06-30T22:03:10Z
2026-06-30T22:02:16Z,2026-07-01T00:02:16+0200,0f2c1f14-db75-409f-ba89-d4cf4b8f7c81,2026-06-12T23:00:00Z,2026-06-13T01:00:00+0200,7094.39,MW,FR,FR,actual_onshore_wind_generation,Wind Onshore,2026-06-30T22:03:10Z
2026-06-30T22:02:16Z,2026-07-01T00:02:16+0200,0f2c1f14-db75-409f-ba89-d4cf4b8f7c81,2026-06-12T23:15:00Z,2026-06-13T01:15:00+0200,7120.84,MW,FR,FR,actual_onshore_wind_generation,Wind Onshore,2026-06-30T22:03:10Z
2026-06-30T22:02:16Z,2026-07-01T00:02:16+0200,0f2c1f14-db75-409f-ba89-d4cf4b8f7c81,2026-06-12T23:30:00Z,2026-06-13T01:30:00+0200,7071.4,MW,FR,FR,actual_onshore_wind_generation,Wind Onshore,2026-06-30T22:03:10Z
2026-06-30T22:02:16Z,2026-07-01T00:02:16+0200,0f2c1f14-db75-409f-ba89-d4cf4b8f7c81,2026-06-12T23:45:00Z,2026-06-13T01:45:00+0200,7125.62,MW,FR,FR,actual_onshore_wind_generation,Wind Onshore,2026-06-30T22:03:10Z
2026-06-30T22:02:16Z,2026-07-01T00:02:16+0200,0f2c1f14-db75-409f-ba89-d4cf4b8f7c81,2026-06-13T00:00:00Z,2026-06-13T02:00:00+0200,7044.26,MW,FR,FR,actual_onshore_wind_generation,Wind Onshore,2026-06-30T22:03:10Z
2026-06-30T22:02:16Z,2026-07-01T00:02:16+0200,0f2c1f14-db75-409f-ba89-d4cf4b8f7c81,2026-06-13T00:15:00Z,2026-06-13T02:15:00+0200,6943.15,MW,FR,FR,actual_onshore_wind_generation,Wind Onshore,2026-06-30T22:03:10Z
2026-06-30T22:02:16Z,2026-07-01T00:02:16+0200,0f2c1f14-db75-409f-ba89-d4cf4b8f7c81,2026-06-13T00:30:00Z,2026-06-13T02:30:00+0200,6785.78,MW,FR,FR,actual_onshore_wind_generation,Wind Onshore,2026-06-30T22:03:10Z
2026-06-30T22:02:16Z,2026-07-01T00:02:16+0200,0f2c1f14-db75-409f-ba89-d4cf4b8f7c81,2026-06-13T00:45:00Z,2026-06-13T02:45:00+0200,6760.17,MW,FR,FR,actual_onshore_wind_generation,Wind Onshore,2026-06-30T22:03:10Z
2026-06-30T22:02:16Z,2026-07-01T00:02:16+0200,0f2c1f14-db75-409f-ba89-d4cf4b8f7c81,2026-06-13T01:00:00Z,2026-06-13T03:00:00+0200,6807.69,MW,FR,FR,actual_onshore_wind_generation,Wind Onshore,2026-06-30T22:03:10Z
2026-06-30T22:02:16Z,2026-07-01T00:02:16+0200,0f2c1f14-db75-409f-ba89-d4cf4b8f7c81,2026-06-13T01:15:00Z,2026-06-13T03:15:00+0200,6728.34,MW,FR,FR,actual_onshore_wind_generation,Wind Onshore,2026-06-30T22:03:10Z
2026-06-30T22:02:16Z,2026-07-01T00:02:16+0200,0f2c1f14-db75-409f-ba89-d4cf4b8f7c81,2026-06-13T01:30:00Z,2026-06-13T03:30:00+0200,6636.66,MW,FR,FR,actual_onshore_wind_generation,Wind Onshore,2026-06-30T22:03:10Z
2026-06-30T22:02:16Z,2026-07-01T00:02:16+0200,0f2c1f14-db75-409f-ba89-d4cf4b8f7c81,2026-06-13T01:45:00Z,2026-06-13T03:45:00+0200,6535.75,MW,FR,FR,actual_onshore_wind_generation,Wind Onshore,2026-06-30T22:03:10Z
2026-06-30T22:02:16Z,2026-07-01T00:02:16+0200,0f2c1f14-db75-409f-ba89-d4cf4b8f7c81,2026-06-13T02:00:00Z,2026-06-13T04:00:00+0200,6295.85,MW,FR,FR,actual_onshore_wind_generation,Wind Onshore,2026-06-30T22:03:10Z
2026-06-30T22:02:16Z,2026-07-01T00:02:16+0200,0f2c1f14-db75-409f-ba89-d4cf4b8f7c81,2026-06-13T02:15:00Z,2026-06-13T04:15:00+0200,5987.81,MW,FR,FR,actual_onshore_wind_generation,Wind Onshore,2026-06-30T22:03:10Z
2026-06-30T22:02:16Z,2026-07-01T00:02:16+0200,0f2c1f14-db75-409f-ba89-d4cf4b8f7c81,2026-06-13T02:30:00Z,2026-06-13T04:30:00+0200,5880.44,MW,FR,FR,actual_onshore_wind_generation,Wind Onshore,2026-06-30T22:03:10Z
2026-06-30T22:02:16Z,2026-07-01T00:02:16+0200,0f2c1f14-db75-409f-ba89-d4cf4b8f7c81,2026-06-13T02:45:00Z,2026-06-13T04:45:00+0200,5641.55,MW,FR,FR,actual_onshore_wind_generation,Wind Onshore,2026-06-30T22:03:10Z
2026-06-30T22:02:16Z,2026-07-01T00:02:16+0200,0f2c1f14-db75-409f-ba89-d4cf4b8f7c81,2026-06-13T03:00:00Z,2026-06-13T05:00:00+0200,5513.31,MW,FR,FR,actual_onshore_wind_generation,Wind Onshore,2026-06-30T22:03:10Z
2026-06-30T22:02:16Z,2026-07-01T00:02:16+0200,0f2c1f14-db75-409f-ba89-d4cf4b8f7c81,2026-06-13T03:15:00Z,2026-06-13T05:15:00+0200,5227.05,MW,FR,FR,actual_onshore_wind_generation,Wind Onshore,2026-06-30T22:03:10Z
2026-06-30T22:02:16Z,2026-07-01T00:02:16+0200,0f2c1f14-db75-409f-ba89-d4cf4b8f7c81,2026-06-13T03:30:00Z,2026-06-13T05:30:00+0200,5069.82,MW,FR,FR,actual_onshore_wind_generation,Wind Onshore,2026-06-30T22:03:10Z
2026-06-30T22:02:16Z,2026-07-01T00:02:16+0200,0f2c1f14-db75-409f-ba89-d4cf4b8f7c81,2026-06-13T03:45:00Z,2026-06-13T05:45:00+0200,4808.82,MW,FR,FR,actual_onshore_wind_generation,Wind Onshore,2026-06-30T22:03:10Z
2026-06-30T22:02:16Z,2026-07-01T00:02:16+0200,0f2c1f14-db75-409f-ba89-d4cf4b8f7c81,2026-06-13T04:00:00Z,2026-06-13T06:00:00+0200,4657.83,MW,FR,FR,actual_onshore_wind_generation,Wind Onshore,2026-06-30T22:03:10Z
2026-06-30T22:02:16Z,2026-07-01T00:02:16+0200,0f2c1f14-db75-409f-ba89-d4cf4b8f7c81,2026-06-13T04:15:00Z,2026-06-13T06:15:00+0200,4547.46,MW,FR,FR,actual_onshore_wind_generation,Wind Onshore,2026-06-30T22:03:10Z
2026-06-30T22:02:16Z,2026-07-01T00:02:16+0200,0f2c1f14-db75-409f-ba89-d4cf4b8f7c81,2026-06-13T04:30:00Z,2026-06-13T06:30:00+0200,4523.14,MW,FR,FR,actual_onshore_wind_generation,Wind Onshore,2026-06-30T22:03:10Z
2026-06-30T22:02:16Z,2026-07-01T00:02:16+0200,0f2c1f14-db75-409f-ba89-d4cf4b8f7c81,2026-06-13T04:45:00Z,2026-06-13T06:45:00+0200,4382.65,MW,FR,FR,actual_onshore_wind_generation,Wind Onshore,2026-06-30T22:03:10Z
2026-06-30T22:02:16Z,2026-07-01T00:02:16+0200,0f2c1f14-db75-409f-ba89-d4cf4b8f7c81,2026-06-13T05:00:00Z,2026-06-13T07:00:00+0200,4213.21,MW,FR,FR,actual_onshore_wind_generation,Wind Onshore,2026-06-30T22:03:10Z
2026-06-30T22:02:16Z,2026-07-01T00:02:16+0200,0f2c1f14-db75-409f-ba89-d4cf4b8f7c81,2026-06-13T05:15:00Z,2026-06-13T07:15:00+0200,3959.7,MW,FR,FR,actual_onshore_wind_generation,Wind Onshore,2026-06-30T22:03:10Z
2026-06-30T22:02:16Z,2026-07-01T00:02:16+0200,0f2c1f14-db75-409f-ba89-d4cf4b8f7c81,2026-06-13T05:30:00Z,2026-06-13T07:30:00+0200,3770.66,MW,FR,FR,actual_onshore_wind_generation,Wind Onshore,2026-06-30T22:03:10Z
2026-06-30T22:02:16Z,2026-07-01T00:02:16+0200,0f2c1f14-db75-409f-ba89-d4cf4b8f7c81,2026-06-13T05:45:00Z,2026-06-13T07:45:00+0200,3737.67,MW,FR,FR,actual_onshore_wind_generation,Wind Onshore,2026-06-30T22:03:10Z
2026-06-30T22:02:16Z,2026-07-01T00:02:16+0200,0f2c1f14-db75-409f-ba89-d4cf4b8f7c81,2026-06-13T06:00:00Z,2026-06-13T08:00:00+0200,3735.34,MW,FR,FR,actual_onshore_wind_generation,Wind Onshore,2026-06-30T22:03:10Z
2026-06-30T22:02:16Z,2026-07-01T00:02:16+0200,0f2c1f14-db75-409f-ba89-d4cf4b8f7c81,2026-06-13T06:15:00Z,2026-06-13T08:15:00+0200,3392.42,MW,FR,FR,actual_onshore_wind_generation,Wind Onshore,2026-06-30T22:03:10Z
2026-06-30T22:02:16Z,2026-07-01T00:02:16+0200,0f2c1f14-db75-409f-ba89-d4cf4b8f7c81,2026-06-13T06:30:00Z,2026-06-13T08:30:00+0200,2575.66,MW,FR,FR,actual_onshore_wind_generation,Wind Onshore,2026-06-30T22:03:10Z
2026-06-30T22:02:16Z,2026-07-01T00:02:16+0200,0f2c1f14-db75-409f-ba89-d4cf4b8f7c81,2026-06-13T06:45:00Z,2026-06-13T08:45:00+0200,2250.23,MW,FR,FR,actual_onshore_wind_generation,Wind Onshore,2026-06-30T22:03:10Z
2026-06-30T22:02:16Z,2026-07-01T00:02:16+0200,0f2c1f14-db75-409f-ba89-d4cf4b8f7c81,2026-06-13T07:00:00Z,2026-06-13T09:00:00+0200,1898.36,MW,FR,FR,actual_onshore_wind_generation,Wind Onshore,2026-06-30T22:03:10Z
2026-06-30T22:02:16Z,2026-07-01T00:02:16+0200,0f2c1f14-db75-409f-ba89-d4cf4b8f7c81,2026-06-13T07:15:00Z,2026-06-13T09:15:00+0200,1192.57,MW,FR,FR,actual_onshore_wind_generation,Wind Onshore,2026-06-30T22:03:10Z
2026-06-30T22:02:16Z,2026-07-01T00:02:16+0200,0f2c1f14-db75-409f-ba89-d4cf4b8f7c81,2026-06-13T07:30:00Z,2026-06-13T09:30:00+0200,1008.98,MW,FR,FR,actual_onshore_wind_generation,Wind Onshore,2026-06-30T22:03:10Z
2026-06-30T22:02:16Z,2026-07-01T00:02:16+0200,0f2c1f14-db75-409f-ba89-d4cf4b8f7c81,2026-06-13T07:45:00Z,2026-06-13T09:45:00+0200,985.34,MW,FR,FR,actual_onshore_wind_generation,Wind Onshore,2026-06-30T22:03:10Z
2026-06-30T22:02:16Z,2026-07-01T00:02:16+0200,0f2c1f14-db75-409f-ba89-d4cf4b8f7c81,2026-06-13T08:00:00Z,2026-06-13T10:00:00+0200,957.49,MW,FR,FR,actual_onshore_wind_generation,Wind Onshore,2026-06-30T22:03:10Z
2026-06-30T22:02:16Z,2026-07-01T00:02:16+0200,0f2c1f14-db75-409f-ba89-d4cf4b8f7c81,2026-06-13T08:15:00Z,2026-06-13T10:15:00+0200,928.67,MW,FR,FR,actual_onshore_wind_generation,Wind Onshore,2026-06-30T22:03:10Z
2026-06-30T22:02:16Z,2026-07-01T00:02:16+0200,0f2c1f14-db75-409f-ba89-d4cf4b8f7c81,2026-06-13T08:30:00Z,2026-06-13T10:30:00+0200,919.2,MW,FR,FR,actual_onshore_wind_generation,Wind Onshore,2026-06-30T22:03:10Z
2026-06-30T22:02:16Z,2026-07-01T00:02:16+0200,0f2c1f14-db75-409f-ba89-d4cf4b8f7c81,2026-06-13T08:45:00Z,2026-06-13T10:45:00+0200,913.83,MW,FR,FR,actual_onshore_wind_generation,Wind Onshore,2026-06-30T22:03:10Z
2026-06-30T22:02:16Z,2026-07-01T00:02:16+0200,0f2c1f14-db75-409f-ba89-d4cf4b8f7c81,2026-06-13T09:00:00Z,2026-06-13T11:00:00+0200,905.18,MW,FR,FR,actual_onshore_wind_generation,Wind Onshore,2026-06-30T22:03:10Z
2026-06-30T22:02:16Z,2026-07-01T00:02:16+0200,0f2c1f14-db75-409f-ba89-d4cf4b8f7c81,2026-06-13T09:15:00Z,2026-06-13T11:15:00+0200,913.82,MW,FR,FR,actual_onshore_wind_generation,Wind Onshore,2026-06-30T22:03:10Z
2026-06-30T22:02:16Z,2026-07-01T00:02:16+0200,0f2c1f14-db75-409f-ba89-d4cf4b8f7c81,2026-06-13T09:30:00Z,2026-06-13T11:30:00+0200,936.91,MW,FR,FR,actual_onshore_wind_generation,Wind Onshore,2026-06-30T22:03:10Z
2026-06-30T22:02:16Z,2026-07-01T00:02:16+0200,0f2c1f14-db75-409f-ba89-d4cf4b8f7c81,2026-06-13T09:45:00Z,2026-06-13T11:45:00+0200,947.45,MW,FR,FR,actual_onshore_wind_generation,Wind Onshore,2026-06-30T22:03:10Z
2026-06-30T22:02:16Z,2026-07-01T00:02:16+0200,0f2c1f14-db75-409f-ba89-d4cf4b8f7c81,2026-06-13T10:00:00Z,2026-06-13T12:00:00+0200,963.46,MW,FR,FR,actual_onshore_wind_generation,Wind Onshore,2026-06-30T22:03:10Z
2026-06-30T22:02:16Z,2026-07-01T00:02:16+0200,0f2c1f14-db75-409f-ba89-d4cf4b8f7c81,2026-06-13T10:15:00Z,2026-06-13T12:15:00+0200,1000.12,MW,FR,FR,actual_onshore_wind_generation,Wind Onshore,2026-06-30T22:03:10Z
2026-06-30T22:02:16Z,2026-07-01T00:02:16+0200,0f2c1f14-db75-409f-ba89-d4cf4b8f7c81,2026-06-13T10:30:00Z,2026-06-13T12:30:00+0200,1030.69,MW,FR,FR,actual_onshore_wind_generation,Wind Onshore,2026-06-30T22:03:10Z
2026-06-30T22:02:16Z,2026-07-01T00:02:16+0200,0f2c1f14-db75-409f-ba89-d4cf4b8f7c81,2026-06-13T10:45:00Z,2026-06-13T12:45:00+0200,1057.49,MW,FR,FR,actual_onshore_wind_generation,Wind Onshore,2026-06-30T22:03:10Z
2026-06-30T22:02:16Z,2026-07-01T00:02:16+0200,0f2c1f14-db75-409f-ba89-d4cf4b8f7c81,2026-06-13T11:00:00Z,2026-06-13T13:00:00+0200,1083.57,MW,FR,FR,actual_onshore_wind_generation,Wind Onshore,2026-06-30T22:03:10Z
2026-06-30T22:02:16Z,2026-07-01T00:02:16+0200,0f2c1f14-db75-409f-ba89-d4cf4b8f7c81,2026-06-13T11:15:00Z,2026-06-13T13:15:00+0200,1083.07,MW,FR,FR,actual_onshore_wind_generation,Wind Onshore,2026-06-30T22:03:10Z
2026-06-30T22:02:16Z,2026-07-01T00:02:16+0200,0f2c1f14-db75-409f-ba89-d4cf4b8f7c81,2026-06-13T11:30:00Z,2026-06-13T13:30:00+0200,1145.68,MW,FR,FR,actual_onshore_wind_generation,Wind Onshore,2026-06-30T22:03:10Z
2026-06-30T22:02:16Z,2026-07-01T00:02:16+0200,0f2c1f14-db75-409f-ba89-d4cf4b8f7c81,2026-06-13T11:45:00Z,2026-06-13T13:45:00+0200,1152.28,MW,FR,FR,actual_onshore_wind_generation,Wind Onshore,2026-06-30T22:03:10Z
2026-06-30T22:02:16Z,2026-07-01T00:02:16+0200,0f2c1f14-db75-409f-ba89-d4cf4b8f7c81,2026-06-13T12:00:00Z,2026-06-13T14:00:00+0200,1202.69,MW,FR,FR,actual_onshore_wind_generation,Wind Onshore,2026-06-30T22:03:10Z
2026-06-30T22:02:16Z,2026-07-01T00:02:16+0200,0f2c1f14-db75-409f-ba89-d4cf4b8f7c81,2026-06-13T12:15:00Z,2026-06-13T14:15:00+0200,1237.39,MW,FR,FR,actual_onshore_wind_generation,Wind Onshore,2026-06-30T22:03:10Z
2026-06-30T22:02:16Z,2026-07-01T00:02:16+0200,0f2c1f14-db75-409f-ba89-d4cf4b8f7c81,2026-06-13T12:30:00Z,2026-06-13T14:30:00+0200,1264.3,MW,FR,FR,actual_onshore_wind_generation,Wind Onshore,2026-06-30T22:03:10Z
2026-06-30T22:02:16Z,2026-07-01T00:02:16+0200,0f2c1f14-db75-409f-ba89-d4cf4b8f7c81,2026-06-13T12:45:00Z,2026-06-13T14:45:00+0200,1284.58,MW,FR,FR,actual_onshore_wind_generation,Wind Onshore,2026-06-30T22:03:10Z
2026-06-30T22:02:16Z,2026-07-01T00:02:16+0200,0f2c1f14-db75-409f-ba89-d4cf4b8f7c81,2026-06-13T13:00:00Z,2026-06-13T15:00:00+0200,1289.69,MW,FR,FR,actual_onshore_wind_generation,Wind Onshore,2026-06-30T22:03:10Z
2026-06-30T22:02:16Z,2026-07-01T00:02:16+0200,0f2c1f14-db75-409f-ba89-d4cf4b8f7c81,2026-06-13T13:15:00Z,2026-06-13T15:15:00+0200,1317.12,MW,FR,FR,actual_onshore_wind_generation,Wind Onshore,2026-06-30T22:03:10Z
2026-06-30T22:02:16Z,2026-07-01T00:02:16+0200,0f2c1f14-db75-409f-ba89-d4cf4b8f7c81,2026-06-13T13:30:00Z,2026-06-13T15:30:00+0200,1303.32,MW,FR,FR,actual_onshore_wind_generation,Wind Onshore,2026-06-30T22:03:10Z
2026-06-30T22:02:16Z,2026-07-01T00:02:16+0200,0f2c1f14-db75-409f-ba89-d4cf4b8f7c81,2026-06-13T13:45:00Z,2026-06-13T15:45:00+0200,1345.33,MW,FR,FR,actual_onshore_wind_generation,Wind Onshore,2026-06-30T22:03:10Z
2026-06-30T22:02:16Z,2026-07-01T00:02:16+0200,0f2c1f14-db75-409f-ba89-d4cf4b8f7c81,2026-06-13T14:00:00Z,2026-06-13T16:00:00+0200,1334.58,MW,FR,FR,actual_onshore_wind_generation,Wind Onshore,2026-06-30T22:03:10Z
2026-06-30T22:02:16Z,2026-07-01T00:02:16+0200,0f2c1f14-db75-409f-ba89-d4cf4b8f7c81,2026-06-13T14:15:00Z,2026-06-13T16:15:00+0200,1327.68,MW,FR,FR,actual_onshore_wind_generation,Wind Onshore,2026-06-30T22:03:10Z
2026-06-30T22:02:16Z,2026-07-01T00:02:16+0200,0f2c1f14-db75-409f-ba89-d4cf4b8f7c81,2026-06-13T14:30:00Z,2026-06-13T16:30:00+0200,1312.01,MW,FR,FR,actual_onshore_wind_generation,Wind Onshore,2026-06-30T22:03:10Z
2026-06-30T22:02:16Z,2026-07-01T00:02:16+0200,0f2c1f14-db75-409f-ba89-d4cf4b8f7c81,2026-06-13T14:45:00Z,2026-06-13T16:45:00+0200,1292.42,MW,FR,FR,actual_onshore_wind_generation,Wind Onshore,2026-06-30T22:03:10Z
2026-06-30T22:02:16Z,2026-07-01T00:02:16+0200,0f2c1f14-db75-409f-ba89-d4cf4b8f7c81,2026-06-13T15:00:00Z,2026-06-13T17:00:00+0200,1288.77,MW,FR,FR,actual_onshore_wind_generation,Wind Onshore,2026-06-30T22:03:10Z
2026-06-30T22:02:16Z,2026-07-01T00:02:16+0200,0f2c1f14-db75-409f-ba89-d4cf4b8f7c81,2026-06-13T15:15:00Z,2026-06-13T17:15:00+0200,1308.0,MW,FR,FR,actual_onshore_wind_generation,Wind Onshore,2026-06-30T22:03:10Z
2026-06-30T22:02:16Z,2026-07-01T00:02:16+0200,0f2c1f14-db75-409f-ba89-d4cf4b8f7c81,2026-06-13T15:30:00Z,2026-06-13T17:30:00+0200,1339.47,MW,FR,FR,actual_onshore_wind_generation,Wind Onshore,2026-06-30T22:03:10Z
2026-06-30T22:02:16Z,2026-07-01T00:02:16+0200,0f2c1f14-db75-409f-ba89-d4cf4b8f7c81,2026-06-13T15:45:00Z,2026-06-13T17:45:00+0200,1368.72,MW,FR,FR,actual_onshore_wind_generation,Wind Onshore,2026-06-30T22:03:10Z
2026-06-30T22:02:16Z,2026-07-01T00:02:16+0200,0f2c1f14-db75-409f-ba89-d4cf4b8f7c81,2026-06-13T16:00:00Z,2026-06-13T18:00:00+0200,2315.58,MW,FR,FR,actual_onshore_wind_generation,Wind Onshore,2026-06-30T22:03:10Z
2026-06-30T22:02:16Z,2026-07-01T00:02:16+0200,0f2c1f14-db75-409f-ba89-d4cf4b8f7c81,2026-06-13T16:15:00Z,2026-06-13T18:15:00+0200,4102.35,MW,FR,FR,actual_onshore_wind_generation,Wind Onshore,2026-06-30T22:03:10Z
2026-06-30T22:02:16Z,2026-07-01T00:02:16+0200,0f2c1f14-db75-409f-ba89-d4cf4b8f7c81,2026-06-13T16:30:00Z,2026-06-13T18:30:00+0200,4817.87,MW,FR,FR,actual_onshore_wind_generation,Wind Onshore,2026-06-30T22:03:10Z
2026-06-30T22:02:16Z,2026-07-01T00:02:16+0200,0f2c1f14-db75-409f-ba89-d4cf4b8f7c81,2026-06-13T16:45:00Z,2026-06-13T18:45:00+0200,4897.61,MW,FR,FR,actual_onshore_wind_generation,Wind Onshore,2026-06-30T22:03:10Z
2026-06-30T22:02:16Z,2026-07-01T00:02:16+0200,0f2c1f14-db75-409f-ba89-d4cf4b8f7c81,2026-06-13T17:00:00Z,2026-06-13T19:00:00+0200,4867.97,MW,FR,FR,actual_onshore_wind_generation,Wind Onshore,2026-06-30T22:03:10Z
2026-06-30T22:02:16Z,2026-07-01T00:02:16+0200,0f2c1f14-db75-409f-ba89-d4cf4b8f7c81,2026-06-13T17:15:00Z,2026-06-13T19:15:00+0200,4764.11,MW,FR,FR,actual_onshore_wind_generation,Wind Onshore,2026-06-30T22:03:10Z
2026-06-30T22:02:16Z,2026-07-01T00:02:16+0200,0f2c1f14-db75-409f-ba89-d4cf4b8f7c81,2026-06-13T17:30:00Z,2026-06-13T19:30:00+0200,4500.81,MW,FR,FR,actual_onshore_wind_generation,Wind Onshore,2026-06-30T22:03:10Z
2026-06-30T22:02:16Z,2026-07-01T00:02:16+0200,0f2c1f14-db75-409f-ba89-d4cf4b8f7c81,2026-06-13T17:45:00Z,2026-06-13T19:45:00+0200,4288.39,MW,FR,FR,actual_onshore_wind_generation,Wind Onshore,2026-06-30T22:03:10Z
2026-06-30T22:02:16Z,2026-07-01T00:02:16+0200,0f2c1f14-db75-409f-ba89-d4cf4b8f7c81,2026-06-13T18:00:00Z,2026-06-13T20:00:00+0200,4111.77,MW,FR,FR,actual_onshore_wind_generation,Wind Onshore,2026-06-30T22:03:10Z
2026-06-30T22:02:16Z,2026-07-01T00:02:16+0200,0f2c1f14-db75-409f-ba89-d4cf4b8f7c81,2026-06-13T18:15:00Z,2026-06-13T20:15:00+0200,3935.03,MW,FR,FR,actual_onshore_wind_generation,Wind Onshore,2026-06-30T22:03:10Z
2026-06-30T22:02:16Z,2026-07-01T00:02:16+0200,0f2c1f14-db75-409f-ba89-d4cf4b8f7c81,2026-06-13T18:30:00Z,2026-06-13T20:30:00+0200,3841.83,MW,FR,FR,actual_onshore_wind_generation,Wind Onshore,2026-06-30T22:03:10Z
2026-06-30T22:02:16Z,2026-07-01T00:02:16+0200,0f2c1f14-db75-409f-ba89-d4cf4b8f7c81,2026-06-13T18:45:00Z,2026-06-13T20:45:00+0200,3800.36,MW,FR,FR,actual_onshore_wind_generation,Wind Onshore,2026-06-30T22:03:10Z
2026-06-30T22:02:16Z,2026-07-01T00:02:16+0200,0f2c1f14-db75-409f-ba89-d4cf4b8f7c81,2026-06-13T19:00:00Z,2026-06-13T21:00:00+0200,3793.54,MW,FR,FR,actual_onshore_wind_generation,Wind Onshore,2026-06-30T22:03:10Z
2026-06-30T22:02:16Z,2026-07-01T00:02:16+0200,0f2c1f14-db75-409f-ba89-d4cf4b8f7c81,2026-06-13T19:15:00Z,2026-06-13T21:15:00+0200,3836.78,MW,FR,FR,actual_onshore_wind_generation,Wind Onshore,2026-06-30T22:03:10Z
2026-06-30T22:02:16Z,2026-07-01T00:02:16+0200,0f2c1f14-db75-409f-ba89-d4cf4b8f7c81,2026-06-13T19:30:00Z,2026-06-13T21:30:00+0200,3910.41,MW,FR,FR,actual_onshore_wind_generation,Wind Onshore,2026-06-30T22:03:10Z
2026-06-30T22:02:16Z,2026-07-01T00:02:16+0200,0f2c1f14-db75-409f-ba89-d4cf4b8f7c81,2026-06-13T19:45:00Z,2026-06-13T21:45:00+0200,4052.82,MW,FR,FR,actual_onshore_wind_generation,Wind Onshore,2026-06-30T22:03:10Z
2026-06-30T22:02:16Z,2026-07-01T00:02:16+0200,0f2c1f14-db75-409f-ba89-d4cf4b8f7c81,2026-06-13T20:00:00Z,2026-06-13T22:00:00+0200,4123.59,MW,FR,FR,actual_onshore_wind_generation,Wind Onshore,2026-06-30T22:03:10Z
2026-06-30T22:02:16Z,2026-07-01T00:02:16+0200,0f2c1f14-db75-409f-ba89-d4cf4b8f7c81,2026-06-13T20:15:00Z,2026-06-13T22:15:00+0200,4184.03,MW,FR,FR,actual_onshore_wind_generation,Wind Onshore,2026-06-30T22:03:10Z
2026-06-30T22:02:16Z,2026-07-01T00:02:16+0200,0f2c1f14-db75-409f-ba89-d4cf4b8f7c81,2026-06-13T20:30:00Z,2026-06-13T22:30:00+0200,4277.95,MW,FR,FR,actual_onshore_wind_generation,Wind Onshore,2026-06-30T22:03:10Z
2026-06-30T22:02:16Z,2026-07-01T00:02:16+0200,0f2c1f14-db75-409f-ba89-d4cf4b8f7c81,2026-06-13T20:45:00Z,2026-06-13T22:45:00+0200,4355.01,MW,FR,FR,actual_onshore_wind_generation,Wind Onshore,2026-06-30T22:03:10Z
2026-06-30T22:02:16Z,2026-07-01T00:02:16+0200,0f2c1f14-db75-409f-ba89-d4cf4b8f7c81,2026-06-13T21:00:00Z,2026-06-13T23:00:00+0200,4351.16,MW,FR,FR,actual_onshore_wind_generation,Wind Onshore,2026-06-30T22:03:10Z
2026-06-30T22:02:16Z,2026-07-01T00:02:16+0200,0f2c1f14-db75-409f-ba89-d4cf4b8f7c81,2026-06-13T21:15:00Z,2026-06-13T23:15:00+0200,4340.72,MW,FR,FR,actual_onshore_wind_generation,Wind Onshore,2026-06-30T22:03:10Z
2026-06-30T22:02:16Z,2026-07-01T00:02:16+0200,0f2c1f14-db75-409f-ba89-d4cf4b8f7c81,2026-06-13T21:30:00Z,2026-06-13T23:30:00+0200,4394.4,MW,FR,FR,actual_onshore_wind_generation,Wind Onshore,2026-06-30T22:03:10Z
2026-06-30T22:02:16Z,2026-07-01T00:02:16+0200,0f2c1f14-db75-409f-ba89-d4cf4b8f7c81,2026-06-13T21:45:00Z,2026-06-13T23:45:00+0200,4387.6,MW,FR,FR,actual_onshore_wind_generation,Wind Onshore,2026-06-30T22:03:10Z
2026-06-30T22:02:16Z,2026-07-01T00:02:16+0200,0f2c1f14-db75-409f-ba89-d4cf4b8f7c81,2026-06-13T22:00:00Z,2026-06-14T00:00:00+0200,4303.91,MW,FR,FR,actual_onshore_wind_generation,Wind Onshore,2026-06-30T22:03:10Z
2026-06-30T22:02:16Z,2026-07-01T00:02:16+0200,0f2c1f14-db75-409f-ba89-d4cf4b8f7c81,2026-06-13T22:15:00Z,2026-06-14T00:15:00+0200,4262.01,MW,FR,FR,actual_onshore_wind_generation,Wind Onshore,2026-06-30T22:03:10Z
2026-06-30T22:02:16Z,2026-07-01T00:02:16+0200,0f2c1f14-db75-409f-ba89-d4cf4b8f7c81,2026-06-13T22:30:00Z,2026-06-14T00:30:00+0200,4244.6,MW,FR,FR,actual_onshore_wind_generation,Wind Onshore,2026-06-30T22:03:10Z
2026-06-30T22:02:16Z,2026-07-01T00:02:16+0200,0f2c1f14-db75-409f-ba89-d4cf4b8f7c81,2026-06-13T22:45:00Z,2026-06-14T00:45:00+0200,4188.69,MW,FR,FR,actual_onshore_wind_generation,Wind Onshore,2026-06-30T22:03:10Z
2026-06-30T22:02:16Z,2026-07-01T00:02:16+0200,0f2c1f14-db75-409f-ba89-d4cf4b8f7c81,2026-06-13T23:00:00Z,2026-06-14T01:00:00+0200,4198.91,MW,FR,FR,actual_onshore_wind_generation,Wind Onshore,2026-06-30T22:03:10Z
2026-06-30T22:02:16Z,2026-07-01T00:02:16+0200,0f2c1f14-db75-409f-ba89-d4cf4b8f7c81,2026-06-13T23:15:00Z,2026-06-14T01:15:00+0200,4187.4,MW,FR,FR,actual_onshore_wind_generation,Wind Onshore,2026-06-30T22:03:10Z
2026-06-30T22:02:16Z,2026-07-01T00:02:16+0200,0f2c1f14-db75-409f-ba89-d4cf4b8f7c81,2026-06-13T23:30:00Z,2026-06-14T01:30:00+0200,4167.08,MW,FR,FR,actual_onshore_wind_generation,Wind Onshore,2026-06-30T22:03:10Z
2026-06-30T22:02:16Z,2026-07-01T00:02:16+0200,0f2c1f14-db75-409f-ba89-d4cf4b8f7c81,2026-06-13T23:45:00Z,2026-06-14T01:45:00+0200,4149.25,MW,FR,FR,actual_onshore_wind_generation,Wind Onshore,2026-06-30T22:03:10Z
2026-06-30T22:02:16Z,2026-07-01T00:02:16+0200,0f2c1f14-db75-409f-ba89-d4cf4b8f7c81,2026-06-14T00:00:00Z,2026-06-14T02:00:00+0200,4150.69,MW,FR,FR,actual_onshore_wind_generation,Wind Onshore,2026-06-30T22:03:10Z
2026-06-30T22:02:16Z,2026-07-01T00:02:16+0200,0f2c1f14-db75-409f-ba89-d4cf4b8f7c81,2026-06-14T00:15:00Z,2026-06-14T02:15:00+0200,4098.57,MW,FR,FR,actual_onshore_wind_generation,Wind Onshore,2026-06-30T22:03:10Z
2026-06-30T22:02:16Z,2026-07-01T00:02:16+0200,0f2c1f14-db75-409f-ba89-d4cf4b8f7c81,2026-06-14T00:30:00Z,2026-06-14T02:30:00+0200,4040.88,MW,FR,FR,actual_onshore_wind_generation,Wind Onshore,2026-06-30T22:03:10Z
2026-06-30T22:02:16Z,2026-07-01T00:02:16+0200,0f2c1f14-db75-409f-ba89-d4cf4b8f7c81,2026-06-14T00:45:00Z,2026-06-14T02:45:00+0200,3999.61,MW,FR,FR,actual_onshore_wind_generation,Wind Onshore,2026-06-30T22:03:10Z
2026-06-30T22:02:16Z,2026-07-01T00:02:16+0200,0f2c1f14-db75-409f-ba89-d4cf4b8f7c81,2026-06-14T01:00:00Z,2026-06-14T03:00:00+0200,3962.0,MW,FR,FR,actual_onshore_wind_generation,Wind Onshore,2026-06-30T22:03:10Z
2026-06-30T22:02:16Z,2026-07-01T00:02:16+0200,0f2c1f14-db75-409f-ba89-d4cf4b8f7c81,2026-06-14T01:15:00Z,2026-06-14T03:15:00+0200,3964.98,MW,FR,FR,actual_onshore_wind_generation,Wind Onshore,2026-06-30T22:03:10Z
2026-06-30T22:02:16Z,2026-07-01T00:02:16+0200,0f2c1f14-db75-409f-ba89-d4cf4b8f7c81,2026-06-14T01:30:00Z,2026-06-14T03:30:00+0200,3890.11,MW,FR,FR,actual_onshore_wind_generation,Wind Onshore,2026-06-30T22:03:10Z
2026-06-30T22:02:16Z,2026-07-01T00:02:16+0200,0f2c1f14-db75-409f-ba89-d4cf4b8f7c81,2026-06-14T01:45:00Z,2026-06-14T03:45:00+0200,3855.22,MW,FR,FR,actual_onshore_wind_generation,Wind Onshore,2026-06-30T22:03:10Z
2026-06-30T22:02:16Z,2026-07-01T00:02:16+0200,0f2c1f14-db75-409f-ba89-d4cf4b8f7c81,2026-06-14T02:00:00Z,2026-06-14T04:00:00+0200,3815.63,MW,FR,FR,actual_onshore_wind_generation,Wind Onshore,2026-06-30T22:03:10Z
2026-06-30T22:02:16Z,2026-07-01T00:02:16+0200,0f2c1f14-db75-409f-ba89-d4cf4b8f7c81,2026-06-14T02:15:00Z,2026-06-14T04:15:00+0200,3755.07,MW,FR,FR,actual_onshore_wind_generation,Wind Onshore,2026-06-30T22:03:10Z
2026-06-30T22:02:16Z,2026-07-01T00:02:16+0200,0f2c1f14-db75-409f-ba89-d4cf4b8f7c81,2026-06-14T02:30:00Z,2026-06-14T04:30:00+0200,3663.65,MW,FR,FR,actual_onshore_wind_generation,Wind Onshore,2026-06-30T22:03:10Z
2026-06-30T22:02:16Z,2026-07-01T00:02:16+0200,0f2c1f14-db75-409f-ba89-d4cf4b8f7c81,2026-06-14T02:45:00Z,2026-06-14T04:45:00+0200,3551.98,MW,FR,FR,actual_onshore_wind_generation,Wind Onshore,2026-06-30T22:03:10Z
2026-06-30T22:02:16Z,2026-07-01T00:02:16+0200,0f2c1f14-db75-409f-ba89-d4cf4b8f7c81,2026-06-14T03:00:00Z,2026-06-14T05:00:00+0200,3484.08,MW,FR,FR,actual_onshore_wind_generation,Wind Onshore,2026-06-30T22:03:10Z
2026-06-30T22:02:16Z,2026-07-01T00:02:16+0200,0f2c1f14-db75-409f-ba89-d4cf4b8f7c81,2026-06-14T03:15:00Z,2026-06-14T05:15:00+0200,3421.87,MW,FR,FR,actual_onshore_wind_generation,Wind Onshore,2026-06-30T22:03:10Z
2026-06-30T22:02:16Z,2026-07-01T00:02:16+0200,0f2c1f14-db75-409f-ba89-d4cf4b8f7c81,2026-06-14T03:30:00Z,2026-06-14T05:30:00+0200,3367.11,MW,FR,FR,actual_onshore_wind_generation,Wind Onshore,2026-06-30T22:03:10Z
2026-06-30T22:02:16Z,2026-07-01T00:02:16+0200,0f2c1f14-db75-409f-ba89-d4cf4b8f7c81,2026-06-14T03:45:00Z,2026-06-14T05:45:00+0200,3368.32,MW,FR,FR,actual_onshore_wind_generation,Wind Onshore,2026-06-30T22:03:10Z
2026-06-30T22:02:16Z,2026-07-01T00:02:16+0200,0f2c1f14-db75-409f-ba89-d4cf4b8f7c81,2026-06-14T04:00:00Z,2026-06-14T06:00:00+0200,3355.7,MW,FR,FR,actual_onshore_wind_generation,Wind Onshore,2026-06-30T22:03:10Z
2026-06-30T22:02:16Z,2026-07-01T00:02:16+0200,0f2c1f14-db75-409f-ba89-d4cf4b8f7c81,2026-06-14T04:15:00Z,2026-06-14T06:15:00+0200,3342.56,MW,FR,FR,actual_onshore_wind_generation,Wind Onshore,2026-06-30T22:03:10Z
2026-06-30T22:02:16Z,2026-07-01T00:02:16+0200,0f2c1f14-db75-409f-ba89-d4cf4b8f7c81,2026-06-14T04:30:00Z,2026-06-14T06:30:00+0200,3280.59,MW,FR,FR,actual_onshore_wind_generation,Wind Onshore,2026-06-30T22:03:10Z
2026-06-30T22:02:16Z,2026-07-01T00:02:16+0200,0f2c1f14-db75-409f-ba89-d4cf4b8f7c81,2026-06-14T04:45:00Z,2026-06-14T06:45:00+0200,3227.94,MW,FR,FR,actual_onshore_wind_generation,Wind Onshore,2026-06-30T22:03:10Z
2026-06-30T22:02:16Z,2026-07-01T00:02:16+0200,0f2c1f14-db75-409f-ba89-d4cf4b8f7c81,2026-06-14T05:00:00Z,2026-06-14T07:00:00+0200,3162.87,MW,FR,FR,actual_onshore_wind_generation,Wind Onshore,2026-06-30T22:03:10Z
2026-06-30T22:02:16Z,2026-07-01T00:02:16+0200,0f2c1f14-db75-409f-ba89-d4cf4b8f7c81,2026-06-14T05:15:00Z,2026-06-14T07:15:00+0200,2831.84,MW,FR,FR,actual_onshore_wind_generation,Wind Onshore,2026-06-30T22:03:10Z
2026-06-30T22:02:16Z,2026-07-01T00:02:16+0200,0f2c1f14-db75-409f-ba89-d4cf4b8f7c81,2026-06-14T05:30:00Z,2026-06-14T07:30:00+0200,2109.64,MW,FR,FR,actual_onshore_wind_generation,Wind Onshore,2026-06-30T22:03:10Z
2026-06-30T22:02:16Z,2026-07-01T00:02:16+0200,0f2c1f14-db75-409f-ba89-d4cf4b8f7c81,2026-06-14T05:45:00Z,2026-06-14T07:45:00+0200,1796.73,MW,FR,FR,actual_onshore_wind_generation,Wind Onshore,2026-06-30T22:03:10Z
2026-06-30T22:02:16Z,2026-07-01T00:02:16+0200,0f2c1f14-db75-409f-ba89-d4cf4b8f7c81,2026-06-14T06:00:00Z,2026-06-14T08:00:00+0200,1573.25,MW,FR,FR,actual_onshore_wind_generation,Wind Onshore,2026-06-30T22:03:10Z
2026-06-30T22:02:16Z,2026-07-01T00:02:16+0200,0f2c1f14-db75-409f-ba89-d4cf4b8f7c81,2026-06-14T06:15:00Z,2026-06-14T08:15:00+0200,1325.69,MW,FR,FR,actual_onshore_wind_generation,Wind Onshore,2026-06-30T22:03:10Z
2026-06-30T22:02:16Z,2026-07-01T00:02:16+0200,0f2c1f14-db75-409f-ba89-d4cf4b8f7c81,2026-06-14T06:30:00Z,2026-06-14T08:30:00+0200,939.68,MW,FR,FR,actual_onshore_wind_generation,Wind Onshore,2026-06-30T22:03:10Z
2026-06-30T22:02:16Z,2026-07-01T00:02:16+0200,0f2c1f14-db75-409f-ba89-d4cf4b8f7c81,2026-06-14T06:45:00Z,2026-06-14T08:45:00+0200,832.18,MW,FR,FR,actual_onshore_wind_generation,Wind Onshore,2026-06-30T22:03:10Z
2026-06-30T22:02:16Z,2026-07-01T00:02:16+0200,0f2c1f14-db75-409f-ba89-d4cf4b8f7c81,2026-06-14T07:00:00Z,2026-06-14T09:00:00+0200,781.98,MW,FR,FR,actual_onshore_wind_generation,Wind Onshore,2026-06-30T22:03:10Z
2026-06-30T22:02:16Z,2026-07-01T00:02:16+0200,0f2c1f14-db75-409f-ba89-d4cf4b8f7c81,2026-06-14T07:15:00Z,2026-06-14T09:15:00+0200,758.66,MW,FR,FR,actual_onshore_wind_generation,Wind Onshore,2026-06-30T22:03:10Z
2026-06-30T22:02:16Z,2026-07-01T00:02:16+0200,0f2c1f14-db75-409f-ba89-d4cf4b8f7c81,2026-06-14T07:30:00Z,2026-06-14T09:30:00+0200,729.47,MW,FR,FR,actual_onshore_wind_generation,Wind Onshore,2026-06-30T22:03:10Z
2026-06-30T22:02:16Z,2026-07-01T00:02:16+0200,0f2c1f14-db75-409f-ba89-d4cf4b8f7c81,2026-06-14T07:45:00Z,2026-06-14T09:45:00+0200,714.84,MW,FR,FR,actual_onshore_wind_generation,Wind Onshore,2026-06-30T22:03:10Z
2026-06-30T22:02:16Z,2026-07-01T00:02:16+0200,0f2c1f14-db75-409f-ba89-d4cf4b8f7c81,2026-06-14T08:00:00Z,2026-06-14T10:00:00+0200,690.02,MW,FR,FR,actual_onshore_wind_generation,Wind Onshore,2026-06-30T22:03:10Z
2026-06-30T22:02:16Z,2026-07-01T00:02:16+0200,0f2c1f14-db75-409f-ba89-d4cf4b8f7c81,2026-06-14T08:15:00Z,2026-06-14T10:15:00+0200,679.36,MW,FR,FR,actual_onshore_wind_generation,Wind Onshore,2026-06-30T22:03:10Z
2026-06-30T22:02:16Z,2026-07-01T00:02:16+0200,0f2c1f14-db75-409f-ba89-d4cf4b8f7c81,2026-06-14T08:30:00Z,2026-06-14T10:30:00+0200,677.46,MW,FR,FR,actual_onshore_wind_generation,Wind Onshore,2026-06-30T22:03:10Z
2026-06-30T22:02:16Z,2026-07-01T00:02:16+0200,0f2c1f14-db75-409f-ba89-d4cf4b8f7c81,2026-06-14T08:45:00Z,2026-06-14T10:45:00+0200,685.5,MW,FR,FR,actual_onshore_wind_generation,Wind Onshore,2026-06-30T22:03:10Z
2026-06-30T22:02:16Z,2026-07-01T00:02:16+0200,0f2c1f14-db75-409f-ba89-d4cf4b8f7c81,2026-06-14T09:00:00Z,2026-06-14T11:00:00+0200,688.56,MW,FR,FR,actual_onshore_wind_generation,Wind Onshore,2026-06-30T22:03:10Z
2026-06-30T22:02:16Z,2026-07-01T00:02:16+0200,0f2c1f14-db75-409f-ba89-d4cf4b8f7c81,2026-06-14T09:15:00Z,2026-06-14T11:15:00+0200,695.26,MW,FR,FR,actual_onshore_wind_generation,Wind Onshore,2026-06-30T22:03:10Z
2026-06-30T22:02:16Z,2026-07-01T00:02:16+0200,0f2c1f14-db75-409f-ba89-d4cf4b8f7c81,2026-06-14T09:30:00Z,2026-06-14T11:30:00+0200,709.06,MW,FR,FR,actual_onshore_wind_generation,Wind Onshore,2026-06-30T22:03:10Z
2026-06-30T22:02:16Z,2026-07-01T00:02:16+0200,0f2c1f14-db75-409f-ba89-d4cf4b8f7c81,2026-06-14T09:45:00Z,2026-06-14T11:45:00+0200,719.21,MW,FR,FR,actual_onshore_wind_generation,Wind Onshore,2026-06-30T22:03:10Z
2026-06-30T22:02:16Z,2026-07-01T00:02:16+0200,0f2c1f14-db75-409f-ba89-d4cf4b8f7c81,2026-06-14T10:00:00Z,2026-06-14T12:00:00+0200,734.03,MW,FR,FR,actual_onshore_wind_generation,Wind Onshore,2026-06-30T22:03:10Z
2026-06-30T22:02:16Z,2026-07-01T00:02:16+0200,0f2c1f14-db75-409f-ba89-d4cf4b8f7c81,2026-06-14T10:15:00Z,2026-06-14T12:15:00+0200,726.54,MW,FR,FR,actual_onshore_wind_generation,Wind Onshore,2026-06-30T22:03:10Z
2026-06-30T22:02:16Z,2026-07-01T00:02:16+0200,0f2c1f14-db75-409f-ba89-d4cf4b8f7c81,2026-06-14T10:30:00Z,2026-06-14T12:30:00+0200,729.91,MW,FR,FR,actual_onshore_wind_generation,Wind Onshore,2026-06-30T22:03:10Z
2026-06-30T22:02:16Z,2026-07-01T00:02:16+0200,0f2c1f14-db75-409f-ba89-d4cf4b8f7c81,2026-06-14T10:45:00Z,2026-06-14T12:45:00+0200,726.18,MW,FR,FR,actual_onshore_wind_generation,Wind Onshore,2026-06-30T22:03:10Z
2026-06-30T22:02:16Z,2026-07-01T00:02:16+0200,0f2c1f14-db75-409f-ba89-d4cf4b8f7c81,2026-06-14T11:00:00Z,2026-06-14T13:00:00+0200,722.53,MW,FR,FR,actual_onshore_wind_generation,Wind Onshore,2026-06-30T22:03:10Z
2026-06-30T22:02:16Z,2026-07-01T00:02:16+0200,0f2c1f14-db75-409f-ba89-d4cf4b8f7c81,2026-06-14T11:15:00Z,2026-06-14T13:15:00+0200,737.36,MW,FR,FR,actual_onshore_wind_generation,Wind Onshore,2026-06-30T22:03:10Z
2026-06-30T22:02:16Z,2026-07-01T00:02:16+0200,0f2c1f14-db75-409f-ba89-d4cf4b8f7c81,2026-06-14T11:30:00Z,2026-06-14T13:30:00+0200,755.47,MW,FR,FR,actual_onshore_wind_generation,Wind Onshore,2026-06-30T22:03:10Z
2026-06-30T22:02:16Z,2026-07-01T00:02:16+0200,0f2c1f14-db75-409f-ba89-d4cf4b8f7c81,2026-06-14T11:45:00Z,2026-06-14T13:45:00+0200,768.03,MW,FR,FR,actual_onshore_wind_generation,Wind Onshore,2026-06-30T22:03:10Z
2026-06-30T22:02:16Z,2026-07-01T00:02:16+0200,0f2c1f14-db75-409f-ba89-d4cf4b8f7c81,2026-06-14T12:00:00Z,2026-06-14T14:00:00+0200,772.54,MW,FR,FR,actual_onshore_wind_generation,Wind Onshore,2026-06-30T22:03:10Z
2026-06-30T22:02:16Z,2026-07-01T00:02:16+0200,0f2c1f14-db75-409f-ba89-d4cf4b8f7c81,2026-06-14T12:15:00Z,2026-06-14T14:15:00+0200,779.43,MW,FR,FR,actual_onshore_wind_generation,Wind Onshore,2026-06-30T22:03:10Z
2026-06-30T22:02:16Z,2026-07-01T00:02:16+0200,0f2c1f14-db75-409f-ba89-d4cf4b8f7c81,2026-06-14T12:30:00Z,2026-06-14T14:30:00+0200,763.25,MW,FR,FR,actual_onshore_wind_generation,Wind Onshore,2026-06-30T22:03:10Z
2026-06-30T22:02:16Z,2026-07-01T00:02:16+0200,0f2c1f14-db75-409f-ba89-d4cf4b8f7c81,2026-06-14T12:45:00Z,2026-06-14T14:45:00+0200,765.23,MW,FR,FR,actual_onshore_wind_generation,Wind Onshore,2026-06-30T22:03:10Z
2026-06-30T22:02:16Z,2026-07-01T00:02:16+0200,0f2c1f14-db75-409f-ba89-d4cf4b8f7c81,2026-06-14T13:00:00Z,2026-06-14T15:00:00+0200,767.6,MW,FR,FR,actual_onshore_wind_generation,Wind Onshore,2026-06-30T22:03:10Z
2026-06-30T22:02:16Z,2026-07-01T00:02:16+0200,0f2c1f14-db75-409f-ba89-d4cf4b8f7c81,2026-06-14T13:15:00Z,2026-06-14T15:15:00+0200,776.14,MW,FR,FR,actual_onshore_wind_generation,Wind Onshore,2026-06-30T22:03:10Z
2026-06-30T22:02:16Z,2026-07-01T00:02:16+0200,0f2c1f14-db75-409f-ba89-d4cf4b8f7c81,2026-06-14T13:30:00Z,2026-06-14T15:30:00+0200,781.84,MW,FR,FR,actual_onshore_wind_generation,Wind Onshore,2026-06-30T22:03:10Z
2026-06-30T22:02:16Z,2026-07-01T00:02:16+0200,0f2c1f14-db75-409f-ba89-d4cf4b8f7c81,2026-06-14T13:45:00Z,2026-06-14T15:45:00+0200,796.36,MW,FR,FR,actual_onshore_wind_generation,Wind Onshore,2026-06-30T22:03:10Z
2026-06-30T22:02:16Z,2026-07-01T00:02:16+0200,0f2c1f14-db75-409f-ba89-d4cf4b8f7c81,2026-06-14T14:00:00Z,2026-06-14T16:00:00+0200,794.75,MW,FR,FR,actual_onshore_wind_generation,Wind Onshore,2026-06-30T22:03:10Z
2026-06-30T22:02:16Z,2026-07-01T00:02:16+0200,0f2c1f14-db75-409f-ba89-d4cf4b8f7c81,2026-06-14T14:15:00Z,2026-06-14T16:15:00+0200,803.45,MW,FR,FR,actual_onshore_wind_generation,Wind Onshore,2026-06-30T22:03:10Z
2026-06-30T22:02:16Z,2026-07-01T00:02:16+0200,0f2c1f14-db75-409f-ba89-d4cf4b8f7c81,2026-06-14T14:30:00Z,2026-06-14T16:30:00+0200,823.72,MW,FR,FR,actual_onshore_wind_generation,Wind Onshore,2026-06-30T22:03:10Z
2026-06-30T22:02:16Z,2026-07-01T00:02:16+0200,0f2c1f14-db75-409f-ba89-d4cf4b8f7c81,2026-06-14T14:45:00Z,2026-06-14T16:45:00+0200,827.66,MW,FR,FR,actual_onshore_wind_generation,Wind Onshore,2026-06-30T22:03:10Z
2026-06-30T22:02:16Z,2026-07-01T00:02:16+0200,0f2c1f14-db75-409f-ba89-d4cf4b8f7c81,2026-06-14T15:00:00Z,2026-06-14T17:00:00+0200,851.84,MW,FR,FR,actual_onshore_wind_generation,Wind Onshore,2026-06-30T22:03:10Z
2026-06-30T22:02:16Z,2026-07-01T00:02:16+0200,0f2c1f14-db75-409f-ba89-d4cf4b8f7c81,2026-06-14T15:15:00Z,2026-06-14T17:15:00+0200,848.9,MW,FR,FR,actual_onshore_wind_generation,Wind Onshore,2026-06-30T22:03:10Z
2026-06-30T22:02:16Z,2026-07-01T00:02:16+0200,0f2c1f14-db75-409f-ba89-d4cf4b8f7c81,2026-06-14T15:30:00Z,2026-06-14T17:30:00+0200,1117.4,MW,FR,FR,actual_onshore_wind_generation,Wind Onshore,2026-06-30T22:03:10Z
2026-06-30T22:02:16Z,2026-07-01T00:02:16+0200,0f2c1f14-db75-409f-ba89-d4cf4b8f7c81,2026-06-14T15:45:00Z,2026-06-14T17:45:00+0200,1711.75,MW,FR,FR,actual_onshore_wind_generation,Wind Onshore,2026-06-30T22:03:10Z
2026-06-30T22:02:16Z,2026-07-01T00:02:16+0200,0f2c1f14-db75-409f-ba89-d4cf4b8f7c81,2026-06-14T16:00:00Z,2026-06-14T18:00:00+0200,2064.81,MW,FR,FR,actual_onshore_wind_generation,Wind Onshore,2026-06-30T22:03:10Z
2026-06-30T22:02:16Z,2026-07-01T00:02:16+0200,0f2c1f14-db75-409f-ba89-d4cf4b8f7c81,2026-06-14T16:15:00Z,2026-06-14T18:15:00+0200,2162.44,MW,FR,FR,actual_onshore_wind_generation,Wind Onshore,2026-06-30T22:03:10Z
2026-06-30T22:02:16Z,2026-07-01T00:02:16+0200,0f2c1f14-db75-409f-ba89-d4cf4b8f7c81,2026-06-14T16:30:00Z,2026-06-14T18:30:00+0200,2181.71,MW,FR,FR,actual_onshore_wind_generation,Wind Onshore,2026-06-30T22:03:10Z
2026-06-30T22:02:16Z,2026-07-01T00:02:16+0200,0f2c1f14-db75-409f-ba89-d4cf4b8f7c81,2026-06-14T16:45:00Z,2026-06-14T18:45:00+0200,2156.49,MW,FR,FR,actual_onshore_wind_generation,Wind Onshore,2026-06-30T22:03:10Z
2026-06-30T22:02:16Z,2026-07-01T00:02:16+0200,0f2c1f14-db75-409f-ba89-d4cf4b8f7c81,2026-06-14T17:00:00Z,2026-06-14T19:00:00+0200,2092.41,MW,FR,FR,actual_onshore_wind_generation,Wind Onshore,2026-06-30T22:03:10Z
2026-06-30T22:02:16Z,2026-07-01T00:02:16+0200,0f2c1f14-db75-409f-ba89-d4cf4b8f7c81,2026-06-14T17:15:00Z,2026-06-14T19:15:00+0200,2103.67,MW,FR,FR,actual_onshore_wind_generation,Wind Onshore,2026-06-30T22:03:10Z
2026-06-30T22:02:16Z,2026-07-01T00:02:16+0200,0f2c1f14-db75-409f-ba89-d4cf4b8f7c81,2026-06-14T17:30:00Z,2026-06-14T19:30:00+0200,2151.5,MW,FR,FR,actual_onshore_wind_generation,Wind Onshore,2026-06-30T22:03:10Z
2026-06-30T22:02:16Z,2026-07-01T00:02:16+0200,0f2c1f14-db75-409f-ba89-d4cf4b8f7c81,2026-06-14T17:45:00Z,2026-06-14T19:45:00+0200,2183.93,MW,FR,FR,actual_onshore_wind_generation,Wind Onshore,2026-06-30T22:03:10Z
2026-06-30T22:02:16Z,2026-07-01T00:02:16+0200,0f2c1f14-db75-409f-ba89-d4cf4b8f7c81,2026-06-14T18:00:00Z,2026-06-14T20:00:00+0200,2189.9,MW,FR,FR,actual_onshore_wind_generation,Wind Onshore,2026-06-30T22:03:10Z
2026-06-30T22:02:16Z,2026-07-01T00:02:16+0200,0f2c1f14-db75-409f-ba89-d4cf4b8f7c81,2026-06-14T18:15:00Z,2026-06-14T20:15:00+0200,2176.24,MW,FR,FR,actual_onshore_wind_generation,Wind Onshore,2026-06-30T22:03:10Z
2026-06-30T22:02:16Z,2026-07-01T00:02:16+0200,0f2c1f14-db75-409f-ba89-d4cf4b8f7c81,2026-06-14T18:30:00Z,2026-06-14T20:30:00+0200,2166.33,MW,FR,FR,actual_onshore_wind_generation,Wind Onshore,2026-06-30T22:03:10Z
2026-06-30T22:02:16Z,2026-07-01T00:02:16+0200,0f2c1f14-db75-409f-ba89-d4cf4b8f7c81,2026-06-14T18:45:00Z,2026-06-14T20:45:00+0200,2123.29,MW,FR,FR,actual_onshore_wind_generation,Wind Onshore,2026-06-30T22:03:10Z
2026-06-30T22:02:16Z,2026-07-01T00:02:16+0200,0f2c1f14-db75-409f-ba89-d4cf4b8f7c81,2026-06-14T19:00:00Z,2026-06-14T21:00:00+0200,2160.01,MW,FR,FR,actual_onshore_wind_generation,Wind Onshore,2026-06-30T22:03:10Z
2026-06-30T22:02:16Z,2026-07-01T00:02:16+0200,0f2c1f14-db75-409f-ba89-d4cf4b8f7c81,2026-06-14T19:15:00Z,2026-06-14T21:15:00+0200,2308.04,MW,FR,FR,actual_onshore_wind_generation,Wind Onshore,2026-06-30T22:03:10Z
2026-06-30T22:02:16Z,2026-07-01T00:02:16+0200,0f2c1f14-db75-409f-ba89-d4cf4b8f7c81,2026-06-14T19:30:00Z,2026-06-14T21:30:00+0200,2511.58,MW,FR,FR,actual_onshore_wind_generation,Wind Onshore,2026-06-30T22:03:10Z
2026-06-30T22:02:16Z,2026-07-01T00:02:16+0200,0f2c1f14-db75-409f-ba89-d4cf4b8f7c81,2026-06-14T19:45:00Z,2026-06-14T21:45:00+0200,2718.61,MW,FR,FR,actual_onshore_wind_generation,Wind Onshore,2026-06-30T22:03:10Z
2026-06-30T22:02:16Z,2026-07-01T00:02:16+0200,0f2c1f14-db75-409f-ba89-d4cf4b8f7c81,2026-06-14T20:00:00Z,2026-06-14T22:00:00+0200,2879.72,MW,FR,FR,actual_onshore_wind_generation,Wind Onshore,2026-06-30T22:03:10Z
2026-06-30T22:02:16Z,2026-07-01T00:02:16+0200,0f2c1f14-db75-409f-ba89-d4cf4b8f7c81,2026-06-14T20:15:00Z,2026-06-14T22:15:00+0200,3036.06,MW,FR,FR,actual_onshore_wind_generation,Wind Onshore,2026-06-30T22:03:10Z
2026-06-30T22:02:16Z,2026-07-01T00:02:16+0200,0f2c1f14-db75-409f-ba89-d4cf4b8f7c81,2026-06-14T20:30:00Z,2026-06-14T22:30:00+0200,3154.59,MW,FR,FR,actual_onshore_wind_generation,Wind Onshore,2026-06-30T22:03:10Z
2026-06-30T22:02:16Z,2026-07-01T00:02:16+0200,0f2c1f14-db75-409f-ba89-d4cf4b8f7c81,2026-06-14T20:45:00Z,2026-06-14T22:45:00+0200,3319.58,MW,FR,FR,actual_onshore_wind_generation,Wind Onshore,2026-06-30T22:03:10Z
2026-06-30T22:02:16Z,2026-07-01T00:02:16+0200,0f2c1f14-db75-409f-ba89-d4cf4b8f7c81,2026-06-14T21:00:00Z,2026-06-14T23:00:00+0200,3392.9,MW,FR,FR,actual_onshore_wind_generation,Wind Onshore,2026-06-30T22:03:10Z
2026-06-30T22:02:16Z,2026-07-01T00:02:16+0200,0f2c1f14-db75-409f-ba89-d4cf4b8f7c81,2026-06-14T21:15:00Z,2026-06-14T23:15:00+0200,3444.96,MW,FR,FR,actual_onshore_wind_generation,Wind Onshore,2026-06-30T22:03:10Z
2026-06-30T22:02:16Z,2026-07-01T00:02:16+0200,0f2c1f14-db75-409f-ba89-d4cf4b8f7c81,2026-06-14T21:30:00Z,2026-06-14T23:30:00+0200,3511.93,MW,FR,FR,actual_onshore_wind_generation,Wind Onshore,2026-06-30T22:03:10Z
2026-06-30T22:02:16Z,2026-07-01T00:02:16+0200,0f2c1f14-db75-409f-ba89-d4cf4b8f7c81,2026-06-14T21:45:00Z,2026-06-14T23:45:00+0200,3562.33,MW,FR,FR,actual_onshore_wind_generation,Wind Onshore,2026-06-30T22:03:10Z
2026-06-30T22:02:16Z,2026-07-01T00:02:16+0200,0f2c1f14-db75-409f-ba89-d4cf4b8f7c81,2026-06-14T22:00:00Z,2026-06-15T00:00:00+0200,3564.17,MW,FR,FR,actual_onshore_wind_generation,Wind Onshore,2026-06-30T22:03:10Z
2026-06-30T22:02:16Z,2026-07-01T00:02:16+0200,0f2c1f14-db75-409f-ba89-d4cf4b8f7c81,2026-06-14T22:15:00Z,2026-06-15T00:15:00+0200,3544.18,MW,FR,FR,actual_onshore_wind_generation,Wind Onshore,2026-06-30T22:03:10Z
2026-06-30T22:02:16Z,2026-07-01T00:02:16+0200,0f2c1f14-db75-409f-ba89-d4cf4b8f7c81,2026-06-14T22:30:00Z,2026-06-15T00:30:00+0200,3476.09,MW,FR,FR,actual_onshore_wind_generation,Wind Onshore,2026-06-30T22:03:10Z
2026-06-30T22:02:16Z,2026-07-01T00:02:16+0200,0f2c1f14-db75-409f-ba89-d4cf4b8f7c81,2026-06-14T22:45:00Z,2026-06-15T00:45:00+0200,3529.38,MW,FR,FR,actual_onshore_wind_generation,Wind Onshore,2026-06-30T22:03:10Z
2026-06-30T22:02:16Z,2026-07-01T00:02:16+0200,0f2c1f14-db75-409f-ba89-d4cf4b8f7c81,2026-06-14T23:00:00Z,2026-06-15T01:00:00+0200,3545.97,MW,FR,FR,actual_onshore_wind_generation,Wind Onshore,2026-06-30T22:03:10Z
2026-06-30T22:02:16Z,2026-07-01T00:02:16+0200,0f2c1f14-db75-409f-ba89-d4cf4b8f7c81,2026-06-14T23:15:00Z,2026-06-15T01:15:00+0200,3551.92,MW,FR,FR,actual_onshore_wind_generation,Wind Onshore,2026-06-30T22:03:10Z
2026-06-30T22:02:16Z,2026-07-01T00:02:16+0200,0f2c1f14-db75-409f-ba89-d4cf4b8f7c81,2026-06-14T23:30:00Z,2026-06-15T01:30:00+0200,3509.23,MW,FR,FR,actual_onshore_wind_generation,Wind Onshore,2026-06-30T22:03:10Z
2026-06-30T22:02:16Z,2026-07-01T00:02:16+0200,0f2c1f14-db75-409f-ba89-d4cf4b8f7c81,2026-06-14T23:45:00Z,2026-06-15T01:45:00+0200,3501.85,MW,FR,FR,actual_onshore_wind_generation,Wind Onshore,2026-06-30T22:03:10Z
2026-06-30T22:02:16Z,2026-07-01T00:02:16+0200,0f2c1f14-db75-409f-ba89-d4cf4b8f7c81,2026-06-15T00:00:00Z,2026-06-15T02:00:00+0200,3440.26,MW,FR,FR,actual_onshore_wind_generation,Wind Onshore,2026-06-30T22:03:10Z
2026-06-30T22:02:16Z,2026-07-01T00:02:16+0200,0f2c1f14-db75-409f-ba89-d4cf4b8f7c81,2026-06-15T00:15:00Z,2026-06-15T02:15:00+0200,3360.26,MW,FR,FR,actual_onshore_wind_generation,Wind Onshore,2026-06-30T22:03:10Z
2026-06-30T22:02:16Z,2026-07-01T00:02:16+0200,0f2c1f14-db75-409f-ba89-d4cf4b8f7c81,2026-06-15T00:30:00Z,2026-06-15T02:30:00+0200,3308.01,MW,FR,FR,actual_onshore_wind_generation,Wind Onshore,2026-06-30T22:03:10Z
2026-06-30T22:02:16Z,2026-07-01T00:02:16+0200,0f2c1f14-db75-409f-ba89-d4cf4b8f7c81,2026-06-15T00:45:00Z,2026-06-15T02:45:00+0200,3284.11,MW,FR,FR,actual_onshore_wind_generation,Wind Onshore,2026-06-30T22:03:10Z
2026-06-30T22:02:16Z,2026-07-01T00:02:16+0200,0f2c1f14-db75-409f-ba89-d4cf4b8f7c81,2026-06-15T01:00:00Z,2026-06-15T03:00:00+0200,3245.5,MW,FR,FR,actual_onshore_wind_generation,Wind Onshore,2026-06-30T22:03:10Z
2026-06-30T22:02:16Z,2026-07-01T00:02:16+0200,0f2c1f14-db75-409f-ba89-d4cf4b8f7c81,2026-06-15T01:15:00Z,2026-06-15T03:15:00+0200,3215.71,MW,FR,FR,actual_onshore_wind_generation,Wind Onshore,2026-06-30T22:03:10Z
2026-06-30T22:02:16Z,2026-07-01T00:02:16+0200,0f2c1f14-db75-409f-ba89-d4cf4b8f7c81,2026-06-15T01:30:00Z,2026-06-15T03:30:00+0200,3138.69,MW,FR,FR,actual_onshore_wind_generation,Wind Onshore,2026-06-30T22:03:10Z
2026-06-30T22:02:16Z,2026-07-01T00:02:16+0200,0f2c1f14-db75-409f-ba89-d4cf4b8f7c81,2026-06-15T01:45:00Z,2026-06-15T03:45:00+0200,3059.03,MW,FR,FR,actual_onshore_wind_generation,Wind Onshore,2026-06-30T22:03:10Z
2026-06-30T22:02:16Z,2026-07-01T00:02:16+0200,0f2c1f14-db75-409f-ba89-d4cf4b8f7c81,2026-06-15T02:00:00Z,2026-06-15T04:00:00+0200,3038.98,MW,FR,FR,actual_onshore_wind_generation,Wind Onshore,2026-06-30T22:03:10Z
2026-06-30T22:02:16Z,2026-07-01T00:02:16+0200,0f2c1f14-db75-409f-ba89-d4cf4b8f7c81,2026-06-15T02:15:00Z,2026-06-15T04:15:00+0200,3011.39,MW,FR,FR,actual_onshore_wind_generation,Wind Onshore,2026-06-30T22:03:10Z
2026-06-30T22:02:16Z,2026-07-01T00:02:16+0200,0f2c1f14-db75-409f-ba89-d4cf4b8f7c81,2026-06-15T02:30:00Z,2026-06-15T04:30:00+0200,3009.97,MW,FR,FR,actual_onshore_wind_generation,Wind Onshore,2026-06-30T22:03:10Z
2026-06-30T22:02:16Z,2026-07-01T00:02:16+0200,0f2c1f14-db75-409f-ba89-d4cf4b8f7c81,2026-06-15T02:45:00Z,2026-06-15T04:45:00+0200,2961.52,MW,FR,FR,actual_onshore_wind_generation,Wind Onshore,2026-06-30T22:03:10Z
2026-06-30T22:02:16Z,2026-07-01T00:02:16+0200,0f2c1f14-db75-409f-ba89-d4cf4b8f7c81,2026-06-15T03:00:00Z,2026-06-15T05:00:00+0200,2886.53,MW,FR,FR,actual_onshore_wind_generation,Wind Onshore,2026-06-30T22:03:10Z
2026-06-30T22:02:16Z,2026-07-01T00:02:16+0200,0f2c1f14-db75-409f-ba89-d4cf4b8f7c81,2026-06-15T03:15:00Z,2026-06-15T05:15:00+0200,2786.45,MW,FR,FR,actual_onshore_wind_generation,Wind Onshore,2026-06-30T22:03:10Z
2026-06-30T22:02:16Z,2026-07-01T00:02:16+0200,0f2c1f14-db75-409f-ba89-d4cf4b8f7c81,2026-06-15T03:30:00Z,2026-06-15T05:30:00+0200,2771.35,MW,FR,FR,actual_onshore_wind_generation,Wind Onshore,2026-06-30T22:03:10Z
2026-06-30T22:02:16Z,2026-07-01T00:02:16+0200,0f2c1f14-db75-409f-ba89-d4cf4b8f7c81,2026-06-15T03:45:00Z,2026-06-15T05:45:00+0200,2788.76,MW,FR,FR,actual_onshore_wind_generation,Wind Onshore,2026-06-30T22:03:10Z
2026-06-30T22:02:16Z,2026-07-01T00:02:16+0200,0f2c1f14-db75-409f-ba89-d4cf4b8f7c81,2026-06-15T04:00:00Z,2026-06-15T06:00:00+0200,2854.86,MW,FR,FR,actual_onshore_wind_generation,Wind Onshore,2026-06-30T22:03:10Z
2026-06-30T22:02:16Z,2026-07-01T00:02:16+0200,0f2c1f14-db75-409f-ba89-d4cf4b8f7c81,2026-06-15T04:15:00Z,2026-06-15T06:15:00+0200,2834.93,MW,FR,FR,actual_onshore_wind_generation,Wind Onshore,2026-06-30T22:03:10Z
2026-06-30T22:02:16Z,2026-07-01T00:02:16+0200,0f2c1f14-db75-409f-ba89-d4cf4b8f7c81,2026-06-15T04:30:00Z,2026-06-15T06:30:00+0200,2802.54,MW,FR,FR,actual_onshore_wind_generation,Wind Onshore,2026-06-30T22:03:10Z
2026-06-30T22:02:16Z,2026-07-01T00:02:16+0200,0f2c1f14-db75-409f-ba89-d4cf4b8f7c81,2026-06-15T04:45:00Z,2026-06-15T06:45:00+0200,2824.5,MW,FR,FR,actual_onshore_wind_generation,Wind Onshore,2026-06-30T22:03:10Z
2026-06-30T22:02:16Z,2026-07-01T00:02:16+0200,0f2c1f14-db75-409f-ba89-d4cf4b8f7c81,2026-06-15T05:00:00Z,2026-06-15T07:00:00+0200,2905.98,MW,FR,FR,actual_onshore_wind_generation,Wind Onshore,2026-06-30T22:03:10Z
2026-06-30T22:02:16Z,2026-07-01T00:02:16+0200,0f2c1f14-db75-409f-ba89-d4cf4b8f7c81,2026-06-15T05:15:00Z,2026-06-15T07:15:00+0200,2861.84,MW,FR,FR,actual_onshore_wind_generation,Wind Onshore,2026-06-30T22:03:10Z
2026-06-30T22:02:16Z,2026-07-01T00:02:16+0200,0f2c1f14-db75-409f-ba89-d4cf4b8f7c81,2026-06-15T05:30:00Z,2026-06-15T07:30:00+0200,2708.91,MW,FR,FR,actual_onshore_wind_generation,Wind Onshore,2026-06-30T22:03:10Z
2026-06-30T22:02:16Z,2026-07-01T00:02:16+0200,0f2c1f14-db75-409f-ba89-d4cf4b8f7c81,2026-06-15T05:45:00Z,2026-06-15T07:45:00+0200,2558.86,MW,FR,FR,actual_onshore_wind_generation,Wind Onshore,2026-06-30T22:03:10Z
2026-06-30T22:02:16Z,2026-07-01T00:02:16+0200,0f2c1f14-db75-409f-ba89-d4cf4b8f7c81,2026-06-15T06:00:00Z,2026-06-15T08:00:00+0200,2303.76,MW,FR,FR,actual_onshore_wind_generation,Wind Onshore,2026-06-30T22:03:10Z
2026-06-30T22:02:16Z,2026-07-01T00:02:16+0200,0f2c1f14-db75-409f-ba89-d4cf4b8f7c81,2026-06-15T06:15:00Z,2026-06-15T08:15:00+0200,2071.13,MW,FR,FR,actual_onshore_wind_generation,Wind Onshore,2026-06-30T22:03:10Z
2026-06-30T22:02:16Z,2026-07-01T00:02:16+0200,0f2c1f14-db75-409f-ba89-d4cf4b8f7c81,2026-06-15T06:30:00Z,2026-06-15T08:30:00+0200,1871.97,MW,FR,FR,actual_onshore_wind_generation,Wind Onshore,2026-06-30T22:03:10Z
2026-06-30T22:02:16Z,2026-07-01T00:02:16+0200,0f2c1f14-db75-409f-ba89-d4cf4b8f7c81,2026-06-15T06:45:00Z,2026-06-15T08:45:00+0200,1656.23,MW,FR,FR,actual_onshore_wind_generation,Wind Onshore,2026-06-30T22:03:10Z
2026-06-30T22:02:16Z,2026-07-01T00:02:16+0200,0f2c1f14-db75-409f-ba89-d4cf4b8f7c81,2026-06-15T07:00:00Z,2026-06-15T09:00:00+0200,1478.53,MW,FR,FR,actual_onshore_wind_generation,Wind Onshore,2026-06-30T22:03:10Z
2026-06-30T22:02:16Z,2026-07-01T00:02:16+0200,0f2c1f14-db75-409f-ba89-d4cf4b8f7c81,2026-06-15T07:15:00Z,2026-06-15T09:15:00+0200,1321.34,MW,FR,FR,actual_onshore_wind_generation,Wind Onshore,2026-06-30T22:03:10Z
2026-06-30T22:02:16Z,2026-07-01T00:02:16+0200,0f2c1f14-db75-409f-ba89-d4cf4b8f7c81,2026-06-15T07:30:00Z,2026-06-15T09:30:00+0200,1244.06,MW,FR,FR,actual_onshore_wind_generation,Wind Onshore,2026-06-30T22:03:10Z
2026-06-30T22:02:16Z,2026-07-01T00:02:16+0200,0f2c1f14-db75-409f-ba89-d4cf4b8f7c81,2026-06-15T07:45:00Z,2026-06-15T09:45:00+0200,1179.47,MW,FR,FR,actual_onshore_wind_generation,Wind Onshore,2026-06-30T22:03:10Z
2026-06-30T22:02:16Z,2026-07-01T00:02:16+0200,0f2c1f14-db75-409f-ba89-d4cf4b8f7c81,2026-06-15T08:00:00Z,2026-06-15T10:00:00+0200,1118.08,MW,FR,FR,actual_onshore_wind_generation,Wind Onshore,2026-06-30T22:03:10Z
2026-06-30T22:02:16Z,2026-07-01T00:02:16+0200,0f2c1f14-db75-409f-ba89-d4cf4b8f7c81,2026-06-15T08:15:00Z,2026-06-15T10:15:00+0200,1118.27,MW,FR,FR,actual_onshore_wind_generation,Wind Onshore,2026-06-30T22:03:10Z
2026-06-30T22:02:16Z,2026-07-01T00:02:16+0200,0f2c1f14-db75-409f-ba89-d4cf4b8f7c81,2026-06-15T08:30:00Z,2026-06-15T10:30:00+0200,1130.02,MW,FR,FR,actual_onshore_wind_generation,Wind Onshore,2026-06-30T22:03:10Z
2026-06-30T22:02:16Z,2026-07-01T00:02:16+0200,0f2c1f14-db75-409f-ba89-d4cf4b8f7c81,2026-06-15T08:45:00Z,2026-06-15T10:45:00+0200,1177.46,MW,FR,FR,actual_onshore_wind_generation,Wind Onshore,2026-06-30T22:03:10Z
2026-06-30T22:02:16Z,2026-07-01T00:02:16+0200,0f2c1f14-db75-409f-ba89-d4cf4b8f7c81,2026-06-15T09:00:00Z,2026-06-15T11:00:00+0200,1191.44,MW,FR,FR,actual_onshore_wind_generation,Wind Onshore,2026-06-30T22:03:10Z
2026-06-30T22:02:16Z,2026-07-01T00:02:16+0200,0f2c1f14-db75-409f-ba89-d4cf4b8f7c81,2026-06-15T09:15:00Z,2026-06-15T11:15:00+0200,1125.39,MW,FR,FR,actual_onshore_wind_generation,Wind Onshore,2026-06-30T22:03:10Z
2026-06-30T22:02:16Z,2026-07-01T00:02:16+0200,0f2c1f14-db75-409f-ba89-d4cf4b8f7c81,2026-06-15T09:30:00Z,2026-06-15T11:30:00+0200,1006.92,MW,FR,FR,actual_onshore_wind_generation,Wind Onshore,2026-06-30T22:03:10Z
2026-06-30T22:02:16Z,2026-07-01T00:02:16+0200,0f2c1f14-db75-409f-ba89-d4cf4b8f7c81,2026-06-15T09:45:00Z,2026-06-15T11:45:00+0200,1064.84,MW,FR,FR,actual_onshore_wind_generation,Wind Onshore,2026-06-30T22:03:10Z
2026-06-30T22:02:16Z,2026-07-01T00:02:16+0200,0f2c1f14-db75-409f-ba89-d4cf4b8f7c81,2026-06-15T10:00:00Z,2026-06-15T12:00:00+0200,1125.83,MW,FR,FR,actual_onshore_wind_generation,Wind Onshore,2026-06-30T22:03:10Z
2026-06-30T22:02:16Z,2026-07-01T00:02:16+0200,0f2c1f14-db75-409f-ba89-d4cf4b8f7c81,2026-06-15T10:15:00Z,2026-06-15T12:15:00+0200,1280.24,MW,FR,FR,actual_onshore_wind_generation,Wind Onshore,2026-06-30T22:03:10Z
2026-06-30T22:02:16Z,2026-07-01T00:02:16+0200,0f2c1f14-db75-409f-ba89-d4cf4b8f7c81,2026-06-15T10:30:00Z,2026-06-15T12:30:00+0200,1482.74,MW,FR,FR,actual_onshore_wind_generation,Wind Onshore,2026-06-30T22:03:10Z
2026-06-30T22:02:16Z,2026-07-01T00:02:16+0200,0f2c1f14-db75-409f-ba89-d4cf4b8f7c81,2026-06-15T10:45:00Z,2026-06-15T12:45:00+0200,1498.49,MW,FR,FR,actual_onshore_wind_generation,Wind Onshore,2026-06-30T22:03:10Z
2026-06-30T22:02:16Z,2026-07-01T00:02:16+0200,0f2c1f14-db75-409f-ba89-d4cf4b8f7c81,2026-06-15T11:00:00Z,2026-06-15T13:00:00+0200,1524.81,MW,FR,FR,actual_onshore_wind_generation,Wind Onshore,2026-06-30T22:03:10Z
2026-06-30T22:02:16Z,2026-07-01T00:02:16+0200,0f2c1f14-db75-409f-ba89-d4cf4b8f7c81,2026-06-15T11:15:00Z,2026-06-15T13:15:00+0200,1519.56,MW,FR,FR,actual_onshore_wind_generation,Wind Onshore,2026-06-30T22:03:10Z
2026-06-30T22:02:16Z,2026-07-01T00:02:16+0200,0f2c1f14-db75-409f-ba89-d4cf4b8f7c81,2026-06-15T11:30:00Z,2026-06-15T13:30:00+0200,1527.04,MW,FR,FR,actual_onshore_wind_generation,Wind Onshore,2026-06-30T22:03:10Z
2026-06-30T22:02:16Z,2026-07-01T00:02:16+0200,0f2c1f14-db75-409f-ba89-d4cf4b8f7c81,2026-06-15T11:45:00Z,2026-06-15T13:45:00+0200,1520.25,MW,FR,FR,actual_onshore_wind_generation,Wind Onshore,2026-06-30T22:03:10Z
2026-06-30T22:02:16Z,2026-07-01T00:02:16+0200,0f2c1f14-db75-409f-ba89-d4cf4b8f7c81,2026-06-15T12:00:00Z,2026-06-15T14:00:00+0200,1517.85,MW,FR,FR,actual_onshore_wind_generation,Wind Onshore,2026-06-30T22:03:10Z
2026-06-30T22:02:16Z,2026-07-01T00:02:16+0200,0f2c1f14-db75-409f-ba89-d4cf4b8f7c81,2026-06-15T12:15:00Z,2026-06-15T14:15:00+0200,1528.26,MW,FR,FR,actual_onshore_wind_generation,Wind Onshore,2026-06-30T22:03:10Z
2026-06-30T22:02:16Z,2026-07-01T00:02:16+0200,0f2c1f14-db75-409f-ba89-d4cf4b8f7c81,2026-06-15T12:30:00Z,2026-06-15T14:30:00+0200,1517.75,MW,FR,FR,actual_onshore_wind_generation,Wind Onshore,2026-06-30T22:03:10Z
2026-06-30T22:02:16Z,2026-07-01T00:02:16+0200,0f2c1f14-db75-409f-ba89-d4cf4b8f7c81,2026-06-15T12:45:00Z,2026-06-15T14:45:00+0200,1497.5,MW,FR,FR,actual_onshore_wind_generation,Wind Onshore,2026-06-30T22:03:10Z
2026-06-30T22:02:16Z,2026-07-01T00:02:16+0200,0f2c1f14-db75-409f-ba89-d4cf4b8f7c81,2026-06-15T13:00:00Z,2026-06-15T15:00:00+0200,1546.22,MW,FR,FR,actual_onshore_wind_generation,Wind Onshore,2026-06-30T22:03:10Z
2026-06-30T22:02:16Z,2026-07-01T00:02:16+0200,0f2c1f14-db75-409f-ba89-d4cf4b8f7c81,2026-06-15T13:15:00Z,2026-06-15T15:15:00+0200,1569.42,MW,FR,FR,actual_onshore_wind_generation,Wind Onshore,2026-06-30T22:03:10Z
2026-06-30T22:02:16Z,2026-07-01T00:02:16+0200,0f2c1f14-db75-409f-ba89-d4cf4b8f7c81,2026-06-15T13:30:00Z,2026-06-15T15:30:00+0200,1603.44,MW,FR,FR,actual_onshore_wind_generation,Wind Onshore,2026-06-30T22:03:10Z
2026-06-30T22:02:16Z,2026-07-01T00:02:16+0200,0f2c1f14-db75-409f-ba89-d4cf4b8f7c81,2026-06-15T13:45:00Z,2026-06-15T15:45:00+0200,1633.56,MW,FR,FR,actual_onshore_wind_generation,Wind Onshore,2026-06-30T22:03:10Z
2026-06-30T22:02:16Z,2026-07-01T00:02:16+0200,0f2c1f14-db75-409f-ba89-d4cf4b8f7c81,2026-06-15T14:00:00Z,2026-06-15T16:00:00+0200,1659.74,MW,FR,FR,actual_onshore_wind_generation,Wind Onshore,2026-06-30T22:03:10Z
2026-06-30T22:02:16Z,2026-07-01T00:02:16+0200,0f2c1f14-db75-409f-ba89-d4cf4b8f7c81,2026-06-15T14:15:00Z,2026-06-15T16:15:00+0200,1674.7,MW,FR,FR,actual_onshore_wind_generation,Wind Onshore,2026-06-30T22:03:10Z
2026-06-30T22:02:16Z,2026-07-01T00:02:16+0200,0f2c1f14-db75-409f-ba89-d4cf4b8f7c81,2026-06-15T14:30:00Z,2026-06-15T16:30:00+0200,1686.33,MW,FR,FR,actual_onshore_wind_generation,Wind Onshore,2026-06-30T22:03:10Z
2026-06-30T22:02:16Z,2026-07-01T00:02:16+0200,0f2c1f14-db75-409f-ba89-d4cf4b8f7c81,2026-06-15T14:45:00Z,2026-06-15T16:45:00+0200,1723.02,MW,FR,FR,actual_onshore_wind_generation,Wind Onshore,2026-06-30T22:03:10Z
2026-06-30T22:02:16Z,2026-07-01T00:02:16+0200,0f2c1f14-db75-409f-ba89-d4cf4b8f7c81,2026-06-15T15:00:00Z,2026-06-15T17:00:00+0200,1749.31,MW,FR,FR,actual_onshore_wind_generation,Wind Onshore,2026-06-30T22:03:10Z
2026-06-30T22:02:16Z,2026-07-01T00:02:16+0200,0f2c1f14-db75-409f-ba89-d4cf4b8f7c81,2026-06-15T15:15:00Z,2026-06-15T17:15:00+0200,1726.05,MW,FR,FR,actual_onshore_wind_generation,Wind Onshore,2026-06-30T22:03:10Z
2026-06-30T22:02:16Z,2026-07-01T00:02:16+0200,0f2c1f14-db75-409f-ba89-d4cf4b8f7c81,2026-06-15T15:30:00Z,2026-06-15T17:30:00+0200,1759.65,MW,FR,FR,actual_onshore_wind_generation,Wind Onshore,2026-06-30T22:03:10Z
2026-06-30T22:02:16Z,2026-07-01T00:02:16+0200,0f2c1f14-db75-409f-ba89-d4cf4b8f7c81,2026-06-15T15:45:00Z,2026-06-15T17:45:00+0200,1768.0,MW,FR,FR,actual_onshore_wind_generation,Wind Onshore,2026-06-30T22:03:10Z
2026-06-30T22:02:16Z,2026-07-01T00:02:16+0200,0f2c1f14-db75-409f-ba89-d4cf4b8f7c81,2026-06-15T16:00:00Z,2026-06-15T18:00:00+0200,1765.67,MW,FR,FR,actual_onshore_wind_generation,Wind Onshore,2026-06-30T22:03:10Z
2026-06-30T22:02:16Z,2026-07-01T00:02:16+0200,0f2c1f14-db75-409f-ba89-d4cf4b8f7c81,2026-06-15T16:15:00Z,2026-06-15T18:15:00+0200,1817.54,MW,FR,FR,actual_onshore_wind_generation,Wind Onshore,2026-06-30T22:03:10Z
2026-06-30T22:02:16Z,2026-07-01T00:02:16+0200,0f2c1f14-db75-409f-ba89-d4cf4b8f7c81,2026-06-15T16:30:00Z,2026-06-15T18:30:00+0200,1828.29,MW,FR,FR,actual_onshore_wind_generation,Wind Onshore,2026-06-30T22:03:10Z
2026-06-30T22:02:16Z,2026-07-01T00:02:16+0200,0f2c1f14-db75-409f-ba89-d4cf4b8f7c81,2026-06-15T16:45:00Z,2026-06-15T18:45:00+0200,1835.23,MW,FR,FR,actual_onshore_wind_generation,Wind Onshore,2026-06-30T22:03:10Z
2026-06-30T22:02:16Z,2026-07-01T00:02:16+0200,0f2c1f14-db75-409f-ba89-d4cf4b8f7c81,2026-06-15T17:00:00Z,2026-06-15T19:00:00+0200,1804.14,MW,FR,FR,actual_onshore_wind_generation,Wind Onshore,2026-06-30T22:03:10Z
2026-06-30T22:02:16Z,2026-07-01T00:02:16+0200,0f2c1f14-db75-409f-ba89-d4cf4b8f7c81,2026-06-15T17:15:00Z,2026-06-15T19:15:00+0200,1789.3,MW,FR,FR,actual_onshore_wind_generation,Wind Onshore,2026-06-30T22:03:10Z
2026-06-30T22:02:16Z,2026-07-01T00:02:16+0200,0f2c1f14-db75-409f-ba89-d4cf4b8f7c81,2026-06-15T17:30:00Z,2026-06-15T19:30:00+0200,1746.72,MW,FR,FR,actual_onshore_wind_generation,Wind Onshore,2026-06-30T22:03:10Z
2026-06-30T22:02:16Z,2026-07-01T00:02:16+0200,0f2c1f14-db75-409f-ba89-d4cf4b8f7c81,2026-06-15T17:45:00Z,2026-06-15T19:45:00+0200,1776.86,MW,FR,FR,actual_onshore_wind_generation,Wind Onshore,2026-06-30T22:03:10Z
2026-06-30T22:02:16Z,2026-07-01T00:02:16+0200,0f2c1f14-db75-409f-ba89-d4cf4b8f7c81,2026-06-15T18:00:00Z,2026-06-15T20:00:00+0200,1869.13,MW,FR,FR,actual_onshore_wind_generation,Wind Onshore,2026-06-30T22:03:10Z
2026-06-30T22:02:16Z,2026-07-01T00:02:16+0200,0f2c1f14-db75-409f-ba89-d4cf4b8f7c81,2026-06-15T18:15:00Z,2026-06-15T20:15:00+0200,1979.96,MW,FR,FR,actual_onshore_wind_generation,Wind Onshore,2026-06-30T22:03:10Z
2026-06-30T22:02:16Z,2026-07-01T00:02:16+0200,0f2c1f14-db75-409f-ba89-d4cf4b8f7c81,2026-06-15T18:30:00Z,2026-06-15T20:30:00+0200,2144.06,MW,FR,FR,actual_onshore_wind_generation,Wind Onshore,2026-06-30T22:03:10Z
2026-06-30T22:02:16Z,2026-07-01T00:02:16+0200,0f2c1f14-db75-409f-ba89-d4cf4b8f7c81,2026-06-15T18:45:00Z,2026-06-15T20:45:00+0200,2261.48,MW,FR,FR,actual_onshore_wind_generation,Wind Onshore,2026-06-30T22:03:10Z
2026-06-30T22:02:16Z,2026-07-01T00:02:16+0200,0f2c1f14-db75-409f-ba89-d4cf4b8f7c81,2026-06-15T19:00:00Z,2026-06-15T21:00:00+0200,2369.44,MW,FR,FR,actual_onshore_wind_generation,Wind Onshore,2026-06-30T22:03:10Z
2026-06-30T22:02:16Z,2026-07-01T00:02:16+0200,0f2c1f14-db75-409f-ba89-d4cf4b8f7c81,2026-06-15T19:15:00Z,2026-06-15T21:15:00+0200,2478.42,MW,FR,FR,actual_onshore_wind_generation,Wind Onshore,2026-06-30T22:03:10Z
2026-06-30T22:02:16Z,2026-07-01T00:02:16+0200,0f2c1f14-db75-409f-ba89-d4cf4b8f7c81,2026-06-15T19:30:00Z,2026-06-15T21:30:00+0200,2631.63,MW,FR,FR,actual_onshore_wind_generation,Wind Onshore,2026-06-30T22:03:10Z
2026-06-30T22:02:16Z,2026-07-01T00:02:16+0200,0f2c1f14-db75-409f-ba89-d4cf4b8f7c81,2026-06-15T19:45:00Z,2026-06-15T21:45:00+0200,2818.54,MW,FR,FR,actual_onshore_wind_generation,Wind Onshore,2026-06-30T22:03:10Z
2026-06-30T22:02:16Z,2026-07-01T00:02:16+0200,0f2c1f14-db75-409f-ba89-d4cf4b8f7c81,2026-06-15T20:00:00Z,2026-06-15T22:00:00+0200,2935.26,MW,FR,FR,actual_onshore_wind_generation,Wind Onshore,2026-06-30T22:03:10Z
2026-06-30T22:02:16Z,2026-07-01T00:02:16+0200,0f2c1f14-db75-409f-ba89-d4cf4b8f7c81,2026-06-15T20:15:00Z,2026-06-15T22:15:00+0200,3100.97,MW,FR,FR,actual_onshore_wind_generation,Wind Onshore,2026-06-30T22:03:10Z
2026-06-30T22:02:16Z,2026-07-01T00:02:16+0200,0f2c1f14-db75-409f-ba89-d4cf4b8f7c81,2026-06-15T20:30:00Z,2026-06-15T22:30:00+0200,3259.7,MW,FR,FR,actual_onshore_wind_generation,Wind Onshore,2026-06-30T22:03:10Z
2026-06-30T22:02:16Z,2026-07-01T00:02:16+0200,0f2c1f14-db75-409f-ba89-d4cf4b8f7c81,2026-06-15T20:45:00Z,2026-06-15T22:45:00+0200,3361.01,MW,FR,FR,actual_onshore_wind_generation,Wind Onshore,2026-06-30T22:03:10Z
2026-06-30T22:02:16Z,2026-07-01T00:02:16+0200,0f2c1f14-db75-409f-ba89-d4cf4b8f7c81,2026-06-15T21:00:00Z,2026-06-15T23:00:00+0200,3420.16,MW,FR,FR,actual_onshore_wind_generation,Wind Onshore,2026-06-30T22:03:10Z
2026-06-30T22:02:16Z,2026-07-01T00:02:16+0200,0f2c1f14-db75-409f-ba89-d4cf4b8f7c81,2026-06-15T21:15:00Z,2026-06-15T23:15:00+0200,3538.93,MW,FR,FR,actual_onshore_wind_generation,Wind Onshore,2026-06-30T22:03:10Z
2026-06-30T22:02:16Z,2026-07-01T00:02:16+0200,0f2c1f14-db75-409f-ba89-d4cf4b8f7c81,2026-06-15T21:30:00Z,2026-06-15T23:30:00+0200,3527.69,MW,FR,FR,actual_onshore_wind_generation,Wind Onshore,2026-06-30T22:03:10Z
2026-06-30T22:02:16Z,2026-07-01T00:02:16+0200,0f2c1f14-db75-409f-ba89-d4cf4b8f7c81,2026-06-15T21:45:00Z,2026-06-15T23:45:00+0200,3721.18,MW,FR,FR,actual_onshore_wind_generation,Wind Onshore,2026-06-30T22:03:10Z
2026-06-30T22:02:16Z,2026-07-01T00:02:16+0200,0f2c1f14-db75-409f-ba89-d4cf4b8f7c81,2026-06-15T22:00:00Z,2026-06-16T00:00:00+0200,3849.28,MW,FR,FR,actual_onshore_wind_generation,Wind Onshore,2026-06-30T22:03:10Z
2026-06-30T22:02:16Z,2026-07-01T00:02:16+0200,0f2c1f14-db75-409f-ba89-d4cf4b8f7c81,2026-06-15T22:15:00Z,2026-06-16T00:15:00+0200,3895.98,MW,FR,FR,actual_onshore_wind_generation,Wind Onshore,2026-06-30T22:03:10Z
2026-06-30T22:02:16Z,2026-07-01T00:02:16+0200,0f2c1f14-db75-409f-ba89-d4cf4b8f7c81,2026-06-15T22:30:00Z,2026-06-16T00:30:00+0200,4029.93,MW,FR,FR,actual_onshore_wind_generation,Wind Onshore,2026-06-30T22:03:10Z
2026-06-30T22:02:16Z,2026-07-01T00:02:16+0200,0f2c1f14-db75-409f-ba89-d4cf4b8f7c81,2026-06-15T22:45:00Z,2026-06-16T00:45:00+0200,4086.56,MW,FR,FR,actual_onshore_wind_generation,Wind Onshore,2026-06-30T22:03:10Z
2026-06-30T22:02:16Z,2026-07-01T00:02:16+0200,0f2c1f14-db75-409f-ba89-d4cf4b8f7c81,2026-06-15T23:00:00Z,2026-06-16T01:00:00+0200,4147.36,MW,FR,FR,actual_onshore_wind_generation,Wind Onshore,2026-06-30T22:03:10Z
2026-06-30T22:02:16Z,2026-07-01T00:02:16+0200,0f2c1f14-db75-409f-ba89-d4cf4b8f7c81,2026-06-15T23:15:00Z,2026-06-16T01:15:00+0200,4169.36,MW,FR,FR,actual_onshore_wind_generation,Wind Onshore,2026-06-30T22:03:10Z
2026-06-30T22:02:16Z,2026-07-01T00:02:16+0200,0f2c1f14-db75-409f-ba89-d4cf4b8f7c81,2026-06-15T23:30:00Z,2026-06-16T01:30:00+0200,4106.02,MW,FR,FR,actual_onshore_wind_generation,Wind Onshore,2026-06-30T22:03:10Z
2026-06-30T22:02:16Z,2026-07-01T00:02:16+0200,0f2c1f14-db75-409f-ba89-d4cf4b8f7c81,2026-06-15T23:45:00Z,2026-06-16T01:45:00+0200,4168.75,MW,FR,FR,actual_onshore_wind_generation,Wind Onshore,2026-06-30T22:03:10Z
2026-06-30T22:02:16Z,2026-07-01T00:02:16+0200,0f2c1f14-db75-409f-ba89-d4cf4b8f7c81,2026-06-16T00:00:00Z,2026-06-16T02:00:00+0200,4193.04,MW,FR,FR,actual_onshore_wind_generation,Wind Onshore,2026-06-30T22:03:10Z
2026-06-30T22:02:16Z,2026-07-01T00:02:16+0200,0f2c1f14-db75-409f-ba89-d4cf4b8f7c81,2026-06-16T00:15:00Z,2026-06-16T02:15:00+0200,4243.47,MW,FR,FR,actual_onshore_wind_generation,Wind Onshore,2026-06-30T22:03:10Z
2026-06-30T22:02:16Z,2026-07-01T00:02:16+0200,0f2c1f14-db75-409f-ba89-d4cf4b8f7c81,2026-06-16T00:30:00Z,2026-06-16T02:30:00+0200,4255.09,MW,FR,FR,actual_onshore_wind_generation,Wind Onshore,2026-06-30T22:03:10Z
2026-06-30T22:02:16Z,2026-07-01T00:02:16+0200,0f2c1f14-db75-409f-ba89-d4cf4b8f7c81,2026-06-16T00:45:00Z,2026-06-16T02:45:00+0200,4051.48,MW,FR,FR,actual_onshore_wind_generation,Wind Onshore,2026-06-30T22:03:10Z
2026-06-30T22:02:16Z,2026-07-01T00:02:16+0200,0f2c1f14-db75-409f-ba89-d4cf4b8f7c81,2026-06-16T01:00:00Z,2026-06-16T03:00:00+0200,3815.76,MW,FR,FR,actual_onshore_wind_generation,Wind Onshore,2026-06-30T22:03:10Z
2026-06-30T22:02:16Z,2026-07-01T00:02:16+0200,0f2c1f14-db75-409f-ba89-d4cf4b8f7c81,2026-06-16T01:15:00Z,2026-06-16T03:15:00+0200,3559.35,MW,FR,FR,actual_onshore_wind_generation,Wind Onshore,2026-06-30T22:03:10Z
2026-06-30T22:02:16Z,2026-07-01T00:02:16+0200,0f2c1f14-db75-409f-ba89-d4cf4b8f7c81,2026-06-16T01:30:00Z,2026-06-16T03:30:00+0200,3575.52,MW,FR,FR,actual_onshore_wind_generation,Wind Onshore,2026-06-30T22:03:10Z
2026-06-30T22:02:16Z,2026-07-01T00:02:16+0200,0f2c1f14-db75-409f-ba89-d4cf4b8f7c81,2026-06-16T01:45:00Z,2026-06-16T03:45:00+0200,3460.21,MW,FR,FR,actual_onshore_wind_generation,Wind Onshore,2026-06-30T22:03:10Z
2026-06-30T22:02:16Z,2026-07-01T00:02:16+0200,0f2c1f14-db75-409f-ba89-d4cf4b8f7c81,2026-06-16T02:00:00Z,2026-06-16T04:00:00+0200,3255.47,MW,FR,FR,actual_onshore_wind_generation,Wind Onshore,2026-06-30T22:03:10Z
2026-06-30T22:02:16Z,2026-07-01T00:02:16+0200,0f2c1f14-db75-409f-ba89-d4cf4b8f7c81,2026-06-16T02:15:00Z,2026-06-16T04:15:00+0200,3015.44,MW,FR,FR,actual_onshore_wind_generation,Wind Onshore,2026-06-30T22:03:10Z
2026-06-30T22:02:16Z,2026-07-01T00:02:16+0200,0f2c1f14-db75-409f-ba89-d4cf4b8f7c81,2026-06-16T02:30:00Z,2026-06-16T04:30:00+0200,2931.03,MW,FR,FR,actual_onshore_wind_generation,Wind Onshore,2026-06-30T22:03:10Z
2026-06-30T22:02:16Z,2026-07-01T00:02:16+0200,0f2c1f14-db75-409f-ba89-d4cf4b8f7c81,2026-06-16T02:45:00Z,2026-06-16T04:45:00+0200,2960.55,MW,FR,FR,actual_onshore_wind_generation,Wind Onshore,2026-06-30T22:03:10Z
2026-06-30T22:02:16Z,2026-07-01T00:02:16+0200,0f2c1f14-db75-409f-ba89-d4cf4b8f7c81,2026-06-16T03:00:00Z,2026-06-16T05:00:00+0200,3036.58,MW,FR,FR,actual_onshore_wind_generation,Wind Onshore,2026-06-30T22:03:10Z
2026-06-30T22:02:16Z,2026-07-01T00:02:16+0200,0f2c1f14-db75-409f-ba89-d4cf4b8f7c81,2026-06-16T03:15:00Z,2026-06-16T05:15:00+0200,3052.44,MW,FR,FR,actual_onshore_wind_generation,Wind Onshore,2026-06-30T22:03:10Z
2026-06-30T22:02:16Z,2026-07-01T00:02:16+0200,0f2c1f14-db75-409f-ba89-d4cf4b8f7c81,2026-06-16T03:30:00Z,2026-06-16T05:30:00+0200,2959.74,MW,FR,FR,actual_onshore_wind_generation,Wind Onshore,2026-06-30T22:03:10Z
2026-06-30T22:02:16Z,2026-07-01T00:02:16+0200,0f2c1f14-db75-409f-ba89-d4cf4b8f7c81,2026-06-16T03:45:00Z,2026-06-16T05:45:00+0200,2889.01,MW,FR,FR,actual_onshore_wind_generation,Wind Onshore,2026-06-30T22:03:10Z
2026-06-30T22:02:16Z,2026-07-01T00:02:16+0200,0f2c1f14-db75-409f-ba89-d4cf4b8f7c81,2026-06-16T04:00:00Z,2026-06-16T06:00:00+0200,2940.52,MW,FR,FR,actual_onshore_wind_generation,Wind Onshore,2026-06-30T22:03:10Z
2026-06-30T22:02:16Z,2026-07-01T00:02:16+0200,0f2c1f14-db75-409f-ba89-d4cf4b8f7c81,2026-06-16T04:15:00Z,2026-06-16T06:15:00+0200,3074.83,MW,FR,FR,actual_onshore_wind_generation,Wind Onshore,2026-06-30T22:03:10Z
2026-06-30T22:02:16Z,2026-07-01T00:02:16+0200,0f2c1f14-db75-409f-ba89-d4cf4b8f7c81,2026-06-16T04:30:00Z,2026-06-16T06:30:00+0200,3007.24,MW,FR,FR,actual_onshore_wind_generation,Wind Onshore,2026-06-30T22:03:10Z
2026-06-30T22:02:16Z,2026-07-01T00:02:16+0200,0f2c1f14-db75-409f-ba89-d4cf4b8f7c81,2026-06-16T04:45:00Z,2026-06-16T06:45:00+0200,2842.04,MW,FR,FR,actual_onshore_wind_generation,Wind Onshore,2026-06-30T22:03:10Z
2026-06-30T22:02:16Z,2026-07-01T00:02:16+0200,0f2c1f14-db75-409f-ba89-d4cf4b8f7c81,2026-06-16T05:00:00Z,2026-06-16T07:00:00+0200,2770.16,MW,FR,FR,actual_onshore_wind_generation,Wind Onshore,2026-06-30T22:03:10Z
2026-06-30T22:02:16Z,2026-07-01T00:02:16+0200,0f2c1f14-db75-409f-ba89-d4cf4b8f7c81,2026-06-16T05:15:00Z,2026-06-16T07:15:00+0200,2721.42,MW,FR,FR,actual_onshore_wind_generation,Wind Onshore,2026-06-30T22:03:10Z
2026-06-30T22:02:16Z,2026-07-01T00:02:16+0200,0f2c1f14-db75-409f-ba89-d4cf4b8f7c81,2026-06-16T05:30:00Z,2026-06-16T07:30:00+0200,2713.33,MW,FR,FR,actual_onshore_wind_generation,Wind Onshore,2026-06-30T22:03:10Z
2026-06-30T22:02:16Z,2026-07-01T00:02:16+0200,0f2c1f14-db75-409f-ba89-d4cf4b8f7c81,2026-06-16T05:45:00Z,2026-06-16T07:45:00+0200,2749.2,MW,FR,FR,actual_onshore_wind_generation,Wind Onshore,2026-06-30T22:03:10Z
2026-06-30T22:02:16Z,2026-07-01T00:02:16+0200,0f2c1f14-db75-409f-ba89-d4cf4b8f7c81,2026-06-16T06:00:00Z,2026-06-16T08:00:00+0200,2906.46,MW,FR,FR,actual_onshore_wind_generation,Wind Onshore,2026-06-30T22:03:10Z
2026-06-30T22:02:16Z,2026-07-01T00:02:16+0200,0f2c1f14-db75-409f-ba89-d4cf4b8f7c81,2026-06-16T06:15:00Z,2026-06-16T08:15:00+0200,3090.95,MW,FR,FR,actual_onshore_wind_generation,Wind Onshore,2026-06-30T22:03:10Z
2026-06-30T22:02:16Z,2026-07-01T00:02:16+0200,0f2c1f14-db75-409f-ba89-d4cf4b8f7c81,2026-06-16T06:30:00Z,2026-06-16T08:30:00+0200,3058.15,MW,FR,FR,actual_onshore_wind_generation,Wind Onshore,2026-06-30T22:03:10Z
2026-06-30T22:02:16Z,2026-07-01T00:02:16+0200,0f2c1f14-db75-409f-ba89-d4cf4b8f7c81,2026-06-16T06:45:00Z,2026-06-16T08:45:00+0200,2821.0,MW,FR,FR,actual_onshore_wind_generation,Wind Onshore,2026-06-30T22:03:10Z
2026-06-30T22:02:16Z,2026-07-01T00:02:16+0200,0f2c1f14-db75-409f-ba89-d4cf4b8f7c81,2026-06-16T07:00:00Z,2026-06-16T09:00:00+0200,2615.23,MW,FR,FR,actual_onshore_wind_generation,Wind Onshore,2026-06-30T22:03:10Z
2026-06-30T22:02:16Z,2026-07-01T00:02:16+0200,0f2c1f14-db75-409f-ba89-d4cf4b8f7c81,2026-06-16T07:15:00Z,2026-06-16T09:15:00+0200,2537.73,MW,FR,FR,actual_onshore_wind_generation,Wind Onshore,2026-06-30T22:03:10Z
2026-06-30T22:02:16Z,2026-07-01T00:02:16+0200,0f2c1f14-db75-409f-ba89-d4cf4b8f7c81,2026-06-16T07:30:00Z,2026-06-16T09:30:00+0200,2472.42,MW,FR,FR,actual_onshore_wind_generation,Wind Onshore,2026-06-30T22:03:10Z
2026-06-30T22:02:16Z,2026-07-01T00:02:16+0200,0f2c1f14-db75-409f-ba89-d4cf4b8f7c81,2026-06-16T07:45:00Z,2026-06-16T09:45:00+0200,2379.59,MW,FR,FR,actual_onshore_wind_generation,Wind Onshore,2026-06-30T22:03:10Z
2026-06-30T22:02:16Z,2026-07-01T00:02:16+0200,0f2c1f14-db75-409f-ba89-d4cf4b8f7c81,2026-06-16T08:00:00Z,2026-06-16T10:00:00+0200,2281.62,MW,FR,FR,actual_onshore_wind_generation,Wind Onshore,2026-06-30T22:03:10Z
2026-06-30T22:02:16Z,2026-07-01T00:02:16+0200,0f2c1f14-db75-409f-ba89-d4cf4b8f7c81,2026-06-16T08:15:00Z,2026-06-16T10:15:00+0200,2096.74,MW,FR,FR,actual_onshore_wind_generation,Wind Onshore,2026-06-30T22:03:10Z
2026-06-30T22:02:16Z,2026-07-01T00:02:16+0200,0f2c1f14-db75-409f-ba89-d4cf4b8f7c81,2026-06-16T08:30:00Z,2026-06-16T10:30:00+0200,1847.04,MW,FR,FR,actual_onshore_wind_generation,Wind Onshore,2026-06-30T22:03:10Z
2026-06-30T22:02:16Z,2026-07-01T00:02:16+0200,0f2c1f14-db75-409f-ba89-d4cf4b8f7c81,2026-06-16T08:45:00Z,2026-06-16T10:45:00+0200,2018.62,MW,FR,FR,actual_onshore_wind_generation,Wind Onshore,2026-06-30T22:03:10Z
2026-06-30T22:02:16Z,2026-07-01T00:02:16+0200,0f2c1f14-db75-409f-ba89-d4cf4b8f7c81,2026-06-16T09:00:00Z,2026-06-16T11:00:00+0200,2094.0,MW,FR,FR,actual_onshore_wind_generation,Wind Onshore,2026-06-30T22:03:10Z
2026-06-30T22:02:16Z,2026-07-01T00:02:16+0200,0f2c1f14-db75-409f-ba89-d4cf4b8f7c81,2026-06-16T09:15:00Z,2026-06-16T11:15:00+0200,2084.1,MW,FR,FR,actual_onshore_wind_generation,Wind Onshore,2026-06-30T22:03:10Z
2026-06-30T22:02:16Z,2026-07-01T00:02:16+0200,0f2c1f14-db75-409f-ba89-d4cf4b8f7c81,2026-06-16T09:30:00Z,2026-06-16T11:30:00+0200,2200.49,MW,FR,FR,actual_onshore_wind_generation,Wind Onshore,2026-06-30T22:03:10Z
2026-06-30T22:02:16Z,2026-07-01T00:02:16+0200,0f2c1f14-db75-409f-ba89-d4cf4b8f7c81,2026-06-16T09:45:00Z,2026-06-16T11:45:00+0200,2257.33,MW,FR,FR,actual_onshore_wind_generation,Wind Onshore,2026-06-30T22:03:10Z
2026-06-30T22:02:16Z,2026-07-01T00:02:16+0200,0f2c1f14-db75-409f-ba89-d4cf4b8f7c81,2026-06-16T10:00:00Z,2026-06-16T12:00:00+0200,2300.25,MW,FR,FR,actual_onshore_wind_generation,Wind Onshore,2026-06-30T22:03:10Z
2026-06-30T22:02:16Z,2026-07-01T00:02:16+0200,0f2c1f14-db75-409f-ba89-d4cf4b8f7c81,2026-06-16T10:15:00Z,2026-06-16T12:15:00+0200,2361.65,MW,FR,FR,actual_onshore_wind_generation,Wind Onshore,2026-06-30T22:03:10Z
2026-06-30T22:02:16Z,2026-07-01T00:02:16+0200,0f2c1f14-db75-409f-ba89-d4cf4b8f7c81,2026-06-16T10:30:00Z,2026-06-16T12:30:00+0200,2472.11,MW,FR,FR,actual_onshore_wind_generation,Wind Onshore,2026-06-30T22:03:10Z
2026-06-30T22:02:16Z,2026-07-01T00:02:16+0200,0f2c1f14-db75-409f-ba89-d4cf4b8f7c81,2026-06-16T10:45:00Z,2026-06-16T12:45:00+0200,2583.35,MW,FR,FR,actual_onshore_wind_generation,Wind Onshore,2026-06-30T22:03:10Z
2026-06-30T22:02:16Z,2026-07-01T00:02:16+0200,0f2c1f14-db75-409f-ba89-d4cf4b8f7c81,2026-06-16T11:00:00Z,2026-06-16T13:00:00+0200,2554.3,MW,FR,FR,actual_onshore_wind_generation,Wind Onshore,2026-06-30T22:03:10Z
2026-06-30T22:02:16Z,2026-07-01T00:02:16+0200,0f2c1f14-db75-409f-ba89-d4cf4b8f7c81,2026-06-16T11:15:00Z,2026-06-16T13:15:00+0200,2618.06,MW,FR,FR,actual_onshore_wind_generation,Wind Onshore,2026-06-30T22:03:10Z
2026-06-30T22:02:16Z,2026-07-01T00:02:16+0200,0f2c1f14-db75-409f-ba89-d4cf4b8f7c81,2026-06-16T11:30:00Z,2026-06-16T13:30:00+0200,2991.03,MW,FR,FR,actual_onshore_wind_generation,Wind Onshore,2026-06-30T22:03:10Z
2026-06-30T22:02:16Z,2026-07-01T00:02:16+0200,0f2c1f14-db75-409f-ba89-d4cf4b8f7c81,2026-06-16T11:45:00Z,2026-06-16T13:45:00+0200,3216.2,MW,FR,FR,actual_onshore_wind_generation,Wind Onshore,2026-06-30T22:03:10Z
2026-06-30T22:02:16Z,2026-07-01T00:02:16+0200,0f2c1f14-db75-409f-ba89-d4cf4b8f7c81,2026-06-16T12:00:00Z,2026-06-16T14:00:00+0200,3438.24,MW,FR,FR,actual_onshore_wind_generation,Wind Onshore,2026-06-30T22:03:10Z
2026-06-30T22:02:16Z,2026-07-01T00:02:16+0200,0f2c1f14-db75-409f-ba89-d4cf4b8f7c81,2026-06-16T12:15:00Z,2026-06-16T14:15:00+0200,3630.99,MW,FR,FR,actual_onshore_wind_generation,Wind Onshore,2026-06-30T22:03:10Z
2026-06-30T22:02:16Z,2026-07-01T00:02:16+0200,0f2c1f14-db75-409f-ba89-d4cf4b8f7c81,2026-06-16T12:30:00Z,2026-06-16T14:30:00+0200,3809.43,MW,FR,FR,actual_onshore_wind_generation,Wind Onshore,2026-06-30T22:03:10Z
2026-06-30T22:02:16Z,2026-07-01T00:02:16+0200,0f2c1f14-db75-409f-ba89-d4cf4b8f7c81,2026-06-16T12:45:00Z,2026-06-16T14:45:00+0200,3857.12,MW,FR,FR,actual_onshore_wind_generation,Wind Onshore,2026-06-30T22:03:10Z
2026-06-30T22:02:16Z,2026-07-01T00:02:16+0200,0f2c1f14-db75-409f-ba89-d4cf4b8f7c81,2026-06-16T13:00:00Z,2026-06-16T15:00:00+0200,3883.54,MW,FR,FR,actual_onshore_wind_generation,Wind Onshore,2026-06-30T22:03:10Z
2026-06-30T22:02:16Z,2026-07-01T00:02:16+0200,0f2c1f14-db75-409f-ba89-d4cf4b8f7c81,2026-06-16T13:15:00Z,2026-06-16T15:15:00+0200,3905.82,MW,FR,FR,actual_onshore_wind_generation,Wind Onshore,2026-06-30T22:03:10Z
2026-06-30T22:02:16Z,2026-07-01T00:02:16+0200,0f2c1f14-db75-409f-ba89-d4cf4b8f7c81,2026-06-16T13:30:00Z,2026-06-16T15:30:00+0200,3881.42,MW,FR,FR,actual_onshore_wind_generation,Wind Onshore,2026-06-30T22:03:10Z
2026-06-30T22:02:16Z,2026-07-01T00:02:16+0200,0f2c1f14-db75-409f-ba89-d4cf4b8f7c81,2026-06-16T13:45:00Z,2026-06-16T15:45:00+0200,3789.47,MW,FR,FR,actual_onshore_wind_generation,Wind Onshore,2026-06-30T22:03:10Z
2026-06-30T22:02:16Z,2026-07-01T00:02:16+0200,0f2c1f14-db75-409f-ba89-d4cf4b8f7c81,2026-06-16T14:00:00Z,2026-06-16T16:00:00+0200,3792.49,MW,FR,FR,actual_onshore_wind_generation,Wind Onshore,2026-06-30T22:03:10Z
2026-06-30T22:02:16Z,2026-07-01T00:02:16+0200,0f2c1f14-db75-409f-ba89-d4cf4b8f7c81,2026-06-16T14:15:00Z,2026-06-16T16:15:00+0200,3815.88,MW,FR,FR,actual_onshore_wind_generation,Wind Onshore,2026-06-30T22:03:10Z
2026-06-30T22:02:16Z,2026-07-01T00:02:16+0200,0f2c1f14-db75-409f-ba89-d4cf4b8f7c81,2026-06-16T14:30:00Z,2026-06-16T16:30:00+0200,3793.79,MW,FR,FR,actual_onshore_wind_generation,Wind Onshore,2026-06-30T22:03:10Z
2026-06-30T22:02:16Z,2026-07-01T00:02:16+0200,0f2c1f14-db75-409f-ba89-d4cf4b8f7c81,2026-06-16T14:45:00Z,2026-06-16T16:45:00+0200,3732.05,MW,FR,FR,actual_onshore_wind_generation,Wind Onshore,2026-06-30T22:03:10Z
2026-06-30T22:02:16Z,2026-07-01T00:02:16+0200,0f2c1f14-db75-409f-ba89-d4cf4b8f7c81,2026-06-16T15:00:00Z,2026-06-16T17:00:00+0200,3660.6,MW,FR,FR,actual_onshore_wind_generation,Wind Onshore,2026-06-30T22:03:10Z
2026-06-30T22:02:16Z,2026-07-01T00:02:16+0200,0f2c1f14-db75-409f-ba89-d4cf4b8f7c81,2026-06-16T15:15:00Z,2026-06-16T17:15:00+0200,3546.05,MW,FR,FR,actual_onshore_wind_generation,Wind Onshore,2026-06-30T22:03:10Z
2026-06-30T22:02:16Z,2026-07-01T00:02:16+0200,0f2c1f14-db75-409f-ba89-d4cf4b8f7c81,2026-06-16T15:30:00Z,2026-06-16T17:30:00+0200,3421.96,MW,FR,FR,actual_onshore_wind_generation,Wind Onshore,2026-06-30T22:03:10Z
2026-06-30T22:02:16Z,2026-07-01T00:02:16+0200,0f2c1f14-db75-409f-ba89-d4cf4b8f7c81,2026-06-16T15:45:00Z,2026-06-16T17:45:00+0200,3298.51,MW,FR,FR,actual_onshore_wind_generation,Wind Onshore,2026-06-30T22:03:10Z
2026-06-30T22:02:16Z,2026-07-01T00:02:16+0200,0f2c1f14-db75-409f-ba89-d4cf4b8f7c81,2026-06-16T16:00:00Z,2026-06-16T18:00:00+0200,3198.28,MW,FR,FR,actual_onshore_wind_generation,Wind Onshore,2026-06-30T22:03:10Z
2026-06-30T22:02:16Z,2026-07-01T00:02:16+0200,0f2c1f14-db75-409f-ba89-d4cf4b8f7c81,2026-06-16T16:15:00Z,2026-06-16T18:15:00+0200,3059.2,MW,FR,FR,actual_onshore_wind_generation,Wind Onshore,2026-06-30T22:03:10Z
2026-06-30T22:02:16Z,2026-07-01T00:02:16+0200,0f2c1f14-db75-409f-ba89-d4cf4b8f7c81,2026-06-16T16:30:00Z,2026-06-16T18:30:00+0200,2992.0,MW,FR,FR,actual_onshore_wind_generation,Wind Onshore,2026-06-30T22:03:10Z
2026-06-30T22:02:16Z,2026-07-01T00:02:16+0200,0f2c1f14-db75-409f-ba89-d4cf4b8f7c81,2026-06-16T16:45:00Z,2026-06-16T18:45:00+0200,2873.83,MW,FR,FR,actual_onshore_wind_generation,Wind Onshore,2026-06-30T22:03:10Z
2026-06-30T22:02:16Z,2026-07-01T00:02:16+0200,0f2c1f14-db75-409f-ba89-d4cf4b8f7c81,2026-06-16T17:00:00Z,2026-06-16T19:00:00+0200,2844.15,MW,FR,FR,actual_onshore_wind_generation,Wind Onshore,2026-06-30T22:03:10Z
2026-06-30T22:02:16Z,2026-07-01T00:02:16+0200,0f2c1f14-db75-409f-ba89-d4cf4b8f7c81,2026-06-16T17:15:00Z,2026-06-16T19:15:00+0200,2729.88,MW,FR,FR,actual_onshore_wind_generation,Wind Onshore,2026-06-30T22:03:10Z
2026-06-30T22:02:16Z,2026-07-01T00:02:16+0200,0f2c1f14-db75-409f-ba89-d4cf4b8f7c81,2026-06-16T17:30:00Z,2026-06-16T19:30:00+0200,2609.91,MW,FR,FR,actual_onshore_wind_generation,Wind Onshore,2026-06-30T22:03:10Z
2026-06-30T22:02:16Z,2026-07-01T00:02:16+0200,0f2c1f14-db75-409f-ba89-d4cf4b8f7c81,2026-06-16T17:45:00Z,2026-06-16T19:45:00+0200,2501.68,MW,FR,FR,actual_onshore_wind_generation,Wind Onshore,2026-06-30T22:03:10Z
2026-06-30T22:02:16Z,2026-07-01T00:02:16+0200,0f2c1f14-db75-409f-ba89-d4cf4b8f7c81,2026-06-16T18:00:00Z,2026-06-16T20:00:00+0200,2403.49,MW,FR,FR,actual_onshore_wind_generation,Wind Onshore,2026-06-30T22:03:10Z
2026-06-30T22:02:16Z,2026-07-01T00:02:16+0200,0f2c1f14-db75-409f-ba89-d4cf4b8f7c81,2026-06-16T18:15:00Z,2026-06-16T20:15:00+0200,2254.54,MW,FR,FR,actual_onshore_wind_generation,Wind Onshore,2026-06-30T22:03:10Z
2026-06-30T22:02:16Z,2026-07-01T00:02:16+0200,0f2c1f14-db75-409f-ba89-d4cf4b8f7c81,2026-06-16T18:30:00Z,2026-06-16T20:30:00+0200,2169.81,MW,FR,FR,actual_onshore_wind_generation,Wind Onshore,2026-06-30T22:03:10Z
2026-06-30T22:02:16Z,2026-07-01T00:02:16+0200,0f2c1f14-db75-409f-ba89-d4cf4b8f7c81,2026-06-16T18:45:00Z,2026-06-16T20:45:00+0200,2147.21,MW,FR,FR,actual_onshore_wind_generation,Wind Onshore,2026-06-30T22:03:10Z
2026-06-30T22:02:16Z,2026-07-01T00:02:16+0200,0f2c1f14-db75-409f-ba89-d4cf4b8f7c81,2026-06-16T19:00:00Z,2026-06-16T21:00:00+0200,2084.9,MW,FR,FR,actual_onshore_wind_generation,Wind Onshore,2026-06-30T22:03:10Z
2026-06-30T22:02:16Z,2026-07-01T00:02:16+0200,0f2c1f14-db75-409f-ba89-d4cf4b8f7c81,2026-06-16T19:15:00Z,2026-06-16T21:15:00+0200,2076.65,MW,FR,FR,actual_onshore_wind_generation,Wind Onshore,2026-06-30T22:03:10Z
2026-06-30T22:02:16Z,2026-07-01T00:02:16+0200,0f2c1f14-db75-409f-ba89-d4cf4b8f7c81,2026-06-16T19:30:00Z,2026-06-16T21:30:00+0200,2090.56,MW,FR,FR,actual_onshore_wind_generation,Wind Onshore,2026-06-30T22:03:10Z
2026-06-30T22:02:16Z,2026-07-01T00:02:16+0200,0f2c1f14-db75-409f-ba89-d4cf4b8f7c81,2026-06-16T19:45:00Z,2026-06-16T21:45:00+0200,2027.13,MW,FR,FR,actual_onshore_wind_generation,Wind Onshore,2026-06-30T22:03:10Z
2026-06-30T22:02:16Z,2026-07-01T00:02:16+0200,0f2c1f14-db75-409f-ba89-d4cf4b8f7c81,2026-06-16T20:00:00Z,2026-06-16T22:00:00+0200,1957.11,MW,FR,FR,actual_onshore_wind_generation,Wind Onshore,2026-06-30T22:03:10Z
2026-06-30T22:02:16Z,2026-07-01T00:02:16+0200,0f2c1f14-db75-409f-ba89-d4cf4b8f7c81,2026-06-16T20:15:00Z,2026-06-16T22:15:00+0200,1930.03,MW,FR,FR,actual_onshore_wind_generation,Wind Onshore,2026-06-30T22:03:10Z
2026-06-30T22:02:16Z,2026-07-01T00:02:16+0200,0f2c1f14-db75-409f-ba89-d4cf4b8f7c81,2026-06-16T20:30:00Z,2026-06-16T22:30:00+0200,1929.76,MW,FR,FR,actual_onshore_wind_generation,Wind Onshore,2026-06-30T22:03:10Z
2026-06-30T22:02:16Z,2026-07-01T00:02:16+0200,0f2c1f14-db75-409f-ba89-d4cf4b8f7c81,2026-06-16T20:45:00Z,2026-06-16T22:45:00+0200,1908.15,MW,FR,FR,actual_onshore_wind_generation,Wind Onshore,2026-06-30T22:03:10Z
2026-06-30T22:02:16Z,2026-07-01T00:02:16+0200,0f2c1f14-db75-409f-ba89-d4cf4b8f7c81,2026-06-16T21:00:00Z,2026-06-16T23:00:00+0200,1849.12,MW,FR,FR,actual_onshore_wind_generation,Wind Onshore,2026-06-30T22:03:10Z
2026-06-30T22:02:16Z,2026-07-01T00:02:16+0200,0f2c1f14-db75-409f-ba89-d4cf4b8f7c81,2026-06-16T21:15:00Z,2026-06-16T23:15:00+0200,1791.65,MW,FR,FR,actual_onshore_wind_generation,Wind Onshore,2026-06-30T22:03:10Z
2026-06-30T22:02:16Z,2026-07-01T00:02:16+0200,0f2c1f14-db75-409f-ba89-d4cf4b8f7c81,2026-06-16T21:30:00Z,2026-06-16T23:30:00+0200,1756.58,MW,FR,FR,actual_onshore_wind_generation,Wind Onshore,2026-06-30T22:03:10Z
2026-06-30T22:02:16Z,2026-07-01T00:02:16+0200,0f2c1f14-db75-409f-ba89-d4cf4b8f7c81,2026-06-16T21:45:00Z,2026-06-16T23:45:00+0200,1731.78,MW,FR,FR,actual_onshore_wind_generation,Wind Onshore,2026-06-30T22:03:10Z
2026-06-30T22:02:16Z,2026-07-01T00:02:16+0200,0f2c1f14-db75-409f-ba89-d4cf4b8f7c81,2026-06-16T22:00:00Z,2026-06-17T00:00:00+0200,1720.99,MW,FR,FR,actual_onshore_wind_generation,Wind Onshore,2026-06-30T22:03:10Z
2026-06-30T22:02:16Z,2026-07-01T00:02:16+0200,0f2c1f14-db75-409f-ba89-d4cf4b8f7c81,2026-06-16T22:15:00Z,2026-06-17T00:15:00+0200,1690.73,MW,FR,FR,actual_onshore_wind_generation,Wind Onshore,2026-06-30T22:03:10Z
2026-06-30T22:02:16Z,2026-07-01T00:02:16+0200,0f2c1f14-db75-409f-ba89-d4cf4b8f7c81,2026-06-16T22:30:00Z,2026-06-17T00:30:00+0200,1641.13,MW,FR,FR,actual_onshore_wind_generation,Wind Onshore,2026-06-30T22:03:10Z
2026-06-30T22:02:16Z,2026-07-01T00:02:16+0200,0f2c1f14-db75-409f-ba89-d4cf4b8f7c81,2026-06-16T22:45:00Z,2026-06-17T00:45:00+0200,1561.87,MW,FR,FR,actual_onshore_wind_generation,Wind Onshore,2026-06-30T22:03:10Z
2026-06-30T22:02:16Z,2026-07-01T00:02:16+0200,0f2c1f14-db75-409f-ba89-d4cf4b8f7c81,2026-06-16T23:00:00Z,2026-06-17T01:00:00+0200,1501.65,MW,FR,FR,actual_onshore_wind_generation,Wind Onshore,2026-06-30T22:03:10Z
2026-06-30T22:02:16Z,2026-07-01T00:02:16+0200,0f2c1f14-db75-409f-ba89-d4cf4b8f7c81,2026-06-16T23:15:00Z,2026-06-17T01:15:00+0200,1441.98,MW,FR,FR,actual_onshore_wind_generation,Wind Onshore,2026-06-30T22:03:10Z
2026-06-30T22:02:16Z,2026-07-01T00:02:16+0200,0f2c1f14-db75-409f-ba89-d4cf4b8f7c81,2026-06-16T23:30:00Z,2026-06-17T01:30:00+0200,1423.42,MW,FR,FR,actual_onshore_wind_generation,Wind Onshore,2026-06-30T22:03:10Z
2026-06-30T22:02:16Z,2026-07-01T00:02:16+0200,0f2c1f14-db75-409f-ba89-d4cf4b8f7c81,2026-06-16T23:45:00Z,2026-06-17T01:45:00+0200,1390.96,MW,FR,FR,actual_onshore_wind_generation,Wind Onshore,2026-06-30T22:03:10Z
2026-06-30T22:02:16Z,2026-07-01T00:02:16+0200,0f2c1f14-db75-409f-ba89-d4cf4b8f7c81,2026-06-17T00:00:00Z,2026-06-17T02:00:00+0200,1318.13,MW,FR,FR,actual_onshore_wind_generation,Wind Onshore,2026-06-30T22:03:10Z
2026-06-30T22:02:16Z,2026-07-01T00:02:16+0200,0f2c1f14-db75-409f-ba89-d4cf4b8f7c81,2026-06-17T00:15:00Z,2026-06-17T02:15:00+0200,1230.36,MW,FR,FR,actual_onshore_wind_generation,Wind Onshore,2026-06-30T22:03:10Z
2026-06-30T22:02:16Z,2026-07-01T00:02:16+0200,0f2c1f14-db75-409f-ba89-d4cf4b8f7c81,2026-06-17T00:30:00Z,2026-06-17T02:30:00+0200,1155.71,MW,FR,FR,actual_onshore_wind_generation,Wind Onshore,2026-06-30T22:03:10Z
2026-06-30T22:02:16Z,2026-07-01T00:02:16+0200,0f2c1f14-db75-409f-ba89-d4cf4b8f7c81,2026-06-17T00:45:00Z,2026-06-17T02:45:00+0200,1083.7,MW,FR,FR,actual_onshore_wind_generation,Wind Onshore,2026-06-30T22:03:10Z
2026-06-30T22:02:16Z,2026-07-01T00:02:16+0200,0f2c1f14-db75-409f-ba89-d4cf4b8f7c81,2026-06-17T01:00:00Z,2026-06-17T03:00:00+0200,1029.91,MW,FR,FR,actual_onshore_wind_generation,Wind Onshore,2026-06-30T22:03:10Z
2026-06-30T22:02:16Z,2026-07-01T00:02:16+0200,0f2c1f14-db75-409f-ba89-d4cf4b8f7c81,2026-06-17T01:15:00Z,2026-06-17T03:15:00+0200,1002.04,MW,FR,FR,actual_onshore_wind_generation,Wind Onshore,2026-06-30T22:03:10Z
2026-06-30T22:02:16Z,2026-07-01T00:02:16+0200,0f2c1f14-db75-409f-ba89-d4cf4b8f7c81,2026-06-17T01:30:00Z,2026-06-17T03:30:00+0200,985.57,MW,FR,FR,actual_onshore_wind_generation,Wind Onshore,2026-06-30T22:03:10Z
2026-06-30T22:02:16Z,2026-07-01T00:02:16+0200,0f2c1f14-db75-409f-ba89-d4cf4b8f7c81,2026-06-17T01:45:00Z,2026-06-17T03:45:00+0200,957.14,MW,FR,FR,actual_onshore_wind_generation,Wind Onshore,2026-06-30T22:03:10Z
2026-06-30T22:02:16Z,2026-07-01T00:02:16+0200,0f2c1f14-db75-409f-ba89-d4cf4b8f7c81,2026-06-17T02:00:00Z,2026-06-17T04:00:00+0200,967.5,MW,FR,FR,actual_onshore_wind_generation,Wind Onshore,2026-06-30T22:03:10Z
2026-06-30T22:02:16Z,2026-07-01T00:02:16+0200,0f2c1f14-db75-409f-ba89-d4cf4b8f7c81,2026-06-17T02:15:00Z,2026-06-17T04:15:00+0200,967.62,MW,FR,FR,actual_onshore_wind_generation,Wind Onshore,2026-06-30T22:03:10Z
2026-06-30T22:02:16Z,2026-07-01T00:02:16+0200,0f2c1f14-db75-409f-ba89-d4cf4b8f7c81,2026-06-17T02:30:00Z,2026-06-17T04:30:00+0200,968.07,MW,FR,FR,actual_onshore_wind_generation,Wind Onshore,2026-06-30T22:03:10Z
2026-06-30T22:02:16Z,2026-07-01T00:02:16+0200,0f2c1f14-db75-409f-ba89-d4cf4b8f7c81,2026-06-17T02:45:00Z,2026-06-17T04:45:00+0200,965.4,MW,FR,FR,actual_onshore_wind_generation,Wind Onshore,2026-06-30T22:03:10Z
2026-06-30T22:02:16Z,2026-07-01T00:02:16+0200,0f2c1f14-db75-409f-ba89-d4cf4b8f7c81,2026-06-17T03:00:00Z,2026-06-17T05:00:00+0200,993.74,MW,FR,FR,actual_onshore_wind_generation,Wind Onshore,2026-06-30T22:03:10Z
2026-06-30T22:02:16Z,2026-07-01T00:02:16+0200,0f2c1f14-db75-409f-ba89-d4cf4b8f7c81,2026-06-17T03:15:00Z,2026-06-17T05:15:00+0200,986.91,MW,FR,FR,actual_onshore_wind_generation,Wind Onshore,2026-06-30T22:03:10Z
2026-06-30T22:02:16Z,2026-07-01T00:02:16+0200,0f2c1f14-db75-409f-ba89-d4cf4b8f7c81,2026-06-17T03:30:00Z,2026-06-17T05:30:00+0200,990.15,MW,FR,FR,actual_onshore_wind_generation,Wind Onshore,2026-06-30T22:03:10Z
2026-06-30T22:02:16Z,2026-07-01T00:02:16+0200,0f2c1f14-db75-409f-ba89-d4cf4b8f7c81,2026-06-17T03:45:00Z,2026-06-17T05:45:00+0200,995.64,MW,FR,FR,actual_onshore_wind_generation,Wind Onshore,2026-06-30T22:03:10Z
2026-06-30T22:02:16Z,2026-07-01T00:02:16+0200,0f2c1f14-db75-409f-ba89-d4cf4b8f7c81,2026-06-17T04:00:00Z,2026-06-17T06:00:00+0200,952.16,MW,FR,FR,actual_onshore_wind_generation,Wind Onshore,2026-06-30T22:03:10Z
2026-06-30T22:02:16Z,2026-07-01T00:02:16+0200,0f2c1f14-db75-409f-ba89-d4cf4b8f7c81,2026-06-17T04:15:00Z,2026-06-17T06:15:00+0200,955.41,MW,FR,FR,actual_onshore_wind_generation,Wind Onshore,2026-06-30T22:03:10Z
2026-06-30T22:02:16Z,2026-07-01T00:02:16+0200,0f2c1f14-db75-409f-ba89-d4cf4b8f7c81,2026-06-17T04:30:00Z,2026-06-17T06:30:00+0200,950.56,MW,FR,FR,actual_onshore_wind_generation,Wind Onshore,2026-06-30T22:03:10Z
2026-06-30T22:02:16Z,2026-07-01T00:02:16+0200,0f2c1f14-db75-409f-ba89-d4cf4b8f7c81,2026-06-17T04:45:00Z,2026-06-17T06:45:00+0200,949.45,MW,FR,FR,actual_onshore_wind_generation,Wind Onshore,2026-06-30T22:03:10Z
2026-06-30T22:02:16Z,2026-07-01T00:02:16+0200,0f2c1f14-db75-409f-ba89-d4cf4b8f7c81,2026-06-17T05:00:00Z,2026-06-17T07:00:00+0200,952.69,MW,FR,FR,actual_onshore_wind_generation,Wind Onshore,2026-06-30T22:03:10Z
2026-06-30T22:02:16Z,2026-07-01T00:02:16+0200,0f2c1f14-db75-409f-ba89-d4cf4b8f7c81,2026-06-17T05:15:00Z,2026-06-17T07:15:00+0200,952.81,MW,FR,FR,actual_onshore_wind_generation,Wind Onshore,2026-06-30T22:03:10Z
2026-06-30T22:02:16Z,2026-07-01T00:02:16+0200,0f2c1f14-db75-409f-ba89-d4cf4b8f7c81,2026-06-17T05:30:00Z,2026-06-17T07:30:00+0200,923.5,MW,FR,FR,actual_onshore_wind_generation,Wind Onshore,2026-06-30T22:03:10Z
2026-06-30T22:02:16Z,2026-07-01T00:02:16+0200,0f2c1f14-db75-409f-ba89-d4cf4b8f7c81,2026-06-17T05:45:00Z,2026-06-17T07:45:00+0200,879.54,MW,FR,FR,actual_onshore_wind_generation,Wind Onshore,2026-06-30T22:03:10Z
2026-06-30T22:02:16Z,2026-07-01T00:02:16+0200,0f2c1f14-db75-409f-ba89-d4cf4b8f7c81,2026-06-17T06:00:00Z,2026-06-17T08:00:00+0200,832.33,MW,FR,FR,actual_onshore_wind_generation,Wind Onshore,2026-06-30T22:03:10Z
2026-06-30T22:02:16Z,2026-07-01T00:02:16+0200,0f2c1f14-db75-409f-ba89-d4cf4b8f7c81,2026-06-17T06:15:00Z,2026-06-17T08:15:00+0200,790.26,MW,FR,FR,actual_onshore_wind_generation,Wind Onshore,2026-06-30T22:03:10Z
2026-06-30T22:02:16Z,2026-07-01T00:02:16+0200,0f2c1f14-db75-409f-ba89-d4cf4b8f7c81,2026-06-17T06:30:00Z,2026-06-17T08:30:00+0200,743.29,MW,FR,FR,actual_onshore_wind_generation,Wind Onshore,2026-06-30T22:03:10Z
2026-06-30T22:02:16Z,2026-07-01T00:02:16+0200,0f2c1f14-db75-409f-ba89-d4cf4b8f7c81,2026-06-17T06:45:00Z,2026-06-17T08:45:00+0200,712.2,MW,FR,FR,actual_onshore_wind_generation,Wind Onshore,2026-06-30T22:03:10Z
2026-06-30T22:02:16Z,2026-07-01T00:02:16+0200,0f2c1f14-db75-409f-ba89-d4cf4b8f7c81,2026-06-17T07:00:00Z,2026-06-17T09:00:00+0200,696.4,MW,FR,FR,actual_onshore_wind_generation,Wind Onshore,2026-06-30T22:03:10Z
2026-06-30T22:02:16Z,2026-07-01T00:02:16+0200,0f2c1f14-db75-409f-ba89-d4cf4b8f7c81,2026-06-17T07:15:00Z,2026-06-17T09:15:00+0200,667.32,MW,FR,FR,actual_onshore_wind_generation,Wind Onshore,2026-06-30T22:03:10Z
2026-06-30T22:02:16Z,2026-07-01T00:02:16+0200,0f2c1f14-db75-409f-ba89-d4cf4b8f7c81,2026-06-17T07:30:00Z,2026-06-17T09:30:00+0200,670.54,MW,FR,FR,actual_onshore_wind_generation,Wind Onshore,2026-06-30T22:03:10Z
2026-06-30T22:02:16Z,2026-07-01T00:02:16+0200,0f2c1f14-db75-409f-ba89-d4cf4b8f7c81,2026-06-17T07:45:00Z,2026-06-17T09:45:00+0200,713.62,MW,FR,FR,actual_onshore_wind_generation,Wind Onshore,2026-06-30T22:03:10Z
2026-06-30T22:02:16Z,2026-07-01T00:02:16+0200,0f2c1f14-db75-409f-ba89-d4cf4b8f7c81,2026-06-17T08:00:00Z,2026-06-17T10:00:00+0200,745.04,MW,FR,FR,actual_onshore_wind_generation,Wind Onshore,2026-06-30T22:03:10Z
2026-06-30T22:02:16Z,2026-07-01T00:02:16+0200,0f2c1f14-db75-409f-ba89-d4cf4b8f7c81,2026-06-17T08:15:00Z,2026-06-17T10:15:00+0200,759.61,MW,FR,FR,actual_onshore_wind_generation,Wind Onshore,2026-06-30T22:03:10Z
2026-06-30T22:02:16Z,2026-07-01T00:02:16+0200,0f2c1f14-db75-409f-ba89-d4cf4b8f7c81,2026-06-17T08:30:00Z,2026-06-17T10:30:00+0200,763.54,MW,FR,FR,actual_onshore_wind_generation,Wind Onshore,2026-06-30T22:03:10Z
2026-06-30T22:02:16Z,2026-07-01T00:02:16+0200,0f2c1f14-db75-409f-ba89-d4cf4b8f7c81,2026-06-17T08:45:00Z,2026-06-17T10:45:00+0200,752.87,MW,FR,FR,actual_onshore_wind_generation,Wind Onshore,2026-06-30T22:03:10Z
2026-06-30T22:02:16Z,2026-07-01T00:02:16+0200,0f2c1f14-db75-409f-ba89-d4cf4b8f7c81,2026-06-17T09:00:00Z,2026-06-17T11:00:00+0200,771.84,MW,FR,FR,actual_onshore_wind_generation,Wind Onshore,2026-06-30T22:03:10Z
2026-06-30T22:02:16Z,2026-07-01T00:02:16+0200,0f2c1f14-db75-409f-ba89-d4cf4b8f7c81,2026-06-17T09:15:00Z,2026-06-17T11:15:00+0200,803.54,MW,FR,FR,actual_onshore_wind_generation,Wind Onshore,2026-06-30T22:03:10Z
2026-06-30T22:02:16Z,2026-07-01T00:02:16+0200,0f2c1f14-db75-409f-ba89-d4cf4b8f7c81,2026-06-17T09:30:00Z,2026-06-17T11:30:00+0200,800.21,MW,FR,FR,actual_onshore_wind_generation,Wind Onshore,2026-06-30T22:03:10Z
2026-06-30T22:02:16Z,2026-07-01T00:02:16+0200,0f2c1f14-db75-409f-ba89-d4cf4b8f7c81,2026-06-17T09:45:00Z,2026-06-17T11:45:00+0200,819.41,MW,FR,FR,actual_onshore_wind_generation,Wind Onshore,2026-06-30T22:03:10Z
2026-06-30T22:02:16Z,2026-07-01T00:02:16+0200,0f2c1f14-db75-409f-ba89-d4cf4b8f7c81,2026-06-17T10:00:00Z,2026-06-17T12:00:00+0200,832.27,MW,FR,FR,actual_onshore_wind_generation,Wind Onshore,2026-06-30T22:03:10Z
2026-06-30T22:02:16Z,2026-07-01T00:02:16+0200,0f2c1f14-db75-409f-ba89-d4cf4b8f7c81,2026-06-17T10:15:00Z,2026-06-17T12:15:00+0200,876.18,MW,FR,FR,actual_onshore_wind_generation,Wind Onshore,2026-06-30T22:03:10Z
2026-06-30T22:02:16Z,2026-07-01T00:02:16+0200,0f2c1f14-db75-409f-ba89-d4cf4b8f7c81,2026-06-17T10:30:00Z,2026-06-17T12:30:00+0200,906.12,MW,FR,FR,actual_onshore_wind_generation,Wind Onshore,2026-06-30T22:03:10Z
2026-06-30T22:02:16Z,2026-07-01T00:02:16+0200,0f2c1f14-db75-409f-ba89-d4cf4b8f7c81,2026-06-17T10:45:00Z,2026-06-17T12:45:00+0200,927.58,MW,FR,FR,actual_onshore_wind_generation,Wind Onshore,2026-06-30T22:03:10Z
2026-06-30T22:02:16Z,2026-07-01T00:02:16+0200,0f2c1f14-db75-409f-ba89-d4cf4b8f7c81,2026-06-17T11:00:00Z,2026-06-17T13:00:00+0200,928.36,MW,FR,FR,actual_onshore_wind_generation,Wind Onshore,2026-06-30T22:03:10Z
2026-06-30T22:02:16Z,2026-07-01T00:02:16+0200,0f2c1f14-db75-409f-ba89-d4cf4b8f7c81,2026-06-17T11:15:00Z,2026-06-17T13:15:00+0200,897.94,MW,FR,FR,actual_onshore_wind_generation,Wind Onshore,2026-06-30T22:03:10Z
2026-06-30T22:02:16Z,2026-07-01T00:02:16+0200,0f2c1f14-db75-409f-ba89-d4cf4b8f7c81,2026-06-17T11:30:00Z,2026-06-17T13:30:00+0200,895.57,MW,FR,FR,actual_onshore_wind_generation,Wind Onshore,2026-06-30T22:03:10Z
2026-06-30T22:02:16Z,2026-07-01T00:02:16+0200,0f2c1f14-db75-409f-ba89-d4cf4b8f7c81,2026-06-17T11:45:00Z,2026-06-17T13:45:00+0200,884.41,MW,FR,FR,actual_onshore_wind_generation,Wind Onshore,2026-06-30T22:03:10Z
2026-06-30T22:02:16Z,2026-07-01T00:02:16+0200,0f2c1f14-db75-409f-ba89-d4cf4b8f7c81,2026-06-17T12:00:00Z,2026-06-17T14:00:00+0200,891.34,MW,FR,FR,actual_onshore_wind_generation,Wind Onshore,2026-06-30T22:03:10Z
2026-06-30T22:02:16Z,2026-07-01T00:02:16+0200,0f2c1f14-db75-409f-ba89-d4cf4b8f7c81,2026-06-17T12:15:00Z,2026-06-17T14:15:00+0200,887.53,MW,FR,FR,actual_onshore_wind_generation,Wind Onshore,2026-06-30T22:03:10Z
2026-06-30T22:02:16Z,2026-07-01T00:02:16+0200,0f2c1f14-db75-409f-ba89-d4cf4b8f7c81,2026-06-17T12:30:00Z,2026-06-17T14:30:00+0200,869.51,MW,FR,FR,actual_onshore_wind_generation,Wind Onshore,2026-06-30T22:03:10Z
2026-06-30T22:02:16Z,2026-07-01T00:02:16+0200,0f2c1f14-db75-409f-ba89-d4cf4b8f7c81,2026-06-17T12:45:00Z,2026-06-17T14:45:00+0200,862.47,MW,FR,FR,actual_onshore_wind_generation,Wind Onshore,2026-06-30T22:03:10Z
2026-06-30T22:02:16Z,2026-07-01T00:02:16+0200,0f2c1f14-db75-409f-ba89-d4cf4b8f7c81,2026-06-17T13:00:00Z,2026-06-17T15:00:00+0200,884.54,MW,FR,FR,actual_onshore_wind_generation,Wind Onshore,2026-06-30T22:03:10Z
2026-06-30T22:02:16Z,2026-07-01T00:02:16+0200,0f2c1f14-db75-409f-ba89-d4cf4b8f7c81,2026-06-17T13:15:00Z,2026-06-17T15:15:00+0200,884.42,MW,FR,FR,actual_onshore_wind_generation,Wind Onshore,2026-06-30T22:03:10Z
2026-06-30T22:02:16Z,2026-07-01T00:02:16+0200,0f2c1f14-db75-409f-ba89-d4cf4b8f7c81,2026-06-17T13:30:00Z,2026-06-17T15:30:00+0200,889.49,MW,FR,FR,actual_onshore_wind_generation,Wind Onshore,2026-06-30T22:03:10Z
2026-06-30T22:02:16Z,2026-07-01T00:02:16+0200,0f2c1f14-db75-409f-ba89-d4cf4b8f7c81,2026-06-17T13:45:00Z,2026-06-17T15:45:00+0200,914.03,MW,FR,FR,actual_onshore_wind_generation,Wind Onshore,2026-06-30T22:03:10Z
2026-06-30T22:02:16Z,2026-07-01T00:02:16+0200,0f2c1f14-db75-409f-ba89-d4cf4b8f7c81,2026-06-17T14:00:00Z,2026-06-17T16:00:00+0200,944.71,MW,FR,FR,actual_onshore_wind_generation,Wind Onshore,2026-06-30T22:03:10Z
2026-06-30T22:02:16Z,2026-07-01T00:02:16+0200,0f2c1f14-db75-409f-ba89-d4cf4b8f7c81,2026-06-17T14:15:00Z,2026-06-17T16:15:00+0200,959.23,MW,FR,FR,actual_onshore_wind_generation,Wind Onshore,2026-06-30T22:03:10Z
2026-06-30T22:02:16Z,2026-07-01T00:02:16+0200,0f2c1f14-db75-409f-ba89-d4cf4b8f7c81,2026-06-17T14:30:00Z,2026-06-17T16:30:00+0200,965.51,MW,FR,FR,actual_onshore_wind_generation,Wind Onshore,2026-06-30T22:03:10Z
2026-06-30T22:02:16Z,2026-07-01T00:02:16+0200,0f2c1f14-db75-409f-ba89-d4cf4b8f7c81,2026-06-17T14:45:00Z,2026-06-17T16:45:00+0200,974.02,MW,FR,FR,actual_onshore_wind_generation,Wind Onshore,2026-06-30T22:03:10Z
2026-06-30T22:02:16Z,2026-07-01T00:02:16+0200,0f2c1f14-db75-409f-ba89-d4cf4b8f7c81,2026-06-17T15:00:00Z,2026-06-17T17:00:00+0200,992.04,MW,FR,FR,actual_onshore_wind_generation,Wind Onshore,2026-06-30T22:03:10Z
2026-06-30T22:02:16Z,2026-07-01T00:02:16+0200,0f2c1f14-db75-409f-ba89-d4cf4b8f7c81,2026-06-17T15:15:00Z,2026-06-17T17:15:00+0200,1002.05,MW,FR,FR,actual_onshore_wind_generation,Wind Onshore,2026-06-30T22:03:10Z
2026-06-30T22:02:16Z,2026-07-01T00:02:16+0200,0f2c1f14-db75-409f-ba89-d4cf4b8f7c81,2026-06-17T15:30:00Z,2026-06-17T17:30:00+0200,983.98,MW,FR,FR,actual_onshore_wind_generation,Wind Onshore,2026-06-30T22:03:10Z
2026-06-30T22:02:16Z,2026-07-01T00:02:16+0200,0f2c1f14-db75-409f-ba89-d4cf4b8f7c81,2026-06-17T15:45:00Z,2026-06-17T17:45:00+0200,961.56,MW,FR,FR,actual_onshore_wind_generation,Wind Onshore,2026-06-30T22:03:10Z
2026-06-30T22:02:16Z,2026-07-01T00:02:16+0200,0f2c1f14-db75-409f-ba89-d4cf4b8f7c81,2026-06-17T16:00:00Z,2026-06-17T18:00:00+0200,939.65,MW,FR,FR,actual_onshore_wind_generation,Wind Onshore,2026-06-30T22:03:10Z
2026-06-30T22:02:16Z,2026-07-01T00:02:16+0200,0f2c1f14-db75-409f-ba89-d4cf4b8f7c81,2026-06-17T16:15:00Z,2026-06-17T18:15:00+0200,930.6,MW,FR,FR,actual_onshore_wind_generation,Wind Onshore,2026-06-30T22:03:10Z
2026-06-30T22:02:16Z,2026-07-01T00:02:16+0200,0f2c1f14-db75-409f-ba89-d4cf4b8f7c81,2026-06-17T16:30:00Z,2026-06-17T18:30:00+0200,911.15,MW,FR,FR,actual_onshore_wind_generation,Wind Onshore,2026-06-30T22:03:10Z
2026-06-30T22:02:16Z,2026-07-01T00:02:16+0200,0f2c1f14-db75-409f-ba89-d4cf4b8f7c81,2026-06-17T16:45:00Z,2026-06-17T18:45:00+0200,891.83,MW,FR,FR,actual_onshore_wind_generation,Wind Onshore,2026-06-30T22:03:10Z
2026-06-30T22:02:16Z,2026-07-01T00:02:16+0200,0f2c1f14-db75-409f-ba89-d4cf4b8f7c81,2026-06-17T17:00:00Z,2026-06-17T19:00:00+0200,870.42,MW,FR,FR,actual_onshore_wind_generation,Wind Onshore,2026-06-30T22:03:10Z
2026-06-30T22:02:16Z,2026-07-01T00:02:16+0200,0f2c1f14-db75-409f-ba89-d4cf4b8f7c81,2026-06-17T17:15:00Z,2026-06-17T19:15:00+0200,858.38,MW,FR,FR,actual_onshore_wind_generation,Wind Onshore,2026-06-30T22:03:10Z
2026-06-30T22:02:16Z,2026-07-01T00:02:16+0200,0f2c1f14-db75-409f-ba89-d4cf4b8f7c81,2026-06-17T17:30:00Z,2026-06-17T19:30:00+0200,865.06,MW,FR,FR,actual_onshore_wind_generation,Wind Onshore,2026-06-30T22:03:10Z
2026-06-30T22:02:16Z,2026-07-01T00:02:16+0200,0f2c1f14-db75-409f-ba89-d4cf4b8f7c81,2026-06-17T17:45:00Z,2026-06-17T19:45:00+0200,905.92,MW,FR,FR,actual_onshore_wind_generation,Wind Onshore,2026-06-30T22:03:10Z
2026-06-30T22:02:16Z,2026-07-01T00:02:16+0200,0f2c1f14-db75-409f-ba89-d4cf4b8f7c81,2026-06-17T18:00:00Z,2026-06-17T20:00:00+0200,961.49,MW,FR,FR,actual_onshore_wind_generation,Wind Onshore,2026-06-30T22:03:10Z
2026-06-30T22:02:16Z,2026-07-01T00:02:16+0200,0f2c1f14-db75-409f-ba89-d4cf4b8f7c81,2026-06-17T18:15:00Z,2026-06-17T20:15:00+0200,1006.46,MW,FR,FR,actual_onshore_wind_generation,Wind Onshore,2026-06-30T22:03:10Z
2026-06-30T22:02:16Z,2026-07-01T00:02:16+0200,0f2c1f14-db75-409f-ba89-d4cf4b8f7c81,2026-06-17T18:30:00Z,2026-06-17T20:30:00+0200,1086.04,MW,FR,FR,actual_onshore_wind_generation,Wind Onshore,2026-06-30T22:03:10Z
2026-06-30T22:02:16Z,2026-07-01T00:02:16+0200,0f2c1f14-db75-409f-ba89-d4cf4b8f7c81,2026-06-17T18:45:00Z,2026-06-17T20:45:00+0200,1152.9,MW,FR,FR,actual_onshore_wind_generation,Wind Onshore,2026-06-30T22:03:10Z
2026-06-30T22:02:16Z,2026-07-01T00:02:16+0200,0f2c1f14-db75-409f-ba89-d4cf4b8f7c81,2026-06-17T19:00:00Z,2026-06-17T21:00:00+0200,1182.7,MW,FR,FR,actual_onshore_wind_generation,Wind Onshore,2026-06-30T22:03:10Z
2026-06-30T22:02:16Z,2026-07-01T00:02:16+0200,0f2c1f14-db75-409f-ba89-d4cf4b8f7c81,2026-06-17T19:15:00Z,2026-06-17T21:15:00+0200,1256.46,MW,FR,FR,actual_onshore_wind_generation,Wind Onshore,2026-06-30T22:03:10Z
2026-06-30T22:02:16Z,2026-07-01T00:02:16+0200,0f2c1f14-db75-409f-ba89-d4cf4b8f7c81,2026-06-17T19:30:00Z,2026-06-17T21:30:00+0200,1342.59,MW,FR,FR,actual_onshore_wind_generation,Wind Onshore,2026-06-30T22:03:10Z
2026-06-30T22:02:16Z,2026-07-01T00:02:16+0200,0f2c1f14-db75-409f-ba89-d4cf4b8f7c81,2026-06-17T19:45:00Z,2026-06-17T21:45:00+0200,1402.52,MW,FR,FR,actual_onshore_wind_generation,Wind Onshore,2026-06-30T22:03:10Z
2026-06-30T22:02:16Z,2026-07-01T00:02:16+0200,0f2c1f14-db75-409f-ba89-d4cf4b8f7c81,2026-06-17T20:00:00Z,2026-06-17T22:00:00+0200,1447.06,MW,FR,FR,actual_onshore_wind_generation,Wind Onshore,2026-06-30T22:03:10Z
2026-06-30T22:02:16Z,2026-07-01T00:02:16+0200,0f2c1f14-db75-409f-ba89-d4cf4b8f7c81,2026-06-17T20:15:00Z,2026-06-17T22:15:00+0200,1503.81,MW,FR,FR,actual_onshore_wind_generation,Wind Onshore,2026-06-30T22:03:10Z
2026-06-30T22:02:16Z,2026-07-01T00:02:16+0200,0f2c1f14-db75-409f-ba89-d4cf4b8f7c81,2026-06-17T20:30:00Z,2026-06-17T22:30:00+0200,1577.56,MW,FR,FR,actual_onshore_wind_generation,Wind Onshore,2026-06-30T22:03:10Z
2026-06-30T22:02:16Z,2026-07-01T00:02:16+0200,0f2c1f14-db75-409f-ba89-d4cf4b8f7c81,2026-06-17T20:45:00Z,2026-06-17T22:45:00+0200,1648.39,MW,FR,FR,actual_onshore_wind_generation,Wind Onshore,2026-06-30T22:03:10Z
2026-06-30T22:02:16Z,2026-07-01T00:02:16+0200,0f2c1f14-db75-409f-ba89-d4cf4b8f7c81,2026-06-17T21:00:00Z,2026-06-17T23:00:00+0200,1660.52,MW,FR,FR,actual_onshore_wind_generation,Wind Onshore,2026-06-30T22:03:10Z
2026-06-30T22:02:16Z,2026-07-01T00:02:16+0200,0f2c1f14-db75-409f-ba89-d4cf4b8f7c81,2026-06-17T21:15:00Z,2026-06-17T23:15:00+0200,1635.93,MW,FR,FR,actual_onshore_wind_generation,Wind Onshore,2026-06-30T22:03:10Z
2026-06-30T22:02:16Z,2026-07-01T00:02:16+0200,0f2c1f14-db75-409f-ba89-d4cf4b8f7c81,2026-06-17T21:30:00Z,2026-06-17T23:30:00+0200,1651.37,MW,FR,FR,actual_onshore_wind_generation,Wind Onshore,2026-06-30T22:03:10Z
2026-06-30T22:02:16Z,2026-07-01T00:02:16+0200,0f2c1f14-db75-409f-ba89-d4cf4b8f7c81,2026-06-17T21:45:00Z,2026-06-17T23:45:00+0200,1640.8,MW,FR,FR,actual_onshore_wind_generation,Wind Onshore,2026-06-30T22:03:10Z
2026-06-30T22:02:16Z,2026-07-01T00:02:16+0200,0f2c1f14-db75-409f-ba89-d4cf4b8f7c81,2026-06-17T22:00:00Z,2026-06-18T00:00:00+0200,1667.5,MW,FR,FR,actual_onshore_wind_generation,Wind Onshore,2026-06-30T22:03:10Z
2026-06-30T22:02:16Z,2026-07-01T00:02:16+0200,0f2c1f14-db75-409f-ba89-d4cf4b8f7c81,2026-06-17T22:15:00Z,2026-06-18T00:15:00+0200,1702.46,MW,FR,FR,actual_onshore_wind_generation,Wind Onshore,2026-06-30T22:03:10Z
2026-06-30T22:02:16Z,2026-07-01T00:02:16+0200,0f2c1f14-db75-409f-ba89-d4cf4b8f7c81,2026-06-17T22:30:00Z,2026-06-18T00:30:00+0200,1735.19,MW,FR,FR,actual_onshore_wind_generation,Wind Onshore,2026-06-30T22:03:10Z
2026-06-30T22:02:16Z,2026-07-01T00:02:16+0200,0f2c1f14-db75-409f-ba89-d4cf4b8f7c81,2026-06-17T22:45:00Z,2026-06-18T00:45:00+0200,1758.9,MW,FR,FR,actual_onshore_wind_generation,Wind Onshore,2026-06-30T22:03:10Z
2026-06-30T22:02:16Z,2026-07-01T00:02:16+0200,0f2c1f14-db75-409f-ba89-d4cf4b8f7c81,2026-06-17T23:00:00Z,2026-06-18T01:00:00+0200,1756.77,MW,FR,FR,actual_onshore_wind_generation,Wind Onshore,2026-06-30T22:03:10Z
2026-06-30T22:02:16Z,2026-07-01T00:02:16+0200,0f2c1f14-db75-409f-ba89-d4cf4b8f7c81,2026-06-17T23:15:00Z,2026-06-18T01:15:00+0200,1710.37,MW,FR,FR,actual_onshore_wind_generation,Wind Onshore,2026-06-30T22:03:10Z
2026-06-30T22:02:16Z,2026-07-01T00:02:16+0200,0f2c1f14-db75-409f-ba89-d4cf4b8f7c81,2026-06-17T23:30:00Z,2026-06-18T01:30:00+0200,1704.02,MW,FR,FR,actual_onshore_wind_generation,Wind Onshore,2026-06-30T22:03:10Z
2026-06-30T22:02:16Z,2026-07-01T00:02:16+0200,0f2c1f14-db75-409f-ba89-d4cf4b8f7c81,2026-06-17T23:45:00Z,2026-06-18T01:45:00+0200,1698.13,MW,FR,FR,actual_onshore_wind_generation,Wind Onshore,2026-06-30T22:03:10Z
2026-06-30T22:02:16Z,2026-07-01T00:02:16+0200,0f2c1f14-db75-409f-ba89-d4cf4b8f7c81,2026-06-18T00:00:00Z,2026-06-18T02:00:00+0200,1698.72,MW,FR,FR,actual_onshore_wind_generation,Wind Onshore,2026-06-30T22:03:10Z
2026-06-30T22:02:16Z,2026-07-01T00:02:16+0200,0f2c1f14-db75-409f-ba89-d4cf4b8f7c81,2026-06-18T00:15:00Z,2026-06-18T02:15:00+0200,1694.57,MW,FR,FR,actual_onshore_wind_generation,Wind Onshore,2026-06-30T22:03:10Z
2026-06-30T22:02:16Z,2026-07-01T00:02:16+0200,0f2c1f14-db75-409f-ba89-d4cf4b8f7c81,2026-06-18T00:30:00Z,2026-06-18T02:30:00+0200,1649.43,MW,FR,FR,actual_onshore_wind_generation,Wind Onshore,2026-06-30T22:03:10Z
2026-06-30T22:02:16Z,2026-07-01T00:02:16+0200,0f2c1f14-db75-409f-ba89-d4cf4b8f7c81,2026-06-18T00:45:00Z,2026-06-18T02:45:00+0200,1646.91,MW,FR,FR,actual_onshore_wind_generation,Wind Onshore,2026-06-30T22:03:10Z
2026-06-30T22:02:16Z,2026-07-01T00:02:16+0200,0f2c1f14-db75-409f-ba89-d4cf4b8f7c81,2026-06-18T01:00:00Z,2026-06-18T03:00:00+0200,1644.19,MW,FR,FR,actual_onshore_wind_generation,Wind Onshore,2026-06-30T22:03:10Z
2026-06-30T22:02:16Z,2026-07-01T00:02:16+0200,0f2c1f14-db75-409f-ba89-d4cf4b8f7c81,2026-06-18T01:15:00Z,2026-06-18T03:15:00+0200,1629.16,MW,FR,FR,actual_onshore_wind_generation,Wind Onshore,2026-06-30T22:03:10Z
2026-06-30T22:02:16Z,2026-07-01T00:02:16+0200,0f2c1f14-db75-409f-ba89-d4cf4b8f7c81,2026-06-18T01:30:00Z,2026-06-18T03:30:00+0200,1600.37,MW,FR,FR,actual_onshore_wind_generation,Wind Onshore,2026-06-30T22:03:10Z
2026-06-30T22:02:16Z,2026-07-01T00:02:16+0200,0f2c1f14-db75-409f-ba89-d4cf4b8f7c81,2026-06-18T01:45:00Z,2026-06-18T03:45:00+0200,1556.86,MW,FR,FR,actual_onshore_wind_generation,Wind Onshore,2026-06-30T22:03:10Z
2026-06-30T22:02:16Z,2026-07-01T00:02:16+0200,0f2c1f14-db75-409f-ba89-d4cf4b8f7c81,2026-06-18T02:00:00Z,2026-06-18T04:00:00+0200,1533.79,MW,FR,FR,actual_onshore_wind_generation,Wind Onshore,2026-06-30T22:03:10Z
2026-06-30T22:02:16Z,2026-07-01T00:02:16+0200,0f2c1f14-db75-409f-ba89-d4cf4b8f7c81,2026-06-18T02:15:00Z,2026-06-18T04:15:00+0200,1481.7,MW,FR,FR,actual_onshore_wind_generation,Wind Onshore,2026-06-30T22:03:10Z
2026-06-30T22:02:16Z,2026-07-01T00:02:16+0200,0f2c1f14-db75-409f-ba89-d4cf4b8f7c81,2026-06-18T02:30:00Z,2026-06-18T04:30:00+0200,1428.57,MW,FR,FR,actual_onshore_wind_generation,Wind Onshore,2026-06-30T22:03:10Z
2026-06-30T22:02:16Z,2026-07-01T00:02:16+0200,0f2c1f14-db75-409f-ba89-d4cf4b8f7c81,2026-06-18T02:45:00Z,2026-06-18T04:45:00+0200,1382.84,MW,FR,FR,actual_onshore_wind_generation,Wind Onshore,2026-06-30T22:03:10Z
2026-06-30T22:02:16Z,2026-07-01T00:02:16+0200,0f2c1f14-db75-409f-ba89-d4cf4b8f7c81,2026-06-18T03:00:00Z,2026-06-18T05:00:00+0200,1384.46,MW,FR,FR,actual_onshore_wind_generation,Wind Onshore,2026-06-30T22:03:10Z
2026-06-30T22:02:16Z,2026-07-01T00:02:16+0200,0f2c1f14-db75-409f-ba89-d4cf4b8f7c81,2026-06-18T03:15:00Z,2026-06-18T05:15:00+0200,1389.48,MW,FR,FR,actual_onshore_wind_generation,Wind Onshore,2026-06-30T22:03:10Z
2026-06-30T22:02:16Z,2026-07-01T00:02:16+0200,0f2c1f14-db75-409f-ba89-d4cf4b8f7c81,2026-06-18T03:30:00Z,2026-06-18T05:30:00+0200,1317.36,MW,FR,FR,actual_onshore_wind_generation,Wind Onshore,2026-06-30T22:03:10Z
2026-06-30T22:02:16Z,2026-07-01T00:02:16+0200,0f2c1f14-db75-409f-ba89-d4cf4b8f7c81,2026-06-18T03:45:00Z,2026-06-18T05:45:00+0200,1290.98,MW,FR,FR,actual_onshore_wind_generation,Wind Onshore,2026-06-30T22:03:10Z
2026-06-30T22:02:16Z,2026-07-01T00:02:16+0200,0f2c1f14-db75-409f-ba89-d4cf4b8f7c81,2026-06-18T04:00:00Z,2026-06-18T06:00:00+0200,1305.29,MW,FR,FR,actual_onshore_wind_generation,Wind Onshore,2026-06-30T22:03:10Z
2026-06-30T22:02:16Z,2026-07-01T00:02:16+0200,0f2c1f14-db75-409f-ba89-d4cf4b8f7c81,2026-06-18T04:15:00Z,2026-06-18T06:15:00+0200,1387.45,MW,FR,FR,actual_onshore_wind_generation,Wind Onshore,2026-06-30T22:03:10Z
2026-06-30T22:02:16Z,2026-07-01T00:02:16+0200,0f2c1f14-db75-409f-ba89-d4cf4b8f7c81,2026-06-18T04:30:00Z,2026-06-18T06:30:00+0200,1415.08,MW,FR,FR,actual_onshore_wind_generation,Wind Onshore,2026-06-30T22:03:10Z
2026-06-30T22:02:16Z,2026-07-01T00:02:16+0200,0f2c1f14-db75-409f-ba89-d4cf4b8f7c81,2026-06-18T04:45:00Z,2026-06-18T06:45:00+0200,1454.12,MW,FR,FR,actual_onshore_wind_generation,Wind Onshore,2026-06-30T22:03:10Z
2026-06-30T22:02:16Z,2026-07-01T00:02:16+0200,0f2c1f14-db75-409f-ba89-d4cf4b8f7c81,2026-06-18T05:00:00Z,2026-06-18T07:00:00+0200,1448.05,MW,FR,FR,actual_onshore_wind_generation,Wind Onshore,2026-06-30T22:03:10Z
2026-06-30T22:02:16Z,2026-07-01T00:02:16+0200,0f2c1f14-db75-409f-ba89-d4cf4b8f7c81,2026-06-18T05:15:00Z,2026-06-18T07:15:00+0200,1417.84,MW,FR,FR,actual_onshore_wind_generation,Wind Onshore,2026-06-30T22:03:10Z
2026-06-30T22:02:16Z,2026-07-01T00:02:16+0200,0f2c1f14-db75-409f-ba89-d4cf4b8f7c81,2026-06-18T05:30:00Z,2026-06-18T07:30:00+0200,1361.94,MW,FR,FR,actual_onshore_wind_generation,Wind Onshore,2026-06-30T22:03:10Z
2026-06-30T22:02:16Z,2026-07-01T00:02:16+0200,0f2c1f14-db75-409f-ba89-d4cf4b8f7c81,2026-06-18T05:45:00Z,2026-06-18T07:45:00+0200,1269.4,MW,FR,FR,actual_onshore_wind_generation,Wind Onshore,2026-06-30T22:03:10Z
2026-06-30T22:02:16Z,2026-07-01T00:02:16+0200,0f2c1f14-db75-409f-ba89-d4cf4b8f7c81,2026-06-18T06:00:00Z,2026-06-18T08:00:00+0200,1143.24,MW,FR,FR,actual_onshore_wind_generation,Wind Onshore,2026-06-30T22:03:10Z
2026-06-30T22:02:16Z,2026-07-01T00:02:16+0200,0f2c1f14-db75-409f-ba89-d4cf4b8f7c81,2026-06-18T06:15:00Z,2026-06-18T08:15:00+0200,1036.02,MW,FR,FR,actual_onshore_wind_generation,Wind Onshore,2026-06-30T22:03:10Z
2026-06-30T22:02:16Z,2026-07-01T00:02:16+0200,0f2c1f14-db75-409f-ba89-d4cf4b8f7c81,2026-06-18T06:30:00Z,2026-06-18T08:30:00+0200,934.25,MW,FR,FR,actual_onshore_wind_generation,Wind Onshore,2026-06-30T22:03:10Z
2026-06-30T22:02:16Z,2026-07-01T00:02:16+0200,0f2c1f14-db75-409f-ba89-d4cf4b8f7c81,2026-06-18T06:45:00Z,2026-06-18T08:45:00+0200,862.33,MW,FR,FR,actual_onshore_wind_generation,Wind Onshore,2026-06-30T22:03:10Z
2026-06-30T22:02:16Z,2026-07-01T00:02:16+0200,0f2c1f14-db75-409f-ba89-d4cf4b8f7c81,2026-06-18T07:00:00Z,2026-06-18T09:00:00+0200,797.95,MW,FR,FR,actual_onshore_wind_generation,Wind Onshore,2026-06-30T22:03:10Z
2026-06-30T22:02:16Z,2026-07-01T00:02:16+0200,0f2c1f14-db75-409f-ba89-d4cf4b8f7c81,2026-06-18T07:15:00Z,2026-06-18T09:15:00+0200,753.09,MW,FR,FR,actual_onshore_wind_generation,Wind Onshore,2026-06-30T22:03:10Z
2026-06-30T22:02:16Z,2026-07-01T00:02:16+0200,0f2c1f14-db75-409f-ba89-d4cf4b8f7c81,2026-06-18T07:30:00Z,2026-06-18T09:30:00+0200,717.12,MW,FR,FR,actual_onshore_wind_generation,Wind Onshore,2026-06-30T22:03:10Z
2026-06-30T22:02:16Z,2026-07-01T00:02:16+0200,0f2c1f14-db75-409f-ba89-d4cf4b8f7c81,2026-06-18T07:45:00Z,2026-06-18T09:45:00+0200,678.33,MW,FR,FR,actual_onshore_wind_generation,Wind Onshore,2026-06-30T22:03:10Z
2026-06-30T22:02:16Z,2026-07-01T00:02:16+0200,0f2c1f14-db75-409f-ba89-d4cf4b8f7c81,2026-06-18T08:00:00Z,2026-06-18T10:00:00+0200,689.51,MW,FR,FR,actual_onshore_wind_generation,Wind Onshore,2026-06-30T22:03:10Z
2026-06-30T22:02:16Z,2026-07-01T00:02:16+0200,0f2c1f14-db75-409f-ba89-d4cf4b8f7c81,2026-06-18T08:15:00Z,2026-06-18T10:15:00+0200,690.42,MW,FR,FR,actual_onshore_wind_generation,Wind Onshore,2026-06-30T22:03:10Z
2026-06-30T22:02:16Z,2026-07-01T00:02:16+0200,0f2c1f14-db75-409f-ba89-d4cf4b8f7c81,2026-06-18T08:30:00Z,2026-06-18T10:30:00+0200,709.01,MW,FR,FR,actual_onshore_wind_generation,Wind Onshore,2026-06-30T22:03:10Z
2026-06-30T22:02:16Z,2026-07-01T00:02:16+0200,0f2c1f14-db75-409f-ba89-d4cf4b8f7c81,2026-06-18T08:45:00Z,2026-06-18T10:45:00+0200,719.69,MW,FR,FR,actual_onshore_wind_generation,Wind Onshore,2026-06-30T22:03:10Z
2026-06-30T22:02:16Z,2026-07-01T00:02:16+0200,0f2c1f14-db75-409f-ba89-d4cf4b8f7c81,2026-06-18T09:00:00Z,2026-06-18T11:00:00+0200,749.72,MW,FR,FR,actual_onshore_wind_generation,Wind Onshore,2026-06-30T22:03:10Z
2026-06-30T22:02:16Z,2026-07-01T00:02:16+0200,0f2c1f14-db75-409f-ba89-d4cf4b8f7c81,2026-06-18T09:15:00Z,2026-06-18T11:15:00+0200,802.87,MW,FR,FR,actual_onshore_wind_generation,Wind Onshore,2026-06-30T22:03:10Z
2026-06-30T22:02:16Z,2026-07-01T00:02:16+0200,0f2c1f14-db75-409f-ba89-d4cf4b8f7c81,2026-06-18T09:30:00Z,2026-06-18T11:30:00+0200,867.09,MW,FR,FR,actual_onshore_wind_generation,Wind Onshore,2026-06-30T22:03:10Z
2026-06-30T22:02:16Z,2026-07-01T00:02:16+0200,0f2c1f14-db75-409f-ba89-d4cf4b8f7c81,2026-06-18T09:45:00Z,2026-06-18T11:45:00+0200,920.65,MW,FR,FR,actual_onshore_wind_generation,Wind Onshore,2026-06-30T22:03:10Z
2026-06-30T22:02:16Z,2026-07-01T00:02:16+0200,0f2c1f14-db75-409f-ba89-d4cf4b8f7c81,2026-06-18T10:00:00Z,2026-06-18T12:00:00+0200,963.98,MW,FR,FR,actual_onshore_wind_generation,Wind Onshore,2026-06-30T22:03:10Z
2026-06-30T22:02:16Z,2026-07-01T00:02:16+0200,0f2c1f14-db75-409f-ba89-d4cf4b8f7c81,2026-06-18T10:15:00Z,2026-06-18T12:15:00+0200,1011.45,MW,FR,FR,actual_onshore_wind_generation,Wind Onshore,2026-06-30T22:03:10Z
2026-06-30T22:02:16Z,2026-07-01T00:02:16+0200,0f2c1f14-db75-409f-ba89-d4cf4b8f7c81,2026-06-18T10:30:00Z,2026-06-18T12:30:00+0200,1064.64,MW,FR,FR,actual_onshore_wind_generation,Wind Onshore,2026-06-30T22:03:10Z
2026-06-30T22:02:16Z,2026-07-01T00:02:16+0200,0f2c1f14-db75-409f-ba89-d4cf4b8f7c81,2026-06-18T10:45:00Z,2026-06-18T12:45:00+0200,1129.3,MW,FR,FR,actual_onshore_wind_generation,Wind Onshore,2026-06-30T22:03:10Z
2026-06-30T22:02:16Z,2026-07-01T00:02:16+0200,0f2c1f14-db75-409f-ba89-d4cf4b8f7c81,2026-06-18T11:00:00Z,2026-06-18T13:00:00+0200,1177.36,MW,FR,FR,actual_onshore_wind_generation,Wind Onshore,2026-06-30T22:03:10Z
2026-06-30T22:02:16Z,2026-07-01T00:02:16+0200,0f2c1f14-db75-409f-ba89-d4cf4b8f7c81,2026-06-18T11:15:00Z,2026-06-18T13:15:00+0200,1223.58,MW,FR,FR,actual_onshore_wind_generation,Wind Onshore,2026-06-30T22:03:10Z
2026-06-30T22:02:16Z,2026-07-01T00:02:16+0200,0f2c1f14-db75-409f-ba89-d4cf4b8f7c81,2026-06-18T11:30:00Z,2026-06-18T13:30:00+0200,1278.51,MW,FR,FR,actual_onshore_wind_generation,Wind Onshore,2026-06-30T22:03:10Z
2026-06-30T22:02:16Z,2026-07-01T00:02:16+0200,0f2c1f14-db75-409f-ba89-d4cf4b8f7c81,2026-06-18T11:45:00Z,2026-06-18T13:45:00+0200,1272.71,MW,FR,FR,actual_onshore_wind_generation,Wind Onshore,2026-06-30T22:03:10Z
2026-06-30T22:02:16Z,2026-07-01T00:02:16+0200,0f2c1f14-db75-409f-ba89-d4cf4b8f7c81,2026-06-18T12:00:00Z,2026-06-18T14:00:00+0200,1273.83,MW,FR,FR,actual_onshore_wind_generation,Wind Onshore,2026-06-30T22:03:10Z
2026-06-30T22:02:16Z,2026-07-01T00:02:16+0200,0f2c1f14-db75-409f-ba89-d4cf4b8f7c81,2026-06-18T12:15:00Z,2026-06-18T14:15:00+0200,1290.1,MW,FR,FR,actual_onshore_wind_generation,Wind Onshore,2026-06-30T22:03:10Z
2026-06-30T22:02:16Z,2026-07-01T00:02:16+0200,0f2c1f14-db75-409f-ba89-d4cf4b8f7c81,2026-06-18T12:30:00Z,2026-06-18T14:30:00+0200,1349.52,MW,FR,FR,actual_onshore_wind_generation,Wind Onshore,2026-06-30T22:03:10Z
2026-06-30T22:02:16Z,2026-07-01T00:02:16+0200,0f2c1f14-db75-409f-ba89-d4cf4b8f7c81,2026-06-18T12:45:00Z,2026-06-18T14:45:00+0200,1365.71,MW,FR,FR,actual_onshore_wind_generation,Wind Onshore,2026-06-30T22:03:10Z
2026-06-30T22:02:16Z,2026-07-01T00:02:16+0200,0f2c1f14-db75-409f-ba89-d4cf4b8f7c81,2026-06-18T13:00:00Z,2026-06-18T15:00:00+0200,1381.71,MW,FR,FR,actual_onshore_wind_generation,Wind Onshore,2026-06-30T22:03:10Z
2026-06-30T22:02:16Z,2026-07-01T00:02:16+0200,0f2c1f14-db75-409f-ba89-d4cf4b8f7c81,2026-06-18T13:15:00Z,2026-06-18T15:15:00+0200,1410.5,MW,FR,FR,actual_onshore_wind_generation,Wind Onshore,2026-06-30T22:03:10Z
2026-06-30T22:02:16Z,2026-07-01T00:02:16+0200,0f2c1f14-db75-409f-ba89-d4cf4b8f7c81,2026-06-18T13:30:00Z,2026-06-18T15:30:00+0200,1467.6,MW,FR,FR,actual_onshore_wind_generation,Wind Onshore,2026-06-30T22:03:10Z
2026-06-30T22:02:16Z,2026-07-01T00:02:16+0200,0f2c1f14-db75-409f-ba89-d4cf4b8f7c81,2026-06-18T13:45:00Z,2026-06-18T15:45:00+0200,1520.18,MW,FR,FR,actual_onshore_wind_generation,Wind Onshore,2026-06-30T22:03:10Z
2026-06-30T22:02:16Z,2026-07-01T00:02:16+0200,0f2c1f14-db75-409f-ba89-d4cf4b8f7c81,2026-06-18T14:00:00Z,2026-06-18T16:00:00+0200,1567.24,MW,FR,FR,actual_onshore_wind_generation,Wind Onshore,2026-06-30T22:03:10Z
2026-06-30T22:02:16Z,2026-07-01T00:02:16+0200,0f2c1f14-db75-409f-ba89-d4cf4b8f7c81,2026-06-18T14:15:00Z,2026-06-18T16:15:00+0200,1593.64,MW,FR,FR,actual_onshore_wind_generation,Wind Onshore,2026-06-30T22:03:10Z
2026-06-30T22:02:16Z,2026-07-01T00:02:16+0200,0f2c1f14-db75-409f-ba89-d4cf4b8f7c81,2026-06-18T14:30:00Z,2026-06-18T16:30:00+0200,1751.43,MW,FR,FR,actual_onshore_wind_generation,Wind Onshore,2026-06-30T22:03:10Z
2026-06-30T22:02:16Z,2026-07-01T00:02:16+0200,0f2c1f14-db75-409f-ba89-d4cf4b8f7c81,2026-06-18T14:45:00Z,2026-06-18T16:45:00+0200,1780.37,MW,FR,FR,actual_onshore_wind_generation,Wind Onshore,2026-06-30T22:03:10Z
2026-06-30T22:02:16Z,2026-07-01T00:02:16+0200,0f2c1f14-db75-409f-ba89-d4cf4b8f7c81,2026-06-18T15:00:00Z,2026-06-18T17:00:00+0200,1759.98,MW,FR,FR,actual_onshore_wind_generation,Wind Onshore,2026-06-30T22:03:10Z
2026-06-30T22:02:16Z,2026-07-01T00:02:16+0200,0f2c1f14-db75-409f-ba89-d4cf4b8f7c81,2026-06-18T15:15:00Z,2026-06-18T17:15:00+0200,1798.03,MW,FR,FR,actual_onshore_wind_generation,Wind Onshore,2026-06-30T22:03:10Z
2026-06-30T22:02:16Z,2026-07-01T00:02:16+0200,0f2c1f14-db75-409f-ba89-d4cf4b8f7c81,2026-06-18T15:30:00Z,2026-06-18T17:30:00+0200,1900.22,MW,FR,FR,actual_onshore_wind_generation,Wind Onshore,2026-06-30T22:03:10Z
2026-06-30T22:02:16Z,2026-07-01T00:02:16+0200,0f2c1f14-db75-409f-ba89-d4cf4b8f7c81,2026-06-18T15:45:00Z,2026-06-18T17:45:00+0200,2035.07,MW,FR,FR,actual_onshore_wind_generation,Wind Onshore,2026-06-30T22:03:10Z
2026-06-30T22:02:16Z,2026-07-01T00:02:16+0200,0f2c1f14-db75-409f-ba89-d4cf4b8f7c81,2026-06-18T16:00:00Z,2026-06-18T18:00:00+0200,2259.04,MW,FR,FR,actual_onshore_wind_generation,Wind Onshore,2026-06-30T22:03:10Z
2026-06-30T22:02:16Z,2026-07-01T00:02:16+0200,0f2c1f14-db75-409f-ba89-d4cf4b8f7c81,2026-06-18T16:15:00Z,2026-06-18T18:15:00+0200,2478.11,MW,FR,FR,actual_onshore_wind_generation,Wind Onshore,2026-06-30T22:03:10Z
2026-06-30T22:02:16Z,2026-07-01T00:02:16+0200,0f2c1f14-db75-409f-ba89-d4cf4b8f7c81,2026-06-18T16:30:00Z,2026-06-18T18:30:00+0200,2838.82,MW,FR,FR,actual_onshore_wind_generation,Wind Onshore,2026-06-30T22:03:10Z
2026-06-30T22:02:16Z,2026-07-01T00:02:16+0200,0f2c1f14-db75-409f-ba89-d4cf4b8f7c81,2026-06-18T16:45:00Z,2026-06-18T18:45:00+0200,2974.39,MW,FR,FR,actual_onshore_wind_generation,Wind Onshore,2026-06-30T22:03:10Z
2026-06-30T22:02:16Z,2026-07-01T00:02:16+0200,0f2c1f14-db75-409f-ba89-d4cf4b8f7c81,2026-06-18T17:00:00Z,2026-06-18T19:00:00+0200,3050.25,MW,FR,FR,actual_onshore_wind_generation,Wind Onshore,2026-06-30T22:03:10Z
2026-06-30T22:02:16Z,2026-07-01T00:02:16+0200,0f2c1f14-db75-409f-ba89-d4cf4b8f7c81,2026-06-18T17:15:00Z,2026-06-18T19:15:00+0200,3021.04,MW,FR,FR,actual_onshore_wind_generation,Wind Onshore,2026-06-30T22:03:10Z
2026-06-30T22:02:16Z,2026-07-01T00:02:16+0200,0f2c1f14-db75-409f-ba89-d4cf4b8f7c81,2026-06-18T17:30:00Z,2026-06-18T19:30:00+0200,2763.63,MW,FR,FR,actual_onshore_wind_generation,Wind Onshore,2026-06-30T22:03:10Z
2026-06-30T22:02:16Z,2026-07-01T00:02:16+0200,0f2c1f14-db75-409f-ba89-d4cf4b8f7c81,2026-06-18T17:45:00Z,2026-06-18T19:45:00+0200,2518.27,MW,FR,FR,actual_onshore_wind_generation,Wind Onshore,2026-06-30T22:03:10Z
2026-06-30T22:02:16Z,2026-07-01T00:02:16+0200,0f2c1f14-db75-409f-ba89-d4cf4b8f7c81,2026-06-18T18:00:00Z,2026-06-18T20:00:00+0200,2481.95,MW,FR,FR,actual_onshore_wind_generation,Wind Onshore,2026-06-30T22:03:10Z
2026-06-30T22:02:16Z,2026-07-01T00:02:16+0200,0f2c1f14-db75-409f-ba89-d4cf4b8f7c81,2026-06-18T18:15:00Z,2026-06-18T20:15:00+0200,2540.96,MW,FR,FR,actual_onshore_wind_generation,Wind Onshore,2026-06-30T22:03:10Z
2026-06-30T22:02:16Z,2026-07-01T00:02:16+0200,0f2c1f14-db75-409f-ba89-d4cf4b8f7c81,2026-06-18T18:30:00Z,2026-06-18T20:30:00+0200,2597.91,MW,FR,FR,actual_onshore_wind_generation,Wind Onshore,2026-06-30T22:03:10Z
2026-06-30T22:02:16Z,2026-07-01T00:02:16+0200,0f2c1f14-db75-409f-ba89-d4cf4b8f7c81,2026-06-18T18:45:00Z,2026-06-18T20:45:00+0200,2658.97,MW,FR,FR,actual_onshore_wind_generation,Wind Onshore,2026-06-30T22:03:10Z
2026-06-30T22:02:16Z,2026-07-01T00:02:16+0200,0f2c1f14-db75-409f-ba89-d4cf4b8f7c81,2026-06-18T19:00:00Z,2026-06-18T21:00:00+0200,2743.89,MW,FR,FR,actual_onshore_wind_generation,Wind Onshore,2026-06-30T22:03:10Z
2026-06-30T22:02:16Z,2026-07-01T00:02:16+0200,0f2c1f14-db75-409f-ba89-d4cf4b8f7c81,2026-06-18T19:15:00Z,2026-06-18T21:15:00+0200,3052.03,MW,FR,FR,actual_onshore_wind_generation,Wind Onshore,2026-06-30T22:03:10Z
2026-06-30T22:02:16Z,2026-07-01T00:02:16+0200,0f2c1f14-db75-409f-ba89-d4cf4b8f7c81,2026-06-18T19:30:00Z,2026-06-18T21:30:00+0200,3095.16,MW,FR,FR,actual_onshore_wind_generation,Wind Onshore,2026-06-30T22:03:10Z
2026-06-30T22:02:16Z,2026-07-01T00:02:16+0200,0f2c1f14-db75-409f-ba89-d4cf4b8f7c81,2026-06-18T19:45:00Z,2026-06-18T21:45:00+0200,3369.89,MW,FR,FR,actual_onshore_wind_generation,Wind Onshore,2026-06-30T22:03:10Z
2026-06-30T22:02:16Z,2026-07-01T00:02:16+0200,0f2c1f14-db75-409f-ba89-d4cf4b8f7c81,2026-06-18T20:00:00Z,2026-06-18T22:00:00+0200,3703.18,MW,FR,FR,actual_onshore_wind_generation,Wind Onshore,2026-06-30T22:03:10Z
2026-06-30T22:02:16Z,2026-07-01T00:02:16+0200,0f2c1f14-db75-409f-ba89-d4cf4b8f7c81,2026-06-18T20:15:00Z,2026-06-18T22:15:00+0200,3862.48,MW,FR,FR,actual_onshore_wind_generation,Wind Onshore,2026-06-30T22:03:10Z
2026-06-30T22:02:16Z,2026-07-01T00:02:16+0200,0f2c1f14-db75-409f-ba89-d4cf4b8f7c81,2026-06-18T20:30:00Z,2026-06-18T22:30:00+0200,3979.92,MW,FR,FR,actual_onshore_wind_generation,Wind Onshore,2026-06-30T22:03:10Z
2026-06-30T22:02:16Z,2026-07-01T00:02:16+0200,0f2c1f14-db75-409f-ba89-d4cf4b8f7c81,2026-06-18T20:45:00Z,2026-06-18T22:45:00+0200,4131.91,MW,FR,FR,actual_onshore_wind_generation,Wind Onshore,2026-06-30T22:03:10Z
2026-06-30T22:02:16Z,2026-07-01T00:02:16+0200,0f2c1f14-db75-409f-ba89-d4cf4b8f7c81,2026-06-18T21:00:00Z,2026-06-18T23:00:00+0200,3942.92,MW,FR,FR,actual_onshore_wind_generation,Wind Onshore,2026-06-30T22:03:10Z
2026-06-30T22:02:16Z,2026-07-01T00:02:16+0200,0f2c1f14-db75-409f-ba89-d4cf4b8f7c81,2026-06-18T21:15:00Z,2026-06-18T23:15:00+0200,4025.55,MW,FR,FR,actual_onshore_wind_generation,Wind Onshore,2026-06-30T22:03:10Z
2026-06-30T22:02:16Z,2026-07-01T00:02:16+0200,0f2c1f14-db75-409f-ba89-d4cf4b8f7c81,2026-06-18T21:30:00Z,2026-06-18T23:30:00+0200,4028.33,MW,FR,FR,actual_onshore_wind_generation,Wind Onshore,2026-06-30T22:03:10Z
2026-06-30T22:02:16Z,2026-07-01T00:02:16+0200,0f2c1f14-db75-409f-ba89-d4cf4b8f7c81,2026-06-18T21:45:00Z,2026-06-18T23:45:00+0200,4293.59,MW,FR,FR,actual_onshore_wind_generation,Wind Onshore,2026-06-30T22:03:10Z
2026-06-30T22:02:16Z,2026-07-01T00:02:16+0200,0f2c1f14-db75-409f-ba89-d4cf4b8f7c81,2026-06-18T22:00:00Z,2026-06-19T00:00:00+0200,4719.3,MW,FR,FR,actual_onshore_wind_generation,Wind Onshore,2026-06-30T22:03:10Z
2026-06-30T22:02:16Z,2026-07-01T00:02:16+0200,0f2c1f14-db75-409f-ba89-d4cf4b8f7c81,2026-06-18T22:15:00Z,2026-06-19T00:15:00+0200,5080.92,MW,FR,FR,actual_onshore_wind_generation,Wind Onshore,2026-06-30T22:03:10Z
2026-06-30T22:02:16Z,2026-07-01T00:02:16+0200,0f2c1f14-db75-409f-ba89-d4cf4b8f7c81,2026-06-18T22:30:00Z,2026-06-19T00:30:00+0200,5141.96,MW,FR,FR,actual_onshore_wind_generation,Wind Onshore,2026-06-30T22:03:10Z
2026-06-30T22:02:16Z,2026-07-01T00:02:16+0200,0f2c1f14-db75-409f-ba89-d4cf4b8f7c81,2026-06-18T22:45:00Z,2026-06-19T00:45:00+0200,4898.57,MW,FR,FR,actual_onshore_wind_generation,Wind Onshore,2026-06-30T22:03:10Z
2026-06-30T22:02:16Z,2026-07-01T00:02:16+0200,0f2c1f14-db75-409f-ba89-d4cf4b8f7c81,2026-06-18T23:00:00Z,2026-06-19T01:00:00+0200,4772.28,MW,FR,FR,actual_onshore_wind_generation,Wind Onshore,2026-06-30T22:03:10Z
2026-06-30T22:02:16Z,2026-07-01T00:02:16+0200,0f2c1f14-db75-409f-ba89-d4cf4b8f7c81,2026-06-18T23:15:00Z,2026-06-19T01:15:00+0200,4707.89,MW,FR,FR,actual_onshore_wind_generation,Wind Onshore,2026-06-30T22:03:10Z
2026-06-30T22:02:16Z,2026-07-01T00:02:16+0200,0f2c1f14-db75-409f-ba89-d4cf4b8f7c81,2026-06-18T23:30:00Z,2026-06-19T01:30:00+0200,4872.12,MW,FR,FR,actual_onshore_wind_generation,Wind Onshore,2026-06-30T22:03:10Z
2026-06-30T22:02:16Z,2026-07-01T00:02:16+0200,0f2c1f14-db75-409f-ba89-d4cf4b8f7c81,2026-06-18T23:45:00Z,2026-06-19T01:45:00+0200,5110.81,MW,FR,FR,actual_onshore_wind_generation,Wind Onshore,2026-06-30T22:03:10Z
2026-06-30T22:02:16Z,2026-07-01T00:02:16+0200,0f2c1f14-db75-409f-ba89-d4cf4b8f7c81,2026-06-19T00:00:00Z,2026-06-19T02:00:00+0200,5378.01,MW,FR,FR,actual_onshore_wind_generation,Wind Onshore,2026-06-30T22:03:10Z
2026-06-30T22:02:16Z,2026-07-01T00:02:16+0200,0f2c1f14-db75-409f-ba89-d4cf4b8f7c81,2026-06-19T00:15:00Z,2026-06-19T02:15:00+0200,5515.1,MW,FR,FR,actual_onshore_wind_generation,Wind Onshore,2026-06-30T22:03:10Z
2026-06-30T22:02:16Z,2026-07-01T00:02:16+0200,0f2c1f14-db75-409f-ba89-d4cf4b8f7c81,2026-06-19T00:30:00Z,2026-06-19T02:30:00+0200,5475.77,MW,FR,FR,actual_onshore_wind_generation,Wind Onshore,2026-06-30T22:03:10Z
2026-06-30T22:02:16Z,2026-07-01T00:02:16+0200,0f2c1f14-db75-409f-ba89-d4cf4b8f7c81,2026-06-19T00:45:00Z,2026-06-19T02:45:00+0200,5315.09,MW,FR,FR,actual_onshore_wind_generation,Wind Onshore,2026-06-30T22:03:10Z
2026-06-30T22:02:16Z,2026-07-01T00:02:16+0200,0f2c1f14-db75-409f-ba89-d4cf4b8f7c81,2026-06-19T01:00:00Z,2026-06-19T03:00:00+0200,5187.34,MW,FR,FR,actual_onshore_wind_generation,Wind Onshore,2026-06-30T22:03:10Z
2026-06-30T22:02:16Z,2026-07-01T00:02:16+0200,0f2c1f14-db75-409f-ba89-d4cf4b8f7c81,2026-06-19T01:15:00Z,2026-06-19T03:15:00+0200,5258.84,MW,FR,FR,actual_onshore_wind_generation,Wind Onshore,2026-06-30T22:03:10Z
2026-06-30T22:02:16Z,2026-07-01T00:02:16+0200,0f2c1f14-db75-409f-ba89-d4cf4b8f7c81,2026-06-19T01:30:00Z,2026-06-19T03:30:00+0200,5337.74,MW,FR,FR,actual_onshore_wind_generation,Wind Onshore,2026-06-30T22:03:10Z
2026-06-30T22:02:16Z,2026-07-01T00:02:16+0200,0f2c1f14-db75-409f-ba89-d4cf4b8f7c81,2026-06-19T01:45:00Z,2026-06-19T03:45:00+0200,5452.68,MW,FR,FR,actual_onshore_wind_generation,Wind Onshore,2026-06-30T22:03:10Z
2026-06-30T22:02:16Z,2026-07-01T00:02:16+0200,0f2c1f14-db75-409f-ba89-d4cf4b8f7c81,2026-06-19T02:00:00Z,2026-06-19T04:00:00+0200,5553.84,MW,FR,FR,actual_onshore_wind_generation,Wind Onshore,2026-06-30T22:03:10Z
2026-06-30T22:02:16Z,2026-07-01T00:02:16+0200,0f2c1f14-db75-409f-ba89-d4cf4b8f7c81,2026-06-19T02:15:00Z,2026-06-19T04:15:00+0200,5645.86,MW,FR,FR,actual_onshore_wind_generation,Wind Onshore,2026-06-30T22:03:10Z
2026-06-30T22:02:16Z,2026-07-01T00:02:16+0200,0f2c1f14-db75-409f-ba89-d4cf4b8f7c81,2026-06-19T02:30:00Z,2026-06-19T04:30:00+0200,5692.44,MW,FR,FR,actual_onshore_wind_generation,Wind Onshore,2026-06-30T22:03:10Z
2026-06-30T22:02:16Z,2026-07-01T00:02:16+0200,0f2c1f14-db75-409f-ba89-d4cf4b8f7c81,2026-06-19T02:45:00Z,2026-06-19T04:45:00+0200,5640.14,MW,FR,FR,actual_onshore_wind_generation,Wind Onshore,2026-06-30T22:03:10Z
2026-06-30T22:02:16Z,2026-07-01T00:02:16+0200,0f2c1f14-db75-409f-ba89-d4cf4b8f7c81,2026-06-19T03:00:00Z,2026-06-19T05:00:00+0200,5466.06,MW,FR,FR,actual_onshore_wind_generation,Wind Onshore,2026-06-30T22:03:10Z
2026-06-30T22:02:16Z,2026-07-01T00:02:16+0200,0f2c1f14-db75-409f-ba89-d4cf4b8f7c81,2026-06-19T03:15:00Z,2026-06-19T05:15:00+0200,5283.64,MW,FR,FR,actual_onshore_wind_generation,Wind Onshore,2026-06-30T22:03:10Z
2026-06-30T22:02:16Z,2026-07-01T00:02:16+0200,0f2c1f14-db75-409f-ba89-d4cf4b8f7c81,2026-06-19T03:30:00Z,2026-06-19T05:30:00+0200,5241.83,MW,FR,FR,actual_onshore_wind_generation,Wind Onshore,2026-06-30T22:03:10Z
2026-06-30T22:02:16Z,2026-07-01T00:02:16+0200,0f2c1f14-db75-409f-ba89-d4cf4b8f7c81,2026-06-19T03:45:00Z,2026-06-19T05:45:00+0200,5305.51,MW,FR,FR,actual_onshore_wind_generation,Wind Onshore,2026-06-30T22:03:10Z
2026-06-30T22:02:16Z,2026-07-01T00:02:16+0200,0f2c1f14-db75-409f-ba89-d4cf4b8f7c81,2026-06-19T04:00:00Z,2026-06-19T06:00:00+0200,5500.47,MW,FR,FR,actual_onshore_wind_generation,Wind Onshore,2026-06-30T22:03:10Z
2026-06-30T22:02:16Z,2026-07-01T00:02:16+0200,0f2c1f14-db75-409f-ba89-d4cf4b8f7c81,2026-06-19T04:15:00Z,2026-06-19T06:15:00+0200,5797.37,MW,FR,FR,actual_onshore_wind_generation,Wind Onshore,2026-06-30T22:03:10Z
2026-06-30T22:02:16Z,2026-07-01T00:02:16+0200,0f2c1f14-db75-409f-ba89-d4cf4b8f7c81,2026-06-19T04:30:00Z,2026-06-19T06:30:00+0200,6045.18,MW,FR,FR,actual_onshore_wind_generation,Wind Onshore,2026-06-30T22:03:10Z
2026-06-30T22:02:16Z,2026-07-01T00:02:16+0200,0f2c1f14-db75-409f-ba89-d4cf4b8f7c81,2026-06-19T04:45:00Z,2026-06-19T06:45:00+0200,6160.03,MW,FR,FR,actual_onshore_wind_generation,Wind Onshore,2026-06-30T22:03:10Z
2026-06-30T22:02:16Z,2026-07-01T00:02:16+0200,0f2c1f14-db75-409f-ba89-d4cf4b8f7c81,2026-06-19T05:00:00Z,2026-06-19T07:00:00+0200,6125.23,MW,FR,FR,actual_onshore_wind_generation,Wind Onshore,2026-06-30T22:03:10Z
2026-06-30T22:02:16Z,2026-07-01T00:02:16+0200,0f2c1f14-db75-409f-ba89-d4cf4b8f7c81,2026-06-19T05:15:00Z,2026-06-19T07:15:00+0200,5977.36,MW,FR,FR,actual_onshore_wind_generation,Wind Onshore,2026-06-30T22:03:10Z
2026-06-30T22:02:16Z,2026-07-01T00:02:16+0200,0f2c1f14-db75-409f-ba89-d4cf4b8f7c81,2026-06-19T05:30:00Z,2026-06-19T07:30:00+0200,5723.47,MW,FR,FR,actual_onshore_wind_generation,Wind Onshore,2026-06-30T22:03:10Z
2026-06-30T22:02:16Z,2026-07-01T00:02:16+0200,0f2c1f14-db75-409f-ba89-d4cf4b8f7c81,2026-06-19T05:45:00Z,2026-06-19T07:45:00+0200,5333.09,MW,FR,FR,actual_onshore_wind_generation,Wind Onshore,2026-06-30T22:03:10Z
2026-06-30T22:02:16Z,2026-07-01T00:02:16+0200,0f2c1f14-db75-409f-ba89-d4cf4b8f7c81,2026-06-19T06:00:00Z,2026-06-19T08:00:00+0200,4959.31,MW,FR,FR,actual_onshore_wind_generation,Wind Onshore,2026-06-30T22:03:10Z
2026-06-30T22:02:16Z,2026-07-01T00:02:16+0200,0f2c1f14-db75-409f-ba89-d4cf4b8f7c81,2026-06-19T06:15:00Z,2026-06-19T08:15:00+0200,4607.23,MW,FR,FR,actual_onshore_wind_generation,Wind Onshore,2026-06-30T22:03:10Z
2026-06-30T22:02:16Z,2026-07-01T00:02:16+0200,0f2c1f14-db75-409f-ba89-d4cf4b8f7c81,2026-06-19T06:30:00Z,2026-06-19T08:30:00+0200,4265.98,MW,FR,FR,actual_onshore_wind_generation,Wind Onshore,2026-06-30T22:03:10Z
2026-06-30T22:02:16Z,2026-07-01T00:02:16+0200,0f2c1f14-db75-409f-ba89-d4cf4b8f7c81,2026-06-19T06:45:00Z,2026-06-19T08:45:00+0200,3916.92,MW,FR,FR,actual_onshore_wind_generation,Wind Onshore,2026-06-30T22:03:10Z
2026-06-30T22:02:16Z,2026-07-01T00:02:16+0200,0f2c1f14-db75-409f-ba89-d4cf4b8f7c81,2026-06-19T07:00:00Z,2026-06-19T09:00:00+0200,3645.68,MW,FR,FR,actual_onshore_wind_generation,Wind Onshore,2026-06-30T22:03:10Z
2026-06-30T22:02:16Z,2026-07-01T00:02:16+0200,0f2c1f14-db75-409f-ba89-d4cf4b8f7c81,2026-06-19T07:15:00Z,2026-06-19T09:15:00+0200,3401.06,MW,FR,FR,actual_onshore_wind_generation,Wind Onshore,2026-06-30T22:03:10Z
2026-06-30T22:02:16Z,2026-07-01T00:02:16+0200,0f2c1f14-db75-409f-ba89-d4cf4b8f7c81,2026-06-19T07:30:00Z,2026-06-19T09:30:00+0200,3236.12,MW,FR,FR,actual_onshore_wind_generation,Wind Onshore,2026-06-30T22:03:10Z
2026-06-30T22:02:16Z,2026-07-01T00:02:16+0200,0f2c1f14-db75-409f-ba89-d4cf4b8f7c81,2026-06-19T07:45:00Z,2026-06-19T09:45:00+0200,3030.44,MW,FR,FR,actual_onshore_wind_generation,Wind Onshore,2026-06-30T22:03:10Z
2026-06-30T22:02:16Z,2026-07-01T00:02:16+0200,0f2c1f14-db75-409f-ba89-d4cf4b8f7c81,2026-06-19T08:00:00Z,2026-06-19T10:00:00+0200,2806.9,MW,FR,FR,actual_onshore_wind_generation,Wind Onshore,2026-06-30T22:03:10Z
2026-06-30T22:02:16Z,2026-07-01T00:02:16+0200,0f2c1f14-db75-409f-ba89-d4cf4b8f7c81,2026-06-19T08:15:00Z,2026-06-19T10:15:00+0200,2639.46,MW,FR,FR,actual_onshore_wind_generation,Wind Onshore,2026-06-30T22:03:10Z
2026-06-30T22:02:16Z,2026-07-01T00:02:16+0200,0f2c1f14-db75-409f-ba89-d4cf4b8f7c81,2026-06-19T08:30:00Z,2026-06-19T10:30:00+0200,2496.61,MW,FR,FR,actual_onshore_wind_generation,Wind Onshore,2026-06-30T22:03:10Z
2026-06-30T22:02:16Z,2026-07-01T00:02:16+0200,0f2c1f14-db75-409f-ba89-d4cf4b8f7c81,2026-06-19T08:45:00Z,2026-06-19T10:45:00+0200,2425.6,MW,FR,FR,actual_onshore_wind_generation,Wind Onshore,2026-06-30T22:03:10Z
2026-06-30T22:02:16Z,2026-07-01T00:02:16+0200,0f2c1f14-db75-409f-ba89-d4cf4b8f7c81,2026-06-19T09:00:00Z,2026-06-19T11:00:00+0200,2323.63,MW,FR,FR,actual_onshore_wind_generation,Wind Onshore,2026-06-30T22:03:10Z
2026-06-30T22:02:16Z,2026-07-01T00:02:16+0200,0f2c1f14-db75-409f-ba89-d4cf4b8f7c81,2026-06-19T09:15:00Z,2026-06-19T11:15:00+0200,2156.48,MW,FR,FR,actual_onshore_wind_generation,Wind Onshore,2026-06-30T22:03:10Z
2026-06-30T22:02:16Z,2026-07-01T00:02:16+0200,0f2c1f14-db75-409f-ba89-d4cf4b8f7c81,2026-06-19T09:30:00Z,2026-06-19T11:30:00+0200,2049.59,MW,FR,FR,actual_onshore_wind_generation,Wind Onshore,2026-06-30T22:03:10Z
2026-06-30T22:02:16Z,2026-07-01T00:02:16+0200,0f2c1f14-db75-409f-ba89-d4cf4b8f7c81,2026-06-19T09:45:00Z,2026-06-19T11:45:00+0200,1991.51,MW,FR,FR,actual_onshore_wind_generation,Wind Onshore,2026-06-30T22:03:10Z
2026-06-30T22:02:16Z,2026-07-01T00:02:16+0200,0f2c1f14-db75-409f-ba89-d4cf4b8f7c81,2026-06-19T10:00:00Z,2026-06-19T12:00:00+0200,1931.89,MW,FR,FR,actual_onshore_wind_generation,Wind Onshore,2026-06-30T22:03:10Z
2026-06-30T22:02:16Z,2026-07-01T00:02:16+0200,0f2c1f14-db75-409f-ba89-d4cf4b8f7c81,2026-06-19T10:15:00Z,2026-06-19T12:15:00+0200,1924.13,MW,FR,FR,actual_onshore_wind_generation,Wind Onshore,2026-06-30T22:03:10Z
2026-06-30T22:02:16Z,2026-07-01T00:02:16+0200,0f2c1f14-db75-409f-ba89-d4cf4b8f7c81,2026-06-19T10:30:00Z,2026-06-19T12:30:00+0200,1943.4,MW,FR,FR,actual_onshore_wind_generation,Wind Onshore,2026-06-30T22:03:10Z
2026-06-30T22:02:16Z,2026-07-01T00:02:16+0200,0f2c1f14-db75-409f-ba89-d4cf4b8f7c81,2026-06-19T10:45:00Z,2026-06-19T12:45:00+0200,1969.95,MW,FR,FR,actual_onshore_wind_generation,Wind Onshore,2026-06-30T22:03:10Z
2026-06-30T22:02:16Z,2026-07-01T00:02:16+0200,0f2c1f14-db75-409f-ba89-d4cf4b8f7c81,2026-06-19T11:00:00Z,2026-06-19T13:00:00+0200,1939.59,MW,FR,FR,actual_onshore_wind_generation,Wind Onshore,2026-06-30T22:03:10Z
2026-06-30T22:02:16Z,2026-07-01T00:02:16+0200,0f2c1f14-db75-409f-ba89-d4cf4b8f7c81,2026-06-19T11:15:00Z,2026-06-19T13:15:00+0200,1997.79,MW,FR,FR,actual_onshore_wind_generation,Wind Onshore,2026-06-30T22:03:10Z
2026-06-30T22:02:16Z,2026-07-01T00:02:16+0200,0f2c1f14-db75-409f-ba89-d4cf4b8f7c81,2026-06-19T11:30:00Z,2026-06-19T13:30:00+0200,2022.66,MW,FR,FR,actual_onshore_wind_generation,Wind Onshore,2026-06-30T22:03:10Z
2026-06-30T22:02:16Z,2026-07-01T00:02:16+0200,0f2c1f14-db75-409f-ba89-d4cf4b8f7c81,2026-06-19T11:45:00Z,2026-06-19T13:45:00+0200,2097.97,MW,FR,FR,actual_onshore_wind_generation,Wind Onshore,2026-06-30T22:03:10Z
2026-06-30T22:02:16Z,2026-07-01T00:02:16+0200,0f2c1f14-db75-409f-ba89-d4cf4b8f7c81,2026-06-19T12:00:00Z,2026-06-19T14:00:00+0200,2172.99,MW,FR,FR,actual_onshore_wind_generation,Wind Onshore,2026-06-30T22:03:10Z
2026-06-30T22:02:16Z,2026-07-01T00:02:16+0200,0f2c1f14-db75-409f-ba89-d4cf4b8f7c81,2026-06-19T12:15:00Z,2026-06-19T14:15:00+0200,2256.48,MW,FR,FR,actual_onshore_wind_generation,Wind Onshore,2026-06-30T22:03:10Z
2026-06-30T22:02:16Z,2026-07-01T00:02:16+0200,0f2c1f14-db75-409f-ba89-d4cf4b8f7c81,2026-06-19T12:30:00Z,2026-06-19T14:30:00+0200,2328.38,MW,FR,FR,actual_onshore_wind_generation,Wind Onshore,2026-06-30T22:03:10Z
2026-06-30T22:02:16Z,2026-07-01T00:02:16+0200,0f2c1f14-db75-409f-ba89-d4cf4b8f7c81,2026-06-19T12:45:00Z,2026-06-19T14:45:00+0200,2365.75,MW,FR,FR,actual_onshore_wind_generation,Wind Onshore,2026-06-30T22:03:10Z
2026-06-30T22:02:16Z,2026-07-01T00:02:16+0200,0f2c1f14-db75-409f-ba89-d4cf4b8f7c81,2026-06-19T13:00:00Z,2026-06-19T15:00:00+0200,2385.47,MW,FR,FR,actual_onshore_wind_generation,Wind Onshore,2026-06-30T22:03:10Z
2026-06-30T22:02:16Z,2026-07-01T00:02:16+0200,0f2c1f14-db75-409f-ba89-d4cf4b8f7c81,2026-06-19T13:15:00Z,2026-06-19T15:15:00+0200,2510.83,MW,FR,FR,actual_onshore_wind_generation,Wind Onshore,2026-06-30T22:03:10Z
2026-06-30T22:02:16Z,2026-07-01T00:02:16+0200,0f2c1f14-db75-409f-ba89-d4cf4b8f7c81,2026-06-19T13:30:00Z,2026-06-19T15:30:00+0200,2639.44,MW,FR,FR,actual_onshore_wind_generation,Wind Onshore,2026-06-30T22:03:10Z
2026-06-30T22:02:16Z,2026-07-01T00:02:16+0200,0f2c1f14-db75-409f-ba89-d4cf4b8f7c81,2026-06-19T13:45:00Z,2026-06-19T15:45:00+0200,2761.74,MW,FR,FR,actual_onshore_wind_generation,Wind Onshore,2026-06-30T22:03:10Z
2026-06-30T22:02:16Z,2026-07-01T00:02:16+0200,0f2c1f14-db75-409f-ba89-d4cf4b8f7c81,2026-06-19T14:00:00Z,2026-06-19T16:00:00+0200,2845.71,MW,FR,FR,actual_onshore_wind_generation,Wind Onshore,2026-06-30T22:03:10Z
2026-06-30T22:02:16Z,2026-07-01T00:02:16+0200,0f2c1f14-db75-409f-ba89-d4cf4b8f7c81,2026-06-19T14:15:00Z,2026-06-19T16:15:00+0200,2925.0,MW,FR,FR,actual_onshore_wind_generation,Wind Onshore,2026-06-30T22:03:10Z
2026-06-30T22:02:16Z,2026-07-01T00:02:16+0200,0f2c1f14-db75-409f-ba89-d4cf4b8f7c81,2026-06-19T14:30:00Z,2026-06-19T16:30:00+0200,2916.41,MW,FR,FR,actual_onshore_wind_generation,Wind Onshore,2026-06-30T22:03:10Z
2026-06-30T22:02:16Z,2026-07-01T00:02:16+0200,0f2c1f14-db75-409f-ba89-d4cf4b8f7c81,2026-06-19T14:45:00Z,2026-06-19T16:45:00+0200,2964.69,MW,FR,FR,actual_onshore_wind_generation,Wind Onshore,2026-06-30T22:03:10Z
2026-06-30T22:02:16Z,2026-07-01T00:02:16+0200,0f2c1f14-db75-409f-ba89-d4cf4b8f7c81,2026-06-19T15:00:00Z,2026-06-19T17:00:00+0200,2948.83,MW,FR,FR,actual_onshore_wind_generation,Wind Onshore,2026-06-30T22:03:10Z
2026-06-30T22:02:16Z,2026-07-01T00:02:16+0200,0f2c1f14-db75-409f-ba89-d4cf4b8f7c81,2026-06-19T15:15:00Z,2026-06-19T17:15:00+0200,2943.24,MW,FR,FR,actual_onshore_wind_generation,Wind Onshore,2026-06-30T22:03:10Z
2026-06-30T22:02:16Z,2026-07-01T00:02:16+0200,0f2c1f14-db75-409f-ba89-d4cf4b8f7c81,2026-06-19T15:30:00Z,2026-06-19T17:30:00+0200,2883.89,MW,FR,FR,actual_onshore_wind_generation,Wind Onshore,2026-06-30T22:03:10Z
2026-06-30T22:02:16Z,2026-07-01T00:02:16+0200,0f2c1f14-db75-409f-ba89-d4cf4b8f7c81,2026-06-19T15:45:00Z,2026-06-19T17:45:00+0200,3025.43,MW,FR,FR,actual_onshore_wind_generation,Wind Onshore,2026-06-30T22:03:10Z
2026-06-30T22:02:16Z,2026-07-01T00:02:16+0200,0f2c1f14-db75-409f-ba89-d4cf4b8f7c81,2026-06-19T16:00:00Z,2026-06-19T18:00:00+0200,2976.11,MW,FR,FR,actual_onshore_wind_generation,Wind Onshore,2026-06-30T22:03:10Z
2026-06-30T22:02:16Z,2026-07-01T00:02:16+0200,0f2c1f14-db75-409f-ba89-d4cf4b8f7c81,2026-06-19T16:15:00Z,2026-06-19T18:15:00+0200,3154.06,MW,FR,FR,actual_onshore_wind_generation,Wind Onshore,2026-06-30T22:03:10Z
2026-06-30T22:02:16Z,2026-07-01T00:02:16+0200,0f2c1f14-db75-409f-ba89-d4cf4b8f7c81,2026-06-19T16:30:00Z,2026-06-19T18:30:00+0200,3472.61,MW,FR,FR,actual_onshore_wind_generation,Wind Onshore,2026-06-30T22:03:10Z
2026-06-30T22:02:16Z,2026-07-01T00:02:16+0200,0f2c1f14-db75-409f-ba89-d4cf4b8f7c81,2026-06-19T16:45:00Z,2026-06-19T18:45:00+0200,3392.45,MW,FR,FR,actual_onshore_wind_generation,Wind Onshore,2026-06-30T22:03:10Z
2026-06-30T22:02:16Z,2026-07-01T00:02:16+0200,0f2c1f14-db75-409f-ba89-d4cf4b8f7c81,2026-06-19T17:00:00Z,2026-06-19T19:00:00+0200,3219.22,MW,FR,FR,actual_onshore_wind_generation,Wind Onshore,2026-06-30T22:03:10Z
2026-06-30T22:02:16Z,2026-07-01T00:02:16+0200,0f2c1f14-db75-409f-ba89-d4cf4b8f7c81,2026-06-19T17:15:00Z,2026-06-19T19:15:00+0200,2878.23,MW,FR,FR,actual_onshore_wind_generation,Wind Onshore,2026-06-30T22:03:10Z
2026-06-30T22:02:16Z,2026-07-01T00:02:16+0200,0f2c1f14-db75-409f-ba89-d4cf4b8f7c81,2026-06-19T17:30:00Z,2026-06-19T19:30:00+0200,2625.87,MW,FR,FR,actual_onshore_wind_generation,Wind Onshore,2026-06-30T22:03:10Z
2026-06-30T22:02:16Z,2026-07-01T00:02:16+0200,0f2c1f14-db75-409f-ba89-d4cf4b8f7c81,2026-06-19T17:45:00Z,2026-06-19T19:45:00+0200,2541.61,MW,FR,FR,actual_onshore_wind_generation,Wind Onshore,2026-06-30T22:03:10Z
2026-06-30T22:02:16Z,2026-07-01T00:02:16+0200,0f2c1f14-db75-409f-ba89-d4cf4b8f7c81,2026-06-19T18:00:00Z,2026-06-19T20:00:00+0200,2390.83,MW,FR,FR,actual_onshore_wind_generation,Wind Onshore,2026-06-30T22:03:10Z
2026-06-30T22:02:16Z,2026-07-01T00:02:16+0200,0f2c1f14-db75-409f-ba89-d4cf4b8f7c81,2026-06-19T18:15:00Z,2026-06-19T20:15:00+0200,2305.83,MW,FR,FR,actual_onshore_wind_generation,Wind Onshore,2026-06-30T22:03:10Z
2026-06-30T22:02:16Z,2026-07-01T00:02:16+0200,0f2c1f14-db75-409f-ba89-d4cf4b8f7c81,2026-06-19T18:30:00Z,2026-06-19T20:30:00+0200,2310.64,MW,FR,FR,actual_onshore_wind_generation,Wind Onshore,2026-06-30T22:03:10Z
2026-06-30T22:02:16Z,2026-07-01T00:02:16+0200,0f2c1f14-db75-409f-ba89-d4cf4b8f7c81,2026-06-19T18:45:00Z,2026-06-19T20:45:00+0200,2403.94,MW,FR,FR,actual_onshore_wind_generation,Wind Onshore,2026-06-30T22:03:10Z
2026-06-30T22:02:16Z,2026-07-01T00:02:16+0200,0f2c1f14-db75-409f-ba89-d4cf4b8f7c81,2026-06-19T19:00:00Z,2026-06-19T21:00:00+0200,2377.74,MW,FR,FR,actual_onshore_wind_generation,Wind Onshore,2026-06-30T22:03:10Z
2026-06-30T22:02:16Z,2026-07-01T00:02:16+0200,0f2c1f14-db75-409f-ba89-d4cf4b8f7c81,2026-06-19T19:15:00Z,2026-06-19T21:15:00+0200,2240.83,MW,FR,FR,actual_onshore_wind_generation,Wind Onshore,2026-06-30T22:03:10Z
2026-06-30T22:02:16Z,2026-07-01T00:02:16+0200,0f2c1f14-db75-409f-ba89-d4cf4b8f7c81,2026-06-19T19:30:00Z,2026-06-19T21:30:00+0200,2262.75,MW,FR,FR,actual_onshore_wind_generation,Wind Onshore,2026-06-30T22:03:10Z
2026-06-30T22:02:16Z,2026-07-01T00:02:16+0200,0f2c1f14-db75-409f-ba89-d4cf4b8f7c81,2026-06-19T19:45:00Z,2026-06-19T21:45:00+0200,2353.14,MW,FR,FR,actual_onshore_wind_generation,Wind Onshore,2026-06-30T22:03:10Z
2026-06-30T22:02:16Z,2026-07-01T00:02:16+0200,0f2c1f14-db75-409f-ba89-d4cf4b8f7c81,2026-06-19T20:00:00Z,2026-06-19T22:00:00+0200,2410.64,MW,FR,FR,actual_onshore_wind_generation,Wind Onshore,2026-06-30T22:03:10Z
2026-06-30T22:02:16Z,2026-07-01T00:02:16+0200,0f2c1f14-db75-409f-ba89-d4cf4b8f7c81,2026-06-19T20:15:00Z,2026-06-19T22:15:00+0200,2553.79,MW,FR,FR,actual_onshore_wind_generation,Wind Onshore,2026-06-30T22:03:10Z
2026-06-30T22:02:16Z,2026-07-01T00:02:16+0200,0f2c1f14-db75-409f-ba89-d4cf4b8f7c81,2026-06-19T20:30:00Z,2026-06-19T22:30:00+0200,2599.91,MW,FR,FR,actual_onshore_wind_generation,Wind Onshore,2026-06-30T22:03:10Z
2026-06-30T22:02:16Z,2026-07-01T00:02:16+0200,0f2c1f14-db75-409f-ba89-d4cf4b8f7c81,2026-06-19T20:45:00Z,2026-06-19T22:45:00+0200,2597.41,MW,FR,FR,actual_onshore_wind_generation,Wind Onshore,2026-06-30T22:03:10Z
2026-06-30T22:02:16Z,2026-07-01T00:02:16+0200,0f2c1f14-db75-409f-ba89-d4cf4b8f7c81,2026-06-19T21:00:00Z,2026-06-19T23:00:00+0200,2598.67,MW,FR,FR,actual_onshore_wind_generation,Wind Onshore,2026-06-30T22:03:10Z
2026-06-30T22:02:16Z,2026-07-01T00:02:16+0200,0f2c1f14-db75-409f-ba89-d4cf4b8f7c81,2026-06-19T21:15:00Z,2026-06-19T23:15:00+0200,2603.52,MW,FR,FR,actual_onshore_wind_generation,Wind Onshore,2026-06-30T22:03:10Z
2026-06-30T22:02:16Z,2026-07-01T00:02:16+0200,0f2c1f14-db75-409f-ba89-d4cf4b8f7c81,2026-06-19T21:30:00Z,2026-06-19T23:30:00+0200,2621.29,MW,FR,FR,actual_onshore_wind_generation,Wind Onshore,2026-06-30T22:03:10Z
2026-06-30T22:02:16Z,2026-07-01T00:02:16+0200,0f2c1f14-db75-409f-ba89-d4cf4b8f7c81,2026-06-19T21:45:00Z,2026-06-19T23:45:00+0200,2677.29,MW,FR,FR,actual_onshore_wind_generation,Wind Onshore,2026-06-30T22:03:10Z
2026-06-30T22:02:16Z,2026-07-01T00:02:16+0200,0f2c1f14-db75-409f-ba89-d4cf4b8f7c81,2026-06-19T22:00:00Z,2026-06-20T00:00:00+0200,2766.39,MW,FR,FR,actual_onshore_wind_generation,Wind Onshore,2026-06-30T22:03:10Z
2026-06-30T22:02:16Z,2026-07-01T00:02:16+0200,0f2c1f14-db75-409f-ba89-d4cf4b8f7c81,2026-06-19T22:15:00Z,2026-06-20T00:15:00+0200,2861.44,MW,FR,FR,actual_onshore_wind_generation,Wind Onshore,2026-06-30T22:03:10Z
2026-06-30T22:02:16Z,2026-07-01T00:02:16+0200,0f2c1f14-db75-409f-ba89-d4cf4b8f7c81,2026-06-19T22:30:00Z,2026-06-20T00:30:00+0200,2877.86,MW,FR,FR,actual_onshore_wind_generation,Wind Onshore,2026-06-30T22:03:10Z
2026-06-30T22:02:16Z,2026-07-01T00:02:16+0200,0f2c1f14-db75-409f-ba89-d4cf4b8f7c81,2026-06-19T22:45:00Z,2026-06-20T00:45:00+0200,2904.74,MW,FR,FR,actual_onshore_wind_generation,Wind Onshore,2026-06-30T22:03:10Z
2026-06-30T22:02:16Z,2026-07-01T00:02:16+0200,0f2c1f14-db75-409f-ba89-d4cf4b8f7c81,2026-06-19T23:00:00Z,2026-06-20T01:00:00+0200,2892.04,MW,FR,FR,actual_onshore_wind_generation,Wind Onshore,2026-06-30T22:03:10Z
2026-06-30T22:02:16Z,2026-07-01T00:02:16+0200,0f2c1f14-db75-409f-ba89-d4cf4b8f7c81,2026-06-19T23:15:00Z,2026-06-20T01:15:00+0200,2927.09,MW,FR,FR,actual_onshore_wind_generation,Wind Onshore,2026-06-30T22:03:10Z
2026-06-30T22:02:16Z,2026-07-01T00:02:16+0200,0f2c1f14-db75-409f-ba89-d4cf4b8f7c81,2026-06-19T23:30:00Z,2026-06-20T01:30:00+0200,2996.11,MW,FR,FR,actual_onshore_wind_generation,Wind Onshore,2026-06-30T22:03:10Z
2026-06-30T22:02:16Z,2026-07-01T00:02:16+0200,0f2c1f14-db75-409f-ba89-d4cf4b8f7c81,2026-06-19T23:45:00Z,2026-06-20T01:45:00+0200,2996.74,MW,FR,FR,actual_onshore_wind_generation,Wind Onshore,2026-06-30T22:03:10Z
2026-06-30T22:02:16Z,2026-07-01T00:02:16+0200,0f2c1f14-db75-409f-ba89-d4cf4b8f7c81,2026-06-20T00:00:00Z,2026-06-20T02:00:00+0200,2905.76,MW,FR,FR,actual_onshore_wind_generation,Wind Onshore,2026-06-30T22:03:10Z
2026-06-30T22:02:16Z,2026-07-01T00:02:16+0200,0f2c1f14-db75-409f-ba89-d4cf4b8f7c81,2026-06-20T00:15:00Z,2026-06-20T02:15:00+0200,2811.29,MW,FR,FR,actual_onshore_wind_generation,Wind Onshore,2026-06-30T22:03:10Z
2026-06-30T22:02:16Z,2026-07-01T00:02:16+0200,0f2c1f14-db75-409f-ba89-d4cf4b8f7c81,2026-06-20T00:30:00Z,2026-06-20T02:30:00+0200,2715.87,MW,FR,FR,actual_onshore_wind_generation,Wind Onshore,2026-06-30T22:03:10Z
2026-06-30T22:02:16Z,2026-07-01T00:02:16+0200,0f2c1f14-db75-409f-ba89-d4cf4b8f7c81,2026-06-20T00:45:00Z,2026-06-20T02:45:00+0200,2591.65,MW,FR,FR,actual_onshore_wind_generation,Wind Onshore,2026-06-30T22:03:10Z
2026-06-30T22:02:16Z,2026-07-01T00:02:16+0200,0f2c1f14-db75-409f-ba89-d4cf4b8f7c81,2026-06-20T01:00:00Z,2026-06-20T03:00:00+0200,2500.32,MW,FR,FR,actual_onshore_wind_generation,Wind Onshore,2026-06-30T22:03:10Z
2026-06-30T22:02:16Z,2026-07-01T00:02:16+0200,0f2c1f14-db75-409f-ba89-d4cf4b8f7c81,2026-06-20T01:15:00Z,2026-06-20T03:15:00+0200,2405.63,MW,FR,FR,actual_onshore_wind_generation,Wind Onshore,2026-06-30T22:03:10Z
2026-06-30T22:02:16Z,2026-07-01T00:02:16+0200,0f2c1f14-db75-409f-ba89-d4cf4b8f7c81,2026-06-20T01:30:00Z,2026-06-20T03:30:00+0200,2313.33,MW,FR,FR,actual_onshore_wind_generation,Wind Onshore,2026-06-30T22:03:10Z
2026-06-30T22:02:16Z,2026-07-01T00:02:16+0200,0f2c1f14-db75-409f-ba89-d4cf4b8f7c81,2026-06-20T01:45:00Z,2026-06-20T03:45:00+0200,2208.13,MW,FR,FR,actual_onshore_wind_generation,Wind Onshore,2026-06-30T22:03:10Z
2026-06-30T22:02:16Z,2026-07-01T00:02:16+0200,0f2c1f14-db75-409f-ba89-d4cf4b8f7c81,2026-06-20T02:00:00Z,2026-06-20T04:00:00+0200,2130.2,MW,FR,FR,actual_onshore_wind_generation,Wind Onshore,2026-06-30T22:03:10Z
2026-06-30T22:02:16Z,2026-07-01T00:02:16+0200,0f2c1f14-db75-409f-ba89-d4cf4b8f7c81,2026-06-20T02:15:00Z,2026-06-20T04:15:00+0200,2073.23,MW,FR,FR,actual_onshore_wind_generation,Wind Onshore,2026-06-30T22:03:10Z
2026-06-30T22:02:16Z,2026-07-01T00:02:16+0200,0f2c1f14-db75-409f-ba89-d4cf4b8f7c81,2026-06-20T02:30:00Z,2026-06-20T04:30:00+0200,2020.5,MW,FR,FR,actual_onshore_wind_generation,Wind Onshore,2026-06-30T22:03:10Z
2026-06-30T22:02:16Z,2026-07-01T00:02:16+0200,0f2c1f14-db75-409f-ba89-d4cf4b8f7c81,2026-06-20T02:45:00Z,2026-06-20T04:45:00+0200,2006.44,MW,FR,FR,actual_onshore_wind_generation,Wind Onshore,2026-06-30T22:03:10Z
2026-06-30T22:02:16Z,2026-07-01T00:02:16+0200,0f2c1f14-db75-409f-ba89-d4cf4b8f7c81,2026-06-20T03:00:00Z,2026-06-20T05:00:00+0200,2003.97,MW,FR,FR,actual_onshore_wind_generation,Wind Onshore,2026-06-30T22:03:10Z
2026-06-30T22:02:16Z,2026-07-01T00:02:16+0200,0f2c1f14-db75-409f-ba89-d4cf4b8f7c81,2026-06-20T03:15:00Z,2026-06-20T05:15:00+0200,1962.76,MW,FR,FR,actual_onshore_wind_generation,Wind Onshore,2026-06-30T22:03:10Z
2026-06-30T22:02:16Z,2026-07-01T00:02:16+0200,0f2c1f14-db75-409f-ba89-d4cf4b8f7c81,2026-06-20T03:30:00Z,2026-06-20T05:30:00+0200,1940.8,MW,FR,FR,actual_onshore_wind_generation,Wind Onshore,2026-06-30T22:03:10Z
2026-06-30T22:02:16Z,2026-07-01T00:02:16+0200,0f2c1f14-db75-409f-ba89-d4cf4b8f7c81,2026-06-20T03:45:00Z,2026-06-20T05:45:00+0200,1926.69,MW,FR,FR,actual_onshore_wind_generation,Wind Onshore,2026-06-30T22:03:10Z
2026-06-30T22:02:16Z,2026-07-01T00:02:16+0200,0f2c1f14-db75-409f-ba89-d4cf4b8f7c81,2026-06-20T04:00:00Z,2026-06-20T06:00:00+0200,1930.94,MW,FR,FR,actual_onshore_wind_generation,Wind Onshore,2026-06-30T22:03:10Z
2026-06-30T22:02:16Z,2026-07-01T00:02:16+0200,0f2c1f14-db75-409f-ba89-d4cf4b8f7c81,2026-06-20T04:15:00Z,2026-06-20T06:15:00+0200,1895.41,MW,FR,FR,actual_onshore_wind_generation,Wind Onshore,2026-06-30T22:03:10Z
2026-06-30T22:02:16Z,2026-07-01T00:02:16+0200,0f2c1f14-db75-409f-ba89-d4cf4b8f7c81,2026-06-20T04:30:00Z,2026-06-20T06:30:00+0200,1843.43,MW,FR,FR,actual_onshore_wind_generation,Wind Onshore,2026-06-30T22:03:10Z
2026-06-30T22:02:16Z,2026-07-01T00:02:16+0200,0f2c1f14-db75-409f-ba89-d4cf4b8f7c81,2026-06-20T04:45:00Z,2026-06-20T06:45:00+0200,1801.45,MW,FR,FR,actual_onshore_wind_generation,Wind Onshore,2026-06-30T22:03:10Z
2026-06-30T22:02:16Z,2026-07-01T00:02:16+0200,0f2c1f14-db75-409f-ba89-d4cf4b8f7c81,2026-06-20T05:00:00Z,2026-06-20T07:00:00+0200,1773.94,MW,FR,FR,actual_onshore_wind_generation,Wind Onshore,2026-06-30T22:03:10Z
2026-06-30T22:02:16Z,2026-07-01T00:02:16+0200,0f2c1f14-db75-409f-ba89-d4cf4b8f7c81,2026-06-20T05:15:00Z,2026-06-20T07:15:00+0200,1709.33,MW,FR,FR,actual_onshore_wind_generation,Wind Onshore,2026-06-30T22:03:10Z
2026-06-30T22:02:16Z,2026-07-01T00:02:16+0200,0f2c1f14-db75-409f-ba89-d4cf4b8f7c81,2026-06-20T05:30:00Z,2026-06-20T07:30:00+0200,1632.25,MW,FR,FR,actual_onshore_wind_generation,Wind Onshore,2026-06-30T22:03:10Z
2026-06-30T22:02:16Z,2026-07-01T00:02:16+0200,0f2c1f14-db75-409f-ba89-d4cf4b8f7c81,2026-06-20T05:45:00Z,2026-06-20T07:45:00+0200,1495.61,MW,FR,FR,actual_onshore_wind_generation,Wind Onshore,2026-06-30T22:03:10Z
2026-06-30T22:02:16Z,2026-07-01T00:02:16+0200,0f2c1f14-db75-409f-ba89-d4cf4b8f7c81,2026-06-20T06:00:00Z,2026-06-20T08:00:00+0200,1405.59,MW,FR,FR,actual_onshore_wind_generation,Wind Onshore,2026-06-30T22:03:10Z
2026-06-30T22:02:16Z,2026-07-01T00:02:16+0200,0f2c1f14-db75-409f-ba89-d4cf4b8f7c81,2026-06-20T06:15:00Z,2026-06-20T08:15:00+0200,1315.35,MW,FR,FR,actual_onshore_wind_generation,Wind Onshore,2026-06-30T22:03:10Z
2026-06-30T22:02:16Z,2026-07-01T00:02:16+0200,0f2c1f14-db75-409f-ba89-d4cf4b8f7c81,2026-06-20T06:30:00Z,2026-06-20T08:30:00+0200,1261.17,MW,FR,FR,actual_onshore_wind_generation,Wind Onshore,2026-06-30T22:03:10Z
2026-06-30T22:02:16Z,2026-07-01T00:02:16+0200,0f2c1f14-db75-409f-ba89-d4cf4b8f7c81,2026-06-20T06:45:00Z,2026-06-20T08:45:00+0200,1224.38,MW,FR,FR,actual_onshore_wind_generation,Wind Onshore,2026-06-30T22:03:10Z
2026-06-30T22:02:16Z,2026-07-01T00:02:16+0200,0f2c1f14-db75-409f-ba89-d4cf4b8f7c81,2026-06-20T07:00:00Z,2026-06-20T09:00:00+0200,1170.72,MW,FR,FR,actual_onshore_wind_generation,Wind Onshore,2026-06-30T22:03:10Z
2026-06-30T22:02:16Z,2026-07-01T00:02:16+0200,0f2c1f14-db75-409f-ba89-d4cf4b8f7c81,2026-06-20T07:15:00Z,2026-06-20T09:15:00+0200,1125.36,MW,FR,FR,actual_onshore_wind_generation,Wind Onshore,2026-06-30T22:03:10Z
2026-06-30T22:02:16Z,2026-07-01T00:02:16+0200,0f2c1f14-db75-409f-ba89-d4cf4b8f7c81,2026-06-20T07:30:00Z,2026-06-20T09:30:00+0200,1133.46,MW,FR,FR,actual_onshore_wind_generation,Wind Onshore,2026-06-30T22:03:10Z
2026-06-30T22:02:16Z,2026-07-01T00:02:16+0200,0f2c1f14-db75-409f-ba89-d4cf4b8f7c81,2026-06-20T07:45:00Z,2026-06-20T09:45:00+0200,1102.84,MW,FR,FR,actual_onshore_wind_generation,Wind Onshore,2026-06-30T22:03:10Z
2026-06-30T22:02:16Z,2026-07-01T00:02:16+0200,0f2c1f14-db75-409f-ba89-d4cf4b8f7c81,2026-06-20T08:00:00Z,2026-06-20T10:00:00+0200,1105.15,MW,FR,FR,actual_onshore_wind_generation,Wind Onshore,2026-06-30T22:03:10Z
2026-06-30T22:02:16Z,2026-07-01T00:02:16+0200,0f2c1f14-db75-409f-ba89-d4cf4b8f7c81,2026-06-20T08:15:00Z,2026-06-20T10:15:00+0200,1104.29,MW,FR,FR,actual_onshore_wind_generation,Wind Onshore,2026-06-30T22:03:10Z
2026-06-30T22:02:16Z,2026-07-01T00:02:16+0200,0f2c1f14-db75-409f-ba89-d4cf4b8f7c81,2026-06-20T08:30:00Z,2026-06-20T10:30:00+0200,1050.69,MW,FR,FR,actual_onshore_wind_generation,Wind Onshore,2026-06-30T22:03:10Z
2026-06-30T22:02:16Z,2026-07-01T00:02:16+0200,0f2c1f14-db75-409f-ba89-d4cf4b8f7c81,2026-06-20T08:45:00Z,2026-06-20T10:45:00+0200,1025.16,MW,FR,FR,actual_onshore_wind_generation,Wind Onshore,2026-06-30T22:03:10Z
2026-06-30T22:02:16Z,2026-07-01T00:02:16+0200,0f2c1f14-db75-409f-ba89-d4cf4b8f7c81,2026-06-20T09:00:00Z,2026-06-20T11:00:00+0200,989.91,MW,FR,FR,actual_onshore_wind_generation,Wind Onshore,2026-06-30T22:03:10Z
2026-06-30T22:02:16Z,2026-07-01T00:02:16+0200,0f2c1f14-db75-409f-ba89-d4cf4b8f7c81,2026-06-20T09:15:00Z,2026-06-20T11:15:00+0200,969.0,MW,FR,FR,actual_onshore_wind_generation,Wind Onshore,2026-06-30T22:03:10Z
2026-06-30T22:02:16Z,2026-07-01T00:02:16+0200,0f2c1f14-db75-409f-ba89-d4cf4b8f7c81,2026-06-20T09:30:00Z,2026-06-20T11:30:00+0200,912.05,MW,FR,FR,actual_onshore_wind_generation,Wind Onshore,2026-06-30T22:03:10Z
2026-06-30T22:02:16Z,2026-07-01T00:02:16+0200,0f2c1f14-db75-409f-ba89-d4cf4b8f7c81,2026-06-20T09:45:00Z,2026-06-20T11:45:00+0200,780.54,MW,FR,FR,actual_onshore_wind_generation,Wind Onshore,2026-06-30T22:03:10Z
2026-06-30T22:02:16Z,2026-07-01T00:02:16+0200,0f2c1f14-db75-409f-ba89-d4cf4b8f7c81,2026-06-20T10:00:00Z,2026-06-20T12:00:00+0200,753.57,MW,FR,FR,actual_onshore_wind_generation,Wind Onshore,2026-06-30T22:03:10Z
2026-06-30T22:02:16Z,2026-07-01T00:02:16+0200,0f2c1f14-db75-409f-ba89-d4cf4b8f7c81,2026-06-20T10:15:00Z,2026-06-20T12:15:00+0200,745.73,MW,FR,FR,actual_onshore_wind_generation,Wind Onshore,2026-06-30T22:03:10Z
2026-06-30T22:02:16Z,2026-07-01T00:02:16+0200,0f2c1f14-db75-409f-ba89-d4cf4b8f7c81,2026-06-20T10:30:00Z,2026-06-20T12:30:00+0200,730.32,MW,FR,FR,actual_onshore_wind_generation,Wind Onshore,2026-06-30T22:03:10Z
2026-06-30T22:02:16Z,2026-07-01T00:02:16+0200,0f2c1f14-db75-409f-ba89-d4cf4b8f7c81,2026-06-20T10:45:00Z,2026-06-20T12:45:00+0200,725.33,MW,FR,FR,actual_onshore_wind_generation,Wind Onshore,2026-06-30T22:03:10Z
2026-06-30T22:02:16Z,2026-07-01T00:02:16+0200,0f2c1f14-db75-409f-ba89-d4cf4b8f7c81,2026-06-20T11:00:00Z,2026-06-20T13:00:00+0200,735.61,MW,FR,FR,actual_onshore_wind_generation,Wind Onshore,2026-06-30T22:03:10Z
2026-06-30T22:02:16Z,2026-07-01T00:02:16+0200,0f2c1f14-db75-409f-ba89-d4cf4b8f7c81,2026-06-20T11:15:00Z,2026-06-20T13:15:00+0200,742.35,MW,FR,FR,actual_onshore_wind_generation,Wind Onshore,2026-06-30T22:03:10Z
2026-06-30T22:02:16Z,2026-07-01T00:02:16+0200,0f2c1f14-db75-409f-ba89-d4cf4b8f7c81,2026-06-20T11:30:00Z,2026-06-20T13:30:00+0200,744.92,MW,FR,FR,actual_onshore_wind_generation,Wind Onshore,2026-06-30T22:03:10Z
2026-06-30T22:02:16Z,2026-07-01T00:02:16+0200,0f2c1f14-db75-409f-ba89-d4cf4b8f7c81,2026-06-20T11:45:00Z,2026-06-20T13:45:00+0200,752.63,MW,FR,FR,actual_onshore_wind_generation,Wind Onshore,2026-06-30T22:03:10Z
2026-06-30T22:02:16Z,2026-07-01T00:02:16+0200,0f2c1f14-db75-409f-ba89-d4cf4b8f7c81,2026-06-20T12:00:00Z,2026-06-20T14:00:00+0200,769.19,MW,FR,FR,actual_onshore_wind_generation,Wind Onshore,2026-06-30T22:03:10Z
2026-06-30T22:02:16Z,2026-07-01T00:02:16+0200,0f2c1f14-db75-409f-ba89-d4cf4b8f7c81,2026-06-20T12:15:00Z,2026-06-20T14:15:00+0200,787.45,MW,FR,FR,actual_onshore_wind_generation,Wind Onshore,2026-06-30T22:03:10Z
2026-06-30T22:02:16Z,2026-07-01T00:02:16+0200,0f2c1f14-db75-409f-ba89-d4cf4b8f7c81,2026-06-20T12:30:00Z,2026-06-20T14:30:00+0200,783.42,MW,FR,FR,actual_onshore_wind_generation,Wind Onshore,2026-06-30T22:03:10Z
2026-06-30T22:02:16Z,2026-07-01T00:02:16+0200,0f2c1f14-db75-409f-ba89-d4cf4b8f7c81,2026-06-20T12:45:00Z,2026-06-20T14:45:00+0200,797.91,MW,FR,FR,actual_onshore_wind_generation,Wind Onshore,2026-06-30T22:03:10Z
2026-06-30T22:02:16Z,2026-07-01T00:02:16+0200,0f2c1f14-db75-409f-ba89-d4cf4b8f7c81,2026-06-20T13:00:00Z,2026-06-20T15:00:00+0200,988.44,MW,FR,FR,actual_onshore_wind_generation,Wind Onshore,2026-06-30T22:03:10Z
2026-06-30T22:02:16Z,2026-07-01T00:02:16+0200,0f2c1f14-db75-409f-ba89-d4cf4b8f7c81,2026-06-20T13:15:00Z,2026-06-20T15:15:00+0200,1170.32,MW,FR,FR,actual_onshore_wind_generation,Wind Onshore,2026-06-30T22:03:10Z
2026-06-30T22:02:16Z,2026-07-01T00:02:16+0200,0f2c1f14-db75-409f-ba89-d4cf4b8f7c81,2026-06-20T13:30:00Z,2026-06-20T15:30:00+0200,1218.49,MW,FR,FR,actual_onshore_wind_generation,Wind Onshore,2026-06-30T22:03:10Z
2026-06-30T22:02:16Z,2026-07-01T00:02:16+0200,0f2c1f14-db75-409f-ba89-d4cf4b8f7c81,2026-06-20T13:45:00Z,2026-06-20T15:45:00+0200,1245.0,MW,FR,FR,actual_onshore_wind_generation,Wind Onshore,2026-06-30T22:03:10Z
2026-06-30T22:02:16Z,2026-07-01T00:02:16+0200,0f2c1f14-db75-409f-ba89-d4cf4b8f7c81,2026-06-20T14:00:00Z,2026-06-20T16:00:00+0200,1279.76,MW,FR,FR,actual_onshore_wind_generation,Wind Onshore,2026-06-30T22:03:10Z
2026-06-30T22:02:16Z,2026-07-01T00:02:16+0200,0f2c1f14-db75-409f-ba89-d4cf4b8f7c81,2026-06-20T14:15:00Z,2026-06-20T16:15:00+0200,1263.28,MW,FR,FR,actual_onshore_wind_generation,Wind Onshore,2026-06-30T22:03:10Z
2026-06-30T22:02:16Z,2026-07-01T00:02:16+0200,0f2c1f14-db75-409f-ba89-d4cf4b8f7c81,2026-06-20T14:30:00Z,2026-06-20T16:30:00+0200,1308.71,MW,FR,FR,actual_onshore_wind_generation,Wind Onshore,2026-06-30T22:03:10Z
2026-06-30T22:02:16Z,2026-07-01T00:02:16+0200,0f2c1f14-db75-409f-ba89-d4cf4b8f7c81,2026-06-20T14:45:00Z,2026-06-20T16:45:00+0200,1320.23,MW,FR,FR,actual_onshore_wind_generation,Wind Onshore,2026-06-30T22:03:10Z
2026-06-30T22:02:16Z,2026-07-01T00:02:16+0200,0f2c1f14-db75-409f-ba89-d4cf4b8f7c81,2026-06-20T15:00:00Z,2026-06-20T17:00:00+0200,1357.03,MW,FR,FR,actual_onshore_wind_generation,Wind Onshore,2026-06-30T22:03:10Z
2026-06-30T22:02:16Z,2026-07-01T00:02:16+0200,0f2c1f14-db75-409f-ba89-d4cf4b8f7c81,2026-06-20T15:15:00Z,2026-06-20T17:15:00+0200,1451.19,MW,FR,FR,actual_onshore_wind_generation,Wind Onshore,2026-06-30T22:03:10Z
2026-06-30T22:02:16Z,2026-07-01T00:02:16+0200,0f2c1f14-db75-409f-ba89-d4cf4b8f7c81,2026-06-20T15:30:00Z,2026-06-20T17:30:00+0200,1767.07,MW,FR,FR,actual_onshore_wind_generation,Wind Onshore,2026-06-30T22:03:10Z
2026-06-30T22:02:16Z,2026-07-01T00:02:16+0200,0f2c1f14-db75-409f-ba89-d4cf4b8f7c81,2026-06-20T15:45:00Z,2026-06-20T17:45:00+0200,1982.06,MW,FR,FR,actual_onshore_wind_generation,Wind Onshore,2026-06-30T22:03:10Z
2026-06-30T22:02:16Z,2026-07-01T00:02:16+0200,0f2c1f14-db75-409f-ba89-d4cf4b8f7c81,2026-06-20T16:00:00Z,2026-06-20T18:00:00+0200,1927.85,MW,FR,FR,actual_onshore_wind_generation,Wind Onshore,2026-06-30T22:03:10Z
2026-06-30T22:02:16Z,2026-07-01T00:02:16+0200,0f2c1f14-db75-409f-ba89-d4cf4b8f7c81,2026-06-20T16:15:00Z,2026-06-20T18:15:00+0200,1864.63,MW,FR,FR,actual_onshore_wind_generation,Wind Onshore,2026-06-30T22:03:10Z
2026-06-30T22:02:16Z,2026-07-01T00:02:16+0200,0f2c1f14-db75-409f-ba89-d4cf4b8f7c81,2026-06-20T16:30:00Z,2026-06-20T18:30:00+0200,1755.85,MW,FR,FR,actual_onshore_wind_generation,Wind Onshore,2026-06-30T22:03:10Z
2026-06-30T22:02:16Z,2026-07-01T00:02:16+0200,0f2c1f14-db75-409f-ba89-d4cf4b8f7c81,2026-06-20T16:45:00Z,2026-06-20T18:45:00+0200,1747.93,MW,FR,FR,actual_onshore_wind_generation,Wind Onshore,2026-06-30T22:03:10Z
2026-06-30T22:02:16Z,2026-07-01T00:02:16+0200,0f2c1f14-db75-409f-ba89-d4cf4b8f7c81,2026-06-20T17:00:00Z,2026-06-20T19:00:00+0200,1956.77,MW,FR,FR,actual_onshore_wind_generation,Wind Onshore,2026-06-30T22:03:10Z
2026-06-30T22:02:16Z,2026-07-01T00:02:16+0200,0f2c1f14-db75-409f-ba89-d4cf4b8f7c81,2026-06-20T17:15:00Z,2026-06-20T19:15:00+0200,2298.33,MW,FR,FR,actual_onshore_wind_generation,Wind Onshore,2026-06-30T22:03:10Z
2026-06-30T22:02:16Z,2026-07-01T00:02:16+0200,0f2c1f14-db75-409f-ba89-d4cf4b8f7c81,2026-06-20T17:30:00Z,2026-06-20T19:30:00+0200,2629.69,MW,FR,FR,actual_onshore_wind_generation,Wind Onshore,2026-06-30T22:03:10Z
2026-06-30T22:02:16Z,2026-07-01T00:02:16+0200,0f2c1f14-db75-409f-ba89-d4cf4b8f7c81,2026-06-20T17:45:00Z,2026-06-20T19:45:00+0200,2946.3,MW,FR,FR,actual_onshore_wind_generation,Wind Onshore,2026-06-30T22:03:10Z
2026-06-30T22:02:16Z,2026-07-01T00:02:16+0200,0f2c1f14-db75-409f-ba89-d4cf4b8f7c81,2026-06-20T18:00:00Z,2026-06-20T20:00:00+0200,3104.96,MW,FR,FR,actual_onshore_wind_generation,Wind Onshore,2026-06-30T22:03:10Z
2026-06-30T22:02:16Z,2026-07-01T00:02:16+0200,0f2c1f14-db75-409f-ba89-d4cf4b8f7c81,2026-06-20T18:15:00Z,2026-06-20T20:15:00+0200,3039.83,MW,FR,FR,actual_onshore_wind_generation,Wind Onshore,2026-06-30T22:03:10Z
2026-06-30T22:02:16Z,2026-07-01T00:02:16+0200,0f2c1f14-db75-409f-ba89-d4cf4b8f7c81,2026-06-20T18:30:00Z,2026-06-20T20:30:00+0200,3004.18,MW,FR,FR,actual_onshore_wind_generation,Wind Onshore,2026-06-30T22:03:10Z
2026-06-30T22:02:16Z,2026-07-01T00:02:16+0200,0f2c1f14-db75-409f-ba89-d4cf4b8f7c81,2026-06-20T18:45:00Z,2026-06-20T20:45:00+0200,2958.64,MW,FR,FR,actual_onshore_wind_generation,Wind Onshore,2026-06-30T22:03:10Z
2026-06-30T22:02:16Z,2026-07-01T00:02:16+0200,0f2c1f14-db75-409f-ba89-d4cf4b8f7c81,2026-06-20T19:00:00Z,2026-06-20T21:00:00+0200,3311.86,MW,FR,FR,actual_onshore_wind_generation,Wind Onshore,2026-06-30T22:03:10Z
2026-06-30T22:02:16Z,2026-07-01T00:02:16+0200,0f2c1f14-db75-409f-ba89-d4cf4b8f7c81,2026-06-20T19:15:00Z,2026-06-20T21:15:00+0200,3664.08,MW,FR,FR,actual_onshore_wind_generation,Wind Onshore,2026-06-30T22:03:10Z
2026-06-30T22:02:16Z,2026-07-01T00:02:16+0200,0f2c1f14-db75-409f-ba89-d4cf4b8f7c81,2026-06-20T19:30:00Z,2026-06-20T21:30:00+0200,3755.24,MW,FR,FR,actual_onshore_wind_generation,Wind Onshore,2026-06-30T22:03:10Z
2026-06-30T22:02:16Z,2026-07-01T00:02:16+0200,0f2c1f14-db75-409f-ba89-d4cf4b8f7c81,2026-06-20T19:45:00Z,2026-06-20T21:45:00+0200,3760.69,MW,FR,FR,actual_onshore_wind_generation,Wind Onshore,2026-06-30T22:03:10Z
2026-06-30T22:02:16Z,2026-07-01T00:02:16+0200,0f2c1f14-db75-409f-ba89-d4cf4b8f7c81,2026-06-20T20:00:00Z,2026-06-20T22:00:00+0200,3628.09,MW,FR,FR,actual_onshore_wind_generation,Wind Onshore,2026-06-30T22:03:10Z
2026-06-30T22:02:16Z,2026-07-01T00:02:16+0200,0f2c1f14-db75-409f-ba89-d4cf4b8f7c81,2026-06-20T20:15:00Z,2026-06-20T22:15:00+0200,3590.06,MW,FR,FR,actual_onshore_wind_generation,Wind Onshore,2026-06-30T22:03:10Z
2026-06-30T22:02:16Z,2026-07-01T00:02:16+0200,0f2c1f14-db75-409f-ba89-d4cf4b8f7c81,2026-06-20T20:30:00Z,2026-06-20T22:30:00+0200,3504.08,MW,FR,FR,actual_onshore_wind_generation,Wind Onshore,2026-06-30T22:03:10Z
2026-06-30T22:02:16Z,2026-07-01T00:02:16+0200,0f2c1f14-db75-409f-ba89-d4cf4b8f7c81,2026-06-20T20:45:00Z,2026-06-20T22:45:00+0200,3479.99,MW,FR,FR,actual_onshore_wind_generation,Wind Onshore,2026-06-30T22:03:10Z
2026-06-30T22:02:16Z,2026-07-01T00:02:16+0200,0f2c1f14-db75-409f-ba89-d4cf4b8f7c81,2026-06-20T21:00:00Z,2026-06-20T23:00:00+0200,3473.23,MW,FR,FR,actual_onshore_wind_generation,Wind Onshore,2026-06-30T22:03:10Z
2026-06-30T22:02:16Z,2026-07-01T00:02:16+0200,0f2c1f14-db75-409f-ba89-d4cf4b8f7c81,2026-06-20T21:15:00Z,2026-06-20T23:15:00+0200,3472.26,MW,FR,FR,actual_onshore_wind_generation,Wind Onshore,2026-06-30T22:03:10Z
2026-06-30T22:02:16Z,2026-07-01T00:02:16+0200,0f2c1f14-db75-409f-ba89-d4cf4b8f7c81,2026-06-20T21:30:00Z,2026-06-20T23:30:00+0200,3320.21,MW,FR,FR,actual_onshore_wind_generation,Wind Onshore,2026-06-30T22:03:10Z
2026-06-30T22:02:16Z,2026-07-01T00:02:16+0200,0f2c1f14-db75-409f-ba89-d4cf4b8f7c81,2026-06-20T21:45:00Z,2026-06-20T23:45:00+0200,3299.73,MW,FR,FR,actual_onshore_wind_generation,Wind Onshore,2026-06-30T22:03:10Z
2026-06-30T22:02:16Z,2026-07-01T00:02:16+0200,0f2c1f14-db75-409f-ba89-d4cf4b8f7c81,2026-06-20T22:00:00Z,2026-06-21T00:00:00+0200,3224.08,MW,FR,FR,actual_onshore_wind_generation,Wind Onshore,2026-06-30T22:03:10Z
2026-06-30T22:02:16Z,2026-07-01T00:02:16+0200,0f2c1f14-db75-409f-ba89-d4cf4b8f7c81,2026-06-20T22:15:00Z,2026-06-21T00:15:00+0200,3061.17,MW,FR,FR,actual_onshore_wind_generation,Wind Onshore,2026-06-30T22:03:10Z
2026-06-30T22:02:16Z,2026-07-01T00:02:16+0200,0f2c1f14-db75-409f-ba89-d4cf4b8f7c81,2026-06-20T22:30:00Z,2026-06-21T00:30:00+0200,2766.79,MW,FR,FR,actual_onshore_wind_generation,Wind Onshore,2026-06-30T22:03:10Z
2026-06-30T22:02:16Z,2026-07-01T00:02:16+0200,0f2c1f14-db75-409f-ba89-d4cf4b8f7c81,2026-06-20T22:45:00Z,2026-06-21T00:45:00+0200,2542.74,MW,FR,FR,actual_onshore_wind_generation,Wind Onshore,2026-06-30T22:03:10Z
2026-06-30T22:02:16Z,2026-07-01T00:02:16+0200,0f2c1f14-db75-409f-ba89-d4cf4b8f7c81,2026-06-20T23:00:00Z,2026-06-21T01:00:00+0200,2443.43,MW,FR,FR,actual_onshore_wind_generation,Wind Onshore,2026-06-30T22:03:10Z
2026-06-30T22:02:16Z,2026-07-01T00:02:16+0200,0f2c1f14-db75-409f-ba89-d4cf4b8f7c81,2026-06-20T23:15:00Z,2026-06-21T01:15:00+0200,2384.45,MW,FR,FR,actual_onshore_wind_generation,Wind Onshore,2026-06-30T22:03:10Z
2026-06-30T22:02:16Z,2026-07-01T00:02:16+0200,0f2c1f14-db75-409f-ba89-d4cf4b8f7c81,2026-06-20T23:30:00Z,2026-06-21T01:30:00+0200,2280.41,MW,FR,FR,actual_onshore_wind_generation,Wind Onshore,2026-06-30T22:03:10Z
2026-06-30T22:02:16Z,2026-07-01T00:02:16+0200,0f2c1f14-db75-409f-ba89-d4cf4b8f7c81,2026-06-20T23:45:00Z,2026-06-21T01:45:00+0200,2300.62,MW,FR,FR,actual_onshore_wind_generation,Wind Onshore,2026-06-30T22:03:10Z
2026-06-30T22:02:16Z,2026-07-01T00:02:16+0200,0f2c1f14-db75-409f-ba89-d4cf4b8f7c81,2026-06-21T00:00:00Z,2026-06-21T02:00:00+0200,2348.25,MW,FR,FR,actual_onshore_wind_generation,Wind Onshore,2026-06-30T22:03:10Z
2026-06-30T22:02:16Z,2026-07-01T00:02:16+0200,0f2c1f14-db75-409f-ba89-d4cf4b8f7c81,2026-06-21T00:15:00Z,2026-06-21T02:15:00+0200,2431.94,MW,FR,FR,actual_onshore_wind_generation,Wind Onshore,2026-06-30T22:03:10Z
2026-06-30T22:02:16Z,2026-07-01T00:02:16+0200,0f2c1f14-db75-409f-ba89-d4cf4b8f7c81,2026-06-21T00:30:00Z,2026-06-21T02:30:00+0200,2416.23,MW,FR,FR,actual_onshore_wind_generation,Wind Onshore,2026-06-30T22:03:10Z
2026-06-30T22:02:16Z,2026-07-01T00:02:16+0200,0f2c1f14-db75-409f-ba89-d4cf4b8f7c81,2026-06-21T00:45:00Z,2026-06-21T02:45:00+0200,2415.3,MW,FR,FR,actual_onshore_wind_generation,Wind Onshore,2026-06-30T22:03:10Z
2026-06-30T22:02:16Z,2026-07-01T00:02:16+0200,0f2c1f14-db75-409f-ba89-d4cf4b8f7c81,2026-06-21T01:00:00Z,2026-06-21T03:00:00+0200,2444.46,MW,FR,FR,actual_onshore_wind_generation,Wind Onshore,2026-06-30T22:03:10Z
2026-06-30T22:02:16Z,2026-07-01T00:02:16+0200,0f2c1f14-db75-409f-ba89-d4cf4b8f7c81,2026-06-21T01:15:00Z,2026-06-21T03:15:00+0200,2447.56,MW,FR,FR,actual_onshore_wind_generation,Wind Onshore,2026-06-30T22:03:10Z
2026-06-30T22:02:16Z,2026-07-01T00:02:16+0200,0f2c1f14-db75-409f-ba89-d4cf4b8f7c81,2026-06-21T01:30:00Z,2026-06-21T03:30:00+0200,2446.32,MW,FR,FR,actual_onshore_wind_generation,Wind Onshore,2026-06-30T22:03:10Z
2026-06-30T22:02:16Z,2026-07-01T00:02:16+0200,0f2c1f14-db75-409f-ba89-d4cf4b8f7c81,2026-06-21T01:45:00Z,2026-06-21T03:45:00+0200,2433.66,MW,FR,FR,actual_onshore_wind_generation,Wind Onshore,2026-06-30T22:03:10Z
2026-06-30T22:02:16Z,2026-07-01T00:02:16+0200,0f2c1f14-db75-409f-ba89-d4cf4b8f7c81,2026-06-21T02:00:00Z,2026-06-21T04:00:00+0200,2412.29,MW,FR,FR,actual_onshore_wind_generation,Wind Onshore,2026-06-30T22:03:10Z
2026-06-30T22:02:16Z,2026-07-01T00:02:16+0200,0f2c1f14-db75-409f-ba89-d4cf4b8f7c81,2026-06-21T02:15:00Z,2026-06-21T04:15:00+0200,2338.54,MW,FR,FR,actual_onshore_wind_generation,Wind Onshore,2026-06-30T22:03:10Z
2026-06-30T22:02:16Z,2026-07-01T00:02:16+0200,0f2c1f14-db75-409f-ba89-d4cf4b8f7c81,2026-06-21T02:30:00Z,2026-06-21T04:30:00+0200,2239.21,MW,FR,FR,actual_onshore_wind_generation,Wind Onshore,2026-06-30T22:03:10Z
2026-06-30T22:02:16Z,2026-07-01T00:02:16+0200,0f2c1f14-db75-409f-ba89-d4cf4b8f7c81,2026-06-21T02:45:00Z,2026-06-21T04:45:00+0200,2226.45,MW,FR,FR,actual_onshore_wind_generation,Wind Onshore,2026-06-30T22:03:10Z
2026-06-30T22:02:16Z,2026-07-01T00:02:16+0200,0f2c1f14-db75-409f-ba89-d4cf4b8f7c81,2026-06-21T03:00:00Z,2026-06-21T05:00:00+0200,2201.3,MW,FR,FR,actual_onshore_wind_generation,Wind Onshore,2026-06-30T22:03:10Z
2026-06-30T22:02:16Z,2026-07-01T00:02:16+0200,0f2c1f14-db75-409f-ba89-d4cf4b8f7c81,2026-06-21T03:15:00Z,2026-06-21T05:15:00+0200,2156.85,MW,FR,FR,actual_onshore_wind_generation,Wind Onshore,2026-06-30T22:03:10Z
2026-06-30T22:02:16Z,2026-07-01T00:02:16+0200,0f2c1f14-db75-409f-ba89-d4cf4b8f7c81,2026-06-21T03:30:00Z,2026-06-21T05:30:00+0200,2125.39,MW,FR,FR,actual_onshore_wind_generation,Wind Onshore,2026-06-30T22:03:10Z
2026-06-30T22:02:16Z,2026-07-01T00:02:16+0200,0f2c1f14-db75-409f-ba89-d4cf4b8f7c81,2026-06-21T03:45:00Z,2026-06-21T05:45:00+0200,2100.09,MW,FR,FR,actual_onshore_wind_generation,Wind Onshore,2026-06-30T22:03:10Z
2026-06-30T22:02:16Z,2026-07-01T00:02:16+0200,0f2c1f14-db75-409f-ba89-d4cf4b8f7c81,2026-06-21T04:00:00Z,2026-06-21T06:00:00+0200,2108.38,MW,FR,FR,actual_onshore_wind_generation,Wind Onshore,2026-06-30T22:03:10Z
2026-06-30T22:02:16Z,2026-07-01T00:02:16+0200,0f2c1f14-db75-409f-ba89-d4cf4b8f7c81,2026-06-21T04:15:00Z,2026-06-21T06:15:00+0200,2162.74,MW,FR,FR,actual_onshore_wind_generation,Wind Onshore,2026-06-30T22:03:10Z
2026-06-30T22:02:16Z,2026-07-01T00:02:16+0200,0f2c1f14-db75-409f-ba89-d4cf4b8f7c81,2026-06-21T04:30:00Z,2026-06-21T06:30:00+0200,2177.15,MW,FR,FR,actual_onshore_wind_generation,Wind Onshore,2026-06-30T22:03:10Z
2026-06-30T22:02:16Z,2026-07-01T00:02:16+0200,0f2c1f14-db75-409f-ba89-d4cf4b8f7c81,2026-06-21T04:45:00Z,2026-06-21T06:45:00+0200,2184.96,MW,FR,FR,actual_onshore_wind_generation,Wind Onshore,2026-06-30T22:03:10Z
2026-06-30T22:02:16Z,2026-07-01T00:02:16+0200,0f2c1f14-db75-409f-ba89-d4cf4b8f7c81,2026-06-21T05:00:00Z,2026-06-21T07:00:00+0200,2133.03,MW,FR,FR,actual_onshore_wind_generation,Wind Onshore,2026-06-30T22:03:10Z
2026-06-30T22:02:16Z,2026-07-01T00:02:16+0200,0f2c1f14-db75-409f-ba89-d4cf4b8f7c81,2026-06-21T05:15:00Z,2026-06-21T07:15:00+0200,2081.13,MW,FR,FR,actual_onshore_wind_generation,Wind Onshore,2026-06-30T22:03:10Z
2026-06-30T22:02:16Z,2026-07-01T00:02:16+0200,0f2c1f14-db75-409f-ba89-d4cf4b8f7c81,2026-06-21T05:30:00Z,2026-06-21T07:30:00+0200,1997.26,MW,FR,FR,actual_onshore_wind_generation,Wind Onshore,2026-06-30T22:03:10Z
2026-06-30T22:02:16Z,2026-07-01T00:02:16+0200,0f2c1f14-db75-409f-ba89-d4cf4b8f7c81,2026-06-21T05:45:00Z,2026-06-21T07:45:00+0200,1880.13,MW,FR,FR,actual_onshore_wind_generation,Wind Onshore,2026-06-30T22:03:10Z
2026-06-30T22:02:16Z,2026-07-01T00:02:16+0200,0f2c1f14-db75-409f-ba89-d4cf4b8f7c81,2026-06-21T06:00:00Z,2026-06-21T08:00:00+0200,1736.08,MW,FR,FR,actual_onshore_wind_generation,Wind Onshore,2026-06-30T22:03:10Z
2026-06-30T22:02:16Z,2026-07-01T00:02:16+0200,0f2c1f14-db75-409f-ba89-d4cf4b8f7c81,2026-06-21T06:15:00Z,2026-06-21T08:15:00+0200,1564.25,MW,FR,FR,actual_onshore_wind_generation,Wind Onshore,2026-06-30T22:03:10Z
2026-06-30T22:02:16Z,2026-07-01T00:02:16+0200,0f2c1f14-db75-409f-ba89-d4cf4b8f7c81,2026-06-21T06:30:00Z,2026-06-21T08:30:00+0200,1410.29,MW,FR,FR,actual_onshore_wind_generation,Wind Onshore,2026-06-30T22:03:10Z
2026-06-30T22:02:16Z,2026-07-01T00:02:16+0200,0f2c1f14-db75-409f-ba89-d4cf4b8f7c81,2026-06-21T06:45:00Z,2026-06-21T08:45:00+0200,1220.84,MW,FR,FR,actual_onshore_wind_generation,Wind Onshore,2026-06-30T22:03:10Z
2026-06-30T22:02:16Z,2026-07-01T00:02:16+0200,0f2c1f14-db75-409f-ba89-d4cf4b8f7c81,2026-06-21T07:00:00Z,2026-06-21T09:00:00+0200,1065.91,MW,FR,FR,actual_onshore_wind_generation,Wind Onshore,2026-06-30T22:03:10Z
2026-06-30T22:02:16Z,2026-07-01T00:02:16+0200,0f2c1f14-db75-409f-ba89-d4cf4b8f7c81,2026-06-21T07:15:00Z,2026-06-21T09:15:00+0200,971.77,MW,FR,FR,actual_onshore_wind_generation,Wind Onshore,2026-06-30T22:03:10Z
2026-06-30T22:02:16Z,2026-07-01T00:02:16+0200,0f2c1f14-db75-409f-ba89-d4cf4b8f7c81,2026-06-21T07:30:00Z,2026-06-21T09:30:00+0200,936.24,MW,FR,FR,actual_onshore_wind_generation,Wind Onshore,2026-06-30T22:03:10Z
2026-06-30T22:02:16Z,2026-07-01T00:02:16+0200,0f2c1f14-db75-409f-ba89-d4cf4b8f7c81,2026-06-21T07:45:00Z,2026-06-21T09:45:00+0200,888.0,MW,FR,FR,actual_onshore_wind_generation,Wind Onshore,2026-06-30T22:03:10Z
2026-06-30T22:02:16Z,2026-07-01T00:02:16+0200,0f2c1f14-db75-409f-ba89-d4cf4b8f7c81,2026-06-21T08:00:00Z,2026-06-21T10:00:00+0200,831.08,MW,FR,FR,actual_onshore_wind_generation,Wind Onshore,2026-06-30T22:03:10Z
2026-06-30T22:02:16Z,2026-07-01T00:02:16+0200,0f2c1f14-db75-409f-ba89-d4cf4b8f7c81,2026-06-21T08:15:00Z,2026-06-21T10:15:00+0200,797.2,MW,FR,FR,actual_onshore_wind_generation,Wind Onshore,2026-06-30T22:03:10Z
2026-06-30T22:02:16Z,2026-07-01T00:02:16+0200,0f2c1f14-db75-409f-ba89-d4cf4b8f7c81,2026-06-21T08:30:00Z,2026-06-21T10:30:00+0200,778.01,MW,FR,FR,actual_onshore_wind_generation,Wind Onshore,2026-06-30T22:03:10Z
2026-06-30T22:02:16Z,2026-07-01T00:02:16+0200,0f2c1f14-db75-409f-ba89-d4cf4b8f7c81,2026-06-21T08:45:00Z,2026-06-21T10:45:00+0200,760.51,MW,FR,FR,actual_onshore_wind_generation,Wind Onshore,2026-06-30T22:03:10Z
2026-06-30T22:02:16Z,2026-07-01T00:02:16+0200,0f2c1f14-db75-409f-ba89-d4cf4b8f7c81,2026-06-21T09:00:00Z,2026-06-21T11:00:00+0200,741.24,MW,FR,FR,actual_onshore_wind_generation,Wind Onshore,2026-06-30T22:03:10Z
2026-06-30T22:02:16Z,2026-07-01T00:02:16+0200,0f2c1f14-db75-409f-ba89-d4cf4b8f7c81,2026-06-21T09:15:00Z,2026-06-21T11:15:00+0200,723.85,MW,FR,FR,actual_onshore_wind_generation,Wind Onshore,2026-06-30T22:03:10Z
2026-06-30T22:02:16Z,2026-07-01T00:02:16+0200,0f2c1f14-db75-409f-ba89-d4cf4b8f7c81,2026-06-21T09:30:00Z,2026-06-21T11:30:00+0200,673.93,MW,FR,FR,actual_onshore_wind_generation,Wind Onshore,2026-06-30T22:03:10Z
2026-06-30T22:02:16Z,2026-07-01T00:02:16+0200,0f2c1f14-db75-409f-ba89-d4cf4b8f7c81,2026-06-21T09:45:00Z,2026-06-21T11:45:00+0200,586.11,MW,FR,FR,actual_onshore_wind_generation,Wind Onshore,2026-06-30T22:03:10Z
2026-06-30T22:02:16Z,2026-07-01T00:02:16+0200,0f2c1f14-db75-409f-ba89-d4cf4b8f7c81,2026-06-21T10:00:00Z,2026-06-21T12:00:00+0200,582.45,MW,FR,FR,actual_onshore_wind_generation,Wind Onshore,2026-06-30T22:03:10Z
2026-06-30T22:02:16Z,2026-07-01T00:02:16+0200,0f2c1f14-db75-409f-ba89-d4cf4b8f7c81,2026-06-21T10:15:00Z,2026-06-21T12:15:00+0200,549.71,MW,FR,FR,actual_onshore_wind_generation,Wind Onshore,2026-06-30T22:03:10Z
2026-06-30T22:02:16Z,2026-07-01T00:02:16+0200,0f2c1f14-db75-409f-ba89-d4cf4b8f7c81,2026-06-21T10:30:00Z,2026-06-21T12:30:00+0200,532.69,MW,FR,FR,actual_onshore_wind_generation,Wind Onshore,2026-06-30T22:03:10Z
2026-06-30T22:02:16Z,2026-07-01T00:02:16+0200,0f2c1f14-db75-409f-ba89-d4cf4b8f7c81,2026-06-21T10:45:00Z,2026-06-21T12:45:00+0200,527.9,MW,FR,FR,actual_onshore_wind_generation,Wind Onshore,2026-06-30T22:03:10Z
2026-06-30T22:02:16Z,2026-07-01T00:02:16+0200,0f2c1f14-db75-409f-ba89-d4cf4b8f7c81,2026-06-21T11:00:00Z,2026-06-21T13:00:00+0200,517.73,MW,FR,FR,actual_onshore_wind_generation,Wind Onshore,2026-06-30T22:03:10Z
2026-06-30T22:02:16Z,2026-07-01T00:02:16+0200,0f2c1f14-db75-409f-ba89-d4cf4b8f7c81,2026-06-21T11:15:00Z,2026-06-21T13:15:00+0200,517.11,MW,FR,FR,actual_onshore_wind_generation,Wind Onshore,2026-06-30T22:03:10Z
2026-06-30T22:02:16Z,2026-07-01T00:02:16+0200,0f2c1f14-db75-409f-ba89-d4cf4b8f7c81,2026-06-21T11:30:00Z,2026-06-21T13:30:00+0200,524.66,MW,FR,FR,actual_onshore_wind_generation,Wind Onshore,2026-06-30T22:03:10Z
2026-06-30T22:02:16Z,2026-07-01T00:02:16+0200,0f2c1f14-db75-409f-ba89-d4cf4b8f7c81,2026-06-21T11:45:00Z,2026-06-21T13:45:00+0200,524.88,MW,FR,FR,actual_onshore_wind_generation,Wind Onshore,2026-06-30T22:03:10Z
2026-06-30T22:02:16Z,2026-07-01T00:02:16+0200,0f2c1f14-db75-409f-ba89-d4cf4b8f7c81,2026-06-21T12:00:00Z,2026-06-21T14:00:00+0200,540.02,MW,FR,FR,actual_onshore_wind_generation,Wind Onshore,2026-06-30T22:03:10Z
2026-06-30T22:02:16Z,2026-07-01T00:02:16+0200,0f2c1f14-db75-409f-ba89-d4cf4b8f7c81,2026-06-21T12:15:00Z,2026-06-21T14:15:00+0200,534.83,MW,FR,FR,actual_onshore_wind_generation,Wind Onshore,2026-06-30T22:03:10Z
2026-06-30T22:02:16Z,2026-07-01T00:02:16+0200,0f2c1f14-db75-409f-ba89-d4cf4b8f7c81,2026-06-21T12:30:00Z,2026-06-21T14:30:00+0200,597.23,MW,FR,FR,actual_onshore_wind_generation,Wind Onshore,2026-06-30T22:03:10Z
2026-06-30T22:02:16Z,2026-07-01T00:02:16+0200,0f2c1f14-db75-409f-ba89-d4cf4b8f7c81,2026-06-21T12:45:00Z,2026-06-21T14:45:00+0200,683.76,MW,FR,FR,actual_onshore_wind_generation,Wind Onshore,2026-06-30T22:03:10Z
2026-06-30T22:02:16Z,2026-07-01T00:02:16+0200,0f2c1f14-db75-409f-ba89-d4cf4b8f7c81,2026-06-21T13:00:00Z,2026-06-21T15:00:00+0200,728.49,MW,FR,FR,actual_onshore_wind_generation,Wind Onshore,2026-06-30T22:03:10Z
2026-06-30T22:02:16Z,2026-07-01T00:02:16+0200,0f2c1f14-db75-409f-ba89-d4cf4b8f7c81,2026-06-21T13:15:00Z,2026-06-21T15:15:00+0200,772.46,MW,FR,FR,actual_onshore_wind_generation,Wind Onshore,2026-06-30T22:03:10Z
2026-06-30T22:02:16Z,2026-07-01T00:02:16+0200,0f2c1f14-db75-409f-ba89-d4cf4b8f7c81,2026-06-21T13:30:00Z,2026-06-21T15:30:00+0200,821.15,MW,FR,FR,actual_onshore_wind_generation,Wind Onshore,2026-06-30T22:03:10Z
2026-06-30T22:02:16Z,2026-07-01T00:02:16+0200,0f2c1f14-db75-409f-ba89-d4cf4b8f7c81,2026-06-21T13:45:00Z,2026-06-21T15:45:00+0200,843.23,MW,FR,FR,actual_onshore_wind_generation,Wind Onshore,2026-06-30T22:03:10Z
2026-06-30T22:02:16Z,2026-07-01T00:02:16+0200,0f2c1f14-db75-409f-ba89-d4cf4b8f7c81,2026-06-21T14:00:00Z,2026-06-21T16:00:00+0200,842.08,MW,FR,FR,actual_onshore_wind_generation,Wind Onshore,2026-06-30T22:03:10Z
2026-06-30T22:02:16Z,2026-07-01T00:02:16+0200,0f2c1f14-db75-409f-ba89-d4cf4b8f7c81,2026-06-21T14:15:00Z,2026-06-21T16:15:00+0200,840.76,MW,FR,FR,actual_onshore_wind_generation,Wind Onshore,2026-06-30T22:03:10Z
2026-06-30T22:02:16Z,2026-07-01T00:02:16+0200,0f2c1f14-db75-409f-ba89-d4cf4b8f7c81,2026-06-21T14:30:00Z,2026-06-21T16:30:00+0200,836.35,MW,FR,FR,actual_onshore_wind_generation,Wind Onshore,2026-06-30T22:03:10Z
2026-06-30T22:02:16Z,2026-07-01T00:02:16+0200,0f2c1f14-db75-409f-ba89-d4cf4b8f7c81,2026-06-21T14:45:00Z,2026-06-21T16:45:00+0200,849.1,MW,FR,FR,actual_onshore_wind_generation,Wind Onshore,2026-06-30T22:03:10Z
2026-06-30T22:02:16Z,2026-07-01T00:02:16+0200,0f2c1f14-db75-409f-ba89-d4cf4b8f7c81,2026-06-21T15:00:00Z,2026-06-21T17:00:00+0200,871.79,MW,FR,FR,actual_onshore_wind_generation,Wind Onshore,2026-06-30T22:03:10Z
2026-06-30T22:02:16Z,2026-07-01T00:02:16+0200,0f2c1f14-db75-409f-ba89-d4cf4b8f7c81,2026-06-21T15:15:00Z,2026-06-21T17:15:00+0200,924.86,MW,FR,FR,actual_onshore_wind_generation,Wind Onshore,2026-06-30T22:03:10Z
2026-06-30T22:02:16Z,2026-07-01T00:02:16+0200,0f2c1f14-db75-409f-ba89-d4cf4b8f7c81,2026-06-21T15:30:00Z,2026-06-21T17:30:00+0200,973.85,MW,FR,FR,actual_onshore_wind_generation,Wind Onshore,2026-06-30T22:03:10Z
2026-06-30T22:02:16Z,2026-07-01T00:02:16+0200,0f2c1f14-db75-409f-ba89-d4cf4b8f7c81,2026-06-21T15:45:00Z,2026-06-21T17:45:00+0200,979.92,MW,FR,FR,actual_onshore_wind_generation,Wind Onshore,2026-06-30T22:03:10Z
2026-06-30T22:02:16Z,2026-07-01T00:02:16+0200,0f2c1f14-db75-409f-ba89-d4cf4b8f7c81,2026-06-21T16:00:00Z,2026-06-21T18:00:00+0200,1008.54,MW,FR,FR,actual_onshore_wind_generation,Wind Onshore,2026-06-30T22:03:10Z
2026-06-30T22:02:16Z,2026-07-01T00:02:16+0200,0f2c1f14-db75-409f-ba89-d4cf4b8f7c81,2026-06-21T16:15:00Z,2026-06-21T18:15:00+0200,1041.91,MW,FR,FR,actual_onshore_wind_generation,Wind Onshore,2026-06-30T22:03:10Z
2026-06-30T22:02:16Z,2026-07-01T00:02:16+0200,0f2c1f14-db75-409f-ba89-d4cf4b8f7c81,2026-06-21T16:30:00Z,2026-06-21T18:30:00+0200,1070.66,MW,FR,FR,actual_onshore_wind_generation,Wind Onshore,2026-06-30T22:03:10Z
2026-06-30T22:02:16Z,2026-07-01T00:02:16+0200,0f2c1f14-db75-409f-ba89-d4cf4b8f7c81,2026-06-21T16:45:00Z,2026-06-21T18:45:00+0200,1106.12,MW,FR,FR,actual_onshore_wind_generation,Wind Onshore,2026-06-30T22:03:10Z
2026-06-30T22:02:16Z,2026-07-01T00:02:16+0200,0f2c1f14-db75-409f-ba89-d4cf4b8f7c81,2026-06-21T17:00:00Z,2026-06-21T19:00:00+0200,1160.89,MW,FR,FR,actual_onshore_wind_generation,Wind Onshore,2026-06-30T22:03:10Z
2026-06-30T22:02:16Z,2026-07-01T00:02:16+0200,0f2c1f14-db75-409f-ba89-d4cf4b8f7c81,2026-06-21T17:15:00Z,2026-06-21T19:15:00+0200,1225.28,MW,FR,FR,actual_onshore_wind_generation,Wind Onshore,2026-06-30T22:03:10Z
2026-06-30T22:02:16Z,2026-07-01T00:02:16+0200,0f2c1f14-db75-409f-ba89-d4cf4b8f7c81,2026-06-21T17:30:00Z,2026-06-21T19:30:00+0200,1296.68,MW,FR,FR,actual_onshore_wind_generation,Wind Onshore,2026-06-30T22:03:10Z
2026-06-30T22:02:16Z,2026-07-01T00:02:16+0200,0f2c1f14-db75-409f-ba89-d4cf4b8f7c81,2026-06-21T17:45:00Z,2026-06-21T19:45:00+0200,1376.32,MW,FR,FR,actual_onshore_wind_generation,Wind Onshore,2026-06-30T22:03:10Z
2026-06-30T22:02:16Z,2026-07-01T00:02:16+0200,0f2c1f14-db75-409f-ba89-d4cf4b8f7c81,2026-06-21T18:00:00Z,2026-06-21T20:00:00+0200,1520.17,MW,FR,FR,actual_onshore_wind_generation,Wind Onshore,2026-06-30T22:03:10Z
2026-06-30T22:02:16Z,2026-07-01T00:02:16+0200,0f2c1f14-db75-409f-ba89-d4cf4b8f7c81,2026-06-21T18:15:00Z,2026-06-21T20:15:00+0200,1731.65,MW,FR,FR,actual_onshore_wind_generation,Wind Onshore,2026-06-30T22:03:10Z
2026-06-30T22:02:16Z,2026-07-01T00:02:16+0200,0f2c1f14-db75-409f-ba89-d4cf4b8f7c81,2026-06-21T18:30:00Z,2026-06-21T20:30:00+0200,1937.87,MW,FR,FR,actual_onshore_wind_generation,Wind Onshore,2026-06-30T22:03:10Z
2026-06-30T22:02:16Z,2026-07-01T00:02:16+0200,0f2c1f14-db75-409f-ba89-d4cf4b8f7c81,2026-06-21T18:45:00Z,2026-06-21T20:45:00+0200,2130.05,MW,FR,FR,actual_onshore_wind_generation,Wind Onshore,2026-06-30T22:03:10Z
2026-06-30T22:02:16Z,2026-07-01T00:02:16+0200,0f2c1f14-db75-409f-ba89-d4cf4b8f7c81,2026-06-21T19:00:00Z,2026-06-21T21:00:00+0200,2266.78,MW,FR,FR,actual_onshore_wind_generation,Wind Onshore,2026-06-30T22:03:10Z
2026-06-30T22:02:16Z,2026-07-01T00:02:16+0200,0f2c1f14-db75-409f-ba89-d4cf4b8f7c81,2026-06-21T19:15:00Z,2026-06-21T21:15:00+0200,2472.62,MW,FR,FR,actual_onshore_wind_generation,Wind Onshore,2026-06-30T22:03:10Z
2026-06-30T22:02:16Z,2026-07-01T00:02:16+0200,0f2c1f14-db75-409f-ba89-d4cf4b8f7c81,2026-06-21T19:30:00Z,2026-06-21T21:30:00+0200,2765.6,MW,FR,FR,actual_onshore_wind_generation,Wind Onshore,2026-06-30T22:03:10Z
2026-06-30T22:02:16Z,2026-07-01T00:02:16+0200,0f2c1f14-db75-409f-ba89-d4cf4b8f7c81,2026-06-21T19:45:00Z,2026-06-21T21:45:00+0200,3025.2,MW,FR,FR,actual_onshore_wind_generation,Wind Onshore,2026-06-30T22:03:10Z
2026-06-30T22:02:16Z,2026-07-01T00:02:16+0200,0f2c1f14-db75-409f-ba89-d4cf4b8f7c81,2026-06-21T20:00:00Z,2026-06-21T22:00:00+0200,3297.1,MW,FR,FR,actual_onshore_wind_generation,Wind Onshore,2026-06-30T22:03:10Z
2026-06-30T22:02:16Z,2026-07-01T00:02:16+0200,0f2c1f14-db75-409f-ba89-d4cf4b8f7c81,2026-06-21T20:15:00Z,2026-06-21T22:15:00+0200,3592.32,MW,FR,FR,actual_onshore_wind_generation,Wind Onshore,2026-06-30T22:03:10Z
2026-06-30T22:02:16Z,2026-07-01T00:02:16+0200,0f2c1f14-db75-409f-ba89-d4cf4b8f7c81,2026-06-21T20:30:00Z,2026-06-21T22:30:00+0200,3844.7,MW,FR,FR,actual_onshore_wind_generation,Wind Onshore,2026-06-30T22:03:10Z
2026-06-30T22:02:16Z,2026-07-01T00:02:16+0200,0f2c1f14-db75-409f-ba89-d4cf4b8f7c81,2026-06-21T20:45:00Z,2026-06-21T22:45:00+0200,3960.3,MW,FR,FR,actual_onshore_wind_generation,Wind Onshore,2026-06-30T22:03:10Z
2026-06-30T22:02:16Z,2026-07-01T00:02:16+0200,0f2c1f14-db75-409f-ba89-d4cf4b8f7c81,2026-06-21T21:00:00Z,2026-06-21T23:00:00+0200,4069.98,MW,FR,FR,actual_onshore_wind_generation,Wind Onshore,2026-06-30T22:03:10Z
2026-06-30T22:02:16Z,2026-07-01T00:02:16+0200,0f2c1f14-db75-409f-ba89-d4cf4b8f7c81,2026-06-21T21:15:00Z,2026-06-21T23:15:00+0200,4214.28,MW,FR,FR,actual_onshore_wind_generation,Wind Onshore,2026-06-30T22:03:10Z
2026-06-30T22:02:16Z,2026-07-01T00:02:16+0200,0f2c1f14-db75-409f-ba89-d4cf4b8f7c81,2026-06-21T21:30:00Z,2026-06-21T23:30:00+0200,4382.42,MW,FR,FR,actual_onshore_wind_generation,Wind Onshore,2026-06-30T22:03:10Z
2026-06-30T22:02:16Z,2026-07-01T00:02:16+0200,0f2c1f14-db75-409f-ba89-d4cf4b8f7c81,2026-06-21T21:45:00Z,2026-06-21T23:45:00+0200,4523.15,MW,FR,FR,actual_onshore_wind_generation,Wind Onshore,2026-06-30T22:03:10Z
2026-06-30T22:02:16Z,2026-07-01T00:02:16+0200,0f2c1f14-db75-409f-ba89-d4cf4b8f7c81,2026-06-21T22:00:00Z,2026-06-22T00:00:00+0200,4493.68,MW,FR,FR,actual_onshore_wind_generation,Wind Onshore,2026-06-30T22:03:10Z
2026-06-30T22:02:16Z,2026-07-01T00:02:16+0200,0f2c1f14-db75-409f-ba89-d4cf4b8f7c81,2026-06-21T22:15:00Z,2026-06-22T00:15:00+0200,4421.31,MW,FR,FR,actual_onshore_wind_generation,Wind Onshore,2026-06-30T22:03:10Z
2026-06-30T22:02:16Z,2026-07-01T00:02:16+0200,0f2c1f14-db75-409f-ba89-d4cf4b8f7c81,2026-06-21T22:30:00Z,2026-06-22T00:30:00+0200,4360.54,MW,FR,FR,actual_onshore_wind_generation,Wind Onshore,2026-06-30T22:03:10Z
2026-06-30T22:02:16Z,2026-07-01T00:02:16+0200,0f2c1f14-db75-409f-ba89-d4cf4b8f7c81,2026-06-21T22:45:00Z,2026-06-22T00:45:00+0200,4280.07,MW,FR,FR,actual_onshore_wind_generation,Wind Onshore,2026-06-30T22:03:10Z
2026-06-30T22:02:16Z,2026-07-01T00:02:16+0200,0f2c1f14-db75-409f-ba89-d4cf4b8f7c81,2026-06-21T23:00:00Z,2026-06-22T01:00:00+0200,4183.07,MW,FR,FR,actual_onshore_wind_generation,Wind Onshore,2026-06-30T22:03:10Z
2026-06-30T22:02:16Z,2026-07-01T00:02:16+0200,0f2c1f14-db75-409f-ba89-d4cf4b8f7c81,2026-06-21T23:15:00Z,2026-06-22T01:15:00+0200,4074.77,MW,FR,FR,actual_onshore_wind_generation,Wind Onshore,2026-06-30T22:03:10Z
2026-06-30T22:02:16Z,2026-07-01T00:02:16+0200,0f2c1f14-db75-409f-ba89-d4cf4b8f7c81,2026-06-21T23:30:00Z,2026-06-22T01:30:00+0200,3921.21,MW,FR,FR,actual_onshore_wind_generation,Wind Onshore,2026-06-30T22:03:10Z
2026-06-30T22:02:16Z,2026-07-01T00:02:16+0200,0f2c1f14-db75-409f-ba89-d4cf4b8f7c81,2026-06-21T23:45:00Z,2026-06-22T01:45:00+0200,3833.37,MW,FR,FR,actual_onshore_wind_generation,Wind Onshore,2026-06-30T22:03:10Z
2026-06-30T22:02:16Z,2026-07-01T00:02:16+0200,0f2c1f14-db75-409f-ba89-d4cf4b8f7c81,2026-06-22T00:00:00Z,2026-06-22T02:00:00+0200,3766.41,MW,FR,FR,actual_onshore_wind_generation,Wind Onshore,2026-06-30T22:03:10Z
2026-06-30T22:02:16Z,2026-07-01T00:02:16+0200,0f2c1f14-db75-409f-ba89-d4cf4b8f7c81,2026-06-22T00:15:00Z,2026-06-22T02:15:00+0200,3623.98,MW,FR,FR,actual_onshore_wind_generation,Wind Onshore,2026-06-30T22:03:10Z
2026-06-30T22:02:16Z,2026-07-01T00:02:16+0200,0f2c1f14-db75-409f-ba89-d4cf4b8f7c81,2026-06-22T00:30:00Z,2026-06-22T02:30:00+0200,3558.99,MW,FR,FR,actual_onshore_wind_generation,Wind Onshore,2026-06-30T22:03:10Z
2026-06-30T22:02:16Z,2026-07-01T00:02:16+0200,0f2c1f14-db75-409f-ba89-d4cf4b8f7c81,2026-06-22T00:45:00Z,2026-06-22T02:45:00+0200,3539.28,MW,FR,FR,actual_onshore_wind_generation,Wind Onshore,2026-06-30T22:03:10Z
2026-06-30T22:02:16Z,2026-07-01T00:02:16+0200,0f2c1f14-db75-409f-ba89-d4cf4b8f7c81,2026-06-22T01:00:00Z,2026-06-22T03:00:00+0200,3458.3,MW,FR,FR,actual_onshore_wind_generation,Wind Onshore,2026-06-30T22:03:10Z
2026-06-30T22:02:16Z,2026-07-01T00:02:16+0200,0f2c1f14-db75-409f-ba89-d4cf4b8f7c81,2026-06-22T01:15:00Z,2026-06-22T03:15:00+0200,3389.25,MW,FR,FR,actual_onshore_wind_generation,Wind Onshore,2026-06-30T22:03:10Z
2026-06-30T22:02:16Z,2026-07-01T00:02:16+0200,0f2c1f14-db75-409f-ba89-d4cf4b8f7c81,2026-06-22T01:30:00Z,2026-06-22T03:30:00+0200,3293.85,MW,FR,FR,actual_onshore_wind_generation,Wind Onshore,2026-06-30T22:03:10Z
2026-06-30T22:02:16Z,2026-07-01T00:02:16+0200,0f2c1f14-db75-409f-ba89-d4cf4b8f7c81,2026-06-22T01:45:00Z,2026-06-22T03:45:00+0200,3216.17,MW,FR,FR,actual_onshore_wind_generation,Wind Onshore,2026-06-30T22:03:10Z
2026-06-30T22:02:16Z,2026-07-01T00:02:16+0200,0f2c1f14-db75-409f-ba89-d4cf4b8f7c81,2026-06-22T02:00:00Z,2026-06-22T04:00:00+0200,3100.65,MW,FR,FR,actual_onshore_wind_generation,Wind Onshore,2026-06-30T22:03:10Z
2026-06-30T22:02:16Z,2026-07-01T00:02:16+0200,0f2c1f14-db75-409f-ba89-d4cf4b8f7c81,2026-06-22T02:15:00Z,2026-06-22T04:15:00+0200,2962.91,MW,FR,FR,actual_onshore_wind_generation,Wind Onshore,2026-06-30T22:03:10Z
2026-06-30T22:02:16Z,2026-07-01T00:02:16+0200,0f2c1f14-db75-409f-ba89-d4cf4b8f7c81,2026-06-22T02:30:00Z,2026-06-22T04:30:00+0200,2831.69,MW,FR,FR,actual_onshore_wind_generation,Wind Onshore,2026-06-30T22:03:10Z
2026-06-30T22:02:16Z,2026-07-01T00:02:16+0200,0f2c1f14-db75-409f-ba89-d4cf4b8f7c81,2026-06-22T02:45:00Z,2026-06-22T04:45:00+0200,2756.2,MW,FR,FR,actual_onshore_wind_generation,Wind Onshore,2026-06-30T22:03:10Z
2026-06-30T22:02:16Z,2026-07-01T00:02:16+0200,0f2c1f14-db75-409f-ba89-d4cf4b8f7c81,2026-06-22T03:00:00Z,2026-06-22T05:00:00+0200,2699.55,MW,FR,FR,actual_onshore_wind_generation,Wind Onshore,2026-06-30T22:03:10Z
2026-06-30T22:02:16Z,2026-07-01T00:02:16+0200,0f2c1f14-db75-409f-ba89-d4cf4b8f7c81,2026-06-22T03:15:00Z,2026-06-22T05:15:00+0200,2670.84,MW,FR,FR,actual_onshore_wind_generation,Wind Onshore,2026-06-30T22:03:10Z
2026-06-30T22:02:16Z,2026-07-01T00:02:16+0200,0f2c1f14-db75-409f-ba89-d4cf4b8f7c81,2026-06-22T03:30:00Z,2026-06-22T05:30:00+0200,2616.23,MW,FR,FR,actual_onshore_wind_generation,Wind Onshore,2026-06-30T22:03:10Z
2026-06-30T22:02:16Z,2026-07-01T00:02:16+0200,0f2c1f14-db75-409f-ba89-d4cf4b8f7c81,2026-06-22T03:45:00Z,2026-06-22T05:45:00+0200,2613.69,MW,FR,FR,actual_onshore_wind_generation,Wind Onshore,2026-06-30T22:03:10Z
2026-06-30T22:02:16Z,2026-07-01T00:02:16+0200,0f2c1f14-db75-409f-ba89-d4cf4b8f7c81,2026-06-22T04:00:00Z,2026-06-22T06:00:00+0200,2616.3,MW,FR,FR,actual_onshore_wind_generation,Wind Onshore,2026-06-30T22:03:10Z
2026-06-30T22:02:16Z,2026-07-01T00:02:16+0200,0f2c1f14-db75-409f-ba89-d4cf4b8f7c81,2026-06-22T04:15:00Z,2026-06-22T06:15:00+0200,2620.75,MW,FR,FR,actual_onshore_wind_generation,Wind Onshore,2026-06-30T22:03:10Z
2026-06-30T22:02:16Z,2026-07-01T00:02:16+0200,0f2c1f14-db75-409f-ba89-d4cf4b8f7c81,2026-06-22T04:30:00Z,2026-06-22T06:30:00+0200,2649.7,MW,FR,FR,actual_onshore_wind_generation,Wind Onshore,2026-06-30T22:03:10Z
2026-06-30T22:02:16Z,2026-07-01T00:02:16+0200,0f2c1f14-db75-409f-ba89-d4cf4b8f7c81,2026-06-22T04:45:00Z,2026-06-22T06:45:00+0200,2670.73,MW,FR,FR,actual_onshore_wind_generation,Wind Onshore,2026-06-30T22:03:10Z
2026-06-30T22:02:16Z,2026-07-01T00:02:16+0200,0f2c1f14-db75-409f-ba89-d4cf4b8f7c81,2026-06-22T05:00:00Z,2026-06-22T07:00:00+0200,2632.46,MW,FR,FR,actual_onshore_wind_generation,Wind Onshore,2026-06-30T22:03:10Z
2026-06-30T22:02:16Z,2026-07-01T00:02:16+0200,0f2c1f14-db75-409f-ba89-d4cf4b8f7c81,2026-06-22T05:15:00Z,2026-06-22T07:15:00+0200,2534.04,MW,FR,FR,actual_onshore_wind_generation,Wind Onshore,2026-06-30T22:03:10Z
2026-06-30T22:02:16Z,2026-07-01T00:02:16+0200,0f2c1f14-db75-409f-ba89-d4cf4b8f7c81,2026-06-22T05:30:00Z,2026-06-22T07:30:00+0200,2351.69,MW,FR,FR,actual_onshore_wind_generation,Wind Onshore,2026-06-30T22:03:10Z
2026-06-30T22:02:16Z,2026-07-01T00:02:16+0200,0f2c1f14-db75-409f-ba89-d4cf4b8f7c81,2026-06-22T05:45:00Z,2026-06-22T07:45:00+0200,2113.99,MW,FR,FR,actual_onshore_wind_generation,Wind Onshore,2026-06-30T22:03:10Z
2026-06-30T22:02:16Z,2026-07-01T00:02:16+0200,0f2c1f14-db75-409f-ba89-d4cf4b8f7c81,2026-06-22T06:00:00Z,2026-06-22T08:00:00+0200,1889.17,MW,FR,FR,actual_onshore_wind_generation,Wind Onshore,2026-06-30T22:03:10Z
2026-06-30T22:02:16Z,2026-07-01T00:02:16+0200,0f2c1f14-db75-409f-ba89-d4cf4b8f7c81,2026-06-22T06:15:00Z,2026-06-22T08:15:00+0200,1667.39,MW,FR,FR,actual_onshore_wind_generation,Wind Onshore,2026-06-30T22:03:10Z
2026-06-30T22:02:16Z,2026-07-01T00:02:16+0200,0f2c1f14-db75-409f-ba89-d4cf4b8f7c81,2026-06-22T06:30:00Z,2026-06-22T08:30:00+0200,1461.13,MW,FR,FR,actual_onshore_wind_generation,Wind Onshore,2026-06-30T22:03:10Z
2026-06-30T22:02:16Z,2026-07-01T00:02:16+0200,0f2c1f14-db75-409f-ba89-d4cf4b8f7c81,2026-06-22T06:45:00Z,2026-06-22T08:45:00+0200,1287.65,MW,FR,FR,actual_onshore_wind_generation,Wind Onshore,2026-06-30T22:03:10Z
2026-06-30T22:02:16Z,2026-07-01T00:02:16+0200,0f2c1f14-db75-409f-ba89-d4cf4b8f7c81,2026-06-22T07:00:00Z,2026-06-22T09:00:00+0200,1107.35,MW,FR,FR,actual_onshore_wind_generation,Wind Onshore,2026-06-30T22:03:10Z
2026-06-30T22:02:16Z,2026-07-01T00:02:16+0200,0f2c1f14-db75-409f-ba89-d4cf4b8f7c81,2026-06-22T07:15:00Z,2026-06-22T09:15:00+0200,991.75,MW,FR,FR,actual_onshore_wind_generation,Wind Onshore,2026-06-30T22:03:10Z
2026-06-30T22:02:16Z,2026-07-01T00:02:16+0200,0f2c1f14-db75-409f-ba89-d4cf4b8f7c81,2026-06-22T07:30:00Z,2026-06-22T09:30:00+0200,918.54,MW,FR,FR,actual_onshore_wind_generation,Wind Onshore,2026-06-30T22:03:10Z
2026-06-30T22:02:16Z,2026-07-01T00:02:16+0200,0f2c1f14-db75-409f-ba89-d4cf4b8f7c81,2026-06-22T07:45:00Z,2026-06-22T09:45:00+0200,866.23,MW,FR,FR,actual_onshore_wind_generation,Wind Onshore,2026-06-30T22:03:10Z
2026-06-30T22:02:16Z,2026-07-01T00:02:16+0200,0f2c1f14-db75-409f-ba89-d4cf4b8f7c81,2026-06-22T08:00:00Z,2026-06-22T10:00:00+0200,815.45,MW,FR,FR,actual_onshore_wind_generation,Wind Onshore,2026-06-30T22:03:10Z
2026-06-30T22:02:16Z,2026-07-01T00:02:16+0200,0f2c1f14-db75-409f-ba89-d4cf4b8f7c81,2026-06-22T08:15:00Z,2026-06-22T10:15:00+0200,792.35,MW,FR,FR,actual_onshore_wind_generation,Wind Onshore,2026-06-30T22:03:10Z
2026-06-30T22:02:16Z,2026-07-01T00:02:16+0200,0f2c1f14-db75-409f-ba89-d4cf4b8f7c81,2026-06-22T08:30:00Z,2026-06-22T10:30:00+0200,795.71,MW,FR,FR,actual_onshore_wind_generation,Wind Onshore,2026-06-30T22:03:10Z
2026-06-30T22:02:16Z,2026-07-01T00:02:16+0200,0f2c1f14-db75-409f-ba89-d4cf4b8f7c81,2026-06-22T08:45:00Z,2026-06-22T10:45:00+0200,836.21,MW,FR,FR,actual_onshore_wind_generation,Wind Onshore,2026-06-30T22:03:10Z
2026-06-30T22:02:16Z,2026-07-01T00:02:16+0200,0f2c1f14-db75-409f-ba89-d4cf4b8f7c81,2026-06-22T09:00:00Z,2026-06-22T11:00:00+0200,857.53,MW,FR,FR,actual_onshore_wind_generation,Wind Onshore,2026-06-30T22:03:10Z
2026-06-30T22:02:16Z,2026-07-01T00:02:16+0200,0f2c1f14-db75-409f-ba89-d4cf4b8f7c81,2026-06-22T09:15:00Z,2026-06-22T11:15:00+0200,887.66,MW,FR,FR,actual_onshore_wind_generation,Wind Onshore,2026-06-30T22:03:10Z
2026-06-30T22:02:16Z,2026-07-01T00:02:16+0200,0f2c1f14-db75-409f-ba89-d4cf4b8f7c81,2026-06-22T09:30:00Z,2026-06-22T11:30:00+0200,950.17,MW,FR,FR,actual_onshore_wind_generation,Wind Onshore,2026-06-30T22:03:10Z
2026-06-30T22:02:16Z,2026-07-01T00:02:16+0200,0f2c1f14-db75-409f-ba89-d4cf4b8f7c81,2026-06-22T09:45:00Z,2026-06-22T11:45:00+0200,1018.37,MW,FR,FR,actual_onshore_wind_generation,Wind Onshore,2026-06-30T22:03:10Z
2026-06-30T22:02:16Z,2026-07-01T00:02:16+0200,0f2c1f14-db75-409f-ba89-d4cf4b8f7c81,2026-06-22T10:00:00Z,2026-06-22T12:00:00+0200,1059.01,MW,FR,FR,actual_onshore_wind_generation,Wind Onshore,2026-06-30T22:03:10Z
2026-06-30T22:02:16Z,2026-07-01T00:02:16+0200,0f2c1f14-db75-409f-ba89-d4cf4b8f7c81,2026-06-22T10:15:00Z,2026-06-22T12:15:00+0200,1093.77,MW,FR,FR,actual_onshore_wind_generation,Wind Onshore,2026-06-30T22:03:10Z
2026-06-30T22:02:16Z,2026-07-01T00:02:16+0200,0f2c1f14-db75-409f-ba89-d4cf4b8f7c81,2026-06-22T10:30:00Z,2026-06-22T12:30:00+0200,1102.9,MW,FR,FR,actual_onshore_wind_generation,Wind Onshore,2026-06-30T22:03:10Z
2026-06-30T22:02:16Z,2026-07-01T00:02:16+0200,0f2c1f14-db75-409f-ba89-d4cf4b8f7c81,2026-06-22T10:45:00Z,2026-06-22T12:45:00+0200,1117.45,MW,FR,FR,actual_onshore_wind_generation,Wind Onshore,2026-06-30T22:03:10Z
2026-06-30T22:02:16Z,2026-07-01T00:02:16+0200,0f2c1f14-db75-409f-ba89-d4cf4b8f7c81,2026-06-22T11:00:00Z,2026-06-22T13:00:00+0200,1150.56,MW,FR,FR,actual_onshore_wind_generation,Wind Onshore,2026-06-30T22:03:10Z
2026-06-30T22:02:16Z,2026-07-01T00:02:16+0200,0f2c1f14-db75-409f-ba89-d4cf4b8f7c81,2026-06-22T11:15:00Z,2026-06-22T13:15:00+0200,1183.21,MW,FR,FR,actual_onshore_wind_generation,Wind Onshore,2026-06-30T22:03:10Z
2026-06-30T22:02:16Z,2026-07-01T00:02:16+0200,0f2c1f14-db75-409f-ba89-d4cf4b8f7c81,2026-06-22T11:30:00Z,2026-06-22T13:30:00+0200,1202.72,MW,FR,FR,actual_onshore_wind_generation,Wind Onshore,2026-06-30T22:03:10Z
2026-06-30T22:02:16Z,2026-07-01T00:02:16+0200,0f2c1f14-db75-409f-ba89-d4cf4b8f7c81,2026-06-22T11:45:00Z,2026-06-22T13:45:00+0200,1210.45,MW,FR,FR,actual_onshore_wind_generation,Wind Onshore,2026-06-30T22:03:10Z
2026-06-30T22:02:16Z,2026-07-01T00:02:16+0200,0f2c1f14-db75-409f-ba89-d4cf4b8f7c81,2026-06-22T12:00:00Z,2026-06-22T14:00:00+0200,1224.09,MW,FR,FR,actual_onshore_wind_generation,Wind Onshore,2026-06-30T22:03:10Z
2026-06-30T22:02:16Z,2026-07-01T00:02:16+0200,0f2c1f14-db75-409f-ba89-d4cf4b8f7c81,2026-06-22T12:15:00Z,2026-06-22T14:15:00+0200,1251.7,MW,FR,FR,actual_onshore_wind_generation,Wind Onshore,2026-06-30T22:03:10Z
2026-06-30T22:02:16Z,2026-07-01T00:02:16+0200,0f2c1f14-db75-409f-ba89-d4cf4b8f7c81,2026-06-22T12:30:00Z,2026-06-22T14:30:00+0200,1245.69,MW,FR,FR,actual_onshore_wind_generation,Wind Onshore,2026-06-30T22:03:10Z
2026-06-30T22:02:16Z,2026-07-01T00:02:16+0200,0f2c1f14-db75-409f-ba89-d4cf4b8f7c81,2026-06-22T12:45:00Z,2026-06-22T14:45:00+0200,1258.85,MW,FR,FR,actual_onshore_wind_generation,Wind Onshore,2026-06-30T22:03:10Z
2026-06-30T22:02:16Z,2026-07-01T00:02:16+0200,0f2c1f14-db75-409f-ba89-d4cf4b8f7c81,2026-06-22T13:00:00Z,2026-06-22T15:00:00+0200,1254.12,MW,FR,FR,actual_onshore_wind_generation,Wind Onshore,2026-06-30T22:03:10Z
2026-06-30T22:02:16Z,2026-07-01T00:02:16+0200,0f2c1f14-db75-409f-ba89-d4cf4b8f7c81,2026-06-22T13:15:00Z,2026-06-22T15:15:00+0200,1241.63,MW,FR,FR,actual_onshore_wind_generation,Wind Onshore,2026-06-30T22:03:10Z
2026-06-30T22:02:16Z,2026-07-01T00:02:16+0200,0f2c1f14-db75-409f-ba89-d4cf4b8f7c81,2026-06-22T13:30:00Z,2026-06-22T15:30:00+0200,1250.21,MW,FR,FR,actual_onshore_wind_generation,Wind Onshore,2026-06-30T22:03:10Z
2026-06-30T22:02:16Z,2026-07-01T00:02:16+0200,0f2c1f14-db75-409f-ba89-d4cf4b8f7c81,2026-06-22T13:45:00Z,2026-06-22T15:45:00+0200,1230.38,MW,FR,FR,actual_onshore_wind_generation,Wind Onshore,2026-06-30T22:03:10Z
2026-06-30T22:02:16Z,2026-07-01T00:02:16+0200,0f2c1f14-db75-409f-ba89-d4cf4b8f7c81,2026-06-22T14:00:00Z,2026-06-22T16:00:00+0200,1327.46,MW,FR,FR,actual_onshore_wind_generation,Wind Onshore,2026-06-30T22:03:10Z
2026-06-30T22:02:16Z,2026-07-01T00:02:16+0200,0f2c1f14-db75-409f-ba89-d4cf4b8f7c81,2026-06-22T14:15:00Z,2026-06-22T16:15:00+0200,1433.9,MW,FR,FR,actual_onshore_wind_generation,Wind Onshore,2026-06-30T22:03:10Z
2026-06-30T22:02:16Z,2026-07-01T00:02:16+0200,0f2c1f14-db75-409f-ba89-d4cf4b8f7c81,2026-06-22T14:30:00Z,2026-06-22T16:30:00+0200,1430.62,MW,FR,FR,actual_onshore_wind_generation,Wind Onshore,2026-06-30T22:03:10Z
2026-06-30T22:02:16Z,2026-07-01T00:02:16+0200,0f2c1f14-db75-409f-ba89-d4cf4b8f7c81,2026-06-22T14:45:00Z,2026-06-22T16:45:00+0200,1461.84,MW,FR,FR,actual_onshore_wind_generation,Wind Onshore,2026-06-30T22:03:10Z
2026-06-30T22:02:16Z,2026-07-01T00:02:16+0200,0f2c1f14-db75-409f-ba89-d4cf4b8f7c81,2026-06-22T15:00:00Z,2026-06-22T17:00:00+0200,1486.13,MW,FR,FR,actual_onshore_wind_generation,Wind Onshore,2026-06-30T22:03:10Z
2026-06-30T22:02:16Z,2026-07-01T00:02:16+0200,0f2c1f14-db75-409f-ba89-d4cf4b8f7c81,2026-06-22T15:15:00Z,2026-06-22T17:15:00+0200,1542.73,MW,FR,FR,actual_onshore_wind_generation,Wind Onshore,2026-06-30T22:03:10Z
2026-06-30T22:02:16Z,2026-07-01T00:02:16+0200,0f2c1f14-db75-409f-ba89-d4cf4b8f7c81,2026-06-22T15:30:00Z,2026-06-22T17:30:00+0200,1581.15,MW,FR,FR,actual_onshore_wind_generation,Wind Onshore,2026-06-30T22:03:10Z
2026-06-30T22:02:16Z,2026-07-01T00:02:16+0200,0f2c1f14-db75-409f-ba89-d4cf4b8f7c81,2026-06-22T15:45:00Z,2026-06-22T17:45:00+0200,1612.33,MW,FR,FR,actual_onshore_wind_generation,Wind Onshore,2026-06-30T22:03:10Z
2026-06-30T22:02:16Z,2026-07-01T00:02:16+0200,0f2c1f14-db75-409f-ba89-d4cf4b8f7c81,2026-06-22T16:00:00Z,2026-06-22T18:00:00+0200,1657.1,MW,FR,FR,actual_onshore_wind_generation,Wind Onshore,2026-06-30T22:03:10Z
2026-06-30T22:02:16Z,2026-07-01T00:02:16+0200,0f2c1f14-db75-409f-ba89-d4cf4b8f7c81,2026-06-22T16:15:00Z,2026-06-22T18:15:00+0200,1706.27,MW,FR,FR,actual_onshore_wind_generation,Wind Onshore,2026-06-30T22:03:10Z
2026-06-30T22:02:16Z,2026-07-01T00:02:16+0200,0f2c1f14-db75-409f-ba89-d4cf4b8f7c81,2026-06-22T16:30:00Z,2026-06-22T18:30:00+0200,1767.06,MW,FR,FR,actual_onshore_wind_generation,Wind Onshore,2026-06-30T22:03:10Z
2026-06-30T22:02:16Z,2026-07-01T00:02:16+0200,0f2c1f14-db75-409f-ba89-d4cf4b8f7c81,2026-06-22T16:45:00Z,2026-06-22T18:45:00+0200,1854.41,MW,FR,FR,actual_onshore_wind_generation,Wind Onshore,2026-06-30T22:03:10Z
2026-06-30T22:02:16Z,2026-07-01T00:02:16+0200,0f2c1f14-db75-409f-ba89-d4cf4b8f7c81,2026-06-22T17:00:00Z,2026-06-22T19:00:00+0200,1912.6,MW,FR,FR,actual_onshore_wind_generation,Wind Onshore,2026-06-30T22:03:10Z
2026-06-30T22:02:16Z,2026-07-01T00:02:16+0200,0f2c1f14-db75-409f-ba89-d4cf4b8f7c81,2026-06-22T17:15:00Z,2026-06-22T19:15:00+0200,1992.49,MW,FR,FR,actual_onshore_wind_generation,Wind Onshore,2026-06-30T22:03:10Z
2026-06-30T22:02:16Z,2026-07-01T00:02:16+0200,0f2c1f14-db75-409f-ba89-d4cf4b8f7c81,2026-06-22T17:30:00Z,2026-06-22T19:30:00+0200,2188.24,MW,FR,FR,actual_onshore_wind_generation,Wind Onshore,2026-06-30T22:03:10Z
2026-06-30T22:02:16Z,2026-07-01T00:02:16+0200,0f2c1f14-db75-409f-ba89-d4cf4b8f7c81,2026-06-22T17:45:00Z,2026-06-22T19:45:00+0200,2280.15,MW,FR,FR,actual_onshore_wind_generation,Wind Onshore,2026-06-30T22:03:10Z
2026-06-30T22:02:16Z,2026-07-01T00:02:16+0200,0f2c1f14-db75-409f-ba89-d4cf4b8f7c81,2026-06-22T18:00:00Z,2026-06-22T20:00:00+0200,2406.85,MW,FR,FR,actual_onshore_wind_generation,Wind Onshore,2026-06-30T22:03:10Z
2026-06-30T22:02:16Z,2026-07-01T00:02:16+0200,0f2c1f14-db75-409f-ba89-d4cf4b8f7c81,2026-06-22T18:15:00Z,2026-06-22T20:15:00+0200,2520.64,MW,FR,FR,actual_onshore_wind_generation,Wind Onshore,2026-06-30T22:03:10Z
2026-06-30T22:02:16Z,2026-07-01T00:02:16+0200,0f2c1f14-db75-409f-ba89-d4cf4b8f7c81,2026-06-22T18:30:00Z,2026-06-22T20:30:00+0200,2684.65,MW,FR,FR,actual_onshore_wind_generation,Wind Onshore,2026-06-30T22:03:10Z
2026-06-30T22:02:16Z,2026-07-01T00:02:16+0200,0f2c1f14-db75-409f-ba89-d4cf4b8f7c81,2026-06-22T18:45:00Z,2026-06-22T20:45:00+0200,2803.22,MW,FR,FR,actual_onshore_wind_generation,Wind Onshore,2026-06-30T22:03:10Z
2026-06-30T22:02:16Z,2026-07-01T00:02:16+0200,0f2c1f14-db75-409f-ba89-d4cf4b8f7c81,2026-06-22T19:00:00Z,2026-06-22T21:00:00+0200,2911.57,MW,FR,FR,actual_onshore_wind_generation,Wind Onshore,2026-06-30T22:03:10Z
2026-06-30T22:02:16Z,2026-07-01T00:02:16+0200,0f2c1f14-db75-409f-ba89-d4cf4b8f7c81,2026-06-22T19:15:00Z,2026-06-22T21:15:00+0200,3070.14,MW,FR,FR,actual_onshore_wind_generation,Wind Onshore,2026-06-30T22:03:10Z
2026-06-30T22:02:16Z,2026-07-01T00:02:16+0200,0f2c1f14-db75-409f-ba89-d4cf4b8f7c81,2026-06-22T19:30:00Z,2026-06-22T21:30:00+0200,3162.5,MW,FR,FR,actual_onshore_wind_generation,Wind Onshore,2026-06-30T22:03:10Z
2026-06-30T22:02:16Z,2026-07-01T00:02:16+0200,0f2c1f14-db75-409f-ba89-d4cf4b8f7c81,2026-06-22T19:45:00Z,2026-06-22T21:45:00+0200,3421.86,MW,FR,FR,actual_onshore_wind_generation,Wind Onshore,2026-06-30T22:03:10Z
2026-06-30T22:02:16Z,2026-07-01T00:02:16+0200,0f2c1f14-db75-409f-ba89-d4cf4b8f7c81,2026-06-22T20:00:00Z,2026-06-22T22:00:00+0200,3709.05,MW,FR,FR,actual_onshore_wind_generation,Wind Onshore,2026-06-30T22:03:10Z
2026-06-30T22:02:16Z,2026-07-01T00:02:16+0200,0f2c1f14-db75-409f-ba89-d4cf4b8f7c81,2026-06-22T20:15:00Z,2026-06-22T22:15:00+0200,3984.07,MW,FR,FR,actual_onshore_wind_generation,Wind Onshore,2026-06-30T22:03:10Z
2026-06-30T22:02:16Z,2026-07-01T00:02:16+0200,0f2c1f14-db75-409f-ba89-d4cf4b8f7c81,2026-06-22T20:30:00Z,2026-06-22T22:30:00+0200,4228.45,MW,FR,FR,actual_onshore_wind_generation,Wind Onshore,2026-06-30T22:03:10Z
2026-06-30T22:02:16Z,2026-07-01T00:02:16+0200,0f2c1f14-db75-409f-ba89-d4cf4b8f7c81,2026-06-22T20:45:00Z,2026-06-22T22:45:00+0200,4426.53,MW,FR,FR,actual_onshore_wind_generation,Wind Onshore,2026-06-30T22:03:10Z
2026-06-30T22:02:16Z,2026-07-01T00:02:16+0200,0f2c1f14-db75-409f-ba89-d4cf4b8f7c81,2026-06-22T21:00:00Z,2026-06-22T23:00:00+0200,4611.58,MW,FR,FR,actual_onshore_wind_generation,Wind Onshore,2026-06-30T22:03:10Z
2026-06-30T22:02:16Z,2026-07-01T00:02:16+0200,0f2c1f14-db75-409f-ba89-d4cf4b8f7c81,2026-06-22T21:15:00Z,2026-06-22T23:15:00+0200,4713.33,MW,FR,FR,actual_onshore_wind_generation,Wind Onshore,2026-06-30T22:03:10Z
2026-06-30T22:02:16Z,2026-07-01T00:02:16+0200,0f2c1f14-db75-409f-ba89-d4cf4b8f7c81,2026-06-22T21:30:00Z,2026-06-22T23:30:00+0200,4732.35,MW,FR,FR,actual_onshore_wind_generation,Wind Onshore,2026-06-30T22:03:10Z
2026-06-30T22:02:16Z,2026-07-01T00:02:16+0200,0f2c1f14-db75-409f-ba89-d4cf4b8f7c81,2026-06-22T21:45:00Z,2026-06-22T23:45:00+0200,4780.84,MW,FR,FR,actual_onshore_wind_generation,Wind Onshore,2026-06-30T22:03:10Z
2026-06-30T22:02:16Z,2026-07-01T00:02:16+0200,0f2c1f14-db75-409f-ba89-d4cf4b8f7c81,2026-06-22T22:00:00Z,2026-06-23T00:00:00+0200,4817.95,MW,FR,FR,actual_onshore_wind_generation,Wind Onshore,2026-06-30T22:03:10Z
2026-06-30T22:02:16Z,2026-07-01T00:02:16+0200,0f2c1f14-db75-409f-ba89-d4cf4b8f7c81,2026-06-22T22:15:00Z,2026-06-23T00:15:00+0200,4861.76,MW,FR,FR,actual_onshore_wind_generation,Wind Onshore,2026-06-30T22:03:10Z
2026-06-30T22:02:16Z,2026-07-01T00:02:16+0200,0f2c1f14-db75-409f-ba89-d4cf4b8f7c81,2026-06-22T22:30:00Z,2026-06-23T00:30:00+0200,4834.11,MW,FR,FR,actual_onshore_wind_generation,Wind Onshore,2026-06-30T22:03:10Z
2026-06-30T22:02:16Z,2026-07-01T00:02:16+0200,0f2c1f14-db75-409f-ba89-d4cf4b8f7c81,2026-06-22T22:45:00Z,2026-06-23T00:45:00+0200,4722.99,MW,FR,FR,actual_onshore_wind_generation,Wind Onshore,2026-06-30T22:03:10Z
2026-06-30T22:02:16Z,2026-07-01T00:02:16+0200,0f2c1f14-db75-409f-ba89-d4cf4b8f7c81,2026-06-22T23:00:00Z,2026-06-23T01:00:00+0200,4573.26,MW,FR,FR,actual_onshore_wind_generation,Wind Onshore,2026-06-30T22:03:10Z
2026-06-30T22:02:16Z,2026-07-01T00:02:16+0200,0f2c1f14-db75-409f-ba89-d4cf4b8f7c81,2026-06-22T23:15:00Z,2026-06-23T01:15:00+0200,4415.49,MW,FR,FR,actual_onshore_wind_generation,Wind Onshore,2026-06-30T22:03:10Z
2026-06-30T22:02:16Z,2026-07-01T00:02:16+0200,0f2c1f14-db75-409f-ba89-d4cf4b8f7c81,2026-06-22T23:30:00Z,2026-06-23T01:30:00+0200,4337.17,MW,FR,FR,actual_onshore_wind_generation,Wind Onshore,2026-06-30T22:03:10Z
2026-06-30T22:02:16Z,2026-07-01T00:02:16+0200,0f2c1f14-db75-409f-ba89-d4cf4b8f7c81,2026-06-22T23:45:00Z,2026-06-23T01:45:00+0200,4246.53,MW,FR,FR,actual_onshore_wind_generation,Wind Onshore,2026-06-30T22:03:10Z
2026-06-30T22:02:16Z,2026-07-01T00:02:16+0200,0f2c1f14-db75-409f-ba89-d4cf4b8f7c81,2026-06-23T00:00:00Z,2026-06-23T02:00:00+0200,4134.53,MW,FR,FR,actual_onshore_wind_generation,Wind Onshore,2026-06-30T22:03:10Z
2026-06-30T22:02:16Z,2026-07-01T00:02:16+0200,0f2c1f14-db75-409f-ba89-d4cf4b8f7c81,2026-06-23T00:15:00Z,2026-06-23T02:15:00+0200,4020.14,MW,FR,FR,actual_onshore_wind_generation,Wind Onshore,2026-06-30T22:03:10Z
2026-06-30T22:02:16Z,2026-07-01T00:02:16+0200,0f2c1f14-db75-409f-ba89-d4cf4b8f7c81,2026-06-23T00:30:00Z,2026-06-23T02:30:00+0200,3927.02,MW,FR,FR,actual_onshore_wind_generation,Wind Onshore,2026-06-30T22:03:10Z
2026-06-30T22:02:16Z,2026-07-01T00:02:16+0200,0f2c1f14-db75-409f-ba89-d4cf4b8f7c81,2026-06-23T00:45:00Z,2026-06-23T02:45:00+0200,3798.95,MW,FR,FR,actual_onshore_wind_generation,Wind Onshore,2026-06-30T22:03:10Z
2026-06-30T22:02:16Z,2026-07-01T00:02:16+0200,0f2c1f14-db75-409f-ba89-d4cf4b8f7c81,2026-06-23T01:00:00Z,2026-06-23T03:00:00+0200,3686.83,MW,FR,FR,actual_onshore_wind_generation,Wind Onshore,2026-06-30T22:03:10Z
2026-06-30T22:02:16Z,2026-07-01T00:02:16+0200,0f2c1f14-db75-409f-ba89-d4cf4b8f7c81,2026-06-23T01:15:00Z,2026-06-23T03:15:00+0200,3629.49,MW,FR,FR,actual_onshore_wind_generation,Wind Onshore,2026-06-30T22:03:10Z
2026-06-30T22:02:16Z,2026-07-01T00:02:16+0200,0f2c1f14-db75-409f-ba89-d4cf4b8f7c81,2026-06-23T01:30:00Z,2026-06-23T03:30:00+0200,3585.96,MW,FR,FR,actual_onshore_wind_generation,Wind Onshore,2026-06-30T22:03:10Z
2026-06-30T22:02:16Z,2026-07-01T00:02:16+0200,0f2c1f14-db75-409f-ba89-d4cf4b8f7c81,2026-06-23T01:45:00Z,2026-06-23T03:45:00+0200,3559.79,MW,FR,FR,actual_onshore_wind_generation,Wind Onshore,2026-06-30T22:03:10Z
2026-06-30T22:02:16Z,2026-07-01T00:02:16+0200,0f2c1f14-db75-409f-ba89-d4cf4b8f7c81,2026-06-23T02:00:00Z,2026-06-23T04:00:00+0200,3487.3,MW,FR,FR,actual_onshore_wind_generation,Wind Onshore,2026-06-30T22:03:10Z
2026-06-30T22:02:16Z,2026-07-01T00:02:16+0200,0f2c1f14-db75-409f-ba89-d4cf4b8f7c81,2026-06-23T02:15:00Z,2026-06-23T04:15:00+0200,3486.19,MW,FR,FR,actual_onshore_wind_generation,Wind Onshore,2026-06-30T22:03:10Z
2026-06-30T22:02:16Z,2026-07-01T00:02:16+0200,0f2c1f14-db75-409f-ba89-d4cf4b8f7c81,2026-06-23T02:30:00Z,2026-06-23T04:30:00+0200,3545.73,MW,FR,FR,actual_onshore_wind_generation,Wind Onshore,2026-06-30T22:03:10Z
2026-06-30T22:02:16Z,2026-07-01T00:02:16+0200,0f2c1f14-db75-409f-ba89-d4cf4b8f7c81,2026-06-23T02:45:00Z,2026-06-23T04:45:00+0200,3594.12,MW,FR,FR,actual_onshore_wind_generation,Wind Onshore,2026-06-30T22:03:10Z
2026-06-30T22:02:16Z,2026-07-01T00:02:16+0200,0f2c1f14-db75-409f-ba89-d4cf4b8f7c81,2026-06-23T03:00:00Z,2026-06-23T05:00:00+0200,3632.5,MW,FR,FR,actual_onshore_wind_generation,Wind Onshore,2026-06-30T22:03:10Z
2026-06-30T22:02:16Z,2026-07-01T00:02:16+0200,0f2c1f14-db75-409f-ba89-d4cf4b8f7c81,2026-06-23T03:15:00Z,2026-06-23T05:15:00+0200,3654.0,MW,FR,FR,actual_onshore_wind_generation,Wind Onshore,2026-06-30T22:03:10Z
2026-06-30T22:02:16Z,2026-07-01T00:02:16+0200,0f2c1f14-db75-409f-ba89-d4cf4b8f7c81,2026-06-23T03:30:00Z,2026-06-23T05:30:00+0200,3703.6,MW,FR,FR,actual_onshore_wind_generation,Wind Onshore,2026-06-30T22:03:10Z
2026-06-30T22:02:16Z,2026-07-01T00:02:16+0200,0f2c1f14-db75-409f-ba89-d4cf4b8f7c81,2026-06-23T03:45:00Z,2026-06-23T05:45:00+0200,3807.42,MW,FR,FR,actual_onshore_wind_generation,Wind Onshore,2026-06-30T22:03:10Z
2026-06-30T22:02:16Z,2026-07-01T00:02:16+0200,0f2c1f14-db75-409f-ba89-d4cf4b8f7c81,2026-06-23T04:00:00Z,2026-06-23T06:00:00+0200,3796.34,MW,FR,FR,actual_onshore_wind_generation,Wind Onshore,2026-06-30T22:03:10Z
2026-06-30T22:02:16Z,2026-07-01T00:02:16+0200,0f2c1f14-db75-409f-ba89-d4cf4b8f7c81,2026-06-23T04:15:00Z,2026-06-23T06:15:00+0200,3643.35,MW,FR,FR,actual_onshore_wind_generation,Wind Onshore,2026-06-30T22:03:10Z
2026-06-30T22:02:16Z,2026-07-01T00:02:16+0200,0f2c1f14-db75-409f-ba89-d4cf4b8f7c81,2026-06-23T04:30:00Z,2026-06-23T06:30:00+0200,3418.58,MW,FR,FR,actual_onshore_wind_generation,Wind Onshore,2026-06-30T22:03:10Z
2026-06-30T22:02:16Z,2026-07-01T00:02:16+0200,0f2c1f14-db75-409f-ba89-d4cf4b8f7c81,2026-06-23T04:45:00Z,2026-06-23T06:45:00+0200,3305.24,MW,FR,FR,actual_onshore_wind_generation,Wind Onshore,2026-06-30T22:03:10Z
2026-06-30T22:02:16Z,2026-07-01T00:02:16+0200,0f2c1f14-db75-409f-ba89-d4cf4b8f7c81,2026-06-23T05:00:00Z,2026-06-23T07:00:00+0200,3236.72,MW,FR,FR,actual_onshore_wind_generation,Wind Onshore,2026-06-30T22:03:10Z
2026-06-30T22:02:16Z,2026-07-01T00:02:16+0200,0f2c1f14-db75-409f-ba89-d4cf4b8f7c81,2026-06-23T05:15:00Z,2026-06-23T07:15:00+0200,3102.39,MW,FR,FR,actual_onshore_wind_generation,Wind Onshore,2026-06-30T22:03:10Z
2026-06-30T22:02:16Z,2026-07-01T00:02:16+0200,0f2c1f14-db75-409f-ba89-d4cf4b8f7c81,2026-06-23T05:30:00Z,2026-06-23T07:30:00+0200,2970.63,MW,FR,FR,actual_onshore_wind_generation,Wind Onshore,2026-06-30T22:03:10Z
2026-06-30T22:02:16Z,2026-07-01T00:02:16+0200,0f2c1f14-db75-409f-ba89-d4cf4b8f7c81,2026-06-23T05:45:00Z,2026-06-23T07:45:00+0200,2824.21,MW,FR,FR,actual_onshore_wind_generation,Wind Onshore,2026-06-30T22:03:10Z
2026-06-30T22:02:16Z,2026-07-01T00:02:16+0200,0f2c1f14-db75-409f-ba89-d4cf4b8f7c81,2026-06-23T06:00:00Z,2026-06-23T08:00:00+0200,2946.12,MW,FR,FR,actual_onshore_wind_generation,Wind Onshore,2026-06-30T22:03:10Z
2026-06-30T22:02:16Z,2026-07-01T00:02:16+0200,0f2c1f14-db75-409f-ba89-d4cf4b8f7c81,2026-06-23T06:15:00Z,2026-06-23T08:15:00+0200,3098.56,MW,FR,FR,actual_onshore_wind_generation,Wind Onshore,2026-06-30T22:03:10Z
2026-06-30T22:02:16Z,2026-07-01T00:02:16+0200,0f2c1f14-db75-409f-ba89-d4cf4b8f7c81,2026-06-23T06:30:00Z,2026-06-23T08:30:00+0200,3088.4,MW,FR,FR,actual_onshore_wind_generation,Wind Onshore,2026-06-30T22:03:10Z
2026-06-30T22:02:16Z,2026-07-01T00:02:16+0200,0f2c1f14-db75-409f-ba89-d4cf4b8f7c81,2026-06-23T06:45:00Z,2026-06-23T08:45:00+0200,3433.77,MW,FR,FR,actual_onshore_wind_generation,Wind Onshore,2026-06-30T22:03:10Z
2026-06-30T22:02:16Z,2026-07-01T00:02:16+0200,0f2c1f14-db75-409f-ba89-d4cf4b8f7c81,2026-06-23T07:00:00Z,2026-06-23T09:00:00+0200,3796.12,MW,FR,FR,actual_onshore_wind_generation,Wind Onshore,2026-06-30T22:03:10Z
2026-06-30T22:02:16Z,2026-07-01T00:02:16+0200,0f2c1f14-db75-409f-ba89-d4cf4b8f7c81,2026-06-23T07:15:00Z,2026-06-23T09:15:00+0200,3820.5,MW,FR,FR,actual_onshore_wind_generation,Wind Onshore,2026-06-30T22:03:10Z
2026-06-30T22:02:16Z,2026-07-01T00:02:16+0200,0f2c1f14-db75-409f-ba89-d4cf4b8f7c81,2026-06-23T07:30:00Z,2026-06-23T09:30:00+0200,3538.25,MW,FR,FR,actual_onshore_wind_generation,Wind Onshore,2026-06-30T22:03:10Z
2026-06-30T22:02:16Z,2026-07-01T00:02:16+0200,0f2c1f14-db75-409f-ba89-d4cf4b8f7c81,2026-06-23T07:45:00Z,2026-06-23T09:45:00+0200,3208.54,MW,FR,FR,actual_onshore_wind_generation,Wind Onshore,2026-06-30T22:03:10Z
2026-06-30T22:02:16Z,2026-07-01T00:02:16+0200,0f2c1f14-db75-409f-ba89-d4cf4b8f7c81,2026-06-23T08:00:00Z,2026-06-23T10:00:00+0200,2960.84,MW,FR,FR,actual_onshore_wind_generation,Wind Onshore,2026-06-30T22:03:10Z
2026-06-30T22:02:16Z,2026-07-01T00:02:16+0200,0f2c1f14-db75-409f-ba89-d4cf4b8f7c81,2026-06-23T08:15:00Z,2026-06-23T10:15:00+0200,2965.59,MW,FR,FR,actual_onshore_wind_generation,Wind Onshore,2026-06-30T22:03:10Z
2026-06-30T22:02:16Z,2026-07-01T00:02:16+0200,0f2c1f14-db75-409f-ba89-d4cf4b8f7c81,2026-06-23T08:30:00Z,2026-06-23T10:30:00+0200,2845.81,MW,FR,FR,actual_onshore_wind_generation,Wind Onshore,2026-06-30T22:03:10Z
2026-06-30T22:02:16Z,2026-07-01T00:02:16+0200,0f2c1f14-db75-409f-ba89-d4cf4b8f7c81,2026-06-23T08:45:00Z,2026-06-23T10:45:00+0200,2646.99,MW,FR,FR,actual_onshore_wind_generation,Wind Onshore,2026-06-30T22:03:10Z
2026-06-30T22:02:16Z,2026-07-01T00:02:16+0200,0f2c1f14-db75-409f-ba89-d4cf4b8f7c81,2026-06-23T09:00:00Z,2026-06-23T11:00:00+0200,2648.36,MW,FR,FR,actual_onshore_wind_generation,Wind Onshore,2026-06-30T22:03:10Z
2026-06-30T22:02:16Z,2026-07-01T00:02:16+0200,0f2c1f14-db75-409f-ba89-d4cf4b8f7c81,2026-06-23T09:15:00Z,2026-06-23T11:15:00+0200,2562.91,MW,FR,FR,actual_onshore_wind_generation,Wind Onshore,2026-06-30T22:03:10Z
2026-06-30T22:02:16Z,2026-07-01T00:02:16+0200,0f2c1f14-db75-409f-ba89-d4cf4b8f7c81,2026-06-23T09:30:00Z,2026-06-23T11:30:00+0200,2500.05,MW,FR,FR,actual_onshore_wind_generation,Wind Onshore,2026-06-30T22:03:10Z
2026-06-30T22:02:16Z,2026-07-01T00:02:16+0200,0f2c1f14-db75-409f-ba89-d4cf4b8f7c81,2026-06-23T09:45:00Z,2026-06-23T11:45:00+0200,2542.64,MW,FR,FR,actual_onshore_wind_generation,Wind Onshore,2026-06-30T22:03:10Z
2026-06-30T22:02:16Z,2026-07-01T00:02:16+0200,0f2c1f14-db75-409f-ba89-d4cf4b8f7c81,2026-06-23T10:00:00Z,2026-06-23T12:00:00+0200,2646.85,MW,FR,FR,actual_onshore_wind_generation,Wind Onshore,2026-06-30T22:03:10Z
2026-06-30T22:02:16Z,2026-07-01T00:02:16+0200,0f2c1f14-db75-409f-ba89-d4cf4b8f7c81,2026-06-23T10:15:00Z,2026-06-23T12:15:00+0200,2660.41,MW,FR,FR,actual_onshore_wind_generation,Wind Onshore,2026-06-30T22:03:10Z
2026-06-30T22:02:16Z,2026-07-01T00:02:16+0200,0f2c1f14-db75-409f-ba89-d4cf4b8f7c81,2026-06-23T10:30:00Z,2026-06-23T12:30:00+0200,2424.3,MW,FR,FR,actual_onshore_wind_generation,Wind Onshore,2026-06-30T22:03:10Z
2026-06-30T22:02:16Z,2026-07-01T00:02:16+0200,0f2c1f14-db75-409f-ba89-d4cf4b8f7c81,2026-06-23T10:45:00Z,2026-06-23T12:45:00+0200,2415.52,MW,FR,FR,actual_onshore_wind_generation,Wind Onshore,2026-06-30T22:03:10Z
2026-06-30T22:02:16Z,2026-07-01T00:02:16+0200,0f2c1f14-db75-409f-ba89-d4cf4b8f7c81,2026-06-23T11:00:00Z,2026-06-23T13:00:00+0200,2237.51,MW,FR,FR,actual_onshore_wind_generation,Wind Onshore,2026-06-30T22:03:10Z
2026-06-30T22:02:16Z,2026-07-01T00:02:16+0200,0f2c1f14-db75-409f-ba89-d4cf4b8f7c81,2026-06-23T11:15:00Z,2026-06-23T13:15:00+0200,1981.99,MW,FR,FR,actual_onshore_wind_generation,Wind Onshore,2026-06-30T22:03:10Z
2026-06-30T22:02:16Z,2026-07-01T00:02:16+0200,0f2c1f14-db75-409f-ba89-d4cf4b8f7c81,2026-06-23T11:30:00Z,2026-06-23T13:30:00+0200,1813.46,MW,FR,FR,actual_onshore_wind_generation,Wind Onshore,2026-06-30T22:03:10Z
2026-06-30T22:02:16Z,2026-07-01T00:02:16+0200,0f2c1f14-db75-409f-ba89-d4cf4b8f7c81,2026-06-23T11:45:00Z,2026-06-23T13:45:00+0200,1706.2,MW,FR,FR,actual_onshore_wind_generation,Wind Onshore,2026-06-30T22:03:10Z
2026-06-30T22:02:16Z,2026-07-01T00:02:16+0200,0f2c1f14-db75-409f-ba89-d4cf4b8f7c81,2026-06-23T12:00:00Z,2026-06-23T14:00:00+0200,1612.93,MW,FR,FR,actual_onshore_wind_generation,Wind Onshore,2026-06-30T22:03:10Z
2026-06-30T22:02:16Z,2026-07-01T00:02:16+0200,0f2c1f14-db75-409f-ba89-d4cf4b8f7c81,2026-06-23T12:15:00Z,2026-06-23T14:15:00+0200,1570.19,MW,FR,FR,actual_onshore_wind_generation,Wind Onshore,2026-06-30T22:03:10Z
2026-06-30T22:02:16Z,2026-07-01T00:02:16+0200,0f2c1f14-db75-409f-ba89-d4cf4b8f7c81,2026-06-23T12:30:00Z,2026-06-23T14:30:00+0200,1526.61,MW,FR,FR,actual_onshore_wind_generation,Wind Onshore,2026-06-30T22:03:10Z
2026-06-30T22:02:16Z,2026-07-01T00:02:16+0200,0f2c1f14-db75-409f-ba89-d4cf4b8f7c81,2026-06-23T12:45:00Z,2026-06-23T14:45:00+0200,1491.09,MW,FR,FR,actual_onshore_wind_generation,Wind Onshore,2026-06-30T22:03:10Z
2026-06-30T22:02:16Z,2026-07-01T00:02:16+0200,0f2c1f14-db75-409f-ba89-d4cf4b8f7c81,2026-06-23T13:00:00Z,2026-06-23T15:00:00+0200,1429.79,MW,FR,FR,actual_onshore_wind_generation,Wind Onshore,2026-06-30T22:03:10Z
2026-06-30T22:02:16Z,2026-07-01T00:02:16+0200,0f2c1f14-db75-409f-ba89-d4cf4b8f7c81,2026-06-23T13:15:00Z,2026-06-23T15:15:00+0200,1319.08,MW,FR,FR,actual_onshore_wind_generation,Wind Onshore,2026-06-30T22:03:10Z
2026-06-30T22:02:16Z,2026-07-01T00:02:16+0200,0f2c1f14-db75-409f-ba89-d4cf4b8f7c81,2026-06-23T13:30:00Z,2026-06-23T15:30:00+0200,1241.16,MW,FR,FR,actual_onshore_wind_generation,Wind Onshore,2026-06-30T22:03:10Z
2026-06-30T22:02:16Z,2026-07-01T00:02:16+0200,0f2c1f14-db75-409f-ba89-d4cf4b8f7c81,2026-06-23T13:45:00Z,2026-06-23T15:45:00+0200,1190.37,MW,FR,FR,actual_onshore_wind_generation,Wind Onshore,2026-06-30T22:03:10Z
2026-06-30T22:02:16Z,2026-07-01T00:02:16+0200,0f2c1f14-db75-409f-ba89-d4cf4b8f7c81,2026-06-23T14:00:00Z,2026-06-23T16:00:00+0200,1151.77,MW,FR,FR,actual_onshore_wind_generation,Wind Onshore,2026-06-30T22:03:10Z
2026-06-30T22:02:16Z,2026-07-01T00:02:16+0200,0f2c1f14-db75-409f-ba89-d4cf4b8f7c81,2026-06-23T14:15:00Z,2026-06-23T16:15:00+0200,1147.33,MW,FR,FR,actual_onshore_wind_generation,Wind Onshore,2026-06-30T22:03:10Z
2026-06-30T22:02:16Z,2026-07-01T00:02:16+0200,0f2c1f14-db75-409f-ba89-d4cf4b8f7c81,2026-06-23T14:30:00Z,2026-06-23T16:30:00+0200,1151.3,MW,FR,FR,actual_onshore_wind_generation,Wind Onshore,2026-06-30T22:03:10Z
2026-06-30T22:02:16Z,2026-07-01T00:02:16+0200,0f2c1f14-db75-409f-ba89-d4cf4b8f7c81,2026-06-23T14:45:00Z,2026-06-23T16:45:00+0200,1131.17,MW,FR,FR,actual_onshore_wind_generation,Wind Onshore,2026-06-30T22:03:10Z
2026-06-30T22:02:16Z,2026-07-01T00:02:16+0200,0f2c1f14-db75-409f-ba89-d4cf4b8f7c81,2026-06-23T15:00:00Z,2026-06-23T17:00:00+0200,1111.82,MW,FR,FR,actual_onshore_wind_generation,Wind Onshore,2026-06-30T22:03:10Z
2026-06-30T22:02:16Z,2026-07-01T00:02:16+0200,0f2c1f14-db75-409f-ba89-d4cf4b8f7c81,2026-06-23T15:15:00Z,2026-06-23T17:15:00+0200,1139.55,MW,FR,FR,actual_onshore_wind_generation,Wind Onshore,2026-06-30T22:03:10Z
2026-06-30T22:02:16Z,2026-07-01T00:02:16+0200,0f2c1f14-db75-409f-ba89-d4cf4b8f7c81,2026-06-23T15:30:00Z,2026-06-23T17:30:00+0200,1144.1,MW,FR,FR,actual_onshore_wind_generation,Wind Onshore,2026-06-30T22:03:10Z
2026-06-30T22:02:16Z,2026-07-01T00:02:16+0200,0f2c1f14-db75-409f-ba89-d4cf4b8f7c81,2026-06-23T15:45:00Z,2026-06-23T17:45:00+0200,1157.92,MW,FR,FR,actual_onshore_wind_generation,Wind Onshore,2026-06-30T22:03:10Z
2026-06-30T22:02:16Z,2026-07-01T00:02:16+0200,0f2c1f14-db75-409f-ba89-d4cf4b8f7c81,2026-06-23T16:00:00Z,2026-06-23T18:00:00+0200,1213.96,MW,FR,FR,actual_onshore_wind_generation,Wind Onshore,2026-06-30T22:03:10Z
2026-06-30T22:02:16Z,2026-07-01T00:02:16+0200,0f2c1f14-db75-409f-ba89-d4cf4b8f7c81,2026-06-23T16:15:00Z,2026-06-23T18:15:00+0200,1247.08,MW,FR,FR,actual_onshore_wind_generation,Wind Onshore,2026-06-30T22:03:10Z
2026-06-30T22:02:16Z,2026-07-01T00:02:16+0200,0f2c1f14-db75-409f-ba89-d4cf4b8f7c81,2026-06-23T16:30:00Z,2026-06-23T18:30:00+0200,1263.06,MW,FR,FR,actual_onshore_wind_generation,Wind Onshore,2026-06-30T22:03:10Z
2026-06-30T22:02:16Z,2026-07-01T00:02:16+0200,0f2c1f14-db75-409f-ba89-d4cf4b8f7c81,2026-06-23T16:45:00Z,2026-06-23T18:45:00+0200,1226.06,MW,FR,FR,actual_onshore_wind_generation,Wind Onshore,2026-06-30T22:03:10Z
2026-06-30T22:02:16Z,2026-07-01T00:02:16+0200,0f2c1f14-db75-409f-ba89-d4cf4b8f7c81,2026-06-23T17:00:00Z,2026-06-23T19:00:00+0200,1188.0,MW,FR,FR,actual_onshore_wind_generation,Wind Onshore,2026-06-30T22:03:10Z
2026-06-30T22:02:16Z,2026-07-01T00:02:16+0200,0f2c1f14-db75-409f-ba89-d4cf4b8f7c81,2026-06-23T17:15:00Z,2026-06-23T19:15:00+0200,1261.85,MW,FR,FR,actual_onshore_wind_generation,Wind Onshore,2026-06-30T22:03:10Z
2026-06-30T22:02:16Z,2026-07-01T00:02:16+0200,0f2c1f14-db75-409f-ba89-d4cf4b8f7c81,2026-06-23T17:30:00Z,2026-06-23T19:30:00+0200,1321.16,MW,FR,FR,actual_onshore_wind_generation,Wind Onshore,2026-06-30T22:03:10Z
2026-06-30T22:02:16Z,2026-07-01T00:02:16+0200,0f2c1f14-db75-409f-ba89-d4cf4b8f7c81,2026-06-23T17:45:00Z,2026-06-23T19:45:00+0200,1371.0,MW,FR,FR,actual_onshore_wind_generation,Wind Onshore,2026-06-30T22:03:10Z
2026-06-30T22:02:16Z,2026-07-01T00:02:16+0200,0f2c1f14-db75-409f-ba89-d4cf4b8f7c81,2026-06-23T18:00:00Z,2026-06-23T20:00:00+0200,1439.02,MW,FR,FR,actual_onshore_wind_generation,Wind Onshore,2026-06-30T22:03:10Z
2026-06-30T22:02:16Z,2026-07-01T00:02:16+0200,0f2c1f14-db75-409f-ba89-d4cf4b8f7c81,2026-06-23T18:15:00Z,2026-06-23T20:15:00+0200,1541.97,MW,FR,FR,actual_onshore_wind_generation,Wind Onshore,2026-06-30T22:03:10Z
2026-06-30T22:02:16Z,2026-07-01T00:02:16+0200,0f2c1f14-db75-409f-ba89-d4cf4b8f7c81,2026-06-23T18:30:00Z,2026-06-23T20:30:00+0200,1663.77,MW,FR,FR,actual_onshore_wind_generation,Wind Onshore,2026-06-30T22:03:10Z
2026-06-30T22:02:16Z,2026-07-01T00:02:16+0200,0f2c1f14-db75-409f-ba89-d4cf4b8f7c81,2026-06-23T18:45:00Z,2026-06-23T20:45:00+0200,1760.83,MW,FR,FR,actual_onshore_wind_generation,Wind Onshore,2026-06-30T22:03:10Z
2026-06-30T22:02:16Z,2026-07-01T00:02:16+0200,0f2c1f14-db75-409f-ba89-d4cf4b8f7c81,2026-06-23T19:00:00Z,2026-06-23T21:00:00+0200,1912.61,MW,FR,FR,actual_onshore_wind_generation,Wind Onshore,2026-06-30T22:03:10Z
2026-06-30T22:02:16Z,2026-07-01T00:02:16+0200,0f2c1f14-db75-409f-ba89-d4cf4b8f7c81,2026-06-23T19:15:00Z,2026-06-23T21:15:00+0200,2141.99,MW,FR,FR,actual_onshore_wind_generation,Wind Onshore,2026-06-30T22:03:10Z
2026-06-30T22:02:16Z,2026-07-01T00:02:16+0200,0f2c1f14-db75-409f-ba89-d4cf4b8f7c81,2026-06-23T19:30:00Z,2026-06-23T21:30:00+0200,2388.84,MW,FR,FR,actual_onshore_wind_generation,Wind Onshore,2026-06-30T22:03:10Z
2026-06-30T22:02:16Z,2026-07-01T00:02:16+0200,0f2c1f14-db75-409f-ba89-d4cf4b8f7c81,2026-06-23T19:45:00Z,2026-06-23T21:45:00+0200,2600.01,MW,FR,FR,actual_onshore_wind_generation,Wind Onshore,2026-06-30T22:03:10Z
2026-06-30T22:02:16Z,2026-07-01T00:02:16+0200,0f2c1f14-db75-409f-ba89-d4cf4b8f7c81,2026-06-23T20:00:00Z,2026-06-23T22:00:00+0200,2791.3,MW,FR,FR,actual_onshore_wind_generation,Wind Onshore,2026-06-30T22:03:10Z
2026-06-30T22:02:16Z,2026-07-01T00:02:16+0200,0f2c1f14-db75-409f-ba89-d4cf4b8f7c81,2026-06-23T20:15:00Z,2026-06-23T22:15:00+0200,2998.32,MW,FR,FR,actual_onshore_wind_generation,Wind Onshore,2026-06-30T22:03:10Z
2026-06-30T22:02:16Z,2026-07-01T00:02:16+0200,0f2c1f14-db75-409f-ba89-d4cf4b8f7c81,2026-06-23T20:30:00Z,2026-06-23T22:30:00+0200,3178.34,MW,FR,FR,actual_onshore_wind_generation,Wind Onshore,2026-06-30T22:03:10Z
2026-06-30T22:02:16Z,2026-07-01T00:02:16+0200,0f2c1f14-db75-409f-ba89-d4cf4b8f7c81,2026-06-23T20:45:00Z,2026-06-23T22:45:00+0200,3305.93,MW,FR,FR,actual_onshore_wind_generation,Wind Onshore,2026-06-30T22:03:10Z
2026-06-30T22:02:16Z,2026-07-01T00:02:16+0200,0f2c1f14-db75-409f-ba89-d4cf4b8f7c81,2026-06-23T21:00:00Z,2026-06-23T23:00:00+0200,3349.64,MW,FR,FR,actual_onshore_wind_generation,Wind Onshore,2026-06-30T22:03:10Z
2026-06-30T22:02:16Z,2026-07-01T00:02:16+0200,0f2c1f14-db75-409f-ba89-d4cf4b8f7c81,2026-06-23T21:15:00Z,2026-06-23T23:15:00+0200,3403.25,MW,FR,FR,actual_onshore_wind_generation,Wind Onshore,2026-06-30T22:03:10Z
2026-06-30T22:02:16Z,2026-07-01T00:02:16+0200,0f2c1f14-db75-409f-ba89-d4cf4b8f7c81,2026-06-23T21:30:00Z,2026-06-23T23:30:00+0200,3416.24,MW,FR,FR,actual_onshore_wind_generation,Wind Onshore,2026-06-30T22:03:10Z
2026-06-30T22:02:16Z,2026-07-01T00:02:16+0200,0f2c1f14-db75-409f-ba89-d4cf4b8f7c81,2026-06-23T21:45:00Z,2026-06-23T23:45:00+0200,3455.85,MW,FR,FR,actual_onshore_wind_generation,Wind Onshore,2026-06-30T22:03:10Z
2026-06-30T22:02:16Z,2026-07-01T00:02:16+0200,0f2c1f14-db75-409f-ba89-d4cf4b8f7c81,2026-06-23T22:00:00Z,2026-06-24T00:00:00+0200,3504.93,MW,FR,FR,actual_onshore_wind_generation,Wind Onshore,2026-06-30T22:03:10Z
2026-06-30T22:02:16Z,2026-07-01T00:02:16+0200,0f2c1f14-db75-409f-ba89-d4cf4b8f7c81,2026-06-23T22:15:00Z,2026-06-24T00:15:00+0200,3509.26,MW,FR,FR,actual_onshore_wind_generation,Wind Onshore,2026-06-30T22:03:10Z
2026-06-30T22:02:16Z,2026-07-01T00:02:16+0200,0f2c1f14-db75-409f-ba89-d4cf4b8f7c81,2026-06-23T22:30:00Z,2026-06-24T00:30:00+0200,3474.23,MW,FR,FR,actual_onshore_wind_generation,Wind Onshore,2026-06-30T22:03:10Z
2026-06-30T22:02:16Z,2026-07-01T00:02:16+0200,0f2c1f14-db75-409f-ba89-d4cf4b8f7c81,2026-06-23T22:45:00Z,2026-06-24T00:45:00+0200,3500.43,MW,FR,FR,actual_onshore_wind_generation,Wind Onshore,2026-06-30T22:03:10Z
2026-06-30T22:02:16Z,2026-07-01T00:02:16+0200,0f2c1f14-db75-409f-ba89-d4cf4b8f7c81,2026-06-23T23:00:00Z,2026-06-24T01:00:00+0200,3532.03,MW,FR,FR,actual_onshore_wind_generation,Wind Onshore,2026-06-30T22:03:10Z
2026-06-30T22:02:16Z,2026-07-01T00:02:16+0200,0f2c1f14-db75-409f-ba89-d4cf4b8f7c81,2026-06-23T23:15:00Z,2026-06-24T01:15:00+0200,3582.61,MW,FR,FR,actual_onshore_wind_generation,Wind Onshore,2026-06-30T22:03:10Z
2026-06-30T22:02:16Z,2026-07-01T00:02:16+0200,0f2c1f14-db75-409f-ba89-d4cf4b8f7c81,2026-06-23T23:30:00Z,2026-06-24T01:30:00+0200,3560.97,MW,FR,FR,actual_onshore_wind_generation,Wind Onshore,2026-06-30T22:03:10Z
2026-06-30T22:02:16Z,2026-07-01T00:02:16+0200,0f2c1f14-db75-409f-ba89-d4cf4b8f7c81,2026-06-23T23:45:00Z,2026-06-24T01:45:00+0200,3587.9,MW,FR,FR,actual_onshore_wind_generation,Wind Onshore,2026-06-30T22:03:10Z
2026-06-30T22:02:16Z,2026-07-01T00:02:16+0200,0f2c1f14-db75-409f-ba89-d4cf4b8f7c81,2026-06-24T00:00:00Z,2026-06-24T02:00:00+0200,3629.78,MW,FR,FR,actual_onshore_wind_generation,Wind Onshore,2026-06-30T22:03:10Z
2026-06-30T22:02:16Z,2026-07-01T00:02:16+0200,0f2c1f14-db75-409f-ba89-d4cf4b8f7c81,2026-06-24T00:15:00Z,2026-06-24T02:15:00+0200,3612.5,MW,FR,FR,actual_onshore_wind_generation,Wind Onshore,2026-06-30T22:03:10Z
2026-06-30T22:02:16Z,2026-07-01T00:02:16+0200,0f2c1f14-db75-409f-ba89-d4cf4b8f7c81,2026-06-24T00:30:00Z,2026-06-24T02:30:00+0200,3578.36,MW,FR,FR,actual_onshore_wind_generation,Wind Onshore,2026-06-30T22:03:10Z
2026-06-30T22:02:16Z,2026-07-01T00:02:16+0200,0f2c1f14-db75-409f-ba89-d4cf4b8f7c81,2026-06-24T00:45:00Z,2026-06-24T02:45:00+0200,3548.45,MW,FR,FR,actual_onshore_wind_generation,Wind Onshore,2026-06-30T22:03:10Z
2026-06-30T22:02:16Z,2026-07-01T00:02:16+0200,0f2c1f14-db75-409f-ba89-d4cf4b8f7c81,2026-06-24T01:00:00Z,2026-06-24T03:00:00+0200,3588.58,MW,FR,FR,actual_onshore_wind_generation,Wind Onshore,2026-06-30T22:03:10Z
2026-06-30T22:02:16Z,2026-07-01T00:02:16+0200,0f2c1f14-db75-409f-ba89-d4cf4b8f7c81,2026-06-24T01:15:00Z,2026-06-24T03:15:00+0200,3614.17,MW,FR,FR,actual_onshore_wind_generation,Wind Onshore,2026-06-30T22:03:10Z
2026-06-30T22:02:16Z,2026-07-01T00:02:16+0200,0f2c1f14-db75-409f-ba89-d4cf4b8f7c81,2026-06-24T01:30:00Z,2026-06-24T03:30:00+0200,3626.3,MW,FR,FR,actual_onshore_wind_generation,Wind Onshore,2026-06-30T22:03:10Z
2026-06-30T22:02:16Z,2026-07-01T00:02:16+0200,0f2c1f14-db75-409f-ba89-d4cf4b8f7c81,2026-06-24T01:45:00Z,2026-06-24T03:45:00+0200,3591.14,MW,FR,FR,actual_onshore_wind_generation,Wind Onshore,2026-06-30T22:03:10Z
2026-06-30T22:02:16Z,2026-07-01T00:02:16+0200,0f2c1f14-db75-409f-ba89-d4cf4b8f7c81,2026-06-24T02:00:00Z,2026-06-24T04:00:00+0200,3525.1,MW,FR,FR,actual_onshore_wind_generation,Wind Onshore,2026-06-30T22:03:10Z
2026-06-30T22:02:16Z,2026-07-01T00:02:16+0200,0f2c1f14-db75-409f-ba89-d4cf4b8f7c81,2026-06-24T02:15:00Z,2026-06-24T04:15:00+0200,3510.1,MW,FR,FR,actual_onshore_wind_generation,Wind Onshore,2026-06-30T22:03:10Z
2026-06-30T22:02:16Z,2026-07-01T00:02:16+0200,0f2c1f14-db75-409f-ba89-d4cf4b8f7c81,2026-06-24T02:30:00Z,2026-06-24T04:30:00+0200,3483.02,MW,FR,FR,actual_onshore_wind_generation,Wind Onshore,2026-06-30T22:03:10Z
2026-06-30T22:02:16Z,2026-07-01T00:02:16+0200,0f2c1f14-db75-409f-ba89-d4cf4b8f7c81,2026-06-24T02:45:00Z,2026-06-24T04:45:00+0200,3496.31,MW,FR,FR,actual_onshore_wind_generation,Wind Onshore,2026-06-30T22:03:10Z
2026-06-30T22:02:16Z,2026-07-01T00:02:16+0200,0f2c1f14-db75-409f-ba89-d4cf4b8f7c81,2026-06-24T03:00:00Z,2026-06-24T05:00:00+0200,3521.94,MW,FR,FR,actual_onshore_wind_generation,Wind Onshore,2026-06-30T22:03:10Z
2026-06-30T22:02:16Z,2026-07-01T00:02:16+0200,0f2c1f14-db75-409f-ba89-d4cf4b8f7c81,2026-06-24T03:15:00Z,2026-06-24T05:15:00+0200,3461.21,MW,FR,FR,actual_onshore_wind_generation,Wind Onshore,2026-06-30T22:03:10Z
2026-06-30T22:02:16Z,2026-07-01T00:02:16+0200,0f2c1f14-db75-409f-ba89-d4cf4b8f7c81,2026-06-24T03:30:00Z,2026-06-24T05:30:00+0200,3404.67,MW,FR,FR,actual_onshore_wind_generation,Wind Onshore,2026-06-30T22:03:10Z
2026-06-30T22:02:16Z,2026-07-01T00:02:16+0200,0f2c1f14-db75-409f-ba89-d4cf4b8f7c81,2026-06-24T03:45:00Z,2026-06-24T05:45:00+0200,3384.85,MW,FR,FR,actual_onshore_wind_generation,Wind Onshore,2026-06-30T22:03:10Z
2026-06-30T22:02:16Z,2026-07-01T00:02:16+0200,0f2c1f14-db75-409f-ba89-d4cf4b8f7c81,2026-06-24T04:00:00Z,2026-06-24T06:00:00+0200,3353.48,MW,FR,FR,actual_onshore_wind_generation,Wind Onshore,2026-06-30T22:03:10Z
2026-06-30T22:02:16Z,2026-07-01T00:02:16+0200,0f2c1f14-db75-409f-ba89-d4cf4b8f7c81,2026-06-24T04:15:00Z,2026-06-24T06:15:00+0200,3271.73,MW,FR,FR,actual_onshore_wind_generation,Wind Onshore,2026-06-30T22:03:10Z
2026-06-30T22:02:16Z,2026-07-01T00:02:16+0200,0f2c1f14-db75-409f-ba89-d4cf4b8f7c81,2026-06-24T04:30:00Z,2026-06-24T06:30:00+0200,3127.02,MW,FR,FR,actual_onshore_wind_generation,Wind Onshore,2026-06-30T22:03:10Z
2026-06-30T22:02:16Z,2026-07-01T00:02:16+0200,0f2c1f14-db75-409f-ba89-d4cf4b8f7c81,2026-06-24T04:45:00Z,2026-06-24T06:45:00+0200,3009.48,MW,FR,FR,actual_onshore_wind_generation,Wind Onshore,2026-06-30T22:03:10Z
2026-06-30T22:02:16Z,2026-07-01T00:02:16+0200,0f2c1f14-db75-409f-ba89-d4cf4b8f7c81,2026-06-24T05:00:00Z,2026-06-24T07:00:00+0200,2848.08,MW,FR,FR,actual_onshore_wind_generation,Wind Onshore,2026-06-30T22:03:10Z
2026-06-30T22:02:16Z,2026-07-01T00:02:16+0200,0f2c1f14-db75-409f-ba89-d4cf4b8f7c81,2026-06-24T05:15:00Z,2026-06-24T07:15:00+0200,2724.66,MW,FR,FR,actual_onshore_wind_generation,Wind Onshore,2026-06-30T22:03:10Z
2026-06-30T22:02:16Z,2026-07-01T00:02:16+0200,0f2c1f14-db75-409f-ba89-d4cf4b8f7c81,2026-06-24T05:30:00Z,2026-06-24T07:30:00+0200,2612.27,MW,FR,FR,actual_onshore_wind_generation,Wind Onshore,2026-06-30T22:03:10Z
2026-06-30T22:02:16Z,2026-07-01T00:02:16+0200,0f2c1f14-db75-409f-ba89-d4cf4b8f7c81,2026-06-24T05:45:00Z,2026-06-24T07:45:00+0200,2381.22,MW,FR,FR,actual_onshore_wind_generation,Wind Onshore,2026-06-30T22:03:10Z
2026-06-30T22:02:16Z,2026-07-01T00:02:16+0200,0f2c1f14-db75-409f-ba89-d4cf4b8f7c81,2026-06-24T06:00:00Z,2026-06-24T08:00:00+0200,2137.6,MW,FR,FR,actual_onshore_wind_generation,Wind Onshore,2026-06-30T22:03:10Z
2026-06-30T22:02:16Z,2026-07-01T00:02:16+0200,0f2c1f14-db75-409f-ba89-d4cf4b8f7c81,2026-06-24T06:15:00Z,2026-06-24T08:15:00+0200,1874.91,MW,FR,FR,actual_onshore_wind_generation,Wind Onshore,2026-06-30T22:03:10Z
2026-06-30T22:02:16Z,2026-07-01T00:02:16+0200,0f2c1f14-db75-409f-ba89-d4cf4b8f7c81,2026-06-24T06:30:00Z,2026-06-24T08:30:00+0200,1628.68,MW,FR,FR,actual_onshore_wind_generation,Wind Onshore,2026-06-30T22:03:10Z
2026-06-30T22:02:16Z,2026-07-01T00:02:16+0200,0f2c1f14-db75-409f-ba89-d4cf4b8f7c81,2026-06-24T06:45:00Z,2026-06-24T08:45:00+0200,1399.32,MW,FR,FR,actual_onshore_wind_generation,Wind Onshore,2026-06-30T22:03:10Z
2026-06-30T22:02:16Z,2026-07-01T00:02:16+0200,0f2c1f14-db75-409f-ba89-d4cf4b8f7c81,2026-06-24T07:00:00Z,2026-06-24T09:00:00+0200,1196.79,MW,FR,FR,actual_onshore_wind_generation,Wind Onshore,2026-06-30T22:03:10Z
2026-06-30T22:02:16Z,2026-07-01T00:02:16+0200,0f2c1f14-db75-409f-ba89-d4cf4b8f7c81,2026-06-24T07:15:00Z,2026-06-24T09:15:00+0200,1055.48,MW,FR,FR,actual_onshore_wind_generation,Wind Onshore,2026-06-30T22:03:10Z
2026-06-30T22:02:16Z,2026-07-01T00:02:16+0200,0f2c1f14-db75-409f-ba89-d4cf4b8f7c81,2026-06-24T07:30:00Z,2026-06-24T09:30:00+0200,943.96,MW,FR,FR,actual_onshore_wind_generation,Wind Onshore,2026-06-30T22:03:10Z
2026-06-30T22:02:16Z,2026-07-01T00:02:16+0200,0f2c1f14-db75-409f-ba89-d4cf4b8f7c81,2026-06-24T07:45:00Z,2026-06-24T09:45:00+0200,847.74,MW,FR,FR,actual_onshore_wind_generation,Wind Onshore,2026-06-30T22:03:10Z
2026-06-30T22:02:16Z,2026-07-01T00:02:16+0200,0f2c1f14-db75-409f-ba89-d4cf4b8f7c81,2026-06-24T08:00:00Z,2026-06-24T10:00:00+0200,770.81,MW,FR,FR,actual_onshore_wind_generation,Wind Onshore,2026-06-30T22:03:10Z
2026-06-30T22:02:16Z,2026-07-01T00:02:16+0200,0f2c1f14-db75-409f-ba89-d4cf4b8f7c81,2026-06-24T08:15:00Z,2026-06-24T10:15:00+0200,736.44,MW,FR,FR,actual_onshore_wind_generation,Wind Onshore,2026-06-30T22:03:10Z
2026-06-30T22:02:16Z,2026-07-01T00:02:16+0200,0f2c1f14-db75-409f-ba89-d4cf4b8f7c81,2026-06-24T08:30:00Z,2026-06-24T10:30:00+0200,726.43,MW,FR,FR,actual_onshore_wind_generation,Wind Onshore,2026-06-30T22:03:10Z
2026-06-30T22:02:16Z,2026-07-01T00:02:16+0200,0f2c1f14-db75-409f-ba89-d4cf4b8f7c81,2026-06-24T08:45:00Z,2026-06-24T10:45:00+0200,719.47,MW,FR,FR,actual_onshore_wind_generation,Wind Onshore,2026-06-30T22:03:10Z
2026-06-30T22:02:16Z,2026-07-01T00:02:16+0200,0f2c1f14-db75-409f-ba89-d4cf4b8f7c81,2026-06-24T09:00:00Z,2026-06-24T11:00:00+0200,722.98,MW,FR,FR,actual_onshore_wind_generation,Wind Onshore,2026-06-30T22:03:10Z
2026-06-30T22:02:16Z,2026-07-01T00:02:16+0200,0f2c1f14-db75-409f-ba89-d4cf4b8f7c81,2026-06-24T09:15:00Z,2026-06-24T11:15:00+0200,714.89,MW,FR,FR,actual_onshore_wind_generation,Wind Onshore,2026-06-30T22:03:10Z
2026-06-30T22:02:16Z,2026-07-01T00:02:16+0200,0f2c1f14-db75-409f-ba89-d4cf4b8f7c81,2026-06-24T09:30:00Z,2026-06-24T11:30:00+0200,721.35,MW,FR,FR,actual_onshore_wind_generation,Wind Onshore,2026-06-30T22:03:10Z
2026-06-30T22:02:16Z,2026-07-01T00:02:16+0200,0f2c1f14-db75-409f-ba89-d4cf4b8f7c81,2026-06-24T09:45:00Z,2026-06-24T11:45:00+0200,720.75,MW,FR,FR,actual_onshore_wind_generation,Wind Onshore,2026-06-30T22:03:10Z
2026-06-30T22:02:16Z,2026-07-01T00:02:16+0200,0f2c1f14-db75-409f-ba89-d4cf4b8f7c81,2026-06-24T10:00:00Z,2026-06-24T12:00:00+0200,718.49,MW,FR,FR,actual_onshore_wind_generation,Wind Onshore,2026-06-30T22:03:10Z
2026-06-30T22:02:16Z,2026-07-01T00:02:16+0200,0f2c1f14-db75-409f-ba89-d4cf4b8f7c81,2026-06-24T10:15:00Z,2026-06-24T12:15:00+0200,752.29,MW,FR,FR,actual_onshore_wind_generation,Wind Onshore,2026-06-30T22:03:10Z
2026-06-30T22:02:16Z,2026-07-01T00:02:16+0200,0f2c1f14-db75-409f-ba89-d4cf4b8f7c81,2026-06-24T10:30:00Z,2026-06-24T12:30:00+0200,772.32,MW,FR,FR,actual_onshore_wind_generation,Wind Onshore,2026-06-30T22:03:10Z
2026-06-30T22:02:16Z,2026-07-01T00:02:16+0200,0f2c1f14-db75-409f-ba89-d4cf4b8f7c81,2026-06-24T10:45:00Z,2026-06-24T12:45:00+0200,792.69,MW,FR,FR,actual_onshore_wind_generation,Wind Onshore,2026-06-30T22:03:10Z
2026-06-30T22:02:16Z,2026-07-01T00:02:16+0200,0f2c1f14-db75-409f-ba89-d4cf4b8f7c81,2026-06-24T11:00:00Z,2026-06-24T13:00:00+0200,829.35,MW,FR,FR,actual_onshore_wind_generation,Wind Onshore,2026-06-30T22:03:10Z
2026-06-30T22:02:16Z,2026-07-01T00:02:16+0200,0f2c1f14-db75-409f-ba89-d4cf4b8f7c81,2026-06-24T11:15:00Z,2026-06-24T13:15:00+0200,839.66,MW,FR,FR,actual_onshore_wind_generation,Wind Onshore,2026-06-30T22:03:10Z
2026-06-30T22:02:16Z,2026-07-01T00:02:16+0200,0f2c1f14-db75-409f-ba89-d4cf4b8f7c81,2026-06-24T11:30:00Z,2026-06-24T13:30:00+0200,838.42,MW,FR,FR,actual_onshore_wind_generation,Wind Onshore,2026-06-30T22:03:10Z
2026-06-30T22:02:16Z,2026-07-01T00:02:16+0200,0f2c1f14-db75-409f-ba89-d4cf4b8f7c81,2026-06-24T11:45:00Z,2026-06-24T13:45:00+0200,837.77,MW,FR,FR,actual_onshore_wind_generation,Wind Onshore,2026-06-30T22:03:10Z
2026-06-30T22:02:16Z,2026-07-01T00:02:16+0200,0f2c1f14-db75-409f-ba89-d4cf4b8f7c81,2026-06-24T12:00:00Z,2026-06-24T14:00:00+0200,877.22,MW,FR,FR,actual_onshore_wind_generation,Wind Onshore,2026-06-30T22:03:10Z
2026-06-30T22:02:16Z,2026-07-01T00:02:16+0200,0f2c1f14-db75-409f-ba89-d4cf4b8f7c81,2026-06-24T12:15:00Z,2026-06-24T14:15:00+0200,868.96,MW,FR,FR,actual_onshore_wind_generation,Wind Onshore,2026-06-30T22:03:10Z
2026-06-30T22:02:16Z,2026-07-01T00:02:16+0200,0f2c1f14-db75-409f-ba89-d4cf4b8f7c81,2026-06-24T12:30:00Z,2026-06-24T14:30:00+0200,862.41,MW,FR,FR,actual_onshore_wind_generation,Wind Onshore,2026-06-30T22:03:10Z
2026-06-30T22:02:16Z,2026-07-01T00:02:16+0200,0f2c1f14-db75-409f-ba89-d4cf4b8f7c81,2026-06-24T12:45:00Z,2026-06-24T14:45:00+0200,890.42,MW,FR,FR,actual_onshore_wind_generation,Wind Onshore,2026-06-30T22:03:10Z
2026-06-30T22:02:16Z,2026-07-01T00:02:16+0200,0f2c1f14-db75-409f-ba89-d4cf4b8f7c81,2026-06-24T13:00:00Z,2026-06-24T15:00:00+0200,907.63,MW,FR,FR,actual_onshore_wind_generation,Wind Onshore,2026-06-30T22:03:10Z
2026-06-30T22:02:16Z,2026-07-01T00:02:16+0200,0f2c1f14-db75-409f-ba89-d4cf4b8f7c81,2026-06-24T13:15:00Z,2026-06-24T15:15:00+0200,919.97,MW,FR,FR,actual_onshore_wind_generation,Wind Onshore,2026-06-30T22:03:10Z
2026-06-30T22:02:16Z,2026-07-01T00:02:16+0200,0f2c1f14-db75-409f-ba89-d4cf4b8f7c81,2026-06-24T13:30:00Z,2026-06-24T15:30:00+0200,925.35,MW,FR,FR,actual_onshore_wind_generation,Wind Onshore,2026-06-30T22:03:10Z
2026-06-30T22:02:16Z,2026-07-01T00:02:16+0200,0f2c1f14-db75-409f-ba89-d4cf4b8f7c81,2026-06-24T13:45:00Z,2026-06-24T15:45:00+0200,932.83,MW,FR,FR,actual_onshore_wind_generation,Wind Onshore,2026-06-30T22:03:10Z
2026-06-30T22:02:16Z,2026-07-01T00:02:16+0200,0f2c1f14-db75-409f-ba89-d4cf4b8f7c81,2026-06-24T14:00:00Z,2026-06-24T16:00:00+0200,955.17,MW,FR,FR,actual_onshore_wind_generation,Wind Onshore,2026-06-30T22:03:10Z
2026-06-30T22:02:16Z,2026-07-01T00:02:16+0200,0f2c1f14-db75-409f-ba89-d4cf4b8f7c81,2026-06-24T14:15:00Z,2026-06-24T16:15:00+0200,1005.54,MW,FR,FR,actual_onshore_wind_generation,Wind Onshore,2026-06-30T22:03:10Z
2026-06-30T22:02:16Z,2026-07-01T00:02:16+0200,0f2c1f14-db75-409f-ba89-d4cf4b8f7c81,2026-06-24T14:30:00Z,2026-06-24T16:30:00+0200,1020.71,MW,FR,FR,actual_onshore_wind_generation,Wind Onshore,2026-06-30T22:03:10Z
2026-06-30T22:02:16Z,2026-07-01T00:02:16+0200,0f2c1f14-db75-409f-ba89-d4cf4b8f7c81,2026-06-24T14:45:00Z,2026-06-24T16:45:00+0200,1045.99,MW,FR,FR,actual_onshore_wind_generation,Wind Onshore,2026-06-30T22:03:10Z
2026-06-30T22:02:16Z,2026-07-01T00:02:16+0200,0f2c1f14-db75-409f-ba89-d4cf4b8f7c81,2026-06-24T15:00:00Z,2026-06-24T17:00:00+0200,1073.13,MW,FR,FR,actual_onshore_wind_generation,Wind Onshore,2026-06-30T22:03:10Z
2026-06-30T22:02:16Z,2026-07-01T00:02:16+0200,0f2c1f14-db75-409f-ba89-d4cf4b8f7c81,2026-06-24T15:15:00Z,2026-06-24T17:15:00+0200,1178.65,MW,FR,FR,actual_onshore_wind_generation,Wind Onshore,2026-06-30T22:03:10Z
2026-06-30T22:02:16Z,2026-07-01T00:02:16+0200,0f2c1f14-db75-409f-ba89-d4cf4b8f7c81,2026-06-24T15:30:00Z,2026-06-24T17:30:00+0200,1203.14,MW,FR,FR,actual_onshore_wind_generation,Wind Onshore,2026-06-30T22:03:10Z
2026-06-30T22:02:16Z,2026-07-01T00:02:16+0200,0f2c1f14-db75-409f-ba89-d4cf4b8f7c81,2026-06-24T15:45:00Z,2026-06-24T17:45:00+0200,1285.86,MW,FR,FR,actual_onshore_wind_generation,Wind Onshore,2026-06-30T22:03:10Z
2026-06-30T22:02:16Z,2026-07-01T00:02:16+0200,0f2c1f14-db75-409f-ba89-d4cf4b8f7c81,2026-06-24T16:00:00Z,2026-06-24T18:00:00+0200,1322.06,MW,FR,FR,actual_onshore_wind_generation,Wind Onshore,2026-06-30T22:03:10Z
2026-06-30T22:02:16Z,2026-07-01T00:02:16+0200,0f2c1f14-db75-409f-ba89-d4cf4b8f7c81,2026-06-24T16:15:00Z,2026-06-24T18:15:00+0200,1367.01,MW,FR,FR,actual_onshore_wind_generation,Wind Onshore,2026-06-30T22:03:10Z
2026-06-30T22:02:16Z,2026-07-01T00:02:16+0200,0f2c1f14-db75-409f-ba89-d4cf4b8f7c81,2026-06-24T16:30:00Z,2026-06-24T18:30:00+0200,1501.09,MW,FR,FR,actual_onshore_wind_generation,Wind Onshore,2026-06-30T22:03:10Z
2026-06-30T22:02:16Z,2026-07-01T00:02:16+0200,0f2c1f14-db75-409f-ba89-d4cf4b8f7c81,2026-06-24T16:45:00Z,2026-06-24T18:45:00+0200,1595.67,MW,FR,FR,actual_onshore_wind_generation,Wind Onshore,2026-06-30T22:03:10Z
2026-06-30T22:02:16Z,2026-07-01T00:02:16+0200,0f2c1f14-db75-409f-ba89-d4cf4b8f7c81,2026-06-24T17:00:00Z,2026-06-24T19:00:00+0200,1629.9,MW,FR,FR,actual_onshore_wind_generation,Wind Onshore,2026-06-30T22:03:10Z
2026-06-30T22:02:16Z,2026-07-01T00:02:16+0200,0f2c1f14-db75-409f-ba89-d4cf4b8f7c81,2026-06-24T17:15:00Z,2026-06-24T19:15:00+0200,1735.72,MW,FR,FR,actual_onshore_wind_generation,Wind Onshore,2026-06-30T22:03:10Z
2026-06-30T22:02:16Z,2026-07-01T00:02:16+0200,0f2c1f14-db75-409f-ba89-d4cf4b8f7c81,2026-06-24T17:30:00Z,2026-06-24T19:30:00+0200,1772.85,MW,FR,FR,actual_onshore_wind_generation,Wind Onshore,2026-06-30T22:03:10Z
2026-06-30T22:02:16Z,2026-07-01T00:02:16+0200,0f2c1f14-db75-409f-ba89-d4cf4b8f7c81,2026-06-24T17:45:00Z,2026-06-24T19:45:00+0200,1907.33,MW,FR,FR,actual_onshore_wind_generation,Wind Onshore,2026-06-30T22:03:10Z
2026-06-30T22:02:16Z,2026-07-01T00:02:16+0200,0f2c1f14-db75-409f-ba89-d4cf4b8f7c81,2026-06-24T18:00:00Z,2026-06-24T20:00:00+0200,2000.97,MW,FR,FR,actual_onshore_wind_generation,Wind Onshore,2026-06-30T22:03:10Z
2026-06-30T22:02:16Z,2026-07-01T00:02:16+0200,0f2c1f14-db75-409f-ba89-d4cf4b8f7c81,2026-06-24T18:15:00Z,2026-06-24T20:15:00+0200,2060.32,MW,FR,FR,actual_onshore_wind_generation,Wind Onshore,2026-06-30T22:03:10Z
2026-06-30T22:02:16Z,2026-07-01T00:02:16+0200,0f2c1f14-db75-409f-ba89-d4cf4b8f7c81,2026-06-24T18:30:00Z,2026-06-24T20:30:00+0200,2153.29,MW,FR,FR,actual_onshore_wind_generation,Wind Onshore,2026-06-30T22:03:10Z
2026-06-30T22:02:16Z,2026-07-01T00:02:16+0200,0f2c1f14-db75-409f-ba89-d4cf4b8f7c81,2026-06-24T18:45:00Z,2026-06-24T20:45:00+0200,2325.29,MW,FR,FR,actual_onshore_wind_generation,Wind Onshore,2026-06-30T22:03:10Z
2026-06-30T22:02:16Z,2026-07-01T00:02:16+0200,0f2c1f14-db75-409f-ba89-d4cf4b8f7c81,2026-06-24T19:00:00Z,2026-06-24T21:00:00+0200,2515.35,MW,FR,FR,actual_onshore_wind_generation,Wind Onshore,2026-06-30T22:03:10Z
2026-06-30T22:02:16Z,2026-07-01T00:02:16+0200,0f2c1f14-db75-409f-ba89-d4cf4b8f7c81,2026-06-24T19:15:00Z,2026-06-24T21:15:00+0200,2540.29,MW,FR,FR,actual_onshore_wind_generation,Wind Onshore,2026-06-30T22:03:10Z
2026-06-30T22:02:16Z,2026-07-01T00:02:16+0200,0f2c1f14-db75-409f-ba89-d4cf4b8f7c81,2026-06-24T19:30:00Z,2026-06-24T21:30:00+0200,2810.08,MW,FR,FR,actual_onshore_wind_generation,Wind Onshore,2026-06-30T22:03:10Z
2026-06-30T22:02:16Z,2026-07-01T00:02:16+0200,0f2c1f14-db75-409f-ba89-d4cf4b8f7c81,2026-06-24T19:45:00Z,2026-06-24T21:45:00+0200,3076.07,MW,FR,FR,actual_onshore_wind_generation,Wind Onshore,2026-06-30T22:03:10Z
2026-06-30T22:02:16Z,2026-07-01T00:02:16+0200,0f2c1f14-db75-409f-ba89-d4cf4b8f7c81,2026-06-24T20:00:00Z,2026-06-24T22:00:00+0200,3415.62,MW,FR,FR,actual_onshore_wind_generation,Wind Onshore,2026-06-30T22:03:10Z
2026-06-30T22:02:16Z,2026-07-01T00:02:16+0200,0f2c1f14-db75-409f-ba89-d4cf4b8f7c81,2026-06-24T20:15:00Z,2026-06-24T22:15:00+0200,3743.55,MW,FR,FR,actual_onshore_wind_generation,Wind Onshore,2026-06-30T22:03:10Z
2026-06-30T22:02:16Z,2026-07-01T00:02:16+0200,0f2c1f14-db75-409f-ba89-d4cf4b8f7c81,2026-06-24T20:30:00Z,2026-06-24T22:30:00+0200,3940.56,MW,FR,FR,actual_onshore_wind_generation,Wind Onshore,2026-06-30T22:03:10Z
2026-06-30T22:02:16Z,2026-07-01T00:02:16+0200,0f2c1f14-db75-409f-ba89-d4cf4b8f7c81,2026-06-24T20:45:00Z,2026-06-24T22:45:00+0200,4133.59,MW,FR,FR,actual_onshore_wind_generation,Wind Onshore,2026-06-30T22:03:10Z
2026-06-30T22:02:16Z,2026-07-01T00:02:16+0200,0f2c1f14-db75-409f-ba89-d4cf4b8f7c81,2026-06-24T21:00:00Z,2026-06-24T23:00:00+0200,4194.57,MW,FR,FR,actual_onshore_wind_generation,Wind Onshore,2026-06-30T22:03:10Z
2026-06-30T22:02:16Z,2026-07-01T00:02:16+0200,0f2c1f14-db75-409f-ba89-d4cf4b8f7c81,2026-06-24T21:15:00Z,2026-06-24T23:15:00+0200,4164.82,MW,FR,FR,actual_onshore_wind_generation,Wind Onshore,2026-06-30T22:03:10Z
2026-06-30T22:02:16Z,2026-07-01T00:02:16+0200,0f2c1f14-db75-409f-ba89-d4cf4b8f7c81,2026-06-24T21:30:00Z,2026-06-24T23:30:00+0200,4132.28,MW,FR,FR,actual_onshore_wind_generation,Wind Onshore,2026-06-30T22:03:10Z
2026-06-30T22:02:16Z,2026-07-01T00:02:16+0200,0f2c1f14-db75-409f-ba89-d4cf4b8f7c81,2026-06-24T21:45:00Z,2026-06-24T23:45:00+0200,4039.53,MW,FR,FR,actual_onshore_wind_generation,Wind Onshore,2026-06-30T22:03:10Z
2026-06-30T22:02:16Z,2026-07-01T00:02:16+0200,0f2c1f14-db75-409f-ba89-d4cf4b8f7c81,2026-06-24T22:00:00Z,2026-06-25T00:00:00+0200,3985.38,MW,FR,FR,actual_onshore_wind_generation,Wind Onshore,2026-06-30T22:03:10Z
2026-06-30T22:02:16Z,2026-07-01T00:02:16+0200,0f2c1f14-db75-409f-ba89-d4cf4b8f7c81,2026-06-24T22:15:00Z,2026-06-25T00:15:00+0200,3985.38,MW,FR,FR,actual_onshore_wind_generation,Wind Onshore,2026-06-30T22:03:10Z
2026-06-30T22:02:16Z,2026-07-01T00:02:16+0200,0f2c1f14-db75-409f-ba89-d4cf4b8f7c81,2026-06-24T22:30:00Z,2026-06-25T00:30:00+0200,4039.43,MW,FR,FR,actual_onshore_wind_generation,Wind Onshore,2026-06-30T22:03:10Z
2026-06-30T22:02:16Z,2026-07-01T00:02:16+0200,0f2c1f14-db75-409f-ba89-d4cf4b8f7c81,2026-06-24T22:45:00Z,2026-06-25T00:45:00+0200,4208.16,MW,FR,FR,actual_onshore_wind_generation,Wind Onshore,2026-06-30T22:03:10Z
2026-06-30T22:02:16Z,2026-07-01T00:02:16+0200,0f2c1f14-db75-409f-ba89-d4cf4b8f7c81,2026-06-24T23:00:00Z,2026-06-25T01:00:00+0200,4224.51,MW,FR,FR,actual_onshore_wind_generation,Wind Onshore,2026-06-30T22:03:10Z
2026-06-30T22:02:16Z,2026-07-01T00:02:16+0200,0f2c1f14-db75-409f-ba89-d4cf4b8f7c81,2026-06-24T23:15:00Z,2026-06-25T01:15:00+0200,4088.66,MW,FR,FR,actual_onshore_wind_generation,Wind Onshore,2026-06-30T22:03:10Z
2026-06-30T22:02:16Z,2026-07-01T00:02:16+0200,0f2c1f14-db75-409f-ba89-d4cf4b8f7c81,2026-06-24T23:30:00Z,2026-06-25T01:30:00+0200,3907.22,MW,FR,FR,actual_onshore_wind_generation,Wind Onshore,2026-06-30T22:03:10Z
2026-06-30T22:02:16Z,2026-07-01T00:02:16+0200,0f2c1f14-db75-409f-ba89-d4cf4b8f7c81,2026-06-24T23:45:00Z,2026-06-25T01:45:00+0200,3807.84,MW,FR,FR,actual_onshore_wind_generation,Wind Onshore,2026-06-30T22:03:10Z
2026-06-30T22:02:16Z,2026-07-01T00:02:16+0200,0f2c1f14-db75-409f-ba89-d4cf4b8f7c81,2026-06-25T00:00:00Z,2026-06-25T02:00:00+0200,3748.23,MW,FR,FR,actual_onshore_wind_generation,Wind Onshore,2026-06-30T22:03:10Z
2026-06-30T22:02:16Z,2026-07-01T00:02:16+0200,0f2c1f14-db75-409f-ba89-d4cf4b8f7c81,2026-06-25T00:15:00Z,2026-06-25T02:15:00+0200,3739.08,MW,FR,FR,actual_onshore_wind_generation,Wind Onshore,2026-06-30T22:03:10Z
2026-06-30T22:02:16Z,2026-07-01T00:02:16+0200,0f2c1f14-db75-409f-ba89-d4cf4b8f7c81,2026-06-25T00:30:00Z,2026-06-25T02:30:00+0200,3700.76,MW,FR,FR,actual_onshore_wind_generation,Wind Onshore,2026-06-30T22:03:10Z
2026-06-30T22:02:16Z,2026-07-01T00:02:16+0200,0f2c1f14-db75-409f-ba89-d4cf4b8f7c81,2026-06-25T00:45:00Z,2026-06-25T02:45:00+0200,3573.16,MW,FR,FR,actual_onshore_wind_generation,Wind Onshore,2026-06-30T22:03:10Z
2026-06-30T22:02:16Z,2026-07-01T00:02:16+0200,0f2c1f14-db75-409f-ba89-d4cf4b8f7c81,2026-06-25T01:00:00Z,2026-06-25T03:00:00+0200,3561.06,MW,FR,FR,actual_onshore_wind_generation,Wind Onshore,2026-06-30T22:03:10Z
2026-06-30T22:02:16Z,2026-07-01T00:02:16+0200,0f2c1f14-db75-409f-ba89-d4cf4b8f7c81,2026-06-25T01:15:00Z,2026-06-25T03:15:00+0200,3556.9,MW,FR,FR,actual_onshore_wind_generation,Wind Onshore,2026-06-30T22:03:10Z
2026-06-30T22:02:16Z,2026-07-01T00:02:16+0200,0f2c1f14-db75-409f-ba89-d4cf4b8f7c81,2026-06-25T01:30:00Z,2026-06-25T03:30:00+0200,3508.32,MW,FR,FR,actual_onshore_wind_generation,Wind Onshore,2026-06-30T22:03:10Z
2026-06-30T22:02:16Z,2026-07-01T00:02:16+0200,0f2c1f14-db75-409f-ba89-d4cf4b8f7c81,2026-06-25T01:45:00Z,2026-06-25T03:45:00+0200,3531.69,MW,FR,FR,actual_onshore_wind_generation,Wind Onshore,2026-06-30T22:03:10Z
2026-06-30T22:02:16Z,2026-07-01T00:02:16+0200,0f2c1f14-db75-409f-ba89-d4cf4b8f7c81,2026-06-25T02:00:00Z,2026-06-25T04:00:00+0200,3451.8,MW,FR,FR,actual_onshore_wind_generation,Wind Onshore,2026-06-30T22:03:10Z
2026-06-30T22:02:16Z,2026-07-01T00:02:16+0200,0f2c1f14-db75-409f-ba89-d4cf4b8f7c81,2026-06-25T02:15:00Z,2026-06-25T04:15:00+0200,3367.01,MW,FR,FR,actual_onshore_wind_generation,Wind Onshore,2026-06-30T22:03:10Z
2026-06-30T22:02:16Z,2026-07-01T00:02:16+0200,0f2c1f14-db75-409f-ba89-d4cf4b8f7c81,2026-06-25T02:30:00Z,2026-06-25T04:30:00+0200,3294.72,MW,FR,FR,actual_onshore_wind_generation,Wind Onshore,2026-06-30T22:03:10Z
2026-06-30T22:02:16Z,2026-07-01T00:02:16+0200,0f2c1f14-db75-409f-ba89-d4cf4b8f7c81,2026-06-25T02:45:00Z,2026-06-25T04:45:00+0200,3254.97,MW,FR,FR,actual_onshore_wind_generation,Wind Onshore,2026-06-30T22:03:10Z
2026-06-30T22:02:16Z,2026-07-01T00:02:16+0200,0f2c1f14-db75-409f-ba89-d4cf4b8f7c81,2026-06-25T03:00:00Z,2026-06-25T05:00:00+0200,3611.12,MW,FR,FR,actual_onshore_wind_generation,Wind Onshore,2026-06-30T22:03:10Z
2026-06-30T22:02:16Z,2026-07-01T00:02:16+0200,0f2c1f14-db75-409f-ba89-d4cf4b8f7c81,2026-06-25T03:15:00Z,2026-06-25T05:15:00+0200,3625.3,MW,FR,FR,actual_onshore_wind_generation,Wind Onshore,2026-06-30T22:03:10Z
2026-06-30T22:02:16Z,2026-07-01T00:02:16+0200,0f2c1f14-db75-409f-ba89-d4cf4b8f7c81,2026-06-25T03:30:00Z,2026-06-25T05:30:00+0200,3610.64,MW,FR,FR,actual_onshore_wind_generation,Wind Onshore,2026-06-30T22:03:10Z
2026-06-30T22:02:16Z,2026-07-01T00:02:16+0200,0f2c1f14-db75-409f-ba89-d4cf4b8f7c81,2026-06-25T03:45:00Z,2026-06-25T05:45:00+0200,3601.6,MW,FR,FR,actual_onshore_wind_generation,Wind Onshore,2026-06-30T22:03:10Z
2026-06-30T22:02:16Z,2026-07-01T00:02:16+0200,0f2c1f14-db75-409f-ba89-d4cf4b8f7c81,2026-06-25T04:00:00Z,2026-06-25T06:00:00+0200,3604.82,MW,FR,FR,actual_onshore_wind_generation,Wind Onshore,2026-06-30T22:03:10Z
2026-06-30T22:02:16Z,2026-07-01T00:02:16+0200,0f2c1f14-db75-409f-ba89-d4cf4b8f7c81,2026-06-25T04:15:00Z,2026-06-25T06:15:00+0200,3626.18,MW,FR,FR,actual_onshore_wind_generation,Wind Onshore,2026-06-30T22:03:10Z
2026-06-30T22:02:16Z,2026-07-01T00:02:16+0200,0f2c1f14-db75-409f-ba89-d4cf4b8f7c81,2026-06-25T04:30:00Z,2026-06-25T06:30:00+0200,3596.05,MW,FR,FR,actual_onshore_wind_generation,Wind Onshore,2026-06-30T22:03:10Z
2026-06-30T22:02:16Z,2026-07-01T00:02:16+0200,0f2c1f14-db75-409f-ba89-d4cf4b8f7c81,2026-06-25T04:45:00Z,2026-06-25T06:45:00+0200,3657.37,MW,FR,FR,actual_onshore_wind_generation,Wind Onshore,2026-06-30T22:03:10Z
2026-06-30T22:02:16Z,2026-07-01T00:02:16+0200,0f2c1f14-db75-409f-ba89-d4cf4b8f7c81,2026-06-25T05:00:00Z,2026-06-25T07:00:00+0200,3717.78,MW,FR,FR,actual_onshore_wind_generation,Wind Onshore,2026-06-30T22:03:10Z
2026-06-30T22:02:16Z,2026-07-01T00:02:16+0200,0f2c1f14-db75-409f-ba89-d4cf4b8f7c81,2026-06-25T05:15:00Z,2026-06-25T07:15:00+0200,3674.91,MW,FR,FR,actual_onshore_wind_generation,Wind Onshore,2026-06-30T22:03:10Z
2026-06-30T22:02:16Z,2026-07-01T00:02:16+0200,0f2c1f14-db75-409f-ba89-d4cf4b8f7c81,2026-06-25T05:30:00Z,2026-06-25T07:30:00+0200,3550.96,MW,FR,FR,actual_onshore_wind_generation,Wind Onshore,2026-06-30T22:03:10Z
2026-06-30T22:02:16Z,2026-07-01T00:02:16+0200,0f2c1f14-db75-409f-ba89-d4cf4b8f7c81,2026-06-25T05:45:00Z,2026-06-25T07:45:00+0200,3358.55,MW,FR,FR,actual_onshore_wind_generation,Wind Onshore,2026-06-30T22:03:10Z
2026-06-30T22:02:16Z,2026-07-01T00:02:16+0200,0f2c1f14-db75-409f-ba89-d4cf4b8f7c81,2026-06-25T06:00:00Z,2026-06-25T08:00:00+0200,3069.13,MW,FR,FR,actual_onshore_wind_generation,Wind Onshore,2026-06-30T22:03:10Z
2026-06-30T22:02:16Z,2026-07-01T00:02:16+0200,0f2c1f14-db75-409f-ba89-d4cf4b8f7c81,2026-06-25T06:15:00Z,2026-06-25T08:15:00+0200,2736.78,MW,FR,FR,actual_onshore_wind_generation,Wind Onshore,2026-06-30T22:03:10Z
2026-06-30T22:02:16Z,2026-07-01T00:02:16+0200,0f2c1f14-db75-409f-ba89-d4cf4b8f7c81,2026-06-25T06:30:00Z,2026-06-25T08:30:00+0200,2395.12,MW,FR,FR,actual_onshore_wind_generation,Wind Onshore,2026-06-30T22:03:10Z
2026-06-30T22:02:16Z,2026-07-01T00:02:16+0200,0f2c1f14-db75-409f-ba89-d4cf4b8f7c81,2026-06-25T06:45:00Z,2026-06-25T08:45:00+0200,2090.7,MW,FR,FR,actual_onshore_wind_generation,Wind Onshore,2026-06-30T22:03:10Z
2026-06-30T22:02:16Z,2026-07-01T00:02:16+0200,0f2c1f14-db75-409f-ba89-d4cf4b8f7c81,2026-06-25T07:00:00Z,2026-06-25T09:00:00+0200,1944.27,MW,FR,FR,actual_onshore_wind_generation,Wind Onshore,2026-06-30T22:03:10Z
2026-06-30T22:02:16Z,2026-07-01T00:02:16+0200,0f2c1f14-db75-409f-ba89-d4cf4b8f7c81,2026-06-25T07:15:00Z,2026-06-25T09:15:00+0200,1781.38,MW,FR,FR,actual_onshore_wind_generation,Wind Onshore,2026-06-30T22:03:10Z
2026-06-30T22:02:16Z,2026-07-01T00:02:16+0200,0f2c1f14-db75-409f-ba89-d4cf4b8f7c81,2026-06-25T07:30:00Z,2026-06-25T09:30:00+0200,1608.79,MW,FR,FR,actual_onshore_wind_generation,Wind Onshore,2026-06-30T22:03:10Z
2026-06-30T22:02:16Z,2026-07-01T00:02:16+0200,0f2c1f14-db75-409f-ba89-d4cf4b8f7c81,2026-06-25T07:45:00Z,2026-06-25T09:45:00+0200,1534.34,MW,FR,FR,actual_onshore_wind_generation,Wind Onshore,2026-06-30T22:03:10Z
2026-06-30T22:02:16Z,2026-07-01T00:02:16+0200,0f2c1f14-db75-409f-ba89-d4cf4b8f7c81,2026-06-25T08:00:00Z,2026-06-25T10:00:00+0200,1519.69,MW,FR,FR,actual_onshore_wind_generation,Wind Onshore,2026-06-30T22:03:10Z
2026-06-30T22:02:16Z,2026-07-01T00:02:16+0200,0f2c1f14-db75-409f-ba89-d4cf4b8f7c81,2026-06-25T08:15:00Z,2026-06-25T10:15:00+0200,1536.22,MW,FR,FR,actual_onshore_wind_generation,Wind Onshore,2026-06-30T22:03:10Z
2026-06-30T22:02:16Z,2026-07-01T00:02:16+0200,0f2c1f14-db75-409f-ba89-d4cf4b8f7c81,2026-06-25T08:30:00Z,2026-06-25T10:30:00+0200,1567.1,MW,FR,FR,actual_onshore_wind_generation,Wind Onshore,2026-06-30T22:03:10Z
2026-06-30T22:02:16Z,2026-07-01T00:02:16+0200,0f2c1f14-db75-409f-ba89-d4cf4b8f7c81,2026-06-25T08:45:00Z,2026-06-25T10:45:00+0200,1609.43,MW,FR,FR,actual_onshore_wind_generation,Wind Onshore,2026-06-30T22:03:10Z
2026-06-30T22:02:16Z,2026-07-01T00:02:16+0200,0f2c1f14-db75-409f-ba89-d4cf4b8f7c81,2026-06-25T09:00:00Z,2026-06-25T11:00:00+0200,1642.45,MW,FR,FR,actual_onshore_wind_generation,Wind Onshore,2026-06-30T22:03:10Z
2026-06-30T22:02:16Z,2026-07-01T00:02:16+0200,0f2c1f14-db75-409f-ba89-d4cf4b8f7c81,2026-06-25T09:15:00Z,2026-06-25T11:15:00+0200,1783.85,MW,FR,FR,actual_onshore_wind_generation,Wind Onshore,2026-06-30T22:03:10Z
2026-06-30T22:02:16Z,2026-07-01T00:02:16+0200,0f2c1f14-db75-409f-ba89-d4cf4b8f7c81,2026-06-25T09:30:00Z,2026-06-25T11:30:00+0200,1989.79,MW,FR,FR,actual_onshore_wind_generation,Wind Onshore,2026-06-30T22:03:10Z
2026-06-30T22:02:16Z,2026-07-01T00:02:16+0200,0f2c1f14-db75-409f-ba89-d4cf4b8f7c81,2026-06-25T09:45:00Z,2026-06-25T11:45:00+0200,2124.49,MW,FR,FR,actual_onshore_wind_generation,Wind Onshore,2026-06-30T22:03:10Z
2026-06-30T22:02:16Z,2026-07-01T00:02:16+0200,0f2c1f14-db75-409f-ba89-d4cf4b8f7c81,2026-06-25T10:00:00Z,2026-06-25T12:00:00+0200,2206.5,MW,FR,FR,actual_onshore_wind_generation,Wind Onshore,2026-06-30T22:03:10Z
2026-06-30T22:02:16Z,2026-07-01T00:02:16+0200,0f2c1f14-db75-409f-ba89-d4cf4b8f7c81,2026-06-25T10:15:00Z,2026-06-25T12:15:00+0200,2414.15,MW,FR,FR,actual_onshore_wind_generation,Wind Onshore,2026-06-30T22:03:10Z
2026-06-30T22:02:16Z,2026-07-01T00:02:16+0200,0f2c1f14-db75-409f-ba89-d4cf4b8f7c81,2026-06-25T10:30:00Z,2026-06-25T12:30:00+0200,2635.87,MW,FR,FR,actual_onshore_wind_generation,Wind Onshore,2026-06-30T22:03:10Z
2026-06-30T22:02:16Z,2026-07-01T00:02:16+0200,0f2c1f14-db75-409f-ba89-d4cf4b8f7c81,2026-06-25T10:45:00Z,2026-06-25T12:45:00+0200,2805.85,MW,FR,FR,actual_onshore_wind_generation,Wind Onshore,2026-06-30T22:03:10Z
2026-06-30T22:02:16Z,2026-07-01T00:02:16+0200,0f2c1f14-db75-409f-ba89-d4cf4b8f7c81,2026-06-25T11:00:00Z,2026-06-25T13:00:00+0200,2941.39,MW,FR,FR,actual_onshore_wind_generation,Wind Onshore,2026-06-30T22:03:10Z
2026-06-30T22:02:16Z,2026-07-01T00:02:16+0200,0f2c1f14-db75-409f-ba89-d4cf4b8f7c81,2026-06-25T11:15:00Z,2026-06-25T13:15:00+0200,3134.76,MW,FR,FR,actual_onshore_wind_generation,Wind Onshore,2026-06-30T22:03:10Z
2026-06-30T22:02:16Z,2026-07-01T00:02:16+0200,0f2c1f14-db75-409f-ba89-d4cf4b8f7c81,2026-06-25T11:30:00Z,2026-06-25T13:30:00+0200,3257.39,MW,FR,FR,actual_onshore_wind_generation,Wind Onshore,2026-06-30T22:03:10Z
2026-06-30T22:02:16Z,2026-07-01T00:02:16+0200,0f2c1f14-db75-409f-ba89-d4cf4b8f7c81,2026-06-25T11:45:00Z,2026-06-25T13:45:00+0200,3341.57,MW,FR,FR,actual_onshore_wind_generation,Wind Onshore,2026-06-30T22:03:10Z
2026-06-30T22:02:16Z,2026-07-01T00:02:16+0200,0f2c1f14-db75-409f-ba89-d4cf4b8f7c81,2026-06-25T12:00:00Z,2026-06-25T14:00:00+0200,3349.32,MW,FR,FR,actual_onshore_wind_generation,Wind Onshore,2026-06-30T22:03:10Z
2026-06-30T22:02:16Z,2026-07-01T00:02:16+0200,0f2c1f14-db75-409f-ba89-d4cf4b8f7c81,2026-06-25T12:15:00Z,2026-06-25T14:15:00+0200,3413.78,MW,FR,FR,actual_onshore_wind_generation,Wind Onshore,2026-06-30T22:03:10Z
2026-06-30T22:02:16Z,2026-07-01T00:02:16+0200,0f2c1f14-db75-409f-ba89-d4cf4b8f7c81,2026-06-25T12:30:00Z,2026-06-25T14:30:00+0200,3482.54,MW,FR,FR,actual_onshore_wind_generation,Wind Onshore,2026-06-30T22:03:10Z
2026-06-30T22:02:16Z,2026-07-01T00:02:16+0200,0f2c1f14-db75-409f-ba89-d4cf4b8f7c81,2026-06-25T12:45:00Z,2026-06-25T14:45:00+0200,3458.52,MW,FR,FR,actual_onshore_wind_generation,Wind Onshore,2026-06-30T22:03:10Z
2026-06-30T22:02:16Z,2026-07-01T00:02:16+0200,0f2c1f14-db75-409f-ba89-d4cf4b8f7c81,2026-06-25T13:00:00Z,2026-06-25T15:00:00+0200,3549.4,MW,FR,FR,actual_onshore_wind_generation,Wind Onshore,2026-06-30T22:03:10Z
2026-06-30T22:02:16Z,2026-07-01T00:02:16+0200,0f2c1f14-db75-409f-ba89-d4cf4b8f7c81,2026-06-25T13:15:00Z,2026-06-25T15:15:00+0200,3615.55,MW,FR,FR,actual_onshore_wind_generation,Wind Onshore,2026-06-30T22:03:10Z
2026-06-30T22:02:16Z,2026-07-01T00:02:16+0200,0f2c1f14-db75-409f-ba89-d4cf4b8f7c81,2026-06-25T13:30:00Z,2026-06-25T15:30:00+0200,3765.4,MW,FR,FR,actual_onshore_wind_generation,Wind Onshore,2026-06-30T22:03:10Z
2026-06-30T22:02:16Z,2026-07-01T00:02:16+0200,0f2c1f14-db75-409f-ba89-d4cf4b8f7c81,2026-06-25T13:45:00Z,2026-06-25T15:45:00+0200,3823.02,MW,FR,FR,actual_onshore_wind_generation,Wind Onshore,2026-06-30T22:03:10Z
2026-06-30T22:02:16Z,2026-07-01T00:02:16+0200,0f2c1f14-db75-409f-ba89-d4cf4b8f7c81,2026-06-25T14:00:00Z,2026-06-25T16:00:00+0200,3746.77,MW,FR,FR,actual_onshore_wind_generation,Wind Onshore,2026-06-30T22:03:10Z
2026-06-30T22:02:16Z,2026-07-01T00:02:16+0200,0f2c1f14-db75-409f-ba89-d4cf4b8f7c81,2026-06-25T14:15:00Z,2026-06-25T16:15:00+0200,3587.41,MW,FR,FR,actual_onshore_wind_generation,Wind Onshore,2026-06-30T22:03:10Z
2026-06-30T22:02:16Z,2026-07-01T00:02:16+0200,0f2c1f14-db75-409f-ba89-d4cf4b8f7c81,2026-06-25T14:30:00Z,2026-06-25T16:30:00+0200,3618.77,MW,FR,FR,actual_onshore_wind_generation,Wind Onshore,2026-06-30T22:03:10Z
2026-06-30T22:02:16Z,2026-07-01T00:02:16+0200,0f2c1f14-db75-409f-ba89-d4cf4b8f7c81,2026-06-25T14:45:00Z,2026-06-25T16:45:00+0200,3525.59,MW,FR,FR,actual_onshore_wind_generation,Wind Onshore,2026-06-30T22:03:10Z
2026-06-30T22:02:16Z,2026-07-01T00:02:16+0200,0f2c1f14-db75-409f-ba89-d4cf4b8f7c81,2026-06-25T15:00:00Z,2026-06-25T17:00:00+0200,3390.05,MW,FR,FR,actual_onshore_wind_generation,Wind Onshore,2026-06-30T22:03:10Z
2026-06-30T22:02:16Z,2026-07-01T00:02:16+0200,0f2c1f14-db75-409f-ba89-d4cf4b8f7c81,2026-06-25T15:15:00Z,2026-06-25T17:15:00+0200,3365.23,MW,FR,FR,actual_onshore_wind_generation,Wind Onshore,2026-06-30T22:03:10Z
2026-06-30T22:02:16Z,2026-07-01T00:02:16+0200,0f2c1f14-db75-409f-ba89-d4cf4b8f7c81,2026-06-25T15:30:00Z,2026-06-25T17:30:00+0200,3324.61,MW,FR,FR,actual_onshore_wind_generation,Wind Onshore,2026-06-30T22:03:10Z
2026-06-30T22:02:16Z,2026-07-01T00:02:16+0200,0f2c1f14-db75-409f-ba89-d4cf4b8f7c81,2026-06-25T15:45:00Z,2026-06-25T17:45:00+0200,3502.86,MW,FR,FR,actual_onshore_wind_generation,Wind Onshore,2026-06-30T22:03:10Z
2026-06-30T22:02:16Z,2026-07-01T00:02:16+0200,0f2c1f14-db75-409f-ba89-d4cf4b8f7c81,2026-06-25T16:00:00Z,2026-06-25T18:00:00+0200,3469.79,MW,FR,FR,actual_onshore_wind_generation,Wind Onshore,2026-06-30T22:03:10Z
2026-06-30T22:02:16Z,2026-07-01T00:02:16+0200,0f2c1f14-db75-409f-ba89-d4cf4b8f7c81,2026-06-25T16:15:00Z,2026-06-25T18:15:00+0200,3440.54,MW,FR,FR,actual_onshore_wind_generation,Wind Onshore,2026-06-30T22:03:10Z
2026-06-30T22:02:16Z,2026-07-01T00:02:16+0200,0f2c1f14-db75-409f-ba89-d4cf4b8f7c81,2026-06-25T16:30:00Z,2026-06-25T18:30:00+0200,3627.22,MW,FR,FR,actual_onshore_wind_generation,Wind Onshore,2026-06-30T22:03:10Z
2026-06-30T22:02:16Z,2026-07-01T00:02:16+0200,0f2c1f14-db75-409f-ba89-d4cf4b8f7c81,2026-06-25T16:45:00Z,2026-06-25T18:45:00+0200,3782.86,MW,FR,FR,actual_onshore_wind_generation,Wind Onshore,2026-06-30T22:03:10Z
2026-06-30T22:02:16Z,2026-07-01T00:02:16+0200,0f2c1f14-db75-409f-ba89-d4cf4b8f7c81,2026-06-25T17:00:00Z,2026-06-25T19:00:00+0200,3780.34,MW,FR,FR,actual_onshore_wind_generation,Wind Onshore,2026-06-30T22:03:10Z
2026-06-30T22:02:16Z,2026-07-01T00:02:16+0200,0f2c1f14-db75-409f-ba89-d4cf4b8f7c81,2026-06-25T17:15:00Z,2026-06-25T19:15:00+0200,3745.78,MW,FR,FR,actual_onshore_wind_generation,Wind Onshore,2026-06-30T22:03:10Z
2026-06-30T22:02:16Z,2026-07-01T00:02:16+0200,0f2c1f14-db75-409f-ba89-d4cf4b8f7c81,2026-06-25T17:30:00Z,2026-06-25T19:30:00+0200,3803.33,MW,FR,FR,actual_onshore_wind_generation,Wind Onshore,2026-06-30T22:03:10Z
2026-06-30T22:02:16Z,2026-07-01T00:02:16+0200,0f2c1f14-db75-409f-ba89-d4cf4b8f7c81,2026-06-25T17:45:00Z,2026-06-25T19:45:00+0200,3816.53,MW,FR,FR,actual_onshore_wind_generation,Wind Onshore,2026-06-30T22:03:10Z
2026-06-30T22:02:16Z,2026-07-01T00:02:16+0200,0f2c1f14-db75-409f-ba89-d4cf4b8f7c81,2026-06-25T18:00:00Z,2026-06-25T20:00:00+0200,3911.96,MW,FR,FR,actual_onshore_wind_generation,Wind Onshore,2026-06-30T22:03:10Z
2026-06-30T22:02:16Z,2026-07-01T00:02:16+0200,0f2c1f14-db75-409f-ba89-d4cf4b8f7c81,2026-06-25T18:15:00Z,2026-06-25T20:15:00+0200,4018.43,MW,FR,FR,actual_onshore_wind_generation,Wind Onshore,2026-06-30T22:03:10Z
2026-06-30T22:02:16Z,2026-07-01T00:02:16+0200,0f2c1f14-db75-409f-ba89-d4cf4b8f7c81,2026-06-25T18:30:00Z,2026-06-25T20:30:00+0200,4064.06,MW,FR,FR,actual_onshore_wind_generation,Wind Onshore,2026-06-30T22:03:10Z
2026-06-30T22:02:16Z,2026-07-01T00:02:16+0200,0f2c1f14-db75-409f-ba89-d4cf4b8f7c81,2026-06-25T18:45:00Z,2026-06-25T20:45:00+0200,4213.66,MW,FR,FR,actual_onshore_wind_generation,Wind Onshore,2026-06-30T22:03:10Z
2026-06-30T22:02:16Z,2026-07-01T00:02:16+0200,0f2c1f14-db75-409f-ba89-d4cf4b8f7c81,2026-06-25T19:00:00Z,2026-06-25T21:00:00+0200,4290.28,MW,FR,FR,actual_onshore_wind_generation,Wind Onshore,2026-06-30T22:03:10Z
2026-06-30T22:02:16Z,2026-07-01T00:02:16+0200,0f2c1f14-db75-409f-ba89-d4cf4b8f7c81,2026-06-25T19:15:00Z,2026-06-25T21:15:00+0200,4450.39,MW,FR,FR,actual_onshore_wind_generation,Wind Onshore,2026-06-30T22:03:10Z
2026-06-30T22:02:16Z,2026-07-01T00:02:16+0200,0f2c1f14-db75-409f-ba89-d4cf4b8f7c81,2026-06-25T19:30:00Z,2026-06-25T21:30:00+0200,4650.86,MW,FR,FR,actual_onshore_wind_generation,Wind Onshore,2026-06-30T22:03:10Z
2026-06-30T22:02:16Z,2026-07-01T00:02:16+0200,0f2c1f14-db75-409f-ba89-d4cf4b8f7c81,2026-06-25T19:45:00Z,2026-06-25T21:45:00+0200,4922.09,MW,FR,FR,actual_onshore_wind_generation,Wind Onshore,2026-06-30T22:03:10Z
2026-06-30T22:02:16Z,2026-07-01T00:02:16+0200,0f2c1f14-db75-409f-ba89-d4cf4b8f7c81,2026-06-25T20:00:00Z,2026-06-25T22:00:00+0200,5053.64,MW,FR,FR,actual_onshore_wind_generation,Wind Onshore,2026-06-30T22:03:10Z
2026-06-30T22:02:16Z,2026-07-01T00:02:16+0200,0f2c1f14-db75-409f-ba89-d4cf4b8f7c81,2026-06-25T20:15:00Z,2026-06-25T22:15:00+0200,5186.47,MW,FR,FR,actual_onshore_wind_generation,Wind Onshore,2026-06-30T22:03:10Z
2026-06-30T22:02:16Z,2026-07-01T00:02:16+0200,0f2c1f14-db75-409f-ba89-d4cf4b8f7c81,2026-06-25T20:30:00Z,2026-06-25T22:30:00+0200,5387.2,MW,FR,FR,actual_onshore_wind_generation,Wind Onshore,2026-06-30T22:03:10Z
2026-06-30T22:02:16Z,2026-07-01T00:02:16+0200,0f2c1f14-db75-409f-ba89-d4cf4b8f7c81,2026-06-25T20:45:00Z,2026-06-25T22:45:00+0200,5608.67,MW,FR,FR,actual_onshore_wind_generation,Wind Onshore,2026-06-30T22:03:10Z
2026-06-30T22:02:16Z,2026-07-01T00:02:16+0200,0f2c1f14-db75-409f-ba89-d4cf4b8f7c81,2026-06-25T21:00:00Z,2026-06-25T23:00:00+0200,5850.18,MW,FR,FR,actual_onshore_wind_generation,Wind Onshore,2026-06-30T22:03:10Z
2026-06-30T22:02:16Z,2026-07-01T00:02:16+0200,0f2c1f14-db75-409f-ba89-d4cf4b8f7c81,2026-06-25T21:15:00Z,2026-06-25T23:15:00+0200,6091.41,MW,FR,FR,actual_onshore_wind_generation,Wind Onshore,2026-06-30T22:03:10Z
2026-06-30T22:02:16Z,2026-07-01T00:02:16+0200,0f2c1f14-db75-409f-ba89-d4cf4b8f7c81,2026-06-25T21:30:00Z,2026-06-25T23:30:00+0200,6264.99,MW,FR,FR,actual_onshore_wind_generation,Wind Onshore,2026-06-30T22:03:10Z
2026-06-30T22:02:16Z,2026-07-01T00:02:16+0200,0f2c1f14-db75-409f-ba89-d4cf4b8f7c81,2026-06-25T21:45:00Z,2026-06-25T23:45:00+0200,6364.8,MW,FR,FR,actual_onshore_wind_generation,Wind Onshore,2026-06-30T22:03:10Z
2026-06-30T22:02:16Z,2026-07-01T00:02:16+0200,0f2c1f14-db75-409f-ba89-d4cf4b8f7c81,2026-06-25T22:00:00Z,2026-06-26T00:00:00+0200,6244.44,MW,FR,FR,actual_onshore_wind_generation,Wind Onshore,2026-06-30T22:03:10Z
2026-06-30T22:02:16Z,2026-07-01T00:02:16+0200,0f2c1f14-db75-409f-ba89-d4cf4b8f7c81,2026-06-25T22:15:00Z,2026-06-26T00:15:00+0200,6168.79,MW,FR,FR,actual_onshore_wind_generation,Wind Onshore,2026-06-30T22:03:10Z
2026-06-30T22:02:16Z,2026-07-01T00:02:16+0200,0f2c1f14-db75-409f-ba89-d4cf4b8f7c81,2026-06-25T22:30:00Z,2026-06-26T00:30:00+0200,5984.77,MW,FR,FR,actual_onshore_wind_generation,Wind Onshore,2026-06-30T22:03:10Z
2026-06-30T22:02:16Z,2026-07-01T00:02:16+0200,0f2c1f14-db75-409f-ba89-d4cf4b8f7c81,2026-06-25T22:45:00Z,2026-06-26T00:45:00+0200,6052.07,MW,FR,FR,actual_onshore_wind_generation,Wind Onshore,2026-06-30T22:03:10Z
2026-06-30T22:02:16Z,2026-07-01T00:02:16+0200,0f2c1f14-db75-409f-ba89-d4cf4b8f7c81,2026-06-25T23:00:00Z,2026-06-26T01:00:00+0200,5935.69,MW,FR,FR,actual_onshore_wind_generation,Wind Onshore,2026-06-30T22:03:10Z
2026-06-30T22:02:16Z,2026-07-01T00:02:16+0200,0f2c1f14-db75-409f-ba89-d4cf4b8f7c81,2026-06-25T23:15:00Z,2026-06-26T01:15:00+0200,5816.22,MW,FR,FR,actual_onshore_wind_generation,Wind Onshore,2026-06-30T22:03:10Z
2026-06-30T22:02:16Z,2026-07-01T00:02:16+0200,0f2c1f14-db75-409f-ba89-d4cf4b8f7c81,2026-06-25T23:30:00Z,2026-06-26T01:30:00+0200,5755.57,MW,FR,FR,actual_onshore_wind_generation,Wind Onshore,2026-06-30T22:03:10Z
2026-06-30T22:02:16Z,2026-07-01T00:02:16+0200,0f2c1f14-db75-409f-ba89-d4cf4b8f7c81,2026-06-25T23:45:00Z,2026-06-26T01:45:00+0200,5605.06,MW,FR,FR,actual_onshore_wind_generation,Wind Onshore,2026-06-30T22:03:10Z
2026-06-30T22:02:16Z,2026-07-01T00:02:16+0200,0f2c1f14-db75-409f-ba89-d4cf4b8f7c81,2026-06-26T00:00:00Z,2026-06-26T02:00:00+0200,5422.52,MW,FR,FR,actual_onshore_wind_generation,Wind Onshore,2026-06-30T22:03:10Z
2026-06-30T22:02:16Z,2026-07-01T00:02:16+0200,0f2c1f14-db75-409f-ba89-d4cf4b8f7c81,2026-06-26T00:15:00Z,2026-06-26T02:15:00+0200,5084.43,MW,FR,FR,actual_onshore_wind_generation,Wind Onshore,2026-06-30T22:03:10Z
2026-06-30T22:02:16Z,2026-07-01T00:02:16+0200,0f2c1f14-db75-409f-ba89-d4cf4b8f7c81,2026-06-26T00:30:00Z,2026-06-26T02:30:00+0200,4960.15,MW,FR,FR,actual_onshore_wind_generation,Wind Onshore,2026-06-30T22:03:10Z
2026-06-30T22:02:16Z,2026-07-01T00:02:16+0200,0f2c1f14-db75-409f-ba89-d4cf4b8f7c81,2026-06-26T00:45:00Z,2026-06-26T02:45:00+0200,4832.86,MW,FR,FR,actual_onshore_wind_generation,Wind Onshore,2026-06-30T22:03:10Z
2026-06-30T22:02:16Z,2026-07-01T00:02:16+0200,0f2c1f14-db75-409f-ba89-d4cf4b8f7c81,2026-06-26T01:00:00Z,2026-06-26T03:00:00+0200,4818.91,MW,FR,FR,actual_onshore_wind_generation,Wind Onshore,2026-06-30T22:03:10Z
2026-06-30T22:02:16Z,2026-07-01T00:02:16+0200,0f2c1f14-db75-409f-ba89-d4cf4b8f7c81,2026-06-26T01:15:00Z,2026-06-26T03:15:00+0200,4784.8,MW,FR,FR,actual_onshore_wind_generation,Wind Onshore,2026-06-30T22:03:10Z
2026-06-30T22:02:16Z,2026-07-01T00:02:16+0200,0f2c1f14-db75-409f-ba89-d4cf4b8f7c81,2026-06-26T01:30:00Z,2026-06-26T03:30:00+0200,4714.61,MW,FR,FR,actual_onshore_wind_generation,Wind Onshore,2026-06-30T22:03:10Z
2026-06-30T22:02:16Z,2026-07-01T00:02:16+0200,0f2c1f14-db75-409f-ba89-d4cf4b8f7c81,2026-06-26T01:45:00Z,2026-06-26T03:45:00+0200,4735.04,MW,FR,FR,actual_onshore_wind_generation,Wind Onshore,2026-06-30T22:03:10Z
2026-06-30T22:02:16Z,2026-07-01T00:02:16+0200,0f2c1f14-db75-409f-ba89-d4cf4b8f7c81,2026-06-26T02:00:00Z,2026-06-26T04:00:00+0200,4634.28,MW,FR,FR,actual_onshore_wind_generation,Wind Onshore,2026-06-30T22:03:10Z
2026-06-30T22:02:16Z,2026-07-01T00:02:16+0200,0f2c1f14-db75-409f-ba89-d4cf4b8f7c81,2026-06-26T02:15:00Z,2026-06-26T04:15:00+0200,4577.55,MW,FR,FR,actual_onshore_wind_generation,Wind Onshore,2026-06-30T22:03:10Z
2026-06-30T22:02:16Z,2026-07-01T00:02:16+0200,0f2c1f14-db75-409f-ba89-d4cf4b8f7c81,2026-06-26T02:30:00Z,2026-06-26T04:30:00+0200,4585.5,MW,FR,FR,actual_onshore_wind_generation,Wind Onshore,2026-06-30T22:03:10Z
2026-06-30T22:02:16Z,2026-07-01T00:02:16+0200,0f2c1f14-db75-409f-ba89-d4cf4b8f7c81,2026-06-26T02:45:00Z,2026-06-26T04:45:00+0200,4614.66,MW,FR,FR,actual_onshore_wind_generation,Wind Onshore,2026-06-30T22:03:10Z
2026-06-30T22:02:16Z,2026-07-01T00:02:16+0200,0f2c1f14-db75-409f-ba89-d4cf4b8f7c81,2026-06-26T03:00:00Z,2026-06-26T05:00:00+0200,4663.55,MW,FR,FR,actual_onshore_wind_generation,Wind Onshore,2026-06-30T22:03:10Z
2026-06-30T22:02:16Z,2026-07-01T00:02:16+0200,0f2c1f14-db75-409f-ba89-d4cf4b8f7c81,2026-06-26T03:15:00Z,2026-06-26T05:15:00+0200,4475.66,MW,FR,FR,actual_onshore_wind_generation,Wind Onshore,2026-06-30T22:03:10Z
2026-06-30T22:02:16Z,2026-07-01T00:02:16+0200,0f2c1f14-db75-409f-ba89-d4cf4b8f7c81,2026-06-26T03:30:00Z,2026-06-26T05:30:00+0200,4380.16,MW,FR,FR,actual_onshore_wind_generation,Wind Onshore,2026-06-30T22:03:10Z
2026-06-30T22:02:16Z,2026-07-01T00:02:16+0200,0f2c1f14-db75-409f-ba89-d4cf4b8f7c81,2026-06-26T03:45:00Z,2026-06-26T05:45:00+0200,4241.58,MW,FR,FR,actual_onshore_wind_generation,Wind Onshore,2026-06-30T22:03:10Z
2026-06-30T22:02:16Z,2026-07-01T00:02:16+0200,0f2c1f14-db75-409f-ba89-d4cf4b8f7c81,2026-06-26T04:00:00Z,2026-06-26T06:00:00+0200,4302.46,MW,FR,FR,actual_onshore_wind_generation,Wind Onshore,2026-06-30T22:03:10Z
2026-06-30T22:02:16Z,2026-07-01T00:02:16+0200,0f2c1f14-db75-409f-ba89-d4cf4b8f7c81,2026-06-26T04:15:00Z,2026-06-26T06:15:00+0200,4356.33,MW,FR,FR,actual_onshore_wind_generation,Wind Onshore,2026-06-30T22:03:10Z
2026-06-30T22:02:16Z,2026-07-01T00:02:16+0200,0f2c1f14-db75-409f-ba89-d4cf4b8f7c81,2026-06-26T04:30:00Z,2026-06-26T06:30:00+0200,4425.71,MW,FR,FR,actual_onshore_wind_generation,Wind Onshore,2026-06-30T22:03:10Z
2026-06-30T22:02:16Z,2026-07-01T00:02:16+0200,0f2c1f14-db75-409f-ba89-d4cf4b8f7c81,2026-06-26T04:45:00Z,2026-06-26T06:45:00+0200,4606.38,MW,FR,FR,actual_onshore_wind_generation,Wind Onshore,2026-06-30T22:03:10Z
2026-06-30T22:02:16Z,2026-07-01T00:02:16+0200,0f2c1f14-db75-409f-ba89-d4cf4b8f7c81,2026-06-26T05:00:00Z,2026-06-26T07:00:00+0200,4549.18,MW,FR,FR,actual_onshore_wind_generation,Wind Onshore,2026-06-30T22:03:10Z
2026-06-30T22:02:16Z,2026-07-01T00:02:16+0200,0f2c1f14-db75-409f-ba89-d4cf4b8f7c81,2026-06-26T05:15:00Z,2026-06-26T07:15:00+0200,4248.7,MW,FR,FR,actual_onshore_wind_generation,Wind Onshore,2026-06-30T22:03:10Z
2026-06-30T22:02:16Z,2026-07-01T00:02:16+0200,0f2c1f14-db75-409f-ba89-d4cf4b8f7c81,2026-06-26T05:30:00Z,2026-06-26T07:30:00+0200,3884.6,MW,FR,FR,actual_onshore_wind_generation,Wind Onshore,2026-06-30T22:03:10Z
2026-06-30T22:02:16Z,2026-07-01T00:02:16+0200,0f2c1f14-db75-409f-ba89-d4cf4b8f7c81,2026-06-26T05:45:00Z,2026-06-26T07:45:00+0200,3513.39,MW,FR,FR,actual_onshore_wind_generation,Wind Onshore,2026-06-30T22:03:10Z
2026-06-30T22:02:16Z,2026-07-01T00:02:16+0200,0f2c1f14-db75-409f-ba89-d4cf4b8f7c81,2026-06-26T06:00:00Z,2026-06-26T08:00:00+0200,3089.88,MW,FR,FR,actual_onshore_wind_generation,Wind Onshore,2026-06-30T22:03:10Z
2026-06-30T22:02:16Z,2026-07-01T00:02:16+0200,0f2c1f14-db75-409f-ba89-d4cf4b8f7c81,2026-06-26T06:15:00Z,2026-06-26T08:15:00+0200,2691.78,MW,FR,FR,actual_onshore_wind_generation,Wind Onshore,2026-06-30T22:03:10Z
2026-06-30T22:02:16Z,2026-07-01T00:02:16+0200,0f2c1f14-db75-409f-ba89-d4cf4b8f7c81,2026-06-26T06:30:00Z,2026-06-26T08:30:00+0200,2416.95,MW,FR,FR,actual_onshore_wind_generation,Wind Onshore,2026-06-30T22:03:10Z
2026-06-30T22:02:16Z,2026-07-01T00:02:16+0200,0f2c1f14-db75-409f-ba89-d4cf4b8f7c81,2026-06-26T06:45:00Z,2026-06-26T08:45:00+0200,2233.81,MW,FR,FR,actual_onshore_wind_generation,Wind Onshore,2026-06-30T22:03:10Z
2026-06-30T22:02:16Z,2026-07-01T00:02:16+0200,0f2c1f14-db75-409f-ba89-d4cf4b8f7c81,2026-06-26T07:00:00Z,2026-06-26T09:00:00+0200,2087.99,MW,FR,FR,actual_onshore_wind_generation,Wind Onshore,2026-06-30T22:03:10Z
2026-06-30T22:02:16Z,2026-07-01T00:02:16+0200,0f2c1f14-db75-409f-ba89-d4cf4b8f7c81,2026-06-26T07:15:00Z,2026-06-26T09:15:00+0200,2001.06,MW,FR,FR,actual_onshore_wind_generation,Wind Onshore,2026-06-30T22:03:10Z
2026-06-30T22:02:16Z,2026-07-01T00:02:16+0200,0f2c1f14-db75-409f-ba89-d4cf4b8f7c81,2026-06-26T07:30:00Z,2026-06-26T09:30:00+0200,1934.75,MW,FR,FR,actual_onshore_wind_generation,Wind Onshore,2026-06-30T22:03:10Z
2026-06-30T22:02:16Z,2026-07-01T00:02:16+0200,0f2c1f14-db75-409f-ba89-d4cf4b8f7c81,2026-06-26T07:45:00Z,2026-06-26T09:45:00+0200,1863.15,MW,FR,FR,actual_onshore_wind_generation,Wind Onshore,2026-06-30T22:03:10Z
2026-06-30T22:02:16Z,2026-07-01T00:02:16+0200,0f2c1f14-db75-409f-ba89-d4cf4b8f7c81,2026-06-26T08:00:00Z,2026-06-26T10:00:00+0200,1862.0,MW,FR,FR,actual_onshore_wind_generation,Wind Onshore,2026-06-30T22:03:10Z
2026-06-30T22:02:16Z,2026-07-01T00:02:16+0200,0f2c1f14-db75-409f-ba89-d4cf4b8f7c81,2026-06-26T08:15:00Z,2026-06-26T10:15:00+0200,1857.2,MW,FR,FR,actual_onshore_wind_generation,Wind Onshore,2026-06-30T22:03:10Z
2026-06-30T22:02:16Z,2026-07-01T00:02:16+0200,0f2c1f14-db75-409f-ba89-d4cf4b8f7c81,2026-06-26T08:30:00Z,2026-06-26T10:30:00+0200,1773.44,MW,FR,FR,actual_onshore_wind_generation,Wind Onshore,2026-06-30T22:03:10Z
2026-06-30T22:02:16Z,2026-07-01T00:02:16+0200,0f2c1f14-db75-409f-ba89-d4cf4b8f7c81,2026-06-26T08:45:00Z,2026-06-26T10:45:00+0200,1689.73,MW,FR,FR,actual_onshore_wind_generation,Wind Onshore,2026-06-30T22:03:10Z
2026-06-30T22:02:16Z,2026-07-01T00:02:16+0200,0f2c1f14-db75-409f-ba89-d4cf4b8f7c81,2026-06-26T09:00:00Z,2026-06-26T11:00:00+0200,1665.09,MW,FR,FR,actual_onshore_wind_generation,Wind Onshore,2026-06-30T22:03:10Z
2026-06-30T22:02:16Z,2026-07-01T00:02:16+0200,0f2c1f14-db75-409f-ba89-d4cf4b8f7c81,2026-06-26T09:15:00Z,2026-06-26T11:15:00+0200,1616.0,MW,FR,FR,actual_onshore_wind_generation,Wind Onshore,2026-06-30T22:03:10Z
2026-06-30T22:02:16Z,2026-07-01T00:02:16+0200,0f2c1f14-db75-409f-ba89-d4cf4b8f7c81,2026-06-26T09:30:00Z,2026-06-26T11:30:00+0200,1566.94,MW,FR,FR,actual_onshore_wind_generation,Wind Onshore,2026-06-30T22:03:10Z
2026-06-30T22:02:16Z,2026-07-01T00:02:16+0200,0f2c1f14-db75-409f-ba89-d4cf4b8f7c81,2026-06-26T09:45:00Z,2026-06-26T11:45:00+0200,1573.96,MW,FR,FR,actual_onshore_wind_generation,Wind Onshore,2026-06-30T22:03:10Z
2026-06-30T22:02:16Z,2026-07-01T00:02:16+0200,0f2c1f14-db75-409f-ba89-d4cf4b8f7c81,2026-06-26T10:00:00Z,2026-06-26T12:00:00+0200,1636.8,MW,FR,FR,actual_onshore_wind_generation,Wind Onshore,2026-06-30T22:03:10Z
2026-06-30T22:02:16Z,2026-07-01T00:02:16+0200,0f2c1f14-db75-409f-ba89-d4cf4b8f7c81,2026-06-26T10:15:00Z,2026-06-26T12:15:00+0200,1695.18,MW,FR,FR,actual_onshore_wind_generation,Wind Onshore,2026-06-30T22:03:10Z
2026-06-30T22:02:16Z,2026-07-01T00:02:16+0200,0f2c1f14-db75-409f-ba89-d4cf4b8f7c81,2026-06-26T10:30:00Z,2026-06-26T12:30:00+0200,1734.49,MW,FR,FR,actual_onshore_wind_generation,Wind Onshore,2026-06-30T22:03:10Z
2026-06-30T22:02:16Z,2026-07-01T00:02:16+0200,0f2c1f14-db75-409f-ba89-d4cf4b8f7c81,2026-06-26T10:45:00Z,2026-06-26T12:45:00+0200,1786.08,MW,FR,FR,actual_onshore_wind_generation,Wind Onshore,2026-06-30T22:03:10Z
2026-06-30T22:02:16Z,2026-07-01T00:02:16+0200,0f2c1f14-db75-409f-ba89-d4cf4b8f7c81,2026-06-26T11:00:00Z,2026-06-26T13:00:00+0200,1745.48,MW,FR,FR,actual_onshore_wind_generation,Wind Onshore,2026-06-30T22:03:10Z
2026-06-30T22:02:16Z,2026-07-01T00:02:16+0200,0f2c1f14-db75-409f-ba89-d4cf4b8f7c81,2026-06-26T11:15:00Z,2026-06-26T13:15:00+0200,1647.56,MW,FR,FR,actual_onshore_wind_generation,Wind Onshore,2026-06-30T22:03:10Z
2026-06-30T22:02:16Z,2026-07-01T00:02:16+0200,0f2c1f14-db75-409f-ba89-d4cf4b8f7c81,2026-06-26T11:30:00Z,2026-06-26T13:30:00+0200,1594.87,MW,FR,FR,actual_onshore_wind_generation,Wind Onshore,2026-06-30T22:03:10Z
2026-06-30T22:02:16Z,2026-07-01T00:02:16+0200,0f2c1f14-db75-409f-ba89-d4cf4b8f7c81,2026-06-26T11:45:00Z,2026-06-26T13:45:00+0200,1593.59,MW,FR,FR,actual_onshore_wind_generation,Wind Onshore,2026-06-30T22:03:10Z
2026-06-30T22:02:16Z,2026-07-01T00:02:16+0200,0f2c1f14-db75-409f-ba89-d4cf4b8f7c81,2026-06-26T12:00:00Z,2026-06-26T14:00:00+0200,1654.29,MW,FR,FR,actual_onshore_wind_generation,Wind Onshore,2026-06-30T22:03:10Z
2026-06-30T22:02:16Z,2026-07-01T00:02:16+0200,0f2c1f14-db75-409f-ba89-d4cf4b8f7c81,2026-06-26T12:15:00Z,2026-06-26T14:15:00+0200,1662.93,MW,FR,FR,actual_onshore_wind_generation,Wind Onshore,2026-06-30T22:03:10Z
2026-06-30T22:02:16Z,2026-07-01T00:02:16+0200,0f2c1f14-db75-409f-ba89-d4cf4b8f7c81,2026-06-26T12:30:00Z,2026-06-26T14:30:00+0200,1652.57,MW,FR,FR,actual_onshore_wind_generation,Wind Onshore,2026-06-30T22:03:10Z
2026-06-30T22:02:16Z,2026-07-01T00:02:16+0200,0f2c1f14-db75-409f-ba89-d4cf4b8f7c81,2026-06-26T12:45:00Z,2026-06-26T14:45:00+0200,1688.58,MW,FR,FR,actual_onshore_wind_generation,Wind Onshore,2026-06-30T22:03:10Z
2026-06-30T22:02:16Z,2026-07-01T00:02:16+0200,0f2c1f14-db75-409f-ba89-d4cf4b8f7c81,2026-06-26T13:00:00Z,2026-06-26T15:00:00+0200,1739.15,MW,FR,FR,actual_onshore_wind_generation,Wind Onshore,2026-06-30T22:03:10Z
2026-06-30T22:02:16Z,2026-07-01T00:02:16+0200,0f2c1f14-db75-409f-ba89-d4cf4b8f7c81,2026-06-26T13:15:00Z,2026-06-26T15:15:00+0200,1789.32,MW,FR,FR,actual_onshore_wind_generation,Wind Onshore,2026-06-30T22:03:10Z
2026-06-30T22:02:16Z,2026-07-01T00:02:16+0200,0f2c1f14-db75-409f-ba89-d4cf4b8f7c81,2026-06-26T13:30:00Z,2026-06-26T15:30:00+0200,1828.16,MW,FR,FR,actual_onshore_wind_generation,Wind Onshore,2026-06-30T22:03:10Z
2026-06-30T22:02:16Z,2026-07-01T00:02:16+0200,0f2c1f14-db75-409f-ba89-d4cf4b8f7c81,2026-06-26T13:45:00Z,2026-06-26T15:45:00+0200,1844.69,MW,FR,FR,actual_onshore_wind_generation,Wind Onshore,2026-06-30T22:03:10Z
2026-06-30T22:02:16Z,2026-07-01T00:02:16+0200,0f2c1f14-db75-409f-ba89-d4cf4b8f7c81,2026-06-26T14:00:00Z,2026-06-26T16:00:00+0200,1893.87,MW,FR,FR,actual_onshore_wind_generation,Wind Onshore,2026-06-30T22:03:10Z
2026-06-30T22:02:16Z,2026-07-01T00:02:16+0200,0f2c1f14-db75-409f-ba89-d4cf4b8f7c81,2026-06-26T14:15:00Z,2026-06-26T16:15:00+0200,1907.54,MW,FR,FR,actual_onshore_wind_generation,Wind Onshore,2026-06-30T22:03:10Z
2026-06-30T22:02:16Z,2026-07-01T00:02:16+0200,0f2c1f14-db75-409f-ba89-d4cf4b8f7c81,2026-06-26T14:30:00Z,2026-06-26T16:30:00+0200,1916.93,MW,FR,FR,actual_onshore_wind_generation,Wind Onshore,2026-06-30T22:03:10Z
2026-06-30T22:02:16Z,2026-07-01T00:02:16+0200,0f2c1f14-db75-409f-ba89-d4cf4b8f7c81,2026-06-26T14:45:00Z,2026-06-26T16:45:00+0200,1988.62,MW,FR,FR,actual_onshore_wind_generation,Wind Onshore,2026-06-30T22:03:10Z
2026-06-30T22:02:16Z,2026-07-01T00:02:16+0200,0f2c1f14-db75-409f-ba89-d4cf4b8f7c81,2026-06-26T15:00:00Z,2026-06-26T17:00:00+0200,2052.21,MW,FR,FR,actual_onshore_wind_generation,Wind Onshore,2026-06-30T22:03:10Z
2026-06-30T22:02:16Z,2026-07-01T00:02:16+0200,0f2c1f14-db75-409f-ba89-d4cf4b8f7c81,2026-06-26T15:15:00Z,2026-06-26T17:15:00+0200,2085.95,MW,FR,FR,actual_onshore_wind_generation,Wind Onshore,2026-06-30T22:03:10Z
2026-06-30T22:02:16Z,2026-07-01T00:02:16+0200,0f2c1f14-db75-409f-ba89-d4cf4b8f7c81,2026-06-26T15:30:00Z,2026-06-26T17:30:00+0200,2174.41,MW,FR,FR,actual_onshore_wind_generation,Wind Onshore,2026-06-30T22:03:10Z
2026-06-30T22:02:16Z,2026-07-01T00:02:16+0200,0f2c1f14-db75-409f-ba89-d4cf4b8f7c81,2026-06-26T15:45:00Z,2026-06-26T17:45:00+0200,2300.38,MW,FR,FR,actual_onshore_wind_generation,Wind Onshore,2026-06-30T22:03:10Z
2026-06-30T22:02:16Z,2026-07-01T00:02:16+0200,0f2c1f14-db75-409f-ba89-d4cf4b8f7c81,2026-06-26T16:00:00Z,2026-06-26T18:00:00+0200,2433.52,MW,FR,FR,actual_onshore_wind_generation,Wind Onshore,2026-06-30T22:03:10Z
2026-06-30T22:02:16Z,2026-07-01T00:02:16+0200,0f2c1f14-db75-409f-ba89-d4cf4b8f7c81,2026-06-26T16:15:00Z,2026-06-26T18:15:00+0200,2450.31,MW,FR,FR,actual_onshore_wind_generation,Wind Onshore,2026-06-30T22:03:10Z
2026-06-30T22:02:16Z,2026-07-01T00:02:16+0200,0f2c1f14-db75-409f-ba89-d4cf4b8f7c81,2026-06-26T16:30:00Z,2026-06-26T18:30:00+0200,2399.53,MW,FR,FR,actual_onshore_wind_generation,Wind Onshore,2026-06-30T22:03:10Z
2026-06-30T22:02:16Z,2026-07-01T00:02:16+0200,0f2c1f14-db75-409f-ba89-d4cf4b8f7c81,2026-06-26T16:45:00Z,2026-06-26T18:45:00+0200,2292.3,MW,FR,FR,actual_onshore_wind_generation,Wind Onshore,2026-06-30T22:03:10Z
2026-06-30T22:02:16Z,2026-07-01T00:02:16+0200,0f2c1f14-db75-409f-ba89-d4cf4b8f7c81,2026-06-26T17:00:00Z,2026-06-26T19:00:00+0200,2265.46,MW,FR,FR,actual_onshore_wind_generation,Wind Onshore,2026-06-30T22:03:10Z
2026-06-30T22:02:16Z,2026-07-01T00:02:16+0200,0f2c1f14-db75-409f-ba89-d4cf4b8f7c81,2026-06-26T17:15:00Z,2026-06-26T19:15:00+0200,2280.81,MW,FR,FR,actual_onshore_wind_generation,Wind Onshore,2026-06-30T22:03:10Z
2026-06-30T22:02:16Z,2026-07-01T00:02:16+0200,0f2c1f14-db75-409f-ba89-d4cf4b8f7c81,2026-06-26T17:30:00Z,2026-06-26T19:30:00+0200,2309.35,MW,FR,FR,actual_onshore_wind_generation,Wind Onshore,2026-06-30T22:03:10Z
2026-06-30T22:02:16Z,2026-07-01T00:02:16+0200,0f2c1f14-db75-409f-ba89-d4cf4b8f7c81,2026-06-26T17:45:00Z,2026-06-26T19:45:00+0200,2313.67,MW,FR,FR,actual_onshore_wind_generation,Wind Onshore,2026-06-30T22:03:10Z
2026-06-30T22:02:16Z,2026-07-01T00:02:16+0200,0f2c1f14-db75-409f-ba89-d4cf4b8f7c81,2026-06-26T18:00:00Z,2026-06-26T20:00:00+0200,2386.66,MW,FR,FR,actual_onshore_wind_generation,Wind Onshore,2026-06-30T22:03:10Z
2026-06-30T22:02:16Z,2026-07-01T00:02:16+0200,0f2c1f14-db75-409f-ba89-d4cf4b8f7c81,2026-06-26T18:15:00Z,2026-06-26T20:15:00+0200,2552.05,MW,FR,FR,actual_onshore_wind_generation,Wind Onshore,2026-06-30T22:03:10Z
2026-06-30T22:02:16Z,2026-07-01T00:02:16+0200,0f2c1f14-db75-409f-ba89-d4cf4b8f7c81,2026-06-26T18:30:00Z,2026-06-26T20:30:00+0200,2612.8,MW,FR,FR,actual_onshore_wind_generation,Wind Onshore,2026-06-30T22:03:10Z
2026-06-30T22:02:16Z,2026-07-01T00:02:16+0200,0f2c1f14-db75-409f-ba89-d4cf4b8f7c81,2026-06-26T18:45:00Z,2026-06-26T20:45:00+0200,2702.54,MW,FR,FR,actual_onshore_wind_generation,Wind Onshore,2026-06-30T22:03:10Z
2026-06-30T22:02:16Z,2026-07-01T00:02:16+0200,0f2c1f14-db75-409f-ba89-d4cf4b8f7c81,2026-06-26T19:00:00Z,2026-06-26T21:00:00+0200,2762.67,MW,FR,FR,actual_onshore_wind_generation,Wind Onshore,2026-06-30T22:03:10Z
2026-06-30T22:02:16Z,2026-07-01T00:02:16+0200,0f2c1f14-db75-409f-ba89-d4cf4b8f7c81,2026-06-26T19:15:00Z,2026-06-26T21:15:00+0200,2804.55,MW,FR,FR,actual_onshore_wind_generation,Wind Onshore,2026-06-30T22:03:10Z
2026-06-30T22:02:16Z,2026-07-01T00:02:16+0200,0f2c1f14-db75-409f-ba89-d4cf4b8f7c81,2026-06-26T19:30:00Z,2026-06-26T21:30:00+0200,2881.66,MW,FR,FR,actual_onshore_wind_generation,Wind Onshore,2026-06-30T22:03:10Z
2026-06-30T22:02:16Z,2026-07-01T00:02:16+0200,0f2c1f14-db75-409f-ba89-d4cf4b8f7c81,2026-06-26T19:45:00Z,2026-06-26T21:45:00+0200,2951.35,MW,FR,FR,actual_onshore_wind_generation,Wind Onshore,2026-06-30T22:03:10Z
2026-06-30T22:02:16Z,2026-07-01T00:02:16+0200,0f2c1f14-db75-409f-ba89-d4cf4b8f7c81,2026-06-26T20:00:00Z,2026-06-26T22:00:00+0200,2945.11,MW,FR,FR,actual_onshore_wind_generation,Wind Onshore,2026-06-30T22:03:10Z
2026-06-30T22:02:16Z,2026-07-01T00:02:16+0200,0f2c1f14-db75-409f-ba89-d4cf4b8f7c81,2026-06-26T20:15:00Z,2026-06-26T22:15:00+0200,2997.4,MW,FR,FR,actual_onshore_wind_generation,Wind Onshore,2026-06-30T22:03:10Z
2026-06-30T22:02:16Z,2026-07-01T00:02:16+0200,0f2c1f14-db75-409f-ba89-d4cf4b8f7c81,2026-06-26T20:30:00Z,2026-06-26T22:30:00+0200,3086.9,MW,FR,FR,actual_onshore_wind_generation,Wind Onshore,2026-06-30T22:03:10Z
2026-06-30T22:02:16Z,2026-07-01T00:02:16+0200,0f2c1f14-db75-409f-ba89-d4cf4b8f7c81,2026-06-26T20:45:00Z,2026-06-26T22:45:00+0200,3224.97,MW,FR,FR,actual_onshore_wind_generation,Wind Onshore,2026-06-30T22:03:10Z
2026-06-30T22:02:16Z,2026-07-01T00:02:16+0200,0f2c1f14-db75-409f-ba89-d4cf4b8f7c81,2026-06-26T21:00:00Z,2026-06-26T23:00:00+0200,3405.79,MW,FR,FR,actual_onshore_wind_generation,Wind Onshore,2026-06-30T22:03:10Z
2026-06-30T22:02:16Z,2026-07-01T00:02:16+0200,0f2c1f14-db75-409f-ba89-d4cf4b8f7c81,2026-06-26T21:15:00Z,2026-06-26T23:15:00+0200,3589.04,MW,FR,FR,actual_onshore_wind_generation,Wind Onshore,2026-06-30T22:03:10Z
2026-06-30T22:02:16Z,2026-07-01T00:02:16+0200,0f2c1f14-db75-409f-ba89-d4cf4b8f7c81,2026-06-26T21:30:00Z,2026-06-26T23:30:00+0200,3665.94,MW,FR,FR,actual_onshore_wind_generation,Wind Onshore,2026-06-30T22:03:10Z
2026-06-30T22:02:16Z,2026-07-01T00:02:16+0200,0f2c1f14-db75-409f-ba89-d4cf4b8f7c81,2026-06-26T21:45:00Z,2026-06-26T23:45:00+0200,3703.14,MW,FR,FR,actual_onshore_wind_generation,Wind Onshore,2026-06-30T22:03:10Z
2026-06-30T22:02:16Z,2026-07-01T00:02:16+0200,0f2c1f14-db75-409f-ba89-d4cf4b8f7c81,2026-06-26T22:00:00Z,2026-06-27T00:00:00+0200,3739.35,MW,FR,FR,actual_onshore_wind_generation,Wind Onshore,2026-06-30T22:03:10Z
2026-06-30T22:02:16Z,2026-07-01T00:02:16+0200,0f2c1f14-db75-409f-ba89-d4cf4b8f7c81,2026-06-26T22:15:00Z,2026-06-27T00:15:00+0200,3848.78,MW,FR,FR,actual_onshore_wind_generation,Wind Onshore,2026-06-30T22:03:10Z
2026-06-30T22:02:16Z,2026-07-01T00:02:16+0200,0f2c1f14-db75-409f-ba89-d4cf4b8f7c81,2026-06-26T22:30:00Z,2026-06-27T00:30:00+0200,3897.64,MW,FR,FR,actual_onshore_wind_generation,Wind Onshore,2026-06-30T22:03:10Z
2026-06-30T22:02:16Z,2026-07-01T00:02:16+0200,0f2c1f14-db75-409f-ba89-d4cf4b8f7c81,2026-06-26T22:45:00Z,2026-06-27T00:45:00+0200,3845.82,MW,FR,FR,actual_onshore_wind_generation,Wind Onshore,2026-06-30T22:03:10Z
2026-06-30T22:02:16Z,2026-07-01T00:02:16+0200,0f2c1f14-db75-409f-ba89-d4cf4b8f7c81,2026-06-26T23:00:00Z,2026-06-27T01:00:00+0200,3727.9,MW,FR,FR,actual_onshore_wind_generation,Wind Onshore,2026-06-30T22:03:10Z
2026-06-30T22:02:16Z,2026-07-01T00:02:16+0200,0f2c1f14-db75-409f-ba89-d4cf4b8f7c81,2026-06-26T23:15:00Z,2026-06-27T01:15:00+0200,3557.5,MW,FR,FR,actual_onshore_wind_generation,Wind Onshore,2026-06-30T22:03:10Z
2026-06-30T22:02:16Z,2026-07-01T00:02:16+0200,0f2c1f14-db75-409f-ba89-d4cf4b8f7c81,2026-06-26T23:30:00Z,2026-06-27T01:30:00+0200,3387.5,MW,FR,FR,actual_onshore_wind_generation,Wind Onshore,2026-06-30T22:03:10Z
2026-06-30T22:02:16Z,2026-07-01T00:02:16+0200,0f2c1f14-db75-409f-ba89-d4cf4b8f7c81,2026-06-26T23:45:00Z,2026-06-27T01:45:00+0200,3214.03,MW,FR,FR,actual_onshore_wind_generation,Wind Onshore,2026-06-30T22:03:10Z
2026-06-30T22:02:16Z,2026-07-01T00:02:16+0200,0f2c1f14-db75-409f-ba89-d4cf4b8f7c81,2026-06-27T00:00:00Z,2026-06-27T02:00:00+0200,3082.59,MW,FR,FR,actual_onshore_wind_generation,Wind Onshore,2026-06-30T22:03:10Z
2026-06-30T22:02:16Z,2026-07-01T00:02:16+0200,0f2c1f14-db75-409f-ba89-d4cf4b8f7c81,2026-06-27T00:15:00Z,2026-06-27T02:15:00+0200,2925.82,MW,FR,FR,actual_onshore_wind_generation,Wind Onshore,2026-06-30T22:03:10Z
2026-06-30T22:02:16Z,2026-07-01T00:02:16+0200,0f2c1f14-db75-409f-ba89-d4cf4b8f7c81,2026-06-27T00:30:00Z,2026-06-27T02:30:00+0200,2854.99,MW,FR,FR,actual_onshore_wind_generation,Wind Onshore,2026-06-30T22:03:10Z
2026-06-30T22:02:16Z,2026-07-01T00:02:16+0200,0f2c1f14-db75-409f-ba89-d4cf4b8f7c81,2026-06-27T00:45:00Z,2026-06-27T02:45:00+0200,2762.0,MW,FR,FR,actual_onshore_wind_generation,Wind Onshore,2026-06-30T22:03:10Z
2026-06-30T22:02:16Z,2026-07-01T00:02:16+0200,0f2c1f14-db75-409f-ba89-d4cf4b8f7c81,2026-06-27T01:00:00Z,2026-06-27T03:00:00+0200,2671.27,MW,FR,FR,actual_onshore_wind_generation,Wind Onshore,2026-06-30T22:03:10Z
2026-06-30T22:02:16Z,2026-07-01T00:02:16+0200,0f2c1f14-db75-409f-ba89-d4cf4b8f7c81,2026-06-27T01:15:00Z,2026-06-27T03:15:00+0200,2643.08,MW,FR,FR,actual_onshore_wind_generation,Wind Onshore,2026-06-30T22:03:10Z
2026-06-30T22:02:16Z,2026-07-01T00:02:16+0200,0f2c1f14-db75-409f-ba89-d4cf4b8f7c81,2026-06-27T01:30:00Z,2026-06-27T03:30:00+0200,2638.01,MW,FR,FR,actual_onshore_wind_generation,Wind Onshore,2026-06-30T22:03:10Z
2026-06-30T22:02:16Z,2026-07-01T00:02:16+0200,0f2c1f14-db75-409f-ba89-d4cf4b8f7c81,2026-06-27T01:45:00Z,2026-06-27T03:45:00+0200,2684.26,MW,FR,FR,actual_onshore_wind_generation,Wind Onshore,2026-06-30T22:03:10Z
2026-06-30T22:02:16Z,2026-07-01T00:02:16+0200,0f2c1f14-db75-409f-ba89-d4cf4b8f7c81,2026-06-27T02:00:00Z,2026-06-27T04:00:00+0200,2737.87,MW,FR,FR,actual_onshore_wind_generation,Wind Onshore,2026-06-30T22:03:10Z
2026-06-30T22:02:16Z,2026-07-01T00:02:16+0200,0f2c1f14-db75-409f-ba89-d4cf4b8f7c81,2026-06-27T02:15:00Z,2026-06-27T04:15:00+0200,2810.8,MW,FR,FR,actual_onshore_wind_generation,Wind Onshore,2026-06-30T22:03:10Z
2026-06-30T22:02:16Z,2026-07-01T00:02:16+0200,0f2c1f14-db75-409f-ba89-d4cf4b8f7c81,2026-06-27T02:30:00Z,2026-06-27T04:30:00+0200,2971.7,MW,FR,FR,actual_onshore_wind_generation,Wind Onshore,2026-06-30T22:03:10Z
2026-06-30T22:02:16Z,2026-07-01T00:02:16+0200,0f2c1f14-db75-409f-ba89-d4cf4b8f7c81,2026-06-27T02:45:00Z,2026-06-27T04:45:00+0200,3138.85,MW,FR,FR,actual_onshore_wind_generation,Wind Onshore,2026-06-30T22:03:10Z
2026-06-30T22:02:16Z,2026-07-01T00:02:16+0200,0f2c1f14-db75-409f-ba89-d4cf4b8f7c81,2026-06-27T03:00:00Z,2026-06-27T05:00:00+0200,3309.81,MW,FR,FR,actual_onshore_wind_generation,Wind Onshore,2026-06-30T22:03:10Z
2026-06-30T22:02:16Z,2026-07-01T00:02:16+0200,0f2c1f14-db75-409f-ba89-d4cf4b8f7c81,2026-06-27T03:15:00Z,2026-06-27T05:15:00+0200,3447.78,MW,FR,FR,actual_onshore_wind_generation,Wind Onshore,2026-06-30T22:03:10Z
2026-06-30T22:02:16Z,2026-07-01T00:02:16+0200,0f2c1f14-db75-409f-ba89-d4cf4b8f7c81,2026-06-27T03:30:00Z,2026-06-27T05:30:00+0200,3557.37,MW,FR,FR,actual_onshore_wind_generation,Wind Onshore,2026-06-30T22:03:10Z
2026-06-30T22:02:16Z,2026-07-01T00:02:16+0200,0f2c1f14-db75-409f-ba89-d4cf4b8f7c81,2026-06-27T03:45:00Z,2026-06-27T05:45:00+0200,3675.77,MW,FR,FR,actual_onshore_wind_generation,Wind Onshore,2026-06-30T22:03:10Z
2026-06-30T22:02:16Z,2026-07-01T00:02:16+0200,0f2c1f14-db75-409f-ba89-d4cf4b8f7c81,2026-06-27T04:00:00Z,2026-06-27T06:00:00+0200,3721.81,MW,FR,FR,actual_onshore_wind_generation,Wind Onshore,2026-06-30T22:03:10Z
2026-06-30T22:02:16Z,2026-07-01T00:02:16+0200,0f2c1f14-db75-409f-ba89-d4cf4b8f7c81,2026-06-27T04:15:00Z,2026-06-27T06:15:00+0200,3698.83,MW,FR,FR,actual_onshore_wind_generation,Wind Onshore,2026-06-30T22:03:10Z
2026-06-30T22:02:16Z,2026-07-01T00:02:16+0200,0f2c1f14-db75-409f-ba89-d4cf4b8f7c81,2026-06-27T04:30:00Z,2026-06-27T06:30:00+0200,3707.11,MW,FR,FR,actual_onshore_wind_generation,Wind Onshore,2026-06-30T22:03:10Z
2026-06-30T22:02:16Z,2026-07-01T00:02:16+0200,0f2c1f14-db75-409f-ba89-d4cf4b8f7c81,2026-06-27T04:45:00Z,2026-06-27T06:45:00+0200,3739.88,MW,FR,FR,actual_onshore_wind_generation,Wind Onshore,2026-06-30T22:03:10Z
2026-06-30T22:02:16Z,2026-07-01T00:02:16+0200,0f2c1f14-db75-409f-ba89-d4cf4b8f7c81,2026-06-27T05:00:00Z,2026-06-27T07:00:00+0200,3878.16,MW,FR,FR,actual_onshore_wind_generation,Wind Onshore,2026-06-30T22:03:10Z
2026-06-30T22:02:16Z,2026-07-01T00:02:16+0200,0f2c1f14-db75-409f-ba89-d4cf4b8f7c81,2026-06-27T05:15:00Z,2026-06-27T07:15:00+0200,3948.98,MW,FR,FR,actual_onshore_wind_generation,Wind Onshore,2026-06-30T22:03:10Z
2026-06-30T22:02:16Z,2026-07-01T00:02:16+0200,0f2c1f14-db75-409f-ba89-d4cf4b8f7c81,2026-06-27T05:30:00Z,2026-06-27T07:30:00+0200,3992.56,MW,FR,FR,actual_onshore_wind_generation,Wind Onshore,2026-06-30T22:03:10Z
2026-06-30T22:02:16Z,2026-07-01T00:02:16+0200,0f2c1f14-db75-409f-ba89-d4cf4b8f7c81,2026-06-27T05:45:00Z,2026-06-27T07:45:00+0200,4009.22,MW,FR,FR,actual_onshore_wind_generation,Wind Onshore,2026-06-30T22:03:10Z
2026-06-30T22:02:16Z,2026-07-01T00:02:16+0200,0f2c1f14-db75-409f-ba89-d4cf4b8f7c81,2026-06-27T06:00:00Z,2026-06-27T08:00:00+0200,3828.41,MW,FR,FR,actual_onshore_wind_generation,Wind Onshore,2026-06-30T22:03:10Z
2026-06-30T22:02:16Z,2026-07-01T00:02:16+0200,0f2c1f14-db75-409f-ba89-d4cf4b8f7c81,2026-06-27T06:15:00Z,2026-06-27T08:15:00+0200,3636.65,MW,FR,FR,actual_onshore_wind_generation,Wind Onshore,2026-06-30T22:03:10Z
2026-06-30T22:02:16Z,2026-07-01T00:02:16+0200,0f2c1f14-db75-409f-ba89-d4cf4b8f7c81,2026-06-27T06:30:00Z,2026-06-27T08:30:00+0200,3531.3,MW,FR,FR,actual_onshore_wind_generation,Wind Onshore,2026-06-30T22:03:10Z
2026-06-30T22:02:16Z,2026-07-01T00:02:16+0200,0f2c1f14-db75-409f-ba89-d4cf4b8f7c81,2026-06-27T06:45:00Z,2026-06-27T08:45:00+0200,3263.5,MW,FR,FR,actual_onshore_wind_generation,Wind Onshore,2026-06-30T22:03:10Z
2026-06-30T22:02:16Z,2026-07-01T00:02:16+0200,0f2c1f14-db75-409f-ba89-d4cf4b8f7c81,2026-06-27T07:00:00Z,2026-06-27T09:00:00+0200,2985.69,MW,FR,FR,actual_onshore_wind_generation,Wind Onshore,2026-06-30T22:03:10Z
2026-06-30T22:02:16Z,2026-07-01T00:02:16+0200,0f2c1f14-db75-409f-ba89-d4cf4b8f7c81,2026-06-27T07:15:00Z,2026-06-27T09:15:00+0200,2831.51,MW,FR,FR,actual_onshore_wind_generation,Wind Onshore,2026-06-30T22:03:10Z
2026-06-30T22:02:16Z,2026-07-01T00:02:16+0200,0f2c1f14-db75-409f-ba89-d4cf4b8f7c81,2026-06-27T07:30:00Z,2026-06-27T09:30:00+0200,2784.86,MW,FR,FR,actual_onshore_wind_generation,Wind Onshore,2026-06-30T22:03:10Z
2026-06-30T22:02:16Z,2026-07-01T00:02:16+0200,0f2c1f14-db75-409f-ba89-d4cf4b8f7c81,2026-06-27T07:45:00Z,2026-06-27T09:45:00+0200,2776.19,MW,FR,FR,actual_onshore_wind_generation,Wind Onshore,2026-06-30T22:03:10Z
2026-06-30T22:02:16Z,2026-07-01T00:02:16+0200,0f2c1f14-db75-409f-ba89-d4cf4b8f7c81,2026-06-27T08:00:00Z,2026-06-27T10:00:00+0200,2751.91,MW,FR,FR,actual_onshore_wind_generation,Wind Onshore,2026-06-30T22:03:10Z
2026-06-30T22:02:16Z,2026-07-01T00:02:16+0200,0f2c1f14-db75-409f-ba89-d4cf4b8f7c81,2026-06-27T08:15:00Z,2026-06-27T10:15:00+0200,2711.62,MW,FR,FR,actual_onshore_wind_generation,Wind Onshore,2026-06-30T22:03:10Z
2026-06-30T22:02:16Z,2026-07-01T00:02:16+0200,0f2c1f14-db75-409f-ba89-d4cf4b8f7c81,2026-06-27T08:30:00Z,2026-06-27T10:30:00+0200,2749.43,MW,FR,FR,actual_onshore_wind_generation,Wind Onshore,2026-06-30T22:03:10Z
2026-06-30T22:02:16Z,2026-07-01T00:02:16+0200,0f2c1f14-db75-409f-ba89-d4cf4b8f7c81,2026-06-27T08:45:00Z,2026-06-27T10:45:00+0200,2784.9,MW,FR,FR,actual_onshore_wind_generation,Wind Onshore,2026-06-30T22:03:10Z
2026-06-30T22:02:16Z,2026-07-01T00:02:16+0200,0f2c1f14-db75-409f-ba89-d4cf4b8f7c81,2026-06-27T09:00:00Z,2026-06-27T11:00:00+0200,2849.36,MW,FR,FR,actual_onshore_wind_generation,Wind Onshore,2026-06-30T22:03:10Z
2026-06-30T22:02:16Z,2026-07-01T00:02:16+0200,0f2c1f14-db75-409f-ba89-d4cf4b8f7c81,2026-06-27T09:15:00Z,2026-06-27T11:15:00+0200,2905.9,MW,FR,FR,actual_onshore_wind_generation,Wind Onshore,2026-06-30T22:03:10Z
2026-06-30T22:02:16Z,2026-07-01T00:02:16+0200,0f2c1f14-db75-409f-ba89-d4cf4b8f7c81,2026-06-27T09:30:00Z,2026-06-27T11:30:00+0200,2950.63,MW,FR,FR,actual_onshore_wind_generation,Wind Onshore,2026-06-30T22:03:10Z
2026-06-30T22:02:16Z,2026-07-01T00:02:16+0200,0f2c1f14-db75-409f-ba89-d4cf4b8f7c81,2026-06-27T09:45:00Z,2026-06-27T11:45:00+0200,2915.47,MW,FR,FR,actual_onshore_wind_generation,Wind Onshore,2026-06-30T22:03:10Z
2026-06-30T22:02:16Z,2026-07-01T00:02:16+0200,0f2c1f14-db75-409f-ba89-d4cf4b8f7c81,2026-06-27T10:00:00Z,2026-06-27T12:00:00+0200,2814.56,MW,FR,FR,actual_onshore_wind_generation,Wind Onshore,2026-06-30T22:03:10Z
2026-06-30T22:02:16Z,2026-07-01T00:02:16+0200,0f2c1f14-db75-409f-ba89-d4cf4b8f7c81,2026-06-27T10:15:00Z,2026-06-27T12:15:00+0200,2614.56,MW,FR,FR,actual_onshore_wind_generation,Wind Onshore,2026-06-30T22:03:10Z
2026-06-30T22:02:16Z,2026-07-01T00:02:16+0200,0f2c1f14-db75-409f-ba89-d4cf4b8f7c81,2026-06-27T10:30:00Z,2026-06-27T12:30:00+0200,2438.06,MW,FR,FR,actual_onshore_wind_generation,Wind Onshore,2026-06-30T22:03:10Z
2026-06-30T22:02:16Z,2026-07-01T00:02:16+0200,0f2c1f14-db75-409f-ba89-d4cf4b8f7c81,2026-06-27T10:45:00Z,2026-06-27T12:45:00+0200,2324.79,MW,FR,FR,actual_onshore_wind_generation,Wind Onshore,2026-06-30T22:03:10Z
2026-06-30T22:02:16Z,2026-07-01T00:02:16+0200,0f2c1f14-db75-409f-ba89-d4cf4b8f7c81,2026-06-27T11:00:00Z,2026-06-27T13:00:00+0200,2231.79,MW,FR,FR,actual_onshore_wind_generation,Wind Onshore,2026-06-30T22:03:10Z
2026-06-30T22:02:16Z,2026-07-01T00:02:16+0200,0f2c1f14-db75-409f-ba89-d4cf4b8f7c81,2026-06-27T11:15:00Z,2026-06-27T13:15:00+0200,2183.56,MW,FR,FR,actual_onshore_wind_generation,Wind Onshore,2026-06-30T22:03:10Z
2026-06-30T22:02:16Z,2026-07-01T00:02:16+0200,0f2c1f14-db75-409f-ba89-d4cf4b8f7c81,2026-06-27T11:30:00Z,2026-06-27T13:30:00+0200,2151.13,MW,FR,FR,actual_onshore_wind_generation,Wind Onshore,2026-06-30T22:03:10Z
2026-06-30T22:02:16Z,2026-07-01T00:02:16+0200,0f2c1f14-db75-409f-ba89-d4cf4b8f7c81,2026-06-27T11:45:00Z,2026-06-27T13:45:00+0200,2166.5,MW,FR,FR,actual_onshore_wind_generation,Wind Onshore,2026-06-30T22:03:10Z
2026-06-30T22:02:16Z,2026-07-01T00:02:16+0200,0f2c1f14-db75-409f-ba89-d4cf4b8f7c81,2026-06-27T12:00:00Z,2026-06-27T14:00:00+0200,2227.85,MW,FR,FR,actual_onshore_wind_generation,Wind Onshore,2026-06-30T22:03:10Z
2026-06-30T22:02:16Z,2026-07-01T00:02:16+0200,0f2c1f14-db75-409f-ba89-d4cf4b8f7c81,2026-06-27T12:15:00Z,2026-06-27T14:15:00+0200,2214.7,MW,FR,FR,actual_onshore_wind_generation,Wind Onshore,2026-06-30T22:03:10Z
2026-06-30T22:02:16Z,2026-07-01T00:02:16+0200,0f2c1f14-db75-409f-ba89-d4cf4b8f7c81,2026-06-27T12:30:00Z,2026-06-27T14:30:00+0200,2183.67,MW,FR,FR,actual_onshore_wind_generation,Wind Onshore,2026-06-30T22:03:10Z
2026-06-30T22:02:16Z,2026-07-01T00:02:16+0200,0f2c1f14-db75-409f-ba89-d4cf4b8f7c81,2026-06-27T12:45:00Z,2026-06-27T14:45:00+0200,2259.03,MW,FR,FR,actual_onshore_wind_generation,Wind Onshore,2026-06-30T22:03:10Z
2026-06-30T22:02:16Z,2026-07-01T00:02:16+0200,0f2c1f14-db75-409f-ba89-d4cf4b8f7c81,2026-06-27T13:00:00Z,2026-06-27T15:00:00+0200,2291.79,MW,FR,FR,actual_onshore_wind_generation,Wind Onshore,2026-06-30T22:03:10Z
2026-06-30T22:02:16Z,2026-07-01T00:02:16+0200,0f2c1f14-db75-409f-ba89-d4cf4b8f7c81,2026-06-27T13:15:00Z,2026-06-27T15:15:00+0200,2302.89,MW,FR,FR,actual_onshore_wind_generation,Wind Onshore,2026-06-30T22:03:10Z
2026-06-30T22:02:16Z,2026-07-01T00:02:16+0200,0f2c1f14-db75-409f-ba89-d4cf4b8f7c81,2026-06-27T13:30:00Z,2026-06-27T15:30:00+0200,2342.46,MW,FR,FR,actual_onshore_wind_generation,Wind Onshore,2026-06-30T22:03:10Z
2026-06-30T22:02:16Z,2026-07-01T00:02:16+0200,0f2c1f14-db75-409f-ba89-d4cf4b8f7c81,2026-06-27T13:45:00Z,2026-06-27T15:45:00+0200,2378.04,MW,FR,FR,actual_onshore_wind_generation,Wind Onshore,2026-06-30T22:03:10Z
2026-06-30T22:02:16Z,2026-07-01T00:02:16+0200,0f2c1f14-db75-409f-ba89-d4cf4b8f7c81,2026-06-27T14:00:00Z,2026-06-27T16:00:00+0200,2382.11,MW,FR,FR,actual_onshore_wind_generation,Wind Onshore,2026-06-30T22:03:10Z
2026-06-30T22:02:16Z,2026-07-01T00:02:16+0200,0f2c1f14-db75-409f-ba89-d4cf4b8f7c81,2026-06-27T14:15:00Z,2026-06-27T16:15:00+0200,2386.06,MW,FR,FR,actual_onshore_wind_generation,Wind Onshore,2026-06-30T22:03:10Z
2026-06-30T22:02:16Z,2026-07-01T00:02:16+0200,0f2c1f14-db75-409f-ba89-d4cf4b8f7c81,2026-06-27T14:30:00Z,2026-06-27T16:30:00+0200,2354.22,MW,FR,FR,actual_onshore_wind_generation,Wind Onshore,2026-06-30T22:03:10Z
2026-06-30T22:02:16Z,2026-07-01T00:02:16+0200,0f2c1f14-db75-409f-ba89-d4cf4b8f7c81,2026-06-27T14:45:00Z,2026-06-27T16:45:00+0200,2445.13,MW,FR,FR,actual_onshore_wind_generation,Wind Onshore,2026-06-30T22:03:10Z
2026-06-30T22:02:16Z,2026-07-01T00:02:16+0200,0f2c1f14-db75-409f-ba89-d4cf4b8f7c81,2026-06-27T15:00:00Z,2026-06-27T17:00:00+0200,2512.25,MW,FR,FR,actual_onshore_wind_generation,Wind Onshore,2026-06-30T22:03:10Z
2026-06-30T22:02:16Z,2026-07-01T00:02:16+0200,0f2c1f14-db75-409f-ba89-d4cf4b8f7c81,2026-06-27T15:15:00Z,2026-06-27T17:15:00+0200,2602.8,MW,FR,FR,actual_onshore_wind_generation,Wind Onshore,2026-06-30T22:03:10Z
2026-06-30T22:02:16Z,2026-07-01T00:02:16+0200,0f2c1f14-db75-409f-ba89-d4cf4b8f7c81,2026-06-27T15:30:00Z,2026-06-27T17:30:00+0200,2651.0,MW,FR,FR,actual_onshore_wind_generation,Wind Onshore,2026-06-30T22:03:10Z
2026-06-30T22:02:16Z,2026-07-01T00:02:16+0200,0f2c1f14-db75-409f-ba89-d4cf4b8f7c81,2026-06-27T15:45:00Z,2026-06-27T17:45:00+0200,2697.63,MW,FR,FR,actual_onshore_wind_generation,Wind Onshore,2026-06-30T22:03:10Z
2026-06-30T22:02:16Z,2026-07-01T00:02:16+0200,0f2c1f14-db75-409f-ba89-d4cf4b8f7c81,2026-06-27T16:00:00Z,2026-06-27T18:00:00+0200,2714.07,MW,FR,FR,actual_onshore_wind_generation,Wind Onshore,2026-06-30T22:03:10Z
2026-06-30T22:02:16Z,2026-07-01T00:02:16+0200,0f2c1f14-db75-409f-ba89-d4cf4b8f7c81,2026-06-27T16:15:00Z,2026-06-27T18:15:00+0200,2730.14,MW,FR,FR,actual_onshore_wind_generation,Wind Onshore,2026-06-30T22:03:10Z
2026-06-30T22:02:16Z,2026-07-01T00:02:16+0200,0f2c1f14-db75-409f-ba89-d4cf4b8f7c81,2026-06-27T16:30:00Z,2026-06-27T18:30:00+0200,2822.81,MW,FR,FR,actual_onshore_wind_generation,Wind Onshore,2026-06-30T22:03:10Z
2026-06-30T22:02:16Z,2026-07-01T00:02:16+0200,0f2c1f14-db75-409f-ba89-d4cf4b8f7c81,2026-06-27T16:45:00Z,2026-06-27T18:45:00+0200,2845.39,MW,FR,FR,actual_onshore_wind_generation,Wind Onshore,2026-06-30T22:03:10Z
2026-06-30T22:02:16Z,2026-07-01T00:02:16+0200,0f2c1f14-db75-409f-ba89-d4cf4b8f7c81,2026-06-27T17:00:00Z,2026-06-27T19:00:00+0200,2884.69,MW,FR,FR,actual_onshore_wind_generation,Wind Onshore,2026-06-30T22:03:10Z
2026-06-30T22:02:16Z,2026-07-01T00:02:16+0200,0f2c1f14-db75-409f-ba89-d4cf4b8f7c81,2026-06-27T17:15:00Z,2026-06-27T19:15:00+0200,2881.15,MW,FR,FR,actual_onshore_wind_generation,Wind Onshore,2026-06-30T22:03:10Z
2026-06-30T22:02:16Z,2026-07-01T00:02:16+0200,0f2c1f14-db75-409f-ba89-d4cf4b8f7c81,2026-06-27T17:30:00Z,2026-06-27T19:30:00+0200,2851.66,MW,FR,FR,actual_onshore_wind_generation,Wind Onshore,2026-06-30T22:03:10Z
2026-06-30T22:02:16Z,2026-07-01T00:02:16+0200,0f2c1f14-db75-409f-ba89-d4cf4b8f7c81,2026-06-27T17:45:00Z,2026-06-27T19:45:00+0200,2879.32,MW,FR,FR,actual_onshore_wind_generation,Wind Onshore,2026-06-30T22:03:10Z
2026-06-30T22:02:16Z,2026-07-01T00:02:16+0200,0f2c1f14-db75-409f-ba89-d4cf4b8f7c81,2026-06-27T18:00:00Z,2026-06-27T20:00:00+0200,3057.78,MW,FR,FR,actual_onshore_wind_generation,Wind Onshore,2026-06-30T22:03:10Z
2026-06-30T22:02:16Z,2026-07-01T00:02:16+0200,0f2c1f14-db75-409f-ba89-d4cf4b8f7c81,2026-06-27T18:15:00Z,2026-06-27T20:15:00+0200,3185.48,MW,FR,FR,actual_onshore_wind_generation,Wind Onshore,2026-06-30T22:03:10Z
2026-06-30T22:02:16Z,2026-07-01T00:02:16+0200,0f2c1f14-db75-409f-ba89-d4cf4b8f7c81,2026-06-27T18:30:00Z,2026-06-27T20:30:00+0200,3287.51,MW,FR,FR,actual_onshore_wind_generation,Wind Onshore,2026-06-30T22:03:10Z
2026-06-30T22:02:16Z,2026-07-01T00:02:16+0200,0f2c1f14-db75-409f-ba89-d4cf4b8f7c81,2026-06-27T18:45:00Z,2026-06-27T20:45:00+0200,3256.97,MW,FR,FR,actual_onshore_wind_generation,Wind Onshore,2026-06-30T22:03:10Z
2026-06-30T22:02:16Z,2026-07-01T00:02:16+0200,0f2c1f14-db75-409f-ba89-d4cf4b8f7c81,2026-06-27T19:00:00Z,2026-06-27T21:00:00+0200,3250.67,MW,FR,FR,actual_onshore_wind_generation,Wind Onshore,2026-06-30T22:03:10Z
2026-06-30T22:02:16Z,2026-07-01T00:02:16+0200,0f2c1f14-db75-409f-ba89-d4cf4b8f7c81,2026-06-27T19:15:00Z,2026-06-27T21:15:00+0200,3307.37,MW,FR,FR,actual_onshore_wind_generation,Wind Onshore,2026-06-30T22:03:10Z
2026-06-30T22:02:16Z,2026-07-01T00:02:16+0200,0f2c1f14-db75-409f-ba89-d4cf4b8f7c81,2026-06-27T19:30:00Z,2026-06-27T21:30:00+0200,3266.4,MW,FR,FR,actual_onshore_wind_generation,Wind Onshore,2026-06-30T22:03:10Z
2026-06-30T22:02:16Z,2026-07-01T00:02:16+0200,0f2c1f14-db75-409f-ba89-d4cf4b8f7c81,2026-06-27T19:45:00Z,2026-06-27T21:45:00+0200,3244.9,MW,FR,FR,actual_onshore_wind_generation,Wind Onshore,2026-06-30T22:03:10Z
2026-06-30T22:02:16Z,2026-07-01T00:02:16+0200,0f2c1f14-db75-409f-ba89-d4cf4b8f7c81,2026-06-27T20:00:00Z,2026-06-27T22:00:00+0200,3034.52,MW,FR,FR,actual_onshore_wind_generation,Wind Onshore,2026-06-30T22:03:10Z
2026-06-30T22:02:16Z,2026-07-01T00:02:16+0200,0f2c1f14-db75-409f-ba89-d4cf4b8f7c81,2026-06-27T20:15:00Z,2026-06-27T22:15:00+0200,3146.9,MW,FR,FR,actual_onshore_wind_generation,Wind Onshore,2026-06-30T22:03:10Z
2026-06-30T22:02:16Z,2026-07-01T00:02:16+0200,0f2c1f14-db75-409f-ba89-d4cf4b8f7c81,2026-06-27T20:30:00Z,2026-06-27T22:30:00+0200,3241.82,MW,FR,FR,actual_onshore_wind_generation,Wind Onshore,2026-06-30T22:03:10Z
2026-06-30T22:02:16Z,2026-07-01T00:02:16+0200,0f2c1f14-db75-409f-ba89-d4cf4b8f7c81,2026-06-27T20:45:00Z,2026-06-27T22:45:00+0200,3039.05,MW,FR,FR,actual_onshore_wind_generation,Wind Onshore,2026-06-30T22:03:10Z
2026-06-30T22:02:16Z,2026-07-01T00:02:16+0200,0f2c1f14-db75-409f-ba89-d4cf4b8f7c81,2026-06-27T21:00:00Z,2026-06-27T23:00:00+0200,2959.88,MW,FR,FR,actual_onshore_wind_generation,Wind Onshore,2026-06-30T22:03:10Z
2026-06-30T22:02:16Z,2026-07-01T00:02:16+0200,0f2c1f14-db75-409f-ba89-d4cf4b8f7c81,2026-06-27T21:15:00Z,2026-06-27T23:15:00+0200,3174.54,MW,FR,FR,actual_onshore_wind_generation,Wind Onshore,2026-06-30T22:03:10Z
2026-06-30T22:02:16Z,2026-07-01T00:02:16+0200,0f2c1f14-db75-409f-ba89-d4cf4b8f7c81,2026-06-27T21:30:00Z,2026-06-27T23:30:00+0200,3479.73,MW,FR,FR,actual_onshore_wind_generation,Wind Onshore,2026-06-30T22:03:10Z
2026-06-30T22:02:16Z,2026-07-01T00:02:16+0200,0f2c1f14-db75-409f-ba89-d4cf4b8f7c81,2026-06-27T21:45:00Z,2026-06-27T23:45:00+0200,3454.1,MW,FR,FR,actual_onshore_wind_generation,Wind Onshore,2026-06-30T22:03:10Z
2026-06-30T22:02:16Z,2026-07-01T00:02:16+0200,0f2c1f14-db75-409f-ba89-d4cf4b8f7c81,2026-06-27T22:00:00Z,2026-06-28T00:00:00+0200,3665.69,MW,FR,FR,actual_onshore_wind_generation,Wind Onshore,2026-06-30T22:03:10Z
2026-06-30T22:02:16Z,2026-07-01T00:02:16+0200,0f2c1f14-db75-409f-ba89-d4cf4b8f7c81,2026-06-27T22:15:00Z,2026-06-28T00:15:00+0200,4075.04,MW,FR,FR,actual_onshore_wind_generation,Wind Onshore,2026-06-30T22:03:10Z
2026-06-30T22:02:16Z,2026-07-01T00:02:16+0200,0f2c1f14-db75-409f-ba89-d4cf4b8f7c81,2026-06-27T22:30:00Z,2026-06-28T00:30:00+0200,4033.08,MW,FR,FR,actual_onshore_wind_generation,Wind Onshore,2026-06-30T22:03:10Z
2026-06-30T22:02:16Z,2026-07-01T00:02:16+0200,0f2c1f14-db75-409f-ba89-d4cf4b8f7c81,2026-06-27T22:45:00Z,2026-06-28T00:45:00+0200,4096.38,MW,FR,FR,actual_onshore_wind_generation,Wind Onshore,2026-06-30T22:03:10Z
2026-06-30T22:02:16Z,2026-07-01T00:02:16+0200,0f2c1f14-db75-409f-ba89-d4cf4b8f7c81,2026-06-27T23:00:00Z,2026-06-28T01:00:00+0200,3675.77,MW,FR,FR,actual_onshore_wind_generation,Wind Onshore,2026-06-30T22:03:10Z
2026-06-30T22:02:16Z,2026-07-01T00:02:16+0200,0f2c1f14-db75-409f-ba89-d4cf4b8f7c81,2026-06-27T23:15:00Z,2026-06-28T01:15:00+0200,3486.67,MW,FR,FR,actual_onshore_wind_generation,Wind Onshore,2026-06-30T22:03:10Z
2026-06-30T22:02:16Z,2026-07-01T00:02:16+0200,0f2c1f14-db75-409f-ba89-d4cf4b8f7c81,2026-06-27T23:30:00Z,2026-06-28T01:30:00+0200,3607.01,MW,FR,FR,actual_onshore_wind_generation,Wind Onshore,2026-06-30T22:03:10Z
2026-06-30T22:02:16Z,2026-07-01T00:02:16+0200,0f2c1f14-db75-409f-ba89-d4cf4b8f7c81,2026-06-27T23:45:00Z,2026-06-28T01:45:00+0200,3902.73,MW,FR,FR,actual_onshore_wind_generation,Wind Onshore,2026-06-30T22:03:10Z
2026-06-30T22:02:16Z,2026-07-01T00:02:16+0200,0f2c1f14-db75-409f-ba89-d4cf4b8f7c81,2026-06-28T00:00:00Z,2026-06-28T02:00:00+0200,3816.43,MW,FR,FR,actual_onshore_wind_generation,Wind Onshore,2026-06-30T22:03:10Z
2026-06-30T22:02:16Z,2026-07-01T00:02:16+0200,0f2c1f14-db75-409f-ba89-d4cf4b8f7c81,2026-06-28T00:15:00Z,2026-06-28T02:15:00+0200,3453.34,MW,FR,FR,actual_onshore_wind_generation,Wind Onshore,2026-06-30T22:03:10Z
2026-06-30T22:02:16Z,2026-07-01T00:02:16+0200,0f2c1f14-db75-409f-ba89-d4cf4b8f7c81,2026-06-28T00:30:00Z,2026-06-28T02:30:00+0200,3117.33,MW,FR,FR,actual_onshore_wind_generation,Wind Onshore,2026-06-30T22:03:10Z
2026-06-30T22:02:16Z,2026-07-01T00:02:16+0200,0f2c1f14-db75-409f-ba89-d4cf4b8f7c81,2026-06-28T00:45:00Z,2026-06-28T02:45:00+0200,2839.01,MW,FR,FR,actual_onshore_wind_generation,Wind Onshore,2026-06-30T22:03:10Z
2026-06-30T22:02:16Z,2026-07-01T00:02:16+0200,0f2c1f14-db75-409f-ba89-d4cf4b8f7c81,2026-06-28T01:00:00Z,2026-06-28T03:00:00+0200,2647.41,MW,FR,FR,actual_onshore_wind_generation,Wind Onshore,2026-06-30T22:03:10Z
2026-06-30T22:02:16Z,2026-07-01T00:02:16+0200,0f2c1f14-db75-409f-ba89-d4cf4b8f7c81,2026-06-28T01:15:00Z,2026-06-28T03:15:00+0200,2551.21,MW,FR,FR,actual_onshore_wind_generation,Wind Onshore,2026-06-30T22:03:10Z
2026-06-30T22:02:16Z,2026-07-01T00:02:16+0200,0f2c1f14-db75-409f-ba89-d4cf4b8f7c81,2026-06-28T01:30:00Z,2026-06-28T03:30:00+0200,2507.13,MW,FR,FR,actual_onshore_wind_generation,Wind Onshore,2026-06-30T22:03:10Z
2026-06-30T22:02:16Z,2026-07-01T00:02:16+0200,0f2c1f14-db75-409f-ba89-d4cf4b8f7c81,2026-06-28T01:45:00Z,2026-06-28T03:45:00+0200,2347.92,MW,FR,FR,actual_onshore_wind_generation,Wind Onshore,2026-06-30T22:03:10Z
2026-06-30T22:02:16Z,2026-07-01T00:02:16+0200,0f2c1f14-db75-409f-ba89-d4cf4b8f7c81,2026-06-28T02:00:00Z,2026-06-28T04:00:00+0200,2195.99,MW,FR,FR,actual_onshore_wind_generation,Wind Onshore,2026-06-30T22:03:10Z
2026-06-30T22:02:16Z,2026-07-01T00:02:16+0200,0f2c1f14-db75-409f-ba89-d4cf4b8f7c81,2026-06-28T02:15:00Z,2026-06-28T04:15:00+0200,2116.9,MW,FR,FR,actual_onshore_wind_generation,Wind Onshore,2026-06-30T22:03:10Z
2026-06-30T22:02:16Z,2026-07-01T00:02:16+0200,0f2c1f14-db75-409f-ba89-d4cf4b8f7c81,2026-06-28T02:30:00Z,2026-06-28T04:30:00+0200,2127.83,MW,FR,FR,actual_onshore_wind_generation,Wind Onshore,2026-06-30T22:03:10Z
2026-06-30T22:02:16Z,2026-07-01T00:02:16+0200,0f2c1f14-db75-409f-ba89-d4cf4b8f7c81,2026-06-28T02:45:00Z,2026-06-28T04:45:00+0200,2059.91,MW,FR,FR,actual_onshore_wind_generation,Wind Onshore,2026-06-30T22:03:10Z
2026-06-30T22:02:16Z,2026-07-01T00:02:16+0200,0f2c1f14-db75-409f-ba89-d4cf4b8f7c81,2026-06-28T03:00:00Z,2026-06-28T05:00:00+0200,2036.07,MW,FR,FR,actual_onshore_wind_generation,Wind Onshore,2026-06-30T22:03:10Z
2026-06-30T22:02:16Z,2026-07-01T00:02:16+0200,0f2c1f14-db75-409f-ba89-d4cf4b8f7c81,2026-06-28T03:15:00Z,2026-06-28T05:15:00+0200,2096.11,MW,FR,FR,actual_onshore_wind_generation,Wind Onshore,2026-06-30T22:03:10Z
2026-06-30T22:02:16Z,2026-07-01T00:02:16+0200,0f2c1f14-db75-409f-ba89-d4cf4b8f7c81,2026-06-28T03:30:00Z,2026-06-28T05:30:00+0200,2101.91,MW,FR,FR,actual_onshore_wind_generation,Wind Onshore,2026-06-30T22:03:10Z
2026-06-30T22:02:16Z,2026-07-01T00:02:16+0200,0f2c1f14-db75-409f-ba89-d4cf4b8f7c81,2026-06-28T03:45:00Z,2026-06-28T05:45:00+0200,2226.12,MW,FR,FR,actual_onshore_wind_generation,Wind Onshore,2026-06-30T22:03:10Z
2026-06-30T22:02:16Z,2026-07-01T00:02:16+0200,0f2c1f14-db75-409f-ba89-d4cf4b8f7c81,2026-06-28T04:00:00Z,2026-06-28T06:00:00+0200,2304.01,MW,FR,FR,actual_onshore_wind_generation,Wind Onshore,2026-06-30T22:03:10Z
2026-06-30T22:02:16Z,2026-07-01T00:02:16+0200,0f2c1f14-db75-409f-ba89-d4cf4b8f7c81,2026-06-28T04:15:00Z,2026-06-28T06:15:00+0200,2352.11,MW,FR,FR,actual_onshore_wind_generation,Wind Onshore,2026-06-30T22:03:10Z
2026-06-30T22:02:16Z,2026-07-01T00:02:16+0200,0f2c1f14-db75-409f-ba89-d4cf4b8f7c81,2026-06-28T04:30:00Z,2026-06-28T06:30:00+0200,2417.28,MW,FR,FR,actual_onshore_wind_generation,Wind Onshore,2026-06-30T22:03:10Z
2026-06-30T22:02:16Z,2026-07-01T00:02:16+0200,0f2c1f14-db75-409f-ba89-d4cf4b8f7c81,2026-06-28T04:45:00Z,2026-06-28T06:45:00+0200,2482.07,MW,FR,FR,actual_onshore_wind_generation,Wind Onshore,2026-06-30T22:03:10Z
2026-06-30T22:02:16Z,2026-07-01T00:02:16+0200,0f2c1f14-db75-409f-ba89-d4cf4b8f7c81,2026-06-28T05:00:00Z,2026-06-28T07:00:00+0200,2544.8,MW,FR,FR,actual_onshore_wind_generation,Wind Onshore,2026-06-30T22:03:10Z
2026-06-30T22:02:16Z,2026-07-01T00:02:16+0200,0f2c1f14-db75-409f-ba89-d4cf4b8f7c81,2026-06-28T05:15:00Z,2026-06-28T07:15:00+0200,2427.08,MW,FR,FR,actual_onshore_wind_generation,Wind Onshore,2026-06-30T22:03:10Z
2026-06-30T22:02:16Z,2026-07-01T00:02:16+0200,0f2c1f14-db75-409f-ba89-d4cf4b8f7c81,2026-06-28T05:30:00Z,2026-06-28T07:30:00+0200,2274.97,MW,FR,FR,actual_onshore_wind_generation,Wind Onshore,2026-06-30T22:03:10Z
2026-06-30T22:02:16Z,2026-07-01T00:02:16+0200,0f2c1f14-db75-409f-ba89-d4cf4b8f7c81,2026-06-28T05:45:00Z,2026-06-28T07:45:00+0200,2229.7,MW,FR,FR,actual_onshore_wind_generation,Wind Onshore,2026-06-30T22:03:10Z
2026-06-30T22:02:16Z,2026-07-01T00:02:16+0200,0f2c1f14-db75-409f-ba89-d4cf4b8f7c81,2026-06-28T06:00:00Z,2026-06-28T08:00:00+0200,2167.27,MW,FR,FR,actual_onshore_wind_generation,Wind Onshore,2026-06-30T22:03:10Z
2026-06-30T22:02:16Z,2026-07-01T00:02:16+0200,0f2c1f14-db75-409f-ba89-d4cf4b8f7c81,2026-06-28T06:15:00Z,2026-06-28T08:15:00+0200,2155.48,MW,FR,FR,actual_onshore_wind_generation,Wind Onshore,2026-06-30T22:03:10Z
2026-06-30T22:02:16Z,2026-07-01T00:02:16+0200,0f2c1f14-db75-409f-ba89-d4cf4b8f7c81,2026-06-28T06:30:00Z,2026-06-28T08:30:00+0200,2042.12,MW,FR,FR,actual_onshore_wind_generation,Wind Onshore,2026-06-30T22:03:10Z
2026-06-30T22:02:16Z,2026-07-01T00:02:16+0200,0f2c1f14-db75-409f-ba89-d4cf4b8f7c81,2026-06-28T06:45:00Z,2026-06-28T08:45:00+0200,2067.37,MW,FR,FR,actual_onshore_wind_generation,Wind Onshore,2026-06-30T22:03:10Z
2026-06-30T22:02:16Z,2026-07-01T00:02:16+0200,0f2c1f14-db75-409f-ba89-d4cf4b8f7c81,2026-06-28T07:00:00Z,2026-06-28T09:00:00+0200,2148.55,MW,FR,FR,actual_onshore_wind_generation,Wind Onshore,2026-06-30T22:03:10Z
2026-06-30T22:02:16Z,2026-07-01T00:02:16+0200,0f2c1f14-db75-409f-ba89-d4cf4b8f7c81,2026-06-28T07:15:00Z,2026-06-28T09:15:00+0200,2266.08,MW,FR,FR,actual_onshore_wind_generation,Wind Onshore,2026-06-30T22:03:10Z
2026-06-30T22:02:16Z,2026-07-01T00:02:16+0200,0f2c1f14-db75-409f-ba89-d4cf4b8f7c81,2026-06-28T07:30:00Z,2026-06-28T09:30:00+0200,2433.14,MW,FR,FR,actual_onshore_wind_generation,Wind Onshore,2026-06-30T22:03:10Z
2026-06-30T22:02:16Z,2026-07-01T00:02:16+0200,0f2c1f14-db75-409f-ba89-d4cf4b8f7c81,2026-06-28T07:45:00Z,2026-06-28T09:45:00+0200,2615.35,MW,FR,FR,actual_onshore_wind_generation,Wind Onshore,2026-06-30T22:03:10Z
2026-06-30T22:02:16Z,2026-07-01T00:02:16+0200,0f2c1f14-db75-409f-ba89-d4cf4b8f7c81,2026-06-28T08:00:00Z,2026-06-28T10:00:00+0200,2710.15,MW,FR,FR,actual_onshore_wind_generation,Wind Onshore,2026-06-30T22:03:10Z
2026-06-30T22:02:16Z,2026-07-01T00:02:16+0200,0f2c1f14-db75-409f-ba89-d4cf4b8f7c81,2026-06-28T08:15:00Z,2026-06-28T10:15:00+0200,2703.03,MW,FR,FR,actual_onshore_wind_generation,Wind Onshore,2026-06-30T22:03:10Z
2026-06-30T22:02:16Z,2026-07-01T00:02:16+0200,0f2c1f14-db75-409f-ba89-d4cf4b8f7c81,2026-06-28T08:30:00Z,2026-06-28T10:30:00+0200,2856.39,MW,FR,FR,actual_onshore_wind_generation,Wind Onshore,2026-06-30T22:03:10Z
2026-06-30T22:02:16Z,2026-07-01T00:02:16+0200,0f2c1f14-db75-409f-ba89-d4cf4b8f7c81,2026-06-28T08:45:00Z,2026-06-28T10:45:00+0200,2776.37,MW,FR,FR,actual_onshore_wind_generation,Wind Onshore,2026-06-30T22:03:10Z
2026-06-30T22:02:16Z,2026-07-01T00:02:16+0200,0f2c1f14-db75-409f-ba89-d4cf4b8f7c81,2026-06-28T09:00:00Z,2026-06-28T11:00:00+0200,2580.35,MW,FR,FR,actual_onshore_wind_generation,Wind Onshore,2026-06-30T22:03:10Z
2026-06-30T22:02:16Z,2026-07-01T00:02:16+0200,0f2c1f14-db75-409f-ba89-d4cf4b8f7c81,2026-06-28T09:15:00Z,2026-06-28T11:15:00+0200,2341.36,MW,FR,FR,actual_onshore_wind_generation,Wind Onshore,2026-06-30T22:03:10Z
2026-06-30T22:02:16Z,2026-07-01T00:02:16+0200,0f2c1f14-db75-409f-ba89-d4cf4b8f7c81,2026-06-28T09:30:00Z,2026-06-28T11:30:00+0200,2088.65,MW,FR,FR,actual_onshore_wind_generation,Wind Onshore,2026-06-30T22:03:10Z
2026-06-30T22:02:16Z,2026-07-01T00:02:16+0200,0f2c1f14-db75-409f-ba89-d4cf4b8f7c81,2026-06-28T09:45:00Z,2026-06-28T11:45:00+0200,1910.02,MW,FR,FR,actual_onshore_wind_generation,Wind Onshore,2026-06-30T22:03:10Z
2026-06-30T22:02:16Z,2026-07-01T00:02:16+0200,0f2c1f14-db75-409f-ba89-d4cf4b8f7c81,2026-06-28T10:00:00Z,2026-06-28T12:00:00+0200,1754.91,MW,FR,FR,actual_onshore_wind_generation,Wind Onshore,2026-06-30T22:03:10Z
2026-06-30T22:02:16Z,2026-07-01T00:02:16+0200,0f2c1f14-db75-409f-ba89-d4cf4b8f7c81,2026-06-28T10:15:00Z,2026-06-28T12:15:00+0200,1704.88,MW,FR,FR,actual_onshore_wind_generation,Wind Onshore,2026-06-30T22:03:10Z
2026-06-30T22:02:16Z,2026-07-01T00:02:16+0200,0f2c1f14-db75-409f-ba89-d4cf4b8f7c81,2026-06-28T10:30:00Z,2026-06-28T12:30:00+0200,1721.73,MW,FR,FR,actual_onshore_wind_generation,Wind Onshore,2026-06-30T22:03:10Z
2026-06-30T22:02:16Z,2026-07-01T00:02:16+0200,0f2c1f14-db75-409f-ba89-d4cf4b8f7c81,2026-06-28T10:45:00Z,2026-06-28T12:45:00+0200,1831.75,MW,FR,FR,actual_onshore_wind_generation,Wind Onshore,2026-06-30T22:03:10Z
2026-06-30T22:02:16Z,2026-07-01T00:02:16+0200,0f2c1f14-db75-409f-ba89-d4cf4b8f7c81,2026-06-28T11:00:00Z,2026-06-28T13:00:00+0200,1868.9,MW,FR,FR,actual_onshore_wind_generation,Wind Onshore,2026-06-30T22:03:10Z
2026-06-30T22:02:16Z,2026-07-01T00:02:16+0200,0f2c1f14-db75-409f-ba89-d4cf4b8f7c81,2026-06-28T11:15:00Z,2026-06-28T13:15:00+0200,1899.26,MW,FR,FR,actual_onshore_wind_generation,Wind Onshore,2026-06-30T22:03:10Z
2026-06-30T22:02:16Z,2026-07-01T00:02:16+0200,0f2c1f14-db75-409f-ba89-d4cf4b8f7c81,2026-06-28T11:30:00Z,2026-06-28T13:30:00+0200,1854.68,MW,FR,FR,actual_onshore_wind_generation,Wind Onshore,2026-06-30T22:03:10Z
2026-06-30T22:02:16Z,2026-07-01T00:02:16+0200,0f2c1f14-db75-409f-ba89-d4cf4b8f7c81,2026-06-28T11:45:00Z,2026-06-28T13:45:00+0200,1814.99,MW,FR,FR,actual_onshore_wind_generation,Wind Onshore,2026-06-30T22:03:10Z
2026-06-30T22:02:16Z,2026-07-01T00:02:16+0200,0f2c1f14-db75-409f-ba89-d4cf4b8f7c81,2026-06-28T12:00:00Z,2026-06-28T14:00:00+0200,1781.2,MW,FR,FR,actual_onshore_wind_generation,Wind Onshore,2026-06-30T22:03:10Z
2026-06-30T22:02:16Z,2026-07-01T00:02:16+0200,0f2c1f14-db75-409f-ba89-d4cf4b8f7c81,2026-06-28T12:15:00Z,2026-06-28T14:15:00+0200,1765.36,MW,FR,FR,actual_onshore_wind_generation,Wind Onshore,2026-06-30T22:03:10Z
2026-06-30T22:02:16Z,2026-07-01T00:02:16+0200,0f2c1f14-db75-409f-ba89-d4cf4b8f7c81,2026-06-28T12:30:00Z,2026-06-28T14:30:00+0200,1811.37,MW,FR,FR,actual_onshore_wind_generation,Wind Onshore,2026-06-30T22:03:10Z
2026-06-30T22:02:16Z,2026-07-01T00:02:16+0200,0f2c1f14-db75-409f-ba89-d4cf4b8f7c81,2026-06-28T12:45:00Z,2026-06-28T14:45:00+0200,1846.73,MW,FR,FR,actual_onshore_wind_generation,Wind Onshore,2026-06-30T22:03:10Z
2026-06-30T22:02:16Z,2026-07-01T00:02:16+0200,0f2c1f14-db75-409f-ba89-d4cf4b8f7c81,2026-06-28T13:00:00Z,2026-06-28T15:00:00+0200,1894.95,MW,FR,FR,actual_onshore_wind_generation,Wind Onshore,2026-06-30T22:03:10Z
2026-06-30T22:02:16Z,2026-07-01T00:02:16+0200,0f2c1f14-db75-409f-ba89-d4cf4b8f7c81,2026-06-28T13:15:00Z,2026-06-28T15:15:00+0200,1965.32,MW,FR,FR,actual_onshore_wind_generation,Wind Onshore,2026-06-30T22:03:10Z
2026-06-30T22:02:16Z,2026-07-01T00:02:16+0200,0f2c1f14-db75-409f-ba89-d4cf4b8f7c81,2026-06-28T13:30:00Z,2026-06-28T15:30:00+0200,1943.73,MW,FR,FR,actual_onshore_wind_generation,Wind Onshore,2026-06-30T22:03:10Z
2026-06-30T22:02:16Z,2026-07-01T00:02:16+0200,0f2c1f14-db75-409f-ba89-d4cf4b8f7c81,2026-06-28T13:45:00Z,2026-06-28T15:45:00+0200,1993.71,MW,FR,FR,actual_onshore_wind_generation,Wind Onshore,2026-06-30T22:03:10Z
2026-06-30T22:02:16Z,2026-07-01T00:02:16+0200,0f2c1f14-db75-409f-ba89-d4cf4b8f7c81,2026-06-28T14:00:00Z,2026-06-28T16:00:00+0200,1975.15,MW,FR,FR,actual_onshore_wind_generation,Wind Onshore,2026-06-30T22:03:10Z
2026-06-30T22:02:16Z,2026-07-01T00:02:16+0200,0f2c1f14-db75-409f-ba89-d4cf4b8f7c81,2026-06-28T14:15:00Z,2026-06-28T16:15:00+0200,2054.13,MW,FR,FR,actual_onshore_wind_generation,Wind Onshore,2026-06-30T22:03:10Z
2026-06-30T22:02:16Z,2026-07-01T00:02:16+0200,0f2c1f14-db75-409f-ba89-d4cf4b8f7c81,2026-06-28T14:30:00Z,2026-06-28T16:30:00+0200,2119.77,MW,FR,FR,actual_onshore_wind_generation,Wind Onshore,2026-06-30T22:03:10Z
2026-06-30T22:02:16Z,2026-07-01T00:02:16+0200,0f2c1f14-db75-409f-ba89-d4cf4b8f7c81,2026-06-28T14:45:00Z,2026-06-28T16:45:00+0200,2170.32,MW,FR,FR,actual_onshore_wind_generation,Wind Onshore,2026-06-30T22:03:10Z
2026-06-30T22:02:16Z,2026-07-01T00:02:16+0200,0f2c1f14-db75-409f-ba89-d4cf4b8f7c81,2026-06-28T15:00:00Z,2026-06-28T17:00:00+0200,2211.88,MW,FR,FR,actual_onshore_wind_generation,Wind Onshore,2026-06-30T22:03:10Z
2026-06-30T22:02:16Z,2026-07-01T00:02:16+0200,0f2c1f14-db75-409f-ba89-d4cf4b8f7c81,2026-06-28T15:15:00Z,2026-06-28T17:15:00+0200,2298.22,MW,FR,FR,actual_onshore_wind_generation,Wind Onshore,2026-06-30T22:03:10Z
2026-06-30T22:02:16Z,2026-07-01T00:02:16+0200,0f2c1f14-db75-409f-ba89-d4cf4b8f7c81,2026-06-28T15:30:00Z,2026-06-28T17:30:00+0200,2438.58,MW,FR,FR,actual_onshore_wind_generation,Wind Onshore,2026-06-30T22:03:10Z
2026-06-30T22:02:16Z,2026-07-01T00:02:16+0200,0f2c1f14-db75-409f-ba89-d4cf4b8f7c81,2026-06-28T15:45:00Z,2026-06-28T17:45:00+0200,2537.66,MW,FR,FR,actual_onshore_wind_generation,Wind Onshore,2026-06-30T22:03:10Z
2026-06-30T22:02:16Z,2026-07-01T00:02:16+0200,0f2c1f14-db75-409f-ba89-d4cf4b8f7c81,2026-06-28T16:00:00Z,2026-06-28T18:00:00+0200,2626.32,MW,FR,FR,actual_onshore_wind_generation,Wind Onshore,2026-06-30T22:03:10Z
2026-06-30T22:02:16Z,2026-07-01T00:02:16+0200,0f2c1f14-db75-409f-ba89-d4cf4b8f7c81,2026-06-28T16:15:00Z,2026-06-28T18:15:00+0200,2762.41,MW,FR,FR,actual_onshore_wind_generation,Wind Onshore,2026-06-30T22:03:10Z
2026-06-30T22:02:16Z,2026-07-01T00:02:16+0200,0f2c1f14-db75-409f-ba89-d4cf4b8f7c81,2026-06-28T16:30:00Z,2026-06-28T18:30:00+0200,2862.18,MW,FR,FR,actual_onshore_wind_generation,Wind Onshore,2026-06-30T22:03:10Z
2026-06-30T22:02:16Z,2026-07-01T00:02:16+0200,0f2c1f14-db75-409f-ba89-d4cf4b8f7c81,2026-06-28T16:45:00Z,2026-06-28T18:45:00+0200,2925.98,MW,FR,FR,actual_onshore_wind_generation,Wind Onshore,2026-06-30T22:03:10Z
2026-06-30T22:02:16Z,2026-07-01T00:02:16+0200,0f2c1f14-db75-409f-ba89-d4cf4b8f7c81,2026-06-28T17:00:00Z,2026-06-28T19:00:00+0200,2893.55,MW,FR,FR,actual_onshore_wind_generation,Wind Onshore,2026-06-30T22:03:10Z
2026-06-30T22:02:16Z,2026-07-01T00:02:16+0200,0f2c1f14-db75-409f-ba89-d4cf4b8f7c81,2026-06-28T17:15:00Z,2026-06-28T19:15:00+0200,2909.9,MW,FR,FR,actual_onshore_wind_generation,Wind Onshore,2026-06-30T22:03:10Z
2026-06-30T22:02:16Z,2026-07-01T00:02:16+0200,0f2c1f14-db75-409f-ba89-d4cf4b8f7c81,2026-06-28T17:30:00Z,2026-06-28T19:30:00+0200,2957.96,MW,FR,FR,actual_onshore_wind_generation,Wind Onshore,2026-06-30T22:03:10Z
2026-06-30T22:02:16Z,2026-07-01T00:02:16+0200,0f2c1f14-db75-409f-ba89-d4cf4b8f7c81,2026-06-28T17:45:00Z,2026-06-28T19:45:00+0200,2976.66,MW,FR,FR,actual_onshore_wind_generation,Wind Onshore,2026-06-30T22:03:10Z
2026-06-30T22:02:16Z,2026-07-01T00:02:16+0200,0f2c1f14-db75-409f-ba89-d4cf4b8f7c81,2026-06-28T18:00:00Z,2026-06-28T20:00:00+0200,2915.89,MW,FR,FR,actual_onshore_wind_generation,Wind Onshore,2026-06-30T22:03:10Z
2026-06-30T22:02:16Z,2026-07-01T00:02:16+0200,0f2c1f14-db75-409f-ba89-d4cf4b8f7c81,2026-06-28T18:15:00Z,2026-06-28T20:15:00+0200,2924.13,MW,FR,FR,actual_onshore_wind_generation,Wind Onshore,2026-06-30T22:03:10Z
2026-06-30T22:02:16Z,2026-07-01T00:02:16+0200,0f2c1f14-db75-409f-ba89-d4cf4b8f7c81,2026-06-28T18:30:00Z,2026-06-28T20:30:00+0200,2934.88,MW,FR,FR,actual_onshore_wind_generation,Wind Onshore,2026-06-30T22:03:10Z
2026-06-30T22:02:16Z,2026-07-01T00:02:16+0200,0f2c1f14-db75-409f-ba89-d4cf4b8f7c81,2026-06-28T18:45:00Z,2026-06-28T20:45:00+0200,2912.15,MW,FR,FR,actual_onshore_wind_generation,Wind Onshore,2026-06-30T22:03:10Z
2026-06-30T22:02:16Z,2026-07-01T00:02:16+0200,0f2c1f14-db75-409f-ba89-d4cf4b8f7c81,2026-06-28T19:00:00Z,2026-06-28T21:00:00+0200,2975.74,MW,FR,FR,actual_onshore_wind_generation,Wind Onshore,2026-06-30T22:03:10Z
2026-06-30T22:02:16Z,2026-07-01T00:02:16+0200,0f2c1f14-db75-409f-ba89-d4cf4b8f7c81,2026-06-28T19:15:00Z,2026-06-28T21:15:00+0200,2984.62,MW,FR,FR,actual_onshore_wind_generation,Wind Onshore,2026-06-30T22:03:10Z
2026-06-30T22:02:16Z,2026-07-01T00:02:16+0200,0f2c1f14-db75-409f-ba89-d4cf4b8f7c81,2026-06-28T19:30:00Z,2026-06-28T21:30:00+0200,3127.27,MW,FR,FR,actual_onshore_wind_generation,Wind Onshore,2026-06-30T22:03:10Z
2026-06-30T22:02:16Z,2026-07-01T00:02:16+0200,0f2c1f14-db75-409f-ba89-d4cf4b8f7c81,2026-06-28T19:45:00Z,2026-06-28T21:45:00+0200,3500.84,MW,FR,FR,actual_onshore_wind_generation,Wind Onshore,2026-06-30T22:03:10Z
2026-06-30T22:02:16Z,2026-07-01T00:02:16+0200,0f2c1f14-db75-409f-ba89-d4cf4b8f7c81,2026-06-28T20:00:00Z,2026-06-28T22:00:00+0200,3465.49,MW,FR,FR,actual_onshore_wind_generation,Wind Onshore,2026-06-30T22:03:10Z
2026-06-30T22:02:16Z,2026-07-01T00:02:16+0200,0f2c1f14-db75-409f-ba89-d4cf4b8f7c81,2026-06-28T20:15:00Z,2026-06-28T22:15:00+0200,3630.7,MW,FR,FR,actual_onshore_wind_generation,Wind Onshore,2026-06-30T22:03:10Z
2026-06-30T22:02:16Z,2026-07-01T00:02:16+0200,0f2c1f14-db75-409f-ba89-d4cf4b8f7c81,2026-06-28T20:30:00Z,2026-06-28T22:30:00+0200,3857.57,MW,FR,FR,actual_onshore_wind_generation,Wind Onshore,2026-06-30T22:03:10Z
2026-06-30T22:02:16Z,2026-07-01T00:02:16+0200,0f2c1f14-db75-409f-ba89-d4cf4b8f7c81,2026-06-28T20:45:00Z,2026-06-28T22:45:00+0200,4329.0,MW,FR,FR,actual_onshore_wind_generation,Wind Onshore,2026-06-30T22:03:10Z
2026-06-30T22:02:16Z,2026-07-01T00:02:16+0200,0f2c1f14-db75-409f-ba89-d4cf4b8f7c81,2026-06-28T21:00:00Z,2026-06-28T23:00:00+0200,4299.45,MW,FR,FR,actual_onshore_wind_generation,Wind Onshore,2026-06-30T22:03:10Z
2026-06-30T22:02:16Z,2026-07-01T00:02:16+0200,0f2c1f14-db75-409f-ba89-d4cf4b8f7c81,2026-06-28T21:15:00Z,2026-06-28T23:15:00+0200,4099.08,MW,FR,FR,actual_onshore_wind_generation,Wind Onshore,2026-06-30T22:03:10Z
2026-06-30T22:02:16Z,2026-07-01T00:02:16+0200,0f2c1f14-db75-409f-ba89-d4cf4b8f7c81,2026-06-28T21:30:00Z,2026-06-28T23:30:00+0200,3895.63,MW,FR,FR,actual_onshore_wind_generation,Wind Onshore,2026-06-30T22:03:10Z
2026-06-30T22:02:16Z,2026-07-01T00:02:16+0200,0f2c1f14-db75-409f-ba89-d4cf4b8f7c81,2026-06-28T21:45:00Z,2026-06-28T23:45:00+0200,3971.25,MW,FR,FR,actual_onshore_wind_generation,Wind Onshore,2026-06-30T22:03:10Z
2026-06-30T22:02:16Z,2026-07-01T00:02:16+0200,0f2c1f14-db75-409f-ba89-d4cf4b8f7c81,2026-06-28T22:00:00Z,2026-06-29T00:00:00+0200,4184.16,MW,FR,FR,actual_onshore_wind_generation,Wind Onshore,2026-06-30T22:03:10Z
2026-06-30T22:02:16Z,2026-07-01T00:02:16+0200,0f2c1f14-db75-409f-ba89-d4cf4b8f7c81,2026-06-28T22:15:00Z,2026-06-29T00:15:00+0200,4296.21,MW,FR,FR,actual_onshore_wind_generation,Wind Onshore,2026-06-30T22:03:10Z
2026-06-30T22:02:16Z,2026-07-01T00:02:16+0200,0f2c1f14-db75-409f-ba89-d4cf4b8f7c81,2026-06-28T22:30:00Z,2026-06-29T00:30:00+0200,4190.77,MW,FR,FR,actual_onshore_wind_generation,Wind Onshore,2026-06-30T22:03:10Z
2026-06-30T22:02:16Z,2026-07-01T00:02:16+0200,0f2c1f14-db75-409f-ba89-d4cf4b8f7c81,2026-06-28T22:45:00Z,2026-06-29T00:45:00+0200,4059.24,MW,FR,FR,actual_onshore_wind_generation,Wind Onshore,2026-06-30T22:03:10Z
2026-06-30T22:02:16Z,2026-07-01T00:02:16+0200,0f2c1f14-db75-409f-ba89-d4cf4b8f7c81,2026-06-28T23:00:00Z,2026-06-29T01:00:00+0200,4200.11,MW,FR,FR,actual_onshore_wind_generation,Wind Onshore,2026-06-30T22:03:10Z
2026-06-30T22:02:16Z,2026-07-01T00:02:16+0200,0f2c1f14-db75-409f-ba89-d4cf4b8f7c81,2026-06-28T23:15:00Z,2026-06-29T01:15:00+0200,4354.35,MW,FR,FR,actual_onshore_wind_generation,Wind Onshore,2026-06-30T22:03:10Z
2026-06-30T22:02:16Z,2026-07-01T00:02:16+0200,0f2c1f14-db75-409f-ba89-d4cf4b8f7c81,2026-06-28T23:30:00Z,2026-06-29T01:30:00+0200,4443.43,MW,FR,FR,actual_onshore_wind_generation,Wind Onshore,2026-06-30T22:03:10Z
2026-06-30T22:02:16Z,2026-07-01T00:02:16+0200,0f2c1f14-db75-409f-ba89-d4cf4b8f7c81,2026-06-28T23:45:00Z,2026-06-29T01:45:00+0200,4532.15,MW,FR,FR,actual_onshore_wind_generation,Wind Onshore,2026-06-30T22:03:10Z
2026-06-30T22:02:16Z,2026-07-01T00:02:16+0200,0f2c1f14-db75-409f-ba89-d4cf4b8f7c81,2026-06-29T00:00:00Z,2026-06-29T02:00:00+0200,4577.33,MW,FR,FR,actual_onshore_wind_generation,Wind Onshore,2026-06-30T22:03:10Z
2026-06-30T22:02:16Z,2026-07-01T00:02:16+0200,0f2c1f14-db75-409f-ba89-d4cf4b8f7c81,2026-06-29T00:15:00Z,2026-06-29T02:15:00+0200,4373.12,MW,FR,FR,actual_onshore_wind_generation,Wind Onshore,2026-06-30T22:03:10Z
2026-06-30T22:02:16Z,2026-07-01T00:02:16+0200,0f2c1f14-db75-409f-ba89-d4cf4b8f7c81,2026-06-29T00:30:00Z,2026-06-29T02:30:00+0200,4210.42,MW,FR,FR,actual_onshore_wind_generation,Wind Onshore,2026-06-30T22:03:10Z
2026-06-30T22:02:16Z,2026-07-01T00:02:16+0200,0f2c1f14-db75-409f-ba89-d4cf4b8f7c81,2026-06-29T00:45:00Z,2026-06-29T02:45:00+0200,4237.44,MW,FR,FR,actual_onshore_wind_generation,Wind Onshore,2026-06-30T22:03:10Z
2026-06-30T22:02:16Z,2026-07-01T00:02:16+0200,0f2c1f14-db75-409f-ba89-d4cf4b8f7c81,2026-06-29T01:00:00Z,2026-06-29T03:00:00+0200,4128.5,MW,FR,FR,actual_onshore_wind_generation,Wind Onshore,2026-06-30T22:03:10Z
2026-06-30T22:02:16Z,2026-07-01T00:02:16+0200,0f2c1f14-db75-409f-ba89-d4cf4b8f7c81,2026-06-29T01:15:00Z,2026-06-29T03:15:00+0200,4024.08,MW,FR,FR,actual_onshore_wind_generation,Wind Onshore,2026-06-30T22:03:10Z
2026-06-30T22:02:16Z,2026-07-01T00:02:16+0200,0f2c1f14-db75-409f-ba89-d4cf4b8f7c81,2026-06-29T01:30:00Z,2026-06-29T03:30:00+0200,4052.83,MW,FR,FR,actual_onshore_wind_generation,Wind Onshore,2026-06-30T22:03:10Z
2026-06-30T22:02:16Z,2026-07-01T00:02:16+0200,0f2c1f14-db75-409f-ba89-d4cf4b8f7c81,2026-06-29T01:45:00Z,2026-06-29T03:45:00+0200,4049.88,MW,FR,FR,actual_onshore_wind_generation,Wind Onshore,2026-06-30T22:03:10Z
2026-06-30T22:02:16Z,2026-07-01T00:02:16+0200,0f2c1f14-db75-409f-ba89-d4cf4b8f7c81,2026-06-29T02:00:00Z,2026-06-29T04:00:00+0200,3886.57,MW,FR,FR,actual_onshore_wind_generation,Wind Onshore,2026-06-30T22:03:10Z
2026-06-30T22:02:16Z,2026-07-01T00:02:16+0200,0f2c1f14-db75-409f-ba89-d4cf4b8f7c81,2026-06-29T02:15:00Z,2026-06-29T04:15:00+0200,3855.16,MW,FR,FR,actual_onshore_wind_generation,Wind Onshore,2026-06-30T22:03:10Z
2026-06-30T22:02:16Z,2026-07-01T00:02:16+0200,0f2c1f14-db75-409f-ba89-d4cf4b8f7c81,2026-06-29T02:30:00Z,2026-06-29T04:30:00+0200,3843.99,MW,FR,FR,actual_onshore_wind_generation,Wind Onshore,2026-06-30T22:03:10Z
2026-06-30T22:02:16Z,2026-07-01T00:02:16+0200,0f2c1f14-db75-409f-ba89-d4cf4b8f7c81,2026-06-29T02:45:00Z,2026-06-29T04:45:00+0200,3769.79,MW,FR,FR,actual_onshore_wind_generation,Wind Onshore,2026-06-30T22:03:10Z
2026-06-30T22:02:16Z,2026-07-01T00:02:16+0200,0f2c1f14-db75-409f-ba89-d4cf4b8f7c81,2026-06-29T03:00:00Z,2026-06-29T05:00:00+0200,3622.23,MW,FR,FR,actual_onshore_wind_generation,Wind Onshore,2026-06-30T22:03:10Z
2026-06-30T22:02:16Z,2026-07-01T00:02:16+0200,0f2c1f14-db75-409f-ba89-d4cf4b8f7c81,2026-06-29T03:15:00Z,2026-06-29T05:15:00+0200,3467.75,MW,FR,FR,actual_onshore_wind_generation,Wind Onshore,2026-06-30T22:03:10Z
2026-06-30T22:02:16Z,2026-07-01T00:02:16+0200,0f2c1f14-db75-409f-ba89-d4cf4b8f7c81,2026-06-29T03:30:00Z,2026-06-29T05:30:00+0200,3282.33,MW,FR,FR,actual_onshore_wind_generation,Wind Onshore,2026-06-30T22:03:10Z
2026-06-30T22:02:16Z,2026-07-01T00:02:16+0200,0f2c1f14-db75-409f-ba89-d4cf4b8f7c81,2026-06-29T03:45:00Z,2026-06-29T05:45:00+0200,3201.64,MW,FR,FR,actual_onshore_wind_generation,Wind Onshore,2026-06-30T22:03:10Z
2026-06-30T22:02:16Z,2026-07-01T00:02:16+0200,0f2c1f14-db75-409f-ba89-d4cf4b8f7c81,2026-06-29T04:00:00Z,2026-06-29T06:00:00+0200,3148.77,MW,FR,FR,actual_onshore_wind_generation,Wind Onshore,2026-06-30T22:03:10Z
2026-06-30T22:02:16Z,2026-07-01T00:02:16+0200,0f2c1f14-db75-409f-ba89-d4cf4b8f7c81,2026-06-29T04:15:00Z,2026-06-29T06:15:00+0200,3077.38,MW,FR,FR,actual_onshore_wind_generation,Wind Onshore,2026-06-30T22:03:10Z
2026-06-30T22:02:16Z,2026-07-01T00:02:16+0200,0f2c1f14-db75-409f-ba89-d4cf4b8f7c81,2026-06-29T04:30:00Z,2026-06-29T06:30:00+0200,3026.26,MW,FR,FR,actual_onshore_wind_generation,Wind Onshore,2026-06-30T22:03:10Z
2026-06-30T22:02:16Z,2026-07-01T00:02:16+0200,0f2c1f14-db75-409f-ba89-d4cf4b8f7c81,2026-06-29T04:45:00Z,2026-06-29T06:45:00+0200,3052.62,MW,FR,FR,actual_onshore_wind_generation,Wind Onshore,2026-06-30T22:03:10Z
2026-06-30T22:02:16Z,2026-07-01T00:02:16+0200,0f2c1f14-db75-409f-ba89-d4cf4b8f7c81,2026-06-29T05:00:00Z,2026-06-29T07:00:00+0200,3104.76,MW,FR,FR,actual_onshore_wind_generation,Wind Onshore,2026-06-30T22:03:10Z
2026-06-30T22:02:16Z,2026-07-01T00:02:16+0200,0f2c1f14-db75-409f-ba89-d4cf4b8f7c81,2026-06-29T05:15:00Z,2026-06-29T07:15:00+0200,3089.57,MW,FR,FR,actual_onshore_wind_generation,Wind Onshore,2026-06-30T22:03:10Z
2026-06-30T22:02:16Z,2026-07-01T00:02:16+0200,0f2c1f14-db75-409f-ba89-d4cf4b8f7c81,2026-06-29T05:30:00Z,2026-06-29T07:30:00+0200,2957.27,MW,FR,FR,actual_onshore_wind_generation,Wind Onshore,2026-06-30T22:03:10Z
2026-06-30T22:02:16Z,2026-07-01T00:02:16+0200,0f2c1f14-db75-409f-ba89-d4cf4b8f7c81,2026-06-29T05:45:00Z,2026-06-29T07:45:00+0200,2816.6,MW,FR,FR,actual_onshore_wind_generation,Wind Onshore,2026-06-30T22:03:10Z
2026-06-30T22:02:16Z,2026-07-01T00:02:16+0200,0f2c1f14-db75-409f-ba89-d4cf4b8f7c81,2026-06-29T06:00:00Z,2026-06-29T08:00:00+0200,2793.46,MW,FR,FR,actual_onshore_wind_generation,Wind Onshore,2026-06-30T22:03:10Z
2026-06-30T22:02:16Z,2026-07-01T00:02:16+0200,0f2c1f14-db75-409f-ba89-d4cf4b8f7c81,2026-06-29T06:15:00Z,2026-06-29T08:15:00+0200,2781.05,MW,FR,FR,actual_onshore_wind_generation,Wind Onshore,2026-06-30T22:03:10Z
2026-06-30T22:02:16Z,2026-07-01T00:02:16+0200,0f2c1f14-db75-409f-ba89-d4cf4b8f7c81,2026-06-29T06:30:00Z,2026-06-29T08:30:00+0200,2745.55,MW,FR,FR,actual_onshore_wind_generation,Wind Onshore,2026-06-30T22:03:10Z
2026-06-30T22:02:16Z,2026-07-01T00:02:16+0200,0f2c1f14-db75-409f-ba89-d4cf4b8f7c81,2026-06-29T06:45:00Z,2026-06-29T08:45:00+0200,2709.08,MW,FR,FR,actual_onshore_wind_generation,Wind Onshore,2026-06-30T22:03:10Z
2026-06-30T22:02:16Z,2026-07-01T00:02:16+0200,0f2c1f14-db75-409f-ba89-d4cf4b8f7c81,2026-06-29T07:00:00Z,2026-06-29T09:00:00+0200,2620.83,MW,FR,FR,actual_onshore_wind_generation,Wind Onshore,2026-06-30T22:03:10Z
2026-06-30T22:02:16Z,2026-07-01T00:02:16+0200,0f2c1f14-db75-409f-ba89-d4cf4b8f7c81,2026-06-29T07:15:00Z,2026-06-29T09:15:00+0200,2456.18,MW,FR,FR,actual_onshore_wind_generation,Wind Onshore,2026-06-30T22:03:10Z
2026-06-30T22:02:16Z,2026-07-01T00:02:16+0200,0f2c1f14-db75-409f-ba89-d4cf4b8f7c81,2026-06-29T07:30:00Z,2026-06-29T09:30:00+0200,2324.95,MW,FR,FR,actual_onshore_wind_generation,Wind Onshore,2026-06-30T22:03:10Z
2026-06-30T22:02:16Z,2026-07-01T00:02:16+0200,0f2c1f14-db75-409f-ba89-d4cf4b8f7c81,2026-06-29T07:45:00Z,2026-06-29T09:45:00+0200,2192.33,MW,FR,FR,actual_onshore_wind_generation,Wind Onshore,2026-06-30T22:03:10Z
2026-06-30T22:02:16Z,2026-07-01T00:02:16+0200,0f2c1f14-db75-409f-ba89-d4cf4b8f7c81,2026-06-29T08:00:00Z,2026-06-29T10:00:00+0200,2108.44,MW,FR,FR,actual_onshore_wind_generation,Wind Onshore,2026-06-30T22:03:10Z
2026-06-30T22:02:16Z,2026-07-01T00:02:16+0200,0f2c1f14-db75-409f-ba89-d4cf4b8f7c81,2026-06-29T08:15:00Z,2026-06-29T10:15:00+0200,1952.41,MW,FR,FR,actual_onshore_wind_generation,Wind Onshore,2026-06-30T22:03:10Z
2026-06-30T22:02:16Z,2026-07-01T00:02:16+0200,0f2c1f14-db75-409f-ba89-d4cf4b8f7c81,2026-06-29T08:30:00Z,2026-06-29T10:30:00+0200,1800.23,MW,FR,FR,actual_onshore_wind_generation,Wind Onshore,2026-06-30T22:03:10Z
2026-06-30T22:02:16Z,2026-07-01T00:02:16+0200,0f2c1f14-db75-409f-ba89-d4cf4b8f7c81,2026-06-29T08:45:00Z,2026-06-29T10:45:00+0200,1789.99,MW,FR,FR,actual_onshore_wind_generation,Wind Onshore,2026-06-30T22:03:10Z
2026-06-30T22:02:16Z,2026-07-01T00:02:16+0200,0f2c1f14-db75-409f-ba89-d4cf4b8f7c81,2026-06-29T09:00:00Z,2026-06-29T11:00:00+0200,1715.6,MW,FR,FR,actual_onshore_wind_generation,Wind Onshore,2026-06-30T22:03:10Z
2026-06-30T22:02:16Z,2026-07-01T00:02:16+0200,0f2c1f14-db75-409f-ba89-d4cf4b8f7c81,2026-06-29T09:15:00Z,2026-06-29T11:15:00+0200,1649.51,MW,FR,FR,actual_onshore_wind_generation,Wind Onshore,2026-06-30T22:03:10Z
2026-06-30T22:02:16Z,2026-07-01T00:02:16+0200,0f2c1f14-db75-409f-ba89-d4cf4b8f7c81,2026-06-29T09:30:00Z,2026-06-29T11:30:00+0200,1613.24,MW,FR,FR,actual_onshore_wind_generation,Wind Onshore,2026-06-30T22:03:10Z
2026-06-30T22:02:16Z,2026-07-01T00:02:16+0200,0f2c1f14-db75-409f-ba89-d4cf4b8f7c81,2026-06-29T09:45:00Z,2026-06-29T11:45:00+0200,1606.35,MW,FR,FR,actual_onshore_wind_generation,Wind Onshore,2026-06-30T22:03:10Z
2026-06-30T22:02:16Z,2026-07-01T00:02:16+0200,0f2c1f14-db75-409f-ba89-d4cf4b8f7c81,2026-06-29T10:00:00Z,2026-06-29T12:00:00+0200,1549.82,MW,FR,FR,actual_onshore_wind_generation,Wind Onshore,2026-06-30T22:03:10Z
2026-06-30T22:02:16Z,2026-07-01T00:02:16+0200,0f2c1f14-db75-409f-ba89-d4cf4b8f7c81,2026-06-29T10:15:00Z,2026-06-29T12:15:00+0200,1578.73,MW,FR,FR,actual_onshore_wind_generation,Wind Onshore,2026-06-30T22:03:10Z
2026-06-30T22:02:16Z,2026-07-01T00:02:16+0200,0f2c1f14-db75-409f-ba89-d4cf4b8f7c81,2026-06-29T10:30:00Z,2026-06-29T12:30:00+0200,1539.68,MW,FR,FR,actual_onshore_wind_generation,Wind Onshore,2026-06-30T22:03:10Z
2026-06-30T22:02:16Z,2026-07-01T00:02:16+0200,0f2c1f14-db75-409f-ba89-d4cf4b8f7c81,2026-06-29T10:45:00Z,2026-06-29T12:45:00+0200,1511.81,MW,FR,FR,actual_onshore_wind_generation,Wind Onshore,2026-06-30T22:03:10Z
2026-06-30T22:02:16Z,2026-07-01T00:02:16+0200,0f2c1f14-db75-409f-ba89-d4cf4b8f7c81,2026-06-29T11:00:00Z,2026-06-29T13:00:00+0200,1494.64,MW,FR,FR,actual_onshore_wind_generation,Wind Onshore,2026-06-30T22:03:10Z
2026-06-30T22:02:16Z,2026-07-01T00:02:16+0200,0f2c1f14-db75-409f-ba89-d4cf4b8f7c81,2026-06-29T11:15:00Z,2026-06-29T13:15:00+0200,1482.95,MW,FR,FR,actual_onshore_wind_generation,Wind Onshore,2026-06-30T22:03:10Z
2026-06-30T22:02:16Z,2026-07-01T00:02:16+0200,0f2c1f14-db75-409f-ba89-d4cf4b8f7c81,2026-06-29T11:30:00Z,2026-06-29T13:30:00+0200,1458.1,MW,FR,FR,actual_onshore_wind_generation,Wind Onshore,2026-06-30T22:03:10Z
2026-06-30T22:02:16Z,2026-07-01T00:02:16+0200,0f2c1f14-db75-409f-ba89-d4cf4b8f7c81,2026-06-29T11:45:00Z,2026-06-29T13:45:00+0200,1419.29,MW,FR,FR,actual_onshore_wind_generation,Wind Onshore,2026-06-30T22:03:10Z
2026-06-30T22:02:16Z,2026-07-01T00:02:16+0200,0f2c1f14-db75-409f-ba89-d4cf4b8f7c81,2026-06-29T12:00:00Z,2026-06-29T14:00:00+0200,1408.25,MW,FR,FR,actual_onshore_wind_generation,Wind Onshore,2026-06-30T22:03:10Z
2026-06-30T22:02:16Z,2026-07-01T00:02:16+0200,0f2c1f14-db75-409f-ba89-d4cf4b8f7c81,2026-06-29T12:15:00Z,2026-06-29T14:15:00+0200,1392.77,MW,FR,FR,actual_onshore_wind_generation,Wind Onshore,2026-06-30T22:03:10Z
2026-06-30T22:02:16Z,2026-07-01T00:02:16+0200,0f2c1f14-db75-409f-ba89-d4cf4b8f7c81,2026-06-29T12:30:00Z,2026-06-29T14:30:00+0200,1417.68,MW,FR,FR,actual_onshore_wind_generation,Wind Onshore,2026-06-30T22:03:10Z
2026-06-30T22:02:16Z,2026-07-01T00:02:16+0200,0f2c1f14-db75-409f-ba89-d4cf4b8f7c81,2026-06-29T12:45:00Z,2026-06-29T14:45:00+0200,1444.76,MW,FR,FR,actual_onshore_wind_generation,Wind Onshore,2026-06-30T22:03:10Z
2026-06-30T22:02:16Z,2026-07-01T00:02:16+0200,0f2c1f14-db75-409f-ba89-d4cf4b8f7c81,2026-06-29T13:00:00Z,2026-06-29T15:00:00+0200,1463.23,MW,FR,FR,actual_onshore_wind_generation,Wind Onshore,2026-06-30T22:03:10Z
2026-06-30T22:02:16Z,2026-07-01T00:02:16+0200,0f2c1f14-db75-409f-ba89-d4cf4b8f7c81,2026-06-29T13:15:00Z,2026-06-29T15:15:00+0200,1485.63,MW,FR,FR,actual_onshore_wind_generation,Wind Onshore,2026-06-30T22:03:10Z
2026-06-30T22:02:16Z,2026-07-01T00:02:16+0200,0f2c1f14-db75-409f-ba89-d4cf4b8f7c81,2026-06-29T13:30:00Z,2026-06-29T15:30:00+0200,1501.32,MW,FR,FR,actual_onshore_wind_generation,Wind Onshore,2026-06-30T22:03:10Z
2026-06-30T22:02:16Z,2026-07-01T00:02:16+0200,0f2c1f14-db75-409f-ba89-d4cf4b8f7c81,2026-06-29T13:45:00Z,2026-06-29T15:45:00+0200,1492.17,MW,FR,FR,actual_onshore_wind_generation,Wind Onshore,2026-06-30T22:03:10Z
2026-06-30T22:02:16Z,2026-07-01T00:02:16+0200,0f2c1f14-db75-409f-ba89-d4cf4b8f7c81,2026-06-29T14:00:00Z,2026-06-29T16:00:00+0200,1535.08,MW,FR,FR,actual_onshore_wind_generation,Wind Onshore,2026-06-30T22:03:10Z
2026-06-30T22:02:16Z,2026-07-01T00:02:16+0200,0f2c1f14-db75-409f-ba89-d4cf4b8f7c81,2026-06-29T14:15:00Z,2026-06-29T16:15:00+0200,1554.48,MW,FR,FR,actual_onshore_wind_generation,Wind Onshore,2026-06-30T22:03:10Z
2026-06-30T22:02:16Z,2026-07-01T00:02:16+0200,0f2c1f14-db75-409f-ba89-d4cf4b8f7c81,2026-06-29T14:30:00Z,2026-06-29T16:30:00+0200,1596.91,MW,FR,FR,actual_onshore_wind_generation,Wind Onshore,2026-06-30T22:03:10Z
2026-06-30T22:02:16Z,2026-07-01T00:02:16+0200,0f2c1f14-db75-409f-ba89-d4cf4b8f7c81,2026-06-29T14:45:00Z,2026-06-29T16:45:00+0200,1618.4,MW,FR,FR,actual_onshore_wind_generation,Wind Onshore,2026-06-30T22:03:10Z
2026-06-30T22:02:16Z,2026-07-01T00:02:16+0200,0f2c1f14-db75-409f-ba89-d4cf4b8f7c81,2026-06-29T15:00:00Z,2026-06-29T17:00:00+0200,1730.57,MW,FR,FR,actual_onshore_wind_generation,Wind Onshore,2026-06-30T22:03:10Z
2026-06-30T22:02:16Z,2026-07-01T00:02:16+0200,0f2c1f14-db75-409f-ba89-d4cf4b8f7c81,2026-06-29T15:15:00Z,2026-06-29T17:15:00+0200,1800.15,MW,FR,FR,actual_onshore_wind_generation,Wind Onshore,2026-06-30T22:03:10Z
2026-06-30T22:02:16Z,2026-07-01T00:02:16+0200,0f2c1f14-db75-409f-ba89-d4cf4b8f7c81,2026-06-29T15:30:00Z,2026-06-29T17:30:00+0200,1852.35,MW,FR,FR,actual_onshore_wind_generation,Wind Onshore,2026-06-30T22:03:10Z
2026-06-30T22:02:16Z,2026-07-01T00:02:16+0200,0f2c1f14-db75-409f-ba89-d4cf4b8f7c81,2026-06-29T15:45:00Z,2026-06-29T17:45:00+0200,1965.88,MW,FR,FR,actual_onshore_wind_generation,Wind Onshore,2026-06-30T22:03:10Z
2026-06-30T22:02:16Z,2026-07-01T00:02:16+0200,0f2c1f14-db75-409f-ba89-d4cf4b8f7c81,2026-06-29T16:00:00Z,2026-06-29T18:00:00+0200,2045.55,MW,FR,FR,actual_onshore_wind_generation,Wind Onshore,2026-06-30T22:03:10Z
2026-06-30T22:02:16Z,2026-07-01T00:02:16+0200,0f2c1f14-db75-409f-ba89-d4cf4b8f7c81,2026-06-29T16:15:00Z,2026-06-29T18:15:00+0200,2156.84,MW,FR,FR,actual_onshore_wind_generation,Wind Onshore,2026-06-30T22:03:10Z
2026-06-30T22:02:16Z,2026-07-01T00:02:16+0200,0f2c1f14-db75-409f-ba89-d4cf4b8f7c81,2026-06-29T16:30:00Z,2026-06-29T18:30:00+0200,2194.52,MW,FR,FR,actual_onshore_wind_generation,Wind Onshore,2026-06-30T22:03:10Z
2026-06-30T22:02:16Z,2026-07-01T00:02:16+0200,0f2c1f14-db75-409f-ba89-d4cf4b8f7c81,2026-06-29T16:45:00Z,2026-06-29T18:45:00+0200,2245.17,MW,FR,FR,actual_onshore_wind_generation,Wind Onshore,2026-06-30T22:03:10Z
2026-06-30T22:02:16Z,2026-07-01T00:02:16+0200,0f2c1f14-db75-409f-ba89-d4cf4b8f7c81,2026-06-29T17:00:00Z,2026-06-29T19:00:00+0200,2352.13,MW,FR,FR,actual_onshore_wind_generation,Wind Onshore,2026-06-30T22:03:10Z
2026-06-30T22:02:16Z,2026-07-01T00:02:16+0200,0f2c1f14-db75-409f-ba89-d4cf4b8f7c81,2026-06-29T17:15:00Z,2026-06-29T19:15:00+0200,2405.02,MW,FR,FR,actual_onshore_wind_generation,Wind Onshore,2026-06-30T22:03:10Z
2026-06-30T22:02:16Z,2026-07-01T00:02:16+0200,0f2c1f14-db75-409f-ba89-d4cf4b8f7c81,2026-06-29T17:30:00Z,2026-06-29T19:30:00+0200,2402.95,MW,FR,FR,actual_onshore_wind_generation,Wind Onshore,2026-06-30T22:03:10Z
2026-06-30T22:02:16Z,2026-07-01T00:02:16+0200,0f2c1f14-db75-409f-ba89-d4cf4b8f7c81,2026-06-29T17:45:00Z,2026-06-29T19:45:00+0200,2434.3,MW,FR,FR,actual_onshore_wind_generation,Wind Onshore,2026-06-30T22:03:10Z
2026-06-30T22:02:16Z,2026-07-01T00:02:16+0200,0f2c1f14-db75-409f-ba89-d4cf4b8f7c81,2026-06-29T18:00:00Z,2026-06-29T20:00:00+0200,2444.2,MW,FR,FR,actual_onshore_wind_generation,Wind Onshore,2026-06-30T22:03:10Z
2026-06-30T22:02:16Z,2026-07-01T00:02:16+0200,0f2c1f14-db75-409f-ba89-d4cf4b8f7c81,2026-06-29T18:15:00Z,2026-06-29T20:15:00+0200,2533.11,MW,FR,FR,actual_onshore_wind_generation,Wind Onshore,2026-06-30T22:03:10Z
2026-06-30T22:02:16Z,2026-07-01T00:02:16+0200,0f2c1f14-db75-409f-ba89-d4cf4b8f7c81,2026-06-29T18:30:00Z,2026-06-29T20:30:00+0200,2647.47,MW,FR,FR,actual_onshore_wind_generation,Wind Onshore,2026-06-30T22:03:10Z
2026-06-30T22:02:16Z,2026-07-01T00:02:16+0200,0f2c1f14-db75-409f-ba89-d4cf4b8f7c81,2026-06-29T18:45:00Z,2026-06-29T20:45:00+0200,2688.89,MW,FR,FR,actual_onshore_wind_generation,Wind Onshore,2026-06-30T22:03:10Z
2026-06-30T22:02:16Z,2026-07-01T00:02:16+0200,0f2c1f14-db75-409f-ba89-d4cf4b8f7c81,2026-06-29T19:00:00Z,2026-06-29T21:00:00+0200,2700.87,MW,FR,FR,actual_onshore_wind_generation,Wind Onshore,2026-06-30T22:03:10Z
2026-06-30T22:02:16Z,2026-07-01T00:02:16+0200,0f2c1f14-db75-409f-ba89-d4cf4b8f7c81,2026-06-29T19:15:00Z,2026-06-29T21:15:00+0200,2813.97,MW,FR,FR,actual_onshore_wind_generation,Wind Onshore,2026-06-30T22:03:10Z
2026-06-30T22:02:16Z,2026-07-01T00:02:16+0200,0f2c1f14-db75-409f-ba89-d4cf4b8f7c81,2026-06-29T19:30:00Z,2026-06-29T21:30:00+0200,2903.25,MW,FR,FR,actual_onshore_wind_generation,Wind Onshore,2026-06-30T22:03:10Z
2026-06-30T22:02:16Z,2026-07-01T00:02:16+0200,0f2c1f14-db75-409f-ba89-d4cf4b8f7c81,2026-06-29T19:45:00Z,2026-06-29T21:45:00+0200,3004.83,MW,FR,FR,actual_onshore_wind_generation,Wind Onshore,2026-06-30T22:03:10Z
2026-06-30T22:02:16Z,2026-07-01T00:02:16+0200,0f2c1f14-db75-409f-ba89-d4cf4b8f7c81,2026-06-29T20:00:00Z,2026-06-29T22:00:00+0200,3108.31,MW,FR,FR,actual_onshore_wind_generation,Wind Onshore,2026-06-30T22:03:10Z
2026-06-30T22:02:16Z,2026-07-01T00:02:16+0200,0f2c1f14-db75-409f-ba89-d4cf4b8f7c81,2026-06-29T20:15:00Z,2026-06-29T22:15:00+0200,3188.65,MW,FR,FR,actual_onshore_wind_generation,Wind Onshore,2026-06-30T22:03:10Z
2026-06-30T22:02:16Z,2026-07-01T00:02:16+0200,0f2c1f14-db75-409f-ba89-d4cf4b8f7c81,2026-06-29T20:30:00Z,2026-06-29T22:30:00+0200,3311.61,MW,FR,FR,actual_onshore_wind_generation,Wind Onshore,2026-06-30T22:03:10Z
2026-06-30T22:02:16Z,2026-07-01T00:02:16+0200,0f2c1f14-db75-409f-ba89-d4cf4b8f7c81,2026-06-29T20:45:00Z,2026-06-29T22:45:00+0200,3416.04,MW,FR,FR,actual_onshore_wind_generation,Wind Onshore,2026-06-30T22:03:10Z
2026-06-30T22:02:16Z,2026-07-01T00:02:16+0200,0f2c1f14-db75-409f-ba89-d4cf4b8f7c81,2026-06-29T21:00:00Z,2026-06-29T23:00:00+0200,3540.65,MW,FR,FR,actual_onshore_wind_generation,Wind Onshore,2026-06-30T22:03:10Z
2026-06-30T22:02:16Z,2026-07-01T00:02:16+0200,0f2c1f14-db75-409f-ba89-d4cf4b8f7c81,2026-06-29T21:15:00Z,2026-06-29T23:15:00+0200,3640.22,MW,FR,FR,actual_onshore_wind_generation,Wind Onshore,2026-06-30T22:03:10Z
2026-06-30T22:02:16Z,2026-07-01T00:02:16+0200,0f2c1f14-db75-409f-ba89-d4cf4b8f7c81,2026-06-29T21:30:00Z,2026-06-29T23:30:00+0200,3697.89,MW,FR,FR,actual_onshore_wind_generation,Wind Onshore,2026-06-30T22:03:10Z
2026-06-30T22:02:16Z,2026-07-01T00:02:16+0200,0f2c1f14-db75-409f-ba89-d4cf4b8f7c81,2026-06-29T21:45:00Z,2026-06-29T23:45:00+0200,3715.46,MW,FR,FR,actual_onshore_wind_generation,Wind Onshore,2026-06-30T22:03:10Z
2026-06-30T22:02:16Z,2026-07-01T00:02:16+0200,0f2c1f14-db75-409f-ba89-d4cf4b8f7c81,2026-06-29T22:00:00Z,2026-06-30T00:00:00+0200,3687.51,MW,FR,FR,actual_onshore_wind_generation,Wind Onshore,2026-06-30T22:03:10Z
2026-06-30T22:02:16Z,2026-07-01T00:02:16+0200,0f2c1f14-db75-409f-ba89-d4cf4b8f7c81,2026-06-29T22:15:00Z,2026-06-30T00:15:00+0200,3556.35,MW,FR,FR,actual_onshore_wind_generation,Wind Onshore,2026-06-30T22:03:10Z
2026-06-30T22:02:16Z,2026-07-01T00:02:16+0200,0f2c1f14-db75-409f-ba89-d4cf4b8f7c81,2026-06-29T22:30:00Z,2026-06-30T00:30:00+0200,3431.17,MW,FR,FR,actual_onshore_wind_generation,Wind Onshore,2026-06-30T22:03:10Z
2026-06-30T22:02:16Z,2026-07-01T00:02:16+0200,0f2c1f14-db75-409f-ba89-d4cf4b8f7c81,2026-06-29T22:45:00Z,2026-06-30T00:45:00+0200,3366.56,MW,FR,FR,actual_onshore_wind_generation,Wind Onshore,2026-06-30T22:03:10Z
2026-06-30T22:02:16Z,2026-07-01T00:02:16+0200,0f2c1f14-db75-409f-ba89-d4cf4b8f7c81,2026-06-29T23:00:00Z,2026-06-30T01:00:00+0200,3321.48,MW,FR,FR,actual_onshore_wind_generation,Wind Onshore,2026-06-30T22:03:10Z
2026-06-30T22:02:16Z,2026-07-01T00:02:16+0200,0f2c1f14-db75-409f-ba89-d4cf4b8f7c81,2026-06-29T23:15:00Z,2026-06-30T01:15:00+0200,3244.14,MW,FR,FR,actual_onshore_wind_generation,Wind Onshore,2026-06-30T22:03:10Z
2026-06-30T22:02:16Z,2026-07-01T00:02:16+0200,0f2c1f14-db75-409f-ba89-d4cf4b8f7c81,2026-06-29T23:30:00Z,2026-06-30T01:30:00+0200,3227.3,MW,FR,FR,actual_onshore_wind_generation,Wind Onshore,2026-06-30T22:03:10Z
2026-06-30T22:02:16Z,2026-07-01T00:02:16+0200,0f2c1f14-db75-409f-ba89-d4cf4b8f7c81,2026-06-29T23:45:00Z,2026-06-30T01:45:00+0200,3199.84,MW,FR,FR,actual_onshore_wind_generation,Wind Onshore,2026-06-30T22:03:10Z
2026-06-30T22:02:16Z,2026-07-01T00:02:16+0200,0f2c1f14-db75-409f-ba89-d4cf4b8f7c81,2026-06-30T00:00:00Z,2026-06-30T02:00:00+0200,3154.04,MW,FR,FR,actual_onshore_wind_generation,Wind Onshore,2026-06-30T22:03:10Z
2026-06-30T22:02:16Z,2026-07-01T00:02:16+0200,0f2c1f14-db75-409f-ba89-d4cf4b8f7c81,2026-06-30T00:15:00Z,2026-06-30T02:15:00+0200,3116.34,MW,FR,FR,actual_onshore_wind_generation,Wind Onshore,2026-06-30T22:03:10Z
2026-06-30T22:02:16Z,2026-07-01T00:02:16+0200,0f2c1f14-db75-409f-ba89-d4cf4b8f7c81,2026-06-30T00:30:00Z,2026-06-30T02:30:00+0200,3097.91,MW,FR,FR,actual_onshore_wind_generation,Wind Onshore,2026-06-30T22:03:10Z
2026-06-30T22:02:16Z,2026-07-01T00:02:16+0200,0f2c1f14-db75-409f-ba89-d4cf4b8f7c81,2026-06-30T00:45:00Z,2026-06-30T02:45:00+0200,3028.41,MW,FR,FR,actual_onshore_wind_generation,Wind Onshore,2026-06-30T22:03:10Z
2026-06-30T22:02:16Z,2026-07-01T00:02:16+0200,0f2c1f14-db75-409f-ba89-d4cf4b8f7c81,2026-06-30T01:00:00Z,2026-06-30T03:00:00+0200,2986.77,MW,FR,FR,actual_onshore_wind_generation,Wind Onshore,2026-06-30T22:03:10Z
2026-06-30T22:02:16Z,2026-07-01T00:02:16+0200,0f2c1f14-db75-409f-ba89-d4cf4b8f7c81,2026-06-30T01:15:00Z,2026-06-30T03:15:00+0200,2906.77,MW,FR,FR,actual_onshore_wind_generation,Wind Onshore,2026-06-30T22:03:10Z
2026-06-30T22:02:16Z,2026-07-01T00:02:16+0200,0f2c1f14-db75-409f-ba89-d4cf4b8f7c81,2026-06-30T01:30:00Z,2026-06-30T03:30:00+0200,2803.71,MW,FR,FR,actual_onshore_wind_generation,Wind Onshore,2026-06-30T22:03:10Z
2026-06-30T22:02:16Z,2026-07-01T00:02:16+0200,0f2c1f14-db75-409f-ba89-d4cf4b8f7c81,2026-06-30T01:45:00Z,2026-06-30T03:45:00+0200,2724.82,MW,FR,FR,actual_onshore_wind_generation,Wind Onshore,2026-06-30T22:03:10Z
2026-06-30T22:02:16Z,2026-07-01T00:02:16+0200,0f2c1f14-db75-409f-ba89-d4cf4b8f7c81,2026-06-30T02:00:00Z,2026-06-30T04:00:00+0200,2646.05,MW,FR,FR,actual_onshore_wind_generation,Wind Onshore,2026-06-30T22:03:10Z
2026-06-30T22:02:16Z,2026-07-01T00:02:16+0200,0f2c1f14-db75-409f-ba89-d4cf4b8f7c81,2026-06-30T02:15:00Z,2026-06-30T04:15:00+0200,2583.01,MW,FR,FR,actual_onshore_wind_generation,Wind Onshore,2026-06-30T22:03:10Z
2026-06-30T22:02:16Z,2026-07-01T00:02:16+0200,0f2c1f14-db75-409f-ba89-d4cf4b8f7c81,2026-06-30T02:30:00Z,2026-06-30T04:30:00+0200,2490.57,MW,FR,FR,actual_onshore_wind_generation,Wind Onshore,2026-06-30T22:03:10Z
2026-06-30T22:02:16Z,2026-07-01T00:02:16+0200,0f2c1f14-db75-409f-ba89-d4cf4b8f7c81,2026-06-30T02:45:00Z,2026-06-30T04:45:00+0200,2374.12,MW,FR,FR,actual_onshore_wind_generation,Wind Onshore,2026-06-30T22:03:10Z
2026-06-30T22:02:16Z,2026-07-01T00:02:16+0200,0f2c1f14-db75-409f-ba89-d4cf4b8f7c81,2026-06-30T03:00:00Z,2026-06-30T05:00:00+0200,2214.12,MW,FR,FR,actual_onshore_wind_generation,Wind Onshore,2026-06-30T22:03:10Z
2026-06-30T22:02:16Z,2026-07-01T00:02:16+0200,0f2c1f14-db75-409f-ba89-d4cf4b8f7c81,2026-06-30T03:15:00Z,2026-06-30T05:15:00+0200,2045.59,MW,FR,FR,actual_onshore_wind_generation,Wind Onshore,2026-06-30T22:03:10Z
2026-06-30T22:02:16Z,2026-07-01T00:02:16+0200,0f2c1f14-db75-409f-ba89-d4cf4b8f7c81,2026-06-30T03:30:00Z,2026-06-30T05:30:00+0200,1945.11,MW,FR,FR,actual_onshore_wind_generation,Wind Onshore,2026-06-30T22:03:10Z
2026-06-30T22:02:16Z,2026-07-01T00:02:16+0200,0f2c1f14-db75-409f-ba89-d4cf4b8f7c81,2026-06-30T03:45:00Z,2026-06-30T05:45:00+0200,1890.12,MW,FR,FR,actual_onshore_wind_generation,Wind Onshore,2026-06-30T22:03:10Z
2026-06-30T22:02:16Z,2026-07-01T00:02:16+0200,0f2c1f14-db75-409f-ba89-d4cf4b8f7c81,2026-06-30T04:00:00Z,2026-06-30T06:00:00+0200,1798.92,MW,FR,FR,actual_onshore_wind_generation,Wind Onshore,2026-06-30T22:03:10Z
2026-06-30T22:02:16Z,2026-07-01T00:02:16+0200,0f2c1f14-db75-409f-ba89-d4cf4b8f7c81,2026-06-30T04:15:00Z,2026-06-30T06:15:00+0200,1738.54,MW,FR,FR,actual_onshore_wind_generation,Wind Onshore,2026-06-30T22:03:10Z
2026-06-30T22:02:16Z,2026-07-01T00:02:16+0200,0f2c1f14-db75-409f-ba89-d4cf4b8f7c81,2026-06-30T04:30:00Z,2026-06-30T06:30:00+0200,1672.07,MW,FR,FR,actual_onshore_wind_generation,Wind Onshore,2026-06-30T22:03:10Z
2026-06-30T22:02:16Z,2026-07-01T00:02:16+0200,0f2c1f14-db75-409f-ba89-d4cf4b8f7c81,2026-06-30T04:45:00Z,2026-06-30T06:45:00+0200,1631.13,MW,FR,FR,actual_onshore_wind_generation,Wind Onshore,2026-06-30T22:03:10Z
2026-06-30T22:02:16Z,2026-07-01T00:02:16+0200,0f2c1f14-db75-409f-ba89-d4cf4b8f7c81,2026-06-30T05:00:00Z,2026-06-30T07:00:00+0200,1576.27,MW,FR,FR,actual_onshore_wind_generation,Wind Onshore,2026-06-30T22:03:10Z
2026-06-30T22:02:16Z,2026-07-01T00:02:16+0200,0f2c1f14-db75-409f-ba89-d4cf4b8f7c81,2026-06-30T05:15:00Z,2026-06-30T07:15:00+0200,1495.71,MW,FR,FR,actual_onshore_wind_generation,Wind Onshore,2026-06-30T22:03:10Z
2026-06-30T22:02:16Z,2026-07-01T00:02:16+0200,0f2c1f14-db75-409f-ba89-d4cf4b8f7c81,2026-06-30T05:30:00Z,2026-06-30T07:30:00+0200,1370.98,MW,FR,FR,actual_onshore_wind_generation,Wind Onshore,2026-06-30T22:03:10Z
2026-06-30T22:02:16Z,2026-07-01T00:02:16+0200,0f2c1f14-db75-409f-ba89-d4cf4b8f7c81,2026-06-30T05:45:00Z,2026-06-30T07:45:00+0200,1230.33,MW,FR,FR,actual_onshore_wind_generation,Wind Onshore,2026-06-30T22:03:10Z
2026-06-30T22:02:16Z,2026-07-01T00:02:16+0200,0f2c1f14-db75-409f-ba89-d4cf4b8f7c81,2026-06-30T06:00:00Z,2026-06-30T08:00:00+0200,1106.04,MW,FR,FR,actual_onshore_wind_generation,Wind Onshore,2026-06-30T22:03:10Z
2026-06-30T22:02:16Z,2026-07-01T00:02:16+0200,0f2c1f14-db75-409f-ba89-d4cf4b8f7c81,2026-06-30T06:15:00Z,2026-06-30T08:15:00+0200,1022.76,MW,FR,FR,actual_onshore_wind_generation,Wind Onshore,2026-06-30T22:03:10Z
2026-06-30T22:02:16Z,2026-07-01T00:02:16+0200,0f2c1f14-db75-409f-ba89-d4cf4b8f7c81,2026-06-30T06:30:00Z,2026-06-30T08:30:00+0200,968.52,MW,FR,FR,actual_onshore_wind_generation,Wind Onshore,2026-06-30T22:03:10Z
2026-06-30T22:02:16Z,2026-07-01T00:02:16+0200,0f2c1f14-db75-409f-ba89-d4cf4b8f7c81,2026-06-30T06:45:00Z,2026-06-30T08:45:00+0200,939.38,MW,FR,FR,actual_onshore_wind_generation,Wind Onshore,2026-06-30T22:03:10Z
2026-06-30T22:02:16Z,2026-07-01T00:02:16+0200,0f2c1f14-db75-409f-ba89-d4cf4b8f7c81,2026-06-30T07:00:00Z,2026-06-30T09:00:00+0200,928.13,MW,FR,FR,actual_onshore_wind_generation,Wind Onshore,2026-06-30T22:03:10Z
2026-06-30T22:02:16Z,2026-07-01T00:02:16+0200,0f2c1f14-db75-409f-ba89-d4cf4b8f7c81,2026-06-30T07:15:00Z,2026-06-30T09:15:00+0200,905.96,MW,FR,FR,actual_onshore_wind_generation,Wind Onshore,2026-06-30T22:03:10Z
2026-06-30T22:02:16Z,2026-07-01T00:02:16+0200,0f2c1f14-db75-409f-ba89-d4cf4b8f7c81,2026-06-30T07:30:00Z,2026-06-30T09:30:00+0200,898.35,MW,FR,FR,actual_onshore_wind_generation,Wind Onshore,2026-06-30T22:03:10Z
2026-06-30T22:02:16Z,2026-07-01T00:02:16+0200,0f2c1f14-db75-409f-ba89-d4cf4b8f7c81,2026-06-30T07:45:00Z,2026-06-30T09:45:00+0200,938.29,MW,FR,FR,actual_onshore_wind_generation,Wind Onshore,2026-06-30T22:03:10Z
2026-06-30T22:02:16Z,2026-07-01T00:02:16+0200,0f2c1f14-db75-409f-ba89-d4cf4b8f7c81,2026-06-30T08:00:00Z,2026-06-30T10:00:00+0200,953.44,MW,FR,FR,actual_onshore_wind_generation,Wind Onshore,2026-06-30T22:03:10Z
2026-06-30T22:02:16Z,2026-07-01T00:02:16+0200,0f2c1f14-db75-409f-ba89-d4cf4b8f7c81,2026-06-30T08:15:00Z,2026-06-30T10:15:00+0200,991.1,MW,FR,FR,actual_onshore_wind_generation,Wind Onshore,2026-06-30T22:03:10Z
2026-06-30T22:02:16Z,2026-07-01T00:02:16+0200,0f2c1f14-db75-409f-ba89-d4cf4b8f7c81,2026-06-30T08:30:00Z,2026-06-30T10:30:00+0200,1012.51,MW,FR,FR,actual_onshore_wind_generation,Wind Onshore,2026-06-30T22:03:10Z
2026-06-30T22:02:16Z,2026-07-01T00:02:16+0200,0f2c1f14-db75-409f-ba89-d4cf4b8f7c81,2026-06-30T08:45:00Z,2026-06-30T10:45:00+0200,1037.46,MW,FR,FR,actual_onshore_wind_generation,Wind Onshore,2026-06-30T22:03:10Z
2026-06-30T22:02:16Z,2026-07-01T00:02:16+0200,0f2c1f14-db75-409f-ba89-d4cf4b8f7c81,2026-06-30T09:00:00Z,2026-06-30T11:00:00+0200,1060.27,MW,FR,FR,actual_onshore_wind_generation,Wind Onshore,2026-06-30T22:03:10Z
2026-06-30T22:02:16Z,2026-07-01T00:02:16+0200,0f2c1f14-db75-409f-ba89-d4cf4b8f7c81,2026-06-30T09:15:00Z,2026-06-30T11:15:00+0200,1089.83,MW,FR,FR,actual_onshore_wind_generation,Wind Onshore,2026-06-30T22:03:10Z
2026-06-30T22:02:16Z,2026-07-01T00:02:16+0200,0f2c1f14-db75-409f-ba89-d4cf4b8f7c81,2026-06-30T09:30:00Z,2026-06-30T11:30:00+0200,1142.64,MW,FR,FR,actual_onshore_wind_generation,Wind Onshore,2026-06-30T22:03:10Z
2026-06-30T22:02:16Z,2026-07-01T00:02:16+0200,0f2c1f14-db75-409f-ba89-d4cf4b8f7c81,2026-06-30T09:45:00Z,2026-06-30T11:45:00+0200,1187.99,MW,FR,FR,actual_onshore_wind_generation,Wind Onshore,2026-06-30T22:03:10Z
2026-06-30T22:02:16Z,2026-07-01T00:02:16+0200,0f2c1f14-db75-409f-ba89-d4cf4b8f7c81,2026-06-30T10:00:00Z,2026-06-30T12:00:00+0200,1236.23,MW,FR,FR,actual_onshore_wind_generation,Wind Onshore,2026-06-30T22:03:10Z
2026-06-30T22:02:16Z,2026-07-01T00:02:16+0200,0f2c1f14-db75-409f-ba89-d4cf4b8f7c81,2026-06-30T10:15:00Z,2026-06-30T12:15:00+0200,1246.21,MW,FR,FR,actual_onshore_wind_generation,Wind Onshore,2026-06-30T22:03:10Z
2026-06-30T22:02:16Z,2026-07-01T00:02:16+0200,0f2c1f14-db75-409f-ba89-d4cf4b8f7c81,2026-06-30T10:30:00Z,2026-06-30T12:30:00+0200,1257.26,MW,FR,FR,actual_onshore_wind_generation,Wind Onshore,2026-06-30T22:03:10Z
2026-06-30T22:02:16Z,2026-07-01T00:02:16+0200,0f2c1f14-db75-409f-ba89-d4cf4b8f7c81,2026-06-30T10:45:00Z,2026-06-30T12:45:00+0200,1234.73,MW,FR,FR,actual_onshore_wind_generation,Wind Onshore,2026-06-30T22:03:10Z
2026-06-30T22:02:16Z,2026-07-01T00:02:16+0200,0f2c1f14-db75-409f-ba89-d4cf4b8f7c81,2026-06-30T11:00:00Z,2026-06-30T13:00:00+0200,1194.65,MW,FR,FR,actual_onshore_wind_generation,Wind Onshore,2026-06-30T22:03:10Z
2026-06-30T22:02:16Z,2026-07-01T00:02:16+0200,0f2c1f14-db75-409f-ba89-d4cf4b8f7c81,2026-06-30T11:15:00Z,2026-06-30T13:15:00+0200,1197.08,MW,FR,FR,actual_onshore_wind_generation,Wind Onshore,2026-06-30T22:03:10Z
2026-06-30T22:02:16Z,2026-07-01T00:02:16+0200,0f2c1f14-db75-409f-ba89-d4cf4b8f7c81,2026-06-30T11:30:00Z,2026-06-30T13:30:00+0200,1207.57,MW,FR,FR,actual_onshore_wind_generation,Wind Onshore,2026-06-30T22:03:10Z
2026-06-30T22:02:16Z,2026-07-01T00:02:16+0200,0f2c1f14-db75-409f-ba89-d4cf4b8f7c81,2026-06-30T11:45:00Z,2026-06-30T13:45:00+0200,1210.97,MW,FR,FR,actual_onshore_wind_generation,Wind Onshore,2026-06-30T22:03:10Z
2026-06-30T22:02:16Z,2026-07-01T00:02:16+0200,0f2c1f14-db75-409f-ba89-d4cf4b8f7c81,2026-06-30T12:00:00Z,2026-06-30T14:00:00+0200,1234.06,MW,FR,FR,actual_onshore_wind_generation,Wind Onshore,2026-06-30T22:03:10Z
2026-06-30T22:02:16Z,2026-07-01T00:02:16+0200,0f2c1f14-db75-409f-ba89-d4cf4b8f7c81,2026-06-30T12:15:00Z,2026-06-30T14:15:00+0200,1295.08,MW,FR,FR,actual_onshore_wind_generation,Wind Onshore,2026-06-30T22:03:10Z
2026-06-30T22:02:16Z,2026-07-01T00:02:16+0200,0f2c1f14-db75-409f-ba89-d4cf4b8f7c81,2026-06-30T12:30:00Z,2026-06-30T14:30:00+0200,1365.91,MW,FR,FR,actual_onshore_wind_generation,Wind Onshore,2026-06-30T22:03:10Z
2026-06-30T22:02:16Z,2026-07-01T00:02:16+0200,0f2c1f14-db75-409f-ba89-d4cf4b8f7c81,2026-06-30T12:45:00Z,2026-06-30T14:45:00+0200,1423.05,MW,FR,FR,actual_onshore_wind_generation,Wind Onshore,2026-06-30T22:03:10Z
2026-06-30T22:02:16Z,2026-07-01T00:02:16+0200,0f2c1f14-db75-409f-ba89-d4cf4b8f7c81,2026-06-30T13:00:00Z,2026-06-30T15:00:00+0200,1533.61,MW,FR,FR,actual_onshore_wind_generation,Wind Onshore,2026-06-30T22:03:10Z
2026-06-30T22:02:16Z,2026-07-01T00:02:16+0200,0f2c1f14-db75-409f-ba89-d4cf4b8f7c81,2026-06-30T13:15:00Z,2026-06-30T15:15:00+0200,1713.6,MW,FR,FR,actual_onshore_wind_generation,Wind Onshore,2026-06-30T22:03:10Z
2026-06-30T22:02:16Z,2026-07-01T00:02:16+0200,0f2c1f14-db75-409f-ba89-d4cf4b8f7c81,2026-06-30T13:30:00Z,2026-06-30T15:30:00+0200,1806.42,MW,FR,FR,actual_onshore_wind_generation,Wind Onshore,2026-06-30T22:03:10Z
2026-06-30T22:02:16Z,2026-07-01T00:02:16+0200,0f2c1f14-db75-409f-ba89-d4cf4b8f7c81,2026-06-30T13:45:00Z,2026-06-30T15:45:00+0200,1934.86,MW,FR,FR,actual_onshore_wind_generation,Wind Onshore,2026-06-30T22:03:10Z
2026-06-30T22:02:16Z,2026-07-01T00:02:16+0200,0f2c1f14-db75-409f-ba89-d4cf4b8f7c81,2026-06-30T14:00:00Z,2026-06-30T16:00:00+0200,1992.73,MW,FR,FR,actual_onshore_wind_generation,Wind Onshore,2026-06-30T22:03:10Z
2026-06-30T22:02:16Z,2026-07-01T00:02:16+0200,0f2c1f14-db75-409f-ba89-d4cf4b8f7c81,2026-06-30T14:15:00Z,2026-06-30T16:15:00+0200,2054.66,MW,FR,FR,actual_onshore_wind_generation,Wind Onshore,2026-06-30T22:03:10Z
2026-06-30T22:02:16Z,2026-07-01T00:02:16+0200,0f2c1f14-db75-409f-ba89-d4cf4b8f7c81,2026-06-30T14:30:00Z,2026-06-30T16:30:00+0200,2136.61,MW,FR,FR,actual_onshore_wind_generation,Wind Onshore,2026-06-30T22:03:10Z
2026-06-30T22:02:16Z,2026-07-01T00:02:16+0200,0f2c1f14-db75-409f-ba89-d4cf4b8f7c81,2026-06-30T14:45:00Z,2026-06-30T16:45:00+0200,2187.13,MW,FR,FR,actual_onshore_wind_generation,Wind Onshore,2026-06-30T22:03:10Z
2026-06-30T22:02:16Z,2026-07-01T00:02:16+0200,0f2c1f14-db75-409f-ba89-d4cf4b8f7c81,2026-06-30T15:00:00Z,2026-06-30T17:00:00+0200,2259.68,MW,FR,FR,actual_onshore_wind_generation,Wind Onshore,2026-06-30T22:03:10Z
2026-06-30T22:02:16Z,2026-07-01T00:02:16+0200,0f2c1f14-db75-409f-ba89-d4cf4b8f7c81,2026-06-30T15:15:00Z,2026-06-30T17:15:00+0200,2355.3,MW,FR,FR,actual_onshore_wind_generation,Wind Onshore,2026-06-30T22:03:10Z
2026-06-30T22:02:16Z,2026-07-01T00:02:16+0200,0f2c1f14-db75-409f-ba89-d4cf4b8f7c81,2026-06-30T15:30:00Z,2026-06-30T17:30:00+0200,2403.68,MW,FR,FR,actual_onshore_wind_generation,Wind Onshore,2026-06-30T22:03:10Z
2026-06-30T22:02:16Z,2026-07-01T00:02:16+0200,0f2c1f14-db75-409f-ba89-d4cf4b8f7c81,2026-06-30T15:45:00Z,2026-06-30T17:45:00+0200,2457.89,MW,FR,FR,actual_onshore_wind_generation,Wind Onshore,2026-06-30T22:03:10Z
2026-06-30T22:02:16Z,2026-07-01T00:02:16+0200,0f2c1f14-db75-409f-ba89-d4cf4b8f7c81,2026-06-30T16:00:00Z,2026-06-30T18:00:00+0200,2491.74,MW,FR,FR,actual_onshore_wind_generation,Wind Onshore,2026-06-30T22:03:10Z
2026-06-30T22:02:16Z,2026-07-01T00:02:16+0200,0f2c1f14-db75-409f-ba89-d4cf4b8f7c81,2026-06-30T16:15:00Z,2026-06-30T18:15:00+0200,2473.53,MW,FR,FR,actual_onshore_wind_generation,Wind Onshore,2026-06-30T22:03:10Z
2026-06-30T22:02:16Z,2026-07-01T00:02:16+0200,0f2c1f14-db75-409f-ba89-d4cf4b8f7c81,2026-06-30T16:30:00Z,2026-06-30T18:30:00+0200,2557.57,MW,FR,FR,actual_onshore_wind_generation,Wind Onshore,2026-06-30T22:03:10Z
2026-06-30T22:02:16Z,2026-07-01T00:02:16+0200,0f2c1f14-db75-409f-ba89-d4cf4b8f7c81,2026-06-30T16:45:00Z,2026-06-30T18:45:00+0200,2683.02,MW,FR,FR,actual_onshore_wind_generation,Wind Onshore,2026-06-30T22:03:10Z
2026-06-30T22:02:16Z,2026-07-01T00:02:16+0200,0f2c1f14-db75-409f-ba89-d4cf4b8f7c81,2026-06-30T17:00:00Z,2026-06-30T19:00:00+0200,2796.93,MW,FR,FR,actual_onshore_wind_generation,Wind Onshore,2026-06-30T22:03:10Z
2026-06-30T22:02:16Z,2026-07-01T00:02:16+0200,0f2c1f14-db75-409f-ba89-d4cf4b8f7c81,2026-06-30T17:15:00Z,2026-06-30T19:15:00+0200,2982.64,MW,FR,FR,actual_onshore_wind_generation,Wind Onshore,2026-06-30T22:03:10Z
2026-06-30T22:02:16Z,2026-07-01T00:02:16+0200,0f2c1f14-db75-409f-ba89-d4cf4b8f7c81,2026-06-30T17:30:00Z,2026-06-30T19:30:00+0200,3181.19,MW,FR,FR,actual_onshore_wind_generation,Wind Onshore,2026-06-30T22:03:10Z
2026-06-30T22:02:16Z,2026-07-01T00:02:16+0200,0f2c1f14-db75-409f-ba89-d4cf4b8f7c81,2026-06-30T17:45:00Z,2026-06-30T19:45:00+0200,3293.96,MW,FR,FR,actual_onshore_wind_generation,Wind Onshore,2026-06-30T22:03:10Z
2026-06-30T22:02:16Z,2026-07-01T00:02:16+0200,0f2c1f14-db75-409f-ba89-d4cf4b8f7c81,2026-06-30T18:00:00Z,2026-06-30T20:00:00+0200,3453.65,MW,FR,FR,actual_onshore_wind_generation,Wind Onshore,2026-06-30T22:03:10Z
2026-06-30T22:02:16Z,2026-07-01T00:02:16+0200,0f2c1f14-db75-409f-ba89-d4cf4b8f7c81,2026-06-30T18:15:00Z,2026-06-30T20:15:00+0200,3519.68,MW,FR,FR,actual_onshore_wind_generation,Wind Onshore,2026-06-30T22:03:10Z
2026-06-30T22:02:16Z,2026-07-01T00:02:16+0200,0f2c1f14-db75-409f-ba89-d4cf4b8f7c81,2026-06-30T18:30:00Z,2026-06-30T20:30:00+0200,3601.84,MW,FR,FR,actual_onshore_wind_generation,Wind Onshore,2026-06-30T22:03:10Z
2026-06-30T22:02:16Z,2026-07-01T00:02:16+0200,0f2c1f14-db75-409f-ba89-d4cf4b8f7c81,2026-06-30T18:45:00Z,2026-06-30T20:45:00+0200,3668.31,MW,FR,FR,actual_onshore_wind_generation,Wind Onshore,2026-06-30T22:03:10Z
2026-06-30T22:02:16Z,2026-07-01T00:02:16+0200,0f2c1f14-db75-409f-ba89-d4cf4b8f7c81,2026-06-30T19:00:00Z,2026-06-30T21:00:00+0200,3765.21,MW,FR,FR,actual_onshore_wind_generation,Wind Onshore,2026-06-30T22:03:10Z
2026-06-30T22:02:16Z,2026-07-01T00:02:16+0200,0f2c1f14-db75-409f-ba89-d4cf4b8f7c81,2026-06-30T19:15:00Z,2026-06-30T21:15:00+0200,3920.72,MW,FR,FR,actual_onshore_wind_generation,Wind Onshore,2026-06-30T22:03:10Z
2026-06-30T22:02:16Z,2026-07-01T00:02:16+0200,0f2c1f14-db75-409f-ba89-d4cf4b8f7c81,2026-06-30T19:30:00Z,2026-06-30T21:30:00+0200,4043.15,MW,FR,FR,actual_onshore_wind_generation,Wind Onshore,2026-06-30T22:03:10Z
2026-06-30T22:02:16Z,2026-07-01T00:02:16+0200,0f2c1f14-db75-409f-ba89-d4cf4b8f7c81,2026-06-30T19:45:00Z,2026-06-30T21:45:00+0200,4012.21,MW,FR,FR,actual_onshore_wind_generation,Wind Onshore,2026-06-30T22:03:10Z
2026-06-30T22:02:16Z,2026-07-01T00:02:16+0200,0f2c1f14-db75-409f-ba89-d4cf4b8f7c81,2026-06-30T20:00:00Z,2026-06-30T22:00:00+0200,3961.68,MW,FR,FR,actual_onshore_wind_generation,Wind Onshore,2026-06-30T22:03:10Z
2026-06-30T22:02:16Z,2026-07-01T00:02:16+0200,0f2c1f14-db75-409f-ba89-d4cf4b8f7c81,2026-06-30T20:15:00Z,2026-06-30T22:15:00+0200,3985.68,MW,FR,FR,actual_onshore_wind_generation,Wind Onshore,2026-06-30T22:03:10Z
2026-06-30T22:02:16Z,2026-07-01T00:02:16+0200,0f2c1f14-db75-409f-ba89-d4cf4b8f7c81,2026-06-30T20:30:00Z,2026-06-30T22:30:00+0200,3978.06,MW,FR,FR,actual_onshore_wind_generation,Wind Onshore,2026-06-30T22:03:10Z
2026-06-30T22:02:16Z,2026-07-01T00:02:16+0200,0f2c1f14-db75-409f-ba89-d4cf4b8f7c81,2026-06-30T20:45:00Z,2026-06-30T22:45:00+0200,4031.43,MW,FR,FR,actual_onshore_wind_generation,Wind Onshore,2026-06-30T22:03:10Z
