collection_time_utc,collection_time_local,run_id,timestamp_utc,timestamp_local,value,unit,country,entsoe_area,variable,source,updated_at_utc
2026-08-03T23:14:33Z,2026-08-04T01:14:33+0200,e09cf432-bb47-440f-9e44-a608f613abae,2026-07-04T00:00:00Z,2026-07-04T02:00:00+0200,0.0,MW,BE,BE,forecast_solar_generation,Solar,2026-08-03T23:14:45Z
2026-08-03T23:14:33Z,2026-08-04T01:14:33+0200,e09cf432-bb47-440f-9e44-a608f613abae,2026-07-04T01:00:00Z,2026-07-04T03:00:00+0200,0.0,MW,BE,BE,forecast_solar_generation,Solar,2026-08-03T23:14:45Z
2026-08-03T23:14:33Z,2026-08-04T01:14:33+0200,e09cf432-bb47-440f-9e44-a608f613abae,2026-07-04T02:00:00Z,2026-07-04T04:00:00+0200,0.0,MW,BE,BE,forecast_solar_generation,Solar,2026-08-03T23:14:45Z
2026-08-03T23:14:33Z,2026-08-04T01:14:33+0200,e09cf432-bb47-440f-9e44-a608f613abae,2026-07-04T03:00:00Z,2026-07-04T05:00:00+0200,17.31625,MW,BE,BE,forecast_solar_generation,Solar,2026-08-03T23:14:45Z
2026-08-03T23:14:33Z,2026-08-04T01:14:33+0200,e09cf432-bb47-440f-9e44-a608f613abae,2026-07-04T04:00:00Z,2026-07-04T06:00:00+0200,284.2875,MW,BE,BE,forecast_solar_generation,Solar,2026-08-03T23:14:45Z
2026-08-03T23:14:33Z,2026-08-04T01:14:33+0200,e09cf432-bb47-440f-9e44-a608f613abae,2026-07-04T05:00:00Z,2026-07-04T07:00:00+0200,857.193249,MW,BE,BE,forecast_solar_generation,Solar,2026-08-03T23:14:45Z
2026-08-03T23:14:33Z,2026-08-04T01:14:33+0200,e09cf432-bb47-440f-9e44-a608f613abae,2026-07-04T06:00:00Z,2026-07-04T08:00:00+0200,2274.670498,MW,BE,BE,forecast_solar_generation,Solar,2026-08-03T23:14:45Z
2026-08-03T23:14:33Z,2026-08-04T01:14:33+0200,e09cf432-bb47-440f-9e44-a608f613abae,2026-07-04T07:00:00Z,2026-07-04T09:00:00+0200,4073.095249,MW,BE,BE,forecast_solar_generation,Solar,2026-08-03T23:14:45Z
2026-08-03T23:14:33Z,2026-08-04T01:14:33+0200,e09cf432-bb47-440f-9e44-a608f613abae,2026-07-04T08:00:00Z,2026-07-04T10:00:00+0200,5634.018506,MW,BE,BE,forecast_solar_generation,Solar,2026-08-03T23:14:45Z
2026-08-03T23:14:33Z,2026-08-04T01:14:33+0200,e09cf432-bb47-440f-9e44-a608f613abae,2026-07-04T09:00:00Z,2026-07-04T11:00:00+0200,6941.965761,MW,BE,BE,forecast_solar_generation,Solar,2026-08-03T23:14:45Z
2026-08-03T23:14:33Z,2026-08-04T01:14:33+0200,e09cf432-bb47-440f-9e44-a608f613abae,2026-07-04T10:00:00Z,2026-07-04T12:00:00+0200,7648.413754,MW,BE,BE,forecast_solar_generation,Solar,2026-08-03T23:14:45Z
2026-08-03T23:14:33Z,2026-08-04T01:14:33+0200,e09cf432-bb47-440f-9e44-a608f613abae,2026-07-04T11:00:00Z,2026-07-04T13:00:00+0200,7725.676005,MW,BE,BE,forecast_solar_generation,Solar,2026-08-03T23:14:45Z
2026-08-03T23:14:33Z,2026-08-04T01:14:33+0200,e09cf432-bb47-440f-9e44-a608f613abae,2026-07-04T12:00:00Z,2026-07-04T14:00:00+0200,7395.087995,MW,BE,BE,forecast_solar_generation,Solar,2026-08-03T23:14:45Z
2026-08-03T23:14:33Z,2026-08-04T01:14:33+0200,e09cf432-bb47-440f-9e44-a608f613abae,2026-07-04T13:00:00Z,2026-07-04T15:00:00+0200,6782.038249,MW,BE,BE,forecast_solar_generation,Solar,2026-08-03T23:14:45Z
2026-08-03T23:14:33Z,2026-08-04T01:14:33+0200,e09cf432-bb47-440f-9e44-a608f613abae,2026-07-04T14:00:00Z,2026-07-04T16:00:00+0200,5763.059004,MW,BE,BE,forecast_solar_generation,Solar,2026-08-03T23:14:45Z
2026-08-03T23:14:33Z,2026-08-04T01:14:33+0200,e09cf432-bb47-440f-9e44-a608f613abae,2026-07-04T15:00:00Z,2026-07-04T17:00:00+0200,4562.558498,MW,BE,BE,forecast_solar_generation,Solar,2026-08-03T23:14:45Z
2026-08-03T23:14:33Z,2026-08-04T01:14:33+0200,e09cf432-bb47-440f-9e44-a608f613abae,2026-07-04T16:00:00Z,2026-07-04T18:00:00+0200,3106.005243,MW,BE,BE,forecast_solar_generation,Solar,2026-08-03T23:14:45Z
2026-08-03T23:14:33Z,2026-08-04T01:14:33+0200,e09cf432-bb47-440f-9e44-a608f613abae,2026-07-04T17:00:00Z,2026-07-04T19:00:00+0200,1543.0395,MW,BE,BE,forecast_solar_generation,Solar,2026-08-03T23:14:45Z
2026-08-03T23:14:33Z,2026-08-04T01:14:33+0200,e09cf432-bb47-440f-9e44-a608f613abae,2026-07-04T18:00:00Z,2026-07-04T20:00:00+0200,548.953749,MW,BE,BE,forecast_solar_generation,Solar,2026-08-03T23:14:45Z
2026-08-03T23:14:33Z,2026-08-04T01:14:33+0200,e09cf432-bb47-440f-9e44-a608f613abae,2026-07-04T19:00:00Z,2026-07-04T21:00:00+0200,123.362749,MW,BE,BE,forecast_solar_generation,Solar,2026-08-03T23:14:45Z
2026-08-03T23:14:33Z,2026-08-04T01:14:33+0200,e09cf432-bb47-440f-9e44-a608f613abae,2026-07-04T20:00:00Z,2026-07-04T22:00:00+0200,0.0,MW,BE,BE,forecast_solar_generation,Solar,2026-08-03T23:14:45Z
2026-08-03T23:14:33Z,2026-08-04T01:14:33+0200,e09cf432-bb47-440f-9e44-a608f613abae,2026-07-04T21:00:00Z,2026-07-04T23:00:00+0200,0.0,MW,BE,BE,forecast_solar_generation,Solar,2026-08-03T23:14:45Z
2026-08-03T23:14:33Z,2026-08-04T01:14:33+0200,e09cf432-bb47-440f-9e44-a608f613abae,2026-07-04T22:00:00Z,2026-07-05T00:00:00+0200,0.0,MW,BE,BE,forecast_solar_generation,Solar,2026-08-03T23:14:45Z
2026-08-03T23:14:33Z,2026-08-04T01:14:33+0200,e09cf432-bb47-440f-9e44-a608f613abae,2026-07-04T23:00:00Z,2026-07-05T01:00:00+0200,0.0,MW,BE,BE,forecast_solar_generation,Solar,2026-08-03T23:14:45Z
2026-08-03T23:14:33Z,2026-08-04T01:14:33+0200,e09cf432-bb47-440f-9e44-a608f613abae,2026-07-05T00:00:00Z,2026-07-05T02:00:00+0200,0.0,MW,BE,BE,forecast_solar_generation,Solar,2026-08-03T23:14:45Z
2026-08-03T23:14:33Z,2026-08-04T01:14:33+0200,e09cf432-bb47-440f-9e44-a608f613abae,2026-07-05T01:00:00Z,2026-07-05T03:00:00+0200,0.0,MW,BE,BE,forecast_solar_generation,Solar,2026-08-03T23:14:45Z
2026-08-03T23:14:33Z,2026-08-04T01:14:33+0200,e09cf432-bb47-440f-9e44-a608f613abae,2026-07-05T02:00:00Z,2026-07-05T04:00:00+0200,0.0,MW,BE,BE,forecast_solar_generation,Solar,2026-08-03T23:14:45Z
2026-08-03T23:14:33Z,2026-08-04T01:14:33+0200,e09cf432-bb47-440f-9e44-a608f613abae,2026-07-05T03:00:00Z,2026-07-05T05:00:00+0200,13.003,MW,BE,BE,forecast_solar_generation,Solar,2026-08-03T23:14:45Z
2026-08-03T23:14:33Z,2026-08-04T01:14:33+0200,e09cf432-bb47-440f-9e44-a608f613abae,2026-07-05T04:00:00Z,2026-07-05T06:00:00+0200,313.979,MW,BE,BE,forecast_solar_generation,Solar,2026-08-03T23:14:45Z
2026-08-03T23:14:33Z,2026-08-04T01:14:33+0200,e09cf432-bb47-440f-9e44-a608f613abae,2026-07-05T05:00:00Z,2026-07-05T07:00:00+0200,970.49975,MW,BE,BE,forecast_solar_generation,Solar,2026-08-03T23:14:45Z
2026-08-03T23:14:33Z,2026-08-04T01:14:33+0200,e09cf432-bb47-440f-9e44-a608f613abae,2026-07-05T06:00:00Z,2026-07-05T08:00:00+0200,1977.738,MW,BE,BE,forecast_solar_generation,Solar,2026-08-03T23:14:45Z
2026-08-03T23:14:33Z,2026-08-04T01:14:33+0200,e09cf432-bb47-440f-9e44-a608f613abae,2026-07-05T07:00:00Z,2026-07-05T09:00:00+0200,3129.682749,MW,BE,BE,forecast_solar_generation,Solar,2026-08-03T23:14:45Z
2026-08-03T23:14:33Z,2026-08-04T01:14:33+0200,e09cf432-bb47-440f-9e44-a608f613abae,2026-07-05T08:00:00Z,2026-07-05T10:00:00+0200,3930.778999,MW,BE,BE,forecast_solar_generation,Solar,2026-08-03T23:14:45Z
2026-08-03T23:14:33Z,2026-08-04T01:14:33+0200,e09cf432-bb47-440f-9e44-a608f613abae,2026-07-05T09:00:00Z,2026-07-05T11:00:00+0200,4443.301251,MW,BE,BE,forecast_solar_generation,Solar,2026-08-03T23:14:45Z
2026-08-03T23:14:33Z,2026-08-04T01:14:33+0200,e09cf432-bb47-440f-9e44-a608f613abae,2026-07-05T10:00:00Z,2026-07-05T12:00:00+0200,4789.358748,MW,BE,BE,forecast_solar_generation,Solar,2026-08-03T23:14:45Z
2026-08-03T23:14:33Z,2026-08-04T01:14:33+0200,e09cf432-bb47-440f-9e44-a608f613abae,2026-07-05T11:00:00Z,2026-07-05T13:00:00+0200,4858.555501,MW,BE,BE,forecast_solar_generation,Solar,2026-08-03T23:14:45Z
2026-08-03T23:14:33Z,2026-08-04T01:14:33+0200,e09cf432-bb47-440f-9e44-a608f613abae,2026-07-05T12:00:00Z,2026-07-05T14:00:00+0200,4947.45225,MW,BE,BE,forecast_solar_generation,Solar,2026-08-03T23:14:45Z
2026-08-03T23:14:33Z,2026-08-04T01:14:33+0200,e09cf432-bb47-440f-9e44-a608f613abae,2026-07-05T13:00:00Z,2026-07-05T15:00:00+0200,4837.040257,MW,BE,BE,forecast_solar_generation,Solar,2026-08-03T23:14:45Z
2026-08-03T23:14:33Z,2026-08-04T01:14:33+0200,e09cf432-bb47-440f-9e44-a608f613abae,2026-07-05T14:00:00Z,2026-07-05T16:00:00+0200,4479.700748,MW,BE,BE,forecast_solar_generation,Solar,2026-08-03T23:14:45Z
2026-08-03T23:14:33Z,2026-08-04T01:14:33+0200,e09cf432-bb47-440f-9e44-a608f613abae,2026-07-05T15:00:00Z,2026-07-05T17:00:00+0200,3767.971501,MW,BE,BE,forecast_solar_generation,Solar,2026-08-03T23:14:45Z
2026-08-03T23:14:33Z,2026-08-04T01:14:33+0200,e09cf432-bb47-440f-9e44-a608f613abae,2026-07-05T16:00:00Z,2026-07-05T18:00:00+0200,2687.416993,MW,BE,BE,forecast_solar_generation,Solar,2026-08-03T23:14:45Z
2026-08-03T23:14:33Z,2026-08-04T01:14:33+0200,e09cf432-bb47-440f-9e44-a608f613abae,2026-07-05T17:00:00Z,2026-07-05T19:00:00+0200,1515.365,MW,BE,BE,forecast_solar_generation,Solar,2026-08-03T23:14:45Z
2026-08-03T23:14:33Z,2026-08-04T01:14:33+0200,e09cf432-bb47-440f-9e44-a608f613abae,2026-07-05T18:00:00Z,2026-07-05T20:00:00+0200,606.809499,MW,BE,BE,forecast_solar_generation,Solar,2026-08-03T23:14:45Z
2026-08-03T23:14:33Z,2026-08-04T01:14:33+0200,e09cf432-bb47-440f-9e44-a608f613abae,2026-07-05T19:00:00Z,2026-07-05T21:00:00+0200,121.78425,MW,BE,BE,forecast_solar_generation,Solar,2026-08-03T23:14:45Z
2026-08-03T23:14:33Z,2026-08-04T01:14:33+0200,e09cf432-bb47-440f-9e44-a608f613abae,2026-07-05T20:00:00Z,2026-07-05T22:00:00+0200,0.0,MW,BE,BE,forecast_solar_generation,Solar,2026-08-03T23:14:45Z
2026-08-03T23:14:33Z,2026-08-04T01:14:33+0200,e09cf432-bb47-440f-9e44-a608f613abae,2026-07-05T21:00:00Z,2026-07-05T23:00:00+0200,0.0,MW,BE,BE,forecast_solar_generation,Solar,2026-08-03T23:14:45Z
2026-08-03T23:14:33Z,2026-08-04T01:14:33+0200,e09cf432-bb47-440f-9e44-a608f613abae,2026-07-05T22:00:00Z,2026-07-06T00:00:00+0200,0.0,MW,BE,BE,forecast_solar_generation,Solar,2026-08-03T23:14:45Z
2026-08-03T23:14:33Z,2026-08-04T01:14:33+0200,e09cf432-bb47-440f-9e44-a608f613abae,2026-07-05T23:00:00Z,2026-07-06T01:00:00+0200,0.0,MW,BE,BE,forecast_solar_generation,Solar,2026-08-03T23:14:45Z
2026-08-03T23:14:33Z,2026-08-04T01:14:33+0200,e09cf432-bb47-440f-9e44-a608f613abae,2026-07-06T00:00:00Z,2026-07-06T02:00:00+0200,0.0,MW,BE,BE,forecast_solar_generation,Solar,2026-08-03T23:14:45Z
2026-08-03T23:14:33Z,2026-08-04T01:14:33+0200,e09cf432-bb47-440f-9e44-a608f613abae,2026-07-06T01:00:00Z,2026-07-06T03:00:00+0200,0.0,MW,BE,BE,forecast_solar_generation,Solar,2026-08-03T23:14:45Z
2026-08-03T23:14:33Z,2026-08-04T01:14:33+0200,e09cf432-bb47-440f-9e44-a608f613abae,2026-07-06T02:00:00Z,2026-07-06T04:00:00+0200,0.0,MW,BE,BE,forecast_solar_generation,Solar,2026-08-03T23:14:45Z
2026-08-03T23:14:33Z,2026-08-04T01:14:33+0200,e09cf432-bb47-440f-9e44-a608f613abae,2026-07-06T03:00:00Z,2026-07-06T05:00:00+0200,12.04075,MW,BE,BE,forecast_solar_generation,Solar,2026-08-03T23:14:45Z
2026-08-03T23:14:33Z,2026-08-04T01:14:33+0200,e09cf432-bb47-440f-9e44-a608f613abae,2026-07-06T04:00:00Z,2026-07-06T06:00:00+0200,320.292749,MW,BE,BE,forecast_solar_generation,Solar,2026-08-03T23:14:45Z
2026-08-03T23:14:33Z,2026-08-04T01:14:33+0200,e09cf432-bb47-440f-9e44-a608f613abae,2026-07-06T05:00:00Z,2026-07-06T07:00:00+0200,1001.88925,MW,BE,BE,forecast_solar_generation,Solar,2026-08-03T23:14:45Z
2026-08-03T23:14:33Z,2026-08-04T01:14:33+0200,e09cf432-bb47-440f-9e44-a608f613abae,2026-07-06T06:00:00Z,2026-07-06T08:00:00+0200,2046.170747,MW,BE,BE,forecast_solar_generation,Solar,2026-08-03T23:14:45Z
2026-08-03T23:14:33Z,2026-08-04T01:14:33+0200,e09cf432-bb47-440f-9e44-a608f613abae,2026-07-06T07:00:00Z,2026-07-06T09:00:00+0200,3428.579001,MW,BE,BE,forecast_solar_generation,Solar,2026-08-03T23:14:45Z
2026-08-03T23:14:33Z,2026-08-04T01:14:33+0200,e09cf432-bb47-440f-9e44-a608f613abae,2026-07-06T08:00:00Z,2026-07-06T10:00:00+0200,4868.992,MW,BE,BE,forecast_solar_generation,Solar,2026-08-03T23:14:45Z
2026-08-03T23:14:33Z,2026-08-04T01:14:33+0200,e09cf432-bb47-440f-9e44-a608f613abae,2026-07-06T09:00:00Z,2026-07-06T11:00:00+0200,6239.584994,MW,BE,BE,forecast_solar_generation,Solar,2026-08-03T23:14:45Z
2026-08-03T23:14:33Z,2026-08-04T01:14:33+0200,e09cf432-bb47-440f-9e44-a608f613abae,2026-07-06T10:00:00Z,2026-07-06T12:00:00+0200,7206.742758,MW,BE,BE,forecast_solar_generation,Solar,2026-08-03T23:14:45Z
2026-08-03T23:14:33Z,2026-08-04T01:14:33+0200,e09cf432-bb47-440f-9e44-a608f613abae,2026-07-06T11:00:00Z,2026-07-06T13:00:00+0200,7593.283988,MW,BE,BE,forecast_solar_generation,Solar,2026-08-03T23:14:45Z
2026-08-03T23:14:33Z,2026-08-04T01:14:33+0200,e09cf432-bb47-440f-9e44-a608f613abae,2026-07-06T12:00:00Z,2026-07-06T14:00:00+0200,7564.279758,MW,BE,BE,forecast_solar_generation,Solar,2026-08-03T23:14:45Z
2026-08-03T23:14:33Z,2026-08-04T01:14:33+0200,e09cf432-bb47-440f-9e44-a608f613abae,2026-07-06T13:00:00Z,2026-07-06T15:00:00+0200,7132.369748,MW,BE,BE,forecast_solar_generation,Solar,2026-08-03T23:14:45Z
2026-08-03T23:14:33Z,2026-08-04T01:14:33+0200,e09cf432-bb47-440f-9e44-a608f613abae,2026-07-06T14:00:00Z,2026-07-06T16:00:00+0200,6197.243759,MW,BE,BE,forecast_solar_generation,Solar,2026-08-03T23:14:45Z
2026-08-03T23:14:33Z,2026-08-04T01:14:33+0200,e09cf432-bb47-440f-9e44-a608f613abae,2026-07-06T15:00:00Z,2026-07-06T17:00:00+0200,4966.722502,MW,BE,BE,forecast_solar_generation,Solar,2026-08-03T23:14:45Z
2026-08-03T23:14:33Z,2026-08-04T01:14:33+0200,e09cf432-bb47-440f-9e44-a608f613abae,2026-07-06T16:00:00Z,2026-07-06T18:00:00+0200,3387.489504,MW,BE,BE,forecast_solar_generation,Solar,2026-08-03T23:14:45Z
2026-08-03T23:14:33Z,2026-08-04T01:14:33+0200,e09cf432-bb47-440f-9e44-a608f613abae,2026-07-06T17:00:00Z,2026-07-06T19:00:00+0200,1554.544753,MW,BE,BE,forecast_solar_generation,Solar,2026-08-03T23:14:45Z
2026-08-03T23:14:33Z,2026-08-04T01:14:33+0200,e09cf432-bb47-440f-9e44-a608f613abae,2026-07-06T18:00:00Z,2026-07-06T20:00:00+0200,462.37025,MW,BE,BE,forecast_solar_generation,Solar,2026-08-03T23:14:45Z
2026-08-03T23:14:33Z,2026-08-04T01:14:33+0200,e09cf432-bb47-440f-9e44-a608f613abae,2026-07-06T19:00:00Z,2026-07-06T21:00:00+0200,114.106999,MW,BE,BE,forecast_solar_generation,Solar,2026-08-03T23:14:45Z
2026-08-03T23:14:33Z,2026-08-04T01:14:33+0200,e09cf432-bb47-440f-9e44-a608f613abae,2026-07-06T20:00:00Z,2026-07-06T22:00:00+0200,0.0,MW,BE,BE,forecast_solar_generation,Solar,2026-08-03T23:14:45Z
2026-08-03T23:14:33Z,2026-08-04T01:14:33+0200,e09cf432-bb47-440f-9e44-a608f613abae,2026-07-06T21:00:00Z,2026-07-06T23:00:00+0200,0.0,MW,BE,BE,forecast_solar_generation,Solar,2026-08-03T23:14:45Z
2026-08-03T23:14:33Z,2026-08-04T01:14:33+0200,e09cf432-bb47-440f-9e44-a608f613abae,2026-07-06T22:00:00Z,2026-07-07T00:00:00+0200,0.0,MW,BE,BE,forecast_solar_generation,Solar,2026-08-03T23:14:45Z
2026-08-03T23:14:33Z,2026-08-04T01:14:33+0200,e09cf432-bb47-440f-9e44-a608f613abae,2026-07-06T23:00:00Z,2026-07-07T01:00:00+0200,0.0,MW,BE,BE,forecast_solar_generation,Solar,2026-08-03T23:14:45Z
2026-08-03T23:14:33Z,2026-08-04T01:14:33+0200,e09cf432-bb47-440f-9e44-a608f613abae,2026-07-07T00:00:00Z,2026-07-07T02:00:00+0200,0.0,MW,BE,BE,forecast_solar_generation,Solar,2026-08-03T23:14:45Z
2026-08-03T23:14:33Z,2026-08-04T01:14:33+0200,e09cf432-bb47-440f-9e44-a608f613abae,2026-07-07T01:00:00Z,2026-07-07T03:00:00+0200,0.0,MW,BE,BE,forecast_solar_generation,Solar,2026-08-03T23:14:45Z
2026-08-03T23:14:33Z,2026-08-04T01:14:33+0200,e09cf432-bb47-440f-9e44-a608f613abae,2026-07-07T02:00:00Z,2026-07-07T04:00:00+0200,0.0,MW,BE,BE,forecast_solar_generation,Solar,2026-08-03T23:14:45Z
2026-08-03T23:14:33Z,2026-08-04T01:14:33+0200,e09cf432-bb47-440f-9e44-a608f613abae,2026-07-07T03:00:00Z,2026-07-07T05:00:00+0200,10.867,MW,BE,BE,forecast_solar_generation,Solar,2026-08-03T23:14:45Z
2026-08-03T23:14:33Z,2026-08-04T01:14:33+0200,e09cf432-bb47-440f-9e44-a608f613abae,2026-07-07T04:00:00Z,2026-07-07T06:00:00+0200,309.77525,MW,BE,BE,forecast_solar_generation,Solar,2026-08-03T23:14:45Z
2026-08-03T23:14:33Z,2026-08-04T01:14:33+0200,e09cf432-bb47-440f-9e44-a608f613abae,2026-07-07T05:00:00Z,2026-07-07T07:00:00+0200,989.55625,MW,BE,BE,forecast_solar_generation,Solar,2026-08-03T23:14:45Z
2026-08-03T23:14:33Z,2026-08-04T01:14:33+0200,e09cf432-bb47-440f-9e44-a608f613abae,2026-07-07T06:00:00Z,2026-07-07T08:00:00+0200,2012.996251,MW,BE,BE,forecast_solar_generation,Solar,2026-08-03T23:14:45Z
2026-08-03T23:14:33Z,2026-08-04T01:14:33+0200,e09cf432-bb47-440f-9e44-a608f613abae,2026-07-07T07:00:00Z,2026-07-07T09:00:00+0200,3240.253245,MW,BE,BE,forecast_solar_generation,Solar,2026-08-03T23:14:45Z
2026-08-03T23:14:33Z,2026-08-04T01:14:33+0200,e09cf432-bb47-440f-9e44-a608f613abae,2026-07-07T08:00:00Z,2026-07-07T10:00:00+0200,4381.743997,MW,BE,BE,forecast_solar_generation,Solar,2026-08-03T23:14:45Z
2026-08-03T23:14:33Z,2026-08-04T01:14:33+0200,e09cf432-bb47-440f-9e44-a608f613abae,2026-07-07T09:00:00Z,2026-07-07T11:00:00+0200,5253.040259,MW,BE,BE,forecast_solar_generation,Solar,2026-08-03T23:14:45Z
2026-08-03T23:14:33Z,2026-08-04T01:14:33+0200,e09cf432-bb47-440f-9e44-a608f613abae,2026-07-07T10:00:00Z,2026-07-07T12:00:00+0200,5862.971748,MW,BE,BE,forecast_solar_generation,Solar,2026-08-03T23:14:45Z
2026-08-03T23:14:33Z,2026-08-04T01:14:33+0200,e09cf432-bb47-440f-9e44-a608f613abae,2026-07-07T11:00:00Z,2026-07-07T13:00:00+0200,6188.967242,MW,BE,BE,forecast_solar_generation,Solar,2026-08-03T23:14:45Z
2026-08-03T23:14:33Z,2026-08-04T01:14:33+0200,e09cf432-bb47-440f-9e44-a608f613abae,2026-07-07T12:00:00Z,2026-07-07T14:00:00+0200,6401.848996,MW,BE,BE,forecast_solar_generation,Solar,2026-08-03T23:14:45Z
2026-08-03T23:14:33Z,2026-08-04T01:14:33+0200,e09cf432-bb47-440f-9e44-a608f613abae,2026-07-07T13:00:00Z,2026-07-07T15:00:00+0200,6266.853992,MW,BE,BE,forecast_solar_generation,Solar,2026-08-03T23:14:45Z
2026-08-03T23:14:33Z,2026-08-04T01:14:33+0200,e09cf432-bb47-440f-9e44-a608f613abae,2026-07-07T14:00:00Z,2026-07-07T16:00:00+0200,5645.17775,MW,BE,BE,forecast_solar_generation,Solar,2026-08-03T23:14:45Z
2026-08-03T23:14:33Z,2026-08-04T01:14:33+0200,e09cf432-bb47-440f-9e44-a608f613abae,2026-07-07T15:00:00Z,2026-07-07T17:00:00+0200,4665.032752,MW,BE,BE,forecast_solar_generation,Solar,2026-08-03T23:14:45Z
2026-08-03T23:14:33Z,2026-08-04T01:14:33+0200,e09cf432-bb47-440f-9e44-a608f613abae,2026-07-07T16:00:00Z,2026-07-07T18:00:00+0200,3179.321001,MW,BE,BE,forecast_solar_generation,Solar,2026-08-03T23:14:45Z
2026-08-03T23:14:33Z,2026-08-04T01:14:33+0200,e09cf432-bb47-440f-9e44-a608f613abae,2026-07-07T17:00:00Z,2026-07-07T19:00:00+0200,1547.695251,MW,BE,BE,forecast_solar_generation,Solar,2026-08-03T23:14:45Z
2026-08-03T23:14:33Z,2026-08-04T01:14:33+0200,e09cf432-bb47-440f-9e44-a608f613abae,2026-07-07T18:00:00Z,2026-07-07T20:00:00+0200,532.948499,MW,BE,BE,forecast_solar_generation,Solar,2026-08-03T23:14:45Z
2026-08-03T23:14:33Z,2026-08-04T01:14:33+0200,e09cf432-bb47-440f-9e44-a608f613abae,2026-07-07T19:00:00Z,2026-07-07T21:00:00+0200,116.563749,MW,BE,BE,forecast_solar_generation,Solar,2026-08-03T23:14:45Z
2026-08-03T23:14:33Z,2026-08-04T01:14:33+0200,e09cf432-bb47-440f-9e44-a608f613abae,2026-07-07T20:00:00Z,2026-07-07T22:00:00+0200,0.0,MW,BE,BE,forecast_solar_generation,Solar,2026-08-03T23:14:45Z
2026-08-03T23:14:33Z,2026-08-04T01:14:33+0200,e09cf432-bb47-440f-9e44-a608f613abae,2026-07-07T21:00:00Z,2026-07-07T23:00:00+0200,0.0,MW,BE,BE,forecast_solar_generation,Solar,2026-08-03T23:14:45Z
2026-08-03T23:14:33Z,2026-08-04T01:14:33+0200,e09cf432-bb47-440f-9e44-a608f613abae,2026-07-07T22:00:00Z,2026-07-08T00:00:00+0200,0.0,MW,BE,BE,forecast_solar_generation,Solar,2026-08-03T23:14:45Z
2026-08-03T23:14:33Z,2026-08-04T01:14:33+0200,e09cf432-bb47-440f-9e44-a608f613abae,2026-07-07T23:00:00Z,2026-07-08T01:00:00+0200,0.0,MW,BE,BE,forecast_solar_generation,Solar,2026-08-03T23:14:45Z
2026-08-03T23:14:33Z,2026-08-04T01:14:33+0200,e09cf432-bb47-440f-9e44-a608f613abae,2026-07-08T00:00:00Z,2026-07-08T02:00:00+0200,0.0,MW,BE,BE,forecast_solar_generation,Solar,2026-08-03T23:14:45Z
2026-08-03T23:14:33Z,2026-08-04T01:14:33+0200,e09cf432-bb47-440f-9e44-a608f613abae,2026-07-08T01:00:00Z,2026-07-08T03:00:00+0200,0.0,MW,BE,BE,forecast_solar_generation,Solar,2026-08-03T23:14:45Z
2026-08-03T23:14:33Z,2026-08-04T01:14:33+0200,e09cf432-bb47-440f-9e44-a608f613abae,2026-07-08T02:00:00Z,2026-07-08T04:00:00+0200,0.0,MW,BE,BE,forecast_solar_generation,Solar,2026-08-03T23:14:45Z
2026-08-03T23:14:33Z,2026-08-04T01:14:33+0200,e09cf432-bb47-440f-9e44-a608f613abae,2026-07-08T03:00:00Z,2026-07-08T05:00:00+0200,9.3665,MW,BE,BE,forecast_solar_generation,Solar,2026-08-03T23:14:45Z
2026-08-03T23:14:33Z,2026-08-04T01:14:33+0200,e09cf432-bb47-440f-9e44-a608f613abae,2026-07-08T04:00:00Z,2026-07-08T06:00:00+0200,273.68075,MW,BE,BE,forecast_solar_generation,Solar,2026-08-03T23:14:45Z
2026-08-03T23:14:33Z,2026-08-04T01:14:33+0200,e09cf432-bb47-440f-9e44-a608f613abae,2026-07-08T05:00:00Z,2026-07-08T07:00:00+0200,888.076251,MW,BE,BE,forecast_solar_generation,Solar,2026-08-03T23:14:45Z
2026-08-03T23:14:33Z,2026-08-04T01:14:33+0200,e09cf432-bb47-440f-9e44-a608f613abae,2026-07-08T06:00:00Z,2026-07-08T08:00:00+0200,1835.708499,MW,BE,BE,forecast_solar_generation,Solar,2026-08-03T23:14:45Z
2026-08-03T23:14:33Z,2026-08-04T01:14:33+0200,e09cf432-bb47-440f-9e44-a608f613abae,2026-07-08T07:00:00Z,2026-07-08T09:00:00+0200,3008.4815,MW,BE,BE,forecast_solar_generation,Solar,2026-08-03T23:14:45Z
2026-08-03T23:14:33Z,2026-08-04T01:14:33+0200,e09cf432-bb47-440f-9e44-a608f613abae,2026-07-08T08:00:00Z,2026-07-08T10:00:00+0200,4211.844,MW,BE,BE,forecast_solar_generation,Solar,2026-08-03T23:14:45Z
2026-08-03T23:14:33Z,2026-08-04T01:14:33+0200,e09cf432-bb47-440f-9e44-a608f613abae,2026-07-08T09:00:00Z,2026-07-08T11:00:00+0200,5090.279997,MW,BE,BE,forecast_solar_generation,Solar,2026-08-03T23:14:45Z
2026-08-03T23:14:33Z,2026-08-04T01:14:33+0200,e09cf432-bb47-440f-9e44-a608f613abae,2026-07-08T10:00:00Z,2026-07-08T12:00:00+0200,5452.274755,MW,BE,BE,forecast_solar_generation,Solar,2026-08-03T23:14:45Z
2026-08-03T23:14:33Z,2026-08-04T01:14:33+0200,e09cf432-bb47-440f-9e44-a608f613abae,2026-07-08T11:00:00Z,2026-07-08T13:00:00+0200,5530.902998,MW,BE,BE,forecast_solar_generation,Solar,2026-08-03T23:14:45Z
2026-08-03T23:14:33Z,2026-08-04T01:14:33+0200,e09cf432-bb47-440f-9e44-a608f613abae,2026-07-08T12:00:00Z,2026-07-08T14:00:00+0200,5601.858247,MW,BE,BE,forecast_solar_generation,Solar,2026-08-03T23:14:45Z
2026-08-03T23:14:33Z,2026-08-04T01:14:33+0200,e09cf432-bb47-440f-9e44-a608f613abae,2026-07-08T13:00:00Z,2026-07-08T15:00:00+0200,5498.554998,MW,BE,BE,forecast_solar_generation,Solar,2026-08-03T23:14:45Z
2026-08-03T23:14:33Z,2026-08-04T01:14:33+0200,e09cf432-bb47-440f-9e44-a608f613abae,2026-07-08T14:00:00Z,2026-07-08T16:00:00+0200,5046.117494,MW,BE,BE,forecast_solar_generation,Solar,2026-08-03T23:14:45Z
2026-08-03T23:14:33Z,2026-08-04T01:14:33+0200,e09cf432-bb47-440f-9e44-a608f613abae,2026-07-08T15:00:00Z,2026-07-08T17:00:00+0200,4282.338495,MW,BE,BE,forecast_solar_generation,Solar,2026-08-03T23:14:45Z
2026-08-03T23:14:33Z,2026-08-04T01:14:33+0200,e09cf432-bb47-440f-9e44-a608f613abae,2026-07-08T16:00:00Z,2026-07-08T18:00:00+0200,3083.438244,MW,BE,BE,forecast_solar_generation,Solar,2026-08-03T23:14:45Z
2026-08-03T23:14:33Z,2026-08-04T01:14:33+0200,e09cf432-bb47-440f-9e44-a608f613abae,2026-07-08T17:00:00Z,2026-07-08T19:00:00+0200,1560.784998,MW,BE,BE,forecast_solar_generation,Solar,2026-08-03T23:14:45Z
2026-08-03T23:14:33Z,2026-08-04T01:14:33+0200,e09cf432-bb47-440f-9e44-a608f613abae,2026-07-08T18:00:00Z,2026-07-08T20:00:00+0200,501.98025,MW,BE,BE,forecast_solar_generation,Solar,2026-08-03T23:14:45Z
2026-08-03T23:14:33Z,2026-08-04T01:14:33+0200,e09cf432-bb47-440f-9e44-a608f613abae,2026-07-08T19:00:00Z,2026-07-08T21:00:00+0200,110.840249,MW,BE,BE,forecast_solar_generation,Solar,2026-08-03T23:14:45Z
2026-08-03T23:14:33Z,2026-08-04T01:14:33+0200,e09cf432-bb47-440f-9e44-a608f613abae,2026-07-08T20:00:00Z,2026-07-08T22:00:00+0200,0.0,MW,BE,BE,forecast_solar_generation,Solar,2026-08-03T23:14:45Z
2026-08-03T23:14:33Z,2026-08-04T01:14:33+0200,e09cf432-bb47-440f-9e44-a608f613abae,2026-07-08T21:00:00Z,2026-07-08T23:00:00+0200,0.0,MW,BE,BE,forecast_solar_generation,Solar,2026-08-03T23:14:45Z
2026-08-03T23:14:33Z,2026-08-04T01:14:33+0200,e09cf432-bb47-440f-9e44-a608f613abae,2026-07-08T22:00:00Z,2026-07-09T00:00:00+0200,0.0,MW,BE,BE,forecast_solar_generation,Solar,2026-08-03T23:14:45Z
2026-08-03T23:14:33Z,2026-08-04T01:14:33+0200,e09cf432-bb47-440f-9e44-a608f613abae,2026-07-08T23:00:00Z,2026-07-09T01:00:00+0200,0.0,MW,BE,BE,forecast_solar_generation,Solar,2026-08-03T23:14:45Z
2026-08-03T23:14:33Z,2026-08-04T01:14:33+0200,e09cf432-bb47-440f-9e44-a608f613abae,2026-07-09T00:00:00Z,2026-07-09T02:00:00+0200,0.0,MW,BE,BE,forecast_solar_generation,Solar,2026-08-03T23:14:45Z
2026-08-03T23:14:33Z,2026-08-04T01:14:33+0200,e09cf432-bb47-440f-9e44-a608f613abae,2026-07-09T01:00:00Z,2026-07-09T03:00:00+0200,0.0,MW,BE,BE,forecast_solar_generation,Solar,2026-08-03T23:14:45Z
2026-08-03T23:14:33Z,2026-08-04T01:14:33+0200,e09cf432-bb47-440f-9e44-a608f613abae,2026-07-09T02:00:00Z,2026-07-09T04:00:00+0200,0.0,MW,BE,BE,forecast_solar_generation,Solar,2026-08-03T23:14:45Z
2026-08-03T23:14:33Z,2026-08-04T01:14:33+0200,e09cf432-bb47-440f-9e44-a608f613abae,2026-07-09T03:00:00Z,2026-07-09T05:00:00+0200,10.9945,MW,BE,BE,forecast_solar_generation,Solar,2026-08-03T23:14:45Z
2026-08-03T23:14:33Z,2026-08-04T01:14:33+0200,e09cf432-bb47-440f-9e44-a608f613abae,2026-07-09T04:00:00Z,2026-07-09T06:00:00+0200,249.146749,MW,BE,BE,forecast_solar_generation,Solar,2026-08-03T23:14:45Z
2026-08-03T23:14:33Z,2026-08-04T01:14:33+0200,e09cf432-bb47-440f-9e44-a608f613abae,2026-07-09T05:00:00Z,2026-07-09T07:00:00+0200,792.894748,MW,BE,BE,forecast_solar_generation,Solar,2026-08-03T23:14:45Z
2026-08-03T23:14:33Z,2026-08-04T01:14:33+0200,e09cf432-bb47-440f-9e44-a608f613abae,2026-07-09T06:00:00Z,2026-07-09T08:00:00+0200,2165.4005,MW,BE,BE,forecast_solar_generation,Solar,2026-08-03T23:14:45Z
2026-08-03T23:14:33Z,2026-08-04T01:14:33+0200,e09cf432-bb47-440f-9e44-a608f613abae,2026-07-09T07:00:00Z,2026-07-09T09:00:00+0200,3932.232502,MW,BE,BE,forecast_solar_generation,Solar,2026-08-03T23:14:45Z
2026-08-03T23:14:33Z,2026-08-04T01:14:33+0200,e09cf432-bb47-440f-9e44-a608f613abae,2026-07-09T08:00:00Z,2026-07-09T10:00:00+0200,5507.237013,MW,BE,BE,forecast_solar_generation,Solar,2026-08-03T23:14:45Z
2026-08-03T23:14:33Z,2026-08-04T01:14:33+0200,e09cf432-bb47-440f-9e44-a608f613abae,2026-07-09T09:00:00Z,2026-07-09T11:00:00+0200,6748.987252,MW,BE,BE,forecast_solar_generation,Solar,2026-08-03T23:14:45Z
2026-08-03T23:14:33Z,2026-08-04T01:14:33+0200,e09cf432-bb47-440f-9e44-a608f613abae,2026-07-09T10:00:00Z,2026-07-09T12:00:00+0200,7589.137009,MW,BE,BE,forecast_solar_generation,Solar,2026-08-03T23:14:45Z
2026-08-03T23:14:33Z,2026-08-04T01:14:33+0200,e09cf432-bb47-440f-9e44-a608f613abae,2026-07-09T11:00:00Z,2026-07-09T13:00:00+0200,7959.550254,MW,BE,BE,forecast_solar_generation,Solar,2026-08-03T23:14:45Z
2026-08-03T23:14:33Z,2026-08-04T01:14:33+0200,e09cf432-bb47-440f-9e44-a608f613abae,2026-07-09T12:00:00Z,2026-07-09T14:00:00+0200,7905.012997,MW,BE,BE,forecast_solar_generation,Solar,2026-08-03T23:14:45Z
2026-08-03T23:14:33Z,2026-08-04T01:14:33+0200,e09cf432-bb47-440f-9e44-a608f613abae,2026-07-09T13:00:00Z,2026-07-09T15:00:00+0200,7385.29375,MW,BE,BE,forecast_solar_generation,Solar,2026-08-03T23:14:45Z
2026-08-03T23:14:33Z,2026-08-04T01:14:33+0200,e09cf432-bb47-440f-9e44-a608f613abae,2026-07-09T14:00:00Z,2026-07-09T16:00:00+0200,6383.041254,MW,BE,BE,forecast_solar_generation,Solar,2026-08-03T23:14:45Z
2026-08-03T23:14:33Z,2026-08-04T01:14:33+0200,e09cf432-bb47-440f-9e44-a608f613abae,2026-07-09T15:00:00Z,2026-07-09T17:00:00+0200,5040.832244,MW,BE,BE,forecast_solar_generation,Solar,2026-08-03T23:14:45Z
2026-08-03T23:14:33Z,2026-08-04T01:14:33+0200,e09cf432-bb47-440f-9e44-a608f613abae,2026-07-09T16:00:00Z,2026-07-09T18:00:00+0200,3365.904999,MW,BE,BE,forecast_solar_generation,Solar,2026-08-03T23:14:45Z
2026-08-03T23:14:33Z,2026-08-04T01:14:33+0200,e09cf432-bb47-440f-9e44-a608f613abae,2026-07-09T17:00:00Z,2026-07-09T19:00:00+0200,1554.591001,MW,BE,BE,forecast_solar_generation,Solar,2026-08-03T23:14:45Z
2026-08-03T23:14:33Z,2026-08-04T01:14:33+0200,e09cf432-bb47-440f-9e44-a608f613abae,2026-07-09T18:00:00Z,2026-07-09T20:00:00+0200,463.35775,MW,BE,BE,forecast_solar_generation,Solar,2026-08-03T23:14:45Z
2026-08-03T23:14:33Z,2026-08-04T01:14:33+0200,e09cf432-bb47-440f-9e44-a608f613abae,2026-07-09T19:00:00Z,2026-07-09T21:00:00+0200,107.967999,MW,BE,BE,forecast_solar_generation,Solar,2026-08-03T23:14:45Z
2026-08-03T23:14:33Z,2026-08-04T01:14:33+0200,e09cf432-bb47-440f-9e44-a608f613abae,2026-07-09T20:00:00Z,2026-07-09T22:00:00+0200,0.0,MW,BE,BE,forecast_solar_generation,Solar,2026-08-03T23:14:45Z
2026-08-03T23:14:33Z,2026-08-04T01:14:33+0200,e09cf432-bb47-440f-9e44-a608f613abae,2026-07-09T21:00:00Z,2026-07-09T23:00:00+0200,0.0,MW,BE,BE,forecast_solar_generation,Solar,2026-08-03T23:14:45Z
2026-08-03T23:14:33Z,2026-08-04T01:14:33+0200,e09cf432-bb47-440f-9e44-a608f613abae,2026-07-09T22:00:00Z,2026-07-10T00:00:00+0200,0.0,MW,BE,BE,forecast_solar_generation,Solar,2026-08-03T23:14:45Z
2026-08-03T23:14:33Z,2026-08-04T01:14:33+0200,e09cf432-bb47-440f-9e44-a608f613abae,2026-07-09T23:00:00Z,2026-07-10T01:00:00+0200,0.0,MW,BE,BE,forecast_solar_generation,Solar,2026-08-03T23:14:45Z
2026-08-03T23:14:33Z,2026-08-04T01:14:33+0200,e09cf432-bb47-440f-9e44-a608f613abae,2026-07-10T00:00:00Z,2026-07-10T02:00:00+0200,0.0,MW,BE,BE,forecast_solar_generation,Solar,2026-08-03T23:14:45Z
2026-08-03T23:14:33Z,2026-08-04T01:14:33+0200,e09cf432-bb47-440f-9e44-a608f613abae,2026-07-10T01:00:00Z,2026-07-10T03:00:00+0200,0.0,MW,BE,BE,forecast_solar_generation,Solar,2026-08-03T23:14:45Z
2026-08-03T23:14:33Z,2026-08-04T01:14:33+0200,e09cf432-bb47-440f-9e44-a608f613abae,2026-07-10T02:00:00Z,2026-07-10T04:00:00+0200,0.0,MW,BE,BE,forecast_solar_generation,Solar,2026-08-03T23:14:45Z
2026-08-03T23:14:33Z,2026-08-04T01:14:33+0200,e09cf432-bb47-440f-9e44-a608f613abae,2026-07-10T03:00:00Z,2026-07-10T05:00:00+0200,9.40625,MW,BE,BE,forecast_solar_generation,Solar,2026-08-03T23:14:45Z
2026-08-03T23:14:33Z,2026-08-04T01:14:33+0200,e09cf432-bb47-440f-9e44-a608f613abae,2026-07-10T04:00:00Z,2026-07-10T06:00:00+0200,269.16925,MW,BE,BE,forecast_solar_generation,Solar,2026-08-03T23:14:45Z
2026-08-03T23:14:33Z,2026-08-04T01:14:33+0200,e09cf432-bb47-440f-9e44-a608f613abae,2026-07-10T05:00:00Z,2026-07-10T07:00:00+0200,872.59425,MW,BE,BE,forecast_solar_generation,Solar,2026-08-03T23:14:45Z
2026-08-03T23:14:33Z,2026-08-04T01:14:33+0200,e09cf432-bb47-440f-9e44-a608f613abae,2026-07-10T06:00:00Z,2026-07-10T08:00:00+0200,2106.031749,MW,BE,BE,forecast_solar_generation,Solar,2026-08-03T23:14:45Z
2026-08-03T23:14:33Z,2026-08-04T01:14:33+0200,e09cf432-bb47-440f-9e44-a608f613abae,2026-07-10T07:00:00Z,2026-07-10T09:00:00+0200,3721.969,MW,BE,BE,forecast_solar_generation,Solar,2026-08-03T23:14:45Z
2026-08-03T23:14:33Z,2026-08-04T01:14:33+0200,e09cf432-bb47-440f-9e44-a608f613abae,2026-07-10T08:00:00Z,2026-07-10T10:00:00+0200,5253.843004,MW,BE,BE,forecast_solar_generation,Solar,2026-08-03T23:14:45Z
2026-08-03T23:14:33Z,2026-08-04T01:14:33+0200,e09cf432-bb47-440f-9e44-a608f613abae,2026-07-10T09:00:00Z,2026-07-10T11:00:00+0200,6437.6905,MW,BE,BE,forecast_solar_generation,Solar,2026-08-03T23:14:45Z
2026-08-03T23:14:33Z,2026-08-04T01:14:33+0200,e09cf432-bb47-440f-9e44-a608f613abae,2026-07-10T10:00:00Z,2026-07-10T12:00:00+0200,7161.867503,MW,BE,BE,forecast_solar_generation,Solar,2026-08-03T23:14:45Z
2026-08-03T23:14:33Z,2026-08-04T01:14:33+0200,e09cf432-bb47-440f-9e44-a608f613abae,2026-07-10T11:00:00Z,2026-07-10T13:00:00+0200,7432.09826,MW,BE,BE,forecast_solar_generation,Solar,2026-08-03T23:14:45Z
2026-08-03T23:14:33Z,2026-08-04T01:14:33+0200,e09cf432-bb47-440f-9e44-a608f613abae,2026-07-10T12:00:00Z,2026-07-10T14:00:00+0200,7330.74626,MW,BE,BE,forecast_solar_generation,Solar,2026-08-03T23:14:45Z
2026-08-03T23:14:33Z,2026-08-04T01:14:33+0200,e09cf432-bb47-440f-9e44-a608f613abae,2026-07-10T13:00:00Z,2026-07-10T15:00:00+0200,6804.708492,MW,BE,BE,forecast_solar_generation,Solar,2026-08-03T23:14:45Z
2026-08-03T23:14:33Z,2026-08-04T01:14:33+0200,e09cf432-bb47-440f-9e44-a608f613abae,2026-07-10T14:00:00Z,2026-07-10T16:00:00+0200,5798.753509,MW,BE,BE,forecast_solar_generation,Solar,2026-08-03T23:14:45Z
2026-08-03T23:14:33Z,2026-08-04T01:14:33+0200,e09cf432-bb47-440f-9e44-a608f613abae,2026-07-10T15:00:00Z,2026-07-10T17:00:00+0200,4527.236006,MW,BE,BE,forecast_solar_generation,Solar,2026-08-03T23:14:45Z
2026-08-03T23:14:33Z,2026-08-04T01:14:33+0200,e09cf432-bb47-440f-9e44-a608f613abae,2026-07-10T16:00:00Z,2026-07-10T18:00:00+0200,3044.507252,MW,BE,BE,forecast_solar_generation,Solar,2026-08-03T23:14:45Z
2026-08-03T23:14:33Z,2026-08-04T01:14:33+0200,e09cf432-bb47-440f-9e44-a608f613abae,2026-07-10T17:00:00Z,2026-07-10T19:00:00+0200,1531.503248,MW,BE,BE,forecast_solar_generation,Solar,2026-08-03T23:14:45Z
2026-08-03T23:14:33Z,2026-08-04T01:14:33+0200,e09cf432-bb47-440f-9e44-a608f613abae,2026-07-10T18:00:00Z,2026-07-10T20:00:00+0200,556.177499,MW,BE,BE,forecast_solar_generation,Solar,2026-08-03T23:14:45Z
2026-08-03T23:14:33Z,2026-08-04T01:14:33+0200,e09cf432-bb47-440f-9e44-a608f613abae,2026-07-10T19:00:00Z,2026-07-10T21:00:00+0200,108.540249,MW,BE,BE,forecast_solar_generation,Solar,2026-08-03T23:14:45Z
2026-08-03T23:14:33Z,2026-08-04T01:14:33+0200,e09cf432-bb47-440f-9e44-a608f613abae,2026-07-10T20:00:00Z,2026-07-10T22:00:00+0200,0.0,MW,BE,BE,forecast_solar_generation,Solar,2026-08-03T23:14:45Z
2026-08-03T23:14:33Z,2026-08-04T01:14:33+0200,e09cf432-bb47-440f-9e44-a608f613abae,2026-07-10T21:00:00Z,2026-07-10T23:00:00+0200,0.0,MW,BE,BE,forecast_solar_generation,Solar,2026-08-03T23:14:45Z
2026-08-03T23:14:33Z,2026-08-04T01:14:33+0200,e09cf432-bb47-440f-9e44-a608f613abae,2026-07-10T22:00:00Z,2026-07-11T00:00:00+0200,0.0,MW,BE,BE,forecast_solar_generation,Solar,2026-08-03T23:14:45Z
2026-08-03T23:14:33Z,2026-08-04T01:14:33+0200,e09cf432-bb47-440f-9e44-a608f613abae,2026-07-10T23:00:00Z,2026-07-11T01:00:00+0200,0.0,MW,BE,BE,forecast_solar_generation,Solar,2026-08-03T23:14:45Z
2026-08-03T23:14:33Z,2026-08-04T01:14:33+0200,e09cf432-bb47-440f-9e44-a608f613abae,2026-07-11T00:00:00Z,2026-07-11T02:00:00+0200,0.0,MW,BE,BE,forecast_solar_generation,Solar,2026-08-03T23:14:45Z
2026-08-03T23:14:33Z,2026-08-04T01:14:33+0200,e09cf432-bb47-440f-9e44-a608f613abae,2026-07-11T01:00:00Z,2026-07-11T03:00:00+0200,0.0,MW,BE,BE,forecast_solar_generation,Solar,2026-08-03T23:14:45Z
2026-08-03T23:14:33Z,2026-08-04T01:14:33+0200,e09cf432-bb47-440f-9e44-a608f613abae,2026-07-11T02:00:00Z,2026-07-11T04:00:00+0200,0.0,MW,BE,BE,forecast_solar_generation,Solar,2026-08-03T23:14:45Z
2026-08-03T23:14:33Z,2026-08-04T01:14:33+0200,e09cf432-bb47-440f-9e44-a608f613abae,2026-07-11T03:00:00Z,2026-07-11T05:00:00+0200,8.95925,MW,BE,BE,forecast_solar_generation,Solar,2026-08-03T23:14:45Z
2026-08-03T23:14:33Z,2026-08-04T01:14:33+0200,e09cf432-bb47-440f-9e44-a608f613abae,2026-07-11T04:00:00Z,2026-07-11T06:00:00+0200,231.75525,MW,BE,BE,forecast_solar_generation,Solar,2026-08-03T23:14:45Z
2026-08-03T23:14:33Z,2026-08-04T01:14:33+0200,e09cf432-bb47-440f-9e44-a608f613abae,2026-07-11T05:00:00Z,2026-07-11T07:00:00+0200,760.736252,MW,BE,BE,forecast_solar_generation,Solar,2026-08-03T23:14:45Z
2026-08-03T23:14:33Z,2026-08-04T01:14:33+0200,e09cf432-bb47-440f-9e44-a608f613abae,2026-07-11T06:00:00Z,2026-07-11T08:00:00+0200,2176.862751,MW,BE,BE,forecast_solar_generation,Solar,2026-08-03T23:14:45Z
2026-08-03T23:14:33Z,2026-08-04T01:14:33+0200,e09cf432-bb47-440f-9e44-a608f613abae,2026-07-11T07:00:00Z,2026-07-11T09:00:00+0200,4038.810244,MW,BE,BE,forecast_solar_generation,Solar,2026-08-03T23:14:45Z
2026-08-03T23:14:33Z,2026-08-04T01:14:33+0200,e09cf432-bb47-440f-9e44-a608f613abae,2026-07-11T08:00:00Z,2026-07-11T10:00:00+0200,5733.725502,MW,BE,BE,forecast_solar_generation,Solar,2026-08-03T23:14:45Z
2026-08-03T23:14:33Z,2026-08-04T01:14:33+0200,e09cf432-bb47-440f-9e44-a608f613abae,2026-07-11T09:00:00Z,2026-07-11T11:00:00+0200,7057.473751,MW,BE,BE,forecast_solar_generation,Solar,2026-08-03T23:14:45Z
2026-08-03T23:14:33Z,2026-08-04T01:14:33+0200,e09cf432-bb47-440f-9e44-a608f613abae,2026-07-11T10:00:00Z,2026-07-11T12:00:00+0200,7867.289244,MW,BE,BE,forecast_solar_generation,Solar,2026-08-03T23:14:45Z
2026-08-03T23:14:33Z,2026-08-04T01:14:33+0200,e09cf432-bb47-440f-9e44-a608f613abae,2026-07-11T11:00:00Z,2026-07-11T13:00:00+0200,8213.210248,MW,BE,BE,forecast_solar_generation,Solar,2026-08-03T23:14:45Z
2026-08-03T23:14:33Z,2026-08-04T01:14:33+0200,e09cf432-bb47-440f-9e44-a608f613abae,2026-07-11T12:00:00Z,2026-07-11T14:00:00+0200,8132.421748,MW,BE,BE,forecast_solar_generation,Solar,2026-08-03T23:14:45Z
2026-08-03T23:14:33Z,2026-08-04T01:14:33+0200,e09cf432-bb47-440f-9e44-a608f613abae,2026-07-11T13:00:00Z,2026-07-11T15:00:00+0200,7591.526989,MW,BE,BE,forecast_solar_generation,Solar,2026-08-03T23:14:45Z
2026-08-03T23:14:33Z,2026-08-04T01:14:33+0200,e09cf432-bb47-440f-9e44-a608f613abae,2026-07-11T14:00:00Z,2026-07-11T16:00:00+0200,6573.984006,MW,BE,BE,forecast_solar_generation,Solar,2026-08-03T23:14:45Z
2026-08-03T23:14:33Z,2026-08-04T01:14:33+0200,e09cf432-bb47-440f-9e44-a608f613abae,2026-07-11T15:00:00Z,2026-07-11T17:00:00+0200,5195.708002,MW,BE,BE,forecast_solar_generation,Solar,2026-08-03T23:14:45Z
2026-08-03T23:14:33Z,2026-08-04T01:14:33+0200,e09cf432-bb47-440f-9e44-a608f613abae,2026-07-11T16:00:00Z,2026-07-11T18:00:00+0200,3466.918501,MW,BE,BE,forecast_solar_generation,Solar,2026-08-03T23:14:45Z
2026-08-03T23:14:33Z,2026-08-04T01:14:33+0200,e09cf432-bb47-440f-9e44-a608f613abae,2026-07-11T17:00:00Z,2026-07-11T19:00:00+0200,1557.096745,MW,BE,BE,forecast_solar_generation,Solar,2026-08-03T23:14:45Z
2026-08-03T23:14:33Z,2026-08-04T01:14:33+0200,e09cf432-bb47-440f-9e44-a608f613abae,2026-07-11T18:00:00Z,2026-07-11T20:00:00+0200,423.9945,MW,BE,BE,forecast_solar_generation,Solar,2026-08-03T23:14:45Z
2026-08-03T23:14:33Z,2026-08-04T01:14:33+0200,e09cf432-bb47-440f-9e44-a608f613abae,2026-07-11T19:00:00Z,2026-07-11T21:00:00+0200,100.16875,MW,BE,BE,forecast_solar_generation,Solar,2026-08-03T23:14:45Z
2026-08-03T23:14:33Z,2026-08-04T01:14:33+0200,e09cf432-bb47-440f-9e44-a608f613abae,2026-07-11T20:00:00Z,2026-07-11T22:00:00+0200,0.0,MW,BE,BE,forecast_solar_generation,Solar,2026-08-03T23:14:45Z
2026-08-03T23:14:33Z,2026-08-04T01:14:33+0200,e09cf432-bb47-440f-9e44-a608f613abae,2026-07-11T21:00:00Z,2026-07-11T23:00:00+0200,0.0,MW,BE,BE,forecast_solar_generation,Solar,2026-08-03T23:14:45Z
2026-08-03T23:14:33Z,2026-08-04T01:14:33+0200,e09cf432-bb47-440f-9e44-a608f613abae,2026-07-11T22:00:00Z,2026-07-12T00:00:00+0200,0.0,MW,BE,BE,forecast_solar_generation,Solar,2026-08-03T23:14:45Z
2026-08-03T23:14:33Z,2026-08-04T01:14:33+0200,e09cf432-bb47-440f-9e44-a608f613abae,2026-07-11T23:00:00Z,2026-07-12T01:00:00+0200,0.0,MW,BE,BE,forecast_solar_generation,Solar,2026-08-03T23:14:45Z
2026-08-03T23:14:33Z,2026-08-04T01:14:33+0200,e09cf432-bb47-440f-9e44-a608f613abae,2026-07-12T00:00:00Z,2026-07-12T02:00:00+0200,0.0,MW,BE,BE,forecast_solar_generation,Solar,2026-08-03T23:14:45Z
2026-08-03T23:14:33Z,2026-08-04T01:14:33+0200,e09cf432-bb47-440f-9e44-a608f613abae,2026-07-12T01:00:00Z,2026-07-12T03:00:00+0200,0.0,MW,BE,BE,forecast_solar_generation,Solar,2026-08-03T23:14:45Z
2026-08-03T23:14:33Z,2026-08-04T01:14:33+0200,e09cf432-bb47-440f-9e44-a608f613abae,2026-07-12T02:00:00Z,2026-07-12T04:00:00+0200,0.0,MW,BE,BE,forecast_solar_generation,Solar,2026-08-03T23:14:45Z
2026-08-03T23:14:33Z,2026-08-04T01:14:33+0200,e09cf432-bb47-440f-9e44-a608f613abae,2026-07-12T03:00:00Z,2026-07-12T05:00:00+0200,8.0555,MW,BE,BE,forecast_solar_generation,Solar,2026-08-03T23:14:45Z
2026-08-03T23:14:33Z,2026-08-04T01:14:33+0200,e09cf432-bb47-440f-9e44-a608f613abae,2026-07-12T04:00:00Z,2026-07-12T06:00:00+0200,223.78675,MW,BE,BE,forecast_solar_generation,Solar,2026-08-03T23:14:45Z
2026-08-03T23:14:33Z,2026-08-04T01:14:33+0200,e09cf432-bb47-440f-9e44-a608f613abae,2026-07-12T05:00:00Z,2026-07-12T07:00:00+0200,742.66075,MW,BE,BE,forecast_solar_generation,Solar,2026-08-03T23:14:45Z
2026-08-03T23:14:33Z,2026-08-04T01:14:33+0200,e09cf432-bb47-440f-9e44-a608f613abae,2026-07-12T06:00:00Z,2026-07-12T08:00:00+0200,2164.933248,MW,BE,BE,forecast_solar_generation,Solar,2026-08-03T23:14:45Z
2026-08-03T23:14:33Z,2026-08-04T01:14:33+0200,e09cf432-bb47-440f-9e44-a608f613abae,2026-07-12T07:00:00Z,2026-07-12T09:00:00+0200,4013.003747,MW,BE,BE,forecast_solar_generation,Solar,2026-08-03T23:14:45Z
2026-08-03T23:14:33Z,2026-08-04T01:14:33+0200,e09cf432-bb47-440f-9e44-a608f613abae,2026-07-12T08:00:00Z,2026-07-12T10:00:00+0200,5695.712256,MW,BE,BE,forecast_solar_generation,Solar,2026-08-03T23:14:45Z
2026-08-03T23:14:33Z,2026-08-04T01:14:33+0200,e09cf432-bb47-440f-9e44-a608f613abae,2026-07-12T09:00:00Z,2026-07-12T11:00:00+0200,7013.704757,MW,BE,BE,forecast_solar_generation,Solar,2026-08-03T23:14:45Z
2026-08-03T23:14:33Z,2026-08-04T01:14:33+0200,e09cf432-bb47-440f-9e44-a608f613abae,2026-07-12T10:00:00Z,2026-07-12T12:00:00+0200,7831.234248,MW,BE,BE,forecast_solar_generation,Solar,2026-08-03T23:14:45Z
2026-08-03T23:14:33Z,2026-08-04T01:14:33+0200,e09cf432-bb47-440f-9e44-a608f613abae,2026-07-12T11:00:00Z,2026-07-12T13:00:00+0200,8170.108749,MW,BE,BE,forecast_solar_generation,Solar,2026-08-03T23:14:45Z
2026-08-03T23:14:33Z,2026-08-04T01:14:33+0200,e09cf432-bb47-440f-9e44-a608f613abae,2026-07-12T12:00:00Z,2026-07-12T14:00:00+0200,8060.029499,MW,BE,BE,forecast_solar_generation,Solar,2026-08-03T23:14:45Z
2026-08-03T23:14:33Z,2026-08-04T01:14:33+0200,e09cf432-bb47-440f-9e44-a608f613abae,2026-07-12T13:00:00Z,2026-07-12T15:00:00+0200,7485.892996,MW,BE,BE,forecast_solar_generation,Solar,2026-08-03T23:14:45Z
2026-08-03T23:14:33Z,2026-08-04T01:14:33+0200,e09cf432-bb47-440f-9e44-a608f613abae,2026-07-12T14:00:00Z,2026-07-12T16:00:00+0200,6442.115251,MW,BE,BE,forecast_solar_generation,Solar,2026-08-03T23:14:45Z
2026-08-03T23:14:33Z,2026-08-04T01:14:33+0200,e09cf432-bb47-440f-9e44-a608f613abae,2026-07-12T15:00:00Z,2026-07-12T17:00:00+0200,5072.305496,MW,BE,BE,forecast_solar_generation,Solar,2026-08-03T23:14:45Z
2026-08-03T23:14:33Z,2026-08-04T01:14:33+0200,e09cf432-bb47-440f-9e44-a608f613abae,2026-07-12T16:00:00Z,2026-07-12T18:00:00+0200,3381.417744,MW,BE,BE,forecast_solar_generation,Solar,2026-08-03T23:14:45Z
2026-08-03T23:14:33Z,2026-08-04T01:14:33+0200,e09cf432-bb47-440f-9e44-a608f613abae,2026-07-12T17:00:00Z,2026-07-12T19:00:00+0200,1543.861251,MW,BE,BE,forecast_solar_generation,Solar,2026-08-03T23:14:45Z
2026-08-03T23:14:33Z,2026-08-04T01:14:33+0200,e09cf432-bb47-440f-9e44-a608f613abae,2026-07-12T18:00:00Z,2026-07-12T20:00:00+0200,440.0465,MW,BE,BE,forecast_solar_generation,Solar,2026-08-03T23:14:45Z
2026-08-03T23:14:33Z,2026-08-04T01:14:33+0200,e09cf432-bb47-440f-9e44-a608f613abae,2026-07-12T19:00:00Z,2026-07-12T21:00:00+0200,98.5685,MW,BE,BE,forecast_solar_generation,Solar,2026-08-03T23:14:45Z
2026-08-03T23:14:33Z,2026-08-04T01:14:33+0200,e09cf432-bb47-440f-9e44-a608f613abae,2026-07-12T20:00:00Z,2026-07-12T22:00:00+0200,0.0,MW,BE,BE,forecast_solar_generation,Solar,2026-08-03T23:14:45Z
2026-08-03T23:14:33Z,2026-08-04T01:14:33+0200,e09cf432-bb47-440f-9e44-a608f613abae,2026-07-12T21:00:00Z,2026-07-12T23:00:00+0200,0.0,MW,BE,BE,forecast_solar_generation,Solar,2026-08-03T23:14:45Z
2026-08-03T23:14:33Z,2026-08-04T01:14:33+0200,e09cf432-bb47-440f-9e44-a608f613abae,2026-07-12T22:00:00Z,2026-07-13T00:00:00+0200,0.0,MW,BE,BE,forecast_solar_generation,Solar,2026-08-03T23:14:45Z
2026-08-03T23:14:33Z,2026-08-04T01:14:33+0200,e09cf432-bb47-440f-9e44-a608f613abae,2026-07-12T23:00:00Z,2026-07-13T01:00:00+0200,0.0,MW,BE,BE,forecast_solar_generation,Solar,2026-08-03T23:14:45Z
2026-08-03T23:14:33Z,2026-08-04T01:14:33+0200,e09cf432-bb47-440f-9e44-a608f613abae,2026-07-13T00:00:00Z,2026-07-13T02:00:00+0200,0.0,MW,BE,BE,forecast_solar_generation,Solar,2026-08-03T23:14:45Z
2026-08-03T23:14:33Z,2026-08-04T01:14:33+0200,e09cf432-bb47-440f-9e44-a608f613abae,2026-07-13T01:00:00Z,2026-07-13T03:00:00+0200,0.0,MW,BE,BE,forecast_solar_generation,Solar,2026-08-03T23:14:45Z
2026-08-03T23:14:33Z,2026-08-04T01:14:33+0200,e09cf432-bb47-440f-9e44-a608f613abae,2026-07-13T02:00:00Z,2026-07-13T04:00:00+0200,0.0,MW,BE,BE,forecast_solar_generation,Solar,2026-08-03T23:14:45Z
2026-08-03T23:14:33Z,2026-08-04T01:14:33+0200,e09cf432-bb47-440f-9e44-a608f613abae,2026-07-13T03:00:00Z,2026-07-13T05:00:00+0200,6.86125,MW,BE,BE,forecast_solar_generation,Solar,2026-08-03T23:14:45Z
2026-08-03T23:14:33Z,2026-08-04T01:14:33+0200,e09cf432-bb47-440f-9e44-a608f613abae,2026-07-13T04:00:00Z,2026-07-13T06:00:00+0200,239.569,MW,BE,BE,forecast_solar_generation,Solar,2026-08-03T23:14:45Z
2026-08-03T23:14:33Z,2026-08-04T01:14:33+0200,e09cf432-bb47-440f-9e44-a608f613abae,2026-07-13T05:00:00Z,2026-07-13T07:00:00+0200,806.89675,MW,BE,BE,forecast_solar_generation,Solar,2026-08-03T23:14:45Z
2026-08-03T23:14:33Z,2026-08-04T01:14:33+0200,e09cf432-bb47-440f-9e44-a608f613abae,2026-07-13T06:00:00Z,2026-07-13T08:00:00+0200,2099.248505,MW,BE,BE,forecast_solar_generation,Solar,2026-08-03T23:14:45Z
2026-08-03T23:14:33Z,2026-08-04T01:14:33+0200,e09cf432-bb47-440f-9e44-a608f613abae,2026-07-13T07:00:00Z,2026-07-13T09:00:00+0200,3787.327003,MW,BE,BE,forecast_solar_generation,Solar,2026-08-03T23:14:45Z
2026-08-03T23:14:33Z,2026-08-04T01:14:33+0200,e09cf432-bb47-440f-9e44-a608f613abae,2026-07-13T08:00:00Z,2026-07-13T10:00:00+0200,5392.955501,MW,BE,BE,forecast_solar_generation,Solar,2026-08-03T23:14:45Z
2026-08-03T23:14:33Z,2026-08-04T01:14:33+0200,e09cf432-bb47-440f-9e44-a608f613abae,2026-07-13T09:00:00Z,2026-07-13T11:00:00+0200,6632.204754,MW,BE,BE,forecast_solar_generation,Solar,2026-08-03T23:14:45Z
2026-08-03T23:14:33Z,2026-08-04T01:14:33+0200,e09cf432-bb47-440f-9e44-a608f613abae,2026-07-13T10:00:00Z,2026-07-13T12:00:00+0200,7384.499995,MW,BE,BE,forecast_solar_generation,Solar,2026-08-03T23:14:45Z
2026-08-03T23:14:33Z,2026-08-04T01:14:33+0200,e09cf432-bb47-440f-9e44-a608f613abae,2026-07-13T11:00:00Z,2026-07-13T13:00:00+0200,7564.228495,MW,BE,BE,forecast_solar_generation,Solar,2026-08-03T23:14:45Z
2026-08-03T23:14:33Z,2026-08-04T01:14:33+0200,e09cf432-bb47-440f-9e44-a608f613abae,2026-07-13T12:00:00Z,2026-07-13T14:00:00+0200,7262.436504,MW,BE,BE,forecast_solar_generation,Solar,2026-08-03T23:14:45Z
2026-08-03T23:14:33Z,2026-08-04T01:14:33+0200,e09cf432-bb47-440f-9e44-a608f613abae,2026-07-13T13:00:00Z,2026-07-13T15:00:00+0200,6521.787248,MW,BE,BE,forecast_solar_generation,Solar,2026-08-03T23:14:45Z
2026-08-03T23:14:33Z,2026-08-04T01:14:33+0200,e09cf432-bb47-440f-9e44-a608f613abae,2026-07-13T14:00:00Z,2026-07-13T16:00:00+0200,5382.430253,MW,BE,BE,forecast_solar_generation,Solar,2026-08-03T23:14:45Z
2026-08-03T23:14:33Z,2026-08-04T01:14:33+0200,e09cf432-bb47-440f-9e44-a608f613abae,2026-07-13T15:00:00Z,2026-07-13T17:00:00+0200,4055.983002,MW,BE,BE,forecast_solar_generation,Solar,2026-08-03T23:14:45Z
2026-08-03T23:14:33Z,2026-08-04T01:14:33+0200,e09cf432-bb47-440f-9e44-a608f613abae,2026-07-13T16:00:00Z,2026-07-13T18:00:00+0200,2683.3285,MW,BE,BE,forecast_solar_generation,Solar,2026-08-03T23:14:45Z
2026-08-03T23:14:33Z,2026-08-04T01:14:33+0200,e09cf432-bb47-440f-9e44-a608f613abae,2026-07-13T17:00:00Z,2026-07-13T19:00:00+0200,1458.440253,MW,BE,BE,forecast_solar_generation,Solar,2026-08-03T23:14:45Z
2026-08-03T23:14:33Z,2026-08-04T01:14:33+0200,e09cf432-bb47-440f-9e44-a608f613abae,2026-07-13T18:00:00Z,2026-07-13T20:00:00+0200,593.222249,MW,BE,BE,forecast_solar_generation,Solar,2026-08-03T23:14:45Z
2026-08-03T23:14:33Z,2026-08-04T01:14:33+0200,e09cf432-bb47-440f-9e44-a608f613abae,2026-07-13T19:00:00Z,2026-07-13T21:00:00+0200,94.16675,MW,BE,BE,forecast_solar_generation,Solar,2026-08-03T23:14:45Z
2026-08-03T23:14:33Z,2026-08-04T01:14:33+0200,e09cf432-bb47-440f-9e44-a608f613abae,2026-07-13T20:00:00Z,2026-07-13T22:00:00+0200,0.0,MW,BE,BE,forecast_solar_generation,Solar,2026-08-03T23:14:45Z
2026-08-03T23:14:33Z,2026-08-04T01:14:33+0200,e09cf432-bb47-440f-9e44-a608f613abae,2026-07-13T21:00:00Z,2026-07-13T23:00:00+0200,0.0,MW,BE,BE,forecast_solar_generation,Solar,2026-08-03T23:14:45Z
2026-08-03T23:14:33Z,2026-08-04T01:14:33+0200,e09cf432-bb47-440f-9e44-a608f613abae,2026-07-13T22:00:00Z,2026-07-14T00:00:00+0200,0.0,MW,BE,BE,forecast_solar_generation,Solar,2026-08-03T23:14:45Z
2026-08-03T23:14:33Z,2026-08-04T01:14:33+0200,e09cf432-bb47-440f-9e44-a608f613abae,2026-07-13T23:00:00Z,2026-07-14T01:00:00+0200,0.0,MW,BE,BE,forecast_solar_generation,Solar,2026-08-03T23:14:45Z
2026-08-03T23:14:33Z,2026-08-04T01:14:33+0200,e09cf432-bb47-440f-9e44-a608f613abae,2026-07-14T00:00:00Z,2026-07-14T02:00:00+0200,0.0,MW,BE,BE,forecast_solar_generation,Solar,2026-08-03T23:14:45Z
2026-08-03T23:14:33Z,2026-08-04T01:14:33+0200,e09cf432-bb47-440f-9e44-a608f613abae,2026-07-14T01:00:00Z,2026-07-14T03:00:00+0200,0.0,MW,BE,BE,forecast_solar_generation,Solar,2026-08-03T23:14:45Z
2026-08-03T23:14:33Z,2026-08-04T01:14:33+0200,e09cf432-bb47-440f-9e44-a608f613abae,2026-07-14T02:00:00Z,2026-07-14T04:00:00+0200,0.0,MW,BE,BE,forecast_solar_generation,Solar,2026-08-03T23:14:45Z
2026-08-03T23:14:33Z,2026-08-04T01:14:33+0200,e09cf432-bb47-440f-9e44-a608f613abae,2026-07-14T03:00:00Z,2026-07-14T05:00:00+0200,6.03725,MW,BE,BE,forecast_solar_generation,Solar,2026-08-03T23:14:45Z
2026-08-03T23:14:33Z,2026-08-04T01:14:33+0200,e09cf432-bb47-440f-9e44-a608f613abae,2026-07-14T04:00:00Z,2026-07-14T06:00:00+0200,238.90525,MW,BE,BE,forecast_solar_generation,Solar,2026-08-03T23:14:45Z
2026-08-03T23:14:33Z,2026-08-04T01:14:33+0200,e09cf432-bb47-440f-9e44-a608f613abae,2026-07-14T05:00:00Z,2026-07-14T07:00:00+0200,809.690999,MW,BE,BE,forecast_solar_generation,Solar,2026-08-03T23:14:45Z
2026-08-03T23:14:33Z,2026-08-04T01:14:33+0200,e09cf432-bb47-440f-9e44-a608f613abae,2026-07-14T06:00:00Z,2026-07-14T08:00:00+0200,2071.693254,MW,BE,BE,forecast_solar_generation,Solar,2026-08-03T23:14:45Z
2026-08-03T23:14:33Z,2026-08-04T01:14:33+0200,e09cf432-bb47-440f-9e44-a608f613abae,2026-07-14T07:00:00Z,2026-07-14T09:00:00+0200,3728.154245,MW,BE,BE,forecast_solar_generation,Solar,2026-08-03T23:14:45Z
2026-08-03T23:14:33Z,2026-08-04T01:14:33+0200,e09cf432-bb47-440f-9e44-a608f613abae,2026-07-14T08:00:00Z,2026-07-14T10:00:00+0200,5327.596496,MW,BE,BE,forecast_solar_generation,Solar,2026-08-03T23:14:45Z
2026-08-03T23:14:33Z,2026-08-04T01:14:33+0200,e09cf432-bb47-440f-9e44-a608f613abae,2026-07-14T09:00:00Z,2026-07-14T11:00:00+0200,6574.926502,MW,BE,BE,forecast_solar_generation,Solar,2026-08-03T23:14:45Z
2026-08-03T23:14:33Z,2026-08-04T01:14:33+0200,e09cf432-bb47-440f-9e44-a608f613abae,2026-07-14T10:00:00Z,2026-07-14T12:00:00+0200,7386.377236,MW,BE,BE,forecast_solar_generation,Solar,2026-08-03T23:14:45Z
2026-08-03T23:14:33Z,2026-08-04T01:14:33+0200,e09cf432-bb47-440f-9e44-a608f613abae,2026-07-14T11:00:00Z,2026-07-14T13:00:00+0200,7640.303241,MW,BE,BE,forecast_solar_generation,Solar,2026-08-03T23:14:45Z
2026-08-03T23:14:33Z,2026-08-04T01:14:33+0200,e09cf432-bb47-440f-9e44-a608f613abae,2026-07-14T12:00:00Z,2026-07-14T14:00:00+0200,7384.897012,MW,BE,BE,forecast_solar_generation,Solar,2026-08-03T23:14:45Z
2026-08-03T23:14:33Z,2026-08-04T01:14:33+0200,e09cf432-bb47-440f-9e44-a608f613abae,2026-07-14T13:00:00Z,2026-07-14T15:00:00+0200,6630.426756,MW,BE,BE,forecast_solar_generation,Solar,2026-08-03T23:14:45Z
2026-08-03T23:14:33Z,2026-08-04T01:14:33+0200,e09cf432-bb47-440f-9e44-a608f613abae,2026-07-14T14:00:00Z,2026-07-14T16:00:00+0200,5639.598245,MW,BE,BE,forecast_solar_generation,Solar,2026-08-03T23:14:45Z
2026-08-03T23:14:33Z,2026-08-04T01:14:33+0200,e09cf432-bb47-440f-9e44-a608f613abae,2026-07-14T15:00:00Z,2026-07-14T17:00:00+0200,4525.823996,MW,BE,BE,forecast_solar_generation,Solar,2026-08-03T23:14:45Z
2026-08-03T23:14:33Z,2026-08-04T01:14:33+0200,e09cf432-bb47-440f-9e44-a608f613abae,2026-07-14T16:00:00Z,2026-07-14T18:00:00+0200,3120.21,MW,BE,BE,forecast_solar_generation,Solar,2026-08-03T23:14:45Z
2026-08-03T23:14:33Z,2026-08-04T01:14:33+0200,e09cf432-bb47-440f-9e44-a608f613abae,2026-07-14T17:00:00Z,2026-07-14T19:00:00+0200,1538.610749,MW,BE,BE,forecast_solar_generation,Solar,2026-08-03T23:14:45Z
2026-08-03T23:14:33Z,2026-08-04T01:14:33+0200,e09cf432-bb47-440f-9e44-a608f613abae,2026-07-14T18:00:00Z,2026-07-14T20:00:00+0200,484.018499,MW,BE,BE,forecast_solar_generation,Solar,2026-08-03T23:14:45Z
2026-08-03T23:14:33Z,2026-08-04T01:14:33+0200,e09cf432-bb47-440f-9e44-a608f613abae,2026-07-14T19:00:00Z,2026-07-14T21:00:00+0200,95.5005,MW,BE,BE,forecast_solar_generation,Solar,2026-08-03T23:14:45Z
2026-08-03T23:14:33Z,2026-08-04T01:14:33+0200,e09cf432-bb47-440f-9e44-a608f613abae,2026-07-14T20:00:00Z,2026-07-14T22:00:00+0200,0.0,MW,BE,BE,forecast_solar_generation,Solar,2026-08-03T23:14:45Z
2026-08-03T23:14:33Z,2026-08-04T01:14:33+0200,e09cf432-bb47-440f-9e44-a608f613abae,2026-07-14T21:00:00Z,2026-07-14T23:00:00+0200,0.0,MW,BE,BE,forecast_solar_generation,Solar,2026-08-03T23:14:45Z
2026-08-03T23:14:33Z,2026-08-04T01:14:33+0200,e09cf432-bb47-440f-9e44-a608f613abae,2026-07-14T22:00:00Z,2026-07-15T00:00:00+0200,0.0,MW,BE,BE,forecast_solar_generation,Solar,2026-08-03T23:14:45Z
2026-08-03T23:14:33Z,2026-08-04T01:14:33+0200,e09cf432-bb47-440f-9e44-a608f613abae,2026-07-14T23:00:00Z,2026-07-15T01:00:00+0200,0.0,MW,BE,BE,forecast_solar_generation,Solar,2026-08-03T23:14:45Z
2026-08-03T23:14:33Z,2026-08-04T01:14:33+0200,e09cf432-bb47-440f-9e44-a608f613abae,2026-07-15T00:00:00Z,2026-07-15T02:00:00+0200,0.0,MW,BE,BE,forecast_solar_generation,Solar,2026-08-03T23:14:45Z
2026-08-03T23:14:33Z,2026-08-04T01:14:33+0200,e09cf432-bb47-440f-9e44-a608f613abae,2026-07-15T01:00:00Z,2026-07-15T03:00:00+0200,0.0,MW,BE,BE,forecast_solar_generation,Solar,2026-08-03T23:14:45Z
2026-08-03T23:14:33Z,2026-08-04T01:14:33+0200,e09cf432-bb47-440f-9e44-a608f613abae,2026-07-15T02:00:00Z,2026-07-15T04:00:00+0200,0.0,MW,BE,BE,forecast_solar_generation,Solar,2026-08-03T23:14:45Z
2026-08-03T23:14:33Z,2026-08-04T01:14:33+0200,e09cf432-bb47-440f-9e44-a608f613abae,2026-07-15T03:00:00Z,2026-07-15T05:00:00+0200,4.9525,MW,BE,BE,forecast_solar_generation,Solar,2026-08-03T23:14:45Z
2026-08-03T23:14:33Z,2026-08-04T01:14:33+0200,e09cf432-bb47-440f-9e44-a608f613abae,2026-07-15T04:00:00Z,2026-07-15T06:00:00+0200,254.50425,MW,BE,BE,forecast_solar_generation,Solar,2026-08-03T23:14:45Z
2026-08-03T23:14:33Z,2026-08-04T01:14:33+0200,e09cf432-bb47-440f-9e44-a608f613abae,2026-07-15T05:00:00Z,2026-07-15T07:00:00+0200,895.05075,MW,BE,BE,forecast_solar_generation,Solar,2026-08-03T23:14:45Z
2026-08-03T23:14:33Z,2026-08-04T01:14:33+0200,e09cf432-bb47-440f-9e44-a608f613abae,2026-07-15T06:00:00Z,2026-07-15T08:00:00+0200,2037.982999,MW,BE,BE,forecast_solar_generation,Solar,2026-08-03T23:14:45Z
2026-08-03T23:14:33Z,2026-08-04T01:14:33+0200,e09cf432-bb47-440f-9e44-a608f613abae,2026-07-15T07:00:00Z,2026-07-15T09:00:00+0200,3606.474752,MW,BE,BE,forecast_solar_generation,Solar,2026-08-03T23:14:45Z
2026-08-03T23:14:33Z,2026-08-04T01:14:33+0200,e09cf432-bb47-440f-9e44-a608f613abae,2026-07-15T08:00:00Z,2026-07-15T10:00:00+0200,5274.514245,MW,BE,BE,forecast_solar_generation,Solar,2026-08-03T23:14:45Z
2026-08-03T23:14:33Z,2026-08-04T01:14:33+0200,e09cf432-bb47-440f-9e44-a608f613abae,2026-07-15T09:00:00Z,2026-07-15T11:00:00+0200,6610.083499,MW,BE,BE,forecast_solar_generation,Solar,2026-08-03T23:14:45Z
2026-08-03T23:14:33Z,2026-08-04T01:14:33+0200,e09cf432-bb47-440f-9e44-a608f613abae,2026-07-15T10:00:00Z,2026-07-15T12:00:00+0200,7405.547748,MW,BE,BE,forecast_solar_generation,Solar,2026-08-03T23:14:45Z
2026-08-03T23:14:33Z,2026-08-04T01:14:33+0200,e09cf432-bb47-440f-9e44-a608f613abae,2026-07-15T11:00:00Z,2026-07-15T13:00:00+0200,7702.208752,MW,BE,BE,forecast_solar_generation,Solar,2026-08-03T23:14:45Z
2026-08-03T23:14:33Z,2026-08-04T01:14:33+0200,e09cf432-bb47-440f-9e44-a608f613abae,2026-07-15T12:00:00Z,2026-07-15T14:00:00+0200,7623.387505,MW,BE,BE,forecast_solar_generation,Solar,2026-08-03T23:14:45Z
2026-08-03T23:14:33Z,2026-08-04T01:14:33+0200,e09cf432-bb47-440f-9e44-a608f613abae,2026-07-15T13:00:00Z,2026-07-15T15:00:00+0200,7102.810003,MW,BE,BE,forecast_solar_generation,Solar,2026-08-03T23:14:45Z
2026-08-03T23:14:33Z,2026-08-04T01:14:33+0200,e09cf432-bb47-440f-9e44-a608f613abae,2026-07-15T14:00:00Z,2026-07-15T16:00:00+0200,6167.7855,MW,BE,BE,forecast_solar_generation,Solar,2026-08-03T23:14:45Z
2026-08-03T23:14:33Z,2026-08-04T01:14:33+0200,e09cf432-bb47-440f-9e44-a608f613abae,2026-07-15T15:00:00Z,2026-07-15T17:00:00+0200,4859.658257,MW,BE,BE,forecast_solar_generation,Solar,2026-08-03T23:14:45Z
2026-08-03T23:14:33Z,2026-08-04T01:14:33+0200,e09cf432-bb47-440f-9e44-a608f613abae,2026-07-15T16:00:00Z,2026-07-15T18:00:00+0200,3262.233749,MW,BE,BE,forecast_solar_generation,Solar,2026-08-03T23:14:45Z
2026-08-03T23:14:33Z,2026-08-04T01:14:33+0200,e09cf432-bb47-440f-9e44-a608f613abae,2026-07-15T17:00:00Z,2026-07-15T19:00:00+0200,1550.064498,MW,BE,BE,forecast_solar_generation,Solar,2026-08-03T23:14:45Z
2026-08-03T23:14:33Z,2026-08-04T01:14:33+0200,e09cf432-bb47-440f-9e44-a608f613abae,2026-07-15T18:00:00Z,2026-07-15T20:00:00+0200,443.14725,MW,BE,BE,forecast_solar_generation,Solar,2026-08-03T23:14:45Z
2026-08-03T23:14:33Z,2026-08-04T01:14:33+0200,e09cf432-bb47-440f-9e44-a608f613abae,2026-07-15T19:00:00Z,2026-07-15T21:00:00+0200,92.40325,MW,BE,BE,forecast_solar_generation,Solar,2026-08-03T23:14:45Z
2026-08-03T23:14:33Z,2026-08-04T01:14:33+0200,e09cf432-bb47-440f-9e44-a608f613abae,2026-07-15T20:00:00Z,2026-07-15T22:00:00+0200,0.0,MW,BE,BE,forecast_solar_generation,Solar,2026-08-03T23:14:45Z
2026-08-03T23:14:33Z,2026-08-04T01:14:33+0200,e09cf432-bb47-440f-9e44-a608f613abae,2026-07-15T21:00:00Z,2026-07-15T23:00:00+0200,0.0,MW,BE,BE,forecast_solar_generation,Solar,2026-08-03T23:14:45Z
2026-08-03T23:14:33Z,2026-08-04T01:14:33+0200,e09cf432-bb47-440f-9e44-a608f613abae,2026-07-15T22:00:00Z,2026-07-16T00:00:00+0200,0.0,MW,BE,BE,forecast_solar_generation,Solar,2026-08-03T23:14:45Z
2026-08-03T23:14:33Z,2026-08-04T01:14:33+0200,e09cf432-bb47-440f-9e44-a608f613abae,2026-07-15T23:00:00Z,2026-07-16T01:00:00+0200,0.0,MW,BE,BE,forecast_solar_generation,Solar,2026-08-03T23:14:45Z
2026-08-03T23:14:33Z,2026-08-04T01:14:33+0200,e09cf432-bb47-440f-9e44-a608f613abae,2026-07-16T00:00:00Z,2026-07-16T02:00:00+0200,0.0,MW,BE,BE,forecast_solar_generation,Solar,2026-08-03T23:14:45Z
2026-08-03T23:14:33Z,2026-08-04T01:14:33+0200,e09cf432-bb47-440f-9e44-a608f613abae,2026-07-16T01:00:00Z,2026-07-16T03:00:00+0200,0.0,MW,BE,BE,forecast_solar_generation,Solar,2026-08-03T23:14:45Z
2026-08-03T23:14:33Z,2026-08-04T01:14:33+0200,e09cf432-bb47-440f-9e44-a608f613abae,2026-07-16T02:00:00Z,2026-07-16T04:00:00+0200,0.0,MW,BE,BE,forecast_solar_generation,Solar,2026-08-03T23:14:45Z
2026-08-03T23:14:33Z,2026-08-04T01:14:33+0200,e09cf432-bb47-440f-9e44-a608f613abae,2026-07-16T03:00:00Z,2026-07-16T05:00:00+0200,5.00125,MW,BE,BE,forecast_solar_generation,Solar,2026-08-03T23:14:45Z
2026-08-03T23:14:33Z,2026-08-04T01:14:33+0200,e09cf432-bb47-440f-9e44-a608f613abae,2026-07-16T04:00:00Z,2026-07-16T06:00:00+0200,215.7535,MW,BE,BE,forecast_solar_generation,Solar,2026-08-03T23:14:45Z
2026-08-03T23:14:33Z,2026-08-04T01:14:33+0200,e09cf432-bb47-440f-9e44-a608f613abae,2026-07-16T05:00:00Z,2026-07-16T07:00:00+0200,750.945499,MW,BE,BE,forecast_solar_generation,Solar,2026-08-03T23:14:45Z
2026-08-03T23:14:33Z,2026-08-04T01:14:33+0200,e09cf432-bb47-440f-9e44-a608f613abae,2026-07-16T06:00:00Z,2026-07-16T08:00:00+0200,2149.935001,MW,BE,BE,forecast_solar_generation,Solar,2026-08-03T23:14:45Z
2026-08-03T23:14:33Z,2026-08-04T01:14:33+0200,e09cf432-bb47-440f-9e44-a608f613abae,2026-07-16T07:00:00Z,2026-07-16T09:00:00+0200,3934.166496,MW,BE,BE,forecast_solar_generation,Solar,2026-08-03T23:14:45Z
2026-08-03T23:14:33Z,2026-08-04T01:14:33+0200,e09cf432-bb47-440f-9e44-a608f613abae,2026-07-16T08:00:00Z,2026-07-16T10:00:00+0200,5577.104996,MW,BE,BE,forecast_solar_generation,Solar,2026-08-03T23:14:45Z
2026-08-03T23:14:33Z,2026-08-04T01:14:33+0200,e09cf432-bb47-440f-9e44-a608f613abae,2026-07-16T09:00:00Z,2026-07-16T11:00:00+0200,6834.991498,MW,BE,BE,forecast_solar_generation,Solar,2026-08-03T23:14:45Z
2026-08-03T23:14:33Z,2026-08-04T01:14:33+0200,e09cf432-bb47-440f-9e44-a608f613abae,2026-07-16T10:00:00Z,2026-07-16T12:00:00+0200,7485.637999,MW,BE,BE,forecast_solar_generation,Solar,2026-08-03T23:14:45Z
2026-08-03T23:14:33Z,2026-08-04T01:14:33+0200,e09cf432-bb47-440f-9e44-a608f613abae,2026-07-16T11:00:00Z,2026-07-16T13:00:00+0200,7545.838743,MW,BE,BE,forecast_solar_generation,Solar,2026-08-03T23:14:45Z
2026-08-03T23:14:33Z,2026-08-04T01:14:33+0200,e09cf432-bb47-440f-9e44-a608f613abae,2026-07-16T12:00:00Z,2026-07-16T14:00:00+0200,7319.055989,MW,BE,BE,forecast_solar_generation,Solar,2026-08-03T23:14:45Z
2026-08-03T23:14:33Z,2026-08-04T01:14:33+0200,e09cf432-bb47-440f-9e44-a608f613abae,2026-07-16T13:00:00Z,2026-07-16T15:00:00+0200,6805.855746,MW,BE,BE,forecast_solar_generation,Solar,2026-08-03T23:14:45Z
2026-08-03T23:14:33Z,2026-08-04T01:14:33+0200,e09cf432-bb47-440f-9e44-a608f613abae,2026-07-16T14:00:00Z,2026-07-16T16:00:00+0200,5910.199245,MW,BE,BE,forecast_solar_generation,Solar,2026-08-03T23:14:45Z
2026-08-03T23:14:33Z,2026-08-04T01:14:33+0200,e09cf432-bb47-440f-9e44-a608f613abae,2026-07-16T15:00:00Z,2026-07-16T17:00:00+0200,4668.238245,MW,BE,BE,forecast_solar_generation,Solar,2026-08-03T23:14:45Z
2026-08-03T23:14:33Z,2026-08-04T01:14:33+0200,e09cf432-bb47-440f-9e44-a608f613abae,2026-07-16T16:00:00Z,2026-07-16T18:00:00+0200,3150.878005,MW,BE,BE,forecast_solar_generation,Solar,2026-08-03T23:14:45Z
2026-08-03T23:14:33Z,2026-08-04T01:14:33+0200,e09cf432-bb47-440f-9e44-a608f613abae,2026-07-16T17:00:00Z,2026-07-16T19:00:00+0200,1539.956499,MW,BE,BE,forecast_solar_generation,Solar,2026-08-03T23:14:45Z
2026-08-03T23:14:33Z,2026-08-04T01:14:33+0200,e09cf432-bb47-440f-9e44-a608f613abae,2026-07-16T18:00:00Z,2026-07-16T20:00:00+0200,476.757499,MW,BE,BE,forecast_solar_generation,Solar,2026-08-03T23:14:45Z
2026-08-03T23:14:33Z,2026-08-04T01:14:33+0200,e09cf432-bb47-440f-9e44-a608f613abae,2026-07-16T19:00:00Z,2026-07-16T21:00:00+0200,89.58475,MW,BE,BE,forecast_solar_generation,Solar,2026-08-03T23:14:45Z
2026-08-03T23:14:33Z,2026-08-04T01:14:33+0200,e09cf432-bb47-440f-9e44-a608f613abae,2026-07-16T20:00:00Z,2026-07-16T22:00:00+0200,0.0,MW,BE,BE,forecast_solar_generation,Solar,2026-08-03T23:14:45Z
2026-08-03T23:14:33Z,2026-08-04T01:14:33+0200,e09cf432-bb47-440f-9e44-a608f613abae,2026-07-16T21:00:00Z,2026-07-16T23:00:00+0200,0.0,MW,BE,BE,forecast_solar_generation,Solar,2026-08-03T23:14:45Z
2026-08-03T23:14:33Z,2026-08-04T01:14:33+0200,e09cf432-bb47-440f-9e44-a608f613abae,2026-07-16T22:00:00Z,2026-07-17T00:00:00+0200,0.0,MW,BE,BE,forecast_solar_generation,Solar,2026-08-03T23:14:45Z
2026-08-03T23:14:33Z,2026-08-04T01:14:33+0200,e09cf432-bb47-440f-9e44-a608f613abae,2026-07-16T23:00:00Z,2026-07-17T01:00:00+0200,0.0,MW,BE,BE,forecast_solar_generation,Solar,2026-08-03T23:14:45Z
2026-08-03T23:14:33Z,2026-08-04T01:14:33+0200,e09cf432-bb47-440f-9e44-a608f613abae,2026-07-17T00:00:00Z,2026-07-17T02:00:00+0200,0.0,MW,BE,BE,forecast_solar_generation,Solar,2026-08-03T23:14:45Z
2026-08-03T23:14:33Z,2026-08-04T01:14:33+0200,e09cf432-bb47-440f-9e44-a608f613abae,2026-07-17T01:00:00Z,2026-07-17T03:00:00+0200,0.0,MW,BE,BE,forecast_solar_generation,Solar,2026-08-03T23:14:45Z
2026-08-03T23:14:33Z,2026-08-04T01:14:33+0200,e09cf432-bb47-440f-9e44-a608f613abae,2026-07-17T02:00:00Z,2026-07-17T04:00:00+0200,0.0,MW,BE,BE,forecast_solar_generation,Solar,2026-08-03T23:14:45Z
2026-08-03T23:14:33Z,2026-08-04T01:14:33+0200,e09cf432-bb47-440f-9e44-a608f613abae,2026-07-17T03:00:00Z,2026-07-17T05:00:00+0200,3.5435,MW,BE,BE,forecast_solar_generation,Solar,2026-08-03T23:14:45Z
2026-08-03T23:14:33Z,2026-08-04T01:14:33+0200,e09cf432-bb47-440f-9e44-a608f613abae,2026-07-17T04:00:00Z,2026-07-17T06:00:00+0200,229.24275,MW,BE,BE,forecast_solar_generation,Solar,2026-08-03T23:14:45Z
2026-08-03T23:14:33Z,2026-08-04T01:14:33+0200,e09cf432-bb47-440f-9e44-a608f613abae,2026-07-17T05:00:00Z,2026-07-17T07:00:00+0200,854.715498,MW,BE,BE,forecast_solar_generation,Solar,2026-08-03T23:14:45Z
2026-08-03T23:14:33Z,2026-08-04T01:14:33+0200,e09cf432-bb47-440f-9e44-a608f613abae,2026-07-17T06:00:00Z,2026-07-17T08:00:00+0200,1970.756003,MW,BE,BE,forecast_solar_generation,Solar,2026-08-03T23:14:45Z
2026-08-03T23:14:33Z,2026-08-04T01:14:33+0200,e09cf432-bb47-440f-9e44-a608f613abae,2026-07-17T07:00:00Z,2026-07-17T09:00:00+0200,3361.550499,MW,BE,BE,forecast_solar_generation,Solar,2026-08-03T23:14:45Z
2026-08-03T23:14:33Z,2026-08-04T01:14:33+0200,e09cf432-bb47-440f-9e44-a608f613abae,2026-07-17T08:00:00Z,2026-07-17T10:00:00+0200,4893.747002,MW,BE,BE,forecast_solar_generation,Solar,2026-08-03T23:14:45Z
2026-08-03T23:14:33Z,2026-08-04T01:14:33+0200,e09cf432-bb47-440f-9e44-a608f613abae,2026-07-17T09:00:00Z,2026-07-17T11:00:00+0200,6203.529494,MW,BE,BE,forecast_solar_generation,Solar,2026-08-03T23:14:45Z
2026-08-03T23:14:33Z,2026-08-04T01:14:33+0200,e09cf432-bb47-440f-9e44-a608f613abae,2026-07-17T10:00:00Z,2026-07-17T12:00:00+0200,7019.480738,MW,BE,BE,forecast_solar_generation,Solar,2026-08-03T23:14:45Z
2026-08-03T23:14:33Z,2026-08-04T01:14:33+0200,e09cf432-bb47-440f-9e44-a608f613abae,2026-07-17T11:00:00Z,2026-07-17T13:00:00+0200,7175.59799,MW,BE,BE,forecast_solar_generation,Solar,2026-08-03T23:14:45Z
2026-08-03T23:14:33Z,2026-08-04T01:14:33+0200,e09cf432-bb47-440f-9e44-a608f613abae,2026-07-17T12:00:00Z,2026-07-17T14:00:00+0200,6921.771495,MW,BE,BE,forecast_solar_generation,Solar,2026-08-03T23:14:45Z
2026-08-03T23:14:33Z,2026-08-04T01:14:33+0200,e09cf432-bb47-440f-9e44-a608f613abae,2026-07-17T13:00:00Z,2026-07-17T15:00:00+0200,6418.014241,MW,BE,BE,forecast_solar_generation,Solar,2026-08-03T23:14:45Z
2026-08-03T23:14:33Z,2026-08-04T01:14:33+0200,e09cf432-bb47-440f-9e44-a608f613abae,2026-07-17T14:00:00Z,2026-07-17T16:00:00+0200,5656.094,MW,BE,BE,forecast_solar_generation,Solar,2026-08-03T23:14:45Z
2026-08-03T23:14:33Z,2026-08-04T01:14:33+0200,e09cf432-bb47-440f-9e44-a608f613abae,2026-07-17T15:00:00Z,2026-07-17T17:00:00+0200,4541.16,MW,BE,BE,forecast_solar_generation,Solar,2026-08-03T23:14:45Z
2026-08-03T23:14:33Z,2026-08-04T01:14:33+0200,e09cf432-bb47-440f-9e44-a608f613abae,2026-07-17T16:00:00Z,2026-07-17T18:00:00+0200,3124.132253,MW,BE,BE,forecast_solar_generation,Solar,2026-08-03T23:14:45Z
2026-08-03T23:14:33Z,2026-08-04T01:14:33+0200,e09cf432-bb47-440f-9e44-a608f613abae,2026-07-17T17:00:00Z,2026-07-17T19:00:00+0200,1534.833746,MW,BE,BE,forecast_solar_generation,Solar,2026-08-03T23:14:45Z
2026-08-03T23:14:33Z,2026-08-04T01:14:33+0200,e09cf432-bb47-440f-9e44-a608f613abae,2026-07-17T18:00:00Z,2026-07-17T20:00:00+0200,467.074749,MW,BE,BE,forecast_solar_generation,Solar,2026-08-03T23:14:45Z
2026-08-03T23:14:33Z,2026-08-04T01:14:33+0200,e09cf432-bb47-440f-9e44-a608f613abae,2026-07-17T19:00:00Z,2026-07-17T21:00:00+0200,85.8675,MW,BE,BE,forecast_solar_generation,Solar,2026-08-03T23:14:45Z
2026-08-03T23:14:33Z,2026-08-04T01:14:33+0200,e09cf432-bb47-440f-9e44-a608f613abae,2026-07-17T20:00:00Z,2026-07-17T22:00:00+0200,0.0,MW,BE,BE,forecast_solar_generation,Solar,2026-08-03T23:14:45Z
2026-08-03T23:14:33Z,2026-08-04T01:14:33+0200,e09cf432-bb47-440f-9e44-a608f613abae,2026-07-17T21:00:00Z,2026-07-17T23:00:00+0200,0.0,MW,BE,BE,forecast_solar_generation,Solar,2026-08-03T23:14:45Z
2026-08-03T23:14:33Z,2026-08-04T01:14:33+0200,e09cf432-bb47-440f-9e44-a608f613abae,2026-07-17T22:00:00Z,2026-07-18T00:00:00+0200,0.0,MW,BE,BE,forecast_solar_generation,Solar,2026-08-03T23:14:45Z
2026-08-03T23:14:33Z,2026-08-04T01:14:33+0200,e09cf432-bb47-440f-9e44-a608f613abae,2026-07-17T23:00:00Z,2026-07-18T01:00:00+0200,0.0,MW,BE,BE,forecast_solar_generation,Solar,2026-08-03T23:14:45Z
2026-08-03T23:14:33Z,2026-08-04T01:14:33+0200,e09cf432-bb47-440f-9e44-a608f613abae,2026-07-18T00:00:00Z,2026-07-18T02:00:00+0200,0.0,MW,BE,BE,forecast_solar_generation,Solar,2026-08-03T23:14:45Z
2026-08-03T23:14:33Z,2026-08-04T01:14:33+0200,e09cf432-bb47-440f-9e44-a608f613abae,2026-07-18T01:00:00Z,2026-07-18T03:00:00+0200,0.0,MW,BE,BE,forecast_solar_generation,Solar,2026-08-03T23:14:45Z
2026-08-03T23:14:33Z,2026-08-04T01:14:33+0200,e09cf432-bb47-440f-9e44-a608f613abae,2026-07-18T02:00:00Z,2026-07-18T04:00:00+0200,0.0,MW,BE,BE,forecast_solar_generation,Solar,2026-08-03T23:14:45Z
2026-08-03T23:14:33Z,2026-08-04T01:14:33+0200,e09cf432-bb47-440f-9e44-a608f613abae,2026-07-18T03:00:00Z,2026-07-18T05:00:00+0200,2.57675,MW,BE,BE,forecast_solar_generation,Solar,2026-08-03T23:14:45Z
2026-08-03T23:14:33Z,2026-08-04T01:14:33+0200,e09cf432-bb47-440f-9e44-a608f613abae,2026-07-18T04:00:00Z,2026-07-18T06:00:00+0200,233.399249,MW,BE,BE,forecast_solar_generation,Solar,2026-08-03T23:14:45Z
2026-08-03T23:14:33Z,2026-08-04T01:14:33+0200,e09cf432-bb47-440f-9e44-a608f613abae,2026-07-18T05:00:00Z,2026-07-18T07:00:00+0200,905.887001,MW,BE,BE,forecast_solar_generation,Solar,2026-08-03T23:14:45Z
2026-08-03T23:14:33Z,2026-08-04T01:14:33+0200,e09cf432-bb47-440f-9e44-a608f613abae,2026-07-18T06:00:00Z,2026-07-18T08:00:00+0200,1846.082747,MW,BE,BE,forecast_solar_generation,Solar,2026-08-03T23:14:45Z
2026-08-03T23:14:33Z,2026-08-04T01:14:33+0200,e09cf432-bb47-440f-9e44-a608f613abae,2026-07-18T07:00:00Z,2026-07-18T09:00:00+0200,2706.47775,MW,BE,BE,forecast_solar_generation,Solar,2026-08-03T23:14:45Z
2026-08-03T23:14:33Z,2026-08-04T01:14:33+0200,e09cf432-bb47-440f-9e44-a608f613abae,2026-07-18T08:00:00Z,2026-07-18T10:00:00+0200,3603.827746,MW,BE,BE,forecast_solar_generation,Solar,2026-08-03T23:14:45Z
2026-08-03T23:14:33Z,2026-08-04T01:14:33+0200,e09cf432-bb47-440f-9e44-a608f613abae,2026-07-18T09:00:00Z,2026-07-18T11:00:00+0200,4337.521253,MW,BE,BE,forecast_solar_generation,Solar,2026-08-03T23:14:45Z
2026-08-03T23:14:33Z,2026-08-04T01:14:33+0200,e09cf432-bb47-440f-9e44-a608f613abae,2026-07-18T10:00:00Z,2026-07-18T12:00:00+0200,4867.375252,MW,BE,BE,forecast_solar_generation,Solar,2026-08-03T23:14:45Z
2026-08-03T23:14:33Z,2026-08-04T01:14:33+0200,e09cf432-bb47-440f-9e44-a608f613abae,2026-07-18T11:00:00Z,2026-07-18T13:00:00+0200,5065.117002,MW,BE,BE,forecast_solar_generation,Solar,2026-08-03T23:14:45Z
2026-08-03T23:14:33Z,2026-08-04T01:14:33+0200,e09cf432-bb47-440f-9e44-a608f613abae,2026-07-18T12:00:00Z,2026-07-18T14:00:00+0200,5071.425252,MW,BE,BE,forecast_solar_generation,Solar,2026-08-03T23:14:45Z
2026-08-03T23:14:33Z,2026-08-04T01:14:33+0200,e09cf432-bb47-440f-9e44-a608f613abae,2026-07-18T13:00:00Z,2026-07-18T15:00:00+0200,4922.485749,MW,BE,BE,forecast_solar_generation,Solar,2026-08-03T23:14:45Z
2026-08-03T23:14:33Z,2026-08-04T01:14:33+0200,e09cf432-bb47-440f-9e44-a608f613abae,2026-07-18T14:00:00Z,2026-07-18T16:00:00+0200,4551.225246,MW,BE,BE,forecast_solar_generation,Solar,2026-08-03T23:14:45Z
2026-08-03T23:14:33Z,2026-08-04T01:14:33+0200,e09cf432-bb47-440f-9e44-a608f613abae,2026-07-18T15:00:00Z,2026-07-18T17:00:00+0200,3788.963999,MW,BE,BE,forecast_solar_generation,Solar,2026-08-03T23:14:45Z
2026-08-03T23:14:33Z,2026-08-04T01:14:33+0200,e09cf432-bb47-440f-9e44-a608f613abae,2026-07-18T16:00:00Z,2026-07-18T18:00:00+0200,2719.278499,MW,BE,BE,forecast_solar_generation,Solar,2026-08-03T23:14:45Z
2026-08-03T23:14:33Z,2026-08-04T01:14:33+0200,e09cf432-bb47-440f-9e44-a608f613abae,2026-07-18T17:00:00Z,2026-07-18T19:00:00+0200,1480.242,MW,BE,BE,forecast_solar_generation,Solar,2026-08-03T23:14:45Z
2026-08-03T23:14:33Z,2026-08-04T01:14:33+0200,e09cf432-bb47-440f-9e44-a608f613abae,2026-07-18T18:00:00Z,2026-07-18T20:00:00+0200,555.576499,MW,BE,BE,forecast_solar_generation,Solar,2026-08-03T23:14:45Z
2026-08-03T23:14:33Z,2026-08-04T01:14:33+0200,e09cf432-bb47-440f-9e44-a608f613abae,2026-07-18T19:00:00Z,2026-07-18T21:00:00+0200,81.559249,MW,BE,BE,forecast_solar_generation,Solar,2026-08-03T23:14:45Z
2026-08-03T23:14:33Z,2026-08-04T01:14:33+0200,e09cf432-bb47-440f-9e44-a608f613abae,2026-07-18T20:00:00Z,2026-07-18T22:00:00+0200,0.0,MW,BE,BE,forecast_solar_generation,Solar,2026-08-03T23:14:45Z
2026-08-03T23:14:33Z,2026-08-04T01:14:33+0200,e09cf432-bb47-440f-9e44-a608f613abae,2026-07-18T21:00:00Z,2026-07-18T23:00:00+0200,0.0,MW,BE,BE,forecast_solar_generation,Solar,2026-08-03T23:14:45Z
2026-08-03T23:14:33Z,2026-08-04T01:14:33+0200,e09cf432-bb47-440f-9e44-a608f613abae,2026-07-18T22:00:00Z,2026-07-19T00:00:00+0200,0.0,MW,BE,BE,forecast_solar_generation,Solar,2026-08-03T23:14:45Z
2026-08-03T23:14:33Z,2026-08-04T01:14:33+0200,e09cf432-bb47-440f-9e44-a608f613abae,2026-07-18T23:00:00Z,2026-07-19T01:00:00+0200,0.0,MW,BE,BE,forecast_solar_generation,Solar,2026-08-03T23:14:45Z
2026-08-03T23:14:33Z,2026-08-04T01:14:33+0200,e09cf432-bb47-440f-9e44-a608f613abae,2026-07-19T00:00:00Z,2026-07-19T02:00:00+0200,0.0,MW,BE,BE,forecast_solar_generation,Solar,2026-08-03T23:14:45Z
2026-08-03T23:14:33Z,2026-08-04T01:14:33+0200,e09cf432-bb47-440f-9e44-a608f613abae,2026-07-19T01:00:00Z,2026-07-19T03:00:00+0200,0.0,MW,BE,BE,forecast_solar_generation,Solar,2026-08-03T23:14:45Z
2026-08-03T23:14:33Z,2026-08-04T01:14:33+0200,e09cf432-bb47-440f-9e44-a608f613abae,2026-07-19T02:00:00Z,2026-07-19T04:00:00+0200,0.0,MW,BE,BE,forecast_solar_generation,Solar,2026-08-03T23:14:45Z
2026-08-03T23:14:33Z,2026-08-04T01:14:33+0200,e09cf432-bb47-440f-9e44-a608f613abae,2026-07-19T03:00:00Z,2026-07-19T05:00:00+0200,2.092,MW,BE,BE,forecast_solar_generation,Solar,2026-08-03T23:14:45Z
2026-08-03T23:14:33Z,2026-08-04T01:14:33+0200,e09cf432-bb47-440f-9e44-a608f613abae,2026-07-19T04:00:00Z,2026-07-19T06:00:00+0200,223.172249,MW,BE,BE,forecast_solar_generation,Solar,2026-08-03T23:14:45Z
2026-08-03T23:14:33Z,2026-08-04T01:14:33+0200,e09cf432-bb47-440f-9e44-a608f613abae,2026-07-19T05:00:00Z,2026-07-19T07:00:00+0200,879.542999,MW,BE,BE,forecast_solar_generation,Solar,2026-08-03T23:14:45Z
2026-08-03T23:14:33Z,2026-08-04T01:14:33+0200,e09cf432-bb47-440f-9e44-a608f613abae,2026-07-19T06:00:00Z,2026-07-19T08:00:00+0200,1936.793751,MW,BE,BE,forecast_solar_generation,Solar,2026-08-03T23:14:45Z
2026-08-03T23:14:33Z,2026-08-04T01:14:33+0200,e09cf432-bb47-440f-9e44-a608f613abae,2026-07-19T07:00:00Z,2026-07-19T09:00:00+0200,3065.497003,MW,BE,BE,forecast_solar_generation,Solar,2026-08-03T23:14:45Z
2026-08-03T23:14:33Z,2026-08-04T01:14:33+0200,e09cf432-bb47-440f-9e44-a608f613abae,2026-07-19T08:00:00Z,2026-07-19T10:00:00+0200,4091.875003,MW,BE,BE,forecast_solar_generation,Solar,2026-08-03T23:14:45Z
2026-08-03T23:14:33Z,2026-08-04T01:14:33+0200,e09cf432-bb47-440f-9e44-a608f613abae,2026-07-19T09:00:00Z,2026-07-19T11:00:00+0200,4938.273998,MW,BE,BE,forecast_solar_generation,Solar,2026-08-03T23:14:45Z
2026-08-03T23:14:33Z,2026-08-04T01:14:33+0200,e09cf432-bb47-440f-9e44-a608f613abae,2026-07-19T10:00:00Z,2026-07-19T12:00:00+0200,5569.882001,MW,BE,BE,forecast_solar_generation,Solar,2026-08-03T23:14:45Z
2026-08-03T23:14:33Z,2026-08-04T01:14:33+0200,e09cf432-bb47-440f-9e44-a608f613abae,2026-07-19T11:00:00Z,2026-07-19T13:00:00+0200,5914.194483,MW,BE,BE,forecast_solar_generation,Solar,2026-08-03T23:14:45Z
2026-08-03T23:14:33Z,2026-08-04T01:14:33+0200,e09cf432-bb47-440f-9e44-a608f613abae,2026-07-19T12:00:00Z,2026-07-19T14:00:00+0200,6031.923751,MW,BE,BE,forecast_solar_generation,Solar,2026-08-03T23:14:45Z
2026-08-03T23:14:33Z,2026-08-04T01:14:33+0200,e09cf432-bb47-440f-9e44-a608f613abae,2026-07-19T13:00:00Z,2026-07-19T15:00:00+0200,5812.995741,MW,BE,BE,forecast_solar_generation,Solar,2026-08-03T23:14:45Z
2026-08-03T23:14:33Z,2026-08-04T01:14:33+0200,e09cf432-bb47-440f-9e44-a608f613abae,2026-07-19T14:00:00Z,2026-07-19T16:00:00+0200,5239.664495,MW,BE,BE,forecast_solar_generation,Solar,2026-08-03T23:14:45Z
2026-08-03T23:14:33Z,2026-08-04T01:14:33+0200,e09cf432-bb47-440f-9e44-a608f613abae,2026-07-19T15:00:00Z,2026-07-19T17:00:00+0200,4364.445495,MW,BE,BE,forecast_solar_generation,Solar,2026-08-03T23:14:45Z
2026-08-03T23:14:33Z,2026-08-04T01:14:33+0200,e09cf432-bb47-440f-9e44-a608f613abae,2026-07-19T16:00:00Z,2026-07-19T18:00:00+0200,3069.030502,MW,BE,BE,forecast_solar_generation,Solar,2026-08-03T23:14:45Z
2026-08-03T23:14:33Z,2026-08-04T01:14:33+0200,e09cf432-bb47-440f-9e44-a608f613abae,2026-07-19T17:00:00Z,2026-07-19T19:00:00+0200,1522.501,MW,BE,BE,forecast_solar_generation,Solar,2026-08-03T23:14:45Z
2026-08-03T23:14:33Z,2026-08-04T01:14:33+0200,e09cf432-bb47-440f-9e44-a608f613abae,2026-07-19T18:00:00Z,2026-07-19T20:00:00+0200,458.795751,MW,BE,BE,forecast_solar_generation,Solar,2026-08-03T23:14:45Z
2026-08-03T23:14:33Z,2026-08-04T01:14:33+0200,e09cf432-bb47-440f-9e44-a608f613abae,2026-07-19T19:00:00Z,2026-07-19T21:00:00+0200,79.1715,MW,BE,BE,forecast_solar_generation,Solar,2026-08-03T23:14:45Z
2026-08-03T23:14:33Z,2026-08-04T01:14:33+0200,e09cf432-bb47-440f-9e44-a608f613abae,2026-07-19T20:00:00Z,2026-07-19T22:00:00+0200,0.0,MW,BE,BE,forecast_solar_generation,Solar,2026-08-03T23:14:45Z
2026-08-03T23:14:33Z,2026-08-04T01:14:33+0200,e09cf432-bb47-440f-9e44-a608f613abae,2026-07-19T21:00:00Z,2026-07-19T23:00:00+0200,0.0,MW,BE,BE,forecast_solar_generation,Solar,2026-08-03T23:14:45Z
2026-08-03T23:14:33Z,2026-08-04T01:14:33+0200,e09cf432-bb47-440f-9e44-a608f613abae,2026-07-19T22:00:00Z,2026-07-20T00:00:00+0200,0.0,MW,BE,BE,forecast_solar_generation,Solar,2026-08-03T23:14:45Z
2026-08-03T23:14:33Z,2026-08-04T01:14:33+0200,e09cf432-bb47-440f-9e44-a608f613abae,2026-07-19T23:00:00Z,2026-07-20T01:00:00+0200,0.0,MW,BE,BE,forecast_solar_generation,Solar,2026-08-03T23:14:45Z
2026-08-03T23:14:33Z,2026-08-04T01:14:33+0200,e09cf432-bb47-440f-9e44-a608f613abae,2026-07-20T00:00:00Z,2026-07-20T02:00:00+0200,0.0,MW,BE,BE,forecast_solar_generation,Solar,2026-08-03T23:14:45Z
2026-08-03T23:14:33Z,2026-08-04T01:14:33+0200,e09cf432-bb47-440f-9e44-a608f613abae,2026-07-20T01:00:00Z,2026-07-20T03:00:00+0200,0.0,MW,BE,BE,forecast_solar_generation,Solar,2026-08-03T23:14:45Z
2026-08-03T23:14:33Z,2026-08-04T01:14:33+0200,e09cf432-bb47-440f-9e44-a608f613abae,2026-07-20T02:00:00Z,2026-07-20T04:00:00+0200,0.0,MW,BE,BE,forecast_solar_generation,Solar,2026-08-03T23:14:45Z
2026-08-03T23:14:33Z,2026-08-04T01:14:33+0200,e09cf432-bb47-440f-9e44-a608f613abae,2026-07-20T03:00:00Z,2026-07-20T05:00:00+0200,1.40625,MW,BE,BE,forecast_solar_generation,Solar,2026-08-03T23:14:45Z
2026-08-03T23:14:33Z,2026-08-04T01:14:33+0200,e09cf432-bb47-440f-9e44-a608f613abae,2026-07-20T04:00:00Z,2026-07-20T06:00:00+0200,203.06,MW,BE,BE,forecast_solar_generation,Solar,2026-08-03T23:14:45Z
2026-08-03T23:14:33Z,2026-08-04T01:14:33+0200,e09cf432-bb47-440f-9e44-a608f613abae,2026-07-20T05:00:00Z,2026-07-20T07:00:00+0200,847.559499,MW,BE,BE,forecast_solar_generation,Solar,2026-08-03T23:14:45Z
2026-08-03T23:14:33Z,2026-08-04T01:14:33+0200,e09cf432-bb47-440f-9e44-a608f613abae,2026-07-20T06:00:00Z,2026-07-20T08:00:00+0200,1841.454249,MW,BE,BE,forecast_solar_generation,Solar,2026-08-03T23:14:45Z
2026-08-03T23:14:33Z,2026-08-04T01:14:33+0200,e09cf432-bb47-440f-9e44-a608f613abae,2026-07-20T07:00:00Z,2026-07-20T09:00:00+0200,2885.02375,MW,BE,BE,forecast_solar_generation,Solar,2026-08-03T23:14:45Z
2026-08-03T23:14:33Z,2026-08-04T01:14:33+0200,e09cf432-bb47-440f-9e44-a608f613abae,2026-07-20T08:00:00Z,2026-07-20T10:00:00+0200,3717.405001,MW,BE,BE,forecast_solar_generation,Solar,2026-08-03T23:14:45Z
2026-08-03T23:14:33Z,2026-08-04T01:14:33+0200,e09cf432-bb47-440f-9e44-a608f613abae,2026-07-20T09:00:00Z,2026-07-20T11:00:00+0200,4388.093255,MW,BE,BE,forecast_solar_generation,Solar,2026-08-03T23:14:45Z
2026-08-03T23:14:33Z,2026-08-04T01:14:33+0200,e09cf432-bb47-440f-9e44-a608f613abae,2026-07-20T10:00:00Z,2026-07-20T12:00:00+0200,4893.863246,MW,BE,BE,forecast_solar_generation,Solar,2026-08-03T23:14:45Z
2026-08-03T23:14:33Z,2026-08-04T01:14:33+0200,e09cf432-bb47-440f-9e44-a608f613abae,2026-07-20T11:00:00Z,2026-07-20T13:00:00+0200,5247.81575,MW,BE,BE,forecast_solar_generation,Solar,2026-08-03T23:14:45Z
2026-08-03T23:14:33Z,2026-08-04T01:14:33+0200,e09cf432-bb47-440f-9e44-a608f613abae,2026-07-20T12:00:00Z,2026-07-20T14:00:00+0200,5454.053998,MW,BE,BE,forecast_solar_generation,Solar,2026-08-03T23:14:45Z
2026-08-03T23:14:33Z,2026-08-04T01:14:33+0200,e09cf432-bb47-440f-9e44-a608f613abae,2026-07-20T13:00:00Z,2026-07-20T15:00:00+0200,5343.036508,MW,BE,BE,forecast_solar_generation,Solar,2026-08-03T23:14:45Z
2026-08-03T23:14:33Z,2026-08-04T01:14:33+0200,e09cf432-bb47-440f-9e44-a608f613abae,2026-07-20T14:00:00Z,2026-07-20T16:00:00+0200,4802.339999,MW,BE,BE,forecast_solar_generation,Solar,2026-08-03T23:14:45Z
2026-08-03T23:14:33Z,2026-08-04T01:14:33+0200,e09cf432-bb47-440f-9e44-a608f613abae,2026-07-20T15:00:00Z,2026-07-20T17:00:00+0200,3920.958246,MW,BE,BE,forecast_solar_generation,Solar,2026-08-03T23:14:45Z
2026-08-03T23:14:33Z,2026-08-04T01:14:33+0200,e09cf432-bb47-440f-9e44-a608f613abae,2026-07-20T16:00:00Z,2026-07-20T18:00:00+0200,2810.982,MW,BE,BE,forecast_solar_generation,Solar,2026-08-03T23:14:45Z
2026-08-03T23:14:33Z,2026-08-04T01:14:33+0200,e09cf432-bb47-440f-9e44-a608f613abae,2026-07-20T17:00:00Z,2026-07-20T19:00:00+0200,1489.980497,MW,BE,BE,forecast_solar_generation,Solar,2026-08-03T23:14:45Z
2026-08-03T23:14:33Z,2026-08-04T01:14:33+0200,e09cf432-bb47-440f-9e44-a608f613abae,2026-07-20T18:00:00Z,2026-07-20T20:00:00+0200,490.161749,MW,BE,BE,forecast_solar_generation,Solar,2026-08-03T23:14:45Z
2026-08-03T23:14:33Z,2026-08-04T01:14:33+0200,e09cf432-bb47-440f-9e44-a608f613abae,2026-07-20T19:00:00Z,2026-07-20T21:00:00+0200,74.52775,MW,BE,BE,forecast_solar_generation,Solar,2026-08-03T23:14:45Z
2026-08-03T23:14:33Z,2026-08-04T01:14:33+0200,e09cf432-bb47-440f-9e44-a608f613abae,2026-07-20T20:00:00Z,2026-07-20T22:00:00+0200,0.0,MW,BE,BE,forecast_solar_generation,Solar,2026-08-03T23:14:45Z
2026-08-03T23:14:33Z,2026-08-04T01:14:33+0200,e09cf432-bb47-440f-9e44-a608f613abae,2026-07-20T21:00:00Z,2026-07-20T23:00:00+0200,0.0,MW,BE,BE,forecast_solar_generation,Solar,2026-08-03T23:14:45Z
2026-08-03T23:14:33Z,2026-08-04T01:14:33+0200,e09cf432-bb47-440f-9e44-a608f613abae,2026-07-20T22:00:00Z,2026-07-21T00:00:00+0200,0.0,MW,BE,BE,forecast_solar_generation,Solar,2026-08-03T23:14:45Z
2026-08-03T23:14:33Z,2026-08-04T01:14:33+0200,e09cf432-bb47-440f-9e44-a608f613abae,2026-07-20T23:00:00Z,2026-07-21T01:00:00+0200,0.0,MW,BE,BE,forecast_solar_generation,Solar,2026-08-03T23:14:45Z
2026-08-03T23:14:33Z,2026-08-04T01:14:33+0200,e09cf432-bb47-440f-9e44-a608f613abae,2026-07-21T00:00:00Z,2026-07-21T02:00:00+0200,0.0,MW,BE,BE,forecast_solar_generation,Solar,2026-08-03T23:14:45Z
2026-08-03T23:14:33Z,2026-08-04T01:14:33+0200,e09cf432-bb47-440f-9e44-a608f613abae,2026-07-21T01:00:00Z,2026-07-21T03:00:00+0200,0.0,MW,BE,BE,forecast_solar_generation,Solar,2026-08-03T23:14:45Z
2026-08-03T23:14:33Z,2026-08-04T01:14:33+0200,e09cf432-bb47-440f-9e44-a608f613abae,2026-07-21T02:00:00Z,2026-07-21T04:00:00+0200,0.0,MW,BE,BE,forecast_solar_generation,Solar,2026-08-03T23:14:45Z
2026-08-03T23:14:33Z,2026-08-04T01:14:33+0200,e09cf432-bb47-440f-9e44-a608f613abae,2026-07-21T03:00:00Z,2026-07-21T05:00:00+0200,1.1705,MW,BE,BE,forecast_solar_generation,Solar,2026-08-03T23:14:45Z
2026-08-03T23:14:33Z,2026-08-04T01:14:33+0200,e09cf432-bb47-440f-9e44-a608f613abae,2026-07-21T04:00:00Z,2026-07-21T06:00:00+0200,189.655249,MW,BE,BE,forecast_solar_generation,Solar,2026-08-03T23:14:45Z
2026-08-03T23:14:33Z,2026-08-04T01:14:33+0200,e09cf432-bb47-440f-9e44-a608f613abae,2026-07-21T05:00:00Z,2026-07-21T07:00:00+0200,770.18075,MW,BE,BE,forecast_solar_generation,Solar,2026-08-03T23:14:45Z
2026-08-03T23:14:33Z,2026-08-04T01:14:33+0200,e09cf432-bb47-440f-9e44-a608f613abae,2026-07-21T06:00:00Z,2026-07-21T08:00:00+0200,2021.659497,MW,BE,BE,forecast_solar_generation,Solar,2026-08-03T23:14:45Z
2026-08-03T23:14:33Z,2026-08-04T01:14:33+0200,e09cf432-bb47-440f-9e44-a608f613abae,2026-07-21T07:00:00Z,2026-07-21T09:00:00+0200,3472.151507,MW,BE,BE,forecast_solar_generation,Solar,2026-08-03T23:14:45Z
2026-08-03T23:14:33Z,2026-08-04T01:14:33+0200,e09cf432-bb47-440f-9e44-a608f613abae,2026-07-21T08:00:00Z,2026-07-21T10:00:00+0200,4686.514249,MW,BE,BE,forecast_solar_generation,Solar,2026-08-03T23:14:45Z
2026-08-03T23:14:33Z,2026-08-04T01:14:33+0200,e09cf432-bb47-440f-9e44-a608f613abae,2026-07-21T09:00:00Z,2026-07-21T11:00:00+0200,5743.556249,MW,BE,BE,forecast_solar_generation,Solar,2026-08-03T23:14:45Z
2026-08-03T23:14:33Z,2026-08-04T01:14:33+0200,e09cf432-bb47-440f-9e44-a608f613abae,2026-07-21T10:00:00Z,2026-07-21T12:00:00+0200,6576.254759,MW,BE,BE,forecast_solar_generation,Solar,2026-08-03T23:14:45Z
2026-08-03T23:14:33Z,2026-08-04T01:14:33+0200,e09cf432-bb47-440f-9e44-a608f613abae,2026-07-21T11:00:00Z,2026-07-21T13:00:00+0200,7072.817018,MW,BE,BE,forecast_solar_generation,Solar,2026-08-03T23:14:45Z
2026-08-03T23:14:33Z,2026-08-04T01:14:33+0200,e09cf432-bb47-440f-9e44-a608f613abae,2026-07-21T12:00:00Z,2026-07-21T14:00:00+0200,7101.813006,MW,BE,BE,forecast_solar_generation,Solar,2026-08-03T23:14:45Z
2026-08-03T23:14:33Z,2026-08-04T01:14:33+0200,e09cf432-bb47-440f-9e44-a608f613abae,2026-07-21T13:00:00Z,2026-07-21T15:00:00+0200,6576.425007,MW,BE,BE,forecast_solar_generation,Solar,2026-08-03T23:14:45Z
2026-08-03T23:14:33Z,2026-08-04T01:14:33+0200,e09cf432-bb47-440f-9e44-a608f613abae,2026-07-21T14:00:00Z,2026-07-21T16:00:00+0200,5654.114002,MW,BE,BE,forecast_solar_generation,Solar,2026-08-03T23:14:45Z
2026-08-03T23:14:33Z,2026-08-04T01:14:33+0200,e09cf432-bb47-440f-9e44-a608f613abae,2026-07-21T15:00:00Z,2026-07-21T17:00:00+0200,4410.023751,MW,BE,BE,forecast_solar_generation,Solar,2026-08-03T23:14:45Z
2026-08-03T23:14:33Z,2026-08-04T01:14:33+0200,e09cf432-bb47-440f-9e44-a608f613abae,2026-07-21T16:00:00Z,2026-07-21T18:00:00+0200,2999.386244,MW,BE,BE,forecast_solar_generation,Solar,2026-08-03T23:14:45Z
2026-08-03T23:14:33Z,2026-08-04T01:14:33+0200,e09cf432-bb47-440f-9e44-a608f613abae,2026-07-21T17:00:00Z,2026-07-21T19:00:00+0200,1490.126748,MW,BE,BE,forecast_solar_generation,Solar,2026-08-03T23:14:45Z
2026-08-03T23:14:33Z,2026-08-04T01:14:33+0200,e09cf432-bb47-440f-9e44-a608f613abae,2026-07-21T18:00:00Z,2026-07-21T20:00:00+0200,458.406001,MW,BE,BE,forecast_solar_generation,Solar,2026-08-03T23:14:45Z
2026-08-03T23:14:33Z,2026-08-04T01:14:33+0200,e09cf432-bb47-440f-9e44-a608f613abae,2026-07-21T19:00:00Z,2026-07-21T21:00:00+0200,71.554749,MW,BE,BE,forecast_solar_generation,Solar,2026-08-03T23:14:45Z
2026-08-03T23:14:33Z,2026-08-04T01:14:33+0200,e09cf432-bb47-440f-9e44-a608f613abae,2026-07-21T20:00:00Z,2026-07-21T22:00:00+0200,0.0,MW,BE,BE,forecast_solar_generation,Solar,2026-08-03T23:14:45Z
2026-08-03T23:14:33Z,2026-08-04T01:14:33+0200,e09cf432-bb47-440f-9e44-a608f613abae,2026-07-21T21:00:00Z,2026-07-21T23:00:00+0200,0.0,MW,BE,BE,forecast_solar_generation,Solar,2026-08-03T23:14:45Z
2026-08-03T23:14:33Z,2026-08-04T01:14:33+0200,e09cf432-bb47-440f-9e44-a608f613abae,2026-07-21T22:00:00Z,2026-07-22T00:00:00+0200,0.0,MW,BE,BE,forecast_solar_generation,Solar,2026-08-03T23:14:45Z
2026-08-03T23:14:33Z,2026-08-04T01:14:33+0200,e09cf432-bb47-440f-9e44-a608f613abae,2026-07-21T23:00:00Z,2026-07-22T01:00:00+0200,0.0,MW,BE,BE,forecast_solar_generation,Solar,2026-08-03T23:14:45Z
2026-08-03T23:14:33Z,2026-08-04T01:14:33+0200,e09cf432-bb47-440f-9e44-a608f613abae,2026-07-22T00:00:00Z,2026-07-22T02:00:00+0200,0.0,MW,BE,BE,forecast_solar_generation,Solar,2026-08-03T23:14:45Z
2026-08-03T23:14:33Z,2026-08-04T01:14:33+0200,e09cf432-bb47-440f-9e44-a608f613abae,2026-07-22T01:00:00Z,2026-07-22T03:00:00+0200,0.0,MW,BE,BE,forecast_solar_generation,Solar,2026-08-03T23:14:45Z
2026-08-03T23:14:33Z,2026-08-04T01:14:33+0200,e09cf432-bb47-440f-9e44-a608f613abae,2026-07-22T02:00:00Z,2026-07-22T04:00:00+0200,0.0,MW,BE,BE,forecast_solar_generation,Solar,2026-08-03T23:14:45Z
2026-08-03T23:14:33Z,2026-08-04T01:14:33+0200,e09cf432-bb47-440f-9e44-a608f613abae,2026-07-22T03:00:00Z,2026-07-22T05:00:00+0200,0.37225,MW,BE,BE,forecast_solar_generation,Solar,2026-08-03T23:14:45Z
2026-08-03T23:14:33Z,2026-08-04T01:14:33+0200,e09cf432-bb47-440f-9e44-a608f613abae,2026-07-22T04:00:00Z,2026-07-22T06:00:00+0200,141.775749,MW,BE,BE,forecast_solar_generation,Solar,2026-08-03T23:14:45Z
2026-08-03T23:14:33Z,2026-08-04T01:14:33+0200,e09cf432-bb47-440f-9e44-a608f613abae,2026-07-22T05:00:00Z,2026-07-22T07:00:00+0200,687.02025,MW,BE,BE,forecast_solar_generation,Solar,2026-08-03T23:14:45Z
2026-08-03T23:14:33Z,2026-08-04T01:14:33+0200,e09cf432-bb47-440f-9e44-a608f613abae,2026-07-22T06:00:00Z,2026-07-22T08:00:00+0200,1383.876749,MW,BE,BE,forecast_solar_generation,Solar,2026-08-03T23:14:45Z
2026-08-03T23:14:33Z,2026-08-04T01:14:33+0200,e09cf432-bb47-440f-9e44-a608f613abae,2026-07-22T07:00:00Z,2026-07-22T09:00:00+0200,2029.022747,MW,BE,BE,forecast_solar_generation,Solar,2026-08-03T23:14:45Z
2026-08-03T23:14:33Z,2026-08-04T01:14:33+0200,e09cf432-bb47-440f-9e44-a608f613abae,2026-07-22T08:00:00Z,2026-07-22T10:00:00+0200,2653.278998,MW,BE,BE,forecast_solar_generation,Solar,2026-08-03T23:14:45Z
2026-08-03T23:14:33Z,2026-08-04T01:14:33+0200,e09cf432-bb47-440f-9e44-a608f613abae,2026-07-22T09:00:00Z,2026-07-22T11:00:00+0200,3389.19499,MW,BE,BE,forecast_solar_generation,Solar,2026-08-03T23:14:45Z
2026-08-03T23:14:33Z,2026-08-04T01:14:33+0200,e09cf432-bb47-440f-9e44-a608f613abae,2026-07-22T10:00:00Z,2026-07-22T12:00:00+0200,3993.559006,MW,BE,BE,forecast_solar_generation,Solar,2026-08-03T23:14:45Z
2026-08-03T23:14:33Z,2026-08-04T01:14:33+0200,e09cf432-bb47-440f-9e44-a608f613abae,2026-07-22T11:00:00Z,2026-07-22T13:00:00+0200,4291.610246,MW,BE,BE,forecast_solar_generation,Solar,2026-08-03T23:14:45Z
2026-08-03T23:14:33Z,2026-08-04T01:14:33+0200,e09cf432-bb47-440f-9e44-a608f613abae,2026-07-22T12:00:00Z,2026-07-22T14:00:00+0200,4309.238,MW,BE,BE,forecast_solar_generation,Solar,2026-08-03T23:14:45Z
2026-08-03T23:14:33Z,2026-08-04T01:14:33+0200,e09cf432-bb47-440f-9e44-a608f613abae,2026-07-22T13:00:00Z,2026-07-22T15:00:00+0200,4168.901002,MW,BE,BE,forecast_solar_generation,Solar,2026-08-03T23:14:45Z
2026-08-03T23:14:33Z,2026-08-04T01:14:33+0200,e09cf432-bb47-440f-9e44-a608f613abae,2026-07-22T14:00:00Z,2026-07-22T16:00:00+0200,3796.523506,MW,BE,BE,forecast_solar_generation,Solar,2026-08-03T23:14:45Z
2026-08-03T23:14:33Z,2026-08-04T01:14:33+0200,e09cf432-bb47-440f-9e44-a608f613abae,2026-07-22T15:00:00Z,2026-07-22T17:00:00+0200,3204.914998,MW,BE,BE,forecast_solar_generation,Solar,2026-08-03T23:14:45Z
2026-08-03T23:14:33Z,2026-08-04T01:14:33+0200,e09cf432-bb47-440f-9e44-a608f613abae,2026-07-22T16:00:00Z,2026-07-22T18:00:00+0200,2437.672749,MW,BE,BE,forecast_solar_generation,Solar,2026-08-03T23:14:45Z
2026-08-03T23:14:33Z,2026-08-04T01:14:33+0200,e09cf432-bb47-440f-9e44-a608f613abae,2026-07-22T17:00:00Z,2026-07-22T19:00:00+0200,1464.77,MW,BE,BE,forecast_solar_generation,Solar,2026-08-03T23:14:45Z
2026-08-03T23:14:33Z,2026-08-04T01:14:33+0200,e09cf432-bb47-440f-9e44-a608f613abae,2026-07-22T18:00:00Z,2026-07-22T20:00:00+0200,570.9525,MW,BE,BE,forecast_solar_generation,Solar,2026-08-03T23:14:45Z
2026-08-03T23:14:33Z,2026-08-04T01:14:33+0200,e09cf432-bb47-440f-9e44-a608f613abae,2026-07-22T19:00:00Z,2026-07-22T21:00:00+0200,67.6605,MW,BE,BE,forecast_solar_generation,Solar,2026-08-03T23:14:45Z
2026-08-03T23:14:33Z,2026-08-04T01:14:33+0200,e09cf432-bb47-440f-9e44-a608f613abae,2026-07-22T20:00:00Z,2026-07-22T22:00:00+0200,0.0,MW,BE,BE,forecast_solar_generation,Solar,2026-08-03T23:14:45Z
2026-08-03T23:14:33Z,2026-08-04T01:14:33+0200,e09cf432-bb47-440f-9e44-a608f613abae,2026-07-22T21:00:00Z,2026-07-22T23:00:00+0200,0.0,MW,BE,BE,forecast_solar_generation,Solar,2026-08-03T23:14:45Z
2026-08-03T23:14:33Z,2026-08-04T01:14:33+0200,e09cf432-bb47-440f-9e44-a608f613abae,2026-07-22T22:00:00Z,2026-07-23T00:00:00+0200,0.0,MW,BE,BE,forecast_solar_generation,Solar,2026-08-03T23:14:45Z
2026-08-03T23:14:33Z,2026-08-04T01:14:33+0200,e09cf432-bb47-440f-9e44-a608f613abae,2026-07-22T23:00:00Z,2026-07-23T01:00:00+0200,0.0,MW,BE,BE,forecast_solar_generation,Solar,2026-08-03T23:14:45Z
2026-08-03T23:14:33Z,2026-08-04T01:14:33+0200,e09cf432-bb47-440f-9e44-a608f613abae,2026-07-23T00:00:00Z,2026-07-23T02:00:00+0200,0.0,MW,BE,BE,forecast_solar_generation,Solar,2026-08-03T23:14:45Z
2026-08-03T23:14:33Z,2026-08-04T01:14:33+0200,e09cf432-bb47-440f-9e44-a608f613abae,2026-07-23T01:00:00Z,2026-07-23T03:00:00+0200,0.0,MW,BE,BE,forecast_solar_generation,Solar,2026-08-03T23:14:45Z
2026-08-03T23:14:33Z,2026-08-04T01:14:33+0200,e09cf432-bb47-440f-9e44-a608f613abae,2026-07-23T02:00:00Z,2026-07-23T04:00:00+0200,0.0,MW,BE,BE,forecast_solar_generation,Solar,2026-08-03T23:14:45Z
2026-08-03T23:14:33Z,2026-08-04T01:14:33+0200,e09cf432-bb47-440f-9e44-a608f613abae,2026-07-23T03:00:00Z,2026-07-23T05:00:00+0200,0.23475,MW,BE,BE,forecast_solar_generation,Solar,2026-08-03T23:14:45Z
2026-08-03T23:14:33Z,2026-08-04T01:14:33+0200,e09cf432-bb47-440f-9e44-a608f613abae,2026-07-23T04:00:00Z,2026-07-23T06:00:00+0200,154.012,MW,BE,BE,forecast_solar_generation,Solar,2026-08-03T23:14:45Z
2026-08-03T23:14:33Z,2026-08-04T01:14:33+0200,e09cf432-bb47-440f-9e44-a608f613abae,2026-07-23T05:00:00Z,2026-07-23T07:00:00+0200,763.951248,MW,BE,BE,forecast_solar_generation,Solar,2026-08-03T23:14:45Z
2026-08-03T23:14:33Z,2026-08-04T01:14:33+0200,e09cf432-bb47-440f-9e44-a608f613abae,2026-07-23T06:00:00Z,2026-07-23T08:00:00+0200,1498.57,MW,BE,BE,forecast_solar_generation,Solar,2026-08-03T23:14:45Z
2026-08-03T23:14:33Z,2026-08-04T01:14:33+0200,e09cf432-bb47-440f-9e44-a608f613abae,2026-07-23T07:00:00Z,2026-07-23T09:00:00+0200,2164.328751,MW,BE,BE,forecast_solar_generation,Solar,2026-08-03T23:14:45Z
2026-08-03T23:14:33Z,2026-08-04T01:14:33+0200,e09cf432-bb47-440f-9e44-a608f613abae,2026-07-23T08:00:00Z,2026-07-23T10:00:00+0200,2795.363754,MW,BE,BE,forecast_solar_generation,Solar,2026-08-03T23:14:45Z
2026-08-03T23:14:33Z,2026-08-04T01:14:33+0200,e09cf432-bb47-440f-9e44-a608f613abae,2026-07-23T09:00:00Z,2026-07-23T11:00:00+0200,3423.431494,MW,BE,BE,forecast_solar_generation,Solar,2026-08-03T23:14:45Z
2026-08-03T23:14:33Z,2026-08-04T01:14:33+0200,e09cf432-bb47-440f-9e44-a608f613abae,2026-07-23T10:00:00Z,2026-07-23T12:00:00+0200,4109.99775,MW,BE,BE,forecast_solar_generation,Solar,2026-08-03T23:14:45Z
2026-08-03T23:14:33Z,2026-08-04T01:14:33+0200,e09cf432-bb47-440f-9e44-a608f613abae,2026-07-23T11:00:00Z,2026-07-23T13:00:00+0200,4738.954508,MW,BE,BE,forecast_solar_generation,Solar,2026-08-03T23:14:45Z
2026-08-03T23:14:33Z,2026-08-04T01:14:33+0200,e09cf432-bb47-440f-9e44-a608f613abae,2026-07-23T12:00:00Z,2026-07-23T14:00:00+0200,5131.658247,MW,BE,BE,forecast_solar_generation,Solar,2026-08-03T23:14:45Z
2026-08-03T23:14:33Z,2026-08-04T01:14:33+0200,e09cf432-bb47-440f-9e44-a608f613abae,2026-07-23T13:00:00Z,2026-07-23T15:00:00+0200,5135.878747,MW,BE,BE,forecast_solar_generation,Solar,2026-08-03T23:14:45Z
2026-08-03T23:14:33Z,2026-08-04T01:14:33+0200,e09cf432-bb47-440f-9e44-a608f613abae,2026-07-23T14:00:00Z,2026-07-23T16:00:00+0200,4796.194753,MW,BE,BE,forecast_solar_generation,Solar,2026-08-03T23:14:45Z
2026-08-03T23:14:33Z,2026-08-04T01:14:33+0200,e09cf432-bb47-440f-9e44-a608f613abae,2026-07-23T15:00:00Z,2026-07-23T17:00:00+0200,4021.448499,MW,BE,BE,forecast_solar_generation,Solar,2026-08-03T23:14:45Z
2026-08-03T23:14:33Z,2026-08-04T01:14:33+0200,e09cf432-bb47-440f-9e44-a608f613abae,2026-07-23T16:00:00Z,2026-07-23T18:00:00+0200,2903.9965,MW,BE,BE,forecast_solar_generation,Solar,2026-08-03T23:14:45Z
2026-08-03T23:14:33Z,2026-08-04T01:14:33+0200,e09cf432-bb47-440f-9e44-a608f613abae,2026-07-23T17:00:00Z,2026-07-23T19:00:00+0200,1543.465251,MW,BE,BE,forecast_solar_generation,Solar,2026-08-03T23:14:45Z
2026-08-03T23:14:33Z,2026-08-04T01:14:33+0200,e09cf432-bb47-440f-9e44-a608f613abae,2026-07-23T18:00:00Z,2026-07-23T20:00:00+0200,489.053999,MW,BE,BE,forecast_solar_generation,Solar,2026-08-03T23:14:45Z
2026-08-03T23:14:33Z,2026-08-04T01:14:33+0200,e09cf432-bb47-440f-9e44-a608f613abae,2026-07-23T19:00:00Z,2026-07-23T21:00:00+0200,69.3205,MW,BE,BE,forecast_solar_generation,Solar,2026-08-03T23:14:45Z
2026-08-03T23:14:33Z,2026-08-04T01:14:33+0200,e09cf432-bb47-440f-9e44-a608f613abae,2026-07-23T20:00:00Z,2026-07-23T22:00:00+0200,0.0,MW,BE,BE,forecast_solar_generation,Solar,2026-08-03T23:14:45Z
2026-08-03T23:14:33Z,2026-08-04T01:14:33+0200,e09cf432-bb47-440f-9e44-a608f613abae,2026-07-23T21:00:00Z,2026-07-23T23:00:00+0200,0.0,MW,BE,BE,forecast_solar_generation,Solar,2026-08-03T23:14:45Z
2026-08-03T23:14:33Z,2026-08-04T01:14:33+0200,e09cf432-bb47-440f-9e44-a608f613abae,2026-07-23T22:00:00Z,2026-07-24T00:00:00+0200,0.0,MW,BE,BE,forecast_solar_generation,Solar,2026-08-03T23:14:45Z
2026-08-03T23:14:33Z,2026-08-04T01:14:33+0200,e09cf432-bb47-440f-9e44-a608f613abae,2026-07-23T23:00:00Z,2026-07-24T01:00:00+0200,0.0,MW,BE,BE,forecast_solar_generation,Solar,2026-08-03T23:14:45Z
2026-08-03T23:14:33Z,2026-08-04T01:14:33+0200,e09cf432-bb47-440f-9e44-a608f613abae,2026-07-24T00:00:00Z,2026-07-24T02:00:00+0200,0.0,MW,BE,BE,forecast_solar_generation,Solar,2026-08-03T23:14:45Z
2026-08-03T23:14:33Z,2026-08-04T01:14:33+0200,e09cf432-bb47-440f-9e44-a608f613abae,2026-07-24T01:00:00Z,2026-07-24T03:00:00+0200,0.0,MW,BE,BE,forecast_solar_generation,Solar,2026-08-03T23:14:45Z
2026-08-03T23:14:33Z,2026-08-04T01:14:33+0200,e09cf432-bb47-440f-9e44-a608f613abae,2026-07-24T02:00:00Z,2026-07-24T04:00:00+0200,0.0,MW,BE,BE,forecast_solar_generation,Solar,2026-08-03T23:14:45Z
2026-08-03T23:14:33Z,2026-08-04T01:14:33+0200,e09cf432-bb47-440f-9e44-a608f613abae,2026-07-24T03:00:00Z,2026-07-24T05:00:00+0200,0.1115,MW,BE,BE,forecast_solar_generation,Solar,2026-08-03T23:14:45Z
2026-08-03T23:14:33Z,2026-08-04T01:14:33+0200,e09cf432-bb47-440f-9e44-a608f613abae,2026-07-24T04:00:00Z,2026-07-24T06:00:00+0200,174.632249,MW,BE,BE,forecast_solar_generation,Solar,2026-08-03T23:14:45Z
2026-08-03T23:14:33Z,2026-08-04T01:14:33+0200,e09cf432-bb47-440f-9e44-a608f613abae,2026-07-24T05:00:00Z,2026-07-24T07:00:00+0200,794.074248,MW,BE,BE,forecast_solar_generation,Solar,2026-08-03T23:14:45Z
2026-08-03T23:14:33Z,2026-08-04T01:14:33+0200,e09cf432-bb47-440f-9e44-a608f613abae,2026-07-24T06:00:00Z,2026-07-24T08:00:00+0200,1832.544002,MW,BE,BE,forecast_solar_generation,Solar,2026-08-03T23:14:45Z
2026-08-03T23:14:33Z,2026-08-04T01:14:33+0200,e09cf432-bb47-440f-9e44-a608f613abae,2026-07-24T07:00:00Z,2026-07-24T09:00:00+0200,3008.911993,MW,BE,BE,forecast_solar_generation,Solar,2026-08-03T23:14:45Z
2026-08-03T23:14:33Z,2026-08-04T01:14:33+0200,e09cf432-bb47-440f-9e44-a608f613abae,2026-07-24T08:00:00Z,2026-07-24T10:00:00+0200,4465.7655,MW,BE,BE,forecast_solar_generation,Solar,2026-08-03T23:14:45Z
2026-08-03T23:14:33Z,2026-08-04T01:14:33+0200,e09cf432-bb47-440f-9e44-a608f613abae,2026-07-24T09:00:00Z,2026-07-24T11:00:00+0200,5633.824249,MW,BE,BE,forecast_solar_generation,Solar,2026-08-03T23:14:45Z
2026-08-03T23:14:33Z,2026-08-04T01:14:33+0200,e09cf432-bb47-440f-9e44-a608f613abae,2026-07-24T10:00:00Z,2026-07-24T12:00:00+0200,6273.884251,MW,BE,BE,forecast_solar_generation,Solar,2026-08-03T23:14:45Z
2026-08-03T23:14:33Z,2026-08-04T01:14:33+0200,e09cf432-bb47-440f-9e44-a608f613abae,2026-07-24T11:00:00Z,2026-07-24T13:00:00+0200,6324.875001,MW,BE,BE,forecast_solar_generation,Solar,2026-08-03T23:14:45Z
2026-08-03T23:14:33Z,2026-08-04T01:14:33+0200,e09cf432-bb47-440f-9e44-a608f613abae,2026-07-24T12:00:00Z,2026-07-24T14:00:00+0200,6199.125743,MW,BE,BE,forecast_solar_generation,Solar,2026-08-03T23:14:45Z
2026-08-03T23:14:33Z,2026-08-04T01:14:33+0200,e09cf432-bb47-440f-9e44-a608f613abae,2026-07-24T13:00:00Z,2026-07-24T15:00:00+0200,5848.042744,MW,BE,BE,forecast_solar_generation,Solar,2026-08-03T23:14:45Z
2026-08-03T23:14:33Z,2026-08-04T01:14:33+0200,e09cf432-bb47-440f-9e44-a608f613abae,2026-07-24T14:00:00Z,2026-07-24T16:00:00+0200,4976.377998,MW,BE,BE,forecast_solar_generation,Solar,2026-08-03T23:14:45Z
2026-08-03T23:14:33Z,2026-08-04T01:14:33+0200,e09cf432-bb47-440f-9e44-a608f613abae,2026-07-24T15:00:00Z,2026-07-24T17:00:00+0200,3884.233001,MW,BE,BE,forecast_solar_generation,Solar,2026-08-03T23:14:45Z
2026-08-03T23:14:33Z,2026-08-04T01:14:33+0200,e09cf432-bb47-440f-9e44-a608f613abae,2026-07-24T16:00:00Z,2026-07-24T18:00:00+0200,2684.067002,MW,BE,BE,forecast_solar_generation,Solar,2026-08-03T23:14:45Z
2026-08-03T23:14:33Z,2026-08-04T01:14:33+0200,e09cf432-bb47-440f-9e44-a608f613abae,2026-07-24T17:00:00Z,2026-07-24T19:00:00+0200,1471.783001,MW,BE,BE,forecast_solar_generation,Solar,2026-08-03T23:14:45Z
2026-08-03T23:14:33Z,2026-08-04T01:14:33+0200,e09cf432-bb47-440f-9e44-a608f613abae,2026-07-24T18:00:00Z,2026-07-24T20:00:00+0200,516.870501,MW,BE,BE,forecast_solar_generation,Solar,2026-08-03T23:14:45Z
2026-08-03T23:14:33Z,2026-08-04T01:14:33+0200,e09cf432-bb47-440f-9e44-a608f613abae,2026-07-24T19:00:00Z,2026-07-24T21:00:00+0200,62.06625,MW,BE,BE,forecast_solar_generation,Solar,2026-08-03T23:14:45Z
2026-08-03T23:14:33Z,2026-08-04T01:14:33+0200,e09cf432-bb47-440f-9e44-a608f613abae,2026-07-24T20:00:00Z,2026-07-24T22:00:00+0200,0.0,MW,BE,BE,forecast_solar_generation,Solar,2026-08-03T23:14:45Z
2026-08-03T23:14:33Z,2026-08-04T01:14:33+0200,e09cf432-bb47-440f-9e44-a608f613abae,2026-07-24T21:00:00Z,2026-07-24T23:00:00+0200,0.0,MW,BE,BE,forecast_solar_generation,Solar,2026-08-03T23:14:45Z
2026-08-03T23:14:33Z,2026-08-04T01:14:33+0200,e09cf432-bb47-440f-9e44-a608f613abae,2026-07-24T22:00:00Z,2026-07-25T00:00:00+0200,0.0,MW,BE,BE,forecast_solar_generation,Solar,2026-08-03T23:14:45Z
2026-08-03T23:14:33Z,2026-08-04T01:14:33+0200,e09cf432-bb47-440f-9e44-a608f613abae,2026-07-24T23:00:00Z,2026-07-25T01:00:00+0200,0.0,MW,BE,BE,forecast_solar_generation,Solar,2026-08-03T23:14:45Z
2026-08-03T23:14:33Z,2026-08-04T01:14:33+0200,e09cf432-bb47-440f-9e44-a608f613abae,2026-07-25T00:00:00Z,2026-07-25T02:00:00+0200,0.0,MW,BE,BE,forecast_solar_generation,Solar,2026-08-03T23:14:45Z
2026-08-03T23:14:33Z,2026-08-04T01:14:33+0200,e09cf432-bb47-440f-9e44-a608f613abae,2026-07-25T01:00:00Z,2026-07-25T03:00:00+0200,0.0,MW,BE,BE,forecast_solar_generation,Solar,2026-08-03T23:14:45Z
2026-08-03T23:14:33Z,2026-08-04T01:14:33+0200,e09cf432-bb47-440f-9e44-a608f613abae,2026-07-25T02:00:00Z,2026-07-25T04:00:00+0200,0.0,MW,BE,BE,forecast_solar_generation,Solar,2026-08-03T23:14:45Z
2026-08-03T23:14:33Z,2026-08-04T01:14:33+0200,e09cf432-bb47-440f-9e44-a608f613abae,2026-07-25T03:00:00Z,2026-07-25T05:00:00+0200,0.0255,MW,BE,BE,forecast_solar_generation,Solar,2026-08-03T23:14:45Z
2026-08-03T23:14:33Z,2026-08-04T01:14:33+0200,e09cf432-bb47-440f-9e44-a608f613abae,2026-07-25T04:00:00Z,2026-07-25T06:00:00+0200,162.817,MW,BE,BE,forecast_solar_generation,Solar,2026-08-03T23:14:45Z
2026-08-03T23:14:33Z,2026-08-04T01:14:33+0200,e09cf432-bb47-440f-9e44-a608f613abae,2026-07-25T05:00:00Z,2026-07-25T07:00:00+0200,719.172249,MW,BE,BE,forecast_solar_generation,Solar,2026-08-03T23:14:45Z
2026-08-03T23:14:33Z,2026-08-04T01:14:33+0200,e09cf432-bb47-440f-9e44-a608f613abae,2026-07-25T06:00:00Z,2026-07-25T08:00:00+0200,1972.224999,MW,BE,BE,forecast_solar_generation,Solar,2026-08-03T23:14:45Z
2026-08-03T23:14:33Z,2026-08-04T01:14:33+0200,e09cf432-bb47-440f-9e44-a608f613abae,2026-07-25T07:00:00Z,2026-07-25T09:00:00+0200,3520.764503,MW,BE,BE,forecast_solar_generation,Solar,2026-08-03T23:14:45Z
2026-08-03T23:14:33Z,2026-08-04T01:14:33+0200,e09cf432-bb47-440f-9e44-a608f613abae,2026-07-25T08:00:00Z,2026-07-25T10:00:00+0200,5131.168747,MW,BE,BE,forecast_solar_generation,Solar,2026-08-03T23:14:45Z
2026-08-03T23:14:33Z,2026-08-04T01:14:33+0200,e09cf432-bb47-440f-9e44-a608f613abae,2026-07-25T09:00:00Z,2026-07-25T11:00:00+0200,6272.938004,MW,BE,BE,forecast_solar_generation,Solar,2026-08-03T23:14:45Z
2026-08-03T23:14:33Z,2026-08-04T01:14:33+0200,e09cf432-bb47-440f-9e44-a608f613abae,2026-07-25T10:00:00Z,2026-07-25T12:00:00+0200,6743.195255,MW,BE,BE,forecast_solar_generation,Solar,2026-08-03T23:14:45Z
2026-08-03T23:14:33Z,2026-08-04T01:14:33+0200,e09cf432-bb47-440f-9e44-a608f613abae,2026-07-25T11:00:00Z,2026-07-25T13:00:00+0200,6557.63225,MW,BE,BE,forecast_solar_generation,Solar,2026-08-03T23:14:45Z
2026-08-03T23:14:33Z,2026-08-04T01:14:33+0200,e09cf432-bb47-440f-9e44-a608f613abae,2026-07-25T12:00:00Z,2026-07-25T14:00:00+0200,6002.195003,MW,BE,BE,forecast_solar_generation,Solar,2026-08-03T23:14:45Z
2026-08-03T23:14:33Z,2026-08-04T01:14:33+0200,e09cf432-bb47-440f-9e44-a608f613abae,2026-07-25T13:00:00Z,2026-07-25T15:00:00+0200,5439.697251,MW,BE,BE,forecast_solar_generation,Solar,2026-08-03T23:14:45Z
2026-08-03T23:14:33Z,2026-08-04T01:14:33+0200,e09cf432-bb47-440f-9e44-a608f613abae,2026-07-25T14:00:00Z,2026-07-25T16:00:00+0200,4811.859989,MW,BE,BE,forecast_solar_generation,Solar,2026-08-03T23:14:45Z
2026-08-03T23:14:33Z,2026-08-04T01:14:33+0200,e09cf432-bb47-440f-9e44-a608f613abae,2026-07-25T15:00:00Z,2026-07-25T17:00:00+0200,3890.845753,MW,BE,BE,forecast_solar_generation,Solar,2026-08-03T23:14:45Z
2026-08-03T23:14:33Z,2026-08-04T01:14:33+0200,e09cf432-bb47-440f-9e44-a608f613abae,2026-07-25T16:00:00Z,2026-07-25T18:00:00+0200,2808.775999,MW,BE,BE,forecast_solar_generation,Solar,2026-08-03T23:14:45Z
2026-08-03T23:14:33Z,2026-08-04T01:14:33+0200,e09cf432-bb47-440f-9e44-a608f613abae,2026-07-25T17:00:00Z,2026-07-25T19:00:00+0200,1519.148498,MW,BE,BE,forecast_solar_generation,Solar,2026-08-03T23:14:45Z
2026-08-03T23:14:33Z,2026-08-04T01:14:33+0200,e09cf432-bb47-440f-9e44-a608f613abae,2026-07-25T18:00:00Z,2026-07-25T20:00:00+0200,485.8285,MW,BE,BE,forecast_solar_generation,Solar,2026-08-03T23:14:45Z
2026-08-03T23:14:33Z,2026-08-04T01:14:33+0200,e09cf432-bb47-440f-9e44-a608f613abae,2026-07-25T19:00:00Z,2026-07-25T21:00:00+0200,59.3025,MW,BE,BE,forecast_solar_generation,Solar,2026-08-03T23:14:45Z
2026-08-03T23:14:33Z,2026-08-04T01:14:33+0200,e09cf432-bb47-440f-9e44-a608f613abae,2026-07-25T20:00:00Z,2026-07-25T22:00:00+0200,0.0,MW,BE,BE,forecast_solar_generation,Solar,2026-08-03T23:14:45Z
2026-08-03T23:14:33Z,2026-08-04T01:14:33+0200,e09cf432-bb47-440f-9e44-a608f613abae,2026-07-25T21:00:00Z,2026-07-25T23:00:00+0200,0.0,MW,BE,BE,forecast_solar_generation,Solar,2026-08-03T23:14:45Z
2026-08-03T23:14:33Z,2026-08-04T01:14:33+0200,e09cf432-bb47-440f-9e44-a608f613abae,2026-07-25T22:00:00Z,2026-07-26T00:00:00+0200,0.0,MW,BE,BE,forecast_solar_generation,Solar,2026-08-03T23:14:45Z
2026-08-03T23:14:33Z,2026-08-04T01:14:33+0200,e09cf432-bb47-440f-9e44-a608f613abae,2026-07-25T23:00:00Z,2026-07-26T01:00:00+0200,0.0,MW,BE,BE,forecast_solar_generation,Solar,2026-08-03T23:14:45Z
2026-08-03T23:14:33Z,2026-08-04T01:14:33+0200,e09cf432-bb47-440f-9e44-a608f613abae,2026-07-26T00:00:00Z,2026-07-26T02:00:00+0200,0.0,MW,BE,BE,forecast_solar_generation,Solar,2026-08-03T23:14:45Z
2026-08-03T23:14:33Z,2026-08-04T01:14:33+0200,e09cf432-bb47-440f-9e44-a608f613abae,2026-07-26T01:00:00Z,2026-07-26T03:00:00+0200,0.0,MW,BE,BE,forecast_solar_generation,Solar,2026-08-03T23:14:45Z
2026-08-03T23:14:33Z,2026-08-04T01:14:33+0200,e09cf432-bb47-440f-9e44-a608f613abae,2026-07-26T02:00:00Z,2026-07-26T04:00:00+0200,0.0,MW,BE,BE,forecast_solar_generation,Solar,2026-08-03T23:14:45Z
2026-08-03T23:14:33Z,2026-08-04T01:14:33+0200,e09cf432-bb47-440f-9e44-a608f613abae,2026-07-26T03:00:00Z,2026-07-26T05:00:00+0200,0.0005,MW,BE,BE,forecast_solar_generation,Solar,2026-08-03T23:14:45Z
2026-08-03T23:14:33Z,2026-08-04T01:14:33+0200,e09cf432-bb47-440f-9e44-a608f613abae,2026-07-26T04:00:00Z,2026-07-26T06:00:00+0200,130.532249,MW,BE,BE,forecast_solar_generation,Solar,2026-08-03T23:14:45Z
2026-08-03T23:14:33Z,2026-08-04T01:14:33+0200,e09cf432-bb47-440f-9e44-a608f613abae,2026-07-26T05:00:00Z,2026-07-26T07:00:00+0200,667.3545,MW,BE,BE,forecast_solar_generation,Solar,2026-08-03T23:14:45Z
2026-08-03T23:14:33Z,2026-08-04T01:14:33+0200,e09cf432-bb47-440f-9e44-a608f613abae,2026-07-26T06:00:00Z,2026-07-26T08:00:00+0200,1412.187998,MW,BE,BE,forecast_solar_generation,Solar,2026-08-03T23:14:45Z
2026-08-03T23:14:33Z,2026-08-04T01:14:33+0200,e09cf432-bb47-440f-9e44-a608f613abae,2026-07-26T07:00:00Z,2026-07-26T09:00:00+0200,1903.001748,MW,BE,BE,forecast_solar_generation,Solar,2026-08-03T23:14:45Z
2026-08-03T23:14:33Z,2026-08-04T01:14:33+0200,e09cf432-bb47-440f-9e44-a608f613abae,2026-07-26T08:00:00Z,2026-07-26T10:00:00+0200,2204.808002,MW,BE,BE,forecast_solar_generation,Solar,2026-08-03T23:14:45Z
2026-08-03T23:14:33Z,2026-08-04T01:14:33+0200,e09cf432-bb47-440f-9e44-a608f613abae,2026-07-26T09:00:00Z,2026-07-26T11:00:00+0200,2348.793246,MW,BE,BE,forecast_solar_generation,Solar,2026-08-03T23:14:45Z
2026-08-03T23:14:33Z,2026-08-04T01:14:33+0200,e09cf432-bb47-440f-9e44-a608f613abae,2026-07-26T10:00:00Z,2026-07-26T12:00:00+0200,2568.55525,MW,BE,BE,forecast_solar_generation,Solar,2026-08-03T23:14:45Z
2026-08-03T23:14:33Z,2026-08-04T01:14:33+0200,e09cf432-bb47-440f-9e44-a608f613abae,2026-07-26T11:00:00Z,2026-07-26T13:00:00+0200,2749.848001,MW,BE,BE,forecast_solar_generation,Solar,2026-08-03T23:14:45Z
2026-08-03T23:14:33Z,2026-08-04T01:14:33+0200,e09cf432-bb47-440f-9e44-a608f613abae,2026-07-26T12:00:00Z,2026-07-26T14:00:00+0200,2865.368247,MW,BE,BE,forecast_solar_generation,Solar,2026-08-03T23:14:45Z
2026-08-03T23:14:33Z,2026-08-04T01:14:33+0200,e09cf432-bb47-440f-9e44-a608f613abae,2026-07-26T13:00:00Z,2026-07-26T15:00:00+0200,3015.508997,MW,BE,BE,forecast_solar_generation,Solar,2026-08-03T23:14:45Z
2026-08-03T23:14:33Z,2026-08-04T01:14:33+0200,e09cf432-bb47-440f-9e44-a608f613abae,2026-07-26T14:00:00Z,2026-07-26T16:00:00+0200,3031.207997,MW,BE,BE,forecast_solar_generation,Solar,2026-08-03T23:14:45Z
2026-08-03T23:14:33Z,2026-08-04T01:14:33+0200,e09cf432-bb47-440f-9e44-a608f613abae,2026-07-26T15:00:00Z,2026-07-26T17:00:00+0200,2765.457252,MW,BE,BE,forecast_solar_generation,Solar,2026-08-03T23:14:45Z
2026-08-03T23:14:33Z,2026-08-04T01:14:33+0200,e09cf432-bb47-440f-9e44-a608f613abae,2026-07-26T16:00:00Z,2026-07-26T18:00:00+0200,2113.616001,MW,BE,BE,forecast_solar_generation,Solar,2026-08-03T23:14:45Z
2026-08-03T23:14:33Z,2026-08-04T01:14:33+0200,e09cf432-bb47-440f-9e44-a608f613abae,2026-07-26T17:00:00Z,2026-07-26T19:00:00+0200,1274.868249,MW,BE,BE,forecast_solar_generation,Solar,2026-08-03T23:14:45Z
2026-08-03T23:14:33Z,2026-08-04T01:14:33+0200,e09cf432-bb47-440f-9e44-a608f613abae,2026-07-26T18:00:00Z,2026-07-26T20:00:00+0200,472.32875,MW,BE,BE,forecast_solar_generation,Solar,2026-08-03T23:14:45Z
2026-08-03T23:14:33Z,2026-08-04T01:14:33+0200,e09cf432-bb47-440f-9e44-a608f613abae,2026-07-26T19:00:00Z,2026-07-26T21:00:00+0200,45.242499,MW,BE,BE,forecast_solar_generation,Solar,2026-08-03T23:14:45Z
2026-08-03T23:14:33Z,2026-08-04T01:14:33+0200,e09cf432-bb47-440f-9e44-a608f613abae,2026-07-26T20:00:00Z,2026-07-26T22:00:00+0200,0.0,MW,BE,BE,forecast_solar_generation,Solar,2026-08-03T23:14:45Z
2026-08-03T23:14:33Z,2026-08-04T01:14:33+0200,e09cf432-bb47-440f-9e44-a608f613abae,2026-07-26T21:00:00Z,2026-07-26T23:00:00+0200,0.0,MW,BE,BE,forecast_solar_generation,Solar,2026-08-03T23:14:45Z
2026-08-03T23:14:33Z,2026-08-04T01:14:33+0200,e09cf432-bb47-440f-9e44-a608f613abae,2026-07-26T22:00:00Z,2026-07-27T00:00:00+0200,0.0,MW,BE,BE,forecast_solar_generation,Solar,2026-08-03T23:14:45Z
2026-08-03T23:14:33Z,2026-08-04T01:14:33+0200,e09cf432-bb47-440f-9e44-a608f613abae,2026-07-26T23:00:00Z,2026-07-27T01:00:00+0200,0.0,MW,BE,BE,forecast_solar_generation,Solar,2026-08-03T23:14:45Z
2026-08-03T23:14:33Z,2026-08-04T01:14:33+0200,e09cf432-bb47-440f-9e44-a608f613abae,2026-07-27T00:00:00Z,2026-07-27T02:00:00+0200,0.0,MW,BE,BE,forecast_solar_generation,Solar,2026-08-03T23:14:45Z
2026-08-03T23:14:33Z,2026-08-04T01:14:33+0200,e09cf432-bb47-440f-9e44-a608f613abae,2026-07-27T01:00:00Z,2026-07-27T03:00:00+0200,0.0,MW,BE,BE,forecast_solar_generation,Solar,2026-08-03T23:14:45Z
2026-08-03T23:14:33Z,2026-08-04T01:14:33+0200,e09cf432-bb47-440f-9e44-a608f613abae,2026-07-27T02:00:00Z,2026-07-27T04:00:00+0200,0.0,MW,BE,BE,forecast_solar_generation,Solar,2026-08-03T23:14:45Z
2026-08-03T23:14:33Z,2026-08-04T01:14:33+0200,e09cf432-bb47-440f-9e44-a608f613abae,2026-07-27T03:00:00Z,2026-07-27T05:00:00+0200,0.0,MW,BE,BE,forecast_solar_generation,Solar,2026-08-03T23:14:45Z
2026-08-03T23:14:33Z,2026-08-04T01:14:33+0200,e09cf432-bb47-440f-9e44-a608f613abae,2026-07-27T04:00:00Z,2026-07-27T06:00:00+0200,153.78375,MW,BE,BE,forecast_solar_generation,Solar,2026-08-03T23:14:45Z
2026-08-03T23:14:33Z,2026-08-04T01:14:33+0200,e09cf432-bb47-440f-9e44-a608f613abae,2026-07-27T05:00:00Z,2026-07-27T07:00:00+0200,760.41475,MW,BE,BE,forecast_solar_generation,Solar,2026-08-03T23:14:45Z
2026-08-03T23:14:33Z,2026-08-04T01:14:33+0200,e09cf432-bb47-440f-9e44-a608f613abae,2026-07-27T06:00:00Z,2026-07-27T08:00:00+0200,1857.863499,MW,BE,BE,forecast_solar_generation,Solar,2026-08-03T23:14:45Z
2026-08-03T23:14:33Z,2026-08-04T01:14:33+0200,e09cf432-bb47-440f-9e44-a608f613abae,2026-07-27T07:00:00Z,2026-07-27T09:00:00+0200,2961.021248,MW,BE,BE,forecast_solar_generation,Solar,2026-08-03T23:14:45Z
2026-08-03T23:14:33Z,2026-08-04T01:14:33+0200,e09cf432-bb47-440f-9e44-a608f613abae,2026-07-27T08:00:00Z,2026-07-27T10:00:00+0200,4043.093998,MW,BE,BE,forecast_solar_generation,Solar,2026-08-03T23:14:45Z
2026-08-03T23:14:33Z,2026-08-04T01:14:33+0200,e09cf432-bb47-440f-9e44-a608f613abae,2026-07-27T09:00:00Z,2026-07-27T11:00:00+0200,4578.439505,MW,BE,BE,forecast_solar_generation,Solar,2026-08-03T23:14:45Z
2026-08-03T23:14:33Z,2026-08-04T01:14:33+0200,e09cf432-bb47-440f-9e44-a608f613abae,2026-07-27T10:00:00Z,2026-07-27T12:00:00+0200,4808.718253,MW,BE,BE,forecast_solar_generation,Solar,2026-08-03T23:14:45Z
2026-08-03T23:14:33Z,2026-08-04T01:14:33+0200,e09cf432-bb47-440f-9e44-a608f613abae,2026-07-27T11:00:00Z,2026-07-27T13:00:00+0200,5028.120253,MW,BE,BE,forecast_solar_generation,Solar,2026-08-03T23:14:45Z
2026-08-03T23:14:33Z,2026-08-04T01:14:33+0200,e09cf432-bb47-440f-9e44-a608f613abae,2026-07-27T12:00:00Z,2026-07-27T14:00:00+0200,5174.189998,MW,BE,BE,forecast_solar_generation,Solar,2026-08-03T23:14:45Z
2026-08-03T23:14:33Z,2026-08-04T01:14:33+0200,e09cf432-bb47-440f-9e44-a608f613abae,2026-07-27T13:00:00Z,2026-07-27T15:00:00+0200,5045.802003,MW,BE,BE,forecast_solar_generation,Solar,2026-08-03T23:14:45Z
2026-08-03T23:14:33Z,2026-08-04T01:14:33+0200,e09cf432-bb47-440f-9e44-a608f613abae,2026-07-27T14:00:00Z,2026-07-27T16:00:00+0200,4620.951242,MW,BE,BE,forecast_solar_generation,Solar,2026-08-03T23:14:45Z
2026-08-03T23:14:33Z,2026-08-04T01:14:33+0200,e09cf432-bb47-440f-9e44-a608f613abae,2026-07-27T15:00:00Z,2026-07-27T17:00:00+0200,3868.744248,MW,BE,BE,forecast_solar_generation,Solar,2026-08-03T23:14:45Z
2026-08-03T23:14:33Z,2026-08-04T01:14:33+0200,e09cf432-bb47-440f-9e44-a608f613abae,2026-07-27T16:00:00Z,2026-07-27T18:00:00+0200,2830.452745,MW,BE,BE,forecast_solar_generation,Solar,2026-08-03T23:14:45Z
2026-08-03T23:14:33Z,2026-08-04T01:14:33+0200,e09cf432-bb47-440f-9e44-a608f613abae,2026-07-27T17:00:00Z,2026-07-27T19:00:00+0200,1502.697999,MW,BE,BE,forecast_solar_generation,Solar,2026-08-03T23:14:45Z
2026-08-03T23:14:33Z,2026-08-04T01:14:33+0200,e09cf432-bb47-440f-9e44-a608f613abae,2026-07-27T18:00:00Z,2026-07-27T20:00:00+0200,444.4915,MW,BE,BE,forecast_solar_generation,Solar,2026-08-03T23:14:45Z
2026-08-03T23:14:33Z,2026-08-04T01:14:33+0200,e09cf432-bb47-440f-9e44-a608f613abae,2026-07-27T19:00:00Z,2026-07-27T21:00:00+0200,50.276,MW,BE,BE,forecast_solar_generation,Solar,2026-08-03T23:14:45Z
2026-08-03T23:14:33Z,2026-08-04T01:14:33+0200,e09cf432-bb47-440f-9e44-a608f613abae,2026-07-27T20:00:00Z,2026-07-27T22:00:00+0200,0.0,MW,BE,BE,forecast_solar_generation,Solar,2026-08-03T23:14:45Z
2026-08-03T23:14:33Z,2026-08-04T01:14:33+0200,e09cf432-bb47-440f-9e44-a608f613abae,2026-07-27T21:00:00Z,2026-07-27T23:00:00+0200,0.0,MW,BE,BE,forecast_solar_generation,Solar,2026-08-03T23:14:45Z
2026-08-03T23:14:33Z,2026-08-04T01:14:33+0200,e09cf432-bb47-440f-9e44-a608f613abae,2026-07-27T22:00:00Z,2026-07-28T00:00:00+0200,0.0,MW,BE,BE,forecast_solar_generation,Solar,2026-08-03T23:14:45Z
2026-08-03T23:14:33Z,2026-08-04T01:14:33+0200,e09cf432-bb47-440f-9e44-a608f613abae,2026-07-27T23:00:00Z,2026-07-28T01:00:00+0200,0.0,MW,BE,BE,forecast_solar_generation,Solar,2026-08-03T23:14:45Z
2026-08-03T23:14:33Z,2026-08-04T01:14:33+0200,e09cf432-bb47-440f-9e44-a608f613abae,2026-07-28T00:00:00Z,2026-07-28T02:00:00+0200,0.0,MW,BE,BE,forecast_solar_generation,Solar,2026-08-03T23:14:45Z
2026-08-03T23:14:33Z,2026-08-04T01:14:33+0200,e09cf432-bb47-440f-9e44-a608f613abae,2026-07-28T01:00:00Z,2026-07-28T03:00:00+0200,0.0,MW,BE,BE,forecast_solar_generation,Solar,2026-08-03T23:14:45Z
2026-08-03T23:14:33Z,2026-08-04T01:14:33+0200,e09cf432-bb47-440f-9e44-a608f613abae,2026-07-28T02:00:00Z,2026-07-28T04:00:00+0200,0.0,MW,BE,BE,forecast_solar_generation,Solar,2026-08-03T23:14:45Z
2026-08-03T23:14:33Z,2026-08-04T01:14:33+0200,e09cf432-bb47-440f-9e44-a608f613abae,2026-07-28T03:00:00Z,2026-07-28T05:00:00+0200,0.0,MW,BE,BE,forecast_solar_generation,Solar,2026-08-03T23:14:45Z
2026-08-03T23:14:33Z,2026-08-04T01:14:33+0200,e09cf432-bb47-440f-9e44-a608f613abae,2026-07-28T04:00:00Z,2026-07-28T06:00:00+0200,141.183499,MW,BE,BE,forecast_solar_generation,Solar,2026-08-03T23:14:45Z
2026-08-03T23:14:33Z,2026-08-04T01:14:33+0200,e09cf432-bb47-440f-9e44-a608f613abae,2026-07-28T05:00:00Z,2026-07-28T07:00:00+0200,668.06575,MW,BE,BE,forecast_solar_generation,Solar,2026-08-03T23:14:45Z
2026-08-03T23:14:33Z,2026-08-04T01:14:33+0200,e09cf432-bb47-440f-9e44-a608f613abae,2026-07-28T06:00:00Z,2026-07-28T08:00:00+0200,1936.830249,MW,BE,BE,forecast_solar_generation,Solar,2026-08-03T23:14:45Z
2026-08-03T23:14:33Z,2026-08-04T01:14:33+0200,e09cf432-bb47-440f-9e44-a608f613abae,2026-07-28T07:00:00Z,2026-07-28T09:00:00+0200,3557.452001,MW,BE,BE,forecast_solar_generation,Solar,2026-08-03T23:14:45Z
2026-08-03T23:14:33Z,2026-08-04T01:14:33+0200,e09cf432-bb47-440f-9e44-a608f613abae,2026-07-28T08:00:00Z,2026-07-28T10:00:00+0200,5370.971256,MW,BE,BE,forecast_solar_generation,Solar,2026-08-03T23:14:45Z
2026-08-03T23:14:33Z,2026-08-04T01:14:33+0200,e09cf432-bb47-440f-9e44-a608f613abae,2026-07-28T09:00:00Z,2026-07-28T11:00:00+0200,6737.922496,MW,BE,BE,forecast_solar_generation,Solar,2026-08-03T23:14:45Z
2026-08-03T23:14:33Z,2026-08-04T01:14:33+0200,e09cf432-bb47-440f-9e44-a608f613abae,2026-07-28T10:00:00Z,2026-07-28T12:00:00+0200,7581.805991,MW,BE,BE,forecast_solar_generation,Solar,2026-08-03T23:14:45Z
2026-08-03T23:14:33Z,2026-08-04T01:14:33+0200,e09cf432-bb47-440f-9e44-a608f613abae,2026-07-28T11:00:00Z,2026-07-28T13:00:00+0200,7915.454248,MW,BE,BE,forecast_solar_generation,Solar,2026-08-03T23:14:45Z
2026-08-03T23:14:33Z,2026-08-04T01:14:33+0200,e09cf432-bb47-440f-9e44-a608f613abae,2026-07-28T12:00:00Z,2026-07-28T14:00:00+0200,7803.36775,MW,BE,BE,forecast_solar_generation,Solar,2026-08-03T23:14:45Z
2026-08-03T23:14:33Z,2026-08-04T01:14:33+0200,e09cf432-bb47-440f-9e44-a608f613abae,2026-07-28T13:00:00Z,2026-07-28T15:00:00+0200,7230.21549,MW,BE,BE,forecast_solar_generation,Solar,2026-08-03T23:14:45Z
2026-08-03T23:14:33Z,2026-08-04T01:14:33+0200,e09cf432-bb47-440f-9e44-a608f613abae,2026-07-28T14:00:00Z,2026-07-28T16:00:00+0200,6141.785252,MW,BE,BE,forecast_solar_generation,Solar,2026-08-03T23:14:45Z
2026-08-03T23:14:33Z,2026-08-04T01:14:33+0200,e09cf432-bb47-440f-9e44-a608f613abae,2026-07-28T15:00:00Z,2026-07-28T17:00:00+0200,4709.052251,MW,BE,BE,forecast_solar_generation,Solar,2026-08-03T23:14:45Z
2026-08-03T23:14:33Z,2026-08-04T01:14:33+0200,e09cf432-bb47-440f-9e44-a608f613abae,2026-07-28T16:00:00Z,2026-07-28T18:00:00+0200,3110.382997,MW,BE,BE,forecast_solar_generation,Solar,2026-08-03T23:14:45Z
2026-08-03T23:14:33Z,2026-08-04T01:14:33+0200,e09cf432-bb47-440f-9e44-a608f613abae,2026-07-28T17:00:00Z,2026-07-28T19:00:00+0200,1478.12275,MW,BE,BE,forecast_solar_generation,Solar,2026-08-03T23:14:45Z
2026-08-03T23:14:33Z,2026-08-04T01:14:33+0200,e09cf432-bb47-440f-9e44-a608f613abae,2026-07-28T18:00:00Z,2026-07-28T20:00:00+0200,404.607499,MW,BE,BE,forecast_solar_generation,Solar,2026-08-03T23:14:45Z
2026-08-03T23:14:33Z,2026-08-04T01:14:33+0200,e09cf432-bb47-440f-9e44-a608f613abae,2026-07-28T19:00:00Z,2026-07-28T21:00:00+0200,47.03325,MW,BE,BE,forecast_solar_generation,Solar,2026-08-03T23:14:45Z
2026-08-03T23:14:33Z,2026-08-04T01:14:33+0200,e09cf432-bb47-440f-9e44-a608f613abae,2026-07-28T20:00:00Z,2026-07-28T22:00:00+0200,0.0,MW,BE,BE,forecast_solar_generation,Solar,2026-08-03T23:14:45Z
2026-08-03T23:14:33Z,2026-08-04T01:14:33+0200,e09cf432-bb47-440f-9e44-a608f613abae,2026-07-28T21:00:00Z,2026-07-28T23:00:00+0200,0.0,MW,BE,BE,forecast_solar_generation,Solar,2026-08-03T23:14:45Z
2026-08-03T23:14:33Z,2026-08-04T01:14:33+0200,e09cf432-bb47-440f-9e44-a608f613abae,2026-07-28T22:00:00Z,2026-07-29T00:00:00+0200,0.0,MW,BE,BE,forecast_solar_generation,Solar,2026-08-03T23:14:45Z
2026-08-03T23:14:33Z,2026-08-04T01:14:33+0200,e09cf432-bb47-440f-9e44-a608f613abae,2026-07-28T23:00:00Z,2026-07-29T01:00:00+0200,0.0,MW,BE,BE,forecast_solar_generation,Solar,2026-08-03T23:14:45Z
2026-08-03T23:14:33Z,2026-08-04T01:14:33+0200,e09cf432-bb47-440f-9e44-a608f613abae,2026-07-29T00:00:00Z,2026-07-29T02:00:00+0200,0.0,MW,BE,BE,forecast_solar_generation,Solar,2026-08-03T23:14:45Z
2026-08-03T23:14:33Z,2026-08-04T01:14:33+0200,e09cf432-bb47-440f-9e44-a608f613abae,2026-07-29T01:00:00Z,2026-07-29T03:00:00+0200,0.0,MW,BE,BE,forecast_solar_generation,Solar,2026-08-03T23:14:45Z
2026-08-03T23:14:33Z,2026-08-04T01:14:33+0200,e09cf432-bb47-440f-9e44-a608f613abae,2026-07-29T02:00:00Z,2026-07-29T04:00:00+0200,0.0,MW,BE,BE,forecast_solar_generation,Solar,2026-08-03T23:14:45Z
2026-08-03T23:14:33Z,2026-08-04T01:14:33+0200,e09cf432-bb47-440f-9e44-a608f613abae,2026-07-29T03:00:00Z,2026-07-29T05:00:00+0200,0.0,MW,BE,BE,forecast_solar_generation,Solar,2026-08-03T23:14:45Z
2026-08-03T23:14:33Z,2026-08-04T01:14:33+0200,e09cf432-bb47-440f-9e44-a608f613abae,2026-07-29T04:00:00Z,2026-07-29T06:00:00+0200,133.2325,MW,BE,BE,forecast_solar_generation,Solar,2026-08-03T23:14:45Z
2026-08-03T23:14:33Z,2026-08-04T01:14:33+0200,e09cf432-bb47-440f-9e44-a608f613abae,2026-07-29T05:00:00Z,2026-07-29T07:00:00+0200,640.8815,MW,BE,BE,forecast_solar_generation,Solar,2026-08-03T23:14:45Z
2026-08-03T23:14:33Z,2026-08-04T01:14:33+0200,e09cf432-bb47-440f-9e44-a608f613abae,2026-07-29T06:00:00Z,2026-07-29T08:00:00+0200,1880.862498,MW,BE,BE,forecast_solar_generation,Solar,2026-08-03T23:14:45Z
2026-08-03T23:14:33Z,2026-08-04T01:14:33+0200,e09cf432-bb47-440f-9e44-a608f613abae,2026-07-29T07:00:00Z,2026-07-29T09:00:00+0200,3500.062497,MW,BE,BE,forecast_solar_generation,Solar,2026-08-03T23:14:45Z
2026-08-03T23:14:33Z,2026-08-04T01:14:33+0200,e09cf432-bb47-440f-9e44-a608f613abae,2026-07-29T08:00:00Z,2026-07-29T10:00:00+0200,5393.409748,MW,BE,BE,forecast_solar_generation,Solar,2026-08-03T23:14:45Z
2026-08-03T23:14:33Z,2026-08-04T01:14:33+0200,e09cf432-bb47-440f-9e44-a608f613abae,2026-07-29T09:00:00Z,2026-07-29T11:00:00+0200,6802.496741,MW,BE,BE,forecast_solar_generation,Solar,2026-08-03T23:14:45Z
2026-08-03T23:14:33Z,2026-08-04T01:14:33+0200,e09cf432-bb47-440f-9e44-a608f613abae,2026-07-29T10:00:00Z,2026-07-29T12:00:00+0200,7659.18875,MW,BE,BE,forecast_solar_generation,Solar,2026-08-03T23:14:45Z
2026-08-03T23:14:33Z,2026-08-04T01:14:33+0200,e09cf432-bb47-440f-9e44-a608f613abae,2026-07-29T11:00:00Z,2026-07-29T13:00:00+0200,8033.611739,MW,BE,BE,forecast_solar_generation,Solar,2026-08-03T23:14:45Z
2026-08-03T23:14:33Z,2026-08-04T01:14:33+0200,e09cf432-bb47-440f-9e44-a608f613abae,2026-07-29T12:00:00Z,2026-07-29T14:00:00+0200,7972.715251,MW,BE,BE,forecast_solar_generation,Solar,2026-08-03T23:14:45Z
2026-08-03T23:14:33Z,2026-08-04T01:14:33+0200,e09cf432-bb47-440f-9e44-a608f613abae,2026-07-29T13:00:00Z,2026-07-29T15:00:00+0200,7425.643246,MW,BE,BE,forecast_solar_generation,Solar,2026-08-03T23:14:45Z
2026-08-03T23:14:33Z,2026-08-04T01:14:33+0200,e09cf432-bb47-440f-9e44-a608f613abae,2026-07-29T14:00:00Z,2026-07-29T16:00:00+0200,6324.4955,MW,BE,BE,forecast_solar_generation,Solar,2026-08-03T23:14:45Z
2026-08-03T23:14:33Z,2026-08-04T01:14:33+0200,e09cf432-bb47-440f-9e44-a608f613abae,2026-07-29T15:00:00Z,2026-07-29T17:00:00+0200,4756.115994,MW,BE,BE,forecast_solar_generation,Solar,2026-08-03T23:14:45Z
2026-08-03T23:14:33Z,2026-08-04T01:14:33+0200,e09cf432-bb47-440f-9e44-a608f613abae,2026-07-29T16:00:00Z,2026-07-29T18:00:00+0200,3098.767497,MW,BE,BE,forecast_solar_generation,Solar,2026-08-03T23:14:45Z
2026-08-03T23:14:33Z,2026-08-04T01:14:33+0200,e09cf432-bb47-440f-9e44-a608f613abae,2026-07-29T17:00:00Z,2026-07-29T19:00:00+0200,1462.591251,MW,BE,BE,forecast_solar_generation,Solar,2026-08-03T23:14:45Z
2026-08-03T23:14:33Z,2026-08-04T01:14:33+0200,e09cf432-bb47-440f-9e44-a608f613abae,2026-07-29T18:00:00Z,2026-07-29T20:00:00+0200,384.739,MW,BE,BE,forecast_solar_generation,Solar,2026-08-03T23:14:45Z
2026-08-03T23:14:33Z,2026-08-04T01:14:33+0200,e09cf432-bb47-440f-9e44-a608f613abae,2026-07-29T19:00:00Z,2026-07-29T21:00:00+0200,44.969749,MW,BE,BE,forecast_solar_generation,Solar,2026-08-03T23:14:45Z
2026-08-03T23:14:33Z,2026-08-04T01:14:33+0200,e09cf432-bb47-440f-9e44-a608f613abae,2026-07-29T20:00:00Z,2026-07-29T22:00:00+0200,0.0,MW,BE,BE,forecast_solar_generation,Solar,2026-08-03T23:14:45Z
2026-08-03T23:14:33Z,2026-08-04T01:14:33+0200,e09cf432-bb47-440f-9e44-a608f613abae,2026-07-29T21:00:00Z,2026-07-29T23:00:00+0200,0.0,MW,BE,BE,forecast_solar_generation,Solar,2026-08-03T23:14:45Z
2026-08-03T23:14:33Z,2026-08-04T01:14:33+0200,e09cf432-bb47-440f-9e44-a608f613abae,2026-07-29T22:00:00Z,2026-07-30T00:00:00+0200,0.0,MW,BE,BE,forecast_solar_generation,Solar,2026-08-03T23:14:45Z
2026-08-03T23:14:33Z,2026-08-04T01:14:33+0200,e09cf432-bb47-440f-9e44-a608f613abae,2026-07-29T23:00:00Z,2026-07-30T01:00:00+0200,0.0,MW,BE,BE,forecast_solar_generation,Solar,2026-08-03T23:14:45Z
2026-08-03T23:14:33Z,2026-08-04T01:14:33+0200,e09cf432-bb47-440f-9e44-a608f613abae,2026-07-30T00:00:00Z,2026-07-30T02:00:00+0200,0.0,MW,BE,BE,forecast_solar_generation,Solar,2026-08-03T23:14:45Z
2026-08-03T23:14:33Z,2026-08-04T01:14:33+0200,e09cf432-bb47-440f-9e44-a608f613abae,2026-07-30T01:00:00Z,2026-07-30T03:00:00+0200,0.0,MW,BE,BE,forecast_solar_generation,Solar,2026-08-03T23:14:45Z
2026-08-03T23:14:33Z,2026-08-04T01:14:33+0200,e09cf432-bb47-440f-9e44-a608f613abae,2026-07-30T02:00:00Z,2026-07-30T04:00:00+0200,0.0,MW,BE,BE,forecast_solar_generation,Solar,2026-08-03T23:14:45Z
2026-08-03T23:14:33Z,2026-08-04T01:14:33+0200,e09cf432-bb47-440f-9e44-a608f613abae,2026-07-30T03:00:00Z,2026-07-30T05:00:00+0200,0.0,MW,BE,BE,forecast_solar_generation,Solar,2026-08-03T23:14:45Z
2026-08-03T23:14:33Z,2026-08-04T01:14:33+0200,e09cf432-bb47-440f-9e44-a608f613abae,2026-07-30T04:00:00Z,2026-07-30T06:00:00+0200,133.650499,MW,BE,BE,forecast_solar_generation,Solar,2026-08-03T23:14:45Z
2026-08-03T23:14:33Z,2026-08-04T01:14:33+0200,e09cf432-bb47-440f-9e44-a608f613abae,2026-07-30T05:00:00Z,2026-07-30T07:00:00+0200,726.42475,MW,BE,BE,forecast_solar_generation,Solar,2026-08-03T23:14:45Z
2026-08-03T23:14:33Z,2026-08-04T01:14:33+0200,e09cf432-bb47-440f-9e44-a608f613abae,2026-07-30T06:00:00Z,2026-07-30T08:00:00+0200,1763.020997,MW,BE,BE,forecast_solar_generation,Solar,2026-08-03T23:14:45Z
2026-08-03T23:14:33Z,2026-08-04T01:14:33+0200,e09cf432-bb47-440f-9e44-a608f613abae,2026-07-30T07:00:00Z,2026-07-30T09:00:00+0200,2936.471498,MW,BE,BE,forecast_solar_generation,Solar,2026-08-03T23:14:45Z
2026-08-03T23:14:33Z,2026-08-04T01:14:33+0200,e09cf432-bb47-440f-9e44-a608f613abae,2026-07-30T08:00:00Z,2026-07-30T10:00:00+0200,4017.237748,MW,BE,BE,forecast_solar_generation,Solar,2026-08-03T23:14:45Z
2026-08-03T23:14:33Z,2026-08-04T01:14:33+0200,e09cf432-bb47-440f-9e44-a608f613abae,2026-07-30T09:00:00Z,2026-07-30T11:00:00+0200,4258.241992,MW,BE,BE,forecast_solar_generation,Solar,2026-08-03T23:14:45Z
2026-08-03T23:14:33Z,2026-08-04T01:14:33+0200,e09cf432-bb47-440f-9e44-a608f613abae,2026-07-30T10:00:00Z,2026-07-30T12:00:00+0200,3819.854746,MW,BE,BE,forecast_solar_generation,Solar,2026-08-03T23:14:45Z
2026-08-03T23:14:33Z,2026-08-04T01:14:33+0200,e09cf432-bb47-440f-9e44-a608f613abae,2026-07-30T11:00:00Z,2026-07-30T13:00:00+0200,3327.794496,MW,BE,BE,forecast_solar_generation,Solar,2026-08-03T23:14:45Z
2026-08-03T23:14:33Z,2026-08-04T01:14:33+0200,e09cf432-bb47-440f-9e44-a608f613abae,2026-07-30T12:00:00Z,2026-07-30T14:00:00+0200,2866.190502,MW,BE,BE,forecast_solar_generation,Solar,2026-08-03T23:14:45Z
2026-08-03T23:14:33Z,2026-08-04T01:14:33+0200,e09cf432-bb47-440f-9e44-a608f613abae,2026-07-30T13:00:00Z,2026-07-30T15:00:00+0200,2884.999998,MW,BE,BE,forecast_solar_generation,Solar,2026-08-03T23:14:45Z
2026-08-03T23:14:33Z,2026-08-04T01:14:33+0200,e09cf432-bb47-440f-9e44-a608f613abae,2026-07-30T14:00:00Z,2026-07-30T16:00:00+0200,3389.610251,MW,BE,BE,forecast_solar_generation,Solar,2026-08-03T23:14:45Z
2026-08-03T23:14:33Z,2026-08-04T01:14:33+0200,e09cf432-bb47-440f-9e44-a608f613abae,2026-07-30T15:00:00Z,2026-07-30T17:00:00+0200,3531.976745,MW,BE,BE,forecast_solar_generation,Solar,2026-08-03T23:14:45Z
2026-08-03T23:14:33Z,2026-08-04T01:14:33+0200,e09cf432-bb47-440f-9e44-a608f613abae,2026-07-30T16:00:00Z,2026-07-30T18:00:00+0200,2780.223001,MW,BE,BE,forecast_solar_generation,Solar,2026-08-03T23:14:45Z
2026-08-03T23:14:33Z,2026-08-04T01:14:33+0200,e09cf432-bb47-440f-9e44-a608f613abae,2026-07-30T17:00:00Z,2026-07-30T19:00:00+0200,1438.599997,MW,BE,BE,forecast_solar_generation,Solar,2026-08-03T23:14:45Z
2026-08-03T23:14:33Z,2026-08-04T01:14:33+0200,e09cf432-bb47-440f-9e44-a608f613abae,2026-07-30T18:00:00Z,2026-07-30T20:00:00+0200,435.932,MW,BE,BE,forecast_solar_generation,Solar,2026-08-03T23:14:45Z
2026-08-03T23:14:33Z,2026-08-04T01:14:33+0200,e09cf432-bb47-440f-9e44-a608f613abae,2026-07-30T19:00:00Z,2026-07-30T21:00:00+0200,39.72175,MW,BE,BE,forecast_solar_generation,Solar,2026-08-03T23:14:45Z
2026-08-03T23:14:33Z,2026-08-04T01:14:33+0200,e09cf432-bb47-440f-9e44-a608f613abae,2026-07-30T20:00:00Z,2026-07-30T22:00:00+0200,0.0,MW,BE,BE,forecast_solar_generation,Solar,2026-08-03T23:14:45Z
2026-08-03T23:14:33Z,2026-08-04T01:14:33+0200,e09cf432-bb47-440f-9e44-a608f613abae,2026-07-30T21:00:00Z,2026-07-30T23:00:00+0200,0.0,MW,BE,BE,forecast_solar_generation,Solar,2026-08-03T23:14:45Z
2026-08-03T23:14:33Z,2026-08-04T01:14:33+0200,e09cf432-bb47-440f-9e44-a608f613abae,2026-07-30T22:00:00Z,2026-07-31T00:00:00+0200,0.0,MW,BE,BE,forecast_solar_generation,Solar,2026-08-03T23:14:45Z
2026-08-03T23:14:33Z,2026-08-04T01:14:33+0200,e09cf432-bb47-440f-9e44-a608f613abae,2026-07-30T23:00:00Z,2026-07-31T01:00:00+0200,0.0,MW,BE,BE,forecast_solar_generation,Solar,2026-08-03T23:14:45Z
2026-08-03T23:14:33Z,2026-08-04T01:14:33+0200,e09cf432-bb47-440f-9e44-a608f613abae,2026-07-31T00:00:00Z,2026-07-31T02:00:00+0200,0.0,MW,BE,BE,forecast_solar_generation,Solar,2026-08-03T23:14:45Z
2026-08-03T23:14:33Z,2026-08-04T01:14:33+0200,e09cf432-bb47-440f-9e44-a608f613abae,2026-07-31T01:00:00Z,2026-07-31T03:00:00+0200,0.0,MW,BE,BE,forecast_solar_generation,Solar,2026-08-03T23:14:45Z
2026-08-03T23:14:33Z,2026-08-04T01:14:33+0200,e09cf432-bb47-440f-9e44-a608f613abae,2026-07-31T02:00:00Z,2026-07-31T04:00:00+0200,0.0,MW,BE,BE,forecast_solar_generation,Solar,2026-08-03T23:14:45Z
2026-08-03T23:14:33Z,2026-08-04T01:14:33+0200,e09cf432-bb47-440f-9e44-a608f613abae,2026-07-31T03:00:00Z,2026-07-31T05:00:00+0200,0.0,MW,BE,BE,forecast_solar_generation,Solar,2026-08-03T23:14:45Z
2026-08-03T23:14:33Z,2026-08-04T01:14:33+0200,e09cf432-bb47-440f-9e44-a608f613abae,2026-07-31T04:00:00Z,2026-07-31T06:00:00+0200,112.23225,MW,BE,BE,forecast_solar_generation,Solar,2026-08-03T23:14:45Z
2026-08-03T23:14:33Z,2026-08-04T01:14:33+0200,e09cf432-bb47-440f-9e44-a608f613abae,2026-07-31T05:00:00Z,2026-07-31T07:00:00+0200,727.755751,MW,BE,BE,forecast_solar_generation,Solar,2026-08-03T23:14:45Z
2026-08-03T23:14:33Z,2026-08-04T01:14:33+0200,e09cf432-bb47-440f-9e44-a608f613abae,2026-07-31T06:00:00Z,2026-07-31T08:00:00+0200,1548.147248,MW,BE,BE,forecast_solar_generation,Solar,2026-08-03T23:14:45Z
2026-08-03T23:14:33Z,2026-08-04T01:14:33+0200,e09cf432-bb47-440f-9e44-a608f613abae,2026-07-31T07:00:00Z,2026-07-31T09:00:00+0200,2418.667502,MW,BE,BE,forecast_solar_generation,Solar,2026-08-03T23:14:45Z
2026-08-03T23:14:33Z,2026-08-04T01:14:33+0200,e09cf432-bb47-440f-9e44-a608f613abae,2026-07-31T08:00:00Z,2026-07-31T10:00:00+0200,3541.316502,MW,BE,BE,forecast_solar_generation,Solar,2026-08-03T23:14:45Z
2026-08-03T23:14:33Z,2026-08-04T01:14:33+0200,e09cf432-bb47-440f-9e44-a608f613abae,2026-07-31T09:00:00Z,2026-07-31T11:00:00+0200,4590.55874,MW,BE,BE,forecast_solar_generation,Solar,2026-08-03T23:14:45Z
2026-08-03T23:14:33Z,2026-08-04T01:14:33+0200,e09cf432-bb47-440f-9e44-a608f613abae,2026-07-31T10:00:00Z,2026-07-31T12:00:00+0200,5244.4935,MW,BE,BE,forecast_solar_generation,Solar,2026-08-03T23:14:45Z
2026-08-03T23:14:33Z,2026-08-04T01:14:33+0200,e09cf432-bb47-440f-9e44-a608f613abae,2026-07-31T11:00:00Z,2026-07-31T13:00:00+0200,5623.333245,MW,BE,BE,forecast_solar_generation,Solar,2026-08-03T23:14:45Z
2026-08-03T23:14:33Z,2026-08-04T01:14:33+0200,e09cf432-bb47-440f-9e44-a608f613abae,2026-07-31T12:00:00Z,2026-07-31T14:00:00+0200,5751.792748,MW,BE,BE,forecast_solar_generation,Solar,2026-08-03T23:14:45Z
2026-08-03T23:14:33Z,2026-08-04T01:14:33+0200,e09cf432-bb47-440f-9e44-a608f613abae,2026-07-31T13:00:00Z,2026-07-31T15:00:00+0200,5476.617495,MW,BE,BE,forecast_solar_generation,Solar,2026-08-03T23:14:45Z
2026-08-03T23:14:33Z,2026-08-04T01:14:33+0200,e09cf432-bb47-440f-9e44-a608f613abae,2026-07-31T14:00:00Z,2026-07-31T16:00:00+0200,4811.034997,MW,BE,BE,forecast_solar_generation,Solar,2026-08-03T23:14:45Z
2026-08-03T23:14:33Z,2026-08-04T01:14:33+0200,e09cf432-bb47-440f-9e44-a608f613abae,2026-07-31T15:00:00Z,2026-07-31T17:00:00+0200,3834.866499,MW,BE,BE,forecast_solar_generation,Solar,2026-08-03T23:14:45Z
2026-08-03T23:14:33Z,2026-08-04T01:14:33+0200,e09cf432-bb47-440f-9e44-a608f613abae,2026-07-31T16:00:00Z,2026-07-31T18:00:00+0200,2649.999498,MW,BE,BE,forecast_solar_generation,Solar,2026-08-03T23:14:45Z
2026-08-03T23:14:33Z,2026-08-04T01:14:33+0200,e09cf432-bb47-440f-9e44-a608f613abae,2026-07-31T17:00:00Z,2026-07-31T19:00:00+0200,1415.103496,MW,BE,BE,forecast_solar_generation,Solar,2026-08-03T23:14:45Z
2026-08-03T23:14:33Z,2026-08-04T01:14:33+0200,e09cf432-bb47-440f-9e44-a608f613abae,2026-07-31T18:00:00Z,2026-07-31T20:00:00+0200,460.09225,MW,BE,BE,forecast_solar_generation,Solar,2026-08-03T23:14:45Z
2026-08-03T23:14:33Z,2026-08-04T01:14:33+0200,e09cf432-bb47-440f-9e44-a608f613abae,2026-07-31T19:00:00Z,2026-07-31T21:00:00+0200,34.80625,MW,BE,BE,forecast_solar_generation,Solar,2026-08-03T23:14:45Z
2026-08-03T23:14:33Z,2026-08-04T01:14:33+0200,e09cf432-bb47-440f-9e44-a608f613abae,2026-07-31T20:00:00Z,2026-07-31T22:00:00+0200,0.0,MW,BE,BE,forecast_solar_generation,Solar,2026-08-03T23:14:45Z
2026-08-03T23:14:33Z,2026-08-04T01:14:33+0200,e09cf432-bb47-440f-9e44-a608f613abae,2026-07-31T21:00:00Z,2026-07-31T23:00:00+0200,0.0,MW,BE,BE,forecast_solar_generation,Solar,2026-08-03T23:14:45Z
2026-08-03T23:14:33Z,2026-08-04T01:14:33+0200,e09cf432-bb47-440f-9e44-a608f613abae,2026-07-31T22:00:00Z,2026-08-01T00:00:00+0200,0.0,MW,BE,BE,forecast_solar_generation,Solar,2026-08-03T23:14:45Z
2026-08-03T23:14:33Z,2026-08-04T01:14:33+0200,e09cf432-bb47-440f-9e44-a608f613abae,2026-07-31T23:00:00Z,2026-08-01T01:00:00+0200,0.0,MW,BE,BE,forecast_solar_generation,Solar,2026-08-03T23:14:45Z
2026-08-03T23:14:33Z,2026-08-04T01:14:33+0200,e09cf432-bb47-440f-9e44-a608f613abae,2026-08-01T00:00:00Z,2026-08-01T02:00:00+0200,0.0,MW,BE,BE,forecast_solar_generation,Solar,2026-08-03T23:14:45Z
2026-08-03T23:14:33Z,2026-08-04T01:14:33+0200,e09cf432-bb47-440f-9e44-a608f613abae,2026-08-01T01:00:00Z,2026-08-01T03:00:00+0200,0.0,MW,BE,BE,forecast_solar_generation,Solar,2026-08-03T23:14:45Z
2026-08-03T23:14:33Z,2026-08-04T01:14:33+0200,e09cf432-bb47-440f-9e44-a608f613abae,2026-08-01T02:00:00Z,2026-08-01T04:00:00+0200,0.0,MW,BE,BE,forecast_solar_generation,Solar,2026-08-03T23:14:45Z
2026-08-03T23:14:33Z,2026-08-04T01:14:33+0200,e09cf432-bb47-440f-9e44-a608f613abae,2026-08-01T03:00:00Z,2026-08-01T05:00:00+0200,0.0,MW,BE,BE,forecast_solar_generation,Solar,2026-08-03T23:14:45Z
2026-08-03T23:14:33Z,2026-08-04T01:14:33+0200,e09cf432-bb47-440f-9e44-a608f613abae,2026-08-01T04:00:00Z,2026-08-01T06:00:00+0200,113.311,MW,BE,BE,forecast_solar_generation,Solar,2026-08-03T23:14:45Z
2026-08-03T23:14:33Z,2026-08-04T01:14:33+0200,e09cf432-bb47-440f-9e44-a608f613abae,2026-08-01T05:00:00Z,2026-08-01T07:00:00+0200,618.758251,MW,BE,BE,forecast_solar_generation,Solar,2026-08-03T23:14:45Z
2026-08-03T23:14:33Z,2026-08-04T01:14:33+0200,e09cf432-bb47-440f-9e44-a608f613abae,2026-08-01T06:00:00Z,2026-08-01T08:00:00+0200,1865.0805,MW,BE,BE,forecast_solar_generation,Solar,2026-08-03T23:14:45Z
2026-08-03T23:14:33Z,2026-08-04T01:14:33+0200,e09cf432-bb47-440f-9e44-a608f613abae,2026-08-01T07:00:00Z,2026-08-01T09:00:00+0200,3567.207995,MW,BE,BE,forecast_solar_generation,Solar,2026-08-03T23:14:45Z
2026-08-03T23:14:33Z,2026-08-04T01:14:33+0200,e09cf432-bb47-440f-9e44-a608f613abae,2026-08-01T08:00:00Z,2026-08-01T10:00:00+0200,5569.176748,MW,BE,BE,forecast_solar_generation,Solar,2026-08-03T23:14:45Z
2026-08-03T23:14:33Z,2026-08-04T01:14:33+0200,e09cf432-bb47-440f-9e44-a608f613abae,2026-08-01T09:00:00Z,2026-08-01T11:00:00+0200,7004.172498,MW,BE,BE,forecast_solar_generation,Solar,2026-08-03T23:14:45Z
2026-08-03T23:14:33Z,2026-08-04T01:14:33+0200,e09cf432-bb47-440f-9e44-a608f613abae,2026-08-01T10:00:00Z,2026-08-01T12:00:00+0200,7782.172741,MW,BE,BE,forecast_solar_generation,Solar,2026-08-03T23:14:45Z
2026-08-03T23:14:33Z,2026-08-04T01:14:33+0200,e09cf432-bb47-440f-9e44-a608f613abae,2026-08-01T11:00:00Z,2026-08-01T13:00:00+0200,8011.627497,MW,BE,BE,forecast_solar_generation,Solar,2026-08-03T23:14:45Z
2026-08-03T23:14:33Z,2026-08-04T01:14:33+0200,e09cf432-bb47-440f-9e44-a608f613abae,2026-08-01T12:00:00Z,2026-08-01T14:00:00+0200,7804.84175,MW,BE,BE,forecast_solar_generation,Solar,2026-08-03T23:14:45Z
2026-08-03T23:14:33Z,2026-08-04T01:14:33+0200,e09cf432-bb47-440f-9e44-a608f613abae,2026-08-01T13:00:00Z,2026-08-01T15:00:00+0200,7145.350999,MW,BE,BE,forecast_solar_generation,Solar,2026-08-03T23:14:45Z
2026-08-03T23:14:33Z,2026-08-04T01:14:33+0200,e09cf432-bb47-440f-9e44-a608f613abae,2026-08-01T14:00:00Z,2026-08-01T16:00:00+0200,5971.55325,MW,BE,BE,forecast_solar_generation,Solar,2026-08-03T23:14:45Z
2026-08-03T23:14:33Z,2026-08-04T01:14:33+0200,e09cf432-bb47-440f-9e44-a608f613abae,2026-08-01T15:00:00Z,2026-08-01T17:00:00+0200,4414.607502,MW,BE,BE,forecast_solar_generation,Solar,2026-08-03T23:14:45Z
2026-08-03T23:14:33Z,2026-08-04T01:14:33+0200,e09cf432-bb47-440f-9e44-a608f613abae,2026-08-01T16:00:00Z,2026-08-01T18:00:00+0200,2879.97575,MW,BE,BE,forecast_solar_generation,Solar,2026-08-03T23:14:45Z
2026-08-03T23:14:33Z,2026-08-04T01:14:33+0200,e09cf432-bb47-440f-9e44-a608f613abae,2026-08-01T17:00:00Z,2026-08-01T19:00:00+0200,1417.05175,MW,BE,BE,forecast_solar_generation,Solar,2026-08-03T23:14:45Z
2026-08-03T23:14:33Z,2026-08-04T01:14:33+0200,e09cf432-bb47-440f-9e44-a608f613abae,2026-08-01T18:00:00Z,2026-08-01T20:00:00+0200,418.069,MW,BE,BE,forecast_solar_generation,Solar,2026-08-03T23:14:45Z
2026-08-03T23:14:33Z,2026-08-04T01:14:33+0200,e09cf432-bb47-440f-9e44-a608f613abae,2026-08-01T19:00:00Z,2026-08-01T21:00:00+0200,32.057,MW,BE,BE,forecast_solar_generation,Solar,2026-08-03T23:14:45Z
2026-08-03T23:14:33Z,2026-08-04T01:14:33+0200,e09cf432-bb47-440f-9e44-a608f613abae,2026-08-01T20:00:00Z,2026-08-01T22:00:00+0200,0.0,MW,BE,BE,forecast_solar_generation,Solar,2026-08-03T23:14:45Z
2026-08-03T23:14:33Z,2026-08-04T01:14:33+0200,e09cf432-bb47-440f-9e44-a608f613abae,2026-08-01T21:00:00Z,2026-08-01T23:00:00+0200,0.0,MW,BE,BE,forecast_solar_generation,Solar,2026-08-03T23:14:45Z
2026-08-03T23:14:33Z,2026-08-04T01:14:33+0200,e09cf432-bb47-440f-9e44-a608f613abae,2026-08-01T22:00:00Z,2026-08-02T00:00:00+0200,0.0,MW,BE,BE,forecast_solar_generation,Solar,2026-08-03T23:14:45Z
2026-08-03T23:14:33Z,2026-08-04T01:14:33+0200,e09cf432-bb47-440f-9e44-a608f613abae,2026-08-01T23:00:00Z,2026-08-02T01:00:00+0200,0.0,MW,BE,BE,forecast_solar_generation,Solar,2026-08-03T23:14:45Z
2026-08-03T23:14:33Z,2026-08-04T01:14:33+0200,e09cf432-bb47-440f-9e44-a608f613abae,2026-08-02T00:00:00Z,2026-08-02T02:00:00+0200,0.0,MW,BE,BE,forecast_solar_generation,Solar,2026-08-03T23:14:45Z
2026-08-03T23:14:33Z,2026-08-04T01:14:33+0200,e09cf432-bb47-440f-9e44-a608f613abae,2026-08-02T01:00:00Z,2026-08-02T03:00:00+0200,0.0,MW,BE,BE,forecast_solar_generation,Solar,2026-08-03T23:14:45Z
2026-08-03T23:14:33Z,2026-08-04T01:14:33+0200,e09cf432-bb47-440f-9e44-a608f613abae,2026-08-02T02:00:00Z,2026-08-02T04:00:00+0200,0.0,MW,BE,BE,forecast_solar_generation,Solar,2026-08-03T23:14:45Z
2026-08-03T23:14:33Z,2026-08-04T01:14:33+0200,e09cf432-bb47-440f-9e44-a608f613abae,2026-08-02T03:00:00Z,2026-08-02T05:00:00+0200,0.0,MW,BE,BE,forecast_solar_generation,Solar,2026-08-03T23:14:45Z
2026-08-03T23:14:33Z,2026-08-04T01:14:33+0200,e09cf432-bb47-440f-9e44-a608f613abae,2026-08-02T04:00:00Z,2026-08-02T06:00:00+0200,107.788,MW,BE,BE,forecast_solar_generation,Solar,2026-08-03T23:14:45Z
2026-08-03T23:14:33Z,2026-08-04T01:14:33+0200,e09cf432-bb47-440f-9e44-a608f613abae,2026-08-02T05:00:00Z,2026-08-02T07:00:00+0200,621.22925,MW,BE,BE,forecast_solar_generation,Solar,2026-08-03T23:14:45Z
2026-08-03T23:14:33Z,2026-08-04T01:14:33+0200,e09cf432-bb47-440f-9e44-a608f613abae,2026-08-02T06:00:00Z,2026-08-02T08:00:00+0200,1840.699249,MW,BE,BE,forecast_solar_generation,Solar,2026-08-03T23:14:45Z
2026-08-03T23:14:33Z,2026-08-04T01:14:33+0200,e09cf432-bb47-440f-9e44-a608f613abae,2026-08-02T07:00:00Z,2026-08-02T09:00:00+0200,3491.842248,MW,BE,BE,forecast_solar_generation,Solar,2026-08-03T23:14:45Z
2026-08-03T23:14:33Z,2026-08-04T01:14:33+0200,e09cf432-bb47-440f-9e44-a608f613abae,2026-08-02T08:00:00Z,2026-08-02T10:00:00+0200,5461.014251,MW,BE,BE,forecast_solar_generation,Solar,2026-08-03T23:14:45Z
2026-08-03T23:14:33Z,2026-08-04T01:14:33+0200,e09cf432-bb47-440f-9e44-a608f613abae,2026-08-02T09:00:00Z,2026-08-02T11:00:00+0200,6886.668497,MW,BE,BE,forecast_solar_generation,Solar,2026-08-03T23:14:45Z
2026-08-03T23:14:33Z,2026-08-04T01:14:33+0200,e09cf432-bb47-440f-9e44-a608f613abae,2026-08-02T10:00:00Z,2026-08-02T12:00:00+0200,7664.786246,MW,BE,BE,forecast_solar_generation,Solar,2026-08-03T23:14:45Z
2026-08-03T23:14:33Z,2026-08-04T01:14:33+0200,e09cf432-bb47-440f-9e44-a608f613abae,2026-08-02T11:00:00Z,2026-08-02T13:00:00+0200,7913.739499,MW,BE,BE,forecast_solar_generation,Solar,2026-08-03T23:14:45Z
2026-08-03T23:14:33Z,2026-08-04T01:14:33+0200,e09cf432-bb47-440f-9e44-a608f613abae,2026-08-02T12:00:00Z,2026-08-02T14:00:00+0200,7739.64675,MW,BE,BE,forecast_solar_generation,Solar,2026-08-03T23:14:45Z
2026-08-03T23:14:33Z,2026-08-04T01:14:33+0200,e09cf432-bb47-440f-9e44-a608f613abae,2026-08-02T13:00:00Z,2026-08-02T15:00:00+0200,7114.882501,MW,BE,BE,forecast_solar_generation,Solar,2026-08-03T23:14:45Z
2026-08-03T23:14:33Z,2026-08-04T01:14:33+0200,e09cf432-bb47-440f-9e44-a608f613abae,2026-08-02T14:00:00Z,2026-08-02T16:00:00+0200,6032.039499,MW,BE,BE,forecast_solar_generation,Solar,2026-08-03T23:14:45Z
2026-08-03T23:14:33Z,2026-08-04T01:14:33+0200,e09cf432-bb47-440f-9e44-a608f613abae,2026-08-02T15:00:00Z,2026-08-02T17:00:00+0200,4552.551497,MW,BE,BE,forecast_solar_generation,Solar,2026-08-03T23:14:45Z
2026-08-03T23:14:33Z,2026-08-04T01:14:33+0200,e09cf432-bb47-440f-9e44-a608f613abae,2026-08-02T16:00:00Z,2026-08-02T18:00:00+0200,2984.085753,MW,BE,BE,forecast_solar_generation,Solar,2026-08-03T23:14:45Z
2026-08-03T23:14:33Z,2026-08-04T01:14:33+0200,e09cf432-bb47-440f-9e44-a608f613abae,2026-08-02T17:00:00Z,2026-08-02T19:00:00+0200,1411.868998,MW,BE,BE,forecast_solar_generation,Solar,2026-08-03T23:14:45Z
2026-08-03T23:14:33Z,2026-08-04T01:14:33+0200,e09cf432-bb47-440f-9e44-a608f613abae,2026-08-02T18:00:00Z,2026-08-02T20:00:00+0200,372.96475,MW,BE,BE,forecast_solar_generation,Solar,2026-08-03T23:14:45Z
2026-08-03T23:14:33Z,2026-08-04T01:14:33+0200,e09cf432-bb47-440f-9e44-a608f613abae,2026-08-02T19:00:00Z,2026-08-02T21:00:00+0200,28.658,MW,BE,BE,forecast_solar_generation,Solar,2026-08-03T23:14:45Z
2026-08-03T23:14:33Z,2026-08-04T01:14:33+0200,e09cf432-bb47-440f-9e44-a608f613abae,2026-08-02T20:00:00Z,2026-08-02T22:00:00+0200,0.0,MW,BE,BE,forecast_solar_generation,Solar,2026-08-03T23:14:45Z
2026-08-03T23:14:33Z,2026-08-04T01:14:33+0200,e09cf432-bb47-440f-9e44-a608f613abae,2026-08-02T21:00:00Z,2026-08-02T23:00:00+0200,0.0,MW,BE,BE,forecast_solar_generation,Solar,2026-08-03T23:14:45Z
2026-08-03T23:14:33Z,2026-08-04T01:14:33+0200,e09cf432-bb47-440f-9e44-a608f613abae,2026-08-02T22:00:00Z,2026-08-03T00:00:00+0200,0.0,MW,BE,BE,forecast_solar_generation,Solar,2026-08-03T23:14:45Z
2026-08-03T23:14:33Z,2026-08-04T01:14:33+0200,e09cf432-bb47-440f-9e44-a608f613abae,2026-08-02T23:00:00Z,2026-08-03T01:00:00+0200,0.0,MW,BE,BE,forecast_solar_generation,Solar,2026-08-03T23:14:45Z
2026-08-03T23:14:33Z,2026-08-04T01:14:33+0200,e09cf432-bb47-440f-9e44-a608f613abae,2026-08-03T00:00:00Z,2026-08-03T02:00:00+0200,0.0,MW,BE,BE,forecast_solar_generation,Solar,2026-08-03T23:14:45Z
2026-08-03T23:14:33Z,2026-08-04T01:14:33+0200,e09cf432-bb47-440f-9e44-a608f613abae,2026-08-03T01:00:00Z,2026-08-03T03:00:00+0200,0.0,MW,BE,BE,forecast_solar_generation,Solar,2026-08-03T23:14:45Z
2026-08-03T23:14:33Z,2026-08-04T01:14:33+0200,e09cf432-bb47-440f-9e44-a608f613abae,2026-08-03T02:00:00Z,2026-08-03T04:00:00+0200,0.0,MW,BE,BE,forecast_solar_generation,Solar,2026-08-03T23:14:45Z
2026-08-03T23:14:33Z,2026-08-04T01:14:33+0200,e09cf432-bb47-440f-9e44-a608f613abae,2026-08-03T03:00:00Z,2026-08-03T05:00:00+0200,0.0,MW,BE,BE,forecast_solar_generation,Solar,2026-08-03T23:14:45Z
2026-08-03T23:14:33Z,2026-08-04T01:14:33+0200,e09cf432-bb47-440f-9e44-a608f613abae,2026-08-03T04:00:00Z,2026-08-03T06:00:00+0200,103.72375,MW,BE,BE,forecast_solar_generation,Solar,2026-08-03T23:14:45Z
2026-08-03T23:14:33Z,2026-08-04T01:14:33+0200,e09cf432-bb47-440f-9e44-a608f613abae,2026-08-03T05:00:00Z,2026-08-03T07:00:00+0200,636.02675,MW,BE,BE,forecast_solar_generation,Solar,2026-08-03T23:14:45Z
2026-08-03T23:14:33Z,2026-08-04T01:14:33+0200,e09cf432-bb47-440f-9e44-a608f613abae,2026-08-03T06:00:00Z,2026-08-03T08:00:00+0200,1791.75675,MW,BE,BE,forecast_solar_generation,Solar,2026-08-03T23:14:45Z
2026-08-03T23:14:33Z,2026-08-04T01:14:33+0200,e09cf432-bb47-440f-9e44-a608f613abae,2026-08-03T07:00:00Z,2026-08-03T09:00:00+0200,3305.093496,MW,BE,BE,forecast_solar_generation,Solar,2026-08-03T23:14:45Z
2026-08-03T23:14:33Z,2026-08-04T01:14:33+0200,e09cf432-bb47-440f-9e44-a608f613abae,2026-08-03T08:00:00Z,2026-08-03T10:00:00+0200,5164.784496,MW,BE,BE,forecast_solar_generation,Solar,2026-08-03T23:14:45Z
2026-08-03T23:14:33Z,2026-08-04T01:14:33+0200,e09cf432-bb47-440f-9e44-a608f613abae,2026-08-03T09:00:00Z,2026-08-03T11:00:00+0200,6580.710991,MW,BE,BE,forecast_solar_generation,Solar,2026-08-03T23:14:45Z
2026-08-03T23:14:33Z,2026-08-04T01:14:33+0200,e09cf432-bb47-440f-9e44-a608f613abae,2026-08-03T10:00:00Z,2026-08-03T12:00:00+0200,7403.820499,MW,BE,BE,forecast_solar_generation,Solar,2026-08-03T23:14:45Z
2026-08-03T23:14:33Z,2026-08-04T01:14:33+0200,e09cf432-bb47-440f-9e44-a608f613abae,2026-08-03T11:00:00Z,2026-08-03T13:00:00+0200,7674.062005,MW,BE,BE,forecast_solar_generation,Solar,2026-08-03T23:14:45Z
2026-08-03T23:14:33Z,2026-08-04T01:14:33+0200,e09cf432-bb47-440f-9e44-a608f613abae,2026-08-03T12:00:00Z,2026-08-03T14:00:00+0200,7508.000996,MW,BE,BE,forecast_solar_generation,Solar,2026-08-03T23:14:45Z
2026-08-03T23:14:33Z,2026-08-04T01:14:33+0200,e09cf432-bb47-440f-9e44-a608f613abae,2026-08-03T13:00:00Z,2026-08-03T15:00:00+0200,6811.945752,MW,BE,BE,forecast_solar_generation,Solar,2026-08-03T23:14:45Z
2026-08-03T23:14:33Z,2026-08-04T01:14:33+0200,e09cf432-bb47-440f-9e44-a608f613abae,2026-08-03T14:00:00Z,2026-08-03T16:00:00+0200,5672.605255,MW,BE,BE,forecast_solar_generation,Solar,2026-08-03T23:14:45Z
2026-08-03T23:14:33Z,2026-08-04T01:14:33+0200,e09cf432-bb47-440f-9e44-a608f613abae,2026-08-03T15:00:00Z,2026-08-03T17:00:00+0200,4159.861499,MW,BE,BE,forecast_solar_generation,Solar,2026-08-03T23:14:45Z
2026-08-03T23:14:33Z,2026-08-04T01:14:33+0200,e09cf432-bb47-440f-9e44-a608f613abae,2026-08-03T16:00:00Z,2026-08-03T18:00:00+0200,2681.1305,MW,BE,BE,forecast_solar_generation,Solar,2026-08-03T23:14:45Z
2026-08-03T23:14:33Z,2026-08-04T01:14:33+0200,e09cf432-bb47-440f-9e44-a608f613abae,2026-08-03T17:00:00Z,2026-08-03T19:00:00+0200,1317.212498,MW,BE,BE,forecast_solar_generation,Solar,2026-08-03T23:14:45Z
2026-08-03T23:14:33Z,2026-08-04T01:14:33+0200,e09cf432-bb47-440f-9e44-a608f613abae,2026-08-03T18:00:00Z,2026-08-03T20:00:00+0200,395.499499,MW,BE,BE,forecast_solar_generation,Solar,2026-08-03T23:14:45Z
2026-08-03T23:14:33Z,2026-08-04T01:14:33+0200,e09cf432-bb47-440f-9e44-a608f613abae,2026-08-03T19:00:00Z,2026-08-03T21:00:00+0200,21.367,MW,BE,BE,forecast_solar_generation,Solar,2026-08-03T23:14:45Z
2026-08-03T23:14:33Z,2026-08-04T01:14:33+0200,e09cf432-bb47-440f-9e44-a608f613abae,2026-08-03T20:00:00Z,2026-08-03T22:00:00+0200,0.0,MW,BE,BE,forecast_solar_generation,Solar,2026-08-03T23:14:45Z
2026-08-03T23:14:33Z,2026-08-04T01:14:33+0200,e09cf432-bb47-440f-9e44-a608f613abae,2026-08-03T21:00:00Z,2026-08-03T23:00:00+0200,0.0,MW,BE,BE,forecast_solar_generation,Solar,2026-08-03T23:14:45Z
2026-08-03T23:14:33Z,2026-08-04T01:14:33+0200,e09cf432-bb47-440f-9e44-a608f613abae,2026-08-03T22:00:00Z,2026-08-04T00:00:00+0200,0.0,MW,BE,BE,forecast_solar_generation,Solar,2026-08-03T23:14:45Z
