collection_time_utc,collection_time_local,run_id,timestamp_utc,timestamp_local,value,unit,country,entsoe_area,variable,source,updated_at_utc
2026-08-08T07:21:23Z,2026-08-08T09:21:23+0200,a13a8e1c-07bb-4e38-addf-c4d0871b05cd,2026-07-08T08:00:00Z,2026-07-08T10:00:00+0200,701.0,MW,ES,ES,forecast_onshore_wind_generation,Wind Onshore,2026-08-08T07:26:42Z
2026-08-08T07:21:23Z,2026-08-08T09:21:23+0200,a13a8e1c-07bb-4e38-addf-c4d0871b05cd,2026-07-08T08:15:00Z,2026-07-08T10:15:00+0200,715.0,MW,ES,ES,forecast_onshore_wind_generation,Wind Onshore,2026-08-08T07:26:42Z
2026-08-08T07:21:23Z,2026-08-08T09:21:23+0200,a13a8e1c-07bb-4e38-addf-c4d0871b05cd,2026-07-08T08:30:00Z,2026-07-08T10:30:00+0200,747.0,MW,ES,ES,forecast_onshore_wind_generation,Wind Onshore,2026-08-08T07:26:42Z
2026-08-08T07:21:23Z,2026-08-08T09:21:23+0200,a13a8e1c-07bb-4e38-addf-c4d0871b05cd,2026-07-08T08:45:00Z,2026-07-08T10:45:00+0200,793.0,MW,ES,ES,forecast_onshore_wind_generation,Wind Onshore,2026-08-08T07:26:42Z
2026-08-08T07:21:23Z,2026-08-08T09:21:23+0200,a13a8e1c-07bb-4e38-addf-c4d0871b05cd,2026-07-08T09:00:00Z,2026-07-08T11:00:00+0200,841.0,MW,ES,ES,forecast_onshore_wind_generation,Wind Onshore,2026-08-08T07:26:42Z
2026-08-08T07:21:23Z,2026-08-08T09:21:23+0200,a13a8e1c-07bb-4e38-addf-c4d0871b05cd,2026-07-08T09:15:00Z,2026-07-08T11:15:00+0200,910.0,MW,ES,ES,forecast_onshore_wind_generation,Wind Onshore,2026-08-08T07:26:42Z
2026-08-08T07:21:23Z,2026-08-08T09:21:23+0200,a13a8e1c-07bb-4e38-addf-c4d0871b05cd,2026-07-08T09:30:00Z,2026-07-08T11:30:00+0200,990.0,MW,ES,ES,forecast_onshore_wind_generation,Wind Onshore,2026-08-08T07:26:42Z
2026-08-08T07:21:23Z,2026-08-08T09:21:23+0200,a13a8e1c-07bb-4e38-addf-c4d0871b05cd,2026-07-08T09:45:00Z,2026-07-08T11:45:00+0200,1079.0,MW,ES,ES,forecast_onshore_wind_generation,Wind Onshore,2026-08-08T07:26:42Z
2026-08-08T07:21:23Z,2026-08-08T09:21:23+0200,a13a8e1c-07bb-4e38-addf-c4d0871b05cd,2026-07-08T10:00:00Z,2026-07-08T12:00:00+0200,1179.0,MW,ES,ES,forecast_onshore_wind_generation,Wind Onshore,2026-08-08T07:26:42Z
2026-08-08T07:21:23Z,2026-08-08T09:21:23+0200,a13a8e1c-07bb-4e38-addf-c4d0871b05cd,2026-07-08T10:15:00Z,2026-07-08T12:15:00+0200,1284.0,MW,ES,ES,forecast_onshore_wind_generation,Wind Onshore,2026-08-08T07:26:42Z
2026-08-08T07:21:23Z,2026-08-08T09:21:23+0200,a13a8e1c-07bb-4e38-addf-c4d0871b05cd,2026-07-08T10:30:00Z,2026-07-08T12:30:00+0200,1396.0,MW,ES,ES,forecast_onshore_wind_generation,Wind Onshore,2026-08-08T07:26:42Z
2026-08-08T07:21:23Z,2026-08-08T09:21:23+0200,a13a8e1c-07bb-4e38-addf-c4d0871b05cd,2026-07-08T10:45:00Z,2026-07-08T12:45:00+0200,1514.0,MW,ES,ES,forecast_onshore_wind_generation,Wind Onshore,2026-08-08T07:26:42Z
2026-08-08T07:21:23Z,2026-08-08T09:21:23+0200,a13a8e1c-07bb-4e38-addf-c4d0871b05cd,2026-07-08T11:00:00Z,2026-07-08T13:00:00+0200,1655.0,MW,ES,ES,forecast_onshore_wind_generation,Wind Onshore,2026-08-08T07:26:42Z
2026-08-08T07:21:23Z,2026-08-08T09:21:23+0200,a13a8e1c-07bb-4e38-addf-c4d0871b05cd,2026-07-08T11:15:00Z,2026-07-08T13:15:00+0200,1778.0,MW,ES,ES,forecast_onshore_wind_generation,Wind Onshore,2026-08-08T07:26:42Z
2026-08-08T07:21:23Z,2026-08-08T09:21:23+0200,a13a8e1c-07bb-4e38-addf-c4d0871b05cd,2026-07-08T11:30:00Z,2026-07-08T13:30:00+0200,1903.0,MW,ES,ES,forecast_onshore_wind_generation,Wind Onshore,2026-08-08T07:26:42Z
2026-08-08T07:21:23Z,2026-08-08T09:21:23+0200,a13a8e1c-07bb-4e38-addf-c4d0871b05cd,2026-07-08T11:45:00Z,2026-07-08T13:45:00+0200,2036.0,MW,ES,ES,forecast_onshore_wind_generation,Wind Onshore,2026-08-08T07:26:42Z
2026-08-08T07:21:23Z,2026-08-08T09:21:23+0200,a13a8e1c-07bb-4e38-addf-c4d0871b05cd,2026-07-08T12:00:00Z,2026-07-08T14:00:00+0200,2164.0,MW,ES,ES,forecast_onshore_wind_generation,Wind Onshore,2026-08-08T07:26:42Z
2026-08-08T07:21:23Z,2026-08-08T09:21:23+0200,a13a8e1c-07bb-4e38-addf-c4d0871b05cd,2026-07-08T12:15:00Z,2026-07-08T14:15:00+0200,2346.0,MW,ES,ES,forecast_onshore_wind_generation,Wind Onshore,2026-08-08T07:26:42Z
2026-08-08T07:21:23Z,2026-08-08T09:21:23+0200,a13a8e1c-07bb-4e38-addf-c4d0871b05cd,2026-07-08T12:30:00Z,2026-07-08T14:30:00+0200,2565.0,MW,ES,ES,forecast_onshore_wind_generation,Wind Onshore,2026-08-08T07:26:42Z
2026-08-08T07:21:23Z,2026-08-08T09:21:23+0200,a13a8e1c-07bb-4e38-addf-c4d0871b05cd,2026-07-08T12:45:00Z,2026-07-08T14:45:00+0200,2801.0,MW,ES,ES,forecast_onshore_wind_generation,Wind Onshore,2026-08-08T07:26:42Z
2026-08-08T07:21:23Z,2026-08-08T09:21:23+0200,a13a8e1c-07bb-4e38-addf-c4d0871b05cd,2026-07-08T13:00:00Z,2026-07-08T15:00:00+0200,3144.0,MW,ES,ES,forecast_onshore_wind_generation,Wind Onshore,2026-08-08T07:26:42Z
2026-08-08T07:21:23Z,2026-08-08T09:21:23+0200,a13a8e1c-07bb-4e38-addf-c4d0871b05cd,2026-07-08T13:15:00Z,2026-07-08T15:15:00+0200,3342.0,MW,ES,ES,forecast_onshore_wind_generation,Wind Onshore,2026-08-08T07:26:42Z
2026-08-08T07:21:23Z,2026-08-08T09:21:23+0200,a13a8e1c-07bb-4e38-addf-c4d0871b05cd,2026-07-08T13:30:00Z,2026-07-08T15:30:00+0200,3488.0,MW,ES,ES,forecast_onshore_wind_generation,Wind Onshore,2026-08-08T07:26:42Z
2026-08-08T07:21:23Z,2026-08-08T09:21:23+0200,a13a8e1c-07bb-4e38-addf-c4d0871b05cd,2026-07-08T13:45:00Z,2026-07-08T15:45:00+0200,3588.0,MW,ES,ES,forecast_onshore_wind_generation,Wind Onshore,2026-08-08T07:26:42Z
2026-08-08T07:21:23Z,2026-08-08T09:21:23+0200,a13a8e1c-07bb-4e38-addf-c4d0871b05cd,2026-07-08T14:00:00Z,2026-07-08T16:00:00+0200,3656.0,MW,ES,ES,forecast_onshore_wind_generation,Wind Onshore,2026-08-08T07:26:42Z
2026-08-08T07:21:23Z,2026-08-08T09:21:23+0200,a13a8e1c-07bb-4e38-addf-c4d0871b05cd,2026-07-08T14:15:00Z,2026-07-08T16:15:00+0200,3726.0,MW,ES,ES,forecast_onshore_wind_generation,Wind Onshore,2026-08-08T07:26:42Z
2026-08-08T07:21:23Z,2026-08-08T09:21:23+0200,a13a8e1c-07bb-4e38-addf-c4d0871b05cd,2026-07-08T14:30:00Z,2026-07-08T16:30:00+0200,3807.0,MW,ES,ES,forecast_onshore_wind_generation,Wind Onshore,2026-08-08T07:26:42Z
2026-08-08T07:21:23Z,2026-08-08T09:21:23+0200,a13a8e1c-07bb-4e38-addf-c4d0871b05cd,2026-07-08T14:45:00Z,2026-07-08T16:45:00+0200,3892.0,MW,ES,ES,forecast_onshore_wind_generation,Wind Onshore,2026-08-08T07:26:42Z
2026-08-08T07:21:23Z,2026-08-08T09:21:23+0200,a13a8e1c-07bb-4e38-addf-c4d0871b05cd,2026-07-08T15:00:00Z,2026-07-08T17:00:00+0200,3993.0,MW,ES,ES,forecast_onshore_wind_generation,Wind Onshore,2026-08-08T07:26:42Z
2026-08-08T07:21:23Z,2026-08-08T09:21:23+0200,a13a8e1c-07bb-4e38-addf-c4d0871b05cd,2026-07-08T15:15:00Z,2026-07-08T17:15:00+0200,4073.0,MW,ES,ES,forecast_onshore_wind_generation,Wind Onshore,2026-08-08T07:26:42Z
2026-08-08T07:21:23Z,2026-08-08T09:21:23+0200,a13a8e1c-07bb-4e38-addf-c4d0871b05cd,2026-07-08T15:30:00Z,2026-07-08T17:30:00+0200,4149.0,MW,ES,ES,forecast_onshore_wind_generation,Wind Onshore,2026-08-08T07:26:42Z
2026-08-08T07:21:23Z,2026-08-08T09:21:23+0200,a13a8e1c-07bb-4e38-addf-c4d0871b05cd,2026-07-08T15:45:00Z,2026-07-08T17:45:00+0200,4200.0,MW,ES,ES,forecast_onshore_wind_generation,Wind Onshore,2026-08-08T07:26:42Z
2026-08-08T07:21:23Z,2026-08-08T09:21:23+0200,a13a8e1c-07bb-4e38-addf-c4d0871b05cd,2026-07-08T16:00:00Z,2026-07-08T18:00:00+0200,4297.0,MW,ES,ES,forecast_onshore_wind_generation,Wind Onshore,2026-08-08T07:26:42Z
2026-08-08T07:21:23Z,2026-08-08T09:21:23+0200,a13a8e1c-07bb-4e38-addf-c4d0871b05cd,2026-07-08T16:15:00Z,2026-07-08T18:15:00+0200,4308.0,MW,ES,ES,forecast_onshore_wind_generation,Wind Onshore,2026-08-08T07:26:42Z
2026-08-08T07:21:23Z,2026-08-08T09:21:23+0200,a13a8e1c-07bb-4e38-addf-c4d0871b05cd,2026-07-08T16:30:00Z,2026-07-08T18:30:00+0200,4298.0,MW,ES,ES,forecast_onshore_wind_generation,Wind Onshore,2026-08-08T07:26:42Z
2026-08-08T07:21:23Z,2026-08-08T09:21:23+0200,a13a8e1c-07bb-4e38-addf-c4d0871b05cd,2026-07-08T16:45:00Z,2026-07-08T18:45:00+0200,4273.0,MW,ES,ES,forecast_onshore_wind_generation,Wind Onshore,2026-08-08T07:26:42Z
2026-08-08T07:21:23Z,2026-08-08T09:21:23+0200,a13a8e1c-07bb-4e38-addf-c4d0871b05cd,2026-07-08T17:00:00Z,2026-07-08T19:00:00+0200,4224.0,MW,ES,ES,forecast_onshore_wind_generation,Wind Onshore,2026-08-08T07:26:42Z
2026-08-08T07:21:23Z,2026-08-08T09:21:23+0200,a13a8e1c-07bb-4e38-addf-c4d0871b05cd,2026-07-08T17:15:00Z,2026-07-08T19:15:00+0200,4200.0,MW,ES,ES,forecast_onshore_wind_generation,Wind Onshore,2026-08-08T07:26:42Z
2026-08-08T07:21:23Z,2026-08-08T09:21:23+0200,a13a8e1c-07bb-4e38-addf-c4d0871b05cd,2026-07-08T17:30:00Z,2026-07-08T19:30:00+0200,4187.0,MW,ES,ES,forecast_onshore_wind_generation,Wind Onshore,2026-08-08T07:26:42Z
2026-08-08T07:21:23Z,2026-08-08T09:21:23+0200,a13a8e1c-07bb-4e38-addf-c4d0871b05cd,2026-07-08T17:45:00Z,2026-07-08T19:45:00+0200,4186.0,MW,ES,ES,forecast_onshore_wind_generation,Wind Onshore,2026-08-08T07:26:42Z
2026-08-08T07:21:23Z,2026-08-08T09:21:23+0200,a13a8e1c-07bb-4e38-addf-c4d0871b05cd,2026-07-08T18:00:00Z,2026-07-08T20:00:00+0200,4194.0,MW,ES,ES,forecast_onshore_wind_generation,Wind Onshore,2026-08-08T07:26:42Z
2026-08-08T07:21:23Z,2026-08-08T09:21:23+0200,a13a8e1c-07bb-4e38-addf-c4d0871b05cd,2026-07-08T18:15:00Z,2026-07-08T20:15:00+0200,4203.0,MW,ES,ES,forecast_onshore_wind_generation,Wind Onshore,2026-08-08T07:26:42Z
2026-08-08T07:21:23Z,2026-08-08T09:21:23+0200,a13a8e1c-07bb-4e38-addf-c4d0871b05cd,2026-07-08T18:30:00Z,2026-07-08T20:30:00+0200,4212.0,MW,ES,ES,forecast_onshore_wind_generation,Wind Onshore,2026-08-08T07:26:42Z
2026-08-08T07:21:23Z,2026-08-08T09:21:23+0200,a13a8e1c-07bb-4e38-addf-c4d0871b05cd,2026-07-08T18:45:00Z,2026-07-08T20:45:00+0200,4217.0,MW,ES,ES,forecast_onshore_wind_generation,Wind Onshore,2026-08-08T07:26:42Z
2026-08-08T07:21:23Z,2026-08-08T09:21:23+0200,a13a8e1c-07bb-4e38-addf-c4d0871b05cd,2026-07-08T19:00:00Z,2026-07-08T21:00:00+0200,4238.0,MW,ES,ES,forecast_onshore_wind_generation,Wind Onshore,2026-08-08T07:26:42Z
2026-08-08T07:21:23Z,2026-08-08T09:21:23+0200,a13a8e1c-07bb-4e38-addf-c4d0871b05cd,2026-07-08T19:15:00Z,2026-07-08T21:15:00+0200,4225.0,MW,ES,ES,forecast_onshore_wind_generation,Wind Onshore,2026-08-08T07:26:42Z
2026-08-08T07:21:23Z,2026-08-08T09:21:23+0200,a13a8e1c-07bb-4e38-addf-c4d0871b05cd,2026-07-08T19:30:00Z,2026-07-08T21:30:00+0200,4197.0,MW,ES,ES,forecast_onshore_wind_generation,Wind Onshore,2026-08-08T07:26:42Z
2026-08-08T07:21:23Z,2026-08-08T09:21:23+0200,a13a8e1c-07bb-4e38-addf-c4d0871b05cd,2026-07-08T19:45:00Z,2026-07-08T21:45:00+0200,4156.0,MW,ES,ES,forecast_onshore_wind_generation,Wind Onshore,2026-08-08T07:26:42Z
2026-08-08T07:21:23Z,2026-08-08T09:21:23+0200,a13a8e1c-07bb-4e38-addf-c4d0871b05cd,2026-07-08T20:00:00Z,2026-07-08T22:00:00+0200,4117.0,MW,ES,ES,forecast_onshore_wind_generation,Wind Onshore,2026-08-08T07:26:42Z
2026-08-08T07:21:23Z,2026-08-08T09:21:23+0200,a13a8e1c-07bb-4e38-addf-c4d0871b05cd,2026-07-08T20:15:00Z,2026-07-08T22:15:00+0200,4051.0,MW,ES,ES,forecast_onshore_wind_generation,Wind Onshore,2026-08-08T07:26:42Z
2026-08-08T07:21:23Z,2026-08-08T09:21:23+0200,a13a8e1c-07bb-4e38-addf-c4d0871b05cd,2026-07-08T20:30:00Z,2026-07-08T22:30:00+0200,3974.0,MW,ES,ES,forecast_onshore_wind_generation,Wind Onshore,2026-08-08T07:26:42Z
2026-08-08T07:21:23Z,2026-08-08T09:21:23+0200,a13a8e1c-07bb-4e38-addf-c4d0871b05cd,2026-07-08T20:45:00Z,2026-07-08T22:45:00+0200,3892.0,MW,ES,ES,forecast_onshore_wind_generation,Wind Onshore,2026-08-08T07:26:42Z
2026-08-08T07:21:23Z,2026-08-08T09:21:23+0200,a13a8e1c-07bb-4e38-addf-c4d0871b05cd,2026-07-08T21:00:00Z,2026-07-08T23:00:00+0200,3805.0,MW,ES,ES,forecast_onshore_wind_generation,Wind Onshore,2026-08-08T07:26:42Z
2026-08-08T07:21:23Z,2026-08-08T09:21:23+0200,a13a8e1c-07bb-4e38-addf-c4d0871b05cd,2026-07-08T21:15:00Z,2026-07-08T23:15:00+0200,3724.0,MW,ES,ES,forecast_onshore_wind_generation,Wind Onshore,2026-08-08T07:26:42Z
2026-08-08T07:21:23Z,2026-08-08T09:21:23+0200,a13a8e1c-07bb-4e38-addf-c4d0871b05cd,2026-07-08T21:30:00Z,2026-07-08T23:30:00+0200,3652.0,MW,ES,ES,forecast_onshore_wind_generation,Wind Onshore,2026-08-08T07:26:42Z
2026-08-08T07:21:23Z,2026-08-08T09:21:23+0200,a13a8e1c-07bb-4e38-addf-c4d0871b05cd,2026-07-08T21:45:00Z,2026-07-08T23:45:00+0200,3584.0,MW,ES,ES,forecast_onshore_wind_generation,Wind Onshore,2026-08-08T07:26:42Z
2026-08-08T07:21:23Z,2026-08-08T09:21:23+0200,a13a8e1c-07bb-4e38-addf-c4d0871b05cd,2026-07-08T22:00:00Z,2026-07-09T00:00:00+0200,3555.0,MW,ES,ES,forecast_onshore_wind_generation,Wind Onshore,2026-08-08T07:26:42Z
2026-08-08T07:21:23Z,2026-08-08T09:21:23+0200,a13a8e1c-07bb-4e38-addf-c4d0871b05cd,2026-07-08T22:15:00Z,2026-07-09T00:15:00+0200,3486.0,MW,ES,ES,forecast_onshore_wind_generation,Wind Onshore,2026-08-08T07:26:42Z
2026-08-08T07:21:23Z,2026-08-08T09:21:23+0200,a13a8e1c-07bb-4e38-addf-c4d0871b05cd,2026-07-08T22:30:00Z,2026-07-09T00:30:00+0200,3408.0,MW,ES,ES,forecast_onshore_wind_generation,Wind Onshore,2026-08-08T07:26:42Z
2026-08-08T07:21:23Z,2026-08-08T09:21:23+0200,a13a8e1c-07bb-4e38-addf-c4d0871b05cd,2026-07-08T22:45:00Z,2026-07-09T00:45:00+0200,3322.0,MW,ES,ES,forecast_onshore_wind_generation,Wind Onshore,2026-08-08T07:26:42Z
2026-08-08T07:21:23Z,2026-08-08T09:21:23+0200,a13a8e1c-07bb-4e38-addf-c4d0871b05cd,2026-07-08T23:00:00Z,2026-07-09T01:00:00+0200,3230.0,MW,ES,ES,forecast_onshore_wind_generation,Wind Onshore,2026-08-08T07:26:42Z
2026-08-08T07:21:23Z,2026-08-08T09:21:23+0200,a13a8e1c-07bb-4e38-addf-c4d0871b05cd,2026-07-08T23:15:00Z,2026-07-09T01:15:00+0200,3138.0,MW,ES,ES,forecast_onshore_wind_generation,Wind Onshore,2026-08-08T07:26:42Z
2026-08-08T07:21:23Z,2026-08-08T09:21:23+0200,a13a8e1c-07bb-4e38-addf-c4d0871b05cd,2026-07-08T23:30:00Z,2026-07-09T01:30:00+0200,3045.0,MW,ES,ES,forecast_onshore_wind_generation,Wind Onshore,2026-08-08T07:26:42Z
2026-08-08T07:21:23Z,2026-08-08T09:21:23+0200,a13a8e1c-07bb-4e38-addf-c4d0871b05cd,2026-07-08T23:45:00Z,2026-07-09T01:45:00+0200,2955.0,MW,ES,ES,forecast_onshore_wind_generation,Wind Onshore,2026-08-08T07:26:42Z
2026-08-08T07:21:23Z,2026-08-08T09:21:23+0200,a13a8e1c-07bb-4e38-addf-c4d0871b05cd,2026-07-09T00:00:00Z,2026-07-09T02:00:00+0200,2855.0,MW,ES,ES,forecast_onshore_wind_generation,Wind Onshore,2026-08-08T07:26:42Z
2026-08-08T07:21:23Z,2026-08-08T09:21:23+0200,a13a8e1c-07bb-4e38-addf-c4d0871b05cd,2026-07-09T00:15:00Z,2026-07-09T02:15:00+0200,2774.0,MW,ES,ES,forecast_onshore_wind_generation,Wind Onshore,2026-08-08T07:26:42Z
2026-08-08T07:21:23Z,2026-08-08T09:21:23+0200,a13a8e1c-07bb-4e38-addf-c4d0871b05cd,2026-07-09T00:30:00Z,2026-07-09T02:30:00+0200,2700.0,MW,ES,ES,forecast_onshore_wind_generation,Wind Onshore,2026-08-08T07:26:42Z
2026-08-08T07:21:23Z,2026-08-08T09:21:23+0200,a13a8e1c-07bb-4e38-addf-c4d0871b05cd,2026-07-09T00:45:00Z,2026-07-09T02:45:00+0200,2629.0,MW,ES,ES,forecast_onshore_wind_generation,Wind Onshore,2026-08-08T07:26:42Z
2026-08-08T07:21:23Z,2026-08-08T09:21:23+0200,a13a8e1c-07bb-4e38-addf-c4d0871b05cd,2026-07-09T01:00:00Z,2026-07-09T03:00:00+0200,2578.0,MW,ES,ES,forecast_onshore_wind_generation,Wind Onshore,2026-08-08T07:26:42Z
2026-08-08T07:21:23Z,2026-08-08T09:21:23+0200,a13a8e1c-07bb-4e38-addf-c4d0871b05cd,2026-07-09T01:15:00Z,2026-07-09T03:15:00+0200,2504.0,MW,ES,ES,forecast_onshore_wind_generation,Wind Onshore,2026-08-08T07:26:42Z
2026-08-08T07:21:23Z,2026-08-08T09:21:23+0200,a13a8e1c-07bb-4e38-addf-c4d0871b05cd,2026-07-09T01:30:00Z,2026-07-09T03:30:00+0200,2425.0,MW,ES,ES,forecast_onshore_wind_generation,Wind Onshore,2026-08-08T07:26:42Z
2026-08-08T07:21:23Z,2026-08-08T09:21:23+0200,a13a8e1c-07bb-4e38-addf-c4d0871b05cd,2026-07-09T01:45:00Z,2026-07-09T03:45:00+0200,2341.0,MW,ES,ES,forecast_onshore_wind_generation,Wind Onshore,2026-08-08T07:26:42Z
2026-08-08T07:21:23Z,2026-08-08T09:21:23+0200,a13a8e1c-07bb-4e38-addf-c4d0871b05cd,2026-07-09T02:00:00Z,2026-07-09T04:00:00+0200,2262.0,MW,ES,ES,forecast_onshore_wind_generation,Wind Onshore,2026-08-08T07:26:42Z
2026-08-08T07:21:23Z,2026-08-08T09:21:23+0200,a13a8e1c-07bb-4e38-addf-c4d0871b05cd,2026-07-09T02:15:00Z,2026-07-09T04:15:00+0200,2173.0,MW,ES,ES,forecast_onshore_wind_generation,Wind Onshore,2026-08-08T07:26:42Z
2026-08-08T07:21:23Z,2026-08-08T09:21:23+0200,a13a8e1c-07bb-4e38-addf-c4d0871b05cd,2026-07-09T02:30:00Z,2026-07-09T04:30:00+0200,2087.0,MW,ES,ES,forecast_onshore_wind_generation,Wind Onshore,2026-08-08T07:26:42Z
2026-08-08T07:21:23Z,2026-08-08T09:21:23+0200,a13a8e1c-07bb-4e38-addf-c4d0871b05cd,2026-07-09T02:45:00Z,2026-07-09T04:45:00+0200,2001.0,MW,ES,ES,forecast_onshore_wind_generation,Wind Onshore,2026-08-08T07:26:42Z
2026-08-08T07:21:23Z,2026-08-08T09:21:23+0200,a13a8e1c-07bb-4e38-addf-c4d0871b05cd,2026-07-09T03:00:00Z,2026-07-09T05:00:00+0200,1928.0,MW,ES,ES,forecast_onshore_wind_generation,Wind Onshore,2026-08-08T07:26:42Z
2026-08-08T07:21:23Z,2026-08-08T09:21:23+0200,a13a8e1c-07bb-4e38-addf-c4d0871b05cd,2026-07-09T03:15:00Z,2026-07-09T05:15:00+0200,1848.0,MW,ES,ES,forecast_onshore_wind_generation,Wind Onshore,2026-08-08T07:26:42Z
2026-08-08T07:21:23Z,2026-08-08T09:21:23+0200,a13a8e1c-07bb-4e38-addf-c4d0871b05cd,2026-07-09T03:30:00Z,2026-07-09T05:30:00+0200,1772.0,MW,ES,ES,forecast_onshore_wind_generation,Wind Onshore,2026-08-08T07:26:42Z
2026-08-08T07:21:23Z,2026-08-08T09:21:23+0200,a13a8e1c-07bb-4e38-addf-c4d0871b05cd,2026-07-09T03:45:00Z,2026-07-09T05:45:00+0200,1699.0,MW,ES,ES,forecast_onshore_wind_generation,Wind Onshore,2026-08-08T07:26:42Z
2026-08-08T07:21:23Z,2026-08-08T09:21:23+0200,a13a8e1c-07bb-4e38-addf-c4d0871b05cd,2026-07-09T04:00:00Z,2026-07-09T06:00:00+0200,1646.0,MW,ES,ES,forecast_onshore_wind_generation,Wind Onshore,2026-08-08T07:26:42Z
2026-08-08T07:21:23Z,2026-08-08T09:21:23+0200,a13a8e1c-07bb-4e38-addf-c4d0871b05cd,2026-07-09T04:15:00Z,2026-07-09T06:15:00+0200,1568.0,MW,ES,ES,forecast_onshore_wind_generation,Wind Onshore,2026-08-08T07:26:42Z
2026-08-08T07:21:23Z,2026-08-08T09:21:23+0200,a13a8e1c-07bb-4e38-addf-c4d0871b05cd,2026-07-09T04:30:00Z,2026-07-09T06:30:00+0200,1486.0,MW,ES,ES,forecast_onshore_wind_generation,Wind Onshore,2026-08-08T07:26:42Z
2026-08-08T07:21:23Z,2026-08-08T09:21:23+0200,a13a8e1c-07bb-4e38-addf-c4d0871b05cd,2026-07-09T04:45:00Z,2026-07-09T06:45:00+0200,1400.0,MW,ES,ES,forecast_onshore_wind_generation,Wind Onshore,2026-08-08T07:26:42Z
2026-08-08T07:21:23Z,2026-08-08T09:21:23+0200,a13a8e1c-07bb-4e38-addf-c4d0871b05cd,2026-07-09T05:00:00Z,2026-07-09T07:00:00+0200,1333.0,MW,ES,ES,forecast_onshore_wind_generation,Wind Onshore,2026-08-08T07:26:42Z
2026-08-08T07:21:23Z,2026-08-08T09:21:23+0200,a13a8e1c-07bb-4e38-addf-c4d0871b05cd,2026-07-09T05:15:00Z,2026-07-09T07:15:00+0200,1245.0,MW,ES,ES,forecast_onshore_wind_generation,Wind Onshore,2026-08-08T07:26:42Z
2026-08-08T07:21:23Z,2026-08-08T09:21:23+0200,a13a8e1c-07bb-4e38-addf-c4d0871b05cd,2026-07-09T05:30:00Z,2026-07-09T07:30:00+0200,1158.0,MW,ES,ES,forecast_onshore_wind_generation,Wind Onshore,2026-08-08T07:26:42Z
2026-08-08T07:21:23Z,2026-08-08T09:21:23+0200,a13a8e1c-07bb-4e38-addf-c4d0871b05cd,2026-07-09T05:45:00Z,2026-07-09T07:45:00+0200,1073.0,MW,ES,ES,forecast_onshore_wind_generation,Wind Onshore,2026-08-08T07:26:42Z
2026-08-08T07:21:23Z,2026-08-08T09:21:23+0200,a13a8e1c-07bb-4e38-addf-c4d0871b05cd,2026-07-09T06:00:00Z,2026-07-09T08:00:00+0200,993.0,MW,ES,ES,forecast_onshore_wind_generation,Wind Onshore,2026-08-08T07:26:42Z
2026-08-08T07:21:23Z,2026-08-08T09:21:23+0200,a13a8e1c-07bb-4e38-addf-c4d0871b05cd,2026-07-09T06:15:00Z,2026-07-09T08:15:00+0200,917.0,MW,ES,ES,forecast_onshore_wind_generation,Wind Onshore,2026-08-08T07:26:42Z
2026-08-08T07:21:23Z,2026-08-08T09:21:23+0200,a13a8e1c-07bb-4e38-addf-c4d0871b05cd,2026-07-09T06:30:00Z,2026-07-09T08:30:00+0200,846.0,MW,ES,ES,forecast_onshore_wind_generation,Wind Onshore,2026-08-08T07:26:42Z
2026-08-08T07:21:23Z,2026-08-08T09:21:23+0200,a13a8e1c-07bb-4e38-addf-c4d0871b05cd,2026-07-09T06:45:00Z,2026-07-09T08:45:00+0200,785.0,MW,ES,ES,forecast_onshore_wind_generation,Wind Onshore,2026-08-08T07:26:42Z
2026-08-08T07:21:23Z,2026-08-08T09:21:23+0200,a13a8e1c-07bb-4e38-addf-c4d0871b05cd,2026-07-09T07:00:00Z,2026-07-09T09:00:00+0200,696.0,MW,ES,ES,forecast_onshore_wind_generation,Wind Onshore,2026-08-08T07:26:42Z
2026-08-08T07:21:23Z,2026-08-08T09:21:23+0200,a13a8e1c-07bb-4e38-addf-c4d0871b05cd,2026-07-09T07:15:00Z,2026-07-09T09:15:00+0200,636.0,MW,ES,ES,forecast_onshore_wind_generation,Wind Onshore,2026-08-08T07:26:42Z
2026-08-08T07:21:23Z,2026-08-08T09:21:23+0200,a13a8e1c-07bb-4e38-addf-c4d0871b05cd,2026-07-09T07:30:00Z,2026-07-09T09:30:00+0200,619.0,MW,ES,ES,forecast_onshore_wind_generation,Wind Onshore,2026-08-08T07:26:42Z
2026-08-08T07:21:23Z,2026-08-08T09:21:23+0200,a13a8e1c-07bb-4e38-addf-c4d0871b05cd,2026-07-09T07:45:00Z,2026-07-09T09:45:00+0200,618.0,MW,ES,ES,forecast_onshore_wind_generation,Wind Onshore,2026-08-08T07:26:42Z
2026-08-08T07:21:23Z,2026-08-08T09:21:23+0200,a13a8e1c-07bb-4e38-addf-c4d0871b05cd,2026-07-09T08:00:00Z,2026-07-09T10:00:00+0200,577.0,MW,ES,ES,forecast_onshore_wind_generation,Wind Onshore,2026-08-08T07:26:42Z
2026-08-08T07:21:23Z,2026-08-08T09:21:23+0200,a13a8e1c-07bb-4e38-addf-c4d0871b05cd,2026-07-09T08:15:00Z,2026-07-09T10:15:00+0200,602.0,MW,ES,ES,forecast_onshore_wind_generation,Wind Onshore,2026-08-08T07:26:42Z
2026-08-08T07:21:23Z,2026-08-08T09:21:23+0200,a13a8e1c-07bb-4e38-addf-c4d0871b05cd,2026-07-09T08:30:00Z,2026-07-09T10:30:00+0200,634.0,MW,ES,ES,forecast_onshore_wind_generation,Wind Onshore,2026-08-08T07:26:42Z
2026-08-08T07:21:23Z,2026-08-08T09:21:23+0200,a13a8e1c-07bb-4e38-addf-c4d0871b05cd,2026-07-09T08:45:00Z,2026-07-09T10:45:00+0200,676.0,MW,ES,ES,forecast_onshore_wind_generation,Wind Onshore,2026-08-08T07:26:42Z
2026-08-08T07:21:23Z,2026-08-08T09:21:23+0200,a13a8e1c-07bb-4e38-addf-c4d0871b05cd,2026-07-09T09:00:00Z,2026-07-09T11:00:00+0200,706.0,MW,ES,ES,forecast_onshore_wind_generation,Wind Onshore,2026-08-08T07:26:42Z
2026-08-08T07:21:23Z,2026-08-08T09:21:23+0200,a13a8e1c-07bb-4e38-addf-c4d0871b05cd,2026-07-09T09:15:00Z,2026-07-09T11:15:00+0200,794.0,MW,ES,ES,forecast_onshore_wind_generation,Wind Onshore,2026-08-08T07:26:42Z
2026-08-08T07:21:23Z,2026-08-08T09:21:23+0200,a13a8e1c-07bb-4e38-addf-c4d0871b05cd,2026-07-09T09:30:00Z,2026-07-09T11:30:00+0200,903.0,MW,ES,ES,forecast_onshore_wind_generation,Wind Onshore,2026-08-08T07:26:42Z
2026-08-08T07:21:23Z,2026-08-08T09:21:23+0200,a13a8e1c-07bb-4e38-addf-c4d0871b05cd,2026-07-09T09:45:00Z,2026-07-09T11:45:00+0200,1028.0,MW,ES,ES,forecast_onshore_wind_generation,Wind Onshore,2026-08-08T07:26:42Z
2026-08-08T07:21:23Z,2026-08-08T09:21:23+0200,a13a8e1c-07bb-4e38-addf-c4d0871b05cd,2026-07-09T10:00:00Z,2026-07-09T12:00:00+0200,1221.0,MW,ES,ES,forecast_onshore_wind_generation,Wind Onshore,2026-08-08T07:26:42Z
2026-08-08T07:21:23Z,2026-08-08T09:21:23+0200,a13a8e1c-07bb-4e38-addf-c4d0871b05cd,2026-07-09T10:15:00Z,2026-07-09T12:15:00+0200,1361.0,MW,ES,ES,forecast_onshore_wind_generation,Wind Onshore,2026-08-08T07:26:42Z
2026-08-08T07:21:23Z,2026-08-08T09:21:23+0200,a13a8e1c-07bb-4e38-addf-c4d0871b05cd,2026-07-09T10:30:00Z,2026-07-09T12:30:00+0200,1485.0,MW,ES,ES,forecast_onshore_wind_generation,Wind Onshore,2026-08-08T07:26:42Z
2026-08-08T07:21:23Z,2026-08-08T09:21:23+0200,a13a8e1c-07bb-4e38-addf-c4d0871b05cd,2026-07-09T10:45:00Z,2026-07-09T12:45:00+0200,1600.0,MW,ES,ES,forecast_onshore_wind_generation,Wind Onshore,2026-08-08T07:26:42Z
2026-08-08T07:21:23Z,2026-08-08T09:21:23+0200,a13a8e1c-07bb-4e38-addf-c4d0871b05cd,2026-07-09T11:00:00Z,2026-07-09T13:00:00+0200,1784.0,MW,ES,ES,forecast_onshore_wind_generation,Wind Onshore,2026-08-08T07:26:42Z
2026-08-08T07:21:23Z,2026-08-08T09:21:23+0200,a13a8e1c-07bb-4e38-addf-c4d0871b05cd,2026-07-09T11:15:00Z,2026-07-09T13:15:00+0200,1907.0,MW,ES,ES,forecast_onshore_wind_generation,Wind Onshore,2026-08-08T07:26:42Z
2026-08-08T07:21:23Z,2026-08-08T09:21:23+0200,a13a8e1c-07bb-4e38-addf-c4d0871b05cd,2026-07-09T11:30:00Z,2026-07-09T13:30:00+0200,2025.0,MW,ES,ES,forecast_onshore_wind_generation,Wind Onshore,2026-08-08T07:26:42Z
2026-08-08T07:21:23Z,2026-08-08T09:21:23+0200,a13a8e1c-07bb-4e38-addf-c4d0871b05cd,2026-07-09T11:45:00Z,2026-07-09T13:45:00+0200,2145.0,MW,ES,ES,forecast_onshore_wind_generation,Wind Onshore,2026-08-08T07:26:42Z
2026-08-08T07:21:23Z,2026-08-08T09:21:23+0200,a13a8e1c-07bb-4e38-addf-c4d0871b05cd,2026-07-09T12:00:00Z,2026-07-09T14:00:00+0200,2292.0,MW,ES,ES,forecast_onshore_wind_generation,Wind Onshore,2026-08-08T07:26:42Z
2026-08-08T07:21:23Z,2026-08-08T09:21:23+0200,a13a8e1c-07bb-4e38-addf-c4d0871b05cd,2026-07-09T12:15:00Z,2026-07-09T14:15:00+0200,2422.0,MW,ES,ES,forecast_onshore_wind_generation,Wind Onshore,2026-08-08T07:26:42Z
2026-08-08T07:21:23Z,2026-08-08T09:21:23+0200,a13a8e1c-07bb-4e38-addf-c4d0871b05cd,2026-07-09T12:30:00Z,2026-07-09T14:30:00+0200,2556.0,MW,ES,ES,forecast_onshore_wind_generation,Wind Onshore,2026-08-08T07:26:42Z
2026-08-08T07:21:23Z,2026-08-08T09:21:23+0200,a13a8e1c-07bb-4e38-addf-c4d0871b05cd,2026-07-09T12:45:00Z,2026-07-09T14:45:00+0200,2682.0,MW,ES,ES,forecast_onshore_wind_generation,Wind Onshore,2026-08-08T07:26:42Z
2026-08-08T07:21:23Z,2026-08-08T09:21:23+0200,a13a8e1c-07bb-4e38-addf-c4d0871b05cd,2026-07-09T13:00:00Z,2026-07-09T15:00:00+0200,2789.0,MW,ES,ES,forecast_onshore_wind_generation,Wind Onshore,2026-08-08T07:26:42Z
2026-08-08T07:21:23Z,2026-08-08T09:21:23+0200,a13a8e1c-07bb-4e38-addf-c4d0871b05cd,2026-07-09T13:15:00Z,2026-07-09T15:15:00+0200,2925.0,MW,ES,ES,forecast_onshore_wind_generation,Wind Onshore,2026-08-08T07:26:42Z
2026-08-08T07:21:23Z,2026-08-08T09:21:23+0200,a13a8e1c-07bb-4e38-addf-c4d0871b05cd,2026-07-09T13:30:00Z,2026-07-09T15:30:00+0200,3078.0,MW,ES,ES,forecast_onshore_wind_generation,Wind Onshore,2026-08-08T07:26:42Z
2026-08-08T07:21:23Z,2026-08-08T09:21:23+0200,a13a8e1c-07bb-4e38-addf-c4d0871b05cd,2026-07-09T13:45:00Z,2026-07-09T15:45:00+0200,3224.0,MW,ES,ES,forecast_onshore_wind_generation,Wind Onshore,2026-08-08T07:26:42Z
2026-08-08T07:21:23Z,2026-08-08T09:21:23+0200,a13a8e1c-07bb-4e38-addf-c4d0871b05cd,2026-07-09T14:00:00Z,2026-07-09T16:00:00+0200,3303.0,MW,ES,ES,forecast_onshore_wind_generation,Wind Onshore,2026-08-08T07:26:42Z
2026-08-08T07:21:23Z,2026-08-08T09:21:23+0200,a13a8e1c-07bb-4e38-addf-c4d0871b05cd,2026-07-09T14:15:00Z,2026-07-09T16:15:00+0200,3498.0,MW,ES,ES,forecast_onshore_wind_generation,Wind Onshore,2026-08-08T07:26:42Z
2026-08-08T07:21:23Z,2026-08-08T09:21:23+0200,a13a8e1c-07bb-4e38-addf-c4d0871b05cd,2026-07-09T14:30:00Z,2026-07-09T16:30:00+0200,3738.0,MW,ES,ES,forecast_onshore_wind_generation,Wind Onshore,2026-08-08T07:26:42Z
2026-08-08T07:21:23Z,2026-08-08T09:21:23+0200,a13a8e1c-07bb-4e38-addf-c4d0871b05cd,2026-07-09T14:45:00Z,2026-07-09T16:45:00+0200,3977.0,MW,ES,ES,forecast_onshore_wind_generation,Wind Onshore,2026-08-08T07:26:42Z
2026-08-08T07:21:23Z,2026-08-08T09:21:23+0200,a13a8e1c-07bb-4e38-addf-c4d0871b05cd,2026-07-09T15:00:00Z,2026-07-09T17:00:00+0200,4381.0,MW,ES,ES,forecast_onshore_wind_generation,Wind Onshore,2026-08-08T07:26:42Z
2026-08-08T07:21:23Z,2026-08-08T09:21:23+0200,a13a8e1c-07bb-4e38-addf-c4d0871b05cd,2026-07-09T15:15:00Z,2026-07-09T17:15:00+0200,4567.0,MW,ES,ES,forecast_onshore_wind_generation,Wind Onshore,2026-08-08T07:26:42Z
2026-08-08T07:21:23Z,2026-08-08T09:21:23+0200,a13a8e1c-07bb-4e38-addf-c4d0871b05cd,2026-07-09T15:30:00Z,2026-07-09T17:30:00+0200,4665.0,MW,ES,ES,forecast_onshore_wind_generation,Wind Onshore,2026-08-08T07:26:42Z
2026-08-08T07:21:23Z,2026-08-08T09:21:23+0200,a13a8e1c-07bb-4e38-addf-c4d0871b05cd,2026-07-09T15:45:00Z,2026-07-09T17:45:00+0200,4691.0,MW,ES,ES,forecast_onshore_wind_generation,Wind Onshore,2026-08-08T07:26:42Z
2026-08-08T07:21:23Z,2026-08-08T09:21:23+0200,a13a8e1c-07bb-4e38-addf-c4d0871b05cd,2026-07-09T16:00:00Z,2026-07-09T18:00:00+0200,4784.0,MW,ES,ES,forecast_onshore_wind_generation,Wind Onshore,2026-08-08T07:26:42Z
2026-08-08T07:21:23Z,2026-08-08T09:21:23+0200,a13a8e1c-07bb-4e38-addf-c4d0871b05cd,2026-07-09T16:15:00Z,2026-07-09T18:15:00+0200,4773.0,MW,ES,ES,forecast_onshore_wind_generation,Wind Onshore,2026-08-08T07:26:42Z
2026-08-08T07:21:23Z,2026-08-08T09:21:23+0200,a13a8e1c-07bb-4e38-addf-c4d0871b05cd,2026-07-09T16:30:00Z,2026-07-09T18:30:00+0200,4807.0,MW,ES,ES,forecast_onshore_wind_generation,Wind Onshore,2026-08-08T07:26:42Z
2026-08-08T07:21:23Z,2026-08-08T09:21:23+0200,a13a8e1c-07bb-4e38-addf-c4d0871b05cd,2026-07-09T16:45:00Z,2026-07-09T18:45:00+0200,4866.0,MW,ES,ES,forecast_onshore_wind_generation,Wind Onshore,2026-08-08T07:26:42Z
2026-08-08T07:21:23Z,2026-08-08T09:21:23+0200,a13a8e1c-07bb-4e38-addf-c4d0871b05cd,2026-07-09T17:00:00Z,2026-07-09T19:00:00+0200,4844.0,MW,ES,ES,forecast_onshore_wind_generation,Wind Onshore,2026-08-08T07:26:42Z
2026-08-08T07:21:23Z,2026-08-08T09:21:23+0200,a13a8e1c-07bb-4e38-addf-c4d0871b05cd,2026-07-09T17:15:00Z,2026-07-09T19:15:00+0200,4971.0,MW,ES,ES,forecast_onshore_wind_generation,Wind Onshore,2026-08-08T07:26:42Z
2026-08-08T07:21:23Z,2026-08-08T09:21:23+0200,a13a8e1c-07bb-4e38-addf-c4d0871b05cd,2026-07-09T17:30:00Z,2026-07-09T19:30:00+0200,5125.0,MW,ES,ES,forecast_onshore_wind_generation,Wind Onshore,2026-08-08T07:26:42Z
2026-08-08T07:21:23Z,2026-08-08T09:21:23+0200,a13a8e1c-07bb-4e38-addf-c4d0871b05cd,2026-07-09T17:45:00Z,2026-07-09T19:45:00+0200,5297.0,MW,ES,ES,forecast_onshore_wind_generation,Wind Onshore,2026-08-08T07:26:42Z
2026-08-08T07:21:23Z,2026-08-08T09:21:23+0200,a13a8e1c-07bb-4e38-addf-c4d0871b05cd,2026-07-09T18:00:00Z,2026-07-09T20:00:00+0200,5996.0,MW,ES,ES,forecast_onshore_wind_generation,Wind Onshore,2026-08-08T07:26:42Z
2026-08-08T07:21:23Z,2026-08-08T09:21:23+0200,a13a8e1c-07bb-4e38-addf-c4d0871b05cd,2026-07-09T18:15:00Z,2026-07-09T20:15:00+0200,6061.0,MW,ES,ES,forecast_onshore_wind_generation,Wind Onshore,2026-08-08T07:26:42Z
2026-08-08T07:21:23Z,2026-08-08T09:21:23+0200,a13a8e1c-07bb-4e38-addf-c4d0871b05cd,2026-07-09T18:30:00Z,2026-07-09T20:30:00+0200,6060.0,MW,ES,ES,forecast_onshore_wind_generation,Wind Onshore,2026-08-08T07:26:42Z
2026-08-08T07:21:23Z,2026-08-08T09:21:23+0200,a13a8e1c-07bb-4e38-addf-c4d0871b05cd,2026-07-09T18:45:00Z,2026-07-09T20:45:00+0200,6028.0,MW,ES,ES,forecast_onshore_wind_generation,Wind Onshore,2026-08-08T07:26:42Z
2026-08-08T07:21:23Z,2026-08-08T09:21:23+0200,a13a8e1c-07bb-4e38-addf-c4d0871b05cd,2026-07-09T19:00:00Z,2026-07-09T21:00:00+0200,5921.0,MW,ES,ES,forecast_onshore_wind_generation,Wind Onshore,2026-08-08T07:26:42Z
2026-08-08T07:21:23Z,2026-08-08T09:21:23+0200,a13a8e1c-07bb-4e38-addf-c4d0871b05cd,2026-07-09T19:15:00Z,2026-07-09T21:15:00+0200,5880.0,MW,ES,ES,forecast_onshore_wind_generation,Wind Onshore,2026-08-08T07:26:42Z
2026-08-08T07:21:23Z,2026-08-08T09:21:23+0200,a13a8e1c-07bb-4e38-addf-c4d0871b05cd,2026-07-09T19:30:00Z,2026-07-09T21:30:00+0200,5857.0,MW,ES,ES,forecast_onshore_wind_generation,Wind Onshore,2026-08-08T07:26:42Z
2026-08-08T07:21:23Z,2026-08-08T09:21:23+0200,a13a8e1c-07bb-4e38-addf-c4d0871b05cd,2026-07-09T19:45:00Z,2026-07-09T21:45:00+0200,5835.0,MW,ES,ES,forecast_onshore_wind_generation,Wind Onshore,2026-08-08T07:26:42Z
2026-08-08T07:21:23Z,2026-08-08T09:21:23+0200,a13a8e1c-07bb-4e38-addf-c4d0871b05cd,2026-07-09T20:00:00Z,2026-07-09T22:00:00+0200,5923.0,MW,ES,ES,forecast_onshore_wind_generation,Wind Onshore,2026-08-08T07:26:42Z
2026-08-08T07:21:23Z,2026-08-08T09:21:23+0200,a13a8e1c-07bb-4e38-addf-c4d0871b05cd,2026-07-09T20:15:00Z,2026-07-09T22:15:00+0200,5802.0,MW,ES,ES,forecast_onshore_wind_generation,Wind Onshore,2026-08-08T07:26:42Z
2026-08-08T07:21:23Z,2026-08-08T09:21:23+0200,a13a8e1c-07bb-4e38-addf-c4d0871b05cd,2026-07-09T20:30:00Z,2026-07-09T22:30:00+0200,5600.0,MW,ES,ES,forecast_onshore_wind_generation,Wind Onshore,2026-08-08T07:26:42Z
2026-08-08T07:21:23Z,2026-08-08T09:21:23+0200,a13a8e1c-07bb-4e38-addf-c4d0871b05cd,2026-07-09T20:45:00Z,2026-07-09T22:45:00+0200,5357.0,MW,ES,ES,forecast_onshore_wind_generation,Wind Onshore,2026-08-08T07:26:42Z
2026-08-08T07:21:23Z,2026-08-08T09:21:23+0200,a13a8e1c-07bb-4e38-addf-c4d0871b05cd,2026-07-09T21:00:00Z,2026-07-09T23:00:00+0200,4983.0,MW,ES,ES,forecast_onshore_wind_generation,Wind Onshore,2026-08-08T07:26:42Z
2026-08-08T07:21:23Z,2026-08-08T09:21:23+0200,a13a8e1c-07bb-4e38-addf-c4d0871b05cd,2026-07-09T21:15:00Z,2026-07-09T23:15:00+0200,4825.0,MW,ES,ES,forecast_onshore_wind_generation,Wind Onshore,2026-08-08T07:26:42Z
2026-08-08T07:21:23Z,2026-08-08T09:21:23+0200,a13a8e1c-07bb-4e38-addf-c4d0871b05cd,2026-07-09T21:30:00Z,2026-07-09T23:30:00+0200,4775.0,MW,ES,ES,forecast_onshore_wind_generation,Wind Onshore,2026-08-08T07:26:42Z
2026-08-08T07:21:23Z,2026-08-08T09:21:23+0200,a13a8e1c-07bb-4e38-addf-c4d0871b05cd,2026-07-09T21:45:00Z,2026-07-09T23:45:00+0200,4789.0,MW,ES,ES,forecast_onshore_wind_generation,Wind Onshore,2026-08-08T07:26:42Z
2026-08-08T07:21:23Z,2026-08-08T09:21:23+0200,a13a8e1c-07bb-4e38-addf-c4d0871b05cd,2026-07-09T22:00:00Z,2026-07-10T00:00:00+0200,4428.0,MW,ES,ES,forecast_onshore_wind_generation,Wind Onshore,2026-08-08T07:26:42Z
2026-08-08T07:21:23Z,2026-08-08T09:21:23+0200,a13a8e1c-07bb-4e38-addf-c4d0871b05cd,2026-07-09T22:15:00Z,2026-07-10T00:15:00+0200,4331.0,MW,ES,ES,forecast_onshore_wind_generation,Wind Onshore,2026-08-08T07:26:42Z
2026-08-08T07:21:23Z,2026-08-08T09:21:23+0200,a13a8e1c-07bb-4e38-addf-c4d0871b05cd,2026-07-09T22:30:00Z,2026-07-10T00:30:00+0200,4221.0,MW,ES,ES,forecast_onshore_wind_generation,Wind Onshore,2026-08-08T07:26:42Z
2026-08-08T07:21:23Z,2026-08-08T09:21:23+0200,a13a8e1c-07bb-4e38-addf-c4d0871b05cd,2026-07-09T22:45:00Z,2026-07-10T00:45:00+0200,4107.0,MW,ES,ES,forecast_onshore_wind_generation,Wind Onshore,2026-08-08T07:26:42Z
2026-08-08T07:21:23Z,2026-08-08T09:21:23+0200,a13a8e1c-07bb-4e38-addf-c4d0871b05cd,2026-07-09T23:00:00Z,2026-07-10T01:00:00+0200,3993.0,MW,ES,ES,forecast_onshore_wind_generation,Wind Onshore,2026-08-08T07:26:42Z
2026-08-08T07:21:23Z,2026-08-08T09:21:23+0200,a13a8e1c-07bb-4e38-addf-c4d0871b05cd,2026-07-09T23:15:00Z,2026-07-10T01:15:00+0200,3864.0,MW,ES,ES,forecast_onshore_wind_generation,Wind Onshore,2026-08-08T07:26:42Z
2026-08-08T07:21:23Z,2026-08-08T09:21:23+0200,a13a8e1c-07bb-4e38-addf-c4d0871b05cd,2026-07-09T23:30:00Z,2026-07-10T01:30:00+0200,3741.0,MW,ES,ES,forecast_onshore_wind_generation,Wind Onshore,2026-08-08T07:26:42Z
2026-08-08T07:21:23Z,2026-08-08T09:21:23+0200,a13a8e1c-07bb-4e38-addf-c4d0871b05cd,2026-07-09T23:45:00Z,2026-07-10T01:45:00+0200,3624.0,MW,ES,ES,forecast_onshore_wind_generation,Wind Onshore,2026-08-08T07:26:42Z
2026-08-08T07:21:23Z,2026-08-08T09:21:23+0200,a13a8e1c-07bb-4e38-addf-c4d0871b05cd,2026-07-10T00:00:00Z,2026-07-10T02:00:00+0200,3506.0,MW,ES,ES,forecast_onshore_wind_generation,Wind Onshore,2026-08-08T07:26:42Z
2026-08-08T07:21:23Z,2026-08-08T09:21:23+0200,a13a8e1c-07bb-4e38-addf-c4d0871b05cd,2026-07-10T00:15:00Z,2026-07-10T02:15:00+0200,3407.0,MW,ES,ES,forecast_onshore_wind_generation,Wind Onshore,2026-08-08T07:26:42Z
2026-08-08T07:21:23Z,2026-08-08T09:21:23+0200,a13a8e1c-07bb-4e38-addf-c4d0871b05cd,2026-07-10T00:30:00Z,2026-07-10T02:30:00+0200,3318.0,MW,ES,ES,forecast_onshore_wind_generation,Wind Onshore,2026-08-08T07:26:42Z
2026-08-08T07:21:23Z,2026-08-08T09:21:23+0200,a13a8e1c-07bb-4e38-addf-c4d0871b05cd,2026-07-10T00:45:00Z,2026-07-10T02:45:00+0200,3235.0,MW,ES,ES,forecast_onshore_wind_generation,Wind Onshore,2026-08-08T07:26:42Z
2026-08-08T07:21:23Z,2026-08-08T09:21:23+0200,a13a8e1c-07bb-4e38-addf-c4d0871b05cd,2026-07-10T01:00:00Z,2026-07-10T03:00:00+0200,3158.0,MW,ES,ES,forecast_onshore_wind_generation,Wind Onshore,2026-08-08T07:26:42Z
2026-08-08T07:21:23Z,2026-08-08T09:21:23+0200,a13a8e1c-07bb-4e38-addf-c4d0871b05cd,2026-07-10T01:15:00Z,2026-07-10T03:15:00+0200,3075.0,MW,ES,ES,forecast_onshore_wind_generation,Wind Onshore,2026-08-08T07:26:42Z
2026-08-08T07:21:23Z,2026-08-08T09:21:23+0200,a13a8e1c-07bb-4e38-addf-c4d0871b05cd,2026-07-10T01:30:00Z,2026-07-10T03:30:00+0200,2986.0,MW,ES,ES,forecast_onshore_wind_generation,Wind Onshore,2026-08-08T07:26:42Z
2026-08-08T07:21:23Z,2026-08-08T09:21:23+0200,a13a8e1c-07bb-4e38-addf-c4d0871b05cd,2026-07-10T01:45:00Z,2026-07-10T03:45:00+0200,2894.0,MW,ES,ES,forecast_onshore_wind_generation,Wind Onshore,2026-08-08T07:26:42Z
2026-08-08T07:21:23Z,2026-08-08T09:21:23+0200,a13a8e1c-07bb-4e38-addf-c4d0871b05cd,2026-07-10T02:00:00Z,2026-07-10T04:00:00+0200,2798.0,MW,ES,ES,forecast_onshore_wind_generation,Wind Onshore,2026-08-08T07:26:42Z
2026-08-08T07:21:23Z,2026-08-08T09:21:23+0200,a13a8e1c-07bb-4e38-addf-c4d0871b05cd,2026-07-10T02:15:00Z,2026-07-10T04:15:00+0200,2707.0,MW,ES,ES,forecast_onshore_wind_generation,Wind Onshore,2026-08-08T07:26:42Z
2026-08-08T07:21:23Z,2026-08-08T09:21:23+0200,a13a8e1c-07bb-4e38-addf-c4d0871b05cd,2026-07-10T02:30:00Z,2026-07-10T04:30:00+0200,2619.0,MW,ES,ES,forecast_onshore_wind_generation,Wind Onshore,2026-08-08T07:26:42Z
2026-08-08T07:21:23Z,2026-08-08T09:21:23+0200,a13a8e1c-07bb-4e38-addf-c4d0871b05cd,2026-07-10T02:45:00Z,2026-07-10T04:45:00+0200,2534.0,MW,ES,ES,forecast_onshore_wind_generation,Wind Onshore,2026-08-08T07:26:42Z
2026-08-08T07:21:23Z,2026-08-08T09:21:23+0200,a13a8e1c-07bb-4e38-addf-c4d0871b05cd,2026-07-10T03:00:00Z,2026-07-10T05:00:00+0200,2452.0,MW,ES,ES,forecast_onshore_wind_generation,Wind Onshore,2026-08-08T07:26:42Z
2026-08-08T07:21:23Z,2026-08-08T09:21:23+0200,a13a8e1c-07bb-4e38-addf-c4d0871b05cd,2026-07-10T03:15:00Z,2026-07-10T05:15:00+0200,2374.0,MW,ES,ES,forecast_onshore_wind_generation,Wind Onshore,2026-08-08T07:26:42Z
2026-08-08T07:21:23Z,2026-08-08T09:21:23+0200,a13a8e1c-07bb-4e38-addf-c4d0871b05cd,2026-07-10T03:30:00Z,2026-07-10T05:30:00+0200,2297.0,MW,ES,ES,forecast_onshore_wind_generation,Wind Onshore,2026-08-08T07:26:42Z
2026-08-08T07:21:23Z,2026-08-08T09:21:23+0200,a13a8e1c-07bb-4e38-addf-c4d0871b05cd,2026-07-10T03:45:00Z,2026-07-10T05:45:00+0200,2218.0,MW,ES,ES,forecast_onshore_wind_generation,Wind Onshore,2026-08-08T07:26:42Z
2026-08-08T07:21:23Z,2026-08-08T09:21:23+0200,a13a8e1c-07bb-4e38-addf-c4d0871b05cd,2026-07-10T04:00:00Z,2026-07-10T06:00:00+0200,2161.0,MW,ES,ES,forecast_onshore_wind_generation,Wind Onshore,2026-08-08T07:26:42Z
2026-08-08T07:21:23Z,2026-08-08T09:21:23+0200,a13a8e1c-07bb-4e38-addf-c4d0871b05cd,2026-07-10T04:15:00Z,2026-07-10T06:15:00+0200,2073.0,MW,ES,ES,forecast_onshore_wind_generation,Wind Onshore,2026-08-08T07:26:42Z
2026-08-08T07:21:23Z,2026-08-08T09:21:23+0200,a13a8e1c-07bb-4e38-addf-c4d0871b05cd,2026-07-10T04:30:00Z,2026-07-10T06:30:00+0200,1978.0,MW,ES,ES,forecast_onshore_wind_generation,Wind Onshore,2026-08-08T07:26:42Z
2026-08-08T07:21:23Z,2026-08-08T09:21:23+0200,a13a8e1c-07bb-4e38-addf-c4d0871b05cd,2026-07-10T04:45:00Z,2026-07-10T06:45:00+0200,1877.0,MW,ES,ES,forecast_onshore_wind_generation,Wind Onshore,2026-08-08T07:26:42Z
2026-08-08T07:21:23Z,2026-08-08T09:21:23+0200,a13a8e1c-07bb-4e38-addf-c4d0871b05cd,2026-07-10T05:00:00Z,2026-07-10T07:00:00+0200,1782.0,MW,ES,ES,forecast_onshore_wind_generation,Wind Onshore,2026-08-08T07:26:42Z
2026-08-08T07:21:23Z,2026-08-08T09:21:23+0200,a13a8e1c-07bb-4e38-addf-c4d0871b05cd,2026-07-10T05:15:00Z,2026-07-10T07:15:00+0200,1685.0,MW,ES,ES,forecast_onshore_wind_generation,Wind Onshore,2026-08-08T07:26:42Z
2026-08-08T07:21:23Z,2026-08-08T09:21:23+0200,a13a8e1c-07bb-4e38-addf-c4d0871b05cd,2026-07-10T05:30:00Z,2026-07-10T07:30:00+0200,1595.0,MW,ES,ES,forecast_onshore_wind_generation,Wind Onshore,2026-08-08T07:26:42Z
2026-08-08T07:21:23Z,2026-08-08T09:21:23+0200,a13a8e1c-07bb-4e38-addf-c4d0871b05cd,2026-07-10T05:45:00Z,2026-07-10T07:45:00+0200,1512.0,MW,ES,ES,forecast_onshore_wind_generation,Wind Onshore,2026-08-08T07:26:42Z
2026-08-08T07:21:23Z,2026-08-08T09:21:23+0200,a13a8e1c-07bb-4e38-addf-c4d0871b05cd,2026-07-10T06:00:00Z,2026-07-10T08:00:00+0200,1431.0,MW,ES,ES,forecast_onshore_wind_generation,Wind Onshore,2026-08-08T07:26:42Z
2026-08-08T07:21:23Z,2026-08-08T09:21:23+0200,a13a8e1c-07bb-4e38-addf-c4d0871b05cd,2026-07-10T06:15:00Z,2026-07-10T08:15:00+0200,1367.0,MW,ES,ES,forecast_onshore_wind_generation,Wind Onshore,2026-08-08T07:26:42Z
2026-08-08T07:21:23Z,2026-08-08T09:21:23+0200,a13a8e1c-07bb-4e38-addf-c4d0871b05cd,2026-07-10T06:30:00Z,2026-07-10T08:30:00+0200,1282.0,MW,ES,ES,forecast_onshore_wind_generation,Wind Onshore,2026-08-08T07:26:42Z
2026-08-08T07:21:23Z,2026-08-08T09:21:23+0200,a13a8e1c-07bb-4e38-addf-c4d0871b05cd,2026-07-10T06:45:00Z,2026-07-10T08:45:00+0200,1236.0,MW,ES,ES,forecast_onshore_wind_generation,Wind Onshore,2026-08-08T07:26:42Z
2026-08-08T07:21:23Z,2026-08-08T09:21:23+0200,a13a8e1c-07bb-4e38-addf-c4d0871b05cd,2026-07-10T07:00:00Z,2026-07-10T09:00:00+0200,1102.0,MW,ES,ES,forecast_onshore_wind_generation,Wind Onshore,2026-08-08T07:26:42Z
2026-08-08T07:21:23Z,2026-08-08T09:21:23+0200,a13a8e1c-07bb-4e38-addf-c4d0871b05cd,2026-07-10T07:15:00Z,2026-07-10T09:15:00+0200,1084.0,MW,ES,ES,forecast_onshore_wind_generation,Wind Onshore,2026-08-08T07:26:42Z
2026-08-08T07:21:23Z,2026-08-08T09:21:23+0200,a13a8e1c-07bb-4e38-addf-c4d0871b05cd,2026-07-10T07:30:00Z,2026-07-10T09:30:00+0200,1069.0,MW,ES,ES,forecast_onshore_wind_generation,Wind Onshore,2026-08-08T07:26:42Z
2026-08-08T07:21:23Z,2026-08-08T09:21:23+0200,a13a8e1c-07bb-4e38-addf-c4d0871b05cd,2026-07-10T07:45:00Z,2026-07-10T09:45:00+0200,1078.0,MW,ES,ES,forecast_onshore_wind_generation,Wind Onshore,2026-08-08T07:26:42Z
2026-08-08T07:21:23Z,2026-08-08T09:21:23+0200,a13a8e1c-07bb-4e38-addf-c4d0871b05cd,2026-07-10T08:00:00Z,2026-07-10T10:00:00+0200,1062.0,MW,ES,ES,forecast_onshore_wind_generation,Wind Onshore,2026-08-08T07:26:42Z
2026-08-08T07:21:23Z,2026-08-08T09:21:23+0200,a13a8e1c-07bb-4e38-addf-c4d0871b05cd,2026-07-10T08:15:00Z,2026-07-10T10:15:00+0200,1108.0,MW,ES,ES,forecast_onshore_wind_generation,Wind Onshore,2026-08-08T07:26:42Z
2026-08-08T07:21:23Z,2026-08-08T09:21:23+0200,a13a8e1c-07bb-4e38-addf-c4d0871b05cd,2026-07-10T08:30:00Z,2026-07-10T10:30:00+0200,1161.0,MW,ES,ES,forecast_onshore_wind_generation,Wind Onshore,2026-08-08T07:26:42Z
2026-08-08T07:21:23Z,2026-08-08T09:21:23+0200,a13a8e1c-07bb-4e38-addf-c4d0871b05cd,2026-07-10T08:45:00Z,2026-07-10T10:45:00+0200,1243.0,MW,ES,ES,forecast_onshore_wind_generation,Wind Onshore,2026-08-08T07:26:42Z
2026-08-08T07:21:23Z,2026-08-08T09:21:23+0200,a13a8e1c-07bb-4e38-addf-c4d0871b05cd,2026-07-10T09:00:00Z,2026-07-10T11:00:00+0200,1384.0,MW,ES,ES,forecast_onshore_wind_generation,Wind Onshore,2026-08-08T07:26:42Z
2026-08-08T07:21:23Z,2026-08-08T09:21:23+0200,a13a8e1c-07bb-4e38-addf-c4d0871b05cd,2026-07-10T09:15:00Z,2026-07-10T11:15:00+0200,1505.0,MW,ES,ES,forecast_onshore_wind_generation,Wind Onshore,2026-08-08T07:26:42Z
2026-08-08T07:21:23Z,2026-08-08T09:21:23+0200,a13a8e1c-07bb-4e38-addf-c4d0871b05cd,2026-07-10T09:30:00Z,2026-07-10T11:30:00+0200,1642.0,MW,ES,ES,forecast_onshore_wind_generation,Wind Onshore,2026-08-08T07:26:42Z
2026-08-08T07:21:23Z,2026-08-08T09:21:23+0200,a13a8e1c-07bb-4e38-addf-c4d0871b05cd,2026-07-10T09:45:00Z,2026-07-10T11:45:00+0200,1790.0,MW,ES,ES,forecast_onshore_wind_generation,Wind Onshore,2026-08-08T07:26:42Z
2026-08-08T07:21:23Z,2026-08-08T09:21:23+0200,a13a8e1c-07bb-4e38-addf-c4d0871b05cd,2026-07-10T10:00:00Z,2026-07-10T12:00:00+0200,2004.0,MW,ES,ES,forecast_onshore_wind_generation,Wind Onshore,2026-08-08T07:26:42Z
2026-08-08T07:21:23Z,2026-08-08T09:21:23+0200,a13a8e1c-07bb-4e38-addf-c4d0871b05cd,2026-07-10T10:15:00Z,2026-07-10T12:15:00+0200,2158.0,MW,ES,ES,forecast_onshore_wind_generation,Wind Onshore,2026-08-08T07:26:42Z
2026-08-08T07:21:23Z,2026-08-08T09:21:23+0200,a13a8e1c-07bb-4e38-addf-c4d0871b05cd,2026-07-10T10:30:00Z,2026-07-10T12:30:00+0200,2298.0,MW,ES,ES,forecast_onshore_wind_generation,Wind Onshore,2026-08-08T07:26:42Z
2026-08-08T07:21:23Z,2026-08-08T09:21:23+0200,a13a8e1c-07bb-4e38-addf-c4d0871b05cd,2026-07-10T10:45:00Z,2026-07-10T12:45:00+0200,2428.0,MW,ES,ES,forecast_onshore_wind_generation,Wind Onshore,2026-08-08T07:26:42Z
2026-08-08T07:21:23Z,2026-08-08T09:21:23+0200,a13a8e1c-07bb-4e38-addf-c4d0871b05cd,2026-07-10T11:00:00Z,2026-07-10T13:00:00+0200,2605.0,MW,ES,ES,forecast_onshore_wind_generation,Wind Onshore,2026-08-08T07:26:42Z
2026-08-08T07:21:23Z,2026-08-08T09:21:23+0200,a13a8e1c-07bb-4e38-addf-c4d0871b05cd,2026-07-10T11:15:00Z,2026-07-10T13:15:00+0200,2729.0,MW,ES,ES,forecast_onshore_wind_generation,Wind Onshore,2026-08-08T07:26:42Z
2026-08-08T07:21:23Z,2026-08-08T09:21:23+0200,a13a8e1c-07bb-4e38-addf-c4d0871b05cd,2026-07-10T11:30:00Z,2026-07-10T13:30:00+0200,2850.0,MW,ES,ES,forecast_onshore_wind_generation,Wind Onshore,2026-08-08T07:26:42Z
2026-08-08T07:21:23Z,2026-08-08T09:21:23+0200,a13a8e1c-07bb-4e38-addf-c4d0871b05cd,2026-07-10T11:45:00Z,2026-07-10T13:45:00+0200,2965.0,MW,ES,ES,forecast_onshore_wind_generation,Wind Onshore,2026-08-08T07:26:42Z
2026-08-08T07:21:23Z,2026-08-08T09:21:23+0200,a13a8e1c-07bb-4e38-addf-c4d0871b05cd,2026-07-10T12:00:00Z,2026-07-10T14:00:00+0200,3116.0,MW,ES,ES,forecast_onshore_wind_generation,Wind Onshore,2026-08-08T07:26:42Z
2026-08-08T07:21:23Z,2026-08-08T09:21:23+0200,a13a8e1c-07bb-4e38-addf-c4d0871b05cd,2026-07-10T12:15:00Z,2026-07-10T14:15:00+0200,3213.0,MW,ES,ES,forecast_onshore_wind_generation,Wind Onshore,2026-08-08T07:26:42Z
2026-08-08T07:21:23Z,2026-08-08T09:21:23+0200,a13a8e1c-07bb-4e38-addf-c4d0871b05cd,2026-07-10T12:30:00Z,2026-07-10T14:30:00+0200,3299.0,MW,ES,ES,forecast_onshore_wind_generation,Wind Onshore,2026-08-08T07:26:42Z
2026-08-08T07:21:23Z,2026-08-08T09:21:23+0200,a13a8e1c-07bb-4e38-addf-c4d0871b05cd,2026-07-10T12:45:00Z,2026-07-10T14:45:00+0200,3370.0,MW,ES,ES,forecast_onshore_wind_generation,Wind Onshore,2026-08-08T07:26:42Z
2026-08-08T07:21:23Z,2026-08-08T09:21:23+0200,a13a8e1c-07bb-4e38-addf-c4d0871b05cd,2026-07-10T13:00:00Z,2026-07-10T15:00:00+0200,3506.0,MW,ES,ES,forecast_onshore_wind_generation,Wind Onshore,2026-08-08T07:26:42Z
2026-08-08T07:21:23Z,2026-08-08T09:21:23+0200,a13a8e1c-07bb-4e38-addf-c4d0871b05cd,2026-07-10T13:15:00Z,2026-07-10T15:15:00+0200,3543.0,MW,ES,ES,forecast_onshore_wind_generation,Wind Onshore,2026-08-08T07:26:42Z
2026-08-08T07:21:23Z,2026-08-08T09:21:23+0200,a13a8e1c-07bb-4e38-addf-c4d0871b05cd,2026-07-10T13:30:00Z,2026-07-10T15:30:00+0200,3565.0,MW,ES,ES,forecast_onshore_wind_generation,Wind Onshore,2026-08-08T07:26:42Z
2026-08-08T07:21:23Z,2026-08-08T09:21:23+0200,a13a8e1c-07bb-4e38-addf-c4d0871b05cd,2026-07-10T13:45:00Z,2026-07-10T15:45:00+0200,3585.0,MW,ES,ES,forecast_onshore_wind_generation,Wind Onshore,2026-08-08T07:26:42Z
2026-08-08T07:21:23Z,2026-08-08T09:21:23+0200,a13a8e1c-07bb-4e38-addf-c4d0871b05cd,2026-07-10T14:00:00Z,2026-07-10T16:00:00+0200,3588.0,MW,ES,ES,forecast_onshore_wind_generation,Wind Onshore,2026-08-08T07:26:42Z
2026-08-08T07:21:23Z,2026-08-08T09:21:23+0200,a13a8e1c-07bb-4e38-addf-c4d0871b05cd,2026-07-10T14:15:00Z,2026-07-10T16:15:00+0200,3644.0,MW,ES,ES,forecast_onshore_wind_generation,Wind Onshore,2026-08-08T07:26:42Z
2026-08-08T07:21:23Z,2026-08-08T09:21:23+0200,a13a8e1c-07bb-4e38-addf-c4d0871b05cd,2026-07-10T14:30:00Z,2026-07-10T16:30:00+0200,3736.0,MW,ES,ES,forecast_onshore_wind_generation,Wind Onshore,2026-08-08T07:26:42Z
2026-08-08T07:21:23Z,2026-08-08T09:21:23+0200,a13a8e1c-07bb-4e38-addf-c4d0871b05cd,2026-07-10T14:45:00Z,2026-07-10T16:45:00+0200,3855.0,MW,ES,ES,forecast_onshore_wind_generation,Wind Onshore,2026-08-08T07:26:42Z
2026-08-08T07:21:23Z,2026-08-08T09:21:23+0200,a13a8e1c-07bb-4e38-addf-c4d0871b05cd,2026-07-10T15:00:00Z,2026-07-10T17:00:00+0200,4047.0,MW,ES,ES,forecast_onshore_wind_generation,Wind Onshore,2026-08-08T07:26:42Z
2026-08-08T07:21:23Z,2026-08-08T09:21:23+0200,a13a8e1c-07bb-4e38-addf-c4d0871b05cd,2026-07-10T15:15:00Z,2026-07-10T17:15:00+0200,4166.0,MW,ES,ES,forecast_onshore_wind_generation,Wind Onshore,2026-08-08T07:26:42Z
2026-08-08T07:21:23Z,2026-08-08T09:21:23+0200,a13a8e1c-07bb-4e38-addf-c4d0871b05cd,2026-07-10T15:30:00Z,2026-07-10T17:30:00+0200,4262.0,MW,ES,ES,forecast_onshore_wind_generation,Wind Onshore,2026-08-08T07:26:42Z
2026-08-08T07:21:23Z,2026-08-08T09:21:23+0200,a13a8e1c-07bb-4e38-addf-c4d0871b05cd,2026-07-10T15:45:00Z,2026-07-10T17:45:00+0200,4328.0,MW,ES,ES,forecast_onshore_wind_generation,Wind Onshore,2026-08-08T07:26:42Z
2026-08-08T07:21:23Z,2026-08-08T09:21:23+0200,a13a8e1c-07bb-4e38-addf-c4d0871b05cd,2026-07-10T16:00:00Z,2026-07-10T18:00:00+0200,4300.0,MW,ES,ES,forecast_onshore_wind_generation,Wind Onshore,2026-08-08T07:26:42Z
2026-08-08T07:21:23Z,2026-08-08T09:21:23+0200,a13a8e1c-07bb-4e38-addf-c4d0871b05cd,2026-07-10T16:15:00Z,2026-07-10T18:15:00+0200,4317.0,MW,ES,ES,forecast_onshore_wind_generation,Wind Onshore,2026-08-08T07:26:42Z
2026-08-08T07:21:23Z,2026-08-08T09:21:23+0200,a13a8e1c-07bb-4e38-addf-c4d0871b05cd,2026-07-10T16:30:00Z,2026-07-10T18:30:00+0200,4291.0,MW,ES,ES,forecast_onshore_wind_generation,Wind Onshore,2026-08-08T07:26:42Z
2026-08-08T07:21:23Z,2026-08-08T09:21:23+0200,a13a8e1c-07bb-4e38-addf-c4d0871b05cd,2026-07-10T16:45:00Z,2026-07-10T18:45:00+0200,4257.0,MW,ES,ES,forecast_onshore_wind_generation,Wind Onshore,2026-08-08T07:26:42Z
2026-08-08T07:21:23Z,2026-08-08T09:21:23+0200,a13a8e1c-07bb-4e38-addf-c4d0871b05cd,2026-07-10T17:00:00Z,2026-07-10T19:00:00+0200,4262.0,MW,ES,ES,forecast_onshore_wind_generation,Wind Onshore,2026-08-08T07:26:42Z
2026-08-08T07:21:23Z,2026-08-08T09:21:23+0200,a13a8e1c-07bb-4e38-addf-c4d0871b05cd,2026-07-10T17:15:00Z,2026-07-10T19:15:00+0200,4236.0,MW,ES,ES,forecast_onshore_wind_generation,Wind Onshore,2026-08-08T07:26:42Z
2026-08-08T07:21:23Z,2026-08-08T09:21:23+0200,a13a8e1c-07bb-4e38-addf-c4d0871b05cd,2026-07-10T17:30:00Z,2026-07-10T19:30:00+0200,4239.0,MW,ES,ES,forecast_onshore_wind_generation,Wind Onshore,2026-08-08T07:26:42Z
2026-08-08T07:21:23Z,2026-08-08T09:21:23+0200,a13a8e1c-07bb-4e38-addf-c4d0871b05cd,2026-07-10T17:45:00Z,2026-07-10T19:45:00+0200,4266.0,MW,ES,ES,forecast_onshore_wind_generation,Wind Onshore,2026-08-08T07:26:42Z
2026-08-08T07:21:23Z,2026-08-08T09:21:23+0200,a13a8e1c-07bb-4e38-addf-c4d0871b05cd,2026-07-10T18:00:00Z,2026-07-10T20:00:00+0200,4390.0,MW,ES,ES,forecast_onshore_wind_generation,Wind Onshore,2026-08-08T07:26:42Z
2026-08-08T07:21:23Z,2026-08-08T09:21:23+0200,a13a8e1c-07bb-4e38-addf-c4d0871b05cd,2026-07-10T18:15:00Z,2026-07-10T20:15:00+0200,4431.0,MW,ES,ES,forecast_onshore_wind_generation,Wind Onshore,2026-08-08T07:26:42Z
2026-08-08T07:21:23Z,2026-08-08T09:21:23+0200,a13a8e1c-07bb-4e38-addf-c4d0871b05cd,2026-07-10T18:30:00Z,2026-07-10T20:30:00+0200,4461.0,MW,ES,ES,forecast_onshore_wind_generation,Wind Onshore,2026-08-08T07:26:42Z
2026-08-08T07:21:23Z,2026-08-08T09:21:23+0200,a13a8e1c-07bb-4e38-addf-c4d0871b05cd,2026-07-10T18:45:00Z,2026-07-10T20:45:00+0200,4480.0,MW,ES,ES,forecast_onshore_wind_generation,Wind Onshore,2026-08-08T07:26:42Z
2026-08-08T07:21:23Z,2026-08-08T09:21:23+0200,a13a8e1c-07bb-4e38-addf-c4d0871b05cd,2026-07-10T19:00:00Z,2026-07-10T21:00:00+0200,4507.0,MW,ES,ES,forecast_onshore_wind_generation,Wind Onshore,2026-08-08T07:26:42Z
2026-08-08T07:21:23Z,2026-08-08T09:21:23+0200,a13a8e1c-07bb-4e38-addf-c4d0871b05cd,2026-07-10T19:15:00Z,2026-07-10T21:15:00+0200,4514.0,MW,ES,ES,forecast_onshore_wind_generation,Wind Onshore,2026-08-08T07:26:42Z
2026-08-08T07:21:23Z,2026-08-08T09:21:23+0200,a13a8e1c-07bb-4e38-addf-c4d0871b05cd,2026-07-10T19:30:00Z,2026-07-10T21:30:00+0200,4519.0,MW,ES,ES,forecast_onshore_wind_generation,Wind Onshore,2026-08-08T07:26:42Z
2026-08-08T07:21:23Z,2026-08-08T09:21:23+0200,a13a8e1c-07bb-4e38-addf-c4d0871b05cd,2026-07-10T19:45:00Z,2026-07-10T21:45:00+0200,4522.0,MW,ES,ES,forecast_onshore_wind_generation,Wind Onshore,2026-08-08T07:26:42Z
2026-08-08T07:21:23Z,2026-08-08T09:21:23+0200,a13a8e1c-07bb-4e38-addf-c4d0871b05cd,2026-07-10T20:00:00Z,2026-07-10T22:00:00+0200,4541.0,MW,ES,ES,forecast_onshore_wind_generation,Wind Onshore,2026-08-08T07:26:42Z
2026-08-08T07:21:23Z,2026-08-08T09:21:23+0200,a13a8e1c-07bb-4e38-addf-c4d0871b05cd,2026-07-10T20:15:00Z,2026-07-10T22:15:00+0200,4532.0,MW,ES,ES,forecast_onshore_wind_generation,Wind Onshore,2026-08-08T07:26:42Z
2026-08-08T07:21:23Z,2026-08-08T09:21:23+0200,a13a8e1c-07bb-4e38-addf-c4d0871b05cd,2026-07-10T20:30:00Z,2026-07-10T22:30:00+0200,4514.0,MW,ES,ES,forecast_onshore_wind_generation,Wind Onshore,2026-08-08T07:26:42Z
2026-08-08T07:21:23Z,2026-08-08T09:21:23+0200,a13a8e1c-07bb-4e38-addf-c4d0871b05cd,2026-07-10T20:45:00Z,2026-07-10T22:45:00+0200,4488.0,MW,ES,ES,forecast_onshore_wind_generation,Wind Onshore,2026-08-08T07:26:42Z
2026-08-08T07:21:23Z,2026-08-08T09:21:23+0200,a13a8e1c-07bb-4e38-addf-c4d0871b05cd,2026-07-10T21:00:00Z,2026-07-10T23:00:00+0200,4464.0,MW,ES,ES,forecast_onshore_wind_generation,Wind Onshore,2026-08-08T07:26:42Z
2026-08-08T07:21:23Z,2026-08-08T09:21:23+0200,a13a8e1c-07bb-4e38-addf-c4d0871b05cd,2026-07-10T21:15:00Z,2026-07-10T23:15:00+0200,4424.0,MW,ES,ES,forecast_onshore_wind_generation,Wind Onshore,2026-08-08T07:26:42Z
2026-08-08T07:21:23Z,2026-08-08T09:21:23+0200,a13a8e1c-07bb-4e38-addf-c4d0871b05cd,2026-07-10T21:30:00Z,2026-07-10T23:30:00+0200,4377.0,MW,ES,ES,forecast_onshore_wind_generation,Wind Onshore,2026-08-08T07:26:42Z
2026-08-08T07:21:23Z,2026-08-08T09:21:23+0200,a13a8e1c-07bb-4e38-addf-c4d0871b05cd,2026-07-10T21:45:00Z,2026-07-10T23:45:00+0200,4327.0,MW,ES,ES,forecast_onshore_wind_generation,Wind Onshore,2026-08-08T07:26:42Z
2026-08-08T07:21:23Z,2026-08-08T09:21:23+0200,a13a8e1c-07bb-4e38-addf-c4d0871b05cd,2026-07-10T22:00:00Z,2026-07-11T00:00:00+0200,4733.0,MW,ES,ES,forecast_onshore_wind_generation,Wind Onshore,2026-08-08T07:26:42Z
2026-08-08T07:21:23Z,2026-08-08T09:21:23+0200,a13a8e1c-07bb-4e38-addf-c4d0871b05cd,2026-07-10T22:15:00Z,2026-07-11T00:15:00+0200,4706.0,MW,ES,ES,forecast_onshore_wind_generation,Wind Onshore,2026-08-08T07:26:42Z
2026-08-08T07:21:23Z,2026-08-08T09:21:23+0200,a13a8e1c-07bb-4e38-addf-c4d0871b05cd,2026-07-10T22:30:00Z,2026-07-11T00:30:00+0200,4688.0,MW,ES,ES,forecast_onshore_wind_generation,Wind Onshore,2026-08-08T07:26:42Z
2026-08-08T07:21:23Z,2026-08-08T09:21:23+0200,a13a8e1c-07bb-4e38-addf-c4d0871b05cd,2026-07-10T22:45:00Z,2026-07-11T00:45:00+0200,4677.0,MW,ES,ES,forecast_onshore_wind_generation,Wind Onshore,2026-08-08T07:26:42Z
2026-08-08T07:21:23Z,2026-08-08T09:21:23+0200,a13a8e1c-07bb-4e38-addf-c4d0871b05cd,2026-07-10T23:00:00Z,2026-07-11T01:00:00+0200,4666.0,MW,ES,ES,forecast_onshore_wind_generation,Wind Onshore,2026-08-08T07:26:42Z
2026-08-08T07:21:23Z,2026-08-08T09:21:23+0200,a13a8e1c-07bb-4e38-addf-c4d0871b05cd,2026-07-10T23:15:00Z,2026-07-11T01:15:00+0200,4672.0,MW,ES,ES,forecast_onshore_wind_generation,Wind Onshore,2026-08-08T07:26:42Z
2026-08-08T07:21:23Z,2026-08-08T09:21:23+0200,a13a8e1c-07bb-4e38-addf-c4d0871b05cd,2026-07-10T23:30:00Z,2026-07-11T01:30:00+0200,4684.0,MW,ES,ES,forecast_onshore_wind_generation,Wind Onshore,2026-08-08T07:26:42Z
2026-08-08T07:21:23Z,2026-08-08T09:21:23+0200,a13a8e1c-07bb-4e38-addf-c4d0871b05cd,2026-07-10T23:45:00Z,2026-07-11T01:45:00+0200,4694.0,MW,ES,ES,forecast_onshore_wind_generation,Wind Onshore,2026-08-08T07:26:42Z
2026-08-08T07:21:23Z,2026-08-08T09:21:23+0200,a13a8e1c-07bb-4e38-addf-c4d0871b05cd,2026-07-11T00:00:00Z,2026-07-11T02:00:00+0200,4732.0,MW,ES,ES,forecast_onshore_wind_generation,Wind Onshore,2026-08-08T07:26:42Z
2026-08-08T07:21:23Z,2026-08-08T09:21:23+0200,a13a8e1c-07bb-4e38-addf-c4d0871b05cd,2026-07-11T00:15:00Z,2026-07-11T02:15:00+0200,4716.0,MW,ES,ES,forecast_onshore_wind_generation,Wind Onshore,2026-08-08T07:26:42Z
2026-08-08T07:21:23Z,2026-08-08T09:21:23+0200,a13a8e1c-07bb-4e38-addf-c4d0871b05cd,2026-07-11T00:30:00Z,2026-07-11T02:30:00+0200,4680.0,MW,ES,ES,forecast_onshore_wind_generation,Wind Onshore,2026-08-08T07:26:42Z
2026-08-08T07:21:23Z,2026-08-08T09:21:23+0200,a13a8e1c-07bb-4e38-addf-c4d0871b05cd,2026-07-11T00:45:00Z,2026-07-11T02:45:00+0200,4629.0,MW,ES,ES,forecast_onshore_wind_generation,Wind Onshore,2026-08-08T07:26:42Z
2026-08-08T07:21:23Z,2026-08-08T09:21:23+0200,a13a8e1c-07bb-4e38-addf-c4d0871b05cd,2026-07-11T01:00:00Z,2026-07-11T03:00:00+0200,4556.0,MW,ES,ES,forecast_onshore_wind_generation,Wind Onshore,2026-08-08T07:26:42Z
2026-08-08T07:21:23Z,2026-08-08T09:21:23+0200,a13a8e1c-07bb-4e38-addf-c4d0871b05cd,2026-07-11T01:15:00Z,2026-07-11T03:15:00+0200,4511.0,MW,ES,ES,forecast_onshore_wind_generation,Wind Onshore,2026-08-08T07:26:42Z
2026-08-08T07:21:23Z,2026-08-08T09:21:23+0200,a13a8e1c-07bb-4e38-addf-c4d0871b05cd,2026-07-11T01:30:00Z,2026-07-11T03:30:00+0200,4480.0,MW,ES,ES,forecast_onshore_wind_generation,Wind Onshore,2026-08-08T07:26:42Z
2026-08-08T07:21:23Z,2026-08-08T09:21:23+0200,a13a8e1c-07bb-4e38-addf-c4d0871b05cd,2026-07-11T01:45:00Z,2026-07-11T03:45:00+0200,4459.0,MW,ES,ES,forecast_onshore_wind_generation,Wind Onshore,2026-08-08T07:26:42Z
2026-08-08T07:21:23Z,2026-08-08T09:21:23+0200,a13a8e1c-07bb-4e38-addf-c4d0871b05cd,2026-07-11T02:00:00Z,2026-07-11T04:00:00+0200,4461.0,MW,ES,ES,forecast_onshore_wind_generation,Wind Onshore,2026-08-08T07:26:42Z
2026-08-08T07:21:23Z,2026-08-08T09:21:23+0200,a13a8e1c-07bb-4e38-addf-c4d0871b05cd,2026-07-11T02:15:00Z,2026-07-11T04:15:00+0200,4429.0,MW,ES,ES,forecast_onshore_wind_generation,Wind Onshore,2026-08-08T07:26:42Z
2026-08-08T07:21:23Z,2026-08-08T09:21:23+0200,a13a8e1c-07bb-4e38-addf-c4d0871b05cd,2026-07-11T02:30:00Z,2026-07-11T04:30:00+0200,4377.0,MW,ES,ES,forecast_onshore_wind_generation,Wind Onshore,2026-08-08T07:26:42Z
2026-08-08T07:21:23Z,2026-08-08T09:21:23+0200,a13a8e1c-07bb-4e38-addf-c4d0871b05cd,2026-07-11T02:45:00Z,2026-07-11T04:45:00+0200,4311.0,MW,ES,ES,forecast_onshore_wind_generation,Wind Onshore,2026-08-08T07:26:42Z
2026-08-08T07:21:23Z,2026-08-08T09:21:23+0200,a13a8e1c-07bb-4e38-addf-c4d0871b05cd,2026-07-11T03:00:00Z,2026-07-11T05:00:00+0200,4247.0,MW,ES,ES,forecast_onshore_wind_generation,Wind Onshore,2026-08-08T07:26:42Z
2026-08-08T07:21:23Z,2026-08-08T09:21:23+0200,a13a8e1c-07bb-4e38-addf-c4d0871b05cd,2026-07-11T03:15:00Z,2026-07-11T05:15:00+0200,4162.0,MW,ES,ES,forecast_onshore_wind_generation,Wind Onshore,2026-08-08T07:26:42Z
2026-08-08T07:21:23Z,2026-08-08T09:21:23+0200,a13a8e1c-07bb-4e38-addf-c4d0871b05cd,2026-07-11T03:30:00Z,2026-07-11T05:30:00+0200,4074.0,MW,ES,ES,forecast_onshore_wind_generation,Wind Onshore,2026-08-08T07:26:42Z
2026-08-08T07:21:23Z,2026-08-08T09:21:23+0200,a13a8e1c-07bb-4e38-addf-c4d0871b05cd,2026-07-11T03:45:00Z,2026-07-11T05:45:00+0200,3983.0,MW,ES,ES,forecast_onshore_wind_generation,Wind Onshore,2026-08-08T07:26:42Z
2026-08-08T07:21:23Z,2026-08-08T09:21:23+0200,a13a8e1c-07bb-4e38-addf-c4d0871b05cd,2026-07-11T04:00:00Z,2026-07-11T06:00:00+0200,3908.0,MW,ES,ES,forecast_onshore_wind_generation,Wind Onshore,2026-08-08T07:26:42Z
2026-08-08T07:21:23Z,2026-08-08T09:21:23+0200,a13a8e1c-07bb-4e38-addf-c4d0871b05cd,2026-07-11T04:15:00Z,2026-07-11T06:15:00+0200,3798.0,MW,ES,ES,forecast_onshore_wind_generation,Wind Onshore,2026-08-08T07:26:42Z
2026-08-08T07:21:23Z,2026-08-08T09:21:23+0200,a13a8e1c-07bb-4e38-addf-c4d0871b05cd,2026-07-11T04:30:00Z,2026-07-11T06:30:00+0200,3677.0,MW,ES,ES,forecast_onshore_wind_generation,Wind Onshore,2026-08-08T07:26:42Z
2026-08-08T07:21:23Z,2026-08-08T09:21:23+0200,a13a8e1c-07bb-4e38-addf-c4d0871b05cd,2026-07-11T04:45:00Z,2026-07-11T06:45:00+0200,3548.0,MW,ES,ES,forecast_onshore_wind_generation,Wind Onshore,2026-08-08T07:26:42Z
2026-08-08T07:21:23Z,2026-08-08T09:21:23+0200,a13a8e1c-07bb-4e38-addf-c4d0871b05cd,2026-07-11T05:00:00Z,2026-07-11T07:00:00+0200,3416.0,MW,ES,ES,forecast_onshore_wind_generation,Wind Onshore,2026-08-08T07:26:42Z
2026-08-08T07:21:23Z,2026-08-08T09:21:23+0200,a13a8e1c-07bb-4e38-addf-c4d0871b05cd,2026-07-11T05:15:00Z,2026-07-11T07:15:00+0200,3284.0,MW,ES,ES,forecast_onshore_wind_generation,Wind Onshore,2026-08-08T07:26:42Z
2026-08-08T07:21:23Z,2026-08-08T09:21:23+0200,a13a8e1c-07bb-4e38-addf-c4d0871b05cd,2026-07-11T05:30:00Z,2026-07-11T07:30:00+0200,3156.0,MW,ES,ES,forecast_onshore_wind_generation,Wind Onshore,2026-08-08T07:26:42Z
2026-08-08T07:21:23Z,2026-08-08T09:21:23+0200,a13a8e1c-07bb-4e38-addf-c4d0871b05cd,2026-07-11T05:45:00Z,2026-07-11T07:45:00+0200,3036.0,MW,ES,ES,forecast_onshore_wind_generation,Wind Onshore,2026-08-08T07:26:42Z
2026-08-08T07:21:23Z,2026-08-08T09:21:23+0200,a13a8e1c-07bb-4e38-addf-c4d0871b05cd,2026-07-11T06:00:00Z,2026-07-11T08:00:00+0200,2904.0,MW,ES,ES,forecast_onshore_wind_generation,Wind Onshore,2026-08-08T07:26:42Z
2026-08-08T07:21:23Z,2026-08-08T09:21:23+0200,a13a8e1c-07bb-4e38-addf-c4d0871b05cd,2026-07-11T06:15:00Z,2026-07-11T08:15:00+0200,2803.0,MW,ES,ES,forecast_onshore_wind_generation,Wind Onshore,2026-08-08T07:26:42Z
2026-08-08T07:21:23Z,2026-08-08T09:21:23+0200,a13a8e1c-07bb-4e38-addf-c4d0871b05cd,2026-07-11T06:30:00Z,2026-07-11T08:30:00+0200,2717.0,MW,ES,ES,forecast_onshore_wind_generation,Wind Onshore,2026-08-08T07:26:42Z
2026-08-08T07:21:23Z,2026-08-08T09:21:23+0200,a13a8e1c-07bb-4e38-addf-c4d0871b05cd,2026-07-11T06:45:00Z,2026-07-11T08:45:00+0200,2646.0,MW,ES,ES,forecast_onshore_wind_generation,Wind Onshore,2026-08-08T07:26:42Z
2026-08-08T07:21:23Z,2026-08-08T09:21:23+0200,a13a8e1c-07bb-4e38-addf-c4d0871b05cd,2026-07-11T07:00:00Z,2026-07-11T09:00:00+0200,2543.0,MW,ES,ES,forecast_onshore_wind_generation,Wind Onshore,2026-08-08T07:26:42Z
2026-08-08T07:21:23Z,2026-08-08T09:21:23+0200,a13a8e1c-07bb-4e38-addf-c4d0871b05cd,2026-07-11T07:15:00Z,2026-07-11T09:15:00+0200,2490.0,MW,ES,ES,forecast_onshore_wind_generation,Wind Onshore,2026-08-08T07:26:42Z
2026-08-08T07:21:23Z,2026-08-08T09:21:23+0200,a13a8e1c-07bb-4e38-addf-c4d0871b05cd,2026-07-11T07:30:00Z,2026-07-11T09:30:00+0200,2482.0,MW,ES,ES,forecast_onshore_wind_generation,Wind Onshore,2026-08-08T07:26:42Z
2026-08-08T07:21:23Z,2026-08-08T09:21:23+0200,a13a8e1c-07bb-4e38-addf-c4d0871b05cd,2026-07-11T07:45:00Z,2026-07-11T09:45:00+0200,2507.0,MW,ES,ES,forecast_onshore_wind_generation,Wind Onshore,2026-08-08T07:26:42Z
2026-08-08T07:21:23Z,2026-08-08T09:21:23+0200,a13a8e1c-07bb-4e38-addf-c4d0871b05cd,2026-07-11T08:00:00Z,2026-07-11T10:00:00+0200,2541.0,MW,ES,ES,forecast_onshore_wind_generation,Wind Onshore,2026-08-08T07:26:42Z
2026-08-08T07:21:23Z,2026-08-08T09:21:23+0200,a13a8e1c-07bb-4e38-addf-c4d0871b05cd,2026-07-11T08:15:00Z,2026-07-11T10:15:00+0200,2615.0,MW,ES,ES,forecast_onshore_wind_generation,Wind Onshore,2026-08-08T07:26:42Z
2026-08-08T07:21:23Z,2026-08-08T09:21:23+0200,a13a8e1c-07bb-4e38-addf-c4d0871b05cd,2026-07-11T08:30:00Z,2026-07-11T10:30:00+0200,2702.0,MW,ES,ES,forecast_onshore_wind_generation,Wind Onshore,2026-08-08T07:26:42Z
2026-08-08T07:21:23Z,2026-08-08T09:21:23+0200,a13a8e1c-07bb-4e38-addf-c4d0871b05cd,2026-07-11T08:45:00Z,2026-07-11T10:45:00+0200,2790.0,MW,ES,ES,forecast_onshore_wind_generation,Wind Onshore,2026-08-08T07:26:42Z
2026-08-08T07:21:23Z,2026-08-08T09:21:23+0200,a13a8e1c-07bb-4e38-addf-c4d0871b05cd,2026-07-11T09:00:00Z,2026-07-11T11:00:00+0200,2924.0,MW,ES,ES,forecast_onshore_wind_generation,Wind Onshore,2026-08-08T07:26:42Z
2026-08-08T07:21:23Z,2026-08-08T09:21:23+0200,a13a8e1c-07bb-4e38-addf-c4d0871b05cd,2026-07-11T09:15:00Z,2026-07-11T11:15:00+0200,3072.0,MW,ES,ES,forecast_onshore_wind_generation,Wind Onshore,2026-08-08T07:26:42Z
2026-08-08T07:21:23Z,2026-08-08T09:21:23+0200,a13a8e1c-07bb-4e38-addf-c4d0871b05cd,2026-07-11T09:30:00Z,2026-07-11T11:30:00+0200,3239.0,MW,ES,ES,forecast_onshore_wind_generation,Wind Onshore,2026-08-08T07:26:42Z
2026-08-08T07:21:23Z,2026-08-08T09:21:23+0200,a13a8e1c-07bb-4e38-addf-c4d0871b05cd,2026-07-11T09:45:00Z,2026-07-11T11:45:00+0200,3408.0,MW,ES,ES,forecast_onshore_wind_generation,Wind Onshore,2026-08-08T07:26:42Z
2026-08-08T07:21:23Z,2026-08-08T09:21:23+0200,a13a8e1c-07bb-4e38-addf-c4d0871b05cd,2026-07-11T10:00:00Z,2026-07-11T12:00:00+0200,3625.0,MW,ES,ES,forecast_onshore_wind_generation,Wind Onshore,2026-08-08T07:26:42Z
2026-08-08T07:21:23Z,2026-08-08T09:21:23+0200,a13a8e1c-07bb-4e38-addf-c4d0871b05cd,2026-07-11T10:15:00Z,2026-07-11T12:15:00+0200,3796.0,MW,ES,ES,forecast_onshore_wind_generation,Wind Onshore,2026-08-08T07:26:42Z
2026-08-08T07:21:23Z,2026-08-08T09:21:23+0200,a13a8e1c-07bb-4e38-addf-c4d0871b05cd,2026-07-11T10:30:00Z,2026-07-11T12:30:00+0200,3956.0,MW,ES,ES,forecast_onshore_wind_generation,Wind Onshore,2026-08-08T07:26:42Z
2026-08-08T07:21:23Z,2026-08-08T09:21:23+0200,a13a8e1c-07bb-4e38-addf-c4d0871b05cd,2026-07-11T10:45:00Z,2026-07-11T12:45:00+0200,4105.0,MW,ES,ES,forecast_onshore_wind_generation,Wind Onshore,2026-08-08T07:26:42Z
2026-08-08T07:21:23Z,2026-08-08T09:21:23+0200,a13a8e1c-07bb-4e38-addf-c4d0871b05cd,2026-07-11T11:00:00Z,2026-07-11T13:00:00+0200,4249.0,MW,ES,ES,forecast_onshore_wind_generation,Wind Onshore,2026-08-08T07:26:42Z
2026-08-08T07:21:23Z,2026-08-08T09:21:23+0200,a13a8e1c-07bb-4e38-addf-c4d0871b05cd,2026-07-11T11:15:00Z,2026-07-11T13:15:00+0200,4404.0,MW,ES,ES,forecast_onshore_wind_generation,Wind Onshore,2026-08-08T07:26:42Z
2026-08-08T07:21:23Z,2026-08-08T09:21:23+0200,a13a8e1c-07bb-4e38-addf-c4d0871b05cd,2026-07-11T11:30:00Z,2026-07-11T13:30:00+0200,4568.0,MW,ES,ES,forecast_onshore_wind_generation,Wind Onshore,2026-08-08T07:26:42Z
2026-08-08T07:21:23Z,2026-08-08T09:21:23+0200,a13a8e1c-07bb-4e38-addf-c4d0871b05cd,2026-07-11T11:45:00Z,2026-07-11T13:45:00+0200,4744.0,MW,ES,ES,forecast_onshore_wind_generation,Wind Onshore,2026-08-08T07:26:42Z
2026-08-08T07:21:23Z,2026-08-08T09:21:23+0200,a13a8e1c-07bb-4e38-addf-c4d0871b05cd,2026-07-11T12:00:00Z,2026-07-11T14:00:00+0200,4901.0,MW,ES,ES,forecast_onshore_wind_generation,Wind Onshore,2026-08-08T07:26:42Z
2026-08-08T07:21:23Z,2026-08-08T09:21:23+0200,a13a8e1c-07bb-4e38-addf-c4d0871b05cd,2026-07-11T12:15:00Z,2026-07-11T14:15:00+0200,5106.0,MW,ES,ES,forecast_onshore_wind_generation,Wind Onshore,2026-08-08T07:26:42Z
2026-08-08T07:21:23Z,2026-08-08T09:21:23+0200,a13a8e1c-07bb-4e38-addf-c4d0871b05cd,2026-07-11T12:30:00Z,2026-07-11T14:30:00+0200,5328.0,MW,ES,ES,forecast_onshore_wind_generation,Wind Onshore,2026-08-08T07:26:42Z
2026-08-08T07:21:23Z,2026-08-08T09:21:23+0200,a13a8e1c-07bb-4e38-addf-c4d0871b05cd,2026-07-11T12:45:00Z,2026-07-11T14:45:00+0200,5564.0,MW,ES,ES,forecast_onshore_wind_generation,Wind Onshore,2026-08-08T07:26:42Z
2026-08-08T07:21:23Z,2026-08-08T09:21:23+0200,a13a8e1c-07bb-4e38-addf-c4d0871b05cd,2026-07-11T13:00:00Z,2026-07-11T15:00:00+0200,5818.0,MW,ES,ES,forecast_onshore_wind_generation,Wind Onshore,2026-08-08T07:26:42Z
2026-08-08T07:21:23Z,2026-08-08T09:21:23+0200,a13a8e1c-07bb-4e38-addf-c4d0871b05cd,2026-07-11T13:15:00Z,2026-07-11T15:15:00+0200,6052.0,MW,ES,ES,forecast_onshore_wind_generation,Wind Onshore,2026-08-08T07:26:42Z
2026-08-08T07:21:23Z,2026-08-08T09:21:23+0200,a13a8e1c-07bb-4e38-addf-c4d0871b05cd,2026-07-11T13:30:00Z,2026-07-11T15:30:00+0200,6279.0,MW,ES,ES,forecast_onshore_wind_generation,Wind Onshore,2026-08-08T07:26:42Z
2026-08-08T07:21:23Z,2026-08-08T09:21:23+0200,a13a8e1c-07bb-4e38-addf-c4d0871b05cd,2026-07-11T13:45:00Z,2026-07-11T15:45:00+0200,6500.0,MW,ES,ES,forecast_onshore_wind_generation,Wind Onshore,2026-08-08T07:26:42Z
2026-08-08T07:21:23Z,2026-08-08T09:21:23+0200,a13a8e1c-07bb-4e38-addf-c4d0871b05cd,2026-07-11T14:00:00Z,2026-07-11T16:00:00+0200,6534.0,MW,ES,ES,forecast_onshore_wind_generation,Wind Onshore,2026-08-08T07:26:42Z
2026-08-08T07:21:23Z,2026-08-08T09:21:23+0200,a13a8e1c-07bb-4e38-addf-c4d0871b05cd,2026-07-11T14:15:00Z,2026-07-11T16:15:00+0200,6723.0,MW,ES,ES,forecast_onshore_wind_generation,Wind Onshore,2026-08-08T07:26:42Z
2026-08-08T07:21:23Z,2026-08-08T09:21:23+0200,a13a8e1c-07bb-4e38-addf-c4d0871b05cd,2026-07-11T14:30:00Z,2026-07-11T16:30:00+0200,6934.0,MW,ES,ES,forecast_onshore_wind_generation,Wind Onshore,2026-08-08T07:26:42Z
2026-08-08T07:21:23Z,2026-08-08T09:21:23+0200,a13a8e1c-07bb-4e38-addf-c4d0871b05cd,2026-07-11T14:45:00Z,2026-07-11T16:45:00+0200,7124.0,MW,ES,ES,forecast_onshore_wind_generation,Wind Onshore,2026-08-08T07:26:42Z
2026-08-08T07:21:23Z,2026-08-08T09:21:23+0200,a13a8e1c-07bb-4e38-addf-c4d0871b05cd,2026-07-11T15:00:00Z,2026-07-11T17:00:00+0200,7120.0,MW,ES,ES,forecast_onshore_wind_generation,Wind Onshore,2026-08-08T07:26:42Z
2026-08-08T07:21:23Z,2026-08-08T09:21:23+0200,a13a8e1c-07bb-4e38-addf-c4d0871b05cd,2026-07-11T15:15:00Z,2026-07-11T17:15:00+0200,7362.0,MW,ES,ES,forecast_onshore_wind_generation,Wind Onshore,2026-08-08T07:26:42Z
2026-08-08T07:21:23Z,2026-08-08T09:21:23+0200,a13a8e1c-07bb-4e38-addf-c4d0871b05cd,2026-07-11T15:30:00Z,2026-07-11T17:30:00+0200,7493.0,MW,ES,ES,forecast_onshore_wind_generation,Wind Onshore,2026-08-08T07:26:42Z
2026-08-08T07:21:23Z,2026-08-08T09:21:23+0200,a13a8e1c-07bb-4e38-addf-c4d0871b05cd,2026-07-11T15:45:00Z,2026-07-11T17:45:00+0200,7612.0,MW,ES,ES,forecast_onshore_wind_generation,Wind Onshore,2026-08-08T07:26:42Z
2026-08-08T07:21:23Z,2026-08-08T09:21:23+0200,a13a8e1c-07bb-4e38-addf-c4d0871b05cd,2026-07-11T16:00:00Z,2026-07-11T18:00:00+0200,7379.0,MW,ES,ES,forecast_onshore_wind_generation,Wind Onshore,2026-08-08T07:26:42Z
2026-08-08T07:21:23Z,2026-08-08T09:21:23+0200,a13a8e1c-07bb-4e38-addf-c4d0871b05cd,2026-07-11T16:15:00Z,2026-07-11T18:15:00+0200,7516.0,MW,ES,ES,forecast_onshore_wind_generation,Wind Onshore,2026-08-08T07:26:42Z
2026-08-08T07:21:23Z,2026-08-08T09:21:23+0200,a13a8e1c-07bb-4e38-addf-c4d0871b05cd,2026-07-11T16:30:00Z,2026-07-11T18:30:00+0200,7659.0,MW,ES,ES,forecast_onshore_wind_generation,Wind Onshore,2026-08-08T07:26:42Z
2026-08-08T07:21:23Z,2026-08-08T09:21:23+0200,a13a8e1c-07bb-4e38-addf-c4d0871b05cd,2026-07-11T16:45:00Z,2026-07-11T18:45:00+0200,7821.0,MW,ES,ES,forecast_onshore_wind_generation,Wind Onshore,2026-08-08T07:26:42Z
2026-08-08T07:21:23Z,2026-08-08T09:21:23+0200,a13a8e1c-07bb-4e38-addf-c4d0871b05cd,2026-07-11T17:00:00Z,2026-07-11T19:00:00+0200,8095.0,MW,ES,ES,forecast_onshore_wind_generation,Wind Onshore,2026-08-08T07:26:42Z
2026-08-08T07:21:23Z,2026-08-08T09:21:23+0200,a13a8e1c-07bb-4e38-addf-c4d0871b05cd,2026-07-11T17:15:00Z,2026-07-11T19:15:00+0200,8207.0,MW,ES,ES,forecast_onshore_wind_generation,Wind Onshore,2026-08-08T07:26:42Z
2026-08-08T07:21:23Z,2026-08-08T09:21:23+0200,a13a8e1c-07bb-4e38-addf-c4d0871b05cd,2026-07-11T17:30:00Z,2026-07-11T19:30:00+0200,8289.0,MW,ES,ES,forecast_onshore_wind_generation,Wind Onshore,2026-08-08T07:26:42Z
2026-08-08T07:21:23Z,2026-08-08T09:21:23+0200,a13a8e1c-07bb-4e38-addf-c4d0871b05cd,2026-07-11T17:45:00Z,2026-07-11T19:45:00+0200,8356.0,MW,ES,ES,forecast_onshore_wind_generation,Wind Onshore,2026-08-08T07:26:42Z
2026-08-08T07:21:23Z,2026-08-08T09:21:23+0200,a13a8e1c-07bb-4e38-addf-c4d0871b05cd,2026-07-11T18:00:00Z,2026-07-11T20:00:00+0200,8880.0,MW,ES,ES,forecast_onshore_wind_generation,Wind Onshore,2026-08-08T07:26:42Z
2026-08-08T07:21:23Z,2026-08-08T09:21:23+0200,a13a8e1c-07bb-4e38-addf-c4d0871b05cd,2026-07-11T18:15:00Z,2026-07-11T20:15:00+0200,8893.0,MW,ES,ES,forecast_onshore_wind_generation,Wind Onshore,2026-08-08T07:26:42Z
2026-08-08T07:21:23Z,2026-08-08T09:21:23+0200,a13a8e1c-07bb-4e38-addf-c4d0871b05cd,2026-07-11T18:30:00Z,2026-07-11T20:30:00+0200,8940.0,MW,ES,ES,forecast_onshore_wind_generation,Wind Onshore,2026-08-08T07:26:42Z
2026-08-08T07:21:23Z,2026-08-08T09:21:23+0200,a13a8e1c-07bb-4e38-addf-c4d0871b05cd,2026-07-11T18:45:00Z,2026-07-11T20:45:00+0200,8965.0,MW,ES,ES,forecast_onshore_wind_generation,Wind Onshore,2026-08-08T07:26:42Z
2026-08-08T07:21:23Z,2026-08-08T09:21:23+0200,a13a8e1c-07bb-4e38-addf-c4d0871b05cd,2026-07-11T19:00:00Z,2026-07-11T21:00:00+0200,8955.0,MW,ES,ES,forecast_onshore_wind_generation,Wind Onshore,2026-08-08T07:26:42Z
2026-08-08T07:21:23Z,2026-08-08T09:21:23+0200,a13a8e1c-07bb-4e38-addf-c4d0871b05cd,2026-07-11T19:15:00Z,2026-07-11T21:15:00+0200,8928.0,MW,ES,ES,forecast_onshore_wind_generation,Wind Onshore,2026-08-08T07:26:42Z
2026-08-08T07:21:23Z,2026-08-08T09:21:23+0200,a13a8e1c-07bb-4e38-addf-c4d0871b05cd,2026-07-11T19:30:00Z,2026-07-11T21:30:00+0200,8889.0,MW,ES,ES,forecast_onshore_wind_generation,Wind Onshore,2026-08-08T07:26:42Z
2026-08-08T07:21:23Z,2026-08-08T09:21:23+0200,a13a8e1c-07bb-4e38-addf-c4d0871b05cd,2026-07-11T19:45:00Z,2026-07-11T21:45:00+0200,8842.0,MW,ES,ES,forecast_onshore_wind_generation,Wind Onshore,2026-08-08T07:26:42Z
2026-08-08T07:21:23Z,2026-08-08T09:21:23+0200,a13a8e1c-07bb-4e38-addf-c4d0871b05cd,2026-07-11T20:00:00Z,2026-07-11T22:00:00+0200,8799.0,MW,ES,ES,forecast_onshore_wind_generation,Wind Onshore,2026-08-08T07:26:42Z
2026-08-08T07:21:23Z,2026-08-08T09:21:23+0200,a13a8e1c-07bb-4e38-addf-c4d0871b05cd,2026-07-11T20:15:00Z,2026-07-11T22:15:00+0200,8737.0,MW,ES,ES,forecast_onshore_wind_generation,Wind Onshore,2026-08-08T07:26:42Z
2026-08-08T07:21:23Z,2026-08-08T09:21:23+0200,a13a8e1c-07bb-4e38-addf-c4d0871b05cd,2026-07-11T20:30:00Z,2026-07-11T22:30:00+0200,8671.0,MW,ES,ES,forecast_onshore_wind_generation,Wind Onshore,2026-08-08T07:26:42Z
2026-08-08T07:21:23Z,2026-08-08T09:21:23+0200,a13a8e1c-07bb-4e38-addf-c4d0871b05cd,2026-07-11T20:45:00Z,2026-07-11T22:45:00+0200,8597.0,MW,ES,ES,forecast_onshore_wind_generation,Wind Onshore,2026-08-08T07:26:42Z
2026-08-08T07:21:23Z,2026-08-08T09:21:23+0200,a13a8e1c-07bb-4e38-addf-c4d0871b05cd,2026-07-11T21:00:00Z,2026-07-11T23:00:00+0200,8523.0,MW,ES,ES,forecast_onshore_wind_generation,Wind Onshore,2026-08-08T07:26:42Z
2026-08-08T07:21:23Z,2026-08-08T09:21:23+0200,a13a8e1c-07bb-4e38-addf-c4d0871b05cd,2026-07-11T21:15:00Z,2026-07-11T23:15:00+0200,8432.0,MW,ES,ES,forecast_onshore_wind_generation,Wind Onshore,2026-08-08T07:26:42Z
2026-08-08T07:21:23Z,2026-08-08T09:21:23+0200,a13a8e1c-07bb-4e38-addf-c4d0871b05cd,2026-07-11T21:30:00Z,2026-07-11T23:30:00+0200,8327.0,MW,ES,ES,forecast_onshore_wind_generation,Wind Onshore,2026-08-08T07:26:42Z
2026-08-08T07:21:23Z,2026-08-08T09:21:23+0200,a13a8e1c-07bb-4e38-addf-c4d0871b05cd,2026-07-11T21:45:00Z,2026-07-11T23:45:00+0200,8215.0,MW,ES,ES,forecast_onshore_wind_generation,Wind Onshore,2026-08-08T07:26:42Z
2026-08-08T07:21:23Z,2026-08-08T09:21:23+0200,a13a8e1c-07bb-4e38-addf-c4d0871b05cd,2026-07-11T22:00:00Z,2026-07-12T00:00:00+0200,8241.0,MW,ES,ES,forecast_onshore_wind_generation,Wind Onshore,2026-08-08T07:26:42Z
2026-08-08T07:21:23Z,2026-08-08T09:21:23+0200,a13a8e1c-07bb-4e38-addf-c4d0871b05cd,2026-07-11T22:15:00Z,2026-07-12T00:15:00+0200,8072.0,MW,ES,ES,forecast_onshore_wind_generation,Wind Onshore,2026-08-08T07:26:42Z
2026-08-08T07:21:23Z,2026-08-08T09:21:23+0200,a13a8e1c-07bb-4e38-addf-c4d0871b05cd,2026-07-11T22:30:00Z,2026-07-12T00:30:00+0200,7921.0,MW,ES,ES,forecast_onshore_wind_generation,Wind Onshore,2026-08-08T07:26:42Z
2026-08-08T07:21:23Z,2026-08-08T09:21:23+0200,a13a8e1c-07bb-4e38-addf-c4d0871b05cd,2026-07-11T22:45:00Z,2026-07-12T00:45:00+0200,7784.0,MW,ES,ES,forecast_onshore_wind_generation,Wind Onshore,2026-08-08T07:26:42Z
2026-08-08T07:21:23Z,2026-08-08T09:21:23+0200,a13a8e1c-07bb-4e38-addf-c4d0871b05cd,2026-07-11T23:00:00Z,2026-07-12T01:00:00+0200,7597.0,MW,ES,ES,forecast_onshore_wind_generation,Wind Onshore,2026-08-08T07:26:42Z
2026-08-08T07:21:23Z,2026-08-08T09:21:23+0200,a13a8e1c-07bb-4e38-addf-c4d0871b05cd,2026-07-11T23:15:00Z,2026-07-12T01:15:00+0200,7480.0,MW,ES,ES,forecast_onshore_wind_generation,Wind Onshore,2026-08-08T07:26:42Z
2026-08-08T07:21:23Z,2026-08-08T09:21:23+0200,a13a8e1c-07bb-4e38-addf-c4d0871b05cd,2026-07-11T23:30:00Z,2026-07-12T01:30:00+0200,7369.0,MW,ES,ES,forecast_onshore_wind_generation,Wind Onshore,2026-08-08T07:26:42Z
2026-08-08T07:21:23Z,2026-08-08T09:21:23+0200,a13a8e1c-07bb-4e38-addf-c4d0871b05cd,2026-07-11T23:45:00Z,2026-07-12T01:45:00+0200,7258.0,MW,ES,ES,forecast_onshore_wind_generation,Wind Onshore,2026-08-08T07:26:42Z
2026-08-08T07:21:23Z,2026-08-08T09:21:23+0200,a13a8e1c-07bb-4e38-addf-c4d0871b05cd,2026-07-12T00:00:00Z,2026-07-12T02:00:00+0200,7139.0,MW,ES,ES,forecast_onshore_wind_generation,Wind Onshore,2026-08-08T07:26:42Z
2026-08-08T07:21:23Z,2026-08-08T09:21:23+0200,a13a8e1c-07bb-4e38-addf-c4d0871b05cd,2026-07-12T00:15:00Z,2026-07-12T02:15:00+0200,7030.0,MW,ES,ES,forecast_onshore_wind_generation,Wind Onshore,2026-08-08T07:26:42Z
2026-08-08T07:21:23Z,2026-08-08T09:21:23+0200,a13a8e1c-07bb-4e38-addf-c4d0871b05cd,2026-07-12T00:30:00Z,2026-07-12T02:30:00+0200,6919.0,MW,ES,ES,forecast_onshore_wind_generation,Wind Onshore,2026-08-08T07:26:42Z
2026-08-08T07:21:23Z,2026-08-08T09:21:23+0200,a13a8e1c-07bb-4e38-addf-c4d0871b05cd,2026-07-12T00:45:00Z,2026-07-12T02:45:00+0200,6807.0,MW,ES,ES,forecast_onshore_wind_generation,Wind Onshore,2026-08-08T07:26:42Z
2026-08-08T07:21:23Z,2026-08-08T09:21:23+0200,a13a8e1c-07bb-4e38-addf-c4d0871b05cd,2026-07-12T01:00:00Z,2026-07-12T03:00:00+0200,6703.0,MW,ES,ES,forecast_onshore_wind_generation,Wind Onshore,2026-08-08T07:26:42Z
2026-08-08T07:21:23Z,2026-08-08T09:21:23+0200,a13a8e1c-07bb-4e38-addf-c4d0871b05cd,2026-07-12T01:15:00Z,2026-07-12T03:15:00+0200,6578.0,MW,ES,ES,forecast_onshore_wind_generation,Wind Onshore,2026-08-08T07:26:42Z
2026-08-08T07:21:23Z,2026-08-08T09:21:23+0200,a13a8e1c-07bb-4e38-addf-c4d0871b05cd,2026-07-12T01:30:00Z,2026-07-12T03:30:00+0200,6444.0,MW,ES,ES,forecast_onshore_wind_generation,Wind Onshore,2026-08-08T07:26:42Z
2026-08-08T07:21:23Z,2026-08-08T09:21:23+0200,a13a8e1c-07bb-4e38-addf-c4d0871b05cd,2026-07-12T01:45:00Z,2026-07-12T03:45:00+0200,6304.0,MW,ES,ES,forecast_onshore_wind_generation,Wind Onshore,2026-08-08T07:26:42Z
2026-08-08T07:21:23Z,2026-08-08T09:21:23+0200,a13a8e1c-07bb-4e38-addf-c4d0871b05cd,2026-07-12T02:00:00Z,2026-07-12T04:00:00+0200,6164.0,MW,ES,ES,forecast_onshore_wind_generation,Wind Onshore,2026-08-08T07:26:42Z
2026-08-08T07:21:23Z,2026-08-08T09:21:23+0200,a13a8e1c-07bb-4e38-addf-c4d0871b05cd,2026-07-12T02:15:00Z,2026-07-12T04:15:00+0200,6018.0,MW,ES,ES,forecast_onshore_wind_generation,Wind Onshore,2026-08-08T07:26:42Z
2026-08-08T07:21:23Z,2026-08-08T09:21:23+0200,a13a8e1c-07bb-4e38-addf-c4d0871b05cd,2026-07-12T02:30:00Z,2026-07-12T04:30:00+0200,5870.0,MW,ES,ES,forecast_onshore_wind_generation,Wind Onshore,2026-08-08T07:26:42Z
2026-08-08T07:21:23Z,2026-08-08T09:21:23+0200,a13a8e1c-07bb-4e38-addf-c4d0871b05cd,2026-07-12T02:45:00Z,2026-07-12T04:45:00+0200,5721.0,MW,ES,ES,forecast_onshore_wind_generation,Wind Onshore,2026-08-08T07:26:42Z
2026-08-08T07:21:23Z,2026-08-08T09:21:23+0200,a13a8e1c-07bb-4e38-addf-c4d0871b05cd,2026-07-12T03:00:00Z,2026-07-12T05:00:00+0200,5576.0,MW,ES,ES,forecast_onshore_wind_generation,Wind Onshore,2026-08-08T07:26:42Z
2026-08-08T07:21:23Z,2026-08-08T09:21:23+0200,a13a8e1c-07bb-4e38-addf-c4d0871b05cd,2026-07-12T03:15:00Z,2026-07-12T05:15:00+0200,5419.0,MW,ES,ES,forecast_onshore_wind_generation,Wind Onshore,2026-08-08T07:26:42Z
2026-08-08T07:21:23Z,2026-08-08T09:21:23+0200,a13a8e1c-07bb-4e38-addf-c4d0871b05cd,2026-07-12T03:30:00Z,2026-07-12T05:30:00+0200,5256.0,MW,ES,ES,forecast_onshore_wind_generation,Wind Onshore,2026-08-08T07:26:42Z
2026-08-08T07:21:23Z,2026-08-08T09:21:23+0200,a13a8e1c-07bb-4e38-addf-c4d0871b05cd,2026-07-12T03:45:00Z,2026-07-12T05:45:00+0200,5088.0,MW,ES,ES,forecast_onshore_wind_generation,Wind Onshore,2026-08-08T07:26:42Z
2026-08-08T07:21:23Z,2026-08-08T09:21:23+0200,a13a8e1c-07bb-4e38-addf-c4d0871b05cd,2026-07-12T04:00:00Z,2026-07-12T06:00:00+0200,4925.0,MW,ES,ES,forecast_onshore_wind_generation,Wind Onshore,2026-08-08T07:26:42Z
2026-08-08T07:21:23Z,2026-08-08T09:21:23+0200,a13a8e1c-07bb-4e38-addf-c4d0871b05cd,2026-07-12T04:15:00Z,2026-07-12T06:15:00+0200,4748.0,MW,ES,ES,forecast_onshore_wind_generation,Wind Onshore,2026-08-08T07:26:42Z
2026-08-08T07:21:23Z,2026-08-08T09:21:23+0200,a13a8e1c-07bb-4e38-addf-c4d0871b05cd,2026-07-12T04:30:00Z,2026-07-12T06:30:00+0200,4569.0,MW,ES,ES,forecast_onshore_wind_generation,Wind Onshore,2026-08-08T07:26:42Z
2026-08-08T07:21:23Z,2026-08-08T09:21:23+0200,a13a8e1c-07bb-4e38-addf-c4d0871b05cd,2026-07-12T04:45:00Z,2026-07-12T06:45:00+0200,4396.0,MW,ES,ES,forecast_onshore_wind_generation,Wind Onshore,2026-08-08T07:26:42Z
2026-08-08T07:21:23Z,2026-08-08T09:21:23+0200,a13a8e1c-07bb-4e38-addf-c4d0871b05cd,2026-07-12T05:00:00Z,2026-07-12T07:00:00+0200,4196.0,MW,ES,ES,forecast_onshore_wind_generation,Wind Onshore,2026-08-08T07:26:42Z
2026-08-08T07:21:23Z,2026-08-08T09:21:23+0200,a13a8e1c-07bb-4e38-addf-c4d0871b05cd,2026-07-12T05:15:00Z,2026-07-12T07:15:00+0200,4061.0,MW,ES,ES,forecast_onshore_wind_generation,Wind Onshore,2026-08-08T07:26:42Z
2026-08-08T07:21:23Z,2026-08-08T09:21:23+0200,a13a8e1c-07bb-4e38-addf-c4d0871b05cd,2026-07-12T05:30:00Z,2026-07-12T07:30:00+0200,3957.0,MW,ES,ES,forecast_onshore_wind_generation,Wind Onshore,2026-08-08T07:26:42Z
2026-08-08T07:21:23Z,2026-08-08T09:21:23+0200,a13a8e1c-07bb-4e38-addf-c4d0871b05cd,2026-07-12T05:45:00Z,2026-07-12T07:45:00+0200,3883.0,MW,ES,ES,forecast_onshore_wind_generation,Wind Onshore,2026-08-08T07:26:42Z
2026-08-08T07:21:23Z,2026-08-08T09:21:23+0200,a13a8e1c-07bb-4e38-addf-c4d0871b05cd,2026-07-12T06:00:00Z,2026-07-12T08:00:00+0200,3754.0,MW,ES,ES,forecast_onshore_wind_generation,Wind Onshore,2026-08-08T07:26:42Z
2026-08-08T07:21:23Z,2026-08-08T09:21:23+0200,a13a8e1c-07bb-4e38-addf-c4d0871b05cd,2026-07-12T06:15:00Z,2026-07-12T08:15:00+0200,3734.0,MW,ES,ES,forecast_onshore_wind_generation,Wind Onshore,2026-08-08T07:26:42Z
2026-08-08T07:21:23Z,2026-08-08T09:21:23+0200,a13a8e1c-07bb-4e38-addf-c4d0871b05cd,2026-07-12T06:30:00Z,2026-07-12T08:30:00+0200,3741.0,MW,ES,ES,forecast_onshore_wind_generation,Wind Onshore,2026-08-08T07:26:42Z
2026-08-08T07:21:23Z,2026-08-08T09:21:23+0200,a13a8e1c-07bb-4e38-addf-c4d0871b05cd,2026-07-12T06:45:00Z,2026-07-12T08:45:00+0200,3773.0,MW,ES,ES,forecast_onshore_wind_generation,Wind Onshore,2026-08-08T07:26:42Z
2026-08-08T07:21:23Z,2026-08-08T09:21:23+0200,a13a8e1c-07bb-4e38-addf-c4d0871b05cd,2026-07-12T07:00:00Z,2026-07-12T09:00:00+0200,3797.0,MW,ES,ES,forecast_onshore_wind_generation,Wind Onshore,2026-08-08T07:26:42Z
2026-08-08T07:21:23Z,2026-08-08T09:21:23+0200,a13a8e1c-07bb-4e38-addf-c4d0871b05cd,2026-07-12T07:15:00Z,2026-07-12T09:15:00+0200,3878.0,MW,ES,ES,forecast_onshore_wind_generation,Wind Onshore,2026-08-08T07:26:42Z
2026-08-08T07:21:23Z,2026-08-08T09:21:23+0200,a13a8e1c-07bb-4e38-addf-c4d0871b05cd,2026-07-12T07:30:00Z,2026-07-12T09:30:00+0200,4040.0,MW,ES,ES,forecast_onshore_wind_generation,Wind Onshore,2026-08-08T07:26:42Z
2026-08-08T07:21:23Z,2026-08-08T09:21:23+0200,a13a8e1c-07bb-4e38-addf-c4d0871b05cd,2026-07-12T07:45:00Z,2026-07-12T09:45:00+0200,4182.0,MW,ES,ES,forecast_onshore_wind_generation,Wind Onshore,2026-08-08T07:26:42Z
2026-08-08T07:21:23Z,2026-08-08T09:21:23+0200,a13a8e1c-07bb-4e38-addf-c4d0871b05cd,2026-07-12T08:00:00Z,2026-07-12T10:00:00+0200,4288.0,MW,ES,ES,forecast_onshore_wind_generation,Wind Onshore,2026-08-08T07:26:42Z
2026-08-08T07:21:23Z,2026-08-08T09:21:23+0200,a13a8e1c-07bb-4e38-addf-c4d0871b05cd,2026-07-12T08:15:00Z,2026-07-12T10:15:00+0200,4488.0,MW,ES,ES,forecast_onshore_wind_generation,Wind Onshore,2026-08-08T07:26:42Z
2026-08-08T07:21:23Z,2026-08-08T09:21:23+0200,a13a8e1c-07bb-4e38-addf-c4d0871b05cd,2026-07-12T08:30:00Z,2026-07-12T10:30:00+0200,4712.0,MW,ES,ES,forecast_onshore_wind_generation,Wind Onshore,2026-08-08T07:26:42Z
2026-08-08T07:21:23Z,2026-08-08T09:21:23+0200,a13a8e1c-07bb-4e38-addf-c4d0871b05cd,2026-07-12T08:45:00Z,2026-07-12T10:45:00+0200,4965.0,MW,ES,ES,forecast_onshore_wind_generation,Wind Onshore,2026-08-08T07:26:42Z
2026-08-08T07:21:23Z,2026-08-08T09:21:23+0200,a13a8e1c-07bb-4e38-addf-c4d0871b05cd,2026-07-12T09:00:00Z,2026-07-12T11:00:00+0200,5183.0,MW,ES,ES,forecast_onshore_wind_generation,Wind Onshore,2026-08-08T07:26:42Z
2026-08-08T07:21:23Z,2026-08-08T09:21:23+0200,a13a8e1c-07bb-4e38-addf-c4d0871b05cd,2026-07-12T09:15:00Z,2026-07-12T11:15:00+0200,5454.0,MW,ES,ES,forecast_onshore_wind_generation,Wind Onshore,2026-08-08T07:26:42Z
2026-08-08T07:21:23Z,2026-08-08T09:21:23+0200,a13a8e1c-07bb-4e38-addf-c4d0871b05cd,2026-07-12T09:30:00Z,2026-07-12T11:30:00+0200,5729.0,MW,ES,ES,forecast_onshore_wind_generation,Wind Onshore,2026-08-08T07:26:42Z
2026-08-08T07:21:23Z,2026-08-08T09:21:23+0200,a13a8e1c-07bb-4e38-addf-c4d0871b05cd,2026-07-12T09:45:00Z,2026-07-12T11:45:00+0200,5888.0,MW,ES,ES,forecast_onshore_wind_generation,Wind Onshore,2026-08-08T07:26:42Z
2026-08-08T07:21:23Z,2026-08-08T09:21:23+0200,a13a8e1c-07bb-4e38-addf-c4d0871b05cd,2026-07-12T10:00:00Z,2026-07-12T12:00:00+0200,5907.0,MW,ES,ES,forecast_onshore_wind_generation,Wind Onshore,2026-08-08T07:26:42Z
2026-08-08T07:21:23Z,2026-08-08T09:21:23+0200,a13a8e1c-07bb-4e38-addf-c4d0871b05cd,2026-07-12T10:15:00Z,2026-07-12T12:15:00+0200,6077.0,MW,ES,ES,forecast_onshore_wind_generation,Wind Onshore,2026-08-08T07:26:42Z
2026-08-08T07:21:23Z,2026-08-08T09:21:23+0200,a13a8e1c-07bb-4e38-addf-c4d0871b05cd,2026-07-12T10:30:00Z,2026-07-12T12:30:00+0200,6315.0,MW,ES,ES,forecast_onshore_wind_generation,Wind Onshore,2026-08-08T07:26:42Z
2026-08-08T07:21:23Z,2026-08-08T09:21:23+0200,a13a8e1c-07bb-4e38-addf-c4d0871b05cd,2026-07-12T10:45:00Z,2026-07-12T12:45:00+0200,6507.0,MW,ES,ES,forecast_onshore_wind_generation,Wind Onshore,2026-08-08T07:26:42Z
2026-08-08T07:21:23Z,2026-08-08T09:21:23+0200,a13a8e1c-07bb-4e38-addf-c4d0871b05cd,2026-07-12T11:00:00Z,2026-07-12T13:00:00+0200,6801.0,MW,ES,ES,forecast_onshore_wind_generation,Wind Onshore,2026-08-08T07:26:42Z
2026-08-08T07:21:23Z,2026-08-08T09:21:23+0200,a13a8e1c-07bb-4e38-addf-c4d0871b05cd,2026-07-12T11:15:00Z,2026-07-12T13:15:00+0200,6998.0,MW,ES,ES,forecast_onshore_wind_generation,Wind Onshore,2026-08-08T07:26:42Z
2026-08-08T07:21:23Z,2026-08-08T09:21:23+0200,a13a8e1c-07bb-4e38-addf-c4d0871b05cd,2026-07-12T11:30:00Z,2026-07-12T13:30:00+0200,7202.0,MW,ES,ES,forecast_onshore_wind_generation,Wind Onshore,2026-08-08T07:26:42Z
2026-08-08T07:21:23Z,2026-08-08T09:21:23+0200,a13a8e1c-07bb-4e38-addf-c4d0871b05cd,2026-07-12T11:45:00Z,2026-07-12T13:45:00+0200,7399.0,MW,ES,ES,forecast_onshore_wind_generation,Wind Onshore,2026-08-08T07:26:42Z
2026-08-08T07:21:23Z,2026-08-08T09:21:23+0200,a13a8e1c-07bb-4e38-addf-c4d0871b05cd,2026-07-12T12:00:00Z,2026-07-12T14:00:00+0200,7550.0,MW,ES,ES,forecast_onshore_wind_generation,Wind Onshore,2026-08-08T07:26:42Z
2026-08-08T07:21:23Z,2026-08-08T09:21:23+0200,a13a8e1c-07bb-4e38-addf-c4d0871b05cd,2026-07-12T12:15:00Z,2026-07-12T14:15:00+0200,7725.0,MW,ES,ES,forecast_onshore_wind_generation,Wind Onshore,2026-08-08T07:26:42Z
2026-08-08T07:21:23Z,2026-08-08T09:21:23+0200,a13a8e1c-07bb-4e38-addf-c4d0871b05cd,2026-07-12T12:30:00Z,2026-07-12T14:30:00+0200,7881.0,MW,ES,ES,forecast_onshore_wind_generation,Wind Onshore,2026-08-08T07:26:42Z
2026-08-08T07:21:23Z,2026-08-08T09:21:23+0200,a13a8e1c-07bb-4e38-addf-c4d0871b05cd,2026-07-12T12:45:00Z,2026-07-12T14:45:00+0200,8024.0,MW,ES,ES,forecast_onshore_wind_generation,Wind Onshore,2026-08-08T07:26:42Z
2026-08-08T07:21:23Z,2026-08-08T09:21:23+0200,a13a8e1c-07bb-4e38-addf-c4d0871b05cd,2026-07-12T13:00:00Z,2026-07-12T15:00:00+0200,8207.0,MW,ES,ES,forecast_onshore_wind_generation,Wind Onshore,2026-08-08T07:26:42Z
2026-08-08T07:21:23Z,2026-08-08T09:21:23+0200,a13a8e1c-07bb-4e38-addf-c4d0871b05cd,2026-07-12T13:15:00Z,2026-07-12T15:15:00+0200,8318.0,MW,ES,ES,forecast_onshore_wind_generation,Wind Onshore,2026-08-08T07:26:42Z
2026-08-08T07:21:23Z,2026-08-08T09:21:23+0200,a13a8e1c-07bb-4e38-addf-c4d0871b05cd,2026-07-12T13:30:00Z,2026-07-12T15:30:00+0200,8418.0,MW,ES,ES,forecast_onshore_wind_generation,Wind Onshore,2026-08-08T07:26:42Z
2026-08-08T07:21:23Z,2026-08-08T09:21:23+0200,a13a8e1c-07bb-4e38-addf-c4d0871b05cd,2026-07-12T13:45:00Z,2026-07-12T15:45:00+0200,8503.0,MW,ES,ES,forecast_onshore_wind_generation,Wind Onshore,2026-08-08T07:26:42Z
2026-08-08T07:21:23Z,2026-08-08T09:21:23+0200,a13a8e1c-07bb-4e38-addf-c4d0871b05cd,2026-07-12T14:00:00Z,2026-07-12T16:00:00+0200,8500.0,MW,ES,ES,forecast_onshore_wind_generation,Wind Onshore,2026-08-08T07:26:42Z
2026-08-08T07:21:23Z,2026-08-08T09:21:23+0200,a13a8e1c-07bb-4e38-addf-c4d0871b05cd,2026-07-12T14:15:00Z,2026-07-12T16:15:00+0200,8754.0,MW,ES,ES,forecast_onshore_wind_generation,Wind Onshore,2026-08-08T07:26:42Z
2026-08-08T07:21:23Z,2026-08-08T09:21:23+0200,a13a8e1c-07bb-4e38-addf-c4d0871b05cd,2026-07-12T14:30:00Z,2026-07-12T16:30:00+0200,8690.0,MW,ES,ES,forecast_onshore_wind_generation,Wind Onshore,2026-08-08T07:26:42Z
2026-08-08T07:21:23Z,2026-08-08T09:21:23+0200,a13a8e1c-07bb-4e38-addf-c4d0871b05cd,2026-07-12T14:45:00Z,2026-07-12T16:45:00+0200,8722.0,MW,ES,ES,forecast_onshore_wind_generation,Wind Onshore,2026-08-08T07:26:42Z
2026-08-08T07:21:23Z,2026-08-08T09:21:23+0200,a13a8e1c-07bb-4e38-addf-c4d0871b05cd,2026-07-12T15:00:00Z,2026-07-12T17:00:00+0200,8686.0,MW,ES,ES,forecast_onshore_wind_generation,Wind Onshore,2026-08-08T07:26:42Z
2026-08-08T07:21:23Z,2026-08-08T09:21:23+0200,a13a8e1c-07bb-4e38-addf-c4d0871b05cd,2026-07-12T15:15:00Z,2026-07-12T17:15:00+0200,8688.0,MW,ES,ES,forecast_onshore_wind_generation,Wind Onshore,2026-08-08T07:26:42Z
2026-08-08T07:21:23Z,2026-08-08T09:21:23+0200,a13a8e1c-07bb-4e38-addf-c4d0871b05cd,2026-07-12T15:30:00Z,2026-07-12T17:30:00+0200,8674.0,MW,ES,ES,forecast_onshore_wind_generation,Wind Onshore,2026-08-08T07:26:42Z
2026-08-08T07:21:23Z,2026-08-08T09:21:23+0200,a13a8e1c-07bb-4e38-addf-c4d0871b05cd,2026-07-12T15:45:00Z,2026-07-12T17:45:00+0200,8642.0,MW,ES,ES,forecast_onshore_wind_generation,Wind Onshore,2026-08-08T07:26:42Z
2026-08-08T07:21:23Z,2026-08-08T09:21:23+0200,a13a8e1c-07bb-4e38-addf-c4d0871b05cd,2026-07-12T16:00:00Z,2026-07-12T18:00:00+0200,8787.0,MW,ES,ES,forecast_onshore_wind_generation,Wind Onshore,2026-08-08T07:26:42Z
2026-08-08T07:21:23Z,2026-08-08T09:21:23+0200,a13a8e1c-07bb-4e38-addf-c4d0871b05cd,2026-07-12T16:15:00Z,2026-07-12T18:15:00+0200,8673.0,MW,ES,ES,forecast_onshore_wind_generation,Wind Onshore,2026-08-08T07:26:42Z
2026-08-08T07:21:23Z,2026-08-08T09:21:23+0200,a13a8e1c-07bb-4e38-addf-c4d0871b05cd,2026-07-12T16:30:00Z,2026-07-12T18:30:00+0200,8626.0,MW,ES,ES,forecast_onshore_wind_generation,Wind Onshore,2026-08-08T07:26:42Z
2026-08-08T07:21:23Z,2026-08-08T09:21:23+0200,a13a8e1c-07bb-4e38-addf-c4d0871b05cd,2026-07-12T16:45:00Z,2026-07-12T18:45:00+0200,8480.0,MW,ES,ES,forecast_onshore_wind_generation,Wind Onshore,2026-08-08T07:26:42Z
2026-08-08T07:21:23Z,2026-08-08T09:21:23+0200,a13a8e1c-07bb-4e38-addf-c4d0871b05cd,2026-07-12T17:00:00Z,2026-07-12T19:00:00+0200,8393.0,MW,ES,ES,forecast_onshore_wind_generation,Wind Onshore,2026-08-08T07:26:42Z
2026-08-08T07:21:23Z,2026-08-08T09:21:23+0200,a13a8e1c-07bb-4e38-addf-c4d0871b05cd,2026-07-12T17:15:00Z,2026-07-12T19:15:00+0200,8178.0,MW,ES,ES,forecast_onshore_wind_generation,Wind Onshore,2026-08-08T07:26:42Z
2026-08-08T07:21:23Z,2026-08-08T09:21:23+0200,a13a8e1c-07bb-4e38-addf-c4d0871b05cd,2026-07-12T17:30:00Z,2026-07-12T19:30:00+0200,7961.0,MW,ES,ES,forecast_onshore_wind_generation,Wind Onshore,2026-08-08T07:26:42Z
2026-08-08T07:21:23Z,2026-08-08T09:21:23+0200,a13a8e1c-07bb-4e38-addf-c4d0871b05cd,2026-07-12T17:45:00Z,2026-07-12T19:45:00+0200,7737.0,MW,ES,ES,forecast_onshore_wind_generation,Wind Onshore,2026-08-08T07:26:42Z
2026-08-08T07:21:23Z,2026-08-08T09:21:23+0200,a13a8e1c-07bb-4e38-addf-c4d0871b05cd,2026-07-12T18:00:00Z,2026-07-12T20:00:00+0200,7643.0,MW,ES,ES,forecast_onshore_wind_generation,Wind Onshore,2026-08-08T07:26:42Z
2026-08-08T07:21:23Z,2026-08-08T09:21:23+0200,a13a8e1c-07bb-4e38-addf-c4d0871b05cd,2026-07-12T18:15:00Z,2026-07-12T20:15:00+0200,7400.0,MW,ES,ES,forecast_onshore_wind_generation,Wind Onshore,2026-08-08T07:26:42Z
2026-08-08T07:21:23Z,2026-08-08T09:21:23+0200,a13a8e1c-07bb-4e38-addf-c4d0871b05cd,2026-07-12T18:30:00Z,2026-07-12T20:30:00+0200,7152.0,MW,ES,ES,forecast_onshore_wind_generation,Wind Onshore,2026-08-08T07:26:42Z
2026-08-08T07:21:23Z,2026-08-08T09:21:23+0200,a13a8e1c-07bb-4e38-addf-c4d0871b05cd,2026-07-12T18:45:00Z,2026-07-12T20:45:00+0200,6906.0,MW,ES,ES,forecast_onshore_wind_generation,Wind Onshore,2026-08-08T07:26:42Z
2026-08-08T07:21:23Z,2026-08-08T09:21:23+0200,a13a8e1c-07bb-4e38-addf-c4d0871b05cd,2026-07-12T19:00:00Z,2026-07-12T21:00:00+0200,6852.0,MW,ES,ES,forecast_onshore_wind_generation,Wind Onshore,2026-08-08T07:26:42Z
2026-08-08T07:21:23Z,2026-08-08T09:21:23+0200,a13a8e1c-07bb-4e38-addf-c4d0871b05cd,2026-07-12T19:15:00Z,2026-07-12T21:15:00+0200,6626.0,MW,ES,ES,forecast_onshore_wind_generation,Wind Onshore,2026-08-08T07:26:42Z
2026-08-08T07:21:23Z,2026-08-08T09:21:23+0200,a13a8e1c-07bb-4e38-addf-c4d0871b05cd,2026-07-12T19:30:00Z,2026-07-12T21:30:00+0200,6422.0,MW,ES,ES,forecast_onshore_wind_generation,Wind Onshore,2026-08-08T07:26:42Z
2026-08-08T07:21:23Z,2026-08-08T09:21:23+0200,a13a8e1c-07bb-4e38-addf-c4d0871b05cd,2026-07-12T19:45:00Z,2026-07-12T21:45:00+0200,6229.0,MW,ES,ES,forecast_onshore_wind_generation,Wind Onshore,2026-08-08T07:26:42Z
2026-08-08T07:21:23Z,2026-08-08T09:21:23+0200,a13a8e1c-07bb-4e38-addf-c4d0871b05cd,2026-07-12T20:00:00Z,2026-07-12T22:00:00+0200,6089.0,MW,ES,ES,forecast_onshore_wind_generation,Wind Onshore,2026-08-08T07:26:42Z
2026-08-08T07:21:23Z,2026-08-08T09:21:23+0200,a13a8e1c-07bb-4e38-addf-c4d0871b05cd,2026-07-12T20:15:00Z,2026-07-12T22:15:00+0200,5875.0,MW,ES,ES,forecast_onshore_wind_generation,Wind Onshore,2026-08-08T07:26:42Z
2026-08-08T07:21:23Z,2026-08-08T09:21:23+0200,a13a8e1c-07bb-4e38-addf-c4d0871b05cd,2026-07-12T20:30:00Z,2026-07-12T22:30:00+0200,5635.0,MW,ES,ES,forecast_onshore_wind_generation,Wind Onshore,2026-08-08T07:26:42Z
2026-08-08T07:21:23Z,2026-08-08T09:21:23+0200,a13a8e1c-07bb-4e38-addf-c4d0871b05cd,2026-07-12T20:45:00Z,2026-07-12T22:45:00+0200,5385.0,MW,ES,ES,forecast_onshore_wind_generation,Wind Onshore,2026-08-08T07:26:42Z
2026-08-08T07:21:23Z,2026-08-08T09:21:23+0200,a13a8e1c-07bb-4e38-addf-c4d0871b05cd,2026-07-12T21:00:00Z,2026-07-12T23:00:00+0200,5092.0,MW,ES,ES,forecast_onshore_wind_generation,Wind Onshore,2026-08-08T07:26:42Z
2026-08-08T07:21:23Z,2026-08-08T09:21:23+0200,a13a8e1c-07bb-4e38-addf-c4d0871b05cd,2026-07-12T21:15:00Z,2026-07-12T23:15:00+0200,4887.0,MW,ES,ES,forecast_onshore_wind_generation,Wind Onshore,2026-08-08T07:26:42Z
2026-08-08T07:21:23Z,2026-08-08T09:21:23+0200,a13a8e1c-07bb-4e38-addf-c4d0871b05cd,2026-07-12T21:30:00Z,2026-07-12T23:30:00+0200,4729.0,MW,ES,ES,forecast_onshore_wind_generation,Wind Onshore,2026-08-08T07:26:42Z
2026-08-08T07:21:23Z,2026-08-08T09:21:23+0200,a13a8e1c-07bb-4e38-addf-c4d0871b05cd,2026-07-12T21:45:00Z,2026-07-12T23:45:00+0200,4609.0,MW,ES,ES,forecast_onshore_wind_generation,Wind Onshore,2026-08-08T07:26:42Z
2026-08-08T07:21:23Z,2026-08-08T09:21:23+0200,a13a8e1c-07bb-4e38-addf-c4d0871b05cd,2026-07-12T22:00:00Z,2026-07-13T00:00:00+0200,4480.0,MW,ES,ES,forecast_onshore_wind_generation,Wind Onshore,2026-08-08T07:26:42Z
2026-08-08T07:21:23Z,2026-08-08T09:21:23+0200,a13a8e1c-07bb-4e38-addf-c4d0871b05cd,2026-07-12T22:15:00Z,2026-07-13T00:15:00+0200,4318.0,MW,ES,ES,forecast_onshore_wind_generation,Wind Onshore,2026-08-08T07:26:42Z
2026-08-08T07:21:23Z,2026-08-08T09:21:23+0200,a13a8e1c-07bb-4e38-addf-c4d0871b05cd,2026-07-12T22:30:00Z,2026-07-13T00:30:00+0200,4158.0,MW,ES,ES,forecast_onshore_wind_generation,Wind Onshore,2026-08-08T07:26:42Z
2026-08-08T07:21:23Z,2026-08-08T09:21:23+0200,a13a8e1c-07bb-4e38-addf-c4d0871b05cd,2026-07-12T22:45:00Z,2026-07-13T00:45:00+0200,4005.0,MW,ES,ES,forecast_onshore_wind_generation,Wind Onshore,2026-08-08T07:26:42Z
2026-08-08T07:21:23Z,2026-08-08T09:21:23+0200,a13a8e1c-07bb-4e38-addf-c4d0871b05cd,2026-07-12T23:00:00Z,2026-07-13T01:00:00+0200,3836.0,MW,ES,ES,forecast_onshore_wind_generation,Wind Onshore,2026-08-08T07:26:42Z
2026-08-08T07:21:23Z,2026-08-08T09:21:23+0200,a13a8e1c-07bb-4e38-addf-c4d0871b05cd,2026-07-12T23:15:00Z,2026-07-13T01:15:00+0200,3718.0,MW,ES,ES,forecast_onshore_wind_generation,Wind Onshore,2026-08-08T07:26:42Z
2026-08-08T07:21:23Z,2026-08-08T09:21:23+0200,a13a8e1c-07bb-4e38-addf-c4d0871b05cd,2026-07-12T23:30:00Z,2026-07-13T01:30:00+0200,3621.0,MW,ES,ES,forecast_onshore_wind_generation,Wind Onshore,2026-08-08T07:26:42Z
2026-08-08T07:21:23Z,2026-08-08T09:21:23+0200,a13a8e1c-07bb-4e38-addf-c4d0871b05cd,2026-07-12T23:45:00Z,2026-07-13T01:45:00+0200,3540.0,MW,ES,ES,forecast_onshore_wind_generation,Wind Onshore,2026-08-08T07:26:42Z
2026-08-08T07:21:23Z,2026-08-08T09:21:23+0200,a13a8e1c-07bb-4e38-addf-c4d0871b05cd,2026-07-13T00:00:00Z,2026-07-13T02:00:00+0200,3481.0,MW,ES,ES,forecast_onshore_wind_generation,Wind Onshore,2026-08-08T07:26:42Z
2026-08-08T07:21:23Z,2026-08-08T09:21:23+0200,a13a8e1c-07bb-4e38-addf-c4d0871b05cd,2026-07-13T00:15:00Z,2026-07-13T02:15:00+0200,3398.0,MW,ES,ES,forecast_onshore_wind_generation,Wind Onshore,2026-08-08T07:26:42Z
2026-08-08T07:21:23Z,2026-08-08T09:21:23+0200,a13a8e1c-07bb-4e38-addf-c4d0871b05cd,2026-07-13T00:30:00Z,2026-07-13T02:30:00+0200,3301.0,MW,ES,ES,forecast_onshore_wind_generation,Wind Onshore,2026-08-08T07:26:42Z
2026-08-08T07:21:23Z,2026-08-08T09:21:23+0200,a13a8e1c-07bb-4e38-addf-c4d0871b05cd,2026-07-13T00:45:00Z,2026-07-13T02:45:00+0200,3195.0,MW,ES,ES,forecast_onshore_wind_generation,Wind Onshore,2026-08-08T07:26:42Z
2026-08-08T07:21:23Z,2026-08-08T09:21:23+0200,a13a8e1c-07bb-4e38-addf-c4d0871b05cd,2026-07-13T01:00:00Z,2026-07-13T03:00:00+0200,3079.0,MW,ES,ES,forecast_onshore_wind_generation,Wind Onshore,2026-08-08T07:26:42Z
2026-08-08T07:21:23Z,2026-08-08T09:21:23+0200,a13a8e1c-07bb-4e38-addf-c4d0871b05cd,2026-07-13T01:15:00Z,2026-07-13T03:15:00+0200,2979.0,MW,ES,ES,forecast_onshore_wind_generation,Wind Onshore,2026-08-08T07:26:42Z
2026-08-08T07:21:23Z,2026-08-08T09:21:23+0200,a13a8e1c-07bb-4e38-addf-c4d0871b05cd,2026-07-13T01:30:00Z,2026-07-13T03:30:00+0200,2893.0,MW,ES,ES,forecast_onshore_wind_generation,Wind Onshore,2026-08-08T07:26:42Z
2026-08-08T07:21:23Z,2026-08-08T09:21:23+0200,a13a8e1c-07bb-4e38-addf-c4d0871b05cd,2026-07-13T01:45:00Z,2026-07-13T03:45:00+0200,2816.0,MW,ES,ES,forecast_onshore_wind_generation,Wind Onshore,2026-08-08T07:26:42Z
2026-08-08T07:21:23Z,2026-08-08T09:21:23+0200,a13a8e1c-07bb-4e38-addf-c4d0871b05cd,2026-07-13T02:00:00Z,2026-07-13T04:00:00+0200,2745.0,MW,ES,ES,forecast_onshore_wind_generation,Wind Onshore,2026-08-08T07:26:42Z
2026-08-08T07:21:23Z,2026-08-08T09:21:23+0200,a13a8e1c-07bb-4e38-addf-c4d0871b05cd,2026-07-13T02:15:00Z,2026-07-13T04:15:00+0200,2675.0,MW,ES,ES,forecast_onshore_wind_generation,Wind Onshore,2026-08-08T07:26:42Z
2026-08-08T07:21:23Z,2026-08-08T09:21:23+0200,a13a8e1c-07bb-4e38-addf-c4d0871b05cd,2026-07-13T02:30:00Z,2026-07-13T04:30:00+0200,2603.0,MW,ES,ES,forecast_onshore_wind_generation,Wind Onshore,2026-08-08T07:26:42Z
2026-08-08T07:21:23Z,2026-08-08T09:21:23+0200,a13a8e1c-07bb-4e38-addf-c4d0871b05cd,2026-07-13T02:45:00Z,2026-07-13T04:45:00+0200,2526.0,MW,ES,ES,forecast_onshore_wind_generation,Wind Onshore,2026-08-08T07:26:42Z
2026-08-08T07:21:23Z,2026-08-08T09:21:23+0200,a13a8e1c-07bb-4e38-addf-c4d0871b05cd,2026-07-13T03:00:00Z,2026-07-13T05:00:00+0200,2453.0,MW,ES,ES,forecast_onshore_wind_generation,Wind Onshore,2026-08-08T07:26:42Z
2026-08-08T07:21:23Z,2026-08-08T09:21:23+0200,a13a8e1c-07bb-4e38-addf-c4d0871b05cd,2026-07-13T03:15:00Z,2026-07-13T05:15:00+0200,2368.0,MW,ES,ES,forecast_onshore_wind_generation,Wind Onshore,2026-08-08T07:26:42Z
2026-08-08T07:21:23Z,2026-08-08T09:21:23+0200,a13a8e1c-07bb-4e38-addf-c4d0871b05cd,2026-07-13T03:30:00Z,2026-07-13T05:30:00+0200,2276.0,MW,ES,ES,forecast_onshore_wind_generation,Wind Onshore,2026-08-08T07:26:42Z
2026-08-08T07:21:23Z,2026-08-08T09:21:23+0200,a13a8e1c-07bb-4e38-addf-c4d0871b05cd,2026-07-13T03:45:00Z,2026-07-13T05:45:00+0200,2179.0,MW,ES,ES,forecast_onshore_wind_generation,Wind Onshore,2026-08-08T07:26:42Z
2026-08-08T07:21:23Z,2026-08-08T09:21:23+0200,a13a8e1c-07bb-4e38-addf-c4d0871b05cd,2026-07-13T04:00:00Z,2026-07-13T06:00:00+0200,2098.0,MW,ES,ES,forecast_onshore_wind_generation,Wind Onshore,2026-08-08T07:26:42Z
2026-08-08T07:21:23Z,2026-08-08T09:21:23+0200,a13a8e1c-07bb-4e38-addf-c4d0871b05cd,2026-07-13T04:15:00Z,2026-07-13T06:15:00+0200,1983.0,MW,ES,ES,forecast_onshore_wind_generation,Wind Onshore,2026-08-08T07:26:42Z
2026-08-08T07:21:23Z,2026-08-08T09:21:23+0200,a13a8e1c-07bb-4e38-addf-c4d0871b05cd,2026-07-13T04:30:00Z,2026-07-13T06:30:00+0200,1859.0,MW,ES,ES,forecast_onshore_wind_generation,Wind Onshore,2026-08-08T07:26:42Z
2026-08-08T07:21:23Z,2026-08-08T09:21:23+0200,a13a8e1c-07bb-4e38-addf-c4d0871b05cd,2026-07-13T04:45:00Z,2026-07-13T06:45:00+0200,1733.0,MW,ES,ES,forecast_onshore_wind_generation,Wind Onshore,2026-08-08T07:26:42Z
2026-08-08T07:21:23Z,2026-08-08T09:21:23+0200,a13a8e1c-07bb-4e38-addf-c4d0871b05cd,2026-07-13T05:00:00Z,2026-07-13T07:00:00+0200,1598.0,MW,ES,ES,forecast_onshore_wind_generation,Wind Onshore,2026-08-08T07:26:42Z
2026-08-08T07:21:23Z,2026-08-08T09:21:23+0200,a13a8e1c-07bb-4e38-addf-c4d0871b05cd,2026-07-13T05:15:00Z,2026-07-13T07:15:00+0200,1490.0,MW,ES,ES,forecast_onshore_wind_generation,Wind Onshore,2026-08-08T07:26:42Z
2026-08-08T07:21:23Z,2026-08-08T09:21:23+0200,a13a8e1c-07bb-4e38-addf-c4d0871b05cd,2026-07-13T05:30:00Z,2026-07-13T07:30:00+0200,1403.0,MW,ES,ES,forecast_onshore_wind_generation,Wind Onshore,2026-08-08T07:26:42Z
2026-08-08T07:21:23Z,2026-08-08T09:21:23+0200,a13a8e1c-07bb-4e38-addf-c4d0871b05cd,2026-07-13T05:45:00Z,2026-07-13T07:45:00+0200,1330.0,MW,ES,ES,forecast_onshore_wind_generation,Wind Onshore,2026-08-08T07:26:42Z
2026-08-08T07:21:23Z,2026-08-08T09:21:23+0200,a13a8e1c-07bb-4e38-addf-c4d0871b05cd,2026-07-13T06:00:00Z,2026-07-13T08:00:00+0200,1259.0,MW,ES,ES,forecast_onshore_wind_generation,Wind Onshore,2026-08-08T07:26:42Z
2026-08-08T07:21:23Z,2026-08-08T09:21:23+0200,a13a8e1c-07bb-4e38-addf-c4d0871b05cd,2026-07-13T06:15:00Z,2026-07-13T08:15:00+0200,1204.0,MW,ES,ES,forecast_onshore_wind_generation,Wind Onshore,2026-08-08T07:26:42Z
2026-08-08T07:21:23Z,2026-08-08T09:21:23+0200,a13a8e1c-07bb-4e38-addf-c4d0871b05cd,2026-07-13T06:30:00Z,2026-07-13T08:30:00+0200,1144.0,MW,ES,ES,forecast_onshore_wind_generation,Wind Onshore,2026-08-08T07:26:42Z
2026-08-08T07:21:23Z,2026-08-08T09:21:23+0200,a13a8e1c-07bb-4e38-addf-c4d0871b05cd,2026-07-13T06:45:00Z,2026-07-13T08:45:00+0200,1105.0,MW,ES,ES,forecast_onshore_wind_generation,Wind Onshore,2026-08-08T07:26:42Z
2026-08-08T07:21:23Z,2026-08-08T09:21:23+0200,a13a8e1c-07bb-4e38-addf-c4d0871b05cd,2026-07-13T07:00:00Z,2026-07-13T09:00:00+0200,999.0,MW,ES,ES,forecast_onshore_wind_generation,Wind Onshore,2026-08-08T07:26:42Z
2026-08-08T07:21:23Z,2026-08-08T09:21:23+0200,a13a8e1c-07bb-4e38-addf-c4d0871b05cd,2026-07-13T07:15:00Z,2026-07-13T09:15:00+0200,1012.0,MW,ES,ES,forecast_onshore_wind_generation,Wind Onshore,2026-08-08T07:26:42Z
2026-08-08T07:21:23Z,2026-08-08T09:21:23+0200,a13a8e1c-07bb-4e38-addf-c4d0871b05cd,2026-07-13T07:30:00Z,2026-07-13T09:30:00+0200,1058.0,MW,ES,ES,forecast_onshore_wind_generation,Wind Onshore,2026-08-08T07:26:42Z
2026-08-08T07:21:23Z,2026-08-08T09:21:23+0200,a13a8e1c-07bb-4e38-addf-c4d0871b05cd,2026-07-13T07:45:00Z,2026-07-13T09:45:00+0200,1136.0,MW,ES,ES,forecast_onshore_wind_generation,Wind Onshore,2026-08-08T07:26:42Z
2026-08-08T07:21:23Z,2026-08-08T09:21:23+0200,a13a8e1c-07bb-4e38-addf-c4d0871b05cd,2026-07-13T08:00:00Z,2026-07-13T10:00:00+0200,1170.0,MW,ES,ES,forecast_onshore_wind_generation,Wind Onshore,2026-08-08T07:26:42Z
2026-08-08T07:21:23Z,2026-08-08T09:21:23+0200,a13a8e1c-07bb-4e38-addf-c4d0871b05cd,2026-07-13T08:15:00Z,2026-07-13T10:15:00+0200,1273.0,MW,ES,ES,forecast_onshore_wind_generation,Wind Onshore,2026-08-08T07:26:42Z
2026-08-08T07:21:23Z,2026-08-08T09:21:23+0200,a13a8e1c-07bb-4e38-addf-c4d0871b05cd,2026-07-13T08:30:00Z,2026-07-13T10:30:00+0200,1378.0,MW,ES,ES,forecast_onshore_wind_generation,Wind Onshore,2026-08-08T07:26:42Z
2026-08-08T07:21:23Z,2026-08-08T09:21:23+0200,a13a8e1c-07bb-4e38-addf-c4d0871b05cd,2026-07-13T08:45:00Z,2026-07-13T10:45:00+0200,1484.0,MW,ES,ES,forecast_onshore_wind_generation,Wind Onshore,2026-08-08T07:26:42Z
2026-08-08T07:21:23Z,2026-08-08T09:21:23+0200,a13a8e1c-07bb-4e38-addf-c4d0871b05cd,2026-07-13T09:00:00Z,2026-07-13T11:00:00+0200,1613.0,MW,ES,ES,forecast_onshore_wind_generation,Wind Onshore,2026-08-08T07:26:42Z
2026-08-08T07:21:23Z,2026-08-08T09:21:23+0200,a13a8e1c-07bb-4e38-addf-c4d0871b05cd,2026-07-13T09:15:00Z,2026-07-13T11:15:00+0200,1734.0,MW,ES,ES,forecast_onshore_wind_generation,Wind Onshore,2026-08-08T07:26:42Z
2026-08-08T07:21:23Z,2026-08-08T09:21:23+0200,a13a8e1c-07bb-4e38-addf-c4d0871b05cd,2026-07-13T09:30:00Z,2026-07-13T11:30:00+0200,1861.0,MW,ES,ES,forecast_onshore_wind_generation,Wind Onshore,2026-08-08T07:26:42Z
2026-08-08T07:21:23Z,2026-08-08T09:21:23+0200,a13a8e1c-07bb-4e38-addf-c4d0871b05cd,2026-07-13T09:45:00Z,2026-07-13T11:45:00+0200,1988.0,MW,ES,ES,forecast_onshore_wind_generation,Wind Onshore,2026-08-08T07:26:42Z
2026-08-08T07:21:23Z,2026-08-08T09:21:23+0200,a13a8e1c-07bb-4e38-addf-c4d0871b05cd,2026-07-13T10:00:00Z,2026-07-13T12:00:00+0200,2098.0,MW,ES,ES,forecast_onshore_wind_generation,Wind Onshore,2026-08-08T07:26:42Z
2026-08-08T07:21:23Z,2026-08-08T09:21:23+0200,a13a8e1c-07bb-4e38-addf-c4d0871b05cd,2026-07-13T10:15:00Z,2026-07-13T12:15:00+0200,2233.0,MW,ES,ES,forecast_onshore_wind_generation,Wind Onshore,2026-08-08T07:26:42Z
2026-08-08T07:21:23Z,2026-08-08T09:21:23+0200,a13a8e1c-07bb-4e38-addf-c4d0871b05cd,2026-07-13T10:30:00Z,2026-07-13T12:30:00+0200,2361.0,MW,ES,ES,forecast_onshore_wind_generation,Wind Onshore,2026-08-08T07:26:42Z
2026-08-08T07:21:23Z,2026-08-08T09:21:23+0200,a13a8e1c-07bb-4e38-addf-c4d0871b05cd,2026-07-13T10:45:00Z,2026-07-13T12:45:00+0200,2483.0,MW,ES,ES,forecast_onshore_wind_generation,Wind Onshore,2026-08-08T07:26:42Z
2026-08-08T07:21:23Z,2026-08-08T09:21:23+0200,a13a8e1c-07bb-4e38-addf-c4d0871b05cd,2026-07-13T11:00:00Z,2026-07-13T13:00:00+0200,2566.0,MW,ES,ES,forecast_onshore_wind_generation,Wind Onshore,2026-08-08T07:26:42Z
2026-08-08T07:21:23Z,2026-08-08T09:21:23+0200,a13a8e1c-07bb-4e38-addf-c4d0871b05cd,2026-07-13T11:15:00Z,2026-07-13T13:15:00+0200,2687.0,MW,ES,ES,forecast_onshore_wind_generation,Wind Onshore,2026-08-08T07:26:42Z
2026-08-08T07:21:23Z,2026-08-08T09:21:23+0200,a13a8e1c-07bb-4e38-addf-c4d0871b05cd,2026-07-13T11:30:00Z,2026-07-13T13:30:00+0200,2804.0,MW,ES,ES,forecast_onshore_wind_generation,Wind Onshore,2026-08-08T07:26:42Z
2026-08-08T07:21:23Z,2026-08-08T09:21:23+0200,a13a8e1c-07bb-4e38-addf-c4d0871b05cd,2026-07-13T11:45:00Z,2026-07-13T13:45:00+0200,2916.0,MW,ES,ES,forecast_onshore_wind_generation,Wind Onshore,2026-08-08T07:26:42Z
2026-08-08T07:21:23Z,2026-08-08T09:21:23+0200,a13a8e1c-07bb-4e38-addf-c4d0871b05cd,2026-07-13T12:00:00Z,2026-07-13T14:00:00+0200,2933.0,MW,ES,ES,forecast_onshore_wind_generation,Wind Onshore,2026-08-08T07:26:42Z
2026-08-08T07:21:23Z,2026-08-08T09:21:23+0200,a13a8e1c-07bb-4e38-addf-c4d0871b05cd,2026-07-13T12:15:00Z,2026-07-13T14:15:00+0200,3030.0,MW,ES,ES,forecast_onshore_wind_generation,Wind Onshore,2026-08-08T07:26:42Z
2026-08-08T07:21:23Z,2026-08-08T09:21:23+0200,a13a8e1c-07bb-4e38-addf-c4d0871b05cd,2026-07-13T12:30:00Z,2026-07-13T14:30:00+0200,3122.0,MW,ES,ES,forecast_onshore_wind_generation,Wind Onshore,2026-08-08T07:26:42Z
2026-08-08T07:21:23Z,2026-08-08T09:21:23+0200,a13a8e1c-07bb-4e38-addf-c4d0871b05cd,2026-07-13T12:45:00Z,2026-07-13T14:45:00+0200,3204.0,MW,ES,ES,forecast_onshore_wind_generation,Wind Onshore,2026-08-08T07:26:42Z
2026-08-08T07:21:23Z,2026-08-08T09:21:23+0200,a13a8e1c-07bb-4e38-addf-c4d0871b05cd,2026-07-13T13:00:00Z,2026-07-13T15:00:00+0200,3111.0,MW,ES,ES,forecast_onshore_wind_generation,Wind Onshore,2026-08-08T07:26:42Z
2026-08-08T07:21:23Z,2026-08-08T09:21:23+0200,a13a8e1c-07bb-4e38-addf-c4d0871b05cd,2026-07-13T13:15:00Z,2026-07-13T15:15:00+0200,3180.0,MW,ES,ES,forecast_onshore_wind_generation,Wind Onshore,2026-08-08T07:26:42Z
2026-08-08T07:21:23Z,2026-08-08T09:21:23+0200,a13a8e1c-07bb-4e38-addf-c4d0871b05cd,2026-07-13T13:30:00Z,2026-07-13T15:30:00+0200,3237.0,MW,ES,ES,forecast_onshore_wind_generation,Wind Onshore,2026-08-08T07:26:42Z
2026-08-08T07:21:23Z,2026-08-08T09:21:23+0200,a13a8e1c-07bb-4e38-addf-c4d0871b05cd,2026-07-13T13:45:00Z,2026-07-13T15:45:00+0200,3289.0,MW,ES,ES,forecast_onshore_wind_generation,Wind Onshore,2026-08-08T07:26:42Z
2026-08-08T07:21:23Z,2026-08-08T09:21:23+0200,a13a8e1c-07bb-4e38-addf-c4d0871b05cd,2026-07-13T14:00:00Z,2026-07-13T16:00:00+0200,3290.0,MW,ES,ES,forecast_onshore_wind_generation,Wind Onshore,2026-08-08T07:26:42Z
2026-08-08T07:21:23Z,2026-08-08T09:21:23+0200,a13a8e1c-07bb-4e38-addf-c4d0871b05cd,2026-07-13T14:15:00Z,2026-07-13T16:15:00+0200,3334.0,MW,ES,ES,forecast_onshore_wind_generation,Wind Onshore,2026-08-08T07:26:42Z
2026-08-08T07:21:23Z,2026-08-08T09:21:23+0200,a13a8e1c-07bb-4e38-addf-c4d0871b05cd,2026-07-13T14:30:00Z,2026-07-13T16:30:00+0200,3387.0,MW,ES,ES,forecast_onshore_wind_generation,Wind Onshore,2026-08-08T07:26:42Z
2026-08-08T07:21:23Z,2026-08-08T09:21:23+0200,a13a8e1c-07bb-4e38-addf-c4d0871b05cd,2026-07-13T14:45:00Z,2026-07-13T16:45:00+0200,3428.0,MW,ES,ES,forecast_onshore_wind_generation,Wind Onshore,2026-08-08T07:26:42Z
2026-08-08T07:21:23Z,2026-08-08T09:21:23+0200,a13a8e1c-07bb-4e38-addf-c4d0871b05cd,2026-07-13T15:00:00Z,2026-07-13T17:00:00+0200,3421.0,MW,ES,ES,forecast_onshore_wind_generation,Wind Onshore,2026-08-08T07:26:42Z
2026-08-08T07:21:23Z,2026-08-08T09:21:23+0200,a13a8e1c-07bb-4e38-addf-c4d0871b05cd,2026-07-13T15:15:00Z,2026-07-13T17:15:00+0200,3442.0,MW,ES,ES,forecast_onshore_wind_generation,Wind Onshore,2026-08-08T07:26:42Z
2026-08-08T07:21:23Z,2026-08-08T09:21:23+0200,a13a8e1c-07bb-4e38-addf-c4d0871b05cd,2026-07-13T15:30:00Z,2026-07-13T17:30:00+0200,3449.0,MW,ES,ES,forecast_onshore_wind_generation,Wind Onshore,2026-08-08T07:26:42Z
2026-08-08T07:21:23Z,2026-08-08T09:21:23+0200,a13a8e1c-07bb-4e38-addf-c4d0871b05cd,2026-07-13T15:45:00Z,2026-07-13T17:45:00+0200,3450.0,MW,ES,ES,forecast_onshore_wind_generation,Wind Onshore,2026-08-08T07:26:42Z
2026-08-08T07:21:23Z,2026-08-08T09:21:23+0200,a13a8e1c-07bb-4e38-addf-c4d0871b05cd,2026-07-13T16:00:00Z,2026-07-13T18:00:00+0200,3542.0,MW,ES,ES,forecast_onshore_wind_generation,Wind Onshore,2026-08-08T07:26:42Z
2026-08-08T07:21:23Z,2026-08-08T09:21:23+0200,a13a8e1c-07bb-4e38-addf-c4d0871b05cd,2026-07-13T16:15:00Z,2026-07-13T18:15:00+0200,3524.0,MW,ES,ES,forecast_onshore_wind_generation,Wind Onshore,2026-08-08T07:26:42Z
2026-08-08T07:21:23Z,2026-08-08T09:21:23+0200,a13a8e1c-07bb-4e38-addf-c4d0871b05cd,2026-07-13T16:30:00Z,2026-07-13T18:30:00+0200,3532.0,MW,ES,ES,forecast_onshore_wind_generation,Wind Onshore,2026-08-08T07:26:42Z
2026-08-08T07:21:23Z,2026-08-08T09:21:23+0200,a13a8e1c-07bb-4e38-addf-c4d0871b05cd,2026-07-13T16:45:00Z,2026-07-13T18:45:00+0200,3522.0,MW,ES,ES,forecast_onshore_wind_generation,Wind Onshore,2026-08-08T07:26:42Z
2026-08-08T07:21:23Z,2026-08-08T09:21:23+0200,a13a8e1c-07bb-4e38-addf-c4d0871b05cd,2026-07-13T17:00:00Z,2026-07-13T19:00:00+0200,3872.0,MW,ES,ES,forecast_onshore_wind_generation,Wind Onshore,2026-08-08T07:26:42Z
2026-08-08T07:21:23Z,2026-08-08T09:21:23+0200,a13a8e1c-07bb-4e38-addf-c4d0871b05cd,2026-07-13T17:15:00Z,2026-07-13T19:15:00+0200,3858.0,MW,ES,ES,forecast_onshore_wind_generation,Wind Onshore,2026-08-08T07:26:42Z
2026-08-08T07:21:23Z,2026-08-08T09:21:23+0200,a13a8e1c-07bb-4e38-addf-c4d0871b05cd,2026-07-13T17:30:00Z,2026-07-13T19:30:00+0200,3849.0,MW,ES,ES,forecast_onshore_wind_generation,Wind Onshore,2026-08-08T07:26:42Z
2026-08-08T07:21:23Z,2026-08-08T09:21:23+0200,a13a8e1c-07bb-4e38-addf-c4d0871b05cd,2026-07-13T17:45:00Z,2026-07-13T19:45:00+0200,3828.0,MW,ES,ES,forecast_onshore_wind_generation,Wind Onshore,2026-08-08T07:26:42Z
2026-08-08T07:21:23Z,2026-08-08T09:21:23+0200,a13a8e1c-07bb-4e38-addf-c4d0871b05cd,2026-07-13T18:00:00Z,2026-07-13T20:00:00+0200,3958.0,MW,ES,ES,forecast_onshore_wind_generation,Wind Onshore,2026-08-08T07:26:42Z
2026-08-08T07:21:23Z,2026-08-08T09:21:23+0200,a13a8e1c-07bb-4e38-addf-c4d0871b05cd,2026-07-13T18:15:00Z,2026-07-13T20:15:00+0200,3912.0,MW,ES,ES,forecast_onshore_wind_generation,Wind Onshore,2026-08-08T07:26:42Z
2026-08-08T07:21:23Z,2026-08-08T09:21:23+0200,a13a8e1c-07bb-4e38-addf-c4d0871b05cd,2026-07-13T18:30:00Z,2026-07-13T20:30:00+0200,3876.0,MW,ES,ES,forecast_onshore_wind_generation,Wind Onshore,2026-08-08T07:26:42Z
2026-08-08T07:21:23Z,2026-08-08T09:21:23+0200,a13a8e1c-07bb-4e38-addf-c4d0871b05cd,2026-07-13T18:45:00Z,2026-07-13T20:45:00+0200,3828.0,MW,ES,ES,forecast_onshore_wind_generation,Wind Onshore,2026-08-08T07:26:42Z
2026-08-08T07:21:23Z,2026-08-08T09:21:23+0200,a13a8e1c-07bb-4e38-addf-c4d0871b05cd,2026-07-13T19:00:00Z,2026-07-13T21:00:00+0200,3796.0,MW,ES,ES,forecast_onshore_wind_generation,Wind Onshore,2026-08-08T07:26:42Z
2026-08-08T07:21:23Z,2026-08-08T09:21:23+0200,a13a8e1c-07bb-4e38-addf-c4d0871b05cd,2026-07-13T19:15:00Z,2026-07-13T21:15:00+0200,3765.0,MW,ES,ES,forecast_onshore_wind_generation,Wind Onshore,2026-08-08T07:26:42Z
2026-08-08T07:21:23Z,2026-08-08T09:21:23+0200,a13a8e1c-07bb-4e38-addf-c4d0871b05cd,2026-07-13T19:30:00Z,2026-07-13T21:30:00+0200,3723.0,MW,ES,ES,forecast_onshore_wind_generation,Wind Onshore,2026-08-08T07:26:42Z
2026-08-08T07:21:23Z,2026-08-08T09:21:23+0200,a13a8e1c-07bb-4e38-addf-c4d0871b05cd,2026-07-13T19:45:00Z,2026-07-13T21:45:00+0200,3660.0,MW,ES,ES,forecast_onshore_wind_generation,Wind Onshore,2026-08-08T07:26:42Z
2026-08-08T07:21:23Z,2026-08-08T09:21:23+0200,a13a8e1c-07bb-4e38-addf-c4d0871b05cd,2026-07-13T20:00:00Z,2026-07-13T22:00:00+0200,3663.0,MW,ES,ES,forecast_onshore_wind_generation,Wind Onshore,2026-08-08T07:26:42Z
2026-08-08T07:21:23Z,2026-08-08T09:21:23+0200,a13a8e1c-07bb-4e38-addf-c4d0871b05cd,2026-07-13T20:15:00Z,2026-07-13T22:15:00+0200,3619.0,MW,ES,ES,forecast_onshore_wind_generation,Wind Onshore,2026-08-08T07:26:42Z
2026-08-08T07:21:23Z,2026-08-08T09:21:23+0200,a13a8e1c-07bb-4e38-addf-c4d0871b05cd,2026-07-13T20:30:00Z,2026-07-13T22:30:00+0200,3571.0,MW,ES,ES,forecast_onshore_wind_generation,Wind Onshore,2026-08-08T07:26:42Z
2026-08-08T07:21:23Z,2026-08-08T09:21:23+0200,a13a8e1c-07bb-4e38-addf-c4d0871b05cd,2026-07-13T20:45:00Z,2026-07-13T22:45:00+0200,3523.0,MW,ES,ES,forecast_onshore_wind_generation,Wind Onshore,2026-08-08T07:26:42Z
2026-08-08T07:21:23Z,2026-08-08T09:21:23+0200,a13a8e1c-07bb-4e38-addf-c4d0871b05cd,2026-07-13T21:00:00Z,2026-07-13T23:00:00+0200,3482.0,MW,ES,ES,forecast_onshore_wind_generation,Wind Onshore,2026-08-08T07:26:42Z
2026-08-08T07:21:23Z,2026-08-08T09:21:23+0200,a13a8e1c-07bb-4e38-addf-c4d0871b05cd,2026-07-13T21:15:00Z,2026-07-13T23:15:00+0200,3427.0,MW,ES,ES,forecast_onshore_wind_generation,Wind Onshore,2026-08-08T07:26:42Z
2026-08-08T07:21:23Z,2026-08-08T09:21:23+0200,a13a8e1c-07bb-4e38-addf-c4d0871b05cd,2026-07-13T21:30:00Z,2026-07-13T23:30:00+0200,3370.0,MW,ES,ES,forecast_onshore_wind_generation,Wind Onshore,2026-08-08T07:26:42Z
2026-08-08T07:21:23Z,2026-08-08T09:21:23+0200,a13a8e1c-07bb-4e38-addf-c4d0871b05cd,2026-07-13T21:45:00Z,2026-07-13T23:45:00+0200,3310.0,MW,ES,ES,forecast_onshore_wind_generation,Wind Onshore,2026-08-08T07:26:42Z
2026-08-08T07:21:23Z,2026-08-08T09:21:23+0200,a13a8e1c-07bb-4e38-addf-c4d0871b05cd,2026-07-13T22:00:00Z,2026-07-14T00:00:00+0200,2899.0,MW,ES,ES,forecast_onshore_wind_generation,Wind Onshore,2026-08-08T07:26:42Z
2026-08-08T07:21:23Z,2026-08-08T09:21:23+0200,a13a8e1c-07bb-4e38-addf-c4d0871b05cd,2026-07-13T22:15:00Z,2026-07-14T00:15:00+0200,2836.0,MW,ES,ES,forecast_onshore_wind_generation,Wind Onshore,2026-08-08T07:26:42Z
2026-08-08T07:21:23Z,2026-08-08T09:21:23+0200,a13a8e1c-07bb-4e38-addf-c4d0871b05cd,2026-07-13T22:30:00Z,2026-07-14T00:30:00+0200,2770.0,MW,ES,ES,forecast_onshore_wind_generation,Wind Onshore,2026-08-08T07:26:42Z
2026-08-08T07:21:23Z,2026-08-08T09:21:23+0200,a13a8e1c-07bb-4e38-addf-c4d0871b05cd,2026-07-13T22:45:00Z,2026-07-14T00:45:00+0200,2700.0,MW,ES,ES,forecast_onshore_wind_generation,Wind Onshore,2026-08-08T07:26:42Z
2026-08-08T07:21:23Z,2026-08-08T09:21:23+0200,a13a8e1c-07bb-4e38-addf-c4d0871b05cd,2026-07-13T23:00:00Z,2026-07-14T01:00:00+0200,2650.0,MW,ES,ES,forecast_onshore_wind_generation,Wind Onshore,2026-08-08T07:26:42Z
2026-08-08T07:21:23Z,2026-08-08T09:21:23+0200,a13a8e1c-07bb-4e38-addf-c4d0871b05cd,2026-07-13T23:15:00Z,2026-07-14T01:15:00+0200,2569.0,MW,ES,ES,forecast_onshore_wind_generation,Wind Onshore,2026-08-08T07:26:42Z
2026-08-08T07:21:23Z,2026-08-08T09:21:23+0200,a13a8e1c-07bb-4e38-addf-c4d0871b05cd,2026-07-13T23:30:00Z,2026-07-14T01:30:00+0200,2484.0,MW,ES,ES,forecast_onshore_wind_generation,Wind Onshore,2026-08-08T07:26:42Z
2026-08-08T07:21:23Z,2026-08-08T09:21:23+0200,a13a8e1c-07bb-4e38-addf-c4d0871b05cd,2026-07-13T23:45:00Z,2026-07-14T01:45:00+0200,2396.0,MW,ES,ES,forecast_onshore_wind_generation,Wind Onshore,2026-08-08T07:26:42Z
2026-08-08T07:21:23Z,2026-08-08T09:21:23+0200,a13a8e1c-07bb-4e38-addf-c4d0871b05cd,2026-07-14T00:00:00Z,2026-07-14T02:00:00+0200,2306.0,MW,ES,ES,forecast_onshore_wind_generation,Wind Onshore,2026-08-08T07:26:42Z
2026-08-08T07:21:23Z,2026-08-08T09:21:23+0200,a13a8e1c-07bb-4e38-addf-c4d0871b05cd,2026-07-14T00:15:00Z,2026-07-14T02:15:00+0200,2213.0,MW,ES,ES,forecast_onshore_wind_generation,Wind Onshore,2026-08-08T07:26:42Z
2026-08-08T07:21:23Z,2026-08-08T09:21:23+0200,a13a8e1c-07bb-4e38-addf-c4d0871b05cd,2026-07-14T00:30:00Z,2026-07-14T02:30:00+0200,2121.0,MW,ES,ES,forecast_onshore_wind_generation,Wind Onshore,2026-08-08T07:26:42Z
2026-08-08T07:21:23Z,2026-08-08T09:21:23+0200,a13a8e1c-07bb-4e38-addf-c4d0871b05cd,2026-07-14T00:45:00Z,2026-07-14T02:45:00+0200,2031.0,MW,ES,ES,forecast_onshore_wind_generation,Wind Onshore,2026-08-08T07:26:42Z
2026-08-08T07:21:23Z,2026-08-08T09:21:23+0200,a13a8e1c-07bb-4e38-addf-c4d0871b05cd,2026-07-14T01:00:00Z,2026-07-14T03:00:00+0200,1931.0,MW,ES,ES,forecast_onshore_wind_generation,Wind Onshore,2026-08-08T07:26:42Z
2026-08-08T07:21:23Z,2026-08-08T09:21:23+0200,a13a8e1c-07bb-4e38-addf-c4d0871b05cd,2026-07-14T01:15:00Z,2026-07-14T03:15:00+0200,1853.0,MW,ES,ES,forecast_onshore_wind_generation,Wind Onshore,2026-08-08T07:26:42Z
2026-08-08T07:21:23Z,2026-08-08T09:21:23+0200,a13a8e1c-07bb-4e38-addf-c4d0871b05cd,2026-07-14T01:30:00Z,2026-07-14T03:30:00+0200,1785.0,MW,ES,ES,forecast_onshore_wind_generation,Wind Onshore,2026-08-08T07:26:42Z
2026-08-08T07:21:23Z,2026-08-08T09:21:23+0200,a13a8e1c-07bb-4e38-addf-c4d0871b05cd,2026-07-14T01:45:00Z,2026-07-14T03:45:00+0200,1724.0,MW,ES,ES,forecast_onshore_wind_generation,Wind Onshore,2026-08-08T07:26:42Z
2026-08-08T07:21:23Z,2026-08-08T09:21:23+0200,a13a8e1c-07bb-4e38-addf-c4d0871b05cd,2026-07-14T02:00:00Z,2026-07-14T04:00:00+0200,1669.0,MW,ES,ES,forecast_onshore_wind_generation,Wind Onshore,2026-08-08T07:26:42Z
2026-08-08T07:21:23Z,2026-08-08T09:21:23+0200,a13a8e1c-07bb-4e38-addf-c4d0871b05cd,2026-07-14T02:15:00Z,2026-07-14T04:15:00+0200,1620.0,MW,ES,ES,forecast_onshore_wind_generation,Wind Onshore,2026-08-08T07:26:42Z
2026-08-08T07:21:23Z,2026-08-08T09:21:23+0200,a13a8e1c-07bb-4e38-addf-c4d0871b05cd,2026-07-14T02:30:00Z,2026-07-14T04:30:00+0200,1576.0,MW,ES,ES,forecast_onshore_wind_generation,Wind Onshore,2026-08-08T07:26:42Z
2026-08-08T07:21:23Z,2026-08-08T09:21:23+0200,a13a8e1c-07bb-4e38-addf-c4d0871b05cd,2026-07-14T02:45:00Z,2026-07-14T04:45:00+0200,1533.0,MW,ES,ES,forecast_onshore_wind_generation,Wind Onshore,2026-08-08T07:26:42Z
2026-08-08T07:21:23Z,2026-08-08T09:21:23+0200,a13a8e1c-07bb-4e38-addf-c4d0871b05cd,2026-07-14T03:00:00Z,2026-07-14T05:00:00+0200,1509.0,MW,ES,ES,forecast_onshore_wind_generation,Wind Onshore,2026-08-08T07:26:42Z
2026-08-08T07:21:23Z,2026-08-08T09:21:23+0200,a13a8e1c-07bb-4e38-addf-c4d0871b05cd,2026-07-14T03:15:00Z,2026-07-14T05:15:00+0200,1452.0,MW,ES,ES,forecast_onshore_wind_generation,Wind Onshore,2026-08-08T07:26:42Z
2026-08-08T07:21:23Z,2026-08-08T09:21:23+0200,a13a8e1c-07bb-4e38-addf-c4d0871b05cd,2026-07-14T03:30:00Z,2026-07-14T05:30:00+0200,1384.0,MW,ES,ES,forecast_onshore_wind_generation,Wind Onshore,2026-08-08T07:26:42Z
2026-08-08T07:21:23Z,2026-08-08T09:21:23+0200,a13a8e1c-07bb-4e38-addf-c4d0871b05cd,2026-07-14T03:45:00Z,2026-07-14T05:45:00+0200,1309.0,MW,ES,ES,forecast_onshore_wind_generation,Wind Onshore,2026-08-08T07:26:42Z
2026-08-08T07:21:23Z,2026-08-08T09:21:23+0200,a13a8e1c-07bb-4e38-addf-c4d0871b05cd,2026-07-14T04:00:00Z,2026-07-14T06:00:00+0200,1231.0,MW,ES,ES,forecast_onshore_wind_generation,Wind Onshore,2026-08-08T07:26:42Z
2026-08-08T07:21:23Z,2026-08-08T09:21:23+0200,a13a8e1c-07bb-4e38-addf-c4d0871b05cd,2026-07-14T04:15:00Z,2026-07-14T06:15:00+0200,1158.0,MW,ES,ES,forecast_onshore_wind_generation,Wind Onshore,2026-08-08T07:26:42Z
2026-08-08T07:21:23Z,2026-08-08T09:21:23+0200,a13a8e1c-07bb-4e38-addf-c4d0871b05cd,2026-07-14T04:30:00Z,2026-07-14T06:30:00+0200,1094.0,MW,ES,ES,forecast_onshore_wind_generation,Wind Onshore,2026-08-08T07:26:42Z
2026-08-08T07:21:23Z,2026-08-08T09:21:23+0200,a13a8e1c-07bb-4e38-addf-c4d0871b05cd,2026-07-14T04:45:00Z,2026-07-14T06:45:00+0200,1035.0,MW,ES,ES,forecast_onshore_wind_generation,Wind Onshore,2026-08-08T07:26:42Z
2026-08-08T07:21:23Z,2026-08-08T09:21:23+0200,a13a8e1c-07bb-4e38-addf-c4d0871b05cd,2026-07-14T05:00:00Z,2026-07-14T07:00:00+0200,985.0,MW,ES,ES,forecast_onshore_wind_generation,Wind Onshore,2026-08-08T07:26:42Z
2026-08-08T07:21:23Z,2026-08-08T09:21:23+0200,a13a8e1c-07bb-4e38-addf-c4d0871b05cd,2026-07-14T05:15:00Z,2026-07-14T07:15:00+0200,934.0,MW,ES,ES,forecast_onshore_wind_generation,Wind Onshore,2026-08-08T07:26:42Z
2026-08-08T07:21:23Z,2026-08-08T09:21:23+0200,a13a8e1c-07bb-4e38-addf-c4d0871b05cd,2026-07-14T05:30:00Z,2026-07-14T07:30:00+0200,884.0,MW,ES,ES,forecast_onshore_wind_generation,Wind Onshore,2026-08-08T07:26:42Z
2026-08-08T07:21:23Z,2026-08-08T09:21:23+0200,a13a8e1c-07bb-4e38-addf-c4d0871b05cd,2026-07-14T05:45:00Z,2026-07-14T07:45:00+0200,838.0,MW,ES,ES,forecast_onshore_wind_generation,Wind Onshore,2026-08-08T07:26:42Z
2026-08-08T07:21:23Z,2026-08-08T09:21:23+0200,a13a8e1c-07bb-4e38-addf-c4d0871b05cd,2026-07-14T06:00:00Z,2026-07-14T08:00:00+0200,772.0,MW,ES,ES,forecast_onshore_wind_generation,Wind Onshore,2026-08-08T07:26:42Z
2026-08-08T07:21:23Z,2026-08-08T09:21:23+0200,a13a8e1c-07bb-4e38-addf-c4d0871b05cd,2026-07-14T06:15:00Z,2026-07-14T08:15:00+0200,748.0,MW,ES,ES,forecast_onshore_wind_generation,Wind Onshore,2026-08-08T07:26:42Z
2026-08-08T07:21:23Z,2026-08-08T09:21:23+0200,a13a8e1c-07bb-4e38-addf-c4d0871b05cd,2026-07-14T06:30:00Z,2026-07-14T08:30:00+0200,739.0,MW,ES,ES,forecast_onshore_wind_generation,Wind Onshore,2026-08-08T07:26:42Z
2026-08-08T07:21:23Z,2026-08-08T09:21:23+0200,a13a8e1c-07bb-4e38-addf-c4d0871b05cd,2026-07-14T06:45:00Z,2026-07-14T08:45:00+0200,739.0,MW,ES,ES,forecast_onshore_wind_generation,Wind Onshore,2026-08-08T07:26:42Z
2026-08-08T07:21:23Z,2026-08-08T09:21:23+0200,a13a8e1c-07bb-4e38-addf-c4d0871b05cd,2026-07-14T07:00:00Z,2026-07-14T09:00:00+0200,727.0,MW,ES,ES,forecast_onshore_wind_generation,Wind Onshore,2026-08-08T07:26:42Z
2026-08-08T07:21:23Z,2026-08-08T09:21:23+0200,a13a8e1c-07bb-4e38-addf-c4d0871b05cd,2026-07-14T07:15:00Z,2026-07-14T09:15:00+0200,776.0,MW,ES,ES,forecast_onshore_wind_generation,Wind Onshore,2026-08-08T07:26:42Z
2026-08-08T07:21:23Z,2026-08-08T09:21:23+0200,a13a8e1c-07bb-4e38-addf-c4d0871b05cd,2026-07-14T07:30:00Z,2026-07-14T09:30:00+0200,840.0,MW,ES,ES,forecast_onshore_wind_generation,Wind Onshore,2026-08-08T07:26:42Z
2026-08-08T07:21:23Z,2026-08-08T09:21:23+0200,a13a8e1c-07bb-4e38-addf-c4d0871b05cd,2026-07-14T07:45:00Z,2026-07-14T09:45:00+0200,924.0,MW,ES,ES,forecast_onshore_wind_generation,Wind Onshore,2026-08-08T07:26:42Z
2026-08-08T07:21:23Z,2026-08-08T09:21:23+0200,a13a8e1c-07bb-4e38-addf-c4d0871b05cd,2026-07-14T08:00:00Z,2026-07-14T10:00:00+0200,1025.0,MW,ES,ES,forecast_onshore_wind_generation,Wind Onshore,2026-08-08T07:26:42Z
2026-08-08T07:21:23Z,2026-08-08T09:21:23+0200,a13a8e1c-07bb-4e38-addf-c4d0871b05cd,2026-07-14T08:15:00Z,2026-07-14T10:15:00+0200,1152.0,MW,ES,ES,forecast_onshore_wind_generation,Wind Onshore,2026-08-08T07:26:42Z
2026-08-08T07:21:23Z,2026-08-08T09:21:23+0200,a13a8e1c-07bb-4e38-addf-c4d0871b05cd,2026-07-14T08:30:00Z,2026-07-14T10:30:00+0200,1294.0,MW,ES,ES,forecast_onshore_wind_generation,Wind Onshore,2026-08-08T07:26:42Z
2026-08-08T07:21:23Z,2026-08-08T09:21:23+0200,a13a8e1c-07bb-4e38-addf-c4d0871b05cd,2026-07-14T08:45:00Z,2026-07-14T10:45:00+0200,1450.0,MW,ES,ES,forecast_onshore_wind_generation,Wind Onshore,2026-08-08T07:26:42Z
2026-08-08T07:21:23Z,2026-08-08T09:21:23+0200,a13a8e1c-07bb-4e38-addf-c4d0871b05cd,2026-07-14T09:00:00Z,2026-07-14T11:00:00+0200,1633.0,MW,ES,ES,forecast_onshore_wind_generation,Wind Onshore,2026-08-08T07:26:42Z
2026-08-08T07:21:23Z,2026-08-08T09:21:23+0200,a13a8e1c-07bb-4e38-addf-c4d0871b05cd,2026-07-14T09:15:00Z,2026-07-14T11:15:00+0200,1812.0,MW,ES,ES,forecast_onshore_wind_generation,Wind Onshore,2026-08-08T07:26:42Z
2026-08-08T07:21:23Z,2026-08-08T09:21:23+0200,a13a8e1c-07bb-4e38-addf-c4d0871b05cd,2026-07-14T09:30:00Z,2026-07-14T11:30:00+0200,2000.0,MW,ES,ES,forecast_onshore_wind_generation,Wind Onshore,2026-08-08T07:26:42Z
2026-08-08T07:21:23Z,2026-08-08T09:21:23+0200,a13a8e1c-07bb-4e38-addf-c4d0871b05cd,2026-07-14T09:45:00Z,2026-07-14T11:45:00+0200,2196.0,MW,ES,ES,forecast_onshore_wind_generation,Wind Onshore,2026-08-08T07:26:42Z
2026-08-08T07:21:23Z,2026-08-08T09:21:23+0200,a13a8e1c-07bb-4e38-addf-c4d0871b05cd,2026-07-14T10:00:00Z,2026-07-14T12:00:00+0200,2174.0,MW,ES,ES,forecast_onshore_wind_generation,Wind Onshore,2026-08-08T07:26:42Z
2026-08-08T07:21:23Z,2026-08-08T09:21:23+0200,a13a8e1c-07bb-4e38-addf-c4d0871b05cd,2026-07-14T10:15:00Z,2026-07-14T12:15:00+0200,2362.0,MW,ES,ES,forecast_onshore_wind_generation,Wind Onshore,2026-08-08T07:26:42Z
2026-08-08T07:21:23Z,2026-08-08T09:21:23+0200,a13a8e1c-07bb-4e38-addf-c4d0871b05cd,2026-07-14T10:30:00Z,2026-07-14T12:30:00+0200,2557.0,MW,ES,ES,forecast_onshore_wind_generation,Wind Onshore,2026-08-08T07:26:42Z
2026-08-08T07:21:23Z,2026-08-08T09:21:23+0200,a13a8e1c-07bb-4e38-addf-c4d0871b05cd,2026-07-14T10:45:00Z,2026-07-14T12:45:00+0200,2761.0,MW,ES,ES,forecast_onshore_wind_generation,Wind Onshore,2026-08-08T07:26:42Z
2026-08-08T07:21:23Z,2026-08-08T09:21:23+0200,a13a8e1c-07bb-4e38-addf-c4d0871b05cd,2026-07-14T11:00:00Z,2026-07-14T13:00:00+0200,2978.0,MW,ES,ES,forecast_onshore_wind_generation,Wind Onshore,2026-08-08T07:26:42Z
2026-08-08T07:21:23Z,2026-08-08T09:21:23+0200,a13a8e1c-07bb-4e38-addf-c4d0871b05cd,2026-07-14T11:15:00Z,2026-07-14T13:15:00+0200,3186.0,MW,ES,ES,forecast_onshore_wind_generation,Wind Onshore,2026-08-08T07:26:42Z
2026-08-08T07:21:23Z,2026-08-08T09:21:23+0200,a13a8e1c-07bb-4e38-addf-c4d0871b05cd,2026-07-14T11:30:00Z,2026-07-14T13:30:00+0200,3388.0,MW,ES,ES,forecast_onshore_wind_generation,Wind Onshore,2026-08-08T07:26:42Z
2026-08-08T07:21:23Z,2026-08-08T09:21:23+0200,a13a8e1c-07bb-4e38-addf-c4d0871b05cd,2026-07-14T11:45:00Z,2026-07-14T13:45:00+0200,3584.0,MW,ES,ES,forecast_onshore_wind_generation,Wind Onshore,2026-08-08T07:26:42Z
2026-08-08T07:21:23Z,2026-08-08T09:21:23+0200,a13a8e1c-07bb-4e38-addf-c4d0871b05cd,2026-07-14T12:00:00Z,2026-07-14T14:00:00+0200,3640.0,MW,ES,ES,forecast_onshore_wind_generation,Wind Onshore,2026-08-08T07:26:42Z
2026-08-08T07:21:23Z,2026-08-08T09:21:23+0200,a13a8e1c-07bb-4e38-addf-c4d0871b05cd,2026-07-14T12:15:00Z,2026-07-14T14:15:00+0200,3817.0,MW,ES,ES,forecast_onshore_wind_generation,Wind Onshore,2026-08-08T07:26:42Z
2026-08-08T07:21:23Z,2026-08-08T09:21:23+0200,a13a8e1c-07bb-4e38-addf-c4d0871b05cd,2026-07-14T12:30:00Z,2026-07-14T14:30:00+0200,3993.0,MW,ES,ES,forecast_onshore_wind_generation,Wind Onshore,2026-08-08T07:26:42Z
2026-08-08T07:21:23Z,2026-08-08T09:21:23+0200,a13a8e1c-07bb-4e38-addf-c4d0871b05cd,2026-07-14T12:45:00Z,2026-07-14T14:45:00+0200,4151.0,MW,ES,ES,forecast_onshore_wind_generation,Wind Onshore,2026-08-08T07:26:42Z
2026-08-08T07:21:23Z,2026-08-08T09:21:23+0200,a13a8e1c-07bb-4e38-addf-c4d0871b05cd,2026-07-14T13:00:00Z,2026-07-14T15:00:00+0200,4263.0,MW,ES,ES,forecast_onshore_wind_generation,Wind Onshore,2026-08-08T07:26:42Z
2026-08-08T07:21:23Z,2026-08-08T09:21:23+0200,a13a8e1c-07bb-4e38-addf-c4d0871b05cd,2026-07-14T13:15:00Z,2026-07-14T15:15:00+0200,4419.0,MW,ES,ES,forecast_onshore_wind_generation,Wind Onshore,2026-08-08T07:26:42Z
2026-08-08T07:21:23Z,2026-08-08T09:21:23+0200,a13a8e1c-07bb-4e38-addf-c4d0871b05cd,2026-07-14T13:30:00Z,2026-07-14T15:30:00+0200,4568.0,MW,ES,ES,forecast_onshore_wind_generation,Wind Onshore,2026-08-08T07:26:42Z
2026-08-08T07:21:23Z,2026-08-08T09:21:23+0200,a13a8e1c-07bb-4e38-addf-c4d0871b05cd,2026-07-14T13:45:00Z,2026-07-14T15:45:00+0200,4719.0,MW,ES,ES,forecast_onshore_wind_generation,Wind Onshore,2026-08-08T07:26:42Z
2026-08-08T07:21:23Z,2026-08-08T09:21:23+0200,a13a8e1c-07bb-4e38-addf-c4d0871b05cd,2026-07-14T14:00:00Z,2026-07-14T16:00:00+0200,4910.0,MW,ES,ES,forecast_onshore_wind_generation,Wind Onshore,2026-08-08T07:26:42Z
2026-08-08T07:21:23Z,2026-08-08T09:21:23+0200,a13a8e1c-07bb-4e38-addf-c4d0871b05cd,2026-07-14T14:15:00Z,2026-07-14T16:15:00+0200,5052.0,MW,ES,ES,forecast_onshore_wind_generation,Wind Onshore,2026-08-08T07:26:42Z
2026-08-08T07:21:23Z,2026-08-08T09:21:23+0200,a13a8e1c-07bb-4e38-addf-c4d0871b05cd,2026-07-14T14:30:00Z,2026-07-14T16:30:00+0200,5190.0,MW,ES,ES,forecast_onshore_wind_generation,Wind Onshore,2026-08-08T07:26:42Z
2026-08-08T07:21:23Z,2026-08-08T09:21:23+0200,a13a8e1c-07bb-4e38-addf-c4d0871b05cd,2026-07-14T14:45:00Z,2026-07-14T16:45:00+0200,5309.0,MW,ES,ES,forecast_onshore_wind_generation,Wind Onshore,2026-08-08T07:26:42Z
2026-08-08T07:21:23Z,2026-08-08T09:21:23+0200,a13a8e1c-07bb-4e38-addf-c4d0871b05cd,2026-07-14T15:00:00Z,2026-07-14T17:00:00+0200,5521.0,MW,ES,ES,forecast_onshore_wind_generation,Wind Onshore,2026-08-08T07:26:42Z
2026-08-08T07:21:23Z,2026-08-08T09:21:23+0200,a13a8e1c-07bb-4e38-addf-c4d0871b05cd,2026-07-14T15:15:00Z,2026-07-14T17:15:00+0200,5630.0,MW,ES,ES,forecast_onshore_wind_generation,Wind Onshore,2026-08-08T07:26:42Z
2026-08-08T07:21:23Z,2026-08-08T09:21:23+0200,a13a8e1c-07bb-4e38-addf-c4d0871b05cd,2026-07-14T15:30:00Z,2026-07-14T17:30:00+0200,5729.0,MW,ES,ES,forecast_onshore_wind_generation,Wind Onshore,2026-08-08T07:26:42Z
2026-08-08T07:21:23Z,2026-08-08T09:21:23+0200,a13a8e1c-07bb-4e38-addf-c4d0871b05cd,2026-07-14T15:45:00Z,2026-07-14T17:45:00+0200,5817.0,MW,ES,ES,forecast_onshore_wind_generation,Wind Onshore,2026-08-08T07:26:42Z
2026-08-08T07:21:23Z,2026-08-08T09:21:23+0200,a13a8e1c-07bb-4e38-addf-c4d0871b05cd,2026-07-14T16:00:00Z,2026-07-14T18:00:00+0200,6179.0,MW,ES,ES,forecast_onshore_wind_generation,Wind Onshore,2026-08-08T07:26:42Z
2026-08-08T07:21:23Z,2026-08-08T09:21:23+0200,a13a8e1c-07bb-4e38-addf-c4d0871b05cd,2026-07-14T16:15:00Z,2026-07-14T18:15:00+0200,6193.0,MW,ES,ES,forecast_onshore_wind_generation,Wind Onshore,2026-08-08T07:26:42Z
2026-08-08T07:21:23Z,2026-08-08T09:21:23+0200,a13a8e1c-07bb-4e38-addf-c4d0871b05cd,2026-07-14T16:30:00Z,2026-07-14T18:30:00+0200,6172.0,MW,ES,ES,forecast_onshore_wind_generation,Wind Onshore,2026-08-08T07:26:42Z
2026-08-08T07:21:23Z,2026-08-08T09:21:23+0200,a13a8e1c-07bb-4e38-addf-c4d0871b05cd,2026-07-14T16:45:00Z,2026-07-14T18:45:00+0200,6117.0,MW,ES,ES,forecast_onshore_wind_generation,Wind Onshore,2026-08-08T07:26:42Z
2026-08-08T07:21:23Z,2026-08-08T09:21:23+0200,a13a8e1c-07bb-4e38-addf-c4d0871b05cd,2026-07-14T17:00:00Z,2026-07-14T19:00:00+0200,6090.0,MW,ES,ES,forecast_onshore_wind_generation,Wind Onshore,2026-08-08T07:26:42Z
2026-08-08T07:21:23Z,2026-08-08T09:21:23+0200,a13a8e1c-07bb-4e38-addf-c4d0871b05cd,2026-07-14T17:15:00Z,2026-07-14T19:15:00+0200,6013.0,MW,ES,ES,forecast_onshore_wind_generation,Wind Onshore,2026-08-08T07:26:42Z
2026-08-08T07:21:23Z,2026-08-08T09:21:23+0200,a13a8e1c-07bb-4e38-addf-c4d0871b05cd,2026-07-14T17:30:00Z,2026-07-14T19:30:00+0200,5912.0,MW,ES,ES,forecast_onshore_wind_generation,Wind Onshore,2026-08-08T07:26:42Z
2026-08-08T07:21:23Z,2026-08-08T09:21:23+0200,a13a8e1c-07bb-4e38-addf-c4d0871b05cd,2026-07-14T17:45:00Z,2026-07-14T19:45:00+0200,5792.0,MW,ES,ES,forecast_onshore_wind_generation,Wind Onshore,2026-08-08T07:26:42Z
2026-08-08T07:21:23Z,2026-08-08T09:21:23+0200,a13a8e1c-07bb-4e38-addf-c4d0871b05cd,2026-07-14T18:00:00Z,2026-07-14T20:00:00+0200,6199.0,MW,ES,ES,forecast_onshore_wind_generation,Wind Onshore,2026-08-08T07:26:42Z
2026-08-08T07:21:23Z,2026-08-08T09:21:23+0200,a13a8e1c-07bb-4e38-addf-c4d0871b05cd,2026-07-14T18:15:00Z,2026-07-14T20:15:00+0200,6056.0,MW,ES,ES,forecast_onshore_wind_generation,Wind Onshore,2026-08-08T07:26:42Z
2026-08-08T07:21:23Z,2026-08-08T09:21:23+0200,a13a8e1c-07bb-4e38-addf-c4d0871b05cd,2026-07-14T18:30:00Z,2026-07-14T20:30:00+0200,5942.0,MW,ES,ES,forecast_onshore_wind_generation,Wind Onshore,2026-08-08T07:26:42Z
2026-08-08T07:21:23Z,2026-08-08T09:21:23+0200,a13a8e1c-07bb-4e38-addf-c4d0871b05cd,2026-07-14T18:45:00Z,2026-07-14T20:45:00+0200,5849.0,MW,ES,ES,forecast_onshore_wind_generation,Wind Onshore,2026-08-08T07:26:42Z
2026-08-08T07:21:23Z,2026-08-08T09:21:23+0200,a13a8e1c-07bb-4e38-addf-c4d0871b05cd,2026-07-14T19:00:00Z,2026-07-14T21:00:00+0200,5789.0,MW,ES,ES,forecast_onshore_wind_generation,Wind Onshore,2026-08-08T07:26:42Z
2026-08-08T07:21:23Z,2026-08-08T09:21:23+0200,a13a8e1c-07bb-4e38-addf-c4d0871b05cd,2026-07-14T19:15:00Z,2026-07-14T21:15:00+0200,5698.0,MW,ES,ES,forecast_onshore_wind_generation,Wind Onshore,2026-08-08T07:26:42Z
2026-08-08T07:21:23Z,2026-08-08T09:21:23+0200,a13a8e1c-07bb-4e38-addf-c4d0871b05cd,2026-07-14T19:30:00Z,2026-07-14T21:30:00+0200,5588.0,MW,ES,ES,forecast_onshore_wind_generation,Wind Onshore,2026-08-08T07:26:42Z
2026-08-08T07:21:23Z,2026-08-08T09:21:23+0200,a13a8e1c-07bb-4e38-addf-c4d0871b05cd,2026-07-14T19:45:00Z,2026-07-14T21:45:00+0200,5468.0,MW,ES,ES,forecast_onshore_wind_generation,Wind Onshore,2026-08-08T07:26:42Z
2026-08-08T07:21:23Z,2026-08-08T09:21:23+0200,a13a8e1c-07bb-4e38-addf-c4d0871b05cd,2026-07-14T20:00:00Z,2026-07-14T22:00:00+0200,5342.0,MW,ES,ES,forecast_onshore_wind_generation,Wind Onshore,2026-08-08T07:26:42Z
2026-08-08T07:21:23Z,2026-08-08T09:21:23+0200,a13a8e1c-07bb-4e38-addf-c4d0871b05cd,2026-07-14T20:15:00Z,2026-07-14T22:15:00+0200,5216.0,MW,ES,ES,forecast_onshore_wind_generation,Wind Onshore,2026-08-08T07:26:42Z
2026-08-08T07:21:23Z,2026-08-08T09:21:23+0200,a13a8e1c-07bb-4e38-addf-c4d0871b05cd,2026-07-14T20:30:00Z,2026-07-14T22:30:00+0200,5097.0,MW,ES,ES,forecast_onshore_wind_generation,Wind Onshore,2026-08-08T07:26:42Z
2026-08-08T07:21:23Z,2026-08-08T09:21:23+0200,a13a8e1c-07bb-4e38-addf-c4d0871b05cd,2026-07-14T20:45:00Z,2026-07-14T22:45:00+0200,4987.0,MW,ES,ES,forecast_onshore_wind_generation,Wind Onshore,2026-08-08T07:26:42Z
2026-08-08T07:21:23Z,2026-08-08T09:21:23+0200,a13a8e1c-07bb-4e38-addf-c4d0871b05cd,2026-07-14T21:00:00Z,2026-07-14T23:00:00+0200,4868.0,MW,ES,ES,forecast_onshore_wind_generation,Wind Onshore,2026-08-08T07:26:42Z
2026-08-08T07:21:23Z,2026-08-08T09:21:23+0200,a13a8e1c-07bb-4e38-addf-c4d0871b05cd,2026-07-14T21:15:00Z,2026-07-14T23:15:00+0200,4769.0,MW,ES,ES,forecast_onshore_wind_generation,Wind Onshore,2026-08-08T07:26:42Z
2026-08-08T07:21:23Z,2026-08-08T09:21:23+0200,a13a8e1c-07bb-4e38-addf-c4d0871b05cd,2026-07-14T21:30:00Z,2026-07-14T23:30:00+0200,4675.0,MW,ES,ES,forecast_onshore_wind_generation,Wind Onshore,2026-08-08T07:26:42Z
2026-08-08T07:21:23Z,2026-08-08T09:21:23+0200,a13a8e1c-07bb-4e38-addf-c4d0871b05cd,2026-07-14T21:45:00Z,2026-07-14T23:45:00+0200,4582.0,MW,ES,ES,forecast_onshore_wind_generation,Wind Onshore,2026-08-08T07:26:42Z
2026-08-08T07:21:23Z,2026-08-08T09:21:23+0200,a13a8e1c-07bb-4e38-addf-c4d0871b05cd,2026-07-14T22:00:00Z,2026-07-15T00:00:00+0200,4630.0,MW,ES,ES,forecast_onshore_wind_generation,Wind Onshore,2026-08-08T07:26:42Z
2026-08-08T07:21:23Z,2026-08-08T09:21:23+0200,a13a8e1c-07bb-4e38-addf-c4d0871b05cd,2026-07-14T22:15:00Z,2026-07-15T00:15:00+0200,4490.0,MW,ES,ES,forecast_onshore_wind_generation,Wind Onshore,2026-08-08T07:26:42Z
2026-08-08T07:21:23Z,2026-08-08T09:21:23+0200,a13a8e1c-07bb-4e38-addf-c4d0871b05cd,2026-07-14T22:30:00Z,2026-07-15T00:30:00+0200,4345.0,MW,ES,ES,forecast_onshore_wind_generation,Wind Onshore,2026-08-08T07:26:42Z
2026-08-08T07:21:23Z,2026-08-08T09:21:23+0200,a13a8e1c-07bb-4e38-addf-c4d0871b05cd,2026-07-14T22:45:00Z,2026-07-15T00:45:00+0200,4197.0,MW,ES,ES,forecast_onshore_wind_generation,Wind Onshore,2026-08-08T07:26:42Z
2026-08-08T07:21:23Z,2026-08-08T09:21:23+0200,a13a8e1c-07bb-4e38-addf-c4d0871b05cd,2026-07-14T23:00:00Z,2026-07-15T01:00:00+0200,4047.0,MW,ES,ES,forecast_onshore_wind_generation,Wind Onshore,2026-08-08T07:26:42Z
2026-08-08T07:21:23Z,2026-08-08T09:21:23+0200,a13a8e1c-07bb-4e38-addf-c4d0871b05cd,2026-07-14T23:15:00Z,2026-07-15T01:15:00+0200,3903.0,MW,ES,ES,forecast_onshore_wind_generation,Wind Onshore,2026-08-08T07:26:42Z
2026-08-08T07:21:23Z,2026-08-08T09:21:23+0200,a13a8e1c-07bb-4e38-addf-c4d0871b05cd,2026-07-14T23:30:00Z,2026-07-15T01:30:00+0200,3764.0,MW,ES,ES,forecast_onshore_wind_generation,Wind Onshore,2026-08-08T07:26:42Z
2026-08-08T07:21:23Z,2026-08-08T09:21:23+0200,a13a8e1c-07bb-4e38-addf-c4d0871b05cd,2026-07-14T23:45:00Z,2026-07-15T01:45:00+0200,3629.0,MW,ES,ES,forecast_onshore_wind_generation,Wind Onshore,2026-08-08T07:26:42Z
2026-08-08T07:21:23Z,2026-08-08T09:21:23+0200,a13a8e1c-07bb-4e38-addf-c4d0871b05cd,2026-07-15T00:00:00Z,2026-07-15T02:00:00+0200,3501.0,MW,ES,ES,forecast_onshore_wind_generation,Wind Onshore,2026-08-08T07:26:42Z
2026-08-08T07:21:23Z,2026-08-08T09:21:23+0200,a13a8e1c-07bb-4e38-addf-c4d0871b05cd,2026-07-15T00:15:00Z,2026-07-15T02:15:00+0200,3375.0,MW,ES,ES,forecast_onshore_wind_generation,Wind Onshore,2026-08-08T07:26:42Z
2026-08-08T07:21:23Z,2026-08-08T09:21:23+0200,a13a8e1c-07bb-4e38-addf-c4d0871b05cd,2026-07-15T00:30:00Z,2026-07-15T02:30:00+0200,3252.0,MW,ES,ES,forecast_onshore_wind_generation,Wind Onshore,2026-08-08T07:26:42Z
2026-08-08T07:21:23Z,2026-08-08T09:21:23+0200,a13a8e1c-07bb-4e38-addf-c4d0871b05cd,2026-07-15T00:45:00Z,2026-07-15T02:45:00+0200,3132.0,MW,ES,ES,forecast_onshore_wind_generation,Wind Onshore,2026-08-08T07:26:42Z
2026-08-08T07:21:23Z,2026-08-08T09:21:23+0200,a13a8e1c-07bb-4e38-addf-c4d0871b05cd,2026-07-15T01:00:00Z,2026-07-15T03:00:00+0200,3026.0,MW,ES,ES,forecast_onshore_wind_generation,Wind Onshore,2026-08-08T07:26:42Z
2026-08-08T07:21:23Z,2026-08-08T09:21:23+0200,a13a8e1c-07bb-4e38-addf-c4d0871b05cd,2026-07-15T01:15:00Z,2026-07-15T03:15:00+0200,2897.0,MW,ES,ES,forecast_onshore_wind_generation,Wind Onshore,2026-08-08T07:26:42Z
2026-08-08T07:21:23Z,2026-08-08T09:21:23+0200,a13a8e1c-07bb-4e38-addf-c4d0871b05cd,2026-07-15T01:30:00Z,2026-07-15T03:30:00+0200,2764.0,MW,ES,ES,forecast_onshore_wind_generation,Wind Onshore,2026-08-08T07:26:42Z
2026-08-08T07:21:23Z,2026-08-08T09:21:23+0200,a13a8e1c-07bb-4e38-addf-c4d0871b05cd,2026-07-15T01:45:00Z,2026-07-15T03:45:00+0200,2634.0,MW,ES,ES,forecast_onshore_wind_generation,Wind Onshore,2026-08-08T07:26:42Z
2026-08-08T07:21:23Z,2026-08-08T09:21:23+0200,a13a8e1c-07bb-4e38-addf-c4d0871b05cd,2026-07-15T02:00:00Z,2026-07-15T04:00:00+0200,2482.0,MW,ES,ES,forecast_onshore_wind_generation,Wind Onshore,2026-08-08T07:26:42Z
2026-08-08T07:21:23Z,2026-08-08T09:21:23+0200,a13a8e1c-07bb-4e38-addf-c4d0871b05cd,2026-07-15T02:15:00Z,2026-07-15T04:15:00+0200,2388.0,MW,ES,ES,forecast_onshore_wind_generation,Wind Onshore,2026-08-08T07:26:42Z
2026-08-08T07:21:23Z,2026-08-08T09:21:23+0200,a13a8e1c-07bb-4e38-addf-c4d0871b05cd,2026-07-15T02:30:00Z,2026-07-15T04:30:00+0200,2322.0,MW,ES,ES,forecast_onshore_wind_generation,Wind Onshore,2026-08-08T07:26:42Z
2026-08-08T07:21:23Z,2026-08-08T09:21:23+0200,a13a8e1c-07bb-4e38-addf-c4d0871b05cd,2026-07-15T02:45:00Z,2026-07-15T04:45:00+0200,2270.0,MW,ES,ES,forecast_onshore_wind_generation,Wind Onshore,2026-08-08T07:26:42Z
2026-08-08T07:21:23Z,2026-08-08T09:21:23+0200,a13a8e1c-07bb-4e38-addf-c4d0871b05cd,2026-07-15T03:00:00Z,2026-07-15T05:00:00+0200,2269.0,MW,ES,ES,forecast_onshore_wind_generation,Wind Onshore,2026-08-08T07:26:42Z
2026-08-08T07:21:23Z,2026-08-08T09:21:23+0200,a13a8e1c-07bb-4e38-addf-c4d0871b05cd,2026-07-15T03:15:00Z,2026-07-15T05:15:00+0200,2186.0,MW,ES,ES,forecast_onshore_wind_generation,Wind Onshore,2026-08-08T07:26:42Z
2026-08-08T07:21:23Z,2026-08-08T09:21:23+0200,a13a8e1c-07bb-4e38-addf-c4d0871b05cd,2026-07-15T03:30:00Z,2026-07-15T05:30:00+0200,2065.0,MW,ES,ES,forecast_onshore_wind_generation,Wind Onshore,2026-08-08T07:26:42Z
2026-08-08T07:21:23Z,2026-08-08T09:21:23+0200,a13a8e1c-07bb-4e38-addf-c4d0871b05cd,2026-07-15T03:45:00Z,2026-07-15T05:45:00+0200,1920.0,MW,ES,ES,forecast_onshore_wind_generation,Wind Onshore,2026-08-08T07:26:42Z
2026-08-08T07:21:23Z,2026-08-08T09:21:23+0200,a13a8e1c-07bb-4e38-addf-c4d0871b05cd,2026-07-15T04:00:00Z,2026-07-15T06:00:00+0200,1755.0,MW,ES,ES,forecast_onshore_wind_generation,Wind Onshore,2026-08-08T07:26:42Z
2026-08-08T07:21:23Z,2026-08-08T09:21:23+0200,a13a8e1c-07bb-4e38-addf-c4d0871b05cd,2026-07-15T04:15:00Z,2026-07-15T06:15:00+0200,1617.0,MW,ES,ES,forecast_onshore_wind_generation,Wind Onshore,2026-08-08T07:26:42Z
2026-08-08T07:21:23Z,2026-08-08T09:21:23+0200,a13a8e1c-07bb-4e38-addf-c4d0871b05cd,2026-07-15T04:30:00Z,2026-07-15T06:30:00+0200,1506.0,MW,ES,ES,forecast_onshore_wind_generation,Wind Onshore,2026-08-08T07:26:42Z
2026-08-08T07:21:23Z,2026-08-08T09:21:23+0200,a13a8e1c-07bb-4e38-addf-c4d0871b05cd,2026-07-15T04:45:00Z,2026-07-15T06:45:00+0200,1415.0,MW,ES,ES,forecast_onshore_wind_generation,Wind Onshore,2026-08-08T07:26:42Z
2026-08-08T07:21:23Z,2026-08-08T09:21:23+0200,a13a8e1c-07bb-4e38-addf-c4d0871b05cd,2026-07-15T05:00:00Z,2026-07-15T07:00:00+0200,1344.0,MW,ES,ES,forecast_onshore_wind_generation,Wind Onshore,2026-08-08T07:26:42Z
2026-08-08T07:21:23Z,2026-08-08T09:21:23+0200,a13a8e1c-07bb-4e38-addf-c4d0871b05cd,2026-07-15T05:15:00Z,2026-07-15T07:15:00+0200,1271.0,MW,ES,ES,forecast_onshore_wind_generation,Wind Onshore,2026-08-08T07:26:42Z
2026-08-08T07:21:23Z,2026-08-08T09:21:23+0200,a13a8e1c-07bb-4e38-addf-c4d0871b05cd,2026-07-15T05:30:00Z,2026-07-15T07:30:00+0200,1197.0,MW,ES,ES,forecast_onshore_wind_generation,Wind Onshore,2026-08-08T07:26:42Z
2026-08-08T07:21:23Z,2026-08-08T09:21:23+0200,a13a8e1c-07bb-4e38-addf-c4d0871b05cd,2026-07-15T05:45:00Z,2026-07-15T07:45:00+0200,1124.0,MW,ES,ES,forecast_onshore_wind_generation,Wind Onshore,2026-08-08T07:26:42Z
2026-08-08T07:21:23Z,2026-08-08T09:21:23+0200,a13a8e1c-07bb-4e38-addf-c4d0871b05cd,2026-07-15T06:00:00Z,2026-07-15T08:00:00+0200,1034.0,MW,ES,ES,forecast_onshore_wind_generation,Wind Onshore,2026-08-08T07:26:42Z
2026-08-08T07:21:23Z,2026-08-08T09:21:23+0200,a13a8e1c-07bb-4e38-addf-c4d0871b05cd,2026-07-15T06:15:00Z,2026-07-15T08:15:00+0200,984.0,MW,ES,ES,forecast_onshore_wind_generation,Wind Onshore,2026-08-08T07:26:42Z
2026-08-08T07:21:23Z,2026-08-08T09:21:23+0200,a13a8e1c-07bb-4e38-addf-c4d0871b05cd,2026-07-15T06:30:00Z,2026-07-15T08:30:00+0200,954.0,MW,ES,ES,forecast_onshore_wind_generation,Wind Onshore,2026-08-08T07:26:42Z
2026-08-08T07:21:23Z,2026-08-08T09:21:23+0200,a13a8e1c-07bb-4e38-addf-c4d0871b05cd,2026-07-15T06:45:00Z,2026-07-15T08:45:00+0200,942.0,MW,ES,ES,forecast_onshore_wind_generation,Wind Onshore,2026-08-08T07:26:42Z
2026-08-08T07:21:23Z,2026-08-08T09:21:23+0200,a13a8e1c-07bb-4e38-addf-c4d0871b05cd,2026-07-15T07:00:00Z,2026-07-15T09:00:00+0200,915.0,MW,ES,ES,forecast_onshore_wind_generation,Wind Onshore,2026-08-08T07:26:42Z
2026-08-08T07:21:23Z,2026-08-08T09:21:23+0200,a13a8e1c-07bb-4e38-addf-c4d0871b05cd,2026-07-15T07:15:00Z,2026-07-15T09:15:00+0200,941.0,MW,ES,ES,forecast_onshore_wind_generation,Wind Onshore,2026-08-08T07:26:42Z
2026-08-08T07:21:23Z,2026-08-08T09:21:23+0200,a13a8e1c-07bb-4e38-addf-c4d0871b05cd,2026-07-15T07:30:00Z,2026-07-15T09:30:00+0200,985.0,MW,ES,ES,forecast_onshore_wind_generation,Wind Onshore,2026-08-08T07:26:42Z
2026-08-08T07:21:23Z,2026-08-08T09:21:23+0200,a13a8e1c-07bb-4e38-addf-c4d0871b05cd,2026-07-15T07:45:00Z,2026-07-15T09:45:00+0200,1047.0,MW,ES,ES,forecast_onshore_wind_generation,Wind Onshore,2026-08-08T07:26:42Z
2026-08-08T07:21:23Z,2026-08-08T09:21:23+0200,a13a8e1c-07bb-4e38-addf-c4d0871b05cd,2026-07-15T08:00:00Z,2026-07-15T10:00:00+0200,1107.0,MW,ES,ES,forecast_onshore_wind_generation,Wind Onshore,2026-08-08T07:26:42Z
2026-08-08T07:21:23Z,2026-08-08T09:21:23+0200,a13a8e1c-07bb-4e38-addf-c4d0871b05cd,2026-07-15T08:15:00Z,2026-07-15T10:15:00+0200,1201.0,MW,ES,ES,forecast_onshore_wind_generation,Wind Onshore,2026-08-08T07:26:42Z
2026-08-08T07:21:23Z,2026-08-08T09:21:23+0200,a13a8e1c-07bb-4e38-addf-c4d0871b05cd,2026-07-15T08:30:00Z,2026-07-15T10:30:00+0200,1311.0,MW,ES,ES,forecast_onshore_wind_generation,Wind Onshore,2026-08-08T07:26:42Z
2026-08-08T07:21:23Z,2026-08-08T09:21:23+0200,a13a8e1c-07bb-4e38-addf-c4d0871b05cd,2026-07-15T08:45:00Z,2026-07-15T10:45:00+0200,1434.0,MW,ES,ES,forecast_onshore_wind_generation,Wind Onshore,2026-08-08T07:26:42Z
2026-08-08T07:21:23Z,2026-08-08T09:21:23+0200,a13a8e1c-07bb-4e38-addf-c4d0871b05cd,2026-07-15T09:00:00Z,2026-07-15T11:00:00+0200,1578.0,MW,ES,ES,forecast_onshore_wind_generation,Wind Onshore,2026-08-08T07:26:42Z
2026-08-08T07:21:23Z,2026-08-08T09:21:23+0200,a13a8e1c-07bb-4e38-addf-c4d0871b05cd,2026-07-15T09:15:00Z,2026-07-15T11:15:00+0200,1723.0,MW,ES,ES,forecast_onshore_wind_generation,Wind Onshore,2026-08-08T07:26:42Z
2026-08-08T07:21:23Z,2026-08-08T09:21:23+0200,a13a8e1c-07bb-4e38-addf-c4d0871b05cd,2026-07-15T09:30:00Z,2026-07-15T11:30:00+0200,1876.0,MW,ES,ES,forecast_onshore_wind_generation,Wind Onshore,2026-08-08T07:26:42Z
2026-08-08T07:21:23Z,2026-08-08T09:21:23+0200,a13a8e1c-07bb-4e38-addf-c4d0871b05cd,2026-07-15T09:45:00Z,2026-07-15T11:45:00+0200,2036.0,MW,ES,ES,forecast_onshore_wind_generation,Wind Onshore,2026-08-08T07:26:42Z
2026-08-08T07:21:23Z,2026-08-08T09:21:23+0200,a13a8e1c-07bb-4e38-addf-c4d0871b05cd,2026-07-15T10:00:00Z,2026-07-15T12:00:00+0200,2222.0,MW,ES,ES,forecast_onshore_wind_generation,Wind Onshore,2026-08-08T07:26:42Z
2026-08-08T07:21:23Z,2026-08-08T09:21:23+0200,a13a8e1c-07bb-4e38-addf-c4d0871b05cd,2026-07-15T10:15:00Z,2026-07-15T12:15:00+0200,2391.0,MW,ES,ES,forecast_onshore_wind_generation,Wind Onshore,2026-08-08T07:26:42Z
2026-08-08T07:21:23Z,2026-08-08T09:21:23+0200,a13a8e1c-07bb-4e38-addf-c4d0871b05cd,2026-07-15T10:30:00Z,2026-07-15T12:30:00+0200,2560.0,MW,ES,ES,forecast_onshore_wind_generation,Wind Onshore,2026-08-08T07:26:42Z
2026-08-08T07:21:23Z,2026-08-08T09:21:23+0200,a13a8e1c-07bb-4e38-addf-c4d0871b05cd,2026-07-15T10:45:00Z,2026-07-15T12:45:00+0200,2733.0,MW,ES,ES,forecast_onshore_wind_generation,Wind Onshore,2026-08-08T07:26:42Z
2026-08-08T07:21:23Z,2026-08-08T09:21:23+0200,a13a8e1c-07bb-4e38-addf-c4d0871b05cd,2026-07-15T11:00:00Z,2026-07-15T13:00:00+0200,2921.0,MW,ES,ES,forecast_onshore_wind_generation,Wind Onshore,2026-08-08T07:26:42Z
2026-08-08T07:21:23Z,2026-08-08T09:21:23+0200,a13a8e1c-07bb-4e38-addf-c4d0871b05cd,2026-07-15T11:15:00Z,2026-07-15T13:15:00+0200,3106.0,MW,ES,ES,forecast_onshore_wind_generation,Wind Onshore,2026-08-08T07:26:42Z
2026-08-08T07:21:23Z,2026-08-08T09:21:23+0200,a13a8e1c-07bb-4e38-addf-c4d0871b05cd,2026-07-15T11:30:00Z,2026-07-15T13:30:00+0200,3300.0,MW,ES,ES,forecast_onshore_wind_generation,Wind Onshore,2026-08-08T07:26:42Z
2026-08-08T07:21:23Z,2026-08-08T09:21:23+0200,a13a8e1c-07bb-4e38-addf-c4d0871b05cd,2026-07-15T11:45:00Z,2026-07-15T13:45:00+0200,3502.0,MW,ES,ES,forecast_onshore_wind_generation,Wind Onshore,2026-08-08T07:26:42Z
2026-08-08T07:21:23Z,2026-08-08T09:21:23+0200,a13a8e1c-07bb-4e38-addf-c4d0871b05cd,2026-07-15T12:00:00Z,2026-07-15T14:00:00+0200,3730.0,MW,ES,ES,forecast_onshore_wind_generation,Wind Onshore,2026-08-08T07:26:42Z
2026-08-08T07:21:23Z,2026-08-08T09:21:23+0200,a13a8e1c-07bb-4e38-addf-c4d0871b05cd,2026-07-15T12:15:00Z,2026-07-15T14:15:00+0200,3939.0,MW,ES,ES,forecast_onshore_wind_generation,Wind Onshore,2026-08-08T07:26:42Z
2026-08-08T07:21:23Z,2026-08-08T09:21:23+0200,a13a8e1c-07bb-4e38-addf-c4d0871b05cd,2026-07-15T12:30:00Z,2026-07-15T14:30:00+0200,4147.0,MW,ES,ES,forecast_onshore_wind_generation,Wind Onshore,2026-08-08T07:26:42Z
2026-08-08T07:21:23Z,2026-08-08T09:21:23+0200,a13a8e1c-07bb-4e38-addf-c4d0871b05cd,2026-07-15T12:45:00Z,2026-07-15T14:45:00+0200,4351.0,MW,ES,ES,forecast_onshore_wind_generation,Wind Onshore,2026-08-08T07:26:42Z
2026-08-08T07:21:23Z,2026-08-08T09:21:23+0200,a13a8e1c-07bb-4e38-addf-c4d0871b05cd,2026-07-15T13:00:00Z,2026-07-15T15:00:00+0200,4590.0,MW,ES,ES,forecast_onshore_wind_generation,Wind Onshore,2026-08-08T07:26:42Z
2026-08-08T07:21:23Z,2026-08-08T09:21:23+0200,a13a8e1c-07bb-4e38-addf-c4d0871b05cd,2026-07-15T13:15:00Z,2026-07-15T15:15:00+0200,4783.0,MW,ES,ES,forecast_onshore_wind_generation,Wind Onshore,2026-08-08T07:26:42Z
2026-08-08T07:21:23Z,2026-08-08T09:21:23+0200,a13a8e1c-07bb-4e38-addf-c4d0871b05cd,2026-07-15T13:30:00Z,2026-07-15T15:30:00+0200,4966.0,MW,ES,ES,forecast_onshore_wind_generation,Wind Onshore,2026-08-08T07:26:42Z
2026-08-08T07:21:23Z,2026-08-08T09:21:23+0200,a13a8e1c-07bb-4e38-addf-c4d0871b05cd,2026-07-15T13:45:00Z,2026-07-15T15:45:00+0200,5134.0,MW,ES,ES,forecast_onshore_wind_generation,Wind Onshore,2026-08-08T07:26:42Z
2026-08-08T07:21:23Z,2026-08-08T09:21:23+0200,a13a8e1c-07bb-4e38-addf-c4d0871b05cd,2026-07-15T14:00:00Z,2026-07-15T16:00:00+0200,5332.0,MW,ES,ES,forecast_onshore_wind_generation,Wind Onshore,2026-08-08T07:26:42Z
2026-08-08T07:21:23Z,2026-08-08T09:21:23+0200,a13a8e1c-07bb-4e38-addf-c4d0871b05cd,2026-07-15T14:15:00Z,2026-07-15T16:15:00+0200,5464.0,MW,ES,ES,forecast_onshore_wind_generation,Wind Onshore,2026-08-08T07:26:42Z
2026-08-08T07:21:23Z,2026-08-08T09:21:23+0200,a13a8e1c-07bb-4e38-addf-c4d0871b05cd,2026-07-15T14:30:00Z,2026-07-15T16:30:00+0200,5574.0,MW,ES,ES,forecast_onshore_wind_generation,Wind Onshore,2026-08-08T07:26:42Z
2026-08-08T07:21:23Z,2026-08-08T09:21:23+0200,a13a8e1c-07bb-4e38-addf-c4d0871b05cd,2026-07-15T14:45:00Z,2026-07-15T16:45:00+0200,5665.0,MW,ES,ES,forecast_onshore_wind_generation,Wind Onshore,2026-08-08T07:26:42Z
2026-08-08T07:21:23Z,2026-08-08T09:21:23+0200,a13a8e1c-07bb-4e38-addf-c4d0871b05cd,2026-07-15T15:00:00Z,2026-07-15T17:00:00+0200,5755.0,MW,ES,ES,forecast_onshore_wind_generation,Wind Onshore,2026-08-08T07:26:42Z
2026-08-08T07:21:23Z,2026-08-08T09:21:23+0200,a13a8e1c-07bb-4e38-addf-c4d0871b05cd,2026-07-15T15:15:00Z,2026-07-15T17:15:00+0200,5834.0,MW,ES,ES,forecast_onshore_wind_generation,Wind Onshore,2026-08-08T07:26:42Z
2026-08-08T07:21:23Z,2026-08-08T09:21:23+0200,a13a8e1c-07bb-4e38-addf-c4d0871b05cd,2026-07-15T15:30:00Z,2026-07-15T17:30:00+0200,5914.0,MW,ES,ES,forecast_onshore_wind_generation,Wind Onshore,2026-08-08T07:26:42Z
2026-08-08T07:21:23Z,2026-08-08T09:21:23+0200,a13a8e1c-07bb-4e38-addf-c4d0871b05cd,2026-07-15T15:45:00Z,2026-07-15T17:45:00+0200,5977.0,MW,ES,ES,forecast_onshore_wind_generation,Wind Onshore,2026-08-08T07:26:42Z
2026-08-08T07:21:23Z,2026-08-08T09:21:23+0200,a13a8e1c-07bb-4e38-addf-c4d0871b05cd,2026-07-15T16:00:00Z,2026-07-15T18:00:00+0200,6117.0,MW,ES,ES,forecast_onshore_wind_generation,Wind Onshore,2026-08-08T07:26:42Z
2026-08-08T07:21:23Z,2026-08-08T09:21:23+0200,a13a8e1c-07bb-4e38-addf-c4d0871b05cd,2026-07-15T16:15:00Z,2026-07-15T18:15:00+0200,6088.0,MW,ES,ES,forecast_onshore_wind_generation,Wind Onshore,2026-08-08T07:26:42Z
2026-08-08T07:21:23Z,2026-08-08T09:21:23+0200,a13a8e1c-07bb-4e38-addf-c4d0871b05cd,2026-07-15T16:30:00Z,2026-07-15T18:30:00+0200,5989.0,MW,ES,ES,forecast_onshore_wind_generation,Wind Onshore,2026-08-08T07:26:42Z
2026-08-08T07:21:23Z,2026-08-08T09:21:23+0200,a13a8e1c-07bb-4e38-addf-c4d0871b05cd,2026-07-15T16:45:00Z,2026-07-15T18:45:00+0200,5848.0,MW,ES,ES,forecast_onshore_wind_generation,Wind Onshore,2026-08-08T07:26:42Z
2026-08-08T07:21:23Z,2026-08-08T09:21:23+0200,a13a8e1c-07bb-4e38-addf-c4d0871b05cd,2026-07-15T17:00:00Z,2026-07-15T19:00:00+0200,5629.0,MW,ES,ES,forecast_onshore_wind_generation,Wind Onshore,2026-08-08T07:26:42Z
2026-08-08T07:21:23Z,2026-08-08T09:21:23+0200,a13a8e1c-07bb-4e38-addf-c4d0871b05cd,2026-07-15T17:15:00Z,2026-07-15T19:15:00+0200,5509.0,MW,ES,ES,forecast_onshore_wind_generation,Wind Onshore,2026-08-08T07:26:42Z
2026-08-08T07:21:23Z,2026-08-08T09:21:23+0200,a13a8e1c-07bb-4e38-addf-c4d0871b05cd,2026-07-15T17:30:00Z,2026-07-15T19:30:00+0200,5442.0,MW,ES,ES,forecast_onshore_wind_generation,Wind Onshore,2026-08-08T07:26:42Z
2026-08-08T07:21:23Z,2026-08-08T09:21:23+0200,a13a8e1c-07bb-4e38-addf-c4d0871b05cd,2026-07-15T17:45:00Z,2026-07-15T19:45:00+0200,5419.0,MW,ES,ES,forecast_onshore_wind_generation,Wind Onshore,2026-08-08T07:26:42Z
2026-08-08T07:21:23Z,2026-08-08T09:21:23+0200,a13a8e1c-07bb-4e38-addf-c4d0871b05cd,2026-07-15T18:00:00Z,2026-07-15T20:00:00+0200,5408.0,MW,ES,ES,forecast_onshore_wind_generation,Wind Onshore,2026-08-08T07:26:42Z
2026-08-08T07:21:23Z,2026-08-08T09:21:23+0200,a13a8e1c-07bb-4e38-addf-c4d0871b05cd,2026-07-15T18:15:00Z,2026-07-15T20:15:00+0200,5412.0,MW,ES,ES,forecast_onshore_wind_generation,Wind Onshore,2026-08-08T07:26:42Z
2026-08-08T07:21:23Z,2026-08-08T09:21:23+0200,a13a8e1c-07bb-4e38-addf-c4d0871b05cd,2026-07-15T18:30:00Z,2026-07-15T20:30:00+0200,5404.0,MW,ES,ES,forecast_onshore_wind_generation,Wind Onshore,2026-08-08T07:26:42Z
2026-08-08T07:21:23Z,2026-08-08T09:21:23+0200,a13a8e1c-07bb-4e38-addf-c4d0871b05cd,2026-07-15T18:45:00Z,2026-07-15T20:45:00+0200,5386.0,MW,ES,ES,forecast_onshore_wind_generation,Wind Onshore,2026-08-08T07:26:42Z
2026-08-08T07:21:23Z,2026-08-08T09:21:23+0200,a13a8e1c-07bb-4e38-addf-c4d0871b05cd,2026-07-15T19:00:00Z,2026-07-15T21:00:00+0200,5362.0,MW,ES,ES,forecast_onshore_wind_generation,Wind Onshore,2026-08-08T07:26:42Z
2026-08-08T07:21:23Z,2026-08-08T09:21:23+0200,a13a8e1c-07bb-4e38-addf-c4d0871b05cd,2026-07-15T19:15:00Z,2026-07-15T21:15:00+0200,5338.0,MW,ES,ES,forecast_onshore_wind_generation,Wind Onshore,2026-08-08T07:26:42Z
2026-08-08T07:21:23Z,2026-08-08T09:21:23+0200,a13a8e1c-07bb-4e38-addf-c4d0871b05cd,2026-07-15T19:30:00Z,2026-07-15T21:30:00+0200,5315.0,MW,ES,ES,forecast_onshore_wind_generation,Wind Onshore,2026-08-08T07:26:42Z
2026-08-08T07:21:23Z,2026-08-08T09:21:23+0200,a13a8e1c-07bb-4e38-addf-c4d0871b05cd,2026-07-15T19:45:00Z,2026-07-15T21:45:00+0200,5294.0,MW,ES,ES,forecast_onshore_wind_generation,Wind Onshore,2026-08-08T07:26:42Z
2026-08-08T07:21:23Z,2026-08-08T09:21:23+0200,a13a8e1c-07bb-4e38-addf-c4d0871b05cd,2026-07-15T20:00:00Z,2026-07-15T22:00:00+0200,5285.0,MW,ES,ES,forecast_onshore_wind_generation,Wind Onshore,2026-08-08T07:26:42Z
2026-08-08T07:21:23Z,2026-08-08T09:21:23+0200,a13a8e1c-07bb-4e38-addf-c4d0871b05cd,2026-07-15T20:15:00Z,2026-07-15T22:15:00+0200,5257.0,MW,ES,ES,forecast_onshore_wind_generation,Wind Onshore,2026-08-08T07:26:42Z
2026-08-08T07:21:23Z,2026-08-08T09:21:23+0200,a13a8e1c-07bb-4e38-addf-c4d0871b05cd,2026-07-15T20:30:00Z,2026-07-15T22:30:00+0200,5223.0,MW,ES,ES,forecast_onshore_wind_generation,Wind Onshore,2026-08-08T07:26:42Z
2026-08-08T07:21:23Z,2026-08-08T09:21:23+0200,a13a8e1c-07bb-4e38-addf-c4d0871b05cd,2026-07-15T20:45:00Z,2026-07-15T22:45:00+0200,5181.0,MW,ES,ES,forecast_onshore_wind_generation,Wind Onshore,2026-08-08T07:26:42Z
2026-08-08T07:21:23Z,2026-08-08T09:21:23+0200,a13a8e1c-07bb-4e38-addf-c4d0871b05cd,2026-07-15T21:00:00Z,2026-07-15T23:00:00+0200,5129.0,MW,ES,ES,forecast_onshore_wind_generation,Wind Onshore,2026-08-08T07:26:42Z
2026-08-08T07:21:23Z,2026-08-08T09:21:23+0200,a13a8e1c-07bb-4e38-addf-c4d0871b05cd,2026-07-15T21:15:00Z,2026-07-15T23:15:00+0200,5080.0,MW,ES,ES,forecast_onshore_wind_generation,Wind Onshore,2026-08-08T07:26:42Z
2026-08-08T07:21:23Z,2026-08-08T09:21:23+0200,a13a8e1c-07bb-4e38-addf-c4d0871b05cd,2026-07-15T21:30:00Z,2026-07-15T23:30:00+0200,5027.0,MW,ES,ES,forecast_onshore_wind_generation,Wind Onshore,2026-08-08T07:26:42Z
2026-08-08T07:21:23Z,2026-08-08T09:21:23+0200,a13a8e1c-07bb-4e38-addf-c4d0871b05cd,2026-07-15T21:45:00Z,2026-07-15T23:45:00+0200,4970.0,MW,ES,ES,forecast_onshore_wind_generation,Wind Onshore,2026-08-08T07:26:42Z
2026-08-08T07:21:23Z,2026-08-08T09:21:23+0200,a13a8e1c-07bb-4e38-addf-c4d0871b05cd,2026-07-15T22:00:00Z,2026-07-16T00:00:00+0200,4779.0,MW,ES,ES,forecast_onshore_wind_generation,Wind Onshore,2026-08-08T07:26:42Z
2026-08-08T07:21:23Z,2026-08-08T09:21:23+0200,a13a8e1c-07bb-4e38-addf-c4d0871b05cd,2026-07-15T22:15:00Z,2026-07-16T00:15:00+0200,4722.0,MW,ES,ES,forecast_onshore_wind_generation,Wind Onshore,2026-08-08T07:26:42Z
2026-08-08T07:21:23Z,2026-08-08T09:21:23+0200,a13a8e1c-07bb-4e38-addf-c4d0871b05cd,2026-07-15T22:30:00Z,2026-07-16T00:30:00+0200,4662.0,MW,ES,ES,forecast_onshore_wind_generation,Wind Onshore,2026-08-08T07:26:42Z
2026-08-08T07:21:23Z,2026-08-08T09:21:23+0200,a13a8e1c-07bb-4e38-addf-c4d0871b05cd,2026-07-15T22:45:00Z,2026-07-16T00:45:00+0200,4596.0,MW,ES,ES,forecast_onshore_wind_generation,Wind Onshore,2026-08-08T07:26:42Z
2026-08-08T07:21:23Z,2026-08-08T09:21:23+0200,a13a8e1c-07bb-4e38-addf-c4d0871b05cd,2026-07-15T23:00:00Z,2026-07-16T01:00:00+0200,4553.0,MW,ES,ES,forecast_onshore_wind_generation,Wind Onshore,2026-08-08T07:26:42Z
2026-08-08T07:21:23Z,2026-08-08T09:21:23+0200,a13a8e1c-07bb-4e38-addf-c4d0871b05cd,2026-07-15T23:15:00Z,2026-07-16T01:15:00+0200,4467.0,MW,ES,ES,forecast_onshore_wind_generation,Wind Onshore,2026-08-08T07:26:42Z
2026-08-08T07:21:23Z,2026-08-08T09:21:23+0200,a13a8e1c-07bb-4e38-addf-c4d0871b05cd,2026-07-15T23:30:00Z,2026-07-16T01:30:00+0200,4367.0,MW,ES,ES,forecast_onshore_wind_generation,Wind Onshore,2026-08-08T07:26:42Z
2026-08-08T07:21:23Z,2026-08-08T09:21:23+0200,a13a8e1c-07bb-4e38-addf-c4d0871b05cd,2026-07-15T23:45:00Z,2026-07-16T01:45:00+0200,4254.0,MW,ES,ES,forecast_onshore_wind_generation,Wind Onshore,2026-08-08T07:26:42Z
2026-08-08T07:21:23Z,2026-08-08T09:21:23+0200,a13a8e1c-07bb-4e38-addf-c4d0871b05cd,2026-07-16T00:00:00Z,2026-07-16T02:00:00+0200,4161.0,MW,ES,ES,forecast_onshore_wind_generation,Wind Onshore,2026-08-08T07:26:42Z
2026-08-08T07:21:23Z,2026-08-08T09:21:23+0200,a13a8e1c-07bb-4e38-addf-c4d0871b05cd,2026-07-16T00:15:00Z,2026-07-16T02:15:00+0200,4018.0,MW,ES,ES,forecast_onshore_wind_generation,Wind Onshore,2026-08-08T07:26:42Z
2026-08-08T07:21:23Z,2026-08-08T09:21:23+0200,a13a8e1c-07bb-4e38-addf-c4d0871b05cd,2026-07-16T00:30:00Z,2026-07-16T02:30:00+0200,3860.0,MW,ES,ES,forecast_onshore_wind_generation,Wind Onshore,2026-08-08T07:26:42Z
2026-08-08T07:21:23Z,2026-08-08T09:21:23+0200,a13a8e1c-07bb-4e38-addf-c4d0871b05cd,2026-07-16T00:45:00Z,2026-07-16T02:45:00+0200,3695.0,MW,ES,ES,forecast_onshore_wind_generation,Wind Onshore,2026-08-08T07:26:42Z
2026-08-08T07:21:23Z,2026-08-08T09:21:23+0200,a13a8e1c-07bb-4e38-addf-c4d0871b05cd,2026-07-16T01:00:00Z,2026-07-16T03:00:00+0200,3529.0,MW,ES,ES,forecast_onshore_wind_generation,Wind Onshore,2026-08-08T07:26:42Z
2026-08-08T07:21:23Z,2026-08-08T09:21:23+0200,a13a8e1c-07bb-4e38-addf-c4d0871b05cd,2026-07-16T01:15:00Z,2026-07-16T03:15:00+0200,3371.0,MW,ES,ES,forecast_onshore_wind_generation,Wind Onshore,2026-08-08T07:26:42Z
2026-08-08T07:21:23Z,2026-08-08T09:21:23+0200,a13a8e1c-07bb-4e38-addf-c4d0871b05cd,2026-07-16T01:30:00Z,2026-07-16T03:30:00+0200,3225.0,MW,ES,ES,forecast_onshore_wind_generation,Wind Onshore,2026-08-08T07:26:42Z
2026-08-08T07:21:23Z,2026-08-08T09:21:23+0200,a13a8e1c-07bb-4e38-addf-c4d0871b05cd,2026-07-16T01:45:00Z,2026-07-16T03:45:00+0200,3091.0,MW,ES,ES,forecast_onshore_wind_generation,Wind Onshore,2026-08-08T07:26:42Z
2026-08-08T07:21:23Z,2026-08-08T09:21:23+0200,a13a8e1c-07bb-4e38-addf-c4d0871b05cd,2026-07-16T02:00:00Z,2026-07-16T04:00:00+0200,2971.0,MW,ES,ES,forecast_onshore_wind_generation,Wind Onshore,2026-08-08T07:26:42Z
2026-08-08T07:21:23Z,2026-08-08T09:21:23+0200,a13a8e1c-07bb-4e38-addf-c4d0871b05cd,2026-07-16T02:15:00Z,2026-07-16T04:15:00+0200,2841.0,MW,ES,ES,forecast_onshore_wind_generation,Wind Onshore,2026-08-08T07:26:42Z
2026-08-08T07:21:23Z,2026-08-08T09:21:23+0200,a13a8e1c-07bb-4e38-addf-c4d0871b05cd,2026-07-16T02:30:00Z,2026-07-16T04:30:00+0200,2707.0,MW,ES,ES,forecast_onshore_wind_generation,Wind Onshore,2026-08-08T07:26:42Z
2026-08-08T07:21:23Z,2026-08-08T09:21:23+0200,a13a8e1c-07bb-4e38-addf-c4d0871b05cd,2026-07-16T02:45:00Z,2026-07-16T04:45:00+0200,2571.0,MW,ES,ES,forecast_onshore_wind_generation,Wind Onshore,2026-08-08T07:26:42Z
2026-08-08T07:21:23Z,2026-08-08T09:21:23+0200,a13a8e1c-07bb-4e38-addf-c4d0871b05cd,2026-07-16T03:00:00Z,2026-07-16T05:00:00+0200,2437.0,MW,ES,ES,forecast_onshore_wind_generation,Wind Onshore,2026-08-08T07:26:42Z
2026-08-08T07:21:23Z,2026-08-08T09:21:23+0200,a13a8e1c-07bb-4e38-addf-c4d0871b05cd,2026-07-16T03:15:00Z,2026-07-16T05:15:00+0200,2306.0,MW,ES,ES,forecast_onshore_wind_generation,Wind Onshore,2026-08-08T07:26:42Z
2026-08-08T07:21:23Z,2026-08-08T09:21:23+0200,a13a8e1c-07bb-4e38-addf-c4d0871b05cd,2026-07-16T03:30:00Z,2026-07-16T05:30:00+0200,2185.0,MW,ES,ES,forecast_onshore_wind_generation,Wind Onshore,2026-08-08T07:26:42Z
2026-08-08T07:21:23Z,2026-08-08T09:21:23+0200,a13a8e1c-07bb-4e38-addf-c4d0871b05cd,2026-07-16T03:45:00Z,2026-07-16T05:45:00+0200,2071.0,MW,ES,ES,forecast_onshore_wind_generation,Wind Onshore,2026-08-08T07:26:42Z
2026-08-08T07:21:23Z,2026-08-08T09:21:23+0200,a13a8e1c-07bb-4e38-addf-c4d0871b05cd,2026-07-16T04:00:00Z,2026-07-16T06:00:00+0200,1956.0,MW,ES,ES,forecast_onshore_wind_generation,Wind Onshore,2026-08-08T07:26:42Z
2026-08-08T07:21:23Z,2026-08-08T09:21:23+0200,a13a8e1c-07bb-4e38-addf-c4d0871b05cd,2026-07-16T04:15:00Z,2026-07-16T06:15:00+0200,1864.0,MW,ES,ES,forecast_onshore_wind_generation,Wind Onshore,2026-08-08T07:26:42Z
2026-08-08T07:21:23Z,2026-08-08T09:21:23+0200,a13a8e1c-07bb-4e38-addf-c4d0871b05cd,2026-07-16T04:30:00Z,2026-07-16T06:30:00+0200,1783.0,MW,ES,ES,forecast_onshore_wind_generation,Wind Onshore,2026-08-08T07:26:42Z
2026-08-08T07:21:23Z,2026-08-08T09:21:23+0200,a13a8e1c-07bb-4e38-addf-c4d0871b05cd,2026-07-16T04:45:00Z,2026-07-16T06:45:00+0200,1711.0,MW,ES,ES,forecast_onshore_wind_generation,Wind Onshore,2026-08-08T07:26:42Z
2026-08-08T07:21:23Z,2026-08-08T09:21:23+0200,a13a8e1c-07bb-4e38-addf-c4d0871b05cd,2026-07-16T05:00:00Z,2026-07-16T07:00:00+0200,1647.0,MW,ES,ES,forecast_onshore_wind_generation,Wind Onshore,2026-08-08T07:26:42Z
2026-08-08T07:21:23Z,2026-08-08T09:21:23+0200,a13a8e1c-07bb-4e38-addf-c4d0871b05cd,2026-07-16T05:15:00Z,2026-07-16T07:15:00+0200,1586.0,MW,ES,ES,forecast_onshore_wind_generation,Wind Onshore,2026-08-08T07:26:42Z
2026-08-08T07:21:23Z,2026-08-08T09:21:23+0200,a13a8e1c-07bb-4e38-addf-c4d0871b05cd,2026-07-16T05:30:00Z,2026-07-16T07:30:00+0200,1528.0,MW,ES,ES,forecast_onshore_wind_generation,Wind Onshore,2026-08-08T07:26:42Z
2026-08-08T07:21:23Z,2026-08-08T09:21:23+0200,a13a8e1c-07bb-4e38-addf-c4d0871b05cd,2026-07-16T05:45:00Z,2026-07-16T07:45:00+0200,1476.0,MW,ES,ES,forecast_onshore_wind_generation,Wind Onshore,2026-08-08T07:26:42Z
2026-08-08T07:21:23Z,2026-08-08T09:21:23+0200,a13a8e1c-07bb-4e38-addf-c4d0871b05cd,2026-07-16T06:00:00Z,2026-07-16T08:00:00+0200,1405.0,MW,ES,ES,forecast_onshore_wind_generation,Wind Onshore,2026-08-08T07:26:42Z
2026-08-08T07:21:23Z,2026-08-08T09:21:23+0200,a13a8e1c-07bb-4e38-addf-c4d0871b05cd,2026-07-16T06:15:00Z,2026-07-16T08:15:00+0200,1379.0,MW,ES,ES,forecast_onshore_wind_generation,Wind Onshore,2026-08-08T07:26:42Z
2026-08-08T07:21:23Z,2026-08-08T09:21:23+0200,a13a8e1c-07bb-4e38-addf-c4d0871b05cd,2026-07-16T06:30:00Z,2026-07-16T08:30:00+0200,1344.0,MW,ES,ES,forecast_onshore_wind_generation,Wind Onshore,2026-08-08T07:26:42Z
2026-08-08T07:21:23Z,2026-08-08T09:21:23+0200,a13a8e1c-07bb-4e38-addf-c4d0871b05cd,2026-07-16T06:45:00Z,2026-07-16T08:45:00+0200,1350.0,MW,ES,ES,forecast_onshore_wind_generation,Wind Onshore,2026-08-08T07:26:42Z
2026-08-08T07:21:23Z,2026-08-08T09:21:23+0200,a13a8e1c-07bb-4e38-addf-c4d0871b05cd,2026-07-16T07:00:00Z,2026-07-16T09:00:00+0200,1344.0,MW,ES,ES,forecast_onshore_wind_generation,Wind Onshore,2026-08-08T07:26:42Z
2026-08-08T07:21:23Z,2026-08-08T09:21:23+0200,a13a8e1c-07bb-4e38-addf-c4d0871b05cd,2026-07-16T07:15:00Z,2026-07-16T09:15:00+0200,1373.0,MW,ES,ES,forecast_onshore_wind_generation,Wind Onshore,2026-08-08T07:26:42Z
2026-08-08T07:21:23Z,2026-08-08T09:21:23+0200,a13a8e1c-07bb-4e38-addf-c4d0871b05cd,2026-07-16T07:30:00Z,2026-07-16T09:30:00+0200,1416.0,MW,ES,ES,forecast_onshore_wind_generation,Wind Onshore,2026-08-08T07:26:42Z
2026-08-08T07:21:23Z,2026-08-08T09:21:23+0200,a13a8e1c-07bb-4e38-addf-c4d0871b05cd,2026-07-16T07:45:00Z,2026-07-16T09:45:00+0200,1471.0,MW,ES,ES,forecast_onshore_wind_generation,Wind Onshore,2026-08-08T07:26:42Z
2026-08-08T07:21:23Z,2026-08-08T09:21:23+0200,a13a8e1c-07bb-4e38-addf-c4d0871b05cd,2026-07-16T08:00:00Z,2026-07-16T10:00:00+0200,1473.0,MW,ES,ES,forecast_onshore_wind_generation,Wind Onshore,2026-08-08T07:26:42Z
2026-08-08T07:21:23Z,2026-08-08T09:21:23+0200,a13a8e1c-07bb-4e38-addf-c4d0871b05cd,2026-07-16T08:15:00Z,2026-07-16T10:15:00+0200,1562.0,MW,ES,ES,forecast_onshore_wind_generation,Wind Onshore,2026-08-08T07:26:42Z
2026-08-08T07:21:23Z,2026-08-08T09:21:23+0200,a13a8e1c-07bb-4e38-addf-c4d0871b05cd,2026-07-16T08:30:00Z,2026-07-16T10:30:00+0200,1680.0,MW,ES,ES,forecast_onshore_wind_generation,Wind Onshore,2026-08-08T07:26:42Z
2026-08-08T07:21:23Z,2026-08-08T09:21:23+0200,a13a8e1c-07bb-4e38-addf-c4d0871b05cd,2026-07-16T08:45:00Z,2026-07-16T10:45:00+0200,1817.0,MW,ES,ES,forecast_onshore_wind_generation,Wind Onshore,2026-08-08T07:26:42Z
2026-08-08T07:21:23Z,2026-08-08T09:21:23+0200,a13a8e1c-07bb-4e38-addf-c4d0871b05cd,2026-07-16T09:00:00Z,2026-07-16T11:00:00+0200,1987.0,MW,ES,ES,forecast_onshore_wind_generation,Wind Onshore,2026-08-08T07:26:42Z
2026-08-08T07:21:23Z,2026-08-08T09:21:23+0200,a13a8e1c-07bb-4e38-addf-c4d0871b05cd,2026-07-16T09:15:00Z,2026-07-16T11:15:00+0200,2172.0,MW,ES,ES,forecast_onshore_wind_generation,Wind Onshore,2026-08-08T07:26:42Z
2026-08-08T07:21:23Z,2026-08-08T09:21:23+0200,a13a8e1c-07bb-4e38-addf-c4d0871b05cd,2026-07-16T09:30:00Z,2026-07-16T11:30:00+0200,2373.0,MW,ES,ES,forecast_onshore_wind_generation,Wind Onshore,2026-08-08T07:26:42Z
2026-08-08T07:21:23Z,2026-08-08T09:21:23+0200,a13a8e1c-07bb-4e38-addf-c4d0871b05cd,2026-07-16T09:45:00Z,2026-07-16T11:45:00+0200,2585.0,MW,ES,ES,forecast_onshore_wind_generation,Wind Onshore,2026-08-08T07:26:42Z
2026-08-08T07:21:23Z,2026-08-08T09:21:23+0200,a13a8e1c-07bb-4e38-addf-c4d0871b05cd,2026-07-16T10:00:00Z,2026-07-16T12:00:00+0200,2836.0,MW,ES,ES,forecast_onshore_wind_generation,Wind Onshore,2026-08-08T07:26:42Z
2026-08-08T07:21:23Z,2026-08-08T09:21:23+0200,a13a8e1c-07bb-4e38-addf-c4d0871b05cd,2026-07-16T10:15:00Z,2026-07-16T12:15:00+0200,3050.0,MW,ES,ES,forecast_onshore_wind_generation,Wind Onshore,2026-08-08T07:26:42Z
2026-08-08T07:21:23Z,2026-08-08T09:21:23+0200,a13a8e1c-07bb-4e38-addf-c4d0871b05cd,2026-07-16T10:30:00Z,2026-07-16T12:30:00+0200,3276.0,MW,ES,ES,forecast_onshore_wind_generation,Wind Onshore,2026-08-08T07:26:42Z
2026-08-08T07:21:23Z,2026-08-08T09:21:23+0200,a13a8e1c-07bb-4e38-addf-c4d0871b05cd,2026-07-16T10:45:00Z,2026-07-16T12:45:00+0200,3508.0,MW,ES,ES,forecast_onshore_wind_generation,Wind Onshore,2026-08-08T07:26:42Z
2026-08-08T07:21:23Z,2026-08-08T09:21:23+0200,a13a8e1c-07bb-4e38-addf-c4d0871b05cd,2026-07-16T11:00:00Z,2026-07-16T13:00:00+0200,3782.0,MW,ES,ES,forecast_onshore_wind_generation,Wind Onshore,2026-08-08T07:26:42Z
2026-08-08T07:21:23Z,2026-08-08T09:21:23+0200,a13a8e1c-07bb-4e38-addf-c4d0871b05cd,2026-07-16T11:15:00Z,2026-07-16T13:15:00+0200,4045.0,MW,ES,ES,forecast_onshore_wind_generation,Wind Onshore,2026-08-08T07:26:42Z
2026-08-08T07:21:23Z,2026-08-08T09:21:23+0200,a13a8e1c-07bb-4e38-addf-c4d0871b05cd,2026-07-16T11:30:00Z,2026-07-16T13:30:00+0200,4326.0,MW,ES,ES,forecast_onshore_wind_generation,Wind Onshore,2026-08-08T07:26:42Z
2026-08-08T07:21:23Z,2026-08-08T09:21:23+0200,a13a8e1c-07bb-4e38-addf-c4d0871b05cd,2026-07-16T11:45:00Z,2026-07-16T13:45:00+0200,4617.0,MW,ES,ES,forecast_onshore_wind_generation,Wind Onshore,2026-08-08T07:26:42Z
2026-08-08T07:21:23Z,2026-08-08T09:21:23+0200,a13a8e1c-07bb-4e38-addf-c4d0871b05cd,2026-07-16T12:00:00Z,2026-07-16T14:00:00+0200,4931.0,MW,ES,ES,forecast_onshore_wind_generation,Wind Onshore,2026-08-08T07:26:42Z
2026-08-08T07:21:23Z,2026-08-08T09:21:23+0200,a13a8e1c-07bb-4e38-addf-c4d0871b05cd,2026-07-16T12:15:00Z,2026-07-16T14:15:00+0200,5225.0,MW,ES,ES,forecast_onshore_wind_generation,Wind Onshore,2026-08-08T07:26:42Z
2026-08-08T07:21:23Z,2026-08-08T09:21:23+0200,a13a8e1c-07bb-4e38-addf-c4d0871b05cd,2026-07-16T12:30:00Z,2026-07-16T14:30:00+0200,5498.0,MW,ES,ES,forecast_onshore_wind_generation,Wind Onshore,2026-08-08T07:26:42Z
2026-08-08T07:21:23Z,2026-08-08T09:21:23+0200,a13a8e1c-07bb-4e38-addf-c4d0871b05cd,2026-07-16T12:45:00Z,2026-07-16T14:45:00+0200,5767.0,MW,ES,ES,forecast_onshore_wind_generation,Wind Onshore,2026-08-08T07:26:42Z
2026-08-08T07:21:23Z,2026-08-08T09:21:23+0200,a13a8e1c-07bb-4e38-addf-c4d0871b05cd,2026-07-16T13:00:00Z,2026-07-16T15:00:00+0200,6053.0,MW,ES,ES,forecast_onshore_wind_generation,Wind Onshore,2026-08-08T07:26:42Z
2026-08-08T07:21:23Z,2026-08-08T09:21:23+0200,a13a8e1c-07bb-4e38-addf-c4d0871b05cd,2026-07-16T13:15:00Z,2026-07-16T15:15:00+0200,6295.0,MW,ES,ES,forecast_onshore_wind_generation,Wind Onshore,2026-08-08T07:26:42Z
2026-08-08T07:21:23Z,2026-08-08T09:21:23+0200,a13a8e1c-07bb-4e38-addf-c4d0871b05cd,2026-07-16T13:30:00Z,2026-07-16T15:30:00+0200,6536.0,MW,ES,ES,forecast_onshore_wind_generation,Wind Onshore,2026-08-08T07:26:42Z
2026-08-08T07:21:23Z,2026-08-08T09:21:23+0200,a13a8e1c-07bb-4e38-addf-c4d0871b05cd,2026-07-16T13:45:00Z,2026-07-16T15:45:00+0200,6765.0,MW,ES,ES,forecast_onshore_wind_generation,Wind Onshore,2026-08-08T07:26:42Z
2026-08-08T07:21:23Z,2026-08-08T09:21:23+0200,a13a8e1c-07bb-4e38-addf-c4d0871b05cd,2026-07-16T14:00:00Z,2026-07-16T16:00:00+0200,6999.0,MW,ES,ES,forecast_onshore_wind_generation,Wind Onshore,2026-08-08T07:26:42Z
2026-08-08T07:21:23Z,2026-08-08T09:21:23+0200,a13a8e1c-07bb-4e38-addf-c4d0871b05cd,2026-07-16T14:15:00Z,2026-07-16T16:15:00+0200,7212.0,MW,ES,ES,forecast_onshore_wind_generation,Wind Onshore,2026-08-08T07:26:42Z
2026-08-08T07:21:23Z,2026-08-08T09:21:23+0200,a13a8e1c-07bb-4e38-addf-c4d0871b05cd,2026-07-16T14:30:00Z,2026-07-16T16:30:00+0200,7412.0,MW,ES,ES,forecast_onshore_wind_generation,Wind Onshore,2026-08-08T07:26:42Z
2026-08-08T07:21:23Z,2026-08-08T09:21:23+0200,a13a8e1c-07bb-4e38-addf-c4d0871b05cd,2026-07-16T14:45:00Z,2026-07-16T16:45:00+0200,7603.0,MW,ES,ES,forecast_onshore_wind_generation,Wind Onshore,2026-08-08T07:26:42Z
2026-08-08T07:21:23Z,2026-08-08T09:21:23+0200,a13a8e1c-07bb-4e38-addf-c4d0871b05cd,2026-07-16T15:00:00Z,2026-07-16T17:00:00+0200,7918.0,MW,ES,ES,forecast_onshore_wind_generation,Wind Onshore,2026-08-08T07:26:42Z
2026-08-08T07:21:23Z,2026-08-08T09:21:23+0200,a13a8e1c-07bb-4e38-addf-c4d0871b05cd,2026-07-16T15:15:00Z,2026-07-16T17:15:00+0200,8066.0,MW,ES,ES,forecast_onshore_wind_generation,Wind Onshore,2026-08-08T07:26:42Z
2026-08-08T07:21:23Z,2026-08-08T09:21:23+0200,a13a8e1c-07bb-4e38-addf-c4d0871b05cd,2026-07-16T15:30:00Z,2026-07-16T17:30:00+0200,8185.0,MW,ES,ES,forecast_onshore_wind_generation,Wind Onshore,2026-08-08T07:26:42Z
2026-08-08T07:21:23Z,2026-08-08T09:21:23+0200,a13a8e1c-07bb-4e38-addf-c4d0871b05cd,2026-07-16T15:45:00Z,2026-07-16T17:45:00+0200,8270.0,MW,ES,ES,forecast_onshore_wind_generation,Wind Onshore,2026-08-08T07:26:42Z
2026-08-08T07:21:23Z,2026-08-08T09:21:23+0200,a13a8e1c-07bb-4e38-addf-c4d0871b05cd,2026-07-16T16:00:00Z,2026-07-16T18:00:00+0200,7972.0,MW,ES,ES,forecast_onshore_wind_generation,Wind Onshore,2026-08-08T07:26:42Z
2026-08-08T07:21:23Z,2026-08-08T09:21:23+0200,a13a8e1c-07bb-4e38-addf-c4d0871b05cd,2026-07-16T16:15:00Z,2026-07-16T18:15:00+0200,7981.0,MW,ES,ES,forecast_onshore_wind_generation,Wind Onshore,2026-08-08T07:26:42Z
2026-08-08T07:21:23Z,2026-08-08T09:21:23+0200,a13a8e1c-07bb-4e38-addf-c4d0871b05cd,2026-07-16T16:30:00Z,2026-07-16T18:30:00+0200,7970.0,MW,ES,ES,forecast_onshore_wind_generation,Wind Onshore,2026-08-08T07:26:42Z
2026-08-08T07:21:23Z,2026-08-08T09:21:23+0200,a13a8e1c-07bb-4e38-addf-c4d0871b05cd,2026-07-16T16:45:00Z,2026-07-16T18:45:00+0200,7926.0,MW,ES,ES,forecast_onshore_wind_generation,Wind Onshore,2026-08-08T07:26:42Z
2026-08-08T07:21:23Z,2026-08-08T09:21:23+0200,a13a8e1c-07bb-4e38-addf-c4d0871b05cd,2026-07-16T17:00:00Z,2026-07-16T19:00:00+0200,8015.0,MW,ES,ES,forecast_onshore_wind_generation,Wind Onshore,2026-08-08T07:26:42Z
2026-08-08T07:21:23Z,2026-08-08T09:21:23+0200,a13a8e1c-07bb-4e38-addf-c4d0871b05cd,2026-07-16T17:15:00Z,2026-07-16T19:15:00+0200,7988.0,MW,ES,ES,forecast_onshore_wind_generation,Wind Onshore,2026-08-08T07:26:42Z
2026-08-08T07:21:23Z,2026-08-08T09:21:23+0200,a13a8e1c-07bb-4e38-addf-c4d0871b05cd,2026-07-16T17:30:00Z,2026-07-16T19:30:00+0200,7959.0,MW,ES,ES,forecast_onshore_wind_generation,Wind Onshore,2026-08-08T07:26:42Z
2026-08-08T07:21:23Z,2026-08-08T09:21:23+0200,a13a8e1c-07bb-4e38-addf-c4d0871b05cd,2026-07-16T17:45:00Z,2026-07-16T19:45:00+0200,7947.0,MW,ES,ES,forecast_onshore_wind_generation,Wind Onshore,2026-08-08T07:26:42Z
2026-08-08T07:21:23Z,2026-08-08T09:21:23+0200,a13a8e1c-07bb-4e38-addf-c4d0871b05cd,2026-07-16T18:00:00Z,2026-07-16T20:00:00+0200,8406.0,MW,ES,ES,forecast_onshore_wind_generation,Wind Onshore,2026-08-08T07:26:42Z
2026-08-08T07:21:23Z,2026-08-08T09:21:23+0200,a13a8e1c-07bb-4e38-addf-c4d0871b05cd,2026-07-16T18:15:00Z,2026-07-16T20:15:00+0200,8336.0,MW,ES,ES,forecast_onshore_wind_generation,Wind Onshore,2026-08-08T07:26:42Z
2026-08-08T07:21:23Z,2026-08-08T09:21:23+0200,a13a8e1c-07bb-4e38-addf-c4d0871b05cd,2026-07-16T18:30:00Z,2026-07-16T20:30:00+0200,8262.0,MW,ES,ES,forecast_onshore_wind_generation,Wind Onshore,2026-08-08T07:26:42Z
2026-08-08T07:21:23Z,2026-08-08T09:21:23+0200,a13a8e1c-07bb-4e38-addf-c4d0871b05cd,2026-07-16T18:45:00Z,2026-07-16T20:45:00+0200,8178.0,MW,ES,ES,forecast_onshore_wind_generation,Wind Onshore,2026-08-08T07:26:42Z
2026-08-08T07:21:23Z,2026-08-08T09:21:23+0200,a13a8e1c-07bb-4e38-addf-c4d0871b05cd,2026-07-16T19:00:00Z,2026-07-16T21:00:00+0200,8123.0,MW,ES,ES,forecast_onshore_wind_generation,Wind Onshore,2026-08-08T07:26:42Z
2026-08-08T07:21:23Z,2026-08-08T09:21:23+0200,a13a8e1c-07bb-4e38-addf-c4d0871b05cd,2026-07-16T19:15:00Z,2026-07-16T21:15:00+0200,8020.0,MW,ES,ES,forecast_onshore_wind_generation,Wind Onshore,2026-08-08T07:26:42Z
2026-08-08T07:21:23Z,2026-08-08T09:21:23+0200,a13a8e1c-07bb-4e38-addf-c4d0871b05cd,2026-07-16T19:30:00Z,2026-07-16T21:30:00+0200,7903.0,MW,ES,ES,forecast_onshore_wind_generation,Wind Onshore,2026-08-08T07:26:42Z
2026-08-08T07:21:23Z,2026-08-08T09:21:23+0200,a13a8e1c-07bb-4e38-addf-c4d0871b05cd,2026-07-16T19:45:00Z,2026-07-16T21:45:00+0200,7775.0,MW,ES,ES,forecast_onshore_wind_generation,Wind Onshore,2026-08-08T07:26:42Z
2026-08-08T07:21:23Z,2026-08-08T09:21:23+0200,a13a8e1c-07bb-4e38-addf-c4d0871b05cd,2026-07-16T20:00:00Z,2026-07-16T22:00:00+0200,7681.0,MW,ES,ES,forecast_onshore_wind_generation,Wind Onshore,2026-08-08T07:26:42Z
2026-08-08T07:21:23Z,2026-08-08T09:21:23+0200,a13a8e1c-07bb-4e38-addf-c4d0871b05cd,2026-07-16T20:15:00Z,2026-07-16T22:15:00+0200,7534.0,MW,ES,ES,forecast_onshore_wind_generation,Wind Onshore,2026-08-08T07:26:42Z
2026-08-08T07:21:23Z,2026-08-08T09:21:23+0200,a13a8e1c-07bb-4e38-addf-c4d0871b05cd,2026-07-16T20:30:00Z,2026-07-16T22:30:00+0200,7379.0,MW,ES,ES,forecast_onshore_wind_generation,Wind Onshore,2026-08-08T07:26:42Z
2026-08-08T07:21:23Z,2026-08-08T09:21:23+0200,a13a8e1c-07bb-4e38-addf-c4d0871b05cd,2026-07-16T20:45:00Z,2026-07-16T22:45:00+0200,7213.0,MW,ES,ES,forecast_onshore_wind_generation,Wind Onshore,2026-08-08T07:26:42Z
2026-08-08T07:21:23Z,2026-08-08T09:21:23+0200,a13a8e1c-07bb-4e38-addf-c4d0871b05cd,2026-07-16T21:00:00Z,2026-07-16T23:00:00+0200,7104.0,MW,ES,ES,forecast_onshore_wind_generation,Wind Onshore,2026-08-08T07:26:42Z
2026-08-08T07:21:23Z,2026-08-08T09:21:23+0200,a13a8e1c-07bb-4e38-addf-c4d0871b05cd,2026-07-16T21:15:00Z,2026-07-16T23:15:00+0200,6901.0,MW,ES,ES,forecast_onshore_wind_generation,Wind Onshore,2026-08-08T07:26:42Z
2026-08-08T07:21:23Z,2026-08-08T09:21:23+0200,a13a8e1c-07bb-4e38-addf-c4d0871b05cd,2026-07-16T21:30:00Z,2026-07-16T23:30:00+0200,6672.0,MW,ES,ES,forecast_onshore_wind_generation,Wind Onshore,2026-08-08T07:26:42Z
2026-08-08T07:21:23Z,2026-08-08T09:21:23+0200,a13a8e1c-07bb-4e38-addf-c4d0871b05cd,2026-07-16T21:45:00Z,2026-07-16T23:45:00+0200,6440.0,MW,ES,ES,forecast_onshore_wind_generation,Wind Onshore,2026-08-08T07:26:42Z
2026-08-08T07:21:23Z,2026-08-08T09:21:23+0200,a13a8e1c-07bb-4e38-addf-c4d0871b05cd,2026-07-16T22:00:00Z,2026-07-17T00:00:00+0200,6236.0,MW,ES,ES,forecast_onshore_wind_generation,Wind Onshore,2026-08-08T07:26:42Z
2026-08-08T07:21:23Z,2026-08-08T09:21:23+0200,a13a8e1c-07bb-4e38-addf-c4d0871b05cd,2026-07-16T22:15:00Z,2026-07-17T00:15:00+0200,6068.0,MW,ES,ES,forecast_onshore_wind_generation,Wind Onshore,2026-08-08T07:26:42Z
2026-08-08T07:21:23Z,2026-08-08T09:21:23+0200,a13a8e1c-07bb-4e38-addf-c4d0871b05cd,2026-07-16T22:30:00Z,2026-07-17T00:30:00+0200,5903.0,MW,ES,ES,forecast_onshore_wind_generation,Wind Onshore,2026-08-08T07:26:42Z
2026-08-08T07:21:23Z,2026-08-08T09:21:23+0200,a13a8e1c-07bb-4e38-addf-c4d0871b05cd,2026-07-16T22:45:00Z,2026-07-17T00:45:00+0200,5740.0,MW,ES,ES,forecast_onshore_wind_generation,Wind Onshore,2026-08-08T07:26:42Z
2026-08-08T07:21:23Z,2026-08-08T09:21:23+0200,a13a8e1c-07bb-4e38-addf-c4d0871b05cd,2026-07-16T23:00:00Z,2026-07-17T01:00:00+0200,5575.0,MW,ES,ES,forecast_onshore_wind_generation,Wind Onshore,2026-08-08T07:26:42Z
2026-08-08T07:21:23Z,2026-08-08T09:21:23+0200,a13a8e1c-07bb-4e38-addf-c4d0871b05cd,2026-07-16T23:15:00Z,2026-07-17T01:15:00+0200,5429.0,MW,ES,ES,forecast_onshore_wind_generation,Wind Onshore,2026-08-08T07:26:42Z
2026-08-08T07:21:23Z,2026-08-08T09:21:23+0200,a13a8e1c-07bb-4e38-addf-c4d0871b05cd,2026-07-16T23:30:00Z,2026-07-17T01:30:00+0200,5291.0,MW,ES,ES,forecast_onshore_wind_generation,Wind Onshore,2026-08-08T07:26:42Z
2026-08-08T07:21:23Z,2026-08-08T09:21:23+0200,a13a8e1c-07bb-4e38-addf-c4d0871b05cd,2026-07-16T23:45:00Z,2026-07-17T01:45:00+0200,5160.0,MW,ES,ES,forecast_onshore_wind_generation,Wind Onshore,2026-08-08T07:26:42Z
2026-08-08T07:21:23Z,2026-08-08T09:21:23+0200,a13a8e1c-07bb-4e38-addf-c4d0871b05cd,2026-07-17T00:00:00Z,2026-07-17T02:00:00+0200,5033.0,MW,ES,ES,forecast_onshore_wind_generation,Wind Onshore,2026-08-08T07:26:42Z
2026-08-08T07:21:23Z,2026-08-08T09:21:23+0200,a13a8e1c-07bb-4e38-addf-c4d0871b05cd,2026-07-17T00:15:00Z,2026-07-17T02:15:00+0200,4906.0,MW,ES,ES,forecast_onshore_wind_generation,Wind Onshore,2026-08-08T07:26:42Z
2026-08-08T07:21:23Z,2026-08-08T09:21:23+0200,a13a8e1c-07bb-4e38-addf-c4d0871b05cd,2026-07-17T00:30:00Z,2026-07-17T02:30:00+0200,4778.0,MW,ES,ES,forecast_onshore_wind_generation,Wind Onshore,2026-08-08T07:26:42Z
2026-08-08T07:21:23Z,2026-08-08T09:21:23+0200,a13a8e1c-07bb-4e38-addf-c4d0871b05cd,2026-07-17T00:45:00Z,2026-07-17T02:45:00+0200,4648.0,MW,ES,ES,forecast_onshore_wind_generation,Wind Onshore,2026-08-08T07:26:42Z
2026-08-08T07:21:23Z,2026-08-08T09:21:23+0200,a13a8e1c-07bb-4e38-addf-c4d0871b05cd,2026-07-17T01:00:00Z,2026-07-17T03:00:00+0200,4518.0,MW,ES,ES,forecast_onshore_wind_generation,Wind Onshore,2026-08-08T07:26:42Z
2026-08-08T07:21:23Z,2026-08-08T09:21:23+0200,a13a8e1c-07bb-4e38-addf-c4d0871b05cd,2026-07-17T01:15:00Z,2026-07-17T03:15:00+0200,4390.0,MW,ES,ES,forecast_onshore_wind_generation,Wind Onshore,2026-08-08T07:26:42Z
2026-08-08T07:21:23Z,2026-08-08T09:21:23+0200,a13a8e1c-07bb-4e38-addf-c4d0871b05cd,2026-07-17T01:30:00Z,2026-07-17T03:30:00+0200,4267.0,MW,ES,ES,forecast_onshore_wind_generation,Wind Onshore,2026-08-08T07:26:42Z
2026-08-08T07:21:23Z,2026-08-08T09:21:23+0200,a13a8e1c-07bb-4e38-addf-c4d0871b05cd,2026-07-17T01:45:00Z,2026-07-17T03:45:00+0200,4145.0,MW,ES,ES,forecast_onshore_wind_generation,Wind Onshore,2026-08-08T07:26:42Z
2026-08-08T07:21:23Z,2026-08-08T09:21:23+0200,a13a8e1c-07bb-4e38-addf-c4d0871b05cd,2026-07-17T02:00:00Z,2026-07-17T04:00:00+0200,4028.0,MW,ES,ES,forecast_onshore_wind_generation,Wind Onshore,2026-08-08T07:26:42Z
2026-08-08T07:21:23Z,2026-08-08T09:21:23+0200,a13a8e1c-07bb-4e38-addf-c4d0871b05cd,2026-07-17T02:15:00Z,2026-07-17T04:15:00+0200,3908.0,MW,ES,ES,forecast_onshore_wind_generation,Wind Onshore,2026-08-08T07:26:42Z
2026-08-08T07:21:23Z,2026-08-08T09:21:23+0200,a13a8e1c-07bb-4e38-addf-c4d0871b05cd,2026-07-17T02:30:00Z,2026-07-17T04:30:00+0200,3787.0,MW,ES,ES,forecast_onshore_wind_generation,Wind Onshore,2026-08-08T07:26:42Z
2026-08-08T07:21:23Z,2026-08-08T09:21:23+0200,a13a8e1c-07bb-4e38-addf-c4d0871b05cd,2026-07-17T02:45:00Z,2026-07-17T04:45:00+0200,3666.0,MW,ES,ES,forecast_onshore_wind_generation,Wind Onshore,2026-08-08T07:26:42Z
2026-08-08T07:21:23Z,2026-08-08T09:21:23+0200,a13a8e1c-07bb-4e38-addf-c4d0871b05cd,2026-07-17T03:00:00Z,2026-07-17T05:00:00+0200,3550.0,MW,ES,ES,forecast_onshore_wind_generation,Wind Onshore,2026-08-08T07:26:42Z
2026-08-08T07:21:23Z,2026-08-08T09:21:23+0200,a13a8e1c-07bb-4e38-addf-c4d0871b05cd,2026-07-17T03:15:00Z,2026-07-17T05:15:00+0200,3431.0,MW,ES,ES,forecast_onshore_wind_generation,Wind Onshore,2026-08-08T07:26:42Z
2026-08-08T07:21:23Z,2026-08-08T09:21:23+0200,a13a8e1c-07bb-4e38-addf-c4d0871b05cd,2026-07-17T03:30:00Z,2026-07-17T05:30:00+0200,3315.0,MW,ES,ES,forecast_onshore_wind_generation,Wind Onshore,2026-08-08T07:26:42Z
2026-08-08T07:21:23Z,2026-08-08T09:21:23+0200,a13a8e1c-07bb-4e38-addf-c4d0871b05cd,2026-07-17T03:45:00Z,2026-07-17T05:45:00+0200,3199.0,MW,ES,ES,forecast_onshore_wind_generation,Wind Onshore,2026-08-08T07:26:42Z
2026-08-08T07:21:23Z,2026-08-08T09:21:23+0200,a13a8e1c-07bb-4e38-addf-c4d0871b05cd,2026-07-17T04:00:00Z,2026-07-17T06:00:00+0200,3101.0,MW,ES,ES,forecast_onshore_wind_generation,Wind Onshore,2026-08-08T07:26:42Z
2026-08-08T07:21:23Z,2026-08-08T09:21:23+0200,a13a8e1c-07bb-4e38-addf-c4d0871b05cd,2026-07-17T04:15:00Z,2026-07-17T06:15:00+0200,2977.0,MW,ES,ES,forecast_onshore_wind_generation,Wind Onshore,2026-08-08T07:26:42Z
2026-08-08T07:21:23Z,2026-08-08T09:21:23+0200,a13a8e1c-07bb-4e38-addf-c4d0871b05cd,2026-07-17T04:30:00Z,2026-07-17T06:30:00+0200,2847.0,MW,ES,ES,forecast_onshore_wind_generation,Wind Onshore,2026-08-08T07:26:42Z
2026-08-08T07:21:23Z,2026-08-08T09:21:23+0200,a13a8e1c-07bb-4e38-addf-c4d0871b05cd,2026-07-17T04:45:00Z,2026-07-17T06:45:00+0200,2710.0,MW,ES,ES,forecast_onshore_wind_generation,Wind Onshore,2026-08-08T07:26:42Z
2026-08-08T07:21:23Z,2026-08-08T09:21:23+0200,a13a8e1c-07bb-4e38-addf-c4d0871b05cd,2026-07-17T05:00:00Z,2026-07-17T07:00:00+0200,2590.0,MW,ES,ES,forecast_onshore_wind_generation,Wind Onshore,2026-08-08T07:26:42Z
2026-08-08T07:21:23Z,2026-08-08T09:21:23+0200,a13a8e1c-07bb-4e38-addf-c4d0871b05cd,2026-07-17T05:15:00Z,2026-07-17T07:15:00+0200,2442.0,MW,ES,ES,forecast_onshore_wind_generation,Wind Onshore,2026-08-08T07:26:42Z
2026-08-08T07:21:23Z,2026-08-08T09:21:23+0200,a13a8e1c-07bb-4e38-addf-c4d0871b05cd,2026-07-17T05:30:00Z,2026-07-17T07:30:00+0200,2292.0,MW,ES,ES,forecast_onshore_wind_generation,Wind Onshore,2026-08-08T07:26:42Z
2026-08-08T07:21:23Z,2026-08-08T09:21:23+0200,a13a8e1c-07bb-4e38-addf-c4d0871b05cd,2026-07-17T05:45:00Z,2026-07-17T07:45:00+0200,2142.0,MW,ES,ES,forecast_onshore_wind_generation,Wind Onshore,2026-08-08T07:26:42Z
2026-08-08T07:21:23Z,2026-08-08T09:21:23+0200,a13a8e1c-07bb-4e38-addf-c4d0871b05cd,2026-07-17T06:00:00Z,2026-07-17T08:00:00+0200,1990.0,MW,ES,ES,forecast_onshore_wind_generation,Wind Onshore,2026-08-08T07:26:42Z
2026-08-08T07:21:23Z,2026-08-08T09:21:23+0200,a13a8e1c-07bb-4e38-addf-c4d0871b05cd,2026-07-17T06:15:00Z,2026-07-17T08:15:00+0200,1831.0,MW,ES,ES,forecast_onshore_wind_generation,Wind Onshore,2026-08-08T07:26:42Z
2026-08-08T07:21:23Z,2026-08-08T09:21:23+0200,a13a8e1c-07bb-4e38-addf-c4d0871b05cd,2026-07-17T06:30:00Z,2026-07-17T08:30:00+0200,1709.0,MW,ES,ES,forecast_onshore_wind_generation,Wind Onshore,2026-08-08T07:26:42Z
2026-08-08T07:21:23Z,2026-08-08T09:21:23+0200,a13a8e1c-07bb-4e38-addf-c4d0871b05cd,2026-07-17T06:45:00Z,2026-07-17T08:45:00+0200,1601.0,MW,ES,ES,forecast_onshore_wind_generation,Wind Onshore,2026-08-08T07:26:42Z
2026-08-08T07:21:23Z,2026-08-08T09:21:23+0200,a13a8e1c-07bb-4e38-addf-c4d0871b05cd,2026-07-17T07:00:00Z,2026-07-17T09:00:00+0200,1460.0,MW,ES,ES,forecast_onshore_wind_generation,Wind Onshore,2026-08-08T07:26:42Z
2026-08-08T07:21:23Z,2026-08-08T09:21:23+0200,a13a8e1c-07bb-4e38-addf-c4d0871b05cd,2026-07-17T07:15:00Z,2026-07-17T09:15:00+0200,1387.0,MW,ES,ES,forecast_onshore_wind_generation,Wind Onshore,2026-08-08T07:26:42Z
2026-08-08T07:21:23Z,2026-08-08T09:21:23+0200,a13a8e1c-07bb-4e38-addf-c4d0871b05cd,2026-07-17T07:30:00Z,2026-07-17T09:30:00+0200,1326.0,MW,ES,ES,forecast_onshore_wind_generation,Wind Onshore,2026-08-08T07:26:42Z
2026-08-08T07:21:23Z,2026-08-08T09:21:23+0200,a13a8e1c-07bb-4e38-addf-c4d0871b05cd,2026-07-17T07:45:00Z,2026-07-17T09:45:00+0200,1274.0,MW,ES,ES,forecast_onshore_wind_generation,Wind Onshore,2026-08-08T07:26:42Z
2026-08-08T07:21:23Z,2026-08-08T09:21:23+0200,a13a8e1c-07bb-4e38-addf-c4d0871b05cd,2026-07-17T08:00:00Z,2026-07-17T10:00:00+0200,1220.0,MW,ES,ES,forecast_onshore_wind_generation,Wind Onshore,2026-08-08T07:26:42Z
2026-08-08T07:21:23Z,2026-08-08T09:21:23+0200,a13a8e1c-07bb-4e38-addf-c4d0871b05cd,2026-07-17T08:15:00Z,2026-07-17T10:15:00+0200,1207.0,MW,ES,ES,forecast_onshore_wind_generation,Wind Onshore,2026-08-08T07:26:42Z
2026-08-08T07:21:23Z,2026-08-08T09:21:23+0200,a13a8e1c-07bb-4e38-addf-c4d0871b05cd,2026-07-17T08:30:00Z,2026-07-17T10:30:00+0200,1205.0,MW,ES,ES,forecast_onshore_wind_generation,Wind Onshore,2026-08-08T07:26:42Z
2026-08-08T07:21:23Z,2026-08-08T09:21:23+0200,a13a8e1c-07bb-4e38-addf-c4d0871b05cd,2026-07-17T08:45:00Z,2026-07-17T10:45:00+0200,1218.0,MW,ES,ES,forecast_onshore_wind_generation,Wind Onshore,2026-08-08T07:26:42Z
2026-08-08T07:21:23Z,2026-08-08T09:21:23+0200,a13a8e1c-07bb-4e38-addf-c4d0871b05cd,2026-07-17T09:00:00Z,2026-07-17T11:00:00+0200,1156.0,MW,ES,ES,forecast_onshore_wind_generation,Wind Onshore,2026-08-08T07:26:42Z
2026-08-08T07:21:23Z,2026-08-08T09:21:23+0200,a13a8e1c-07bb-4e38-addf-c4d0871b05cd,2026-07-17T09:15:00Z,2026-07-17T11:15:00+0200,1204.0,MW,ES,ES,forecast_onshore_wind_generation,Wind Onshore,2026-08-08T07:26:42Z
2026-08-08T07:21:23Z,2026-08-08T09:21:23+0200,a13a8e1c-07bb-4e38-addf-c4d0871b05cd,2026-07-17T09:30:00Z,2026-07-17T11:30:00+0200,1274.0,MW,ES,ES,forecast_onshore_wind_generation,Wind Onshore,2026-08-08T07:26:42Z
2026-08-08T07:21:23Z,2026-08-08T09:21:23+0200,a13a8e1c-07bb-4e38-addf-c4d0871b05cd,2026-07-17T09:45:00Z,2026-07-17T11:45:00+0200,1360.0,MW,ES,ES,forecast_onshore_wind_generation,Wind Onshore,2026-08-08T07:26:42Z
2026-08-08T07:21:23Z,2026-08-08T09:21:23+0200,a13a8e1c-07bb-4e38-addf-c4d0871b05cd,2026-07-17T10:00:00Z,2026-07-17T12:00:00+0200,1412.0,MW,ES,ES,forecast_onshore_wind_generation,Wind Onshore,2026-08-08T07:26:42Z
2026-08-08T07:21:23Z,2026-08-08T09:21:23+0200,a13a8e1c-07bb-4e38-addf-c4d0871b05cd,2026-07-17T10:15:00Z,2026-07-17T12:15:00+0200,1516.0,MW,ES,ES,forecast_onshore_wind_generation,Wind Onshore,2026-08-08T07:26:42Z
2026-08-08T07:21:23Z,2026-08-08T09:21:23+0200,a13a8e1c-07bb-4e38-addf-c4d0871b05cd,2026-07-17T10:30:00Z,2026-07-17T12:30:00+0200,1624.0,MW,ES,ES,forecast_onshore_wind_generation,Wind Onshore,2026-08-08T07:26:42Z
2026-08-08T07:21:23Z,2026-08-08T09:21:23+0200,a13a8e1c-07bb-4e38-addf-c4d0871b05cd,2026-07-17T10:45:00Z,2026-07-17T12:45:00+0200,1739.0,MW,ES,ES,forecast_onshore_wind_generation,Wind Onshore,2026-08-08T07:26:42Z
2026-08-08T07:21:23Z,2026-08-08T09:21:23+0200,a13a8e1c-07bb-4e38-addf-c4d0871b05cd,2026-07-17T11:00:00Z,2026-07-17T13:00:00+0200,1853.0,MW,ES,ES,forecast_onshore_wind_generation,Wind Onshore,2026-08-08T07:26:42Z
2026-08-08T07:21:23Z,2026-08-08T09:21:23+0200,a13a8e1c-07bb-4e38-addf-c4d0871b05cd,2026-07-17T11:15:00Z,2026-07-17T13:15:00+0200,1987.0,MW,ES,ES,forecast_onshore_wind_generation,Wind Onshore,2026-08-08T07:26:42Z
2026-08-08T07:21:23Z,2026-08-08T09:21:23+0200,a13a8e1c-07bb-4e38-addf-c4d0871b05cd,2026-07-17T11:30:00Z,2026-07-17T13:30:00+0200,2132.0,MW,ES,ES,forecast_onshore_wind_generation,Wind Onshore,2026-08-08T07:26:42Z
2026-08-08T07:21:23Z,2026-08-08T09:21:23+0200,a13a8e1c-07bb-4e38-addf-c4d0871b05cd,2026-07-17T11:45:00Z,2026-07-17T13:45:00+0200,2287.0,MW,ES,ES,forecast_onshore_wind_generation,Wind Onshore,2026-08-08T07:26:42Z
2026-08-08T07:21:23Z,2026-08-08T09:21:23+0200,a13a8e1c-07bb-4e38-addf-c4d0871b05cd,2026-07-17T12:00:00Z,2026-07-17T14:00:00+0200,2471.0,MW,ES,ES,forecast_onshore_wind_generation,Wind Onshore,2026-08-08T07:26:42Z
2026-08-08T07:21:23Z,2026-08-08T09:21:23+0200,a13a8e1c-07bb-4e38-addf-c4d0871b05cd,2026-07-17T12:15:00Z,2026-07-17T14:15:00+0200,2645.0,MW,ES,ES,forecast_onshore_wind_generation,Wind Onshore,2026-08-08T07:26:42Z
2026-08-08T07:21:23Z,2026-08-08T09:21:23+0200,a13a8e1c-07bb-4e38-addf-c4d0871b05cd,2026-07-17T12:30:00Z,2026-07-17T14:30:00+0200,2824.0,MW,ES,ES,forecast_onshore_wind_generation,Wind Onshore,2026-08-08T07:26:42Z
2026-08-08T07:21:23Z,2026-08-08T09:21:23+0200,a13a8e1c-07bb-4e38-addf-c4d0871b05cd,2026-07-17T12:45:00Z,2026-07-17T14:45:00+0200,3010.0,MW,ES,ES,forecast_onshore_wind_generation,Wind Onshore,2026-08-08T07:26:42Z
2026-08-08T07:21:23Z,2026-08-08T09:21:23+0200,a13a8e1c-07bb-4e38-addf-c4d0871b05cd,2026-07-17T13:00:00Z,2026-07-17T15:00:00+0200,3208.0,MW,ES,ES,forecast_onshore_wind_generation,Wind Onshore,2026-08-08T07:26:42Z
2026-08-08T07:21:23Z,2026-08-08T09:21:23+0200,a13a8e1c-07bb-4e38-addf-c4d0871b05cd,2026-07-17T13:15:00Z,2026-07-17T15:15:00+0200,3393.0,MW,ES,ES,forecast_onshore_wind_generation,Wind Onshore,2026-08-08T07:26:42Z
2026-08-08T07:21:23Z,2026-08-08T09:21:23+0200,a13a8e1c-07bb-4e38-addf-c4d0871b05cd,2026-07-17T13:30:00Z,2026-07-17T15:30:00+0200,3574.0,MW,ES,ES,forecast_onshore_wind_generation,Wind Onshore,2026-08-08T07:26:42Z
2026-08-08T07:21:23Z,2026-08-08T09:21:23+0200,a13a8e1c-07bb-4e38-addf-c4d0871b05cd,2026-07-17T13:45:00Z,2026-07-17T15:45:00+0200,3752.0,MW,ES,ES,forecast_onshore_wind_generation,Wind Onshore,2026-08-08T07:26:42Z
2026-08-08T07:21:23Z,2026-08-08T09:21:23+0200,a13a8e1c-07bb-4e38-addf-c4d0871b05cd,2026-07-17T14:00:00Z,2026-07-17T16:00:00+0200,3999.0,MW,ES,ES,forecast_onshore_wind_generation,Wind Onshore,2026-08-08T07:26:42Z
2026-08-08T07:21:23Z,2026-08-08T09:21:23+0200,a13a8e1c-07bb-4e38-addf-c4d0871b05cd,2026-07-17T14:15:00Z,2026-07-17T16:15:00+0200,4172.0,MW,ES,ES,forecast_onshore_wind_generation,Wind Onshore,2026-08-08T07:26:42Z
2026-08-08T07:21:23Z,2026-08-08T09:21:23+0200,a13a8e1c-07bb-4e38-addf-c4d0871b05cd,2026-07-17T14:30:00Z,2026-07-17T16:30:00+0200,4344.0,MW,ES,ES,forecast_onshore_wind_generation,Wind Onshore,2026-08-08T07:26:42Z
2026-08-08T07:21:23Z,2026-08-08T09:21:23+0200,a13a8e1c-07bb-4e38-addf-c4d0871b05cd,2026-07-17T14:45:00Z,2026-07-17T16:45:00+0200,4511.0,MW,ES,ES,forecast_onshore_wind_generation,Wind Onshore,2026-08-08T07:26:42Z
2026-08-08T07:21:23Z,2026-08-08T09:21:23+0200,a13a8e1c-07bb-4e38-addf-c4d0871b05cd,2026-07-17T15:00:00Z,2026-07-17T17:00:00+0200,4751.0,MW,ES,ES,forecast_onshore_wind_generation,Wind Onshore,2026-08-08T07:26:42Z
2026-08-08T07:21:23Z,2026-08-08T09:21:23+0200,a13a8e1c-07bb-4e38-addf-c4d0871b05cd,2026-07-17T15:15:00Z,2026-07-17T17:15:00+0200,4899.0,MW,ES,ES,forecast_onshore_wind_generation,Wind Onshore,2026-08-08T07:26:42Z
2026-08-08T07:21:23Z,2026-08-08T09:21:23+0200,a13a8e1c-07bb-4e38-addf-c4d0871b05cd,2026-07-17T15:30:00Z,2026-07-17T17:30:00+0200,5021.0,MW,ES,ES,forecast_onshore_wind_generation,Wind Onshore,2026-08-08T07:26:42Z
2026-08-08T07:21:23Z,2026-08-08T09:21:23+0200,a13a8e1c-07bb-4e38-addf-c4d0871b05cd,2026-07-17T15:45:00Z,2026-07-17T17:45:00+0200,5125.0,MW,ES,ES,forecast_onshore_wind_generation,Wind Onshore,2026-08-08T07:26:42Z
2026-08-08T07:21:23Z,2026-08-08T09:21:23+0200,a13a8e1c-07bb-4e38-addf-c4d0871b05cd,2026-07-17T16:00:00Z,2026-07-17T18:00:00+0200,5263.0,MW,ES,ES,forecast_onshore_wind_generation,Wind Onshore,2026-08-08T07:26:42Z
2026-08-08T07:21:23Z,2026-08-08T09:21:23+0200,a13a8e1c-07bb-4e38-addf-c4d0871b05cd,2026-07-17T16:15:00Z,2026-07-17T18:15:00+0200,5336.0,MW,ES,ES,forecast_onshore_wind_generation,Wind Onshore,2026-08-08T07:26:42Z
2026-08-08T07:21:23Z,2026-08-08T09:21:23+0200,a13a8e1c-07bb-4e38-addf-c4d0871b05cd,2026-07-17T16:30:00Z,2026-07-17T18:30:00+0200,5401.0,MW,ES,ES,forecast_onshore_wind_generation,Wind Onshore,2026-08-08T07:26:42Z
2026-08-08T07:21:23Z,2026-08-08T09:21:23+0200,a13a8e1c-07bb-4e38-addf-c4d0871b05cd,2026-07-17T16:45:00Z,2026-07-17T18:45:00+0200,5471.0,MW,ES,ES,forecast_onshore_wind_generation,Wind Onshore,2026-08-08T07:26:42Z
2026-08-08T07:21:23Z,2026-08-08T09:21:23+0200,a13a8e1c-07bb-4e38-addf-c4d0871b05cd,2026-07-17T17:00:00Z,2026-07-17T19:00:00+0200,5562.0,MW,ES,ES,forecast_onshore_wind_generation,Wind Onshore,2026-08-08T07:26:42Z
2026-08-08T07:21:23Z,2026-08-08T09:21:23+0200,a13a8e1c-07bb-4e38-addf-c4d0871b05cd,2026-07-17T17:15:00Z,2026-07-17T19:15:00+0200,5658.0,MW,ES,ES,forecast_onshore_wind_generation,Wind Onshore,2026-08-08T07:26:42Z
2026-08-08T07:21:23Z,2026-08-08T09:21:23+0200,a13a8e1c-07bb-4e38-addf-c4d0871b05cd,2026-07-17T17:30:00Z,2026-07-17T19:30:00+0200,5758.0,MW,ES,ES,forecast_onshore_wind_generation,Wind Onshore,2026-08-08T07:26:42Z
2026-08-08T07:21:23Z,2026-08-08T09:21:23+0200,a13a8e1c-07bb-4e38-addf-c4d0871b05cd,2026-07-17T17:45:00Z,2026-07-17T19:45:00+0200,5892.0,MW,ES,ES,forecast_onshore_wind_generation,Wind Onshore,2026-08-08T07:26:42Z
2026-08-08T07:21:23Z,2026-08-08T09:21:23+0200,a13a8e1c-07bb-4e38-addf-c4d0871b05cd,2026-07-17T18:00:00Z,2026-07-17T20:00:00+0200,6309.0,MW,ES,ES,forecast_onshore_wind_generation,Wind Onshore,2026-08-08T07:26:42Z
2026-08-08T07:21:23Z,2026-08-08T09:21:23+0200,a13a8e1c-07bb-4e38-addf-c4d0871b05cd,2026-07-17T18:15:00Z,2026-07-17T20:15:00+0200,6440.0,MW,ES,ES,forecast_onshore_wind_generation,Wind Onshore,2026-08-08T07:26:42Z
2026-08-08T07:21:23Z,2026-08-08T09:21:23+0200,a13a8e1c-07bb-4e38-addf-c4d0871b05cd,2026-07-17T18:30:00Z,2026-07-17T20:30:00+0200,6575.0,MW,ES,ES,forecast_onshore_wind_generation,Wind Onshore,2026-08-08T07:26:42Z
2026-08-08T07:21:23Z,2026-08-08T09:21:23+0200,a13a8e1c-07bb-4e38-addf-c4d0871b05cd,2026-07-17T18:45:00Z,2026-07-17T20:45:00+0200,6711.0,MW,ES,ES,forecast_onshore_wind_generation,Wind Onshore,2026-08-08T07:26:42Z
2026-08-08T07:21:23Z,2026-08-08T09:21:23+0200,a13a8e1c-07bb-4e38-addf-c4d0871b05cd,2026-07-17T19:00:00Z,2026-07-17T21:00:00+0200,6923.0,MW,ES,ES,forecast_onshore_wind_generation,Wind Onshore,2026-08-08T07:26:42Z
2026-08-08T07:21:23Z,2026-08-08T09:21:23+0200,a13a8e1c-07bb-4e38-addf-c4d0871b05cd,2026-07-17T19:15:00Z,2026-07-17T21:15:00+0200,7050.0,MW,ES,ES,forecast_onshore_wind_generation,Wind Onshore,2026-08-08T07:26:42Z
2026-08-08T07:21:23Z,2026-08-08T09:21:23+0200,a13a8e1c-07bb-4e38-addf-c4d0871b05cd,2026-07-17T19:30:00Z,2026-07-17T21:30:00+0200,7169.0,MW,ES,ES,forecast_onshore_wind_generation,Wind Onshore,2026-08-08T07:26:42Z
2026-08-08T07:21:23Z,2026-08-08T09:21:23+0200,a13a8e1c-07bb-4e38-addf-c4d0871b05cd,2026-07-17T19:45:00Z,2026-07-17T21:45:00+0200,7276.0,MW,ES,ES,forecast_onshore_wind_generation,Wind Onshore,2026-08-08T07:26:42Z
2026-08-08T07:21:23Z,2026-08-08T09:21:23+0200,a13a8e1c-07bb-4e38-addf-c4d0871b05cd,2026-07-17T20:00:00Z,2026-07-17T22:00:00+0200,7423.0,MW,ES,ES,forecast_onshore_wind_generation,Wind Onshore,2026-08-08T07:26:42Z
2026-08-08T07:21:23Z,2026-08-08T09:21:23+0200,a13a8e1c-07bb-4e38-addf-c4d0871b05cd,2026-07-17T20:15:00Z,2026-07-17T22:15:00+0200,7500.0,MW,ES,ES,forecast_onshore_wind_generation,Wind Onshore,2026-08-08T07:26:42Z
2026-08-08T07:21:23Z,2026-08-08T09:21:23+0200,a13a8e1c-07bb-4e38-addf-c4d0871b05cd,2026-07-17T20:30:00Z,2026-07-17T22:30:00+0200,7557.0,MW,ES,ES,forecast_onshore_wind_generation,Wind Onshore,2026-08-08T07:26:42Z
2026-08-08T07:21:23Z,2026-08-08T09:21:23+0200,a13a8e1c-07bb-4e38-addf-c4d0871b05cd,2026-07-17T20:45:00Z,2026-07-17T22:45:00+0200,7596.0,MW,ES,ES,forecast_onshore_wind_generation,Wind Onshore,2026-08-08T07:26:42Z
2026-08-08T07:21:23Z,2026-08-08T09:21:23+0200,a13a8e1c-07bb-4e38-addf-c4d0871b05cd,2026-07-17T21:00:00Z,2026-07-17T23:00:00+0200,7645.0,MW,ES,ES,forecast_onshore_wind_generation,Wind Onshore,2026-08-08T07:26:42Z
2026-08-08T07:21:23Z,2026-08-08T09:21:23+0200,a13a8e1c-07bb-4e38-addf-c4d0871b05cd,2026-07-17T21:15:00Z,2026-07-17T23:15:00+0200,7655.0,MW,ES,ES,forecast_onshore_wind_generation,Wind Onshore,2026-08-08T07:26:42Z
2026-08-08T07:21:23Z,2026-08-08T09:21:23+0200,a13a8e1c-07bb-4e38-addf-c4d0871b05cd,2026-07-17T21:30:00Z,2026-07-17T23:30:00+0200,7653.0,MW,ES,ES,forecast_onshore_wind_generation,Wind Onshore,2026-08-08T07:26:42Z
2026-08-08T07:21:23Z,2026-08-08T09:21:23+0200,a13a8e1c-07bb-4e38-addf-c4d0871b05cd,2026-07-17T21:45:00Z,2026-07-17T23:45:00+0200,7639.0,MW,ES,ES,forecast_onshore_wind_generation,Wind Onshore,2026-08-08T07:26:42Z
2026-08-08T07:21:23Z,2026-08-08T09:21:23+0200,a13a8e1c-07bb-4e38-addf-c4d0871b05cd,2026-07-17T22:00:00Z,2026-07-18T00:00:00+0200,7666.0,MW,ES,ES,forecast_onshore_wind_generation,Wind Onshore,2026-08-08T07:26:42Z
2026-08-08T07:21:23Z,2026-08-08T09:21:23+0200,a13a8e1c-07bb-4e38-addf-c4d0871b05cd,2026-07-17T22:15:00Z,2026-07-18T00:15:00+0200,7641.0,MW,ES,ES,forecast_onshore_wind_generation,Wind Onshore,2026-08-08T07:26:42Z
2026-08-08T07:21:23Z,2026-08-08T09:21:23+0200,a13a8e1c-07bb-4e38-addf-c4d0871b05cd,2026-07-17T22:30:00Z,2026-07-18T00:30:00+0200,7583.0,MW,ES,ES,forecast_onshore_wind_generation,Wind Onshore,2026-08-08T07:26:42Z
2026-08-08T07:21:23Z,2026-08-08T09:21:23+0200,a13a8e1c-07bb-4e38-addf-c4d0871b05cd,2026-07-17T22:45:00Z,2026-07-18T00:45:00+0200,7499.0,MW,ES,ES,forecast_onshore_wind_generation,Wind Onshore,2026-08-08T07:26:42Z
2026-08-08T07:21:23Z,2026-08-08T09:21:23+0200,a13a8e1c-07bb-4e38-addf-c4d0871b05cd,2026-07-17T23:00:00Z,2026-07-18T01:00:00+0200,7405.0,MW,ES,ES,forecast_onshore_wind_generation,Wind Onshore,2026-08-08T07:26:42Z
2026-08-08T07:21:23Z,2026-08-08T09:21:23+0200,a13a8e1c-07bb-4e38-addf-c4d0871b05cd,2026-07-17T23:15:00Z,2026-07-18T01:15:00+0200,7297.0,MW,ES,ES,forecast_onshore_wind_generation,Wind Onshore,2026-08-08T07:26:42Z
2026-08-08T07:21:23Z,2026-08-08T09:21:23+0200,a13a8e1c-07bb-4e38-addf-c4d0871b05cd,2026-07-17T23:30:00Z,2026-07-18T01:30:00+0200,7189.0,MW,ES,ES,forecast_onshore_wind_generation,Wind Onshore,2026-08-08T07:26:42Z
2026-08-08T07:21:23Z,2026-08-08T09:21:23+0200,a13a8e1c-07bb-4e38-addf-c4d0871b05cd,2026-07-17T23:45:00Z,2026-07-18T01:45:00+0200,7080.0,MW,ES,ES,forecast_onshore_wind_generation,Wind Onshore,2026-08-08T07:26:42Z
2026-08-08T07:21:23Z,2026-08-08T09:21:23+0200,a13a8e1c-07bb-4e38-addf-c4d0871b05cd,2026-07-18T00:00:00Z,2026-07-18T02:00:00+0200,6967.0,MW,ES,ES,forecast_onshore_wind_generation,Wind Onshore,2026-08-08T07:26:42Z
2026-08-08T07:21:23Z,2026-08-08T09:21:23+0200,a13a8e1c-07bb-4e38-addf-c4d0871b05cd,2026-07-18T00:15:00Z,2026-07-18T02:15:00+0200,6848.0,MW,ES,ES,forecast_onshore_wind_generation,Wind Onshore,2026-08-08T07:26:42Z
2026-08-08T07:21:23Z,2026-08-08T09:21:23+0200,a13a8e1c-07bb-4e38-addf-c4d0871b05cd,2026-07-18T00:30:00Z,2026-07-18T02:30:00+0200,6720.0,MW,ES,ES,forecast_onshore_wind_generation,Wind Onshore,2026-08-08T07:26:42Z
2026-08-08T07:21:23Z,2026-08-08T09:21:23+0200,a13a8e1c-07bb-4e38-addf-c4d0871b05cd,2026-07-18T00:45:00Z,2026-07-18T02:45:00+0200,6584.0,MW,ES,ES,forecast_onshore_wind_generation,Wind Onshore,2026-08-08T07:26:42Z
2026-08-08T07:21:23Z,2026-08-08T09:21:23+0200,a13a8e1c-07bb-4e38-addf-c4d0871b05cd,2026-07-18T01:00:00Z,2026-07-18T03:00:00+0200,6457.0,MW,ES,ES,forecast_onshore_wind_generation,Wind Onshore,2026-08-08T07:26:42Z
2026-08-08T07:21:23Z,2026-08-08T09:21:23+0200,a13a8e1c-07bb-4e38-addf-c4d0871b05cd,2026-07-18T01:15:00Z,2026-07-18T03:15:00+0200,6306.0,MW,ES,ES,forecast_onshore_wind_generation,Wind Onshore,2026-08-08T07:26:42Z
2026-08-08T07:21:23Z,2026-08-08T09:21:23+0200,a13a8e1c-07bb-4e38-addf-c4d0871b05cd,2026-07-18T01:30:00Z,2026-07-18T03:30:00+0200,6146.0,MW,ES,ES,forecast_onshore_wind_generation,Wind Onshore,2026-08-08T07:26:42Z
2026-08-08T07:21:23Z,2026-08-08T09:21:23+0200,a13a8e1c-07bb-4e38-addf-c4d0871b05cd,2026-07-18T01:45:00Z,2026-07-18T03:45:00+0200,5985.0,MW,ES,ES,forecast_onshore_wind_generation,Wind Onshore,2026-08-08T07:26:42Z
2026-08-08T07:21:23Z,2026-08-08T09:21:23+0200,a13a8e1c-07bb-4e38-addf-c4d0871b05cd,2026-07-18T02:00:00Z,2026-07-18T04:00:00+0200,5846.0,MW,ES,ES,forecast_onshore_wind_generation,Wind Onshore,2026-08-08T07:26:42Z
2026-08-08T07:21:23Z,2026-08-08T09:21:23+0200,a13a8e1c-07bb-4e38-addf-c4d0871b05cd,2026-07-18T02:15:00Z,2026-07-18T04:15:00+0200,5677.0,MW,ES,ES,forecast_onshore_wind_generation,Wind Onshore,2026-08-08T07:26:42Z
2026-08-08T07:21:23Z,2026-08-08T09:21:23+0200,a13a8e1c-07bb-4e38-addf-c4d0871b05cd,2026-07-18T02:30:00Z,2026-07-18T04:30:00+0200,5510.0,MW,ES,ES,forecast_onshore_wind_generation,Wind Onshore,2026-08-08T07:26:42Z
2026-08-08T07:21:23Z,2026-08-08T09:21:23+0200,a13a8e1c-07bb-4e38-addf-c4d0871b05cd,2026-07-18T02:45:00Z,2026-07-18T04:45:00+0200,5342.0,MW,ES,ES,forecast_onshore_wind_generation,Wind Onshore,2026-08-08T07:26:42Z
2026-08-08T07:21:23Z,2026-08-08T09:21:23+0200,a13a8e1c-07bb-4e38-addf-c4d0871b05cd,2026-07-18T03:00:00Z,2026-07-18T05:00:00+0200,5198.0,MW,ES,ES,forecast_onshore_wind_generation,Wind Onshore,2026-08-08T07:26:42Z
2026-08-08T07:21:23Z,2026-08-08T09:21:23+0200,a13a8e1c-07bb-4e38-addf-c4d0871b05cd,2026-07-18T03:15:00Z,2026-07-18T05:15:00+0200,5027.0,MW,ES,ES,forecast_onshore_wind_generation,Wind Onshore,2026-08-08T07:26:42Z
2026-08-08T07:21:23Z,2026-08-08T09:21:23+0200,a13a8e1c-07bb-4e38-addf-c4d0871b05cd,2026-07-18T03:30:00Z,2026-07-18T05:30:00+0200,4857.0,MW,ES,ES,forecast_onshore_wind_generation,Wind Onshore,2026-08-08T07:26:42Z
2026-08-08T07:21:23Z,2026-08-08T09:21:23+0200,a13a8e1c-07bb-4e38-addf-c4d0871b05cd,2026-07-18T03:45:00Z,2026-07-18T05:45:00+0200,4683.0,MW,ES,ES,forecast_onshore_wind_generation,Wind Onshore,2026-08-08T07:26:42Z
2026-08-08T07:21:23Z,2026-08-08T09:21:23+0200,a13a8e1c-07bb-4e38-addf-c4d0871b05cd,2026-07-18T04:00:00Z,2026-07-18T06:00:00+0200,4521.0,MW,ES,ES,forecast_onshore_wind_generation,Wind Onshore,2026-08-08T07:26:42Z
2026-08-08T07:21:23Z,2026-08-08T09:21:23+0200,a13a8e1c-07bb-4e38-addf-c4d0871b05cd,2026-07-18T04:15:00Z,2026-07-18T06:15:00+0200,4335.0,MW,ES,ES,forecast_onshore_wind_generation,Wind Onshore,2026-08-08T07:26:42Z
2026-08-08T07:21:23Z,2026-08-08T09:21:23+0200,a13a8e1c-07bb-4e38-addf-c4d0871b05cd,2026-07-18T04:30:00Z,2026-07-18T06:30:00+0200,4140.0,MW,ES,ES,forecast_onshore_wind_generation,Wind Onshore,2026-08-08T07:26:42Z
2026-08-08T07:21:23Z,2026-08-08T09:21:23+0200,a13a8e1c-07bb-4e38-addf-c4d0871b05cd,2026-07-18T04:45:00Z,2026-07-18T06:45:00+0200,3941.0,MW,ES,ES,forecast_onshore_wind_generation,Wind Onshore,2026-08-08T07:26:42Z
2026-08-08T07:21:23Z,2026-08-08T09:21:23+0200,a13a8e1c-07bb-4e38-addf-c4d0871b05cd,2026-07-18T05:00:00Z,2026-07-18T07:00:00+0200,3745.0,MW,ES,ES,forecast_onshore_wind_generation,Wind Onshore,2026-08-08T07:26:42Z
2026-08-08T07:21:23Z,2026-08-08T09:21:23+0200,a13a8e1c-07bb-4e38-addf-c4d0871b05cd,2026-07-18T05:15:00Z,2026-07-18T07:15:00+0200,3541.0,MW,ES,ES,forecast_onshore_wind_generation,Wind Onshore,2026-08-08T07:26:42Z
2026-08-08T07:21:23Z,2026-08-08T09:21:23+0200,a13a8e1c-07bb-4e38-addf-c4d0871b05cd,2026-07-18T05:30:00Z,2026-07-18T07:30:00+0200,3341.0,MW,ES,ES,forecast_onshore_wind_generation,Wind Onshore,2026-08-08T07:26:42Z
2026-08-08T07:21:23Z,2026-08-08T09:21:23+0200,a13a8e1c-07bb-4e38-addf-c4d0871b05cd,2026-07-18T05:45:00Z,2026-07-18T07:45:00+0200,3147.0,MW,ES,ES,forecast_onshore_wind_generation,Wind Onshore,2026-08-08T07:26:42Z
2026-08-08T07:21:23Z,2026-08-08T09:21:23+0200,a13a8e1c-07bb-4e38-addf-c4d0871b05cd,2026-07-18T06:00:00Z,2026-07-18T08:00:00+0200,2953.0,MW,ES,ES,forecast_onshore_wind_generation,Wind Onshore,2026-08-08T07:26:42Z
2026-08-08T07:21:23Z,2026-08-08T09:21:23+0200,a13a8e1c-07bb-4e38-addf-c4d0871b05cd,2026-07-18T06:15:00Z,2026-07-18T08:15:00+0200,2781.0,MW,ES,ES,forecast_onshore_wind_generation,Wind Onshore,2026-08-08T07:26:42Z
2026-08-08T07:21:23Z,2026-08-08T09:21:23+0200,a13a8e1c-07bb-4e38-addf-c4d0871b05cd,2026-07-18T06:30:00Z,2026-07-18T08:30:00+0200,2623.0,MW,ES,ES,forecast_onshore_wind_generation,Wind Onshore,2026-08-08T07:26:42Z
2026-08-08T07:21:23Z,2026-08-08T09:21:23+0200,a13a8e1c-07bb-4e38-addf-c4d0871b05cd,2026-07-18T06:45:00Z,2026-07-18T08:45:00+0200,2490.0,MW,ES,ES,forecast_onshore_wind_generation,Wind Onshore,2026-08-08T07:26:42Z
2026-08-08T07:21:23Z,2026-08-08T09:21:23+0200,a13a8e1c-07bb-4e38-addf-c4d0871b05cd,2026-07-18T07:00:00Z,2026-07-18T09:00:00+0200,2336.0,MW,ES,ES,forecast_onshore_wind_generation,Wind Onshore,2026-08-08T07:26:42Z
2026-08-08T07:21:23Z,2026-08-08T09:21:23+0200,a13a8e1c-07bb-4e38-addf-c4d0871b05cd,2026-07-18T07:15:00Z,2026-07-18T09:15:00+0200,2216.0,MW,ES,ES,forecast_onshore_wind_generation,Wind Onshore,2026-08-08T07:26:42Z
2026-08-08T07:21:23Z,2026-08-08T09:21:23+0200,a13a8e1c-07bb-4e38-addf-c4d0871b05cd,2026-07-18T07:30:00Z,2026-07-18T09:30:00+0200,2139.0,MW,ES,ES,forecast_onshore_wind_generation,Wind Onshore,2026-08-08T07:26:42Z
2026-08-08T07:21:23Z,2026-08-08T09:21:23+0200,a13a8e1c-07bb-4e38-addf-c4d0871b05cd,2026-07-18T07:45:00Z,2026-07-18T09:45:00+0200,2083.0,MW,ES,ES,forecast_onshore_wind_generation,Wind Onshore,2026-08-08T07:26:42Z
2026-08-08T07:21:23Z,2026-08-08T09:21:23+0200,a13a8e1c-07bb-4e38-addf-c4d0871b05cd,2026-07-18T08:00:00Z,2026-07-18T10:00:00+0200,1995.0,MW,ES,ES,forecast_onshore_wind_generation,Wind Onshore,2026-08-08T07:26:42Z
2026-08-08T07:21:23Z,2026-08-08T09:21:23+0200,a13a8e1c-07bb-4e38-addf-c4d0871b05cd,2026-07-18T08:15:00Z,2026-07-18T10:15:00+0200,1976.0,MW,ES,ES,forecast_onshore_wind_generation,Wind Onshore,2026-08-08T07:26:42Z
2026-08-08T07:21:23Z,2026-08-08T09:21:23+0200,a13a8e1c-07bb-4e38-addf-c4d0871b05cd,2026-07-18T08:30:00Z,2026-07-18T10:30:00+0200,1985.0,MW,ES,ES,forecast_onshore_wind_generation,Wind Onshore,2026-08-08T07:26:42Z
2026-08-08T07:21:23Z,2026-08-08T09:21:23+0200,a13a8e1c-07bb-4e38-addf-c4d0871b05cd,2026-07-18T08:45:00Z,2026-07-18T10:45:00+0200,1970.0,MW,ES,ES,forecast_onshore_wind_generation,Wind Onshore,2026-08-08T07:26:42Z
2026-08-08T07:21:23Z,2026-08-08T09:21:23+0200,a13a8e1c-07bb-4e38-addf-c4d0871b05cd,2026-07-18T09:00:00Z,2026-07-18T11:00:00+0200,1977.0,MW,ES,ES,forecast_onshore_wind_generation,Wind Onshore,2026-08-08T07:26:42Z
2026-08-08T07:21:23Z,2026-08-08T09:21:23+0200,a13a8e1c-07bb-4e38-addf-c4d0871b05cd,2026-07-18T09:15:00Z,2026-07-18T11:15:00+0200,2050.0,MW,ES,ES,forecast_onshore_wind_generation,Wind Onshore,2026-08-08T07:26:42Z
2026-08-08T07:21:23Z,2026-08-08T09:21:23+0200,a13a8e1c-07bb-4e38-addf-c4d0871b05cd,2026-07-18T09:30:00Z,2026-07-18T11:30:00+0200,2143.0,MW,ES,ES,forecast_onshore_wind_generation,Wind Onshore,2026-08-08T07:26:42Z
2026-08-08T07:21:23Z,2026-08-08T09:21:23+0200,a13a8e1c-07bb-4e38-addf-c4d0871b05cd,2026-07-18T09:45:00Z,2026-07-18T11:45:00+0200,2254.0,MW,ES,ES,forecast_onshore_wind_generation,Wind Onshore,2026-08-08T07:26:42Z
2026-08-08T07:21:23Z,2026-08-08T09:21:23+0200,a13a8e1c-07bb-4e38-addf-c4d0871b05cd,2026-07-18T10:00:00Z,2026-07-18T12:00:00+0200,2392.0,MW,ES,ES,forecast_onshore_wind_generation,Wind Onshore,2026-08-08T07:26:42Z
2026-08-08T07:21:23Z,2026-08-08T09:21:23+0200,a13a8e1c-07bb-4e38-addf-c4d0871b05cd,2026-07-18T10:15:00Z,2026-07-18T12:15:00+0200,2556.0,MW,ES,ES,forecast_onshore_wind_generation,Wind Onshore,2026-08-08T07:26:42Z
2026-08-08T07:21:23Z,2026-08-08T09:21:23+0200,a13a8e1c-07bb-4e38-addf-c4d0871b05cd,2026-07-18T10:30:00Z,2026-07-18T12:30:00+0200,2700.0,MW,ES,ES,forecast_onshore_wind_generation,Wind Onshore,2026-08-08T07:26:42Z
2026-08-08T07:21:23Z,2026-08-08T09:21:23+0200,a13a8e1c-07bb-4e38-addf-c4d0871b05cd,2026-07-18T10:45:00Z,2026-07-18T12:45:00+0200,2851.0,MW,ES,ES,forecast_onshore_wind_generation,Wind Onshore,2026-08-08T07:26:42Z
2026-08-08T07:21:23Z,2026-08-08T09:21:23+0200,a13a8e1c-07bb-4e38-addf-c4d0871b05cd,2026-07-18T11:00:00Z,2026-07-18T13:00:00+0200,3019.0,MW,ES,ES,forecast_onshore_wind_generation,Wind Onshore,2026-08-08T07:26:42Z
2026-08-08T07:21:23Z,2026-08-08T09:21:23+0200,a13a8e1c-07bb-4e38-addf-c4d0871b05cd,2026-07-18T11:15:00Z,2026-07-18T13:15:00+0200,3188.0,MW,ES,ES,forecast_onshore_wind_generation,Wind Onshore,2026-08-08T07:26:42Z
2026-08-08T07:21:23Z,2026-08-08T09:21:23+0200,a13a8e1c-07bb-4e38-addf-c4d0871b05cd,2026-07-18T11:30:00Z,2026-07-18T13:30:00+0200,3365.0,MW,ES,ES,forecast_onshore_wind_generation,Wind Onshore,2026-08-08T07:26:42Z
2026-08-08T07:21:23Z,2026-08-08T09:21:23+0200,a13a8e1c-07bb-4e38-addf-c4d0871b05cd,2026-07-18T11:45:00Z,2026-07-18T13:45:00+0200,3550.0,MW,ES,ES,forecast_onshore_wind_generation,Wind Onshore,2026-08-08T07:26:42Z
2026-08-08T07:21:23Z,2026-08-08T09:21:23+0200,a13a8e1c-07bb-4e38-addf-c4d0871b05cd,2026-07-18T12:00:00Z,2026-07-18T14:00:00+0200,3782.0,MW,ES,ES,forecast_onshore_wind_generation,Wind Onshore,2026-08-08T07:26:42Z
2026-08-08T07:21:23Z,2026-08-08T09:21:23+0200,a13a8e1c-07bb-4e38-addf-c4d0871b05cd,2026-07-18T12:15:00Z,2026-07-18T14:15:00+0200,3979.0,MW,ES,ES,forecast_onshore_wind_generation,Wind Onshore,2026-08-08T07:26:42Z
2026-08-08T07:21:23Z,2026-08-08T09:21:23+0200,a13a8e1c-07bb-4e38-addf-c4d0871b05cd,2026-07-18T12:30:00Z,2026-07-18T14:30:00+0200,4174.0,MW,ES,ES,forecast_onshore_wind_generation,Wind Onshore,2026-08-08T07:26:42Z
2026-08-08T07:21:23Z,2026-08-08T09:21:23+0200,a13a8e1c-07bb-4e38-addf-c4d0871b05cd,2026-07-18T12:45:00Z,2026-07-18T14:45:00+0200,4370.0,MW,ES,ES,forecast_onshore_wind_generation,Wind Onshore,2026-08-08T07:26:42Z
2026-08-08T07:21:23Z,2026-08-08T09:21:23+0200,a13a8e1c-07bb-4e38-addf-c4d0871b05cd,2026-07-18T13:00:00Z,2026-07-18T15:00:00+0200,4575.0,MW,ES,ES,forecast_onshore_wind_generation,Wind Onshore,2026-08-08T07:26:42Z
2026-08-08T07:21:23Z,2026-08-08T09:21:23+0200,a13a8e1c-07bb-4e38-addf-c4d0871b05cd,2026-07-18T13:15:00Z,2026-07-18T15:15:00+0200,4772.0,MW,ES,ES,forecast_onshore_wind_generation,Wind Onshore,2026-08-08T07:26:42Z
2026-08-08T07:21:23Z,2026-08-08T09:21:23+0200,a13a8e1c-07bb-4e38-addf-c4d0871b05cd,2026-07-18T13:30:00Z,2026-07-18T15:30:00+0200,4972.0,MW,ES,ES,forecast_onshore_wind_generation,Wind Onshore,2026-08-08T07:26:42Z
2026-08-08T07:21:23Z,2026-08-08T09:21:23+0200,a13a8e1c-07bb-4e38-addf-c4d0871b05cd,2026-07-18T13:45:00Z,2026-07-18T15:45:00+0200,5096.0,MW,ES,ES,forecast_onshore_wind_generation,Wind Onshore,2026-08-08T07:26:42Z
2026-08-08T07:21:23Z,2026-08-08T09:21:23+0200,a13a8e1c-07bb-4e38-addf-c4d0871b05cd,2026-07-18T14:00:00Z,2026-07-18T16:00:00+0200,5170.0,MW,ES,ES,forecast_onshore_wind_generation,Wind Onshore,2026-08-08T07:26:42Z
2026-08-08T07:21:23Z,2026-08-08T09:21:23+0200,a13a8e1c-07bb-4e38-addf-c4d0871b05cd,2026-07-18T14:15:00Z,2026-07-18T16:15:00+0200,5354.0,MW,ES,ES,forecast_onshore_wind_generation,Wind Onshore,2026-08-08T07:26:42Z
2026-08-08T07:21:23Z,2026-08-08T09:21:23+0200,a13a8e1c-07bb-4e38-addf-c4d0871b05cd,2026-07-18T14:30:00Z,2026-07-18T16:30:00+0200,5551.0,MW,ES,ES,forecast_onshore_wind_generation,Wind Onshore,2026-08-08T07:26:42Z
2026-08-08T07:21:23Z,2026-08-08T09:21:23+0200,a13a8e1c-07bb-4e38-addf-c4d0871b05cd,2026-07-18T14:45:00Z,2026-07-18T16:45:00+0200,5749.0,MW,ES,ES,forecast_onshore_wind_generation,Wind Onshore,2026-08-08T07:26:42Z
2026-08-08T07:21:23Z,2026-08-08T09:21:23+0200,a13a8e1c-07bb-4e38-addf-c4d0871b05cd,2026-07-18T15:00:00Z,2026-07-18T17:00:00+0200,5909.0,MW,ES,ES,forecast_onshore_wind_generation,Wind Onshore,2026-08-08T07:26:42Z
2026-08-08T07:21:23Z,2026-08-08T09:21:23+0200,a13a8e1c-07bb-4e38-addf-c4d0871b05cd,2026-07-18T15:15:00Z,2026-07-18T17:15:00+0200,6096.0,MW,ES,ES,forecast_onshore_wind_generation,Wind Onshore,2026-08-08T07:26:42Z
2026-08-08T07:21:23Z,2026-08-08T09:21:23+0200,a13a8e1c-07bb-4e38-addf-c4d0871b05cd,2026-07-18T15:30:00Z,2026-07-18T17:30:00+0200,6259.0,MW,ES,ES,forecast_onshore_wind_generation,Wind Onshore,2026-08-08T07:26:42Z
2026-08-08T07:21:23Z,2026-08-08T09:21:23+0200,a13a8e1c-07bb-4e38-addf-c4d0871b05cd,2026-07-18T15:45:00Z,2026-07-18T17:45:00+0200,6467.0,MW,ES,ES,forecast_onshore_wind_generation,Wind Onshore,2026-08-08T07:26:42Z
2026-08-08T07:21:23Z,2026-08-08T09:21:23+0200,a13a8e1c-07bb-4e38-addf-c4d0871b05cd,2026-07-18T16:00:00Z,2026-07-18T18:00:00+0200,6615.0,MW,ES,ES,forecast_onshore_wind_generation,Wind Onshore,2026-08-08T07:26:42Z
2026-08-08T07:21:23Z,2026-08-08T09:21:23+0200,a13a8e1c-07bb-4e38-addf-c4d0871b05cd,2026-07-18T16:15:00Z,2026-07-18T18:15:00+0200,6726.0,MW,ES,ES,forecast_onshore_wind_generation,Wind Onshore,2026-08-08T07:26:42Z
2026-08-08T07:21:23Z,2026-08-08T09:21:23+0200,a13a8e1c-07bb-4e38-addf-c4d0871b05cd,2026-07-18T16:30:00Z,2026-07-18T18:30:00+0200,6840.0,MW,ES,ES,forecast_onshore_wind_generation,Wind Onshore,2026-08-08T07:26:42Z
2026-08-08T07:21:23Z,2026-08-08T09:21:23+0200,a13a8e1c-07bb-4e38-addf-c4d0871b05cd,2026-07-18T16:45:00Z,2026-07-18T18:45:00+0200,6939.0,MW,ES,ES,forecast_onshore_wind_generation,Wind Onshore,2026-08-08T07:26:42Z
2026-08-08T07:21:23Z,2026-08-08T09:21:23+0200,a13a8e1c-07bb-4e38-addf-c4d0871b05cd,2026-07-18T17:00:00Z,2026-07-18T19:00:00+0200,7164.0,MW,ES,ES,forecast_onshore_wind_generation,Wind Onshore,2026-08-08T07:26:42Z
2026-08-08T07:21:23Z,2026-08-08T09:21:23+0200,a13a8e1c-07bb-4e38-addf-c4d0871b05cd,2026-07-18T17:15:00Z,2026-07-18T19:15:00+0200,7293.0,MW,ES,ES,forecast_onshore_wind_generation,Wind Onshore,2026-08-08T07:26:42Z
2026-08-08T07:21:23Z,2026-08-08T09:21:23+0200,a13a8e1c-07bb-4e38-addf-c4d0871b05cd,2026-07-18T17:30:00Z,2026-07-18T19:30:00+0200,7426.0,MW,ES,ES,forecast_onshore_wind_generation,Wind Onshore,2026-08-08T07:26:42Z
2026-08-08T07:21:23Z,2026-08-08T09:21:23+0200,a13a8e1c-07bb-4e38-addf-c4d0871b05cd,2026-07-18T17:45:00Z,2026-07-18T19:45:00+0200,7573.0,MW,ES,ES,forecast_onshore_wind_generation,Wind Onshore,2026-08-08T07:26:42Z
2026-08-08T07:21:23Z,2026-08-08T09:21:23+0200,a13a8e1c-07bb-4e38-addf-c4d0871b05cd,2026-07-18T18:00:00Z,2026-07-18T20:00:00+0200,7990.0,MW,ES,ES,forecast_onshore_wind_generation,Wind Onshore,2026-08-08T07:26:42Z
2026-08-08T07:21:23Z,2026-08-08T09:21:23+0200,a13a8e1c-07bb-4e38-addf-c4d0871b05cd,2026-07-18T18:15:00Z,2026-07-18T20:15:00+0200,8145.0,MW,ES,ES,forecast_onshore_wind_generation,Wind Onshore,2026-08-08T07:26:42Z
2026-08-08T07:21:23Z,2026-08-08T09:21:23+0200,a13a8e1c-07bb-4e38-addf-c4d0871b05cd,2026-07-18T18:30:00Z,2026-07-18T20:30:00+0200,8266.0,MW,ES,ES,forecast_onshore_wind_generation,Wind Onshore,2026-08-08T07:26:42Z
2026-08-08T07:21:23Z,2026-08-08T09:21:23+0200,a13a8e1c-07bb-4e38-addf-c4d0871b05cd,2026-07-18T18:45:00Z,2026-07-18T20:45:00+0200,8373.0,MW,ES,ES,forecast_onshore_wind_generation,Wind Onshore,2026-08-08T07:26:42Z
2026-08-08T07:21:23Z,2026-08-08T09:21:23+0200,a13a8e1c-07bb-4e38-addf-c4d0871b05cd,2026-07-18T19:00:00Z,2026-07-18T21:00:00+0200,8516.0,MW,ES,ES,forecast_onshore_wind_generation,Wind Onshore,2026-08-08T07:26:42Z
2026-08-08T07:21:23Z,2026-08-08T09:21:23+0200,a13a8e1c-07bb-4e38-addf-c4d0871b05cd,2026-07-18T19:15:00Z,2026-07-18T21:15:00+0200,8592.0,MW,ES,ES,forecast_onshore_wind_generation,Wind Onshore,2026-08-08T07:26:42Z
2026-08-08T07:21:23Z,2026-08-08T09:21:23+0200,a13a8e1c-07bb-4e38-addf-c4d0871b05cd,2026-07-18T19:30:00Z,2026-07-18T21:30:00+0200,8647.0,MW,ES,ES,forecast_onshore_wind_generation,Wind Onshore,2026-08-08T07:26:42Z
2026-08-08T07:21:23Z,2026-08-08T09:21:23+0200,a13a8e1c-07bb-4e38-addf-c4d0871b05cd,2026-07-18T19:45:00Z,2026-07-18T21:45:00+0200,8680.0,MW,ES,ES,forecast_onshore_wind_generation,Wind Onshore,2026-08-08T07:26:42Z
2026-08-08T07:21:23Z,2026-08-08T09:21:23+0200,a13a8e1c-07bb-4e38-addf-c4d0871b05cd,2026-07-18T20:00:00Z,2026-07-18T22:00:00+0200,8765.0,MW,ES,ES,forecast_onshore_wind_generation,Wind Onshore,2026-08-08T07:26:42Z
2026-08-08T07:21:23Z,2026-08-08T09:21:23+0200,a13a8e1c-07bb-4e38-addf-c4d0871b05cd,2026-07-18T20:15:00Z,2026-07-18T22:15:00+0200,8753.0,MW,ES,ES,forecast_onshore_wind_generation,Wind Onshore,2026-08-08T07:26:42Z
2026-08-08T07:21:23Z,2026-08-08T09:21:23+0200,a13a8e1c-07bb-4e38-addf-c4d0871b05cd,2026-07-18T20:30:00Z,2026-07-18T22:30:00+0200,8717.0,MW,ES,ES,forecast_onshore_wind_generation,Wind Onshore,2026-08-08T07:26:42Z
2026-08-08T07:21:23Z,2026-08-08T09:21:23+0200,a13a8e1c-07bb-4e38-addf-c4d0871b05cd,2026-07-18T20:45:00Z,2026-07-18T22:45:00+0200,8661.0,MW,ES,ES,forecast_onshore_wind_generation,Wind Onshore,2026-08-08T07:26:42Z
2026-08-08T07:21:23Z,2026-08-08T09:21:23+0200,a13a8e1c-07bb-4e38-addf-c4d0871b05cd,2026-07-18T21:00:00Z,2026-07-18T23:00:00+0200,8612.0,MW,ES,ES,forecast_onshore_wind_generation,Wind Onshore,2026-08-08T07:26:42Z
2026-08-08T07:21:23Z,2026-08-08T09:21:23+0200,a13a8e1c-07bb-4e38-addf-c4d0871b05cd,2026-07-18T21:15:00Z,2026-07-18T23:15:00+0200,8532.0,MW,ES,ES,forecast_onshore_wind_generation,Wind Onshore,2026-08-08T07:26:42Z
2026-08-08T07:21:23Z,2026-08-08T09:21:23+0200,a13a8e1c-07bb-4e38-addf-c4d0871b05cd,2026-07-18T21:30:00Z,2026-07-18T23:30:00+0200,8447.0,MW,ES,ES,forecast_onshore_wind_generation,Wind Onshore,2026-08-08T07:26:42Z
2026-08-08T07:21:23Z,2026-08-08T09:21:23+0200,a13a8e1c-07bb-4e38-addf-c4d0871b05cd,2026-07-18T21:45:00Z,2026-07-18T23:45:00+0200,8355.0,MW,ES,ES,forecast_onshore_wind_generation,Wind Onshore,2026-08-08T07:26:42Z
2026-08-08T07:21:23Z,2026-08-08T09:21:23+0200,a13a8e1c-07bb-4e38-addf-c4d0871b05cd,2026-07-18T22:00:00Z,2026-07-19T00:00:00+0200,8143.0,MW,ES,ES,forecast_onshore_wind_generation,Wind Onshore,2026-08-08T07:26:42Z
2026-08-08T07:21:23Z,2026-08-08T09:21:23+0200,a13a8e1c-07bb-4e38-addf-c4d0871b05cd,2026-07-18T22:15:00Z,2026-07-19T00:15:00+0200,8021.0,MW,ES,ES,forecast_onshore_wind_generation,Wind Onshore,2026-08-08T07:26:42Z
2026-08-08T07:21:23Z,2026-08-08T09:21:23+0200,a13a8e1c-07bb-4e38-addf-c4d0871b05cd,2026-07-18T22:30:00Z,2026-07-19T00:30:00+0200,7883.0,MW,ES,ES,forecast_onshore_wind_generation,Wind Onshore,2026-08-08T07:26:42Z
2026-08-08T07:21:23Z,2026-08-08T09:21:23+0200,a13a8e1c-07bb-4e38-addf-c4d0871b05cd,2026-07-18T22:45:00Z,2026-07-19T00:45:00+0200,7734.0,MW,ES,ES,forecast_onshore_wind_generation,Wind Onshore,2026-08-08T07:26:42Z
2026-08-08T07:21:23Z,2026-08-08T09:21:23+0200,a13a8e1c-07bb-4e38-addf-c4d0871b05cd,2026-07-18T23:00:00Z,2026-07-19T01:00:00+0200,7591.0,MW,ES,ES,forecast_onshore_wind_generation,Wind Onshore,2026-08-08T07:26:42Z
2026-08-08T07:21:23Z,2026-08-08T09:21:23+0200,a13a8e1c-07bb-4e38-addf-c4d0871b05cd,2026-07-18T23:15:00Z,2026-07-19T01:15:00+0200,7433.0,MW,ES,ES,forecast_onshore_wind_generation,Wind Onshore,2026-08-08T07:26:42Z
2026-08-08T07:21:23Z,2026-08-08T09:21:23+0200,a13a8e1c-07bb-4e38-addf-c4d0871b05cd,2026-07-18T23:30:00Z,2026-07-19T01:30:00+0200,7275.0,MW,ES,ES,forecast_onshore_wind_generation,Wind Onshore,2026-08-08T07:26:42Z
2026-08-08T07:21:23Z,2026-08-08T09:21:23+0200,a13a8e1c-07bb-4e38-addf-c4d0871b05cd,2026-07-18T23:45:00Z,2026-07-19T01:45:00+0200,7119.0,MW,ES,ES,forecast_onshore_wind_generation,Wind Onshore,2026-08-08T07:26:42Z
2026-08-08T07:21:23Z,2026-08-08T09:21:23+0200,a13a8e1c-07bb-4e38-addf-c4d0871b05cd,2026-07-19T00:00:00Z,2026-07-19T02:00:00+0200,6975.0,MW,ES,ES,forecast_onshore_wind_generation,Wind Onshore,2026-08-08T07:26:42Z
2026-08-08T07:21:23Z,2026-08-08T09:21:23+0200,a13a8e1c-07bb-4e38-addf-c4d0871b05cd,2026-07-19T00:15:00Z,2026-07-19T02:15:00+0200,6820.0,MW,ES,ES,forecast_onshore_wind_generation,Wind Onshore,2026-08-08T07:26:42Z
2026-08-08T07:21:23Z,2026-08-08T09:21:23+0200,a13a8e1c-07bb-4e38-addf-c4d0871b05cd,2026-07-19T00:30:00Z,2026-07-19T02:30:00+0200,6661.0,MW,ES,ES,forecast_onshore_wind_generation,Wind Onshore,2026-08-08T07:26:42Z
2026-08-08T07:21:23Z,2026-08-08T09:21:23+0200,a13a8e1c-07bb-4e38-addf-c4d0871b05cd,2026-07-19T00:45:00Z,2026-07-19T02:45:00+0200,6501.0,MW,ES,ES,forecast_onshore_wind_generation,Wind Onshore,2026-08-08T07:26:42Z
2026-08-08T07:21:23Z,2026-08-08T09:21:23+0200,a13a8e1c-07bb-4e38-addf-c4d0871b05cd,2026-07-19T01:00:00Z,2026-07-19T03:00:00+0200,6325.0,MW,ES,ES,forecast_onshore_wind_generation,Wind Onshore,2026-08-08T07:26:42Z
2026-08-08T07:21:23Z,2026-08-08T09:21:23+0200,a13a8e1c-07bb-4e38-addf-c4d0871b05cd,2026-07-19T01:15:00Z,2026-07-19T03:15:00+0200,6165.0,MW,ES,ES,forecast_onshore_wind_generation,Wind Onshore,2026-08-08T07:26:42Z
2026-08-08T07:21:23Z,2026-08-08T09:21:23+0200,a13a8e1c-07bb-4e38-addf-c4d0871b05cd,2026-07-19T01:30:00Z,2026-07-19T03:30:00+0200,6005.0,MW,ES,ES,forecast_onshore_wind_generation,Wind Onshore,2026-08-08T07:26:42Z
2026-08-08T07:21:23Z,2026-08-08T09:21:23+0200,a13a8e1c-07bb-4e38-addf-c4d0871b05cd,2026-07-19T01:45:00Z,2026-07-19T03:45:00+0200,5848.0,MW,ES,ES,forecast_onshore_wind_generation,Wind Onshore,2026-08-08T07:26:42Z
2026-08-08T07:21:23Z,2026-08-08T09:21:23+0200,a13a8e1c-07bb-4e38-addf-c4d0871b05cd,2026-07-19T02:00:00Z,2026-07-19T04:00:00+0200,5695.0,MW,ES,ES,forecast_onshore_wind_generation,Wind Onshore,2026-08-08T07:26:42Z
2026-08-08T07:21:23Z,2026-08-08T09:21:23+0200,a13a8e1c-07bb-4e38-addf-c4d0871b05cd,2026-07-19T02:15:00Z,2026-07-19T04:15:00+0200,5537.0,MW,ES,ES,forecast_onshore_wind_generation,Wind Onshore,2026-08-08T07:26:42Z
2026-08-08T07:21:23Z,2026-08-08T09:21:23+0200,a13a8e1c-07bb-4e38-addf-c4d0871b05cd,2026-07-19T02:30:00Z,2026-07-19T04:30:00+0200,5376.0,MW,ES,ES,forecast_onshore_wind_generation,Wind Onshore,2026-08-08T07:26:42Z
2026-08-08T07:21:23Z,2026-08-08T09:21:23+0200,a13a8e1c-07bb-4e38-addf-c4d0871b05cd,2026-07-19T02:45:00Z,2026-07-19T04:45:00+0200,5213.0,MW,ES,ES,forecast_onshore_wind_generation,Wind Onshore,2026-08-08T07:26:42Z
2026-08-08T07:21:23Z,2026-08-08T09:21:23+0200,a13a8e1c-07bb-4e38-addf-c4d0871b05cd,2026-07-19T03:00:00Z,2026-07-19T05:00:00+0200,5068.0,MW,ES,ES,forecast_onshore_wind_generation,Wind Onshore,2026-08-08T07:26:42Z
2026-08-08T07:21:23Z,2026-08-08T09:21:23+0200,a13a8e1c-07bb-4e38-addf-c4d0871b05cd,2026-07-19T03:15:00Z,2026-07-19T05:15:00+0200,4895.0,MW,ES,ES,forecast_onshore_wind_generation,Wind Onshore,2026-08-08T07:26:42Z
2026-08-08T07:21:23Z,2026-08-08T09:21:23+0200,a13a8e1c-07bb-4e38-addf-c4d0871b05cd,2026-07-19T03:30:00Z,2026-07-19T05:30:00+0200,4717.0,MW,ES,ES,forecast_onshore_wind_generation,Wind Onshore,2026-08-08T07:26:42Z
2026-08-08T07:21:23Z,2026-08-08T09:21:23+0200,a13a8e1c-07bb-4e38-addf-c4d0871b05cd,2026-07-19T03:45:00Z,2026-07-19T05:45:00+0200,4532.0,MW,ES,ES,forecast_onshore_wind_generation,Wind Onshore,2026-08-08T07:26:42Z
2026-08-08T07:21:23Z,2026-08-08T09:21:23+0200,a13a8e1c-07bb-4e38-addf-c4d0871b05cd,2026-07-19T04:00:00Z,2026-07-19T06:00:00+0200,4367.0,MW,ES,ES,forecast_onshore_wind_generation,Wind Onshore,2026-08-08T07:26:42Z
2026-08-08T07:21:23Z,2026-08-08T09:21:23+0200,a13a8e1c-07bb-4e38-addf-c4d0871b05cd,2026-07-19T04:15:00Z,2026-07-19T06:15:00+0200,4161.0,MW,ES,ES,forecast_onshore_wind_generation,Wind Onshore,2026-08-08T07:26:42Z
2026-08-08T07:21:23Z,2026-08-08T09:21:23+0200,a13a8e1c-07bb-4e38-addf-c4d0871b05cd,2026-07-19T04:30:00Z,2026-07-19T06:30:00+0200,3944.0,MW,ES,ES,forecast_onshore_wind_generation,Wind Onshore,2026-08-08T07:26:42Z
2026-08-08T07:21:23Z,2026-08-08T09:21:23+0200,a13a8e1c-07bb-4e38-addf-c4d0871b05cd,2026-07-19T04:45:00Z,2026-07-19T06:45:00+0200,3722.0,MW,ES,ES,forecast_onshore_wind_generation,Wind Onshore,2026-08-08T07:26:42Z
2026-08-08T07:21:23Z,2026-08-08T09:21:23+0200,a13a8e1c-07bb-4e38-addf-c4d0871b05cd,2026-07-19T05:00:00Z,2026-07-19T07:00:00+0200,3507.0,MW,ES,ES,forecast_onshore_wind_generation,Wind Onshore,2026-08-08T07:26:42Z
2026-08-08T07:21:23Z,2026-08-08T09:21:23+0200,a13a8e1c-07bb-4e38-addf-c4d0871b05cd,2026-07-19T05:15:00Z,2026-07-19T07:15:00+0200,3295.0,MW,ES,ES,forecast_onshore_wind_generation,Wind Onshore,2026-08-08T07:26:42Z
2026-08-08T07:21:23Z,2026-08-08T09:21:23+0200,a13a8e1c-07bb-4e38-addf-c4d0871b05cd,2026-07-19T05:30:00Z,2026-07-19T07:30:00+0200,3099.0,MW,ES,ES,forecast_onshore_wind_generation,Wind Onshore,2026-08-08T07:26:42Z
2026-08-08T07:21:23Z,2026-08-08T09:21:23+0200,a13a8e1c-07bb-4e38-addf-c4d0871b05cd,2026-07-19T05:45:00Z,2026-07-19T07:45:00+0200,2918.0,MW,ES,ES,forecast_onshore_wind_generation,Wind Onshore,2026-08-08T07:26:42Z
2026-08-08T07:21:23Z,2026-08-08T09:21:23+0200,a13a8e1c-07bb-4e38-addf-c4d0871b05cd,2026-07-19T06:00:00Z,2026-07-19T08:00:00+0200,2748.0,MW,ES,ES,forecast_onshore_wind_generation,Wind Onshore,2026-08-08T07:26:42Z
2026-08-08T07:21:23Z,2026-08-08T09:21:23+0200,a13a8e1c-07bb-4e38-addf-c4d0871b05cd,2026-07-19T06:15:00Z,2026-07-19T08:15:00+0200,2591.0,MW,ES,ES,forecast_onshore_wind_generation,Wind Onshore,2026-08-08T07:26:42Z
2026-08-08T07:21:23Z,2026-08-08T09:21:23+0200,a13a8e1c-07bb-4e38-addf-c4d0871b05cd,2026-07-19T06:30:00Z,2026-07-19T08:30:00+0200,2446.0,MW,ES,ES,forecast_onshore_wind_generation,Wind Onshore,2026-08-08T07:26:42Z
2026-08-08T07:21:23Z,2026-08-08T09:21:23+0200,a13a8e1c-07bb-4e38-addf-c4d0871b05cd,2026-07-19T06:45:00Z,2026-07-19T08:45:00+0200,2301.0,MW,ES,ES,forecast_onshore_wind_generation,Wind Onshore,2026-08-08T07:26:42Z
2026-08-08T07:21:23Z,2026-08-08T09:21:23+0200,a13a8e1c-07bb-4e38-addf-c4d0871b05cd,2026-07-19T07:00:00Z,2026-07-19T09:00:00+0200,2169.0,MW,ES,ES,forecast_onshore_wind_generation,Wind Onshore,2026-08-08T07:26:42Z
2026-08-08T07:21:23Z,2026-08-08T09:21:23+0200,a13a8e1c-07bb-4e38-addf-c4d0871b05cd,2026-07-19T07:15:00Z,2026-07-19T09:15:00+0200,2050.0,MW,ES,ES,forecast_onshore_wind_generation,Wind Onshore,2026-08-08T07:26:42Z
2026-08-08T07:21:23Z,2026-08-08T09:21:23+0200,a13a8e1c-07bb-4e38-addf-c4d0871b05cd,2026-07-19T07:30:00Z,2026-07-19T09:30:00+0200,1982.0,MW,ES,ES,forecast_onshore_wind_generation,Wind Onshore,2026-08-08T07:26:42Z
2026-08-08T07:21:23Z,2026-08-08T09:21:23+0200,a13a8e1c-07bb-4e38-addf-c4d0871b05cd,2026-07-19T07:45:00Z,2026-07-19T09:45:00+0200,1892.0,MW,ES,ES,forecast_onshore_wind_generation,Wind Onshore,2026-08-08T07:26:42Z
2026-08-08T07:21:23Z,2026-08-08T09:21:23+0200,a13a8e1c-07bb-4e38-addf-c4d0871b05cd,2026-07-19T08:00:00Z,2026-07-19T10:00:00+0200,1816.0,MW,ES,ES,forecast_onshore_wind_generation,Wind Onshore,2026-08-08T07:26:42Z
2026-08-08T07:21:23Z,2026-08-08T09:21:23+0200,a13a8e1c-07bb-4e38-addf-c4d0871b05cd,2026-07-19T08:15:00Z,2026-07-19T10:15:00+0200,1813.0,MW,ES,ES,forecast_onshore_wind_generation,Wind Onshore,2026-08-08T07:26:42Z
2026-08-08T07:21:23Z,2026-08-08T09:21:23+0200,a13a8e1c-07bb-4e38-addf-c4d0871b05cd,2026-07-19T08:30:00Z,2026-07-19T10:30:00+0200,1825.0,MW,ES,ES,forecast_onshore_wind_generation,Wind Onshore,2026-08-08T07:26:42Z
2026-08-08T07:21:23Z,2026-08-08T09:21:23+0200,a13a8e1c-07bb-4e38-addf-c4d0871b05cd,2026-07-19T08:45:00Z,2026-07-19T10:45:00+0200,1857.0,MW,ES,ES,forecast_onshore_wind_generation,Wind Onshore,2026-08-08T07:26:42Z
2026-08-08T07:21:23Z,2026-08-08T09:21:23+0200,a13a8e1c-07bb-4e38-addf-c4d0871b05cd,2026-07-19T09:00:00Z,2026-07-19T11:00:00+0200,1886.0,MW,ES,ES,forecast_onshore_wind_generation,Wind Onshore,2026-08-08T07:26:42Z
2026-08-08T07:21:23Z,2026-08-08T09:21:23+0200,a13a8e1c-07bb-4e38-addf-c4d0871b05cd,2026-07-19T09:15:00Z,2026-07-19T11:15:00+0200,1952.0,MW,ES,ES,forecast_onshore_wind_generation,Wind Onshore,2026-08-08T07:26:42Z
2026-08-08T07:21:23Z,2026-08-08T09:21:23+0200,a13a8e1c-07bb-4e38-addf-c4d0871b05cd,2026-07-19T09:30:00Z,2026-07-19T11:30:00+0200,2026.0,MW,ES,ES,forecast_onshore_wind_generation,Wind Onshore,2026-08-08T07:26:42Z
2026-08-08T07:21:23Z,2026-08-08T09:21:23+0200,a13a8e1c-07bb-4e38-addf-c4d0871b05cd,2026-07-19T09:45:00Z,2026-07-19T11:45:00+0200,2115.0,MW,ES,ES,forecast_onshore_wind_generation,Wind Onshore,2026-08-08T07:26:42Z
2026-08-08T07:21:23Z,2026-08-08T09:21:23+0200,a13a8e1c-07bb-4e38-addf-c4d0871b05cd,2026-07-19T10:00:00Z,2026-07-19T12:00:00+0200,2209.0,MW,ES,ES,forecast_onshore_wind_generation,Wind Onshore,2026-08-08T07:26:42Z
2026-08-08T07:21:23Z,2026-08-08T09:21:23+0200,a13a8e1c-07bb-4e38-addf-c4d0871b05cd,2026-07-19T10:15:00Z,2026-07-19T12:15:00+0200,2330.0,MW,ES,ES,forecast_onshore_wind_generation,Wind Onshore,2026-08-08T07:26:42Z
2026-08-08T07:21:23Z,2026-08-08T09:21:23+0200,a13a8e1c-07bb-4e38-addf-c4d0871b05cd,2026-07-19T10:30:00Z,2026-07-19T12:30:00+0200,2469.0,MW,ES,ES,forecast_onshore_wind_generation,Wind Onshore,2026-08-08T07:26:42Z
2026-08-08T07:21:23Z,2026-08-08T09:21:23+0200,a13a8e1c-07bb-4e38-addf-c4d0871b05cd,2026-07-19T10:45:00Z,2026-07-19T12:45:00+0200,2629.0,MW,ES,ES,forecast_onshore_wind_generation,Wind Onshore,2026-08-08T07:26:42Z
2026-08-08T07:21:23Z,2026-08-08T09:21:23+0200,a13a8e1c-07bb-4e38-addf-c4d0871b05cd,2026-07-19T11:00:00Z,2026-07-19T13:00:00+0200,2814.0,MW,ES,ES,forecast_onshore_wind_generation,Wind Onshore,2026-08-08T07:26:42Z
2026-08-08T07:21:23Z,2026-08-08T09:21:23+0200,a13a8e1c-07bb-4e38-addf-c4d0871b05cd,2026-07-19T11:15:00Z,2026-07-19T13:15:00+0200,3000.0,MW,ES,ES,forecast_onshore_wind_generation,Wind Onshore,2026-08-08T07:26:42Z
2026-08-08T07:21:23Z,2026-08-08T09:21:23+0200,a13a8e1c-07bb-4e38-addf-c4d0871b05cd,2026-07-19T11:30:00Z,2026-07-19T13:30:00+0200,3193.0,MW,ES,ES,forecast_onshore_wind_generation,Wind Onshore,2026-08-08T07:26:42Z
2026-08-08T07:21:23Z,2026-08-08T09:21:23+0200,a13a8e1c-07bb-4e38-addf-c4d0871b05cd,2026-07-19T11:45:00Z,2026-07-19T13:45:00+0200,3387.0,MW,ES,ES,forecast_onshore_wind_generation,Wind Onshore,2026-08-08T07:26:42Z
2026-08-08T07:21:23Z,2026-08-08T09:21:23+0200,a13a8e1c-07bb-4e38-addf-c4d0871b05cd,2026-07-19T12:00:00Z,2026-07-19T14:00:00+0200,3624.0,MW,ES,ES,forecast_onshore_wind_generation,Wind Onshore,2026-08-08T07:26:42Z
2026-08-08T07:21:23Z,2026-08-08T09:21:23+0200,a13a8e1c-07bb-4e38-addf-c4d0871b05cd,2026-07-19T12:15:00Z,2026-07-19T14:15:00+0200,3814.0,MW,ES,ES,forecast_onshore_wind_generation,Wind Onshore,2026-08-08T07:26:42Z
2026-08-08T07:21:23Z,2026-08-08T09:21:23+0200,a13a8e1c-07bb-4e38-addf-c4d0871b05cd,2026-07-19T12:30:00Z,2026-07-19T14:30:00+0200,3997.0,MW,ES,ES,forecast_onshore_wind_generation,Wind Onshore,2026-08-08T07:26:42Z
2026-08-08T07:21:23Z,2026-08-08T09:21:23+0200,a13a8e1c-07bb-4e38-addf-c4d0871b05cd,2026-07-19T12:45:00Z,2026-07-19T14:45:00+0200,4173.0,MW,ES,ES,forecast_onshore_wind_generation,Wind Onshore,2026-08-08T07:26:42Z
2026-08-08T07:21:23Z,2026-08-08T09:21:23+0200,a13a8e1c-07bb-4e38-addf-c4d0871b05cd,2026-07-19T13:00:00Z,2026-07-19T15:00:00+0200,4354.0,MW,ES,ES,forecast_onshore_wind_generation,Wind Onshore,2026-08-08T07:26:42Z
2026-08-08T07:21:23Z,2026-08-08T09:21:23+0200,a13a8e1c-07bb-4e38-addf-c4d0871b05cd,2026-07-19T13:15:00Z,2026-07-19T15:15:00+0200,4524.0,MW,ES,ES,forecast_onshore_wind_generation,Wind Onshore,2026-08-08T07:26:42Z
2026-08-08T07:21:23Z,2026-08-08T09:21:23+0200,a13a8e1c-07bb-4e38-addf-c4d0871b05cd,2026-07-19T13:30:00Z,2026-07-19T15:30:00+0200,4694.0,MW,ES,ES,forecast_onshore_wind_generation,Wind Onshore,2026-08-08T07:26:42Z
2026-08-08T07:21:23Z,2026-08-08T09:21:23+0200,a13a8e1c-07bb-4e38-addf-c4d0871b05cd,2026-07-19T13:45:00Z,2026-07-19T15:45:00+0200,4863.0,MW,ES,ES,forecast_onshore_wind_generation,Wind Onshore,2026-08-08T07:26:42Z
2026-08-08T07:21:23Z,2026-08-08T09:21:23+0200,a13a8e1c-07bb-4e38-addf-c4d0871b05cd,2026-07-19T14:00:00Z,2026-07-19T16:00:00+0200,4990.0,MW,ES,ES,forecast_onshore_wind_generation,Wind Onshore,2026-08-08T07:26:42Z
2026-08-08T07:21:23Z,2026-08-08T09:21:23+0200,a13a8e1c-07bb-4e38-addf-c4d0871b05cd,2026-07-19T14:15:00Z,2026-07-19T16:15:00+0200,5144.0,MW,ES,ES,forecast_onshore_wind_generation,Wind Onshore,2026-08-08T07:26:42Z
2026-08-08T07:21:23Z,2026-08-08T09:21:23+0200,a13a8e1c-07bb-4e38-addf-c4d0871b05cd,2026-07-19T14:30:00Z,2026-07-19T16:30:00+0200,5306.0,MW,ES,ES,forecast_onshore_wind_generation,Wind Onshore,2026-08-08T07:26:42Z
2026-08-08T07:21:23Z,2026-08-08T09:21:23+0200,a13a8e1c-07bb-4e38-addf-c4d0871b05cd,2026-07-19T14:45:00Z,2026-07-19T16:45:00+0200,5454.0,MW,ES,ES,forecast_onshore_wind_generation,Wind Onshore,2026-08-08T07:26:42Z
2026-08-08T07:21:23Z,2026-08-08T09:21:23+0200,a13a8e1c-07bb-4e38-addf-c4d0871b05cd,2026-07-19T15:00:00Z,2026-07-19T17:00:00+0200,5549.0,MW,ES,ES,forecast_onshore_wind_generation,Wind Onshore,2026-08-08T07:26:42Z
2026-08-08T07:21:23Z,2026-08-08T09:21:23+0200,a13a8e1c-07bb-4e38-addf-c4d0871b05cd,2026-07-19T15:15:00Z,2026-07-19T17:15:00+0200,5683.0,MW,ES,ES,forecast_onshore_wind_generation,Wind Onshore,2026-08-08T07:26:42Z
2026-08-08T07:21:23Z,2026-08-08T09:21:23+0200,a13a8e1c-07bb-4e38-addf-c4d0871b05cd,2026-07-19T15:30:00Z,2026-07-19T17:30:00+0200,5810.0,MW,ES,ES,forecast_onshore_wind_generation,Wind Onshore,2026-08-08T07:26:42Z
2026-08-08T07:21:23Z,2026-08-08T09:21:23+0200,a13a8e1c-07bb-4e38-addf-c4d0871b05cd,2026-07-19T15:45:00Z,2026-07-19T17:45:00+0200,5926.0,MW,ES,ES,forecast_onshore_wind_generation,Wind Onshore,2026-08-08T07:26:42Z
2026-08-08T07:21:23Z,2026-08-08T09:21:23+0200,a13a8e1c-07bb-4e38-addf-c4d0871b05cd,2026-07-19T16:00:00Z,2026-07-19T18:00:00+0200,5939.0,MW,ES,ES,forecast_onshore_wind_generation,Wind Onshore,2026-08-08T07:26:42Z
2026-08-08T07:21:23Z,2026-08-08T09:21:23+0200,a13a8e1c-07bb-4e38-addf-c4d0871b05cd,2026-07-19T16:15:00Z,2026-07-19T18:15:00+0200,6059.0,MW,ES,ES,forecast_onshore_wind_generation,Wind Onshore,2026-08-08T07:26:42Z
2026-08-08T07:21:23Z,2026-08-08T09:21:23+0200,a13a8e1c-07bb-4e38-addf-c4d0871b05cd,2026-07-19T16:30:00Z,2026-07-19T18:30:00+0200,6149.0,MW,ES,ES,forecast_onshore_wind_generation,Wind Onshore,2026-08-08T07:26:42Z
2026-08-08T07:21:23Z,2026-08-08T09:21:23+0200,a13a8e1c-07bb-4e38-addf-c4d0871b05cd,2026-07-19T16:45:00Z,2026-07-19T18:45:00+0200,6237.0,MW,ES,ES,forecast_onshore_wind_generation,Wind Onshore,2026-08-08T07:26:42Z
2026-08-08T07:21:23Z,2026-08-08T09:21:23+0200,a13a8e1c-07bb-4e38-addf-c4d0871b05cd,2026-07-19T17:00:00Z,2026-07-19T19:00:00+0200,6325.0,MW,ES,ES,forecast_onshore_wind_generation,Wind Onshore,2026-08-08T07:26:42Z
2026-08-08T07:21:23Z,2026-08-08T09:21:23+0200,a13a8e1c-07bb-4e38-addf-c4d0871b05cd,2026-07-19T17:15:00Z,2026-07-19T19:15:00+0200,6415.0,MW,ES,ES,forecast_onshore_wind_generation,Wind Onshore,2026-08-08T07:26:42Z
2026-08-08T07:21:23Z,2026-08-08T09:21:23+0200,a13a8e1c-07bb-4e38-addf-c4d0871b05cd,2026-07-19T17:30:00Z,2026-07-19T19:30:00+0200,6529.0,MW,ES,ES,forecast_onshore_wind_generation,Wind Onshore,2026-08-08T07:26:42Z
2026-08-08T07:21:23Z,2026-08-08T09:21:23+0200,a13a8e1c-07bb-4e38-addf-c4d0871b05cd,2026-07-19T17:45:00Z,2026-07-19T19:45:00+0200,6568.0,MW,ES,ES,forecast_onshore_wind_generation,Wind Onshore,2026-08-08T07:26:42Z
2026-08-08T07:21:23Z,2026-08-08T09:21:23+0200,a13a8e1c-07bb-4e38-addf-c4d0871b05cd,2026-07-19T18:00:00Z,2026-07-19T20:00:00+0200,6682.0,MW,ES,ES,forecast_onshore_wind_generation,Wind Onshore,2026-08-08T07:26:42Z
2026-08-08T07:21:23Z,2026-08-08T09:21:23+0200,a13a8e1c-07bb-4e38-addf-c4d0871b05cd,2026-07-19T18:15:00Z,2026-07-19T20:15:00+0200,6752.0,MW,ES,ES,forecast_onshore_wind_generation,Wind Onshore,2026-08-08T07:26:42Z
2026-08-08T07:21:23Z,2026-08-08T09:21:23+0200,a13a8e1c-07bb-4e38-addf-c4d0871b05cd,2026-07-19T18:30:00Z,2026-07-19T20:30:00+0200,6802.0,MW,ES,ES,forecast_onshore_wind_generation,Wind Onshore,2026-08-08T07:26:42Z
2026-08-08T07:21:23Z,2026-08-08T09:21:23+0200,a13a8e1c-07bb-4e38-addf-c4d0871b05cd,2026-07-19T18:45:00Z,2026-07-19T20:45:00+0200,6869.0,MW,ES,ES,forecast_onshore_wind_generation,Wind Onshore,2026-08-08T07:26:42Z
2026-08-08T07:21:23Z,2026-08-08T09:21:23+0200,a13a8e1c-07bb-4e38-addf-c4d0871b05cd,2026-07-19T19:00:00Z,2026-07-19T21:00:00+0200,7137.0,MW,ES,ES,forecast_onshore_wind_generation,Wind Onshore,2026-08-08T07:26:42Z
2026-08-08T07:21:23Z,2026-08-08T09:21:23+0200,a13a8e1c-07bb-4e38-addf-c4d0871b05cd,2026-07-19T19:15:00Z,2026-07-19T21:15:00+0200,7156.0,MW,ES,ES,forecast_onshore_wind_generation,Wind Onshore,2026-08-08T07:26:42Z
2026-08-08T07:21:23Z,2026-08-08T09:21:23+0200,a13a8e1c-07bb-4e38-addf-c4d0871b05cd,2026-07-19T19:30:00Z,2026-07-19T21:30:00+0200,7171.0,MW,ES,ES,forecast_onshore_wind_generation,Wind Onshore,2026-08-08T07:26:42Z
2026-08-08T07:21:23Z,2026-08-08T09:21:23+0200,a13a8e1c-07bb-4e38-addf-c4d0871b05cd,2026-07-19T19:45:00Z,2026-07-19T21:45:00+0200,7181.0,MW,ES,ES,forecast_onshore_wind_generation,Wind Onshore,2026-08-08T07:26:42Z
2026-08-08T07:21:23Z,2026-08-08T09:21:23+0200,a13a8e1c-07bb-4e38-addf-c4d0871b05cd,2026-07-19T20:00:00Z,2026-07-19T22:00:00+0200,7212.0,MW,ES,ES,forecast_onshore_wind_generation,Wind Onshore,2026-08-08T07:26:42Z
2026-08-08T07:21:23Z,2026-08-08T09:21:23+0200,a13a8e1c-07bb-4e38-addf-c4d0871b05cd,2026-07-19T20:15:00Z,2026-07-19T22:15:00+0200,7194.0,MW,ES,ES,forecast_onshore_wind_generation,Wind Onshore,2026-08-08T07:26:42Z
2026-08-08T07:21:23Z,2026-08-08T09:21:23+0200,a13a8e1c-07bb-4e38-addf-c4d0871b05cd,2026-07-19T20:30:00Z,2026-07-19T22:30:00+0200,7156.0,MW,ES,ES,forecast_onshore_wind_generation,Wind Onshore,2026-08-08T07:26:42Z
2026-08-08T07:21:23Z,2026-08-08T09:21:23+0200,a13a8e1c-07bb-4e38-addf-c4d0871b05cd,2026-07-19T20:45:00Z,2026-07-19T22:45:00+0200,7103.0,MW,ES,ES,forecast_onshore_wind_generation,Wind Onshore,2026-08-08T07:26:42Z
2026-08-08T07:21:23Z,2026-08-08T09:21:23+0200,a13a8e1c-07bb-4e38-addf-c4d0871b05cd,2026-07-19T21:00:00Z,2026-07-19T23:00:00+0200,7055.0,MW,ES,ES,forecast_onshore_wind_generation,Wind Onshore,2026-08-08T07:26:42Z
2026-08-08T07:21:23Z,2026-08-08T09:21:23+0200,a13a8e1c-07bb-4e38-addf-c4d0871b05cd,2026-07-19T21:15:00Z,2026-07-19T23:15:00+0200,6979.0,MW,ES,ES,forecast_onshore_wind_generation,Wind Onshore,2026-08-08T07:26:42Z
2026-08-08T07:21:23Z,2026-08-08T09:21:23+0200,a13a8e1c-07bb-4e38-addf-c4d0871b05cd,2026-07-19T21:30:00Z,2026-07-19T23:30:00+0200,6899.0,MW,ES,ES,forecast_onshore_wind_generation,Wind Onshore,2026-08-08T07:26:42Z
2026-08-08T07:21:23Z,2026-08-08T09:21:23+0200,a13a8e1c-07bb-4e38-addf-c4d0871b05cd,2026-07-19T21:45:00Z,2026-07-19T23:45:00+0200,6812.0,MW,ES,ES,forecast_onshore_wind_generation,Wind Onshore,2026-08-08T07:26:42Z
2026-08-08T07:21:23Z,2026-08-08T09:21:23+0200,a13a8e1c-07bb-4e38-addf-c4d0871b05cd,2026-07-19T22:00:00Z,2026-07-20T00:00:00+0200,7069.0,MW,ES,ES,forecast_onshore_wind_generation,Wind Onshore,2026-08-08T07:26:42Z
2026-08-08T07:21:23Z,2026-08-08T09:21:23+0200,a13a8e1c-07bb-4e38-addf-c4d0871b05cd,2026-07-19T22:15:00Z,2026-07-20T00:15:00+0200,6966.0,MW,ES,ES,forecast_onshore_wind_generation,Wind Onshore,2026-08-08T07:26:42Z
2026-08-08T07:21:23Z,2026-08-08T09:21:23+0200,a13a8e1c-07bb-4e38-addf-c4d0871b05cd,2026-07-19T22:30:00Z,2026-07-20T00:30:00+0200,6847.0,MW,ES,ES,forecast_onshore_wind_generation,Wind Onshore,2026-08-08T07:26:42Z
2026-08-08T07:21:23Z,2026-08-08T09:21:23+0200,a13a8e1c-07bb-4e38-addf-c4d0871b05cd,2026-07-19T22:45:00Z,2026-07-20T00:45:00+0200,6714.0,MW,ES,ES,forecast_onshore_wind_generation,Wind Onshore,2026-08-08T07:26:42Z
2026-08-08T07:21:23Z,2026-08-08T09:21:23+0200,a13a8e1c-07bb-4e38-addf-c4d0871b05cd,2026-07-19T23:00:00Z,2026-07-20T01:00:00+0200,6580.0,MW,ES,ES,forecast_onshore_wind_generation,Wind Onshore,2026-08-08T07:26:42Z
2026-08-08T07:21:23Z,2026-08-08T09:21:23+0200,a13a8e1c-07bb-4e38-addf-c4d0871b05cd,2026-07-19T23:15:00Z,2026-07-20T01:15:00+0200,6434.0,MW,ES,ES,forecast_onshore_wind_generation,Wind Onshore,2026-08-08T07:26:42Z
2026-08-08T07:21:23Z,2026-08-08T09:21:23+0200,a13a8e1c-07bb-4e38-addf-c4d0871b05cd,2026-07-19T23:30:00Z,2026-07-20T01:30:00+0200,6287.0,MW,ES,ES,forecast_onshore_wind_generation,Wind Onshore,2026-08-08T07:26:42Z
2026-08-08T07:21:23Z,2026-08-08T09:21:23+0200,a13a8e1c-07bb-4e38-addf-c4d0871b05cd,2026-07-19T23:45:00Z,2026-07-20T01:45:00+0200,6140.0,MW,ES,ES,forecast_onshore_wind_generation,Wind Onshore,2026-08-08T07:26:42Z
2026-08-08T07:21:23Z,2026-08-08T09:21:23+0200,a13a8e1c-07bb-4e38-addf-c4d0871b05cd,2026-07-20T00:00:00Z,2026-07-20T02:00:00+0200,6001.0,MW,ES,ES,forecast_onshore_wind_generation,Wind Onshore,2026-08-08T07:26:42Z
2026-08-08T07:21:23Z,2026-08-08T09:21:23+0200,a13a8e1c-07bb-4e38-addf-c4d0871b05cd,2026-07-20T00:15:00Z,2026-07-20T02:15:00+0200,5849.0,MW,ES,ES,forecast_onshore_wind_generation,Wind Onshore,2026-08-08T07:26:42Z
2026-08-08T07:21:23Z,2026-08-08T09:21:23+0200,a13a8e1c-07bb-4e38-addf-c4d0871b05cd,2026-07-20T00:30:00Z,2026-07-20T02:30:00+0200,5691.0,MW,ES,ES,forecast_onshore_wind_generation,Wind Onshore,2026-08-08T07:26:42Z
2026-08-08T07:21:23Z,2026-08-08T09:21:23+0200,a13a8e1c-07bb-4e38-addf-c4d0871b05cd,2026-07-20T00:45:00Z,2026-07-20T02:45:00+0200,5526.0,MW,ES,ES,forecast_onshore_wind_generation,Wind Onshore,2026-08-08T07:26:42Z
2026-08-08T07:21:23Z,2026-08-08T09:21:23+0200,a13a8e1c-07bb-4e38-addf-c4d0871b05cd,2026-07-20T01:00:00Z,2026-07-20T03:00:00+0200,5358.0,MW,ES,ES,forecast_onshore_wind_generation,Wind Onshore,2026-08-08T07:26:42Z
2026-08-08T07:21:23Z,2026-08-08T09:21:23+0200,a13a8e1c-07bb-4e38-addf-c4d0871b05cd,2026-07-20T01:15:00Z,2026-07-20T03:15:00+0200,5188.0,MW,ES,ES,forecast_onshore_wind_generation,Wind Onshore,2026-08-08T07:26:42Z
2026-08-08T07:21:23Z,2026-08-08T09:21:23+0200,a13a8e1c-07bb-4e38-addf-c4d0871b05cd,2026-07-20T01:30:00Z,2026-07-20T03:30:00+0200,5016.0,MW,ES,ES,forecast_onshore_wind_generation,Wind Onshore,2026-08-08T07:26:42Z
2026-08-08T07:21:23Z,2026-08-08T09:21:23+0200,a13a8e1c-07bb-4e38-addf-c4d0871b05cd,2026-07-20T01:45:00Z,2026-07-20T03:45:00+0200,4843.0,MW,ES,ES,forecast_onshore_wind_generation,Wind Onshore,2026-08-08T07:26:42Z
2026-08-08T07:21:23Z,2026-08-08T09:21:23+0200,a13a8e1c-07bb-4e38-addf-c4d0871b05cd,2026-07-20T02:00:00Z,2026-07-20T04:00:00+0200,4675.0,MW,ES,ES,forecast_onshore_wind_generation,Wind Onshore,2026-08-08T07:26:42Z
2026-08-08T07:21:23Z,2026-08-08T09:21:23+0200,a13a8e1c-07bb-4e38-addf-c4d0871b05cd,2026-07-20T02:15:00Z,2026-07-20T04:15:00+0200,4523.0,MW,ES,ES,forecast_onshore_wind_generation,Wind Onshore,2026-08-08T07:26:42Z
2026-08-08T07:21:23Z,2026-08-08T09:21:23+0200,a13a8e1c-07bb-4e38-addf-c4d0871b05cd,2026-07-20T02:30:00Z,2026-07-20T04:30:00+0200,4362.0,MW,ES,ES,forecast_onshore_wind_generation,Wind Onshore,2026-08-08T07:26:42Z
2026-08-08T07:21:23Z,2026-08-08T09:21:23+0200,a13a8e1c-07bb-4e38-addf-c4d0871b05cd,2026-07-20T02:45:00Z,2026-07-20T04:45:00+0200,4209.0,MW,ES,ES,forecast_onshore_wind_generation,Wind Onshore,2026-08-08T07:26:42Z
2026-08-08T07:21:23Z,2026-08-08T09:21:23+0200,a13a8e1c-07bb-4e38-addf-c4d0871b05cd,2026-07-20T03:00:00Z,2026-07-20T05:00:00+0200,4056.0,MW,ES,ES,forecast_onshore_wind_generation,Wind Onshore,2026-08-08T07:26:42Z
2026-08-08T07:21:23Z,2026-08-08T09:21:23+0200,a13a8e1c-07bb-4e38-addf-c4d0871b05cd,2026-07-20T03:15:00Z,2026-07-20T05:15:00+0200,3914.0,MW,ES,ES,forecast_onshore_wind_generation,Wind Onshore,2026-08-08T07:26:42Z
2026-08-08T07:21:23Z,2026-08-08T09:21:23+0200,a13a8e1c-07bb-4e38-addf-c4d0871b05cd,2026-07-20T03:30:00Z,2026-07-20T05:30:00+0200,3776.0,MW,ES,ES,forecast_onshore_wind_generation,Wind Onshore,2026-08-08T07:26:42Z
2026-08-08T07:21:23Z,2026-08-08T09:21:23+0200,a13a8e1c-07bb-4e38-addf-c4d0871b05cd,2026-07-20T03:45:00Z,2026-07-20T05:45:00+0200,3643.0,MW,ES,ES,forecast_onshore_wind_generation,Wind Onshore,2026-08-08T07:26:42Z
2026-08-08T07:21:23Z,2026-08-08T09:21:23+0200,a13a8e1c-07bb-4e38-addf-c4d0871b05cd,2026-07-20T04:00:00Z,2026-07-20T06:00:00+0200,3519.0,MW,ES,ES,forecast_onshore_wind_generation,Wind Onshore,2026-08-08T07:26:42Z
2026-08-08T07:21:23Z,2026-08-08T09:21:23+0200,a13a8e1c-07bb-4e38-addf-c4d0871b05cd,2026-07-20T04:15:00Z,2026-07-20T06:15:00+0200,3387.0,MW,ES,ES,forecast_onshore_wind_generation,Wind Onshore,2026-08-08T07:26:42Z
2026-08-08T07:21:23Z,2026-08-08T09:21:23+0200,a13a8e1c-07bb-4e38-addf-c4d0871b05cd,2026-07-20T04:30:00Z,2026-07-20T06:30:00+0200,3253.0,MW,ES,ES,forecast_onshore_wind_generation,Wind Onshore,2026-08-08T07:26:42Z
2026-08-08T07:21:23Z,2026-08-08T09:21:23+0200,a13a8e1c-07bb-4e38-addf-c4d0871b05cd,2026-07-20T04:45:00Z,2026-07-20T06:45:00+0200,3120.0,MW,ES,ES,forecast_onshore_wind_generation,Wind Onshore,2026-08-08T07:26:42Z
2026-08-08T07:21:23Z,2026-08-08T09:21:23+0200,a13a8e1c-07bb-4e38-addf-c4d0871b05cd,2026-07-20T05:00:00Z,2026-07-20T07:00:00+0200,2991.0,MW,ES,ES,forecast_onshore_wind_generation,Wind Onshore,2026-08-08T07:26:42Z
2026-08-08T07:21:23Z,2026-08-08T09:21:23+0200,a13a8e1c-07bb-4e38-addf-c4d0871b05cd,2026-07-20T05:15:00Z,2026-07-20T07:15:00+0200,2864.0,MW,ES,ES,forecast_onshore_wind_generation,Wind Onshore,2026-08-08T07:26:42Z
2026-08-08T07:21:23Z,2026-08-08T09:21:23+0200,a13a8e1c-07bb-4e38-addf-c4d0871b05cd,2026-07-20T05:30:00Z,2026-07-20T07:30:00+0200,2742.0,MW,ES,ES,forecast_onshore_wind_generation,Wind Onshore,2026-08-08T07:26:42Z
2026-08-08T07:21:23Z,2026-08-08T09:21:23+0200,a13a8e1c-07bb-4e38-addf-c4d0871b05cd,2026-07-20T05:45:00Z,2026-07-20T07:45:00+0200,2627.0,MW,ES,ES,forecast_onshore_wind_generation,Wind Onshore,2026-08-08T07:26:42Z
2026-08-08T07:21:23Z,2026-08-08T09:21:23+0200,a13a8e1c-07bb-4e38-addf-c4d0871b05cd,2026-07-20T06:00:00Z,2026-07-20T08:00:00+0200,2458.0,MW,ES,ES,forecast_onshore_wind_generation,Wind Onshore,2026-08-08T07:26:42Z
2026-08-08T07:21:23Z,2026-08-08T09:21:23+0200,a13a8e1c-07bb-4e38-addf-c4d0871b05cd,2026-07-20T06:15:00Z,2026-07-20T08:15:00+0200,2365.0,MW,ES,ES,forecast_onshore_wind_generation,Wind Onshore,2026-08-08T07:26:42Z
2026-08-08T07:21:23Z,2026-08-08T09:21:23+0200,a13a8e1c-07bb-4e38-addf-c4d0871b05cd,2026-07-20T06:30:00Z,2026-07-20T08:30:00+0200,2265.0,MW,ES,ES,forecast_onshore_wind_generation,Wind Onshore,2026-08-08T07:26:42Z
2026-08-08T07:21:23Z,2026-08-08T09:21:23+0200,a13a8e1c-07bb-4e38-addf-c4d0871b05cd,2026-07-20T06:45:00Z,2026-07-20T08:45:00+0200,2198.0,MW,ES,ES,forecast_onshore_wind_generation,Wind Onshore,2026-08-08T07:26:42Z
2026-08-08T07:21:23Z,2026-08-08T09:21:23+0200,a13a8e1c-07bb-4e38-addf-c4d0871b05cd,2026-07-20T07:00:00Z,2026-07-20T09:00:00+0200,2108.0,MW,ES,ES,forecast_onshore_wind_generation,Wind Onshore,2026-08-08T07:26:42Z
2026-08-08T07:21:23Z,2026-08-08T09:21:23+0200,a13a8e1c-07bb-4e38-addf-c4d0871b05cd,2026-07-20T07:15:00Z,2026-07-20T09:15:00+0200,2071.0,MW,ES,ES,forecast_onshore_wind_generation,Wind Onshore,2026-08-08T07:26:42Z
2026-08-08T07:21:23Z,2026-08-08T09:21:23+0200,a13a8e1c-07bb-4e38-addf-c4d0871b05cd,2026-07-20T07:30:00Z,2026-07-20T09:30:00+0200,2052.0,MW,ES,ES,forecast_onshore_wind_generation,Wind Onshore,2026-08-08T07:26:42Z
2026-08-08T07:21:23Z,2026-08-08T09:21:23+0200,a13a8e1c-07bb-4e38-addf-c4d0871b05cd,2026-07-20T07:45:00Z,2026-07-20T09:45:00+0200,2055.0,MW,ES,ES,forecast_onshore_wind_generation,Wind Onshore,2026-08-08T07:26:42Z
2026-08-08T07:21:23Z,2026-08-08T09:21:23+0200,a13a8e1c-07bb-4e38-addf-c4d0871b05cd,2026-07-20T08:00:00Z,2026-07-20T10:00:00+0200,2013.0,MW,ES,ES,forecast_onshore_wind_generation,Wind Onshore,2026-08-08T07:26:42Z
2026-08-08T07:21:23Z,2026-08-08T09:21:23+0200,a13a8e1c-07bb-4e38-addf-c4d0871b05cd,2026-07-20T08:15:00Z,2026-07-20T10:15:00+0200,2081.0,MW,ES,ES,forecast_onshore_wind_generation,Wind Onshore,2026-08-08T07:26:42Z
2026-08-08T07:21:23Z,2026-08-08T09:21:23+0200,a13a8e1c-07bb-4e38-addf-c4d0871b05cd,2026-07-20T08:30:00Z,2026-07-20T10:30:00+0200,2187.0,MW,ES,ES,forecast_onshore_wind_generation,Wind Onshore,2026-08-08T07:26:42Z
2026-08-08T07:21:23Z,2026-08-08T09:21:23+0200,a13a8e1c-07bb-4e38-addf-c4d0871b05cd,2026-07-20T08:45:00Z,2026-07-20T10:45:00+0200,2321.0,MW,ES,ES,forecast_onshore_wind_generation,Wind Onshore,2026-08-08T07:26:42Z
2026-08-08T07:21:23Z,2026-08-08T09:21:23+0200,a13a8e1c-07bb-4e38-addf-c4d0871b05cd,2026-07-20T09:00:00Z,2026-07-20T11:00:00+0200,2494.0,MW,ES,ES,forecast_onshore_wind_generation,Wind Onshore,2026-08-08T07:26:42Z
2026-08-08T07:21:23Z,2026-08-08T09:21:23+0200,a13a8e1c-07bb-4e38-addf-c4d0871b05cd,2026-07-20T09:15:00Z,2026-07-20T11:15:00+0200,2657.0,MW,ES,ES,forecast_onshore_wind_generation,Wind Onshore,2026-08-08T07:26:42Z
2026-08-08T07:21:23Z,2026-08-08T09:21:23+0200,a13a8e1c-07bb-4e38-addf-c4d0871b05cd,2026-07-20T09:30:00Z,2026-07-20T11:30:00+0200,2819.0,MW,ES,ES,forecast_onshore_wind_generation,Wind Onshore,2026-08-08T07:26:42Z
2026-08-08T07:21:23Z,2026-08-08T09:21:23+0200,a13a8e1c-07bb-4e38-addf-c4d0871b05cd,2026-07-20T09:45:00Z,2026-07-20T11:45:00+0200,2979.0,MW,ES,ES,forecast_onshore_wind_generation,Wind Onshore,2026-08-08T07:26:42Z
2026-08-08T07:21:23Z,2026-08-08T09:21:23+0200,a13a8e1c-07bb-4e38-addf-c4d0871b05cd,2026-07-20T10:00:00Z,2026-07-20T12:00:00+0200,3127.0,MW,ES,ES,forecast_onshore_wind_generation,Wind Onshore,2026-08-08T07:26:42Z
2026-08-08T07:21:23Z,2026-08-08T09:21:23+0200,a13a8e1c-07bb-4e38-addf-c4d0871b05cd,2026-07-20T10:15:00Z,2026-07-20T12:15:00+0200,3307.0,MW,ES,ES,forecast_onshore_wind_generation,Wind Onshore,2026-08-08T07:26:42Z
2026-08-08T07:21:23Z,2026-08-08T09:21:23+0200,a13a8e1c-07bb-4e38-addf-c4d0871b05cd,2026-07-20T10:30:00Z,2026-07-20T12:30:00+0200,3508.0,MW,ES,ES,forecast_onshore_wind_generation,Wind Onshore,2026-08-08T07:26:42Z
2026-08-08T07:21:23Z,2026-08-08T09:21:23+0200,a13a8e1c-07bb-4e38-addf-c4d0871b05cd,2026-07-20T10:45:00Z,2026-07-20T12:45:00+0200,3719.0,MW,ES,ES,forecast_onshore_wind_generation,Wind Onshore,2026-08-08T07:26:42Z
2026-08-08T07:21:23Z,2026-08-08T09:21:23+0200,a13a8e1c-07bb-4e38-addf-c4d0871b05cd,2026-07-20T11:00:00Z,2026-07-20T13:00:00+0200,3969.0,MW,ES,ES,forecast_onshore_wind_generation,Wind Onshore,2026-08-08T07:26:42Z
2026-08-08T07:21:23Z,2026-08-08T09:21:23+0200,a13a8e1c-07bb-4e38-addf-c4d0871b05cd,2026-07-20T11:15:00Z,2026-07-20T13:15:00+0200,4197.0,MW,ES,ES,forecast_onshore_wind_generation,Wind Onshore,2026-08-08T07:26:42Z
2026-08-08T07:21:23Z,2026-08-08T09:21:23+0200,a13a8e1c-07bb-4e38-addf-c4d0871b05cd,2026-07-20T11:30:00Z,2026-07-20T13:30:00+0200,4428.0,MW,ES,ES,forecast_onshore_wind_generation,Wind Onshore,2026-08-08T07:26:42Z
2026-08-08T07:21:23Z,2026-08-08T09:21:23+0200,a13a8e1c-07bb-4e38-addf-c4d0871b05cd,2026-07-20T11:45:00Z,2026-07-20T13:45:00+0200,4655.0,MW,ES,ES,forecast_onshore_wind_generation,Wind Onshore,2026-08-08T07:26:42Z
2026-08-08T07:21:23Z,2026-08-08T09:21:23+0200,a13a8e1c-07bb-4e38-addf-c4d0871b05cd,2026-07-20T12:00:00Z,2026-07-20T14:00:00+0200,4960.0,MW,ES,ES,forecast_onshore_wind_generation,Wind Onshore,2026-08-08T07:26:42Z
2026-08-08T07:21:23Z,2026-08-08T09:21:23+0200,a13a8e1c-07bb-4e38-addf-c4d0871b05cd,2026-07-20T12:15:00Z,2026-07-20T14:15:00+0200,5184.0,MW,ES,ES,forecast_onshore_wind_generation,Wind Onshore,2026-08-08T07:26:42Z
2026-08-08T07:21:23Z,2026-08-08T09:21:23+0200,a13a8e1c-07bb-4e38-addf-c4d0871b05cd,2026-07-20T12:30:00Z,2026-07-20T14:30:00+0200,5407.0,MW,ES,ES,forecast_onshore_wind_generation,Wind Onshore,2026-08-08T07:26:42Z
2026-08-08T07:21:23Z,2026-08-08T09:21:23+0200,a13a8e1c-07bb-4e38-addf-c4d0871b05cd,2026-07-20T12:45:00Z,2026-07-20T14:45:00+0200,5626.0,MW,ES,ES,forecast_onshore_wind_generation,Wind Onshore,2026-08-08T07:26:42Z
2026-08-08T07:21:23Z,2026-08-08T09:21:23+0200,a13a8e1c-07bb-4e38-addf-c4d0871b05cd,2026-07-20T13:00:00Z,2026-07-20T15:00:00+0200,5874.0,MW,ES,ES,forecast_onshore_wind_generation,Wind Onshore,2026-08-08T07:26:42Z
2026-08-08T07:21:23Z,2026-08-08T09:21:23+0200,a13a8e1c-07bb-4e38-addf-c4d0871b05cd,2026-07-20T13:15:00Z,2026-07-20T15:15:00+0200,6064.0,MW,ES,ES,forecast_onshore_wind_generation,Wind Onshore,2026-08-08T07:26:42Z
2026-08-08T07:21:23Z,2026-08-08T09:21:23+0200,a13a8e1c-07bb-4e38-addf-c4d0871b05cd,2026-07-20T13:30:00Z,2026-07-20T15:30:00+0200,6241.0,MW,ES,ES,forecast_onshore_wind_generation,Wind Onshore,2026-08-08T07:26:42Z
2026-08-08T07:21:23Z,2026-08-08T09:21:23+0200,a13a8e1c-07bb-4e38-addf-c4d0871b05cd,2026-07-20T13:45:00Z,2026-07-20T15:45:00+0200,6408.0,MW,ES,ES,forecast_onshore_wind_generation,Wind Onshore,2026-08-08T07:26:42Z
2026-08-08T07:21:23Z,2026-08-08T09:21:23+0200,a13a8e1c-07bb-4e38-addf-c4d0871b05cd,2026-07-20T14:00:00Z,2026-07-20T16:00:00+0200,6565.0,MW,ES,ES,forecast_onshore_wind_generation,Wind Onshore,2026-08-08T07:26:42Z
2026-08-08T07:21:23Z,2026-08-08T09:21:23+0200,a13a8e1c-07bb-4e38-addf-c4d0871b05cd,2026-07-20T14:15:00Z,2026-07-20T16:15:00+0200,6718.0,MW,ES,ES,forecast_onshore_wind_generation,Wind Onshore,2026-08-08T07:26:42Z
2026-08-08T07:21:23Z,2026-08-08T09:21:23+0200,a13a8e1c-07bb-4e38-addf-c4d0871b05cd,2026-07-20T14:30:00Z,2026-07-20T16:30:00+0200,6880.0,MW,ES,ES,forecast_onshore_wind_generation,Wind Onshore,2026-08-08T07:26:42Z
2026-08-08T07:21:23Z,2026-08-08T09:21:23+0200,a13a8e1c-07bb-4e38-addf-c4d0871b05cd,2026-07-20T14:45:00Z,2026-07-20T16:45:00+0200,7022.0,MW,ES,ES,forecast_onshore_wind_generation,Wind Onshore,2026-08-08T07:26:42Z
2026-08-08T07:21:23Z,2026-08-08T09:21:23+0200,a13a8e1c-07bb-4e38-addf-c4d0871b05cd,2026-07-20T15:00:00Z,2026-07-20T17:00:00+0200,7116.0,MW,ES,ES,forecast_onshore_wind_generation,Wind Onshore,2026-08-08T07:26:42Z
2026-08-08T07:21:23Z,2026-08-08T09:21:23+0200,a13a8e1c-07bb-4e38-addf-c4d0871b05cd,2026-07-20T15:15:00Z,2026-07-20T17:15:00+0200,7274.0,MW,ES,ES,forecast_onshore_wind_generation,Wind Onshore,2026-08-08T07:26:42Z
2026-08-08T07:21:23Z,2026-08-08T09:21:23+0200,a13a8e1c-07bb-4e38-addf-c4d0871b05cd,2026-07-20T15:30:00Z,2026-07-20T17:30:00+0200,7430.0,MW,ES,ES,forecast_onshore_wind_generation,Wind Onshore,2026-08-08T07:26:42Z
2026-08-08T07:21:23Z,2026-08-08T09:21:23+0200,a13a8e1c-07bb-4e38-addf-c4d0871b05cd,2026-07-20T15:45:00Z,2026-07-20T17:45:00+0200,7588.0,MW,ES,ES,forecast_onshore_wind_generation,Wind Onshore,2026-08-08T07:26:42Z
2026-08-08T07:21:23Z,2026-08-08T09:21:23+0200,a13a8e1c-07bb-4e38-addf-c4d0871b05cd,2026-07-20T16:00:00Z,2026-07-20T18:00:00+0200,7701.0,MW,ES,ES,forecast_onshore_wind_generation,Wind Onshore,2026-08-08T07:26:42Z
2026-08-08T07:21:23Z,2026-08-08T09:21:23+0200,a13a8e1c-07bb-4e38-addf-c4d0871b05cd,2026-07-20T16:15:00Z,2026-07-20T18:15:00+0200,7789.0,MW,ES,ES,forecast_onshore_wind_generation,Wind Onshore,2026-08-08T07:26:42Z
2026-08-08T07:21:23Z,2026-08-08T09:21:23+0200,a13a8e1c-07bb-4e38-addf-c4d0871b05cd,2026-07-20T16:30:00Z,2026-07-20T18:30:00+0200,7841.0,MW,ES,ES,forecast_onshore_wind_generation,Wind Onshore,2026-08-08T07:26:42Z
2026-08-08T07:21:23Z,2026-08-08T09:21:23+0200,a13a8e1c-07bb-4e38-addf-c4d0871b05cd,2026-07-20T16:45:00Z,2026-07-20T18:45:00+0200,7862.0,MW,ES,ES,forecast_onshore_wind_generation,Wind Onshore,2026-08-08T07:26:42Z
2026-08-08T07:21:23Z,2026-08-08T09:21:23+0200,a13a8e1c-07bb-4e38-addf-c4d0871b05cd,2026-07-20T17:00:00Z,2026-07-20T19:00:00+0200,7877.0,MW,ES,ES,forecast_onshore_wind_generation,Wind Onshore,2026-08-08T07:26:42Z
2026-08-08T07:21:23Z,2026-08-08T09:21:23+0200,a13a8e1c-07bb-4e38-addf-c4d0871b05cd,2026-07-20T17:15:00Z,2026-07-20T19:15:00+0200,7896.0,MW,ES,ES,forecast_onshore_wind_generation,Wind Onshore,2026-08-08T07:26:42Z
2026-08-08T07:21:23Z,2026-08-08T09:21:23+0200,a13a8e1c-07bb-4e38-addf-c4d0871b05cd,2026-07-20T17:30:00Z,2026-07-20T19:30:00+0200,7940.0,MW,ES,ES,forecast_onshore_wind_generation,Wind Onshore,2026-08-08T07:26:42Z
2026-08-08T07:21:23Z,2026-08-08T09:21:23+0200,a13a8e1c-07bb-4e38-addf-c4d0871b05cd,2026-07-20T17:45:00Z,2026-07-20T19:45:00+0200,7916.0,MW,ES,ES,forecast_onshore_wind_generation,Wind Onshore,2026-08-08T07:26:42Z
2026-08-08T07:21:23Z,2026-08-08T09:21:23+0200,a13a8e1c-07bb-4e38-addf-c4d0871b05cd,2026-07-20T18:00:00Z,2026-07-20T20:00:00+0200,7972.0,MW,ES,ES,forecast_onshore_wind_generation,Wind Onshore,2026-08-08T07:26:42Z
2026-08-08T07:21:23Z,2026-08-08T09:21:23+0200,a13a8e1c-07bb-4e38-addf-c4d0871b05cd,2026-07-20T18:15:00Z,2026-07-20T20:15:00+0200,8005.0,MW,ES,ES,forecast_onshore_wind_generation,Wind Onshore,2026-08-08T07:26:42Z
2026-08-08T07:21:23Z,2026-08-08T09:21:23+0200,a13a8e1c-07bb-4e38-addf-c4d0871b05cd,2026-07-20T18:30:00Z,2026-07-20T20:30:00+0200,8040.0,MW,ES,ES,forecast_onshore_wind_generation,Wind Onshore,2026-08-08T07:26:42Z
2026-08-08T07:21:23Z,2026-08-08T09:21:23+0200,a13a8e1c-07bb-4e38-addf-c4d0871b05cd,2026-07-20T18:45:00Z,2026-07-20T20:45:00+0200,8104.0,MW,ES,ES,forecast_onshore_wind_generation,Wind Onshore,2026-08-08T07:26:42Z
2026-08-08T07:21:23Z,2026-08-08T09:21:23+0200,a13a8e1c-07bb-4e38-addf-c4d0871b05cd,2026-07-20T19:00:00Z,2026-07-20T21:00:00+0200,8328.0,MW,ES,ES,forecast_onshore_wind_generation,Wind Onshore,2026-08-08T07:26:42Z
2026-08-08T07:21:23Z,2026-08-08T09:21:23+0200,a13a8e1c-07bb-4e38-addf-c4d0871b05cd,2026-07-20T19:15:00Z,2026-07-20T21:15:00+0200,8359.0,MW,ES,ES,forecast_onshore_wind_generation,Wind Onshore,2026-08-08T07:26:42Z
2026-08-08T07:21:23Z,2026-08-08T09:21:23+0200,a13a8e1c-07bb-4e38-addf-c4d0871b05cd,2026-07-20T19:30:00Z,2026-07-20T21:30:00+0200,8387.0,MW,ES,ES,forecast_onshore_wind_generation,Wind Onshore,2026-08-08T07:26:42Z
2026-08-08T07:21:23Z,2026-08-08T09:21:23+0200,a13a8e1c-07bb-4e38-addf-c4d0871b05cd,2026-07-20T19:45:00Z,2026-07-20T21:45:00+0200,8407.0,MW,ES,ES,forecast_onshore_wind_generation,Wind Onshore,2026-08-08T07:26:42Z
2026-08-08T07:21:23Z,2026-08-08T09:21:23+0200,a13a8e1c-07bb-4e38-addf-c4d0871b05cd,2026-07-20T20:00:00Z,2026-07-20T22:00:00+0200,8436.0,MW,ES,ES,forecast_onshore_wind_generation,Wind Onshore,2026-08-08T07:26:42Z
2026-08-08T07:21:23Z,2026-08-08T09:21:23+0200,a13a8e1c-07bb-4e38-addf-c4d0871b05cd,2026-07-20T20:15:00Z,2026-07-20T22:15:00+0200,8442.0,MW,ES,ES,forecast_onshore_wind_generation,Wind Onshore,2026-08-08T07:26:42Z
2026-08-08T07:21:23Z,2026-08-08T09:21:23+0200,a13a8e1c-07bb-4e38-addf-c4d0871b05cd,2026-07-20T20:30:00Z,2026-07-20T22:30:00+0200,8441.0,MW,ES,ES,forecast_onshore_wind_generation,Wind Onshore,2026-08-08T07:26:42Z
2026-08-08T07:21:23Z,2026-08-08T09:21:23+0200,a13a8e1c-07bb-4e38-addf-c4d0871b05cd,2026-07-20T20:45:00Z,2026-07-20T22:45:00+0200,8430.0,MW,ES,ES,forecast_onshore_wind_generation,Wind Onshore,2026-08-08T07:26:42Z
2026-08-08T07:21:23Z,2026-08-08T09:21:23+0200,a13a8e1c-07bb-4e38-addf-c4d0871b05cd,2026-07-20T21:00:00Z,2026-07-20T23:00:00+0200,8421.0,MW,ES,ES,forecast_onshore_wind_generation,Wind Onshore,2026-08-08T07:26:42Z
2026-08-08T07:21:23Z,2026-08-08T09:21:23+0200,a13a8e1c-07bb-4e38-addf-c4d0871b05cd,2026-07-20T21:15:00Z,2026-07-20T23:15:00+0200,8394.0,MW,ES,ES,forecast_onshore_wind_generation,Wind Onshore,2026-08-08T07:26:42Z
2026-08-08T07:21:23Z,2026-08-08T09:21:23+0200,a13a8e1c-07bb-4e38-addf-c4d0871b05cd,2026-07-20T21:30:00Z,2026-07-20T23:30:00+0200,8356.0,MW,ES,ES,forecast_onshore_wind_generation,Wind Onshore,2026-08-08T07:26:42Z
2026-08-08T07:21:23Z,2026-08-08T09:21:23+0200,a13a8e1c-07bb-4e38-addf-c4d0871b05cd,2026-07-20T21:45:00Z,2026-07-20T23:45:00+0200,8310.0,MW,ES,ES,forecast_onshore_wind_generation,Wind Onshore,2026-08-08T07:26:42Z
2026-08-08T07:21:23Z,2026-08-08T09:21:23+0200,a13a8e1c-07bb-4e38-addf-c4d0871b05cd,2026-07-20T22:00:00Z,2026-07-21T00:00:00+0200,8885.0,MW,ES,ES,forecast_onshore_wind_generation,Wind Onshore,2026-08-08T07:26:42Z
2026-08-08T07:21:23Z,2026-08-08T09:21:23+0200,a13a8e1c-07bb-4e38-addf-c4d0871b05cd,2026-07-20T22:15:00Z,2026-07-21T00:15:00+0200,8798.0,MW,ES,ES,forecast_onshore_wind_generation,Wind Onshore,2026-08-08T07:26:42Z
2026-08-08T07:21:23Z,2026-08-08T09:21:23+0200,a13a8e1c-07bb-4e38-addf-c4d0871b05cd,2026-07-20T22:30:00Z,2026-07-21T00:30:00+0200,8698.0,MW,ES,ES,forecast_onshore_wind_generation,Wind Onshore,2026-08-08T07:26:42Z
2026-08-08T07:21:23Z,2026-08-08T09:21:23+0200,a13a8e1c-07bb-4e38-addf-c4d0871b05cd,2026-07-20T22:45:00Z,2026-07-21T00:45:00+0200,8584.0,MW,ES,ES,forecast_onshore_wind_generation,Wind Onshore,2026-08-08T07:26:42Z
2026-08-08T07:21:23Z,2026-08-08T09:21:23+0200,a13a8e1c-07bb-4e38-addf-c4d0871b05cd,2026-07-20T23:00:00Z,2026-07-21T01:00:00+0200,8486.0,MW,ES,ES,forecast_onshore_wind_generation,Wind Onshore,2026-08-08T07:26:42Z
2026-08-08T07:21:23Z,2026-08-08T09:21:23+0200,a13a8e1c-07bb-4e38-addf-c4d0871b05cd,2026-07-20T23:15:00Z,2026-07-21T01:15:00+0200,8360.0,MW,ES,ES,forecast_onshore_wind_generation,Wind Onshore,2026-08-08T07:26:42Z
2026-08-08T07:21:23Z,2026-08-08T09:21:23+0200,a13a8e1c-07bb-4e38-addf-c4d0871b05cd,2026-07-20T23:30:00Z,2026-07-21T01:30:00+0200,8233.0,MW,ES,ES,forecast_onshore_wind_generation,Wind Onshore,2026-08-08T07:26:42Z
2026-08-08T07:21:23Z,2026-08-08T09:21:23+0200,a13a8e1c-07bb-4e38-addf-c4d0871b05cd,2026-07-20T23:45:00Z,2026-07-21T01:45:00+0200,8105.0,MW,ES,ES,forecast_onshore_wind_generation,Wind Onshore,2026-08-08T07:26:42Z
2026-08-08T07:21:23Z,2026-08-08T09:21:23+0200,a13a8e1c-07bb-4e38-addf-c4d0871b05cd,2026-07-21T00:00:00Z,2026-07-21T02:00:00+0200,7960.0,MW,ES,ES,forecast_onshore_wind_generation,Wind Onshore,2026-08-08T07:26:42Z
2026-08-08T07:21:23Z,2026-08-08T09:21:23+0200,a13a8e1c-07bb-4e38-addf-c4d0871b05cd,2026-07-21T00:15:00Z,2026-07-21T02:15:00+0200,7833.0,MW,ES,ES,forecast_onshore_wind_generation,Wind Onshore,2026-08-08T07:26:42Z
2026-08-08T07:21:23Z,2026-08-08T09:21:23+0200,a13a8e1c-07bb-4e38-addf-c4d0871b05cd,2026-07-21T00:30:00Z,2026-07-21T02:30:00+0200,7704.0,MW,ES,ES,forecast_onshore_wind_generation,Wind Onshore,2026-08-08T07:26:42Z
2026-08-08T07:21:23Z,2026-08-08T09:21:23+0200,a13a8e1c-07bb-4e38-addf-c4d0871b05cd,2026-07-21T00:45:00Z,2026-07-21T02:45:00+0200,7576.0,MW,ES,ES,forecast_onshore_wind_generation,Wind Onshore,2026-08-08T07:26:42Z
2026-08-08T07:21:23Z,2026-08-08T09:21:23+0200,a13a8e1c-07bb-4e38-addf-c4d0871b05cd,2026-07-21T01:00:00Z,2026-07-21T03:00:00+0200,7449.0,MW,ES,ES,forecast_onshore_wind_generation,Wind Onshore,2026-08-08T07:26:42Z
2026-08-08T07:21:23Z,2026-08-08T09:21:23+0200,a13a8e1c-07bb-4e38-addf-c4d0871b05cd,2026-07-21T01:15:00Z,2026-07-21T03:15:00+0200,7319.0,MW,ES,ES,forecast_onshore_wind_generation,Wind Onshore,2026-08-08T07:26:42Z
2026-08-08T07:21:23Z,2026-08-08T09:21:23+0200,a13a8e1c-07bb-4e38-addf-c4d0871b05cd,2026-07-21T01:30:00Z,2026-07-21T03:30:00+0200,7191.0,MW,ES,ES,forecast_onshore_wind_generation,Wind Onshore,2026-08-08T07:26:42Z
2026-08-08T07:21:23Z,2026-08-08T09:21:23+0200,a13a8e1c-07bb-4e38-addf-c4d0871b05cd,2026-07-21T01:45:00Z,2026-07-21T03:45:00+0200,7059.0,MW,ES,ES,forecast_onshore_wind_generation,Wind Onshore,2026-08-08T07:26:42Z
2026-08-08T07:21:23Z,2026-08-08T09:21:23+0200,a13a8e1c-07bb-4e38-addf-c4d0871b05cd,2026-07-21T02:00:00Z,2026-07-21T04:00:00+0200,6926.0,MW,ES,ES,forecast_onshore_wind_generation,Wind Onshore,2026-08-08T07:26:42Z
2026-08-08T07:21:23Z,2026-08-08T09:21:23+0200,a13a8e1c-07bb-4e38-addf-c4d0871b05cd,2026-07-21T02:15:00Z,2026-07-21T04:15:00+0200,6787.0,MW,ES,ES,forecast_onshore_wind_generation,Wind Onshore,2026-08-08T07:26:42Z
2026-08-08T07:21:23Z,2026-08-08T09:21:23+0200,a13a8e1c-07bb-4e38-addf-c4d0871b05cd,2026-07-21T02:30:00Z,2026-07-21T04:30:00+0200,6642.0,MW,ES,ES,forecast_onshore_wind_generation,Wind Onshore,2026-08-08T07:26:42Z
2026-08-08T07:21:23Z,2026-08-08T09:21:23+0200,a13a8e1c-07bb-4e38-addf-c4d0871b05cd,2026-07-21T02:45:00Z,2026-07-21T04:45:00+0200,6494.0,MW,ES,ES,forecast_onshore_wind_generation,Wind Onshore,2026-08-08T07:26:42Z
2026-08-08T07:21:23Z,2026-08-08T09:21:23+0200,a13a8e1c-07bb-4e38-addf-c4d0871b05cd,2026-07-21T03:00:00Z,2026-07-21T05:00:00+0200,6330.0,MW,ES,ES,forecast_onshore_wind_generation,Wind Onshore,2026-08-08T07:26:42Z
2026-08-08T07:21:23Z,2026-08-08T09:21:23+0200,a13a8e1c-07bb-4e38-addf-c4d0871b05cd,2026-07-21T03:15:00Z,2026-07-21T05:15:00+0200,6181.0,MW,ES,ES,forecast_onshore_wind_generation,Wind Onshore,2026-08-08T07:26:42Z
2026-08-08T07:21:23Z,2026-08-08T09:21:23+0200,a13a8e1c-07bb-4e38-addf-c4d0871b05cd,2026-07-21T03:30:00Z,2026-07-21T05:30:00+0200,6035.0,MW,ES,ES,forecast_onshore_wind_generation,Wind Onshore,2026-08-08T07:26:42Z
2026-08-08T07:21:23Z,2026-08-08T09:21:23+0200,a13a8e1c-07bb-4e38-addf-c4d0871b05cd,2026-07-21T03:45:00Z,2026-07-21T05:45:00+0200,5887.0,MW,ES,ES,forecast_onshore_wind_generation,Wind Onshore,2026-08-08T07:26:42Z
2026-08-08T07:21:23Z,2026-08-08T09:21:23+0200,a13a8e1c-07bb-4e38-addf-c4d0871b05cd,2026-07-21T04:00:00Z,2026-07-21T06:00:00+0200,5760.0,MW,ES,ES,forecast_onshore_wind_generation,Wind Onshore,2026-08-08T07:26:42Z
2026-08-08T07:21:23Z,2026-08-08T09:21:23+0200,a13a8e1c-07bb-4e38-addf-c4d0871b05cd,2026-07-21T04:15:00Z,2026-07-21T06:15:00+0200,5595.0,MW,ES,ES,forecast_onshore_wind_generation,Wind Onshore,2026-08-08T07:26:42Z
2026-08-08T07:21:23Z,2026-08-08T09:21:23+0200,a13a8e1c-07bb-4e38-addf-c4d0871b05cd,2026-07-21T04:30:00Z,2026-07-21T06:30:00+0200,5415.0,MW,ES,ES,forecast_onshore_wind_generation,Wind Onshore,2026-08-08T07:26:42Z
2026-08-08T07:21:23Z,2026-08-08T09:21:23+0200,a13a8e1c-07bb-4e38-addf-c4d0871b05cd,2026-07-21T04:45:00Z,2026-07-21T06:45:00+0200,5226.0,MW,ES,ES,forecast_onshore_wind_generation,Wind Onshore,2026-08-08T07:26:42Z
2026-08-08T07:21:23Z,2026-08-08T09:21:23+0200,a13a8e1c-07bb-4e38-addf-c4d0871b05cd,2026-07-21T05:00:00Z,2026-07-21T07:00:00+0200,5031.0,MW,ES,ES,forecast_onshore_wind_generation,Wind Onshore,2026-08-08T07:26:42Z
2026-08-08T07:21:23Z,2026-08-08T09:21:23+0200,a13a8e1c-07bb-4e38-addf-c4d0871b05cd,2026-07-21T05:15:00Z,2026-07-21T07:15:00+0200,4840.0,MW,ES,ES,forecast_onshore_wind_generation,Wind Onshore,2026-08-08T07:26:42Z
2026-08-08T07:21:23Z,2026-08-08T09:21:23+0200,a13a8e1c-07bb-4e38-addf-c4d0871b05cd,2026-07-21T05:30:00Z,2026-07-21T07:30:00+0200,4655.0,MW,ES,ES,forecast_onshore_wind_generation,Wind Onshore,2026-08-08T07:26:42Z
2026-08-08T07:21:23Z,2026-08-08T09:21:23+0200,a13a8e1c-07bb-4e38-addf-c4d0871b05cd,2026-07-21T05:45:00Z,2026-07-21T07:45:00+0200,4481.0,MW,ES,ES,forecast_onshore_wind_generation,Wind Onshore,2026-08-08T07:26:42Z
2026-08-08T07:21:23Z,2026-08-08T09:21:23+0200,a13a8e1c-07bb-4e38-addf-c4d0871b05cd,2026-07-21T06:00:00Z,2026-07-21T08:00:00+0200,4301.0,MW,ES,ES,forecast_onshore_wind_generation,Wind Onshore,2026-08-08T07:26:42Z
2026-08-08T07:21:23Z,2026-08-08T09:21:23+0200,a13a8e1c-07bb-4e38-addf-c4d0871b05cd,2026-07-21T06:15:00Z,2026-07-21T08:15:00+0200,4148.0,MW,ES,ES,forecast_onshore_wind_generation,Wind Onshore,2026-08-08T07:26:42Z
2026-08-08T07:21:23Z,2026-08-08T09:21:23+0200,a13a8e1c-07bb-4e38-addf-c4d0871b05cd,2026-07-21T06:30:00Z,2026-07-21T08:30:00+0200,4004.0,MW,ES,ES,forecast_onshore_wind_generation,Wind Onshore,2026-08-08T07:26:42Z
2026-08-08T07:21:23Z,2026-08-08T09:21:23+0200,a13a8e1c-07bb-4e38-addf-c4d0871b05cd,2026-07-21T06:45:00Z,2026-07-21T08:45:00+0200,3874.0,MW,ES,ES,forecast_onshore_wind_generation,Wind Onshore,2026-08-08T07:26:42Z
2026-08-08T07:21:23Z,2026-08-08T09:21:23+0200,a13a8e1c-07bb-4e38-addf-c4d0871b05cd,2026-07-21T07:00:00Z,2026-07-21T09:00:00+0200,3729.0,MW,ES,ES,forecast_onshore_wind_generation,Wind Onshore,2026-08-08T07:26:42Z
2026-08-08T07:21:23Z,2026-08-08T09:21:23+0200,a13a8e1c-07bb-4e38-addf-c4d0871b05cd,2026-07-21T07:15:00Z,2026-07-21T09:15:00+0200,3637.0,MW,ES,ES,forecast_onshore_wind_generation,Wind Onshore,2026-08-08T07:26:42Z
2026-08-08T07:21:23Z,2026-08-08T09:21:23+0200,a13a8e1c-07bb-4e38-addf-c4d0871b05cd,2026-07-21T07:30:00Z,2026-07-21T09:30:00+0200,3530.0,MW,ES,ES,forecast_onshore_wind_generation,Wind Onshore,2026-08-08T07:26:42Z
2026-08-08T07:21:23Z,2026-08-08T09:21:23+0200,a13a8e1c-07bb-4e38-addf-c4d0871b05cd,2026-07-21T07:45:00Z,2026-07-21T09:45:00+0200,3472.0,MW,ES,ES,forecast_onshore_wind_generation,Wind Onshore,2026-08-08T07:26:42Z
2026-08-08T07:21:23Z,2026-08-08T09:21:23+0200,a13a8e1c-07bb-4e38-addf-c4d0871b05cd,2026-07-21T08:00:00Z,2026-07-21T10:00:00+0200,3402.0,MW,ES,ES,forecast_onshore_wind_generation,Wind Onshore,2026-08-08T07:26:42Z
2026-08-08T07:21:23Z,2026-08-08T09:21:23+0200,a13a8e1c-07bb-4e38-addf-c4d0871b05cd,2026-07-21T08:15:00Z,2026-07-21T10:15:00+0200,3393.0,MW,ES,ES,forecast_onshore_wind_generation,Wind Onshore,2026-08-08T07:26:42Z
2026-08-08T07:21:23Z,2026-08-08T09:21:23+0200,a13a8e1c-07bb-4e38-addf-c4d0871b05cd,2026-07-21T08:30:00Z,2026-07-21T10:30:00+0200,3384.0,MW,ES,ES,forecast_onshore_wind_generation,Wind Onshore,2026-08-08T07:26:42Z
2026-08-08T07:21:23Z,2026-08-08T09:21:23+0200,a13a8e1c-07bb-4e38-addf-c4d0871b05cd,2026-07-21T08:45:00Z,2026-07-21T10:45:00+0200,3382.0,MW,ES,ES,forecast_onshore_wind_generation,Wind Onshore,2026-08-08T07:26:42Z
2026-08-08T07:21:23Z,2026-08-08T09:21:23+0200,a13a8e1c-07bb-4e38-addf-c4d0871b05cd,2026-07-21T09:00:00Z,2026-07-21T11:00:00+0200,3348.0,MW,ES,ES,forecast_onshore_wind_generation,Wind Onshore,2026-08-08T07:26:42Z
2026-08-08T07:21:23Z,2026-08-08T09:21:23+0200,a13a8e1c-07bb-4e38-addf-c4d0871b05cd,2026-07-21T09:15:00Z,2026-07-21T11:15:00+0200,3384.0,MW,ES,ES,forecast_onshore_wind_generation,Wind Onshore,2026-08-08T07:26:42Z
2026-08-08T07:21:23Z,2026-08-08T09:21:23+0200,a13a8e1c-07bb-4e38-addf-c4d0871b05cd,2026-07-21T09:30:00Z,2026-07-21T11:30:00+0200,3433.0,MW,ES,ES,forecast_onshore_wind_generation,Wind Onshore,2026-08-08T07:26:42Z
2026-08-08T07:21:23Z,2026-08-08T09:21:23+0200,a13a8e1c-07bb-4e38-addf-c4d0871b05cd,2026-07-21T09:45:00Z,2026-07-21T11:45:00+0200,3495.0,MW,ES,ES,forecast_onshore_wind_generation,Wind Onshore,2026-08-08T07:26:42Z
2026-08-08T07:21:23Z,2026-08-08T09:21:23+0200,a13a8e1c-07bb-4e38-addf-c4d0871b05cd,2026-07-21T10:00:00Z,2026-07-21T12:00:00+0200,3483.0,MW,ES,ES,forecast_onshore_wind_generation,Wind Onshore,2026-08-08T07:26:42Z
2026-08-08T07:21:23Z,2026-08-08T09:21:23+0200,a13a8e1c-07bb-4e38-addf-c4d0871b05cd,2026-07-21T10:15:00Z,2026-07-21T12:15:00+0200,3566.0,MW,ES,ES,forecast_onshore_wind_generation,Wind Onshore,2026-08-08T07:26:42Z
2026-08-08T07:21:23Z,2026-08-08T09:21:23+0200,a13a8e1c-07bb-4e38-addf-c4d0871b05cd,2026-07-21T10:30:00Z,2026-07-21T12:30:00+0200,3665.0,MW,ES,ES,forecast_onshore_wind_generation,Wind Onshore,2026-08-08T07:26:42Z
2026-08-08T07:21:23Z,2026-08-08T09:21:23+0200,a13a8e1c-07bb-4e38-addf-c4d0871b05cd,2026-07-21T10:45:00Z,2026-07-21T12:45:00+0200,3771.0,MW,ES,ES,forecast_onshore_wind_generation,Wind Onshore,2026-08-08T07:26:42Z
2026-08-08T07:21:23Z,2026-08-08T09:21:23+0200,a13a8e1c-07bb-4e38-addf-c4d0871b05cd,2026-07-21T11:00:00Z,2026-07-21T13:00:00+0200,3898.0,MW,ES,ES,forecast_onshore_wind_generation,Wind Onshore,2026-08-08T07:26:42Z
2026-08-08T07:21:23Z,2026-08-08T09:21:23+0200,a13a8e1c-07bb-4e38-addf-c4d0871b05cd,2026-07-21T11:15:00Z,2026-07-21T13:15:00+0200,4035.0,MW,ES,ES,forecast_onshore_wind_generation,Wind Onshore,2026-08-08T07:26:42Z
2026-08-08T07:21:23Z,2026-08-08T09:21:23+0200,a13a8e1c-07bb-4e38-addf-c4d0871b05cd,2026-07-21T11:30:00Z,2026-07-21T13:30:00+0200,4213.0,MW,ES,ES,forecast_onshore_wind_generation,Wind Onshore,2026-08-08T07:26:42Z
2026-08-08T07:21:23Z,2026-08-08T09:21:23+0200,a13a8e1c-07bb-4e38-addf-c4d0871b05cd,2026-07-21T11:45:00Z,2026-07-21T13:45:00+0200,4374.0,MW,ES,ES,forecast_onshore_wind_generation,Wind Onshore,2026-08-08T07:26:42Z
2026-08-08T07:21:23Z,2026-08-08T09:21:23+0200,a13a8e1c-07bb-4e38-addf-c4d0871b05cd,2026-07-21T12:00:00Z,2026-07-21T14:00:00+0200,4557.0,MW,ES,ES,forecast_onshore_wind_generation,Wind Onshore,2026-08-08T07:26:42Z
2026-08-08T07:21:23Z,2026-08-08T09:21:23+0200,a13a8e1c-07bb-4e38-addf-c4d0871b05cd,2026-07-21T12:15:00Z,2026-07-21T14:15:00+0200,4712.0,MW,ES,ES,forecast_onshore_wind_generation,Wind Onshore,2026-08-08T07:26:42Z
2026-08-08T07:21:23Z,2026-08-08T09:21:23+0200,a13a8e1c-07bb-4e38-addf-c4d0871b05cd,2026-07-21T12:30:00Z,2026-07-21T14:30:00+0200,4858.0,MW,ES,ES,forecast_onshore_wind_generation,Wind Onshore,2026-08-08T07:26:42Z
2026-08-08T07:21:23Z,2026-08-08T09:21:23+0200,a13a8e1c-07bb-4e38-addf-c4d0871b05cd,2026-07-21T12:45:00Z,2026-07-21T14:45:00+0200,4994.0,MW,ES,ES,forecast_onshore_wind_generation,Wind Onshore,2026-08-08T07:26:42Z
2026-08-08T07:21:23Z,2026-08-08T09:21:23+0200,a13a8e1c-07bb-4e38-addf-c4d0871b05cd,2026-07-21T13:00:00Z,2026-07-21T15:00:00+0200,5081.0,MW,ES,ES,forecast_onshore_wind_generation,Wind Onshore,2026-08-08T07:26:42Z
2026-08-08T07:21:23Z,2026-08-08T09:21:23+0200,a13a8e1c-07bb-4e38-addf-c4d0871b05cd,2026-07-21T13:15:00Z,2026-07-21T15:15:00+0200,5206.0,MW,ES,ES,forecast_onshore_wind_generation,Wind Onshore,2026-08-08T07:26:42Z
2026-08-08T07:21:23Z,2026-08-08T09:21:23+0200,a13a8e1c-07bb-4e38-addf-c4d0871b05cd,2026-07-21T13:30:00Z,2026-07-21T15:30:00+0200,5328.0,MW,ES,ES,forecast_onshore_wind_generation,Wind Onshore,2026-08-08T07:26:42Z
2026-08-08T07:21:23Z,2026-08-08T09:21:23+0200,a13a8e1c-07bb-4e38-addf-c4d0871b05cd,2026-07-21T13:45:00Z,2026-07-21T15:45:00+0200,5449.0,MW,ES,ES,forecast_onshore_wind_generation,Wind Onshore,2026-08-08T07:26:42Z
2026-08-08T07:21:23Z,2026-08-08T09:21:23+0200,a13a8e1c-07bb-4e38-addf-c4d0871b05cd,2026-07-21T14:00:00Z,2026-07-21T16:00:00+0200,5631.0,MW,ES,ES,forecast_onshore_wind_generation,Wind Onshore,2026-08-08T07:26:42Z
2026-08-08T07:21:23Z,2026-08-08T09:21:23+0200,a13a8e1c-07bb-4e38-addf-c4d0871b05cd,2026-07-21T14:15:00Z,2026-07-21T16:15:00+0200,5755.0,MW,ES,ES,forecast_onshore_wind_generation,Wind Onshore,2026-08-08T07:26:42Z
2026-08-08T07:21:23Z,2026-08-08T09:21:23+0200,a13a8e1c-07bb-4e38-addf-c4d0871b05cd,2026-07-21T14:30:00Z,2026-07-21T16:30:00+0200,5851.0,MW,ES,ES,forecast_onshore_wind_generation,Wind Onshore,2026-08-08T07:26:42Z
2026-08-08T07:21:23Z,2026-08-08T09:21:23+0200,a13a8e1c-07bb-4e38-addf-c4d0871b05cd,2026-07-21T14:45:00Z,2026-07-21T16:45:00+0200,5980.0,MW,ES,ES,forecast_onshore_wind_generation,Wind Onshore,2026-08-08T07:26:42Z
2026-08-08T07:21:23Z,2026-08-08T09:21:23+0200,a13a8e1c-07bb-4e38-addf-c4d0871b05cd,2026-07-21T15:00:00Z,2026-07-21T17:00:00+0200,6081.0,MW,ES,ES,forecast_onshore_wind_generation,Wind Onshore,2026-08-08T07:26:42Z
2026-08-08T07:21:23Z,2026-08-08T09:21:23+0200,a13a8e1c-07bb-4e38-addf-c4d0871b05cd,2026-07-21T15:15:00Z,2026-07-21T17:15:00+0200,6237.0,MW,ES,ES,forecast_onshore_wind_generation,Wind Onshore,2026-08-08T07:26:42Z
2026-08-08T07:21:23Z,2026-08-08T09:21:23+0200,a13a8e1c-07bb-4e38-addf-c4d0871b05cd,2026-07-21T15:30:00Z,2026-07-21T17:30:00+0200,6401.0,MW,ES,ES,forecast_onshore_wind_generation,Wind Onshore,2026-08-08T07:26:42Z
2026-08-08T07:21:23Z,2026-08-08T09:21:23+0200,a13a8e1c-07bb-4e38-addf-c4d0871b05cd,2026-07-21T15:45:00Z,2026-07-21T17:45:00+0200,6573.0,MW,ES,ES,forecast_onshore_wind_generation,Wind Onshore,2026-08-08T07:26:42Z
2026-08-08T07:21:23Z,2026-08-08T09:21:23+0200,a13a8e1c-07bb-4e38-addf-c4d0871b05cd,2026-07-21T16:00:00Z,2026-07-21T18:00:00+0200,6827.0,MW,ES,ES,forecast_onshore_wind_generation,Wind Onshore,2026-08-08T07:26:42Z
2026-08-08T07:21:23Z,2026-08-08T09:21:23+0200,a13a8e1c-07bb-4e38-addf-c4d0871b05cd,2026-07-21T16:15:00Z,2026-07-21T18:15:00+0200,6992.0,MW,ES,ES,forecast_onshore_wind_generation,Wind Onshore,2026-08-08T07:26:42Z
2026-08-08T07:21:23Z,2026-08-08T09:21:23+0200,a13a8e1c-07bb-4e38-addf-c4d0871b05cd,2026-07-21T16:30:00Z,2026-07-21T18:30:00+0200,7135.0,MW,ES,ES,forecast_onshore_wind_generation,Wind Onshore,2026-08-08T07:26:42Z
2026-08-08T07:21:23Z,2026-08-08T09:21:23+0200,a13a8e1c-07bb-4e38-addf-c4d0871b05cd,2026-07-21T16:45:00Z,2026-07-21T18:45:00+0200,7259.0,MW,ES,ES,forecast_onshore_wind_generation,Wind Onshore,2026-08-08T07:26:42Z
2026-08-08T07:21:23Z,2026-08-08T09:21:23+0200,a13a8e1c-07bb-4e38-addf-c4d0871b05cd,2026-07-21T17:00:00Z,2026-07-21T19:00:00+0200,7404.0,MW,ES,ES,forecast_onshore_wind_generation,Wind Onshore,2026-08-08T07:26:42Z
2026-08-08T07:21:23Z,2026-08-08T09:21:23+0200,a13a8e1c-07bb-4e38-addf-c4d0871b05cd,2026-07-21T17:15:00Z,2026-07-21T19:15:00+0200,7472.0,MW,ES,ES,forecast_onshore_wind_generation,Wind Onshore,2026-08-08T07:26:42Z
2026-08-08T07:21:23Z,2026-08-08T09:21:23+0200,a13a8e1c-07bb-4e38-addf-c4d0871b05cd,2026-07-21T17:30:00Z,2026-07-21T19:30:00+0200,7501.0,MW,ES,ES,forecast_onshore_wind_generation,Wind Onshore,2026-08-08T07:26:42Z
2026-08-08T07:21:23Z,2026-08-08T09:21:23+0200,a13a8e1c-07bb-4e38-addf-c4d0871b05cd,2026-07-21T17:45:00Z,2026-07-21T19:45:00+0200,7524.0,MW,ES,ES,forecast_onshore_wind_generation,Wind Onshore,2026-08-08T07:26:42Z
2026-08-08T07:21:23Z,2026-08-08T09:21:23+0200,a13a8e1c-07bb-4e38-addf-c4d0871b05cd,2026-07-21T18:00:00Z,2026-07-21T20:00:00+0200,7711.0,MW,ES,ES,forecast_onshore_wind_generation,Wind Onshore,2026-08-08T07:26:42Z
2026-08-08T07:21:23Z,2026-08-08T09:21:23+0200,a13a8e1c-07bb-4e38-addf-c4d0871b05cd,2026-07-21T18:15:00Z,2026-07-21T20:15:00+0200,7768.0,MW,ES,ES,forecast_onshore_wind_generation,Wind Onshore,2026-08-08T07:26:42Z
2026-08-08T07:21:23Z,2026-08-08T09:21:23+0200,a13a8e1c-07bb-4e38-addf-c4d0871b05cd,2026-07-21T18:30:00Z,2026-07-21T20:30:00+0200,7871.0,MW,ES,ES,forecast_onshore_wind_generation,Wind Onshore,2026-08-08T07:26:42Z
2026-08-08T07:21:23Z,2026-08-08T09:21:23+0200,a13a8e1c-07bb-4e38-addf-c4d0871b05cd,2026-07-21T18:45:00Z,2026-07-21T20:45:00+0200,8007.0,MW,ES,ES,forecast_onshore_wind_generation,Wind Onshore,2026-08-08T07:26:42Z
2026-08-08T07:21:23Z,2026-08-08T09:21:23+0200,a13a8e1c-07bb-4e38-addf-c4d0871b05cd,2026-07-21T19:00:00Z,2026-07-21T21:00:00+0200,8246.0,MW,ES,ES,forecast_onshore_wind_generation,Wind Onshore,2026-08-08T07:26:42Z
2026-08-08T07:21:23Z,2026-08-08T09:21:23+0200,a13a8e1c-07bb-4e38-addf-c4d0871b05cd,2026-07-21T19:15:00Z,2026-07-21T21:15:00+0200,8365.0,MW,ES,ES,forecast_onshore_wind_generation,Wind Onshore,2026-08-08T07:26:42Z
2026-08-08T07:21:23Z,2026-08-08T09:21:23+0200,a13a8e1c-07bb-4e38-addf-c4d0871b05cd,2026-07-21T19:30:00Z,2026-07-21T21:30:00+0200,8438.0,MW,ES,ES,forecast_onshore_wind_generation,Wind Onshore,2026-08-08T07:26:42Z
2026-08-08T07:21:23Z,2026-08-08T09:21:23+0200,a13a8e1c-07bb-4e38-addf-c4d0871b05cd,2026-07-21T19:45:00Z,2026-07-21T21:45:00+0200,8470.0,MW,ES,ES,forecast_onshore_wind_generation,Wind Onshore,2026-08-08T07:26:42Z
2026-08-08T07:21:23Z,2026-08-08T09:21:23+0200,a13a8e1c-07bb-4e38-addf-c4d0871b05cd,2026-07-21T20:00:00Z,2026-07-21T22:00:00+0200,8522.0,MW,ES,ES,forecast_onshore_wind_generation,Wind Onshore,2026-08-08T07:26:42Z
2026-08-08T07:21:23Z,2026-08-08T09:21:23+0200,a13a8e1c-07bb-4e38-addf-c4d0871b05cd,2026-07-21T20:15:00Z,2026-07-21T22:15:00+0200,8508.0,MW,ES,ES,forecast_onshore_wind_generation,Wind Onshore,2026-08-08T07:26:42Z
2026-08-08T07:21:23Z,2026-08-08T09:21:23+0200,a13a8e1c-07bb-4e38-addf-c4d0871b05cd,2026-07-21T20:30:00Z,2026-07-21T22:30:00+0200,8483.0,MW,ES,ES,forecast_onshore_wind_generation,Wind Onshore,2026-08-08T07:26:42Z
2026-08-08T07:21:23Z,2026-08-08T09:21:23+0200,a13a8e1c-07bb-4e38-addf-c4d0871b05cd,2026-07-21T20:45:00Z,2026-07-21T22:45:00+0200,8449.0,MW,ES,ES,forecast_onshore_wind_generation,Wind Onshore,2026-08-08T07:26:42Z
2026-08-08T07:21:23Z,2026-08-08T09:21:23+0200,a13a8e1c-07bb-4e38-addf-c4d0871b05cd,2026-07-21T21:00:00Z,2026-07-21T23:00:00+0200,8439.0,MW,ES,ES,forecast_onshore_wind_generation,Wind Onshore,2026-08-08T07:26:42Z
2026-08-08T07:21:23Z,2026-08-08T09:21:23+0200,a13a8e1c-07bb-4e38-addf-c4d0871b05cd,2026-07-21T21:15:00Z,2026-07-21T23:15:00+0200,8368.0,MW,ES,ES,forecast_onshore_wind_generation,Wind Onshore,2026-08-08T07:26:42Z
2026-08-08T07:21:23Z,2026-08-08T09:21:23+0200,a13a8e1c-07bb-4e38-addf-c4d0871b05cd,2026-07-21T21:30:00Z,2026-07-21T23:30:00+0200,8276.0,MW,ES,ES,forecast_onshore_wind_generation,Wind Onshore,2026-08-08T07:26:42Z
2026-08-08T07:21:23Z,2026-08-08T09:21:23+0200,a13a8e1c-07bb-4e38-addf-c4d0871b05cd,2026-07-21T21:45:00Z,2026-07-21T23:45:00+0200,8159.0,MW,ES,ES,forecast_onshore_wind_generation,Wind Onshore,2026-08-08T07:26:42Z
2026-08-08T07:21:23Z,2026-08-08T09:21:23+0200,a13a8e1c-07bb-4e38-addf-c4d0871b05cd,2026-07-21T22:00:00Z,2026-07-22T00:00:00+0200,7983.0,MW,ES,ES,forecast_onshore_wind_generation,Wind Onshore,2026-08-08T07:26:42Z
2026-08-08T07:21:23Z,2026-08-08T09:21:23+0200,a13a8e1c-07bb-4e38-addf-c4d0871b05cd,2026-07-21T22:15:00Z,2026-07-22T00:15:00+0200,7825.0,MW,ES,ES,forecast_onshore_wind_generation,Wind Onshore,2026-08-08T07:26:42Z
2026-08-08T07:21:23Z,2026-08-08T09:21:23+0200,a13a8e1c-07bb-4e38-addf-c4d0871b05cd,2026-07-21T22:30:00Z,2026-07-22T00:30:00+0200,7648.0,MW,ES,ES,forecast_onshore_wind_generation,Wind Onshore,2026-08-08T07:26:42Z
2026-08-08T07:21:23Z,2026-08-08T09:21:23+0200,a13a8e1c-07bb-4e38-addf-c4d0871b05cd,2026-07-21T22:45:00Z,2026-07-22T00:45:00+0200,7454.0,MW,ES,ES,forecast_onshore_wind_generation,Wind Onshore,2026-08-08T07:26:42Z
2026-08-08T07:21:23Z,2026-08-08T09:21:23+0200,a13a8e1c-07bb-4e38-addf-c4d0871b05cd,2026-07-21T23:00:00Z,2026-07-22T01:00:00+0200,7280.0,MW,ES,ES,forecast_onshore_wind_generation,Wind Onshore,2026-08-08T07:26:42Z
2026-08-08T07:21:23Z,2026-08-08T09:21:23+0200,a13a8e1c-07bb-4e38-addf-c4d0871b05cd,2026-07-21T23:15:00Z,2026-07-22T01:15:00+0200,7061.0,MW,ES,ES,forecast_onshore_wind_generation,Wind Onshore,2026-08-08T07:26:42Z
2026-08-08T07:21:23Z,2026-08-08T09:21:23+0200,a13a8e1c-07bb-4e38-addf-c4d0871b05cd,2026-07-21T23:30:00Z,2026-07-22T01:30:00+0200,6837.0,MW,ES,ES,forecast_onshore_wind_generation,Wind Onshore,2026-08-08T07:26:42Z
2026-08-08T07:21:23Z,2026-08-08T09:21:23+0200,a13a8e1c-07bb-4e38-addf-c4d0871b05cd,2026-07-21T23:45:00Z,2026-07-22T01:45:00+0200,6608.0,MW,ES,ES,forecast_onshore_wind_generation,Wind Onshore,2026-08-08T07:26:42Z
2026-08-08T07:21:23Z,2026-08-08T09:21:23+0200,a13a8e1c-07bb-4e38-addf-c4d0871b05cd,2026-07-22T00:00:00Z,2026-07-22T02:00:00+0200,6424.0,MW,ES,ES,forecast_onshore_wind_generation,Wind Onshore,2026-08-08T07:26:42Z
2026-08-08T07:21:23Z,2026-08-08T09:21:23+0200,a13a8e1c-07bb-4e38-addf-c4d0871b05cd,2026-07-22T00:15:00Z,2026-07-22T02:15:00+0200,6191.0,MW,ES,ES,forecast_onshore_wind_generation,Wind Onshore,2026-08-08T07:26:42Z
2026-08-08T07:21:23Z,2026-08-08T09:21:23+0200,a13a8e1c-07bb-4e38-addf-c4d0871b05cd,2026-07-22T00:30:00Z,2026-07-22T02:30:00+0200,5961.0,MW,ES,ES,forecast_onshore_wind_generation,Wind Onshore,2026-08-08T07:26:42Z
2026-08-08T07:21:23Z,2026-08-08T09:21:23+0200,a13a8e1c-07bb-4e38-addf-c4d0871b05cd,2026-07-22T00:45:00Z,2026-07-22T02:45:00+0200,5735.0,MW,ES,ES,forecast_onshore_wind_generation,Wind Onshore,2026-08-08T07:26:42Z
2026-08-08T07:21:23Z,2026-08-08T09:21:23+0200,a13a8e1c-07bb-4e38-addf-c4d0871b05cd,2026-07-22T01:00:00Z,2026-07-22T03:00:00+0200,5519.0,MW,ES,ES,forecast_onshore_wind_generation,Wind Onshore,2026-08-08T07:26:42Z
2026-08-08T07:21:23Z,2026-08-08T09:21:23+0200,a13a8e1c-07bb-4e38-addf-c4d0871b05cd,2026-07-22T01:15:00Z,2026-07-22T03:15:00+0200,5303.0,MW,ES,ES,forecast_onshore_wind_generation,Wind Onshore,2026-08-08T07:26:42Z
2026-08-08T07:21:23Z,2026-08-08T09:21:23+0200,a13a8e1c-07bb-4e38-addf-c4d0871b05cd,2026-07-22T01:30:00Z,2026-07-22T03:30:00+0200,5095.0,MW,ES,ES,forecast_onshore_wind_generation,Wind Onshore,2026-08-08T07:26:42Z
2026-08-08T07:21:23Z,2026-08-08T09:21:23+0200,a13a8e1c-07bb-4e38-addf-c4d0871b05cd,2026-07-22T01:45:00Z,2026-07-22T03:45:00+0200,4892.0,MW,ES,ES,forecast_onshore_wind_generation,Wind Onshore,2026-08-08T07:26:42Z
2026-08-08T07:21:23Z,2026-08-08T09:21:23+0200,a13a8e1c-07bb-4e38-addf-c4d0871b05cd,2026-07-22T02:00:00Z,2026-07-22T04:00:00+0200,4707.0,MW,ES,ES,forecast_onshore_wind_generation,Wind Onshore,2026-08-08T07:26:42Z
2026-08-08T07:21:23Z,2026-08-08T09:21:23+0200,a13a8e1c-07bb-4e38-addf-c4d0871b05cd,2026-07-22T02:15:00Z,2026-07-22T04:15:00+0200,4519.0,MW,ES,ES,forecast_onshore_wind_generation,Wind Onshore,2026-08-08T07:26:42Z
2026-08-08T07:21:23Z,2026-08-08T09:21:23+0200,a13a8e1c-07bb-4e38-addf-c4d0871b05cd,2026-07-22T02:30:00Z,2026-07-22T04:30:00+0200,4337.0,MW,ES,ES,forecast_onshore_wind_generation,Wind Onshore,2026-08-08T07:26:42Z
2026-08-08T07:21:23Z,2026-08-08T09:21:23+0200,a13a8e1c-07bb-4e38-addf-c4d0871b05cd,2026-07-22T02:45:00Z,2026-07-22T04:45:00+0200,4162.0,MW,ES,ES,forecast_onshore_wind_generation,Wind Onshore,2026-08-08T07:26:42Z
2026-08-08T07:21:23Z,2026-08-08T09:21:23+0200,a13a8e1c-07bb-4e38-addf-c4d0871b05cd,2026-07-22T03:00:00Z,2026-07-22T05:00:00+0200,4002.0,MW,ES,ES,forecast_onshore_wind_generation,Wind Onshore,2026-08-08T07:26:42Z
2026-08-08T07:21:23Z,2026-08-08T09:21:23+0200,a13a8e1c-07bb-4e38-addf-c4d0871b05cd,2026-07-22T03:15:00Z,2026-07-22T05:15:00+0200,3846.0,MW,ES,ES,forecast_onshore_wind_generation,Wind Onshore,2026-08-08T07:26:42Z
2026-08-08T07:21:23Z,2026-08-08T09:21:23+0200,a13a8e1c-07bb-4e38-addf-c4d0871b05cd,2026-07-22T03:30:00Z,2026-07-22T05:30:00+0200,3674.0,MW,ES,ES,forecast_onshore_wind_generation,Wind Onshore,2026-08-08T07:26:42Z
2026-08-08T07:21:23Z,2026-08-08T09:21:23+0200,a13a8e1c-07bb-4e38-addf-c4d0871b05cd,2026-07-22T03:45:00Z,2026-07-22T05:45:00+0200,3504.0,MW,ES,ES,forecast_onshore_wind_generation,Wind Onshore,2026-08-08T07:26:42Z
2026-08-08T07:21:23Z,2026-08-08T09:21:23+0200,a13a8e1c-07bb-4e38-addf-c4d0871b05cd,2026-07-22T04:00:00Z,2026-07-22T06:00:00+0200,3347.0,MW,ES,ES,forecast_onshore_wind_generation,Wind Onshore,2026-08-08T07:26:42Z
2026-08-08T07:21:23Z,2026-08-08T09:21:23+0200,a13a8e1c-07bb-4e38-addf-c4d0871b05cd,2026-07-22T04:15:00Z,2026-07-22T06:15:00+0200,3181.0,MW,ES,ES,forecast_onshore_wind_generation,Wind Onshore,2026-08-08T07:26:42Z
2026-08-08T07:21:23Z,2026-08-08T09:21:23+0200,a13a8e1c-07bb-4e38-addf-c4d0871b05cd,2026-07-22T04:30:00Z,2026-07-22T06:30:00+0200,3016.0,MW,ES,ES,forecast_onshore_wind_generation,Wind Onshore,2026-08-08T07:26:42Z
2026-08-08T07:21:23Z,2026-08-08T09:21:23+0200,a13a8e1c-07bb-4e38-addf-c4d0871b05cd,2026-07-22T04:45:00Z,2026-07-22T06:45:00+0200,2855.0,MW,ES,ES,forecast_onshore_wind_generation,Wind Onshore,2026-08-08T07:26:42Z
2026-08-08T07:21:23Z,2026-08-08T09:21:23+0200,a13a8e1c-07bb-4e38-addf-c4d0871b05cd,2026-07-22T05:00:00Z,2026-07-22T07:00:00+0200,2702.0,MW,ES,ES,forecast_onshore_wind_generation,Wind Onshore,2026-08-08T07:26:42Z
2026-08-08T07:21:23Z,2026-08-08T09:21:23+0200,a13a8e1c-07bb-4e38-addf-c4d0871b05cd,2026-07-22T05:15:00Z,2026-07-22T07:15:00+0200,2542.0,MW,ES,ES,forecast_onshore_wind_generation,Wind Onshore,2026-08-08T07:26:42Z
2026-08-08T07:21:23Z,2026-08-08T09:21:23+0200,a13a8e1c-07bb-4e38-addf-c4d0871b05cd,2026-07-22T05:30:00Z,2026-07-22T07:30:00+0200,2380.0,MW,ES,ES,forecast_onshore_wind_generation,Wind Onshore,2026-08-08T07:26:42Z
2026-08-08T07:21:23Z,2026-08-08T09:21:23+0200,a13a8e1c-07bb-4e38-addf-c4d0871b05cd,2026-07-22T05:45:00Z,2026-07-22T07:45:00+0200,2222.0,MW,ES,ES,forecast_onshore_wind_generation,Wind Onshore,2026-08-08T07:26:42Z
2026-08-08T07:21:23Z,2026-08-08T09:21:23+0200,a13a8e1c-07bb-4e38-addf-c4d0871b05cd,2026-07-22T06:00:00Z,2026-07-22T08:00:00+0200,2001.0,MW,ES,ES,forecast_onshore_wind_generation,Wind Onshore,2026-08-08T07:26:42Z
2026-08-08T07:21:23Z,2026-08-08T09:21:23+0200,a13a8e1c-07bb-4e38-addf-c4d0871b05cd,2026-07-22T06:15:00Z,2026-07-22T08:15:00+0200,1870.0,MW,ES,ES,forecast_onshore_wind_generation,Wind Onshore,2026-08-08T07:26:42Z
2026-08-08T07:21:23Z,2026-08-08T09:21:23+0200,a13a8e1c-07bb-4e38-addf-c4d0871b05cd,2026-07-22T06:30:00Z,2026-07-22T08:30:00+0200,1756.0,MW,ES,ES,forecast_onshore_wind_generation,Wind Onshore,2026-08-08T07:26:42Z
2026-08-08T07:21:23Z,2026-08-08T09:21:23+0200,a13a8e1c-07bb-4e38-addf-c4d0871b05cd,2026-07-22T06:45:00Z,2026-07-22T08:45:00+0200,1647.0,MW,ES,ES,forecast_onshore_wind_generation,Wind Onshore,2026-08-08T07:26:42Z
2026-08-08T07:21:23Z,2026-08-08T09:21:23+0200,a13a8e1c-07bb-4e38-addf-c4d0871b05cd,2026-07-22T07:00:00Z,2026-07-22T09:00:00+0200,1537.0,MW,ES,ES,forecast_onshore_wind_generation,Wind Onshore,2026-08-08T07:26:42Z
2026-08-08T07:21:23Z,2026-08-08T09:21:23+0200,a13a8e1c-07bb-4e38-addf-c4d0871b05cd,2026-07-22T07:15:00Z,2026-07-22T09:15:00+0200,1489.0,MW,ES,ES,forecast_onshore_wind_generation,Wind Onshore,2026-08-08T07:26:42Z
2026-08-08T07:21:23Z,2026-08-08T09:21:23+0200,a13a8e1c-07bb-4e38-addf-c4d0871b05cd,2026-07-22T07:30:00Z,2026-07-22T09:30:00+0200,1467.0,MW,ES,ES,forecast_onshore_wind_generation,Wind Onshore,2026-08-08T07:26:42Z
2026-08-08T07:21:23Z,2026-08-08T09:21:23+0200,a13a8e1c-07bb-4e38-addf-c4d0871b05cd,2026-07-22T07:45:00Z,2026-07-22T09:45:00+0200,1467.0,MW,ES,ES,forecast_onshore_wind_generation,Wind Onshore,2026-08-08T07:26:42Z
2026-08-08T07:21:23Z,2026-08-08T09:21:23+0200,a13a8e1c-07bb-4e38-addf-c4d0871b05cd,2026-07-22T08:00:00Z,2026-07-22T10:00:00+0200,1463.0,MW,ES,ES,forecast_onshore_wind_generation,Wind Onshore,2026-08-08T07:26:42Z
2026-08-08T07:21:23Z,2026-08-08T09:21:23+0200,a13a8e1c-07bb-4e38-addf-c4d0871b05cd,2026-07-22T08:15:00Z,2026-07-22T10:15:00+0200,1492.0,MW,ES,ES,forecast_onshore_wind_generation,Wind Onshore,2026-08-08T07:26:42Z
2026-08-08T07:21:23Z,2026-08-08T09:21:23+0200,a13a8e1c-07bb-4e38-addf-c4d0871b05cd,2026-07-22T08:30:00Z,2026-07-22T10:30:00+0200,1542.0,MW,ES,ES,forecast_onshore_wind_generation,Wind Onshore,2026-08-08T07:26:42Z
2026-08-08T07:21:23Z,2026-08-08T09:21:23+0200,a13a8e1c-07bb-4e38-addf-c4d0871b05cd,2026-07-22T08:45:00Z,2026-07-22T10:45:00+0200,1598.0,MW,ES,ES,forecast_onshore_wind_generation,Wind Onshore,2026-08-08T07:26:42Z
2026-08-08T07:21:23Z,2026-08-08T09:21:23+0200,a13a8e1c-07bb-4e38-addf-c4d0871b05cd,2026-07-22T09:00:00Z,2026-07-22T11:00:00+0200,1652.0,MW,ES,ES,forecast_onshore_wind_generation,Wind Onshore,2026-08-08T07:26:42Z
2026-08-08T07:21:23Z,2026-08-08T09:21:23+0200,a13a8e1c-07bb-4e38-addf-c4d0871b05cd,2026-07-22T09:15:00Z,2026-07-22T11:15:00+0200,1734.0,MW,ES,ES,forecast_onshore_wind_generation,Wind Onshore,2026-08-08T07:26:42Z
2026-08-08T07:21:23Z,2026-08-08T09:21:23+0200,a13a8e1c-07bb-4e38-addf-c4d0871b05cd,2026-07-22T09:30:00Z,2026-07-22T11:30:00+0200,1835.0,MW,ES,ES,forecast_onshore_wind_generation,Wind Onshore,2026-08-08T07:26:42Z
2026-08-08T07:21:23Z,2026-08-08T09:21:23+0200,a13a8e1c-07bb-4e38-addf-c4d0871b05cd,2026-07-22T09:45:00Z,2026-07-22T11:45:00+0200,1947.0,MW,ES,ES,forecast_onshore_wind_generation,Wind Onshore,2026-08-08T07:26:42Z
2026-08-08T07:21:23Z,2026-08-08T09:21:23+0200,a13a8e1c-07bb-4e38-addf-c4d0871b05cd,2026-07-22T10:00:00Z,2026-07-22T12:00:00+0200,2066.0,MW,ES,ES,forecast_onshore_wind_generation,Wind Onshore,2026-08-08T07:26:42Z
2026-08-08T07:21:23Z,2026-08-08T09:21:23+0200,a13a8e1c-07bb-4e38-addf-c4d0871b05cd,2026-07-22T10:15:00Z,2026-07-22T12:15:00+0200,2197.0,MW,ES,ES,forecast_onshore_wind_generation,Wind Onshore,2026-08-08T07:26:42Z
2026-08-08T07:21:23Z,2026-08-08T09:21:23+0200,a13a8e1c-07bb-4e38-addf-c4d0871b05cd,2026-07-22T10:30:00Z,2026-07-22T12:30:00+0200,2331.0,MW,ES,ES,forecast_onshore_wind_generation,Wind Onshore,2026-08-08T07:26:42Z
2026-08-08T07:21:23Z,2026-08-08T09:21:23+0200,a13a8e1c-07bb-4e38-addf-c4d0871b05cd,2026-07-22T10:45:00Z,2026-07-22T12:45:00+0200,2470.0,MW,ES,ES,forecast_onshore_wind_generation,Wind Onshore,2026-08-08T07:26:42Z
2026-08-08T07:21:23Z,2026-08-08T09:21:23+0200,a13a8e1c-07bb-4e38-addf-c4d0871b05cd,2026-07-22T11:00:00Z,2026-07-22T13:00:00+0200,2486.0,MW,ES,ES,forecast_onshore_wind_generation,Wind Onshore,2026-08-08T07:26:42Z
2026-08-08T07:21:23Z,2026-08-08T09:21:23+0200,a13a8e1c-07bb-4e38-addf-c4d0871b05cd,2026-07-22T11:15:00Z,2026-07-22T13:15:00+0200,2623.0,MW,ES,ES,forecast_onshore_wind_generation,Wind Onshore,2026-08-08T07:26:42Z
2026-08-08T07:21:23Z,2026-08-08T09:21:23+0200,a13a8e1c-07bb-4e38-addf-c4d0871b05cd,2026-07-22T11:30:00Z,2026-07-22T13:30:00+0200,2770.0,MW,ES,ES,forecast_onshore_wind_generation,Wind Onshore,2026-08-08T07:26:42Z
2026-08-08T07:21:23Z,2026-08-08T09:21:23+0200,a13a8e1c-07bb-4e38-addf-c4d0871b05cd,2026-07-22T11:45:00Z,2026-07-22T13:45:00+0200,2922.0,MW,ES,ES,forecast_onshore_wind_generation,Wind Onshore,2026-08-08T07:26:42Z
2026-08-08T07:21:23Z,2026-08-08T09:21:23+0200,a13a8e1c-07bb-4e38-addf-c4d0871b05cd,2026-07-22T12:00:00Z,2026-07-22T14:00:00+0200,3072.0,MW,ES,ES,forecast_onshore_wind_generation,Wind Onshore,2026-08-08T07:26:42Z
2026-08-08T07:21:23Z,2026-08-08T09:21:23+0200,a13a8e1c-07bb-4e38-addf-c4d0871b05cd,2026-07-22T12:15:00Z,2026-07-22T14:15:00+0200,3258.0,MW,ES,ES,forecast_onshore_wind_generation,Wind Onshore,2026-08-08T07:26:42Z
2026-08-08T07:21:23Z,2026-08-08T09:21:23+0200,a13a8e1c-07bb-4e38-addf-c4d0871b05cd,2026-07-22T12:30:00Z,2026-07-22T14:30:00+0200,3459.0,MW,ES,ES,forecast_onshore_wind_generation,Wind Onshore,2026-08-08T07:26:42Z
2026-08-08T07:21:23Z,2026-08-08T09:21:23+0200,a13a8e1c-07bb-4e38-addf-c4d0871b05cd,2026-07-22T12:45:00Z,2026-07-22T14:45:00+0200,3628.0,MW,ES,ES,forecast_onshore_wind_generation,Wind Onshore,2026-08-08T07:26:42Z
2026-08-08T07:21:23Z,2026-08-08T09:21:23+0200,a13a8e1c-07bb-4e38-addf-c4d0871b05cd,2026-07-22T13:00:00Z,2026-07-22T15:00:00+0200,3915.0,MW,ES,ES,forecast_onshore_wind_generation,Wind Onshore,2026-08-08T07:26:42Z
2026-08-08T07:21:23Z,2026-08-08T09:21:23+0200,a13a8e1c-07bb-4e38-addf-c4d0871b05cd,2026-07-22T13:15:00Z,2026-07-22T15:15:00+0200,4099.0,MW,ES,ES,forecast_onshore_wind_generation,Wind Onshore,2026-08-08T07:26:42Z
2026-08-08T07:21:23Z,2026-08-08T09:21:23+0200,a13a8e1c-07bb-4e38-addf-c4d0871b05cd,2026-07-22T13:30:00Z,2026-07-22T15:30:00+0200,4258.0,MW,ES,ES,forecast_onshore_wind_generation,Wind Onshore,2026-08-08T07:26:42Z
2026-08-08T07:21:23Z,2026-08-08T09:21:23+0200,a13a8e1c-07bb-4e38-addf-c4d0871b05cd,2026-07-22T13:45:00Z,2026-07-22T15:45:00+0200,4397.0,MW,ES,ES,forecast_onshore_wind_generation,Wind Onshore,2026-08-08T07:26:42Z
2026-08-08T07:21:23Z,2026-08-08T09:21:23+0200,a13a8e1c-07bb-4e38-addf-c4d0871b05cd,2026-07-22T14:00:00Z,2026-07-22T16:00:00+0200,4849.0,MW,ES,ES,forecast_onshore_wind_generation,Wind Onshore,2026-08-08T07:26:42Z
2026-08-08T07:21:23Z,2026-08-08T09:21:23+0200,a13a8e1c-07bb-4e38-addf-c4d0871b05cd,2026-07-22T14:15:00Z,2026-07-22T16:15:00+0200,4976.0,MW,ES,ES,forecast_onshore_wind_generation,Wind Onshore,2026-08-08T07:26:42Z
2026-08-08T07:21:23Z,2026-08-08T09:21:23+0200,a13a8e1c-07bb-4e38-addf-c4d0871b05cd,2026-07-22T14:30:00Z,2026-07-22T16:30:00+0200,5105.0,MW,ES,ES,forecast_onshore_wind_generation,Wind Onshore,2026-08-08T07:26:42Z
2026-08-08T07:21:23Z,2026-08-08T09:21:23+0200,a13a8e1c-07bb-4e38-addf-c4d0871b05cd,2026-07-22T14:45:00Z,2026-07-22T16:45:00+0200,5237.0,MW,ES,ES,forecast_onshore_wind_generation,Wind Onshore,2026-08-08T07:26:42Z
2026-08-08T07:21:23Z,2026-08-08T09:21:23+0200,a13a8e1c-07bb-4e38-addf-c4d0871b05cd,2026-07-22T15:00:00Z,2026-07-22T17:00:00+0200,5465.0,MW,ES,ES,forecast_onshore_wind_generation,Wind Onshore,2026-08-08T07:26:42Z
2026-08-08T07:21:23Z,2026-08-08T09:21:23+0200,a13a8e1c-07bb-4e38-addf-c4d0871b05cd,2026-07-22T15:15:00Z,2026-07-22T17:15:00+0200,5598.0,MW,ES,ES,forecast_onshore_wind_generation,Wind Onshore,2026-08-08T07:26:42Z
2026-08-08T07:21:23Z,2026-08-08T09:21:23+0200,a13a8e1c-07bb-4e38-addf-c4d0871b05cd,2026-07-22T15:30:00Z,2026-07-22T17:30:00+0200,5702.0,MW,ES,ES,forecast_onshore_wind_generation,Wind Onshore,2026-08-08T07:26:42Z
2026-08-08T07:21:23Z,2026-08-08T09:21:23+0200,a13a8e1c-07bb-4e38-addf-c4d0871b05cd,2026-07-22T15:45:00Z,2026-07-22T17:45:00+0200,5791.0,MW,ES,ES,forecast_onshore_wind_generation,Wind Onshore,2026-08-08T07:26:42Z
2026-08-08T07:21:23Z,2026-08-08T09:21:23+0200,a13a8e1c-07bb-4e38-addf-c4d0871b05cd,2026-07-22T16:00:00Z,2026-07-22T18:00:00+0200,5941.0,MW,ES,ES,forecast_onshore_wind_generation,Wind Onshore,2026-08-08T07:26:42Z
2026-08-08T07:21:23Z,2026-08-08T09:21:23+0200,a13a8e1c-07bb-4e38-addf-c4d0871b05cd,2026-07-22T16:15:00Z,2026-07-22T18:15:00+0200,5961.0,MW,ES,ES,forecast_onshore_wind_generation,Wind Onshore,2026-08-08T07:26:42Z
2026-08-08T07:21:23Z,2026-08-08T09:21:23+0200,a13a8e1c-07bb-4e38-addf-c4d0871b05cd,2026-07-22T16:30:00Z,2026-07-22T18:30:00+0200,5950.0,MW,ES,ES,forecast_onshore_wind_generation,Wind Onshore,2026-08-08T07:26:42Z
2026-08-08T07:21:23Z,2026-08-08T09:21:23+0200,a13a8e1c-07bb-4e38-addf-c4d0871b05cd,2026-07-22T16:45:00Z,2026-07-22T18:45:00+0200,5902.0,MW,ES,ES,forecast_onshore_wind_generation,Wind Onshore,2026-08-08T07:26:42Z
2026-08-08T07:21:23Z,2026-08-08T09:21:23+0200,a13a8e1c-07bb-4e38-addf-c4d0871b05cd,2026-07-22T17:00:00Z,2026-07-22T19:00:00+0200,5794.0,MW,ES,ES,forecast_onshore_wind_generation,Wind Onshore,2026-08-08T07:26:42Z
2026-08-08T07:21:23Z,2026-08-08T09:21:23+0200,a13a8e1c-07bb-4e38-addf-c4d0871b05cd,2026-07-22T17:15:00Z,2026-07-22T19:15:00+0200,5740.0,MW,ES,ES,forecast_onshore_wind_generation,Wind Onshore,2026-08-08T07:26:42Z
2026-08-08T07:21:23Z,2026-08-08T09:21:23+0200,a13a8e1c-07bb-4e38-addf-c4d0871b05cd,2026-07-22T17:30:00Z,2026-07-22T19:30:00+0200,5703.0,MW,ES,ES,forecast_onshore_wind_generation,Wind Onshore,2026-08-08T07:26:42Z
2026-08-08T07:21:23Z,2026-08-08T09:21:23+0200,a13a8e1c-07bb-4e38-addf-c4d0871b05cd,2026-07-22T17:45:00Z,2026-07-22T19:45:00+0200,5675.0,MW,ES,ES,forecast_onshore_wind_generation,Wind Onshore,2026-08-08T07:26:42Z
2026-08-08T07:21:23Z,2026-08-08T09:21:23+0200,a13a8e1c-07bb-4e38-addf-c4d0871b05cd,2026-07-22T18:00:00Z,2026-07-22T20:00:00+0200,5762.0,MW,ES,ES,forecast_onshore_wind_generation,Wind Onshore,2026-08-08T07:26:42Z
2026-08-08T07:21:23Z,2026-08-08T09:21:23+0200,a13a8e1c-07bb-4e38-addf-c4d0871b05cd,2026-07-22T18:15:00Z,2026-07-22T20:15:00+0200,5730.0,MW,ES,ES,forecast_onshore_wind_generation,Wind Onshore,2026-08-08T07:26:42Z
2026-08-08T07:21:23Z,2026-08-08T09:21:23+0200,a13a8e1c-07bb-4e38-addf-c4d0871b05cd,2026-07-22T18:30:00Z,2026-07-22T20:30:00+0200,5670.0,MW,ES,ES,forecast_onshore_wind_generation,Wind Onshore,2026-08-08T07:26:42Z
2026-08-08T07:21:23Z,2026-08-08T09:21:23+0200,a13a8e1c-07bb-4e38-addf-c4d0871b05cd,2026-07-22T18:45:00Z,2026-07-22T20:45:00+0200,5572.0,MW,ES,ES,forecast_onshore_wind_generation,Wind Onshore,2026-08-08T07:26:42Z
2026-08-08T07:21:23Z,2026-08-08T09:21:23+0200,a13a8e1c-07bb-4e38-addf-c4d0871b05cd,2026-07-22T19:00:00Z,2026-07-22T21:00:00+0200,5473.0,MW,ES,ES,forecast_onshore_wind_generation,Wind Onshore,2026-08-08T07:26:42Z
2026-08-08T07:21:23Z,2026-08-08T09:21:23+0200,a13a8e1c-07bb-4e38-addf-c4d0871b05cd,2026-07-22T19:15:00Z,2026-07-22T21:15:00+0200,5375.0,MW,ES,ES,forecast_onshore_wind_generation,Wind Onshore,2026-08-08T07:26:42Z
2026-08-08T07:21:23Z,2026-08-08T09:21:23+0200,a13a8e1c-07bb-4e38-addf-c4d0871b05cd,2026-07-22T19:30:00Z,2026-07-22T21:30:00+0200,5259.0,MW,ES,ES,forecast_onshore_wind_generation,Wind Onshore,2026-08-08T07:26:42Z
2026-08-08T07:21:23Z,2026-08-08T09:21:23+0200,a13a8e1c-07bb-4e38-addf-c4d0871b05cd,2026-07-22T19:45:00Z,2026-07-22T21:45:00+0200,5185.0,MW,ES,ES,forecast_onshore_wind_generation,Wind Onshore,2026-08-08T07:26:42Z
2026-08-08T07:21:23Z,2026-08-08T09:21:23+0200,a13a8e1c-07bb-4e38-addf-c4d0871b05cd,2026-07-22T20:00:00Z,2026-07-22T22:00:00+0200,5136.0,MW,ES,ES,forecast_onshore_wind_generation,Wind Onshore,2026-08-08T07:26:42Z
2026-08-08T07:21:23Z,2026-08-08T09:21:23+0200,a13a8e1c-07bb-4e38-addf-c4d0871b05cd,2026-07-22T20:15:00Z,2026-07-22T22:15:00+0200,5081.0,MW,ES,ES,forecast_onshore_wind_generation,Wind Onshore,2026-08-08T07:26:42Z
2026-08-08T07:21:23Z,2026-08-08T09:21:23+0200,a13a8e1c-07bb-4e38-addf-c4d0871b05cd,2026-07-22T20:30:00Z,2026-07-22T22:30:00+0200,5029.0,MW,ES,ES,forecast_onshore_wind_generation,Wind Onshore,2026-08-08T07:26:42Z
2026-08-08T07:21:23Z,2026-08-08T09:21:23+0200,a13a8e1c-07bb-4e38-addf-c4d0871b05cd,2026-07-22T20:45:00Z,2026-07-22T22:45:00+0200,4977.0,MW,ES,ES,forecast_onshore_wind_generation,Wind Onshore,2026-08-08T07:26:42Z
2026-08-08T07:21:23Z,2026-08-08T09:21:23+0200,a13a8e1c-07bb-4e38-addf-c4d0871b05cd,2026-07-22T21:00:00Z,2026-07-22T23:00:00+0200,4932.0,MW,ES,ES,forecast_onshore_wind_generation,Wind Onshore,2026-08-08T07:26:42Z
2026-08-08T07:21:23Z,2026-08-08T09:21:23+0200,a13a8e1c-07bb-4e38-addf-c4d0871b05cd,2026-07-22T21:15:00Z,2026-07-22T23:15:00+0200,4878.0,MW,ES,ES,forecast_onshore_wind_generation,Wind Onshore,2026-08-08T07:26:42Z
2026-08-08T07:21:23Z,2026-08-08T09:21:23+0200,a13a8e1c-07bb-4e38-addf-c4d0871b05cd,2026-07-22T21:30:00Z,2026-07-22T23:30:00+0200,4821.0,MW,ES,ES,forecast_onshore_wind_generation,Wind Onshore,2026-08-08T07:26:42Z
2026-08-08T07:21:23Z,2026-08-08T09:21:23+0200,a13a8e1c-07bb-4e38-addf-c4d0871b05cd,2026-07-22T21:45:00Z,2026-07-22T23:45:00+0200,4763.0,MW,ES,ES,forecast_onshore_wind_generation,Wind Onshore,2026-08-08T07:26:42Z
2026-08-08T07:21:23Z,2026-08-08T09:21:23+0200,a13a8e1c-07bb-4e38-addf-c4d0871b05cd,2026-07-22T22:00:00Z,2026-07-23T00:00:00+0200,4753.0,MW,ES,ES,forecast_onshore_wind_generation,Wind Onshore,2026-08-08T07:26:42Z
2026-08-08T07:21:23Z,2026-08-08T09:21:23+0200,a13a8e1c-07bb-4e38-addf-c4d0871b05cd,2026-07-22T22:15:00Z,2026-07-23T00:15:00+0200,4663.0,MW,ES,ES,forecast_onshore_wind_generation,Wind Onshore,2026-08-08T07:26:42Z
2026-08-08T07:21:23Z,2026-08-08T09:21:23+0200,a13a8e1c-07bb-4e38-addf-c4d0871b05cd,2026-07-22T22:30:00Z,2026-07-23T00:30:00+0200,4554.0,MW,ES,ES,forecast_onshore_wind_generation,Wind Onshore,2026-08-08T07:26:42Z
2026-08-08T07:21:23Z,2026-08-08T09:21:23+0200,a13a8e1c-07bb-4e38-addf-c4d0871b05cd,2026-07-22T22:45:00Z,2026-07-23T00:45:00+0200,4430.0,MW,ES,ES,forecast_onshore_wind_generation,Wind Onshore,2026-08-08T07:26:42Z
2026-08-08T07:21:23Z,2026-08-08T09:21:23+0200,a13a8e1c-07bb-4e38-addf-c4d0871b05cd,2026-07-22T23:00:00Z,2026-07-23T01:00:00+0200,4302.0,MW,ES,ES,forecast_onshore_wind_generation,Wind Onshore,2026-08-08T07:26:42Z
2026-08-08T07:21:23Z,2026-08-08T09:21:23+0200,a13a8e1c-07bb-4e38-addf-c4d0871b05cd,2026-07-22T23:15:00Z,2026-07-23T01:15:00+0200,4163.0,MW,ES,ES,forecast_onshore_wind_generation,Wind Onshore,2026-08-08T07:26:42Z
2026-08-08T07:21:23Z,2026-08-08T09:21:23+0200,a13a8e1c-07bb-4e38-addf-c4d0871b05cd,2026-07-22T23:30:00Z,2026-07-23T01:30:00+0200,4024.0,MW,ES,ES,forecast_onshore_wind_generation,Wind Onshore,2026-08-08T07:26:42Z
2026-08-08T07:21:23Z,2026-08-08T09:21:23+0200,a13a8e1c-07bb-4e38-addf-c4d0871b05cd,2026-07-22T23:45:00Z,2026-07-23T01:45:00+0200,3885.0,MW,ES,ES,forecast_onshore_wind_generation,Wind Onshore,2026-08-08T07:26:42Z
2026-08-08T07:21:23Z,2026-08-08T09:21:23+0200,a13a8e1c-07bb-4e38-addf-c4d0871b05cd,2026-07-23T00:00:00Z,2026-07-23T02:00:00+0200,3753.0,MW,ES,ES,forecast_onshore_wind_generation,Wind Onshore,2026-08-08T07:26:42Z
2026-08-08T07:21:23Z,2026-08-08T09:21:23+0200,a13a8e1c-07bb-4e38-addf-c4d0871b05cd,2026-07-23T00:15:00Z,2026-07-23T02:15:00+0200,3614.0,MW,ES,ES,forecast_onshore_wind_generation,Wind Onshore,2026-08-08T07:26:42Z
2026-08-08T07:21:23Z,2026-08-08T09:21:23+0200,a13a8e1c-07bb-4e38-addf-c4d0871b05cd,2026-07-23T00:30:00Z,2026-07-23T02:30:00+0200,3475.0,MW,ES,ES,forecast_onshore_wind_generation,Wind Onshore,2026-08-08T07:26:42Z
2026-08-08T07:21:23Z,2026-08-08T09:21:23+0200,a13a8e1c-07bb-4e38-addf-c4d0871b05cd,2026-07-23T00:45:00Z,2026-07-23T02:45:00+0200,3340.0,MW,ES,ES,forecast_onshore_wind_generation,Wind Onshore,2026-08-08T07:26:42Z
2026-08-08T07:21:23Z,2026-08-08T09:21:23+0200,a13a8e1c-07bb-4e38-addf-c4d0871b05cd,2026-07-23T01:00:00Z,2026-07-23T03:00:00+0200,3205.0,MW,ES,ES,forecast_onshore_wind_generation,Wind Onshore,2026-08-08T07:26:42Z
2026-08-08T07:21:23Z,2026-08-08T09:21:23+0200,a13a8e1c-07bb-4e38-addf-c4d0871b05cd,2026-07-23T01:15:00Z,2026-07-23T03:15:00+0200,3084.0,MW,ES,ES,forecast_onshore_wind_generation,Wind Onshore,2026-08-08T07:26:42Z
2026-08-08T07:21:23Z,2026-08-08T09:21:23+0200,a13a8e1c-07bb-4e38-addf-c4d0871b05cd,2026-07-23T01:30:00Z,2026-07-23T03:30:00+0200,2976.0,MW,ES,ES,forecast_onshore_wind_generation,Wind Onshore,2026-08-08T07:26:42Z
2026-08-08T07:21:23Z,2026-08-08T09:21:23+0200,a13a8e1c-07bb-4e38-addf-c4d0871b05cd,2026-07-23T01:45:00Z,2026-07-23T03:45:00+0200,2880.0,MW,ES,ES,forecast_onshore_wind_generation,Wind Onshore,2026-08-08T07:26:42Z
2026-08-08T07:21:23Z,2026-08-08T09:21:23+0200,a13a8e1c-07bb-4e38-addf-c4d0871b05cd,2026-07-23T02:00:00Z,2026-07-23T04:00:00+0200,2784.0,MW,ES,ES,forecast_onshore_wind_generation,Wind Onshore,2026-08-08T07:26:42Z
2026-08-08T07:21:23Z,2026-08-08T09:21:23+0200,a13a8e1c-07bb-4e38-addf-c4d0871b05cd,2026-07-23T02:15:00Z,2026-07-23T04:15:00+0200,2704.0,MW,ES,ES,forecast_onshore_wind_generation,Wind Onshore,2026-08-08T07:26:42Z
2026-08-08T07:21:23Z,2026-08-08T09:21:23+0200,a13a8e1c-07bb-4e38-addf-c4d0871b05cd,2026-07-23T02:30:00Z,2026-07-23T04:30:00+0200,2629.0,MW,ES,ES,forecast_onshore_wind_generation,Wind Onshore,2026-08-08T07:26:42Z
2026-08-08T07:21:23Z,2026-08-08T09:21:23+0200,a13a8e1c-07bb-4e38-addf-c4d0871b05cd,2026-07-23T02:45:00Z,2026-07-23T04:45:00+0200,2558.0,MW,ES,ES,forecast_onshore_wind_generation,Wind Onshore,2026-08-08T07:26:42Z
2026-08-08T07:21:23Z,2026-08-08T09:21:23+0200,a13a8e1c-07bb-4e38-addf-c4d0871b05cd,2026-07-23T03:00:00Z,2026-07-23T05:00:00+0200,2495.0,MW,ES,ES,forecast_onshore_wind_generation,Wind Onshore,2026-08-08T07:26:42Z
2026-08-08T07:21:23Z,2026-08-08T09:21:23+0200,a13a8e1c-07bb-4e38-addf-c4d0871b05cd,2026-07-23T03:15:00Z,2026-07-23T05:15:00+0200,2423.0,MW,ES,ES,forecast_onshore_wind_generation,Wind Onshore,2026-08-08T07:26:42Z
2026-08-08T07:21:23Z,2026-08-08T09:21:23+0200,a13a8e1c-07bb-4e38-addf-c4d0871b05cd,2026-07-23T03:30:00Z,2026-07-23T05:30:00+0200,2349.0,MW,ES,ES,forecast_onshore_wind_generation,Wind Onshore,2026-08-08T07:26:42Z
2026-08-08T07:21:23Z,2026-08-08T09:21:23+0200,a13a8e1c-07bb-4e38-addf-c4d0871b05cd,2026-07-23T03:45:00Z,2026-07-23T05:45:00+0200,2272.0,MW,ES,ES,forecast_onshore_wind_generation,Wind Onshore,2026-08-08T07:26:42Z
2026-08-08T07:21:23Z,2026-08-08T09:21:23+0200,a13a8e1c-07bb-4e38-addf-c4d0871b05cd,2026-07-23T04:00:00Z,2026-07-23T06:00:00+0200,2201.0,MW,ES,ES,forecast_onshore_wind_generation,Wind Onshore,2026-08-08T07:26:42Z
2026-08-08T07:21:23Z,2026-08-08T09:21:23+0200,a13a8e1c-07bb-4e38-addf-c4d0871b05cd,2026-07-23T04:15:00Z,2026-07-23T06:15:00+0200,2123.0,MW,ES,ES,forecast_onshore_wind_generation,Wind Onshore,2026-08-08T07:26:42Z
2026-08-08T07:21:23Z,2026-08-08T09:21:23+0200,a13a8e1c-07bb-4e38-addf-c4d0871b05cd,2026-07-23T04:30:00Z,2026-07-23T06:30:00+0200,2046.0,MW,ES,ES,forecast_onshore_wind_generation,Wind Onshore,2026-08-08T07:26:42Z
2026-08-08T07:21:23Z,2026-08-08T09:21:23+0200,a13a8e1c-07bb-4e38-addf-c4d0871b05cd,2026-07-23T04:45:00Z,2026-07-23T06:45:00+0200,1969.0,MW,ES,ES,forecast_onshore_wind_generation,Wind Onshore,2026-08-08T07:26:42Z
2026-08-08T07:21:23Z,2026-08-08T09:21:23+0200,a13a8e1c-07bb-4e38-addf-c4d0871b05cd,2026-07-23T05:00:00Z,2026-07-23T07:00:00+0200,1901.0,MW,ES,ES,forecast_onshore_wind_generation,Wind Onshore,2026-08-08T07:26:42Z
2026-08-08T07:21:23Z,2026-08-08T09:21:23+0200,a13a8e1c-07bb-4e38-addf-c4d0871b05cd,2026-07-23T05:15:00Z,2026-07-23T07:15:00+0200,1823.0,MW,ES,ES,forecast_onshore_wind_generation,Wind Onshore,2026-08-08T07:26:42Z
2026-08-08T07:21:23Z,2026-08-08T09:21:23+0200,a13a8e1c-07bb-4e38-addf-c4d0871b05cd,2026-07-23T05:30:00Z,2026-07-23T07:30:00+0200,1747.0,MW,ES,ES,forecast_onshore_wind_generation,Wind Onshore,2026-08-08T07:26:42Z
2026-08-08T07:21:23Z,2026-08-08T09:21:23+0200,a13a8e1c-07bb-4e38-addf-c4d0871b05cd,2026-07-23T05:45:00Z,2026-07-23T07:45:00+0200,1676.0,MW,ES,ES,forecast_onshore_wind_generation,Wind Onshore,2026-08-08T07:26:42Z
2026-08-08T07:21:23Z,2026-08-08T09:21:23+0200,a13a8e1c-07bb-4e38-addf-c4d0871b05cd,2026-07-23T06:00:00Z,2026-07-23T08:00:00+0200,1581.0,MW,ES,ES,forecast_onshore_wind_generation,Wind Onshore,2026-08-08T07:26:42Z
2026-08-08T07:21:23Z,2026-08-08T09:21:23+0200,a13a8e1c-07bb-4e38-addf-c4d0871b05cd,2026-07-23T06:15:00Z,2026-07-23T08:15:00+0200,1537.0,MW,ES,ES,forecast_onshore_wind_generation,Wind Onshore,2026-08-08T07:26:42Z
2026-08-08T07:21:23Z,2026-08-08T09:21:23+0200,a13a8e1c-07bb-4e38-addf-c4d0871b05cd,2026-07-23T06:30:00Z,2026-07-23T08:30:00+0200,1493.0,MW,ES,ES,forecast_onshore_wind_generation,Wind Onshore,2026-08-08T07:26:42Z
2026-08-08T07:21:23Z,2026-08-08T09:21:23+0200,a13a8e1c-07bb-4e38-addf-c4d0871b05cd,2026-07-23T06:45:00Z,2026-07-23T08:45:00+0200,1490.0,MW,ES,ES,forecast_onshore_wind_generation,Wind Onshore,2026-08-08T07:26:42Z
2026-08-08T07:21:23Z,2026-08-08T09:21:23+0200,a13a8e1c-07bb-4e38-addf-c4d0871b05cd,2026-07-23T07:00:00Z,2026-07-23T09:00:00+0200,1464.0,MW,ES,ES,forecast_onshore_wind_generation,Wind Onshore,2026-08-08T07:26:42Z
2026-08-08T07:21:23Z,2026-08-08T09:21:23+0200,a13a8e1c-07bb-4e38-addf-c4d0871b05cd,2026-07-23T07:15:00Z,2026-07-23T09:15:00+0200,1507.0,MW,ES,ES,forecast_onshore_wind_generation,Wind Onshore,2026-08-08T07:26:42Z
2026-08-08T07:21:23Z,2026-08-08T09:21:23+0200,a13a8e1c-07bb-4e38-addf-c4d0871b05cd,2026-07-23T07:30:00Z,2026-07-23T09:30:00+0200,1570.0,MW,ES,ES,forecast_onshore_wind_generation,Wind Onshore,2026-08-08T07:26:42Z
2026-08-08T07:21:23Z,2026-08-08T09:21:23+0200,a13a8e1c-07bb-4e38-addf-c4d0871b05cd,2026-07-23T07:45:00Z,2026-07-23T09:45:00+0200,1659.0,MW,ES,ES,forecast_onshore_wind_generation,Wind Onshore,2026-08-08T07:26:42Z
2026-08-08T07:21:23Z,2026-08-08T09:21:23+0200,a13a8e1c-07bb-4e38-addf-c4d0871b05cd,2026-07-23T08:00:00Z,2026-07-23T10:00:00+0200,1735.0,MW,ES,ES,forecast_onshore_wind_generation,Wind Onshore,2026-08-08T07:26:42Z
2026-08-08T07:21:23Z,2026-08-08T09:21:23+0200,a13a8e1c-07bb-4e38-addf-c4d0871b05cd,2026-07-23T08:15:00Z,2026-07-23T10:15:00+0200,1853.0,MW,ES,ES,forecast_onshore_wind_generation,Wind Onshore,2026-08-08T07:26:42Z
2026-08-08T07:21:23Z,2026-08-08T09:21:23+0200,a13a8e1c-07bb-4e38-addf-c4d0871b05cd,2026-07-23T08:30:00Z,2026-07-23T10:30:00+0200,1991.0,MW,ES,ES,forecast_onshore_wind_generation,Wind Onshore,2026-08-08T07:26:42Z
2026-08-08T07:21:23Z,2026-08-08T09:21:23+0200,a13a8e1c-07bb-4e38-addf-c4d0871b05cd,2026-07-23T08:45:00Z,2026-07-23T10:45:00+0200,2127.0,MW,ES,ES,forecast_onshore_wind_generation,Wind Onshore,2026-08-08T07:26:42Z
2026-08-08T07:21:23Z,2026-08-08T09:21:23+0200,a13a8e1c-07bb-4e38-addf-c4d0871b05cd,2026-07-23T09:00:00Z,2026-07-23T11:00:00+0200,2129.0,MW,ES,ES,forecast_onshore_wind_generation,Wind Onshore,2026-08-08T07:26:42Z
2026-08-08T07:21:23Z,2026-08-08T09:21:23+0200,a13a8e1c-07bb-4e38-addf-c4d0871b05cd,2026-07-23T09:15:00Z,2026-07-23T11:15:00+0200,2250.0,MW,ES,ES,forecast_onshore_wind_generation,Wind Onshore,2026-08-08T07:26:42Z
2026-08-08T07:21:23Z,2026-08-08T09:21:23+0200,a13a8e1c-07bb-4e38-addf-c4d0871b05cd,2026-07-23T09:30:00Z,2026-07-23T11:30:00+0200,2396.0,MW,ES,ES,forecast_onshore_wind_generation,Wind Onshore,2026-08-08T07:26:42Z
2026-08-08T07:21:23Z,2026-08-08T09:21:23+0200,a13a8e1c-07bb-4e38-addf-c4d0871b05cd,2026-07-23T09:45:00Z,2026-07-23T11:45:00+0200,2536.0,MW,ES,ES,forecast_onshore_wind_generation,Wind Onshore,2026-08-08T07:26:42Z
2026-08-08T07:21:23Z,2026-08-08T09:21:23+0200,a13a8e1c-07bb-4e38-addf-c4d0871b05cd,2026-07-23T10:00:00Z,2026-07-23T12:00:00+0200,2392.0,MW,ES,ES,forecast_onshore_wind_generation,Wind Onshore,2026-08-08T07:26:42Z
2026-08-08T07:21:23Z,2026-08-08T09:21:23+0200,a13a8e1c-07bb-4e38-addf-c4d0871b05cd,2026-07-23T10:15:00Z,2026-07-23T12:15:00+0200,2554.0,MW,ES,ES,forecast_onshore_wind_generation,Wind Onshore,2026-08-08T07:26:42Z
2026-08-08T07:21:23Z,2026-08-08T09:21:23+0200,a13a8e1c-07bb-4e38-addf-c4d0871b05cd,2026-07-23T10:30:00Z,2026-07-23T12:30:00+0200,2707.0,MW,ES,ES,forecast_onshore_wind_generation,Wind Onshore,2026-08-08T07:26:42Z
2026-08-08T07:21:23Z,2026-08-08T09:21:23+0200,a13a8e1c-07bb-4e38-addf-c4d0871b05cd,2026-07-23T10:45:00Z,2026-07-23T12:45:00+0200,2860.0,MW,ES,ES,forecast_onshore_wind_generation,Wind Onshore,2026-08-08T07:26:42Z
2026-08-08T07:21:23Z,2026-08-08T09:21:23+0200,a13a8e1c-07bb-4e38-addf-c4d0871b05cd,2026-07-23T11:00:00Z,2026-07-23T13:00:00+0200,3060.0,MW,ES,ES,forecast_onshore_wind_generation,Wind Onshore,2026-08-08T07:26:42Z
2026-08-08T07:21:23Z,2026-08-08T09:21:23+0200,a13a8e1c-07bb-4e38-addf-c4d0871b05cd,2026-07-23T11:15:00Z,2026-07-23T13:15:00+0200,3223.0,MW,ES,ES,forecast_onshore_wind_generation,Wind Onshore,2026-08-08T07:26:42Z
2026-08-08T07:21:23Z,2026-08-08T09:21:23+0200,a13a8e1c-07bb-4e38-addf-c4d0871b05cd,2026-07-23T11:30:00Z,2026-07-23T13:30:00+0200,3385.0,MW,ES,ES,forecast_onshore_wind_generation,Wind Onshore,2026-08-08T07:26:42Z
2026-08-08T07:21:23Z,2026-08-08T09:21:23+0200,a13a8e1c-07bb-4e38-addf-c4d0871b05cd,2026-07-23T11:45:00Z,2026-07-23T13:45:00+0200,3537.0,MW,ES,ES,forecast_onshore_wind_generation,Wind Onshore,2026-08-08T07:26:42Z
2026-08-08T07:21:23Z,2026-08-08T09:21:23+0200,a13a8e1c-07bb-4e38-addf-c4d0871b05cd,2026-07-23T12:00:00Z,2026-07-23T14:00:00+0200,3739.0,MW,ES,ES,forecast_onshore_wind_generation,Wind Onshore,2026-08-08T07:26:42Z
2026-08-08T07:21:23Z,2026-08-08T09:21:23+0200,a13a8e1c-07bb-4e38-addf-c4d0871b05cd,2026-07-23T12:15:00Z,2026-07-23T14:15:00+0200,3879.0,MW,ES,ES,forecast_onshore_wind_generation,Wind Onshore,2026-08-08T07:26:42Z
2026-08-08T07:21:23Z,2026-08-08T09:21:23+0200,a13a8e1c-07bb-4e38-addf-c4d0871b05cd,2026-07-23T12:30:00Z,2026-07-23T14:30:00+0200,4015.0,MW,ES,ES,forecast_onshore_wind_generation,Wind Onshore,2026-08-08T07:26:42Z
2026-08-08T07:21:23Z,2026-08-08T09:21:23+0200,a13a8e1c-07bb-4e38-addf-c4d0871b05cd,2026-07-23T12:45:00Z,2026-07-23T14:45:00+0200,4133.0,MW,ES,ES,forecast_onshore_wind_generation,Wind Onshore,2026-08-08T07:26:42Z
2026-08-08T07:21:23Z,2026-08-08T09:21:23+0200,a13a8e1c-07bb-4e38-addf-c4d0871b05cd,2026-07-23T13:00:00Z,2026-07-23T15:00:00+0200,4259.0,MW,ES,ES,forecast_onshore_wind_generation,Wind Onshore,2026-08-08T07:26:42Z
2026-08-08T07:21:23Z,2026-08-08T09:21:23+0200,a13a8e1c-07bb-4e38-addf-c4d0871b05cd,2026-07-23T13:15:00Z,2026-07-23T15:15:00+0200,4366.0,MW,ES,ES,forecast_onshore_wind_generation,Wind Onshore,2026-08-08T07:26:42Z
2026-08-08T07:21:23Z,2026-08-08T09:21:23+0200,a13a8e1c-07bb-4e38-addf-c4d0871b05cd,2026-07-23T13:30:00Z,2026-07-23T15:30:00+0200,4457.0,MW,ES,ES,forecast_onshore_wind_generation,Wind Onshore,2026-08-08T07:26:42Z
2026-08-08T07:21:23Z,2026-08-08T09:21:23+0200,a13a8e1c-07bb-4e38-addf-c4d0871b05cd,2026-07-23T13:45:00Z,2026-07-23T15:45:00+0200,4545.0,MW,ES,ES,forecast_onshore_wind_generation,Wind Onshore,2026-08-08T07:26:42Z
2026-08-08T07:21:23Z,2026-08-08T09:21:23+0200,a13a8e1c-07bb-4e38-addf-c4d0871b05cd,2026-07-23T14:00:00Z,2026-07-23T16:00:00+0200,4914.0,MW,ES,ES,forecast_onshore_wind_generation,Wind Onshore,2026-08-08T07:26:42Z
2026-08-08T07:21:23Z,2026-08-08T09:21:23+0200,a13a8e1c-07bb-4e38-addf-c4d0871b05cd,2026-07-23T14:15:00Z,2026-07-23T16:15:00+0200,4979.0,MW,ES,ES,forecast_onshore_wind_generation,Wind Onshore,2026-08-08T07:26:42Z
2026-08-08T07:21:23Z,2026-08-08T09:21:23+0200,a13a8e1c-07bb-4e38-addf-c4d0871b05cd,2026-07-23T14:30:00Z,2026-07-23T16:30:00+0200,5017.0,MW,ES,ES,forecast_onshore_wind_generation,Wind Onshore,2026-08-08T07:26:42Z
2026-08-08T07:21:23Z,2026-08-08T09:21:23+0200,a13a8e1c-07bb-4e38-addf-c4d0871b05cd,2026-07-23T14:45:00Z,2026-07-23T16:45:00+0200,5082.0,MW,ES,ES,forecast_onshore_wind_generation,Wind Onshore,2026-08-08T07:26:42Z
2026-08-08T07:21:23Z,2026-08-08T09:21:23+0200,a13a8e1c-07bb-4e38-addf-c4d0871b05cd,2026-07-23T15:00:00Z,2026-07-23T17:00:00+0200,4910.0,MW,ES,ES,forecast_onshore_wind_generation,Wind Onshore,2026-08-08T07:26:42Z
2026-08-08T07:21:23Z,2026-08-08T09:21:23+0200,a13a8e1c-07bb-4e38-addf-c4d0871b05cd,2026-07-23T15:15:00Z,2026-07-23T17:15:00+0200,4971.0,MW,ES,ES,forecast_onshore_wind_generation,Wind Onshore,2026-08-08T07:26:42Z
2026-08-08T07:21:23Z,2026-08-08T09:21:23+0200,a13a8e1c-07bb-4e38-addf-c4d0871b05cd,2026-07-23T15:30:00Z,2026-07-23T17:30:00+0200,5020.0,MW,ES,ES,forecast_onshore_wind_generation,Wind Onshore,2026-08-08T07:26:42Z
2026-08-08T07:21:23Z,2026-08-08T09:21:23+0200,a13a8e1c-07bb-4e38-addf-c4d0871b05cd,2026-07-23T15:45:00Z,2026-07-23T17:45:00+0200,5062.0,MW,ES,ES,forecast_onshore_wind_generation,Wind Onshore,2026-08-08T07:26:42Z
2026-08-08T07:21:23Z,2026-08-08T09:21:23+0200,a13a8e1c-07bb-4e38-addf-c4d0871b05cd,2026-07-23T16:00:00Z,2026-07-23T18:00:00+0200,5277.0,MW,ES,ES,forecast_onshore_wind_generation,Wind Onshore,2026-08-08T07:26:42Z
2026-08-08T07:21:23Z,2026-08-08T09:21:23+0200,a13a8e1c-07bb-4e38-addf-c4d0871b05cd,2026-07-23T16:15:00Z,2026-07-23T18:15:00+0200,5252.0,MW,ES,ES,forecast_onshore_wind_generation,Wind Onshore,2026-08-08T07:26:42Z
2026-08-08T07:21:23Z,2026-08-08T09:21:23+0200,a13a8e1c-07bb-4e38-addf-c4d0871b05cd,2026-07-23T16:30:00Z,2026-07-23T18:30:00+0200,5292.0,MW,ES,ES,forecast_onshore_wind_generation,Wind Onshore,2026-08-08T07:26:42Z
2026-08-08T07:21:23Z,2026-08-08T09:21:23+0200,a13a8e1c-07bb-4e38-addf-c4d0871b05cd,2026-07-23T16:45:00Z,2026-07-23T18:45:00+0200,5249.0,MW,ES,ES,forecast_onshore_wind_generation,Wind Onshore,2026-08-08T07:26:42Z
2026-08-08T07:21:23Z,2026-08-08T09:21:23+0200,a13a8e1c-07bb-4e38-addf-c4d0871b05cd,2026-07-23T17:00:00Z,2026-07-23T19:00:00+0200,5618.0,MW,ES,ES,forecast_onshore_wind_generation,Wind Onshore,2026-08-08T07:26:42Z
2026-08-08T07:21:23Z,2026-08-08T09:21:23+0200,a13a8e1c-07bb-4e38-addf-c4d0871b05cd,2026-07-23T17:15:00Z,2026-07-23T19:15:00+0200,5530.0,MW,ES,ES,forecast_onshore_wind_generation,Wind Onshore,2026-08-08T07:26:42Z
2026-08-08T07:21:23Z,2026-08-08T09:21:23+0200,a13a8e1c-07bb-4e38-addf-c4d0871b05cd,2026-07-23T17:30:00Z,2026-07-23T19:30:00+0200,5498.0,MW,ES,ES,forecast_onshore_wind_generation,Wind Onshore,2026-08-08T07:26:42Z
2026-08-08T07:21:23Z,2026-08-08T09:21:23+0200,a13a8e1c-07bb-4e38-addf-c4d0871b05cd,2026-07-23T17:45:00Z,2026-07-23T19:45:00+0200,5453.0,MW,ES,ES,forecast_onshore_wind_generation,Wind Onshore,2026-08-08T07:26:42Z
2026-08-08T07:21:23Z,2026-08-08T09:21:23+0200,a13a8e1c-07bb-4e38-addf-c4d0871b05cd,2026-07-23T18:00:00Z,2026-07-23T20:00:00+0200,5458.0,MW,ES,ES,forecast_onshore_wind_generation,Wind Onshore,2026-08-08T07:26:42Z
2026-08-08T07:21:23Z,2026-08-08T09:21:23+0200,a13a8e1c-07bb-4e38-addf-c4d0871b05cd,2026-07-23T18:15:00Z,2026-07-23T20:15:00+0200,5341.0,MW,ES,ES,forecast_onshore_wind_generation,Wind Onshore,2026-08-08T07:26:42Z
2026-08-08T07:21:23Z,2026-08-08T09:21:23+0200,a13a8e1c-07bb-4e38-addf-c4d0871b05cd,2026-07-23T18:30:00Z,2026-07-23T20:30:00+0200,5235.0,MW,ES,ES,forecast_onshore_wind_generation,Wind Onshore,2026-08-08T07:26:42Z
2026-08-08T07:21:23Z,2026-08-08T09:21:23+0200,a13a8e1c-07bb-4e38-addf-c4d0871b05cd,2026-07-23T18:45:00Z,2026-07-23T20:45:00+0200,5139.0,MW,ES,ES,forecast_onshore_wind_generation,Wind Onshore,2026-08-08T07:26:42Z
2026-08-08T07:21:23Z,2026-08-08T09:21:23+0200,a13a8e1c-07bb-4e38-addf-c4d0871b05cd,2026-07-23T19:00:00Z,2026-07-23T21:00:00+0200,5037.0,MW,ES,ES,forecast_onshore_wind_generation,Wind Onshore,2026-08-08T07:26:42Z
2026-08-08T07:21:23Z,2026-08-08T09:21:23+0200,a13a8e1c-07bb-4e38-addf-c4d0871b05cd,2026-07-23T19:15:00Z,2026-07-23T21:15:00+0200,4952.0,MW,ES,ES,forecast_onshore_wind_generation,Wind Onshore,2026-08-08T07:26:42Z
2026-08-08T07:21:23Z,2026-08-08T09:21:23+0200,a13a8e1c-07bb-4e38-addf-c4d0871b05cd,2026-07-23T19:30:00Z,2026-07-23T21:30:00+0200,4870.0,MW,ES,ES,forecast_onshore_wind_generation,Wind Onshore,2026-08-08T07:26:42Z
2026-08-08T07:21:23Z,2026-08-08T09:21:23+0200,a13a8e1c-07bb-4e38-addf-c4d0871b05cd,2026-07-23T19:45:00Z,2026-07-23T21:45:00+0200,4789.0,MW,ES,ES,forecast_onshore_wind_generation,Wind Onshore,2026-08-08T07:26:42Z
2026-08-08T07:21:23Z,2026-08-08T09:21:23+0200,a13a8e1c-07bb-4e38-addf-c4d0871b05cd,2026-07-23T20:00:00Z,2026-07-23T22:00:00+0200,4721.0,MW,ES,ES,forecast_onshore_wind_generation,Wind Onshore,2026-08-08T07:26:42Z
2026-08-08T07:21:23Z,2026-08-08T09:21:23+0200,a13a8e1c-07bb-4e38-addf-c4d0871b05cd,2026-07-23T20:15:00Z,2026-07-23T22:15:00+0200,4636.0,MW,ES,ES,forecast_onshore_wind_generation,Wind Onshore,2026-08-08T07:26:42Z
2026-08-08T07:21:23Z,2026-08-08T09:21:23+0200,a13a8e1c-07bb-4e38-addf-c4d0871b05cd,2026-07-23T20:30:00Z,2026-07-23T22:30:00+0200,4527.0,MW,ES,ES,forecast_onshore_wind_generation,Wind Onshore,2026-08-08T07:26:42Z
2026-08-08T07:21:23Z,2026-08-08T09:21:23+0200,a13a8e1c-07bb-4e38-addf-c4d0871b05cd,2026-07-23T20:45:00Z,2026-07-23T22:45:00+0200,4437.0,MW,ES,ES,forecast_onshore_wind_generation,Wind Onshore,2026-08-08T07:26:42Z
2026-08-08T07:21:23Z,2026-08-08T09:21:23+0200,a13a8e1c-07bb-4e38-addf-c4d0871b05cd,2026-07-23T21:00:00Z,2026-07-23T23:00:00+0200,4337.0,MW,ES,ES,forecast_onshore_wind_generation,Wind Onshore,2026-08-08T07:26:42Z
2026-08-08T07:21:23Z,2026-08-08T09:21:23+0200,a13a8e1c-07bb-4e38-addf-c4d0871b05cd,2026-07-23T21:15:00Z,2026-07-23T23:15:00+0200,4253.0,MW,ES,ES,forecast_onshore_wind_generation,Wind Onshore,2026-08-08T07:26:42Z
2026-08-08T07:21:23Z,2026-08-08T09:21:23+0200,a13a8e1c-07bb-4e38-addf-c4d0871b05cd,2026-07-23T21:30:00Z,2026-07-23T23:30:00+0200,4176.0,MW,ES,ES,forecast_onshore_wind_generation,Wind Onshore,2026-08-08T07:26:42Z
2026-08-08T07:21:23Z,2026-08-08T09:21:23+0200,a13a8e1c-07bb-4e38-addf-c4d0871b05cd,2026-07-23T21:45:00Z,2026-07-23T23:45:00+0200,4105.0,MW,ES,ES,forecast_onshore_wind_generation,Wind Onshore,2026-08-08T07:26:42Z
2026-08-08T07:21:23Z,2026-08-08T09:21:23+0200,a13a8e1c-07bb-4e38-addf-c4d0871b05cd,2026-07-23T22:00:00Z,2026-07-24T00:00:00+0200,4058.0,MW,ES,ES,forecast_onshore_wind_generation,Wind Onshore,2026-08-08T07:26:42Z
2026-08-08T07:21:23Z,2026-08-08T09:21:23+0200,a13a8e1c-07bb-4e38-addf-c4d0871b05cd,2026-07-23T22:15:00Z,2026-07-24T00:15:00+0200,4017.0,MW,ES,ES,forecast_onshore_wind_generation,Wind Onshore,2026-08-08T07:26:42Z
2026-08-08T07:21:23Z,2026-08-08T09:21:23+0200,a13a8e1c-07bb-4e38-addf-c4d0871b05cd,2026-07-23T22:30:00Z,2026-07-24T00:30:00+0200,3961.0,MW,ES,ES,forecast_onshore_wind_generation,Wind Onshore,2026-08-08T07:26:42Z
2026-08-08T07:21:23Z,2026-08-08T09:21:23+0200,a13a8e1c-07bb-4e38-addf-c4d0871b05cd,2026-07-23T22:45:00Z,2026-07-24T00:45:00+0200,3892.0,MW,ES,ES,forecast_onshore_wind_generation,Wind Onshore,2026-08-08T07:26:42Z
2026-08-08T07:21:23Z,2026-08-08T09:21:23+0200,a13a8e1c-07bb-4e38-addf-c4d0871b05cd,2026-07-23T23:00:00Z,2026-07-24T01:00:00+0200,3835.0,MW,ES,ES,forecast_onshore_wind_generation,Wind Onshore,2026-08-08T07:26:42Z
2026-08-08T07:21:23Z,2026-08-08T09:21:23+0200,a13a8e1c-07bb-4e38-addf-c4d0871b05cd,2026-07-23T23:15:00Z,2026-07-24T01:15:00+0200,3749.0,MW,ES,ES,forecast_onshore_wind_generation,Wind Onshore,2026-08-08T07:26:42Z
2026-08-08T07:21:23Z,2026-08-08T09:21:23+0200,a13a8e1c-07bb-4e38-addf-c4d0871b05cd,2026-07-23T23:30:00Z,2026-07-24T01:30:00+0200,3658.0,MW,ES,ES,forecast_onshore_wind_generation,Wind Onshore,2026-08-08T07:26:42Z
2026-08-08T07:21:23Z,2026-08-08T09:21:23+0200,a13a8e1c-07bb-4e38-addf-c4d0871b05cd,2026-07-23T23:45:00Z,2026-07-24T01:45:00+0200,3567.0,MW,ES,ES,forecast_onshore_wind_generation,Wind Onshore,2026-08-08T07:26:42Z
2026-08-08T07:21:23Z,2026-08-08T09:21:23+0200,a13a8e1c-07bb-4e38-addf-c4d0871b05cd,2026-07-24T00:00:00Z,2026-07-24T02:00:00+0200,3468.0,MW,ES,ES,forecast_onshore_wind_generation,Wind Onshore,2026-08-08T07:26:42Z
2026-08-08T07:21:23Z,2026-08-08T09:21:23+0200,a13a8e1c-07bb-4e38-addf-c4d0871b05cd,2026-07-24T00:15:00Z,2026-07-24T02:15:00+0200,3389.0,MW,ES,ES,forecast_onshore_wind_generation,Wind Onshore,2026-08-08T07:26:42Z
2026-08-08T07:21:23Z,2026-08-08T09:21:23+0200,a13a8e1c-07bb-4e38-addf-c4d0871b05cd,2026-07-24T00:30:00Z,2026-07-24T02:30:00+0200,3323.0,MW,ES,ES,forecast_onshore_wind_generation,Wind Onshore,2026-08-08T07:26:42Z
2026-08-08T07:21:23Z,2026-08-08T09:21:23+0200,a13a8e1c-07bb-4e38-addf-c4d0871b05cd,2026-07-24T00:45:00Z,2026-07-24T02:45:00+0200,3267.0,MW,ES,ES,forecast_onshore_wind_generation,Wind Onshore,2026-08-08T07:26:42Z
2026-08-08T07:21:23Z,2026-08-08T09:21:23+0200,a13a8e1c-07bb-4e38-addf-c4d0871b05cd,2026-07-24T01:00:00Z,2026-07-24T03:00:00+0200,3209.0,MW,ES,ES,forecast_onshore_wind_generation,Wind Onshore,2026-08-08T07:26:42Z
2026-08-08T07:21:23Z,2026-08-08T09:21:23+0200,a13a8e1c-07bb-4e38-addf-c4d0871b05cd,2026-07-24T01:15:00Z,2026-07-24T03:15:00+0200,3173.0,MW,ES,ES,forecast_onshore_wind_generation,Wind Onshore,2026-08-08T07:26:42Z
2026-08-08T07:21:23Z,2026-08-08T09:21:23+0200,a13a8e1c-07bb-4e38-addf-c4d0871b05cd,2026-07-24T01:30:00Z,2026-07-24T03:30:00+0200,3145.0,MW,ES,ES,forecast_onshore_wind_generation,Wind Onshore,2026-08-08T07:26:42Z
2026-08-08T07:21:23Z,2026-08-08T09:21:23+0200,a13a8e1c-07bb-4e38-addf-c4d0871b05cd,2026-07-24T01:45:00Z,2026-07-24T03:45:00+0200,3124.0,MW,ES,ES,forecast_onshore_wind_generation,Wind Onshore,2026-08-08T07:26:42Z
2026-08-08T07:21:23Z,2026-08-08T09:21:23+0200,a13a8e1c-07bb-4e38-addf-c4d0871b05cd,2026-07-24T02:00:00Z,2026-07-24T04:00:00+0200,3110.0,MW,ES,ES,forecast_onshore_wind_generation,Wind Onshore,2026-08-08T07:26:42Z
2026-08-08T07:21:23Z,2026-08-08T09:21:23+0200,a13a8e1c-07bb-4e38-addf-c4d0871b05cd,2026-07-24T02:15:00Z,2026-07-24T04:15:00+0200,3087.0,MW,ES,ES,forecast_onshore_wind_generation,Wind Onshore,2026-08-08T07:26:42Z
2026-08-08T07:21:23Z,2026-08-08T09:21:23+0200,a13a8e1c-07bb-4e38-addf-c4d0871b05cd,2026-07-24T02:30:00Z,2026-07-24T04:30:00+0200,3060.0,MW,ES,ES,forecast_onshore_wind_generation,Wind Onshore,2026-08-08T07:26:42Z
2026-08-08T07:21:23Z,2026-08-08T09:21:23+0200,a13a8e1c-07bb-4e38-addf-c4d0871b05cd,2026-07-24T02:45:00Z,2026-07-24T04:45:00+0200,3033.0,MW,ES,ES,forecast_onshore_wind_generation,Wind Onshore,2026-08-08T07:26:42Z
2026-08-08T07:21:23Z,2026-08-08T09:21:23+0200,a13a8e1c-07bb-4e38-addf-c4d0871b05cd,2026-07-24T03:00:00Z,2026-07-24T05:00:00+0200,2989.0,MW,ES,ES,forecast_onshore_wind_generation,Wind Onshore,2026-08-08T07:26:42Z
2026-08-08T07:21:23Z,2026-08-08T09:21:23+0200,a13a8e1c-07bb-4e38-addf-c4d0871b05cd,2026-07-24T03:15:00Z,2026-07-24T05:15:00+0200,2982.0,MW,ES,ES,forecast_onshore_wind_generation,Wind Onshore,2026-08-08T07:26:42Z
2026-08-08T07:21:23Z,2026-08-08T09:21:23+0200,a13a8e1c-07bb-4e38-addf-c4d0871b05cd,2026-07-24T03:30:00Z,2026-07-24T05:30:00+0200,2993.0,MW,ES,ES,forecast_onshore_wind_generation,Wind Onshore,2026-08-08T07:26:42Z
2026-08-08T07:21:23Z,2026-08-08T09:21:23+0200,a13a8e1c-07bb-4e38-addf-c4d0871b05cd,2026-07-24T03:45:00Z,2026-07-24T05:45:00+0200,3012.0,MW,ES,ES,forecast_onshore_wind_generation,Wind Onshore,2026-08-08T07:26:42Z
2026-08-08T07:21:23Z,2026-08-08T09:21:23+0200,a13a8e1c-07bb-4e38-addf-c4d0871b05cd,2026-07-24T04:00:00Z,2026-07-24T06:00:00+0200,3061.0,MW,ES,ES,forecast_onshore_wind_generation,Wind Onshore,2026-08-08T07:26:42Z
2026-08-08T07:21:23Z,2026-08-08T09:21:23+0200,a13a8e1c-07bb-4e38-addf-c4d0871b05cd,2026-07-24T04:15:00Z,2026-07-24T06:15:00+0200,3065.0,MW,ES,ES,forecast_onshore_wind_generation,Wind Onshore,2026-08-08T07:26:42Z
2026-08-08T07:21:23Z,2026-08-08T09:21:23+0200,a13a8e1c-07bb-4e38-addf-c4d0871b05cd,2026-07-24T04:30:00Z,2026-07-24T06:30:00+0200,3050.0,MW,ES,ES,forecast_onshore_wind_generation,Wind Onshore,2026-08-08T07:26:42Z
2026-08-08T07:21:23Z,2026-08-08T09:21:23+0200,a13a8e1c-07bb-4e38-addf-c4d0871b05cd,2026-07-24T04:45:00Z,2026-07-24T06:45:00+0200,3018.0,MW,ES,ES,forecast_onshore_wind_generation,Wind Onshore,2026-08-08T07:26:42Z
2026-08-08T07:21:23Z,2026-08-08T09:21:23+0200,a13a8e1c-07bb-4e38-addf-c4d0871b05cd,2026-07-24T05:00:00Z,2026-07-24T07:00:00+0200,2968.0,MW,ES,ES,forecast_onshore_wind_generation,Wind Onshore,2026-08-08T07:26:42Z
2026-08-08T07:21:23Z,2026-08-08T09:21:23+0200,a13a8e1c-07bb-4e38-addf-c4d0871b05cd,2026-07-24T05:15:00Z,2026-07-24T07:15:00+0200,2936.0,MW,ES,ES,forecast_onshore_wind_generation,Wind Onshore,2026-08-08T07:26:42Z
2026-08-08T07:21:23Z,2026-08-08T09:21:23+0200,a13a8e1c-07bb-4e38-addf-c4d0871b05cd,2026-07-24T05:30:00Z,2026-07-24T07:30:00+0200,2915.0,MW,ES,ES,forecast_onshore_wind_generation,Wind Onshore,2026-08-08T07:26:42Z
2026-08-08T07:21:23Z,2026-08-08T09:21:23+0200,a13a8e1c-07bb-4e38-addf-c4d0871b05cd,2026-07-24T05:45:00Z,2026-07-24T07:45:00+0200,2909.0,MW,ES,ES,forecast_onshore_wind_generation,Wind Onshore,2026-08-08T07:26:42Z
2026-08-08T07:21:23Z,2026-08-08T09:21:23+0200,a13a8e1c-07bb-4e38-addf-c4d0871b05cd,2026-07-24T06:00:00Z,2026-07-24T08:00:00+0200,2875.0,MW,ES,ES,forecast_onshore_wind_generation,Wind Onshore,2026-08-08T07:26:42Z
2026-08-08T07:21:23Z,2026-08-08T09:21:23+0200,a13a8e1c-07bb-4e38-addf-c4d0871b05cd,2026-07-24T06:15:00Z,2026-07-24T08:15:00+0200,2909.0,MW,ES,ES,forecast_onshore_wind_generation,Wind Onshore,2026-08-08T07:26:42Z
2026-08-08T07:21:23Z,2026-08-08T09:21:23+0200,a13a8e1c-07bb-4e38-addf-c4d0871b05cd,2026-07-24T06:30:00Z,2026-07-24T08:30:00+0200,2968.0,MW,ES,ES,forecast_onshore_wind_generation,Wind Onshore,2026-08-08T07:26:42Z
2026-08-08T07:21:23Z,2026-08-08T09:21:23+0200,a13a8e1c-07bb-4e38-addf-c4d0871b05cd,2026-07-24T06:45:00Z,2026-07-24T08:45:00+0200,3053.0,MW,ES,ES,forecast_onshore_wind_generation,Wind Onshore,2026-08-08T07:26:42Z
2026-08-08T07:21:23Z,2026-08-08T09:21:23+0200,a13a8e1c-07bb-4e38-addf-c4d0871b05cd,2026-07-24T07:00:00Z,2026-07-24T09:00:00+0200,3113.0,MW,ES,ES,forecast_onshore_wind_generation,Wind Onshore,2026-08-08T07:26:42Z
2026-08-08T07:21:23Z,2026-08-08T09:21:23+0200,a13a8e1c-07bb-4e38-addf-c4d0871b05cd,2026-07-24T07:15:00Z,2026-07-24T09:15:00+0200,3257.0,MW,ES,ES,forecast_onshore_wind_generation,Wind Onshore,2026-08-08T07:26:42Z
2026-08-08T07:21:23Z,2026-08-08T09:21:23+0200,a13a8e1c-07bb-4e38-addf-c4d0871b05cd,2026-07-24T07:30:00Z,2026-07-24T09:30:00+0200,3431.0,MW,ES,ES,forecast_onshore_wind_generation,Wind Onshore,2026-08-08T07:26:42Z
2026-08-08T07:21:23Z,2026-08-08T09:21:23+0200,a13a8e1c-07bb-4e38-addf-c4d0871b05cd,2026-07-24T07:45:00Z,2026-07-24T09:45:00+0200,3635.0,MW,ES,ES,forecast_onshore_wind_generation,Wind Onshore,2026-08-08T07:26:42Z
2026-08-08T07:21:23Z,2026-08-08T09:21:23+0200,a13a8e1c-07bb-4e38-addf-c4d0871b05cd,2026-07-24T08:00:00Z,2026-07-24T10:00:00+0200,3853.0,MW,ES,ES,forecast_onshore_wind_generation,Wind Onshore,2026-08-08T07:26:42Z
2026-08-08T07:21:23Z,2026-08-08T09:21:23+0200,a13a8e1c-07bb-4e38-addf-c4d0871b05cd,2026-07-24T08:15:00Z,2026-07-24T10:15:00+0200,4099.0,MW,ES,ES,forecast_onshore_wind_generation,Wind Onshore,2026-08-08T07:26:42Z
2026-08-08T07:21:23Z,2026-08-08T09:21:23+0200,a13a8e1c-07bb-4e38-addf-c4d0871b05cd,2026-07-24T08:30:00Z,2026-07-24T10:30:00+0200,4359.0,MW,ES,ES,forecast_onshore_wind_generation,Wind Onshore,2026-08-08T07:26:42Z
2026-08-08T07:21:23Z,2026-08-08T09:21:23+0200,a13a8e1c-07bb-4e38-addf-c4d0871b05cd,2026-07-24T08:45:00Z,2026-07-24T10:45:00+0200,4633.0,MW,ES,ES,forecast_onshore_wind_generation,Wind Onshore,2026-08-08T07:26:42Z
2026-08-08T07:21:23Z,2026-08-08T09:21:23+0200,a13a8e1c-07bb-4e38-addf-c4d0871b05cd,2026-07-24T09:00:00Z,2026-07-24T11:00:00+0200,4934.0,MW,ES,ES,forecast_onshore_wind_generation,Wind Onshore,2026-08-08T07:26:42Z
2026-08-08T07:21:23Z,2026-08-08T09:21:23+0200,a13a8e1c-07bb-4e38-addf-c4d0871b05cd,2026-07-24T09:15:00Z,2026-07-24T11:15:00+0200,5233.0,MW,ES,ES,forecast_onshore_wind_generation,Wind Onshore,2026-08-08T07:26:42Z
2026-08-08T07:21:23Z,2026-08-08T09:21:23+0200,a13a8e1c-07bb-4e38-addf-c4d0871b05cd,2026-07-24T09:30:00Z,2026-07-24T11:30:00+0200,5541.0,MW,ES,ES,forecast_onshore_wind_generation,Wind Onshore,2026-08-08T07:26:42Z
2026-08-08T07:21:23Z,2026-08-08T09:21:23+0200,a13a8e1c-07bb-4e38-addf-c4d0871b05cd,2026-07-24T09:45:00Z,2026-07-24T11:45:00+0200,5856.0,MW,ES,ES,forecast_onshore_wind_generation,Wind Onshore,2026-08-08T07:26:42Z
2026-08-08T07:21:23Z,2026-08-08T09:21:23+0200,a13a8e1c-07bb-4e38-addf-c4d0871b05cd,2026-07-24T10:00:00Z,2026-07-24T12:00:00+0200,6215.0,MW,ES,ES,forecast_onshore_wind_generation,Wind Onshore,2026-08-08T07:26:42Z
2026-08-08T07:21:23Z,2026-08-08T09:21:23+0200,a13a8e1c-07bb-4e38-addf-c4d0871b05cd,2026-07-24T10:15:00Z,2026-07-24T12:15:00+0200,6536.0,MW,ES,ES,forecast_onshore_wind_generation,Wind Onshore,2026-08-08T07:26:42Z
2026-08-08T07:21:23Z,2026-08-08T09:21:23+0200,a13a8e1c-07bb-4e38-addf-c4d0871b05cd,2026-07-24T10:30:00Z,2026-07-24T12:30:00+0200,6854.0,MW,ES,ES,forecast_onshore_wind_generation,Wind Onshore,2026-08-08T07:26:42Z
2026-08-08T07:21:23Z,2026-08-08T09:21:23+0200,a13a8e1c-07bb-4e38-addf-c4d0871b05cd,2026-07-24T10:45:00Z,2026-07-24T12:45:00+0200,7164.0,MW,ES,ES,forecast_onshore_wind_generation,Wind Onshore,2026-08-08T07:26:42Z
2026-08-08T07:21:23Z,2026-08-08T09:21:23+0200,a13a8e1c-07bb-4e38-addf-c4d0871b05cd,2026-07-24T11:00:00Z,2026-07-24T13:00:00+0200,7515.0,MW,ES,ES,forecast_onshore_wind_generation,Wind Onshore,2026-08-08T07:26:42Z
2026-08-08T07:21:23Z,2026-08-08T09:21:23+0200,a13a8e1c-07bb-4e38-addf-c4d0871b05cd,2026-07-24T11:15:00Z,2026-07-24T13:15:00+0200,7807.0,MW,ES,ES,forecast_onshore_wind_generation,Wind Onshore,2026-08-08T07:26:42Z
2026-08-08T07:21:23Z,2026-08-08T09:21:23+0200,a13a8e1c-07bb-4e38-addf-c4d0871b05cd,2026-07-24T11:30:00Z,2026-07-24T13:30:00+0200,8087.0,MW,ES,ES,forecast_onshore_wind_generation,Wind Onshore,2026-08-08T07:26:42Z
2026-08-08T07:21:23Z,2026-08-08T09:21:23+0200,a13a8e1c-07bb-4e38-addf-c4d0871b05cd,2026-07-24T11:45:00Z,2026-07-24T13:45:00+0200,8352.0,MW,ES,ES,forecast_onshore_wind_generation,Wind Onshore,2026-08-08T07:26:42Z
2026-08-08T07:21:23Z,2026-08-08T09:21:23+0200,a13a8e1c-07bb-4e38-addf-c4d0871b05cd,2026-07-24T12:00:00Z,2026-07-24T14:00:00+0200,8646.0,MW,ES,ES,forecast_onshore_wind_generation,Wind Onshore,2026-08-08T07:26:42Z
2026-08-08T07:21:23Z,2026-08-08T09:21:23+0200,a13a8e1c-07bb-4e38-addf-c4d0871b05cd,2026-07-24T12:15:00Z,2026-07-24T14:15:00+0200,8889.0,MW,ES,ES,forecast_onshore_wind_generation,Wind Onshore,2026-08-08T07:26:42Z
2026-08-08T07:21:23Z,2026-08-08T09:21:23+0200,a13a8e1c-07bb-4e38-addf-c4d0871b05cd,2026-07-24T12:30:00Z,2026-07-24T14:30:00+0200,9121.0,MW,ES,ES,forecast_onshore_wind_generation,Wind Onshore,2026-08-08T07:26:42Z
2026-08-08T07:21:23Z,2026-08-08T09:21:23+0200,a13a8e1c-07bb-4e38-addf-c4d0871b05cd,2026-07-24T12:45:00Z,2026-07-24T14:45:00+0200,9344.0,MW,ES,ES,forecast_onshore_wind_generation,Wind Onshore,2026-08-08T07:26:42Z
2026-08-08T07:21:23Z,2026-08-08T09:21:23+0200,a13a8e1c-07bb-4e38-addf-c4d0871b05cd,2026-07-24T13:00:00Z,2026-07-24T15:00:00+0200,9578.0,MW,ES,ES,forecast_onshore_wind_generation,Wind Onshore,2026-08-08T07:26:42Z
2026-08-08T07:21:23Z,2026-08-08T09:21:23+0200,a13a8e1c-07bb-4e38-addf-c4d0871b05cd,2026-07-24T13:15:00Z,2026-07-24T15:15:00+0200,9791.0,MW,ES,ES,forecast_onshore_wind_generation,Wind Onshore,2026-08-08T07:26:42Z
2026-08-08T07:21:23Z,2026-08-08T09:21:23+0200,a13a8e1c-07bb-4e38-addf-c4d0871b05cd,2026-07-24T13:30:00Z,2026-07-24T15:30:00+0200,10002.0,MW,ES,ES,forecast_onshore_wind_generation,Wind Onshore,2026-08-08T07:26:42Z
2026-08-08T07:21:23Z,2026-08-08T09:21:23+0200,a13a8e1c-07bb-4e38-addf-c4d0871b05cd,2026-07-24T13:45:00Z,2026-07-24T15:45:00+0200,10204.0,MW,ES,ES,forecast_onshore_wind_generation,Wind Onshore,2026-08-08T07:26:42Z
2026-08-08T07:21:23Z,2026-08-08T09:21:23+0200,a13a8e1c-07bb-4e38-addf-c4d0871b05cd,2026-07-24T14:00:00Z,2026-07-24T16:00:00+0200,10425.0,MW,ES,ES,forecast_onshore_wind_generation,Wind Onshore,2026-08-08T07:26:42Z
2026-08-08T07:21:23Z,2026-08-08T09:21:23+0200,a13a8e1c-07bb-4e38-addf-c4d0871b05cd,2026-07-24T14:15:00Z,2026-07-24T16:15:00+0200,10592.0,MW,ES,ES,forecast_onshore_wind_generation,Wind Onshore,2026-08-08T07:26:42Z
2026-08-08T07:21:23Z,2026-08-08T09:21:23+0200,a13a8e1c-07bb-4e38-addf-c4d0871b05cd,2026-07-24T14:30:00Z,2026-07-24T16:30:00+0200,10731.0,MW,ES,ES,forecast_onshore_wind_generation,Wind Onshore,2026-08-08T07:26:42Z
2026-08-08T07:21:23Z,2026-08-08T09:21:23+0200,a13a8e1c-07bb-4e38-addf-c4d0871b05cd,2026-07-24T14:45:00Z,2026-07-24T16:45:00+0200,10847.0,MW,ES,ES,forecast_onshore_wind_generation,Wind Onshore,2026-08-08T07:26:42Z
2026-08-08T07:21:23Z,2026-08-08T09:21:23+0200,a13a8e1c-07bb-4e38-addf-c4d0871b05cd,2026-07-24T15:00:00Z,2026-07-24T17:00:00+0200,10977.0,MW,ES,ES,forecast_onshore_wind_generation,Wind Onshore,2026-08-08T07:26:42Z
2026-08-08T07:21:23Z,2026-08-08T09:21:23+0200,a13a8e1c-07bb-4e38-addf-c4d0871b05cd,2026-07-24T15:15:00Z,2026-07-24T17:15:00+0200,11059.0,MW,ES,ES,forecast_onshore_wind_generation,Wind Onshore,2026-08-08T07:26:42Z
2026-08-08T07:21:23Z,2026-08-08T09:21:23+0200,a13a8e1c-07bb-4e38-addf-c4d0871b05cd,2026-07-24T15:30:00Z,2026-07-24T17:30:00+0200,11129.0,MW,ES,ES,forecast_onshore_wind_generation,Wind Onshore,2026-08-08T07:26:42Z
2026-08-08T07:21:23Z,2026-08-08T09:21:23+0200,a13a8e1c-07bb-4e38-addf-c4d0871b05cd,2026-07-24T15:45:00Z,2026-07-24T17:45:00+0200,11176.0,MW,ES,ES,forecast_onshore_wind_generation,Wind Onshore,2026-08-08T07:26:42Z
2026-08-08T07:21:23Z,2026-08-08T09:21:23+0200,a13a8e1c-07bb-4e38-addf-c4d0871b05cd,2026-07-24T16:00:00Z,2026-07-24T18:00:00+0200,11315.0,MW,ES,ES,forecast_onshore_wind_generation,Wind Onshore,2026-08-08T07:26:42Z
2026-08-08T07:21:23Z,2026-08-08T09:21:23+0200,a13a8e1c-07bb-4e38-addf-c4d0871b05cd,2026-07-24T16:15:00Z,2026-07-24T18:15:00+0200,11272.0,MW,ES,ES,forecast_onshore_wind_generation,Wind Onshore,2026-08-08T07:26:42Z
2026-08-08T07:21:23Z,2026-08-08T09:21:23+0200,a13a8e1c-07bb-4e38-addf-c4d0871b05cd,2026-07-24T16:30:00Z,2026-07-24T18:30:00+0200,11169.0,MW,ES,ES,forecast_onshore_wind_generation,Wind Onshore,2026-08-08T07:26:42Z
2026-08-08T07:21:23Z,2026-08-08T09:21:23+0200,a13a8e1c-07bb-4e38-addf-c4d0871b05cd,2026-07-24T16:45:00Z,2026-07-24T18:45:00+0200,11018.0,MW,ES,ES,forecast_onshore_wind_generation,Wind Onshore,2026-08-08T07:26:42Z
2026-08-08T07:21:23Z,2026-08-08T09:21:23+0200,a13a8e1c-07bb-4e38-addf-c4d0871b05cd,2026-07-24T17:00:00Z,2026-07-24T19:00:00+0200,10848.0,MW,ES,ES,forecast_onshore_wind_generation,Wind Onshore,2026-08-08T07:26:42Z
2026-08-08T07:21:23Z,2026-08-08T09:21:23+0200,a13a8e1c-07bb-4e38-addf-c4d0871b05cd,2026-07-24T17:15:00Z,2026-07-24T19:15:00+0200,10661.0,MW,ES,ES,forecast_onshore_wind_generation,Wind Onshore,2026-08-08T07:26:42Z
2026-08-08T07:21:23Z,2026-08-08T09:21:23+0200,a13a8e1c-07bb-4e38-addf-c4d0871b05cd,2026-07-24T17:30:00Z,2026-07-24T19:30:00+0200,10480.0,MW,ES,ES,forecast_onshore_wind_generation,Wind Onshore,2026-08-08T07:26:42Z
2026-08-08T07:21:23Z,2026-08-08T09:21:23+0200,a13a8e1c-07bb-4e38-addf-c4d0871b05cd,2026-07-24T17:45:00Z,2026-07-24T19:45:00+0200,10307.0,MW,ES,ES,forecast_onshore_wind_generation,Wind Onshore,2026-08-08T07:26:42Z
2026-08-08T07:21:23Z,2026-08-08T09:21:23+0200,a13a8e1c-07bb-4e38-addf-c4d0871b05cd,2026-07-24T18:00:00Z,2026-07-24T20:00:00+0200,10118.0,MW,ES,ES,forecast_onshore_wind_generation,Wind Onshore,2026-08-08T07:26:42Z
2026-08-08T07:21:23Z,2026-08-08T09:21:23+0200,a13a8e1c-07bb-4e38-addf-c4d0871b05cd,2026-07-24T18:15:00Z,2026-07-24T20:15:00+0200,9952.0,MW,ES,ES,forecast_onshore_wind_generation,Wind Onshore,2026-08-08T07:26:42Z
2026-08-08T07:21:23Z,2026-08-08T09:21:23+0200,a13a8e1c-07bb-4e38-addf-c4d0871b05cd,2026-07-24T18:30:00Z,2026-07-24T20:30:00+0200,9785.0,MW,ES,ES,forecast_onshore_wind_generation,Wind Onshore,2026-08-08T07:26:42Z
2026-08-08T07:21:23Z,2026-08-08T09:21:23+0200,a13a8e1c-07bb-4e38-addf-c4d0871b05cd,2026-07-24T18:45:00Z,2026-07-24T20:45:00+0200,9618.0,MW,ES,ES,forecast_onshore_wind_generation,Wind Onshore,2026-08-08T07:26:42Z
2026-08-08T07:21:23Z,2026-08-08T09:21:23+0200,a13a8e1c-07bb-4e38-addf-c4d0871b05cd,2026-07-24T19:00:00Z,2026-07-24T21:00:00+0200,9454.0,MW,ES,ES,forecast_onshore_wind_generation,Wind Onshore,2026-08-08T07:26:42Z
2026-08-08T07:21:23Z,2026-08-08T09:21:23+0200,a13a8e1c-07bb-4e38-addf-c4d0871b05cd,2026-07-24T19:15:00Z,2026-07-24T21:15:00+0200,9290.0,MW,ES,ES,forecast_onshore_wind_generation,Wind Onshore,2026-08-08T07:26:42Z
2026-08-08T07:21:23Z,2026-08-08T09:21:23+0200,a13a8e1c-07bb-4e38-addf-c4d0871b05cd,2026-07-24T19:30:00Z,2026-07-24T21:30:00+0200,9128.0,MW,ES,ES,forecast_onshore_wind_generation,Wind Onshore,2026-08-08T07:26:42Z
2026-08-08T07:21:23Z,2026-08-08T09:21:23+0200,a13a8e1c-07bb-4e38-addf-c4d0871b05cd,2026-07-24T19:45:00Z,2026-07-24T21:45:00+0200,8972.0,MW,ES,ES,forecast_onshore_wind_generation,Wind Onshore,2026-08-08T07:26:42Z
2026-08-08T07:21:23Z,2026-08-08T09:21:23+0200,a13a8e1c-07bb-4e38-addf-c4d0871b05cd,2026-07-24T20:00:00Z,2026-07-24T22:00:00+0200,8806.0,MW,ES,ES,forecast_onshore_wind_generation,Wind Onshore,2026-08-08T07:26:42Z
2026-08-08T07:21:23Z,2026-08-08T09:21:23+0200,a13a8e1c-07bb-4e38-addf-c4d0871b05cd,2026-07-24T20:15:00Z,2026-07-24T22:15:00+0200,8661.0,MW,ES,ES,forecast_onshore_wind_generation,Wind Onshore,2026-08-08T07:26:42Z
2026-08-08T07:21:23Z,2026-08-08T09:21:23+0200,a13a8e1c-07bb-4e38-addf-c4d0871b05cd,2026-07-24T20:30:00Z,2026-07-24T22:30:00+0200,8525.0,MW,ES,ES,forecast_onshore_wind_generation,Wind Onshore,2026-08-08T07:26:42Z
2026-08-08T07:21:23Z,2026-08-08T09:21:23+0200,a13a8e1c-07bb-4e38-addf-c4d0871b05cd,2026-07-24T20:45:00Z,2026-07-24T22:45:00+0200,8393.0,MW,ES,ES,forecast_onshore_wind_generation,Wind Onshore,2026-08-08T07:26:42Z
2026-08-08T07:21:23Z,2026-08-08T09:21:23+0200,a13a8e1c-07bb-4e38-addf-c4d0871b05cd,2026-07-24T21:00:00Z,2026-07-24T23:00:00+0200,8274.0,MW,ES,ES,forecast_onshore_wind_generation,Wind Onshore,2026-08-08T07:26:42Z
2026-08-08T07:21:23Z,2026-08-08T09:21:23+0200,a13a8e1c-07bb-4e38-addf-c4d0871b05cd,2026-07-24T21:15:00Z,2026-07-24T23:15:00+0200,8145.0,MW,ES,ES,forecast_onshore_wind_generation,Wind Onshore,2026-08-08T07:26:42Z
2026-08-08T07:21:23Z,2026-08-08T09:21:23+0200,a13a8e1c-07bb-4e38-addf-c4d0871b05cd,2026-07-24T21:30:00Z,2026-07-24T23:30:00+0200,8014.0,MW,ES,ES,forecast_onshore_wind_generation,Wind Onshore,2026-08-08T07:26:42Z
2026-08-08T07:21:23Z,2026-08-08T09:21:23+0200,a13a8e1c-07bb-4e38-addf-c4d0871b05cd,2026-07-24T21:45:00Z,2026-07-24T23:45:00+0200,7882.0,MW,ES,ES,forecast_onshore_wind_generation,Wind Onshore,2026-08-08T07:26:42Z
2026-08-08T07:21:23Z,2026-08-08T09:21:23+0200,a13a8e1c-07bb-4e38-addf-c4d0871b05cd,2026-07-24T22:00:00Z,2026-07-25T00:00:00+0200,7950.0,MW,ES,ES,forecast_onshore_wind_generation,Wind Onshore,2026-08-08T07:26:42Z
2026-08-08T07:21:23Z,2026-08-08T09:21:23+0200,a13a8e1c-07bb-4e38-addf-c4d0871b05cd,2026-07-24T22:15:00Z,2026-07-25T00:15:00+0200,7837.0,MW,ES,ES,forecast_onshore_wind_generation,Wind Onshore,2026-08-08T07:26:42Z
2026-08-08T07:21:23Z,2026-08-08T09:21:23+0200,a13a8e1c-07bb-4e38-addf-c4d0871b05cd,2026-07-24T22:30:00Z,2026-07-25T00:30:00+0200,7726.0,MW,ES,ES,forecast_onshore_wind_generation,Wind Onshore,2026-08-08T07:26:42Z
2026-08-08T07:21:23Z,2026-08-08T09:21:23+0200,a13a8e1c-07bb-4e38-addf-c4d0871b05cd,2026-07-24T22:45:00Z,2026-07-25T00:45:00+0200,7618.0,MW,ES,ES,forecast_onshore_wind_generation,Wind Onshore,2026-08-08T07:26:42Z
2026-08-08T07:21:23Z,2026-08-08T09:21:23+0200,a13a8e1c-07bb-4e38-addf-c4d0871b05cd,2026-07-24T23:00:00Z,2026-07-25T01:00:00+0200,7498.0,MW,ES,ES,forecast_onshore_wind_generation,Wind Onshore,2026-08-08T07:26:42Z
2026-08-08T07:21:23Z,2026-08-08T09:21:23+0200,a13a8e1c-07bb-4e38-addf-c4d0871b05cd,2026-07-24T23:15:00Z,2026-07-25T01:15:00+0200,7406.0,MW,ES,ES,forecast_onshore_wind_generation,Wind Onshore,2026-08-08T07:26:42Z
2026-08-08T07:21:23Z,2026-08-08T09:21:23+0200,a13a8e1c-07bb-4e38-addf-c4d0871b05cd,2026-07-24T23:30:00Z,2026-07-25T01:30:00+0200,7325.0,MW,ES,ES,forecast_onshore_wind_generation,Wind Onshore,2026-08-08T07:26:42Z
2026-08-08T07:21:23Z,2026-08-08T09:21:23+0200,a13a8e1c-07bb-4e38-addf-c4d0871b05cd,2026-07-24T23:45:00Z,2026-07-25T01:45:00+0200,7255.0,MW,ES,ES,forecast_onshore_wind_generation,Wind Onshore,2026-08-08T07:26:42Z
2026-08-08T07:21:23Z,2026-08-08T09:21:23+0200,a13a8e1c-07bb-4e38-addf-c4d0871b05cd,2026-07-25T00:00:00Z,2026-07-25T02:00:00+0200,7178.0,MW,ES,ES,forecast_onshore_wind_generation,Wind Onshore,2026-08-08T07:26:42Z
2026-08-08T07:21:23Z,2026-08-08T09:21:23+0200,a13a8e1c-07bb-4e38-addf-c4d0871b05cd,2026-07-25T00:15:00Z,2026-07-25T02:15:00+0200,7122.0,MW,ES,ES,forecast_onshore_wind_generation,Wind Onshore,2026-08-08T07:26:42Z
2026-08-08T07:21:23Z,2026-08-08T09:21:23+0200,a13a8e1c-07bb-4e38-addf-c4d0871b05cd,2026-07-25T00:30:00Z,2026-07-25T02:30:00+0200,7073.0,MW,ES,ES,forecast_onshore_wind_generation,Wind Onshore,2026-08-08T07:26:42Z
2026-08-08T07:21:23Z,2026-08-08T09:21:23+0200,a13a8e1c-07bb-4e38-addf-c4d0871b05cd,2026-07-25T00:45:00Z,2026-07-25T02:45:00+0200,7027.0,MW,ES,ES,forecast_onshore_wind_generation,Wind Onshore,2026-08-08T07:26:42Z
2026-08-08T07:21:23Z,2026-08-08T09:21:23+0200,a13a8e1c-07bb-4e38-addf-c4d0871b05cd,2026-07-25T01:00:00Z,2026-07-25T03:00:00+0200,6980.0,MW,ES,ES,forecast_onshore_wind_generation,Wind Onshore,2026-08-08T07:26:42Z
2026-08-08T07:21:23Z,2026-08-08T09:21:23+0200,a13a8e1c-07bb-4e38-addf-c4d0871b05cd,2026-07-25T01:15:00Z,2026-07-25T03:15:00+0200,6944.0,MW,ES,ES,forecast_onshore_wind_generation,Wind Onshore,2026-08-08T07:26:42Z
2026-08-08T07:21:23Z,2026-08-08T09:21:23+0200,a13a8e1c-07bb-4e38-addf-c4d0871b05cd,2026-07-25T01:30:00Z,2026-07-25T03:30:00+0200,6910.0,MW,ES,ES,forecast_onshore_wind_generation,Wind Onshore,2026-08-08T07:26:42Z
2026-08-08T07:21:23Z,2026-08-08T09:21:23+0200,a13a8e1c-07bb-4e38-addf-c4d0871b05cd,2026-07-25T01:45:00Z,2026-07-25T03:45:00+0200,6880.0,MW,ES,ES,forecast_onshore_wind_generation,Wind Onshore,2026-08-08T07:26:42Z
2026-08-08T07:21:23Z,2026-08-08T09:21:23+0200,a13a8e1c-07bb-4e38-addf-c4d0871b05cd,2026-07-25T02:00:00Z,2026-07-25T04:00:00+0200,6847.0,MW,ES,ES,forecast_onshore_wind_generation,Wind Onshore,2026-08-08T07:26:42Z
2026-08-08T07:21:23Z,2026-08-08T09:21:23+0200,a13a8e1c-07bb-4e38-addf-c4d0871b05cd,2026-07-25T02:15:00Z,2026-07-25T04:15:00+0200,6826.0,MW,ES,ES,forecast_onshore_wind_generation,Wind Onshore,2026-08-08T07:26:42Z
2026-08-08T07:21:23Z,2026-08-08T09:21:23+0200,a13a8e1c-07bb-4e38-addf-c4d0871b05cd,2026-07-25T02:30:00Z,2026-07-25T04:30:00+0200,6806.0,MW,ES,ES,forecast_onshore_wind_generation,Wind Onshore,2026-08-08T07:26:42Z
2026-08-08T07:21:23Z,2026-08-08T09:21:23+0200,a13a8e1c-07bb-4e38-addf-c4d0871b05cd,2026-07-25T02:45:00Z,2026-07-25T04:45:00+0200,6788.0,MW,ES,ES,forecast_onshore_wind_generation,Wind Onshore,2026-08-08T07:26:42Z
2026-08-08T07:21:23Z,2026-08-08T09:21:23+0200,a13a8e1c-07bb-4e38-addf-c4d0871b05cd,2026-07-25T03:00:00Z,2026-07-25T05:00:00+0200,6782.0,MW,ES,ES,forecast_onshore_wind_generation,Wind Onshore,2026-08-08T07:26:42Z
2026-08-08T07:21:23Z,2026-08-08T09:21:23+0200,a13a8e1c-07bb-4e38-addf-c4d0871b05cd,2026-07-25T03:15:00Z,2026-07-25T05:15:00+0200,6755.0,MW,ES,ES,forecast_onshore_wind_generation,Wind Onshore,2026-08-08T07:26:42Z
2026-08-08T07:21:23Z,2026-08-08T09:21:23+0200,a13a8e1c-07bb-4e38-addf-c4d0871b05cd,2026-07-25T03:30:00Z,2026-07-25T05:30:00+0200,6720.0,MW,ES,ES,forecast_onshore_wind_generation,Wind Onshore,2026-08-08T07:26:42Z
2026-08-08T07:21:23Z,2026-08-08T09:21:23+0200,a13a8e1c-07bb-4e38-addf-c4d0871b05cd,2026-07-25T03:45:00Z,2026-07-25T05:45:00+0200,6675.0,MW,ES,ES,forecast_onshore_wind_generation,Wind Onshore,2026-08-08T07:26:42Z
2026-08-08T07:21:23Z,2026-08-08T09:21:23+0200,a13a8e1c-07bb-4e38-addf-c4d0871b05cd,2026-07-25T04:00:00Z,2026-07-25T06:00:00+0200,6642.0,MW,ES,ES,forecast_onshore_wind_generation,Wind Onshore,2026-08-08T07:26:42Z
2026-08-08T07:21:23Z,2026-08-08T09:21:23+0200,a13a8e1c-07bb-4e38-addf-c4d0871b05cd,2026-07-25T04:15:00Z,2026-07-25T06:15:00+0200,6579.0,MW,ES,ES,forecast_onshore_wind_generation,Wind Onshore,2026-08-08T07:26:42Z
2026-08-08T07:21:23Z,2026-08-08T09:21:23+0200,a13a8e1c-07bb-4e38-addf-c4d0871b05cd,2026-07-25T04:30:00Z,2026-07-25T06:30:00+0200,6508.0,MW,ES,ES,forecast_onshore_wind_generation,Wind Onshore,2026-08-08T07:26:42Z
2026-08-08T07:21:23Z,2026-08-08T09:21:23+0200,a13a8e1c-07bb-4e38-addf-c4d0871b05cd,2026-07-25T04:45:00Z,2026-07-25T06:45:00+0200,6432.0,MW,ES,ES,forecast_onshore_wind_generation,Wind Onshore,2026-08-08T07:26:42Z
2026-08-08T07:21:23Z,2026-08-08T09:21:23+0200,a13a8e1c-07bb-4e38-addf-c4d0871b05cd,2026-07-25T05:00:00Z,2026-07-25T07:00:00+0200,6346.0,MW,ES,ES,forecast_onshore_wind_generation,Wind Onshore,2026-08-08T07:26:42Z
2026-08-08T07:21:23Z,2026-08-08T09:21:23+0200,a13a8e1c-07bb-4e38-addf-c4d0871b05cd,2026-07-25T05:15:00Z,2026-07-25T07:15:00+0200,6279.0,MW,ES,ES,forecast_onshore_wind_generation,Wind Onshore,2026-08-08T07:26:42Z
2026-08-08T07:21:23Z,2026-08-08T09:21:23+0200,a13a8e1c-07bb-4e38-addf-c4d0871b05cd,2026-07-25T05:30:00Z,2026-07-25T07:30:00+0200,6222.0,MW,ES,ES,forecast_onshore_wind_generation,Wind Onshore,2026-08-08T07:26:42Z
2026-08-08T07:21:23Z,2026-08-08T09:21:23+0200,a13a8e1c-07bb-4e38-addf-c4d0871b05cd,2026-07-25T05:45:00Z,2026-07-25T07:45:00+0200,6176.0,MW,ES,ES,forecast_onshore_wind_generation,Wind Onshore,2026-08-08T07:26:42Z
2026-08-08T07:21:23Z,2026-08-08T09:21:23+0200,a13a8e1c-07bb-4e38-addf-c4d0871b05cd,2026-07-25T06:00:00Z,2026-07-25T08:00:00+0200,6039.0,MW,ES,ES,forecast_onshore_wind_generation,Wind Onshore,2026-08-08T07:26:42Z
2026-08-08T07:21:23Z,2026-08-08T09:21:23+0200,a13a8e1c-07bb-4e38-addf-c4d0871b05cd,2026-07-25T06:15:00Z,2026-07-25T08:15:00+0200,6012.0,MW,ES,ES,forecast_onshore_wind_generation,Wind Onshore,2026-08-08T07:26:42Z
2026-08-08T07:21:23Z,2026-08-08T09:21:23+0200,a13a8e1c-07bb-4e38-addf-c4d0871b05cd,2026-07-25T06:30:00Z,2026-07-25T08:30:00+0200,5985.0,MW,ES,ES,forecast_onshore_wind_generation,Wind Onshore,2026-08-08T07:26:42Z
2026-08-08T07:21:23Z,2026-08-08T09:21:23+0200,a13a8e1c-07bb-4e38-addf-c4d0871b05cd,2026-07-25T06:45:00Z,2026-07-25T08:45:00+0200,5920.0,MW,ES,ES,forecast_onshore_wind_generation,Wind Onshore,2026-08-08T07:26:42Z
2026-08-08T07:21:23Z,2026-08-08T09:21:23+0200,a13a8e1c-07bb-4e38-addf-c4d0871b05cd,2026-07-25T07:00:00Z,2026-07-25T09:00:00+0200,5901.0,MW,ES,ES,forecast_onshore_wind_generation,Wind Onshore,2026-08-08T07:26:42Z
2026-08-08T07:21:23Z,2026-08-08T09:21:23+0200,a13a8e1c-07bb-4e38-addf-c4d0871b05cd,2026-07-25T07:15:00Z,2026-07-25T09:15:00+0200,5910.0,MW,ES,ES,forecast_onshore_wind_generation,Wind Onshore,2026-08-08T07:26:42Z
2026-08-08T07:21:23Z,2026-08-08T09:21:23+0200,a13a8e1c-07bb-4e38-addf-c4d0871b05cd,2026-07-25T07:30:00Z,2026-07-25T09:30:00+0200,5913.0,MW,ES,ES,forecast_onshore_wind_generation,Wind Onshore,2026-08-08T07:26:42Z
2026-08-08T07:21:23Z,2026-08-08T09:21:23+0200,a13a8e1c-07bb-4e38-addf-c4d0871b05cd,2026-07-25T07:45:00Z,2026-07-25T09:45:00+0200,5945.0,MW,ES,ES,forecast_onshore_wind_generation,Wind Onshore,2026-08-08T07:26:42Z
2026-08-08T07:21:23Z,2026-08-08T09:21:23+0200,a13a8e1c-07bb-4e38-addf-c4d0871b05cd,2026-07-25T08:00:00Z,2026-07-25T10:00:00+0200,5974.0,MW,ES,ES,forecast_onshore_wind_generation,Wind Onshore,2026-08-08T07:26:42Z
2026-08-08T07:21:23Z,2026-08-08T09:21:23+0200,a13a8e1c-07bb-4e38-addf-c4d0871b05cd,2026-07-25T08:15:00Z,2026-07-25T10:15:00+0200,5992.0,MW,ES,ES,forecast_onshore_wind_generation,Wind Onshore,2026-08-08T07:26:42Z
2026-08-08T07:21:23Z,2026-08-08T09:21:23+0200,a13a8e1c-07bb-4e38-addf-c4d0871b05cd,2026-07-25T08:30:00Z,2026-07-25T10:30:00+0200,6074.0,MW,ES,ES,forecast_onshore_wind_generation,Wind Onshore,2026-08-08T07:26:42Z
2026-08-08T07:21:23Z,2026-08-08T09:21:23+0200,a13a8e1c-07bb-4e38-addf-c4d0871b05cd,2026-07-25T08:45:00Z,2026-07-25T10:45:00+0200,6129.0,MW,ES,ES,forecast_onshore_wind_generation,Wind Onshore,2026-08-08T07:26:42Z
2026-08-08T07:21:23Z,2026-08-08T09:21:23+0200,a13a8e1c-07bb-4e38-addf-c4d0871b05cd,2026-07-25T09:00:00Z,2026-07-25T11:00:00+0200,6143.0,MW,ES,ES,forecast_onshore_wind_generation,Wind Onshore,2026-08-08T07:26:42Z
2026-08-08T07:21:23Z,2026-08-08T09:21:23+0200,a13a8e1c-07bb-4e38-addf-c4d0871b05cd,2026-07-25T09:15:00Z,2026-07-25T11:15:00+0200,6180.0,MW,ES,ES,forecast_onshore_wind_generation,Wind Onshore,2026-08-08T07:26:42Z
2026-08-08T07:21:23Z,2026-08-08T09:21:23+0200,a13a8e1c-07bb-4e38-addf-c4d0871b05cd,2026-07-25T09:30:00Z,2026-07-25T11:30:00+0200,6254.0,MW,ES,ES,forecast_onshore_wind_generation,Wind Onshore,2026-08-08T07:26:42Z
2026-08-08T07:21:23Z,2026-08-08T09:21:23+0200,a13a8e1c-07bb-4e38-addf-c4d0871b05cd,2026-07-25T09:45:00Z,2026-07-25T11:45:00+0200,6339.0,MW,ES,ES,forecast_onshore_wind_generation,Wind Onshore,2026-08-08T07:26:42Z
2026-08-08T07:21:23Z,2026-08-08T09:21:23+0200,a13a8e1c-07bb-4e38-addf-c4d0871b05cd,2026-07-25T10:00:00Z,2026-07-25T12:00:00+0200,6288.0,MW,ES,ES,forecast_onshore_wind_generation,Wind Onshore,2026-08-08T07:26:42Z
2026-08-08T07:21:23Z,2026-08-08T09:21:23+0200,a13a8e1c-07bb-4e38-addf-c4d0871b05cd,2026-07-25T10:15:00Z,2026-07-25T12:15:00+0200,6384.0,MW,ES,ES,forecast_onshore_wind_generation,Wind Onshore,2026-08-08T07:26:42Z
2026-08-08T07:21:23Z,2026-08-08T09:21:23+0200,a13a8e1c-07bb-4e38-addf-c4d0871b05cd,2026-07-25T10:30:00Z,2026-07-25T12:30:00+0200,6482.0,MW,ES,ES,forecast_onshore_wind_generation,Wind Onshore,2026-08-08T07:26:42Z
2026-08-08T07:21:23Z,2026-08-08T09:21:23+0200,a13a8e1c-07bb-4e38-addf-c4d0871b05cd,2026-07-25T10:45:00Z,2026-07-25T12:45:00+0200,6587.0,MW,ES,ES,forecast_onshore_wind_generation,Wind Onshore,2026-08-08T07:26:42Z
2026-08-08T07:21:23Z,2026-08-08T09:21:23+0200,a13a8e1c-07bb-4e38-addf-c4d0871b05cd,2026-07-25T11:00:00Z,2026-07-25T13:00:00+0200,6727.0,MW,ES,ES,forecast_onshore_wind_generation,Wind Onshore,2026-08-08T07:26:42Z
2026-08-08T07:21:23Z,2026-08-08T09:21:23+0200,a13a8e1c-07bb-4e38-addf-c4d0871b05cd,2026-07-25T11:15:00Z,2026-07-25T13:15:00+0200,6861.0,MW,ES,ES,forecast_onshore_wind_generation,Wind Onshore,2026-08-08T07:26:42Z
2026-08-08T07:21:23Z,2026-08-08T09:21:23+0200,a13a8e1c-07bb-4e38-addf-c4d0871b05cd,2026-07-25T11:30:00Z,2026-07-25T13:30:00+0200,7007.0,MW,ES,ES,forecast_onshore_wind_generation,Wind Onshore,2026-08-08T07:26:42Z
2026-08-08T07:21:23Z,2026-08-08T09:21:23+0200,a13a8e1c-07bb-4e38-addf-c4d0871b05cd,2026-07-25T11:45:00Z,2026-07-25T13:45:00+0200,7166.0,MW,ES,ES,forecast_onshore_wind_generation,Wind Onshore,2026-08-08T07:26:42Z
2026-08-08T07:21:23Z,2026-08-08T09:21:23+0200,a13a8e1c-07bb-4e38-addf-c4d0871b05cd,2026-07-25T12:00:00Z,2026-07-25T14:00:00+0200,7331.0,MW,ES,ES,forecast_onshore_wind_generation,Wind Onshore,2026-08-08T07:26:42Z
2026-08-08T07:21:23Z,2026-08-08T09:21:23+0200,a13a8e1c-07bb-4e38-addf-c4d0871b05cd,2026-07-25T12:15:00Z,2026-07-25T14:15:00+0200,7498.0,MW,ES,ES,forecast_onshore_wind_generation,Wind Onshore,2026-08-08T07:26:42Z
2026-08-08T07:21:23Z,2026-08-08T09:21:23+0200,a13a8e1c-07bb-4e38-addf-c4d0871b05cd,2026-07-25T12:30:00Z,2026-07-25T14:30:00+0200,7661.0,MW,ES,ES,forecast_onshore_wind_generation,Wind Onshore,2026-08-08T07:26:42Z
2026-08-08T07:21:23Z,2026-08-08T09:21:23+0200,a13a8e1c-07bb-4e38-addf-c4d0871b05cd,2026-07-25T12:45:00Z,2026-07-25T14:45:00+0200,7776.0,MW,ES,ES,forecast_onshore_wind_generation,Wind Onshore,2026-08-08T07:26:42Z
2026-08-08T07:21:23Z,2026-08-08T09:21:23+0200,a13a8e1c-07bb-4e38-addf-c4d0871b05cd,2026-07-25T13:00:00Z,2026-07-25T15:00:00+0200,7197.0,MW,ES,ES,forecast_onshore_wind_generation,Wind Onshore,2026-08-08T07:26:42Z
2026-08-08T07:21:23Z,2026-08-08T09:21:23+0200,a13a8e1c-07bb-4e38-addf-c4d0871b05cd,2026-07-25T13:15:00Z,2026-07-25T15:15:00+0200,7345.0,MW,ES,ES,forecast_onshore_wind_generation,Wind Onshore,2026-08-08T07:26:42Z
2026-08-08T07:21:23Z,2026-08-08T09:21:23+0200,a13a8e1c-07bb-4e38-addf-c4d0871b05cd,2026-07-25T13:30:00Z,2026-07-25T15:30:00+0200,7506.0,MW,ES,ES,forecast_onshore_wind_generation,Wind Onshore,2026-08-08T07:26:42Z
2026-08-08T07:21:23Z,2026-08-08T09:21:23+0200,a13a8e1c-07bb-4e38-addf-c4d0871b05cd,2026-07-25T13:45:00Z,2026-07-25T15:45:00+0200,7662.0,MW,ES,ES,forecast_onshore_wind_generation,Wind Onshore,2026-08-08T07:26:42Z
2026-08-08T07:21:23Z,2026-08-08T09:21:23+0200,a13a8e1c-07bb-4e38-addf-c4d0871b05cd,2026-07-25T14:00:00Z,2026-07-25T16:00:00+0200,7682.0,MW,ES,ES,forecast_onshore_wind_generation,Wind Onshore,2026-08-08T07:26:42Z
2026-08-08T07:21:23Z,2026-08-08T09:21:23+0200,a13a8e1c-07bb-4e38-addf-c4d0871b05cd,2026-07-25T14:15:00Z,2026-07-25T16:15:00+0200,7855.0,MW,ES,ES,forecast_onshore_wind_generation,Wind Onshore,2026-08-08T07:26:42Z
2026-08-08T07:21:23Z,2026-08-08T09:21:23+0200,a13a8e1c-07bb-4e38-addf-c4d0871b05cd,2026-07-25T14:30:00Z,2026-07-25T16:30:00+0200,8030.0,MW,ES,ES,forecast_onshore_wind_generation,Wind Onshore,2026-08-08T07:26:42Z
2026-08-08T07:21:23Z,2026-08-08T09:21:23+0200,a13a8e1c-07bb-4e38-addf-c4d0871b05cd,2026-07-25T14:45:00Z,2026-07-25T16:45:00+0200,8212.0,MW,ES,ES,forecast_onshore_wind_generation,Wind Onshore,2026-08-08T07:26:42Z
2026-08-08T07:21:23Z,2026-08-08T09:21:23+0200,a13a8e1c-07bb-4e38-addf-c4d0871b05cd,2026-07-25T15:00:00Z,2026-07-25T17:00:00+0200,8284.0,MW,ES,ES,forecast_onshore_wind_generation,Wind Onshore,2026-08-08T07:26:42Z
2026-08-08T07:21:23Z,2026-08-08T09:21:23+0200,a13a8e1c-07bb-4e38-addf-c4d0871b05cd,2026-07-25T15:15:00Z,2026-07-25T17:15:00+0200,8468.0,MW,ES,ES,forecast_onshore_wind_generation,Wind Onshore,2026-08-08T07:26:42Z
2026-08-08T07:21:23Z,2026-08-08T09:21:23+0200,a13a8e1c-07bb-4e38-addf-c4d0871b05cd,2026-07-25T15:30:00Z,2026-07-25T17:30:00+0200,8605.0,MW,ES,ES,forecast_onshore_wind_generation,Wind Onshore,2026-08-08T07:26:42Z
2026-08-08T07:21:23Z,2026-08-08T09:21:23+0200,a13a8e1c-07bb-4e38-addf-c4d0871b05cd,2026-07-25T15:45:00Z,2026-07-25T17:45:00+0200,8759.0,MW,ES,ES,forecast_onshore_wind_generation,Wind Onshore,2026-08-08T07:26:42Z
2026-08-08T07:21:23Z,2026-08-08T09:21:23+0200,a13a8e1c-07bb-4e38-addf-c4d0871b05cd,2026-07-25T16:00:00Z,2026-07-25T18:00:00+0200,8756.0,MW,ES,ES,forecast_onshore_wind_generation,Wind Onshore,2026-08-08T07:26:42Z
2026-08-08T07:21:23Z,2026-08-08T09:21:23+0200,a13a8e1c-07bb-4e38-addf-c4d0871b05cd,2026-07-25T16:15:00Z,2026-07-25T18:15:00+0200,8915.0,MW,ES,ES,forecast_onshore_wind_generation,Wind Onshore,2026-08-08T07:26:42Z
2026-08-08T07:21:23Z,2026-08-08T09:21:23+0200,a13a8e1c-07bb-4e38-addf-c4d0871b05cd,2026-07-25T16:30:00Z,2026-07-25T18:30:00+0200,8959.0,MW,ES,ES,forecast_onshore_wind_generation,Wind Onshore,2026-08-08T07:26:42Z
2026-08-08T07:21:23Z,2026-08-08T09:21:23+0200,a13a8e1c-07bb-4e38-addf-c4d0871b05cd,2026-07-25T16:45:00Z,2026-07-25T18:45:00+0200,9023.0,MW,ES,ES,forecast_onshore_wind_generation,Wind Onshore,2026-08-08T07:26:42Z
2026-08-08T07:21:23Z,2026-08-08T09:21:23+0200,a13a8e1c-07bb-4e38-addf-c4d0871b05cd,2026-07-25T17:00:00Z,2026-07-25T19:00:00+0200,9483.0,MW,ES,ES,forecast_onshore_wind_generation,Wind Onshore,2026-08-08T07:26:42Z
2026-08-08T07:21:23Z,2026-08-08T09:21:23+0200,a13a8e1c-07bb-4e38-addf-c4d0871b05cd,2026-07-25T17:15:00Z,2026-07-25T19:15:00+0200,9508.0,MW,ES,ES,forecast_onshore_wind_generation,Wind Onshore,2026-08-08T07:26:42Z
2026-08-08T07:21:23Z,2026-08-08T09:21:23+0200,a13a8e1c-07bb-4e38-addf-c4d0871b05cd,2026-07-25T17:30:00Z,2026-07-25T19:30:00+0200,9587.0,MW,ES,ES,forecast_onshore_wind_generation,Wind Onshore,2026-08-08T07:26:42Z
2026-08-08T07:21:23Z,2026-08-08T09:21:23+0200,a13a8e1c-07bb-4e38-addf-c4d0871b05cd,2026-07-25T17:45:00Z,2026-07-25T19:45:00+0200,9606.0,MW,ES,ES,forecast_onshore_wind_generation,Wind Onshore,2026-08-08T07:26:42Z
2026-08-08T07:21:23Z,2026-08-08T09:21:23+0200,a13a8e1c-07bb-4e38-addf-c4d0871b05cd,2026-07-25T18:00:00Z,2026-07-25T20:00:00+0200,10527.0,MW,ES,ES,forecast_onshore_wind_generation,Wind Onshore,2026-08-08T07:26:42Z
2026-08-08T07:21:23Z,2026-08-08T09:21:23+0200,a13a8e1c-07bb-4e38-addf-c4d0871b05cd,2026-07-25T18:15:00Z,2026-07-25T20:15:00+0200,10527.0,MW,ES,ES,forecast_onshore_wind_generation,Wind Onshore,2026-08-08T07:26:42Z
2026-08-08T07:21:23Z,2026-08-08T09:21:23+0200,a13a8e1c-07bb-4e38-addf-c4d0871b05cd,2026-07-25T18:30:00Z,2026-07-25T20:30:00+0200,10595.0,MW,ES,ES,forecast_onshore_wind_generation,Wind Onshore,2026-08-08T07:26:42Z
2026-08-08T07:21:23Z,2026-08-08T09:21:23+0200,a13a8e1c-07bb-4e38-addf-c4d0871b05cd,2026-07-25T18:45:00Z,2026-07-25T20:45:00+0200,10690.0,MW,ES,ES,forecast_onshore_wind_generation,Wind Onshore,2026-08-08T07:26:42Z
2026-08-08T07:21:23Z,2026-08-08T09:21:23+0200,a13a8e1c-07bb-4e38-addf-c4d0871b05cd,2026-07-25T19:00:00Z,2026-07-25T21:00:00+0200,10987.0,MW,ES,ES,forecast_onshore_wind_generation,Wind Onshore,2026-08-08T07:26:42Z
2026-08-08T07:21:23Z,2026-08-08T09:21:23+0200,a13a8e1c-07bb-4e38-addf-c4d0871b05cd,2026-07-25T19:15:00Z,2026-07-25T21:15:00+0200,10955.0,MW,ES,ES,forecast_onshore_wind_generation,Wind Onshore,2026-08-08T07:26:42Z
2026-08-08T07:21:23Z,2026-08-08T09:21:23+0200,a13a8e1c-07bb-4e38-addf-c4d0871b05cd,2026-07-25T19:30:00Z,2026-07-25T21:30:00+0200,10794.0,MW,ES,ES,forecast_onshore_wind_generation,Wind Onshore,2026-08-08T07:26:42Z
2026-08-08T07:21:23Z,2026-08-08T09:21:23+0200,a13a8e1c-07bb-4e38-addf-c4d0871b05cd,2026-07-25T19:45:00Z,2026-07-25T21:45:00+0200,10541.0,MW,ES,ES,forecast_onshore_wind_generation,Wind Onshore,2026-08-08T07:26:42Z
2026-08-08T07:21:23Z,2026-08-08T09:21:23+0200,a13a8e1c-07bb-4e38-addf-c4d0871b05cd,2026-07-25T20:00:00Z,2026-07-25T22:00:00+0200,10217.0,MW,ES,ES,forecast_onshore_wind_generation,Wind Onshore,2026-08-08T07:26:42Z
2026-08-08T07:21:23Z,2026-08-08T09:21:23+0200,a13a8e1c-07bb-4e38-addf-c4d0871b05cd,2026-07-25T20:15:00Z,2026-07-25T22:15:00+0200,9976.0,MW,ES,ES,forecast_onshore_wind_generation,Wind Onshore,2026-08-08T07:26:42Z
2026-08-08T07:21:23Z,2026-08-08T09:21:23+0200,a13a8e1c-07bb-4e38-addf-c4d0871b05cd,2026-07-25T20:30:00Z,2026-07-25T22:30:00+0200,9818.0,MW,ES,ES,forecast_onshore_wind_generation,Wind Onshore,2026-08-08T07:26:42Z
2026-08-08T07:21:23Z,2026-08-08T09:21:23+0200,a13a8e1c-07bb-4e38-addf-c4d0871b05cd,2026-07-25T20:45:00Z,2026-07-25T22:45:00+0200,9720.0,MW,ES,ES,forecast_onshore_wind_generation,Wind Onshore,2026-08-08T07:26:42Z
2026-08-08T07:21:23Z,2026-08-08T09:21:23+0200,a13a8e1c-07bb-4e38-addf-c4d0871b05cd,2026-07-25T21:00:00Z,2026-07-25T23:00:00+0200,9630.0,MW,ES,ES,forecast_onshore_wind_generation,Wind Onshore,2026-08-08T07:26:42Z
2026-08-08T07:21:23Z,2026-08-08T09:21:23+0200,a13a8e1c-07bb-4e38-addf-c4d0871b05cd,2026-07-25T21:15:00Z,2026-07-25T23:15:00+0200,9563.0,MW,ES,ES,forecast_onshore_wind_generation,Wind Onshore,2026-08-08T07:26:42Z
2026-08-08T07:21:23Z,2026-08-08T09:21:23+0200,a13a8e1c-07bb-4e38-addf-c4d0871b05cd,2026-07-25T21:30:00Z,2026-07-25T23:30:00+0200,9470.0,MW,ES,ES,forecast_onshore_wind_generation,Wind Onshore,2026-08-08T07:26:42Z
2026-08-08T07:21:23Z,2026-08-08T09:21:23+0200,a13a8e1c-07bb-4e38-addf-c4d0871b05cd,2026-07-25T21:45:00Z,2026-07-25T23:45:00+0200,9352.0,MW,ES,ES,forecast_onshore_wind_generation,Wind Onshore,2026-08-08T07:26:42Z
2026-08-08T07:21:23Z,2026-08-08T09:21:23+0200,a13a8e1c-07bb-4e38-addf-c4d0871b05cd,2026-07-25T22:00:00Z,2026-07-26T00:00:00+0200,9160.0,MW,ES,ES,forecast_onshore_wind_generation,Wind Onshore,2026-08-08T07:26:42Z
2026-08-08T07:21:23Z,2026-08-08T09:21:23+0200,a13a8e1c-07bb-4e38-addf-c4d0871b05cd,2026-07-25T22:15:00Z,2026-07-26T00:15:00+0200,8888.0,MW,ES,ES,forecast_onshore_wind_generation,Wind Onshore,2026-08-08T07:26:42Z
2026-08-08T07:21:23Z,2026-08-08T09:21:23+0200,a13a8e1c-07bb-4e38-addf-c4d0871b05cd,2026-07-25T22:30:00Z,2026-07-26T00:30:00+0200,8700.0,MW,ES,ES,forecast_onshore_wind_generation,Wind Onshore,2026-08-08T07:26:42Z
2026-08-08T07:21:23Z,2026-08-08T09:21:23+0200,a13a8e1c-07bb-4e38-addf-c4d0871b05cd,2026-07-25T22:45:00Z,2026-07-26T00:45:00+0200,8582.0,MW,ES,ES,forecast_onshore_wind_generation,Wind Onshore,2026-08-08T07:26:42Z
2026-08-08T07:21:23Z,2026-08-08T09:21:23+0200,a13a8e1c-07bb-4e38-addf-c4d0871b05cd,2026-07-25T23:00:00Z,2026-07-26T01:00:00+0200,8512.0,MW,ES,ES,forecast_onshore_wind_generation,Wind Onshore,2026-08-08T07:26:42Z
2026-08-08T07:21:23Z,2026-08-08T09:21:23+0200,a13a8e1c-07bb-4e38-addf-c4d0871b05cd,2026-07-25T23:15:00Z,2026-07-26T01:15:00+0200,8426.0,MW,ES,ES,forecast_onshore_wind_generation,Wind Onshore,2026-08-08T07:26:42Z
2026-08-08T07:21:23Z,2026-08-08T09:21:23+0200,a13a8e1c-07bb-4e38-addf-c4d0871b05cd,2026-07-25T23:30:00Z,2026-07-26T01:30:00+0200,8315.0,MW,ES,ES,forecast_onshore_wind_generation,Wind Onshore,2026-08-08T07:26:42Z
2026-08-08T07:21:23Z,2026-08-08T09:21:23+0200,a13a8e1c-07bb-4e38-addf-c4d0871b05cd,2026-07-25T23:45:00Z,2026-07-26T01:45:00+0200,8185.0,MW,ES,ES,forecast_onshore_wind_generation,Wind Onshore,2026-08-08T07:26:42Z
2026-08-08T07:21:23Z,2026-08-08T09:21:23+0200,a13a8e1c-07bb-4e38-addf-c4d0871b05cd,2026-07-26T00:00:00Z,2026-07-26T02:00:00+0200,8046.0,MW,ES,ES,forecast_onshore_wind_generation,Wind Onshore,2026-08-08T07:26:42Z
2026-08-08T07:21:23Z,2026-08-08T09:21:23+0200,a13a8e1c-07bb-4e38-addf-c4d0871b05cd,2026-07-26T00:15:00Z,2026-07-26T02:15:00+0200,7914.0,MW,ES,ES,forecast_onshore_wind_generation,Wind Onshore,2026-08-08T07:26:42Z
2026-08-08T07:21:23Z,2026-08-08T09:21:23+0200,a13a8e1c-07bb-4e38-addf-c4d0871b05cd,2026-07-26T00:30:00Z,2026-07-26T02:30:00+0200,7802.0,MW,ES,ES,forecast_onshore_wind_generation,Wind Onshore,2026-08-08T07:26:42Z
2026-08-08T07:21:23Z,2026-08-08T09:21:23+0200,a13a8e1c-07bb-4e38-addf-c4d0871b05cd,2026-07-26T00:45:00Z,2026-07-26T02:45:00+0200,7705.0,MW,ES,ES,forecast_onshore_wind_generation,Wind Onshore,2026-08-08T07:26:42Z
2026-08-08T07:21:23Z,2026-08-08T09:21:23+0200,a13a8e1c-07bb-4e38-addf-c4d0871b05cd,2026-07-26T01:00:00Z,2026-07-26T03:00:00+0200,7622.0,MW,ES,ES,forecast_onshore_wind_generation,Wind Onshore,2026-08-08T07:26:42Z
2026-08-08T07:21:23Z,2026-08-08T09:21:23+0200,a13a8e1c-07bb-4e38-addf-c4d0871b05cd,2026-07-26T01:15:00Z,2026-07-26T03:15:00+0200,7542.0,MW,ES,ES,forecast_onshore_wind_generation,Wind Onshore,2026-08-08T07:26:42Z
2026-08-08T07:21:23Z,2026-08-08T09:21:23+0200,a13a8e1c-07bb-4e38-addf-c4d0871b05cd,2026-07-26T01:30:00Z,2026-07-26T03:30:00+0200,7465.0,MW,ES,ES,forecast_onshore_wind_generation,Wind Onshore,2026-08-08T07:26:42Z
2026-08-08T07:21:23Z,2026-08-08T09:21:23+0200,a13a8e1c-07bb-4e38-addf-c4d0871b05cd,2026-07-26T01:45:00Z,2026-07-26T03:45:00+0200,7387.0,MW,ES,ES,forecast_onshore_wind_generation,Wind Onshore,2026-08-08T07:26:42Z
2026-08-08T07:21:23Z,2026-08-08T09:21:23+0200,a13a8e1c-07bb-4e38-addf-c4d0871b05cd,2026-07-26T02:00:00Z,2026-07-26T04:00:00+0200,7306.0,MW,ES,ES,forecast_onshore_wind_generation,Wind Onshore,2026-08-08T07:26:42Z
2026-08-08T07:21:23Z,2026-08-08T09:21:23+0200,a13a8e1c-07bb-4e38-addf-c4d0871b05cd,2026-07-26T02:15:00Z,2026-07-26T04:15:00+0200,7223.0,MW,ES,ES,forecast_onshore_wind_generation,Wind Onshore,2026-08-08T07:26:42Z
2026-08-08T07:21:23Z,2026-08-08T09:21:23+0200,a13a8e1c-07bb-4e38-addf-c4d0871b05cd,2026-07-26T02:30:00Z,2026-07-26T04:30:00+0200,7131.0,MW,ES,ES,forecast_onshore_wind_generation,Wind Onshore,2026-08-08T07:26:42Z
2026-08-08T07:21:23Z,2026-08-08T09:21:23+0200,a13a8e1c-07bb-4e38-addf-c4d0871b05cd,2026-07-26T02:45:00Z,2026-07-26T04:45:00+0200,7042.0,MW,ES,ES,forecast_onshore_wind_generation,Wind Onshore,2026-08-08T07:26:42Z
2026-08-08T07:21:23Z,2026-08-08T09:21:23+0200,a13a8e1c-07bb-4e38-addf-c4d0871b05cd,2026-07-26T03:00:00Z,2026-07-26T05:00:00+0200,6936.0,MW,ES,ES,forecast_onshore_wind_generation,Wind Onshore,2026-08-08T07:26:42Z
2026-08-08T07:21:23Z,2026-08-08T09:21:23+0200,a13a8e1c-07bb-4e38-addf-c4d0871b05cd,2026-07-26T03:15:00Z,2026-07-26T05:15:00+0200,6889.0,MW,ES,ES,forecast_onshore_wind_generation,Wind Onshore,2026-08-08T07:26:42Z
2026-08-08T07:21:23Z,2026-08-08T09:21:23+0200,a13a8e1c-07bb-4e38-addf-c4d0871b05cd,2026-07-26T03:30:00Z,2026-07-26T05:30:00+0200,6873.0,MW,ES,ES,forecast_onshore_wind_generation,Wind Onshore,2026-08-08T07:26:42Z
2026-08-08T07:21:23Z,2026-08-08T09:21:23+0200,a13a8e1c-07bb-4e38-addf-c4d0871b05cd,2026-07-26T03:45:00Z,2026-07-26T05:45:00+0200,6873.0,MW,ES,ES,forecast_onshore_wind_generation,Wind Onshore,2026-08-08T07:26:42Z
2026-08-08T07:21:23Z,2026-08-08T09:21:23+0200,a13a8e1c-07bb-4e38-addf-c4d0871b05cd,2026-07-26T04:00:00Z,2026-07-26T06:00:00+0200,6937.0,MW,ES,ES,forecast_onshore_wind_generation,Wind Onshore,2026-08-08T07:26:42Z
2026-08-08T07:21:23Z,2026-08-08T09:21:23+0200,a13a8e1c-07bb-4e38-addf-c4d0871b05cd,2026-07-26T04:15:00Z,2026-07-26T06:15:00+0200,6905.0,MW,ES,ES,forecast_onshore_wind_generation,Wind Onshore,2026-08-08T07:26:42Z
2026-08-08T07:21:23Z,2026-08-08T09:21:23+0200,a13a8e1c-07bb-4e38-addf-c4d0871b05cd,2026-07-26T04:30:00Z,2026-07-26T06:30:00+0200,6830.0,MW,ES,ES,forecast_onshore_wind_generation,Wind Onshore,2026-08-08T07:26:42Z
2026-08-08T07:21:23Z,2026-08-08T09:21:23+0200,a13a8e1c-07bb-4e38-addf-c4d0871b05cd,2026-07-26T04:45:00Z,2026-07-26T06:45:00+0200,6712.0,MW,ES,ES,forecast_onshore_wind_generation,Wind Onshore,2026-08-08T07:26:42Z
2026-08-08T07:21:23Z,2026-08-08T09:21:23+0200,a13a8e1c-07bb-4e38-addf-c4d0871b05cd,2026-07-26T05:00:00Z,2026-07-26T07:00:00+0200,6609.0,MW,ES,ES,forecast_onshore_wind_generation,Wind Onshore,2026-08-08T07:26:42Z
2026-08-08T07:21:23Z,2026-08-08T09:21:23+0200,a13a8e1c-07bb-4e38-addf-c4d0871b05cd,2026-07-26T05:15:00Z,2026-07-26T07:15:00+0200,6422.0,MW,ES,ES,forecast_onshore_wind_generation,Wind Onshore,2026-08-08T07:26:42Z
2026-08-08T07:21:23Z,2026-08-08T09:21:23+0200,a13a8e1c-07bb-4e38-addf-c4d0871b05cd,2026-07-26T05:30:00Z,2026-07-26T07:30:00+0200,6208.0,MW,ES,ES,forecast_onshore_wind_generation,Wind Onshore,2026-08-08T07:26:42Z
2026-08-08T07:21:23Z,2026-08-08T09:21:23+0200,a13a8e1c-07bb-4e38-addf-c4d0871b05cd,2026-07-26T05:45:00Z,2026-07-26T07:45:00+0200,5983.0,MW,ES,ES,forecast_onshore_wind_generation,Wind Onshore,2026-08-08T07:26:42Z
2026-08-08T07:21:23Z,2026-08-08T09:21:23+0200,a13a8e1c-07bb-4e38-addf-c4d0871b05cd,2026-07-26T06:00:00Z,2026-07-26T08:00:00+0200,5700.0,MW,ES,ES,forecast_onshore_wind_generation,Wind Onshore,2026-08-08T07:26:42Z
2026-08-08T07:21:23Z,2026-08-08T09:21:23+0200,a13a8e1c-07bb-4e38-addf-c4d0871b05cd,2026-07-26T06:15:00Z,2026-07-26T08:15:00+0200,5501.0,MW,ES,ES,forecast_onshore_wind_generation,Wind Onshore,2026-08-08T07:26:42Z
2026-08-08T07:21:23Z,2026-08-08T09:21:23+0200,a13a8e1c-07bb-4e38-addf-c4d0871b05cd,2026-07-26T06:30:00Z,2026-07-26T08:30:00+0200,5325.0,MW,ES,ES,forecast_onshore_wind_generation,Wind Onshore,2026-08-08T07:26:42Z
2026-08-08T07:21:23Z,2026-08-08T09:21:23+0200,a13a8e1c-07bb-4e38-addf-c4d0871b05cd,2026-07-26T06:45:00Z,2026-07-26T08:45:00+0200,5098.0,MW,ES,ES,forecast_onshore_wind_generation,Wind Onshore,2026-08-08T07:26:42Z
2026-08-08T07:21:23Z,2026-08-08T09:21:23+0200,a13a8e1c-07bb-4e38-addf-c4d0871b05cd,2026-07-26T07:00:00Z,2026-07-26T09:00:00+0200,4818.0,MW,ES,ES,forecast_onshore_wind_generation,Wind Onshore,2026-08-08T07:26:42Z
2026-08-08T07:21:23Z,2026-08-08T09:21:23+0200,a13a8e1c-07bb-4e38-addf-c4d0871b05cd,2026-07-26T07:15:00Z,2026-07-26T09:15:00+0200,4690.0,MW,ES,ES,forecast_onshore_wind_generation,Wind Onshore,2026-08-08T07:26:42Z
2026-08-08T07:21:23Z,2026-08-08T09:21:23+0200,a13a8e1c-07bb-4e38-addf-c4d0871b05cd,2026-07-26T07:30:00Z,2026-07-26T09:30:00+0200,4590.0,MW,ES,ES,forecast_onshore_wind_generation,Wind Onshore,2026-08-08T07:26:42Z
2026-08-08T07:21:23Z,2026-08-08T09:21:23+0200,a13a8e1c-07bb-4e38-addf-c4d0871b05cd,2026-07-26T07:45:00Z,2026-07-26T09:45:00+0200,4505.0,MW,ES,ES,forecast_onshore_wind_generation,Wind Onshore,2026-08-08T07:26:42Z
2026-08-08T07:21:23Z,2026-08-08T09:21:23+0200,a13a8e1c-07bb-4e38-addf-c4d0871b05cd,2026-07-26T08:00:00Z,2026-07-26T10:00:00+0200,4169.0,MW,ES,ES,forecast_onshore_wind_generation,Wind Onshore,2026-08-08T07:26:42Z
2026-08-08T07:21:23Z,2026-08-08T09:21:23+0200,a13a8e1c-07bb-4e38-addf-c4d0871b05cd,2026-07-26T08:15:00Z,2026-07-26T10:15:00+0200,4103.0,MW,ES,ES,forecast_onshore_wind_generation,Wind Onshore,2026-08-08T07:26:42Z
2026-08-08T07:21:23Z,2026-08-08T09:21:23+0200,a13a8e1c-07bb-4e38-addf-c4d0871b05cd,2026-07-26T08:30:00Z,2026-07-26T10:30:00+0200,4052.0,MW,ES,ES,forecast_onshore_wind_generation,Wind Onshore,2026-08-08T07:26:42Z
2026-08-08T07:21:23Z,2026-08-08T09:21:23+0200,a13a8e1c-07bb-4e38-addf-c4d0871b05cd,2026-07-26T08:45:00Z,2026-07-26T10:45:00+0200,3975.0,MW,ES,ES,forecast_onshore_wind_generation,Wind Onshore,2026-08-08T07:26:42Z
2026-08-08T07:21:23Z,2026-08-08T09:21:23+0200,a13a8e1c-07bb-4e38-addf-c4d0871b05cd,2026-07-26T09:00:00Z,2026-07-26T11:00:00+0200,3785.0,MW,ES,ES,forecast_onshore_wind_generation,Wind Onshore,2026-08-08T07:26:42Z
2026-08-08T07:21:23Z,2026-08-08T09:21:23+0200,a13a8e1c-07bb-4e38-addf-c4d0871b05cd,2026-07-26T09:15:00Z,2026-07-26T11:15:00+0200,3764.0,MW,ES,ES,forecast_onshore_wind_generation,Wind Onshore,2026-08-08T07:26:42Z
2026-08-08T07:21:23Z,2026-08-08T09:21:23+0200,a13a8e1c-07bb-4e38-addf-c4d0871b05cd,2026-07-26T09:30:00Z,2026-07-26T11:30:00+0200,3749.0,MW,ES,ES,forecast_onshore_wind_generation,Wind Onshore,2026-08-08T07:26:42Z
2026-08-08T07:21:23Z,2026-08-08T09:21:23+0200,a13a8e1c-07bb-4e38-addf-c4d0871b05cd,2026-07-26T09:45:00Z,2026-07-26T11:45:00+0200,3733.0,MW,ES,ES,forecast_onshore_wind_generation,Wind Onshore,2026-08-08T07:26:42Z
2026-08-08T07:21:23Z,2026-08-08T09:21:23+0200,a13a8e1c-07bb-4e38-addf-c4d0871b05cd,2026-07-26T10:00:00Z,2026-07-26T12:00:00+0200,3609.0,MW,ES,ES,forecast_onshore_wind_generation,Wind Onshore,2026-08-08T07:26:42Z
2026-08-08T07:21:23Z,2026-08-08T09:21:23+0200,a13a8e1c-07bb-4e38-addf-c4d0871b05cd,2026-07-26T10:15:00Z,2026-07-26T12:15:00+0200,3602.0,MW,ES,ES,forecast_onshore_wind_generation,Wind Onshore,2026-08-08T07:26:42Z
2026-08-08T07:21:23Z,2026-08-08T09:21:23+0200,a13a8e1c-07bb-4e38-addf-c4d0871b05cd,2026-07-26T10:30:00Z,2026-07-26T12:30:00+0200,3600.0,MW,ES,ES,forecast_onshore_wind_generation,Wind Onshore,2026-08-08T07:26:42Z
2026-08-08T07:21:23Z,2026-08-08T09:21:23+0200,a13a8e1c-07bb-4e38-addf-c4d0871b05cd,2026-07-26T10:45:00Z,2026-07-26T12:45:00+0200,3601.0,MW,ES,ES,forecast_onshore_wind_generation,Wind Onshore,2026-08-08T07:26:42Z
2026-08-08T07:21:23Z,2026-08-08T09:21:23+0200,a13a8e1c-07bb-4e38-addf-c4d0871b05cd,2026-07-26T11:00:00Z,2026-07-26T13:00:00+0200,3590.0,MW,ES,ES,forecast_onshore_wind_generation,Wind Onshore,2026-08-08T07:26:42Z
2026-08-08T07:21:23Z,2026-08-08T09:21:23+0200,a13a8e1c-07bb-4e38-addf-c4d0871b05cd,2026-07-26T11:15:00Z,2026-07-26T13:15:00+0200,3605.0,MW,ES,ES,forecast_onshore_wind_generation,Wind Onshore,2026-08-08T07:26:42Z
2026-08-08T07:21:23Z,2026-08-08T09:21:23+0200,a13a8e1c-07bb-4e38-addf-c4d0871b05cd,2026-07-26T11:30:00Z,2026-07-26T13:30:00+0200,3626.0,MW,ES,ES,forecast_onshore_wind_generation,Wind Onshore,2026-08-08T07:26:42Z
2026-08-08T07:21:23Z,2026-08-08T09:21:23+0200,a13a8e1c-07bb-4e38-addf-c4d0871b05cd,2026-07-26T11:45:00Z,2026-07-26T13:45:00+0200,3655.0,MW,ES,ES,forecast_onshore_wind_generation,Wind Onshore,2026-08-08T07:26:42Z
2026-08-08T07:21:23Z,2026-08-08T09:21:23+0200,a13a8e1c-07bb-4e38-addf-c4d0871b05cd,2026-07-26T12:00:00Z,2026-07-26T14:00:00+0200,3788.0,MW,ES,ES,forecast_onshore_wind_generation,Wind Onshore,2026-08-08T07:26:42Z
2026-08-08T07:21:23Z,2026-08-08T09:21:23+0200,a13a8e1c-07bb-4e38-addf-c4d0871b05cd,2026-07-26T12:15:00Z,2026-07-26T14:15:00+0200,3829.0,MW,ES,ES,forecast_onshore_wind_generation,Wind Onshore,2026-08-08T07:26:42Z
2026-08-08T07:21:23Z,2026-08-08T09:21:23+0200,a13a8e1c-07bb-4e38-addf-c4d0871b05cd,2026-07-26T12:30:00Z,2026-07-26T14:30:00+0200,3877.0,MW,ES,ES,forecast_onshore_wind_generation,Wind Onshore,2026-08-08T07:26:42Z
2026-08-08T07:21:23Z,2026-08-08T09:21:23+0200,a13a8e1c-07bb-4e38-addf-c4d0871b05cd,2026-07-26T12:45:00Z,2026-07-26T14:45:00+0200,3927.0,MW,ES,ES,forecast_onshore_wind_generation,Wind Onshore,2026-08-08T07:26:42Z
2026-08-08T07:21:23Z,2026-08-08T09:21:23+0200,a13a8e1c-07bb-4e38-addf-c4d0871b05cd,2026-07-26T13:00:00Z,2026-07-26T15:00:00+0200,3935.0,MW,ES,ES,forecast_onshore_wind_generation,Wind Onshore,2026-08-08T07:26:42Z
2026-08-08T07:21:23Z,2026-08-08T09:21:23+0200,a13a8e1c-07bb-4e38-addf-c4d0871b05cd,2026-07-26T13:15:00Z,2026-07-26T15:15:00+0200,4002.0,MW,ES,ES,forecast_onshore_wind_generation,Wind Onshore,2026-08-08T07:26:42Z
2026-08-08T07:21:23Z,2026-08-08T09:21:23+0200,a13a8e1c-07bb-4e38-addf-c4d0871b05cd,2026-07-26T13:30:00Z,2026-07-26T15:30:00+0200,4080.0,MW,ES,ES,forecast_onshore_wind_generation,Wind Onshore,2026-08-08T07:26:42Z
2026-08-08T07:21:23Z,2026-08-08T09:21:23+0200,a13a8e1c-07bb-4e38-addf-c4d0871b05cd,2026-07-26T13:45:00Z,2026-07-26T15:45:00+0200,4168.0,MW,ES,ES,forecast_onshore_wind_generation,Wind Onshore,2026-08-08T07:26:42Z
2026-08-08T07:21:23Z,2026-08-08T09:21:23+0200,a13a8e1c-07bb-4e38-addf-c4d0871b05cd,2026-07-26T14:00:00Z,2026-07-26T16:00:00+0200,4345.0,MW,ES,ES,forecast_onshore_wind_generation,Wind Onshore,2026-08-08T07:26:42Z
2026-08-08T07:21:23Z,2026-08-08T09:21:23+0200,a13a8e1c-07bb-4e38-addf-c4d0871b05cd,2026-07-26T14:15:00Z,2026-07-26T16:15:00+0200,4459.0,MW,ES,ES,forecast_onshore_wind_generation,Wind Onshore,2026-08-08T07:26:42Z
2026-08-08T07:21:23Z,2026-08-08T09:21:23+0200,a13a8e1c-07bb-4e38-addf-c4d0871b05cd,2026-07-26T14:30:00Z,2026-07-26T16:30:00+0200,4606.0,MW,ES,ES,forecast_onshore_wind_generation,Wind Onshore,2026-08-08T07:26:42Z
2026-08-08T07:21:23Z,2026-08-08T09:21:23+0200,a13a8e1c-07bb-4e38-addf-c4d0871b05cd,2026-07-26T14:45:00Z,2026-07-26T16:45:00+0200,4726.0,MW,ES,ES,forecast_onshore_wind_generation,Wind Onshore,2026-08-08T07:26:42Z
2026-08-08T07:21:23Z,2026-08-08T09:21:23+0200,a13a8e1c-07bb-4e38-addf-c4d0871b05cd,2026-07-26T15:00:00Z,2026-07-26T17:00:00+0200,4962.0,MW,ES,ES,forecast_onshore_wind_generation,Wind Onshore,2026-08-08T07:26:42Z
2026-08-08T07:21:23Z,2026-08-08T09:21:23+0200,a13a8e1c-07bb-4e38-addf-c4d0871b05cd,2026-07-26T15:15:00Z,2026-07-26T17:15:00+0200,5076.0,MW,ES,ES,forecast_onshore_wind_generation,Wind Onshore,2026-08-08T07:26:42Z
2026-08-08T07:21:23Z,2026-08-08T09:21:23+0200,a13a8e1c-07bb-4e38-addf-c4d0871b05cd,2026-07-26T15:30:00Z,2026-07-26T17:30:00+0200,5203.0,MW,ES,ES,forecast_onshore_wind_generation,Wind Onshore,2026-08-08T07:26:42Z
2026-08-08T07:21:23Z,2026-08-08T09:21:23+0200,a13a8e1c-07bb-4e38-addf-c4d0871b05cd,2026-07-26T15:45:00Z,2026-07-26T17:45:00+0200,5325.0,MW,ES,ES,forecast_onshore_wind_generation,Wind Onshore,2026-08-08T07:26:42Z
2026-08-08T07:21:23Z,2026-08-08T09:21:23+0200,a13a8e1c-07bb-4e38-addf-c4d0871b05cd,2026-07-26T16:00:00Z,2026-07-26T18:00:00+0200,5736.0,MW,ES,ES,forecast_onshore_wind_generation,Wind Onshore,2026-08-08T07:26:42Z
2026-08-08T07:21:23Z,2026-08-08T09:21:23+0200,a13a8e1c-07bb-4e38-addf-c4d0871b05cd,2026-07-26T16:15:00Z,2026-07-26T18:15:00+0200,5853.0,MW,ES,ES,forecast_onshore_wind_generation,Wind Onshore,2026-08-08T07:26:42Z
2026-08-08T07:21:23Z,2026-08-08T09:21:23+0200,a13a8e1c-07bb-4e38-addf-c4d0871b05cd,2026-07-26T16:30:00Z,2026-07-26T18:30:00+0200,5963.0,MW,ES,ES,forecast_onshore_wind_generation,Wind Onshore,2026-08-08T07:26:42Z
2026-08-08T07:21:23Z,2026-08-08T09:21:23+0200,a13a8e1c-07bb-4e38-addf-c4d0871b05cd,2026-07-26T16:45:00Z,2026-07-26T18:45:00+0200,6089.0,MW,ES,ES,forecast_onshore_wind_generation,Wind Onshore,2026-08-08T07:26:42Z
2026-08-08T07:21:23Z,2026-08-08T09:21:23+0200,a13a8e1c-07bb-4e38-addf-c4d0871b05cd,2026-07-26T17:00:00Z,2026-07-26T19:00:00+0200,6178.0,MW,ES,ES,forecast_onshore_wind_generation,Wind Onshore,2026-08-08T07:26:42Z
2026-08-08T07:21:23Z,2026-08-08T09:21:23+0200,a13a8e1c-07bb-4e38-addf-c4d0871b05cd,2026-07-26T17:15:00Z,2026-07-26T19:15:00+0200,6256.0,MW,ES,ES,forecast_onshore_wind_generation,Wind Onshore,2026-08-08T07:26:42Z
2026-08-08T07:21:23Z,2026-08-08T09:21:23+0200,a13a8e1c-07bb-4e38-addf-c4d0871b05cd,2026-07-26T17:30:00Z,2026-07-26T19:30:00+0200,6355.0,MW,ES,ES,forecast_onshore_wind_generation,Wind Onshore,2026-08-08T07:26:42Z
2026-08-08T07:21:23Z,2026-08-08T09:21:23+0200,a13a8e1c-07bb-4e38-addf-c4d0871b05cd,2026-07-26T17:45:00Z,2026-07-26T19:45:00+0200,6437.0,MW,ES,ES,forecast_onshore_wind_generation,Wind Onshore,2026-08-08T07:26:42Z
2026-08-08T07:21:23Z,2026-08-08T09:21:23+0200,a13a8e1c-07bb-4e38-addf-c4d0871b05cd,2026-07-26T18:00:00Z,2026-07-26T20:00:00+0200,6799.0,MW,ES,ES,forecast_onshore_wind_generation,Wind Onshore,2026-08-08T07:26:42Z
2026-08-08T07:21:23Z,2026-08-08T09:21:23+0200,a13a8e1c-07bb-4e38-addf-c4d0871b05cd,2026-07-26T18:15:00Z,2026-07-26T20:15:00+0200,6881.0,MW,ES,ES,forecast_onshore_wind_generation,Wind Onshore,2026-08-08T07:26:42Z
2026-08-08T07:21:23Z,2026-08-08T09:21:23+0200,a13a8e1c-07bb-4e38-addf-c4d0871b05cd,2026-07-26T18:30:00Z,2026-07-26T20:30:00+0200,6949.0,MW,ES,ES,forecast_onshore_wind_generation,Wind Onshore,2026-08-08T07:26:42Z
2026-08-08T07:21:23Z,2026-08-08T09:21:23+0200,a13a8e1c-07bb-4e38-addf-c4d0871b05cd,2026-07-26T18:45:00Z,2026-07-26T20:45:00+0200,7032.0,MW,ES,ES,forecast_onshore_wind_generation,Wind Onshore,2026-08-08T07:26:42Z
2026-08-08T07:21:23Z,2026-08-08T09:21:23+0200,a13a8e1c-07bb-4e38-addf-c4d0871b05cd,2026-07-26T19:00:00Z,2026-07-26T21:00:00+0200,7233.0,MW,ES,ES,forecast_onshore_wind_generation,Wind Onshore,2026-08-08T07:26:42Z
2026-08-08T07:21:23Z,2026-08-08T09:21:23+0200,a13a8e1c-07bb-4e38-addf-c4d0871b05cd,2026-07-26T19:15:00Z,2026-07-26T21:15:00+0200,7314.0,MW,ES,ES,forecast_onshore_wind_generation,Wind Onshore,2026-08-08T07:26:42Z
2026-08-08T07:21:23Z,2026-08-08T09:21:23+0200,a13a8e1c-07bb-4e38-addf-c4d0871b05cd,2026-07-26T19:30:00Z,2026-07-26T21:30:00+0200,7396.0,MW,ES,ES,forecast_onshore_wind_generation,Wind Onshore,2026-08-08T07:26:42Z
2026-08-08T07:21:23Z,2026-08-08T09:21:23+0200,a13a8e1c-07bb-4e38-addf-c4d0871b05cd,2026-07-26T19:45:00Z,2026-07-26T21:45:00+0200,7483.0,MW,ES,ES,forecast_onshore_wind_generation,Wind Onshore,2026-08-08T07:26:42Z
2026-08-08T07:21:23Z,2026-08-08T09:21:23+0200,a13a8e1c-07bb-4e38-addf-c4d0871b05cd,2026-07-26T20:00:00Z,2026-07-26T22:00:00+0200,7584.0,MW,ES,ES,forecast_onshore_wind_generation,Wind Onshore,2026-08-08T07:26:42Z
2026-08-08T07:21:23Z,2026-08-08T09:21:23+0200,a13a8e1c-07bb-4e38-addf-c4d0871b05cd,2026-07-26T20:15:00Z,2026-07-26T22:15:00+0200,7674.0,MW,ES,ES,forecast_onshore_wind_generation,Wind Onshore,2026-08-08T07:26:42Z
2026-08-08T07:21:23Z,2026-08-08T09:21:23+0200,a13a8e1c-07bb-4e38-addf-c4d0871b05cd,2026-07-26T20:30:00Z,2026-07-26T22:30:00+0200,7765.0,MW,ES,ES,forecast_onshore_wind_generation,Wind Onshore,2026-08-08T07:26:42Z
2026-08-08T07:21:23Z,2026-08-08T09:21:23+0200,a13a8e1c-07bb-4e38-addf-c4d0871b05cd,2026-07-26T20:45:00Z,2026-07-26T22:45:00+0200,7854.0,MW,ES,ES,forecast_onshore_wind_generation,Wind Onshore,2026-08-08T07:26:42Z
2026-08-08T07:21:23Z,2026-08-08T09:21:23+0200,a13a8e1c-07bb-4e38-addf-c4d0871b05cd,2026-07-26T21:00:00Z,2026-07-26T23:00:00+0200,7977.0,MW,ES,ES,forecast_onshore_wind_generation,Wind Onshore,2026-08-08T07:26:42Z
2026-08-08T07:21:23Z,2026-08-08T09:21:23+0200,a13a8e1c-07bb-4e38-addf-c4d0871b05cd,2026-07-26T21:15:00Z,2026-07-26T23:15:00+0200,8058.0,MW,ES,ES,forecast_onshore_wind_generation,Wind Onshore,2026-08-08T07:26:42Z
2026-08-08T07:21:23Z,2026-08-08T09:21:23+0200,a13a8e1c-07bb-4e38-addf-c4d0871b05cd,2026-07-26T21:30:00Z,2026-07-26T23:30:00+0200,8131.0,MW,ES,ES,forecast_onshore_wind_generation,Wind Onshore,2026-08-08T07:26:42Z
2026-08-08T07:21:23Z,2026-08-08T09:21:23+0200,a13a8e1c-07bb-4e38-addf-c4d0871b05cd,2026-07-26T21:45:00Z,2026-07-26T23:45:00+0200,8190.0,MW,ES,ES,forecast_onshore_wind_generation,Wind Onshore,2026-08-08T07:26:42Z
2026-08-08T07:21:23Z,2026-08-08T09:21:23+0200,a13a8e1c-07bb-4e38-addf-c4d0871b05cd,2026-07-26T22:00:00Z,2026-07-27T00:00:00+0200,7957.0,MW,ES,ES,forecast_onshore_wind_generation,Wind Onshore,2026-08-08T07:26:42Z
2026-08-08T07:21:23Z,2026-08-08T09:21:23+0200,a13a8e1c-07bb-4e38-addf-c4d0871b05cd,2026-07-26T22:15:00Z,2026-07-27T00:15:00+0200,8011.0,MW,ES,ES,forecast_onshore_wind_generation,Wind Onshore,2026-08-08T07:26:42Z
2026-08-08T07:21:23Z,2026-08-08T09:21:23+0200,a13a8e1c-07bb-4e38-addf-c4d0871b05cd,2026-07-26T22:30:00Z,2026-07-27T00:30:00+0200,8047.0,MW,ES,ES,forecast_onshore_wind_generation,Wind Onshore,2026-08-08T07:26:42Z
2026-08-08T07:21:23Z,2026-08-08T09:21:23+0200,a13a8e1c-07bb-4e38-addf-c4d0871b05cd,2026-07-26T22:45:00Z,2026-07-27T00:45:00+0200,8071.0,MW,ES,ES,forecast_onshore_wind_generation,Wind Onshore,2026-08-08T07:26:42Z
2026-08-08T07:21:23Z,2026-08-08T09:21:23+0200,a13a8e1c-07bb-4e38-addf-c4d0871b05cd,2026-07-26T23:00:00Z,2026-07-27T01:00:00+0200,8101.0,MW,ES,ES,forecast_onshore_wind_generation,Wind Onshore,2026-08-08T07:26:42Z
2026-08-08T07:21:23Z,2026-08-08T09:21:23+0200,a13a8e1c-07bb-4e38-addf-c4d0871b05cd,2026-07-26T23:15:00Z,2026-07-27T01:15:00+0200,8106.0,MW,ES,ES,forecast_onshore_wind_generation,Wind Onshore,2026-08-08T07:26:42Z
2026-08-08T07:21:23Z,2026-08-08T09:21:23+0200,a13a8e1c-07bb-4e38-addf-c4d0871b05cd,2026-07-26T23:30:00Z,2026-07-27T01:30:00+0200,8108.0,MW,ES,ES,forecast_onshore_wind_generation,Wind Onshore,2026-08-08T07:26:42Z
2026-08-08T07:21:23Z,2026-08-08T09:21:23+0200,a13a8e1c-07bb-4e38-addf-c4d0871b05cd,2026-07-26T23:45:00Z,2026-07-27T01:45:00+0200,8106.0,MW,ES,ES,forecast_onshore_wind_generation,Wind Onshore,2026-08-08T07:26:42Z
2026-08-08T07:21:23Z,2026-08-08T09:21:23+0200,a13a8e1c-07bb-4e38-addf-c4d0871b05cd,2026-07-27T00:00:00Z,2026-07-27T02:00:00+0200,8105.0,MW,ES,ES,forecast_onshore_wind_generation,Wind Onshore,2026-08-08T07:26:42Z
2026-08-08T07:21:23Z,2026-08-08T09:21:23+0200,a13a8e1c-07bb-4e38-addf-c4d0871b05cd,2026-07-27T00:15:00Z,2026-07-27T02:15:00+0200,8100.0,MW,ES,ES,forecast_onshore_wind_generation,Wind Onshore,2026-08-08T07:26:42Z
2026-08-08T07:21:23Z,2026-08-08T09:21:23+0200,a13a8e1c-07bb-4e38-addf-c4d0871b05cd,2026-07-27T00:30:00Z,2026-07-27T02:30:00+0200,8092.0,MW,ES,ES,forecast_onshore_wind_generation,Wind Onshore,2026-08-08T07:26:42Z
2026-08-08T07:21:23Z,2026-08-08T09:21:23+0200,a13a8e1c-07bb-4e38-addf-c4d0871b05cd,2026-07-27T00:45:00Z,2026-07-27T02:45:00+0200,8080.0,MW,ES,ES,forecast_onshore_wind_generation,Wind Onshore,2026-08-08T07:26:42Z
2026-08-08T07:21:23Z,2026-08-08T09:21:23+0200,a13a8e1c-07bb-4e38-addf-c4d0871b05cd,2026-07-27T01:00:00Z,2026-07-27T03:00:00+0200,8071.0,MW,ES,ES,forecast_onshore_wind_generation,Wind Onshore,2026-08-08T07:26:42Z
2026-08-08T07:21:23Z,2026-08-08T09:21:23+0200,a13a8e1c-07bb-4e38-addf-c4d0871b05cd,2026-07-27T01:15:00Z,2026-07-27T03:15:00+0200,8053.0,MW,ES,ES,forecast_onshore_wind_generation,Wind Onshore,2026-08-08T07:26:42Z
2026-08-08T07:21:23Z,2026-08-08T09:21:23+0200,a13a8e1c-07bb-4e38-addf-c4d0871b05cd,2026-07-27T01:30:00Z,2026-07-27T03:30:00+0200,8028.0,MW,ES,ES,forecast_onshore_wind_generation,Wind Onshore,2026-08-08T07:26:42Z
2026-08-08T07:21:23Z,2026-08-08T09:21:23+0200,a13a8e1c-07bb-4e38-addf-c4d0871b05cd,2026-07-27T01:45:00Z,2026-07-27T03:45:00+0200,7997.0,MW,ES,ES,forecast_onshore_wind_generation,Wind Onshore,2026-08-08T07:26:42Z
2026-08-08T07:21:23Z,2026-08-08T09:21:23+0200,a13a8e1c-07bb-4e38-addf-c4d0871b05cd,2026-07-27T02:00:00Z,2026-07-27T04:00:00+0200,7975.0,MW,ES,ES,forecast_onshore_wind_generation,Wind Onshore,2026-08-08T07:26:42Z
2026-08-08T07:21:23Z,2026-08-08T09:21:23+0200,a13a8e1c-07bb-4e38-addf-c4d0871b05cd,2026-07-27T02:15:00Z,2026-07-27T04:15:00+0200,7924.0,MW,ES,ES,forecast_onshore_wind_generation,Wind Onshore,2026-08-08T07:26:42Z
2026-08-08T07:21:23Z,2026-08-08T09:21:23+0200,a13a8e1c-07bb-4e38-addf-c4d0871b05cd,2026-07-27T02:30:00Z,2026-07-27T04:30:00+0200,7862.0,MW,ES,ES,forecast_onshore_wind_generation,Wind Onshore,2026-08-08T07:26:42Z
2026-08-08T07:21:23Z,2026-08-08T09:21:23+0200,a13a8e1c-07bb-4e38-addf-c4d0871b05cd,2026-07-27T02:45:00Z,2026-07-27T04:45:00+0200,7791.0,MW,ES,ES,forecast_onshore_wind_generation,Wind Onshore,2026-08-08T07:26:42Z
2026-08-08T07:21:23Z,2026-08-08T09:21:23+0200,a13a8e1c-07bb-4e38-addf-c4d0871b05cd,2026-07-27T03:00:00Z,2026-07-27T05:00:00+0200,7728.0,MW,ES,ES,forecast_onshore_wind_generation,Wind Onshore,2026-08-08T07:26:42Z
2026-08-08T07:21:23Z,2026-08-08T09:21:23+0200,a13a8e1c-07bb-4e38-addf-c4d0871b05cd,2026-07-27T03:15:00Z,2026-07-27T05:15:00+0200,7641.0,MW,ES,ES,forecast_onshore_wind_generation,Wind Onshore,2026-08-08T07:26:42Z
2026-08-08T07:21:23Z,2026-08-08T09:21:23+0200,a13a8e1c-07bb-4e38-addf-c4d0871b05cd,2026-07-27T03:30:00Z,2026-07-27T05:30:00+0200,7546.0,MW,ES,ES,forecast_onshore_wind_generation,Wind Onshore,2026-08-08T07:26:42Z
2026-08-08T07:21:23Z,2026-08-08T09:21:23+0200,a13a8e1c-07bb-4e38-addf-c4d0871b05cd,2026-07-27T03:45:00Z,2026-07-27T05:45:00+0200,7446.0,MW,ES,ES,forecast_onshore_wind_generation,Wind Onshore,2026-08-08T07:26:42Z
2026-08-08T07:21:23Z,2026-08-08T09:21:23+0200,a13a8e1c-07bb-4e38-addf-c4d0871b05cd,2026-07-27T04:00:00Z,2026-07-27T06:00:00+0200,7369.0,MW,ES,ES,forecast_onshore_wind_generation,Wind Onshore,2026-08-08T07:26:42Z
2026-08-08T07:21:23Z,2026-08-08T09:21:23+0200,a13a8e1c-07bb-4e38-addf-c4d0871b05cd,2026-07-27T04:15:00Z,2026-07-27T06:15:00+0200,7244.0,MW,ES,ES,forecast_onshore_wind_generation,Wind Onshore,2026-08-08T07:26:42Z
2026-08-08T07:21:23Z,2026-08-08T09:21:23+0200,a13a8e1c-07bb-4e38-addf-c4d0871b05cd,2026-07-27T04:30:00Z,2026-07-27T06:30:00+0200,7100.0,MW,ES,ES,forecast_onshore_wind_generation,Wind Onshore,2026-08-08T07:26:42Z
2026-08-08T07:21:23Z,2026-08-08T09:21:23+0200,a13a8e1c-07bb-4e38-addf-c4d0871b05cd,2026-07-27T04:45:00Z,2026-07-27T06:45:00+0200,6941.0,MW,ES,ES,forecast_onshore_wind_generation,Wind Onshore,2026-08-08T07:26:42Z
2026-08-08T07:21:23Z,2026-08-08T09:21:23+0200,a13a8e1c-07bb-4e38-addf-c4d0871b05cd,2026-07-27T05:00:00Z,2026-07-27T07:00:00+0200,6798.0,MW,ES,ES,forecast_onshore_wind_generation,Wind Onshore,2026-08-08T07:26:42Z
2026-08-08T07:21:23Z,2026-08-08T09:21:23+0200,a13a8e1c-07bb-4e38-addf-c4d0871b05cd,2026-07-27T05:15:00Z,2026-07-27T07:15:00+0200,6605.0,MW,ES,ES,forecast_onshore_wind_generation,Wind Onshore,2026-08-08T07:26:42Z
2026-08-08T07:21:23Z,2026-08-08T09:21:23+0200,a13a8e1c-07bb-4e38-addf-c4d0871b05cd,2026-07-27T05:30:00Z,2026-07-27T07:30:00+0200,6398.0,MW,ES,ES,forecast_onshore_wind_generation,Wind Onshore,2026-08-08T07:26:42Z
2026-08-08T07:21:23Z,2026-08-08T09:21:23+0200,a13a8e1c-07bb-4e38-addf-c4d0871b05cd,2026-07-27T05:45:00Z,2026-07-27T07:45:00+0200,6181.0,MW,ES,ES,forecast_onshore_wind_generation,Wind Onshore,2026-08-08T07:26:42Z
2026-08-08T07:21:23Z,2026-08-08T09:21:23+0200,a13a8e1c-07bb-4e38-addf-c4d0871b05cd,2026-07-27T06:00:00Z,2026-07-27T08:00:00+0200,5747.0,MW,ES,ES,forecast_onshore_wind_generation,Wind Onshore,2026-08-08T07:26:42Z
2026-08-08T07:21:23Z,2026-08-08T09:21:23+0200,a13a8e1c-07bb-4e38-addf-c4d0871b05cd,2026-07-27T06:15:00Z,2026-07-27T08:15:00+0200,5512.0,MW,ES,ES,forecast_onshore_wind_generation,Wind Onshore,2026-08-08T07:26:42Z
2026-08-08T07:21:23Z,2026-08-08T09:21:23+0200,a13a8e1c-07bb-4e38-addf-c4d0871b05cd,2026-07-27T06:30:00Z,2026-07-27T08:30:00+0200,5301.0,MW,ES,ES,forecast_onshore_wind_generation,Wind Onshore,2026-08-08T07:26:42Z
2026-08-08T07:21:23Z,2026-08-08T09:21:23+0200,a13a8e1c-07bb-4e38-addf-c4d0871b05cd,2026-07-27T06:45:00Z,2026-07-27T08:45:00+0200,5066.0,MW,ES,ES,forecast_onshore_wind_generation,Wind Onshore,2026-08-08T07:26:42Z
2026-08-08T07:21:23Z,2026-08-08T09:21:23+0200,a13a8e1c-07bb-4e38-addf-c4d0871b05cd,2026-07-27T07:00:00Z,2026-07-27T09:00:00+0200,4412.0,MW,ES,ES,forecast_onshore_wind_generation,Wind Onshore,2026-08-08T07:26:42Z
2026-08-08T07:21:23Z,2026-08-08T09:21:23+0200,a13a8e1c-07bb-4e38-addf-c4d0871b05cd,2026-07-27T07:15:00Z,2026-07-27T09:15:00+0200,4244.0,MW,ES,ES,forecast_onshore_wind_generation,Wind Onshore,2026-08-08T07:26:42Z
2026-08-08T07:21:23Z,2026-08-08T09:21:23+0200,a13a8e1c-07bb-4e38-addf-c4d0871b05cd,2026-07-27T07:30:00Z,2026-07-27T09:30:00+0200,4085.0,MW,ES,ES,forecast_onshore_wind_generation,Wind Onshore,2026-08-08T07:26:42Z
2026-08-08T07:21:23Z,2026-08-08T09:21:23+0200,a13a8e1c-07bb-4e38-addf-c4d0871b05cd,2026-07-27T07:45:00Z,2026-07-27T09:45:00+0200,3935.0,MW,ES,ES,forecast_onshore_wind_generation,Wind Onshore,2026-08-08T07:26:42Z
2026-08-08T07:21:23Z,2026-08-08T09:21:23+0200,a13a8e1c-07bb-4e38-addf-c4d0871b05cd,2026-07-27T08:00:00Z,2026-07-27T10:00:00+0200,3884.0,MW,ES,ES,forecast_onshore_wind_generation,Wind Onshore,2026-08-08T07:26:42Z
2026-08-08T07:21:23Z,2026-08-08T09:21:23+0200,a13a8e1c-07bb-4e38-addf-c4d0871b05cd,2026-07-27T08:15:00Z,2026-07-27T10:15:00+0200,3716.0,MW,ES,ES,forecast_onshore_wind_generation,Wind Onshore,2026-08-08T07:26:42Z
2026-08-08T07:21:23Z,2026-08-08T09:21:23+0200,a13a8e1c-07bb-4e38-addf-c4d0871b05cd,2026-07-27T08:30:00Z,2026-07-27T10:30:00+0200,3601.0,MW,ES,ES,forecast_onshore_wind_generation,Wind Onshore,2026-08-08T07:26:42Z
2026-08-08T07:21:23Z,2026-08-08T09:21:23+0200,a13a8e1c-07bb-4e38-addf-c4d0871b05cd,2026-07-27T08:45:00Z,2026-07-27T10:45:00+0200,3513.0,MW,ES,ES,forecast_onshore_wind_generation,Wind Onshore,2026-08-08T07:26:42Z
2026-08-08T07:21:23Z,2026-08-08T09:21:23+0200,a13a8e1c-07bb-4e38-addf-c4d0871b05cd,2026-07-27T09:00:00Z,2026-07-27T11:00:00+0200,3395.0,MW,ES,ES,forecast_onshore_wind_generation,Wind Onshore,2026-08-08T07:26:42Z
2026-08-08T07:21:23Z,2026-08-08T09:21:23+0200,a13a8e1c-07bb-4e38-addf-c4d0871b05cd,2026-07-27T09:15:00Z,2026-07-27T11:15:00+0200,3269.0,MW,ES,ES,forecast_onshore_wind_generation,Wind Onshore,2026-08-08T07:26:42Z
2026-08-08T07:21:23Z,2026-08-08T09:21:23+0200,a13a8e1c-07bb-4e38-addf-c4d0871b05cd,2026-07-27T09:30:00Z,2026-07-27T11:30:00+0200,3163.0,MW,ES,ES,forecast_onshore_wind_generation,Wind Onshore,2026-08-08T07:26:42Z
2026-08-08T07:21:23Z,2026-08-08T09:21:23+0200,a13a8e1c-07bb-4e38-addf-c4d0871b05cd,2026-07-27T09:45:00Z,2026-07-27T11:45:00+0200,3092.0,MW,ES,ES,forecast_onshore_wind_generation,Wind Onshore,2026-08-08T07:26:42Z
2026-08-08T07:21:23Z,2026-08-08T09:21:23+0200,a13a8e1c-07bb-4e38-addf-c4d0871b05cd,2026-07-27T10:00:00Z,2026-07-27T12:00:00+0200,2899.0,MW,ES,ES,forecast_onshore_wind_generation,Wind Onshore,2026-08-08T07:26:42Z
2026-08-08T07:21:23Z,2026-08-08T09:21:23+0200,a13a8e1c-07bb-4e38-addf-c4d0871b05cd,2026-07-27T10:15:00Z,2026-07-27T12:15:00+0200,2877.0,MW,ES,ES,forecast_onshore_wind_generation,Wind Onshore,2026-08-08T07:26:42Z
2026-08-08T07:21:23Z,2026-08-08T09:21:23+0200,a13a8e1c-07bb-4e38-addf-c4d0871b05cd,2026-07-27T10:30:00Z,2026-07-27T12:30:00+0200,2847.0,MW,ES,ES,forecast_onshore_wind_generation,Wind Onshore,2026-08-08T07:26:42Z
2026-08-08T07:21:23Z,2026-08-08T09:21:23+0200,a13a8e1c-07bb-4e38-addf-c4d0871b05cd,2026-07-27T10:45:00Z,2026-07-27T12:45:00+0200,2769.0,MW,ES,ES,forecast_onshore_wind_generation,Wind Onshore,2026-08-08T07:26:42Z
2026-08-08T07:21:23Z,2026-08-08T09:21:23+0200,a13a8e1c-07bb-4e38-addf-c4d0871b05cd,2026-07-27T11:00:00Z,2026-07-27T13:00:00+0200,2828.0,MW,ES,ES,forecast_onshore_wind_generation,Wind Onshore,2026-08-08T07:26:42Z
2026-08-08T07:21:23Z,2026-08-08T09:21:23+0200,a13a8e1c-07bb-4e38-addf-c4d0871b05cd,2026-07-27T11:15:00Z,2026-07-27T13:15:00+0200,2812.0,MW,ES,ES,forecast_onshore_wind_generation,Wind Onshore,2026-08-08T07:26:42Z
2026-08-08T07:21:23Z,2026-08-08T09:21:23+0200,a13a8e1c-07bb-4e38-addf-c4d0871b05cd,2026-07-27T11:30:00Z,2026-07-27T13:30:00+0200,2791.0,MW,ES,ES,forecast_onshore_wind_generation,Wind Onshore,2026-08-08T07:26:42Z
2026-08-08T07:21:23Z,2026-08-08T09:21:23+0200,a13a8e1c-07bb-4e38-addf-c4d0871b05cd,2026-07-27T11:45:00Z,2026-07-27T13:45:00+0200,2769.0,MW,ES,ES,forecast_onshore_wind_generation,Wind Onshore,2026-08-08T07:26:42Z
2026-08-08T07:21:23Z,2026-08-08T09:21:23+0200,a13a8e1c-07bb-4e38-addf-c4d0871b05cd,2026-07-27T12:00:00Z,2026-07-27T14:00:00+0200,2769.0,MW,ES,ES,forecast_onshore_wind_generation,Wind Onshore,2026-08-08T07:26:42Z
2026-08-08T07:21:23Z,2026-08-08T09:21:23+0200,a13a8e1c-07bb-4e38-addf-c4d0871b05cd,2026-07-27T12:15:00Z,2026-07-27T14:15:00+0200,2760.0,MW,ES,ES,forecast_onshore_wind_generation,Wind Onshore,2026-08-08T07:26:42Z
2026-08-08T07:21:23Z,2026-08-08T09:21:23+0200,a13a8e1c-07bb-4e38-addf-c4d0871b05cd,2026-07-27T12:30:00Z,2026-07-27T14:30:00+0200,2756.0,MW,ES,ES,forecast_onshore_wind_generation,Wind Onshore,2026-08-08T07:26:42Z
2026-08-08T07:21:23Z,2026-08-08T09:21:23+0200,a13a8e1c-07bb-4e38-addf-c4d0871b05cd,2026-07-27T12:45:00Z,2026-07-27T14:45:00+0200,2758.0,MW,ES,ES,forecast_onshore_wind_generation,Wind Onshore,2026-08-08T07:26:42Z
2026-08-08T07:21:23Z,2026-08-08T09:21:23+0200,a13a8e1c-07bb-4e38-addf-c4d0871b05cd,2026-07-27T13:00:00Z,2026-07-27T15:00:00+0200,2780.0,MW,ES,ES,forecast_onshore_wind_generation,Wind Onshore,2026-08-08T07:26:42Z
2026-08-08T07:21:23Z,2026-08-08T09:21:23+0200,a13a8e1c-07bb-4e38-addf-c4d0871b05cd,2026-07-27T13:15:00Z,2026-07-27T15:15:00+0200,2827.0,MW,ES,ES,forecast_onshore_wind_generation,Wind Onshore,2026-08-08T07:26:42Z
2026-08-08T07:21:23Z,2026-08-08T09:21:23+0200,a13a8e1c-07bb-4e38-addf-c4d0871b05cd,2026-07-27T13:30:00Z,2026-07-27T15:30:00+0200,2845.0,MW,ES,ES,forecast_onshore_wind_generation,Wind Onshore,2026-08-08T07:26:42Z
2026-08-08T07:21:23Z,2026-08-08T09:21:23+0200,a13a8e1c-07bb-4e38-addf-c4d0871b05cd,2026-07-27T13:45:00Z,2026-07-27T15:45:00+0200,2873.0,MW,ES,ES,forecast_onshore_wind_generation,Wind Onshore,2026-08-08T07:26:42Z
2026-08-08T07:21:23Z,2026-08-08T09:21:23+0200,a13a8e1c-07bb-4e38-addf-c4d0871b05cd,2026-07-27T14:00:00Z,2026-07-27T16:00:00+0200,2876.0,MW,ES,ES,forecast_onshore_wind_generation,Wind Onshore,2026-08-08T07:26:42Z
2026-08-08T07:21:23Z,2026-08-08T09:21:23+0200,a13a8e1c-07bb-4e38-addf-c4d0871b05cd,2026-07-27T14:15:00Z,2026-07-27T16:15:00+0200,2943.0,MW,ES,ES,forecast_onshore_wind_generation,Wind Onshore,2026-08-08T07:26:42Z
2026-08-08T07:21:23Z,2026-08-08T09:21:23+0200,a13a8e1c-07bb-4e38-addf-c4d0871b05cd,2026-07-27T14:30:00Z,2026-07-27T16:30:00+0200,3032.0,MW,ES,ES,forecast_onshore_wind_generation,Wind Onshore,2026-08-08T07:26:42Z
2026-08-08T07:21:23Z,2026-08-08T09:21:23+0200,a13a8e1c-07bb-4e38-addf-c4d0871b05cd,2026-07-27T14:45:00Z,2026-07-27T16:45:00+0200,3149.0,MW,ES,ES,forecast_onshore_wind_generation,Wind Onshore,2026-08-08T07:26:42Z
2026-08-08T07:21:23Z,2026-08-08T09:21:23+0200,a13a8e1c-07bb-4e38-addf-c4d0871b05cd,2026-07-27T15:00:00Z,2026-07-27T17:00:00+0200,3306.0,MW,ES,ES,forecast_onshore_wind_generation,Wind Onshore,2026-08-08T07:26:42Z
2026-08-08T07:21:23Z,2026-08-08T09:21:23+0200,a13a8e1c-07bb-4e38-addf-c4d0871b05cd,2026-07-27T15:15:00Z,2026-07-27T17:15:00+0200,3421.0,MW,ES,ES,forecast_onshore_wind_generation,Wind Onshore,2026-08-08T07:26:42Z
2026-08-08T07:21:23Z,2026-08-08T09:21:23+0200,a13a8e1c-07bb-4e38-addf-c4d0871b05cd,2026-07-27T15:30:00Z,2026-07-27T17:30:00+0200,3536.0,MW,ES,ES,forecast_onshore_wind_generation,Wind Onshore,2026-08-08T07:26:42Z
2026-08-08T07:21:23Z,2026-08-08T09:21:23+0200,a13a8e1c-07bb-4e38-addf-c4d0871b05cd,2026-07-27T15:45:00Z,2026-07-27T17:45:00+0200,3831.0,MW,ES,ES,forecast_onshore_wind_generation,Wind Onshore,2026-08-08T07:26:42Z
2026-08-08T07:21:23Z,2026-08-08T09:21:23+0200,a13a8e1c-07bb-4e38-addf-c4d0871b05cd,2026-07-27T16:00:00Z,2026-07-27T18:00:00+0200,3914.0,MW,ES,ES,forecast_onshore_wind_generation,Wind Onshore,2026-08-08T07:26:42Z
2026-08-08T07:21:23Z,2026-08-08T09:21:23+0200,a13a8e1c-07bb-4e38-addf-c4d0871b05cd,2026-07-27T16:15:00Z,2026-07-27T18:15:00+0200,3993.0,MW,ES,ES,forecast_onshore_wind_generation,Wind Onshore,2026-08-08T07:26:42Z
2026-08-08T07:21:23Z,2026-08-08T09:21:23+0200,a13a8e1c-07bb-4e38-addf-c4d0871b05cd,2026-07-27T16:30:00Z,2026-07-27T18:30:00+0200,4084.0,MW,ES,ES,forecast_onshore_wind_generation,Wind Onshore,2026-08-08T07:26:42Z
2026-08-08T07:21:23Z,2026-08-08T09:21:23+0200,a13a8e1c-07bb-4e38-addf-c4d0871b05cd,2026-07-27T16:45:00Z,2026-07-27T18:45:00+0200,4175.0,MW,ES,ES,forecast_onshore_wind_generation,Wind Onshore,2026-08-08T07:26:42Z
2026-08-08T07:21:23Z,2026-08-08T09:21:23+0200,a13a8e1c-07bb-4e38-addf-c4d0871b05cd,2026-07-27T17:00:00Z,2026-07-27T19:00:00+0200,4379.0,MW,ES,ES,forecast_onshore_wind_generation,Wind Onshore,2026-08-08T07:26:42Z
2026-08-08T07:21:23Z,2026-08-08T09:21:23+0200,a13a8e1c-07bb-4e38-addf-c4d0871b05cd,2026-07-27T17:15:00Z,2026-07-27T19:15:00+0200,4501.0,MW,ES,ES,forecast_onshore_wind_generation,Wind Onshore,2026-08-08T07:26:42Z
2026-08-08T07:21:23Z,2026-08-08T09:21:23+0200,a13a8e1c-07bb-4e38-addf-c4d0871b05cd,2026-07-27T17:30:00Z,2026-07-27T19:30:00+0200,4641.0,MW,ES,ES,forecast_onshore_wind_generation,Wind Onshore,2026-08-08T07:26:42Z
2026-08-08T07:21:23Z,2026-08-08T09:21:23+0200,a13a8e1c-07bb-4e38-addf-c4d0871b05cd,2026-07-27T17:45:00Z,2026-07-27T19:45:00+0200,4779.0,MW,ES,ES,forecast_onshore_wind_generation,Wind Onshore,2026-08-08T07:26:42Z
2026-08-08T07:21:23Z,2026-08-08T09:21:23+0200,a13a8e1c-07bb-4e38-addf-c4d0871b05cd,2026-07-27T18:00:00Z,2026-07-27T20:00:00+0200,5084.0,MW,ES,ES,forecast_onshore_wind_generation,Wind Onshore,2026-08-08T07:26:42Z
2026-08-08T07:21:23Z,2026-08-08T09:21:23+0200,a13a8e1c-07bb-4e38-addf-c4d0871b05cd,2026-07-27T18:15:00Z,2026-07-27T20:15:00+0200,5219.0,MW,ES,ES,forecast_onshore_wind_generation,Wind Onshore,2026-08-08T07:26:42Z
2026-08-08T07:21:23Z,2026-08-08T09:21:23+0200,a13a8e1c-07bb-4e38-addf-c4d0871b05cd,2026-07-27T18:30:00Z,2026-07-27T20:30:00+0200,5360.0,MW,ES,ES,forecast_onshore_wind_generation,Wind Onshore,2026-08-08T07:26:42Z
2026-08-08T07:21:23Z,2026-08-08T09:21:23+0200,a13a8e1c-07bb-4e38-addf-c4d0871b05cd,2026-07-27T18:45:00Z,2026-07-27T20:45:00+0200,5492.0,MW,ES,ES,forecast_onshore_wind_generation,Wind Onshore,2026-08-08T07:26:42Z
2026-08-08T07:21:23Z,2026-08-08T09:21:23+0200,a13a8e1c-07bb-4e38-addf-c4d0871b05cd,2026-07-27T19:00:00Z,2026-07-27T21:00:00+0200,5680.0,MW,ES,ES,forecast_onshore_wind_generation,Wind Onshore,2026-08-08T07:26:42Z
2026-08-08T07:21:23Z,2026-08-08T09:21:23+0200,a13a8e1c-07bb-4e38-addf-c4d0871b05cd,2026-07-27T19:15:00Z,2026-07-27T21:15:00+0200,5769.0,MW,ES,ES,forecast_onshore_wind_generation,Wind Onshore,2026-08-08T07:26:42Z
2026-08-08T07:21:23Z,2026-08-08T09:21:23+0200,a13a8e1c-07bb-4e38-addf-c4d0871b05cd,2026-07-27T19:30:00Z,2026-07-27T21:30:00+0200,5821.0,MW,ES,ES,forecast_onshore_wind_generation,Wind Onshore,2026-08-08T07:26:42Z
2026-08-08T07:21:23Z,2026-08-08T09:21:23+0200,a13a8e1c-07bb-4e38-addf-c4d0871b05cd,2026-07-27T19:45:00Z,2026-07-27T21:45:00+0200,5841.0,MW,ES,ES,forecast_onshore_wind_generation,Wind Onshore,2026-08-08T07:26:42Z
2026-08-08T07:21:23Z,2026-08-08T09:21:23+0200,a13a8e1c-07bb-4e38-addf-c4d0871b05cd,2026-07-27T20:00:00Z,2026-07-27T22:00:00+0200,5870.0,MW,ES,ES,forecast_onshore_wind_generation,Wind Onshore,2026-08-08T07:26:42Z
2026-08-08T07:21:23Z,2026-08-08T09:21:23+0200,a13a8e1c-07bb-4e38-addf-c4d0871b05cd,2026-07-27T20:15:00Z,2026-07-27T22:15:00+0200,5853.0,MW,ES,ES,forecast_onshore_wind_generation,Wind Onshore,2026-08-08T07:26:42Z
2026-08-08T07:21:23Z,2026-08-08T09:21:23+0200,a13a8e1c-07bb-4e38-addf-c4d0871b05cd,2026-07-27T20:30:00Z,2026-07-27T22:30:00+0200,5826.0,MW,ES,ES,forecast_onshore_wind_generation,Wind Onshore,2026-08-08T07:26:42Z
2026-08-08T07:21:23Z,2026-08-08T09:21:23+0200,a13a8e1c-07bb-4e38-addf-c4d0871b05cd,2026-07-27T20:45:00Z,2026-07-27T22:45:00+0200,5792.0,MW,ES,ES,forecast_onshore_wind_generation,Wind Onshore,2026-08-08T07:26:42Z
2026-08-08T07:21:23Z,2026-08-08T09:21:23+0200,a13a8e1c-07bb-4e38-addf-c4d0871b05cd,2026-07-27T21:00:00Z,2026-07-27T23:00:00+0200,5782.0,MW,ES,ES,forecast_onshore_wind_generation,Wind Onshore,2026-08-08T07:26:42Z
2026-08-08T07:21:23Z,2026-08-08T09:21:23+0200,a13a8e1c-07bb-4e38-addf-c4d0871b05cd,2026-07-27T21:15:00Z,2026-07-27T23:15:00+0200,5730.0,MW,ES,ES,forecast_onshore_wind_generation,Wind Onshore,2026-08-08T07:26:42Z
2026-08-08T07:21:23Z,2026-08-08T09:21:23+0200,a13a8e1c-07bb-4e38-addf-c4d0871b05cd,2026-07-27T21:30:00Z,2026-07-27T23:30:00+0200,5668.0,MW,ES,ES,forecast_onshore_wind_generation,Wind Onshore,2026-08-08T07:26:42Z
2026-08-08T07:21:23Z,2026-08-08T09:21:23+0200,a13a8e1c-07bb-4e38-addf-c4d0871b05cd,2026-07-27T21:45:00Z,2026-07-27T23:45:00+0200,5596.0,MW,ES,ES,forecast_onshore_wind_generation,Wind Onshore,2026-08-08T07:26:42Z
2026-08-08T07:21:23Z,2026-08-08T09:21:23+0200,a13a8e1c-07bb-4e38-addf-c4d0871b05cd,2026-07-27T22:00:00Z,2026-07-28T00:00:00+0200,5471.0,MW,ES,ES,forecast_onshore_wind_generation,Wind Onshore,2026-08-08T07:26:42Z
2026-08-08T07:21:23Z,2026-08-08T09:21:23+0200,a13a8e1c-07bb-4e38-addf-c4d0871b05cd,2026-07-27T22:15:00Z,2026-07-28T00:15:00+0200,5376.0,MW,ES,ES,forecast_onshore_wind_generation,Wind Onshore,2026-08-08T07:26:42Z
2026-08-08T07:21:23Z,2026-08-08T09:21:23+0200,a13a8e1c-07bb-4e38-addf-c4d0871b05cd,2026-07-27T22:30:00Z,2026-07-28T00:30:00+0200,5273.0,MW,ES,ES,forecast_onshore_wind_generation,Wind Onshore,2026-08-08T07:26:42Z
2026-08-08T07:21:23Z,2026-08-08T09:21:23+0200,a13a8e1c-07bb-4e38-addf-c4d0871b05cd,2026-07-27T22:45:00Z,2026-07-28T00:45:00+0200,5164.0,MW,ES,ES,forecast_onshore_wind_generation,Wind Onshore,2026-08-08T07:26:42Z
2026-08-08T07:21:23Z,2026-08-08T09:21:23+0200,a13a8e1c-07bb-4e38-addf-c4d0871b05cd,2026-07-27T23:00:00Z,2026-07-28T01:00:00+0200,5054.0,MW,ES,ES,forecast_onshore_wind_generation,Wind Onshore,2026-08-08T07:26:42Z
2026-08-08T07:21:23Z,2026-08-08T09:21:23+0200,a13a8e1c-07bb-4e38-addf-c4d0871b05cd,2026-07-27T23:15:00Z,2026-07-28T01:15:00+0200,4946.0,MW,ES,ES,forecast_onshore_wind_generation,Wind Onshore,2026-08-08T07:26:42Z
2026-08-08T07:21:23Z,2026-08-08T09:21:23+0200,a13a8e1c-07bb-4e38-addf-c4d0871b05cd,2026-07-27T23:30:00Z,2026-07-28T01:30:00+0200,4843.0,MW,ES,ES,forecast_onshore_wind_generation,Wind Onshore,2026-08-08T07:26:42Z
2026-08-08T07:21:23Z,2026-08-08T09:21:23+0200,a13a8e1c-07bb-4e38-addf-c4d0871b05cd,2026-07-27T23:45:00Z,2026-07-28T01:45:00+0200,4746.0,MW,ES,ES,forecast_onshore_wind_generation,Wind Onshore,2026-08-08T07:26:42Z
2026-08-08T07:21:23Z,2026-08-08T09:21:23+0200,a13a8e1c-07bb-4e38-addf-c4d0871b05cd,2026-07-28T00:00:00Z,2026-07-28T02:00:00+0200,4650.0,MW,ES,ES,forecast_onshore_wind_generation,Wind Onshore,2026-08-08T07:26:42Z
2026-08-08T07:21:23Z,2026-08-08T09:21:23+0200,a13a8e1c-07bb-4e38-addf-c4d0871b05cd,2026-07-28T00:15:00Z,2026-07-28T02:15:00+0200,4566.0,MW,ES,ES,forecast_onshore_wind_generation,Wind Onshore,2026-08-08T07:26:42Z
2026-08-08T07:21:23Z,2026-08-08T09:21:23+0200,a13a8e1c-07bb-4e38-addf-c4d0871b05cd,2026-07-28T00:30:00Z,2026-07-28T02:30:00+0200,4485.0,MW,ES,ES,forecast_onshore_wind_generation,Wind Onshore,2026-08-08T07:26:42Z
2026-08-08T07:21:23Z,2026-08-08T09:21:23+0200,a13a8e1c-07bb-4e38-addf-c4d0871b05cd,2026-07-28T00:45:00Z,2026-07-28T02:45:00+0200,4412.0,MW,ES,ES,forecast_onshore_wind_generation,Wind Onshore,2026-08-08T07:26:42Z
2026-08-08T07:21:23Z,2026-08-08T09:21:23+0200,a13a8e1c-07bb-4e38-addf-c4d0871b05cd,2026-07-28T01:00:00Z,2026-07-28T03:00:00+0200,4337.0,MW,ES,ES,forecast_onshore_wind_generation,Wind Onshore,2026-08-08T07:26:42Z
2026-08-08T07:21:23Z,2026-08-08T09:21:23+0200,a13a8e1c-07bb-4e38-addf-c4d0871b05cd,2026-07-28T01:15:00Z,2026-07-28T03:15:00+0200,4277.0,MW,ES,ES,forecast_onshore_wind_generation,Wind Onshore,2026-08-08T07:26:42Z
2026-08-08T07:21:23Z,2026-08-08T09:21:23+0200,a13a8e1c-07bb-4e38-addf-c4d0871b05cd,2026-07-28T01:30:00Z,2026-07-28T03:30:00+0200,4223.0,MW,ES,ES,forecast_onshore_wind_generation,Wind Onshore,2026-08-08T07:26:42Z
2026-08-08T07:21:23Z,2026-08-08T09:21:23+0200,a13a8e1c-07bb-4e38-addf-c4d0871b05cd,2026-07-28T01:45:00Z,2026-07-28T03:45:00+0200,4174.0,MW,ES,ES,forecast_onshore_wind_generation,Wind Onshore,2026-08-08T07:26:42Z
2026-08-08T07:21:23Z,2026-08-08T09:21:23+0200,a13a8e1c-07bb-4e38-addf-c4d0871b05cd,2026-07-28T02:00:00Z,2026-07-28T04:00:00+0200,4133.0,MW,ES,ES,forecast_onshore_wind_generation,Wind Onshore,2026-08-08T07:26:42Z
2026-08-08T07:21:23Z,2026-08-08T09:21:23+0200,a13a8e1c-07bb-4e38-addf-c4d0871b05cd,2026-07-28T02:15:00Z,2026-07-28T04:15:00+0200,4087.0,MW,ES,ES,forecast_onshore_wind_generation,Wind Onshore,2026-08-08T07:26:42Z
2026-08-08T07:21:23Z,2026-08-08T09:21:23+0200,a13a8e1c-07bb-4e38-addf-c4d0871b05cd,2026-07-28T02:30:00Z,2026-07-28T04:30:00+0200,4041.0,MW,ES,ES,forecast_onshore_wind_generation,Wind Onshore,2026-08-08T07:26:42Z
2026-08-08T07:21:23Z,2026-08-08T09:21:23+0200,a13a8e1c-07bb-4e38-addf-c4d0871b05cd,2026-07-28T02:45:00Z,2026-07-28T04:45:00+0200,3996.0,MW,ES,ES,forecast_onshore_wind_generation,Wind Onshore,2026-08-08T07:26:42Z
2026-08-08T07:21:23Z,2026-08-08T09:21:23+0200,a13a8e1c-07bb-4e38-addf-c4d0871b05cd,2026-07-28T03:00:00Z,2026-07-28T05:00:00+0200,3941.0,MW,ES,ES,forecast_onshore_wind_generation,Wind Onshore,2026-08-08T07:26:42Z
2026-08-08T07:21:23Z,2026-08-08T09:21:23+0200,a13a8e1c-07bb-4e38-addf-c4d0871b05cd,2026-07-28T03:15:00Z,2026-07-28T05:15:00+0200,3913.0,MW,ES,ES,forecast_onshore_wind_generation,Wind Onshore,2026-08-08T07:26:42Z
2026-08-08T07:21:23Z,2026-08-08T09:21:23+0200,a13a8e1c-07bb-4e38-addf-c4d0871b05cd,2026-07-28T03:30:00Z,2026-07-28T05:30:00+0200,3895.0,MW,ES,ES,forecast_onshore_wind_generation,Wind Onshore,2026-08-08T07:26:42Z
2026-08-08T07:21:23Z,2026-08-08T09:21:23+0200,a13a8e1c-07bb-4e38-addf-c4d0871b05cd,2026-07-28T03:45:00Z,2026-07-28T05:45:00+0200,3876.0,MW,ES,ES,forecast_onshore_wind_generation,Wind Onshore,2026-08-08T07:26:42Z
2026-08-08T07:21:23Z,2026-08-08T09:21:23+0200,a13a8e1c-07bb-4e38-addf-c4d0871b05cd,2026-07-28T04:00:00Z,2026-07-28T06:00:00+0200,3900.0,MW,ES,ES,forecast_onshore_wind_generation,Wind Onshore,2026-08-08T07:26:42Z
2026-08-08T07:21:23Z,2026-08-08T09:21:23+0200,a13a8e1c-07bb-4e38-addf-c4d0871b05cd,2026-07-28T04:15:00Z,2026-07-28T06:15:00+0200,3842.0,MW,ES,ES,forecast_onshore_wind_generation,Wind Onshore,2026-08-08T07:26:42Z
2026-08-08T07:21:23Z,2026-08-08T09:21:23+0200,a13a8e1c-07bb-4e38-addf-c4d0871b05cd,2026-07-28T04:30:00Z,2026-07-28T06:30:00+0200,3749.0,MW,ES,ES,forecast_onshore_wind_generation,Wind Onshore,2026-08-08T07:26:42Z
2026-08-08T07:21:23Z,2026-08-08T09:21:23+0200,a13a8e1c-07bb-4e38-addf-c4d0871b05cd,2026-07-28T04:45:00Z,2026-07-28T06:45:00+0200,3629.0,MW,ES,ES,forecast_onshore_wind_generation,Wind Onshore,2026-08-08T07:26:42Z
2026-08-08T07:21:23Z,2026-08-08T09:21:23+0200,a13a8e1c-07bb-4e38-addf-c4d0871b05cd,2026-07-28T05:00:00Z,2026-07-28T07:00:00+0200,3497.0,MW,ES,ES,forecast_onshore_wind_generation,Wind Onshore,2026-08-08T07:26:42Z
2026-08-08T07:21:23Z,2026-08-08T09:21:23+0200,a13a8e1c-07bb-4e38-addf-c4d0871b05cd,2026-07-28T05:15:00Z,2026-07-28T07:15:00+0200,3366.0,MW,ES,ES,forecast_onshore_wind_generation,Wind Onshore,2026-08-08T07:26:42Z
2026-08-08T07:21:23Z,2026-08-08T09:21:23+0200,a13a8e1c-07bb-4e38-addf-c4d0871b05cd,2026-07-28T05:30:00Z,2026-07-28T07:30:00+0200,3247.0,MW,ES,ES,forecast_onshore_wind_generation,Wind Onshore,2026-08-08T07:26:42Z
2026-08-08T07:21:23Z,2026-08-08T09:21:23+0200,a13a8e1c-07bb-4e38-addf-c4d0871b05cd,2026-07-28T05:45:00Z,2026-07-28T07:45:00+0200,3140.0,MW,ES,ES,forecast_onshore_wind_generation,Wind Onshore,2026-08-08T07:26:42Z
2026-08-08T07:21:23Z,2026-08-08T09:21:23+0200,a13a8e1c-07bb-4e38-addf-c4d0871b05cd,2026-07-28T06:00:00Z,2026-07-28T08:00:00+0200,3026.0,MW,ES,ES,forecast_onshore_wind_generation,Wind Onshore,2026-08-08T07:26:42Z
2026-08-08T07:21:23Z,2026-08-08T09:21:23+0200,a13a8e1c-07bb-4e38-addf-c4d0871b05cd,2026-07-28T06:15:00Z,2026-07-28T08:15:00+0200,2934.0,MW,ES,ES,forecast_onshore_wind_generation,Wind Onshore,2026-08-08T07:26:42Z
2026-08-08T07:21:23Z,2026-08-08T09:21:23+0200,a13a8e1c-07bb-4e38-addf-c4d0871b05cd,2026-07-28T06:30:00Z,2026-07-28T08:30:00+0200,2808.0,MW,ES,ES,forecast_onshore_wind_generation,Wind Onshore,2026-08-08T07:26:42Z
2026-08-08T07:21:23Z,2026-08-08T09:21:23+0200,a13a8e1c-07bb-4e38-addf-c4d0871b05cd,2026-07-28T06:45:00Z,2026-07-28T08:45:00+0200,2726.0,MW,ES,ES,forecast_onshore_wind_generation,Wind Onshore,2026-08-08T07:26:42Z
2026-08-08T07:21:23Z,2026-08-08T09:21:23+0200,a13a8e1c-07bb-4e38-addf-c4d0871b05cd,2026-07-28T07:00:00Z,2026-07-28T09:00:00+0200,2492.0,MW,ES,ES,forecast_onshore_wind_generation,Wind Onshore,2026-08-08T07:26:42Z
2026-08-08T07:21:23Z,2026-08-08T09:21:23+0200,a13a8e1c-07bb-4e38-addf-c4d0871b05cd,2026-07-28T07:15:00Z,2026-07-28T09:15:00+0200,2444.0,MW,ES,ES,forecast_onshore_wind_generation,Wind Onshore,2026-08-08T07:26:42Z
2026-08-08T07:21:23Z,2026-08-08T09:21:23+0200,a13a8e1c-07bb-4e38-addf-c4d0871b05cd,2026-07-28T07:30:00Z,2026-07-28T09:30:00+0200,2409.0,MW,ES,ES,forecast_onshore_wind_generation,Wind Onshore,2026-08-08T07:26:42Z
2026-08-08T07:21:23Z,2026-08-08T09:21:23+0200,a13a8e1c-07bb-4e38-addf-c4d0871b05cd,2026-07-28T07:45:00Z,2026-07-28T09:45:00+0200,2392.0,MW,ES,ES,forecast_onshore_wind_generation,Wind Onshore,2026-08-08T07:26:42Z
2026-08-08T07:21:23Z,2026-08-08T09:21:23+0200,a13a8e1c-07bb-4e38-addf-c4d0871b05cd,2026-07-28T08:00:00Z,2026-07-28T10:00:00+0200,2364.0,MW,ES,ES,forecast_onshore_wind_generation,Wind Onshore,2026-08-08T07:26:42Z
2026-08-08T07:21:23Z,2026-08-08T09:21:23+0200,a13a8e1c-07bb-4e38-addf-c4d0871b05cd,2026-07-28T08:15:00Z,2026-07-28T10:15:00+0200,2377.0,MW,ES,ES,forecast_onshore_wind_generation,Wind Onshore,2026-08-08T07:26:42Z
2026-08-08T07:21:23Z,2026-08-08T09:21:23+0200,a13a8e1c-07bb-4e38-addf-c4d0871b05cd,2026-07-28T08:30:00Z,2026-07-28T10:30:00+0200,2402.0,MW,ES,ES,forecast_onshore_wind_generation,Wind Onshore,2026-08-08T07:26:42Z
2026-08-08T07:21:23Z,2026-08-08T09:21:23+0200,a13a8e1c-07bb-4e38-addf-c4d0871b05cd,2026-07-28T08:45:00Z,2026-07-28T10:45:00+0200,2433.0,MW,ES,ES,forecast_onshore_wind_generation,Wind Onshore,2026-08-08T07:26:42Z
2026-08-08T07:21:23Z,2026-08-08T09:21:23+0200,a13a8e1c-07bb-4e38-addf-c4d0871b05cd,2026-07-28T09:00:00Z,2026-07-28T11:00:00+0200,2304.0,MW,ES,ES,forecast_onshore_wind_generation,Wind Onshore,2026-08-08T07:26:42Z
2026-08-08T07:21:23Z,2026-08-08T09:21:23+0200,a13a8e1c-07bb-4e38-addf-c4d0871b05cd,2026-07-28T09:15:00Z,2026-07-28T11:15:00+0200,2301.0,MW,ES,ES,forecast_onshore_wind_generation,Wind Onshore,2026-08-08T07:26:42Z
2026-08-08T07:21:23Z,2026-08-08T09:21:23+0200,a13a8e1c-07bb-4e38-addf-c4d0871b05cd,2026-07-28T09:30:00Z,2026-07-28T11:30:00+0200,2348.0,MW,ES,ES,forecast_onshore_wind_generation,Wind Onshore,2026-08-08T07:26:42Z
2026-08-08T07:21:23Z,2026-08-08T09:21:23+0200,a13a8e1c-07bb-4e38-addf-c4d0871b05cd,2026-07-28T09:45:00Z,2026-07-28T11:45:00+0200,2389.0,MW,ES,ES,forecast_onshore_wind_generation,Wind Onshore,2026-08-08T07:26:42Z
2026-08-08T07:21:23Z,2026-08-08T09:21:23+0200,a13a8e1c-07bb-4e38-addf-c4d0871b05cd,2026-07-28T10:00:00Z,2026-07-28T12:00:00+0200,2495.0,MW,ES,ES,forecast_onshore_wind_generation,Wind Onshore,2026-08-08T07:26:42Z
2026-08-08T07:21:23Z,2026-08-08T09:21:23+0200,a13a8e1c-07bb-4e38-addf-c4d0871b05cd,2026-07-28T10:15:00Z,2026-07-28T12:15:00+0200,2559.0,MW,ES,ES,forecast_onshore_wind_generation,Wind Onshore,2026-08-08T07:26:42Z
2026-08-08T07:21:23Z,2026-08-08T09:21:23+0200,a13a8e1c-07bb-4e38-addf-c4d0871b05cd,2026-07-28T10:30:00Z,2026-07-28T12:30:00+0200,2623.0,MW,ES,ES,forecast_onshore_wind_generation,Wind Onshore,2026-08-08T07:26:42Z
2026-08-08T07:21:23Z,2026-08-08T09:21:23+0200,a13a8e1c-07bb-4e38-addf-c4d0871b05cd,2026-07-28T10:45:00Z,2026-07-28T12:45:00+0200,2674.0,MW,ES,ES,forecast_onshore_wind_generation,Wind Onshore,2026-08-08T07:26:42Z
2026-08-08T07:21:23Z,2026-08-08T09:21:23+0200,a13a8e1c-07bb-4e38-addf-c4d0871b05cd,2026-07-28T11:00:00Z,2026-07-28T13:00:00+0200,2893.0,MW,ES,ES,forecast_onshore_wind_generation,Wind Onshore,2026-08-08T07:26:42Z
2026-08-08T07:21:23Z,2026-08-08T09:21:23+0200,a13a8e1c-07bb-4e38-addf-c4d0871b05cd,2026-07-28T11:15:00Z,2026-07-28T13:15:00+0200,2944.0,MW,ES,ES,forecast_onshore_wind_generation,Wind Onshore,2026-08-08T07:26:42Z
2026-08-08T07:21:23Z,2026-08-08T09:21:23+0200,a13a8e1c-07bb-4e38-addf-c4d0871b05cd,2026-07-28T11:30:00Z,2026-07-28T13:30:00+0200,3000.0,MW,ES,ES,forecast_onshore_wind_generation,Wind Onshore,2026-08-08T07:26:42Z
2026-08-08T07:21:23Z,2026-08-08T09:21:23+0200,a13a8e1c-07bb-4e38-addf-c4d0871b05cd,2026-07-28T11:45:00Z,2026-07-28T13:45:00+0200,3052.0,MW,ES,ES,forecast_onshore_wind_generation,Wind Onshore,2026-08-08T07:26:42Z
2026-08-08T07:21:23Z,2026-08-08T09:21:23+0200,a13a8e1c-07bb-4e38-addf-c4d0871b05cd,2026-07-28T12:00:00Z,2026-07-28T14:00:00+0200,3121.0,MW,ES,ES,forecast_onshore_wind_generation,Wind Onshore,2026-08-08T07:26:42Z
2026-08-08T07:21:23Z,2026-08-08T09:21:23+0200,a13a8e1c-07bb-4e38-addf-c4d0871b05cd,2026-07-28T12:15:00Z,2026-07-28T14:15:00+0200,3174.0,MW,ES,ES,forecast_onshore_wind_generation,Wind Onshore,2026-08-08T07:26:42Z
2026-08-08T07:21:23Z,2026-08-08T09:21:23+0200,a13a8e1c-07bb-4e38-addf-c4d0871b05cd,2026-07-28T12:30:00Z,2026-07-28T14:30:00+0200,3222.0,MW,ES,ES,forecast_onshore_wind_generation,Wind Onshore,2026-08-08T07:26:42Z
2026-08-08T07:21:23Z,2026-08-08T09:21:23+0200,a13a8e1c-07bb-4e38-addf-c4d0871b05cd,2026-07-28T12:45:00Z,2026-07-28T14:45:00+0200,3270.0,MW,ES,ES,forecast_onshore_wind_generation,Wind Onshore,2026-08-08T07:26:42Z
2026-08-08T07:21:23Z,2026-08-08T09:21:23+0200,a13a8e1c-07bb-4e38-addf-c4d0871b05cd,2026-07-28T13:00:00Z,2026-07-28T15:00:00+0200,3334.0,MW,ES,ES,forecast_onshore_wind_generation,Wind Onshore,2026-08-08T07:26:42Z
2026-08-08T07:21:23Z,2026-08-08T09:21:23+0200,a13a8e1c-07bb-4e38-addf-c4d0871b05cd,2026-07-28T13:15:00Z,2026-07-28T15:15:00+0200,3391.0,MW,ES,ES,forecast_onshore_wind_generation,Wind Onshore,2026-08-08T07:26:42Z
2026-08-08T07:21:23Z,2026-08-08T09:21:23+0200,a13a8e1c-07bb-4e38-addf-c4d0871b05cd,2026-07-28T13:30:00Z,2026-07-28T15:30:00+0200,3439.0,MW,ES,ES,forecast_onshore_wind_generation,Wind Onshore,2026-08-08T07:26:42Z
2026-08-08T07:21:23Z,2026-08-08T09:21:23+0200,a13a8e1c-07bb-4e38-addf-c4d0871b05cd,2026-07-28T13:45:00Z,2026-07-28T15:45:00+0200,3503.0,MW,ES,ES,forecast_onshore_wind_generation,Wind Onshore,2026-08-08T07:26:42Z
2026-08-08T07:21:23Z,2026-08-08T09:21:23+0200,a13a8e1c-07bb-4e38-addf-c4d0871b05cd,2026-07-28T14:00:00Z,2026-07-28T16:00:00+0200,3415.0,MW,ES,ES,forecast_onshore_wind_generation,Wind Onshore,2026-08-08T07:26:42Z
2026-08-08T07:21:23Z,2026-08-08T09:21:23+0200,a13a8e1c-07bb-4e38-addf-c4d0871b05cd,2026-07-28T14:15:00Z,2026-07-28T16:15:00+0200,3508.0,MW,ES,ES,forecast_onshore_wind_generation,Wind Onshore,2026-08-08T07:26:42Z
2026-08-08T07:21:23Z,2026-08-08T09:21:23+0200,a13a8e1c-07bb-4e38-addf-c4d0871b05cd,2026-07-28T14:30:00Z,2026-07-28T16:30:00+0200,3555.0,MW,ES,ES,forecast_onshore_wind_generation,Wind Onshore,2026-08-08T07:26:42Z
2026-08-08T07:21:23Z,2026-08-08T09:21:23+0200,a13a8e1c-07bb-4e38-addf-c4d0871b05cd,2026-07-28T14:45:00Z,2026-07-28T16:45:00+0200,3595.0,MW,ES,ES,forecast_onshore_wind_generation,Wind Onshore,2026-08-08T07:26:42Z
2026-08-08T07:21:23Z,2026-08-08T09:21:23+0200,a13a8e1c-07bb-4e38-addf-c4d0871b05cd,2026-07-28T15:00:00Z,2026-07-28T17:00:00+0200,3489.0,MW,ES,ES,forecast_onshore_wind_generation,Wind Onshore,2026-08-08T07:26:42Z
2026-08-08T07:21:23Z,2026-08-08T09:21:23+0200,a13a8e1c-07bb-4e38-addf-c4d0871b05cd,2026-07-28T15:15:00Z,2026-07-28T17:15:00+0200,3506.0,MW,ES,ES,forecast_onshore_wind_generation,Wind Onshore,2026-08-08T07:26:42Z
2026-08-08T07:21:23Z,2026-08-08T09:21:23+0200,a13a8e1c-07bb-4e38-addf-c4d0871b05cd,2026-07-28T15:30:00Z,2026-07-28T17:30:00+0200,3546.0,MW,ES,ES,forecast_onshore_wind_generation,Wind Onshore,2026-08-08T07:26:42Z
2026-08-08T07:21:23Z,2026-08-08T09:21:23+0200,a13a8e1c-07bb-4e38-addf-c4d0871b05cd,2026-07-28T15:45:00Z,2026-07-28T17:45:00+0200,3546.0,MW,ES,ES,forecast_onshore_wind_generation,Wind Onshore,2026-08-08T07:26:42Z
2026-08-08T07:21:23Z,2026-08-08T09:21:23+0200,a13a8e1c-07bb-4e38-addf-c4d0871b05cd,2026-07-28T16:00:00Z,2026-07-28T18:00:00+0200,3845.0,MW,ES,ES,forecast_onshore_wind_generation,Wind Onshore,2026-08-08T07:26:42Z
2026-08-08T07:21:23Z,2026-08-08T09:21:23+0200,a13a8e1c-07bb-4e38-addf-c4d0871b05cd,2026-07-28T16:15:00Z,2026-07-28T18:15:00+0200,3895.0,MW,ES,ES,forecast_onshore_wind_generation,Wind Onshore,2026-08-08T07:26:42Z
2026-08-08T07:21:23Z,2026-08-08T09:21:23+0200,a13a8e1c-07bb-4e38-addf-c4d0871b05cd,2026-07-28T16:30:00Z,2026-07-28T18:30:00+0200,3942.0,MW,ES,ES,forecast_onshore_wind_generation,Wind Onshore,2026-08-08T07:26:42Z
2026-08-08T07:21:23Z,2026-08-08T09:21:23+0200,a13a8e1c-07bb-4e38-addf-c4d0871b05cd,2026-07-28T16:45:00Z,2026-07-28T18:45:00+0200,4042.0,MW,ES,ES,forecast_onshore_wind_generation,Wind Onshore,2026-08-08T07:26:42Z
2026-08-08T07:21:23Z,2026-08-08T09:21:23+0200,a13a8e1c-07bb-4e38-addf-c4d0871b05cd,2026-07-28T17:00:00Z,2026-07-28T19:00:00+0200,4005.0,MW,ES,ES,forecast_onshore_wind_generation,Wind Onshore,2026-08-08T07:26:42Z
2026-08-08T07:21:23Z,2026-08-08T09:21:23+0200,a13a8e1c-07bb-4e38-addf-c4d0871b05cd,2026-07-28T17:15:00Z,2026-07-28T19:15:00+0200,4126.0,MW,ES,ES,forecast_onshore_wind_generation,Wind Onshore,2026-08-08T07:26:42Z
2026-08-08T07:21:23Z,2026-08-08T09:21:23+0200,a13a8e1c-07bb-4e38-addf-c4d0871b05cd,2026-07-28T17:30:00Z,2026-07-28T19:30:00+0200,4262.0,MW,ES,ES,forecast_onshore_wind_generation,Wind Onshore,2026-08-08T07:26:42Z
2026-08-08T07:21:23Z,2026-08-08T09:21:23+0200,a13a8e1c-07bb-4e38-addf-c4d0871b05cd,2026-07-28T17:45:00Z,2026-07-28T19:45:00+0200,4367.0,MW,ES,ES,forecast_onshore_wind_generation,Wind Onshore,2026-08-08T07:26:42Z
2026-08-08T07:21:23Z,2026-08-08T09:21:23+0200,a13a8e1c-07bb-4e38-addf-c4d0871b05cd,2026-07-28T18:00:00Z,2026-07-28T20:00:00+0200,4775.0,MW,ES,ES,forecast_onshore_wind_generation,Wind Onshore,2026-08-08T07:26:42Z
2026-08-08T07:21:23Z,2026-08-08T09:21:23+0200,a13a8e1c-07bb-4e38-addf-c4d0871b05cd,2026-07-28T18:15:00Z,2026-07-28T20:15:00+0200,4883.0,MW,ES,ES,forecast_onshore_wind_generation,Wind Onshore,2026-08-08T07:26:42Z
2026-08-08T07:21:23Z,2026-08-08T09:21:23+0200,a13a8e1c-07bb-4e38-addf-c4d0871b05cd,2026-07-28T18:30:00Z,2026-07-28T20:30:00+0200,4990.0,MW,ES,ES,forecast_onshore_wind_generation,Wind Onshore,2026-08-08T07:26:42Z
2026-08-08T07:21:23Z,2026-08-08T09:21:23+0200,a13a8e1c-07bb-4e38-addf-c4d0871b05cd,2026-07-28T18:45:00Z,2026-07-28T20:45:00+0200,5093.0,MW,ES,ES,forecast_onshore_wind_generation,Wind Onshore,2026-08-08T07:26:42Z
2026-08-08T07:21:23Z,2026-08-08T09:21:23+0200,a13a8e1c-07bb-4e38-addf-c4d0871b05cd,2026-07-28T19:00:00Z,2026-07-28T21:00:00+0200,5241.0,MW,ES,ES,forecast_onshore_wind_generation,Wind Onshore,2026-08-08T07:26:42Z
2026-08-08T07:21:23Z,2026-08-08T09:21:23+0200,a13a8e1c-07bb-4e38-addf-c4d0871b05cd,2026-07-28T19:15:00Z,2026-07-28T21:15:00+0200,5317.0,MW,ES,ES,forecast_onshore_wind_generation,Wind Onshore,2026-08-08T07:26:42Z
2026-08-08T07:21:23Z,2026-08-08T09:21:23+0200,a13a8e1c-07bb-4e38-addf-c4d0871b05cd,2026-07-28T19:30:00Z,2026-07-28T21:30:00+0200,5375.0,MW,ES,ES,forecast_onshore_wind_generation,Wind Onshore,2026-08-08T07:26:42Z
2026-08-08T07:21:23Z,2026-08-08T09:21:23+0200,a13a8e1c-07bb-4e38-addf-c4d0871b05cd,2026-07-28T19:45:00Z,2026-07-28T21:45:00+0200,5413.0,MW,ES,ES,forecast_onshore_wind_generation,Wind Onshore,2026-08-08T07:26:42Z
2026-08-08T07:21:23Z,2026-08-08T09:21:23+0200,a13a8e1c-07bb-4e38-addf-c4d0871b05cd,2026-07-28T20:00:00Z,2026-07-28T22:00:00+0200,5512.0,MW,ES,ES,forecast_onshore_wind_generation,Wind Onshore,2026-08-08T07:26:42Z
2026-08-08T07:21:23Z,2026-08-08T09:21:23+0200,a13a8e1c-07bb-4e38-addf-c4d0871b05cd,2026-07-28T20:15:00Z,2026-07-28T22:15:00+0200,5519.0,MW,ES,ES,forecast_onshore_wind_generation,Wind Onshore,2026-08-08T07:26:42Z
2026-08-08T07:21:23Z,2026-08-08T09:21:23+0200,a13a8e1c-07bb-4e38-addf-c4d0871b05cd,2026-07-28T20:30:00Z,2026-07-28T22:30:00+0200,5505.0,MW,ES,ES,forecast_onshore_wind_generation,Wind Onshore,2026-08-08T07:26:42Z
2026-08-08T07:21:23Z,2026-08-08T09:21:23+0200,a13a8e1c-07bb-4e38-addf-c4d0871b05cd,2026-07-28T20:45:00Z,2026-07-28T22:45:00+0200,5478.0,MW,ES,ES,forecast_onshore_wind_generation,Wind Onshore,2026-08-08T07:26:42Z
2026-08-08T07:21:23Z,2026-08-08T09:21:23+0200,a13a8e1c-07bb-4e38-addf-c4d0871b05cd,2026-07-28T21:00:00Z,2026-07-28T23:00:00+0200,5545.0,MW,ES,ES,forecast_onshore_wind_generation,Wind Onshore,2026-08-08T07:26:42Z
2026-08-08T07:21:23Z,2026-08-08T09:21:23+0200,a13a8e1c-07bb-4e38-addf-c4d0871b05cd,2026-07-28T21:15:00Z,2026-07-28T23:15:00+0200,5497.0,MW,ES,ES,forecast_onshore_wind_generation,Wind Onshore,2026-08-08T07:26:42Z
2026-08-08T07:21:23Z,2026-08-08T09:21:23+0200,a13a8e1c-07bb-4e38-addf-c4d0871b05cd,2026-07-28T21:30:00Z,2026-07-28T23:30:00+0200,5443.0,MW,ES,ES,forecast_onshore_wind_generation,Wind Onshore,2026-08-08T07:26:42Z
2026-08-08T07:21:23Z,2026-08-08T09:21:23+0200,a13a8e1c-07bb-4e38-addf-c4d0871b05cd,2026-07-28T21:45:00Z,2026-07-28T23:45:00+0200,5382.0,MW,ES,ES,forecast_onshore_wind_generation,Wind Onshore,2026-08-08T07:26:42Z
2026-08-08T07:21:23Z,2026-08-08T09:21:23+0200,a13a8e1c-07bb-4e38-addf-c4d0871b05cd,2026-07-28T22:00:00Z,2026-07-29T00:00:00+0200,5070.0,MW,ES,ES,forecast_onshore_wind_generation,Wind Onshore,2026-08-08T07:26:42Z
2026-08-08T07:21:23Z,2026-08-08T09:21:23+0200,a13a8e1c-07bb-4e38-addf-c4d0871b05cd,2026-07-28T22:15:00Z,2026-07-29T00:15:00+0200,5031.0,MW,ES,ES,forecast_onshore_wind_generation,Wind Onshore,2026-08-08T07:26:42Z
2026-08-08T07:21:23Z,2026-08-08T09:21:23+0200,a13a8e1c-07bb-4e38-addf-c4d0871b05cd,2026-07-28T22:30:00Z,2026-07-29T00:30:00+0200,4988.0,MW,ES,ES,forecast_onshore_wind_generation,Wind Onshore,2026-08-08T07:26:42Z
2026-08-08T07:21:23Z,2026-08-08T09:21:23+0200,a13a8e1c-07bb-4e38-addf-c4d0871b05cd,2026-07-28T22:45:00Z,2026-07-29T00:45:00+0200,4943.0,MW,ES,ES,forecast_onshore_wind_generation,Wind Onshore,2026-08-08T07:26:42Z
2026-08-08T07:21:23Z,2026-08-08T09:21:23+0200,a13a8e1c-07bb-4e38-addf-c4d0871b05cd,2026-07-28T23:00:00Z,2026-07-29T01:00:00+0200,4901.0,MW,ES,ES,forecast_onshore_wind_generation,Wind Onshore,2026-08-08T07:26:42Z
2026-08-08T07:21:23Z,2026-08-08T09:21:23+0200,a13a8e1c-07bb-4e38-addf-c4d0871b05cd,2026-07-28T23:15:00Z,2026-07-29T01:15:00+0200,4850.0,MW,ES,ES,forecast_onshore_wind_generation,Wind Onshore,2026-08-08T07:26:42Z
2026-08-08T07:21:23Z,2026-08-08T09:21:23+0200,a13a8e1c-07bb-4e38-addf-c4d0871b05cd,2026-07-28T23:30:00Z,2026-07-29T01:30:00+0200,4797.0,MW,ES,ES,forecast_onshore_wind_generation,Wind Onshore,2026-08-08T07:26:42Z
2026-08-08T07:21:23Z,2026-08-08T09:21:23+0200,a13a8e1c-07bb-4e38-addf-c4d0871b05cd,2026-07-28T23:45:00Z,2026-07-29T01:45:00+0200,4738.0,MW,ES,ES,forecast_onshore_wind_generation,Wind Onshore,2026-08-08T07:26:42Z
2026-08-08T07:21:23Z,2026-08-08T09:21:23+0200,a13a8e1c-07bb-4e38-addf-c4d0871b05cd,2026-07-29T00:00:00Z,2026-07-29T02:00:00+0200,4695.0,MW,ES,ES,forecast_onshore_wind_generation,Wind Onshore,2026-08-08T07:26:42Z
2026-08-08T07:21:23Z,2026-08-08T09:21:23+0200,a13a8e1c-07bb-4e38-addf-c4d0871b05cd,2026-07-29T00:15:00Z,2026-07-29T02:15:00+0200,4618.0,MW,ES,ES,forecast_onshore_wind_generation,Wind Onshore,2026-08-08T07:26:42Z
2026-08-08T07:21:23Z,2026-08-08T09:21:23+0200,a13a8e1c-07bb-4e38-addf-c4d0871b05cd,2026-07-29T00:30:00Z,2026-07-29T02:30:00+0200,4529.0,MW,ES,ES,forecast_onshore_wind_generation,Wind Onshore,2026-08-08T07:26:42Z
2026-08-08T07:21:23Z,2026-08-08T09:21:23+0200,a13a8e1c-07bb-4e38-addf-c4d0871b05cd,2026-07-29T00:45:00Z,2026-07-29T02:45:00+0200,4429.0,MW,ES,ES,forecast_onshore_wind_generation,Wind Onshore,2026-08-08T07:26:42Z
2026-08-08T07:21:23Z,2026-08-08T09:21:23+0200,a13a8e1c-07bb-4e38-addf-c4d0871b05cd,2026-07-29T01:00:00Z,2026-07-29T03:00:00+0200,4333.0,MW,ES,ES,forecast_onshore_wind_generation,Wind Onshore,2026-08-08T07:26:42Z
2026-08-08T07:21:23Z,2026-08-08T09:21:23+0200,a13a8e1c-07bb-4e38-addf-c4d0871b05cd,2026-07-29T01:15:00Z,2026-07-29T03:15:00+0200,4221.0,MW,ES,ES,forecast_onshore_wind_generation,Wind Onshore,2026-08-08T07:26:42Z
2026-08-08T07:21:23Z,2026-08-08T09:21:23+0200,a13a8e1c-07bb-4e38-addf-c4d0871b05cd,2026-07-29T01:30:00Z,2026-07-29T03:30:00+0200,4107.0,MW,ES,ES,forecast_onshore_wind_generation,Wind Onshore,2026-08-08T07:26:42Z
2026-08-08T07:21:23Z,2026-08-08T09:21:23+0200,a13a8e1c-07bb-4e38-addf-c4d0871b05cd,2026-07-29T01:45:00Z,2026-07-29T03:45:00+0200,3992.0,MW,ES,ES,forecast_onshore_wind_generation,Wind Onshore,2026-08-08T07:26:42Z
2026-08-08T07:21:23Z,2026-08-08T09:21:23+0200,a13a8e1c-07bb-4e38-addf-c4d0871b05cd,2026-07-29T02:00:00Z,2026-07-29T04:00:00+0200,3885.0,MW,ES,ES,forecast_onshore_wind_generation,Wind Onshore,2026-08-08T07:26:42Z
2026-08-08T07:21:23Z,2026-08-08T09:21:23+0200,a13a8e1c-07bb-4e38-addf-c4d0871b05cd,2026-07-29T02:15:00Z,2026-07-29T04:15:00+0200,3770.0,MW,ES,ES,forecast_onshore_wind_generation,Wind Onshore,2026-08-08T07:26:42Z
2026-08-08T07:21:23Z,2026-08-08T09:21:23+0200,a13a8e1c-07bb-4e38-addf-c4d0871b05cd,2026-07-29T02:30:00Z,2026-07-29T04:30:00+0200,3657.0,MW,ES,ES,forecast_onshore_wind_generation,Wind Onshore,2026-08-08T07:26:42Z
2026-08-08T07:21:23Z,2026-08-08T09:21:23+0200,a13a8e1c-07bb-4e38-addf-c4d0871b05cd,2026-07-29T02:45:00Z,2026-07-29T04:45:00+0200,3547.0,MW,ES,ES,forecast_onshore_wind_generation,Wind Onshore,2026-08-08T07:26:42Z
2026-08-08T07:21:23Z,2026-08-08T09:21:23+0200,a13a8e1c-07bb-4e38-addf-c4d0871b05cd,2026-07-29T03:00:00Z,2026-07-29T05:00:00+0200,3441.0,MW,ES,ES,forecast_onshore_wind_generation,Wind Onshore,2026-08-08T07:26:42Z
2026-08-08T07:21:23Z,2026-08-08T09:21:23+0200,a13a8e1c-07bb-4e38-addf-c4d0871b05cd,2026-07-29T03:15:00Z,2026-07-29T05:15:00+0200,3345.0,MW,ES,ES,forecast_onshore_wind_generation,Wind Onshore,2026-08-08T07:26:42Z
2026-08-08T07:21:23Z,2026-08-08T09:21:23+0200,a13a8e1c-07bb-4e38-addf-c4d0871b05cd,2026-07-29T03:30:00Z,2026-07-29T05:30:00+0200,3258.0,MW,ES,ES,forecast_onshore_wind_generation,Wind Onshore,2026-08-08T07:26:42Z
2026-08-08T07:21:23Z,2026-08-08T09:21:23+0200,a13a8e1c-07bb-4e38-addf-c4d0871b05cd,2026-07-29T03:45:00Z,2026-07-29T05:45:00+0200,3176.0,MW,ES,ES,forecast_onshore_wind_generation,Wind Onshore,2026-08-08T07:26:42Z
2026-08-08T07:21:23Z,2026-08-08T09:21:23+0200,a13a8e1c-07bb-4e38-addf-c4d0871b05cd,2026-07-29T04:00:00Z,2026-07-29T06:00:00+0200,3113.0,MW,ES,ES,forecast_onshore_wind_generation,Wind Onshore,2026-08-08T07:26:42Z
2026-08-08T07:21:23Z,2026-08-08T09:21:23+0200,a13a8e1c-07bb-4e38-addf-c4d0871b05cd,2026-07-29T04:15:00Z,2026-07-29T06:15:00+0200,3027.0,MW,ES,ES,forecast_onshore_wind_generation,Wind Onshore,2026-08-08T07:26:42Z
2026-08-08T07:21:23Z,2026-08-08T09:21:23+0200,a13a8e1c-07bb-4e38-addf-c4d0871b05cd,2026-07-29T04:30:00Z,2026-07-29T06:30:00+0200,2933.0,MW,ES,ES,forecast_onshore_wind_generation,Wind Onshore,2026-08-08T07:26:42Z
2026-08-08T07:21:23Z,2026-08-08T09:21:23+0200,a13a8e1c-07bb-4e38-addf-c4d0871b05cd,2026-07-29T04:45:00Z,2026-07-29T06:45:00+0200,2831.0,MW,ES,ES,forecast_onshore_wind_generation,Wind Onshore,2026-08-08T07:26:42Z
2026-08-08T07:21:23Z,2026-08-08T09:21:23+0200,a13a8e1c-07bb-4e38-addf-c4d0871b05cd,2026-07-29T05:00:00Z,2026-07-29T07:00:00+0200,2740.0,MW,ES,ES,forecast_onshore_wind_generation,Wind Onshore,2026-08-08T07:26:42Z
2026-08-08T07:21:23Z,2026-08-08T09:21:23+0200,a13a8e1c-07bb-4e38-addf-c4d0871b05cd,2026-07-29T05:15:00Z,2026-07-29T07:15:00+0200,2622.0,MW,ES,ES,forecast_onshore_wind_generation,Wind Onshore,2026-08-08T07:26:42Z
2026-08-08T07:21:23Z,2026-08-08T09:21:23+0200,a13a8e1c-07bb-4e38-addf-c4d0871b05cd,2026-07-29T05:30:00Z,2026-07-29T07:30:00+0200,2501.0,MW,ES,ES,forecast_onshore_wind_generation,Wind Onshore,2026-08-08T07:26:42Z
2026-08-08T07:21:23Z,2026-08-08T09:21:23+0200,a13a8e1c-07bb-4e38-addf-c4d0871b05cd,2026-07-29T05:45:00Z,2026-07-29T07:45:00+0200,2378.0,MW,ES,ES,forecast_onshore_wind_generation,Wind Onshore,2026-08-08T07:26:42Z
2026-08-08T07:21:23Z,2026-08-08T09:21:23+0200,a13a8e1c-07bb-4e38-addf-c4d0871b05cd,2026-07-29T06:00:00Z,2026-07-29T08:00:00+0200,2240.0,MW,ES,ES,forecast_onshore_wind_generation,Wind Onshore,2026-08-08T07:26:42Z
2026-08-08T07:21:23Z,2026-08-08T09:21:23+0200,a13a8e1c-07bb-4e38-addf-c4d0871b05cd,2026-07-29T06:15:00Z,2026-07-29T08:15:00+0200,2138.0,MW,ES,ES,forecast_onshore_wind_generation,Wind Onshore,2026-08-08T07:26:42Z
2026-08-08T07:21:23Z,2026-08-08T09:21:23+0200,a13a8e1c-07bb-4e38-addf-c4d0871b05cd,2026-07-29T06:30:00Z,2026-07-29T08:30:00+0200,2053.0,MW,ES,ES,forecast_onshore_wind_generation,Wind Onshore,2026-08-08T07:26:42Z
2026-08-08T07:21:23Z,2026-08-08T09:21:23+0200,a13a8e1c-07bb-4e38-addf-c4d0871b05cd,2026-07-29T06:45:00Z,2026-07-29T08:45:00+0200,1982.0,MW,ES,ES,forecast_onshore_wind_generation,Wind Onshore,2026-08-08T07:26:42Z
2026-08-08T07:21:23Z,2026-08-08T09:21:23+0200,a13a8e1c-07bb-4e38-addf-c4d0871b05cd,2026-07-29T07:00:00Z,2026-07-29T09:00:00+0200,1885.0,MW,ES,ES,forecast_onshore_wind_generation,Wind Onshore,2026-08-08T07:26:42Z
2026-08-08T07:21:23Z,2026-08-08T09:21:23+0200,a13a8e1c-07bb-4e38-addf-c4d0871b05cd,2026-07-29T07:15:00Z,2026-07-29T09:15:00+0200,1861.0,MW,ES,ES,forecast_onshore_wind_generation,Wind Onshore,2026-08-08T07:26:42Z
2026-08-08T07:21:23Z,2026-08-08T09:21:23+0200,a13a8e1c-07bb-4e38-addf-c4d0871b05cd,2026-07-29T07:30:00Z,2026-07-29T09:30:00+0200,1867.0,MW,ES,ES,forecast_onshore_wind_generation,Wind Onshore,2026-08-08T07:26:42Z
2026-08-08T07:21:23Z,2026-08-08T09:21:23+0200,a13a8e1c-07bb-4e38-addf-c4d0871b05cd,2026-07-29T07:45:00Z,2026-07-29T09:45:00+0200,1879.0,MW,ES,ES,forecast_onshore_wind_generation,Wind Onshore,2026-08-08T07:26:42Z
2026-08-08T07:21:23Z,2026-08-08T09:21:23+0200,a13a8e1c-07bb-4e38-addf-c4d0871b05cd,2026-07-29T08:00:00Z,2026-07-29T10:00:00+0200,1892.0,MW,ES,ES,forecast_onshore_wind_generation,Wind Onshore,2026-08-08T07:26:42Z
2026-08-08T07:21:23Z,2026-08-08T09:21:23+0200,a13a8e1c-07bb-4e38-addf-c4d0871b05cd,2026-07-29T08:15:00Z,2026-07-29T10:15:00+0200,1947.0,MW,ES,ES,forecast_onshore_wind_generation,Wind Onshore,2026-08-08T07:26:42Z
2026-08-08T07:21:23Z,2026-08-08T09:21:23+0200,a13a8e1c-07bb-4e38-addf-c4d0871b05cd,2026-07-29T08:30:00Z,2026-07-29T10:30:00+0200,2041.0,MW,ES,ES,forecast_onshore_wind_generation,Wind Onshore,2026-08-08T07:26:42Z
2026-08-08T07:21:23Z,2026-08-08T09:21:23+0200,a13a8e1c-07bb-4e38-addf-c4d0871b05cd,2026-07-29T08:45:00Z,2026-07-29T10:45:00+0200,2153.0,MW,ES,ES,forecast_onshore_wind_generation,Wind Onshore,2026-08-08T07:26:42Z
2026-08-08T07:21:23Z,2026-08-08T09:21:23+0200,a13a8e1c-07bb-4e38-addf-c4d0871b05cd,2026-07-29T09:00:00Z,2026-07-29T11:00:00+0200,2276.0,MW,ES,ES,forecast_onshore_wind_generation,Wind Onshore,2026-08-08T07:26:42Z
2026-08-08T07:21:23Z,2026-08-08T09:21:23+0200,a13a8e1c-07bb-4e38-addf-c4d0871b05cd,2026-07-29T09:15:00Z,2026-07-29T11:15:00+0200,2406.0,MW,ES,ES,forecast_onshore_wind_generation,Wind Onshore,2026-08-08T07:26:42Z
2026-08-08T07:21:23Z,2026-08-08T09:21:23+0200,a13a8e1c-07bb-4e38-addf-c4d0871b05cd,2026-07-29T09:30:00Z,2026-07-29T11:30:00+0200,2534.0,MW,ES,ES,forecast_onshore_wind_generation,Wind Onshore,2026-08-08T07:26:42Z
2026-08-08T07:21:23Z,2026-08-08T09:21:23+0200,a13a8e1c-07bb-4e38-addf-c4d0871b05cd,2026-07-29T09:45:00Z,2026-07-29T11:45:00+0200,2680.0,MW,ES,ES,forecast_onshore_wind_generation,Wind Onshore,2026-08-08T07:26:42Z
2026-08-08T07:21:23Z,2026-08-08T09:21:23+0200,a13a8e1c-07bb-4e38-addf-c4d0871b05cd,2026-07-29T10:00:00Z,2026-07-29T12:00:00+0200,2741.0,MW,ES,ES,forecast_onshore_wind_generation,Wind Onshore,2026-08-08T07:26:42Z
2026-08-08T07:21:23Z,2026-08-08T09:21:23+0200,a13a8e1c-07bb-4e38-addf-c4d0871b05cd,2026-07-29T10:15:00Z,2026-07-29T12:15:00+0200,2836.0,MW,ES,ES,forecast_onshore_wind_generation,Wind Onshore,2026-08-08T07:26:42Z
2026-08-08T07:21:23Z,2026-08-08T09:21:23+0200,a13a8e1c-07bb-4e38-addf-c4d0871b05cd,2026-07-29T10:30:00Z,2026-07-29T12:30:00+0200,2988.0,MW,ES,ES,forecast_onshore_wind_generation,Wind Onshore,2026-08-08T07:26:42Z
2026-08-08T07:21:23Z,2026-08-08T09:21:23+0200,a13a8e1c-07bb-4e38-addf-c4d0871b05cd,2026-07-29T10:45:00Z,2026-07-29T12:45:00+0200,3146.0,MW,ES,ES,forecast_onshore_wind_generation,Wind Onshore,2026-08-08T07:26:42Z
2026-08-08T07:21:23Z,2026-08-08T09:21:23+0200,a13a8e1c-07bb-4e38-addf-c4d0871b05cd,2026-07-29T11:00:00Z,2026-07-29T13:00:00+0200,3371.0,MW,ES,ES,forecast_onshore_wind_generation,Wind Onshore,2026-08-08T07:26:42Z
2026-08-08T07:21:23Z,2026-08-08T09:21:23+0200,a13a8e1c-07bb-4e38-addf-c4d0871b05cd,2026-07-29T11:15:00Z,2026-07-29T13:15:00+0200,3520.0,MW,ES,ES,forecast_onshore_wind_generation,Wind Onshore,2026-08-08T07:26:42Z
2026-08-08T07:21:23Z,2026-08-08T09:21:23+0200,a13a8e1c-07bb-4e38-addf-c4d0871b05cd,2026-07-29T11:30:00Z,2026-07-29T13:30:00+0200,3613.0,MW,ES,ES,forecast_onshore_wind_generation,Wind Onshore,2026-08-08T07:26:42Z
2026-08-08T07:21:23Z,2026-08-08T09:21:23+0200,a13a8e1c-07bb-4e38-addf-c4d0871b05cd,2026-07-29T11:45:00Z,2026-07-29T13:45:00+0200,3726.0,MW,ES,ES,forecast_onshore_wind_generation,Wind Onshore,2026-08-08T07:26:42Z
2026-08-08T07:21:23Z,2026-08-08T09:21:23+0200,a13a8e1c-07bb-4e38-addf-c4d0871b05cd,2026-07-29T12:00:00Z,2026-07-29T14:00:00+0200,3947.0,MW,ES,ES,forecast_onshore_wind_generation,Wind Onshore,2026-08-08T07:26:42Z
2026-08-08T07:21:23Z,2026-08-08T09:21:23+0200,a13a8e1c-07bb-4e38-addf-c4d0871b05cd,2026-07-29T12:15:00Z,2026-07-29T14:15:00+0200,4052.0,MW,ES,ES,forecast_onshore_wind_generation,Wind Onshore,2026-08-08T07:26:42Z
2026-08-08T07:21:23Z,2026-08-08T09:21:23+0200,a13a8e1c-07bb-4e38-addf-c4d0871b05cd,2026-07-29T12:30:00Z,2026-07-29T14:30:00+0200,4150.0,MW,ES,ES,forecast_onshore_wind_generation,Wind Onshore,2026-08-08T07:26:42Z
2026-08-08T07:21:23Z,2026-08-08T09:21:23+0200,a13a8e1c-07bb-4e38-addf-c4d0871b05cd,2026-07-29T12:45:00Z,2026-07-29T14:45:00+0200,4288.0,MW,ES,ES,forecast_onshore_wind_generation,Wind Onshore,2026-08-08T07:26:42Z
2026-08-08T07:21:23Z,2026-08-08T09:21:23+0200,a13a8e1c-07bb-4e38-addf-c4d0871b05cd,2026-07-29T13:00:00Z,2026-07-29T15:00:00+0200,4439.0,MW,ES,ES,forecast_onshore_wind_generation,Wind Onshore,2026-08-08T07:26:42Z
2026-08-08T07:21:23Z,2026-08-08T09:21:23+0200,a13a8e1c-07bb-4e38-addf-c4d0871b05cd,2026-07-29T13:15:00Z,2026-07-29T15:15:00+0200,4506.0,MW,ES,ES,forecast_onshore_wind_generation,Wind Onshore,2026-08-08T07:26:42Z
2026-08-08T07:21:23Z,2026-08-08T09:21:23+0200,a13a8e1c-07bb-4e38-addf-c4d0871b05cd,2026-07-29T13:30:00Z,2026-07-29T15:30:00+0200,4690.0,MW,ES,ES,forecast_onshore_wind_generation,Wind Onshore,2026-08-08T07:26:42Z
2026-08-08T07:21:23Z,2026-08-08T09:21:23+0200,a13a8e1c-07bb-4e38-addf-c4d0871b05cd,2026-07-29T13:45:00Z,2026-07-29T15:45:00+0200,4812.0,MW,ES,ES,forecast_onshore_wind_generation,Wind Onshore,2026-08-08T07:26:42Z
2026-08-08T07:21:23Z,2026-08-08T09:21:23+0200,a13a8e1c-07bb-4e38-addf-c4d0871b05cd,2026-07-29T14:00:00Z,2026-07-29T16:00:00+0200,4577.0,MW,ES,ES,forecast_onshore_wind_generation,Wind Onshore,2026-08-08T07:26:42Z
2026-08-08T07:21:23Z,2026-08-08T09:21:23+0200,a13a8e1c-07bb-4e38-addf-c4d0871b05cd,2026-07-29T14:15:00Z,2026-07-29T16:15:00+0200,4694.0,MW,ES,ES,forecast_onshore_wind_generation,Wind Onshore,2026-08-08T07:26:42Z
2026-08-08T07:21:23Z,2026-08-08T09:21:23+0200,a13a8e1c-07bb-4e38-addf-c4d0871b05cd,2026-07-29T14:30:00Z,2026-07-29T16:30:00+0200,4817.0,MW,ES,ES,forecast_onshore_wind_generation,Wind Onshore,2026-08-08T07:26:42Z
2026-08-08T07:21:23Z,2026-08-08T09:21:23+0200,a13a8e1c-07bb-4e38-addf-c4d0871b05cd,2026-07-29T14:45:00Z,2026-07-29T16:45:00+0200,4943.0,MW,ES,ES,forecast_onshore_wind_generation,Wind Onshore,2026-08-08T07:26:42Z
2026-08-08T07:21:23Z,2026-08-08T09:21:23+0200,a13a8e1c-07bb-4e38-addf-c4d0871b05cd,2026-07-29T15:00:00Z,2026-07-29T17:00:00+0200,4834.0,MW,ES,ES,forecast_onshore_wind_generation,Wind Onshore,2026-08-08T07:26:42Z
2026-08-08T07:21:23Z,2026-08-08T09:21:23+0200,a13a8e1c-07bb-4e38-addf-c4d0871b05cd,2026-07-29T15:15:00Z,2026-07-29T17:15:00+0200,4956.0,MW,ES,ES,forecast_onshore_wind_generation,Wind Onshore,2026-08-08T07:26:42Z
2026-08-08T07:21:23Z,2026-08-08T09:21:23+0200,a13a8e1c-07bb-4e38-addf-c4d0871b05cd,2026-07-29T15:30:00Z,2026-07-29T17:30:00+0200,5111.0,MW,ES,ES,forecast_onshore_wind_generation,Wind Onshore,2026-08-08T07:26:42Z
2026-08-08T07:21:23Z,2026-08-08T09:21:23+0200,a13a8e1c-07bb-4e38-addf-c4d0871b05cd,2026-07-29T15:45:00Z,2026-07-29T17:45:00+0200,5243.0,MW,ES,ES,forecast_onshore_wind_generation,Wind Onshore,2026-08-08T07:26:42Z
2026-08-08T07:21:23Z,2026-08-08T09:21:23+0200,a13a8e1c-07bb-4e38-addf-c4d0871b05cd,2026-07-29T16:00:00Z,2026-07-29T18:00:00+0200,6002.0,MW,ES,ES,forecast_onshore_wind_generation,Wind Onshore,2026-08-08T07:26:42Z
2026-08-08T07:21:23Z,2026-08-08T09:21:23+0200,a13a8e1c-07bb-4e38-addf-c4d0871b05cd,2026-07-29T16:15:00Z,2026-07-29T18:15:00+0200,6146.0,MW,ES,ES,forecast_onshore_wind_generation,Wind Onshore,2026-08-08T07:26:42Z
2026-08-08T07:21:23Z,2026-08-08T09:21:23+0200,a13a8e1c-07bb-4e38-addf-c4d0871b05cd,2026-07-29T16:30:00Z,2026-07-29T18:30:00+0200,6275.0,MW,ES,ES,forecast_onshore_wind_generation,Wind Onshore,2026-08-08T07:26:42Z
2026-08-08T07:21:23Z,2026-08-08T09:21:23+0200,a13a8e1c-07bb-4e38-addf-c4d0871b05cd,2026-07-29T16:45:00Z,2026-07-29T18:45:00+0200,6396.0,MW,ES,ES,forecast_onshore_wind_generation,Wind Onshore,2026-08-08T07:26:42Z
2026-08-08T07:21:23Z,2026-08-08T09:21:23+0200,a13a8e1c-07bb-4e38-addf-c4d0871b05cd,2026-07-29T17:00:00Z,2026-07-29T19:00:00+0200,6585.0,MW,ES,ES,forecast_onshore_wind_generation,Wind Onshore,2026-08-08T07:26:42Z
2026-08-08T07:21:23Z,2026-08-08T09:21:23+0200,a13a8e1c-07bb-4e38-addf-c4d0871b05cd,2026-07-29T17:15:00Z,2026-07-29T19:15:00+0200,6690.0,MW,ES,ES,forecast_onshore_wind_generation,Wind Onshore,2026-08-08T07:26:42Z
2026-08-08T07:21:23Z,2026-08-08T09:21:23+0200,a13a8e1c-07bb-4e38-addf-c4d0871b05cd,2026-07-29T17:30:00Z,2026-07-29T19:30:00+0200,6785.0,MW,ES,ES,forecast_onshore_wind_generation,Wind Onshore,2026-08-08T07:26:42Z
2026-08-08T07:21:23Z,2026-08-08T09:21:23+0200,a13a8e1c-07bb-4e38-addf-c4d0871b05cd,2026-07-29T17:45:00Z,2026-07-29T19:45:00+0200,6855.0,MW,ES,ES,forecast_onshore_wind_generation,Wind Onshore,2026-08-08T07:26:42Z
2026-08-08T07:21:23Z,2026-08-08T09:21:23+0200,a13a8e1c-07bb-4e38-addf-c4d0871b05cd,2026-07-29T18:00:00Z,2026-07-29T20:00:00+0200,7350.0,MW,ES,ES,forecast_onshore_wind_generation,Wind Onshore,2026-08-08T07:26:42Z
2026-08-08T07:21:23Z,2026-08-08T09:21:23+0200,a13a8e1c-07bb-4e38-addf-c4d0871b05cd,2026-07-29T18:15:00Z,2026-07-29T20:15:00+0200,7343.0,MW,ES,ES,forecast_onshore_wind_generation,Wind Onshore,2026-08-08T07:26:42Z
2026-08-08T07:21:23Z,2026-08-08T09:21:23+0200,a13a8e1c-07bb-4e38-addf-c4d0871b05cd,2026-07-29T18:30:00Z,2026-07-29T20:30:00+0200,7316.0,MW,ES,ES,forecast_onshore_wind_generation,Wind Onshore,2026-08-08T07:26:42Z
2026-08-08T07:21:23Z,2026-08-08T09:21:23+0200,a13a8e1c-07bb-4e38-addf-c4d0871b05cd,2026-07-29T18:45:00Z,2026-07-29T20:45:00+0200,7244.0,MW,ES,ES,forecast_onshore_wind_generation,Wind Onshore,2026-08-08T07:26:42Z
2026-08-08T07:21:23Z,2026-08-08T09:21:23+0200,a13a8e1c-07bb-4e38-addf-c4d0871b05cd,2026-07-29T19:00:00Z,2026-07-29T21:00:00+0200,7254.0,MW,ES,ES,forecast_onshore_wind_generation,Wind Onshore,2026-08-08T07:26:42Z
2026-08-08T07:21:23Z,2026-08-08T09:21:23+0200,a13a8e1c-07bb-4e38-addf-c4d0871b05cd,2026-07-29T19:15:00Z,2026-07-29T21:15:00+0200,7155.0,MW,ES,ES,forecast_onshore_wind_generation,Wind Onshore,2026-08-08T07:26:42Z
2026-08-08T07:21:23Z,2026-08-08T09:21:23+0200,a13a8e1c-07bb-4e38-addf-c4d0871b05cd,2026-07-29T19:30:00Z,2026-07-29T21:30:00+0200,7056.0,MW,ES,ES,forecast_onshore_wind_generation,Wind Onshore,2026-08-08T07:26:42Z
2026-08-08T07:21:23Z,2026-08-08T09:21:23+0200,a13a8e1c-07bb-4e38-addf-c4d0871b05cd,2026-07-29T19:45:00Z,2026-07-29T21:45:00+0200,6953.0,MW,ES,ES,forecast_onshore_wind_generation,Wind Onshore,2026-08-08T07:26:42Z
2026-08-08T07:21:23Z,2026-08-08T09:21:23+0200,a13a8e1c-07bb-4e38-addf-c4d0871b05cd,2026-07-29T20:00:00Z,2026-07-29T22:00:00+0200,6962.0,MW,ES,ES,forecast_onshore_wind_generation,Wind Onshore,2026-08-08T07:26:42Z
2026-08-08T07:21:23Z,2026-08-08T09:21:23+0200,a13a8e1c-07bb-4e38-addf-c4d0871b05cd,2026-07-29T20:15:00Z,2026-07-29T22:15:00+0200,6833.0,MW,ES,ES,forecast_onshore_wind_generation,Wind Onshore,2026-08-08T07:26:42Z
2026-08-08T07:21:23Z,2026-08-08T09:21:23+0200,a13a8e1c-07bb-4e38-addf-c4d0871b05cd,2026-07-29T20:30:00Z,2026-07-29T22:30:00+0200,6687.0,MW,ES,ES,forecast_onshore_wind_generation,Wind Onshore,2026-08-08T07:26:42Z
2026-08-08T07:21:23Z,2026-08-08T09:21:23+0200,a13a8e1c-07bb-4e38-addf-c4d0871b05cd,2026-07-29T20:45:00Z,2026-07-29T22:45:00+0200,6530.0,MW,ES,ES,forecast_onshore_wind_generation,Wind Onshore,2026-08-08T07:26:42Z
2026-08-08T07:21:23Z,2026-08-08T09:21:23+0200,a13a8e1c-07bb-4e38-addf-c4d0871b05cd,2026-07-29T21:00:00Z,2026-07-29T23:00:00+0200,6365.0,MW,ES,ES,forecast_onshore_wind_generation,Wind Onshore,2026-08-08T07:26:42Z
2026-08-08T07:21:23Z,2026-08-08T09:21:23+0200,a13a8e1c-07bb-4e38-addf-c4d0871b05cd,2026-07-29T21:15:00Z,2026-07-29T23:15:00+0200,6217.0,MW,ES,ES,forecast_onshore_wind_generation,Wind Onshore,2026-08-08T07:26:42Z
2026-08-08T07:21:23Z,2026-08-08T09:21:23+0200,a13a8e1c-07bb-4e38-addf-c4d0871b05cd,2026-07-29T21:30:00Z,2026-07-29T23:30:00+0200,6083.0,MW,ES,ES,forecast_onshore_wind_generation,Wind Onshore,2026-08-08T07:26:42Z
2026-08-08T07:21:23Z,2026-08-08T09:21:23+0200,a13a8e1c-07bb-4e38-addf-c4d0871b05cd,2026-07-29T21:45:00Z,2026-07-29T23:45:00+0200,5959.0,MW,ES,ES,forecast_onshore_wind_generation,Wind Onshore,2026-08-08T07:26:42Z
2026-08-08T07:21:23Z,2026-08-08T09:21:23+0200,a13a8e1c-07bb-4e38-addf-c4d0871b05cd,2026-07-29T22:00:00Z,2026-07-30T00:00:00+0200,5975.0,MW,ES,ES,forecast_onshore_wind_generation,Wind Onshore,2026-08-08T07:26:42Z
2026-08-08T07:21:23Z,2026-08-08T09:21:23+0200,a13a8e1c-07bb-4e38-addf-c4d0871b05cd,2026-07-29T22:15:00Z,2026-07-30T00:15:00+0200,5855.0,MW,ES,ES,forecast_onshore_wind_generation,Wind Onshore,2026-08-08T07:26:42Z
2026-08-08T07:21:23Z,2026-08-08T09:21:23+0200,a13a8e1c-07bb-4e38-addf-c4d0871b05cd,2026-07-29T22:30:00Z,2026-07-30T00:30:00+0200,5714.0,MW,ES,ES,forecast_onshore_wind_generation,Wind Onshore,2026-08-08T07:26:42Z
2026-08-08T07:21:23Z,2026-08-08T09:21:23+0200,a13a8e1c-07bb-4e38-addf-c4d0871b05cd,2026-07-29T22:45:00Z,2026-07-30T00:45:00+0200,5553.0,MW,ES,ES,forecast_onshore_wind_generation,Wind Onshore,2026-08-08T07:26:42Z
2026-08-08T07:21:23Z,2026-08-08T09:21:23+0200,a13a8e1c-07bb-4e38-addf-c4d0871b05cd,2026-07-29T23:00:00Z,2026-07-30T01:00:00+0200,5432.0,MW,ES,ES,forecast_onshore_wind_generation,Wind Onshore,2026-08-08T07:26:42Z
2026-08-08T07:21:23Z,2026-08-08T09:21:23+0200,a13a8e1c-07bb-4e38-addf-c4d0871b05cd,2026-07-29T23:15:00Z,2026-07-30T01:15:00+0200,5226.0,MW,ES,ES,forecast_onshore_wind_generation,Wind Onshore,2026-08-08T07:26:42Z
2026-08-08T07:21:23Z,2026-08-08T09:21:23+0200,a13a8e1c-07bb-4e38-addf-c4d0871b05cd,2026-07-29T23:30:00Z,2026-07-30T01:30:00+0200,5002.0,MW,ES,ES,forecast_onshore_wind_generation,Wind Onshore,2026-08-08T07:26:42Z
2026-08-08T07:21:23Z,2026-08-08T09:21:23+0200,a13a8e1c-07bb-4e38-addf-c4d0871b05cd,2026-07-29T23:45:00Z,2026-07-30T01:45:00+0200,4767.0,MW,ES,ES,forecast_onshore_wind_generation,Wind Onshore,2026-08-08T07:26:42Z
2026-08-08T07:21:23Z,2026-08-08T09:21:23+0200,a13a8e1c-07bb-4e38-addf-c4d0871b05cd,2026-07-30T00:00:00Z,2026-07-30T02:00:00+0200,4536.0,MW,ES,ES,forecast_onshore_wind_generation,Wind Onshore,2026-08-08T07:26:42Z
2026-08-08T07:21:23Z,2026-08-08T09:21:23+0200,a13a8e1c-07bb-4e38-addf-c4d0871b05cd,2026-07-30T00:15:00Z,2026-07-30T02:15:00+0200,4307.0,MW,ES,ES,forecast_onshore_wind_generation,Wind Onshore,2026-08-08T07:26:42Z
2026-08-08T07:21:23Z,2026-08-08T09:21:23+0200,a13a8e1c-07bb-4e38-addf-c4d0871b05cd,2026-07-30T00:30:00Z,2026-07-30T02:30:00+0200,4095.0,MW,ES,ES,forecast_onshore_wind_generation,Wind Onshore,2026-08-08T07:26:42Z
2026-08-08T07:21:23Z,2026-08-08T09:21:23+0200,a13a8e1c-07bb-4e38-addf-c4d0871b05cd,2026-07-30T00:45:00Z,2026-07-30T02:45:00+0200,3901.0,MW,ES,ES,forecast_onshore_wind_generation,Wind Onshore,2026-08-08T07:26:42Z
2026-08-08T07:21:23Z,2026-08-08T09:21:23+0200,a13a8e1c-07bb-4e38-addf-c4d0871b05cd,2026-07-30T01:00:00Z,2026-07-30T03:00:00+0200,3703.0,MW,ES,ES,forecast_onshore_wind_generation,Wind Onshore,2026-08-08T07:26:42Z
2026-08-08T07:21:23Z,2026-08-08T09:21:23+0200,a13a8e1c-07bb-4e38-addf-c4d0871b05cd,2026-07-30T01:15:00Z,2026-07-30T03:15:00+0200,3547.0,MW,ES,ES,forecast_onshore_wind_generation,Wind Onshore,2026-08-08T07:26:42Z
2026-08-08T07:21:23Z,2026-08-08T09:21:23+0200,a13a8e1c-07bb-4e38-addf-c4d0871b05cd,2026-07-30T01:30:00Z,2026-07-30T03:30:00+0200,3407.0,MW,ES,ES,forecast_onshore_wind_generation,Wind Onshore,2026-08-08T07:26:42Z
2026-08-08T07:21:23Z,2026-08-08T09:21:23+0200,a13a8e1c-07bb-4e38-addf-c4d0871b05cd,2026-07-30T01:45:00Z,2026-07-30T03:45:00+0200,3282.0,MW,ES,ES,forecast_onshore_wind_generation,Wind Onshore,2026-08-08T07:26:42Z
2026-08-08T07:21:23Z,2026-08-08T09:21:23+0200,a13a8e1c-07bb-4e38-addf-c4d0871b05cd,2026-07-30T02:00:00Z,2026-07-30T04:00:00+0200,3169.0,MW,ES,ES,forecast_onshore_wind_generation,Wind Onshore,2026-08-08T07:26:42Z
2026-08-08T07:21:23Z,2026-08-08T09:21:23+0200,a13a8e1c-07bb-4e38-addf-c4d0871b05cd,2026-07-30T02:15:00Z,2026-07-30T04:15:00+0200,3058.0,MW,ES,ES,forecast_onshore_wind_generation,Wind Onshore,2026-08-08T07:26:42Z
2026-08-08T07:21:23Z,2026-08-08T09:21:23+0200,a13a8e1c-07bb-4e38-addf-c4d0871b05cd,2026-07-30T02:30:00Z,2026-07-30T04:30:00+0200,2947.0,MW,ES,ES,forecast_onshore_wind_generation,Wind Onshore,2026-08-08T07:26:42Z
2026-08-08T07:21:23Z,2026-08-08T09:21:23+0200,a13a8e1c-07bb-4e38-addf-c4d0871b05cd,2026-07-30T02:45:00Z,2026-07-30T04:45:00+0200,2839.0,MW,ES,ES,forecast_onshore_wind_generation,Wind Onshore,2026-08-08T07:26:42Z
2026-08-08T07:21:23Z,2026-08-08T09:21:23+0200,a13a8e1c-07bb-4e38-addf-c4d0871b05cd,2026-07-30T03:00:00Z,2026-07-30T05:00:00+0200,2738.0,MW,ES,ES,forecast_onshore_wind_generation,Wind Onshore,2026-08-08T07:26:42Z
2026-08-08T07:21:23Z,2026-08-08T09:21:23+0200,a13a8e1c-07bb-4e38-addf-c4d0871b05cd,2026-07-30T03:15:00Z,2026-07-30T05:15:00+0200,2629.0,MW,ES,ES,forecast_onshore_wind_generation,Wind Onshore,2026-08-08T07:26:42Z
2026-08-08T07:21:23Z,2026-08-08T09:21:23+0200,a13a8e1c-07bb-4e38-addf-c4d0871b05cd,2026-07-30T03:30:00Z,2026-07-30T05:30:00+0200,2518.0,MW,ES,ES,forecast_onshore_wind_generation,Wind Onshore,2026-08-08T07:26:42Z
2026-08-08T07:21:23Z,2026-08-08T09:21:23+0200,a13a8e1c-07bb-4e38-addf-c4d0871b05cd,2026-07-30T03:45:00Z,2026-07-30T05:45:00+0200,2408.0,MW,ES,ES,forecast_onshore_wind_generation,Wind Onshore,2026-08-08T07:26:42Z
2026-08-08T07:21:23Z,2026-08-08T09:21:23+0200,a13a8e1c-07bb-4e38-addf-c4d0871b05cd,2026-07-30T04:00:00Z,2026-07-30T06:00:00+0200,2308.0,MW,ES,ES,forecast_onshore_wind_generation,Wind Onshore,2026-08-08T07:26:42Z
2026-08-08T07:21:23Z,2026-08-08T09:21:23+0200,a13a8e1c-07bb-4e38-addf-c4d0871b05cd,2026-07-30T04:15:00Z,2026-07-30T06:15:00+0200,2197.0,MW,ES,ES,forecast_onshore_wind_generation,Wind Onshore,2026-08-08T07:26:42Z
2026-08-08T07:21:23Z,2026-08-08T09:21:23+0200,a13a8e1c-07bb-4e38-addf-c4d0871b05cd,2026-07-30T04:30:00Z,2026-07-30T06:30:00+0200,2088.0,MW,ES,ES,forecast_onshore_wind_generation,Wind Onshore,2026-08-08T07:26:42Z
2026-08-08T07:21:23Z,2026-08-08T09:21:23+0200,a13a8e1c-07bb-4e38-addf-c4d0871b05cd,2026-07-30T04:45:00Z,2026-07-30T06:45:00+0200,1978.0,MW,ES,ES,forecast_onshore_wind_generation,Wind Onshore,2026-08-08T07:26:42Z
2026-08-08T07:21:23Z,2026-08-08T09:21:23+0200,a13a8e1c-07bb-4e38-addf-c4d0871b05cd,2026-07-30T05:00:00Z,2026-07-30T07:00:00+0200,1882.0,MW,ES,ES,forecast_onshore_wind_generation,Wind Onshore,2026-08-08T07:26:42Z
2026-08-08T07:21:23Z,2026-08-08T09:21:23+0200,a13a8e1c-07bb-4e38-addf-c4d0871b05cd,2026-07-30T05:15:00Z,2026-07-30T07:15:00+0200,1771.0,MW,ES,ES,forecast_onshore_wind_generation,Wind Onshore,2026-08-08T07:26:42Z
2026-08-08T07:21:23Z,2026-08-08T09:21:23+0200,a13a8e1c-07bb-4e38-addf-c4d0871b05cd,2026-07-30T05:30:00Z,2026-07-30T07:30:00+0200,1659.0,MW,ES,ES,forecast_onshore_wind_generation,Wind Onshore,2026-08-08T07:26:42Z
2026-08-08T07:21:23Z,2026-08-08T09:21:23+0200,a13a8e1c-07bb-4e38-addf-c4d0871b05cd,2026-07-30T05:45:00Z,2026-07-30T07:45:00+0200,1548.0,MW,ES,ES,forecast_onshore_wind_generation,Wind Onshore,2026-08-08T07:26:42Z
2026-08-08T07:21:23Z,2026-08-08T09:21:23+0200,a13a8e1c-07bb-4e38-addf-c4d0871b05cd,2026-07-30T06:00:00Z,2026-07-30T08:00:00+0200,1436.0,MW,ES,ES,forecast_onshore_wind_generation,Wind Onshore,2026-08-08T07:26:42Z
2026-08-08T07:21:23Z,2026-08-08T09:21:23+0200,a13a8e1c-07bb-4e38-addf-c4d0871b05cd,2026-07-30T06:15:00Z,2026-07-30T08:15:00+0200,1335.0,MW,ES,ES,forecast_onshore_wind_generation,Wind Onshore,2026-08-08T07:26:42Z
2026-08-08T07:21:23Z,2026-08-08T09:21:23+0200,a13a8e1c-07bb-4e38-addf-c4d0871b05cd,2026-07-30T06:30:00Z,2026-07-30T08:30:00+0200,1231.0,MW,ES,ES,forecast_onshore_wind_generation,Wind Onshore,2026-08-08T07:26:42Z
2026-08-08T07:21:23Z,2026-08-08T09:21:23+0200,a13a8e1c-07bb-4e38-addf-c4d0871b05cd,2026-07-30T06:45:00Z,2026-07-30T08:45:00+0200,1152.0,MW,ES,ES,forecast_onshore_wind_generation,Wind Onshore,2026-08-08T07:26:42Z
2026-08-08T07:21:23Z,2026-08-08T09:21:23+0200,a13a8e1c-07bb-4e38-addf-c4d0871b05cd,2026-07-30T07:00:00Z,2026-07-30T09:00:00+0200,1036.0,MW,ES,ES,forecast_onshore_wind_generation,Wind Onshore,2026-08-08T07:26:42Z
2026-08-08T07:21:23Z,2026-08-08T09:21:23+0200,a13a8e1c-07bb-4e38-addf-c4d0871b05cd,2026-07-30T07:15:00Z,2026-07-30T09:15:00+0200,1003.0,MW,ES,ES,forecast_onshore_wind_generation,Wind Onshore,2026-08-08T07:26:42Z
2026-08-08T07:21:23Z,2026-08-08T09:21:23+0200,a13a8e1c-07bb-4e38-addf-c4d0871b05cd,2026-07-30T07:30:00Z,2026-07-30T09:30:00+0200,997.0,MW,ES,ES,forecast_onshore_wind_generation,Wind Onshore,2026-08-08T07:26:42Z
2026-08-08T07:21:23Z,2026-08-08T09:21:23+0200,a13a8e1c-07bb-4e38-addf-c4d0871b05cd,2026-07-30T07:45:00Z,2026-07-30T09:45:00+0200,1015.0,MW,ES,ES,forecast_onshore_wind_generation,Wind Onshore,2026-08-08T07:26:42Z
2026-08-08T07:21:23Z,2026-08-08T09:21:23+0200,a13a8e1c-07bb-4e38-addf-c4d0871b05cd,2026-07-30T08:00:00Z,2026-07-30T10:00:00+0200,1016.0,MW,ES,ES,forecast_onshore_wind_generation,Wind Onshore,2026-08-08T07:26:42Z
2026-08-08T07:21:23Z,2026-08-08T09:21:23+0200,a13a8e1c-07bb-4e38-addf-c4d0871b05cd,2026-07-30T08:15:00Z,2026-07-30T10:15:00+0200,1074.0,MW,ES,ES,forecast_onshore_wind_generation,Wind Onshore,2026-08-08T07:26:42Z
2026-08-08T07:21:23Z,2026-08-08T09:21:23+0200,a13a8e1c-07bb-4e38-addf-c4d0871b05cd,2026-07-30T08:30:00Z,2026-07-30T10:30:00+0200,1148.0,MW,ES,ES,forecast_onshore_wind_generation,Wind Onshore,2026-08-08T07:26:42Z
2026-08-08T07:21:23Z,2026-08-08T09:21:23+0200,a13a8e1c-07bb-4e38-addf-c4d0871b05cd,2026-07-30T08:45:00Z,2026-07-30T10:45:00+0200,1238.0,MW,ES,ES,forecast_onshore_wind_generation,Wind Onshore,2026-08-08T07:26:42Z
2026-08-08T07:21:23Z,2026-08-08T09:21:23+0200,a13a8e1c-07bb-4e38-addf-c4d0871b05cd,2026-07-30T09:00:00Z,2026-07-30T11:00:00+0200,1348.0,MW,ES,ES,forecast_onshore_wind_generation,Wind Onshore,2026-08-08T07:26:42Z
2026-08-08T07:21:23Z,2026-08-08T09:21:23+0200,a13a8e1c-07bb-4e38-addf-c4d0871b05cd,2026-07-30T09:15:00Z,2026-07-30T11:15:00+0200,1466.0,MW,ES,ES,forecast_onshore_wind_generation,Wind Onshore,2026-08-08T07:26:42Z
2026-08-08T07:21:23Z,2026-08-08T09:21:23+0200,a13a8e1c-07bb-4e38-addf-c4d0871b05cd,2026-07-30T09:30:00Z,2026-07-30T11:30:00+0200,1595.0,MW,ES,ES,forecast_onshore_wind_generation,Wind Onshore,2026-08-08T07:26:42Z
2026-08-08T07:21:23Z,2026-08-08T09:21:23+0200,a13a8e1c-07bb-4e38-addf-c4d0871b05cd,2026-07-30T09:45:00Z,2026-07-30T11:45:00+0200,1730.0,MW,ES,ES,forecast_onshore_wind_generation,Wind Onshore,2026-08-08T07:26:42Z
2026-08-08T07:21:23Z,2026-08-08T09:21:23+0200,a13a8e1c-07bb-4e38-addf-c4d0871b05cd,2026-07-30T10:00:00Z,2026-07-30T12:00:00+0200,1884.0,MW,ES,ES,forecast_onshore_wind_generation,Wind Onshore,2026-08-08T07:26:42Z
2026-08-08T07:21:23Z,2026-08-08T09:21:23+0200,a13a8e1c-07bb-4e38-addf-c4d0871b05cd,2026-07-30T10:15:00Z,2026-07-30T12:15:00+0200,2041.0,MW,ES,ES,forecast_onshore_wind_generation,Wind Onshore,2026-08-08T07:26:42Z
2026-08-08T07:21:23Z,2026-08-08T09:21:23+0200,a13a8e1c-07bb-4e38-addf-c4d0871b05cd,2026-07-30T10:30:00Z,2026-07-30T12:30:00+0200,2207.0,MW,ES,ES,forecast_onshore_wind_generation,Wind Onshore,2026-08-08T07:26:42Z
2026-08-08T07:21:23Z,2026-08-08T09:21:23+0200,a13a8e1c-07bb-4e38-addf-c4d0871b05cd,2026-07-30T10:45:00Z,2026-07-30T12:45:00+0200,2377.0,MW,ES,ES,forecast_onshore_wind_generation,Wind Onshore,2026-08-08T07:26:42Z
2026-08-08T07:21:23Z,2026-08-08T09:21:23+0200,a13a8e1c-07bb-4e38-addf-c4d0871b05cd,2026-07-30T11:00:00Z,2026-07-30T13:00:00+0200,2607.0,MW,ES,ES,forecast_onshore_wind_generation,Wind Onshore,2026-08-08T07:26:42Z
2026-08-08T07:21:23Z,2026-08-08T09:21:23+0200,a13a8e1c-07bb-4e38-addf-c4d0871b05cd,2026-07-30T11:15:00Z,2026-07-30T13:15:00+0200,2774.0,MW,ES,ES,forecast_onshore_wind_generation,Wind Onshore,2026-08-08T07:26:42Z
2026-08-08T07:21:23Z,2026-08-08T09:21:23+0200,a13a8e1c-07bb-4e38-addf-c4d0871b05cd,2026-07-30T11:30:00Z,2026-07-30T13:30:00+0200,2931.0,MW,ES,ES,forecast_onshore_wind_generation,Wind Onshore,2026-08-08T07:26:42Z
2026-08-08T07:21:23Z,2026-08-08T09:21:23+0200,a13a8e1c-07bb-4e38-addf-c4d0871b05cd,2026-07-30T11:45:00Z,2026-07-30T13:45:00+0200,3080.0,MW,ES,ES,forecast_onshore_wind_generation,Wind Onshore,2026-08-08T07:26:42Z
2026-08-08T07:21:23Z,2026-08-08T09:21:23+0200,a13a8e1c-07bb-4e38-addf-c4d0871b05cd,2026-07-30T12:00:00Z,2026-07-30T14:00:00+0200,3167.0,MW,ES,ES,forecast_onshore_wind_generation,Wind Onshore,2026-08-08T07:26:42Z
2026-08-08T07:21:23Z,2026-08-08T09:21:23+0200,a13a8e1c-07bb-4e38-addf-c4d0871b05cd,2026-07-30T12:15:00Z,2026-07-30T14:15:00+0200,3312.0,MW,ES,ES,forecast_onshore_wind_generation,Wind Onshore,2026-08-08T07:26:42Z
2026-08-08T07:21:23Z,2026-08-08T09:21:23+0200,a13a8e1c-07bb-4e38-addf-c4d0871b05cd,2026-07-30T12:30:00Z,2026-07-30T14:30:00+0200,3459.0,MW,ES,ES,forecast_onshore_wind_generation,Wind Onshore,2026-08-08T07:26:42Z
2026-08-08T07:21:23Z,2026-08-08T09:21:23+0200,a13a8e1c-07bb-4e38-addf-c4d0871b05cd,2026-07-30T12:45:00Z,2026-07-30T14:45:00+0200,3610.0,MW,ES,ES,forecast_onshore_wind_generation,Wind Onshore,2026-08-08T07:26:42Z
2026-08-08T07:21:23Z,2026-08-08T09:21:23+0200,a13a8e1c-07bb-4e38-addf-c4d0871b05cd,2026-07-30T13:00:00Z,2026-07-30T15:00:00+0200,3636.0,MW,ES,ES,forecast_onshore_wind_generation,Wind Onshore,2026-08-08T07:26:42Z
2026-08-08T07:21:23Z,2026-08-08T09:21:23+0200,a13a8e1c-07bb-4e38-addf-c4d0871b05cd,2026-07-30T13:15:00Z,2026-07-30T15:15:00+0200,3804.0,MW,ES,ES,forecast_onshore_wind_generation,Wind Onshore,2026-08-08T07:26:42Z
2026-08-08T07:21:23Z,2026-08-08T09:21:23+0200,a13a8e1c-07bb-4e38-addf-c4d0871b05cd,2026-07-30T13:30:00Z,2026-07-30T15:30:00+0200,3983.0,MW,ES,ES,forecast_onshore_wind_generation,Wind Onshore,2026-08-08T07:26:42Z
2026-08-08T07:21:23Z,2026-08-08T09:21:23+0200,a13a8e1c-07bb-4e38-addf-c4d0871b05cd,2026-07-30T13:45:00Z,2026-07-30T15:45:00+0200,4166.0,MW,ES,ES,forecast_onshore_wind_generation,Wind Onshore,2026-08-08T07:26:42Z
2026-08-08T07:21:23Z,2026-08-08T09:21:23+0200,a13a8e1c-07bb-4e38-addf-c4d0871b05cd,2026-07-30T14:00:00Z,2026-07-30T16:00:00+0200,4161.0,MW,ES,ES,forecast_onshore_wind_generation,Wind Onshore,2026-08-08T07:26:42Z
2026-08-08T07:21:23Z,2026-08-08T09:21:23+0200,a13a8e1c-07bb-4e38-addf-c4d0871b05cd,2026-07-30T14:15:00Z,2026-07-30T16:15:00+0200,4349.0,MW,ES,ES,forecast_onshore_wind_generation,Wind Onshore,2026-08-08T07:26:42Z
2026-08-08T07:21:23Z,2026-08-08T09:21:23+0200,a13a8e1c-07bb-4e38-addf-c4d0871b05cd,2026-07-30T14:30:00Z,2026-07-30T16:30:00+0200,4540.0,MW,ES,ES,forecast_onshore_wind_generation,Wind Onshore,2026-08-08T07:26:42Z
2026-08-08T07:21:23Z,2026-08-08T09:21:23+0200,a13a8e1c-07bb-4e38-addf-c4d0871b05cd,2026-07-30T14:45:00Z,2026-07-30T16:45:00+0200,4731.0,MW,ES,ES,forecast_onshore_wind_generation,Wind Onshore,2026-08-08T07:26:42Z
2026-08-08T07:21:23Z,2026-08-08T09:21:23+0200,a13a8e1c-07bb-4e38-addf-c4d0871b05cd,2026-07-30T15:00:00Z,2026-07-30T17:00:00+0200,4930.0,MW,ES,ES,forecast_onshore_wind_generation,Wind Onshore,2026-08-08T07:26:42Z
2026-08-08T07:21:23Z,2026-08-08T09:21:23+0200,a13a8e1c-07bb-4e38-addf-c4d0871b05cd,2026-07-30T15:15:00Z,2026-07-30T17:15:00+0200,5119.0,MW,ES,ES,forecast_onshore_wind_generation,Wind Onshore,2026-08-08T07:26:42Z
2026-08-08T07:21:23Z,2026-08-08T09:21:23+0200,a13a8e1c-07bb-4e38-addf-c4d0871b05cd,2026-07-30T15:30:00Z,2026-07-30T17:30:00+0200,5305.0,MW,ES,ES,forecast_onshore_wind_generation,Wind Onshore,2026-08-08T07:26:42Z
2026-08-08T07:21:23Z,2026-08-08T09:21:23+0200,a13a8e1c-07bb-4e38-addf-c4d0871b05cd,2026-07-30T15:45:00Z,2026-07-30T17:45:00+0200,5481.0,MW,ES,ES,forecast_onshore_wind_generation,Wind Onshore,2026-08-08T07:26:42Z
2026-08-08T07:21:23Z,2026-08-08T09:21:23+0200,a13a8e1c-07bb-4e38-addf-c4d0871b05cd,2026-07-30T16:00:00Z,2026-07-30T18:00:00+0200,6005.0,MW,ES,ES,forecast_onshore_wind_generation,Wind Onshore,2026-08-08T07:26:42Z
2026-08-08T07:21:23Z,2026-08-08T09:21:23+0200,a13a8e1c-07bb-4e38-addf-c4d0871b05cd,2026-07-30T16:15:00Z,2026-07-30T18:15:00+0200,6171.0,MW,ES,ES,forecast_onshore_wind_generation,Wind Onshore,2026-08-08T07:26:42Z
2026-08-08T07:21:23Z,2026-08-08T09:21:23+0200,a13a8e1c-07bb-4e38-addf-c4d0871b05cd,2026-07-30T16:30:00Z,2026-07-30T18:30:00+0200,6319.0,MW,ES,ES,forecast_onshore_wind_generation,Wind Onshore,2026-08-08T07:26:42Z
2026-08-08T07:21:23Z,2026-08-08T09:21:23+0200,a13a8e1c-07bb-4e38-addf-c4d0871b05cd,2026-07-30T16:45:00Z,2026-07-30T18:45:00+0200,6438.0,MW,ES,ES,forecast_onshore_wind_generation,Wind Onshore,2026-08-08T07:26:42Z
2026-08-08T07:21:23Z,2026-08-08T09:21:23+0200,a13a8e1c-07bb-4e38-addf-c4d0871b05cd,2026-07-30T17:00:00Z,2026-07-30T19:00:00+0200,6853.0,MW,ES,ES,forecast_onshore_wind_generation,Wind Onshore,2026-08-08T07:26:42Z
2026-08-08T07:21:23Z,2026-08-08T09:21:23+0200,a13a8e1c-07bb-4e38-addf-c4d0871b05cd,2026-07-30T17:15:00Z,2026-07-30T19:15:00+0200,6913.0,MW,ES,ES,forecast_onshore_wind_generation,Wind Onshore,2026-08-08T07:26:42Z
2026-08-08T07:21:23Z,2026-08-08T09:21:23+0200,a13a8e1c-07bb-4e38-addf-c4d0871b05cd,2026-07-30T17:30:00Z,2026-07-30T19:30:00+0200,6931.0,MW,ES,ES,forecast_onshore_wind_generation,Wind Onshore,2026-08-08T07:26:42Z
2026-08-08T07:21:23Z,2026-08-08T09:21:23+0200,a13a8e1c-07bb-4e38-addf-c4d0871b05cd,2026-07-30T17:45:00Z,2026-07-30T19:45:00+0200,6912.0,MW,ES,ES,forecast_onshore_wind_generation,Wind Onshore,2026-08-08T07:26:42Z
2026-08-08T07:21:23Z,2026-08-08T09:21:23+0200,a13a8e1c-07bb-4e38-addf-c4d0871b05cd,2026-07-30T18:00:00Z,2026-07-30T20:00:00+0200,7163.0,MW,ES,ES,forecast_onshore_wind_generation,Wind Onshore,2026-08-08T07:26:42Z
2026-08-08T07:21:23Z,2026-08-08T09:21:23+0200,a13a8e1c-07bb-4e38-addf-c4d0871b05cd,2026-07-30T18:15:00Z,2026-07-30T20:15:00+0200,7052.0,MW,ES,ES,forecast_onshore_wind_generation,Wind Onshore,2026-08-08T07:26:42Z
2026-08-08T07:21:23Z,2026-08-08T09:21:23+0200,a13a8e1c-07bb-4e38-addf-c4d0871b05cd,2026-07-30T18:30:00Z,2026-07-30T20:30:00+0200,6937.0,MW,ES,ES,forecast_onshore_wind_generation,Wind Onshore,2026-08-08T07:26:42Z
2026-08-08T07:21:23Z,2026-08-08T09:21:23+0200,a13a8e1c-07bb-4e38-addf-c4d0871b05cd,2026-07-30T18:45:00Z,2026-07-30T20:45:00+0200,6817.0,MW,ES,ES,forecast_onshore_wind_generation,Wind Onshore,2026-08-08T07:26:42Z
2026-08-08T07:21:23Z,2026-08-08T09:21:23+0200,a13a8e1c-07bb-4e38-addf-c4d0871b05cd,2026-07-30T19:00:00Z,2026-07-30T21:00:00+0200,6676.0,MW,ES,ES,forecast_onshore_wind_generation,Wind Onshore,2026-08-08T07:26:42Z
2026-08-08T07:21:23Z,2026-08-08T09:21:23+0200,a13a8e1c-07bb-4e38-addf-c4d0871b05cd,2026-07-30T19:15:00Z,2026-07-30T21:15:00+0200,6538.0,MW,ES,ES,forecast_onshore_wind_generation,Wind Onshore,2026-08-08T07:26:42Z
2026-08-08T07:21:23Z,2026-08-08T09:21:23+0200,a13a8e1c-07bb-4e38-addf-c4d0871b05cd,2026-07-30T19:30:00Z,2026-07-30T21:30:00+0200,6387.0,MW,ES,ES,forecast_onshore_wind_generation,Wind Onshore,2026-08-08T07:26:42Z
2026-08-08T07:21:23Z,2026-08-08T09:21:23+0200,a13a8e1c-07bb-4e38-addf-c4d0871b05cd,2026-07-30T19:45:00Z,2026-07-30T21:45:00+0200,6231.0,MW,ES,ES,forecast_onshore_wind_generation,Wind Onshore,2026-08-08T07:26:42Z
2026-08-08T07:21:23Z,2026-08-08T09:21:23+0200,a13a8e1c-07bb-4e38-addf-c4d0871b05cd,2026-07-30T20:00:00Z,2026-07-30T22:00:00+0200,6065.0,MW,ES,ES,forecast_onshore_wind_generation,Wind Onshore,2026-08-08T07:26:42Z
2026-08-08T07:21:23Z,2026-08-08T09:21:23+0200,a13a8e1c-07bb-4e38-addf-c4d0871b05cd,2026-07-30T20:15:00Z,2026-07-30T22:15:00+0200,5918.0,MW,ES,ES,forecast_onshore_wind_generation,Wind Onshore,2026-08-08T07:26:42Z
2026-08-08T07:21:23Z,2026-08-08T09:21:23+0200,a13a8e1c-07bb-4e38-addf-c4d0871b05cd,2026-07-30T20:30:00Z,2026-07-30T22:30:00+0200,5782.0,MW,ES,ES,forecast_onshore_wind_generation,Wind Onshore,2026-08-08T07:26:42Z
2026-08-08T07:21:23Z,2026-08-08T09:21:23+0200,a13a8e1c-07bb-4e38-addf-c4d0871b05cd,2026-07-30T20:45:00Z,2026-07-30T22:45:00+0200,5660.0,MW,ES,ES,forecast_onshore_wind_generation,Wind Onshore,2026-08-08T07:26:42Z
2026-08-08T07:21:23Z,2026-08-08T09:21:23+0200,a13a8e1c-07bb-4e38-addf-c4d0871b05cd,2026-07-30T21:00:00Z,2026-07-30T23:00:00+0200,5537.0,MW,ES,ES,forecast_onshore_wind_generation,Wind Onshore,2026-08-08T07:26:42Z
2026-08-08T07:21:23Z,2026-08-08T09:21:23+0200,a13a8e1c-07bb-4e38-addf-c4d0871b05cd,2026-07-30T21:15:00Z,2026-07-30T23:15:00+0200,5432.0,MW,ES,ES,forecast_onshore_wind_generation,Wind Onshore,2026-08-08T07:26:42Z
2026-08-08T07:21:23Z,2026-08-08T09:21:23+0200,a13a8e1c-07bb-4e38-addf-c4d0871b05cd,2026-07-30T21:30:00Z,2026-07-30T23:30:00+0200,5333.0,MW,ES,ES,forecast_onshore_wind_generation,Wind Onshore,2026-08-08T07:26:42Z
2026-08-08T07:21:23Z,2026-08-08T09:21:23+0200,a13a8e1c-07bb-4e38-addf-c4d0871b05cd,2026-07-30T21:45:00Z,2026-07-30T23:45:00+0200,5235.0,MW,ES,ES,forecast_onshore_wind_generation,Wind Onshore,2026-08-08T07:26:42Z
2026-08-08T07:21:23Z,2026-08-08T09:21:23+0200,a13a8e1c-07bb-4e38-addf-c4d0871b05cd,2026-07-30T22:00:00Z,2026-07-31T00:00:00+0200,5417.0,MW,ES,ES,forecast_onshore_wind_generation,Wind Onshore,2026-08-08T07:26:42Z
2026-08-08T07:21:23Z,2026-08-08T09:21:23+0200,a13a8e1c-07bb-4e38-addf-c4d0871b05cd,2026-07-30T22:15:00Z,2026-07-31T00:15:00+0200,5297.0,MW,ES,ES,forecast_onshore_wind_generation,Wind Onshore,2026-08-08T07:26:42Z
2026-08-08T07:21:23Z,2026-08-08T09:21:23+0200,a13a8e1c-07bb-4e38-addf-c4d0871b05cd,2026-07-30T22:30:00Z,2026-07-31T00:30:00+0200,5160.0,MW,ES,ES,forecast_onshore_wind_generation,Wind Onshore,2026-08-08T07:26:42Z
2026-08-08T07:21:23Z,2026-08-08T09:21:23+0200,a13a8e1c-07bb-4e38-addf-c4d0871b05cd,2026-07-30T22:45:00Z,2026-07-31T00:45:00+0200,5011.0,MW,ES,ES,forecast_onshore_wind_generation,Wind Onshore,2026-08-08T07:26:42Z
2026-08-08T07:21:23Z,2026-08-08T09:21:23+0200,a13a8e1c-07bb-4e38-addf-c4d0871b05cd,2026-07-30T23:00:00Z,2026-07-31T01:00:00+0200,4861.0,MW,ES,ES,forecast_onshore_wind_generation,Wind Onshore,2026-08-08T07:26:42Z
2026-08-08T07:21:23Z,2026-08-08T09:21:23+0200,a13a8e1c-07bb-4e38-addf-c4d0871b05cd,2026-07-30T23:15:00Z,2026-07-31T01:15:00+0200,4702.0,MW,ES,ES,forecast_onshore_wind_generation,Wind Onshore,2026-08-08T07:26:42Z
2026-08-08T07:21:23Z,2026-08-08T09:21:23+0200,a13a8e1c-07bb-4e38-addf-c4d0871b05cd,2026-07-30T23:30:00Z,2026-07-31T01:30:00+0200,4544.0,MW,ES,ES,forecast_onshore_wind_generation,Wind Onshore,2026-08-08T07:26:42Z
2026-08-08T07:21:23Z,2026-08-08T09:21:23+0200,a13a8e1c-07bb-4e38-addf-c4d0871b05cd,2026-07-30T23:45:00Z,2026-07-31T01:45:00+0200,4391.0,MW,ES,ES,forecast_onshore_wind_generation,Wind Onshore,2026-08-08T07:26:42Z
2026-08-08T07:21:23Z,2026-08-08T09:21:23+0200,a13a8e1c-07bb-4e38-addf-c4d0871b05cd,2026-07-31T00:00:00Z,2026-07-31T02:00:00+0200,4238.0,MW,ES,ES,forecast_onshore_wind_generation,Wind Onshore,2026-08-08T07:26:42Z
2026-08-08T07:21:23Z,2026-08-08T09:21:23+0200,a13a8e1c-07bb-4e38-addf-c4d0871b05cd,2026-07-31T00:15:00Z,2026-07-31T02:15:00+0200,4097.0,MW,ES,ES,forecast_onshore_wind_generation,Wind Onshore,2026-08-08T07:26:42Z
2026-08-08T07:21:23Z,2026-08-08T09:21:23+0200,a13a8e1c-07bb-4e38-addf-c4d0871b05cd,2026-07-31T00:30:00Z,2026-07-31T02:30:00+0200,3963.0,MW,ES,ES,forecast_onshore_wind_generation,Wind Onshore,2026-08-08T07:26:42Z
2026-08-08T07:21:23Z,2026-08-08T09:21:23+0200,a13a8e1c-07bb-4e38-addf-c4d0871b05cd,2026-07-31T00:45:00Z,2026-07-31T02:45:00+0200,3833.0,MW,ES,ES,forecast_onshore_wind_generation,Wind Onshore,2026-08-08T07:26:42Z
2026-08-08T07:21:23Z,2026-08-08T09:21:23+0200,a13a8e1c-07bb-4e38-addf-c4d0871b05cd,2026-07-31T01:00:00Z,2026-07-31T03:00:00+0200,3716.0,MW,ES,ES,forecast_onshore_wind_generation,Wind Onshore,2026-08-08T07:26:42Z
2026-08-08T07:21:23Z,2026-08-08T09:21:23+0200,a13a8e1c-07bb-4e38-addf-c4d0871b05cd,2026-07-31T01:15:00Z,2026-07-31T03:15:00+0200,3592.0,MW,ES,ES,forecast_onshore_wind_generation,Wind Onshore,2026-08-08T07:26:42Z
2026-08-08T07:21:23Z,2026-08-08T09:21:23+0200,a13a8e1c-07bb-4e38-addf-c4d0871b05cd,2026-07-31T01:30:00Z,2026-07-31T03:30:00+0200,3468.0,MW,ES,ES,forecast_onshore_wind_generation,Wind Onshore,2026-08-08T07:26:42Z
2026-08-08T07:21:23Z,2026-08-08T09:21:23+0200,a13a8e1c-07bb-4e38-addf-c4d0871b05cd,2026-07-31T01:45:00Z,2026-07-31T03:45:00+0200,3347.0,MW,ES,ES,forecast_onshore_wind_generation,Wind Onshore,2026-08-08T07:26:42Z
2026-08-08T07:21:23Z,2026-08-08T09:21:23+0200,a13a8e1c-07bb-4e38-addf-c4d0871b05cd,2026-07-31T02:00:00Z,2026-07-31T04:00:00+0200,3221.0,MW,ES,ES,forecast_onshore_wind_generation,Wind Onshore,2026-08-08T07:26:42Z
2026-08-08T07:21:23Z,2026-08-08T09:21:23+0200,a13a8e1c-07bb-4e38-addf-c4d0871b05cd,2026-07-31T02:15:00Z,2026-07-31T04:15:00+0200,3114.0,MW,ES,ES,forecast_onshore_wind_generation,Wind Onshore,2026-08-08T07:26:42Z
2026-08-08T07:21:23Z,2026-08-08T09:21:23+0200,a13a8e1c-07bb-4e38-addf-c4d0871b05cd,2026-07-31T02:30:00Z,2026-07-31T04:30:00+0200,3016.0,MW,ES,ES,forecast_onshore_wind_generation,Wind Onshore,2026-08-08T07:26:42Z
2026-08-08T07:21:23Z,2026-08-08T09:21:23+0200,a13a8e1c-07bb-4e38-addf-c4d0871b05cd,2026-07-31T02:45:00Z,2026-07-31T04:45:00+0200,2927.0,MW,ES,ES,forecast_onshore_wind_generation,Wind Onshore,2026-08-08T07:26:42Z
2026-08-08T07:21:23Z,2026-08-08T09:21:23+0200,a13a8e1c-07bb-4e38-addf-c4d0871b05cd,2026-07-31T03:00:00Z,2026-07-31T05:00:00+0200,2838.0,MW,ES,ES,forecast_onshore_wind_generation,Wind Onshore,2026-08-08T07:26:42Z
2026-08-08T07:21:23Z,2026-08-08T09:21:23+0200,a13a8e1c-07bb-4e38-addf-c4d0871b05cd,2026-07-31T03:15:00Z,2026-07-31T05:15:00+0200,2761.0,MW,ES,ES,forecast_onshore_wind_generation,Wind Onshore,2026-08-08T07:26:42Z
2026-08-08T07:21:23Z,2026-08-08T09:21:23+0200,a13a8e1c-07bb-4e38-addf-c4d0871b05cd,2026-07-31T03:30:00Z,2026-07-31T05:30:00+0200,2683.0,MW,ES,ES,forecast_onshore_wind_generation,Wind Onshore,2026-08-08T07:26:42Z
2026-08-08T07:21:23Z,2026-08-08T09:21:23+0200,a13a8e1c-07bb-4e38-addf-c4d0871b05cd,2026-07-31T03:45:00Z,2026-07-31T05:45:00+0200,2606.0,MW,ES,ES,forecast_onshore_wind_generation,Wind Onshore,2026-08-08T07:26:42Z
2026-08-08T07:21:23Z,2026-08-08T09:21:23+0200,a13a8e1c-07bb-4e38-addf-c4d0871b05cd,2026-07-31T04:00:00Z,2026-07-31T06:00:00+0200,2549.0,MW,ES,ES,forecast_onshore_wind_generation,Wind Onshore,2026-08-08T07:26:42Z
2026-08-08T07:21:23Z,2026-08-08T09:21:23+0200,a13a8e1c-07bb-4e38-addf-c4d0871b05cd,2026-07-31T04:15:00Z,2026-07-31T06:15:00+0200,2457.0,MW,ES,ES,forecast_onshore_wind_generation,Wind Onshore,2026-08-08T07:26:42Z
2026-08-08T07:21:23Z,2026-08-08T09:21:23+0200,a13a8e1c-07bb-4e38-addf-c4d0871b05cd,2026-07-31T04:30:00Z,2026-07-31T06:30:00+0200,2355.0,MW,ES,ES,forecast_onshore_wind_generation,Wind Onshore,2026-08-08T07:26:42Z
2026-08-08T07:21:23Z,2026-08-08T09:21:23+0200,a13a8e1c-07bb-4e38-addf-c4d0871b05cd,2026-07-31T04:45:00Z,2026-07-31T06:45:00+0200,2246.0,MW,ES,ES,forecast_onshore_wind_generation,Wind Onshore,2026-08-08T07:26:42Z
2026-08-08T07:21:23Z,2026-08-08T09:21:23+0200,a13a8e1c-07bb-4e38-addf-c4d0871b05cd,2026-07-31T05:00:00Z,2026-07-31T07:00:00+0200,2140.0,MW,ES,ES,forecast_onshore_wind_generation,Wind Onshore,2026-08-08T07:26:42Z
2026-08-08T07:21:23Z,2026-08-08T09:21:23+0200,a13a8e1c-07bb-4e38-addf-c4d0871b05cd,2026-07-31T05:15:00Z,2026-07-31T07:15:00+0200,2026.0,MW,ES,ES,forecast_onshore_wind_generation,Wind Onshore,2026-08-08T07:26:42Z
2026-08-08T07:21:23Z,2026-08-08T09:21:23+0200,a13a8e1c-07bb-4e38-addf-c4d0871b05cd,2026-07-31T05:30:00Z,2026-07-31T07:30:00+0200,1916.0,MW,ES,ES,forecast_onshore_wind_generation,Wind Onshore,2026-08-08T07:26:42Z
2026-08-08T07:21:23Z,2026-08-08T09:21:23+0200,a13a8e1c-07bb-4e38-addf-c4d0871b05cd,2026-07-31T05:45:00Z,2026-07-31T07:45:00+0200,1813.0,MW,ES,ES,forecast_onshore_wind_generation,Wind Onshore,2026-08-08T07:26:42Z
2026-08-08T07:21:23Z,2026-08-08T09:21:23+0200,a13a8e1c-07bb-4e38-addf-c4d0871b05cd,2026-07-31T06:00:00Z,2026-07-31T08:00:00+0200,1702.0,MW,ES,ES,forecast_onshore_wind_generation,Wind Onshore,2026-08-08T07:26:42Z
2026-08-08T07:21:23Z,2026-08-08T09:21:23+0200,a13a8e1c-07bb-4e38-addf-c4d0871b05cd,2026-07-31T06:15:00Z,2026-07-31T08:15:00+0200,1617.0,MW,ES,ES,forecast_onshore_wind_generation,Wind Onshore,2026-08-08T07:26:42Z
2026-08-08T07:21:23Z,2026-08-08T09:21:23+0200,a13a8e1c-07bb-4e38-addf-c4d0871b05cd,2026-07-31T06:30:00Z,2026-07-31T08:30:00+0200,1532.0,MW,ES,ES,forecast_onshore_wind_generation,Wind Onshore,2026-08-08T07:26:42Z
2026-08-08T07:21:23Z,2026-08-08T09:21:23+0200,a13a8e1c-07bb-4e38-addf-c4d0871b05cd,2026-07-31T06:45:00Z,2026-07-31T08:45:00+0200,1471.0,MW,ES,ES,forecast_onshore_wind_generation,Wind Onshore,2026-08-08T07:26:42Z
2026-08-08T07:21:23Z,2026-08-08T09:21:23+0200,a13a8e1c-07bb-4e38-addf-c4d0871b05cd,2026-07-31T07:00:00Z,2026-07-31T09:00:00+0200,1400.0,MW,ES,ES,forecast_onshore_wind_generation,Wind Onshore,2026-08-08T07:26:42Z
2026-08-08T07:21:23Z,2026-08-08T09:21:23+0200,a13a8e1c-07bb-4e38-addf-c4d0871b05cd,2026-07-31T07:15:00Z,2026-07-31T09:15:00+0200,1367.0,MW,ES,ES,forecast_onshore_wind_generation,Wind Onshore,2026-08-08T07:26:42Z
2026-08-08T07:21:23Z,2026-08-08T09:21:23+0200,a13a8e1c-07bb-4e38-addf-c4d0871b05cd,2026-07-31T07:30:00Z,2026-07-31T09:30:00+0200,1348.0,MW,ES,ES,forecast_onshore_wind_generation,Wind Onshore,2026-08-08T07:26:42Z
2026-08-08T07:21:23Z,2026-08-08T09:21:23+0200,a13a8e1c-07bb-4e38-addf-c4d0871b05cd,2026-07-31T07:45:00Z,2026-07-31T09:45:00+0200,1341.0,MW,ES,ES,forecast_onshore_wind_generation,Wind Onshore,2026-08-08T07:26:42Z
2026-08-08T07:21:23Z,2026-08-08T09:21:23+0200,a13a8e1c-07bb-4e38-addf-c4d0871b05cd,2026-07-31T08:00:00Z,2026-07-31T10:00:00+0200,1286.0,MW,ES,ES,forecast_onshore_wind_generation,Wind Onshore,2026-08-08T07:26:42Z
2026-08-08T07:21:23Z,2026-08-08T09:21:23+0200,a13a8e1c-07bb-4e38-addf-c4d0871b05cd,2026-07-31T08:15:00Z,2026-07-31T10:15:00+0200,1313.0,MW,ES,ES,forecast_onshore_wind_generation,Wind Onshore,2026-08-08T07:26:42Z
2026-08-08T07:21:23Z,2026-08-08T09:21:23+0200,a13a8e1c-07bb-4e38-addf-c4d0871b05cd,2026-07-31T08:30:00Z,2026-07-31T10:30:00+0200,1357.0,MW,ES,ES,forecast_onshore_wind_generation,Wind Onshore,2026-08-08T07:26:42Z
2026-08-08T07:21:23Z,2026-08-08T09:21:23+0200,a13a8e1c-07bb-4e38-addf-c4d0871b05cd,2026-07-31T08:45:00Z,2026-07-31T10:45:00+0200,1420.0,MW,ES,ES,forecast_onshore_wind_generation,Wind Onshore,2026-08-08T07:26:42Z
2026-08-08T07:21:23Z,2026-08-08T09:21:23+0200,a13a8e1c-07bb-4e38-addf-c4d0871b05cd,2026-07-31T09:00:00Z,2026-07-31T11:00:00+0200,1458.0,MW,ES,ES,forecast_onshore_wind_generation,Wind Onshore,2026-08-08T07:26:42Z
2026-08-08T07:21:23Z,2026-08-08T09:21:23+0200,a13a8e1c-07bb-4e38-addf-c4d0871b05cd,2026-07-31T09:15:00Z,2026-07-31T11:15:00+0200,1555.0,MW,ES,ES,forecast_onshore_wind_generation,Wind Onshore,2026-08-08T07:26:42Z
2026-08-08T07:21:23Z,2026-08-08T09:21:23+0200,a13a8e1c-07bb-4e38-addf-c4d0871b05cd,2026-07-31T09:30:00Z,2026-07-31T11:30:00+0200,1670.0,MW,ES,ES,forecast_onshore_wind_generation,Wind Onshore,2026-08-08T07:26:42Z
2026-08-08T07:21:23Z,2026-08-08T09:21:23+0200,a13a8e1c-07bb-4e38-addf-c4d0871b05cd,2026-07-31T09:45:00Z,2026-07-31T11:45:00+0200,1790.0,MW,ES,ES,forecast_onshore_wind_generation,Wind Onshore,2026-08-08T07:26:42Z
2026-08-08T07:21:23Z,2026-08-08T09:21:23+0200,a13a8e1c-07bb-4e38-addf-c4d0871b05cd,2026-07-31T10:00:00Z,2026-07-31T12:00:00+0200,1898.0,MW,ES,ES,forecast_onshore_wind_generation,Wind Onshore,2026-08-08T07:26:42Z
2026-08-08T07:21:23Z,2026-08-08T09:21:23+0200,a13a8e1c-07bb-4e38-addf-c4d0871b05cd,2026-07-31T10:15:00Z,2026-07-31T12:15:00+0200,2051.0,MW,ES,ES,forecast_onshore_wind_generation,Wind Onshore,2026-08-08T07:26:42Z
2026-08-08T07:21:23Z,2026-08-08T09:21:23+0200,a13a8e1c-07bb-4e38-addf-c4d0871b05cd,2026-07-31T10:30:00Z,2026-07-31T12:30:00+0200,2209.0,MW,ES,ES,forecast_onshore_wind_generation,Wind Onshore,2026-08-08T07:26:42Z
2026-08-08T07:21:23Z,2026-08-08T09:21:23+0200,a13a8e1c-07bb-4e38-addf-c4d0871b05cd,2026-07-31T10:45:00Z,2026-07-31T12:45:00+0200,2371.0,MW,ES,ES,forecast_onshore_wind_generation,Wind Onshore,2026-08-08T07:26:42Z
2026-08-08T07:21:23Z,2026-08-08T09:21:23+0200,a13a8e1c-07bb-4e38-addf-c4d0871b05cd,2026-07-31T11:00:00Z,2026-07-31T13:00:00+0200,2348.0,MW,ES,ES,forecast_onshore_wind_generation,Wind Onshore,2026-08-08T07:26:42Z
2026-08-08T07:21:23Z,2026-08-08T09:21:23+0200,a13a8e1c-07bb-4e38-addf-c4d0871b05cd,2026-07-31T11:15:00Z,2026-07-31T13:15:00+0200,2504.0,MW,ES,ES,forecast_onshore_wind_generation,Wind Onshore,2026-08-08T07:26:42Z
2026-08-08T07:21:23Z,2026-08-08T09:21:23+0200,a13a8e1c-07bb-4e38-addf-c4d0871b05cd,2026-07-31T11:30:00Z,2026-07-31T13:30:00+0200,2659.0,MW,ES,ES,forecast_onshore_wind_generation,Wind Onshore,2026-08-08T07:26:42Z
2026-08-08T07:21:23Z,2026-08-08T09:21:23+0200,a13a8e1c-07bb-4e38-addf-c4d0871b05cd,2026-07-31T11:45:00Z,2026-07-31T13:45:00+0200,2814.0,MW,ES,ES,forecast_onshore_wind_generation,Wind Onshore,2026-08-08T07:26:42Z
2026-08-08T07:21:23Z,2026-08-08T09:21:23+0200,a13a8e1c-07bb-4e38-addf-c4d0871b05cd,2026-07-31T12:00:00Z,2026-07-31T14:00:00+0200,2935.0,MW,ES,ES,forecast_onshore_wind_generation,Wind Onshore,2026-08-08T07:26:42Z
2026-08-08T07:21:23Z,2026-08-08T09:21:23+0200,a13a8e1c-07bb-4e38-addf-c4d0871b05cd,2026-07-31T12:15:00Z,2026-07-31T14:15:00+0200,3093.0,MW,ES,ES,forecast_onshore_wind_generation,Wind Onshore,2026-08-08T07:26:42Z
2026-08-08T07:21:23Z,2026-08-08T09:21:23+0200,a13a8e1c-07bb-4e38-addf-c4d0871b05cd,2026-07-31T12:30:00Z,2026-07-31T14:30:00+0200,3254.0,MW,ES,ES,forecast_onshore_wind_generation,Wind Onshore,2026-08-08T07:26:42Z
2026-08-08T07:21:23Z,2026-08-08T09:21:23+0200,a13a8e1c-07bb-4e38-addf-c4d0871b05cd,2026-07-31T12:45:00Z,2026-07-31T14:45:00+0200,3420.0,MW,ES,ES,forecast_onshore_wind_generation,Wind Onshore,2026-08-08T07:26:42Z
2026-08-08T07:21:23Z,2026-08-08T09:21:23+0200,a13a8e1c-07bb-4e38-addf-c4d0871b05cd,2026-07-31T13:00:00Z,2026-07-31T15:00:00+0200,3684.0,MW,ES,ES,forecast_onshore_wind_generation,Wind Onshore,2026-08-08T07:26:42Z
2026-08-08T07:21:23Z,2026-08-08T09:21:23+0200,a13a8e1c-07bb-4e38-addf-c4d0871b05cd,2026-07-31T13:15:00Z,2026-07-31T15:15:00+0200,3856.0,MW,ES,ES,forecast_onshore_wind_generation,Wind Onshore,2026-08-08T07:26:42Z
2026-08-08T07:21:23Z,2026-08-08T09:21:23+0200,a13a8e1c-07bb-4e38-addf-c4d0871b05cd,2026-07-31T13:30:00Z,2026-07-31T15:30:00+0200,4020.0,MW,ES,ES,forecast_onshore_wind_generation,Wind Onshore,2026-08-08T07:26:42Z
2026-08-08T07:21:23Z,2026-08-08T09:21:23+0200,a13a8e1c-07bb-4e38-addf-c4d0871b05cd,2026-07-31T13:45:00Z,2026-07-31T15:45:00+0200,4187.0,MW,ES,ES,forecast_onshore_wind_generation,Wind Onshore,2026-08-08T07:26:42Z
2026-08-08T07:21:23Z,2026-08-08T09:21:23+0200,a13a8e1c-07bb-4e38-addf-c4d0871b05cd,2026-07-31T14:00:00Z,2026-07-31T16:00:00+0200,4337.0,MW,ES,ES,forecast_onshore_wind_generation,Wind Onshore,2026-08-08T07:26:42Z
2026-08-08T07:21:23Z,2026-08-08T09:21:23+0200,a13a8e1c-07bb-4e38-addf-c4d0871b05cd,2026-07-31T14:15:00Z,2026-07-31T16:15:00+0200,4503.0,MW,ES,ES,forecast_onshore_wind_generation,Wind Onshore,2026-08-08T07:26:42Z
2026-08-08T07:21:23Z,2026-08-08T09:21:23+0200,a13a8e1c-07bb-4e38-addf-c4d0871b05cd,2026-07-31T14:30:00Z,2026-07-31T16:30:00+0200,4686.0,MW,ES,ES,forecast_onshore_wind_generation,Wind Onshore,2026-08-08T07:26:42Z
2026-08-08T07:21:23Z,2026-08-08T09:21:23+0200,a13a8e1c-07bb-4e38-addf-c4d0871b05cd,2026-07-31T14:45:00Z,2026-07-31T16:45:00+0200,4876.0,MW,ES,ES,forecast_onshore_wind_generation,Wind Onshore,2026-08-08T07:26:42Z
2026-08-08T07:21:23Z,2026-08-08T09:21:23+0200,a13a8e1c-07bb-4e38-addf-c4d0871b05cd,2026-07-31T15:00:00Z,2026-07-31T17:00:00+0200,5147.0,MW,ES,ES,forecast_onshore_wind_generation,Wind Onshore,2026-08-08T07:26:42Z
2026-08-08T07:21:23Z,2026-08-08T09:21:23+0200,a13a8e1c-07bb-4e38-addf-c4d0871b05cd,2026-07-31T15:15:00Z,2026-07-31T17:15:00+0200,5350.0,MW,ES,ES,forecast_onshore_wind_generation,Wind Onshore,2026-08-08T07:26:42Z
2026-08-08T07:21:23Z,2026-08-08T09:21:23+0200,a13a8e1c-07bb-4e38-addf-c4d0871b05cd,2026-07-31T15:30:00Z,2026-07-31T17:30:00+0200,5568.0,MW,ES,ES,forecast_onshore_wind_generation,Wind Onshore,2026-08-08T07:26:42Z
2026-08-08T07:21:23Z,2026-08-08T09:21:23+0200,a13a8e1c-07bb-4e38-addf-c4d0871b05cd,2026-07-31T15:45:00Z,2026-07-31T17:45:00+0200,5773.0,MW,ES,ES,forecast_onshore_wind_generation,Wind Onshore,2026-08-08T07:26:42Z
2026-08-08T07:21:23Z,2026-08-08T09:21:23+0200,a13a8e1c-07bb-4e38-addf-c4d0871b05cd,2026-07-31T16:00:00Z,2026-07-31T18:00:00+0200,6224.0,MW,ES,ES,forecast_onshore_wind_generation,Wind Onshore,2026-08-08T07:26:42Z
2026-08-08T07:21:23Z,2026-08-08T09:21:23+0200,a13a8e1c-07bb-4e38-addf-c4d0871b05cd,2026-07-31T16:15:00Z,2026-07-31T18:15:00+0200,6380.0,MW,ES,ES,forecast_onshore_wind_generation,Wind Onshore,2026-08-08T07:26:42Z
2026-08-08T07:21:23Z,2026-08-08T09:21:23+0200,a13a8e1c-07bb-4e38-addf-c4d0871b05cd,2026-07-31T16:30:00Z,2026-07-31T18:30:00+0200,6503.0,MW,ES,ES,forecast_onshore_wind_generation,Wind Onshore,2026-08-08T07:26:42Z
2026-08-08T07:21:23Z,2026-08-08T09:21:23+0200,a13a8e1c-07bb-4e38-addf-c4d0871b05cd,2026-07-31T16:45:00Z,2026-07-31T18:45:00+0200,6616.0,MW,ES,ES,forecast_onshore_wind_generation,Wind Onshore,2026-08-08T07:26:42Z
2026-08-08T07:21:23Z,2026-08-08T09:21:23+0200,a13a8e1c-07bb-4e38-addf-c4d0871b05cd,2026-07-31T17:00:00Z,2026-07-31T19:00:00+0200,7121.0,MW,ES,ES,forecast_onshore_wind_generation,Wind Onshore,2026-08-08T07:26:42Z
2026-08-08T07:21:23Z,2026-08-08T09:21:23+0200,a13a8e1c-07bb-4e38-addf-c4d0871b05cd,2026-07-31T17:15:00Z,2026-07-31T19:15:00+0200,7243.0,MW,ES,ES,forecast_onshore_wind_generation,Wind Onshore,2026-08-08T07:26:42Z
2026-08-08T07:21:23Z,2026-08-08T09:21:23+0200,a13a8e1c-07bb-4e38-addf-c4d0871b05cd,2026-07-31T17:30:00Z,2026-07-31T19:30:00+0200,7317.0,MW,ES,ES,forecast_onshore_wind_generation,Wind Onshore,2026-08-08T07:26:42Z
2026-08-08T07:21:23Z,2026-08-08T09:21:23+0200,a13a8e1c-07bb-4e38-addf-c4d0871b05cd,2026-07-31T17:45:00Z,2026-07-31T19:45:00+0200,7506.0,MW,ES,ES,forecast_onshore_wind_generation,Wind Onshore,2026-08-08T07:26:42Z
2026-08-08T07:21:23Z,2026-08-08T09:21:23+0200,a13a8e1c-07bb-4e38-addf-c4d0871b05cd,2026-07-31T18:00:00Z,2026-07-31T20:00:00+0200,7859.0,MW,ES,ES,forecast_onshore_wind_generation,Wind Onshore,2026-08-08T07:26:42Z
2026-08-08T07:21:23Z,2026-08-08T09:21:23+0200,a13a8e1c-07bb-4e38-addf-c4d0871b05cd,2026-07-31T18:15:00Z,2026-07-31T20:15:00+0200,7988.0,MW,ES,ES,forecast_onshore_wind_generation,Wind Onshore,2026-08-08T07:26:42Z
2026-08-08T07:21:23Z,2026-08-08T09:21:23+0200,a13a8e1c-07bb-4e38-addf-c4d0871b05cd,2026-07-31T18:30:00Z,2026-07-31T20:30:00+0200,8041.0,MW,ES,ES,forecast_onshore_wind_generation,Wind Onshore,2026-08-08T07:26:42Z
2026-08-08T07:21:23Z,2026-08-08T09:21:23+0200,a13a8e1c-07bb-4e38-addf-c4d0871b05cd,2026-07-31T18:45:00Z,2026-07-31T20:45:00+0200,8057.0,MW,ES,ES,forecast_onshore_wind_generation,Wind Onshore,2026-08-08T07:26:42Z
2026-08-08T07:21:23Z,2026-08-08T09:21:23+0200,a13a8e1c-07bb-4e38-addf-c4d0871b05cd,2026-07-31T19:00:00Z,2026-07-31T21:00:00+0200,8059.0,MW,ES,ES,forecast_onshore_wind_generation,Wind Onshore,2026-08-08T07:26:42Z
2026-08-08T07:21:23Z,2026-08-08T09:21:23+0200,a13a8e1c-07bb-4e38-addf-c4d0871b05cd,2026-07-31T19:15:00Z,2026-07-31T21:15:00+0200,8034.0,MW,ES,ES,forecast_onshore_wind_generation,Wind Onshore,2026-08-08T07:26:42Z
2026-08-08T07:21:23Z,2026-08-08T09:21:23+0200,a13a8e1c-07bb-4e38-addf-c4d0871b05cd,2026-07-31T19:30:00Z,2026-07-31T21:30:00+0200,8003.0,MW,ES,ES,forecast_onshore_wind_generation,Wind Onshore,2026-08-08T07:26:42Z
2026-08-08T07:21:23Z,2026-08-08T09:21:23+0200,a13a8e1c-07bb-4e38-addf-c4d0871b05cd,2026-07-31T19:45:00Z,2026-07-31T21:45:00+0200,7966.0,MW,ES,ES,forecast_onshore_wind_generation,Wind Onshore,2026-08-08T07:26:42Z
2026-08-08T07:21:23Z,2026-08-08T09:21:23+0200,a13a8e1c-07bb-4e38-addf-c4d0871b05cd,2026-07-31T20:00:00Z,2026-07-31T22:00:00+0200,7922.0,MW,ES,ES,forecast_onshore_wind_generation,Wind Onshore,2026-08-08T07:26:42Z
2026-08-08T07:21:23Z,2026-08-08T09:21:23+0200,a13a8e1c-07bb-4e38-addf-c4d0871b05cd,2026-07-31T20:15:00Z,2026-07-31T22:15:00+0200,7874.0,MW,ES,ES,forecast_onshore_wind_generation,Wind Onshore,2026-08-08T07:26:42Z
2026-08-08T07:21:23Z,2026-08-08T09:21:23+0200,a13a8e1c-07bb-4e38-addf-c4d0871b05cd,2026-07-31T20:30:00Z,2026-07-31T22:30:00+0200,7819.0,MW,ES,ES,forecast_onshore_wind_generation,Wind Onshore,2026-08-08T07:26:42Z
2026-08-08T07:21:23Z,2026-08-08T09:21:23+0200,a13a8e1c-07bb-4e38-addf-c4d0871b05cd,2026-07-31T20:45:00Z,2026-07-31T22:45:00+0200,7755.0,MW,ES,ES,forecast_onshore_wind_generation,Wind Onshore,2026-08-08T07:26:42Z
2026-08-08T07:21:23Z,2026-08-08T09:21:23+0200,a13a8e1c-07bb-4e38-addf-c4d0871b05cd,2026-07-31T21:00:00Z,2026-07-31T23:00:00+0200,7703.0,MW,ES,ES,forecast_onshore_wind_generation,Wind Onshore,2026-08-08T07:26:42Z
2026-08-08T07:21:23Z,2026-08-08T09:21:23+0200,a13a8e1c-07bb-4e38-addf-c4d0871b05cd,2026-07-31T21:15:00Z,2026-07-31T23:15:00+0200,7622.0,MW,ES,ES,forecast_onshore_wind_generation,Wind Onshore,2026-08-08T07:26:42Z
2026-08-08T07:21:23Z,2026-08-08T09:21:23+0200,a13a8e1c-07bb-4e38-addf-c4d0871b05cd,2026-07-31T21:30:00Z,2026-07-31T23:30:00+0200,7533.0,MW,ES,ES,forecast_onshore_wind_generation,Wind Onshore,2026-08-08T07:26:42Z
2026-08-08T07:21:23Z,2026-08-08T09:21:23+0200,a13a8e1c-07bb-4e38-addf-c4d0871b05cd,2026-07-31T21:45:00Z,2026-07-31T23:45:00+0200,7433.0,MW,ES,ES,forecast_onshore_wind_generation,Wind Onshore,2026-08-08T07:26:42Z
2026-08-08T07:21:23Z,2026-08-08T09:21:23+0200,a13a8e1c-07bb-4e38-addf-c4d0871b05cd,2026-07-31T22:00:00Z,2026-08-01T00:00:00+0200,7321.0,MW,ES,ES,forecast_onshore_wind_generation,Wind Onshore,2026-08-08T07:26:42Z
2026-08-08T07:21:23Z,2026-08-08T09:21:23+0200,a13a8e1c-07bb-4e38-addf-c4d0871b05cd,2026-07-31T22:15:00Z,2026-08-01T00:15:00+0200,7199.0,MW,ES,ES,forecast_onshore_wind_generation,Wind Onshore,2026-08-08T07:26:42Z
2026-08-08T07:21:23Z,2026-08-08T09:21:23+0200,a13a8e1c-07bb-4e38-addf-c4d0871b05cd,2026-07-31T22:30:00Z,2026-08-01T00:30:00+0200,7067.0,MW,ES,ES,forecast_onshore_wind_generation,Wind Onshore,2026-08-08T07:26:42Z
2026-08-08T07:21:23Z,2026-08-08T09:21:23+0200,a13a8e1c-07bb-4e38-addf-c4d0871b05cd,2026-07-31T22:45:00Z,2026-08-01T00:45:00+0200,6924.0,MW,ES,ES,forecast_onshore_wind_generation,Wind Onshore,2026-08-08T07:26:42Z
2026-08-08T07:21:23Z,2026-08-08T09:21:23+0200,a13a8e1c-07bb-4e38-addf-c4d0871b05cd,2026-07-31T23:00:00Z,2026-08-01T01:00:00+0200,6787.0,MW,ES,ES,forecast_onshore_wind_generation,Wind Onshore,2026-08-08T07:26:42Z
2026-08-08T07:21:23Z,2026-08-08T09:21:23+0200,a13a8e1c-07bb-4e38-addf-c4d0871b05cd,2026-07-31T23:15:00Z,2026-08-01T01:15:00+0200,6633.0,MW,ES,ES,forecast_onshore_wind_generation,Wind Onshore,2026-08-08T07:26:42Z
2026-08-08T07:21:23Z,2026-08-08T09:21:23+0200,a13a8e1c-07bb-4e38-addf-c4d0871b05cd,2026-07-31T23:30:00Z,2026-08-01T01:30:00+0200,6479.0,MW,ES,ES,forecast_onshore_wind_generation,Wind Onshore,2026-08-08T07:26:42Z
2026-08-08T07:21:23Z,2026-08-08T09:21:23+0200,a13a8e1c-07bb-4e38-addf-c4d0871b05cd,2026-07-31T23:45:00Z,2026-08-01T01:45:00+0200,6323.0,MW,ES,ES,forecast_onshore_wind_generation,Wind Onshore,2026-08-08T07:26:42Z
2026-08-08T07:21:23Z,2026-08-08T09:21:23+0200,a13a8e1c-07bb-4e38-addf-c4d0871b05cd,2026-08-01T00:00:00Z,2026-08-01T02:00:00+0200,6173.0,MW,ES,ES,forecast_onshore_wind_generation,Wind Onshore,2026-08-08T07:26:42Z
2026-08-08T07:21:23Z,2026-08-08T09:21:23+0200,a13a8e1c-07bb-4e38-addf-c4d0871b05cd,2026-08-01T00:15:00Z,2026-08-01T02:15:00+0200,6019.0,MW,ES,ES,forecast_onshore_wind_generation,Wind Onshore,2026-08-08T07:26:42Z
2026-08-08T07:21:23Z,2026-08-08T09:21:23+0200,a13a8e1c-07bb-4e38-addf-c4d0871b05cd,2026-08-01T00:30:00Z,2026-08-01T02:30:00+0200,5866.0,MW,ES,ES,forecast_onshore_wind_generation,Wind Onshore,2026-08-08T07:26:42Z
2026-08-08T07:21:23Z,2026-08-08T09:21:23+0200,a13a8e1c-07bb-4e38-addf-c4d0871b05cd,2026-08-01T00:45:00Z,2026-08-01T02:45:00+0200,5714.0,MW,ES,ES,forecast_onshore_wind_generation,Wind Onshore,2026-08-08T07:26:42Z
2026-08-08T07:21:23Z,2026-08-08T09:21:23+0200,a13a8e1c-07bb-4e38-addf-c4d0871b05cd,2026-08-01T01:00:00Z,2026-08-01T03:00:00+0200,5556.0,MW,ES,ES,forecast_onshore_wind_generation,Wind Onshore,2026-08-08T07:26:42Z
2026-08-08T07:21:23Z,2026-08-08T09:21:23+0200,a13a8e1c-07bb-4e38-addf-c4d0871b05cd,2026-08-01T01:15:00Z,2026-08-01T03:15:00+0200,5412.0,MW,ES,ES,forecast_onshore_wind_generation,Wind Onshore,2026-08-08T07:26:42Z
2026-08-08T07:21:23Z,2026-08-08T09:21:23+0200,a13a8e1c-07bb-4e38-addf-c4d0871b05cd,2026-08-01T01:30:00Z,2026-08-01T03:30:00+0200,5274.0,MW,ES,ES,forecast_onshore_wind_generation,Wind Onshore,2026-08-08T07:26:42Z
2026-08-08T07:21:23Z,2026-08-08T09:21:23+0200,a13a8e1c-07bb-4e38-addf-c4d0871b05cd,2026-08-01T01:45:00Z,2026-08-01T03:45:00+0200,5137.0,MW,ES,ES,forecast_onshore_wind_generation,Wind Onshore,2026-08-08T07:26:42Z
2026-08-08T07:21:23Z,2026-08-08T09:21:23+0200,a13a8e1c-07bb-4e38-addf-c4d0871b05cd,2026-08-01T02:00:00Z,2026-08-01T04:00:00+0200,5000.0,MW,ES,ES,forecast_onshore_wind_generation,Wind Onshore,2026-08-08T07:26:42Z
2026-08-08T07:21:23Z,2026-08-08T09:21:23+0200,a13a8e1c-07bb-4e38-addf-c4d0871b05cd,2026-08-01T02:15:00Z,2026-08-01T04:15:00+0200,4866.0,MW,ES,ES,forecast_onshore_wind_generation,Wind Onshore,2026-08-08T07:26:42Z
2026-08-08T07:21:23Z,2026-08-08T09:21:23+0200,a13a8e1c-07bb-4e38-addf-c4d0871b05cd,2026-08-01T02:30:00Z,2026-08-01T04:30:00+0200,4731.0,MW,ES,ES,forecast_onshore_wind_generation,Wind Onshore,2026-08-08T07:26:42Z
2026-08-08T07:21:23Z,2026-08-08T09:21:23+0200,a13a8e1c-07bb-4e38-addf-c4d0871b05cd,2026-08-01T02:45:00Z,2026-08-01T04:45:00+0200,4592.0,MW,ES,ES,forecast_onshore_wind_generation,Wind Onshore,2026-08-08T07:26:42Z
2026-08-08T07:21:23Z,2026-08-08T09:21:23+0200,a13a8e1c-07bb-4e38-addf-c4d0871b05cd,2026-08-01T03:00:00Z,2026-08-01T05:00:00+0200,4452.0,MW,ES,ES,forecast_onshore_wind_generation,Wind Onshore,2026-08-08T07:26:42Z
2026-08-08T07:21:23Z,2026-08-08T09:21:23+0200,a13a8e1c-07bb-4e38-addf-c4d0871b05cd,2026-08-01T03:15:00Z,2026-08-01T05:15:00+0200,4300.0,MW,ES,ES,forecast_onshore_wind_generation,Wind Onshore,2026-08-08T07:26:42Z
2026-08-08T07:21:23Z,2026-08-08T09:21:23+0200,a13a8e1c-07bb-4e38-addf-c4d0871b05cd,2026-08-01T03:30:00Z,2026-08-01T05:30:00+0200,4139.0,MW,ES,ES,forecast_onshore_wind_generation,Wind Onshore,2026-08-08T07:26:42Z
2026-08-08T07:21:23Z,2026-08-08T09:21:23+0200,a13a8e1c-07bb-4e38-addf-c4d0871b05cd,2026-08-01T03:45:00Z,2026-08-01T05:45:00+0200,3970.0,MW,ES,ES,forecast_onshore_wind_generation,Wind Onshore,2026-08-08T07:26:42Z
2026-08-08T07:21:23Z,2026-08-08T09:21:23+0200,a13a8e1c-07bb-4e38-addf-c4d0871b05cd,2026-08-01T04:00:00Z,2026-08-01T06:00:00+0200,3794.0,MW,ES,ES,forecast_onshore_wind_generation,Wind Onshore,2026-08-08T07:26:42Z
2026-08-08T07:21:23Z,2026-08-08T09:21:23+0200,a13a8e1c-07bb-4e38-addf-c4d0871b05cd,2026-08-01T04:15:00Z,2026-08-01T06:15:00+0200,3616.0,MW,ES,ES,forecast_onshore_wind_generation,Wind Onshore,2026-08-08T07:26:42Z
2026-08-08T07:21:23Z,2026-08-08T09:21:23+0200,a13a8e1c-07bb-4e38-addf-c4d0871b05cd,2026-08-01T04:30:00Z,2026-08-01T06:30:00+0200,3440.0,MW,ES,ES,forecast_onshore_wind_generation,Wind Onshore,2026-08-08T07:26:42Z
2026-08-08T07:21:23Z,2026-08-08T09:21:23+0200,a13a8e1c-07bb-4e38-addf-c4d0871b05cd,2026-08-01T04:45:00Z,2026-08-01T06:45:00+0200,3262.0,MW,ES,ES,forecast_onshore_wind_generation,Wind Onshore,2026-08-08T07:26:42Z
2026-08-08T07:21:23Z,2026-08-08T09:21:23+0200,a13a8e1c-07bb-4e38-addf-c4d0871b05cd,2026-08-01T05:00:00Z,2026-08-01T07:00:00+0200,3094.0,MW,ES,ES,forecast_onshore_wind_generation,Wind Onshore,2026-08-08T07:26:42Z
2026-08-08T07:21:23Z,2026-08-08T09:21:23+0200,a13a8e1c-07bb-4e38-addf-c4d0871b05cd,2026-08-01T05:15:00Z,2026-08-01T07:15:00+0200,2910.0,MW,ES,ES,forecast_onshore_wind_generation,Wind Onshore,2026-08-08T07:26:42Z
2026-08-08T07:21:23Z,2026-08-08T09:21:23+0200,a13a8e1c-07bb-4e38-addf-c4d0871b05cd,2026-08-01T05:30:00Z,2026-08-01T07:30:00+0200,2725.0,MW,ES,ES,forecast_onshore_wind_generation,Wind Onshore,2026-08-08T07:26:42Z
2026-08-08T07:21:23Z,2026-08-08T09:21:23+0200,a13a8e1c-07bb-4e38-addf-c4d0871b05cd,2026-08-01T05:45:00Z,2026-08-01T07:45:00+0200,2540.0,MW,ES,ES,forecast_onshore_wind_generation,Wind Onshore,2026-08-08T07:26:42Z
2026-08-08T07:21:23Z,2026-08-08T09:21:23+0200,a13a8e1c-07bb-4e38-addf-c4d0871b05cd,2026-08-01T06:00:00Z,2026-08-01T08:00:00+0200,2348.0,MW,ES,ES,forecast_onshore_wind_generation,Wind Onshore,2026-08-08T07:26:42Z
2026-08-08T07:21:23Z,2026-08-08T09:21:23+0200,a13a8e1c-07bb-4e38-addf-c4d0871b05cd,2026-08-01T06:15:00Z,2026-08-01T08:15:00+0200,2183.0,MW,ES,ES,forecast_onshore_wind_generation,Wind Onshore,2026-08-08T07:26:42Z
2026-08-08T07:21:23Z,2026-08-08T09:21:23+0200,a13a8e1c-07bb-4e38-addf-c4d0871b05cd,2026-08-01T06:30:00Z,2026-08-01T08:30:00+0200,2034.0,MW,ES,ES,forecast_onshore_wind_generation,Wind Onshore,2026-08-08T07:26:42Z
2026-08-08T07:21:23Z,2026-08-08T09:21:23+0200,a13a8e1c-07bb-4e38-addf-c4d0871b05cd,2026-08-01T06:45:00Z,2026-08-01T08:45:00+0200,1903.0,MW,ES,ES,forecast_onshore_wind_generation,Wind Onshore,2026-08-08T07:26:42Z
2026-08-08T07:21:23Z,2026-08-08T09:21:23+0200,a13a8e1c-07bb-4e38-addf-c4d0871b05cd,2026-08-01T07:00:00Z,2026-08-01T09:00:00+0200,1738.0,MW,ES,ES,forecast_onshore_wind_generation,Wind Onshore,2026-08-08T07:26:42Z
2026-08-08T07:21:23Z,2026-08-08T09:21:23+0200,a13a8e1c-07bb-4e38-addf-c4d0871b05cd,2026-08-01T07:15:00Z,2026-08-01T09:15:00+0200,1638.0,MW,ES,ES,forecast_onshore_wind_generation,Wind Onshore,2026-08-08T07:26:42Z
2026-08-08T07:21:23Z,2026-08-08T09:21:23+0200,a13a8e1c-07bb-4e38-addf-c4d0871b05cd,2026-08-01T07:30:00Z,2026-08-01T09:30:00+0200,1575.0,MW,ES,ES,forecast_onshore_wind_generation,Wind Onshore,2026-08-08T07:26:42Z
2026-08-08T07:21:23Z,2026-08-08T09:21:23+0200,a13a8e1c-07bb-4e38-addf-c4d0871b05cd,2026-08-01T07:45:00Z,2026-08-01T09:45:00+0200,1534.0,MW,ES,ES,forecast_onshore_wind_generation,Wind Onshore,2026-08-08T07:26:42Z
2026-08-08T07:21:23Z,2026-08-08T09:21:23+0200,a13a8e1c-07bb-4e38-addf-c4d0871b05cd,2026-08-01T08:00:00Z,2026-08-01T10:00:00+0200,1461.0,MW,ES,ES,forecast_onshore_wind_generation,Wind Onshore,2026-08-08T07:26:42Z
2026-08-08T07:21:23Z,2026-08-08T09:21:23+0200,a13a8e1c-07bb-4e38-addf-c4d0871b05cd,2026-08-01T08:15:00Z,2026-08-01T10:15:00+0200,1467.0,MW,ES,ES,forecast_onshore_wind_generation,Wind Onshore,2026-08-08T07:26:42Z
2026-08-08T07:21:23Z,2026-08-08T09:21:23+0200,a13a8e1c-07bb-4e38-addf-c4d0871b05cd,2026-08-01T08:30:00Z,2026-08-01T10:30:00+0200,1493.0,MW,ES,ES,forecast_onshore_wind_generation,Wind Onshore,2026-08-08T07:26:42Z
2026-08-08T07:21:23Z,2026-08-08T09:21:23+0200,a13a8e1c-07bb-4e38-addf-c4d0871b05cd,2026-08-01T08:45:00Z,2026-08-01T10:45:00+0200,1534.0,MW,ES,ES,forecast_onshore_wind_generation,Wind Onshore,2026-08-08T07:26:42Z
2026-08-08T07:21:23Z,2026-08-08T09:21:23+0200,a13a8e1c-07bb-4e38-addf-c4d0871b05cd,2026-08-01T09:00:00Z,2026-08-01T11:00:00+0200,1588.0,MW,ES,ES,forecast_onshore_wind_generation,Wind Onshore,2026-08-08T07:26:42Z
2026-08-08T07:21:23Z,2026-08-08T09:21:23+0200,a13a8e1c-07bb-4e38-addf-c4d0871b05cd,2026-08-01T09:15:00Z,2026-08-01T11:15:00+0200,1648.0,MW,ES,ES,forecast_onshore_wind_generation,Wind Onshore,2026-08-08T07:26:42Z
2026-08-08T07:21:23Z,2026-08-08T09:21:23+0200,a13a8e1c-07bb-4e38-addf-c4d0871b05cd,2026-08-01T09:30:00Z,2026-08-01T11:30:00+0200,1734.0,MW,ES,ES,forecast_onshore_wind_generation,Wind Onshore,2026-08-08T07:26:42Z
2026-08-08T07:21:23Z,2026-08-08T09:21:23+0200,a13a8e1c-07bb-4e38-addf-c4d0871b05cd,2026-08-01T09:45:00Z,2026-08-01T11:45:00+0200,1834.0,MW,ES,ES,forecast_onshore_wind_generation,Wind Onshore,2026-08-08T07:26:42Z
2026-08-08T07:21:23Z,2026-08-08T09:21:23+0200,a13a8e1c-07bb-4e38-addf-c4d0871b05cd,2026-08-01T10:00:00Z,2026-08-01T12:00:00+0200,1964.0,MW,ES,ES,forecast_onshore_wind_generation,Wind Onshore,2026-08-08T07:26:42Z
2026-08-08T07:21:23Z,2026-08-08T09:21:23+0200,a13a8e1c-07bb-4e38-addf-c4d0871b05cd,2026-08-01T10:15:00Z,2026-08-01T12:15:00+0200,2104.0,MW,ES,ES,forecast_onshore_wind_generation,Wind Onshore,2026-08-08T07:26:42Z
2026-08-08T07:21:23Z,2026-08-08T09:21:23+0200,a13a8e1c-07bb-4e38-addf-c4d0871b05cd,2026-08-01T10:30:00Z,2026-08-01T12:30:00+0200,2266.0,MW,ES,ES,forecast_onshore_wind_generation,Wind Onshore,2026-08-08T07:26:42Z
2026-08-08T07:21:23Z,2026-08-08T09:21:23+0200,a13a8e1c-07bb-4e38-addf-c4d0871b05cd,2026-08-01T10:45:00Z,2026-08-01T12:45:00+0200,2440.0,MW,ES,ES,forecast_onshore_wind_generation,Wind Onshore,2026-08-08T07:26:42Z
2026-08-08T07:21:23Z,2026-08-08T09:21:23+0200,a13a8e1c-07bb-4e38-addf-c4d0871b05cd,2026-08-01T11:00:00Z,2026-08-01T13:00:00+0200,2692.0,MW,ES,ES,forecast_onshore_wind_generation,Wind Onshore,2026-08-08T07:26:42Z
2026-08-08T07:21:23Z,2026-08-08T09:21:23+0200,a13a8e1c-07bb-4e38-addf-c4d0871b05cd,2026-08-01T11:15:00Z,2026-08-01T13:15:00+0200,2887.0,MW,ES,ES,forecast_onshore_wind_generation,Wind Onshore,2026-08-08T07:26:42Z
2026-08-08T07:21:23Z,2026-08-08T09:21:23+0200,a13a8e1c-07bb-4e38-addf-c4d0871b05cd,2026-08-01T11:30:00Z,2026-08-01T13:30:00+0200,3037.0,MW,ES,ES,forecast_onshore_wind_generation,Wind Onshore,2026-08-08T07:26:42Z
2026-08-08T07:21:23Z,2026-08-08T09:21:23+0200,a13a8e1c-07bb-4e38-addf-c4d0871b05cd,2026-08-01T11:45:00Z,2026-08-01T13:45:00+0200,3175.0,MW,ES,ES,forecast_onshore_wind_generation,Wind Onshore,2026-08-08T07:26:42Z
2026-08-08T07:21:23Z,2026-08-08T09:21:23+0200,a13a8e1c-07bb-4e38-addf-c4d0871b05cd,2026-08-01T12:00:00Z,2026-08-01T14:00:00+0200,3319.0,MW,ES,ES,forecast_onshore_wind_generation,Wind Onshore,2026-08-08T07:26:42Z
2026-08-08T07:21:23Z,2026-08-08T09:21:23+0200,a13a8e1c-07bb-4e38-addf-c4d0871b05cd,2026-08-01T12:15:00Z,2026-08-01T14:15:00+0200,3459.0,MW,ES,ES,forecast_onshore_wind_generation,Wind Onshore,2026-08-08T07:26:42Z
2026-08-08T07:21:23Z,2026-08-08T09:21:23+0200,a13a8e1c-07bb-4e38-addf-c4d0871b05cd,2026-08-01T12:30:00Z,2026-08-01T14:30:00+0200,3610.0,MW,ES,ES,forecast_onshore_wind_generation,Wind Onshore,2026-08-08T07:26:42Z
2026-08-08T07:21:23Z,2026-08-08T09:21:23+0200,a13a8e1c-07bb-4e38-addf-c4d0871b05cd,2026-08-01T12:45:00Z,2026-08-01T14:45:00+0200,3770.0,MW,ES,ES,forecast_onshore_wind_generation,Wind Onshore,2026-08-08T07:26:42Z
2026-08-08T07:21:23Z,2026-08-08T09:21:23+0200,a13a8e1c-07bb-4e38-addf-c4d0871b05cd,2026-08-01T13:00:00Z,2026-08-01T15:00:00+0200,3937.0,MW,ES,ES,forecast_onshore_wind_generation,Wind Onshore,2026-08-08T07:26:42Z
2026-08-08T07:21:23Z,2026-08-08T09:21:23+0200,a13a8e1c-07bb-4e38-addf-c4d0871b05cd,2026-08-01T13:15:00Z,2026-08-01T15:15:00+0200,4087.0,MW,ES,ES,forecast_onshore_wind_generation,Wind Onshore,2026-08-08T07:26:42Z
2026-08-08T07:21:23Z,2026-08-08T09:21:23+0200,a13a8e1c-07bb-4e38-addf-c4d0871b05cd,2026-08-01T13:30:00Z,2026-08-01T15:30:00+0200,4220.0,MW,ES,ES,forecast_onshore_wind_generation,Wind Onshore,2026-08-08T07:26:42Z
2026-08-08T07:21:23Z,2026-08-08T09:21:23+0200,a13a8e1c-07bb-4e38-addf-c4d0871b05cd,2026-08-01T13:45:00Z,2026-08-01T15:45:00+0200,4342.0,MW,ES,ES,forecast_onshore_wind_generation,Wind Onshore,2026-08-08T07:26:42Z
2026-08-08T07:21:23Z,2026-08-08T09:21:23+0200,a13a8e1c-07bb-4e38-addf-c4d0871b05cd,2026-08-01T14:00:00Z,2026-08-01T16:00:00+0200,4482.0,MW,ES,ES,forecast_onshore_wind_generation,Wind Onshore,2026-08-08T07:26:42Z
2026-08-08T07:21:23Z,2026-08-08T09:21:23+0200,a13a8e1c-07bb-4e38-addf-c4d0871b05cd,2026-08-01T14:15:00Z,2026-08-01T16:15:00+0200,4596.0,MW,ES,ES,forecast_onshore_wind_generation,Wind Onshore,2026-08-08T07:26:42Z
2026-08-08T07:21:23Z,2026-08-08T09:21:23+0200,a13a8e1c-07bb-4e38-addf-c4d0871b05cd,2026-08-01T14:30:00Z,2026-08-01T16:30:00+0200,4712.0,MW,ES,ES,forecast_onshore_wind_generation,Wind Onshore,2026-08-08T07:26:42Z
2026-08-08T07:21:23Z,2026-08-08T09:21:23+0200,a13a8e1c-07bb-4e38-addf-c4d0871b05cd,2026-08-01T14:45:00Z,2026-08-01T16:45:00+0200,4831.0,MW,ES,ES,forecast_onshore_wind_generation,Wind Onshore,2026-08-08T07:26:42Z
2026-08-08T07:21:23Z,2026-08-08T09:21:23+0200,a13a8e1c-07bb-4e38-addf-c4d0871b05cd,2026-08-01T15:00:00Z,2026-08-01T17:00:00+0200,4953.0,MW,ES,ES,forecast_onshore_wind_generation,Wind Onshore,2026-08-08T07:26:42Z
2026-08-08T07:21:23Z,2026-08-08T09:21:23+0200,a13a8e1c-07bb-4e38-addf-c4d0871b05cd,2026-08-01T15:15:00Z,2026-08-01T17:15:00+0200,5052.0,MW,ES,ES,forecast_onshore_wind_generation,Wind Onshore,2026-08-08T07:26:42Z
2026-08-08T07:21:23Z,2026-08-08T09:21:23+0200,a13a8e1c-07bb-4e38-addf-c4d0871b05cd,2026-08-01T15:30:00Z,2026-08-01T17:30:00+0200,5146.0,MW,ES,ES,forecast_onshore_wind_generation,Wind Onshore,2026-08-08T07:26:42Z
2026-08-08T07:21:23Z,2026-08-08T09:21:23+0200,a13a8e1c-07bb-4e38-addf-c4d0871b05cd,2026-08-01T15:45:00Z,2026-08-01T17:45:00+0200,5231.0,MW,ES,ES,forecast_onshore_wind_generation,Wind Onshore,2026-08-08T07:26:42Z
2026-08-08T07:21:23Z,2026-08-08T09:21:23+0200,a13a8e1c-07bb-4e38-addf-c4d0871b05cd,2026-08-01T16:00:00Z,2026-08-01T18:00:00+0200,5329.0,MW,ES,ES,forecast_onshore_wind_generation,Wind Onshore,2026-08-08T07:26:42Z
2026-08-08T07:21:23Z,2026-08-08T09:21:23+0200,a13a8e1c-07bb-4e38-addf-c4d0871b05cd,2026-08-01T16:15:00Z,2026-08-01T18:15:00+0200,5377.0,MW,ES,ES,forecast_onshore_wind_generation,Wind Onshore,2026-08-08T07:26:42Z
2026-08-08T07:21:23Z,2026-08-08T09:21:23+0200,a13a8e1c-07bb-4e38-addf-c4d0871b05cd,2026-08-01T16:30:00Z,2026-08-01T18:30:00+0200,5409.0,MW,ES,ES,forecast_onshore_wind_generation,Wind Onshore,2026-08-08T07:26:42Z
2026-08-08T07:21:23Z,2026-08-08T09:21:23+0200,a13a8e1c-07bb-4e38-addf-c4d0871b05cd,2026-08-01T16:45:00Z,2026-08-01T18:45:00+0200,5429.0,MW,ES,ES,forecast_onshore_wind_generation,Wind Onshore,2026-08-08T07:26:42Z
2026-08-08T07:21:23Z,2026-08-08T09:21:23+0200,a13a8e1c-07bb-4e38-addf-c4d0871b05cd,2026-08-01T17:00:00Z,2026-08-01T19:00:00+0200,5495.0,MW,ES,ES,forecast_onshore_wind_generation,Wind Onshore,2026-08-08T07:26:42Z
2026-08-08T07:21:23Z,2026-08-08T09:21:23+0200,a13a8e1c-07bb-4e38-addf-c4d0871b05cd,2026-08-01T17:15:00Z,2026-08-01T19:15:00+0200,5502.0,MW,ES,ES,forecast_onshore_wind_generation,Wind Onshore,2026-08-08T07:26:42Z
2026-08-08T07:21:23Z,2026-08-08T09:21:23+0200,a13a8e1c-07bb-4e38-addf-c4d0871b05cd,2026-08-01T17:30:00Z,2026-08-01T19:30:00+0200,5509.0,MW,ES,ES,forecast_onshore_wind_generation,Wind Onshore,2026-08-08T07:26:42Z
2026-08-08T07:21:23Z,2026-08-08T09:21:23+0200,a13a8e1c-07bb-4e38-addf-c4d0871b05cd,2026-08-01T17:45:00Z,2026-08-01T19:45:00+0200,5518.0,MW,ES,ES,forecast_onshore_wind_generation,Wind Onshore,2026-08-08T07:26:42Z
2026-08-08T07:21:23Z,2026-08-08T09:21:23+0200,a13a8e1c-07bb-4e38-addf-c4d0871b05cd,2026-08-01T18:00:00Z,2026-08-01T20:00:00+0200,5681.0,MW,ES,ES,forecast_onshore_wind_generation,Wind Onshore,2026-08-08T07:26:42Z
2026-08-08T07:21:23Z,2026-08-08T09:21:23+0200,a13a8e1c-07bb-4e38-addf-c4d0871b05cd,2026-08-01T18:15:00Z,2026-08-01T20:15:00+0200,5690.0,MW,ES,ES,forecast_onshore_wind_generation,Wind Onshore,2026-08-08T07:26:42Z
2026-08-08T07:21:23Z,2026-08-08T09:21:23+0200,a13a8e1c-07bb-4e38-addf-c4d0871b05cd,2026-08-01T18:30:00Z,2026-08-01T20:30:00+0200,5693.0,MW,ES,ES,forecast_onshore_wind_generation,Wind Onshore,2026-08-08T07:26:42Z
2026-08-08T07:21:23Z,2026-08-08T09:21:23+0200,a13a8e1c-07bb-4e38-addf-c4d0871b05cd,2026-08-01T18:45:00Z,2026-08-01T20:45:00+0200,5687.0,MW,ES,ES,forecast_onshore_wind_generation,Wind Onshore,2026-08-08T07:26:42Z
2026-08-08T07:21:23Z,2026-08-08T09:21:23+0200,a13a8e1c-07bb-4e38-addf-c4d0871b05cd,2026-08-01T19:00:00Z,2026-08-01T21:00:00+0200,5680.0,MW,ES,ES,forecast_onshore_wind_generation,Wind Onshore,2026-08-08T07:26:42Z
2026-08-08T07:21:23Z,2026-08-08T09:21:23+0200,a13a8e1c-07bb-4e38-addf-c4d0871b05cd,2026-08-01T19:15:00Z,2026-08-01T21:15:00+0200,5644.0,MW,ES,ES,forecast_onshore_wind_generation,Wind Onshore,2026-08-08T07:26:42Z
2026-08-08T07:21:23Z,2026-08-08T09:21:23+0200,a13a8e1c-07bb-4e38-addf-c4d0871b05cd,2026-08-01T19:30:00Z,2026-08-01T21:30:00+0200,5587.0,MW,ES,ES,forecast_onshore_wind_generation,Wind Onshore,2026-08-08T07:26:42Z
2026-08-08T07:21:23Z,2026-08-08T09:21:23+0200,a13a8e1c-07bb-4e38-addf-c4d0871b05cd,2026-08-01T19:45:00Z,2026-08-01T21:45:00+0200,5512.0,MW,ES,ES,forecast_onshore_wind_generation,Wind Onshore,2026-08-08T07:26:42Z
2026-08-08T07:21:23Z,2026-08-08T09:21:23+0200,a13a8e1c-07bb-4e38-addf-c4d0871b05cd,2026-08-01T20:00:00Z,2026-08-01T22:00:00+0200,5436.0,MW,ES,ES,forecast_onshore_wind_generation,Wind Onshore,2026-08-08T07:26:42Z
2026-08-08T07:21:23Z,2026-08-08T09:21:23+0200,a13a8e1c-07bb-4e38-addf-c4d0871b05cd,2026-08-01T20:15:00Z,2026-08-01T22:15:00+0200,5327.0,MW,ES,ES,forecast_onshore_wind_generation,Wind Onshore,2026-08-08T07:26:42Z
2026-08-08T07:21:23Z,2026-08-08T09:21:23+0200,a13a8e1c-07bb-4e38-addf-c4d0871b05cd,2026-08-01T20:30:00Z,2026-08-01T22:30:00+0200,5206.0,MW,ES,ES,forecast_onshore_wind_generation,Wind Onshore,2026-08-08T07:26:42Z
2026-08-08T07:21:23Z,2026-08-08T09:21:23+0200,a13a8e1c-07bb-4e38-addf-c4d0871b05cd,2026-08-01T20:45:00Z,2026-08-01T22:45:00+0200,5076.0,MW,ES,ES,forecast_onshore_wind_generation,Wind Onshore,2026-08-08T07:26:42Z
2026-08-08T07:21:23Z,2026-08-08T09:21:23+0200,a13a8e1c-07bb-4e38-addf-c4d0871b05cd,2026-08-01T21:00:00Z,2026-08-01T23:00:00+0200,4942.0,MW,ES,ES,forecast_onshore_wind_generation,Wind Onshore,2026-08-08T07:26:42Z
2026-08-08T07:21:23Z,2026-08-08T09:21:23+0200,a13a8e1c-07bb-4e38-addf-c4d0871b05cd,2026-08-01T21:15:00Z,2026-08-01T23:15:00+0200,4805.0,MW,ES,ES,forecast_onshore_wind_generation,Wind Onshore,2026-08-08T07:26:42Z
2026-08-08T07:21:23Z,2026-08-08T09:21:23+0200,a13a8e1c-07bb-4e38-addf-c4d0871b05cd,2026-08-01T21:30:00Z,2026-08-01T23:30:00+0200,4671.0,MW,ES,ES,forecast_onshore_wind_generation,Wind Onshore,2026-08-08T07:26:42Z
2026-08-08T07:21:23Z,2026-08-08T09:21:23+0200,a13a8e1c-07bb-4e38-addf-c4d0871b05cd,2026-08-01T21:45:00Z,2026-08-01T23:45:00+0200,4537.0,MW,ES,ES,forecast_onshore_wind_generation,Wind Onshore,2026-08-08T07:26:42Z
2026-08-08T07:21:23Z,2026-08-08T09:21:23+0200,a13a8e1c-07bb-4e38-addf-c4d0871b05cd,2026-08-01T22:00:00Z,2026-08-02T00:00:00+0200,4691.0,MW,ES,ES,forecast_onshore_wind_generation,Wind Onshore,2026-08-08T07:26:42Z
2026-08-08T07:21:23Z,2026-08-08T09:21:23+0200,a13a8e1c-07bb-4e38-addf-c4d0871b05cd,2026-08-01T22:15:00Z,2026-08-02T00:15:00+0200,4519.0,MW,ES,ES,forecast_onshore_wind_generation,Wind Onshore,2026-08-08T07:26:42Z
2026-08-08T07:21:23Z,2026-08-08T09:21:23+0200,a13a8e1c-07bb-4e38-addf-c4d0871b05cd,2026-08-01T22:30:00Z,2026-08-02T00:30:00+0200,4372.0,MW,ES,ES,forecast_onshore_wind_generation,Wind Onshore,2026-08-08T07:26:42Z
2026-08-08T07:21:23Z,2026-08-08T09:21:23+0200,a13a8e1c-07bb-4e38-addf-c4d0871b05cd,2026-08-01T22:45:00Z,2026-08-02T00:45:00+0200,4236.0,MW,ES,ES,forecast_onshore_wind_generation,Wind Onshore,2026-08-08T07:26:42Z
2026-08-08T07:21:23Z,2026-08-08T09:21:23+0200,a13a8e1c-07bb-4e38-addf-c4d0871b05cd,2026-08-01T23:00:00Z,2026-08-02T01:00:00+0200,4151.0,MW,ES,ES,forecast_onshore_wind_generation,Wind Onshore,2026-08-08T07:26:42Z
2026-08-08T07:21:23Z,2026-08-08T09:21:23+0200,a13a8e1c-07bb-4e38-addf-c4d0871b05cd,2026-08-01T23:15:00Z,2026-08-02T01:15:00+0200,4010.0,MW,ES,ES,forecast_onshore_wind_generation,Wind Onshore,2026-08-08T07:26:42Z
2026-08-08T07:21:23Z,2026-08-08T09:21:23+0200,a13a8e1c-07bb-4e38-addf-c4d0871b05cd,2026-08-01T23:30:00Z,2026-08-02T01:30:00+0200,3855.0,MW,ES,ES,forecast_onshore_wind_generation,Wind Onshore,2026-08-08T07:26:42Z
2026-08-08T07:21:23Z,2026-08-08T09:21:23+0200,a13a8e1c-07bb-4e38-addf-c4d0871b05cd,2026-08-01T23:45:00Z,2026-08-02T01:45:00+0200,3694.0,MW,ES,ES,forecast_onshore_wind_generation,Wind Onshore,2026-08-08T07:26:42Z
2026-08-08T07:21:23Z,2026-08-08T09:21:23+0200,a13a8e1c-07bb-4e38-addf-c4d0871b05cd,2026-08-02T00:00:00Z,2026-08-02T02:00:00+0200,3519.0,MW,ES,ES,forecast_onshore_wind_generation,Wind Onshore,2026-08-08T07:26:42Z
2026-08-08T07:21:23Z,2026-08-08T09:21:23+0200,a13a8e1c-07bb-4e38-addf-c4d0871b05cd,2026-08-02T00:15:00Z,2026-08-02T02:15:00+0200,3378.0,MW,ES,ES,forecast_onshore_wind_generation,Wind Onshore,2026-08-08T07:26:42Z
2026-08-08T07:21:23Z,2026-08-08T09:21:23+0200,a13a8e1c-07bb-4e38-addf-c4d0871b05cd,2026-08-02T00:30:00Z,2026-08-02T02:30:00+0200,3260.0,MW,ES,ES,forecast_onshore_wind_generation,Wind Onshore,2026-08-08T07:26:42Z
2026-08-08T07:21:23Z,2026-08-08T09:21:23+0200,a13a8e1c-07bb-4e38-addf-c4d0871b05cd,2026-08-02T00:45:00Z,2026-08-02T02:45:00+0200,3161.0,MW,ES,ES,forecast_onshore_wind_generation,Wind Onshore,2026-08-08T07:26:42Z
2026-08-08T07:21:23Z,2026-08-08T09:21:23+0200,a13a8e1c-07bb-4e38-addf-c4d0871b05cd,2026-08-02T01:00:00Z,2026-08-02T03:00:00+0200,3078.0,MW,ES,ES,forecast_onshore_wind_generation,Wind Onshore,2026-08-08T07:26:42Z
2026-08-08T07:21:23Z,2026-08-08T09:21:23+0200,a13a8e1c-07bb-4e38-addf-c4d0871b05cd,2026-08-02T01:15:00Z,2026-08-02T03:15:00+0200,2993.0,MW,ES,ES,forecast_onshore_wind_generation,Wind Onshore,2026-08-08T07:26:42Z
2026-08-08T07:21:23Z,2026-08-08T09:21:23+0200,a13a8e1c-07bb-4e38-addf-c4d0871b05cd,2026-08-02T01:30:00Z,2026-08-02T03:30:00+0200,2907.0,MW,ES,ES,forecast_onshore_wind_generation,Wind Onshore,2026-08-08T07:26:42Z
2026-08-08T07:21:23Z,2026-08-08T09:21:23+0200,a13a8e1c-07bb-4e38-addf-c4d0871b05cd,2026-08-02T01:45:00Z,2026-08-02T03:45:00+0200,2819.0,MW,ES,ES,forecast_onshore_wind_generation,Wind Onshore,2026-08-08T07:26:42Z
2026-08-08T07:21:23Z,2026-08-08T09:21:23+0200,a13a8e1c-07bb-4e38-addf-c4d0871b05cd,2026-08-02T02:00:00Z,2026-08-02T04:00:00+0200,2723.0,MW,ES,ES,forecast_onshore_wind_generation,Wind Onshore,2026-08-08T07:26:42Z
2026-08-08T07:21:23Z,2026-08-08T09:21:23+0200,a13a8e1c-07bb-4e38-addf-c4d0871b05cd,2026-08-02T02:15:00Z,2026-08-02T04:15:00+0200,2640.0,MW,ES,ES,forecast_onshore_wind_generation,Wind Onshore,2026-08-08T07:26:42Z
2026-08-08T07:21:23Z,2026-08-08T09:21:23+0200,a13a8e1c-07bb-4e38-addf-c4d0871b05cd,2026-08-02T02:30:00Z,2026-08-02T04:30:00+0200,2562.0,MW,ES,ES,forecast_onshore_wind_generation,Wind Onshore,2026-08-08T07:26:42Z
2026-08-08T07:21:23Z,2026-08-08T09:21:23+0200,a13a8e1c-07bb-4e38-addf-c4d0871b05cd,2026-08-02T02:45:00Z,2026-08-02T04:45:00+0200,2490.0,MW,ES,ES,forecast_onshore_wind_generation,Wind Onshore,2026-08-08T07:26:42Z
2026-08-08T07:21:23Z,2026-08-08T09:21:23+0200,a13a8e1c-07bb-4e38-addf-c4d0871b05cd,2026-08-02T03:00:00Z,2026-08-02T05:00:00+0200,2418.0,MW,ES,ES,forecast_onshore_wind_generation,Wind Onshore,2026-08-08T07:26:42Z
2026-08-08T07:21:23Z,2026-08-08T09:21:23+0200,a13a8e1c-07bb-4e38-addf-c4d0871b05cd,2026-08-02T03:15:00Z,2026-08-02T05:15:00+0200,2355.0,MW,ES,ES,forecast_onshore_wind_generation,Wind Onshore,2026-08-08T07:26:42Z
2026-08-08T07:21:23Z,2026-08-08T09:21:23+0200,a13a8e1c-07bb-4e38-addf-c4d0871b05cd,2026-08-02T03:30:00Z,2026-08-02T05:30:00+0200,2296.0,MW,ES,ES,forecast_onshore_wind_generation,Wind Onshore,2026-08-08T07:26:42Z
2026-08-08T07:21:23Z,2026-08-08T09:21:23+0200,a13a8e1c-07bb-4e38-addf-c4d0871b05cd,2026-08-02T03:45:00Z,2026-08-02T05:45:00+0200,2239.0,MW,ES,ES,forecast_onshore_wind_generation,Wind Onshore,2026-08-08T07:26:42Z
2026-08-08T07:21:23Z,2026-08-08T09:21:23+0200,a13a8e1c-07bb-4e38-addf-c4d0871b05cd,2026-08-02T04:00:00Z,2026-08-02T06:00:00+0200,2187.0,MW,ES,ES,forecast_onshore_wind_generation,Wind Onshore,2026-08-08T07:26:42Z
2026-08-08T07:21:23Z,2026-08-08T09:21:23+0200,a13a8e1c-07bb-4e38-addf-c4d0871b05cd,2026-08-02T04:15:00Z,2026-08-02T06:15:00+0200,2127.0,MW,ES,ES,forecast_onshore_wind_generation,Wind Onshore,2026-08-08T07:26:42Z
2026-08-08T07:21:23Z,2026-08-08T09:21:23+0200,a13a8e1c-07bb-4e38-addf-c4d0871b05cd,2026-08-02T04:30:00Z,2026-08-02T06:30:00+0200,2065.0,MW,ES,ES,forecast_onshore_wind_generation,Wind Onshore,2026-08-08T07:26:42Z
2026-08-08T07:21:23Z,2026-08-08T09:21:23+0200,a13a8e1c-07bb-4e38-addf-c4d0871b05cd,2026-08-02T04:45:00Z,2026-08-02T06:45:00+0200,1998.0,MW,ES,ES,forecast_onshore_wind_generation,Wind Onshore,2026-08-08T07:26:42Z
2026-08-08T07:21:23Z,2026-08-08T09:21:23+0200,a13a8e1c-07bb-4e38-addf-c4d0871b05cd,2026-08-02T05:00:00Z,2026-08-02T07:00:00+0200,1940.0,MW,ES,ES,forecast_onshore_wind_generation,Wind Onshore,2026-08-08T07:26:42Z
2026-08-08T07:21:23Z,2026-08-08T09:21:23+0200,a13a8e1c-07bb-4e38-addf-c4d0871b05cd,2026-08-02T05:15:00Z,2026-08-02T07:15:00+0200,1863.0,MW,ES,ES,forecast_onshore_wind_generation,Wind Onshore,2026-08-08T07:26:42Z
2026-08-08T07:21:23Z,2026-08-08T09:21:23+0200,a13a8e1c-07bb-4e38-addf-c4d0871b05cd,2026-08-02T05:30:00Z,2026-08-02T07:30:00+0200,1782.0,MW,ES,ES,forecast_onshore_wind_generation,Wind Onshore,2026-08-08T07:26:42Z
2026-08-08T07:21:23Z,2026-08-08T09:21:23+0200,a13a8e1c-07bb-4e38-addf-c4d0871b05cd,2026-08-02T05:45:00Z,2026-08-02T07:45:00+0200,1703.0,MW,ES,ES,forecast_onshore_wind_generation,Wind Onshore,2026-08-08T07:26:42Z
2026-08-08T07:21:23Z,2026-08-08T09:21:23+0200,a13a8e1c-07bb-4e38-addf-c4d0871b05cd,2026-08-02T06:00:00Z,2026-08-02T08:00:00+0200,1542.0,MW,ES,ES,forecast_onshore_wind_generation,Wind Onshore,2026-08-08T07:26:42Z
2026-08-08T07:21:23Z,2026-08-08T09:21:23+0200,a13a8e1c-07bb-4e38-addf-c4d0871b05cd,2026-08-02T06:15:00Z,2026-08-02T08:15:00+0200,1483.0,MW,ES,ES,forecast_onshore_wind_generation,Wind Onshore,2026-08-08T07:26:42Z
2026-08-08T07:21:23Z,2026-08-08T09:21:23+0200,a13a8e1c-07bb-4e38-addf-c4d0871b05cd,2026-08-02T06:30:00Z,2026-08-02T08:30:00+0200,1438.0,MW,ES,ES,forecast_onshore_wind_generation,Wind Onshore,2026-08-08T07:26:42Z
2026-08-08T07:21:23Z,2026-08-08T09:21:23+0200,a13a8e1c-07bb-4e38-addf-c4d0871b05cd,2026-08-02T06:45:00Z,2026-08-02T08:45:00+0200,1412.0,MW,ES,ES,forecast_onshore_wind_generation,Wind Onshore,2026-08-08T07:26:42Z
2026-08-08T07:21:23Z,2026-08-08T09:21:23+0200,a13a8e1c-07bb-4e38-addf-c4d0871b05cd,2026-08-02T07:00:00Z,2026-08-02T09:00:00+0200,1369.0,MW,ES,ES,forecast_onshore_wind_generation,Wind Onshore,2026-08-08T07:26:42Z
2026-08-08T07:21:23Z,2026-08-08T09:21:23+0200,a13a8e1c-07bb-4e38-addf-c4d0871b05cd,2026-08-02T07:15:00Z,2026-08-02T09:15:00+0200,1352.0,MW,ES,ES,forecast_onshore_wind_generation,Wind Onshore,2026-08-08T07:26:42Z
2026-08-08T07:21:23Z,2026-08-08T09:21:23+0200,a13a8e1c-07bb-4e38-addf-c4d0871b05cd,2026-08-02T07:30:00Z,2026-08-02T09:30:00+0200,1384.0,MW,ES,ES,forecast_onshore_wind_generation,Wind Onshore,2026-08-08T07:26:42Z
2026-08-08T07:21:23Z,2026-08-08T09:21:23+0200,a13a8e1c-07bb-4e38-addf-c4d0871b05cd,2026-08-02T07:45:00Z,2026-08-02T09:45:00+0200,1437.0,MW,ES,ES,forecast_onshore_wind_generation,Wind Onshore,2026-08-08T07:26:42Z
2026-08-08T07:21:23Z,2026-08-08T09:21:23+0200,a13a8e1c-07bb-4e38-addf-c4d0871b05cd,2026-08-02T08:00:00Z,2026-08-02T10:00:00+0200,1467.0,MW,ES,ES,forecast_onshore_wind_generation,Wind Onshore,2026-08-08T07:26:42Z
2026-08-08T07:21:23Z,2026-08-08T09:21:23+0200,a13a8e1c-07bb-4e38-addf-c4d0871b05cd,2026-08-02T08:15:00Z,2026-08-02T10:15:00+0200,1544.0,MW,ES,ES,forecast_onshore_wind_generation,Wind Onshore,2026-08-08T07:26:42Z
2026-08-08T07:21:23Z,2026-08-08T09:21:23+0200,a13a8e1c-07bb-4e38-addf-c4d0871b05cd,2026-08-02T08:30:00Z,2026-08-02T10:30:00+0200,1625.0,MW,ES,ES,forecast_onshore_wind_generation,Wind Onshore,2026-08-08T07:26:42Z
2026-08-08T07:21:23Z,2026-08-08T09:21:23+0200,a13a8e1c-07bb-4e38-addf-c4d0871b05cd,2026-08-02T08:45:00Z,2026-08-02T10:45:00+0200,1720.0,MW,ES,ES,forecast_onshore_wind_generation,Wind Onshore,2026-08-08T07:26:42Z
2026-08-08T07:21:23Z,2026-08-08T09:21:23+0200,a13a8e1c-07bb-4e38-addf-c4d0871b05cd,2026-08-02T09:00:00Z,2026-08-02T11:00:00+0200,1843.0,MW,ES,ES,forecast_onshore_wind_generation,Wind Onshore,2026-08-08T07:26:42Z
2026-08-08T07:21:23Z,2026-08-08T09:21:23+0200,a13a8e1c-07bb-4e38-addf-c4d0871b05cd,2026-08-02T09:15:00Z,2026-08-02T11:15:00+0200,2037.0,MW,ES,ES,forecast_onshore_wind_generation,Wind Onshore,2026-08-08T07:26:42Z
2026-08-08T07:21:23Z,2026-08-08T09:21:23+0200,a13a8e1c-07bb-4e38-addf-c4d0871b05cd,2026-08-02T09:30:00Z,2026-08-02T11:30:00+0200,2152.0,MW,ES,ES,forecast_onshore_wind_generation,Wind Onshore,2026-08-08T07:26:42Z
2026-08-08T07:21:23Z,2026-08-08T09:21:23+0200,a13a8e1c-07bb-4e38-addf-c4d0871b05cd,2026-08-02T09:45:00Z,2026-08-02T11:45:00+0200,2266.0,MW,ES,ES,forecast_onshore_wind_generation,Wind Onshore,2026-08-08T07:26:42Z
2026-08-08T07:21:23Z,2026-08-08T09:21:23+0200,a13a8e1c-07bb-4e38-addf-c4d0871b05cd,2026-08-02T10:00:00Z,2026-08-02T12:00:00+0200,2409.0,MW,ES,ES,forecast_onshore_wind_generation,Wind Onshore,2026-08-08T07:26:42Z
2026-08-08T07:21:23Z,2026-08-08T09:21:23+0200,a13a8e1c-07bb-4e38-addf-c4d0871b05cd,2026-08-02T10:15:00Z,2026-08-02T12:15:00+0200,2524.0,MW,ES,ES,forecast_onshore_wind_generation,Wind Onshore,2026-08-08T07:26:42Z
2026-08-08T07:21:23Z,2026-08-08T09:21:23+0200,a13a8e1c-07bb-4e38-addf-c4d0871b05cd,2026-08-02T10:30:00Z,2026-08-02T12:30:00+0200,2636.0,MW,ES,ES,forecast_onshore_wind_generation,Wind Onshore,2026-08-08T07:26:42Z
2026-08-08T07:21:23Z,2026-08-08T09:21:23+0200,a13a8e1c-07bb-4e38-addf-c4d0871b05cd,2026-08-02T10:45:00Z,2026-08-02T12:45:00+0200,2742.0,MW,ES,ES,forecast_onshore_wind_generation,Wind Onshore,2026-08-08T07:26:42Z
2026-08-08T07:21:23Z,2026-08-08T09:21:23+0200,a13a8e1c-07bb-4e38-addf-c4d0871b05cd,2026-08-02T11:00:00Z,2026-08-02T13:00:00+0200,2876.0,MW,ES,ES,forecast_onshore_wind_generation,Wind Onshore,2026-08-08T07:26:42Z
2026-08-08T07:21:23Z,2026-08-08T09:21:23+0200,a13a8e1c-07bb-4e38-addf-c4d0871b05cd,2026-08-02T11:15:00Z,2026-08-02T13:15:00+0200,2970.0,MW,ES,ES,forecast_onshore_wind_generation,Wind Onshore,2026-08-08T07:26:42Z
2026-08-08T07:21:23Z,2026-08-08T09:21:23+0200,a13a8e1c-07bb-4e38-addf-c4d0871b05cd,2026-08-02T11:30:00Z,2026-08-02T13:30:00+0200,3061.0,MW,ES,ES,forecast_onshore_wind_generation,Wind Onshore,2026-08-08T07:26:42Z
2026-08-08T07:21:23Z,2026-08-08T09:21:23+0200,a13a8e1c-07bb-4e38-addf-c4d0871b05cd,2026-08-02T11:45:00Z,2026-08-02T13:45:00+0200,3143.0,MW,ES,ES,forecast_onshore_wind_generation,Wind Onshore,2026-08-08T07:26:42Z
2026-08-08T07:21:23Z,2026-08-08T09:21:23+0200,a13a8e1c-07bb-4e38-addf-c4d0871b05cd,2026-08-02T12:00:00Z,2026-08-02T14:00:00+0200,3223.0,MW,ES,ES,forecast_onshore_wind_generation,Wind Onshore,2026-08-08T07:26:42Z
2026-08-08T07:21:23Z,2026-08-08T09:21:23+0200,a13a8e1c-07bb-4e38-addf-c4d0871b05cd,2026-08-02T12:15:00Z,2026-08-02T14:15:00+0200,3297.0,MW,ES,ES,forecast_onshore_wind_generation,Wind Onshore,2026-08-08T07:26:42Z
2026-08-08T07:21:23Z,2026-08-08T09:21:23+0200,a13a8e1c-07bb-4e38-addf-c4d0871b05cd,2026-08-02T12:30:00Z,2026-08-02T14:30:00+0200,3366.0,MW,ES,ES,forecast_onshore_wind_generation,Wind Onshore,2026-08-08T07:26:42Z
2026-08-08T07:21:23Z,2026-08-08T09:21:23+0200,a13a8e1c-07bb-4e38-addf-c4d0871b05cd,2026-08-02T12:45:00Z,2026-08-02T14:45:00+0200,3433.0,MW,ES,ES,forecast_onshore_wind_generation,Wind Onshore,2026-08-08T07:26:42Z
2026-08-08T07:21:23Z,2026-08-08T09:21:23+0200,a13a8e1c-07bb-4e38-addf-c4d0871b05cd,2026-08-02T13:00:00Z,2026-08-02T15:00:00+0200,3504.0,MW,ES,ES,forecast_onshore_wind_generation,Wind Onshore,2026-08-08T07:26:42Z
2026-08-08T07:21:23Z,2026-08-08T09:21:23+0200,a13a8e1c-07bb-4e38-addf-c4d0871b05cd,2026-08-02T13:15:00Z,2026-08-02T15:15:00+0200,3572.0,MW,ES,ES,forecast_onshore_wind_generation,Wind Onshore,2026-08-08T07:26:42Z
2026-08-08T07:21:23Z,2026-08-08T09:21:23+0200,a13a8e1c-07bb-4e38-addf-c4d0871b05cd,2026-08-02T13:30:00Z,2026-08-02T15:30:00+0200,3639.0,MW,ES,ES,forecast_onshore_wind_generation,Wind Onshore,2026-08-08T07:26:42Z
2026-08-08T07:21:23Z,2026-08-08T09:21:23+0200,a13a8e1c-07bb-4e38-addf-c4d0871b05cd,2026-08-02T13:45:00Z,2026-08-02T15:45:00+0200,3710.0,MW,ES,ES,forecast_onshore_wind_generation,Wind Onshore,2026-08-08T07:26:42Z
2026-08-08T07:21:23Z,2026-08-08T09:21:23+0200,a13a8e1c-07bb-4e38-addf-c4d0871b05cd,2026-08-02T14:00:00Z,2026-08-02T16:00:00+0200,3566.0,MW,ES,ES,forecast_onshore_wind_generation,Wind Onshore,2026-08-08T07:26:42Z
2026-08-08T07:21:23Z,2026-08-08T09:21:23+0200,a13a8e1c-07bb-4e38-addf-c4d0871b05cd,2026-08-02T14:15:00Z,2026-08-02T16:15:00+0200,3648.0,MW,ES,ES,forecast_onshore_wind_generation,Wind Onshore,2026-08-08T07:26:42Z
2026-08-08T07:21:23Z,2026-08-08T09:21:23+0200,a13a8e1c-07bb-4e38-addf-c4d0871b05cd,2026-08-02T14:30:00Z,2026-08-02T16:30:00+0200,3717.0,MW,ES,ES,forecast_onshore_wind_generation,Wind Onshore,2026-08-08T07:26:42Z
2026-08-08T07:21:23Z,2026-08-08T09:21:23+0200,a13a8e1c-07bb-4e38-addf-c4d0871b05cd,2026-08-02T14:45:00Z,2026-08-02T16:45:00+0200,3819.0,MW,ES,ES,forecast_onshore_wind_generation,Wind Onshore,2026-08-08T07:26:42Z
2026-08-08T07:21:23Z,2026-08-08T09:21:23+0200,a13a8e1c-07bb-4e38-addf-c4d0871b05cd,2026-08-02T15:00:00Z,2026-08-02T17:00:00+0200,3881.0,MW,ES,ES,forecast_onshore_wind_generation,Wind Onshore,2026-08-08T07:26:42Z
2026-08-08T07:21:23Z,2026-08-08T09:21:23+0200,a13a8e1c-07bb-4e38-addf-c4d0871b05cd,2026-08-02T15:15:00Z,2026-08-02T17:15:00+0200,3997.0,MW,ES,ES,forecast_onshore_wind_generation,Wind Onshore,2026-08-08T07:26:42Z
2026-08-08T07:21:23Z,2026-08-08T09:21:23+0200,a13a8e1c-07bb-4e38-addf-c4d0871b05cd,2026-08-02T15:30:00Z,2026-08-02T17:30:00+0200,4131.0,MW,ES,ES,forecast_onshore_wind_generation,Wind Onshore,2026-08-08T07:26:42Z
2026-08-08T07:21:23Z,2026-08-08T09:21:23+0200,a13a8e1c-07bb-4e38-addf-c4d0871b05cd,2026-08-02T15:45:00Z,2026-08-02T17:45:00+0200,4313.0,MW,ES,ES,forecast_onshore_wind_generation,Wind Onshore,2026-08-08T07:26:42Z
2026-08-08T07:21:23Z,2026-08-08T09:21:23+0200,a13a8e1c-07bb-4e38-addf-c4d0871b05cd,2026-08-02T16:00:00Z,2026-08-02T18:00:00+0200,4463.0,MW,ES,ES,forecast_onshore_wind_generation,Wind Onshore,2026-08-08T07:26:42Z
2026-08-08T07:21:23Z,2026-08-08T09:21:23+0200,a13a8e1c-07bb-4e38-addf-c4d0871b05cd,2026-08-02T16:15:00Z,2026-08-02T18:15:00+0200,4616.0,MW,ES,ES,forecast_onshore_wind_generation,Wind Onshore,2026-08-08T07:26:42Z
2026-08-08T07:21:23Z,2026-08-08T09:21:23+0200,a13a8e1c-07bb-4e38-addf-c4d0871b05cd,2026-08-02T16:30:00Z,2026-08-02T18:30:00+0200,4770.0,MW,ES,ES,forecast_onshore_wind_generation,Wind Onshore,2026-08-08T07:26:42Z
2026-08-08T07:21:23Z,2026-08-08T09:21:23+0200,a13a8e1c-07bb-4e38-addf-c4d0871b05cd,2026-08-02T16:45:00Z,2026-08-02T18:45:00+0200,4919.0,MW,ES,ES,forecast_onshore_wind_generation,Wind Onshore,2026-08-08T07:26:42Z
2026-08-08T07:21:23Z,2026-08-08T09:21:23+0200,a13a8e1c-07bb-4e38-addf-c4d0871b05cd,2026-08-02T17:00:00Z,2026-08-02T19:00:00+0200,5116.0,MW,ES,ES,forecast_onshore_wind_generation,Wind Onshore,2026-08-08T07:26:42Z
2026-08-08T07:21:23Z,2026-08-08T09:21:23+0200,a13a8e1c-07bb-4e38-addf-c4d0871b05cd,2026-08-02T17:15:00Z,2026-08-02T19:15:00+0200,5265.0,MW,ES,ES,forecast_onshore_wind_generation,Wind Onshore,2026-08-08T07:26:42Z
2026-08-08T07:21:23Z,2026-08-08T09:21:23+0200,a13a8e1c-07bb-4e38-addf-c4d0871b05cd,2026-08-02T17:30:00Z,2026-08-02T19:30:00+0200,5395.0,MW,ES,ES,forecast_onshore_wind_generation,Wind Onshore,2026-08-08T07:26:42Z
2026-08-08T07:21:23Z,2026-08-08T09:21:23+0200,a13a8e1c-07bb-4e38-addf-c4d0871b05cd,2026-08-02T17:45:00Z,2026-08-02T19:45:00+0200,5493.0,MW,ES,ES,forecast_onshore_wind_generation,Wind Onshore,2026-08-08T07:26:42Z
2026-08-08T07:21:23Z,2026-08-08T09:21:23+0200,a13a8e1c-07bb-4e38-addf-c4d0871b05cd,2026-08-02T18:00:00Z,2026-08-02T20:00:00+0200,5957.0,MW,ES,ES,forecast_onshore_wind_generation,Wind Onshore,2026-08-08T07:26:42Z
2026-08-08T07:21:23Z,2026-08-08T09:21:23+0200,a13a8e1c-07bb-4e38-addf-c4d0871b05cd,2026-08-02T18:15:00Z,2026-08-02T20:15:00+0200,6010.0,MW,ES,ES,forecast_onshore_wind_generation,Wind Onshore,2026-08-08T07:26:42Z
2026-08-08T07:21:23Z,2026-08-08T09:21:23+0200,a13a8e1c-07bb-4e38-addf-c4d0871b05cd,2026-08-02T18:30:00Z,2026-08-02T20:30:00+0200,6002.0,MW,ES,ES,forecast_onshore_wind_generation,Wind Onshore,2026-08-08T07:26:42Z
2026-08-08T07:21:23Z,2026-08-08T09:21:23+0200,a13a8e1c-07bb-4e38-addf-c4d0871b05cd,2026-08-02T18:45:00Z,2026-08-02T20:45:00+0200,5987.0,MW,ES,ES,forecast_onshore_wind_generation,Wind Onshore,2026-08-08T07:26:42Z
2026-08-08T07:21:23Z,2026-08-08T09:21:23+0200,a13a8e1c-07bb-4e38-addf-c4d0871b05cd,2026-08-02T19:00:00Z,2026-08-02T21:00:00+0200,5987.0,MW,ES,ES,forecast_onshore_wind_generation,Wind Onshore,2026-08-08T07:26:42Z
2026-08-08T07:21:23Z,2026-08-08T09:21:23+0200,a13a8e1c-07bb-4e38-addf-c4d0871b05cd,2026-08-02T19:15:00Z,2026-08-02T21:15:00+0200,5919.0,MW,ES,ES,forecast_onshore_wind_generation,Wind Onshore,2026-08-08T07:26:42Z
2026-08-08T07:21:23Z,2026-08-08T09:21:23+0200,a13a8e1c-07bb-4e38-addf-c4d0871b05cd,2026-08-02T19:30:00Z,2026-08-02T21:30:00+0200,5831.0,MW,ES,ES,forecast_onshore_wind_generation,Wind Onshore,2026-08-08T07:26:42Z
2026-08-08T07:21:23Z,2026-08-08T09:21:23+0200,a13a8e1c-07bb-4e38-addf-c4d0871b05cd,2026-08-02T19:45:00Z,2026-08-02T21:45:00+0200,5727.0,MW,ES,ES,forecast_onshore_wind_generation,Wind Onshore,2026-08-08T07:26:42Z
2026-08-08T07:21:23Z,2026-08-08T09:21:23+0200,a13a8e1c-07bb-4e38-addf-c4d0871b05cd,2026-08-02T20:00:00Z,2026-08-02T22:00:00+0200,5620.0,MW,ES,ES,forecast_onshore_wind_generation,Wind Onshore,2026-08-08T07:26:42Z
2026-08-08T07:21:23Z,2026-08-08T09:21:23+0200,a13a8e1c-07bb-4e38-addf-c4d0871b05cd,2026-08-02T20:15:00Z,2026-08-02T22:15:00+0200,5503.0,MW,ES,ES,forecast_onshore_wind_generation,Wind Onshore,2026-08-08T07:26:42Z
2026-08-08T07:21:23Z,2026-08-08T09:21:23+0200,a13a8e1c-07bb-4e38-addf-c4d0871b05cd,2026-08-02T20:30:00Z,2026-08-02T22:30:00+0200,5389.0,MW,ES,ES,forecast_onshore_wind_generation,Wind Onshore,2026-08-08T07:26:42Z
2026-08-08T07:21:23Z,2026-08-08T09:21:23+0200,a13a8e1c-07bb-4e38-addf-c4d0871b05cd,2026-08-02T20:45:00Z,2026-08-02T22:45:00+0200,5277.0,MW,ES,ES,forecast_onshore_wind_generation,Wind Onshore,2026-08-08T07:26:42Z
2026-08-08T07:21:23Z,2026-08-08T09:21:23+0200,a13a8e1c-07bb-4e38-addf-c4d0871b05cd,2026-08-02T21:00:00Z,2026-08-02T23:00:00+0200,5166.0,MW,ES,ES,forecast_onshore_wind_generation,Wind Onshore,2026-08-08T07:26:42Z
2026-08-08T07:21:23Z,2026-08-08T09:21:23+0200,a13a8e1c-07bb-4e38-addf-c4d0871b05cd,2026-08-02T21:15:00Z,2026-08-02T23:15:00+0200,5056.0,MW,ES,ES,forecast_onshore_wind_generation,Wind Onshore,2026-08-08T07:26:42Z
2026-08-08T07:21:23Z,2026-08-08T09:21:23+0200,a13a8e1c-07bb-4e38-addf-c4d0871b05cd,2026-08-02T21:30:00Z,2026-08-02T23:30:00+0200,4946.0,MW,ES,ES,forecast_onshore_wind_generation,Wind Onshore,2026-08-08T07:26:42Z
2026-08-08T07:21:23Z,2026-08-08T09:21:23+0200,a13a8e1c-07bb-4e38-addf-c4d0871b05cd,2026-08-02T21:45:00Z,2026-08-02T23:45:00+0200,4838.0,MW,ES,ES,forecast_onshore_wind_generation,Wind Onshore,2026-08-08T07:26:42Z
2026-08-08T07:21:23Z,2026-08-08T09:21:23+0200,a13a8e1c-07bb-4e38-addf-c4d0871b05cd,2026-08-02T22:00:00Z,2026-08-03T00:00:00+0200,4699.0,MW,ES,ES,forecast_onshore_wind_generation,Wind Onshore,2026-08-08T07:26:42Z
2026-08-08T07:21:23Z,2026-08-08T09:21:23+0200,a13a8e1c-07bb-4e38-addf-c4d0871b05cd,2026-08-02T22:15:00Z,2026-08-03T00:15:00+0200,4601.0,MW,ES,ES,forecast_onshore_wind_generation,Wind Onshore,2026-08-08T07:26:42Z
2026-08-08T07:21:23Z,2026-08-08T09:21:23+0200,a13a8e1c-07bb-4e38-addf-c4d0871b05cd,2026-08-02T22:30:00Z,2026-08-03T00:30:00+0200,4495.0,MW,ES,ES,forecast_onshore_wind_generation,Wind Onshore,2026-08-08T07:26:42Z
2026-08-08T07:21:23Z,2026-08-08T09:21:23+0200,a13a8e1c-07bb-4e38-addf-c4d0871b05cd,2026-08-02T22:45:00Z,2026-08-03T00:45:00+0200,4391.0,MW,ES,ES,forecast_onshore_wind_generation,Wind Onshore,2026-08-08T07:26:42Z
2026-08-08T07:21:23Z,2026-08-08T09:21:23+0200,a13a8e1c-07bb-4e38-addf-c4d0871b05cd,2026-08-02T23:00:00Z,2026-08-03T01:00:00+0200,4280.0,MW,ES,ES,forecast_onshore_wind_generation,Wind Onshore,2026-08-08T07:26:42Z
2026-08-08T07:21:23Z,2026-08-08T09:21:23+0200,a13a8e1c-07bb-4e38-addf-c4d0871b05cd,2026-08-02T23:15:00Z,2026-08-03T01:15:00+0200,4188.0,MW,ES,ES,forecast_onshore_wind_generation,Wind Onshore,2026-08-08T07:26:42Z
2026-08-08T07:21:23Z,2026-08-08T09:21:23+0200,a13a8e1c-07bb-4e38-addf-c4d0871b05cd,2026-08-02T23:30:00Z,2026-08-03T01:30:00+0200,4106.0,MW,ES,ES,forecast_onshore_wind_generation,Wind Onshore,2026-08-08T07:26:42Z
2026-08-08T07:21:23Z,2026-08-08T09:21:23+0200,a13a8e1c-07bb-4e38-addf-c4d0871b05cd,2026-08-02T23:45:00Z,2026-08-03T01:45:00+0200,4036.0,MW,ES,ES,forecast_onshore_wind_generation,Wind Onshore,2026-08-08T07:26:42Z
2026-08-08T07:21:23Z,2026-08-08T09:21:23+0200,a13a8e1c-07bb-4e38-addf-c4d0871b05cd,2026-08-03T00:00:00Z,2026-08-03T02:00:00+0200,3972.0,MW,ES,ES,forecast_onshore_wind_generation,Wind Onshore,2026-08-08T07:26:42Z
2026-08-08T07:21:23Z,2026-08-08T09:21:23+0200,a13a8e1c-07bb-4e38-addf-c4d0871b05cd,2026-08-03T00:15:00Z,2026-08-03T02:15:00+0200,3908.0,MW,ES,ES,forecast_onshore_wind_generation,Wind Onshore,2026-08-08T07:26:42Z
2026-08-08T07:21:23Z,2026-08-08T09:21:23+0200,a13a8e1c-07bb-4e38-addf-c4d0871b05cd,2026-08-03T00:30:00Z,2026-08-03T02:30:00+0200,3842.0,MW,ES,ES,forecast_onshore_wind_generation,Wind Onshore,2026-08-08T07:26:42Z
2026-08-08T07:21:23Z,2026-08-08T09:21:23+0200,a13a8e1c-07bb-4e38-addf-c4d0871b05cd,2026-08-03T00:45:00Z,2026-08-03T02:45:00+0200,3772.0,MW,ES,ES,forecast_onshore_wind_generation,Wind Onshore,2026-08-08T07:26:42Z
2026-08-08T07:21:23Z,2026-08-08T09:21:23+0200,a13a8e1c-07bb-4e38-addf-c4d0871b05cd,2026-08-03T01:00:00Z,2026-08-03T03:00:00+0200,3702.0,MW,ES,ES,forecast_onshore_wind_generation,Wind Onshore,2026-08-08T07:26:42Z
2026-08-08T07:21:23Z,2026-08-08T09:21:23+0200,a13a8e1c-07bb-4e38-addf-c4d0871b05cd,2026-08-03T01:15:00Z,2026-08-03T03:15:00+0200,3624.0,MW,ES,ES,forecast_onshore_wind_generation,Wind Onshore,2026-08-08T07:26:42Z
2026-08-08T07:21:23Z,2026-08-08T09:21:23+0200,a13a8e1c-07bb-4e38-addf-c4d0871b05cd,2026-08-03T01:30:00Z,2026-08-03T03:30:00+0200,3542.0,MW,ES,ES,forecast_onshore_wind_generation,Wind Onshore,2026-08-08T07:26:42Z
2026-08-08T07:21:23Z,2026-08-08T09:21:23+0200,a13a8e1c-07bb-4e38-addf-c4d0871b05cd,2026-08-03T01:45:00Z,2026-08-03T03:45:00+0200,3466.0,MW,ES,ES,forecast_onshore_wind_generation,Wind Onshore,2026-08-08T07:26:42Z
2026-08-08T07:21:23Z,2026-08-08T09:21:23+0200,a13a8e1c-07bb-4e38-addf-c4d0871b05cd,2026-08-03T02:00:00Z,2026-08-03T04:00:00+0200,3345.0,MW,ES,ES,forecast_onshore_wind_generation,Wind Onshore,2026-08-08T07:26:42Z
2026-08-08T07:21:23Z,2026-08-08T09:21:23+0200,a13a8e1c-07bb-4e38-addf-c4d0871b05cd,2026-08-03T02:15:00Z,2026-08-03T04:15:00+0200,3301.0,MW,ES,ES,forecast_onshore_wind_generation,Wind Onshore,2026-08-08T07:26:42Z
2026-08-08T07:21:23Z,2026-08-08T09:21:23+0200,a13a8e1c-07bb-4e38-addf-c4d0871b05cd,2026-08-03T02:30:00Z,2026-08-03T04:30:00+0200,3282.0,MW,ES,ES,forecast_onshore_wind_generation,Wind Onshore,2026-08-08T07:26:42Z
2026-08-08T07:21:23Z,2026-08-08T09:21:23+0200,a13a8e1c-07bb-4e38-addf-c4d0871b05cd,2026-08-03T02:45:00Z,2026-08-03T04:45:00+0200,3282.0,MW,ES,ES,forecast_onshore_wind_generation,Wind Onshore,2026-08-08T07:26:42Z
2026-08-08T07:21:23Z,2026-08-08T09:21:23+0200,a13a8e1c-07bb-4e38-addf-c4d0871b05cd,2026-08-03T03:00:00Z,2026-08-03T05:00:00+0200,3283.0,MW,ES,ES,forecast_onshore_wind_generation,Wind Onshore,2026-08-08T07:26:42Z
2026-08-08T07:21:23Z,2026-08-08T09:21:23+0200,a13a8e1c-07bb-4e38-addf-c4d0871b05cd,2026-08-03T03:15:00Z,2026-08-03T05:15:00+0200,3289.0,MW,ES,ES,forecast_onshore_wind_generation,Wind Onshore,2026-08-08T07:26:42Z
2026-08-08T07:21:23Z,2026-08-08T09:21:23+0200,a13a8e1c-07bb-4e38-addf-c4d0871b05cd,2026-08-03T03:30:00Z,2026-08-03T05:30:00+0200,3285.0,MW,ES,ES,forecast_onshore_wind_generation,Wind Onshore,2026-08-08T07:26:42Z
2026-08-08T07:21:23Z,2026-08-08T09:21:23+0200,a13a8e1c-07bb-4e38-addf-c4d0871b05cd,2026-08-03T03:45:00Z,2026-08-03T05:45:00+0200,3273.0,MW,ES,ES,forecast_onshore_wind_generation,Wind Onshore,2026-08-08T07:26:42Z
2026-08-08T07:21:23Z,2026-08-08T09:21:23+0200,a13a8e1c-07bb-4e38-addf-c4d0871b05cd,2026-08-03T04:00:00Z,2026-08-03T06:00:00+0200,3245.0,MW,ES,ES,forecast_onshore_wind_generation,Wind Onshore,2026-08-08T07:26:42Z
2026-08-08T07:21:23Z,2026-08-08T09:21:23+0200,a13a8e1c-07bb-4e38-addf-c4d0871b05cd,2026-08-03T04:15:00Z,2026-08-03T06:15:00+0200,3236.0,MW,ES,ES,forecast_onshore_wind_generation,Wind Onshore,2026-08-08T07:26:42Z
2026-08-08T07:21:23Z,2026-08-08T09:21:23+0200,a13a8e1c-07bb-4e38-addf-c4d0871b05cd,2026-08-03T04:30:00Z,2026-08-03T06:30:00+0200,3232.0,MW,ES,ES,forecast_onshore_wind_generation,Wind Onshore,2026-08-08T07:26:42Z
2026-08-08T07:21:23Z,2026-08-08T09:21:23+0200,a13a8e1c-07bb-4e38-addf-c4d0871b05cd,2026-08-03T04:45:00Z,2026-08-03T06:45:00+0200,3227.0,MW,ES,ES,forecast_onshore_wind_generation,Wind Onshore,2026-08-08T07:26:42Z
2026-08-08T07:21:23Z,2026-08-08T09:21:23+0200,a13a8e1c-07bb-4e38-addf-c4d0871b05cd,2026-08-03T05:00:00Z,2026-08-03T07:00:00+0200,3237.0,MW,ES,ES,forecast_onshore_wind_generation,Wind Onshore,2026-08-08T07:26:42Z
2026-08-08T07:21:23Z,2026-08-08T09:21:23+0200,a13a8e1c-07bb-4e38-addf-c4d0871b05cd,2026-08-03T05:15:00Z,2026-08-03T07:15:00+0200,3198.0,MW,ES,ES,forecast_onshore_wind_generation,Wind Onshore,2026-08-08T07:26:42Z
2026-08-08T07:21:23Z,2026-08-08T09:21:23+0200,a13a8e1c-07bb-4e38-addf-c4d0871b05cd,2026-08-03T05:30:00Z,2026-08-03T07:30:00+0200,3133.0,MW,ES,ES,forecast_onshore_wind_generation,Wind Onshore,2026-08-08T07:26:42Z
2026-08-08T07:21:23Z,2026-08-08T09:21:23+0200,a13a8e1c-07bb-4e38-addf-c4d0871b05cd,2026-08-03T05:45:00Z,2026-08-03T07:45:00+0200,3056.0,MW,ES,ES,forecast_onshore_wind_generation,Wind Onshore,2026-08-08T07:26:42Z
2026-08-08T07:21:23Z,2026-08-08T09:21:23+0200,a13a8e1c-07bb-4e38-addf-c4d0871b05cd,2026-08-03T06:00:00Z,2026-08-03T08:00:00+0200,2912.0,MW,ES,ES,forecast_onshore_wind_generation,Wind Onshore,2026-08-08T07:26:42Z
2026-08-08T07:21:23Z,2026-08-08T09:21:23+0200,a13a8e1c-07bb-4e38-addf-c4d0871b05cd,2026-08-03T06:15:00Z,2026-08-03T08:15:00+0200,2865.0,MW,ES,ES,forecast_onshore_wind_generation,Wind Onshore,2026-08-08T07:26:42Z
2026-08-08T07:21:23Z,2026-08-08T09:21:23+0200,a13a8e1c-07bb-4e38-addf-c4d0871b05cd,2026-08-03T06:30:00Z,2026-08-03T08:30:00+0200,2855.0,MW,ES,ES,forecast_onshore_wind_generation,Wind Onshore,2026-08-08T07:26:42Z
2026-08-08T07:21:23Z,2026-08-08T09:21:23+0200,a13a8e1c-07bb-4e38-addf-c4d0871b05cd,2026-08-03T06:45:00Z,2026-08-03T08:45:00+0200,2872.0,MW,ES,ES,forecast_onshore_wind_generation,Wind Onshore,2026-08-08T07:26:42Z
2026-08-08T07:21:23Z,2026-08-08T09:21:23+0200,a13a8e1c-07bb-4e38-addf-c4d0871b05cd,2026-08-03T07:00:00Z,2026-08-03T09:00:00+0200,2895.0,MW,ES,ES,forecast_onshore_wind_generation,Wind Onshore,2026-08-08T07:26:42Z
2026-08-08T07:21:23Z,2026-08-08T09:21:23+0200,a13a8e1c-07bb-4e38-addf-c4d0871b05cd,2026-08-03T07:15:00Z,2026-08-03T09:15:00+0200,2918.0,MW,ES,ES,forecast_onshore_wind_generation,Wind Onshore,2026-08-08T07:26:42Z
2026-08-08T07:21:23Z,2026-08-08T09:21:23+0200,a13a8e1c-07bb-4e38-addf-c4d0871b05cd,2026-08-03T07:30:00Z,2026-08-03T09:30:00+0200,2925.0,MW,ES,ES,forecast_onshore_wind_generation,Wind Onshore,2026-08-08T07:26:42Z
2026-08-08T07:21:23Z,2026-08-08T09:21:23+0200,a13a8e1c-07bb-4e38-addf-c4d0871b05cd,2026-08-03T07:45:00Z,2026-08-03T09:45:00+0200,2906.0,MW,ES,ES,forecast_onshore_wind_generation,Wind Onshore,2026-08-08T07:26:42Z
2026-08-08T07:21:23Z,2026-08-08T09:21:23+0200,a13a8e1c-07bb-4e38-addf-c4d0871b05cd,2026-08-03T08:00:00Z,2026-08-03T10:00:00+0200,2843.0,MW,ES,ES,forecast_onshore_wind_generation,Wind Onshore,2026-08-08T07:26:42Z
2026-08-08T07:21:23Z,2026-08-08T09:21:23+0200,a13a8e1c-07bb-4e38-addf-c4d0871b05cd,2026-08-03T08:15:00Z,2026-08-03T10:15:00+0200,2858.0,MW,ES,ES,forecast_onshore_wind_generation,Wind Onshore,2026-08-08T07:26:42Z
2026-08-08T07:21:23Z,2026-08-08T09:21:23+0200,a13a8e1c-07bb-4e38-addf-c4d0871b05cd,2026-08-03T08:30:00Z,2026-08-03T10:30:00+0200,2888.0,MW,ES,ES,forecast_onshore_wind_generation,Wind Onshore,2026-08-08T07:26:42Z
2026-08-08T07:21:23Z,2026-08-08T09:21:23+0200,a13a8e1c-07bb-4e38-addf-c4d0871b05cd,2026-08-03T08:45:00Z,2026-08-03T10:45:00+0200,2952.0,MW,ES,ES,forecast_onshore_wind_generation,Wind Onshore,2026-08-08T07:26:42Z
2026-08-08T07:21:23Z,2026-08-08T09:21:23+0200,a13a8e1c-07bb-4e38-addf-c4d0871b05cd,2026-08-03T09:00:00Z,2026-08-03T11:00:00+0200,2986.0,MW,ES,ES,forecast_onshore_wind_generation,Wind Onshore,2026-08-08T07:26:42Z
2026-08-08T07:21:23Z,2026-08-08T09:21:23+0200,a13a8e1c-07bb-4e38-addf-c4d0871b05cd,2026-08-03T09:15:00Z,2026-08-03T11:15:00+0200,3083.0,MW,ES,ES,forecast_onshore_wind_generation,Wind Onshore,2026-08-08T07:26:42Z
2026-08-08T07:21:23Z,2026-08-08T09:21:23+0200,a13a8e1c-07bb-4e38-addf-c4d0871b05cd,2026-08-03T09:30:00Z,2026-08-03T11:30:00+0200,3190.0,MW,ES,ES,forecast_onshore_wind_generation,Wind Onshore,2026-08-08T07:26:42Z
2026-08-08T07:21:23Z,2026-08-08T09:21:23+0200,a13a8e1c-07bb-4e38-addf-c4d0871b05cd,2026-08-03T09:45:00Z,2026-08-03T11:45:00+0200,3293.0,MW,ES,ES,forecast_onshore_wind_generation,Wind Onshore,2026-08-08T07:26:42Z
2026-08-08T07:21:23Z,2026-08-08T09:21:23+0200,a13a8e1c-07bb-4e38-addf-c4d0871b05cd,2026-08-03T10:00:00Z,2026-08-03T12:00:00+0200,3418.0,MW,ES,ES,forecast_onshore_wind_generation,Wind Onshore,2026-08-08T07:26:42Z
2026-08-08T07:21:23Z,2026-08-08T09:21:23+0200,a13a8e1c-07bb-4e38-addf-c4d0871b05cd,2026-08-03T10:15:00Z,2026-08-03T12:15:00+0200,3470.0,MW,ES,ES,forecast_onshore_wind_generation,Wind Onshore,2026-08-08T07:26:42Z
2026-08-08T07:21:23Z,2026-08-08T09:21:23+0200,a13a8e1c-07bb-4e38-addf-c4d0871b05cd,2026-08-03T10:30:00Z,2026-08-03T12:30:00+0200,3492.0,MW,ES,ES,forecast_onshore_wind_generation,Wind Onshore,2026-08-08T07:26:42Z
2026-08-08T07:21:23Z,2026-08-08T09:21:23+0200,a13a8e1c-07bb-4e38-addf-c4d0871b05cd,2026-08-03T10:45:00Z,2026-08-03T12:45:00+0200,3486.0,MW,ES,ES,forecast_onshore_wind_generation,Wind Onshore,2026-08-08T07:26:42Z
2026-08-08T07:21:23Z,2026-08-08T09:21:23+0200,a13a8e1c-07bb-4e38-addf-c4d0871b05cd,2026-08-03T11:00:00Z,2026-08-03T13:00:00+0200,3445.0,MW,ES,ES,forecast_onshore_wind_generation,Wind Onshore,2026-08-08T07:26:42Z
2026-08-08T07:21:23Z,2026-08-08T09:21:23+0200,a13a8e1c-07bb-4e38-addf-c4d0871b05cd,2026-08-03T11:15:00Z,2026-08-03T13:15:00+0200,3458.0,MW,ES,ES,forecast_onshore_wind_generation,Wind Onshore,2026-08-08T07:26:42Z
2026-08-08T07:21:23Z,2026-08-08T09:21:23+0200,a13a8e1c-07bb-4e38-addf-c4d0871b05cd,2026-08-03T11:30:00Z,2026-08-03T13:30:00+0200,3506.0,MW,ES,ES,forecast_onshore_wind_generation,Wind Onshore,2026-08-08T07:26:42Z
2026-08-08T07:21:23Z,2026-08-08T09:21:23+0200,a13a8e1c-07bb-4e38-addf-c4d0871b05cd,2026-08-03T11:45:00Z,2026-08-03T13:45:00+0200,3584.0,MW,ES,ES,forecast_onshore_wind_generation,Wind Onshore,2026-08-08T07:26:42Z
2026-08-08T07:21:23Z,2026-08-08T09:21:23+0200,a13a8e1c-07bb-4e38-addf-c4d0871b05cd,2026-08-03T12:00:00Z,2026-08-03T14:00:00+0200,3635.0,MW,ES,ES,forecast_onshore_wind_generation,Wind Onshore,2026-08-08T07:26:42Z
2026-08-08T07:21:23Z,2026-08-08T09:21:23+0200,a13a8e1c-07bb-4e38-addf-c4d0871b05cd,2026-08-03T12:15:00Z,2026-08-03T14:15:00+0200,3770.0,MW,ES,ES,forecast_onshore_wind_generation,Wind Onshore,2026-08-08T07:26:42Z
2026-08-08T07:21:23Z,2026-08-08T09:21:23+0200,a13a8e1c-07bb-4e38-addf-c4d0871b05cd,2026-08-03T12:30:00Z,2026-08-03T14:30:00+0200,3934.0,MW,ES,ES,forecast_onshore_wind_generation,Wind Onshore,2026-08-08T07:26:42Z
2026-08-08T07:21:23Z,2026-08-08T09:21:23+0200,a13a8e1c-07bb-4e38-addf-c4d0871b05cd,2026-08-03T12:45:00Z,2026-08-03T14:45:00+0200,4106.0,MW,ES,ES,forecast_onshore_wind_generation,Wind Onshore,2026-08-08T07:26:42Z
2026-08-08T07:21:23Z,2026-08-08T09:21:23+0200,a13a8e1c-07bb-4e38-addf-c4d0871b05cd,2026-08-03T13:00:00Z,2026-08-03T15:00:00+0200,4310.0,MW,ES,ES,forecast_onshore_wind_generation,Wind Onshore,2026-08-08T07:26:42Z
2026-08-08T07:21:23Z,2026-08-08T09:21:23+0200,a13a8e1c-07bb-4e38-addf-c4d0871b05cd,2026-08-03T13:15:00Z,2026-08-03T15:15:00+0200,4482.0,MW,ES,ES,forecast_onshore_wind_generation,Wind Onshore,2026-08-08T07:26:42Z
2026-08-08T07:21:23Z,2026-08-08T09:21:23+0200,a13a8e1c-07bb-4e38-addf-c4d0871b05cd,2026-08-03T13:30:00Z,2026-08-03T15:30:00+0200,4635.0,MW,ES,ES,forecast_onshore_wind_generation,Wind Onshore,2026-08-08T07:26:42Z
2026-08-08T07:21:23Z,2026-08-08T09:21:23+0200,a13a8e1c-07bb-4e38-addf-c4d0871b05cd,2026-08-03T13:45:00Z,2026-08-03T15:45:00+0200,4779.0,MW,ES,ES,forecast_onshore_wind_generation,Wind Onshore,2026-08-08T07:26:42Z
2026-08-08T07:21:23Z,2026-08-08T09:21:23+0200,a13a8e1c-07bb-4e38-addf-c4d0871b05cd,2026-08-03T14:00:00Z,2026-08-03T16:00:00+0200,4937.0,MW,ES,ES,forecast_onshore_wind_generation,Wind Onshore,2026-08-08T07:26:42Z
2026-08-08T07:21:23Z,2026-08-08T09:21:23+0200,a13a8e1c-07bb-4e38-addf-c4d0871b05cd,2026-08-03T14:15:00Z,2026-08-03T16:15:00+0200,5070.0,MW,ES,ES,forecast_onshore_wind_generation,Wind Onshore,2026-08-08T07:26:42Z
2026-08-08T07:21:23Z,2026-08-08T09:21:23+0200,a13a8e1c-07bb-4e38-addf-c4d0871b05cd,2026-08-03T14:30:00Z,2026-08-03T16:30:00+0200,5186.0,MW,ES,ES,forecast_onshore_wind_generation,Wind Onshore,2026-08-08T07:26:42Z
2026-08-08T07:21:23Z,2026-08-08T09:21:23+0200,a13a8e1c-07bb-4e38-addf-c4d0871b05cd,2026-08-03T14:45:00Z,2026-08-03T16:45:00+0200,5290.0,MW,ES,ES,forecast_onshore_wind_generation,Wind Onshore,2026-08-08T07:26:42Z
2026-08-08T07:21:23Z,2026-08-08T09:21:23+0200,a13a8e1c-07bb-4e38-addf-c4d0871b05cd,2026-08-03T15:00:00Z,2026-08-03T17:00:00+0200,5426.0,MW,ES,ES,forecast_onshore_wind_generation,Wind Onshore,2026-08-08T07:26:42Z
2026-08-08T07:21:23Z,2026-08-08T09:21:23+0200,a13a8e1c-07bb-4e38-addf-c4d0871b05cd,2026-08-03T15:15:00Z,2026-08-03T17:15:00+0200,5520.0,MW,ES,ES,forecast_onshore_wind_generation,Wind Onshore,2026-08-08T07:26:42Z
2026-08-08T07:21:23Z,2026-08-08T09:21:23+0200,a13a8e1c-07bb-4e38-addf-c4d0871b05cd,2026-08-03T15:30:00Z,2026-08-03T17:30:00+0200,5611.0,MW,ES,ES,forecast_onshore_wind_generation,Wind Onshore,2026-08-08T07:26:42Z
2026-08-08T07:21:23Z,2026-08-08T09:21:23+0200,a13a8e1c-07bb-4e38-addf-c4d0871b05cd,2026-08-03T15:45:00Z,2026-08-03T17:45:00+0200,5695.0,MW,ES,ES,forecast_onshore_wind_generation,Wind Onshore,2026-08-08T07:26:42Z
2026-08-08T07:21:23Z,2026-08-08T09:21:23+0200,a13a8e1c-07bb-4e38-addf-c4d0871b05cd,2026-08-03T16:00:00Z,2026-08-03T18:00:00+0200,5723.0,MW,ES,ES,forecast_onshore_wind_generation,Wind Onshore,2026-08-08T07:26:42Z
2026-08-08T07:21:23Z,2026-08-08T09:21:23+0200,a13a8e1c-07bb-4e38-addf-c4d0871b05cd,2026-08-03T16:15:00Z,2026-08-03T18:15:00+0200,5774.0,MW,ES,ES,forecast_onshore_wind_generation,Wind Onshore,2026-08-08T07:26:42Z
2026-08-08T07:21:23Z,2026-08-08T09:21:23+0200,a13a8e1c-07bb-4e38-addf-c4d0871b05cd,2026-08-03T16:30:00Z,2026-08-03T18:30:00+0200,5842.0,MW,ES,ES,forecast_onshore_wind_generation,Wind Onshore,2026-08-08T07:26:42Z
2026-08-08T07:21:23Z,2026-08-08T09:21:23+0200,a13a8e1c-07bb-4e38-addf-c4d0871b05cd,2026-08-03T16:45:00Z,2026-08-03T18:45:00+0200,5933.0,MW,ES,ES,forecast_onshore_wind_generation,Wind Onshore,2026-08-08T07:26:42Z
2026-08-08T07:21:23Z,2026-08-08T09:21:23+0200,a13a8e1c-07bb-4e38-addf-c4d0871b05cd,2026-08-03T17:00:00Z,2026-08-03T19:00:00+0200,6050.0,MW,ES,ES,forecast_onshore_wind_generation,Wind Onshore,2026-08-08T07:26:42Z
2026-08-08T07:21:23Z,2026-08-08T09:21:23+0200,a13a8e1c-07bb-4e38-addf-c4d0871b05cd,2026-08-03T17:15:00Z,2026-08-03T19:15:00+0200,5943.0,MW,ES,ES,forecast_onshore_wind_generation,Wind Onshore,2026-08-08T07:26:42Z
2026-08-08T07:21:23Z,2026-08-08T09:21:23+0200,a13a8e1c-07bb-4e38-addf-c4d0871b05cd,2026-08-03T17:30:00Z,2026-08-03T19:30:00+0200,5754.0,MW,ES,ES,forecast_onshore_wind_generation,Wind Onshore,2026-08-08T07:26:42Z
2026-08-08T07:21:23Z,2026-08-08T09:21:23+0200,a13a8e1c-07bb-4e38-addf-c4d0871b05cd,2026-08-03T17:45:00Z,2026-08-03T19:45:00+0200,5510.0,MW,ES,ES,forecast_onshore_wind_generation,Wind Onshore,2026-08-08T07:26:42Z
2026-08-08T07:21:23Z,2026-08-08T09:21:23+0200,a13a8e1c-07bb-4e38-addf-c4d0871b05cd,2026-08-03T18:00:00Z,2026-08-03T20:00:00+0200,5271.0,MW,ES,ES,forecast_onshore_wind_generation,Wind Onshore,2026-08-08T07:26:42Z
2026-08-08T07:21:23Z,2026-08-08T09:21:23+0200,a13a8e1c-07bb-4e38-addf-c4d0871b05cd,2026-08-03T18:15:00Z,2026-08-03T20:15:00+0200,5119.0,MW,ES,ES,forecast_onshore_wind_generation,Wind Onshore,2026-08-08T07:26:42Z
2026-08-08T07:21:23Z,2026-08-08T09:21:23+0200,a13a8e1c-07bb-4e38-addf-c4d0871b05cd,2026-08-03T18:30:00Z,2026-08-03T20:30:00+0200,5094.0,MW,ES,ES,forecast_onshore_wind_generation,Wind Onshore,2026-08-08T07:26:42Z
2026-08-08T07:21:23Z,2026-08-08T09:21:23+0200,a13a8e1c-07bb-4e38-addf-c4d0871b05cd,2026-08-03T18:45:00Z,2026-08-03T20:45:00+0200,5156.0,MW,ES,ES,forecast_onshore_wind_generation,Wind Onshore,2026-08-08T07:26:42Z
2026-08-08T07:21:23Z,2026-08-08T09:21:23+0200,a13a8e1c-07bb-4e38-addf-c4d0871b05cd,2026-08-03T19:00:00Z,2026-08-03T21:00:00+0200,5330.0,MW,ES,ES,forecast_onshore_wind_generation,Wind Onshore,2026-08-08T07:26:42Z
2026-08-08T07:21:23Z,2026-08-08T09:21:23+0200,a13a8e1c-07bb-4e38-addf-c4d0871b05cd,2026-08-03T19:15:00Z,2026-08-03T21:15:00+0200,5386.0,MW,ES,ES,forecast_onshore_wind_generation,Wind Onshore,2026-08-08T07:26:42Z
2026-08-08T07:21:23Z,2026-08-08T09:21:23+0200,a13a8e1c-07bb-4e38-addf-c4d0871b05cd,2026-08-03T19:30:00Z,2026-08-03T21:30:00+0200,5364.0,MW,ES,ES,forecast_onshore_wind_generation,Wind Onshore,2026-08-08T07:26:42Z
2026-08-08T07:21:23Z,2026-08-08T09:21:23+0200,a13a8e1c-07bb-4e38-addf-c4d0871b05cd,2026-08-03T19:45:00Z,2026-08-03T21:45:00+0200,5281.0,MW,ES,ES,forecast_onshore_wind_generation,Wind Onshore,2026-08-08T07:26:42Z
2026-08-08T07:21:23Z,2026-08-08T09:21:23+0200,a13a8e1c-07bb-4e38-addf-c4d0871b05cd,2026-08-03T20:00:00Z,2026-08-03T22:00:00+0200,5152.0,MW,ES,ES,forecast_onshore_wind_generation,Wind Onshore,2026-08-08T07:26:42Z
2026-08-08T07:21:23Z,2026-08-08T09:21:23+0200,a13a8e1c-07bb-4e38-addf-c4d0871b05cd,2026-08-03T20:15:00Z,2026-08-03T22:15:00+0200,5043.0,MW,ES,ES,forecast_onshore_wind_generation,Wind Onshore,2026-08-08T07:26:42Z
2026-08-08T07:21:23Z,2026-08-08T09:21:23+0200,a13a8e1c-07bb-4e38-addf-c4d0871b05cd,2026-08-03T20:30:00Z,2026-08-03T22:30:00+0200,4962.0,MW,ES,ES,forecast_onshore_wind_generation,Wind Onshore,2026-08-08T07:26:42Z
2026-08-08T07:21:23Z,2026-08-08T09:21:23+0200,a13a8e1c-07bb-4e38-addf-c4d0871b05cd,2026-08-03T20:45:00Z,2026-08-03T22:45:00+0200,4905.0,MW,ES,ES,forecast_onshore_wind_generation,Wind Onshore,2026-08-08T07:26:42Z
2026-08-08T07:21:23Z,2026-08-08T09:21:23+0200,a13a8e1c-07bb-4e38-addf-c4d0871b05cd,2026-08-03T21:00:00Z,2026-08-03T23:00:00+0200,4824.0,MW,ES,ES,forecast_onshore_wind_generation,Wind Onshore,2026-08-08T07:26:42Z
2026-08-08T07:21:23Z,2026-08-08T09:21:23+0200,a13a8e1c-07bb-4e38-addf-c4d0871b05cd,2026-08-03T21:15:00Z,2026-08-03T23:15:00+0200,4782.0,MW,ES,ES,forecast_onshore_wind_generation,Wind Onshore,2026-08-08T07:26:42Z
2026-08-08T07:21:23Z,2026-08-08T09:21:23+0200,a13a8e1c-07bb-4e38-addf-c4d0871b05cd,2026-08-03T21:30:00Z,2026-08-03T23:30:00+0200,4733.0,MW,ES,ES,forecast_onshore_wind_generation,Wind Onshore,2026-08-08T07:26:42Z
2026-08-08T07:21:23Z,2026-08-08T09:21:23+0200,a13a8e1c-07bb-4e38-addf-c4d0871b05cd,2026-08-03T21:45:00Z,2026-08-03T23:45:00+0200,4678.0,MW,ES,ES,forecast_onshore_wind_generation,Wind Onshore,2026-08-08T07:26:42Z
2026-08-08T07:21:23Z,2026-08-08T09:21:23+0200,a13a8e1c-07bb-4e38-addf-c4d0871b05cd,2026-08-03T22:00:00Z,2026-08-04T00:00:00+0200,4755.0,MW,ES,ES,forecast_onshore_wind_generation,Wind Onshore,2026-08-08T07:26:42Z
2026-08-08T07:21:23Z,2026-08-08T09:21:23+0200,a13a8e1c-07bb-4e38-addf-c4d0871b05cd,2026-08-03T22:15:00Z,2026-08-04T00:15:00+0200,4695.0,MW,ES,ES,forecast_onshore_wind_generation,Wind Onshore,2026-08-08T07:26:42Z
2026-08-08T07:21:23Z,2026-08-08T09:21:23+0200,a13a8e1c-07bb-4e38-addf-c4d0871b05cd,2026-08-03T22:30:00Z,2026-08-04T00:30:00+0200,4635.0,MW,ES,ES,forecast_onshore_wind_generation,Wind Onshore,2026-08-08T07:26:42Z
2026-08-08T07:21:23Z,2026-08-08T09:21:23+0200,a13a8e1c-07bb-4e38-addf-c4d0871b05cd,2026-08-03T22:45:00Z,2026-08-04T00:45:00+0200,4573.0,MW,ES,ES,forecast_onshore_wind_generation,Wind Onshore,2026-08-08T07:26:42Z
2026-08-08T07:21:23Z,2026-08-08T09:21:23+0200,a13a8e1c-07bb-4e38-addf-c4d0871b05cd,2026-08-03T23:00:00Z,2026-08-04T01:00:00+0200,4511.0,MW,ES,ES,forecast_onshore_wind_generation,Wind Onshore,2026-08-08T07:26:42Z
2026-08-08T07:21:23Z,2026-08-08T09:21:23+0200,a13a8e1c-07bb-4e38-addf-c4d0871b05cd,2026-08-03T23:15:00Z,2026-08-04T01:15:00+0200,4445.0,MW,ES,ES,forecast_onshore_wind_generation,Wind Onshore,2026-08-08T07:26:42Z
2026-08-08T07:21:23Z,2026-08-08T09:21:23+0200,a13a8e1c-07bb-4e38-addf-c4d0871b05cd,2026-08-03T23:30:00Z,2026-08-04T01:30:00+0200,4374.0,MW,ES,ES,forecast_onshore_wind_generation,Wind Onshore,2026-08-08T07:26:42Z
2026-08-08T07:21:23Z,2026-08-08T09:21:23+0200,a13a8e1c-07bb-4e38-addf-c4d0871b05cd,2026-08-03T23:45:00Z,2026-08-04T01:45:00+0200,4302.0,MW,ES,ES,forecast_onshore_wind_generation,Wind Onshore,2026-08-08T07:26:42Z
2026-08-08T07:21:23Z,2026-08-08T09:21:23+0200,a13a8e1c-07bb-4e38-addf-c4d0871b05cd,2026-08-04T00:00:00Z,2026-08-04T02:00:00+0200,4223.0,MW,ES,ES,forecast_onshore_wind_generation,Wind Onshore,2026-08-08T07:26:42Z
2026-08-08T07:21:23Z,2026-08-08T09:21:23+0200,a13a8e1c-07bb-4e38-addf-c4d0871b05cd,2026-08-04T00:15:00Z,2026-08-04T02:15:00+0200,4150.0,MW,ES,ES,forecast_onshore_wind_generation,Wind Onshore,2026-08-08T07:26:42Z
2026-08-08T07:21:23Z,2026-08-08T09:21:23+0200,a13a8e1c-07bb-4e38-addf-c4d0871b05cd,2026-08-04T00:30:00Z,2026-08-04T02:30:00+0200,4076.0,MW,ES,ES,forecast_onshore_wind_generation,Wind Onshore,2026-08-08T07:26:42Z
2026-08-08T07:21:23Z,2026-08-08T09:21:23+0200,a13a8e1c-07bb-4e38-addf-c4d0871b05cd,2026-08-04T00:45:00Z,2026-08-04T02:45:00+0200,4004.0,MW,ES,ES,forecast_onshore_wind_generation,Wind Onshore,2026-08-08T07:26:42Z
2026-08-08T07:21:23Z,2026-08-08T09:21:23+0200,a13a8e1c-07bb-4e38-addf-c4d0871b05cd,2026-08-04T01:00:00Z,2026-08-04T03:00:00+0200,3915.0,MW,ES,ES,forecast_onshore_wind_generation,Wind Onshore,2026-08-08T07:26:42Z
2026-08-08T07:21:23Z,2026-08-08T09:21:23+0200,a13a8e1c-07bb-4e38-addf-c4d0871b05cd,2026-08-04T01:15:00Z,2026-08-04T03:15:00+0200,3852.0,MW,ES,ES,forecast_onshore_wind_generation,Wind Onshore,2026-08-08T07:26:42Z
2026-08-08T07:21:23Z,2026-08-08T09:21:23+0200,a13a8e1c-07bb-4e38-addf-c4d0871b05cd,2026-08-04T01:30:00Z,2026-08-04T03:30:00+0200,3797.0,MW,ES,ES,forecast_onshore_wind_generation,Wind Onshore,2026-08-08T07:26:42Z
2026-08-08T07:21:23Z,2026-08-08T09:21:23+0200,a13a8e1c-07bb-4e38-addf-c4d0871b05cd,2026-08-04T01:45:00Z,2026-08-04T03:45:00+0200,3748.0,MW,ES,ES,forecast_onshore_wind_generation,Wind Onshore,2026-08-08T07:26:42Z
2026-08-08T07:21:23Z,2026-08-08T09:21:23+0200,a13a8e1c-07bb-4e38-addf-c4d0871b05cd,2026-08-04T02:00:00Z,2026-08-04T04:00:00+0200,3691.0,MW,ES,ES,forecast_onshore_wind_generation,Wind Onshore,2026-08-08T07:26:42Z
2026-08-08T07:21:23Z,2026-08-08T09:21:23+0200,a13a8e1c-07bb-4e38-addf-c4d0871b05cd,2026-08-04T02:15:00Z,2026-08-04T04:15:00+0200,3654.0,MW,ES,ES,forecast_onshore_wind_generation,Wind Onshore,2026-08-08T07:26:42Z
2026-08-08T07:21:23Z,2026-08-08T09:21:23+0200,a13a8e1c-07bb-4e38-addf-c4d0871b05cd,2026-08-04T02:30:00Z,2026-08-04T04:30:00+0200,3624.0,MW,ES,ES,forecast_onshore_wind_generation,Wind Onshore,2026-08-08T07:26:42Z
2026-08-08T07:21:23Z,2026-08-08T09:21:23+0200,a13a8e1c-07bb-4e38-addf-c4d0871b05cd,2026-08-04T02:45:00Z,2026-08-04T04:45:00+0200,3597.0,MW,ES,ES,forecast_onshore_wind_generation,Wind Onshore,2026-08-08T07:26:42Z
2026-08-08T07:21:23Z,2026-08-08T09:21:23+0200,a13a8e1c-07bb-4e38-addf-c4d0871b05cd,2026-08-04T03:00:00Z,2026-08-04T05:00:00+0200,3565.0,MW,ES,ES,forecast_onshore_wind_generation,Wind Onshore,2026-08-08T07:26:42Z
2026-08-08T07:21:23Z,2026-08-08T09:21:23+0200,a13a8e1c-07bb-4e38-addf-c4d0871b05cd,2026-08-04T03:15:00Z,2026-08-04T05:15:00+0200,3536.0,MW,ES,ES,forecast_onshore_wind_generation,Wind Onshore,2026-08-08T07:26:42Z
2026-08-08T07:21:23Z,2026-08-08T09:21:23+0200,a13a8e1c-07bb-4e38-addf-c4d0871b05cd,2026-08-04T03:30:00Z,2026-08-04T05:30:00+0200,3502.0,MW,ES,ES,forecast_onshore_wind_generation,Wind Onshore,2026-08-08T07:26:42Z
2026-08-08T07:21:23Z,2026-08-08T09:21:23+0200,a13a8e1c-07bb-4e38-addf-c4d0871b05cd,2026-08-04T03:45:00Z,2026-08-04T05:45:00+0200,3459.0,MW,ES,ES,forecast_onshore_wind_generation,Wind Onshore,2026-08-08T07:26:42Z
2026-08-08T07:21:23Z,2026-08-08T09:21:23+0200,a13a8e1c-07bb-4e38-addf-c4d0871b05cd,2026-08-04T04:00:00Z,2026-08-04T06:00:00+0200,3425.0,MW,ES,ES,forecast_onshore_wind_generation,Wind Onshore,2026-08-08T07:26:42Z
2026-08-08T07:21:23Z,2026-08-08T09:21:23+0200,a13a8e1c-07bb-4e38-addf-c4d0871b05cd,2026-08-04T04:15:00Z,2026-08-04T06:15:00+0200,3354.0,MW,ES,ES,forecast_onshore_wind_generation,Wind Onshore,2026-08-08T07:26:42Z
2026-08-08T07:21:23Z,2026-08-08T09:21:23+0200,a13a8e1c-07bb-4e38-addf-c4d0871b05cd,2026-08-04T04:30:00Z,2026-08-04T06:30:00+0200,3264.0,MW,ES,ES,forecast_onshore_wind_generation,Wind Onshore,2026-08-08T07:26:42Z
2026-08-08T07:21:23Z,2026-08-08T09:21:23+0200,a13a8e1c-07bb-4e38-addf-c4d0871b05cd,2026-08-04T04:45:00Z,2026-08-04T06:45:00+0200,3161.0,MW,ES,ES,forecast_onshore_wind_generation,Wind Onshore,2026-08-08T07:26:42Z
2026-08-08T07:21:23Z,2026-08-08T09:21:23+0200,a13a8e1c-07bb-4e38-addf-c4d0871b05cd,2026-08-04T05:00:00Z,2026-08-04T07:00:00+0200,3057.0,MW,ES,ES,forecast_onshore_wind_generation,Wind Onshore,2026-08-08T07:26:42Z
2026-08-08T07:21:23Z,2026-08-08T09:21:23+0200,a13a8e1c-07bb-4e38-addf-c4d0871b05cd,2026-08-04T05:15:00Z,2026-08-04T07:15:00+0200,2943.0,MW,ES,ES,forecast_onshore_wind_generation,Wind Onshore,2026-08-08T07:26:42Z
2026-08-08T07:21:23Z,2026-08-08T09:21:23+0200,a13a8e1c-07bb-4e38-addf-c4d0871b05cd,2026-08-04T05:30:00Z,2026-08-04T07:30:00+0200,2830.0,MW,ES,ES,forecast_onshore_wind_generation,Wind Onshore,2026-08-08T07:26:42Z
2026-08-08T07:21:23Z,2026-08-08T09:21:23+0200,a13a8e1c-07bb-4e38-addf-c4d0871b05cd,2026-08-04T05:45:00Z,2026-08-04T07:45:00+0200,2722.0,MW,ES,ES,forecast_onshore_wind_generation,Wind Onshore,2026-08-08T07:26:42Z
2026-08-08T07:21:23Z,2026-08-08T09:21:23+0200,a13a8e1c-07bb-4e38-addf-c4d0871b05cd,2026-08-04T06:00:00Z,2026-08-04T08:00:00+0200,2606.0,MW,ES,ES,forecast_onshore_wind_generation,Wind Onshore,2026-08-08T07:26:42Z
2026-08-08T07:21:23Z,2026-08-08T09:21:23+0200,a13a8e1c-07bb-4e38-addf-c4d0871b05cd,2026-08-04T06:15:00Z,2026-08-04T08:15:00+0200,2511.0,MW,ES,ES,forecast_onshore_wind_generation,Wind Onshore,2026-08-08T07:26:42Z
2026-08-08T07:21:23Z,2026-08-08T09:21:23+0200,a13a8e1c-07bb-4e38-addf-c4d0871b05cd,2026-08-04T06:30:00Z,2026-08-04T08:30:00+0200,2429.0,MW,ES,ES,forecast_onshore_wind_generation,Wind Onshore,2026-08-08T07:26:42Z
2026-08-08T07:21:23Z,2026-08-08T09:21:23+0200,a13a8e1c-07bb-4e38-addf-c4d0871b05cd,2026-08-04T06:45:00Z,2026-08-04T08:45:00+0200,2325.0,MW,ES,ES,forecast_onshore_wind_generation,Wind Onshore,2026-08-08T07:26:42Z
2026-08-08T07:21:23Z,2026-08-08T09:21:23+0200,a13a8e1c-07bb-4e38-addf-c4d0871b05cd,2026-08-04T07:00:00Z,2026-08-04T09:00:00+0200,2218.0,MW,ES,ES,forecast_onshore_wind_generation,Wind Onshore,2026-08-08T07:26:42Z
2026-08-08T07:21:23Z,2026-08-08T09:21:23+0200,a13a8e1c-07bb-4e38-addf-c4d0871b05cd,2026-08-04T07:15:00Z,2026-08-04T09:15:00+0200,2182.0,MW,ES,ES,forecast_onshore_wind_generation,Wind Onshore,2026-08-08T07:26:42Z
2026-08-08T07:21:23Z,2026-08-08T09:21:23+0200,a13a8e1c-07bb-4e38-addf-c4d0871b05cd,2026-08-04T07:30:00Z,2026-08-04T09:30:00+0200,2161.0,MW,ES,ES,forecast_onshore_wind_generation,Wind Onshore,2026-08-08T07:26:42Z
2026-08-08T07:21:23Z,2026-08-08T09:21:23+0200,a13a8e1c-07bb-4e38-addf-c4d0871b05cd,2026-08-04T07:45:00Z,2026-08-04T09:45:00+0200,2145.0,MW,ES,ES,forecast_onshore_wind_generation,Wind Onshore,2026-08-08T07:26:42Z
2026-08-08T07:21:23Z,2026-08-08T09:21:23+0200,a13a8e1c-07bb-4e38-addf-c4d0871b05cd,2026-08-04T08:00:00Z,2026-08-04T10:00:00+0200,2091.0,MW,ES,ES,forecast_onshore_wind_generation,Wind Onshore,2026-08-08T07:26:42Z
2026-08-08T07:21:23Z,2026-08-08T09:21:23+0200,a13a8e1c-07bb-4e38-addf-c4d0871b05cd,2026-08-04T08:15:00Z,2026-08-04T10:15:00+0200,2111.0,MW,ES,ES,forecast_onshore_wind_generation,Wind Onshore,2026-08-08T07:26:42Z
2026-08-08T07:21:23Z,2026-08-08T09:21:23+0200,a13a8e1c-07bb-4e38-addf-c4d0871b05cd,2026-08-04T08:30:00Z,2026-08-04T10:30:00+0200,2135.0,MW,ES,ES,forecast_onshore_wind_generation,Wind Onshore,2026-08-08T07:26:42Z
2026-08-08T07:21:23Z,2026-08-08T09:21:23+0200,a13a8e1c-07bb-4e38-addf-c4d0871b05cd,2026-08-04T08:45:00Z,2026-08-04T10:45:00+0200,2167.0,MW,ES,ES,forecast_onshore_wind_generation,Wind Onshore,2026-08-08T07:26:42Z
2026-08-08T07:21:23Z,2026-08-08T09:21:23+0200,a13a8e1c-07bb-4e38-addf-c4d0871b05cd,2026-08-04T09:00:00Z,2026-08-04T11:00:00+0200,2150.0,MW,ES,ES,forecast_onshore_wind_generation,Wind Onshore,2026-08-08T07:26:42Z
2026-08-08T07:21:23Z,2026-08-08T09:21:23+0200,a13a8e1c-07bb-4e38-addf-c4d0871b05cd,2026-08-04T09:15:00Z,2026-08-04T11:15:00+0200,2186.0,MW,ES,ES,forecast_onshore_wind_generation,Wind Onshore,2026-08-08T07:26:42Z
2026-08-08T07:21:23Z,2026-08-08T09:21:23+0200,a13a8e1c-07bb-4e38-addf-c4d0871b05cd,2026-08-04T09:30:00Z,2026-08-04T11:30:00+0200,2240.0,MW,ES,ES,forecast_onshore_wind_generation,Wind Onshore,2026-08-08T07:26:42Z
2026-08-08T07:21:23Z,2026-08-08T09:21:23+0200,a13a8e1c-07bb-4e38-addf-c4d0871b05cd,2026-08-04T09:45:00Z,2026-08-04T11:45:00+0200,2311.0,MW,ES,ES,forecast_onshore_wind_generation,Wind Onshore,2026-08-08T07:26:42Z
2026-08-08T07:21:23Z,2026-08-08T09:21:23+0200,a13a8e1c-07bb-4e38-addf-c4d0871b05cd,2026-08-04T10:00:00Z,2026-08-04T12:00:00+0200,2346.0,MW,ES,ES,forecast_onshore_wind_generation,Wind Onshore,2026-08-08T07:26:42Z
2026-08-08T07:21:23Z,2026-08-08T09:21:23+0200,a13a8e1c-07bb-4e38-addf-c4d0871b05cd,2026-08-04T10:15:00Z,2026-08-04T12:15:00+0200,2414.0,MW,ES,ES,forecast_onshore_wind_generation,Wind Onshore,2026-08-08T07:26:42Z
2026-08-08T07:21:23Z,2026-08-08T09:21:23+0200,a13a8e1c-07bb-4e38-addf-c4d0871b05cd,2026-08-04T10:30:00Z,2026-08-04T12:30:00+0200,2485.0,MW,ES,ES,forecast_onshore_wind_generation,Wind Onshore,2026-08-08T07:26:42Z
2026-08-08T07:21:23Z,2026-08-08T09:21:23+0200,a13a8e1c-07bb-4e38-addf-c4d0871b05cd,2026-08-04T10:45:00Z,2026-08-04T12:45:00+0200,2558.0,MW,ES,ES,forecast_onshore_wind_generation,Wind Onshore,2026-08-08T07:26:42Z
2026-08-08T07:21:23Z,2026-08-08T09:21:23+0200,a13a8e1c-07bb-4e38-addf-c4d0871b05cd,2026-08-04T11:00:00Z,2026-08-04T13:00:00+0200,2690.0,MW,ES,ES,forecast_onshore_wind_generation,Wind Onshore,2026-08-08T07:26:42Z
2026-08-08T07:21:23Z,2026-08-08T09:21:23+0200,a13a8e1c-07bb-4e38-addf-c4d0871b05cd,2026-08-04T11:15:00Z,2026-08-04T13:15:00+0200,2786.0,MW,ES,ES,forecast_onshore_wind_generation,Wind Onshore,2026-08-08T07:26:42Z
2026-08-08T07:21:23Z,2026-08-08T09:21:23+0200,a13a8e1c-07bb-4e38-addf-c4d0871b05cd,2026-08-04T11:30:00Z,2026-08-04T13:30:00+0200,2872.0,MW,ES,ES,forecast_onshore_wind_generation,Wind Onshore,2026-08-08T07:26:42Z
2026-08-08T07:21:23Z,2026-08-08T09:21:23+0200,a13a8e1c-07bb-4e38-addf-c4d0871b05cd,2026-08-04T11:45:00Z,2026-08-04T13:45:00+0200,2950.0,MW,ES,ES,forecast_onshore_wind_generation,Wind Onshore,2026-08-08T07:26:42Z
2026-08-08T07:21:23Z,2026-08-08T09:21:23+0200,a13a8e1c-07bb-4e38-addf-c4d0871b05cd,2026-08-04T12:00:00Z,2026-08-04T14:00:00+0200,2890.0,MW,ES,ES,forecast_onshore_wind_generation,Wind Onshore,2026-08-08T07:26:42Z
2026-08-08T07:21:23Z,2026-08-08T09:21:23+0200,a13a8e1c-07bb-4e38-addf-c4d0871b05cd,2026-08-04T12:15:00Z,2026-08-04T14:15:00+0200,2940.0,MW,ES,ES,forecast_onshore_wind_generation,Wind Onshore,2026-08-08T07:26:42Z
2026-08-08T07:21:23Z,2026-08-08T09:21:23+0200,a13a8e1c-07bb-4e38-addf-c4d0871b05cd,2026-08-04T12:30:00Z,2026-08-04T14:30:00+0200,2996.0,MW,ES,ES,forecast_onshore_wind_generation,Wind Onshore,2026-08-08T07:26:42Z
2026-08-08T07:21:23Z,2026-08-08T09:21:23+0200,a13a8e1c-07bb-4e38-addf-c4d0871b05cd,2026-08-04T12:45:00Z,2026-08-04T14:45:00+0200,3053.0,MW,ES,ES,forecast_onshore_wind_generation,Wind Onshore,2026-08-08T07:26:42Z
2026-08-08T07:21:23Z,2026-08-08T09:21:23+0200,a13a8e1c-07bb-4e38-addf-c4d0871b05cd,2026-08-04T13:00:00Z,2026-08-04T15:00:00+0200,3042.0,MW,ES,ES,forecast_onshore_wind_generation,Wind Onshore,2026-08-08T07:26:42Z
2026-08-08T07:21:23Z,2026-08-08T09:21:23+0200,a13a8e1c-07bb-4e38-addf-c4d0871b05cd,2026-08-04T13:15:00Z,2026-08-04T15:15:00+0200,3091.0,MW,ES,ES,forecast_onshore_wind_generation,Wind Onshore,2026-08-08T07:26:42Z
2026-08-08T07:21:23Z,2026-08-08T09:21:23+0200,a13a8e1c-07bb-4e38-addf-c4d0871b05cd,2026-08-04T13:30:00Z,2026-08-04T15:30:00+0200,3149.0,MW,ES,ES,forecast_onshore_wind_generation,Wind Onshore,2026-08-08T07:26:42Z
2026-08-08T07:21:23Z,2026-08-08T09:21:23+0200,a13a8e1c-07bb-4e38-addf-c4d0871b05cd,2026-08-04T13:45:00Z,2026-08-04T15:45:00+0200,3206.0,MW,ES,ES,forecast_onshore_wind_generation,Wind Onshore,2026-08-08T07:26:42Z
2026-08-08T07:21:23Z,2026-08-08T09:21:23+0200,a13a8e1c-07bb-4e38-addf-c4d0871b05cd,2026-08-04T14:00:00Z,2026-08-04T16:00:00+0200,3413.0,MW,ES,ES,forecast_onshore_wind_generation,Wind Onshore,2026-08-08T07:26:42Z
2026-08-08T07:21:23Z,2026-08-08T09:21:23+0200,a13a8e1c-07bb-4e38-addf-c4d0871b05cd,2026-08-04T14:15:00Z,2026-08-04T16:15:00+0200,3495.0,MW,ES,ES,forecast_onshore_wind_generation,Wind Onshore,2026-08-08T07:26:42Z
2026-08-08T07:21:23Z,2026-08-08T09:21:23+0200,a13a8e1c-07bb-4e38-addf-c4d0871b05cd,2026-08-04T14:30:00Z,2026-08-04T16:30:00+0200,3572.0,MW,ES,ES,forecast_onshore_wind_generation,Wind Onshore,2026-08-08T07:26:42Z
2026-08-08T07:21:23Z,2026-08-08T09:21:23+0200,a13a8e1c-07bb-4e38-addf-c4d0871b05cd,2026-08-04T14:45:00Z,2026-08-04T16:45:00+0200,3630.0,MW,ES,ES,forecast_onshore_wind_generation,Wind Onshore,2026-08-08T07:26:42Z
2026-08-08T07:21:23Z,2026-08-08T09:21:23+0200,a13a8e1c-07bb-4e38-addf-c4d0871b05cd,2026-08-04T15:00:00Z,2026-08-04T17:00:00+0200,3694.0,MW,ES,ES,forecast_onshore_wind_generation,Wind Onshore,2026-08-08T07:26:42Z
2026-08-08T07:21:23Z,2026-08-08T09:21:23+0200,a13a8e1c-07bb-4e38-addf-c4d0871b05cd,2026-08-04T15:15:00Z,2026-08-04T17:15:00+0200,3754.0,MW,ES,ES,forecast_onshore_wind_generation,Wind Onshore,2026-08-08T07:26:42Z
2026-08-08T07:21:23Z,2026-08-08T09:21:23+0200,a13a8e1c-07bb-4e38-addf-c4d0871b05cd,2026-08-04T15:30:00Z,2026-08-04T17:30:00+0200,3816.0,MW,ES,ES,forecast_onshore_wind_generation,Wind Onshore,2026-08-08T07:26:42Z
2026-08-08T07:21:23Z,2026-08-08T09:21:23+0200,a13a8e1c-07bb-4e38-addf-c4d0871b05cd,2026-08-04T15:45:00Z,2026-08-04T17:45:00+0200,3901.0,MW,ES,ES,forecast_onshore_wind_generation,Wind Onshore,2026-08-08T07:26:42Z
2026-08-08T07:21:23Z,2026-08-08T09:21:23+0200,a13a8e1c-07bb-4e38-addf-c4d0871b05cd,2026-08-04T16:00:00Z,2026-08-04T18:00:00+0200,4086.0,MW,ES,ES,forecast_onshore_wind_generation,Wind Onshore,2026-08-08T07:26:42Z
2026-08-08T07:21:23Z,2026-08-08T09:21:23+0200,a13a8e1c-07bb-4e38-addf-c4d0871b05cd,2026-08-04T16:15:00Z,2026-08-04T18:15:00+0200,4202.0,MW,ES,ES,forecast_onshore_wind_generation,Wind Onshore,2026-08-08T07:26:42Z
2026-08-08T07:21:23Z,2026-08-08T09:21:23+0200,a13a8e1c-07bb-4e38-addf-c4d0871b05cd,2026-08-04T16:30:00Z,2026-08-04T18:30:00+0200,4359.0,MW,ES,ES,forecast_onshore_wind_generation,Wind Onshore,2026-08-08T07:26:42Z
2026-08-08T07:21:23Z,2026-08-08T09:21:23+0200,a13a8e1c-07bb-4e38-addf-c4d0871b05cd,2026-08-04T16:45:00Z,2026-08-04T18:45:00+0200,4523.0,MW,ES,ES,forecast_onshore_wind_generation,Wind Onshore,2026-08-08T07:26:42Z
2026-08-08T07:21:23Z,2026-08-08T09:21:23+0200,a13a8e1c-07bb-4e38-addf-c4d0871b05cd,2026-08-04T17:00:00Z,2026-08-04T19:00:00+0200,4724.0,MW,ES,ES,forecast_onshore_wind_generation,Wind Onshore,2026-08-08T07:26:42Z
2026-08-08T07:21:23Z,2026-08-08T09:21:23+0200,a13a8e1c-07bb-4e38-addf-c4d0871b05cd,2026-08-04T17:15:00Z,2026-08-04T19:15:00+0200,4910.0,MW,ES,ES,forecast_onshore_wind_generation,Wind Onshore,2026-08-08T07:26:42Z
2026-08-08T07:21:23Z,2026-08-08T09:21:23+0200,a13a8e1c-07bb-4e38-addf-c4d0871b05cd,2026-08-04T17:30:00Z,2026-08-04T19:30:00+0200,5072.0,MW,ES,ES,forecast_onshore_wind_generation,Wind Onshore,2026-08-08T07:26:42Z
2026-08-08T07:21:23Z,2026-08-08T09:21:23+0200,a13a8e1c-07bb-4e38-addf-c4d0871b05cd,2026-08-04T17:45:00Z,2026-08-04T19:45:00+0200,5212.0,MW,ES,ES,forecast_onshore_wind_generation,Wind Onshore,2026-08-08T07:26:42Z
2026-08-08T07:21:23Z,2026-08-08T09:21:23+0200,a13a8e1c-07bb-4e38-addf-c4d0871b05cd,2026-08-04T18:00:00Z,2026-08-04T20:00:00+0200,5550.0,MW,ES,ES,forecast_onshore_wind_generation,Wind Onshore,2026-08-08T07:26:42Z
2026-08-08T07:21:23Z,2026-08-08T09:21:23+0200,a13a8e1c-07bb-4e38-addf-c4d0871b05cd,2026-08-04T18:15:00Z,2026-08-04T20:15:00+0200,5666.0,MW,ES,ES,forecast_onshore_wind_generation,Wind Onshore,2026-08-08T07:26:42Z
2026-08-08T07:21:23Z,2026-08-08T09:21:23+0200,a13a8e1c-07bb-4e38-addf-c4d0871b05cd,2026-08-04T18:30:00Z,2026-08-04T20:30:00+0200,5780.0,MW,ES,ES,forecast_onshore_wind_generation,Wind Onshore,2026-08-08T07:26:42Z
2026-08-08T07:21:23Z,2026-08-08T09:21:23+0200,a13a8e1c-07bb-4e38-addf-c4d0871b05cd,2026-08-04T18:45:00Z,2026-08-04T20:45:00+0200,5886.0,MW,ES,ES,forecast_onshore_wind_generation,Wind Onshore,2026-08-08T07:26:42Z
2026-08-08T07:21:23Z,2026-08-08T09:21:23+0200,a13a8e1c-07bb-4e38-addf-c4d0871b05cd,2026-08-04T19:00:00Z,2026-08-04T21:00:00+0200,6059.0,MW,ES,ES,forecast_onshore_wind_generation,Wind Onshore,2026-08-08T07:26:42Z
2026-08-08T07:21:23Z,2026-08-08T09:21:23+0200,a13a8e1c-07bb-4e38-addf-c4d0871b05cd,2026-08-04T19:15:00Z,2026-08-04T21:15:00+0200,6131.0,MW,ES,ES,forecast_onshore_wind_generation,Wind Onshore,2026-08-08T07:26:42Z
2026-08-08T07:21:23Z,2026-08-08T09:21:23+0200,a13a8e1c-07bb-4e38-addf-c4d0871b05cd,2026-08-04T19:30:00Z,2026-08-04T21:30:00+0200,6179.0,MW,ES,ES,forecast_onshore_wind_generation,Wind Onshore,2026-08-08T07:26:42Z
2026-08-08T07:21:23Z,2026-08-08T09:21:23+0200,a13a8e1c-07bb-4e38-addf-c4d0871b05cd,2026-08-04T19:45:00Z,2026-08-04T21:45:00+0200,6206.0,MW,ES,ES,forecast_onshore_wind_generation,Wind Onshore,2026-08-08T07:26:42Z
2026-08-08T07:21:23Z,2026-08-08T09:21:23+0200,a13a8e1c-07bb-4e38-addf-c4d0871b05cd,2026-08-04T20:00:00Z,2026-08-04T22:00:00+0200,6229.0,MW,ES,ES,forecast_onshore_wind_generation,Wind Onshore,2026-08-08T07:26:42Z
2026-08-08T07:21:23Z,2026-08-08T09:21:23+0200,a13a8e1c-07bb-4e38-addf-c4d0871b05cd,2026-08-04T20:15:00Z,2026-08-04T22:15:00+0200,6238.0,MW,ES,ES,forecast_onshore_wind_generation,Wind Onshore,2026-08-08T07:26:42Z
2026-08-08T07:21:23Z,2026-08-08T09:21:23+0200,a13a8e1c-07bb-4e38-addf-c4d0871b05cd,2026-08-04T20:30:00Z,2026-08-04T22:30:00+0200,6244.0,MW,ES,ES,forecast_onshore_wind_generation,Wind Onshore,2026-08-08T07:26:42Z
2026-08-08T07:21:23Z,2026-08-08T09:21:23+0200,a13a8e1c-07bb-4e38-addf-c4d0871b05cd,2026-08-04T20:45:00Z,2026-08-04T22:45:00+0200,6246.0,MW,ES,ES,forecast_onshore_wind_generation,Wind Onshore,2026-08-08T07:26:42Z
2026-08-08T07:21:23Z,2026-08-08T09:21:23+0200,a13a8e1c-07bb-4e38-addf-c4d0871b05cd,2026-08-04T21:00:00Z,2026-08-04T23:00:00+0200,6236.0,MW,ES,ES,forecast_onshore_wind_generation,Wind Onshore,2026-08-08T07:26:42Z
2026-08-08T07:21:23Z,2026-08-08T09:21:23+0200,a13a8e1c-07bb-4e38-addf-c4d0871b05cd,2026-08-04T21:15:00Z,2026-08-04T23:15:00+0200,6206.0,MW,ES,ES,forecast_onshore_wind_generation,Wind Onshore,2026-08-08T07:26:42Z
2026-08-08T07:21:23Z,2026-08-08T09:21:23+0200,a13a8e1c-07bb-4e38-addf-c4d0871b05cd,2026-08-04T21:30:00Z,2026-08-04T23:30:00+0200,6152.0,MW,ES,ES,forecast_onshore_wind_generation,Wind Onshore,2026-08-08T07:26:42Z
2026-08-08T07:21:23Z,2026-08-08T09:21:23+0200,a13a8e1c-07bb-4e38-addf-c4d0871b05cd,2026-08-04T21:45:00Z,2026-08-04T23:45:00+0200,6074.0,MW,ES,ES,forecast_onshore_wind_generation,Wind Onshore,2026-08-08T07:26:42Z
2026-08-08T07:21:23Z,2026-08-08T09:21:23+0200,a13a8e1c-07bb-4e38-addf-c4d0871b05cd,2026-08-04T22:00:00Z,2026-08-05T00:00:00+0200,5966.0,MW,ES,ES,forecast_onshore_wind_generation,Wind Onshore,2026-08-08T07:26:42Z
2026-08-08T07:21:23Z,2026-08-08T09:21:23+0200,a13a8e1c-07bb-4e38-addf-c4d0871b05cd,2026-08-04T22:15:00Z,2026-08-05T00:15:00+0200,5831.0,MW,ES,ES,forecast_onshore_wind_generation,Wind Onshore,2026-08-08T07:26:42Z
2026-08-08T07:21:23Z,2026-08-08T09:21:23+0200,a13a8e1c-07bb-4e38-addf-c4d0871b05cd,2026-08-04T22:30:00Z,2026-08-05T00:30:00+0200,5698.0,MW,ES,ES,forecast_onshore_wind_generation,Wind Onshore,2026-08-08T07:26:42Z
2026-08-08T07:21:23Z,2026-08-08T09:21:23+0200,a13a8e1c-07bb-4e38-addf-c4d0871b05cd,2026-08-04T22:45:00Z,2026-08-05T00:45:00+0200,5568.0,MW,ES,ES,forecast_onshore_wind_generation,Wind Onshore,2026-08-08T07:26:42Z
2026-08-08T07:21:23Z,2026-08-08T09:21:23+0200,a13a8e1c-07bb-4e38-addf-c4d0871b05cd,2026-08-04T23:00:00Z,2026-08-05T01:00:00+0200,5431.0,MW,ES,ES,forecast_onshore_wind_generation,Wind Onshore,2026-08-08T07:26:42Z
2026-08-08T07:21:23Z,2026-08-08T09:21:23+0200,a13a8e1c-07bb-4e38-addf-c4d0871b05cd,2026-08-04T23:15:00Z,2026-08-05T01:15:00+0200,5292.0,MW,ES,ES,forecast_onshore_wind_generation,Wind Onshore,2026-08-08T07:26:42Z
2026-08-08T07:21:23Z,2026-08-08T09:21:23+0200,a13a8e1c-07bb-4e38-addf-c4d0871b05cd,2026-08-04T23:30:00Z,2026-08-05T01:30:00+0200,5148.0,MW,ES,ES,forecast_onshore_wind_generation,Wind Onshore,2026-08-08T07:26:42Z
2026-08-08T07:21:23Z,2026-08-08T09:21:23+0200,a13a8e1c-07bb-4e38-addf-c4d0871b05cd,2026-08-04T23:45:00Z,2026-08-05T01:45:00+0200,4998.0,MW,ES,ES,forecast_onshore_wind_generation,Wind Onshore,2026-08-08T07:26:42Z
2026-08-08T07:21:23Z,2026-08-08T09:21:23+0200,a13a8e1c-07bb-4e38-addf-c4d0871b05cd,2026-08-05T00:00:00Z,2026-08-05T02:00:00+0200,4836.0,MW,ES,ES,forecast_onshore_wind_generation,Wind Onshore,2026-08-08T07:26:42Z
2026-08-08T07:21:23Z,2026-08-08T09:21:23+0200,a13a8e1c-07bb-4e38-addf-c4d0871b05cd,2026-08-05T00:15:00Z,2026-08-05T02:15:00+0200,4691.0,MW,ES,ES,forecast_onshore_wind_generation,Wind Onshore,2026-08-08T07:26:42Z
2026-08-08T07:21:23Z,2026-08-08T09:21:23+0200,a13a8e1c-07bb-4e38-addf-c4d0871b05cd,2026-08-05T00:30:00Z,2026-08-05T02:30:00+0200,4552.0,MW,ES,ES,forecast_onshore_wind_generation,Wind Onshore,2026-08-08T07:26:42Z
2026-08-08T07:21:23Z,2026-08-08T09:21:23+0200,a13a8e1c-07bb-4e38-addf-c4d0871b05cd,2026-08-05T00:45:00Z,2026-08-05T02:45:00+0200,4420.0,MW,ES,ES,forecast_onshore_wind_generation,Wind Onshore,2026-08-08T07:26:42Z
2026-08-08T07:21:23Z,2026-08-08T09:21:23+0200,a13a8e1c-07bb-4e38-addf-c4d0871b05cd,2026-08-05T01:00:00Z,2026-08-05T03:00:00+0200,4287.0,MW,ES,ES,forecast_onshore_wind_generation,Wind Onshore,2026-08-08T07:26:42Z
2026-08-08T07:21:23Z,2026-08-08T09:21:23+0200,a13a8e1c-07bb-4e38-addf-c4d0871b05cd,2026-08-05T01:15:00Z,2026-08-05T03:15:00+0200,4167.0,MW,ES,ES,forecast_onshore_wind_generation,Wind Onshore,2026-08-08T07:26:42Z
2026-08-08T07:21:23Z,2026-08-08T09:21:23+0200,a13a8e1c-07bb-4e38-addf-c4d0871b05cd,2026-08-05T01:30:00Z,2026-08-05T03:30:00+0200,4052.0,MW,ES,ES,forecast_onshore_wind_generation,Wind Onshore,2026-08-08T07:26:42Z
2026-08-08T07:21:23Z,2026-08-08T09:21:23+0200,a13a8e1c-07bb-4e38-addf-c4d0871b05cd,2026-08-05T01:45:00Z,2026-08-05T03:45:00+0200,3942.0,MW,ES,ES,forecast_onshore_wind_generation,Wind Onshore,2026-08-08T07:26:42Z
2026-08-08T07:21:23Z,2026-08-08T09:21:23+0200,a13a8e1c-07bb-4e38-addf-c4d0871b05cd,2026-08-05T02:00:00Z,2026-08-05T04:00:00+0200,3851.0,MW,ES,ES,forecast_onshore_wind_generation,Wind Onshore,2026-08-08T07:26:42Z
2026-08-08T07:21:23Z,2026-08-08T09:21:23+0200,a13a8e1c-07bb-4e38-addf-c4d0871b05cd,2026-08-05T02:15:00Z,2026-08-05T04:15:00+0200,3751.0,MW,ES,ES,forecast_onshore_wind_generation,Wind Onshore,2026-08-08T07:26:42Z
2026-08-08T07:21:23Z,2026-08-08T09:21:23+0200,a13a8e1c-07bb-4e38-addf-c4d0871b05cd,2026-08-05T02:30:00Z,2026-08-05T04:30:00+0200,3657.0,MW,ES,ES,forecast_onshore_wind_generation,Wind Onshore,2026-08-08T07:26:42Z
2026-08-08T07:21:23Z,2026-08-08T09:21:23+0200,a13a8e1c-07bb-4e38-addf-c4d0871b05cd,2026-08-05T02:45:00Z,2026-08-05T04:45:00+0200,3568.0,MW,ES,ES,forecast_onshore_wind_generation,Wind Onshore,2026-08-08T07:26:42Z
2026-08-08T07:21:23Z,2026-08-08T09:21:23+0200,a13a8e1c-07bb-4e38-addf-c4d0871b05cd,2026-08-05T03:00:00Z,2026-08-05T05:00:00+0200,3490.0,MW,ES,ES,forecast_onshore_wind_generation,Wind Onshore,2026-08-08T07:26:42Z
2026-08-08T07:21:23Z,2026-08-08T09:21:23+0200,a13a8e1c-07bb-4e38-addf-c4d0871b05cd,2026-08-05T03:15:00Z,2026-08-05T05:15:00+0200,3405.0,MW,ES,ES,forecast_onshore_wind_generation,Wind Onshore,2026-08-08T07:26:42Z
2026-08-08T07:21:23Z,2026-08-08T09:21:23+0200,a13a8e1c-07bb-4e38-addf-c4d0871b05cd,2026-08-05T03:30:00Z,2026-08-05T05:30:00+0200,3322.0,MW,ES,ES,forecast_onshore_wind_generation,Wind Onshore,2026-08-08T07:26:42Z
2026-08-08T07:21:23Z,2026-08-08T09:21:23+0200,a13a8e1c-07bb-4e38-addf-c4d0871b05cd,2026-08-05T03:45:00Z,2026-08-05T05:45:00+0200,3236.0,MW,ES,ES,forecast_onshore_wind_generation,Wind Onshore,2026-08-08T07:26:42Z
2026-08-08T07:21:23Z,2026-08-08T09:21:23+0200,a13a8e1c-07bb-4e38-addf-c4d0871b05cd,2026-08-05T04:00:00Z,2026-08-05T06:00:00+0200,3175.0,MW,ES,ES,forecast_onshore_wind_generation,Wind Onshore,2026-08-08T07:26:42Z
2026-08-08T07:21:23Z,2026-08-08T09:21:23+0200,a13a8e1c-07bb-4e38-addf-c4d0871b05cd,2026-08-05T04:15:00Z,2026-08-05T06:15:00+0200,3074.0,MW,ES,ES,forecast_onshore_wind_generation,Wind Onshore,2026-08-08T07:26:42Z
2026-08-08T07:21:23Z,2026-08-08T09:21:23+0200,a13a8e1c-07bb-4e38-addf-c4d0871b05cd,2026-08-05T04:30:00Z,2026-08-05T06:30:00+0200,2959.0,MW,ES,ES,forecast_onshore_wind_generation,Wind Onshore,2026-08-08T07:26:42Z
2026-08-08T07:21:23Z,2026-08-08T09:21:23+0200,a13a8e1c-07bb-4e38-addf-c4d0871b05cd,2026-08-05T04:45:00Z,2026-08-05T06:45:00+0200,2834.0,MW,ES,ES,forecast_onshore_wind_generation,Wind Onshore,2026-08-08T07:26:42Z
2026-08-08T07:21:23Z,2026-08-08T09:21:23+0200,a13a8e1c-07bb-4e38-addf-c4d0871b05cd,2026-08-05T05:00:00Z,2026-08-05T07:00:00+0200,2725.0,MW,ES,ES,forecast_onshore_wind_generation,Wind Onshore,2026-08-08T07:26:42Z
2026-08-08T07:21:23Z,2026-08-08T09:21:23+0200,a13a8e1c-07bb-4e38-addf-c4d0871b05cd,2026-08-05T05:15:00Z,2026-08-05T07:15:00+0200,2588.0,MW,ES,ES,forecast_onshore_wind_generation,Wind Onshore,2026-08-08T07:26:42Z
2026-08-08T07:21:23Z,2026-08-08T09:21:23+0200,a13a8e1c-07bb-4e38-addf-c4d0871b05cd,2026-08-05T05:30:00Z,2026-08-05T07:30:00+0200,2449.0,MW,ES,ES,forecast_onshore_wind_generation,Wind Onshore,2026-08-08T07:26:42Z
2026-08-08T07:21:23Z,2026-08-08T09:21:23+0200,a13a8e1c-07bb-4e38-addf-c4d0871b05cd,2026-08-05T05:45:00Z,2026-08-05T07:45:00+0200,2311.0,MW,ES,ES,forecast_onshore_wind_generation,Wind Onshore,2026-08-08T07:26:42Z
2026-08-08T07:21:23Z,2026-08-08T09:21:23+0200,a13a8e1c-07bb-4e38-addf-c4d0871b05cd,2026-08-05T06:00:00Z,2026-08-05T08:00:00+0200,2192.0,MW,ES,ES,forecast_onshore_wind_generation,Wind Onshore,2026-08-08T07:26:42Z
2026-08-08T07:21:23Z,2026-08-08T09:21:23+0200,a13a8e1c-07bb-4e38-addf-c4d0871b05cd,2026-08-05T06:15:00Z,2026-08-05T08:15:00+0200,2059.0,MW,ES,ES,forecast_onshore_wind_generation,Wind Onshore,2026-08-08T07:26:42Z
2026-08-08T07:21:23Z,2026-08-08T09:21:23+0200,a13a8e1c-07bb-4e38-addf-c4d0871b05cd,2026-08-05T06:30:00Z,2026-08-05T08:30:00+0200,1929.0,MW,ES,ES,forecast_onshore_wind_generation,Wind Onshore,2026-08-08T07:26:42Z
2026-08-08T07:21:23Z,2026-08-08T09:21:23+0200,a13a8e1c-07bb-4e38-addf-c4d0871b05cd,2026-08-05T06:45:00Z,2026-08-05T08:45:00+0200,1772.0,MW,ES,ES,forecast_onshore_wind_generation,Wind Onshore,2026-08-08T07:26:42Z
2026-08-08T07:21:23Z,2026-08-08T09:21:23+0200,a13a8e1c-07bb-4e38-addf-c4d0871b05cd,2026-08-05T07:00:00Z,2026-08-05T09:00:00+0200,1638.0,MW,ES,ES,forecast_onshore_wind_generation,Wind Onshore,2026-08-08T07:26:42Z
2026-08-08T07:21:23Z,2026-08-08T09:21:23+0200,a13a8e1c-07bb-4e38-addf-c4d0871b05cd,2026-08-05T07:15:00Z,2026-08-05T09:15:00+0200,1542.0,MW,ES,ES,forecast_onshore_wind_generation,Wind Onshore,2026-08-08T07:26:42Z
2026-08-08T07:21:23Z,2026-08-08T09:21:23+0200,a13a8e1c-07bb-4e38-addf-c4d0871b05cd,2026-08-05T07:30:00Z,2026-08-05T09:30:00+0200,1460.0,MW,ES,ES,forecast_onshore_wind_generation,Wind Onshore,2026-08-08T07:26:42Z
2026-08-08T07:21:23Z,2026-08-08T09:21:23+0200,a13a8e1c-07bb-4e38-addf-c4d0871b05cd,2026-08-05T07:45:00Z,2026-08-05T09:45:00+0200,1392.0,MW,ES,ES,forecast_onshore_wind_generation,Wind Onshore,2026-08-08T07:26:42Z
2026-08-08T07:21:23Z,2026-08-08T09:21:23+0200,a13a8e1c-07bb-4e38-addf-c4d0871b05cd,2026-08-05T08:00:00Z,2026-08-05T10:00:00+0200,1290.0,MW,ES,ES,forecast_onshore_wind_generation,Wind Onshore,2026-08-08T07:26:42Z
2026-08-08T07:21:23Z,2026-08-08T09:21:23+0200,a13a8e1c-07bb-4e38-addf-c4d0871b05cd,2026-08-05T08:15:00Z,2026-08-05T10:15:00+0200,1258.0,MW,ES,ES,forecast_onshore_wind_generation,Wind Onshore,2026-08-08T07:26:42Z
2026-08-08T07:21:23Z,2026-08-08T09:21:23+0200,a13a8e1c-07bb-4e38-addf-c4d0871b05cd,2026-08-05T08:30:00Z,2026-08-05T10:30:00+0200,1239.0,MW,ES,ES,forecast_onshore_wind_generation,Wind Onshore,2026-08-08T07:26:42Z
2026-08-08T07:21:23Z,2026-08-08T09:21:23+0200,a13a8e1c-07bb-4e38-addf-c4d0871b05cd,2026-08-05T08:45:00Z,2026-08-05T10:45:00+0200,1231.0,MW,ES,ES,forecast_onshore_wind_generation,Wind Onshore,2026-08-08T07:26:42Z
2026-08-08T07:21:23Z,2026-08-08T09:21:23+0200,a13a8e1c-07bb-4e38-addf-c4d0871b05cd,2026-08-05T09:00:00Z,2026-08-05T11:00:00+0200,1211.0,MW,ES,ES,forecast_onshore_wind_generation,Wind Onshore,2026-08-08T07:26:42Z
2026-08-08T07:21:23Z,2026-08-08T09:21:23+0200,a13a8e1c-07bb-4e38-addf-c4d0871b05cd,2026-08-05T09:15:00Z,2026-08-05T11:15:00+0200,1230.0,MW,ES,ES,forecast_onshore_wind_generation,Wind Onshore,2026-08-08T07:26:42Z
2026-08-08T07:21:23Z,2026-08-08T09:21:23+0200,a13a8e1c-07bb-4e38-addf-c4d0871b05cd,2026-08-05T09:30:00Z,2026-08-05T11:30:00+0200,1255.0,MW,ES,ES,forecast_onshore_wind_generation,Wind Onshore,2026-08-08T07:26:42Z
2026-08-08T07:21:23Z,2026-08-08T09:21:23+0200,a13a8e1c-07bb-4e38-addf-c4d0871b05cd,2026-08-05T09:45:00Z,2026-08-05T11:45:00+0200,1285.0,MW,ES,ES,forecast_onshore_wind_generation,Wind Onshore,2026-08-08T07:26:42Z
2026-08-08T07:21:23Z,2026-08-08T09:21:23+0200,a13a8e1c-07bb-4e38-addf-c4d0871b05cd,2026-08-05T10:00:00Z,2026-08-05T12:00:00+0200,1288.0,MW,ES,ES,forecast_onshore_wind_generation,Wind Onshore,2026-08-08T07:26:42Z
2026-08-08T07:21:23Z,2026-08-08T09:21:23+0200,a13a8e1c-07bb-4e38-addf-c4d0871b05cd,2026-08-05T10:15:00Z,2026-08-05T12:15:00+0200,1350.0,MW,ES,ES,forecast_onshore_wind_generation,Wind Onshore,2026-08-08T07:26:42Z
2026-08-08T07:21:23Z,2026-08-08T09:21:23+0200,a13a8e1c-07bb-4e38-addf-c4d0871b05cd,2026-08-05T10:30:00Z,2026-08-05T12:30:00+0200,1426.0,MW,ES,ES,forecast_onshore_wind_generation,Wind Onshore,2026-08-08T07:26:42Z
2026-08-08T07:21:23Z,2026-08-08T09:21:23+0200,a13a8e1c-07bb-4e38-addf-c4d0871b05cd,2026-08-05T10:45:00Z,2026-08-05T12:45:00+0200,1512.0,MW,ES,ES,forecast_onshore_wind_generation,Wind Onshore,2026-08-08T07:26:42Z
2026-08-08T07:21:23Z,2026-08-08T09:21:23+0200,a13a8e1c-07bb-4e38-addf-c4d0871b05cd,2026-08-05T11:00:00Z,2026-08-05T13:00:00+0200,1544.0,MW,ES,ES,forecast_onshore_wind_generation,Wind Onshore,2026-08-08T07:26:42Z
2026-08-08T07:21:23Z,2026-08-08T09:21:23+0200,a13a8e1c-07bb-4e38-addf-c4d0871b05cd,2026-08-05T11:15:00Z,2026-08-05T13:15:00+0200,1640.0,MW,ES,ES,forecast_onshore_wind_generation,Wind Onshore,2026-08-08T07:26:42Z
2026-08-08T07:21:23Z,2026-08-08T09:21:23+0200,a13a8e1c-07bb-4e38-addf-c4d0871b05cd,2026-08-05T11:30:00Z,2026-08-05T13:30:00+0200,1745.0,MW,ES,ES,forecast_onshore_wind_generation,Wind Onshore,2026-08-08T07:26:42Z
2026-08-08T07:21:23Z,2026-08-08T09:21:23+0200,a13a8e1c-07bb-4e38-addf-c4d0871b05cd,2026-08-05T11:45:00Z,2026-08-05T13:45:00+0200,1845.0,MW,ES,ES,forecast_onshore_wind_generation,Wind Onshore,2026-08-08T07:26:42Z
2026-08-08T07:21:23Z,2026-08-08T09:21:23+0200,a13a8e1c-07bb-4e38-addf-c4d0871b05cd,2026-08-05T12:00:00Z,2026-08-05T14:00:00+0200,1871.0,MW,ES,ES,forecast_onshore_wind_generation,Wind Onshore,2026-08-08T07:26:42Z
2026-08-08T07:21:23Z,2026-08-08T09:21:23+0200,a13a8e1c-07bb-4e38-addf-c4d0871b05cd,2026-08-05T12:15:00Z,2026-08-05T14:15:00+0200,1988.0,MW,ES,ES,forecast_onshore_wind_generation,Wind Onshore,2026-08-08T07:26:42Z
2026-08-08T07:21:23Z,2026-08-08T09:21:23+0200,a13a8e1c-07bb-4e38-addf-c4d0871b05cd,2026-08-05T12:30:00Z,2026-08-05T14:30:00+0200,2123.0,MW,ES,ES,forecast_onshore_wind_generation,Wind Onshore,2026-08-08T07:26:42Z
2026-08-08T07:21:23Z,2026-08-08T09:21:23+0200,a13a8e1c-07bb-4e38-addf-c4d0871b05cd,2026-08-05T12:45:00Z,2026-08-05T14:45:00+0200,2263.0,MW,ES,ES,forecast_onshore_wind_generation,Wind Onshore,2026-08-08T07:26:42Z
2026-08-08T07:21:23Z,2026-08-08T09:21:23+0200,a13a8e1c-07bb-4e38-addf-c4d0871b05cd,2026-08-05T13:00:00Z,2026-08-05T15:00:00+0200,2443.0,MW,ES,ES,forecast_onshore_wind_generation,Wind Onshore,2026-08-08T07:26:42Z
2026-08-08T07:21:23Z,2026-08-08T09:21:23+0200,a13a8e1c-07bb-4e38-addf-c4d0871b05cd,2026-08-05T13:15:00Z,2026-08-05T15:15:00+0200,2588.0,MW,ES,ES,forecast_onshore_wind_generation,Wind Onshore,2026-08-08T07:26:42Z
2026-08-08T07:21:23Z,2026-08-08T09:21:23+0200,a13a8e1c-07bb-4e38-addf-c4d0871b05cd,2026-08-05T13:30:00Z,2026-08-05T15:30:00+0200,2734.0,MW,ES,ES,forecast_onshore_wind_generation,Wind Onshore,2026-08-08T07:26:42Z
2026-08-08T07:21:23Z,2026-08-08T09:21:23+0200,a13a8e1c-07bb-4e38-addf-c4d0871b05cd,2026-08-05T13:45:00Z,2026-08-05T15:45:00+0200,2879.0,MW,ES,ES,forecast_onshore_wind_generation,Wind Onshore,2026-08-08T07:26:42Z
2026-08-08T07:21:23Z,2026-08-08T09:21:23+0200,a13a8e1c-07bb-4e38-addf-c4d0871b05cd,2026-08-05T14:00:00Z,2026-08-05T16:00:00+0200,2937.0,MW,ES,ES,forecast_onshore_wind_generation,Wind Onshore,2026-08-08T07:26:42Z
2026-08-08T07:21:23Z,2026-08-08T09:21:23+0200,a13a8e1c-07bb-4e38-addf-c4d0871b05cd,2026-08-05T14:15:00Z,2026-08-05T16:15:00+0200,3086.0,MW,ES,ES,forecast_onshore_wind_generation,Wind Onshore,2026-08-08T07:26:42Z
2026-08-08T07:21:23Z,2026-08-08T09:21:23+0200,a13a8e1c-07bb-4e38-addf-c4d0871b05cd,2026-08-05T14:30:00Z,2026-08-05T16:30:00+0200,3250.0,MW,ES,ES,forecast_onshore_wind_generation,Wind Onshore,2026-08-08T07:26:42Z
2026-08-08T07:21:23Z,2026-08-08T09:21:23+0200,a13a8e1c-07bb-4e38-addf-c4d0871b05cd,2026-08-05T14:45:00Z,2026-08-05T16:45:00+0200,3434.0,MW,ES,ES,forecast_onshore_wind_generation,Wind Onshore,2026-08-08T07:26:42Z
2026-08-08T07:21:23Z,2026-08-08T09:21:23+0200,a13a8e1c-07bb-4e38-addf-c4d0871b05cd,2026-08-05T15:00:00Z,2026-08-05T17:00:00+0200,3630.0,MW,ES,ES,forecast_onshore_wind_generation,Wind Onshore,2026-08-08T07:26:42Z
2026-08-08T07:21:23Z,2026-08-08T09:21:23+0200,a13a8e1c-07bb-4e38-addf-c4d0871b05cd,2026-08-05T15:15:00Z,2026-08-05T17:15:00+0200,3844.0,MW,ES,ES,forecast_onshore_wind_generation,Wind Onshore,2026-08-08T07:26:42Z
2026-08-08T07:21:23Z,2026-08-08T09:21:23+0200,a13a8e1c-07bb-4e38-addf-c4d0871b05cd,2026-08-05T15:30:00Z,2026-08-05T17:30:00+0200,4082.0,MW,ES,ES,forecast_onshore_wind_generation,Wind Onshore,2026-08-08T07:26:42Z
2026-08-08T07:21:23Z,2026-08-08T09:21:23+0200,a13a8e1c-07bb-4e38-addf-c4d0871b05cd,2026-08-05T15:45:00Z,2026-08-05T17:45:00+0200,4330.0,MW,ES,ES,forecast_onshore_wind_generation,Wind Onshore,2026-08-08T07:26:42Z
2026-08-08T07:21:23Z,2026-08-08T09:21:23+0200,a13a8e1c-07bb-4e38-addf-c4d0871b05cd,2026-08-05T16:00:00Z,2026-08-05T18:00:00+0200,4720.0,MW,ES,ES,forecast_onshore_wind_generation,Wind Onshore,2026-08-08T07:26:42Z
2026-08-08T07:21:23Z,2026-08-08T09:21:23+0200,a13a8e1c-07bb-4e38-addf-c4d0871b05cd,2026-08-05T16:15:00Z,2026-08-05T18:15:00+0200,4977.0,MW,ES,ES,forecast_onshore_wind_generation,Wind Onshore,2026-08-08T07:26:42Z
2026-08-08T07:21:23Z,2026-08-08T09:21:23+0200,a13a8e1c-07bb-4e38-addf-c4d0871b05cd,2026-08-05T16:30:00Z,2026-08-05T18:30:00+0200,5215.0,MW,ES,ES,forecast_onshore_wind_generation,Wind Onshore,2026-08-08T07:26:42Z
2026-08-08T07:21:23Z,2026-08-08T09:21:23+0200,a13a8e1c-07bb-4e38-addf-c4d0871b05cd,2026-08-05T16:45:00Z,2026-08-05T18:45:00+0200,5443.0,MW,ES,ES,forecast_onshore_wind_generation,Wind Onshore,2026-08-08T07:26:42Z
2026-08-08T07:21:23Z,2026-08-08T09:21:23+0200,a13a8e1c-07bb-4e38-addf-c4d0871b05cd,2026-08-05T17:00:00Z,2026-08-05T19:00:00+0200,6241.0,MW,ES,ES,forecast_onshore_wind_generation,Wind Onshore,2026-08-08T07:26:42Z
2026-08-08T07:21:23Z,2026-08-08T09:21:23+0200,a13a8e1c-07bb-4e38-addf-c4d0871b05cd,2026-08-05T17:15:00Z,2026-08-05T19:15:00+0200,6494.0,MW,ES,ES,forecast_onshore_wind_generation,Wind Onshore,2026-08-08T07:26:42Z
2026-08-08T07:21:23Z,2026-08-08T09:21:23+0200,a13a8e1c-07bb-4e38-addf-c4d0871b05cd,2026-08-05T17:30:00Z,2026-08-05T19:30:00+0200,6714.0,MW,ES,ES,forecast_onshore_wind_generation,Wind Onshore,2026-08-08T07:26:42Z
2026-08-08T07:21:23Z,2026-08-08T09:21:23+0200,a13a8e1c-07bb-4e38-addf-c4d0871b05cd,2026-08-05T17:45:00Z,2026-08-05T19:45:00+0200,6859.0,MW,ES,ES,forecast_onshore_wind_generation,Wind Onshore,2026-08-08T07:26:42Z
2026-08-08T07:21:23Z,2026-08-08T09:21:23+0200,a13a8e1c-07bb-4e38-addf-c4d0871b05cd,2026-08-05T18:00:00Z,2026-08-05T20:00:00+0200,7373.0,MW,ES,ES,forecast_onshore_wind_generation,Wind Onshore,2026-08-08T07:26:42Z
2026-08-08T07:21:23Z,2026-08-08T09:21:23+0200,a13a8e1c-07bb-4e38-addf-c4d0871b05cd,2026-08-05T18:15:00Z,2026-08-05T20:15:00+0200,7550.0,MW,ES,ES,forecast_onshore_wind_generation,Wind Onshore,2026-08-08T07:26:42Z
2026-08-08T07:21:23Z,2026-08-08T09:21:23+0200,a13a8e1c-07bb-4e38-addf-c4d0871b05cd,2026-08-05T18:30:00Z,2026-08-05T20:30:00+0200,7702.0,MW,ES,ES,forecast_onshore_wind_generation,Wind Onshore,2026-08-08T07:26:42Z
2026-08-08T07:21:23Z,2026-08-08T09:21:23+0200,a13a8e1c-07bb-4e38-addf-c4d0871b05cd,2026-08-05T18:45:00Z,2026-08-05T20:45:00+0200,7834.0,MW,ES,ES,forecast_onshore_wind_generation,Wind Onshore,2026-08-08T07:26:42Z
2026-08-08T07:21:23Z,2026-08-08T09:21:23+0200,a13a8e1c-07bb-4e38-addf-c4d0871b05cd,2026-08-05T19:00:00Z,2026-08-05T21:00:00+0200,7919.0,MW,ES,ES,forecast_onshore_wind_generation,Wind Onshore,2026-08-08T07:26:42Z
2026-08-08T07:21:23Z,2026-08-08T09:21:23+0200,a13a8e1c-07bb-4e38-addf-c4d0871b05cd,2026-08-05T19:15:00Z,2026-08-05T21:15:00+0200,8002.0,MW,ES,ES,forecast_onshore_wind_generation,Wind Onshore,2026-08-08T07:26:42Z
2026-08-08T07:21:23Z,2026-08-08T09:21:23+0200,a13a8e1c-07bb-4e38-addf-c4d0871b05cd,2026-08-05T19:30:00Z,2026-08-05T21:30:00+0200,8057.0,MW,ES,ES,forecast_onshore_wind_generation,Wind Onshore,2026-08-08T07:26:42Z
2026-08-08T07:21:23Z,2026-08-08T09:21:23+0200,a13a8e1c-07bb-4e38-addf-c4d0871b05cd,2026-08-05T19:45:00Z,2026-08-05T21:45:00+0200,8085.0,MW,ES,ES,forecast_onshore_wind_generation,Wind Onshore,2026-08-08T07:26:42Z
2026-08-08T07:21:23Z,2026-08-08T09:21:23+0200,a13a8e1c-07bb-4e38-addf-c4d0871b05cd,2026-08-05T20:00:00Z,2026-08-05T22:00:00+0200,8121.0,MW,ES,ES,forecast_onshore_wind_generation,Wind Onshore,2026-08-08T07:26:42Z
2026-08-08T07:21:23Z,2026-08-08T09:21:23+0200,a13a8e1c-07bb-4e38-addf-c4d0871b05cd,2026-08-05T20:15:00Z,2026-08-05T22:15:00+0200,8101.0,MW,ES,ES,forecast_onshore_wind_generation,Wind Onshore,2026-08-08T07:26:42Z
2026-08-08T07:21:23Z,2026-08-08T09:21:23+0200,a13a8e1c-07bb-4e38-addf-c4d0871b05cd,2026-08-05T20:30:00Z,2026-08-05T22:30:00+0200,8061.0,MW,ES,ES,forecast_onshore_wind_generation,Wind Onshore,2026-08-08T07:26:42Z
2026-08-08T07:21:23Z,2026-08-08T09:21:23+0200,a13a8e1c-07bb-4e38-addf-c4d0871b05cd,2026-08-05T20:45:00Z,2026-08-05T22:45:00+0200,8002.0,MW,ES,ES,forecast_onshore_wind_generation,Wind Onshore,2026-08-08T07:26:42Z
2026-08-08T07:21:23Z,2026-08-08T09:21:23+0200,a13a8e1c-07bb-4e38-addf-c4d0871b05cd,2026-08-05T21:00:00Z,2026-08-05T23:00:00+0200,7948.0,MW,ES,ES,forecast_onshore_wind_generation,Wind Onshore,2026-08-08T07:26:42Z
2026-08-08T07:21:23Z,2026-08-08T09:21:23+0200,a13a8e1c-07bb-4e38-addf-c4d0871b05cd,2026-08-05T21:15:00Z,2026-08-05T23:15:00+0200,7865.0,MW,ES,ES,forecast_onshore_wind_generation,Wind Onshore,2026-08-08T07:26:42Z
2026-08-08T07:21:23Z,2026-08-08T09:21:23+0200,a13a8e1c-07bb-4e38-addf-c4d0871b05cd,2026-08-05T21:30:00Z,2026-08-05T23:30:00+0200,7775.0,MW,ES,ES,forecast_onshore_wind_generation,Wind Onshore,2026-08-08T07:26:42Z
2026-08-08T07:21:23Z,2026-08-08T09:21:23+0200,a13a8e1c-07bb-4e38-addf-c4d0871b05cd,2026-08-05T21:45:00Z,2026-08-05T23:45:00+0200,7679.0,MW,ES,ES,forecast_onshore_wind_generation,Wind Onshore,2026-08-08T07:26:42Z
2026-08-08T07:21:23Z,2026-08-08T09:21:23+0200,a13a8e1c-07bb-4e38-addf-c4d0871b05cd,2026-08-05T22:00:00Z,2026-08-06T00:00:00+0200,7507.0,MW,ES,ES,forecast_onshore_wind_generation,Wind Onshore,2026-08-08T07:26:42Z
2026-08-08T07:21:23Z,2026-08-08T09:21:23+0200,a13a8e1c-07bb-4e38-addf-c4d0871b05cd,2026-08-05T22:15:00Z,2026-08-06T00:15:00+0200,7389.0,MW,ES,ES,forecast_onshore_wind_generation,Wind Onshore,2026-08-08T07:26:42Z
2026-08-08T07:21:23Z,2026-08-08T09:21:23+0200,a13a8e1c-07bb-4e38-addf-c4d0871b05cd,2026-08-05T22:30:00Z,2026-08-06T00:30:00+0200,7255.0,MW,ES,ES,forecast_onshore_wind_generation,Wind Onshore,2026-08-08T07:26:42Z
2026-08-08T07:21:23Z,2026-08-08T09:21:23+0200,a13a8e1c-07bb-4e38-addf-c4d0871b05cd,2026-08-05T22:45:00Z,2026-08-06T00:45:00+0200,7109.0,MW,ES,ES,forecast_onshore_wind_generation,Wind Onshore,2026-08-08T07:26:42Z
2026-08-08T07:21:23Z,2026-08-08T09:21:23+0200,a13a8e1c-07bb-4e38-addf-c4d0871b05cd,2026-08-05T23:00:00Z,2026-08-06T01:00:00+0200,7007.0,MW,ES,ES,forecast_onshore_wind_generation,Wind Onshore,2026-08-08T07:26:42Z
2026-08-08T07:21:23Z,2026-08-08T09:21:23+0200,a13a8e1c-07bb-4e38-addf-c4d0871b05cd,2026-08-05T23:15:00Z,2026-08-06T01:15:00+0200,6841.0,MW,ES,ES,forecast_onshore_wind_generation,Wind Onshore,2026-08-08T07:26:42Z
2026-08-08T07:21:23Z,2026-08-08T09:21:23+0200,a13a8e1c-07bb-4e38-addf-c4d0871b05cd,2026-08-05T23:30:00Z,2026-08-06T01:30:00+0200,6668.0,MW,ES,ES,forecast_onshore_wind_generation,Wind Onshore,2026-08-08T07:26:42Z
2026-08-08T07:21:23Z,2026-08-08T09:21:23+0200,a13a8e1c-07bb-4e38-addf-c4d0871b05cd,2026-08-05T23:45:00Z,2026-08-06T01:45:00+0200,6496.0,MW,ES,ES,forecast_onshore_wind_generation,Wind Onshore,2026-08-08T07:26:42Z
2026-08-08T07:21:23Z,2026-08-08T09:21:23+0200,a13a8e1c-07bb-4e38-addf-c4d0871b05cd,2026-08-06T00:00:00Z,2026-08-06T02:00:00+0200,6310.0,MW,ES,ES,forecast_onshore_wind_generation,Wind Onshore,2026-08-08T07:26:42Z
2026-08-08T07:21:23Z,2026-08-08T09:21:23+0200,a13a8e1c-07bb-4e38-addf-c4d0871b05cd,2026-08-06T00:15:00Z,2026-08-06T02:15:00+0200,6144.0,MW,ES,ES,forecast_onshore_wind_generation,Wind Onshore,2026-08-08T07:26:42Z
2026-08-08T07:21:23Z,2026-08-08T09:21:23+0200,a13a8e1c-07bb-4e38-addf-c4d0871b05cd,2026-08-06T00:30:00Z,2026-08-06T02:30:00+0200,5985.0,MW,ES,ES,forecast_onshore_wind_generation,Wind Onshore,2026-08-08T07:26:42Z
2026-08-08T07:21:23Z,2026-08-08T09:21:23+0200,a13a8e1c-07bb-4e38-addf-c4d0871b05cd,2026-08-06T00:45:00Z,2026-08-06T02:45:00+0200,5834.0,MW,ES,ES,forecast_onshore_wind_generation,Wind Onshore,2026-08-08T07:26:42Z
2026-08-08T07:21:23Z,2026-08-08T09:21:23+0200,a13a8e1c-07bb-4e38-addf-c4d0871b05cd,2026-08-06T01:00:00Z,2026-08-06T03:00:00+0200,5667.0,MW,ES,ES,forecast_onshore_wind_generation,Wind Onshore,2026-08-08T07:26:42Z
2026-08-08T07:21:23Z,2026-08-08T09:21:23+0200,a13a8e1c-07bb-4e38-addf-c4d0871b05cd,2026-08-06T01:15:00Z,2026-08-06T03:15:00+0200,5529.0,MW,ES,ES,forecast_onshore_wind_generation,Wind Onshore,2026-08-08T07:26:42Z
2026-08-08T07:21:23Z,2026-08-08T09:21:23+0200,a13a8e1c-07bb-4e38-addf-c4d0871b05cd,2026-08-06T01:30:00Z,2026-08-06T03:30:00+0200,5397.0,MW,ES,ES,forecast_onshore_wind_generation,Wind Onshore,2026-08-08T07:26:42Z
2026-08-08T07:21:23Z,2026-08-08T09:21:23+0200,a13a8e1c-07bb-4e38-addf-c4d0871b05cd,2026-08-06T01:45:00Z,2026-08-06T03:45:00+0200,5270.0,MW,ES,ES,forecast_onshore_wind_generation,Wind Onshore,2026-08-08T07:26:42Z
2026-08-08T07:21:23Z,2026-08-08T09:21:23+0200,a13a8e1c-07bb-4e38-addf-c4d0871b05cd,2026-08-06T02:00:00Z,2026-08-06T04:00:00+0200,5132.0,MW,ES,ES,forecast_onshore_wind_generation,Wind Onshore,2026-08-08T07:26:42Z
2026-08-08T07:21:23Z,2026-08-08T09:21:23+0200,a13a8e1c-07bb-4e38-addf-c4d0871b05cd,2026-08-06T02:15:00Z,2026-08-06T04:15:00+0200,5020.0,MW,ES,ES,forecast_onshore_wind_generation,Wind Onshore,2026-08-08T07:26:42Z
2026-08-08T07:21:23Z,2026-08-08T09:21:23+0200,a13a8e1c-07bb-4e38-addf-c4d0871b05cd,2026-08-06T02:30:00Z,2026-08-06T04:30:00+0200,4916.0,MW,ES,ES,forecast_onshore_wind_generation,Wind Onshore,2026-08-08T07:26:42Z
2026-08-08T07:21:23Z,2026-08-08T09:21:23+0200,a13a8e1c-07bb-4e38-addf-c4d0871b05cd,2026-08-06T02:45:00Z,2026-08-06T04:45:00+0200,4817.0,MW,ES,ES,forecast_onshore_wind_generation,Wind Onshore,2026-08-08T07:26:42Z
2026-08-08T07:21:23Z,2026-08-08T09:21:23+0200,a13a8e1c-07bb-4e38-addf-c4d0871b05cd,2026-08-06T03:00:00Z,2026-08-06T05:00:00+0200,4725.0,MW,ES,ES,forecast_onshore_wind_generation,Wind Onshore,2026-08-08T07:26:42Z
2026-08-08T07:21:23Z,2026-08-08T09:21:23+0200,a13a8e1c-07bb-4e38-addf-c4d0871b05cd,2026-08-06T03:15:00Z,2026-08-06T05:15:00+0200,4623.0,MW,ES,ES,forecast_onshore_wind_generation,Wind Onshore,2026-08-08T07:26:42Z
2026-08-08T07:21:23Z,2026-08-08T09:21:23+0200,a13a8e1c-07bb-4e38-addf-c4d0871b05cd,2026-08-06T03:30:00Z,2026-08-06T05:30:00+0200,4515.0,MW,ES,ES,forecast_onshore_wind_generation,Wind Onshore,2026-08-08T07:26:42Z
2026-08-08T07:21:23Z,2026-08-08T09:21:23+0200,a13a8e1c-07bb-4e38-addf-c4d0871b05cd,2026-08-06T03:45:00Z,2026-08-06T05:45:00+0200,4399.0,MW,ES,ES,forecast_onshore_wind_generation,Wind Onshore,2026-08-08T07:26:42Z
2026-08-08T07:21:23Z,2026-08-08T09:21:23+0200,a13a8e1c-07bb-4e38-addf-c4d0871b05cd,2026-08-06T04:00:00Z,2026-08-06T06:00:00+0200,4304.0,MW,ES,ES,forecast_onshore_wind_generation,Wind Onshore,2026-08-08T07:26:42Z
2026-08-08T07:21:23Z,2026-08-08T09:21:23+0200,a13a8e1c-07bb-4e38-addf-c4d0871b05cd,2026-08-06T04:15:00Z,2026-08-06T06:15:00+0200,4171.0,MW,ES,ES,forecast_onshore_wind_generation,Wind Onshore,2026-08-08T07:26:42Z
2026-08-08T07:21:23Z,2026-08-08T09:21:23+0200,a13a8e1c-07bb-4e38-addf-c4d0871b05cd,2026-08-06T04:30:00Z,2026-08-06T06:30:00+0200,4029.0,MW,ES,ES,forecast_onshore_wind_generation,Wind Onshore,2026-08-08T07:26:42Z
2026-08-08T07:21:23Z,2026-08-08T09:21:23+0200,a13a8e1c-07bb-4e38-addf-c4d0871b05cd,2026-08-06T04:45:00Z,2026-08-06T06:45:00+0200,3881.0,MW,ES,ES,forecast_onshore_wind_generation,Wind Onshore,2026-08-08T07:26:42Z
2026-08-08T07:21:23Z,2026-08-08T09:21:23+0200,a13a8e1c-07bb-4e38-addf-c4d0871b05cd,2026-08-06T05:00:00Z,2026-08-06T07:00:00+0200,3742.0,MW,ES,ES,forecast_onshore_wind_generation,Wind Onshore,2026-08-08T07:26:42Z
2026-08-08T07:21:23Z,2026-08-08T09:21:23+0200,a13a8e1c-07bb-4e38-addf-c4d0871b05cd,2026-08-06T05:15:00Z,2026-08-06T07:15:00+0200,3586.0,MW,ES,ES,forecast_onshore_wind_generation,Wind Onshore,2026-08-08T07:26:42Z
2026-08-08T07:21:23Z,2026-08-08T09:21:23+0200,a13a8e1c-07bb-4e38-addf-c4d0871b05cd,2026-08-06T05:30:00Z,2026-08-06T07:30:00+0200,3429.0,MW,ES,ES,forecast_onshore_wind_generation,Wind Onshore,2026-08-08T07:26:42Z
2026-08-08T07:21:23Z,2026-08-08T09:21:23+0200,a13a8e1c-07bb-4e38-addf-c4d0871b05cd,2026-08-06T05:45:00Z,2026-08-06T07:45:00+0200,3272.0,MW,ES,ES,forecast_onshore_wind_generation,Wind Onshore,2026-08-08T07:26:42Z
2026-08-08T07:21:23Z,2026-08-08T09:21:23+0200,a13a8e1c-07bb-4e38-addf-c4d0871b05cd,2026-08-06T06:00:00Z,2026-08-06T08:00:00+0200,3120.0,MW,ES,ES,forecast_onshore_wind_generation,Wind Onshore,2026-08-08T07:26:42Z
2026-08-08T07:21:23Z,2026-08-08T09:21:23+0200,a13a8e1c-07bb-4e38-addf-c4d0871b05cd,2026-08-06T06:15:00Z,2026-08-06T08:15:00+0200,2965.0,MW,ES,ES,forecast_onshore_wind_generation,Wind Onshore,2026-08-08T07:26:42Z
2026-08-08T07:21:23Z,2026-08-08T09:21:23+0200,a13a8e1c-07bb-4e38-addf-c4d0871b05cd,2026-08-06T06:30:00Z,2026-08-06T08:30:00+0200,2810.0,MW,ES,ES,forecast_onshore_wind_generation,Wind Onshore,2026-08-08T07:26:42Z
2026-08-08T07:21:23Z,2026-08-08T09:21:23+0200,a13a8e1c-07bb-4e38-addf-c4d0871b05cd,2026-08-06T06:45:00Z,2026-08-06T08:45:00+0200,2660.0,MW,ES,ES,forecast_onshore_wind_generation,Wind Onshore,2026-08-08T07:26:42Z
2026-08-08T07:21:23Z,2026-08-08T09:21:23+0200,a13a8e1c-07bb-4e38-addf-c4d0871b05cd,2026-08-06T07:00:00Z,2026-08-06T09:00:00+0200,2500.0,MW,ES,ES,forecast_onshore_wind_generation,Wind Onshore,2026-08-08T07:26:42Z
2026-08-08T07:21:23Z,2026-08-08T09:21:23+0200,a13a8e1c-07bb-4e38-addf-c4d0871b05cd,2026-08-06T07:15:00Z,2026-08-06T09:15:00+0200,2333.0,MW,ES,ES,forecast_onshore_wind_generation,Wind Onshore,2026-08-08T07:26:42Z
2026-08-08T07:21:23Z,2026-08-08T09:21:23+0200,a13a8e1c-07bb-4e38-addf-c4d0871b05cd,2026-08-06T07:30:00Z,2026-08-06T09:30:00+0200,2209.0,MW,ES,ES,forecast_onshore_wind_generation,Wind Onshore,2026-08-08T07:26:42Z
2026-08-08T07:21:23Z,2026-08-08T09:21:23+0200,a13a8e1c-07bb-4e38-addf-c4d0871b05cd,2026-08-06T07:45:00Z,2026-08-06T09:45:00+0200,2101.0,MW,ES,ES,forecast_onshore_wind_generation,Wind Onshore,2026-08-08T07:26:42Z
2026-08-08T07:21:23Z,2026-08-08T09:21:23+0200,a13a8e1c-07bb-4e38-addf-c4d0871b05cd,2026-08-06T08:00:00Z,2026-08-06T10:00:00+0200,1937.0,MW,ES,ES,forecast_onshore_wind_generation,Wind Onshore,2026-08-08T07:26:42Z
2026-08-08T07:21:23Z,2026-08-08T09:21:23+0200,a13a8e1c-07bb-4e38-addf-c4d0871b05cd,2026-08-06T08:15:00Z,2026-08-06T10:15:00+0200,1849.0,MW,ES,ES,forecast_onshore_wind_generation,Wind Onshore,2026-08-08T07:26:42Z
2026-08-08T07:21:23Z,2026-08-08T09:21:23+0200,a13a8e1c-07bb-4e38-addf-c4d0871b05cd,2026-08-06T08:30:00Z,2026-08-06T10:30:00+0200,1792.0,MW,ES,ES,forecast_onshore_wind_generation,Wind Onshore,2026-08-08T07:26:42Z
2026-08-08T07:21:23Z,2026-08-08T09:21:23+0200,a13a8e1c-07bb-4e38-addf-c4d0871b05cd,2026-08-06T08:45:00Z,2026-08-06T10:45:00+0200,1751.0,MW,ES,ES,forecast_onshore_wind_generation,Wind Onshore,2026-08-08T07:26:42Z
2026-08-08T07:21:23Z,2026-08-08T09:21:23+0200,a13a8e1c-07bb-4e38-addf-c4d0871b05cd,2026-08-06T09:00:00Z,2026-08-06T11:00:00+0200,1610.0,MW,ES,ES,forecast_onshore_wind_generation,Wind Onshore,2026-08-08T07:26:42Z
2026-08-08T07:21:23Z,2026-08-08T09:21:23+0200,a13a8e1c-07bb-4e38-addf-c4d0871b05cd,2026-08-06T09:15:00Z,2026-08-06T11:15:00+0200,1592.0,MW,ES,ES,forecast_onshore_wind_generation,Wind Onshore,2026-08-08T07:26:42Z
2026-08-08T07:21:23Z,2026-08-08T09:21:23+0200,a13a8e1c-07bb-4e38-addf-c4d0871b05cd,2026-08-06T09:30:00Z,2026-08-06T11:30:00+0200,1587.0,MW,ES,ES,forecast_onshore_wind_generation,Wind Onshore,2026-08-08T07:26:42Z
2026-08-08T07:21:23Z,2026-08-08T09:21:23+0200,a13a8e1c-07bb-4e38-addf-c4d0871b05cd,2026-08-06T09:45:00Z,2026-08-06T11:45:00+0200,1591.0,MW,ES,ES,forecast_onshore_wind_generation,Wind Onshore,2026-08-08T07:26:42Z
2026-08-08T07:21:23Z,2026-08-08T09:21:23+0200,a13a8e1c-07bb-4e38-addf-c4d0871b05cd,2026-08-06T10:00:00Z,2026-08-06T12:00:00+0200,1534.0,MW,ES,ES,forecast_onshore_wind_generation,Wind Onshore,2026-08-08T07:26:42Z
2026-08-08T07:21:23Z,2026-08-08T09:21:23+0200,a13a8e1c-07bb-4e38-addf-c4d0871b05cd,2026-08-06T10:15:00Z,2026-08-06T12:15:00+0200,1565.0,MW,ES,ES,forecast_onshore_wind_generation,Wind Onshore,2026-08-08T07:26:42Z
2026-08-08T07:21:23Z,2026-08-08T09:21:23+0200,a13a8e1c-07bb-4e38-addf-c4d0871b05cd,2026-08-06T10:30:00Z,2026-08-06T12:30:00+0200,1609.0,MW,ES,ES,forecast_onshore_wind_generation,Wind Onshore,2026-08-08T07:26:42Z
2026-08-08T07:21:23Z,2026-08-08T09:21:23+0200,a13a8e1c-07bb-4e38-addf-c4d0871b05cd,2026-08-06T10:45:00Z,2026-08-06T12:45:00+0200,1658.0,MW,ES,ES,forecast_onshore_wind_generation,Wind Onshore,2026-08-08T07:26:42Z
2026-08-08T07:21:23Z,2026-08-08T09:21:23+0200,a13a8e1c-07bb-4e38-addf-c4d0871b05cd,2026-08-06T11:00:00Z,2026-08-06T13:00:00+0200,1683.0,MW,ES,ES,forecast_onshore_wind_generation,Wind Onshore,2026-08-08T07:26:42Z
2026-08-08T07:21:23Z,2026-08-08T09:21:23+0200,a13a8e1c-07bb-4e38-addf-c4d0871b05cd,2026-08-06T11:15:00Z,2026-08-06T13:15:00+0200,1752.0,MW,ES,ES,forecast_onshore_wind_generation,Wind Onshore,2026-08-08T07:26:42Z
2026-08-08T07:21:23Z,2026-08-08T09:21:23+0200,a13a8e1c-07bb-4e38-addf-c4d0871b05cd,2026-08-06T11:30:00Z,2026-08-06T13:30:00+0200,1822.0,MW,ES,ES,forecast_onshore_wind_generation,Wind Onshore,2026-08-08T07:26:42Z
2026-08-08T07:21:23Z,2026-08-08T09:21:23+0200,a13a8e1c-07bb-4e38-addf-c4d0871b05cd,2026-08-06T11:45:00Z,2026-08-06T13:45:00+0200,1899.0,MW,ES,ES,forecast_onshore_wind_generation,Wind Onshore,2026-08-08T07:26:42Z
2026-08-08T07:21:23Z,2026-08-08T09:21:23+0200,a13a8e1c-07bb-4e38-addf-c4d0871b05cd,2026-08-06T12:00:00Z,2026-08-06T14:00:00+0200,1985.0,MW,ES,ES,forecast_onshore_wind_generation,Wind Onshore,2026-08-08T07:26:42Z
2026-08-08T07:21:23Z,2026-08-08T09:21:23+0200,a13a8e1c-07bb-4e38-addf-c4d0871b05cd,2026-08-06T12:15:00Z,2026-08-06T14:15:00+0200,2075.0,MW,ES,ES,forecast_onshore_wind_generation,Wind Onshore,2026-08-08T07:26:42Z
2026-08-08T07:21:23Z,2026-08-08T09:21:23+0200,a13a8e1c-07bb-4e38-addf-c4d0871b05cd,2026-08-06T12:30:00Z,2026-08-06T14:30:00+0200,2171.0,MW,ES,ES,forecast_onshore_wind_generation,Wind Onshore,2026-08-08T07:26:42Z
2026-08-08T07:21:23Z,2026-08-08T09:21:23+0200,a13a8e1c-07bb-4e38-addf-c4d0871b05cd,2026-08-06T12:45:00Z,2026-08-06T14:45:00+0200,2268.0,MW,ES,ES,forecast_onshore_wind_generation,Wind Onshore,2026-08-08T07:26:42Z
2026-08-08T07:21:23Z,2026-08-08T09:21:23+0200,a13a8e1c-07bb-4e38-addf-c4d0871b05cd,2026-08-06T13:00:00Z,2026-08-06T15:00:00+0200,2396.0,MW,ES,ES,forecast_onshore_wind_generation,Wind Onshore,2026-08-08T07:26:42Z
2026-08-08T07:21:23Z,2026-08-08T09:21:23+0200,a13a8e1c-07bb-4e38-addf-c4d0871b05cd,2026-08-06T13:15:00Z,2026-08-06T15:15:00+0200,2514.0,MW,ES,ES,forecast_onshore_wind_generation,Wind Onshore,2026-08-08T07:26:42Z
2026-08-08T07:21:23Z,2026-08-08T09:21:23+0200,a13a8e1c-07bb-4e38-addf-c4d0871b05cd,2026-08-06T13:30:00Z,2026-08-06T15:30:00+0200,2644.0,MW,ES,ES,forecast_onshore_wind_generation,Wind Onshore,2026-08-08T07:26:42Z
2026-08-08T07:21:23Z,2026-08-08T09:21:23+0200,a13a8e1c-07bb-4e38-addf-c4d0871b05cd,2026-08-06T13:45:00Z,2026-08-06T15:45:00+0200,2792.0,MW,ES,ES,forecast_onshore_wind_generation,Wind Onshore,2026-08-08T07:26:42Z
2026-08-08T07:21:23Z,2026-08-08T09:21:23+0200,a13a8e1c-07bb-4e38-addf-c4d0871b05cd,2026-08-06T14:00:00Z,2026-08-06T16:00:00+0200,3011.0,MW,ES,ES,forecast_onshore_wind_generation,Wind Onshore,2026-08-08T07:26:42Z
2026-08-08T07:21:23Z,2026-08-08T09:21:23+0200,a13a8e1c-07bb-4e38-addf-c4d0871b05cd,2026-08-06T14:15:00Z,2026-08-06T16:15:00+0200,3173.0,MW,ES,ES,forecast_onshore_wind_generation,Wind Onshore,2026-08-08T07:26:42Z
2026-08-08T07:21:23Z,2026-08-08T09:21:23+0200,a13a8e1c-07bb-4e38-addf-c4d0871b05cd,2026-08-06T14:30:00Z,2026-08-06T16:30:00+0200,3344.0,MW,ES,ES,forecast_onshore_wind_generation,Wind Onshore,2026-08-08T07:26:42Z
2026-08-08T07:21:23Z,2026-08-08T09:21:23+0200,a13a8e1c-07bb-4e38-addf-c4d0871b05cd,2026-08-06T14:45:00Z,2026-08-06T16:45:00+0200,3530.0,MW,ES,ES,forecast_onshore_wind_generation,Wind Onshore,2026-08-08T07:26:42Z
2026-08-08T07:21:23Z,2026-08-08T09:21:23+0200,a13a8e1c-07bb-4e38-addf-c4d0871b05cd,2026-08-06T15:00:00Z,2026-08-06T17:00:00+0200,3729.0,MW,ES,ES,forecast_onshore_wind_generation,Wind Onshore,2026-08-08T07:26:42Z
2026-08-08T07:21:23Z,2026-08-08T09:21:23+0200,a13a8e1c-07bb-4e38-addf-c4d0871b05cd,2026-08-06T15:15:00Z,2026-08-06T17:15:00+0200,3909.0,MW,ES,ES,forecast_onshore_wind_generation,Wind Onshore,2026-08-08T07:26:42Z
2026-08-08T07:21:23Z,2026-08-08T09:21:23+0200,a13a8e1c-07bb-4e38-addf-c4d0871b05cd,2026-08-06T15:30:00Z,2026-08-06T17:30:00+0200,4105.0,MW,ES,ES,forecast_onshore_wind_generation,Wind Onshore,2026-08-08T07:26:42Z
2026-08-08T07:21:23Z,2026-08-08T09:21:23+0200,a13a8e1c-07bb-4e38-addf-c4d0871b05cd,2026-08-06T15:45:00Z,2026-08-06T17:45:00+0200,4295.0,MW,ES,ES,forecast_onshore_wind_generation,Wind Onshore,2026-08-08T07:26:42Z
2026-08-08T07:21:23Z,2026-08-08T09:21:23+0200,a13a8e1c-07bb-4e38-addf-c4d0871b05cd,2026-08-06T16:00:00Z,2026-08-06T18:00:00+0200,4499.0,MW,ES,ES,forecast_onshore_wind_generation,Wind Onshore,2026-08-08T07:26:42Z
2026-08-08T07:21:23Z,2026-08-08T09:21:23+0200,a13a8e1c-07bb-4e38-addf-c4d0871b05cd,2026-08-06T16:15:00Z,2026-08-06T18:15:00+0200,4685.0,MW,ES,ES,forecast_onshore_wind_generation,Wind Onshore,2026-08-08T07:26:42Z
2026-08-08T07:21:23Z,2026-08-08T09:21:23+0200,a13a8e1c-07bb-4e38-addf-c4d0871b05cd,2026-08-06T16:30:00Z,2026-08-06T18:30:00+0200,4878.0,MW,ES,ES,forecast_onshore_wind_generation,Wind Onshore,2026-08-08T07:26:42Z
2026-08-08T07:21:23Z,2026-08-08T09:21:23+0200,a13a8e1c-07bb-4e38-addf-c4d0871b05cd,2026-08-06T16:45:00Z,2026-08-06T18:45:00+0200,5053.0,MW,ES,ES,forecast_onshore_wind_generation,Wind Onshore,2026-08-08T07:26:42Z
2026-08-08T07:21:23Z,2026-08-08T09:21:23+0200,a13a8e1c-07bb-4e38-addf-c4d0871b05cd,2026-08-06T17:00:00Z,2026-08-06T19:00:00+0200,5647.0,MW,ES,ES,forecast_onshore_wind_generation,Wind Onshore,2026-08-08T07:26:42Z
2026-08-08T07:21:23Z,2026-08-08T09:21:23+0200,a13a8e1c-07bb-4e38-addf-c4d0871b05cd,2026-08-06T17:15:00Z,2026-08-06T19:15:00+0200,5807.0,MW,ES,ES,forecast_onshore_wind_generation,Wind Onshore,2026-08-08T07:26:42Z
2026-08-08T07:21:23Z,2026-08-08T09:21:23+0200,a13a8e1c-07bb-4e38-addf-c4d0871b05cd,2026-08-06T17:30:00Z,2026-08-06T19:30:00+0200,5926.0,MW,ES,ES,forecast_onshore_wind_generation,Wind Onshore,2026-08-08T07:26:42Z
2026-08-08T07:21:23Z,2026-08-08T09:21:23+0200,a13a8e1c-07bb-4e38-addf-c4d0871b05cd,2026-08-06T17:45:00Z,2026-08-06T19:45:00+0200,6061.0,MW,ES,ES,forecast_onshore_wind_generation,Wind Onshore,2026-08-08T07:26:42Z
2026-08-08T07:21:23Z,2026-08-08T09:21:23+0200,a13a8e1c-07bb-4e38-addf-c4d0871b05cd,2026-08-06T18:00:00Z,2026-08-06T20:00:00+0200,6272.0,MW,ES,ES,forecast_onshore_wind_generation,Wind Onshore,2026-08-08T07:26:42Z
2026-08-08T07:21:23Z,2026-08-08T09:21:23+0200,a13a8e1c-07bb-4e38-addf-c4d0871b05cd,2026-08-06T18:15:00Z,2026-08-06T20:15:00+0200,6363.0,MW,ES,ES,forecast_onshore_wind_generation,Wind Onshore,2026-08-08T07:26:42Z
2026-08-08T07:21:23Z,2026-08-08T09:21:23+0200,a13a8e1c-07bb-4e38-addf-c4d0871b05cd,2026-08-06T18:30:00Z,2026-08-06T20:30:00+0200,6471.0,MW,ES,ES,forecast_onshore_wind_generation,Wind Onshore,2026-08-08T07:26:42Z
2026-08-08T07:21:23Z,2026-08-08T09:21:23+0200,a13a8e1c-07bb-4e38-addf-c4d0871b05cd,2026-08-06T18:45:00Z,2026-08-06T20:45:00+0200,6535.0,MW,ES,ES,forecast_onshore_wind_generation,Wind Onshore,2026-08-08T07:26:42Z
2026-08-08T07:21:23Z,2026-08-08T09:21:23+0200,a13a8e1c-07bb-4e38-addf-c4d0871b05cd,2026-08-06T19:00:00Z,2026-08-06T21:00:00+0200,6603.0,MW,ES,ES,forecast_onshore_wind_generation,Wind Onshore,2026-08-08T07:26:42Z
2026-08-08T07:21:23Z,2026-08-08T09:21:23+0200,a13a8e1c-07bb-4e38-addf-c4d0871b05cd,2026-08-06T19:15:00Z,2026-08-06T21:15:00+0200,6639.0,MW,ES,ES,forecast_onshore_wind_generation,Wind Onshore,2026-08-08T07:26:42Z
2026-08-08T07:21:23Z,2026-08-08T09:21:23+0200,a13a8e1c-07bb-4e38-addf-c4d0871b05cd,2026-08-06T19:30:00Z,2026-08-06T21:30:00+0200,6651.0,MW,ES,ES,forecast_onshore_wind_generation,Wind Onshore,2026-08-08T07:26:42Z
2026-08-08T07:21:23Z,2026-08-08T09:21:23+0200,a13a8e1c-07bb-4e38-addf-c4d0871b05cd,2026-08-06T19:45:00Z,2026-08-06T21:45:00+0200,6640.0,MW,ES,ES,forecast_onshore_wind_generation,Wind Onshore,2026-08-08T07:26:42Z
2026-08-08T07:21:23Z,2026-08-08T09:21:23+0200,a13a8e1c-07bb-4e38-addf-c4d0871b05cd,2026-08-06T20:00:00Z,2026-08-06T22:00:00+0200,6685.0,MW,ES,ES,forecast_onshore_wind_generation,Wind Onshore,2026-08-08T07:26:42Z
2026-08-08T07:21:23Z,2026-08-08T09:21:23+0200,a13a8e1c-07bb-4e38-addf-c4d0871b05cd,2026-08-06T20:15:00Z,2026-08-06T22:15:00+0200,6637.0,MW,ES,ES,forecast_onshore_wind_generation,Wind Onshore,2026-08-08T07:26:42Z
2026-08-08T07:21:23Z,2026-08-08T09:21:23+0200,a13a8e1c-07bb-4e38-addf-c4d0871b05cd,2026-08-06T20:30:00Z,2026-08-06T22:30:00+0200,6576.0,MW,ES,ES,forecast_onshore_wind_generation,Wind Onshore,2026-08-08T07:26:42Z
2026-08-08T07:21:23Z,2026-08-08T09:21:23+0200,a13a8e1c-07bb-4e38-addf-c4d0871b05cd,2026-08-06T20:45:00Z,2026-08-06T22:45:00+0200,6499.0,MW,ES,ES,forecast_onshore_wind_generation,Wind Onshore,2026-08-08T07:26:42Z
2026-08-08T07:21:23Z,2026-08-08T09:21:23+0200,a13a8e1c-07bb-4e38-addf-c4d0871b05cd,2026-08-06T21:00:00Z,2026-08-06T23:00:00+0200,6487.0,MW,ES,ES,forecast_onshore_wind_generation,Wind Onshore,2026-08-08T07:26:42Z
2026-08-08T07:21:23Z,2026-08-08T09:21:23+0200,a13a8e1c-07bb-4e38-addf-c4d0871b05cd,2026-08-06T21:15:00Z,2026-08-06T23:15:00+0200,6377.0,MW,ES,ES,forecast_onshore_wind_generation,Wind Onshore,2026-08-08T07:26:42Z
2026-08-08T07:21:23Z,2026-08-08T09:21:23+0200,a13a8e1c-07bb-4e38-addf-c4d0871b05cd,2026-08-06T21:30:00Z,2026-08-06T23:30:00+0200,6251.0,MW,ES,ES,forecast_onshore_wind_generation,Wind Onshore,2026-08-08T07:26:42Z
2026-08-08T07:21:23Z,2026-08-08T09:21:23+0200,a13a8e1c-07bb-4e38-addf-c4d0871b05cd,2026-08-06T21:45:00Z,2026-08-06T23:45:00+0200,6114.0,MW,ES,ES,forecast_onshore_wind_generation,Wind Onshore,2026-08-08T07:26:42Z
2026-08-08T07:21:23Z,2026-08-08T09:21:23+0200,a13a8e1c-07bb-4e38-addf-c4d0871b05cd,2026-08-06T22:00:00Z,2026-08-07T00:00:00+0200,5872.0,MW,ES,ES,forecast_onshore_wind_generation,Wind Onshore,2026-08-08T07:26:42Z
2026-08-08T07:21:23Z,2026-08-08T09:21:23+0200,a13a8e1c-07bb-4e38-addf-c4d0871b05cd,2026-08-06T22:15:00Z,2026-08-07T00:15:00+0200,5736.0,MW,ES,ES,forecast_onshore_wind_generation,Wind Onshore,2026-08-08T07:26:42Z
2026-08-08T07:21:23Z,2026-08-08T09:21:23+0200,a13a8e1c-07bb-4e38-addf-c4d0871b05cd,2026-08-06T22:30:00Z,2026-08-07T00:30:00+0200,5599.0,MW,ES,ES,forecast_onshore_wind_generation,Wind Onshore,2026-08-08T07:26:42Z
2026-08-08T07:21:23Z,2026-08-08T09:21:23+0200,a13a8e1c-07bb-4e38-addf-c4d0871b05cd,2026-08-06T22:45:00Z,2026-08-07T00:45:00+0200,5462.0,MW,ES,ES,forecast_onshore_wind_generation,Wind Onshore,2026-08-08T07:26:42Z
2026-08-08T07:21:23Z,2026-08-08T09:21:23+0200,a13a8e1c-07bb-4e38-addf-c4d0871b05cd,2026-08-06T23:00:00Z,2026-08-07T01:00:00+0200,5357.0,MW,ES,ES,forecast_onshore_wind_generation,Wind Onshore,2026-08-08T07:26:42Z
2026-08-08T07:21:23Z,2026-08-08T09:21:23+0200,a13a8e1c-07bb-4e38-addf-c4d0871b05cd,2026-08-06T23:15:00Z,2026-08-07T01:15:00+0200,5226.0,MW,ES,ES,forecast_onshore_wind_generation,Wind Onshore,2026-08-08T07:26:42Z
2026-08-08T07:21:23Z,2026-08-08T09:21:23+0200,a13a8e1c-07bb-4e38-addf-c4d0871b05cd,2026-08-06T23:30:00Z,2026-08-07T01:30:00+0200,5100.0,MW,ES,ES,forecast_onshore_wind_generation,Wind Onshore,2026-08-08T07:26:42Z
2026-08-08T07:21:23Z,2026-08-08T09:21:23+0200,a13a8e1c-07bb-4e38-addf-c4d0871b05cd,2026-08-06T23:45:00Z,2026-08-07T01:45:00+0200,4979.0,MW,ES,ES,forecast_onshore_wind_generation,Wind Onshore,2026-08-08T07:26:42Z
2026-08-08T07:21:23Z,2026-08-08T09:21:23+0200,a13a8e1c-07bb-4e38-addf-c4d0871b05cd,2026-08-07T00:00:00Z,2026-08-07T02:00:00+0200,4869.0,MW,ES,ES,forecast_onshore_wind_generation,Wind Onshore,2026-08-08T07:26:42Z
2026-08-08T07:21:23Z,2026-08-08T09:21:23+0200,a13a8e1c-07bb-4e38-addf-c4d0871b05cd,2026-08-07T00:15:00Z,2026-08-07T02:15:00+0200,4743.0,MW,ES,ES,forecast_onshore_wind_generation,Wind Onshore,2026-08-08T07:26:42Z
2026-08-08T07:21:23Z,2026-08-08T09:21:23+0200,a13a8e1c-07bb-4e38-addf-c4d0871b05cd,2026-08-07T00:30:00Z,2026-08-07T02:30:00+0200,4612.0,MW,ES,ES,forecast_onshore_wind_generation,Wind Onshore,2026-08-08T07:26:42Z
2026-08-08T07:21:23Z,2026-08-08T09:21:23+0200,a13a8e1c-07bb-4e38-addf-c4d0871b05cd,2026-08-07T00:45:00Z,2026-08-07T02:45:00+0200,4477.0,MW,ES,ES,forecast_onshore_wind_generation,Wind Onshore,2026-08-08T07:26:42Z
2026-08-08T07:21:23Z,2026-08-08T09:21:23+0200,a13a8e1c-07bb-4e38-addf-c4d0871b05cd,2026-08-07T01:00:00Z,2026-08-07T03:00:00+0200,4343.0,MW,ES,ES,forecast_onshore_wind_generation,Wind Onshore,2026-08-08T07:26:42Z
2026-08-08T07:21:23Z,2026-08-08T09:21:23+0200,a13a8e1c-07bb-4e38-addf-c4d0871b05cd,2026-08-07T01:15:00Z,2026-08-07T03:15:00+0200,4216.0,MW,ES,ES,forecast_onshore_wind_generation,Wind Onshore,2026-08-08T07:26:42Z
2026-08-08T07:21:23Z,2026-08-08T09:21:23+0200,a13a8e1c-07bb-4e38-addf-c4d0871b05cd,2026-08-07T01:30:00Z,2026-08-07T03:30:00+0200,4070.0,MW,ES,ES,forecast_onshore_wind_generation,Wind Onshore,2026-08-08T07:26:42Z
2026-08-08T07:21:23Z,2026-08-08T09:21:23+0200,a13a8e1c-07bb-4e38-addf-c4d0871b05cd,2026-08-07T01:45:00Z,2026-08-07T03:45:00+0200,3923.0,MW,ES,ES,forecast_onshore_wind_generation,Wind Onshore,2026-08-08T07:26:42Z
2026-08-08T07:21:23Z,2026-08-08T09:21:23+0200,a13a8e1c-07bb-4e38-addf-c4d0871b05cd,2026-08-07T02:00:00Z,2026-08-07T04:00:00+0200,3796.0,MW,ES,ES,forecast_onshore_wind_generation,Wind Onshore,2026-08-08T07:26:42Z
2026-08-08T07:21:23Z,2026-08-08T09:21:23+0200,a13a8e1c-07bb-4e38-addf-c4d0871b05cd,2026-08-07T02:15:00Z,2026-08-07T04:15:00+0200,3651.0,MW,ES,ES,forecast_onshore_wind_generation,Wind Onshore,2026-08-08T07:26:42Z
2026-08-08T07:21:23Z,2026-08-08T09:21:23+0200,a13a8e1c-07bb-4e38-addf-c4d0871b05cd,2026-08-07T02:30:00Z,2026-08-07T04:30:00+0200,3508.0,MW,ES,ES,forecast_onshore_wind_generation,Wind Onshore,2026-08-08T07:26:42Z
2026-08-08T07:21:23Z,2026-08-08T09:21:23+0200,a13a8e1c-07bb-4e38-addf-c4d0871b05cd,2026-08-07T02:45:00Z,2026-08-07T04:45:00+0200,3367.0,MW,ES,ES,forecast_onshore_wind_generation,Wind Onshore,2026-08-08T07:26:42Z
2026-08-08T07:21:23Z,2026-08-08T09:21:23+0200,a13a8e1c-07bb-4e38-addf-c4d0871b05cd,2026-08-07T03:00:00Z,2026-08-07T05:00:00+0200,3243.0,MW,ES,ES,forecast_onshore_wind_generation,Wind Onshore,2026-08-08T07:26:42Z
2026-08-08T07:21:23Z,2026-08-08T09:21:23+0200,a13a8e1c-07bb-4e38-addf-c4d0871b05cd,2026-08-07T03:15:00Z,2026-08-07T05:15:00+0200,3102.0,MW,ES,ES,forecast_onshore_wind_generation,Wind Onshore,2026-08-08T07:26:42Z
2026-08-08T07:21:23Z,2026-08-08T09:21:23+0200,a13a8e1c-07bb-4e38-addf-c4d0871b05cd,2026-08-07T03:30:00Z,2026-08-07T05:30:00+0200,2960.0,MW,ES,ES,forecast_onshore_wind_generation,Wind Onshore,2026-08-08T07:26:42Z
2026-08-08T07:21:23Z,2026-08-08T09:21:23+0200,a13a8e1c-07bb-4e38-addf-c4d0871b05cd,2026-08-07T03:45:00Z,2026-08-07T05:45:00+0200,2815.0,MW,ES,ES,forecast_onshore_wind_generation,Wind Onshore,2026-08-08T07:26:42Z
2026-08-08T07:21:23Z,2026-08-08T09:21:23+0200,a13a8e1c-07bb-4e38-addf-c4d0871b05cd,2026-08-07T04:00:00Z,2026-08-07T06:00:00+0200,2693.0,MW,ES,ES,forecast_onshore_wind_generation,Wind Onshore,2026-08-08T07:26:42Z
2026-08-08T07:21:23Z,2026-08-08T09:21:23+0200,a13a8e1c-07bb-4e38-addf-c4d0871b05cd,2026-08-07T04:15:00Z,2026-08-07T06:15:00+0200,2540.0,MW,ES,ES,forecast_onshore_wind_generation,Wind Onshore,2026-08-08T07:26:42Z
2026-08-08T07:21:23Z,2026-08-08T09:21:23+0200,a13a8e1c-07bb-4e38-addf-c4d0871b05cd,2026-08-07T04:30:00Z,2026-08-07T06:30:00+0200,2382.0,MW,ES,ES,forecast_onshore_wind_generation,Wind Onshore,2026-08-08T07:26:42Z
2026-08-08T07:21:23Z,2026-08-08T09:21:23+0200,a13a8e1c-07bb-4e38-addf-c4d0871b05cd,2026-08-07T04:45:00Z,2026-08-07T06:45:00+0200,2220.0,MW,ES,ES,forecast_onshore_wind_generation,Wind Onshore,2026-08-08T07:26:42Z
2026-08-08T07:21:23Z,2026-08-08T09:21:23+0200,a13a8e1c-07bb-4e38-addf-c4d0871b05cd,2026-08-07T05:00:00Z,2026-08-07T07:00:00+0200,2081.0,MW,ES,ES,forecast_onshore_wind_generation,Wind Onshore,2026-08-08T07:26:42Z
2026-08-08T07:21:23Z,2026-08-08T09:21:23+0200,a13a8e1c-07bb-4e38-addf-c4d0871b05cd,2026-08-07T05:15:00Z,2026-08-07T07:15:00+0200,1914.0,MW,ES,ES,forecast_onshore_wind_generation,Wind Onshore,2026-08-08T07:26:42Z
2026-08-08T07:21:23Z,2026-08-08T09:21:23+0200,a13a8e1c-07bb-4e38-addf-c4d0871b05cd,2026-08-07T05:30:00Z,2026-08-07T07:30:00+0200,1748.0,MW,ES,ES,forecast_onshore_wind_generation,Wind Onshore,2026-08-08T07:26:42Z
2026-08-08T07:21:23Z,2026-08-08T09:21:23+0200,a13a8e1c-07bb-4e38-addf-c4d0871b05cd,2026-08-07T05:45:00Z,2026-08-07T07:45:00+0200,1586.0,MW,ES,ES,forecast_onshore_wind_generation,Wind Onshore,2026-08-08T07:26:42Z
2026-08-08T07:21:23Z,2026-08-08T09:21:23+0200,a13a8e1c-07bb-4e38-addf-c4d0871b05cd,2026-08-07T06:00:00Z,2026-08-07T08:00:00+0200,1435.0,MW,ES,ES,forecast_onshore_wind_generation,Wind Onshore,2026-08-08T07:26:42Z
2026-08-08T07:21:23Z,2026-08-08T09:21:23+0200,a13a8e1c-07bb-4e38-addf-c4d0871b05cd,2026-08-07T06:15:00Z,2026-08-07T08:15:00+0200,1293.0,MW,ES,ES,forecast_onshore_wind_generation,Wind Onshore,2026-08-08T07:26:42Z
2026-08-08T07:21:23Z,2026-08-08T09:21:23+0200,a13a8e1c-07bb-4e38-addf-c4d0871b05cd,2026-08-07T06:30:00Z,2026-08-07T08:30:00+0200,1169.0,MW,ES,ES,forecast_onshore_wind_generation,Wind Onshore,2026-08-08T07:26:42Z
2026-08-08T07:21:23Z,2026-08-08T09:21:23+0200,a13a8e1c-07bb-4e38-addf-c4d0871b05cd,2026-08-07T06:45:00Z,2026-08-07T08:45:00+0200,1049.0,MW,ES,ES,forecast_onshore_wind_generation,Wind Onshore,2026-08-08T07:26:42Z
2026-08-08T07:21:23Z,2026-08-08T09:21:23+0200,a13a8e1c-07bb-4e38-addf-c4d0871b05cd,2026-08-07T07:00:00Z,2026-08-07T09:00:00+0200,933.0,MW,ES,ES,forecast_onshore_wind_generation,Wind Onshore,2026-08-08T07:26:42Z
2026-08-08T07:21:23Z,2026-08-08T09:21:23+0200,a13a8e1c-07bb-4e38-addf-c4d0871b05cd,2026-08-07T07:15:00Z,2026-08-07T09:15:00+0200,864.0,MW,ES,ES,forecast_onshore_wind_generation,Wind Onshore,2026-08-08T07:26:42Z
2026-08-08T07:21:23Z,2026-08-08T09:21:23+0200,a13a8e1c-07bb-4e38-addf-c4d0871b05cd,2026-08-07T07:30:00Z,2026-08-07T09:30:00+0200,812.0,MW,ES,ES,forecast_onshore_wind_generation,Wind Onshore,2026-08-08T07:26:42Z
2026-08-08T07:21:23Z,2026-08-08T09:21:23+0200,a13a8e1c-07bb-4e38-addf-c4d0871b05cd,2026-08-07T07:45:00Z,2026-08-07T09:45:00+0200,772.0,MW,ES,ES,forecast_onshore_wind_generation,Wind Onshore,2026-08-08T07:26:42Z
2026-08-08T07:21:23Z,2026-08-08T09:21:23+0200,a13a8e1c-07bb-4e38-addf-c4d0871b05cd,2026-08-07T08:00:00Z,2026-08-07T10:00:00+0200,702.0,MW,ES,ES,forecast_onshore_wind_generation,Wind Onshore,2026-08-08T07:26:42Z
2026-08-08T07:21:23Z,2026-08-08T09:21:23+0200,a13a8e1c-07bb-4e38-addf-c4d0871b05cd,2026-08-07T08:15:00Z,2026-08-07T10:15:00+0200,692.0,MW,ES,ES,forecast_onshore_wind_generation,Wind Onshore,2026-08-08T07:26:42Z
2026-08-08T07:21:23Z,2026-08-08T09:21:23+0200,a13a8e1c-07bb-4e38-addf-c4d0871b05cd,2026-08-07T08:30:00Z,2026-08-07T10:30:00+0200,693.0,MW,ES,ES,forecast_onshore_wind_generation,Wind Onshore,2026-08-08T07:26:42Z
2026-08-08T07:21:23Z,2026-08-08T09:21:23+0200,a13a8e1c-07bb-4e38-addf-c4d0871b05cd,2026-08-07T08:45:00Z,2026-08-07T10:45:00+0200,709.0,MW,ES,ES,forecast_onshore_wind_generation,Wind Onshore,2026-08-08T07:26:42Z
2026-08-08T07:21:23Z,2026-08-08T09:21:23+0200,a13a8e1c-07bb-4e38-addf-c4d0871b05cd,2026-08-07T09:00:00Z,2026-08-07T11:00:00+0200,677.0,MW,ES,ES,forecast_onshore_wind_generation,Wind Onshore,2026-08-08T07:26:42Z
2026-08-08T07:21:23Z,2026-08-08T09:21:23+0200,a13a8e1c-07bb-4e38-addf-c4d0871b05cd,2026-08-07T09:15:00Z,2026-08-07T11:15:00+0200,725.0,MW,ES,ES,forecast_onshore_wind_generation,Wind Onshore,2026-08-08T07:26:42Z
2026-08-08T07:21:23Z,2026-08-08T09:21:23+0200,a13a8e1c-07bb-4e38-addf-c4d0871b05cd,2026-08-07T09:30:00Z,2026-08-07T11:30:00+0200,786.0,MW,ES,ES,forecast_onshore_wind_generation,Wind Onshore,2026-08-08T07:26:42Z
2026-08-08T07:21:23Z,2026-08-08T09:21:23+0200,a13a8e1c-07bb-4e38-addf-c4d0871b05cd,2026-08-07T09:45:00Z,2026-08-07T11:45:00+0200,858.0,MW,ES,ES,forecast_onshore_wind_generation,Wind Onshore,2026-08-08T07:26:42Z
2026-08-08T07:21:23Z,2026-08-08T09:21:23+0200,a13a8e1c-07bb-4e38-addf-c4d0871b05cd,2026-08-07T10:00:00Z,2026-08-07T12:00:00+0200,889.0,MW,ES,ES,forecast_onshore_wind_generation,Wind Onshore,2026-08-08T07:26:42Z
2026-08-08T07:21:23Z,2026-08-08T09:21:23+0200,a13a8e1c-07bb-4e38-addf-c4d0871b05cd,2026-08-07T10:15:00Z,2026-08-07T12:15:00+0200,976.0,MW,ES,ES,forecast_onshore_wind_generation,Wind Onshore,2026-08-08T07:26:42Z
2026-08-08T07:21:23Z,2026-08-08T09:21:23+0200,a13a8e1c-07bb-4e38-addf-c4d0871b05cd,2026-08-07T10:30:00Z,2026-08-07T12:30:00+0200,1067.0,MW,ES,ES,forecast_onshore_wind_generation,Wind Onshore,2026-08-08T07:26:42Z
2026-08-08T07:21:23Z,2026-08-08T09:21:23+0200,a13a8e1c-07bb-4e38-addf-c4d0871b05cd,2026-08-07T10:45:00Z,2026-08-07T12:45:00+0200,1159.0,MW,ES,ES,forecast_onshore_wind_generation,Wind Onshore,2026-08-08T07:26:42Z
2026-08-08T07:21:23Z,2026-08-08T09:21:23+0200,a13a8e1c-07bb-4e38-addf-c4d0871b05cd,2026-08-07T11:00:00Z,2026-08-07T13:00:00+0200,1249.0,MW,ES,ES,forecast_onshore_wind_generation,Wind Onshore,2026-08-08T07:26:42Z
2026-08-08T07:21:23Z,2026-08-08T09:21:23+0200,a13a8e1c-07bb-4e38-addf-c4d0871b05cd,2026-08-07T11:15:00Z,2026-08-07T13:15:00+0200,1350.0,MW,ES,ES,forecast_onshore_wind_generation,Wind Onshore,2026-08-08T07:26:42Z
2026-08-08T07:21:23Z,2026-08-08T09:21:23+0200,a13a8e1c-07bb-4e38-addf-c4d0871b05cd,2026-08-07T11:30:00Z,2026-08-07T13:30:00+0200,1453.0,MW,ES,ES,forecast_onshore_wind_generation,Wind Onshore,2026-08-08T07:26:42Z
2026-08-08T07:21:23Z,2026-08-08T09:21:23+0200,a13a8e1c-07bb-4e38-addf-c4d0871b05cd,2026-08-07T11:45:00Z,2026-08-07T13:45:00+0200,1558.0,MW,ES,ES,forecast_onshore_wind_generation,Wind Onshore,2026-08-08T07:26:42Z
2026-08-08T07:21:23Z,2026-08-08T09:21:23+0200,a13a8e1c-07bb-4e38-addf-c4d0871b05cd,2026-08-07T12:00:00Z,2026-08-07T14:00:00+0200,1685.0,MW,ES,ES,forecast_onshore_wind_generation,Wind Onshore,2026-08-08T07:26:42Z
2026-08-08T07:21:23Z,2026-08-08T09:21:23+0200,a13a8e1c-07bb-4e38-addf-c4d0871b05cd,2026-08-07T12:15:00Z,2026-08-07T14:15:00+0200,1791.0,MW,ES,ES,forecast_onshore_wind_generation,Wind Onshore,2026-08-08T07:26:42Z
2026-08-08T07:21:23Z,2026-08-08T09:21:23+0200,a13a8e1c-07bb-4e38-addf-c4d0871b05cd,2026-08-07T12:30:00Z,2026-08-07T14:30:00+0200,1891.0,MW,ES,ES,forecast_onshore_wind_generation,Wind Onshore,2026-08-08T07:26:42Z
2026-08-08T07:21:23Z,2026-08-08T09:21:23+0200,a13a8e1c-07bb-4e38-addf-c4d0871b05cd,2026-08-07T12:45:00Z,2026-08-07T14:45:00+0200,1988.0,MW,ES,ES,forecast_onshore_wind_generation,Wind Onshore,2026-08-08T07:26:42Z
2026-08-08T07:21:23Z,2026-08-08T09:21:23+0200,a13a8e1c-07bb-4e38-addf-c4d0871b05cd,2026-08-07T13:00:00Z,2026-08-07T15:00:00+0200,2115.0,MW,ES,ES,forecast_onshore_wind_generation,Wind Onshore,2026-08-08T07:26:42Z
2026-08-08T07:21:23Z,2026-08-08T09:21:23+0200,a13a8e1c-07bb-4e38-addf-c4d0871b05cd,2026-08-07T13:15:00Z,2026-08-07T15:15:00+0200,2208.0,MW,ES,ES,forecast_onshore_wind_generation,Wind Onshore,2026-08-08T07:26:42Z
2026-08-08T07:21:23Z,2026-08-08T09:21:23+0200,a13a8e1c-07bb-4e38-addf-c4d0871b05cd,2026-08-07T13:30:00Z,2026-08-07T15:30:00+0200,2307.0,MW,ES,ES,forecast_onshore_wind_generation,Wind Onshore,2026-08-08T07:26:42Z
2026-08-08T07:21:23Z,2026-08-08T09:21:23+0200,a13a8e1c-07bb-4e38-addf-c4d0871b05cd,2026-08-07T13:45:00Z,2026-08-07T15:45:00+0200,2407.0,MW,ES,ES,forecast_onshore_wind_generation,Wind Onshore,2026-08-08T07:26:42Z
2026-08-08T07:21:23Z,2026-08-08T09:21:23+0200,a13a8e1c-07bb-4e38-addf-c4d0871b05cd,2026-08-07T14:00:00Z,2026-08-07T16:00:00+0200,2527.0,MW,ES,ES,forecast_onshore_wind_generation,Wind Onshore,2026-08-08T07:26:42Z
2026-08-08T07:21:23Z,2026-08-08T09:21:23+0200,a13a8e1c-07bb-4e38-addf-c4d0871b05cd,2026-08-07T14:15:00Z,2026-08-07T16:15:00+0200,2633.0,MW,ES,ES,forecast_onshore_wind_generation,Wind Onshore,2026-08-08T07:26:42Z
2026-08-08T07:21:23Z,2026-08-08T09:21:23+0200,a13a8e1c-07bb-4e38-addf-c4d0871b05cd,2026-08-07T14:30:00Z,2026-08-07T16:30:00+0200,2744.0,MW,ES,ES,forecast_onshore_wind_generation,Wind Onshore,2026-08-08T07:26:42Z
2026-08-08T07:21:23Z,2026-08-08T09:21:23+0200,a13a8e1c-07bb-4e38-addf-c4d0871b05cd,2026-08-07T14:45:00Z,2026-08-07T16:45:00+0200,2847.0,MW,ES,ES,forecast_onshore_wind_generation,Wind Onshore,2026-08-08T07:26:42Z
2026-08-08T07:21:23Z,2026-08-08T09:21:23+0200,a13a8e1c-07bb-4e38-addf-c4d0871b05cd,2026-08-07T15:00:00Z,2026-08-07T17:00:00+0200,3275.0,MW,ES,ES,forecast_onshore_wind_generation,Wind Onshore,2026-08-08T07:26:42Z
2026-08-08T07:21:23Z,2026-08-08T09:21:23+0200,a13a8e1c-07bb-4e38-addf-c4d0871b05cd,2026-08-07T15:15:00Z,2026-08-07T17:15:00+0200,3377.0,MW,ES,ES,forecast_onshore_wind_generation,Wind Onshore,2026-08-08T07:26:42Z
2026-08-08T07:21:23Z,2026-08-08T09:21:23+0200,a13a8e1c-07bb-4e38-addf-c4d0871b05cd,2026-08-07T15:30:00Z,2026-08-07T17:30:00+0200,3470.0,MW,ES,ES,forecast_onshore_wind_generation,Wind Onshore,2026-08-08T07:26:42Z
2026-08-08T07:21:23Z,2026-08-08T09:21:23+0200,a13a8e1c-07bb-4e38-addf-c4d0871b05cd,2026-08-07T15:45:00Z,2026-08-07T17:45:00+0200,3543.0,MW,ES,ES,forecast_onshore_wind_generation,Wind Onshore,2026-08-08T07:26:42Z
2026-08-08T07:21:23Z,2026-08-08T09:21:23+0200,a13a8e1c-07bb-4e38-addf-c4d0871b05cd,2026-08-07T16:00:00Z,2026-08-07T18:00:00+0200,3589.0,MW,ES,ES,forecast_onshore_wind_generation,Wind Onshore,2026-08-08T07:26:42Z
2026-08-08T07:21:23Z,2026-08-08T09:21:23+0200,a13a8e1c-07bb-4e38-addf-c4d0871b05cd,2026-08-07T16:15:00Z,2026-08-07T18:15:00+0200,3654.0,MW,ES,ES,forecast_onshore_wind_generation,Wind Onshore,2026-08-08T07:26:42Z
2026-08-08T07:21:23Z,2026-08-08T09:21:23+0200,a13a8e1c-07bb-4e38-addf-c4d0871b05cd,2026-08-07T16:30:00Z,2026-08-07T18:30:00+0200,3719.0,MW,ES,ES,forecast_onshore_wind_generation,Wind Onshore,2026-08-08T07:26:42Z
2026-08-08T07:21:23Z,2026-08-08T09:21:23+0200,a13a8e1c-07bb-4e38-addf-c4d0871b05cd,2026-08-07T16:45:00Z,2026-08-07T18:45:00+0200,3777.0,MW,ES,ES,forecast_onshore_wind_generation,Wind Onshore,2026-08-08T07:26:42Z
2026-08-08T07:21:23Z,2026-08-08T09:21:23+0200,a13a8e1c-07bb-4e38-addf-c4d0871b05cd,2026-08-07T17:00:00Z,2026-08-07T19:00:00+0200,4109.0,MW,ES,ES,forecast_onshore_wind_generation,Wind Onshore,2026-08-08T07:26:42Z
2026-08-08T07:21:23Z,2026-08-08T09:21:23+0200,a13a8e1c-07bb-4e38-addf-c4d0871b05cd,2026-08-07T17:15:00Z,2026-08-07T19:15:00+0200,4181.0,MW,ES,ES,forecast_onshore_wind_generation,Wind Onshore,2026-08-08T07:26:42Z
2026-08-08T07:21:23Z,2026-08-08T09:21:23+0200,a13a8e1c-07bb-4e38-addf-c4d0871b05cd,2026-08-07T17:30:00Z,2026-08-07T19:30:00+0200,4266.0,MW,ES,ES,forecast_onshore_wind_generation,Wind Onshore,2026-08-08T07:26:42Z
2026-08-08T07:21:23Z,2026-08-08T09:21:23+0200,a13a8e1c-07bb-4e38-addf-c4d0871b05cd,2026-08-07T17:45:00Z,2026-08-07T19:45:00+0200,4360.0,MW,ES,ES,forecast_onshore_wind_generation,Wind Onshore,2026-08-08T07:26:42Z
2026-08-08T07:21:23Z,2026-08-08T09:21:23+0200,a13a8e1c-07bb-4e38-addf-c4d0871b05cd,2026-08-07T18:00:00Z,2026-08-07T20:00:00+0200,4594.0,MW,ES,ES,forecast_onshore_wind_generation,Wind Onshore,2026-08-08T07:26:42Z
2026-08-08T07:21:23Z,2026-08-08T09:21:23+0200,a13a8e1c-07bb-4e38-addf-c4d0871b05cd,2026-08-07T18:15:00Z,2026-08-07T20:15:00+0200,4658.0,MW,ES,ES,forecast_onshore_wind_generation,Wind Onshore,2026-08-08T07:26:42Z
2026-08-08T07:21:23Z,2026-08-08T09:21:23+0200,a13a8e1c-07bb-4e38-addf-c4d0871b05cd,2026-08-07T18:30:00Z,2026-08-07T20:30:00+0200,4679.0,MW,ES,ES,forecast_onshore_wind_generation,Wind Onshore,2026-08-08T07:26:42Z
2026-08-08T07:21:23Z,2026-08-08T09:21:23+0200,a13a8e1c-07bb-4e38-addf-c4d0871b05cd,2026-08-07T18:45:00Z,2026-08-07T20:45:00+0200,4727.0,MW,ES,ES,forecast_onshore_wind_generation,Wind Onshore,2026-08-08T07:26:42Z
2026-08-08T07:21:23Z,2026-08-08T09:21:23+0200,a13a8e1c-07bb-4e38-addf-c4d0871b05cd,2026-08-07T19:00:00Z,2026-08-07T21:00:00+0200,4807.0,MW,ES,ES,forecast_onshore_wind_generation,Wind Onshore,2026-08-08T07:26:42Z
2026-08-08T07:21:23Z,2026-08-08T09:21:23+0200,a13a8e1c-07bb-4e38-addf-c4d0871b05cd,2026-08-07T19:15:00Z,2026-08-07T21:15:00+0200,4830.0,MW,ES,ES,forecast_onshore_wind_generation,Wind Onshore,2026-08-08T07:26:42Z
2026-08-08T07:21:23Z,2026-08-08T09:21:23+0200,a13a8e1c-07bb-4e38-addf-c4d0871b05cd,2026-08-07T19:30:00Z,2026-08-07T21:30:00+0200,4836.0,MW,ES,ES,forecast_onshore_wind_generation,Wind Onshore,2026-08-08T07:26:42Z
2026-08-08T07:21:23Z,2026-08-08T09:21:23+0200,a13a8e1c-07bb-4e38-addf-c4d0871b05cd,2026-08-07T19:45:00Z,2026-08-07T21:45:00+0200,4830.0,MW,ES,ES,forecast_onshore_wind_generation,Wind Onshore,2026-08-08T07:26:42Z
2026-08-08T07:21:23Z,2026-08-08T09:21:23+0200,a13a8e1c-07bb-4e38-addf-c4d0871b05cd,2026-08-07T20:00:00Z,2026-08-07T22:00:00+0200,4821.0,MW,ES,ES,forecast_onshore_wind_generation,Wind Onshore,2026-08-08T07:26:42Z
2026-08-08T07:21:23Z,2026-08-08T09:21:23+0200,a13a8e1c-07bb-4e38-addf-c4d0871b05cd,2026-08-07T20:15:00Z,2026-08-07T22:15:00+0200,4792.0,MW,ES,ES,forecast_onshore_wind_generation,Wind Onshore,2026-08-08T07:26:42Z
2026-08-08T07:21:23Z,2026-08-08T09:21:23+0200,a13a8e1c-07bb-4e38-addf-c4d0871b05cd,2026-08-07T20:30:00Z,2026-08-07T22:30:00+0200,4758.0,MW,ES,ES,forecast_onshore_wind_generation,Wind Onshore,2026-08-08T07:26:42Z
2026-08-08T07:21:23Z,2026-08-08T09:21:23+0200,a13a8e1c-07bb-4e38-addf-c4d0871b05cd,2026-08-07T20:45:00Z,2026-08-07T22:45:00+0200,4718.0,MW,ES,ES,forecast_onshore_wind_generation,Wind Onshore,2026-08-08T07:26:42Z
2026-08-08T07:21:23Z,2026-08-08T09:21:23+0200,a13a8e1c-07bb-4e38-addf-c4d0871b05cd,2026-08-07T21:00:00Z,2026-08-07T23:00:00+0200,4662.0,MW,ES,ES,forecast_onshore_wind_generation,Wind Onshore,2026-08-08T07:26:42Z
2026-08-08T07:21:23Z,2026-08-08T09:21:23+0200,a13a8e1c-07bb-4e38-addf-c4d0871b05cd,2026-08-07T21:15:00Z,2026-08-07T23:15:00+0200,4614.0,MW,ES,ES,forecast_onshore_wind_generation,Wind Onshore,2026-08-08T07:26:42Z
2026-08-08T07:21:23Z,2026-08-08T09:21:23+0200,a13a8e1c-07bb-4e38-addf-c4d0871b05cd,2026-08-07T21:30:00Z,2026-08-07T23:30:00+0200,4564.0,MW,ES,ES,forecast_onshore_wind_generation,Wind Onshore,2026-08-08T07:26:42Z
2026-08-08T07:21:23Z,2026-08-08T09:21:23+0200,a13a8e1c-07bb-4e38-addf-c4d0871b05cd,2026-08-07T21:45:00Z,2026-08-07T23:45:00+0200,4508.0,MW,ES,ES,forecast_onshore_wind_generation,Wind Onshore,2026-08-08T07:26:42Z
2026-08-08T07:21:23Z,2026-08-08T09:21:23+0200,a13a8e1c-07bb-4e38-addf-c4d0871b05cd,2026-08-07T22:00:00Z,2026-08-08T00:00:00+0200,4054.0,MW,ES,ES,forecast_onshore_wind_generation,Wind Onshore,2026-08-08T07:26:42Z
2026-08-08T07:21:23Z,2026-08-08T09:21:23+0200,a13a8e1c-07bb-4e38-addf-c4d0871b05cd,2026-08-07T22:15:00Z,2026-08-08T00:15:00+0200,3939.0,MW,ES,ES,forecast_onshore_wind_generation,Wind Onshore,2026-08-08T07:26:42Z
2026-08-08T07:21:23Z,2026-08-08T09:21:23+0200,a13a8e1c-07bb-4e38-addf-c4d0871b05cd,2026-08-07T22:30:00Z,2026-08-08T00:30:00+0200,3826.0,MW,ES,ES,forecast_onshore_wind_generation,Wind Onshore,2026-08-08T07:26:42Z
2026-08-08T07:21:23Z,2026-08-08T09:21:23+0200,a13a8e1c-07bb-4e38-addf-c4d0871b05cd,2026-08-07T22:45:00Z,2026-08-08T00:45:00+0200,3717.0,MW,ES,ES,forecast_onshore_wind_generation,Wind Onshore,2026-08-08T07:26:42Z
2026-08-08T07:21:23Z,2026-08-08T09:21:23+0200,a13a8e1c-07bb-4e38-addf-c4d0871b05cd,2026-08-07T23:00:00Z,2026-08-08T01:00:00+0200,3617.0,MW,ES,ES,forecast_onshore_wind_generation,Wind Onshore,2026-08-08T07:26:42Z
2026-08-08T07:21:23Z,2026-08-08T09:21:23+0200,a13a8e1c-07bb-4e38-addf-c4d0871b05cd,2026-08-07T23:15:00Z,2026-08-08T01:15:00+0200,3502.0,MW,ES,ES,forecast_onshore_wind_generation,Wind Onshore,2026-08-08T07:26:42Z
2026-08-08T07:21:23Z,2026-08-08T09:21:23+0200,a13a8e1c-07bb-4e38-addf-c4d0871b05cd,2026-08-07T23:30:00Z,2026-08-08T01:30:00+0200,3380.0,MW,ES,ES,forecast_onshore_wind_generation,Wind Onshore,2026-08-08T07:26:42Z
2026-08-08T07:21:23Z,2026-08-08T09:21:23+0200,a13a8e1c-07bb-4e38-addf-c4d0871b05cd,2026-08-07T23:45:00Z,2026-08-08T01:45:00+0200,3252.0,MW,ES,ES,forecast_onshore_wind_generation,Wind Onshore,2026-08-08T07:26:42Z
2026-08-08T07:21:23Z,2026-08-08T09:21:23+0200,a13a8e1c-07bb-4e38-addf-c4d0871b05cd,2026-08-08T00:00:00Z,2026-08-08T02:00:00+0200,3151.0,MW,ES,ES,forecast_onshore_wind_generation,Wind Onshore,2026-08-08T07:26:42Z
2026-08-08T07:21:23Z,2026-08-08T09:21:23+0200,a13a8e1c-07bb-4e38-addf-c4d0871b05cd,2026-08-08T00:15:00Z,2026-08-08T02:15:00+0200,3018.0,MW,ES,ES,forecast_onshore_wind_generation,Wind Onshore,2026-08-08T07:26:42Z
2026-08-08T07:21:23Z,2026-08-08T09:21:23+0200,a13a8e1c-07bb-4e38-addf-c4d0871b05cd,2026-08-08T00:30:00Z,2026-08-08T02:30:00+0200,2886.0,MW,ES,ES,forecast_onshore_wind_generation,Wind Onshore,2026-08-08T07:26:42Z
2026-08-08T07:21:23Z,2026-08-08T09:21:23+0200,a13a8e1c-07bb-4e38-addf-c4d0871b05cd,2026-08-08T00:45:00Z,2026-08-08T02:45:00+0200,2757.0,MW,ES,ES,forecast_onshore_wind_generation,Wind Onshore,2026-08-08T07:26:42Z
2026-08-08T07:21:23Z,2026-08-08T09:21:23+0200,a13a8e1c-07bb-4e38-addf-c4d0871b05cd,2026-08-08T01:00:00Z,2026-08-08T03:00:00+0200,2656.0,MW,ES,ES,forecast_onshore_wind_generation,Wind Onshore,2026-08-08T07:26:42Z
2026-08-08T07:21:23Z,2026-08-08T09:21:23+0200,a13a8e1c-07bb-4e38-addf-c4d0871b05cd,2026-08-08T01:15:00Z,2026-08-08T03:15:00+0200,2534.0,MW,ES,ES,forecast_onshore_wind_generation,Wind Onshore,2026-08-08T07:26:42Z
2026-08-08T07:21:23Z,2026-08-08T09:21:23+0200,a13a8e1c-07bb-4e38-addf-c4d0871b05cd,2026-08-08T01:30:00Z,2026-08-08T03:30:00+0200,2417.0,MW,ES,ES,forecast_onshore_wind_generation,Wind Onshore,2026-08-08T07:26:42Z
2026-08-08T07:21:23Z,2026-08-08T09:21:23+0200,a13a8e1c-07bb-4e38-addf-c4d0871b05cd,2026-08-08T01:45:00Z,2026-08-08T03:45:00+0200,2306.0,MW,ES,ES,forecast_onshore_wind_generation,Wind Onshore,2026-08-08T07:26:42Z
2026-08-08T07:21:23Z,2026-08-08T09:21:23+0200,a13a8e1c-07bb-4e38-addf-c4d0871b05cd,2026-08-08T02:00:00Z,2026-08-08T04:00:00+0200,2202.0,MW,ES,ES,forecast_onshore_wind_generation,Wind Onshore,2026-08-08T07:26:42Z
2026-08-08T07:21:23Z,2026-08-08T09:21:23+0200,a13a8e1c-07bb-4e38-addf-c4d0871b05cd,2026-08-08T02:15:00Z,2026-08-08T04:15:00+0200,2104.0,MW,ES,ES,forecast_onshore_wind_generation,Wind Onshore,2026-08-08T07:26:42Z
2026-08-08T07:21:23Z,2026-08-08T09:21:23+0200,a13a8e1c-07bb-4e38-addf-c4d0871b05cd,2026-08-08T02:30:00Z,2026-08-08T04:30:00+0200,2013.0,MW,ES,ES,forecast_onshore_wind_generation,Wind Onshore,2026-08-08T07:26:42Z
2026-08-08T07:21:23Z,2026-08-08T09:21:23+0200,a13a8e1c-07bb-4e38-addf-c4d0871b05cd,2026-08-08T02:45:00Z,2026-08-08T04:45:00+0200,1927.0,MW,ES,ES,forecast_onshore_wind_generation,Wind Onshore,2026-08-08T07:26:42Z
2026-08-08T07:21:23Z,2026-08-08T09:21:23+0200,a13a8e1c-07bb-4e38-addf-c4d0871b05cd,2026-08-08T03:00:00Z,2026-08-08T05:00:00+0200,1845.0,MW,ES,ES,forecast_onshore_wind_generation,Wind Onshore,2026-08-08T07:26:42Z
2026-08-08T07:21:23Z,2026-08-08T09:21:23+0200,a13a8e1c-07bb-4e38-addf-c4d0871b05cd,2026-08-08T03:15:00Z,2026-08-08T05:15:00+0200,1773.0,MW,ES,ES,forecast_onshore_wind_generation,Wind Onshore,2026-08-08T07:26:42Z
2026-08-08T07:21:23Z,2026-08-08T09:21:23+0200,a13a8e1c-07bb-4e38-addf-c4d0871b05cd,2026-08-08T03:30:00Z,2026-08-08T05:30:00+0200,1706.0,MW,ES,ES,forecast_onshore_wind_generation,Wind Onshore,2026-08-08T07:26:42Z
2026-08-08T07:21:23Z,2026-08-08T09:21:23+0200,a13a8e1c-07bb-4e38-addf-c4d0871b05cd,2026-08-08T03:45:00Z,2026-08-08T05:45:00+0200,1642.0,MW,ES,ES,forecast_onshore_wind_generation,Wind Onshore,2026-08-08T07:26:42Z
2026-08-08T07:21:23Z,2026-08-08T09:21:23+0200,a13a8e1c-07bb-4e38-addf-c4d0871b05cd,2026-08-08T04:00:00Z,2026-08-08T06:00:00+0200,1592.0,MW,ES,ES,forecast_onshore_wind_generation,Wind Onshore,2026-08-08T07:26:42Z
2026-08-08T07:21:23Z,2026-08-08T09:21:23+0200,a13a8e1c-07bb-4e38-addf-c4d0871b05cd,2026-08-08T04:15:00Z,2026-08-08T06:15:00+0200,1530.0,MW,ES,ES,forecast_onshore_wind_generation,Wind Onshore,2026-08-08T07:26:42Z
2026-08-08T07:21:23Z,2026-08-08T09:21:23+0200,a13a8e1c-07bb-4e38-addf-c4d0871b05cd,2026-08-08T04:30:00Z,2026-08-08T06:30:00+0200,1467.0,MW,ES,ES,forecast_onshore_wind_generation,Wind Onshore,2026-08-08T07:26:42Z
2026-08-08T07:21:23Z,2026-08-08T09:21:23+0200,a13a8e1c-07bb-4e38-addf-c4d0871b05cd,2026-08-08T04:45:00Z,2026-08-08T06:45:00+0200,1402.0,MW,ES,ES,forecast_onshore_wind_generation,Wind Onshore,2026-08-08T07:26:42Z
2026-08-08T07:21:23Z,2026-08-08T09:21:23+0200,a13a8e1c-07bb-4e38-addf-c4d0871b05cd,2026-08-08T05:00:00Z,2026-08-08T07:00:00+0200,1346.0,MW,ES,ES,forecast_onshore_wind_generation,Wind Onshore,2026-08-08T07:26:42Z
2026-08-08T07:21:23Z,2026-08-08T09:21:23+0200,a13a8e1c-07bb-4e38-addf-c4d0871b05cd,2026-08-08T05:15:00Z,2026-08-08T07:15:00+0200,1279.0,MW,ES,ES,forecast_onshore_wind_generation,Wind Onshore,2026-08-08T07:26:42Z
2026-08-08T07:21:23Z,2026-08-08T09:21:23+0200,a13a8e1c-07bb-4e38-addf-c4d0871b05cd,2026-08-08T05:30:00Z,2026-08-08T07:30:00+0200,1212.0,MW,ES,ES,forecast_onshore_wind_generation,Wind Onshore,2026-08-08T07:26:42Z
2026-08-08T07:21:23Z,2026-08-08T09:21:23+0200,a13a8e1c-07bb-4e38-addf-c4d0871b05cd,2026-08-08T05:45:00Z,2026-08-08T07:45:00+0200,1142.0,MW,ES,ES,forecast_onshore_wind_generation,Wind Onshore,2026-08-08T07:26:42Z
2026-08-08T07:21:23Z,2026-08-08T09:21:23+0200,a13a8e1c-07bb-4e38-addf-c4d0871b05cd,2026-08-08T06:00:00Z,2026-08-08T08:00:00+0200,1070.0,MW,ES,ES,forecast_onshore_wind_generation,Wind Onshore,2026-08-08T07:26:42Z
2026-08-08T07:21:23Z,2026-08-08T09:21:23+0200,a13a8e1c-07bb-4e38-addf-c4d0871b05cd,2026-08-08T06:15:00Z,2026-08-08T08:15:00+0200,1016.0,MW,ES,ES,forecast_onshore_wind_generation,Wind Onshore,2026-08-08T07:26:42Z
2026-08-08T07:21:23Z,2026-08-08T09:21:23+0200,a13a8e1c-07bb-4e38-addf-c4d0871b05cd,2026-08-08T06:30:00Z,2026-08-08T08:30:00+0200,972.0,MW,ES,ES,forecast_onshore_wind_generation,Wind Onshore,2026-08-08T07:26:42Z
2026-08-08T07:21:23Z,2026-08-08T09:21:23+0200,a13a8e1c-07bb-4e38-addf-c4d0871b05cd,2026-08-08T06:45:00Z,2026-08-08T08:45:00+0200,940.0,MW,ES,ES,forecast_onshore_wind_generation,Wind Onshore,2026-08-08T07:26:42Z
2026-08-08T07:21:23Z,2026-08-08T09:21:23+0200,a13a8e1c-07bb-4e38-addf-c4d0871b05cd,2026-08-08T07:00:00Z,2026-08-08T09:00:00+0200,878.0,MW,ES,ES,forecast_onshore_wind_generation,Wind Onshore,2026-08-08T07:26:42Z
2026-08-08T07:21:23Z,2026-08-08T09:21:23+0200,a13a8e1c-07bb-4e38-addf-c4d0871b05cd,2026-08-08T07:15:00Z,2026-08-08T09:15:00+0200,878.0,MW,ES,ES,forecast_onshore_wind_generation,Wind Onshore,2026-08-08T07:26:42Z
2026-08-08T07:21:23Z,2026-08-08T09:21:23+0200,a13a8e1c-07bb-4e38-addf-c4d0871b05cd,2026-08-08T07:30:00Z,2026-08-08T09:30:00+0200,896.0,MW,ES,ES,forecast_onshore_wind_generation,Wind Onshore,2026-08-08T07:26:42Z
