collection_time_utc,collection_time_local,run_id,timestamp_utc,timestamp_local,value,unit,country,entsoe_area,variable,source,updated_at_utc
2026-05-25T18:09:20Z,2026-05-25T20:09:20+0200,63e771d2-a981-44c0-8af1-1f3e75b9ab6a,2026-04-24T19:00:00Z,2026-04-24T21:00:00+0200,0.00725,MW,BE,BE,actual_solar_generation,Solar,2026-05-25T18:09:30Z
2026-05-25T18:09:20Z,2026-05-25T20:09:20+0200,63e771d2-a981-44c0-8af1-1f3e75b9ab6a,2026-04-24T20:00:00Z,2026-04-24T22:00:00+0200,0.0,MW,BE,BE,actual_solar_generation,Solar,2026-05-25T18:09:30Z
2026-05-25T18:09:20Z,2026-05-25T20:09:20+0200,63e771d2-a981-44c0-8af1-1f3e75b9ab6a,2026-04-24T21:00:00Z,2026-04-24T23:00:00+0200,0.0,MW,BE,BE,actual_solar_generation,Solar,2026-05-25T18:09:30Z
2026-05-25T18:09:20Z,2026-05-25T20:09:20+0200,63e771d2-a981-44c0-8af1-1f3e75b9ab6a,2026-04-24T22:00:00Z,2026-04-25T00:00:00+0200,0.0,MW,BE,BE,actual_solar_generation,Solar,2026-05-25T18:09:30Z
2026-05-25T18:09:20Z,2026-05-25T20:09:20+0200,63e771d2-a981-44c0-8af1-1f3e75b9ab6a,2026-04-24T23:00:00Z,2026-04-25T01:00:00+0200,0.0,MW,BE,BE,actual_solar_generation,Solar,2026-05-25T18:09:30Z
2026-05-25T18:09:20Z,2026-05-25T20:09:20+0200,63e771d2-a981-44c0-8af1-1f3e75b9ab6a,2026-04-25T00:00:00Z,2026-04-25T02:00:00+0200,0.0,MW,BE,BE,actual_solar_generation,Solar,2026-05-25T18:09:30Z
2026-05-25T18:09:20Z,2026-05-25T20:09:20+0200,63e771d2-a981-44c0-8af1-1f3e75b9ab6a,2026-04-25T01:00:00Z,2026-04-25T03:00:00+0200,0.0,MW,BE,BE,actual_solar_generation,Solar,2026-05-25T18:09:30Z
2026-05-25T18:09:20Z,2026-05-25T20:09:20+0200,63e771d2-a981-44c0-8af1-1f3e75b9ab6a,2026-04-25T02:00:00Z,2026-04-25T04:00:00+0200,0.0,MW,BE,BE,actual_solar_generation,Solar,2026-05-25T18:09:30Z
2026-05-25T18:09:20Z,2026-05-25T20:09:20+0200,63e771d2-a981-44c0-8af1-1f3e75b9ab6a,2026-04-25T03:00:00Z,2026-04-25T05:00:00+0200,0.0,MW,BE,BE,actual_solar_generation,Solar,2026-05-25T18:09:30Z
2026-05-25T18:09:20Z,2026-05-25T20:09:20+0200,63e771d2-a981-44c0-8af1-1f3e75b9ab6a,2026-04-25T04:00:00Z,2026-04-25T06:00:00+0200,5.687,MW,BE,BE,actual_solar_generation,Solar,2026-05-25T18:09:30Z
2026-05-25T18:09:20Z,2026-05-25T20:09:20+0200,63e771d2-a981-44c0-8af1-1f3e75b9ab6a,2026-04-25T05:00:00Z,2026-04-25T07:00:00+0200,300.68625,MW,BE,BE,actual_solar_generation,Solar,2026-05-25T18:09:30Z
2026-05-25T18:09:20Z,2026-05-25T20:09:20+0200,63e771d2-a981-44c0-8af1-1f3e75b9ab6a,2026-04-25T06:00:00Z,2026-04-25T08:00:00+0200,898.098,MW,BE,BE,actual_solar_generation,Solar,2026-05-25T18:09:30Z
2026-05-25T18:09:20Z,2026-05-25T20:09:20+0200,63e771d2-a981-44c0-8af1-1f3e75b9ab6a,2026-04-25T07:00:00Z,2026-04-25T09:00:00+0200,1952.847,MW,BE,BE,actual_solar_generation,Solar,2026-05-25T18:09:30Z
2026-05-25T18:09:20Z,2026-05-25T20:09:20+0200,63e771d2-a981-44c0-8af1-1f3e75b9ab6a,2026-04-25T08:00:00Z,2026-04-25T10:00:00+0200,3700.91925,MW,BE,BE,actual_solar_generation,Solar,2026-05-25T18:09:30Z
2026-05-25T18:09:20Z,2026-05-25T20:09:20+0200,63e771d2-a981-44c0-8af1-1f3e75b9ab6a,2026-04-25T09:00:00Z,2026-04-25T11:00:00+0200,6029.2275,MW,BE,BE,actual_solar_generation,Solar,2026-05-25T18:09:30Z
2026-05-25T18:09:20Z,2026-05-25T20:09:20+0200,63e771d2-a981-44c0-8af1-1f3e75b9ab6a,2026-04-25T10:00:00Z,2026-04-25T12:00:00+0200,7950.25675,MW,BE,BE,actual_solar_generation,Solar,2026-05-25T18:09:30Z
2026-05-25T18:09:20Z,2026-05-25T20:09:20+0200,63e771d2-a981-44c0-8af1-1f3e75b9ab6a,2026-04-25T11:00:00Z,2026-04-25T13:00:00+0200,8397.5675,MW,BE,BE,actual_solar_generation,Solar,2026-05-25T18:09:30Z
2026-05-25T18:09:20Z,2026-05-25T20:09:20+0200,63e771d2-a981-44c0-8af1-1f3e75b9ab6a,2026-04-25T12:00:00Z,2026-04-25T14:00:00+0200,8132.35975,MW,BE,BE,actual_solar_generation,Solar,2026-05-25T18:09:30Z
2026-05-25T18:09:20Z,2026-05-25T20:09:20+0200,63e771d2-a981-44c0-8af1-1f3e75b9ab6a,2026-04-25T13:00:00Z,2026-04-25T15:00:00+0200,7354.5745,MW,BE,BE,actual_solar_generation,Solar,2026-05-25T18:09:30Z
2026-05-25T18:09:20Z,2026-05-25T20:09:20+0200,63e771d2-a981-44c0-8af1-1f3e75b9ab6a,2026-04-25T14:00:00Z,2026-04-25T16:00:00+0200,6070.8905,MW,BE,BE,actual_solar_generation,Solar,2026-05-25T18:09:30Z
2026-05-25T18:09:20Z,2026-05-25T20:09:20+0200,63e771d2-a981-44c0-8af1-1f3e75b9ab6a,2026-04-25T15:00:00Z,2026-04-25T17:00:00+0200,4430.775,MW,BE,BE,actual_solar_generation,Solar,2026-05-25T18:09:30Z
2026-05-25T18:09:20Z,2026-05-25T20:09:20+0200,63e771d2-a981-44c0-8af1-1f3e75b9ab6a,2026-04-25T16:00:00Z,2026-04-25T18:00:00+0200,2788.4165,MW,BE,BE,actual_solar_generation,Solar,2026-05-25T18:09:30Z
2026-05-25T18:09:20Z,2026-05-25T20:09:20+0200,63e771d2-a981-44c0-8af1-1f3e75b9ab6a,2026-04-25T17:00:00Z,2026-04-25T19:00:00+0200,1282.84675,MW,BE,BE,actual_solar_generation,Solar,2026-05-25T18:09:30Z
2026-05-25T18:09:20Z,2026-05-25T20:09:20+0200,63e771d2-a981-44c0-8af1-1f3e75b9ab6a,2026-04-25T18:00:00Z,2026-04-25T20:00:00+0200,224.4055,MW,BE,BE,actual_solar_generation,Solar,2026-05-25T18:09:30Z
2026-05-25T18:09:20Z,2026-05-25T20:09:20+0200,63e771d2-a981-44c0-8af1-1f3e75b9ab6a,2026-04-25T19:00:00Z,2026-04-25T21:00:00+0200,0.00025,MW,BE,BE,actual_solar_generation,Solar,2026-05-25T18:09:30Z
2026-05-25T18:09:20Z,2026-05-25T20:09:20+0200,63e771d2-a981-44c0-8af1-1f3e75b9ab6a,2026-04-25T20:00:00Z,2026-04-25T22:00:00+0200,0.0,MW,BE,BE,actual_solar_generation,Solar,2026-05-25T18:09:30Z
2026-05-25T18:09:20Z,2026-05-25T20:09:20+0200,63e771d2-a981-44c0-8af1-1f3e75b9ab6a,2026-04-25T21:00:00Z,2026-04-25T23:00:00+0200,0.0,MW,BE,BE,actual_solar_generation,Solar,2026-05-25T18:09:30Z
2026-05-25T18:09:20Z,2026-05-25T20:09:20+0200,63e771d2-a981-44c0-8af1-1f3e75b9ab6a,2026-04-25T22:00:00Z,2026-04-26T00:00:00+0200,0.0,MW,BE,BE,actual_solar_generation,Solar,2026-05-25T18:09:30Z
2026-05-25T18:09:20Z,2026-05-25T20:09:20+0200,63e771d2-a981-44c0-8af1-1f3e75b9ab6a,2026-04-25T23:00:00Z,2026-04-26T01:00:00+0200,0.0,MW,BE,BE,actual_solar_generation,Solar,2026-05-25T18:09:30Z
2026-05-25T18:09:20Z,2026-05-25T20:09:20+0200,63e771d2-a981-44c0-8af1-1f3e75b9ab6a,2026-04-26T00:00:00Z,2026-04-26T02:00:00+0200,0.0,MW,BE,BE,actual_solar_generation,Solar,2026-05-25T18:09:30Z
2026-05-25T18:09:20Z,2026-05-25T20:09:20+0200,63e771d2-a981-44c0-8af1-1f3e75b9ab6a,2026-04-26T01:00:00Z,2026-04-26T03:00:00+0200,0.0,MW,BE,BE,actual_solar_generation,Solar,2026-05-25T18:09:30Z
2026-05-25T18:09:20Z,2026-05-25T20:09:20+0200,63e771d2-a981-44c0-8af1-1f3e75b9ab6a,2026-04-26T02:00:00Z,2026-04-26T04:00:00+0200,0.0,MW,BE,BE,actual_solar_generation,Solar,2026-05-25T18:09:30Z
2026-05-25T18:09:20Z,2026-05-25T20:09:20+0200,63e771d2-a981-44c0-8af1-1f3e75b9ab6a,2026-04-26T03:00:00Z,2026-04-26T05:00:00+0200,0.0,MW,BE,BE,actual_solar_generation,Solar,2026-05-25T18:09:30Z
2026-05-25T18:09:20Z,2026-05-25T20:09:20+0200,63e771d2-a981-44c0-8af1-1f3e75b9ab6a,2026-04-26T04:00:00Z,2026-04-26T06:00:00+0200,40.1985,MW,BE,BE,actual_solar_generation,Solar,2026-05-25T18:09:30Z
2026-05-25T18:09:20Z,2026-05-25T20:09:20+0200,63e771d2-a981-44c0-8af1-1f3e75b9ab6a,2026-04-26T05:00:00Z,2026-04-26T07:00:00+0200,762.61575,MW,BE,BE,actual_solar_generation,Solar,2026-05-25T18:09:30Z
2026-05-25T18:09:20Z,2026-05-25T20:09:20+0200,63e771d2-a981-44c0-8af1-1f3e75b9ab6a,2026-04-26T06:00:00Z,2026-04-26T08:00:00+0200,2242.64575,MW,BE,BE,actual_solar_generation,Solar,2026-05-25T18:09:30Z
2026-05-25T18:09:20Z,2026-05-25T20:09:20+0200,63e771d2-a981-44c0-8af1-1f3e75b9ab6a,2026-04-26T07:00:00Z,2026-04-26T09:00:00+0200,4077.66525,MW,BE,BE,actual_solar_generation,Solar,2026-05-25T18:09:30Z
2026-05-25T18:09:20Z,2026-05-25T20:09:20+0200,63e771d2-a981-44c0-8af1-1f3e75b9ab6a,2026-04-26T08:00:00Z,2026-04-26T10:00:00+0200,5715.33925,MW,BE,BE,actual_solar_generation,Solar,2026-05-25T18:09:30Z
2026-05-25T18:09:20Z,2026-05-25T20:09:20+0200,63e771d2-a981-44c0-8af1-1f3e75b9ab6a,2026-04-26T09:00:00Z,2026-04-26T11:00:00+0200,7158.4295,MW,BE,BE,actual_solar_generation,Solar,2026-05-25T18:09:30Z
2026-05-25T18:09:20Z,2026-05-25T20:09:20+0200,63e771d2-a981-44c0-8af1-1f3e75b9ab6a,2026-04-26T10:00:00Z,2026-04-26T12:00:00+0200,7938.91725,MW,BE,BE,actual_solar_generation,Solar,2026-05-25T18:09:30Z
2026-05-25T18:09:20Z,2026-05-25T20:09:20+0200,63e771d2-a981-44c0-8af1-1f3e75b9ab6a,2026-04-26T11:00:00Z,2026-04-26T13:00:00+0200,8271.834,MW,BE,BE,actual_solar_generation,Solar,2026-05-25T18:09:30Z
2026-05-25T18:09:20Z,2026-05-25T20:09:20+0200,63e771d2-a981-44c0-8af1-1f3e75b9ab6a,2026-04-26T12:00:00Z,2026-04-26T14:00:00+0200,8041.8595,MW,BE,BE,actual_solar_generation,Solar,2026-05-25T18:09:30Z
2026-05-25T18:09:20Z,2026-05-25T20:09:20+0200,63e771d2-a981-44c0-8af1-1f3e75b9ab6a,2026-04-26T13:00:00Z,2026-04-26T15:00:00+0200,7312.5885,MW,BE,BE,actual_solar_generation,Solar,2026-05-25T18:09:30Z
2026-05-25T18:09:20Z,2026-05-25T20:09:20+0200,63e771d2-a981-44c0-8af1-1f3e75b9ab6a,2026-04-26T14:00:00Z,2026-04-26T16:00:00+0200,5956.193,MW,BE,BE,actual_solar_generation,Solar,2026-05-25T18:09:30Z
2026-05-25T18:09:20Z,2026-05-25T20:09:20+0200,63e771d2-a981-44c0-8af1-1f3e75b9ab6a,2026-04-26T15:00:00Z,2026-04-26T17:00:00+0200,4253.3245,MW,BE,BE,actual_solar_generation,Solar,2026-05-25T18:09:30Z
2026-05-25T18:09:20Z,2026-05-25T20:09:20+0200,63e771d2-a981-44c0-8af1-1f3e75b9ab6a,2026-04-26T16:00:00Z,2026-04-26T18:00:00+0200,2384.05125,MW,BE,BE,actual_solar_generation,Solar,2026-05-25T18:09:30Z
2026-05-25T18:09:20Z,2026-05-25T20:09:20+0200,63e771d2-a981-44c0-8af1-1f3e75b9ab6a,2026-04-26T17:00:00Z,2026-04-26T19:00:00+0200,919.36375,MW,BE,BE,actual_solar_generation,Solar,2026-05-25T18:09:30Z
2026-05-25T18:09:20Z,2026-05-25T20:09:20+0200,63e771d2-a981-44c0-8af1-1f3e75b9ab6a,2026-04-26T18:00:00Z,2026-04-26T20:00:00+0200,142.24975,MW,BE,BE,actual_solar_generation,Solar,2026-05-25T18:09:30Z
2026-05-25T18:09:20Z,2026-05-25T20:09:20+0200,63e771d2-a981-44c0-8af1-1f3e75b9ab6a,2026-04-26T19:00:00Z,2026-04-26T21:00:00+0200,0.0,MW,BE,BE,actual_solar_generation,Solar,2026-05-25T18:09:30Z
2026-05-25T18:09:20Z,2026-05-25T20:09:20+0200,63e771d2-a981-44c0-8af1-1f3e75b9ab6a,2026-04-26T20:00:00Z,2026-04-26T22:00:00+0200,0.0,MW,BE,BE,actual_solar_generation,Solar,2026-05-25T18:09:30Z
2026-05-25T18:09:20Z,2026-05-25T20:09:20+0200,63e771d2-a981-44c0-8af1-1f3e75b9ab6a,2026-04-26T21:00:00Z,2026-04-26T23:00:00+0200,0.0,MW,BE,BE,actual_solar_generation,Solar,2026-05-25T18:09:30Z
2026-05-25T18:09:20Z,2026-05-25T20:09:20+0200,63e771d2-a981-44c0-8af1-1f3e75b9ab6a,2026-04-26T22:00:00Z,2026-04-27T00:00:00+0200,0.0,MW,BE,BE,actual_solar_generation,Solar,2026-05-25T18:09:30Z
2026-05-25T18:09:20Z,2026-05-25T20:09:20+0200,63e771d2-a981-44c0-8af1-1f3e75b9ab6a,2026-04-26T23:00:00Z,2026-04-27T01:00:00+0200,0.0,MW,BE,BE,actual_solar_generation,Solar,2026-05-25T18:09:30Z
2026-05-25T18:09:20Z,2026-05-25T20:09:20+0200,63e771d2-a981-44c0-8af1-1f3e75b9ab6a,2026-04-27T00:00:00Z,2026-04-27T02:00:00+0200,0.0,MW,BE,BE,actual_solar_generation,Solar,2026-05-25T18:09:30Z
2026-05-25T18:09:20Z,2026-05-25T20:09:20+0200,63e771d2-a981-44c0-8af1-1f3e75b9ab6a,2026-04-27T01:00:00Z,2026-04-27T03:00:00+0200,0.0,MW,BE,BE,actual_solar_generation,Solar,2026-05-25T18:09:30Z
2026-05-25T18:09:20Z,2026-05-25T20:09:20+0200,63e771d2-a981-44c0-8af1-1f3e75b9ab6a,2026-04-27T02:00:00Z,2026-04-27T04:00:00+0200,0.0,MW,BE,BE,actual_solar_generation,Solar,2026-05-25T18:09:30Z
2026-05-25T18:09:20Z,2026-05-25T20:09:20+0200,63e771d2-a981-44c0-8af1-1f3e75b9ab6a,2026-04-27T03:00:00Z,2026-04-27T05:00:00+0200,0.0,MW,BE,BE,actual_solar_generation,Solar,2026-05-25T18:09:30Z
2026-05-25T18:09:20Z,2026-05-25T20:09:20+0200,63e771d2-a981-44c0-8af1-1f3e75b9ab6a,2026-04-27T04:00:00Z,2026-04-27T06:00:00+0200,76.47475,MW,BE,BE,actual_solar_generation,Solar,2026-05-25T18:09:30Z
2026-05-25T18:09:20Z,2026-05-25T20:09:20+0200,63e771d2-a981-44c0-8af1-1f3e75b9ab6a,2026-04-27T05:00:00Z,2026-04-27T07:00:00+0200,607.849,MW,BE,BE,actual_solar_generation,Solar,2026-05-25T18:09:30Z
2026-05-25T18:09:20Z,2026-05-25T20:09:20+0200,63e771d2-a981-44c0-8af1-1f3e75b9ab6a,2026-04-27T06:00:00Z,2026-04-27T08:00:00+0200,1581.426,MW,BE,BE,actual_solar_generation,Solar,2026-05-25T18:09:30Z
2026-05-25T18:09:20Z,2026-05-25T20:09:20+0200,63e771d2-a981-44c0-8af1-1f3e75b9ab6a,2026-04-27T07:00:00Z,2026-04-27T09:00:00+0200,2948.33175,MW,BE,BE,actual_solar_generation,Solar,2026-05-25T18:09:30Z
2026-05-25T18:09:20Z,2026-05-25T20:09:20+0200,63e771d2-a981-44c0-8af1-1f3e75b9ab6a,2026-04-27T08:00:00Z,2026-04-27T10:00:00+0200,4645.01975,MW,BE,BE,actual_solar_generation,Solar,2026-05-25T18:09:30Z
2026-05-25T18:09:20Z,2026-05-25T20:09:20+0200,63e771d2-a981-44c0-8af1-1f3e75b9ab6a,2026-04-27T09:00:00Z,2026-04-27T11:00:00+0200,6306.503,MW,BE,BE,actual_solar_generation,Solar,2026-05-25T18:09:30Z
2026-05-25T18:09:20Z,2026-05-25T20:09:20+0200,63e771d2-a981-44c0-8af1-1f3e75b9ab6a,2026-04-27T10:00:00Z,2026-04-27T12:00:00+0200,7433.5145,MW,BE,BE,actual_solar_generation,Solar,2026-05-25T18:09:30Z
2026-05-25T18:09:20Z,2026-05-25T20:09:20+0200,63e771d2-a981-44c0-8af1-1f3e75b9ab6a,2026-04-27T11:00:00Z,2026-04-27T13:00:00+0200,8141.03275,MW,BE,BE,actual_solar_generation,Solar,2026-05-25T18:09:30Z
2026-05-25T18:09:20Z,2026-05-25T20:09:20+0200,63e771d2-a981-44c0-8af1-1f3e75b9ab6a,2026-04-27T12:00:00Z,2026-04-27T14:00:00+0200,8021.725,MW,BE,BE,actual_solar_generation,Solar,2026-05-25T18:09:30Z
2026-05-25T18:09:20Z,2026-05-25T20:09:20+0200,63e771d2-a981-44c0-8af1-1f3e75b9ab6a,2026-04-27T13:00:00Z,2026-04-27T15:00:00+0200,7124.8985,MW,BE,BE,actual_solar_generation,Solar,2026-05-25T18:09:30Z
2026-05-25T18:09:20Z,2026-05-25T20:09:20+0200,63e771d2-a981-44c0-8af1-1f3e75b9ab6a,2026-04-27T14:00:00Z,2026-04-27T16:00:00+0200,5731.2055,MW,BE,BE,actual_solar_generation,Solar,2026-05-25T18:09:30Z
2026-05-25T18:09:20Z,2026-05-25T20:09:20+0200,63e771d2-a981-44c0-8af1-1f3e75b9ab6a,2026-04-27T15:00:00Z,2026-04-27T17:00:00+0200,4130.2915,MW,BE,BE,actual_solar_generation,Solar,2026-05-25T18:09:30Z
2026-05-25T18:09:20Z,2026-05-25T20:09:20+0200,63e771d2-a981-44c0-8af1-1f3e75b9ab6a,2026-04-27T16:00:00Z,2026-04-27T18:00:00+0200,2369.637,MW,BE,BE,actual_solar_generation,Solar,2026-05-25T18:09:30Z
2026-05-25T18:09:20Z,2026-05-25T20:09:20+0200,63e771d2-a981-44c0-8af1-1f3e75b9ab6a,2026-04-27T17:00:00Z,2026-04-27T19:00:00+0200,861.23625,MW,BE,BE,actual_solar_generation,Solar,2026-05-25T18:09:30Z
2026-05-25T18:09:20Z,2026-05-25T20:09:20+0200,63e771d2-a981-44c0-8af1-1f3e75b9ab6a,2026-04-27T18:00:00Z,2026-04-27T20:00:00+0200,105.19475,MW,BE,BE,actual_solar_generation,Solar,2026-05-25T18:09:30Z
2026-05-25T18:09:20Z,2026-05-25T20:09:20+0200,63e771d2-a981-44c0-8af1-1f3e75b9ab6a,2026-04-27T19:00:00Z,2026-04-27T21:00:00+0200,0.0055,MW,BE,BE,actual_solar_generation,Solar,2026-05-25T18:09:30Z
2026-05-25T18:09:20Z,2026-05-25T20:09:20+0200,63e771d2-a981-44c0-8af1-1f3e75b9ab6a,2026-04-27T20:00:00Z,2026-04-27T22:00:00+0200,0.0,MW,BE,BE,actual_solar_generation,Solar,2026-05-25T18:09:30Z
2026-05-25T18:09:20Z,2026-05-25T20:09:20+0200,63e771d2-a981-44c0-8af1-1f3e75b9ab6a,2026-04-27T21:00:00Z,2026-04-27T23:00:00+0200,0.0,MW,BE,BE,actual_solar_generation,Solar,2026-05-25T18:09:30Z
2026-05-25T18:09:20Z,2026-05-25T20:09:20+0200,63e771d2-a981-44c0-8af1-1f3e75b9ab6a,2026-04-27T22:00:00Z,2026-04-28T00:00:00+0200,0.0,MW,BE,BE,actual_solar_generation,Solar,2026-05-25T18:09:30Z
2026-05-25T18:09:20Z,2026-05-25T20:09:20+0200,63e771d2-a981-44c0-8af1-1f3e75b9ab6a,2026-04-27T23:00:00Z,2026-04-28T01:00:00+0200,0.0,MW,BE,BE,actual_solar_generation,Solar,2026-05-25T18:09:30Z
2026-05-25T18:09:20Z,2026-05-25T20:09:20+0200,63e771d2-a981-44c0-8af1-1f3e75b9ab6a,2026-04-28T00:00:00Z,2026-04-28T02:00:00+0200,0.0,MW,BE,BE,actual_solar_generation,Solar,2026-05-25T18:09:30Z
2026-05-25T18:09:20Z,2026-05-25T20:09:20+0200,63e771d2-a981-44c0-8af1-1f3e75b9ab6a,2026-04-28T01:00:00Z,2026-04-28T03:00:00+0200,0.0,MW,BE,BE,actual_solar_generation,Solar,2026-05-25T18:09:30Z
2026-05-25T18:09:20Z,2026-05-25T20:09:20+0200,63e771d2-a981-44c0-8af1-1f3e75b9ab6a,2026-04-28T02:00:00Z,2026-04-28T04:00:00+0200,0.0,MW,BE,BE,actual_solar_generation,Solar,2026-05-25T18:09:30Z
2026-05-25T18:09:20Z,2026-05-25T20:09:20+0200,63e771d2-a981-44c0-8af1-1f3e75b9ab6a,2026-04-28T03:00:00Z,2026-04-28T05:00:00+0200,0.0,MW,BE,BE,actual_solar_generation,Solar,2026-05-25T18:09:30Z
2026-05-25T18:09:20Z,2026-05-25T20:09:20+0200,63e771d2-a981-44c0-8af1-1f3e75b9ab6a,2026-04-28T04:00:00Z,2026-04-28T06:00:00+0200,51.658,MW,BE,BE,actual_solar_generation,Solar,2026-05-25T18:09:30Z
2026-05-25T18:09:20Z,2026-05-25T20:09:20+0200,63e771d2-a981-44c0-8af1-1f3e75b9ab6a,2026-04-28T05:00:00Z,2026-04-28T07:00:00+0200,764.032,MW,BE,BE,actual_solar_generation,Solar,2026-05-25T18:09:30Z
2026-05-25T18:09:20Z,2026-05-25T20:09:20+0200,63e771d2-a981-44c0-8af1-1f3e75b9ab6a,2026-04-28T06:00:00Z,2026-04-28T08:00:00+0200,2063.7875,MW,BE,BE,actual_solar_generation,Solar,2026-05-25T18:09:30Z
2026-05-25T18:09:20Z,2026-05-25T20:09:20+0200,63e771d2-a981-44c0-8af1-1f3e75b9ab6a,2026-04-28T07:00:00Z,2026-04-28T09:00:00+0200,3634.004,MW,BE,BE,actual_solar_generation,Solar,2026-05-25T18:09:30Z
2026-05-25T18:09:20Z,2026-05-25T20:09:20+0200,63e771d2-a981-44c0-8af1-1f3e75b9ab6a,2026-04-28T08:00:00Z,2026-04-28T10:00:00+0200,5177.171,MW,BE,BE,actual_solar_generation,Solar,2026-05-25T18:09:30Z
2026-05-25T18:09:20Z,2026-05-25T20:09:20+0200,63e771d2-a981-44c0-8af1-1f3e75b9ab6a,2026-04-28T09:00:00Z,2026-04-28T11:00:00+0200,6038.01725,MW,BE,BE,actual_solar_generation,Solar,2026-05-25T18:09:30Z
2026-05-25T18:09:20Z,2026-05-25T20:09:20+0200,63e771d2-a981-44c0-8af1-1f3e75b9ab6a,2026-04-28T10:00:00Z,2026-04-28T12:00:00+0200,6689.726,MW,BE,BE,actual_solar_generation,Solar,2026-05-25T18:09:30Z
2026-05-25T18:09:20Z,2026-05-25T20:09:20+0200,63e771d2-a981-44c0-8af1-1f3e75b9ab6a,2026-04-28T11:00:00Z,2026-04-28T13:00:00+0200,7567.35275,MW,BE,BE,actual_solar_generation,Solar,2026-05-25T18:09:30Z
2026-05-25T18:09:20Z,2026-05-25T20:09:20+0200,63e771d2-a981-44c0-8af1-1f3e75b9ab6a,2026-04-28T12:00:00Z,2026-04-28T14:00:00+0200,7536.15625,MW,BE,BE,actual_solar_generation,Solar,2026-05-25T18:09:30Z
2026-05-25T18:09:20Z,2026-05-25T20:09:20+0200,63e771d2-a981-44c0-8af1-1f3e75b9ab6a,2026-04-28T13:00:00Z,2026-04-28T15:00:00+0200,7228.1925,MW,BE,BE,actual_solar_generation,Solar,2026-05-25T18:09:30Z
2026-05-25T18:09:20Z,2026-05-25T20:09:20+0200,63e771d2-a981-44c0-8af1-1f3e75b9ab6a,2026-04-28T14:00:00Z,2026-04-28T16:00:00+0200,6104.31425,MW,BE,BE,actual_solar_generation,Solar,2026-05-25T18:09:30Z
2026-05-25T18:09:20Z,2026-05-25T20:09:20+0200,63e771d2-a981-44c0-8af1-1f3e75b9ab6a,2026-04-28T15:00:00Z,2026-04-28T17:00:00+0200,4454.51125,MW,BE,BE,actual_solar_generation,Solar,2026-05-25T18:09:30Z
2026-05-25T18:09:20Z,2026-05-25T20:09:20+0200,63e771d2-a981-44c0-8af1-1f3e75b9ab6a,2026-04-28T16:00:00Z,2026-04-28T18:00:00+0200,2661.0595,MW,BE,BE,actual_solar_generation,Solar,2026-05-25T18:09:30Z
2026-05-25T18:09:20Z,2026-05-25T20:09:20+0200,63e771d2-a981-44c0-8af1-1f3e75b9ab6a,2026-04-28T17:00:00Z,2026-04-28T19:00:00+0200,1243.9205,MW,BE,BE,actual_solar_generation,Solar,2026-05-25T18:09:30Z
2026-05-25T18:09:20Z,2026-05-25T20:09:20+0200,63e771d2-a981-44c0-8af1-1f3e75b9ab6a,2026-04-28T18:00:00Z,2026-04-28T20:00:00+0200,200.609,MW,BE,BE,actual_solar_generation,Solar,2026-05-25T18:09:30Z
2026-05-25T18:09:20Z,2026-05-25T20:09:20+0200,63e771d2-a981-44c0-8af1-1f3e75b9ab6a,2026-04-28T19:00:00Z,2026-04-28T21:00:00+0200,0.004,MW,BE,BE,actual_solar_generation,Solar,2026-05-25T18:09:30Z
2026-05-25T18:09:20Z,2026-05-25T20:09:20+0200,63e771d2-a981-44c0-8af1-1f3e75b9ab6a,2026-04-28T20:00:00Z,2026-04-28T22:00:00+0200,0.0,MW,BE,BE,actual_solar_generation,Solar,2026-05-25T18:09:30Z
2026-05-25T18:09:20Z,2026-05-25T20:09:20+0200,63e771d2-a981-44c0-8af1-1f3e75b9ab6a,2026-04-28T21:00:00Z,2026-04-28T23:00:00+0200,0.0,MW,BE,BE,actual_solar_generation,Solar,2026-05-25T18:09:30Z
2026-05-25T18:09:20Z,2026-05-25T20:09:20+0200,63e771d2-a981-44c0-8af1-1f3e75b9ab6a,2026-04-28T22:00:00Z,2026-04-29T00:00:00+0200,0.0,MW,BE,BE,actual_solar_generation,Solar,2026-05-25T18:09:30Z
2026-05-25T18:09:20Z,2026-05-25T20:09:20+0200,63e771d2-a981-44c0-8af1-1f3e75b9ab6a,2026-04-28T23:00:00Z,2026-04-29T01:00:00+0200,0.0,MW,BE,BE,actual_solar_generation,Solar,2026-05-25T18:09:30Z
2026-05-25T18:09:20Z,2026-05-25T20:09:20+0200,63e771d2-a981-44c0-8af1-1f3e75b9ab6a,2026-04-29T00:00:00Z,2026-04-29T02:00:00+0200,0.0,MW,BE,BE,actual_solar_generation,Solar,2026-05-25T18:09:30Z
2026-05-25T18:09:20Z,2026-05-25T20:09:20+0200,63e771d2-a981-44c0-8af1-1f3e75b9ab6a,2026-04-29T01:00:00Z,2026-04-29T03:00:00+0200,0.0,MW,BE,BE,actual_solar_generation,Solar,2026-05-25T18:09:30Z
2026-05-25T18:09:20Z,2026-05-25T20:09:20+0200,63e771d2-a981-44c0-8af1-1f3e75b9ab6a,2026-04-29T02:00:00Z,2026-04-29T04:00:00+0200,0.0,MW,BE,BE,actual_solar_generation,Solar,2026-05-25T18:09:30Z
2026-05-25T18:09:20Z,2026-05-25T20:09:20+0200,63e771d2-a981-44c0-8af1-1f3e75b9ab6a,2026-04-29T03:00:00Z,2026-04-29T05:00:00+0200,0.0,MW,BE,BE,actual_solar_generation,Solar,2026-05-25T18:09:30Z
2026-05-25T18:09:20Z,2026-05-25T20:09:20+0200,63e771d2-a981-44c0-8af1-1f3e75b9ab6a,2026-04-29T04:00:00Z,2026-04-29T06:00:00+0200,67.81975,MW,BE,BE,actual_solar_generation,Solar,2026-05-25T18:09:30Z
2026-05-25T18:09:20Z,2026-05-25T20:09:20+0200,63e771d2-a981-44c0-8af1-1f3e75b9ab6a,2026-04-29T05:00:00Z,2026-04-29T07:00:00+0200,963.54225,MW,BE,BE,actual_solar_generation,Solar,2026-05-25T18:09:30Z
2026-05-25T18:09:20Z,2026-05-25T20:09:20+0200,63e771d2-a981-44c0-8af1-1f3e75b9ab6a,2026-04-29T06:00:00Z,2026-04-29T08:00:00+0200,2394.29125,MW,BE,BE,actual_solar_generation,Solar,2026-05-25T18:09:30Z
2026-05-25T18:09:20Z,2026-05-25T20:09:20+0200,63e771d2-a981-44c0-8af1-1f3e75b9ab6a,2026-04-29T07:00:00Z,2026-04-29T09:00:00+0200,4239.4075,MW,BE,BE,actual_solar_generation,Solar,2026-05-25T18:09:30Z
2026-05-25T18:09:20Z,2026-05-25T20:09:20+0200,63e771d2-a981-44c0-8af1-1f3e75b9ab6a,2026-04-29T08:00:00Z,2026-04-29T10:00:00+0200,5910.99625,MW,BE,BE,actual_solar_generation,Solar,2026-05-25T18:09:30Z
2026-05-25T18:09:20Z,2026-05-25T20:09:20+0200,63e771d2-a981-44c0-8af1-1f3e75b9ab6a,2026-04-29T09:00:00Z,2026-04-29T11:00:00+0200,7281.46575,MW,BE,BE,actual_solar_generation,Solar,2026-05-25T18:09:30Z
2026-05-25T18:09:20Z,2026-05-25T20:09:20+0200,63e771d2-a981-44c0-8af1-1f3e75b9ab6a,2026-04-29T10:00:00Z,2026-04-29T12:00:00+0200,8147.5055,MW,BE,BE,actual_solar_generation,Solar,2026-05-25T18:09:30Z
2026-05-25T18:09:20Z,2026-05-25T20:09:20+0200,63e771d2-a981-44c0-8af1-1f3e75b9ab6a,2026-04-29T11:00:00Z,2026-04-29T13:00:00+0200,8478.0655,MW,BE,BE,actual_solar_generation,Solar,2026-05-25T18:09:30Z
2026-05-25T18:09:20Z,2026-05-25T20:09:20+0200,63e771d2-a981-44c0-8af1-1f3e75b9ab6a,2026-04-29T12:00:00Z,2026-04-29T14:00:00+0200,8330.0035,MW,BE,BE,actual_solar_generation,Solar,2026-05-25T18:09:30Z
2026-05-25T18:09:20Z,2026-05-25T20:09:20+0200,63e771d2-a981-44c0-8af1-1f3e75b9ab6a,2026-04-29T13:00:00Z,2026-04-29T15:00:00+0200,7613.2695,MW,BE,BE,actual_solar_generation,Solar,2026-05-25T18:09:30Z
2026-05-25T18:09:20Z,2026-05-25T20:09:20+0200,63e771d2-a981-44c0-8af1-1f3e75b9ab6a,2026-04-29T14:00:00Z,2026-04-29T16:00:00+0200,6368.64025,MW,BE,BE,actual_solar_generation,Solar,2026-05-25T18:09:30Z
2026-05-25T18:09:20Z,2026-05-25T20:09:20+0200,63e771d2-a981-44c0-8af1-1f3e75b9ab6a,2026-04-29T15:00:00Z,2026-04-29T17:00:00+0200,4648.9245,MW,BE,BE,actual_solar_generation,Solar,2026-05-25T18:09:30Z
2026-05-25T18:09:20Z,2026-05-25T20:09:20+0200,63e771d2-a981-44c0-8af1-1f3e75b9ab6a,2026-04-29T16:00:00Z,2026-04-29T18:00:00+0200,2873.241,MW,BE,BE,actual_solar_generation,Solar,2026-05-25T18:09:30Z
2026-05-25T18:09:20Z,2026-05-25T20:09:20+0200,63e771d2-a981-44c0-8af1-1f3e75b9ab6a,2026-04-29T17:00:00Z,2026-04-29T19:00:00+0200,1354.77425,MW,BE,BE,actual_solar_generation,Solar,2026-05-25T18:09:30Z
2026-05-25T18:09:20Z,2026-05-25T20:09:20+0200,63e771d2-a981-44c0-8af1-1f3e75b9ab6a,2026-04-29T18:00:00Z,2026-04-29T20:00:00+0200,247.01175,MW,BE,BE,actual_solar_generation,Solar,2026-05-25T18:09:30Z
2026-05-25T18:09:20Z,2026-05-25T20:09:20+0200,63e771d2-a981-44c0-8af1-1f3e75b9ab6a,2026-04-29T19:00:00Z,2026-04-29T21:00:00+0200,0.01375,MW,BE,BE,actual_solar_generation,Solar,2026-05-25T18:09:30Z
2026-05-25T18:09:20Z,2026-05-25T20:09:20+0200,63e771d2-a981-44c0-8af1-1f3e75b9ab6a,2026-04-29T20:00:00Z,2026-04-29T22:00:00+0200,0.0,MW,BE,BE,actual_solar_generation,Solar,2026-05-25T18:09:30Z
2026-05-25T18:09:20Z,2026-05-25T20:09:20+0200,63e771d2-a981-44c0-8af1-1f3e75b9ab6a,2026-04-29T21:00:00Z,2026-04-29T23:00:00+0200,0.0,MW,BE,BE,actual_solar_generation,Solar,2026-05-25T18:09:30Z
2026-05-25T18:09:20Z,2026-05-25T20:09:20+0200,63e771d2-a981-44c0-8af1-1f3e75b9ab6a,2026-04-29T22:00:00Z,2026-04-30T00:00:00+0200,0.0,MW,BE,BE,actual_solar_generation,Solar,2026-05-25T18:09:30Z
2026-05-25T18:09:20Z,2026-05-25T20:09:20+0200,63e771d2-a981-44c0-8af1-1f3e75b9ab6a,2026-04-29T23:00:00Z,2026-04-30T01:00:00+0200,0.0,MW,BE,BE,actual_solar_generation,Solar,2026-05-25T18:09:30Z
2026-05-25T18:09:20Z,2026-05-25T20:09:20+0200,63e771d2-a981-44c0-8af1-1f3e75b9ab6a,2026-04-30T00:00:00Z,2026-04-30T02:00:00+0200,0.0,MW,BE,BE,actual_solar_generation,Solar,2026-05-25T18:09:30Z
2026-05-25T18:09:20Z,2026-05-25T20:09:20+0200,63e771d2-a981-44c0-8af1-1f3e75b9ab6a,2026-04-30T01:00:00Z,2026-04-30T03:00:00+0200,0.0,MW,BE,BE,actual_solar_generation,Solar,2026-05-25T18:09:30Z
2026-05-25T18:09:20Z,2026-05-25T20:09:20+0200,63e771d2-a981-44c0-8af1-1f3e75b9ab6a,2026-04-30T02:00:00Z,2026-04-30T04:00:00+0200,0.0,MW,BE,BE,actual_solar_generation,Solar,2026-05-25T18:09:30Z
2026-05-25T18:09:20Z,2026-05-25T20:09:20+0200,63e771d2-a981-44c0-8af1-1f3e75b9ab6a,2026-04-30T03:00:00Z,2026-04-30T05:00:00+0200,0.0,MW,BE,BE,actual_solar_generation,Solar,2026-05-25T18:09:30Z
2026-05-25T18:09:20Z,2026-05-25T20:09:20+0200,63e771d2-a981-44c0-8af1-1f3e75b9ab6a,2026-04-30T04:00:00Z,2026-04-30T06:00:00+0200,87.09875,MW,BE,BE,actual_solar_generation,Solar,2026-05-25T18:09:30Z
2026-05-25T18:09:20Z,2026-05-25T20:09:20+0200,63e771d2-a981-44c0-8af1-1f3e75b9ab6a,2026-04-30T05:00:00Z,2026-04-30T07:00:00+0200,981.398,MW,BE,BE,actual_solar_generation,Solar,2026-05-25T18:09:30Z
2026-05-25T18:09:20Z,2026-05-25T20:09:20+0200,63e771d2-a981-44c0-8af1-1f3e75b9ab6a,2026-04-30T06:00:00Z,2026-04-30T08:00:00+0200,2452.3265,MW,BE,BE,actual_solar_generation,Solar,2026-05-25T18:09:30Z
2026-05-25T18:09:20Z,2026-05-25T20:09:20+0200,63e771d2-a981-44c0-8af1-1f3e75b9ab6a,2026-04-30T07:00:00Z,2026-04-30T09:00:00+0200,4316.98725,MW,BE,BE,actual_solar_generation,Solar,2026-05-25T18:09:30Z
2026-05-25T18:09:20Z,2026-05-25T20:09:20+0200,63e771d2-a981-44c0-8af1-1f3e75b9ab6a,2026-04-30T08:00:00Z,2026-04-30T10:00:00+0200,5934.6165,MW,BE,BE,actual_solar_generation,Solar,2026-05-25T18:09:30Z
2026-05-25T18:09:20Z,2026-05-25T20:09:20+0200,63e771d2-a981-44c0-8af1-1f3e75b9ab6a,2026-04-30T09:00:00Z,2026-04-30T11:00:00+0200,7371.53325,MW,BE,BE,actual_solar_generation,Solar,2026-05-25T18:09:30Z
2026-05-25T18:09:20Z,2026-05-25T20:09:20+0200,63e771d2-a981-44c0-8af1-1f3e75b9ab6a,2026-04-30T10:00:00Z,2026-04-30T12:00:00+0200,8189.771,MW,BE,BE,actual_solar_generation,Solar,2026-05-25T18:09:30Z
2026-05-25T18:09:20Z,2026-05-25T20:09:20+0200,63e771d2-a981-44c0-8af1-1f3e75b9ab6a,2026-04-30T11:00:00Z,2026-04-30T13:00:00+0200,8537.159,MW,BE,BE,actual_solar_generation,Solar,2026-05-25T18:09:30Z
2026-05-25T18:09:20Z,2026-05-25T20:09:20+0200,63e771d2-a981-44c0-8af1-1f3e75b9ab6a,2026-04-30T12:00:00Z,2026-04-30T14:00:00+0200,8353.63925,MW,BE,BE,actual_solar_generation,Solar,2026-05-25T18:09:30Z
2026-05-25T18:09:20Z,2026-05-25T20:09:20+0200,63e771d2-a981-44c0-8af1-1f3e75b9ab6a,2026-04-30T13:00:00Z,2026-04-30T15:00:00+0200,7678.139,MW,BE,BE,actual_solar_generation,Solar,2026-05-25T18:09:30Z
2026-05-25T18:09:20Z,2026-05-25T20:09:20+0200,63e771d2-a981-44c0-8af1-1f3e75b9ab6a,2026-04-30T14:00:00Z,2026-04-30T16:00:00+0200,6395.738,MW,BE,BE,actual_solar_generation,Solar,2026-05-25T18:09:30Z
2026-05-25T18:09:20Z,2026-05-25T20:09:20+0200,63e771d2-a981-44c0-8af1-1f3e75b9ab6a,2026-04-30T15:00:00Z,2026-04-30T17:00:00+0200,4707.311,MW,BE,BE,actual_solar_generation,Solar,2026-05-25T18:09:30Z
2026-05-25T18:09:20Z,2026-05-25T20:09:20+0200,63e771d2-a981-44c0-8af1-1f3e75b9ab6a,2026-04-30T16:00:00Z,2026-04-30T18:00:00+0200,2956.0535,MW,BE,BE,actual_solar_generation,Solar,2026-05-25T18:09:30Z
2026-05-25T18:09:20Z,2026-05-25T20:09:20+0200,63e771d2-a981-44c0-8af1-1f3e75b9ab6a,2026-04-30T17:00:00Z,2026-04-30T19:00:00+0200,1372.1115,MW,BE,BE,actual_solar_generation,Solar,2026-05-25T18:09:30Z
2026-05-25T18:09:20Z,2026-05-25T20:09:20+0200,63e771d2-a981-44c0-8af1-1f3e75b9ab6a,2026-04-30T18:00:00Z,2026-04-30T20:00:00+0200,302.02125,MW,BE,BE,actual_solar_generation,Solar,2026-05-25T18:09:30Z
2026-05-25T18:09:20Z,2026-05-25T20:09:20+0200,63e771d2-a981-44c0-8af1-1f3e75b9ab6a,2026-04-30T19:00:00Z,2026-04-30T21:00:00+0200,0.002,MW,BE,BE,actual_solar_generation,Solar,2026-05-25T18:09:30Z
2026-05-25T18:09:20Z,2026-05-25T20:09:20+0200,63e771d2-a981-44c0-8af1-1f3e75b9ab6a,2026-04-30T20:00:00Z,2026-04-30T22:00:00+0200,0.0,MW,BE,BE,actual_solar_generation,Solar,2026-05-25T18:09:30Z
2026-05-25T18:09:20Z,2026-05-25T20:09:20+0200,63e771d2-a981-44c0-8af1-1f3e75b9ab6a,2026-04-30T21:00:00Z,2026-04-30T23:00:00+0200,0.0,MW,BE,BE,actual_solar_generation,Solar,2026-05-25T18:09:30Z
2026-05-25T18:09:20Z,2026-05-25T20:09:20+0200,63e771d2-a981-44c0-8af1-1f3e75b9ab6a,2026-04-30T22:00:00Z,2026-05-01T00:00:00+0200,0.0,MW,BE,BE,actual_solar_generation,Solar,2026-05-25T18:09:30Z
2026-05-25T18:09:20Z,2026-05-25T20:09:20+0200,63e771d2-a981-44c0-8af1-1f3e75b9ab6a,2026-04-30T23:00:00Z,2026-05-01T01:00:00+0200,0.0,MW,BE,BE,actual_solar_generation,Solar,2026-05-25T18:09:30Z
2026-05-25T18:09:20Z,2026-05-25T20:09:20+0200,63e771d2-a981-44c0-8af1-1f3e75b9ab6a,2026-05-01T00:00:00Z,2026-05-01T02:00:00+0200,0.0,MW,BE,BE,actual_solar_generation,Solar,2026-05-25T18:09:30Z
2026-05-25T18:09:20Z,2026-05-25T20:09:20+0200,63e771d2-a981-44c0-8af1-1f3e75b9ab6a,2026-05-01T01:00:00Z,2026-05-01T03:00:00+0200,0.0,MW,BE,BE,actual_solar_generation,Solar,2026-05-25T18:09:30Z
2026-05-25T18:09:20Z,2026-05-25T20:09:20+0200,63e771d2-a981-44c0-8af1-1f3e75b9ab6a,2026-05-01T02:00:00Z,2026-05-01T04:00:00+0200,0.0,MW,BE,BE,actual_solar_generation,Solar,2026-05-25T18:09:30Z
2026-05-25T18:09:20Z,2026-05-25T20:09:20+0200,63e771d2-a981-44c0-8af1-1f3e75b9ab6a,2026-05-01T03:00:00Z,2026-05-01T05:00:00+0200,0.0,MW,BE,BE,actual_solar_generation,Solar,2026-05-25T18:09:30Z
2026-05-25T18:09:20Z,2026-05-25T20:09:20+0200,63e771d2-a981-44c0-8af1-1f3e75b9ab6a,2026-05-01T04:00:00Z,2026-05-01T06:00:00+0200,113.948,MW,BE,BE,actual_solar_generation,Solar,2026-05-25T18:09:30Z
2026-05-25T18:09:20Z,2026-05-25T20:09:20+0200,63e771d2-a981-44c0-8af1-1f3e75b9ab6a,2026-05-01T05:00:00Z,2026-05-01T07:00:00+0200,978.072,MW,BE,BE,actual_solar_generation,Solar,2026-05-25T18:09:30Z
2026-05-25T18:09:20Z,2026-05-25T20:09:20+0200,63e771d2-a981-44c0-8af1-1f3e75b9ab6a,2026-05-01T06:00:00Z,2026-05-01T08:00:00+0200,2510.3895,MW,BE,BE,actual_solar_generation,Solar,2026-05-25T18:09:30Z
2026-05-25T18:09:20Z,2026-05-25T20:09:20+0200,63e771d2-a981-44c0-8af1-1f3e75b9ab6a,2026-05-01T07:00:00Z,2026-05-01T09:00:00+0200,4249.9745,MW,BE,BE,actual_solar_generation,Solar,2026-05-25T18:09:30Z
2026-05-25T18:09:20Z,2026-05-25T20:09:20+0200,63e771d2-a981-44c0-8af1-1f3e75b9ab6a,2026-05-01T08:00:00Z,2026-05-01T10:00:00+0200,5887.3725,MW,BE,BE,actual_solar_generation,Solar,2026-05-25T18:09:30Z
2026-05-25T18:09:20Z,2026-05-25T20:09:20+0200,63e771d2-a981-44c0-8af1-1f3e75b9ab6a,2026-05-01T09:00:00Z,2026-05-01T11:00:00+0200,7285.56375,MW,BE,BE,actual_solar_generation,Solar,2026-05-25T18:09:30Z
2026-05-25T18:09:20Z,2026-05-25T20:09:20+0200,63e771d2-a981-44c0-8af1-1f3e75b9ab6a,2026-05-01T10:00:00Z,2026-05-01T12:00:00+0200,8079.45925,MW,BE,BE,actual_solar_generation,Solar,2026-05-25T18:09:30Z
2026-05-25T18:09:20Z,2026-05-25T20:09:20+0200,63e771d2-a981-44c0-8af1-1f3e75b9ab6a,2026-05-01T11:00:00Z,2026-05-01T13:00:00+0200,8414.9525,MW,BE,BE,actual_solar_generation,Solar,2026-05-25T18:09:30Z
2026-05-25T18:09:20Z,2026-05-25T20:09:20+0200,63e771d2-a981-44c0-8af1-1f3e75b9ab6a,2026-05-01T12:00:00Z,2026-05-01T14:00:00+0200,8208.996,MW,BE,BE,actual_solar_generation,Solar,2026-05-25T18:09:30Z
2026-05-25T18:09:20Z,2026-05-25T20:09:20+0200,63e771d2-a981-44c0-8af1-1f3e75b9ab6a,2026-05-01T13:00:00Z,2026-05-01T15:00:00+0200,7518.122,MW,BE,BE,actual_solar_generation,Solar,2026-05-25T18:09:30Z
2026-05-25T18:09:20Z,2026-05-25T20:09:20+0200,63e771d2-a981-44c0-8af1-1f3e75b9ab6a,2026-05-01T14:00:00Z,2026-05-01T16:00:00+0200,6191.38675,MW,BE,BE,actual_solar_generation,Solar,2026-05-25T18:09:30Z
2026-05-25T18:09:20Z,2026-05-25T20:09:20+0200,63e771d2-a981-44c0-8af1-1f3e75b9ab6a,2026-05-01T15:00:00Z,2026-05-01T17:00:00+0200,4607.53225,MW,BE,BE,actual_solar_generation,Solar,2026-05-25T18:09:30Z
2026-05-25T18:09:20Z,2026-05-25T20:09:20+0200,63e771d2-a981-44c0-8af1-1f3e75b9ab6a,2026-05-01T16:00:00Z,2026-05-01T18:00:00+0200,2812.56775,MW,BE,BE,actual_solar_generation,Solar,2026-05-25T18:09:30Z
2026-05-25T18:09:20Z,2026-05-25T20:09:20+0200,63e771d2-a981-44c0-8af1-1f3e75b9ab6a,2026-05-01T17:00:00Z,2026-05-01T19:00:00+0200,1317.3055,MW,BE,BE,actual_solar_generation,Solar,2026-05-25T18:09:30Z
2026-05-25T18:09:20Z,2026-05-25T20:09:20+0200,63e771d2-a981-44c0-8af1-1f3e75b9ab6a,2026-05-01T18:00:00Z,2026-05-01T20:00:00+0200,288.85475,MW,BE,BE,actual_solar_generation,Solar,2026-05-25T18:09:30Z
2026-05-25T18:09:20Z,2026-05-25T20:09:20+0200,63e771d2-a981-44c0-8af1-1f3e75b9ab6a,2026-05-01T19:00:00Z,2026-05-01T21:00:00+0200,0.10175,MW,BE,BE,actual_solar_generation,Solar,2026-05-25T18:09:30Z
2026-05-25T18:09:20Z,2026-05-25T20:09:20+0200,63e771d2-a981-44c0-8af1-1f3e75b9ab6a,2026-05-01T20:00:00Z,2026-05-01T22:00:00+0200,0.0,MW,BE,BE,actual_solar_generation,Solar,2026-05-25T18:09:30Z
2026-05-25T18:09:20Z,2026-05-25T20:09:20+0200,63e771d2-a981-44c0-8af1-1f3e75b9ab6a,2026-05-01T21:00:00Z,2026-05-01T23:00:00+0200,0.0,MW,BE,BE,actual_solar_generation,Solar,2026-05-25T18:09:30Z
2026-05-25T18:09:20Z,2026-05-25T20:09:20+0200,63e771d2-a981-44c0-8af1-1f3e75b9ab6a,2026-05-01T22:00:00Z,2026-05-02T00:00:00+0200,0.0,MW,BE,BE,actual_solar_generation,Solar,2026-05-25T18:09:30Z
2026-05-25T18:09:20Z,2026-05-25T20:09:20+0200,63e771d2-a981-44c0-8af1-1f3e75b9ab6a,2026-05-01T23:00:00Z,2026-05-02T01:00:00+0200,0.0,MW,BE,BE,actual_solar_generation,Solar,2026-05-25T18:09:30Z
2026-05-25T18:09:20Z,2026-05-25T20:09:20+0200,63e771d2-a981-44c0-8af1-1f3e75b9ab6a,2026-05-02T00:00:00Z,2026-05-02T02:00:00+0200,0.0,MW,BE,BE,actual_solar_generation,Solar,2026-05-25T18:09:30Z
2026-05-25T18:09:20Z,2026-05-25T20:09:20+0200,63e771d2-a981-44c0-8af1-1f3e75b9ab6a,2026-05-02T01:00:00Z,2026-05-02T03:00:00+0200,0.0,MW,BE,BE,actual_solar_generation,Solar,2026-05-25T18:09:30Z
2026-05-25T18:09:20Z,2026-05-25T20:09:20+0200,63e771d2-a981-44c0-8af1-1f3e75b9ab6a,2026-05-02T02:00:00Z,2026-05-02T04:00:00+0200,0.0,MW,BE,BE,actual_solar_generation,Solar,2026-05-25T18:09:30Z
2026-05-25T18:09:20Z,2026-05-25T20:09:20+0200,63e771d2-a981-44c0-8af1-1f3e75b9ab6a,2026-05-02T03:00:00Z,2026-05-02T05:00:00+0200,0.0,MW,BE,BE,actual_solar_generation,Solar,2026-05-25T18:09:30Z
2026-05-25T18:09:20Z,2026-05-25T20:09:20+0200,63e771d2-a981-44c0-8af1-1f3e75b9ab6a,2026-05-02T04:00:00Z,2026-05-02T06:00:00+0200,57.52975,MW,BE,BE,actual_solar_generation,Solar,2026-05-25T18:09:30Z
2026-05-25T18:09:20Z,2026-05-25T20:09:20+0200,63e771d2-a981-44c0-8af1-1f3e75b9ab6a,2026-05-02T05:00:00Z,2026-05-02T07:00:00+0200,547.61525,MW,BE,BE,actual_solar_generation,Solar,2026-05-25T18:09:30Z
2026-05-25T18:09:20Z,2026-05-25T20:09:20+0200,63e771d2-a981-44c0-8af1-1f3e75b9ab6a,2026-05-02T06:00:00Z,2026-05-02T08:00:00+0200,1561.98,MW,BE,BE,actual_solar_generation,Solar,2026-05-25T18:09:30Z
2026-05-25T18:09:20Z,2026-05-25T20:09:20+0200,63e771d2-a981-44c0-8af1-1f3e75b9ab6a,2026-05-02T07:00:00Z,2026-05-02T09:00:00+0200,2838.08175,MW,BE,BE,actual_solar_generation,Solar,2026-05-25T18:09:30Z
2026-05-25T18:09:20Z,2026-05-25T20:09:20+0200,63e771d2-a981-44c0-8af1-1f3e75b9ab6a,2026-05-02T08:00:00Z,2026-05-02T10:00:00+0200,4671.216,MW,BE,BE,actual_solar_generation,Solar,2026-05-25T18:09:30Z
2026-05-25T18:09:20Z,2026-05-25T20:09:20+0200,63e771d2-a981-44c0-8af1-1f3e75b9ab6a,2026-05-02T09:00:00Z,2026-05-02T11:00:00+0200,5786.68275,MW,BE,BE,actual_solar_generation,Solar,2026-05-25T18:09:30Z
2026-05-25T18:09:20Z,2026-05-25T20:09:20+0200,63e771d2-a981-44c0-8af1-1f3e75b9ab6a,2026-05-02T10:00:00Z,2026-05-02T12:00:00+0200,6140.19725,MW,BE,BE,actual_solar_generation,Solar,2026-05-25T18:09:30Z
2026-05-25T18:09:20Z,2026-05-25T20:09:20+0200,63e771d2-a981-44c0-8af1-1f3e75b9ab6a,2026-05-02T11:00:00Z,2026-05-02T13:00:00+0200,6283.3905,MW,BE,BE,actual_solar_generation,Solar,2026-05-25T18:09:30Z
2026-05-25T18:09:20Z,2026-05-25T20:09:20+0200,63e771d2-a981-44c0-8af1-1f3e75b9ab6a,2026-05-02T12:00:00Z,2026-05-02T14:00:00+0200,6221.8955,MW,BE,BE,actual_solar_generation,Solar,2026-05-25T18:09:30Z
2026-05-25T18:09:20Z,2026-05-25T20:09:20+0200,63e771d2-a981-44c0-8af1-1f3e75b9ab6a,2026-05-02T13:00:00Z,2026-05-02T15:00:00+0200,5709.28625,MW,BE,BE,actual_solar_generation,Solar,2026-05-25T18:09:30Z
2026-05-25T18:09:20Z,2026-05-25T20:09:20+0200,63e771d2-a981-44c0-8af1-1f3e75b9ab6a,2026-05-02T14:00:00Z,2026-05-02T16:00:00+0200,4713.94775,MW,BE,BE,actual_solar_generation,Solar,2026-05-25T18:09:30Z
2026-05-25T18:09:20Z,2026-05-25T20:09:20+0200,63e771d2-a981-44c0-8af1-1f3e75b9ab6a,2026-05-02T15:00:00Z,2026-05-02T17:00:00+0200,3261.35225,MW,BE,BE,actual_solar_generation,Solar,2026-05-25T18:09:30Z
2026-05-25T18:09:20Z,2026-05-25T20:09:20+0200,63e771d2-a981-44c0-8af1-1f3e75b9ab6a,2026-05-02T16:00:00Z,2026-05-02T18:00:00+0200,1663.15875,MW,BE,BE,actual_solar_generation,Solar,2026-05-25T18:09:30Z
2026-05-25T18:09:20Z,2026-05-25T20:09:20+0200,63e771d2-a981-44c0-8af1-1f3e75b9ab6a,2026-05-02T17:00:00Z,2026-05-02T19:00:00+0200,557.87225,MW,BE,BE,actual_solar_generation,Solar,2026-05-25T18:09:30Z
2026-05-25T18:09:20Z,2026-05-25T20:09:20+0200,63e771d2-a981-44c0-8af1-1f3e75b9ab6a,2026-05-02T18:00:00Z,2026-05-02T20:00:00+0200,57.44625,MW,BE,BE,actual_solar_generation,Solar,2026-05-25T18:09:30Z
2026-05-25T18:09:20Z,2026-05-25T20:09:20+0200,63e771d2-a981-44c0-8af1-1f3e75b9ab6a,2026-05-02T19:00:00Z,2026-05-02T21:00:00+0200,0.02575,MW,BE,BE,actual_solar_generation,Solar,2026-05-25T18:09:30Z
2026-05-25T18:09:20Z,2026-05-25T20:09:20+0200,63e771d2-a981-44c0-8af1-1f3e75b9ab6a,2026-05-02T20:00:00Z,2026-05-02T22:00:00+0200,0.0,MW,BE,BE,actual_solar_generation,Solar,2026-05-25T18:09:30Z
2026-05-25T18:09:20Z,2026-05-25T20:09:20+0200,63e771d2-a981-44c0-8af1-1f3e75b9ab6a,2026-05-02T21:00:00Z,2026-05-02T23:00:00+0200,0.0,MW,BE,BE,actual_solar_generation,Solar,2026-05-25T18:09:30Z
2026-05-25T18:09:20Z,2026-05-25T20:09:20+0200,63e771d2-a981-44c0-8af1-1f3e75b9ab6a,2026-05-02T22:00:00Z,2026-05-03T00:00:00+0200,0.0,MW,BE,BE,actual_solar_generation,Solar,2026-05-25T18:09:30Z
2026-05-25T18:09:20Z,2026-05-25T20:09:20+0200,63e771d2-a981-44c0-8af1-1f3e75b9ab6a,2026-05-02T23:00:00Z,2026-05-03T01:00:00+0200,0.0,MW,BE,BE,actual_solar_generation,Solar,2026-05-25T18:09:30Z
2026-05-25T18:09:20Z,2026-05-25T20:09:20+0200,63e771d2-a981-44c0-8af1-1f3e75b9ab6a,2026-05-03T00:00:00Z,2026-05-03T02:00:00+0200,0.0,MW,BE,BE,actual_solar_generation,Solar,2026-05-25T18:09:30Z
2026-05-25T18:09:20Z,2026-05-25T20:09:20+0200,63e771d2-a981-44c0-8af1-1f3e75b9ab6a,2026-05-03T01:00:00Z,2026-05-03T03:00:00+0200,0.0,MW,BE,BE,actual_solar_generation,Solar,2026-05-25T18:09:30Z
2026-05-25T18:09:20Z,2026-05-25T20:09:20+0200,63e771d2-a981-44c0-8af1-1f3e75b9ab6a,2026-05-03T02:00:00Z,2026-05-03T04:00:00+0200,0.0,MW,BE,BE,actual_solar_generation,Solar,2026-05-25T18:09:30Z
2026-05-25T18:09:20Z,2026-05-25T20:09:20+0200,63e771d2-a981-44c0-8af1-1f3e75b9ab6a,2026-05-03T03:00:00Z,2026-05-03T05:00:00+0200,0.0,MW,BE,BE,actual_solar_generation,Solar,2026-05-25T18:09:30Z
2026-05-25T18:09:20Z,2026-05-25T20:09:20+0200,63e771d2-a981-44c0-8af1-1f3e75b9ab6a,2026-05-03T04:00:00Z,2026-05-03T06:00:00+0200,52.893,MW,BE,BE,actual_solar_generation,Solar,2026-05-25T18:09:30Z
2026-05-25T18:09:20Z,2026-05-25T20:09:20+0200,63e771d2-a981-44c0-8af1-1f3e75b9ab6a,2026-05-03T05:00:00Z,2026-05-03T07:00:00+0200,399.127,MW,BE,BE,actual_solar_generation,Solar,2026-05-25T18:09:30Z
2026-05-25T18:09:20Z,2026-05-25T20:09:20+0200,63e771d2-a981-44c0-8af1-1f3e75b9ab6a,2026-05-03T06:00:00Z,2026-05-03T08:00:00+0200,839.65275,MW,BE,BE,actual_solar_generation,Solar,2026-05-25T18:09:30Z
2026-05-25T18:09:20Z,2026-05-25T20:09:20+0200,63e771d2-a981-44c0-8af1-1f3e75b9ab6a,2026-05-03T07:00:00Z,2026-05-03T09:00:00+0200,1179.7825,MW,BE,BE,actual_solar_generation,Solar,2026-05-25T18:09:30Z
2026-05-25T18:09:20Z,2026-05-25T20:09:20+0200,63e771d2-a981-44c0-8af1-1f3e75b9ab6a,2026-05-03T08:00:00Z,2026-05-03T10:00:00+0200,1565.6835,MW,BE,BE,actual_solar_generation,Solar,2026-05-25T18:09:30Z
2026-05-25T18:09:20Z,2026-05-25T20:09:20+0200,63e771d2-a981-44c0-8af1-1f3e75b9ab6a,2026-05-03T09:00:00Z,2026-05-03T11:00:00+0200,1677.38875,MW,BE,BE,actual_solar_generation,Solar,2026-05-25T18:09:30Z
2026-05-25T18:09:20Z,2026-05-25T20:09:20+0200,63e771d2-a981-44c0-8af1-1f3e75b9ab6a,2026-05-03T10:00:00Z,2026-05-03T12:00:00+0200,1739.00575,MW,BE,BE,actual_solar_generation,Solar,2026-05-25T18:09:30Z
2026-05-25T18:09:20Z,2026-05-25T20:09:20+0200,63e771d2-a981-44c0-8af1-1f3e75b9ab6a,2026-05-03T11:00:00Z,2026-05-03T13:00:00+0200,2186.08025,MW,BE,BE,actual_solar_generation,Solar,2026-05-25T18:09:30Z
2026-05-25T18:09:20Z,2026-05-25T20:09:20+0200,63e771d2-a981-44c0-8af1-1f3e75b9ab6a,2026-05-03T12:00:00Z,2026-05-03T14:00:00+0200,2789.51475,MW,BE,BE,actual_solar_generation,Solar,2026-05-25T18:09:30Z
2026-05-25T18:09:20Z,2026-05-25T20:09:20+0200,63e771d2-a981-44c0-8af1-1f3e75b9ab6a,2026-05-03T13:00:00Z,2026-05-03T15:00:00+0200,2679.82275,MW,BE,BE,actual_solar_generation,Solar,2026-05-25T18:09:30Z
2026-05-25T18:09:20Z,2026-05-25T20:09:20+0200,63e771d2-a981-44c0-8af1-1f3e75b9ab6a,2026-05-03T14:00:00Z,2026-05-03T16:00:00+0200,2112.88975,MW,BE,BE,actual_solar_generation,Solar,2026-05-25T18:09:30Z
2026-05-25T18:09:20Z,2026-05-25T20:09:20+0200,63e771d2-a981-44c0-8af1-1f3e75b9ab6a,2026-05-03T15:00:00Z,2026-05-03T17:00:00+0200,1209.382,MW,BE,BE,actual_solar_generation,Solar,2026-05-25T18:09:30Z
2026-05-25T18:09:20Z,2026-05-25T20:09:20+0200,63e771d2-a981-44c0-8af1-1f3e75b9ab6a,2026-05-03T16:00:00Z,2026-05-03T18:00:00+0200,940.083,MW,BE,BE,actual_solar_generation,Solar,2026-05-25T18:09:30Z
2026-05-25T18:09:20Z,2026-05-25T20:09:20+0200,63e771d2-a981-44c0-8af1-1f3e75b9ab6a,2026-05-03T17:00:00Z,2026-05-03T19:00:00+0200,578.9605,MW,BE,BE,actual_solar_generation,Solar,2026-05-25T18:09:30Z
2026-05-25T18:09:20Z,2026-05-25T20:09:20+0200,63e771d2-a981-44c0-8af1-1f3e75b9ab6a,2026-05-03T18:00:00Z,2026-05-03T20:00:00+0200,137.0205,MW,BE,BE,actual_solar_generation,Solar,2026-05-25T18:09:30Z
2026-05-25T18:09:20Z,2026-05-25T20:09:20+0200,63e771d2-a981-44c0-8af1-1f3e75b9ab6a,2026-05-03T19:00:00Z,2026-05-03T21:00:00+0200,1.56325,MW,BE,BE,actual_solar_generation,Solar,2026-05-25T18:09:30Z
2026-05-25T18:09:20Z,2026-05-25T20:09:20+0200,63e771d2-a981-44c0-8af1-1f3e75b9ab6a,2026-05-03T20:00:00Z,2026-05-03T22:00:00+0200,0.0,MW,BE,BE,actual_solar_generation,Solar,2026-05-25T18:09:30Z
2026-05-25T18:09:20Z,2026-05-25T20:09:20+0200,63e771d2-a981-44c0-8af1-1f3e75b9ab6a,2026-05-03T21:00:00Z,2026-05-03T23:00:00+0200,0.0,MW,BE,BE,actual_solar_generation,Solar,2026-05-25T18:09:30Z
2026-05-25T18:09:20Z,2026-05-25T20:09:20+0200,63e771d2-a981-44c0-8af1-1f3e75b9ab6a,2026-05-03T22:00:00Z,2026-05-04T00:00:00+0200,0.0,MW,BE,BE,actual_solar_generation,Solar,2026-05-25T18:09:30Z
2026-05-25T18:09:20Z,2026-05-25T20:09:20+0200,63e771d2-a981-44c0-8af1-1f3e75b9ab6a,2026-05-03T23:00:00Z,2026-05-04T01:00:00+0200,0.0,MW,BE,BE,actual_solar_generation,Solar,2026-05-25T18:09:30Z
2026-05-25T18:09:20Z,2026-05-25T20:09:20+0200,63e771d2-a981-44c0-8af1-1f3e75b9ab6a,2026-05-04T00:00:00Z,2026-05-04T02:00:00+0200,0.0,MW,BE,BE,actual_solar_generation,Solar,2026-05-25T18:09:30Z
2026-05-25T18:09:20Z,2026-05-25T20:09:20+0200,63e771d2-a981-44c0-8af1-1f3e75b9ab6a,2026-05-04T01:00:00Z,2026-05-04T03:00:00+0200,0.0,MW,BE,BE,actual_solar_generation,Solar,2026-05-25T18:09:30Z
2026-05-25T18:09:20Z,2026-05-25T20:09:20+0200,63e771d2-a981-44c0-8af1-1f3e75b9ab6a,2026-05-04T02:00:00Z,2026-05-04T04:00:00+0200,0.0,MW,BE,BE,actual_solar_generation,Solar,2026-05-25T18:09:30Z
2026-05-25T18:09:20Z,2026-05-25T20:09:20+0200,63e771d2-a981-44c0-8af1-1f3e75b9ab6a,2026-05-04T03:00:00Z,2026-05-04T05:00:00+0200,0.0,MW,BE,BE,actual_solar_generation,Solar,2026-05-25T18:09:30Z
2026-05-25T18:09:20Z,2026-05-25T20:09:20+0200,63e771d2-a981-44c0-8af1-1f3e75b9ab6a,2026-05-04T04:00:00Z,2026-05-04T06:00:00+0200,90.80275,MW,BE,BE,actual_solar_generation,Solar,2026-05-25T18:09:30Z
2026-05-25T18:09:20Z,2026-05-25T20:09:20+0200,63e771d2-a981-44c0-8af1-1f3e75b9ab6a,2026-05-04T05:00:00Z,2026-05-04T07:00:00+0200,678.68975,MW,BE,BE,actual_solar_generation,Solar,2026-05-25T18:09:30Z
2026-05-25T18:09:20Z,2026-05-25T20:09:20+0200,63e771d2-a981-44c0-8af1-1f3e75b9ab6a,2026-05-04T06:00:00Z,2026-05-04T08:00:00+0200,1387.82075,MW,BE,BE,actual_solar_generation,Solar,2026-05-25T18:09:30Z
2026-05-25T18:09:20Z,2026-05-25T20:09:20+0200,63e771d2-a981-44c0-8af1-1f3e75b9ab6a,2026-05-04T07:00:00Z,2026-05-04T09:00:00+0200,2043.00475,MW,BE,BE,actual_solar_generation,Solar,2026-05-25T18:09:30Z
2026-05-25T18:09:20Z,2026-05-25T20:09:20+0200,63e771d2-a981-44c0-8af1-1f3e75b9ab6a,2026-05-04T08:00:00Z,2026-05-04T10:00:00+0200,2506.8865,MW,BE,BE,actual_solar_generation,Solar,2026-05-25T18:09:30Z
2026-05-25T18:09:20Z,2026-05-25T20:09:20+0200,63e771d2-a981-44c0-8af1-1f3e75b9ab6a,2026-05-04T09:00:00Z,2026-05-04T11:00:00+0200,2775.177,MW,BE,BE,actual_solar_generation,Solar,2026-05-25T18:09:30Z
2026-05-25T18:09:20Z,2026-05-25T20:09:20+0200,63e771d2-a981-44c0-8af1-1f3e75b9ab6a,2026-05-04T10:00:00Z,2026-05-04T12:00:00+0200,3503.398,MW,BE,BE,actual_solar_generation,Solar,2026-05-25T18:09:30Z
2026-05-25T18:09:20Z,2026-05-25T20:09:20+0200,63e771d2-a981-44c0-8af1-1f3e75b9ab6a,2026-05-04T11:00:00Z,2026-05-04T13:00:00+0200,4001.3125,MW,BE,BE,actual_solar_generation,Solar,2026-05-25T18:09:30Z
2026-05-25T18:09:20Z,2026-05-25T20:09:20+0200,63e771d2-a981-44c0-8af1-1f3e75b9ab6a,2026-05-04T12:00:00Z,2026-05-04T14:00:00+0200,3732.2085,MW,BE,BE,actual_solar_generation,Solar,2026-05-25T18:09:30Z
2026-05-25T18:09:20Z,2026-05-25T20:09:20+0200,63e771d2-a981-44c0-8af1-1f3e75b9ab6a,2026-05-04T13:00:00Z,2026-05-04T15:00:00+0200,3164.59975,MW,BE,BE,actual_solar_generation,Solar,2026-05-25T18:09:30Z
2026-05-25T18:09:20Z,2026-05-25T20:09:20+0200,63e771d2-a981-44c0-8af1-1f3e75b9ab6a,2026-05-04T14:00:00Z,2026-05-04T16:00:00+0200,2608.12525,MW,BE,BE,actual_solar_generation,Solar,2026-05-25T18:09:30Z
2026-05-25T18:09:20Z,2026-05-25T20:09:20+0200,63e771d2-a981-44c0-8af1-1f3e75b9ab6a,2026-05-04T15:00:00Z,2026-05-04T17:00:00+0200,1964.917,MW,BE,BE,actual_solar_generation,Solar,2026-05-25T18:09:30Z
2026-05-25T18:09:20Z,2026-05-25T20:09:20+0200,63e771d2-a981-44c0-8af1-1f3e75b9ab6a,2026-05-04T16:00:00Z,2026-05-04T18:00:00+0200,1136.08975,MW,BE,BE,actual_solar_generation,Solar,2026-05-25T18:09:30Z
2026-05-25T18:09:20Z,2026-05-25T20:09:20+0200,63e771d2-a981-44c0-8af1-1f3e75b9ab6a,2026-05-04T17:00:00Z,2026-05-04T19:00:00+0200,565.68225,MW,BE,BE,actual_solar_generation,Solar,2026-05-25T18:09:30Z
2026-05-25T18:09:20Z,2026-05-25T20:09:20+0200,63e771d2-a981-44c0-8af1-1f3e75b9ab6a,2026-05-04T18:00:00Z,2026-05-04T20:00:00+0200,154.17875,MW,BE,BE,actual_solar_generation,Solar,2026-05-25T18:09:30Z
2026-05-25T18:09:20Z,2026-05-25T20:09:20+0200,63e771d2-a981-44c0-8af1-1f3e75b9ab6a,2026-05-04T19:00:00Z,2026-05-04T21:00:00+0200,2.33375,MW,BE,BE,actual_solar_generation,Solar,2026-05-25T18:09:30Z
2026-05-25T18:09:20Z,2026-05-25T20:09:20+0200,63e771d2-a981-44c0-8af1-1f3e75b9ab6a,2026-05-04T20:00:00Z,2026-05-04T22:00:00+0200,0.0,MW,BE,BE,actual_solar_generation,Solar,2026-05-25T18:09:30Z
2026-05-25T18:09:20Z,2026-05-25T20:09:20+0200,63e771d2-a981-44c0-8af1-1f3e75b9ab6a,2026-05-04T21:00:00Z,2026-05-04T23:00:00+0200,0.0,MW,BE,BE,actual_solar_generation,Solar,2026-05-25T18:09:30Z
2026-05-25T18:09:20Z,2026-05-25T20:09:20+0200,63e771d2-a981-44c0-8af1-1f3e75b9ab6a,2026-05-04T22:00:00Z,2026-05-05T00:00:00+0200,0.0,MW,BE,BE,actual_solar_generation,Solar,2026-05-25T18:09:30Z
2026-05-25T18:09:20Z,2026-05-25T20:09:20+0200,63e771d2-a981-44c0-8af1-1f3e75b9ab6a,2026-05-04T23:00:00Z,2026-05-05T01:00:00+0200,0.0,MW,BE,BE,actual_solar_generation,Solar,2026-05-25T18:09:30Z
2026-05-25T18:09:20Z,2026-05-25T20:09:20+0200,63e771d2-a981-44c0-8af1-1f3e75b9ab6a,2026-05-05T00:00:00Z,2026-05-05T02:00:00+0200,0.0,MW,BE,BE,actual_solar_generation,Solar,2026-05-25T18:09:30Z
2026-05-25T18:09:20Z,2026-05-25T20:09:20+0200,63e771d2-a981-44c0-8af1-1f3e75b9ab6a,2026-05-05T01:00:00Z,2026-05-05T03:00:00+0200,0.0,MW,BE,BE,actual_solar_generation,Solar,2026-05-25T18:09:30Z
2026-05-25T18:09:20Z,2026-05-25T20:09:20+0200,63e771d2-a981-44c0-8af1-1f3e75b9ab6a,2026-05-05T02:00:00Z,2026-05-05T04:00:00+0200,0.0,MW,BE,BE,actual_solar_generation,Solar,2026-05-25T18:09:30Z
2026-05-25T18:09:20Z,2026-05-25T20:09:20+0200,63e771d2-a981-44c0-8af1-1f3e75b9ab6a,2026-05-05T03:00:00Z,2026-05-05T05:00:00+0200,0.0,MW,BE,BE,actual_solar_generation,Solar,2026-05-25T18:09:30Z
2026-05-25T18:09:20Z,2026-05-25T20:09:20+0200,63e771d2-a981-44c0-8af1-1f3e75b9ab6a,2026-05-05T04:00:00Z,2026-05-05T06:00:00+0200,12.2785,MW,BE,BE,actual_solar_generation,Solar,2026-05-25T18:09:30Z
2026-05-25T18:09:20Z,2026-05-25T20:09:20+0200,63e771d2-a981-44c0-8af1-1f3e75b9ab6a,2026-05-05T05:00:00Z,2026-05-05T07:00:00+0200,169.66625,MW,BE,BE,actual_solar_generation,Solar,2026-05-25T18:09:30Z
2026-05-25T18:09:20Z,2026-05-25T20:09:20+0200,63e771d2-a981-44c0-8af1-1f3e75b9ab6a,2026-05-05T06:00:00Z,2026-05-05T08:00:00+0200,432.71675,MW,BE,BE,actual_solar_generation,Solar,2026-05-25T18:09:30Z
2026-05-25T18:09:20Z,2026-05-25T20:09:20+0200,63e771d2-a981-44c0-8af1-1f3e75b9ab6a,2026-05-05T07:00:00Z,2026-05-05T09:00:00+0200,734.0465,MW,BE,BE,actual_solar_generation,Solar,2026-05-25T18:09:30Z
2026-05-25T18:09:20Z,2026-05-25T20:09:20+0200,63e771d2-a981-44c0-8af1-1f3e75b9ab6a,2026-05-05T08:00:00Z,2026-05-05T10:00:00+0200,1077.1325,MW,BE,BE,actual_solar_generation,Solar,2026-05-25T18:09:30Z
2026-05-25T18:09:20Z,2026-05-25T20:09:20+0200,63e771d2-a981-44c0-8af1-1f3e75b9ab6a,2026-05-05T09:00:00Z,2026-05-05T11:00:00+0200,1494.98075,MW,BE,BE,actual_solar_generation,Solar,2026-05-25T18:09:30Z
2026-05-25T18:09:20Z,2026-05-25T20:09:20+0200,63e771d2-a981-44c0-8af1-1f3e75b9ab6a,2026-05-05T10:00:00Z,2026-05-05T12:00:00+0200,1782.87625,MW,BE,BE,actual_solar_generation,Solar,2026-05-25T18:09:30Z
2026-05-25T18:09:20Z,2026-05-25T20:09:20+0200,63e771d2-a981-44c0-8af1-1f3e75b9ab6a,2026-05-05T11:00:00Z,2026-05-05T13:00:00+0200,1812.6235,MW,BE,BE,actual_solar_generation,Solar,2026-05-25T18:09:30Z
2026-05-25T18:09:20Z,2026-05-25T20:09:20+0200,63e771d2-a981-44c0-8af1-1f3e75b9ab6a,2026-05-05T12:00:00Z,2026-05-05T14:00:00+0200,1843.2845,MW,BE,BE,actual_solar_generation,Solar,2026-05-25T18:09:30Z
2026-05-25T18:09:20Z,2026-05-25T20:09:20+0200,63e771d2-a981-44c0-8af1-1f3e75b9ab6a,2026-05-05T13:00:00Z,2026-05-05T15:00:00+0200,1912.6235,MW,BE,BE,actual_solar_generation,Solar,2026-05-25T18:09:30Z
2026-05-25T18:09:20Z,2026-05-25T20:09:20+0200,63e771d2-a981-44c0-8af1-1f3e75b9ab6a,2026-05-05T14:00:00Z,2026-05-05T16:00:00+0200,1779.2825,MW,BE,BE,actual_solar_generation,Solar,2026-05-25T18:09:30Z
2026-05-25T18:09:20Z,2026-05-25T20:09:20+0200,63e771d2-a981-44c0-8af1-1f3e75b9ab6a,2026-05-05T15:00:00Z,2026-05-05T17:00:00+0200,1490.343,MW,BE,BE,actual_solar_generation,Solar,2026-05-25T18:09:30Z
2026-05-25T18:09:20Z,2026-05-25T20:09:20+0200,63e771d2-a981-44c0-8af1-1f3e75b9ab6a,2026-05-05T16:00:00Z,2026-05-05T18:00:00+0200,902.018,MW,BE,BE,actual_solar_generation,Solar,2026-05-25T18:09:30Z
2026-05-25T18:09:20Z,2026-05-25T20:09:20+0200,63e771d2-a981-44c0-8af1-1f3e75b9ab6a,2026-05-05T17:00:00Z,2026-05-05T19:00:00+0200,423.77,MW,BE,BE,actual_solar_generation,Solar,2026-05-25T18:09:30Z
2026-05-25T18:09:20Z,2026-05-25T20:09:20+0200,63e771d2-a981-44c0-8af1-1f3e75b9ab6a,2026-05-05T18:00:00Z,2026-05-05T20:00:00+0200,96.93075,MW,BE,BE,actual_solar_generation,Solar,2026-05-25T18:09:30Z
2026-05-25T18:09:20Z,2026-05-25T20:09:20+0200,63e771d2-a981-44c0-8af1-1f3e75b9ab6a,2026-05-05T19:00:00Z,2026-05-05T21:00:00+0200,0.11675,MW,BE,BE,actual_solar_generation,Solar,2026-05-25T18:09:30Z
2026-05-25T18:09:20Z,2026-05-25T20:09:20+0200,63e771d2-a981-44c0-8af1-1f3e75b9ab6a,2026-05-05T20:00:00Z,2026-05-05T22:00:00+0200,0.0,MW,BE,BE,actual_solar_generation,Solar,2026-05-25T18:09:30Z
2026-05-25T18:09:20Z,2026-05-25T20:09:20+0200,63e771d2-a981-44c0-8af1-1f3e75b9ab6a,2026-05-05T21:00:00Z,2026-05-05T23:00:00+0200,0.0,MW,BE,BE,actual_solar_generation,Solar,2026-05-25T18:09:30Z
2026-05-25T18:09:20Z,2026-05-25T20:09:20+0200,63e771d2-a981-44c0-8af1-1f3e75b9ab6a,2026-05-05T22:00:00Z,2026-05-06T00:00:00+0200,0.0,MW,BE,BE,actual_solar_generation,Solar,2026-05-25T18:09:30Z
2026-05-25T18:09:20Z,2026-05-25T20:09:20+0200,63e771d2-a981-44c0-8af1-1f3e75b9ab6a,2026-05-05T23:00:00Z,2026-05-06T01:00:00+0200,0.0,MW,BE,BE,actual_solar_generation,Solar,2026-05-25T18:09:30Z
2026-05-25T18:09:20Z,2026-05-25T20:09:20+0200,63e771d2-a981-44c0-8af1-1f3e75b9ab6a,2026-05-06T00:00:00Z,2026-05-06T02:00:00+0200,0.0,MW,BE,BE,actual_solar_generation,Solar,2026-05-25T18:09:30Z
2026-05-25T18:09:20Z,2026-05-25T20:09:20+0200,63e771d2-a981-44c0-8af1-1f3e75b9ab6a,2026-05-06T01:00:00Z,2026-05-06T03:00:00+0200,0.0,MW,BE,BE,actual_solar_generation,Solar,2026-05-25T18:09:30Z
2026-05-25T18:09:20Z,2026-05-25T20:09:20+0200,63e771d2-a981-44c0-8af1-1f3e75b9ab6a,2026-05-06T02:00:00Z,2026-05-06T04:00:00+0200,0.0,MW,BE,BE,actual_solar_generation,Solar,2026-05-25T18:09:30Z
2026-05-25T18:09:20Z,2026-05-25T20:09:20+0200,63e771d2-a981-44c0-8af1-1f3e75b9ab6a,2026-05-06T03:00:00Z,2026-05-06T05:00:00+0200,0.0,MW,BE,BE,actual_solar_generation,Solar,2026-05-25T18:09:30Z
2026-05-25T18:09:20Z,2026-05-25T20:09:20+0200,63e771d2-a981-44c0-8af1-1f3e75b9ab6a,2026-05-06T04:00:00Z,2026-05-06T06:00:00+0200,20.18875,MW,BE,BE,actual_solar_generation,Solar,2026-05-25T18:09:30Z
2026-05-25T18:09:20Z,2026-05-25T20:09:20+0200,63e771d2-a981-44c0-8af1-1f3e75b9ab6a,2026-05-06T05:00:00Z,2026-05-06T07:00:00+0200,218.103,MW,BE,BE,actual_solar_generation,Solar,2026-05-25T18:09:30Z
2026-05-25T18:09:20Z,2026-05-25T20:09:20+0200,63e771d2-a981-44c0-8af1-1f3e75b9ab6a,2026-05-06T06:00:00Z,2026-05-06T08:00:00+0200,620.13375,MW,BE,BE,actual_solar_generation,Solar,2026-05-25T18:09:30Z
2026-05-25T18:09:20Z,2026-05-25T20:09:20+0200,63e771d2-a981-44c0-8af1-1f3e75b9ab6a,2026-05-06T07:00:00Z,2026-05-06T09:00:00+0200,881.43075,MW,BE,BE,actual_solar_generation,Solar,2026-05-25T18:09:30Z
2026-05-25T18:09:20Z,2026-05-25T20:09:20+0200,63e771d2-a981-44c0-8af1-1f3e75b9ab6a,2026-05-06T08:00:00Z,2026-05-06T10:00:00+0200,1319.95325,MW,BE,BE,actual_solar_generation,Solar,2026-05-25T18:09:30Z
2026-05-25T18:09:20Z,2026-05-25T20:09:20+0200,63e771d2-a981-44c0-8af1-1f3e75b9ab6a,2026-05-06T09:00:00Z,2026-05-06T11:00:00+0200,2024.577,MW,BE,BE,actual_solar_generation,Solar,2026-05-25T18:09:30Z
2026-05-25T18:09:20Z,2026-05-25T20:09:20+0200,63e771d2-a981-44c0-8af1-1f3e75b9ab6a,2026-05-06T10:00:00Z,2026-05-06T12:00:00+0200,2798.548,MW,BE,BE,actual_solar_generation,Solar,2026-05-25T18:09:30Z
2026-05-25T18:09:20Z,2026-05-25T20:09:20+0200,63e771d2-a981-44c0-8af1-1f3e75b9ab6a,2026-05-06T11:00:00Z,2026-05-06T13:00:00+0200,3097.36575,MW,BE,BE,actual_solar_generation,Solar,2026-05-25T18:09:30Z
2026-05-25T18:09:20Z,2026-05-25T20:09:20+0200,63e771d2-a981-44c0-8af1-1f3e75b9ab6a,2026-05-06T12:00:00Z,2026-05-06T14:00:00+0200,3084.47425,MW,BE,BE,actual_solar_generation,Solar,2026-05-25T18:09:30Z
2026-05-25T18:09:20Z,2026-05-25T20:09:20+0200,63e771d2-a981-44c0-8af1-1f3e75b9ab6a,2026-05-06T13:00:00Z,2026-05-06T15:00:00+0200,3004.46225,MW,BE,BE,actual_solar_generation,Solar,2026-05-25T18:09:30Z
2026-05-25T18:09:20Z,2026-05-25T20:09:20+0200,63e771d2-a981-44c0-8af1-1f3e75b9ab6a,2026-05-06T14:00:00Z,2026-05-06T16:00:00+0200,2808.76425,MW,BE,BE,actual_solar_generation,Solar,2026-05-25T18:09:30Z
2026-05-25T18:09:20Z,2026-05-25T20:09:20+0200,63e771d2-a981-44c0-8af1-1f3e75b9ab6a,2026-05-06T15:00:00Z,2026-05-06T17:00:00+0200,2357.31225,MW,BE,BE,actual_solar_generation,Solar,2026-05-25T18:09:30Z
2026-05-25T18:09:20Z,2026-05-25T20:09:20+0200,63e771d2-a981-44c0-8af1-1f3e75b9ab6a,2026-05-06T16:00:00Z,2026-05-06T18:00:00+0200,1559.36525,MW,BE,BE,actual_solar_generation,Solar,2026-05-25T18:09:30Z
2026-05-25T18:09:20Z,2026-05-25T20:09:20+0200,63e771d2-a981-44c0-8af1-1f3e75b9ab6a,2026-05-06T17:00:00Z,2026-05-06T19:00:00+0200,773.04475,MW,BE,BE,actual_solar_generation,Solar,2026-05-25T18:09:30Z
2026-05-25T18:09:20Z,2026-05-25T20:09:20+0200,63e771d2-a981-44c0-8af1-1f3e75b9ab6a,2026-05-06T18:00:00Z,2026-05-06T20:00:00+0200,214.3545,MW,BE,BE,actual_solar_generation,Solar,2026-05-25T18:09:30Z
2026-05-25T18:09:20Z,2026-05-25T20:09:20+0200,63e771d2-a981-44c0-8af1-1f3e75b9ab6a,2026-05-06T19:00:00Z,2026-05-06T21:00:00+0200,2.2815,MW,BE,BE,actual_solar_generation,Solar,2026-05-25T18:09:30Z
2026-05-25T18:09:20Z,2026-05-25T20:09:20+0200,63e771d2-a981-44c0-8af1-1f3e75b9ab6a,2026-05-06T20:00:00Z,2026-05-06T22:00:00+0200,0.0,MW,BE,BE,actual_solar_generation,Solar,2026-05-25T18:09:30Z
2026-05-25T18:09:20Z,2026-05-25T20:09:20+0200,63e771d2-a981-44c0-8af1-1f3e75b9ab6a,2026-05-06T21:00:00Z,2026-05-06T23:00:00+0200,0.0,MW,BE,BE,actual_solar_generation,Solar,2026-05-25T18:09:30Z
2026-05-25T18:09:20Z,2026-05-25T20:09:20+0200,63e771d2-a981-44c0-8af1-1f3e75b9ab6a,2026-05-06T22:00:00Z,2026-05-07T00:00:00+0200,0.0,MW,BE,BE,actual_solar_generation,Solar,2026-05-25T18:09:30Z
2026-05-25T18:09:20Z,2026-05-25T20:09:20+0200,63e771d2-a981-44c0-8af1-1f3e75b9ab6a,2026-05-06T23:00:00Z,2026-05-07T01:00:00+0200,0.0,MW,BE,BE,actual_solar_generation,Solar,2026-05-25T18:09:30Z
2026-05-25T18:09:20Z,2026-05-25T20:09:20+0200,63e771d2-a981-44c0-8af1-1f3e75b9ab6a,2026-05-07T00:00:00Z,2026-05-07T02:00:00+0200,0.0,MW,BE,BE,actual_solar_generation,Solar,2026-05-25T18:09:30Z
2026-05-25T18:09:20Z,2026-05-25T20:09:20+0200,63e771d2-a981-44c0-8af1-1f3e75b9ab6a,2026-05-07T01:00:00Z,2026-05-07T03:00:00+0200,0.0,MW,BE,BE,actual_solar_generation,Solar,2026-05-25T18:09:30Z
2026-05-25T18:09:20Z,2026-05-25T20:09:20+0200,63e771d2-a981-44c0-8af1-1f3e75b9ab6a,2026-05-07T02:00:00Z,2026-05-07T04:00:00+0200,0.0,MW,BE,BE,actual_solar_generation,Solar,2026-05-25T18:09:30Z
2026-05-25T18:09:20Z,2026-05-25T20:09:20+0200,63e771d2-a981-44c0-8af1-1f3e75b9ab6a,2026-05-07T03:00:00Z,2026-05-07T05:00:00+0200,0.0,MW,BE,BE,actual_solar_generation,Solar,2026-05-25T18:09:30Z
2026-05-25T18:09:20Z,2026-05-25T20:09:20+0200,63e771d2-a981-44c0-8af1-1f3e75b9ab6a,2026-05-07T04:00:00Z,2026-05-07T06:00:00+0200,41.03075,MW,BE,BE,actual_solar_generation,Solar,2026-05-25T18:09:30Z
2026-05-25T18:09:20Z,2026-05-25T20:09:20+0200,63e771d2-a981-44c0-8af1-1f3e75b9ab6a,2026-05-07T05:00:00Z,2026-05-07T07:00:00+0200,456.31525,MW,BE,BE,actual_solar_generation,Solar,2026-05-25T18:09:30Z
2026-05-25T18:09:20Z,2026-05-25T20:09:20+0200,63e771d2-a981-44c0-8af1-1f3e75b9ab6a,2026-05-07T06:00:00Z,2026-05-07T08:00:00+0200,1322.3015,MW,BE,BE,actual_solar_generation,Solar,2026-05-25T18:09:30Z
2026-05-25T18:09:20Z,2026-05-25T20:09:20+0200,63e771d2-a981-44c0-8af1-1f3e75b9ab6a,2026-05-07T07:00:00Z,2026-05-07T09:00:00+0200,2778.74525,MW,BE,BE,actual_solar_generation,Solar,2026-05-25T18:09:30Z
2026-05-25T18:09:20Z,2026-05-25T20:09:20+0200,63e771d2-a981-44c0-8af1-1f3e75b9ab6a,2026-05-07T08:00:00Z,2026-05-07T10:00:00+0200,4603.96275,MW,BE,BE,actual_solar_generation,Solar,2026-05-25T18:09:30Z
2026-05-25T18:09:20Z,2026-05-25T20:09:20+0200,63e771d2-a981-44c0-8af1-1f3e75b9ab6a,2026-05-07T09:00:00Z,2026-05-07T11:00:00+0200,5697.314,MW,BE,BE,actual_solar_generation,Solar,2026-05-25T18:09:30Z
2026-05-25T18:09:20Z,2026-05-25T20:09:20+0200,63e771d2-a981-44c0-8af1-1f3e75b9ab6a,2026-05-07T10:00:00Z,2026-05-07T12:00:00+0200,5117.527,MW,BE,BE,actual_solar_generation,Solar,2026-05-25T18:09:30Z
2026-05-25T18:09:20Z,2026-05-25T20:09:20+0200,63e771d2-a981-44c0-8af1-1f3e75b9ab6a,2026-05-07T11:00:00Z,2026-05-07T13:00:00+0200,3838.60125,MW,BE,BE,actual_solar_generation,Solar,2026-05-25T18:09:30Z
2026-05-25T18:09:20Z,2026-05-25T20:09:20+0200,63e771d2-a981-44c0-8af1-1f3e75b9ab6a,2026-05-07T12:00:00Z,2026-05-07T14:00:00+0200,2750.8585,MW,BE,BE,actual_solar_generation,Solar,2026-05-25T18:09:30Z
2026-05-25T18:09:20Z,2026-05-25T20:09:20+0200,63e771d2-a981-44c0-8af1-1f3e75b9ab6a,2026-05-07T13:00:00Z,2026-05-07T15:00:00+0200,2108.2825,MW,BE,BE,actual_solar_generation,Solar,2026-05-25T18:09:30Z
2026-05-25T18:09:20Z,2026-05-25T20:09:20+0200,63e771d2-a981-44c0-8af1-1f3e75b9ab6a,2026-05-07T14:00:00Z,2026-05-07T16:00:00+0200,1740.22825,MW,BE,BE,actual_solar_generation,Solar,2026-05-25T18:09:30Z
2026-05-25T18:09:20Z,2026-05-25T20:09:20+0200,63e771d2-a981-44c0-8af1-1f3e75b9ab6a,2026-05-07T15:00:00Z,2026-05-07T17:00:00+0200,1306.26125,MW,BE,BE,actual_solar_generation,Solar,2026-05-25T18:09:30Z
2026-05-25T18:09:20Z,2026-05-25T20:09:20+0200,63e771d2-a981-44c0-8af1-1f3e75b9ab6a,2026-05-07T16:00:00Z,2026-05-07T18:00:00+0200,863.38275,MW,BE,BE,actual_solar_generation,Solar,2026-05-25T18:09:30Z
2026-05-25T18:09:20Z,2026-05-25T20:09:20+0200,63e771d2-a981-44c0-8af1-1f3e75b9ab6a,2026-05-07T17:00:00Z,2026-05-07T19:00:00+0200,437.18875,MW,BE,BE,actual_solar_generation,Solar,2026-05-25T18:09:30Z
2026-05-25T18:09:20Z,2026-05-25T20:09:20+0200,63e771d2-a981-44c0-8af1-1f3e75b9ab6a,2026-05-07T18:00:00Z,2026-05-07T20:00:00+0200,81.364,MW,BE,BE,actual_solar_generation,Solar,2026-05-25T18:09:30Z
2026-05-25T18:09:20Z,2026-05-25T20:09:20+0200,63e771d2-a981-44c0-8af1-1f3e75b9ab6a,2026-05-07T19:00:00Z,2026-05-07T21:00:00+0200,0.1625,MW,BE,BE,actual_solar_generation,Solar,2026-05-25T18:09:30Z
2026-05-25T18:09:20Z,2026-05-25T20:09:20+0200,63e771d2-a981-44c0-8af1-1f3e75b9ab6a,2026-05-07T20:00:00Z,2026-05-07T22:00:00+0200,0.0,MW,BE,BE,actual_solar_generation,Solar,2026-05-25T18:09:30Z
2026-05-25T18:09:20Z,2026-05-25T20:09:20+0200,63e771d2-a981-44c0-8af1-1f3e75b9ab6a,2026-05-07T21:00:00Z,2026-05-07T23:00:00+0200,0.0,MW,BE,BE,actual_solar_generation,Solar,2026-05-25T18:09:30Z
2026-05-25T18:09:20Z,2026-05-25T20:09:20+0200,63e771d2-a981-44c0-8af1-1f3e75b9ab6a,2026-05-07T22:00:00Z,2026-05-08T00:00:00+0200,0.0,MW,BE,BE,actual_solar_generation,Solar,2026-05-25T18:09:30Z
2026-05-25T18:09:20Z,2026-05-25T20:09:20+0200,63e771d2-a981-44c0-8af1-1f3e75b9ab6a,2026-05-07T23:00:00Z,2026-05-08T01:00:00+0200,0.0,MW,BE,BE,actual_solar_generation,Solar,2026-05-25T18:09:30Z
2026-05-25T18:09:20Z,2026-05-25T20:09:20+0200,63e771d2-a981-44c0-8af1-1f3e75b9ab6a,2026-05-08T00:00:00Z,2026-05-08T02:00:00+0200,0.0,MW,BE,BE,actual_solar_generation,Solar,2026-05-25T18:09:30Z
2026-05-25T18:09:20Z,2026-05-25T20:09:20+0200,63e771d2-a981-44c0-8af1-1f3e75b9ab6a,2026-05-08T01:00:00Z,2026-05-08T03:00:00+0200,0.0,MW,BE,BE,actual_solar_generation,Solar,2026-05-25T18:09:30Z
2026-05-25T18:09:20Z,2026-05-25T20:09:20+0200,63e771d2-a981-44c0-8af1-1f3e75b9ab6a,2026-05-08T02:00:00Z,2026-05-08T04:00:00+0200,0.0,MW,BE,BE,actual_solar_generation,Solar,2026-05-25T18:09:30Z
2026-05-25T18:09:20Z,2026-05-25T20:09:20+0200,63e771d2-a981-44c0-8af1-1f3e75b9ab6a,2026-05-08T03:00:00Z,2026-05-08T05:00:00+0200,0.0,MW,BE,BE,actual_solar_generation,Solar,2026-05-25T18:09:30Z
2026-05-25T18:09:20Z,2026-05-25T20:09:20+0200,63e771d2-a981-44c0-8af1-1f3e75b9ab6a,2026-05-08T04:00:00Z,2026-05-08T06:00:00+0200,35.35275,MW,BE,BE,actual_solar_generation,Solar,2026-05-25T18:09:30Z
2026-05-25T18:09:20Z,2026-05-25T20:09:20+0200,63e771d2-a981-44c0-8af1-1f3e75b9ab6a,2026-05-08T05:00:00Z,2026-05-08T07:00:00+0200,412.16125,MW,BE,BE,actual_solar_generation,Solar,2026-05-25T18:09:30Z
2026-05-25T18:09:20Z,2026-05-25T20:09:20+0200,63e771d2-a981-44c0-8af1-1f3e75b9ab6a,2026-05-08T06:00:00Z,2026-05-08T08:00:00+0200,1089.653,MW,BE,BE,actual_solar_generation,Solar,2026-05-25T18:09:30Z
2026-05-25T18:09:20Z,2026-05-25T20:09:20+0200,63e771d2-a981-44c0-8af1-1f3e75b9ab6a,2026-05-08T07:00:00Z,2026-05-08T09:00:00+0200,2129.9065,MW,BE,BE,actual_solar_generation,Solar,2026-05-25T18:09:30Z
2026-05-25T18:09:20Z,2026-05-25T20:09:20+0200,63e771d2-a981-44c0-8af1-1f3e75b9ab6a,2026-05-08T08:00:00Z,2026-05-08T10:00:00+0200,3541.81475,MW,BE,BE,actual_solar_generation,Solar,2026-05-25T18:09:30Z
2026-05-25T18:09:20Z,2026-05-25T20:09:20+0200,63e771d2-a981-44c0-8af1-1f3e75b9ab6a,2026-05-08T09:00:00Z,2026-05-08T11:00:00+0200,5183.13725,MW,BE,BE,actual_solar_generation,Solar,2026-05-25T18:09:30Z
2026-05-25T18:09:20Z,2026-05-25T20:09:20+0200,63e771d2-a981-44c0-8af1-1f3e75b9ab6a,2026-05-08T10:00:00Z,2026-05-08T12:00:00+0200,5794.74475,MW,BE,BE,actual_solar_generation,Solar,2026-05-25T18:09:30Z
2026-05-25T18:09:20Z,2026-05-25T20:09:20+0200,63e771d2-a981-44c0-8af1-1f3e75b9ab6a,2026-05-08T11:00:00Z,2026-05-08T13:00:00+0200,5301.54325,MW,BE,BE,actual_solar_generation,Solar,2026-05-25T18:09:30Z
2026-05-25T18:09:20Z,2026-05-25T20:09:20+0200,63e771d2-a981-44c0-8af1-1f3e75b9ab6a,2026-05-08T12:00:00Z,2026-05-08T14:00:00+0200,4890.9235,MW,BE,BE,actual_solar_generation,Solar,2026-05-25T18:09:30Z
2026-05-25T18:09:20Z,2026-05-25T20:09:20+0200,63e771d2-a981-44c0-8af1-1f3e75b9ab6a,2026-05-08T13:00:00Z,2026-05-08T15:00:00+0200,4620.458,MW,BE,BE,actual_solar_generation,Solar,2026-05-25T18:09:30Z
2026-05-25T18:09:20Z,2026-05-25T20:09:20+0200,63e771d2-a981-44c0-8af1-1f3e75b9ab6a,2026-05-08T14:00:00Z,2026-05-08T16:00:00+0200,3905.5275,MW,BE,BE,actual_solar_generation,Solar,2026-05-25T18:09:30Z
2026-05-25T18:09:20Z,2026-05-25T20:09:20+0200,63e771d2-a981-44c0-8af1-1f3e75b9ab6a,2026-05-08T15:00:00Z,2026-05-08T17:00:00+0200,3211.918,MW,BE,BE,actual_solar_generation,Solar,2026-05-25T18:09:30Z
2026-05-25T18:09:20Z,2026-05-25T20:09:20+0200,63e771d2-a981-44c0-8af1-1f3e75b9ab6a,2026-05-08T16:00:00Z,2026-05-08T18:00:00+0200,2180.36,MW,BE,BE,actual_solar_generation,Solar,2026-05-25T18:09:30Z
2026-05-25T18:09:20Z,2026-05-25T20:09:20+0200,63e771d2-a981-44c0-8af1-1f3e75b9ab6a,2026-05-08T17:00:00Z,2026-05-08T19:00:00+0200,1079.92525,MW,BE,BE,actual_solar_generation,Solar,2026-05-25T18:09:30Z
2026-05-25T18:09:20Z,2026-05-25T20:09:20+0200,63e771d2-a981-44c0-8af1-1f3e75b9ab6a,2026-05-08T18:00:00Z,2026-05-08T20:00:00+0200,272.58775,MW,BE,BE,actual_solar_generation,Solar,2026-05-25T18:09:30Z
2026-05-25T18:09:20Z,2026-05-25T20:09:20+0200,63e771d2-a981-44c0-8af1-1f3e75b9ab6a,2026-05-08T19:00:00Z,2026-05-08T21:00:00+0200,0.85725,MW,BE,BE,actual_solar_generation,Solar,2026-05-25T18:09:30Z
2026-05-25T18:09:20Z,2026-05-25T20:09:20+0200,63e771d2-a981-44c0-8af1-1f3e75b9ab6a,2026-05-08T20:00:00Z,2026-05-08T22:00:00+0200,0.0,MW,BE,BE,actual_solar_generation,Solar,2026-05-25T18:09:30Z
2026-05-25T18:09:20Z,2026-05-25T20:09:20+0200,63e771d2-a981-44c0-8af1-1f3e75b9ab6a,2026-05-08T21:00:00Z,2026-05-08T23:00:00+0200,0.0,MW,BE,BE,actual_solar_generation,Solar,2026-05-25T18:09:30Z
2026-05-25T18:09:20Z,2026-05-25T20:09:20+0200,63e771d2-a981-44c0-8af1-1f3e75b9ab6a,2026-05-08T22:00:00Z,2026-05-09T00:00:00+0200,0.0,MW,BE,BE,actual_solar_generation,Solar,2026-05-25T18:09:30Z
2026-05-25T18:09:20Z,2026-05-25T20:09:20+0200,63e771d2-a981-44c0-8af1-1f3e75b9ab6a,2026-05-08T23:00:00Z,2026-05-09T01:00:00+0200,0.0,MW,BE,BE,actual_solar_generation,Solar,2026-05-25T18:09:30Z
2026-05-25T18:09:20Z,2026-05-25T20:09:20+0200,63e771d2-a981-44c0-8af1-1f3e75b9ab6a,2026-05-09T00:00:00Z,2026-05-09T02:00:00+0200,0.0,MW,BE,BE,actual_solar_generation,Solar,2026-05-25T18:09:30Z
2026-05-25T18:09:20Z,2026-05-25T20:09:20+0200,63e771d2-a981-44c0-8af1-1f3e75b9ab6a,2026-05-09T01:00:00Z,2026-05-09T03:00:00+0200,0.0,MW,BE,BE,actual_solar_generation,Solar,2026-05-25T18:09:30Z
2026-05-25T18:09:20Z,2026-05-25T20:09:20+0200,63e771d2-a981-44c0-8af1-1f3e75b9ab6a,2026-05-09T02:00:00Z,2026-05-09T04:00:00+0200,0.0,MW,BE,BE,actual_solar_generation,Solar,2026-05-25T18:09:30Z
2026-05-25T18:09:20Z,2026-05-25T20:09:20+0200,63e771d2-a981-44c0-8af1-1f3e75b9ab6a,2026-05-09T03:00:00Z,2026-05-09T05:00:00+0200,0.0,MW,BE,BE,actual_solar_generation,Solar,2026-05-25T18:09:30Z
2026-05-25T18:09:20Z,2026-05-25T20:09:20+0200,63e771d2-a981-44c0-8af1-1f3e75b9ab6a,2026-05-09T04:00:00Z,2026-05-09T06:00:00+0200,179.0745,MW,BE,BE,actual_solar_generation,Solar,2026-05-25T18:09:30Z
2026-05-25T18:09:20Z,2026-05-25T20:09:20+0200,63e771d2-a981-44c0-8af1-1f3e75b9ab6a,2026-05-09T05:00:00Z,2026-05-09T07:00:00+0200,1018.212,MW,BE,BE,actual_solar_generation,Solar,2026-05-25T18:09:30Z
2026-05-25T18:09:20Z,2026-05-25T20:09:20+0200,63e771d2-a981-44c0-8af1-1f3e75b9ab6a,2026-05-09T06:00:00Z,2026-05-09T08:00:00+0200,2357.6785,MW,BE,BE,actual_solar_generation,Solar,2026-05-25T18:09:30Z
2026-05-25T18:09:20Z,2026-05-25T20:09:20+0200,63e771d2-a981-44c0-8af1-1f3e75b9ab6a,2026-05-09T07:00:00Z,2026-05-09T09:00:00+0200,4033.42075,MW,BE,BE,actual_solar_generation,Solar,2026-05-25T18:09:30Z
2026-05-25T18:09:20Z,2026-05-25T20:09:20+0200,63e771d2-a981-44c0-8af1-1f3e75b9ab6a,2026-05-09T08:00:00Z,2026-05-09T10:00:00+0200,5731.35475,MW,BE,BE,actual_solar_generation,Solar,2026-05-25T18:09:30Z
2026-05-25T18:09:20Z,2026-05-25T20:09:20+0200,63e771d2-a981-44c0-8af1-1f3e75b9ab6a,2026-05-09T09:00:00Z,2026-05-09T11:00:00+0200,7180.42425,MW,BE,BE,actual_solar_generation,Solar,2026-05-25T18:09:30Z
2026-05-25T18:09:20Z,2026-05-25T20:09:20+0200,63e771d2-a981-44c0-8af1-1f3e75b9ab6a,2026-05-09T10:00:00Z,2026-05-09T12:00:00+0200,7821.4925,MW,BE,BE,actual_solar_generation,Solar,2026-05-25T18:09:30Z
2026-05-25T18:09:20Z,2026-05-25T20:09:20+0200,63e771d2-a981-44c0-8af1-1f3e75b9ab6a,2026-05-09T11:00:00Z,2026-05-09T13:00:00+0200,7641.9975,MW,BE,BE,actual_solar_generation,Solar,2026-05-25T18:09:30Z
2026-05-25T18:09:20Z,2026-05-25T20:09:20+0200,63e771d2-a981-44c0-8af1-1f3e75b9ab6a,2026-05-09T12:00:00Z,2026-05-09T14:00:00+0200,7028.81325,MW,BE,BE,actual_solar_generation,Solar,2026-05-25T18:09:30Z
2026-05-25T18:09:20Z,2026-05-25T20:09:20+0200,63e771d2-a981-44c0-8af1-1f3e75b9ab6a,2026-05-09T13:00:00Z,2026-05-09T15:00:00+0200,6290.66375,MW,BE,BE,actual_solar_generation,Solar,2026-05-25T18:09:30Z
2026-05-25T18:09:20Z,2026-05-25T20:09:20+0200,63e771d2-a981-44c0-8af1-1f3e75b9ab6a,2026-05-09T14:00:00Z,2026-05-09T16:00:00+0200,5172.894,MW,BE,BE,actual_solar_generation,Solar,2026-05-25T18:09:30Z
2026-05-25T18:09:20Z,2026-05-25T20:09:20+0200,63e771d2-a981-44c0-8af1-1f3e75b9ab6a,2026-05-09T15:00:00Z,2026-05-09T17:00:00+0200,4002.4545,MW,BE,BE,actual_solar_generation,Solar,2026-05-25T18:09:30Z
2026-05-25T18:09:20Z,2026-05-25T20:09:20+0200,63e771d2-a981-44c0-8af1-1f3e75b9ab6a,2026-05-09T16:00:00Z,2026-05-09T18:00:00+0200,2695.88875,MW,BE,BE,actual_solar_generation,Solar,2026-05-25T18:09:30Z
2026-05-25T18:09:20Z,2026-05-25T20:09:20+0200,63e771d2-a981-44c0-8af1-1f3e75b9ab6a,2026-05-09T17:00:00Z,2026-05-09T19:00:00+0200,1336.2725,MW,BE,BE,actual_solar_generation,Solar,2026-05-25T18:09:30Z
2026-05-25T18:09:20Z,2026-05-25T20:09:20+0200,63e771d2-a981-44c0-8af1-1f3e75b9ab6a,2026-05-09T18:00:00Z,2026-05-09T20:00:00+0200,354.5665,MW,BE,BE,actual_solar_generation,Solar,2026-05-25T18:09:30Z
2026-05-25T18:09:20Z,2026-05-25T20:09:20+0200,63e771d2-a981-44c0-8af1-1f3e75b9ab6a,2026-05-09T19:00:00Z,2026-05-09T21:00:00+0200,0.86175,MW,BE,BE,actual_solar_generation,Solar,2026-05-25T18:09:30Z
2026-05-25T18:09:20Z,2026-05-25T20:09:20+0200,63e771d2-a981-44c0-8af1-1f3e75b9ab6a,2026-05-09T20:00:00Z,2026-05-09T22:00:00+0200,0.0,MW,BE,BE,actual_solar_generation,Solar,2026-05-25T18:09:30Z
2026-05-25T18:09:20Z,2026-05-25T20:09:20+0200,63e771d2-a981-44c0-8af1-1f3e75b9ab6a,2026-05-09T21:00:00Z,2026-05-09T23:00:00+0200,0.0,MW,BE,BE,actual_solar_generation,Solar,2026-05-25T18:09:30Z
2026-05-25T18:09:20Z,2026-05-25T20:09:20+0200,63e771d2-a981-44c0-8af1-1f3e75b9ab6a,2026-05-09T22:00:00Z,2026-05-10T00:00:00+0200,0.0,MW,BE,BE,actual_solar_generation,Solar,2026-05-25T18:09:30Z
2026-05-25T18:09:20Z,2026-05-25T20:09:20+0200,63e771d2-a981-44c0-8af1-1f3e75b9ab6a,2026-05-09T23:00:00Z,2026-05-10T01:00:00+0200,0.0,MW,BE,BE,actual_solar_generation,Solar,2026-05-25T18:09:30Z
2026-05-25T18:09:20Z,2026-05-25T20:09:20+0200,63e771d2-a981-44c0-8af1-1f3e75b9ab6a,2026-05-10T00:00:00Z,2026-05-10T02:00:00+0200,0.0,MW,BE,BE,actual_solar_generation,Solar,2026-05-25T18:09:30Z
2026-05-25T18:09:20Z,2026-05-25T20:09:20+0200,63e771d2-a981-44c0-8af1-1f3e75b9ab6a,2026-05-10T01:00:00Z,2026-05-10T03:00:00+0200,0.0,MW,BE,BE,actual_solar_generation,Solar,2026-05-25T18:09:30Z
2026-05-25T18:09:20Z,2026-05-25T20:09:20+0200,63e771d2-a981-44c0-8af1-1f3e75b9ab6a,2026-05-10T02:00:00Z,2026-05-10T04:00:00+0200,0.0,MW,BE,BE,actual_solar_generation,Solar,2026-05-25T18:09:30Z
2026-05-25T18:09:20Z,2026-05-25T20:09:20+0200,63e771d2-a981-44c0-8af1-1f3e75b9ab6a,2026-05-10T03:00:00Z,2026-05-10T05:00:00+0200,0.0,MW,BE,BE,actual_solar_generation,Solar,2026-05-25T18:09:30Z
2026-05-25T18:09:20Z,2026-05-25T20:09:20+0200,63e771d2-a981-44c0-8af1-1f3e75b9ab6a,2026-05-10T04:00:00Z,2026-05-10T06:00:00+0200,140.1775,MW,BE,BE,actual_solar_generation,Solar,2026-05-25T18:09:30Z
2026-05-25T18:09:20Z,2026-05-25T20:09:20+0200,63e771d2-a981-44c0-8af1-1f3e75b9ab6a,2026-05-10T05:00:00Z,2026-05-10T07:00:00+0200,798.56875,MW,BE,BE,actual_solar_generation,Solar,2026-05-25T18:09:30Z
2026-05-25T18:09:20Z,2026-05-25T20:09:20+0200,63e771d2-a981-44c0-8af1-1f3e75b9ab6a,2026-05-10T06:00:00Z,2026-05-10T08:00:00+0200,2170.31725,MW,BE,BE,actual_solar_generation,Solar,2026-05-25T18:09:30Z
2026-05-25T18:09:20Z,2026-05-25T20:09:20+0200,63e771d2-a981-44c0-8af1-1f3e75b9ab6a,2026-05-10T07:00:00Z,2026-05-10T09:00:00+0200,3679.4765,MW,BE,BE,actual_solar_generation,Solar,2026-05-25T18:09:30Z
2026-05-25T18:09:20Z,2026-05-25T20:09:20+0200,63e771d2-a981-44c0-8af1-1f3e75b9ab6a,2026-05-10T08:00:00Z,2026-05-10T10:00:00+0200,5172.663,MW,BE,BE,actual_solar_generation,Solar,2026-05-25T18:09:30Z
2026-05-25T18:09:20Z,2026-05-25T20:09:20+0200,63e771d2-a981-44c0-8af1-1f3e75b9ab6a,2026-05-10T09:00:00Z,2026-05-10T11:00:00+0200,6257.3525,MW,BE,BE,actual_solar_generation,Solar,2026-05-25T18:09:30Z
2026-05-25T18:09:20Z,2026-05-25T20:09:20+0200,63e771d2-a981-44c0-8af1-1f3e75b9ab6a,2026-05-10T10:00:00Z,2026-05-10T12:00:00+0200,6807.24225,MW,BE,BE,actual_solar_generation,Solar,2026-05-25T18:09:30Z
2026-05-25T18:09:20Z,2026-05-25T20:09:20+0200,63e771d2-a981-44c0-8af1-1f3e75b9ab6a,2026-05-10T11:00:00Z,2026-05-10T13:00:00+0200,6795.5185,MW,BE,BE,actual_solar_generation,Solar,2026-05-25T18:09:30Z
2026-05-25T18:09:20Z,2026-05-25T20:09:20+0200,63e771d2-a981-44c0-8af1-1f3e75b9ab6a,2026-05-10T12:00:00Z,2026-05-10T14:00:00+0200,6451.44,MW,BE,BE,actual_solar_generation,Solar,2026-05-25T18:09:30Z
2026-05-25T18:09:20Z,2026-05-25T20:09:20+0200,63e771d2-a981-44c0-8af1-1f3e75b9ab6a,2026-05-10T13:00:00Z,2026-05-10T15:00:00+0200,5318.69125,MW,BE,BE,actual_solar_generation,Solar,2026-05-25T18:09:30Z
2026-05-25T18:09:20Z,2026-05-25T20:09:20+0200,63e771d2-a981-44c0-8af1-1f3e75b9ab6a,2026-05-10T14:00:00Z,2026-05-10T16:00:00+0200,3497.71375,MW,BE,BE,actual_solar_generation,Solar,2026-05-25T18:09:30Z
2026-05-25T18:09:20Z,2026-05-25T20:09:20+0200,63e771d2-a981-44c0-8af1-1f3e75b9ab6a,2026-05-10T15:00:00Z,2026-05-10T17:00:00+0200,1998.874,MW,BE,BE,actual_solar_generation,Solar,2026-05-25T18:09:30Z
2026-05-25T18:09:20Z,2026-05-25T20:09:20+0200,63e771d2-a981-44c0-8af1-1f3e75b9ab6a,2026-05-10T16:00:00Z,2026-05-10T18:00:00+0200,949.68975,MW,BE,BE,actual_solar_generation,Solar,2026-05-25T18:09:30Z
2026-05-25T18:09:20Z,2026-05-25T20:09:20+0200,63e771d2-a981-44c0-8af1-1f3e75b9ab6a,2026-05-10T17:00:00Z,2026-05-10T19:00:00+0200,344.0185,MW,BE,BE,actual_solar_generation,Solar,2026-05-25T18:09:30Z
2026-05-25T18:09:20Z,2026-05-25T20:09:20+0200,63e771d2-a981-44c0-8af1-1f3e75b9ab6a,2026-05-10T18:00:00Z,2026-05-10T20:00:00+0200,69.156,MW,BE,BE,actual_solar_generation,Solar,2026-05-25T18:09:30Z
2026-05-25T18:09:20Z,2026-05-25T20:09:20+0200,63e771d2-a981-44c0-8af1-1f3e75b9ab6a,2026-05-10T19:00:00Z,2026-05-10T21:00:00+0200,0.26875,MW,BE,BE,actual_solar_generation,Solar,2026-05-25T18:09:30Z
2026-05-25T18:09:20Z,2026-05-25T20:09:20+0200,63e771d2-a981-44c0-8af1-1f3e75b9ab6a,2026-05-10T20:00:00Z,2026-05-10T22:00:00+0200,0.0,MW,BE,BE,actual_solar_generation,Solar,2026-05-25T18:09:30Z
2026-05-25T18:09:20Z,2026-05-25T20:09:20+0200,63e771d2-a981-44c0-8af1-1f3e75b9ab6a,2026-05-10T21:00:00Z,2026-05-10T23:00:00+0200,0.0,MW,BE,BE,actual_solar_generation,Solar,2026-05-25T18:09:30Z
2026-05-25T18:09:20Z,2026-05-25T20:09:20+0200,63e771d2-a981-44c0-8af1-1f3e75b9ab6a,2026-05-10T22:00:00Z,2026-05-11T00:00:00+0200,0.0,MW,BE,BE,actual_solar_generation,Solar,2026-05-25T18:09:30Z
2026-05-25T18:09:20Z,2026-05-25T20:09:20+0200,63e771d2-a981-44c0-8af1-1f3e75b9ab6a,2026-05-10T23:00:00Z,2026-05-11T01:00:00+0200,0.0,MW,BE,BE,actual_solar_generation,Solar,2026-05-25T18:09:30Z
2026-05-25T18:09:20Z,2026-05-25T20:09:20+0200,63e771d2-a981-44c0-8af1-1f3e75b9ab6a,2026-05-11T00:00:00Z,2026-05-11T02:00:00+0200,0.0,MW,BE,BE,actual_solar_generation,Solar,2026-05-25T18:09:30Z
2026-05-25T18:09:20Z,2026-05-25T20:09:20+0200,63e771d2-a981-44c0-8af1-1f3e75b9ab6a,2026-05-11T01:00:00Z,2026-05-11T03:00:00+0200,0.0,MW,BE,BE,actual_solar_generation,Solar,2026-05-25T18:09:30Z
2026-05-25T18:09:20Z,2026-05-25T20:09:20+0200,63e771d2-a981-44c0-8af1-1f3e75b9ab6a,2026-05-11T02:00:00Z,2026-05-11T04:00:00+0200,0.0,MW,BE,BE,actual_solar_generation,Solar,2026-05-25T18:09:30Z
2026-05-25T18:09:20Z,2026-05-25T20:09:20+0200,63e771d2-a981-44c0-8af1-1f3e75b9ab6a,2026-05-11T03:00:00Z,2026-05-11T05:00:00+0200,0.0,MW,BE,BE,actual_solar_generation,Solar,2026-05-25T18:09:30Z
2026-05-25T18:09:20Z,2026-05-25T20:09:20+0200,63e771d2-a981-44c0-8af1-1f3e75b9ab6a,2026-05-11T04:00:00Z,2026-05-11T06:00:00+0200,30.2815,MW,BE,BE,actual_solar_generation,Solar,2026-05-25T18:09:30Z
2026-05-25T18:09:20Z,2026-05-25T20:09:20+0200,63e771d2-a981-44c0-8af1-1f3e75b9ab6a,2026-05-11T05:00:00Z,2026-05-11T07:00:00+0200,371.83475,MW,BE,BE,actual_solar_generation,Solar,2026-05-25T18:09:30Z
2026-05-25T18:09:20Z,2026-05-25T20:09:20+0200,63e771d2-a981-44c0-8af1-1f3e75b9ab6a,2026-05-11T06:00:00Z,2026-05-11T08:00:00+0200,1353.552,MW,BE,BE,actual_solar_generation,Solar,2026-05-25T18:09:30Z
2026-05-25T18:09:20Z,2026-05-25T20:09:20+0200,63e771d2-a981-44c0-8af1-1f3e75b9ab6a,2026-05-11T07:00:00Z,2026-05-11T09:00:00+0200,2415.15025,MW,BE,BE,actual_solar_generation,Solar,2026-05-25T18:09:30Z
2026-05-25T18:09:20Z,2026-05-25T20:09:20+0200,63e771d2-a981-44c0-8af1-1f3e75b9ab6a,2026-05-11T08:00:00Z,2026-05-11T10:00:00+0200,3684.6845,MW,BE,BE,actual_solar_generation,Solar,2026-05-25T18:09:30Z
2026-05-25T18:09:20Z,2026-05-25T20:09:20+0200,63e771d2-a981-44c0-8af1-1f3e75b9ab6a,2026-05-11T09:00:00Z,2026-05-11T11:00:00+0200,4758.44375,MW,BE,BE,actual_solar_generation,Solar,2026-05-25T18:09:30Z
2026-05-25T18:09:20Z,2026-05-25T20:09:20+0200,63e771d2-a981-44c0-8af1-1f3e75b9ab6a,2026-05-11T10:00:00Z,2026-05-11T12:00:00+0200,5302.882,MW,BE,BE,actual_solar_generation,Solar,2026-05-25T18:09:30Z
2026-05-25T18:09:20Z,2026-05-25T20:09:20+0200,63e771d2-a981-44c0-8af1-1f3e75b9ab6a,2026-05-11T11:00:00Z,2026-05-11T13:00:00+0200,3962.922,MW,BE,BE,actual_solar_generation,Solar,2026-05-25T18:09:30Z
2026-05-25T18:09:20Z,2026-05-25T20:09:20+0200,63e771d2-a981-44c0-8af1-1f3e75b9ab6a,2026-05-11T12:00:00Z,2026-05-11T14:00:00+0200,2506.7925,MW,BE,BE,actual_solar_generation,Solar,2026-05-25T18:09:30Z
2026-05-25T18:09:20Z,2026-05-25T20:09:20+0200,63e771d2-a981-44c0-8af1-1f3e75b9ab6a,2026-05-11T13:00:00Z,2026-05-11T15:00:00+0200,2568.079,MW,BE,BE,actual_solar_generation,Solar,2026-05-25T18:09:30Z
2026-05-25T18:09:20Z,2026-05-25T20:09:20+0200,63e771d2-a981-44c0-8af1-1f3e75b9ab6a,2026-05-11T14:00:00Z,2026-05-11T16:00:00+0200,3057.16725,MW,BE,BE,actual_solar_generation,Solar,2026-05-25T18:09:30Z
2026-05-25T18:09:20Z,2026-05-25T20:09:20+0200,63e771d2-a981-44c0-8af1-1f3e75b9ab6a,2026-05-11T15:00:00Z,2026-05-11T17:00:00+0200,3050.87375,MW,BE,BE,actual_solar_generation,Solar,2026-05-25T18:09:30Z
2026-05-25T18:09:20Z,2026-05-25T20:09:20+0200,63e771d2-a981-44c0-8af1-1f3e75b9ab6a,2026-05-11T16:00:00Z,2026-05-11T18:00:00+0200,2323.17925,MW,BE,BE,actual_solar_generation,Solar,2026-05-25T18:09:30Z
2026-05-25T18:09:20Z,2026-05-25T20:09:20+0200,63e771d2-a981-44c0-8af1-1f3e75b9ab6a,2026-05-11T17:00:00Z,2026-05-11T19:00:00+0200,1260.89,MW,BE,BE,actual_solar_generation,Solar,2026-05-25T18:09:30Z
2026-05-25T18:09:20Z,2026-05-25T20:09:20+0200,63e771d2-a981-44c0-8af1-1f3e75b9ab6a,2026-05-11T18:00:00Z,2026-05-11T20:00:00+0200,398.4935,MW,BE,BE,actual_solar_generation,Solar,2026-05-25T18:09:30Z
2026-05-25T18:09:20Z,2026-05-25T20:09:20+0200,63e771d2-a981-44c0-8af1-1f3e75b9ab6a,2026-05-11T19:00:00Z,2026-05-11T21:00:00+0200,9.97575,MW,BE,BE,actual_solar_generation,Solar,2026-05-25T18:09:30Z
2026-05-25T18:09:20Z,2026-05-25T20:09:20+0200,63e771d2-a981-44c0-8af1-1f3e75b9ab6a,2026-05-11T20:00:00Z,2026-05-11T22:00:00+0200,0.0,MW,BE,BE,actual_solar_generation,Solar,2026-05-25T18:09:30Z
2026-05-25T18:09:20Z,2026-05-25T20:09:20+0200,63e771d2-a981-44c0-8af1-1f3e75b9ab6a,2026-05-11T21:00:00Z,2026-05-11T23:00:00+0200,0.0,MW,BE,BE,actual_solar_generation,Solar,2026-05-25T18:09:30Z
2026-05-25T18:09:20Z,2026-05-25T20:09:20+0200,63e771d2-a981-44c0-8af1-1f3e75b9ab6a,2026-05-11T22:00:00Z,2026-05-12T00:00:00+0200,0.0,MW,BE,BE,actual_solar_generation,Solar,2026-05-25T18:09:30Z
2026-05-25T18:09:20Z,2026-05-25T20:09:20+0200,63e771d2-a981-44c0-8af1-1f3e75b9ab6a,2026-05-11T23:00:00Z,2026-05-12T01:00:00+0200,0.0,MW,BE,BE,actual_solar_generation,Solar,2026-05-25T18:09:30Z
2026-05-25T18:09:20Z,2026-05-25T20:09:20+0200,63e771d2-a981-44c0-8af1-1f3e75b9ab6a,2026-05-12T00:00:00Z,2026-05-12T02:00:00+0200,0.0,MW,BE,BE,actual_solar_generation,Solar,2026-05-25T18:09:30Z
2026-05-25T18:09:20Z,2026-05-25T20:09:20+0200,63e771d2-a981-44c0-8af1-1f3e75b9ab6a,2026-05-12T01:00:00Z,2026-05-12T03:00:00+0200,0.0,MW,BE,BE,actual_solar_generation,Solar,2026-05-25T18:09:30Z
2026-05-25T18:09:20Z,2026-05-25T20:09:20+0200,63e771d2-a981-44c0-8af1-1f3e75b9ab6a,2026-05-12T02:00:00Z,2026-05-12T04:00:00+0200,0.0,MW,BE,BE,actual_solar_generation,Solar,2026-05-25T18:09:30Z
2026-05-25T18:09:20Z,2026-05-25T20:09:20+0200,63e771d2-a981-44c0-8af1-1f3e75b9ab6a,2026-05-12T03:00:00Z,2026-05-12T05:00:00+0200,0.0,MW,BE,BE,actual_solar_generation,Solar,2026-05-25T18:09:30Z
2026-05-25T18:09:20Z,2026-05-25T20:09:20+0200,63e771d2-a981-44c0-8af1-1f3e75b9ab6a,2026-05-12T04:00:00Z,2026-05-12T06:00:00+0200,118.224,MW,BE,BE,actual_solar_generation,Solar,2026-05-25T18:09:30Z
2026-05-25T18:09:20Z,2026-05-25T20:09:20+0200,63e771d2-a981-44c0-8af1-1f3e75b9ab6a,2026-05-12T05:00:00Z,2026-05-12T07:00:00+0200,874.41075,MW,BE,BE,actual_solar_generation,Solar,2026-05-25T18:09:30Z
2026-05-25T18:09:20Z,2026-05-25T20:09:20+0200,63e771d2-a981-44c0-8af1-1f3e75b9ab6a,2026-05-12T06:00:00Z,2026-05-12T08:00:00+0200,1919.29275,MW,BE,BE,actual_solar_generation,Solar,2026-05-25T18:09:30Z
2026-05-25T18:09:20Z,2026-05-25T20:09:20+0200,63e771d2-a981-44c0-8af1-1f3e75b9ab6a,2026-05-12T07:00:00Z,2026-05-12T09:00:00+0200,3102.29925,MW,BE,BE,actual_solar_generation,Solar,2026-05-25T18:09:30Z
2026-05-25T18:09:20Z,2026-05-25T20:09:20+0200,63e771d2-a981-44c0-8af1-1f3e75b9ab6a,2026-05-12T08:00:00Z,2026-05-12T10:00:00+0200,3564.28575,MW,BE,BE,actual_solar_generation,Solar,2026-05-25T18:09:30Z
2026-05-25T18:09:20Z,2026-05-25T20:09:20+0200,63e771d2-a981-44c0-8af1-1f3e75b9ab6a,2026-05-12T09:00:00Z,2026-05-12T11:00:00+0200,4023.315,MW,BE,BE,actual_solar_generation,Solar,2026-05-25T18:09:30Z
2026-05-25T18:09:20Z,2026-05-25T20:09:20+0200,63e771d2-a981-44c0-8af1-1f3e75b9ab6a,2026-05-12T10:00:00Z,2026-05-12T12:00:00+0200,4292.03,MW,BE,BE,actual_solar_generation,Solar,2026-05-25T18:09:30Z
2026-05-25T18:09:20Z,2026-05-25T20:09:20+0200,63e771d2-a981-44c0-8af1-1f3e75b9ab6a,2026-05-12T11:00:00Z,2026-05-12T13:00:00+0200,4589.22575,MW,BE,BE,actual_solar_generation,Solar,2026-05-25T18:09:30Z
2026-05-25T18:09:20Z,2026-05-25T20:09:20+0200,63e771d2-a981-44c0-8af1-1f3e75b9ab6a,2026-05-12T12:00:00Z,2026-05-12T14:00:00+0200,4232.08525,MW,BE,BE,actual_solar_generation,Solar,2026-05-25T18:09:30Z
2026-05-25T18:09:20Z,2026-05-25T20:09:20+0200,63e771d2-a981-44c0-8af1-1f3e75b9ab6a,2026-05-12T13:00:00Z,2026-05-12T15:00:00+0200,3367.01825,MW,BE,BE,actual_solar_generation,Solar,2026-05-25T18:09:30Z
2026-05-25T18:09:20Z,2026-05-25T20:09:20+0200,63e771d2-a981-44c0-8af1-1f3e75b9ab6a,2026-05-12T14:00:00Z,2026-05-12T16:00:00+0200,2435.5755,MW,BE,BE,actual_solar_generation,Solar,2026-05-25T18:09:30Z
2026-05-25T18:09:20Z,2026-05-25T20:09:20+0200,63e771d2-a981-44c0-8af1-1f3e75b9ab6a,2026-05-12T15:00:00Z,2026-05-12T17:00:00+0200,1407.18525,MW,BE,BE,actual_solar_generation,Solar,2026-05-25T18:09:30Z
2026-05-25T18:09:20Z,2026-05-25T20:09:20+0200,63e771d2-a981-44c0-8af1-1f3e75b9ab6a,2026-05-12T16:00:00Z,2026-05-12T18:00:00+0200,836.42575,MW,BE,BE,actual_solar_generation,Solar,2026-05-25T18:09:30Z
2026-05-25T18:09:20Z,2026-05-25T20:09:20+0200,63e771d2-a981-44c0-8af1-1f3e75b9ab6a,2026-05-12T17:00:00Z,2026-05-12T19:00:00+0200,622.611,MW,BE,BE,actual_solar_generation,Solar,2026-05-25T18:09:30Z
2026-05-25T18:09:20Z,2026-05-25T20:09:20+0200,63e771d2-a981-44c0-8af1-1f3e75b9ab6a,2026-05-12T18:00:00Z,2026-05-12T20:00:00+0200,143.81375,MW,BE,BE,actual_solar_generation,Solar,2026-05-25T18:09:30Z
2026-05-25T18:09:20Z,2026-05-25T20:09:20+0200,63e771d2-a981-44c0-8af1-1f3e75b9ab6a,2026-05-12T19:00:00Z,2026-05-12T21:00:00+0200,0.593,MW,BE,BE,actual_solar_generation,Solar,2026-05-25T18:09:30Z
2026-05-25T18:09:20Z,2026-05-25T20:09:20+0200,63e771d2-a981-44c0-8af1-1f3e75b9ab6a,2026-05-12T20:00:00Z,2026-05-12T22:00:00+0200,0.0,MW,BE,BE,actual_solar_generation,Solar,2026-05-25T18:09:30Z
2026-05-25T18:09:20Z,2026-05-25T20:09:20+0200,63e771d2-a981-44c0-8af1-1f3e75b9ab6a,2026-05-12T21:00:00Z,2026-05-12T23:00:00+0200,0.0,MW,BE,BE,actual_solar_generation,Solar,2026-05-25T18:09:30Z
2026-05-25T18:09:20Z,2026-05-25T20:09:20+0200,63e771d2-a981-44c0-8af1-1f3e75b9ab6a,2026-05-12T22:00:00Z,2026-05-13T00:00:00+0200,0.0,MW,BE,BE,actual_solar_generation,Solar,2026-05-25T18:09:30Z
2026-05-25T18:09:20Z,2026-05-25T20:09:20+0200,63e771d2-a981-44c0-8af1-1f3e75b9ab6a,2026-05-12T23:00:00Z,2026-05-13T01:00:00+0200,0.0,MW,BE,BE,actual_solar_generation,Solar,2026-05-25T18:09:30Z
2026-05-25T18:09:20Z,2026-05-25T20:09:20+0200,63e771d2-a981-44c0-8af1-1f3e75b9ab6a,2026-05-13T00:00:00Z,2026-05-13T02:00:00+0200,0.0,MW,BE,BE,actual_solar_generation,Solar,2026-05-25T18:09:30Z
2026-05-25T18:09:20Z,2026-05-25T20:09:20+0200,63e771d2-a981-44c0-8af1-1f3e75b9ab6a,2026-05-13T01:00:00Z,2026-05-13T03:00:00+0200,0.0,MW,BE,BE,actual_solar_generation,Solar,2026-05-25T18:09:30Z
2026-05-25T18:09:20Z,2026-05-25T20:09:20+0200,63e771d2-a981-44c0-8af1-1f3e75b9ab6a,2026-05-13T02:00:00Z,2026-05-13T04:00:00+0200,0.0,MW,BE,BE,actual_solar_generation,Solar,2026-05-25T18:09:30Z
2026-05-25T18:09:20Z,2026-05-25T20:09:20+0200,63e771d2-a981-44c0-8af1-1f3e75b9ab6a,2026-05-13T03:00:00Z,2026-05-13T05:00:00+0200,0.0,MW,BE,BE,actual_solar_generation,Solar,2026-05-25T18:09:30Z
2026-05-25T18:09:20Z,2026-05-25T20:09:20+0200,63e771d2-a981-44c0-8af1-1f3e75b9ab6a,2026-05-13T04:00:00Z,2026-05-13T06:00:00+0200,154.68775,MW,BE,BE,actual_solar_generation,Solar,2026-05-25T18:09:30Z
2026-05-25T18:09:20Z,2026-05-25T20:09:20+0200,63e771d2-a981-44c0-8af1-1f3e75b9ab6a,2026-05-13T05:00:00Z,2026-05-13T07:00:00+0200,737.567,MW,BE,BE,actual_solar_generation,Solar,2026-05-25T18:09:30Z
2026-05-25T18:09:20Z,2026-05-25T20:09:20+0200,63e771d2-a981-44c0-8af1-1f3e75b9ab6a,2026-05-13T06:00:00Z,2026-05-13T08:00:00+0200,1474.76625,MW,BE,BE,actual_solar_generation,Solar,2026-05-25T18:09:30Z
2026-05-25T18:09:20Z,2026-05-25T20:09:20+0200,63e771d2-a981-44c0-8af1-1f3e75b9ab6a,2026-05-13T07:00:00Z,2026-05-13T09:00:00+0200,2356.17175,MW,BE,BE,actual_solar_generation,Solar,2026-05-25T18:09:30Z
2026-05-25T18:09:20Z,2026-05-25T20:09:20+0200,63e771d2-a981-44c0-8af1-1f3e75b9ab6a,2026-05-13T08:00:00Z,2026-05-13T10:00:00+0200,2960.16,MW,BE,BE,actual_solar_generation,Solar,2026-05-25T18:09:30Z
2026-05-25T18:09:20Z,2026-05-25T20:09:20+0200,63e771d2-a981-44c0-8af1-1f3e75b9ab6a,2026-05-13T09:00:00Z,2026-05-13T11:00:00+0200,2702.77775,MW,BE,BE,actual_solar_generation,Solar,2026-05-25T18:09:30Z
2026-05-25T18:09:20Z,2026-05-25T20:09:20+0200,63e771d2-a981-44c0-8af1-1f3e75b9ab6a,2026-05-13T10:00:00Z,2026-05-13T12:00:00+0200,2926.5825,MW,BE,BE,actual_solar_generation,Solar,2026-05-25T18:09:30Z
2026-05-25T18:09:20Z,2026-05-25T20:09:20+0200,63e771d2-a981-44c0-8af1-1f3e75b9ab6a,2026-05-13T11:00:00Z,2026-05-13T13:00:00+0200,3614.66675,MW,BE,BE,actual_solar_generation,Solar,2026-05-25T18:09:30Z
2026-05-25T18:09:20Z,2026-05-25T20:09:20+0200,63e771d2-a981-44c0-8af1-1f3e75b9ab6a,2026-05-13T12:00:00Z,2026-05-13T14:00:00+0200,4247.7635,MW,BE,BE,actual_solar_generation,Solar,2026-05-25T18:09:30Z
2026-05-25T18:09:20Z,2026-05-25T20:09:20+0200,63e771d2-a981-44c0-8af1-1f3e75b9ab6a,2026-05-13T13:00:00Z,2026-05-13T15:00:00+0200,3869.57,MW,BE,BE,actual_solar_generation,Solar,2026-05-25T18:09:30Z
2026-05-25T18:09:20Z,2026-05-25T20:09:20+0200,63e771d2-a981-44c0-8af1-1f3e75b9ab6a,2026-05-13T14:00:00Z,2026-05-13T16:00:00+0200,2830.35175,MW,BE,BE,actual_solar_generation,Solar,2026-05-25T18:09:30Z
2026-05-25T18:09:20Z,2026-05-25T20:09:20+0200,63e771d2-a981-44c0-8af1-1f3e75b9ab6a,2026-05-13T15:00:00Z,2026-05-13T17:00:00+0200,2038.3435,MW,BE,BE,actual_solar_generation,Solar,2026-05-25T18:09:30Z
2026-05-25T18:09:20Z,2026-05-25T20:09:20+0200,63e771d2-a981-44c0-8af1-1f3e75b9ab6a,2026-05-13T16:00:00Z,2026-05-13T18:00:00+0200,1394.08,MW,BE,BE,actual_solar_generation,Solar,2026-05-25T18:09:30Z
2026-05-25T18:09:20Z,2026-05-25T20:09:20+0200,63e771d2-a981-44c0-8af1-1f3e75b9ab6a,2026-05-13T17:00:00Z,2026-05-13T19:00:00+0200,974.30375,MW,BE,BE,actual_solar_generation,Solar,2026-05-25T18:09:30Z
2026-05-25T18:09:20Z,2026-05-25T20:09:20+0200,63e771d2-a981-44c0-8af1-1f3e75b9ab6a,2026-05-13T18:00:00Z,2026-05-13T20:00:00+0200,344.78575,MW,BE,BE,actual_solar_generation,Solar,2026-05-25T18:09:30Z
2026-05-25T18:09:20Z,2026-05-25T20:09:20+0200,63e771d2-a981-44c0-8af1-1f3e75b9ab6a,2026-05-13T19:00:00Z,2026-05-13T21:00:00+0200,4.8205,MW,BE,BE,actual_solar_generation,Solar,2026-05-25T18:09:30Z
2026-05-25T18:09:20Z,2026-05-25T20:09:20+0200,63e771d2-a981-44c0-8af1-1f3e75b9ab6a,2026-05-13T20:00:00Z,2026-05-13T22:00:00+0200,0.0,MW,BE,BE,actual_solar_generation,Solar,2026-05-25T18:09:30Z
2026-05-25T18:09:20Z,2026-05-25T20:09:20+0200,63e771d2-a981-44c0-8af1-1f3e75b9ab6a,2026-05-13T21:00:00Z,2026-05-13T23:00:00+0200,0.0,MW,BE,BE,actual_solar_generation,Solar,2026-05-25T18:09:30Z
2026-05-25T18:09:20Z,2026-05-25T20:09:20+0200,63e771d2-a981-44c0-8af1-1f3e75b9ab6a,2026-05-13T22:00:00Z,2026-05-14T00:00:00+0200,0.0,MW,BE,BE,actual_solar_generation,Solar,2026-05-25T18:09:30Z
2026-05-25T18:09:20Z,2026-05-25T20:09:20+0200,63e771d2-a981-44c0-8af1-1f3e75b9ab6a,2026-05-13T23:00:00Z,2026-05-14T01:00:00+0200,0.0,MW,BE,BE,actual_solar_generation,Solar,2026-05-25T18:09:30Z
2026-05-25T18:09:20Z,2026-05-25T20:09:20+0200,63e771d2-a981-44c0-8af1-1f3e75b9ab6a,2026-05-14T00:00:00Z,2026-05-14T02:00:00+0200,0.0,MW,BE,BE,actual_solar_generation,Solar,2026-05-25T18:09:30Z
2026-05-25T18:09:20Z,2026-05-25T20:09:20+0200,63e771d2-a981-44c0-8af1-1f3e75b9ab6a,2026-05-14T01:00:00Z,2026-05-14T03:00:00+0200,0.0,MW,BE,BE,actual_solar_generation,Solar,2026-05-25T18:09:30Z
2026-05-25T18:09:20Z,2026-05-25T20:09:20+0200,63e771d2-a981-44c0-8af1-1f3e75b9ab6a,2026-05-14T02:00:00Z,2026-05-14T04:00:00+0200,0.0,MW,BE,BE,actual_solar_generation,Solar,2026-05-25T18:09:30Z
2026-05-25T18:09:20Z,2026-05-25T20:09:20+0200,63e771d2-a981-44c0-8af1-1f3e75b9ab6a,2026-05-14T03:00:00Z,2026-05-14T05:00:00+0200,0.0,MW,BE,BE,actual_solar_generation,Solar,2026-05-25T18:09:30Z
2026-05-25T18:09:20Z,2026-05-25T20:09:20+0200,63e771d2-a981-44c0-8af1-1f3e75b9ab6a,2026-05-14T04:00:00Z,2026-05-14T06:00:00+0200,157.42525,MW,BE,BE,actual_solar_generation,Solar,2026-05-25T18:09:30Z
2026-05-25T18:09:20Z,2026-05-25T20:09:20+0200,63e771d2-a981-44c0-8af1-1f3e75b9ab6a,2026-05-14T05:00:00Z,2026-05-14T07:00:00+0200,804.25875,MW,BE,BE,actual_solar_generation,Solar,2026-05-25T18:09:30Z
2026-05-25T18:09:20Z,2026-05-25T20:09:20+0200,63e771d2-a981-44c0-8af1-1f3e75b9ab6a,2026-05-14T06:00:00Z,2026-05-14T08:00:00+0200,1784.8115,MW,BE,BE,actual_solar_generation,Solar,2026-05-25T18:09:30Z
2026-05-25T18:09:20Z,2026-05-25T20:09:20+0200,63e771d2-a981-44c0-8af1-1f3e75b9ab6a,2026-05-14T07:00:00Z,2026-05-14T09:00:00+0200,2652.557,MW,BE,BE,actual_solar_generation,Solar,2026-05-25T18:09:30Z
2026-05-25T18:09:20Z,2026-05-25T20:09:20+0200,63e771d2-a981-44c0-8af1-1f3e75b9ab6a,2026-05-14T08:00:00Z,2026-05-14T10:00:00+0200,3580.10075,MW,BE,BE,actual_solar_generation,Solar,2026-05-25T18:09:30Z
2026-05-25T18:09:20Z,2026-05-25T20:09:20+0200,63e771d2-a981-44c0-8af1-1f3e75b9ab6a,2026-05-14T09:00:00Z,2026-05-14T11:00:00+0200,3904.63175,MW,BE,BE,actual_solar_generation,Solar,2026-05-25T18:09:30Z
2026-05-25T18:09:20Z,2026-05-25T20:09:20+0200,63e771d2-a981-44c0-8af1-1f3e75b9ab6a,2026-05-14T10:00:00Z,2026-05-14T12:00:00+0200,4114.0515,MW,BE,BE,actual_solar_generation,Solar,2026-05-25T18:09:30Z
2026-05-25T18:09:20Z,2026-05-25T20:09:20+0200,63e771d2-a981-44c0-8af1-1f3e75b9ab6a,2026-05-14T11:00:00Z,2026-05-14T13:00:00+0200,3993.42475,MW,BE,BE,actual_solar_generation,Solar,2026-05-25T18:09:30Z
2026-05-25T18:09:20Z,2026-05-25T20:09:20+0200,63e771d2-a981-44c0-8af1-1f3e75b9ab6a,2026-05-14T12:00:00Z,2026-05-14T14:00:00+0200,4251.45525,MW,BE,BE,actual_solar_generation,Solar,2026-05-25T18:09:30Z
2026-05-25T18:09:20Z,2026-05-25T20:09:20+0200,63e771d2-a981-44c0-8af1-1f3e75b9ab6a,2026-05-14T13:00:00Z,2026-05-14T15:00:00+0200,4029.12775,MW,BE,BE,actual_solar_generation,Solar,2026-05-25T18:09:30Z
2026-05-25T18:09:20Z,2026-05-25T20:09:20+0200,63e771d2-a981-44c0-8af1-1f3e75b9ab6a,2026-05-14T14:00:00Z,2026-05-14T16:00:00+0200,2886.847,MW,BE,BE,actual_solar_generation,Solar,2026-05-25T18:09:30Z
2026-05-25T18:09:20Z,2026-05-25T20:09:20+0200,63e771d2-a981-44c0-8af1-1f3e75b9ab6a,2026-05-14T15:00:00Z,2026-05-14T17:00:00+0200,2168.7545,MW,BE,BE,actual_solar_generation,Solar,2026-05-25T18:09:30Z
2026-05-25T18:09:20Z,2026-05-25T20:09:20+0200,63e771d2-a981-44c0-8af1-1f3e75b9ab6a,2026-05-14T16:00:00Z,2026-05-14T18:00:00+0200,1591.55575,MW,BE,BE,actual_solar_generation,Solar,2026-05-25T18:09:30Z
2026-05-25T18:09:20Z,2026-05-25T20:09:20+0200,63e771d2-a981-44c0-8af1-1f3e75b9ab6a,2026-05-14T17:00:00Z,2026-05-14T19:00:00+0200,965.11825,MW,BE,BE,actual_solar_generation,Solar,2026-05-25T18:09:30Z
2026-05-25T18:09:20Z,2026-05-25T20:09:20+0200,63e771d2-a981-44c0-8af1-1f3e75b9ab6a,2026-05-14T18:00:00Z,2026-05-14T20:00:00+0200,332.03125,MW,BE,BE,actual_solar_generation,Solar,2026-05-25T18:09:30Z
2026-05-25T18:09:20Z,2026-05-25T20:09:20+0200,63e771d2-a981-44c0-8af1-1f3e75b9ab6a,2026-05-14T19:00:00Z,2026-05-14T21:00:00+0200,10.37875,MW,BE,BE,actual_solar_generation,Solar,2026-05-25T18:09:30Z
2026-05-25T18:09:20Z,2026-05-25T20:09:20+0200,63e771d2-a981-44c0-8af1-1f3e75b9ab6a,2026-05-14T20:00:00Z,2026-05-14T22:00:00+0200,0.0,MW,BE,BE,actual_solar_generation,Solar,2026-05-25T18:09:30Z
2026-05-25T18:09:20Z,2026-05-25T20:09:20+0200,63e771d2-a981-44c0-8af1-1f3e75b9ab6a,2026-05-14T21:00:00Z,2026-05-14T23:00:00+0200,0.0,MW,BE,BE,actual_solar_generation,Solar,2026-05-25T18:09:30Z
2026-05-25T18:09:20Z,2026-05-25T20:09:20+0200,63e771d2-a981-44c0-8af1-1f3e75b9ab6a,2026-05-14T22:00:00Z,2026-05-15T00:00:00+0200,0.0,MW,BE,BE,actual_solar_generation,Solar,2026-05-25T18:09:30Z
2026-05-25T18:09:20Z,2026-05-25T20:09:20+0200,63e771d2-a981-44c0-8af1-1f3e75b9ab6a,2026-05-14T23:00:00Z,2026-05-15T01:00:00+0200,0.0,MW,BE,BE,actual_solar_generation,Solar,2026-05-25T18:09:30Z
2026-05-25T18:09:20Z,2026-05-25T20:09:20+0200,63e771d2-a981-44c0-8af1-1f3e75b9ab6a,2026-05-15T00:00:00Z,2026-05-15T02:00:00+0200,0.0,MW,BE,BE,actual_solar_generation,Solar,2026-05-25T18:09:30Z
2026-05-25T18:09:20Z,2026-05-25T20:09:20+0200,63e771d2-a981-44c0-8af1-1f3e75b9ab6a,2026-05-15T01:00:00Z,2026-05-15T03:00:00+0200,0.0,MW,BE,BE,actual_solar_generation,Solar,2026-05-25T18:09:30Z
2026-05-25T18:09:20Z,2026-05-25T20:09:20+0200,63e771d2-a981-44c0-8af1-1f3e75b9ab6a,2026-05-15T02:00:00Z,2026-05-15T04:00:00+0200,0.0,MW,BE,BE,actual_solar_generation,Solar,2026-05-25T18:09:30Z
2026-05-25T18:09:20Z,2026-05-25T20:09:20+0200,63e771d2-a981-44c0-8af1-1f3e75b9ab6a,2026-05-15T03:00:00Z,2026-05-15T05:00:00+0200,0.0,MW,BE,BE,actual_solar_generation,Solar,2026-05-25T18:09:30Z
2026-05-25T18:09:20Z,2026-05-25T20:09:20+0200,63e771d2-a981-44c0-8af1-1f3e75b9ab6a,2026-05-15T04:00:00Z,2026-05-15T06:00:00+0200,235.46,MW,BE,BE,actual_solar_generation,Solar,2026-05-25T18:09:30Z
2026-05-25T18:09:20Z,2026-05-25T20:09:20+0200,63e771d2-a981-44c0-8af1-1f3e75b9ab6a,2026-05-15T05:00:00Z,2026-05-15T07:00:00+0200,1106.3795,MW,BE,BE,actual_solar_generation,Solar,2026-05-25T18:09:30Z
2026-05-25T18:09:20Z,2026-05-25T20:09:20+0200,63e771d2-a981-44c0-8af1-1f3e75b9ab6a,2026-05-15T06:00:00Z,2026-05-15T08:00:00+0200,2147.23775,MW,BE,BE,actual_solar_generation,Solar,2026-05-25T18:09:30Z
2026-05-25T18:09:20Z,2026-05-25T20:09:20+0200,63e771d2-a981-44c0-8af1-1f3e75b9ab6a,2026-05-15T07:00:00Z,2026-05-15T09:00:00+0200,3166.101,MW,BE,BE,actual_solar_generation,Solar,2026-05-25T18:09:30Z
2026-05-25T18:09:20Z,2026-05-25T20:09:20+0200,63e771d2-a981-44c0-8af1-1f3e75b9ab6a,2026-05-15T08:00:00Z,2026-05-15T10:00:00+0200,3586.83275,MW,BE,BE,actual_solar_generation,Solar,2026-05-25T18:09:30Z
2026-05-25T18:09:20Z,2026-05-25T20:09:20+0200,63e771d2-a981-44c0-8af1-1f3e75b9ab6a,2026-05-15T09:00:00Z,2026-05-15T11:00:00+0200,3770.6975,MW,BE,BE,actual_solar_generation,Solar,2026-05-25T18:09:30Z
2026-05-25T18:09:20Z,2026-05-25T20:09:20+0200,63e771d2-a981-44c0-8af1-1f3e75b9ab6a,2026-05-15T10:00:00Z,2026-05-15T12:00:00+0200,4529.4235,MW,BE,BE,actual_solar_generation,Solar,2026-05-25T18:09:30Z
2026-05-25T18:09:20Z,2026-05-25T20:09:20+0200,63e771d2-a981-44c0-8af1-1f3e75b9ab6a,2026-05-15T11:00:00Z,2026-05-15T13:00:00+0200,5072.518,MW,BE,BE,actual_solar_generation,Solar,2026-05-25T18:09:30Z
2026-05-25T18:09:20Z,2026-05-25T20:09:20+0200,63e771d2-a981-44c0-8af1-1f3e75b9ab6a,2026-05-15T12:00:00Z,2026-05-15T14:00:00+0200,4736.781,MW,BE,BE,actual_solar_generation,Solar,2026-05-25T18:09:30Z
2026-05-25T18:09:20Z,2026-05-25T20:09:20+0200,63e771d2-a981-44c0-8af1-1f3e75b9ab6a,2026-05-15T13:00:00Z,2026-05-15T15:00:00+0200,3866.37,MW,BE,BE,actual_solar_generation,Solar,2026-05-25T18:09:30Z
2026-05-25T18:09:20Z,2026-05-25T20:09:20+0200,63e771d2-a981-44c0-8af1-1f3e75b9ab6a,2026-05-15T14:00:00Z,2026-05-15T16:00:00+0200,3063.6955,MW,BE,BE,actual_solar_generation,Solar,2026-05-25T18:09:30Z
2026-05-25T18:09:20Z,2026-05-25T20:09:20+0200,63e771d2-a981-44c0-8af1-1f3e75b9ab6a,2026-05-15T15:00:00Z,2026-05-15T17:00:00+0200,2438.8645,MW,BE,BE,actual_solar_generation,Solar,2026-05-25T18:09:30Z
2026-05-25T18:09:20Z,2026-05-25T20:09:20+0200,63e771d2-a981-44c0-8af1-1f3e75b9ab6a,2026-05-15T16:00:00Z,2026-05-15T18:00:00+0200,1660.72625,MW,BE,BE,actual_solar_generation,Solar,2026-05-25T18:09:30Z
2026-05-25T18:09:20Z,2026-05-25T20:09:20+0200,63e771d2-a981-44c0-8af1-1f3e75b9ab6a,2026-05-15T17:00:00Z,2026-05-15T19:00:00+0200,884.5885,MW,BE,BE,actual_solar_generation,Solar,2026-05-25T18:09:30Z
2026-05-25T18:09:20Z,2026-05-25T20:09:20+0200,63e771d2-a981-44c0-8af1-1f3e75b9ab6a,2026-05-15T18:00:00Z,2026-05-15T20:00:00+0200,271.24525,MW,BE,BE,actual_solar_generation,Solar,2026-05-25T18:09:30Z
2026-05-25T18:09:20Z,2026-05-25T20:09:20+0200,63e771d2-a981-44c0-8af1-1f3e75b9ab6a,2026-05-15T19:00:00Z,2026-05-15T21:00:00+0200,11.17475,MW,BE,BE,actual_solar_generation,Solar,2026-05-25T18:09:30Z
2026-05-25T18:09:20Z,2026-05-25T20:09:20+0200,63e771d2-a981-44c0-8af1-1f3e75b9ab6a,2026-05-15T20:00:00Z,2026-05-15T22:00:00+0200,0.0,MW,BE,BE,actual_solar_generation,Solar,2026-05-25T18:09:30Z
2026-05-25T18:09:20Z,2026-05-25T20:09:20+0200,63e771d2-a981-44c0-8af1-1f3e75b9ab6a,2026-05-15T21:00:00Z,2026-05-15T23:00:00+0200,0.0,MW,BE,BE,actual_solar_generation,Solar,2026-05-25T18:09:30Z
2026-05-25T18:09:20Z,2026-05-25T20:09:20+0200,63e771d2-a981-44c0-8af1-1f3e75b9ab6a,2026-05-15T22:00:00Z,2026-05-16T00:00:00+0200,0.0,MW,BE,BE,actual_solar_generation,Solar,2026-05-25T18:09:30Z
2026-05-25T18:09:20Z,2026-05-25T20:09:20+0200,63e771d2-a981-44c0-8af1-1f3e75b9ab6a,2026-05-15T23:00:00Z,2026-05-16T01:00:00+0200,0.0,MW,BE,BE,actual_solar_generation,Solar,2026-05-25T18:09:30Z
2026-05-25T18:09:20Z,2026-05-25T20:09:20+0200,63e771d2-a981-44c0-8af1-1f3e75b9ab6a,2026-05-16T00:00:00Z,2026-05-16T02:00:00+0200,0.0,MW,BE,BE,actual_solar_generation,Solar,2026-05-25T18:09:30Z
2026-05-25T18:09:20Z,2026-05-25T20:09:20+0200,63e771d2-a981-44c0-8af1-1f3e75b9ab6a,2026-05-16T01:00:00Z,2026-05-16T03:00:00+0200,0.0,MW,BE,BE,actual_solar_generation,Solar,2026-05-25T18:09:30Z
2026-05-25T18:09:20Z,2026-05-25T20:09:20+0200,63e771d2-a981-44c0-8af1-1f3e75b9ab6a,2026-05-16T02:00:00Z,2026-05-16T04:00:00+0200,0.0,MW,BE,BE,actual_solar_generation,Solar,2026-05-25T18:09:30Z
2026-05-25T18:09:20Z,2026-05-25T20:09:20+0200,63e771d2-a981-44c0-8af1-1f3e75b9ab6a,2026-05-16T03:00:00Z,2026-05-16T05:00:00+0200,0.0,MW,BE,BE,actual_solar_generation,Solar,2026-05-25T18:09:30Z
2026-05-25T18:09:20Z,2026-05-25T20:09:20+0200,63e771d2-a981-44c0-8af1-1f3e75b9ab6a,2026-05-16T04:00:00Z,2026-05-16T06:00:00+0200,238.85275,MW,BE,BE,actual_solar_generation,Solar,2026-05-25T18:09:30Z
2026-05-25T18:09:20Z,2026-05-25T20:09:20+0200,63e771d2-a981-44c0-8af1-1f3e75b9ab6a,2026-05-16T05:00:00Z,2026-05-16T07:00:00+0200,1279.32425,MW,BE,BE,actual_solar_generation,Solar,2026-05-25T18:09:30Z
2026-05-25T18:09:20Z,2026-05-25T20:09:20+0200,63e771d2-a981-44c0-8af1-1f3e75b9ab6a,2026-05-16T06:00:00Z,2026-05-16T08:00:00+0200,2758.37225,MW,BE,BE,actual_solar_generation,Solar,2026-05-25T18:09:30Z
2026-05-25T18:09:20Z,2026-05-25T20:09:20+0200,63e771d2-a981-44c0-8af1-1f3e75b9ab6a,2026-05-16T07:00:00Z,2026-05-16T09:00:00+0200,4516.68675,MW,BE,BE,actual_solar_generation,Solar,2026-05-25T18:09:30Z
2026-05-25T18:09:20Z,2026-05-25T20:09:20+0200,63e771d2-a981-44c0-8af1-1f3e75b9ab6a,2026-05-16T08:00:00Z,2026-05-16T10:00:00+0200,5548.04175,MW,BE,BE,actual_solar_generation,Solar,2026-05-25T18:09:30Z
2026-05-25T18:09:20Z,2026-05-25T20:09:20+0200,63e771d2-a981-44c0-8af1-1f3e75b9ab6a,2026-05-16T09:00:00Z,2026-05-16T11:00:00+0200,5125.8665,MW,BE,BE,actual_solar_generation,Solar,2026-05-25T18:09:30Z
2026-05-25T18:09:20Z,2026-05-25T20:09:20+0200,63e771d2-a981-44c0-8af1-1f3e75b9ab6a,2026-05-16T10:00:00Z,2026-05-16T12:00:00+0200,3657.46775,MW,BE,BE,actual_solar_generation,Solar,2026-05-25T18:09:30Z
2026-05-25T18:09:20Z,2026-05-25T20:09:20+0200,63e771d2-a981-44c0-8af1-1f3e75b9ab6a,2026-05-16T11:00:00Z,2026-05-16T13:00:00+0200,3184.84,MW,BE,BE,actual_solar_generation,Solar,2026-05-25T18:09:30Z
2026-05-25T18:09:20Z,2026-05-25T20:09:20+0200,63e771d2-a981-44c0-8af1-1f3e75b9ab6a,2026-05-16T12:00:00Z,2026-05-16T14:00:00+0200,3061.9205,MW,BE,BE,actual_solar_generation,Solar,2026-05-25T18:09:30Z
2026-05-25T18:09:20Z,2026-05-25T20:09:20+0200,63e771d2-a981-44c0-8af1-1f3e75b9ab6a,2026-05-16T13:00:00Z,2026-05-16T15:00:00+0200,3107.393,MW,BE,BE,actual_solar_generation,Solar,2026-05-25T18:09:30Z
2026-05-25T18:09:20Z,2026-05-25T20:09:20+0200,63e771d2-a981-44c0-8af1-1f3e75b9ab6a,2026-05-16T14:00:00Z,2026-05-16T16:00:00+0200,2930.26125,MW,BE,BE,actual_solar_generation,Solar,2026-05-25T18:09:30Z
2026-05-25T18:09:20Z,2026-05-25T20:09:20+0200,63e771d2-a981-44c0-8af1-1f3e75b9ab6a,2026-05-16T15:00:00Z,2026-05-16T17:00:00+0200,2508.56875,MW,BE,BE,actual_solar_generation,Solar,2026-05-25T18:09:30Z
2026-05-25T18:09:20Z,2026-05-25T20:09:20+0200,63e771d2-a981-44c0-8af1-1f3e75b9ab6a,2026-05-16T16:00:00Z,2026-05-16T18:00:00+0200,2086.40175,MW,BE,BE,actual_solar_generation,Solar,2026-05-25T18:09:30Z
2026-05-25T18:09:20Z,2026-05-25T20:09:20+0200,63e771d2-a981-44c0-8af1-1f3e75b9ab6a,2026-05-16T17:00:00Z,2026-05-16T19:00:00+0200,1158.0945,MW,BE,BE,actual_solar_generation,Solar,2026-05-25T18:09:30Z
2026-05-25T18:09:20Z,2026-05-25T20:09:20+0200,63e771d2-a981-44c0-8af1-1f3e75b9ab6a,2026-05-16T18:00:00Z,2026-05-16T20:00:00+0200,281.93675,MW,BE,BE,actual_solar_generation,Solar,2026-05-25T18:09:30Z
2026-05-25T18:09:20Z,2026-05-25T20:09:20+0200,63e771d2-a981-44c0-8af1-1f3e75b9ab6a,2026-05-16T19:00:00Z,2026-05-16T21:00:00+0200,5.74225,MW,BE,BE,actual_solar_generation,Solar,2026-05-25T18:09:30Z
2026-05-25T18:09:20Z,2026-05-25T20:09:20+0200,63e771d2-a981-44c0-8af1-1f3e75b9ab6a,2026-05-16T20:00:00Z,2026-05-16T22:00:00+0200,0.0,MW,BE,BE,actual_solar_generation,Solar,2026-05-25T18:09:30Z
2026-05-25T18:09:20Z,2026-05-25T20:09:20+0200,63e771d2-a981-44c0-8af1-1f3e75b9ab6a,2026-05-16T21:00:00Z,2026-05-16T23:00:00+0200,0.0,MW,BE,BE,actual_solar_generation,Solar,2026-05-25T18:09:30Z
2026-05-25T18:09:20Z,2026-05-25T20:09:20+0200,63e771d2-a981-44c0-8af1-1f3e75b9ab6a,2026-05-16T22:00:00Z,2026-05-17T00:00:00+0200,0.0,MW,BE,BE,actual_solar_generation,Solar,2026-05-25T18:09:30Z
2026-05-25T18:09:20Z,2026-05-25T20:09:20+0200,63e771d2-a981-44c0-8af1-1f3e75b9ab6a,2026-05-16T23:00:00Z,2026-05-17T01:00:00+0200,0.0,MW,BE,BE,actual_solar_generation,Solar,2026-05-25T18:09:30Z
2026-05-25T18:09:20Z,2026-05-25T20:09:20+0200,63e771d2-a981-44c0-8af1-1f3e75b9ab6a,2026-05-17T00:00:00Z,2026-05-17T02:00:00+0200,0.0,MW,BE,BE,actual_solar_generation,Solar,2026-05-25T18:09:30Z
2026-05-25T18:09:20Z,2026-05-25T20:09:20+0200,63e771d2-a981-44c0-8af1-1f3e75b9ab6a,2026-05-17T01:00:00Z,2026-05-17T03:00:00+0200,0.0,MW,BE,BE,actual_solar_generation,Solar,2026-05-25T18:09:30Z
2026-05-25T18:09:20Z,2026-05-25T20:09:20+0200,63e771d2-a981-44c0-8af1-1f3e75b9ab6a,2026-05-17T02:00:00Z,2026-05-17T04:00:00+0200,0.0,MW,BE,BE,actual_solar_generation,Solar,2026-05-25T18:09:30Z
2026-05-25T18:09:20Z,2026-05-25T20:09:20+0200,63e771d2-a981-44c0-8af1-1f3e75b9ab6a,2026-05-17T03:00:00Z,2026-05-17T05:00:00+0200,0.0,MW,BE,BE,actual_solar_generation,Solar,2026-05-25T18:09:30Z
2026-05-25T18:09:20Z,2026-05-25T20:09:20+0200,63e771d2-a981-44c0-8af1-1f3e75b9ab6a,2026-05-17T04:00:00Z,2026-05-17T06:00:00+0200,62.217,MW,BE,BE,actual_solar_generation,Solar,2026-05-25T18:09:30Z
2026-05-25T18:09:20Z,2026-05-25T20:09:20+0200,63e771d2-a981-44c0-8af1-1f3e75b9ab6a,2026-05-17T05:00:00Z,2026-05-17T07:00:00+0200,393.574,MW,BE,BE,actual_solar_generation,Solar,2026-05-25T18:09:30Z
2026-05-25T18:09:20Z,2026-05-25T20:09:20+0200,63e771d2-a981-44c0-8af1-1f3e75b9ab6a,2026-05-17T06:00:00Z,2026-05-17T08:00:00+0200,962.176,MW,BE,BE,actual_solar_generation,Solar,2026-05-25T18:09:30Z
2026-05-25T18:09:20Z,2026-05-25T20:09:20+0200,63e771d2-a981-44c0-8af1-1f3e75b9ab6a,2026-05-17T07:00:00Z,2026-05-17T09:00:00+0200,1800.22525,MW,BE,BE,actual_solar_generation,Solar,2026-05-25T18:09:30Z
2026-05-25T18:09:20Z,2026-05-25T20:09:20+0200,63e771d2-a981-44c0-8af1-1f3e75b9ab6a,2026-05-17T08:00:00Z,2026-05-17T10:00:00+0200,2467.76925,MW,BE,BE,actual_solar_generation,Solar,2026-05-25T18:09:30Z
2026-05-25T18:09:20Z,2026-05-25T20:09:20+0200,63e771d2-a981-44c0-8af1-1f3e75b9ab6a,2026-05-17T09:00:00Z,2026-05-17T11:00:00+0200,3131.68775,MW,BE,BE,actual_solar_generation,Solar,2026-05-25T18:09:30Z
2026-05-25T18:09:20Z,2026-05-25T20:09:20+0200,63e771d2-a981-44c0-8af1-1f3e75b9ab6a,2026-05-17T10:00:00Z,2026-05-17T12:00:00+0200,3345.788,MW,BE,BE,actual_solar_generation,Solar,2026-05-25T18:09:30Z
2026-05-25T18:09:20Z,2026-05-25T20:09:20+0200,63e771d2-a981-44c0-8af1-1f3e75b9ab6a,2026-05-17T11:00:00Z,2026-05-17T13:00:00+0200,3484.8215,MW,BE,BE,actual_solar_generation,Solar,2026-05-25T18:09:30Z
2026-05-25T18:09:20Z,2026-05-25T20:09:20+0200,63e771d2-a981-44c0-8af1-1f3e75b9ab6a,2026-05-17T12:00:00Z,2026-05-17T14:00:00+0200,3131.28275,MW,BE,BE,actual_solar_generation,Solar,2026-05-25T18:09:30Z
2026-05-25T18:09:20Z,2026-05-25T20:09:20+0200,63e771d2-a981-44c0-8af1-1f3e75b9ab6a,2026-05-17T13:00:00Z,2026-05-17T15:00:00+0200,2929.9095,MW,BE,BE,actual_solar_generation,Solar,2026-05-25T18:09:30Z
2026-05-25T18:09:20Z,2026-05-25T20:09:20+0200,63e771d2-a981-44c0-8af1-1f3e75b9ab6a,2026-05-17T14:00:00Z,2026-05-17T16:00:00+0200,2416.7615,MW,BE,BE,actual_solar_generation,Solar,2026-05-25T18:09:30Z
2026-05-25T18:09:20Z,2026-05-25T20:09:20+0200,63e771d2-a981-44c0-8af1-1f3e75b9ab6a,2026-05-17T15:00:00Z,2026-05-17T17:00:00+0200,1350.2545,MW,BE,BE,actual_solar_generation,Solar,2026-05-25T18:09:30Z
2026-05-25T18:09:20Z,2026-05-25T20:09:20+0200,63e771d2-a981-44c0-8af1-1f3e75b9ab6a,2026-05-17T16:00:00Z,2026-05-17T18:00:00+0200,690.40775,MW,BE,BE,actual_solar_generation,Solar,2026-05-25T18:09:30Z
2026-05-25T18:09:20Z,2026-05-25T20:09:20+0200,63e771d2-a981-44c0-8af1-1f3e75b9ab6a,2026-05-17T17:00:00Z,2026-05-17T19:00:00+0200,344.45625,MW,BE,BE,actual_solar_generation,Solar,2026-05-25T18:09:30Z
2026-05-25T18:09:20Z,2026-05-25T20:09:20+0200,63e771d2-a981-44c0-8af1-1f3e75b9ab6a,2026-05-17T18:00:00Z,2026-05-17T20:00:00+0200,97.54875,MW,BE,BE,actual_solar_generation,Solar,2026-05-25T18:09:30Z
2026-05-25T18:09:20Z,2026-05-25T20:09:20+0200,63e771d2-a981-44c0-8af1-1f3e75b9ab6a,2026-05-17T19:00:00Z,2026-05-17T21:00:00+0200,1.07625,MW,BE,BE,actual_solar_generation,Solar,2026-05-25T18:09:30Z
2026-05-25T18:09:20Z,2026-05-25T20:09:20+0200,63e771d2-a981-44c0-8af1-1f3e75b9ab6a,2026-05-17T20:00:00Z,2026-05-17T22:00:00+0200,0.0,MW,BE,BE,actual_solar_generation,Solar,2026-05-25T18:09:30Z
2026-05-25T18:09:20Z,2026-05-25T20:09:20+0200,63e771d2-a981-44c0-8af1-1f3e75b9ab6a,2026-05-17T21:00:00Z,2026-05-17T23:00:00+0200,0.0,MW,BE,BE,actual_solar_generation,Solar,2026-05-25T18:09:30Z
2026-05-25T18:09:20Z,2026-05-25T20:09:20+0200,63e771d2-a981-44c0-8af1-1f3e75b9ab6a,2026-05-17T22:00:00Z,2026-05-18T00:00:00+0200,0.0,MW,BE,BE,actual_solar_generation,Solar,2026-05-25T18:09:30Z
2026-05-25T18:09:20Z,2026-05-25T20:09:20+0200,63e771d2-a981-44c0-8af1-1f3e75b9ab6a,2026-05-17T23:00:00Z,2026-05-18T01:00:00+0200,0.0,MW,BE,BE,actual_solar_generation,Solar,2026-05-25T18:09:30Z
2026-05-25T18:09:20Z,2026-05-25T20:09:20+0200,63e771d2-a981-44c0-8af1-1f3e75b9ab6a,2026-05-18T00:00:00Z,2026-05-18T02:00:00+0200,0.0,MW,BE,BE,actual_solar_generation,Solar,2026-05-25T18:09:30Z
2026-05-25T18:09:20Z,2026-05-25T20:09:20+0200,63e771d2-a981-44c0-8af1-1f3e75b9ab6a,2026-05-18T01:00:00Z,2026-05-18T03:00:00+0200,0.0,MW,BE,BE,actual_solar_generation,Solar,2026-05-25T18:09:30Z
2026-05-25T18:09:20Z,2026-05-25T20:09:20+0200,63e771d2-a981-44c0-8af1-1f3e75b9ab6a,2026-05-18T02:00:00Z,2026-05-18T04:00:00+0200,0.0,MW,BE,BE,actual_solar_generation,Solar,2026-05-25T18:09:30Z
2026-05-25T18:09:20Z,2026-05-25T20:09:20+0200,63e771d2-a981-44c0-8af1-1f3e75b9ab6a,2026-05-18T03:00:00Z,2026-05-18T05:00:00+0200,0.0,MW,BE,BE,actual_solar_generation,Solar,2026-05-25T18:09:30Z
2026-05-25T18:09:20Z,2026-05-25T20:09:20+0200,63e771d2-a981-44c0-8af1-1f3e75b9ab6a,2026-05-18T04:00:00Z,2026-05-18T06:00:00+0200,140.50375,MW,BE,BE,actual_solar_generation,Solar,2026-05-25T18:09:30Z
2026-05-25T18:09:20Z,2026-05-25T20:09:20+0200,63e771d2-a981-44c0-8af1-1f3e75b9ab6a,2026-05-18T05:00:00Z,2026-05-18T07:00:00+0200,819.38175,MW,BE,BE,actual_solar_generation,Solar,2026-05-25T18:09:30Z
2026-05-25T18:09:20Z,2026-05-25T20:09:20+0200,63e771d2-a981-44c0-8af1-1f3e75b9ab6a,2026-05-18T06:00:00Z,2026-05-18T08:00:00+0200,1866.23075,MW,BE,BE,actual_solar_generation,Solar,2026-05-25T18:09:30Z
2026-05-25T18:09:20Z,2026-05-25T20:09:20+0200,63e771d2-a981-44c0-8af1-1f3e75b9ab6a,2026-05-18T07:00:00Z,2026-05-18T09:00:00+0200,2964.928,MW,BE,BE,actual_solar_generation,Solar,2026-05-25T18:09:30Z
2026-05-25T18:09:20Z,2026-05-25T20:09:20+0200,63e771d2-a981-44c0-8af1-1f3e75b9ab6a,2026-05-18T08:00:00Z,2026-05-18T10:00:00+0200,3963.8935,MW,BE,BE,actual_solar_generation,Solar,2026-05-25T18:09:30Z
2026-05-25T18:09:20Z,2026-05-25T20:09:20+0200,63e771d2-a981-44c0-8af1-1f3e75b9ab6a,2026-05-18T09:00:00Z,2026-05-18T11:00:00+0200,4707.6135,MW,BE,BE,actual_solar_generation,Solar,2026-05-25T18:09:30Z
2026-05-25T18:09:20Z,2026-05-25T20:09:20+0200,63e771d2-a981-44c0-8af1-1f3e75b9ab6a,2026-05-18T10:00:00Z,2026-05-18T12:00:00+0200,5040.04525,MW,BE,BE,actual_solar_generation,Solar,2026-05-25T18:09:30Z
2026-05-25T18:09:20Z,2026-05-25T20:09:20+0200,63e771d2-a981-44c0-8af1-1f3e75b9ab6a,2026-05-18T11:00:00Z,2026-05-18T13:00:00+0200,5149.7185,MW,BE,BE,actual_solar_generation,Solar,2026-05-25T18:09:30Z
2026-05-25T18:09:20Z,2026-05-25T20:09:20+0200,63e771d2-a981-44c0-8af1-1f3e75b9ab6a,2026-05-18T12:00:00Z,2026-05-18T14:00:00+0200,4663.52425,MW,BE,BE,actual_solar_generation,Solar,2026-05-25T18:09:30Z
2026-05-25T18:09:20Z,2026-05-25T20:09:20+0200,63e771d2-a981-44c0-8af1-1f3e75b9ab6a,2026-05-18T13:00:00Z,2026-05-18T15:00:00+0200,4348.737,MW,BE,BE,actual_solar_generation,Solar,2026-05-25T18:09:30Z
2026-05-25T18:09:20Z,2026-05-25T20:09:20+0200,63e771d2-a981-44c0-8af1-1f3e75b9ab6a,2026-05-18T14:00:00Z,2026-05-18T16:00:00+0200,3719.773,MW,BE,BE,actual_solar_generation,Solar,2026-05-25T18:09:30Z
2026-05-25T18:09:20Z,2026-05-25T20:09:20+0200,63e771d2-a981-44c0-8af1-1f3e75b9ab6a,2026-05-18T15:00:00Z,2026-05-18T17:00:00+0200,3002.72275,MW,BE,BE,actual_solar_generation,Solar,2026-05-25T18:09:30Z
2026-05-25T18:09:20Z,2026-05-25T20:09:20+0200,63e771d2-a981-44c0-8af1-1f3e75b9ab6a,2026-05-18T16:00:00Z,2026-05-18T18:00:00+0200,2241.39525,MW,BE,BE,actual_solar_generation,Solar,2026-05-25T18:09:30Z
2026-05-25T18:09:20Z,2026-05-25T20:09:20+0200,63e771d2-a981-44c0-8af1-1f3e75b9ab6a,2026-05-18T17:00:00Z,2026-05-18T19:00:00+0200,1384.14675,MW,BE,BE,actual_solar_generation,Solar,2026-05-25T18:09:30Z
2026-05-25T18:09:20Z,2026-05-25T20:09:20+0200,63e771d2-a981-44c0-8af1-1f3e75b9ab6a,2026-05-18T18:00:00Z,2026-05-18T20:00:00+0200,523.06675,MW,BE,BE,actual_solar_generation,Solar,2026-05-25T18:09:30Z
2026-05-25T18:09:20Z,2026-05-25T20:09:20+0200,63e771d2-a981-44c0-8af1-1f3e75b9ab6a,2026-05-18T19:00:00Z,2026-05-18T21:00:00+0200,16.697,MW,BE,BE,actual_solar_generation,Solar,2026-05-25T18:09:30Z
2026-05-25T18:09:20Z,2026-05-25T20:09:20+0200,63e771d2-a981-44c0-8af1-1f3e75b9ab6a,2026-05-18T20:00:00Z,2026-05-18T22:00:00+0200,0.0,MW,BE,BE,actual_solar_generation,Solar,2026-05-25T18:09:30Z
2026-05-25T18:09:20Z,2026-05-25T20:09:20+0200,63e771d2-a981-44c0-8af1-1f3e75b9ab6a,2026-05-18T21:00:00Z,2026-05-18T23:00:00+0200,0.0,MW,BE,BE,actual_solar_generation,Solar,2026-05-25T18:09:30Z
2026-05-25T18:09:20Z,2026-05-25T20:09:20+0200,63e771d2-a981-44c0-8af1-1f3e75b9ab6a,2026-05-18T22:00:00Z,2026-05-19T00:00:00+0200,0.0,MW,BE,BE,actual_solar_generation,Solar,2026-05-25T18:09:30Z
2026-05-25T18:09:20Z,2026-05-25T20:09:20+0200,63e771d2-a981-44c0-8af1-1f3e75b9ab6a,2026-05-18T23:00:00Z,2026-05-19T01:00:00+0200,0.0,MW,BE,BE,actual_solar_generation,Solar,2026-05-25T18:09:30Z
2026-05-25T18:09:20Z,2026-05-25T20:09:20+0200,63e771d2-a981-44c0-8af1-1f3e75b9ab6a,2026-05-19T00:00:00Z,2026-05-19T02:00:00+0200,0.0,MW,BE,BE,actual_solar_generation,Solar,2026-05-25T18:09:30Z
2026-05-25T18:09:20Z,2026-05-25T20:09:20+0200,63e771d2-a981-44c0-8af1-1f3e75b9ab6a,2026-05-19T01:00:00Z,2026-05-19T03:00:00+0200,0.0,MW,BE,BE,actual_solar_generation,Solar,2026-05-25T18:09:30Z
2026-05-25T18:09:20Z,2026-05-25T20:09:20+0200,63e771d2-a981-44c0-8af1-1f3e75b9ab6a,2026-05-19T02:00:00Z,2026-05-19T04:00:00+0200,0.0,MW,BE,BE,actual_solar_generation,Solar,2026-05-25T18:09:30Z
2026-05-25T18:09:20Z,2026-05-25T20:09:20+0200,63e771d2-a981-44c0-8af1-1f3e75b9ab6a,2026-05-19T03:00:00Z,2026-05-19T05:00:00+0200,0.0,MW,BE,BE,actual_solar_generation,Solar,2026-05-25T18:09:30Z
2026-05-25T18:09:20Z,2026-05-25T20:09:20+0200,63e771d2-a981-44c0-8af1-1f3e75b9ab6a,2026-05-19T04:00:00Z,2026-05-19T06:00:00+0200,190.409,MW,BE,BE,actual_solar_generation,Solar,2026-05-25T18:09:30Z
2026-05-25T18:09:20Z,2026-05-25T20:09:20+0200,63e771d2-a981-44c0-8af1-1f3e75b9ab6a,2026-05-19T05:00:00Z,2026-05-19T07:00:00+0200,741.06175,MW,BE,BE,actual_solar_generation,Solar,2026-05-25T18:09:30Z
2026-05-25T18:09:20Z,2026-05-25T20:09:20+0200,63e771d2-a981-44c0-8af1-1f3e75b9ab6a,2026-05-19T06:00:00Z,2026-05-19T08:00:00+0200,1317.656,MW,BE,BE,actual_solar_generation,Solar,2026-05-25T18:09:30Z
2026-05-25T18:09:20Z,2026-05-25T20:09:20+0200,63e771d2-a981-44c0-8af1-1f3e75b9ab6a,2026-05-19T07:00:00Z,2026-05-19T09:00:00+0200,2020.1235,MW,BE,BE,actual_solar_generation,Solar,2026-05-25T18:09:30Z
2026-05-25T18:09:20Z,2026-05-25T20:09:20+0200,63e771d2-a981-44c0-8af1-1f3e75b9ab6a,2026-05-19T08:00:00Z,2026-05-19T10:00:00+0200,3150.5545,MW,BE,BE,actual_solar_generation,Solar,2026-05-25T18:09:30Z
2026-05-25T18:09:20Z,2026-05-25T20:09:20+0200,63e771d2-a981-44c0-8af1-1f3e75b9ab6a,2026-05-19T09:00:00Z,2026-05-19T11:00:00+0200,4033.871,MW,BE,BE,actual_solar_generation,Solar,2026-05-25T18:09:30Z
2026-05-25T18:09:20Z,2026-05-25T20:09:20+0200,63e771d2-a981-44c0-8af1-1f3e75b9ab6a,2026-05-19T10:00:00Z,2026-05-19T12:00:00+0200,3575.92275,MW,BE,BE,actual_solar_generation,Solar,2026-05-25T18:09:30Z
2026-05-25T18:09:20Z,2026-05-25T20:09:20+0200,63e771d2-a981-44c0-8af1-1f3e75b9ab6a,2026-05-19T11:00:00Z,2026-05-19T13:00:00+0200,2692.076,MW,BE,BE,actual_solar_generation,Solar,2026-05-25T18:09:30Z
2026-05-25T18:09:20Z,2026-05-25T20:09:20+0200,63e771d2-a981-44c0-8af1-1f3e75b9ab6a,2026-05-19T12:00:00Z,2026-05-19T14:00:00+0200,2141.23,MW,BE,BE,actual_solar_generation,Solar,2026-05-25T18:09:30Z
2026-05-25T18:09:20Z,2026-05-25T20:09:20+0200,63e771d2-a981-44c0-8af1-1f3e75b9ab6a,2026-05-19T13:00:00Z,2026-05-19T15:00:00+0200,1752.29275,MW,BE,BE,actual_solar_generation,Solar,2026-05-25T18:09:30Z
2026-05-25T18:09:20Z,2026-05-25T20:09:20+0200,63e771d2-a981-44c0-8af1-1f3e75b9ab6a,2026-05-19T14:00:00Z,2026-05-19T16:00:00+0200,1329.9905,MW,BE,BE,actual_solar_generation,Solar,2026-05-25T18:09:30Z
2026-05-25T18:09:20Z,2026-05-25T20:09:20+0200,63e771d2-a981-44c0-8af1-1f3e75b9ab6a,2026-05-19T15:00:00Z,2026-05-19T17:00:00+0200,977.571,MW,BE,BE,actual_solar_generation,Solar,2026-05-25T18:09:30Z
2026-05-25T18:09:20Z,2026-05-25T20:09:20+0200,63e771d2-a981-44c0-8af1-1f3e75b9ab6a,2026-05-19T16:00:00Z,2026-05-19T18:00:00+0200,834.283,MW,BE,BE,actual_solar_generation,Solar,2026-05-25T18:09:30Z
2026-05-25T18:09:20Z,2026-05-25T20:09:20+0200,63e771d2-a981-44c0-8af1-1f3e75b9ab6a,2026-05-19T17:00:00Z,2026-05-19T19:00:00+0200,580.2525,MW,BE,BE,actual_solar_generation,Solar,2026-05-25T18:09:30Z
2026-05-25T18:09:20Z,2026-05-25T20:09:20+0200,63e771d2-a981-44c0-8af1-1f3e75b9ab6a,2026-05-19T18:00:00Z,2026-05-19T20:00:00+0200,231.9925,MW,BE,BE,actual_solar_generation,Solar,2026-05-25T18:09:30Z
2026-05-25T18:09:20Z,2026-05-25T20:09:20+0200,63e771d2-a981-44c0-8af1-1f3e75b9ab6a,2026-05-19T19:00:00Z,2026-05-19T21:00:00+0200,8.959,MW,BE,BE,actual_solar_generation,Solar,2026-05-25T18:09:30Z
2026-05-25T18:09:20Z,2026-05-25T20:09:20+0200,63e771d2-a981-44c0-8af1-1f3e75b9ab6a,2026-05-19T20:00:00Z,2026-05-19T22:00:00+0200,0.0,MW,BE,BE,actual_solar_generation,Solar,2026-05-25T18:09:30Z
2026-05-25T18:09:20Z,2026-05-25T20:09:20+0200,63e771d2-a981-44c0-8af1-1f3e75b9ab6a,2026-05-19T21:00:00Z,2026-05-19T23:00:00+0200,0.0,MW,BE,BE,actual_solar_generation,Solar,2026-05-25T18:09:30Z
2026-05-25T18:09:20Z,2026-05-25T20:09:20+0200,63e771d2-a981-44c0-8af1-1f3e75b9ab6a,2026-05-19T22:00:00Z,2026-05-20T00:00:00+0200,0.0,MW,BE,BE,actual_solar_generation,Solar,2026-05-25T18:09:30Z
2026-05-25T18:09:20Z,2026-05-25T20:09:20+0200,63e771d2-a981-44c0-8af1-1f3e75b9ab6a,2026-05-19T23:00:00Z,2026-05-20T01:00:00+0200,0.0,MW,BE,BE,actual_solar_generation,Solar,2026-05-25T18:09:30Z
2026-05-25T18:09:20Z,2026-05-25T20:09:20+0200,63e771d2-a981-44c0-8af1-1f3e75b9ab6a,2026-05-20T00:00:00Z,2026-05-20T02:00:00+0200,0.0,MW,BE,BE,actual_solar_generation,Solar,2026-05-25T18:09:30Z
2026-05-25T18:09:20Z,2026-05-25T20:09:20+0200,63e771d2-a981-44c0-8af1-1f3e75b9ab6a,2026-05-20T01:00:00Z,2026-05-20T03:00:00+0200,0.0,MW,BE,BE,actual_solar_generation,Solar,2026-05-25T18:09:30Z
2026-05-25T18:09:20Z,2026-05-25T20:09:20+0200,63e771d2-a981-44c0-8af1-1f3e75b9ab6a,2026-05-20T02:00:00Z,2026-05-20T04:00:00+0200,0.0,MW,BE,BE,actual_solar_generation,Solar,2026-05-25T18:09:30Z
2026-05-25T18:09:20Z,2026-05-25T20:09:20+0200,63e771d2-a981-44c0-8af1-1f3e75b9ab6a,2026-05-20T03:00:00Z,2026-05-20T05:00:00+0200,0.0,MW,BE,BE,actual_solar_generation,Solar,2026-05-25T18:09:30Z
2026-05-25T18:09:20Z,2026-05-25T20:09:20+0200,63e771d2-a981-44c0-8af1-1f3e75b9ab6a,2026-05-20T04:00:00Z,2026-05-20T06:00:00+0200,112.80275,MW,BE,BE,actual_solar_generation,Solar,2026-05-25T18:09:30Z
2026-05-25T18:09:20Z,2026-05-25T20:09:20+0200,63e771d2-a981-44c0-8af1-1f3e75b9ab6a,2026-05-20T05:00:00Z,2026-05-20T07:00:00+0200,565.855,MW,BE,BE,actual_solar_generation,Solar,2026-05-25T18:09:30Z
2026-05-25T18:09:20Z,2026-05-25T20:09:20+0200,63e771d2-a981-44c0-8af1-1f3e75b9ab6a,2026-05-20T06:00:00Z,2026-05-20T08:00:00+0200,1259.1435,MW,BE,BE,actual_solar_generation,Solar,2026-05-25T18:09:30Z
2026-05-25T18:09:20Z,2026-05-25T20:09:20+0200,63e771d2-a981-44c0-8af1-1f3e75b9ab6a,2026-05-20T07:00:00Z,2026-05-20T09:00:00+0200,1713.81825,MW,BE,BE,actual_solar_generation,Solar,2026-05-25T18:09:30Z
2026-05-25T18:09:20Z,2026-05-25T20:09:20+0200,63e771d2-a981-44c0-8af1-1f3e75b9ab6a,2026-05-20T08:00:00Z,2026-05-20T10:00:00+0200,2525.49175,MW,BE,BE,actual_solar_generation,Solar,2026-05-25T18:09:30Z
2026-05-25T18:09:20Z,2026-05-25T20:09:20+0200,63e771d2-a981-44c0-8af1-1f3e75b9ab6a,2026-05-20T09:00:00Z,2026-05-20T11:00:00+0200,3625.16275,MW,BE,BE,actual_solar_generation,Solar,2026-05-25T18:09:30Z
2026-05-25T18:09:20Z,2026-05-25T20:09:20+0200,63e771d2-a981-44c0-8af1-1f3e75b9ab6a,2026-05-20T10:00:00Z,2026-05-20T12:00:00+0200,4468.75975,MW,BE,BE,actual_solar_generation,Solar,2026-05-25T18:09:30Z
2026-05-25T18:09:20Z,2026-05-25T20:09:20+0200,63e771d2-a981-44c0-8af1-1f3e75b9ab6a,2026-05-20T11:00:00Z,2026-05-20T13:00:00+0200,4815.47075,MW,BE,BE,actual_solar_generation,Solar,2026-05-25T18:09:30Z
2026-05-25T18:09:20Z,2026-05-25T20:09:20+0200,63e771d2-a981-44c0-8af1-1f3e75b9ab6a,2026-05-20T12:00:00Z,2026-05-20T14:00:00+0200,4877.0965,MW,BE,BE,actual_solar_generation,Solar,2026-05-25T18:09:30Z
2026-05-25T18:09:20Z,2026-05-25T20:09:20+0200,63e771d2-a981-44c0-8af1-1f3e75b9ab6a,2026-05-20T13:00:00Z,2026-05-20T15:00:00+0200,4457.314,MW,BE,BE,actual_solar_generation,Solar,2026-05-25T18:09:30Z
2026-05-25T18:09:20Z,2026-05-25T20:09:20+0200,63e771d2-a981-44c0-8af1-1f3e75b9ab6a,2026-05-20T14:00:00Z,2026-05-20T16:00:00+0200,3314.639,MW,BE,BE,actual_solar_generation,Solar,2026-05-25T18:09:30Z
2026-05-25T18:09:20Z,2026-05-25T20:09:20+0200,63e771d2-a981-44c0-8af1-1f3e75b9ab6a,2026-05-20T15:00:00Z,2026-05-20T17:00:00+0200,2096.339,MW,BE,BE,actual_solar_generation,Solar,2026-05-25T18:09:30Z
2026-05-25T18:09:20Z,2026-05-25T20:09:20+0200,63e771d2-a981-44c0-8af1-1f3e75b9ab6a,2026-05-20T16:00:00Z,2026-05-20T18:00:00+0200,1271.92425,MW,BE,BE,actual_solar_generation,Solar,2026-05-25T18:09:30Z
2026-05-25T18:09:20Z,2026-05-25T20:09:20+0200,63e771d2-a981-44c0-8af1-1f3e75b9ab6a,2026-05-20T17:00:00Z,2026-05-20T19:00:00+0200,754.2765,MW,BE,BE,actual_solar_generation,Solar,2026-05-25T18:09:30Z
2026-05-25T18:09:20Z,2026-05-25T20:09:20+0200,63e771d2-a981-44c0-8af1-1f3e75b9ab6a,2026-05-20T18:00:00Z,2026-05-20T20:00:00+0200,254.67525,MW,BE,BE,actual_solar_generation,Solar,2026-05-25T18:09:30Z
2026-05-25T18:09:20Z,2026-05-25T20:09:20+0200,63e771d2-a981-44c0-8af1-1f3e75b9ab6a,2026-05-20T19:00:00Z,2026-05-20T21:00:00+0200,14.01275,MW,BE,BE,actual_solar_generation,Solar,2026-05-25T18:09:30Z
2026-05-25T18:09:20Z,2026-05-25T20:09:20+0200,63e771d2-a981-44c0-8af1-1f3e75b9ab6a,2026-05-20T20:00:00Z,2026-05-20T22:00:00+0200,0.0,MW,BE,BE,actual_solar_generation,Solar,2026-05-25T18:09:30Z
2026-05-25T18:09:20Z,2026-05-25T20:09:20+0200,63e771d2-a981-44c0-8af1-1f3e75b9ab6a,2026-05-20T21:00:00Z,2026-05-20T23:00:00+0200,0.0,MW,BE,BE,actual_solar_generation,Solar,2026-05-25T18:09:30Z
2026-05-25T18:09:20Z,2026-05-25T20:09:20+0200,63e771d2-a981-44c0-8af1-1f3e75b9ab6a,2026-05-20T22:00:00Z,2026-05-21T00:00:00+0200,0.0,MW,BE,BE,actual_solar_generation,Solar,2026-05-25T18:09:30Z
2026-05-25T18:09:20Z,2026-05-25T20:09:20+0200,63e771d2-a981-44c0-8af1-1f3e75b9ab6a,2026-05-20T23:00:00Z,2026-05-21T01:00:00+0200,0.0,MW,BE,BE,actual_solar_generation,Solar,2026-05-25T18:09:30Z
2026-05-25T18:09:20Z,2026-05-25T20:09:20+0200,63e771d2-a981-44c0-8af1-1f3e75b9ab6a,2026-05-21T00:00:00Z,2026-05-21T02:00:00+0200,0.0,MW,BE,BE,actual_solar_generation,Solar,2026-05-25T18:09:30Z
2026-05-25T18:09:20Z,2026-05-25T20:09:20+0200,63e771d2-a981-44c0-8af1-1f3e75b9ab6a,2026-05-21T01:00:00Z,2026-05-21T03:00:00+0200,0.0,MW,BE,BE,actual_solar_generation,Solar,2026-05-25T18:09:30Z
2026-05-25T18:09:20Z,2026-05-25T20:09:20+0200,63e771d2-a981-44c0-8af1-1f3e75b9ab6a,2026-05-21T02:00:00Z,2026-05-21T04:00:00+0200,0.0,MW,BE,BE,actual_solar_generation,Solar,2026-05-25T18:09:30Z
2026-05-25T18:09:20Z,2026-05-25T20:09:20+0200,63e771d2-a981-44c0-8af1-1f3e75b9ab6a,2026-05-21T03:00:00Z,2026-05-21T05:00:00+0200,0.0,MW,BE,BE,actual_solar_generation,Solar,2026-05-25T18:09:30Z
2026-05-25T18:09:20Z,2026-05-25T20:09:20+0200,63e771d2-a981-44c0-8af1-1f3e75b9ab6a,2026-05-21T04:00:00Z,2026-05-21T06:00:00+0200,303.15225,MW,BE,BE,actual_solar_generation,Solar,2026-05-25T18:09:30Z
2026-05-25T18:09:20Z,2026-05-25T20:09:20+0200,63e771d2-a981-44c0-8af1-1f3e75b9ab6a,2026-05-21T05:00:00Z,2026-05-21T07:00:00+0200,1221.32575,MW,BE,BE,actual_solar_generation,Solar,2026-05-25T18:09:30Z
2026-05-25T18:09:20Z,2026-05-25T20:09:20+0200,63e771d2-a981-44c0-8af1-1f3e75b9ab6a,2026-05-21T06:00:00Z,2026-05-21T08:00:00+0200,2571.9565,MW,BE,BE,actual_solar_generation,Solar,2026-05-25T18:09:30Z
2026-05-25T18:09:20Z,2026-05-25T20:09:20+0200,63e771d2-a981-44c0-8af1-1f3e75b9ab6a,2026-05-21T07:00:00Z,2026-05-21T09:00:00+0200,4252.2675,MW,BE,BE,actual_solar_generation,Solar,2026-05-25T18:09:30Z
2026-05-25T18:09:20Z,2026-05-25T20:09:20+0200,63e771d2-a981-44c0-8af1-1f3e75b9ab6a,2026-05-21T08:00:00Z,2026-05-21T10:00:00+0200,5409.7915,MW,BE,BE,actual_solar_generation,Solar,2026-05-25T18:09:30Z
2026-05-25T18:09:20Z,2026-05-25T20:09:20+0200,63e771d2-a981-44c0-8af1-1f3e75b9ab6a,2026-05-21T09:00:00Z,2026-05-21T11:00:00+0200,5614.2215,MW,BE,BE,actual_solar_generation,Solar,2026-05-25T18:09:30Z
2026-05-25T18:09:20Z,2026-05-25T20:09:20+0200,63e771d2-a981-44c0-8af1-1f3e75b9ab6a,2026-05-21T10:00:00Z,2026-05-21T12:00:00+0200,5968.2695,MW,BE,BE,actual_solar_generation,Solar,2026-05-25T18:09:30Z
2026-05-25T18:09:20Z,2026-05-25T20:09:20+0200,63e771d2-a981-44c0-8af1-1f3e75b9ab6a,2026-05-21T11:00:00Z,2026-05-21T13:00:00+0200,6236.69375,MW,BE,BE,actual_solar_generation,Solar,2026-05-25T18:09:30Z
2026-05-25T18:09:20Z,2026-05-25T20:09:20+0200,63e771d2-a981-44c0-8af1-1f3e75b9ab6a,2026-05-21T12:00:00Z,2026-05-21T14:00:00+0200,5788.141,MW,BE,BE,actual_solar_generation,Solar,2026-05-25T18:09:30Z
2026-05-25T18:09:20Z,2026-05-25T20:09:20+0200,63e771d2-a981-44c0-8af1-1f3e75b9ab6a,2026-05-21T13:00:00Z,2026-05-21T15:00:00+0200,5258.5875,MW,BE,BE,actual_solar_generation,Solar,2026-05-25T18:09:30Z
2026-05-25T18:09:20Z,2026-05-25T20:09:20+0200,63e771d2-a981-44c0-8af1-1f3e75b9ab6a,2026-05-21T14:00:00Z,2026-05-21T16:00:00+0200,5038.63475,MW,BE,BE,actual_solar_generation,Solar,2026-05-25T18:09:30Z
2026-05-25T18:09:20Z,2026-05-25T20:09:20+0200,63e771d2-a981-44c0-8af1-1f3e75b9ab6a,2026-05-21T15:00:00Z,2026-05-21T17:00:00+0200,4161.96575,MW,BE,BE,actual_solar_generation,Solar,2026-05-25T18:09:30Z
2026-05-25T18:09:20Z,2026-05-25T20:09:20+0200,63e771d2-a981-44c0-8af1-1f3e75b9ab6a,2026-05-21T16:00:00Z,2026-05-21T18:00:00+0200,2930.5805,MW,BE,BE,actual_solar_generation,Solar,2026-05-25T18:09:30Z
2026-05-25T18:09:20Z,2026-05-25T20:09:20+0200,63e771d2-a981-44c0-8af1-1f3e75b9ab6a,2026-05-21T17:00:00Z,2026-05-21T19:00:00+0200,1539.949,MW,BE,BE,actual_solar_generation,Solar,2026-05-25T18:09:30Z
2026-05-25T18:09:20Z,2026-05-25T20:09:20+0200,63e771d2-a981-44c0-8af1-1f3e75b9ab6a,2026-05-21T18:00:00Z,2026-05-21T20:00:00+0200,499.09275,MW,BE,BE,actual_solar_generation,Solar,2026-05-25T18:09:30Z
2026-05-25T18:09:20Z,2026-05-25T20:09:20+0200,63e771d2-a981-44c0-8af1-1f3e75b9ab6a,2026-05-21T19:00:00Z,2026-05-21T21:00:00+0200,45.508,MW,BE,BE,actual_solar_generation,Solar,2026-05-25T18:09:30Z
2026-05-25T18:09:20Z,2026-05-25T20:09:20+0200,63e771d2-a981-44c0-8af1-1f3e75b9ab6a,2026-05-21T20:00:00Z,2026-05-21T22:00:00+0200,0.0,MW,BE,BE,actual_solar_generation,Solar,2026-05-25T18:09:30Z
2026-05-25T18:09:20Z,2026-05-25T20:09:20+0200,63e771d2-a981-44c0-8af1-1f3e75b9ab6a,2026-05-21T21:00:00Z,2026-05-21T23:00:00+0200,0.0,MW,BE,BE,actual_solar_generation,Solar,2026-05-25T18:09:30Z
2026-05-25T18:09:20Z,2026-05-25T20:09:20+0200,63e771d2-a981-44c0-8af1-1f3e75b9ab6a,2026-05-21T22:00:00Z,2026-05-22T00:00:00+0200,0.0,MW,BE,BE,actual_solar_generation,Solar,2026-05-25T18:09:30Z
2026-05-25T18:09:20Z,2026-05-25T20:09:20+0200,63e771d2-a981-44c0-8af1-1f3e75b9ab6a,2026-05-21T23:00:00Z,2026-05-22T01:00:00+0200,0.0,MW,BE,BE,actual_solar_generation,Solar,2026-05-25T18:09:30Z
2026-05-25T18:09:20Z,2026-05-25T20:09:20+0200,63e771d2-a981-44c0-8af1-1f3e75b9ab6a,2026-05-22T00:00:00Z,2026-05-22T02:00:00+0200,0.0,MW,BE,BE,actual_solar_generation,Solar,2026-05-25T18:09:30Z
2026-05-25T18:09:20Z,2026-05-25T20:09:20+0200,63e771d2-a981-44c0-8af1-1f3e75b9ab6a,2026-05-22T01:00:00Z,2026-05-22T03:00:00+0200,0.0,MW,BE,BE,actual_solar_generation,Solar,2026-05-25T18:09:30Z
2026-05-25T18:09:20Z,2026-05-25T20:09:20+0200,63e771d2-a981-44c0-8af1-1f3e75b9ab6a,2026-05-22T02:00:00Z,2026-05-22T04:00:00+0200,0.0,MW,BE,BE,actual_solar_generation,Solar,2026-05-25T18:09:30Z
2026-05-25T18:09:20Z,2026-05-25T20:09:20+0200,63e771d2-a981-44c0-8af1-1f3e75b9ab6a,2026-05-22T03:00:00Z,2026-05-22T05:00:00+0200,0.46275,MW,BE,BE,actual_solar_generation,Solar,2026-05-25T18:09:30Z
2026-05-25T18:09:20Z,2026-05-25T20:09:20+0200,63e771d2-a981-44c0-8af1-1f3e75b9ab6a,2026-05-22T04:00:00Z,2026-05-22T06:00:00+0200,325.9655,MW,BE,BE,actual_solar_generation,Solar,2026-05-25T18:09:30Z
2026-05-25T18:09:20Z,2026-05-25T20:09:20+0200,63e771d2-a981-44c0-8af1-1f3e75b9ab6a,2026-05-22T05:00:00Z,2026-05-22T07:00:00+0200,1272.25425,MW,BE,BE,actual_solar_generation,Solar,2026-05-25T18:09:30Z
2026-05-25T18:09:20Z,2026-05-25T20:09:20+0200,63e771d2-a981-44c0-8af1-1f3e75b9ab6a,2026-05-22T06:00:00Z,2026-05-22T08:00:00+0200,2705.7885,MW,BE,BE,actual_solar_generation,Solar,2026-05-25T18:09:30Z
2026-05-25T18:09:20Z,2026-05-25T20:09:20+0200,63e771d2-a981-44c0-8af1-1f3e75b9ab6a,2026-05-22T07:00:00Z,2026-05-22T09:00:00+0200,4437.6255,MW,BE,BE,actual_solar_generation,Solar,2026-05-25T18:09:30Z
2026-05-25T18:09:20Z,2026-05-25T20:09:20+0200,63e771d2-a981-44c0-8af1-1f3e75b9ab6a,2026-05-22T08:00:00Z,2026-05-22T10:00:00+0200,5940.22225,MW,BE,BE,actual_solar_generation,Solar,2026-05-25T18:09:30Z
2026-05-25T18:09:20Z,2026-05-25T20:09:20+0200,63e771d2-a981-44c0-8af1-1f3e75b9ab6a,2026-05-22T09:00:00Z,2026-05-22T11:00:00+0200,7295.88025,MW,BE,BE,actual_solar_generation,Solar,2026-05-25T18:09:30Z
2026-05-25T18:09:20Z,2026-05-25T20:09:20+0200,63e771d2-a981-44c0-8af1-1f3e75b9ab6a,2026-05-22T10:00:00Z,2026-05-22T12:00:00+0200,8046.67225,MW,BE,BE,actual_solar_generation,Solar,2026-05-25T18:09:30Z
2026-05-25T18:09:20Z,2026-05-25T20:09:20+0200,63e771d2-a981-44c0-8af1-1f3e75b9ab6a,2026-05-22T11:00:00Z,2026-05-22T13:00:00+0200,8358.0935,MW,BE,BE,actual_solar_generation,Solar,2026-05-25T18:09:30Z
2026-05-25T18:09:20Z,2026-05-25T20:09:20+0200,63e771d2-a981-44c0-8af1-1f3e75b9ab6a,2026-05-22T12:00:00Z,2026-05-22T14:00:00+0200,8145.77175,MW,BE,BE,actual_solar_generation,Solar,2026-05-25T18:09:30Z
2026-05-25T18:09:20Z,2026-05-25T20:09:20+0200,63e771d2-a981-44c0-8af1-1f3e75b9ab6a,2026-05-22T13:00:00Z,2026-05-22T15:00:00+0200,7499.81975,MW,BE,BE,actual_solar_generation,Solar,2026-05-25T18:09:30Z
2026-05-25T18:09:20Z,2026-05-25T20:09:20+0200,63e771d2-a981-44c0-8af1-1f3e75b9ab6a,2026-05-22T14:00:00Z,2026-05-22T16:00:00+0200,6303.72175,MW,BE,BE,actual_solar_generation,Solar,2026-05-25T18:09:30Z
2026-05-25T18:09:20Z,2026-05-25T20:09:20+0200,63e771d2-a981-44c0-8af1-1f3e75b9ab6a,2026-05-22T15:00:00Z,2026-05-22T17:00:00+0200,4764.78875,MW,BE,BE,actual_solar_generation,Solar,2026-05-25T18:09:30Z
2026-05-25T18:09:20Z,2026-05-25T20:09:20+0200,63e771d2-a981-44c0-8af1-1f3e75b9ab6a,2026-05-22T16:00:00Z,2026-05-22T18:00:00+0200,3105.534,MW,BE,BE,actual_solar_generation,Solar,2026-05-25T18:09:30Z
2026-05-25T18:09:20Z,2026-05-25T20:09:20+0200,63e771d2-a981-44c0-8af1-1f3e75b9ab6a,2026-05-22T17:00:00Z,2026-05-22T19:00:00+0200,1623.2265,MW,BE,BE,actual_solar_generation,Solar,2026-05-25T18:09:30Z
2026-05-25T18:09:20Z,2026-05-25T20:09:20+0200,63e771d2-a981-44c0-8af1-1f3e75b9ab6a,2026-05-22T18:00:00Z,2026-05-22T20:00:00+0200,602.0155,MW,BE,BE,actual_solar_generation,Solar,2026-05-25T18:09:30Z
2026-05-25T18:09:20Z,2026-05-25T20:09:20+0200,63e771d2-a981-44c0-8af1-1f3e75b9ab6a,2026-05-22T19:00:00Z,2026-05-22T21:00:00+0200,29.74925,MW,BE,BE,actual_solar_generation,Solar,2026-05-25T18:09:30Z
2026-05-25T18:09:20Z,2026-05-25T20:09:20+0200,63e771d2-a981-44c0-8af1-1f3e75b9ab6a,2026-05-22T20:00:00Z,2026-05-22T22:00:00+0200,0.0,MW,BE,BE,actual_solar_generation,Solar,2026-05-25T18:09:30Z
2026-05-25T18:09:20Z,2026-05-25T20:09:20+0200,63e771d2-a981-44c0-8af1-1f3e75b9ab6a,2026-05-22T21:00:00Z,2026-05-22T23:00:00+0200,0.0,MW,BE,BE,actual_solar_generation,Solar,2026-05-25T18:09:30Z
2026-05-25T18:09:20Z,2026-05-25T20:09:20+0200,63e771d2-a981-44c0-8af1-1f3e75b9ab6a,2026-05-22T22:00:00Z,2026-05-23T00:00:00+0200,0.0,MW,BE,BE,actual_solar_generation,Solar,2026-05-25T18:09:30Z
2026-05-25T18:09:20Z,2026-05-25T20:09:20+0200,63e771d2-a981-44c0-8af1-1f3e75b9ab6a,2026-05-22T23:00:00Z,2026-05-23T01:00:00+0200,0.0,MW,BE,BE,actual_solar_generation,Solar,2026-05-25T18:09:30Z
2026-05-25T18:09:20Z,2026-05-25T20:09:20+0200,63e771d2-a981-44c0-8af1-1f3e75b9ab6a,2026-05-23T00:00:00Z,2026-05-23T02:00:00+0200,0.0,MW,BE,BE,actual_solar_generation,Solar,2026-05-25T18:09:30Z
2026-05-25T18:09:20Z,2026-05-25T20:09:20+0200,63e771d2-a981-44c0-8af1-1f3e75b9ab6a,2026-05-23T01:00:00Z,2026-05-23T03:00:00+0200,0.0,MW,BE,BE,actual_solar_generation,Solar,2026-05-25T18:09:30Z
2026-05-25T18:09:20Z,2026-05-25T20:09:20+0200,63e771d2-a981-44c0-8af1-1f3e75b9ab6a,2026-05-23T02:00:00Z,2026-05-23T04:00:00+0200,0.0,MW,BE,BE,actual_solar_generation,Solar,2026-05-25T18:09:30Z
2026-05-25T18:09:20Z,2026-05-25T20:09:20+0200,63e771d2-a981-44c0-8af1-1f3e75b9ab6a,2026-05-23T03:00:00Z,2026-05-23T05:00:00+0200,0.7755,MW,BE,BE,actual_solar_generation,Solar,2026-05-25T18:09:30Z
2026-05-25T18:09:20Z,2026-05-25T20:09:20+0200,63e771d2-a981-44c0-8af1-1f3e75b9ab6a,2026-05-23T04:00:00Z,2026-05-23T06:00:00+0200,390.97325,MW,BE,BE,actual_solar_generation,Solar,2026-05-25T18:09:30Z
2026-05-25T18:09:20Z,2026-05-25T20:09:20+0200,63e771d2-a981-44c0-8af1-1f3e75b9ab6a,2026-05-23T05:00:00Z,2026-05-23T07:00:00+0200,1188.69375,MW,BE,BE,actual_solar_generation,Solar,2026-05-25T18:09:30Z
2026-05-25T18:09:20Z,2026-05-25T20:09:20+0200,63e771d2-a981-44c0-8af1-1f3e75b9ab6a,2026-05-23T06:00:00Z,2026-05-23T08:00:00+0200,2412.59975,MW,BE,BE,actual_solar_generation,Solar,2026-05-25T18:09:30Z
2026-05-25T18:09:20Z,2026-05-25T20:09:20+0200,63e771d2-a981-44c0-8af1-1f3e75b9ab6a,2026-05-23T07:00:00Z,2026-05-23T09:00:00+0200,3888.8245,MW,BE,BE,actual_solar_generation,Solar,2026-05-25T18:09:30Z
2026-05-25T18:09:20Z,2026-05-25T20:09:20+0200,63e771d2-a981-44c0-8af1-1f3e75b9ab6a,2026-05-23T08:00:00Z,2026-05-23T10:00:00+0200,5455.226,MW,BE,BE,actual_solar_generation,Solar,2026-05-25T18:09:30Z
2026-05-25T18:09:20Z,2026-05-25T20:09:20+0200,63e771d2-a981-44c0-8af1-1f3e75b9ab6a,2026-05-23T09:00:00Z,2026-05-23T11:00:00+0200,6838.78475,MW,BE,BE,actual_solar_generation,Solar,2026-05-25T18:09:30Z
2026-05-25T18:09:20Z,2026-05-25T20:09:20+0200,63e771d2-a981-44c0-8af1-1f3e75b9ab6a,2026-05-23T10:00:00Z,2026-05-23T12:00:00+0200,7692.85175,MW,BE,BE,actual_solar_generation,Solar,2026-05-25T18:09:30Z
2026-05-25T18:09:20Z,2026-05-25T20:09:20+0200,63e771d2-a981-44c0-8af1-1f3e75b9ab6a,2026-05-23T11:00:00Z,2026-05-23T13:00:00+0200,8018.88075,MW,BE,BE,actual_solar_generation,Solar,2026-05-25T18:09:30Z
2026-05-25T18:09:20Z,2026-05-25T20:09:20+0200,63e771d2-a981-44c0-8af1-1f3e75b9ab6a,2026-05-23T12:00:00Z,2026-05-23T14:00:00+0200,7810.591,MW,BE,BE,actual_solar_generation,Solar,2026-05-25T18:09:30Z
2026-05-25T18:09:20Z,2026-05-25T20:09:20+0200,63e771d2-a981-44c0-8af1-1f3e75b9ab6a,2026-05-23T13:00:00Z,2026-05-23T15:00:00+0200,7134.224,MW,BE,BE,actual_solar_generation,Solar,2026-05-25T18:09:30Z
2026-05-25T18:09:20Z,2026-05-25T20:09:20+0200,63e771d2-a981-44c0-8af1-1f3e75b9ab6a,2026-05-23T14:00:00Z,2026-05-23T16:00:00+0200,5898.29225,MW,BE,BE,actual_solar_generation,Solar,2026-05-25T18:09:30Z
2026-05-25T18:09:20Z,2026-05-25T20:09:20+0200,63e771d2-a981-44c0-8af1-1f3e75b9ab6a,2026-05-23T15:00:00Z,2026-05-23T17:00:00+0200,4444.637,MW,BE,BE,actual_solar_generation,Solar,2026-05-25T18:09:30Z
2026-05-25T18:09:20Z,2026-05-25T20:09:20+0200,63e771d2-a981-44c0-8af1-1f3e75b9ab6a,2026-05-23T16:00:00Z,2026-05-23T18:00:00+0200,2774.96275,MW,BE,BE,actual_solar_generation,Solar,2026-05-25T18:09:30Z
2026-05-25T18:09:20Z,2026-05-25T20:09:20+0200,63e771d2-a981-44c0-8af1-1f3e75b9ab6a,2026-05-23T17:00:00Z,2026-05-23T19:00:00+0200,1424.647,MW,BE,BE,actual_solar_generation,Solar,2026-05-25T18:09:30Z
2026-05-25T18:09:20Z,2026-05-25T20:09:20+0200,63e771d2-a981-44c0-8af1-1f3e75b9ab6a,2026-05-23T18:00:00Z,2026-05-23T20:00:00+0200,473.077,MW,BE,BE,actual_solar_generation,Solar,2026-05-25T18:09:30Z
2026-05-25T18:09:20Z,2026-05-25T20:09:20+0200,63e771d2-a981-44c0-8af1-1f3e75b9ab6a,2026-05-23T19:00:00Z,2026-05-23T21:00:00+0200,13.67225,MW,BE,BE,actual_solar_generation,Solar,2026-05-25T18:09:30Z
2026-05-25T18:09:20Z,2026-05-25T20:09:20+0200,63e771d2-a981-44c0-8af1-1f3e75b9ab6a,2026-05-23T20:00:00Z,2026-05-23T22:00:00+0200,0.0,MW,BE,BE,actual_solar_generation,Solar,2026-05-25T18:09:30Z
2026-05-25T18:09:20Z,2026-05-25T20:09:20+0200,63e771d2-a981-44c0-8af1-1f3e75b9ab6a,2026-05-23T21:00:00Z,2026-05-23T23:00:00+0200,0.0,MW,BE,BE,actual_solar_generation,Solar,2026-05-25T18:09:30Z
2026-05-25T18:09:20Z,2026-05-25T20:09:20+0200,63e771d2-a981-44c0-8af1-1f3e75b9ab6a,2026-05-23T22:00:00Z,2026-05-24T00:00:00+0200,0.0,MW,BE,BE,actual_solar_generation,Solar,2026-05-25T18:09:30Z
2026-05-25T18:09:20Z,2026-05-25T20:09:20+0200,63e771d2-a981-44c0-8af1-1f3e75b9ab6a,2026-05-23T23:00:00Z,2026-05-24T01:00:00+0200,0.0,MW,BE,BE,actual_solar_generation,Solar,2026-05-25T18:09:30Z
2026-05-25T18:09:20Z,2026-05-25T20:09:20+0200,63e771d2-a981-44c0-8af1-1f3e75b9ab6a,2026-05-24T00:00:00Z,2026-05-24T02:00:00+0200,0.0,MW,BE,BE,actual_solar_generation,Solar,2026-05-25T18:09:30Z
2026-05-25T18:09:20Z,2026-05-25T20:09:20+0200,63e771d2-a981-44c0-8af1-1f3e75b9ab6a,2026-05-24T01:00:00Z,2026-05-24T03:00:00+0200,0.0,MW,BE,BE,actual_solar_generation,Solar,2026-05-25T18:09:30Z
2026-05-25T18:09:20Z,2026-05-25T20:09:20+0200,63e771d2-a981-44c0-8af1-1f3e75b9ab6a,2026-05-24T02:00:00Z,2026-05-24T04:00:00+0200,0.0,MW,BE,BE,actual_solar_generation,Solar,2026-05-25T18:09:30Z
2026-05-25T18:09:20Z,2026-05-25T20:09:20+0200,63e771d2-a981-44c0-8af1-1f3e75b9ab6a,2026-05-24T03:00:00Z,2026-05-24T05:00:00+0200,1.36,MW,BE,BE,actual_solar_generation,Solar,2026-05-25T18:09:30Z
2026-05-25T18:09:20Z,2026-05-25T20:09:20+0200,63e771d2-a981-44c0-8af1-1f3e75b9ab6a,2026-05-24T04:00:00Z,2026-05-24T06:00:00+0200,311.84025,MW,BE,BE,actual_solar_generation,Solar,2026-05-25T18:09:30Z
2026-05-25T18:09:20Z,2026-05-25T20:09:20+0200,63e771d2-a981-44c0-8af1-1f3e75b9ab6a,2026-05-24T05:00:00Z,2026-05-24T07:00:00+0200,1169.3865,MW,BE,BE,actual_solar_generation,Solar,2026-05-25T18:09:30Z
2026-05-25T18:09:20Z,2026-05-25T20:09:20+0200,63e771d2-a981-44c0-8af1-1f3e75b9ab6a,2026-05-24T06:00:00Z,2026-05-24T08:00:00+0200,2403.395,MW,BE,BE,actual_solar_generation,Solar,2026-05-25T18:09:30Z
2026-05-25T18:09:20Z,2026-05-25T20:09:20+0200,63e771d2-a981-44c0-8af1-1f3e75b9ab6a,2026-05-24T07:00:00Z,2026-05-24T09:00:00+0200,3885.4735,MW,BE,BE,actual_solar_generation,Solar,2026-05-25T18:09:30Z
2026-05-25T18:09:20Z,2026-05-25T20:09:20+0200,63e771d2-a981-44c0-8af1-1f3e75b9ab6a,2026-05-24T08:00:00Z,2026-05-24T10:00:00+0200,5507.24975,MW,BE,BE,actual_solar_generation,Solar,2026-05-25T18:09:30Z
2026-05-25T18:09:20Z,2026-05-25T20:09:20+0200,63e771d2-a981-44c0-8af1-1f3e75b9ab6a,2026-05-24T09:00:00Z,2026-05-24T11:00:00+0200,6807.04825,MW,BE,BE,actual_solar_generation,Solar,2026-05-25T18:09:30Z
2026-05-25T18:09:20Z,2026-05-25T20:09:20+0200,63e771d2-a981-44c0-8af1-1f3e75b9ab6a,2026-05-24T10:00:00Z,2026-05-24T12:00:00+0200,7715.97025,MW,BE,BE,actual_solar_generation,Solar,2026-05-25T18:09:30Z
2026-05-25T18:09:20Z,2026-05-25T20:09:20+0200,63e771d2-a981-44c0-8af1-1f3e75b9ab6a,2026-05-24T11:00:00Z,2026-05-24T13:00:00+0200,8027.1445,MW,BE,BE,actual_solar_generation,Solar,2026-05-25T18:09:30Z
2026-05-25T18:09:20Z,2026-05-25T20:09:20+0200,63e771d2-a981-44c0-8af1-1f3e75b9ab6a,2026-05-24T12:00:00Z,2026-05-24T14:00:00+0200,7858.3305,MW,BE,BE,actual_solar_generation,Solar,2026-05-25T18:09:30Z
2026-05-25T18:09:20Z,2026-05-25T20:09:20+0200,63e771d2-a981-44c0-8af1-1f3e75b9ab6a,2026-05-24T13:00:00Z,2026-05-24T15:00:00+0200,7140.576,MW,BE,BE,actual_solar_generation,Solar,2026-05-25T18:09:30Z
2026-05-25T18:09:20Z,2026-05-25T20:09:20+0200,63e771d2-a981-44c0-8af1-1f3e75b9ab6a,2026-05-24T14:00:00Z,2026-05-24T16:00:00+0200,5986.4315,MW,BE,BE,actual_solar_generation,Solar,2026-05-25T18:09:30Z
2026-05-25T18:09:20Z,2026-05-25T20:09:20+0200,63e771d2-a981-44c0-8af1-1f3e75b9ab6a,2026-05-24T15:00:00Z,2026-05-24T17:00:00+0200,4533.766,MW,BE,BE,actual_solar_generation,Solar,2026-05-25T18:09:30Z
2026-05-25T18:09:20Z,2026-05-25T20:09:20+0200,63e771d2-a981-44c0-8af1-1f3e75b9ab6a,2026-05-24T16:00:00Z,2026-05-24T18:00:00+0200,2870.77325,MW,BE,BE,actual_solar_generation,Solar,2026-05-25T18:09:30Z
2026-05-25T18:09:20Z,2026-05-25T20:09:20+0200,63e771d2-a981-44c0-8af1-1f3e75b9ab6a,2026-05-24T17:00:00Z,2026-05-24T19:00:00+0200,1566.20525,MW,BE,BE,actual_solar_generation,Solar,2026-05-25T18:09:30Z
2026-05-25T18:09:20Z,2026-05-25T20:09:20+0200,63e771d2-a981-44c0-8af1-1f3e75b9ab6a,2026-05-24T18:00:00Z,2026-05-24T20:00:00+0200,565.02175,MW,BE,BE,actual_solar_generation,Solar,2026-05-25T18:09:30Z
2026-05-25T18:09:20Z,2026-05-25T20:09:20+0200,63e771d2-a981-44c0-8af1-1f3e75b9ab6a,2026-05-24T19:00:00Z,2026-05-24T21:00:00+0200,61.82725,MW,BE,BE,actual_solar_generation,Solar,2026-05-25T18:09:30Z
2026-05-25T18:09:20Z,2026-05-25T20:09:20+0200,63e771d2-a981-44c0-8af1-1f3e75b9ab6a,2026-05-24T20:00:00Z,2026-05-24T22:00:00+0200,0.0,MW,BE,BE,actual_solar_generation,Solar,2026-05-25T18:09:30Z
2026-05-25T18:09:20Z,2026-05-25T20:09:20+0200,63e771d2-a981-44c0-8af1-1f3e75b9ab6a,2026-05-24T21:00:00Z,2026-05-24T23:00:00+0200,0.0,MW,BE,BE,actual_solar_generation,Solar,2026-05-25T18:09:30Z
2026-05-25T18:09:20Z,2026-05-25T20:09:20+0200,63e771d2-a981-44c0-8af1-1f3e75b9ab6a,2026-05-24T22:00:00Z,2026-05-25T00:00:00+0200,0.0,MW,BE,BE,actual_solar_generation,Solar,2026-05-25T18:09:30Z
2026-05-25T18:09:20Z,2026-05-25T20:09:20+0200,63e771d2-a981-44c0-8af1-1f3e75b9ab6a,2026-05-24T23:00:00Z,2026-05-25T01:00:00+0200,0.0,MW,BE,BE,actual_solar_generation,Solar,2026-05-25T18:09:30Z
2026-05-25T18:09:20Z,2026-05-25T20:09:20+0200,63e771d2-a981-44c0-8af1-1f3e75b9ab6a,2026-05-25T00:00:00Z,2026-05-25T02:00:00+0200,0.0,MW,BE,BE,actual_solar_generation,Solar,2026-05-25T18:09:30Z
2026-05-25T18:09:20Z,2026-05-25T20:09:20+0200,63e771d2-a981-44c0-8af1-1f3e75b9ab6a,2026-05-25T01:00:00Z,2026-05-25T03:00:00+0200,0.0,MW,BE,BE,actual_solar_generation,Solar,2026-05-25T18:09:30Z
2026-05-25T18:09:20Z,2026-05-25T20:09:20+0200,63e771d2-a981-44c0-8af1-1f3e75b9ab6a,2026-05-25T02:00:00Z,2026-05-25T04:00:00+0200,0.0,MW,BE,BE,actual_solar_generation,Solar,2026-05-25T18:09:30Z
2026-05-25T18:09:20Z,2026-05-25T20:09:20+0200,63e771d2-a981-44c0-8af1-1f3e75b9ab6a,2026-05-25T03:00:00Z,2026-05-25T05:00:00+0200,4.71675,MW,BE,BE,actual_solar_generation,Solar,2026-05-25T18:09:30Z
2026-05-25T18:09:20Z,2026-05-25T20:09:20+0200,63e771d2-a981-44c0-8af1-1f3e75b9ab6a,2026-05-25T04:00:00Z,2026-05-25T06:00:00+0200,333.47775,MW,BE,BE,actual_solar_generation,Solar,2026-05-25T18:09:30Z
2026-05-25T18:09:20Z,2026-05-25T20:09:20+0200,63e771d2-a981-44c0-8af1-1f3e75b9ab6a,2026-05-25T05:00:00Z,2026-05-25T07:00:00+0200,1305.52325,MW,BE,BE,actual_solar_generation,Solar,2026-05-25T18:09:30Z
2026-05-25T18:09:20Z,2026-05-25T20:09:20+0200,63e771d2-a981-44c0-8af1-1f3e75b9ab6a,2026-05-25T06:00:00Z,2026-05-25T08:00:00+0200,2627.15575,MW,BE,BE,actual_solar_generation,Solar,2026-05-25T18:09:30Z
2026-05-25T18:09:20Z,2026-05-25T20:09:20+0200,63e771d2-a981-44c0-8af1-1f3e75b9ab6a,2026-05-25T07:00:00Z,2026-05-25T09:00:00+0200,4285.338,MW,BE,BE,actual_solar_generation,Solar,2026-05-25T18:09:30Z
2026-05-25T18:09:20Z,2026-05-25T20:09:20+0200,63e771d2-a981-44c0-8af1-1f3e75b9ab6a,2026-05-25T08:00:00Z,2026-05-25T10:00:00+0200,5818.5455,MW,BE,BE,actual_solar_generation,Solar,2026-05-25T18:09:30Z
2026-05-25T18:09:20Z,2026-05-25T20:09:20+0200,63e771d2-a981-44c0-8af1-1f3e75b9ab6a,2026-05-25T09:00:00Z,2026-05-25T11:00:00+0200,7112.9325,MW,BE,BE,actual_solar_generation,Solar,2026-05-25T18:09:30Z
2026-05-25T18:09:20Z,2026-05-25T20:09:20+0200,63e771d2-a981-44c0-8af1-1f3e75b9ab6a,2026-05-25T10:00:00Z,2026-05-25T12:00:00+0200,7940.26525,MW,BE,BE,actual_solar_generation,Solar,2026-05-25T18:09:30Z
2026-05-25T18:09:20Z,2026-05-25T20:09:20+0200,63e771d2-a981-44c0-8af1-1f3e75b9ab6a,2026-05-25T11:00:00Z,2026-05-25T13:00:00+0200,8211.98575,MW,BE,BE,actual_solar_generation,Solar,2026-05-25T18:09:30Z
2026-05-25T18:09:20Z,2026-05-25T20:09:20+0200,63e771d2-a981-44c0-8af1-1f3e75b9ab6a,2026-05-25T12:00:00Z,2026-05-25T14:00:00+0200,8067.51375,MW,BE,BE,actual_solar_generation,Solar,2026-05-25T18:09:30Z
2026-05-25T18:09:20Z,2026-05-25T20:09:20+0200,63e771d2-a981-44c0-8af1-1f3e75b9ab6a,2026-05-25T13:00:00Z,2026-05-25T15:00:00+0200,7396.4805,MW,BE,BE,actual_solar_generation,Solar,2026-05-25T18:09:30Z
2026-05-25T18:09:20Z,2026-05-25T20:09:20+0200,63e771d2-a981-44c0-8af1-1f3e75b9ab6a,2026-05-25T14:00:00Z,2026-05-25T16:00:00+0200,6273.81875,MW,BE,BE,actual_solar_generation,Solar,2026-05-25T18:09:30Z
2026-05-25T18:09:20Z,2026-05-25T20:09:20+0200,63e771d2-a981-44c0-8af1-1f3e75b9ab6a,2026-05-25T15:00:00Z,2026-05-25T17:00:00+0200,4727.0295,MW,BE,BE,actual_solar_generation,Solar,2026-05-25T18:09:30Z
2026-05-25T18:09:20Z,2026-05-25T20:09:20+0200,63e771d2-a981-44c0-8af1-1f3e75b9ab6a,2026-05-25T16:00:00Z,2026-05-25T18:00:00+0200,3103.19075,MW,BE,BE,actual_solar_generation,Solar,2026-05-25T18:09:30Z
