collection_time_utc,collection_time_local,run_id,timestamp_utc,timestamp_local,value,unit,country,entsoe_area,variable,source,updated_at_utc
2026-09-15T14:34:43Z,2026-09-15T16:34:43+0200,a281d7c7-91db-4948-89d6-57b39d710a92,2026-09-08T14:45:00Z,2026-09-08T16:45:00+0200,139.8,EUR/MWh,DE,DE_LU,day_ahead_price,value,2026-09-15T14:37:03Z
2026-09-15T14:34:43Z,2026-09-15T16:34:43+0200,a281d7c7-91db-4948-89d6-57b39d710a92,2026-09-08T15:00:00Z,2026-09-08T17:00:00+0200,110.2,EUR/MWh,DE,DE_LU,day_ahead_price,value,2026-09-15T14:37:03Z
2026-09-15T14:34:43Z,2026-09-15T16:34:43+0200,a281d7c7-91db-4948-89d6-57b39d710a92,2026-09-08T15:15:00Z,2026-09-08T17:15:00+0200,144.49,EUR/MWh,DE,DE_LU,day_ahead_price,value,2026-09-15T14:37:03Z
2026-09-15T14:34:43Z,2026-09-15T16:34:43+0200,a281d7c7-91db-4948-89d6-57b39d710a92,2026-09-08T15:30:00Z,2026-09-08T17:30:00+0200,171.67,EUR/MWh,DE,DE_LU,day_ahead_price,value,2026-09-15T14:37:03Z
2026-09-15T14:34:43Z,2026-09-15T16:34:43+0200,a281d7c7-91db-4948-89d6-57b39d710a92,2026-09-08T15:45:00Z,2026-09-08T17:45:00+0200,210.11,EUR/MWh,DE,DE_LU,day_ahead_price,value,2026-09-15T14:37:03Z
2026-09-15T14:34:43Z,2026-09-15T16:34:43+0200,a281d7c7-91db-4948-89d6-57b39d710a92,2026-09-08T16:00:00Z,2026-09-08T18:00:00+0200,157.42,EUR/MWh,DE,DE_LU,day_ahead_price,value,2026-09-15T14:37:03Z
2026-09-15T14:34:43Z,2026-09-15T16:34:43+0200,a281d7c7-91db-4948-89d6-57b39d710a92,2026-09-08T16:15:00Z,2026-09-08T18:15:00+0200,199.94,EUR/MWh,DE,DE_LU,day_ahead_price,value,2026-09-15T14:37:03Z
2026-09-15T14:34:43Z,2026-09-15T16:34:43+0200,a281d7c7-91db-4948-89d6-57b39d710a92,2026-09-08T16:30:00Z,2026-09-08T18:30:00+0200,209.0,EUR/MWh,DE,DE_LU,day_ahead_price,value,2026-09-15T14:37:03Z
2026-09-15T14:34:43Z,2026-09-15T16:34:43+0200,a281d7c7-91db-4948-89d6-57b39d710a92,2026-09-08T16:45:00Z,2026-09-08T18:45:00+0200,235.96,EUR/MWh,DE,DE_LU,day_ahead_price,value,2026-09-15T14:37:03Z
2026-09-15T14:34:43Z,2026-09-15T16:34:43+0200,a281d7c7-91db-4948-89d6-57b39d710a92,2026-09-08T17:00:00Z,2026-09-08T19:00:00+0200,213.0,EUR/MWh,DE,DE_LU,day_ahead_price,value,2026-09-15T14:37:03Z
2026-09-15T14:34:43Z,2026-09-15T16:34:43+0200,a281d7c7-91db-4948-89d6-57b39d710a92,2026-09-08T17:15:00Z,2026-09-08T19:15:00+0200,229.32,EUR/MWh,DE,DE_LU,day_ahead_price,value,2026-09-15T14:37:03Z
2026-09-15T14:34:43Z,2026-09-15T16:34:43+0200,a281d7c7-91db-4948-89d6-57b39d710a92,2026-09-08T17:30:00Z,2026-09-08T19:30:00+0200,254.26,EUR/MWh,DE,DE_LU,day_ahead_price,value,2026-09-15T14:37:03Z
2026-09-15T14:34:43Z,2026-09-15T16:34:43+0200,a281d7c7-91db-4948-89d6-57b39d710a92,2026-09-08T17:45:00Z,2026-09-08T19:45:00+0200,266.45,EUR/MWh,DE,DE_LU,day_ahead_price,value,2026-09-15T14:37:03Z
2026-09-15T14:34:43Z,2026-09-15T16:34:43+0200,a281d7c7-91db-4948-89d6-57b39d710a92,2026-09-08T18:00:00Z,2026-09-08T20:00:00+0200,271.63,EUR/MWh,DE,DE_LU,day_ahead_price,value,2026-09-15T14:37:03Z
2026-09-15T14:34:43Z,2026-09-15T16:34:43+0200,a281d7c7-91db-4948-89d6-57b39d710a92,2026-09-08T18:15:00Z,2026-09-08T20:15:00+0200,266.83,EUR/MWh,DE,DE_LU,day_ahead_price,value,2026-09-15T14:37:03Z
2026-09-15T14:34:43Z,2026-09-15T16:34:43+0200,a281d7c7-91db-4948-89d6-57b39d710a92,2026-09-08T18:30:00Z,2026-09-08T20:30:00+0200,255.57,EUR/MWh,DE,DE_LU,day_ahead_price,value,2026-09-15T14:37:03Z
2026-09-15T14:34:43Z,2026-09-15T16:34:43+0200,a281d7c7-91db-4948-89d6-57b39d710a92,2026-09-08T18:45:00Z,2026-09-08T20:45:00+0200,235.31,EUR/MWh,DE,DE_LU,day_ahead_price,value,2026-09-15T14:37:03Z
2026-09-15T14:34:43Z,2026-09-15T16:34:43+0200,a281d7c7-91db-4948-89d6-57b39d710a92,2026-09-08T19:00:00Z,2026-09-08T21:00:00+0200,245.31,EUR/MWh,DE,DE_LU,day_ahead_price,value,2026-09-15T14:37:03Z
2026-09-15T14:34:43Z,2026-09-15T16:34:43+0200,a281d7c7-91db-4948-89d6-57b39d710a92,2026-09-08T19:15:00Z,2026-09-08T21:15:00+0200,221.84,EUR/MWh,DE,DE_LU,day_ahead_price,value,2026-09-15T14:37:03Z
2026-09-15T14:34:43Z,2026-09-15T16:34:43+0200,a281d7c7-91db-4948-89d6-57b39d710a92,2026-09-08T19:30:00Z,2026-09-08T21:30:00+0200,211.61,EUR/MWh,DE,DE_LU,day_ahead_price,value,2026-09-15T14:37:03Z
2026-09-15T14:34:43Z,2026-09-15T16:34:43+0200,a281d7c7-91db-4948-89d6-57b39d710a92,2026-09-08T19:45:00Z,2026-09-08T21:45:00+0200,197.0,EUR/MWh,DE,DE_LU,day_ahead_price,value,2026-09-15T14:37:03Z
2026-09-15T14:34:43Z,2026-09-15T16:34:43+0200,a281d7c7-91db-4948-89d6-57b39d710a92,2026-09-08T20:00:00Z,2026-09-08T22:00:00+0200,206.91,EUR/MWh,DE,DE_LU,day_ahead_price,value,2026-09-15T14:37:03Z
2026-09-15T14:34:43Z,2026-09-15T16:34:43+0200,a281d7c7-91db-4948-89d6-57b39d710a92,2026-09-08T20:15:00Z,2026-09-08T22:15:00+0200,197.09,EUR/MWh,DE,DE_LU,day_ahead_price,value,2026-09-15T14:37:03Z
2026-09-15T14:34:43Z,2026-09-15T16:34:43+0200,a281d7c7-91db-4948-89d6-57b39d710a92,2026-09-08T20:30:00Z,2026-09-08T22:30:00+0200,194.25,EUR/MWh,DE,DE_LU,day_ahead_price,value,2026-09-15T14:37:03Z
2026-09-15T14:34:43Z,2026-09-15T16:34:43+0200,a281d7c7-91db-4948-89d6-57b39d710a92,2026-09-08T20:45:00Z,2026-09-08T22:45:00+0200,185.77,EUR/MWh,DE,DE_LU,day_ahead_price,value,2026-09-15T14:37:03Z
2026-09-15T14:34:43Z,2026-09-15T16:34:43+0200,a281d7c7-91db-4948-89d6-57b39d710a92,2026-09-08T21:00:00Z,2026-09-08T23:00:00+0200,191.0,EUR/MWh,DE,DE_LU,day_ahead_price,value,2026-09-15T14:37:03Z
2026-09-15T14:34:43Z,2026-09-15T16:34:43+0200,a281d7c7-91db-4948-89d6-57b39d710a92,2026-09-08T21:15:00Z,2026-09-08T23:15:00+0200,180.44,EUR/MWh,DE,DE_LU,day_ahead_price,value,2026-09-15T14:37:03Z
2026-09-15T14:34:43Z,2026-09-15T16:34:43+0200,a281d7c7-91db-4948-89d6-57b39d710a92,2026-09-08T21:30:00Z,2026-09-08T23:30:00+0200,177.02,EUR/MWh,DE,DE_LU,day_ahead_price,value,2026-09-15T14:37:03Z
2026-09-15T14:34:43Z,2026-09-15T16:34:43+0200,a281d7c7-91db-4948-89d6-57b39d710a92,2026-09-08T21:45:00Z,2026-09-08T23:45:00+0200,161.33,EUR/MWh,DE,DE_LU,day_ahead_price,value,2026-09-15T14:37:03Z
2026-09-15T14:34:43Z,2026-09-15T16:34:43+0200,a281d7c7-91db-4948-89d6-57b39d710a92,2026-09-08T22:00:00Z,2026-09-09T00:00:00+0200,150.34,EUR/MWh,DE,DE_LU,day_ahead_price,value,2026-09-15T14:37:03Z
2026-09-15T14:34:43Z,2026-09-15T16:34:43+0200,a281d7c7-91db-4948-89d6-57b39d710a92,2026-09-08T22:15:00Z,2026-09-09T00:15:00+0200,151.09,EUR/MWh,DE,DE_LU,day_ahead_price,value,2026-09-15T14:37:03Z
2026-09-15T14:34:43Z,2026-09-15T16:34:43+0200,a281d7c7-91db-4948-89d6-57b39d710a92,2026-09-08T22:30:00Z,2026-09-09T00:30:00+0200,150.92,EUR/MWh,DE,DE_LU,day_ahead_price,value,2026-09-15T14:37:03Z
2026-09-15T14:34:43Z,2026-09-15T16:34:43+0200,a281d7c7-91db-4948-89d6-57b39d710a92,2026-09-08T22:45:00Z,2026-09-09T00:45:00+0200,147.48,EUR/MWh,DE,DE_LU,day_ahead_price,value,2026-09-15T14:37:03Z
2026-09-15T14:34:43Z,2026-09-15T16:34:43+0200,a281d7c7-91db-4948-89d6-57b39d710a92,2026-09-08T23:00:00Z,2026-09-09T01:00:00+0200,152.62,EUR/MWh,DE,DE_LU,day_ahead_price,value,2026-09-15T14:37:03Z
2026-09-15T14:34:43Z,2026-09-15T16:34:43+0200,a281d7c7-91db-4948-89d6-57b39d710a92,2026-09-08T23:15:00Z,2026-09-09T01:15:00+0200,146.63,EUR/MWh,DE,DE_LU,day_ahead_price,value,2026-09-15T14:37:03Z
2026-09-15T14:34:43Z,2026-09-15T16:34:43+0200,a281d7c7-91db-4948-89d6-57b39d710a92,2026-09-08T23:30:00Z,2026-09-09T01:30:00+0200,143.25,EUR/MWh,DE,DE_LU,day_ahead_price,value,2026-09-15T14:37:03Z
2026-09-15T14:34:43Z,2026-09-15T16:34:43+0200,a281d7c7-91db-4948-89d6-57b39d710a92,2026-09-08T23:45:00Z,2026-09-09T01:45:00+0200,140.79,EUR/MWh,DE,DE_LU,day_ahead_price,value,2026-09-15T14:37:03Z
2026-09-15T14:34:43Z,2026-09-15T16:34:43+0200,a281d7c7-91db-4948-89d6-57b39d710a92,2026-09-09T00:00:00Z,2026-09-09T02:00:00+0200,146.76,EUR/MWh,DE,DE_LU,day_ahead_price,value,2026-09-15T14:37:03Z
2026-09-15T14:34:43Z,2026-09-15T16:34:43+0200,a281d7c7-91db-4948-89d6-57b39d710a92,2026-09-09T00:15:00Z,2026-09-09T02:15:00+0200,145.21,EUR/MWh,DE,DE_LU,day_ahead_price,value,2026-09-15T14:37:03Z
2026-09-15T14:34:43Z,2026-09-15T16:34:43+0200,a281d7c7-91db-4948-89d6-57b39d710a92,2026-09-09T00:30:00Z,2026-09-09T02:30:00+0200,142.41,EUR/MWh,DE,DE_LU,day_ahead_price,value,2026-09-15T14:37:03Z
2026-09-15T14:34:43Z,2026-09-15T16:34:43+0200,a281d7c7-91db-4948-89d6-57b39d710a92,2026-09-09T00:45:00Z,2026-09-09T02:45:00+0200,138.97,EUR/MWh,DE,DE_LU,day_ahead_price,value,2026-09-15T14:37:03Z
2026-09-15T14:34:43Z,2026-09-15T16:34:43+0200,a281d7c7-91db-4948-89d6-57b39d710a92,2026-09-09T01:00:00Z,2026-09-09T03:00:00+0200,144.03,EUR/MWh,DE,DE_LU,day_ahead_price,value,2026-09-15T14:37:03Z
2026-09-15T14:34:43Z,2026-09-15T16:34:43+0200,a281d7c7-91db-4948-89d6-57b39d710a92,2026-09-09T01:15:00Z,2026-09-09T03:15:00+0200,138.76,EUR/MWh,DE,DE_LU,day_ahead_price,value,2026-09-15T14:37:03Z
2026-09-15T14:34:43Z,2026-09-15T16:34:43+0200,a281d7c7-91db-4948-89d6-57b39d710a92,2026-09-09T01:30:00Z,2026-09-09T03:30:00+0200,138.11,EUR/MWh,DE,DE_LU,day_ahead_price,value,2026-09-15T14:37:03Z
2026-09-15T14:34:43Z,2026-09-15T16:34:43+0200,a281d7c7-91db-4948-89d6-57b39d710a92,2026-09-09T01:45:00Z,2026-09-09T03:45:00+0200,137.01,EUR/MWh,DE,DE_LU,day_ahead_price,value,2026-09-15T14:37:03Z
2026-09-15T14:34:43Z,2026-09-15T16:34:43+0200,a281d7c7-91db-4948-89d6-57b39d710a92,2026-09-09T02:00:00Z,2026-09-09T04:00:00+0200,138.46,EUR/MWh,DE,DE_LU,day_ahead_price,value,2026-09-15T14:37:03Z
2026-09-15T14:34:43Z,2026-09-15T16:34:43+0200,a281d7c7-91db-4948-89d6-57b39d710a92,2026-09-09T02:15:00Z,2026-09-09T04:15:00+0200,137.92,EUR/MWh,DE,DE_LU,day_ahead_price,value,2026-09-15T14:37:03Z
2026-09-15T14:34:43Z,2026-09-15T16:34:43+0200,a281d7c7-91db-4948-89d6-57b39d710a92,2026-09-09T02:30:00Z,2026-09-09T04:30:00+0200,137.41,EUR/MWh,DE,DE_LU,day_ahead_price,value,2026-09-15T14:37:03Z
2026-09-15T14:34:43Z,2026-09-15T16:34:43+0200,a281d7c7-91db-4948-89d6-57b39d710a92,2026-09-09T02:45:00Z,2026-09-09T04:45:00+0200,137.65,EUR/MWh,DE,DE_LU,day_ahead_price,value,2026-09-15T14:37:03Z
2026-09-15T14:34:43Z,2026-09-15T16:34:43+0200,a281d7c7-91db-4948-89d6-57b39d710a92,2026-09-09T03:00:00Z,2026-09-09T05:00:00+0200,136.91,EUR/MWh,DE,DE_LU,day_ahead_price,value,2026-09-15T14:37:03Z
2026-09-15T14:34:43Z,2026-09-15T16:34:43+0200,a281d7c7-91db-4948-89d6-57b39d710a92,2026-09-09T03:15:00Z,2026-09-09T05:15:00+0200,138.57,EUR/MWh,DE,DE_LU,day_ahead_price,value,2026-09-15T14:37:03Z
2026-09-15T14:34:43Z,2026-09-15T16:34:43+0200,a281d7c7-91db-4948-89d6-57b39d710a92,2026-09-09T03:30:00Z,2026-09-09T05:30:00+0200,144.07,EUR/MWh,DE,DE_LU,day_ahead_price,value,2026-09-15T14:37:03Z
2026-09-15T14:34:43Z,2026-09-15T16:34:43+0200,a281d7c7-91db-4948-89d6-57b39d710a92,2026-09-09T03:45:00Z,2026-09-09T05:45:00+0200,149.94,EUR/MWh,DE,DE_LU,day_ahead_price,value,2026-09-15T14:37:03Z
2026-09-15T14:34:43Z,2026-09-15T16:34:43+0200,a281d7c7-91db-4948-89d6-57b39d710a92,2026-09-09T04:00:00Z,2026-09-09T06:00:00+0200,154.12,EUR/MWh,DE,DE_LU,day_ahead_price,value,2026-09-15T14:37:03Z
2026-09-15T14:34:43Z,2026-09-15T16:34:43+0200,a281d7c7-91db-4948-89d6-57b39d710a92,2026-09-09T04:15:00Z,2026-09-09T06:15:00+0200,174.92,EUR/MWh,DE,DE_LU,day_ahead_price,value,2026-09-15T14:37:03Z
2026-09-15T14:34:43Z,2026-09-15T16:34:43+0200,a281d7c7-91db-4948-89d6-57b39d710a92,2026-09-09T04:30:00Z,2026-09-09T06:30:00+0200,178.94,EUR/MWh,DE,DE_LU,day_ahead_price,value,2026-09-15T14:37:03Z
2026-09-15T14:34:43Z,2026-09-15T16:34:43+0200,a281d7c7-91db-4948-89d6-57b39d710a92,2026-09-09T04:45:00Z,2026-09-09T06:45:00+0200,188.04,EUR/MWh,DE,DE_LU,day_ahead_price,value,2026-09-15T14:37:03Z
2026-09-15T14:34:43Z,2026-09-15T16:34:43+0200,a281d7c7-91db-4948-89d6-57b39d710a92,2026-09-09T05:00:00Z,2026-09-09T07:00:00+0200,201.75,EUR/MWh,DE,DE_LU,day_ahead_price,value,2026-09-15T14:37:03Z
2026-09-15T14:34:43Z,2026-09-15T16:34:43+0200,a281d7c7-91db-4948-89d6-57b39d710a92,2026-09-09T05:15:00Z,2026-09-09T07:15:00+0200,200.21,EUR/MWh,DE,DE_LU,day_ahead_price,value,2026-09-15T14:37:03Z
2026-09-15T14:34:43Z,2026-09-15T16:34:43+0200,a281d7c7-91db-4948-89d6-57b39d710a92,2026-09-09T05:30:00Z,2026-09-09T07:30:00+0200,199.92,EUR/MWh,DE,DE_LU,day_ahead_price,value,2026-09-15T14:37:03Z
2026-09-15T14:34:43Z,2026-09-15T16:34:43+0200,a281d7c7-91db-4948-89d6-57b39d710a92,2026-09-09T05:45:00Z,2026-09-09T07:45:00+0200,197.18,EUR/MWh,DE,DE_LU,day_ahead_price,value,2026-09-15T14:37:03Z
2026-09-15T14:34:43Z,2026-09-15T16:34:43+0200,a281d7c7-91db-4948-89d6-57b39d710a92,2026-09-09T06:00:00Z,2026-09-09T08:00:00+0200,220.07,EUR/MWh,DE,DE_LU,day_ahead_price,value,2026-09-15T14:37:03Z
2026-09-15T14:34:43Z,2026-09-15T16:34:43+0200,a281d7c7-91db-4948-89d6-57b39d710a92,2026-09-09T06:15:00Z,2026-09-09T08:15:00+0200,202.0,EUR/MWh,DE,DE_LU,day_ahead_price,value,2026-09-15T14:37:03Z
2026-09-15T14:34:43Z,2026-09-15T16:34:43+0200,a281d7c7-91db-4948-89d6-57b39d710a92,2026-09-09T06:30:00Z,2026-09-09T08:30:00+0200,196.01,EUR/MWh,DE,DE_LU,day_ahead_price,value,2026-09-15T14:37:03Z
2026-09-15T14:34:43Z,2026-09-15T16:34:43+0200,a281d7c7-91db-4948-89d6-57b39d710a92,2026-09-09T06:45:00Z,2026-09-09T08:45:00+0200,173.85,EUR/MWh,DE,DE_LU,day_ahead_price,value,2026-09-15T14:37:03Z
2026-09-15T14:34:43Z,2026-09-15T16:34:43+0200,a281d7c7-91db-4948-89d6-57b39d710a92,2026-09-09T07:00:00Z,2026-09-09T09:00:00+0200,195.0,EUR/MWh,DE,DE_LU,day_ahead_price,value,2026-09-15T14:37:03Z
2026-09-15T14:34:43Z,2026-09-15T16:34:43+0200,a281d7c7-91db-4948-89d6-57b39d710a92,2026-09-09T07:15:00Z,2026-09-09T09:15:00+0200,163.76,EUR/MWh,DE,DE_LU,day_ahead_price,value,2026-09-15T14:37:03Z
2026-09-15T14:34:43Z,2026-09-15T16:34:43+0200,a281d7c7-91db-4948-89d6-57b39d710a92,2026-09-09T07:30:00Z,2026-09-09T09:30:00+0200,148.21,EUR/MWh,DE,DE_LU,day_ahead_price,value,2026-09-15T14:37:03Z
2026-09-15T14:34:43Z,2026-09-15T16:34:43+0200,a281d7c7-91db-4948-89d6-57b39d710a92,2026-09-09T07:45:00Z,2026-09-09T09:45:00+0200,135.06,EUR/MWh,DE,DE_LU,day_ahead_price,value,2026-09-15T14:37:03Z
2026-09-15T14:34:43Z,2026-09-15T16:34:43+0200,a281d7c7-91db-4948-89d6-57b39d710a92,2026-09-09T08:00:00Z,2026-09-09T10:00:00+0200,137.55,EUR/MWh,DE,DE_LU,day_ahead_price,value,2026-09-15T14:37:03Z
2026-09-15T14:34:43Z,2026-09-15T16:34:43+0200,a281d7c7-91db-4948-89d6-57b39d710a92,2026-09-09T08:15:00Z,2026-09-09T10:15:00+0200,132.12,EUR/MWh,DE,DE_LU,day_ahead_price,value,2026-09-15T14:37:03Z
2026-09-15T14:34:43Z,2026-09-15T16:34:43+0200,a281d7c7-91db-4948-89d6-57b39d710a92,2026-09-09T08:30:00Z,2026-09-09T10:30:00+0200,123.27,EUR/MWh,DE,DE_LU,day_ahead_price,value,2026-09-15T14:37:03Z
2026-09-15T14:34:43Z,2026-09-15T16:34:43+0200,a281d7c7-91db-4948-89d6-57b39d710a92,2026-09-09T08:45:00Z,2026-09-09T10:45:00+0200,100.61,EUR/MWh,DE,DE_LU,day_ahead_price,value,2026-09-15T14:37:03Z
2026-09-15T14:34:43Z,2026-09-15T16:34:43+0200,a281d7c7-91db-4948-89d6-57b39d710a92,2026-09-09T09:00:00Z,2026-09-09T11:00:00+0200,123.16,EUR/MWh,DE,DE_LU,day_ahead_price,value,2026-09-15T14:37:03Z
2026-09-15T14:34:43Z,2026-09-15T16:34:43+0200,a281d7c7-91db-4948-89d6-57b39d710a92,2026-09-09T09:15:00Z,2026-09-09T11:15:00+0200,108.99,EUR/MWh,DE,DE_LU,day_ahead_price,value,2026-09-15T14:37:03Z
2026-09-15T14:34:43Z,2026-09-15T16:34:43+0200,a281d7c7-91db-4948-89d6-57b39d710a92,2026-09-09T09:30:00Z,2026-09-09T11:30:00+0200,92.16,EUR/MWh,DE,DE_LU,day_ahead_price,value,2026-09-15T14:37:03Z
2026-09-15T14:34:43Z,2026-09-15T16:34:43+0200,a281d7c7-91db-4948-89d6-57b39d710a92,2026-09-09T09:45:00Z,2026-09-09T11:45:00+0200,79.98,EUR/MWh,DE,DE_LU,day_ahead_price,value,2026-09-15T14:37:03Z
2026-09-15T14:34:43Z,2026-09-15T16:34:43+0200,a281d7c7-91db-4948-89d6-57b39d710a92,2026-09-09T10:00:00Z,2026-09-09T12:00:00+0200,108.56,EUR/MWh,DE,DE_LU,day_ahead_price,value,2026-09-15T14:37:03Z
2026-09-15T14:34:43Z,2026-09-15T16:34:43+0200,a281d7c7-91db-4948-89d6-57b39d710a92,2026-09-09T10:15:00Z,2026-09-09T12:15:00+0200,87.89,EUR/MWh,DE,DE_LU,day_ahead_price,value,2026-09-15T14:37:03Z
2026-09-15T14:34:43Z,2026-09-15T16:34:43+0200,a281d7c7-91db-4948-89d6-57b39d710a92,2026-09-09T10:30:00Z,2026-09-09T12:30:00+0200,83.47,EUR/MWh,DE,DE_LU,day_ahead_price,value,2026-09-15T14:37:03Z
2026-09-15T14:34:43Z,2026-09-15T16:34:43+0200,a281d7c7-91db-4948-89d6-57b39d710a92,2026-09-09T10:45:00Z,2026-09-09T12:45:00+0200,72.24,EUR/MWh,DE,DE_LU,day_ahead_price,value,2026-09-15T14:37:03Z
2026-09-15T14:34:43Z,2026-09-15T16:34:43+0200,a281d7c7-91db-4948-89d6-57b39d710a92,2026-09-09T11:00:00Z,2026-09-09T13:00:00+0200,79.59,EUR/MWh,DE,DE_LU,day_ahead_price,value,2026-09-15T14:37:03Z
2026-09-15T14:34:43Z,2026-09-15T16:34:43+0200,a281d7c7-91db-4948-89d6-57b39d710a92,2026-09-09T11:15:00Z,2026-09-09T13:15:00+0200,70.35,EUR/MWh,DE,DE_LU,day_ahead_price,value,2026-09-15T14:37:03Z
2026-09-15T14:34:43Z,2026-09-15T16:34:43+0200,a281d7c7-91db-4948-89d6-57b39d710a92,2026-09-09T11:30:00Z,2026-09-09T13:30:00+0200,62.04,EUR/MWh,DE,DE_LU,day_ahead_price,value,2026-09-15T14:37:03Z
2026-09-15T14:34:43Z,2026-09-15T16:34:43+0200,a281d7c7-91db-4948-89d6-57b39d710a92,2026-09-09T11:45:00Z,2026-09-09T13:45:00+0200,56.34,EUR/MWh,DE,DE_LU,day_ahead_price,value,2026-09-15T14:37:03Z
2026-09-15T14:34:43Z,2026-09-15T16:34:43+0200,a281d7c7-91db-4948-89d6-57b39d710a92,2026-09-09T12:00:00Z,2026-09-09T14:00:00+0200,60.85,EUR/MWh,DE,DE_LU,day_ahead_price,value,2026-09-15T14:37:03Z
2026-09-15T14:34:43Z,2026-09-15T16:34:43+0200,a281d7c7-91db-4948-89d6-57b39d710a92,2026-09-09T12:15:00Z,2026-09-09T14:15:00+0200,62.65,EUR/MWh,DE,DE_LU,day_ahead_price,value,2026-09-15T14:37:03Z
2026-09-15T14:34:43Z,2026-09-15T16:34:43+0200,a281d7c7-91db-4948-89d6-57b39d710a92,2026-09-09T12:30:00Z,2026-09-09T14:30:00+0200,60.45,EUR/MWh,DE,DE_LU,day_ahead_price,value,2026-09-15T14:37:03Z
2026-09-15T14:34:43Z,2026-09-15T16:34:43+0200,a281d7c7-91db-4948-89d6-57b39d710a92,2026-09-09T12:45:00Z,2026-09-09T14:45:00+0200,62.33,EUR/MWh,DE,DE_LU,day_ahead_price,value,2026-09-15T14:37:03Z
2026-09-15T14:34:43Z,2026-09-15T16:34:43+0200,a281d7c7-91db-4948-89d6-57b39d710a92,2026-09-09T13:00:00Z,2026-09-09T15:00:00+0200,60.42,EUR/MWh,DE,DE_LU,day_ahead_price,value,2026-09-15T14:37:03Z
2026-09-15T14:34:43Z,2026-09-15T16:34:43+0200,a281d7c7-91db-4948-89d6-57b39d710a92,2026-09-09T13:15:00Z,2026-09-09T15:15:00+0200,69.59,EUR/MWh,DE,DE_LU,day_ahead_price,value,2026-09-15T14:37:03Z
2026-09-15T14:34:43Z,2026-09-15T16:34:43+0200,a281d7c7-91db-4948-89d6-57b39d710a92,2026-09-09T13:30:00Z,2026-09-09T15:30:00+0200,78.26,EUR/MWh,DE,DE_LU,day_ahead_price,value,2026-09-15T14:37:03Z
2026-09-15T14:34:43Z,2026-09-15T16:34:43+0200,a281d7c7-91db-4948-89d6-57b39d710a92,2026-09-09T13:45:00Z,2026-09-09T15:45:00+0200,83.48,EUR/MWh,DE,DE_LU,day_ahead_price,value,2026-09-15T14:37:03Z
2026-09-15T14:34:43Z,2026-09-15T16:34:43+0200,a281d7c7-91db-4948-89d6-57b39d710a92,2026-09-09T14:00:00Z,2026-09-09T16:00:00+0200,64.69,EUR/MWh,DE,DE_LU,day_ahead_price,value,2026-09-15T14:37:03Z
2026-09-15T14:34:43Z,2026-09-15T16:34:43+0200,a281d7c7-91db-4948-89d6-57b39d710a92,2026-09-09T14:15:00Z,2026-09-09T16:15:00+0200,82.99,EUR/MWh,DE,DE_LU,day_ahead_price,value,2026-09-15T14:37:03Z
2026-09-15T14:34:43Z,2026-09-15T16:34:43+0200,a281d7c7-91db-4948-89d6-57b39d710a92,2026-09-09T14:30:00Z,2026-09-09T16:30:00+0200,111.51,EUR/MWh,DE,DE_LU,day_ahead_price,value,2026-09-15T14:37:03Z
2026-09-15T14:34:43Z,2026-09-15T16:34:43+0200,a281d7c7-91db-4948-89d6-57b39d710a92,2026-09-09T14:45:00Z,2026-09-09T16:45:00+0200,123.21,EUR/MWh,DE,DE_LU,day_ahead_price,value,2026-09-15T14:37:03Z
2026-09-15T14:34:43Z,2026-09-15T16:34:43+0200,a281d7c7-91db-4948-89d6-57b39d710a92,2026-09-09T15:00:00Z,2026-09-09T17:00:00+0200,106.31,EUR/MWh,DE,DE_LU,day_ahead_price,value,2026-09-15T14:37:03Z
2026-09-15T14:34:43Z,2026-09-15T16:34:43+0200,a281d7c7-91db-4948-89d6-57b39d710a92,2026-09-09T15:15:00Z,2026-09-09T17:15:00+0200,129.12,EUR/MWh,DE,DE_LU,day_ahead_price,value,2026-09-15T14:37:03Z
2026-09-15T14:34:43Z,2026-09-15T16:34:43+0200,a281d7c7-91db-4948-89d6-57b39d710a92,2026-09-09T15:30:00Z,2026-09-09T17:30:00+0200,140.54,EUR/MWh,DE,DE_LU,day_ahead_price,value,2026-09-15T14:37:03Z
2026-09-15T14:34:43Z,2026-09-15T16:34:43+0200,a281d7c7-91db-4948-89d6-57b39d710a92,2026-09-09T15:45:00Z,2026-09-09T17:45:00+0200,152.26,EUR/MWh,DE,DE_LU,day_ahead_price,value,2026-09-15T14:37:03Z
2026-09-15T14:34:43Z,2026-09-15T16:34:43+0200,a281d7c7-91db-4948-89d6-57b39d710a92,2026-09-09T16:00:00Z,2026-09-09T18:00:00+0200,138.21,EUR/MWh,DE,DE_LU,day_ahead_price,value,2026-09-15T14:37:03Z
2026-09-15T14:34:43Z,2026-09-15T16:34:43+0200,a281d7c7-91db-4948-89d6-57b39d710a92,2026-09-09T16:15:00Z,2026-09-09T18:15:00+0200,167.25,EUR/MWh,DE,DE_LU,day_ahead_price,value,2026-09-15T14:37:03Z
2026-09-15T14:34:43Z,2026-09-15T16:34:43+0200,a281d7c7-91db-4948-89d6-57b39d710a92,2026-09-09T16:30:00Z,2026-09-09T18:30:00+0200,187.65,EUR/MWh,DE,DE_LU,day_ahead_price,value,2026-09-15T14:37:03Z
2026-09-15T14:34:43Z,2026-09-15T16:34:43+0200,a281d7c7-91db-4948-89d6-57b39d710a92,2026-09-09T16:45:00Z,2026-09-09T18:45:00+0200,201.63,EUR/MWh,DE,DE_LU,day_ahead_price,value,2026-09-15T14:37:03Z
2026-09-15T14:34:43Z,2026-09-15T16:34:43+0200,a281d7c7-91db-4948-89d6-57b39d710a92,2026-09-09T17:00:00Z,2026-09-09T19:00:00+0200,197.52,EUR/MWh,DE,DE_LU,day_ahead_price,value,2026-09-15T14:37:03Z
2026-09-15T14:34:43Z,2026-09-15T16:34:43+0200,a281d7c7-91db-4948-89d6-57b39d710a92,2026-09-09T17:15:00Z,2026-09-09T19:15:00+0200,202.25,EUR/MWh,DE,DE_LU,day_ahead_price,value,2026-09-15T14:37:03Z
2026-09-15T14:34:43Z,2026-09-15T16:34:43+0200,a281d7c7-91db-4948-89d6-57b39d710a92,2026-09-09T17:30:00Z,2026-09-09T19:30:00+0200,202.08,EUR/MWh,DE,DE_LU,day_ahead_price,value,2026-09-15T14:37:03Z
2026-09-15T14:34:43Z,2026-09-15T16:34:43+0200,a281d7c7-91db-4948-89d6-57b39d710a92,2026-09-09T17:45:00Z,2026-09-09T19:45:00+0200,206.29,EUR/MWh,DE,DE_LU,day_ahead_price,value,2026-09-15T14:37:03Z
2026-09-15T14:34:43Z,2026-09-15T16:34:43+0200,a281d7c7-91db-4948-89d6-57b39d710a92,2026-09-09T18:00:00Z,2026-09-09T20:00:00+0200,202.57,EUR/MWh,DE,DE_LU,day_ahead_price,value,2026-09-15T14:37:03Z
2026-09-15T14:34:43Z,2026-09-15T16:34:43+0200,a281d7c7-91db-4948-89d6-57b39d710a92,2026-09-09T18:15:00Z,2026-09-09T20:15:00+0200,200.8,EUR/MWh,DE,DE_LU,day_ahead_price,value,2026-09-15T14:37:03Z
2026-09-15T14:34:43Z,2026-09-15T16:34:43+0200,a281d7c7-91db-4948-89d6-57b39d710a92,2026-09-09T18:30:00Z,2026-09-09T20:30:00+0200,202.26,EUR/MWh,DE,DE_LU,day_ahead_price,value,2026-09-15T14:37:03Z
2026-09-15T14:34:43Z,2026-09-15T16:34:43+0200,a281d7c7-91db-4948-89d6-57b39d710a92,2026-09-09T18:45:00Z,2026-09-09T20:45:00+0200,203.8,EUR/MWh,DE,DE_LU,day_ahead_price,value,2026-09-15T14:37:03Z
2026-09-15T14:34:43Z,2026-09-15T16:34:43+0200,a281d7c7-91db-4948-89d6-57b39d710a92,2026-09-09T19:00:00Z,2026-09-09T21:00:00+0200,204.92,EUR/MWh,DE,DE_LU,day_ahead_price,value,2026-09-15T14:37:03Z
2026-09-15T14:34:43Z,2026-09-15T16:34:43+0200,a281d7c7-91db-4948-89d6-57b39d710a92,2026-09-09T19:15:00Z,2026-09-09T21:15:00+0200,198.0,EUR/MWh,DE,DE_LU,day_ahead_price,value,2026-09-15T14:37:03Z
2026-09-15T14:34:43Z,2026-09-15T16:34:43+0200,a281d7c7-91db-4948-89d6-57b39d710a92,2026-09-09T19:30:00Z,2026-09-09T21:30:00+0200,195.76,EUR/MWh,DE,DE_LU,day_ahead_price,value,2026-09-15T14:37:03Z
2026-09-15T14:34:43Z,2026-09-15T16:34:43+0200,a281d7c7-91db-4948-89d6-57b39d710a92,2026-09-09T19:45:00Z,2026-09-09T21:45:00+0200,187.37,EUR/MWh,DE,DE_LU,day_ahead_price,value,2026-09-15T14:37:03Z
2026-09-15T14:34:43Z,2026-09-15T16:34:43+0200,a281d7c7-91db-4948-89d6-57b39d710a92,2026-09-09T20:00:00Z,2026-09-09T22:00:00+0200,190.05,EUR/MWh,DE,DE_LU,day_ahead_price,value,2026-09-15T14:37:03Z
2026-09-15T14:34:43Z,2026-09-15T16:34:43+0200,a281d7c7-91db-4948-89d6-57b39d710a92,2026-09-09T20:15:00Z,2026-09-09T22:15:00+0200,175.81,EUR/MWh,DE,DE_LU,day_ahead_price,value,2026-09-15T14:37:03Z
2026-09-15T14:34:43Z,2026-09-15T16:34:43+0200,a281d7c7-91db-4948-89d6-57b39d710a92,2026-09-09T20:30:00Z,2026-09-09T22:30:00+0200,171.66,EUR/MWh,DE,DE_LU,day_ahead_price,value,2026-09-15T14:37:03Z
2026-09-15T14:34:43Z,2026-09-15T16:34:43+0200,a281d7c7-91db-4948-89d6-57b39d710a92,2026-09-09T20:45:00Z,2026-09-09T22:45:00+0200,162.42,EUR/MWh,DE,DE_LU,day_ahead_price,value,2026-09-15T14:37:03Z
2026-09-15T14:34:43Z,2026-09-15T16:34:43+0200,a281d7c7-91db-4948-89d6-57b39d710a92,2026-09-09T21:00:00Z,2026-09-09T23:00:00+0200,168.0,EUR/MWh,DE,DE_LU,day_ahead_price,value,2026-09-15T14:37:03Z
2026-09-15T14:34:43Z,2026-09-15T16:34:43+0200,a281d7c7-91db-4948-89d6-57b39d710a92,2026-09-09T21:15:00Z,2026-09-09T23:15:00+0200,155.4,EUR/MWh,DE,DE_LU,day_ahead_price,value,2026-09-15T14:37:03Z
2026-09-15T14:34:43Z,2026-09-15T16:34:43+0200,a281d7c7-91db-4948-89d6-57b39d710a92,2026-09-09T21:30:00Z,2026-09-09T23:30:00+0200,148.76,EUR/MWh,DE,DE_LU,day_ahead_price,value,2026-09-15T14:37:03Z
2026-09-15T14:34:43Z,2026-09-15T16:34:43+0200,a281d7c7-91db-4948-89d6-57b39d710a92,2026-09-09T21:45:00Z,2026-09-09T23:45:00+0200,140.85,EUR/MWh,DE,DE_LU,day_ahead_price,value,2026-09-15T14:37:03Z
2026-09-15T14:34:43Z,2026-09-15T16:34:43+0200,a281d7c7-91db-4948-89d6-57b39d710a92,2026-09-09T22:00:00Z,2026-09-10T00:00:00+0200,172.77,EUR/MWh,DE,DE_LU,day_ahead_price,value,2026-09-15T14:37:03Z
2026-09-15T14:34:43Z,2026-09-15T16:34:43+0200,a281d7c7-91db-4948-89d6-57b39d710a92,2026-09-09T22:15:00Z,2026-09-10T00:15:00+0200,160.0,EUR/MWh,DE,DE_LU,day_ahead_price,value,2026-09-15T14:37:03Z
2026-09-15T14:34:43Z,2026-09-15T16:34:43+0200,a281d7c7-91db-4948-89d6-57b39d710a92,2026-09-09T22:30:00Z,2026-09-10T00:30:00+0200,154.33,EUR/MWh,DE,DE_LU,day_ahead_price,value,2026-09-15T14:37:03Z
2026-09-15T14:34:43Z,2026-09-15T16:34:43+0200,a281d7c7-91db-4948-89d6-57b39d710a92,2026-09-09T22:45:00Z,2026-09-10T00:45:00+0200,153.62,EUR/MWh,DE,DE_LU,day_ahead_price,value,2026-09-15T14:37:03Z
2026-09-15T14:34:43Z,2026-09-15T16:34:43+0200,a281d7c7-91db-4948-89d6-57b39d710a92,2026-09-09T23:00:00Z,2026-09-10T01:00:00+0200,154.46,EUR/MWh,DE,DE_LU,day_ahead_price,value,2026-09-15T14:37:03Z
2026-09-15T14:34:43Z,2026-09-15T16:34:43+0200,a281d7c7-91db-4948-89d6-57b39d710a92,2026-09-09T23:15:00Z,2026-09-10T01:15:00+0200,159.26,EUR/MWh,DE,DE_LU,day_ahead_price,value,2026-09-15T14:37:03Z
2026-09-15T14:34:43Z,2026-09-15T16:34:43+0200,a281d7c7-91db-4948-89d6-57b39d710a92,2026-09-09T23:30:00Z,2026-09-10T01:30:00+0200,158.09,EUR/MWh,DE,DE_LU,day_ahead_price,value,2026-09-15T14:37:03Z
2026-09-15T14:34:43Z,2026-09-15T16:34:43+0200,a281d7c7-91db-4948-89d6-57b39d710a92,2026-09-09T23:45:00Z,2026-09-10T01:45:00+0200,157.58,EUR/MWh,DE,DE_LU,day_ahead_price,value,2026-09-15T14:37:03Z
2026-09-15T14:34:43Z,2026-09-15T16:34:43+0200,a281d7c7-91db-4948-89d6-57b39d710a92,2026-09-10T00:00:00Z,2026-09-10T02:00:00+0200,157.27,EUR/MWh,DE,DE_LU,day_ahead_price,value,2026-09-15T14:37:03Z
2026-09-15T14:34:43Z,2026-09-15T16:34:43+0200,a281d7c7-91db-4948-89d6-57b39d710a92,2026-09-10T00:15:00Z,2026-09-10T02:15:00+0200,156.21,EUR/MWh,DE,DE_LU,day_ahead_price,value,2026-09-15T14:37:03Z
2026-09-15T14:34:43Z,2026-09-15T16:34:43+0200,a281d7c7-91db-4948-89d6-57b39d710a92,2026-09-10T00:30:00Z,2026-09-10T02:30:00+0200,162.08,EUR/MWh,DE,DE_LU,day_ahead_price,value,2026-09-15T14:37:03Z
2026-09-15T14:34:43Z,2026-09-15T16:34:43+0200,a281d7c7-91db-4948-89d6-57b39d710a92,2026-09-10T00:45:00Z,2026-09-10T02:45:00+0200,162.37,EUR/MWh,DE,DE_LU,day_ahead_price,value,2026-09-15T14:37:03Z
2026-09-15T14:34:43Z,2026-09-15T16:34:43+0200,a281d7c7-91db-4948-89d6-57b39d710a92,2026-09-10T01:00:00Z,2026-09-10T03:00:00+0200,162.09,EUR/MWh,DE,DE_LU,day_ahead_price,value,2026-09-15T14:37:03Z
2026-09-15T14:34:43Z,2026-09-15T16:34:43+0200,a281d7c7-91db-4948-89d6-57b39d710a92,2026-09-10T01:15:00Z,2026-09-10T03:15:00+0200,163.29,EUR/MWh,DE,DE_LU,day_ahead_price,value,2026-09-15T14:37:03Z
2026-09-15T14:34:43Z,2026-09-15T16:34:43+0200,a281d7c7-91db-4948-89d6-57b39d710a92,2026-09-10T01:30:00Z,2026-09-10T03:30:00+0200,160.84,EUR/MWh,DE,DE_LU,day_ahead_price,value,2026-09-15T14:37:03Z
2026-09-15T14:34:43Z,2026-09-15T16:34:43+0200,a281d7c7-91db-4948-89d6-57b39d710a92,2026-09-10T01:45:00Z,2026-09-10T03:45:00+0200,163.3,EUR/MWh,DE,DE_LU,day_ahead_price,value,2026-09-15T14:37:03Z
2026-09-15T14:34:43Z,2026-09-15T16:34:43+0200,a281d7c7-91db-4948-89d6-57b39d710a92,2026-09-10T02:00:00Z,2026-09-10T04:00:00+0200,163.29,EUR/MWh,DE,DE_LU,day_ahead_price,value,2026-09-15T14:37:03Z
2026-09-15T14:34:43Z,2026-09-15T16:34:43+0200,a281d7c7-91db-4948-89d6-57b39d710a92,2026-09-10T02:15:00Z,2026-09-10T04:15:00+0200,165.99,EUR/MWh,DE,DE_LU,day_ahead_price,value,2026-09-15T14:37:03Z
2026-09-15T14:34:43Z,2026-09-15T16:34:43+0200,a281d7c7-91db-4948-89d6-57b39d710a92,2026-09-10T02:30:00Z,2026-09-10T04:30:00+0200,171.36,EUR/MWh,DE,DE_LU,day_ahead_price,value,2026-09-15T14:37:03Z
2026-09-15T14:34:43Z,2026-09-15T16:34:43+0200,a281d7c7-91db-4948-89d6-57b39d710a92,2026-09-10T02:45:00Z,2026-09-10T04:45:00+0200,177.96,EUR/MWh,DE,DE_LU,day_ahead_price,value,2026-09-15T14:37:03Z
2026-09-15T14:34:43Z,2026-09-15T16:34:43+0200,a281d7c7-91db-4948-89d6-57b39d710a92,2026-09-10T03:00:00Z,2026-09-10T05:00:00+0200,170.24,EUR/MWh,DE,DE_LU,day_ahead_price,value,2026-09-15T14:37:03Z
2026-09-15T14:34:43Z,2026-09-15T16:34:43+0200,a281d7c7-91db-4948-89d6-57b39d710a92,2026-09-10T03:15:00Z,2026-09-10T05:15:00+0200,177.14,EUR/MWh,DE,DE_LU,day_ahead_price,value,2026-09-15T14:37:03Z
2026-09-15T14:34:43Z,2026-09-15T16:34:43+0200,a281d7c7-91db-4948-89d6-57b39d710a92,2026-09-10T03:30:00Z,2026-09-10T05:30:00+0200,187.35,EUR/MWh,DE,DE_LU,day_ahead_price,value,2026-09-15T14:37:03Z
2026-09-15T14:34:43Z,2026-09-15T16:34:43+0200,a281d7c7-91db-4948-89d6-57b39d710a92,2026-09-10T03:45:00Z,2026-09-10T05:45:00+0200,200.93,EUR/MWh,DE,DE_LU,day_ahead_price,value,2026-09-15T14:37:03Z
2026-09-15T14:34:43Z,2026-09-15T16:34:43+0200,a281d7c7-91db-4948-89d6-57b39d710a92,2026-09-10T04:00:00Z,2026-09-10T06:00:00+0200,192.14,EUR/MWh,DE,DE_LU,day_ahead_price,value,2026-09-15T14:37:03Z
2026-09-15T14:34:43Z,2026-09-15T16:34:43+0200,a281d7c7-91db-4948-89d6-57b39d710a92,2026-09-10T04:15:00Z,2026-09-10T06:15:00+0200,206.18,EUR/MWh,DE,DE_LU,day_ahead_price,value,2026-09-15T14:37:03Z
2026-09-15T14:34:43Z,2026-09-15T16:34:43+0200,a281d7c7-91db-4948-89d6-57b39d710a92,2026-09-10T04:30:00Z,2026-09-10T06:30:00+0200,218.27,EUR/MWh,DE,DE_LU,day_ahead_price,value,2026-09-15T14:37:03Z
2026-09-15T14:34:43Z,2026-09-15T16:34:43+0200,a281d7c7-91db-4948-89d6-57b39d710a92,2026-09-10T04:45:00Z,2026-09-10T06:45:00+0200,226.77,EUR/MWh,DE,DE_LU,day_ahead_price,value,2026-09-15T14:37:03Z
2026-09-15T14:34:43Z,2026-09-15T16:34:43+0200,a281d7c7-91db-4948-89d6-57b39d710a92,2026-09-10T05:00:00Z,2026-09-10T07:00:00+0200,226.79,EUR/MWh,DE,DE_LU,day_ahead_price,value,2026-09-15T14:37:03Z
2026-09-15T14:34:43Z,2026-09-15T16:34:43+0200,a281d7c7-91db-4948-89d6-57b39d710a92,2026-09-10T05:15:00Z,2026-09-10T07:15:00+0200,234.0,EUR/MWh,DE,DE_LU,day_ahead_price,value,2026-09-15T14:37:03Z
2026-09-15T14:34:43Z,2026-09-15T16:34:43+0200,a281d7c7-91db-4948-89d6-57b39d710a92,2026-09-10T05:30:00Z,2026-09-10T07:30:00+0200,236.99,EUR/MWh,DE,DE_LU,day_ahead_price,value,2026-09-15T14:37:03Z
2026-09-15T14:34:43Z,2026-09-15T16:34:43+0200,a281d7c7-91db-4948-89d6-57b39d710a92,2026-09-10T05:45:00Z,2026-09-10T07:45:00+0200,229.94,EUR/MWh,DE,DE_LU,day_ahead_price,value,2026-09-15T14:37:03Z
2026-09-15T14:34:43Z,2026-09-15T16:34:43+0200,a281d7c7-91db-4948-89d6-57b39d710a92,2026-09-10T06:00:00Z,2026-09-10T08:00:00+0200,248.93,EUR/MWh,DE,DE_LU,day_ahead_price,value,2026-09-15T14:37:03Z
2026-09-15T14:34:43Z,2026-09-15T16:34:43+0200,a281d7c7-91db-4948-89d6-57b39d710a92,2026-09-10T06:15:00Z,2026-09-10T08:15:00+0200,227.5,EUR/MWh,DE,DE_LU,day_ahead_price,value,2026-09-15T14:37:03Z
2026-09-15T14:34:43Z,2026-09-15T16:34:43+0200,a281d7c7-91db-4948-89d6-57b39d710a92,2026-09-10T06:30:00Z,2026-09-10T08:30:00+0200,216.08,EUR/MWh,DE,DE_LU,day_ahead_price,value,2026-09-15T14:37:03Z
2026-09-15T14:34:43Z,2026-09-15T16:34:43+0200,a281d7c7-91db-4948-89d6-57b39d710a92,2026-09-10T06:45:00Z,2026-09-10T08:45:00+0200,195.67,EUR/MWh,DE,DE_LU,day_ahead_price,value,2026-09-15T14:37:03Z
2026-09-15T14:34:43Z,2026-09-15T16:34:43+0200,a281d7c7-91db-4948-89d6-57b39d710a92,2026-09-10T07:00:00Z,2026-09-10T09:00:00+0200,215.99,EUR/MWh,DE,DE_LU,day_ahead_price,value,2026-09-15T14:37:03Z
2026-09-15T14:34:43Z,2026-09-15T16:34:43+0200,a281d7c7-91db-4948-89d6-57b39d710a92,2026-09-10T07:15:00Z,2026-09-10T09:15:00+0200,195.01,EUR/MWh,DE,DE_LU,day_ahead_price,value,2026-09-15T14:37:03Z
2026-09-15T14:34:43Z,2026-09-15T16:34:43+0200,a281d7c7-91db-4948-89d6-57b39d710a92,2026-09-10T07:30:00Z,2026-09-10T09:30:00+0200,173.82,EUR/MWh,DE,DE_LU,day_ahead_price,value,2026-09-15T14:37:03Z
2026-09-15T14:34:43Z,2026-09-15T16:34:43+0200,a281d7c7-91db-4948-89d6-57b39d710a92,2026-09-10T07:45:00Z,2026-09-10T09:45:00+0200,155.09,EUR/MWh,DE,DE_LU,day_ahead_price,value,2026-09-15T14:37:03Z
2026-09-15T14:34:43Z,2026-09-15T16:34:43+0200,a281d7c7-91db-4948-89d6-57b39d710a92,2026-09-10T08:00:00Z,2026-09-10T10:00:00+0200,174.91,EUR/MWh,DE,DE_LU,day_ahead_price,value,2026-09-15T14:37:03Z
2026-09-15T14:34:43Z,2026-09-15T16:34:43+0200,a281d7c7-91db-4948-89d6-57b39d710a92,2026-09-10T08:15:00Z,2026-09-10T10:15:00+0200,151.1,EUR/MWh,DE,DE_LU,day_ahead_price,value,2026-09-15T14:37:03Z
2026-09-15T14:34:43Z,2026-09-15T16:34:43+0200,a281d7c7-91db-4948-89d6-57b39d710a92,2026-09-10T08:30:00Z,2026-09-10T10:30:00+0200,137.25,EUR/MWh,DE,DE_LU,day_ahead_price,value,2026-09-15T14:37:03Z
2026-09-15T14:34:43Z,2026-09-15T16:34:43+0200,a281d7c7-91db-4948-89d6-57b39d710a92,2026-09-10T08:45:00Z,2026-09-10T10:45:00+0200,122.2,EUR/MWh,DE,DE_LU,day_ahead_price,value,2026-09-15T14:37:03Z
2026-09-15T14:34:43Z,2026-09-15T16:34:43+0200,a281d7c7-91db-4948-89d6-57b39d710a92,2026-09-10T09:00:00Z,2026-09-10T11:00:00+0200,131.54,EUR/MWh,DE,DE_LU,day_ahead_price,value,2026-09-15T14:37:03Z
2026-09-15T14:34:43Z,2026-09-15T16:34:43+0200,a281d7c7-91db-4948-89d6-57b39d710a92,2026-09-10T09:15:00Z,2026-09-10T11:15:00+0200,117.81,EUR/MWh,DE,DE_LU,day_ahead_price,value,2026-09-15T14:37:03Z
2026-09-15T14:34:43Z,2026-09-15T16:34:43+0200,a281d7c7-91db-4948-89d6-57b39d710a92,2026-09-10T09:30:00Z,2026-09-10T11:30:00+0200,99.16,EUR/MWh,DE,DE_LU,day_ahead_price,value,2026-09-15T14:37:03Z
2026-09-15T14:34:43Z,2026-09-15T16:34:43+0200,a281d7c7-91db-4948-89d6-57b39d710a92,2026-09-10T09:45:00Z,2026-09-10T11:45:00+0200,73.77,EUR/MWh,DE,DE_LU,day_ahead_price,value,2026-09-15T14:37:03Z
2026-09-15T14:34:43Z,2026-09-15T16:34:43+0200,a281d7c7-91db-4948-89d6-57b39d710a92,2026-09-10T10:00:00Z,2026-09-10T12:00:00+0200,90.0,EUR/MWh,DE,DE_LU,day_ahead_price,value,2026-09-15T14:37:03Z
2026-09-15T14:34:43Z,2026-09-15T16:34:43+0200,a281d7c7-91db-4948-89d6-57b39d710a92,2026-09-10T10:15:00Z,2026-09-10T12:15:00+0200,75.98,EUR/MWh,DE,DE_LU,day_ahead_price,value,2026-09-15T14:37:03Z
2026-09-15T14:34:43Z,2026-09-15T16:34:43+0200,a281d7c7-91db-4948-89d6-57b39d710a92,2026-09-10T10:30:00Z,2026-09-10T12:30:00+0200,74.57,EUR/MWh,DE,DE_LU,day_ahead_price,value,2026-09-15T14:37:03Z
2026-09-15T14:34:43Z,2026-09-15T16:34:43+0200,a281d7c7-91db-4948-89d6-57b39d710a92,2026-09-10T10:45:00Z,2026-09-10T12:45:00+0200,66.02,EUR/MWh,DE,DE_LU,day_ahead_price,value,2026-09-15T14:37:03Z
2026-09-15T14:34:43Z,2026-09-15T16:34:43+0200,a281d7c7-91db-4948-89d6-57b39d710a92,2026-09-10T11:00:00Z,2026-09-10T13:00:00+0200,69.38,EUR/MWh,DE,DE_LU,day_ahead_price,value,2026-09-15T14:37:03Z
2026-09-15T14:34:43Z,2026-09-15T16:34:43+0200,a281d7c7-91db-4948-89d6-57b39d710a92,2026-09-10T11:15:00Z,2026-09-10T13:15:00+0200,62.38,EUR/MWh,DE,DE_LU,day_ahead_price,value,2026-09-15T14:37:03Z
2026-09-15T14:34:43Z,2026-09-15T16:34:43+0200,a281d7c7-91db-4948-89d6-57b39d710a92,2026-09-10T11:30:00Z,2026-09-10T13:30:00+0200,63.46,EUR/MWh,DE,DE_LU,day_ahead_price,value,2026-09-15T14:37:03Z
2026-09-15T14:34:43Z,2026-09-15T16:34:43+0200,a281d7c7-91db-4948-89d6-57b39d710a92,2026-09-10T11:45:00Z,2026-09-10T13:45:00+0200,69.34,EUR/MWh,DE,DE_LU,day_ahead_price,value,2026-09-15T14:37:03Z
2026-09-15T14:34:43Z,2026-09-15T16:34:43+0200,a281d7c7-91db-4948-89d6-57b39d710a92,2026-09-10T12:00:00Z,2026-09-10T14:00:00+0200,77.66,EUR/MWh,DE,DE_LU,day_ahead_price,value,2026-09-15T14:37:03Z
2026-09-15T14:34:43Z,2026-09-15T16:34:43+0200,a281d7c7-91db-4948-89d6-57b39d710a92,2026-09-10T12:15:00Z,2026-09-10T14:15:00+0200,89.36,EUR/MWh,DE,DE_LU,day_ahead_price,value,2026-09-15T14:37:03Z
2026-09-15T14:34:43Z,2026-09-15T16:34:43+0200,a281d7c7-91db-4948-89d6-57b39d710a92,2026-09-10T12:30:00Z,2026-09-10T14:30:00+0200,96.26,EUR/MWh,DE,DE_LU,day_ahead_price,value,2026-09-15T14:37:03Z
2026-09-15T14:34:43Z,2026-09-15T16:34:43+0200,a281d7c7-91db-4948-89d6-57b39d710a92,2026-09-10T12:45:00Z,2026-09-10T14:45:00+0200,103.76,EUR/MWh,DE,DE_LU,day_ahead_price,value,2026-09-15T14:37:03Z
2026-09-15T14:34:43Z,2026-09-15T16:34:43+0200,a281d7c7-91db-4948-89d6-57b39d710a92,2026-09-10T13:00:00Z,2026-09-10T15:00:00+0200,101.36,EUR/MWh,DE,DE_LU,day_ahead_price,value,2026-09-15T14:37:03Z
2026-09-15T14:34:43Z,2026-09-15T16:34:43+0200,a281d7c7-91db-4948-89d6-57b39d710a92,2026-09-10T13:15:00Z,2026-09-10T15:15:00+0200,112.92,EUR/MWh,DE,DE_LU,day_ahead_price,value,2026-09-15T14:37:03Z
2026-09-15T14:34:43Z,2026-09-15T16:34:43+0200,a281d7c7-91db-4948-89d6-57b39d710a92,2026-09-10T13:30:00Z,2026-09-10T15:30:00+0200,123.88,EUR/MWh,DE,DE_LU,day_ahead_price,value,2026-09-15T14:37:03Z
2026-09-15T14:34:43Z,2026-09-15T16:34:43+0200,a281d7c7-91db-4948-89d6-57b39d710a92,2026-09-10T13:45:00Z,2026-09-10T15:45:00+0200,132.54,EUR/MWh,DE,DE_LU,day_ahead_price,value,2026-09-15T14:37:03Z
2026-09-15T14:34:43Z,2026-09-15T16:34:43+0200,a281d7c7-91db-4948-89d6-57b39d710a92,2026-09-10T14:00:00Z,2026-09-10T16:00:00+0200,111.19,EUR/MWh,DE,DE_LU,day_ahead_price,value,2026-09-15T14:37:03Z
2026-09-15T14:34:43Z,2026-09-15T16:34:43+0200,a281d7c7-91db-4948-89d6-57b39d710a92,2026-09-10T14:15:00Z,2026-09-10T16:15:00+0200,143.2,EUR/MWh,DE,DE_LU,day_ahead_price,value,2026-09-15T14:37:03Z
2026-09-15T14:34:43Z,2026-09-15T16:34:43+0200,a281d7c7-91db-4948-89d6-57b39d710a92,2026-09-10T14:30:00Z,2026-09-10T16:30:00+0200,162.02,EUR/MWh,DE,DE_LU,day_ahead_price,value,2026-09-15T14:37:03Z
2026-09-15T14:34:43Z,2026-09-15T16:34:43+0200,a281d7c7-91db-4948-89d6-57b39d710a92,2026-09-10T14:45:00Z,2026-09-10T16:45:00+0200,181.78,EUR/MWh,DE,DE_LU,day_ahead_price,value,2026-09-15T14:37:03Z
2026-09-15T14:34:43Z,2026-09-15T16:34:43+0200,a281d7c7-91db-4948-89d6-57b39d710a92,2026-09-10T15:00:00Z,2026-09-10T17:00:00+0200,154.76,EUR/MWh,DE,DE_LU,day_ahead_price,value,2026-09-15T14:37:03Z
2026-09-15T14:34:43Z,2026-09-15T16:34:43+0200,a281d7c7-91db-4948-89d6-57b39d710a92,2026-09-10T15:15:00Z,2026-09-10T17:15:00+0200,184.41,EUR/MWh,DE,DE_LU,day_ahead_price,value,2026-09-15T14:37:03Z
2026-09-15T14:34:43Z,2026-09-15T16:34:43+0200,a281d7c7-91db-4948-89d6-57b39d710a92,2026-09-10T15:30:00Z,2026-09-10T17:30:00+0200,196.8,EUR/MWh,DE,DE_LU,day_ahead_price,value,2026-09-15T14:37:03Z
2026-09-15T14:34:43Z,2026-09-15T16:34:43+0200,a281d7c7-91db-4948-89d6-57b39d710a92,2026-09-10T15:45:00Z,2026-09-10T17:45:00+0200,215.62,EUR/MWh,DE,DE_LU,day_ahead_price,value,2026-09-15T14:37:03Z
2026-09-15T14:34:43Z,2026-09-15T16:34:43+0200,a281d7c7-91db-4948-89d6-57b39d710a92,2026-09-10T16:00:00Z,2026-09-10T18:00:00+0200,204.41,EUR/MWh,DE,DE_LU,day_ahead_price,value,2026-09-15T14:37:03Z
2026-09-15T14:34:43Z,2026-09-15T16:34:43+0200,a281d7c7-91db-4948-89d6-57b39d710a92,2026-09-10T16:15:00Z,2026-09-10T18:15:00+0200,238.38,EUR/MWh,DE,DE_LU,day_ahead_price,value,2026-09-15T14:37:03Z
2026-09-15T14:34:43Z,2026-09-15T16:34:43+0200,a281d7c7-91db-4948-89d6-57b39d710a92,2026-09-10T16:30:00Z,2026-09-10T18:30:00+0200,255.2,EUR/MWh,DE,DE_LU,day_ahead_price,value,2026-09-15T14:37:03Z
2026-09-15T14:34:43Z,2026-09-15T16:34:43+0200,a281d7c7-91db-4948-89d6-57b39d710a92,2026-09-10T16:45:00Z,2026-09-10T18:45:00+0200,302.01,EUR/MWh,DE,DE_LU,day_ahead_price,value,2026-09-15T14:37:03Z
2026-09-15T14:34:43Z,2026-09-15T16:34:43+0200,a281d7c7-91db-4948-89d6-57b39d710a92,2026-09-10T17:00:00Z,2026-09-10T19:00:00+0200,354.24,EUR/MWh,DE,DE_LU,day_ahead_price,value,2026-09-15T14:37:03Z
2026-09-15T14:34:43Z,2026-09-15T16:34:43+0200,a281d7c7-91db-4948-89d6-57b39d710a92,2026-09-10T17:15:00Z,2026-09-10T19:15:00+0200,401.56,EUR/MWh,DE,DE_LU,day_ahead_price,value,2026-09-15T14:37:03Z
2026-09-15T14:34:43Z,2026-09-15T16:34:43+0200,a281d7c7-91db-4948-89d6-57b39d710a92,2026-09-10T17:30:00Z,2026-09-10T19:30:00+0200,502.54,EUR/MWh,DE,DE_LU,day_ahead_price,value,2026-09-15T14:37:03Z
2026-09-15T14:34:43Z,2026-09-15T16:34:43+0200,a281d7c7-91db-4948-89d6-57b39d710a92,2026-09-10T17:45:00Z,2026-09-10T19:45:00+0200,585.1,EUR/MWh,DE,DE_LU,day_ahead_price,value,2026-09-15T14:37:03Z
2026-09-15T14:34:43Z,2026-09-15T16:34:43+0200,a281d7c7-91db-4948-89d6-57b39d710a92,2026-09-10T18:00:00Z,2026-09-10T20:00:00+0200,578.76,EUR/MWh,DE,DE_LU,day_ahead_price,value,2026-09-15T14:37:03Z
2026-09-15T14:34:43Z,2026-09-15T16:34:43+0200,a281d7c7-91db-4948-89d6-57b39d710a92,2026-09-10T18:15:00Z,2026-09-10T20:15:00+0200,471.93,EUR/MWh,DE,DE_LU,day_ahead_price,value,2026-09-15T14:37:03Z
2026-09-15T14:34:43Z,2026-09-15T16:34:43+0200,a281d7c7-91db-4948-89d6-57b39d710a92,2026-09-10T18:30:00Z,2026-09-10T20:30:00+0200,366.57,EUR/MWh,DE,DE_LU,day_ahead_price,value,2026-09-15T14:37:03Z
2026-09-15T14:34:43Z,2026-09-15T16:34:43+0200,a281d7c7-91db-4948-89d6-57b39d710a92,2026-09-10T18:45:00Z,2026-09-10T20:45:00+0200,300.06,EUR/MWh,DE,DE_LU,day_ahead_price,value,2026-09-15T14:37:03Z
2026-09-15T14:34:43Z,2026-09-15T16:34:43+0200,a281d7c7-91db-4948-89d6-57b39d710a92,2026-09-10T19:00:00Z,2026-09-10T21:00:00+0200,271.39,EUR/MWh,DE,DE_LU,day_ahead_price,value,2026-09-15T14:37:03Z
2026-09-15T14:34:43Z,2026-09-15T16:34:43+0200,a281d7c7-91db-4948-89d6-57b39d710a92,2026-09-10T19:15:00Z,2026-09-10T21:15:00+0200,268.06,EUR/MWh,DE,DE_LU,day_ahead_price,value,2026-09-15T14:37:03Z
2026-09-15T14:34:43Z,2026-09-15T16:34:43+0200,a281d7c7-91db-4948-89d6-57b39d710a92,2026-09-10T19:30:00Z,2026-09-10T21:30:00+0200,241.43,EUR/MWh,DE,DE_LU,day_ahead_price,value,2026-09-15T14:37:03Z
2026-09-15T14:34:43Z,2026-09-15T16:34:43+0200,a281d7c7-91db-4948-89d6-57b39d710a92,2026-09-10T19:45:00Z,2026-09-10T21:45:00+0200,238.01,EUR/MWh,DE,DE_LU,day_ahead_price,value,2026-09-15T14:37:03Z
2026-09-15T14:34:43Z,2026-09-15T16:34:43+0200,a281d7c7-91db-4948-89d6-57b39d710a92,2026-09-10T20:00:00Z,2026-09-10T22:00:00+0200,239.7,EUR/MWh,DE,DE_LU,day_ahead_price,value,2026-09-15T14:37:03Z
2026-09-15T14:34:43Z,2026-09-15T16:34:43+0200,a281d7c7-91db-4948-89d6-57b39d710a92,2026-09-10T20:15:00Z,2026-09-10T22:15:00+0200,226.41,EUR/MWh,DE,DE_LU,day_ahead_price,value,2026-09-15T14:37:03Z
2026-09-15T14:34:43Z,2026-09-15T16:34:43+0200,a281d7c7-91db-4948-89d6-57b39d710a92,2026-09-10T20:30:00Z,2026-09-10T22:30:00+0200,222.95,EUR/MWh,DE,DE_LU,day_ahead_price,value,2026-09-15T14:37:03Z
2026-09-15T14:34:43Z,2026-09-15T16:34:43+0200,a281d7c7-91db-4948-89d6-57b39d710a92,2026-09-10T20:45:00Z,2026-09-10T22:45:00+0200,211.3,EUR/MWh,DE,DE_LU,day_ahead_price,value,2026-09-15T14:37:03Z
2026-09-15T14:34:43Z,2026-09-15T16:34:43+0200,a281d7c7-91db-4948-89d6-57b39d710a92,2026-09-10T21:00:00Z,2026-09-10T23:00:00+0200,218.15,EUR/MWh,DE,DE_LU,day_ahead_price,value,2026-09-15T14:37:03Z
2026-09-15T14:34:43Z,2026-09-15T16:34:43+0200,a281d7c7-91db-4948-89d6-57b39d710a92,2026-09-10T21:15:00Z,2026-09-10T23:15:00+0200,210.54,EUR/MWh,DE,DE_LU,day_ahead_price,value,2026-09-15T14:37:03Z
2026-09-15T14:34:43Z,2026-09-15T16:34:43+0200,a281d7c7-91db-4948-89d6-57b39d710a92,2026-09-10T21:30:00Z,2026-09-10T23:30:00+0200,197.59,EUR/MWh,DE,DE_LU,day_ahead_price,value,2026-09-15T14:37:03Z
2026-09-15T14:34:43Z,2026-09-15T16:34:43+0200,a281d7c7-91db-4948-89d6-57b39d710a92,2026-09-10T21:45:00Z,2026-09-10T23:45:00+0200,171.33,EUR/MWh,DE,DE_LU,day_ahead_price,value,2026-09-15T14:37:03Z
2026-09-15T14:34:43Z,2026-09-15T16:34:43+0200,a281d7c7-91db-4948-89d6-57b39d710a92,2026-09-10T22:00:00Z,2026-09-11T00:00:00+0200,183.77,EUR/MWh,DE,DE_LU,day_ahead_price,value,2026-09-15T14:37:03Z
2026-09-15T14:34:43Z,2026-09-15T16:34:43+0200,a281d7c7-91db-4948-89d6-57b39d710a92,2026-09-10T22:15:00Z,2026-09-11T00:15:00+0200,186.09,EUR/MWh,DE,DE_LU,day_ahead_price,value,2026-09-15T14:37:03Z
2026-09-15T14:34:43Z,2026-09-15T16:34:43+0200,a281d7c7-91db-4948-89d6-57b39d710a92,2026-09-10T22:30:00Z,2026-09-11T00:30:00+0200,186.74,EUR/MWh,DE,DE_LU,day_ahead_price,value,2026-09-15T14:37:03Z
2026-09-15T14:34:43Z,2026-09-15T16:34:43+0200,a281d7c7-91db-4948-89d6-57b39d710a92,2026-09-10T22:45:00Z,2026-09-11T00:45:00+0200,180.73,EUR/MWh,DE,DE_LU,day_ahead_price,value,2026-09-15T14:37:03Z
2026-09-15T14:34:43Z,2026-09-15T16:34:43+0200,a281d7c7-91db-4948-89d6-57b39d710a92,2026-09-10T23:00:00Z,2026-09-11T01:00:00+0200,196.82,EUR/MWh,DE,DE_LU,day_ahead_price,value,2026-09-15T14:37:03Z
2026-09-15T14:34:43Z,2026-09-15T16:34:43+0200,a281d7c7-91db-4948-89d6-57b39d710a92,2026-09-10T23:15:00Z,2026-09-11T01:15:00+0200,178.05,EUR/MWh,DE,DE_LU,day_ahead_price,value,2026-09-15T14:37:03Z
2026-09-15T14:34:43Z,2026-09-15T16:34:43+0200,a281d7c7-91db-4948-89d6-57b39d710a92,2026-09-10T23:30:00Z,2026-09-11T01:30:00+0200,175.47,EUR/MWh,DE,DE_LU,day_ahead_price,value,2026-09-15T14:37:03Z
2026-09-15T14:34:43Z,2026-09-15T16:34:43+0200,a281d7c7-91db-4948-89d6-57b39d710a92,2026-09-10T23:45:00Z,2026-09-11T01:45:00+0200,172.53,EUR/MWh,DE,DE_LU,day_ahead_price,value,2026-09-15T14:37:03Z
2026-09-15T14:34:43Z,2026-09-15T16:34:43+0200,a281d7c7-91db-4948-89d6-57b39d710a92,2026-09-11T00:00:00Z,2026-09-11T02:00:00+0200,175.09,EUR/MWh,DE,DE_LU,day_ahead_price,value,2026-09-15T14:37:03Z
2026-09-15T14:34:43Z,2026-09-15T16:34:43+0200,a281d7c7-91db-4948-89d6-57b39d710a92,2026-09-11T00:15:00Z,2026-09-11T02:15:00+0200,172.37,EUR/MWh,DE,DE_LU,day_ahead_price,value,2026-09-15T14:37:03Z
2026-09-15T14:34:43Z,2026-09-15T16:34:43+0200,a281d7c7-91db-4948-89d6-57b39d710a92,2026-09-11T00:30:00Z,2026-09-11T02:30:00+0200,169.84,EUR/MWh,DE,DE_LU,day_ahead_price,value,2026-09-15T14:37:03Z
2026-09-15T14:34:43Z,2026-09-15T16:34:43+0200,a281d7c7-91db-4948-89d6-57b39d710a92,2026-09-11T00:45:00Z,2026-09-11T02:45:00+0200,168.31,EUR/MWh,DE,DE_LU,day_ahead_price,value,2026-09-15T14:37:03Z
2026-09-15T14:34:43Z,2026-09-15T16:34:43+0200,a281d7c7-91db-4948-89d6-57b39d710a92,2026-09-11T01:00:00Z,2026-09-11T03:00:00+0200,165.95,EUR/MWh,DE,DE_LU,day_ahead_price,value,2026-09-15T14:37:03Z
2026-09-15T14:34:43Z,2026-09-15T16:34:43+0200,a281d7c7-91db-4948-89d6-57b39d710a92,2026-09-11T01:15:00Z,2026-09-11T03:15:00+0200,163.53,EUR/MWh,DE,DE_LU,day_ahead_price,value,2026-09-15T14:37:03Z
2026-09-15T14:34:43Z,2026-09-15T16:34:43+0200,a281d7c7-91db-4948-89d6-57b39d710a92,2026-09-11T01:30:00Z,2026-09-11T03:30:00+0200,165.3,EUR/MWh,DE,DE_LU,day_ahead_price,value,2026-09-15T14:37:03Z
2026-09-15T14:34:43Z,2026-09-15T16:34:43+0200,a281d7c7-91db-4948-89d6-57b39d710a92,2026-09-11T01:45:00Z,2026-09-11T03:45:00+0200,163.75,EUR/MWh,DE,DE_LU,day_ahead_price,value,2026-09-15T14:37:03Z
2026-09-15T14:34:43Z,2026-09-15T16:34:43+0200,a281d7c7-91db-4948-89d6-57b39d710a92,2026-09-11T02:00:00Z,2026-09-11T04:00:00+0200,165.79,EUR/MWh,DE,DE_LU,day_ahead_price,value,2026-09-15T14:37:03Z
2026-09-15T14:34:43Z,2026-09-15T16:34:43+0200,a281d7c7-91db-4948-89d6-57b39d710a92,2026-09-11T02:15:00Z,2026-09-11T04:15:00+0200,167.12,EUR/MWh,DE,DE_LU,day_ahead_price,value,2026-09-15T14:37:03Z
2026-09-15T14:34:43Z,2026-09-15T16:34:43+0200,a281d7c7-91db-4948-89d6-57b39d710a92,2026-09-11T02:30:00Z,2026-09-11T04:30:00+0200,167.32,EUR/MWh,DE,DE_LU,day_ahead_price,value,2026-09-15T14:37:03Z
2026-09-15T14:34:43Z,2026-09-15T16:34:43+0200,a281d7c7-91db-4948-89d6-57b39d710a92,2026-09-11T02:45:00Z,2026-09-11T04:45:00+0200,168.53,EUR/MWh,DE,DE_LU,day_ahead_price,value,2026-09-15T14:37:03Z
2026-09-15T14:34:43Z,2026-09-15T16:34:43+0200,a281d7c7-91db-4948-89d6-57b39d710a92,2026-09-11T03:00:00Z,2026-09-11T05:00:00+0200,170.47,EUR/MWh,DE,DE_LU,day_ahead_price,value,2026-09-15T14:37:03Z
2026-09-15T14:34:43Z,2026-09-15T16:34:43+0200,a281d7c7-91db-4948-89d6-57b39d710a92,2026-09-11T03:15:00Z,2026-09-11T05:15:00+0200,173.85,EUR/MWh,DE,DE_LU,day_ahead_price,value,2026-09-15T14:37:03Z
2026-09-15T14:34:43Z,2026-09-15T16:34:43+0200,a281d7c7-91db-4948-89d6-57b39d710a92,2026-09-11T03:30:00Z,2026-09-11T05:30:00+0200,176.44,EUR/MWh,DE,DE_LU,day_ahead_price,value,2026-09-15T14:37:03Z
2026-09-15T14:34:43Z,2026-09-15T16:34:43+0200,a281d7c7-91db-4948-89d6-57b39d710a92,2026-09-11T03:45:00Z,2026-09-11T05:45:00+0200,183.4,EUR/MWh,DE,DE_LU,day_ahead_price,value,2026-09-15T14:37:03Z
2026-09-15T14:34:43Z,2026-09-15T16:34:43+0200,a281d7c7-91db-4948-89d6-57b39d710a92,2026-09-11T04:00:00Z,2026-09-11T06:00:00+0200,190.83,EUR/MWh,DE,DE_LU,day_ahead_price,value,2026-09-15T14:37:03Z
2026-09-15T14:34:43Z,2026-09-15T16:34:43+0200,a281d7c7-91db-4948-89d6-57b39d710a92,2026-09-11T04:15:00Z,2026-09-11T06:15:00+0200,200.27,EUR/MWh,DE,DE_LU,day_ahead_price,value,2026-09-15T14:37:03Z
2026-09-15T14:34:43Z,2026-09-15T16:34:43+0200,a281d7c7-91db-4948-89d6-57b39d710a92,2026-09-11T04:30:00Z,2026-09-11T06:30:00+0200,206.46,EUR/MWh,DE,DE_LU,day_ahead_price,value,2026-09-15T14:37:03Z
2026-09-15T14:34:43Z,2026-09-15T16:34:43+0200,a281d7c7-91db-4948-89d6-57b39d710a92,2026-09-11T04:45:00Z,2026-09-11T06:45:00+0200,213.49,EUR/MWh,DE,DE_LU,day_ahead_price,value,2026-09-15T14:37:03Z
2026-09-15T14:34:43Z,2026-09-15T16:34:43+0200,a281d7c7-91db-4948-89d6-57b39d710a92,2026-09-11T05:00:00Z,2026-09-11T07:00:00+0200,221.67,EUR/MWh,DE,DE_LU,day_ahead_price,value,2026-09-15T14:37:03Z
2026-09-15T14:34:43Z,2026-09-15T16:34:43+0200,a281d7c7-91db-4948-89d6-57b39d710a92,2026-09-11T05:15:00Z,2026-09-11T07:15:00+0200,223.94,EUR/MWh,DE,DE_LU,day_ahead_price,value,2026-09-15T14:37:03Z
2026-09-15T14:34:43Z,2026-09-15T16:34:43+0200,a281d7c7-91db-4948-89d6-57b39d710a92,2026-09-11T05:30:00Z,2026-09-11T07:30:00+0200,224.34,EUR/MWh,DE,DE_LU,day_ahead_price,value,2026-09-15T14:37:03Z
2026-09-15T14:34:43Z,2026-09-15T16:34:43+0200,a281d7c7-91db-4948-89d6-57b39d710a92,2026-09-11T05:45:00Z,2026-09-11T07:45:00+0200,222.52,EUR/MWh,DE,DE_LU,day_ahead_price,value,2026-09-15T14:37:03Z
2026-09-15T14:34:43Z,2026-09-15T16:34:43+0200,a281d7c7-91db-4948-89d6-57b39d710a92,2026-09-11T06:00:00Z,2026-09-11T08:00:00+0200,233.43,EUR/MWh,DE,DE_LU,day_ahead_price,value,2026-09-15T14:37:03Z
2026-09-15T14:34:43Z,2026-09-15T16:34:43+0200,a281d7c7-91db-4948-89d6-57b39d710a92,2026-09-11T06:15:00Z,2026-09-11T08:15:00+0200,223.82,EUR/MWh,DE,DE_LU,day_ahead_price,value,2026-09-15T14:37:03Z
2026-09-15T14:34:43Z,2026-09-15T16:34:43+0200,a281d7c7-91db-4948-89d6-57b39d710a92,2026-09-11T06:30:00Z,2026-09-11T08:30:00+0200,213.25,EUR/MWh,DE,DE_LU,day_ahead_price,value,2026-09-15T14:37:03Z
2026-09-15T14:34:43Z,2026-09-15T16:34:43+0200,a281d7c7-91db-4948-89d6-57b39d710a92,2026-09-11T06:45:00Z,2026-09-11T08:45:00+0200,186.31,EUR/MWh,DE,DE_LU,day_ahead_price,value,2026-09-15T14:37:03Z
2026-09-15T14:34:43Z,2026-09-15T16:34:43+0200,a281d7c7-91db-4948-89d6-57b39d710a92,2026-09-11T07:00:00Z,2026-09-11T09:00:00+0200,204.75,EUR/MWh,DE,DE_LU,day_ahead_price,value,2026-09-15T14:37:03Z
2026-09-15T14:34:43Z,2026-09-15T16:34:43+0200,a281d7c7-91db-4948-89d6-57b39d710a92,2026-09-11T07:15:00Z,2026-09-11T09:15:00+0200,200.49,EUR/MWh,DE,DE_LU,day_ahead_price,value,2026-09-15T14:37:03Z
2026-09-15T14:34:43Z,2026-09-15T16:34:43+0200,a281d7c7-91db-4948-89d6-57b39d710a92,2026-09-11T07:30:00Z,2026-09-11T09:30:00+0200,191.95,EUR/MWh,DE,DE_LU,day_ahead_price,value,2026-09-15T14:37:03Z
2026-09-15T14:34:43Z,2026-09-15T16:34:43+0200,a281d7c7-91db-4948-89d6-57b39d710a92,2026-09-11T07:45:00Z,2026-09-11T09:45:00+0200,180.75,EUR/MWh,DE,DE_LU,day_ahead_price,value,2026-09-15T14:37:03Z
2026-09-15T14:34:43Z,2026-09-15T16:34:43+0200,a281d7c7-91db-4948-89d6-57b39d710a92,2026-09-11T08:00:00Z,2026-09-11T10:00:00+0200,204.6,EUR/MWh,DE,DE_LU,day_ahead_price,value,2026-09-15T14:37:03Z
2026-09-15T14:34:43Z,2026-09-15T16:34:43+0200,a281d7c7-91db-4948-89d6-57b39d710a92,2026-09-11T08:15:00Z,2026-09-11T10:15:00+0200,175.08,EUR/MWh,DE,DE_LU,day_ahead_price,value,2026-09-15T14:37:03Z
2026-09-15T14:34:43Z,2026-09-15T16:34:43+0200,a281d7c7-91db-4948-89d6-57b39d710a92,2026-09-11T08:30:00Z,2026-09-11T10:30:00+0200,169.13,EUR/MWh,DE,DE_LU,day_ahead_price,value,2026-09-15T14:37:03Z
2026-09-15T14:34:43Z,2026-09-15T16:34:43+0200,a281d7c7-91db-4948-89d6-57b39d710a92,2026-09-11T08:45:00Z,2026-09-11T10:45:00+0200,164.05,EUR/MWh,DE,DE_LU,day_ahead_price,value,2026-09-15T14:37:03Z
2026-09-15T14:34:43Z,2026-09-15T16:34:43+0200,a281d7c7-91db-4948-89d6-57b39d710a92,2026-09-11T09:00:00Z,2026-09-11T11:00:00+0200,157.73,EUR/MWh,DE,DE_LU,day_ahead_price,value,2026-09-15T14:37:03Z
2026-09-15T14:34:43Z,2026-09-15T16:34:43+0200,a281d7c7-91db-4948-89d6-57b39d710a92,2026-09-11T09:15:00Z,2026-09-11T11:15:00+0200,151.08,EUR/MWh,DE,DE_LU,day_ahead_price,value,2026-09-15T14:37:03Z
2026-09-15T14:34:43Z,2026-09-15T16:34:43+0200,a281d7c7-91db-4948-89d6-57b39d710a92,2026-09-11T09:30:00Z,2026-09-11T11:30:00+0200,143.84,EUR/MWh,DE,DE_LU,day_ahead_price,value,2026-09-15T14:37:03Z
2026-09-15T14:34:43Z,2026-09-15T16:34:43+0200,a281d7c7-91db-4948-89d6-57b39d710a92,2026-09-11T09:45:00Z,2026-09-11T11:45:00+0200,136.81,EUR/MWh,DE,DE_LU,day_ahead_price,value,2026-09-15T14:37:03Z
2026-09-15T14:34:43Z,2026-09-15T16:34:43+0200,a281d7c7-91db-4948-89d6-57b39d710a92,2026-09-11T10:00:00Z,2026-09-11T12:00:00+0200,137.2,EUR/MWh,DE,DE_LU,day_ahead_price,value,2026-09-15T14:37:03Z
2026-09-15T14:34:43Z,2026-09-15T16:34:43+0200,a281d7c7-91db-4948-89d6-57b39d710a92,2026-09-11T10:15:00Z,2026-09-11T12:15:00+0200,124.01,EUR/MWh,DE,DE_LU,day_ahead_price,value,2026-09-15T14:37:03Z
2026-09-15T14:34:43Z,2026-09-15T16:34:43+0200,a281d7c7-91db-4948-89d6-57b39d710a92,2026-09-11T10:30:00Z,2026-09-11T12:30:00+0200,130.17,EUR/MWh,DE,DE_LU,day_ahead_price,value,2026-09-15T14:37:03Z
2026-09-15T14:34:43Z,2026-09-15T16:34:43+0200,a281d7c7-91db-4948-89d6-57b39d710a92,2026-09-11T10:45:00Z,2026-09-11T12:45:00+0200,137.2,EUR/MWh,DE,DE_LU,day_ahead_price,value,2026-09-15T14:37:03Z
2026-09-15T14:34:43Z,2026-09-15T16:34:43+0200,a281d7c7-91db-4948-89d6-57b39d710a92,2026-09-11T11:00:00Z,2026-09-11T13:00:00+0200,121.92,EUR/MWh,DE,DE_LU,day_ahead_price,value,2026-09-15T14:37:03Z
2026-09-15T14:34:43Z,2026-09-15T16:34:43+0200,a281d7c7-91db-4948-89d6-57b39d710a92,2026-09-11T11:15:00Z,2026-09-11T13:15:00+0200,129.24,EUR/MWh,DE,DE_LU,day_ahead_price,value,2026-09-15T14:37:03Z
2026-09-15T14:34:43Z,2026-09-15T16:34:43+0200,a281d7c7-91db-4948-89d6-57b39d710a92,2026-09-11T11:30:00Z,2026-09-11T13:30:00+0200,135.0,EUR/MWh,DE,DE_LU,day_ahead_price,value,2026-09-15T14:37:03Z
2026-09-15T14:34:43Z,2026-09-15T16:34:43+0200,a281d7c7-91db-4948-89d6-57b39d710a92,2026-09-11T11:45:00Z,2026-09-11T13:45:00+0200,139.88,EUR/MWh,DE,DE_LU,day_ahead_price,value,2026-09-15T14:37:03Z
2026-09-15T14:34:43Z,2026-09-15T16:34:43+0200,a281d7c7-91db-4948-89d6-57b39d710a92,2026-09-11T12:00:00Z,2026-09-11T14:00:00+0200,138.18,EUR/MWh,DE,DE_LU,day_ahead_price,value,2026-09-15T14:37:03Z
2026-09-15T14:34:43Z,2026-09-15T16:34:43+0200,a281d7c7-91db-4948-89d6-57b39d710a92,2026-09-11T12:15:00Z,2026-09-11T14:15:00+0200,145.02,EUR/MWh,DE,DE_LU,day_ahead_price,value,2026-09-15T14:37:03Z
2026-09-15T14:34:43Z,2026-09-15T16:34:43+0200,a281d7c7-91db-4948-89d6-57b39d710a92,2026-09-11T12:30:00Z,2026-09-11T14:30:00+0200,149.1,EUR/MWh,DE,DE_LU,day_ahead_price,value,2026-09-15T14:37:03Z
2026-09-15T14:34:43Z,2026-09-15T16:34:43+0200,a281d7c7-91db-4948-89d6-57b39d710a92,2026-09-11T12:45:00Z,2026-09-11T14:45:00+0200,153.55,EUR/MWh,DE,DE_LU,day_ahead_price,value,2026-09-15T14:37:03Z
2026-09-15T14:34:43Z,2026-09-15T16:34:43+0200,a281d7c7-91db-4948-89d6-57b39d710a92,2026-09-11T13:00:00Z,2026-09-11T15:00:00+0200,150.0,EUR/MWh,DE,DE_LU,day_ahead_price,value,2026-09-15T14:37:03Z
2026-09-15T14:34:43Z,2026-09-15T16:34:43+0200,a281d7c7-91db-4948-89d6-57b39d710a92,2026-09-11T13:15:00Z,2026-09-11T15:15:00+0200,153.59,EUR/MWh,DE,DE_LU,day_ahead_price,value,2026-09-15T14:37:03Z
2026-09-15T14:34:43Z,2026-09-15T16:34:43+0200,a281d7c7-91db-4948-89d6-57b39d710a92,2026-09-11T13:30:00Z,2026-09-11T15:30:00+0200,158.37,EUR/MWh,DE,DE_LU,day_ahead_price,value,2026-09-15T14:37:03Z
2026-09-15T14:34:43Z,2026-09-15T16:34:43+0200,a281d7c7-91db-4948-89d6-57b39d710a92,2026-09-11T13:45:00Z,2026-09-11T15:45:00+0200,172.6,EUR/MWh,DE,DE_LU,day_ahead_price,value,2026-09-15T14:37:03Z
2026-09-15T14:34:43Z,2026-09-15T16:34:43+0200,a281d7c7-91db-4948-89d6-57b39d710a92,2026-09-11T14:00:00Z,2026-09-11T16:00:00+0200,157.43,EUR/MWh,DE,DE_LU,day_ahead_price,value,2026-09-15T14:37:03Z
2026-09-15T14:34:43Z,2026-09-15T16:34:43+0200,a281d7c7-91db-4948-89d6-57b39d710a92,2026-09-11T14:15:00Z,2026-09-11T16:15:00+0200,175.28,EUR/MWh,DE,DE_LU,day_ahead_price,value,2026-09-15T14:37:03Z
2026-09-15T14:34:43Z,2026-09-15T16:34:43+0200,a281d7c7-91db-4948-89d6-57b39d710a92,2026-09-11T14:30:00Z,2026-09-11T16:30:00+0200,192.0,EUR/MWh,DE,DE_LU,day_ahead_price,value,2026-09-15T14:37:03Z
2026-09-15T14:34:43Z,2026-09-15T16:34:43+0200,a281d7c7-91db-4948-89d6-57b39d710a92,2026-09-11T14:45:00Z,2026-09-11T16:45:00+0200,201.9,EUR/MWh,DE,DE_LU,day_ahead_price,value,2026-09-15T14:37:03Z
2026-09-15T14:34:43Z,2026-09-15T16:34:43+0200,a281d7c7-91db-4948-89d6-57b39d710a92,2026-09-11T15:00:00Z,2026-09-11T17:00:00+0200,181.52,EUR/MWh,DE,DE_LU,day_ahead_price,value,2026-09-15T14:37:03Z
2026-09-15T14:34:43Z,2026-09-15T16:34:43+0200,a281d7c7-91db-4948-89d6-57b39d710a92,2026-09-11T15:15:00Z,2026-09-11T17:15:00+0200,205.93,EUR/MWh,DE,DE_LU,day_ahead_price,value,2026-09-15T14:37:03Z
2026-09-15T14:34:43Z,2026-09-15T16:34:43+0200,a281d7c7-91db-4948-89d6-57b39d710a92,2026-09-11T15:30:00Z,2026-09-11T17:30:00+0200,216.99,EUR/MWh,DE,DE_LU,day_ahead_price,value,2026-09-15T14:37:03Z
2026-09-15T14:34:43Z,2026-09-15T16:34:43+0200,a281d7c7-91db-4948-89d6-57b39d710a92,2026-09-11T15:45:00Z,2026-09-11T17:45:00+0200,233.01,EUR/MWh,DE,DE_LU,day_ahead_price,value,2026-09-15T14:37:03Z
2026-09-15T14:34:43Z,2026-09-15T16:34:43+0200,a281d7c7-91db-4948-89d6-57b39d710a92,2026-09-11T16:00:00Z,2026-09-11T18:00:00+0200,216.99,EUR/MWh,DE,DE_LU,day_ahead_price,value,2026-09-15T14:37:03Z
2026-09-15T14:34:43Z,2026-09-15T16:34:43+0200,a281d7c7-91db-4948-89d6-57b39d710a92,2026-09-11T16:15:00Z,2026-09-11T18:15:00+0200,238.03,EUR/MWh,DE,DE_LU,day_ahead_price,value,2026-09-15T14:37:03Z
2026-09-15T14:34:43Z,2026-09-15T16:34:43+0200,a281d7c7-91db-4948-89d6-57b39d710a92,2026-09-11T16:30:00Z,2026-09-11T18:30:00+0200,260.78,EUR/MWh,DE,DE_LU,day_ahead_price,value,2026-09-15T14:37:03Z
2026-09-15T14:34:43Z,2026-09-15T16:34:43+0200,a281d7c7-91db-4948-89d6-57b39d710a92,2026-09-11T16:45:00Z,2026-09-11T18:45:00+0200,278.16,EUR/MWh,DE,DE_LU,day_ahead_price,value,2026-09-15T14:37:03Z
2026-09-15T14:34:43Z,2026-09-15T16:34:43+0200,a281d7c7-91db-4948-89d6-57b39d710a92,2026-09-11T17:00:00Z,2026-09-11T19:00:00+0200,288.88,EUR/MWh,DE,DE_LU,day_ahead_price,value,2026-09-15T14:37:03Z
2026-09-15T14:34:43Z,2026-09-15T16:34:43+0200,a281d7c7-91db-4948-89d6-57b39d710a92,2026-09-11T17:15:00Z,2026-09-11T19:15:00+0200,299.67,EUR/MWh,DE,DE_LU,day_ahead_price,value,2026-09-15T14:37:03Z
2026-09-15T14:34:43Z,2026-09-15T16:34:43+0200,a281d7c7-91db-4948-89d6-57b39d710a92,2026-09-11T17:30:00Z,2026-09-11T19:30:00+0200,321.55,EUR/MWh,DE,DE_LU,day_ahead_price,value,2026-09-15T14:37:03Z
2026-09-15T14:34:43Z,2026-09-15T16:34:43+0200,a281d7c7-91db-4948-89d6-57b39d710a92,2026-09-11T17:45:00Z,2026-09-11T19:45:00+0200,326.46,EUR/MWh,DE,DE_LU,day_ahead_price,value,2026-09-15T14:37:03Z
2026-09-15T14:34:43Z,2026-09-15T16:34:43+0200,a281d7c7-91db-4948-89d6-57b39d710a92,2026-09-11T18:00:00Z,2026-09-11T20:00:00+0200,315.61,EUR/MWh,DE,DE_LU,day_ahead_price,value,2026-09-15T14:37:03Z
2026-09-15T14:34:43Z,2026-09-15T16:34:43+0200,a281d7c7-91db-4948-89d6-57b39d710a92,2026-09-11T18:15:00Z,2026-09-11T20:15:00+0200,294.94,EUR/MWh,DE,DE_LU,day_ahead_price,value,2026-09-15T14:37:03Z
2026-09-15T14:34:43Z,2026-09-15T16:34:43+0200,a281d7c7-91db-4948-89d6-57b39d710a92,2026-09-11T18:30:00Z,2026-09-11T20:30:00+0200,277.21,EUR/MWh,DE,DE_LU,day_ahead_price,value,2026-09-15T14:37:03Z
2026-09-15T14:34:43Z,2026-09-15T16:34:43+0200,a281d7c7-91db-4948-89d6-57b39d710a92,2026-09-11T18:45:00Z,2026-09-11T20:45:00+0200,267.9,EUR/MWh,DE,DE_LU,day_ahead_price,value,2026-09-15T14:37:03Z
2026-09-15T14:34:43Z,2026-09-15T16:34:43+0200,a281d7c7-91db-4948-89d6-57b39d710a92,2026-09-11T19:00:00Z,2026-09-11T21:00:00+0200,270.29,EUR/MWh,DE,DE_LU,day_ahead_price,value,2026-09-15T14:37:03Z
2026-09-15T14:34:43Z,2026-09-15T16:34:43+0200,a281d7c7-91db-4948-89d6-57b39d710a92,2026-09-11T19:15:00Z,2026-09-11T21:15:00+0200,245.22,EUR/MWh,DE,DE_LU,day_ahead_price,value,2026-09-15T14:37:03Z
2026-09-15T14:34:43Z,2026-09-15T16:34:43+0200,a281d7c7-91db-4948-89d6-57b39d710a92,2026-09-11T19:30:00Z,2026-09-11T21:30:00+0200,236.0,EUR/MWh,DE,DE_LU,day_ahead_price,value,2026-09-15T14:37:03Z
2026-09-15T14:34:43Z,2026-09-15T16:34:43+0200,a281d7c7-91db-4948-89d6-57b39d710a92,2026-09-11T19:45:00Z,2026-09-11T21:45:00+0200,228.79,EUR/MWh,DE,DE_LU,day_ahead_price,value,2026-09-15T14:37:03Z
2026-09-15T14:34:43Z,2026-09-15T16:34:43+0200,a281d7c7-91db-4948-89d6-57b39d710a92,2026-09-11T20:00:00Z,2026-09-11T22:00:00+0200,234.01,EUR/MWh,DE,DE_LU,day_ahead_price,value,2026-09-15T14:37:03Z
2026-09-15T14:34:43Z,2026-09-15T16:34:43+0200,a281d7c7-91db-4948-89d6-57b39d710a92,2026-09-11T20:15:00Z,2026-09-11T22:15:00+0200,225.01,EUR/MWh,DE,DE_LU,day_ahead_price,value,2026-09-15T14:37:03Z
2026-09-15T14:34:43Z,2026-09-15T16:34:43+0200,a281d7c7-91db-4948-89d6-57b39d710a92,2026-09-11T20:30:00Z,2026-09-11T22:30:00+0200,222.31,EUR/MWh,DE,DE_LU,day_ahead_price,value,2026-09-15T14:37:03Z
2026-09-15T14:34:43Z,2026-09-15T16:34:43+0200,a281d7c7-91db-4948-89d6-57b39d710a92,2026-09-11T20:45:00Z,2026-09-11T22:45:00+0200,218.53,EUR/MWh,DE,DE_LU,day_ahead_price,value,2026-09-15T14:37:03Z
2026-09-15T14:34:43Z,2026-09-15T16:34:43+0200,a281d7c7-91db-4948-89d6-57b39d710a92,2026-09-11T21:00:00Z,2026-09-11T23:00:00+0200,217.0,EUR/MWh,DE,DE_LU,day_ahead_price,value,2026-09-15T14:37:03Z
2026-09-15T14:34:43Z,2026-09-15T16:34:43+0200,a281d7c7-91db-4948-89d6-57b39d710a92,2026-09-11T21:15:00Z,2026-09-11T23:15:00+0200,207.0,EUR/MWh,DE,DE_LU,day_ahead_price,value,2026-09-15T14:37:03Z
2026-09-15T14:34:43Z,2026-09-15T16:34:43+0200,a281d7c7-91db-4948-89d6-57b39d710a92,2026-09-11T21:30:00Z,2026-09-11T23:30:00+0200,202.41,EUR/MWh,DE,DE_LU,day_ahead_price,value,2026-09-15T14:37:03Z
2026-09-15T14:34:43Z,2026-09-15T16:34:43+0200,a281d7c7-91db-4948-89d6-57b39d710a92,2026-09-11T21:45:00Z,2026-09-11T23:45:00+0200,192.02,EUR/MWh,DE,DE_LU,day_ahead_price,value,2026-09-15T14:37:03Z
2026-09-15T14:34:43Z,2026-09-15T16:34:43+0200,a281d7c7-91db-4948-89d6-57b39d710a92,2026-09-11T22:00:00Z,2026-09-12T00:00:00+0200,212.04,EUR/MWh,DE,DE_LU,day_ahead_price,value,2026-09-15T14:37:03Z
2026-09-15T14:34:43Z,2026-09-15T16:34:43+0200,a281d7c7-91db-4948-89d6-57b39d710a92,2026-09-11T22:15:00Z,2026-09-12T00:15:00+0200,206.52,EUR/MWh,DE,DE_LU,day_ahead_price,value,2026-09-15T14:37:03Z
2026-09-15T14:34:43Z,2026-09-15T16:34:43+0200,a281d7c7-91db-4948-89d6-57b39d710a92,2026-09-11T22:30:00Z,2026-09-12T00:30:00+0200,203.68,EUR/MWh,DE,DE_LU,day_ahead_price,value,2026-09-15T14:37:03Z
2026-09-15T14:34:43Z,2026-09-15T16:34:43+0200,a281d7c7-91db-4948-89d6-57b39d710a92,2026-09-11T22:45:00Z,2026-09-12T00:45:00+0200,198.88,EUR/MWh,DE,DE_LU,day_ahead_price,value,2026-09-15T14:37:03Z
2026-09-15T14:34:43Z,2026-09-15T16:34:43+0200,a281d7c7-91db-4948-89d6-57b39d710a92,2026-09-11T23:00:00Z,2026-09-12T01:00:00+0200,205.88,EUR/MWh,DE,DE_LU,day_ahead_price,value,2026-09-15T14:37:03Z
2026-09-15T14:34:43Z,2026-09-15T16:34:43+0200,a281d7c7-91db-4948-89d6-57b39d710a92,2026-09-11T23:15:00Z,2026-09-12T01:15:00+0200,199.05,EUR/MWh,DE,DE_LU,day_ahead_price,value,2026-09-15T14:37:03Z
2026-09-15T14:34:43Z,2026-09-15T16:34:43+0200,a281d7c7-91db-4948-89d6-57b39d710a92,2026-09-11T23:30:00Z,2026-09-12T01:30:00+0200,197.21,EUR/MWh,DE,DE_LU,day_ahead_price,value,2026-09-15T14:37:03Z
2026-09-15T14:34:43Z,2026-09-15T16:34:43+0200,a281d7c7-91db-4948-89d6-57b39d710a92,2026-09-11T23:45:00Z,2026-09-12T01:45:00+0200,194.0,EUR/MWh,DE,DE_LU,day_ahead_price,value,2026-09-15T14:37:03Z
2026-09-15T14:34:43Z,2026-09-15T16:34:43+0200,a281d7c7-91db-4948-89d6-57b39d710a92,2026-09-12T00:00:00Z,2026-09-12T02:00:00+0200,197.97,EUR/MWh,DE,DE_LU,day_ahead_price,value,2026-09-15T14:37:03Z
2026-09-15T14:34:43Z,2026-09-15T16:34:43+0200,a281d7c7-91db-4948-89d6-57b39d710a92,2026-09-12T00:15:00Z,2026-09-12T02:15:00+0200,198.57,EUR/MWh,DE,DE_LU,day_ahead_price,value,2026-09-15T14:37:03Z
2026-09-15T14:34:43Z,2026-09-15T16:34:43+0200,a281d7c7-91db-4948-89d6-57b39d710a92,2026-09-12T00:30:00Z,2026-09-12T02:30:00+0200,195.0,EUR/MWh,DE,DE_LU,day_ahead_price,value,2026-09-15T14:37:03Z
2026-09-15T14:34:43Z,2026-09-15T16:34:43+0200,a281d7c7-91db-4948-89d6-57b39d710a92,2026-09-12T00:45:00Z,2026-09-12T02:45:00+0200,194.0,EUR/MWh,DE,DE_LU,day_ahead_price,value,2026-09-15T14:37:03Z
2026-09-15T14:34:43Z,2026-09-15T16:34:43+0200,a281d7c7-91db-4948-89d6-57b39d710a92,2026-09-12T01:00:00Z,2026-09-12T03:00:00+0200,190.18,EUR/MWh,DE,DE_LU,day_ahead_price,value,2026-09-15T14:37:03Z
2026-09-15T14:34:43Z,2026-09-15T16:34:43+0200,a281d7c7-91db-4948-89d6-57b39d710a92,2026-09-12T01:15:00Z,2026-09-12T03:15:00+0200,189.82,EUR/MWh,DE,DE_LU,day_ahead_price,value,2026-09-15T14:37:03Z
2026-09-15T14:34:43Z,2026-09-15T16:34:43+0200,a281d7c7-91db-4948-89d6-57b39d710a92,2026-09-12T01:30:00Z,2026-09-12T03:30:00+0200,188.6,EUR/MWh,DE,DE_LU,day_ahead_price,value,2026-09-15T14:37:03Z
2026-09-15T14:34:43Z,2026-09-15T16:34:43+0200,a281d7c7-91db-4948-89d6-57b39d710a92,2026-09-12T01:45:00Z,2026-09-12T03:45:00+0200,188.6,EUR/MWh,DE,DE_LU,day_ahead_price,value,2026-09-15T14:37:03Z
2026-09-15T14:34:43Z,2026-09-15T16:34:43+0200,a281d7c7-91db-4948-89d6-57b39d710a92,2026-09-12T02:00:00Z,2026-09-12T04:00:00+0200,184.5,EUR/MWh,DE,DE_LU,day_ahead_price,value,2026-09-15T14:37:03Z
2026-09-15T14:34:43Z,2026-09-15T16:34:43+0200,a281d7c7-91db-4948-89d6-57b39d710a92,2026-09-12T02:15:00Z,2026-09-12T04:15:00+0200,182.43,EUR/MWh,DE,DE_LU,day_ahead_price,value,2026-09-15T14:37:03Z
2026-09-15T14:34:43Z,2026-09-15T16:34:43+0200,a281d7c7-91db-4948-89d6-57b39d710a92,2026-09-12T02:30:00Z,2026-09-12T04:30:00+0200,185.0,EUR/MWh,DE,DE_LU,day_ahead_price,value,2026-09-15T14:37:03Z
2026-09-15T14:34:43Z,2026-09-15T16:34:43+0200,a281d7c7-91db-4948-89d6-57b39d710a92,2026-09-12T02:45:00Z,2026-09-12T04:45:00+0200,185.0,EUR/MWh,DE,DE_LU,day_ahead_price,value,2026-09-15T14:37:03Z
2026-09-15T14:34:43Z,2026-09-15T16:34:43+0200,a281d7c7-91db-4948-89d6-57b39d710a92,2026-09-12T03:00:00Z,2026-09-12T05:00:00+0200,184.5,EUR/MWh,DE,DE_LU,day_ahead_price,value,2026-09-15T14:37:03Z
2026-09-15T14:34:43Z,2026-09-15T16:34:43+0200,a281d7c7-91db-4948-89d6-57b39d710a92,2026-09-12T03:15:00Z,2026-09-12T05:15:00+0200,185.2,EUR/MWh,DE,DE_LU,day_ahead_price,value,2026-09-15T14:37:03Z
2026-09-15T14:34:43Z,2026-09-15T16:34:43+0200,a281d7c7-91db-4948-89d6-57b39d710a92,2026-09-12T03:30:00Z,2026-09-12T05:30:00+0200,186.37,EUR/MWh,DE,DE_LU,day_ahead_price,value,2026-09-15T14:37:03Z
2026-09-15T14:34:43Z,2026-09-15T16:34:43+0200,a281d7c7-91db-4948-89d6-57b39d710a92,2026-09-12T03:45:00Z,2026-09-12T05:45:00+0200,190.73,EUR/MWh,DE,DE_LU,day_ahead_price,value,2026-09-15T14:37:03Z
2026-09-15T14:34:43Z,2026-09-15T16:34:43+0200,a281d7c7-91db-4948-89d6-57b39d710a92,2026-09-12T04:00:00Z,2026-09-12T06:00:00+0200,190.15,EUR/MWh,DE,DE_LU,day_ahead_price,value,2026-09-15T14:37:03Z
2026-09-15T14:34:43Z,2026-09-15T16:34:43+0200,a281d7c7-91db-4948-89d6-57b39d710a92,2026-09-12T04:15:00Z,2026-09-12T06:15:00+0200,192.74,EUR/MWh,DE,DE_LU,day_ahead_price,value,2026-09-15T14:37:03Z
2026-09-15T14:34:43Z,2026-09-15T16:34:43+0200,a281d7c7-91db-4948-89d6-57b39d710a92,2026-09-12T04:30:00Z,2026-09-12T06:30:00+0200,196.8,EUR/MWh,DE,DE_LU,day_ahead_price,value,2026-09-15T14:37:03Z
2026-09-15T14:34:43Z,2026-09-15T16:34:43+0200,a281d7c7-91db-4948-89d6-57b39d710a92,2026-09-12T04:45:00Z,2026-09-12T06:45:00+0200,193.07,EUR/MWh,DE,DE_LU,day_ahead_price,value,2026-09-15T14:37:03Z
2026-09-15T14:34:43Z,2026-09-15T16:34:43+0200,a281d7c7-91db-4948-89d6-57b39d710a92,2026-09-12T05:00:00Z,2026-09-12T07:00:00+0200,199.88,EUR/MWh,DE,DE_LU,day_ahead_price,value,2026-09-15T14:37:03Z
2026-09-15T14:34:43Z,2026-09-15T16:34:43+0200,a281d7c7-91db-4948-89d6-57b39d710a92,2026-09-12T05:15:00Z,2026-09-12T07:15:00+0200,196.7,EUR/MWh,DE,DE_LU,day_ahead_price,value,2026-09-15T14:37:03Z
2026-09-15T14:34:43Z,2026-09-15T16:34:43+0200,a281d7c7-91db-4948-89d6-57b39d710a92,2026-09-12T05:30:00Z,2026-09-12T07:30:00+0200,191.12,EUR/MWh,DE,DE_LU,day_ahead_price,value,2026-09-15T14:37:03Z
2026-09-15T14:34:43Z,2026-09-15T16:34:43+0200,a281d7c7-91db-4948-89d6-57b39d710a92,2026-09-12T05:45:00Z,2026-09-12T07:45:00+0200,186.8,EUR/MWh,DE,DE_LU,day_ahead_price,value,2026-09-15T14:37:03Z
2026-09-15T14:34:43Z,2026-09-15T16:34:43+0200,a281d7c7-91db-4948-89d6-57b39d710a92,2026-09-12T06:00:00Z,2026-09-12T08:00:00+0200,200.75,EUR/MWh,DE,DE_LU,day_ahead_price,value,2026-09-15T14:37:03Z
2026-09-15T14:34:43Z,2026-09-15T16:34:43+0200,a281d7c7-91db-4948-89d6-57b39d710a92,2026-09-12T06:15:00Z,2026-09-12T08:15:00+0200,188.62,EUR/MWh,DE,DE_LU,day_ahead_price,value,2026-09-15T14:37:03Z
2026-09-15T14:34:43Z,2026-09-15T16:34:43+0200,a281d7c7-91db-4948-89d6-57b39d710a92,2026-09-12T06:30:00Z,2026-09-12T08:30:00+0200,161.01,EUR/MWh,DE,DE_LU,day_ahead_price,value,2026-09-15T14:37:03Z
2026-09-15T14:34:43Z,2026-09-15T16:34:43+0200,a281d7c7-91db-4948-89d6-57b39d710a92,2026-09-12T06:45:00Z,2026-09-12T08:45:00+0200,144.94,EUR/MWh,DE,DE_LU,day_ahead_price,value,2026-09-15T14:37:03Z
2026-09-15T14:34:43Z,2026-09-15T16:34:43+0200,a281d7c7-91db-4948-89d6-57b39d710a92,2026-09-12T07:00:00Z,2026-09-12T09:00:00+0200,182.81,EUR/MWh,DE,DE_LU,day_ahead_price,value,2026-09-15T14:37:03Z
2026-09-15T14:34:43Z,2026-09-15T16:34:43+0200,a281d7c7-91db-4948-89d6-57b39d710a92,2026-09-12T07:15:00Z,2026-09-12T09:15:00+0200,150.39,EUR/MWh,DE,DE_LU,day_ahead_price,value,2026-09-15T14:37:03Z
2026-09-15T14:34:43Z,2026-09-15T16:34:43+0200,a281d7c7-91db-4948-89d6-57b39d710a92,2026-09-12T07:30:00Z,2026-09-12T09:30:00+0200,131.71,EUR/MWh,DE,DE_LU,day_ahead_price,value,2026-09-15T14:37:03Z
2026-09-15T14:34:43Z,2026-09-15T16:34:43+0200,a281d7c7-91db-4948-89d6-57b39d710a92,2026-09-12T07:45:00Z,2026-09-12T09:45:00+0200,108.19,EUR/MWh,DE,DE_LU,day_ahead_price,value,2026-09-15T14:37:03Z
2026-09-15T14:34:43Z,2026-09-15T16:34:43+0200,a281d7c7-91db-4948-89d6-57b39d710a92,2026-09-12T08:00:00Z,2026-09-12T10:00:00+0200,122.71,EUR/MWh,DE,DE_LU,day_ahead_price,value,2026-09-15T14:37:03Z
2026-09-15T14:34:43Z,2026-09-15T16:34:43+0200,a281d7c7-91db-4948-89d6-57b39d710a92,2026-09-12T08:15:00Z,2026-09-12T10:15:00+0200,105.77,EUR/MWh,DE,DE_LU,day_ahead_price,value,2026-09-15T14:37:03Z
2026-09-15T14:34:43Z,2026-09-15T16:34:43+0200,a281d7c7-91db-4948-89d6-57b39d710a92,2026-09-12T08:30:00Z,2026-09-12T10:30:00+0200,85.0,EUR/MWh,DE,DE_LU,day_ahead_price,value,2026-09-15T14:37:03Z
2026-09-15T14:34:43Z,2026-09-15T16:34:43+0200,a281d7c7-91db-4948-89d6-57b39d710a92,2026-09-12T08:45:00Z,2026-09-12T10:45:00+0200,43.36,EUR/MWh,DE,DE_LU,day_ahead_price,value,2026-09-15T14:37:03Z
2026-09-15T14:34:43Z,2026-09-15T16:34:43+0200,a281d7c7-91db-4948-89d6-57b39d710a92,2026-09-12T09:00:00Z,2026-09-12T11:00:00+0200,65.89,EUR/MWh,DE,DE_LU,day_ahead_price,value,2026-09-15T14:37:03Z
2026-09-15T14:34:43Z,2026-09-15T16:34:43+0200,a281d7c7-91db-4948-89d6-57b39d710a92,2026-09-12T09:15:00Z,2026-09-12T11:15:00+0200,42.8,EUR/MWh,DE,DE_LU,day_ahead_price,value,2026-09-15T14:37:03Z
2026-09-15T14:34:43Z,2026-09-15T16:34:43+0200,a281d7c7-91db-4948-89d6-57b39d710a92,2026-09-12T09:30:00Z,2026-09-12T11:30:00+0200,16.84,EUR/MWh,DE,DE_LU,day_ahead_price,value,2026-09-15T14:37:03Z
2026-09-15T14:34:43Z,2026-09-15T16:34:43+0200,a281d7c7-91db-4948-89d6-57b39d710a92,2026-09-12T09:45:00Z,2026-09-12T11:45:00+0200,5.86,EUR/MWh,DE,DE_LU,day_ahead_price,value,2026-09-15T14:37:03Z
2026-09-15T14:34:43Z,2026-09-15T16:34:43+0200,a281d7c7-91db-4948-89d6-57b39d710a92,2026-09-12T10:00:00Z,2026-09-12T12:00:00+0200,4.04,EUR/MWh,DE,DE_LU,day_ahead_price,value,2026-09-15T14:37:03Z
2026-09-15T14:34:43Z,2026-09-15T16:34:43+0200,a281d7c7-91db-4948-89d6-57b39d710a92,2026-09-12T10:15:00Z,2026-09-12T12:15:00+0200,0.0,EUR/MWh,DE,DE_LU,day_ahead_price,value,2026-09-15T14:37:03Z
2026-09-15T14:34:43Z,2026-09-15T16:34:43+0200,a281d7c7-91db-4948-89d6-57b39d710a92,2026-09-12T10:30:00Z,2026-09-12T12:30:00+0200,-0.01,EUR/MWh,DE,DE_LU,day_ahead_price,value,2026-09-15T14:37:03Z
2026-09-15T14:34:43Z,2026-09-15T16:34:43+0200,a281d7c7-91db-4948-89d6-57b39d710a92,2026-09-12T10:45:00Z,2026-09-12T12:45:00+0200,-0.02,EUR/MWh,DE,DE_LU,day_ahead_price,value,2026-09-15T14:37:03Z
2026-09-15T14:34:43Z,2026-09-15T16:34:43+0200,a281d7c7-91db-4948-89d6-57b39d710a92,2026-09-12T11:00:00Z,2026-09-12T13:00:00+0200,-0.01,EUR/MWh,DE,DE_LU,day_ahead_price,value,2026-09-15T14:37:03Z
2026-09-15T14:34:43Z,2026-09-15T16:34:43+0200,a281d7c7-91db-4948-89d6-57b39d710a92,2026-09-12T11:15:00Z,2026-09-12T13:15:00+0200,-0.05,EUR/MWh,DE,DE_LU,day_ahead_price,value,2026-09-15T14:37:03Z
2026-09-15T14:34:43Z,2026-09-15T16:34:43+0200,a281d7c7-91db-4948-89d6-57b39d710a92,2026-09-12T11:30:00Z,2026-09-12T13:30:00+0200,-0.05,EUR/MWh,DE,DE_LU,day_ahead_price,value,2026-09-15T14:37:03Z
2026-09-15T14:34:43Z,2026-09-15T16:34:43+0200,a281d7c7-91db-4948-89d6-57b39d710a92,2026-09-12T11:45:00Z,2026-09-12T13:45:00+0200,-0.09,EUR/MWh,DE,DE_LU,day_ahead_price,value,2026-09-15T14:37:03Z
2026-09-15T14:34:43Z,2026-09-15T16:34:43+0200,a281d7c7-91db-4948-89d6-57b39d710a92,2026-09-12T12:00:00Z,2026-09-12T14:00:00+0200,-0.48,EUR/MWh,DE,DE_LU,day_ahead_price,value,2026-09-15T14:37:03Z
2026-09-15T14:34:43Z,2026-09-15T16:34:43+0200,a281d7c7-91db-4948-89d6-57b39d710a92,2026-09-12T12:15:00Z,2026-09-12T14:15:00+0200,-0.19,EUR/MWh,DE,DE_LU,day_ahead_price,value,2026-09-15T14:37:03Z
2026-09-15T14:34:43Z,2026-09-15T16:34:43+0200,a281d7c7-91db-4948-89d6-57b39d710a92,2026-09-12T12:30:00Z,2026-09-12T14:30:00+0200,-0.13,EUR/MWh,DE,DE_LU,day_ahead_price,value,2026-09-15T14:37:03Z
2026-09-15T14:34:43Z,2026-09-15T16:34:43+0200,a281d7c7-91db-4948-89d6-57b39d710a92,2026-09-12T12:45:00Z,2026-09-12T14:45:00+0200,-0.17,EUR/MWh,DE,DE_LU,day_ahead_price,value,2026-09-15T14:37:03Z
2026-09-15T14:34:43Z,2026-09-15T16:34:43+0200,a281d7c7-91db-4948-89d6-57b39d710a92,2026-09-12T13:00:00Z,2026-09-12T15:00:00+0200,-0.01,EUR/MWh,DE,DE_LU,day_ahead_price,value,2026-09-15T14:37:03Z
2026-09-15T14:34:43Z,2026-09-15T16:34:43+0200,a281d7c7-91db-4948-89d6-57b39d710a92,2026-09-12T13:15:00Z,2026-09-12T15:15:00+0200,0.0,EUR/MWh,DE,DE_LU,day_ahead_price,value,2026-09-15T14:37:03Z
2026-09-15T14:34:43Z,2026-09-15T16:34:43+0200,a281d7c7-91db-4948-89d6-57b39d710a92,2026-09-12T13:30:00Z,2026-09-12T15:30:00+0200,0.0,EUR/MWh,DE,DE_LU,day_ahead_price,value,2026-09-15T14:37:03Z
2026-09-15T14:34:43Z,2026-09-15T16:34:43+0200,a281d7c7-91db-4948-89d6-57b39d710a92,2026-09-12T13:45:00Z,2026-09-12T15:45:00+0200,2.91,EUR/MWh,DE,DE_LU,day_ahead_price,value,2026-09-15T14:37:03Z
2026-09-15T14:34:43Z,2026-09-15T16:34:43+0200,a281d7c7-91db-4948-89d6-57b39d710a92,2026-09-12T14:00:00Z,2026-09-12T16:00:00+0200,0.01,EUR/MWh,DE,DE_LU,day_ahead_price,value,2026-09-15T14:37:03Z
2026-09-15T14:34:43Z,2026-09-15T16:34:43+0200,a281d7c7-91db-4948-89d6-57b39d710a92,2026-09-12T14:15:00Z,2026-09-12T16:15:00+0200,7.17,EUR/MWh,DE,DE_LU,day_ahead_price,value,2026-09-15T14:37:03Z
2026-09-15T14:34:43Z,2026-09-15T16:34:43+0200,a281d7c7-91db-4948-89d6-57b39d710a92,2026-09-12T14:30:00Z,2026-09-12T16:30:00+0200,43.29,EUR/MWh,DE,DE_LU,day_ahead_price,value,2026-09-15T14:37:03Z
2026-09-15T14:34:43Z,2026-09-15T16:34:43+0200,a281d7c7-91db-4948-89d6-57b39d710a92,2026-09-12T14:45:00Z,2026-09-12T16:45:00+0200,87.29,EUR/MWh,DE,DE_LU,day_ahead_price,value,2026-09-15T14:37:03Z
2026-09-15T14:34:43Z,2026-09-15T16:34:43+0200,a281d7c7-91db-4948-89d6-57b39d710a92,2026-09-12T15:00:00Z,2026-09-12T17:00:00+0200,83.4,EUR/MWh,DE,DE_LU,day_ahead_price,value,2026-09-15T14:37:03Z
2026-09-15T14:34:43Z,2026-09-15T16:34:43+0200,a281d7c7-91db-4948-89d6-57b39d710a92,2026-09-12T15:15:00Z,2026-09-12T17:15:00+0200,114.22,EUR/MWh,DE,DE_LU,day_ahead_price,value,2026-09-15T14:37:03Z
2026-09-15T14:34:43Z,2026-09-15T16:34:43+0200,a281d7c7-91db-4948-89d6-57b39d710a92,2026-09-12T15:30:00Z,2026-09-12T17:30:00+0200,126.78,EUR/MWh,DE,DE_LU,day_ahead_price,value,2026-09-15T14:37:03Z
2026-09-15T14:34:43Z,2026-09-15T16:34:43+0200,a281d7c7-91db-4948-89d6-57b39d710a92,2026-09-12T15:45:00Z,2026-09-12T17:45:00+0200,150.4,EUR/MWh,DE,DE_LU,day_ahead_price,value,2026-09-15T14:37:03Z
2026-09-15T14:34:43Z,2026-09-15T16:34:43+0200,a281d7c7-91db-4948-89d6-57b39d710a92,2026-09-12T16:00:00Z,2026-09-12T18:00:00+0200,145.35,EUR/MWh,DE,DE_LU,day_ahead_price,value,2026-09-15T14:37:03Z
2026-09-15T14:34:43Z,2026-09-15T16:34:43+0200,a281d7c7-91db-4948-89d6-57b39d710a92,2026-09-12T16:15:00Z,2026-09-12T18:15:00+0200,180.12,EUR/MWh,DE,DE_LU,day_ahead_price,value,2026-09-15T14:37:03Z
2026-09-15T14:34:43Z,2026-09-15T16:34:43+0200,a281d7c7-91db-4948-89d6-57b39d710a92,2026-09-12T16:30:00Z,2026-09-12T18:30:00+0200,191.46,EUR/MWh,DE,DE_LU,day_ahead_price,value,2026-09-15T14:37:03Z
2026-09-15T14:34:43Z,2026-09-15T16:34:43+0200,a281d7c7-91db-4948-89d6-57b39d710a92,2026-09-12T16:45:00Z,2026-09-12T18:45:00+0200,194.83,EUR/MWh,DE,DE_LU,day_ahead_price,value,2026-09-15T14:37:03Z
2026-09-15T14:34:43Z,2026-09-15T16:34:43+0200,a281d7c7-91db-4948-89d6-57b39d710a92,2026-09-12T17:00:00Z,2026-09-12T19:00:00+0200,194.44,EUR/MWh,DE,DE_LU,day_ahead_price,value,2026-09-15T14:37:03Z
2026-09-15T14:34:43Z,2026-09-15T16:34:43+0200,a281d7c7-91db-4948-89d6-57b39d710a92,2026-09-12T17:15:00Z,2026-09-12T19:15:00+0200,204.81,EUR/MWh,DE,DE_LU,day_ahead_price,value,2026-09-15T14:37:03Z
2026-09-15T14:34:43Z,2026-09-15T16:34:43+0200,a281d7c7-91db-4948-89d6-57b39d710a92,2026-09-12T17:30:00Z,2026-09-12T19:30:00+0200,204.46,EUR/MWh,DE,DE_LU,day_ahead_price,value,2026-09-15T14:37:03Z
2026-09-15T14:34:43Z,2026-09-15T16:34:43+0200,a281d7c7-91db-4948-89d6-57b39d710a92,2026-09-12T17:45:00Z,2026-09-12T19:45:00+0200,210.24,EUR/MWh,DE,DE_LU,day_ahead_price,value,2026-09-15T14:37:03Z
2026-09-15T14:34:43Z,2026-09-15T16:34:43+0200,a281d7c7-91db-4948-89d6-57b39d710a92,2026-09-12T18:00:00Z,2026-09-12T20:00:00+0200,210.99,EUR/MWh,DE,DE_LU,day_ahead_price,value,2026-09-15T14:37:03Z
2026-09-15T14:34:43Z,2026-09-15T16:34:43+0200,a281d7c7-91db-4948-89d6-57b39d710a92,2026-09-12T18:15:00Z,2026-09-12T20:15:00+0200,211.17,EUR/MWh,DE,DE_LU,day_ahead_price,value,2026-09-15T14:37:03Z
2026-09-15T14:34:43Z,2026-09-15T16:34:43+0200,a281d7c7-91db-4948-89d6-57b39d710a92,2026-09-12T18:30:00Z,2026-09-12T20:30:00+0200,210.92,EUR/MWh,DE,DE_LU,day_ahead_price,value,2026-09-15T14:37:03Z
2026-09-15T14:34:43Z,2026-09-15T16:34:43+0200,a281d7c7-91db-4948-89d6-57b39d710a92,2026-09-12T18:45:00Z,2026-09-12T20:45:00+0200,207.69,EUR/MWh,DE,DE_LU,day_ahead_price,value,2026-09-15T14:37:03Z
2026-09-15T14:34:43Z,2026-09-15T16:34:43+0200,a281d7c7-91db-4948-89d6-57b39d710a92,2026-09-12T19:00:00Z,2026-09-12T21:00:00+0200,210.75,EUR/MWh,DE,DE_LU,day_ahead_price,value,2026-09-15T14:37:03Z
2026-09-15T14:34:43Z,2026-09-15T16:34:43+0200,a281d7c7-91db-4948-89d6-57b39d710a92,2026-09-12T19:15:00Z,2026-09-12T21:15:00+0200,204.94,EUR/MWh,DE,DE_LU,day_ahead_price,value,2026-09-15T14:37:03Z
2026-09-15T14:34:43Z,2026-09-15T16:34:43+0200,a281d7c7-91db-4948-89d6-57b39d710a92,2026-09-12T19:30:00Z,2026-09-12T21:30:00+0200,201.06,EUR/MWh,DE,DE_LU,day_ahead_price,value,2026-09-15T14:37:03Z
2026-09-15T14:34:43Z,2026-09-15T16:34:43+0200,a281d7c7-91db-4948-89d6-57b39d710a92,2026-09-12T19:45:00Z,2026-09-12T21:45:00+0200,191.74,EUR/MWh,DE,DE_LU,day_ahead_price,value,2026-09-15T14:37:03Z
2026-09-15T14:34:43Z,2026-09-15T16:34:43+0200,a281d7c7-91db-4948-89d6-57b39d710a92,2026-09-12T20:00:00Z,2026-09-12T22:00:00+0200,199.35,EUR/MWh,DE,DE_LU,day_ahead_price,value,2026-09-15T14:37:03Z
2026-09-15T14:34:43Z,2026-09-15T16:34:43+0200,a281d7c7-91db-4948-89d6-57b39d710a92,2026-09-12T20:15:00Z,2026-09-12T22:15:00+0200,191.77,EUR/MWh,DE,DE_LU,day_ahead_price,value,2026-09-15T14:37:03Z
2026-09-15T14:34:43Z,2026-09-15T16:34:43+0200,a281d7c7-91db-4948-89d6-57b39d710a92,2026-09-12T20:30:00Z,2026-09-12T22:30:00+0200,189.05,EUR/MWh,DE,DE_LU,day_ahead_price,value,2026-09-15T14:37:03Z
2026-09-15T14:34:43Z,2026-09-15T16:34:43+0200,a281d7c7-91db-4948-89d6-57b39d710a92,2026-09-12T20:45:00Z,2026-09-12T22:45:00+0200,183.73,EUR/MWh,DE,DE_LU,day_ahead_price,value,2026-09-15T14:37:03Z
2026-09-15T14:34:43Z,2026-09-15T16:34:43+0200,a281d7c7-91db-4948-89d6-57b39d710a92,2026-09-12T21:00:00Z,2026-09-12T23:00:00+0200,191.46,EUR/MWh,DE,DE_LU,day_ahead_price,value,2026-09-15T14:37:03Z
2026-09-15T14:34:43Z,2026-09-15T16:34:43+0200,a281d7c7-91db-4948-89d6-57b39d710a92,2026-09-12T21:15:00Z,2026-09-12T23:15:00+0200,186.02,EUR/MWh,DE,DE_LU,day_ahead_price,value,2026-09-15T14:37:03Z
2026-09-15T14:34:43Z,2026-09-15T16:34:43+0200,a281d7c7-91db-4948-89d6-57b39d710a92,2026-09-12T21:30:00Z,2026-09-12T23:30:00+0200,182.21,EUR/MWh,DE,DE_LU,day_ahead_price,value,2026-09-15T14:37:03Z
2026-09-15T14:34:43Z,2026-09-15T16:34:43+0200,a281d7c7-91db-4948-89d6-57b39d710a92,2026-09-12T21:45:00Z,2026-09-12T23:45:00+0200,179.55,EUR/MWh,DE,DE_LU,day_ahead_price,value,2026-09-15T14:37:03Z
2026-09-15T14:34:43Z,2026-09-15T16:34:43+0200,a281d7c7-91db-4948-89d6-57b39d710a92,2026-09-13T22:00:00Z,2026-09-14T00:00:00+0200,218.18,EUR/MWh,DE,DE_LU,day_ahead_price,value,2026-09-15T14:37:03Z
2026-09-15T14:34:43Z,2026-09-15T16:34:43+0200,a281d7c7-91db-4948-89d6-57b39d710a92,2026-09-13T22:15:00Z,2026-09-14T00:15:00+0200,205.79,EUR/MWh,DE,DE_LU,day_ahead_price,value,2026-09-15T14:37:03Z
2026-09-15T14:34:43Z,2026-09-15T16:34:43+0200,a281d7c7-91db-4948-89d6-57b39d710a92,2026-09-13T22:30:00Z,2026-09-14T00:30:00+0200,196.0,EUR/MWh,DE,DE_LU,day_ahead_price,value,2026-09-15T14:37:03Z
2026-09-15T14:34:43Z,2026-09-15T16:34:43+0200,a281d7c7-91db-4948-89d6-57b39d710a92,2026-09-13T22:45:00Z,2026-09-14T00:45:00+0200,186.85,EUR/MWh,DE,DE_LU,day_ahead_price,value,2026-09-15T14:37:03Z
2026-09-15T14:34:43Z,2026-09-15T16:34:43+0200,a281d7c7-91db-4948-89d6-57b39d710a92,2026-09-13T23:00:00Z,2026-09-14T01:00:00+0200,192.1,EUR/MWh,DE,DE_LU,day_ahead_price,value,2026-09-15T14:37:03Z
2026-09-15T14:34:43Z,2026-09-15T16:34:43+0200,a281d7c7-91db-4948-89d6-57b39d710a92,2026-09-13T23:15:00Z,2026-09-14T01:15:00+0200,187.5,EUR/MWh,DE,DE_LU,day_ahead_price,value,2026-09-15T14:37:03Z
2026-09-15T14:34:43Z,2026-09-15T16:34:43+0200,a281d7c7-91db-4948-89d6-57b39d710a92,2026-09-13T23:30:00Z,2026-09-14T01:30:00+0200,189.38,EUR/MWh,DE,DE_LU,day_ahead_price,value,2026-09-15T14:37:03Z
2026-09-15T14:34:43Z,2026-09-15T16:34:43+0200,a281d7c7-91db-4948-89d6-57b39d710a92,2026-09-13T23:45:00Z,2026-09-14T01:45:00+0200,182.59,EUR/MWh,DE,DE_LU,day_ahead_price,value,2026-09-15T14:37:03Z
2026-09-15T14:34:43Z,2026-09-15T16:34:43+0200,a281d7c7-91db-4948-89d6-57b39d710a92,2026-09-14T00:00:00Z,2026-09-14T02:00:00+0200,185.42,EUR/MWh,DE,DE_LU,day_ahead_price,value,2026-09-15T14:37:03Z
2026-09-15T14:34:43Z,2026-09-15T16:34:43+0200,a281d7c7-91db-4948-89d6-57b39d710a92,2026-09-14T00:15:00Z,2026-09-14T02:15:00+0200,185.05,EUR/MWh,DE,DE_LU,day_ahead_price,value,2026-09-15T14:37:03Z
2026-09-15T14:34:43Z,2026-09-15T16:34:43+0200,a281d7c7-91db-4948-89d6-57b39d710a92,2026-09-14T00:30:00Z,2026-09-14T02:30:00+0200,183.47,EUR/MWh,DE,DE_LU,day_ahead_price,value,2026-09-15T14:37:03Z
2026-09-15T14:34:43Z,2026-09-15T16:34:43+0200,a281d7c7-91db-4948-89d6-57b39d710a92,2026-09-14T00:45:00Z,2026-09-14T02:45:00+0200,182.75,EUR/MWh,DE,DE_LU,day_ahead_price,value,2026-09-15T14:37:03Z
2026-09-15T14:34:43Z,2026-09-15T16:34:43+0200,a281d7c7-91db-4948-89d6-57b39d710a92,2026-09-14T01:00:00Z,2026-09-14T03:00:00+0200,183.46,EUR/MWh,DE,DE_LU,day_ahead_price,value,2026-09-15T14:37:03Z
2026-09-15T14:34:43Z,2026-09-15T16:34:43+0200,a281d7c7-91db-4948-89d6-57b39d710a92,2026-09-14T01:15:00Z,2026-09-14T03:15:00+0200,184.16,EUR/MWh,DE,DE_LU,day_ahead_price,value,2026-09-15T14:37:03Z
2026-09-15T14:34:43Z,2026-09-15T16:34:43+0200,a281d7c7-91db-4948-89d6-57b39d710a92,2026-09-14T01:30:00Z,2026-09-14T03:30:00+0200,183.8,EUR/MWh,DE,DE_LU,day_ahead_price,value,2026-09-15T14:37:03Z
2026-09-15T14:34:43Z,2026-09-15T16:34:43+0200,a281d7c7-91db-4948-89d6-57b39d710a92,2026-09-14T01:45:00Z,2026-09-14T03:45:00+0200,184.05,EUR/MWh,DE,DE_LU,day_ahead_price,value,2026-09-15T14:37:03Z
2026-09-15T14:34:43Z,2026-09-15T16:34:43+0200,a281d7c7-91db-4948-89d6-57b39d710a92,2026-09-14T02:00:00Z,2026-09-14T04:00:00+0200,180.24,EUR/MWh,DE,DE_LU,day_ahead_price,value,2026-09-15T14:37:03Z
2026-09-15T14:34:43Z,2026-09-15T16:34:43+0200,a281d7c7-91db-4948-89d6-57b39d710a92,2026-09-14T02:15:00Z,2026-09-14T04:15:00+0200,181.2,EUR/MWh,DE,DE_LU,day_ahead_price,value,2026-09-15T14:37:03Z
2026-09-15T14:34:43Z,2026-09-15T16:34:43+0200,a281d7c7-91db-4948-89d6-57b39d710a92,2026-09-14T02:30:00Z,2026-09-14T04:30:00+0200,183.46,EUR/MWh,DE,DE_LU,day_ahead_price,value,2026-09-15T14:37:03Z
2026-09-15T14:34:43Z,2026-09-15T16:34:43+0200,a281d7c7-91db-4948-89d6-57b39d710a92,2026-09-14T02:45:00Z,2026-09-14T04:45:00+0200,190.12,EUR/MWh,DE,DE_LU,day_ahead_price,value,2026-09-15T14:37:03Z
2026-09-15T14:34:43Z,2026-09-15T16:34:43+0200,a281d7c7-91db-4948-89d6-57b39d710a92,2026-09-14T03:00:00Z,2026-09-14T05:00:00+0200,184.46,EUR/MWh,DE,DE_LU,day_ahead_price,value,2026-09-15T14:37:03Z
2026-09-15T14:34:43Z,2026-09-15T16:34:43+0200,a281d7c7-91db-4948-89d6-57b39d710a92,2026-09-14T03:15:00Z,2026-09-14T05:15:00+0200,194.47,EUR/MWh,DE,DE_LU,day_ahead_price,value,2026-09-15T14:37:03Z
2026-09-15T14:34:43Z,2026-09-15T16:34:43+0200,a281d7c7-91db-4948-89d6-57b39d710a92,2026-09-14T03:30:00Z,2026-09-14T05:30:00+0200,208.57,EUR/MWh,DE,DE_LU,day_ahead_price,value,2026-09-15T14:37:03Z
2026-09-15T14:34:43Z,2026-09-15T16:34:43+0200,a281d7c7-91db-4948-89d6-57b39d710a92,2026-09-14T03:45:00Z,2026-09-14T05:45:00+0200,221.0,EUR/MWh,DE,DE_LU,day_ahead_price,value,2026-09-15T14:37:03Z
2026-09-15T14:34:43Z,2026-09-15T16:34:43+0200,a281d7c7-91db-4948-89d6-57b39d710a92,2026-09-14T04:00:00Z,2026-09-14T06:00:00+0200,217.24,EUR/MWh,DE,DE_LU,day_ahead_price,value,2026-09-15T14:37:03Z
2026-09-15T14:34:43Z,2026-09-15T16:34:43+0200,a281d7c7-91db-4948-89d6-57b39d710a92,2026-09-14T04:15:00Z,2026-09-14T06:15:00+0200,250.88,EUR/MWh,DE,DE_LU,day_ahead_price,value,2026-09-15T14:37:03Z
2026-09-15T14:34:43Z,2026-09-15T16:34:43+0200,a281d7c7-91db-4948-89d6-57b39d710a92,2026-09-14T04:30:00Z,2026-09-14T06:30:00+0200,273.4,EUR/MWh,DE,DE_LU,day_ahead_price,value,2026-09-15T14:37:03Z
2026-09-15T14:34:43Z,2026-09-15T16:34:43+0200,a281d7c7-91db-4948-89d6-57b39d710a92,2026-09-14T04:45:00Z,2026-09-14T06:45:00+0200,277.25,EUR/MWh,DE,DE_LU,day_ahead_price,value,2026-09-15T14:37:03Z
2026-09-15T14:34:43Z,2026-09-15T16:34:43+0200,a281d7c7-91db-4948-89d6-57b39d710a92,2026-09-14T05:00:00Z,2026-09-14T07:00:00+0200,300.1,EUR/MWh,DE,DE_LU,day_ahead_price,value,2026-09-15T14:37:03Z
2026-09-15T14:34:43Z,2026-09-15T16:34:43+0200,a281d7c7-91db-4948-89d6-57b39d710a92,2026-09-14T05:15:00Z,2026-09-14T07:15:00+0200,321.56,EUR/MWh,DE,DE_LU,day_ahead_price,value,2026-09-15T14:37:03Z
2026-09-15T14:34:43Z,2026-09-15T16:34:43+0200,a281d7c7-91db-4948-89d6-57b39d710a92,2026-09-14T05:30:00Z,2026-09-14T07:30:00+0200,323.39,EUR/MWh,DE,DE_LU,day_ahead_price,value,2026-09-15T14:37:03Z
2026-09-15T14:34:43Z,2026-09-15T16:34:43+0200,a281d7c7-91db-4948-89d6-57b39d710a92,2026-09-14T05:45:00Z,2026-09-14T07:45:00+0200,322.58,EUR/MWh,DE,DE_LU,day_ahead_price,value,2026-09-15T14:37:03Z
2026-09-15T14:34:43Z,2026-09-15T16:34:43+0200,a281d7c7-91db-4948-89d6-57b39d710a92,2026-09-14T06:00:00Z,2026-09-14T08:00:00+0200,348.3,EUR/MWh,DE,DE_LU,day_ahead_price,value,2026-09-15T14:37:03Z
2026-09-15T14:34:43Z,2026-09-15T16:34:43+0200,a281d7c7-91db-4948-89d6-57b39d710a92,2026-09-14T06:15:00Z,2026-09-14T08:15:00+0200,300.05,EUR/MWh,DE,DE_LU,day_ahead_price,value,2026-09-15T14:37:03Z
2026-09-15T14:34:43Z,2026-09-15T16:34:43+0200,a281d7c7-91db-4948-89d6-57b39d710a92,2026-09-14T06:30:00Z,2026-09-14T08:30:00+0200,281.75,EUR/MWh,DE,DE_LU,day_ahead_price,value,2026-09-15T14:37:03Z
2026-09-15T14:34:43Z,2026-09-15T16:34:43+0200,a281d7c7-91db-4948-89d6-57b39d710a92,2026-09-14T06:45:00Z,2026-09-14T08:45:00+0200,268.3,EUR/MWh,DE,DE_LU,day_ahead_price,value,2026-09-15T14:37:03Z
2026-09-15T14:34:43Z,2026-09-15T16:34:43+0200,a281d7c7-91db-4948-89d6-57b39d710a92,2026-09-14T07:00:00Z,2026-09-14T09:00:00+0200,280.22,EUR/MWh,DE,DE_LU,day_ahead_price,value,2026-09-15T14:37:03Z
2026-09-15T14:34:43Z,2026-09-15T16:34:43+0200,a281d7c7-91db-4948-89d6-57b39d710a92,2026-09-14T07:15:00Z,2026-09-14T09:15:00+0200,266.7,EUR/MWh,DE,DE_LU,day_ahead_price,value,2026-09-15T14:37:03Z
2026-09-15T14:34:43Z,2026-09-15T16:34:43+0200,a281d7c7-91db-4948-89d6-57b39d710a92,2026-09-14T07:30:00Z,2026-09-14T09:30:00+0200,240.05,EUR/MWh,DE,DE_LU,day_ahead_price,value,2026-09-15T14:37:03Z
2026-09-15T14:34:43Z,2026-09-15T16:34:43+0200,a281d7c7-91db-4948-89d6-57b39d710a92,2026-09-14T07:45:00Z,2026-09-14T09:45:00+0200,216.56,EUR/MWh,DE,DE_LU,day_ahead_price,value,2026-09-15T14:37:03Z
2026-09-15T14:34:43Z,2026-09-15T16:34:43+0200,a281d7c7-91db-4948-89d6-57b39d710a92,2026-09-14T08:00:00Z,2026-09-14T10:00:00+0200,242.08,EUR/MWh,DE,DE_LU,day_ahead_price,value,2026-09-15T14:37:03Z
2026-09-15T14:34:43Z,2026-09-15T16:34:43+0200,a281d7c7-91db-4948-89d6-57b39d710a92,2026-09-14T08:15:00Z,2026-09-14T10:15:00+0200,219.99,EUR/MWh,DE,DE_LU,day_ahead_price,value,2026-09-15T14:37:03Z
2026-09-15T14:34:43Z,2026-09-15T16:34:43+0200,a281d7c7-91db-4948-89d6-57b39d710a92,2026-09-14T08:30:00Z,2026-09-14T10:30:00+0200,201.59,EUR/MWh,DE,DE_LU,day_ahead_price,value,2026-09-15T14:37:03Z
2026-09-15T14:34:43Z,2026-09-15T16:34:43+0200,a281d7c7-91db-4948-89d6-57b39d710a92,2026-09-14T08:45:00Z,2026-09-14T10:45:00+0200,183.66,EUR/MWh,DE,DE_LU,day_ahead_price,value,2026-09-15T14:37:03Z
2026-09-15T14:34:43Z,2026-09-15T16:34:43+0200,a281d7c7-91db-4948-89d6-57b39d710a92,2026-09-14T09:00:00Z,2026-09-14T11:00:00+0200,212.14,EUR/MWh,DE,DE_LU,day_ahead_price,value,2026-09-15T14:37:03Z
2026-09-15T14:34:43Z,2026-09-15T16:34:43+0200,a281d7c7-91db-4948-89d6-57b39d710a92,2026-09-14T09:15:00Z,2026-09-14T11:15:00+0200,193.79,EUR/MWh,DE,DE_LU,day_ahead_price,value,2026-09-15T14:37:03Z
2026-09-15T14:34:43Z,2026-09-15T16:34:43+0200,a281d7c7-91db-4948-89d6-57b39d710a92,2026-09-14T09:30:00Z,2026-09-14T11:30:00+0200,196.8,EUR/MWh,DE,DE_LU,day_ahead_price,value,2026-09-15T14:37:03Z
2026-09-15T14:34:43Z,2026-09-15T16:34:43+0200,a281d7c7-91db-4948-89d6-57b39d710a92,2026-09-14T09:45:00Z,2026-09-14T11:45:00+0200,184.47,EUR/MWh,DE,DE_LU,day_ahead_price,value,2026-09-15T14:37:03Z
2026-09-15T14:34:43Z,2026-09-15T16:34:43+0200,a281d7c7-91db-4948-89d6-57b39d710a92,2026-09-14T10:00:00Z,2026-09-14T12:00:00+0200,195.54,EUR/MWh,DE,DE_LU,day_ahead_price,value,2026-09-15T14:37:03Z
2026-09-15T14:34:43Z,2026-09-15T16:34:43+0200,a281d7c7-91db-4948-89d6-57b39d710a92,2026-09-14T10:15:00Z,2026-09-14T12:15:00+0200,181.43,EUR/MWh,DE,DE_LU,day_ahead_price,value,2026-09-15T14:37:03Z
2026-09-15T14:34:43Z,2026-09-15T16:34:43+0200,a281d7c7-91db-4948-89d6-57b39d710a92,2026-09-14T10:30:00Z,2026-09-14T12:30:00+0200,176.87,EUR/MWh,DE,DE_LU,day_ahead_price,value,2026-09-15T14:37:03Z
2026-09-15T14:34:43Z,2026-09-15T16:34:43+0200,a281d7c7-91db-4948-89d6-57b39d710a92,2026-09-14T10:45:00Z,2026-09-14T12:45:00+0200,168.87,EUR/MWh,DE,DE_LU,day_ahead_price,value,2026-09-15T14:37:03Z
2026-09-15T14:34:43Z,2026-09-15T16:34:43+0200,a281d7c7-91db-4948-89d6-57b39d710a92,2026-09-14T11:00:00Z,2026-09-14T13:00:00+0200,175.15,EUR/MWh,DE,DE_LU,day_ahead_price,value,2026-09-15T14:37:03Z
2026-09-15T14:34:43Z,2026-09-15T16:34:43+0200,a281d7c7-91db-4948-89d6-57b39d710a92,2026-09-14T11:15:00Z,2026-09-14T13:15:00+0200,168.46,EUR/MWh,DE,DE_LU,day_ahead_price,value,2026-09-15T14:37:03Z
2026-09-15T14:34:43Z,2026-09-15T16:34:43+0200,a281d7c7-91db-4948-89d6-57b39d710a92,2026-09-14T11:30:00Z,2026-09-14T13:30:00+0200,165.82,EUR/MWh,DE,DE_LU,day_ahead_price,value,2026-09-15T14:37:03Z
2026-09-15T14:34:43Z,2026-09-15T16:34:43+0200,a281d7c7-91db-4948-89d6-57b39d710a92,2026-09-14T11:45:00Z,2026-09-14T13:45:00+0200,155.59,EUR/MWh,DE,DE_LU,day_ahead_price,value,2026-09-15T14:37:03Z
2026-09-15T14:34:43Z,2026-09-15T16:34:43+0200,a281d7c7-91db-4948-89d6-57b39d710a92,2026-09-14T12:00:00Z,2026-09-14T14:00:00+0200,159.82,EUR/MWh,DE,DE_LU,day_ahead_price,value,2026-09-15T14:37:03Z
2026-09-15T14:34:43Z,2026-09-15T16:34:43+0200,a281d7c7-91db-4948-89d6-57b39d710a92,2026-09-14T12:15:00Z,2026-09-14T14:15:00+0200,161.77,EUR/MWh,DE,DE_LU,day_ahead_price,value,2026-09-15T14:37:03Z
2026-09-15T14:34:43Z,2026-09-15T16:34:43+0200,a281d7c7-91db-4948-89d6-57b39d710a92,2026-09-14T12:30:00Z,2026-09-14T14:30:00+0200,158.11,EUR/MWh,DE,DE_LU,day_ahead_price,value,2026-09-15T14:37:03Z
2026-09-15T14:34:43Z,2026-09-15T16:34:43+0200,a281d7c7-91db-4948-89d6-57b39d710a92,2026-09-14T12:45:00Z,2026-09-14T14:45:00+0200,166.0,EUR/MWh,DE,DE_LU,day_ahead_price,value,2026-09-15T14:37:03Z
2026-09-15T14:34:43Z,2026-09-15T16:34:43+0200,a281d7c7-91db-4948-89d6-57b39d710a92,2026-09-14T13:00:00Z,2026-09-14T15:00:00+0200,152.91,EUR/MWh,DE,DE_LU,day_ahead_price,value,2026-09-15T14:37:03Z
2026-09-15T14:34:43Z,2026-09-15T16:34:43+0200,a281d7c7-91db-4948-89d6-57b39d710a92,2026-09-14T13:15:00Z,2026-09-14T15:15:00+0200,155.59,EUR/MWh,DE,DE_LU,day_ahead_price,value,2026-09-15T14:37:03Z
2026-09-15T14:34:43Z,2026-09-15T16:34:43+0200,a281d7c7-91db-4948-89d6-57b39d710a92,2026-09-14T13:30:00Z,2026-09-14T15:30:00+0200,169.1,EUR/MWh,DE,DE_LU,day_ahead_price,value,2026-09-15T14:37:03Z
2026-09-15T14:34:43Z,2026-09-15T16:34:43+0200,a281d7c7-91db-4948-89d6-57b39d710a92,2026-09-14T13:45:00Z,2026-09-14T15:45:00+0200,182.0,EUR/MWh,DE,DE_LU,day_ahead_price,value,2026-09-15T14:37:03Z
2026-09-15T14:34:43Z,2026-09-15T16:34:43+0200,a281d7c7-91db-4948-89d6-57b39d710a92,2026-09-14T14:00:00Z,2026-09-14T16:00:00+0200,152.0,EUR/MWh,DE,DE_LU,day_ahead_price,value,2026-09-15T14:37:03Z
2026-09-15T14:34:43Z,2026-09-15T16:34:43+0200,a281d7c7-91db-4948-89d6-57b39d710a92,2026-09-14T14:15:00Z,2026-09-14T16:15:00+0200,170.08,EUR/MWh,DE,DE_LU,day_ahead_price,value,2026-09-15T14:37:03Z
2026-09-15T14:34:43Z,2026-09-15T16:34:43+0200,a281d7c7-91db-4948-89d6-57b39d710a92,2026-09-14T14:30:00Z,2026-09-14T16:30:00+0200,190.0,EUR/MWh,DE,DE_LU,day_ahead_price,value,2026-09-15T14:37:03Z
2026-09-15T14:34:43Z,2026-09-15T16:34:43+0200,a281d7c7-91db-4948-89d6-57b39d710a92,2026-09-14T14:45:00Z,2026-09-14T16:45:00+0200,210.51,EUR/MWh,DE,DE_LU,day_ahead_price,value,2026-09-15T14:37:03Z
2026-09-15T14:34:43Z,2026-09-15T16:34:43+0200,a281d7c7-91db-4948-89d6-57b39d710a92,2026-09-14T15:00:00Z,2026-09-14T17:00:00+0200,179.23,EUR/MWh,DE,DE_LU,day_ahead_price,value,2026-09-15T14:37:03Z
2026-09-15T14:34:43Z,2026-09-15T16:34:43+0200,a281d7c7-91db-4948-89d6-57b39d710a92,2026-09-14T15:15:00Z,2026-09-14T17:15:00+0200,214.0,EUR/MWh,DE,DE_LU,day_ahead_price,value,2026-09-15T14:37:03Z
2026-09-15T14:34:43Z,2026-09-15T16:34:43+0200,a281d7c7-91db-4948-89d6-57b39d710a92,2026-09-14T15:30:00Z,2026-09-14T17:30:00+0200,253.13,EUR/MWh,DE,DE_LU,day_ahead_price,value,2026-09-15T14:37:03Z
2026-09-15T14:34:43Z,2026-09-15T16:34:43+0200,a281d7c7-91db-4948-89d6-57b39d710a92,2026-09-14T15:45:00Z,2026-09-14T17:45:00+0200,288.31,EUR/MWh,DE,DE_LU,day_ahead_price,value,2026-09-15T14:37:03Z
2026-09-15T14:34:43Z,2026-09-15T16:34:43+0200,a281d7c7-91db-4948-89d6-57b39d710a92,2026-09-14T16:00:00Z,2026-09-14T18:00:00+0200,259.12,EUR/MWh,DE,DE_LU,day_ahead_price,value,2026-09-15T14:37:03Z
2026-09-15T14:34:43Z,2026-09-15T16:34:43+0200,a281d7c7-91db-4948-89d6-57b39d710a92,2026-09-14T16:15:00Z,2026-09-14T18:15:00+0200,306.36,EUR/MWh,DE,DE_LU,day_ahead_price,value,2026-09-15T14:37:03Z
2026-09-15T14:34:43Z,2026-09-15T16:34:43+0200,a281d7c7-91db-4948-89d6-57b39d710a92,2026-09-14T16:30:00Z,2026-09-14T18:30:00+0200,450.0,EUR/MWh,DE,DE_LU,day_ahead_price,value,2026-09-15T14:37:03Z
2026-09-15T14:34:43Z,2026-09-15T16:34:43+0200,a281d7c7-91db-4948-89d6-57b39d710a92,2026-09-14T16:45:00Z,2026-09-14T18:45:00+0200,584.88,EUR/MWh,DE,DE_LU,day_ahead_price,value,2026-09-15T14:37:03Z
2026-09-15T14:34:43Z,2026-09-15T16:34:43+0200,a281d7c7-91db-4948-89d6-57b39d710a92,2026-09-14T17:00:00Z,2026-09-14T19:00:00+0200,649.11,EUR/MWh,DE,DE_LU,day_ahead_price,value,2026-09-15T14:37:03Z
2026-09-15T14:34:43Z,2026-09-15T16:34:43+0200,a281d7c7-91db-4948-89d6-57b39d710a92,2026-09-14T17:15:00Z,2026-09-14T19:15:00+0200,700.07,EUR/MWh,DE,DE_LU,day_ahead_price,value,2026-09-15T14:37:03Z
2026-09-15T14:34:43Z,2026-09-15T16:34:43+0200,a281d7c7-91db-4948-89d6-57b39d710a92,2026-09-14T17:30:00Z,2026-09-14T19:30:00+0200,700.04,EUR/MWh,DE,DE_LU,day_ahead_price,value,2026-09-15T14:37:03Z
2026-09-15T14:34:43Z,2026-09-15T16:34:43+0200,a281d7c7-91db-4948-89d6-57b39d710a92,2026-09-14T17:45:00Z,2026-09-14T19:45:00+0200,740.01,EUR/MWh,DE,DE_LU,day_ahead_price,value,2026-09-15T14:37:03Z
2026-09-15T14:34:43Z,2026-09-15T16:34:43+0200,a281d7c7-91db-4948-89d6-57b39d710a92,2026-09-14T18:00:00Z,2026-09-14T20:00:00+0200,704.41,EUR/MWh,DE,DE_LU,day_ahead_price,value,2026-09-15T14:37:03Z
2026-09-15T14:34:43Z,2026-09-15T16:34:43+0200,a281d7c7-91db-4948-89d6-57b39d710a92,2026-09-14T18:15:00Z,2026-09-14T20:15:00+0200,585.23,EUR/MWh,DE,DE_LU,day_ahead_price,value,2026-09-15T14:37:03Z
2026-09-15T14:34:43Z,2026-09-15T16:34:43+0200,a281d7c7-91db-4948-89d6-57b39d710a92,2026-09-14T18:30:00Z,2026-09-14T20:30:00+0200,447.3,EUR/MWh,DE,DE_LU,day_ahead_price,value,2026-09-15T14:37:03Z
2026-09-15T14:34:43Z,2026-09-15T16:34:43+0200,a281d7c7-91db-4948-89d6-57b39d710a92,2026-09-14T18:45:00Z,2026-09-14T20:45:00+0200,367.47,EUR/MWh,DE,DE_LU,day_ahead_price,value,2026-09-15T14:37:03Z
2026-09-15T14:34:43Z,2026-09-15T16:34:43+0200,a281d7c7-91db-4948-89d6-57b39d710a92,2026-09-14T19:00:00Z,2026-09-14T21:00:00+0200,373.3,EUR/MWh,DE,DE_LU,day_ahead_price,value,2026-09-15T14:37:03Z
2026-09-15T14:34:43Z,2026-09-15T16:34:43+0200,a281d7c7-91db-4948-89d6-57b39d710a92,2026-09-14T19:15:00Z,2026-09-14T21:15:00+0200,309.41,EUR/MWh,DE,DE_LU,day_ahead_price,value,2026-09-15T14:37:03Z
2026-09-15T14:34:43Z,2026-09-15T16:34:43+0200,a281d7c7-91db-4948-89d6-57b39d710a92,2026-09-14T19:30:00Z,2026-09-14T21:30:00+0200,270.06,EUR/MWh,DE,DE_LU,day_ahead_price,value,2026-09-15T14:37:03Z
2026-09-15T14:34:43Z,2026-09-15T16:34:43+0200,a281d7c7-91db-4948-89d6-57b39d710a92,2026-09-14T19:45:00Z,2026-09-14T21:45:00+0200,248.81,EUR/MWh,DE,DE_LU,day_ahead_price,value,2026-09-15T14:37:03Z
2026-09-15T14:34:43Z,2026-09-15T16:34:43+0200,a281d7c7-91db-4948-89d6-57b39d710a92,2026-09-14T20:00:00Z,2026-09-14T22:00:00+0200,267.01,EUR/MWh,DE,DE_LU,day_ahead_price,value,2026-09-15T14:37:03Z
2026-09-15T14:34:43Z,2026-09-15T16:34:43+0200,a281d7c7-91db-4948-89d6-57b39d710a92,2026-09-14T20:15:00Z,2026-09-14T22:15:00+0200,252.15,EUR/MWh,DE,DE_LU,day_ahead_price,value,2026-09-15T14:37:03Z
2026-09-15T14:34:43Z,2026-09-15T16:34:43+0200,a281d7c7-91db-4948-89d6-57b39d710a92,2026-09-14T20:30:00Z,2026-09-14T22:30:00+0200,242.77,EUR/MWh,DE,DE_LU,day_ahead_price,value,2026-09-15T14:37:03Z
2026-09-15T14:34:43Z,2026-09-15T16:34:43+0200,a281d7c7-91db-4948-89d6-57b39d710a92,2026-09-14T20:45:00Z,2026-09-14T22:45:00+0200,225.08,EUR/MWh,DE,DE_LU,day_ahead_price,value,2026-09-15T14:37:03Z
2026-09-15T14:34:43Z,2026-09-15T16:34:43+0200,a281d7c7-91db-4948-89d6-57b39d710a92,2026-09-14T21:00:00Z,2026-09-14T23:00:00+0200,241.7,EUR/MWh,DE,DE_LU,day_ahead_price,value,2026-09-15T14:37:03Z
2026-09-15T14:34:43Z,2026-09-15T16:34:43+0200,a281d7c7-91db-4948-89d6-57b39d710a92,2026-09-14T21:15:00Z,2026-09-14T23:15:00+0200,227.75,EUR/MWh,DE,DE_LU,day_ahead_price,value,2026-09-15T14:37:03Z
2026-09-15T14:34:43Z,2026-09-15T16:34:43+0200,a281d7c7-91db-4948-89d6-57b39d710a92,2026-09-14T21:30:00Z,2026-09-14T23:30:00+0200,221.53,EUR/MWh,DE,DE_LU,day_ahead_price,value,2026-09-15T14:37:03Z
2026-09-15T14:34:43Z,2026-09-15T16:34:43+0200,a281d7c7-91db-4948-89d6-57b39d710a92,2026-09-14T21:45:00Z,2026-09-14T23:45:00+0200,207.57,EUR/MWh,DE,DE_LU,day_ahead_price,value,2026-09-15T14:37:03Z
2026-09-15T14:34:43Z,2026-09-15T16:34:43+0200,a281d7c7-91db-4948-89d6-57b39d710a92,2026-09-14T22:00:00Z,2026-09-15T00:00:00+0200,219.74,EUR/MWh,DE,DE_LU,day_ahead_price,value,2026-09-15T14:37:03Z
2026-09-15T14:34:43Z,2026-09-15T16:34:43+0200,a281d7c7-91db-4948-89d6-57b39d710a92,2026-09-14T22:15:00Z,2026-09-15T00:15:00+0200,217.76,EUR/MWh,DE,DE_LU,day_ahead_price,value,2026-09-15T14:37:03Z
2026-09-15T14:34:43Z,2026-09-15T16:34:43+0200,a281d7c7-91db-4948-89d6-57b39d710a92,2026-09-14T22:30:00Z,2026-09-15T00:30:00+0200,205.88,EUR/MWh,DE,DE_LU,day_ahead_price,value,2026-09-15T14:37:03Z
2026-09-15T14:34:43Z,2026-09-15T16:34:43+0200,a281d7c7-91db-4948-89d6-57b39d710a92,2026-09-14T22:45:00Z,2026-09-15T00:45:00+0200,192.17,EUR/MWh,DE,DE_LU,day_ahead_price,value,2026-09-15T14:37:03Z
2026-09-15T14:34:43Z,2026-09-15T16:34:43+0200,a281d7c7-91db-4948-89d6-57b39d710a92,2026-09-14T23:00:00Z,2026-09-15T01:00:00+0200,211.24,EUR/MWh,DE,DE_LU,day_ahead_price,value,2026-09-15T14:37:03Z
2026-09-15T14:34:43Z,2026-09-15T16:34:43+0200,a281d7c7-91db-4948-89d6-57b39d710a92,2026-09-14T23:15:00Z,2026-09-15T01:15:00+0200,198.43,EUR/MWh,DE,DE_LU,day_ahead_price,value,2026-09-15T14:37:03Z
2026-09-15T14:34:43Z,2026-09-15T16:34:43+0200,a281d7c7-91db-4948-89d6-57b39d710a92,2026-09-14T23:30:00Z,2026-09-15T01:30:00+0200,194.29,EUR/MWh,DE,DE_LU,day_ahead_price,value,2026-09-15T14:37:03Z
2026-09-15T14:34:43Z,2026-09-15T16:34:43+0200,a281d7c7-91db-4948-89d6-57b39d710a92,2026-09-14T23:45:00Z,2026-09-15T01:45:00+0200,188.1,EUR/MWh,DE,DE_LU,day_ahead_price,value,2026-09-15T14:37:03Z
2026-09-15T14:34:43Z,2026-09-15T16:34:43+0200,a281d7c7-91db-4948-89d6-57b39d710a92,2026-09-15T00:00:00Z,2026-09-15T02:00:00+0200,189.9,EUR/MWh,DE,DE_LU,day_ahead_price,value,2026-09-15T14:37:03Z
2026-09-15T14:34:43Z,2026-09-15T16:34:43+0200,a281d7c7-91db-4948-89d6-57b39d710a92,2026-09-15T00:15:00Z,2026-09-15T02:15:00+0200,187.25,EUR/MWh,DE,DE_LU,day_ahead_price,value,2026-09-15T14:37:03Z
2026-09-15T14:34:43Z,2026-09-15T16:34:43+0200,a281d7c7-91db-4948-89d6-57b39d710a92,2026-09-15T00:30:00Z,2026-09-15T02:30:00+0200,188.45,EUR/MWh,DE,DE_LU,day_ahead_price,value,2026-09-15T14:37:03Z
2026-09-15T14:34:43Z,2026-09-15T16:34:43+0200,a281d7c7-91db-4948-89d6-57b39d710a92,2026-09-15T00:45:00Z,2026-09-15T02:45:00+0200,187.81,EUR/MWh,DE,DE_LU,day_ahead_price,value,2026-09-15T14:37:03Z
2026-09-15T14:34:43Z,2026-09-15T16:34:43+0200,a281d7c7-91db-4948-89d6-57b39d710a92,2026-09-15T01:00:00Z,2026-09-15T03:00:00+0200,185.3,EUR/MWh,DE,DE_LU,day_ahead_price,value,2026-09-15T14:37:03Z
2026-09-15T14:34:43Z,2026-09-15T16:34:43+0200,a281d7c7-91db-4948-89d6-57b39d710a92,2026-09-15T01:15:00Z,2026-09-15T03:15:00+0200,185.99,EUR/MWh,DE,DE_LU,day_ahead_price,value,2026-09-15T14:37:03Z
2026-09-15T14:34:43Z,2026-09-15T16:34:43+0200,a281d7c7-91db-4948-89d6-57b39d710a92,2026-09-15T01:30:00Z,2026-09-15T03:30:00+0200,187.33,EUR/MWh,DE,DE_LU,day_ahead_price,value,2026-09-15T14:37:03Z
2026-09-15T14:34:43Z,2026-09-15T16:34:43+0200,a281d7c7-91db-4948-89d6-57b39d710a92,2026-09-15T01:45:00Z,2026-09-15T03:45:00+0200,184.0,EUR/MWh,DE,DE_LU,day_ahead_price,value,2026-09-15T14:37:03Z
2026-09-15T14:34:43Z,2026-09-15T16:34:43+0200,a281d7c7-91db-4948-89d6-57b39d710a92,2026-09-15T02:00:00Z,2026-09-15T04:00:00+0200,184.06,EUR/MWh,DE,DE_LU,day_ahead_price,value,2026-09-15T14:37:03Z
2026-09-15T14:34:43Z,2026-09-15T16:34:43+0200,a281d7c7-91db-4948-89d6-57b39d710a92,2026-09-15T02:15:00Z,2026-09-15T04:15:00+0200,184.3,EUR/MWh,DE,DE_LU,day_ahead_price,value,2026-09-15T14:37:03Z
2026-09-15T14:34:43Z,2026-09-15T16:34:43+0200,a281d7c7-91db-4948-89d6-57b39d710a92,2026-09-15T02:30:00Z,2026-09-15T04:30:00+0200,184.53,EUR/MWh,DE,DE_LU,day_ahead_price,value,2026-09-15T14:37:03Z
2026-09-15T14:34:43Z,2026-09-15T16:34:43+0200,a281d7c7-91db-4948-89d6-57b39d710a92,2026-09-15T02:45:00Z,2026-09-15T04:45:00+0200,181.31,EUR/MWh,DE,DE_LU,day_ahead_price,value,2026-09-15T14:37:03Z
2026-09-15T14:34:43Z,2026-09-15T16:34:43+0200,a281d7c7-91db-4948-89d6-57b39d710a92,2026-09-15T03:00:00Z,2026-09-15T05:00:00+0200,184.37,EUR/MWh,DE,DE_LU,day_ahead_price,value,2026-09-15T14:37:03Z
2026-09-15T14:34:43Z,2026-09-15T16:34:43+0200,a281d7c7-91db-4948-89d6-57b39d710a92,2026-09-15T03:15:00Z,2026-09-15T05:15:00+0200,187.0,EUR/MWh,DE,DE_LU,day_ahead_price,value,2026-09-15T14:37:03Z
2026-09-15T14:34:43Z,2026-09-15T16:34:43+0200,a281d7c7-91db-4948-89d6-57b39d710a92,2026-09-15T03:30:00Z,2026-09-15T05:30:00+0200,199.59,EUR/MWh,DE,DE_LU,day_ahead_price,value,2026-09-15T14:37:03Z
2026-09-15T14:34:43Z,2026-09-15T16:34:43+0200,a281d7c7-91db-4948-89d6-57b39d710a92,2026-09-15T03:45:00Z,2026-09-15T05:45:00+0200,216.07,EUR/MWh,DE,DE_LU,day_ahead_price,value,2026-09-15T14:37:03Z
2026-09-15T14:34:43Z,2026-09-15T16:34:43+0200,a281d7c7-91db-4948-89d6-57b39d710a92,2026-09-15T04:00:00Z,2026-09-15T06:00:00+0200,222.91,EUR/MWh,DE,DE_LU,day_ahead_price,value,2026-09-15T14:37:03Z
2026-09-15T14:34:43Z,2026-09-15T16:34:43+0200,a281d7c7-91db-4948-89d6-57b39d710a92,2026-09-15T04:15:00Z,2026-09-15T06:15:00+0200,238.0,EUR/MWh,DE,DE_LU,day_ahead_price,value,2026-09-15T14:37:03Z
2026-09-15T14:34:43Z,2026-09-15T16:34:43+0200,a281d7c7-91db-4948-89d6-57b39d710a92,2026-09-15T04:30:00Z,2026-09-15T06:30:00+0200,239.38,EUR/MWh,DE,DE_LU,day_ahead_price,value,2026-09-15T14:37:03Z
2026-09-15T14:34:43Z,2026-09-15T16:34:43+0200,a281d7c7-91db-4948-89d6-57b39d710a92,2026-09-15T04:45:00Z,2026-09-15T06:45:00+0200,249.41,EUR/MWh,DE,DE_LU,day_ahead_price,value,2026-09-15T14:37:03Z
2026-09-15T14:34:43Z,2026-09-15T16:34:43+0200,a281d7c7-91db-4948-89d6-57b39d710a92,2026-09-15T05:00:00Z,2026-09-15T07:00:00+0200,281.57,EUR/MWh,DE,DE_LU,day_ahead_price,value,2026-09-15T14:37:03Z
2026-09-15T14:34:43Z,2026-09-15T16:34:43+0200,a281d7c7-91db-4948-89d6-57b39d710a92,2026-09-15T05:15:00Z,2026-09-15T07:15:00+0200,270.61,EUR/MWh,DE,DE_LU,day_ahead_price,value,2026-09-15T14:37:03Z
2026-09-15T14:34:43Z,2026-09-15T16:34:43+0200,a281d7c7-91db-4948-89d6-57b39d710a92,2026-09-15T05:30:00Z,2026-09-15T07:30:00+0200,252.91,EUR/MWh,DE,DE_LU,day_ahead_price,value,2026-09-15T14:37:03Z
2026-09-15T14:34:43Z,2026-09-15T16:34:43+0200,a281d7c7-91db-4948-89d6-57b39d710a92,2026-09-15T05:45:00Z,2026-09-15T07:45:00+0200,243.22,EUR/MWh,DE,DE_LU,day_ahead_price,value,2026-09-15T14:37:03Z
2026-09-15T14:34:43Z,2026-09-15T16:34:43+0200,a281d7c7-91db-4948-89d6-57b39d710a92,2026-09-15T06:00:00Z,2026-09-15T08:00:00+0200,268.06,EUR/MWh,DE,DE_LU,day_ahead_price,value,2026-09-15T14:37:03Z
2026-09-15T14:34:43Z,2026-09-15T16:34:43+0200,a281d7c7-91db-4948-89d6-57b39d710a92,2026-09-15T06:15:00Z,2026-09-15T08:15:00+0200,241.51,EUR/MWh,DE,DE_LU,day_ahead_price,value,2026-09-15T14:37:03Z
2026-09-15T14:34:43Z,2026-09-15T16:34:43+0200,a281d7c7-91db-4948-89d6-57b39d710a92,2026-09-15T06:30:00Z,2026-09-15T08:30:00+0200,225.01,EUR/MWh,DE,DE_LU,day_ahead_price,value,2026-09-15T14:37:03Z
2026-09-15T14:34:43Z,2026-09-15T16:34:43+0200,a281d7c7-91db-4948-89d6-57b39d710a92,2026-09-15T06:45:00Z,2026-09-15T08:45:00+0200,197.87,EUR/MWh,DE,DE_LU,day_ahead_price,value,2026-09-15T14:37:03Z
2026-09-15T14:34:43Z,2026-09-15T16:34:43+0200,a281d7c7-91db-4948-89d6-57b39d710a92,2026-09-15T07:00:00Z,2026-09-15T09:00:00+0200,227.5,EUR/MWh,DE,DE_LU,day_ahead_price,value,2026-09-15T14:37:03Z
2026-09-15T14:34:43Z,2026-09-15T16:34:43+0200,a281d7c7-91db-4948-89d6-57b39d710a92,2026-09-15T07:15:00Z,2026-09-15T09:15:00+0200,212.6,EUR/MWh,DE,DE_LU,day_ahead_price,value,2026-09-15T14:37:03Z
2026-09-15T14:34:43Z,2026-09-15T16:34:43+0200,a281d7c7-91db-4948-89d6-57b39d710a92,2026-09-15T07:30:00Z,2026-09-15T09:30:00+0200,189.05,EUR/MWh,DE,DE_LU,day_ahead_price,value,2026-09-15T14:37:03Z
2026-09-15T14:34:43Z,2026-09-15T16:34:43+0200,a281d7c7-91db-4948-89d6-57b39d710a92,2026-09-15T07:45:00Z,2026-09-15T09:45:00+0200,156.43,EUR/MWh,DE,DE_LU,day_ahead_price,value,2026-09-15T14:37:03Z
2026-09-15T14:34:43Z,2026-09-15T16:34:43+0200,a281d7c7-91db-4948-89d6-57b39d710a92,2026-09-15T08:00:00Z,2026-09-15T10:00:00+0200,181.16,EUR/MWh,DE,DE_LU,day_ahead_price,value,2026-09-15T14:37:03Z
2026-09-15T14:34:43Z,2026-09-15T16:34:43+0200,a281d7c7-91db-4948-89d6-57b39d710a92,2026-09-15T08:15:00Z,2026-09-15T10:15:00+0200,162.59,EUR/MWh,DE,DE_LU,day_ahead_price,value,2026-09-15T14:37:03Z
2026-09-15T14:34:43Z,2026-09-15T16:34:43+0200,a281d7c7-91db-4948-89d6-57b39d710a92,2026-09-15T08:30:00Z,2026-09-15T10:30:00+0200,128.03,EUR/MWh,DE,DE_LU,day_ahead_price,value,2026-09-15T14:37:03Z
2026-09-15T14:34:43Z,2026-09-15T16:34:43+0200,a281d7c7-91db-4948-89d6-57b39d710a92,2026-09-15T08:45:00Z,2026-09-15T10:45:00+0200,112.06,EUR/MWh,DE,DE_LU,day_ahead_price,value,2026-09-15T14:37:03Z
2026-09-15T14:34:43Z,2026-09-15T16:34:43+0200,a281d7c7-91db-4948-89d6-57b39d710a92,2026-09-15T09:00:00Z,2026-09-15T11:00:00+0200,122.33,EUR/MWh,DE,DE_LU,day_ahead_price,value,2026-09-15T14:37:03Z
2026-09-15T14:34:43Z,2026-09-15T16:34:43+0200,a281d7c7-91db-4948-89d6-57b39d710a92,2026-09-15T09:15:00Z,2026-09-15T11:15:00+0200,88.74,EUR/MWh,DE,DE_LU,day_ahead_price,value,2026-09-15T14:37:03Z
2026-09-15T14:34:43Z,2026-09-15T16:34:43+0200,a281d7c7-91db-4948-89d6-57b39d710a92,2026-09-15T09:30:00Z,2026-09-15T11:30:00+0200,69.0,EUR/MWh,DE,DE_LU,day_ahead_price,value,2026-09-15T14:37:03Z
2026-09-15T14:34:43Z,2026-09-15T16:34:43+0200,a281d7c7-91db-4948-89d6-57b39d710a92,2026-09-15T09:45:00Z,2026-09-15T11:45:00+0200,35.41,EUR/MWh,DE,DE_LU,day_ahead_price,value,2026-09-15T14:37:03Z
2026-09-15T14:34:43Z,2026-09-15T16:34:43+0200,a281d7c7-91db-4948-89d6-57b39d710a92,2026-09-15T10:00:00Z,2026-09-15T12:00:00+0200,60.68,EUR/MWh,DE,DE_LU,day_ahead_price,value,2026-09-15T14:37:03Z
2026-09-15T14:34:43Z,2026-09-15T16:34:43+0200,a281d7c7-91db-4948-89d6-57b39d710a92,2026-09-15T10:15:00Z,2026-09-15T12:15:00+0200,43.42,EUR/MWh,DE,DE_LU,day_ahead_price,value,2026-09-15T14:37:03Z
2026-09-15T14:34:43Z,2026-09-15T16:34:43+0200,a281d7c7-91db-4948-89d6-57b39d710a92,2026-09-15T10:30:00Z,2026-09-15T12:30:00+0200,36.38,EUR/MWh,DE,DE_LU,day_ahead_price,value,2026-09-15T14:37:03Z
2026-09-15T14:34:43Z,2026-09-15T16:34:43+0200,a281d7c7-91db-4948-89d6-57b39d710a92,2026-09-15T10:45:00Z,2026-09-15T12:45:00+0200,37.39,EUR/MWh,DE,DE_LU,day_ahead_price,value,2026-09-15T14:37:03Z
2026-09-15T14:34:43Z,2026-09-15T16:34:43+0200,a281d7c7-91db-4948-89d6-57b39d710a92,2026-09-15T11:00:00Z,2026-09-15T13:00:00+0200,31.87,EUR/MWh,DE,DE_LU,day_ahead_price,value,2026-09-15T14:37:03Z
2026-09-15T14:34:43Z,2026-09-15T16:34:43+0200,a281d7c7-91db-4948-89d6-57b39d710a92,2026-09-15T11:15:00Z,2026-09-15T13:15:00+0200,30.18,EUR/MWh,DE,DE_LU,day_ahead_price,value,2026-09-15T14:37:03Z
2026-09-15T14:34:43Z,2026-09-15T16:34:43+0200,a281d7c7-91db-4948-89d6-57b39d710a92,2026-09-15T11:30:00Z,2026-09-15T13:30:00+0200,29.56,EUR/MWh,DE,DE_LU,day_ahead_price,value,2026-09-15T14:37:03Z
2026-09-15T14:34:43Z,2026-09-15T16:34:43+0200,a281d7c7-91db-4948-89d6-57b39d710a92,2026-09-15T11:45:00Z,2026-09-15T13:45:00+0200,26.39,EUR/MWh,DE,DE_LU,day_ahead_price,value,2026-09-15T14:37:03Z
2026-09-15T14:34:43Z,2026-09-15T16:34:43+0200,a281d7c7-91db-4948-89d6-57b39d710a92,2026-09-15T12:00:00Z,2026-09-15T14:00:00+0200,32.36,EUR/MWh,DE,DE_LU,day_ahead_price,value,2026-09-15T14:37:03Z
2026-09-15T14:34:43Z,2026-09-15T16:34:43+0200,a281d7c7-91db-4948-89d6-57b39d710a92,2026-09-15T12:15:00Z,2026-09-15T14:15:00+0200,42.31,EUR/MWh,DE,DE_LU,day_ahead_price,value,2026-09-15T14:37:03Z
2026-09-15T14:34:43Z,2026-09-15T16:34:43+0200,a281d7c7-91db-4948-89d6-57b39d710a92,2026-09-15T12:30:00Z,2026-09-15T14:30:00+0200,50.08,EUR/MWh,DE,DE_LU,day_ahead_price,value,2026-09-15T14:37:03Z
2026-09-15T14:34:43Z,2026-09-15T16:34:43+0200,a281d7c7-91db-4948-89d6-57b39d710a92,2026-09-15T12:45:00Z,2026-09-15T14:45:00+0200,60.05,EUR/MWh,DE,DE_LU,day_ahead_price,value,2026-09-15T14:37:03Z
2026-09-15T14:34:43Z,2026-09-15T16:34:43+0200,a281d7c7-91db-4948-89d6-57b39d710a92,2026-09-15T13:00:00Z,2026-09-15T15:00:00+0200,61.65,EUR/MWh,DE,DE_LU,day_ahead_price,value,2026-09-15T14:37:03Z
2026-09-15T14:34:43Z,2026-09-15T16:34:43+0200,a281d7c7-91db-4948-89d6-57b39d710a92,2026-09-15T13:15:00Z,2026-09-15T15:15:00+0200,89.83,EUR/MWh,DE,DE_LU,day_ahead_price,value,2026-09-15T14:37:03Z
2026-09-15T14:34:43Z,2026-09-15T16:34:43+0200,a281d7c7-91db-4948-89d6-57b39d710a92,2026-09-15T13:30:00Z,2026-09-15T15:30:00+0200,121.19,EUR/MWh,DE,DE_LU,day_ahead_price,value,2026-09-15T14:37:03Z
2026-09-15T14:34:43Z,2026-09-15T16:34:43+0200,a281d7c7-91db-4948-89d6-57b39d710a92,2026-09-15T13:45:00Z,2026-09-15T15:45:00+0200,142.1,EUR/MWh,DE,DE_LU,day_ahead_price,value,2026-09-15T14:37:03Z
2026-09-15T14:34:43Z,2026-09-15T16:34:43+0200,a281d7c7-91db-4948-89d6-57b39d710a92,2026-09-15T14:00:00Z,2026-09-15T16:00:00+0200,104.05,EUR/MWh,DE,DE_LU,day_ahead_price,value,2026-09-15T14:37:03Z
2026-09-15T14:34:43Z,2026-09-15T16:34:43+0200,a281d7c7-91db-4948-89d6-57b39d710a92,2026-09-15T14:15:00Z,2026-09-15T16:15:00+0200,140.36,EUR/MWh,DE,DE_LU,day_ahead_price,value,2026-09-15T14:37:03Z
2026-09-15T14:34:43Z,2026-09-15T16:34:43+0200,a281d7c7-91db-4948-89d6-57b39d710a92,2026-09-15T14:30:00Z,2026-09-15T16:30:00+0200,169.79,EUR/MWh,DE,DE_LU,day_ahead_price,value,2026-09-15T14:37:03Z
2026-09-15T14:34:43Z,2026-09-15T16:34:43+0200,a281d7c7-91db-4948-89d6-57b39d710a92,2026-09-15T14:45:00Z,2026-09-15T16:45:00+0200,209.89,EUR/MWh,DE,DE_LU,day_ahead_price,value,2026-09-15T14:37:07Z
2026-09-15T14:34:43Z,2026-09-15T16:34:43+0200,a281d7c7-91db-4948-89d6-57b39d710a92,2026-09-15T15:00:00Z,2026-09-15T17:00:00+0200,165.79,EUR/MWh,DE,DE_LU,day_ahead_price,value,2026-09-15T14:37:07Z
2026-09-15T14:34:43Z,2026-09-15T16:34:43+0200,a281d7c7-91db-4948-89d6-57b39d710a92,2026-09-15T15:15:00Z,2026-09-15T17:15:00+0200,210.15,EUR/MWh,DE,DE_LU,day_ahead_price,value,2026-09-15T14:37:07Z
2026-09-15T14:34:43Z,2026-09-15T16:34:43+0200,a281d7c7-91db-4948-89d6-57b39d710a92,2026-09-15T15:30:00Z,2026-09-15T17:30:00+0200,230.2,EUR/MWh,DE,DE_LU,day_ahead_price,value,2026-09-15T14:37:07Z
2026-09-15T14:34:43Z,2026-09-15T16:34:43+0200,a281d7c7-91db-4948-89d6-57b39d710a92,2026-09-15T15:45:00Z,2026-09-15T17:45:00+0200,247.72,EUR/MWh,DE,DE_LU,day_ahead_price,value,2026-09-15T14:37:07Z
2026-09-15T14:34:43Z,2026-09-15T16:34:43+0200,a281d7c7-91db-4948-89d6-57b39d710a92,2026-09-15T16:00:00Z,2026-09-15T18:00:00+0200,217.83,EUR/MWh,DE,DE_LU,day_ahead_price,value,2026-09-15T14:37:07Z
2026-09-15T14:34:43Z,2026-09-15T16:34:43+0200,a281d7c7-91db-4948-89d6-57b39d710a92,2026-09-15T16:15:00Z,2026-09-15T18:15:00+0200,235.0,EUR/MWh,DE,DE_LU,day_ahead_price,value,2026-09-15T14:37:07Z
2026-09-15T14:34:43Z,2026-09-15T16:34:43+0200,a281d7c7-91db-4948-89d6-57b39d710a92,2026-09-15T16:30:00Z,2026-09-15T18:30:00+0200,258.69,EUR/MWh,DE,DE_LU,day_ahead_price,value,2026-09-15T14:37:07Z
2026-09-15T14:34:43Z,2026-09-15T16:34:43+0200,a281d7c7-91db-4948-89d6-57b39d710a92,2026-09-15T16:45:00Z,2026-09-15T18:45:00+0200,294.52,EUR/MWh,DE,DE_LU,day_ahead_price,value,2026-09-15T14:37:07Z
2026-09-15T14:34:43Z,2026-09-15T16:34:43+0200,a281d7c7-91db-4948-89d6-57b39d710a92,2026-09-15T17:00:00Z,2026-09-15T19:00:00+0200,293.68,EUR/MWh,DE,DE_LU,day_ahead_price,value,2026-09-15T14:37:07Z
2026-09-15T14:34:43Z,2026-09-15T16:34:43+0200,a281d7c7-91db-4948-89d6-57b39d710a92,2026-09-15T17:15:00Z,2026-09-15T19:15:00+0200,312.4,EUR/MWh,DE,DE_LU,day_ahead_price,value,2026-09-15T14:37:07Z
2026-09-15T14:34:43Z,2026-09-15T16:34:43+0200,a281d7c7-91db-4948-89d6-57b39d710a92,2026-09-15T17:30:00Z,2026-09-15T19:30:00+0200,307.35,EUR/MWh,DE,DE_LU,day_ahead_price,value,2026-09-15T14:37:07Z
2026-09-15T14:34:43Z,2026-09-15T16:34:43+0200,a281d7c7-91db-4948-89d6-57b39d710a92,2026-09-15T17:45:00Z,2026-09-15T19:45:00+0200,300.03,EUR/MWh,DE,DE_LU,day_ahead_price,value,2026-09-15T14:37:07Z
2026-09-15T14:34:43Z,2026-09-15T16:34:43+0200,a281d7c7-91db-4948-89d6-57b39d710a92,2026-09-15T18:00:00Z,2026-09-15T20:00:00+0200,279.77,EUR/MWh,DE,DE_LU,day_ahead_price,value,2026-09-15T14:37:07Z
2026-09-15T14:34:43Z,2026-09-15T16:34:43+0200,a281d7c7-91db-4948-89d6-57b39d710a92,2026-09-15T18:15:00Z,2026-09-15T20:15:00+0200,251.2,EUR/MWh,DE,DE_LU,day_ahead_price,value,2026-09-15T14:37:07Z
2026-09-15T14:34:43Z,2026-09-15T16:34:43+0200,a281d7c7-91db-4948-89d6-57b39d710a92,2026-09-15T18:30:00Z,2026-09-15T20:30:00+0200,245.93,EUR/MWh,DE,DE_LU,day_ahead_price,value,2026-09-15T14:37:07Z
2026-09-15T14:34:43Z,2026-09-15T16:34:43+0200,a281d7c7-91db-4948-89d6-57b39d710a92,2026-09-15T18:45:00Z,2026-09-15T20:45:00+0200,238.7,EUR/MWh,DE,DE_LU,day_ahead_price,value,2026-09-15T14:37:07Z
2026-09-15T14:34:43Z,2026-09-15T16:34:43+0200,a281d7c7-91db-4948-89d6-57b39d710a92,2026-09-15T19:00:00Z,2026-09-15T21:00:00+0200,231.3,EUR/MWh,DE,DE_LU,day_ahead_price,value,2026-09-15T14:37:07Z
2026-09-15T14:34:43Z,2026-09-15T16:34:43+0200,a281d7c7-91db-4948-89d6-57b39d710a92,2026-09-15T19:15:00Z,2026-09-15T21:15:00+0200,226.54,EUR/MWh,DE,DE_LU,day_ahead_price,value,2026-09-15T14:37:07Z
2026-09-15T14:34:43Z,2026-09-15T16:34:43+0200,a281d7c7-91db-4948-89d6-57b39d710a92,2026-09-15T19:30:00Z,2026-09-15T21:30:00+0200,223.45,EUR/MWh,DE,DE_LU,day_ahead_price,value,2026-09-15T14:37:07Z
2026-09-15T14:34:43Z,2026-09-15T16:34:43+0200,a281d7c7-91db-4948-89d6-57b39d710a92,2026-09-15T19:45:00Z,2026-09-15T21:45:00+0200,208.0,EUR/MWh,DE,DE_LU,day_ahead_price,value,2026-09-15T14:37:07Z
2026-09-15T14:34:43Z,2026-09-15T16:34:43+0200,a281d7c7-91db-4948-89d6-57b39d710a92,2026-09-15T20:00:00Z,2026-09-15T22:00:00+0200,212.98,EUR/MWh,DE,DE_LU,day_ahead_price,value,2026-09-15T14:37:07Z
2026-09-15T14:34:43Z,2026-09-15T16:34:43+0200,a281d7c7-91db-4948-89d6-57b39d710a92,2026-09-15T20:15:00Z,2026-09-15T22:15:00+0200,201.34,EUR/MWh,DE,DE_LU,day_ahead_price,value,2026-09-15T14:37:07Z
2026-09-15T14:34:43Z,2026-09-15T16:34:43+0200,a281d7c7-91db-4948-89d6-57b39d710a92,2026-09-15T20:30:00Z,2026-09-15T22:30:00+0200,198.01,EUR/MWh,DE,DE_LU,day_ahead_price,value,2026-09-15T14:37:07Z
2026-09-15T14:34:43Z,2026-09-15T16:34:43+0200,a281d7c7-91db-4948-89d6-57b39d710a92,2026-09-15T20:45:00Z,2026-09-15T22:45:00+0200,185.52,EUR/MWh,DE,DE_LU,day_ahead_price,value,2026-09-15T14:37:07Z
2026-09-15T14:34:43Z,2026-09-15T16:34:43+0200,a281d7c7-91db-4948-89d6-57b39d710a92,2026-09-15T21:00:00Z,2026-09-15T23:00:00+0200,193.54,EUR/MWh,DE,DE_LU,day_ahead_price,value,2026-09-15T14:37:07Z
2026-09-15T14:34:43Z,2026-09-15T16:34:43+0200,a281d7c7-91db-4948-89d6-57b39d710a92,2026-09-15T21:15:00Z,2026-09-15T23:15:00+0200,186.6,EUR/MWh,DE,DE_LU,day_ahead_price,value,2026-09-15T14:37:07Z
2026-09-15T14:34:43Z,2026-09-15T16:34:43+0200,a281d7c7-91db-4948-89d6-57b39d710a92,2026-09-15T21:30:00Z,2026-09-15T23:30:00+0200,179.67,EUR/MWh,DE,DE_LU,day_ahead_price,value,2026-09-15T14:37:07Z
2026-09-15T14:34:43Z,2026-09-15T16:34:43+0200,a281d7c7-91db-4948-89d6-57b39d710a92,2026-09-15T21:45:00Z,2026-09-15T23:45:00+0200,171.04,EUR/MWh,DE,DE_LU,day_ahead_price,value,2026-09-15T14:37:07Z
2026-09-15T14:34:43Z,2026-09-15T16:34:43+0200,a281d7c7-91db-4948-89d6-57b39d710a92,2026-09-15T22:00:00Z,2026-09-16T00:00:00+0200,181.74,EUR/MWh,DE,DE_LU,day_ahead_price,value,2026-09-15T14:37:07Z
2026-09-15T14:34:43Z,2026-09-15T16:34:43+0200,a281d7c7-91db-4948-89d6-57b39d710a92,2026-09-15T22:15:00Z,2026-09-16T00:15:00+0200,178.97,EUR/MWh,DE,DE_LU,day_ahead_price,value,2026-09-15T14:37:07Z
2026-09-15T14:34:43Z,2026-09-15T16:34:43+0200,a281d7c7-91db-4948-89d6-57b39d710a92,2026-09-15T22:30:00Z,2026-09-16T00:30:00+0200,174.59,EUR/MWh,DE,DE_LU,day_ahead_price,value,2026-09-15T14:37:07Z
2026-09-15T14:34:43Z,2026-09-15T16:34:43+0200,a281d7c7-91db-4948-89d6-57b39d710a92,2026-09-15T22:45:00Z,2026-09-16T00:45:00+0200,170.88,EUR/MWh,DE,DE_LU,day_ahead_price,value,2026-09-15T14:37:07Z
2026-09-15T14:34:43Z,2026-09-15T16:34:43+0200,a281d7c7-91db-4948-89d6-57b39d710a92,2026-09-15T23:00:00Z,2026-09-16T01:00:00+0200,173.18,EUR/MWh,DE,DE_LU,day_ahead_price,value,2026-09-15T14:37:07Z
2026-09-15T14:34:43Z,2026-09-15T16:34:43+0200,a281d7c7-91db-4948-89d6-57b39d710a92,2026-09-15T23:15:00Z,2026-09-16T01:15:00+0200,170.8,EUR/MWh,DE,DE_LU,day_ahead_price,value,2026-09-15T14:37:07Z
2026-09-15T14:34:43Z,2026-09-15T16:34:43+0200,a281d7c7-91db-4948-89d6-57b39d710a92,2026-09-15T23:30:00Z,2026-09-16T01:30:00+0200,170.88,EUR/MWh,DE,DE_LU,day_ahead_price,value,2026-09-15T14:37:07Z
2026-09-15T14:34:43Z,2026-09-15T16:34:43+0200,a281d7c7-91db-4948-89d6-57b39d710a92,2026-09-15T23:45:00Z,2026-09-16T01:45:00+0200,170.01,EUR/MWh,DE,DE_LU,day_ahead_price,value,2026-09-15T14:37:07Z
2026-09-15T14:34:43Z,2026-09-15T16:34:43+0200,a281d7c7-91db-4948-89d6-57b39d710a92,2026-09-16T00:00:00Z,2026-09-16T02:00:00+0200,167.58,EUR/MWh,DE,DE_LU,day_ahead_price,value,2026-09-15T14:37:07Z
2026-09-15T14:34:43Z,2026-09-15T16:34:43+0200,a281d7c7-91db-4948-89d6-57b39d710a92,2026-09-16T00:15:00Z,2026-09-16T02:15:00+0200,167.45,EUR/MWh,DE,DE_LU,day_ahead_price,value,2026-09-15T14:37:07Z
2026-09-15T14:34:43Z,2026-09-15T16:34:43+0200,a281d7c7-91db-4948-89d6-57b39d710a92,2026-09-16T00:30:00Z,2026-09-16T02:30:00+0200,170.04,EUR/MWh,DE,DE_LU,day_ahead_price,value,2026-09-15T14:37:07Z
2026-09-15T14:34:43Z,2026-09-15T16:34:43+0200,a281d7c7-91db-4948-89d6-57b39d710a92,2026-09-16T00:45:00Z,2026-09-16T02:45:00+0200,169.73,EUR/MWh,DE,DE_LU,day_ahead_price,value,2026-09-15T14:37:07Z
2026-09-15T14:34:43Z,2026-09-15T16:34:43+0200,a281d7c7-91db-4948-89d6-57b39d710a92,2026-09-16T01:00:00Z,2026-09-16T03:00:00+0200,169.85,EUR/MWh,DE,DE_LU,day_ahead_price,value,2026-09-15T14:37:07Z
2026-09-15T14:34:43Z,2026-09-15T16:34:43+0200,a281d7c7-91db-4948-89d6-57b39d710a92,2026-09-16T01:15:00Z,2026-09-16T03:15:00+0200,168.75,EUR/MWh,DE,DE_LU,day_ahead_price,value,2026-09-15T14:37:07Z
2026-09-15T14:34:43Z,2026-09-15T16:34:43+0200,a281d7c7-91db-4948-89d6-57b39d710a92,2026-09-16T01:30:00Z,2026-09-16T03:30:00+0200,167.24,EUR/MWh,DE,DE_LU,day_ahead_price,value,2026-09-15T14:37:07Z
2026-09-15T14:34:43Z,2026-09-15T16:34:43+0200,a281d7c7-91db-4948-89d6-57b39d710a92,2026-09-16T01:45:00Z,2026-09-16T03:45:00+0200,168.73,EUR/MWh,DE,DE_LU,day_ahead_price,value,2026-09-15T14:37:07Z
2026-09-15T14:34:43Z,2026-09-15T16:34:43+0200,a281d7c7-91db-4948-89d6-57b39d710a92,2026-09-16T02:00:00Z,2026-09-16T04:00:00+0200,170.19,EUR/MWh,DE,DE_LU,day_ahead_price,value,2026-09-15T14:37:07Z
2026-09-15T14:34:43Z,2026-09-15T16:34:43+0200,a281d7c7-91db-4948-89d6-57b39d710a92,2026-09-16T02:15:00Z,2026-09-16T04:15:00+0200,167.33,EUR/MWh,DE,DE_LU,day_ahead_price,value,2026-09-15T14:37:07Z
2026-09-15T14:34:43Z,2026-09-15T16:34:43+0200,a281d7c7-91db-4948-89d6-57b39d710a92,2026-09-16T02:30:00Z,2026-09-16T04:30:00+0200,169.26,EUR/MWh,DE,DE_LU,day_ahead_price,value,2026-09-15T14:37:07Z
2026-09-15T14:34:43Z,2026-09-15T16:34:43+0200,a281d7c7-91db-4948-89d6-57b39d710a92,2026-09-16T02:45:00Z,2026-09-16T04:45:00+0200,171.92,EUR/MWh,DE,DE_LU,day_ahead_price,value,2026-09-15T14:37:07Z
2026-09-15T14:34:43Z,2026-09-15T16:34:43+0200,a281d7c7-91db-4948-89d6-57b39d710a92,2026-09-16T03:00:00Z,2026-09-16T05:00:00+0200,168.04,EUR/MWh,DE,DE_LU,day_ahead_price,value,2026-09-15T14:37:07Z
2026-09-15T14:34:43Z,2026-09-15T16:34:43+0200,a281d7c7-91db-4948-89d6-57b39d710a92,2026-09-16T03:15:00Z,2026-09-16T05:15:00+0200,178.58,EUR/MWh,DE,DE_LU,day_ahead_price,value,2026-09-15T14:37:07Z
2026-09-15T14:34:43Z,2026-09-15T16:34:43+0200,a281d7c7-91db-4948-89d6-57b39d710a92,2026-09-16T03:30:00Z,2026-09-16T05:30:00+0200,187.88,EUR/MWh,DE,DE_LU,day_ahead_price,value,2026-09-15T14:37:07Z
2026-09-15T14:34:43Z,2026-09-15T16:34:43+0200,a281d7c7-91db-4948-89d6-57b39d710a92,2026-09-16T03:45:00Z,2026-09-16T05:45:00+0200,225.99,EUR/MWh,DE,DE_LU,day_ahead_price,value,2026-09-15T14:37:07Z
2026-09-15T14:34:43Z,2026-09-15T16:34:43+0200,a281d7c7-91db-4948-89d6-57b39d710a92,2026-09-16T04:00:00Z,2026-09-16T06:00:00+0200,199.41,EUR/MWh,DE,DE_LU,day_ahead_price,value,2026-09-15T14:37:07Z
2026-09-15T14:34:43Z,2026-09-15T16:34:43+0200,a281d7c7-91db-4948-89d6-57b39d710a92,2026-09-16T04:15:00Z,2026-09-16T06:15:00+0200,218.75,EUR/MWh,DE,DE_LU,day_ahead_price,value,2026-09-15T14:37:07Z
2026-09-15T14:34:43Z,2026-09-15T16:34:43+0200,a281d7c7-91db-4948-89d6-57b39d710a92,2026-09-16T04:30:00Z,2026-09-16T06:30:00+0200,233.61,EUR/MWh,DE,DE_LU,day_ahead_price,value,2026-09-15T14:37:07Z
2026-09-15T14:34:43Z,2026-09-15T16:34:43+0200,a281d7c7-91db-4948-89d6-57b39d710a92,2026-09-16T04:45:00Z,2026-09-16T06:45:00+0200,243.3,EUR/MWh,DE,DE_LU,day_ahead_price,value,2026-09-15T14:37:07Z
2026-09-15T14:34:43Z,2026-09-15T16:34:43+0200,a281d7c7-91db-4948-89d6-57b39d710a92,2026-09-16T05:00:00Z,2026-09-16T07:00:00+0200,246.27,EUR/MWh,DE,DE_LU,day_ahead_price,value,2026-09-15T14:37:07Z
2026-09-15T14:34:43Z,2026-09-15T16:34:43+0200,a281d7c7-91db-4948-89d6-57b39d710a92,2026-09-16T05:15:00Z,2026-09-16T07:15:00+0200,240.21,EUR/MWh,DE,DE_LU,day_ahead_price,value,2026-09-15T14:37:07Z
2026-09-15T14:34:43Z,2026-09-15T16:34:43+0200,a281d7c7-91db-4948-89d6-57b39d710a92,2026-09-16T05:30:00Z,2026-09-16T07:30:00+0200,235.01,EUR/MWh,DE,DE_LU,day_ahead_price,value,2026-09-15T14:37:07Z
2026-09-15T14:34:43Z,2026-09-15T16:34:43+0200,a281d7c7-91db-4948-89d6-57b39d710a92,2026-09-16T05:45:00Z,2026-09-16T07:45:00+0200,230.79,EUR/MWh,DE,DE_LU,day_ahead_price,value,2026-09-15T14:37:07Z
2026-09-15T14:34:43Z,2026-09-15T16:34:43+0200,a281d7c7-91db-4948-89d6-57b39d710a92,2026-09-16T06:00:00Z,2026-09-16T08:00:00+0200,247.01,EUR/MWh,DE,DE_LU,day_ahead_price,value,2026-09-15T14:37:07Z
2026-09-15T14:34:43Z,2026-09-15T16:34:43+0200,a281d7c7-91db-4948-89d6-57b39d710a92,2026-09-16T06:15:00Z,2026-09-16T08:15:00+0200,237.79,EUR/MWh,DE,DE_LU,day_ahead_price,value,2026-09-15T14:37:07Z
2026-09-15T14:34:43Z,2026-09-15T16:34:43+0200,a281d7c7-91db-4948-89d6-57b39d710a92,2026-09-16T06:30:00Z,2026-09-16T08:30:00+0200,223.17,EUR/MWh,DE,DE_LU,day_ahead_price,value,2026-09-15T14:37:07Z
2026-09-15T14:34:43Z,2026-09-15T16:34:43+0200,a281d7c7-91db-4948-89d6-57b39d710a92,2026-09-16T06:45:00Z,2026-09-16T08:45:00+0200,192.0,EUR/MWh,DE,DE_LU,day_ahead_price,value,2026-09-15T14:37:07Z
2026-09-15T14:34:43Z,2026-09-15T16:34:43+0200,a281d7c7-91db-4948-89d6-57b39d710a92,2026-09-16T07:00:00Z,2026-09-16T09:00:00+0200,219.85,EUR/MWh,DE,DE_LU,day_ahead_price,value,2026-09-15T14:37:07Z
2026-09-15T14:34:43Z,2026-09-15T16:34:43+0200,a281d7c7-91db-4948-89d6-57b39d710a92,2026-09-16T07:15:00Z,2026-09-16T09:15:00+0200,200.32,EUR/MWh,DE,DE_LU,day_ahead_price,value,2026-09-15T14:37:07Z
2026-09-15T14:34:43Z,2026-09-15T16:34:43+0200,a281d7c7-91db-4948-89d6-57b39d710a92,2026-09-16T07:30:00Z,2026-09-16T09:30:00+0200,176.41,EUR/MWh,DE,DE_LU,day_ahead_price,value,2026-09-15T14:37:07Z
2026-09-15T14:34:43Z,2026-09-15T16:34:43+0200,a281d7c7-91db-4948-89d6-57b39d710a92,2026-09-16T07:45:00Z,2026-09-16T09:45:00+0200,169.81,EUR/MWh,DE,DE_LU,day_ahead_price,value,2026-09-15T14:37:07Z
2026-09-15T14:34:43Z,2026-09-15T16:34:43+0200,a281d7c7-91db-4948-89d6-57b39d710a92,2026-09-16T08:00:00Z,2026-09-16T10:00:00+0200,186.38,EUR/MWh,DE,DE_LU,day_ahead_price,value,2026-09-15T14:37:07Z
2026-09-15T14:34:43Z,2026-09-15T16:34:43+0200,a281d7c7-91db-4948-89d6-57b39d710a92,2026-09-16T08:15:00Z,2026-09-16T10:15:00+0200,174.6,EUR/MWh,DE,DE_LU,day_ahead_price,value,2026-09-15T14:37:07Z
2026-09-15T14:34:43Z,2026-09-15T16:34:43+0200,a281d7c7-91db-4948-89d6-57b39d710a92,2026-09-16T08:30:00Z,2026-09-16T10:30:00+0200,168.84,EUR/MWh,DE,DE_LU,day_ahead_price,value,2026-09-15T14:37:07Z
2026-09-15T14:34:43Z,2026-09-15T16:34:43+0200,a281d7c7-91db-4948-89d6-57b39d710a92,2026-09-16T08:45:00Z,2026-09-16T10:45:00+0200,161.8,EUR/MWh,DE,DE_LU,day_ahead_price,value,2026-09-15T14:37:07Z
2026-09-15T14:34:43Z,2026-09-15T16:34:43+0200,a281d7c7-91db-4948-89d6-57b39d710a92,2026-09-16T09:00:00Z,2026-09-16T11:00:00+0200,154.39,EUR/MWh,DE,DE_LU,day_ahead_price,value,2026-09-15T14:37:07Z
2026-09-15T14:34:43Z,2026-09-15T16:34:43+0200,a281d7c7-91db-4948-89d6-57b39d710a92,2026-09-16T09:15:00Z,2026-09-16T11:15:00+0200,149.03,EUR/MWh,DE,DE_LU,day_ahead_price,value,2026-09-15T14:37:07Z
2026-09-15T14:34:43Z,2026-09-15T16:34:43+0200,a281d7c7-91db-4948-89d6-57b39d710a92,2026-09-16T09:30:00Z,2026-09-16T11:30:00+0200,136.63,EUR/MWh,DE,DE_LU,day_ahead_price,value,2026-09-15T14:37:07Z
2026-09-15T14:34:43Z,2026-09-15T16:34:43+0200,a281d7c7-91db-4948-89d6-57b39d710a92,2026-09-16T09:45:00Z,2026-09-16T11:45:00+0200,128.76,EUR/MWh,DE,DE_LU,day_ahead_price,value,2026-09-15T14:37:07Z
2026-09-15T14:34:43Z,2026-09-15T16:34:43+0200,a281d7c7-91db-4948-89d6-57b39d710a92,2026-09-16T10:00:00Z,2026-09-16T12:00:00+0200,130.89,EUR/MWh,DE,DE_LU,day_ahead_price,value,2026-09-15T14:37:07Z
2026-09-15T14:34:43Z,2026-09-15T16:34:43+0200,a281d7c7-91db-4948-89d6-57b39d710a92,2026-09-16T10:15:00Z,2026-09-16T12:15:00+0200,113.0,EUR/MWh,DE,DE_LU,day_ahead_price,value,2026-09-15T14:37:07Z
2026-09-15T14:34:43Z,2026-09-15T16:34:43+0200,a281d7c7-91db-4948-89d6-57b39d710a92,2026-09-16T10:30:00Z,2026-09-16T12:30:00+0200,109.59,EUR/MWh,DE,DE_LU,day_ahead_price,value,2026-09-15T14:37:07Z
2026-09-15T14:34:43Z,2026-09-15T16:34:43+0200,a281d7c7-91db-4948-89d6-57b39d710a92,2026-09-16T10:45:00Z,2026-09-16T12:45:00+0200,100.58,EUR/MWh,DE,DE_LU,day_ahead_price,value,2026-09-15T14:37:07Z
2026-09-15T14:34:43Z,2026-09-15T16:34:43+0200,a281d7c7-91db-4948-89d6-57b39d710a92,2026-09-16T11:00:00Z,2026-09-16T13:00:00+0200,104.7,EUR/MWh,DE,DE_LU,day_ahead_price,value,2026-09-15T14:37:07Z
2026-09-15T14:34:43Z,2026-09-15T16:34:43+0200,a281d7c7-91db-4948-89d6-57b39d710a92,2026-09-16T11:15:00Z,2026-09-16T13:15:00+0200,98.37,EUR/MWh,DE,DE_LU,day_ahead_price,value,2026-09-15T14:37:07Z
2026-09-15T14:34:43Z,2026-09-15T16:34:43+0200,a281d7c7-91db-4948-89d6-57b39d710a92,2026-09-16T11:30:00Z,2026-09-16T13:30:00+0200,96.56,EUR/MWh,DE,DE_LU,day_ahead_price,value,2026-09-15T14:37:07Z
2026-09-15T14:34:43Z,2026-09-15T16:34:43+0200,a281d7c7-91db-4948-89d6-57b39d710a92,2026-09-16T11:45:00Z,2026-09-16T13:45:00+0200,90.4,EUR/MWh,DE,DE_LU,day_ahead_price,value,2026-09-15T14:37:07Z
2026-09-15T14:34:43Z,2026-09-15T16:34:43+0200,a281d7c7-91db-4948-89d6-57b39d710a92,2026-09-16T12:00:00Z,2026-09-16T14:00:00+0200,99.39,EUR/MWh,DE,DE_LU,day_ahead_price,value,2026-09-15T14:37:07Z
2026-09-15T14:34:43Z,2026-09-15T16:34:43+0200,a281d7c7-91db-4948-89d6-57b39d710a92,2026-09-16T12:15:00Z,2026-09-16T14:15:00+0200,101.24,EUR/MWh,DE,DE_LU,day_ahead_price,value,2026-09-15T14:37:07Z
2026-09-15T14:34:43Z,2026-09-15T16:34:43+0200,a281d7c7-91db-4948-89d6-57b39d710a92,2026-09-16T12:30:00Z,2026-09-16T14:30:00+0200,103.54,EUR/MWh,DE,DE_LU,day_ahead_price,value,2026-09-15T14:37:07Z
2026-09-15T14:34:43Z,2026-09-15T16:34:43+0200,a281d7c7-91db-4948-89d6-57b39d710a92,2026-09-16T12:45:00Z,2026-09-16T14:45:00+0200,105.6,EUR/MWh,DE,DE_LU,day_ahead_price,value,2026-09-15T14:37:07Z
2026-09-15T14:34:43Z,2026-09-15T16:34:43+0200,a281d7c7-91db-4948-89d6-57b39d710a92,2026-09-16T13:00:00Z,2026-09-16T15:00:00+0200,107.24,EUR/MWh,DE,DE_LU,day_ahead_price,value,2026-09-15T14:37:07Z
2026-09-15T14:34:43Z,2026-09-15T16:34:43+0200,a281d7c7-91db-4948-89d6-57b39d710a92,2026-09-16T13:15:00Z,2026-09-16T15:15:00+0200,117.19,EUR/MWh,DE,DE_LU,day_ahead_price,value,2026-09-15T14:37:07Z
2026-09-15T14:34:43Z,2026-09-15T16:34:43+0200,a281d7c7-91db-4948-89d6-57b39d710a92,2026-09-16T13:30:00Z,2026-09-16T15:30:00+0200,130.81,EUR/MWh,DE,DE_LU,day_ahead_price,value,2026-09-15T14:37:07Z
2026-09-15T14:34:43Z,2026-09-15T16:34:43+0200,a281d7c7-91db-4948-89d6-57b39d710a92,2026-09-16T13:45:00Z,2026-09-16T15:45:00+0200,132.92,EUR/MWh,DE,DE_LU,day_ahead_price,value,2026-09-15T14:37:07Z
2026-09-15T14:34:43Z,2026-09-15T16:34:43+0200,a281d7c7-91db-4948-89d6-57b39d710a92,2026-09-16T14:00:00Z,2026-09-16T16:00:00+0200,131.37,EUR/MWh,DE,DE_LU,day_ahead_price,value,2026-09-15T14:37:07Z
2026-09-15T14:34:43Z,2026-09-15T16:34:43+0200,a281d7c7-91db-4948-89d6-57b39d710a92,2026-09-16T14:15:00Z,2026-09-16T16:15:00+0200,143.56,EUR/MWh,DE,DE_LU,day_ahead_price,value,2026-09-15T14:37:07Z
2026-09-15T14:34:43Z,2026-09-15T16:34:43+0200,a281d7c7-91db-4948-89d6-57b39d710a92,2026-09-16T14:30:00Z,2026-09-16T16:30:00+0200,165.94,EUR/MWh,DE,DE_LU,day_ahead_price,value,2026-09-15T14:37:07Z
2026-09-15T14:34:43Z,2026-09-15T16:34:43+0200,a281d7c7-91db-4948-89d6-57b39d710a92,2026-09-16T14:45:00Z,2026-09-16T16:45:00+0200,193.23,EUR/MWh,DE,DE_LU,day_ahead_price,value,2026-09-15T14:37:07Z
2026-09-15T14:34:43Z,2026-09-15T16:34:43+0200,a281d7c7-91db-4948-89d6-57b39d710a92,2026-09-16T15:00:00Z,2026-09-16T17:00:00+0200,182.98,EUR/MWh,DE,DE_LU,day_ahead_price,value,2026-09-15T14:37:07Z
2026-09-15T14:34:43Z,2026-09-15T16:34:43+0200,a281d7c7-91db-4948-89d6-57b39d710a92,2026-09-16T15:15:00Z,2026-09-16T17:15:00+0200,204.21,EUR/MWh,DE,DE_LU,day_ahead_price,value,2026-09-15T14:37:07Z
2026-09-15T14:34:43Z,2026-09-15T16:34:43+0200,a281d7c7-91db-4948-89d6-57b39d710a92,2026-09-16T15:30:00Z,2026-09-16T17:30:00+0200,209.42,EUR/MWh,DE,DE_LU,day_ahead_price,value,2026-09-15T14:37:07Z
2026-09-15T14:34:43Z,2026-09-15T16:34:43+0200,a281d7c7-91db-4948-89d6-57b39d710a92,2026-09-16T15:45:00Z,2026-09-16T17:45:00+0200,222.95,EUR/MWh,DE,DE_LU,day_ahead_price,value,2026-09-15T14:37:07Z
2026-09-15T14:34:43Z,2026-09-15T16:34:43+0200,a281d7c7-91db-4948-89d6-57b39d710a92,2026-09-16T16:00:00Z,2026-09-16T18:00:00+0200,204.25,EUR/MWh,DE,DE_LU,day_ahead_price,value,2026-09-15T14:37:07Z
2026-09-15T14:34:43Z,2026-09-15T16:34:43+0200,a281d7c7-91db-4948-89d6-57b39d710a92,2026-09-16T16:15:00Z,2026-09-16T18:15:00+0200,221.72,EUR/MWh,DE,DE_LU,day_ahead_price,value,2026-09-15T14:37:07Z
2026-09-15T14:34:43Z,2026-09-15T16:34:43+0200,a281d7c7-91db-4948-89d6-57b39d710a92,2026-09-16T16:30:00Z,2026-09-16T18:30:00+0200,234.98,EUR/MWh,DE,DE_LU,day_ahead_price,value,2026-09-15T14:37:07Z
2026-09-15T14:34:43Z,2026-09-15T16:34:43+0200,a281d7c7-91db-4948-89d6-57b39d710a92,2026-09-16T16:45:00Z,2026-09-16T18:45:00+0200,263.37,EUR/MWh,DE,DE_LU,day_ahead_price,value,2026-09-15T14:37:07Z
2026-09-15T14:34:43Z,2026-09-15T16:34:43+0200,a281d7c7-91db-4948-89d6-57b39d710a92,2026-09-16T17:00:00Z,2026-09-16T19:00:00+0200,237.97,EUR/MWh,DE,DE_LU,day_ahead_price,value,2026-09-15T14:37:07Z
2026-09-15T14:34:43Z,2026-09-15T16:34:43+0200,a281d7c7-91db-4948-89d6-57b39d710a92,2026-09-16T17:15:00Z,2026-09-16T19:15:00+0200,248.0,EUR/MWh,DE,DE_LU,day_ahead_price,value,2026-09-15T14:37:07Z
2026-09-15T14:34:43Z,2026-09-15T16:34:43+0200,a281d7c7-91db-4948-89d6-57b39d710a92,2026-09-16T17:30:00Z,2026-09-16T19:30:00+0200,262.56,EUR/MWh,DE,DE_LU,day_ahead_price,value,2026-09-15T14:37:07Z
2026-09-15T14:34:43Z,2026-09-15T16:34:43+0200,a281d7c7-91db-4948-89d6-57b39d710a92,2026-09-16T17:45:00Z,2026-09-16T19:45:00+0200,269.18,EUR/MWh,DE,DE_LU,day_ahead_price,value,2026-09-15T14:37:07Z
2026-09-15T14:34:43Z,2026-09-15T16:34:43+0200,a281d7c7-91db-4948-89d6-57b39d710a92,2026-09-16T18:00:00Z,2026-09-16T20:00:00+0200,264.58,EUR/MWh,DE,DE_LU,day_ahead_price,value,2026-09-15T14:37:07Z
2026-09-15T14:34:43Z,2026-09-15T16:34:43+0200,a281d7c7-91db-4948-89d6-57b39d710a92,2026-09-16T18:15:00Z,2026-09-16T20:15:00+0200,248.79,EUR/MWh,DE,DE_LU,day_ahead_price,value,2026-09-15T14:37:07Z
2026-09-15T14:34:43Z,2026-09-15T16:34:43+0200,a281d7c7-91db-4948-89d6-57b39d710a92,2026-09-16T18:30:00Z,2026-09-16T20:30:00+0200,239.85,EUR/MWh,DE,DE_LU,day_ahead_price,value,2026-09-15T14:37:07Z
2026-09-15T14:34:43Z,2026-09-15T16:34:43+0200,a281d7c7-91db-4948-89d6-57b39d710a92,2026-09-16T18:45:00Z,2026-09-16T20:45:00+0200,234.43,EUR/MWh,DE,DE_LU,day_ahead_price,value,2026-09-15T14:37:07Z
2026-09-15T14:34:43Z,2026-09-15T16:34:43+0200,a281d7c7-91db-4948-89d6-57b39d710a92,2026-09-16T19:00:00Z,2026-09-16T21:00:00+0200,236.92,EUR/MWh,DE,DE_LU,day_ahead_price,value,2026-09-15T14:37:07Z
2026-09-15T14:34:43Z,2026-09-15T16:34:43+0200,a281d7c7-91db-4948-89d6-57b39d710a92,2026-09-16T19:15:00Z,2026-09-16T21:15:00+0200,229.49,EUR/MWh,DE,DE_LU,day_ahead_price,value,2026-09-15T14:37:07Z
2026-09-15T14:34:43Z,2026-09-15T16:34:43+0200,a281d7c7-91db-4948-89d6-57b39d710a92,2026-09-16T19:30:00Z,2026-09-16T21:30:00+0200,215.47,EUR/MWh,DE,DE_LU,day_ahead_price,value,2026-09-15T14:37:07Z
2026-09-15T14:34:43Z,2026-09-15T16:34:43+0200,a281d7c7-91db-4948-89d6-57b39d710a92,2026-09-16T19:45:00Z,2026-09-16T21:45:00+0200,199.18,EUR/MWh,DE,DE_LU,day_ahead_price,value,2026-09-15T14:37:07Z
2026-09-15T14:34:43Z,2026-09-15T16:34:43+0200,a281d7c7-91db-4948-89d6-57b39d710a92,2026-09-16T20:00:00Z,2026-09-16T22:00:00+0200,213.99,EUR/MWh,DE,DE_LU,day_ahead_price,value,2026-09-15T14:37:07Z
2026-09-15T14:34:43Z,2026-09-15T16:34:43+0200,a281d7c7-91db-4948-89d6-57b39d710a92,2026-09-16T20:15:00Z,2026-09-16T22:15:00+0200,201.4,EUR/MWh,DE,DE_LU,day_ahead_price,value,2026-09-15T14:37:07Z
2026-09-15T14:34:43Z,2026-09-15T16:34:43+0200,a281d7c7-91db-4948-89d6-57b39d710a92,2026-09-16T20:30:00Z,2026-09-16T22:30:00+0200,196.77,EUR/MWh,DE,DE_LU,day_ahead_price,value,2026-09-15T14:37:07Z
2026-09-15T14:34:43Z,2026-09-15T16:34:43+0200,a281d7c7-91db-4948-89d6-57b39d710a92,2026-09-16T20:45:00Z,2026-09-16T22:45:00+0200,191.0,EUR/MWh,DE,DE_LU,day_ahead_price,value,2026-09-15T14:37:07Z
2026-09-15T14:34:43Z,2026-09-15T16:34:43+0200,a281d7c7-91db-4948-89d6-57b39d710a92,2026-09-16T21:00:00Z,2026-09-16T23:00:00+0200,198.34,EUR/MWh,DE,DE_LU,day_ahead_price,value,2026-09-15T14:37:07Z
2026-09-15T14:34:43Z,2026-09-15T16:34:43+0200,a281d7c7-91db-4948-89d6-57b39d710a92,2026-09-16T21:15:00Z,2026-09-16T23:15:00+0200,189.98,EUR/MWh,DE,DE_LU,day_ahead_price,value,2026-09-15T14:37:07Z
2026-09-15T14:34:43Z,2026-09-15T16:34:43+0200,a281d7c7-91db-4948-89d6-57b39d710a92,2026-09-16T21:30:00Z,2026-09-16T23:30:00+0200,184.25,EUR/MWh,DE,DE_LU,day_ahead_price,value,2026-09-15T14:37:07Z
2026-09-15T14:34:43Z,2026-09-15T16:34:43+0200,a281d7c7-91db-4948-89d6-57b39d710a92,2026-09-16T21:45:00Z,2026-09-16T23:45:00+0200,168.21,EUR/MWh,DE,DE_LU,day_ahead_price,value,2026-09-15T14:37:07Z
