collection_time_utc,collection_time_local,run_id,timestamp_utc,timestamp_local,value,unit,country,entsoe_area,variable,source,updated_at_utc
2026-09-10T00:53:42Z,2026-09-10T02:53:42+0200,61f23d5e-010a-489b-a32d-dd4f05d29383,2026-09-03T01:00:00Z,2026-09-03T03:00:00+0200,146.54,EUR/MWh,DE,DE_LU,day_ahead_price,value,2026-09-10T00:56:43Z
2026-09-10T00:53:42Z,2026-09-10T02:53:42+0200,61f23d5e-010a-489b-a32d-dd4f05d29383,2026-09-03T01:15:00Z,2026-09-03T03:15:00+0200,147.68,EUR/MWh,DE,DE_LU,day_ahead_price,value,2026-09-10T00:56:43Z
2026-09-10T00:53:42Z,2026-09-10T02:53:42+0200,61f23d5e-010a-489b-a32d-dd4f05d29383,2026-09-03T01:30:00Z,2026-09-03T03:30:00+0200,146.55,EUR/MWh,DE,DE_LU,day_ahead_price,value,2026-09-10T00:56:43Z
2026-09-10T00:53:42Z,2026-09-10T02:53:42+0200,61f23d5e-010a-489b-a32d-dd4f05d29383,2026-09-03T01:45:00Z,2026-09-03T03:45:00+0200,143.24,EUR/MWh,DE,DE_LU,day_ahead_price,value,2026-09-10T00:56:43Z
2026-09-10T00:53:42Z,2026-09-10T02:53:42+0200,61f23d5e-010a-489b-a32d-dd4f05d29383,2026-09-03T02:00:00Z,2026-09-03T04:00:00+0200,146.48,EUR/MWh,DE,DE_LU,day_ahead_price,value,2026-09-10T00:56:43Z
2026-09-10T00:53:42Z,2026-09-10T02:53:42+0200,61f23d5e-010a-489b-a32d-dd4f05d29383,2026-09-03T02:15:00Z,2026-09-03T04:15:00+0200,144.7,EUR/MWh,DE,DE_LU,day_ahead_price,value,2026-09-10T00:56:43Z
2026-09-10T00:53:42Z,2026-09-10T02:53:42+0200,61f23d5e-010a-489b-a32d-dd4f05d29383,2026-09-03T02:30:00Z,2026-09-03T04:30:00+0200,143.28,EUR/MWh,DE,DE_LU,day_ahead_price,value,2026-09-10T00:56:43Z
2026-09-10T00:53:42Z,2026-09-10T02:53:42+0200,61f23d5e-010a-489b-a32d-dd4f05d29383,2026-09-03T02:45:00Z,2026-09-03T04:45:00+0200,138.12,EUR/MWh,DE,DE_LU,day_ahead_price,value,2026-09-10T00:56:43Z
2026-09-10T00:53:42Z,2026-09-10T02:53:42+0200,61f23d5e-010a-489b-a32d-dd4f05d29383,2026-09-03T03:00:00Z,2026-09-03T05:00:00+0200,145.41,EUR/MWh,DE,DE_LU,day_ahead_price,value,2026-09-10T00:56:43Z
2026-09-10T00:53:42Z,2026-09-10T02:53:42+0200,61f23d5e-010a-489b-a32d-dd4f05d29383,2026-09-03T03:15:00Z,2026-09-03T05:15:00+0200,142.19,EUR/MWh,DE,DE_LU,day_ahead_price,value,2026-09-10T00:56:43Z
2026-09-10T00:53:42Z,2026-09-10T02:53:42+0200,61f23d5e-010a-489b-a32d-dd4f05d29383,2026-09-03T03:30:00Z,2026-09-03T05:30:00+0200,145.74,EUR/MWh,DE,DE_LU,day_ahead_price,value,2026-09-10T00:56:43Z
2026-09-10T00:53:42Z,2026-09-10T02:53:42+0200,61f23d5e-010a-489b-a32d-dd4f05d29383,2026-09-03T03:45:00Z,2026-09-03T05:45:00+0200,155.37,EUR/MWh,DE,DE_LU,day_ahead_price,value,2026-09-10T00:56:43Z
2026-09-10T00:53:42Z,2026-09-10T02:53:42+0200,61f23d5e-010a-489b-a32d-dd4f05d29383,2026-09-03T04:00:00Z,2026-09-03T06:00:00+0200,160.33,EUR/MWh,DE,DE_LU,day_ahead_price,value,2026-09-10T00:56:43Z
2026-09-10T00:53:42Z,2026-09-10T02:53:42+0200,61f23d5e-010a-489b-a32d-dd4f05d29383,2026-09-03T04:15:00Z,2026-09-03T06:15:00+0200,176.02,EUR/MWh,DE,DE_LU,day_ahead_price,value,2026-09-10T00:56:43Z
2026-09-10T00:53:42Z,2026-09-10T02:53:42+0200,61f23d5e-010a-489b-a32d-dd4f05d29383,2026-09-03T04:30:00Z,2026-09-03T06:30:00+0200,181.05,EUR/MWh,DE,DE_LU,day_ahead_price,value,2026-09-10T00:56:43Z
2026-09-10T00:53:42Z,2026-09-10T02:53:42+0200,61f23d5e-010a-489b-a32d-dd4f05d29383,2026-09-03T04:45:00Z,2026-09-03T06:45:00+0200,180.36,EUR/MWh,DE,DE_LU,day_ahead_price,value,2026-09-10T00:56:43Z
2026-09-10T00:53:42Z,2026-09-10T02:53:42+0200,61f23d5e-010a-489b-a32d-dd4f05d29383,2026-09-03T05:00:00Z,2026-09-03T07:00:00+0200,194.95,EUR/MWh,DE,DE_LU,day_ahead_price,value,2026-09-10T00:56:43Z
2026-09-10T00:53:42Z,2026-09-10T02:53:42+0200,61f23d5e-010a-489b-a32d-dd4f05d29383,2026-09-03T05:15:00Z,2026-09-03T07:15:00+0200,193.67,EUR/MWh,DE,DE_LU,day_ahead_price,value,2026-09-10T00:56:43Z
2026-09-10T00:53:42Z,2026-09-10T02:53:42+0200,61f23d5e-010a-489b-a32d-dd4f05d29383,2026-09-03T05:30:00Z,2026-09-03T07:30:00+0200,187.37,EUR/MWh,DE,DE_LU,day_ahead_price,value,2026-09-10T00:56:43Z
2026-09-10T00:53:42Z,2026-09-10T02:53:42+0200,61f23d5e-010a-489b-a32d-dd4f05d29383,2026-09-03T05:45:00Z,2026-09-03T07:45:00+0200,180.81,EUR/MWh,DE,DE_LU,day_ahead_price,value,2026-09-10T00:56:43Z
2026-09-10T00:53:42Z,2026-09-10T02:53:42+0200,61f23d5e-010a-489b-a32d-dd4f05d29383,2026-09-03T06:00:00Z,2026-09-03T08:00:00+0200,206.0,EUR/MWh,DE,DE_LU,day_ahead_price,value,2026-09-10T00:56:43Z
2026-09-10T00:53:42Z,2026-09-10T02:53:42+0200,61f23d5e-010a-489b-a32d-dd4f05d29383,2026-09-03T06:15:00Z,2026-09-03T08:15:00+0200,187.2,EUR/MWh,DE,DE_LU,day_ahead_price,value,2026-09-10T00:56:43Z
2026-09-10T00:53:42Z,2026-09-10T02:53:42+0200,61f23d5e-010a-489b-a32d-dd4f05d29383,2026-09-03T06:30:00Z,2026-09-03T08:30:00+0200,176.99,EUR/MWh,DE,DE_LU,day_ahead_price,value,2026-09-10T00:56:43Z
2026-09-10T00:53:42Z,2026-09-10T02:53:42+0200,61f23d5e-010a-489b-a32d-dd4f05d29383,2026-09-03T06:45:00Z,2026-09-03T08:45:00+0200,150.0,EUR/MWh,DE,DE_LU,day_ahead_price,value,2026-09-10T00:56:43Z
2026-09-10T00:53:42Z,2026-09-10T02:53:42+0200,61f23d5e-010a-489b-a32d-dd4f05d29383,2026-09-03T07:00:00Z,2026-09-03T09:00:00+0200,185.21,EUR/MWh,DE,DE_LU,day_ahead_price,value,2026-09-10T00:56:43Z
2026-09-10T00:53:42Z,2026-09-10T02:53:42+0200,61f23d5e-010a-489b-a32d-dd4f05d29383,2026-09-03T07:15:00Z,2026-09-03T09:15:00+0200,156.62,EUR/MWh,DE,DE_LU,day_ahead_price,value,2026-09-10T00:56:43Z
2026-09-10T00:53:42Z,2026-09-10T02:53:42+0200,61f23d5e-010a-489b-a32d-dd4f05d29383,2026-09-03T07:30:00Z,2026-09-03T09:30:00+0200,135.0,EUR/MWh,DE,DE_LU,day_ahead_price,value,2026-09-10T00:56:43Z
2026-09-10T00:53:42Z,2026-09-10T02:53:42+0200,61f23d5e-010a-489b-a32d-dd4f05d29383,2026-09-03T07:45:00Z,2026-09-03T09:45:00+0200,121.5,EUR/MWh,DE,DE_LU,day_ahead_price,value,2026-09-10T00:56:43Z
2026-09-10T00:53:42Z,2026-09-10T02:53:42+0200,61f23d5e-010a-489b-a32d-dd4f05d29383,2026-09-03T08:00:00Z,2026-09-03T10:00:00+0200,132.3,EUR/MWh,DE,DE_LU,day_ahead_price,value,2026-09-10T00:56:43Z
2026-09-10T00:53:42Z,2026-09-10T02:53:42+0200,61f23d5e-010a-489b-a32d-dd4f05d29383,2026-09-03T08:15:00Z,2026-09-03T10:15:00+0200,120.01,EUR/MWh,DE,DE_LU,day_ahead_price,value,2026-09-10T00:56:43Z
2026-09-10T00:53:42Z,2026-09-10T02:53:42+0200,61f23d5e-010a-489b-a32d-dd4f05d29383,2026-09-03T08:30:00Z,2026-09-03T10:30:00+0200,115.29,EUR/MWh,DE,DE_LU,day_ahead_price,value,2026-09-10T00:56:43Z
2026-09-10T00:53:42Z,2026-09-10T02:53:42+0200,61f23d5e-010a-489b-a32d-dd4f05d29383,2026-09-03T08:45:00Z,2026-09-03T10:45:00+0200,103.05,EUR/MWh,DE,DE_LU,day_ahead_price,value,2026-09-10T00:56:43Z
2026-09-10T00:53:42Z,2026-09-10T02:53:42+0200,61f23d5e-010a-489b-a32d-dd4f05d29383,2026-09-03T09:00:00Z,2026-09-03T11:00:00+0200,110.02,EUR/MWh,DE,DE_LU,day_ahead_price,value,2026-09-10T00:56:43Z
2026-09-10T00:53:42Z,2026-09-10T02:53:42+0200,61f23d5e-010a-489b-a32d-dd4f05d29383,2026-09-03T09:15:00Z,2026-09-03T11:15:00+0200,99.72,EUR/MWh,DE,DE_LU,day_ahead_price,value,2026-09-10T00:56:43Z
2026-09-10T00:53:42Z,2026-09-10T02:53:42+0200,61f23d5e-010a-489b-a32d-dd4f05d29383,2026-09-03T09:30:00Z,2026-09-03T11:30:00+0200,72.44,EUR/MWh,DE,DE_LU,day_ahead_price,value,2026-09-10T00:56:43Z
2026-09-10T00:53:42Z,2026-09-10T02:53:42+0200,61f23d5e-010a-489b-a32d-dd4f05d29383,2026-09-03T09:45:00Z,2026-09-03T11:45:00+0200,60.42,EUR/MWh,DE,DE_LU,day_ahead_price,value,2026-09-10T00:56:43Z
2026-09-10T00:53:42Z,2026-09-10T02:53:42+0200,61f23d5e-010a-489b-a32d-dd4f05d29383,2026-09-03T10:00:00Z,2026-09-03T12:00:00+0200,81.72,EUR/MWh,DE,DE_LU,day_ahead_price,value,2026-09-10T00:56:43Z
2026-09-10T00:53:42Z,2026-09-10T02:53:42+0200,61f23d5e-010a-489b-a32d-dd4f05d29383,2026-09-03T10:15:00Z,2026-09-03T12:15:00+0200,50.67,EUR/MWh,DE,DE_LU,day_ahead_price,value,2026-09-10T00:56:43Z
2026-09-10T00:53:42Z,2026-09-10T02:53:42+0200,61f23d5e-010a-489b-a32d-dd4f05d29383,2026-09-03T10:30:00Z,2026-09-03T12:30:00+0200,38.99,EUR/MWh,DE,DE_LU,day_ahead_price,value,2026-09-10T00:56:43Z
2026-09-10T00:53:42Z,2026-09-10T02:53:42+0200,61f23d5e-010a-489b-a32d-dd4f05d29383,2026-09-03T10:45:00Z,2026-09-03T12:45:00+0200,29.71,EUR/MWh,DE,DE_LU,day_ahead_price,value,2026-09-10T00:56:43Z
2026-09-10T00:53:42Z,2026-09-10T02:53:42+0200,61f23d5e-010a-489b-a32d-dd4f05d29383,2026-09-03T11:00:00Z,2026-09-03T13:00:00+0200,33.98,EUR/MWh,DE,DE_LU,day_ahead_price,value,2026-09-10T00:56:43Z
2026-09-10T00:53:42Z,2026-09-10T02:53:42+0200,61f23d5e-010a-489b-a32d-dd4f05d29383,2026-09-03T11:15:00Z,2026-09-03T13:15:00+0200,28.98,EUR/MWh,DE,DE_LU,day_ahead_price,value,2026-09-10T00:56:43Z
2026-09-10T00:53:42Z,2026-09-10T02:53:42+0200,61f23d5e-010a-489b-a32d-dd4f05d29383,2026-09-03T11:30:00Z,2026-09-03T13:30:00+0200,22.59,EUR/MWh,DE,DE_LU,day_ahead_price,value,2026-09-10T00:56:43Z
2026-09-10T00:53:42Z,2026-09-10T02:53:42+0200,61f23d5e-010a-489b-a32d-dd4f05d29383,2026-09-03T11:45:00Z,2026-09-03T13:45:00+0200,14.45,EUR/MWh,DE,DE_LU,day_ahead_price,value,2026-09-10T00:56:43Z
2026-09-10T00:53:42Z,2026-09-10T02:53:42+0200,61f23d5e-010a-489b-a32d-dd4f05d29383,2026-09-03T12:00:00Z,2026-09-03T14:00:00+0200,25.45,EUR/MWh,DE,DE_LU,day_ahead_price,value,2026-09-10T00:56:43Z
2026-09-10T00:53:42Z,2026-09-10T02:53:42+0200,61f23d5e-010a-489b-a32d-dd4f05d29383,2026-09-03T12:15:00Z,2026-09-03T14:15:00+0200,16.82,EUR/MWh,DE,DE_LU,day_ahead_price,value,2026-09-10T00:56:43Z
2026-09-10T00:53:42Z,2026-09-10T02:53:42+0200,61f23d5e-010a-489b-a32d-dd4f05d29383,2026-09-03T12:30:00Z,2026-09-03T14:30:00+0200,20.8,EUR/MWh,DE,DE_LU,day_ahead_price,value,2026-09-10T00:56:43Z
2026-09-10T00:53:42Z,2026-09-10T02:53:42+0200,61f23d5e-010a-489b-a32d-dd4f05d29383,2026-09-03T12:45:00Z,2026-09-03T14:45:00+0200,20.49,EUR/MWh,DE,DE_LU,day_ahead_price,value,2026-09-10T00:56:43Z
2026-09-10T00:53:42Z,2026-09-10T02:53:42+0200,61f23d5e-010a-489b-a32d-dd4f05d29383,2026-09-03T13:00:00Z,2026-09-03T15:00:00+0200,20.82,EUR/MWh,DE,DE_LU,day_ahead_price,value,2026-09-10T00:56:43Z
2026-09-10T00:53:42Z,2026-09-10T02:53:42+0200,61f23d5e-010a-489b-a32d-dd4f05d29383,2026-09-03T13:15:00Z,2026-09-03T15:15:00+0200,22.38,EUR/MWh,DE,DE_LU,day_ahead_price,value,2026-09-10T00:56:43Z
2026-09-10T00:53:42Z,2026-09-10T02:53:42+0200,61f23d5e-010a-489b-a32d-dd4f05d29383,2026-09-03T13:30:00Z,2026-09-03T15:30:00+0200,29.35,EUR/MWh,DE,DE_LU,day_ahead_price,value,2026-09-10T00:56:43Z
2026-09-10T00:53:42Z,2026-09-10T02:53:42+0200,61f23d5e-010a-489b-a32d-dd4f05d29383,2026-09-03T13:45:00Z,2026-09-03T15:45:00+0200,24.93,EUR/MWh,DE,DE_LU,day_ahead_price,value,2026-09-10T00:56:43Z
2026-09-10T00:53:42Z,2026-09-10T02:53:42+0200,61f23d5e-010a-489b-a32d-dd4f05d29383,2026-09-03T14:00:00Z,2026-09-03T16:00:00+0200,40.03,EUR/MWh,DE,DE_LU,day_ahead_price,value,2026-09-10T00:56:43Z
2026-09-10T00:53:42Z,2026-09-10T02:53:42+0200,61f23d5e-010a-489b-a32d-dd4f05d29383,2026-09-03T14:15:00Z,2026-09-03T16:15:00+0200,46.66,EUR/MWh,DE,DE_LU,day_ahead_price,value,2026-09-10T00:56:43Z
2026-09-10T00:53:42Z,2026-09-10T02:53:42+0200,61f23d5e-010a-489b-a32d-dd4f05d29383,2026-09-03T14:30:00Z,2026-09-03T16:30:00+0200,71.87,EUR/MWh,DE,DE_LU,day_ahead_price,value,2026-09-10T00:56:43Z
2026-09-10T00:53:42Z,2026-09-10T02:53:42+0200,61f23d5e-010a-489b-a32d-dd4f05d29383,2026-09-03T14:45:00Z,2026-09-03T16:45:00+0200,86.99,EUR/MWh,DE,DE_LU,day_ahead_price,value,2026-09-10T00:56:43Z
2026-09-10T00:53:42Z,2026-09-10T02:53:42+0200,61f23d5e-010a-489b-a32d-dd4f05d29383,2026-09-03T15:00:00Z,2026-09-03T17:00:00+0200,78.72,EUR/MWh,DE,DE_LU,day_ahead_price,value,2026-09-10T00:56:43Z
2026-09-10T00:53:42Z,2026-09-10T02:53:42+0200,61f23d5e-010a-489b-a32d-dd4f05d29383,2026-09-03T15:15:00Z,2026-09-03T17:15:00+0200,106.62,EUR/MWh,DE,DE_LU,day_ahead_price,value,2026-09-10T00:56:43Z
2026-09-10T00:53:42Z,2026-09-10T02:53:42+0200,61f23d5e-010a-489b-a32d-dd4f05d29383,2026-09-03T15:30:00Z,2026-09-03T17:30:00+0200,135.3,EUR/MWh,DE,DE_LU,day_ahead_price,value,2026-09-10T00:56:43Z
2026-09-10T00:53:42Z,2026-09-10T02:53:42+0200,61f23d5e-010a-489b-a32d-dd4f05d29383,2026-09-03T15:45:00Z,2026-09-03T17:45:00+0200,148.36,EUR/MWh,DE,DE_LU,day_ahead_price,value,2026-09-10T00:56:43Z
2026-09-10T00:53:42Z,2026-09-10T02:53:42+0200,61f23d5e-010a-489b-a32d-dd4f05d29383,2026-09-03T16:00:00Z,2026-09-03T18:00:00+0200,134.9,EUR/MWh,DE,DE_LU,day_ahead_price,value,2026-09-10T00:56:43Z
2026-09-10T00:53:42Z,2026-09-10T02:53:42+0200,61f23d5e-010a-489b-a32d-dd4f05d29383,2026-09-03T16:15:00Z,2026-09-03T18:15:00+0200,153.65,EUR/MWh,DE,DE_LU,day_ahead_price,value,2026-09-10T00:56:43Z
2026-09-10T00:53:42Z,2026-09-10T02:53:42+0200,61f23d5e-010a-489b-a32d-dd4f05d29383,2026-09-03T16:30:00Z,2026-09-03T18:30:00+0200,164.29,EUR/MWh,DE,DE_LU,day_ahead_price,value,2026-09-10T00:56:43Z
2026-09-10T00:53:42Z,2026-09-10T02:53:42+0200,61f23d5e-010a-489b-a32d-dd4f05d29383,2026-09-03T16:45:00Z,2026-09-03T18:45:00+0200,167.75,EUR/MWh,DE,DE_LU,day_ahead_price,value,2026-09-10T00:56:43Z
2026-09-10T00:53:42Z,2026-09-10T02:53:42+0200,61f23d5e-010a-489b-a32d-dd4f05d29383,2026-09-03T17:00:00Z,2026-09-03T19:00:00+0200,170.59,EUR/MWh,DE,DE_LU,day_ahead_price,value,2026-09-10T00:56:43Z
2026-09-10T00:53:42Z,2026-09-10T02:53:42+0200,61f23d5e-010a-489b-a32d-dd4f05d29383,2026-09-03T17:15:00Z,2026-09-03T19:15:00+0200,179.1,EUR/MWh,DE,DE_LU,day_ahead_price,value,2026-09-10T00:56:43Z
2026-09-10T00:53:42Z,2026-09-10T02:53:42+0200,61f23d5e-010a-489b-a32d-dd4f05d29383,2026-09-03T17:30:00Z,2026-09-03T19:30:00+0200,185.85,EUR/MWh,DE,DE_LU,day_ahead_price,value,2026-09-10T00:56:43Z
2026-09-10T00:53:42Z,2026-09-10T02:53:42+0200,61f23d5e-010a-489b-a32d-dd4f05d29383,2026-09-03T17:45:00Z,2026-09-03T19:45:00+0200,188.77,EUR/MWh,DE,DE_LU,day_ahead_price,value,2026-09-10T00:56:43Z
2026-09-10T00:53:42Z,2026-09-10T02:53:42+0200,61f23d5e-010a-489b-a32d-dd4f05d29383,2026-09-03T18:00:00Z,2026-09-03T20:00:00+0200,186.5,EUR/MWh,DE,DE_LU,day_ahead_price,value,2026-09-10T00:56:43Z
2026-09-10T00:53:42Z,2026-09-10T02:53:42+0200,61f23d5e-010a-489b-a32d-dd4f05d29383,2026-09-03T18:15:00Z,2026-09-03T20:15:00+0200,205.99,EUR/MWh,DE,DE_LU,day_ahead_price,value,2026-09-10T00:56:43Z
2026-09-10T00:53:42Z,2026-09-10T02:53:42+0200,61f23d5e-010a-489b-a32d-dd4f05d29383,2026-09-03T18:30:00Z,2026-09-03T20:30:00+0200,217.56,EUR/MWh,DE,DE_LU,day_ahead_price,value,2026-09-10T00:56:43Z
2026-09-10T00:53:42Z,2026-09-10T02:53:42+0200,61f23d5e-010a-489b-a32d-dd4f05d29383,2026-09-03T18:45:00Z,2026-09-03T20:45:00+0200,207.54,EUR/MWh,DE,DE_LU,day_ahead_price,value,2026-09-10T00:56:43Z
2026-09-10T00:53:42Z,2026-09-10T02:53:42+0200,61f23d5e-010a-489b-a32d-dd4f05d29383,2026-09-03T19:00:00Z,2026-09-03T21:00:00+0200,213.57,EUR/MWh,DE,DE_LU,day_ahead_price,value,2026-09-10T00:56:43Z
2026-09-10T00:53:42Z,2026-09-10T02:53:42+0200,61f23d5e-010a-489b-a32d-dd4f05d29383,2026-09-03T19:15:00Z,2026-09-03T21:15:00+0200,194.13,EUR/MWh,DE,DE_LU,day_ahead_price,value,2026-09-10T00:56:43Z
2026-09-10T00:53:42Z,2026-09-10T02:53:42+0200,61f23d5e-010a-489b-a32d-dd4f05d29383,2026-09-03T19:30:00Z,2026-09-03T21:30:00+0200,187.28,EUR/MWh,DE,DE_LU,day_ahead_price,value,2026-09-10T00:56:43Z
2026-09-10T00:53:42Z,2026-09-10T02:53:42+0200,61f23d5e-010a-489b-a32d-dd4f05d29383,2026-09-03T19:45:00Z,2026-09-03T21:45:00+0200,175.23,EUR/MWh,DE,DE_LU,day_ahead_price,value,2026-09-10T00:56:43Z
2026-09-10T00:53:42Z,2026-09-10T02:53:42+0200,61f23d5e-010a-489b-a32d-dd4f05d29383,2026-09-03T20:00:00Z,2026-09-03T22:00:00+0200,184.77,EUR/MWh,DE,DE_LU,day_ahead_price,value,2026-09-10T00:56:43Z
2026-09-10T00:53:42Z,2026-09-10T02:53:42+0200,61f23d5e-010a-489b-a32d-dd4f05d29383,2026-09-03T20:15:00Z,2026-09-03T22:15:00+0200,167.81,EUR/MWh,DE,DE_LU,day_ahead_price,value,2026-09-10T00:56:43Z
2026-09-10T00:53:42Z,2026-09-10T02:53:42+0200,61f23d5e-010a-489b-a32d-dd4f05d29383,2026-09-03T20:30:00Z,2026-09-03T22:30:00+0200,173.84,EUR/MWh,DE,DE_LU,day_ahead_price,value,2026-09-10T00:56:43Z
2026-09-10T00:53:42Z,2026-09-10T02:53:42+0200,61f23d5e-010a-489b-a32d-dd4f05d29383,2026-09-03T20:45:00Z,2026-09-03T22:45:00+0200,173.12,EUR/MWh,DE,DE_LU,day_ahead_price,value,2026-09-10T00:56:43Z
2026-09-10T00:53:42Z,2026-09-10T02:53:42+0200,61f23d5e-010a-489b-a32d-dd4f05d29383,2026-09-03T21:00:00Z,2026-09-03T23:00:00+0200,164.64,EUR/MWh,DE,DE_LU,day_ahead_price,value,2026-09-10T00:56:43Z
2026-09-10T00:53:42Z,2026-09-10T02:53:42+0200,61f23d5e-010a-489b-a32d-dd4f05d29383,2026-09-03T21:15:00Z,2026-09-03T23:15:00+0200,161.32,EUR/MWh,DE,DE_LU,day_ahead_price,value,2026-09-10T00:56:43Z
2026-09-10T00:53:42Z,2026-09-10T02:53:42+0200,61f23d5e-010a-489b-a32d-dd4f05d29383,2026-09-03T21:30:00Z,2026-09-03T23:30:00+0200,170.71,EUR/MWh,DE,DE_LU,day_ahead_price,value,2026-09-10T00:56:43Z
2026-09-10T00:53:42Z,2026-09-10T02:53:42+0200,61f23d5e-010a-489b-a32d-dd4f05d29383,2026-09-03T21:45:00Z,2026-09-03T23:45:00+0200,152.16,EUR/MWh,DE,DE_LU,day_ahead_price,value,2026-09-10T00:56:43Z
2026-09-10T00:53:42Z,2026-09-10T02:53:42+0200,61f23d5e-010a-489b-a32d-dd4f05d29383,2026-09-03T22:00:00Z,2026-09-04T00:00:00+0200,147.64,EUR/MWh,DE,DE_LU,day_ahead_price,value,2026-09-10T00:56:43Z
2026-09-10T00:53:42Z,2026-09-10T02:53:42+0200,61f23d5e-010a-489b-a32d-dd4f05d29383,2026-09-03T22:15:00Z,2026-09-04T00:15:00+0200,138.83,EUR/MWh,DE,DE_LU,day_ahead_price,value,2026-09-10T00:56:43Z
2026-09-10T00:53:42Z,2026-09-10T02:53:42+0200,61f23d5e-010a-489b-a32d-dd4f05d29383,2026-09-03T22:30:00Z,2026-09-04T00:30:00+0200,131.96,EUR/MWh,DE,DE_LU,day_ahead_price,value,2026-09-10T00:56:43Z
2026-09-10T00:53:42Z,2026-09-10T02:53:42+0200,61f23d5e-010a-489b-a32d-dd4f05d29383,2026-09-03T22:45:00Z,2026-09-04T00:45:00+0200,124.53,EUR/MWh,DE,DE_LU,day_ahead_price,value,2026-09-10T00:56:43Z
2026-09-10T00:53:42Z,2026-09-10T02:53:42+0200,61f23d5e-010a-489b-a32d-dd4f05d29383,2026-09-03T23:00:00Z,2026-09-04T01:00:00+0200,132.68,EUR/MWh,DE,DE_LU,day_ahead_price,value,2026-09-10T00:56:43Z
2026-09-10T00:53:42Z,2026-09-10T02:53:42+0200,61f23d5e-010a-489b-a32d-dd4f05d29383,2026-09-03T23:15:00Z,2026-09-04T01:15:00+0200,125.01,EUR/MWh,DE,DE_LU,day_ahead_price,value,2026-09-10T00:56:43Z
2026-09-10T00:53:42Z,2026-09-10T02:53:42+0200,61f23d5e-010a-489b-a32d-dd4f05d29383,2026-09-03T23:30:00Z,2026-09-04T01:30:00+0200,123.28,EUR/MWh,DE,DE_LU,day_ahead_price,value,2026-09-10T00:56:43Z
2026-09-10T00:53:42Z,2026-09-10T02:53:42+0200,61f23d5e-010a-489b-a32d-dd4f05d29383,2026-09-03T23:45:00Z,2026-09-04T01:45:00+0200,118.36,EUR/MWh,DE,DE_LU,day_ahead_price,value,2026-09-10T00:56:43Z
2026-09-10T00:53:42Z,2026-09-10T02:53:42+0200,61f23d5e-010a-489b-a32d-dd4f05d29383,2026-09-04T00:00:00Z,2026-09-04T02:00:00+0200,119.56,EUR/MWh,DE,DE_LU,day_ahead_price,value,2026-09-10T00:56:43Z
2026-09-10T00:53:42Z,2026-09-10T02:53:42+0200,61f23d5e-010a-489b-a32d-dd4f05d29383,2026-09-04T00:15:00Z,2026-09-04T02:15:00+0200,117.12,EUR/MWh,DE,DE_LU,day_ahead_price,value,2026-09-10T00:56:43Z
2026-09-10T00:53:42Z,2026-09-10T02:53:42+0200,61f23d5e-010a-489b-a32d-dd4f05d29383,2026-09-04T00:30:00Z,2026-09-04T02:30:00+0200,118.05,EUR/MWh,DE,DE_LU,day_ahead_price,value,2026-09-10T00:56:43Z
2026-09-10T00:53:42Z,2026-09-10T02:53:42+0200,61f23d5e-010a-489b-a32d-dd4f05d29383,2026-09-04T00:45:00Z,2026-09-04T02:45:00+0200,115.78,EUR/MWh,DE,DE_LU,day_ahead_price,value,2026-09-10T00:56:43Z
2026-09-10T00:53:42Z,2026-09-10T02:53:42+0200,61f23d5e-010a-489b-a32d-dd4f05d29383,2026-09-04T01:00:00Z,2026-09-04T03:00:00+0200,118.86,EUR/MWh,DE,DE_LU,day_ahead_price,value,2026-09-10T00:56:43Z
2026-09-10T00:53:42Z,2026-09-10T02:53:42+0200,61f23d5e-010a-489b-a32d-dd4f05d29383,2026-09-04T01:15:00Z,2026-09-04T03:15:00+0200,118.51,EUR/MWh,DE,DE_LU,day_ahead_price,value,2026-09-10T00:56:43Z
2026-09-10T00:53:42Z,2026-09-10T02:53:42+0200,61f23d5e-010a-489b-a32d-dd4f05d29383,2026-09-04T01:30:00Z,2026-09-04T03:30:00+0200,116.34,EUR/MWh,DE,DE_LU,day_ahead_price,value,2026-09-10T00:56:43Z
2026-09-10T00:53:42Z,2026-09-10T02:53:42+0200,61f23d5e-010a-489b-a32d-dd4f05d29383,2026-09-04T01:45:00Z,2026-09-04T03:45:00+0200,118.18,EUR/MWh,DE,DE_LU,day_ahead_price,value,2026-09-10T00:56:43Z
2026-09-10T00:53:42Z,2026-09-10T02:53:42+0200,61f23d5e-010a-489b-a32d-dd4f05d29383,2026-09-04T02:00:00Z,2026-09-04T04:00:00+0200,115.09,EUR/MWh,DE,DE_LU,day_ahead_price,value,2026-09-10T00:56:43Z
2026-09-10T00:53:42Z,2026-09-10T02:53:42+0200,61f23d5e-010a-489b-a32d-dd4f05d29383,2026-09-04T02:15:00Z,2026-09-04T04:15:00+0200,115.4,EUR/MWh,DE,DE_LU,day_ahead_price,value,2026-09-10T00:56:43Z
2026-09-10T00:53:42Z,2026-09-10T02:53:42+0200,61f23d5e-010a-489b-a32d-dd4f05d29383,2026-09-04T02:30:00Z,2026-09-04T04:30:00+0200,115.57,EUR/MWh,DE,DE_LU,day_ahead_price,value,2026-09-10T00:56:43Z
2026-09-10T00:53:42Z,2026-09-10T02:53:42+0200,61f23d5e-010a-489b-a32d-dd4f05d29383,2026-09-04T02:45:00Z,2026-09-04T04:45:00+0200,116.03,EUR/MWh,DE,DE_LU,day_ahead_price,value,2026-09-10T00:56:43Z
2026-09-10T00:53:42Z,2026-09-10T02:53:42+0200,61f23d5e-010a-489b-a32d-dd4f05d29383,2026-09-04T03:00:00Z,2026-09-04T05:00:00+0200,119.95,EUR/MWh,DE,DE_LU,day_ahead_price,value,2026-09-10T00:56:43Z
2026-09-10T00:53:42Z,2026-09-10T02:53:42+0200,61f23d5e-010a-489b-a32d-dd4f05d29383,2026-09-04T03:15:00Z,2026-09-04T05:15:00+0200,122.88,EUR/MWh,DE,DE_LU,day_ahead_price,value,2026-09-10T00:56:43Z
2026-09-10T00:53:42Z,2026-09-10T02:53:42+0200,61f23d5e-010a-489b-a32d-dd4f05d29383,2026-09-04T03:30:00Z,2026-09-04T05:30:00+0200,121.01,EUR/MWh,DE,DE_LU,day_ahead_price,value,2026-09-10T00:56:43Z
2026-09-10T00:53:42Z,2026-09-10T02:53:42+0200,61f23d5e-010a-489b-a32d-dd4f05d29383,2026-09-04T03:45:00Z,2026-09-04T05:45:00+0200,128.89,EUR/MWh,DE,DE_LU,day_ahead_price,value,2026-09-10T00:56:43Z
2026-09-10T00:53:42Z,2026-09-10T02:53:42+0200,61f23d5e-010a-489b-a32d-dd4f05d29383,2026-09-04T04:00:00Z,2026-09-04T06:00:00+0200,137.42,EUR/MWh,DE,DE_LU,day_ahead_price,value,2026-09-10T00:56:43Z
2026-09-10T00:53:42Z,2026-09-10T02:53:42+0200,61f23d5e-010a-489b-a32d-dd4f05d29383,2026-09-04T04:15:00Z,2026-09-04T06:15:00+0200,156.0,EUR/MWh,DE,DE_LU,day_ahead_price,value,2026-09-10T00:56:43Z
2026-09-10T00:53:42Z,2026-09-10T02:53:42+0200,61f23d5e-010a-489b-a32d-dd4f05d29383,2026-09-04T04:30:00Z,2026-09-04T06:30:00+0200,158.85,EUR/MWh,DE,DE_LU,day_ahead_price,value,2026-09-10T00:56:43Z
2026-09-10T00:53:42Z,2026-09-10T02:53:42+0200,61f23d5e-010a-489b-a32d-dd4f05d29383,2026-09-04T04:45:00Z,2026-09-04T06:45:00+0200,158.05,EUR/MWh,DE,DE_LU,day_ahead_price,value,2026-09-10T00:56:43Z
2026-09-10T00:53:42Z,2026-09-10T02:53:42+0200,61f23d5e-010a-489b-a32d-dd4f05d29383,2026-09-04T05:00:00Z,2026-09-04T07:00:00+0200,173.2,EUR/MWh,DE,DE_LU,day_ahead_price,value,2026-09-10T00:56:43Z
2026-09-10T00:53:42Z,2026-09-10T02:53:42+0200,61f23d5e-010a-489b-a32d-dd4f05d29383,2026-09-04T05:15:00Z,2026-09-04T07:15:00+0200,166.48,EUR/MWh,DE,DE_LU,day_ahead_price,value,2026-09-10T00:56:43Z
2026-09-10T00:53:42Z,2026-09-10T02:53:42+0200,61f23d5e-010a-489b-a32d-dd4f05d29383,2026-09-04T05:30:00Z,2026-09-04T07:30:00+0200,165.15,EUR/MWh,DE,DE_LU,day_ahead_price,value,2026-09-10T00:56:43Z
2026-09-10T00:53:42Z,2026-09-10T02:53:42+0200,61f23d5e-010a-489b-a32d-dd4f05d29383,2026-09-04T05:45:00Z,2026-09-04T07:45:00+0200,160.43,EUR/MWh,DE,DE_LU,day_ahead_price,value,2026-09-10T00:56:43Z
2026-09-10T00:53:42Z,2026-09-10T02:53:42+0200,61f23d5e-010a-489b-a32d-dd4f05d29383,2026-09-04T06:00:00Z,2026-09-04T08:00:00+0200,166.07,EUR/MWh,DE,DE_LU,day_ahead_price,value,2026-09-10T00:56:43Z
2026-09-10T00:53:42Z,2026-09-10T02:53:42+0200,61f23d5e-010a-489b-a32d-dd4f05d29383,2026-09-04T06:15:00Z,2026-09-04T08:15:00+0200,163.93,EUR/MWh,DE,DE_LU,day_ahead_price,value,2026-09-10T00:56:43Z
2026-09-10T00:53:42Z,2026-09-10T02:53:42+0200,61f23d5e-010a-489b-a32d-dd4f05d29383,2026-09-04T06:30:00Z,2026-09-04T08:30:00+0200,156.48,EUR/MWh,DE,DE_LU,day_ahead_price,value,2026-09-10T00:56:43Z
2026-09-10T00:53:42Z,2026-09-10T02:53:42+0200,61f23d5e-010a-489b-a32d-dd4f05d29383,2026-09-04T06:45:00Z,2026-09-04T08:45:00+0200,147.0,EUR/MWh,DE,DE_LU,day_ahead_price,value,2026-09-10T00:56:43Z
2026-09-10T00:53:42Z,2026-09-10T02:53:42+0200,61f23d5e-010a-489b-a32d-dd4f05d29383,2026-09-04T07:00:00Z,2026-09-04T09:00:00+0200,147.7,EUR/MWh,DE,DE_LU,day_ahead_price,value,2026-09-10T00:56:43Z
2026-09-10T00:53:42Z,2026-09-10T02:53:42+0200,61f23d5e-010a-489b-a32d-dd4f05d29383,2026-09-04T07:15:00Z,2026-09-04T09:15:00+0200,131.6,EUR/MWh,DE,DE_LU,day_ahead_price,value,2026-09-10T00:56:43Z
2026-09-10T00:53:42Z,2026-09-10T02:53:42+0200,61f23d5e-010a-489b-a32d-dd4f05d29383,2026-09-04T07:30:00Z,2026-09-04T09:30:00+0200,98.6,EUR/MWh,DE,DE_LU,day_ahead_price,value,2026-09-10T00:56:43Z
2026-09-10T00:53:42Z,2026-09-10T02:53:42+0200,61f23d5e-010a-489b-a32d-dd4f05d29383,2026-09-04T07:45:00Z,2026-09-04T09:45:00+0200,39.04,EUR/MWh,DE,DE_LU,day_ahead_price,value,2026-09-10T00:56:43Z
2026-09-10T00:53:42Z,2026-09-10T02:53:42+0200,61f23d5e-010a-489b-a32d-dd4f05d29383,2026-09-04T08:00:00Z,2026-09-04T10:00:00+0200,102.11,EUR/MWh,DE,DE_LU,day_ahead_price,value,2026-09-10T00:56:43Z
2026-09-10T00:53:42Z,2026-09-10T02:53:42+0200,61f23d5e-010a-489b-a32d-dd4f05d29383,2026-09-04T08:15:00Z,2026-09-04T10:15:00+0200,82.64,EUR/MWh,DE,DE_LU,day_ahead_price,value,2026-09-10T00:56:43Z
2026-09-10T00:53:42Z,2026-09-10T02:53:42+0200,61f23d5e-010a-489b-a32d-dd4f05d29383,2026-09-04T08:30:00Z,2026-09-04T10:30:00+0200,40.71,EUR/MWh,DE,DE_LU,day_ahead_price,value,2026-09-10T00:56:43Z
2026-09-10T00:53:42Z,2026-09-10T02:53:42+0200,61f23d5e-010a-489b-a32d-dd4f05d29383,2026-09-04T08:45:00Z,2026-09-04T10:45:00+0200,5.92,EUR/MWh,DE,DE_LU,day_ahead_price,value,2026-09-10T00:56:43Z
2026-09-10T00:53:42Z,2026-09-10T02:53:42+0200,61f23d5e-010a-489b-a32d-dd4f05d29383,2026-09-04T09:00:00Z,2026-09-04T11:00:00+0200,34.99,EUR/MWh,DE,DE_LU,day_ahead_price,value,2026-09-10T00:56:43Z
2026-09-10T00:53:42Z,2026-09-10T02:53:42+0200,61f23d5e-010a-489b-a32d-dd4f05d29383,2026-09-04T09:15:00Z,2026-09-04T11:15:00+0200,8.77,EUR/MWh,DE,DE_LU,day_ahead_price,value,2026-09-10T00:56:43Z
2026-09-10T00:53:42Z,2026-09-10T02:53:42+0200,61f23d5e-010a-489b-a32d-dd4f05d29383,2026-09-04T09:30:00Z,2026-09-04T11:30:00+0200,0.04,EUR/MWh,DE,DE_LU,day_ahead_price,value,2026-09-10T00:56:43Z
2026-09-10T00:53:42Z,2026-09-10T02:53:42+0200,61f23d5e-010a-489b-a32d-dd4f05d29383,2026-09-04T09:45:00Z,2026-09-04T11:45:00+0200,0.0,EUR/MWh,DE,DE_LU,day_ahead_price,value,2026-09-10T00:56:43Z
2026-09-10T00:53:42Z,2026-09-10T02:53:42+0200,61f23d5e-010a-489b-a32d-dd4f05d29383,2026-09-04T10:00:00Z,2026-09-04T12:00:00+0200,0.0,EUR/MWh,DE,DE_LU,day_ahead_price,value,2026-09-10T00:56:43Z
2026-09-10T00:53:42Z,2026-09-10T02:53:42+0200,61f23d5e-010a-489b-a32d-dd4f05d29383,2026-09-04T10:15:00Z,2026-09-04T12:15:00+0200,0.0,EUR/MWh,DE,DE_LU,day_ahead_price,value,2026-09-10T00:56:43Z
2026-09-10T00:53:42Z,2026-09-10T02:53:42+0200,61f23d5e-010a-489b-a32d-dd4f05d29383,2026-09-04T10:30:00Z,2026-09-04T12:30:00+0200,0.0,EUR/MWh,DE,DE_LU,day_ahead_price,value,2026-09-10T00:56:43Z
2026-09-10T00:53:42Z,2026-09-10T02:53:42+0200,61f23d5e-010a-489b-a32d-dd4f05d29383,2026-09-04T10:45:00Z,2026-09-04T12:45:00+0200,-0.01,EUR/MWh,DE,DE_LU,day_ahead_price,value,2026-09-10T00:56:43Z
2026-09-10T00:53:42Z,2026-09-10T02:53:42+0200,61f23d5e-010a-489b-a32d-dd4f05d29383,2026-09-04T11:00:00Z,2026-09-04T13:00:00+0200,-0.02,EUR/MWh,DE,DE_LU,day_ahead_price,value,2026-09-10T00:56:43Z
2026-09-10T00:53:42Z,2026-09-10T02:53:42+0200,61f23d5e-010a-489b-a32d-dd4f05d29383,2026-09-04T11:15:00Z,2026-09-04T13:15:00+0200,-0.04,EUR/MWh,DE,DE_LU,day_ahead_price,value,2026-09-10T00:56:43Z
2026-09-10T00:53:42Z,2026-09-10T02:53:42+0200,61f23d5e-010a-489b-a32d-dd4f05d29383,2026-09-04T11:30:00Z,2026-09-04T13:30:00+0200,-0.07,EUR/MWh,DE,DE_LU,day_ahead_price,value,2026-09-10T00:56:43Z
2026-09-10T00:53:42Z,2026-09-10T02:53:42+0200,61f23d5e-010a-489b-a32d-dd4f05d29383,2026-09-04T11:45:00Z,2026-09-04T13:45:00+0200,-0.09,EUR/MWh,DE,DE_LU,day_ahead_price,value,2026-09-10T00:56:43Z
2026-09-10T00:53:42Z,2026-09-10T02:53:42+0200,61f23d5e-010a-489b-a32d-dd4f05d29383,2026-09-04T12:00:00Z,2026-09-04T14:00:00+0200,-0.13,EUR/MWh,DE,DE_LU,day_ahead_price,value,2026-09-10T00:56:43Z
2026-09-10T00:53:42Z,2026-09-10T02:53:42+0200,61f23d5e-010a-489b-a32d-dd4f05d29383,2026-09-04T12:15:00Z,2026-09-04T14:15:00+0200,-0.14,EUR/MWh,DE,DE_LU,day_ahead_price,value,2026-09-10T00:56:43Z
2026-09-10T00:53:42Z,2026-09-10T02:53:42+0200,61f23d5e-010a-489b-a32d-dd4f05d29383,2026-09-04T12:30:00Z,2026-09-04T14:30:00+0200,-0.15,EUR/MWh,DE,DE_LU,day_ahead_price,value,2026-09-10T00:56:43Z
2026-09-10T00:53:42Z,2026-09-10T02:53:42+0200,61f23d5e-010a-489b-a32d-dd4f05d29383,2026-09-04T12:45:00Z,2026-09-04T14:45:00+0200,-0.14,EUR/MWh,DE,DE_LU,day_ahead_price,value,2026-09-10T00:56:43Z
2026-09-10T00:53:42Z,2026-09-10T02:53:42+0200,61f23d5e-010a-489b-a32d-dd4f05d29383,2026-09-04T13:00:00Z,2026-09-04T15:00:00+0200,-0.15,EUR/MWh,DE,DE_LU,day_ahead_price,value,2026-09-10T00:56:43Z
2026-09-10T00:53:42Z,2026-09-10T02:53:42+0200,61f23d5e-010a-489b-a32d-dd4f05d29383,2026-09-04T13:15:00Z,2026-09-04T15:15:00+0200,-0.12,EUR/MWh,DE,DE_LU,day_ahead_price,value,2026-09-10T00:56:43Z
2026-09-10T00:53:42Z,2026-09-10T02:53:42+0200,61f23d5e-010a-489b-a32d-dd4f05d29383,2026-09-04T13:30:00Z,2026-09-04T15:30:00+0200,-0.07,EUR/MWh,DE,DE_LU,day_ahead_price,value,2026-09-10T00:56:43Z
2026-09-10T00:53:42Z,2026-09-10T02:53:42+0200,61f23d5e-010a-489b-a32d-dd4f05d29383,2026-09-04T13:45:00Z,2026-09-04T15:45:00+0200,-0.07,EUR/MWh,DE,DE_LU,day_ahead_price,value,2026-09-10T00:56:43Z
2026-09-10T00:53:42Z,2026-09-10T02:53:42+0200,61f23d5e-010a-489b-a32d-dd4f05d29383,2026-09-04T14:00:00Z,2026-09-04T16:00:00+0200,-0.05,EUR/MWh,DE,DE_LU,day_ahead_price,value,2026-09-10T00:56:43Z
2026-09-10T00:53:42Z,2026-09-10T02:53:42+0200,61f23d5e-010a-489b-a32d-dd4f05d29383,2026-09-04T14:15:00Z,2026-09-04T16:15:00+0200,-0.01,EUR/MWh,DE,DE_LU,day_ahead_price,value,2026-09-10T00:56:43Z
2026-09-10T00:53:42Z,2026-09-10T02:53:42+0200,61f23d5e-010a-489b-a32d-dd4f05d29383,2026-09-04T14:30:00Z,2026-09-04T16:30:00+0200,0.0,EUR/MWh,DE,DE_LU,day_ahead_price,value,2026-09-10T00:56:43Z
2026-09-10T00:53:42Z,2026-09-10T02:53:42+0200,61f23d5e-010a-489b-a32d-dd4f05d29383,2026-09-04T14:45:00Z,2026-09-04T16:45:00+0200,0.0,EUR/MWh,DE,DE_LU,day_ahead_price,value,2026-09-10T00:56:43Z
2026-09-10T00:53:42Z,2026-09-10T02:53:42+0200,61f23d5e-010a-489b-a32d-dd4f05d29383,2026-09-04T15:00:00Z,2026-09-04T17:00:00+0200,0.0,EUR/MWh,DE,DE_LU,day_ahead_price,value,2026-09-10T00:56:43Z
2026-09-10T00:53:42Z,2026-09-10T02:53:42+0200,61f23d5e-010a-489b-a32d-dd4f05d29383,2026-09-04T15:15:00Z,2026-09-04T17:15:00+0200,4.51,EUR/MWh,DE,DE_LU,day_ahead_price,value,2026-09-10T00:56:43Z
2026-09-10T00:53:42Z,2026-09-10T02:53:42+0200,61f23d5e-010a-489b-a32d-dd4f05d29383,2026-09-04T15:30:00Z,2026-09-04T17:30:00+0200,50.0,EUR/MWh,DE,DE_LU,day_ahead_price,value,2026-09-10T00:56:43Z
2026-09-10T00:53:42Z,2026-09-10T02:53:42+0200,61f23d5e-010a-489b-a32d-dd4f05d29383,2026-09-04T15:45:00Z,2026-09-04T17:45:00+0200,93.14,EUR/MWh,DE,DE_LU,day_ahead_price,value,2026-09-10T00:56:43Z
2026-09-10T00:53:42Z,2026-09-10T02:53:42+0200,61f23d5e-010a-489b-a32d-dd4f05d29383,2026-09-04T16:00:00Z,2026-09-04T18:00:00+0200,73.16,EUR/MWh,DE,DE_LU,day_ahead_price,value,2026-09-10T00:56:43Z
2026-09-10T00:53:42Z,2026-09-10T02:53:42+0200,61f23d5e-010a-489b-a32d-dd4f05d29383,2026-09-04T16:15:00Z,2026-09-04T18:15:00+0200,106.16,EUR/MWh,DE,DE_LU,day_ahead_price,value,2026-09-10T00:56:43Z
2026-09-10T00:53:42Z,2026-09-10T02:53:42+0200,61f23d5e-010a-489b-a32d-dd4f05d29383,2026-09-04T16:30:00Z,2026-09-04T18:30:00+0200,124.28,EUR/MWh,DE,DE_LU,day_ahead_price,value,2026-09-10T00:56:43Z
2026-09-10T00:53:42Z,2026-09-10T02:53:42+0200,61f23d5e-010a-489b-a32d-dd4f05d29383,2026-09-04T16:45:00Z,2026-09-04T18:45:00+0200,127.82,EUR/MWh,DE,DE_LU,day_ahead_price,value,2026-09-10T00:56:43Z
2026-09-10T00:53:42Z,2026-09-10T02:53:42+0200,61f23d5e-010a-489b-a32d-dd4f05d29383,2026-09-04T17:00:00Z,2026-09-04T19:00:00+0200,131.86,EUR/MWh,DE,DE_LU,day_ahead_price,value,2026-09-10T00:56:43Z
2026-09-10T00:53:42Z,2026-09-10T02:53:42+0200,61f23d5e-010a-489b-a32d-dd4f05d29383,2026-09-04T17:15:00Z,2026-09-04T19:15:00+0200,134.37,EUR/MWh,DE,DE_LU,day_ahead_price,value,2026-09-10T00:56:43Z
2026-09-10T00:53:42Z,2026-09-10T02:53:42+0200,61f23d5e-010a-489b-a32d-dd4f05d29383,2026-09-04T17:30:00Z,2026-09-04T19:30:00+0200,135.27,EUR/MWh,DE,DE_LU,day_ahead_price,value,2026-09-10T00:56:43Z
2026-09-10T00:53:42Z,2026-09-10T02:53:42+0200,61f23d5e-010a-489b-a32d-dd4f05d29383,2026-09-04T17:45:00Z,2026-09-04T19:45:00+0200,138.89,EUR/MWh,DE,DE_LU,day_ahead_price,value,2026-09-10T00:56:43Z
2026-09-10T00:53:42Z,2026-09-10T02:53:42+0200,61f23d5e-010a-489b-a32d-dd4f05d29383,2026-09-04T18:00:00Z,2026-09-04T20:00:00+0200,136.29,EUR/MWh,DE,DE_LU,day_ahead_price,value,2026-09-10T00:56:43Z
2026-09-10T00:53:42Z,2026-09-10T02:53:42+0200,61f23d5e-010a-489b-a32d-dd4f05d29383,2026-09-04T18:15:00Z,2026-09-04T20:15:00+0200,135.83,EUR/MWh,DE,DE_LU,day_ahead_price,value,2026-09-10T00:56:43Z
2026-09-10T00:53:42Z,2026-09-10T02:53:42+0200,61f23d5e-010a-489b-a32d-dd4f05d29383,2026-09-04T18:30:00Z,2026-09-04T20:30:00+0200,136.32,EUR/MWh,DE,DE_LU,day_ahead_price,value,2026-09-10T00:56:43Z
2026-09-10T00:53:42Z,2026-09-10T02:53:42+0200,61f23d5e-010a-489b-a32d-dd4f05d29383,2026-09-04T18:45:00Z,2026-09-04T20:45:00+0200,136.39,EUR/MWh,DE,DE_LU,day_ahead_price,value,2026-09-10T00:56:43Z
2026-09-10T00:53:42Z,2026-09-10T02:53:42+0200,61f23d5e-010a-489b-a32d-dd4f05d29383,2026-09-04T19:00:00Z,2026-09-04T21:00:00+0200,136.04,EUR/MWh,DE,DE_LU,day_ahead_price,value,2026-09-10T00:56:43Z
2026-09-10T00:53:42Z,2026-09-10T02:53:42+0200,61f23d5e-010a-489b-a32d-dd4f05d29383,2026-09-04T19:15:00Z,2026-09-04T21:15:00+0200,130.85,EUR/MWh,DE,DE_LU,day_ahead_price,value,2026-09-10T00:56:43Z
2026-09-10T00:53:42Z,2026-09-10T02:53:42+0200,61f23d5e-010a-489b-a32d-dd4f05d29383,2026-09-04T19:30:00Z,2026-09-04T21:30:00+0200,126.25,EUR/MWh,DE,DE_LU,day_ahead_price,value,2026-09-10T00:56:43Z
2026-09-10T00:53:42Z,2026-09-10T02:53:42+0200,61f23d5e-010a-489b-a32d-dd4f05d29383,2026-09-04T19:45:00Z,2026-09-04T21:45:00+0200,120.51,EUR/MWh,DE,DE_LU,day_ahead_price,value,2026-09-10T00:56:43Z
2026-09-10T00:53:42Z,2026-09-10T02:53:42+0200,61f23d5e-010a-489b-a32d-dd4f05d29383,2026-09-04T20:00:00Z,2026-09-04T22:00:00+0200,122.86,EUR/MWh,DE,DE_LU,day_ahead_price,value,2026-09-10T00:56:43Z
2026-09-10T00:53:42Z,2026-09-10T02:53:42+0200,61f23d5e-010a-489b-a32d-dd4f05d29383,2026-09-04T20:15:00Z,2026-09-04T22:15:00+0200,119.12,EUR/MWh,DE,DE_LU,day_ahead_price,value,2026-09-10T00:56:43Z
2026-09-10T00:53:42Z,2026-09-10T02:53:42+0200,61f23d5e-010a-489b-a32d-dd4f05d29383,2026-09-04T20:30:00Z,2026-09-04T22:30:00+0200,112.15,EUR/MWh,DE,DE_LU,day_ahead_price,value,2026-09-10T00:56:43Z
2026-09-10T00:53:42Z,2026-09-10T02:53:42+0200,61f23d5e-010a-489b-a32d-dd4f05d29383,2026-09-04T20:45:00Z,2026-09-04T22:45:00+0200,102.64,EUR/MWh,DE,DE_LU,day_ahead_price,value,2026-09-10T00:56:43Z
2026-09-10T00:53:42Z,2026-09-10T02:53:42+0200,61f23d5e-010a-489b-a32d-dd4f05d29383,2026-09-04T21:00:00Z,2026-09-04T23:00:00+0200,102.65,EUR/MWh,DE,DE_LU,day_ahead_price,value,2026-09-10T00:56:43Z
2026-09-10T00:53:42Z,2026-09-10T02:53:42+0200,61f23d5e-010a-489b-a32d-dd4f05d29383,2026-09-04T21:15:00Z,2026-09-04T23:15:00+0200,94.78,EUR/MWh,DE,DE_LU,day_ahead_price,value,2026-09-10T00:56:43Z
2026-09-10T00:53:42Z,2026-09-10T02:53:42+0200,61f23d5e-010a-489b-a32d-dd4f05d29383,2026-09-04T21:30:00Z,2026-09-04T23:30:00+0200,89.03,EUR/MWh,DE,DE_LU,day_ahead_price,value,2026-09-10T00:56:43Z
2026-09-10T00:53:42Z,2026-09-10T02:53:42+0200,61f23d5e-010a-489b-a32d-dd4f05d29383,2026-09-04T21:45:00Z,2026-09-04T23:45:00+0200,78.95,EUR/MWh,DE,DE_LU,day_ahead_price,value,2026-09-10T00:56:43Z
2026-09-10T00:53:42Z,2026-09-10T02:53:42+0200,61f23d5e-010a-489b-a32d-dd4f05d29383,2026-09-04T22:00:00Z,2026-09-05T00:00:00+0200,65.01,EUR/MWh,DE,DE_LU,day_ahead_price,value,2026-09-10T00:56:43Z
2026-09-10T00:53:42Z,2026-09-10T02:53:42+0200,61f23d5e-010a-489b-a32d-dd4f05d29383,2026-09-04T22:15:00Z,2026-09-05T00:15:00+0200,65.12,EUR/MWh,DE,DE_LU,day_ahead_price,value,2026-09-10T00:56:43Z
2026-09-10T00:53:42Z,2026-09-10T02:53:42+0200,61f23d5e-010a-489b-a32d-dd4f05d29383,2026-09-04T22:30:00Z,2026-09-05T00:30:00+0200,60.01,EUR/MWh,DE,DE_LU,day_ahead_price,value,2026-09-10T00:56:43Z
2026-09-10T00:53:42Z,2026-09-10T02:53:42+0200,61f23d5e-010a-489b-a32d-dd4f05d29383,2026-09-04T22:45:00Z,2026-09-05T00:45:00+0200,56.4,EUR/MWh,DE,DE_LU,day_ahead_price,value,2026-09-10T00:56:43Z
2026-09-10T00:53:42Z,2026-09-10T02:53:42+0200,61f23d5e-010a-489b-a32d-dd4f05d29383,2026-09-04T23:00:00Z,2026-09-05T01:00:00+0200,60.42,EUR/MWh,DE,DE_LU,day_ahead_price,value,2026-09-10T00:56:43Z
2026-09-10T00:53:42Z,2026-09-10T02:53:42+0200,61f23d5e-010a-489b-a32d-dd4f05d29383,2026-09-04T23:15:00Z,2026-09-05T01:15:00+0200,60.0,EUR/MWh,DE,DE_LU,day_ahead_price,value,2026-09-10T00:56:43Z
2026-09-10T00:53:42Z,2026-09-10T02:53:42+0200,61f23d5e-010a-489b-a32d-dd4f05d29383,2026-09-04T23:30:00Z,2026-09-05T01:30:00+0200,60.49,EUR/MWh,DE,DE_LU,day_ahead_price,value,2026-09-10T00:56:43Z
2026-09-10T00:53:42Z,2026-09-10T02:53:42+0200,61f23d5e-010a-489b-a32d-dd4f05d29383,2026-09-04T23:45:00Z,2026-09-05T01:45:00+0200,60.03,EUR/MWh,DE,DE_LU,day_ahead_price,value,2026-09-10T00:56:43Z
2026-09-10T00:53:42Z,2026-09-10T02:53:42+0200,61f23d5e-010a-489b-a32d-dd4f05d29383,2026-09-05T00:00:00Z,2026-09-05T02:00:00+0200,61.14,EUR/MWh,DE,DE_LU,day_ahead_price,value,2026-09-10T00:56:43Z
2026-09-10T00:53:42Z,2026-09-10T02:53:42+0200,61f23d5e-010a-489b-a32d-dd4f05d29383,2026-09-05T00:15:00Z,2026-09-05T02:15:00+0200,60.06,EUR/MWh,DE,DE_LU,day_ahead_price,value,2026-09-10T00:56:43Z
2026-09-10T00:53:42Z,2026-09-10T02:53:42+0200,61f23d5e-010a-489b-a32d-dd4f05d29383,2026-09-05T00:30:00Z,2026-09-05T02:30:00+0200,59.0,EUR/MWh,DE,DE_LU,day_ahead_price,value,2026-09-10T00:56:43Z
2026-09-10T00:53:42Z,2026-09-10T02:53:42+0200,61f23d5e-010a-489b-a32d-dd4f05d29383,2026-09-05T00:45:00Z,2026-09-05T02:45:00+0200,60.09,EUR/MWh,DE,DE_LU,day_ahead_price,value,2026-09-10T00:56:43Z
2026-09-10T00:53:42Z,2026-09-10T02:53:42+0200,61f23d5e-010a-489b-a32d-dd4f05d29383,2026-09-05T01:00:00Z,2026-09-05T03:00:00+0200,56.78,EUR/MWh,DE,DE_LU,day_ahead_price,value,2026-09-10T00:56:43Z
2026-09-10T00:53:42Z,2026-09-10T02:53:42+0200,61f23d5e-010a-489b-a32d-dd4f05d29383,2026-09-05T01:15:00Z,2026-09-05T03:15:00+0200,56.16,EUR/MWh,DE,DE_LU,day_ahead_price,value,2026-09-10T00:56:43Z
2026-09-10T00:53:42Z,2026-09-10T02:53:42+0200,61f23d5e-010a-489b-a32d-dd4f05d29383,2026-09-05T01:30:00Z,2026-09-05T03:30:00+0200,53.76,EUR/MWh,DE,DE_LU,day_ahead_price,value,2026-09-10T00:56:43Z
2026-09-10T00:53:42Z,2026-09-10T02:53:42+0200,61f23d5e-010a-489b-a32d-dd4f05d29383,2026-09-05T01:45:00Z,2026-09-05T03:45:00+0200,55.33,EUR/MWh,DE,DE_LU,day_ahead_price,value,2026-09-10T00:56:43Z
2026-09-10T00:53:42Z,2026-09-10T02:53:42+0200,61f23d5e-010a-489b-a32d-dd4f05d29383,2026-09-05T02:00:00Z,2026-09-05T04:00:00+0200,51.45,EUR/MWh,DE,DE_LU,day_ahead_price,value,2026-09-10T00:56:43Z
2026-09-10T00:53:42Z,2026-09-10T02:53:42+0200,61f23d5e-010a-489b-a32d-dd4f05d29383,2026-09-05T02:15:00Z,2026-09-05T04:15:00+0200,52.42,EUR/MWh,DE,DE_LU,day_ahead_price,value,2026-09-10T00:56:43Z
2026-09-10T00:53:42Z,2026-09-10T02:53:42+0200,61f23d5e-010a-489b-a32d-dd4f05d29383,2026-09-05T02:30:00Z,2026-09-05T04:30:00+0200,51.31,EUR/MWh,DE,DE_LU,day_ahead_price,value,2026-09-10T00:56:43Z
2026-09-10T00:53:42Z,2026-09-10T02:53:42+0200,61f23d5e-010a-489b-a32d-dd4f05d29383,2026-09-05T02:45:00Z,2026-09-05T04:45:00+0200,50.01,EUR/MWh,DE,DE_LU,day_ahead_price,value,2026-09-10T00:56:43Z
2026-09-10T00:53:42Z,2026-09-10T02:53:42+0200,61f23d5e-010a-489b-a32d-dd4f05d29383,2026-09-05T03:00:00Z,2026-09-05T05:00:00+0200,52.69,EUR/MWh,DE,DE_LU,day_ahead_price,value,2026-09-10T00:56:43Z
2026-09-10T00:53:42Z,2026-09-10T02:53:42+0200,61f23d5e-010a-489b-a32d-dd4f05d29383,2026-09-05T03:15:00Z,2026-09-05T05:15:00+0200,52.39,EUR/MWh,DE,DE_LU,day_ahead_price,value,2026-09-10T00:56:43Z
2026-09-10T00:53:42Z,2026-09-10T02:53:42+0200,61f23d5e-010a-489b-a32d-dd4f05d29383,2026-09-05T03:30:00Z,2026-09-05T05:30:00+0200,54.89,EUR/MWh,DE,DE_LU,day_ahead_price,value,2026-09-10T00:56:43Z
2026-09-10T00:53:42Z,2026-09-10T02:53:42+0200,61f23d5e-010a-489b-a32d-dd4f05d29383,2026-09-05T03:45:00Z,2026-09-05T05:45:00+0200,56.19,EUR/MWh,DE,DE_LU,day_ahead_price,value,2026-09-10T00:56:43Z
2026-09-10T00:53:42Z,2026-09-10T02:53:42+0200,61f23d5e-010a-489b-a32d-dd4f05d29383,2026-09-05T04:00:00Z,2026-09-05T06:00:00+0200,60.06,EUR/MWh,DE,DE_LU,day_ahead_price,value,2026-09-10T00:56:43Z
2026-09-10T00:53:42Z,2026-09-10T02:53:42+0200,61f23d5e-010a-489b-a32d-dd4f05d29383,2026-09-05T04:15:00Z,2026-09-05T06:15:00+0200,57.4,EUR/MWh,DE,DE_LU,day_ahead_price,value,2026-09-10T00:56:43Z
2026-09-10T00:53:42Z,2026-09-10T02:53:42+0200,61f23d5e-010a-489b-a32d-dd4f05d29383,2026-09-05T04:30:00Z,2026-09-05T06:30:00+0200,55.01,EUR/MWh,DE,DE_LU,day_ahead_price,value,2026-09-10T00:56:43Z
2026-09-10T00:53:42Z,2026-09-10T02:53:42+0200,61f23d5e-010a-489b-a32d-dd4f05d29383,2026-09-05T04:45:00Z,2026-09-05T06:45:00+0200,54.82,EUR/MWh,DE,DE_LU,day_ahead_price,value,2026-09-10T00:56:43Z
2026-09-10T00:53:42Z,2026-09-10T02:53:42+0200,61f23d5e-010a-489b-a32d-dd4f05d29383,2026-09-05T05:00:00Z,2026-09-05T07:00:00+0200,65.76,EUR/MWh,DE,DE_LU,day_ahead_price,value,2026-09-10T00:56:43Z
2026-09-10T00:53:42Z,2026-09-10T02:53:42+0200,61f23d5e-010a-489b-a32d-dd4f05d29383,2026-09-05T05:15:00Z,2026-09-05T07:15:00+0200,66.73,EUR/MWh,DE,DE_LU,day_ahead_price,value,2026-09-10T00:56:43Z
2026-09-10T00:53:42Z,2026-09-10T02:53:42+0200,61f23d5e-010a-489b-a32d-dd4f05d29383,2026-09-05T05:30:00Z,2026-09-05T07:30:00+0200,60.05,EUR/MWh,DE,DE_LU,day_ahead_price,value,2026-09-10T00:56:43Z
2026-09-10T00:53:42Z,2026-09-10T02:53:42+0200,61f23d5e-010a-489b-a32d-dd4f05d29383,2026-09-05T05:45:00Z,2026-09-05T07:45:00+0200,52.51,EUR/MWh,DE,DE_LU,day_ahead_price,value,2026-09-10T00:56:43Z
2026-09-10T00:53:42Z,2026-09-10T02:53:42+0200,61f23d5e-010a-489b-a32d-dd4f05d29383,2026-09-05T06:00:00Z,2026-09-05T08:00:00+0200,61.77,EUR/MWh,DE,DE_LU,day_ahead_price,value,2026-09-10T00:56:43Z
2026-09-10T00:53:42Z,2026-09-10T02:53:42+0200,61f23d5e-010a-489b-a32d-dd4f05d29383,2026-09-05T06:15:00Z,2026-09-05T08:15:00+0200,50.01,EUR/MWh,DE,DE_LU,day_ahead_price,value,2026-09-10T00:56:43Z
2026-09-10T00:53:42Z,2026-09-10T02:53:42+0200,61f23d5e-010a-489b-a32d-dd4f05d29383,2026-09-05T06:30:00Z,2026-09-05T08:30:00+0200,30.0,EUR/MWh,DE,DE_LU,day_ahead_price,value,2026-09-10T00:56:43Z
2026-09-10T00:53:42Z,2026-09-10T02:53:42+0200,61f23d5e-010a-489b-a32d-dd4f05d29383,2026-09-05T06:45:00Z,2026-09-05T08:45:00+0200,7.76,EUR/MWh,DE,DE_LU,day_ahead_price,value,2026-09-10T00:56:43Z
2026-09-10T00:53:42Z,2026-09-10T02:53:42+0200,61f23d5e-010a-489b-a32d-dd4f05d29383,2026-09-05T07:00:00Z,2026-09-05T09:00:00+0200,4.16,EUR/MWh,DE,DE_LU,day_ahead_price,value,2026-09-10T00:56:43Z
2026-09-10T00:53:42Z,2026-09-10T02:53:42+0200,61f23d5e-010a-489b-a32d-dd4f05d29383,2026-09-05T07:15:00Z,2026-09-05T09:15:00+0200,0.0,EUR/MWh,DE,DE_LU,day_ahead_price,value,2026-09-10T00:56:43Z
2026-09-10T00:53:42Z,2026-09-10T02:53:42+0200,61f23d5e-010a-489b-a32d-dd4f05d29383,2026-09-05T07:30:00Z,2026-09-05T09:30:00+0200,-0.01,EUR/MWh,DE,DE_LU,day_ahead_price,value,2026-09-10T00:56:43Z
2026-09-10T00:53:42Z,2026-09-10T02:53:42+0200,61f23d5e-010a-489b-a32d-dd4f05d29383,2026-09-05T07:45:00Z,2026-09-05T09:45:00+0200,-0.11,EUR/MWh,DE,DE_LU,day_ahead_price,value,2026-09-10T00:56:43Z
2026-09-10T00:53:42Z,2026-09-10T02:53:42+0200,61f23d5e-010a-489b-a32d-dd4f05d29383,2026-09-05T08:00:00Z,2026-09-05T10:00:00+0200,-0.04,EUR/MWh,DE,DE_LU,day_ahead_price,value,2026-09-10T00:56:43Z
2026-09-10T00:53:42Z,2026-09-10T02:53:42+0200,61f23d5e-010a-489b-a32d-dd4f05d29383,2026-09-05T08:15:00Z,2026-09-05T10:15:00+0200,-0.13,EUR/MWh,DE,DE_LU,day_ahead_price,value,2026-09-10T00:56:43Z
2026-09-10T00:53:42Z,2026-09-10T02:53:42+0200,61f23d5e-010a-489b-a32d-dd4f05d29383,2026-09-05T08:30:00Z,2026-09-05T10:30:00+0200,-1.0,EUR/MWh,DE,DE_LU,day_ahead_price,value,2026-09-10T00:56:43Z
2026-09-10T00:53:42Z,2026-09-10T02:53:42+0200,61f23d5e-010a-489b-a32d-dd4f05d29383,2026-09-05T08:45:00Z,2026-09-05T10:45:00+0200,-2.02,EUR/MWh,DE,DE_LU,day_ahead_price,value,2026-09-10T00:56:43Z
2026-09-10T00:53:42Z,2026-09-10T02:53:42+0200,61f23d5e-010a-489b-a32d-dd4f05d29383,2026-09-05T09:00:00Z,2026-09-05T11:00:00+0200,-3.02,EUR/MWh,DE,DE_LU,day_ahead_price,value,2026-09-10T00:56:43Z
2026-09-10T00:53:42Z,2026-09-10T02:53:42+0200,61f23d5e-010a-489b-a32d-dd4f05d29383,2026-09-05T09:15:00Z,2026-09-05T11:15:00+0200,-4.92,EUR/MWh,DE,DE_LU,day_ahead_price,value,2026-09-10T00:56:43Z
2026-09-10T00:53:42Z,2026-09-10T02:53:42+0200,61f23d5e-010a-489b-a32d-dd4f05d29383,2026-09-05T09:30:00Z,2026-09-05T11:30:00+0200,-4.99,EUR/MWh,DE,DE_LU,day_ahead_price,value,2026-09-10T00:56:43Z
2026-09-10T00:53:42Z,2026-09-10T02:53:42+0200,61f23d5e-010a-489b-a32d-dd4f05d29383,2026-09-05T09:45:00Z,2026-09-05T11:45:00+0200,-6.81,EUR/MWh,DE,DE_LU,day_ahead_price,value,2026-09-10T00:56:43Z
2026-09-10T00:53:42Z,2026-09-10T02:53:42+0200,61f23d5e-010a-489b-a32d-dd4f05d29383,2026-09-05T10:00:00Z,2026-09-05T12:00:00+0200,-6.74,EUR/MWh,DE,DE_LU,day_ahead_price,value,2026-09-10T00:56:43Z
2026-09-10T00:53:42Z,2026-09-10T02:53:42+0200,61f23d5e-010a-489b-a32d-dd4f05d29383,2026-09-05T10:15:00Z,2026-09-05T12:15:00+0200,-7.99,EUR/MWh,DE,DE_LU,day_ahead_price,value,2026-09-10T00:56:43Z
2026-09-10T00:53:42Z,2026-09-10T02:53:42+0200,61f23d5e-010a-489b-a32d-dd4f05d29383,2026-09-05T10:30:00Z,2026-09-05T12:30:00+0200,-8.94,EUR/MWh,DE,DE_LU,day_ahead_price,value,2026-09-10T00:56:43Z
2026-09-10T00:53:42Z,2026-09-10T02:53:42+0200,61f23d5e-010a-489b-a32d-dd4f05d29383,2026-09-05T10:45:00Z,2026-09-05T12:45:00+0200,-12.18,EUR/MWh,DE,DE_LU,day_ahead_price,value,2026-09-10T00:56:43Z
2026-09-10T00:53:42Z,2026-09-10T02:53:42+0200,61f23d5e-010a-489b-a32d-dd4f05d29383,2026-09-05T11:00:00Z,2026-09-05T13:00:00+0200,-15.0,EUR/MWh,DE,DE_LU,day_ahead_price,value,2026-09-10T00:56:43Z
2026-09-10T00:53:42Z,2026-09-10T02:53:42+0200,61f23d5e-010a-489b-a32d-dd4f05d29383,2026-09-05T11:15:00Z,2026-09-05T13:15:00+0200,-16.61,EUR/MWh,DE,DE_LU,day_ahead_price,value,2026-09-10T00:56:43Z
2026-09-10T00:53:42Z,2026-09-10T02:53:42+0200,61f23d5e-010a-489b-a32d-dd4f05d29383,2026-09-05T11:30:00Z,2026-09-05T13:30:00+0200,-19.0,EUR/MWh,DE,DE_LU,day_ahead_price,value,2026-09-10T00:56:43Z
2026-09-10T00:53:42Z,2026-09-10T02:53:42+0200,61f23d5e-010a-489b-a32d-dd4f05d29383,2026-09-05T11:45:00Z,2026-09-05T13:45:00+0200,-19.0,EUR/MWh,DE,DE_LU,day_ahead_price,value,2026-09-10T00:56:43Z
2026-09-10T00:53:42Z,2026-09-10T02:53:42+0200,61f23d5e-010a-489b-a32d-dd4f05d29383,2026-09-05T12:00:00Z,2026-09-05T14:00:00+0200,-19.0,EUR/MWh,DE,DE_LU,day_ahead_price,value,2026-09-10T00:56:43Z
2026-09-10T00:53:42Z,2026-09-10T02:53:42+0200,61f23d5e-010a-489b-a32d-dd4f05d29383,2026-09-05T12:15:00Z,2026-09-05T14:15:00+0200,-19.0,EUR/MWh,DE,DE_LU,day_ahead_price,value,2026-09-10T00:56:43Z
2026-09-10T00:53:42Z,2026-09-10T02:53:42+0200,61f23d5e-010a-489b-a32d-dd4f05d29383,2026-09-05T12:30:00Z,2026-09-05T14:30:00+0200,-19.0,EUR/MWh,DE,DE_LU,day_ahead_price,value,2026-09-10T00:56:43Z
2026-09-10T00:53:42Z,2026-09-10T02:53:42+0200,61f23d5e-010a-489b-a32d-dd4f05d29383,2026-09-05T12:45:00Z,2026-09-05T14:45:00+0200,-18.98,EUR/MWh,DE,DE_LU,day_ahead_price,value,2026-09-10T00:56:43Z
2026-09-10T00:53:42Z,2026-09-10T02:53:42+0200,61f23d5e-010a-489b-a32d-dd4f05d29383,2026-09-05T13:00:00Z,2026-09-05T15:00:00+0200,-15.0,EUR/MWh,DE,DE_LU,day_ahead_price,value,2026-09-10T00:56:43Z
2026-09-10T00:53:42Z,2026-09-10T02:53:42+0200,61f23d5e-010a-489b-a32d-dd4f05d29383,2026-09-05T13:15:00Z,2026-09-05T15:15:00+0200,-10.0,EUR/MWh,DE,DE_LU,day_ahead_price,value,2026-09-10T00:56:43Z
2026-09-10T00:53:42Z,2026-09-10T02:53:42+0200,61f23d5e-010a-489b-a32d-dd4f05d29383,2026-09-05T13:30:00Z,2026-09-05T15:30:00+0200,-8.0,EUR/MWh,DE,DE_LU,day_ahead_price,value,2026-09-10T00:56:43Z
2026-09-10T00:53:42Z,2026-09-10T02:53:42+0200,61f23d5e-010a-489b-a32d-dd4f05d29383,2026-09-05T13:45:00Z,2026-09-05T15:45:00+0200,-7.0,EUR/MWh,DE,DE_LU,day_ahead_price,value,2026-09-10T00:56:43Z
2026-09-10T00:53:42Z,2026-09-10T02:53:42+0200,61f23d5e-010a-489b-a32d-dd4f05d29383,2026-09-05T14:00:00Z,2026-09-05T16:00:00+0200,-5.66,EUR/MWh,DE,DE_LU,day_ahead_price,value,2026-09-10T00:56:43Z
2026-09-10T00:53:42Z,2026-09-10T02:53:42+0200,61f23d5e-010a-489b-a32d-dd4f05d29383,2026-09-05T14:15:00Z,2026-09-05T16:15:00+0200,-4.74,EUR/MWh,DE,DE_LU,day_ahead_price,value,2026-09-10T00:56:43Z
2026-09-10T00:53:42Z,2026-09-10T02:53:42+0200,61f23d5e-010a-489b-a32d-dd4f05d29383,2026-09-05T14:30:00Z,2026-09-05T16:30:00+0200,-2.02,EUR/MWh,DE,DE_LU,day_ahead_price,value,2026-09-10T00:56:43Z
2026-09-10T00:53:42Z,2026-09-10T02:53:42+0200,61f23d5e-010a-489b-a32d-dd4f05d29383,2026-09-05T14:45:00Z,2026-09-05T16:45:00+0200,-1.0,EUR/MWh,DE,DE_LU,day_ahead_price,value,2026-09-10T00:56:43Z
2026-09-10T00:53:42Z,2026-09-10T02:53:42+0200,61f23d5e-010a-489b-a32d-dd4f05d29383,2026-09-05T15:00:00Z,2026-09-05T17:00:00+0200,-0.13,EUR/MWh,DE,DE_LU,day_ahead_price,value,2026-09-10T00:56:43Z
2026-09-10T00:53:42Z,2026-09-10T02:53:42+0200,61f23d5e-010a-489b-a32d-dd4f05d29383,2026-09-05T15:15:00Z,2026-09-05T17:15:00+0200,-0.01,EUR/MWh,DE,DE_LU,day_ahead_price,value,2026-09-10T00:56:43Z
2026-09-10T00:53:42Z,2026-09-10T02:53:42+0200,61f23d5e-010a-489b-a32d-dd4f05d29383,2026-09-05T15:30:00Z,2026-09-05T17:30:00+0200,0.0,EUR/MWh,DE,DE_LU,day_ahead_price,value,2026-09-10T00:56:43Z
2026-09-10T00:53:42Z,2026-09-10T02:53:42+0200,61f23d5e-010a-489b-a32d-dd4f05d29383,2026-09-05T15:45:00Z,2026-09-05T17:45:00+0200,0.01,EUR/MWh,DE,DE_LU,day_ahead_price,value,2026-09-10T00:56:43Z
2026-09-10T00:53:42Z,2026-09-10T02:53:42+0200,61f23d5e-010a-489b-a32d-dd4f05d29383,2026-09-05T16:00:00Z,2026-09-05T18:00:00+0200,0.06,EUR/MWh,DE,DE_LU,day_ahead_price,value,2026-09-10T00:56:43Z
2026-09-10T00:53:42Z,2026-09-10T02:53:42+0200,61f23d5e-010a-489b-a32d-dd4f05d29383,2026-09-05T16:15:00Z,2026-09-05T18:15:00+0200,33.44,EUR/MWh,DE,DE_LU,day_ahead_price,value,2026-09-10T00:56:43Z
2026-09-10T00:53:42Z,2026-09-10T02:53:42+0200,61f23d5e-010a-489b-a32d-dd4f05d29383,2026-09-05T16:30:00Z,2026-09-05T18:30:00+0200,46.19,EUR/MWh,DE,DE_LU,day_ahead_price,value,2026-09-10T00:56:43Z
2026-09-10T00:53:42Z,2026-09-10T02:53:42+0200,61f23d5e-010a-489b-a32d-dd4f05d29383,2026-09-05T16:45:00Z,2026-09-05T18:45:00+0200,76.83,EUR/MWh,DE,DE_LU,day_ahead_price,value,2026-09-10T00:56:43Z
2026-09-10T00:53:42Z,2026-09-10T02:53:42+0200,61f23d5e-010a-489b-a32d-dd4f05d29383,2026-09-05T17:00:00Z,2026-09-05T19:00:00+0200,87.2,EUR/MWh,DE,DE_LU,day_ahead_price,value,2026-09-10T00:56:43Z
2026-09-10T00:53:42Z,2026-09-10T02:53:42+0200,61f23d5e-010a-489b-a32d-dd4f05d29383,2026-09-05T17:15:00Z,2026-09-05T19:15:00+0200,103.34,EUR/MWh,DE,DE_LU,day_ahead_price,value,2026-09-10T00:56:43Z
2026-09-10T00:53:42Z,2026-09-10T02:53:42+0200,61f23d5e-010a-489b-a32d-dd4f05d29383,2026-09-05T17:30:00Z,2026-09-05T19:30:00+0200,105.51,EUR/MWh,DE,DE_LU,day_ahead_price,value,2026-09-10T00:56:43Z
2026-09-10T00:53:42Z,2026-09-10T02:53:42+0200,61f23d5e-010a-489b-a32d-dd4f05d29383,2026-09-05T17:45:00Z,2026-09-05T19:45:00+0200,114.91,EUR/MWh,DE,DE_LU,day_ahead_price,value,2026-09-10T00:56:43Z
2026-09-10T00:53:42Z,2026-09-10T02:53:42+0200,61f23d5e-010a-489b-a32d-dd4f05d29383,2026-09-05T18:00:00Z,2026-09-05T20:00:00+0200,115.25,EUR/MWh,DE,DE_LU,day_ahead_price,value,2026-09-10T00:56:43Z
2026-09-10T00:53:42Z,2026-09-10T02:53:42+0200,61f23d5e-010a-489b-a32d-dd4f05d29383,2026-09-05T18:15:00Z,2026-09-05T20:15:00+0200,115.66,EUR/MWh,DE,DE_LU,day_ahead_price,value,2026-09-10T00:56:43Z
2026-09-10T00:53:42Z,2026-09-10T02:53:42+0200,61f23d5e-010a-489b-a32d-dd4f05d29383,2026-09-05T18:30:00Z,2026-09-05T20:30:00+0200,118.15,EUR/MWh,DE,DE_LU,day_ahead_price,value,2026-09-10T00:56:43Z
2026-09-10T00:53:42Z,2026-09-10T02:53:42+0200,61f23d5e-010a-489b-a32d-dd4f05d29383,2026-09-05T18:45:00Z,2026-09-05T20:45:00+0200,114.91,EUR/MWh,DE,DE_LU,day_ahead_price,value,2026-09-10T00:56:43Z
2026-09-10T00:53:42Z,2026-09-10T02:53:42+0200,61f23d5e-010a-489b-a32d-dd4f05d29383,2026-09-05T19:00:00Z,2026-09-05T21:00:00+0200,115.31,EUR/MWh,DE,DE_LU,day_ahead_price,value,2026-09-10T00:56:43Z
2026-09-10T00:53:42Z,2026-09-10T02:53:42+0200,61f23d5e-010a-489b-a32d-dd4f05d29383,2026-09-05T19:15:00Z,2026-09-05T21:15:00+0200,111.71,EUR/MWh,DE,DE_LU,day_ahead_price,value,2026-09-10T00:56:43Z
2026-09-10T00:53:42Z,2026-09-10T02:53:42+0200,61f23d5e-010a-489b-a32d-dd4f05d29383,2026-09-05T19:30:00Z,2026-09-05T21:30:00+0200,107.78,EUR/MWh,DE,DE_LU,day_ahead_price,value,2026-09-10T00:56:43Z
2026-09-10T00:53:42Z,2026-09-10T02:53:42+0200,61f23d5e-010a-489b-a32d-dd4f05d29383,2026-09-05T19:45:00Z,2026-09-05T21:45:00+0200,104.81,EUR/MWh,DE,DE_LU,day_ahead_price,value,2026-09-10T00:56:43Z
2026-09-10T00:53:42Z,2026-09-10T02:53:42+0200,61f23d5e-010a-489b-a32d-dd4f05d29383,2026-09-05T20:00:00Z,2026-09-05T22:00:00+0200,110.79,EUR/MWh,DE,DE_LU,day_ahead_price,value,2026-09-10T00:56:43Z
2026-09-10T00:53:42Z,2026-09-10T02:53:42+0200,61f23d5e-010a-489b-a32d-dd4f05d29383,2026-09-05T20:15:00Z,2026-09-05T22:15:00+0200,109.21,EUR/MWh,DE,DE_LU,day_ahead_price,value,2026-09-10T00:56:43Z
2026-09-10T00:53:42Z,2026-09-10T02:53:42+0200,61f23d5e-010a-489b-a32d-dd4f05d29383,2026-09-05T20:30:00Z,2026-09-05T22:30:00+0200,106.69,EUR/MWh,DE,DE_LU,day_ahead_price,value,2026-09-10T00:56:43Z
2026-09-10T00:53:42Z,2026-09-10T02:53:42+0200,61f23d5e-010a-489b-a32d-dd4f05d29383,2026-09-05T20:45:00Z,2026-09-05T22:45:00+0200,104.72,EUR/MWh,DE,DE_LU,day_ahead_price,value,2026-09-10T00:56:43Z
2026-09-10T00:53:42Z,2026-09-10T02:53:42+0200,61f23d5e-010a-489b-a32d-dd4f05d29383,2026-09-05T21:00:00Z,2026-09-05T23:00:00+0200,101.63,EUR/MWh,DE,DE_LU,day_ahead_price,value,2026-09-10T00:56:43Z
2026-09-10T00:53:42Z,2026-09-10T02:53:42+0200,61f23d5e-010a-489b-a32d-dd4f05d29383,2026-09-05T21:15:00Z,2026-09-05T23:15:00+0200,99.61,EUR/MWh,DE,DE_LU,day_ahead_price,value,2026-09-10T00:56:43Z
2026-09-10T00:53:42Z,2026-09-10T02:53:42+0200,61f23d5e-010a-489b-a32d-dd4f05d29383,2026-09-05T21:30:00Z,2026-09-05T23:30:00+0200,102.84,EUR/MWh,DE,DE_LU,day_ahead_price,value,2026-09-10T00:56:43Z
2026-09-10T00:53:42Z,2026-09-10T02:53:42+0200,61f23d5e-010a-489b-a32d-dd4f05d29383,2026-09-05T21:45:00Z,2026-09-05T23:45:00+0200,99.75,EUR/MWh,DE,DE_LU,day_ahead_price,value,2026-09-10T00:56:43Z
2026-09-10T00:53:42Z,2026-09-10T02:53:42+0200,61f23d5e-010a-489b-a32d-dd4f05d29383,2026-09-05T22:00:00Z,2026-09-06T00:00:00+0200,137.91,EUR/MWh,DE,DE_LU,day_ahead_price,value,2026-09-10T00:56:43Z
2026-09-10T00:53:42Z,2026-09-10T02:53:42+0200,61f23d5e-010a-489b-a32d-dd4f05d29383,2026-09-05T22:15:00Z,2026-09-06T00:15:00+0200,134.93,EUR/MWh,DE,DE_LU,day_ahead_price,value,2026-09-10T00:56:43Z
2026-09-10T00:53:42Z,2026-09-10T02:53:42+0200,61f23d5e-010a-489b-a32d-dd4f05d29383,2026-09-05T22:30:00Z,2026-09-06T00:30:00+0200,128.97,EUR/MWh,DE,DE_LU,day_ahead_price,value,2026-09-10T00:56:43Z
2026-09-10T00:53:42Z,2026-09-10T02:53:42+0200,61f23d5e-010a-489b-a32d-dd4f05d29383,2026-09-05T22:45:00Z,2026-09-06T00:45:00+0200,111.09,EUR/MWh,DE,DE_LU,day_ahead_price,value,2026-09-10T00:56:43Z
2026-09-10T00:53:42Z,2026-09-10T02:53:42+0200,61f23d5e-010a-489b-a32d-dd4f05d29383,2026-09-05T23:00:00Z,2026-09-06T01:00:00+0200,129.99,EUR/MWh,DE,DE_LU,day_ahead_price,value,2026-09-10T00:56:43Z
2026-09-10T00:53:42Z,2026-09-10T02:53:42+0200,61f23d5e-010a-489b-a32d-dd4f05d29383,2026-09-05T23:15:00Z,2026-09-06T01:15:00+0200,121.01,EUR/MWh,DE,DE_LU,day_ahead_price,value,2026-09-10T00:56:43Z
2026-09-10T00:53:42Z,2026-09-10T02:53:42+0200,61f23d5e-010a-489b-a32d-dd4f05d29383,2026-09-05T23:30:00Z,2026-09-06T01:30:00+0200,124.7,EUR/MWh,DE,DE_LU,day_ahead_price,value,2026-09-10T00:56:43Z
2026-09-10T00:53:42Z,2026-09-10T02:53:42+0200,61f23d5e-010a-489b-a32d-dd4f05d29383,2026-09-05T23:45:00Z,2026-09-06T01:45:00+0200,129.67,EUR/MWh,DE,DE_LU,day_ahead_price,value,2026-09-10T00:56:43Z
2026-09-10T00:53:42Z,2026-09-10T02:53:42+0200,61f23d5e-010a-489b-a32d-dd4f05d29383,2026-09-06T00:00:00Z,2026-09-06T02:00:00+0200,136.79,EUR/MWh,DE,DE_LU,day_ahead_price,value,2026-09-10T00:56:43Z
2026-09-10T00:53:42Z,2026-09-10T02:53:42+0200,61f23d5e-010a-489b-a32d-dd4f05d29383,2026-09-06T00:15:00Z,2026-09-06T02:15:00+0200,137.11,EUR/MWh,DE,DE_LU,day_ahead_price,value,2026-09-10T00:56:43Z
2026-09-10T00:53:42Z,2026-09-10T02:53:42+0200,61f23d5e-010a-489b-a32d-dd4f05d29383,2026-09-06T00:30:00Z,2026-09-06T02:30:00+0200,135.83,EUR/MWh,DE,DE_LU,day_ahead_price,value,2026-09-10T00:56:43Z
2026-09-10T00:53:42Z,2026-09-10T02:53:42+0200,61f23d5e-010a-489b-a32d-dd4f05d29383,2026-09-06T00:45:00Z,2026-09-06T02:45:00+0200,132.01,EUR/MWh,DE,DE_LU,day_ahead_price,value,2026-09-10T00:56:43Z
2026-09-10T00:53:42Z,2026-09-10T02:53:42+0200,61f23d5e-010a-489b-a32d-dd4f05d29383,2026-09-06T01:00:00Z,2026-09-06T03:00:00+0200,136.89,EUR/MWh,DE,DE_LU,day_ahead_price,value,2026-09-10T00:56:43Z
2026-09-10T00:53:42Z,2026-09-10T02:53:42+0200,61f23d5e-010a-489b-a32d-dd4f05d29383,2026-09-06T01:15:00Z,2026-09-06T03:15:00+0200,135.24,EUR/MWh,DE,DE_LU,day_ahead_price,value,2026-09-10T00:56:43Z
2026-09-10T00:53:42Z,2026-09-10T02:53:42+0200,61f23d5e-010a-489b-a32d-dd4f05d29383,2026-09-06T01:30:00Z,2026-09-06T03:30:00+0200,134.78,EUR/MWh,DE,DE_LU,day_ahead_price,value,2026-09-10T00:56:43Z
2026-09-10T00:53:42Z,2026-09-10T02:53:42+0200,61f23d5e-010a-489b-a32d-dd4f05d29383,2026-09-06T01:45:00Z,2026-09-06T03:45:00+0200,134.99,EUR/MWh,DE,DE_LU,day_ahead_price,value,2026-09-10T00:56:43Z
2026-09-10T00:53:42Z,2026-09-10T02:53:42+0200,61f23d5e-010a-489b-a32d-dd4f05d29383,2026-09-06T02:00:00Z,2026-09-06T04:00:00+0200,138.84,EUR/MWh,DE,DE_LU,day_ahead_price,value,2026-09-10T00:56:43Z
2026-09-10T00:53:42Z,2026-09-10T02:53:42+0200,61f23d5e-010a-489b-a32d-dd4f05d29383,2026-09-06T02:15:00Z,2026-09-06T04:15:00+0200,140.0,EUR/MWh,DE,DE_LU,day_ahead_price,value,2026-09-10T00:56:43Z
2026-09-10T00:53:42Z,2026-09-10T02:53:42+0200,61f23d5e-010a-489b-a32d-dd4f05d29383,2026-09-06T02:30:00Z,2026-09-06T04:30:00+0200,142.26,EUR/MWh,DE,DE_LU,day_ahead_price,value,2026-09-10T00:56:43Z
2026-09-10T00:53:42Z,2026-09-10T02:53:42+0200,61f23d5e-010a-489b-a32d-dd4f05d29383,2026-09-06T02:45:00Z,2026-09-06T04:45:00+0200,145.0,EUR/MWh,DE,DE_LU,day_ahead_price,value,2026-09-10T00:56:43Z
2026-09-10T00:53:42Z,2026-09-10T02:53:42+0200,61f23d5e-010a-489b-a32d-dd4f05d29383,2026-09-06T03:00:00Z,2026-09-06T05:00:00+0200,140.0,EUR/MWh,DE,DE_LU,day_ahead_price,value,2026-09-10T00:56:43Z
2026-09-10T00:53:42Z,2026-09-10T02:53:42+0200,61f23d5e-010a-489b-a32d-dd4f05d29383,2026-09-06T03:15:00Z,2026-09-06T05:15:00+0200,140.97,EUR/MWh,DE,DE_LU,day_ahead_price,value,2026-09-10T00:56:43Z
2026-09-10T00:53:42Z,2026-09-10T02:53:42+0200,61f23d5e-010a-489b-a32d-dd4f05d29383,2026-09-06T03:30:00Z,2026-09-06T05:30:00+0200,145.39,EUR/MWh,DE,DE_LU,day_ahead_price,value,2026-09-10T00:56:43Z
2026-09-10T00:53:42Z,2026-09-10T02:53:42+0200,61f23d5e-010a-489b-a32d-dd4f05d29383,2026-09-06T03:45:00Z,2026-09-06T05:45:00+0200,143.77,EUR/MWh,DE,DE_LU,day_ahead_price,value,2026-09-10T00:56:43Z
2026-09-10T00:53:42Z,2026-09-10T02:53:42+0200,61f23d5e-010a-489b-a32d-dd4f05d29383,2026-09-06T04:00:00Z,2026-09-06T06:00:00+0200,142.19,EUR/MWh,DE,DE_LU,day_ahead_price,value,2026-09-10T00:56:43Z
2026-09-10T00:53:42Z,2026-09-10T02:53:42+0200,61f23d5e-010a-489b-a32d-dd4f05d29383,2026-09-06T04:15:00Z,2026-09-06T06:15:00+0200,144.27,EUR/MWh,DE,DE_LU,day_ahead_price,value,2026-09-10T00:56:43Z
2026-09-10T00:53:42Z,2026-09-10T02:53:42+0200,61f23d5e-010a-489b-a32d-dd4f05d29383,2026-09-06T04:30:00Z,2026-09-06T06:30:00+0200,144.73,EUR/MWh,DE,DE_LU,day_ahead_price,value,2026-09-10T00:56:43Z
2026-09-10T00:53:42Z,2026-09-10T02:53:42+0200,61f23d5e-010a-489b-a32d-dd4f05d29383,2026-09-06T04:45:00Z,2026-09-06T06:45:00+0200,141.77,EUR/MWh,DE,DE_LU,day_ahead_price,value,2026-09-10T00:56:43Z
2026-09-10T00:53:42Z,2026-09-10T02:53:42+0200,61f23d5e-010a-489b-a32d-dd4f05d29383,2026-09-06T05:00:00Z,2026-09-06T07:00:00+0200,144.18,EUR/MWh,DE,DE_LU,day_ahead_price,value,2026-09-10T00:56:43Z
2026-09-10T00:53:42Z,2026-09-10T02:53:42+0200,61f23d5e-010a-489b-a32d-dd4f05d29383,2026-09-06T05:15:00Z,2026-09-06T07:15:00+0200,138.41,EUR/MWh,DE,DE_LU,day_ahead_price,value,2026-09-10T00:56:43Z
2026-09-10T00:53:42Z,2026-09-10T02:53:42+0200,61f23d5e-010a-489b-a32d-dd4f05d29383,2026-09-06T05:30:00Z,2026-09-06T07:30:00+0200,129.9,EUR/MWh,DE,DE_LU,day_ahead_price,value,2026-09-10T00:56:43Z
2026-09-10T00:53:42Z,2026-09-10T02:53:42+0200,61f23d5e-010a-489b-a32d-dd4f05d29383,2026-09-06T05:45:00Z,2026-09-06T07:45:00+0200,119.91,EUR/MWh,DE,DE_LU,day_ahead_price,value,2026-09-10T00:56:43Z
2026-09-10T00:53:42Z,2026-09-10T02:53:42+0200,61f23d5e-010a-489b-a32d-dd4f05d29383,2026-09-06T06:00:00Z,2026-09-06T08:00:00+0200,137.76,EUR/MWh,DE,DE_LU,day_ahead_price,value,2026-09-10T00:56:43Z
2026-09-10T00:53:42Z,2026-09-10T02:53:42+0200,61f23d5e-010a-489b-a32d-dd4f05d29383,2026-09-06T06:15:00Z,2026-09-06T08:15:00+0200,123.48,EUR/MWh,DE,DE_LU,day_ahead_price,value,2026-09-10T00:56:43Z
2026-09-10T00:53:42Z,2026-09-10T02:53:42+0200,61f23d5e-010a-489b-a32d-dd4f05d29383,2026-09-06T06:30:00Z,2026-09-06T08:30:00+0200,97.95,EUR/MWh,DE,DE_LU,day_ahead_price,value,2026-09-10T00:56:43Z
2026-09-10T00:53:42Z,2026-09-10T02:53:42+0200,61f23d5e-010a-489b-a32d-dd4f05d29383,2026-09-06T06:45:00Z,2026-09-06T08:45:00+0200,79.12,EUR/MWh,DE,DE_LU,day_ahead_price,value,2026-09-10T00:56:43Z
2026-09-10T00:53:42Z,2026-09-10T02:53:42+0200,61f23d5e-010a-489b-a32d-dd4f05d29383,2026-09-06T07:00:00Z,2026-09-06T09:00:00+0200,77.82,EUR/MWh,DE,DE_LU,day_ahead_price,value,2026-09-10T00:56:43Z
2026-09-10T00:53:42Z,2026-09-10T02:53:42+0200,61f23d5e-010a-489b-a32d-dd4f05d29383,2026-09-06T07:15:00Z,2026-09-06T09:15:00+0200,53.4,EUR/MWh,DE,DE_LU,day_ahead_price,value,2026-09-10T00:56:43Z
2026-09-10T00:53:42Z,2026-09-10T02:53:42+0200,61f23d5e-010a-489b-a32d-dd4f05d29383,2026-09-06T07:30:00Z,2026-09-06T09:30:00+0200,10.29,EUR/MWh,DE,DE_LU,day_ahead_price,value,2026-09-10T00:56:43Z
2026-09-10T00:53:42Z,2026-09-10T02:53:42+0200,61f23d5e-010a-489b-a32d-dd4f05d29383,2026-09-06T07:45:00Z,2026-09-06T09:45:00+0200,5.74,EUR/MWh,DE,DE_LU,day_ahead_price,value,2026-09-10T00:56:43Z
2026-09-10T00:53:42Z,2026-09-10T02:53:42+0200,61f23d5e-010a-489b-a32d-dd4f05d29383,2026-09-06T08:00:00Z,2026-09-06T10:00:00+0200,1.74,EUR/MWh,DE,DE_LU,day_ahead_price,value,2026-09-10T00:56:43Z
2026-09-10T00:53:42Z,2026-09-10T02:53:42+0200,61f23d5e-010a-489b-a32d-dd4f05d29383,2026-09-06T08:15:00Z,2026-09-06T10:15:00+0200,0.28,EUR/MWh,DE,DE_LU,day_ahead_price,value,2026-09-10T00:56:43Z
2026-09-10T00:53:42Z,2026-09-10T02:53:42+0200,61f23d5e-010a-489b-a32d-dd4f05d29383,2026-09-06T08:30:00Z,2026-09-06T10:30:00+0200,0.01,EUR/MWh,DE,DE_LU,day_ahead_price,value,2026-09-10T00:56:43Z
2026-09-10T00:53:42Z,2026-09-10T02:53:42+0200,61f23d5e-010a-489b-a32d-dd4f05d29383,2026-09-06T08:45:00Z,2026-09-06T10:45:00+0200,0.0,EUR/MWh,DE,DE_LU,day_ahead_price,value,2026-09-10T00:56:43Z
2026-09-10T00:53:42Z,2026-09-10T02:53:42+0200,61f23d5e-010a-489b-a32d-dd4f05d29383,2026-09-06T09:00:00Z,2026-09-06T11:00:00+0200,0.0,EUR/MWh,DE,DE_LU,day_ahead_price,value,2026-09-10T00:56:43Z
2026-09-10T00:53:42Z,2026-09-10T02:53:42+0200,61f23d5e-010a-489b-a32d-dd4f05d29383,2026-09-06T09:15:00Z,2026-09-06T11:15:00+0200,0.0,EUR/MWh,DE,DE_LU,day_ahead_price,value,2026-09-10T00:56:43Z
2026-09-10T00:53:42Z,2026-09-10T02:53:42+0200,61f23d5e-010a-489b-a32d-dd4f05d29383,2026-09-06T09:30:00Z,2026-09-06T11:30:00+0200,-0.01,EUR/MWh,DE,DE_LU,day_ahead_price,value,2026-09-10T00:56:43Z
2026-09-10T00:53:42Z,2026-09-10T02:53:42+0200,61f23d5e-010a-489b-a32d-dd4f05d29383,2026-09-06T09:45:00Z,2026-09-06T11:45:00+0200,-0.13,EUR/MWh,DE,DE_LU,day_ahead_price,value,2026-09-10T00:56:43Z
2026-09-10T00:53:42Z,2026-09-10T02:53:42+0200,61f23d5e-010a-489b-a32d-dd4f05d29383,2026-09-06T10:00:00Z,2026-09-06T12:00:00+0200,-0.49,EUR/MWh,DE,DE_LU,day_ahead_price,value,2026-09-10T00:56:43Z
2026-09-10T00:53:42Z,2026-09-10T02:53:42+0200,61f23d5e-010a-489b-a32d-dd4f05d29383,2026-09-06T10:15:00Z,2026-09-06T12:15:00+0200,-1.19,EUR/MWh,DE,DE_LU,day_ahead_price,value,2026-09-10T00:56:43Z
2026-09-10T00:53:42Z,2026-09-10T02:53:42+0200,61f23d5e-010a-489b-a32d-dd4f05d29383,2026-09-06T10:30:00Z,2026-09-06T12:30:00+0200,-1.3,EUR/MWh,DE,DE_LU,day_ahead_price,value,2026-09-10T00:56:43Z
2026-09-10T00:53:42Z,2026-09-10T02:53:42+0200,61f23d5e-010a-489b-a32d-dd4f05d29383,2026-09-06T10:45:00Z,2026-09-06T12:45:00+0200,-1.48,EUR/MWh,DE,DE_LU,day_ahead_price,value,2026-09-10T00:56:43Z
2026-09-10T00:53:42Z,2026-09-10T02:53:42+0200,61f23d5e-010a-489b-a32d-dd4f05d29383,2026-09-06T11:00:00Z,2026-09-06T13:00:00+0200,-1.63,EUR/MWh,DE,DE_LU,day_ahead_price,value,2026-09-10T00:56:43Z
2026-09-10T00:53:42Z,2026-09-10T02:53:42+0200,61f23d5e-010a-489b-a32d-dd4f05d29383,2026-09-06T11:15:00Z,2026-09-06T13:15:00+0200,-1.81,EUR/MWh,DE,DE_LU,day_ahead_price,value,2026-09-10T00:56:43Z
2026-09-10T00:53:42Z,2026-09-10T02:53:42+0200,61f23d5e-010a-489b-a32d-dd4f05d29383,2026-09-06T11:30:00Z,2026-09-06T13:30:00+0200,-1.74,EUR/MWh,DE,DE_LU,day_ahead_price,value,2026-09-10T00:56:43Z
2026-09-10T00:53:42Z,2026-09-10T02:53:42+0200,61f23d5e-010a-489b-a32d-dd4f05d29383,2026-09-06T11:45:00Z,2026-09-06T13:45:00+0200,-1.35,EUR/MWh,DE,DE_LU,day_ahead_price,value,2026-09-10T00:56:43Z
2026-09-10T00:53:42Z,2026-09-10T02:53:42+0200,61f23d5e-010a-489b-a32d-dd4f05d29383,2026-09-06T12:00:00Z,2026-09-06T14:00:00+0200,-1.46,EUR/MWh,DE,DE_LU,day_ahead_price,value,2026-09-10T00:56:43Z
2026-09-10T00:53:42Z,2026-09-10T02:53:42+0200,61f23d5e-010a-489b-a32d-dd4f05d29383,2026-09-06T12:15:00Z,2026-09-06T14:15:00+0200,-1.0,EUR/MWh,DE,DE_LU,day_ahead_price,value,2026-09-10T00:56:43Z
2026-09-10T00:53:42Z,2026-09-10T02:53:42+0200,61f23d5e-010a-489b-a32d-dd4f05d29383,2026-09-06T12:30:00Z,2026-09-06T14:30:00+0200,-0.1,EUR/MWh,DE,DE_LU,day_ahead_price,value,2026-09-10T00:56:43Z
2026-09-10T00:53:42Z,2026-09-10T02:53:42+0200,61f23d5e-010a-489b-a32d-dd4f05d29383,2026-09-06T12:45:00Z,2026-09-06T14:45:00+0200,-0.06,EUR/MWh,DE,DE_LU,day_ahead_price,value,2026-09-10T00:56:43Z
2026-09-10T00:53:42Z,2026-09-10T02:53:42+0200,61f23d5e-010a-489b-a32d-dd4f05d29383,2026-09-06T13:00:00Z,2026-09-06T15:00:00+0200,-0.02,EUR/MWh,DE,DE_LU,day_ahead_price,value,2026-09-10T00:56:43Z
2026-09-10T00:53:42Z,2026-09-10T02:53:42+0200,61f23d5e-010a-489b-a32d-dd4f05d29383,2026-09-06T13:15:00Z,2026-09-06T15:15:00+0200,-0.01,EUR/MWh,DE,DE_LU,day_ahead_price,value,2026-09-10T00:56:43Z
2026-09-10T00:53:42Z,2026-09-10T02:53:42+0200,61f23d5e-010a-489b-a32d-dd4f05d29383,2026-09-06T13:30:00Z,2026-09-06T15:30:00+0200,0.0,EUR/MWh,DE,DE_LU,day_ahead_price,value,2026-09-10T00:56:43Z
2026-09-10T00:53:42Z,2026-09-10T02:53:42+0200,61f23d5e-010a-489b-a32d-dd4f05d29383,2026-09-06T13:45:00Z,2026-09-06T15:45:00+0200,0.01,EUR/MWh,DE,DE_LU,day_ahead_price,value,2026-09-10T00:56:43Z
2026-09-10T00:53:42Z,2026-09-10T02:53:42+0200,61f23d5e-010a-489b-a32d-dd4f05d29383,2026-09-06T14:00:00Z,2026-09-06T16:00:00+0200,0.01,EUR/MWh,DE,DE_LU,day_ahead_price,value,2026-09-10T00:56:43Z
2026-09-10T00:53:42Z,2026-09-10T02:53:42+0200,61f23d5e-010a-489b-a32d-dd4f05d29383,2026-09-06T14:15:00Z,2026-09-06T16:15:00+0200,1.94,EUR/MWh,DE,DE_LU,day_ahead_price,value,2026-09-10T00:56:43Z
2026-09-10T00:53:42Z,2026-09-10T02:53:42+0200,61f23d5e-010a-489b-a32d-dd4f05d29383,2026-09-06T14:30:00Z,2026-09-06T16:30:00+0200,20.0,EUR/MWh,DE,DE_LU,day_ahead_price,value,2026-09-10T00:56:43Z
2026-09-10T00:53:42Z,2026-09-10T02:53:42+0200,61f23d5e-010a-489b-a32d-dd4f05d29383,2026-09-06T14:45:00Z,2026-09-06T16:45:00+0200,57.83,EUR/MWh,DE,DE_LU,day_ahead_price,value,2026-09-10T00:56:43Z
2026-09-10T00:53:42Z,2026-09-10T02:53:42+0200,61f23d5e-010a-489b-a32d-dd4f05d29383,2026-09-06T15:00:00Z,2026-09-06T17:00:00+0200,57.23,EUR/MWh,DE,DE_LU,day_ahead_price,value,2026-09-10T00:56:43Z
2026-09-10T00:53:42Z,2026-09-10T02:53:42+0200,61f23d5e-010a-489b-a32d-dd4f05d29383,2026-09-06T15:15:00Z,2026-09-06T17:15:00+0200,92.4,EUR/MWh,DE,DE_LU,day_ahead_price,value,2026-09-10T00:56:43Z
2026-09-10T00:53:42Z,2026-09-10T02:53:42+0200,61f23d5e-010a-489b-a32d-dd4f05d29383,2026-09-06T15:30:00Z,2026-09-06T17:30:00+0200,150.74,EUR/MWh,DE,DE_LU,day_ahead_price,value,2026-09-10T00:56:43Z
2026-09-10T00:53:42Z,2026-09-10T02:53:42+0200,61f23d5e-010a-489b-a32d-dd4f05d29383,2026-09-06T15:45:00Z,2026-09-06T17:45:00+0200,192.31,EUR/MWh,DE,DE_LU,day_ahead_price,value,2026-09-10T00:56:43Z
2026-09-10T00:53:42Z,2026-09-10T02:53:42+0200,61f23d5e-010a-489b-a32d-dd4f05d29383,2026-09-06T16:00:00Z,2026-09-06T18:00:00+0200,154.52,EUR/MWh,DE,DE_LU,day_ahead_price,value,2026-09-10T00:56:43Z
2026-09-10T00:53:42Z,2026-09-10T02:53:42+0200,61f23d5e-010a-489b-a32d-dd4f05d29383,2026-09-06T16:15:00Z,2026-09-06T18:15:00+0200,181.83,EUR/MWh,DE,DE_LU,day_ahead_price,value,2026-09-10T00:56:43Z
2026-09-10T00:53:42Z,2026-09-10T02:53:42+0200,61f23d5e-010a-489b-a32d-dd4f05d29383,2026-09-06T16:30:00Z,2026-09-06T18:30:00+0200,205.87,EUR/MWh,DE,DE_LU,day_ahead_price,value,2026-09-10T00:56:43Z
2026-09-10T00:53:42Z,2026-09-10T02:53:42+0200,61f23d5e-010a-489b-a32d-dd4f05d29383,2026-09-06T16:45:00Z,2026-09-06T18:45:00+0200,234.2,EUR/MWh,DE,DE_LU,day_ahead_price,value,2026-09-10T00:56:43Z
2026-09-10T00:53:42Z,2026-09-10T02:53:42+0200,61f23d5e-010a-489b-a32d-dd4f05d29383,2026-09-06T17:00:00Z,2026-09-06T19:00:00+0200,199.96,EUR/MWh,DE,DE_LU,day_ahead_price,value,2026-09-10T00:56:43Z
2026-09-10T00:53:42Z,2026-09-10T02:53:42+0200,61f23d5e-010a-489b-a32d-dd4f05d29383,2026-09-06T17:15:00Z,2026-09-06T19:15:00+0200,221.99,EUR/MWh,DE,DE_LU,day_ahead_price,value,2026-09-10T00:56:43Z
2026-09-10T00:53:42Z,2026-09-10T02:53:42+0200,61f23d5e-010a-489b-a32d-dd4f05d29383,2026-09-06T17:30:00Z,2026-09-06T19:30:00+0200,225.53,EUR/MWh,DE,DE_LU,day_ahead_price,value,2026-09-10T00:56:43Z
2026-09-10T00:53:42Z,2026-09-10T02:53:42+0200,61f23d5e-010a-489b-a32d-dd4f05d29383,2026-09-06T17:45:00Z,2026-09-06T19:45:00+0200,240.47,EUR/MWh,DE,DE_LU,day_ahead_price,value,2026-09-10T00:56:43Z
2026-09-10T00:53:42Z,2026-09-10T02:53:42+0200,61f23d5e-010a-489b-a32d-dd4f05d29383,2026-09-06T18:00:00Z,2026-09-06T20:00:00+0200,224.99,EUR/MWh,DE,DE_LU,day_ahead_price,value,2026-09-10T00:56:43Z
2026-09-10T00:53:42Z,2026-09-10T02:53:42+0200,61f23d5e-010a-489b-a32d-dd4f05d29383,2026-09-06T18:15:00Z,2026-09-06T20:15:00+0200,228.57,EUR/MWh,DE,DE_LU,day_ahead_price,value,2026-09-10T00:56:43Z
2026-09-10T00:53:42Z,2026-09-10T02:53:42+0200,61f23d5e-010a-489b-a32d-dd4f05d29383,2026-09-06T18:30:00Z,2026-09-06T20:30:00+0200,235.06,EUR/MWh,DE,DE_LU,day_ahead_price,value,2026-09-10T00:56:43Z
2026-09-10T00:53:42Z,2026-09-10T02:53:42+0200,61f23d5e-010a-489b-a32d-dd4f05d29383,2026-09-06T18:45:00Z,2026-09-06T20:45:00+0200,222.0,EUR/MWh,DE,DE_LU,day_ahead_price,value,2026-09-10T00:56:43Z
2026-09-10T00:53:42Z,2026-09-10T02:53:42+0200,61f23d5e-010a-489b-a32d-dd4f05d29383,2026-09-06T19:00:00Z,2026-09-06T21:00:00+0200,230.95,EUR/MWh,DE,DE_LU,day_ahead_price,value,2026-09-10T00:56:43Z
2026-09-10T00:53:42Z,2026-09-10T02:53:42+0200,61f23d5e-010a-489b-a32d-dd4f05d29383,2026-09-06T19:15:00Z,2026-09-06T21:15:00+0200,207.44,EUR/MWh,DE,DE_LU,day_ahead_price,value,2026-09-10T00:56:43Z
2026-09-10T00:53:42Z,2026-09-10T02:53:42+0200,61f23d5e-010a-489b-a32d-dd4f05d29383,2026-09-06T19:30:00Z,2026-09-06T21:30:00+0200,200.0,EUR/MWh,DE,DE_LU,day_ahead_price,value,2026-09-10T00:56:43Z
2026-09-10T00:53:42Z,2026-09-10T02:53:42+0200,61f23d5e-010a-489b-a32d-dd4f05d29383,2026-09-06T19:45:00Z,2026-09-06T21:45:00+0200,186.23,EUR/MWh,DE,DE_LU,day_ahead_price,value,2026-09-10T00:56:43Z
2026-09-10T00:53:42Z,2026-09-10T02:53:42+0200,61f23d5e-010a-489b-a32d-dd4f05d29383,2026-09-06T20:00:00Z,2026-09-06T22:00:00+0200,203.97,EUR/MWh,DE,DE_LU,day_ahead_price,value,2026-09-10T00:56:43Z
2026-09-10T00:53:42Z,2026-09-10T02:53:42+0200,61f23d5e-010a-489b-a32d-dd4f05d29383,2026-09-06T20:15:00Z,2026-09-06T22:15:00+0200,191.26,EUR/MWh,DE,DE_LU,day_ahead_price,value,2026-09-10T00:56:43Z
2026-09-10T00:53:42Z,2026-09-10T02:53:42+0200,61f23d5e-010a-489b-a32d-dd4f05d29383,2026-09-06T20:30:00Z,2026-09-06T22:30:00+0200,185.8,EUR/MWh,DE,DE_LU,day_ahead_price,value,2026-09-10T00:56:43Z
2026-09-10T00:53:42Z,2026-09-10T02:53:42+0200,61f23d5e-010a-489b-a32d-dd4f05d29383,2026-09-06T20:45:00Z,2026-09-06T22:45:00+0200,176.51,EUR/MWh,DE,DE_LU,day_ahead_price,value,2026-09-10T00:56:43Z
2026-09-10T00:53:42Z,2026-09-10T02:53:42+0200,61f23d5e-010a-489b-a32d-dd4f05d29383,2026-09-06T21:00:00Z,2026-09-06T23:00:00+0200,182.34,EUR/MWh,DE,DE_LU,day_ahead_price,value,2026-09-10T00:56:43Z
2026-09-10T00:53:42Z,2026-09-10T02:53:42+0200,61f23d5e-010a-489b-a32d-dd4f05d29383,2026-09-06T21:15:00Z,2026-09-06T23:15:00+0200,171.84,EUR/MWh,DE,DE_LU,day_ahead_price,value,2026-09-10T00:56:43Z
2026-09-10T00:53:42Z,2026-09-10T02:53:42+0200,61f23d5e-010a-489b-a32d-dd4f05d29383,2026-09-06T21:30:00Z,2026-09-06T23:30:00+0200,170.43,EUR/MWh,DE,DE_LU,day_ahead_price,value,2026-09-10T00:56:43Z
2026-09-10T00:53:42Z,2026-09-10T02:53:42+0200,61f23d5e-010a-489b-a32d-dd4f05d29383,2026-09-06T21:45:00Z,2026-09-06T23:45:00+0200,153.72,EUR/MWh,DE,DE_LU,day_ahead_price,value,2026-09-10T00:56:43Z
2026-09-10T00:53:42Z,2026-09-10T02:53:42+0200,61f23d5e-010a-489b-a32d-dd4f05d29383,2026-09-06T22:00:00Z,2026-09-07T00:00:00+0200,169.99,EUR/MWh,DE,DE_LU,day_ahead_price,value,2026-09-10T00:56:43Z
2026-09-10T00:53:42Z,2026-09-10T02:53:42+0200,61f23d5e-010a-489b-a32d-dd4f05d29383,2026-09-06T22:15:00Z,2026-09-07T00:15:00+0200,156.71,EUR/MWh,DE,DE_LU,day_ahead_price,value,2026-09-10T00:56:43Z
2026-09-10T00:53:42Z,2026-09-10T02:53:42+0200,61f23d5e-010a-489b-a32d-dd4f05d29383,2026-09-06T22:30:00Z,2026-09-07T00:30:00+0200,149.59,EUR/MWh,DE,DE_LU,day_ahead_price,value,2026-09-10T00:56:43Z
2026-09-10T00:53:42Z,2026-09-10T02:53:42+0200,61f23d5e-010a-489b-a32d-dd4f05d29383,2026-09-06T22:45:00Z,2026-09-07T00:45:00+0200,145.72,EUR/MWh,DE,DE_LU,day_ahead_price,value,2026-09-10T00:56:43Z
2026-09-10T00:53:42Z,2026-09-10T02:53:42+0200,61f23d5e-010a-489b-a32d-dd4f05d29383,2026-09-06T23:00:00Z,2026-09-07T01:00:00+0200,157.22,EUR/MWh,DE,DE_LU,day_ahead_price,value,2026-09-10T00:56:43Z
2026-09-10T00:53:42Z,2026-09-10T02:53:42+0200,61f23d5e-010a-489b-a32d-dd4f05d29383,2026-09-06T23:15:00Z,2026-09-07T01:15:00+0200,150.11,EUR/MWh,DE,DE_LU,day_ahead_price,value,2026-09-10T00:56:43Z
2026-09-10T00:53:42Z,2026-09-10T02:53:42+0200,61f23d5e-010a-489b-a32d-dd4f05d29383,2026-09-06T23:30:00Z,2026-09-07T01:30:00+0200,149.43,EUR/MWh,DE,DE_LU,day_ahead_price,value,2026-09-10T00:56:43Z
2026-09-10T00:53:42Z,2026-09-10T02:53:42+0200,61f23d5e-010a-489b-a32d-dd4f05d29383,2026-09-06T23:45:00Z,2026-09-07T01:45:00+0200,146.67,EUR/MWh,DE,DE_LU,day_ahead_price,value,2026-09-10T00:56:43Z
2026-09-10T00:53:42Z,2026-09-10T02:53:42+0200,61f23d5e-010a-489b-a32d-dd4f05d29383,2026-09-07T00:00:00Z,2026-09-07T02:00:00+0200,149.07,EUR/MWh,DE,DE_LU,day_ahead_price,value,2026-09-10T00:56:43Z
2026-09-10T00:53:42Z,2026-09-10T02:53:42+0200,61f23d5e-010a-489b-a32d-dd4f05d29383,2026-09-07T00:15:00Z,2026-09-07T02:15:00+0200,149.01,EUR/MWh,DE,DE_LU,day_ahead_price,value,2026-09-10T00:56:43Z
2026-09-10T00:53:42Z,2026-09-10T02:53:42+0200,61f23d5e-010a-489b-a32d-dd4f05d29383,2026-09-07T00:30:00Z,2026-09-07T02:30:00+0200,148.34,EUR/MWh,DE,DE_LU,day_ahead_price,value,2026-09-10T00:56:43Z
2026-09-10T00:53:42Z,2026-09-10T02:53:42+0200,61f23d5e-010a-489b-a32d-dd4f05d29383,2026-09-07T00:45:00Z,2026-09-07T02:45:00+0200,146.85,EUR/MWh,DE,DE_LU,day_ahead_price,value,2026-09-10T00:56:43Z
2026-09-10T00:53:42Z,2026-09-10T02:53:42+0200,61f23d5e-010a-489b-a32d-dd4f05d29383,2026-09-07T01:00:00Z,2026-09-07T03:00:00+0200,150.43,EUR/MWh,DE,DE_LU,day_ahead_price,value,2026-09-10T00:56:43Z
2026-09-10T00:53:42Z,2026-09-10T02:53:42+0200,61f23d5e-010a-489b-a32d-dd4f05d29383,2026-09-07T01:15:00Z,2026-09-07T03:15:00+0200,147.39,EUR/MWh,DE,DE_LU,day_ahead_price,value,2026-09-10T00:56:43Z
2026-09-10T00:53:42Z,2026-09-10T02:53:42+0200,61f23d5e-010a-489b-a32d-dd4f05d29383,2026-09-07T01:30:00Z,2026-09-07T03:30:00+0200,147.36,EUR/MWh,DE,DE_LU,day_ahead_price,value,2026-09-10T00:56:43Z
2026-09-10T00:53:42Z,2026-09-10T02:53:42+0200,61f23d5e-010a-489b-a32d-dd4f05d29383,2026-09-07T01:45:00Z,2026-09-07T03:45:00+0200,147.67,EUR/MWh,DE,DE_LU,day_ahead_price,value,2026-09-10T00:56:43Z
2026-09-10T00:53:42Z,2026-09-10T02:53:42+0200,61f23d5e-010a-489b-a32d-dd4f05d29383,2026-09-07T02:00:00Z,2026-09-07T04:00:00+0200,147.59,EUR/MWh,DE,DE_LU,day_ahead_price,value,2026-09-10T00:56:43Z
2026-09-10T00:53:42Z,2026-09-10T02:53:42+0200,61f23d5e-010a-489b-a32d-dd4f05d29383,2026-09-07T02:15:00Z,2026-09-07T04:15:00+0200,149.44,EUR/MWh,DE,DE_LU,day_ahead_price,value,2026-09-10T00:56:43Z
2026-09-10T00:53:42Z,2026-09-10T02:53:42+0200,61f23d5e-010a-489b-a32d-dd4f05d29383,2026-09-07T02:30:00Z,2026-09-07T04:30:00+0200,150.73,EUR/MWh,DE,DE_LU,day_ahead_price,value,2026-09-10T00:56:43Z
2026-09-10T00:53:42Z,2026-09-10T02:53:42+0200,61f23d5e-010a-489b-a32d-dd4f05d29383,2026-09-07T02:45:00Z,2026-09-07T04:45:00+0200,159.61,EUR/MWh,DE,DE_LU,day_ahead_price,value,2026-09-10T00:56:43Z
2026-09-10T00:53:42Z,2026-09-10T02:53:42+0200,61f23d5e-010a-489b-a32d-dd4f05d29383,2026-09-07T03:00:00Z,2026-09-07T05:00:00+0200,154.8,EUR/MWh,DE,DE_LU,day_ahead_price,value,2026-09-10T00:56:43Z
2026-09-10T00:53:42Z,2026-09-10T02:53:42+0200,61f23d5e-010a-489b-a32d-dd4f05d29383,2026-09-07T03:15:00Z,2026-09-07T05:15:00+0200,165.06,EUR/MWh,DE,DE_LU,day_ahead_price,value,2026-09-10T00:56:43Z
2026-09-10T00:53:42Z,2026-09-10T02:53:42+0200,61f23d5e-010a-489b-a32d-dd4f05d29383,2026-09-07T03:30:00Z,2026-09-07T05:30:00+0200,178.47,EUR/MWh,DE,DE_LU,day_ahead_price,value,2026-09-10T00:56:43Z
2026-09-10T00:53:42Z,2026-09-10T02:53:42+0200,61f23d5e-010a-489b-a32d-dd4f05d29383,2026-09-07T03:45:00Z,2026-09-07T05:45:00+0200,193.15,EUR/MWh,DE,DE_LU,day_ahead_price,value,2026-09-10T00:56:43Z
2026-09-10T00:53:42Z,2026-09-10T02:53:42+0200,61f23d5e-010a-489b-a32d-dd4f05d29383,2026-09-07T04:00:00Z,2026-09-07T06:00:00+0200,194.31,EUR/MWh,DE,DE_LU,day_ahead_price,value,2026-09-10T00:56:43Z
2026-09-10T00:53:42Z,2026-09-10T02:53:42+0200,61f23d5e-010a-489b-a32d-dd4f05d29383,2026-09-07T04:15:00Z,2026-09-07T06:15:00+0200,205.99,EUR/MWh,DE,DE_LU,day_ahead_price,value,2026-09-10T00:56:43Z
2026-09-10T00:53:42Z,2026-09-10T02:53:42+0200,61f23d5e-010a-489b-a32d-dd4f05d29383,2026-09-07T04:30:00Z,2026-09-07T06:30:00+0200,211.67,EUR/MWh,DE,DE_LU,day_ahead_price,value,2026-09-10T00:56:43Z
2026-09-10T00:53:42Z,2026-09-10T02:53:42+0200,61f23d5e-010a-489b-a32d-dd4f05d29383,2026-09-07T04:45:00Z,2026-09-07T06:45:00+0200,217.93,EUR/MWh,DE,DE_LU,day_ahead_price,value,2026-09-10T00:56:43Z
2026-09-10T00:53:42Z,2026-09-10T02:53:42+0200,61f23d5e-010a-489b-a32d-dd4f05d29383,2026-09-07T05:00:00Z,2026-09-07T07:00:00+0200,220.52,EUR/MWh,DE,DE_LU,day_ahead_price,value,2026-09-10T00:56:43Z
2026-09-10T00:53:42Z,2026-09-10T02:53:42+0200,61f23d5e-010a-489b-a32d-dd4f05d29383,2026-09-07T05:15:00Z,2026-09-07T07:15:00+0200,224.05,EUR/MWh,DE,DE_LU,day_ahead_price,value,2026-09-10T00:56:43Z
2026-09-10T00:53:42Z,2026-09-10T02:53:42+0200,61f23d5e-010a-489b-a32d-dd4f05d29383,2026-09-07T05:30:00Z,2026-09-07T07:30:00+0200,222.12,EUR/MWh,DE,DE_LU,day_ahead_price,value,2026-09-10T00:56:43Z
2026-09-10T00:53:42Z,2026-09-10T02:53:42+0200,61f23d5e-010a-489b-a32d-dd4f05d29383,2026-09-07T05:45:00Z,2026-09-07T07:45:00+0200,214.76,EUR/MWh,DE,DE_LU,day_ahead_price,value,2026-09-10T00:56:43Z
2026-09-10T00:53:42Z,2026-09-10T02:53:42+0200,61f23d5e-010a-489b-a32d-dd4f05d29383,2026-09-07T06:00:00Z,2026-09-07T08:00:00+0200,230.04,EUR/MWh,DE,DE_LU,day_ahead_price,value,2026-09-10T00:56:43Z
2026-09-10T00:53:42Z,2026-09-10T02:53:42+0200,61f23d5e-010a-489b-a32d-dd4f05d29383,2026-09-07T06:15:00Z,2026-09-07T08:15:00+0200,219.95,EUR/MWh,DE,DE_LU,day_ahead_price,value,2026-09-10T00:56:43Z
2026-09-10T00:53:42Z,2026-09-10T02:53:42+0200,61f23d5e-010a-489b-a32d-dd4f05d29383,2026-09-07T06:30:00Z,2026-09-07T08:30:00+0200,206.24,EUR/MWh,DE,DE_LU,day_ahead_price,value,2026-09-10T00:56:43Z
2026-09-10T00:53:42Z,2026-09-10T02:53:42+0200,61f23d5e-010a-489b-a32d-dd4f05d29383,2026-09-07T06:45:00Z,2026-09-07T08:45:00+0200,193.0,EUR/MWh,DE,DE_LU,day_ahead_price,value,2026-09-10T00:56:43Z
2026-09-10T00:53:42Z,2026-09-10T02:53:42+0200,61f23d5e-010a-489b-a32d-dd4f05d29383,2026-09-07T07:00:00Z,2026-09-07T09:00:00+0200,208.65,EUR/MWh,DE,DE_LU,day_ahead_price,value,2026-09-10T00:56:43Z
2026-09-10T00:53:42Z,2026-09-10T02:53:42+0200,61f23d5e-010a-489b-a32d-dd4f05d29383,2026-09-07T07:15:00Z,2026-09-07T09:15:00+0200,198.7,EUR/MWh,DE,DE_LU,day_ahead_price,value,2026-09-10T00:56:43Z
2026-09-10T00:53:42Z,2026-09-10T02:53:42+0200,61f23d5e-010a-489b-a32d-dd4f05d29383,2026-09-07T07:30:00Z,2026-09-07T09:30:00+0200,164.63,EUR/MWh,DE,DE_LU,day_ahead_price,value,2026-09-10T00:56:43Z
2026-09-10T00:53:42Z,2026-09-10T02:53:42+0200,61f23d5e-010a-489b-a32d-dd4f05d29383,2026-09-07T07:45:00Z,2026-09-07T09:45:00+0200,149.2,EUR/MWh,DE,DE_LU,day_ahead_price,value,2026-09-10T00:56:43Z
2026-09-10T00:53:42Z,2026-09-10T02:53:42+0200,61f23d5e-010a-489b-a32d-dd4f05d29383,2026-09-07T08:00:00Z,2026-09-07T10:00:00+0200,161.55,EUR/MWh,DE,DE_LU,day_ahead_price,value,2026-09-10T00:56:43Z
2026-09-10T00:53:42Z,2026-09-10T02:53:42+0200,61f23d5e-010a-489b-a32d-dd4f05d29383,2026-09-07T08:15:00Z,2026-09-07T10:15:00+0200,152.78,EUR/MWh,DE,DE_LU,day_ahead_price,value,2026-09-10T00:56:43Z
2026-09-10T00:53:42Z,2026-09-10T02:53:42+0200,61f23d5e-010a-489b-a32d-dd4f05d29383,2026-09-07T08:30:00Z,2026-09-07T10:30:00+0200,141.4,EUR/MWh,DE,DE_LU,day_ahead_price,value,2026-09-10T00:56:43Z
2026-09-10T00:53:42Z,2026-09-10T02:53:42+0200,61f23d5e-010a-489b-a32d-dd4f05d29383,2026-09-07T08:45:00Z,2026-09-07T10:45:00+0200,124.35,EUR/MWh,DE,DE_LU,day_ahead_price,value,2026-09-10T00:56:43Z
2026-09-10T00:53:42Z,2026-09-10T02:53:42+0200,61f23d5e-010a-489b-a32d-dd4f05d29383,2026-09-07T09:00:00Z,2026-09-07T11:00:00+0200,144.03,EUR/MWh,DE,DE_LU,day_ahead_price,value,2026-09-10T00:56:43Z
2026-09-10T00:53:42Z,2026-09-10T02:53:42+0200,61f23d5e-010a-489b-a32d-dd4f05d29383,2026-09-07T09:15:00Z,2026-09-07T11:15:00+0200,125.66,EUR/MWh,DE,DE_LU,day_ahead_price,value,2026-09-10T00:56:43Z
2026-09-10T00:53:42Z,2026-09-10T02:53:42+0200,61f23d5e-010a-489b-a32d-dd4f05d29383,2026-09-07T09:30:00Z,2026-09-07T11:30:00+0200,109.08,EUR/MWh,DE,DE_LU,day_ahead_price,value,2026-09-10T00:56:43Z
2026-09-10T00:53:42Z,2026-09-10T02:53:42+0200,61f23d5e-010a-489b-a32d-dd4f05d29383,2026-09-07T09:45:00Z,2026-09-07T11:45:00+0200,101.34,EUR/MWh,DE,DE_LU,day_ahead_price,value,2026-09-10T00:56:43Z
2026-09-10T00:53:42Z,2026-09-10T02:53:42+0200,61f23d5e-010a-489b-a32d-dd4f05d29383,2026-09-07T10:00:00Z,2026-09-07T12:00:00+0200,107.13,EUR/MWh,DE,DE_LU,day_ahead_price,value,2026-09-10T00:56:43Z
2026-09-10T00:53:42Z,2026-09-10T02:53:42+0200,61f23d5e-010a-489b-a32d-dd4f05d29383,2026-09-07T10:15:00Z,2026-09-07T12:15:00+0200,93.86,EUR/MWh,DE,DE_LU,day_ahead_price,value,2026-09-10T00:56:43Z
2026-09-10T00:53:42Z,2026-09-10T02:53:42+0200,61f23d5e-010a-489b-a32d-dd4f05d29383,2026-09-07T10:30:00Z,2026-09-07T12:30:00+0200,67.51,EUR/MWh,DE,DE_LU,day_ahead_price,value,2026-09-10T00:56:43Z
2026-09-10T00:53:42Z,2026-09-10T02:53:42+0200,61f23d5e-010a-489b-a32d-dd4f05d29383,2026-09-07T10:45:00Z,2026-09-07T12:45:00+0200,50.01,EUR/MWh,DE,DE_LU,day_ahead_price,value,2026-09-10T00:56:43Z
2026-09-10T00:53:42Z,2026-09-10T02:53:42+0200,61f23d5e-010a-489b-a32d-dd4f05d29383,2026-09-07T11:00:00Z,2026-09-07T13:00:00+0200,60.42,EUR/MWh,DE,DE_LU,day_ahead_price,value,2026-09-10T00:56:43Z
2026-09-10T00:53:42Z,2026-09-10T02:53:42+0200,61f23d5e-010a-489b-a32d-dd4f05d29383,2026-09-07T11:15:00Z,2026-09-07T13:15:00+0200,44.21,EUR/MWh,DE,DE_LU,day_ahead_price,value,2026-09-10T00:56:43Z
2026-09-10T00:53:42Z,2026-09-10T02:53:42+0200,61f23d5e-010a-489b-a32d-dd4f05d29383,2026-09-07T11:30:00Z,2026-09-07T13:30:00+0200,37.27,EUR/MWh,DE,DE_LU,day_ahead_price,value,2026-09-10T00:56:43Z
2026-09-10T00:53:42Z,2026-09-10T02:53:42+0200,61f23d5e-010a-489b-a32d-dd4f05d29383,2026-09-07T11:45:00Z,2026-09-07T13:45:00+0200,24.63,EUR/MWh,DE,DE_LU,day_ahead_price,value,2026-09-10T00:56:43Z
2026-09-10T00:53:42Z,2026-09-10T02:53:42+0200,61f23d5e-010a-489b-a32d-dd4f05d29383,2026-09-07T12:00:00Z,2026-09-07T14:00:00+0200,30.59,EUR/MWh,DE,DE_LU,day_ahead_price,value,2026-09-10T00:56:43Z
2026-09-10T00:53:42Z,2026-09-10T02:53:42+0200,61f23d5e-010a-489b-a32d-dd4f05d29383,2026-09-07T12:15:00Z,2026-09-07T14:15:00+0200,30.73,EUR/MWh,DE,DE_LU,day_ahead_price,value,2026-09-10T00:56:43Z
2026-09-10T00:53:42Z,2026-09-10T02:53:42+0200,61f23d5e-010a-489b-a32d-dd4f05d29383,2026-09-07T12:30:00Z,2026-09-07T14:30:00+0200,30.75,EUR/MWh,DE,DE_LU,day_ahead_price,value,2026-09-10T00:56:43Z
2026-09-10T00:53:42Z,2026-09-10T02:53:42+0200,61f23d5e-010a-489b-a32d-dd4f05d29383,2026-09-07T12:45:00Z,2026-09-07T14:45:00+0200,34.44,EUR/MWh,DE,DE_LU,day_ahead_price,value,2026-09-10T00:56:43Z
2026-09-10T00:53:42Z,2026-09-10T02:53:42+0200,61f23d5e-010a-489b-a32d-dd4f05d29383,2026-09-07T13:00:00Z,2026-09-07T15:00:00+0200,38.93,EUR/MWh,DE,DE_LU,day_ahead_price,value,2026-09-10T00:56:43Z
2026-09-10T00:53:42Z,2026-09-10T02:53:42+0200,61f23d5e-010a-489b-a32d-dd4f05d29383,2026-09-07T13:15:00Z,2026-09-07T15:15:00+0200,54.02,EUR/MWh,DE,DE_LU,day_ahead_price,value,2026-09-10T00:56:43Z
2026-09-10T00:53:42Z,2026-09-10T02:53:42+0200,61f23d5e-010a-489b-a32d-dd4f05d29383,2026-09-07T13:30:00Z,2026-09-07T15:30:00+0200,75.15,EUR/MWh,DE,DE_LU,day_ahead_price,value,2026-09-10T00:56:43Z
2026-09-10T00:53:42Z,2026-09-10T02:53:42+0200,61f23d5e-010a-489b-a32d-dd4f05d29383,2026-09-07T13:45:00Z,2026-09-07T15:45:00+0200,84.5,EUR/MWh,DE,DE_LU,day_ahead_price,value,2026-09-10T00:56:43Z
2026-09-10T00:53:42Z,2026-09-10T02:53:42+0200,61f23d5e-010a-489b-a32d-dd4f05d29383,2026-09-07T14:00:00Z,2026-09-07T16:00:00+0200,58.54,EUR/MWh,DE,DE_LU,day_ahead_price,value,2026-09-10T00:56:43Z
2026-09-10T00:53:42Z,2026-09-10T02:53:42+0200,61f23d5e-010a-489b-a32d-dd4f05d29383,2026-09-07T14:15:00Z,2026-09-07T16:15:00+0200,91.77,EUR/MWh,DE,DE_LU,day_ahead_price,value,2026-09-10T00:56:43Z
2026-09-10T00:53:42Z,2026-09-10T02:53:42+0200,61f23d5e-010a-489b-a32d-dd4f05d29383,2026-09-07T14:30:00Z,2026-09-07T16:30:00+0200,126.18,EUR/MWh,DE,DE_LU,day_ahead_price,value,2026-09-10T00:56:43Z
2026-09-10T00:53:42Z,2026-09-10T02:53:42+0200,61f23d5e-010a-489b-a32d-dd4f05d29383,2026-09-07T14:45:00Z,2026-09-07T16:45:00+0200,155.9,EUR/MWh,DE,DE_LU,day_ahead_price,value,2026-09-10T00:56:43Z
2026-09-10T00:53:42Z,2026-09-10T02:53:42+0200,61f23d5e-010a-489b-a32d-dd4f05d29383,2026-09-07T15:00:00Z,2026-09-07T17:00:00+0200,115.17,EUR/MWh,DE,DE_LU,day_ahead_price,value,2026-09-10T00:56:43Z
2026-09-10T00:53:42Z,2026-09-10T02:53:42+0200,61f23d5e-010a-489b-a32d-dd4f05d29383,2026-09-07T15:15:00Z,2026-09-07T17:15:00+0200,148.22,EUR/MWh,DE,DE_LU,day_ahead_price,value,2026-09-10T00:56:43Z
2026-09-10T00:53:42Z,2026-09-10T02:53:42+0200,61f23d5e-010a-489b-a32d-dd4f05d29383,2026-09-07T15:30:00Z,2026-09-07T17:30:00+0200,171.0,EUR/MWh,DE,DE_LU,day_ahead_price,value,2026-09-10T00:56:43Z
2026-09-10T00:53:42Z,2026-09-10T02:53:42+0200,61f23d5e-010a-489b-a32d-dd4f05d29383,2026-09-07T15:45:00Z,2026-09-07T17:45:00+0200,211.79,EUR/MWh,DE,DE_LU,day_ahead_price,value,2026-09-10T00:56:43Z
2026-09-10T00:53:42Z,2026-09-10T02:53:42+0200,61f23d5e-010a-489b-a32d-dd4f05d29383,2026-09-07T16:00:00Z,2026-09-07T18:00:00+0200,174.05,EUR/MWh,DE,DE_LU,day_ahead_price,value,2026-09-10T00:56:43Z
2026-09-10T00:53:42Z,2026-09-10T02:53:42+0200,61f23d5e-010a-489b-a32d-dd4f05d29383,2026-09-07T16:15:00Z,2026-09-07T18:15:00+0200,192.26,EUR/MWh,DE,DE_LU,day_ahead_price,value,2026-09-10T00:56:43Z
2026-09-10T00:53:42Z,2026-09-10T02:53:42+0200,61f23d5e-010a-489b-a32d-dd4f05d29383,2026-09-07T16:30:00Z,2026-09-07T18:30:00+0200,206.0,EUR/MWh,DE,DE_LU,day_ahead_price,value,2026-09-10T00:56:43Z
2026-09-10T00:53:42Z,2026-09-10T02:53:42+0200,61f23d5e-010a-489b-a32d-dd4f05d29383,2026-09-07T16:45:00Z,2026-09-07T18:45:00+0200,252.97,EUR/MWh,DE,DE_LU,day_ahead_price,value,2026-09-10T00:56:43Z
2026-09-10T00:53:42Z,2026-09-10T02:53:42+0200,61f23d5e-010a-489b-a32d-dd4f05d29383,2026-09-07T17:00:00Z,2026-09-07T19:00:00+0200,221.99,EUR/MWh,DE,DE_LU,day_ahead_price,value,2026-09-10T00:56:43Z
2026-09-10T00:53:42Z,2026-09-10T02:53:42+0200,61f23d5e-010a-489b-a32d-dd4f05d29383,2026-09-07T17:15:00Z,2026-09-07T19:15:00+0200,236.38,EUR/MWh,DE,DE_LU,day_ahead_price,value,2026-09-10T00:56:43Z
2026-09-10T00:53:42Z,2026-09-10T02:53:42+0200,61f23d5e-010a-489b-a32d-dd4f05d29383,2026-09-07T17:30:00Z,2026-09-07T19:30:00+0200,253.66,EUR/MWh,DE,DE_LU,day_ahead_price,value,2026-09-10T00:56:43Z
2026-09-10T00:53:42Z,2026-09-10T02:53:42+0200,61f23d5e-010a-489b-a32d-dd4f05d29383,2026-09-07T17:45:00Z,2026-09-07T19:45:00+0200,248.16,EUR/MWh,DE,DE_LU,day_ahead_price,value,2026-09-10T00:56:43Z
2026-09-10T00:53:42Z,2026-09-10T02:53:42+0200,61f23d5e-010a-489b-a32d-dd4f05d29383,2026-09-07T18:00:00Z,2026-09-07T20:00:00+0200,229.04,EUR/MWh,DE,DE_LU,day_ahead_price,value,2026-09-10T00:56:43Z
2026-09-10T00:53:42Z,2026-09-10T02:53:42+0200,61f23d5e-010a-489b-a32d-dd4f05d29383,2026-09-07T18:15:00Z,2026-09-07T20:15:00+0200,235.0,EUR/MWh,DE,DE_LU,day_ahead_price,value,2026-09-10T00:56:43Z
2026-09-10T00:53:42Z,2026-09-10T02:53:42+0200,61f23d5e-010a-489b-a32d-dd4f05d29383,2026-09-07T18:30:00Z,2026-09-07T20:30:00+0200,240.58,EUR/MWh,DE,DE_LU,day_ahead_price,value,2026-09-10T00:56:43Z
2026-09-10T00:53:42Z,2026-09-10T02:53:42+0200,61f23d5e-010a-489b-a32d-dd4f05d29383,2026-09-07T18:45:00Z,2026-09-07T20:45:00+0200,227.45,EUR/MWh,DE,DE_LU,day_ahead_price,value,2026-09-10T00:56:43Z
2026-09-10T00:53:42Z,2026-09-10T02:53:42+0200,61f23d5e-010a-489b-a32d-dd4f05d29383,2026-09-07T19:00:00Z,2026-09-07T21:00:00+0200,234.07,EUR/MWh,DE,DE_LU,day_ahead_price,value,2026-09-10T00:56:43Z
2026-09-10T00:53:42Z,2026-09-10T02:53:42+0200,61f23d5e-010a-489b-a32d-dd4f05d29383,2026-09-07T19:15:00Z,2026-09-07T21:15:00+0200,207.99,EUR/MWh,DE,DE_LU,day_ahead_price,value,2026-09-10T00:56:43Z
2026-09-10T00:53:42Z,2026-09-10T02:53:42+0200,61f23d5e-010a-489b-a32d-dd4f05d29383,2026-09-07T19:30:00Z,2026-09-07T21:30:00+0200,198.52,EUR/MWh,DE,DE_LU,day_ahead_price,value,2026-09-10T00:56:43Z
2026-09-10T00:53:42Z,2026-09-10T02:53:42+0200,61f23d5e-010a-489b-a32d-dd4f05d29383,2026-09-07T19:45:00Z,2026-09-07T21:45:00+0200,180.07,EUR/MWh,DE,DE_LU,day_ahead_price,value,2026-09-10T00:56:43Z
2026-09-10T00:53:42Z,2026-09-10T02:53:42+0200,61f23d5e-010a-489b-a32d-dd4f05d29383,2026-09-07T20:00:00Z,2026-09-07T22:00:00+0200,194.52,EUR/MWh,DE,DE_LU,day_ahead_price,value,2026-09-10T00:56:43Z
2026-09-10T00:53:42Z,2026-09-10T02:53:42+0200,61f23d5e-010a-489b-a32d-dd4f05d29383,2026-09-07T20:15:00Z,2026-09-07T22:15:00+0200,188.36,EUR/MWh,DE,DE_LU,day_ahead_price,value,2026-09-10T00:56:43Z
2026-09-10T00:53:42Z,2026-09-10T02:53:42+0200,61f23d5e-010a-489b-a32d-dd4f05d29383,2026-09-07T20:30:00Z,2026-09-07T22:30:00+0200,185.58,EUR/MWh,DE,DE_LU,day_ahead_price,value,2026-09-10T00:56:43Z
2026-09-10T00:53:42Z,2026-09-10T02:53:42+0200,61f23d5e-010a-489b-a32d-dd4f05d29383,2026-09-07T20:45:00Z,2026-09-07T22:45:00+0200,180.0,EUR/MWh,DE,DE_LU,day_ahead_price,value,2026-09-10T00:56:43Z
2026-09-10T00:53:42Z,2026-09-10T02:53:42+0200,61f23d5e-010a-489b-a32d-dd4f05d29383,2026-09-07T21:00:00Z,2026-09-07T23:00:00+0200,179.98,EUR/MWh,DE,DE_LU,day_ahead_price,value,2026-09-10T00:56:43Z
2026-09-10T00:53:42Z,2026-09-10T02:53:42+0200,61f23d5e-010a-489b-a32d-dd4f05d29383,2026-09-07T21:15:00Z,2026-09-07T23:15:00+0200,171.79,EUR/MWh,DE,DE_LU,day_ahead_price,value,2026-09-10T00:56:43Z
2026-09-10T00:53:42Z,2026-09-10T02:53:42+0200,61f23d5e-010a-489b-a32d-dd4f05d29383,2026-09-07T21:30:00Z,2026-09-07T23:30:00+0200,169.45,EUR/MWh,DE,DE_LU,day_ahead_price,value,2026-09-10T00:56:43Z
2026-09-10T00:53:42Z,2026-09-10T02:53:42+0200,61f23d5e-010a-489b-a32d-dd4f05d29383,2026-09-07T21:45:00Z,2026-09-07T23:45:00+0200,161.59,EUR/MWh,DE,DE_LU,day_ahead_price,value,2026-09-10T00:56:43Z
2026-09-10T00:53:42Z,2026-09-10T02:53:42+0200,61f23d5e-010a-489b-a32d-dd4f05d29383,2026-09-07T22:00:00Z,2026-09-08T00:00:00+0200,205.99,EUR/MWh,DE,DE_LU,day_ahead_price,value,2026-09-10T00:56:43Z
2026-09-10T00:53:42Z,2026-09-10T02:53:42+0200,61f23d5e-010a-489b-a32d-dd4f05d29383,2026-09-07T22:15:00Z,2026-09-08T00:15:00+0200,176.28,EUR/MWh,DE,DE_LU,day_ahead_price,value,2026-09-10T00:56:43Z
2026-09-10T00:53:42Z,2026-09-10T02:53:42+0200,61f23d5e-010a-489b-a32d-dd4f05d29383,2026-09-07T22:30:00Z,2026-09-08T00:30:00+0200,167.94,EUR/MWh,DE,DE_LU,day_ahead_price,value,2026-09-10T00:56:43Z
2026-09-10T00:53:42Z,2026-09-10T02:53:42+0200,61f23d5e-010a-489b-a32d-dd4f05d29383,2026-09-07T22:45:00Z,2026-09-08T00:45:00+0200,164.51,EUR/MWh,DE,DE_LU,day_ahead_price,value,2026-09-10T00:56:43Z
2026-09-10T00:53:42Z,2026-09-10T02:53:42+0200,61f23d5e-010a-489b-a32d-dd4f05d29383,2026-09-07T23:00:00Z,2026-09-08T01:00:00+0200,175.18,EUR/MWh,DE,DE_LU,day_ahead_price,value,2026-09-10T00:56:43Z
2026-09-10T00:53:42Z,2026-09-10T02:53:42+0200,61f23d5e-010a-489b-a32d-dd4f05d29383,2026-09-07T23:15:00Z,2026-09-08T01:15:00+0200,168.04,EUR/MWh,DE,DE_LU,day_ahead_price,value,2026-09-10T00:56:43Z
2026-09-10T00:53:42Z,2026-09-10T02:53:42+0200,61f23d5e-010a-489b-a32d-dd4f05d29383,2026-09-07T23:30:00Z,2026-09-08T01:30:00+0200,166.24,EUR/MWh,DE,DE_LU,day_ahead_price,value,2026-09-10T00:56:43Z
2026-09-10T00:53:42Z,2026-09-10T02:53:42+0200,61f23d5e-010a-489b-a32d-dd4f05d29383,2026-09-07T23:45:00Z,2026-09-08T01:45:00+0200,160.31,EUR/MWh,DE,DE_LU,day_ahead_price,value,2026-09-10T00:56:43Z
2026-09-10T00:53:42Z,2026-09-10T02:53:42+0200,61f23d5e-010a-489b-a32d-dd4f05d29383,2026-09-08T00:00:00Z,2026-09-08T02:00:00+0200,157.19,EUR/MWh,DE,DE_LU,day_ahead_price,value,2026-09-10T00:56:43Z
2026-09-10T00:53:42Z,2026-09-10T02:53:42+0200,61f23d5e-010a-489b-a32d-dd4f05d29383,2026-09-08T00:15:00Z,2026-09-08T02:15:00+0200,154.88,EUR/MWh,DE,DE_LU,day_ahead_price,value,2026-09-10T00:56:43Z
2026-09-10T00:53:42Z,2026-09-10T02:53:42+0200,61f23d5e-010a-489b-a32d-dd4f05d29383,2026-09-08T00:30:00Z,2026-09-08T02:30:00+0200,155.48,EUR/MWh,DE,DE_LU,day_ahead_price,value,2026-09-10T00:56:43Z
2026-09-10T00:53:42Z,2026-09-10T02:53:42+0200,61f23d5e-010a-489b-a32d-dd4f05d29383,2026-09-08T00:45:00Z,2026-09-08T02:45:00+0200,155.34,EUR/MWh,DE,DE_LU,day_ahead_price,value,2026-09-10T00:56:43Z
2026-09-10T00:53:42Z,2026-09-10T02:53:42+0200,61f23d5e-010a-489b-a32d-dd4f05d29383,2026-09-08T01:00:00Z,2026-09-08T03:00:00+0200,151.3,EUR/MWh,DE,DE_LU,day_ahead_price,value,2026-09-10T00:56:43Z
2026-09-10T00:53:42Z,2026-09-10T02:53:42+0200,61f23d5e-010a-489b-a32d-dd4f05d29383,2026-09-08T01:15:00Z,2026-09-08T03:15:00+0200,153.05,EUR/MWh,DE,DE_LU,day_ahead_price,value,2026-09-10T00:56:43Z
2026-09-10T00:53:42Z,2026-09-10T02:53:42+0200,61f23d5e-010a-489b-a32d-dd4f05d29383,2026-09-08T01:30:00Z,2026-09-08T03:30:00+0200,152.59,EUR/MWh,DE,DE_LU,day_ahead_price,value,2026-09-10T00:56:43Z
2026-09-10T00:53:42Z,2026-09-10T02:53:42+0200,61f23d5e-010a-489b-a32d-dd4f05d29383,2026-09-08T01:45:00Z,2026-09-08T03:45:00+0200,152.77,EUR/MWh,DE,DE_LU,day_ahead_price,value,2026-09-10T00:56:43Z
2026-09-10T00:53:42Z,2026-09-10T02:53:42+0200,61f23d5e-010a-489b-a32d-dd4f05d29383,2026-09-08T02:00:00Z,2026-09-08T04:00:00+0200,151.47,EUR/MWh,DE,DE_LU,day_ahead_price,value,2026-09-10T00:56:43Z
2026-09-10T00:53:42Z,2026-09-10T02:53:42+0200,61f23d5e-010a-489b-a32d-dd4f05d29383,2026-09-08T02:15:00Z,2026-09-08T04:15:00+0200,152.27,EUR/MWh,DE,DE_LU,day_ahead_price,value,2026-09-10T00:56:43Z
2026-09-10T00:53:42Z,2026-09-10T02:53:42+0200,61f23d5e-010a-489b-a32d-dd4f05d29383,2026-09-08T02:30:00Z,2026-09-08T04:30:00+0200,153.16,EUR/MWh,DE,DE_LU,day_ahead_price,value,2026-09-10T00:56:43Z
2026-09-10T00:53:42Z,2026-09-10T02:53:42+0200,61f23d5e-010a-489b-a32d-dd4f05d29383,2026-09-08T02:45:00Z,2026-09-08T04:45:00+0200,151.0,EUR/MWh,DE,DE_LU,day_ahead_price,value,2026-09-10T00:56:43Z
2026-09-10T00:53:42Z,2026-09-10T02:53:42+0200,61f23d5e-010a-489b-a32d-dd4f05d29383,2026-09-08T03:00:00Z,2026-09-08T05:00:00+0200,154.02,EUR/MWh,DE,DE_LU,day_ahead_price,value,2026-09-10T00:56:43Z
2026-09-10T00:53:42Z,2026-09-10T02:53:42+0200,61f23d5e-010a-489b-a32d-dd4f05d29383,2026-09-08T03:15:00Z,2026-09-08T05:15:00+0200,158.86,EUR/MWh,DE,DE_LU,day_ahead_price,value,2026-09-10T00:56:43Z
2026-09-10T00:53:42Z,2026-09-10T02:53:42+0200,61f23d5e-010a-489b-a32d-dd4f05d29383,2026-09-08T03:30:00Z,2026-09-08T05:30:00+0200,168.81,EUR/MWh,DE,DE_LU,day_ahead_price,value,2026-09-10T00:56:43Z
2026-09-10T00:53:42Z,2026-09-10T02:53:42+0200,61f23d5e-010a-489b-a32d-dd4f05d29383,2026-09-08T03:45:00Z,2026-09-08T05:45:00+0200,187.82,EUR/MWh,DE,DE_LU,day_ahead_price,value,2026-09-10T00:56:43Z
2026-09-10T00:53:42Z,2026-09-10T02:53:42+0200,61f23d5e-010a-489b-a32d-dd4f05d29383,2026-09-08T04:00:00Z,2026-09-08T06:00:00+0200,186.85,EUR/MWh,DE,DE_LU,day_ahead_price,value,2026-09-10T00:56:43Z
2026-09-10T00:53:42Z,2026-09-10T02:53:42+0200,61f23d5e-010a-489b-a32d-dd4f05d29383,2026-09-08T04:15:00Z,2026-09-08T06:15:00+0200,202.8,EUR/MWh,DE,DE_LU,day_ahead_price,value,2026-09-10T00:56:43Z
2026-09-10T00:53:42Z,2026-09-10T02:53:42+0200,61f23d5e-010a-489b-a32d-dd4f05d29383,2026-09-08T04:30:00Z,2026-09-08T06:30:00+0200,210.0,EUR/MWh,DE,DE_LU,day_ahead_price,value,2026-09-10T00:56:43Z
2026-09-10T00:53:42Z,2026-09-10T02:53:42+0200,61f23d5e-010a-489b-a32d-dd4f05d29383,2026-09-08T04:45:00Z,2026-09-08T06:45:00+0200,212.51,EUR/MWh,DE,DE_LU,day_ahead_price,value,2026-09-10T00:56:43Z
2026-09-10T00:53:42Z,2026-09-10T02:53:42+0200,61f23d5e-010a-489b-a32d-dd4f05d29383,2026-09-08T05:00:00Z,2026-09-08T07:00:00+0200,244.43,EUR/MWh,DE,DE_LU,day_ahead_price,value,2026-09-10T00:56:43Z
2026-09-10T00:53:42Z,2026-09-10T02:53:42+0200,61f23d5e-010a-489b-a32d-dd4f05d29383,2026-09-08T05:15:00Z,2026-09-08T07:15:00+0200,228.33,EUR/MWh,DE,DE_LU,day_ahead_price,value,2026-09-10T00:56:43Z
2026-09-10T00:53:42Z,2026-09-10T02:53:42+0200,61f23d5e-010a-489b-a32d-dd4f05d29383,2026-09-08T05:30:00Z,2026-09-08T07:30:00+0200,216.47,EUR/MWh,DE,DE_LU,day_ahead_price,value,2026-09-10T00:56:43Z
2026-09-10T00:53:42Z,2026-09-10T02:53:42+0200,61f23d5e-010a-489b-a32d-dd4f05d29383,2026-09-08T05:45:00Z,2026-09-08T07:45:00+0200,212.47,EUR/MWh,DE,DE_LU,day_ahead_price,value,2026-09-10T00:56:43Z
2026-09-10T00:53:42Z,2026-09-10T02:53:42+0200,61f23d5e-010a-489b-a32d-dd4f05d29383,2026-09-08T06:00:00Z,2026-09-08T08:00:00+0200,230.01,EUR/MWh,DE,DE_LU,day_ahead_price,value,2026-09-10T00:56:43Z
2026-09-10T00:53:42Z,2026-09-10T02:53:42+0200,61f23d5e-010a-489b-a32d-dd4f05d29383,2026-09-08T06:15:00Z,2026-09-08T08:15:00+0200,215.61,EUR/MWh,DE,DE_LU,day_ahead_price,value,2026-09-10T00:56:43Z
2026-09-10T00:53:42Z,2026-09-10T02:53:42+0200,61f23d5e-010a-489b-a32d-dd4f05d29383,2026-09-08T06:30:00Z,2026-09-08T08:30:00+0200,199.98,EUR/MWh,DE,DE_LU,day_ahead_price,value,2026-09-10T00:56:43Z
2026-09-10T00:53:42Z,2026-09-10T02:53:42+0200,61f23d5e-010a-489b-a32d-dd4f05d29383,2026-09-08T06:45:00Z,2026-09-08T08:45:00+0200,157.34,EUR/MWh,DE,DE_LU,day_ahead_price,value,2026-09-10T00:56:43Z
2026-09-10T00:53:42Z,2026-09-10T02:53:42+0200,61f23d5e-010a-489b-a32d-dd4f05d29383,2026-09-08T07:00:00Z,2026-09-08T09:00:00+0200,199.88,EUR/MWh,DE,DE_LU,day_ahead_price,value,2026-09-10T00:56:43Z
2026-09-10T00:53:42Z,2026-09-10T02:53:42+0200,61f23d5e-010a-489b-a32d-dd4f05d29383,2026-09-08T07:15:00Z,2026-09-08T09:15:00+0200,167.36,EUR/MWh,DE,DE_LU,day_ahead_price,value,2026-09-10T00:56:43Z
2026-09-10T00:53:42Z,2026-09-10T02:53:42+0200,61f23d5e-010a-489b-a32d-dd4f05d29383,2026-09-08T07:30:00Z,2026-09-08T09:30:00+0200,138.54,EUR/MWh,DE,DE_LU,day_ahead_price,value,2026-09-10T00:56:43Z
2026-09-10T00:53:42Z,2026-09-10T02:53:42+0200,61f23d5e-010a-489b-a32d-dd4f05d29383,2026-09-08T07:45:00Z,2026-09-08T09:45:00+0200,105.14,EUR/MWh,DE,DE_LU,day_ahead_price,value,2026-09-10T00:56:43Z
2026-09-10T00:53:42Z,2026-09-10T02:53:42+0200,61f23d5e-010a-489b-a32d-dd4f05d29383,2026-09-08T08:00:00Z,2026-09-08T10:00:00+0200,149.48,EUR/MWh,DE,DE_LU,day_ahead_price,value,2026-09-10T00:56:43Z
2026-09-10T00:53:42Z,2026-09-10T02:53:42+0200,61f23d5e-010a-489b-a32d-dd4f05d29383,2026-09-08T08:15:00Z,2026-09-08T10:15:00+0200,129.98,EUR/MWh,DE,DE_LU,day_ahead_price,value,2026-09-10T00:56:43Z
2026-09-10T00:53:42Z,2026-09-10T02:53:42+0200,61f23d5e-010a-489b-a32d-dd4f05d29383,2026-09-08T08:30:00Z,2026-09-08T10:30:00+0200,99.48,EUR/MWh,DE,DE_LU,day_ahead_price,value,2026-09-10T00:56:43Z
2026-09-10T00:53:42Z,2026-09-10T02:53:42+0200,61f23d5e-010a-489b-a32d-dd4f05d29383,2026-09-08T08:45:00Z,2026-09-08T10:45:00+0200,50.0,EUR/MWh,DE,DE_LU,day_ahead_price,value,2026-09-10T00:56:43Z
2026-09-10T00:53:42Z,2026-09-10T02:53:42+0200,61f23d5e-010a-489b-a32d-dd4f05d29383,2026-09-08T09:00:00Z,2026-09-08T11:00:00+0200,95.44,EUR/MWh,DE,DE_LU,day_ahead_price,value,2026-09-10T00:56:43Z
2026-09-10T00:53:42Z,2026-09-10T02:53:42+0200,61f23d5e-010a-489b-a32d-dd4f05d29383,2026-09-08T09:15:00Z,2026-09-08T11:15:00+0200,67.56,EUR/MWh,DE,DE_LU,day_ahead_price,value,2026-09-10T00:56:43Z
2026-09-10T00:53:42Z,2026-09-10T02:53:42+0200,61f23d5e-010a-489b-a32d-dd4f05d29383,2026-09-08T09:30:00Z,2026-09-08T11:30:00+0200,44.59,EUR/MWh,DE,DE_LU,day_ahead_price,value,2026-09-10T00:56:43Z
2026-09-10T00:53:42Z,2026-09-10T02:53:42+0200,61f23d5e-010a-489b-a32d-dd4f05d29383,2026-09-08T09:45:00Z,2026-09-08T11:45:00+0200,21.36,EUR/MWh,DE,DE_LU,day_ahead_price,value,2026-09-10T00:56:43Z
2026-09-10T00:53:42Z,2026-09-10T02:53:42+0200,61f23d5e-010a-489b-a32d-dd4f05d29383,2026-09-08T10:00:00Z,2026-09-08T12:00:00+0200,30.0,EUR/MWh,DE,DE_LU,day_ahead_price,value,2026-09-10T00:56:43Z
2026-09-10T00:53:42Z,2026-09-10T02:53:42+0200,61f23d5e-010a-489b-a32d-dd4f05d29383,2026-09-08T10:15:00Z,2026-09-08T12:15:00+0200,23.19,EUR/MWh,DE,DE_LU,day_ahead_price,value,2026-09-10T00:56:43Z
2026-09-10T00:53:42Z,2026-09-10T02:53:42+0200,61f23d5e-010a-489b-a32d-dd4f05d29383,2026-09-08T10:30:00Z,2026-09-08T12:30:00+0200,10.06,EUR/MWh,DE,DE_LU,day_ahead_price,value,2026-09-10T00:56:43Z
2026-09-10T00:53:42Z,2026-09-10T02:53:42+0200,61f23d5e-010a-489b-a32d-dd4f05d29383,2026-09-08T10:45:00Z,2026-09-08T12:45:00+0200,3.95,EUR/MWh,DE,DE_LU,day_ahead_price,value,2026-09-10T00:56:43Z
2026-09-10T00:53:42Z,2026-09-10T02:53:42+0200,61f23d5e-010a-489b-a32d-dd4f05d29383,2026-09-08T11:00:00Z,2026-09-08T13:00:00+0200,7.82,EUR/MWh,DE,DE_LU,day_ahead_price,value,2026-09-10T00:56:43Z
2026-09-10T00:53:42Z,2026-09-10T02:53:42+0200,61f23d5e-010a-489b-a32d-dd4f05d29383,2026-09-08T11:15:00Z,2026-09-08T13:15:00+0200,0.09,EUR/MWh,DE,DE_LU,day_ahead_price,value,2026-09-10T00:56:43Z
2026-09-10T00:53:42Z,2026-09-10T02:53:42+0200,61f23d5e-010a-489b-a32d-dd4f05d29383,2026-09-08T11:30:00Z,2026-09-08T13:30:00+0200,0.02,EUR/MWh,DE,DE_LU,day_ahead_price,value,2026-09-10T00:56:43Z
2026-09-10T00:53:42Z,2026-09-10T02:53:42+0200,61f23d5e-010a-489b-a32d-dd4f05d29383,2026-09-08T11:45:00Z,2026-09-08T13:45:00+0200,0.01,EUR/MWh,DE,DE_LU,day_ahead_price,value,2026-09-10T00:56:43Z
2026-09-10T00:53:42Z,2026-09-10T02:53:42+0200,61f23d5e-010a-489b-a32d-dd4f05d29383,2026-09-08T12:00:00Z,2026-09-08T14:00:00+0200,0.01,EUR/MWh,DE,DE_LU,day_ahead_price,value,2026-09-10T00:56:43Z
2026-09-10T00:53:42Z,2026-09-10T02:53:42+0200,61f23d5e-010a-489b-a32d-dd4f05d29383,2026-09-08T12:15:00Z,2026-09-08T14:15:00+0200,0.01,EUR/MWh,DE,DE_LU,day_ahead_price,value,2026-09-10T00:56:43Z
2026-09-10T00:53:42Z,2026-09-10T02:53:42+0200,61f23d5e-010a-489b-a32d-dd4f05d29383,2026-09-08T12:30:00Z,2026-09-08T14:30:00+0200,0.03,EUR/MWh,DE,DE_LU,day_ahead_price,value,2026-09-10T00:56:43Z
2026-09-10T00:53:42Z,2026-09-10T02:53:42+0200,61f23d5e-010a-489b-a32d-dd4f05d29383,2026-09-08T12:45:00Z,2026-09-08T14:45:00+0200,6.53,EUR/MWh,DE,DE_LU,day_ahead_price,value,2026-09-10T00:56:43Z
2026-09-10T00:53:42Z,2026-09-10T02:53:42+0200,61f23d5e-010a-489b-a32d-dd4f05d29383,2026-09-08T13:00:00Z,2026-09-08T15:00:00+0200,14.97,EUR/MWh,DE,DE_LU,day_ahead_price,value,2026-09-10T00:56:43Z
2026-09-10T00:53:42Z,2026-09-10T02:53:42+0200,61f23d5e-010a-489b-a32d-dd4f05d29383,2026-09-08T13:15:00Z,2026-09-08T15:15:00+0200,32.28,EUR/MWh,DE,DE_LU,day_ahead_price,value,2026-09-10T00:56:43Z
2026-09-10T00:53:42Z,2026-09-10T02:53:42+0200,61f23d5e-010a-489b-a32d-dd4f05d29383,2026-09-08T13:30:00Z,2026-09-08T15:30:00+0200,66.02,EUR/MWh,DE,DE_LU,day_ahead_price,value,2026-09-10T00:56:43Z
2026-09-10T00:53:42Z,2026-09-10T02:53:42+0200,61f23d5e-010a-489b-a32d-dd4f05d29383,2026-09-08T13:45:00Z,2026-09-08T15:45:00+0200,81.26,EUR/MWh,DE,DE_LU,day_ahead_price,value,2026-09-10T00:56:43Z
2026-09-10T00:53:42Z,2026-09-10T02:53:42+0200,61f23d5e-010a-489b-a32d-dd4f05d29383,2026-09-08T14:00:00Z,2026-09-08T16:00:00+0200,15.43,EUR/MWh,DE,DE_LU,day_ahead_price,value,2026-09-10T00:56:43Z
2026-09-10T00:53:42Z,2026-09-10T02:53:42+0200,61f23d5e-010a-489b-a32d-dd4f05d29383,2026-09-08T14:15:00Z,2026-09-08T16:15:00+0200,50.0,EUR/MWh,DE,DE_LU,day_ahead_price,value,2026-09-10T00:56:43Z
2026-09-10T00:53:42Z,2026-09-10T02:53:42+0200,61f23d5e-010a-489b-a32d-dd4f05d29383,2026-09-08T14:30:00Z,2026-09-08T16:30:00+0200,109.27,EUR/MWh,DE,DE_LU,day_ahead_price,value,2026-09-10T00:56:43Z
2026-09-10T00:53:42Z,2026-09-10T02:53:42+0200,61f23d5e-010a-489b-a32d-dd4f05d29383,2026-09-08T14:45:00Z,2026-09-08T16:45:00+0200,139.8,EUR/MWh,DE,DE_LU,day_ahead_price,value,2026-09-10T00:56:43Z
2026-09-10T00:53:42Z,2026-09-10T02:53:42+0200,61f23d5e-010a-489b-a32d-dd4f05d29383,2026-09-08T15:00:00Z,2026-09-08T17:00:00+0200,110.2,EUR/MWh,DE,DE_LU,day_ahead_price,value,2026-09-10T00:56:43Z
2026-09-10T00:53:42Z,2026-09-10T02:53:42+0200,61f23d5e-010a-489b-a32d-dd4f05d29383,2026-09-08T15:15:00Z,2026-09-08T17:15:00+0200,144.49,EUR/MWh,DE,DE_LU,day_ahead_price,value,2026-09-10T00:56:43Z
2026-09-10T00:53:42Z,2026-09-10T02:53:42+0200,61f23d5e-010a-489b-a32d-dd4f05d29383,2026-09-08T15:30:00Z,2026-09-08T17:30:00+0200,171.67,EUR/MWh,DE,DE_LU,day_ahead_price,value,2026-09-10T00:56:43Z
2026-09-10T00:53:42Z,2026-09-10T02:53:42+0200,61f23d5e-010a-489b-a32d-dd4f05d29383,2026-09-08T15:45:00Z,2026-09-08T17:45:00+0200,210.11,EUR/MWh,DE,DE_LU,day_ahead_price,value,2026-09-10T00:56:43Z
2026-09-10T00:53:42Z,2026-09-10T02:53:42+0200,61f23d5e-010a-489b-a32d-dd4f05d29383,2026-09-08T16:00:00Z,2026-09-08T18:00:00+0200,157.42,EUR/MWh,DE,DE_LU,day_ahead_price,value,2026-09-10T00:56:43Z
2026-09-10T00:53:42Z,2026-09-10T02:53:42+0200,61f23d5e-010a-489b-a32d-dd4f05d29383,2026-09-08T16:15:00Z,2026-09-08T18:15:00+0200,199.94,EUR/MWh,DE,DE_LU,day_ahead_price,value,2026-09-10T00:56:43Z
2026-09-10T00:53:42Z,2026-09-10T02:53:42+0200,61f23d5e-010a-489b-a32d-dd4f05d29383,2026-09-08T16:30:00Z,2026-09-08T18:30:00+0200,209.0,EUR/MWh,DE,DE_LU,day_ahead_price,value,2026-09-10T00:56:43Z
2026-09-10T00:53:42Z,2026-09-10T02:53:42+0200,61f23d5e-010a-489b-a32d-dd4f05d29383,2026-09-08T16:45:00Z,2026-09-08T18:45:00+0200,235.96,EUR/MWh,DE,DE_LU,day_ahead_price,value,2026-09-10T00:56:43Z
2026-09-10T00:53:42Z,2026-09-10T02:53:42+0200,61f23d5e-010a-489b-a32d-dd4f05d29383,2026-09-08T17:00:00Z,2026-09-08T19:00:00+0200,213.0,EUR/MWh,DE,DE_LU,day_ahead_price,value,2026-09-10T00:56:43Z
2026-09-10T00:53:42Z,2026-09-10T02:53:42+0200,61f23d5e-010a-489b-a32d-dd4f05d29383,2026-09-08T17:15:00Z,2026-09-08T19:15:00+0200,229.32,EUR/MWh,DE,DE_LU,day_ahead_price,value,2026-09-10T00:56:43Z
2026-09-10T00:53:42Z,2026-09-10T02:53:42+0200,61f23d5e-010a-489b-a32d-dd4f05d29383,2026-09-08T17:30:00Z,2026-09-08T19:30:00+0200,254.26,EUR/MWh,DE,DE_LU,day_ahead_price,value,2026-09-10T00:56:43Z
2026-09-10T00:53:42Z,2026-09-10T02:53:42+0200,61f23d5e-010a-489b-a32d-dd4f05d29383,2026-09-08T17:45:00Z,2026-09-08T19:45:00+0200,266.45,EUR/MWh,DE,DE_LU,day_ahead_price,value,2026-09-10T00:56:43Z
2026-09-10T00:53:42Z,2026-09-10T02:53:42+0200,61f23d5e-010a-489b-a32d-dd4f05d29383,2026-09-08T18:00:00Z,2026-09-08T20:00:00+0200,271.63,EUR/MWh,DE,DE_LU,day_ahead_price,value,2026-09-10T00:56:43Z
2026-09-10T00:53:42Z,2026-09-10T02:53:42+0200,61f23d5e-010a-489b-a32d-dd4f05d29383,2026-09-08T18:15:00Z,2026-09-08T20:15:00+0200,266.83,EUR/MWh,DE,DE_LU,day_ahead_price,value,2026-09-10T00:56:43Z
2026-09-10T00:53:42Z,2026-09-10T02:53:42+0200,61f23d5e-010a-489b-a32d-dd4f05d29383,2026-09-08T18:30:00Z,2026-09-08T20:30:00+0200,255.57,EUR/MWh,DE,DE_LU,day_ahead_price,value,2026-09-10T00:56:43Z
2026-09-10T00:53:42Z,2026-09-10T02:53:42+0200,61f23d5e-010a-489b-a32d-dd4f05d29383,2026-09-08T18:45:00Z,2026-09-08T20:45:00+0200,235.31,EUR/MWh,DE,DE_LU,day_ahead_price,value,2026-09-10T00:56:43Z
2026-09-10T00:53:42Z,2026-09-10T02:53:42+0200,61f23d5e-010a-489b-a32d-dd4f05d29383,2026-09-08T19:00:00Z,2026-09-08T21:00:00+0200,245.31,EUR/MWh,DE,DE_LU,day_ahead_price,value,2026-09-10T00:56:43Z
2026-09-10T00:53:42Z,2026-09-10T02:53:42+0200,61f23d5e-010a-489b-a32d-dd4f05d29383,2026-09-08T19:15:00Z,2026-09-08T21:15:00+0200,221.84,EUR/MWh,DE,DE_LU,day_ahead_price,value,2026-09-10T00:56:43Z
2026-09-10T00:53:42Z,2026-09-10T02:53:42+0200,61f23d5e-010a-489b-a32d-dd4f05d29383,2026-09-08T19:30:00Z,2026-09-08T21:30:00+0200,211.61,EUR/MWh,DE,DE_LU,day_ahead_price,value,2026-09-10T00:56:43Z
2026-09-10T00:53:42Z,2026-09-10T02:53:42+0200,61f23d5e-010a-489b-a32d-dd4f05d29383,2026-09-08T19:45:00Z,2026-09-08T21:45:00+0200,197.0,EUR/MWh,DE,DE_LU,day_ahead_price,value,2026-09-10T00:56:43Z
2026-09-10T00:53:42Z,2026-09-10T02:53:42+0200,61f23d5e-010a-489b-a32d-dd4f05d29383,2026-09-08T20:00:00Z,2026-09-08T22:00:00+0200,206.91,EUR/MWh,DE,DE_LU,day_ahead_price,value,2026-09-10T00:56:43Z
2026-09-10T00:53:42Z,2026-09-10T02:53:42+0200,61f23d5e-010a-489b-a32d-dd4f05d29383,2026-09-08T20:15:00Z,2026-09-08T22:15:00+0200,197.09,EUR/MWh,DE,DE_LU,day_ahead_price,value,2026-09-10T00:56:43Z
2026-09-10T00:53:42Z,2026-09-10T02:53:42+0200,61f23d5e-010a-489b-a32d-dd4f05d29383,2026-09-08T20:30:00Z,2026-09-08T22:30:00+0200,194.25,EUR/MWh,DE,DE_LU,day_ahead_price,value,2026-09-10T00:56:43Z
2026-09-10T00:53:42Z,2026-09-10T02:53:42+0200,61f23d5e-010a-489b-a32d-dd4f05d29383,2026-09-08T20:45:00Z,2026-09-08T22:45:00+0200,185.77,EUR/MWh,DE,DE_LU,day_ahead_price,value,2026-09-10T00:56:43Z
2026-09-10T00:53:42Z,2026-09-10T02:53:42+0200,61f23d5e-010a-489b-a32d-dd4f05d29383,2026-09-08T21:00:00Z,2026-09-08T23:00:00+0200,191.0,EUR/MWh,DE,DE_LU,day_ahead_price,value,2026-09-10T00:56:43Z
2026-09-10T00:53:42Z,2026-09-10T02:53:42+0200,61f23d5e-010a-489b-a32d-dd4f05d29383,2026-09-08T21:15:00Z,2026-09-08T23:15:00+0200,180.44,EUR/MWh,DE,DE_LU,day_ahead_price,value,2026-09-10T00:56:43Z
2026-09-10T00:53:42Z,2026-09-10T02:53:42+0200,61f23d5e-010a-489b-a32d-dd4f05d29383,2026-09-08T21:30:00Z,2026-09-08T23:30:00+0200,177.02,EUR/MWh,DE,DE_LU,day_ahead_price,value,2026-09-10T00:56:43Z
2026-09-10T00:53:42Z,2026-09-10T02:53:42+0200,61f23d5e-010a-489b-a32d-dd4f05d29383,2026-09-08T21:45:00Z,2026-09-08T23:45:00+0200,161.33,EUR/MWh,DE,DE_LU,day_ahead_price,value,2026-09-10T00:56:43Z
2026-09-10T00:53:42Z,2026-09-10T02:53:42+0200,61f23d5e-010a-489b-a32d-dd4f05d29383,2026-09-08T22:00:00Z,2026-09-09T00:00:00+0200,150.34,EUR/MWh,DE,DE_LU,day_ahead_price,value,2026-09-10T00:56:43Z
2026-09-10T00:53:42Z,2026-09-10T02:53:42+0200,61f23d5e-010a-489b-a32d-dd4f05d29383,2026-09-08T22:15:00Z,2026-09-09T00:15:00+0200,151.09,EUR/MWh,DE,DE_LU,day_ahead_price,value,2026-09-10T00:56:43Z
2026-09-10T00:53:42Z,2026-09-10T02:53:42+0200,61f23d5e-010a-489b-a32d-dd4f05d29383,2026-09-08T22:30:00Z,2026-09-09T00:30:00+0200,150.92,EUR/MWh,DE,DE_LU,day_ahead_price,value,2026-09-10T00:56:43Z
2026-09-10T00:53:42Z,2026-09-10T02:53:42+0200,61f23d5e-010a-489b-a32d-dd4f05d29383,2026-09-08T22:45:00Z,2026-09-09T00:45:00+0200,147.48,EUR/MWh,DE,DE_LU,day_ahead_price,value,2026-09-10T00:56:43Z
2026-09-10T00:53:42Z,2026-09-10T02:53:42+0200,61f23d5e-010a-489b-a32d-dd4f05d29383,2026-09-08T23:00:00Z,2026-09-09T01:00:00+0200,152.62,EUR/MWh,DE,DE_LU,day_ahead_price,value,2026-09-10T00:56:43Z
2026-09-10T00:53:42Z,2026-09-10T02:53:42+0200,61f23d5e-010a-489b-a32d-dd4f05d29383,2026-09-08T23:15:00Z,2026-09-09T01:15:00+0200,146.63,EUR/MWh,DE,DE_LU,day_ahead_price,value,2026-09-10T00:56:43Z
2026-09-10T00:53:42Z,2026-09-10T02:53:42+0200,61f23d5e-010a-489b-a32d-dd4f05d29383,2026-09-08T23:30:00Z,2026-09-09T01:30:00+0200,143.25,EUR/MWh,DE,DE_LU,day_ahead_price,value,2026-09-10T00:56:43Z
2026-09-10T00:53:42Z,2026-09-10T02:53:42+0200,61f23d5e-010a-489b-a32d-dd4f05d29383,2026-09-08T23:45:00Z,2026-09-09T01:45:00+0200,140.79,EUR/MWh,DE,DE_LU,day_ahead_price,value,2026-09-10T00:56:43Z
2026-09-10T00:53:42Z,2026-09-10T02:53:42+0200,61f23d5e-010a-489b-a32d-dd4f05d29383,2026-09-09T00:00:00Z,2026-09-09T02:00:00+0200,146.76,EUR/MWh,DE,DE_LU,day_ahead_price,value,2026-09-10T00:56:43Z
2026-09-10T00:53:42Z,2026-09-10T02:53:42+0200,61f23d5e-010a-489b-a32d-dd4f05d29383,2026-09-09T00:15:00Z,2026-09-09T02:15:00+0200,145.21,EUR/MWh,DE,DE_LU,day_ahead_price,value,2026-09-10T00:56:43Z
2026-09-10T00:53:42Z,2026-09-10T02:53:42+0200,61f23d5e-010a-489b-a32d-dd4f05d29383,2026-09-09T00:30:00Z,2026-09-09T02:30:00+0200,142.41,EUR/MWh,DE,DE_LU,day_ahead_price,value,2026-09-10T00:56:43Z
2026-09-10T00:53:42Z,2026-09-10T02:53:42+0200,61f23d5e-010a-489b-a32d-dd4f05d29383,2026-09-09T00:45:00Z,2026-09-09T02:45:00+0200,138.97,EUR/MWh,DE,DE_LU,day_ahead_price,value,2026-09-10T00:56:43Z
2026-09-10T00:53:42Z,2026-09-10T02:53:42+0200,61f23d5e-010a-489b-a32d-dd4f05d29383,2026-09-09T01:00:00Z,2026-09-09T03:00:00+0200,144.03,EUR/MWh,DE,DE_LU,day_ahead_price,value,2026-09-10T00:56:43Z
2026-09-10T00:53:42Z,2026-09-10T02:53:42+0200,61f23d5e-010a-489b-a32d-dd4f05d29383,2026-09-09T01:15:00Z,2026-09-09T03:15:00+0200,138.76,EUR/MWh,DE,DE_LU,day_ahead_price,value,2026-09-10T00:56:43Z
2026-09-10T00:53:42Z,2026-09-10T02:53:42+0200,61f23d5e-010a-489b-a32d-dd4f05d29383,2026-09-09T01:30:00Z,2026-09-09T03:30:00+0200,138.11,EUR/MWh,DE,DE_LU,day_ahead_price,value,2026-09-10T00:56:43Z
2026-09-10T00:53:42Z,2026-09-10T02:53:42+0200,61f23d5e-010a-489b-a32d-dd4f05d29383,2026-09-09T01:45:00Z,2026-09-09T03:45:00+0200,137.01,EUR/MWh,DE,DE_LU,day_ahead_price,value,2026-09-10T00:56:43Z
2026-09-10T00:53:42Z,2026-09-10T02:53:42+0200,61f23d5e-010a-489b-a32d-dd4f05d29383,2026-09-09T02:00:00Z,2026-09-09T04:00:00+0200,138.46,EUR/MWh,DE,DE_LU,day_ahead_price,value,2026-09-10T00:56:43Z
2026-09-10T00:53:42Z,2026-09-10T02:53:42+0200,61f23d5e-010a-489b-a32d-dd4f05d29383,2026-09-09T02:15:00Z,2026-09-09T04:15:00+0200,137.92,EUR/MWh,DE,DE_LU,day_ahead_price,value,2026-09-10T00:56:43Z
2026-09-10T00:53:42Z,2026-09-10T02:53:42+0200,61f23d5e-010a-489b-a32d-dd4f05d29383,2026-09-09T02:30:00Z,2026-09-09T04:30:00+0200,137.41,EUR/MWh,DE,DE_LU,day_ahead_price,value,2026-09-10T00:56:43Z
2026-09-10T00:53:42Z,2026-09-10T02:53:42+0200,61f23d5e-010a-489b-a32d-dd4f05d29383,2026-09-09T02:45:00Z,2026-09-09T04:45:00+0200,137.65,EUR/MWh,DE,DE_LU,day_ahead_price,value,2026-09-10T00:56:43Z
2026-09-10T00:53:42Z,2026-09-10T02:53:42+0200,61f23d5e-010a-489b-a32d-dd4f05d29383,2026-09-09T03:00:00Z,2026-09-09T05:00:00+0200,136.91,EUR/MWh,DE,DE_LU,day_ahead_price,value,2026-09-10T00:56:43Z
2026-09-10T00:53:42Z,2026-09-10T02:53:42+0200,61f23d5e-010a-489b-a32d-dd4f05d29383,2026-09-09T03:15:00Z,2026-09-09T05:15:00+0200,138.57,EUR/MWh,DE,DE_LU,day_ahead_price,value,2026-09-10T00:56:43Z
2026-09-10T00:53:42Z,2026-09-10T02:53:42+0200,61f23d5e-010a-489b-a32d-dd4f05d29383,2026-09-09T03:30:00Z,2026-09-09T05:30:00+0200,144.07,EUR/MWh,DE,DE_LU,day_ahead_price,value,2026-09-10T00:56:43Z
2026-09-10T00:53:42Z,2026-09-10T02:53:42+0200,61f23d5e-010a-489b-a32d-dd4f05d29383,2026-09-09T03:45:00Z,2026-09-09T05:45:00+0200,149.94,EUR/MWh,DE,DE_LU,day_ahead_price,value,2026-09-10T00:56:43Z
2026-09-10T00:53:42Z,2026-09-10T02:53:42+0200,61f23d5e-010a-489b-a32d-dd4f05d29383,2026-09-09T04:00:00Z,2026-09-09T06:00:00+0200,154.12,EUR/MWh,DE,DE_LU,day_ahead_price,value,2026-09-10T00:56:43Z
2026-09-10T00:53:42Z,2026-09-10T02:53:42+0200,61f23d5e-010a-489b-a32d-dd4f05d29383,2026-09-09T04:15:00Z,2026-09-09T06:15:00+0200,174.92,EUR/MWh,DE,DE_LU,day_ahead_price,value,2026-09-10T00:56:43Z
2026-09-10T00:53:42Z,2026-09-10T02:53:42+0200,61f23d5e-010a-489b-a32d-dd4f05d29383,2026-09-09T04:30:00Z,2026-09-09T06:30:00+0200,178.94,EUR/MWh,DE,DE_LU,day_ahead_price,value,2026-09-10T00:56:43Z
2026-09-10T00:53:42Z,2026-09-10T02:53:42+0200,61f23d5e-010a-489b-a32d-dd4f05d29383,2026-09-09T04:45:00Z,2026-09-09T06:45:00+0200,188.04,EUR/MWh,DE,DE_LU,day_ahead_price,value,2026-09-10T00:56:43Z
2026-09-10T00:53:42Z,2026-09-10T02:53:42+0200,61f23d5e-010a-489b-a32d-dd4f05d29383,2026-09-09T05:00:00Z,2026-09-09T07:00:00+0200,201.75,EUR/MWh,DE,DE_LU,day_ahead_price,value,2026-09-10T00:56:43Z
2026-09-10T00:53:42Z,2026-09-10T02:53:42+0200,61f23d5e-010a-489b-a32d-dd4f05d29383,2026-09-09T05:15:00Z,2026-09-09T07:15:00+0200,200.21,EUR/MWh,DE,DE_LU,day_ahead_price,value,2026-09-10T00:56:43Z
2026-09-10T00:53:42Z,2026-09-10T02:53:42+0200,61f23d5e-010a-489b-a32d-dd4f05d29383,2026-09-09T05:30:00Z,2026-09-09T07:30:00+0200,199.92,EUR/MWh,DE,DE_LU,day_ahead_price,value,2026-09-10T00:56:43Z
2026-09-10T00:53:42Z,2026-09-10T02:53:42+0200,61f23d5e-010a-489b-a32d-dd4f05d29383,2026-09-09T05:45:00Z,2026-09-09T07:45:00+0200,197.18,EUR/MWh,DE,DE_LU,day_ahead_price,value,2026-09-10T00:56:43Z
2026-09-10T00:53:42Z,2026-09-10T02:53:42+0200,61f23d5e-010a-489b-a32d-dd4f05d29383,2026-09-09T06:00:00Z,2026-09-09T08:00:00+0200,220.07,EUR/MWh,DE,DE_LU,day_ahead_price,value,2026-09-10T00:56:43Z
2026-09-10T00:53:42Z,2026-09-10T02:53:42+0200,61f23d5e-010a-489b-a32d-dd4f05d29383,2026-09-09T06:15:00Z,2026-09-09T08:15:00+0200,202.0,EUR/MWh,DE,DE_LU,day_ahead_price,value,2026-09-10T00:56:43Z
2026-09-10T00:53:42Z,2026-09-10T02:53:42+0200,61f23d5e-010a-489b-a32d-dd4f05d29383,2026-09-09T06:30:00Z,2026-09-09T08:30:00+0200,196.01,EUR/MWh,DE,DE_LU,day_ahead_price,value,2026-09-10T00:56:43Z
2026-09-10T00:53:42Z,2026-09-10T02:53:42+0200,61f23d5e-010a-489b-a32d-dd4f05d29383,2026-09-09T06:45:00Z,2026-09-09T08:45:00+0200,173.85,EUR/MWh,DE,DE_LU,day_ahead_price,value,2026-09-10T00:56:43Z
2026-09-10T00:53:42Z,2026-09-10T02:53:42+0200,61f23d5e-010a-489b-a32d-dd4f05d29383,2026-09-09T07:00:00Z,2026-09-09T09:00:00+0200,195.0,EUR/MWh,DE,DE_LU,day_ahead_price,value,2026-09-10T00:56:43Z
2026-09-10T00:53:42Z,2026-09-10T02:53:42+0200,61f23d5e-010a-489b-a32d-dd4f05d29383,2026-09-09T07:15:00Z,2026-09-09T09:15:00+0200,163.76,EUR/MWh,DE,DE_LU,day_ahead_price,value,2026-09-10T00:56:43Z
2026-09-10T00:53:42Z,2026-09-10T02:53:42+0200,61f23d5e-010a-489b-a32d-dd4f05d29383,2026-09-09T07:30:00Z,2026-09-09T09:30:00+0200,148.21,EUR/MWh,DE,DE_LU,day_ahead_price,value,2026-09-10T00:56:43Z
2026-09-10T00:53:42Z,2026-09-10T02:53:42+0200,61f23d5e-010a-489b-a32d-dd4f05d29383,2026-09-09T07:45:00Z,2026-09-09T09:45:00+0200,135.06,EUR/MWh,DE,DE_LU,day_ahead_price,value,2026-09-10T00:56:43Z
2026-09-10T00:53:42Z,2026-09-10T02:53:42+0200,61f23d5e-010a-489b-a32d-dd4f05d29383,2026-09-09T08:00:00Z,2026-09-09T10:00:00+0200,137.55,EUR/MWh,DE,DE_LU,day_ahead_price,value,2026-09-10T00:56:43Z
2026-09-10T00:53:42Z,2026-09-10T02:53:42+0200,61f23d5e-010a-489b-a32d-dd4f05d29383,2026-09-09T08:15:00Z,2026-09-09T10:15:00+0200,132.12,EUR/MWh,DE,DE_LU,day_ahead_price,value,2026-09-10T00:56:43Z
2026-09-10T00:53:42Z,2026-09-10T02:53:42+0200,61f23d5e-010a-489b-a32d-dd4f05d29383,2026-09-09T08:30:00Z,2026-09-09T10:30:00+0200,123.27,EUR/MWh,DE,DE_LU,day_ahead_price,value,2026-09-10T00:56:43Z
2026-09-10T00:53:42Z,2026-09-10T02:53:42+0200,61f23d5e-010a-489b-a32d-dd4f05d29383,2026-09-09T08:45:00Z,2026-09-09T10:45:00+0200,100.61,EUR/MWh,DE,DE_LU,day_ahead_price,value,2026-09-10T00:56:43Z
2026-09-10T00:53:42Z,2026-09-10T02:53:42+0200,61f23d5e-010a-489b-a32d-dd4f05d29383,2026-09-09T09:00:00Z,2026-09-09T11:00:00+0200,123.16,EUR/MWh,DE,DE_LU,day_ahead_price,value,2026-09-10T00:56:43Z
2026-09-10T00:53:42Z,2026-09-10T02:53:42+0200,61f23d5e-010a-489b-a32d-dd4f05d29383,2026-09-09T09:15:00Z,2026-09-09T11:15:00+0200,108.99,EUR/MWh,DE,DE_LU,day_ahead_price,value,2026-09-10T00:56:43Z
2026-09-10T00:53:42Z,2026-09-10T02:53:42+0200,61f23d5e-010a-489b-a32d-dd4f05d29383,2026-09-09T09:30:00Z,2026-09-09T11:30:00+0200,92.16,EUR/MWh,DE,DE_LU,day_ahead_price,value,2026-09-10T00:56:43Z
2026-09-10T00:53:42Z,2026-09-10T02:53:42+0200,61f23d5e-010a-489b-a32d-dd4f05d29383,2026-09-09T09:45:00Z,2026-09-09T11:45:00+0200,79.98,EUR/MWh,DE,DE_LU,day_ahead_price,value,2026-09-10T00:56:43Z
2026-09-10T00:53:42Z,2026-09-10T02:53:42+0200,61f23d5e-010a-489b-a32d-dd4f05d29383,2026-09-09T10:00:00Z,2026-09-09T12:00:00+0200,108.56,EUR/MWh,DE,DE_LU,day_ahead_price,value,2026-09-10T00:56:43Z
2026-09-10T00:53:42Z,2026-09-10T02:53:42+0200,61f23d5e-010a-489b-a32d-dd4f05d29383,2026-09-09T10:15:00Z,2026-09-09T12:15:00+0200,87.89,EUR/MWh,DE,DE_LU,day_ahead_price,value,2026-09-10T00:56:43Z
2026-09-10T00:53:42Z,2026-09-10T02:53:42+0200,61f23d5e-010a-489b-a32d-dd4f05d29383,2026-09-09T10:30:00Z,2026-09-09T12:30:00+0200,83.47,EUR/MWh,DE,DE_LU,day_ahead_price,value,2026-09-10T00:56:43Z
2026-09-10T00:53:42Z,2026-09-10T02:53:42+0200,61f23d5e-010a-489b-a32d-dd4f05d29383,2026-09-09T10:45:00Z,2026-09-09T12:45:00+0200,72.24,EUR/MWh,DE,DE_LU,day_ahead_price,value,2026-09-10T00:56:43Z
2026-09-10T00:53:42Z,2026-09-10T02:53:42+0200,61f23d5e-010a-489b-a32d-dd4f05d29383,2026-09-09T11:00:00Z,2026-09-09T13:00:00+0200,79.59,EUR/MWh,DE,DE_LU,day_ahead_price,value,2026-09-10T00:56:43Z
2026-09-10T00:53:42Z,2026-09-10T02:53:42+0200,61f23d5e-010a-489b-a32d-dd4f05d29383,2026-09-09T11:15:00Z,2026-09-09T13:15:00+0200,70.35,EUR/MWh,DE,DE_LU,day_ahead_price,value,2026-09-10T00:56:43Z
2026-09-10T00:53:42Z,2026-09-10T02:53:42+0200,61f23d5e-010a-489b-a32d-dd4f05d29383,2026-09-09T11:30:00Z,2026-09-09T13:30:00+0200,62.04,EUR/MWh,DE,DE_LU,day_ahead_price,value,2026-09-10T00:56:43Z
2026-09-10T00:53:42Z,2026-09-10T02:53:42+0200,61f23d5e-010a-489b-a32d-dd4f05d29383,2026-09-09T11:45:00Z,2026-09-09T13:45:00+0200,56.34,EUR/MWh,DE,DE_LU,day_ahead_price,value,2026-09-10T00:56:43Z
2026-09-10T00:53:42Z,2026-09-10T02:53:42+0200,61f23d5e-010a-489b-a32d-dd4f05d29383,2026-09-09T12:00:00Z,2026-09-09T14:00:00+0200,60.85,EUR/MWh,DE,DE_LU,day_ahead_price,value,2026-09-10T00:56:43Z
2026-09-10T00:53:42Z,2026-09-10T02:53:42+0200,61f23d5e-010a-489b-a32d-dd4f05d29383,2026-09-09T12:15:00Z,2026-09-09T14:15:00+0200,62.65,EUR/MWh,DE,DE_LU,day_ahead_price,value,2026-09-10T00:56:43Z
2026-09-10T00:53:42Z,2026-09-10T02:53:42+0200,61f23d5e-010a-489b-a32d-dd4f05d29383,2026-09-09T12:30:00Z,2026-09-09T14:30:00+0200,60.45,EUR/MWh,DE,DE_LU,day_ahead_price,value,2026-09-10T00:56:43Z
2026-09-10T00:53:42Z,2026-09-10T02:53:42+0200,61f23d5e-010a-489b-a32d-dd4f05d29383,2026-09-09T12:45:00Z,2026-09-09T14:45:00+0200,62.33,EUR/MWh,DE,DE_LU,day_ahead_price,value,2026-09-10T00:56:43Z
2026-09-10T00:53:42Z,2026-09-10T02:53:42+0200,61f23d5e-010a-489b-a32d-dd4f05d29383,2026-09-09T13:00:00Z,2026-09-09T15:00:00+0200,60.42,EUR/MWh,DE,DE_LU,day_ahead_price,value,2026-09-10T00:56:43Z
2026-09-10T00:53:42Z,2026-09-10T02:53:42+0200,61f23d5e-010a-489b-a32d-dd4f05d29383,2026-09-09T13:15:00Z,2026-09-09T15:15:00+0200,69.59,EUR/MWh,DE,DE_LU,day_ahead_price,value,2026-09-10T00:56:43Z
2026-09-10T00:53:42Z,2026-09-10T02:53:42+0200,61f23d5e-010a-489b-a32d-dd4f05d29383,2026-09-09T13:30:00Z,2026-09-09T15:30:00+0200,78.26,EUR/MWh,DE,DE_LU,day_ahead_price,value,2026-09-10T00:56:43Z
2026-09-10T00:53:42Z,2026-09-10T02:53:42+0200,61f23d5e-010a-489b-a32d-dd4f05d29383,2026-09-09T13:45:00Z,2026-09-09T15:45:00+0200,83.48,EUR/MWh,DE,DE_LU,day_ahead_price,value,2026-09-10T00:56:43Z
2026-09-10T00:53:42Z,2026-09-10T02:53:42+0200,61f23d5e-010a-489b-a32d-dd4f05d29383,2026-09-09T14:00:00Z,2026-09-09T16:00:00+0200,64.69,EUR/MWh,DE,DE_LU,day_ahead_price,value,2026-09-10T00:56:43Z
2026-09-10T00:53:42Z,2026-09-10T02:53:42+0200,61f23d5e-010a-489b-a32d-dd4f05d29383,2026-09-09T14:15:00Z,2026-09-09T16:15:00+0200,82.99,EUR/MWh,DE,DE_LU,day_ahead_price,value,2026-09-10T00:56:43Z
2026-09-10T00:53:42Z,2026-09-10T02:53:42+0200,61f23d5e-010a-489b-a32d-dd4f05d29383,2026-09-09T14:30:00Z,2026-09-09T16:30:00+0200,111.51,EUR/MWh,DE,DE_LU,day_ahead_price,value,2026-09-10T00:56:43Z
2026-09-10T00:53:42Z,2026-09-10T02:53:42+0200,61f23d5e-010a-489b-a32d-dd4f05d29383,2026-09-09T14:45:00Z,2026-09-09T16:45:00+0200,123.21,EUR/MWh,DE,DE_LU,day_ahead_price,value,2026-09-10T00:56:43Z
2026-09-10T00:53:42Z,2026-09-10T02:53:42+0200,61f23d5e-010a-489b-a32d-dd4f05d29383,2026-09-09T15:00:00Z,2026-09-09T17:00:00+0200,106.31,EUR/MWh,DE,DE_LU,day_ahead_price,value,2026-09-10T00:56:43Z
2026-09-10T00:53:42Z,2026-09-10T02:53:42+0200,61f23d5e-010a-489b-a32d-dd4f05d29383,2026-09-09T15:15:00Z,2026-09-09T17:15:00+0200,129.12,EUR/MWh,DE,DE_LU,day_ahead_price,value,2026-09-10T00:56:43Z
2026-09-10T00:53:42Z,2026-09-10T02:53:42+0200,61f23d5e-010a-489b-a32d-dd4f05d29383,2026-09-09T15:30:00Z,2026-09-09T17:30:00+0200,140.54,EUR/MWh,DE,DE_LU,day_ahead_price,value,2026-09-10T00:56:43Z
2026-09-10T00:53:42Z,2026-09-10T02:53:42+0200,61f23d5e-010a-489b-a32d-dd4f05d29383,2026-09-09T15:45:00Z,2026-09-09T17:45:00+0200,152.26,EUR/MWh,DE,DE_LU,day_ahead_price,value,2026-09-10T00:56:43Z
2026-09-10T00:53:42Z,2026-09-10T02:53:42+0200,61f23d5e-010a-489b-a32d-dd4f05d29383,2026-09-09T16:00:00Z,2026-09-09T18:00:00+0200,138.21,EUR/MWh,DE,DE_LU,day_ahead_price,value,2026-09-10T00:56:43Z
2026-09-10T00:53:42Z,2026-09-10T02:53:42+0200,61f23d5e-010a-489b-a32d-dd4f05d29383,2026-09-09T16:15:00Z,2026-09-09T18:15:00+0200,167.25,EUR/MWh,DE,DE_LU,day_ahead_price,value,2026-09-10T00:56:43Z
2026-09-10T00:53:42Z,2026-09-10T02:53:42+0200,61f23d5e-010a-489b-a32d-dd4f05d29383,2026-09-09T16:30:00Z,2026-09-09T18:30:00+0200,187.65,EUR/MWh,DE,DE_LU,day_ahead_price,value,2026-09-10T00:56:43Z
2026-09-10T00:53:42Z,2026-09-10T02:53:42+0200,61f23d5e-010a-489b-a32d-dd4f05d29383,2026-09-09T16:45:00Z,2026-09-09T18:45:00+0200,201.63,EUR/MWh,DE,DE_LU,day_ahead_price,value,2026-09-10T00:56:43Z
2026-09-10T00:53:42Z,2026-09-10T02:53:42+0200,61f23d5e-010a-489b-a32d-dd4f05d29383,2026-09-09T17:00:00Z,2026-09-09T19:00:00+0200,197.52,EUR/MWh,DE,DE_LU,day_ahead_price,value,2026-09-10T00:56:43Z
2026-09-10T00:53:42Z,2026-09-10T02:53:42+0200,61f23d5e-010a-489b-a32d-dd4f05d29383,2026-09-09T17:15:00Z,2026-09-09T19:15:00+0200,202.25,EUR/MWh,DE,DE_LU,day_ahead_price,value,2026-09-10T00:56:43Z
2026-09-10T00:53:42Z,2026-09-10T02:53:42+0200,61f23d5e-010a-489b-a32d-dd4f05d29383,2026-09-09T17:30:00Z,2026-09-09T19:30:00+0200,202.08,EUR/MWh,DE,DE_LU,day_ahead_price,value,2026-09-10T00:56:43Z
2026-09-10T00:53:42Z,2026-09-10T02:53:42+0200,61f23d5e-010a-489b-a32d-dd4f05d29383,2026-09-09T17:45:00Z,2026-09-09T19:45:00+0200,206.29,EUR/MWh,DE,DE_LU,day_ahead_price,value,2026-09-10T00:56:43Z
2026-09-10T00:53:42Z,2026-09-10T02:53:42+0200,61f23d5e-010a-489b-a32d-dd4f05d29383,2026-09-09T18:00:00Z,2026-09-09T20:00:00+0200,202.57,EUR/MWh,DE,DE_LU,day_ahead_price,value,2026-09-10T00:56:43Z
2026-09-10T00:53:42Z,2026-09-10T02:53:42+0200,61f23d5e-010a-489b-a32d-dd4f05d29383,2026-09-09T18:15:00Z,2026-09-09T20:15:00+0200,200.8,EUR/MWh,DE,DE_LU,day_ahead_price,value,2026-09-10T00:56:43Z
2026-09-10T00:53:42Z,2026-09-10T02:53:42+0200,61f23d5e-010a-489b-a32d-dd4f05d29383,2026-09-09T18:30:00Z,2026-09-09T20:30:00+0200,202.26,EUR/MWh,DE,DE_LU,day_ahead_price,value,2026-09-10T00:56:43Z
2026-09-10T00:53:42Z,2026-09-10T02:53:42+0200,61f23d5e-010a-489b-a32d-dd4f05d29383,2026-09-09T18:45:00Z,2026-09-09T20:45:00+0200,203.8,EUR/MWh,DE,DE_LU,day_ahead_price,value,2026-09-10T00:56:43Z
2026-09-10T00:53:42Z,2026-09-10T02:53:42+0200,61f23d5e-010a-489b-a32d-dd4f05d29383,2026-09-09T19:00:00Z,2026-09-09T21:00:00+0200,204.92,EUR/MWh,DE,DE_LU,day_ahead_price,value,2026-09-10T00:56:43Z
2026-09-10T00:53:42Z,2026-09-10T02:53:42+0200,61f23d5e-010a-489b-a32d-dd4f05d29383,2026-09-09T19:15:00Z,2026-09-09T21:15:00+0200,198.0,EUR/MWh,DE,DE_LU,day_ahead_price,value,2026-09-10T00:56:43Z
2026-09-10T00:53:42Z,2026-09-10T02:53:42+0200,61f23d5e-010a-489b-a32d-dd4f05d29383,2026-09-09T19:30:00Z,2026-09-09T21:30:00+0200,195.76,EUR/MWh,DE,DE_LU,day_ahead_price,value,2026-09-10T00:56:43Z
2026-09-10T00:53:42Z,2026-09-10T02:53:42+0200,61f23d5e-010a-489b-a32d-dd4f05d29383,2026-09-09T19:45:00Z,2026-09-09T21:45:00+0200,187.37,EUR/MWh,DE,DE_LU,day_ahead_price,value,2026-09-10T00:56:43Z
2026-09-10T00:53:42Z,2026-09-10T02:53:42+0200,61f23d5e-010a-489b-a32d-dd4f05d29383,2026-09-09T20:00:00Z,2026-09-09T22:00:00+0200,190.05,EUR/MWh,DE,DE_LU,day_ahead_price,value,2026-09-10T00:56:43Z
2026-09-10T00:53:42Z,2026-09-10T02:53:42+0200,61f23d5e-010a-489b-a32d-dd4f05d29383,2026-09-09T20:15:00Z,2026-09-09T22:15:00+0200,175.81,EUR/MWh,DE,DE_LU,day_ahead_price,value,2026-09-10T00:56:43Z
2026-09-10T00:53:42Z,2026-09-10T02:53:42+0200,61f23d5e-010a-489b-a32d-dd4f05d29383,2026-09-09T20:30:00Z,2026-09-09T22:30:00+0200,171.66,EUR/MWh,DE,DE_LU,day_ahead_price,value,2026-09-10T00:56:43Z
2026-09-10T00:53:42Z,2026-09-10T02:53:42+0200,61f23d5e-010a-489b-a32d-dd4f05d29383,2026-09-09T20:45:00Z,2026-09-09T22:45:00+0200,162.42,EUR/MWh,DE,DE_LU,day_ahead_price,value,2026-09-10T00:56:43Z
2026-09-10T00:53:42Z,2026-09-10T02:53:42+0200,61f23d5e-010a-489b-a32d-dd4f05d29383,2026-09-09T21:00:00Z,2026-09-09T23:00:00+0200,168.0,EUR/MWh,DE,DE_LU,day_ahead_price,value,2026-09-10T00:56:43Z
2026-09-10T00:53:42Z,2026-09-10T02:53:42+0200,61f23d5e-010a-489b-a32d-dd4f05d29383,2026-09-09T21:15:00Z,2026-09-09T23:15:00+0200,155.4,EUR/MWh,DE,DE_LU,day_ahead_price,value,2026-09-10T00:56:43Z
2026-09-10T00:53:42Z,2026-09-10T02:53:42+0200,61f23d5e-010a-489b-a32d-dd4f05d29383,2026-09-09T21:30:00Z,2026-09-09T23:30:00+0200,148.76,EUR/MWh,DE,DE_LU,day_ahead_price,value,2026-09-10T00:56:43Z
2026-09-10T00:53:42Z,2026-09-10T02:53:42+0200,61f23d5e-010a-489b-a32d-dd4f05d29383,2026-09-09T21:45:00Z,2026-09-09T23:45:00+0200,140.85,EUR/MWh,DE,DE_LU,day_ahead_price,value,2026-09-10T00:56:43Z
2026-09-10T00:53:42Z,2026-09-10T02:53:42+0200,61f23d5e-010a-489b-a32d-dd4f05d29383,2026-09-09T22:00:00Z,2026-09-10T00:00:00+0200,172.77,EUR/MWh,DE,DE_LU,day_ahead_price,value,2026-09-10T00:56:43Z
2026-09-10T00:53:42Z,2026-09-10T02:53:42+0200,61f23d5e-010a-489b-a32d-dd4f05d29383,2026-09-09T22:15:00Z,2026-09-10T00:15:00+0200,160.0,EUR/MWh,DE,DE_LU,day_ahead_price,value,2026-09-10T00:56:43Z
2026-09-10T00:53:42Z,2026-09-10T02:53:42+0200,61f23d5e-010a-489b-a32d-dd4f05d29383,2026-09-09T22:30:00Z,2026-09-10T00:30:00+0200,154.33,EUR/MWh,DE,DE_LU,day_ahead_price,value,2026-09-10T00:56:43Z
2026-09-10T00:53:42Z,2026-09-10T02:53:42+0200,61f23d5e-010a-489b-a32d-dd4f05d29383,2026-09-09T22:45:00Z,2026-09-10T00:45:00+0200,153.62,EUR/MWh,DE,DE_LU,day_ahead_price,value,2026-09-10T00:56:43Z
2026-09-10T00:53:42Z,2026-09-10T02:53:42+0200,61f23d5e-010a-489b-a32d-dd4f05d29383,2026-09-09T23:00:00Z,2026-09-10T01:00:00+0200,154.46,EUR/MWh,DE,DE_LU,day_ahead_price,value,2026-09-10T00:56:43Z
2026-09-10T00:53:42Z,2026-09-10T02:53:42+0200,61f23d5e-010a-489b-a32d-dd4f05d29383,2026-09-09T23:15:00Z,2026-09-10T01:15:00+0200,159.26,EUR/MWh,DE,DE_LU,day_ahead_price,value,2026-09-10T00:56:43Z
2026-09-10T00:53:42Z,2026-09-10T02:53:42+0200,61f23d5e-010a-489b-a32d-dd4f05d29383,2026-09-09T23:30:00Z,2026-09-10T01:30:00+0200,158.09,EUR/MWh,DE,DE_LU,day_ahead_price,value,2026-09-10T00:56:43Z
2026-09-10T00:53:42Z,2026-09-10T02:53:42+0200,61f23d5e-010a-489b-a32d-dd4f05d29383,2026-09-09T23:45:00Z,2026-09-10T01:45:00+0200,157.58,EUR/MWh,DE,DE_LU,day_ahead_price,value,2026-09-10T00:56:43Z
2026-09-10T00:53:42Z,2026-09-10T02:53:42+0200,61f23d5e-010a-489b-a32d-dd4f05d29383,2026-09-10T00:00:00Z,2026-09-10T02:00:00+0200,157.27,EUR/MWh,DE,DE_LU,day_ahead_price,value,2026-09-10T00:56:43Z
2026-09-10T00:53:42Z,2026-09-10T02:53:42+0200,61f23d5e-010a-489b-a32d-dd4f05d29383,2026-09-10T00:15:00Z,2026-09-10T02:15:00+0200,156.21,EUR/MWh,DE,DE_LU,day_ahead_price,value,2026-09-10T00:56:43Z
2026-09-10T00:53:42Z,2026-09-10T02:53:42+0200,61f23d5e-010a-489b-a32d-dd4f05d29383,2026-09-10T00:30:00Z,2026-09-10T02:30:00+0200,162.08,EUR/MWh,DE,DE_LU,day_ahead_price,value,2026-09-10T00:56:43Z
2026-09-10T00:53:42Z,2026-09-10T02:53:42+0200,61f23d5e-010a-489b-a32d-dd4f05d29383,2026-09-10T00:45:00Z,2026-09-10T02:45:00+0200,162.37,EUR/MWh,DE,DE_LU,day_ahead_price,value,2026-09-10T00:56:43Z
2026-09-10T00:53:42Z,2026-09-10T02:53:42+0200,61f23d5e-010a-489b-a32d-dd4f05d29383,2026-09-10T01:00:00Z,2026-09-10T03:00:00+0200,162.09,EUR/MWh,DE,DE_LU,day_ahead_price,value,2026-09-10T00:56:51Z
2026-09-10T00:53:42Z,2026-09-10T02:53:42+0200,61f23d5e-010a-489b-a32d-dd4f05d29383,2026-09-10T01:15:00Z,2026-09-10T03:15:00+0200,163.29,EUR/MWh,DE,DE_LU,day_ahead_price,value,2026-09-10T00:56:51Z
2026-09-10T00:53:42Z,2026-09-10T02:53:42+0200,61f23d5e-010a-489b-a32d-dd4f05d29383,2026-09-10T01:30:00Z,2026-09-10T03:30:00+0200,160.84,EUR/MWh,DE,DE_LU,day_ahead_price,value,2026-09-10T00:56:51Z
2026-09-10T00:53:42Z,2026-09-10T02:53:42+0200,61f23d5e-010a-489b-a32d-dd4f05d29383,2026-09-10T01:45:00Z,2026-09-10T03:45:00+0200,163.3,EUR/MWh,DE,DE_LU,day_ahead_price,value,2026-09-10T00:56:51Z
2026-09-10T00:53:42Z,2026-09-10T02:53:42+0200,61f23d5e-010a-489b-a32d-dd4f05d29383,2026-09-10T02:00:00Z,2026-09-10T04:00:00+0200,163.29,EUR/MWh,DE,DE_LU,day_ahead_price,value,2026-09-10T00:56:51Z
2026-09-10T00:53:42Z,2026-09-10T02:53:42+0200,61f23d5e-010a-489b-a32d-dd4f05d29383,2026-09-10T02:15:00Z,2026-09-10T04:15:00+0200,165.99,EUR/MWh,DE,DE_LU,day_ahead_price,value,2026-09-10T00:56:51Z
2026-09-10T00:53:42Z,2026-09-10T02:53:42+0200,61f23d5e-010a-489b-a32d-dd4f05d29383,2026-09-10T02:30:00Z,2026-09-10T04:30:00+0200,171.36,EUR/MWh,DE,DE_LU,day_ahead_price,value,2026-09-10T00:56:51Z
2026-09-10T00:53:42Z,2026-09-10T02:53:42+0200,61f23d5e-010a-489b-a32d-dd4f05d29383,2026-09-10T02:45:00Z,2026-09-10T04:45:00+0200,177.96,EUR/MWh,DE,DE_LU,day_ahead_price,value,2026-09-10T00:56:51Z
2026-09-10T00:53:42Z,2026-09-10T02:53:42+0200,61f23d5e-010a-489b-a32d-dd4f05d29383,2026-09-10T03:00:00Z,2026-09-10T05:00:00+0200,170.24,EUR/MWh,DE,DE_LU,day_ahead_price,value,2026-09-10T00:56:51Z
2026-09-10T00:53:42Z,2026-09-10T02:53:42+0200,61f23d5e-010a-489b-a32d-dd4f05d29383,2026-09-10T03:15:00Z,2026-09-10T05:15:00+0200,177.14,EUR/MWh,DE,DE_LU,day_ahead_price,value,2026-09-10T00:56:51Z
2026-09-10T00:53:42Z,2026-09-10T02:53:42+0200,61f23d5e-010a-489b-a32d-dd4f05d29383,2026-09-10T03:30:00Z,2026-09-10T05:30:00+0200,187.35,EUR/MWh,DE,DE_LU,day_ahead_price,value,2026-09-10T00:56:51Z
2026-09-10T00:53:42Z,2026-09-10T02:53:42+0200,61f23d5e-010a-489b-a32d-dd4f05d29383,2026-09-10T03:45:00Z,2026-09-10T05:45:00+0200,200.93,EUR/MWh,DE,DE_LU,day_ahead_price,value,2026-09-10T00:56:51Z
2026-09-10T00:53:42Z,2026-09-10T02:53:42+0200,61f23d5e-010a-489b-a32d-dd4f05d29383,2026-09-10T04:00:00Z,2026-09-10T06:00:00+0200,192.14,EUR/MWh,DE,DE_LU,day_ahead_price,value,2026-09-10T00:56:51Z
2026-09-10T00:53:42Z,2026-09-10T02:53:42+0200,61f23d5e-010a-489b-a32d-dd4f05d29383,2026-09-10T04:15:00Z,2026-09-10T06:15:00+0200,206.18,EUR/MWh,DE,DE_LU,day_ahead_price,value,2026-09-10T00:56:51Z
2026-09-10T00:53:42Z,2026-09-10T02:53:42+0200,61f23d5e-010a-489b-a32d-dd4f05d29383,2026-09-10T04:30:00Z,2026-09-10T06:30:00+0200,218.27,EUR/MWh,DE,DE_LU,day_ahead_price,value,2026-09-10T00:56:51Z
2026-09-10T00:53:42Z,2026-09-10T02:53:42+0200,61f23d5e-010a-489b-a32d-dd4f05d29383,2026-09-10T04:45:00Z,2026-09-10T06:45:00+0200,226.77,EUR/MWh,DE,DE_LU,day_ahead_price,value,2026-09-10T00:56:51Z
2026-09-10T00:53:42Z,2026-09-10T02:53:42+0200,61f23d5e-010a-489b-a32d-dd4f05d29383,2026-09-10T05:00:00Z,2026-09-10T07:00:00+0200,226.79,EUR/MWh,DE,DE_LU,day_ahead_price,value,2026-09-10T00:56:51Z
2026-09-10T00:53:42Z,2026-09-10T02:53:42+0200,61f23d5e-010a-489b-a32d-dd4f05d29383,2026-09-10T05:15:00Z,2026-09-10T07:15:00+0200,234.0,EUR/MWh,DE,DE_LU,day_ahead_price,value,2026-09-10T00:56:51Z
2026-09-10T00:53:42Z,2026-09-10T02:53:42+0200,61f23d5e-010a-489b-a32d-dd4f05d29383,2026-09-10T05:30:00Z,2026-09-10T07:30:00+0200,236.99,EUR/MWh,DE,DE_LU,day_ahead_price,value,2026-09-10T00:56:51Z
2026-09-10T00:53:42Z,2026-09-10T02:53:42+0200,61f23d5e-010a-489b-a32d-dd4f05d29383,2026-09-10T05:45:00Z,2026-09-10T07:45:00+0200,229.94,EUR/MWh,DE,DE_LU,day_ahead_price,value,2026-09-10T00:56:51Z
2026-09-10T00:53:42Z,2026-09-10T02:53:42+0200,61f23d5e-010a-489b-a32d-dd4f05d29383,2026-09-10T06:00:00Z,2026-09-10T08:00:00+0200,248.93,EUR/MWh,DE,DE_LU,day_ahead_price,value,2026-09-10T00:56:51Z
2026-09-10T00:53:42Z,2026-09-10T02:53:42+0200,61f23d5e-010a-489b-a32d-dd4f05d29383,2026-09-10T06:15:00Z,2026-09-10T08:15:00+0200,227.5,EUR/MWh,DE,DE_LU,day_ahead_price,value,2026-09-10T00:56:51Z
2026-09-10T00:53:42Z,2026-09-10T02:53:42+0200,61f23d5e-010a-489b-a32d-dd4f05d29383,2026-09-10T06:30:00Z,2026-09-10T08:30:00+0200,216.08,EUR/MWh,DE,DE_LU,day_ahead_price,value,2026-09-10T00:56:51Z
2026-09-10T00:53:42Z,2026-09-10T02:53:42+0200,61f23d5e-010a-489b-a32d-dd4f05d29383,2026-09-10T06:45:00Z,2026-09-10T08:45:00+0200,195.67,EUR/MWh,DE,DE_LU,day_ahead_price,value,2026-09-10T00:56:51Z
2026-09-10T00:53:42Z,2026-09-10T02:53:42+0200,61f23d5e-010a-489b-a32d-dd4f05d29383,2026-09-10T07:00:00Z,2026-09-10T09:00:00+0200,215.99,EUR/MWh,DE,DE_LU,day_ahead_price,value,2026-09-10T00:56:51Z
2026-09-10T00:53:42Z,2026-09-10T02:53:42+0200,61f23d5e-010a-489b-a32d-dd4f05d29383,2026-09-10T07:15:00Z,2026-09-10T09:15:00+0200,195.01,EUR/MWh,DE,DE_LU,day_ahead_price,value,2026-09-10T00:56:51Z
2026-09-10T00:53:42Z,2026-09-10T02:53:42+0200,61f23d5e-010a-489b-a32d-dd4f05d29383,2026-09-10T07:30:00Z,2026-09-10T09:30:00+0200,173.82,EUR/MWh,DE,DE_LU,day_ahead_price,value,2026-09-10T00:56:51Z
2026-09-10T00:53:42Z,2026-09-10T02:53:42+0200,61f23d5e-010a-489b-a32d-dd4f05d29383,2026-09-10T07:45:00Z,2026-09-10T09:45:00+0200,155.09,EUR/MWh,DE,DE_LU,day_ahead_price,value,2026-09-10T00:56:51Z
2026-09-10T00:53:42Z,2026-09-10T02:53:42+0200,61f23d5e-010a-489b-a32d-dd4f05d29383,2026-09-10T08:00:00Z,2026-09-10T10:00:00+0200,174.91,EUR/MWh,DE,DE_LU,day_ahead_price,value,2026-09-10T00:56:51Z
2026-09-10T00:53:42Z,2026-09-10T02:53:42+0200,61f23d5e-010a-489b-a32d-dd4f05d29383,2026-09-10T08:15:00Z,2026-09-10T10:15:00+0200,151.1,EUR/MWh,DE,DE_LU,day_ahead_price,value,2026-09-10T00:56:51Z
2026-09-10T00:53:42Z,2026-09-10T02:53:42+0200,61f23d5e-010a-489b-a32d-dd4f05d29383,2026-09-10T08:30:00Z,2026-09-10T10:30:00+0200,137.25,EUR/MWh,DE,DE_LU,day_ahead_price,value,2026-09-10T00:56:51Z
2026-09-10T00:53:42Z,2026-09-10T02:53:42+0200,61f23d5e-010a-489b-a32d-dd4f05d29383,2026-09-10T08:45:00Z,2026-09-10T10:45:00+0200,122.2,EUR/MWh,DE,DE_LU,day_ahead_price,value,2026-09-10T00:56:51Z
2026-09-10T00:53:42Z,2026-09-10T02:53:42+0200,61f23d5e-010a-489b-a32d-dd4f05d29383,2026-09-10T09:00:00Z,2026-09-10T11:00:00+0200,131.54,EUR/MWh,DE,DE_LU,day_ahead_price,value,2026-09-10T00:56:51Z
2026-09-10T00:53:42Z,2026-09-10T02:53:42+0200,61f23d5e-010a-489b-a32d-dd4f05d29383,2026-09-10T09:15:00Z,2026-09-10T11:15:00+0200,117.81,EUR/MWh,DE,DE_LU,day_ahead_price,value,2026-09-10T00:56:51Z
2026-09-10T00:53:42Z,2026-09-10T02:53:42+0200,61f23d5e-010a-489b-a32d-dd4f05d29383,2026-09-10T09:30:00Z,2026-09-10T11:30:00+0200,99.16,EUR/MWh,DE,DE_LU,day_ahead_price,value,2026-09-10T00:56:51Z
2026-09-10T00:53:42Z,2026-09-10T02:53:42+0200,61f23d5e-010a-489b-a32d-dd4f05d29383,2026-09-10T09:45:00Z,2026-09-10T11:45:00+0200,73.77,EUR/MWh,DE,DE_LU,day_ahead_price,value,2026-09-10T00:56:51Z
2026-09-10T00:53:42Z,2026-09-10T02:53:42+0200,61f23d5e-010a-489b-a32d-dd4f05d29383,2026-09-10T10:00:00Z,2026-09-10T12:00:00+0200,90.0,EUR/MWh,DE,DE_LU,day_ahead_price,value,2026-09-10T00:56:51Z
2026-09-10T00:53:42Z,2026-09-10T02:53:42+0200,61f23d5e-010a-489b-a32d-dd4f05d29383,2026-09-10T10:15:00Z,2026-09-10T12:15:00+0200,75.98,EUR/MWh,DE,DE_LU,day_ahead_price,value,2026-09-10T00:56:51Z
2026-09-10T00:53:42Z,2026-09-10T02:53:42+0200,61f23d5e-010a-489b-a32d-dd4f05d29383,2026-09-10T10:30:00Z,2026-09-10T12:30:00+0200,74.57,EUR/MWh,DE,DE_LU,day_ahead_price,value,2026-09-10T00:56:51Z
2026-09-10T00:53:42Z,2026-09-10T02:53:42+0200,61f23d5e-010a-489b-a32d-dd4f05d29383,2026-09-10T10:45:00Z,2026-09-10T12:45:00+0200,66.02,EUR/MWh,DE,DE_LU,day_ahead_price,value,2026-09-10T00:56:51Z
2026-09-10T00:53:42Z,2026-09-10T02:53:42+0200,61f23d5e-010a-489b-a32d-dd4f05d29383,2026-09-10T11:00:00Z,2026-09-10T13:00:00+0200,69.38,EUR/MWh,DE,DE_LU,day_ahead_price,value,2026-09-10T00:56:51Z
2026-09-10T00:53:42Z,2026-09-10T02:53:42+0200,61f23d5e-010a-489b-a32d-dd4f05d29383,2026-09-10T11:15:00Z,2026-09-10T13:15:00+0200,62.38,EUR/MWh,DE,DE_LU,day_ahead_price,value,2026-09-10T00:56:51Z
2026-09-10T00:53:42Z,2026-09-10T02:53:42+0200,61f23d5e-010a-489b-a32d-dd4f05d29383,2026-09-10T11:30:00Z,2026-09-10T13:30:00+0200,63.46,EUR/MWh,DE,DE_LU,day_ahead_price,value,2026-09-10T00:56:51Z
2026-09-10T00:53:42Z,2026-09-10T02:53:42+0200,61f23d5e-010a-489b-a32d-dd4f05d29383,2026-09-10T11:45:00Z,2026-09-10T13:45:00+0200,69.34,EUR/MWh,DE,DE_LU,day_ahead_price,value,2026-09-10T00:56:51Z
2026-09-10T00:53:42Z,2026-09-10T02:53:42+0200,61f23d5e-010a-489b-a32d-dd4f05d29383,2026-09-10T12:00:00Z,2026-09-10T14:00:00+0200,77.66,EUR/MWh,DE,DE_LU,day_ahead_price,value,2026-09-10T00:56:51Z
2026-09-10T00:53:42Z,2026-09-10T02:53:42+0200,61f23d5e-010a-489b-a32d-dd4f05d29383,2026-09-10T12:15:00Z,2026-09-10T14:15:00+0200,89.36,EUR/MWh,DE,DE_LU,day_ahead_price,value,2026-09-10T00:56:51Z
2026-09-10T00:53:42Z,2026-09-10T02:53:42+0200,61f23d5e-010a-489b-a32d-dd4f05d29383,2026-09-10T12:30:00Z,2026-09-10T14:30:00+0200,96.26,EUR/MWh,DE,DE_LU,day_ahead_price,value,2026-09-10T00:56:51Z
2026-09-10T00:53:42Z,2026-09-10T02:53:42+0200,61f23d5e-010a-489b-a32d-dd4f05d29383,2026-09-10T12:45:00Z,2026-09-10T14:45:00+0200,103.76,EUR/MWh,DE,DE_LU,day_ahead_price,value,2026-09-10T00:56:51Z
2026-09-10T00:53:42Z,2026-09-10T02:53:42+0200,61f23d5e-010a-489b-a32d-dd4f05d29383,2026-09-10T13:00:00Z,2026-09-10T15:00:00+0200,101.36,EUR/MWh,DE,DE_LU,day_ahead_price,value,2026-09-10T00:56:51Z
2026-09-10T00:53:42Z,2026-09-10T02:53:42+0200,61f23d5e-010a-489b-a32d-dd4f05d29383,2026-09-10T13:15:00Z,2026-09-10T15:15:00+0200,112.92,EUR/MWh,DE,DE_LU,day_ahead_price,value,2026-09-10T00:56:51Z
2026-09-10T00:53:42Z,2026-09-10T02:53:42+0200,61f23d5e-010a-489b-a32d-dd4f05d29383,2026-09-10T13:30:00Z,2026-09-10T15:30:00+0200,123.88,EUR/MWh,DE,DE_LU,day_ahead_price,value,2026-09-10T00:56:51Z
2026-09-10T00:53:42Z,2026-09-10T02:53:42+0200,61f23d5e-010a-489b-a32d-dd4f05d29383,2026-09-10T13:45:00Z,2026-09-10T15:45:00+0200,132.54,EUR/MWh,DE,DE_LU,day_ahead_price,value,2026-09-10T00:56:51Z
2026-09-10T00:53:42Z,2026-09-10T02:53:42+0200,61f23d5e-010a-489b-a32d-dd4f05d29383,2026-09-10T14:00:00Z,2026-09-10T16:00:00+0200,111.19,EUR/MWh,DE,DE_LU,day_ahead_price,value,2026-09-10T00:56:51Z
2026-09-10T00:53:42Z,2026-09-10T02:53:42+0200,61f23d5e-010a-489b-a32d-dd4f05d29383,2026-09-10T14:15:00Z,2026-09-10T16:15:00+0200,143.2,EUR/MWh,DE,DE_LU,day_ahead_price,value,2026-09-10T00:56:51Z
2026-09-10T00:53:42Z,2026-09-10T02:53:42+0200,61f23d5e-010a-489b-a32d-dd4f05d29383,2026-09-10T14:30:00Z,2026-09-10T16:30:00+0200,162.02,EUR/MWh,DE,DE_LU,day_ahead_price,value,2026-09-10T00:56:51Z
2026-09-10T00:53:42Z,2026-09-10T02:53:42+0200,61f23d5e-010a-489b-a32d-dd4f05d29383,2026-09-10T14:45:00Z,2026-09-10T16:45:00+0200,181.78,EUR/MWh,DE,DE_LU,day_ahead_price,value,2026-09-10T00:56:51Z
2026-09-10T00:53:42Z,2026-09-10T02:53:42+0200,61f23d5e-010a-489b-a32d-dd4f05d29383,2026-09-10T15:00:00Z,2026-09-10T17:00:00+0200,154.76,EUR/MWh,DE,DE_LU,day_ahead_price,value,2026-09-10T00:56:51Z
2026-09-10T00:53:42Z,2026-09-10T02:53:42+0200,61f23d5e-010a-489b-a32d-dd4f05d29383,2026-09-10T15:15:00Z,2026-09-10T17:15:00+0200,184.41,EUR/MWh,DE,DE_LU,day_ahead_price,value,2026-09-10T00:56:51Z
2026-09-10T00:53:42Z,2026-09-10T02:53:42+0200,61f23d5e-010a-489b-a32d-dd4f05d29383,2026-09-10T15:30:00Z,2026-09-10T17:30:00+0200,196.8,EUR/MWh,DE,DE_LU,day_ahead_price,value,2026-09-10T00:56:51Z
2026-09-10T00:53:42Z,2026-09-10T02:53:42+0200,61f23d5e-010a-489b-a32d-dd4f05d29383,2026-09-10T15:45:00Z,2026-09-10T17:45:00+0200,215.62,EUR/MWh,DE,DE_LU,day_ahead_price,value,2026-09-10T00:56:51Z
2026-09-10T00:53:42Z,2026-09-10T02:53:42+0200,61f23d5e-010a-489b-a32d-dd4f05d29383,2026-09-10T16:00:00Z,2026-09-10T18:00:00+0200,204.41,EUR/MWh,DE,DE_LU,day_ahead_price,value,2026-09-10T00:56:51Z
2026-09-10T00:53:42Z,2026-09-10T02:53:42+0200,61f23d5e-010a-489b-a32d-dd4f05d29383,2026-09-10T16:15:00Z,2026-09-10T18:15:00+0200,238.38,EUR/MWh,DE,DE_LU,day_ahead_price,value,2026-09-10T00:56:51Z
2026-09-10T00:53:42Z,2026-09-10T02:53:42+0200,61f23d5e-010a-489b-a32d-dd4f05d29383,2026-09-10T16:30:00Z,2026-09-10T18:30:00+0200,255.2,EUR/MWh,DE,DE_LU,day_ahead_price,value,2026-09-10T00:56:51Z
2026-09-10T00:53:42Z,2026-09-10T02:53:42+0200,61f23d5e-010a-489b-a32d-dd4f05d29383,2026-09-10T16:45:00Z,2026-09-10T18:45:00+0200,302.01,EUR/MWh,DE,DE_LU,day_ahead_price,value,2026-09-10T00:56:51Z
2026-09-10T00:53:42Z,2026-09-10T02:53:42+0200,61f23d5e-010a-489b-a32d-dd4f05d29383,2026-09-10T17:00:00Z,2026-09-10T19:00:00+0200,354.24,EUR/MWh,DE,DE_LU,day_ahead_price,value,2026-09-10T00:56:51Z
2026-09-10T00:53:42Z,2026-09-10T02:53:42+0200,61f23d5e-010a-489b-a32d-dd4f05d29383,2026-09-10T17:15:00Z,2026-09-10T19:15:00+0200,401.56,EUR/MWh,DE,DE_LU,day_ahead_price,value,2026-09-10T00:56:51Z
2026-09-10T00:53:42Z,2026-09-10T02:53:42+0200,61f23d5e-010a-489b-a32d-dd4f05d29383,2026-09-10T17:30:00Z,2026-09-10T19:30:00+0200,502.54,EUR/MWh,DE,DE_LU,day_ahead_price,value,2026-09-10T00:56:51Z
2026-09-10T00:53:42Z,2026-09-10T02:53:42+0200,61f23d5e-010a-489b-a32d-dd4f05d29383,2026-09-10T17:45:00Z,2026-09-10T19:45:00+0200,585.1,EUR/MWh,DE,DE_LU,day_ahead_price,value,2026-09-10T00:56:51Z
2026-09-10T00:53:42Z,2026-09-10T02:53:42+0200,61f23d5e-010a-489b-a32d-dd4f05d29383,2026-09-10T18:00:00Z,2026-09-10T20:00:00+0200,578.76,EUR/MWh,DE,DE_LU,day_ahead_price,value,2026-09-10T00:56:51Z
2026-09-10T00:53:42Z,2026-09-10T02:53:42+0200,61f23d5e-010a-489b-a32d-dd4f05d29383,2026-09-10T18:15:00Z,2026-09-10T20:15:00+0200,471.93,EUR/MWh,DE,DE_LU,day_ahead_price,value,2026-09-10T00:56:51Z
2026-09-10T00:53:42Z,2026-09-10T02:53:42+0200,61f23d5e-010a-489b-a32d-dd4f05d29383,2026-09-10T18:30:00Z,2026-09-10T20:30:00+0200,366.57,EUR/MWh,DE,DE_LU,day_ahead_price,value,2026-09-10T00:56:51Z
2026-09-10T00:53:42Z,2026-09-10T02:53:42+0200,61f23d5e-010a-489b-a32d-dd4f05d29383,2026-09-10T18:45:00Z,2026-09-10T20:45:00+0200,300.06,EUR/MWh,DE,DE_LU,day_ahead_price,value,2026-09-10T00:56:51Z
2026-09-10T00:53:42Z,2026-09-10T02:53:42+0200,61f23d5e-010a-489b-a32d-dd4f05d29383,2026-09-10T19:00:00Z,2026-09-10T21:00:00+0200,271.39,EUR/MWh,DE,DE_LU,day_ahead_price,value,2026-09-10T00:56:51Z
2026-09-10T00:53:42Z,2026-09-10T02:53:42+0200,61f23d5e-010a-489b-a32d-dd4f05d29383,2026-09-10T19:15:00Z,2026-09-10T21:15:00+0200,268.06,EUR/MWh,DE,DE_LU,day_ahead_price,value,2026-09-10T00:56:51Z
2026-09-10T00:53:42Z,2026-09-10T02:53:42+0200,61f23d5e-010a-489b-a32d-dd4f05d29383,2026-09-10T19:30:00Z,2026-09-10T21:30:00+0200,241.43,EUR/MWh,DE,DE_LU,day_ahead_price,value,2026-09-10T00:56:51Z
2026-09-10T00:53:42Z,2026-09-10T02:53:42+0200,61f23d5e-010a-489b-a32d-dd4f05d29383,2026-09-10T19:45:00Z,2026-09-10T21:45:00+0200,238.01,EUR/MWh,DE,DE_LU,day_ahead_price,value,2026-09-10T00:56:51Z
2026-09-10T00:53:42Z,2026-09-10T02:53:42+0200,61f23d5e-010a-489b-a32d-dd4f05d29383,2026-09-10T20:00:00Z,2026-09-10T22:00:00+0200,239.7,EUR/MWh,DE,DE_LU,day_ahead_price,value,2026-09-10T00:56:51Z
2026-09-10T00:53:42Z,2026-09-10T02:53:42+0200,61f23d5e-010a-489b-a32d-dd4f05d29383,2026-09-10T20:15:00Z,2026-09-10T22:15:00+0200,226.41,EUR/MWh,DE,DE_LU,day_ahead_price,value,2026-09-10T00:56:51Z
2026-09-10T00:53:42Z,2026-09-10T02:53:42+0200,61f23d5e-010a-489b-a32d-dd4f05d29383,2026-09-10T20:30:00Z,2026-09-10T22:30:00+0200,222.95,EUR/MWh,DE,DE_LU,day_ahead_price,value,2026-09-10T00:56:51Z
2026-09-10T00:53:42Z,2026-09-10T02:53:42+0200,61f23d5e-010a-489b-a32d-dd4f05d29383,2026-09-10T20:45:00Z,2026-09-10T22:45:00+0200,211.3,EUR/MWh,DE,DE_LU,day_ahead_price,value,2026-09-10T00:56:51Z
2026-09-10T00:53:42Z,2026-09-10T02:53:42+0200,61f23d5e-010a-489b-a32d-dd4f05d29383,2026-09-10T21:00:00Z,2026-09-10T23:00:00+0200,218.15,EUR/MWh,DE,DE_LU,day_ahead_price,value,2026-09-10T00:56:51Z
2026-09-10T00:53:42Z,2026-09-10T02:53:42+0200,61f23d5e-010a-489b-a32d-dd4f05d29383,2026-09-10T21:15:00Z,2026-09-10T23:15:00+0200,210.54,EUR/MWh,DE,DE_LU,day_ahead_price,value,2026-09-10T00:56:51Z
2026-09-10T00:53:42Z,2026-09-10T02:53:42+0200,61f23d5e-010a-489b-a32d-dd4f05d29383,2026-09-10T21:30:00Z,2026-09-10T23:30:00+0200,197.59,EUR/MWh,DE,DE_LU,day_ahead_price,value,2026-09-10T00:56:51Z
2026-09-10T00:53:42Z,2026-09-10T02:53:42+0200,61f23d5e-010a-489b-a32d-dd4f05d29383,2026-09-10T21:45:00Z,2026-09-10T23:45:00+0200,171.33,EUR/MWh,DE,DE_LU,day_ahead_price,value,2026-09-10T00:56:51Z
