collection_time_utc,collection_time_local,run_id,timestamp_utc,timestamp_local,value,unit,country,entsoe_area,variable,source,updated_at_utc
2026-09-12T13:58:08Z,2026-09-12T15:58:08+0200,6b132f0b-49c7-4206-864e-1e81037a76e9,2026-09-05T14:15:00Z,2026-09-05T16:15:00+0200,-4.74,EUR/MWh,DE,DE_LU,day_ahead_price,value,2026-09-12T14:01:22Z
2026-09-12T13:58:08Z,2026-09-12T15:58:08+0200,6b132f0b-49c7-4206-864e-1e81037a76e9,2026-09-05T14:30:00Z,2026-09-05T16:30:00+0200,-2.02,EUR/MWh,DE,DE_LU,day_ahead_price,value,2026-09-12T14:01:22Z
2026-09-12T13:58:08Z,2026-09-12T15:58:08+0200,6b132f0b-49c7-4206-864e-1e81037a76e9,2026-09-05T14:45:00Z,2026-09-05T16:45:00+0200,-1.0,EUR/MWh,DE,DE_LU,day_ahead_price,value,2026-09-12T14:01:22Z
2026-09-12T13:58:08Z,2026-09-12T15:58:08+0200,6b132f0b-49c7-4206-864e-1e81037a76e9,2026-09-05T15:00:00Z,2026-09-05T17:00:00+0200,-0.13,EUR/MWh,DE,DE_LU,day_ahead_price,value,2026-09-12T14:01:22Z
2026-09-12T13:58:08Z,2026-09-12T15:58:08+0200,6b132f0b-49c7-4206-864e-1e81037a76e9,2026-09-05T15:15:00Z,2026-09-05T17:15:00+0200,-0.01,EUR/MWh,DE,DE_LU,day_ahead_price,value,2026-09-12T14:01:22Z
2026-09-12T13:58:08Z,2026-09-12T15:58:08+0200,6b132f0b-49c7-4206-864e-1e81037a76e9,2026-09-05T15:30:00Z,2026-09-05T17:30:00+0200,0.0,EUR/MWh,DE,DE_LU,day_ahead_price,value,2026-09-12T14:01:22Z
2026-09-12T13:58:08Z,2026-09-12T15:58:08+0200,6b132f0b-49c7-4206-864e-1e81037a76e9,2026-09-05T15:45:00Z,2026-09-05T17:45:00+0200,0.01,EUR/MWh,DE,DE_LU,day_ahead_price,value,2026-09-12T14:01:22Z
2026-09-12T13:58:08Z,2026-09-12T15:58:08+0200,6b132f0b-49c7-4206-864e-1e81037a76e9,2026-09-05T16:00:00Z,2026-09-05T18:00:00+0200,0.06,EUR/MWh,DE,DE_LU,day_ahead_price,value,2026-09-12T14:01:22Z
2026-09-12T13:58:08Z,2026-09-12T15:58:08+0200,6b132f0b-49c7-4206-864e-1e81037a76e9,2026-09-05T16:15:00Z,2026-09-05T18:15:00+0200,33.44,EUR/MWh,DE,DE_LU,day_ahead_price,value,2026-09-12T14:01:22Z
2026-09-12T13:58:08Z,2026-09-12T15:58:08+0200,6b132f0b-49c7-4206-864e-1e81037a76e9,2026-09-05T16:30:00Z,2026-09-05T18:30:00+0200,46.19,EUR/MWh,DE,DE_LU,day_ahead_price,value,2026-09-12T14:01:22Z
2026-09-12T13:58:08Z,2026-09-12T15:58:08+0200,6b132f0b-49c7-4206-864e-1e81037a76e9,2026-09-05T16:45:00Z,2026-09-05T18:45:00+0200,76.83,EUR/MWh,DE,DE_LU,day_ahead_price,value,2026-09-12T14:01:22Z
2026-09-12T13:58:08Z,2026-09-12T15:58:08+0200,6b132f0b-49c7-4206-864e-1e81037a76e9,2026-09-05T17:00:00Z,2026-09-05T19:00:00+0200,87.2,EUR/MWh,DE,DE_LU,day_ahead_price,value,2026-09-12T14:01:22Z
2026-09-12T13:58:08Z,2026-09-12T15:58:08+0200,6b132f0b-49c7-4206-864e-1e81037a76e9,2026-09-05T17:15:00Z,2026-09-05T19:15:00+0200,103.34,EUR/MWh,DE,DE_LU,day_ahead_price,value,2026-09-12T14:01:22Z
2026-09-12T13:58:08Z,2026-09-12T15:58:08+0200,6b132f0b-49c7-4206-864e-1e81037a76e9,2026-09-05T17:30:00Z,2026-09-05T19:30:00+0200,105.51,EUR/MWh,DE,DE_LU,day_ahead_price,value,2026-09-12T14:01:22Z
2026-09-12T13:58:08Z,2026-09-12T15:58:08+0200,6b132f0b-49c7-4206-864e-1e81037a76e9,2026-09-05T17:45:00Z,2026-09-05T19:45:00+0200,114.91,EUR/MWh,DE,DE_LU,day_ahead_price,value,2026-09-12T14:01:22Z
2026-09-12T13:58:08Z,2026-09-12T15:58:08+0200,6b132f0b-49c7-4206-864e-1e81037a76e9,2026-09-05T18:00:00Z,2026-09-05T20:00:00+0200,115.25,EUR/MWh,DE,DE_LU,day_ahead_price,value,2026-09-12T14:01:22Z
2026-09-12T13:58:08Z,2026-09-12T15:58:08+0200,6b132f0b-49c7-4206-864e-1e81037a76e9,2026-09-05T18:15:00Z,2026-09-05T20:15:00+0200,115.66,EUR/MWh,DE,DE_LU,day_ahead_price,value,2026-09-12T14:01:22Z
2026-09-12T13:58:08Z,2026-09-12T15:58:08+0200,6b132f0b-49c7-4206-864e-1e81037a76e9,2026-09-05T18:30:00Z,2026-09-05T20:30:00+0200,118.15,EUR/MWh,DE,DE_LU,day_ahead_price,value,2026-09-12T14:01:22Z
2026-09-12T13:58:08Z,2026-09-12T15:58:08+0200,6b132f0b-49c7-4206-864e-1e81037a76e9,2026-09-05T18:45:00Z,2026-09-05T20:45:00+0200,114.91,EUR/MWh,DE,DE_LU,day_ahead_price,value,2026-09-12T14:01:22Z
2026-09-12T13:58:08Z,2026-09-12T15:58:08+0200,6b132f0b-49c7-4206-864e-1e81037a76e9,2026-09-05T19:00:00Z,2026-09-05T21:00:00+0200,115.31,EUR/MWh,DE,DE_LU,day_ahead_price,value,2026-09-12T14:01:22Z
2026-09-12T13:58:08Z,2026-09-12T15:58:08+0200,6b132f0b-49c7-4206-864e-1e81037a76e9,2026-09-05T19:15:00Z,2026-09-05T21:15:00+0200,111.71,EUR/MWh,DE,DE_LU,day_ahead_price,value,2026-09-12T14:01:22Z
2026-09-12T13:58:08Z,2026-09-12T15:58:08+0200,6b132f0b-49c7-4206-864e-1e81037a76e9,2026-09-05T19:30:00Z,2026-09-05T21:30:00+0200,107.78,EUR/MWh,DE,DE_LU,day_ahead_price,value,2026-09-12T14:01:22Z
2026-09-12T13:58:08Z,2026-09-12T15:58:08+0200,6b132f0b-49c7-4206-864e-1e81037a76e9,2026-09-05T19:45:00Z,2026-09-05T21:45:00+0200,104.81,EUR/MWh,DE,DE_LU,day_ahead_price,value,2026-09-12T14:01:22Z
2026-09-12T13:58:08Z,2026-09-12T15:58:08+0200,6b132f0b-49c7-4206-864e-1e81037a76e9,2026-09-05T20:00:00Z,2026-09-05T22:00:00+0200,110.79,EUR/MWh,DE,DE_LU,day_ahead_price,value,2026-09-12T14:01:22Z
2026-09-12T13:58:08Z,2026-09-12T15:58:08+0200,6b132f0b-49c7-4206-864e-1e81037a76e9,2026-09-05T20:15:00Z,2026-09-05T22:15:00+0200,109.21,EUR/MWh,DE,DE_LU,day_ahead_price,value,2026-09-12T14:01:22Z
2026-09-12T13:58:08Z,2026-09-12T15:58:08+0200,6b132f0b-49c7-4206-864e-1e81037a76e9,2026-09-05T20:30:00Z,2026-09-05T22:30:00+0200,106.69,EUR/MWh,DE,DE_LU,day_ahead_price,value,2026-09-12T14:01:22Z
2026-09-12T13:58:08Z,2026-09-12T15:58:08+0200,6b132f0b-49c7-4206-864e-1e81037a76e9,2026-09-05T20:45:00Z,2026-09-05T22:45:00+0200,104.72,EUR/MWh,DE,DE_LU,day_ahead_price,value,2026-09-12T14:01:22Z
2026-09-12T13:58:08Z,2026-09-12T15:58:08+0200,6b132f0b-49c7-4206-864e-1e81037a76e9,2026-09-05T21:00:00Z,2026-09-05T23:00:00+0200,101.63,EUR/MWh,DE,DE_LU,day_ahead_price,value,2026-09-12T14:01:22Z
2026-09-12T13:58:08Z,2026-09-12T15:58:08+0200,6b132f0b-49c7-4206-864e-1e81037a76e9,2026-09-05T21:15:00Z,2026-09-05T23:15:00+0200,99.61,EUR/MWh,DE,DE_LU,day_ahead_price,value,2026-09-12T14:01:22Z
2026-09-12T13:58:08Z,2026-09-12T15:58:08+0200,6b132f0b-49c7-4206-864e-1e81037a76e9,2026-09-05T21:30:00Z,2026-09-05T23:30:00+0200,102.84,EUR/MWh,DE,DE_LU,day_ahead_price,value,2026-09-12T14:01:22Z
2026-09-12T13:58:08Z,2026-09-12T15:58:08+0200,6b132f0b-49c7-4206-864e-1e81037a76e9,2026-09-05T21:45:00Z,2026-09-05T23:45:00+0200,99.75,EUR/MWh,DE,DE_LU,day_ahead_price,value,2026-09-12T14:01:22Z
2026-09-12T13:58:08Z,2026-09-12T15:58:08+0200,6b132f0b-49c7-4206-864e-1e81037a76e9,2026-09-05T22:00:00Z,2026-09-06T00:00:00+0200,137.91,EUR/MWh,DE,DE_LU,day_ahead_price,value,2026-09-12T14:01:22Z
2026-09-12T13:58:08Z,2026-09-12T15:58:08+0200,6b132f0b-49c7-4206-864e-1e81037a76e9,2026-09-05T22:15:00Z,2026-09-06T00:15:00+0200,134.93,EUR/MWh,DE,DE_LU,day_ahead_price,value,2026-09-12T14:01:22Z
2026-09-12T13:58:08Z,2026-09-12T15:58:08+0200,6b132f0b-49c7-4206-864e-1e81037a76e9,2026-09-05T22:30:00Z,2026-09-06T00:30:00+0200,128.97,EUR/MWh,DE,DE_LU,day_ahead_price,value,2026-09-12T14:01:22Z
2026-09-12T13:58:08Z,2026-09-12T15:58:08+0200,6b132f0b-49c7-4206-864e-1e81037a76e9,2026-09-05T22:45:00Z,2026-09-06T00:45:00+0200,111.09,EUR/MWh,DE,DE_LU,day_ahead_price,value,2026-09-12T14:01:22Z
2026-09-12T13:58:08Z,2026-09-12T15:58:08+0200,6b132f0b-49c7-4206-864e-1e81037a76e9,2026-09-05T23:00:00Z,2026-09-06T01:00:00+0200,129.99,EUR/MWh,DE,DE_LU,day_ahead_price,value,2026-09-12T14:01:22Z
2026-09-12T13:58:08Z,2026-09-12T15:58:08+0200,6b132f0b-49c7-4206-864e-1e81037a76e9,2026-09-05T23:15:00Z,2026-09-06T01:15:00+0200,121.01,EUR/MWh,DE,DE_LU,day_ahead_price,value,2026-09-12T14:01:22Z
2026-09-12T13:58:08Z,2026-09-12T15:58:08+0200,6b132f0b-49c7-4206-864e-1e81037a76e9,2026-09-05T23:30:00Z,2026-09-06T01:30:00+0200,124.7,EUR/MWh,DE,DE_LU,day_ahead_price,value,2026-09-12T14:01:22Z
2026-09-12T13:58:08Z,2026-09-12T15:58:08+0200,6b132f0b-49c7-4206-864e-1e81037a76e9,2026-09-05T23:45:00Z,2026-09-06T01:45:00+0200,129.67,EUR/MWh,DE,DE_LU,day_ahead_price,value,2026-09-12T14:01:22Z
2026-09-12T13:58:08Z,2026-09-12T15:58:08+0200,6b132f0b-49c7-4206-864e-1e81037a76e9,2026-09-06T00:00:00Z,2026-09-06T02:00:00+0200,136.79,EUR/MWh,DE,DE_LU,day_ahead_price,value,2026-09-12T14:01:22Z
2026-09-12T13:58:08Z,2026-09-12T15:58:08+0200,6b132f0b-49c7-4206-864e-1e81037a76e9,2026-09-06T00:15:00Z,2026-09-06T02:15:00+0200,137.11,EUR/MWh,DE,DE_LU,day_ahead_price,value,2026-09-12T14:01:22Z
2026-09-12T13:58:08Z,2026-09-12T15:58:08+0200,6b132f0b-49c7-4206-864e-1e81037a76e9,2026-09-06T00:30:00Z,2026-09-06T02:30:00+0200,135.83,EUR/MWh,DE,DE_LU,day_ahead_price,value,2026-09-12T14:01:22Z
2026-09-12T13:58:08Z,2026-09-12T15:58:08+0200,6b132f0b-49c7-4206-864e-1e81037a76e9,2026-09-06T00:45:00Z,2026-09-06T02:45:00+0200,132.01,EUR/MWh,DE,DE_LU,day_ahead_price,value,2026-09-12T14:01:22Z
2026-09-12T13:58:08Z,2026-09-12T15:58:08+0200,6b132f0b-49c7-4206-864e-1e81037a76e9,2026-09-06T01:00:00Z,2026-09-06T03:00:00+0200,136.89,EUR/MWh,DE,DE_LU,day_ahead_price,value,2026-09-12T14:01:22Z
2026-09-12T13:58:08Z,2026-09-12T15:58:08+0200,6b132f0b-49c7-4206-864e-1e81037a76e9,2026-09-06T01:15:00Z,2026-09-06T03:15:00+0200,135.24,EUR/MWh,DE,DE_LU,day_ahead_price,value,2026-09-12T14:01:22Z
2026-09-12T13:58:08Z,2026-09-12T15:58:08+0200,6b132f0b-49c7-4206-864e-1e81037a76e9,2026-09-06T01:30:00Z,2026-09-06T03:30:00+0200,134.78,EUR/MWh,DE,DE_LU,day_ahead_price,value,2026-09-12T14:01:22Z
2026-09-12T13:58:08Z,2026-09-12T15:58:08+0200,6b132f0b-49c7-4206-864e-1e81037a76e9,2026-09-06T01:45:00Z,2026-09-06T03:45:00+0200,134.99,EUR/MWh,DE,DE_LU,day_ahead_price,value,2026-09-12T14:01:22Z
2026-09-12T13:58:08Z,2026-09-12T15:58:08+0200,6b132f0b-49c7-4206-864e-1e81037a76e9,2026-09-06T02:00:00Z,2026-09-06T04:00:00+0200,138.84,EUR/MWh,DE,DE_LU,day_ahead_price,value,2026-09-12T14:01:22Z
2026-09-12T13:58:08Z,2026-09-12T15:58:08+0200,6b132f0b-49c7-4206-864e-1e81037a76e9,2026-09-06T02:15:00Z,2026-09-06T04:15:00+0200,140.0,EUR/MWh,DE,DE_LU,day_ahead_price,value,2026-09-12T14:01:22Z
2026-09-12T13:58:08Z,2026-09-12T15:58:08+0200,6b132f0b-49c7-4206-864e-1e81037a76e9,2026-09-06T02:30:00Z,2026-09-06T04:30:00+0200,142.26,EUR/MWh,DE,DE_LU,day_ahead_price,value,2026-09-12T14:01:22Z
2026-09-12T13:58:08Z,2026-09-12T15:58:08+0200,6b132f0b-49c7-4206-864e-1e81037a76e9,2026-09-06T02:45:00Z,2026-09-06T04:45:00+0200,145.0,EUR/MWh,DE,DE_LU,day_ahead_price,value,2026-09-12T14:01:22Z
2026-09-12T13:58:08Z,2026-09-12T15:58:08+0200,6b132f0b-49c7-4206-864e-1e81037a76e9,2026-09-06T03:00:00Z,2026-09-06T05:00:00+0200,140.0,EUR/MWh,DE,DE_LU,day_ahead_price,value,2026-09-12T14:01:22Z
2026-09-12T13:58:08Z,2026-09-12T15:58:08+0200,6b132f0b-49c7-4206-864e-1e81037a76e9,2026-09-06T03:15:00Z,2026-09-06T05:15:00+0200,140.97,EUR/MWh,DE,DE_LU,day_ahead_price,value,2026-09-12T14:01:22Z
2026-09-12T13:58:08Z,2026-09-12T15:58:08+0200,6b132f0b-49c7-4206-864e-1e81037a76e9,2026-09-06T03:30:00Z,2026-09-06T05:30:00+0200,145.39,EUR/MWh,DE,DE_LU,day_ahead_price,value,2026-09-12T14:01:22Z
2026-09-12T13:58:08Z,2026-09-12T15:58:08+0200,6b132f0b-49c7-4206-864e-1e81037a76e9,2026-09-06T03:45:00Z,2026-09-06T05:45:00+0200,143.77,EUR/MWh,DE,DE_LU,day_ahead_price,value,2026-09-12T14:01:22Z
2026-09-12T13:58:08Z,2026-09-12T15:58:08+0200,6b132f0b-49c7-4206-864e-1e81037a76e9,2026-09-06T04:00:00Z,2026-09-06T06:00:00+0200,142.19,EUR/MWh,DE,DE_LU,day_ahead_price,value,2026-09-12T14:01:22Z
2026-09-12T13:58:08Z,2026-09-12T15:58:08+0200,6b132f0b-49c7-4206-864e-1e81037a76e9,2026-09-06T04:15:00Z,2026-09-06T06:15:00+0200,144.27,EUR/MWh,DE,DE_LU,day_ahead_price,value,2026-09-12T14:01:22Z
2026-09-12T13:58:08Z,2026-09-12T15:58:08+0200,6b132f0b-49c7-4206-864e-1e81037a76e9,2026-09-06T04:30:00Z,2026-09-06T06:30:00+0200,144.73,EUR/MWh,DE,DE_LU,day_ahead_price,value,2026-09-12T14:01:22Z
2026-09-12T13:58:08Z,2026-09-12T15:58:08+0200,6b132f0b-49c7-4206-864e-1e81037a76e9,2026-09-06T04:45:00Z,2026-09-06T06:45:00+0200,141.77,EUR/MWh,DE,DE_LU,day_ahead_price,value,2026-09-12T14:01:22Z
2026-09-12T13:58:08Z,2026-09-12T15:58:08+0200,6b132f0b-49c7-4206-864e-1e81037a76e9,2026-09-06T05:00:00Z,2026-09-06T07:00:00+0200,144.18,EUR/MWh,DE,DE_LU,day_ahead_price,value,2026-09-12T14:01:22Z
2026-09-12T13:58:08Z,2026-09-12T15:58:08+0200,6b132f0b-49c7-4206-864e-1e81037a76e9,2026-09-06T05:15:00Z,2026-09-06T07:15:00+0200,138.41,EUR/MWh,DE,DE_LU,day_ahead_price,value,2026-09-12T14:01:22Z
2026-09-12T13:58:08Z,2026-09-12T15:58:08+0200,6b132f0b-49c7-4206-864e-1e81037a76e9,2026-09-06T05:30:00Z,2026-09-06T07:30:00+0200,129.9,EUR/MWh,DE,DE_LU,day_ahead_price,value,2026-09-12T14:01:22Z
2026-09-12T13:58:08Z,2026-09-12T15:58:08+0200,6b132f0b-49c7-4206-864e-1e81037a76e9,2026-09-06T05:45:00Z,2026-09-06T07:45:00+0200,119.91,EUR/MWh,DE,DE_LU,day_ahead_price,value,2026-09-12T14:01:22Z
2026-09-12T13:58:08Z,2026-09-12T15:58:08+0200,6b132f0b-49c7-4206-864e-1e81037a76e9,2026-09-06T06:00:00Z,2026-09-06T08:00:00+0200,137.76,EUR/MWh,DE,DE_LU,day_ahead_price,value,2026-09-12T14:01:22Z
2026-09-12T13:58:08Z,2026-09-12T15:58:08+0200,6b132f0b-49c7-4206-864e-1e81037a76e9,2026-09-06T06:15:00Z,2026-09-06T08:15:00+0200,123.48,EUR/MWh,DE,DE_LU,day_ahead_price,value,2026-09-12T14:01:22Z
2026-09-12T13:58:08Z,2026-09-12T15:58:08+0200,6b132f0b-49c7-4206-864e-1e81037a76e9,2026-09-06T06:30:00Z,2026-09-06T08:30:00+0200,97.95,EUR/MWh,DE,DE_LU,day_ahead_price,value,2026-09-12T14:01:22Z
2026-09-12T13:58:08Z,2026-09-12T15:58:08+0200,6b132f0b-49c7-4206-864e-1e81037a76e9,2026-09-06T06:45:00Z,2026-09-06T08:45:00+0200,79.12,EUR/MWh,DE,DE_LU,day_ahead_price,value,2026-09-12T14:01:22Z
2026-09-12T13:58:08Z,2026-09-12T15:58:08+0200,6b132f0b-49c7-4206-864e-1e81037a76e9,2026-09-06T07:00:00Z,2026-09-06T09:00:00+0200,77.82,EUR/MWh,DE,DE_LU,day_ahead_price,value,2026-09-12T14:01:22Z
2026-09-12T13:58:08Z,2026-09-12T15:58:08+0200,6b132f0b-49c7-4206-864e-1e81037a76e9,2026-09-06T07:15:00Z,2026-09-06T09:15:00+0200,53.4,EUR/MWh,DE,DE_LU,day_ahead_price,value,2026-09-12T14:01:22Z
2026-09-12T13:58:08Z,2026-09-12T15:58:08+0200,6b132f0b-49c7-4206-864e-1e81037a76e9,2026-09-06T07:30:00Z,2026-09-06T09:30:00+0200,10.29,EUR/MWh,DE,DE_LU,day_ahead_price,value,2026-09-12T14:01:22Z
2026-09-12T13:58:08Z,2026-09-12T15:58:08+0200,6b132f0b-49c7-4206-864e-1e81037a76e9,2026-09-06T07:45:00Z,2026-09-06T09:45:00+0200,5.74,EUR/MWh,DE,DE_LU,day_ahead_price,value,2026-09-12T14:01:22Z
2026-09-12T13:58:08Z,2026-09-12T15:58:08+0200,6b132f0b-49c7-4206-864e-1e81037a76e9,2026-09-06T08:00:00Z,2026-09-06T10:00:00+0200,1.74,EUR/MWh,DE,DE_LU,day_ahead_price,value,2026-09-12T14:01:22Z
2026-09-12T13:58:08Z,2026-09-12T15:58:08+0200,6b132f0b-49c7-4206-864e-1e81037a76e9,2026-09-06T08:15:00Z,2026-09-06T10:15:00+0200,0.28,EUR/MWh,DE,DE_LU,day_ahead_price,value,2026-09-12T14:01:22Z
2026-09-12T13:58:08Z,2026-09-12T15:58:08+0200,6b132f0b-49c7-4206-864e-1e81037a76e9,2026-09-06T08:30:00Z,2026-09-06T10:30:00+0200,0.01,EUR/MWh,DE,DE_LU,day_ahead_price,value,2026-09-12T14:01:22Z
2026-09-12T13:58:08Z,2026-09-12T15:58:08+0200,6b132f0b-49c7-4206-864e-1e81037a76e9,2026-09-06T08:45:00Z,2026-09-06T10:45:00+0200,0.0,EUR/MWh,DE,DE_LU,day_ahead_price,value,2026-09-12T14:01:22Z
2026-09-12T13:58:08Z,2026-09-12T15:58:08+0200,6b132f0b-49c7-4206-864e-1e81037a76e9,2026-09-06T09:00:00Z,2026-09-06T11:00:00+0200,0.0,EUR/MWh,DE,DE_LU,day_ahead_price,value,2026-09-12T14:01:22Z
2026-09-12T13:58:08Z,2026-09-12T15:58:08+0200,6b132f0b-49c7-4206-864e-1e81037a76e9,2026-09-06T09:15:00Z,2026-09-06T11:15:00+0200,0.0,EUR/MWh,DE,DE_LU,day_ahead_price,value,2026-09-12T14:01:22Z
2026-09-12T13:58:08Z,2026-09-12T15:58:08+0200,6b132f0b-49c7-4206-864e-1e81037a76e9,2026-09-06T09:30:00Z,2026-09-06T11:30:00+0200,-0.01,EUR/MWh,DE,DE_LU,day_ahead_price,value,2026-09-12T14:01:22Z
2026-09-12T13:58:08Z,2026-09-12T15:58:08+0200,6b132f0b-49c7-4206-864e-1e81037a76e9,2026-09-06T09:45:00Z,2026-09-06T11:45:00+0200,-0.13,EUR/MWh,DE,DE_LU,day_ahead_price,value,2026-09-12T14:01:22Z
2026-09-12T13:58:08Z,2026-09-12T15:58:08+0200,6b132f0b-49c7-4206-864e-1e81037a76e9,2026-09-06T10:00:00Z,2026-09-06T12:00:00+0200,-0.49,EUR/MWh,DE,DE_LU,day_ahead_price,value,2026-09-12T14:01:22Z
2026-09-12T13:58:08Z,2026-09-12T15:58:08+0200,6b132f0b-49c7-4206-864e-1e81037a76e9,2026-09-06T10:15:00Z,2026-09-06T12:15:00+0200,-1.19,EUR/MWh,DE,DE_LU,day_ahead_price,value,2026-09-12T14:01:22Z
2026-09-12T13:58:08Z,2026-09-12T15:58:08+0200,6b132f0b-49c7-4206-864e-1e81037a76e9,2026-09-06T10:30:00Z,2026-09-06T12:30:00+0200,-1.3,EUR/MWh,DE,DE_LU,day_ahead_price,value,2026-09-12T14:01:22Z
2026-09-12T13:58:08Z,2026-09-12T15:58:08+0200,6b132f0b-49c7-4206-864e-1e81037a76e9,2026-09-06T10:45:00Z,2026-09-06T12:45:00+0200,-1.48,EUR/MWh,DE,DE_LU,day_ahead_price,value,2026-09-12T14:01:22Z
2026-09-12T13:58:08Z,2026-09-12T15:58:08+0200,6b132f0b-49c7-4206-864e-1e81037a76e9,2026-09-06T11:00:00Z,2026-09-06T13:00:00+0200,-1.63,EUR/MWh,DE,DE_LU,day_ahead_price,value,2026-09-12T14:01:22Z
2026-09-12T13:58:08Z,2026-09-12T15:58:08+0200,6b132f0b-49c7-4206-864e-1e81037a76e9,2026-09-06T11:15:00Z,2026-09-06T13:15:00+0200,-1.81,EUR/MWh,DE,DE_LU,day_ahead_price,value,2026-09-12T14:01:22Z
2026-09-12T13:58:08Z,2026-09-12T15:58:08+0200,6b132f0b-49c7-4206-864e-1e81037a76e9,2026-09-06T11:30:00Z,2026-09-06T13:30:00+0200,-1.74,EUR/MWh,DE,DE_LU,day_ahead_price,value,2026-09-12T14:01:22Z
2026-09-12T13:58:08Z,2026-09-12T15:58:08+0200,6b132f0b-49c7-4206-864e-1e81037a76e9,2026-09-06T11:45:00Z,2026-09-06T13:45:00+0200,-1.35,EUR/MWh,DE,DE_LU,day_ahead_price,value,2026-09-12T14:01:22Z
2026-09-12T13:58:08Z,2026-09-12T15:58:08+0200,6b132f0b-49c7-4206-864e-1e81037a76e9,2026-09-06T12:00:00Z,2026-09-06T14:00:00+0200,-1.46,EUR/MWh,DE,DE_LU,day_ahead_price,value,2026-09-12T14:01:22Z
2026-09-12T13:58:08Z,2026-09-12T15:58:08+0200,6b132f0b-49c7-4206-864e-1e81037a76e9,2026-09-06T12:15:00Z,2026-09-06T14:15:00+0200,-1.0,EUR/MWh,DE,DE_LU,day_ahead_price,value,2026-09-12T14:01:22Z
2026-09-12T13:58:08Z,2026-09-12T15:58:08+0200,6b132f0b-49c7-4206-864e-1e81037a76e9,2026-09-06T12:30:00Z,2026-09-06T14:30:00+0200,-0.1,EUR/MWh,DE,DE_LU,day_ahead_price,value,2026-09-12T14:01:22Z
2026-09-12T13:58:08Z,2026-09-12T15:58:08+0200,6b132f0b-49c7-4206-864e-1e81037a76e9,2026-09-06T12:45:00Z,2026-09-06T14:45:00+0200,-0.06,EUR/MWh,DE,DE_LU,day_ahead_price,value,2026-09-12T14:01:22Z
2026-09-12T13:58:08Z,2026-09-12T15:58:08+0200,6b132f0b-49c7-4206-864e-1e81037a76e9,2026-09-06T13:00:00Z,2026-09-06T15:00:00+0200,-0.02,EUR/MWh,DE,DE_LU,day_ahead_price,value,2026-09-12T14:01:22Z
2026-09-12T13:58:08Z,2026-09-12T15:58:08+0200,6b132f0b-49c7-4206-864e-1e81037a76e9,2026-09-06T13:15:00Z,2026-09-06T15:15:00+0200,-0.01,EUR/MWh,DE,DE_LU,day_ahead_price,value,2026-09-12T14:01:22Z
2026-09-12T13:58:08Z,2026-09-12T15:58:08+0200,6b132f0b-49c7-4206-864e-1e81037a76e9,2026-09-06T13:30:00Z,2026-09-06T15:30:00+0200,0.0,EUR/MWh,DE,DE_LU,day_ahead_price,value,2026-09-12T14:01:22Z
2026-09-12T13:58:08Z,2026-09-12T15:58:08+0200,6b132f0b-49c7-4206-864e-1e81037a76e9,2026-09-06T13:45:00Z,2026-09-06T15:45:00+0200,0.01,EUR/MWh,DE,DE_LU,day_ahead_price,value,2026-09-12T14:01:22Z
2026-09-12T13:58:08Z,2026-09-12T15:58:08+0200,6b132f0b-49c7-4206-864e-1e81037a76e9,2026-09-06T14:00:00Z,2026-09-06T16:00:00+0200,0.01,EUR/MWh,DE,DE_LU,day_ahead_price,value,2026-09-12T14:01:22Z
2026-09-12T13:58:08Z,2026-09-12T15:58:08+0200,6b132f0b-49c7-4206-864e-1e81037a76e9,2026-09-06T14:15:00Z,2026-09-06T16:15:00+0200,1.94,EUR/MWh,DE,DE_LU,day_ahead_price,value,2026-09-12T14:01:22Z
2026-09-12T13:58:08Z,2026-09-12T15:58:08+0200,6b132f0b-49c7-4206-864e-1e81037a76e9,2026-09-06T14:30:00Z,2026-09-06T16:30:00+0200,20.0,EUR/MWh,DE,DE_LU,day_ahead_price,value,2026-09-12T14:01:22Z
2026-09-12T13:58:08Z,2026-09-12T15:58:08+0200,6b132f0b-49c7-4206-864e-1e81037a76e9,2026-09-06T14:45:00Z,2026-09-06T16:45:00+0200,57.83,EUR/MWh,DE,DE_LU,day_ahead_price,value,2026-09-12T14:01:22Z
2026-09-12T13:58:08Z,2026-09-12T15:58:08+0200,6b132f0b-49c7-4206-864e-1e81037a76e9,2026-09-06T15:00:00Z,2026-09-06T17:00:00+0200,57.23,EUR/MWh,DE,DE_LU,day_ahead_price,value,2026-09-12T14:01:22Z
2026-09-12T13:58:08Z,2026-09-12T15:58:08+0200,6b132f0b-49c7-4206-864e-1e81037a76e9,2026-09-06T15:15:00Z,2026-09-06T17:15:00+0200,92.4,EUR/MWh,DE,DE_LU,day_ahead_price,value,2026-09-12T14:01:22Z
2026-09-12T13:58:08Z,2026-09-12T15:58:08+0200,6b132f0b-49c7-4206-864e-1e81037a76e9,2026-09-06T15:30:00Z,2026-09-06T17:30:00+0200,150.74,EUR/MWh,DE,DE_LU,day_ahead_price,value,2026-09-12T14:01:22Z
2026-09-12T13:58:08Z,2026-09-12T15:58:08+0200,6b132f0b-49c7-4206-864e-1e81037a76e9,2026-09-06T15:45:00Z,2026-09-06T17:45:00+0200,192.31,EUR/MWh,DE,DE_LU,day_ahead_price,value,2026-09-12T14:01:22Z
2026-09-12T13:58:08Z,2026-09-12T15:58:08+0200,6b132f0b-49c7-4206-864e-1e81037a76e9,2026-09-06T16:00:00Z,2026-09-06T18:00:00+0200,154.52,EUR/MWh,DE,DE_LU,day_ahead_price,value,2026-09-12T14:01:22Z
2026-09-12T13:58:08Z,2026-09-12T15:58:08+0200,6b132f0b-49c7-4206-864e-1e81037a76e9,2026-09-06T16:15:00Z,2026-09-06T18:15:00+0200,181.83,EUR/MWh,DE,DE_LU,day_ahead_price,value,2026-09-12T14:01:22Z
2026-09-12T13:58:08Z,2026-09-12T15:58:08+0200,6b132f0b-49c7-4206-864e-1e81037a76e9,2026-09-06T16:30:00Z,2026-09-06T18:30:00+0200,205.87,EUR/MWh,DE,DE_LU,day_ahead_price,value,2026-09-12T14:01:22Z
2026-09-12T13:58:08Z,2026-09-12T15:58:08+0200,6b132f0b-49c7-4206-864e-1e81037a76e9,2026-09-06T16:45:00Z,2026-09-06T18:45:00+0200,234.2,EUR/MWh,DE,DE_LU,day_ahead_price,value,2026-09-12T14:01:22Z
2026-09-12T13:58:08Z,2026-09-12T15:58:08+0200,6b132f0b-49c7-4206-864e-1e81037a76e9,2026-09-06T17:00:00Z,2026-09-06T19:00:00+0200,199.96,EUR/MWh,DE,DE_LU,day_ahead_price,value,2026-09-12T14:01:22Z
2026-09-12T13:58:08Z,2026-09-12T15:58:08+0200,6b132f0b-49c7-4206-864e-1e81037a76e9,2026-09-06T17:15:00Z,2026-09-06T19:15:00+0200,221.99,EUR/MWh,DE,DE_LU,day_ahead_price,value,2026-09-12T14:01:22Z
2026-09-12T13:58:08Z,2026-09-12T15:58:08+0200,6b132f0b-49c7-4206-864e-1e81037a76e9,2026-09-06T17:30:00Z,2026-09-06T19:30:00+0200,225.53,EUR/MWh,DE,DE_LU,day_ahead_price,value,2026-09-12T14:01:22Z
2026-09-12T13:58:08Z,2026-09-12T15:58:08+0200,6b132f0b-49c7-4206-864e-1e81037a76e9,2026-09-06T17:45:00Z,2026-09-06T19:45:00+0200,240.47,EUR/MWh,DE,DE_LU,day_ahead_price,value,2026-09-12T14:01:22Z
2026-09-12T13:58:08Z,2026-09-12T15:58:08+0200,6b132f0b-49c7-4206-864e-1e81037a76e9,2026-09-06T18:00:00Z,2026-09-06T20:00:00+0200,224.99,EUR/MWh,DE,DE_LU,day_ahead_price,value,2026-09-12T14:01:22Z
2026-09-12T13:58:08Z,2026-09-12T15:58:08+0200,6b132f0b-49c7-4206-864e-1e81037a76e9,2026-09-06T18:15:00Z,2026-09-06T20:15:00+0200,228.57,EUR/MWh,DE,DE_LU,day_ahead_price,value,2026-09-12T14:01:22Z
2026-09-12T13:58:08Z,2026-09-12T15:58:08+0200,6b132f0b-49c7-4206-864e-1e81037a76e9,2026-09-06T18:30:00Z,2026-09-06T20:30:00+0200,235.06,EUR/MWh,DE,DE_LU,day_ahead_price,value,2026-09-12T14:01:22Z
2026-09-12T13:58:08Z,2026-09-12T15:58:08+0200,6b132f0b-49c7-4206-864e-1e81037a76e9,2026-09-06T18:45:00Z,2026-09-06T20:45:00+0200,222.0,EUR/MWh,DE,DE_LU,day_ahead_price,value,2026-09-12T14:01:22Z
2026-09-12T13:58:08Z,2026-09-12T15:58:08+0200,6b132f0b-49c7-4206-864e-1e81037a76e9,2026-09-06T19:00:00Z,2026-09-06T21:00:00+0200,230.95,EUR/MWh,DE,DE_LU,day_ahead_price,value,2026-09-12T14:01:22Z
2026-09-12T13:58:08Z,2026-09-12T15:58:08+0200,6b132f0b-49c7-4206-864e-1e81037a76e9,2026-09-06T19:15:00Z,2026-09-06T21:15:00+0200,207.44,EUR/MWh,DE,DE_LU,day_ahead_price,value,2026-09-12T14:01:22Z
2026-09-12T13:58:08Z,2026-09-12T15:58:08+0200,6b132f0b-49c7-4206-864e-1e81037a76e9,2026-09-06T19:30:00Z,2026-09-06T21:30:00+0200,200.0,EUR/MWh,DE,DE_LU,day_ahead_price,value,2026-09-12T14:01:22Z
2026-09-12T13:58:08Z,2026-09-12T15:58:08+0200,6b132f0b-49c7-4206-864e-1e81037a76e9,2026-09-06T19:45:00Z,2026-09-06T21:45:00+0200,186.23,EUR/MWh,DE,DE_LU,day_ahead_price,value,2026-09-12T14:01:22Z
2026-09-12T13:58:08Z,2026-09-12T15:58:08+0200,6b132f0b-49c7-4206-864e-1e81037a76e9,2026-09-06T20:00:00Z,2026-09-06T22:00:00+0200,203.97,EUR/MWh,DE,DE_LU,day_ahead_price,value,2026-09-12T14:01:22Z
2026-09-12T13:58:08Z,2026-09-12T15:58:08+0200,6b132f0b-49c7-4206-864e-1e81037a76e9,2026-09-06T20:15:00Z,2026-09-06T22:15:00+0200,191.26,EUR/MWh,DE,DE_LU,day_ahead_price,value,2026-09-12T14:01:22Z
2026-09-12T13:58:08Z,2026-09-12T15:58:08+0200,6b132f0b-49c7-4206-864e-1e81037a76e9,2026-09-06T20:30:00Z,2026-09-06T22:30:00+0200,185.8,EUR/MWh,DE,DE_LU,day_ahead_price,value,2026-09-12T14:01:22Z
2026-09-12T13:58:08Z,2026-09-12T15:58:08+0200,6b132f0b-49c7-4206-864e-1e81037a76e9,2026-09-06T20:45:00Z,2026-09-06T22:45:00+0200,176.51,EUR/MWh,DE,DE_LU,day_ahead_price,value,2026-09-12T14:01:22Z
2026-09-12T13:58:08Z,2026-09-12T15:58:08+0200,6b132f0b-49c7-4206-864e-1e81037a76e9,2026-09-06T21:00:00Z,2026-09-06T23:00:00+0200,182.34,EUR/MWh,DE,DE_LU,day_ahead_price,value,2026-09-12T14:01:22Z
2026-09-12T13:58:08Z,2026-09-12T15:58:08+0200,6b132f0b-49c7-4206-864e-1e81037a76e9,2026-09-06T21:15:00Z,2026-09-06T23:15:00+0200,171.84,EUR/MWh,DE,DE_LU,day_ahead_price,value,2026-09-12T14:01:22Z
2026-09-12T13:58:08Z,2026-09-12T15:58:08+0200,6b132f0b-49c7-4206-864e-1e81037a76e9,2026-09-06T21:30:00Z,2026-09-06T23:30:00+0200,170.43,EUR/MWh,DE,DE_LU,day_ahead_price,value,2026-09-12T14:01:22Z
2026-09-12T13:58:08Z,2026-09-12T15:58:08+0200,6b132f0b-49c7-4206-864e-1e81037a76e9,2026-09-06T21:45:00Z,2026-09-06T23:45:00+0200,153.72,EUR/MWh,DE,DE_LU,day_ahead_price,value,2026-09-12T14:01:22Z
2026-09-12T13:58:08Z,2026-09-12T15:58:08+0200,6b132f0b-49c7-4206-864e-1e81037a76e9,2026-09-06T22:00:00Z,2026-09-07T00:00:00+0200,169.99,EUR/MWh,DE,DE_LU,day_ahead_price,value,2026-09-12T14:01:22Z
2026-09-12T13:58:08Z,2026-09-12T15:58:08+0200,6b132f0b-49c7-4206-864e-1e81037a76e9,2026-09-06T22:15:00Z,2026-09-07T00:15:00+0200,156.71,EUR/MWh,DE,DE_LU,day_ahead_price,value,2026-09-12T14:01:22Z
2026-09-12T13:58:08Z,2026-09-12T15:58:08+0200,6b132f0b-49c7-4206-864e-1e81037a76e9,2026-09-06T22:30:00Z,2026-09-07T00:30:00+0200,149.59,EUR/MWh,DE,DE_LU,day_ahead_price,value,2026-09-12T14:01:22Z
2026-09-12T13:58:08Z,2026-09-12T15:58:08+0200,6b132f0b-49c7-4206-864e-1e81037a76e9,2026-09-06T22:45:00Z,2026-09-07T00:45:00+0200,145.72,EUR/MWh,DE,DE_LU,day_ahead_price,value,2026-09-12T14:01:22Z
2026-09-12T13:58:08Z,2026-09-12T15:58:08+0200,6b132f0b-49c7-4206-864e-1e81037a76e9,2026-09-06T23:00:00Z,2026-09-07T01:00:00+0200,157.22,EUR/MWh,DE,DE_LU,day_ahead_price,value,2026-09-12T14:01:22Z
2026-09-12T13:58:08Z,2026-09-12T15:58:08+0200,6b132f0b-49c7-4206-864e-1e81037a76e9,2026-09-06T23:15:00Z,2026-09-07T01:15:00+0200,150.11,EUR/MWh,DE,DE_LU,day_ahead_price,value,2026-09-12T14:01:22Z
2026-09-12T13:58:08Z,2026-09-12T15:58:08+0200,6b132f0b-49c7-4206-864e-1e81037a76e9,2026-09-06T23:30:00Z,2026-09-07T01:30:00+0200,149.43,EUR/MWh,DE,DE_LU,day_ahead_price,value,2026-09-12T14:01:22Z
2026-09-12T13:58:08Z,2026-09-12T15:58:08+0200,6b132f0b-49c7-4206-864e-1e81037a76e9,2026-09-06T23:45:00Z,2026-09-07T01:45:00+0200,146.67,EUR/MWh,DE,DE_LU,day_ahead_price,value,2026-09-12T14:01:22Z
2026-09-12T13:58:08Z,2026-09-12T15:58:08+0200,6b132f0b-49c7-4206-864e-1e81037a76e9,2026-09-07T00:00:00Z,2026-09-07T02:00:00+0200,149.07,EUR/MWh,DE,DE_LU,day_ahead_price,value,2026-09-12T14:01:22Z
2026-09-12T13:58:08Z,2026-09-12T15:58:08+0200,6b132f0b-49c7-4206-864e-1e81037a76e9,2026-09-07T00:15:00Z,2026-09-07T02:15:00+0200,149.01,EUR/MWh,DE,DE_LU,day_ahead_price,value,2026-09-12T14:01:22Z
2026-09-12T13:58:08Z,2026-09-12T15:58:08+0200,6b132f0b-49c7-4206-864e-1e81037a76e9,2026-09-07T00:30:00Z,2026-09-07T02:30:00+0200,148.34,EUR/MWh,DE,DE_LU,day_ahead_price,value,2026-09-12T14:01:22Z
2026-09-12T13:58:08Z,2026-09-12T15:58:08+0200,6b132f0b-49c7-4206-864e-1e81037a76e9,2026-09-07T00:45:00Z,2026-09-07T02:45:00+0200,146.85,EUR/MWh,DE,DE_LU,day_ahead_price,value,2026-09-12T14:01:22Z
2026-09-12T13:58:08Z,2026-09-12T15:58:08+0200,6b132f0b-49c7-4206-864e-1e81037a76e9,2026-09-07T01:00:00Z,2026-09-07T03:00:00+0200,150.43,EUR/MWh,DE,DE_LU,day_ahead_price,value,2026-09-12T14:01:22Z
2026-09-12T13:58:08Z,2026-09-12T15:58:08+0200,6b132f0b-49c7-4206-864e-1e81037a76e9,2026-09-07T01:15:00Z,2026-09-07T03:15:00+0200,147.39,EUR/MWh,DE,DE_LU,day_ahead_price,value,2026-09-12T14:01:22Z
2026-09-12T13:58:08Z,2026-09-12T15:58:08+0200,6b132f0b-49c7-4206-864e-1e81037a76e9,2026-09-07T01:30:00Z,2026-09-07T03:30:00+0200,147.36,EUR/MWh,DE,DE_LU,day_ahead_price,value,2026-09-12T14:01:22Z
2026-09-12T13:58:08Z,2026-09-12T15:58:08+0200,6b132f0b-49c7-4206-864e-1e81037a76e9,2026-09-07T01:45:00Z,2026-09-07T03:45:00+0200,147.67,EUR/MWh,DE,DE_LU,day_ahead_price,value,2026-09-12T14:01:22Z
2026-09-12T13:58:08Z,2026-09-12T15:58:08+0200,6b132f0b-49c7-4206-864e-1e81037a76e9,2026-09-07T02:00:00Z,2026-09-07T04:00:00+0200,147.59,EUR/MWh,DE,DE_LU,day_ahead_price,value,2026-09-12T14:01:22Z
2026-09-12T13:58:08Z,2026-09-12T15:58:08+0200,6b132f0b-49c7-4206-864e-1e81037a76e9,2026-09-07T02:15:00Z,2026-09-07T04:15:00+0200,149.44,EUR/MWh,DE,DE_LU,day_ahead_price,value,2026-09-12T14:01:22Z
2026-09-12T13:58:08Z,2026-09-12T15:58:08+0200,6b132f0b-49c7-4206-864e-1e81037a76e9,2026-09-07T02:30:00Z,2026-09-07T04:30:00+0200,150.73,EUR/MWh,DE,DE_LU,day_ahead_price,value,2026-09-12T14:01:22Z
2026-09-12T13:58:08Z,2026-09-12T15:58:08+0200,6b132f0b-49c7-4206-864e-1e81037a76e9,2026-09-07T02:45:00Z,2026-09-07T04:45:00+0200,159.61,EUR/MWh,DE,DE_LU,day_ahead_price,value,2026-09-12T14:01:22Z
2026-09-12T13:58:08Z,2026-09-12T15:58:08+0200,6b132f0b-49c7-4206-864e-1e81037a76e9,2026-09-07T03:00:00Z,2026-09-07T05:00:00+0200,154.8,EUR/MWh,DE,DE_LU,day_ahead_price,value,2026-09-12T14:01:22Z
2026-09-12T13:58:08Z,2026-09-12T15:58:08+0200,6b132f0b-49c7-4206-864e-1e81037a76e9,2026-09-07T03:15:00Z,2026-09-07T05:15:00+0200,165.06,EUR/MWh,DE,DE_LU,day_ahead_price,value,2026-09-12T14:01:22Z
2026-09-12T13:58:08Z,2026-09-12T15:58:08+0200,6b132f0b-49c7-4206-864e-1e81037a76e9,2026-09-07T03:30:00Z,2026-09-07T05:30:00+0200,178.47,EUR/MWh,DE,DE_LU,day_ahead_price,value,2026-09-12T14:01:22Z
2026-09-12T13:58:08Z,2026-09-12T15:58:08+0200,6b132f0b-49c7-4206-864e-1e81037a76e9,2026-09-07T03:45:00Z,2026-09-07T05:45:00+0200,193.15,EUR/MWh,DE,DE_LU,day_ahead_price,value,2026-09-12T14:01:22Z
2026-09-12T13:58:08Z,2026-09-12T15:58:08+0200,6b132f0b-49c7-4206-864e-1e81037a76e9,2026-09-07T04:00:00Z,2026-09-07T06:00:00+0200,194.31,EUR/MWh,DE,DE_LU,day_ahead_price,value,2026-09-12T14:01:22Z
2026-09-12T13:58:08Z,2026-09-12T15:58:08+0200,6b132f0b-49c7-4206-864e-1e81037a76e9,2026-09-07T04:15:00Z,2026-09-07T06:15:00+0200,205.99,EUR/MWh,DE,DE_LU,day_ahead_price,value,2026-09-12T14:01:22Z
2026-09-12T13:58:08Z,2026-09-12T15:58:08+0200,6b132f0b-49c7-4206-864e-1e81037a76e9,2026-09-07T04:30:00Z,2026-09-07T06:30:00+0200,211.67,EUR/MWh,DE,DE_LU,day_ahead_price,value,2026-09-12T14:01:22Z
2026-09-12T13:58:08Z,2026-09-12T15:58:08+0200,6b132f0b-49c7-4206-864e-1e81037a76e9,2026-09-07T04:45:00Z,2026-09-07T06:45:00+0200,217.93,EUR/MWh,DE,DE_LU,day_ahead_price,value,2026-09-12T14:01:22Z
2026-09-12T13:58:08Z,2026-09-12T15:58:08+0200,6b132f0b-49c7-4206-864e-1e81037a76e9,2026-09-07T05:00:00Z,2026-09-07T07:00:00+0200,220.52,EUR/MWh,DE,DE_LU,day_ahead_price,value,2026-09-12T14:01:22Z
2026-09-12T13:58:08Z,2026-09-12T15:58:08+0200,6b132f0b-49c7-4206-864e-1e81037a76e9,2026-09-07T05:15:00Z,2026-09-07T07:15:00+0200,224.05,EUR/MWh,DE,DE_LU,day_ahead_price,value,2026-09-12T14:01:22Z
2026-09-12T13:58:08Z,2026-09-12T15:58:08+0200,6b132f0b-49c7-4206-864e-1e81037a76e9,2026-09-07T05:30:00Z,2026-09-07T07:30:00+0200,222.12,EUR/MWh,DE,DE_LU,day_ahead_price,value,2026-09-12T14:01:22Z
2026-09-12T13:58:08Z,2026-09-12T15:58:08+0200,6b132f0b-49c7-4206-864e-1e81037a76e9,2026-09-07T05:45:00Z,2026-09-07T07:45:00+0200,214.76,EUR/MWh,DE,DE_LU,day_ahead_price,value,2026-09-12T14:01:22Z
2026-09-12T13:58:08Z,2026-09-12T15:58:08+0200,6b132f0b-49c7-4206-864e-1e81037a76e9,2026-09-07T06:00:00Z,2026-09-07T08:00:00+0200,230.04,EUR/MWh,DE,DE_LU,day_ahead_price,value,2026-09-12T14:01:22Z
2026-09-12T13:58:08Z,2026-09-12T15:58:08+0200,6b132f0b-49c7-4206-864e-1e81037a76e9,2026-09-07T06:15:00Z,2026-09-07T08:15:00+0200,219.95,EUR/MWh,DE,DE_LU,day_ahead_price,value,2026-09-12T14:01:22Z
2026-09-12T13:58:08Z,2026-09-12T15:58:08+0200,6b132f0b-49c7-4206-864e-1e81037a76e9,2026-09-07T06:30:00Z,2026-09-07T08:30:00+0200,206.24,EUR/MWh,DE,DE_LU,day_ahead_price,value,2026-09-12T14:01:22Z
2026-09-12T13:58:08Z,2026-09-12T15:58:08+0200,6b132f0b-49c7-4206-864e-1e81037a76e9,2026-09-07T06:45:00Z,2026-09-07T08:45:00+0200,193.0,EUR/MWh,DE,DE_LU,day_ahead_price,value,2026-09-12T14:01:22Z
2026-09-12T13:58:08Z,2026-09-12T15:58:08+0200,6b132f0b-49c7-4206-864e-1e81037a76e9,2026-09-07T07:00:00Z,2026-09-07T09:00:00+0200,208.65,EUR/MWh,DE,DE_LU,day_ahead_price,value,2026-09-12T14:01:22Z
2026-09-12T13:58:08Z,2026-09-12T15:58:08+0200,6b132f0b-49c7-4206-864e-1e81037a76e9,2026-09-07T07:15:00Z,2026-09-07T09:15:00+0200,198.7,EUR/MWh,DE,DE_LU,day_ahead_price,value,2026-09-12T14:01:22Z
2026-09-12T13:58:08Z,2026-09-12T15:58:08+0200,6b132f0b-49c7-4206-864e-1e81037a76e9,2026-09-07T07:30:00Z,2026-09-07T09:30:00+0200,164.63,EUR/MWh,DE,DE_LU,day_ahead_price,value,2026-09-12T14:01:22Z
2026-09-12T13:58:08Z,2026-09-12T15:58:08+0200,6b132f0b-49c7-4206-864e-1e81037a76e9,2026-09-07T07:45:00Z,2026-09-07T09:45:00+0200,149.2,EUR/MWh,DE,DE_LU,day_ahead_price,value,2026-09-12T14:01:22Z
2026-09-12T13:58:08Z,2026-09-12T15:58:08+0200,6b132f0b-49c7-4206-864e-1e81037a76e9,2026-09-07T08:00:00Z,2026-09-07T10:00:00+0200,161.55,EUR/MWh,DE,DE_LU,day_ahead_price,value,2026-09-12T14:01:22Z
2026-09-12T13:58:08Z,2026-09-12T15:58:08+0200,6b132f0b-49c7-4206-864e-1e81037a76e9,2026-09-07T08:15:00Z,2026-09-07T10:15:00+0200,152.78,EUR/MWh,DE,DE_LU,day_ahead_price,value,2026-09-12T14:01:22Z
2026-09-12T13:58:08Z,2026-09-12T15:58:08+0200,6b132f0b-49c7-4206-864e-1e81037a76e9,2026-09-07T08:30:00Z,2026-09-07T10:30:00+0200,141.4,EUR/MWh,DE,DE_LU,day_ahead_price,value,2026-09-12T14:01:22Z
2026-09-12T13:58:08Z,2026-09-12T15:58:08+0200,6b132f0b-49c7-4206-864e-1e81037a76e9,2026-09-07T08:45:00Z,2026-09-07T10:45:00+0200,124.35,EUR/MWh,DE,DE_LU,day_ahead_price,value,2026-09-12T14:01:22Z
2026-09-12T13:58:08Z,2026-09-12T15:58:08+0200,6b132f0b-49c7-4206-864e-1e81037a76e9,2026-09-07T09:00:00Z,2026-09-07T11:00:00+0200,144.03,EUR/MWh,DE,DE_LU,day_ahead_price,value,2026-09-12T14:01:22Z
2026-09-12T13:58:08Z,2026-09-12T15:58:08+0200,6b132f0b-49c7-4206-864e-1e81037a76e9,2026-09-07T09:15:00Z,2026-09-07T11:15:00+0200,125.66,EUR/MWh,DE,DE_LU,day_ahead_price,value,2026-09-12T14:01:22Z
2026-09-12T13:58:08Z,2026-09-12T15:58:08+0200,6b132f0b-49c7-4206-864e-1e81037a76e9,2026-09-07T09:30:00Z,2026-09-07T11:30:00+0200,109.08,EUR/MWh,DE,DE_LU,day_ahead_price,value,2026-09-12T14:01:22Z
2026-09-12T13:58:08Z,2026-09-12T15:58:08+0200,6b132f0b-49c7-4206-864e-1e81037a76e9,2026-09-07T09:45:00Z,2026-09-07T11:45:00+0200,101.34,EUR/MWh,DE,DE_LU,day_ahead_price,value,2026-09-12T14:01:22Z
2026-09-12T13:58:08Z,2026-09-12T15:58:08+0200,6b132f0b-49c7-4206-864e-1e81037a76e9,2026-09-07T10:00:00Z,2026-09-07T12:00:00+0200,107.13,EUR/MWh,DE,DE_LU,day_ahead_price,value,2026-09-12T14:01:22Z
2026-09-12T13:58:08Z,2026-09-12T15:58:08+0200,6b132f0b-49c7-4206-864e-1e81037a76e9,2026-09-07T10:15:00Z,2026-09-07T12:15:00+0200,93.86,EUR/MWh,DE,DE_LU,day_ahead_price,value,2026-09-12T14:01:22Z
2026-09-12T13:58:08Z,2026-09-12T15:58:08+0200,6b132f0b-49c7-4206-864e-1e81037a76e9,2026-09-07T10:30:00Z,2026-09-07T12:30:00+0200,67.51,EUR/MWh,DE,DE_LU,day_ahead_price,value,2026-09-12T14:01:22Z
2026-09-12T13:58:08Z,2026-09-12T15:58:08+0200,6b132f0b-49c7-4206-864e-1e81037a76e9,2026-09-07T10:45:00Z,2026-09-07T12:45:00+0200,50.01,EUR/MWh,DE,DE_LU,day_ahead_price,value,2026-09-12T14:01:22Z
2026-09-12T13:58:08Z,2026-09-12T15:58:08+0200,6b132f0b-49c7-4206-864e-1e81037a76e9,2026-09-07T11:00:00Z,2026-09-07T13:00:00+0200,60.42,EUR/MWh,DE,DE_LU,day_ahead_price,value,2026-09-12T14:01:22Z
2026-09-12T13:58:08Z,2026-09-12T15:58:08+0200,6b132f0b-49c7-4206-864e-1e81037a76e9,2026-09-07T11:15:00Z,2026-09-07T13:15:00+0200,44.21,EUR/MWh,DE,DE_LU,day_ahead_price,value,2026-09-12T14:01:22Z
2026-09-12T13:58:08Z,2026-09-12T15:58:08+0200,6b132f0b-49c7-4206-864e-1e81037a76e9,2026-09-07T11:30:00Z,2026-09-07T13:30:00+0200,37.27,EUR/MWh,DE,DE_LU,day_ahead_price,value,2026-09-12T14:01:22Z
2026-09-12T13:58:08Z,2026-09-12T15:58:08+0200,6b132f0b-49c7-4206-864e-1e81037a76e9,2026-09-07T11:45:00Z,2026-09-07T13:45:00+0200,24.63,EUR/MWh,DE,DE_LU,day_ahead_price,value,2026-09-12T14:01:22Z
2026-09-12T13:58:08Z,2026-09-12T15:58:08+0200,6b132f0b-49c7-4206-864e-1e81037a76e9,2026-09-07T12:00:00Z,2026-09-07T14:00:00+0200,30.59,EUR/MWh,DE,DE_LU,day_ahead_price,value,2026-09-12T14:01:22Z
2026-09-12T13:58:08Z,2026-09-12T15:58:08+0200,6b132f0b-49c7-4206-864e-1e81037a76e9,2026-09-07T12:15:00Z,2026-09-07T14:15:00+0200,30.73,EUR/MWh,DE,DE_LU,day_ahead_price,value,2026-09-12T14:01:22Z
2026-09-12T13:58:08Z,2026-09-12T15:58:08+0200,6b132f0b-49c7-4206-864e-1e81037a76e9,2026-09-07T12:30:00Z,2026-09-07T14:30:00+0200,30.75,EUR/MWh,DE,DE_LU,day_ahead_price,value,2026-09-12T14:01:22Z
2026-09-12T13:58:08Z,2026-09-12T15:58:08+0200,6b132f0b-49c7-4206-864e-1e81037a76e9,2026-09-07T12:45:00Z,2026-09-07T14:45:00+0200,34.44,EUR/MWh,DE,DE_LU,day_ahead_price,value,2026-09-12T14:01:22Z
2026-09-12T13:58:08Z,2026-09-12T15:58:08+0200,6b132f0b-49c7-4206-864e-1e81037a76e9,2026-09-07T13:00:00Z,2026-09-07T15:00:00+0200,38.93,EUR/MWh,DE,DE_LU,day_ahead_price,value,2026-09-12T14:01:22Z
2026-09-12T13:58:08Z,2026-09-12T15:58:08+0200,6b132f0b-49c7-4206-864e-1e81037a76e9,2026-09-07T13:15:00Z,2026-09-07T15:15:00+0200,54.02,EUR/MWh,DE,DE_LU,day_ahead_price,value,2026-09-12T14:01:22Z
2026-09-12T13:58:08Z,2026-09-12T15:58:08+0200,6b132f0b-49c7-4206-864e-1e81037a76e9,2026-09-07T13:30:00Z,2026-09-07T15:30:00+0200,75.15,EUR/MWh,DE,DE_LU,day_ahead_price,value,2026-09-12T14:01:22Z
2026-09-12T13:58:08Z,2026-09-12T15:58:08+0200,6b132f0b-49c7-4206-864e-1e81037a76e9,2026-09-07T13:45:00Z,2026-09-07T15:45:00+0200,84.5,EUR/MWh,DE,DE_LU,day_ahead_price,value,2026-09-12T14:01:22Z
2026-09-12T13:58:08Z,2026-09-12T15:58:08+0200,6b132f0b-49c7-4206-864e-1e81037a76e9,2026-09-07T14:00:00Z,2026-09-07T16:00:00+0200,58.54,EUR/MWh,DE,DE_LU,day_ahead_price,value,2026-09-12T14:01:22Z
2026-09-12T13:58:08Z,2026-09-12T15:58:08+0200,6b132f0b-49c7-4206-864e-1e81037a76e9,2026-09-07T14:15:00Z,2026-09-07T16:15:00+0200,91.77,EUR/MWh,DE,DE_LU,day_ahead_price,value,2026-09-12T14:01:22Z
2026-09-12T13:58:08Z,2026-09-12T15:58:08+0200,6b132f0b-49c7-4206-864e-1e81037a76e9,2026-09-07T14:30:00Z,2026-09-07T16:30:00+0200,126.18,EUR/MWh,DE,DE_LU,day_ahead_price,value,2026-09-12T14:01:22Z
2026-09-12T13:58:08Z,2026-09-12T15:58:08+0200,6b132f0b-49c7-4206-864e-1e81037a76e9,2026-09-07T14:45:00Z,2026-09-07T16:45:00+0200,155.9,EUR/MWh,DE,DE_LU,day_ahead_price,value,2026-09-12T14:01:22Z
2026-09-12T13:58:08Z,2026-09-12T15:58:08+0200,6b132f0b-49c7-4206-864e-1e81037a76e9,2026-09-07T15:00:00Z,2026-09-07T17:00:00+0200,115.17,EUR/MWh,DE,DE_LU,day_ahead_price,value,2026-09-12T14:01:22Z
2026-09-12T13:58:08Z,2026-09-12T15:58:08+0200,6b132f0b-49c7-4206-864e-1e81037a76e9,2026-09-07T15:15:00Z,2026-09-07T17:15:00+0200,148.22,EUR/MWh,DE,DE_LU,day_ahead_price,value,2026-09-12T14:01:22Z
2026-09-12T13:58:08Z,2026-09-12T15:58:08+0200,6b132f0b-49c7-4206-864e-1e81037a76e9,2026-09-07T15:30:00Z,2026-09-07T17:30:00+0200,171.0,EUR/MWh,DE,DE_LU,day_ahead_price,value,2026-09-12T14:01:22Z
2026-09-12T13:58:08Z,2026-09-12T15:58:08+0200,6b132f0b-49c7-4206-864e-1e81037a76e9,2026-09-07T15:45:00Z,2026-09-07T17:45:00+0200,211.79,EUR/MWh,DE,DE_LU,day_ahead_price,value,2026-09-12T14:01:22Z
2026-09-12T13:58:08Z,2026-09-12T15:58:08+0200,6b132f0b-49c7-4206-864e-1e81037a76e9,2026-09-07T16:00:00Z,2026-09-07T18:00:00+0200,174.05,EUR/MWh,DE,DE_LU,day_ahead_price,value,2026-09-12T14:01:22Z
2026-09-12T13:58:08Z,2026-09-12T15:58:08+0200,6b132f0b-49c7-4206-864e-1e81037a76e9,2026-09-07T16:15:00Z,2026-09-07T18:15:00+0200,192.26,EUR/MWh,DE,DE_LU,day_ahead_price,value,2026-09-12T14:01:22Z
2026-09-12T13:58:08Z,2026-09-12T15:58:08+0200,6b132f0b-49c7-4206-864e-1e81037a76e9,2026-09-07T16:30:00Z,2026-09-07T18:30:00+0200,206.0,EUR/MWh,DE,DE_LU,day_ahead_price,value,2026-09-12T14:01:22Z
2026-09-12T13:58:08Z,2026-09-12T15:58:08+0200,6b132f0b-49c7-4206-864e-1e81037a76e9,2026-09-07T16:45:00Z,2026-09-07T18:45:00+0200,252.97,EUR/MWh,DE,DE_LU,day_ahead_price,value,2026-09-12T14:01:22Z
2026-09-12T13:58:08Z,2026-09-12T15:58:08+0200,6b132f0b-49c7-4206-864e-1e81037a76e9,2026-09-07T17:00:00Z,2026-09-07T19:00:00+0200,221.99,EUR/MWh,DE,DE_LU,day_ahead_price,value,2026-09-12T14:01:22Z
2026-09-12T13:58:08Z,2026-09-12T15:58:08+0200,6b132f0b-49c7-4206-864e-1e81037a76e9,2026-09-07T17:15:00Z,2026-09-07T19:15:00+0200,236.38,EUR/MWh,DE,DE_LU,day_ahead_price,value,2026-09-12T14:01:22Z
2026-09-12T13:58:08Z,2026-09-12T15:58:08+0200,6b132f0b-49c7-4206-864e-1e81037a76e9,2026-09-07T17:30:00Z,2026-09-07T19:30:00+0200,253.66,EUR/MWh,DE,DE_LU,day_ahead_price,value,2026-09-12T14:01:22Z
2026-09-12T13:58:08Z,2026-09-12T15:58:08+0200,6b132f0b-49c7-4206-864e-1e81037a76e9,2026-09-07T17:45:00Z,2026-09-07T19:45:00+0200,248.16,EUR/MWh,DE,DE_LU,day_ahead_price,value,2026-09-12T14:01:22Z
2026-09-12T13:58:08Z,2026-09-12T15:58:08+0200,6b132f0b-49c7-4206-864e-1e81037a76e9,2026-09-07T18:00:00Z,2026-09-07T20:00:00+0200,229.04,EUR/MWh,DE,DE_LU,day_ahead_price,value,2026-09-12T14:01:22Z
2026-09-12T13:58:08Z,2026-09-12T15:58:08+0200,6b132f0b-49c7-4206-864e-1e81037a76e9,2026-09-07T18:15:00Z,2026-09-07T20:15:00+0200,235.0,EUR/MWh,DE,DE_LU,day_ahead_price,value,2026-09-12T14:01:22Z
2026-09-12T13:58:08Z,2026-09-12T15:58:08+0200,6b132f0b-49c7-4206-864e-1e81037a76e9,2026-09-07T18:30:00Z,2026-09-07T20:30:00+0200,240.58,EUR/MWh,DE,DE_LU,day_ahead_price,value,2026-09-12T14:01:22Z
2026-09-12T13:58:08Z,2026-09-12T15:58:08+0200,6b132f0b-49c7-4206-864e-1e81037a76e9,2026-09-07T18:45:00Z,2026-09-07T20:45:00+0200,227.45,EUR/MWh,DE,DE_LU,day_ahead_price,value,2026-09-12T14:01:22Z
2026-09-12T13:58:08Z,2026-09-12T15:58:08+0200,6b132f0b-49c7-4206-864e-1e81037a76e9,2026-09-07T19:00:00Z,2026-09-07T21:00:00+0200,234.07,EUR/MWh,DE,DE_LU,day_ahead_price,value,2026-09-12T14:01:22Z
2026-09-12T13:58:08Z,2026-09-12T15:58:08+0200,6b132f0b-49c7-4206-864e-1e81037a76e9,2026-09-07T19:15:00Z,2026-09-07T21:15:00+0200,207.99,EUR/MWh,DE,DE_LU,day_ahead_price,value,2026-09-12T14:01:22Z
2026-09-12T13:58:08Z,2026-09-12T15:58:08+0200,6b132f0b-49c7-4206-864e-1e81037a76e9,2026-09-07T19:30:00Z,2026-09-07T21:30:00+0200,198.52,EUR/MWh,DE,DE_LU,day_ahead_price,value,2026-09-12T14:01:22Z
2026-09-12T13:58:08Z,2026-09-12T15:58:08+0200,6b132f0b-49c7-4206-864e-1e81037a76e9,2026-09-07T19:45:00Z,2026-09-07T21:45:00+0200,180.07,EUR/MWh,DE,DE_LU,day_ahead_price,value,2026-09-12T14:01:22Z
2026-09-12T13:58:08Z,2026-09-12T15:58:08+0200,6b132f0b-49c7-4206-864e-1e81037a76e9,2026-09-07T20:00:00Z,2026-09-07T22:00:00+0200,194.52,EUR/MWh,DE,DE_LU,day_ahead_price,value,2026-09-12T14:01:22Z
2026-09-12T13:58:08Z,2026-09-12T15:58:08+0200,6b132f0b-49c7-4206-864e-1e81037a76e9,2026-09-07T20:15:00Z,2026-09-07T22:15:00+0200,188.36,EUR/MWh,DE,DE_LU,day_ahead_price,value,2026-09-12T14:01:22Z
2026-09-12T13:58:08Z,2026-09-12T15:58:08+0200,6b132f0b-49c7-4206-864e-1e81037a76e9,2026-09-07T20:30:00Z,2026-09-07T22:30:00+0200,185.58,EUR/MWh,DE,DE_LU,day_ahead_price,value,2026-09-12T14:01:22Z
2026-09-12T13:58:08Z,2026-09-12T15:58:08+0200,6b132f0b-49c7-4206-864e-1e81037a76e9,2026-09-07T20:45:00Z,2026-09-07T22:45:00+0200,180.0,EUR/MWh,DE,DE_LU,day_ahead_price,value,2026-09-12T14:01:22Z
2026-09-12T13:58:08Z,2026-09-12T15:58:08+0200,6b132f0b-49c7-4206-864e-1e81037a76e9,2026-09-07T21:00:00Z,2026-09-07T23:00:00+0200,179.98,EUR/MWh,DE,DE_LU,day_ahead_price,value,2026-09-12T14:01:22Z
2026-09-12T13:58:08Z,2026-09-12T15:58:08+0200,6b132f0b-49c7-4206-864e-1e81037a76e9,2026-09-07T21:15:00Z,2026-09-07T23:15:00+0200,171.79,EUR/MWh,DE,DE_LU,day_ahead_price,value,2026-09-12T14:01:22Z
2026-09-12T13:58:08Z,2026-09-12T15:58:08+0200,6b132f0b-49c7-4206-864e-1e81037a76e9,2026-09-07T21:30:00Z,2026-09-07T23:30:00+0200,169.45,EUR/MWh,DE,DE_LU,day_ahead_price,value,2026-09-12T14:01:22Z
2026-09-12T13:58:08Z,2026-09-12T15:58:08+0200,6b132f0b-49c7-4206-864e-1e81037a76e9,2026-09-07T21:45:00Z,2026-09-07T23:45:00+0200,161.59,EUR/MWh,DE,DE_LU,day_ahead_price,value,2026-09-12T14:01:22Z
2026-09-12T13:58:08Z,2026-09-12T15:58:08+0200,6b132f0b-49c7-4206-864e-1e81037a76e9,2026-09-07T22:00:00Z,2026-09-08T00:00:00+0200,205.99,EUR/MWh,DE,DE_LU,day_ahead_price,value,2026-09-12T14:01:22Z
2026-09-12T13:58:08Z,2026-09-12T15:58:08+0200,6b132f0b-49c7-4206-864e-1e81037a76e9,2026-09-07T22:15:00Z,2026-09-08T00:15:00+0200,176.28,EUR/MWh,DE,DE_LU,day_ahead_price,value,2026-09-12T14:01:22Z
2026-09-12T13:58:08Z,2026-09-12T15:58:08+0200,6b132f0b-49c7-4206-864e-1e81037a76e9,2026-09-07T22:30:00Z,2026-09-08T00:30:00+0200,167.94,EUR/MWh,DE,DE_LU,day_ahead_price,value,2026-09-12T14:01:22Z
2026-09-12T13:58:08Z,2026-09-12T15:58:08+0200,6b132f0b-49c7-4206-864e-1e81037a76e9,2026-09-07T22:45:00Z,2026-09-08T00:45:00+0200,164.51,EUR/MWh,DE,DE_LU,day_ahead_price,value,2026-09-12T14:01:22Z
2026-09-12T13:58:08Z,2026-09-12T15:58:08+0200,6b132f0b-49c7-4206-864e-1e81037a76e9,2026-09-07T23:00:00Z,2026-09-08T01:00:00+0200,175.18,EUR/MWh,DE,DE_LU,day_ahead_price,value,2026-09-12T14:01:22Z
2026-09-12T13:58:08Z,2026-09-12T15:58:08+0200,6b132f0b-49c7-4206-864e-1e81037a76e9,2026-09-07T23:15:00Z,2026-09-08T01:15:00+0200,168.04,EUR/MWh,DE,DE_LU,day_ahead_price,value,2026-09-12T14:01:22Z
2026-09-12T13:58:08Z,2026-09-12T15:58:08+0200,6b132f0b-49c7-4206-864e-1e81037a76e9,2026-09-07T23:30:00Z,2026-09-08T01:30:00+0200,166.24,EUR/MWh,DE,DE_LU,day_ahead_price,value,2026-09-12T14:01:22Z
2026-09-12T13:58:08Z,2026-09-12T15:58:08+0200,6b132f0b-49c7-4206-864e-1e81037a76e9,2026-09-07T23:45:00Z,2026-09-08T01:45:00+0200,160.31,EUR/MWh,DE,DE_LU,day_ahead_price,value,2026-09-12T14:01:22Z
2026-09-12T13:58:08Z,2026-09-12T15:58:08+0200,6b132f0b-49c7-4206-864e-1e81037a76e9,2026-09-08T00:00:00Z,2026-09-08T02:00:00+0200,157.19,EUR/MWh,DE,DE_LU,day_ahead_price,value,2026-09-12T14:01:22Z
2026-09-12T13:58:08Z,2026-09-12T15:58:08+0200,6b132f0b-49c7-4206-864e-1e81037a76e9,2026-09-08T00:15:00Z,2026-09-08T02:15:00+0200,154.88,EUR/MWh,DE,DE_LU,day_ahead_price,value,2026-09-12T14:01:22Z
2026-09-12T13:58:08Z,2026-09-12T15:58:08+0200,6b132f0b-49c7-4206-864e-1e81037a76e9,2026-09-08T00:30:00Z,2026-09-08T02:30:00+0200,155.48,EUR/MWh,DE,DE_LU,day_ahead_price,value,2026-09-12T14:01:22Z
2026-09-12T13:58:08Z,2026-09-12T15:58:08+0200,6b132f0b-49c7-4206-864e-1e81037a76e9,2026-09-08T00:45:00Z,2026-09-08T02:45:00+0200,155.34,EUR/MWh,DE,DE_LU,day_ahead_price,value,2026-09-12T14:01:22Z
2026-09-12T13:58:08Z,2026-09-12T15:58:08+0200,6b132f0b-49c7-4206-864e-1e81037a76e9,2026-09-08T01:00:00Z,2026-09-08T03:00:00+0200,151.3,EUR/MWh,DE,DE_LU,day_ahead_price,value,2026-09-12T14:01:22Z
2026-09-12T13:58:08Z,2026-09-12T15:58:08+0200,6b132f0b-49c7-4206-864e-1e81037a76e9,2026-09-08T01:15:00Z,2026-09-08T03:15:00+0200,153.05,EUR/MWh,DE,DE_LU,day_ahead_price,value,2026-09-12T14:01:22Z
2026-09-12T13:58:08Z,2026-09-12T15:58:08+0200,6b132f0b-49c7-4206-864e-1e81037a76e9,2026-09-08T01:30:00Z,2026-09-08T03:30:00+0200,152.59,EUR/MWh,DE,DE_LU,day_ahead_price,value,2026-09-12T14:01:22Z
2026-09-12T13:58:08Z,2026-09-12T15:58:08+0200,6b132f0b-49c7-4206-864e-1e81037a76e9,2026-09-08T01:45:00Z,2026-09-08T03:45:00+0200,152.77,EUR/MWh,DE,DE_LU,day_ahead_price,value,2026-09-12T14:01:22Z
2026-09-12T13:58:08Z,2026-09-12T15:58:08+0200,6b132f0b-49c7-4206-864e-1e81037a76e9,2026-09-08T02:00:00Z,2026-09-08T04:00:00+0200,151.47,EUR/MWh,DE,DE_LU,day_ahead_price,value,2026-09-12T14:01:22Z
2026-09-12T13:58:08Z,2026-09-12T15:58:08+0200,6b132f0b-49c7-4206-864e-1e81037a76e9,2026-09-08T02:15:00Z,2026-09-08T04:15:00+0200,152.27,EUR/MWh,DE,DE_LU,day_ahead_price,value,2026-09-12T14:01:22Z
2026-09-12T13:58:08Z,2026-09-12T15:58:08+0200,6b132f0b-49c7-4206-864e-1e81037a76e9,2026-09-08T02:30:00Z,2026-09-08T04:30:00+0200,153.16,EUR/MWh,DE,DE_LU,day_ahead_price,value,2026-09-12T14:01:22Z
2026-09-12T13:58:08Z,2026-09-12T15:58:08+0200,6b132f0b-49c7-4206-864e-1e81037a76e9,2026-09-08T02:45:00Z,2026-09-08T04:45:00+0200,151.0,EUR/MWh,DE,DE_LU,day_ahead_price,value,2026-09-12T14:01:22Z
2026-09-12T13:58:08Z,2026-09-12T15:58:08+0200,6b132f0b-49c7-4206-864e-1e81037a76e9,2026-09-08T03:00:00Z,2026-09-08T05:00:00+0200,154.02,EUR/MWh,DE,DE_LU,day_ahead_price,value,2026-09-12T14:01:22Z
2026-09-12T13:58:08Z,2026-09-12T15:58:08+0200,6b132f0b-49c7-4206-864e-1e81037a76e9,2026-09-08T03:15:00Z,2026-09-08T05:15:00+0200,158.86,EUR/MWh,DE,DE_LU,day_ahead_price,value,2026-09-12T14:01:22Z
2026-09-12T13:58:08Z,2026-09-12T15:58:08+0200,6b132f0b-49c7-4206-864e-1e81037a76e9,2026-09-08T03:30:00Z,2026-09-08T05:30:00+0200,168.81,EUR/MWh,DE,DE_LU,day_ahead_price,value,2026-09-12T14:01:22Z
2026-09-12T13:58:08Z,2026-09-12T15:58:08+0200,6b132f0b-49c7-4206-864e-1e81037a76e9,2026-09-08T03:45:00Z,2026-09-08T05:45:00+0200,187.82,EUR/MWh,DE,DE_LU,day_ahead_price,value,2026-09-12T14:01:22Z
2026-09-12T13:58:08Z,2026-09-12T15:58:08+0200,6b132f0b-49c7-4206-864e-1e81037a76e9,2026-09-08T04:00:00Z,2026-09-08T06:00:00+0200,186.85,EUR/MWh,DE,DE_LU,day_ahead_price,value,2026-09-12T14:01:22Z
2026-09-12T13:58:08Z,2026-09-12T15:58:08+0200,6b132f0b-49c7-4206-864e-1e81037a76e9,2026-09-08T04:15:00Z,2026-09-08T06:15:00+0200,202.8,EUR/MWh,DE,DE_LU,day_ahead_price,value,2026-09-12T14:01:22Z
2026-09-12T13:58:08Z,2026-09-12T15:58:08+0200,6b132f0b-49c7-4206-864e-1e81037a76e9,2026-09-08T04:30:00Z,2026-09-08T06:30:00+0200,210.0,EUR/MWh,DE,DE_LU,day_ahead_price,value,2026-09-12T14:01:22Z
2026-09-12T13:58:08Z,2026-09-12T15:58:08+0200,6b132f0b-49c7-4206-864e-1e81037a76e9,2026-09-08T04:45:00Z,2026-09-08T06:45:00+0200,212.51,EUR/MWh,DE,DE_LU,day_ahead_price,value,2026-09-12T14:01:22Z
2026-09-12T13:58:08Z,2026-09-12T15:58:08+0200,6b132f0b-49c7-4206-864e-1e81037a76e9,2026-09-08T05:00:00Z,2026-09-08T07:00:00+0200,244.43,EUR/MWh,DE,DE_LU,day_ahead_price,value,2026-09-12T14:01:22Z
2026-09-12T13:58:08Z,2026-09-12T15:58:08+0200,6b132f0b-49c7-4206-864e-1e81037a76e9,2026-09-08T05:15:00Z,2026-09-08T07:15:00+0200,228.33,EUR/MWh,DE,DE_LU,day_ahead_price,value,2026-09-12T14:01:22Z
2026-09-12T13:58:08Z,2026-09-12T15:58:08+0200,6b132f0b-49c7-4206-864e-1e81037a76e9,2026-09-08T05:30:00Z,2026-09-08T07:30:00+0200,216.47,EUR/MWh,DE,DE_LU,day_ahead_price,value,2026-09-12T14:01:22Z
2026-09-12T13:58:08Z,2026-09-12T15:58:08+0200,6b132f0b-49c7-4206-864e-1e81037a76e9,2026-09-08T05:45:00Z,2026-09-08T07:45:00+0200,212.47,EUR/MWh,DE,DE_LU,day_ahead_price,value,2026-09-12T14:01:22Z
2026-09-12T13:58:08Z,2026-09-12T15:58:08+0200,6b132f0b-49c7-4206-864e-1e81037a76e9,2026-09-08T06:00:00Z,2026-09-08T08:00:00+0200,230.01,EUR/MWh,DE,DE_LU,day_ahead_price,value,2026-09-12T14:01:22Z
2026-09-12T13:58:08Z,2026-09-12T15:58:08+0200,6b132f0b-49c7-4206-864e-1e81037a76e9,2026-09-08T06:15:00Z,2026-09-08T08:15:00+0200,215.61,EUR/MWh,DE,DE_LU,day_ahead_price,value,2026-09-12T14:01:22Z
2026-09-12T13:58:08Z,2026-09-12T15:58:08+0200,6b132f0b-49c7-4206-864e-1e81037a76e9,2026-09-08T06:30:00Z,2026-09-08T08:30:00+0200,199.98,EUR/MWh,DE,DE_LU,day_ahead_price,value,2026-09-12T14:01:22Z
2026-09-12T13:58:08Z,2026-09-12T15:58:08+0200,6b132f0b-49c7-4206-864e-1e81037a76e9,2026-09-08T06:45:00Z,2026-09-08T08:45:00+0200,157.34,EUR/MWh,DE,DE_LU,day_ahead_price,value,2026-09-12T14:01:22Z
2026-09-12T13:58:08Z,2026-09-12T15:58:08+0200,6b132f0b-49c7-4206-864e-1e81037a76e9,2026-09-08T07:00:00Z,2026-09-08T09:00:00+0200,199.88,EUR/MWh,DE,DE_LU,day_ahead_price,value,2026-09-12T14:01:22Z
2026-09-12T13:58:08Z,2026-09-12T15:58:08+0200,6b132f0b-49c7-4206-864e-1e81037a76e9,2026-09-08T07:15:00Z,2026-09-08T09:15:00+0200,167.36,EUR/MWh,DE,DE_LU,day_ahead_price,value,2026-09-12T14:01:22Z
2026-09-12T13:58:08Z,2026-09-12T15:58:08+0200,6b132f0b-49c7-4206-864e-1e81037a76e9,2026-09-08T07:30:00Z,2026-09-08T09:30:00+0200,138.54,EUR/MWh,DE,DE_LU,day_ahead_price,value,2026-09-12T14:01:22Z
2026-09-12T13:58:08Z,2026-09-12T15:58:08+0200,6b132f0b-49c7-4206-864e-1e81037a76e9,2026-09-08T07:45:00Z,2026-09-08T09:45:00+0200,105.14,EUR/MWh,DE,DE_LU,day_ahead_price,value,2026-09-12T14:01:22Z
2026-09-12T13:58:08Z,2026-09-12T15:58:08+0200,6b132f0b-49c7-4206-864e-1e81037a76e9,2026-09-08T08:00:00Z,2026-09-08T10:00:00+0200,149.48,EUR/MWh,DE,DE_LU,day_ahead_price,value,2026-09-12T14:01:22Z
2026-09-12T13:58:08Z,2026-09-12T15:58:08+0200,6b132f0b-49c7-4206-864e-1e81037a76e9,2026-09-08T08:15:00Z,2026-09-08T10:15:00+0200,129.98,EUR/MWh,DE,DE_LU,day_ahead_price,value,2026-09-12T14:01:22Z
2026-09-12T13:58:08Z,2026-09-12T15:58:08+0200,6b132f0b-49c7-4206-864e-1e81037a76e9,2026-09-08T08:30:00Z,2026-09-08T10:30:00+0200,99.48,EUR/MWh,DE,DE_LU,day_ahead_price,value,2026-09-12T14:01:22Z
2026-09-12T13:58:08Z,2026-09-12T15:58:08+0200,6b132f0b-49c7-4206-864e-1e81037a76e9,2026-09-08T08:45:00Z,2026-09-08T10:45:00+0200,50.0,EUR/MWh,DE,DE_LU,day_ahead_price,value,2026-09-12T14:01:22Z
2026-09-12T13:58:08Z,2026-09-12T15:58:08+0200,6b132f0b-49c7-4206-864e-1e81037a76e9,2026-09-08T09:00:00Z,2026-09-08T11:00:00+0200,95.44,EUR/MWh,DE,DE_LU,day_ahead_price,value,2026-09-12T14:01:22Z
2026-09-12T13:58:08Z,2026-09-12T15:58:08+0200,6b132f0b-49c7-4206-864e-1e81037a76e9,2026-09-08T09:15:00Z,2026-09-08T11:15:00+0200,67.56,EUR/MWh,DE,DE_LU,day_ahead_price,value,2026-09-12T14:01:22Z
2026-09-12T13:58:08Z,2026-09-12T15:58:08+0200,6b132f0b-49c7-4206-864e-1e81037a76e9,2026-09-08T09:30:00Z,2026-09-08T11:30:00+0200,44.59,EUR/MWh,DE,DE_LU,day_ahead_price,value,2026-09-12T14:01:22Z
2026-09-12T13:58:08Z,2026-09-12T15:58:08+0200,6b132f0b-49c7-4206-864e-1e81037a76e9,2026-09-08T09:45:00Z,2026-09-08T11:45:00+0200,21.36,EUR/MWh,DE,DE_LU,day_ahead_price,value,2026-09-12T14:01:22Z
2026-09-12T13:58:08Z,2026-09-12T15:58:08+0200,6b132f0b-49c7-4206-864e-1e81037a76e9,2026-09-08T10:00:00Z,2026-09-08T12:00:00+0200,30.0,EUR/MWh,DE,DE_LU,day_ahead_price,value,2026-09-12T14:01:22Z
2026-09-12T13:58:08Z,2026-09-12T15:58:08+0200,6b132f0b-49c7-4206-864e-1e81037a76e9,2026-09-08T10:15:00Z,2026-09-08T12:15:00+0200,23.19,EUR/MWh,DE,DE_LU,day_ahead_price,value,2026-09-12T14:01:22Z
2026-09-12T13:58:08Z,2026-09-12T15:58:08+0200,6b132f0b-49c7-4206-864e-1e81037a76e9,2026-09-08T10:30:00Z,2026-09-08T12:30:00+0200,10.06,EUR/MWh,DE,DE_LU,day_ahead_price,value,2026-09-12T14:01:22Z
2026-09-12T13:58:08Z,2026-09-12T15:58:08+0200,6b132f0b-49c7-4206-864e-1e81037a76e9,2026-09-08T10:45:00Z,2026-09-08T12:45:00+0200,3.95,EUR/MWh,DE,DE_LU,day_ahead_price,value,2026-09-12T14:01:22Z
2026-09-12T13:58:08Z,2026-09-12T15:58:08+0200,6b132f0b-49c7-4206-864e-1e81037a76e9,2026-09-08T11:00:00Z,2026-09-08T13:00:00+0200,7.82,EUR/MWh,DE,DE_LU,day_ahead_price,value,2026-09-12T14:01:22Z
2026-09-12T13:58:08Z,2026-09-12T15:58:08+0200,6b132f0b-49c7-4206-864e-1e81037a76e9,2026-09-08T11:15:00Z,2026-09-08T13:15:00+0200,0.09,EUR/MWh,DE,DE_LU,day_ahead_price,value,2026-09-12T14:01:22Z
2026-09-12T13:58:08Z,2026-09-12T15:58:08+0200,6b132f0b-49c7-4206-864e-1e81037a76e9,2026-09-08T11:30:00Z,2026-09-08T13:30:00+0200,0.02,EUR/MWh,DE,DE_LU,day_ahead_price,value,2026-09-12T14:01:22Z
2026-09-12T13:58:08Z,2026-09-12T15:58:08+0200,6b132f0b-49c7-4206-864e-1e81037a76e9,2026-09-08T11:45:00Z,2026-09-08T13:45:00+0200,0.01,EUR/MWh,DE,DE_LU,day_ahead_price,value,2026-09-12T14:01:22Z
2026-09-12T13:58:08Z,2026-09-12T15:58:08+0200,6b132f0b-49c7-4206-864e-1e81037a76e9,2026-09-08T12:00:00Z,2026-09-08T14:00:00+0200,0.01,EUR/MWh,DE,DE_LU,day_ahead_price,value,2026-09-12T14:01:22Z
2026-09-12T13:58:08Z,2026-09-12T15:58:08+0200,6b132f0b-49c7-4206-864e-1e81037a76e9,2026-09-08T12:15:00Z,2026-09-08T14:15:00+0200,0.01,EUR/MWh,DE,DE_LU,day_ahead_price,value,2026-09-12T14:01:22Z
2026-09-12T13:58:08Z,2026-09-12T15:58:08+0200,6b132f0b-49c7-4206-864e-1e81037a76e9,2026-09-08T12:30:00Z,2026-09-08T14:30:00+0200,0.03,EUR/MWh,DE,DE_LU,day_ahead_price,value,2026-09-12T14:01:22Z
2026-09-12T13:58:08Z,2026-09-12T15:58:08+0200,6b132f0b-49c7-4206-864e-1e81037a76e9,2026-09-08T12:45:00Z,2026-09-08T14:45:00+0200,6.53,EUR/MWh,DE,DE_LU,day_ahead_price,value,2026-09-12T14:01:22Z
2026-09-12T13:58:08Z,2026-09-12T15:58:08+0200,6b132f0b-49c7-4206-864e-1e81037a76e9,2026-09-08T13:00:00Z,2026-09-08T15:00:00+0200,14.97,EUR/MWh,DE,DE_LU,day_ahead_price,value,2026-09-12T14:01:22Z
2026-09-12T13:58:08Z,2026-09-12T15:58:08+0200,6b132f0b-49c7-4206-864e-1e81037a76e9,2026-09-08T13:15:00Z,2026-09-08T15:15:00+0200,32.28,EUR/MWh,DE,DE_LU,day_ahead_price,value,2026-09-12T14:01:22Z
2026-09-12T13:58:08Z,2026-09-12T15:58:08+0200,6b132f0b-49c7-4206-864e-1e81037a76e9,2026-09-08T13:30:00Z,2026-09-08T15:30:00+0200,66.02,EUR/MWh,DE,DE_LU,day_ahead_price,value,2026-09-12T14:01:22Z
2026-09-12T13:58:08Z,2026-09-12T15:58:08+0200,6b132f0b-49c7-4206-864e-1e81037a76e9,2026-09-08T13:45:00Z,2026-09-08T15:45:00+0200,81.26,EUR/MWh,DE,DE_LU,day_ahead_price,value,2026-09-12T14:01:22Z
2026-09-12T13:58:08Z,2026-09-12T15:58:08+0200,6b132f0b-49c7-4206-864e-1e81037a76e9,2026-09-08T14:00:00Z,2026-09-08T16:00:00+0200,15.43,EUR/MWh,DE,DE_LU,day_ahead_price,value,2026-09-12T14:01:22Z
2026-09-12T13:58:08Z,2026-09-12T15:58:08+0200,6b132f0b-49c7-4206-864e-1e81037a76e9,2026-09-08T14:15:00Z,2026-09-08T16:15:00+0200,50.0,EUR/MWh,DE,DE_LU,day_ahead_price,value,2026-09-12T14:01:22Z
2026-09-12T13:58:08Z,2026-09-12T15:58:08+0200,6b132f0b-49c7-4206-864e-1e81037a76e9,2026-09-08T14:30:00Z,2026-09-08T16:30:00+0200,109.27,EUR/MWh,DE,DE_LU,day_ahead_price,value,2026-09-12T14:01:22Z
2026-09-12T13:58:08Z,2026-09-12T15:58:08+0200,6b132f0b-49c7-4206-864e-1e81037a76e9,2026-09-08T14:45:00Z,2026-09-08T16:45:00+0200,139.8,EUR/MWh,DE,DE_LU,day_ahead_price,value,2026-09-12T14:01:22Z
2026-09-12T13:58:08Z,2026-09-12T15:58:08+0200,6b132f0b-49c7-4206-864e-1e81037a76e9,2026-09-08T15:00:00Z,2026-09-08T17:00:00+0200,110.2,EUR/MWh,DE,DE_LU,day_ahead_price,value,2026-09-12T14:01:22Z
2026-09-12T13:58:08Z,2026-09-12T15:58:08+0200,6b132f0b-49c7-4206-864e-1e81037a76e9,2026-09-08T15:15:00Z,2026-09-08T17:15:00+0200,144.49,EUR/MWh,DE,DE_LU,day_ahead_price,value,2026-09-12T14:01:22Z
2026-09-12T13:58:08Z,2026-09-12T15:58:08+0200,6b132f0b-49c7-4206-864e-1e81037a76e9,2026-09-08T15:30:00Z,2026-09-08T17:30:00+0200,171.67,EUR/MWh,DE,DE_LU,day_ahead_price,value,2026-09-12T14:01:22Z
2026-09-12T13:58:08Z,2026-09-12T15:58:08+0200,6b132f0b-49c7-4206-864e-1e81037a76e9,2026-09-08T15:45:00Z,2026-09-08T17:45:00+0200,210.11,EUR/MWh,DE,DE_LU,day_ahead_price,value,2026-09-12T14:01:22Z
2026-09-12T13:58:08Z,2026-09-12T15:58:08+0200,6b132f0b-49c7-4206-864e-1e81037a76e9,2026-09-08T16:00:00Z,2026-09-08T18:00:00+0200,157.42,EUR/MWh,DE,DE_LU,day_ahead_price,value,2026-09-12T14:01:22Z
2026-09-12T13:58:08Z,2026-09-12T15:58:08+0200,6b132f0b-49c7-4206-864e-1e81037a76e9,2026-09-08T16:15:00Z,2026-09-08T18:15:00+0200,199.94,EUR/MWh,DE,DE_LU,day_ahead_price,value,2026-09-12T14:01:22Z
2026-09-12T13:58:08Z,2026-09-12T15:58:08+0200,6b132f0b-49c7-4206-864e-1e81037a76e9,2026-09-08T16:30:00Z,2026-09-08T18:30:00+0200,209.0,EUR/MWh,DE,DE_LU,day_ahead_price,value,2026-09-12T14:01:22Z
2026-09-12T13:58:08Z,2026-09-12T15:58:08+0200,6b132f0b-49c7-4206-864e-1e81037a76e9,2026-09-08T16:45:00Z,2026-09-08T18:45:00+0200,235.96,EUR/MWh,DE,DE_LU,day_ahead_price,value,2026-09-12T14:01:22Z
2026-09-12T13:58:08Z,2026-09-12T15:58:08+0200,6b132f0b-49c7-4206-864e-1e81037a76e9,2026-09-08T17:00:00Z,2026-09-08T19:00:00+0200,213.0,EUR/MWh,DE,DE_LU,day_ahead_price,value,2026-09-12T14:01:22Z
2026-09-12T13:58:08Z,2026-09-12T15:58:08+0200,6b132f0b-49c7-4206-864e-1e81037a76e9,2026-09-08T17:15:00Z,2026-09-08T19:15:00+0200,229.32,EUR/MWh,DE,DE_LU,day_ahead_price,value,2026-09-12T14:01:22Z
2026-09-12T13:58:08Z,2026-09-12T15:58:08+0200,6b132f0b-49c7-4206-864e-1e81037a76e9,2026-09-08T17:30:00Z,2026-09-08T19:30:00+0200,254.26,EUR/MWh,DE,DE_LU,day_ahead_price,value,2026-09-12T14:01:22Z
2026-09-12T13:58:08Z,2026-09-12T15:58:08+0200,6b132f0b-49c7-4206-864e-1e81037a76e9,2026-09-08T17:45:00Z,2026-09-08T19:45:00+0200,266.45,EUR/MWh,DE,DE_LU,day_ahead_price,value,2026-09-12T14:01:22Z
2026-09-12T13:58:08Z,2026-09-12T15:58:08+0200,6b132f0b-49c7-4206-864e-1e81037a76e9,2026-09-08T18:00:00Z,2026-09-08T20:00:00+0200,271.63,EUR/MWh,DE,DE_LU,day_ahead_price,value,2026-09-12T14:01:22Z
2026-09-12T13:58:08Z,2026-09-12T15:58:08+0200,6b132f0b-49c7-4206-864e-1e81037a76e9,2026-09-08T18:15:00Z,2026-09-08T20:15:00+0200,266.83,EUR/MWh,DE,DE_LU,day_ahead_price,value,2026-09-12T14:01:22Z
2026-09-12T13:58:08Z,2026-09-12T15:58:08+0200,6b132f0b-49c7-4206-864e-1e81037a76e9,2026-09-08T18:30:00Z,2026-09-08T20:30:00+0200,255.57,EUR/MWh,DE,DE_LU,day_ahead_price,value,2026-09-12T14:01:22Z
2026-09-12T13:58:08Z,2026-09-12T15:58:08+0200,6b132f0b-49c7-4206-864e-1e81037a76e9,2026-09-08T18:45:00Z,2026-09-08T20:45:00+0200,235.31,EUR/MWh,DE,DE_LU,day_ahead_price,value,2026-09-12T14:01:22Z
2026-09-12T13:58:08Z,2026-09-12T15:58:08+0200,6b132f0b-49c7-4206-864e-1e81037a76e9,2026-09-08T19:00:00Z,2026-09-08T21:00:00+0200,245.31,EUR/MWh,DE,DE_LU,day_ahead_price,value,2026-09-12T14:01:22Z
2026-09-12T13:58:08Z,2026-09-12T15:58:08+0200,6b132f0b-49c7-4206-864e-1e81037a76e9,2026-09-08T19:15:00Z,2026-09-08T21:15:00+0200,221.84,EUR/MWh,DE,DE_LU,day_ahead_price,value,2026-09-12T14:01:22Z
2026-09-12T13:58:08Z,2026-09-12T15:58:08+0200,6b132f0b-49c7-4206-864e-1e81037a76e9,2026-09-08T19:30:00Z,2026-09-08T21:30:00+0200,211.61,EUR/MWh,DE,DE_LU,day_ahead_price,value,2026-09-12T14:01:22Z
2026-09-12T13:58:08Z,2026-09-12T15:58:08+0200,6b132f0b-49c7-4206-864e-1e81037a76e9,2026-09-08T19:45:00Z,2026-09-08T21:45:00+0200,197.0,EUR/MWh,DE,DE_LU,day_ahead_price,value,2026-09-12T14:01:22Z
2026-09-12T13:58:08Z,2026-09-12T15:58:08+0200,6b132f0b-49c7-4206-864e-1e81037a76e9,2026-09-08T20:00:00Z,2026-09-08T22:00:00+0200,206.91,EUR/MWh,DE,DE_LU,day_ahead_price,value,2026-09-12T14:01:22Z
2026-09-12T13:58:08Z,2026-09-12T15:58:08+0200,6b132f0b-49c7-4206-864e-1e81037a76e9,2026-09-08T20:15:00Z,2026-09-08T22:15:00+0200,197.09,EUR/MWh,DE,DE_LU,day_ahead_price,value,2026-09-12T14:01:22Z
2026-09-12T13:58:08Z,2026-09-12T15:58:08+0200,6b132f0b-49c7-4206-864e-1e81037a76e9,2026-09-08T20:30:00Z,2026-09-08T22:30:00+0200,194.25,EUR/MWh,DE,DE_LU,day_ahead_price,value,2026-09-12T14:01:22Z
2026-09-12T13:58:08Z,2026-09-12T15:58:08+0200,6b132f0b-49c7-4206-864e-1e81037a76e9,2026-09-08T20:45:00Z,2026-09-08T22:45:00+0200,185.77,EUR/MWh,DE,DE_LU,day_ahead_price,value,2026-09-12T14:01:22Z
2026-09-12T13:58:08Z,2026-09-12T15:58:08+0200,6b132f0b-49c7-4206-864e-1e81037a76e9,2026-09-08T21:00:00Z,2026-09-08T23:00:00+0200,191.0,EUR/MWh,DE,DE_LU,day_ahead_price,value,2026-09-12T14:01:22Z
2026-09-12T13:58:08Z,2026-09-12T15:58:08+0200,6b132f0b-49c7-4206-864e-1e81037a76e9,2026-09-08T21:15:00Z,2026-09-08T23:15:00+0200,180.44,EUR/MWh,DE,DE_LU,day_ahead_price,value,2026-09-12T14:01:22Z
2026-09-12T13:58:08Z,2026-09-12T15:58:08+0200,6b132f0b-49c7-4206-864e-1e81037a76e9,2026-09-08T21:30:00Z,2026-09-08T23:30:00+0200,177.02,EUR/MWh,DE,DE_LU,day_ahead_price,value,2026-09-12T14:01:22Z
2026-09-12T13:58:08Z,2026-09-12T15:58:08+0200,6b132f0b-49c7-4206-864e-1e81037a76e9,2026-09-08T21:45:00Z,2026-09-08T23:45:00+0200,161.33,EUR/MWh,DE,DE_LU,day_ahead_price,value,2026-09-12T14:01:22Z
2026-09-12T13:58:08Z,2026-09-12T15:58:08+0200,6b132f0b-49c7-4206-864e-1e81037a76e9,2026-09-08T22:00:00Z,2026-09-09T00:00:00+0200,150.34,EUR/MWh,DE,DE_LU,day_ahead_price,value,2026-09-12T14:01:22Z
2026-09-12T13:58:08Z,2026-09-12T15:58:08+0200,6b132f0b-49c7-4206-864e-1e81037a76e9,2026-09-08T22:15:00Z,2026-09-09T00:15:00+0200,151.09,EUR/MWh,DE,DE_LU,day_ahead_price,value,2026-09-12T14:01:22Z
2026-09-12T13:58:08Z,2026-09-12T15:58:08+0200,6b132f0b-49c7-4206-864e-1e81037a76e9,2026-09-08T22:30:00Z,2026-09-09T00:30:00+0200,150.92,EUR/MWh,DE,DE_LU,day_ahead_price,value,2026-09-12T14:01:22Z
2026-09-12T13:58:08Z,2026-09-12T15:58:08+0200,6b132f0b-49c7-4206-864e-1e81037a76e9,2026-09-08T22:45:00Z,2026-09-09T00:45:00+0200,147.48,EUR/MWh,DE,DE_LU,day_ahead_price,value,2026-09-12T14:01:22Z
2026-09-12T13:58:08Z,2026-09-12T15:58:08+0200,6b132f0b-49c7-4206-864e-1e81037a76e9,2026-09-08T23:00:00Z,2026-09-09T01:00:00+0200,152.62,EUR/MWh,DE,DE_LU,day_ahead_price,value,2026-09-12T14:01:22Z
2026-09-12T13:58:08Z,2026-09-12T15:58:08+0200,6b132f0b-49c7-4206-864e-1e81037a76e9,2026-09-08T23:15:00Z,2026-09-09T01:15:00+0200,146.63,EUR/MWh,DE,DE_LU,day_ahead_price,value,2026-09-12T14:01:22Z
2026-09-12T13:58:08Z,2026-09-12T15:58:08+0200,6b132f0b-49c7-4206-864e-1e81037a76e9,2026-09-08T23:30:00Z,2026-09-09T01:30:00+0200,143.25,EUR/MWh,DE,DE_LU,day_ahead_price,value,2026-09-12T14:01:22Z
2026-09-12T13:58:08Z,2026-09-12T15:58:08+0200,6b132f0b-49c7-4206-864e-1e81037a76e9,2026-09-08T23:45:00Z,2026-09-09T01:45:00+0200,140.79,EUR/MWh,DE,DE_LU,day_ahead_price,value,2026-09-12T14:01:22Z
2026-09-12T13:58:08Z,2026-09-12T15:58:08+0200,6b132f0b-49c7-4206-864e-1e81037a76e9,2026-09-09T00:00:00Z,2026-09-09T02:00:00+0200,146.76,EUR/MWh,DE,DE_LU,day_ahead_price,value,2026-09-12T14:01:22Z
2026-09-12T13:58:08Z,2026-09-12T15:58:08+0200,6b132f0b-49c7-4206-864e-1e81037a76e9,2026-09-09T00:15:00Z,2026-09-09T02:15:00+0200,145.21,EUR/MWh,DE,DE_LU,day_ahead_price,value,2026-09-12T14:01:22Z
2026-09-12T13:58:08Z,2026-09-12T15:58:08+0200,6b132f0b-49c7-4206-864e-1e81037a76e9,2026-09-09T00:30:00Z,2026-09-09T02:30:00+0200,142.41,EUR/MWh,DE,DE_LU,day_ahead_price,value,2026-09-12T14:01:22Z
2026-09-12T13:58:08Z,2026-09-12T15:58:08+0200,6b132f0b-49c7-4206-864e-1e81037a76e9,2026-09-09T00:45:00Z,2026-09-09T02:45:00+0200,138.97,EUR/MWh,DE,DE_LU,day_ahead_price,value,2026-09-12T14:01:22Z
2026-09-12T13:58:08Z,2026-09-12T15:58:08+0200,6b132f0b-49c7-4206-864e-1e81037a76e9,2026-09-09T01:00:00Z,2026-09-09T03:00:00+0200,144.03,EUR/MWh,DE,DE_LU,day_ahead_price,value,2026-09-12T14:01:22Z
2026-09-12T13:58:08Z,2026-09-12T15:58:08+0200,6b132f0b-49c7-4206-864e-1e81037a76e9,2026-09-09T01:15:00Z,2026-09-09T03:15:00+0200,138.76,EUR/MWh,DE,DE_LU,day_ahead_price,value,2026-09-12T14:01:22Z
2026-09-12T13:58:08Z,2026-09-12T15:58:08+0200,6b132f0b-49c7-4206-864e-1e81037a76e9,2026-09-09T01:30:00Z,2026-09-09T03:30:00+0200,138.11,EUR/MWh,DE,DE_LU,day_ahead_price,value,2026-09-12T14:01:22Z
2026-09-12T13:58:08Z,2026-09-12T15:58:08+0200,6b132f0b-49c7-4206-864e-1e81037a76e9,2026-09-09T01:45:00Z,2026-09-09T03:45:00+0200,137.01,EUR/MWh,DE,DE_LU,day_ahead_price,value,2026-09-12T14:01:22Z
2026-09-12T13:58:08Z,2026-09-12T15:58:08+0200,6b132f0b-49c7-4206-864e-1e81037a76e9,2026-09-09T02:00:00Z,2026-09-09T04:00:00+0200,138.46,EUR/MWh,DE,DE_LU,day_ahead_price,value,2026-09-12T14:01:22Z
2026-09-12T13:58:08Z,2026-09-12T15:58:08+0200,6b132f0b-49c7-4206-864e-1e81037a76e9,2026-09-09T02:15:00Z,2026-09-09T04:15:00+0200,137.92,EUR/MWh,DE,DE_LU,day_ahead_price,value,2026-09-12T14:01:22Z
2026-09-12T13:58:08Z,2026-09-12T15:58:08+0200,6b132f0b-49c7-4206-864e-1e81037a76e9,2026-09-09T02:30:00Z,2026-09-09T04:30:00+0200,137.41,EUR/MWh,DE,DE_LU,day_ahead_price,value,2026-09-12T14:01:22Z
2026-09-12T13:58:08Z,2026-09-12T15:58:08+0200,6b132f0b-49c7-4206-864e-1e81037a76e9,2026-09-09T02:45:00Z,2026-09-09T04:45:00+0200,137.65,EUR/MWh,DE,DE_LU,day_ahead_price,value,2026-09-12T14:01:22Z
2026-09-12T13:58:08Z,2026-09-12T15:58:08+0200,6b132f0b-49c7-4206-864e-1e81037a76e9,2026-09-09T03:00:00Z,2026-09-09T05:00:00+0200,136.91,EUR/MWh,DE,DE_LU,day_ahead_price,value,2026-09-12T14:01:22Z
2026-09-12T13:58:08Z,2026-09-12T15:58:08+0200,6b132f0b-49c7-4206-864e-1e81037a76e9,2026-09-09T03:15:00Z,2026-09-09T05:15:00+0200,138.57,EUR/MWh,DE,DE_LU,day_ahead_price,value,2026-09-12T14:01:22Z
2026-09-12T13:58:08Z,2026-09-12T15:58:08+0200,6b132f0b-49c7-4206-864e-1e81037a76e9,2026-09-09T03:30:00Z,2026-09-09T05:30:00+0200,144.07,EUR/MWh,DE,DE_LU,day_ahead_price,value,2026-09-12T14:01:22Z
2026-09-12T13:58:08Z,2026-09-12T15:58:08+0200,6b132f0b-49c7-4206-864e-1e81037a76e9,2026-09-09T03:45:00Z,2026-09-09T05:45:00+0200,149.94,EUR/MWh,DE,DE_LU,day_ahead_price,value,2026-09-12T14:01:22Z
2026-09-12T13:58:08Z,2026-09-12T15:58:08+0200,6b132f0b-49c7-4206-864e-1e81037a76e9,2026-09-09T04:00:00Z,2026-09-09T06:00:00+0200,154.12,EUR/MWh,DE,DE_LU,day_ahead_price,value,2026-09-12T14:01:22Z
2026-09-12T13:58:08Z,2026-09-12T15:58:08+0200,6b132f0b-49c7-4206-864e-1e81037a76e9,2026-09-09T04:15:00Z,2026-09-09T06:15:00+0200,174.92,EUR/MWh,DE,DE_LU,day_ahead_price,value,2026-09-12T14:01:22Z
2026-09-12T13:58:08Z,2026-09-12T15:58:08+0200,6b132f0b-49c7-4206-864e-1e81037a76e9,2026-09-09T04:30:00Z,2026-09-09T06:30:00+0200,178.94,EUR/MWh,DE,DE_LU,day_ahead_price,value,2026-09-12T14:01:22Z
2026-09-12T13:58:08Z,2026-09-12T15:58:08+0200,6b132f0b-49c7-4206-864e-1e81037a76e9,2026-09-09T04:45:00Z,2026-09-09T06:45:00+0200,188.04,EUR/MWh,DE,DE_LU,day_ahead_price,value,2026-09-12T14:01:22Z
2026-09-12T13:58:08Z,2026-09-12T15:58:08+0200,6b132f0b-49c7-4206-864e-1e81037a76e9,2026-09-09T05:00:00Z,2026-09-09T07:00:00+0200,201.75,EUR/MWh,DE,DE_LU,day_ahead_price,value,2026-09-12T14:01:22Z
2026-09-12T13:58:08Z,2026-09-12T15:58:08+0200,6b132f0b-49c7-4206-864e-1e81037a76e9,2026-09-09T05:15:00Z,2026-09-09T07:15:00+0200,200.21,EUR/MWh,DE,DE_LU,day_ahead_price,value,2026-09-12T14:01:22Z
2026-09-12T13:58:08Z,2026-09-12T15:58:08+0200,6b132f0b-49c7-4206-864e-1e81037a76e9,2026-09-09T05:30:00Z,2026-09-09T07:30:00+0200,199.92,EUR/MWh,DE,DE_LU,day_ahead_price,value,2026-09-12T14:01:22Z
2026-09-12T13:58:08Z,2026-09-12T15:58:08+0200,6b132f0b-49c7-4206-864e-1e81037a76e9,2026-09-09T05:45:00Z,2026-09-09T07:45:00+0200,197.18,EUR/MWh,DE,DE_LU,day_ahead_price,value,2026-09-12T14:01:22Z
2026-09-12T13:58:08Z,2026-09-12T15:58:08+0200,6b132f0b-49c7-4206-864e-1e81037a76e9,2026-09-09T06:00:00Z,2026-09-09T08:00:00+0200,220.07,EUR/MWh,DE,DE_LU,day_ahead_price,value,2026-09-12T14:01:22Z
2026-09-12T13:58:08Z,2026-09-12T15:58:08+0200,6b132f0b-49c7-4206-864e-1e81037a76e9,2026-09-09T06:15:00Z,2026-09-09T08:15:00+0200,202.0,EUR/MWh,DE,DE_LU,day_ahead_price,value,2026-09-12T14:01:22Z
2026-09-12T13:58:08Z,2026-09-12T15:58:08+0200,6b132f0b-49c7-4206-864e-1e81037a76e9,2026-09-09T06:30:00Z,2026-09-09T08:30:00+0200,196.01,EUR/MWh,DE,DE_LU,day_ahead_price,value,2026-09-12T14:01:22Z
2026-09-12T13:58:08Z,2026-09-12T15:58:08+0200,6b132f0b-49c7-4206-864e-1e81037a76e9,2026-09-09T06:45:00Z,2026-09-09T08:45:00+0200,173.85,EUR/MWh,DE,DE_LU,day_ahead_price,value,2026-09-12T14:01:22Z
2026-09-12T13:58:08Z,2026-09-12T15:58:08+0200,6b132f0b-49c7-4206-864e-1e81037a76e9,2026-09-09T07:00:00Z,2026-09-09T09:00:00+0200,195.0,EUR/MWh,DE,DE_LU,day_ahead_price,value,2026-09-12T14:01:22Z
2026-09-12T13:58:08Z,2026-09-12T15:58:08+0200,6b132f0b-49c7-4206-864e-1e81037a76e9,2026-09-09T07:15:00Z,2026-09-09T09:15:00+0200,163.76,EUR/MWh,DE,DE_LU,day_ahead_price,value,2026-09-12T14:01:22Z
2026-09-12T13:58:08Z,2026-09-12T15:58:08+0200,6b132f0b-49c7-4206-864e-1e81037a76e9,2026-09-09T07:30:00Z,2026-09-09T09:30:00+0200,148.21,EUR/MWh,DE,DE_LU,day_ahead_price,value,2026-09-12T14:01:22Z
2026-09-12T13:58:08Z,2026-09-12T15:58:08+0200,6b132f0b-49c7-4206-864e-1e81037a76e9,2026-09-09T07:45:00Z,2026-09-09T09:45:00+0200,135.06,EUR/MWh,DE,DE_LU,day_ahead_price,value,2026-09-12T14:01:22Z
2026-09-12T13:58:08Z,2026-09-12T15:58:08+0200,6b132f0b-49c7-4206-864e-1e81037a76e9,2026-09-09T08:00:00Z,2026-09-09T10:00:00+0200,137.55,EUR/MWh,DE,DE_LU,day_ahead_price,value,2026-09-12T14:01:22Z
2026-09-12T13:58:08Z,2026-09-12T15:58:08+0200,6b132f0b-49c7-4206-864e-1e81037a76e9,2026-09-09T08:15:00Z,2026-09-09T10:15:00+0200,132.12,EUR/MWh,DE,DE_LU,day_ahead_price,value,2026-09-12T14:01:22Z
2026-09-12T13:58:08Z,2026-09-12T15:58:08+0200,6b132f0b-49c7-4206-864e-1e81037a76e9,2026-09-09T08:30:00Z,2026-09-09T10:30:00+0200,123.27,EUR/MWh,DE,DE_LU,day_ahead_price,value,2026-09-12T14:01:22Z
2026-09-12T13:58:08Z,2026-09-12T15:58:08+0200,6b132f0b-49c7-4206-864e-1e81037a76e9,2026-09-09T08:45:00Z,2026-09-09T10:45:00+0200,100.61,EUR/MWh,DE,DE_LU,day_ahead_price,value,2026-09-12T14:01:22Z
2026-09-12T13:58:08Z,2026-09-12T15:58:08+0200,6b132f0b-49c7-4206-864e-1e81037a76e9,2026-09-09T09:00:00Z,2026-09-09T11:00:00+0200,123.16,EUR/MWh,DE,DE_LU,day_ahead_price,value,2026-09-12T14:01:22Z
2026-09-12T13:58:08Z,2026-09-12T15:58:08+0200,6b132f0b-49c7-4206-864e-1e81037a76e9,2026-09-09T09:15:00Z,2026-09-09T11:15:00+0200,108.99,EUR/MWh,DE,DE_LU,day_ahead_price,value,2026-09-12T14:01:22Z
2026-09-12T13:58:08Z,2026-09-12T15:58:08+0200,6b132f0b-49c7-4206-864e-1e81037a76e9,2026-09-09T09:30:00Z,2026-09-09T11:30:00+0200,92.16,EUR/MWh,DE,DE_LU,day_ahead_price,value,2026-09-12T14:01:22Z
2026-09-12T13:58:08Z,2026-09-12T15:58:08+0200,6b132f0b-49c7-4206-864e-1e81037a76e9,2026-09-09T09:45:00Z,2026-09-09T11:45:00+0200,79.98,EUR/MWh,DE,DE_LU,day_ahead_price,value,2026-09-12T14:01:22Z
2026-09-12T13:58:08Z,2026-09-12T15:58:08+0200,6b132f0b-49c7-4206-864e-1e81037a76e9,2026-09-09T10:00:00Z,2026-09-09T12:00:00+0200,108.56,EUR/MWh,DE,DE_LU,day_ahead_price,value,2026-09-12T14:01:22Z
2026-09-12T13:58:08Z,2026-09-12T15:58:08+0200,6b132f0b-49c7-4206-864e-1e81037a76e9,2026-09-09T10:15:00Z,2026-09-09T12:15:00+0200,87.89,EUR/MWh,DE,DE_LU,day_ahead_price,value,2026-09-12T14:01:22Z
2026-09-12T13:58:08Z,2026-09-12T15:58:08+0200,6b132f0b-49c7-4206-864e-1e81037a76e9,2026-09-09T10:30:00Z,2026-09-09T12:30:00+0200,83.47,EUR/MWh,DE,DE_LU,day_ahead_price,value,2026-09-12T14:01:22Z
2026-09-12T13:58:08Z,2026-09-12T15:58:08+0200,6b132f0b-49c7-4206-864e-1e81037a76e9,2026-09-09T10:45:00Z,2026-09-09T12:45:00+0200,72.24,EUR/MWh,DE,DE_LU,day_ahead_price,value,2026-09-12T14:01:22Z
2026-09-12T13:58:08Z,2026-09-12T15:58:08+0200,6b132f0b-49c7-4206-864e-1e81037a76e9,2026-09-09T11:00:00Z,2026-09-09T13:00:00+0200,79.59,EUR/MWh,DE,DE_LU,day_ahead_price,value,2026-09-12T14:01:22Z
2026-09-12T13:58:08Z,2026-09-12T15:58:08+0200,6b132f0b-49c7-4206-864e-1e81037a76e9,2026-09-09T11:15:00Z,2026-09-09T13:15:00+0200,70.35,EUR/MWh,DE,DE_LU,day_ahead_price,value,2026-09-12T14:01:22Z
2026-09-12T13:58:08Z,2026-09-12T15:58:08+0200,6b132f0b-49c7-4206-864e-1e81037a76e9,2026-09-09T11:30:00Z,2026-09-09T13:30:00+0200,62.04,EUR/MWh,DE,DE_LU,day_ahead_price,value,2026-09-12T14:01:22Z
2026-09-12T13:58:08Z,2026-09-12T15:58:08+0200,6b132f0b-49c7-4206-864e-1e81037a76e9,2026-09-09T11:45:00Z,2026-09-09T13:45:00+0200,56.34,EUR/MWh,DE,DE_LU,day_ahead_price,value,2026-09-12T14:01:22Z
2026-09-12T13:58:08Z,2026-09-12T15:58:08+0200,6b132f0b-49c7-4206-864e-1e81037a76e9,2026-09-09T12:00:00Z,2026-09-09T14:00:00+0200,60.85,EUR/MWh,DE,DE_LU,day_ahead_price,value,2026-09-12T14:01:22Z
2026-09-12T13:58:08Z,2026-09-12T15:58:08+0200,6b132f0b-49c7-4206-864e-1e81037a76e9,2026-09-09T12:15:00Z,2026-09-09T14:15:00+0200,62.65,EUR/MWh,DE,DE_LU,day_ahead_price,value,2026-09-12T14:01:22Z
2026-09-12T13:58:08Z,2026-09-12T15:58:08+0200,6b132f0b-49c7-4206-864e-1e81037a76e9,2026-09-09T12:30:00Z,2026-09-09T14:30:00+0200,60.45,EUR/MWh,DE,DE_LU,day_ahead_price,value,2026-09-12T14:01:22Z
2026-09-12T13:58:08Z,2026-09-12T15:58:08+0200,6b132f0b-49c7-4206-864e-1e81037a76e9,2026-09-09T12:45:00Z,2026-09-09T14:45:00+0200,62.33,EUR/MWh,DE,DE_LU,day_ahead_price,value,2026-09-12T14:01:22Z
2026-09-12T13:58:08Z,2026-09-12T15:58:08+0200,6b132f0b-49c7-4206-864e-1e81037a76e9,2026-09-09T13:00:00Z,2026-09-09T15:00:00+0200,60.42,EUR/MWh,DE,DE_LU,day_ahead_price,value,2026-09-12T14:01:22Z
2026-09-12T13:58:08Z,2026-09-12T15:58:08+0200,6b132f0b-49c7-4206-864e-1e81037a76e9,2026-09-09T13:15:00Z,2026-09-09T15:15:00+0200,69.59,EUR/MWh,DE,DE_LU,day_ahead_price,value,2026-09-12T14:01:22Z
2026-09-12T13:58:08Z,2026-09-12T15:58:08+0200,6b132f0b-49c7-4206-864e-1e81037a76e9,2026-09-09T13:30:00Z,2026-09-09T15:30:00+0200,78.26,EUR/MWh,DE,DE_LU,day_ahead_price,value,2026-09-12T14:01:22Z
2026-09-12T13:58:08Z,2026-09-12T15:58:08+0200,6b132f0b-49c7-4206-864e-1e81037a76e9,2026-09-09T13:45:00Z,2026-09-09T15:45:00+0200,83.48,EUR/MWh,DE,DE_LU,day_ahead_price,value,2026-09-12T14:01:22Z
2026-09-12T13:58:08Z,2026-09-12T15:58:08+0200,6b132f0b-49c7-4206-864e-1e81037a76e9,2026-09-09T14:00:00Z,2026-09-09T16:00:00+0200,64.69,EUR/MWh,DE,DE_LU,day_ahead_price,value,2026-09-12T14:01:22Z
2026-09-12T13:58:08Z,2026-09-12T15:58:08+0200,6b132f0b-49c7-4206-864e-1e81037a76e9,2026-09-09T14:15:00Z,2026-09-09T16:15:00+0200,82.99,EUR/MWh,DE,DE_LU,day_ahead_price,value,2026-09-12T14:01:22Z
2026-09-12T13:58:08Z,2026-09-12T15:58:08+0200,6b132f0b-49c7-4206-864e-1e81037a76e9,2026-09-09T14:30:00Z,2026-09-09T16:30:00+0200,111.51,EUR/MWh,DE,DE_LU,day_ahead_price,value,2026-09-12T14:01:22Z
2026-09-12T13:58:08Z,2026-09-12T15:58:08+0200,6b132f0b-49c7-4206-864e-1e81037a76e9,2026-09-09T14:45:00Z,2026-09-09T16:45:00+0200,123.21,EUR/MWh,DE,DE_LU,day_ahead_price,value,2026-09-12T14:01:22Z
2026-09-12T13:58:08Z,2026-09-12T15:58:08+0200,6b132f0b-49c7-4206-864e-1e81037a76e9,2026-09-09T15:00:00Z,2026-09-09T17:00:00+0200,106.31,EUR/MWh,DE,DE_LU,day_ahead_price,value,2026-09-12T14:01:22Z
2026-09-12T13:58:08Z,2026-09-12T15:58:08+0200,6b132f0b-49c7-4206-864e-1e81037a76e9,2026-09-09T15:15:00Z,2026-09-09T17:15:00+0200,129.12,EUR/MWh,DE,DE_LU,day_ahead_price,value,2026-09-12T14:01:22Z
2026-09-12T13:58:08Z,2026-09-12T15:58:08+0200,6b132f0b-49c7-4206-864e-1e81037a76e9,2026-09-09T15:30:00Z,2026-09-09T17:30:00+0200,140.54,EUR/MWh,DE,DE_LU,day_ahead_price,value,2026-09-12T14:01:22Z
2026-09-12T13:58:08Z,2026-09-12T15:58:08+0200,6b132f0b-49c7-4206-864e-1e81037a76e9,2026-09-09T15:45:00Z,2026-09-09T17:45:00+0200,152.26,EUR/MWh,DE,DE_LU,day_ahead_price,value,2026-09-12T14:01:22Z
2026-09-12T13:58:08Z,2026-09-12T15:58:08+0200,6b132f0b-49c7-4206-864e-1e81037a76e9,2026-09-09T16:00:00Z,2026-09-09T18:00:00+0200,138.21,EUR/MWh,DE,DE_LU,day_ahead_price,value,2026-09-12T14:01:22Z
2026-09-12T13:58:08Z,2026-09-12T15:58:08+0200,6b132f0b-49c7-4206-864e-1e81037a76e9,2026-09-09T16:15:00Z,2026-09-09T18:15:00+0200,167.25,EUR/MWh,DE,DE_LU,day_ahead_price,value,2026-09-12T14:01:22Z
2026-09-12T13:58:08Z,2026-09-12T15:58:08+0200,6b132f0b-49c7-4206-864e-1e81037a76e9,2026-09-09T16:30:00Z,2026-09-09T18:30:00+0200,187.65,EUR/MWh,DE,DE_LU,day_ahead_price,value,2026-09-12T14:01:22Z
2026-09-12T13:58:08Z,2026-09-12T15:58:08+0200,6b132f0b-49c7-4206-864e-1e81037a76e9,2026-09-09T16:45:00Z,2026-09-09T18:45:00+0200,201.63,EUR/MWh,DE,DE_LU,day_ahead_price,value,2026-09-12T14:01:22Z
2026-09-12T13:58:08Z,2026-09-12T15:58:08+0200,6b132f0b-49c7-4206-864e-1e81037a76e9,2026-09-09T17:00:00Z,2026-09-09T19:00:00+0200,197.52,EUR/MWh,DE,DE_LU,day_ahead_price,value,2026-09-12T14:01:22Z
2026-09-12T13:58:08Z,2026-09-12T15:58:08+0200,6b132f0b-49c7-4206-864e-1e81037a76e9,2026-09-09T17:15:00Z,2026-09-09T19:15:00+0200,202.25,EUR/MWh,DE,DE_LU,day_ahead_price,value,2026-09-12T14:01:22Z
2026-09-12T13:58:08Z,2026-09-12T15:58:08+0200,6b132f0b-49c7-4206-864e-1e81037a76e9,2026-09-09T17:30:00Z,2026-09-09T19:30:00+0200,202.08,EUR/MWh,DE,DE_LU,day_ahead_price,value,2026-09-12T14:01:22Z
2026-09-12T13:58:08Z,2026-09-12T15:58:08+0200,6b132f0b-49c7-4206-864e-1e81037a76e9,2026-09-09T17:45:00Z,2026-09-09T19:45:00+0200,206.29,EUR/MWh,DE,DE_LU,day_ahead_price,value,2026-09-12T14:01:22Z
2026-09-12T13:58:08Z,2026-09-12T15:58:08+0200,6b132f0b-49c7-4206-864e-1e81037a76e9,2026-09-09T18:00:00Z,2026-09-09T20:00:00+0200,202.57,EUR/MWh,DE,DE_LU,day_ahead_price,value,2026-09-12T14:01:22Z
2026-09-12T13:58:08Z,2026-09-12T15:58:08+0200,6b132f0b-49c7-4206-864e-1e81037a76e9,2026-09-09T18:15:00Z,2026-09-09T20:15:00+0200,200.8,EUR/MWh,DE,DE_LU,day_ahead_price,value,2026-09-12T14:01:22Z
2026-09-12T13:58:08Z,2026-09-12T15:58:08+0200,6b132f0b-49c7-4206-864e-1e81037a76e9,2026-09-09T18:30:00Z,2026-09-09T20:30:00+0200,202.26,EUR/MWh,DE,DE_LU,day_ahead_price,value,2026-09-12T14:01:22Z
2026-09-12T13:58:08Z,2026-09-12T15:58:08+0200,6b132f0b-49c7-4206-864e-1e81037a76e9,2026-09-09T18:45:00Z,2026-09-09T20:45:00+0200,203.8,EUR/MWh,DE,DE_LU,day_ahead_price,value,2026-09-12T14:01:22Z
2026-09-12T13:58:08Z,2026-09-12T15:58:08+0200,6b132f0b-49c7-4206-864e-1e81037a76e9,2026-09-09T19:00:00Z,2026-09-09T21:00:00+0200,204.92,EUR/MWh,DE,DE_LU,day_ahead_price,value,2026-09-12T14:01:22Z
2026-09-12T13:58:08Z,2026-09-12T15:58:08+0200,6b132f0b-49c7-4206-864e-1e81037a76e9,2026-09-09T19:15:00Z,2026-09-09T21:15:00+0200,198.0,EUR/MWh,DE,DE_LU,day_ahead_price,value,2026-09-12T14:01:22Z
2026-09-12T13:58:08Z,2026-09-12T15:58:08+0200,6b132f0b-49c7-4206-864e-1e81037a76e9,2026-09-09T19:30:00Z,2026-09-09T21:30:00+0200,195.76,EUR/MWh,DE,DE_LU,day_ahead_price,value,2026-09-12T14:01:22Z
2026-09-12T13:58:08Z,2026-09-12T15:58:08+0200,6b132f0b-49c7-4206-864e-1e81037a76e9,2026-09-09T19:45:00Z,2026-09-09T21:45:00+0200,187.37,EUR/MWh,DE,DE_LU,day_ahead_price,value,2026-09-12T14:01:22Z
2026-09-12T13:58:08Z,2026-09-12T15:58:08+0200,6b132f0b-49c7-4206-864e-1e81037a76e9,2026-09-09T20:00:00Z,2026-09-09T22:00:00+0200,190.05,EUR/MWh,DE,DE_LU,day_ahead_price,value,2026-09-12T14:01:22Z
2026-09-12T13:58:08Z,2026-09-12T15:58:08+0200,6b132f0b-49c7-4206-864e-1e81037a76e9,2026-09-09T20:15:00Z,2026-09-09T22:15:00+0200,175.81,EUR/MWh,DE,DE_LU,day_ahead_price,value,2026-09-12T14:01:22Z
2026-09-12T13:58:08Z,2026-09-12T15:58:08+0200,6b132f0b-49c7-4206-864e-1e81037a76e9,2026-09-09T20:30:00Z,2026-09-09T22:30:00+0200,171.66,EUR/MWh,DE,DE_LU,day_ahead_price,value,2026-09-12T14:01:22Z
2026-09-12T13:58:08Z,2026-09-12T15:58:08+0200,6b132f0b-49c7-4206-864e-1e81037a76e9,2026-09-09T20:45:00Z,2026-09-09T22:45:00+0200,162.42,EUR/MWh,DE,DE_LU,day_ahead_price,value,2026-09-12T14:01:22Z
2026-09-12T13:58:08Z,2026-09-12T15:58:08+0200,6b132f0b-49c7-4206-864e-1e81037a76e9,2026-09-09T21:00:00Z,2026-09-09T23:00:00+0200,168.0,EUR/MWh,DE,DE_LU,day_ahead_price,value,2026-09-12T14:01:22Z
2026-09-12T13:58:08Z,2026-09-12T15:58:08+0200,6b132f0b-49c7-4206-864e-1e81037a76e9,2026-09-09T21:15:00Z,2026-09-09T23:15:00+0200,155.4,EUR/MWh,DE,DE_LU,day_ahead_price,value,2026-09-12T14:01:22Z
2026-09-12T13:58:08Z,2026-09-12T15:58:08+0200,6b132f0b-49c7-4206-864e-1e81037a76e9,2026-09-09T21:30:00Z,2026-09-09T23:30:00+0200,148.76,EUR/MWh,DE,DE_LU,day_ahead_price,value,2026-09-12T14:01:22Z
2026-09-12T13:58:08Z,2026-09-12T15:58:08+0200,6b132f0b-49c7-4206-864e-1e81037a76e9,2026-09-09T21:45:00Z,2026-09-09T23:45:00+0200,140.85,EUR/MWh,DE,DE_LU,day_ahead_price,value,2026-09-12T14:01:22Z
2026-09-12T13:58:08Z,2026-09-12T15:58:08+0200,6b132f0b-49c7-4206-864e-1e81037a76e9,2026-09-09T22:00:00Z,2026-09-10T00:00:00+0200,172.77,EUR/MWh,DE,DE_LU,day_ahead_price,value,2026-09-12T14:01:22Z
2026-09-12T13:58:08Z,2026-09-12T15:58:08+0200,6b132f0b-49c7-4206-864e-1e81037a76e9,2026-09-09T22:15:00Z,2026-09-10T00:15:00+0200,160.0,EUR/MWh,DE,DE_LU,day_ahead_price,value,2026-09-12T14:01:22Z
2026-09-12T13:58:08Z,2026-09-12T15:58:08+0200,6b132f0b-49c7-4206-864e-1e81037a76e9,2026-09-09T22:30:00Z,2026-09-10T00:30:00+0200,154.33,EUR/MWh,DE,DE_LU,day_ahead_price,value,2026-09-12T14:01:22Z
2026-09-12T13:58:08Z,2026-09-12T15:58:08+0200,6b132f0b-49c7-4206-864e-1e81037a76e9,2026-09-09T22:45:00Z,2026-09-10T00:45:00+0200,153.62,EUR/MWh,DE,DE_LU,day_ahead_price,value,2026-09-12T14:01:22Z
2026-09-12T13:58:08Z,2026-09-12T15:58:08+0200,6b132f0b-49c7-4206-864e-1e81037a76e9,2026-09-09T23:00:00Z,2026-09-10T01:00:00+0200,154.46,EUR/MWh,DE,DE_LU,day_ahead_price,value,2026-09-12T14:01:22Z
2026-09-12T13:58:08Z,2026-09-12T15:58:08+0200,6b132f0b-49c7-4206-864e-1e81037a76e9,2026-09-09T23:15:00Z,2026-09-10T01:15:00+0200,159.26,EUR/MWh,DE,DE_LU,day_ahead_price,value,2026-09-12T14:01:22Z
2026-09-12T13:58:08Z,2026-09-12T15:58:08+0200,6b132f0b-49c7-4206-864e-1e81037a76e9,2026-09-09T23:30:00Z,2026-09-10T01:30:00+0200,158.09,EUR/MWh,DE,DE_LU,day_ahead_price,value,2026-09-12T14:01:22Z
2026-09-12T13:58:08Z,2026-09-12T15:58:08+0200,6b132f0b-49c7-4206-864e-1e81037a76e9,2026-09-09T23:45:00Z,2026-09-10T01:45:00+0200,157.58,EUR/MWh,DE,DE_LU,day_ahead_price,value,2026-09-12T14:01:22Z
2026-09-12T13:58:08Z,2026-09-12T15:58:08+0200,6b132f0b-49c7-4206-864e-1e81037a76e9,2026-09-10T00:00:00Z,2026-09-10T02:00:00+0200,157.27,EUR/MWh,DE,DE_LU,day_ahead_price,value,2026-09-12T14:01:22Z
2026-09-12T13:58:08Z,2026-09-12T15:58:08+0200,6b132f0b-49c7-4206-864e-1e81037a76e9,2026-09-10T00:15:00Z,2026-09-10T02:15:00+0200,156.21,EUR/MWh,DE,DE_LU,day_ahead_price,value,2026-09-12T14:01:22Z
2026-09-12T13:58:08Z,2026-09-12T15:58:08+0200,6b132f0b-49c7-4206-864e-1e81037a76e9,2026-09-10T00:30:00Z,2026-09-10T02:30:00+0200,162.08,EUR/MWh,DE,DE_LU,day_ahead_price,value,2026-09-12T14:01:22Z
2026-09-12T13:58:08Z,2026-09-12T15:58:08+0200,6b132f0b-49c7-4206-864e-1e81037a76e9,2026-09-10T00:45:00Z,2026-09-10T02:45:00+0200,162.37,EUR/MWh,DE,DE_LU,day_ahead_price,value,2026-09-12T14:01:22Z
2026-09-12T13:58:08Z,2026-09-12T15:58:08+0200,6b132f0b-49c7-4206-864e-1e81037a76e9,2026-09-10T01:00:00Z,2026-09-10T03:00:00+0200,162.09,EUR/MWh,DE,DE_LU,day_ahead_price,value,2026-09-12T14:01:22Z
2026-09-12T13:58:08Z,2026-09-12T15:58:08+0200,6b132f0b-49c7-4206-864e-1e81037a76e9,2026-09-10T01:15:00Z,2026-09-10T03:15:00+0200,163.29,EUR/MWh,DE,DE_LU,day_ahead_price,value,2026-09-12T14:01:22Z
2026-09-12T13:58:08Z,2026-09-12T15:58:08+0200,6b132f0b-49c7-4206-864e-1e81037a76e9,2026-09-10T01:30:00Z,2026-09-10T03:30:00+0200,160.84,EUR/MWh,DE,DE_LU,day_ahead_price,value,2026-09-12T14:01:22Z
2026-09-12T13:58:08Z,2026-09-12T15:58:08+0200,6b132f0b-49c7-4206-864e-1e81037a76e9,2026-09-10T01:45:00Z,2026-09-10T03:45:00+0200,163.3,EUR/MWh,DE,DE_LU,day_ahead_price,value,2026-09-12T14:01:22Z
2026-09-12T13:58:08Z,2026-09-12T15:58:08+0200,6b132f0b-49c7-4206-864e-1e81037a76e9,2026-09-10T02:00:00Z,2026-09-10T04:00:00+0200,163.29,EUR/MWh,DE,DE_LU,day_ahead_price,value,2026-09-12T14:01:22Z
2026-09-12T13:58:08Z,2026-09-12T15:58:08+0200,6b132f0b-49c7-4206-864e-1e81037a76e9,2026-09-10T02:15:00Z,2026-09-10T04:15:00+0200,165.99,EUR/MWh,DE,DE_LU,day_ahead_price,value,2026-09-12T14:01:22Z
2026-09-12T13:58:08Z,2026-09-12T15:58:08+0200,6b132f0b-49c7-4206-864e-1e81037a76e9,2026-09-10T02:30:00Z,2026-09-10T04:30:00+0200,171.36,EUR/MWh,DE,DE_LU,day_ahead_price,value,2026-09-12T14:01:22Z
2026-09-12T13:58:08Z,2026-09-12T15:58:08+0200,6b132f0b-49c7-4206-864e-1e81037a76e9,2026-09-10T02:45:00Z,2026-09-10T04:45:00+0200,177.96,EUR/MWh,DE,DE_LU,day_ahead_price,value,2026-09-12T14:01:22Z
2026-09-12T13:58:08Z,2026-09-12T15:58:08+0200,6b132f0b-49c7-4206-864e-1e81037a76e9,2026-09-10T03:00:00Z,2026-09-10T05:00:00+0200,170.24,EUR/MWh,DE,DE_LU,day_ahead_price,value,2026-09-12T14:01:22Z
2026-09-12T13:58:08Z,2026-09-12T15:58:08+0200,6b132f0b-49c7-4206-864e-1e81037a76e9,2026-09-10T03:15:00Z,2026-09-10T05:15:00+0200,177.14,EUR/MWh,DE,DE_LU,day_ahead_price,value,2026-09-12T14:01:22Z
2026-09-12T13:58:08Z,2026-09-12T15:58:08+0200,6b132f0b-49c7-4206-864e-1e81037a76e9,2026-09-10T03:30:00Z,2026-09-10T05:30:00+0200,187.35,EUR/MWh,DE,DE_LU,day_ahead_price,value,2026-09-12T14:01:22Z
2026-09-12T13:58:08Z,2026-09-12T15:58:08+0200,6b132f0b-49c7-4206-864e-1e81037a76e9,2026-09-10T03:45:00Z,2026-09-10T05:45:00+0200,200.93,EUR/MWh,DE,DE_LU,day_ahead_price,value,2026-09-12T14:01:22Z
2026-09-12T13:58:08Z,2026-09-12T15:58:08+0200,6b132f0b-49c7-4206-864e-1e81037a76e9,2026-09-10T04:00:00Z,2026-09-10T06:00:00+0200,192.14,EUR/MWh,DE,DE_LU,day_ahead_price,value,2026-09-12T14:01:22Z
2026-09-12T13:58:08Z,2026-09-12T15:58:08+0200,6b132f0b-49c7-4206-864e-1e81037a76e9,2026-09-10T04:15:00Z,2026-09-10T06:15:00+0200,206.18,EUR/MWh,DE,DE_LU,day_ahead_price,value,2026-09-12T14:01:22Z
2026-09-12T13:58:08Z,2026-09-12T15:58:08+0200,6b132f0b-49c7-4206-864e-1e81037a76e9,2026-09-10T04:30:00Z,2026-09-10T06:30:00+0200,218.27,EUR/MWh,DE,DE_LU,day_ahead_price,value,2026-09-12T14:01:22Z
2026-09-12T13:58:08Z,2026-09-12T15:58:08+0200,6b132f0b-49c7-4206-864e-1e81037a76e9,2026-09-10T04:45:00Z,2026-09-10T06:45:00+0200,226.77,EUR/MWh,DE,DE_LU,day_ahead_price,value,2026-09-12T14:01:22Z
2026-09-12T13:58:08Z,2026-09-12T15:58:08+0200,6b132f0b-49c7-4206-864e-1e81037a76e9,2026-09-10T05:00:00Z,2026-09-10T07:00:00+0200,226.79,EUR/MWh,DE,DE_LU,day_ahead_price,value,2026-09-12T14:01:22Z
2026-09-12T13:58:08Z,2026-09-12T15:58:08+0200,6b132f0b-49c7-4206-864e-1e81037a76e9,2026-09-10T05:15:00Z,2026-09-10T07:15:00+0200,234.0,EUR/MWh,DE,DE_LU,day_ahead_price,value,2026-09-12T14:01:22Z
2026-09-12T13:58:08Z,2026-09-12T15:58:08+0200,6b132f0b-49c7-4206-864e-1e81037a76e9,2026-09-10T05:30:00Z,2026-09-10T07:30:00+0200,236.99,EUR/MWh,DE,DE_LU,day_ahead_price,value,2026-09-12T14:01:22Z
2026-09-12T13:58:08Z,2026-09-12T15:58:08+0200,6b132f0b-49c7-4206-864e-1e81037a76e9,2026-09-10T05:45:00Z,2026-09-10T07:45:00+0200,229.94,EUR/MWh,DE,DE_LU,day_ahead_price,value,2026-09-12T14:01:22Z
2026-09-12T13:58:08Z,2026-09-12T15:58:08+0200,6b132f0b-49c7-4206-864e-1e81037a76e9,2026-09-10T06:00:00Z,2026-09-10T08:00:00+0200,248.93,EUR/MWh,DE,DE_LU,day_ahead_price,value,2026-09-12T14:01:22Z
2026-09-12T13:58:08Z,2026-09-12T15:58:08+0200,6b132f0b-49c7-4206-864e-1e81037a76e9,2026-09-10T06:15:00Z,2026-09-10T08:15:00+0200,227.5,EUR/MWh,DE,DE_LU,day_ahead_price,value,2026-09-12T14:01:22Z
2026-09-12T13:58:08Z,2026-09-12T15:58:08+0200,6b132f0b-49c7-4206-864e-1e81037a76e9,2026-09-10T06:30:00Z,2026-09-10T08:30:00+0200,216.08,EUR/MWh,DE,DE_LU,day_ahead_price,value,2026-09-12T14:01:22Z
2026-09-12T13:58:08Z,2026-09-12T15:58:08+0200,6b132f0b-49c7-4206-864e-1e81037a76e9,2026-09-10T06:45:00Z,2026-09-10T08:45:00+0200,195.67,EUR/MWh,DE,DE_LU,day_ahead_price,value,2026-09-12T14:01:22Z
2026-09-12T13:58:08Z,2026-09-12T15:58:08+0200,6b132f0b-49c7-4206-864e-1e81037a76e9,2026-09-10T07:00:00Z,2026-09-10T09:00:00+0200,215.99,EUR/MWh,DE,DE_LU,day_ahead_price,value,2026-09-12T14:01:22Z
2026-09-12T13:58:08Z,2026-09-12T15:58:08+0200,6b132f0b-49c7-4206-864e-1e81037a76e9,2026-09-10T07:15:00Z,2026-09-10T09:15:00+0200,195.01,EUR/MWh,DE,DE_LU,day_ahead_price,value,2026-09-12T14:01:22Z
2026-09-12T13:58:08Z,2026-09-12T15:58:08+0200,6b132f0b-49c7-4206-864e-1e81037a76e9,2026-09-10T07:30:00Z,2026-09-10T09:30:00+0200,173.82,EUR/MWh,DE,DE_LU,day_ahead_price,value,2026-09-12T14:01:22Z
2026-09-12T13:58:08Z,2026-09-12T15:58:08+0200,6b132f0b-49c7-4206-864e-1e81037a76e9,2026-09-10T07:45:00Z,2026-09-10T09:45:00+0200,155.09,EUR/MWh,DE,DE_LU,day_ahead_price,value,2026-09-12T14:01:22Z
2026-09-12T13:58:08Z,2026-09-12T15:58:08+0200,6b132f0b-49c7-4206-864e-1e81037a76e9,2026-09-10T08:00:00Z,2026-09-10T10:00:00+0200,174.91,EUR/MWh,DE,DE_LU,day_ahead_price,value,2026-09-12T14:01:22Z
2026-09-12T13:58:08Z,2026-09-12T15:58:08+0200,6b132f0b-49c7-4206-864e-1e81037a76e9,2026-09-10T08:15:00Z,2026-09-10T10:15:00+0200,151.1,EUR/MWh,DE,DE_LU,day_ahead_price,value,2026-09-12T14:01:22Z
2026-09-12T13:58:08Z,2026-09-12T15:58:08+0200,6b132f0b-49c7-4206-864e-1e81037a76e9,2026-09-10T08:30:00Z,2026-09-10T10:30:00+0200,137.25,EUR/MWh,DE,DE_LU,day_ahead_price,value,2026-09-12T14:01:22Z
2026-09-12T13:58:08Z,2026-09-12T15:58:08+0200,6b132f0b-49c7-4206-864e-1e81037a76e9,2026-09-10T08:45:00Z,2026-09-10T10:45:00+0200,122.2,EUR/MWh,DE,DE_LU,day_ahead_price,value,2026-09-12T14:01:22Z
2026-09-12T13:58:08Z,2026-09-12T15:58:08+0200,6b132f0b-49c7-4206-864e-1e81037a76e9,2026-09-10T09:00:00Z,2026-09-10T11:00:00+0200,131.54,EUR/MWh,DE,DE_LU,day_ahead_price,value,2026-09-12T14:01:22Z
2026-09-12T13:58:08Z,2026-09-12T15:58:08+0200,6b132f0b-49c7-4206-864e-1e81037a76e9,2026-09-10T09:15:00Z,2026-09-10T11:15:00+0200,117.81,EUR/MWh,DE,DE_LU,day_ahead_price,value,2026-09-12T14:01:22Z
2026-09-12T13:58:08Z,2026-09-12T15:58:08+0200,6b132f0b-49c7-4206-864e-1e81037a76e9,2026-09-10T09:30:00Z,2026-09-10T11:30:00+0200,99.16,EUR/MWh,DE,DE_LU,day_ahead_price,value,2026-09-12T14:01:22Z
2026-09-12T13:58:08Z,2026-09-12T15:58:08+0200,6b132f0b-49c7-4206-864e-1e81037a76e9,2026-09-10T09:45:00Z,2026-09-10T11:45:00+0200,73.77,EUR/MWh,DE,DE_LU,day_ahead_price,value,2026-09-12T14:01:22Z
2026-09-12T13:58:08Z,2026-09-12T15:58:08+0200,6b132f0b-49c7-4206-864e-1e81037a76e9,2026-09-10T10:00:00Z,2026-09-10T12:00:00+0200,90.0,EUR/MWh,DE,DE_LU,day_ahead_price,value,2026-09-12T14:01:22Z
2026-09-12T13:58:08Z,2026-09-12T15:58:08+0200,6b132f0b-49c7-4206-864e-1e81037a76e9,2026-09-10T10:15:00Z,2026-09-10T12:15:00+0200,75.98,EUR/MWh,DE,DE_LU,day_ahead_price,value,2026-09-12T14:01:22Z
2026-09-12T13:58:08Z,2026-09-12T15:58:08+0200,6b132f0b-49c7-4206-864e-1e81037a76e9,2026-09-10T10:30:00Z,2026-09-10T12:30:00+0200,74.57,EUR/MWh,DE,DE_LU,day_ahead_price,value,2026-09-12T14:01:22Z
2026-09-12T13:58:08Z,2026-09-12T15:58:08+0200,6b132f0b-49c7-4206-864e-1e81037a76e9,2026-09-10T10:45:00Z,2026-09-10T12:45:00+0200,66.02,EUR/MWh,DE,DE_LU,day_ahead_price,value,2026-09-12T14:01:22Z
2026-09-12T13:58:08Z,2026-09-12T15:58:08+0200,6b132f0b-49c7-4206-864e-1e81037a76e9,2026-09-10T11:00:00Z,2026-09-10T13:00:00+0200,69.38,EUR/MWh,DE,DE_LU,day_ahead_price,value,2026-09-12T14:01:22Z
2026-09-12T13:58:08Z,2026-09-12T15:58:08+0200,6b132f0b-49c7-4206-864e-1e81037a76e9,2026-09-10T11:15:00Z,2026-09-10T13:15:00+0200,62.38,EUR/MWh,DE,DE_LU,day_ahead_price,value,2026-09-12T14:01:22Z
2026-09-12T13:58:08Z,2026-09-12T15:58:08+0200,6b132f0b-49c7-4206-864e-1e81037a76e9,2026-09-10T11:30:00Z,2026-09-10T13:30:00+0200,63.46,EUR/MWh,DE,DE_LU,day_ahead_price,value,2026-09-12T14:01:22Z
2026-09-12T13:58:08Z,2026-09-12T15:58:08+0200,6b132f0b-49c7-4206-864e-1e81037a76e9,2026-09-10T11:45:00Z,2026-09-10T13:45:00+0200,69.34,EUR/MWh,DE,DE_LU,day_ahead_price,value,2026-09-12T14:01:22Z
2026-09-12T13:58:08Z,2026-09-12T15:58:08+0200,6b132f0b-49c7-4206-864e-1e81037a76e9,2026-09-10T12:00:00Z,2026-09-10T14:00:00+0200,77.66,EUR/MWh,DE,DE_LU,day_ahead_price,value,2026-09-12T14:01:22Z
2026-09-12T13:58:08Z,2026-09-12T15:58:08+0200,6b132f0b-49c7-4206-864e-1e81037a76e9,2026-09-10T12:15:00Z,2026-09-10T14:15:00+0200,89.36,EUR/MWh,DE,DE_LU,day_ahead_price,value,2026-09-12T14:01:22Z
2026-09-12T13:58:08Z,2026-09-12T15:58:08+0200,6b132f0b-49c7-4206-864e-1e81037a76e9,2026-09-10T12:30:00Z,2026-09-10T14:30:00+0200,96.26,EUR/MWh,DE,DE_LU,day_ahead_price,value,2026-09-12T14:01:22Z
2026-09-12T13:58:08Z,2026-09-12T15:58:08+0200,6b132f0b-49c7-4206-864e-1e81037a76e9,2026-09-10T12:45:00Z,2026-09-10T14:45:00+0200,103.76,EUR/MWh,DE,DE_LU,day_ahead_price,value,2026-09-12T14:01:22Z
2026-09-12T13:58:08Z,2026-09-12T15:58:08+0200,6b132f0b-49c7-4206-864e-1e81037a76e9,2026-09-10T13:00:00Z,2026-09-10T15:00:00+0200,101.36,EUR/MWh,DE,DE_LU,day_ahead_price,value,2026-09-12T14:01:22Z
2026-09-12T13:58:08Z,2026-09-12T15:58:08+0200,6b132f0b-49c7-4206-864e-1e81037a76e9,2026-09-10T13:15:00Z,2026-09-10T15:15:00+0200,112.92,EUR/MWh,DE,DE_LU,day_ahead_price,value,2026-09-12T14:01:22Z
2026-09-12T13:58:08Z,2026-09-12T15:58:08+0200,6b132f0b-49c7-4206-864e-1e81037a76e9,2026-09-10T13:30:00Z,2026-09-10T15:30:00+0200,123.88,EUR/MWh,DE,DE_LU,day_ahead_price,value,2026-09-12T14:01:22Z
2026-09-12T13:58:08Z,2026-09-12T15:58:08+0200,6b132f0b-49c7-4206-864e-1e81037a76e9,2026-09-10T13:45:00Z,2026-09-10T15:45:00+0200,132.54,EUR/MWh,DE,DE_LU,day_ahead_price,value,2026-09-12T14:01:22Z
2026-09-12T13:58:08Z,2026-09-12T15:58:08+0200,6b132f0b-49c7-4206-864e-1e81037a76e9,2026-09-10T14:00:00Z,2026-09-10T16:00:00+0200,111.19,EUR/MWh,DE,DE_LU,day_ahead_price,value,2026-09-12T14:01:22Z
2026-09-12T13:58:08Z,2026-09-12T15:58:08+0200,6b132f0b-49c7-4206-864e-1e81037a76e9,2026-09-10T14:15:00Z,2026-09-10T16:15:00+0200,143.2,EUR/MWh,DE,DE_LU,day_ahead_price,value,2026-09-12T14:01:22Z
2026-09-12T13:58:08Z,2026-09-12T15:58:08+0200,6b132f0b-49c7-4206-864e-1e81037a76e9,2026-09-10T14:30:00Z,2026-09-10T16:30:00+0200,162.02,EUR/MWh,DE,DE_LU,day_ahead_price,value,2026-09-12T14:01:22Z
2026-09-12T13:58:08Z,2026-09-12T15:58:08+0200,6b132f0b-49c7-4206-864e-1e81037a76e9,2026-09-10T14:45:00Z,2026-09-10T16:45:00+0200,181.78,EUR/MWh,DE,DE_LU,day_ahead_price,value,2026-09-12T14:01:22Z
2026-09-12T13:58:08Z,2026-09-12T15:58:08+0200,6b132f0b-49c7-4206-864e-1e81037a76e9,2026-09-10T15:00:00Z,2026-09-10T17:00:00+0200,154.76,EUR/MWh,DE,DE_LU,day_ahead_price,value,2026-09-12T14:01:22Z
2026-09-12T13:58:08Z,2026-09-12T15:58:08+0200,6b132f0b-49c7-4206-864e-1e81037a76e9,2026-09-10T15:15:00Z,2026-09-10T17:15:00+0200,184.41,EUR/MWh,DE,DE_LU,day_ahead_price,value,2026-09-12T14:01:22Z
2026-09-12T13:58:08Z,2026-09-12T15:58:08+0200,6b132f0b-49c7-4206-864e-1e81037a76e9,2026-09-10T15:30:00Z,2026-09-10T17:30:00+0200,196.8,EUR/MWh,DE,DE_LU,day_ahead_price,value,2026-09-12T14:01:22Z
2026-09-12T13:58:08Z,2026-09-12T15:58:08+0200,6b132f0b-49c7-4206-864e-1e81037a76e9,2026-09-10T15:45:00Z,2026-09-10T17:45:00+0200,215.62,EUR/MWh,DE,DE_LU,day_ahead_price,value,2026-09-12T14:01:22Z
2026-09-12T13:58:08Z,2026-09-12T15:58:08+0200,6b132f0b-49c7-4206-864e-1e81037a76e9,2026-09-10T16:00:00Z,2026-09-10T18:00:00+0200,204.41,EUR/MWh,DE,DE_LU,day_ahead_price,value,2026-09-12T14:01:22Z
2026-09-12T13:58:08Z,2026-09-12T15:58:08+0200,6b132f0b-49c7-4206-864e-1e81037a76e9,2026-09-10T16:15:00Z,2026-09-10T18:15:00+0200,238.38,EUR/MWh,DE,DE_LU,day_ahead_price,value,2026-09-12T14:01:22Z
2026-09-12T13:58:08Z,2026-09-12T15:58:08+0200,6b132f0b-49c7-4206-864e-1e81037a76e9,2026-09-10T16:30:00Z,2026-09-10T18:30:00+0200,255.2,EUR/MWh,DE,DE_LU,day_ahead_price,value,2026-09-12T14:01:22Z
2026-09-12T13:58:08Z,2026-09-12T15:58:08+0200,6b132f0b-49c7-4206-864e-1e81037a76e9,2026-09-10T16:45:00Z,2026-09-10T18:45:00+0200,302.01,EUR/MWh,DE,DE_LU,day_ahead_price,value,2026-09-12T14:01:22Z
2026-09-12T13:58:08Z,2026-09-12T15:58:08+0200,6b132f0b-49c7-4206-864e-1e81037a76e9,2026-09-10T17:00:00Z,2026-09-10T19:00:00+0200,354.24,EUR/MWh,DE,DE_LU,day_ahead_price,value,2026-09-12T14:01:22Z
2026-09-12T13:58:08Z,2026-09-12T15:58:08+0200,6b132f0b-49c7-4206-864e-1e81037a76e9,2026-09-10T17:15:00Z,2026-09-10T19:15:00+0200,401.56,EUR/MWh,DE,DE_LU,day_ahead_price,value,2026-09-12T14:01:22Z
2026-09-12T13:58:08Z,2026-09-12T15:58:08+0200,6b132f0b-49c7-4206-864e-1e81037a76e9,2026-09-10T17:30:00Z,2026-09-10T19:30:00+0200,502.54,EUR/MWh,DE,DE_LU,day_ahead_price,value,2026-09-12T14:01:22Z
2026-09-12T13:58:08Z,2026-09-12T15:58:08+0200,6b132f0b-49c7-4206-864e-1e81037a76e9,2026-09-10T17:45:00Z,2026-09-10T19:45:00+0200,585.1,EUR/MWh,DE,DE_LU,day_ahead_price,value,2026-09-12T14:01:22Z
2026-09-12T13:58:08Z,2026-09-12T15:58:08+0200,6b132f0b-49c7-4206-864e-1e81037a76e9,2026-09-10T18:00:00Z,2026-09-10T20:00:00+0200,578.76,EUR/MWh,DE,DE_LU,day_ahead_price,value,2026-09-12T14:01:22Z
2026-09-12T13:58:08Z,2026-09-12T15:58:08+0200,6b132f0b-49c7-4206-864e-1e81037a76e9,2026-09-10T18:15:00Z,2026-09-10T20:15:00+0200,471.93,EUR/MWh,DE,DE_LU,day_ahead_price,value,2026-09-12T14:01:22Z
2026-09-12T13:58:08Z,2026-09-12T15:58:08+0200,6b132f0b-49c7-4206-864e-1e81037a76e9,2026-09-10T18:30:00Z,2026-09-10T20:30:00+0200,366.57,EUR/MWh,DE,DE_LU,day_ahead_price,value,2026-09-12T14:01:22Z
2026-09-12T13:58:08Z,2026-09-12T15:58:08+0200,6b132f0b-49c7-4206-864e-1e81037a76e9,2026-09-10T18:45:00Z,2026-09-10T20:45:00+0200,300.06,EUR/MWh,DE,DE_LU,day_ahead_price,value,2026-09-12T14:01:22Z
2026-09-12T13:58:08Z,2026-09-12T15:58:08+0200,6b132f0b-49c7-4206-864e-1e81037a76e9,2026-09-10T19:00:00Z,2026-09-10T21:00:00+0200,271.39,EUR/MWh,DE,DE_LU,day_ahead_price,value,2026-09-12T14:01:22Z
2026-09-12T13:58:08Z,2026-09-12T15:58:08+0200,6b132f0b-49c7-4206-864e-1e81037a76e9,2026-09-10T19:15:00Z,2026-09-10T21:15:00+0200,268.06,EUR/MWh,DE,DE_LU,day_ahead_price,value,2026-09-12T14:01:22Z
2026-09-12T13:58:08Z,2026-09-12T15:58:08+0200,6b132f0b-49c7-4206-864e-1e81037a76e9,2026-09-10T19:30:00Z,2026-09-10T21:30:00+0200,241.43,EUR/MWh,DE,DE_LU,day_ahead_price,value,2026-09-12T14:01:22Z
2026-09-12T13:58:08Z,2026-09-12T15:58:08+0200,6b132f0b-49c7-4206-864e-1e81037a76e9,2026-09-10T19:45:00Z,2026-09-10T21:45:00+0200,238.01,EUR/MWh,DE,DE_LU,day_ahead_price,value,2026-09-12T14:01:22Z
2026-09-12T13:58:08Z,2026-09-12T15:58:08+0200,6b132f0b-49c7-4206-864e-1e81037a76e9,2026-09-10T20:00:00Z,2026-09-10T22:00:00+0200,239.7,EUR/MWh,DE,DE_LU,day_ahead_price,value,2026-09-12T14:01:22Z
2026-09-12T13:58:08Z,2026-09-12T15:58:08+0200,6b132f0b-49c7-4206-864e-1e81037a76e9,2026-09-10T20:15:00Z,2026-09-10T22:15:00+0200,226.41,EUR/MWh,DE,DE_LU,day_ahead_price,value,2026-09-12T14:01:22Z
2026-09-12T13:58:08Z,2026-09-12T15:58:08+0200,6b132f0b-49c7-4206-864e-1e81037a76e9,2026-09-10T20:30:00Z,2026-09-10T22:30:00+0200,222.95,EUR/MWh,DE,DE_LU,day_ahead_price,value,2026-09-12T14:01:22Z
2026-09-12T13:58:08Z,2026-09-12T15:58:08+0200,6b132f0b-49c7-4206-864e-1e81037a76e9,2026-09-10T20:45:00Z,2026-09-10T22:45:00+0200,211.3,EUR/MWh,DE,DE_LU,day_ahead_price,value,2026-09-12T14:01:22Z
2026-09-12T13:58:08Z,2026-09-12T15:58:08+0200,6b132f0b-49c7-4206-864e-1e81037a76e9,2026-09-10T21:00:00Z,2026-09-10T23:00:00+0200,218.15,EUR/MWh,DE,DE_LU,day_ahead_price,value,2026-09-12T14:01:22Z
2026-09-12T13:58:08Z,2026-09-12T15:58:08+0200,6b132f0b-49c7-4206-864e-1e81037a76e9,2026-09-10T21:15:00Z,2026-09-10T23:15:00+0200,210.54,EUR/MWh,DE,DE_LU,day_ahead_price,value,2026-09-12T14:01:22Z
2026-09-12T13:58:08Z,2026-09-12T15:58:08+0200,6b132f0b-49c7-4206-864e-1e81037a76e9,2026-09-10T21:30:00Z,2026-09-10T23:30:00+0200,197.59,EUR/MWh,DE,DE_LU,day_ahead_price,value,2026-09-12T14:01:22Z
2026-09-12T13:58:08Z,2026-09-12T15:58:08+0200,6b132f0b-49c7-4206-864e-1e81037a76e9,2026-09-10T21:45:00Z,2026-09-10T23:45:00+0200,171.33,EUR/MWh,DE,DE_LU,day_ahead_price,value,2026-09-12T14:01:22Z
2026-09-12T13:58:08Z,2026-09-12T15:58:08+0200,6b132f0b-49c7-4206-864e-1e81037a76e9,2026-09-10T22:00:00Z,2026-09-11T00:00:00+0200,183.77,EUR/MWh,DE,DE_LU,day_ahead_price,value,2026-09-12T14:01:22Z
2026-09-12T13:58:08Z,2026-09-12T15:58:08+0200,6b132f0b-49c7-4206-864e-1e81037a76e9,2026-09-10T22:15:00Z,2026-09-11T00:15:00+0200,186.09,EUR/MWh,DE,DE_LU,day_ahead_price,value,2026-09-12T14:01:22Z
2026-09-12T13:58:08Z,2026-09-12T15:58:08+0200,6b132f0b-49c7-4206-864e-1e81037a76e9,2026-09-10T22:30:00Z,2026-09-11T00:30:00+0200,186.74,EUR/MWh,DE,DE_LU,day_ahead_price,value,2026-09-12T14:01:22Z
2026-09-12T13:58:08Z,2026-09-12T15:58:08+0200,6b132f0b-49c7-4206-864e-1e81037a76e9,2026-09-10T22:45:00Z,2026-09-11T00:45:00+0200,180.73,EUR/MWh,DE,DE_LU,day_ahead_price,value,2026-09-12T14:01:22Z
2026-09-12T13:58:08Z,2026-09-12T15:58:08+0200,6b132f0b-49c7-4206-864e-1e81037a76e9,2026-09-10T23:00:00Z,2026-09-11T01:00:00+0200,196.82,EUR/MWh,DE,DE_LU,day_ahead_price,value,2026-09-12T14:01:22Z
2026-09-12T13:58:08Z,2026-09-12T15:58:08+0200,6b132f0b-49c7-4206-864e-1e81037a76e9,2026-09-10T23:15:00Z,2026-09-11T01:15:00+0200,178.05,EUR/MWh,DE,DE_LU,day_ahead_price,value,2026-09-12T14:01:22Z
2026-09-12T13:58:08Z,2026-09-12T15:58:08+0200,6b132f0b-49c7-4206-864e-1e81037a76e9,2026-09-10T23:30:00Z,2026-09-11T01:30:00+0200,175.47,EUR/MWh,DE,DE_LU,day_ahead_price,value,2026-09-12T14:01:22Z
2026-09-12T13:58:08Z,2026-09-12T15:58:08+0200,6b132f0b-49c7-4206-864e-1e81037a76e9,2026-09-10T23:45:00Z,2026-09-11T01:45:00+0200,172.53,EUR/MWh,DE,DE_LU,day_ahead_price,value,2026-09-12T14:01:22Z
2026-09-12T13:58:08Z,2026-09-12T15:58:08+0200,6b132f0b-49c7-4206-864e-1e81037a76e9,2026-09-11T00:00:00Z,2026-09-11T02:00:00+0200,175.09,EUR/MWh,DE,DE_LU,day_ahead_price,value,2026-09-12T14:01:22Z
2026-09-12T13:58:08Z,2026-09-12T15:58:08+0200,6b132f0b-49c7-4206-864e-1e81037a76e9,2026-09-11T00:15:00Z,2026-09-11T02:15:00+0200,172.37,EUR/MWh,DE,DE_LU,day_ahead_price,value,2026-09-12T14:01:22Z
2026-09-12T13:58:08Z,2026-09-12T15:58:08+0200,6b132f0b-49c7-4206-864e-1e81037a76e9,2026-09-11T00:30:00Z,2026-09-11T02:30:00+0200,169.84,EUR/MWh,DE,DE_LU,day_ahead_price,value,2026-09-12T14:01:22Z
2026-09-12T13:58:08Z,2026-09-12T15:58:08+0200,6b132f0b-49c7-4206-864e-1e81037a76e9,2026-09-11T00:45:00Z,2026-09-11T02:45:00+0200,168.31,EUR/MWh,DE,DE_LU,day_ahead_price,value,2026-09-12T14:01:22Z
2026-09-12T13:58:08Z,2026-09-12T15:58:08+0200,6b132f0b-49c7-4206-864e-1e81037a76e9,2026-09-11T01:00:00Z,2026-09-11T03:00:00+0200,165.95,EUR/MWh,DE,DE_LU,day_ahead_price,value,2026-09-12T14:01:22Z
2026-09-12T13:58:08Z,2026-09-12T15:58:08+0200,6b132f0b-49c7-4206-864e-1e81037a76e9,2026-09-11T01:15:00Z,2026-09-11T03:15:00+0200,163.53,EUR/MWh,DE,DE_LU,day_ahead_price,value,2026-09-12T14:01:22Z
2026-09-12T13:58:08Z,2026-09-12T15:58:08+0200,6b132f0b-49c7-4206-864e-1e81037a76e9,2026-09-11T01:30:00Z,2026-09-11T03:30:00+0200,165.3,EUR/MWh,DE,DE_LU,day_ahead_price,value,2026-09-12T14:01:22Z
2026-09-12T13:58:08Z,2026-09-12T15:58:08+0200,6b132f0b-49c7-4206-864e-1e81037a76e9,2026-09-11T01:45:00Z,2026-09-11T03:45:00+0200,163.75,EUR/MWh,DE,DE_LU,day_ahead_price,value,2026-09-12T14:01:22Z
2026-09-12T13:58:08Z,2026-09-12T15:58:08+0200,6b132f0b-49c7-4206-864e-1e81037a76e9,2026-09-11T02:00:00Z,2026-09-11T04:00:00+0200,165.79,EUR/MWh,DE,DE_LU,day_ahead_price,value,2026-09-12T14:01:22Z
2026-09-12T13:58:08Z,2026-09-12T15:58:08+0200,6b132f0b-49c7-4206-864e-1e81037a76e9,2026-09-11T02:15:00Z,2026-09-11T04:15:00+0200,167.12,EUR/MWh,DE,DE_LU,day_ahead_price,value,2026-09-12T14:01:22Z
2026-09-12T13:58:08Z,2026-09-12T15:58:08+0200,6b132f0b-49c7-4206-864e-1e81037a76e9,2026-09-11T02:30:00Z,2026-09-11T04:30:00+0200,167.32,EUR/MWh,DE,DE_LU,day_ahead_price,value,2026-09-12T14:01:22Z
2026-09-12T13:58:08Z,2026-09-12T15:58:08+0200,6b132f0b-49c7-4206-864e-1e81037a76e9,2026-09-11T02:45:00Z,2026-09-11T04:45:00+0200,168.53,EUR/MWh,DE,DE_LU,day_ahead_price,value,2026-09-12T14:01:22Z
2026-09-12T13:58:08Z,2026-09-12T15:58:08+0200,6b132f0b-49c7-4206-864e-1e81037a76e9,2026-09-11T03:00:00Z,2026-09-11T05:00:00+0200,170.47,EUR/MWh,DE,DE_LU,day_ahead_price,value,2026-09-12T14:01:22Z
2026-09-12T13:58:08Z,2026-09-12T15:58:08+0200,6b132f0b-49c7-4206-864e-1e81037a76e9,2026-09-11T03:15:00Z,2026-09-11T05:15:00+0200,173.85,EUR/MWh,DE,DE_LU,day_ahead_price,value,2026-09-12T14:01:22Z
2026-09-12T13:58:08Z,2026-09-12T15:58:08+0200,6b132f0b-49c7-4206-864e-1e81037a76e9,2026-09-11T03:30:00Z,2026-09-11T05:30:00+0200,176.44,EUR/MWh,DE,DE_LU,day_ahead_price,value,2026-09-12T14:01:22Z
2026-09-12T13:58:08Z,2026-09-12T15:58:08+0200,6b132f0b-49c7-4206-864e-1e81037a76e9,2026-09-11T03:45:00Z,2026-09-11T05:45:00+0200,183.4,EUR/MWh,DE,DE_LU,day_ahead_price,value,2026-09-12T14:01:22Z
2026-09-12T13:58:08Z,2026-09-12T15:58:08+0200,6b132f0b-49c7-4206-864e-1e81037a76e9,2026-09-11T04:00:00Z,2026-09-11T06:00:00+0200,190.83,EUR/MWh,DE,DE_LU,day_ahead_price,value,2026-09-12T14:01:22Z
2026-09-12T13:58:08Z,2026-09-12T15:58:08+0200,6b132f0b-49c7-4206-864e-1e81037a76e9,2026-09-11T04:15:00Z,2026-09-11T06:15:00+0200,200.27,EUR/MWh,DE,DE_LU,day_ahead_price,value,2026-09-12T14:01:22Z
2026-09-12T13:58:08Z,2026-09-12T15:58:08+0200,6b132f0b-49c7-4206-864e-1e81037a76e9,2026-09-11T04:30:00Z,2026-09-11T06:30:00+0200,206.46,EUR/MWh,DE,DE_LU,day_ahead_price,value,2026-09-12T14:01:22Z
2026-09-12T13:58:08Z,2026-09-12T15:58:08+0200,6b132f0b-49c7-4206-864e-1e81037a76e9,2026-09-11T04:45:00Z,2026-09-11T06:45:00+0200,213.49,EUR/MWh,DE,DE_LU,day_ahead_price,value,2026-09-12T14:01:22Z
2026-09-12T13:58:08Z,2026-09-12T15:58:08+0200,6b132f0b-49c7-4206-864e-1e81037a76e9,2026-09-11T05:00:00Z,2026-09-11T07:00:00+0200,221.67,EUR/MWh,DE,DE_LU,day_ahead_price,value,2026-09-12T14:01:22Z
2026-09-12T13:58:08Z,2026-09-12T15:58:08+0200,6b132f0b-49c7-4206-864e-1e81037a76e9,2026-09-11T05:15:00Z,2026-09-11T07:15:00+0200,223.94,EUR/MWh,DE,DE_LU,day_ahead_price,value,2026-09-12T14:01:22Z
2026-09-12T13:58:08Z,2026-09-12T15:58:08+0200,6b132f0b-49c7-4206-864e-1e81037a76e9,2026-09-11T05:30:00Z,2026-09-11T07:30:00+0200,224.34,EUR/MWh,DE,DE_LU,day_ahead_price,value,2026-09-12T14:01:22Z
2026-09-12T13:58:08Z,2026-09-12T15:58:08+0200,6b132f0b-49c7-4206-864e-1e81037a76e9,2026-09-11T05:45:00Z,2026-09-11T07:45:00+0200,222.52,EUR/MWh,DE,DE_LU,day_ahead_price,value,2026-09-12T14:01:22Z
2026-09-12T13:58:08Z,2026-09-12T15:58:08+0200,6b132f0b-49c7-4206-864e-1e81037a76e9,2026-09-11T06:00:00Z,2026-09-11T08:00:00+0200,233.43,EUR/MWh,DE,DE_LU,day_ahead_price,value,2026-09-12T14:01:22Z
2026-09-12T13:58:08Z,2026-09-12T15:58:08+0200,6b132f0b-49c7-4206-864e-1e81037a76e9,2026-09-11T06:15:00Z,2026-09-11T08:15:00+0200,223.82,EUR/MWh,DE,DE_LU,day_ahead_price,value,2026-09-12T14:01:22Z
2026-09-12T13:58:08Z,2026-09-12T15:58:08+0200,6b132f0b-49c7-4206-864e-1e81037a76e9,2026-09-11T06:30:00Z,2026-09-11T08:30:00+0200,213.25,EUR/MWh,DE,DE_LU,day_ahead_price,value,2026-09-12T14:01:22Z
2026-09-12T13:58:08Z,2026-09-12T15:58:08+0200,6b132f0b-49c7-4206-864e-1e81037a76e9,2026-09-11T06:45:00Z,2026-09-11T08:45:00+0200,186.31,EUR/MWh,DE,DE_LU,day_ahead_price,value,2026-09-12T14:01:22Z
2026-09-12T13:58:08Z,2026-09-12T15:58:08+0200,6b132f0b-49c7-4206-864e-1e81037a76e9,2026-09-11T07:00:00Z,2026-09-11T09:00:00+0200,204.75,EUR/MWh,DE,DE_LU,day_ahead_price,value,2026-09-12T14:01:22Z
2026-09-12T13:58:08Z,2026-09-12T15:58:08+0200,6b132f0b-49c7-4206-864e-1e81037a76e9,2026-09-11T07:15:00Z,2026-09-11T09:15:00+0200,200.49,EUR/MWh,DE,DE_LU,day_ahead_price,value,2026-09-12T14:01:22Z
2026-09-12T13:58:08Z,2026-09-12T15:58:08+0200,6b132f0b-49c7-4206-864e-1e81037a76e9,2026-09-11T07:30:00Z,2026-09-11T09:30:00+0200,191.95,EUR/MWh,DE,DE_LU,day_ahead_price,value,2026-09-12T14:01:22Z
2026-09-12T13:58:08Z,2026-09-12T15:58:08+0200,6b132f0b-49c7-4206-864e-1e81037a76e9,2026-09-11T07:45:00Z,2026-09-11T09:45:00+0200,180.75,EUR/MWh,DE,DE_LU,day_ahead_price,value,2026-09-12T14:01:22Z
2026-09-12T13:58:08Z,2026-09-12T15:58:08+0200,6b132f0b-49c7-4206-864e-1e81037a76e9,2026-09-11T08:00:00Z,2026-09-11T10:00:00+0200,204.6,EUR/MWh,DE,DE_LU,day_ahead_price,value,2026-09-12T14:01:22Z
2026-09-12T13:58:08Z,2026-09-12T15:58:08+0200,6b132f0b-49c7-4206-864e-1e81037a76e9,2026-09-11T08:15:00Z,2026-09-11T10:15:00+0200,175.08,EUR/MWh,DE,DE_LU,day_ahead_price,value,2026-09-12T14:01:22Z
2026-09-12T13:58:08Z,2026-09-12T15:58:08+0200,6b132f0b-49c7-4206-864e-1e81037a76e9,2026-09-11T08:30:00Z,2026-09-11T10:30:00+0200,169.13,EUR/MWh,DE,DE_LU,day_ahead_price,value,2026-09-12T14:01:22Z
2026-09-12T13:58:08Z,2026-09-12T15:58:08+0200,6b132f0b-49c7-4206-864e-1e81037a76e9,2026-09-11T08:45:00Z,2026-09-11T10:45:00+0200,164.05,EUR/MWh,DE,DE_LU,day_ahead_price,value,2026-09-12T14:01:22Z
2026-09-12T13:58:08Z,2026-09-12T15:58:08+0200,6b132f0b-49c7-4206-864e-1e81037a76e9,2026-09-11T09:00:00Z,2026-09-11T11:00:00+0200,157.73,EUR/MWh,DE,DE_LU,day_ahead_price,value,2026-09-12T14:01:22Z
2026-09-12T13:58:08Z,2026-09-12T15:58:08+0200,6b132f0b-49c7-4206-864e-1e81037a76e9,2026-09-11T09:15:00Z,2026-09-11T11:15:00+0200,151.08,EUR/MWh,DE,DE_LU,day_ahead_price,value,2026-09-12T14:01:22Z
2026-09-12T13:58:08Z,2026-09-12T15:58:08+0200,6b132f0b-49c7-4206-864e-1e81037a76e9,2026-09-11T09:30:00Z,2026-09-11T11:30:00+0200,143.84,EUR/MWh,DE,DE_LU,day_ahead_price,value,2026-09-12T14:01:22Z
2026-09-12T13:58:08Z,2026-09-12T15:58:08+0200,6b132f0b-49c7-4206-864e-1e81037a76e9,2026-09-11T09:45:00Z,2026-09-11T11:45:00+0200,136.81,EUR/MWh,DE,DE_LU,day_ahead_price,value,2026-09-12T14:01:22Z
2026-09-12T13:58:08Z,2026-09-12T15:58:08+0200,6b132f0b-49c7-4206-864e-1e81037a76e9,2026-09-11T10:00:00Z,2026-09-11T12:00:00+0200,137.2,EUR/MWh,DE,DE_LU,day_ahead_price,value,2026-09-12T14:01:22Z
2026-09-12T13:58:08Z,2026-09-12T15:58:08+0200,6b132f0b-49c7-4206-864e-1e81037a76e9,2026-09-11T10:15:00Z,2026-09-11T12:15:00+0200,124.01,EUR/MWh,DE,DE_LU,day_ahead_price,value,2026-09-12T14:01:22Z
2026-09-12T13:58:08Z,2026-09-12T15:58:08+0200,6b132f0b-49c7-4206-864e-1e81037a76e9,2026-09-11T10:30:00Z,2026-09-11T12:30:00+0200,130.17,EUR/MWh,DE,DE_LU,day_ahead_price,value,2026-09-12T14:01:22Z
2026-09-12T13:58:08Z,2026-09-12T15:58:08+0200,6b132f0b-49c7-4206-864e-1e81037a76e9,2026-09-11T10:45:00Z,2026-09-11T12:45:00+0200,137.2,EUR/MWh,DE,DE_LU,day_ahead_price,value,2026-09-12T14:01:22Z
2026-09-12T13:58:08Z,2026-09-12T15:58:08+0200,6b132f0b-49c7-4206-864e-1e81037a76e9,2026-09-11T11:00:00Z,2026-09-11T13:00:00+0200,121.92,EUR/MWh,DE,DE_LU,day_ahead_price,value,2026-09-12T14:01:22Z
2026-09-12T13:58:08Z,2026-09-12T15:58:08+0200,6b132f0b-49c7-4206-864e-1e81037a76e9,2026-09-11T11:15:00Z,2026-09-11T13:15:00+0200,129.24,EUR/MWh,DE,DE_LU,day_ahead_price,value,2026-09-12T14:01:22Z
2026-09-12T13:58:08Z,2026-09-12T15:58:08+0200,6b132f0b-49c7-4206-864e-1e81037a76e9,2026-09-11T11:30:00Z,2026-09-11T13:30:00+0200,135.0,EUR/MWh,DE,DE_LU,day_ahead_price,value,2026-09-12T14:01:22Z
2026-09-12T13:58:08Z,2026-09-12T15:58:08+0200,6b132f0b-49c7-4206-864e-1e81037a76e9,2026-09-11T11:45:00Z,2026-09-11T13:45:00+0200,139.88,EUR/MWh,DE,DE_LU,day_ahead_price,value,2026-09-12T14:01:22Z
2026-09-12T13:58:08Z,2026-09-12T15:58:08+0200,6b132f0b-49c7-4206-864e-1e81037a76e9,2026-09-11T12:00:00Z,2026-09-11T14:00:00+0200,138.18,EUR/MWh,DE,DE_LU,day_ahead_price,value,2026-09-12T14:01:22Z
2026-09-12T13:58:08Z,2026-09-12T15:58:08+0200,6b132f0b-49c7-4206-864e-1e81037a76e9,2026-09-11T12:15:00Z,2026-09-11T14:15:00+0200,145.02,EUR/MWh,DE,DE_LU,day_ahead_price,value,2026-09-12T14:01:22Z
2026-09-12T13:58:08Z,2026-09-12T15:58:08+0200,6b132f0b-49c7-4206-864e-1e81037a76e9,2026-09-11T12:30:00Z,2026-09-11T14:30:00+0200,149.1,EUR/MWh,DE,DE_LU,day_ahead_price,value,2026-09-12T14:01:22Z
2026-09-12T13:58:08Z,2026-09-12T15:58:08+0200,6b132f0b-49c7-4206-864e-1e81037a76e9,2026-09-11T12:45:00Z,2026-09-11T14:45:00+0200,153.55,EUR/MWh,DE,DE_LU,day_ahead_price,value,2026-09-12T14:01:22Z
2026-09-12T13:58:08Z,2026-09-12T15:58:08+0200,6b132f0b-49c7-4206-864e-1e81037a76e9,2026-09-11T13:00:00Z,2026-09-11T15:00:00+0200,150.0,EUR/MWh,DE,DE_LU,day_ahead_price,value,2026-09-12T14:01:22Z
2026-09-12T13:58:08Z,2026-09-12T15:58:08+0200,6b132f0b-49c7-4206-864e-1e81037a76e9,2026-09-11T13:15:00Z,2026-09-11T15:15:00+0200,153.59,EUR/MWh,DE,DE_LU,day_ahead_price,value,2026-09-12T14:01:22Z
2026-09-12T13:58:08Z,2026-09-12T15:58:08+0200,6b132f0b-49c7-4206-864e-1e81037a76e9,2026-09-11T13:30:00Z,2026-09-11T15:30:00+0200,158.37,EUR/MWh,DE,DE_LU,day_ahead_price,value,2026-09-12T14:01:22Z
2026-09-12T13:58:08Z,2026-09-12T15:58:08+0200,6b132f0b-49c7-4206-864e-1e81037a76e9,2026-09-11T13:45:00Z,2026-09-11T15:45:00+0200,172.6,EUR/MWh,DE,DE_LU,day_ahead_price,value,2026-09-12T14:01:22Z
2026-09-12T13:58:08Z,2026-09-12T15:58:08+0200,6b132f0b-49c7-4206-864e-1e81037a76e9,2026-09-11T14:00:00Z,2026-09-11T16:00:00+0200,157.43,EUR/MWh,DE,DE_LU,day_ahead_price,value,2026-09-12T14:01:22Z
2026-09-12T13:58:08Z,2026-09-12T15:58:08+0200,6b132f0b-49c7-4206-864e-1e81037a76e9,2026-09-11T14:15:00Z,2026-09-11T16:15:00+0200,175.28,EUR/MWh,DE,DE_LU,day_ahead_price,value,2026-09-12T14:01:22Z
2026-09-12T13:58:08Z,2026-09-12T15:58:08+0200,6b132f0b-49c7-4206-864e-1e81037a76e9,2026-09-11T14:30:00Z,2026-09-11T16:30:00+0200,192.0,EUR/MWh,DE,DE_LU,day_ahead_price,value,2026-09-12T14:01:22Z
2026-09-12T13:58:08Z,2026-09-12T15:58:08+0200,6b132f0b-49c7-4206-864e-1e81037a76e9,2026-09-11T14:45:00Z,2026-09-11T16:45:00+0200,201.9,EUR/MWh,DE,DE_LU,day_ahead_price,value,2026-09-12T14:01:22Z
2026-09-12T13:58:08Z,2026-09-12T15:58:08+0200,6b132f0b-49c7-4206-864e-1e81037a76e9,2026-09-11T15:00:00Z,2026-09-11T17:00:00+0200,181.52,EUR/MWh,DE,DE_LU,day_ahead_price,value,2026-09-12T14:01:22Z
2026-09-12T13:58:08Z,2026-09-12T15:58:08+0200,6b132f0b-49c7-4206-864e-1e81037a76e9,2026-09-11T15:15:00Z,2026-09-11T17:15:00+0200,205.93,EUR/MWh,DE,DE_LU,day_ahead_price,value,2026-09-12T14:01:22Z
2026-09-12T13:58:08Z,2026-09-12T15:58:08+0200,6b132f0b-49c7-4206-864e-1e81037a76e9,2026-09-11T15:30:00Z,2026-09-11T17:30:00+0200,216.99,EUR/MWh,DE,DE_LU,day_ahead_price,value,2026-09-12T14:01:22Z
2026-09-12T13:58:08Z,2026-09-12T15:58:08+0200,6b132f0b-49c7-4206-864e-1e81037a76e9,2026-09-11T15:45:00Z,2026-09-11T17:45:00+0200,233.01,EUR/MWh,DE,DE_LU,day_ahead_price,value,2026-09-12T14:01:22Z
2026-09-12T13:58:08Z,2026-09-12T15:58:08+0200,6b132f0b-49c7-4206-864e-1e81037a76e9,2026-09-11T16:00:00Z,2026-09-11T18:00:00+0200,216.99,EUR/MWh,DE,DE_LU,day_ahead_price,value,2026-09-12T14:01:22Z
2026-09-12T13:58:08Z,2026-09-12T15:58:08+0200,6b132f0b-49c7-4206-864e-1e81037a76e9,2026-09-11T16:15:00Z,2026-09-11T18:15:00+0200,238.03,EUR/MWh,DE,DE_LU,day_ahead_price,value,2026-09-12T14:01:22Z
2026-09-12T13:58:08Z,2026-09-12T15:58:08+0200,6b132f0b-49c7-4206-864e-1e81037a76e9,2026-09-11T16:30:00Z,2026-09-11T18:30:00+0200,260.78,EUR/MWh,DE,DE_LU,day_ahead_price,value,2026-09-12T14:01:22Z
2026-09-12T13:58:08Z,2026-09-12T15:58:08+0200,6b132f0b-49c7-4206-864e-1e81037a76e9,2026-09-11T16:45:00Z,2026-09-11T18:45:00+0200,278.16,EUR/MWh,DE,DE_LU,day_ahead_price,value,2026-09-12T14:01:22Z
2026-09-12T13:58:08Z,2026-09-12T15:58:08+0200,6b132f0b-49c7-4206-864e-1e81037a76e9,2026-09-11T17:00:00Z,2026-09-11T19:00:00+0200,288.88,EUR/MWh,DE,DE_LU,day_ahead_price,value,2026-09-12T14:01:22Z
2026-09-12T13:58:08Z,2026-09-12T15:58:08+0200,6b132f0b-49c7-4206-864e-1e81037a76e9,2026-09-11T17:15:00Z,2026-09-11T19:15:00+0200,299.67,EUR/MWh,DE,DE_LU,day_ahead_price,value,2026-09-12T14:01:22Z
2026-09-12T13:58:08Z,2026-09-12T15:58:08+0200,6b132f0b-49c7-4206-864e-1e81037a76e9,2026-09-11T17:30:00Z,2026-09-11T19:30:00+0200,321.55,EUR/MWh,DE,DE_LU,day_ahead_price,value,2026-09-12T14:01:22Z
2026-09-12T13:58:08Z,2026-09-12T15:58:08+0200,6b132f0b-49c7-4206-864e-1e81037a76e9,2026-09-11T17:45:00Z,2026-09-11T19:45:00+0200,326.46,EUR/MWh,DE,DE_LU,day_ahead_price,value,2026-09-12T14:01:22Z
2026-09-12T13:58:08Z,2026-09-12T15:58:08+0200,6b132f0b-49c7-4206-864e-1e81037a76e9,2026-09-11T18:00:00Z,2026-09-11T20:00:00+0200,315.61,EUR/MWh,DE,DE_LU,day_ahead_price,value,2026-09-12T14:01:22Z
2026-09-12T13:58:08Z,2026-09-12T15:58:08+0200,6b132f0b-49c7-4206-864e-1e81037a76e9,2026-09-11T18:15:00Z,2026-09-11T20:15:00+0200,294.94,EUR/MWh,DE,DE_LU,day_ahead_price,value,2026-09-12T14:01:22Z
2026-09-12T13:58:08Z,2026-09-12T15:58:08+0200,6b132f0b-49c7-4206-864e-1e81037a76e9,2026-09-11T18:30:00Z,2026-09-11T20:30:00+0200,277.21,EUR/MWh,DE,DE_LU,day_ahead_price,value,2026-09-12T14:01:22Z
2026-09-12T13:58:08Z,2026-09-12T15:58:08+0200,6b132f0b-49c7-4206-864e-1e81037a76e9,2026-09-11T18:45:00Z,2026-09-11T20:45:00+0200,267.9,EUR/MWh,DE,DE_LU,day_ahead_price,value,2026-09-12T14:01:22Z
2026-09-12T13:58:08Z,2026-09-12T15:58:08+0200,6b132f0b-49c7-4206-864e-1e81037a76e9,2026-09-11T19:00:00Z,2026-09-11T21:00:00+0200,270.29,EUR/MWh,DE,DE_LU,day_ahead_price,value,2026-09-12T14:01:22Z
2026-09-12T13:58:08Z,2026-09-12T15:58:08+0200,6b132f0b-49c7-4206-864e-1e81037a76e9,2026-09-11T19:15:00Z,2026-09-11T21:15:00+0200,245.22,EUR/MWh,DE,DE_LU,day_ahead_price,value,2026-09-12T14:01:22Z
2026-09-12T13:58:08Z,2026-09-12T15:58:08+0200,6b132f0b-49c7-4206-864e-1e81037a76e9,2026-09-11T19:30:00Z,2026-09-11T21:30:00+0200,236.0,EUR/MWh,DE,DE_LU,day_ahead_price,value,2026-09-12T14:01:22Z
2026-09-12T13:58:08Z,2026-09-12T15:58:08+0200,6b132f0b-49c7-4206-864e-1e81037a76e9,2026-09-11T19:45:00Z,2026-09-11T21:45:00+0200,228.79,EUR/MWh,DE,DE_LU,day_ahead_price,value,2026-09-12T14:01:22Z
2026-09-12T13:58:08Z,2026-09-12T15:58:08+0200,6b132f0b-49c7-4206-864e-1e81037a76e9,2026-09-11T20:00:00Z,2026-09-11T22:00:00+0200,234.01,EUR/MWh,DE,DE_LU,day_ahead_price,value,2026-09-12T14:01:22Z
2026-09-12T13:58:08Z,2026-09-12T15:58:08+0200,6b132f0b-49c7-4206-864e-1e81037a76e9,2026-09-11T20:15:00Z,2026-09-11T22:15:00+0200,225.01,EUR/MWh,DE,DE_LU,day_ahead_price,value,2026-09-12T14:01:22Z
2026-09-12T13:58:08Z,2026-09-12T15:58:08+0200,6b132f0b-49c7-4206-864e-1e81037a76e9,2026-09-11T20:30:00Z,2026-09-11T22:30:00+0200,222.31,EUR/MWh,DE,DE_LU,day_ahead_price,value,2026-09-12T14:01:22Z
2026-09-12T13:58:08Z,2026-09-12T15:58:08+0200,6b132f0b-49c7-4206-864e-1e81037a76e9,2026-09-11T20:45:00Z,2026-09-11T22:45:00+0200,218.53,EUR/MWh,DE,DE_LU,day_ahead_price,value,2026-09-12T14:01:22Z
2026-09-12T13:58:08Z,2026-09-12T15:58:08+0200,6b132f0b-49c7-4206-864e-1e81037a76e9,2026-09-11T21:00:00Z,2026-09-11T23:00:00+0200,217.0,EUR/MWh,DE,DE_LU,day_ahead_price,value,2026-09-12T14:01:22Z
2026-09-12T13:58:08Z,2026-09-12T15:58:08+0200,6b132f0b-49c7-4206-864e-1e81037a76e9,2026-09-11T21:15:00Z,2026-09-11T23:15:00+0200,207.0,EUR/MWh,DE,DE_LU,day_ahead_price,value,2026-09-12T14:01:22Z
2026-09-12T13:58:08Z,2026-09-12T15:58:08+0200,6b132f0b-49c7-4206-864e-1e81037a76e9,2026-09-11T21:30:00Z,2026-09-11T23:30:00+0200,202.41,EUR/MWh,DE,DE_LU,day_ahead_price,value,2026-09-12T14:01:22Z
2026-09-12T13:58:08Z,2026-09-12T15:58:08+0200,6b132f0b-49c7-4206-864e-1e81037a76e9,2026-09-11T21:45:00Z,2026-09-11T23:45:00+0200,192.02,EUR/MWh,DE,DE_LU,day_ahead_price,value,2026-09-12T14:01:22Z
2026-09-12T13:58:08Z,2026-09-12T15:58:08+0200,6b132f0b-49c7-4206-864e-1e81037a76e9,2026-09-11T22:00:00Z,2026-09-12T00:00:00+0200,212.04,EUR/MWh,DE,DE_LU,day_ahead_price,value,2026-09-12T14:01:22Z
2026-09-12T13:58:08Z,2026-09-12T15:58:08+0200,6b132f0b-49c7-4206-864e-1e81037a76e9,2026-09-11T22:15:00Z,2026-09-12T00:15:00+0200,206.52,EUR/MWh,DE,DE_LU,day_ahead_price,value,2026-09-12T14:01:22Z
2026-09-12T13:58:08Z,2026-09-12T15:58:08+0200,6b132f0b-49c7-4206-864e-1e81037a76e9,2026-09-11T22:30:00Z,2026-09-12T00:30:00+0200,203.68,EUR/MWh,DE,DE_LU,day_ahead_price,value,2026-09-12T14:01:22Z
2026-09-12T13:58:08Z,2026-09-12T15:58:08+0200,6b132f0b-49c7-4206-864e-1e81037a76e9,2026-09-11T22:45:00Z,2026-09-12T00:45:00+0200,198.88,EUR/MWh,DE,DE_LU,day_ahead_price,value,2026-09-12T14:01:22Z
2026-09-12T13:58:08Z,2026-09-12T15:58:08+0200,6b132f0b-49c7-4206-864e-1e81037a76e9,2026-09-11T23:00:00Z,2026-09-12T01:00:00+0200,205.88,EUR/MWh,DE,DE_LU,day_ahead_price,value,2026-09-12T14:01:22Z
2026-09-12T13:58:08Z,2026-09-12T15:58:08+0200,6b132f0b-49c7-4206-864e-1e81037a76e9,2026-09-11T23:15:00Z,2026-09-12T01:15:00+0200,199.05,EUR/MWh,DE,DE_LU,day_ahead_price,value,2026-09-12T14:01:22Z
2026-09-12T13:58:08Z,2026-09-12T15:58:08+0200,6b132f0b-49c7-4206-864e-1e81037a76e9,2026-09-11T23:30:00Z,2026-09-12T01:30:00+0200,197.21,EUR/MWh,DE,DE_LU,day_ahead_price,value,2026-09-12T14:01:22Z
2026-09-12T13:58:08Z,2026-09-12T15:58:08+0200,6b132f0b-49c7-4206-864e-1e81037a76e9,2026-09-11T23:45:00Z,2026-09-12T01:45:00+0200,194.0,EUR/MWh,DE,DE_LU,day_ahead_price,value,2026-09-12T14:01:22Z
2026-09-12T13:58:08Z,2026-09-12T15:58:08+0200,6b132f0b-49c7-4206-864e-1e81037a76e9,2026-09-12T00:00:00Z,2026-09-12T02:00:00+0200,197.97,EUR/MWh,DE,DE_LU,day_ahead_price,value,2026-09-12T14:01:22Z
2026-09-12T13:58:08Z,2026-09-12T15:58:08+0200,6b132f0b-49c7-4206-864e-1e81037a76e9,2026-09-12T00:15:00Z,2026-09-12T02:15:00+0200,198.57,EUR/MWh,DE,DE_LU,day_ahead_price,value,2026-09-12T14:01:22Z
2026-09-12T13:58:08Z,2026-09-12T15:58:08+0200,6b132f0b-49c7-4206-864e-1e81037a76e9,2026-09-12T00:30:00Z,2026-09-12T02:30:00+0200,195.0,EUR/MWh,DE,DE_LU,day_ahead_price,value,2026-09-12T14:01:22Z
2026-09-12T13:58:08Z,2026-09-12T15:58:08+0200,6b132f0b-49c7-4206-864e-1e81037a76e9,2026-09-12T00:45:00Z,2026-09-12T02:45:00+0200,194.0,EUR/MWh,DE,DE_LU,day_ahead_price,value,2026-09-12T14:01:22Z
2026-09-12T13:58:08Z,2026-09-12T15:58:08+0200,6b132f0b-49c7-4206-864e-1e81037a76e9,2026-09-12T01:00:00Z,2026-09-12T03:00:00+0200,190.18,EUR/MWh,DE,DE_LU,day_ahead_price,value,2026-09-12T14:01:22Z
2026-09-12T13:58:08Z,2026-09-12T15:58:08+0200,6b132f0b-49c7-4206-864e-1e81037a76e9,2026-09-12T01:15:00Z,2026-09-12T03:15:00+0200,189.82,EUR/MWh,DE,DE_LU,day_ahead_price,value,2026-09-12T14:01:22Z
2026-09-12T13:58:08Z,2026-09-12T15:58:08+0200,6b132f0b-49c7-4206-864e-1e81037a76e9,2026-09-12T01:30:00Z,2026-09-12T03:30:00+0200,188.6,EUR/MWh,DE,DE_LU,day_ahead_price,value,2026-09-12T14:01:22Z
2026-09-12T13:58:08Z,2026-09-12T15:58:08+0200,6b132f0b-49c7-4206-864e-1e81037a76e9,2026-09-12T01:45:00Z,2026-09-12T03:45:00+0200,188.6,EUR/MWh,DE,DE_LU,day_ahead_price,value,2026-09-12T14:01:22Z
2026-09-12T13:58:08Z,2026-09-12T15:58:08+0200,6b132f0b-49c7-4206-864e-1e81037a76e9,2026-09-12T02:00:00Z,2026-09-12T04:00:00+0200,184.5,EUR/MWh,DE,DE_LU,day_ahead_price,value,2026-09-12T14:01:22Z
2026-09-12T13:58:08Z,2026-09-12T15:58:08+0200,6b132f0b-49c7-4206-864e-1e81037a76e9,2026-09-12T02:15:00Z,2026-09-12T04:15:00+0200,182.43,EUR/MWh,DE,DE_LU,day_ahead_price,value,2026-09-12T14:01:22Z
2026-09-12T13:58:08Z,2026-09-12T15:58:08+0200,6b132f0b-49c7-4206-864e-1e81037a76e9,2026-09-12T02:30:00Z,2026-09-12T04:30:00+0200,185.0,EUR/MWh,DE,DE_LU,day_ahead_price,value,2026-09-12T14:01:22Z
2026-09-12T13:58:08Z,2026-09-12T15:58:08+0200,6b132f0b-49c7-4206-864e-1e81037a76e9,2026-09-12T02:45:00Z,2026-09-12T04:45:00+0200,185.0,EUR/MWh,DE,DE_LU,day_ahead_price,value,2026-09-12T14:01:22Z
2026-09-12T13:58:08Z,2026-09-12T15:58:08+0200,6b132f0b-49c7-4206-864e-1e81037a76e9,2026-09-12T03:00:00Z,2026-09-12T05:00:00+0200,184.5,EUR/MWh,DE,DE_LU,day_ahead_price,value,2026-09-12T14:01:22Z
2026-09-12T13:58:08Z,2026-09-12T15:58:08+0200,6b132f0b-49c7-4206-864e-1e81037a76e9,2026-09-12T03:15:00Z,2026-09-12T05:15:00+0200,185.2,EUR/MWh,DE,DE_LU,day_ahead_price,value,2026-09-12T14:01:22Z
2026-09-12T13:58:08Z,2026-09-12T15:58:08+0200,6b132f0b-49c7-4206-864e-1e81037a76e9,2026-09-12T03:30:00Z,2026-09-12T05:30:00+0200,186.37,EUR/MWh,DE,DE_LU,day_ahead_price,value,2026-09-12T14:01:22Z
2026-09-12T13:58:08Z,2026-09-12T15:58:08+0200,6b132f0b-49c7-4206-864e-1e81037a76e9,2026-09-12T03:45:00Z,2026-09-12T05:45:00+0200,190.73,EUR/MWh,DE,DE_LU,day_ahead_price,value,2026-09-12T14:01:22Z
2026-09-12T13:58:08Z,2026-09-12T15:58:08+0200,6b132f0b-49c7-4206-864e-1e81037a76e9,2026-09-12T04:00:00Z,2026-09-12T06:00:00+0200,190.15,EUR/MWh,DE,DE_LU,day_ahead_price,value,2026-09-12T14:01:22Z
2026-09-12T13:58:08Z,2026-09-12T15:58:08+0200,6b132f0b-49c7-4206-864e-1e81037a76e9,2026-09-12T04:15:00Z,2026-09-12T06:15:00+0200,192.74,EUR/MWh,DE,DE_LU,day_ahead_price,value,2026-09-12T14:01:22Z
2026-09-12T13:58:08Z,2026-09-12T15:58:08+0200,6b132f0b-49c7-4206-864e-1e81037a76e9,2026-09-12T04:30:00Z,2026-09-12T06:30:00+0200,196.8,EUR/MWh,DE,DE_LU,day_ahead_price,value,2026-09-12T14:01:22Z
2026-09-12T13:58:08Z,2026-09-12T15:58:08+0200,6b132f0b-49c7-4206-864e-1e81037a76e9,2026-09-12T04:45:00Z,2026-09-12T06:45:00+0200,193.07,EUR/MWh,DE,DE_LU,day_ahead_price,value,2026-09-12T14:01:22Z
2026-09-12T13:58:08Z,2026-09-12T15:58:08+0200,6b132f0b-49c7-4206-864e-1e81037a76e9,2026-09-12T05:00:00Z,2026-09-12T07:00:00+0200,199.88,EUR/MWh,DE,DE_LU,day_ahead_price,value,2026-09-12T14:01:22Z
2026-09-12T13:58:08Z,2026-09-12T15:58:08+0200,6b132f0b-49c7-4206-864e-1e81037a76e9,2026-09-12T05:15:00Z,2026-09-12T07:15:00+0200,196.7,EUR/MWh,DE,DE_LU,day_ahead_price,value,2026-09-12T14:01:22Z
2026-09-12T13:58:08Z,2026-09-12T15:58:08+0200,6b132f0b-49c7-4206-864e-1e81037a76e9,2026-09-12T05:30:00Z,2026-09-12T07:30:00+0200,191.12,EUR/MWh,DE,DE_LU,day_ahead_price,value,2026-09-12T14:01:22Z
2026-09-12T13:58:08Z,2026-09-12T15:58:08+0200,6b132f0b-49c7-4206-864e-1e81037a76e9,2026-09-12T05:45:00Z,2026-09-12T07:45:00+0200,186.8,EUR/MWh,DE,DE_LU,day_ahead_price,value,2026-09-12T14:01:22Z
2026-09-12T13:58:08Z,2026-09-12T15:58:08+0200,6b132f0b-49c7-4206-864e-1e81037a76e9,2026-09-12T06:00:00Z,2026-09-12T08:00:00+0200,200.75,EUR/MWh,DE,DE_LU,day_ahead_price,value,2026-09-12T14:01:22Z
2026-09-12T13:58:08Z,2026-09-12T15:58:08+0200,6b132f0b-49c7-4206-864e-1e81037a76e9,2026-09-12T06:15:00Z,2026-09-12T08:15:00+0200,188.62,EUR/MWh,DE,DE_LU,day_ahead_price,value,2026-09-12T14:01:22Z
2026-09-12T13:58:08Z,2026-09-12T15:58:08+0200,6b132f0b-49c7-4206-864e-1e81037a76e9,2026-09-12T06:30:00Z,2026-09-12T08:30:00+0200,161.01,EUR/MWh,DE,DE_LU,day_ahead_price,value,2026-09-12T14:01:22Z
2026-09-12T13:58:08Z,2026-09-12T15:58:08+0200,6b132f0b-49c7-4206-864e-1e81037a76e9,2026-09-12T06:45:00Z,2026-09-12T08:45:00+0200,144.94,EUR/MWh,DE,DE_LU,day_ahead_price,value,2026-09-12T14:01:22Z
2026-09-12T13:58:08Z,2026-09-12T15:58:08+0200,6b132f0b-49c7-4206-864e-1e81037a76e9,2026-09-12T07:00:00Z,2026-09-12T09:00:00+0200,182.81,EUR/MWh,DE,DE_LU,day_ahead_price,value,2026-09-12T14:01:22Z
2026-09-12T13:58:08Z,2026-09-12T15:58:08+0200,6b132f0b-49c7-4206-864e-1e81037a76e9,2026-09-12T07:15:00Z,2026-09-12T09:15:00+0200,150.39,EUR/MWh,DE,DE_LU,day_ahead_price,value,2026-09-12T14:01:22Z
2026-09-12T13:58:08Z,2026-09-12T15:58:08+0200,6b132f0b-49c7-4206-864e-1e81037a76e9,2026-09-12T07:30:00Z,2026-09-12T09:30:00+0200,131.71,EUR/MWh,DE,DE_LU,day_ahead_price,value,2026-09-12T14:01:22Z
2026-09-12T13:58:08Z,2026-09-12T15:58:08+0200,6b132f0b-49c7-4206-864e-1e81037a76e9,2026-09-12T07:45:00Z,2026-09-12T09:45:00+0200,108.19,EUR/MWh,DE,DE_LU,day_ahead_price,value,2026-09-12T14:01:22Z
2026-09-12T13:58:08Z,2026-09-12T15:58:08+0200,6b132f0b-49c7-4206-864e-1e81037a76e9,2026-09-12T08:00:00Z,2026-09-12T10:00:00+0200,122.71,EUR/MWh,DE,DE_LU,day_ahead_price,value,2026-09-12T14:01:22Z
2026-09-12T13:58:08Z,2026-09-12T15:58:08+0200,6b132f0b-49c7-4206-864e-1e81037a76e9,2026-09-12T08:15:00Z,2026-09-12T10:15:00+0200,105.77,EUR/MWh,DE,DE_LU,day_ahead_price,value,2026-09-12T14:01:22Z
2026-09-12T13:58:08Z,2026-09-12T15:58:08+0200,6b132f0b-49c7-4206-864e-1e81037a76e9,2026-09-12T08:30:00Z,2026-09-12T10:30:00+0200,85.0,EUR/MWh,DE,DE_LU,day_ahead_price,value,2026-09-12T14:01:22Z
2026-09-12T13:58:08Z,2026-09-12T15:58:08+0200,6b132f0b-49c7-4206-864e-1e81037a76e9,2026-09-12T08:45:00Z,2026-09-12T10:45:00+0200,43.36,EUR/MWh,DE,DE_LU,day_ahead_price,value,2026-09-12T14:01:22Z
2026-09-12T13:58:08Z,2026-09-12T15:58:08+0200,6b132f0b-49c7-4206-864e-1e81037a76e9,2026-09-12T09:00:00Z,2026-09-12T11:00:00+0200,65.89,EUR/MWh,DE,DE_LU,day_ahead_price,value,2026-09-12T14:01:22Z
2026-09-12T13:58:08Z,2026-09-12T15:58:08+0200,6b132f0b-49c7-4206-864e-1e81037a76e9,2026-09-12T09:15:00Z,2026-09-12T11:15:00+0200,42.8,EUR/MWh,DE,DE_LU,day_ahead_price,value,2026-09-12T14:01:22Z
2026-09-12T13:58:08Z,2026-09-12T15:58:08+0200,6b132f0b-49c7-4206-864e-1e81037a76e9,2026-09-12T09:30:00Z,2026-09-12T11:30:00+0200,16.84,EUR/MWh,DE,DE_LU,day_ahead_price,value,2026-09-12T14:01:22Z
2026-09-12T13:58:08Z,2026-09-12T15:58:08+0200,6b132f0b-49c7-4206-864e-1e81037a76e9,2026-09-12T09:45:00Z,2026-09-12T11:45:00+0200,5.86,EUR/MWh,DE,DE_LU,day_ahead_price,value,2026-09-12T14:01:22Z
2026-09-12T13:58:08Z,2026-09-12T15:58:08+0200,6b132f0b-49c7-4206-864e-1e81037a76e9,2026-09-12T10:00:00Z,2026-09-12T12:00:00+0200,4.04,EUR/MWh,DE,DE_LU,day_ahead_price,value,2026-09-12T14:01:22Z
2026-09-12T13:58:08Z,2026-09-12T15:58:08+0200,6b132f0b-49c7-4206-864e-1e81037a76e9,2026-09-12T10:15:00Z,2026-09-12T12:15:00+0200,0.0,EUR/MWh,DE,DE_LU,day_ahead_price,value,2026-09-12T14:01:22Z
2026-09-12T13:58:08Z,2026-09-12T15:58:08+0200,6b132f0b-49c7-4206-864e-1e81037a76e9,2026-09-12T10:30:00Z,2026-09-12T12:30:00+0200,-0.01,EUR/MWh,DE,DE_LU,day_ahead_price,value,2026-09-12T14:01:22Z
2026-09-12T13:58:08Z,2026-09-12T15:58:08+0200,6b132f0b-49c7-4206-864e-1e81037a76e9,2026-09-12T10:45:00Z,2026-09-12T12:45:00+0200,-0.02,EUR/MWh,DE,DE_LU,day_ahead_price,value,2026-09-12T14:01:22Z
2026-09-12T13:58:08Z,2026-09-12T15:58:08+0200,6b132f0b-49c7-4206-864e-1e81037a76e9,2026-09-12T11:00:00Z,2026-09-12T13:00:00+0200,-0.01,EUR/MWh,DE,DE_LU,day_ahead_price,value,2026-09-12T14:01:22Z
2026-09-12T13:58:08Z,2026-09-12T15:58:08+0200,6b132f0b-49c7-4206-864e-1e81037a76e9,2026-09-12T11:15:00Z,2026-09-12T13:15:00+0200,-0.05,EUR/MWh,DE,DE_LU,day_ahead_price,value,2026-09-12T14:01:22Z
2026-09-12T13:58:08Z,2026-09-12T15:58:08+0200,6b132f0b-49c7-4206-864e-1e81037a76e9,2026-09-12T11:30:00Z,2026-09-12T13:30:00+0200,-0.05,EUR/MWh,DE,DE_LU,day_ahead_price,value,2026-09-12T14:01:22Z
2026-09-12T13:58:08Z,2026-09-12T15:58:08+0200,6b132f0b-49c7-4206-864e-1e81037a76e9,2026-09-12T11:45:00Z,2026-09-12T13:45:00+0200,-0.09,EUR/MWh,DE,DE_LU,day_ahead_price,value,2026-09-12T14:01:22Z
2026-09-12T13:58:08Z,2026-09-12T15:58:08+0200,6b132f0b-49c7-4206-864e-1e81037a76e9,2026-09-12T12:00:00Z,2026-09-12T14:00:00+0200,-0.48,EUR/MWh,DE,DE_LU,day_ahead_price,value,2026-09-12T14:01:22Z
2026-09-12T13:58:08Z,2026-09-12T15:58:08+0200,6b132f0b-49c7-4206-864e-1e81037a76e9,2026-09-12T12:15:00Z,2026-09-12T14:15:00+0200,-0.19,EUR/MWh,DE,DE_LU,day_ahead_price,value,2026-09-12T14:01:22Z
2026-09-12T13:58:08Z,2026-09-12T15:58:08+0200,6b132f0b-49c7-4206-864e-1e81037a76e9,2026-09-12T12:30:00Z,2026-09-12T14:30:00+0200,-0.13,EUR/MWh,DE,DE_LU,day_ahead_price,value,2026-09-12T14:01:22Z
2026-09-12T13:58:08Z,2026-09-12T15:58:08+0200,6b132f0b-49c7-4206-864e-1e81037a76e9,2026-09-12T12:45:00Z,2026-09-12T14:45:00+0200,-0.17,EUR/MWh,DE,DE_LU,day_ahead_price,value,2026-09-12T14:01:22Z
2026-09-12T13:58:08Z,2026-09-12T15:58:08+0200,6b132f0b-49c7-4206-864e-1e81037a76e9,2026-09-12T13:00:00Z,2026-09-12T15:00:00+0200,-0.01,EUR/MWh,DE,DE_LU,day_ahead_price,value,2026-09-12T14:01:22Z
2026-09-12T13:58:08Z,2026-09-12T15:58:08+0200,6b132f0b-49c7-4206-864e-1e81037a76e9,2026-09-12T13:15:00Z,2026-09-12T15:15:00+0200,0.0,EUR/MWh,DE,DE_LU,day_ahead_price,value,2026-09-12T14:01:22Z
2026-09-12T13:58:08Z,2026-09-12T15:58:08+0200,6b132f0b-49c7-4206-864e-1e81037a76e9,2026-09-12T13:30:00Z,2026-09-12T15:30:00+0200,0.0,EUR/MWh,DE,DE_LU,day_ahead_price,value,2026-09-12T14:01:22Z
2026-09-12T13:58:08Z,2026-09-12T15:58:08+0200,6b132f0b-49c7-4206-864e-1e81037a76e9,2026-09-12T13:45:00Z,2026-09-12T15:45:00+0200,2.91,EUR/MWh,DE,DE_LU,day_ahead_price,value,2026-09-12T14:01:22Z
2026-09-12T13:58:08Z,2026-09-12T15:58:08+0200,6b132f0b-49c7-4206-864e-1e81037a76e9,2026-09-12T14:00:00Z,2026-09-12T16:00:00+0200,0.01,EUR/MWh,DE,DE_LU,day_ahead_price,value,2026-09-12T14:01:22Z
2026-09-12T13:58:08Z,2026-09-12T15:58:08+0200,6b132f0b-49c7-4206-864e-1e81037a76e9,2026-09-12T14:15:00Z,2026-09-12T16:15:00+0200,7.17,EUR/MWh,DE,DE_LU,day_ahead_price,value,2026-09-12T14:01:30Z
2026-09-12T13:58:08Z,2026-09-12T15:58:08+0200,6b132f0b-49c7-4206-864e-1e81037a76e9,2026-09-12T14:30:00Z,2026-09-12T16:30:00+0200,43.29,EUR/MWh,DE,DE_LU,day_ahead_price,value,2026-09-12T14:01:30Z
2026-09-12T13:58:08Z,2026-09-12T15:58:08+0200,6b132f0b-49c7-4206-864e-1e81037a76e9,2026-09-12T14:45:00Z,2026-09-12T16:45:00+0200,87.29,EUR/MWh,DE,DE_LU,day_ahead_price,value,2026-09-12T14:01:30Z
2026-09-12T13:58:08Z,2026-09-12T15:58:08+0200,6b132f0b-49c7-4206-864e-1e81037a76e9,2026-09-12T15:00:00Z,2026-09-12T17:00:00+0200,83.4,EUR/MWh,DE,DE_LU,day_ahead_price,value,2026-09-12T14:01:30Z
2026-09-12T13:58:08Z,2026-09-12T15:58:08+0200,6b132f0b-49c7-4206-864e-1e81037a76e9,2026-09-12T15:15:00Z,2026-09-12T17:15:00+0200,114.22,EUR/MWh,DE,DE_LU,day_ahead_price,value,2026-09-12T14:01:30Z
2026-09-12T13:58:08Z,2026-09-12T15:58:08+0200,6b132f0b-49c7-4206-864e-1e81037a76e9,2026-09-12T15:30:00Z,2026-09-12T17:30:00+0200,126.78,EUR/MWh,DE,DE_LU,day_ahead_price,value,2026-09-12T14:01:30Z
2026-09-12T13:58:08Z,2026-09-12T15:58:08+0200,6b132f0b-49c7-4206-864e-1e81037a76e9,2026-09-12T15:45:00Z,2026-09-12T17:45:00+0200,150.4,EUR/MWh,DE,DE_LU,day_ahead_price,value,2026-09-12T14:01:30Z
2026-09-12T13:58:08Z,2026-09-12T15:58:08+0200,6b132f0b-49c7-4206-864e-1e81037a76e9,2026-09-12T16:00:00Z,2026-09-12T18:00:00+0200,145.35,EUR/MWh,DE,DE_LU,day_ahead_price,value,2026-09-12T14:01:30Z
2026-09-12T13:58:08Z,2026-09-12T15:58:08+0200,6b132f0b-49c7-4206-864e-1e81037a76e9,2026-09-12T16:15:00Z,2026-09-12T18:15:00+0200,180.12,EUR/MWh,DE,DE_LU,day_ahead_price,value,2026-09-12T14:01:30Z
2026-09-12T13:58:08Z,2026-09-12T15:58:08+0200,6b132f0b-49c7-4206-864e-1e81037a76e9,2026-09-12T16:30:00Z,2026-09-12T18:30:00+0200,191.46,EUR/MWh,DE,DE_LU,day_ahead_price,value,2026-09-12T14:01:30Z
2026-09-12T13:58:08Z,2026-09-12T15:58:08+0200,6b132f0b-49c7-4206-864e-1e81037a76e9,2026-09-12T16:45:00Z,2026-09-12T18:45:00+0200,194.83,EUR/MWh,DE,DE_LU,day_ahead_price,value,2026-09-12T14:01:30Z
2026-09-12T13:58:08Z,2026-09-12T15:58:08+0200,6b132f0b-49c7-4206-864e-1e81037a76e9,2026-09-12T17:00:00Z,2026-09-12T19:00:00+0200,194.44,EUR/MWh,DE,DE_LU,day_ahead_price,value,2026-09-12T14:01:30Z
2026-09-12T13:58:08Z,2026-09-12T15:58:08+0200,6b132f0b-49c7-4206-864e-1e81037a76e9,2026-09-12T17:15:00Z,2026-09-12T19:15:00+0200,204.81,EUR/MWh,DE,DE_LU,day_ahead_price,value,2026-09-12T14:01:30Z
2026-09-12T13:58:08Z,2026-09-12T15:58:08+0200,6b132f0b-49c7-4206-864e-1e81037a76e9,2026-09-12T17:30:00Z,2026-09-12T19:30:00+0200,204.46,EUR/MWh,DE,DE_LU,day_ahead_price,value,2026-09-12T14:01:30Z
2026-09-12T13:58:08Z,2026-09-12T15:58:08+0200,6b132f0b-49c7-4206-864e-1e81037a76e9,2026-09-12T17:45:00Z,2026-09-12T19:45:00+0200,210.24,EUR/MWh,DE,DE_LU,day_ahead_price,value,2026-09-12T14:01:30Z
2026-09-12T13:58:08Z,2026-09-12T15:58:08+0200,6b132f0b-49c7-4206-864e-1e81037a76e9,2026-09-12T18:00:00Z,2026-09-12T20:00:00+0200,210.99,EUR/MWh,DE,DE_LU,day_ahead_price,value,2026-09-12T14:01:30Z
2026-09-12T13:58:08Z,2026-09-12T15:58:08+0200,6b132f0b-49c7-4206-864e-1e81037a76e9,2026-09-12T18:15:00Z,2026-09-12T20:15:00+0200,211.17,EUR/MWh,DE,DE_LU,day_ahead_price,value,2026-09-12T14:01:30Z
2026-09-12T13:58:08Z,2026-09-12T15:58:08+0200,6b132f0b-49c7-4206-864e-1e81037a76e9,2026-09-12T18:30:00Z,2026-09-12T20:30:00+0200,210.92,EUR/MWh,DE,DE_LU,day_ahead_price,value,2026-09-12T14:01:30Z
2026-09-12T13:58:08Z,2026-09-12T15:58:08+0200,6b132f0b-49c7-4206-864e-1e81037a76e9,2026-09-12T18:45:00Z,2026-09-12T20:45:00+0200,207.69,EUR/MWh,DE,DE_LU,day_ahead_price,value,2026-09-12T14:01:30Z
2026-09-12T13:58:08Z,2026-09-12T15:58:08+0200,6b132f0b-49c7-4206-864e-1e81037a76e9,2026-09-12T19:00:00Z,2026-09-12T21:00:00+0200,210.75,EUR/MWh,DE,DE_LU,day_ahead_price,value,2026-09-12T14:01:30Z
2026-09-12T13:58:08Z,2026-09-12T15:58:08+0200,6b132f0b-49c7-4206-864e-1e81037a76e9,2026-09-12T19:15:00Z,2026-09-12T21:15:00+0200,204.94,EUR/MWh,DE,DE_LU,day_ahead_price,value,2026-09-12T14:01:30Z
2026-09-12T13:58:08Z,2026-09-12T15:58:08+0200,6b132f0b-49c7-4206-864e-1e81037a76e9,2026-09-12T19:30:00Z,2026-09-12T21:30:00+0200,201.06,EUR/MWh,DE,DE_LU,day_ahead_price,value,2026-09-12T14:01:30Z
2026-09-12T13:58:08Z,2026-09-12T15:58:08+0200,6b132f0b-49c7-4206-864e-1e81037a76e9,2026-09-12T19:45:00Z,2026-09-12T21:45:00+0200,191.74,EUR/MWh,DE,DE_LU,day_ahead_price,value,2026-09-12T14:01:30Z
2026-09-12T13:58:08Z,2026-09-12T15:58:08+0200,6b132f0b-49c7-4206-864e-1e81037a76e9,2026-09-12T20:00:00Z,2026-09-12T22:00:00+0200,199.35,EUR/MWh,DE,DE_LU,day_ahead_price,value,2026-09-12T14:01:30Z
2026-09-12T13:58:08Z,2026-09-12T15:58:08+0200,6b132f0b-49c7-4206-864e-1e81037a76e9,2026-09-12T20:15:00Z,2026-09-12T22:15:00+0200,191.77,EUR/MWh,DE,DE_LU,day_ahead_price,value,2026-09-12T14:01:30Z
2026-09-12T13:58:08Z,2026-09-12T15:58:08+0200,6b132f0b-49c7-4206-864e-1e81037a76e9,2026-09-12T20:30:00Z,2026-09-12T22:30:00+0200,189.05,EUR/MWh,DE,DE_LU,day_ahead_price,value,2026-09-12T14:01:30Z
2026-09-12T13:58:08Z,2026-09-12T15:58:08+0200,6b132f0b-49c7-4206-864e-1e81037a76e9,2026-09-12T20:45:00Z,2026-09-12T22:45:00+0200,183.73,EUR/MWh,DE,DE_LU,day_ahead_price,value,2026-09-12T14:01:30Z
2026-09-12T13:58:08Z,2026-09-12T15:58:08+0200,6b132f0b-49c7-4206-864e-1e81037a76e9,2026-09-12T21:00:00Z,2026-09-12T23:00:00+0200,191.46,EUR/MWh,DE,DE_LU,day_ahead_price,value,2026-09-12T14:01:30Z
2026-09-12T13:58:08Z,2026-09-12T15:58:08+0200,6b132f0b-49c7-4206-864e-1e81037a76e9,2026-09-12T21:15:00Z,2026-09-12T23:15:00+0200,186.02,EUR/MWh,DE,DE_LU,day_ahead_price,value,2026-09-12T14:01:30Z
2026-09-12T13:58:08Z,2026-09-12T15:58:08+0200,6b132f0b-49c7-4206-864e-1e81037a76e9,2026-09-12T21:30:00Z,2026-09-12T23:30:00+0200,182.21,EUR/MWh,DE,DE_LU,day_ahead_price,value,2026-09-12T14:01:30Z
2026-09-12T13:58:08Z,2026-09-12T15:58:08+0200,6b132f0b-49c7-4206-864e-1e81037a76e9,2026-09-12T21:45:00Z,2026-09-12T23:45:00+0200,179.55,EUR/MWh,DE,DE_LU,day_ahead_price,value,2026-09-12T14:01:30Z
