collection_time_utc,collection_time_local,run_id,timestamp_utc,timestamp_local,value,unit,country,entsoe_area,variable,source,updated_at_utc
2026-09-16T23:22:26Z,2026-09-17T01:22:26+0200,5d77c48a-cbec-4d84-b46b-327ea4338599,2026-09-10T00:00:00Z,2026-09-10T02:00:00+0200,1561.73,MW,DK1,DK_1,actual_onshore_wind_generation,Wind Onshore,2026-09-16T23:24:00Z
2026-09-16T23:22:26Z,2026-09-17T01:22:26+0200,5d77c48a-cbec-4d84-b46b-327ea4338599,2026-09-10T00:15:00Z,2026-09-10T02:15:00+0200,1498.2,MW,DK1,DK_1,actual_onshore_wind_generation,Wind Onshore,2026-09-16T23:24:00Z
2026-09-16T23:22:26Z,2026-09-17T01:22:26+0200,5d77c48a-cbec-4d84-b46b-327ea4338599,2026-09-10T00:30:00Z,2026-09-10T02:30:00+0200,1474.07,MW,DK1,DK_1,actual_onshore_wind_generation,Wind Onshore,2026-09-16T23:24:00Z
2026-09-16T23:22:26Z,2026-09-17T01:22:26+0200,5d77c48a-cbec-4d84-b46b-327ea4338599,2026-09-10T00:45:00Z,2026-09-10T02:45:00+0200,1427.67,MW,DK1,DK_1,actual_onshore_wind_generation,Wind Onshore,2026-09-16T23:24:00Z
2026-09-16T23:22:26Z,2026-09-17T01:22:26+0200,5d77c48a-cbec-4d84-b46b-327ea4338599,2026-09-10T01:00:00Z,2026-09-10T03:00:00+0200,1407.57,MW,DK1,DK_1,actual_onshore_wind_generation,Wind Onshore,2026-09-16T23:24:00Z
2026-09-16T23:22:26Z,2026-09-17T01:22:26+0200,5d77c48a-cbec-4d84-b46b-327ea4338599,2026-09-10T01:15:00Z,2026-09-10T03:15:00+0200,1328.73,MW,DK1,DK_1,actual_onshore_wind_generation,Wind Onshore,2026-09-16T23:24:00Z
2026-09-16T23:22:26Z,2026-09-17T01:22:26+0200,5d77c48a-cbec-4d84-b46b-327ea4338599,2026-09-10T01:30:00Z,2026-09-10T03:30:00+0200,1310.18,MW,DK1,DK_1,actual_onshore_wind_generation,Wind Onshore,2026-09-16T23:24:00Z
2026-09-16T23:22:26Z,2026-09-17T01:22:26+0200,5d77c48a-cbec-4d84-b46b-327ea4338599,2026-09-10T01:45:00Z,2026-09-10T03:45:00+0200,1261.51,MW,DK1,DK_1,actual_onshore_wind_generation,Wind Onshore,2026-09-16T23:24:00Z
2026-09-16T23:22:26Z,2026-09-17T01:22:26+0200,5d77c48a-cbec-4d84-b46b-327ea4338599,2026-09-10T02:00:00Z,2026-09-10T04:00:00+0200,1246.9,MW,DK1,DK_1,actual_onshore_wind_generation,Wind Onshore,2026-09-16T23:24:00Z
2026-09-16T23:22:26Z,2026-09-17T01:22:26+0200,5d77c48a-cbec-4d84-b46b-327ea4338599,2026-09-10T02:15:00Z,2026-09-10T04:15:00+0200,1185.38,MW,DK1,DK_1,actual_onshore_wind_generation,Wind Onshore,2026-09-16T23:24:00Z
2026-09-16T23:22:26Z,2026-09-17T01:22:26+0200,5d77c48a-cbec-4d84-b46b-327ea4338599,2026-09-10T02:30:00Z,2026-09-10T04:30:00+0200,1112.94,MW,DK1,DK_1,actual_onshore_wind_generation,Wind Onshore,2026-09-16T23:24:00Z
2026-09-16T23:22:26Z,2026-09-17T01:22:26+0200,5d77c48a-cbec-4d84-b46b-327ea4338599,2026-09-10T02:45:00Z,2026-09-10T04:45:00+0200,1052.83,MW,DK1,DK_1,actual_onshore_wind_generation,Wind Onshore,2026-09-16T23:24:00Z
2026-09-16T23:22:26Z,2026-09-17T01:22:26+0200,5d77c48a-cbec-4d84-b46b-327ea4338599,2026-09-10T03:00:00Z,2026-09-10T05:00:00+0200,970.547,MW,DK1,DK_1,actual_onshore_wind_generation,Wind Onshore,2026-09-16T23:24:00Z
2026-09-16T23:22:26Z,2026-09-17T01:22:26+0200,5d77c48a-cbec-4d84-b46b-327ea4338599,2026-09-10T03:15:00Z,2026-09-10T05:15:00+0200,890.482,MW,DK1,DK_1,actual_onshore_wind_generation,Wind Onshore,2026-09-16T23:24:00Z
2026-09-16T23:22:26Z,2026-09-17T01:22:26+0200,5d77c48a-cbec-4d84-b46b-327ea4338599,2026-09-10T03:30:00Z,2026-09-10T05:30:00+0200,835.199,MW,DK1,DK_1,actual_onshore_wind_generation,Wind Onshore,2026-09-16T23:24:00Z
2026-09-16T23:22:26Z,2026-09-17T01:22:26+0200,5d77c48a-cbec-4d84-b46b-327ea4338599,2026-09-10T03:45:00Z,2026-09-10T05:45:00+0200,839.095,MW,DK1,DK_1,actual_onshore_wind_generation,Wind Onshore,2026-09-16T23:24:00Z
2026-09-16T23:22:26Z,2026-09-17T01:22:26+0200,5d77c48a-cbec-4d84-b46b-327ea4338599,2026-09-10T04:00:00Z,2026-09-10T06:00:00+0200,823.676,MW,DK1,DK_1,actual_onshore_wind_generation,Wind Onshore,2026-09-16T23:24:00Z
2026-09-16T23:22:26Z,2026-09-17T01:22:26+0200,5d77c48a-cbec-4d84-b46b-327ea4338599,2026-09-10T04:15:00Z,2026-09-10T06:15:00+0200,799.229,MW,DK1,DK_1,actual_onshore_wind_generation,Wind Onshore,2026-09-16T23:24:00Z
2026-09-16T23:22:26Z,2026-09-17T01:22:26+0200,5d77c48a-cbec-4d84-b46b-327ea4338599,2026-09-10T04:30:00Z,2026-09-10T06:30:00+0200,777.731,MW,DK1,DK_1,actual_onshore_wind_generation,Wind Onshore,2026-09-16T23:24:00Z
2026-09-16T23:22:26Z,2026-09-17T01:22:26+0200,5d77c48a-cbec-4d84-b46b-327ea4338599,2026-09-10T04:45:00Z,2026-09-10T06:45:00+0200,770.973,MW,DK1,DK_1,actual_onshore_wind_generation,Wind Onshore,2026-09-16T23:24:00Z
2026-09-16T23:22:26Z,2026-09-17T01:22:26+0200,5d77c48a-cbec-4d84-b46b-327ea4338599,2026-09-10T05:00:00Z,2026-09-10T07:00:00+0200,737.27,MW,DK1,DK_1,actual_onshore_wind_generation,Wind Onshore,2026-09-16T23:24:00Z
2026-09-16T23:22:26Z,2026-09-17T01:22:26+0200,5d77c48a-cbec-4d84-b46b-327ea4338599,2026-09-10T05:15:00Z,2026-09-10T07:15:00+0200,670.312,MW,DK1,DK_1,actual_onshore_wind_generation,Wind Onshore,2026-09-16T23:24:00Z
2026-09-16T23:22:26Z,2026-09-17T01:22:26+0200,5d77c48a-cbec-4d84-b46b-327ea4338599,2026-09-10T05:30:00Z,2026-09-10T07:30:00+0200,626.933,MW,DK1,DK_1,actual_onshore_wind_generation,Wind Onshore,2026-09-16T23:24:00Z
2026-09-16T23:22:26Z,2026-09-17T01:22:26+0200,5d77c48a-cbec-4d84-b46b-327ea4338599,2026-09-10T05:45:00Z,2026-09-10T07:45:00+0200,605.192,MW,DK1,DK_1,actual_onshore_wind_generation,Wind Onshore,2026-09-16T23:24:00Z
2026-09-16T23:22:26Z,2026-09-17T01:22:26+0200,5d77c48a-cbec-4d84-b46b-327ea4338599,2026-09-10T06:00:00Z,2026-09-10T08:00:00+0200,558.399,MW,DK1,DK_1,actual_onshore_wind_generation,Wind Onshore,2026-09-16T23:24:00Z
2026-09-16T23:22:26Z,2026-09-17T01:22:26+0200,5d77c48a-cbec-4d84-b46b-327ea4338599,2026-09-10T06:15:00Z,2026-09-10T08:15:00+0200,519.287,MW,DK1,DK_1,actual_onshore_wind_generation,Wind Onshore,2026-09-16T23:24:00Z
2026-09-16T23:22:26Z,2026-09-17T01:22:26+0200,5d77c48a-cbec-4d84-b46b-327ea4338599,2026-09-10T06:30:00Z,2026-09-10T08:30:00+0200,490.827,MW,DK1,DK_1,actual_onshore_wind_generation,Wind Onshore,2026-09-16T23:24:00Z
2026-09-16T23:22:26Z,2026-09-17T01:22:26+0200,5d77c48a-cbec-4d84-b46b-327ea4338599,2026-09-10T06:45:00Z,2026-09-10T08:45:00+0200,495.293,MW,DK1,DK_1,actual_onshore_wind_generation,Wind Onshore,2026-09-16T23:24:00Z
2026-09-16T23:22:26Z,2026-09-17T01:22:26+0200,5d77c48a-cbec-4d84-b46b-327ea4338599,2026-09-10T07:00:00Z,2026-09-10T09:00:00+0200,504.239,MW,DK1,DK_1,actual_onshore_wind_generation,Wind Onshore,2026-09-16T23:24:00Z
2026-09-16T23:22:26Z,2026-09-17T01:22:26+0200,5d77c48a-cbec-4d84-b46b-327ea4338599,2026-09-10T07:15:00Z,2026-09-10T09:15:00+0200,530.454,MW,DK1,DK_1,actual_onshore_wind_generation,Wind Onshore,2026-09-16T23:24:00Z
2026-09-16T23:22:26Z,2026-09-17T01:22:26+0200,5d77c48a-cbec-4d84-b46b-327ea4338599,2026-09-10T07:30:00Z,2026-09-10T09:30:00+0200,582.48,MW,DK1,DK_1,actual_onshore_wind_generation,Wind Onshore,2026-09-16T23:24:00Z
2026-09-16T23:22:26Z,2026-09-17T01:22:26+0200,5d77c48a-cbec-4d84-b46b-327ea4338599,2026-09-10T07:45:00Z,2026-09-10T09:45:00+0200,633.624,MW,DK1,DK_1,actual_onshore_wind_generation,Wind Onshore,2026-09-16T23:24:00Z
2026-09-16T23:22:26Z,2026-09-17T01:22:26+0200,5d77c48a-cbec-4d84-b46b-327ea4338599,2026-09-10T08:00:00Z,2026-09-10T10:00:00+0200,687.163,MW,DK1,DK_1,actual_onshore_wind_generation,Wind Onshore,2026-09-16T23:24:00Z
2026-09-16T23:22:26Z,2026-09-17T01:22:26+0200,5d77c48a-cbec-4d84-b46b-327ea4338599,2026-09-10T08:15:00Z,2026-09-10T10:15:00+0200,741.028,MW,DK1,DK_1,actual_onshore_wind_generation,Wind Onshore,2026-09-16T23:24:00Z
2026-09-16T23:22:26Z,2026-09-17T01:22:26+0200,5d77c48a-cbec-4d84-b46b-327ea4338599,2026-09-10T08:30:00Z,2026-09-10T10:30:00+0200,753.142,MW,DK1,DK_1,actual_onshore_wind_generation,Wind Onshore,2026-09-16T23:24:00Z
2026-09-16T23:22:26Z,2026-09-17T01:22:26+0200,5d77c48a-cbec-4d84-b46b-327ea4338599,2026-09-10T08:45:00Z,2026-09-10T10:45:00+0200,739.871,MW,DK1,DK_1,actual_onshore_wind_generation,Wind Onshore,2026-09-16T23:24:00Z
2026-09-16T23:22:26Z,2026-09-17T01:22:26+0200,5d77c48a-cbec-4d84-b46b-327ea4338599,2026-09-10T09:00:00Z,2026-09-10T11:00:00+0200,741.118,MW,DK1,DK_1,actual_onshore_wind_generation,Wind Onshore,2026-09-16T23:24:00Z
2026-09-16T23:22:26Z,2026-09-17T01:22:26+0200,5d77c48a-cbec-4d84-b46b-327ea4338599,2026-09-10T09:15:00Z,2026-09-10T11:15:00+0200,738.971,MW,DK1,DK_1,actual_onshore_wind_generation,Wind Onshore,2026-09-16T23:24:00Z
2026-09-16T23:22:26Z,2026-09-17T01:22:26+0200,5d77c48a-cbec-4d84-b46b-327ea4338599,2026-09-10T09:30:00Z,2026-09-10T11:30:00+0200,738.124,MW,DK1,DK_1,actual_onshore_wind_generation,Wind Onshore,2026-09-16T23:24:00Z
2026-09-16T23:22:26Z,2026-09-17T01:22:26+0200,5d77c48a-cbec-4d84-b46b-327ea4338599,2026-09-10T09:45:00Z,2026-09-10T11:45:00+0200,723.037,MW,DK1,DK_1,actual_onshore_wind_generation,Wind Onshore,2026-09-16T23:24:00Z
2026-09-16T23:22:26Z,2026-09-17T01:22:26+0200,5d77c48a-cbec-4d84-b46b-327ea4338599,2026-09-10T10:00:00Z,2026-09-10T12:00:00+0200,731.923,MW,DK1,DK_1,actual_onshore_wind_generation,Wind Onshore,2026-09-16T23:24:00Z
2026-09-16T23:22:26Z,2026-09-17T01:22:26+0200,5d77c48a-cbec-4d84-b46b-327ea4338599,2026-09-10T10:15:00Z,2026-09-10T12:15:00+0200,756.595,MW,DK1,DK_1,actual_onshore_wind_generation,Wind Onshore,2026-09-16T23:24:00Z
2026-09-16T23:22:26Z,2026-09-17T01:22:26+0200,5d77c48a-cbec-4d84-b46b-327ea4338599,2026-09-10T10:30:00Z,2026-09-10T12:30:00+0200,762.194,MW,DK1,DK_1,actual_onshore_wind_generation,Wind Onshore,2026-09-16T23:24:00Z
2026-09-16T23:22:26Z,2026-09-17T01:22:26+0200,5d77c48a-cbec-4d84-b46b-327ea4338599,2026-09-10T10:45:00Z,2026-09-10T12:45:00+0200,806.867,MW,DK1,DK_1,actual_onshore_wind_generation,Wind Onshore,2026-09-16T23:24:00Z
2026-09-16T23:22:26Z,2026-09-17T01:22:26+0200,5d77c48a-cbec-4d84-b46b-327ea4338599,2026-09-10T11:00:00Z,2026-09-10T13:00:00+0200,819.227,MW,DK1,DK_1,actual_onshore_wind_generation,Wind Onshore,2026-09-16T23:24:00Z
2026-09-16T23:22:26Z,2026-09-17T01:22:26+0200,5d77c48a-cbec-4d84-b46b-327ea4338599,2026-09-10T11:15:00Z,2026-09-10T13:15:00+0200,817.769,MW,DK1,DK_1,actual_onshore_wind_generation,Wind Onshore,2026-09-16T23:24:00Z
2026-09-16T23:22:26Z,2026-09-17T01:22:26+0200,5d77c48a-cbec-4d84-b46b-327ea4338599,2026-09-10T11:30:00Z,2026-09-10T13:30:00+0200,876.966,MW,DK1,DK_1,actual_onshore_wind_generation,Wind Onshore,2026-09-16T23:24:00Z
2026-09-16T23:22:26Z,2026-09-17T01:22:26+0200,5d77c48a-cbec-4d84-b46b-327ea4338599,2026-09-10T11:45:00Z,2026-09-10T13:45:00+0200,897.615,MW,DK1,DK_1,actual_onshore_wind_generation,Wind Onshore,2026-09-16T23:24:00Z
2026-09-16T23:22:26Z,2026-09-17T01:22:26+0200,5d77c48a-cbec-4d84-b46b-327ea4338599,2026-09-10T12:00:00Z,2026-09-10T14:00:00+0200,918.277,MW,DK1,DK_1,actual_onshore_wind_generation,Wind Onshore,2026-09-16T23:24:00Z
2026-09-16T23:22:26Z,2026-09-17T01:22:26+0200,5d77c48a-cbec-4d84-b46b-327ea4338599,2026-09-10T12:15:00Z,2026-09-10T14:15:00+0200,940.353,MW,DK1,DK_1,actual_onshore_wind_generation,Wind Onshore,2026-09-16T23:24:00Z
2026-09-16T23:22:26Z,2026-09-17T01:22:26+0200,5d77c48a-cbec-4d84-b46b-327ea4338599,2026-09-10T12:30:00Z,2026-09-10T14:30:00+0200,966.855,MW,DK1,DK_1,actual_onshore_wind_generation,Wind Onshore,2026-09-16T23:24:00Z
2026-09-16T23:22:26Z,2026-09-17T01:22:26+0200,5d77c48a-cbec-4d84-b46b-327ea4338599,2026-09-10T12:45:00Z,2026-09-10T14:45:00+0200,983.564,MW,DK1,DK_1,actual_onshore_wind_generation,Wind Onshore,2026-09-16T23:24:00Z
2026-09-16T23:22:26Z,2026-09-17T01:22:26+0200,5d77c48a-cbec-4d84-b46b-327ea4338599,2026-09-10T13:00:00Z,2026-09-10T15:00:00+0200,987.382,MW,DK1,DK_1,actual_onshore_wind_generation,Wind Onshore,2026-09-16T23:24:00Z
2026-09-16T23:22:26Z,2026-09-17T01:22:26+0200,5d77c48a-cbec-4d84-b46b-327ea4338599,2026-09-10T13:15:00Z,2026-09-10T15:15:00+0200,976.115,MW,DK1,DK_1,actual_onshore_wind_generation,Wind Onshore,2026-09-16T23:24:00Z
2026-09-16T23:22:26Z,2026-09-17T01:22:26+0200,5d77c48a-cbec-4d84-b46b-327ea4338599,2026-09-10T13:30:00Z,2026-09-10T15:30:00+0200,931.092,MW,DK1,DK_1,actual_onshore_wind_generation,Wind Onshore,2026-09-16T23:24:00Z
2026-09-16T23:22:26Z,2026-09-17T01:22:26+0200,5d77c48a-cbec-4d84-b46b-327ea4338599,2026-09-10T13:45:00Z,2026-09-10T15:45:00+0200,906.22,MW,DK1,DK_1,actual_onshore_wind_generation,Wind Onshore,2026-09-16T23:24:00Z
2026-09-16T23:22:26Z,2026-09-17T01:22:26+0200,5d77c48a-cbec-4d84-b46b-327ea4338599,2026-09-10T14:00:00Z,2026-09-10T16:00:00+0200,859.306,MW,DK1,DK_1,actual_onshore_wind_generation,Wind Onshore,2026-09-16T23:24:00Z
2026-09-16T23:22:26Z,2026-09-17T01:22:26+0200,5d77c48a-cbec-4d84-b46b-327ea4338599,2026-09-10T14:15:00Z,2026-09-10T16:15:00+0200,822.529,MW,DK1,DK_1,actual_onshore_wind_generation,Wind Onshore,2026-09-16T23:24:00Z
2026-09-16T23:22:26Z,2026-09-17T01:22:26+0200,5d77c48a-cbec-4d84-b46b-327ea4338599,2026-09-10T14:30:00Z,2026-09-10T16:30:00+0200,789.008,MW,DK1,DK_1,actual_onshore_wind_generation,Wind Onshore,2026-09-16T23:24:00Z
2026-09-16T23:22:26Z,2026-09-17T01:22:26+0200,5d77c48a-cbec-4d84-b46b-327ea4338599,2026-09-10T14:45:00Z,2026-09-10T16:45:00+0200,742.312,MW,DK1,DK_1,actual_onshore_wind_generation,Wind Onshore,2026-09-16T23:24:00Z
2026-09-16T23:22:26Z,2026-09-17T01:22:26+0200,5d77c48a-cbec-4d84-b46b-327ea4338599,2026-09-10T15:00:00Z,2026-09-10T17:00:00+0200,719.382,MW,DK1,DK_1,actual_onshore_wind_generation,Wind Onshore,2026-09-16T23:24:00Z
2026-09-16T23:22:26Z,2026-09-17T01:22:26+0200,5d77c48a-cbec-4d84-b46b-327ea4338599,2026-09-10T15:15:00Z,2026-09-10T17:15:00+0200,635.589,MW,DK1,DK_1,actual_onshore_wind_generation,Wind Onshore,2026-09-16T23:24:00Z
2026-09-16T23:22:26Z,2026-09-17T01:22:26+0200,5d77c48a-cbec-4d84-b46b-327ea4338599,2026-09-10T15:30:00Z,2026-09-10T17:30:00+0200,558.693,MW,DK1,DK_1,actual_onshore_wind_generation,Wind Onshore,2026-09-16T23:24:00Z
2026-09-16T23:22:26Z,2026-09-17T01:22:26+0200,5d77c48a-cbec-4d84-b46b-327ea4338599,2026-09-10T15:45:00Z,2026-09-10T17:45:00+0200,498.795,MW,DK1,DK_1,actual_onshore_wind_generation,Wind Onshore,2026-09-16T23:24:00Z
2026-09-16T23:22:26Z,2026-09-17T01:22:26+0200,5d77c48a-cbec-4d84-b46b-327ea4338599,2026-09-10T16:00:00Z,2026-09-10T18:00:00+0200,435.436,MW,DK1,DK_1,actual_onshore_wind_generation,Wind Onshore,2026-09-16T23:24:00Z
2026-09-16T23:22:26Z,2026-09-17T01:22:26+0200,5d77c48a-cbec-4d84-b46b-327ea4338599,2026-09-10T16:15:00Z,2026-09-10T18:15:00+0200,389.401,MW,DK1,DK_1,actual_onshore_wind_generation,Wind Onshore,2026-09-16T23:24:00Z
2026-09-16T23:22:26Z,2026-09-17T01:22:26+0200,5d77c48a-cbec-4d84-b46b-327ea4338599,2026-09-10T16:30:00Z,2026-09-10T18:30:00+0200,349.755,MW,DK1,DK_1,actual_onshore_wind_generation,Wind Onshore,2026-09-16T23:24:00Z
2026-09-16T23:22:26Z,2026-09-17T01:22:26+0200,5d77c48a-cbec-4d84-b46b-327ea4338599,2026-09-10T16:45:00Z,2026-09-10T18:45:00+0200,312.635,MW,DK1,DK_1,actual_onshore_wind_generation,Wind Onshore,2026-09-16T23:24:00Z
2026-09-16T23:22:26Z,2026-09-17T01:22:26+0200,5d77c48a-cbec-4d84-b46b-327ea4338599,2026-09-10T17:00:00Z,2026-09-10T19:00:00+0200,263.219,MW,DK1,DK_1,actual_onshore_wind_generation,Wind Onshore,2026-09-16T23:24:00Z
2026-09-16T23:22:26Z,2026-09-17T01:22:26+0200,5d77c48a-cbec-4d84-b46b-327ea4338599,2026-09-10T17:15:00Z,2026-09-10T19:15:00+0200,231.663,MW,DK1,DK_1,actual_onshore_wind_generation,Wind Onshore,2026-09-16T23:24:00Z
2026-09-16T23:22:26Z,2026-09-17T01:22:26+0200,5d77c48a-cbec-4d84-b46b-327ea4338599,2026-09-10T17:30:00Z,2026-09-10T19:30:00+0200,187.303,MW,DK1,DK_1,actual_onshore_wind_generation,Wind Onshore,2026-09-16T23:24:00Z
2026-09-16T23:22:26Z,2026-09-17T01:22:26+0200,5d77c48a-cbec-4d84-b46b-327ea4338599,2026-09-10T17:45:00Z,2026-09-10T19:45:00+0200,188.537,MW,DK1,DK_1,actual_onshore_wind_generation,Wind Onshore,2026-09-16T23:24:00Z
2026-09-16T23:22:26Z,2026-09-17T01:22:26+0200,5d77c48a-cbec-4d84-b46b-327ea4338599,2026-09-10T18:00:00Z,2026-09-10T20:00:00+0200,204.752,MW,DK1,DK_1,actual_onshore_wind_generation,Wind Onshore,2026-09-16T23:24:00Z
2026-09-16T23:22:26Z,2026-09-17T01:22:26+0200,5d77c48a-cbec-4d84-b46b-327ea4338599,2026-09-10T18:15:00Z,2026-09-10T20:15:00+0200,219.287,MW,DK1,DK_1,actual_onshore_wind_generation,Wind Onshore,2026-09-16T23:24:00Z
2026-09-16T23:22:26Z,2026-09-17T01:22:26+0200,5d77c48a-cbec-4d84-b46b-327ea4338599,2026-09-10T18:30:00Z,2026-09-10T20:30:00+0200,231.923,MW,DK1,DK_1,actual_onshore_wind_generation,Wind Onshore,2026-09-16T23:24:00Z
2026-09-16T23:22:26Z,2026-09-17T01:22:26+0200,5d77c48a-cbec-4d84-b46b-327ea4338599,2026-09-10T18:45:00Z,2026-09-10T20:45:00+0200,235.047,MW,DK1,DK_1,actual_onshore_wind_generation,Wind Onshore,2026-09-16T23:24:00Z
2026-09-16T23:22:26Z,2026-09-17T01:22:26+0200,5d77c48a-cbec-4d84-b46b-327ea4338599,2026-09-10T19:00:00Z,2026-09-10T21:00:00+0200,246.042,MW,DK1,DK_1,actual_onshore_wind_generation,Wind Onshore,2026-09-16T23:24:00Z
2026-09-16T23:22:26Z,2026-09-17T01:22:26+0200,5d77c48a-cbec-4d84-b46b-327ea4338599,2026-09-10T19:15:00Z,2026-09-10T21:15:00+0200,284.123,MW,DK1,DK_1,actual_onshore_wind_generation,Wind Onshore,2026-09-16T23:24:00Z
2026-09-16T23:22:26Z,2026-09-17T01:22:26+0200,5d77c48a-cbec-4d84-b46b-327ea4338599,2026-09-10T19:30:00Z,2026-09-10T21:30:00+0200,323.522,MW,DK1,DK_1,actual_onshore_wind_generation,Wind Onshore,2026-09-16T23:24:00Z
2026-09-16T23:22:26Z,2026-09-17T01:22:26+0200,5d77c48a-cbec-4d84-b46b-327ea4338599,2026-09-10T19:45:00Z,2026-09-10T21:45:00+0200,370.725,MW,DK1,DK_1,actual_onshore_wind_generation,Wind Onshore,2026-09-16T23:24:00Z
2026-09-16T23:22:26Z,2026-09-17T01:22:26+0200,5d77c48a-cbec-4d84-b46b-327ea4338599,2026-09-10T20:00:00Z,2026-09-10T22:00:00+0200,406.199,MW,DK1,DK_1,actual_onshore_wind_generation,Wind Onshore,2026-09-16T23:24:00Z
2026-09-16T23:22:26Z,2026-09-17T01:22:26+0200,5d77c48a-cbec-4d84-b46b-327ea4338599,2026-09-10T20:15:00Z,2026-09-10T22:15:00+0200,450.171,MW,DK1,DK_1,actual_onshore_wind_generation,Wind Onshore,2026-09-16T23:24:00Z
2026-09-16T23:22:26Z,2026-09-17T01:22:26+0200,5d77c48a-cbec-4d84-b46b-327ea4338599,2026-09-10T20:30:00Z,2026-09-10T22:30:00+0200,473.652,MW,DK1,DK_1,actual_onshore_wind_generation,Wind Onshore,2026-09-16T23:24:00Z
2026-09-16T23:22:26Z,2026-09-17T01:22:26+0200,5d77c48a-cbec-4d84-b46b-327ea4338599,2026-09-10T20:45:00Z,2026-09-10T22:45:00+0200,513.211,MW,DK1,DK_1,actual_onshore_wind_generation,Wind Onshore,2026-09-16T23:24:00Z
2026-09-16T23:22:26Z,2026-09-17T01:22:26+0200,5d77c48a-cbec-4d84-b46b-327ea4338599,2026-09-10T21:00:00Z,2026-09-10T23:00:00+0200,567.133,MW,DK1,DK_1,actual_onshore_wind_generation,Wind Onshore,2026-09-16T23:24:00Z
2026-09-16T23:22:26Z,2026-09-17T01:22:26+0200,5d77c48a-cbec-4d84-b46b-327ea4338599,2026-09-10T21:15:00Z,2026-09-10T23:15:00+0200,610.296,MW,DK1,DK_1,actual_onshore_wind_generation,Wind Onshore,2026-09-16T23:24:00Z
2026-09-16T23:22:26Z,2026-09-17T01:22:26+0200,5d77c48a-cbec-4d84-b46b-327ea4338599,2026-09-10T21:30:00Z,2026-09-10T23:30:00+0200,649.226,MW,DK1,DK_1,actual_onshore_wind_generation,Wind Onshore,2026-09-16T23:24:00Z
2026-09-16T23:22:26Z,2026-09-17T01:22:26+0200,5d77c48a-cbec-4d84-b46b-327ea4338599,2026-09-10T21:45:00Z,2026-09-10T23:45:00+0200,695.936,MW,DK1,DK_1,actual_onshore_wind_generation,Wind Onshore,2026-09-16T23:24:00Z
2026-09-16T23:22:26Z,2026-09-17T01:22:26+0200,5d77c48a-cbec-4d84-b46b-327ea4338599,2026-09-10T22:00:00Z,2026-09-11T00:00:00+0200,751.144,MW,DK1,DK_1,actual_onshore_wind_generation,Wind Onshore,2026-09-16T23:24:00Z
2026-09-16T23:22:26Z,2026-09-17T01:22:26+0200,5d77c48a-cbec-4d84-b46b-327ea4338599,2026-09-10T22:15:00Z,2026-09-11T00:15:00+0200,800.026,MW,DK1,DK_1,actual_onshore_wind_generation,Wind Onshore,2026-09-16T23:24:00Z
2026-09-16T23:22:26Z,2026-09-17T01:22:26+0200,5d77c48a-cbec-4d84-b46b-327ea4338599,2026-09-10T22:30:00Z,2026-09-11T00:30:00+0200,844.215,MW,DK1,DK_1,actual_onshore_wind_generation,Wind Onshore,2026-09-16T23:24:00Z
2026-09-16T23:22:26Z,2026-09-17T01:22:26+0200,5d77c48a-cbec-4d84-b46b-327ea4338599,2026-09-10T22:45:00Z,2026-09-11T00:45:00+0200,860.369,MW,DK1,DK_1,actual_onshore_wind_generation,Wind Onshore,2026-09-16T23:24:00Z
2026-09-16T23:22:26Z,2026-09-17T01:22:26+0200,5d77c48a-cbec-4d84-b46b-327ea4338599,2026-09-10T23:00:00Z,2026-09-11T01:00:00+0200,896.467,MW,DK1,DK_1,actual_onshore_wind_generation,Wind Onshore,2026-09-16T23:24:00Z
2026-09-16T23:22:26Z,2026-09-17T01:22:26+0200,5d77c48a-cbec-4d84-b46b-327ea4338599,2026-09-10T23:15:00Z,2026-09-11T01:15:00+0200,928.159,MW,DK1,DK_1,actual_onshore_wind_generation,Wind Onshore,2026-09-16T23:24:00Z
2026-09-16T23:22:26Z,2026-09-17T01:22:26+0200,5d77c48a-cbec-4d84-b46b-327ea4338599,2026-09-10T23:30:00Z,2026-09-11T01:30:00+0200,955.52,MW,DK1,DK_1,actual_onshore_wind_generation,Wind Onshore,2026-09-16T23:24:00Z
2026-09-16T23:22:26Z,2026-09-17T01:22:26+0200,5d77c48a-cbec-4d84-b46b-327ea4338599,2026-09-10T23:45:00Z,2026-09-11T01:45:00+0200,981.902,MW,DK1,DK_1,actual_onshore_wind_generation,Wind Onshore,2026-09-16T23:24:00Z
2026-09-16T23:22:26Z,2026-09-17T01:22:26+0200,5d77c48a-cbec-4d84-b46b-327ea4338599,2026-09-11T00:00:00Z,2026-09-11T02:00:00+0200,995.759,MW,DK1,DK_1,actual_onshore_wind_generation,Wind Onshore,2026-09-16T23:24:00Z
2026-09-16T23:22:26Z,2026-09-17T01:22:26+0200,5d77c48a-cbec-4d84-b46b-327ea4338599,2026-09-11T00:15:00Z,2026-09-11T02:15:00+0200,1025.25,MW,DK1,DK_1,actual_onshore_wind_generation,Wind Onshore,2026-09-16T23:24:00Z
2026-09-16T23:22:26Z,2026-09-17T01:22:26+0200,5d77c48a-cbec-4d84-b46b-327ea4338599,2026-09-11T00:30:00Z,2026-09-11T02:30:00+0200,1045.75,MW,DK1,DK_1,actual_onshore_wind_generation,Wind Onshore,2026-09-16T23:24:00Z
2026-09-16T23:22:26Z,2026-09-17T01:22:26+0200,5d77c48a-cbec-4d84-b46b-327ea4338599,2026-09-11T00:45:00Z,2026-09-11T02:45:00+0200,1054.33,MW,DK1,DK_1,actual_onshore_wind_generation,Wind Onshore,2026-09-16T23:24:00Z
2026-09-16T23:22:26Z,2026-09-17T01:22:26+0200,5d77c48a-cbec-4d84-b46b-327ea4338599,2026-09-11T01:00:00Z,2026-09-11T03:00:00+0200,1084.29,MW,DK1,DK_1,actual_onshore_wind_generation,Wind Onshore,2026-09-16T23:24:00Z
2026-09-16T23:22:26Z,2026-09-17T01:22:26+0200,5d77c48a-cbec-4d84-b46b-327ea4338599,2026-09-11T01:15:00Z,2026-09-11T03:15:00+0200,1110.8,MW,DK1,DK_1,actual_onshore_wind_generation,Wind Onshore,2026-09-16T23:24:00Z
2026-09-16T23:22:26Z,2026-09-17T01:22:26+0200,5d77c48a-cbec-4d84-b46b-327ea4338599,2026-09-11T01:30:00Z,2026-09-11T03:30:00+0200,1147.04,MW,DK1,DK_1,actual_onshore_wind_generation,Wind Onshore,2026-09-16T23:24:00Z
2026-09-16T23:22:26Z,2026-09-17T01:22:26+0200,5d77c48a-cbec-4d84-b46b-327ea4338599,2026-09-11T01:45:00Z,2026-09-11T03:45:00+0200,1197.02,MW,DK1,DK_1,actual_onshore_wind_generation,Wind Onshore,2026-09-16T23:24:00Z
2026-09-16T23:22:26Z,2026-09-17T01:22:26+0200,5d77c48a-cbec-4d84-b46b-327ea4338599,2026-09-11T02:00:00Z,2026-09-11T04:00:00+0200,1199.47,MW,DK1,DK_1,actual_onshore_wind_generation,Wind Onshore,2026-09-16T23:24:00Z
2026-09-16T23:22:26Z,2026-09-17T01:22:26+0200,5d77c48a-cbec-4d84-b46b-327ea4338599,2026-09-11T02:15:00Z,2026-09-11T04:15:00+0200,1216.11,MW,DK1,DK_1,actual_onshore_wind_generation,Wind Onshore,2026-09-16T23:24:00Z
2026-09-16T23:22:26Z,2026-09-17T01:22:26+0200,5d77c48a-cbec-4d84-b46b-327ea4338599,2026-09-11T02:30:00Z,2026-09-11T04:30:00+0200,1245.67,MW,DK1,DK_1,actual_onshore_wind_generation,Wind Onshore,2026-09-16T23:24:00Z
2026-09-16T23:22:26Z,2026-09-17T01:22:26+0200,5d77c48a-cbec-4d84-b46b-327ea4338599,2026-09-11T02:45:00Z,2026-09-11T04:45:00+0200,1311.08,MW,DK1,DK_1,actual_onshore_wind_generation,Wind Onshore,2026-09-16T23:24:00Z
2026-09-16T23:22:26Z,2026-09-17T01:22:26+0200,5d77c48a-cbec-4d84-b46b-327ea4338599,2026-09-11T03:00:00Z,2026-09-11T05:00:00+0200,1364.08,MW,DK1,DK_1,actual_onshore_wind_generation,Wind Onshore,2026-09-16T23:24:00Z
2026-09-16T23:22:26Z,2026-09-17T01:22:26+0200,5d77c48a-cbec-4d84-b46b-327ea4338599,2026-09-11T03:15:00Z,2026-09-11T05:15:00+0200,1327.39,MW,DK1,DK_1,actual_onshore_wind_generation,Wind Onshore,2026-09-16T23:24:00Z
2026-09-16T23:22:26Z,2026-09-17T01:22:26+0200,5d77c48a-cbec-4d84-b46b-327ea4338599,2026-09-11T03:30:00Z,2026-09-11T05:30:00+0200,1306.48,MW,DK1,DK_1,actual_onshore_wind_generation,Wind Onshore,2026-09-16T23:24:00Z
2026-09-16T23:22:26Z,2026-09-17T01:22:26+0200,5d77c48a-cbec-4d84-b46b-327ea4338599,2026-09-11T03:45:00Z,2026-09-11T05:45:00+0200,1295.39,MW,DK1,DK_1,actual_onshore_wind_generation,Wind Onshore,2026-09-16T23:24:00Z
2026-09-16T23:22:26Z,2026-09-17T01:22:26+0200,5d77c48a-cbec-4d84-b46b-327ea4338599,2026-09-11T04:00:00Z,2026-09-11T06:00:00+0200,1270.45,MW,DK1,DK_1,actual_onshore_wind_generation,Wind Onshore,2026-09-16T23:24:00Z
2026-09-16T23:22:26Z,2026-09-17T01:22:26+0200,5d77c48a-cbec-4d84-b46b-327ea4338599,2026-09-11T04:15:00Z,2026-09-11T06:15:00+0200,1307.85,MW,DK1,DK_1,actual_onshore_wind_generation,Wind Onshore,2026-09-16T23:24:00Z
2026-09-16T23:22:26Z,2026-09-17T01:22:26+0200,5d77c48a-cbec-4d84-b46b-327ea4338599,2026-09-11T04:30:00Z,2026-09-11T06:30:00+0200,1284.69,MW,DK1,DK_1,actual_onshore_wind_generation,Wind Onshore,2026-09-16T23:24:00Z
2026-09-16T23:22:26Z,2026-09-17T01:22:26+0200,5d77c48a-cbec-4d84-b46b-327ea4338599,2026-09-11T04:45:00Z,2026-09-11T06:45:00+0200,1258.64,MW,DK1,DK_1,actual_onshore_wind_generation,Wind Onshore,2026-09-16T23:24:00Z
2026-09-16T23:22:26Z,2026-09-17T01:22:26+0200,5d77c48a-cbec-4d84-b46b-327ea4338599,2026-09-11T05:00:00Z,2026-09-11T07:00:00+0200,1254.58,MW,DK1,DK_1,actual_onshore_wind_generation,Wind Onshore,2026-09-16T23:24:00Z
2026-09-16T23:22:26Z,2026-09-17T01:22:26+0200,5d77c48a-cbec-4d84-b46b-327ea4338599,2026-09-11T05:15:00Z,2026-09-11T07:15:00+0200,1194.76,MW,DK1,DK_1,actual_onshore_wind_generation,Wind Onshore,2026-09-16T23:24:00Z
2026-09-16T23:22:26Z,2026-09-17T01:22:26+0200,5d77c48a-cbec-4d84-b46b-327ea4338599,2026-09-11T05:30:00Z,2026-09-11T07:30:00+0200,1178.62,MW,DK1,DK_1,actual_onshore_wind_generation,Wind Onshore,2026-09-16T23:24:00Z
2026-09-16T23:22:26Z,2026-09-17T01:22:26+0200,5d77c48a-cbec-4d84-b46b-327ea4338599,2026-09-11T05:45:00Z,2026-09-11T07:45:00+0200,1185.58,MW,DK1,DK_1,actual_onshore_wind_generation,Wind Onshore,2026-09-16T23:24:00Z
2026-09-16T23:22:26Z,2026-09-17T01:22:26+0200,5d77c48a-cbec-4d84-b46b-327ea4338599,2026-09-11T06:00:00Z,2026-09-11T08:00:00+0200,1170.39,MW,DK1,DK_1,actual_onshore_wind_generation,Wind Onshore,2026-09-16T23:24:00Z
2026-09-16T23:22:26Z,2026-09-17T01:22:26+0200,5d77c48a-cbec-4d84-b46b-327ea4338599,2026-09-11T06:15:00Z,2026-09-11T08:15:00+0200,1109.47,MW,DK1,DK_1,actual_onshore_wind_generation,Wind Onshore,2026-09-16T23:24:00Z
2026-09-16T23:22:26Z,2026-09-17T01:22:26+0200,5d77c48a-cbec-4d84-b46b-327ea4338599,2026-09-11T06:30:00Z,2026-09-11T08:30:00+0200,1089.88,MW,DK1,DK_1,actual_onshore_wind_generation,Wind Onshore,2026-09-16T23:24:00Z
2026-09-16T23:22:26Z,2026-09-17T01:22:26+0200,5d77c48a-cbec-4d84-b46b-327ea4338599,2026-09-11T06:45:00Z,2026-09-11T08:45:00+0200,1064.5,MW,DK1,DK_1,actual_onshore_wind_generation,Wind Onshore,2026-09-16T23:24:00Z
2026-09-16T23:22:26Z,2026-09-17T01:22:26+0200,5d77c48a-cbec-4d84-b46b-327ea4338599,2026-09-11T07:00:00Z,2026-09-11T09:00:00+0200,1022.56,MW,DK1,DK_1,actual_onshore_wind_generation,Wind Onshore,2026-09-16T23:24:00Z
2026-09-16T23:22:26Z,2026-09-17T01:22:26+0200,5d77c48a-cbec-4d84-b46b-327ea4338599,2026-09-11T07:15:00Z,2026-09-11T09:15:00+0200,1034.42,MW,DK1,DK_1,actual_onshore_wind_generation,Wind Onshore,2026-09-16T23:24:00Z
2026-09-16T23:22:26Z,2026-09-17T01:22:26+0200,5d77c48a-cbec-4d84-b46b-327ea4338599,2026-09-11T07:30:00Z,2026-09-11T09:30:00+0200,1047.9,MW,DK1,DK_1,actual_onshore_wind_generation,Wind Onshore,2026-09-16T23:24:00Z
2026-09-16T23:22:26Z,2026-09-17T01:22:26+0200,5d77c48a-cbec-4d84-b46b-327ea4338599,2026-09-11T07:45:00Z,2026-09-11T09:45:00+0200,1095.86,MW,DK1,DK_1,actual_onshore_wind_generation,Wind Onshore,2026-09-16T23:24:00Z
2026-09-16T23:22:26Z,2026-09-17T01:22:26+0200,5d77c48a-cbec-4d84-b46b-327ea4338599,2026-09-11T08:00:00Z,2026-09-11T10:00:00+0200,1145.96,MW,DK1,DK_1,actual_onshore_wind_generation,Wind Onshore,2026-09-16T23:24:00Z
2026-09-16T23:22:26Z,2026-09-17T01:22:26+0200,5d77c48a-cbec-4d84-b46b-327ea4338599,2026-09-11T08:15:00Z,2026-09-11T10:15:00+0200,1176.51,MW,DK1,DK_1,actual_onshore_wind_generation,Wind Onshore,2026-09-16T23:24:00Z
2026-09-16T23:22:26Z,2026-09-17T01:22:26+0200,5d77c48a-cbec-4d84-b46b-327ea4338599,2026-09-11T08:30:00Z,2026-09-11T10:30:00+0200,1168.12,MW,DK1,DK_1,actual_onshore_wind_generation,Wind Onshore,2026-09-16T23:24:00Z
2026-09-16T23:22:26Z,2026-09-17T01:22:26+0200,5d77c48a-cbec-4d84-b46b-327ea4338599,2026-09-11T08:45:00Z,2026-09-11T10:45:00+0200,1197.42,MW,DK1,DK_1,actual_onshore_wind_generation,Wind Onshore,2026-09-16T23:24:00Z
2026-09-16T23:22:26Z,2026-09-17T01:22:26+0200,5d77c48a-cbec-4d84-b46b-327ea4338599,2026-09-11T09:00:00Z,2026-09-11T11:00:00+0200,1183.51,MW,DK1,DK_1,actual_onshore_wind_generation,Wind Onshore,2026-09-16T23:24:00Z
2026-09-16T23:22:26Z,2026-09-17T01:22:26+0200,5d77c48a-cbec-4d84-b46b-327ea4338599,2026-09-11T09:15:00Z,2026-09-11T11:15:00+0200,1219.36,MW,DK1,DK_1,actual_onshore_wind_generation,Wind Onshore,2026-09-16T23:24:00Z
2026-09-16T23:22:26Z,2026-09-17T01:22:26+0200,5d77c48a-cbec-4d84-b46b-327ea4338599,2026-09-11T09:30:00Z,2026-09-11T11:30:00+0200,1309.04,MW,DK1,DK_1,actual_onshore_wind_generation,Wind Onshore,2026-09-16T23:24:00Z
2026-09-16T23:22:26Z,2026-09-17T01:22:26+0200,5d77c48a-cbec-4d84-b46b-327ea4338599,2026-09-11T09:45:00Z,2026-09-11T11:45:00+0200,1370.6,MW,DK1,DK_1,actual_onshore_wind_generation,Wind Onshore,2026-09-16T23:24:00Z
2026-09-16T23:22:26Z,2026-09-17T01:22:26+0200,5d77c48a-cbec-4d84-b46b-327ea4338599,2026-09-11T10:00:00Z,2026-09-11T12:00:00+0200,1382.54,MW,DK1,DK_1,actual_onshore_wind_generation,Wind Onshore,2026-09-16T23:24:00Z
2026-09-16T23:22:26Z,2026-09-17T01:22:26+0200,5d77c48a-cbec-4d84-b46b-327ea4338599,2026-09-11T10:15:00Z,2026-09-11T12:15:00+0200,1399.8,MW,DK1,DK_1,actual_onshore_wind_generation,Wind Onshore,2026-09-16T23:24:00Z
2026-09-16T23:22:26Z,2026-09-17T01:22:26+0200,5d77c48a-cbec-4d84-b46b-327ea4338599,2026-09-11T10:30:00Z,2026-09-11T12:30:00+0200,1390.51,MW,DK1,DK_1,actual_onshore_wind_generation,Wind Onshore,2026-09-16T23:24:00Z
2026-09-16T23:22:26Z,2026-09-17T01:22:26+0200,5d77c48a-cbec-4d84-b46b-327ea4338599,2026-09-11T10:45:00Z,2026-09-11T12:45:00+0200,1366.29,MW,DK1,DK_1,actual_onshore_wind_generation,Wind Onshore,2026-09-16T23:24:00Z
2026-09-16T23:22:26Z,2026-09-17T01:22:26+0200,5d77c48a-cbec-4d84-b46b-327ea4338599,2026-09-11T11:00:00Z,2026-09-11T13:00:00+0200,1393.44,MW,DK1,DK_1,actual_onshore_wind_generation,Wind Onshore,2026-09-16T23:24:00Z
2026-09-16T23:22:26Z,2026-09-17T01:22:26+0200,5d77c48a-cbec-4d84-b46b-327ea4338599,2026-09-11T11:15:00Z,2026-09-11T13:15:00+0200,1395.7,MW,DK1,DK_1,actual_onshore_wind_generation,Wind Onshore,2026-09-16T23:24:00Z
2026-09-16T23:22:26Z,2026-09-17T01:22:26+0200,5d77c48a-cbec-4d84-b46b-327ea4338599,2026-09-11T11:30:00Z,2026-09-11T13:30:00+0200,1328.82,MW,DK1,DK_1,actual_onshore_wind_generation,Wind Onshore,2026-09-16T23:24:00Z
2026-09-16T23:22:26Z,2026-09-17T01:22:26+0200,5d77c48a-cbec-4d84-b46b-327ea4338599,2026-09-11T11:45:00Z,2026-09-11T13:45:00+0200,1371.76,MW,DK1,DK_1,actual_onshore_wind_generation,Wind Onshore,2026-09-16T23:24:00Z
2026-09-16T23:22:26Z,2026-09-17T01:22:26+0200,5d77c48a-cbec-4d84-b46b-327ea4338599,2026-09-11T12:00:00Z,2026-09-11T14:00:00+0200,1391.15,MW,DK1,DK_1,actual_onshore_wind_generation,Wind Onshore,2026-09-16T23:24:00Z
2026-09-16T23:22:26Z,2026-09-17T01:22:26+0200,5d77c48a-cbec-4d84-b46b-327ea4338599,2026-09-11T12:15:00Z,2026-09-11T14:15:00+0200,1382.37,MW,DK1,DK_1,actual_onshore_wind_generation,Wind Onshore,2026-09-16T23:24:00Z
2026-09-16T23:22:26Z,2026-09-17T01:22:26+0200,5d77c48a-cbec-4d84-b46b-327ea4338599,2026-09-11T12:30:00Z,2026-09-11T14:30:00+0200,1324.17,MW,DK1,DK_1,actual_onshore_wind_generation,Wind Onshore,2026-09-16T23:24:00Z
2026-09-16T23:22:26Z,2026-09-17T01:22:26+0200,5d77c48a-cbec-4d84-b46b-327ea4338599,2026-09-11T12:45:00Z,2026-09-11T14:45:00+0200,1272.8,MW,DK1,DK_1,actual_onshore_wind_generation,Wind Onshore,2026-09-16T23:24:00Z
2026-09-16T23:22:26Z,2026-09-17T01:22:26+0200,5d77c48a-cbec-4d84-b46b-327ea4338599,2026-09-11T13:00:00Z,2026-09-11T15:00:00+0200,1287.84,MW,DK1,DK_1,actual_onshore_wind_generation,Wind Onshore,2026-09-16T23:24:00Z
2026-09-16T23:22:26Z,2026-09-17T01:22:26+0200,5d77c48a-cbec-4d84-b46b-327ea4338599,2026-09-11T13:15:00Z,2026-09-11T15:15:00+0200,1189.72,MW,DK1,DK_1,actual_onshore_wind_generation,Wind Onshore,2026-09-16T23:24:00Z
2026-09-16T23:22:26Z,2026-09-17T01:22:26+0200,5d77c48a-cbec-4d84-b46b-327ea4338599,2026-09-11T13:30:00Z,2026-09-11T15:30:00+0200,1126.03,MW,DK1,DK_1,actual_onshore_wind_generation,Wind Onshore,2026-09-16T23:24:00Z
2026-09-16T23:22:26Z,2026-09-17T01:22:26+0200,5d77c48a-cbec-4d84-b46b-327ea4338599,2026-09-11T13:45:00Z,2026-09-11T15:45:00+0200,1029.91,MW,DK1,DK_1,actual_onshore_wind_generation,Wind Onshore,2026-09-16T23:24:00Z
2026-09-16T23:22:26Z,2026-09-17T01:22:26+0200,5d77c48a-cbec-4d84-b46b-327ea4338599,2026-09-11T14:00:00Z,2026-09-11T16:00:00+0200,962.552,MW,DK1,DK_1,actual_onshore_wind_generation,Wind Onshore,2026-09-16T23:24:00Z
2026-09-16T23:22:26Z,2026-09-17T01:22:26+0200,5d77c48a-cbec-4d84-b46b-327ea4338599,2026-09-11T14:15:00Z,2026-09-11T16:15:00+0200,894.549,MW,DK1,DK_1,actual_onshore_wind_generation,Wind Onshore,2026-09-16T23:24:00Z
2026-09-16T23:22:26Z,2026-09-17T01:22:26+0200,5d77c48a-cbec-4d84-b46b-327ea4338599,2026-09-11T14:30:00Z,2026-09-11T16:30:00+0200,802.386,MW,DK1,DK_1,actual_onshore_wind_generation,Wind Onshore,2026-09-16T23:24:00Z
2026-09-16T23:22:26Z,2026-09-17T01:22:26+0200,5d77c48a-cbec-4d84-b46b-327ea4338599,2026-09-11T14:45:00Z,2026-09-11T16:45:00+0200,788.672,MW,DK1,DK_1,actual_onshore_wind_generation,Wind Onshore,2026-09-16T23:24:00Z
2026-09-16T23:22:26Z,2026-09-17T01:22:26+0200,5d77c48a-cbec-4d84-b46b-327ea4338599,2026-09-11T15:00:00Z,2026-09-11T17:00:00+0200,680.725,MW,DK1,DK_1,actual_onshore_wind_generation,Wind Onshore,2026-09-16T23:24:00Z
2026-09-16T23:22:26Z,2026-09-17T01:22:26+0200,5d77c48a-cbec-4d84-b46b-327ea4338599,2026-09-11T15:15:00Z,2026-09-11T17:15:00+0200,612.019,MW,DK1,DK_1,actual_onshore_wind_generation,Wind Onshore,2026-09-16T23:24:00Z
2026-09-16T23:22:26Z,2026-09-17T01:22:26+0200,5d77c48a-cbec-4d84-b46b-327ea4338599,2026-09-11T15:30:00Z,2026-09-11T17:30:00+0200,553.709,MW,DK1,DK_1,actual_onshore_wind_generation,Wind Onshore,2026-09-16T23:24:00Z
2026-09-16T23:22:26Z,2026-09-17T01:22:26+0200,5d77c48a-cbec-4d84-b46b-327ea4338599,2026-09-11T15:45:00Z,2026-09-11T17:45:00+0200,498.502,MW,DK1,DK_1,actual_onshore_wind_generation,Wind Onshore,2026-09-16T23:24:00Z
2026-09-16T23:22:26Z,2026-09-17T01:22:26+0200,5d77c48a-cbec-4d84-b46b-327ea4338599,2026-09-11T16:00:00Z,2026-09-11T18:00:00+0200,430.021,MW,DK1,DK_1,actual_onshore_wind_generation,Wind Onshore,2026-09-16T23:24:00Z
2026-09-16T23:22:26Z,2026-09-17T01:22:26+0200,5d77c48a-cbec-4d84-b46b-327ea4338599,2026-09-11T16:15:00Z,2026-09-11T18:15:00+0200,403.949,MW,DK1,DK_1,actual_onshore_wind_generation,Wind Onshore,2026-09-16T23:24:00Z
2026-09-16T23:22:26Z,2026-09-17T01:22:26+0200,5d77c48a-cbec-4d84-b46b-327ea4338599,2026-09-11T16:30:00Z,2026-09-11T18:30:00+0200,348.661,MW,DK1,DK_1,actual_onshore_wind_generation,Wind Onshore,2026-09-16T23:24:00Z
2026-09-16T23:22:26Z,2026-09-17T01:22:26+0200,5d77c48a-cbec-4d84-b46b-327ea4338599,2026-09-11T16:45:00Z,2026-09-11T18:45:00+0200,355.562,MW,DK1,DK_1,actual_onshore_wind_generation,Wind Onshore,2026-09-16T23:24:00Z
2026-09-16T23:22:26Z,2026-09-17T01:22:26+0200,5d77c48a-cbec-4d84-b46b-327ea4338599,2026-09-11T17:00:00Z,2026-09-11T19:00:00+0200,337.031,MW,DK1,DK_1,actual_onshore_wind_generation,Wind Onshore,2026-09-16T23:24:00Z
2026-09-16T23:22:26Z,2026-09-17T01:22:26+0200,5d77c48a-cbec-4d84-b46b-327ea4338599,2026-09-11T17:15:00Z,2026-09-11T19:15:00+0200,322.949,MW,DK1,DK_1,actual_onshore_wind_generation,Wind Onshore,2026-09-16T23:24:00Z
2026-09-16T23:22:26Z,2026-09-17T01:22:26+0200,5d77c48a-cbec-4d84-b46b-327ea4338599,2026-09-11T17:30:00Z,2026-09-11T19:30:00+0200,309.93,MW,DK1,DK_1,actual_onshore_wind_generation,Wind Onshore,2026-09-16T23:24:00Z
2026-09-16T23:22:26Z,2026-09-17T01:22:26+0200,5d77c48a-cbec-4d84-b46b-327ea4338599,2026-09-11T17:45:00Z,2026-09-11T19:45:00+0200,319.696,MW,DK1,DK_1,actual_onshore_wind_generation,Wind Onshore,2026-09-16T23:24:00Z
2026-09-16T23:22:26Z,2026-09-17T01:22:26+0200,5d77c48a-cbec-4d84-b46b-327ea4338599,2026-09-11T18:00:00Z,2026-09-11T20:00:00+0200,325.995,MW,DK1,DK_1,actual_onshore_wind_generation,Wind Onshore,2026-09-16T23:24:00Z
2026-09-16T23:22:26Z,2026-09-17T01:22:26+0200,5d77c48a-cbec-4d84-b46b-327ea4338599,2026-09-11T18:15:00Z,2026-09-11T20:15:00+0200,329.452,MW,DK1,DK_1,actual_onshore_wind_generation,Wind Onshore,2026-09-16T23:24:00Z
2026-09-16T23:22:26Z,2026-09-17T01:22:26+0200,5d77c48a-cbec-4d84-b46b-327ea4338599,2026-09-11T18:30:00Z,2026-09-11T20:30:00+0200,317.226,MW,DK1,DK_1,actual_onshore_wind_generation,Wind Onshore,2026-09-16T23:24:00Z
2026-09-16T23:22:26Z,2026-09-17T01:22:26+0200,5d77c48a-cbec-4d84-b46b-327ea4338599,2026-09-11T18:45:00Z,2026-09-11T20:45:00+0200,330.911,MW,DK1,DK_1,actual_onshore_wind_generation,Wind Onshore,2026-09-16T23:24:00Z
2026-09-16T23:22:26Z,2026-09-17T01:22:26+0200,5d77c48a-cbec-4d84-b46b-327ea4338599,2026-09-11T19:00:00Z,2026-09-11T21:00:00+0200,341.633,MW,DK1,DK_1,actual_onshore_wind_generation,Wind Onshore,2026-09-16T23:24:00Z
2026-09-16T23:22:26Z,2026-09-17T01:22:26+0200,5d77c48a-cbec-4d84-b46b-327ea4338599,2026-09-11T19:15:00Z,2026-09-11T21:15:00+0200,361.675,MW,DK1,DK_1,actual_onshore_wind_generation,Wind Onshore,2026-09-16T23:24:00Z
2026-09-16T23:22:26Z,2026-09-17T01:22:26+0200,5d77c48a-cbec-4d84-b46b-327ea4338599,2026-09-11T19:30:00Z,2026-09-11T21:30:00+0200,384.41,MW,DK1,DK_1,actual_onshore_wind_generation,Wind Onshore,2026-09-16T23:24:00Z
2026-09-16T23:22:26Z,2026-09-17T01:22:26+0200,5d77c48a-cbec-4d84-b46b-327ea4338599,2026-09-11T19:45:00Z,2026-09-11T21:45:00+0200,423.456,MW,DK1,DK_1,actual_onshore_wind_generation,Wind Onshore,2026-09-16T23:24:00Z
2026-09-16T23:22:26Z,2026-09-17T01:22:26+0200,5d77c48a-cbec-4d84-b46b-327ea4338599,2026-09-11T20:00:00Z,2026-09-11T22:00:00+0200,422.027,MW,DK1,DK_1,actual_onshore_wind_generation,Wind Onshore,2026-09-16T23:24:00Z
2026-09-16T23:22:26Z,2026-09-17T01:22:26+0200,5d77c48a-cbec-4d84-b46b-327ea4338599,2026-09-11T20:15:00Z,2026-09-11T22:15:00+0200,399.525,MW,DK1,DK_1,actual_onshore_wind_generation,Wind Onshore,2026-09-16T23:24:00Z
2026-09-16T23:22:26Z,2026-09-17T01:22:26+0200,5d77c48a-cbec-4d84-b46b-327ea4338599,2026-09-11T20:30:00Z,2026-09-11T22:30:00+0200,361.704,MW,DK1,DK_1,actual_onshore_wind_generation,Wind Onshore,2026-09-16T23:24:00Z
2026-09-16T23:22:26Z,2026-09-17T01:22:26+0200,5d77c48a-cbec-4d84-b46b-327ea4338599,2026-09-11T20:45:00Z,2026-09-11T22:45:00+0200,324.114,MW,DK1,DK_1,actual_onshore_wind_generation,Wind Onshore,2026-09-16T23:24:00Z
2026-09-16T23:22:26Z,2026-09-17T01:22:26+0200,5d77c48a-cbec-4d84-b46b-327ea4338599,2026-09-11T21:00:00Z,2026-09-11T23:00:00+0200,331.406,MW,DK1,DK_1,actual_onshore_wind_generation,Wind Onshore,2026-09-16T23:24:00Z
2026-09-16T23:22:26Z,2026-09-17T01:22:26+0200,5d77c48a-cbec-4d84-b46b-327ea4338599,2026-09-11T21:15:00Z,2026-09-11T23:15:00+0200,323.799,MW,DK1,DK_1,actual_onshore_wind_generation,Wind Onshore,2026-09-16T23:24:00Z
2026-09-16T23:22:26Z,2026-09-17T01:22:26+0200,5d77c48a-cbec-4d84-b46b-327ea4338599,2026-09-11T21:30:00Z,2026-09-11T23:30:00+0200,309.79,MW,DK1,DK_1,actual_onshore_wind_generation,Wind Onshore,2026-09-16T23:24:00Z
2026-09-16T23:22:26Z,2026-09-17T01:22:26+0200,5d77c48a-cbec-4d84-b46b-327ea4338599,2026-09-11T21:45:00Z,2026-09-11T23:45:00+0200,283.968,MW,DK1,DK_1,actual_onshore_wind_generation,Wind Onshore,2026-09-16T23:24:00Z
2026-09-16T23:22:26Z,2026-09-17T01:22:26+0200,5d77c48a-cbec-4d84-b46b-327ea4338599,2026-09-11T22:00:00Z,2026-09-12T00:00:00+0200,278.089,MW,DK1,DK_1,actual_onshore_wind_generation,Wind Onshore,2026-09-16T23:24:00Z
2026-09-16T23:22:26Z,2026-09-17T01:22:26+0200,5d77c48a-cbec-4d84-b46b-327ea4338599,2026-09-11T22:15:00Z,2026-09-12T00:15:00+0200,272.462,MW,DK1,DK_1,actual_onshore_wind_generation,Wind Onshore,2026-09-16T23:24:00Z
2026-09-16T23:22:26Z,2026-09-17T01:22:26+0200,5d77c48a-cbec-4d84-b46b-327ea4338599,2026-09-11T22:30:00Z,2026-09-12T00:30:00+0200,275.068,MW,DK1,DK_1,actual_onshore_wind_generation,Wind Onshore,2026-09-16T23:24:00Z
2026-09-16T23:22:26Z,2026-09-17T01:22:26+0200,5d77c48a-cbec-4d84-b46b-327ea4338599,2026-09-11T22:45:00Z,2026-09-12T00:45:00+0200,276.05,MW,DK1,DK_1,actual_onshore_wind_generation,Wind Onshore,2026-09-16T23:24:00Z
2026-09-16T23:22:26Z,2026-09-17T01:22:26+0200,5d77c48a-cbec-4d84-b46b-327ea4338599,2026-09-11T23:00:00Z,2026-09-12T01:00:00+0200,284.329,MW,DK1,DK_1,actual_onshore_wind_generation,Wind Onshore,2026-09-16T23:24:00Z
2026-09-16T23:22:26Z,2026-09-17T01:22:26+0200,5d77c48a-cbec-4d84-b46b-327ea4338599,2026-09-11T23:15:00Z,2026-09-12T01:15:00+0200,313.858,MW,DK1,DK_1,actual_onshore_wind_generation,Wind Onshore,2026-09-16T23:24:00Z
2026-09-16T23:22:26Z,2026-09-17T01:22:26+0200,5d77c48a-cbec-4d84-b46b-327ea4338599,2026-09-11T23:30:00Z,2026-09-12T01:30:00+0200,324.12,MW,DK1,DK_1,actual_onshore_wind_generation,Wind Onshore,2026-09-16T23:24:00Z
2026-09-16T23:22:26Z,2026-09-17T01:22:26+0200,5d77c48a-cbec-4d84-b46b-327ea4338599,2026-09-11T23:45:00Z,2026-09-12T01:45:00+0200,338.228,MW,DK1,DK_1,actual_onshore_wind_generation,Wind Onshore,2026-09-16T23:24:00Z
2026-09-16T23:22:26Z,2026-09-17T01:22:26+0200,5d77c48a-cbec-4d84-b46b-327ea4338599,2026-09-12T00:00:00Z,2026-09-12T02:00:00+0200,369.99,MW,DK1,DK_1,actual_onshore_wind_generation,Wind Onshore,2026-09-16T23:24:00Z
2026-09-16T23:22:26Z,2026-09-17T01:22:26+0200,5d77c48a-cbec-4d84-b46b-327ea4338599,2026-09-12T00:15:00Z,2026-09-12T02:15:00+0200,381.016,MW,DK1,DK_1,actual_onshore_wind_generation,Wind Onshore,2026-09-16T23:24:00Z
2026-09-16T23:22:26Z,2026-09-17T01:22:26+0200,5d77c48a-cbec-4d84-b46b-327ea4338599,2026-09-12T00:30:00Z,2026-09-12T02:30:00+0200,352.579,MW,DK1,DK_1,actual_onshore_wind_generation,Wind Onshore,2026-09-16T23:24:00Z
2026-09-16T23:22:26Z,2026-09-17T01:22:26+0200,5d77c48a-cbec-4d84-b46b-327ea4338599,2026-09-12T00:45:00Z,2026-09-12T02:45:00+0200,338.123,MW,DK1,DK_1,actual_onshore_wind_generation,Wind Onshore,2026-09-16T23:24:00Z
2026-09-16T23:22:26Z,2026-09-17T01:22:26+0200,5d77c48a-cbec-4d84-b46b-327ea4338599,2026-09-12T01:00:00Z,2026-09-12T03:00:00+0200,337.809,MW,DK1,DK_1,actual_onshore_wind_generation,Wind Onshore,2026-09-16T23:24:00Z
2026-09-16T23:22:26Z,2026-09-17T01:22:26+0200,5d77c48a-cbec-4d84-b46b-327ea4338599,2026-09-12T01:15:00Z,2026-09-12T03:15:00+0200,325.724,MW,DK1,DK_1,actual_onshore_wind_generation,Wind Onshore,2026-09-16T23:24:00Z
2026-09-16T23:22:26Z,2026-09-17T01:22:26+0200,5d77c48a-cbec-4d84-b46b-327ea4338599,2026-09-12T01:30:00Z,2026-09-12T03:30:00+0200,295.893,MW,DK1,DK_1,actual_onshore_wind_generation,Wind Onshore,2026-09-16T23:24:00Z
2026-09-16T23:22:26Z,2026-09-17T01:22:26+0200,5d77c48a-cbec-4d84-b46b-327ea4338599,2026-09-12T01:45:00Z,2026-09-12T03:45:00+0200,281.762,MW,DK1,DK_1,actual_onshore_wind_generation,Wind Onshore,2026-09-16T23:24:00Z
2026-09-16T23:22:26Z,2026-09-17T01:22:26+0200,5d77c48a-cbec-4d84-b46b-327ea4338599,2026-09-12T02:00:00Z,2026-09-12T04:00:00+0200,268.766,MW,DK1,DK_1,actual_onshore_wind_generation,Wind Onshore,2026-09-16T23:24:00Z
2026-09-16T23:22:26Z,2026-09-17T01:22:26+0200,5d77c48a-cbec-4d84-b46b-327ea4338599,2026-09-12T02:15:00Z,2026-09-12T04:15:00+0200,272.985,MW,DK1,DK_1,actual_onshore_wind_generation,Wind Onshore,2026-09-16T23:24:00Z
2026-09-16T23:22:26Z,2026-09-17T01:22:26+0200,5d77c48a-cbec-4d84-b46b-327ea4338599,2026-09-12T02:30:00Z,2026-09-12T04:30:00+0200,280.019,MW,DK1,DK_1,actual_onshore_wind_generation,Wind Onshore,2026-09-16T23:24:00Z
2026-09-16T23:22:26Z,2026-09-17T01:22:26+0200,5d77c48a-cbec-4d84-b46b-327ea4338599,2026-09-12T02:45:00Z,2026-09-12T04:45:00+0200,287.444,MW,DK1,DK_1,actual_onshore_wind_generation,Wind Onshore,2026-09-16T23:24:00Z
2026-09-16T23:22:26Z,2026-09-17T01:22:26+0200,5d77c48a-cbec-4d84-b46b-327ea4338599,2026-09-12T03:00:00Z,2026-09-12T05:00:00+0200,282.307,MW,DK1,DK_1,actual_onshore_wind_generation,Wind Onshore,2026-09-16T23:24:00Z
2026-09-16T23:22:26Z,2026-09-17T01:22:26+0200,5d77c48a-cbec-4d84-b46b-327ea4338599,2026-09-12T03:15:00Z,2026-09-12T05:15:00+0200,286.103,MW,DK1,DK_1,actual_onshore_wind_generation,Wind Onshore,2026-09-16T23:24:00Z
2026-09-16T23:22:26Z,2026-09-17T01:22:26+0200,5d77c48a-cbec-4d84-b46b-327ea4338599,2026-09-12T03:30:00Z,2026-09-12T05:30:00+0200,287.34,MW,DK1,DK_1,actual_onshore_wind_generation,Wind Onshore,2026-09-16T23:24:00Z
2026-09-16T23:22:26Z,2026-09-17T01:22:26+0200,5d77c48a-cbec-4d84-b46b-327ea4338599,2026-09-12T03:45:00Z,2026-09-12T05:45:00+0200,275.615,MW,DK1,DK_1,actual_onshore_wind_generation,Wind Onshore,2026-09-16T23:24:00Z
2026-09-16T23:22:26Z,2026-09-17T01:22:26+0200,5d77c48a-cbec-4d84-b46b-327ea4338599,2026-09-12T04:00:00Z,2026-09-12T06:00:00+0200,266.635,MW,DK1,DK_1,actual_onshore_wind_generation,Wind Onshore,2026-09-16T23:24:00Z
2026-09-16T23:22:26Z,2026-09-17T01:22:26+0200,5d77c48a-cbec-4d84-b46b-327ea4338599,2026-09-12T04:15:00Z,2026-09-12T06:15:00+0200,261.876,MW,DK1,DK_1,actual_onshore_wind_generation,Wind Onshore,2026-09-16T23:24:00Z
2026-09-16T23:22:26Z,2026-09-17T01:22:26+0200,5d77c48a-cbec-4d84-b46b-327ea4338599,2026-09-12T04:30:00Z,2026-09-12T06:30:00+0200,252.41,MW,DK1,DK_1,actual_onshore_wind_generation,Wind Onshore,2026-09-16T23:24:00Z
2026-09-16T23:22:26Z,2026-09-17T01:22:26+0200,5d77c48a-cbec-4d84-b46b-327ea4338599,2026-09-12T04:45:00Z,2026-09-12T06:45:00+0200,242.012,MW,DK1,DK_1,actual_onshore_wind_generation,Wind Onshore,2026-09-16T23:24:00Z
2026-09-16T23:22:26Z,2026-09-17T01:22:26+0200,5d77c48a-cbec-4d84-b46b-327ea4338599,2026-09-12T05:00:00Z,2026-09-12T07:00:00+0200,240.618,MW,DK1,DK_1,actual_onshore_wind_generation,Wind Onshore,2026-09-16T23:24:00Z
2026-09-16T23:22:26Z,2026-09-17T01:22:26+0200,5d77c48a-cbec-4d84-b46b-327ea4338599,2026-09-12T05:15:00Z,2026-09-12T07:15:00+0200,250.379,MW,DK1,DK_1,actual_onshore_wind_generation,Wind Onshore,2026-09-16T23:24:00Z
2026-09-16T23:22:26Z,2026-09-17T01:22:26+0200,5d77c48a-cbec-4d84-b46b-327ea4338599,2026-09-12T05:30:00Z,2026-09-12T07:30:00+0200,262.419,MW,DK1,DK_1,actual_onshore_wind_generation,Wind Onshore,2026-09-16T23:24:00Z
2026-09-16T23:22:26Z,2026-09-17T01:22:26+0200,5d77c48a-cbec-4d84-b46b-327ea4338599,2026-09-12T05:45:00Z,2026-09-12T07:45:00+0200,260.083,MW,DK1,DK_1,actual_onshore_wind_generation,Wind Onshore,2026-09-16T23:24:00Z
2026-09-16T23:22:26Z,2026-09-17T01:22:26+0200,5d77c48a-cbec-4d84-b46b-327ea4338599,2026-09-12T06:00:00Z,2026-09-12T08:00:00+0200,263.464,MW,DK1,DK_1,actual_onshore_wind_generation,Wind Onshore,2026-09-16T23:24:00Z
2026-09-16T23:22:26Z,2026-09-17T01:22:26+0200,5d77c48a-cbec-4d84-b46b-327ea4338599,2026-09-12T06:15:00Z,2026-09-12T08:15:00+0200,255.097,MW,DK1,DK_1,actual_onshore_wind_generation,Wind Onshore,2026-09-16T23:24:00Z
2026-09-16T23:22:26Z,2026-09-17T01:22:26+0200,5d77c48a-cbec-4d84-b46b-327ea4338599,2026-09-12T06:30:00Z,2026-09-12T08:30:00+0200,245.907,MW,DK1,DK_1,actual_onshore_wind_generation,Wind Onshore,2026-09-16T23:24:00Z
2026-09-16T23:22:26Z,2026-09-17T01:22:26+0200,5d77c48a-cbec-4d84-b46b-327ea4338599,2026-09-12T06:45:00Z,2026-09-12T08:45:00+0200,234.703,MW,DK1,DK_1,actual_onshore_wind_generation,Wind Onshore,2026-09-16T23:24:00Z
2026-09-16T23:22:26Z,2026-09-17T01:22:26+0200,5d77c48a-cbec-4d84-b46b-327ea4338599,2026-09-12T07:00:00Z,2026-09-12T09:00:00+0200,226.32,MW,DK1,DK_1,actual_onshore_wind_generation,Wind Onshore,2026-09-16T23:24:00Z
2026-09-16T23:22:26Z,2026-09-17T01:22:26+0200,5d77c48a-cbec-4d84-b46b-327ea4338599,2026-09-12T07:15:00Z,2026-09-12T09:15:00+0200,203.803,MW,DK1,DK_1,actual_onshore_wind_generation,Wind Onshore,2026-09-16T23:24:00Z
2026-09-16T23:22:26Z,2026-09-17T01:22:26+0200,5d77c48a-cbec-4d84-b46b-327ea4338599,2026-09-12T07:30:00Z,2026-09-12T09:30:00+0200,204.288,MW,DK1,DK_1,actual_onshore_wind_generation,Wind Onshore,2026-09-16T23:24:00Z
2026-09-16T23:22:26Z,2026-09-17T01:22:26+0200,5d77c48a-cbec-4d84-b46b-327ea4338599,2026-09-12T07:45:00Z,2026-09-12T09:45:00+0200,226.944,MW,DK1,DK_1,actual_onshore_wind_generation,Wind Onshore,2026-09-16T23:24:00Z
2026-09-16T23:22:26Z,2026-09-17T01:22:26+0200,5d77c48a-cbec-4d84-b46b-327ea4338599,2026-09-12T08:00:00Z,2026-09-12T10:00:00+0200,251.852,MW,DK1,DK_1,actual_onshore_wind_generation,Wind Onshore,2026-09-16T23:24:00Z
2026-09-16T23:22:26Z,2026-09-17T01:22:26+0200,5d77c48a-cbec-4d84-b46b-327ea4338599,2026-09-12T08:15:00Z,2026-09-12T10:15:00+0200,293.208,MW,DK1,DK_1,actual_onshore_wind_generation,Wind Onshore,2026-09-16T23:24:00Z
2026-09-16T23:22:26Z,2026-09-17T01:22:26+0200,5d77c48a-cbec-4d84-b46b-327ea4338599,2026-09-12T08:30:00Z,2026-09-12T10:30:00+0200,332.856,MW,DK1,DK_1,actual_onshore_wind_generation,Wind Onshore,2026-09-16T23:24:00Z
2026-09-16T23:22:26Z,2026-09-17T01:22:26+0200,5d77c48a-cbec-4d84-b46b-327ea4338599,2026-09-12T08:45:00Z,2026-09-12T10:45:00+0200,393.318,MW,DK1,DK_1,actual_onshore_wind_generation,Wind Onshore,2026-09-16T23:24:00Z
2026-09-16T23:22:26Z,2026-09-17T01:22:26+0200,5d77c48a-cbec-4d84-b46b-327ea4338599,2026-09-12T09:00:00Z,2026-09-12T11:00:00+0200,449.612,MW,DK1,DK_1,actual_onshore_wind_generation,Wind Onshore,2026-09-16T23:24:00Z
2026-09-16T23:22:26Z,2026-09-17T01:22:26+0200,5d77c48a-cbec-4d84-b46b-327ea4338599,2026-09-12T09:15:00Z,2026-09-12T11:15:00+0200,518.59,MW,DK1,DK_1,actual_onshore_wind_generation,Wind Onshore,2026-09-16T23:24:00Z
2026-09-16T23:22:26Z,2026-09-17T01:22:26+0200,5d77c48a-cbec-4d84-b46b-327ea4338599,2026-09-12T09:30:00Z,2026-09-12T11:30:00+0200,583.475,MW,DK1,DK_1,actual_onshore_wind_generation,Wind Onshore,2026-09-16T23:24:00Z
2026-09-16T23:22:26Z,2026-09-17T01:22:26+0200,5d77c48a-cbec-4d84-b46b-327ea4338599,2026-09-12T09:45:00Z,2026-09-12T11:45:00+0200,602.461,MW,DK1,DK_1,actual_onshore_wind_generation,Wind Onshore,2026-09-16T23:24:00Z
2026-09-16T23:22:26Z,2026-09-17T01:22:26+0200,5d77c48a-cbec-4d84-b46b-327ea4338599,2026-09-12T10:00:00Z,2026-09-12T12:00:00+0200,624.376,MW,DK1,DK_1,actual_onshore_wind_generation,Wind Onshore,2026-09-16T23:24:00Z
2026-09-16T23:22:26Z,2026-09-17T01:22:26+0200,5d77c48a-cbec-4d84-b46b-327ea4338599,2026-09-12T10:15:00Z,2026-09-12T12:15:00+0200,588.405,MW,DK1,DK_1,actual_onshore_wind_generation,Wind Onshore,2026-09-16T23:24:00Z
2026-09-16T23:22:26Z,2026-09-17T01:22:26+0200,5d77c48a-cbec-4d84-b46b-327ea4338599,2026-09-12T10:30:00Z,2026-09-12T12:30:00+0200,607.566,MW,DK1,DK_1,actual_onshore_wind_generation,Wind Onshore,2026-09-16T23:24:00Z
2026-09-16T23:22:26Z,2026-09-17T01:22:26+0200,5d77c48a-cbec-4d84-b46b-327ea4338599,2026-09-12T10:45:00Z,2026-09-12T12:45:00+0200,664.442,MW,DK1,DK_1,actual_onshore_wind_generation,Wind Onshore,2026-09-16T23:24:00Z
2026-09-16T23:22:26Z,2026-09-17T01:22:26+0200,5d77c48a-cbec-4d84-b46b-327ea4338599,2026-09-12T11:00:00Z,2026-09-12T13:00:00+0200,732.539,MW,DK1,DK_1,actual_onshore_wind_generation,Wind Onshore,2026-09-16T23:24:00Z
2026-09-16T23:22:26Z,2026-09-17T01:22:26+0200,5d77c48a-cbec-4d84-b46b-327ea4338599,2026-09-12T11:15:00Z,2026-09-12T13:15:00+0200,770.638,MW,DK1,DK_1,actual_onshore_wind_generation,Wind Onshore,2026-09-16T23:24:00Z
2026-09-16T23:22:26Z,2026-09-17T01:22:26+0200,5d77c48a-cbec-4d84-b46b-327ea4338599,2026-09-12T11:30:00Z,2026-09-12T13:30:00+0200,834.126,MW,DK1,DK_1,actual_onshore_wind_generation,Wind Onshore,2026-09-16T23:24:00Z
2026-09-16T23:22:26Z,2026-09-17T01:22:26+0200,5d77c48a-cbec-4d84-b46b-327ea4338599,2026-09-12T11:45:00Z,2026-09-12T13:45:00+0200,909.13,MW,DK1,DK_1,actual_onshore_wind_generation,Wind Onshore,2026-09-16T23:24:00Z
2026-09-16T23:22:26Z,2026-09-17T01:22:26+0200,5d77c48a-cbec-4d84-b46b-327ea4338599,2026-09-12T12:00:00Z,2026-09-12T14:00:00+0200,944.797,MW,DK1,DK_1,actual_onshore_wind_generation,Wind Onshore,2026-09-16T23:24:00Z
2026-09-16T23:22:26Z,2026-09-17T01:22:26+0200,5d77c48a-cbec-4d84-b46b-327ea4338599,2026-09-12T12:15:00Z,2026-09-12T14:15:00+0200,969.228,MW,DK1,DK_1,actual_onshore_wind_generation,Wind Onshore,2026-09-16T23:24:00Z
2026-09-16T23:22:26Z,2026-09-17T01:22:26+0200,5d77c48a-cbec-4d84-b46b-327ea4338599,2026-09-12T12:30:00Z,2026-09-12T14:30:00+0200,1005.11,MW,DK1,DK_1,actual_onshore_wind_generation,Wind Onshore,2026-09-16T23:24:00Z
2026-09-16T23:22:26Z,2026-09-17T01:22:26+0200,5d77c48a-cbec-4d84-b46b-327ea4338599,2026-09-12T12:45:00Z,2026-09-12T14:45:00+0200,1120.16,MW,DK1,DK_1,actual_onshore_wind_generation,Wind Onshore,2026-09-16T23:24:00Z
2026-09-16T23:22:26Z,2026-09-17T01:22:26+0200,5d77c48a-cbec-4d84-b46b-327ea4338599,2026-09-12T13:00:00Z,2026-09-12T15:00:00+0200,922.44,MW,DK1,DK_1,actual_onshore_wind_generation,Wind Onshore,2026-09-16T23:24:00Z
2026-09-16T23:22:26Z,2026-09-17T01:22:26+0200,5d77c48a-cbec-4d84-b46b-327ea4338599,2026-09-12T13:15:00Z,2026-09-12T15:15:00+0200,905.808,MW,DK1,DK_1,actual_onshore_wind_generation,Wind Onshore,2026-09-16T23:24:00Z
2026-09-16T23:22:26Z,2026-09-17T01:22:26+0200,5d77c48a-cbec-4d84-b46b-327ea4338599,2026-09-12T13:30:00Z,2026-09-12T15:30:00+0200,965.347,MW,DK1,DK_1,actual_onshore_wind_generation,Wind Onshore,2026-09-16T23:24:00Z
2026-09-16T23:22:26Z,2026-09-17T01:22:26+0200,5d77c48a-cbec-4d84-b46b-327ea4338599,2026-09-12T13:45:00Z,2026-09-12T15:45:00+0200,1188.16,MW,DK1,DK_1,actual_onshore_wind_generation,Wind Onshore,2026-09-16T23:24:00Z
2026-09-16T23:22:26Z,2026-09-17T01:22:26+0200,5d77c48a-cbec-4d84-b46b-327ea4338599,2026-09-12T14:00:00Z,2026-09-12T16:00:00+0200,1092.8,MW,DK1,DK_1,actual_onshore_wind_generation,Wind Onshore,2026-09-16T23:24:00Z
2026-09-16T23:22:26Z,2026-09-17T01:22:26+0200,5d77c48a-cbec-4d84-b46b-327ea4338599,2026-09-12T14:15:00Z,2026-09-12T16:15:00+0200,1335.18,MW,DK1,DK_1,actual_onshore_wind_generation,Wind Onshore,2026-09-16T23:24:00Z
2026-09-16T23:22:26Z,2026-09-17T01:22:26+0200,5d77c48a-cbec-4d84-b46b-327ea4338599,2026-09-12T14:30:00Z,2026-09-12T16:30:00+0200,1414.71,MW,DK1,DK_1,actual_onshore_wind_generation,Wind Onshore,2026-09-16T23:24:00Z
2026-09-16T23:22:26Z,2026-09-17T01:22:26+0200,5d77c48a-cbec-4d84-b46b-327ea4338599,2026-09-12T14:45:00Z,2026-09-12T16:45:00+0200,1436.56,MW,DK1,DK_1,actual_onshore_wind_generation,Wind Onshore,2026-09-16T23:24:00Z
2026-09-16T23:22:26Z,2026-09-17T01:22:26+0200,5d77c48a-cbec-4d84-b46b-327ea4338599,2026-09-12T15:00:00Z,2026-09-12T17:00:00+0200,1457.67,MW,DK1,DK_1,actual_onshore_wind_generation,Wind Onshore,2026-09-16T23:24:00Z
2026-09-16T23:22:26Z,2026-09-17T01:22:26+0200,5d77c48a-cbec-4d84-b46b-327ea4338599,2026-09-12T15:15:00Z,2026-09-12T17:15:00+0200,1436.4,MW,DK1,DK_1,actual_onshore_wind_generation,Wind Onshore,2026-09-16T23:24:00Z
2026-09-16T23:22:26Z,2026-09-17T01:22:26+0200,5d77c48a-cbec-4d84-b46b-327ea4338599,2026-09-12T15:30:00Z,2026-09-12T17:30:00+0200,1441.38,MW,DK1,DK_1,actual_onshore_wind_generation,Wind Onshore,2026-09-16T23:24:00Z
2026-09-16T23:22:26Z,2026-09-17T01:22:26+0200,5d77c48a-cbec-4d84-b46b-327ea4338599,2026-09-12T15:45:00Z,2026-09-12T17:45:00+0200,1482.21,MW,DK1,DK_1,actual_onshore_wind_generation,Wind Onshore,2026-09-16T23:24:00Z
2026-09-16T23:22:26Z,2026-09-17T01:22:26+0200,5d77c48a-cbec-4d84-b46b-327ea4338599,2026-09-12T16:00:00Z,2026-09-12T18:00:00+0200,1513.94,MW,DK1,DK_1,actual_onshore_wind_generation,Wind Onshore,2026-09-16T23:24:00Z
2026-09-16T23:22:26Z,2026-09-17T01:22:26+0200,5d77c48a-cbec-4d84-b46b-327ea4338599,2026-09-12T16:15:00Z,2026-09-12T18:15:00+0200,1582.52,MW,DK1,DK_1,actual_onshore_wind_generation,Wind Onshore,2026-09-16T23:24:00Z
2026-09-16T23:22:26Z,2026-09-17T01:22:26+0200,5d77c48a-cbec-4d84-b46b-327ea4338599,2026-09-12T16:30:00Z,2026-09-12T18:30:00+0200,1630.34,MW,DK1,DK_1,actual_onshore_wind_generation,Wind Onshore,2026-09-16T23:24:00Z
2026-09-16T23:22:26Z,2026-09-17T01:22:26+0200,5d77c48a-cbec-4d84-b46b-327ea4338599,2026-09-12T16:45:00Z,2026-09-12T18:45:00+0200,1721.35,MW,DK1,DK_1,actual_onshore_wind_generation,Wind Onshore,2026-09-16T23:24:00Z
2026-09-16T23:22:26Z,2026-09-17T01:22:26+0200,5d77c48a-cbec-4d84-b46b-327ea4338599,2026-09-12T17:00:00Z,2026-09-12T19:00:00+0200,1764.07,MW,DK1,DK_1,actual_onshore_wind_generation,Wind Onshore,2026-09-16T23:24:00Z
2026-09-16T23:22:26Z,2026-09-17T01:22:26+0200,5d77c48a-cbec-4d84-b46b-327ea4338599,2026-09-12T17:15:00Z,2026-09-12T19:15:00+0200,1817.72,MW,DK1,DK_1,actual_onshore_wind_generation,Wind Onshore,2026-09-16T23:24:00Z
2026-09-16T23:22:26Z,2026-09-17T01:22:26+0200,5d77c48a-cbec-4d84-b46b-327ea4338599,2026-09-12T17:30:00Z,2026-09-12T19:30:00+0200,1848.68,MW,DK1,DK_1,actual_onshore_wind_generation,Wind Onshore,2026-09-16T23:24:00Z
2026-09-16T23:22:26Z,2026-09-17T01:22:26+0200,5d77c48a-cbec-4d84-b46b-327ea4338599,2026-09-12T17:45:00Z,2026-09-12T19:45:00+0200,1864.07,MW,DK1,DK_1,actual_onshore_wind_generation,Wind Onshore,2026-09-16T23:24:00Z
2026-09-16T23:22:26Z,2026-09-17T01:22:26+0200,5d77c48a-cbec-4d84-b46b-327ea4338599,2026-09-12T18:00:00Z,2026-09-12T20:00:00+0200,1906.4,MW,DK1,DK_1,actual_onshore_wind_generation,Wind Onshore,2026-09-16T23:24:00Z
2026-09-16T23:22:26Z,2026-09-17T01:22:26+0200,5d77c48a-cbec-4d84-b46b-327ea4338599,2026-09-12T18:15:00Z,2026-09-12T20:15:00+0200,1835.25,MW,DK1,DK_1,actual_onshore_wind_generation,Wind Onshore,2026-09-16T23:24:00Z
2026-09-16T23:22:26Z,2026-09-17T01:22:26+0200,5d77c48a-cbec-4d84-b46b-327ea4338599,2026-09-12T18:30:00Z,2026-09-12T20:30:00+0200,1718.27,MW,DK1,DK_1,actual_onshore_wind_generation,Wind Onshore,2026-09-16T23:24:00Z
2026-09-16T23:22:26Z,2026-09-17T01:22:26+0200,5d77c48a-cbec-4d84-b46b-327ea4338599,2026-09-12T18:45:00Z,2026-09-12T20:45:00+0200,1691.37,MW,DK1,DK_1,actual_onshore_wind_generation,Wind Onshore,2026-09-16T23:24:00Z
2026-09-16T23:22:26Z,2026-09-17T01:22:26+0200,5d77c48a-cbec-4d84-b46b-327ea4338599,2026-09-12T19:00:00Z,2026-09-12T21:00:00+0200,1610.68,MW,DK1,DK_1,actual_onshore_wind_generation,Wind Onshore,2026-09-16T23:24:00Z
2026-09-16T23:22:26Z,2026-09-17T01:22:26+0200,5d77c48a-cbec-4d84-b46b-327ea4338599,2026-09-12T19:15:00Z,2026-09-12T21:15:00+0200,1454.03,MW,DK1,DK_1,actual_onshore_wind_generation,Wind Onshore,2026-09-16T23:24:00Z
2026-09-16T23:22:26Z,2026-09-17T01:22:26+0200,5d77c48a-cbec-4d84-b46b-327ea4338599,2026-09-12T19:30:00Z,2026-09-12T21:30:00+0200,1285.39,MW,DK1,DK_1,actual_onshore_wind_generation,Wind Onshore,2026-09-16T23:24:00Z
2026-09-16T23:22:26Z,2026-09-17T01:22:26+0200,5d77c48a-cbec-4d84-b46b-327ea4338599,2026-09-12T19:45:00Z,2026-09-12T21:45:00+0200,1217.67,MW,DK1,DK_1,actual_onshore_wind_generation,Wind Onshore,2026-09-16T23:24:00Z
2026-09-16T23:22:26Z,2026-09-17T01:22:26+0200,5d77c48a-cbec-4d84-b46b-327ea4338599,2026-09-12T20:00:00Z,2026-09-12T22:00:00+0200,1133.59,MW,DK1,DK_1,actual_onshore_wind_generation,Wind Onshore,2026-09-16T23:24:00Z
2026-09-16T23:22:26Z,2026-09-17T01:22:26+0200,5d77c48a-cbec-4d84-b46b-327ea4338599,2026-09-12T20:15:00Z,2026-09-12T22:15:00+0200,1057.99,MW,DK1,DK_1,actual_onshore_wind_generation,Wind Onshore,2026-09-16T23:24:00Z
2026-09-16T23:22:26Z,2026-09-17T01:22:26+0200,5d77c48a-cbec-4d84-b46b-327ea4338599,2026-09-12T20:30:00Z,2026-09-12T22:30:00+0200,982.596,MW,DK1,DK_1,actual_onshore_wind_generation,Wind Onshore,2026-09-16T23:24:00Z
2026-09-16T23:22:26Z,2026-09-17T01:22:26+0200,5d77c48a-cbec-4d84-b46b-327ea4338599,2026-09-12T20:45:00Z,2026-09-12T22:45:00+0200,919.322,MW,DK1,DK_1,actual_onshore_wind_generation,Wind Onshore,2026-09-16T23:24:00Z
2026-09-16T23:22:26Z,2026-09-17T01:22:26+0200,5d77c48a-cbec-4d84-b46b-327ea4338599,2026-09-12T21:00:00Z,2026-09-12T23:00:00+0200,868.03,MW,DK1,DK_1,actual_onshore_wind_generation,Wind Onshore,2026-09-16T23:24:00Z
2026-09-16T23:22:26Z,2026-09-17T01:22:26+0200,5d77c48a-cbec-4d84-b46b-327ea4338599,2026-09-12T21:15:00Z,2026-09-12T23:15:00+0200,830.629,MW,DK1,DK_1,actual_onshore_wind_generation,Wind Onshore,2026-09-16T23:24:00Z
2026-09-16T23:22:26Z,2026-09-17T01:22:26+0200,5d77c48a-cbec-4d84-b46b-327ea4338599,2026-09-12T21:30:00Z,2026-09-12T23:30:00+0200,799.654,MW,DK1,DK_1,actual_onshore_wind_generation,Wind Onshore,2026-09-16T23:24:00Z
2026-09-16T23:22:26Z,2026-09-17T01:22:26+0200,5d77c48a-cbec-4d84-b46b-327ea4338599,2026-09-12T21:45:00Z,2026-09-12T23:45:00+0200,809.355,MW,DK1,DK_1,actual_onshore_wind_generation,Wind Onshore,2026-09-16T23:24:00Z
2026-09-16T23:22:26Z,2026-09-17T01:22:26+0200,5d77c48a-cbec-4d84-b46b-327ea4338599,2026-09-12T22:00:00Z,2026-09-13T00:00:00+0200,741.618,MW,DK1,DK_1,actual_onshore_wind_generation,Wind Onshore,2026-09-16T23:24:00Z
2026-09-16T23:22:26Z,2026-09-17T01:22:26+0200,5d77c48a-cbec-4d84-b46b-327ea4338599,2026-09-12T22:15:00Z,2026-09-13T00:15:00+0200,692.507,MW,DK1,DK_1,actual_onshore_wind_generation,Wind Onshore,2026-09-16T23:24:00Z
2026-09-16T23:22:26Z,2026-09-17T01:22:26+0200,5d77c48a-cbec-4d84-b46b-327ea4338599,2026-09-12T22:30:00Z,2026-09-13T00:30:00+0200,663.486,MW,DK1,DK_1,actual_onshore_wind_generation,Wind Onshore,2026-09-16T23:24:00Z
2026-09-16T23:22:26Z,2026-09-17T01:22:26+0200,5d77c48a-cbec-4d84-b46b-327ea4338599,2026-09-12T22:45:00Z,2026-09-13T00:45:00+0200,657.094,MW,DK1,DK_1,actual_onshore_wind_generation,Wind Onshore,2026-09-16T23:24:00Z
2026-09-16T23:22:26Z,2026-09-17T01:22:26+0200,5d77c48a-cbec-4d84-b46b-327ea4338599,2026-09-12T23:00:00Z,2026-09-13T01:00:00+0200,636.242,MW,DK1,DK_1,actual_onshore_wind_generation,Wind Onshore,2026-09-16T23:24:00Z
2026-09-16T23:22:26Z,2026-09-17T01:22:26+0200,5d77c48a-cbec-4d84-b46b-327ea4338599,2026-09-12T23:15:00Z,2026-09-13T01:15:00+0200,606.745,MW,DK1,DK_1,actual_onshore_wind_generation,Wind Onshore,2026-09-16T23:24:00Z
2026-09-16T23:22:26Z,2026-09-17T01:22:26+0200,5d77c48a-cbec-4d84-b46b-327ea4338599,2026-09-12T23:30:00Z,2026-09-13T01:30:00+0200,563.955,MW,DK1,DK_1,actual_onshore_wind_generation,Wind Onshore,2026-09-16T23:24:00Z
2026-09-16T23:22:26Z,2026-09-17T01:22:26+0200,5d77c48a-cbec-4d84-b46b-327ea4338599,2026-09-12T23:45:00Z,2026-09-13T01:45:00+0200,542.969,MW,DK1,DK_1,actual_onshore_wind_generation,Wind Onshore,2026-09-16T23:24:00Z
2026-09-16T23:22:26Z,2026-09-17T01:22:26+0200,5d77c48a-cbec-4d84-b46b-327ea4338599,2026-09-13T00:00:00Z,2026-09-13T02:00:00+0200,500.104,MW,DK1,DK_1,actual_onshore_wind_generation,Wind Onshore,2026-09-16T23:24:00Z
2026-09-16T23:22:26Z,2026-09-17T01:22:26+0200,5d77c48a-cbec-4d84-b46b-327ea4338599,2026-09-13T00:15:00Z,2026-09-13T02:15:00+0200,468.423,MW,DK1,DK_1,actual_onshore_wind_generation,Wind Onshore,2026-09-16T23:24:00Z
2026-09-16T23:22:26Z,2026-09-17T01:22:26+0200,5d77c48a-cbec-4d84-b46b-327ea4338599,2026-09-13T00:30:00Z,2026-09-13T02:30:00+0200,443.168,MW,DK1,DK_1,actual_onshore_wind_generation,Wind Onshore,2026-09-16T23:24:00Z
2026-09-16T23:22:26Z,2026-09-17T01:22:26+0200,5d77c48a-cbec-4d84-b46b-327ea4338599,2026-09-13T00:45:00Z,2026-09-13T02:45:00+0200,427.787,MW,DK1,DK_1,actual_onshore_wind_generation,Wind Onshore,2026-09-16T23:24:00Z
2026-09-16T23:22:26Z,2026-09-17T01:22:26+0200,5d77c48a-cbec-4d84-b46b-327ea4338599,2026-09-13T01:00:00Z,2026-09-13T03:00:00+0200,435.337,MW,DK1,DK_1,actual_onshore_wind_generation,Wind Onshore,2026-09-16T23:24:00Z
2026-09-16T23:22:26Z,2026-09-17T01:22:26+0200,5d77c48a-cbec-4d84-b46b-327ea4338599,2026-09-13T01:15:00Z,2026-09-13T03:15:00+0200,445.963,MW,DK1,DK_1,actual_onshore_wind_generation,Wind Onshore,2026-09-16T23:24:00Z
2026-09-16T23:22:26Z,2026-09-17T01:22:26+0200,5d77c48a-cbec-4d84-b46b-327ea4338599,2026-09-13T01:30:00Z,2026-09-13T03:30:00+0200,447.478,MW,DK1,DK_1,actual_onshore_wind_generation,Wind Onshore,2026-09-16T23:24:00Z
2026-09-16T23:22:26Z,2026-09-17T01:22:26+0200,5d77c48a-cbec-4d84-b46b-327ea4338599,2026-09-13T01:45:00Z,2026-09-13T03:45:00+0200,446.353,MW,DK1,DK_1,actual_onshore_wind_generation,Wind Onshore,2026-09-16T23:24:00Z
2026-09-16T23:22:26Z,2026-09-17T01:22:26+0200,5d77c48a-cbec-4d84-b46b-327ea4338599,2026-09-13T02:00:00Z,2026-09-13T04:00:00+0200,421.416,MW,DK1,DK_1,actual_onshore_wind_generation,Wind Onshore,2026-09-16T23:24:00Z
2026-09-16T23:22:26Z,2026-09-17T01:22:26+0200,5d77c48a-cbec-4d84-b46b-327ea4338599,2026-09-13T02:15:00Z,2026-09-13T04:15:00+0200,433.825,MW,DK1,DK_1,actual_onshore_wind_generation,Wind Onshore,2026-09-16T23:24:00Z
2026-09-16T23:22:26Z,2026-09-17T01:22:26+0200,5d77c48a-cbec-4d84-b46b-327ea4338599,2026-09-13T02:30:00Z,2026-09-13T04:30:00+0200,399.203,MW,DK1,DK_1,actual_onshore_wind_generation,Wind Onshore,2026-09-16T23:24:00Z
2026-09-16T23:22:26Z,2026-09-17T01:22:26+0200,5d77c48a-cbec-4d84-b46b-327ea4338599,2026-09-13T02:45:00Z,2026-09-13T04:45:00+0200,388.662,MW,DK1,DK_1,actual_onshore_wind_generation,Wind Onshore,2026-09-16T23:24:00Z
2026-09-16T23:22:26Z,2026-09-17T01:22:26+0200,5d77c48a-cbec-4d84-b46b-327ea4338599,2026-09-13T03:00:00Z,2026-09-13T05:00:00+0200,401.764,MW,DK1,DK_1,actual_onshore_wind_generation,Wind Onshore,2026-09-16T23:24:00Z
2026-09-16T23:22:26Z,2026-09-17T01:22:26+0200,5d77c48a-cbec-4d84-b46b-327ea4338599,2026-09-13T03:15:00Z,2026-09-13T05:15:00+0200,395.33,MW,DK1,DK_1,actual_onshore_wind_generation,Wind Onshore,2026-09-16T23:24:00Z
2026-09-16T23:22:26Z,2026-09-17T01:22:26+0200,5d77c48a-cbec-4d84-b46b-327ea4338599,2026-09-13T03:30:00Z,2026-09-13T05:30:00+0200,379.737,MW,DK1,DK_1,actual_onshore_wind_generation,Wind Onshore,2026-09-16T23:24:00Z
2026-09-16T23:22:26Z,2026-09-17T01:22:26+0200,5d77c48a-cbec-4d84-b46b-327ea4338599,2026-09-13T03:45:00Z,2026-09-13T05:45:00+0200,396.834,MW,DK1,DK_1,actual_onshore_wind_generation,Wind Onshore,2026-09-16T23:24:00Z
2026-09-16T23:22:26Z,2026-09-17T01:22:26+0200,5d77c48a-cbec-4d84-b46b-327ea4338599,2026-09-13T04:00:00Z,2026-09-13T06:00:00+0200,385.232,MW,DK1,DK_1,actual_onshore_wind_generation,Wind Onshore,2026-09-16T23:24:00Z
2026-09-16T23:22:26Z,2026-09-17T01:22:26+0200,5d77c48a-cbec-4d84-b46b-327ea4338599,2026-09-13T04:15:00Z,2026-09-13T06:15:00+0200,388.805,MW,DK1,DK_1,actual_onshore_wind_generation,Wind Onshore,2026-09-16T23:24:00Z
2026-09-16T23:22:26Z,2026-09-17T01:22:26+0200,5d77c48a-cbec-4d84-b46b-327ea4338599,2026-09-13T04:30:00Z,2026-09-13T06:30:00+0200,438.643,MW,DK1,DK_1,actual_onshore_wind_generation,Wind Onshore,2026-09-16T23:24:00Z
2026-09-16T23:22:26Z,2026-09-17T01:22:26+0200,5d77c48a-cbec-4d84-b46b-327ea4338599,2026-09-13T04:45:00Z,2026-09-13T06:45:00+0200,463.444,MW,DK1,DK_1,actual_onshore_wind_generation,Wind Onshore,2026-09-16T23:24:00Z
2026-09-16T23:22:26Z,2026-09-17T01:22:26+0200,5d77c48a-cbec-4d84-b46b-327ea4338599,2026-09-13T05:00:00Z,2026-09-13T07:00:00+0200,523.512,MW,DK1,DK_1,actual_onshore_wind_generation,Wind Onshore,2026-09-16T23:24:00Z
2026-09-16T23:22:26Z,2026-09-17T01:22:26+0200,5d77c48a-cbec-4d84-b46b-327ea4338599,2026-09-13T05:15:00Z,2026-09-13T07:15:00+0200,598.385,MW,DK1,DK_1,actual_onshore_wind_generation,Wind Onshore,2026-09-16T23:24:00Z
2026-09-16T23:22:26Z,2026-09-17T01:22:26+0200,5d77c48a-cbec-4d84-b46b-327ea4338599,2026-09-13T05:30:00Z,2026-09-13T07:30:00+0200,651.676,MW,DK1,DK_1,actual_onshore_wind_generation,Wind Onshore,2026-09-16T23:24:00Z
2026-09-16T23:22:26Z,2026-09-17T01:22:26+0200,5d77c48a-cbec-4d84-b46b-327ea4338599,2026-09-13T05:45:00Z,2026-09-13T07:45:00+0200,698.51,MW,DK1,DK_1,actual_onshore_wind_generation,Wind Onshore,2026-09-16T23:24:00Z
2026-09-16T23:22:26Z,2026-09-17T01:22:26+0200,5d77c48a-cbec-4d84-b46b-327ea4338599,2026-09-13T06:00:00Z,2026-09-13T08:00:00+0200,755.016,MW,DK1,DK_1,actual_onshore_wind_generation,Wind Onshore,2026-09-16T23:24:00Z
2026-09-16T23:22:26Z,2026-09-17T01:22:26+0200,5d77c48a-cbec-4d84-b46b-327ea4338599,2026-09-13T06:15:00Z,2026-09-13T08:15:00+0200,732.74,MW,DK1,DK_1,actual_onshore_wind_generation,Wind Onshore,2026-09-16T23:24:00Z
2026-09-16T23:22:26Z,2026-09-17T01:22:26+0200,5d77c48a-cbec-4d84-b46b-327ea4338599,2026-09-13T06:30:00Z,2026-09-13T08:30:00+0200,731.214,MW,DK1,DK_1,actual_onshore_wind_generation,Wind Onshore,2026-09-16T23:24:00Z
2026-09-16T23:22:26Z,2026-09-17T01:22:26+0200,5d77c48a-cbec-4d84-b46b-327ea4338599,2026-09-13T06:45:00Z,2026-09-13T08:45:00+0200,712.954,MW,DK1,DK_1,actual_onshore_wind_generation,Wind Onshore,2026-09-16T23:24:00Z
2026-09-16T23:22:26Z,2026-09-17T01:22:26+0200,5d77c48a-cbec-4d84-b46b-327ea4338599,2026-09-13T07:00:00Z,2026-09-13T09:00:00+0200,749.324,MW,DK1,DK_1,actual_onshore_wind_generation,Wind Onshore,2026-09-16T23:24:00Z
2026-09-16T23:22:26Z,2026-09-17T01:22:26+0200,5d77c48a-cbec-4d84-b46b-327ea4338599,2026-09-13T07:15:00Z,2026-09-13T09:15:00+0200,815.441,MW,DK1,DK_1,actual_onshore_wind_generation,Wind Onshore,2026-09-16T23:24:00Z
2026-09-16T23:22:26Z,2026-09-17T01:22:26+0200,5d77c48a-cbec-4d84-b46b-327ea4338599,2026-09-13T07:30:00Z,2026-09-13T09:30:00+0200,868.939,MW,DK1,DK_1,actual_onshore_wind_generation,Wind Onshore,2026-09-16T23:24:00Z
2026-09-16T23:22:26Z,2026-09-17T01:22:26+0200,5d77c48a-cbec-4d84-b46b-327ea4338599,2026-09-13T07:45:00Z,2026-09-13T09:45:00+0200,963.935,MW,DK1,DK_1,actual_onshore_wind_generation,Wind Onshore,2026-09-16T23:24:00Z
2026-09-16T23:22:26Z,2026-09-17T01:22:26+0200,5d77c48a-cbec-4d84-b46b-327ea4338599,2026-09-13T08:00:00Z,2026-09-13T10:00:00+0200,1040.45,MW,DK1,DK_1,actual_onshore_wind_generation,Wind Onshore,2026-09-16T23:24:00Z
2026-09-16T23:22:26Z,2026-09-17T01:22:26+0200,5d77c48a-cbec-4d84-b46b-327ea4338599,2026-09-13T08:15:00Z,2026-09-13T10:15:00+0200,1087.7,MW,DK1,DK_1,actual_onshore_wind_generation,Wind Onshore,2026-09-16T23:24:00Z
2026-09-16T23:22:26Z,2026-09-17T01:22:26+0200,5d77c48a-cbec-4d84-b46b-327ea4338599,2026-09-13T08:30:00Z,2026-09-13T10:30:00+0200,1192.68,MW,DK1,DK_1,actual_onshore_wind_generation,Wind Onshore,2026-09-16T23:24:00Z
2026-09-16T23:22:26Z,2026-09-17T01:22:26+0200,5d77c48a-cbec-4d84-b46b-327ea4338599,2026-09-13T08:45:00Z,2026-09-13T10:45:00+0200,1254.12,MW,DK1,DK_1,actual_onshore_wind_generation,Wind Onshore,2026-09-16T23:24:00Z
2026-09-16T23:22:26Z,2026-09-17T01:22:26+0200,5d77c48a-cbec-4d84-b46b-327ea4338599,2026-09-13T09:00:00Z,2026-09-13T11:00:00+0200,1327.8,MW,DK1,DK_1,actual_onshore_wind_generation,Wind Onshore,2026-09-16T23:24:00Z
2026-09-16T23:22:26Z,2026-09-17T01:22:26+0200,5d77c48a-cbec-4d84-b46b-327ea4338599,2026-09-13T09:15:00Z,2026-09-13T11:15:00+0200,1389.89,MW,DK1,DK_1,actual_onshore_wind_generation,Wind Onshore,2026-09-16T23:24:00Z
2026-09-16T23:22:26Z,2026-09-17T01:22:26+0200,5d77c48a-cbec-4d84-b46b-327ea4338599,2026-09-13T09:30:00Z,2026-09-13T11:30:00+0200,1414.78,MW,DK1,DK_1,actual_onshore_wind_generation,Wind Onshore,2026-09-16T23:24:00Z
2026-09-16T23:22:26Z,2026-09-17T01:22:26+0200,5d77c48a-cbec-4d84-b46b-327ea4338599,2026-09-13T09:45:00Z,2026-09-13T11:45:00+0200,1437.78,MW,DK1,DK_1,actual_onshore_wind_generation,Wind Onshore,2026-09-16T23:24:00Z
2026-09-16T23:22:26Z,2026-09-17T01:22:26+0200,5d77c48a-cbec-4d84-b46b-327ea4338599,2026-09-13T10:00:00Z,2026-09-13T12:00:00+0200,1477.56,MW,DK1,DK_1,actual_onshore_wind_generation,Wind Onshore,2026-09-16T23:24:00Z
2026-09-16T23:22:26Z,2026-09-17T01:22:26+0200,5d77c48a-cbec-4d84-b46b-327ea4338599,2026-09-13T10:15:00Z,2026-09-13T12:15:00+0200,1477.16,MW,DK1,DK_1,actual_onshore_wind_generation,Wind Onshore,2026-09-16T23:24:00Z
2026-09-16T23:22:26Z,2026-09-17T01:22:26+0200,5d77c48a-cbec-4d84-b46b-327ea4338599,2026-09-13T10:30:00Z,2026-09-13T12:30:00+0200,1515.84,MW,DK1,DK_1,actual_onshore_wind_generation,Wind Onshore,2026-09-16T23:24:00Z
2026-09-16T23:22:26Z,2026-09-17T01:22:26+0200,5d77c48a-cbec-4d84-b46b-327ea4338599,2026-09-13T10:45:00Z,2026-09-13T12:45:00+0200,1512.4,MW,DK1,DK_1,actual_onshore_wind_generation,Wind Onshore,2026-09-16T23:24:00Z
2026-09-16T23:22:26Z,2026-09-17T01:22:26+0200,5d77c48a-cbec-4d84-b46b-327ea4338599,2026-09-13T11:00:00Z,2026-09-13T13:00:00+0200,1551.17,MW,DK1,DK_1,actual_onshore_wind_generation,Wind Onshore,2026-09-16T23:24:00Z
2026-09-16T23:22:26Z,2026-09-17T01:22:26+0200,5d77c48a-cbec-4d84-b46b-327ea4338599,2026-09-13T11:15:00Z,2026-09-13T13:15:00+0200,1543.83,MW,DK1,DK_1,actual_onshore_wind_generation,Wind Onshore,2026-09-16T23:24:00Z
2026-09-16T23:22:26Z,2026-09-17T01:22:26+0200,5d77c48a-cbec-4d84-b46b-327ea4338599,2026-09-13T11:30:00Z,2026-09-13T13:30:00+0200,1564.38,MW,DK1,DK_1,actual_onshore_wind_generation,Wind Onshore,2026-09-16T23:24:00Z
2026-09-16T23:22:26Z,2026-09-17T01:22:26+0200,5d77c48a-cbec-4d84-b46b-327ea4338599,2026-09-13T11:45:00Z,2026-09-13T13:45:00+0200,1539.3,MW,DK1,DK_1,actual_onshore_wind_generation,Wind Onshore,2026-09-16T23:24:00Z
2026-09-16T23:22:26Z,2026-09-17T01:22:26+0200,5d77c48a-cbec-4d84-b46b-327ea4338599,2026-09-13T12:00:00Z,2026-09-13T14:00:00+0200,1578.36,MW,DK1,DK_1,actual_onshore_wind_generation,Wind Onshore,2026-09-16T23:24:00Z
2026-09-16T23:22:26Z,2026-09-17T01:22:26+0200,5d77c48a-cbec-4d84-b46b-327ea4338599,2026-09-13T12:15:00Z,2026-09-13T14:15:00+0200,1622.56,MW,DK1,DK_1,actual_onshore_wind_generation,Wind Onshore,2026-09-16T23:24:00Z
2026-09-16T23:22:26Z,2026-09-17T01:22:26+0200,5d77c48a-cbec-4d84-b46b-327ea4338599,2026-09-13T12:30:00Z,2026-09-13T14:30:00+0200,1681.39,MW,DK1,DK_1,actual_onshore_wind_generation,Wind Onshore,2026-09-16T23:24:00Z
2026-09-16T23:22:26Z,2026-09-17T01:22:26+0200,5d77c48a-cbec-4d84-b46b-327ea4338599,2026-09-13T12:45:00Z,2026-09-13T14:45:00+0200,1761.94,MW,DK1,DK_1,actual_onshore_wind_generation,Wind Onshore,2026-09-16T23:24:00Z
2026-09-16T23:22:26Z,2026-09-17T01:22:26+0200,5d77c48a-cbec-4d84-b46b-327ea4338599,2026-09-13T13:00:00Z,2026-09-13T15:00:00+0200,1786.06,MW,DK1,DK_1,actual_onshore_wind_generation,Wind Onshore,2026-09-16T23:24:00Z
2026-09-16T23:22:26Z,2026-09-17T01:22:26+0200,5d77c48a-cbec-4d84-b46b-327ea4338599,2026-09-13T13:15:00Z,2026-09-13T15:15:00+0200,1766.04,MW,DK1,DK_1,actual_onshore_wind_generation,Wind Onshore,2026-09-16T23:24:00Z
2026-09-16T23:22:26Z,2026-09-17T01:22:26+0200,5d77c48a-cbec-4d84-b46b-327ea4338599,2026-09-13T13:30:00Z,2026-09-13T15:30:00+0200,1787.81,MW,DK1,DK_1,actual_onshore_wind_generation,Wind Onshore,2026-09-16T23:24:00Z
2026-09-16T23:22:26Z,2026-09-17T01:22:26+0200,5d77c48a-cbec-4d84-b46b-327ea4338599,2026-09-13T13:45:00Z,2026-09-13T15:45:00+0200,1779.32,MW,DK1,DK_1,actual_onshore_wind_generation,Wind Onshore,2026-09-16T23:24:00Z
2026-09-16T23:22:26Z,2026-09-17T01:22:26+0200,5d77c48a-cbec-4d84-b46b-327ea4338599,2026-09-13T14:00:00Z,2026-09-13T16:00:00+0200,1746.44,MW,DK1,DK_1,actual_onshore_wind_generation,Wind Onshore,2026-09-16T23:24:00Z
2026-09-16T23:22:26Z,2026-09-17T01:22:26+0200,5d77c48a-cbec-4d84-b46b-327ea4338599,2026-09-13T14:15:00Z,2026-09-13T16:15:00+0200,1716.05,MW,DK1,DK_1,actual_onshore_wind_generation,Wind Onshore,2026-09-16T23:24:00Z
2026-09-16T23:22:26Z,2026-09-17T01:22:26+0200,5d77c48a-cbec-4d84-b46b-327ea4338599,2026-09-13T14:30:00Z,2026-09-13T16:30:00+0200,1639.03,MW,DK1,DK_1,actual_onshore_wind_generation,Wind Onshore,2026-09-16T23:24:00Z
2026-09-16T23:22:26Z,2026-09-17T01:22:26+0200,5d77c48a-cbec-4d84-b46b-327ea4338599,2026-09-13T14:45:00Z,2026-09-13T16:45:00+0200,1497.49,MW,DK1,DK_1,actual_onshore_wind_generation,Wind Onshore,2026-09-16T23:24:00Z
2026-09-16T23:22:26Z,2026-09-17T01:22:26+0200,5d77c48a-cbec-4d84-b46b-327ea4338599,2026-09-13T15:00:00Z,2026-09-13T17:00:00+0200,1434.92,MW,DK1,DK_1,actual_onshore_wind_generation,Wind Onshore,2026-09-16T23:24:00Z
2026-09-16T23:22:26Z,2026-09-17T01:22:26+0200,5d77c48a-cbec-4d84-b46b-327ea4338599,2026-09-13T15:15:00Z,2026-09-13T17:15:00+0200,1390.86,MW,DK1,DK_1,actual_onshore_wind_generation,Wind Onshore,2026-09-16T23:24:00Z
2026-09-16T23:22:26Z,2026-09-17T01:22:26+0200,5d77c48a-cbec-4d84-b46b-327ea4338599,2026-09-13T15:30:00Z,2026-09-13T17:30:00+0200,1400.4,MW,DK1,DK_1,actual_onshore_wind_generation,Wind Onshore,2026-09-16T23:24:00Z
2026-09-16T23:22:26Z,2026-09-17T01:22:26+0200,5d77c48a-cbec-4d84-b46b-327ea4338599,2026-09-13T15:45:00Z,2026-09-13T17:45:00+0200,1347.89,MW,DK1,DK_1,actual_onshore_wind_generation,Wind Onshore,2026-09-16T23:24:00Z
2026-09-16T23:22:26Z,2026-09-17T01:22:26+0200,5d77c48a-cbec-4d84-b46b-327ea4338599,2026-09-13T16:00:00Z,2026-09-13T18:00:00+0200,1278.5,MW,DK1,DK_1,actual_onshore_wind_generation,Wind Onshore,2026-09-16T23:24:00Z
2026-09-16T23:22:26Z,2026-09-17T01:22:26+0200,5d77c48a-cbec-4d84-b46b-327ea4338599,2026-09-13T16:15:00Z,2026-09-13T18:15:00+0200,1210.74,MW,DK1,DK_1,actual_onshore_wind_generation,Wind Onshore,2026-09-16T23:24:00Z
2026-09-16T23:22:26Z,2026-09-17T01:22:26+0200,5d77c48a-cbec-4d84-b46b-327ea4338599,2026-09-13T16:30:00Z,2026-09-13T18:30:00+0200,1120.54,MW,DK1,DK_1,actual_onshore_wind_generation,Wind Onshore,2026-09-16T23:24:00Z
2026-09-16T23:22:26Z,2026-09-17T01:22:26+0200,5d77c48a-cbec-4d84-b46b-327ea4338599,2026-09-13T16:45:00Z,2026-09-13T18:45:00+0200,1046.6,MW,DK1,DK_1,actual_onshore_wind_generation,Wind Onshore,2026-09-16T23:24:00Z
2026-09-16T23:22:26Z,2026-09-17T01:22:26+0200,5d77c48a-cbec-4d84-b46b-327ea4338599,2026-09-13T17:00:00Z,2026-09-13T19:00:00+0200,999.738,MW,DK1,DK_1,actual_onshore_wind_generation,Wind Onshore,2026-09-16T23:24:00Z
2026-09-16T23:22:26Z,2026-09-17T01:22:26+0200,5d77c48a-cbec-4d84-b46b-327ea4338599,2026-09-13T17:15:00Z,2026-09-13T19:15:00+0200,976.386,MW,DK1,DK_1,actual_onshore_wind_generation,Wind Onshore,2026-09-16T23:24:00Z
2026-09-16T23:22:26Z,2026-09-17T01:22:26+0200,5d77c48a-cbec-4d84-b46b-327ea4338599,2026-09-13T17:30:00Z,2026-09-13T19:30:00+0200,931.329,MW,DK1,DK_1,actual_onshore_wind_generation,Wind Onshore,2026-09-16T23:24:00Z
2026-09-16T23:22:26Z,2026-09-17T01:22:26+0200,5d77c48a-cbec-4d84-b46b-327ea4338599,2026-09-13T17:45:00Z,2026-09-13T19:45:00+0200,877.932,MW,DK1,DK_1,actual_onshore_wind_generation,Wind Onshore,2026-09-16T23:24:00Z
2026-09-16T23:22:26Z,2026-09-17T01:22:26+0200,5d77c48a-cbec-4d84-b46b-327ea4338599,2026-09-13T18:00:00Z,2026-09-13T20:00:00+0200,838.12,MW,DK1,DK_1,actual_onshore_wind_generation,Wind Onshore,2026-09-16T23:24:00Z
2026-09-16T23:22:26Z,2026-09-17T01:22:26+0200,5d77c48a-cbec-4d84-b46b-327ea4338599,2026-09-13T18:15:00Z,2026-09-13T20:15:00+0200,828.204,MW,DK1,DK_1,actual_onshore_wind_generation,Wind Onshore,2026-09-16T23:24:00Z
2026-09-16T23:22:26Z,2026-09-17T01:22:26+0200,5d77c48a-cbec-4d84-b46b-327ea4338599,2026-09-13T18:30:00Z,2026-09-13T20:30:00+0200,844.283,MW,DK1,DK_1,actual_onshore_wind_generation,Wind Onshore,2026-09-16T23:24:00Z
2026-09-16T23:22:26Z,2026-09-17T01:22:26+0200,5d77c48a-cbec-4d84-b46b-327ea4338599,2026-09-13T18:45:00Z,2026-09-13T20:45:00+0200,833.15,MW,DK1,DK_1,actual_onshore_wind_generation,Wind Onshore,2026-09-16T23:24:00Z
2026-09-16T23:22:26Z,2026-09-17T01:22:26+0200,5d77c48a-cbec-4d84-b46b-327ea4338599,2026-09-13T19:00:00Z,2026-09-13T21:00:00+0200,835.404,MW,DK1,DK_1,actual_onshore_wind_generation,Wind Onshore,2026-09-16T23:24:00Z
2026-09-16T23:22:26Z,2026-09-17T01:22:26+0200,5d77c48a-cbec-4d84-b46b-327ea4338599,2026-09-13T19:15:00Z,2026-09-13T21:15:00+0200,792.079,MW,DK1,DK_1,actual_onshore_wind_generation,Wind Onshore,2026-09-16T23:24:00Z
2026-09-16T23:22:26Z,2026-09-17T01:22:26+0200,5d77c48a-cbec-4d84-b46b-327ea4338599,2026-09-13T19:30:00Z,2026-09-13T21:30:00+0200,781.419,MW,DK1,DK_1,actual_onshore_wind_generation,Wind Onshore,2026-09-16T23:24:00Z
2026-09-16T23:22:26Z,2026-09-17T01:22:26+0200,5d77c48a-cbec-4d84-b46b-327ea4338599,2026-09-13T19:45:00Z,2026-09-13T21:45:00+0200,786.91,MW,DK1,DK_1,actual_onshore_wind_generation,Wind Onshore,2026-09-16T23:24:00Z
2026-09-16T23:22:26Z,2026-09-17T01:22:26+0200,5d77c48a-cbec-4d84-b46b-327ea4338599,2026-09-13T20:00:00Z,2026-09-13T22:00:00+0200,825.765,MW,DK1,DK_1,actual_onshore_wind_generation,Wind Onshore,2026-09-16T23:24:00Z
2026-09-16T23:22:26Z,2026-09-17T01:22:26+0200,5d77c48a-cbec-4d84-b46b-327ea4338599,2026-09-13T20:15:00Z,2026-09-13T22:15:00+0200,864.757,MW,DK1,DK_1,actual_onshore_wind_generation,Wind Onshore,2026-09-16T23:24:00Z
2026-09-16T23:22:26Z,2026-09-17T01:22:26+0200,5d77c48a-cbec-4d84-b46b-327ea4338599,2026-09-13T20:30:00Z,2026-09-13T22:30:00+0200,862.764,MW,DK1,DK_1,actual_onshore_wind_generation,Wind Onshore,2026-09-16T23:24:00Z
2026-09-16T23:22:26Z,2026-09-17T01:22:26+0200,5d77c48a-cbec-4d84-b46b-327ea4338599,2026-09-13T20:45:00Z,2026-09-13T22:45:00+0200,852.604,MW,DK1,DK_1,actual_onshore_wind_generation,Wind Onshore,2026-09-16T23:24:00Z
2026-09-16T23:22:26Z,2026-09-17T01:22:26+0200,5d77c48a-cbec-4d84-b46b-327ea4338599,2026-09-13T21:00:00Z,2026-09-13T23:00:00+0200,913.144,MW,DK1,DK_1,actual_onshore_wind_generation,Wind Onshore,2026-09-16T23:24:00Z
2026-09-16T23:22:26Z,2026-09-17T01:22:26+0200,5d77c48a-cbec-4d84-b46b-327ea4338599,2026-09-13T21:15:00Z,2026-09-13T23:15:00+0200,951.089,MW,DK1,DK_1,actual_onshore_wind_generation,Wind Onshore,2026-09-16T23:24:00Z
2026-09-16T23:22:26Z,2026-09-17T01:22:26+0200,5d77c48a-cbec-4d84-b46b-327ea4338599,2026-09-13T21:30:00Z,2026-09-13T23:30:00+0200,979.83,MW,DK1,DK_1,actual_onshore_wind_generation,Wind Onshore,2026-09-16T23:24:00Z
2026-09-16T23:22:26Z,2026-09-17T01:22:26+0200,5d77c48a-cbec-4d84-b46b-327ea4338599,2026-09-13T21:45:00Z,2026-09-13T23:45:00+0200,980.328,MW,DK1,DK_1,actual_onshore_wind_generation,Wind Onshore,2026-09-16T23:24:00Z
2026-09-16T23:22:26Z,2026-09-17T01:22:26+0200,5d77c48a-cbec-4d84-b46b-327ea4338599,2026-09-13T22:00:00Z,2026-09-14T00:00:00+0200,958.719,MW,DK1,DK_1,actual_onshore_wind_generation,Wind Onshore,2026-09-16T23:24:00Z
2026-09-16T23:22:26Z,2026-09-17T01:22:26+0200,5d77c48a-cbec-4d84-b46b-327ea4338599,2026-09-13T22:15:00Z,2026-09-14T00:15:00+0200,963.892,MW,DK1,DK_1,actual_onshore_wind_generation,Wind Onshore,2026-09-16T23:24:00Z
2026-09-16T23:22:26Z,2026-09-17T01:22:26+0200,5d77c48a-cbec-4d84-b46b-327ea4338599,2026-09-13T22:30:00Z,2026-09-14T00:30:00+0200,960.379,MW,DK1,DK_1,actual_onshore_wind_generation,Wind Onshore,2026-09-16T23:24:00Z
2026-09-16T23:22:26Z,2026-09-17T01:22:26+0200,5d77c48a-cbec-4d84-b46b-327ea4338599,2026-09-13T22:45:00Z,2026-09-14T00:45:00+0200,954.169,MW,DK1,DK_1,actual_onshore_wind_generation,Wind Onshore,2026-09-16T23:24:00Z
2026-09-16T23:22:26Z,2026-09-17T01:22:26+0200,5d77c48a-cbec-4d84-b46b-327ea4338599,2026-09-13T23:00:00Z,2026-09-14T01:00:00+0200,962.048,MW,DK1,DK_1,actual_onshore_wind_generation,Wind Onshore,2026-09-16T23:24:00Z
2026-09-16T23:22:26Z,2026-09-17T01:22:26+0200,5d77c48a-cbec-4d84-b46b-327ea4338599,2026-09-13T23:15:00Z,2026-09-14T01:15:00+0200,978.314,MW,DK1,DK_1,actual_onshore_wind_generation,Wind Onshore,2026-09-16T23:24:00Z
2026-09-16T23:22:26Z,2026-09-17T01:22:26+0200,5d77c48a-cbec-4d84-b46b-327ea4338599,2026-09-13T23:30:00Z,2026-09-14T01:30:00+0200,958.03,MW,DK1,DK_1,actual_onshore_wind_generation,Wind Onshore,2026-09-16T23:24:00Z
2026-09-16T23:22:26Z,2026-09-17T01:22:26+0200,5d77c48a-cbec-4d84-b46b-327ea4338599,2026-09-13T23:45:00Z,2026-09-14T01:45:00+0200,941.917,MW,DK1,DK_1,actual_onshore_wind_generation,Wind Onshore,2026-09-16T23:24:00Z
2026-09-16T23:22:26Z,2026-09-17T01:22:26+0200,5d77c48a-cbec-4d84-b46b-327ea4338599,2026-09-14T00:00:00Z,2026-09-14T02:00:00+0200,950.474,MW,DK1,DK_1,actual_onshore_wind_generation,Wind Onshore,2026-09-16T23:24:00Z
2026-09-16T23:22:26Z,2026-09-17T01:22:26+0200,5d77c48a-cbec-4d84-b46b-327ea4338599,2026-09-14T00:15:00Z,2026-09-14T02:15:00+0200,947.9,MW,DK1,DK_1,actual_onshore_wind_generation,Wind Onshore,2026-09-16T23:24:00Z
2026-09-16T23:22:26Z,2026-09-17T01:22:26+0200,5d77c48a-cbec-4d84-b46b-327ea4338599,2026-09-14T00:30:00Z,2026-09-14T02:30:00+0200,983.811,MW,DK1,DK_1,actual_onshore_wind_generation,Wind Onshore,2026-09-16T23:24:00Z
2026-09-16T23:22:26Z,2026-09-17T01:22:26+0200,5d77c48a-cbec-4d84-b46b-327ea4338599,2026-09-14T00:45:00Z,2026-09-14T02:45:00+0200,972.713,MW,DK1,DK_1,actual_onshore_wind_generation,Wind Onshore,2026-09-16T23:24:00Z
2026-09-16T23:22:26Z,2026-09-17T01:22:26+0200,5d77c48a-cbec-4d84-b46b-327ea4338599,2026-09-14T01:00:00Z,2026-09-14T03:00:00+0200,959.498,MW,DK1,DK_1,actual_onshore_wind_generation,Wind Onshore,2026-09-16T23:24:00Z
2026-09-16T23:22:26Z,2026-09-17T01:22:26+0200,5d77c48a-cbec-4d84-b46b-327ea4338599,2026-09-14T01:15:00Z,2026-09-14T03:15:00+0200,954.417,MW,DK1,DK_1,actual_onshore_wind_generation,Wind Onshore,2026-09-16T23:24:00Z
2026-09-16T23:22:26Z,2026-09-17T01:22:26+0200,5d77c48a-cbec-4d84-b46b-327ea4338599,2026-09-14T01:30:00Z,2026-09-14T03:30:00+0200,943.456,MW,DK1,DK_1,actual_onshore_wind_generation,Wind Onshore,2026-09-16T23:24:00Z
2026-09-16T23:22:26Z,2026-09-17T01:22:26+0200,5d77c48a-cbec-4d84-b46b-327ea4338599,2026-09-14T01:45:00Z,2026-09-14T03:45:00+0200,885.149,MW,DK1,DK_1,actual_onshore_wind_generation,Wind Onshore,2026-09-16T23:24:00Z
2026-09-16T23:22:26Z,2026-09-17T01:22:26+0200,5d77c48a-cbec-4d84-b46b-327ea4338599,2026-09-14T02:00:00Z,2026-09-14T04:00:00+0200,831.345,MW,DK1,DK_1,actual_onshore_wind_generation,Wind Onshore,2026-09-16T23:24:00Z
2026-09-16T23:22:26Z,2026-09-17T01:22:26+0200,5d77c48a-cbec-4d84-b46b-327ea4338599,2026-09-14T02:15:00Z,2026-09-14T04:15:00+0200,826.539,MW,DK1,DK_1,actual_onshore_wind_generation,Wind Onshore,2026-09-16T23:24:00Z
2026-09-16T23:22:26Z,2026-09-17T01:22:26+0200,5d77c48a-cbec-4d84-b46b-327ea4338599,2026-09-14T02:30:00Z,2026-09-14T04:30:00+0200,805.763,MW,DK1,DK_1,actual_onshore_wind_generation,Wind Onshore,2026-09-16T23:24:00Z
2026-09-16T23:22:26Z,2026-09-17T01:22:26+0200,5d77c48a-cbec-4d84-b46b-327ea4338599,2026-09-14T02:45:00Z,2026-09-14T04:45:00+0200,787.772,MW,DK1,DK_1,actual_onshore_wind_generation,Wind Onshore,2026-09-16T23:24:00Z
2026-09-16T23:22:26Z,2026-09-17T01:22:26+0200,5d77c48a-cbec-4d84-b46b-327ea4338599,2026-09-14T03:00:00Z,2026-09-14T05:00:00+0200,780.001,MW,DK1,DK_1,actual_onshore_wind_generation,Wind Onshore,2026-09-16T23:24:00Z
2026-09-16T23:22:26Z,2026-09-17T01:22:26+0200,5d77c48a-cbec-4d84-b46b-327ea4338599,2026-09-14T03:15:00Z,2026-09-14T05:15:00+0200,788.336,MW,DK1,DK_1,actual_onshore_wind_generation,Wind Onshore,2026-09-16T23:24:00Z
2026-09-16T23:22:26Z,2026-09-17T01:22:26+0200,5d77c48a-cbec-4d84-b46b-327ea4338599,2026-09-14T03:30:00Z,2026-09-14T05:30:00+0200,756.88,MW,DK1,DK_1,actual_onshore_wind_generation,Wind Onshore,2026-09-16T23:24:00Z
2026-09-16T23:22:26Z,2026-09-17T01:22:26+0200,5d77c48a-cbec-4d84-b46b-327ea4338599,2026-09-14T03:45:00Z,2026-09-14T05:45:00+0200,688.942,MW,DK1,DK_1,actual_onshore_wind_generation,Wind Onshore,2026-09-16T23:24:00Z
2026-09-16T23:22:26Z,2026-09-17T01:22:26+0200,5d77c48a-cbec-4d84-b46b-327ea4338599,2026-09-14T04:00:00Z,2026-09-14T06:00:00+0200,619.665,MW,DK1,DK_1,actual_onshore_wind_generation,Wind Onshore,2026-09-16T23:24:00Z
2026-09-16T23:22:26Z,2026-09-17T01:22:26+0200,5d77c48a-cbec-4d84-b46b-327ea4338599,2026-09-14T04:15:00Z,2026-09-14T06:15:00+0200,648.072,MW,DK1,DK_1,actual_onshore_wind_generation,Wind Onshore,2026-09-16T23:24:00Z
2026-09-16T23:22:26Z,2026-09-17T01:22:26+0200,5d77c48a-cbec-4d84-b46b-327ea4338599,2026-09-14T04:30:00Z,2026-09-14T06:30:00+0200,641.399,MW,DK1,DK_1,actual_onshore_wind_generation,Wind Onshore,2026-09-16T23:24:00Z
2026-09-16T23:22:26Z,2026-09-17T01:22:26+0200,5d77c48a-cbec-4d84-b46b-327ea4338599,2026-09-14T04:45:00Z,2026-09-14T06:45:00+0200,659.122,MW,DK1,DK_1,actual_onshore_wind_generation,Wind Onshore,2026-09-16T23:24:00Z
2026-09-16T23:22:26Z,2026-09-17T01:22:26+0200,5d77c48a-cbec-4d84-b46b-327ea4338599,2026-09-14T05:00:00Z,2026-09-14T07:00:00+0200,706.442,MW,DK1,DK_1,actual_onshore_wind_generation,Wind Onshore,2026-09-16T23:24:00Z
2026-09-16T23:22:26Z,2026-09-17T01:22:26+0200,5d77c48a-cbec-4d84-b46b-327ea4338599,2026-09-14T05:15:00Z,2026-09-14T07:15:00+0200,693.226,MW,DK1,DK_1,actual_onshore_wind_generation,Wind Onshore,2026-09-16T23:24:00Z
2026-09-16T23:22:26Z,2026-09-17T01:22:26+0200,5d77c48a-cbec-4d84-b46b-327ea4338599,2026-09-14T05:30:00Z,2026-09-14T07:30:00+0200,643.221,MW,DK1,DK_1,actual_onshore_wind_generation,Wind Onshore,2026-09-16T23:24:00Z
2026-09-16T23:22:26Z,2026-09-17T01:22:26+0200,5d77c48a-cbec-4d84-b46b-327ea4338599,2026-09-14T05:45:00Z,2026-09-14T07:45:00+0200,616.57,MW,DK1,DK_1,actual_onshore_wind_generation,Wind Onshore,2026-09-16T23:24:00Z
2026-09-16T23:22:26Z,2026-09-17T01:22:26+0200,5d77c48a-cbec-4d84-b46b-327ea4338599,2026-09-14T06:00:00Z,2026-09-14T08:00:00+0200,561.815,MW,DK1,DK_1,actual_onshore_wind_generation,Wind Onshore,2026-09-16T23:24:00Z
2026-09-16T23:22:26Z,2026-09-17T01:22:26+0200,5d77c48a-cbec-4d84-b46b-327ea4338599,2026-09-14T06:15:00Z,2026-09-14T08:15:00+0200,559.024,MW,DK1,DK_1,actual_onshore_wind_generation,Wind Onshore,2026-09-16T23:24:00Z
2026-09-16T23:22:26Z,2026-09-17T01:22:26+0200,5d77c48a-cbec-4d84-b46b-327ea4338599,2026-09-14T06:30:00Z,2026-09-14T08:30:00+0200,546.85,MW,DK1,DK_1,actual_onshore_wind_generation,Wind Onshore,2026-09-16T23:24:00Z
2026-09-16T23:22:26Z,2026-09-17T01:22:26+0200,5d77c48a-cbec-4d84-b46b-327ea4338599,2026-09-14T06:45:00Z,2026-09-14T08:45:00+0200,490.289,MW,DK1,DK_1,actual_onshore_wind_generation,Wind Onshore,2026-09-16T23:24:00Z
2026-09-16T23:22:26Z,2026-09-17T01:22:26+0200,5d77c48a-cbec-4d84-b46b-327ea4338599,2026-09-14T07:00:00Z,2026-09-14T09:00:00+0200,358.851,MW,DK1,DK_1,actual_onshore_wind_generation,Wind Onshore,2026-09-16T23:24:00Z
2026-09-16T23:22:26Z,2026-09-17T01:22:26+0200,5d77c48a-cbec-4d84-b46b-327ea4338599,2026-09-14T07:15:00Z,2026-09-14T09:15:00+0200,414.32,MW,DK1,DK_1,actual_onshore_wind_generation,Wind Onshore,2026-09-16T23:24:00Z
2026-09-16T23:22:26Z,2026-09-17T01:22:26+0200,5d77c48a-cbec-4d84-b46b-327ea4338599,2026-09-14T07:30:00Z,2026-09-14T09:30:00+0200,433.007,MW,DK1,DK_1,actual_onshore_wind_generation,Wind Onshore,2026-09-16T23:24:00Z
2026-09-16T23:22:26Z,2026-09-17T01:22:26+0200,5d77c48a-cbec-4d84-b46b-327ea4338599,2026-09-14T07:45:00Z,2026-09-14T09:45:00+0200,475.104,MW,DK1,DK_1,actual_onshore_wind_generation,Wind Onshore,2026-09-16T23:24:00Z
2026-09-16T23:22:26Z,2026-09-17T01:22:26+0200,5d77c48a-cbec-4d84-b46b-327ea4338599,2026-09-14T08:00:00Z,2026-09-14T10:00:00+0200,552.463,MW,DK1,DK_1,actual_onshore_wind_generation,Wind Onshore,2026-09-16T23:24:00Z
2026-09-16T23:22:26Z,2026-09-17T01:22:26+0200,5d77c48a-cbec-4d84-b46b-327ea4338599,2026-09-14T08:15:00Z,2026-09-14T10:15:00+0200,661.067,MW,DK1,DK_1,actual_onshore_wind_generation,Wind Onshore,2026-09-16T23:24:00Z
2026-09-16T23:22:26Z,2026-09-17T01:22:26+0200,5d77c48a-cbec-4d84-b46b-327ea4338599,2026-09-14T08:30:00Z,2026-09-14T10:30:00+0200,767.362,MW,DK1,DK_1,actual_onshore_wind_generation,Wind Onshore,2026-09-16T23:24:00Z
2026-09-16T23:22:26Z,2026-09-17T01:22:26+0200,5d77c48a-cbec-4d84-b46b-327ea4338599,2026-09-14T08:45:00Z,2026-09-14T10:45:00+0200,795.631,MW,DK1,DK_1,actual_onshore_wind_generation,Wind Onshore,2026-09-16T23:24:00Z
2026-09-16T23:22:26Z,2026-09-17T01:22:26+0200,5d77c48a-cbec-4d84-b46b-327ea4338599,2026-09-14T09:00:00Z,2026-09-14T11:00:00+0200,819.379,MW,DK1,DK_1,actual_onshore_wind_generation,Wind Onshore,2026-09-16T23:24:00Z
2026-09-16T23:22:26Z,2026-09-17T01:22:26+0200,5d77c48a-cbec-4d84-b46b-327ea4338599,2026-09-14T09:15:00Z,2026-09-14T11:15:00+0200,798.271,MW,DK1,DK_1,actual_onshore_wind_generation,Wind Onshore,2026-09-16T23:24:00Z
2026-09-16T23:22:26Z,2026-09-17T01:22:26+0200,5d77c48a-cbec-4d84-b46b-327ea4338599,2026-09-14T09:30:00Z,2026-09-14T11:30:00+0200,791.837,MW,DK1,DK_1,actual_onshore_wind_generation,Wind Onshore,2026-09-16T23:24:00Z
2026-09-16T23:22:26Z,2026-09-17T01:22:26+0200,5d77c48a-cbec-4d84-b46b-327ea4338599,2026-09-14T09:45:00Z,2026-09-14T11:45:00+0200,793.539,MW,DK1,DK_1,actual_onshore_wind_generation,Wind Onshore,2026-09-16T23:24:00Z
2026-09-16T23:22:26Z,2026-09-17T01:22:26+0200,5d77c48a-cbec-4d84-b46b-327ea4338599,2026-09-14T10:00:00Z,2026-09-14T12:00:00+0200,809.282,MW,DK1,DK_1,actual_onshore_wind_generation,Wind Onshore,2026-09-16T23:24:00Z
2026-09-16T23:22:26Z,2026-09-17T01:22:26+0200,5d77c48a-cbec-4d84-b46b-327ea4338599,2026-09-14T10:15:00Z,2026-09-14T12:15:00+0200,824.77,MW,DK1,DK_1,actual_onshore_wind_generation,Wind Onshore,2026-09-16T23:24:00Z
2026-09-16T23:22:26Z,2026-09-17T01:22:26+0200,5d77c48a-cbec-4d84-b46b-327ea4338599,2026-09-14T10:30:00Z,2026-09-14T12:30:00+0200,840.545,MW,DK1,DK_1,actual_onshore_wind_generation,Wind Onshore,2026-09-16T23:24:00Z
2026-09-16T23:22:26Z,2026-09-17T01:22:26+0200,5d77c48a-cbec-4d84-b46b-327ea4338599,2026-09-14T10:45:00Z,2026-09-14T12:45:00+0200,876.088,MW,DK1,DK_1,actual_onshore_wind_generation,Wind Onshore,2026-09-16T23:24:00Z
2026-09-16T23:22:26Z,2026-09-17T01:22:26+0200,5d77c48a-cbec-4d84-b46b-327ea4338599,2026-09-14T11:00:00Z,2026-09-14T13:00:00+0200,876.334,MW,DK1,DK_1,actual_onshore_wind_generation,Wind Onshore,2026-09-16T23:24:00Z
2026-09-16T23:22:26Z,2026-09-17T01:22:26+0200,5d77c48a-cbec-4d84-b46b-327ea4338599,2026-09-14T11:15:00Z,2026-09-14T13:15:00+0200,907.699,MW,DK1,DK_1,actual_onshore_wind_generation,Wind Onshore,2026-09-16T23:24:00Z
2026-09-16T23:22:26Z,2026-09-17T01:22:26+0200,5d77c48a-cbec-4d84-b46b-327ea4338599,2026-09-14T11:30:00Z,2026-09-14T13:30:00+0200,871.926,MW,DK1,DK_1,actual_onshore_wind_generation,Wind Onshore,2026-09-16T23:24:00Z
2026-09-16T23:22:26Z,2026-09-17T01:22:26+0200,5d77c48a-cbec-4d84-b46b-327ea4338599,2026-09-14T11:45:00Z,2026-09-14T13:45:00+0200,840.89,MW,DK1,DK_1,actual_onshore_wind_generation,Wind Onshore,2026-09-16T23:24:00Z
2026-09-16T23:22:26Z,2026-09-17T01:22:26+0200,5d77c48a-cbec-4d84-b46b-327ea4338599,2026-09-14T12:00:00Z,2026-09-14T14:00:00+0200,827.236,MW,DK1,DK_1,actual_onshore_wind_generation,Wind Onshore,2026-09-16T23:24:00Z
2026-09-16T23:22:26Z,2026-09-17T01:22:26+0200,5d77c48a-cbec-4d84-b46b-327ea4338599,2026-09-14T12:15:00Z,2026-09-14T14:15:00+0200,799.718,MW,DK1,DK_1,actual_onshore_wind_generation,Wind Onshore,2026-09-16T23:24:00Z
2026-09-16T23:22:26Z,2026-09-17T01:22:26+0200,5d77c48a-cbec-4d84-b46b-327ea4338599,2026-09-14T12:30:00Z,2026-09-14T14:30:00+0200,748.421,MW,DK1,DK_1,actual_onshore_wind_generation,Wind Onshore,2026-09-16T23:24:00Z
2026-09-16T23:22:26Z,2026-09-17T01:22:26+0200,5d77c48a-cbec-4d84-b46b-327ea4338599,2026-09-14T12:45:00Z,2026-09-14T14:45:00+0200,716.561,MW,DK1,DK_1,actual_onshore_wind_generation,Wind Onshore,2026-09-16T23:24:00Z
2026-09-16T23:22:26Z,2026-09-17T01:22:26+0200,5d77c48a-cbec-4d84-b46b-327ea4338599,2026-09-14T13:00:00Z,2026-09-14T15:00:00+0200,646.032,MW,DK1,DK_1,actual_onshore_wind_generation,Wind Onshore,2026-09-16T23:24:00Z
2026-09-16T23:22:26Z,2026-09-17T01:22:26+0200,5d77c48a-cbec-4d84-b46b-327ea4338599,2026-09-14T13:15:00Z,2026-09-14T15:15:00+0200,619.257,MW,DK1,DK_1,actual_onshore_wind_generation,Wind Onshore,2026-09-16T23:24:00Z
2026-09-16T23:22:26Z,2026-09-17T01:22:26+0200,5d77c48a-cbec-4d84-b46b-327ea4338599,2026-09-14T13:30:00Z,2026-09-14T15:30:00+0200,556.164,MW,DK1,DK_1,actual_onshore_wind_generation,Wind Onshore,2026-09-16T23:24:00Z
2026-09-16T23:22:26Z,2026-09-17T01:22:26+0200,5d77c48a-cbec-4d84-b46b-327ea4338599,2026-09-14T13:45:00Z,2026-09-14T15:45:00+0200,502.141,MW,DK1,DK_1,actual_onshore_wind_generation,Wind Onshore,2026-09-16T23:24:00Z
2026-09-16T23:22:26Z,2026-09-17T01:22:26+0200,5d77c48a-cbec-4d84-b46b-327ea4338599,2026-09-14T14:00:00Z,2026-09-14T16:00:00+0200,463.305,MW,DK1,DK_1,actual_onshore_wind_generation,Wind Onshore,2026-09-16T23:24:00Z
2026-09-16T23:22:26Z,2026-09-17T01:22:26+0200,5d77c48a-cbec-4d84-b46b-327ea4338599,2026-09-14T14:15:00Z,2026-09-14T16:15:00+0200,428.953,MW,DK1,DK_1,actual_onshore_wind_generation,Wind Onshore,2026-09-16T23:24:00Z
2026-09-16T23:22:26Z,2026-09-17T01:22:26+0200,5d77c48a-cbec-4d84-b46b-327ea4338599,2026-09-14T14:30:00Z,2026-09-14T16:30:00+0200,406.04,MW,DK1,DK_1,actual_onshore_wind_generation,Wind Onshore,2026-09-16T23:24:00Z
2026-09-16T23:22:26Z,2026-09-17T01:22:26+0200,5d77c48a-cbec-4d84-b46b-327ea4338599,2026-09-14T14:45:00Z,2026-09-14T16:45:00+0200,378.93,MW,DK1,DK_1,actual_onshore_wind_generation,Wind Onshore,2026-09-16T23:24:00Z
2026-09-16T23:22:26Z,2026-09-17T01:22:26+0200,5d77c48a-cbec-4d84-b46b-327ea4338599,2026-09-14T15:00:00Z,2026-09-14T17:00:00+0200,360.397,MW,DK1,DK_1,actual_onshore_wind_generation,Wind Onshore,2026-09-16T23:24:00Z
2026-09-16T23:22:26Z,2026-09-17T01:22:26+0200,5d77c48a-cbec-4d84-b46b-327ea4338599,2026-09-14T15:15:00Z,2026-09-14T17:15:00+0200,318.127,MW,DK1,DK_1,actual_onshore_wind_generation,Wind Onshore,2026-09-16T23:24:00Z
2026-09-16T23:22:26Z,2026-09-17T01:22:26+0200,5d77c48a-cbec-4d84-b46b-327ea4338599,2026-09-14T15:30:00Z,2026-09-14T17:30:00+0200,282.094,MW,DK1,DK_1,actual_onshore_wind_generation,Wind Onshore,2026-09-16T23:24:00Z
2026-09-16T23:22:26Z,2026-09-17T01:22:26+0200,5d77c48a-cbec-4d84-b46b-327ea4338599,2026-09-14T15:45:00Z,2026-09-14T17:45:00+0200,264.217,MW,DK1,DK_1,actual_onshore_wind_generation,Wind Onshore,2026-09-16T23:24:00Z
2026-09-16T23:22:26Z,2026-09-17T01:22:26+0200,5d77c48a-cbec-4d84-b46b-327ea4338599,2026-09-14T16:00:00Z,2026-09-14T18:00:00+0200,245.126,MW,DK1,DK_1,actual_onshore_wind_generation,Wind Onshore,2026-09-16T23:24:00Z
2026-09-16T23:22:26Z,2026-09-17T01:22:26+0200,5d77c48a-cbec-4d84-b46b-327ea4338599,2026-09-14T16:15:00Z,2026-09-14T18:15:00+0200,227.951,MW,DK1,DK_1,actual_onshore_wind_generation,Wind Onshore,2026-09-16T23:24:00Z
2026-09-16T23:22:26Z,2026-09-17T01:22:26+0200,5d77c48a-cbec-4d84-b46b-327ea4338599,2026-09-14T16:30:00Z,2026-09-14T18:30:00+0200,210.381,MW,DK1,DK_1,actual_onshore_wind_generation,Wind Onshore,2026-09-16T23:24:00Z
2026-09-16T23:22:26Z,2026-09-17T01:22:26+0200,5d77c48a-cbec-4d84-b46b-327ea4338599,2026-09-14T16:45:00Z,2026-09-14T18:45:00+0200,200.893,MW,DK1,DK_1,actual_onshore_wind_generation,Wind Onshore,2026-09-16T23:24:00Z
2026-09-16T23:22:26Z,2026-09-17T01:22:26+0200,5d77c48a-cbec-4d84-b46b-327ea4338599,2026-09-14T17:00:00Z,2026-09-14T19:00:00+0200,206.717,MW,DK1,DK_1,actual_onshore_wind_generation,Wind Onshore,2026-09-16T23:24:00Z
2026-09-16T23:22:26Z,2026-09-17T01:22:26+0200,5d77c48a-cbec-4d84-b46b-327ea4338599,2026-09-14T17:15:00Z,2026-09-14T19:15:00+0200,227.762,MW,DK1,DK_1,actual_onshore_wind_generation,Wind Onshore,2026-09-16T23:24:00Z
2026-09-16T23:22:26Z,2026-09-17T01:22:26+0200,5d77c48a-cbec-4d84-b46b-327ea4338599,2026-09-14T17:30:00Z,2026-09-14T19:30:00+0200,219.159,MW,DK1,DK_1,actual_onshore_wind_generation,Wind Onshore,2026-09-16T23:24:00Z
2026-09-16T23:22:26Z,2026-09-17T01:22:26+0200,5d77c48a-cbec-4d84-b46b-327ea4338599,2026-09-14T17:45:00Z,2026-09-14T19:45:00+0200,233.636,MW,DK1,DK_1,actual_onshore_wind_generation,Wind Onshore,2026-09-16T23:24:00Z
2026-09-16T23:22:26Z,2026-09-17T01:22:26+0200,5d77c48a-cbec-4d84-b46b-327ea4338599,2026-09-14T18:00:00Z,2026-09-14T20:00:00+0200,254.976,MW,DK1,DK_1,actual_onshore_wind_generation,Wind Onshore,2026-09-16T23:24:00Z
2026-09-16T23:22:26Z,2026-09-17T01:22:26+0200,5d77c48a-cbec-4d84-b46b-327ea4338599,2026-09-14T18:15:00Z,2026-09-14T20:15:00+0200,268.622,MW,DK1,DK_1,actual_onshore_wind_generation,Wind Onshore,2026-09-16T23:24:00Z
2026-09-16T23:22:26Z,2026-09-17T01:22:26+0200,5d77c48a-cbec-4d84-b46b-327ea4338599,2026-09-14T18:30:00Z,2026-09-14T20:30:00+0200,292.777,MW,DK1,DK_1,actual_onshore_wind_generation,Wind Onshore,2026-09-16T23:24:00Z
2026-09-16T23:22:26Z,2026-09-17T01:22:26+0200,5d77c48a-cbec-4d84-b46b-327ea4338599,2026-09-14T18:45:00Z,2026-09-14T20:45:00+0200,317.761,MW,DK1,DK_1,actual_onshore_wind_generation,Wind Onshore,2026-09-16T23:24:00Z
2026-09-16T23:22:26Z,2026-09-17T01:22:26+0200,5d77c48a-cbec-4d84-b46b-327ea4338599,2026-09-14T19:00:00Z,2026-09-14T21:00:00+0200,348.264,MW,DK1,DK_1,actual_onshore_wind_generation,Wind Onshore,2026-09-16T23:24:00Z
2026-09-16T23:22:26Z,2026-09-17T01:22:26+0200,5d77c48a-cbec-4d84-b46b-327ea4338599,2026-09-14T19:15:00Z,2026-09-14T21:15:00+0200,387.861,MW,DK1,DK_1,actual_onshore_wind_generation,Wind Onshore,2026-09-16T23:24:00Z
2026-09-16T23:22:26Z,2026-09-17T01:22:26+0200,5d77c48a-cbec-4d84-b46b-327ea4338599,2026-09-14T19:30:00Z,2026-09-14T21:30:00+0200,428.601,MW,DK1,DK_1,actual_onshore_wind_generation,Wind Onshore,2026-09-16T23:24:00Z
2026-09-16T23:22:26Z,2026-09-17T01:22:26+0200,5d77c48a-cbec-4d84-b46b-327ea4338599,2026-09-14T19:45:00Z,2026-09-14T21:45:00+0200,461.81,MW,DK1,DK_1,actual_onshore_wind_generation,Wind Onshore,2026-09-16T23:24:00Z
2026-09-16T23:22:26Z,2026-09-17T01:22:26+0200,5d77c48a-cbec-4d84-b46b-327ea4338599,2026-09-14T20:00:00Z,2026-09-14T22:00:00+0200,473.199,MW,DK1,DK_1,actual_onshore_wind_generation,Wind Onshore,2026-09-16T23:24:00Z
2026-09-16T23:22:26Z,2026-09-17T01:22:26+0200,5d77c48a-cbec-4d84-b46b-327ea4338599,2026-09-14T20:15:00Z,2026-09-14T22:15:00+0200,484.721,MW,DK1,DK_1,actual_onshore_wind_generation,Wind Onshore,2026-09-16T23:24:00Z
2026-09-16T23:22:26Z,2026-09-17T01:22:26+0200,5d77c48a-cbec-4d84-b46b-327ea4338599,2026-09-14T20:30:00Z,2026-09-14T22:30:00+0200,501.483,MW,DK1,DK_1,actual_onshore_wind_generation,Wind Onshore,2026-09-16T23:24:00Z
2026-09-16T23:22:26Z,2026-09-17T01:22:26+0200,5d77c48a-cbec-4d84-b46b-327ea4338599,2026-09-14T20:45:00Z,2026-09-14T22:45:00+0200,519.455,MW,DK1,DK_1,actual_onshore_wind_generation,Wind Onshore,2026-09-16T23:24:00Z
2026-09-16T23:22:26Z,2026-09-17T01:22:26+0200,5d77c48a-cbec-4d84-b46b-327ea4338599,2026-09-14T21:00:00Z,2026-09-14T23:00:00+0200,535.23,MW,DK1,DK_1,actual_onshore_wind_generation,Wind Onshore,2026-09-16T23:24:00Z
2026-09-16T23:22:26Z,2026-09-17T01:22:26+0200,5d77c48a-cbec-4d84-b46b-327ea4338599,2026-09-14T21:15:00Z,2026-09-14T23:15:00+0200,551.099,MW,DK1,DK_1,actual_onshore_wind_generation,Wind Onshore,2026-09-16T23:24:00Z
2026-09-16T23:22:26Z,2026-09-17T01:22:26+0200,5d77c48a-cbec-4d84-b46b-327ea4338599,2026-09-14T21:30:00Z,2026-09-14T23:30:00+0200,562.781,MW,DK1,DK_1,actual_onshore_wind_generation,Wind Onshore,2026-09-16T23:24:00Z
2026-09-16T23:22:26Z,2026-09-17T01:22:26+0200,5d77c48a-cbec-4d84-b46b-327ea4338599,2026-09-14T21:45:00Z,2026-09-14T23:45:00+0200,607.443,MW,DK1,DK_1,actual_onshore_wind_generation,Wind Onshore,2026-09-16T23:24:00Z
2026-09-16T23:22:26Z,2026-09-17T01:22:26+0200,5d77c48a-cbec-4d84-b46b-327ea4338599,2026-09-14T22:00:00Z,2026-09-15T00:00:00+0200,657.91,MW,DK1,DK_1,actual_onshore_wind_generation,Wind Onshore,2026-09-16T23:24:00Z
2026-09-16T23:22:26Z,2026-09-17T01:22:26+0200,5d77c48a-cbec-4d84-b46b-327ea4338599,2026-09-14T22:15:00Z,2026-09-15T00:15:00+0200,682.374,MW,DK1,DK_1,actual_onshore_wind_generation,Wind Onshore,2026-09-16T23:24:00Z
2026-09-16T23:22:26Z,2026-09-17T01:22:26+0200,5d77c48a-cbec-4d84-b46b-327ea4338599,2026-09-14T22:30:00Z,2026-09-15T00:30:00+0200,716.297,MW,DK1,DK_1,actual_onshore_wind_generation,Wind Onshore,2026-09-16T23:24:00Z
2026-09-16T23:22:26Z,2026-09-17T01:22:26+0200,5d77c48a-cbec-4d84-b46b-327ea4338599,2026-09-14T22:45:00Z,2026-09-15T00:45:00+0200,710.413,MW,DK1,DK_1,actual_onshore_wind_generation,Wind Onshore,2026-09-16T23:24:00Z
2026-09-16T23:22:26Z,2026-09-17T01:22:26+0200,5d77c48a-cbec-4d84-b46b-327ea4338599,2026-09-14T23:00:00Z,2026-09-15T01:00:00+0200,703.213,MW,DK1,DK_1,actual_onshore_wind_generation,Wind Onshore,2026-09-16T23:24:00Z
2026-09-16T23:22:26Z,2026-09-17T01:22:26+0200,5d77c48a-cbec-4d84-b46b-327ea4338599,2026-09-14T23:15:00Z,2026-09-15T01:15:00+0200,681.597,MW,DK1,DK_1,actual_onshore_wind_generation,Wind Onshore,2026-09-16T23:24:00Z
2026-09-16T23:22:26Z,2026-09-17T01:22:26+0200,5d77c48a-cbec-4d84-b46b-327ea4338599,2026-09-14T23:30:00Z,2026-09-15T01:30:00+0200,674.06,MW,DK1,DK_1,actual_onshore_wind_generation,Wind Onshore,2026-09-16T23:24:00Z
2026-09-16T23:22:26Z,2026-09-17T01:22:26+0200,5d77c48a-cbec-4d84-b46b-327ea4338599,2026-09-14T23:45:00Z,2026-09-15T01:45:00+0200,656.102,MW,DK1,DK_1,actual_onshore_wind_generation,Wind Onshore,2026-09-16T23:24:00Z
2026-09-16T23:22:26Z,2026-09-17T01:22:26+0200,5d77c48a-cbec-4d84-b46b-327ea4338599,2026-09-15T00:00:00Z,2026-09-15T02:00:00+0200,669.43,MW,DK1,DK_1,actual_onshore_wind_generation,Wind Onshore,2026-09-16T23:24:00Z
2026-09-16T23:22:26Z,2026-09-17T01:22:26+0200,5d77c48a-cbec-4d84-b46b-327ea4338599,2026-09-15T00:15:00Z,2026-09-15T02:15:00+0200,704.143,MW,DK1,DK_1,actual_onshore_wind_generation,Wind Onshore,2026-09-16T23:24:00Z
2026-09-16T23:22:26Z,2026-09-17T01:22:26+0200,5d77c48a-cbec-4d84-b46b-327ea4338599,2026-09-15T00:30:00Z,2026-09-15T02:30:00+0200,750.05,MW,DK1,DK_1,actual_onshore_wind_generation,Wind Onshore,2026-09-16T23:24:00Z
2026-09-16T23:22:26Z,2026-09-17T01:22:26+0200,5d77c48a-cbec-4d84-b46b-327ea4338599,2026-09-15T00:45:00Z,2026-09-15T02:45:00+0200,781.048,MW,DK1,DK_1,actual_onshore_wind_generation,Wind Onshore,2026-09-16T23:24:00Z
2026-09-16T23:22:26Z,2026-09-17T01:22:26+0200,5d77c48a-cbec-4d84-b46b-327ea4338599,2026-09-15T01:00:00Z,2026-09-15T03:00:00+0200,796.08,MW,DK1,DK_1,actual_onshore_wind_generation,Wind Onshore,2026-09-16T23:24:00Z
2026-09-16T23:22:26Z,2026-09-17T01:22:26+0200,5d77c48a-cbec-4d84-b46b-327ea4338599,2026-09-15T01:15:00Z,2026-09-15T03:15:00+0200,790.862,MW,DK1,DK_1,actual_onshore_wind_generation,Wind Onshore,2026-09-16T23:24:00Z
2026-09-16T23:22:26Z,2026-09-17T01:22:26+0200,5d77c48a-cbec-4d84-b46b-327ea4338599,2026-09-15T01:30:00Z,2026-09-15T03:30:00+0200,774.634,MW,DK1,DK_1,actual_onshore_wind_generation,Wind Onshore,2026-09-16T23:24:00Z
2026-09-16T23:22:26Z,2026-09-17T01:22:26+0200,5d77c48a-cbec-4d84-b46b-327ea4338599,2026-09-15T01:45:00Z,2026-09-15T03:45:00+0200,773.458,MW,DK1,DK_1,actual_onshore_wind_generation,Wind Onshore,2026-09-16T23:24:00Z
2026-09-16T23:22:26Z,2026-09-17T01:22:26+0200,5d77c48a-cbec-4d84-b46b-327ea4338599,2026-09-15T02:00:00Z,2026-09-15T04:00:00+0200,781.094,MW,DK1,DK_1,actual_onshore_wind_generation,Wind Onshore,2026-09-16T23:24:00Z
2026-09-16T23:22:26Z,2026-09-17T01:22:26+0200,5d77c48a-cbec-4d84-b46b-327ea4338599,2026-09-15T02:15:00Z,2026-09-15T04:15:00+0200,797.105,MW,DK1,DK_1,actual_onshore_wind_generation,Wind Onshore,2026-09-16T23:24:00Z
2026-09-16T23:22:26Z,2026-09-17T01:22:26+0200,5d77c48a-cbec-4d84-b46b-327ea4338599,2026-09-15T02:30:00Z,2026-09-15T04:30:00+0200,823.57,MW,DK1,DK_1,actual_onshore_wind_generation,Wind Onshore,2026-09-16T23:24:00Z
2026-09-16T23:22:26Z,2026-09-17T01:22:26+0200,5d77c48a-cbec-4d84-b46b-327ea4338599,2026-09-15T02:45:00Z,2026-09-15T04:45:00+0200,805.467,MW,DK1,DK_1,actual_onshore_wind_generation,Wind Onshore,2026-09-16T23:24:00Z
2026-09-16T23:22:26Z,2026-09-17T01:22:26+0200,5d77c48a-cbec-4d84-b46b-327ea4338599,2026-09-15T03:00:00Z,2026-09-15T05:00:00+0200,829.952,MW,DK1,DK_1,actual_onshore_wind_generation,Wind Onshore,2026-09-16T23:24:00Z
2026-09-16T23:22:26Z,2026-09-17T01:22:26+0200,5d77c48a-cbec-4d84-b46b-327ea4338599,2026-09-15T03:15:00Z,2026-09-15T05:15:00+0200,837.685,MW,DK1,DK_1,actual_onshore_wind_generation,Wind Onshore,2026-09-16T23:24:00Z
2026-09-16T23:22:26Z,2026-09-17T01:22:26+0200,5d77c48a-cbec-4d84-b46b-327ea4338599,2026-09-15T03:30:00Z,2026-09-15T05:30:00+0200,837.905,MW,DK1,DK_1,actual_onshore_wind_generation,Wind Onshore,2026-09-16T23:24:00Z
2026-09-16T23:22:26Z,2026-09-17T01:22:26+0200,5d77c48a-cbec-4d84-b46b-327ea4338599,2026-09-15T03:45:00Z,2026-09-15T05:45:00+0200,876.466,MW,DK1,DK_1,actual_onshore_wind_generation,Wind Onshore,2026-09-16T23:24:00Z
2026-09-16T23:22:26Z,2026-09-17T01:22:26+0200,5d77c48a-cbec-4d84-b46b-327ea4338599,2026-09-15T04:00:00Z,2026-09-15T06:00:00+0200,880.972,MW,DK1,DK_1,actual_onshore_wind_generation,Wind Onshore,2026-09-16T23:24:00Z
2026-09-16T23:22:26Z,2026-09-17T01:22:26+0200,5d77c48a-cbec-4d84-b46b-327ea4338599,2026-09-15T04:15:00Z,2026-09-15T06:15:00+0200,880.01,MW,DK1,DK_1,actual_onshore_wind_generation,Wind Onshore,2026-09-16T23:24:00Z
2026-09-16T23:22:26Z,2026-09-17T01:22:26+0200,5d77c48a-cbec-4d84-b46b-327ea4338599,2026-09-15T04:30:00Z,2026-09-15T06:30:00+0200,877.774,MW,DK1,DK_1,actual_onshore_wind_generation,Wind Onshore,2026-09-16T23:24:00Z
2026-09-16T23:22:26Z,2026-09-17T01:22:26+0200,5d77c48a-cbec-4d84-b46b-327ea4338599,2026-09-15T04:45:00Z,2026-09-15T06:45:00+0200,875.898,MW,DK1,DK_1,actual_onshore_wind_generation,Wind Onshore,2026-09-16T23:24:00Z
2026-09-16T23:22:26Z,2026-09-17T01:22:26+0200,5d77c48a-cbec-4d84-b46b-327ea4338599,2026-09-15T05:00:00Z,2026-09-15T07:00:00+0200,893.072,MW,DK1,DK_1,actual_onshore_wind_generation,Wind Onshore,2026-09-16T23:24:00Z
2026-09-16T23:22:26Z,2026-09-17T01:22:26+0200,5d77c48a-cbec-4d84-b46b-327ea4338599,2026-09-15T05:15:00Z,2026-09-15T07:15:00+0200,866.827,MW,DK1,DK_1,actual_onshore_wind_generation,Wind Onshore,2026-09-16T23:24:00Z
2026-09-16T23:22:26Z,2026-09-17T01:22:26+0200,5d77c48a-cbec-4d84-b46b-327ea4338599,2026-09-15T05:30:00Z,2026-09-15T07:30:00+0200,850.736,MW,DK1,DK_1,actual_onshore_wind_generation,Wind Onshore,2026-09-16T23:24:00Z
2026-09-16T23:22:26Z,2026-09-17T01:22:26+0200,5d77c48a-cbec-4d84-b46b-327ea4338599,2026-09-15T05:45:00Z,2026-09-15T07:45:00+0200,901.038,MW,DK1,DK_1,actual_onshore_wind_generation,Wind Onshore,2026-09-16T23:24:00Z
2026-09-16T23:22:26Z,2026-09-17T01:22:26+0200,5d77c48a-cbec-4d84-b46b-327ea4338599,2026-09-15T06:00:00Z,2026-09-15T08:00:00+0200,915.426,MW,DK1,DK_1,actual_onshore_wind_generation,Wind Onshore,2026-09-16T23:24:00Z
2026-09-16T23:22:26Z,2026-09-17T01:22:26+0200,5d77c48a-cbec-4d84-b46b-327ea4338599,2026-09-15T06:15:00Z,2026-09-15T08:15:00+0200,914.771,MW,DK1,DK_1,actual_onshore_wind_generation,Wind Onshore,2026-09-16T23:24:00Z
2026-09-16T23:22:26Z,2026-09-17T01:22:26+0200,5d77c48a-cbec-4d84-b46b-327ea4338599,2026-09-15T06:30:00Z,2026-09-15T08:30:00+0200,901.117,MW,DK1,DK_1,actual_onshore_wind_generation,Wind Onshore,2026-09-16T23:24:00Z
2026-09-16T23:22:26Z,2026-09-17T01:22:26+0200,5d77c48a-cbec-4d84-b46b-327ea4338599,2026-09-15T06:45:00Z,2026-09-15T08:45:00+0200,905.26,MW,DK1,DK_1,actual_onshore_wind_generation,Wind Onshore,2026-09-16T23:24:00Z
2026-09-16T23:22:26Z,2026-09-17T01:22:26+0200,5d77c48a-cbec-4d84-b46b-327ea4338599,2026-09-15T07:00:00Z,2026-09-15T09:00:00+0200,930.217,MW,DK1,DK_1,actual_onshore_wind_generation,Wind Onshore,2026-09-16T23:24:00Z
2026-09-16T23:22:26Z,2026-09-17T01:22:26+0200,5d77c48a-cbec-4d84-b46b-327ea4338599,2026-09-15T07:15:00Z,2026-09-15T09:15:00+0200,983.603,MW,DK1,DK_1,actual_onshore_wind_generation,Wind Onshore,2026-09-16T23:24:00Z
2026-09-16T23:22:26Z,2026-09-17T01:22:26+0200,5d77c48a-cbec-4d84-b46b-327ea4338599,2026-09-15T07:30:00Z,2026-09-15T09:30:00+0200,1045.13,MW,DK1,DK_1,actual_onshore_wind_generation,Wind Onshore,2026-09-16T23:24:00Z
2026-09-16T23:22:26Z,2026-09-17T01:22:26+0200,5d77c48a-cbec-4d84-b46b-327ea4338599,2026-09-15T07:45:00Z,2026-09-15T09:45:00+0200,1061.43,MW,DK1,DK_1,actual_onshore_wind_generation,Wind Onshore,2026-09-16T23:24:00Z
2026-09-16T23:22:26Z,2026-09-17T01:22:26+0200,5d77c48a-cbec-4d84-b46b-327ea4338599,2026-09-15T08:00:00Z,2026-09-15T10:00:00+0200,1132.42,MW,DK1,DK_1,actual_onshore_wind_generation,Wind Onshore,2026-09-16T23:24:00Z
2026-09-16T23:22:26Z,2026-09-17T01:22:26+0200,5d77c48a-cbec-4d84-b46b-327ea4338599,2026-09-15T08:15:00Z,2026-09-15T10:15:00+0200,1182.38,MW,DK1,DK_1,actual_onshore_wind_generation,Wind Onshore,2026-09-16T23:24:00Z
2026-09-16T23:22:26Z,2026-09-17T01:22:26+0200,5d77c48a-cbec-4d84-b46b-327ea4338599,2026-09-15T08:30:00Z,2026-09-15T10:30:00+0200,1240.56,MW,DK1,DK_1,actual_onshore_wind_generation,Wind Onshore,2026-09-16T23:24:00Z
2026-09-16T23:22:26Z,2026-09-17T01:22:26+0200,5d77c48a-cbec-4d84-b46b-327ea4338599,2026-09-15T08:45:00Z,2026-09-15T10:45:00+0200,1320.86,MW,DK1,DK_1,actual_onshore_wind_generation,Wind Onshore,2026-09-16T23:24:00Z
2026-09-16T23:22:26Z,2026-09-17T01:22:26+0200,5d77c48a-cbec-4d84-b46b-327ea4338599,2026-09-15T09:00:00Z,2026-09-15T11:00:00+0200,1418.32,MW,DK1,DK_1,actual_onshore_wind_generation,Wind Onshore,2026-09-16T23:24:00Z
2026-09-16T23:22:26Z,2026-09-17T01:22:26+0200,5d77c48a-cbec-4d84-b46b-327ea4338599,2026-09-15T09:15:00Z,2026-09-15T11:15:00+0200,1510.02,MW,DK1,DK_1,actual_onshore_wind_generation,Wind Onshore,2026-09-16T23:24:00Z
2026-09-16T23:22:26Z,2026-09-17T01:22:26+0200,5d77c48a-cbec-4d84-b46b-327ea4338599,2026-09-15T09:30:00Z,2026-09-15T11:30:00+0200,1571.98,MW,DK1,DK_1,actual_onshore_wind_generation,Wind Onshore,2026-09-16T23:24:00Z
2026-09-16T23:22:26Z,2026-09-17T01:22:26+0200,5d77c48a-cbec-4d84-b46b-327ea4338599,2026-09-15T09:45:00Z,2026-09-15T11:45:00+0200,1626.93,MW,DK1,DK_1,actual_onshore_wind_generation,Wind Onshore,2026-09-16T23:24:00Z
2026-09-16T23:22:26Z,2026-09-17T01:22:26+0200,5d77c48a-cbec-4d84-b46b-327ea4338599,2026-09-15T10:00:00Z,2026-09-15T12:00:00+0200,1715.77,MW,DK1,DK_1,actual_onshore_wind_generation,Wind Onshore,2026-09-16T23:24:00Z
2026-09-16T23:22:26Z,2026-09-17T01:22:26+0200,5d77c48a-cbec-4d84-b46b-327ea4338599,2026-09-15T10:15:00Z,2026-09-15T12:15:00+0200,1800.66,MW,DK1,DK_1,actual_onshore_wind_generation,Wind Onshore,2026-09-16T23:24:00Z
2026-09-16T23:22:26Z,2026-09-17T01:22:26+0200,5d77c48a-cbec-4d84-b46b-327ea4338599,2026-09-15T10:30:00Z,2026-09-15T12:30:00+0200,1858.64,MW,DK1,DK_1,actual_onshore_wind_generation,Wind Onshore,2026-09-16T23:24:00Z
2026-09-16T23:22:26Z,2026-09-17T01:22:26+0200,5d77c48a-cbec-4d84-b46b-327ea4338599,2026-09-15T10:45:00Z,2026-09-15T12:45:00+0200,1896.05,MW,DK1,DK_1,actual_onshore_wind_generation,Wind Onshore,2026-09-16T23:24:00Z
2026-09-16T23:22:26Z,2026-09-17T01:22:26+0200,5d77c48a-cbec-4d84-b46b-327ea4338599,2026-09-15T11:00:00Z,2026-09-15T13:00:00+0200,1906.63,MW,DK1,DK_1,actual_onshore_wind_generation,Wind Onshore,2026-09-16T23:24:00Z
2026-09-16T23:22:26Z,2026-09-17T01:22:26+0200,5d77c48a-cbec-4d84-b46b-327ea4338599,2026-09-15T11:15:00Z,2026-09-15T13:15:00+0200,1875.16,MW,DK1,DK_1,actual_onshore_wind_generation,Wind Onshore,2026-09-16T23:24:00Z
2026-09-16T23:22:26Z,2026-09-17T01:22:26+0200,5d77c48a-cbec-4d84-b46b-327ea4338599,2026-09-15T11:30:00Z,2026-09-15T13:30:00+0200,1883.29,MW,DK1,DK_1,actual_onshore_wind_generation,Wind Onshore,2026-09-16T23:24:00Z
2026-09-16T23:22:26Z,2026-09-17T01:22:26+0200,5d77c48a-cbec-4d84-b46b-327ea4338599,2026-09-15T11:45:00Z,2026-09-15T13:45:00+0200,1862.6,MW,DK1,DK_1,actual_onshore_wind_generation,Wind Onshore,2026-09-16T23:24:00Z
2026-09-16T23:22:26Z,2026-09-17T01:22:26+0200,5d77c48a-cbec-4d84-b46b-327ea4338599,2026-09-15T12:00:00Z,2026-09-15T14:00:00+0200,1835.99,MW,DK1,DK_1,actual_onshore_wind_generation,Wind Onshore,2026-09-16T23:24:00Z
2026-09-16T23:22:26Z,2026-09-17T01:22:26+0200,5d77c48a-cbec-4d84-b46b-327ea4338599,2026-09-15T12:15:00Z,2026-09-15T14:15:00+0200,1781.05,MW,DK1,DK_1,actual_onshore_wind_generation,Wind Onshore,2026-09-16T23:24:00Z
2026-09-16T23:22:26Z,2026-09-17T01:22:26+0200,5d77c48a-cbec-4d84-b46b-327ea4338599,2026-09-15T12:30:00Z,2026-09-15T14:30:00+0200,1803.56,MW,DK1,DK_1,actual_onshore_wind_generation,Wind Onshore,2026-09-16T23:24:00Z
2026-09-16T23:22:26Z,2026-09-17T01:22:26+0200,5d77c48a-cbec-4d84-b46b-327ea4338599,2026-09-15T12:45:00Z,2026-09-15T14:45:00+0200,1794.01,MW,DK1,DK_1,actual_onshore_wind_generation,Wind Onshore,2026-09-16T23:24:00Z
2026-09-16T23:22:26Z,2026-09-17T01:22:26+0200,5d77c48a-cbec-4d84-b46b-327ea4338599,2026-09-15T13:00:00Z,2026-09-15T15:00:00+0200,1709.77,MW,DK1,DK_1,actual_onshore_wind_generation,Wind Onshore,2026-09-16T23:24:00Z
2026-09-16T23:22:26Z,2026-09-17T01:22:26+0200,5d77c48a-cbec-4d84-b46b-327ea4338599,2026-09-15T13:15:00Z,2026-09-15T15:15:00+0200,1729.8,MW,DK1,DK_1,actual_onshore_wind_generation,Wind Onshore,2026-09-16T23:24:00Z
2026-09-16T23:22:26Z,2026-09-17T01:22:26+0200,5d77c48a-cbec-4d84-b46b-327ea4338599,2026-09-15T13:30:00Z,2026-09-15T15:30:00+0200,1740.5,MW,DK1,DK_1,actual_onshore_wind_generation,Wind Onshore,2026-09-16T23:24:00Z
2026-09-16T23:22:26Z,2026-09-17T01:22:26+0200,5d77c48a-cbec-4d84-b46b-327ea4338599,2026-09-15T13:45:00Z,2026-09-15T15:45:00+0200,1779.49,MW,DK1,DK_1,actual_onshore_wind_generation,Wind Onshore,2026-09-16T23:24:00Z
2026-09-16T23:22:26Z,2026-09-17T01:22:26+0200,5d77c48a-cbec-4d84-b46b-327ea4338599,2026-09-15T14:00:00Z,2026-09-15T16:00:00+0200,1771.68,MW,DK1,DK_1,actual_onshore_wind_generation,Wind Onshore,2026-09-16T23:24:00Z
2026-09-16T23:22:26Z,2026-09-17T01:22:26+0200,5d77c48a-cbec-4d84-b46b-327ea4338599,2026-09-15T14:15:00Z,2026-09-15T16:15:00+0200,1763.07,MW,DK1,DK_1,actual_onshore_wind_generation,Wind Onshore,2026-09-16T23:24:00Z
2026-09-16T23:22:26Z,2026-09-17T01:22:26+0200,5d77c48a-cbec-4d84-b46b-327ea4338599,2026-09-15T14:30:00Z,2026-09-15T16:30:00+0200,1766.42,MW,DK1,DK_1,actual_onshore_wind_generation,Wind Onshore,2026-09-16T23:24:00Z
2026-09-16T23:22:26Z,2026-09-17T01:22:26+0200,5d77c48a-cbec-4d84-b46b-327ea4338599,2026-09-15T14:45:00Z,2026-09-15T16:45:00+0200,1781.88,MW,DK1,DK_1,actual_onshore_wind_generation,Wind Onshore,2026-09-16T23:24:00Z
2026-09-16T23:22:26Z,2026-09-17T01:22:26+0200,5d77c48a-cbec-4d84-b46b-327ea4338599,2026-09-15T15:00:00Z,2026-09-15T17:00:00+0200,1808.13,MW,DK1,DK_1,actual_onshore_wind_generation,Wind Onshore,2026-09-16T23:24:00Z
2026-09-16T23:22:26Z,2026-09-17T01:22:26+0200,5d77c48a-cbec-4d84-b46b-327ea4338599,2026-09-15T15:15:00Z,2026-09-15T17:15:00+0200,1802.67,MW,DK1,DK_1,actual_onshore_wind_generation,Wind Onshore,2026-09-16T23:24:00Z
2026-09-16T23:22:26Z,2026-09-17T01:22:26+0200,5d77c48a-cbec-4d84-b46b-327ea4338599,2026-09-15T15:30:00Z,2026-09-15T17:30:00+0200,1841.01,MW,DK1,DK_1,actual_onshore_wind_generation,Wind Onshore,2026-09-16T23:24:00Z
2026-09-16T23:22:26Z,2026-09-17T01:22:26+0200,5d77c48a-cbec-4d84-b46b-327ea4338599,2026-09-15T15:45:00Z,2026-09-15T17:45:00+0200,1851.36,MW,DK1,DK_1,actual_onshore_wind_generation,Wind Onshore,2026-09-16T23:24:00Z
2026-09-16T23:22:26Z,2026-09-17T01:22:26+0200,5d77c48a-cbec-4d84-b46b-327ea4338599,2026-09-15T16:00:00Z,2026-09-15T18:00:00+0200,1838.64,MW,DK1,DK_1,actual_onshore_wind_generation,Wind Onshore,2026-09-16T23:24:00Z
2026-09-16T23:22:26Z,2026-09-17T01:22:26+0200,5d77c48a-cbec-4d84-b46b-327ea4338599,2026-09-15T16:15:00Z,2026-09-15T18:15:00+0200,1782.89,MW,DK1,DK_1,actual_onshore_wind_generation,Wind Onshore,2026-09-16T23:24:00Z
2026-09-16T23:22:26Z,2026-09-17T01:22:26+0200,5d77c48a-cbec-4d84-b46b-327ea4338599,2026-09-15T16:30:00Z,2026-09-15T18:30:00+0200,1811.81,MW,DK1,DK_1,actual_onshore_wind_generation,Wind Onshore,2026-09-16T23:24:00Z
2026-09-16T23:22:26Z,2026-09-17T01:22:26+0200,5d77c48a-cbec-4d84-b46b-327ea4338599,2026-09-15T16:45:00Z,2026-09-15T18:45:00+0200,1820.67,MW,DK1,DK_1,actual_onshore_wind_generation,Wind Onshore,2026-09-16T23:24:00Z
2026-09-16T23:22:26Z,2026-09-17T01:22:26+0200,5d77c48a-cbec-4d84-b46b-327ea4338599,2026-09-15T17:00:00Z,2026-09-15T19:00:00+0200,1819.65,MW,DK1,DK_1,actual_onshore_wind_generation,Wind Onshore,2026-09-16T23:24:00Z
2026-09-16T23:22:26Z,2026-09-17T01:22:26+0200,5d77c48a-cbec-4d84-b46b-327ea4338599,2026-09-15T17:15:00Z,2026-09-15T19:15:00+0200,1861.83,MW,DK1,DK_1,actual_onshore_wind_generation,Wind Onshore,2026-09-16T23:24:00Z
2026-09-16T23:22:26Z,2026-09-17T01:22:26+0200,5d77c48a-cbec-4d84-b46b-327ea4338599,2026-09-15T17:30:00Z,2026-09-15T19:30:00+0200,1838.65,MW,DK1,DK_1,actual_onshore_wind_generation,Wind Onshore,2026-09-16T23:24:00Z
2026-09-16T23:22:26Z,2026-09-17T01:22:26+0200,5d77c48a-cbec-4d84-b46b-327ea4338599,2026-09-15T17:45:00Z,2026-09-15T19:45:00+0200,1765.69,MW,DK1,DK_1,actual_onshore_wind_generation,Wind Onshore,2026-09-16T23:24:00Z
2026-09-16T23:22:26Z,2026-09-17T01:22:26+0200,5d77c48a-cbec-4d84-b46b-327ea4338599,2026-09-15T18:00:00Z,2026-09-15T20:00:00+0200,1784.05,MW,DK1,DK_1,actual_onshore_wind_generation,Wind Onshore,2026-09-16T23:24:00Z
2026-09-16T23:22:26Z,2026-09-17T01:22:26+0200,5d77c48a-cbec-4d84-b46b-327ea4338599,2026-09-15T18:15:00Z,2026-09-15T20:15:00+0200,1839.83,MW,DK1,DK_1,actual_onshore_wind_generation,Wind Onshore,2026-09-16T23:24:00Z
2026-09-16T23:22:26Z,2026-09-17T01:22:26+0200,5d77c48a-cbec-4d84-b46b-327ea4338599,2026-09-15T18:30:00Z,2026-09-15T20:30:00+0200,1835.6,MW,DK1,DK_1,actual_onshore_wind_generation,Wind Onshore,2026-09-16T23:24:00Z
2026-09-16T23:22:26Z,2026-09-17T01:22:26+0200,5d77c48a-cbec-4d84-b46b-327ea4338599,2026-09-15T18:45:00Z,2026-09-15T20:45:00+0200,1838.42,MW,DK1,DK_1,actual_onshore_wind_generation,Wind Onshore,2026-09-16T23:24:00Z
2026-09-16T23:22:26Z,2026-09-17T01:22:26+0200,5d77c48a-cbec-4d84-b46b-327ea4338599,2026-09-15T19:00:00Z,2026-09-15T21:00:00+0200,1936.17,MW,DK1,DK_1,actual_onshore_wind_generation,Wind Onshore,2026-09-16T23:24:00Z
2026-09-16T23:22:26Z,2026-09-17T01:22:26+0200,5d77c48a-cbec-4d84-b46b-327ea4338599,2026-09-15T19:15:00Z,2026-09-15T21:15:00+0200,2043.32,MW,DK1,DK_1,actual_onshore_wind_generation,Wind Onshore,2026-09-16T23:24:00Z
2026-09-16T23:22:26Z,2026-09-17T01:22:26+0200,5d77c48a-cbec-4d84-b46b-327ea4338599,2026-09-15T19:30:00Z,2026-09-15T21:30:00+0200,2096.5,MW,DK1,DK_1,actual_onshore_wind_generation,Wind Onshore,2026-09-16T23:24:00Z
2026-09-16T23:22:26Z,2026-09-17T01:22:26+0200,5d77c48a-cbec-4d84-b46b-327ea4338599,2026-09-15T19:45:00Z,2026-09-15T21:45:00+0200,2142.05,MW,DK1,DK_1,actual_onshore_wind_generation,Wind Onshore,2026-09-16T23:24:00Z
2026-09-16T23:22:26Z,2026-09-17T01:22:26+0200,5d77c48a-cbec-4d84-b46b-327ea4338599,2026-09-15T20:00:00Z,2026-09-15T22:00:00+0200,2129.68,MW,DK1,DK_1,actual_onshore_wind_generation,Wind Onshore,2026-09-16T23:24:00Z
2026-09-16T23:22:26Z,2026-09-17T01:22:26+0200,5d77c48a-cbec-4d84-b46b-327ea4338599,2026-09-15T20:15:00Z,2026-09-15T22:15:00+0200,2098.21,MW,DK1,DK_1,actual_onshore_wind_generation,Wind Onshore,2026-09-16T23:24:00Z
2026-09-16T23:22:26Z,2026-09-17T01:22:26+0200,5d77c48a-cbec-4d84-b46b-327ea4338599,2026-09-15T20:30:00Z,2026-09-15T22:30:00+0200,2028.03,MW,DK1,DK_1,actual_onshore_wind_generation,Wind Onshore,2026-09-16T23:24:00Z
2026-09-16T23:22:26Z,2026-09-17T01:22:26+0200,5d77c48a-cbec-4d84-b46b-327ea4338599,2026-09-15T20:45:00Z,2026-09-15T22:45:00+0200,1979.86,MW,DK1,DK_1,actual_onshore_wind_generation,Wind Onshore,2026-09-16T23:24:00Z
2026-09-16T23:22:26Z,2026-09-17T01:22:26+0200,5d77c48a-cbec-4d84-b46b-327ea4338599,2026-09-15T21:00:00Z,2026-09-15T23:00:00+0200,1831.37,MW,DK1,DK_1,actual_onshore_wind_generation,Wind Onshore,2026-09-16T23:24:00Z
2026-09-16T23:22:26Z,2026-09-17T01:22:26+0200,5d77c48a-cbec-4d84-b46b-327ea4338599,2026-09-15T21:15:00Z,2026-09-15T23:15:00+0200,1755.41,MW,DK1,DK_1,actual_onshore_wind_generation,Wind Onshore,2026-09-16T23:24:00Z
2026-09-16T23:22:26Z,2026-09-17T01:22:26+0200,5d77c48a-cbec-4d84-b46b-327ea4338599,2026-09-15T21:30:00Z,2026-09-15T23:30:00+0200,1700.39,MW,DK1,DK_1,actual_onshore_wind_generation,Wind Onshore,2026-09-16T23:24:00Z
2026-09-16T23:22:26Z,2026-09-17T01:22:26+0200,5d77c48a-cbec-4d84-b46b-327ea4338599,2026-09-15T21:45:00Z,2026-09-15T23:45:00+0200,1666.24,MW,DK1,DK_1,actual_onshore_wind_generation,Wind Onshore,2026-09-16T23:24:00Z
2026-09-16T23:22:26Z,2026-09-17T01:22:26+0200,5d77c48a-cbec-4d84-b46b-327ea4338599,2026-09-15T22:00:00Z,2026-09-16T00:00:00+0200,1585.96,MW,DK1,DK_1,actual_onshore_wind_generation,Wind Onshore,2026-09-16T23:24:00Z
2026-09-16T23:22:26Z,2026-09-17T01:22:26+0200,5d77c48a-cbec-4d84-b46b-327ea4338599,2026-09-15T22:15:00Z,2026-09-16T00:15:00+0200,1545.93,MW,DK1,DK_1,actual_onshore_wind_generation,Wind Onshore,2026-09-16T23:24:00Z
2026-09-16T23:22:26Z,2026-09-17T01:22:26+0200,5d77c48a-cbec-4d84-b46b-327ea4338599,2026-09-15T22:30:00Z,2026-09-16T00:30:00+0200,1511.72,MW,DK1,DK_1,actual_onshore_wind_generation,Wind Onshore,2026-09-16T23:24:00Z
2026-09-16T23:22:26Z,2026-09-17T01:22:26+0200,5d77c48a-cbec-4d84-b46b-327ea4338599,2026-09-15T22:45:00Z,2026-09-16T00:45:00+0200,1497.22,MW,DK1,DK_1,actual_onshore_wind_generation,Wind Onshore,2026-09-16T23:24:00Z
2026-09-16T23:22:26Z,2026-09-17T01:22:26+0200,5d77c48a-cbec-4d84-b46b-327ea4338599,2026-09-15T23:00:00Z,2026-09-16T01:00:00+0200,1478.86,MW,DK1,DK_1,actual_onshore_wind_generation,Wind Onshore,2026-09-16T23:24:00Z
2026-09-16T23:22:26Z,2026-09-17T01:22:26+0200,5d77c48a-cbec-4d84-b46b-327ea4338599,2026-09-15T23:15:00Z,2026-09-16T01:15:00+0200,1470.47,MW,DK1,DK_1,actual_onshore_wind_generation,Wind Onshore,2026-09-16T23:24:00Z
2026-09-16T23:22:26Z,2026-09-17T01:22:26+0200,5d77c48a-cbec-4d84-b46b-327ea4338599,2026-09-15T23:30:00Z,2026-09-16T01:30:00+0200,1426.23,MW,DK1,DK_1,actual_onshore_wind_generation,Wind Onshore,2026-09-16T23:24:00Z
2026-09-16T23:22:26Z,2026-09-17T01:22:26+0200,5d77c48a-cbec-4d84-b46b-327ea4338599,2026-09-15T23:45:00Z,2026-09-16T01:45:00+0200,1450.77,MW,DK1,DK_1,actual_onshore_wind_generation,Wind Onshore,2026-09-16T23:24:00Z
2026-09-16T23:22:26Z,2026-09-17T01:22:26+0200,5d77c48a-cbec-4d84-b46b-327ea4338599,2026-09-16T00:00:00Z,2026-09-16T02:00:00+0200,1446.63,MW,DK1,DK_1,actual_onshore_wind_generation,Wind Onshore,2026-09-16T23:24:00Z
2026-09-16T23:22:26Z,2026-09-17T01:22:26+0200,5d77c48a-cbec-4d84-b46b-327ea4338599,2026-09-16T00:15:00Z,2026-09-16T02:15:00+0200,1466.88,MW,DK1,DK_1,actual_onshore_wind_generation,Wind Onshore,2026-09-16T23:24:00Z
2026-09-16T23:22:26Z,2026-09-17T01:22:26+0200,5d77c48a-cbec-4d84-b46b-327ea4338599,2026-09-16T00:30:00Z,2026-09-16T02:30:00+0200,1424.02,MW,DK1,DK_1,actual_onshore_wind_generation,Wind Onshore,2026-09-16T23:24:00Z
2026-09-16T23:22:26Z,2026-09-17T01:22:26+0200,5d77c48a-cbec-4d84-b46b-327ea4338599,2026-09-16T00:45:00Z,2026-09-16T02:45:00+0200,1382.41,MW,DK1,DK_1,actual_onshore_wind_generation,Wind Onshore,2026-09-16T23:24:00Z
2026-09-16T23:22:26Z,2026-09-17T01:22:26+0200,5d77c48a-cbec-4d84-b46b-327ea4338599,2026-09-16T01:00:00Z,2026-09-16T03:00:00+0200,1344.86,MW,DK1,DK_1,actual_onshore_wind_generation,Wind Onshore,2026-09-16T23:24:00Z
2026-09-16T23:22:26Z,2026-09-17T01:22:26+0200,5d77c48a-cbec-4d84-b46b-327ea4338599,2026-09-16T01:15:00Z,2026-09-16T03:15:00+0200,1310.16,MW,DK1,DK_1,actual_onshore_wind_generation,Wind Onshore,2026-09-16T23:24:00Z
2026-09-16T23:22:26Z,2026-09-17T01:22:26+0200,5d77c48a-cbec-4d84-b46b-327ea4338599,2026-09-16T01:30:00Z,2026-09-16T03:30:00+0200,1286.1,MW,DK1,DK_1,actual_onshore_wind_generation,Wind Onshore,2026-09-16T23:24:00Z
2026-09-16T23:22:26Z,2026-09-17T01:22:26+0200,5d77c48a-cbec-4d84-b46b-327ea4338599,2026-09-16T01:45:00Z,2026-09-16T03:45:00+0200,1283.53,MW,DK1,DK_1,actual_onshore_wind_generation,Wind Onshore,2026-09-16T23:24:00Z
2026-09-16T23:22:26Z,2026-09-17T01:22:26+0200,5d77c48a-cbec-4d84-b46b-327ea4338599,2026-09-16T02:00:00Z,2026-09-16T04:00:00+0200,1261.8,MW,DK1,DK_1,actual_onshore_wind_generation,Wind Onshore,2026-09-16T23:24:00Z
2026-09-16T23:22:26Z,2026-09-17T01:22:26+0200,5d77c48a-cbec-4d84-b46b-327ea4338599,2026-09-16T02:15:00Z,2026-09-16T04:15:00+0200,1264.24,MW,DK1,DK_1,actual_onshore_wind_generation,Wind Onshore,2026-09-16T23:24:00Z
2026-09-16T23:22:26Z,2026-09-17T01:22:26+0200,5d77c48a-cbec-4d84-b46b-327ea4338599,2026-09-16T02:30:00Z,2026-09-16T04:30:00+0200,1268.44,MW,DK1,DK_1,actual_onshore_wind_generation,Wind Onshore,2026-09-16T23:24:00Z
2026-09-16T23:22:26Z,2026-09-17T01:22:26+0200,5d77c48a-cbec-4d84-b46b-327ea4338599,2026-09-16T02:45:00Z,2026-09-16T04:45:00+0200,1208.72,MW,DK1,DK_1,actual_onshore_wind_generation,Wind Onshore,2026-09-16T23:24:00Z
2026-09-16T23:22:26Z,2026-09-17T01:22:26+0200,5d77c48a-cbec-4d84-b46b-327ea4338599,2026-09-16T03:00:00Z,2026-09-16T05:00:00+0200,1212.01,MW,DK1,DK_1,actual_onshore_wind_generation,Wind Onshore,2026-09-16T23:24:00Z
2026-09-16T23:22:26Z,2026-09-17T01:22:26+0200,5d77c48a-cbec-4d84-b46b-327ea4338599,2026-09-16T03:15:00Z,2026-09-16T05:15:00+0200,1127.66,MW,DK1,DK_1,actual_onshore_wind_generation,Wind Onshore,2026-09-16T23:24:00Z
2026-09-16T23:22:26Z,2026-09-17T01:22:26+0200,5d77c48a-cbec-4d84-b46b-327ea4338599,2026-09-16T03:30:00Z,2026-09-16T05:30:00+0200,1065.82,MW,DK1,DK_1,actual_onshore_wind_generation,Wind Onshore,2026-09-16T23:24:00Z
2026-09-16T23:22:26Z,2026-09-17T01:22:26+0200,5d77c48a-cbec-4d84-b46b-327ea4338599,2026-09-16T03:45:00Z,2026-09-16T05:45:00+0200,1060.73,MW,DK1,DK_1,actual_onshore_wind_generation,Wind Onshore,2026-09-16T23:24:00Z
2026-09-16T23:22:26Z,2026-09-17T01:22:26+0200,5d77c48a-cbec-4d84-b46b-327ea4338599,2026-09-16T04:00:00Z,2026-09-16T06:00:00+0200,1057.01,MW,DK1,DK_1,actual_onshore_wind_generation,Wind Onshore,2026-09-16T23:24:00Z
2026-09-16T23:22:26Z,2026-09-17T01:22:26+0200,5d77c48a-cbec-4d84-b46b-327ea4338599,2026-09-16T04:15:00Z,2026-09-16T06:15:00+0200,1082.57,MW,DK1,DK_1,actual_onshore_wind_generation,Wind Onshore,2026-09-16T23:24:00Z
2026-09-16T23:22:26Z,2026-09-17T01:22:26+0200,5d77c48a-cbec-4d84-b46b-327ea4338599,2026-09-16T04:30:00Z,2026-09-16T06:30:00+0200,1104.45,MW,DK1,DK_1,actual_onshore_wind_generation,Wind Onshore,2026-09-16T23:24:00Z
2026-09-16T23:22:26Z,2026-09-17T01:22:26+0200,5d77c48a-cbec-4d84-b46b-327ea4338599,2026-09-16T04:45:00Z,2026-09-16T06:45:00+0200,1089.22,MW,DK1,DK_1,actual_onshore_wind_generation,Wind Onshore,2026-09-16T23:24:00Z
2026-09-16T23:22:26Z,2026-09-17T01:22:26+0200,5d77c48a-cbec-4d84-b46b-327ea4338599,2026-09-16T05:00:00Z,2026-09-16T07:00:00+0200,1032.33,MW,DK1,DK_1,actual_onshore_wind_generation,Wind Onshore,2026-09-16T23:24:00Z
2026-09-16T23:22:26Z,2026-09-17T01:22:26+0200,5d77c48a-cbec-4d84-b46b-327ea4338599,2026-09-16T05:15:00Z,2026-09-16T07:15:00+0200,1001.7,MW,DK1,DK_1,actual_onshore_wind_generation,Wind Onshore,2026-09-16T23:24:00Z
2026-09-16T23:22:26Z,2026-09-17T01:22:26+0200,5d77c48a-cbec-4d84-b46b-327ea4338599,2026-09-16T05:30:00Z,2026-09-16T07:30:00+0200,978.714,MW,DK1,DK_1,actual_onshore_wind_generation,Wind Onshore,2026-09-16T23:24:00Z
2026-09-16T23:22:26Z,2026-09-17T01:22:26+0200,5d77c48a-cbec-4d84-b46b-327ea4338599,2026-09-16T05:45:00Z,2026-09-16T07:45:00+0200,971.542,MW,DK1,DK_1,actual_onshore_wind_generation,Wind Onshore,2026-09-16T23:24:00Z
2026-09-16T23:22:26Z,2026-09-17T01:22:26+0200,5d77c48a-cbec-4d84-b46b-327ea4338599,2026-09-16T06:00:00Z,2026-09-16T08:00:00+0200,972.237,MW,DK1,DK_1,actual_onshore_wind_generation,Wind Onshore,2026-09-16T23:24:00Z
2026-09-16T23:22:26Z,2026-09-17T01:22:26+0200,5d77c48a-cbec-4d84-b46b-327ea4338599,2026-09-16T06:15:00Z,2026-09-16T08:15:00+0200,984.595,MW,DK1,DK_1,actual_onshore_wind_generation,Wind Onshore,2026-09-16T23:24:00Z
2026-09-16T23:22:26Z,2026-09-17T01:22:26+0200,5d77c48a-cbec-4d84-b46b-327ea4338599,2026-09-16T06:30:00Z,2026-09-16T08:30:00+0200,1011.13,MW,DK1,DK_1,actual_onshore_wind_generation,Wind Onshore,2026-09-16T23:24:00Z
2026-09-16T23:22:26Z,2026-09-17T01:22:26+0200,5d77c48a-cbec-4d84-b46b-327ea4338599,2026-09-16T06:45:00Z,2026-09-16T08:45:00+0200,1036.57,MW,DK1,DK_1,actual_onshore_wind_generation,Wind Onshore,2026-09-16T23:24:00Z
2026-09-16T23:22:26Z,2026-09-17T01:22:26+0200,5d77c48a-cbec-4d84-b46b-327ea4338599,2026-09-16T07:00:00Z,2026-09-16T09:00:00+0200,1093.79,MW,DK1,DK_1,actual_onshore_wind_generation,Wind Onshore,2026-09-16T23:24:00Z
2026-09-16T23:22:26Z,2026-09-17T01:22:26+0200,5d77c48a-cbec-4d84-b46b-327ea4338599,2026-09-16T07:15:00Z,2026-09-16T09:15:00+0200,1156.59,MW,DK1,DK_1,actual_onshore_wind_generation,Wind Onshore,2026-09-16T23:24:00Z
2026-09-16T23:22:26Z,2026-09-17T01:22:26+0200,5d77c48a-cbec-4d84-b46b-327ea4338599,2026-09-16T07:30:00Z,2026-09-16T09:30:00+0200,1280.68,MW,DK1,DK_1,actual_onshore_wind_generation,Wind Onshore,2026-09-16T23:24:00Z
2026-09-16T23:22:26Z,2026-09-17T01:22:26+0200,5d77c48a-cbec-4d84-b46b-327ea4338599,2026-09-16T07:45:00Z,2026-09-16T09:45:00+0200,1411.78,MW,DK1,DK_1,actual_onshore_wind_generation,Wind Onshore,2026-09-16T23:24:00Z
2026-09-16T23:22:26Z,2026-09-17T01:22:26+0200,5d77c48a-cbec-4d84-b46b-327ea4338599,2026-09-16T08:00:00Z,2026-09-16T10:00:00+0200,1549.05,MW,DK1,DK_1,actual_onshore_wind_generation,Wind Onshore,2026-09-16T23:24:00Z
2026-09-16T23:22:26Z,2026-09-17T01:22:26+0200,5d77c48a-cbec-4d84-b46b-327ea4338599,2026-09-16T08:15:00Z,2026-09-16T10:15:00+0200,1692.52,MW,DK1,DK_1,actual_onshore_wind_generation,Wind Onshore,2026-09-16T23:24:00Z
2026-09-16T23:22:26Z,2026-09-17T01:22:26+0200,5d77c48a-cbec-4d84-b46b-327ea4338599,2026-09-16T08:30:00Z,2026-09-16T10:30:00+0200,1832.6,MW,DK1,DK_1,actual_onshore_wind_generation,Wind Onshore,2026-09-16T23:24:00Z
2026-09-16T23:22:26Z,2026-09-17T01:22:26+0200,5d77c48a-cbec-4d84-b46b-327ea4338599,2026-09-16T08:45:00Z,2026-09-16T10:45:00+0200,1925.54,MW,DK1,DK_1,actual_onshore_wind_generation,Wind Onshore,2026-09-16T23:24:00Z
2026-09-16T23:22:26Z,2026-09-17T01:22:26+0200,5d77c48a-cbec-4d84-b46b-327ea4338599,2026-09-16T09:00:00Z,2026-09-16T11:00:00+0200,1994.06,MW,DK1,DK_1,actual_onshore_wind_generation,Wind Onshore,2026-09-16T23:24:00Z
2026-09-16T23:22:26Z,2026-09-17T01:22:26+0200,5d77c48a-cbec-4d84-b46b-327ea4338599,2026-09-16T09:15:00Z,2026-09-16T11:15:00+0200,2062.02,MW,DK1,DK_1,actual_onshore_wind_generation,Wind Onshore,2026-09-16T23:24:00Z
2026-09-16T23:22:26Z,2026-09-17T01:22:26+0200,5d77c48a-cbec-4d84-b46b-327ea4338599,2026-09-16T09:30:00Z,2026-09-16T11:30:00+0200,2095.52,MW,DK1,DK_1,actual_onshore_wind_generation,Wind Onshore,2026-09-16T23:24:00Z
2026-09-16T23:22:26Z,2026-09-17T01:22:26+0200,5d77c48a-cbec-4d84-b46b-327ea4338599,2026-09-16T09:45:00Z,2026-09-16T11:45:00+0200,2105.94,MW,DK1,DK_1,actual_onshore_wind_generation,Wind Onshore,2026-09-16T23:24:00Z
2026-09-16T23:22:26Z,2026-09-17T01:22:26+0200,5d77c48a-cbec-4d84-b46b-327ea4338599,2026-09-16T10:00:00Z,2026-09-16T12:00:00+0200,2122.01,MW,DK1,DK_1,actual_onshore_wind_generation,Wind Onshore,2026-09-16T23:24:00Z
2026-09-16T23:22:26Z,2026-09-17T01:22:26+0200,5d77c48a-cbec-4d84-b46b-327ea4338599,2026-09-16T10:15:00Z,2026-09-16T12:15:00+0200,2147.16,MW,DK1,DK_1,actual_onshore_wind_generation,Wind Onshore,2026-09-16T23:24:00Z
2026-09-16T23:22:26Z,2026-09-17T01:22:26+0200,5d77c48a-cbec-4d84-b46b-327ea4338599,2026-09-16T10:30:00Z,2026-09-16T12:30:00+0200,2193.44,MW,DK1,DK_1,actual_onshore_wind_generation,Wind Onshore,2026-09-16T23:24:00Z
2026-09-16T23:22:26Z,2026-09-17T01:22:26+0200,5d77c48a-cbec-4d84-b46b-327ea4338599,2026-09-16T10:45:00Z,2026-09-16T12:45:00+0200,2263.21,MW,DK1,DK_1,actual_onshore_wind_generation,Wind Onshore,2026-09-16T23:24:00Z
2026-09-16T23:22:26Z,2026-09-17T01:22:26+0200,5d77c48a-cbec-4d84-b46b-327ea4338599,2026-09-16T11:00:00Z,2026-09-16T13:00:00+0200,2318.93,MW,DK1,DK_1,actual_onshore_wind_generation,Wind Onshore,2026-09-16T23:24:00Z
2026-09-16T23:22:26Z,2026-09-17T01:22:26+0200,5d77c48a-cbec-4d84-b46b-327ea4338599,2026-09-16T11:15:00Z,2026-09-16T13:15:00+0200,2369.9,MW,DK1,DK_1,actual_onshore_wind_generation,Wind Onshore,2026-09-16T23:24:00Z
2026-09-16T23:22:26Z,2026-09-17T01:22:26+0200,5d77c48a-cbec-4d84-b46b-327ea4338599,2026-09-16T11:30:00Z,2026-09-16T13:30:00+0200,2365.65,MW,DK1,DK_1,actual_onshore_wind_generation,Wind Onshore,2026-09-16T23:24:00Z
2026-09-16T23:22:26Z,2026-09-17T01:22:26+0200,5d77c48a-cbec-4d84-b46b-327ea4338599,2026-09-16T11:45:00Z,2026-09-16T13:45:00+0200,2375.74,MW,DK1,DK_1,actual_onshore_wind_generation,Wind Onshore,2026-09-16T23:24:00Z
2026-09-16T23:22:26Z,2026-09-17T01:22:26+0200,5d77c48a-cbec-4d84-b46b-327ea4338599,2026-09-16T12:00:00Z,2026-09-16T14:00:00+0200,2400.65,MW,DK1,DK_1,actual_onshore_wind_generation,Wind Onshore,2026-09-16T23:24:00Z
2026-09-16T23:22:26Z,2026-09-17T01:22:26+0200,5d77c48a-cbec-4d84-b46b-327ea4338599,2026-09-16T12:15:00Z,2026-09-16T14:15:00+0200,2399.95,MW,DK1,DK_1,actual_onshore_wind_generation,Wind Onshore,2026-09-16T23:24:00Z
2026-09-16T23:22:26Z,2026-09-17T01:22:26+0200,5d77c48a-cbec-4d84-b46b-327ea4338599,2026-09-16T12:30:00Z,2026-09-16T14:30:00+0200,2354.88,MW,DK1,DK_1,actual_onshore_wind_generation,Wind Onshore,2026-09-16T23:24:00Z
2026-09-16T23:22:26Z,2026-09-17T01:22:26+0200,5d77c48a-cbec-4d84-b46b-327ea4338599,2026-09-16T12:45:00Z,2026-09-16T14:45:00+0200,2343.1,MW,DK1,DK_1,actual_onshore_wind_generation,Wind Onshore,2026-09-16T23:24:00Z
2026-09-16T23:22:26Z,2026-09-17T01:22:26+0200,5d77c48a-cbec-4d84-b46b-327ea4338599,2026-09-16T13:00:00Z,2026-09-16T15:00:00+0200,2376.71,MW,DK1,DK_1,actual_onshore_wind_generation,Wind Onshore,2026-09-16T23:24:00Z
2026-09-16T23:22:26Z,2026-09-17T01:22:26+0200,5d77c48a-cbec-4d84-b46b-327ea4338599,2026-09-16T13:15:00Z,2026-09-16T15:15:00+0200,2345.9,MW,DK1,DK_1,actual_onshore_wind_generation,Wind Onshore,2026-09-16T23:24:00Z
2026-09-16T23:22:26Z,2026-09-17T01:22:26+0200,5d77c48a-cbec-4d84-b46b-327ea4338599,2026-09-16T13:30:00Z,2026-09-16T15:30:00+0200,2282.19,MW,DK1,DK_1,actual_onshore_wind_generation,Wind Onshore,2026-09-16T23:24:00Z
2026-09-16T23:22:26Z,2026-09-17T01:22:26+0200,5d77c48a-cbec-4d84-b46b-327ea4338599,2026-09-16T13:45:00Z,2026-09-16T15:45:00+0200,2304.0,MW,DK1,DK_1,actual_onshore_wind_generation,Wind Onshore,2026-09-16T23:24:00Z
2026-09-16T23:22:26Z,2026-09-17T01:22:26+0200,5d77c48a-cbec-4d84-b46b-327ea4338599,2026-09-16T14:00:00Z,2026-09-16T16:00:00+0200,2261.01,MW,DK1,DK_1,actual_onshore_wind_generation,Wind Onshore,2026-09-16T23:24:00Z
2026-09-16T23:22:26Z,2026-09-17T01:22:26+0200,5d77c48a-cbec-4d84-b46b-327ea4338599,2026-09-16T14:15:00Z,2026-09-16T16:15:00+0200,2213.54,MW,DK1,DK_1,actual_onshore_wind_generation,Wind Onshore,2026-09-16T23:24:00Z
2026-09-16T23:22:26Z,2026-09-17T01:22:26+0200,5d77c48a-cbec-4d84-b46b-327ea4338599,2026-09-16T14:30:00Z,2026-09-16T16:30:00+0200,2179.74,MW,DK1,DK_1,actual_onshore_wind_generation,Wind Onshore,2026-09-16T23:24:00Z
2026-09-16T23:22:26Z,2026-09-17T01:22:26+0200,5d77c48a-cbec-4d84-b46b-327ea4338599,2026-09-16T14:45:00Z,2026-09-16T16:45:00+0200,2182.5,MW,DK1,DK_1,actual_onshore_wind_generation,Wind Onshore,2026-09-16T23:24:00Z
2026-09-16T23:22:26Z,2026-09-17T01:22:26+0200,5d77c48a-cbec-4d84-b46b-327ea4338599,2026-09-16T15:00:00Z,2026-09-16T17:00:00+0200,2165.43,MW,DK1,DK_1,actual_onshore_wind_generation,Wind Onshore,2026-09-16T23:24:00Z
2026-09-16T23:22:26Z,2026-09-17T01:22:26+0200,5d77c48a-cbec-4d84-b46b-327ea4338599,2026-09-16T15:15:00Z,2026-09-16T17:15:00+0200,2074.18,MW,DK1,DK_1,actual_onshore_wind_generation,Wind Onshore,2026-09-16T23:24:00Z
2026-09-16T23:22:26Z,2026-09-17T01:22:26+0200,5d77c48a-cbec-4d84-b46b-327ea4338599,2026-09-16T15:30:00Z,2026-09-16T17:30:00+0200,1954.35,MW,DK1,DK_1,actual_onshore_wind_generation,Wind Onshore,2026-09-16T23:24:00Z
2026-09-16T23:22:26Z,2026-09-17T01:22:26+0200,5d77c48a-cbec-4d84-b46b-327ea4338599,2026-09-16T15:45:00Z,2026-09-16T17:45:00+0200,1929.4,MW,DK1,DK_1,actual_onshore_wind_generation,Wind Onshore,2026-09-16T23:24:00Z
2026-09-16T23:22:26Z,2026-09-17T01:22:26+0200,5d77c48a-cbec-4d84-b46b-327ea4338599,2026-09-16T16:00:00Z,2026-09-16T18:00:00+0200,1867.83,MW,DK1,DK_1,actual_onshore_wind_generation,Wind Onshore,2026-09-16T23:24:00Z
2026-09-16T23:22:26Z,2026-09-17T01:22:26+0200,5d77c48a-cbec-4d84-b46b-327ea4338599,2026-09-16T16:15:00Z,2026-09-16T18:15:00+0200,1806.89,MW,DK1,DK_1,actual_onshore_wind_generation,Wind Onshore,2026-09-16T23:24:00Z
2026-09-16T23:22:26Z,2026-09-17T01:22:26+0200,5d77c48a-cbec-4d84-b46b-327ea4338599,2026-09-16T16:30:00Z,2026-09-16T18:30:00+0200,1663.4,MW,DK1,DK_1,actual_onshore_wind_generation,Wind Onshore,2026-09-16T23:24:00Z
2026-09-16T23:22:26Z,2026-09-17T01:22:26+0200,5d77c48a-cbec-4d84-b46b-327ea4338599,2026-09-16T16:45:00Z,2026-09-16T18:45:00+0200,1553.9,MW,DK1,DK_1,actual_onshore_wind_generation,Wind Onshore,2026-09-16T23:24:00Z
2026-09-16T23:22:26Z,2026-09-17T01:22:26+0200,5d77c48a-cbec-4d84-b46b-327ea4338599,2026-09-16T17:00:00Z,2026-09-16T19:00:00+0200,1524.39,MW,DK1,DK_1,actual_onshore_wind_generation,Wind Onshore,2026-09-16T23:24:00Z
2026-09-16T23:22:26Z,2026-09-17T01:22:26+0200,5d77c48a-cbec-4d84-b46b-327ea4338599,2026-09-16T17:15:00Z,2026-09-16T19:15:00+0200,1526.81,MW,DK1,DK_1,actual_onshore_wind_generation,Wind Onshore,2026-09-16T23:24:00Z
2026-09-16T23:22:26Z,2026-09-17T01:22:26+0200,5d77c48a-cbec-4d84-b46b-327ea4338599,2026-09-16T17:30:00Z,2026-09-16T19:30:00+0200,1514.75,MW,DK1,DK_1,actual_onshore_wind_generation,Wind Onshore,2026-09-16T23:24:00Z
2026-09-16T23:22:26Z,2026-09-17T01:22:26+0200,5d77c48a-cbec-4d84-b46b-327ea4338599,2026-09-16T17:45:00Z,2026-09-16T19:45:00+0200,1477.11,MW,DK1,DK_1,actual_onshore_wind_generation,Wind Onshore,2026-09-16T23:24:00Z
2026-09-16T23:22:26Z,2026-09-17T01:22:26+0200,5d77c48a-cbec-4d84-b46b-327ea4338599,2026-09-16T18:00:00Z,2026-09-16T20:00:00+0200,1461.85,MW,DK1,DK_1,actual_onshore_wind_generation,Wind Onshore,2026-09-16T23:24:00Z
2026-09-16T23:22:26Z,2026-09-17T01:22:26+0200,5d77c48a-cbec-4d84-b46b-327ea4338599,2026-09-16T18:15:00Z,2026-09-16T20:15:00+0200,1477.95,MW,DK1,DK_1,actual_onshore_wind_generation,Wind Onshore,2026-09-16T23:24:00Z
2026-09-16T23:22:26Z,2026-09-17T01:22:26+0200,5d77c48a-cbec-4d84-b46b-327ea4338599,2026-09-16T18:30:00Z,2026-09-16T20:30:00+0200,1494.88,MW,DK1,DK_1,actual_onshore_wind_generation,Wind Onshore,2026-09-16T23:24:00Z
2026-09-16T23:22:26Z,2026-09-17T01:22:26+0200,5d77c48a-cbec-4d84-b46b-327ea4338599,2026-09-16T18:45:00Z,2026-09-16T20:45:00+0200,1539.43,MW,DK1,DK_1,actual_onshore_wind_generation,Wind Onshore,2026-09-16T23:24:00Z
2026-09-16T23:22:26Z,2026-09-17T01:22:26+0200,5d77c48a-cbec-4d84-b46b-327ea4338599,2026-09-16T19:00:00Z,2026-09-16T21:00:00+0200,1550.78,MW,DK1,DK_1,actual_onshore_wind_generation,Wind Onshore,2026-09-16T23:24:00Z
2026-09-16T23:22:26Z,2026-09-17T01:22:26+0200,5d77c48a-cbec-4d84-b46b-327ea4338599,2026-09-16T19:15:00Z,2026-09-16T21:15:00+0200,1555.38,MW,DK1,DK_1,actual_onshore_wind_generation,Wind Onshore,2026-09-16T23:24:00Z
2026-09-16T23:22:26Z,2026-09-17T01:22:26+0200,5d77c48a-cbec-4d84-b46b-327ea4338599,2026-09-16T19:30:00Z,2026-09-16T21:30:00+0200,1596.38,MW,DK1,DK_1,actual_onshore_wind_generation,Wind Onshore,2026-09-16T23:24:00Z
2026-09-16T23:22:26Z,2026-09-17T01:22:26+0200,5d77c48a-cbec-4d84-b46b-327ea4338599,2026-09-16T19:45:00Z,2026-09-16T21:45:00+0200,1545.89,MW,DK1,DK_1,actual_onshore_wind_generation,Wind Onshore,2026-09-16T23:24:00Z
2026-09-16T23:22:26Z,2026-09-17T01:22:26+0200,5d77c48a-cbec-4d84-b46b-327ea4338599,2026-09-16T20:00:00Z,2026-09-16T22:00:00+0200,1552.65,MW,DK1,DK_1,actual_onshore_wind_generation,Wind Onshore,2026-09-16T23:24:00Z
2026-09-16T23:22:26Z,2026-09-17T01:22:26+0200,5d77c48a-cbec-4d84-b46b-327ea4338599,2026-09-16T20:15:00Z,2026-09-16T22:15:00+0200,1566.5,MW,DK1,DK_1,actual_onshore_wind_generation,Wind Onshore,2026-09-16T23:24:00Z
2026-09-16T23:22:26Z,2026-09-17T01:22:26+0200,5d77c48a-cbec-4d84-b46b-327ea4338599,2026-09-16T20:30:00Z,2026-09-16T22:30:00+0200,1584.44,MW,DK1,DK_1,actual_onshore_wind_generation,Wind Onshore,2026-09-16T23:24:00Z
2026-09-16T23:22:26Z,2026-09-17T01:22:26+0200,5d77c48a-cbec-4d84-b46b-327ea4338599,2026-09-16T20:45:00Z,2026-09-16T22:45:00+0200,1596.06,MW,DK1,DK_1,actual_onshore_wind_generation,Wind Onshore,2026-09-16T23:24:00Z
2026-09-16T23:22:26Z,2026-09-17T01:22:26+0200,5d77c48a-cbec-4d84-b46b-327ea4338599,2026-09-16T21:00:00Z,2026-09-16T23:00:00+0200,1583.21,MW,DK1,DK_1,actual_onshore_wind_generation,Wind Onshore,2026-09-16T23:24:00Z
2026-09-16T23:22:26Z,2026-09-17T01:22:26+0200,5d77c48a-cbec-4d84-b46b-327ea4338599,2026-09-16T21:15:00Z,2026-09-16T23:15:00+0200,1547.48,MW,DK1,DK_1,actual_onshore_wind_generation,Wind Onshore,2026-09-16T23:24:00Z
2026-09-16T23:22:26Z,2026-09-17T01:22:26+0200,5d77c48a-cbec-4d84-b46b-327ea4338599,2026-09-16T21:30:00Z,2026-09-16T23:30:00+0200,1520.17,MW,DK1,DK_1,actual_onshore_wind_generation,Wind Onshore,2026-09-16T23:24:00Z
2026-09-16T23:22:26Z,2026-09-17T01:22:26+0200,5d77c48a-cbec-4d84-b46b-327ea4338599,2026-09-16T21:45:00Z,2026-09-16T23:45:00+0200,1516.68,MW,DK1,DK_1,actual_onshore_wind_generation,Wind Onshore,2026-09-16T23:24:00Z
