collection_time_utc,collection_time_local,run_id,timestamp_utc,timestamp_local,value,unit,country,entsoe_area,variable,source,updated_at_utc
2026-05-28T14:40:10Z,2026-05-28T16:40:10+0200,6a478062-64a4-4d61-8ceb-e4961767213c,2026-04-27T15:00:00Z,2026-04-27T17:00:00+0200,195.25,MW,BE,BE,forecast_offshore_wind_generation,Wind Offshore,2026-05-28T14:40:29Z
2026-05-28T14:40:10Z,2026-05-28T16:40:10+0200,6a478062-64a4-4d61-8ceb-e4961767213c,2026-04-27T16:00:00Z,2026-04-27T18:00:00+0200,239.05,MW,BE,BE,forecast_offshore_wind_generation,Wind Offshore,2026-05-28T14:40:29Z
2026-05-28T14:40:10Z,2026-05-28T16:40:10+0200,6a478062-64a4-4d61-8ceb-e4961767213c,2026-04-27T17:00:00Z,2026-04-27T19:00:00+0200,325.3,MW,BE,BE,forecast_offshore_wind_generation,Wind Offshore,2026-05-28T14:40:29Z
2026-05-28T14:40:10Z,2026-05-28T16:40:10+0200,6a478062-64a4-4d61-8ceb-e4961767213c,2026-04-27T18:00:00Z,2026-04-27T20:00:00+0200,417.4,MW,BE,BE,forecast_offshore_wind_generation,Wind Offshore,2026-05-28T14:40:29Z
2026-05-28T14:40:10Z,2026-05-28T16:40:10+0200,6a478062-64a4-4d61-8ceb-e4961767213c,2026-04-27T19:00:00Z,2026-04-27T21:00:00+0200,457.1,MW,BE,BE,forecast_offshore_wind_generation,Wind Offshore,2026-05-28T14:40:29Z
2026-05-28T14:40:10Z,2026-05-28T16:40:10+0200,6a478062-64a4-4d61-8ceb-e4961767213c,2026-04-27T20:00:00Z,2026-04-27T22:00:00+0200,513.725,MW,BE,BE,forecast_offshore_wind_generation,Wind Offshore,2026-05-28T14:40:29Z
2026-05-28T14:40:10Z,2026-05-28T16:40:10+0200,6a478062-64a4-4d61-8ceb-e4961767213c,2026-04-27T21:00:00Z,2026-04-27T23:00:00+0200,594.325,MW,BE,BE,forecast_offshore_wind_generation,Wind Offshore,2026-05-28T14:40:29Z
2026-05-28T14:40:10Z,2026-05-28T16:40:10+0200,6a478062-64a4-4d61-8ceb-e4961767213c,2026-04-27T22:00:00Z,2026-04-28T00:00:00+0200,421.9,MW,BE,BE,forecast_offshore_wind_generation,Wind Offshore,2026-05-28T14:40:29Z
2026-05-28T14:40:10Z,2026-05-28T16:40:10+0200,6a478062-64a4-4d61-8ceb-e4961767213c,2026-04-27T23:00:00Z,2026-04-28T01:00:00+0200,461.525,MW,BE,BE,forecast_offshore_wind_generation,Wind Offshore,2026-05-28T14:40:29Z
2026-05-28T14:40:10Z,2026-05-28T16:40:10+0200,6a478062-64a4-4d61-8ceb-e4961767213c,2026-04-28T00:00:00Z,2026-04-28T02:00:00+0200,612.45,MW,BE,BE,forecast_offshore_wind_generation,Wind Offshore,2026-05-28T14:40:29Z
2026-05-28T14:40:10Z,2026-05-28T16:40:10+0200,6a478062-64a4-4d61-8ceb-e4961767213c,2026-04-28T01:00:00Z,2026-04-28T03:00:00+0200,772.425,MW,BE,BE,forecast_offshore_wind_generation,Wind Offshore,2026-05-28T14:40:29Z
2026-05-28T14:40:10Z,2026-05-28T16:40:10+0200,6a478062-64a4-4d61-8ceb-e4961767213c,2026-04-28T02:00:00Z,2026-04-28T04:00:00+0200,934.325,MW,BE,BE,forecast_offshore_wind_generation,Wind Offshore,2026-05-28T14:40:29Z
2026-05-28T14:40:10Z,2026-05-28T16:40:10+0200,6a478062-64a4-4d61-8ceb-e4961767213c,2026-04-28T03:00:00Z,2026-04-28T05:00:00+0200,1091.525,MW,BE,BE,forecast_offshore_wind_generation,Wind Offshore,2026-05-28T14:40:29Z
2026-05-28T14:40:10Z,2026-05-28T16:40:10+0200,6a478062-64a4-4d61-8ceb-e4961767213c,2026-04-28T04:00:00Z,2026-04-28T06:00:00+0200,1294.7,MW,BE,BE,forecast_offshore_wind_generation,Wind Offshore,2026-05-28T14:40:29Z
2026-05-28T14:40:10Z,2026-05-28T16:40:10+0200,6a478062-64a4-4d61-8ceb-e4961767213c,2026-04-28T05:00:00Z,2026-04-28T07:00:00+0200,1578.1,MW,BE,BE,forecast_offshore_wind_generation,Wind Offshore,2026-05-28T14:40:29Z
2026-05-28T14:40:10Z,2026-05-28T16:40:10+0200,6a478062-64a4-4d61-8ceb-e4961767213c,2026-04-28T06:00:00Z,2026-04-28T08:00:00+0200,1715.875,MW,BE,BE,forecast_offshore_wind_generation,Wind Offshore,2026-05-28T14:40:29Z
2026-05-28T14:40:10Z,2026-05-28T16:40:10+0200,6a478062-64a4-4d61-8ceb-e4961767213c,2026-04-28T07:00:00Z,2026-04-28T09:00:00+0200,1745.475,MW,BE,BE,forecast_offshore_wind_generation,Wind Offshore,2026-05-28T14:40:29Z
2026-05-28T14:40:10Z,2026-05-28T16:40:10+0200,6a478062-64a4-4d61-8ceb-e4961767213c,2026-04-28T08:00:00Z,2026-04-28T10:00:00+0200,1773.625,MW,BE,BE,forecast_offshore_wind_generation,Wind Offshore,2026-05-28T14:40:29Z
2026-05-28T14:40:10Z,2026-05-28T16:40:10+0200,6a478062-64a4-4d61-8ceb-e4961767213c,2026-04-28T09:00:00Z,2026-04-28T11:00:00+0200,1809.175,MW,BE,BE,forecast_offshore_wind_generation,Wind Offshore,2026-05-28T14:40:29Z
2026-05-28T14:40:10Z,2026-05-28T16:40:10+0200,6a478062-64a4-4d61-8ceb-e4961767213c,2026-04-28T10:00:00Z,2026-04-28T12:00:00+0200,1827.025,MW,BE,BE,forecast_offshore_wind_generation,Wind Offshore,2026-05-28T14:40:29Z
2026-05-28T14:40:10Z,2026-05-28T16:40:10+0200,6a478062-64a4-4d61-8ceb-e4961767213c,2026-04-28T11:00:00Z,2026-04-28T13:00:00+0200,1865.375,MW,BE,BE,forecast_offshore_wind_generation,Wind Offshore,2026-05-28T14:40:29Z
2026-05-28T14:40:10Z,2026-05-28T16:40:10+0200,6a478062-64a4-4d61-8ceb-e4961767213c,2026-04-28T12:00:00Z,2026-04-28T14:00:00+0200,1947.45,MW,BE,BE,forecast_offshore_wind_generation,Wind Offshore,2026-05-28T14:40:29Z
2026-05-28T14:40:10Z,2026-05-28T16:40:10+0200,6a478062-64a4-4d61-8ceb-e4961767213c,2026-04-28T13:00:00Z,2026-04-28T15:00:00+0200,2050.275,MW,BE,BE,forecast_offshore_wind_generation,Wind Offshore,2026-05-28T14:40:29Z
2026-05-28T14:40:10Z,2026-05-28T16:40:10+0200,6a478062-64a4-4d61-8ceb-e4961767213c,2026-04-28T14:00:00Z,2026-04-28T16:00:00+0200,2085.825,MW,BE,BE,forecast_offshore_wind_generation,Wind Offshore,2026-05-28T14:40:29Z
2026-05-28T14:40:10Z,2026-05-28T16:40:10+0200,6a478062-64a4-4d61-8ceb-e4961767213c,2026-04-28T15:00:00Z,2026-04-28T17:00:00+0200,2104.825,MW,BE,BE,forecast_offshore_wind_generation,Wind Offshore,2026-05-28T14:40:29Z
2026-05-28T14:40:10Z,2026-05-28T16:40:10+0200,6a478062-64a4-4d61-8ceb-e4961767213c,2026-04-28T16:00:00Z,2026-04-28T18:00:00+0200,2138.225,MW,BE,BE,forecast_offshore_wind_generation,Wind Offshore,2026-05-28T14:40:29Z
2026-05-28T14:40:10Z,2026-05-28T16:40:10+0200,6a478062-64a4-4d61-8ceb-e4961767213c,2026-04-28T17:00:00Z,2026-04-28T19:00:00+0200,2144.4,MW,BE,BE,forecast_offshore_wind_generation,Wind Offshore,2026-05-28T14:40:29Z
2026-05-28T14:40:10Z,2026-05-28T16:40:10+0200,6a478062-64a4-4d61-8ceb-e4961767213c,2026-04-28T18:00:00Z,2026-04-28T20:00:00+0200,2115.95,MW,BE,BE,forecast_offshore_wind_generation,Wind Offshore,2026-05-28T14:40:29Z
2026-05-28T14:40:10Z,2026-05-28T16:40:10+0200,6a478062-64a4-4d61-8ceb-e4961767213c,2026-04-28T19:00:00Z,2026-04-28T21:00:00+0200,2079.525,MW,BE,BE,forecast_offshore_wind_generation,Wind Offshore,2026-05-28T14:40:29Z
2026-05-28T14:40:10Z,2026-05-28T16:40:10+0200,6a478062-64a4-4d61-8ceb-e4961767213c,2026-04-28T20:00:00Z,2026-04-28T22:00:00+0200,2058.6,MW,BE,BE,forecast_offshore_wind_generation,Wind Offshore,2026-05-28T14:40:29Z
2026-05-28T14:40:10Z,2026-05-28T16:40:10+0200,6a478062-64a4-4d61-8ceb-e4961767213c,2026-04-28T21:00:00Z,2026-04-28T23:00:00+0200,2056.075,MW,BE,BE,forecast_offshore_wind_generation,Wind Offshore,2026-05-28T14:40:29Z
2026-05-28T14:40:10Z,2026-05-28T16:40:10+0200,6a478062-64a4-4d61-8ceb-e4961767213c,2026-04-28T22:00:00Z,2026-04-29T00:00:00+0200,2101.85,MW,BE,BE,forecast_offshore_wind_generation,Wind Offshore,2026-05-28T14:40:29Z
2026-05-28T14:40:10Z,2026-05-28T16:40:10+0200,6a478062-64a4-4d61-8ceb-e4961767213c,2026-04-28T23:00:00Z,2026-04-29T01:00:00+0200,2091.025,MW,BE,BE,forecast_offshore_wind_generation,Wind Offshore,2026-05-28T14:40:29Z
2026-05-28T14:40:10Z,2026-05-28T16:40:10+0200,6a478062-64a4-4d61-8ceb-e4961767213c,2026-04-29T00:00:00Z,2026-04-29T02:00:00+0200,2095.15,MW,BE,BE,forecast_offshore_wind_generation,Wind Offshore,2026-05-28T14:40:29Z
2026-05-28T14:40:10Z,2026-05-28T16:40:10+0200,6a478062-64a4-4d61-8ceb-e4961767213c,2026-04-29T01:00:00Z,2026-04-29T03:00:00+0200,2106.525,MW,BE,BE,forecast_offshore_wind_generation,Wind Offshore,2026-05-28T14:40:29Z
2026-05-28T14:40:10Z,2026-05-28T16:40:10+0200,6a478062-64a4-4d61-8ceb-e4961767213c,2026-04-29T02:00:00Z,2026-04-29T04:00:00+0200,2086.525,MW,BE,BE,forecast_offshore_wind_generation,Wind Offshore,2026-05-28T14:40:29Z
2026-05-28T14:40:10Z,2026-05-28T16:40:10+0200,6a478062-64a4-4d61-8ceb-e4961767213c,2026-04-29T03:00:00Z,2026-04-29T05:00:00+0200,2035.25,MW,BE,BE,forecast_offshore_wind_generation,Wind Offshore,2026-05-28T14:40:29Z
2026-05-28T14:40:10Z,2026-05-28T16:40:10+0200,6a478062-64a4-4d61-8ceb-e4961767213c,2026-04-29T04:00:00Z,2026-04-29T06:00:00+0200,1994.525,MW,BE,BE,forecast_offshore_wind_generation,Wind Offshore,2026-05-28T14:40:29Z
2026-05-28T14:40:10Z,2026-05-28T16:40:10+0200,6a478062-64a4-4d61-8ceb-e4961767213c,2026-04-29T05:00:00Z,2026-04-29T07:00:00+0200,1976.475,MW,BE,BE,forecast_offshore_wind_generation,Wind Offshore,2026-05-28T14:40:29Z
2026-05-28T14:40:10Z,2026-05-28T16:40:10+0200,6a478062-64a4-4d61-8ceb-e4961767213c,2026-04-29T06:00:00Z,2026-04-29T08:00:00+0200,1987.125,MW,BE,BE,forecast_offshore_wind_generation,Wind Offshore,2026-05-28T14:40:29Z
2026-05-28T14:40:10Z,2026-05-28T16:40:10+0200,6a478062-64a4-4d61-8ceb-e4961767213c,2026-04-29T07:00:00Z,2026-04-29T09:00:00+0200,1985.1,MW,BE,BE,forecast_offshore_wind_generation,Wind Offshore,2026-05-28T14:40:29Z
2026-05-28T14:40:10Z,2026-05-28T16:40:10+0200,6a478062-64a4-4d61-8ceb-e4961767213c,2026-04-29T08:00:00Z,2026-04-29T10:00:00+0200,1940.95,MW,BE,BE,forecast_offshore_wind_generation,Wind Offshore,2026-05-28T14:40:29Z
2026-05-28T14:40:10Z,2026-05-28T16:40:10+0200,6a478062-64a4-4d61-8ceb-e4961767213c,2026-04-29T09:00:00Z,2026-04-29T11:00:00+0200,1888.15,MW,BE,BE,forecast_offshore_wind_generation,Wind Offshore,2026-05-28T14:40:29Z
2026-05-28T14:40:10Z,2026-05-28T16:40:10+0200,6a478062-64a4-4d61-8ceb-e4961767213c,2026-04-29T10:00:00Z,2026-04-29T12:00:00+0200,1915.525,MW,BE,BE,forecast_offshore_wind_generation,Wind Offshore,2026-05-28T14:40:29Z
2026-05-28T14:40:10Z,2026-05-28T16:40:10+0200,6a478062-64a4-4d61-8ceb-e4961767213c,2026-04-29T11:00:00Z,2026-04-29T13:00:00+0200,1918.675,MW,BE,BE,forecast_offshore_wind_generation,Wind Offshore,2026-05-28T14:40:29Z
2026-05-28T14:40:10Z,2026-05-28T16:40:10+0200,6a478062-64a4-4d61-8ceb-e4961767213c,2026-04-29T12:00:00Z,2026-04-29T14:00:00+0200,1896.775,MW,BE,BE,forecast_offshore_wind_generation,Wind Offshore,2026-05-28T14:40:29Z
2026-05-28T14:40:10Z,2026-05-28T16:40:10+0200,6a478062-64a4-4d61-8ceb-e4961767213c,2026-04-29T13:00:00Z,2026-04-29T15:00:00+0200,1888.05,MW,BE,BE,forecast_offshore_wind_generation,Wind Offshore,2026-05-28T14:40:29Z
2026-05-28T14:40:10Z,2026-05-28T16:40:10+0200,6a478062-64a4-4d61-8ceb-e4961767213c,2026-04-29T14:00:00Z,2026-04-29T16:00:00+0200,1881.6,MW,BE,BE,forecast_offshore_wind_generation,Wind Offshore,2026-05-28T14:40:29Z
2026-05-28T14:40:10Z,2026-05-28T16:40:10+0200,6a478062-64a4-4d61-8ceb-e4961767213c,2026-04-29T15:00:00Z,2026-04-29T17:00:00+0200,1890.95,MW,BE,BE,forecast_offshore_wind_generation,Wind Offshore,2026-05-28T14:40:29Z
2026-05-28T14:40:10Z,2026-05-28T16:40:10+0200,6a478062-64a4-4d61-8ceb-e4961767213c,2026-04-29T16:00:00Z,2026-04-29T18:00:00+0200,1892.85,MW,BE,BE,forecast_offshore_wind_generation,Wind Offshore,2026-05-28T14:40:29Z
2026-05-28T14:40:10Z,2026-05-28T16:40:10+0200,6a478062-64a4-4d61-8ceb-e4961767213c,2026-04-29T17:00:00Z,2026-04-29T19:00:00+0200,1905.625,MW,BE,BE,forecast_offshore_wind_generation,Wind Offshore,2026-05-28T14:40:29Z
2026-05-28T14:40:10Z,2026-05-28T16:40:10+0200,6a478062-64a4-4d61-8ceb-e4961767213c,2026-04-29T18:00:00Z,2026-04-29T20:00:00+0200,1946.1,MW,BE,BE,forecast_offshore_wind_generation,Wind Offshore,2026-05-28T14:40:29Z
2026-05-28T14:40:10Z,2026-05-28T16:40:10+0200,6a478062-64a4-4d61-8ceb-e4961767213c,2026-04-29T19:00:00Z,2026-04-29T21:00:00+0200,1999.575,MW,BE,BE,forecast_offshore_wind_generation,Wind Offshore,2026-05-28T14:40:29Z
2026-05-28T14:40:10Z,2026-05-28T16:40:10+0200,6a478062-64a4-4d61-8ceb-e4961767213c,2026-04-29T20:00:00Z,2026-04-29T22:00:00+0200,2039.175,MW,BE,BE,forecast_offshore_wind_generation,Wind Offshore,2026-05-28T14:40:29Z
2026-05-28T14:40:10Z,2026-05-28T16:40:10+0200,6a478062-64a4-4d61-8ceb-e4961767213c,2026-04-29T21:00:00Z,2026-04-29T23:00:00+0200,2044.15,MW,BE,BE,forecast_offshore_wind_generation,Wind Offshore,2026-05-28T14:40:29Z
2026-05-28T14:40:10Z,2026-05-28T16:40:10+0200,6a478062-64a4-4d61-8ceb-e4961767213c,2026-04-29T22:00:00Z,2026-04-30T00:00:00+0200,1969.6,MW,BE,BE,forecast_offshore_wind_generation,Wind Offshore,2026-05-28T14:40:29Z
2026-05-28T14:40:10Z,2026-05-28T16:40:10+0200,6a478062-64a4-4d61-8ceb-e4961767213c,2026-04-29T23:00:00Z,2026-04-30T01:00:00+0200,1895.225,MW,BE,BE,forecast_offshore_wind_generation,Wind Offshore,2026-05-28T14:40:29Z
2026-05-28T14:40:10Z,2026-05-28T16:40:10+0200,6a478062-64a4-4d61-8ceb-e4961767213c,2026-04-30T00:00:00Z,2026-04-30T02:00:00+0200,1808.225,MW,BE,BE,forecast_offshore_wind_generation,Wind Offshore,2026-05-28T14:40:29Z
2026-05-28T14:40:10Z,2026-05-28T16:40:10+0200,6a478062-64a4-4d61-8ceb-e4961767213c,2026-04-30T01:00:00Z,2026-04-30T03:00:00+0200,1736.225,MW,BE,BE,forecast_offshore_wind_generation,Wind Offshore,2026-05-28T14:40:29Z
2026-05-28T14:40:10Z,2026-05-28T16:40:10+0200,6a478062-64a4-4d61-8ceb-e4961767213c,2026-04-30T02:00:00Z,2026-04-30T04:00:00+0200,1693.175,MW,BE,BE,forecast_offshore_wind_generation,Wind Offshore,2026-05-28T14:40:29Z
2026-05-28T14:40:10Z,2026-05-28T16:40:10+0200,6a478062-64a4-4d61-8ceb-e4961767213c,2026-04-30T03:00:00Z,2026-04-30T05:00:00+0200,1671.5,MW,BE,BE,forecast_offshore_wind_generation,Wind Offshore,2026-05-28T14:40:29Z
2026-05-28T14:40:10Z,2026-05-28T16:40:10+0200,6a478062-64a4-4d61-8ceb-e4961767213c,2026-04-30T04:00:00Z,2026-04-30T06:00:00+0200,1701.525,MW,BE,BE,forecast_offshore_wind_generation,Wind Offshore,2026-05-28T14:40:29Z
2026-05-28T14:40:10Z,2026-05-28T16:40:10+0200,6a478062-64a4-4d61-8ceb-e4961767213c,2026-04-30T05:00:00Z,2026-04-30T07:00:00+0200,1743.725,MW,BE,BE,forecast_offshore_wind_generation,Wind Offshore,2026-05-28T14:40:29Z
2026-05-28T14:40:10Z,2026-05-28T16:40:10+0200,6a478062-64a4-4d61-8ceb-e4961767213c,2026-04-30T06:00:00Z,2026-04-30T08:00:00+0200,1717.475,MW,BE,BE,forecast_offshore_wind_generation,Wind Offshore,2026-05-28T14:40:29Z
2026-05-28T14:40:10Z,2026-05-28T16:40:10+0200,6a478062-64a4-4d61-8ceb-e4961767213c,2026-04-30T07:00:00Z,2026-04-30T09:00:00+0200,1578.975,MW,BE,BE,forecast_offshore_wind_generation,Wind Offshore,2026-05-28T14:40:29Z
2026-05-28T14:40:10Z,2026-05-28T16:40:10+0200,6a478062-64a4-4d61-8ceb-e4961767213c,2026-04-30T08:00:00Z,2026-04-30T10:00:00+0200,1331.7,MW,BE,BE,forecast_offshore_wind_generation,Wind Offshore,2026-05-28T14:40:29Z
2026-05-28T14:40:10Z,2026-05-28T16:40:10+0200,6a478062-64a4-4d61-8ceb-e4961767213c,2026-04-30T09:00:00Z,2026-04-30T11:00:00+0200,1080.375,MW,BE,BE,forecast_offshore_wind_generation,Wind Offshore,2026-05-28T14:40:29Z
2026-05-28T14:40:10Z,2026-05-28T16:40:10+0200,6a478062-64a4-4d61-8ceb-e4961767213c,2026-04-30T10:00:00Z,2026-04-30T12:00:00+0200,985.15,MW,BE,BE,forecast_offshore_wind_generation,Wind Offshore,2026-05-28T14:40:29Z
2026-05-28T14:40:10Z,2026-05-28T16:40:10+0200,6a478062-64a4-4d61-8ceb-e4961767213c,2026-04-30T11:00:00Z,2026-04-30T13:00:00+0200,975.025,MW,BE,BE,forecast_offshore_wind_generation,Wind Offshore,2026-05-28T14:40:29Z
2026-05-28T14:40:10Z,2026-05-28T16:40:10+0200,6a478062-64a4-4d61-8ceb-e4961767213c,2026-04-30T12:00:00Z,2026-04-30T14:00:00+0200,958.725,MW,BE,BE,forecast_offshore_wind_generation,Wind Offshore,2026-05-28T14:40:29Z
2026-05-28T14:40:10Z,2026-05-28T16:40:10+0200,6a478062-64a4-4d61-8ceb-e4961767213c,2026-04-30T13:00:00Z,2026-04-30T15:00:00+0200,961.075,MW,BE,BE,forecast_offshore_wind_generation,Wind Offshore,2026-05-28T14:40:29Z
2026-05-28T14:40:10Z,2026-05-28T16:40:10+0200,6a478062-64a4-4d61-8ceb-e4961767213c,2026-04-30T14:00:00Z,2026-04-30T16:00:00+0200,989.5,MW,BE,BE,forecast_offshore_wind_generation,Wind Offshore,2026-05-28T14:40:29Z
2026-05-28T14:40:10Z,2026-05-28T16:40:10+0200,6a478062-64a4-4d61-8ceb-e4961767213c,2026-04-30T15:00:00Z,2026-04-30T17:00:00+0200,1076.4,MW,BE,BE,forecast_offshore_wind_generation,Wind Offshore,2026-05-28T14:40:29Z
2026-05-28T14:40:10Z,2026-05-28T16:40:10+0200,6a478062-64a4-4d61-8ceb-e4961767213c,2026-04-30T16:00:00Z,2026-04-30T18:00:00+0200,1205.125,MW,BE,BE,forecast_offshore_wind_generation,Wind Offshore,2026-05-28T14:40:29Z
2026-05-28T14:40:10Z,2026-05-28T16:40:10+0200,6a478062-64a4-4d61-8ceb-e4961767213c,2026-04-30T17:00:00Z,2026-04-30T19:00:00+0200,1336.825,MW,BE,BE,forecast_offshore_wind_generation,Wind Offshore,2026-05-28T14:40:29Z
2026-05-28T14:40:10Z,2026-05-28T16:40:10+0200,6a478062-64a4-4d61-8ceb-e4961767213c,2026-04-30T18:00:00Z,2026-04-30T20:00:00+0200,1461.25,MW,BE,BE,forecast_offshore_wind_generation,Wind Offshore,2026-05-28T14:40:29Z
2026-05-28T14:40:10Z,2026-05-28T16:40:10+0200,6a478062-64a4-4d61-8ceb-e4961767213c,2026-04-30T19:00:00Z,2026-04-30T21:00:00+0200,1580.05,MW,BE,BE,forecast_offshore_wind_generation,Wind Offshore,2026-05-28T14:40:29Z
2026-05-28T14:40:10Z,2026-05-28T16:40:10+0200,6a478062-64a4-4d61-8ceb-e4961767213c,2026-04-30T20:00:00Z,2026-04-30T22:00:00+0200,1659.75,MW,BE,BE,forecast_offshore_wind_generation,Wind Offshore,2026-05-28T14:40:29Z
2026-05-28T14:40:10Z,2026-05-28T16:40:10+0200,6a478062-64a4-4d61-8ceb-e4961767213c,2026-04-30T21:00:00Z,2026-04-30T23:00:00+0200,1651.95,MW,BE,BE,forecast_offshore_wind_generation,Wind Offshore,2026-05-28T14:40:29Z
2026-05-28T14:40:10Z,2026-05-28T16:40:10+0200,6a478062-64a4-4d61-8ceb-e4961767213c,2026-04-30T22:00:00Z,2026-05-01T00:00:00+0200,1609.725,MW,BE,BE,forecast_offshore_wind_generation,Wind Offshore,2026-05-28T14:40:29Z
2026-05-28T14:40:10Z,2026-05-28T16:40:10+0200,6a478062-64a4-4d61-8ceb-e4961767213c,2026-04-30T23:00:00Z,2026-05-01T01:00:00+0200,1488.25,MW,BE,BE,forecast_offshore_wind_generation,Wind Offshore,2026-05-28T14:40:29Z
2026-05-28T14:40:10Z,2026-05-28T16:40:10+0200,6a478062-64a4-4d61-8ceb-e4961767213c,2026-05-01T00:00:00Z,2026-05-01T02:00:00+0200,1347.2,MW,BE,BE,forecast_offshore_wind_generation,Wind Offshore,2026-05-28T14:40:29Z
2026-05-28T14:40:10Z,2026-05-28T16:40:10+0200,6a478062-64a4-4d61-8ceb-e4961767213c,2026-05-01T01:00:00Z,2026-05-01T03:00:00+0200,1217.475,MW,BE,BE,forecast_offshore_wind_generation,Wind Offshore,2026-05-28T14:40:29Z
2026-05-28T14:40:10Z,2026-05-28T16:40:10+0200,6a478062-64a4-4d61-8ceb-e4961767213c,2026-05-01T02:00:00Z,2026-05-01T04:00:00+0200,1136.125,MW,BE,BE,forecast_offshore_wind_generation,Wind Offshore,2026-05-28T14:40:29Z
2026-05-28T14:40:10Z,2026-05-28T16:40:10+0200,6a478062-64a4-4d61-8ceb-e4961767213c,2026-05-01T03:00:00Z,2026-05-01T05:00:00+0200,1097.4,MW,BE,BE,forecast_offshore_wind_generation,Wind Offshore,2026-05-28T14:40:29Z
2026-05-28T14:40:10Z,2026-05-28T16:40:10+0200,6a478062-64a4-4d61-8ceb-e4961767213c,2026-05-01T04:00:00Z,2026-05-01T06:00:00+0200,1076.6,MW,BE,BE,forecast_offshore_wind_generation,Wind Offshore,2026-05-28T14:40:29Z
2026-05-28T14:40:10Z,2026-05-28T16:40:10+0200,6a478062-64a4-4d61-8ceb-e4961767213c,2026-05-01T05:00:00Z,2026-05-01T07:00:00+0200,1053.175,MW,BE,BE,forecast_offshore_wind_generation,Wind Offshore,2026-05-28T14:40:29Z
2026-05-28T14:40:10Z,2026-05-28T16:40:10+0200,6a478062-64a4-4d61-8ceb-e4961767213c,2026-05-01T06:00:00Z,2026-05-01T08:00:00+0200,1009.0,MW,BE,BE,forecast_offshore_wind_generation,Wind Offshore,2026-05-28T14:40:29Z
2026-05-28T14:40:10Z,2026-05-28T16:40:10+0200,6a478062-64a4-4d61-8ceb-e4961767213c,2026-05-01T07:00:00Z,2026-05-01T09:00:00+0200,930.85,MW,BE,BE,forecast_offshore_wind_generation,Wind Offshore,2026-05-28T14:40:29Z
2026-05-28T14:40:10Z,2026-05-28T16:40:10+0200,6a478062-64a4-4d61-8ceb-e4961767213c,2026-05-01T08:00:00Z,2026-05-01T10:00:00+0200,732.2,MW,BE,BE,forecast_offshore_wind_generation,Wind Offshore,2026-05-28T14:40:29Z
2026-05-28T14:40:10Z,2026-05-28T16:40:10+0200,6a478062-64a4-4d61-8ceb-e4961767213c,2026-05-01T09:00:00Z,2026-05-01T11:00:00+0200,468.525,MW,BE,BE,forecast_offshore_wind_generation,Wind Offshore,2026-05-28T14:40:29Z
2026-05-28T14:40:10Z,2026-05-28T16:40:10+0200,6a478062-64a4-4d61-8ceb-e4961767213c,2026-05-01T10:00:00Z,2026-05-01T12:00:00+0200,290.6,MW,BE,BE,forecast_offshore_wind_generation,Wind Offshore,2026-05-28T14:40:29Z
2026-05-28T14:40:10Z,2026-05-28T16:40:10+0200,6a478062-64a4-4d61-8ceb-e4961767213c,2026-05-01T11:00:00Z,2026-05-01T13:00:00+0200,179.575,MW,BE,BE,forecast_offshore_wind_generation,Wind Offshore,2026-05-28T14:40:29Z
2026-05-28T14:40:10Z,2026-05-28T16:40:10+0200,6a478062-64a4-4d61-8ceb-e4961767213c,2026-05-01T12:00:00Z,2026-05-01T14:00:00+0200,128.95,MW,BE,BE,forecast_offshore_wind_generation,Wind Offshore,2026-05-28T14:40:29Z
2026-05-28T14:40:10Z,2026-05-28T16:40:10+0200,6a478062-64a4-4d61-8ceb-e4961767213c,2026-05-01T13:00:00Z,2026-05-01T15:00:00+0200,112.475,MW,BE,BE,forecast_offshore_wind_generation,Wind Offshore,2026-05-28T14:40:29Z
2026-05-28T14:40:10Z,2026-05-28T16:40:10+0200,6a478062-64a4-4d61-8ceb-e4961767213c,2026-05-01T14:00:00Z,2026-05-01T16:00:00+0200,112.825,MW,BE,BE,forecast_offshore_wind_generation,Wind Offshore,2026-05-28T14:40:29Z
2026-05-28T14:40:10Z,2026-05-28T16:40:10+0200,6a478062-64a4-4d61-8ceb-e4961767213c,2026-05-01T15:00:00Z,2026-05-01T17:00:00+0200,128.0,MW,BE,BE,forecast_offshore_wind_generation,Wind Offshore,2026-05-28T14:40:29Z
2026-05-28T14:40:10Z,2026-05-28T16:40:10+0200,6a478062-64a4-4d61-8ceb-e4961767213c,2026-05-01T16:00:00Z,2026-05-01T18:00:00+0200,145.65,MW,BE,BE,forecast_offshore_wind_generation,Wind Offshore,2026-05-28T14:40:29Z
2026-05-28T14:40:10Z,2026-05-28T16:40:10+0200,6a478062-64a4-4d61-8ceb-e4961767213c,2026-05-01T17:00:00Z,2026-05-01T19:00:00+0200,160.375,MW,BE,BE,forecast_offshore_wind_generation,Wind Offshore,2026-05-28T14:40:29Z
2026-05-28T14:40:10Z,2026-05-28T16:40:10+0200,6a478062-64a4-4d61-8ceb-e4961767213c,2026-05-01T18:00:00Z,2026-05-01T20:00:00+0200,192.425,MW,BE,BE,forecast_offshore_wind_generation,Wind Offshore,2026-05-28T14:40:29Z
2026-05-28T14:40:10Z,2026-05-28T16:40:10+0200,6a478062-64a4-4d61-8ceb-e4961767213c,2026-05-01T19:00:00Z,2026-05-01T21:00:00+0200,263.225,MW,BE,BE,forecast_offshore_wind_generation,Wind Offshore,2026-05-28T14:40:29Z
2026-05-28T14:40:10Z,2026-05-28T16:40:10+0200,6a478062-64a4-4d61-8ceb-e4961767213c,2026-05-01T20:00:00Z,2026-05-01T22:00:00+0200,350.875,MW,BE,BE,forecast_offshore_wind_generation,Wind Offshore,2026-05-28T14:40:29Z
2026-05-28T14:40:10Z,2026-05-28T16:40:10+0200,6a478062-64a4-4d61-8ceb-e4961767213c,2026-05-01T21:00:00Z,2026-05-01T23:00:00+0200,419.25,MW,BE,BE,forecast_offshore_wind_generation,Wind Offshore,2026-05-28T14:40:29Z
2026-05-28T14:40:10Z,2026-05-28T16:40:10+0200,6a478062-64a4-4d61-8ceb-e4961767213c,2026-05-01T22:00:00Z,2026-05-02T00:00:00+0200,81.6,MW,BE,BE,forecast_offshore_wind_generation,Wind Offshore,2026-05-28T14:40:29Z
2026-05-28T14:40:10Z,2026-05-28T16:40:10+0200,6a478062-64a4-4d61-8ceb-e4961767213c,2026-05-01T23:00:00Z,2026-05-02T01:00:00+0200,107.4,MW,BE,BE,forecast_offshore_wind_generation,Wind Offshore,2026-05-28T14:40:29Z
2026-05-28T14:40:10Z,2026-05-28T16:40:10+0200,6a478062-64a4-4d61-8ceb-e4961767213c,2026-05-02T00:00:00Z,2026-05-02T02:00:00+0200,142.55,MW,BE,BE,forecast_offshore_wind_generation,Wind Offshore,2026-05-28T14:40:29Z
2026-05-28T14:40:10Z,2026-05-28T16:40:10+0200,6a478062-64a4-4d61-8ceb-e4961767213c,2026-05-02T01:00:00Z,2026-05-02T03:00:00+0200,206.675,MW,BE,BE,forecast_offshore_wind_generation,Wind Offshore,2026-05-28T14:40:29Z
2026-05-28T14:40:10Z,2026-05-28T16:40:10+0200,6a478062-64a4-4d61-8ceb-e4961767213c,2026-05-02T02:00:00Z,2026-05-02T04:00:00+0200,207.6,MW,BE,BE,forecast_offshore_wind_generation,Wind Offshore,2026-05-28T14:40:29Z
2026-05-28T14:40:10Z,2026-05-28T16:40:10+0200,6a478062-64a4-4d61-8ceb-e4961767213c,2026-05-02T03:00:00Z,2026-05-02T05:00:00+0200,221.525,MW,BE,BE,forecast_offshore_wind_generation,Wind Offshore,2026-05-28T14:40:29Z
2026-05-28T14:40:10Z,2026-05-28T16:40:10+0200,6a478062-64a4-4d61-8ceb-e4961767213c,2026-05-02T04:00:00Z,2026-05-02T06:00:00+0200,277.375,MW,BE,BE,forecast_offshore_wind_generation,Wind Offshore,2026-05-28T14:40:29Z
2026-05-28T14:40:10Z,2026-05-28T16:40:10+0200,6a478062-64a4-4d61-8ceb-e4961767213c,2026-05-02T05:00:00Z,2026-05-02T07:00:00+0200,336.0,MW,BE,BE,forecast_offshore_wind_generation,Wind Offshore,2026-05-28T14:40:29Z
2026-05-28T14:40:10Z,2026-05-28T16:40:10+0200,6a478062-64a4-4d61-8ceb-e4961767213c,2026-05-02T06:00:00Z,2026-05-02T08:00:00+0200,364.25,MW,BE,BE,forecast_offshore_wind_generation,Wind Offshore,2026-05-28T14:40:29Z
2026-05-28T14:40:10Z,2026-05-28T16:40:10+0200,6a478062-64a4-4d61-8ceb-e4961767213c,2026-05-02T07:00:00Z,2026-05-02T09:00:00+0200,372.425,MW,BE,BE,forecast_offshore_wind_generation,Wind Offshore,2026-05-28T14:40:29Z
2026-05-28T14:40:10Z,2026-05-28T16:40:10+0200,6a478062-64a4-4d61-8ceb-e4961767213c,2026-05-02T08:00:00Z,2026-05-02T10:00:00+0200,339.925,MW,BE,BE,forecast_offshore_wind_generation,Wind Offshore,2026-05-28T14:40:29Z
2026-05-28T14:40:10Z,2026-05-28T16:40:10+0200,6a478062-64a4-4d61-8ceb-e4961767213c,2026-05-02T09:00:00Z,2026-05-02T11:00:00+0200,280.425,MW,BE,BE,forecast_offshore_wind_generation,Wind Offshore,2026-05-28T14:40:29Z
2026-05-28T14:40:10Z,2026-05-28T16:40:10+0200,6a478062-64a4-4d61-8ceb-e4961767213c,2026-05-02T10:00:00Z,2026-05-02T12:00:00+0200,209.2,MW,BE,BE,forecast_offshore_wind_generation,Wind Offshore,2026-05-28T14:40:29Z
2026-05-28T14:40:10Z,2026-05-28T16:40:10+0200,6a478062-64a4-4d61-8ceb-e4961767213c,2026-05-02T11:00:00Z,2026-05-02T13:00:00+0200,124.2,MW,BE,BE,forecast_offshore_wind_generation,Wind Offshore,2026-05-28T14:40:29Z
2026-05-28T14:40:10Z,2026-05-28T16:40:10+0200,6a478062-64a4-4d61-8ceb-e4961767213c,2026-05-02T12:00:00Z,2026-05-02T14:00:00+0200,57.025,MW,BE,BE,forecast_offshore_wind_generation,Wind Offshore,2026-05-28T14:40:29Z
2026-05-28T14:40:10Z,2026-05-28T16:40:10+0200,6a478062-64a4-4d61-8ceb-e4961767213c,2026-05-02T13:00:00Z,2026-05-02T15:00:00+0200,24.975,MW,BE,BE,forecast_offshore_wind_generation,Wind Offshore,2026-05-28T14:40:29Z
2026-05-28T14:40:10Z,2026-05-28T16:40:10+0200,6a478062-64a4-4d61-8ceb-e4961767213c,2026-05-02T14:00:00Z,2026-05-02T16:00:00+0200,17.65,MW,BE,BE,forecast_offshore_wind_generation,Wind Offshore,2026-05-28T14:40:29Z
2026-05-28T14:40:10Z,2026-05-28T16:40:10+0200,6a478062-64a4-4d61-8ceb-e4961767213c,2026-05-02T15:00:00Z,2026-05-02T17:00:00+0200,21.875,MW,BE,BE,forecast_offshore_wind_generation,Wind Offshore,2026-05-28T14:40:29Z
2026-05-28T14:40:10Z,2026-05-28T16:40:10+0200,6a478062-64a4-4d61-8ceb-e4961767213c,2026-05-02T16:00:00Z,2026-05-02T18:00:00+0200,32.575,MW,BE,BE,forecast_offshore_wind_generation,Wind Offshore,2026-05-28T14:40:29Z
2026-05-28T14:40:10Z,2026-05-28T16:40:10+0200,6a478062-64a4-4d61-8ceb-e4961767213c,2026-05-02T17:00:00Z,2026-05-02T19:00:00+0200,56.075,MW,BE,BE,forecast_offshore_wind_generation,Wind Offshore,2026-05-28T14:40:29Z
2026-05-28T14:40:10Z,2026-05-28T16:40:10+0200,6a478062-64a4-4d61-8ceb-e4961767213c,2026-05-02T18:00:00Z,2026-05-02T20:00:00+0200,101.8,MW,BE,BE,forecast_offshore_wind_generation,Wind Offshore,2026-05-28T14:40:29Z
2026-05-28T14:40:10Z,2026-05-28T16:40:10+0200,6a478062-64a4-4d61-8ceb-e4961767213c,2026-05-02T19:00:00Z,2026-05-02T21:00:00+0200,157.4,MW,BE,BE,forecast_offshore_wind_generation,Wind Offshore,2026-05-28T14:40:29Z
2026-05-28T14:40:10Z,2026-05-28T16:40:10+0200,6a478062-64a4-4d61-8ceb-e4961767213c,2026-05-02T20:00:00Z,2026-05-02T22:00:00+0200,203.6,MW,BE,BE,forecast_offshore_wind_generation,Wind Offshore,2026-05-28T14:40:29Z
2026-05-28T14:40:10Z,2026-05-28T16:40:10+0200,6a478062-64a4-4d61-8ceb-e4961767213c,2026-05-02T21:00:00Z,2026-05-02T23:00:00+0200,276.9,MW,BE,BE,forecast_offshore_wind_generation,Wind Offshore,2026-05-28T14:40:29Z
2026-05-28T14:40:10Z,2026-05-28T16:40:10+0200,6a478062-64a4-4d61-8ceb-e4961767213c,2026-05-02T22:00:00Z,2026-05-03T00:00:00+0200,571.025,MW,BE,BE,forecast_offshore_wind_generation,Wind Offshore,2026-05-28T14:40:29Z
2026-05-28T14:40:10Z,2026-05-28T16:40:10+0200,6a478062-64a4-4d61-8ceb-e4961767213c,2026-05-02T23:00:00Z,2026-05-03T01:00:00+0200,477.0,MW,BE,BE,forecast_offshore_wind_generation,Wind Offshore,2026-05-28T14:40:29Z
2026-05-28T14:40:10Z,2026-05-28T16:40:10+0200,6a478062-64a4-4d61-8ceb-e4961767213c,2026-05-03T00:00:00Z,2026-05-03T02:00:00+0200,443.675,MW,BE,BE,forecast_offshore_wind_generation,Wind Offshore,2026-05-28T14:40:29Z
2026-05-28T14:40:10Z,2026-05-28T16:40:10+0200,6a478062-64a4-4d61-8ceb-e4961767213c,2026-05-03T01:00:00Z,2026-05-03T03:00:00+0200,413.725,MW,BE,BE,forecast_offshore_wind_generation,Wind Offshore,2026-05-28T14:40:29Z
2026-05-28T14:40:10Z,2026-05-28T16:40:10+0200,6a478062-64a4-4d61-8ceb-e4961767213c,2026-05-03T02:00:00Z,2026-05-03T04:00:00+0200,405.8,MW,BE,BE,forecast_offshore_wind_generation,Wind Offshore,2026-05-28T14:40:29Z
2026-05-28T14:40:10Z,2026-05-28T16:40:10+0200,6a478062-64a4-4d61-8ceb-e4961767213c,2026-05-03T03:00:00Z,2026-05-03T05:00:00+0200,528.275,MW,BE,BE,forecast_offshore_wind_generation,Wind Offshore,2026-05-28T14:40:29Z
2026-05-28T14:40:10Z,2026-05-28T16:40:10+0200,6a478062-64a4-4d61-8ceb-e4961767213c,2026-05-03T04:00:00Z,2026-05-03T06:00:00+0200,629.25,MW,BE,BE,forecast_offshore_wind_generation,Wind Offshore,2026-05-28T14:40:29Z
2026-05-28T14:40:10Z,2026-05-28T16:40:10+0200,6a478062-64a4-4d61-8ceb-e4961767213c,2026-05-03T05:00:00Z,2026-05-03T07:00:00+0200,571.225,MW,BE,BE,forecast_offshore_wind_generation,Wind Offshore,2026-05-28T14:40:29Z
2026-05-28T14:40:10Z,2026-05-28T16:40:10+0200,6a478062-64a4-4d61-8ceb-e4961767213c,2026-05-03T06:00:00Z,2026-05-03T08:00:00+0200,461.6,MW,BE,BE,forecast_offshore_wind_generation,Wind Offshore,2026-05-28T14:40:29Z
2026-05-28T14:40:10Z,2026-05-28T16:40:10+0200,6a478062-64a4-4d61-8ceb-e4961767213c,2026-05-03T07:00:00Z,2026-05-03T09:00:00+0200,379.275,MW,BE,BE,forecast_offshore_wind_generation,Wind Offshore,2026-05-28T14:40:29Z
2026-05-28T14:40:10Z,2026-05-28T16:40:10+0200,6a478062-64a4-4d61-8ceb-e4961767213c,2026-05-03T08:00:00Z,2026-05-03T10:00:00+0200,307.2,MW,BE,BE,forecast_offshore_wind_generation,Wind Offshore,2026-05-28T14:40:29Z
2026-05-28T14:40:10Z,2026-05-28T16:40:10+0200,6a478062-64a4-4d61-8ceb-e4961767213c,2026-05-03T09:00:00Z,2026-05-03T11:00:00+0200,253.575,MW,BE,BE,forecast_offshore_wind_generation,Wind Offshore,2026-05-28T14:40:29Z
2026-05-28T14:40:10Z,2026-05-28T16:40:10+0200,6a478062-64a4-4d61-8ceb-e4961767213c,2026-05-03T10:00:00Z,2026-05-03T12:00:00+0200,218.025,MW,BE,BE,forecast_offshore_wind_generation,Wind Offshore,2026-05-28T14:40:29Z
2026-05-28T14:40:10Z,2026-05-28T16:40:10+0200,6a478062-64a4-4d61-8ceb-e4961767213c,2026-05-03T11:00:00Z,2026-05-03T13:00:00+0200,238.55,MW,BE,BE,forecast_offshore_wind_generation,Wind Offshore,2026-05-28T14:40:29Z
2026-05-28T14:40:10Z,2026-05-28T16:40:10+0200,6a478062-64a4-4d61-8ceb-e4961767213c,2026-05-03T12:00:00Z,2026-05-03T14:00:00+0200,315.6,MW,BE,BE,forecast_offshore_wind_generation,Wind Offshore,2026-05-28T14:40:29Z
2026-05-28T14:40:10Z,2026-05-28T16:40:10+0200,6a478062-64a4-4d61-8ceb-e4961767213c,2026-05-03T13:00:00Z,2026-05-03T15:00:00+0200,385.775,MW,BE,BE,forecast_offshore_wind_generation,Wind Offshore,2026-05-28T14:40:29Z
2026-05-28T14:40:10Z,2026-05-28T16:40:10+0200,6a478062-64a4-4d61-8ceb-e4961767213c,2026-05-03T14:00:00Z,2026-05-03T16:00:00+0200,440.4,MW,BE,BE,forecast_offshore_wind_generation,Wind Offshore,2026-05-28T14:40:29Z
2026-05-28T14:40:10Z,2026-05-28T16:40:10+0200,6a478062-64a4-4d61-8ceb-e4961767213c,2026-05-03T15:00:00Z,2026-05-03T17:00:00+0200,462.625,MW,BE,BE,forecast_offshore_wind_generation,Wind Offshore,2026-05-28T14:40:29Z
2026-05-28T14:40:10Z,2026-05-28T16:40:10+0200,6a478062-64a4-4d61-8ceb-e4961767213c,2026-05-03T16:00:00Z,2026-05-03T18:00:00+0200,450.275,MW,BE,BE,forecast_offshore_wind_generation,Wind Offshore,2026-05-28T14:40:29Z
2026-05-28T14:40:10Z,2026-05-28T16:40:10+0200,6a478062-64a4-4d61-8ceb-e4961767213c,2026-05-03T17:00:00Z,2026-05-03T19:00:00+0200,425.375,MW,BE,BE,forecast_offshore_wind_generation,Wind Offshore,2026-05-28T14:40:29Z
2026-05-28T14:40:10Z,2026-05-28T16:40:10+0200,6a478062-64a4-4d61-8ceb-e4961767213c,2026-05-03T18:00:00Z,2026-05-03T20:00:00+0200,361.925,MW,BE,BE,forecast_offshore_wind_generation,Wind Offshore,2026-05-28T14:40:29Z
2026-05-28T14:40:10Z,2026-05-28T16:40:10+0200,6a478062-64a4-4d61-8ceb-e4961767213c,2026-05-03T19:00:00Z,2026-05-03T21:00:00+0200,309.575,MW,BE,BE,forecast_offshore_wind_generation,Wind Offshore,2026-05-28T14:40:29Z
2026-05-28T14:40:10Z,2026-05-28T16:40:10+0200,6a478062-64a4-4d61-8ceb-e4961767213c,2026-05-03T20:00:00Z,2026-05-03T22:00:00+0200,329.55,MW,BE,BE,forecast_offshore_wind_generation,Wind Offshore,2026-05-28T14:40:29Z
2026-05-28T14:40:10Z,2026-05-28T16:40:10+0200,6a478062-64a4-4d61-8ceb-e4961767213c,2026-05-03T21:00:00Z,2026-05-03T23:00:00+0200,377.25,MW,BE,BE,forecast_offshore_wind_generation,Wind Offshore,2026-05-28T14:40:29Z
2026-05-28T14:40:10Z,2026-05-28T16:40:10+0200,6a478062-64a4-4d61-8ceb-e4961767213c,2026-05-03T22:00:00Z,2026-05-04T00:00:00+0200,335.45,MW,BE,BE,forecast_offshore_wind_generation,Wind Offshore,2026-05-28T14:40:29Z
2026-05-28T14:40:10Z,2026-05-28T16:40:10+0200,6a478062-64a4-4d61-8ceb-e4961767213c,2026-05-03T23:00:00Z,2026-05-04T01:00:00+0200,335.6,MW,BE,BE,forecast_offshore_wind_generation,Wind Offshore,2026-05-28T14:40:29Z
2026-05-28T14:40:10Z,2026-05-28T16:40:10+0200,6a478062-64a4-4d61-8ceb-e4961767213c,2026-05-04T00:00:00Z,2026-05-04T02:00:00+0200,253.85,MW,BE,BE,forecast_offshore_wind_generation,Wind Offshore,2026-05-28T14:40:29Z
2026-05-28T14:40:10Z,2026-05-28T16:40:10+0200,6a478062-64a4-4d61-8ceb-e4961767213c,2026-05-04T01:00:00Z,2026-05-04T03:00:00+0200,164.925,MW,BE,BE,forecast_offshore_wind_generation,Wind Offshore,2026-05-28T14:40:29Z
2026-05-28T14:40:10Z,2026-05-28T16:40:10+0200,6a478062-64a4-4d61-8ceb-e4961767213c,2026-05-04T02:00:00Z,2026-05-04T04:00:00+0200,117.65,MW,BE,BE,forecast_offshore_wind_generation,Wind Offshore,2026-05-28T14:40:29Z
2026-05-28T14:40:10Z,2026-05-28T16:40:10+0200,6a478062-64a4-4d61-8ceb-e4961767213c,2026-05-04T03:00:00Z,2026-05-04T05:00:00+0200,92.275,MW,BE,BE,forecast_offshore_wind_generation,Wind Offshore,2026-05-28T14:40:29Z
2026-05-28T14:40:10Z,2026-05-28T16:40:10+0200,6a478062-64a4-4d61-8ceb-e4961767213c,2026-05-04T04:00:00Z,2026-05-04T06:00:00+0200,78.2,MW,BE,BE,forecast_offshore_wind_generation,Wind Offshore,2026-05-28T14:40:29Z
2026-05-28T14:40:10Z,2026-05-28T16:40:10+0200,6a478062-64a4-4d61-8ceb-e4961767213c,2026-05-04T05:00:00Z,2026-05-04T07:00:00+0200,58.3,MW,BE,BE,forecast_offshore_wind_generation,Wind Offshore,2026-05-28T14:40:29Z
2026-05-28T14:40:10Z,2026-05-28T16:40:10+0200,6a478062-64a4-4d61-8ceb-e4961767213c,2026-05-04T06:00:00Z,2026-05-04T08:00:00+0200,37.525,MW,BE,BE,forecast_offshore_wind_generation,Wind Offshore,2026-05-28T14:40:29Z
2026-05-28T14:40:10Z,2026-05-28T16:40:10+0200,6a478062-64a4-4d61-8ceb-e4961767213c,2026-05-04T07:00:00Z,2026-05-04T09:00:00+0200,38.775,MW,BE,BE,forecast_offshore_wind_generation,Wind Offshore,2026-05-28T14:40:29Z
2026-05-28T14:40:10Z,2026-05-28T16:40:10+0200,6a478062-64a4-4d61-8ceb-e4961767213c,2026-05-04T08:00:00Z,2026-05-04T10:00:00+0200,43.0,MW,BE,BE,forecast_offshore_wind_generation,Wind Offshore,2026-05-28T14:40:29Z
2026-05-28T14:40:10Z,2026-05-28T16:40:10+0200,6a478062-64a4-4d61-8ceb-e4961767213c,2026-05-04T09:00:00Z,2026-05-04T11:00:00+0200,47.7,MW,BE,BE,forecast_offshore_wind_generation,Wind Offshore,2026-05-28T14:40:29Z
2026-05-28T14:40:10Z,2026-05-28T16:40:10+0200,6a478062-64a4-4d61-8ceb-e4961767213c,2026-05-04T10:00:00Z,2026-05-04T12:00:00+0200,51.825,MW,BE,BE,forecast_offshore_wind_generation,Wind Offshore,2026-05-28T14:40:29Z
2026-05-28T14:40:10Z,2026-05-28T16:40:10+0200,6a478062-64a4-4d61-8ceb-e4961767213c,2026-05-04T11:00:00Z,2026-05-04T13:00:00+0200,68.525,MW,BE,BE,forecast_offshore_wind_generation,Wind Offshore,2026-05-28T14:40:29Z
2026-05-28T14:40:10Z,2026-05-28T16:40:10+0200,6a478062-64a4-4d61-8ceb-e4961767213c,2026-05-04T12:00:00Z,2026-05-04T14:00:00+0200,104.25,MW,BE,BE,forecast_offshore_wind_generation,Wind Offshore,2026-05-28T14:40:29Z
2026-05-28T14:40:10Z,2026-05-28T16:40:10+0200,6a478062-64a4-4d61-8ceb-e4961767213c,2026-05-04T13:00:00Z,2026-05-04T15:00:00+0200,159.225,MW,BE,BE,forecast_offshore_wind_generation,Wind Offshore,2026-05-28T14:40:29Z
2026-05-28T14:40:10Z,2026-05-28T16:40:10+0200,6a478062-64a4-4d61-8ceb-e4961767213c,2026-05-04T14:00:00Z,2026-05-04T16:00:00+0200,243.85,MW,BE,BE,forecast_offshore_wind_generation,Wind Offshore,2026-05-28T14:40:29Z
2026-05-28T14:40:10Z,2026-05-28T16:40:10+0200,6a478062-64a4-4d61-8ceb-e4961767213c,2026-05-04T15:00:00Z,2026-05-04T17:00:00+0200,338.45,MW,BE,BE,forecast_offshore_wind_generation,Wind Offshore,2026-05-28T14:40:29Z
2026-05-28T14:40:10Z,2026-05-28T16:40:10+0200,6a478062-64a4-4d61-8ceb-e4961767213c,2026-05-04T16:00:00Z,2026-05-04T18:00:00+0200,427.8,MW,BE,BE,forecast_offshore_wind_generation,Wind Offshore,2026-05-28T14:40:29Z
2026-05-28T14:40:10Z,2026-05-28T16:40:10+0200,6a478062-64a4-4d61-8ceb-e4961767213c,2026-05-04T17:00:00Z,2026-05-04T19:00:00+0200,497.875,MW,BE,BE,forecast_offshore_wind_generation,Wind Offshore,2026-05-28T14:40:29Z
2026-05-28T14:40:10Z,2026-05-28T16:40:10+0200,6a478062-64a4-4d61-8ceb-e4961767213c,2026-05-04T18:00:00Z,2026-05-04T20:00:00+0200,523.025,MW,BE,BE,forecast_offshore_wind_generation,Wind Offshore,2026-05-28T14:40:29Z
2026-05-28T14:40:10Z,2026-05-28T16:40:10+0200,6a478062-64a4-4d61-8ceb-e4961767213c,2026-05-04T19:00:00Z,2026-05-04T21:00:00+0200,524.975,MW,BE,BE,forecast_offshore_wind_generation,Wind Offshore,2026-05-28T14:40:29Z
2026-05-28T14:40:10Z,2026-05-28T16:40:10+0200,6a478062-64a4-4d61-8ceb-e4961767213c,2026-05-04T20:00:00Z,2026-05-04T22:00:00+0200,510.65,MW,BE,BE,forecast_offshore_wind_generation,Wind Offshore,2026-05-28T14:40:29Z
2026-05-28T14:40:10Z,2026-05-28T16:40:10+0200,6a478062-64a4-4d61-8ceb-e4961767213c,2026-05-04T21:00:00Z,2026-05-04T23:00:00+0200,485.625,MW,BE,BE,forecast_offshore_wind_generation,Wind Offshore,2026-05-28T14:40:29Z
2026-05-28T14:40:10Z,2026-05-28T16:40:10+0200,6a478062-64a4-4d61-8ceb-e4961767213c,2026-05-04T22:00:00Z,2026-05-05T00:00:00+0200,657.45,MW,BE,BE,forecast_offshore_wind_generation,Wind Offshore,2026-05-28T14:40:29Z
2026-05-28T14:40:10Z,2026-05-28T16:40:10+0200,6a478062-64a4-4d61-8ceb-e4961767213c,2026-05-04T23:00:00Z,2026-05-05T01:00:00+0200,639.0,MW,BE,BE,forecast_offshore_wind_generation,Wind Offshore,2026-05-28T14:40:29Z
2026-05-28T14:40:10Z,2026-05-28T16:40:10+0200,6a478062-64a4-4d61-8ceb-e4961767213c,2026-05-05T00:00:00Z,2026-05-05T02:00:00+0200,621.75,MW,BE,BE,forecast_offshore_wind_generation,Wind Offshore,2026-05-28T14:40:29Z
2026-05-28T14:40:10Z,2026-05-28T16:40:10+0200,6a478062-64a4-4d61-8ceb-e4961767213c,2026-05-05T01:00:00Z,2026-05-05T03:00:00+0200,563.875,MW,BE,BE,forecast_offshore_wind_generation,Wind Offshore,2026-05-28T14:40:29Z
2026-05-28T14:40:10Z,2026-05-28T16:40:10+0200,6a478062-64a4-4d61-8ceb-e4961767213c,2026-05-05T02:00:00Z,2026-05-05T04:00:00+0200,516.4,MW,BE,BE,forecast_offshore_wind_generation,Wind Offshore,2026-05-28T14:40:29Z
2026-05-28T14:40:10Z,2026-05-28T16:40:10+0200,6a478062-64a4-4d61-8ceb-e4961767213c,2026-05-05T03:00:00Z,2026-05-05T05:00:00+0200,519.8,MW,BE,BE,forecast_offshore_wind_generation,Wind Offshore,2026-05-28T14:40:29Z
2026-05-28T14:40:10Z,2026-05-28T16:40:10+0200,6a478062-64a4-4d61-8ceb-e4961767213c,2026-05-05T04:00:00Z,2026-05-05T06:00:00+0200,559.0,MW,BE,BE,forecast_offshore_wind_generation,Wind Offshore,2026-05-28T14:40:29Z
2026-05-28T14:40:10Z,2026-05-28T16:40:10+0200,6a478062-64a4-4d61-8ceb-e4961767213c,2026-05-05T05:00:00Z,2026-05-05T07:00:00+0200,602.875,MW,BE,BE,forecast_offshore_wind_generation,Wind Offshore,2026-05-28T14:40:29Z
2026-05-28T14:40:10Z,2026-05-28T16:40:10+0200,6a478062-64a4-4d61-8ceb-e4961767213c,2026-05-05T06:00:00Z,2026-05-05T08:00:00+0200,641.2,MW,BE,BE,forecast_offshore_wind_generation,Wind Offshore,2026-05-28T14:40:29Z
2026-05-28T14:40:10Z,2026-05-28T16:40:10+0200,6a478062-64a4-4d61-8ceb-e4961767213c,2026-05-05T07:00:00Z,2026-05-05T09:00:00+0200,666.15,MW,BE,BE,forecast_offshore_wind_generation,Wind Offshore,2026-05-28T14:40:29Z
2026-05-28T14:40:10Z,2026-05-28T16:40:10+0200,6a478062-64a4-4d61-8ceb-e4961767213c,2026-05-05T08:00:00Z,2026-05-05T10:00:00+0200,663.275,MW,BE,BE,forecast_offshore_wind_generation,Wind Offshore,2026-05-28T14:40:29Z
2026-05-28T14:40:10Z,2026-05-28T16:40:10+0200,6a478062-64a4-4d61-8ceb-e4961767213c,2026-05-05T09:00:00Z,2026-05-05T11:00:00+0200,637.1,MW,BE,BE,forecast_offshore_wind_generation,Wind Offshore,2026-05-28T14:40:29Z
2026-05-28T14:40:10Z,2026-05-28T16:40:10+0200,6a478062-64a4-4d61-8ceb-e4961767213c,2026-05-05T10:00:00Z,2026-05-05T12:00:00+0200,621.3,MW,BE,BE,forecast_offshore_wind_generation,Wind Offshore,2026-05-28T14:40:29Z
2026-05-28T14:40:10Z,2026-05-28T16:40:10+0200,6a478062-64a4-4d61-8ceb-e4961767213c,2026-05-05T11:00:00Z,2026-05-05T13:00:00+0200,620.825,MW,BE,BE,forecast_offshore_wind_generation,Wind Offshore,2026-05-28T14:40:29Z
2026-05-28T14:40:10Z,2026-05-28T16:40:10+0200,6a478062-64a4-4d61-8ceb-e4961767213c,2026-05-05T12:00:00Z,2026-05-05T14:00:00+0200,653.1,MW,BE,BE,forecast_offshore_wind_generation,Wind Offshore,2026-05-28T14:40:29Z
2026-05-28T14:40:10Z,2026-05-28T16:40:10+0200,6a478062-64a4-4d61-8ceb-e4961767213c,2026-05-05T13:00:00Z,2026-05-05T15:00:00+0200,738.675,MW,BE,BE,forecast_offshore_wind_generation,Wind Offshore,2026-05-28T14:40:29Z
2026-05-28T14:40:10Z,2026-05-28T16:40:10+0200,6a478062-64a4-4d61-8ceb-e4961767213c,2026-05-05T14:00:00Z,2026-05-05T16:00:00+0200,899.6,MW,BE,BE,forecast_offshore_wind_generation,Wind Offshore,2026-05-28T14:40:29Z
2026-05-28T14:40:10Z,2026-05-28T16:40:10+0200,6a478062-64a4-4d61-8ceb-e4961767213c,2026-05-05T15:00:00Z,2026-05-05T17:00:00+0200,1129.275,MW,BE,BE,forecast_offshore_wind_generation,Wind Offshore,2026-05-28T14:40:29Z
2026-05-28T14:40:10Z,2026-05-28T16:40:10+0200,6a478062-64a4-4d61-8ceb-e4961767213c,2026-05-05T16:00:00Z,2026-05-05T18:00:00+0200,1334.55,MW,BE,BE,forecast_offshore_wind_generation,Wind Offshore,2026-05-28T14:40:29Z
2026-05-28T14:40:10Z,2026-05-28T16:40:10+0200,6a478062-64a4-4d61-8ceb-e4961767213c,2026-05-05T17:00:00Z,2026-05-05T19:00:00+0200,1483.075,MW,BE,BE,forecast_offshore_wind_generation,Wind Offshore,2026-05-28T14:40:29Z
2026-05-28T14:40:10Z,2026-05-28T16:40:10+0200,6a478062-64a4-4d61-8ceb-e4961767213c,2026-05-05T18:00:00Z,2026-05-05T20:00:00+0200,1569.075,MW,BE,BE,forecast_offshore_wind_generation,Wind Offshore,2026-05-28T14:40:29Z
2026-05-28T14:40:10Z,2026-05-28T16:40:10+0200,6a478062-64a4-4d61-8ceb-e4961767213c,2026-05-05T19:00:00Z,2026-05-05T21:00:00+0200,1603.425,MW,BE,BE,forecast_offshore_wind_generation,Wind Offshore,2026-05-28T14:40:29Z
2026-05-28T14:40:10Z,2026-05-28T16:40:10+0200,6a478062-64a4-4d61-8ceb-e4961767213c,2026-05-05T20:00:00Z,2026-05-05T22:00:00+0200,1576.7,MW,BE,BE,forecast_offshore_wind_generation,Wind Offshore,2026-05-28T14:40:29Z
2026-05-28T14:40:10Z,2026-05-28T16:40:10+0200,6a478062-64a4-4d61-8ceb-e4961767213c,2026-05-05T21:00:00Z,2026-05-05T23:00:00+0200,1456.825,MW,BE,BE,forecast_offshore_wind_generation,Wind Offshore,2026-05-28T14:40:29Z
2026-05-28T14:40:10Z,2026-05-28T16:40:10+0200,6a478062-64a4-4d61-8ceb-e4961767213c,2026-05-05T22:00:00Z,2026-05-06T00:00:00+0200,1074.225,MW,BE,BE,forecast_offshore_wind_generation,Wind Offshore,2026-05-28T14:40:29Z
2026-05-28T14:40:10Z,2026-05-28T16:40:10+0200,6a478062-64a4-4d61-8ceb-e4961767213c,2026-05-05T23:00:00Z,2026-05-06T01:00:00+0200,953.6,MW,BE,BE,forecast_offshore_wind_generation,Wind Offshore,2026-05-28T14:40:29Z
2026-05-28T14:40:10Z,2026-05-28T16:40:10+0200,6a478062-64a4-4d61-8ceb-e4961767213c,2026-05-06T00:00:00Z,2026-05-06T02:00:00+0200,872.425,MW,BE,BE,forecast_offshore_wind_generation,Wind Offshore,2026-05-28T14:40:29Z
2026-05-28T14:40:10Z,2026-05-28T16:40:10+0200,6a478062-64a4-4d61-8ceb-e4961767213c,2026-05-06T01:00:00Z,2026-05-06T03:00:00+0200,847.75,MW,BE,BE,forecast_offshore_wind_generation,Wind Offshore,2026-05-28T14:40:29Z
2026-05-28T14:40:10Z,2026-05-28T16:40:10+0200,6a478062-64a4-4d61-8ceb-e4961767213c,2026-05-06T02:00:00Z,2026-05-06T04:00:00+0200,845.575,MW,BE,BE,forecast_offshore_wind_generation,Wind Offshore,2026-05-28T14:40:29Z
2026-05-28T14:40:10Z,2026-05-28T16:40:10+0200,6a478062-64a4-4d61-8ceb-e4961767213c,2026-05-06T03:00:00Z,2026-05-06T05:00:00+0200,858.175,MW,BE,BE,forecast_offshore_wind_generation,Wind Offshore,2026-05-28T14:40:29Z
2026-05-28T14:40:10Z,2026-05-28T16:40:10+0200,6a478062-64a4-4d61-8ceb-e4961767213c,2026-05-06T04:00:00Z,2026-05-06T06:00:00+0200,897.375,MW,BE,BE,forecast_offshore_wind_generation,Wind Offshore,2026-05-28T14:40:29Z
2026-05-28T14:40:10Z,2026-05-28T16:40:10+0200,6a478062-64a4-4d61-8ceb-e4961767213c,2026-05-06T05:00:00Z,2026-05-06T07:00:00+0200,952.875,MW,BE,BE,forecast_offshore_wind_generation,Wind Offshore,2026-05-28T14:40:29Z
2026-05-28T14:40:10Z,2026-05-28T16:40:10+0200,6a478062-64a4-4d61-8ceb-e4961767213c,2026-05-06T06:00:00Z,2026-05-06T08:00:00+0200,1017.125,MW,BE,BE,forecast_offshore_wind_generation,Wind Offshore,2026-05-28T14:40:29Z
2026-05-28T14:40:10Z,2026-05-28T16:40:10+0200,6a478062-64a4-4d61-8ceb-e4961767213c,2026-05-06T07:00:00Z,2026-05-06T09:00:00+0200,1108.925,MW,BE,BE,forecast_offshore_wind_generation,Wind Offshore,2026-05-28T14:40:29Z
2026-05-28T14:40:10Z,2026-05-28T16:40:10+0200,6a478062-64a4-4d61-8ceb-e4961767213c,2026-05-06T08:00:00Z,2026-05-06T10:00:00+0200,1116.25,MW,BE,BE,forecast_offshore_wind_generation,Wind Offshore,2026-05-28T14:40:29Z
2026-05-28T14:40:10Z,2026-05-28T16:40:10+0200,6a478062-64a4-4d61-8ceb-e4961767213c,2026-05-06T09:00:00Z,2026-05-06T11:00:00+0200,1042.325,MW,BE,BE,forecast_offshore_wind_generation,Wind Offshore,2026-05-28T14:40:29Z
2026-05-28T14:40:10Z,2026-05-28T16:40:10+0200,6a478062-64a4-4d61-8ceb-e4961767213c,2026-05-06T10:00:00Z,2026-05-06T12:00:00+0200,999.5,MW,BE,BE,forecast_offshore_wind_generation,Wind Offshore,2026-05-28T14:40:29Z
2026-05-28T14:40:10Z,2026-05-28T16:40:10+0200,6a478062-64a4-4d61-8ceb-e4961767213c,2026-05-06T11:00:00Z,2026-05-06T13:00:00+0200,983.45,MW,BE,BE,forecast_offshore_wind_generation,Wind Offshore,2026-05-28T14:40:29Z
2026-05-28T14:40:10Z,2026-05-28T16:40:10+0200,6a478062-64a4-4d61-8ceb-e4961767213c,2026-05-06T12:00:00Z,2026-05-06T14:00:00+0200,999.775,MW,BE,BE,forecast_offshore_wind_generation,Wind Offshore,2026-05-28T14:40:29Z
2026-05-28T14:40:10Z,2026-05-28T16:40:10+0200,6a478062-64a4-4d61-8ceb-e4961767213c,2026-05-06T13:00:00Z,2026-05-06T15:00:00+0200,1044.475,MW,BE,BE,forecast_offshore_wind_generation,Wind Offshore,2026-05-28T14:40:29Z
2026-05-28T14:40:10Z,2026-05-28T16:40:10+0200,6a478062-64a4-4d61-8ceb-e4961767213c,2026-05-06T14:00:00Z,2026-05-06T16:00:00+0200,1109.75,MW,BE,BE,forecast_offshore_wind_generation,Wind Offshore,2026-05-28T14:40:29Z
2026-05-28T14:40:10Z,2026-05-28T16:40:10+0200,6a478062-64a4-4d61-8ceb-e4961767213c,2026-05-06T15:00:00Z,2026-05-06T17:00:00+0200,1171.275,MW,BE,BE,forecast_offshore_wind_generation,Wind Offshore,2026-05-28T14:40:29Z
2026-05-28T14:40:10Z,2026-05-28T16:40:10+0200,6a478062-64a4-4d61-8ceb-e4961767213c,2026-05-06T16:00:00Z,2026-05-06T18:00:00+0200,1206.05,MW,BE,BE,forecast_offshore_wind_generation,Wind Offshore,2026-05-28T14:40:29Z
2026-05-28T14:40:10Z,2026-05-28T16:40:10+0200,6a478062-64a4-4d61-8ceb-e4961767213c,2026-05-06T17:00:00Z,2026-05-06T19:00:00+0200,1224.7,MW,BE,BE,forecast_offshore_wind_generation,Wind Offshore,2026-05-28T14:40:29Z
2026-05-28T14:40:10Z,2026-05-28T16:40:10+0200,6a478062-64a4-4d61-8ceb-e4961767213c,2026-05-06T18:00:00Z,2026-05-06T20:00:00+0200,1236.775,MW,BE,BE,forecast_offshore_wind_generation,Wind Offshore,2026-05-28T14:40:29Z
2026-05-28T14:40:10Z,2026-05-28T16:40:10+0200,6a478062-64a4-4d61-8ceb-e4961767213c,2026-05-06T19:00:00Z,2026-05-06T21:00:00+0200,1229.775,MW,BE,BE,forecast_offshore_wind_generation,Wind Offshore,2026-05-28T14:40:29Z
2026-05-28T14:40:10Z,2026-05-28T16:40:10+0200,6a478062-64a4-4d61-8ceb-e4961767213c,2026-05-06T20:00:00Z,2026-05-06T22:00:00+0200,1178.0,MW,BE,BE,forecast_offshore_wind_generation,Wind Offshore,2026-05-28T14:40:29Z
2026-05-28T14:40:10Z,2026-05-28T16:40:10+0200,6a478062-64a4-4d61-8ceb-e4961767213c,2026-05-06T21:00:00Z,2026-05-06T23:00:00+0200,1061.325,MW,BE,BE,forecast_offshore_wind_generation,Wind Offshore,2026-05-28T14:40:29Z
2026-05-28T14:40:10Z,2026-05-28T16:40:10+0200,6a478062-64a4-4d61-8ceb-e4961767213c,2026-05-06T22:00:00Z,2026-05-07T00:00:00+0200,541.75,MW,BE,BE,forecast_offshore_wind_generation,Wind Offshore,2026-05-28T14:40:29Z
2026-05-28T14:40:10Z,2026-05-28T16:40:10+0200,6a478062-64a4-4d61-8ceb-e4961767213c,2026-05-06T23:00:00Z,2026-05-07T01:00:00+0200,437.125,MW,BE,BE,forecast_offshore_wind_generation,Wind Offshore,2026-05-28T14:40:29Z
2026-05-28T14:40:10Z,2026-05-28T16:40:10+0200,6a478062-64a4-4d61-8ceb-e4961767213c,2026-05-07T00:00:00Z,2026-05-07T02:00:00+0200,328.775,MW,BE,BE,forecast_offshore_wind_generation,Wind Offshore,2026-05-28T14:40:29Z
2026-05-28T14:40:10Z,2026-05-28T16:40:10+0200,6a478062-64a4-4d61-8ceb-e4961767213c,2026-05-07T01:00:00Z,2026-05-07T03:00:00+0200,252.825,MW,BE,BE,forecast_offshore_wind_generation,Wind Offshore,2026-05-28T14:40:29Z
2026-05-28T14:40:10Z,2026-05-28T16:40:10+0200,6a478062-64a4-4d61-8ceb-e4961767213c,2026-05-07T02:00:00Z,2026-05-07T04:00:00+0200,194.65,MW,BE,BE,forecast_offshore_wind_generation,Wind Offshore,2026-05-28T14:40:29Z
2026-05-28T14:40:10Z,2026-05-28T16:40:10+0200,6a478062-64a4-4d61-8ceb-e4961767213c,2026-05-07T03:00:00Z,2026-05-07T05:00:00+0200,148.075,MW,BE,BE,forecast_offshore_wind_generation,Wind Offshore,2026-05-28T14:40:29Z
2026-05-28T14:40:10Z,2026-05-28T16:40:10+0200,6a478062-64a4-4d61-8ceb-e4961767213c,2026-05-07T04:00:00Z,2026-05-07T06:00:00+0200,116.25,MW,BE,BE,forecast_offshore_wind_generation,Wind Offshore,2026-05-28T14:40:29Z
2026-05-28T14:40:10Z,2026-05-28T16:40:10+0200,6a478062-64a4-4d61-8ceb-e4961767213c,2026-05-07T05:00:00Z,2026-05-07T07:00:00+0200,96.3,MW,BE,BE,forecast_offshore_wind_generation,Wind Offshore,2026-05-28T14:40:29Z
2026-05-28T14:40:10Z,2026-05-28T16:40:10+0200,6a478062-64a4-4d61-8ceb-e4961767213c,2026-05-07T06:00:00Z,2026-05-07T08:00:00+0200,80.525,MW,BE,BE,forecast_offshore_wind_generation,Wind Offshore,2026-05-28T14:40:29Z
2026-05-28T14:40:10Z,2026-05-28T16:40:10+0200,6a478062-64a4-4d61-8ceb-e4961767213c,2026-05-07T07:00:00Z,2026-05-07T09:00:00+0200,63.2,MW,BE,BE,forecast_offshore_wind_generation,Wind Offshore,2026-05-28T14:40:29Z
2026-05-28T14:40:10Z,2026-05-28T16:40:10+0200,6a478062-64a4-4d61-8ceb-e4961767213c,2026-05-07T08:00:00Z,2026-05-07T10:00:00+0200,42.1,MW,BE,BE,forecast_offshore_wind_generation,Wind Offshore,2026-05-28T14:40:29Z
2026-05-28T14:40:10Z,2026-05-28T16:40:10+0200,6a478062-64a4-4d61-8ceb-e4961767213c,2026-05-07T09:00:00Z,2026-05-07T11:00:00+0200,21.475,MW,BE,BE,forecast_offshore_wind_generation,Wind Offshore,2026-05-28T14:40:29Z
2026-05-28T14:40:10Z,2026-05-28T16:40:10+0200,6a478062-64a4-4d61-8ceb-e4961767213c,2026-05-07T10:00:00Z,2026-05-07T12:00:00+0200,14.95,MW,BE,BE,forecast_offshore_wind_generation,Wind Offshore,2026-05-28T14:40:29Z
2026-05-28T14:40:10Z,2026-05-28T16:40:10+0200,6a478062-64a4-4d61-8ceb-e4961767213c,2026-05-07T11:00:00Z,2026-05-07T13:00:00+0200,21.375,MW,BE,BE,forecast_offshore_wind_generation,Wind Offshore,2026-05-28T14:40:29Z
2026-05-28T14:40:10Z,2026-05-28T16:40:10+0200,6a478062-64a4-4d61-8ceb-e4961767213c,2026-05-07T12:00:00Z,2026-05-07T14:00:00+0200,40.325,MW,BE,BE,forecast_offshore_wind_generation,Wind Offshore,2026-05-28T14:40:29Z
2026-05-28T14:40:10Z,2026-05-28T16:40:10+0200,6a478062-64a4-4d61-8ceb-e4961767213c,2026-05-07T13:00:00Z,2026-05-07T15:00:00+0200,65.825,MW,BE,BE,forecast_offshore_wind_generation,Wind Offshore,2026-05-28T14:40:29Z
2026-05-28T14:40:10Z,2026-05-28T16:40:10+0200,6a478062-64a4-4d61-8ceb-e4961767213c,2026-05-07T14:00:00Z,2026-05-07T16:00:00+0200,103.625,MW,BE,BE,forecast_offshore_wind_generation,Wind Offshore,2026-05-28T14:40:29Z
2026-05-28T14:40:10Z,2026-05-28T16:40:10+0200,6a478062-64a4-4d61-8ceb-e4961767213c,2026-05-07T15:00:00Z,2026-05-07T17:00:00+0200,146.175,MW,BE,BE,forecast_offshore_wind_generation,Wind Offshore,2026-05-28T14:40:29Z
2026-05-28T14:40:10Z,2026-05-28T16:40:10+0200,6a478062-64a4-4d61-8ceb-e4961767213c,2026-05-07T16:00:00Z,2026-05-07T18:00:00+0200,188.575,MW,BE,BE,forecast_offshore_wind_generation,Wind Offshore,2026-05-28T14:40:29Z
2026-05-28T14:40:10Z,2026-05-28T16:40:10+0200,6a478062-64a4-4d61-8ceb-e4961767213c,2026-05-07T17:00:00Z,2026-05-07T19:00:00+0200,227.15,MW,BE,BE,forecast_offshore_wind_generation,Wind Offshore,2026-05-28T14:40:29Z
2026-05-28T14:40:10Z,2026-05-28T16:40:10+0200,6a478062-64a4-4d61-8ceb-e4961767213c,2026-05-07T18:00:00Z,2026-05-07T20:00:00+0200,268.175,MW,BE,BE,forecast_offshore_wind_generation,Wind Offshore,2026-05-28T14:40:29Z
2026-05-28T14:40:10Z,2026-05-28T16:40:10+0200,6a478062-64a4-4d61-8ceb-e4961767213c,2026-05-07T19:00:00Z,2026-05-07T21:00:00+0200,305.75,MW,BE,BE,forecast_offshore_wind_generation,Wind Offshore,2026-05-28T14:40:29Z
2026-05-28T14:40:10Z,2026-05-28T16:40:10+0200,6a478062-64a4-4d61-8ceb-e4961767213c,2026-05-07T20:00:00Z,2026-05-07T22:00:00+0200,307.075,MW,BE,BE,forecast_offshore_wind_generation,Wind Offshore,2026-05-28T14:40:29Z
2026-05-28T14:40:10Z,2026-05-28T16:40:10+0200,6a478062-64a4-4d61-8ceb-e4961767213c,2026-05-07T21:00:00Z,2026-05-07T23:00:00+0200,277.875,MW,BE,BE,forecast_offshore_wind_generation,Wind Offshore,2026-05-28T14:40:29Z
2026-05-28T14:40:10Z,2026-05-28T16:40:10+0200,6a478062-64a4-4d61-8ceb-e4961767213c,2026-05-07T22:00:00Z,2026-05-08T00:00:00+0200,146.9,MW,BE,BE,forecast_offshore_wind_generation,Wind Offshore,2026-05-28T14:40:29Z
2026-05-28T14:40:10Z,2026-05-28T16:40:10+0200,6a478062-64a4-4d61-8ceb-e4961767213c,2026-05-07T23:00:00Z,2026-05-08T01:00:00+0200,157.45,MW,BE,BE,forecast_offshore_wind_generation,Wind Offshore,2026-05-28T14:40:29Z
2026-05-28T14:40:10Z,2026-05-28T16:40:10+0200,6a478062-64a4-4d61-8ceb-e4961767213c,2026-05-08T00:00:00Z,2026-05-08T02:00:00+0200,164.3,MW,BE,BE,forecast_offshore_wind_generation,Wind Offshore,2026-05-28T14:40:29Z
2026-05-28T14:40:10Z,2026-05-28T16:40:10+0200,6a478062-64a4-4d61-8ceb-e4961767213c,2026-05-08T01:00:00Z,2026-05-08T03:00:00+0200,160.825,MW,BE,BE,forecast_offshore_wind_generation,Wind Offshore,2026-05-28T14:40:29Z
2026-05-28T14:40:10Z,2026-05-28T16:40:10+0200,6a478062-64a4-4d61-8ceb-e4961767213c,2026-05-08T02:00:00Z,2026-05-08T04:00:00+0200,164.9,MW,BE,BE,forecast_offshore_wind_generation,Wind Offshore,2026-05-28T14:40:29Z
2026-05-28T14:40:10Z,2026-05-28T16:40:10+0200,6a478062-64a4-4d61-8ceb-e4961767213c,2026-05-08T03:00:00Z,2026-05-08T05:00:00+0200,166.9,MW,BE,BE,forecast_offshore_wind_generation,Wind Offshore,2026-05-28T14:40:29Z
2026-05-28T14:40:10Z,2026-05-28T16:40:10+0200,6a478062-64a4-4d61-8ceb-e4961767213c,2026-05-08T04:00:00Z,2026-05-08T06:00:00+0200,145.675,MW,BE,BE,forecast_offshore_wind_generation,Wind Offshore,2026-05-28T14:40:29Z
2026-05-28T14:40:10Z,2026-05-28T16:40:10+0200,6a478062-64a4-4d61-8ceb-e4961767213c,2026-05-08T05:00:00Z,2026-05-08T07:00:00+0200,107.575,MW,BE,BE,forecast_offshore_wind_generation,Wind Offshore,2026-05-28T14:40:29Z
2026-05-28T14:40:10Z,2026-05-28T16:40:10+0200,6a478062-64a4-4d61-8ceb-e4961767213c,2026-05-08T06:00:00Z,2026-05-08T08:00:00+0200,72.65,MW,BE,BE,forecast_offshore_wind_generation,Wind Offshore,2026-05-28T14:40:29Z
2026-05-28T14:40:10Z,2026-05-28T16:40:10+0200,6a478062-64a4-4d61-8ceb-e4961767213c,2026-05-08T07:00:00Z,2026-05-08T09:00:00+0200,55.375,MW,BE,BE,forecast_offshore_wind_generation,Wind Offshore,2026-05-28T14:40:29Z
2026-05-28T14:40:10Z,2026-05-28T16:40:10+0200,6a478062-64a4-4d61-8ceb-e4961767213c,2026-05-08T08:00:00Z,2026-05-08T10:00:00+0200,47.575,MW,BE,BE,forecast_offshore_wind_generation,Wind Offshore,2026-05-28T14:40:29Z
2026-05-28T14:40:10Z,2026-05-28T16:40:10+0200,6a478062-64a4-4d61-8ceb-e4961767213c,2026-05-08T09:00:00Z,2026-05-08T11:00:00+0200,36.7,MW,BE,BE,forecast_offshore_wind_generation,Wind Offshore,2026-05-28T14:40:29Z
2026-05-28T14:40:10Z,2026-05-28T16:40:10+0200,6a478062-64a4-4d61-8ceb-e4961767213c,2026-05-08T10:00:00Z,2026-05-08T12:00:00+0200,27.15,MW,BE,BE,forecast_offshore_wind_generation,Wind Offshore,2026-05-28T14:40:29Z
2026-05-28T14:40:10Z,2026-05-28T16:40:10+0200,6a478062-64a4-4d61-8ceb-e4961767213c,2026-05-08T11:00:00Z,2026-05-08T13:00:00+0200,28.55,MW,BE,BE,forecast_offshore_wind_generation,Wind Offshore,2026-05-28T14:40:29Z
2026-05-28T14:40:10Z,2026-05-28T16:40:10+0200,6a478062-64a4-4d61-8ceb-e4961767213c,2026-05-08T12:00:00Z,2026-05-08T14:00:00+0200,46.825,MW,BE,BE,forecast_offshore_wind_generation,Wind Offshore,2026-05-28T14:40:29Z
2026-05-28T14:40:10Z,2026-05-28T16:40:10+0200,6a478062-64a4-4d61-8ceb-e4961767213c,2026-05-08T13:00:00Z,2026-05-08T15:00:00+0200,84.675,MW,BE,BE,forecast_offshore_wind_generation,Wind Offshore,2026-05-28T14:40:29Z
2026-05-28T14:40:10Z,2026-05-28T16:40:10+0200,6a478062-64a4-4d61-8ceb-e4961767213c,2026-05-08T14:00:00Z,2026-05-08T16:00:00+0200,148.875,MW,BE,BE,forecast_offshore_wind_generation,Wind Offshore,2026-05-28T14:40:29Z
2026-05-28T14:40:10Z,2026-05-28T16:40:10+0200,6a478062-64a4-4d61-8ceb-e4961767213c,2026-05-08T15:00:00Z,2026-05-08T17:00:00+0200,243.05,MW,BE,BE,forecast_offshore_wind_generation,Wind Offshore,2026-05-28T14:40:29Z
2026-05-28T14:40:10Z,2026-05-28T16:40:10+0200,6a478062-64a4-4d61-8ceb-e4961767213c,2026-05-08T16:00:00Z,2026-05-08T18:00:00+0200,384.35,MW,BE,BE,forecast_offshore_wind_generation,Wind Offshore,2026-05-28T14:40:29Z
2026-05-28T14:40:10Z,2026-05-28T16:40:10+0200,6a478062-64a4-4d61-8ceb-e4961767213c,2026-05-08T17:00:00Z,2026-05-08T19:00:00+0200,514.775,MW,BE,BE,forecast_offshore_wind_generation,Wind Offshore,2026-05-28T14:40:29Z
2026-05-28T14:40:10Z,2026-05-28T16:40:10+0200,6a478062-64a4-4d61-8ceb-e4961767213c,2026-05-08T18:00:00Z,2026-05-08T20:00:00+0200,589.75,MW,BE,BE,forecast_offshore_wind_generation,Wind Offshore,2026-05-28T14:40:29Z
2026-05-28T14:40:10Z,2026-05-28T16:40:10+0200,6a478062-64a4-4d61-8ceb-e4961767213c,2026-05-08T19:00:00Z,2026-05-08T21:00:00+0200,609.125,MW,BE,BE,forecast_offshore_wind_generation,Wind Offshore,2026-05-28T14:40:29Z
2026-05-28T14:40:10Z,2026-05-28T16:40:10+0200,6a478062-64a4-4d61-8ceb-e4961767213c,2026-05-08T20:00:00Z,2026-05-08T22:00:00+0200,562.225,MW,BE,BE,forecast_offshore_wind_generation,Wind Offshore,2026-05-28T14:40:29Z
2026-05-28T14:40:10Z,2026-05-28T16:40:10+0200,6a478062-64a4-4d61-8ceb-e4961767213c,2026-05-08T21:00:00Z,2026-05-08T23:00:00+0200,475.875,MW,BE,BE,forecast_offshore_wind_generation,Wind Offshore,2026-05-28T14:40:29Z
2026-05-28T14:40:10Z,2026-05-28T16:40:10+0200,6a478062-64a4-4d61-8ceb-e4961767213c,2026-05-08T22:00:00Z,2026-05-09T00:00:00+0200,292.575,MW,BE,BE,forecast_offshore_wind_generation,Wind Offshore,2026-05-28T14:40:29Z
2026-05-28T14:40:10Z,2026-05-28T16:40:10+0200,6a478062-64a4-4d61-8ceb-e4961767213c,2026-05-08T23:00:00Z,2026-05-09T01:00:00+0200,241.225,MW,BE,BE,forecast_offshore_wind_generation,Wind Offshore,2026-05-28T14:40:29Z
2026-05-28T14:40:10Z,2026-05-28T16:40:10+0200,6a478062-64a4-4d61-8ceb-e4961767213c,2026-05-09T00:00:00Z,2026-05-09T02:00:00+0200,205.45,MW,BE,BE,forecast_offshore_wind_generation,Wind Offshore,2026-05-28T14:40:29Z
2026-05-28T14:40:10Z,2026-05-28T16:40:10+0200,6a478062-64a4-4d61-8ceb-e4961767213c,2026-05-09T01:00:00Z,2026-05-09T03:00:00+0200,169.05,MW,BE,BE,forecast_offshore_wind_generation,Wind Offshore,2026-05-28T14:40:29Z
2026-05-28T14:40:10Z,2026-05-28T16:40:10+0200,6a478062-64a4-4d61-8ceb-e4961767213c,2026-05-09T02:00:00Z,2026-05-09T04:00:00+0200,124.775,MW,BE,BE,forecast_offshore_wind_generation,Wind Offshore,2026-05-28T14:40:29Z
2026-05-28T14:40:10Z,2026-05-28T16:40:10+0200,6a478062-64a4-4d61-8ceb-e4961767213c,2026-05-09T03:00:00Z,2026-05-09T05:00:00+0200,93.775,MW,BE,BE,forecast_offshore_wind_generation,Wind Offshore,2026-05-28T14:40:29Z
2026-05-28T14:40:10Z,2026-05-28T16:40:10+0200,6a478062-64a4-4d61-8ceb-e4961767213c,2026-05-09T04:00:00Z,2026-05-09T06:00:00+0200,77.25,MW,BE,BE,forecast_offshore_wind_generation,Wind Offshore,2026-05-28T14:40:29Z
2026-05-28T14:40:10Z,2026-05-28T16:40:10+0200,6a478062-64a4-4d61-8ceb-e4961767213c,2026-05-09T05:00:00Z,2026-05-09T07:00:00+0200,71.25,MW,BE,BE,forecast_offshore_wind_generation,Wind Offshore,2026-05-28T14:40:29Z
2026-05-28T14:40:10Z,2026-05-28T16:40:10+0200,6a478062-64a4-4d61-8ceb-e4961767213c,2026-05-09T06:00:00Z,2026-05-09T08:00:00+0200,80.8,MW,BE,BE,forecast_offshore_wind_generation,Wind Offshore,2026-05-28T14:40:29Z
2026-05-28T14:40:10Z,2026-05-28T16:40:10+0200,6a478062-64a4-4d61-8ceb-e4961767213c,2026-05-09T07:00:00Z,2026-05-09T09:00:00+0200,102.35,MW,BE,BE,forecast_offshore_wind_generation,Wind Offshore,2026-05-28T14:40:29Z
2026-05-28T14:40:10Z,2026-05-28T16:40:10+0200,6a478062-64a4-4d61-8ceb-e4961767213c,2026-05-09T08:00:00Z,2026-05-09T10:00:00+0200,111.275,MW,BE,BE,forecast_offshore_wind_generation,Wind Offshore,2026-05-28T14:40:29Z
2026-05-28T14:40:10Z,2026-05-28T16:40:10+0200,6a478062-64a4-4d61-8ceb-e4961767213c,2026-05-09T09:00:00Z,2026-05-09T11:00:00+0200,121.625,MW,BE,BE,forecast_offshore_wind_generation,Wind Offshore,2026-05-28T14:40:29Z
2026-05-28T14:40:10Z,2026-05-28T16:40:10+0200,6a478062-64a4-4d61-8ceb-e4961767213c,2026-05-09T10:00:00Z,2026-05-09T12:00:00+0200,156.725,MW,BE,BE,forecast_offshore_wind_generation,Wind Offshore,2026-05-28T14:40:29Z
2026-05-28T14:40:10Z,2026-05-28T16:40:10+0200,6a478062-64a4-4d61-8ceb-e4961767213c,2026-05-09T11:00:00Z,2026-05-09T13:00:00+0200,162.3,MW,BE,BE,forecast_offshore_wind_generation,Wind Offshore,2026-05-28T14:40:29Z
2026-05-28T14:40:10Z,2026-05-28T16:40:10+0200,6a478062-64a4-4d61-8ceb-e4961767213c,2026-05-09T12:00:00Z,2026-05-09T14:00:00+0200,150.4,MW,BE,BE,forecast_offshore_wind_generation,Wind Offshore,2026-05-28T14:40:29Z
2026-05-28T14:40:10Z,2026-05-28T16:40:10+0200,6a478062-64a4-4d61-8ceb-e4961767213c,2026-05-09T13:00:00Z,2026-05-09T15:00:00+0200,178.35,MW,BE,BE,forecast_offshore_wind_generation,Wind Offshore,2026-05-28T14:40:29Z
2026-05-28T14:40:10Z,2026-05-28T16:40:10+0200,6a478062-64a4-4d61-8ceb-e4961767213c,2026-05-09T14:00:00Z,2026-05-09T16:00:00+0200,255.3,MW,BE,BE,forecast_offshore_wind_generation,Wind Offshore,2026-05-28T14:40:29Z
2026-05-28T14:40:10Z,2026-05-28T16:40:10+0200,6a478062-64a4-4d61-8ceb-e4961767213c,2026-05-09T15:00:00Z,2026-05-09T17:00:00+0200,397.675,MW,BE,BE,forecast_offshore_wind_generation,Wind Offshore,2026-05-28T14:40:29Z
2026-05-28T14:40:10Z,2026-05-28T16:40:10+0200,6a478062-64a4-4d61-8ceb-e4961767213c,2026-05-09T16:00:00Z,2026-05-09T18:00:00+0200,642.9,MW,BE,BE,forecast_offshore_wind_generation,Wind Offshore,2026-05-28T14:40:29Z
2026-05-28T14:40:10Z,2026-05-28T16:40:10+0200,6a478062-64a4-4d61-8ceb-e4961767213c,2026-05-09T17:00:00Z,2026-05-09T19:00:00+0200,819.325,MW,BE,BE,forecast_offshore_wind_generation,Wind Offshore,2026-05-28T14:40:29Z
2026-05-28T14:40:10Z,2026-05-28T16:40:10+0200,6a478062-64a4-4d61-8ceb-e4961767213c,2026-05-09T18:00:00Z,2026-05-09T20:00:00+0200,813.275,MW,BE,BE,forecast_offshore_wind_generation,Wind Offshore,2026-05-28T14:40:29Z
2026-05-28T14:40:10Z,2026-05-28T16:40:10+0200,6a478062-64a4-4d61-8ceb-e4961767213c,2026-05-09T19:00:00Z,2026-05-09T21:00:00+0200,769.05,MW,BE,BE,forecast_offshore_wind_generation,Wind Offshore,2026-05-28T14:40:29Z
2026-05-28T14:40:10Z,2026-05-28T16:40:10+0200,6a478062-64a4-4d61-8ceb-e4961767213c,2026-05-09T20:00:00Z,2026-05-09T22:00:00+0200,754.05,MW,BE,BE,forecast_offshore_wind_generation,Wind Offshore,2026-05-28T14:40:29Z
2026-05-28T14:40:10Z,2026-05-28T16:40:10+0200,6a478062-64a4-4d61-8ceb-e4961767213c,2026-05-09T21:00:00Z,2026-05-09T23:00:00+0200,734.375,MW,BE,BE,forecast_offshore_wind_generation,Wind Offshore,2026-05-28T14:40:29Z
2026-05-28T14:40:10Z,2026-05-28T16:40:10+0200,6a478062-64a4-4d61-8ceb-e4961767213c,2026-05-09T22:00:00Z,2026-05-10T00:00:00+0200,678.45,MW,BE,BE,forecast_offshore_wind_generation,Wind Offshore,2026-05-28T14:40:29Z
2026-05-28T14:40:10Z,2026-05-28T16:40:10+0200,6a478062-64a4-4d61-8ceb-e4961767213c,2026-05-09T23:00:00Z,2026-05-10T01:00:00+0200,645.45,MW,BE,BE,forecast_offshore_wind_generation,Wind Offshore,2026-05-28T14:40:29Z
2026-05-28T14:40:10Z,2026-05-28T16:40:10+0200,6a478062-64a4-4d61-8ceb-e4961767213c,2026-05-10T00:00:00Z,2026-05-10T02:00:00+0200,613.7,MW,BE,BE,forecast_offshore_wind_generation,Wind Offshore,2026-05-28T14:40:29Z
2026-05-28T14:40:10Z,2026-05-28T16:40:10+0200,6a478062-64a4-4d61-8ceb-e4961767213c,2026-05-10T01:00:00Z,2026-05-10T03:00:00+0200,630.075,MW,BE,BE,forecast_offshore_wind_generation,Wind Offshore,2026-05-28T14:40:29Z
2026-05-28T14:40:10Z,2026-05-28T16:40:10+0200,6a478062-64a4-4d61-8ceb-e4961767213c,2026-05-10T02:00:00Z,2026-05-10T04:00:00+0200,659.3,MW,BE,BE,forecast_offshore_wind_generation,Wind Offshore,2026-05-28T14:40:29Z
2026-05-28T14:40:10Z,2026-05-28T16:40:10+0200,6a478062-64a4-4d61-8ceb-e4961767213c,2026-05-10T03:00:00Z,2026-05-10T05:00:00+0200,708.925,MW,BE,BE,forecast_offshore_wind_generation,Wind Offshore,2026-05-28T14:40:29Z
2026-05-28T14:40:10Z,2026-05-28T16:40:10+0200,6a478062-64a4-4d61-8ceb-e4961767213c,2026-05-10T04:00:00Z,2026-05-10T06:00:00+0200,827.025,MW,BE,BE,forecast_offshore_wind_generation,Wind Offshore,2026-05-28T14:40:29Z
2026-05-28T14:40:10Z,2026-05-28T16:40:10+0200,6a478062-64a4-4d61-8ceb-e4961767213c,2026-05-10T05:00:00Z,2026-05-10T07:00:00+0200,944.575,MW,BE,BE,forecast_offshore_wind_generation,Wind Offshore,2026-05-28T14:40:29Z
2026-05-28T14:40:10Z,2026-05-28T16:40:10+0200,6a478062-64a4-4d61-8ceb-e4961767213c,2026-05-10T06:00:00Z,2026-05-10T08:00:00+0200,1051.475,MW,BE,BE,forecast_offshore_wind_generation,Wind Offshore,2026-05-28T14:40:29Z
2026-05-28T14:40:10Z,2026-05-28T16:40:10+0200,6a478062-64a4-4d61-8ceb-e4961767213c,2026-05-10T07:00:00Z,2026-05-10T09:00:00+0200,1105.8,MW,BE,BE,forecast_offshore_wind_generation,Wind Offshore,2026-05-28T14:40:29Z
2026-05-28T14:40:10Z,2026-05-28T16:40:10+0200,6a478062-64a4-4d61-8ceb-e4961767213c,2026-05-10T08:00:00Z,2026-05-10T10:00:00+0200,1209.35,MW,BE,BE,forecast_offshore_wind_generation,Wind Offshore,2026-05-28T14:40:29Z
2026-05-28T14:40:10Z,2026-05-28T16:40:10+0200,6a478062-64a4-4d61-8ceb-e4961767213c,2026-05-10T09:00:00Z,2026-05-10T11:00:00+0200,1357.525,MW,BE,BE,forecast_offshore_wind_generation,Wind Offshore,2026-05-28T14:40:29Z
2026-05-28T14:40:10Z,2026-05-28T16:40:10+0200,6a478062-64a4-4d61-8ceb-e4961767213c,2026-05-10T10:00:00Z,2026-05-10T12:00:00+0200,1464.25,MW,BE,BE,forecast_offshore_wind_generation,Wind Offshore,2026-05-28T14:40:29Z
2026-05-28T14:40:10Z,2026-05-28T16:40:10+0200,6a478062-64a4-4d61-8ceb-e4961767213c,2026-05-10T11:00:00Z,2026-05-10T13:00:00+0200,1597.875,MW,BE,BE,forecast_offshore_wind_generation,Wind Offshore,2026-05-28T14:40:29Z
2026-05-28T14:40:10Z,2026-05-28T16:40:10+0200,6a478062-64a4-4d61-8ceb-e4961767213c,2026-05-10T12:00:00Z,2026-05-10T14:00:00+0200,1738.325,MW,BE,BE,forecast_offshore_wind_generation,Wind Offshore,2026-05-28T14:40:29Z
2026-05-28T14:40:10Z,2026-05-28T16:40:10+0200,6a478062-64a4-4d61-8ceb-e4961767213c,2026-05-10T13:00:00Z,2026-05-10T15:00:00+0200,1843.575,MW,BE,BE,forecast_offshore_wind_generation,Wind Offshore,2026-05-28T14:40:29Z
2026-05-28T14:40:10Z,2026-05-28T16:40:10+0200,6a478062-64a4-4d61-8ceb-e4961767213c,2026-05-10T14:00:00Z,2026-05-10T16:00:00+0200,1926.125,MW,BE,BE,forecast_offshore_wind_generation,Wind Offshore,2026-05-28T14:40:29Z
2026-05-28T14:40:10Z,2026-05-28T16:40:10+0200,6a478062-64a4-4d61-8ceb-e4961767213c,2026-05-10T15:00:00Z,2026-05-10T17:00:00+0200,1993.65,MW,BE,BE,forecast_offshore_wind_generation,Wind Offshore,2026-05-28T14:40:29Z
2026-05-28T14:40:10Z,2026-05-28T16:40:10+0200,6a478062-64a4-4d61-8ceb-e4961767213c,2026-05-10T16:00:00Z,2026-05-10T18:00:00+0200,2024.15,MW,BE,BE,forecast_offshore_wind_generation,Wind Offshore,2026-05-28T14:40:29Z
2026-05-28T14:40:10Z,2026-05-28T16:40:10+0200,6a478062-64a4-4d61-8ceb-e4961767213c,2026-05-10T17:00:00Z,2026-05-10T19:00:00+0200,2012.45,MW,BE,BE,forecast_offshore_wind_generation,Wind Offshore,2026-05-28T14:40:29Z
2026-05-28T14:40:10Z,2026-05-28T16:40:10+0200,6a478062-64a4-4d61-8ceb-e4961767213c,2026-05-10T18:00:00Z,2026-05-10T20:00:00+0200,1962.0,MW,BE,BE,forecast_offshore_wind_generation,Wind Offshore,2026-05-28T14:40:29Z
2026-05-28T14:40:10Z,2026-05-28T16:40:10+0200,6a478062-64a4-4d61-8ceb-e4961767213c,2026-05-10T19:00:00Z,2026-05-10T21:00:00+0200,1872.8,MW,BE,BE,forecast_offshore_wind_generation,Wind Offshore,2026-05-28T14:40:29Z
2026-05-28T14:40:10Z,2026-05-28T16:40:10+0200,6a478062-64a4-4d61-8ceb-e4961767213c,2026-05-10T20:00:00Z,2026-05-10T22:00:00+0200,1747.175,MW,BE,BE,forecast_offshore_wind_generation,Wind Offshore,2026-05-28T14:40:29Z
2026-05-28T14:40:10Z,2026-05-28T16:40:10+0200,6a478062-64a4-4d61-8ceb-e4961767213c,2026-05-10T21:00:00Z,2026-05-10T23:00:00+0200,1607.05,MW,BE,BE,forecast_offshore_wind_generation,Wind Offshore,2026-05-28T14:40:29Z
2026-05-28T14:40:10Z,2026-05-28T16:40:10+0200,6a478062-64a4-4d61-8ceb-e4961767213c,2026-05-10T22:00:00Z,2026-05-11T00:00:00+0200,1271.75,MW,BE,BE,forecast_offshore_wind_generation,Wind Offshore,2026-05-28T14:40:29Z
2026-05-28T14:40:10Z,2026-05-28T16:40:10+0200,6a478062-64a4-4d61-8ceb-e4961767213c,2026-05-10T23:00:00Z,2026-05-11T01:00:00+0200,1054.075,MW,BE,BE,forecast_offshore_wind_generation,Wind Offshore,2026-05-28T14:40:29Z
2026-05-28T14:40:10Z,2026-05-28T16:40:10+0200,6a478062-64a4-4d61-8ceb-e4961767213c,2026-05-11T00:00:00Z,2026-05-11T02:00:00+0200,865.0,MW,BE,BE,forecast_offshore_wind_generation,Wind Offshore,2026-05-28T14:40:29Z
2026-05-28T14:40:10Z,2026-05-28T16:40:10+0200,6a478062-64a4-4d61-8ceb-e4961767213c,2026-05-11T01:00:00Z,2026-05-11T03:00:00+0200,677.375,MW,BE,BE,forecast_offshore_wind_generation,Wind Offshore,2026-05-28T14:40:29Z
2026-05-28T14:40:10Z,2026-05-28T16:40:10+0200,6a478062-64a4-4d61-8ceb-e4961767213c,2026-05-11T02:00:00Z,2026-05-11T04:00:00+0200,506.675,MW,BE,BE,forecast_offshore_wind_generation,Wind Offshore,2026-05-28T14:40:29Z
2026-05-28T14:40:10Z,2026-05-28T16:40:10+0200,6a478062-64a4-4d61-8ceb-e4961767213c,2026-05-11T03:00:00Z,2026-05-11T05:00:00+0200,361.8,MW,BE,BE,forecast_offshore_wind_generation,Wind Offshore,2026-05-28T14:40:29Z
2026-05-28T14:40:10Z,2026-05-28T16:40:10+0200,6a478062-64a4-4d61-8ceb-e4961767213c,2026-05-11T04:00:00Z,2026-05-11T06:00:00+0200,269.15,MW,BE,BE,forecast_offshore_wind_generation,Wind Offshore,2026-05-28T14:40:29Z
2026-05-28T14:40:10Z,2026-05-28T16:40:10+0200,6a478062-64a4-4d61-8ceb-e4961767213c,2026-05-11T05:00:00Z,2026-05-11T07:00:00+0200,233.5,MW,BE,BE,forecast_offshore_wind_generation,Wind Offshore,2026-05-28T14:40:29Z
2026-05-28T14:40:10Z,2026-05-28T16:40:10+0200,6a478062-64a4-4d61-8ceb-e4961767213c,2026-05-11T06:00:00Z,2026-05-11T08:00:00+0200,257.675,MW,BE,BE,forecast_offshore_wind_generation,Wind Offshore,2026-05-28T14:40:29Z
2026-05-28T14:40:10Z,2026-05-28T16:40:10+0200,6a478062-64a4-4d61-8ceb-e4961767213c,2026-05-11T07:00:00Z,2026-05-11T09:00:00+0200,362.15,MW,BE,BE,forecast_offshore_wind_generation,Wind Offshore,2026-05-28T14:40:29Z
2026-05-28T14:40:10Z,2026-05-28T16:40:10+0200,6a478062-64a4-4d61-8ceb-e4961767213c,2026-05-11T08:00:00Z,2026-05-11T10:00:00+0200,502.15,MW,BE,BE,forecast_offshore_wind_generation,Wind Offshore,2026-05-28T14:40:29Z
2026-05-28T14:40:10Z,2026-05-28T16:40:10+0200,6a478062-64a4-4d61-8ceb-e4961767213c,2026-05-11T09:00:00Z,2026-05-11T11:00:00+0200,657.975,MW,BE,BE,forecast_offshore_wind_generation,Wind Offshore,2026-05-28T14:40:29Z
2026-05-28T14:40:10Z,2026-05-28T16:40:10+0200,6a478062-64a4-4d61-8ceb-e4961767213c,2026-05-11T10:00:00Z,2026-05-11T12:00:00+0200,875.425,MW,BE,BE,forecast_offshore_wind_generation,Wind Offshore,2026-05-28T14:40:29Z
2026-05-28T14:40:10Z,2026-05-28T16:40:10+0200,6a478062-64a4-4d61-8ceb-e4961767213c,2026-05-11T11:00:00Z,2026-05-11T13:00:00+0200,1032.65,MW,BE,BE,forecast_offshore_wind_generation,Wind Offshore,2026-05-28T14:40:29Z
2026-05-28T14:40:10Z,2026-05-28T16:40:10+0200,6a478062-64a4-4d61-8ceb-e4961767213c,2026-05-11T12:00:00Z,2026-05-11T14:00:00+0200,1155.05,MW,BE,BE,forecast_offshore_wind_generation,Wind Offshore,2026-05-28T14:40:29Z
2026-05-28T14:40:10Z,2026-05-28T16:40:10+0200,6a478062-64a4-4d61-8ceb-e4961767213c,2026-05-11T13:00:00Z,2026-05-11T15:00:00+0200,1275.8,MW,BE,BE,forecast_offshore_wind_generation,Wind Offshore,2026-05-28T14:40:29Z
2026-05-28T14:40:10Z,2026-05-28T16:40:10+0200,6a478062-64a4-4d61-8ceb-e4961767213c,2026-05-11T14:00:00Z,2026-05-11T16:00:00+0200,1393.65,MW,BE,BE,forecast_offshore_wind_generation,Wind Offshore,2026-05-28T14:40:29Z
2026-05-28T14:40:10Z,2026-05-28T16:40:10+0200,6a478062-64a4-4d61-8ceb-e4961767213c,2026-05-11T15:00:00Z,2026-05-11T17:00:00+0200,1431.225,MW,BE,BE,forecast_offshore_wind_generation,Wind Offshore,2026-05-28T14:40:29Z
2026-05-28T14:40:10Z,2026-05-28T16:40:10+0200,6a478062-64a4-4d61-8ceb-e4961767213c,2026-05-11T16:00:00Z,2026-05-11T18:00:00+0200,1427.0,MW,BE,BE,forecast_offshore_wind_generation,Wind Offshore,2026-05-28T14:40:29Z
2026-05-28T14:40:10Z,2026-05-28T16:40:10+0200,6a478062-64a4-4d61-8ceb-e4961767213c,2026-05-11T17:00:00Z,2026-05-11T19:00:00+0200,1401.8,MW,BE,BE,forecast_offshore_wind_generation,Wind Offshore,2026-05-28T14:40:29Z
2026-05-28T14:40:10Z,2026-05-28T16:40:10+0200,6a478062-64a4-4d61-8ceb-e4961767213c,2026-05-11T18:00:00Z,2026-05-11T20:00:00+0200,1318.1,MW,BE,BE,forecast_offshore_wind_generation,Wind Offshore,2026-05-28T14:40:29Z
2026-05-28T14:40:10Z,2026-05-28T16:40:10+0200,6a478062-64a4-4d61-8ceb-e4961767213c,2026-05-11T19:00:00Z,2026-05-11T21:00:00+0200,1200.15,MW,BE,BE,forecast_offshore_wind_generation,Wind Offshore,2026-05-28T14:40:29Z
2026-05-28T14:40:10Z,2026-05-28T16:40:10+0200,6a478062-64a4-4d61-8ceb-e4961767213c,2026-05-11T20:00:00Z,2026-05-11T22:00:00+0200,1069.525,MW,BE,BE,forecast_offshore_wind_generation,Wind Offshore,2026-05-28T14:40:29Z
2026-05-28T14:40:10Z,2026-05-28T16:40:10+0200,6a478062-64a4-4d61-8ceb-e4961767213c,2026-05-11T21:00:00Z,2026-05-11T23:00:00+0200,932.85,MW,BE,BE,forecast_offshore_wind_generation,Wind Offshore,2026-05-28T14:40:29Z
2026-05-28T14:40:10Z,2026-05-28T16:40:10+0200,6a478062-64a4-4d61-8ceb-e4961767213c,2026-05-11T22:00:00Z,2026-05-12T00:00:00+0200,1662.25,MW,BE,BE,forecast_offshore_wind_generation,Wind Offshore,2026-05-28T14:40:29Z
2026-05-28T14:40:10Z,2026-05-28T16:40:10+0200,6a478062-64a4-4d61-8ceb-e4961767213c,2026-05-11T23:00:00Z,2026-05-12T01:00:00+0200,1529.875,MW,BE,BE,forecast_offshore_wind_generation,Wind Offshore,2026-05-28T14:40:29Z
2026-05-28T14:40:10Z,2026-05-28T16:40:10+0200,6a478062-64a4-4d61-8ceb-e4961767213c,2026-05-12T00:00:00Z,2026-05-12T02:00:00+0200,1331.675,MW,BE,BE,forecast_offshore_wind_generation,Wind Offshore,2026-05-28T14:40:29Z
2026-05-28T14:40:10Z,2026-05-28T16:40:10+0200,6a478062-64a4-4d61-8ceb-e4961767213c,2026-05-12T01:00:00Z,2026-05-12T03:00:00+0200,1140.375,MW,BE,BE,forecast_offshore_wind_generation,Wind Offshore,2026-05-28T14:40:29Z
2026-05-28T14:40:10Z,2026-05-28T16:40:10+0200,6a478062-64a4-4d61-8ceb-e4961767213c,2026-05-12T02:00:00Z,2026-05-12T04:00:00+0200,1030.55,MW,BE,BE,forecast_offshore_wind_generation,Wind Offshore,2026-05-28T14:40:29Z
2026-05-28T14:40:10Z,2026-05-28T16:40:10+0200,6a478062-64a4-4d61-8ceb-e4961767213c,2026-05-12T03:00:00Z,2026-05-12T05:00:00+0200,974.15,MW,BE,BE,forecast_offshore_wind_generation,Wind Offshore,2026-05-28T14:40:29Z
2026-05-28T14:40:10Z,2026-05-28T16:40:10+0200,6a478062-64a4-4d61-8ceb-e4961767213c,2026-05-12T04:00:00Z,2026-05-12T06:00:00+0200,875.725,MW,BE,BE,forecast_offshore_wind_generation,Wind Offshore,2026-05-28T14:40:29Z
2026-05-28T14:40:10Z,2026-05-28T16:40:10+0200,6a478062-64a4-4d61-8ceb-e4961767213c,2026-05-12T05:00:00Z,2026-05-12T07:00:00+0200,736.525,MW,BE,BE,forecast_offshore_wind_generation,Wind Offshore,2026-05-28T14:40:29Z
2026-05-28T14:40:10Z,2026-05-28T16:40:10+0200,6a478062-64a4-4d61-8ceb-e4961767213c,2026-05-12T06:00:00Z,2026-05-12T08:00:00+0200,589.2,MW,BE,BE,forecast_offshore_wind_generation,Wind Offshore,2026-05-28T14:40:29Z
2026-05-28T14:40:10Z,2026-05-28T16:40:10+0200,6a478062-64a4-4d61-8ceb-e4961767213c,2026-05-12T07:00:00Z,2026-05-12T09:00:00+0200,474.775,MW,BE,BE,forecast_offshore_wind_generation,Wind Offshore,2026-05-28T14:40:29Z
2026-05-28T14:40:10Z,2026-05-28T16:40:10+0200,6a478062-64a4-4d61-8ceb-e4961767213c,2026-05-12T08:00:00Z,2026-05-12T10:00:00+0200,438.025,MW,BE,BE,forecast_offshore_wind_generation,Wind Offshore,2026-05-28T14:40:29Z
2026-05-28T14:40:10Z,2026-05-28T16:40:10+0200,6a478062-64a4-4d61-8ceb-e4961767213c,2026-05-12T09:00:00Z,2026-05-12T11:00:00+0200,471.075,MW,BE,BE,forecast_offshore_wind_generation,Wind Offshore,2026-05-28T14:40:29Z
2026-05-28T14:40:10Z,2026-05-28T16:40:10+0200,6a478062-64a4-4d61-8ceb-e4961767213c,2026-05-12T10:00:00Z,2026-05-12T12:00:00+0200,539.4,MW,BE,BE,forecast_offshore_wind_generation,Wind Offshore,2026-05-28T14:40:29Z
2026-05-28T14:40:10Z,2026-05-28T16:40:10+0200,6a478062-64a4-4d61-8ceb-e4961767213c,2026-05-12T11:00:00Z,2026-05-12T13:00:00+0200,624.25,MW,BE,BE,forecast_offshore_wind_generation,Wind Offshore,2026-05-28T14:40:29Z
2026-05-28T14:40:10Z,2026-05-28T16:40:10+0200,6a478062-64a4-4d61-8ceb-e4961767213c,2026-05-12T12:00:00Z,2026-05-12T14:00:00+0200,671.725,MW,BE,BE,forecast_offshore_wind_generation,Wind Offshore,2026-05-28T14:40:29Z
2026-05-28T14:40:10Z,2026-05-28T16:40:10+0200,6a478062-64a4-4d61-8ceb-e4961767213c,2026-05-12T13:00:00Z,2026-05-12T15:00:00+0200,675.1,MW,BE,BE,forecast_offshore_wind_generation,Wind Offshore,2026-05-28T14:40:29Z
2026-05-28T14:40:10Z,2026-05-28T16:40:10+0200,6a478062-64a4-4d61-8ceb-e4961767213c,2026-05-12T14:00:00Z,2026-05-12T16:00:00+0200,772.15,MW,BE,BE,forecast_offshore_wind_generation,Wind Offshore,2026-05-28T14:40:29Z
2026-05-28T14:40:10Z,2026-05-28T16:40:10+0200,6a478062-64a4-4d61-8ceb-e4961767213c,2026-05-12T15:00:00Z,2026-05-12T17:00:00+0200,886.55,MW,BE,BE,forecast_offshore_wind_generation,Wind Offshore,2026-05-28T14:40:29Z
2026-05-28T14:40:10Z,2026-05-28T16:40:10+0200,6a478062-64a4-4d61-8ceb-e4961767213c,2026-05-12T16:00:00Z,2026-05-12T18:00:00+0200,965.675,MW,BE,BE,forecast_offshore_wind_generation,Wind Offshore,2026-05-28T14:40:29Z
2026-05-28T14:40:10Z,2026-05-28T16:40:10+0200,6a478062-64a4-4d61-8ceb-e4961767213c,2026-05-12T17:00:00Z,2026-05-12T19:00:00+0200,1206.825,MW,BE,BE,forecast_offshore_wind_generation,Wind Offshore,2026-05-28T14:40:29Z
2026-05-28T14:40:10Z,2026-05-28T16:40:10+0200,6a478062-64a4-4d61-8ceb-e4961767213c,2026-05-12T18:00:00Z,2026-05-12T20:00:00+0200,1251.175,MW,BE,BE,forecast_offshore_wind_generation,Wind Offshore,2026-05-28T14:40:29Z
2026-05-28T14:40:10Z,2026-05-28T16:40:10+0200,6a478062-64a4-4d61-8ceb-e4961767213c,2026-05-12T19:00:00Z,2026-05-12T21:00:00+0200,1103.5,MW,BE,BE,forecast_offshore_wind_generation,Wind Offshore,2026-05-28T14:40:29Z
2026-05-28T14:40:10Z,2026-05-28T16:40:10+0200,6a478062-64a4-4d61-8ceb-e4961767213c,2026-05-12T20:00:00Z,2026-05-12T22:00:00+0200,989.225,MW,BE,BE,forecast_offshore_wind_generation,Wind Offshore,2026-05-28T14:40:29Z
2026-05-28T14:40:10Z,2026-05-28T16:40:10+0200,6a478062-64a4-4d61-8ceb-e4961767213c,2026-05-12T21:00:00Z,2026-05-12T23:00:00+0200,894.425,MW,BE,BE,forecast_offshore_wind_generation,Wind Offshore,2026-05-28T14:40:29Z
2026-05-28T14:40:10Z,2026-05-28T16:40:10+0200,6a478062-64a4-4d61-8ceb-e4961767213c,2026-05-12T22:00:00Z,2026-05-13T00:00:00+0200,1122.775,MW,BE,BE,forecast_offshore_wind_generation,Wind Offshore,2026-05-28T14:40:29Z
2026-05-28T14:40:10Z,2026-05-28T16:40:10+0200,6a478062-64a4-4d61-8ceb-e4961767213c,2026-05-12T23:00:00Z,2026-05-13T01:00:00+0200,1186.2,MW,BE,BE,forecast_offshore_wind_generation,Wind Offshore,2026-05-28T14:40:29Z
2026-05-28T14:40:10Z,2026-05-28T16:40:10+0200,6a478062-64a4-4d61-8ceb-e4961767213c,2026-05-13T00:00:00Z,2026-05-13T02:00:00+0200,1138.625,MW,BE,BE,forecast_offshore_wind_generation,Wind Offshore,2026-05-28T14:40:29Z
2026-05-28T14:40:10Z,2026-05-28T16:40:10+0200,6a478062-64a4-4d61-8ceb-e4961767213c,2026-05-13T01:00:00Z,2026-05-13T03:00:00+0200,935.4,MW,BE,BE,forecast_offshore_wind_generation,Wind Offshore,2026-05-28T14:40:29Z
2026-05-28T14:40:10Z,2026-05-28T16:40:10+0200,6a478062-64a4-4d61-8ceb-e4961767213c,2026-05-13T02:00:00Z,2026-05-13T04:00:00+0200,756.5,MW,BE,BE,forecast_offshore_wind_generation,Wind Offshore,2026-05-28T14:40:29Z
2026-05-28T14:40:10Z,2026-05-28T16:40:10+0200,6a478062-64a4-4d61-8ceb-e4961767213c,2026-05-13T03:00:00Z,2026-05-13T05:00:00+0200,734.375,MW,BE,BE,forecast_offshore_wind_generation,Wind Offshore,2026-05-28T14:40:29Z
2026-05-28T14:40:10Z,2026-05-28T16:40:10+0200,6a478062-64a4-4d61-8ceb-e4961767213c,2026-05-13T04:00:00Z,2026-05-13T06:00:00+0200,758.4,MW,BE,BE,forecast_offshore_wind_generation,Wind Offshore,2026-05-28T14:40:29Z
2026-05-28T14:40:10Z,2026-05-28T16:40:10+0200,6a478062-64a4-4d61-8ceb-e4961767213c,2026-05-13T05:00:00Z,2026-05-13T07:00:00+0200,845.8,MW,BE,BE,forecast_offshore_wind_generation,Wind Offshore,2026-05-28T14:40:29Z
2026-05-28T14:40:10Z,2026-05-28T16:40:10+0200,6a478062-64a4-4d61-8ceb-e4961767213c,2026-05-13T06:00:00Z,2026-05-13T08:00:00+0200,1007.8,MW,BE,BE,forecast_offshore_wind_generation,Wind Offshore,2026-05-28T14:40:29Z
2026-05-28T14:40:10Z,2026-05-28T16:40:10+0200,6a478062-64a4-4d61-8ceb-e4961767213c,2026-05-13T07:00:00Z,2026-05-13T09:00:00+0200,1093.65,MW,BE,BE,forecast_offshore_wind_generation,Wind Offshore,2026-05-28T14:40:29Z
2026-05-28T14:40:10Z,2026-05-28T16:40:10+0200,6a478062-64a4-4d61-8ceb-e4961767213c,2026-05-13T08:00:00Z,2026-05-13T10:00:00+0200,1083.775,MW,BE,BE,forecast_offshore_wind_generation,Wind Offshore,2026-05-28T14:40:29Z
2026-05-28T14:40:10Z,2026-05-28T16:40:10+0200,6a478062-64a4-4d61-8ceb-e4961767213c,2026-05-13T09:00:00Z,2026-05-13T11:00:00+0200,1157.75,MW,BE,BE,forecast_offshore_wind_generation,Wind Offshore,2026-05-28T14:40:29Z
2026-05-28T14:40:10Z,2026-05-28T16:40:10+0200,6a478062-64a4-4d61-8ceb-e4961767213c,2026-05-13T10:00:00Z,2026-05-13T12:00:00+0200,1173.1,MW,BE,BE,forecast_offshore_wind_generation,Wind Offshore,2026-05-28T14:40:29Z
2026-05-28T14:40:10Z,2026-05-28T16:40:10+0200,6a478062-64a4-4d61-8ceb-e4961767213c,2026-05-13T11:00:00Z,2026-05-13T13:00:00+0200,1139.375,MW,BE,BE,forecast_offshore_wind_generation,Wind Offshore,2026-05-28T14:40:29Z
2026-05-28T14:40:10Z,2026-05-28T16:40:10+0200,6a478062-64a4-4d61-8ceb-e4961767213c,2026-05-13T12:00:00Z,2026-05-13T14:00:00+0200,1118.35,MW,BE,BE,forecast_offshore_wind_generation,Wind Offshore,2026-05-28T14:40:29Z
2026-05-28T14:40:10Z,2026-05-28T16:40:10+0200,6a478062-64a4-4d61-8ceb-e4961767213c,2026-05-13T13:00:00Z,2026-05-13T15:00:00+0200,1030.9,MW,BE,BE,forecast_offshore_wind_generation,Wind Offshore,2026-05-28T14:40:29Z
2026-05-28T14:40:10Z,2026-05-28T16:40:10+0200,6a478062-64a4-4d61-8ceb-e4961767213c,2026-05-13T14:00:00Z,2026-05-13T16:00:00+0200,998.6,MW,BE,BE,forecast_offshore_wind_generation,Wind Offshore,2026-05-28T14:40:29Z
2026-05-28T14:40:10Z,2026-05-28T16:40:10+0200,6a478062-64a4-4d61-8ceb-e4961767213c,2026-05-13T15:00:00Z,2026-05-13T17:00:00+0200,952.775,MW,BE,BE,forecast_offshore_wind_generation,Wind Offshore,2026-05-28T14:40:29Z
2026-05-28T14:40:10Z,2026-05-28T16:40:10+0200,6a478062-64a4-4d61-8ceb-e4961767213c,2026-05-13T16:00:00Z,2026-05-13T18:00:00+0200,998.15,MW,BE,BE,forecast_offshore_wind_generation,Wind Offshore,2026-05-28T14:40:29Z
2026-05-28T14:40:10Z,2026-05-28T16:40:10+0200,6a478062-64a4-4d61-8ceb-e4961767213c,2026-05-13T17:00:00Z,2026-05-13T19:00:00+0200,1036.175,MW,BE,BE,forecast_offshore_wind_generation,Wind Offshore,2026-05-28T14:40:29Z
2026-05-28T14:40:10Z,2026-05-28T16:40:10+0200,6a478062-64a4-4d61-8ceb-e4961767213c,2026-05-13T18:00:00Z,2026-05-13T20:00:00+0200,953.45,MW,BE,BE,forecast_offshore_wind_generation,Wind Offshore,2026-05-28T14:40:29Z
2026-05-28T14:40:10Z,2026-05-28T16:40:10+0200,6a478062-64a4-4d61-8ceb-e4961767213c,2026-05-13T19:00:00Z,2026-05-13T21:00:00+0200,797.475,MW,BE,BE,forecast_offshore_wind_generation,Wind Offshore,2026-05-28T14:40:29Z
2026-05-28T14:40:10Z,2026-05-28T16:40:10+0200,6a478062-64a4-4d61-8ceb-e4961767213c,2026-05-13T20:00:00Z,2026-05-13T22:00:00+0200,672.475,MW,BE,BE,forecast_offshore_wind_generation,Wind Offshore,2026-05-28T14:40:29Z
2026-05-28T14:40:10Z,2026-05-28T16:40:10+0200,6a478062-64a4-4d61-8ceb-e4961767213c,2026-05-13T21:00:00Z,2026-05-13T23:00:00+0200,657.75,MW,BE,BE,forecast_offshore_wind_generation,Wind Offshore,2026-05-28T14:40:29Z
2026-05-28T14:40:10Z,2026-05-28T16:40:10+0200,6a478062-64a4-4d61-8ceb-e4961767213c,2026-05-13T22:00:00Z,2026-05-14T00:00:00+0200,514.425,MW,BE,BE,forecast_offshore_wind_generation,Wind Offshore,2026-05-28T14:40:29Z
2026-05-28T14:40:10Z,2026-05-28T16:40:10+0200,6a478062-64a4-4d61-8ceb-e4961767213c,2026-05-13T23:00:00Z,2026-05-14T01:00:00+0200,586.075,MW,BE,BE,forecast_offshore_wind_generation,Wind Offshore,2026-05-28T14:40:29Z
2026-05-28T14:40:10Z,2026-05-28T16:40:10+0200,6a478062-64a4-4d61-8ceb-e4961767213c,2026-05-14T00:00:00Z,2026-05-14T02:00:00+0200,745.65,MW,BE,BE,forecast_offshore_wind_generation,Wind Offshore,2026-05-28T14:40:29Z
2026-05-28T14:40:10Z,2026-05-28T16:40:10+0200,6a478062-64a4-4d61-8ceb-e4961767213c,2026-05-14T01:00:00Z,2026-05-14T03:00:00+0200,810.125,MW,BE,BE,forecast_offshore_wind_generation,Wind Offshore,2026-05-28T14:40:29Z
2026-05-28T14:40:10Z,2026-05-28T16:40:10+0200,6a478062-64a4-4d61-8ceb-e4961767213c,2026-05-14T02:00:00Z,2026-05-14T04:00:00+0200,776.125,MW,BE,BE,forecast_offshore_wind_generation,Wind Offshore,2026-05-28T14:40:29Z
2026-05-28T14:40:10Z,2026-05-28T16:40:10+0200,6a478062-64a4-4d61-8ceb-e4961767213c,2026-05-14T03:00:00Z,2026-05-14T05:00:00+0200,754.45,MW,BE,BE,forecast_offshore_wind_generation,Wind Offshore,2026-05-28T14:40:29Z
2026-05-28T14:40:10Z,2026-05-28T16:40:10+0200,6a478062-64a4-4d61-8ceb-e4961767213c,2026-05-14T04:00:00Z,2026-05-14T06:00:00+0200,721.725,MW,BE,BE,forecast_offshore_wind_generation,Wind Offshore,2026-05-28T14:40:29Z
2026-05-28T14:40:10Z,2026-05-28T16:40:10+0200,6a478062-64a4-4d61-8ceb-e4961767213c,2026-05-14T05:00:00Z,2026-05-14T07:00:00+0200,568.75,MW,BE,BE,forecast_offshore_wind_generation,Wind Offshore,2026-05-28T14:40:29Z
2026-05-28T14:40:10Z,2026-05-28T16:40:10+0200,6a478062-64a4-4d61-8ceb-e4961767213c,2026-05-14T06:00:00Z,2026-05-14T08:00:00+0200,418.475,MW,BE,BE,forecast_offshore_wind_generation,Wind Offshore,2026-05-28T14:40:29Z
2026-05-28T14:40:10Z,2026-05-28T16:40:10+0200,6a478062-64a4-4d61-8ceb-e4961767213c,2026-05-14T07:00:00Z,2026-05-14T09:00:00+0200,362.925,MW,BE,BE,forecast_offshore_wind_generation,Wind Offshore,2026-05-28T14:40:29Z
2026-05-28T14:40:10Z,2026-05-28T16:40:10+0200,6a478062-64a4-4d61-8ceb-e4961767213c,2026-05-14T08:00:00Z,2026-05-14T10:00:00+0200,400.7,MW,BE,BE,forecast_offshore_wind_generation,Wind Offshore,2026-05-28T14:40:29Z
2026-05-28T14:40:10Z,2026-05-28T16:40:10+0200,6a478062-64a4-4d61-8ceb-e4961767213c,2026-05-14T09:00:00Z,2026-05-14T11:00:00+0200,467.675,MW,BE,BE,forecast_offshore_wind_generation,Wind Offshore,2026-05-28T14:40:29Z
2026-05-28T14:40:10Z,2026-05-28T16:40:10+0200,6a478062-64a4-4d61-8ceb-e4961767213c,2026-05-14T10:00:00Z,2026-05-14T12:00:00+0200,451.125,MW,BE,BE,forecast_offshore_wind_generation,Wind Offshore,2026-05-28T14:40:29Z
2026-05-28T14:40:10Z,2026-05-28T16:40:10+0200,6a478062-64a4-4d61-8ceb-e4961767213c,2026-05-14T11:00:00Z,2026-05-14T13:00:00+0200,417.7,MW,BE,BE,forecast_offshore_wind_generation,Wind Offshore,2026-05-28T14:40:29Z
2026-05-28T14:40:10Z,2026-05-28T16:40:10+0200,6a478062-64a4-4d61-8ceb-e4961767213c,2026-05-14T12:00:00Z,2026-05-14T14:00:00+0200,425.325,MW,BE,BE,forecast_offshore_wind_generation,Wind Offshore,2026-05-28T14:40:29Z
2026-05-28T14:40:10Z,2026-05-28T16:40:10+0200,6a478062-64a4-4d61-8ceb-e4961767213c,2026-05-14T13:00:00Z,2026-05-14T15:00:00+0200,427.275,MW,BE,BE,forecast_offshore_wind_generation,Wind Offshore,2026-05-28T14:40:29Z
2026-05-28T14:40:10Z,2026-05-28T16:40:10+0200,6a478062-64a4-4d61-8ceb-e4961767213c,2026-05-14T14:00:00Z,2026-05-14T16:00:00+0200,389.3,MW,BE,BE,forecast_offshore_wind_generation,Wind Offshore,2026-05-28T14:40:29Z
2026-05-28T14:40:10Z,2026-05-28T16:40:10+0200,6a478062-64a4-4d61-8ceb-e4961767213c,2026-05-14T15:00:00Z,2026-05-14T17:00:00+0200,334.25,MW,BE,BE,forecast_offshore_wind_generation,Wind Offshore,2026-05-28T14:40:29Z
2026-05-28T14:40:10Z,2026-05-28T16:40:10+0200,6a478062-64a4-4d61-8ceb-e4961767213c,2026-05-14T16:00:00Z,2026-05-14T18:00:00+0200,282.7,MW,BE,BE,forecast_offshore_wind_generation,Wind Offshore,2026-05-28T14:40:29Z
2026-05-28T14:40:10Z,2026-05-28T16:40:10+0200,6a478062-64a4-4d61-8ceb-e4961767213c,2026-05-14T17:00:00Z,2026-05-14T19:00:00+0200,238.025,MW,BE,BE,forecast_offshore_wind_generation,Wind Offshore,2026-05-28T14:40:29Z
2026-05-28T14:40:10Z,2026-05-28T16:40:10+0200,6a478062-64a4-4d61-8ceb-e4961767213c,2026-05-14T18:00:00Z,2026-05-14T20:00:00+0200,202.25,MW,BE,BE,forecast_offshore_wind_generation,Wind Offshore,2026-05-28T14:40:29Z
2026-05-28T14:40:10Z,2026-05-28T16:40:10+0200,6a478062-64a4-4d61-8ceb-e4961767213c,2026-05-14T19:00:00Z,2026-05-14T21:00:00+0200,177.075,MW,BE,BE,forecast_offshore_wind_generation,Wind Offshore,2026-05-28T14:40:29Z
2026-05-28T14:40:10Z,2026-05-28T16:40:10+0200,6a478062-64a4-4d61-8ceb-e4961767213c,2026-05-14T20:00:00Z,2026-05-14T22:00:00+0200,161.25,MW,BE,BE,forecast_offshore_wind_generation,Wind Offshore,2026-05-28T14:40:29Z
2026-05-28T14:40:10Z,2026-05-28T16:40:10+0200,6a478062-64a4-4d61-8ceb-e4961767213c,2026-05-14T21:00:00Z,2026-05-14T23:00:00+0200,155.9,MW,BE,BE,forecast_offshore_wind_generation,Wind Offshore,2026-05-28T14:40:29Z
2026-05-28T14:40:10Z,2026-05-28T16:40:10+0200,6a478062-64a4-4d61-8ceb-e4961767213c,2026-05-14T22:00:00Z,2026-05-15T00:00:00+0200,177.775,MW,BE,BE,forecast_offshore_wind_generation,Wind Offshore,2026-05-28T14:40:29Z
2026-05-28T14:40:10Z,2026-05-28T16:40:10+0200,6a478062-64a4-4d61-8ceb-e4961767213c,2026-05-14T23:00:00Z,2026-05-15T01:00:00+0200,219.4,MW,BE,BE,forecast_offshore_wind_generation,Wind Offshore,2026-05-28T14:40:29Z
2026-05-28T14:40:10Z,2026-05-28T16:40:10+0200,6a478062-64a4-4d61-8ceb-e4961767213c,2026-05-15T00:00:00Z,2026-05-15T02:00:00+0200,283.75,MW,BE,BE,forecast_offshore_wind_generation,Wind Offshore,2026-05-28T14:40:29Z
2026-05-28T14:40:10Z,2026-05-28T16:40:10+0200,6a478062-64a4-4d61-8ceb-e4961767213c,2026-05-15T01:00:00Z,2026-05-15T03:00:00+0200,342.3,MW,BE,BE,forecast_offshore_wind_generation,Wind Offshore,2026-05-28T14:40:29Z
2026-05-28T14:40:10Z,2026-05-28T16:40:10+0200,6a478062-64a4-4d61-8ceb-e4961767213c,2026-05-15T02:00:00Z,2026-05-15T04:00:00+0200,374.0,MW,BE,BE,forecast_offshore_wind_generation,Wind Offshore,2026-05-28T14:40:29Z
2026-05-28T14:40:10Z,2026-05-28T16:40:10+0200,6a478062-64a4-4d61-8ceb-e4961767213c,2026-05-15T03:00:00Z,2026-05-15T05:00:00+0200,409.925,MW,BE,BE,forecast_offshore_wind_generation,Wind Offshore,2026-05-28T14:40:29Z
2026-05-28T14:40:10Z,2026-05-28T16:40:10+0200,6a478062-64a4-4d61-8ceb-e4961767213c,2026-05-15T04:00:00Z,2026-05-15T06:00:00+0200,462.0,MW,BE,BE,forecast_offshore_wind_generation,Wind Offshore,2026-05-28T14:40:29Z
2026-05-28T14:40:10Z,2026-05-28T16:40:10+0200,6a478062-64a4-4d61-8ceb-e4961767213c,2026-05-15T05:00:00Z,2026-05-15T07:00:00+0200,572.075,MW,BE,BE,forecast_offshore_wind_generation,Wind Offshore,2026-05-28T14:40:29Z
2026-05-28T14:40:10Z,2026-05-28T16:40:10+0200,6a478062-64a4-4d61-8ceb-e4961767213c,2026-05-15T06:00:00Z,2026-05-15T08:00:00+0200,699.325,MW,BE,BE,forecast_offshore_wind_generation,Wind Offshore,2026-05-28T14:40:29Z
2026-05-28T14:40:10Z,2026-05-28T16:40:10+0200,6a478062-64a4-4d61-8ceb-e4961767213c,2026-05-15T07:00:00Z,2026-05-15T09:00:00+0200,743.975,MW,BE,BE,forecast_offshore_wind_generation,Wind Offshore,2026-05-28T14:40:29Z
2026-05-28T14:40:10Z,2026-05-28T16:40:10+0200,6a478062-64a4-4d61-8ceb-e4961767213c,2026-05-15T08:00:00Z,2026-05-15T10:00:00+0200,731.825,MW,BE,BE,forecast_offshore_wind_generation,Wind Offshore,2026-05-28T14:40:29Z
2026-05-28T14:40:10Z,2026-05-28T16:40:10+0200,6a478062-64a4-4d61-8ceb-e4961767213c,2026-05-15T09:00:00Z,2026-05-15T11:00:00+0200,709.95,MW,BE,BE,forecast_offshore_wind_generation,Wind Offshore,2026-05-28T14:40:29Z
2026-05-28T14:40:10Z,2026-05-28T16:40:10+0200,6a478062-64a4-4d61-8ceb-e4961767213c,2026-05-15T10:00:00Z,2026-05-15T12:00:00+0200,668.5,MW,BE,BE,forecast_offshore_wind_generation,Wind Offshore,2026-05-28T14:40:29Z
2026-05-28T14:40:10Z,2026-05-28T16:40:10+0200,6a478062-64a4-4d61-8ceb-e4961767213c,2026-05-15T11:00:00Z,2026-05-15T13:00:00+0200,601.8,MW,BE,BE,forecast_offshore_wind_generation,Wind Offshore,2026-05-28T14:40:29Z
2026-05-28T14:40:10Z,2026-05-28T16:40:10+0200,6a478062-64a4-4d61-8ceb-e4961767213c,2026-05-15T12:00:00Z,2026-05-15T14:00:00+0200,535.175,MW,BE,BE,forecast_offshore_wind_generation,Wind Offshore,2026-05-28T14:40:29Z
2026-05-28T14:40:10Z,2026-05-28T16:40:10+0200,6a478062-64a4-4d61-8ceb-e4961767213c,2026-05-15T13:00:00Z,2026-05-15T15:00:00+0200,486.775,MW,BE,BE,forecast_offshore_wind_generation,Wind Offshore,2026-05-28T14:40:29Z
2026-05-28T14:40:10Z,2026-05-28T16:40:10+0200,6a478062-64a4-4d61-8ceb-e4961767213c,2026-05-15T14:00:00Z,2026-05-15T16:00:00+0200,463.8,MW,BE,BE,forecast_offshore_wind_generation,Wind Offshore,2026-05-28T14:40:29Z
2026-05-28T14:40:10Z,2026-05-28T16:40:10+0200,6a478062-64a4-4d61-8ceb-e4961767213c,2026-05-15T15:00:00Z,2026-05-15T17:00:00+0200,430.825,MW,BE,BE,forecast_offshore_wind_generation,Wind Offshore,2026-05-28T14:40:29Z
2026-05-28T14:40:10Z,2026-05-28T16:40:10+0200,6a478062-64a4-4d61-8ceb-e4961767213c,2026-05-15T16:00:00Z,2026-05-15T18:00:00+0200,370.775,MW,BE,BE,forecast_offshore_wind_generation,Wind Offshore,2026-05-28T14:40:29Z
2026-05-28T14:40:10Z,2026-05-28T16:40:10+0200,6a478062-64a4-4d61-8ceb-e4961767213c,2026-05-15T17:00:00Z,2026-05-15T19:00:00+0200,318.3,MW,BE,BE,forecast_offshore_wind_generation,Wind Offshore,2026-05-28T14:40:29Z
2026-05-28T14:40:10Z,2026-05-28T16:40:10+0200,6a478062-64a4-4d61-8ceb-e4961767213c,2026-05-15T18:00:00Z,2026-05-15T20:00:00+0200,279.925,MW,BE,BE,forecast_offshore_wind_generation,Wind Offshore,2026-05-28T14:40:29Z
2026-05-28T14:40:10Z,2026-05-28T16:40:10+0200,6a478062-64a4-4d61-8ceb-e4961767213c,2026-05-15T19:00:00Z,2026-05-15T21:00:00+0200,228.05,MW,BE,BE,forecast_offshore_wind_generation,Wind Offshore,2026-05-28T14:40:29Z
2026-05-28T14:40:10Z,2026-05-28T16:40:10+0200,6a478062-64a4-4d61-8ceb-e4961767213c,2026-05-15T20:00:00Z,2026-05-15T22:00:00+0200,164.275,MW,BE,BE,forecast_offshore_wind_generation,Wind Offshore,2026-05-28T14:40:29Z
2026-05-28T14:40:10Z,2026-05-28T16:40:10+0200,6a478062-64a4-4d61-8ceb-e4961767213c,2026-05-15T21:00:00Z,2026-05-15T23:00:00+0200,121.275,MW,BE,BE,forecast_offshore_wind_generation,Wind Offshore,2026-05-28T14:40:29Z
2026-05-28T14:40:10Z,2026-05-28T16:40:10+0200,6a478062-64a4-4d61-8ceb-e4961767213c,2026-05-15T22:00:00Z,2026-05-16T00:00:00+0200,81.25,MW,BE,BE,forecast_offshore_wind_generation,Wind Offshore,2026-05-28T14:40:29Z
2026-05-28T14:40:10Z,2026-05-28T16:40:10+0200,6a478062-64a4-4d61-8ceb-e4961767213c,2026-05-15T23:00:00Z,2026-05-16T01:00:00+0200,79.7,MW,BE,BE,forecast_offshore_wind_generation,Wind Offshore,2026-05-28T14:40:29Z
2026-05-28T14:40:10Z,2026-05-28T16:40:10+0200,6a478062-64a4-4d61-8ceb-e4961767213c,2026-05-16T00:00:00Z,2026-05-16T02:00:00+0200,84.275,MW,BE,BE,forecast_offshore_wind_generation,Wind Offshore,2026-05-28T14:40:29Z
2026-05-28T14:40:10Z,2026-05-28T16:40:10+0200,6a478062-64a4-4d61-8ceb-e4961767213c,2026-05-16T01:00:00Z,2026-05-16T03:00:00+0200,86.775,MW,BE,BE,forecast_offshore_wind_generation,Wind Offshore,2026-05-28T14:40:29Z
2026-05-28T14:40:10Z,2026-05-28T16:40:10+0200,6a478062-64a4-4d61-8ceb-e4961767213c,2026-05-16T02:00:00Z,2026-05-16T04:00:00+0200,87.375,MW,BE,BE,forecast_offshore_wind_generation,Wind Offshore,2026-05-28T14:40:29Z
2026-05-28T14:40:10Z,2026-05-28T16:40:10+0200,6a478062-64a4-4d61-8ceb-e4961767213c,2026-05-16T03:00:00Z,2026-05-16T05:00:00+0200,86.05,MW,BE,BE,forecast_offshore_wind_generation,Wind Offshore,2026-05-28T14:40:29Z
2026-05-28T14:40:10Z,2026-05-28T16:40:10+0200,6a478062-64a4-4d61-8ceb-e4961767213c,2026-05-16T04:00:00Z,2026-05-16T06:00:00+0200,85.25,MW,BE,BE,forecast_offshore_wind_generation,Wind Offshore,2026-05-28T14:40:29Z
2026-05-28T14:40:10Z,2026-05-28T16:40:10+0200,6a478062-64a4-4d61-8ceb-e4961767213c,2026-05-16T05:00:00Z,2026-05-16T07:00:00+0200,73.675,MW,BE,BE,forecast_offshore_wind_generation,Wind Offshore,2026-05-28T14:40:29Z
2026-05-28T14:40:10Z,2026-05-28T16:40:10+0200,6a478062-64a4-4d61-8ceb-e4961767213c,2026-05-16T06:00:00Z,2026-05-16T08:00:00+0200,55.35,MW,BE,BE,forecast_offshore_wind_generation,Wind Offshore,2026-05-28T14:40:29Z
2026-05-28T14:40:10Z,2026-05-28T16:40:10+0200,6a478062-64a4-4d61-8ceb-e4961767213c,2026-05-16T07:00:00Z,2026-05-16T09:00:00+0200,62.375,MW,BE,BE,forecast_offshore_wind_generation,Wind Offshore,2026-05-28T14:40:29Z
2026-05-28T14:40:10Z,2026-05-28T16:40:10+0200,6a478062-64a4-4d61-8ceb-e4961767213c,2026-05-16T08:00:00Z,2026-05-16T10:00:00+0200,74.3,MW,BE,BE,forecast_offshore_wind_generation,Wind Offshore,2026-05-28T14:40:29Z
2026-05-28T14:40:10Z,2026-05-28T16:40:10+0200,6a478062-64a4-4d61-8ceb-e4961767213c,2026-05-16T09:00:00Z,2026-05-16T11:00:00+0200,92.425,MW,BE,BE,forecast_offshore_wind_generation,Wind Offshore,2026-05-28T14:40:29Z
2026-05-28T14:40:10Z,2026-05-28T16:40:10+0200,6a478062-64a4-4d61-8ceb-e4961767213c,2026-05-16T10:00:00Z,2026-05-16T12:00:00+0200,133.525,MW,BE,BE,forecast_offshore_wind_generation,Wind Offshore,2026-05-28T14:40:29Z
2026-05-28T14:40:10Z,2026-05-28T16:40:10+0200,6a478062-64a4-4d61-8ceb-e4961767213c,2026-05-16T11:00:00Z,2026-05-16T13:00:00+0200,199.45,MW,BE,BE,forecast_offshore_wind_generation,Wind Offshore,2026-05-28T14:40:29Z
2026-05-28T14:40:10Z,2026-05-28T16:40:10+0200,6a478062-64a4-4d61-8ceb-e4961767213c,2026-05-16T12:00:00Z,2026-05-16T14:00:00+0200,253.925,MW,BE,BE,forecast_offshore_wind_generation,Wind Offshore,2026-05-28T14:40:29Z
2026-05-28T14:40:10Z,2026-05-28T16:40:10+0200,6a478062-64a4-4d61-8ceb-e4961767213c,2026-05-16T13:00:00Z,2026-05-16T15:00:00+0200,287.975,MW,BE,BE,forecast_offshore_wind_generation,Wind Offshore,2026-05-28T14:40:29Z
2026-05-28T14:40:10Z,2026-05-28T16:40:10+0200,6a478062-64a4-4d61-8ceb-e4961767213c,2026-05-16T14:00:00Z,2026-05-16T16:00:00+0200,294.5,MW,BE,BE,forecast_offshore_wind_generation,Wind Offshore,2026-05-28T14:40:29Z
2026-05-28T14:40:10Z,2026-05-28T16:40:10+0200,6a478062-64a4-4d61-8ceb-e4961767213c,2026-05-16T15:00:00Z,2026-05-16T17:00:00+0200,344.025,MW,BE,BE,forecast_offshore_wind_generation,Wind Offshore,2026-05-28T14:40:29Z
2026-05-28T14:40:10Z,2026-05-28T16:40:10+0200,6a478062-64a4-4d61-8ceb-e4961767213c,2026-05-16T16:00:00Z,2026-05-16T18:00:00+0200,441.1,MW,BE,BE,forecast_offshore_wind_generation,Wind Offshore,2026-05-28T14:40:29Z
2026-05-28T14:40:10Z,2026-05-28T16:40:10+0200,6a478062-64a4-4d61-8ceb-e4961767213c,2026-05-16T17:00:00Z,2026-05-16T19:00:00+0200,542.45,MW,BE,BE,forecast_offshore_wind_generation,Wind Offshore,2026-05-28T14:40:29Z
2026-05-28T14:40:10Z,2026-05-28T16:40:10+0200,6a478062-64a4-4d61-8ceb-e4961767213c,2026-05-16T18:00:00Z,2026-05-16T20:00:00+0200,660.45,MW,BE,BE,forecast_offshore_wind_generation,Wind Offshore,2026-05-28T14:40:29Z
2026-05-28T14:40:10Z,2026-05-28T16:40:10+0200,6a478062-64a4-4d61-8ceb-e4961767213c,2026-05-16T19:00:00Z,2026-05-16T21:00:00+0200,798.875,MW,BE,BE,forecast_offshore_wind_generation,Wind Offshore,2026-05-28T14:40:29Z
2026-05-28T14:40:10Z,2026-05-28T16:40:10+0200,6a478062-64a4-4d61-8ceb-e4961767213c,2026-05-16T20:00:00Z,2026-05-16T22:00:00+0200,904.675,MW,BE,BE,forecast_offshore_wind_generation,Wind Offshore,2026-05-28T14:40:29Z
2026-05-28T14:40:10Z,2026-05-28T16:40:10+0200,6a478062-64a4-4d61-8ceb-e4961767213c,2026-05-16T21:00:00Z,2026-05-16T23:00:00+0200,821.65,MW,BE,BE,forecast_offshore_wind_generation,Wind Offshore,2026-05-28T14:40:29Z
2026-05-28T14:40:10Z,2026-05-28T16:40:10+0200,6a478062-64a4-4d61-8ceb-e4961767213c,2026-05-16T22:00:00Z,2026-05-17T00:00:00+0200,1200.95,MW,BE,BE,forecast_offshore_wind_generation,Wind Offshore,2026-05-28T14:40:29Z
2026-05-28T14:40:10Z,2026-05-28T16:40:10+0200,6a478062-64a4-4d61-8ceb-e4961767213c,2026-05-16T23:00:00Z,2026-05-17T01:00:00+0200,1222.275,MW,BE,BE,forecast_offshore_wind_generation,Wind Offshore,2026-05-28T14:40:29Z
2026-05-28T14:40:10Z,2026-05-28T16:40:10+0200,6a478062-64a4-4d61-8ceb-e4961767213c,2026-05-17T00:00:00Z,2026-05-17T02:00:00+0200,1247.75,MW,BE,BE,forecast_offshore_wind_generation,Wind Offshore,2026-05-28T14:40:29Z
2026-05-28T14:40:10Z,2026-05-28T16:40:10+0200,6a478062-64a4-4d61-8ceb-e4961767213c,2026-05-17T01:00:00Z,2026-05-17T03:00:00+0200,1198.475,MW,BE,BE,forecast_offshore_wind_generation,Wind Offshore,2026-05-28T14:40:29Z
2026-05-28T14:40:10Z,2026-05-28T16:40:10+0200,6a478062-64a4-4d61-8ceb-e4961767213c,2026-05-17T02:00:00Z,2026-05-17T04:00:00+0200,1049.75,MW,BE,BE,forecast_offshore_wind_generation,Wind Offshore,2026-05-28T14:40:29Z
2026-05-28T14:40:10Z,2026-05-28T16:40:10+0200,6a478062-64a4-4d61-8ceb-e4961767213c,2026-05-17T03:00:00Z,2026-05-17T05:00:00+0200,931.1,MW,BE,BE,forecast_offshore_wind_generation,Wind Offshore,2026-05-28T14:40:29Z
2026-05-28T14:40:10Z,2026-05-28T16:40:10+0200,6a478062-64a4-4d61-8ceb-e4961767213c,2026-05-17T04:00:00Z,2026-05-17T06:00:00+0200,866.225,MW,BE,BE,forecast_offshore_wind_generation,Wind Offshore,2026-05-28T14:40:29Z
2026-05-28T14:40:10Z,2026-05-28T16:40:10+0200,6a478062-64a4-4d61-8ceb-e4961767213c,2026-05-17T05:00:00Z,2026-05-17T07:00:00+0200,831.8,MW,BE,BE,forecast_offshore_wind_generation,Wind Offshore,2026-05-28T14:40:29Z
2026-05-28T14:40:10Z,2026-05-28T16:40:10+0200,6a478062-64a4-4d61-8ceb-e4961767213c,2026-05-17T06:00:00Z,2026-05-17T08:00:00+0200,749.5,MW,BE,BE,forecast_offshore_wind_generation,Wind Offshore,2026-05-28T14:40:29Z
2026-05-28T14:40:10Z,2026-05-28T16:40:10+0200,6a478062-64a4-4d61-8ceb-e4961767213c,2026-05-17T07:00:00Z,2026-05-17T09:00:00+0200,601.8,MW,BE,BE,forecast_offshore_wind_generation,Wind Offshore,2026-05-28T14:40:29Z
2026-05-28T14:40:10Z,2026-05-28T16:40:10+0200,6a478062-64a4-4d61-8ceb-e4961767213c,2026-05-17T08:00:00Z,2026-05-17T10:00:00+0200,489.75,MW,BE,BE,forecast_offshore_wind_generation,Wind Offshore,2026-05-28T14:40:29Z
2026-05-28T14:40:10Z,2026-05-28T16:40:10+0200,6a478062-64a4-4d61-8ceb-e4961767213c,2026-05-17T09:00:00Z,2026-05-17T11:00:00+0200,391.3,MW,BE,BE,forecast_offshore_wind_generation,Wind Offshore,2026-05-28T14:40:29Z
2026-05-28T14:40:10Z,2026-05-28T16:40:10+0200,6a478062-64a4-4d61-8ceb-e4961767213c,2026-05-17T10:00:00Z,2026-05-17T12:00:00+0200,314.525,MW,BE,BE,forecast_offshore_wind_generation,Wind Offshore,2026-05-28T14:40:29Z
2026-05-28T14:40:10Z,2026-05-28T16:40:10+0200,6a478062-64a4-4d61-8ceb-e4961767213c,2026-05-17T11:00:00Z,2026-05-17T13:00:00+0200,273.225,MW,BE,BE,forecast_offshore_wind_generation,Wind Offshore,2026-05-28T14:40:29Z
2026-05-28T14:40:10Z,2026-05-28T16:40:10+0200,6a478062-64a4-4d61-8ceb-e4961767213c,2026-05-17T12:00:00Z,2026-05-17T14:00:00+0200,251.525,MW,BE,BE,forecast_offshore_wind_generation,Wind Offshore,2026-05-28T14:40:29Z
2026-05-28T14:40:10Z,2026-05-28T16:40:10+0200,6a478062-64a4-4d61-8ceb-e4961767213c,2026-05-17T13:00:00Z,2026-05-17T15:00:00+0200,258.3,MW,BE,BE,forecast_offshore_wind_generation,Wind Offshore,2026-05-28T14:40:29Z
2026-05-28T14:40:10Z,2026-05-28T16:40:10+0200,6a478062-64a4-4d61-8ceb-e4961767213c,2026-05-17T14:00:00Z,2026-05-17T16:00:00+0200,292.775,MW,BE,BE,forecast_offshore_wind_generation,Wind Offshore,2026-05-28T14:40:29Z
2026-05-28T14:40:10Z,2026-05-28T16:40:10+0200,6a478062-64a4-4d61-8ceb-e4961767213c,2026-05-17T15:00:00Z,2026-05-17T17:00:00+0200,364.75,MW,BE,BE,forecast_offshore_wind_generation,Wind Offshore,2026-05-28T14:40:29Z
2026-05-28T14:40:10Z,2026-05-28T16:40:10+0200,6a478062-64a4-4d61-8ceb-e4961767213c,2026-05-17T16:00:00Z,2026-05-17T18:00:00+0200,513.825,MW,BE,BE,forecast_offshore_wind_generation,Wind Offshore,2026-05-28T14:40:29Z
2026-05-28T14:40:10Z,2026-05-28T16:40:10+0200,6a478062-64a4-4d61-8ceb-e4961767213c,2026-05-17T17:00:00Z,2026-05-17T19:00:00+0200,599.425,MW,BE,BE,forecast_offshore_wind_generation,Wind Offshore,2026-05-28T14:40:29Z
2026-05-28T14:40:10Z,2026-05-28T16:40:10+0200,6a478062-64a4-4d61-8ceb-e4961767213c,2026-05-17T18:00:00Z,2026-05-17T20:00:00+0200,590.575,MW,BE,BE,forecast_offshore_wind_generation,Wind Offshore,2026-05-28T14:40:29Z
2026-05-28T14:40:10Z,2026-05-28T16:40:10+0200,6a478062-64a4-4d61-8ceb-e4961767213c,2026-05-17T19:00:00Z,2026-05-17T21:00:00+0200,523.45,MW,BE,BE,forecast_offshore_wind_generation,Wind Offshore,2026-05-28T14:40:29Z
2026-05-28T14:40:10Z,2026-05-28T16:40:10+0200,6a478062-64a4-4d61-8ceb-e4961767213c,2026-05-17T20:00:00Z,2026-05-17T22:00:00+0200,441.5,MW,BE,BE,forecast_offshore_wind_generation,Wind Offshore,2026-05-28T14:40:29Z
2026-05-28T14:40:10Z,2026-05-28T16:40:10+0200,6a478062-64a4-4d61-8ceb-e4961767213c,2026-05-17T21:00:00Z,2026-05-17T23:00:00+0200,383.875,MW,BE,BE,forecast_offshore_wind_generation,Wind Offshore,2026-05-28T14:40:29Z
2026-05-28T14:40:10Z,2026-05-28T16:40:10+0200,6a478062-64a4-4d61-8ceb-e4961767213c,2026-05-17T22:00:00Z,2026-05-18T00:00:00+0200,454.175,MW,BE,BE,forecast_offshore_wind_generation,Wind Offshore,2026-05-28T14:40:29Z
2026-05-28T14:40:10Z,2026-05-28T16:40:10+0200,6a478062-64a4-4d61-8ceb-e4961767213c,2026-05-17T23:00:00Z,2026-05-18T01:00:00+0200,314.425,MW,BE,BE,forecast_offshore_wind_generation,Wind Offshore,2026-05-28T14:40:29Z
2026-05-28T14:40:10Z,2026-05-28T16:40:10+0200,6a478062-64a4-4d61-8ceb-e4961767213c,2026-05-18T00:00:00Z,2026-05-18T02:00:00+0200,224.175,MW,BE,BE,forecast_offshore_wind_generation,Wind Offshore,2026-05-28T14:40:29Z
2026-05-28T14:40:10Z,2026-05-28T16:40:10+0200,6a478062-64a4-4d61-8ceb-e4961767213c,2026-05-18T01:00:00Z,2026-05-18T03:00:00+0200,186.25,MW,BE,BE,forecast_offshore_wind_generation,Wind Offshore,2026-05-28T14:40:29Z
2026-05-28T14:40:10Z,2026-05-28T16:40:10+0200,6a478062-64a4-4d61-8ceb-e4961767213c,2026-05-18T02:00:00Z,2026-05-18T04:00:00+0200,159.95,MW,BE,BE,forecast_offshore_wind_generation,Wind Offshore,2026-05-28T14:40:29Z
2026-05-28T14:40:10Z,2026-05-28T16:40:10+0200,6a478062-64a4-4d61-8ceb-e4961767213c,2026-05-18T03:00:00Z,2026-05-18T05:00:00+0200,149.25,MW,BE,BE,forecast_offshore_wind_generation,Wind Offshore,2026-05-28T14:40:29Z
2026-05-28T14:40:10Z,2026-05-28T16:40:10+0200,6a478062-64a4-4d61-8ceb-e4961767213c,2026-05-18T04:00:00Z,2026-05-18T06:00:00+0200,150.3,MW,BE,BE,forecast_offshore_wind_generation,Wind Offshore,2026-05-28T14:40:29Z
2026-05-28T14:40:10Z,2026-05-28T16:40:10+0200,6a478062-64a4-4d61-8ceb-e4961767213c,2026-05-18T05:00:00Z,2026-05-18T07:00:00+0200,153.75,MW,BE,BE,forecast_offshore_wind_generation,Wind Offshore,2026-05-28T14:40:29Z
2026-05-28T14:40:10Z,2026-05-28T16:40:10+0200,6a478062-64a4-4d61-8ceb-e4961767213c,2026-05-18T06:00:00Z,2026-05-18T08:00:00+0200,151.525,MW,BE,BE,forecast_offshore_wind_generation,Wind Offshore,2026-05-28T14:40:29Z
2026-05-28T14:40:10Z,2026-05-28T16:40:10+0200,6a478062-64a4-4d61-8ceb-e4961767213c,2026-05-18T07:00:00Z,2026-05-18T09:00:00+0200,158.125,MW,BE,BE,forecast_offshore_wind_generation,Wind Offshore,2026-05-28T14:40:29Z
2026-05-28T14:40:10Z,2026-05-28T16:40:10+0200,6a478062-64a4-4d61-8ceb-e4961767213c,2026-05-18T08:00:00Z,2026-05-18T10:00:00+0200,189.9,MW,BE,BE,forecast_offshore_wind_generation,Wind Offshore,2026-05-28T14:40:29Z
2026-05-28T14:40:10Z,2026-05-28T16:40:10+0200,6a478062-64a4-4d61-8ceb-e4961767213c,2026-05-18T09:00:00Z,2026-05-18T11:00:00+0200,234.825,MW,BE,BE,forecast_offshore_wind_generation,Wind Offshore,2026-05-28T14:40:29Z
2026-05-28T14:40:10Z,2026-05-28T16:40:10+0200,6a478062-64a4-4d61-8ceb-e4961767213c,2026-05-18T10:00:00Z,2026-05-18T12:00:00+0200,254.875,MW,BE,BE,forecast_offshore_wind_generation,Wind Offshore,2026-05-28T14:40:29Z
2026-05-28T14:40:10Z,2026-05-28T16:40:10+0200,6a478062-64a4-4d61-8ceb-e4961767213c,2026-05-18T11:00:00Z,2026-05-18T13:00:00+0200,260.35,MW,BE,BE,forecast_offshore_wind_generation,Wind Offshore,2026-05-28T14:40:29Z
2026-05-28T14:40:10Z,2026-05-28T16:40:10+0200,6a478062-64a4-4d61-8ceb-e4961767213c,2026-05-18T12:00:00Z,2026-05-18T14:00:00+0200,277.925,MW,BE,BE,forecast_offshore_wind_generation,Wind Offshore,2026-05-28T14:40:29Z
2026-05-28T14:40:10Z,2026-05-28T16:40:10+0200,6a478062-64a4-4d61-8ceb-e4961767213c,2026-05-18T13:00:00Z,2026-05-18T15:00:00+0200,332.375,MW,BE,BE,forecast_offshore_wind_generation,Wind Offshore,2026-05-28T14:40:29Z
2026-05-28T14:40:10Z,2026-05-28T16:40:10+0200,6a478062-64a4-4d61-8ceb-e4961767213c,2026-05-18T14:00:00Z,2026-05-18T16:00:00+0200,439.825,MW,BE,BE,forecast_offshore_wind_generation,Wind Offshore,2026-05-28T14:40:29Z
2026-05-28T14:40:10Z,2026-05-28T16:40:10+0200,6a478062-64a4-4d61-8ceb-e4961767213c,2026-05-18T15:00:00Z,2026-05-18T17:00:00+0200,580.25,MW,BE,BE,forecast_offshore_wind_generation,Wind Offshore,2026-05-28T14:40:29Z
2026-05-28T14:40:10Z,2026-05-28T16:40:10+0200,6a478062-64a4-4d61-8ceb-e4961767213c,2026-05-18T16:00:00Z,2026-05-18T18:00:00+0200,690.075,MW,BE,BE,forecast_offshore_wind_generation,Wind Offshore,2026-05-28T14:40:29Z
2026-05-28T14:40:10Z,2026-05-28T16:40:10+0200,6a478062-64a4-4d61-8ceb-e4961767213c,2026-05-18T17:00:00Z,2026-05-18T19:00:00+0200,685.125,MW,BE,BE,forecast_offshore_wind_generation,Wind Offshore,2026-05-28T14:40:29Z
2026-05-28T14:40:10Z,2026-05-28T16:40:10+0200,6a478062-64a4-4d61-8ceb-e4961767213c,2026-05-18T18:00:00Z,2026-05-18T20:00:00+0200,614.85,MW,BE,BE,forecast_offshore_wind_generation,Wind Offshore,2026-05-28T14:40:29Z
2026-05-28T14:40:10Z,2026-05-28T16:40:10+0200,6a478062-64a4-4d61-8ceb-e4961767213c,2026-05-18T19:00:00Z,2026-05-18T21:00:00+0200,522.7,MW,BE,BE,forecast_offshore_wind_generation,Wind Offshore,2026-05-28T14:40:29Z
2026-05-28T14:40:10Z,2026-05-28T16:40:10+0200,6a478062-64a4-4d61-8ceb-e4961767213c,2026-05-18T20:00:00Z,2026-05-18T22:00:00+0200,431.325,MW,BE,BE,forecast_offshore_wind_generation,Wind Offshore,2026-05-28T14:40:29Z
2026-05-28T14:40:10Z,2026-05-28T16:40:10+0200,6a478062-64a4-4d61-8ceb-e4961767213c,2026-05-18T21:00:00Z,2026-05-18T23:00:00+0200,392.725,MW,BE,BE,forecast_offshore_wind_generation,Wind Offshore,2026-05-28T14:40:29Z
2026-05-28T14:40:10Z,2026-05-28T16:40:10+0200,6a478062-64a4-4d61-8ceb-e4961767213c,2026-05-18T22:00:00Z,2026-05-19T00:00:00+0200,478.325,MW,BE,BE,forecast_offshore_wind_generation,Wind Offshore,2026-05-28T14:40:29Z
2026-05-28T14:40:10Z,2026-05-28T16:40:10+0200,6a478062-64a4-4d61-8ceb-e4961767213c,2026-05-18T23:00:00Z,2026-05-19T01:00:00+0200,517.925,MW,BE,BE,forecast_offshore_wind_generation,Wind Offshore,2026-05-28T14:40:29Z
2026-05-28T14:40:10Z,2026-05-28T16:40:10+0200,6a478062-64a4-4d61-8ceb-e4961767213c,2026-05-19T00:00:00Z,2026-05-19T02:00:00+0200,609.375,MW,BE,BE,forecast_offshore_wind_generation,Wind Offshore,2026-05-28T14:40:29Z
2026-05-28T14:40:10Z,2026-05-28T16:40:10+0200,6a478062-64a4-4d61-8ceb-e4961767213c,2026-05-19T01:00:00Z,2026-05-19T03:00:00+0200,706.975,MW,BE,BE,forecast_offshore_wind_generation,Wind Offshore,2026-05-28T14:40:29Z
2026-05-28T14:40:10Z,2026-05-28T16:40:10+0200,6a478062-64a4-4d61-8ceb-e4961767213c,2026-05-19T02:00:00Z,2026-05-19T04:00:00+0200,728.575,MW,BE,BE,forecast_offshore_wind_generation,Wind Offshore,2026-05-28T14:40:29Z
2026-05-28T14:40:10Z,2026-05-28T16:40:10+0200,6a478062-64a4-4d61-8ceb-e4961767213c,2026-05-19T03:00:00Z,2026-05-19T05:00:00+0200,753.55,MW,BE,BE,forecast_offshore_wind_generation,Wind Offshore,2026-05-28T14:40:29Z
2026-05-28T14:40:10Z,2026-05-28T16:40:10+0200,6a478062-64a4-4d61-8ceb-e4961767213c,2026-05-19T04:00:00Z,2026-05-19T06:00:00+0200,838.95,MW,BE,BE,forecast_offshore_wind_generation,Wind Offshore,2026-05-28T14:40:29Z
2026-05-28T14:40:10Z,2026-05-28T16:40:10+0200,6a478062-64a4-4d61-8ceb-e4961767213c,2026-05-19T05:00:00Z,2026-05-19T07:00:00+0200,936.5,MW,BE,BE,forecast_offshore_wind_generation,Wind Offshore,2026-05-28T14:40:29Z
2026-05-28T14:40:10Z,2026-05-28T16:40:10+0200,6a478062-64a4-4d61-8ceb-e4961767213c,2026-05-19T06:00:00Z,2026-05-19T08:00:00+0200,1080.05,MW,BE,BE,forecast_offshore_wind_generation,Wind Offshore,2026-05-28T14:40:29Z
2026-05-28T14:40:10Z,2026-05-28T16:40:10+0200,6a478062-64a4-4d61-8ceb-e4961767213c,2026-05-19T07:00:00Z,2026-05-19T09:00:00+0200,1260.125,MW,BE,BE,forecast_offshore_wind_generation,Wind Offshore,2026-05-28T14:40:29Z
2026-05-28T14:40:10Z,2026-05-28T16:40:10+0200,6a478062-64a4-4d61-8ceb-e4961767213c,2026-05-19T08:00:00Z,2026-05-19T10:00:00+0200,1433.375,MW,BE,BE,forecast_offshore_wind_generation,Wind Offshore,2026-05-28T14:40:29Z
2026-05-28T14:40:10Z,2026-05-28T16:40:10+0200,6a478062-64a4-4d61-8ceb-e4961767213c,2026-05-19T09:00:00Z,2026-05-19T11:00:00+0200,1598.275,MW,BE,BE,forecast_offshore_wind_generation,Wind Offshore,2026-05-28T14:40:29Z
2026-05-28T14:40:10Z,2026-05-28T16:40:10+0200,6a478062-64a4-4d61-8ceb-e4961767213c,2026-05-19T10:00:00Z,2026-05-19T12:00:00+0200,1749.4,MW,BE,BE,forecast_offshore_wind_generation,Wind Offshore,2026-05-28T14:40:29Z
2026-05-28T14:40:10Z,2026-05-28T16:40:10+0200,6a478062-64a4-4d61-8ceb-e4961767213c,2026-05-19T11:00:00Z,2026-05-19T13:00:00+0200,1836.85,MW,BE,BE,forecast_offshore_wind_generation,Wind Offshore,2026-05-28T14:40:29Z
2026-05-28T14:40:10Z,2026-05-28T16:40:10+0200,6a478062-64a4-4d61-8ceb-e4961767213c,2026-05-19T12:00:00Z,2026-05-19T14:00:00+0200,1859.675,MW,BE,BE,forecast_offshore_wind_generation,Wind Offshore,2026-05-28T14:40:29Z
2026-05-28T14:40:10Z,2026-05-28T16:40:10+0200,6a478062-64a4-4d61-8ceb-e4961767213c,2026-05-19T13:00:00Z,2026-05-19T15:00:00+0200,1855.175,MW,BE,BE,forecast_offshore_wind_generation,Wind Offshore,2026-05-28T14:40:29Z
2026-05-28T14:40:10Z,2026-05-28T16:40:10+0200,6a478062-64a4-4d61-8ceb-e4961767213c,2026-05-19T14:00:00Z,2026-05-19T16:00:00+0200,1773.2,MW,BE,BE,forecast_offshore_wind_generation,Wind Offshore,2026-05-28T14:40:29Z
2026-05-28T14:40:10Z,2026-05-28T16:40:10+0200,6a478062-64a4-4d61-8ceb-e4961767213c,2026-05-19T15:00:00Z,2026-05-19T17:00:00+0200,1599.725,MW,BE,BE,forecast_offshore_wind_generation,Wind Offshore,2026-05-28T14:40:29Z
2026-05-28T14:40:10Z,2026-05-28T16:40:10+0200,6a478062-64a4-4d61-8ceb-e4961767213c,2026-05-19T16:00:00Z,2026-05-19T18:00:00+0200,1501.4,MW,BE,BE,forecast_offshore_wind_generation,Wind Offshore,2026-05-28T14:40:29Z
2026-05-28T14:40:10Z,2026-05-28T16:40:10+0200,6a478062-64a4-4d61-8ceb-e4961767213c,2026-05-19T17:00:00Z,2026-05-19T19:00:00+0200,1542.9,MW,BE,BE,forecast_offshore_wind_generation,Wind Offshore,2026-05-28T14:40:29Z
2026-05-28T14:40:10Z,2026-05-28T16:40:10+0200,6a478062-64a4-4d61-8ceb-e4961767213c,2026-05-19T18:00:00Z,2026-05-19T20:00:00+0200,1612.175,MW,BE,BE,forecast_offshore_wind_generation,Wind Offshore,2026-05-28T14:40:29Z
2026-05-28T14:40:10Z,2026-05-28T16:40:10+0200,6a478062-64a4-4d61-8ceb-e4961767213c,2026-05-19T19:00:00Z,2026-05-19T21:00:00+0200,1671.6,MW,BE,BE,forecast_offshore_wind_generation,Wind Offshore,2026-05-28T14:40:29Z
2026-05-28T14:40:10Z,2026-05-28T16:40:10+0200,6a478062-64a4-4d61-8ceb-e4961767213c,2026-05-19T20:00:00Z,2026-05-19T22:00:00+0200,1752.85,MW,BE,BE,forecast_offshore_wind_generation,Wind Offshore,2026-05-28T14:40:29Z
2026-05-28T14:40:10Z,2026-05-28T16:40:10+0200,6a478062-64a4-4d61-8ceb-e4961767213c,2026-05-19T21:00:00Z,2026-05-19T23:00:00+0200,1835.075,MW,BE,BE,forecast_offshore_wind_generation,Wind Offshore,2026-05-28T14:40:29Z
2026-05-28T14:40:10Z,2026-05-28T16:40:10+0200,6a478062-64a4-4d61-8ceb-e4961767213c,2026-05-19T22:00:00Z,2026-05-20T00:00:00+0200,1801.65,MW,BE,BE,forecast_offshore_wind_generation,Wind Offshore,2026-05-28T14:40:29Z
2026-05-28T14:40:10Z,2026-05-28T16:40:10+0200,6a478062-64a4-4d61-8ceb-e4961767213c,2026-05-19T23:00:00Z,2026-05-20T01:00:00+0200,1809.9,MW,BE,BE,forecast_offshore_wind_generation,Wind Offshore,2026-05-28T14:40:29Z
2026-05-28T14:40:10Z,2026-05-28T16:40:10+0200,6a478062-64a4-4d61-8ceb-e4961767213c,2026-05-20T00:00:00Z,2026-05-20T02:00:00+0200,1831.775,MW,BE,BE,forecast_offshore_wind_generation,Wind Offshore,2026-05-28T14:40:29Z
2026-05-28T14:40:10Z,2026-05-28T16:40:10+0200,6a478062-64a4-4d61-8ceb-e4961767213c,2026-05-20T01:00:00Z,2026-05-20T03:00:00+0200,1925.975,MW,BE,BE,forecast_offshore_wind_generation,Wind Offshore,2026-05-28T14:40:29Z
2026-05-28T14:40:10Z,2026-05-28T16:40:10+0200,6a478062-64a4-4d61-8ceb-e4961767213c,2026-05-20T02:00:00Z,2026-05-20T04:00:00+0200,2007.025,MW,BE,BE,forecast_offshore_wind_generation,Wind Offshore,2026-05-28T14:40:29Z
2026-05-28T14:40:10Z,2026-05-28T16:40:10+0200,6a478062-64a4-4d61-8ceb-e4961767213c,2026-05-20T03:00:00Z,2026-05-20T05:00:00+0200,2070.175,MW,BE,BE,forecast_offshore_wind_generation,Wind Offshore,2026-05-28T14:40:29Z
2026-05-28T14:40:10Z,2026-05-28T16:40:10+0200,6a478062-64a4-4d61-8ceb-e4961767213c,2026-05-20T04:00:00Z,2026-05-20T06:00:00+0200,2098.9,MW,BE,BE,forecast_offshore_wind_generation,Wind Offshore,2026-05-28T14:40:29Z
2026-05-28T14:40:10Z,2026-05-28T16:40:10+0200,6a478062-64a4-4d61-8ceb-e4961767213c,2026-05-20T05:00:00Z,2026-05-20T07:00:00+0200,2102.775,MW,BE,BE,forecast_offshore_wind_generation,Wind Offshore,2026-05-28T14:40:29Z
2026-05-28T14:40:10Z,2026-05-28T16:40:10+0200,6a478062-64a4-4d61-8ceb-e4961767213c,2026-05-20T06:00:00Z,2026-05-20T08:00:00+0200,2071.825,MW,BE,BE,forecast_offshore_wind_generation,Wind Offshore,2026-05-28T14:40:29Z
2026-05-28T14:40:10Z,2026-05-28T16:40:10+0200,6a478062-64a4-4d61-8ceb-e4961767213c,2026-05-20T07:00:00Z,2026-05-20T09:00:00+0200,2003.5,MW,BE,BE,forecast_offshore_wind_generation,Wind Offshore,2026-05-28T14:40:29Z
2026-05-28T14:40:10Z,2026-05-28T16:40:10+0200,6a478062-64a4-4d61-8ceb-e4961767213c,2026-05-20T08:00:00Z,2026-05-20T10:00:00+0200,1928.15,MW,BE,BE,forecast_offshore_wind_generation,Wind Offshore,2026-05-28T14:40:29Z
2026-05-28T14:40:10Z,2026-05-28T16:40:10+0200,6a478062-64a4-4d61-8ceb-e4961767213c,2026-05-20T09:00:00Z,2026-05-20T11:00:00+0200,1869.5,MW,BE,BE,forecast_offshore_wind_generation,Wind Offshore,2026-05-28T14:40:29Z
2026-05-28T14:40:10Z,2026-05-28T16:40:10+0200,6a478062-64a4-4d61-8ceb-e4961767213c,2026-05-20T10:00:00Z,2026-05-20T12:00:00+0200,1853.6,MW,BE,BE,forecast_offshore_wind_generation,Wind Offshore,2026-05-28T14:40:29Z
2026-05-28T14:40:10Z,2026-05-28T16:40:10+0200,6a478062-64a4-4d61-8ceb-e4961767213c,2026-05-20T11:00:00Z,2026-05-20T13:00:00+0200,1925.675,MW,BE,BE,forecast_offshore_wind_generation,Wind Offshore,2026-05-28T14:40:29Z
2026-05-28T14:40:10Z,2026-05-28T16:40:10+0200,6a478062-64a4-4d61-8ceb-e4961767213c,2026-05-20T12:00:00Z,2026-05-20T14:00:00+0200,2042.25,MW,BE,BE,forecast_offshore_wind_generation,Wind Offshore,2026-05-28T14:40:29Z
2026-05-28T14:40:10Z,2026-05-28T16:40:10+0200,6a478062-64a4-4d61-8ceb-e4961767213c,2026-05-20T13:00:00Z,2026-05-20T15:00:00+0200,2095.075,MW,BE,BE,forecast_offshore_wind_generation,Wind Offshore,2026-05-28T14:40:29Z
2026-05-28T14:40:10Z,2026-05-28T16:40:10+0200,6a478062-64a4-4d61-8ceb-e4961767213c,2026-05-20T14:00:00Z,2026-05-20T16:00:00+0200,2093.7,MW,BE,BE,forecast_offshore_wind_generation,Wind Offshore,2026-05-28T14:40:29Z
2026-05-28T14:40:10Z,2026-05-28T16:40:10+0200,6a478062-64a4-4d61-8ceb-e4961767213c,2026-05-20T15:00:00Z,2026-05-20T17:00:00+0200,2046.675,MW,BE,BE,forecast_offshore_wind_generation,Wind Offshore,2026-05-28T14:40:29Z
2026-05-28T14:40:10Z,2026-05-28T16:40:10+0200,6a478062-64a4-4d61-8ceb-e4961767213c,2026-05-20T16:00:00Z,2026-05-20T18:00:00+0200,1997.525,MW,BE,BE,forecast_offshore_wind_generation,Wind Offshore,2026-05-28T14:40:29Z
2026-05-28T14:40:10Z,2026-05-28T16:40:10+0200,6a478062-64a4-4d61-8ceb-e4961767213c,2026-05-20T17:00:00Z,2026-05-20T19:00:00+0200,1940.475,MW,BE,BE,forecast_offshore_wind_generation,Wind Offshore,2026-05-28T14:40:29Z
2026-05-28T14:40:10Z,2026-05-28T16:40:10+0200,6a478062-64a4-4d61-8ceb-e4961767213c,2026-05-20T18:00:00Z,2026-05-20T20:00:00+0200,1936.175,MW,BE,BE,forecast_offshore_wind_generation,Wind Offshore,2026-05-28T14:40:29Z
2026-05-28T14:40:10Z,2026-05-28T16:40:10+0200,6a478062-64a4-4d61-8ceb-e4961767213c,2026-05-20T19:00:00Z,2026-05-20T21:00:00+0200,1913.925,MW,BE,BE,forecast_offshore_wind_generation,Wind Offshore,2026-05-28T14:40:29Z
2026-05-28T14:40:10Z,2026-05-28T16:40:10+0200,6a478062-64a4-4d61-8ceb-e4961767213c,2026-05-20T20:00:00Z,2026-05-20T22:00:00+0200,1774.95,MW,BE,BE,forecast_offshore_wind_generation,Wind Offshore,2026-05-28T14:40:29Z
2026-05-28T14:40:10Z,2026-05-28T16:40:10+0200,6a478062-64a4-4d61-8ceb-e4961767213c,2026-05-20T21:00:00Z,2026-05-20T23:00:00+0200,1634.45,MW,BE,BE,forecast_offshore_wind_generation,Wind Offshore,2026-05-28T14:40:29Z
2026-05-28T14:40:10Z,2026-05-28T16:40:10+0200,6a478062-64a4-4d61-8ceb-e4961767213c,2026-05-20T22:00:00Z,2026-05-21T00:00:00+0200,1583.0,MW,BE,BE,forecast_offshore_wind_generation,Wind Offshore,2026-05-28T14:40:29Z
2026-05-28T14:40:10Z,2026-05-28T16:40:10+0200,6a478062-64a4-4d61-8ceb-e4961767213c,2026-05-20T23:00:00Z,2026-05-21T01:00:00+0200,1411.475,MW,BE,BE,forecast_offshore_wind_generation,Wind Offshore,2026-05-28T14:40:29Z
2026-05-28T14:40:10Z,2026-05-28T16:40:10+0200,6a478062-64a4-4d61-8ceb-e4961767213c,2026-05-21T00:00:00Z,2026-05-21T02:00:00+0200,1110.175,MW,BE,BE,forecast_offshore_wind_generation,Wind Offshore,2026-05-28T14:40:29Z
2026-05-28T14:40:10Z,2026-05-28T16:40:10+0200,6a478062-64a4-4d61-8ceb-e4961767213c,2026-05-21T01:00:00Z,2026-05-21T03:00:00+0200,870.525,MW,BE,BE,forecast_offshore_wind_generation,Wind Offshore,2026-05-28T14:40:29Z
2026-05-28T14:40:10Z,2026-05-28T16:40:10+0200,6a478062-64a4-4d61-8ceb-e4961767213c,2026-05-21T02:00:00Z,2026-05-21T04:00:00+0200,711.475,MW,BE,BE,forecast_offshore_wind_generation,Wind Offshore,2026-05-28T14:40:29Z
2026-05-28T14:40:10Z,2026-05-28T16:40:10+0200,6a478062-64a4-4d61-8ceb-e4961767213c,2026-05-21T03:00:00Z,2026-05-21T05:00:00+0200,557.475,MW,BE,BE,forecast_offshore_wind_generation,Wind Offshore,2026-05-28T14:40:29Z
2026-05-28T14:40:10Z,2026-05-28T16:40:10+0200,6a478062-64a4-4d61-8ceb-e4961767213c,2026-05-21T04:00:00Z,2026-05-21T06:00:00+0200,476.275,MW,BE,BE,forecast_offshore_wind_generation,Wind Offshore,2026-05-28T14:40:29Z
2026-05-28T14:40:10Z,2026-05-28T16:40:10+0200,6a478062-64a4-4d61-8ceb-e4961767213c,2026-05-21T05:00:00Z,2026-05-21T07:00:00+0200,372.925,MW,BE,BE,forecast_offshore_wind_generation,Wind Offshore,2026-05-28T14:40:29Z
2026-05-28T14:40:10Z,2026-05-28T16:40:10+0200,6a478062-64a4-4d61-8ceb-e4961767213c,2026-05-21T06:00:00Z,2026-05-21T08:00:00+0200,319.225,MW,BE,BE,forecast_offshore_wind_generation,Wind Offshore,2026-05-28T14:40:29Z
2026-05-28T14:40:10Z,2026-05-28T16:40:10+0200,6a478062-64a4-4d61-8ceb-e4961767213c,2026-05-21T07:00:00Z,2026-05-21T09:00:00+0200,323.825,MW,BE,BE,forecast_offshore_wind_generation,Wind Offshore,2026-05-28T14:40:29Z
2026-05-28T14:40:10Z,2026-05-28T16:40:10+0200,6a478062-64a4-4d61-8ceb-e4961767213c,2026-05-21T08:00:00Z,2026-05-21T10:00:00+0200,345.825,MW,BE,BE,forecast_offshore_wind_generation,Wind Offshore,2026-05-28T14:40:29Z
2026-05-28T14:40:10Z,2026-05-28T16:40:10+0200,6a478062-64a4-4d61-8ceb-e4961767213c,2026-05-21T09:00:00Z,2026-05-21T11:00:00+0200,393.05,MW,BE,BE,forecast_offshore_wind_generation,Wind Offshore,2026-05-28T14:40:29Z
2026-05-28T14:40:10Z,2026-05-28T16:40:10+0200,6a478062-64a4-4d61-8ceb-e4961767213c,2026-05-21T10:00:00Z,2026-05-21T12:00:00+0200,410.225,MW,BE,BE,forecast_offshore_wind_generation,Wind Offshore,2026-05-28T14:40:29Z
2026-05-28T14:40:10Z,2026-05-28T16:40:10+0200,6a478062-64a4-4d61-8ceb-e4961767213c,2026-05-21T11:00:00Z,2026-05-21T13:00:00+0200,376.6,MW,BE,BE,forecast_offshore_wind_generation,Wind Offshore,2026-05-28T14:40:29Z
2026-05-28T14:40:10Z,2026-05-28T16:40:10+0200,6a478062-64a4-4d61-8ceb-e4961767213c,2026-05-21T12:00:00Z,2026-05-21T14:00:00+0200,300.275,MW,BE,BE,forecast_offshore_wind_generation,Wind Offshore,2026-05-28T14:40:29Z
2026-05-28T14:40:10Z,2026-05-28T16:40:10+0200,6a478062-64a4-4d61-8ceb-e4961767213c,2026-05-21T13:00:00Z,2026-05-21T15:00:00+0200,238.7,MW,BE,BE,forecast_offshore_wind_generation,Wind Offshore,2026-05-28T14:40:29Z
2026-05-28T14:40:10Z,2026-05-28T16:40:10+0200,6a478062-64a4-4d61-8ceb-e4961767213c,2026-05-21T14:00:00Z,2026-05-21T16:00:00+0200,209.25,MW,BE,BE,forecast_offshore_wind_generation,Wind Offshore,2026-05-28T14:40:29Z
2026-05-28T14:40:10Z,2026-05-28T16:40:10+0200,6a478062-64a4-4d61-8ceb-e4961767213c,2026-05-21T15:00:00Z,2026-05-21T17:00:00+0200,154.425,MW,BE,BE,forecast_offshore_wind_generation,Wind Offshore,2026-05-28T14:40:29Z
2026-05-28T14:40:10Z,2026-05-28T16:40:10+0200,6a478062-64a4-4d61-8ceb-e4961767213c,2026-05-21T16:00:00Z,2026-05-21T18:00:00+0200,89.2,MW,BE,BE,forecast_offshore_wind_generation,Wind Offshore,2026-05-28T14:40:29Z
2026-05-28T14:40:10Z,2026-05-28T16:40:10+0200,6a478062-64a4-4d61-8ceb-e4961767213c,2026-05-21T17:00:00Z,2026-05-21T19:00:00+0200,50.875,MW,BE,BE,forecast_offshore_wind_generation,Wind Offshore,2026-05-28T14:40:29Z
2026-05-28T14:40:10Z,2026-05-28T16:40:10+0200,6a478062-64a4-4d61-8ceb-e4961767213c,2026-05-21T18:00:00Z,2026-05-21T20:00:00+0200,33.65,MW,BE,BE,forecast_offshore_wind_generation,Wind Offshore,2026-05-28T14:40:29Z
2026-05-28T14:40:10Z,2026-05-28T16:40:10+0200,6a478062-64a4-4d61-8ceb-e4961767213c,2026-05-21T19:00:00Z,2026-05-21T21:00:00+0200,31.075,MW,BE,BE,forecast_offshore_wind_generation,Wind Offshore,2026-05-28T14:40:29Z
2026-05-28T14:40:10Z,2026-05-28T16:40:10+0200,6a478062-64a4-4d61-8ceb-e4961767213c,2026-05-21T20:00:00Z,2026-05-21T22:00:00+0200,32.2,MW,BE,BE,forecast_offshore_wind_generation,Wind Offshore,2026-05-28T14:40:29Z
2026-05-28T14:40:10Z,2026-05-28T16:40:10+0200,6a478062-64a4-4d61-8ceb-e4961767213c,2026-05-21T21:00:00Z,2026-05-21T23:00:00+0200,54.0,MW,BE,BE,forecast_offshore_wind_generation,Wind Offshore,2026-05-28T14:40:29Z
2026-05-28T14:40:10Z,2026-05-28T16:40:10+0200,6a478062-64a4-4d61-8ceb-e4961767213c,2026-05-21T22:00:00Z,2026-05-22T00:00:00+0200,39.675,MW,BE,BE,forecast_offshore_wind_generation,Wind Offshore,2026-05-28T14:40:29Z
2026-05-28T14:40:10Z,2026-05-28T16:40:10+0200,6a478062-64a4-4d61-8ceb-e4961767213c,2026-05-21T23:00:00Z,2026-05-22T01:00:00+0200,70.825,MW,BE,BE,forecast_offshore_wind_generation,Wind Offshore,2026-05-28T14:40:29Z
2026-05-28T14:40:10Z,2026-05-28T16:40:10+0200,6a478062-64a4-4d61-8ceb-e4961767213c,2026-05-22T00:00:00Z,2026-05-22T02:00:00+0200,124.5,MW,BE,BE,forecast_offshore_wind_generation,Wind Offshore,2026-05-28T14:40:29Z
2026-05-28T14:40:10Z,2026-05-28T16:40:10+0200,6a478062-64a4-4d61-8ceb-e4961767213c,2026-05-22T01:00:00Z,2026-05-22T03:00:00+0200,211.325,MW,BE,BE,forecast_offshore_wind_generation,Wind Offshore,2026-05-28T14:40:29Z
2026-05-28T14:40:10Z,2026-05-28T16:40:10+0200,6a478062-64a4-4d61-8ceb-e4961767213c,2026-05-22T02:00:00Z,2026-05-22T04:00:00+0200,370.625,MW,BE,BE,forecast_offshore_wind_generation,Wind Offshore,2026-05-28T14:40:29Z
2026-05-28T14:40:10Z,2026-05-28T16:40:10+0200,6a478062-64a4-4d61-8ceb-e4961767213c,2026-05-22T03:00:00Z,2026-05-22T05:00:00+0200,492.975,MW,BE,BE,forecast_offshore_wind_generation,Wind Offshore,2026-05-28T14:40:29Z
2026-05-28T14:40:10Z,2026-05-28T16:40:10+0200,6a478062-64a4-4d61-8ceb-e4961767213c,2026-05-22T04:00:00Z,2026-05-22T06:00:00+0200,505.875,MW,BE,BE,forecast_offshore_wind_generation,Wind Offshore,2026-05-28T14:40:29Z
2026-05-28T14:40:10Z,2026-05-28T16:40:10+0200,6a478062-64a4-4d61-8ceb-e4961767213c,2026-05-22T05:00:00Z,2026-05-22T07:00:00+0200,490.925,MW,BE,BE,forecast_offshore_wind_generation,Wind Offshore,2026-05-28T14:40:29Z
2026-05-28T14:40:10Z,2026-05-28T16:40:10+0200,6a478062-64a4-4d61-8ceb-e4961767213c,2026-05-22T06:00:00Z,2026-05-22T08:00:00+0200,393.1,MW,BE,BE,forecast_offshore_wind_generation,Wind Offshore,2026-05-28T14:40:29Z
2026-05-28T14:40:10Z,2026-05-28T16:40:10+0200,6a478062-64a4-4d61-8ceb-e4961767213c,2026-05-22T07:00:00Z,2026-05-22T09:00:00+0200,220.05,MW,BE,BE,forecast_offshore_wind_generation,Wind Offshore,2026-05-28T14:40:29Z
2026-05-28T14:40:10Z,2026-05-28T16:40:10+0200,6a478062-64a4-4d61-8ceb-e4961767213c,2026-05-22T08:00:00Z,2026-05-22T10:00:00+0200,125.85,MW,BE,BE,forecast_offshore_wind_generation,Wind Offshore,2026-05-28T14:40:29Z
2026-05-28T14:40:10Z,2026-05-28T16:40:10+0200,6a478062-64a4-4d61-8ceb-e4961767213c,2026-05-22T09:00:00Z,2026-05-22T11:00:00+0200,82.825,MW,BE,BE,forecast_offshore_wind_generation,Wind Offshore,2026-05-28T14:40:29Z
2026-05-28T14:40:10Z,2026-05-28T16:40:10+0200,6a478062-64a4-4d61-8ceb-e4961767213c,2026-05-22T10:00:00Z,2026-05-22T12:00:00+0200,61.55,MW,BE,BE,forecast_offshore_wind_generation,Wind Offshore,2026-05-28T14:40:29Z
2026-05-28T14:40:10Z,2026-05-28T16:40:10+0200,6a478062-64a4-4d61-8ceb-e4961767213c,2026-05-22T11:00:00Z,2026-05-22T13:00:00+0200,45.025,MW,BE,BE,forecast_offshore_wind_generation,Wind Offshore,2026-05-28T14:40:29Z
2026-05-28T14:40:10Z,2026-05-28T16:40:10+0200,6a478062-64a4-4d61-8ceb-e4961767213c,2026-05-22T12:00:00Z,2026-05-22T14:00:00+0200,34.0,MW,BE,BE,forecast_offshore_wind_generation,Wind Offshore,2026-05-28T14:40:29Z
2026-05-28T14:40:10Z,2026-05-28T16:40:10+0200,6a478062-64a4-4d61-8ceb-e4961767213c,2026-05-22T13:00:00Z,2026-05-22T15:00:00+0200,28.55,MW,BE,BE,forecast_offshore_wind_generation,Wind Offshore,2026-05-28T14:40:29Z
2026-05-28T14:40:10Z,2026-05-28T16:40:10+0200,6a478062-64a4-4d61-8ceb-e4961767213c,2026-05-22T14:00:00Z,2026-05-22T16:00:00+0200,38.1,MW,BE,BE,forecast_offshore_wind_generation,Wind Offshore,2026-05-28T14:40:29Z
2026-05-28T14:40:10Z,2026-05-28T16:40:10+0200,6a478062-64a4-4d61-8ceb-e4961767213c,2026-05-22T15:00:00Z,2026-05-22T17:00:00+0200,54.65,MW,BE,BE,forecast_offshore_wind_generation,Wind Offshore,2026-05-28T14:40:29Z
2026-05-28T14:40:10Z,2026-05-28T16:40:10+0200,6a478062-64a4-4d61-8ceb-e4961767213c,2026-05-22T16:00:00Z,2026-05-22T18:00:00+0200,77.975,MW,BE,BE,forecast_offshore_wind_generation,Wind Offshore,2026-05-28T14:40:29Z
2026-05-28T14:40:10Z,2026-05-28T16:40:10+0200,6a478062-64a4-4d61-8ceb-e4961767213c,2026-05-22T17:00:00Z,2026-05-22T19:00:00+0200,108.875,MW,BE,BE,forecast_offshore_wind_generation,Wind Offshore,2026-05-28T14:40:29Z
2026-05-28T14:40:10Z,2026-05-28T16:40:10+0200,6a478062-64a4-4d61-8ceb-e4961767213c,2026-05-22T18:00:00Z,2026-05-22T20:00:00+0200,144.025,MW,BE,BE,forecast_offshore_wind_generation,Wind Offshore,2026-05-28T14:40:29Z
2026-05-28T14:40:10Z,2026-05-28T16:40:10+0200,6a478062-64a4-4d61-8ceb-e4961767213c,2026-05-22T19:00:00Z,2026-05-22T21:00:00+0200,199.125,MW,BE,BE,forecast_offshore_wind_generation,Wind Offshore,2026-05-28T14:40:29Z
2026-05-28T14:40:10Z,2026-05-28T16:40:10+0200,6a478062-64a4-4d61-8ceb-e4961767213c,2026-05-22T20:00:00Z,2026-05-22T22:00:00+0200,266.8,MW,BE,BE,forecast_offshore_wind_generation,Wind Offshore,2026-05-28T14:40:29Z
2026-05-28T14:40:10Z,2026-05-28T16:40:10+0200,6a478062-64a4-4d61-8ceb-e4961767213c,2026-05-22T21:00:00Z,2026-05-22T23:00:00+0200,338.95,MW,BE,BE,forecast_offshore_wind_generation,Wind Offshore,2026-05-28T14:40:29Z
2026-05-28T14:40:10Z,2026-05-28T16:40:10+0200,6a478062-64a4-4d61-8ceb-e4961767213c,2026-05-22T22:00:00Z,2026-05-23T00:00:00+0200,182.375,MW,BE,BE,forecast_offshore_wind_generation,Wind Offshore,2026-05-28T14:40:29Z
2026-05-28T14:40:10Z,2026-05-28T16:40:10+0200,6a478062-64a4-4d61-8ceb-e4961767213c,2026-05-22T23:00:00Z,2026-05-23T01:00:00+0200,197.475,MW,BE,BE,forecast_offshore_wind_generation,Wind Offshore,2026-05-28T14:40:29Z
2026-05-28T14:40:10Z,2026-05-28T16:40:10+0200,6a478062-64a4-4d61-8ceb-e4961767213c,2026-05-23T00:00:00Z,2026-05-23T02:00:00+0200,335.75,MW,BE,BE,forecast_offshore_wind_generation,Wind Offshore,2026-05-28T14:40:29Z
2026-05-28T14:40:10Z,2026-05-28T16:40:10+0200,6a478062-64a4-4d61-8ceb-e4961767213c,2026-05-23T01:00:00Z,2026-05-23T03:00:00+0200,541.275,MW,BE,BE,forecast_offshore_wind_generation,Wind Offshore,2026-05-28T14:40:29Z
2026-05-28T14:40:10Z,2026-05-28T16:40:10+0200,6a478062-64a4-4d61-8ceb-e4961767213c,2026-05-23T02:00:00Z,2026-05-23T04:00:00+0200,690.825,MW,BE,BE,forecast_offshore_wind_generation,Wind Offshore,2026-05-28T14:40:29Z
2026-05-28T14:40:10Z,2026-05-28T16:40:10+0200,6a478062-64a4-4d61-8ceb-e4961767213c,2026-05-23T03:00:00Z,2026-05-23T05:00:00+0200,796.325,MW,BE,BE,forecast_offshore_wind_generation,Wind Offshore,2026-05-28T14:40:29Z
2026-05-28T14:40:10Z,2026-05-28T16:40:10+0200,6a478062-64a4-4d61-8ceb-e4961767213c,2026-05-23T04:00:00Z,2026-05-23T06:00:00+0200,848.725,MW,BE,BE,forecast_offshore_wind_generation,Wind Offshore,2026-05-28T14:40:29Z
2026-05-28T14:40:10Z,2026-05-28T16:40:10+0200,6a478062-64a4-4d61-8ceb-e4961767213c,2026-05-23T05:00:00Z,2026-05-23T07:00:00+0200,866.025,MW,BE,BE,forecast_offshore_wind_generation,Wind Offshore,2026-05-28T14:40:29Z
2026-05-28T14:40:10Z,2026-05-28T16:40:10+0200,6a478062-64a4-4d61-8ceb-e4961767213c,2026-05-23T06:00:00Z,2026-05-23T08:00:00+0200,765.55,MW,BE,BE,forecast_offshore_wind_generation,Wind Offshore,2026-05-28T14:40:29Z
2026-05-28T14:40:10Z,2026-05-28T16:40:10+0200,6a478062-64a4-4d61-8ceb-e4961767213c,2026-05-23T07:00:00Z,2026-05-23T09:00:00+0200,572.325,MW,BE,BE,forecast_offshore_wind_generation,Wind Offshore,2026-05-28T14:40:29Z
2026-05-28T14:40:10Z,2026-05-28T16:40:10+0200,6a478062-64a4-4d61-8ceb-e4961767213c,2026-05-23T08:00:00Z,2026-05-23T10:00:00+0200,283.4,MW,BE,BE,forecast_offshore_wind_generation,Wind Offshore,2026-05-28T14:40:29Z
2026-05-28T14:40:10Z,2026-05-28T16:40:10+0200,6a478062-64a4-4d61-8ceb-e4961767213c,2026-05-23T09:00:00Z,2026-05-23T11:00:00+0200,148.525,MW,BE,BE,forecast_offshore_wind_generation,Wind Offshore,2026-05-28T14:40:29Z
2026-05-28T14:40:10Z,2026-05-28T16:40:10+0200,6a478062-64a4-4d61-8ceb-e4961767213c,2026-05-23T10:00:00Z,2026-05-23T12:00:00+0200,160.05,MW,BE,BE,forecast_offshore_wind_generation,Wind Offshore,2026-05-28T14:40:29Z
2026-05-28T14:40:10Z,2026-05-28T16:40:10+0200,6a478062-64a4-4d61-8ceb-e4961767213c,2026-05-23T11:00:00Z,2026-05-23T13:00:00+0200,153.875,MW,BE,BE,forecast_offshore_wind_generation,Wind Offshore,2026-05-28T14:40:29Z
2026-05-28T14:40:10Z,2026-05-28T16:40:10+0200,6a478062-64a4-4d61-8ceb-e4961767213c,2026-05-23T12:00:00Z,2026-05-23T14:00:00+0200,122.125,MW,BE,BE,forecast_offshore_wind_generation,Wind Offshore,2026-05-28T14:40:29Z
2026-05-28T14:40:10Z,2026-05-28T16:40:10+0200,6a478062-64a4-4d61-8ceb-e4961767213c,2026-05-23T13:00:00Z,2026-05-23T15:00:00+0200,104.25,MW,BE,BE,forecast_offshore_wind_generation,Wind Offshore,2026-05-28T14:40:29Z
2026-05-28T14:40:10Z,2026-05-28T16:40:10+0200,6a478062-64a4-4d61-8ceb-e4961767213c,2026-05-23T14:00:00Z,2026-05-23T16:00:00+0200,163.75,MW,BE,BE,forecast_offshore_wind_generation,Wind Offshore,2026-05-28T14:40:29Z
2026-05-28T14:40:10Z,2026-05-28T16:40:10+0200,6a478062-64a4-4d61-8ceb-e4961767213c,2026-05-23T15:00:00Z,2026-05-23T17:00:00+0200,402.125,MW,BE,BE,forecast_offshore_wind_generation,Wind Offshore,2026-05-28T14:40:29Z
2026-05-28T14:40:10Z,2026-05-28T16:40:10+0200,6a478062-64a4-4d61-8ceb-e4961767213c,2026-05-23T16:00:00Z,2026-05-23T18:00:00+0200,483.1,MW,BE,BE,forecast_offshore_wind_generation,Wind Offshore,2026-05-28T14:40:29Z
2026-05-28T14:40:10Z,2026-05-28T16:40:10+0200,6a478062-64a4-4d61-8ceb-e4961767213c,2026-05-23T17:00:00Z,2026-05-23T19:00:00+0200,479.075,MW,BE,BE,forecast_offshore_wind_generation,Wind Offshore,2026-05-28T14:40:29Z
2026-05-28T14:40:10Z,2026-05-28T16:40:10+0200,6a478062-64a4-4d61-8ceb-e4961767213c,2026-05-23T18:00:00Z,2026-05-23T20:00:00+0200,477.225,MW,BE,BE,forecast_offshore_wind_generation,Wind Offshore,2026-05-28T14:40:29Z
2026-05-28T14:40:10Z,2026-05-28T16:40:10+0200,6a478062-64a4-4d61-8ceb-e4961767213c,2026-05-23T19:00:00Z,2026-05-23T21:00:00+0200,465.2,MW,BE,BE,forecast_offshore_wind_generation,Wind Offshore,2026-05-28T14:40:29Z
2026-05-28T14:40:10Z,2026-05-28T16:40:10+0200,6a478062-64a4-4d61-8ceb-e4961767213c,2026-05-23T20:00:00Z,2026-05-23T22:00:00+0200,458.35,MW,BE,BE,forecast_offshore_wind_generation,Wind Offshore,2026-05-28T14:40:29Z
2026-05-28T14:40:10Z,2026-05-28T16:40:10+0200,6a478062-64a4-4d61-8ceb-e4961767213c,2026-05-23T21:00:00Z,2026-05-23T23:00:00+0200,426.5,MW,BE,BE,forecast_offshore_wind_generation,Wind Offshore,2026-05-28T14:40:29Z
2026-05-28T14:40:10Z,2026-05-28T16:40:10+0200,6a478062-64a4-4d61-8ceb-e4961767213c,2026-05-23T22:00:00Z,2026-05-24T00:00:00+0200,283.025,MW,BE,BE,forecast_offshore_wind_generation,Wind Offshore,2026-05-28T14:40:29Z
2026-05-28T14:40:10Z,2026-05-28T16:40:10+0200,6a478062-64a4-4d61-8ceb-e4961767213c,2026-05-23T23:00:00Z,2026-05-24T01:00:00+0200,242.35,MW,BE,BE,forecast_offshore_wind_generation,Wind Offshore,2026-05-28T14:40:29Z
2026-05-28T14:40:10Z,2026-05-28T16:40:10+0200,6a478062-64a4-4d61-8ceb-e4961767213c,2026-05-24T00:00:00Z,2026-05-24T02:00:00+0200,215.1,MW,BE,BE,forecast_offshore_wind_generation,Wind Offshore,2026-05-28T14:40:29Z
2026-05-28T14:40:10Z,2026-05-28T16:40:10+0200,6a478062-64a4-4d61-8ceb-e4961767213c,2026-05-24T01:00:00Z,2026-05-24T03:00:00+0200,195.175,MW,BE,BE,forecast_offshore_wind_generation,Wind Offshore,2026-05-28T14:40:29Z
2026-05-28T14:40:10Z,2026-05-28T16:40:10+0200,6a478062-64a4-4d61-8ceb-e4961767213c,2026-05-24T02:00:00Z,2026-05-24T04:00:00+0200,177.2,MW,BE,BE,forecast_offshore_wind_generation,Wind Offshore,2026-05-28T14:40:29Z
2026-05-28T14:40:10Z,2026-05-28T16:40:10+0200,6a478062-64a4-4d61-8ceb-e4961767213c,2026-05-24T03:00:00Z,2026-05-24T05:00:00+0200,126.6,MW,BE,BE,forecast_offshore_wind_generation,Wind Offshore,2026-05-28T14:40:29Z
2026-05-28T14:40:10Z,2026-05-28T16:40:10+0200,6a478062-64a4-4d61-8ceb-e4961767213c,2026-05-24T04:00:00Z,2026-05-24T06:00:00+0200,105.675,MW,BE,BE,forecast_offshore_wind_generation,Wind Offshore,2026-05-28T14:40:29Z
2026-05-28T14:40:10Z,2026-05-28T16:40:10+0200,6a478062-64a4-4d61-8ceb-e4961767213c,2026-05-24T05:00:00Z,2026-05-24T07:00:00+0200,109.375,MW,BE,BE,forecast_offshore_wind_generation,Wind Offshore,2026-05-28T14:40:29Z
2026-05-28T14:40:10Z,2026-05-28T16:40:10+0200,6a478062-64a4-4d61-8ceb-e4961767213c,2026-05-24T06:00:00Z,2026-05-24T08:00:00+0200,106.775,MW,BE,BE,forecast_offshore_wind_generation,Wind Offshore,2026-05-28T14:40:29Z
2026-05-28T14:40:10Z,2026-05-28T16:40:10+0200,6a478062-64a4-4d61-8ceb-e4961767213c,2026-05-24T07:00:00Z,2026-05-24T09:00:00+0200,91.675,MW,BE,BE,forecast_offshore_wind_generation,Wind Offshore,2026-05-28T14:40:29Z
2026-05-28T14:40:10Z,2026-05-28T16:40:10+0200,6a478062-64a4-4d61-8ceb-e4961767213c,2026-05-24T08:00:00Z,2026-05-24T10:00:00+0200,76.375,MW,BE,BE,forecast_offshore_wind_generation,Wind Offshore,2026-05-28T14:40:29Z
2026-05-28T14:40:10Z,2026-05-28T16:40:10+0200,6a478062-64a4-4d61-8ceb-e4961767213c,2026-05-24T09:00:00Z,2026-05-24T11:00:00+0200,76.175,MW,BE,BE,forecast_offshore_wind_generation,Wind Offshore,2026-05-28T14:40:29Z
2026-05-28T14:40:10Z,2026-05-28T16:40:10+0200,6a478062-64a4-4d61-8ceb-e4961767213c,2026-05-24T10:00:00Z,2026-05-24T12:00:00+0200,104.6,MW,BE,BE,forecast_offshore_wind_generation,Wind Offshore,2026-05-28T14:40:29Z
2026-05-28T14:40:10Z,2026-05-28T16:40:10+0200,6a478062-64a4-4d61-8ceb-e4961767213c,2026-05-24T11:00:00Z,2026-05-24T13:00:00+0200,135.775,MW,BE,BE,forecast_offshore_wind_generation,Wind Offshore,2026-05-28T14:40:29Z
2026-05-28T14:40:10Z,2026-05-28T16:40:10+0200,6a478062-64a4-4d61-8ceb-e4961767213c,2026-05-24T12:00:00Z,2026-05-24T14:00:00+0200,128.825,MW,BE,BE,forecast_offshore_wind_generation,Wind Offshore,2026-05-28T14:40:29Z
2026-05-28T14:40:10Z,2026-05-28T16:40:10+0200,6a478062-64a4-4d61-8ceb-e4961767213c,2026-05-24T13:00:00Z,2026-05-24T15:00:00+0200,123.9,MW,BE,BE,forecast_offshore_wind_generation,Wind Offshore,2026-05-28T14:40:29Z
2026-05-28T14:40:10Z,2026-05-28T16:40:10+0200,6a478062-64a4-4d61-8ceb-e4961767213c,2026-05-24T14:00:00Z,2026-05-24T16:00:00+0200,134.675,MW,BE,BE,forecast_offshore_wind_generation,Wind Offshore,2026-05-28T14:40:29Z
2026-05-28T14:40:10Z,2026-05-28T16:40:10+0200,6a478062-64a4-4d61-8ceb-e4961767213c,2026-05-24T15:00:00Z,2026-05-24T17:00:00+0200,148.75,MW,BE,BE,forecast_offshore_wind_generation,Wind Offshore,2026-05-28T14:40:29Z
2026-05-28T14:40:10Z,2026-05-28T16:40:10+0200,6a478062-64a4-4d61-8ceb-e4961767213c,2026-05-24T16:00:00Z,2026-05-24T18:00:00+0200,177.3,MW,BE,BE,forecast_offshore_wind_generation,Wind Offshore,2026-05-28T14:40:29Z
2026-05-28T14:40:10Z,2026-05-28T16:40:10+0200,6a478062-64a4-4d61-8ceb-e4961767213c,2026-05-24T17:00:00Z,2026-05-24T19:00:00+0200,242.05,MW,BE,BE,forecast_offshore_wind_generation,Wind Offshore,2026-05-28T14:40:29Z
2026-05-28T14:40:10Z,2026-05-28T16:40:10+0200,6a478062-64a4-4d61-8ceb-e4961767213c,2026-05-24T18:00:00Z,2026-05-24T20:00:00+0200,350.725,MW,BE,BE,forecast_offshore_wind_generation,Wind Offshore,2026-05-28T14:40:29Z
2026-05-28T14:40:10Z,2026-05-28T16:40:10+0200,6a478062-64a4-4d61-8ceb-e4961767213c,2026-05-24T19:00:00Z,2026-05-24T21:00:00+0200,470.625,MW,BE,BE,forecast_offshore_wind_generation,Wind Offshore,2026-05-28T14:40:29Z
2026-05-28T14:40:10Z,2026-05-28T16:40:10+0200,6a478062-64a4-4d61-8ceb-e4961767213c,2026-05-24T20:00:00Z,2026-05-24T22:00:00+0200,517.675,MW,BE,BE,forecast_offshore_wind_generation,Wind Offshore,2026-05-28T14:40:29Z
2026-05-28T14:40:10Z,2026-05-28T16:40:10+0200,6a478062-64a4-4d61-8ceb-e4961767213c,2026-05-24T21:00:00Z,2026-05-24T23:00:00+0200,528.6,MW,BE,BE,forecast_offshore_wind_generation,Wind Offshore,2026-05-28T14:40:29Z
2026-05-28T14:40:10Z,2026-05-28T16:40:10+0200,6a478062-64a4-4d61-8ceb-e4961767213c,2026-05-24T22:00:00Z,2026-05-25T00:00:00+0200,562.325,MW,BE,BE,forecast_offshore_wind_generation,Wind Offshore,2026-05-28T14:40:29Z
2026-05-28T14:40:10Z,2026-05-28T16:40:10+0200,6a478062-64a4-4d61-8ceb-e4961767213c,2026-05-24T23:00:00Z,2026-05-25T01:00:00+0200,489.8,MW,BE,BE,forecast_offshore_wind_generation,Wind Offshore,2026-05-28T14:40:29Z
2026-05-28T14:40:10Z,2026-05-28T16:40:10+0200,6a478062-64a4-4d61-8ceb-e4961767213c,2026-05-25T00:00:00Z,2026-05-25T02:00:00+0200,419.975,MW,BE,BE,forecast_offshore_wind_generation,Wind Offshore,2026-05-28T14:40:29Z
2026-05-28T14:40:10Z,2026-05-28T16:40:10+0200,6a478062-64a4-4d61-8ceb-e4961767213c,2026-05-25T01:00:00Z,2026-05-25T03:00:00+0200,374.1,MW,BE,BE,forecast_offshore_wind_generation,Wind Offshore,2026-05-28T14:40:29Z
2026-05-28T14:40:10Z,2026-05-28T16:40:10+0200,6a478062-64a4-4d61-8ceb-e4961767213c,2026-05-25T02:00:00Z,2026-05-25T04:00:00+0200,333.225,MW,BE,BE,forecast_offshore_wind_generation,Wind Offshore,2026-05-28T14:40:29Z
2026-05-28T14:40:10Z,2026-05-28T16:40:10+0200,6a478062-64a4-4d61-8ceb-e4961767213c,2026-05-25T03:00:00Z,2026-05-25T05:00:00+0200,249.975,MW,BE,BE,forecast_offshore_wind_generation,Wind Offshore,2026-05-28T14:40:29Z
2026-05-28T14:40:10Z,2026-05-28T16:40:10+0200,6a478062-64a4-4d61-8ceb-e4961767213c,2026-05-25T04:00:00Z,2026-05-25T06:00:00+0200,182.2,MW,BE,BE,forecast_offshore_wind_generation,Wind Offshore,2026-05-28T14:40:29Z
2026-05-28T14:40:10Z,2026-05-28T16:40:10+0200,6a478062-64a4-4d61-8ceb-e4961767213c,2026-05-25T05:00:00Z,2026-05-25T07:00:00+0200,163.7,MW,BE,BE,forecast_offshore_wind_generation,Wind Offshore,2026-05-28T14:40:29Z
2026-05-28T14:40:10Z,2026-05-28T16:40:10+0200,6a478062-64a4-4d61-8ceb-e4961767213c,2026-05-25T06:00:00Z,2026-05-25T08:00:00+0200,168.675,MW,BE,BE,forecast_offshore_wind_generation,Wind Offshore,2026-05-28T14:40:29Z
2026-05-28T14:40:10Z,2026-05-28T16:40:10+0200,6a478062-64a4-4d61-8ceb-e4961767213c,2026-05-25T07:00:00Z,2026-05-25T09:00:00+0200,161.75,MW,BE,BE,forecast_offshore_wind_generation,Wind Offshore,2026-05-28T14:40:29Z
2026-05-28T14:40:10Z,2026-05-28T16:40:10+0200,6a478062-64a4-4d61-8ceb-e4961767213c,2026-05-25T08:00:00Z,2026-05-25T10:00:00+0200,127.025,MW,BE,BE,forecast_offshore_wind_generation,Wind Offshore,2026-05-28T14:40:29Z
2026-05-28T14:40:10Z,2026-05-28T16:40:10+0200,6a478062-64a4-4d61-8ceb-e4961767213c,2026-05-25T09:00:00Z,2026-05-25T11:00:00+0200,80.475,MW,BE,BE,forecast_offshore_wind_generation,Wind Offshore,2026-05-28T14:40:29Z
2026-05-28T14:40:10Z,2026-05-28T16:40:10+0200,6a478062-64a4-4d61-8ceb-e4961767213c,2026-05-25T10:00:00Z,2026-05-25T12:00:00+0200,43.4,MW,BE,BE,forecast_offshore_wind_generation,Wind Offshore,2026-05-28T14:40:29Z
2026-05-28T14:40:10Z,2026-05-28T16:40:10+0200,6a478062-64a4-4d61-8ceb-e4961767213c,2026-05-25T11:00:00Z,2026-05-25T13:00:00+0200,24.375,MW,BE,BE,forecast_offshore_wind_generation,Wind Offshore,2026-05-28T14:40:29Z
2026-05-28T14:40:10Z,2026-05-28T16:40:10+0200,6a478062-64a4-4d61-8ceb-e4961767213c,2026-05-25T12:00:00Z,2026-05-25T14:00:00+0200,11.975,MW,BE,BE,forecast_offshore_wind_generation,Wind Offshore,2026-05-28T14:40:29Z
2026-05-28T14:40:10Z,2026-05-28T16:40:10+0200,6a478062-64a4-4d61-8ceb-e4961767213c,2026-05-25T13:00:00Z,2026-05-25T15:00:00+0200,7.675,MW,BE,BE,forecast_offshore_wind_generation,Wind Offshore,2026-05-28T14:40:29Z
2026-05-28T14:40:10Z,2026-05-28T16:40:10+0200,6a478062-64a4-4d61-8ceb-e4961767213c,2026-05-25T14:00:00Z,2026-05-25T16:00:00+0200,16.725,MW,BE,BE,forecast_offshore_wind_generation,Wind Offshore,2026-05-28T14:40:29Z
2026-05-28T14:40:10Z,2026-05-28T16:40:10+0200,6a478062-64a4-4d61-8ceb-e4961767213c,2026-05-25T15:00:00Z,2026-05-25T17:00:00+0200,30.55,MW,BE,BE,forecast_offshore_wind_generation,Wind Offshore,2026-05-28T14:40:29Z
2026-05-28T14:40:10Z,2026-05-28T16:40:10+0200,6a478062-64a4-4d61-8ceb-e4961767213c,2026-05-25T16:00:00Z,2026-05-25T18:00:00+0200,51.9,MW,BE,BE,forecast_offshore_wind_generation,Wind Offshore,2026-05-28T14:40:29Z
2026-05-28T14:40:10Z,2026-05-28T16:40:10+0200,6a478062-64a4-4d61-8ceb-e4961767213c,2026-05-25T17:00:00Z,2026-05-25T19:00:00+0200,74.025,MW,BE,BE,forecast_offshore_wind_generation,Wind Offshore,2026-05-28T14:40:29Z
2026-05-28T14:40:10Z,2026-05-28T16:40:10+0200,6a478062-64a4-4d61-8ceb-e4961767213c,2026-05-25T18:00:00Z,2026-05-25T20:00:00+0200,97.325,MW,BE,BE,forecast_offshore_wind_generation,Wind Offshore,2026-05-28T14:40:29Z
2026-05-28T14:40:10Z,2026-05-28T16:40:10+0200,6a478062-64a4-4d61-8ceb-e4961767213c,2026-05-25T19:00:00Z,2026-05-25T21:00:00+0200,120.725,MW,BE,BE,forecast_offshore_wind_generation,Wind Offshore,2026-05-28T14:40:29Z
2026-05-28T14:40:10Z,2026-05-28T16:40:10+0200,6a478062-64a4-4d61-8ceb-e4961767213c,2026-05-25T20:00:00Z,2026-05-25T22:00:00+0200,150.875,MW,BE,BE,forecast_offshore_wind_generation,Wind Offshore,2026-05-28T14:40:29Z
2026-05-28T14:40:10Z,2026-05-28T16:40:10+0200,6a478062-64a4-4d61-8ceb-e4961767213c,2026-05-25T21:00:00Z,2026-05-25T23:00:00+0200,234.35,MW,BE,BE,forecast_offshore_wind_generation,Wind Offshore,2026-05-28T14:40:29Z
2026-05-28T14:40:10Z,2026-05-28T16:40:10+0200,6a478062-64a4-4d61-8ceb-e4961767213c,2026-05-25T22:00:00Z,2026-05-26T00:00:00+0200,177.6,MW,BE,BE,forecast_offshore_wind_generation,Wind Offshore,2026-05-28T14:40:29Z
2026-05-28T14:40:10Z,2026-05-28T16:40:10+0200,6a478062-64a4-4d61-8ceb-e4961767213c,2026-05-25T23:00:00Z,2026-05-26T01:00:00+0200,252.3,MW,BE,BE,forecast_offshore_wind_generation,Wind Offshore,2026-05-28T14:40:29Z
2026-05-28T14:40:10Z,2026-05-28T16:40:10+0200,6a478062-64a4-4d61-8ceb-e4961767213c,2026-05-26T00:00:00Z,2026-05-26T02:00:00+0200,287.8,MW,BE,BE,forecast_offshore_wind_generation,Wind Offshore,2026-05-28T14:40:29Z
2026-05-28T14:40:10Z,2026-05-28T16:40:10+0200,6a478062-64a4-4d61-8ceb-e4961767213c,2026-05-26T01:00:00Z,2026-05-26T03:00:00+0200,253.0,MW,BE,BE,forecast_offshore_wind_generation,Wind Offshore,2026-05-28T14:40:29Z
2026-05-28T14:40:10Z,2026-05-28T16:40:10+0200,6a478062-64a4-4d61-8ceb-e4961767213c,2026-05-26T02:00:00Z,2026-05-26T04:00:00+0200,224.75,MW,BE,BE,forecast_offshore_wind_generation,Wind Offshore,2026-05-28T14:40:29Z
2026-05-28T14:40:10Z,2026-05-28T16:40:10+0200,6a478062-64a4-4d61-8ceb-e4961767213c,2026-05-26T03:00:00Z,2026-05-26T05:00:00+0200,230.55,MW,BE,BE,forecast_offshore_wind_generation,Wind Offshore,2026-05-28T14:40:29Z
2026-05-28T14:40:10Z,2026-05-28T16:40:10+0200,6a478062-64a4-4d61-8ceb-e4961767213c,2026-05-26T04:00:00Z,2026-05-26T06:00:00+0200,207.425,MW,BE,BE,forecast_offshore_wind_generation,Wind Offshore,2026-05-28T14:40:29Z
2026-05-28T14:40:10Z,2026-05-28T16:40:10+0200,6a478062-64a4-4d61-8ceb-e4961767213c,2026-05-26T05:00:00Z,2026-05-26T07:00:00+0200,135.15,MW,BE,BE,forecast_offshore_wind_generation,Wind Offshore,2026-05-28T14:40:29Z
2026-05-28T14:40:10Z,2026-05-28T16:40:10+0200,6a478062-64a4-4d61-8ceb-e4961767213c,2026-05-26T06:00:00Z,2026-05-26T08:00:00+0200,64.35,MW,BE,BE,forecast_offshore_wind_generation,Wind Offshore,2026-05-28T14:40:29Z
2026-05-28T14:40:10Z,2026-05-28T16:40:10+0200,6a478062-64a4-4d61-8ceb-e4961767213c,2026-05-26T07:00:00Z,2026-05-26T09:00:00+0200,29.725,MW,BE,BE,forecast_offshore_wind_generation,Wind Offshore,2026-05-28T14:40:29Z
2026-05-28T14:40:10Z,2026-05-28T16:40:10+0200,6a478062-64a4-4d61-8ceb-e4961767213c,2026-05-26T08:00:00Z,2026-05-26T10:00:00+0200,15.7,MW,BE,BE,forecast_offshore_wind_generation,Wind Offshore,2026-05-28T14:40:29Z
2026-05-28T14:40:10Z,2026-05-28T16:40:10+0200,6a478062-64a4-4d61-8ceb-e4961767213c,2026-05-26T09:00:00Z,2026-05-26T11:00:00+0200,8.225,MW,BE,BE,forecast_offshore_wind_generation,Wind Offshore,2026-05-28T14:40:29Z
2026-05-28T14:40:10Z,2026-05-28T16:40:10+0200,6a478062-64a4-4d61-8ceb-e4961767213c,2026-05-26T10:00:00Z,2026-05-26T12:00:00+0200,5.525,MW,BE,BE,forecast_offshore_wind_generation,Wind Offshore,2026-05-28T14:40:29Z
2026-05-28T14:40:10Z,2026-05-28T16:40:10+0200,6a478062-64a4-4d61-8ceb-e4961767213c,2026-05-26T11:00:00Z,2026-05-26T13:00:00+0200,4.925,MW,BE,BE,forecast_offshore_wind_generation,Wind Offshore,2026-05-28T14:40:29Z
2026-05-28T14:40:10Z,2026-05-28T16:40:10+0200,6a478062-64a4-4d61-8ceb-e4961767213c,2026-05-26T12:00:00Z,2026-05-26T14:00:00+0200,4.55,MW,BE,BE,forecast_offshore_wind_generation,Wind Offshore,2026-05-28T14:40:29Z
2026-05-28T14:40:10Z,2026-05-28T16:40:10+0200,6a478062-64a4-4d61-8ceb-e4961767213c,2026-05-26T13:00:00Z,2026-05-26T15:00:00+0200,4.35,MW,BE,BE,forecast_offshore_wind_generation,Wind Offshore,2026-05-28T14:40:29Z
2026-05-28T14:40:10Z,2026-05-28T16:40:10+0200,6a478062-64a4-4d61-8ceb-e4961767213c,2026-05-26T14:00:00Z,2026-05-26T16:00:00+0200,4.725,MW,BE,BE,forecast_offshore_wind_generation,Wind Offshore,2026-05-28T14:40:29Z
2026-05-28T14:40:10Z,2026-05-28T16:40:10+0200,6a478062-64a4-4d61-8ceb-e4961767213c,2026-05-26T15:00:00Z,2026-05-26T17:00:00+0200,5.7,MW,BE,BE,forecast_offshore_wind_generation,Wind Offshore,2026-05-28T14:40:29Z
2026-05-28T14:40:10Z,2026-05-28T16:40:10+0200,6a478062-64a4-4d61-8ceb-e4961767213c,2026-05-26T16:00:00Z,2026-05-26T18:00:00+0200,6.025,MW,BE,BE,forecast_offshore_wind_generation,Wind Offshore,2026-05-28T14:40:29Z
2026-05-28T14:40:10Z,2026-05-28T16:40:10+0200,6a478062-64a4-4d61-8ceb-e4961767213c,2026-05-26T17:00:00Z,2026-05-26T19:00:00+0200,7.55,MW,BE,BE,forecast_offshore_wind_generation,Wind Offshore,2026-05-28T14:40:29Z
2026-05-28T14:40:10Z,2026-05-28T16:40:10+0200,6a478062-64a4-4d61-8ceb-e4961767213c,2026-05-26T18:00:00Z,2026-05-26T20:00:00+0200,10.35,MW,BE,BE,forecast_offshore_wind_generation,Wind Offshore,2026-05-28T14:40:29Z
2026-05-28T14:40:10Z,2026-05-28T16:40:10+0200,6a478062-64a4-4d61-8ceb-e4961767213c,2026-05-26T19:00:00Z,2026-05-26T21:00:00+0200,20.075,MW,BE,BE,forecast_offshore_wind_generation,Wind Offshore,2026-05-28T14:40:29Z
2026-05-28T14:40:10Z,2026-05-28T16:40:10+0200,6a478062-64a4-4d61-8ceb-e4961767213c,2026-05-26T20:00:00Z,2026-05-26T22:00:00+0200,37.85,MW,BE,BE,forecast_offshore_wind_generation,Wind Offshore,2026-05-28T14:40:29Z
2026-05-28T14:40:10Z,2026-05-28T16:40:10+0200,6a478062-64a4-4d61-8ceb-e4961767213c,2026-05-26T21:00:00Z,2026-05-26T23:00:00+0200,62.85,MW,BE,BE,forecast_offshore_wind_generation,Wind Offshore,2026-05-28T14:40:29Z
2026-05-28T14:40:10Z,2026-05-28T16:40:10+0200,6a478062-64a4-4d61-8ceb-e4961767213c,2026-05-26T22:00:00Z,2026-05-27T00:00:00+0200,556.9,MW,BE,BE,forecast_offshore_wind_generation,Wind Offshore,2026-05-28T14:40:29Z
2026-05-28T14:40:10Z,2026-05-28T16:40:10+0200,6a478062-64a4-4d61-8ceb-e4961767213c,2026-05-26T23:00:00Z,2026-05-27T01:00:00+0200,704.525,MW,BE,BE,forecast_offshore_wind_generation,Wind Offshore,2026-05-28T14:40:29Z
2026-05-28T14:40:10Z,2026-05-28T16:40:10+0200,6a478062-64a4-4d61-8ceb-e4961767213c,2026-05-27T00:00:00Z,2026-05-27T02:00:00+0200,836.375,MW,BE,BE,forecast_offshore_wind_generation,Wind Offshore,2026-05-28T14:40:29Z
2026-05-28T14:40:10Z,2026-05-28T16:40:10+0200,6a478062-64a4-4d61-8ceb-e4961767213c,2026-05-27T01:00:00Z,2026-05-27T03:00:00+0200,974.85,MW,BE,BE,forecast_offshore_wind_generation,Wind Offshore,2026-05-28T14:40:29Z
2026-05-28T14:40:10Z,2026-05-28T16:40:10+0200,6a478062-64a4-4d61-8ceb-e4961767213c,2026-05-27T02:00:00Z,2026-05-27T04:00:00+0200,1099.975,MW,BE,BE,forecast_offshore_wind_generation,Wind Offshore,2026-05-28T14:40:29Z
2026-05-28T14:40:10Z,2026-05-28T16:40:10+0200,6a478062-64a4-4d61-8ceb-e4961767213c,2026-05-27T03:00:00Z,2026-05-27T05:00:00+0200,1170.225,MW,BE,BE,forecast_offshore_wind_generation,Wind Offshore,2026-05-28T14:40:29Z
2026-05-28T14:40:10Z,2026-05-28T16:40:10+0200,6a478062-64a4-4d61-8ceb-e4961767213c,2026-05-27T04:00:00Z,2026-05-27T06:00:00+0200,1136.175,MW,BE,BE,forecast_offshore_wind_generation,Wind Offshore,2026-05-28T14:40:29Z
2026-05-28T14:40:10Z,2026-05-28T16:40:10+0200,6a478062-64a4-4d61-8ceb-e4961767213c,2026-05-27T05:00:00Z,2026-05-27T07:00:00+0200,1075.05,MW,BE,BE,forecast_offshore_wind_generation,Wind Offshore,2026-05-28T14:40:29Z
2026-05-28T14:40:10Z,2026-05-28T16:40:10+0200,6a478062-64a4-4d61-8ceb-e4961767213c,2026-05-27T06:00:00Z,2026-05-27T08:00:00+0200,1069.9,MW,BE,BE,forecast_offshore_wind_generation,Wind Offshore,2026-05-28T14:40:29Z
2026-05-28T14:40:10Z,2026-05-28T16:40:10+0200,6a478062-64a4-4d61-8ceb-e4961767213c,2026-05-27T07:00:00Z,2026-05-27T09:00:00+0200,1089.8,MW,BE,BE,forecast_offshore_wind_generation,Wind Offshore,2026-05-28T14:40:29Z
2026-05-28T14:40:10Z,2026-05-28T16:40:10+0200,6a478062-64a4-4d61-8ceb-e4961767213c,2026-05-27T08:00:00Z,2026-05-27T10:00:00+0200,1149.1,MW,BE,BE,forecast_offshore_wind_generation,Wind Offshore,2026-05-28T14:40:29Z
2026-05-28T14:40:10Z,2026-05-28T16:40:10+0200,6a478062-64a4-4d61-8ceb-e4961767213c,2026-05-27T09:00:00Z,2026-05-27T11:00:00+0200,1211.2,MW,BE,BE,forecast_offshore_wind_generation,Wind Offshore,2026-05-28T14:40:29Z
2026-05-28T14:40:10Z,2026-05-28T16:40:10+0200,6a478062-64a4-4d61-8ceb-e4961767213c,2026-05-27T10:00:00Z,2026-05-27T12:00:00+0200,1284.0,MW,BE,BE,forecast_offshore_wind_generation,Wind Offshore,2026-05-28T14:40:29Z
2026-05-28T14:40:10Z,2026-05-28T16:40:10+0200,6a478062-64a4-4d61-8ceb-e4961767213c,2026-05-27T11:00:00Z,2026-05-27T13:00:00+0200,1366.0,MW,BE,BE,forecast_offshore_wind_generation,Wind Offshore,2026-05-28T14:40:29Z
2026-05-28T14:40:10Z,2026-05-28T16:40:10+0200,6a478062-64a4-4d61-8ceb-e4961767213c,2026-05-27T12:00:00Z,2026-05-27T14:00:00+0200,1452.975,MW,BE,BE,forecast_offshore_wind_generation,Wind Offshore,2026-05-28T14:40:29Z
2026-05-28T14:40:10Z,2026-05-28T16:40:10+0200,6a478062-64a4-4d61-8ceb-e4961767213c,2026-05-27T13:00:00Z,2026-05-27T15:00:00+0200,1528.475,MW,BE,BE,forecast_offshore_wind_generation,Wind Offshore,2026-05-28T14:40:29Z
2026-05-28T14:40:10Z,2026-05-28T16:40:10+0200,6a478062-64a4-4d61-8ceb-e4961767213c,2026-05-27T14:00:00Z,2026-05-27T16:00:00+0200,1590.0,MW,BE,BE,forecast_offshore_wind_generation,Wind Offshore,2026-05-28T14:40:29Z
2026-05-28T14:40:10Z,2026-05-28T16:40:10+0200,6a478062-64a4-4d61-8ceb-e4961767213c,2026-05-27T15:00:00Z,2026-05-27T17:00:00+0200,1637.05,MW,BE,BE,forecast_offshore_wind_generation,Wind Offshore,2026-05-28T14:40:29Z
2026-05-28T14:40:10Z,2026-05-28T16:40:10+0200,6a478062-64a4-4d61-8ceb-e4961767213c,2026-05-27T16:00:00Z,2026-05-27T18:00:00+0200,1661.4,MW,BE,BE,forecast_offshore_wind_generation,Wind Offshore,2026-05-28T14:40:29Z
2026-05-28T14:40:10Z,2026-05-28T16:40:10+0200,6a478062-64a4-4d61-8ceb-e4961767213c,2026-05-27T17:00:00Z,2026-05-27T19:00:00+0200,1668.075,MW,BE,BE,forecast_offshore_wind_generation,Wind Offshore,2026-05-28T14:40:29Z
2026-05-28T14:40:10Z,2026-05-28T16:40:10+0200,6a478062-64a4-4d61-8ceb-e4961767213c,2026-05-27T18:00:00Z,2026-05-27T20:00:00+0200,1657.15,MW,BE,BE,forecast_offshore_wind_generation,Wind Offshore,2026-05-28T14:40:29Z
2026-05-28T14:40:10Z,2026-05-28T16:40:10+0200,6a478062-64a4-4d61-8ceb-e4961767213c,2026-05-27T19:00:00Z,2026-05-27T21:00:00+0200,1626.725,MW,BE,BE,forecast_offshore_wind_generation,Wind Offshore,2026-05-28T14:40:29Z
2026-05-28T14:40:10Z,2026-05-28T16:40:10+0200,6a478062-64a4-4d61-8ceb-e4961767213c,2026-05-27T20:00:00Z,2026-05-27T22:00:00+0200,1573.6,MW,BE,BE,forecast_offshore_wind_generation,Wind Offshore,2026-05-28T14:40:29Z
2026-05-28T14:40:10Z,2026-05-28T16:40:10+0200,6a478062-64a4-4d61-8ceb-e4961767213c,2026-05-27T21:00:00Z,2026-05-27T23:00:00+0200,1496.35,MW,BE,BE,forecast_offshore_wind_generation,Wind Offshore,2026-05-28T14:40:29Z
2026-05-28T14:40:10Z,2026-05-28T16:40:10+0200,6a478062-64a4-4d61-8ceb-e4961767213c,2026-05-27T22:00:00Z,2026-05-28T00:00:00+0200,1368.925,MW,BE,BE,forecast_offshore_wind_generation,Wind Offshore,2026-05-28T14:40:29Z
2026-05-28T14:40:10Z,2026-05-28T16:40:10+0200,6a478062-64a4-4d61-8ceb-e4961767213c,2026-05-27T23:00:00Z,2026-05-28T01:00:00+0200,1281.95,MW,BE,BE,forecast_offshore_wind_generation,Wind Offshore,2026-05-28T14:40:29Z
2026-05-28T14:40:10Z,2026-05-28T16:40:10+0200,6a478062-64a4-4d61-8ceb-e4961767213c,2026-05-28T00:00:00Z,2026-05-28T02:00:00+0200,1226.8,MW,BE,BE,forecast_offshore_wind_generation,Wind Offshore,2026-05-28T14:40:29Z
2026-05-28T14:40:10Z,2026-05-28T16:40:10+0200,6a478062-64a4-4d61-8ceb-e4961767213c,2026-05-28T01:00:00Z,2026-05-28T03:00:00+0200,1184.875,MW,BE,BE,forecast_offshore_wind_generation,Wind Offshore,2026-05-28T14:40:29Z
2026-05-28T14:40:10Z,2026-05-28T16:40:10+0200,6a478062-64a4-4d61-8ceb-e4961767213c,2026-05-28T02:00:00Z,2026-05-28T04:00:00+0200,1114.325,MW,BE,BE,forecast_offshore_wind_generation,Wind Offshore,2026-05-28T14:40:29Z
2026-05-28T14:40:10Z,2026-05-28T16:40:10+0200,6a478062-64a4-4d61-8ceb-e4961767213c,2026-05-28T03:00:00Z,2026-05-28T05:00:00+0200,995.075,MW,BE,BE,forecast_offshore_wind_generation,Wind Offshore,2026-05-28T14:40:29Z
2026-05-28T14:40:10Z,2026-05-28T16:40:10+0200,6a478062-64a4-4d61-8ceb-e4961767213c,2026-05-28T04:00:00Z,2026-05-28T06:00:00+0200,852.875,MW,BE,BE,forecast_offshore_wind_generation,Wind Offshore,2026-05-28T14:40:29Z
2026-05-28T14:40:10Z,2026-05-28T16:40:10+0200,6a478062-64a4-4d61-8ceb-e4961767213c,2026-05-28T05:00:00Z,2026-05-28T07:00:00+0200,784.075,MW,BE,BE,forecast_offshore_wind_generation,Wind Offshore,2026-05-28T14:40:29Z
2026-05-28T14:40:10Z,2026-05-28T16:40:10+0200,6a478062-64a4-4d61-8ceb-e4961767213c,2026-05-28T06:00:00Z,2026-05-28T08:00:00+0200,707.0,MW,BE,BE,forecast_offshore_wind_generation,Wind Offshore,2026-05-28T14:40:29Z
2026-05-28T14:40:10Z,2026-05-28T16:40:10+0200,6a478062-64a4-4d61-8ceb-e4961767213c,2026-05-28T07:00:00Z,2026-05-28T09:00:00+0200,630.4,MW,BE,BE,forecast_offshore_wind_generation,Wind Offshore,2026-05-28T14:40:29Z
2026-05-28T14:40:10Z,2026-05-28T16:40:10+0200,6a478062-64a4-4d61-8ceb-e4961767213c,2026-05-28T08:00:00Z,2026-05-28T10:00:00+0200,630.85,MW,BE,BE,forecast_offshore_wind_generation,Wind Offshore,2026-05-28T14:40:29Z
2026-05-28T14:40:10Z,2026-05-28T16:40:10+0200,6a478062-64a4-4d61-8ceb-e4961767213c,2026-05-28T09:00:00Z,2026-05-28T11:00:00+0200,611.55,MW,BE,BE,forecast_offshore_wind_generation,Wind Offshore,2026-05-28T14:40:29Z
2026-05-28T14:40:10Z,2026-05-28T16:40:10+0200,6a478062-64a4-4d61-8ceb-e4961767213c,2026-05-28T10:00:00Z,2026-05-28T12:00:00+0200,574.475,MW,BE,BE,forecast_offshore_wind_generation,Wind Offshore,2026-05-28T14:40:29Z
2026-05-28T14:40:10Z,2026-05-28T16:40:10+0200,6a478062-64a4-4d61-8ceb-e4961767213c,2026-05-28T11:00:00Z,2026-05-28T13:00:00+0200,571.05,MW,BE,BE,forecast_offshore_wind_generation,Wind Offshore,2026-05-28T14:40:29Z
2026-05-28T14:40:10Z,2026-05-28T16:40:10+0200,6a478062-64a4-4d61-8ceb-e4961767213c,2026-05-28T12:00:00Z,2026-05-28T14:00:00+0200,567.925,MW,BE,BE,forecast_offshore_wind_generation,Wind Offshore,2026-05-28T14:40:29Z
2026-05-28T14:40:10Z,2026-05-28T16:40:10+0200,6a478062-64a4-4d61-8ceb-e4961767213c,2026-05-28T13:00:00Z,2026-05-28T15:00:00+0200,517.3,MW,BE,BE,forecast_offshore_wind_generation,Wind Offshore,2026-05-28T14:40:29Z
2026-05-28T14:40:10Z,2026-05-28T16:40:10+0200,6a478062-64a4-4d61-8ceb-e4961767213c,2026-05-28T14:00:00Z,2026-05-28T16:00:00+0200,450.15,MW,BE,BE,forecast_offshore_wind_generation,Wind Offshore,2026-05-28T14:40:29Z
