collection_time_utc,collection_time_local,run_id,timestamp_utc,timestamp_local,value,unit,country,entsoe_area,variable,source,updated_at_utc
2026-06-25T11:25:56Z,2026-06-25T13:25:56+0200,aad9710e-10ca-4c9d-9467-7720556f4b2e,2026-05-25T12:00:00Z,2026-05-25T14:00:00+0200,49126.67446,MW,DE,DE_LU,forecast_solar_generation,Solar,2026-06-25T11:27:13Z
2026-06-25T11:25:56Z,2026-06-25T13:25:56+0200,aad9710e-10ca-4c9d-9467-7720556f4b2e,2026-05-25T12:15:00Z,2026-05-25T14:15:00+0200,48623.48593,MW,DE,DE_LU,forecast_solar_generation,Solar,2026-06-25T11:27:13Z
2026-06-25T11:25:56Z,2026-06-25T13:25:56+0200,aad9710e-10ca-4c9d-9467-7720556f4b2e,2026-05-25T12:30:00Z,2026-05-25T14:30:00+0200,47868.2432,MW,DE,DE_LU,forecast_solar_generation,Solar,2026-06-25T11:27:13Z
2026-06-25T11:25:56Z,2026-06-25T13:25:56+0200,aad9710e-10ca-4c9d-9467-7720556f4b2e,2026-05-25T12:45:00Z,2026-05-25T14:45:00+0200,46935.06374,MW,DE,DE_LU,forecast_solar_generation,Solar,2026-06-25T11:27:13Z
2026-06-25T11:25:56Z,2026-06-25T13:25:56+0200,aad9710e-10ca-4c9d-9467-7720556f4b2e,2026-05-25T13:00:00Z,2026-05-25T15:00:00+0200,45884.52151,MW,DE,DE_LU,forecast_solar_generation,Solar,2026-06-25T11:27:13Z
2026-06-25T11:25:56Z,2026-06-25T13:25:56+0200,aad9710e-10ca-4c9d-9467-7720556f4b2e,2026-05-25T13:15:00Z,2026-05-25T15:15:00+0200,44794.52273,MW,DE,DE_LU,forecast_solar_generation,Solar,2026-06-25T11:27:13Z
2026-06-25T11:25:56Z,2026-06-25T13:25:56+0200,aad9710e-10ca-4c9d-9467-7720556f4b2e,2026-05-25T13:30:00Z,2026-05-25T15:30:00+0200,43522.39508,MW,DE,DE_LU,forecast_solar_generation,Solar,2026-06-25T11:27:13Z
2026-06-25T11:25:56Z,2026-06-25T13:25:56+0200,aad9710e-10ca-4c9d-9467-7720556f4b2e,2026-05-25T13:45:00Z,2026-05-25T15:45:00+0200,42275.39989,MW,DE,DE_LU,forecast_solar_generation,Solar,2026-06-25T11:27:13Z
2026-06-25T11:25:56Z,2026-06-25T13:25:56+0200,aad9710e-10ca-4c9d-9467-7720556f4b2e,2026-05-25T14:00:00Z,2026-05-25T16:00:00+0200,41000.55878,MW,DE,DE_LU,forecast_solar_generation,Solar,2026-06-25T11:27:13Z
2026-06-25T11:25:56Z,2026-06-25T13:25:56+0200,aad9710e-10ca-4c9d-9467-7720556f4b2e,2026-05-25T14:15:00Z,2026-05-25T16:15:00+0200,39654.85565,MW,DE,DE_LU,forecast_solar_generation,Solar,2026-06-25T11:27:13Z
2026-06-25T11:25:56Z,2026-06-25T13:25:56+0200,aad9710e-10ca-4c9d-9467-7720556f4b2e,2026-05-25T14:30:00Z,2026-05-25T16:30:00+0200,38251.60998,MW,DE,DE_LU,forecast_solar_generation,Solar,2026-06-25T11:27:13Z
2026-06-25T11:25:56Z,2026-06-25T13:25:56+0200,aad9710e-10ca-4c9d-9467-7720556f4b2e,2026-05-25T14:45:00Z,2026-05-25T16:45:00+0200,36637.15776,MW,DE,DE_LU,forecast_solar_generation,Solar,2026-06-25T11:27:13Z
2026-06-25T11:25:56Z,2026-06-25T13:25:56+0200,aad9710e-10ca-4c9d-9467-7720556f4b2e,2026-05-25T15:00:00Z,2026-05-25T17:00:00+0200,34741.62408,MW,DE,DE_LU,forecast_solar_generation,Solar,2026-06-25T11:27:13Z
2026-06-25T11:25:56Z,2026-06-25T13:25:56+0200,aad9710e-10ca-4c9d-9467-7720556f4b2e,2026-05-25T15:15:00Z,2026-05-25T17:15:00+0200,32182.93304,MW,DE,DE_LU,forecast_solar_generation,Solar,2026-06-25T11:27:13Z
2026-06-25T11:25:56Z,2026-06-25T13:25:56+0200,aad9710e-10ca-4c9d-9467-7720556f4b2e,2026-05-25T15:30:00Z,2026-05-25T17:30:00+0200,29217.9042,MW,DE,DE_LU,forecast_solar_generation,Solar,2026-06-25T11:27:13Z
2026-06-25T11:25:56Z,2026-06-25T13:25:56+0200,aad9710e-10ca-4c9d-9467-7720556f4b2e,2026-05-25T15:45:00Z,2026-05-25T17:45:00+0200,26111.67258,MW,DE,DE_LU,forecast_solar_generation,Solar,2026-06-25T11:27:13Z
2026-06-25T11:25:56Z,2026-06-25T13:25:56+0200,aad9710e-10ca-4c9d-9467-7720556f4b2e,2026-05-25T16:00:00Z,2026-05-25T18:00:00+0200,22970.93233,MW,DE,DE_LU,forecast_solar_generation,Solar,2026-06-25T11:27:13Z
2026-06-25T11:25:56Z,2026-06-25T13:25:56+0200,aad9710e-10ca-4c9d-9467-7720556f4b2e,2026-05-25T16:15:00Z,2026-05-25T18:15:00+0200,19798.71151,MW,DE,DE_LU,forecast_solar_generation,Solar,2026-06-25T11:27:13Z
2026-06-25T11:25:56Z,2026-06-25T13:25:56+0200,aad9710e-10ca-4c9d-9467-7720556f4b2e,2026-05-25T16:30:00Z,2026-05-25T18:30:00+0200,16687.44072,MW,DE,DE_LU,forecast_solar_generation,Solar,2026-06-25T11:27:13Z
2026-06-25T11:25:56Z,2026-06-25T13:25:56+0200,aad9710e-10ca-4c9d-9467-7720556f4b2e,2026-05-25T16:45:00Z,2026-05-25T18:45:00+0200,13709.23805,MW,DE,DE_LU,forecast_solar_generation,Solar,2026-06-25T11:27:13Z
2026-06-25T11:25:56Z,2026-06-25T13:25:56+0200,aad9710e-10ca-4c9d-9467-7720556f4b2e,2026-05-25T17:00:00Z,2026-05-25T19:00:00+0200,11019.11909,MW,DE,DE_LU,forecast_solar_generation,Solar,2026-06-25T11:27:13Z
2026-06-25T11:25:56Z,2026-06-25T13:25:56+0200,aad9710e-10ca-4c9d-9467-7720556f4b2e,2026-05-25T17:15:00Z,2026-05-25T19:15:00+0200,8625.86426,MW,DE,DE_LU,forecast_solar_generation,Solar,2026-06-25T11:27:13Z
2026-06-25T11:25:56Z,2026-06-25T13:25:56+0200,aad9710e-10ca-4c9d-9467-7720556f4b2e,2026-05-25T17:30:00Z,2026-05-25T19:30:00+0200,6611.05029,MW,DE,DE_LU,forecast_solar_generation,Solar,2026-06-25T11:27:13Z
2026-06-25T11:25:56Z,2026-06-25T13:25:56+0200,aad9710e-10ca-4c9d-9467-7720556f4b2e,2026-05-25T17:45:00Z,2026-05-25T19:45:00+0200,4935.05635,MW,DE,DE_LU,forecast_solar_generation,Solar,2026-06-25T11:27:13Z
2026-06-25T11:25:56Z,2026-06-25T13:25:56+0200,aad9710e-10ca-4c9d-9467-7720556f4b2e,2026-05-25T18:00:00Z,2026-05-25T20:00:00+0200,3529.35088,MW,DE,DE_LU,forecast_solar_generation,Solar,2026-06-25T11:27:13Z
2026-06-25T11:25:56Z,2026-06-25T13:25:56+0200,aad9710e-10ca-4c9d-9467-7720556f4b2e,2026-05-25T18:15:00Z,2026-05-25T20:15:00+0200,2352.23783,MW,DE,DE_LU,forecast_solar_generation,Solar,2026-06-25T11:27:13Z
2026-06-25T11:25:56Z,2026-06-25T13:25:56+0200,aad9710e-10ca-4c9d-9467-7720556f4b2e,2026-05-25T18:30:00Z,2026-05-25T20:30:00+0200,1384.81308,MW,DE,DE_LU,forecast_solar_generation,Solar,2026-06-25T11:27:13Z
2026-06-25T11:25:56Z,2026-06-25T13:25:56+0200,aad9710e-10ca-4c9d-9467-7720556f4b2e,2026-05-25T18:45:00Z,2026-05-25T20:45:00+0200,622.76362,MW,DE,DE_LU,forecast_solar_generation,Solar,2026-06-25T11:27:13Z
2026-06-25T11:25:56Z,2026-06-25T13:25:56+0200,aad9710e-10ca-4c9d-9467-7720556f4b2e,2026-05-25T19:00:00Z,2026-05-25T21:00:00+0200,176.16072,MW,DE,DE_LU,forecast_solar_generation,Solar,2026-06-25T11:27:13Z
2026-06-25T11:25:56Z,2026-06-25T13:25:56+0200,aad9710e-10ca-4c9d-9467-7720556f4b2e,2026-05-25T19:15:00Z,2026-05-25T21:15:00+0200,45.2828,MW,DE,DE_LU,forecast_solar_generation,Solar,2026-06-25T11:27:13Z
2026-06-25T11:25:56Z,2026-06-25T13:25:56+0200,aad9710e-10ca-4c9d-9467-7720556f4b2e,2026-05-25T19:30:00Z,2026-05-25T21:30:00+0200,13.09735,MW,DE,DE_LU,forecast_solar_generation,Solar,2026-06-25T11:27:13Z
2026-06-25T11:25:56Z,2026-06-25T13:25:56+0200,aad9710e-10ca-4c9d-9467-7720556f4b2e,2026-05-25T19:45:00Z,2026-05-25T21:45:00+0200,0.0,MW,DE,DE_LU,forecast_solar_generation,Solar,2026-06-25T11:27:13Z
2026-06-25T11:25:56Z,2026-06-25T13:25:56+0200,aad9710e-10ca-4c9d-9467-7720556f4b2e,2026-05-25T20:00:00Z,2026-05-25T22:00:00+0200,0.0,MW,DE,DE_LU,forecast_solar_generation,Solar,2026-06-25T11:27:13Z
2026-06-25T11:25:56Z,2026-06-25T13:25:56+0200,aad9710e-10ca-4c9d-9467-7720556f4b2e,2026-05-25T20:15:00Z,2026-05-25T22:15:00+0200,0.0,MW,DE,DE_LU,forecast_solar_generation,Solar,2026-06-25T11:27:13Z
2026-06-25T11:25:56Z,2026-06-25T13:25:56+0200,aad9710e-10ca-4c9d-9467-7720556f4b2e,2026-05-25T20:30:00Z,2026-05-25T22:30:00+0200,0.0,MW,DE,DE_LU,forecast_solar_generation,Solar,2026-06-25T11:27:13Z
2026-06-25T11:25:56Z,2026-06-25T13:25:56+0200,aad9710e-10ca-4c9d-9467-7720556f4b2e,2026-05-25T20:45:00Z,2026-05-25T22:45:00+0200,0.0,MW,DE,DE_LU,forecast_solar_generation,Solar,2026-06-25T11:27:13Z
2026-06-25T11:25:56Z,2026-06-25T13:25:56+0200,aad9710e-10ca-4c9d-9467-7720556f4b2e,2026-05-25T21:00:00Z,2026-05-25T23:00:00+0200,0.0,MW,DE,DE_LU,forecast_solar_generation,Solar,2026-06-25T11:27:13Z
2026-06-25T11:25:56Z,2026-06-25T13:25:56+0200,aad9710e-10ca-4c9d-9467-7720556f4b2e,2026-05-25T21:15:00Z,2026-05-25T23:15:00+0200,0.0,MW,DE,DE_LU,forecast_solar_generation,Solar,2026-06-25T11:27:13Z
2026-06-25T11:25:56Z,2026-06-25T13:25:56+0200,aad9710e-10ca-4c9d-9467-7720556f4b2e,2026-05-25T21:30:00Z,2026-05-25T23:30:00+0200,0.0,MW,DE,DE_LU,forecast_solar_generation,Solar,2026-06-25T11:27:13Z
2026-06-25T11:25:56Z,2026-06-25T13:25:56+0200,aad9710e-10ca-4c9d-9467-7720556f4b2e,2026-05-25T21:45:00Z,2026-05-25T23:45:00+0200,0.0,MW,DE,DE_LU,forecast_solar_generation,Solar,2026-06-25T11:27:13Z
2026-06-25T11:25:56Z,2026-06-25T13:25:56+0200,aad9710e-10ca-4c9d-9467-7720556f4b2e,2026-05-25T22:00:00Z,2026-05-26T00:00:00+0200,0.0,MW,DE,DE_LU,forecast_solar_generation,Solar,2026-06-25T11:27:13Z
2026-06-25T11:25:56Z,2026-06-25T13:25:56+0200,aad9710e-10ca-4c9d-9467-7720556f4b2e,2026-05-25T22:15:00Z,2026-05-26T00:15:00+0200,0.0,MW,DE,DE_LU,forecast_solar_generation,Solar,2026-06-25T11:27:13Z
2026-06-25T11:25:56Z,2026-06-25T13:25:56+0200,aad9710e-10ca-4c9d-9467-7720556f4b2e,2026-05-25T22:30:00Z,2026-05-26T00:30:00+0200,0.0,MW,DE,DE_LU,forecast_solar_generation,Solar,2026-06-25T11:27:13Z
2026-06-25T11:25:56Z,2026-06-25T13:25:56+0200,aad9710e-10ca-4c9d-9467-7720556f4b2e,2026-05-25T22:45:00Z,2026-05-26T00:45:00+0200,0.0,MW,DE,DE_LU,forecast_solar_generation,Solar,2026-06-25T11:27:13Z
2026-06-25T11:25:56Z,2026-06-25T13:25:56+0200,aad9710e-10ca-4c9d-9467-7720556f4b2e,2026-05-25T23:00:00Z,2026-05-26T01:00:00+0200,0.0,MW,DE,DE_LU,forecast_solar_generation,Solar,2026-06-25T11:27:13Z
2026-06-25T11:25:56Z,2026-06-25T13:25:56+0200,aad9710e-10ca-4c9d-9467-7720556f4b2e,2026-05-25T23:15:00Z,2026-05-26T01:15:00+0200,0.0,MW,DE,DE_LU,forecast_solar_generation,Solar,2026-06-25T11:27:13Z
2026-06-25T11:25:56Z,2026-06-25T13:25:56+0200,aad9710e-10ca-4c9d-9467-7720556f4b2e,2026-05-25T23:30:00Z,2026-05-26T01:30:00+0200,0.0,MW,DE,DE_LU,forecast_solar_generation,Solar,2026-06-25T11:27:13Z
2026-06-25T11:25:56Z,2026-06-25T13:25:56+0200,aad9710e-10ca-4c9d-9467-7720556f4b2e,2026-05-25T23:45:00Z,2026-05-26T01:45:00+0200,0.0,MW,DE,DE_LU,forecast_solar_generation,Solar,2026-06-25T11:27:13Z
2026-06-25T11:25:56Z,2026-06-25T13:25:56+0200,aad9710e-10ca-4c9d-9467-7720556f4b2e,2026-05-26T00:00:00Z,2026-05-26T02:00:00+0200,0.0,MW,DE,DE_LU,forecast_solar_generation,Solar,2026-06-25T11:27:13Z
2026-06-25T11:25:56Z,2026-06-25T13:25:56+0200,aad9710e-10ca-4c9d-9467-7720556f4b2e,2026-05-26T00:15:00Z,2026-05-26T02:15:00+0200,0.0,MW,DE,DE_LU,forecast_solar_generation,Solar,2026-06-25T11:27:13Z
2026-06-25T11:25:56Z,2026-06-25T13:25:56+0200,aad9710e-10ca-4c9d-9467-7720556f4b2e,2026-05-26T00:30:00Z,2026-05-26T02:30:00+0200,0.0,MW,DE,DE_LU,forecast_solar_generation,Solar,2026-06-25T11:27:13Z
2026-06-25T11:25:56Z,2026-06-25T13:25:56+0200,aad9710e-10ca-4c9d-9467-7720556f4b2e,2026-05-26T00:45:00Z,2026-05-26T02:45:00+0200,0.0,MW,DE,DE_LU,forecast_solar_generation,Solar,2026-06-25T11:27:13Z
2026-06-25T11:25:56Z,2026-06-25T13:25:56+0200,aad9710e-10ca-4c9d-9467-7720556f4b2e,2026-05-26T01:00:00Z,2026-05-26T03:00:00+0200,0.0,MW,DE,DE_LU,forecast_solar_generation,Solar,2026-06-25T11:27:13Z
2026-06-25T11:25:56Z,2026-06-25T13:25:56+0200,aad9710e-10ca-4c9d-9467-7720556f4b2e,2026-05-26T01:15:00Z,2026-05-26T03:15:00+0200,0.0,MW,DE,DE_LU,forecast_solar_generation,Solar,2026-06-25T11:27:13Z
2026-06-25T11:25:56Z,2026-06-25T13:25:56+0200,aad9710e-10ca-4c9d-9467-7720556f4b2e,2026-05-26T01:30:00Z,2026-05-26T03:30:00+0200,0.0,MW,DE,DE_LU,forecast_solar_generation,Solar,2026-06-25T11:27:13Z
2026-06-25T11:25:56Z,2026-06-25T13:25:56+0200,aad9710e-10ca-4c9d-9467-7720556f4b2e,2026-05-26T01:45:00Z,2026-05-26T03:45:00+0200,0.0,MW,DE,DE_LU,forecast_solar_generation,Solar,2026-06-25T11:27:13Z
2026-06-25T11:25:56Z,2026-06-25T13:25:56+0200,aad9710e-10ca-4c9d-9467-7720556f4b2e,2026-05-26T02:00:00Z,2026-05-26T04:00:00+0200,0.0,MW,DE,DE_LU,forecast_solar_generation,Solar,2026-06-25T11:27:13Z
2026-06-25T11:25:56Z,2026-06-25T13:25:56+0200,aad9710e-10ca-4c9d-9467-7720556f4b2e,2026-05-26T02:15:00Z,2026-05-26T04:15:00+0200,0.0,MW,DE,DE_LU,forecast_solar_generation,Solar,2026-06-25T11:27:13Z
2026-06-25T11:25:56Z,2026-06-25T13:25:56+0200,aad9710e-10ca-4c9d-9467-7720556f4b2e,2026-05-26T02:30:00Z,2026-05-26T04:30:00+0200,0.0,MW,DE,DE_LU,forecast_solar_generation,Solar,2026-06-25T11:27:13Z
2026-06-25T11:25:56Z,2026-06-25T13:25:56+0200,aad9710e-10ca-4c9d-9467-7720556f4b2e,2026-05-26T02:45:00Z,2026-05-26T04:45:00+0200,2.32,MW,DE,DE_LU,forecast_solar_generation,Solar,2026-06-25T11:27:13Z
2026-06-25T11:25:56Z,2026-06-25T13:25:56+0200,aad9710e-10ca-4c9d-9467-7720556f4b2e,2026-05-26T03:00:00Z,2026-05-26T05:00:00+0200,65.92499,MW,DE,DE_LU,forecast_solar_generation,Solar,2026-06-25T11:27:13Z
2026-06-25T11:25:56Z,2026-06-25T13:25:56+0200,aad9710e-10ca-4c9d-9467-7720556f4b2e,2026-05-26T03:15:00Z,2026-05-26T05:15:00+0200,266.61535,MW,DE,DE_LU,forecast_solar_generation,Solar,2026-06-25T11:27:13Z
2026-06-25T11:25:56Z,2026-06-25T13:25:56+0200,aad9710e-10ca-4c9d-9467-7720556f4b2e,2026-05-26T03:30:00Z,2026-05-26T05:30:00+0200,661.09556,MW,DE,DE_LU,forecast_solar_generation,Solar,2026-06-25T11:27:13Z
2026-06-25T11:25:56Z,2026-06-25T13:25:56+0200,aad9710e-10ca-4c9d-9467-7720556f4b2e,2026-05-26T03:45:00Z,2026-05-26T05:45:00+0200,1332.48076,MW,DE,DE_LU,forecast_solar_generation,Solar,2026-06-25T11:27:13Z
2026-06-25T11:25:56Z,2026-06-25T13:25:56+0200,aad9710e-10ca-4c9d-9467-7720556f4b2e,2026-05-26T04:00:00Z,2026-05-26T06:00:00+0200,2322.14417,MW,DE,DE_LU,forecast_solar_generation,Solar,2026-06-25T11:27:13Z
2026-06-25T11:25:56Z,2026-06-25T13:25:56+0200,aad9710e-10ca-4c9d-9467-7720556f4b2e,2026-05-26T04:15:00Z,2026-05-26T06:15:00+0200,3580.52954,MW,DE,DE_LU,forecast_solar_generation,Solar,2026-06-25T11:27:13Z
2026-06-25T11:25:56Z,2026-06-25T13:25:56+0200,aad9710e-10ca-4c9d-9467-7720556f4b2e,2026-05-26T04:30:00Z,2026-05-26T06:30:00+0200,5091.4444,MW,DE,DE_LU,forecast_solar_generation,Solar,2026-06-25T11:27:13Z
2026-06-25T11:25:56Z,2026-06-25T13:25:56+0200,aad9710e-10ca-4c9d-9467-7720556f4b2e,2026-05-26T04:45:00Z,2026-05-26T06:45:00+0200,6898.41944,MW,DE,DE_LU,forecast_solar_generation,Solar,2026-06-25T11:27:13Z
2026-06-25T11:25:56Z,2026-06-25T13:25:56+0200,aad9710e-10ca-4c9d-9467-7720556f4b2e,2026-05-26T05:00:00Z,2026-05-26T07:00:00+0200,9068.21954,MW,DE,DE_LU,forecast_solar_generation,Solar,2026-06-25T11:27:13Z
2026-06-25T11:25:56Z,2026-06-25T13:25:56+0200,aad9710e-10ca-4c9d-9467-7720556f4b2e,2026-05-26T05:15:00Z,2026-05-26T07:15:00+0200,11619.33391,MW,DE,DE_LU,forecast_solar_generation,Solar,2026-06-25T11:27:13Z
2026-06-25T11:25:56Z,2026-06-25T13:25:56+0200,aad9710e-10ca-4c9d-9467-7720556f4b2e,2026-05-26T05:30:00Z,2026-05-26T07:30:00+0200,14473.91896,MW,DE,DE_LU,forecast_solar_generation,Solar,2026-06-25T11:27:13Z
2026-06-25T11:25:56Z,2026-06-25T13:25:56+0200,aad9710e-10ca-4c9d-9467-7720556f4b2e,2026-05-26T05:45:00Z,2026-05-26T07:45:00+0200,17523.86252,MW,DE,DE_LU,forecast_solar_generation,Solar,2026-06-25T11:27:13Z
2026-06-25T11:25:56Z,2026-06-25T13:25:56+0200,aad9710e-10ca-4c9d-9467-7720556f4b2e,2026-05-26T06:00:00Z,2026-05-26T08:00:00+0200,20662.45508,MW,DE,DE_LU,forecast_solar_generation,Solar,2026-06-25T11:27:13Z
2026-06-25T11:25:56Z,2026-06-25T13:25:56+0200,aad9710e-10ca-4c9d-9467-7720556f4b2e,2026-05-26T06:15:00Z,2026-05-26T08:15:00+0200,23849.33369,MW,DE,DE_LU,forecast_solar_generation,Solar,2026-06-25T11:27:13Z
2026-06-25T11:25:56Z,2026-06-25T13:25:56+0200,aad9710e-10ca-4c9d-9467-7720556f4b2e,2026-05-26T06:30:00Z,2026-05-26T08:30:00+0200,27007.94984,MW,DE,DE_LU,forecast_solar_generation,Solar,2026-06-25T11:27:13Z
2026-06-25T11:25:56Z,2026-06-25T13:25:56+0200,aad9710e-10ca-4c9d-9467-7720556f4b2e,2026-05-26T06:45:00Z,2026-05-26T08:45:00+0200,30061.3201,MW,DE,DE_LU,forecast_solar_generation,Solar,2026-06-25T11:27:13Z
2026-06-25T11:25:56Z,2026-06-25T13:25:56+0200,aad9710e-10ca-4c9d-9467-7720556f4b2e,2026-05-26T07:00:00Z,2026-05-26T09:00:00+0200,32996.48889,MW,DE,DE_LU,forecast_solar_generation,Solar,2026-06-25T11:27:13Z
2026-06-25T11:25:56Z,2026-06-25T13:25:56+0200,aad9710e-10ca-4c9d-9467-7720556f4b2e,2026-05-26T07:15:00Z,2026-05-26T09:15:00+0200,35840.53935,MW,DE,DE_LU,forecast_solar_generation,Solar,2026-06-25T11:27:13Z
2026-06-25T11:25:56Z,2026-06-25T13:25:56+0200,aad9710e-10ca-4c9d-9467-7720556f4b2e,2026-05-26T07:30:00Z,2026-05-26T09:30:00+0200,38535.57899,MW,DE,DE_LU,forecast_solar_generation,Solar,2026-06-25T11:27:13Z
2026-06-25T11:25:56Z,2026-06-25T13:25:56+0200,aad9710e-10ca-4c9d-9467-7720556f4b2e,2026-05-26T07:45:00Z,2026-05-26T09:45:00+0200,40998.03669,MW,DE,DE_LU,forecast_solar_generation,Solar,2026-06-25T11:27:13Z
2026-06-25T11:25:56Z,2026-06-25T13:25:56+0200,aad9710e-10ca-4c9d-9467-7720556f4b2e,2026-05-26T08:00:00Z,2026-05-26T10:00:00+0200,43230.25777,MW,DE,DE_LU,forecast_solar_generation,Solar,2026-06-25T11:27:13Z
2026-06-25T11:25:56Z,2026-06-25T13:25:56+0200,aad9710e-10ca-4c9d-9467-7720556f4b2e,2026-05-26T08:15:00Z,2026-05-26T10:15:00+0200,45208.27528,MW,DE,DE_LU,forecast_solar_generation,Solar,2026-06-25T11:27:13Z
2026-06-25T11:25:56Z,2026-06-25T13:25:56+0200,aad9710e-10ca-4c9d-9467-7720556f4b2e,2026-05-26T08:30:00Z,2026-05-26T10:30:00+0200,46992.21281,MW,DE,DE_LU,forecast_solar_generation,Solar,2026-06-25T11:27:13Z
2026-06-25T11:25:56Z,2026-06-25T13:25:56+0200,aad9710e-10ca-4c9d-9467-7720556f4b2e,2026-05-26T08:45:00Z,2026-05-26T10:45:00+0200,48615.24166,MW,DE,DE_LU,forecast_solar_generation,Solar,2026-06-25T11:27:13Z
2026-06-25T11:25:56Z,2026-06-25T13:25:56+0200,aad9710e-10ca-4c9d-9467-7720556f4b2e,2026-05-26T09:00:00Z,2026-05-26T11:00:00+0200,50026.59357,MW,DE,DE_LU,forecast_solar_generation,Solar,2026-06-25T11:27:13Z
2026-06-25T11:25:56Z,2026-06-25T13:25:56+0200,aad9710e-10ca-4c9d-9467-7720556f4b2e,2026-05-26T09:15:00Z,2026-05-26T11:15:00+0200,51259.92989,MW,DE,DE_LU,forecast_solar_generation,Solar,2026-06-25T11:27:13Z
2026-06-25T11:25:56Z,2026-06-25T13:25:56+0200,aad9710e-10ca-4c9d-9467-7720556f4b2e,2026-05-26T09:30:00Z,2026-05-26T11:30:00+0200,52307.16722,MW,DE,DE_LU,forecast_solar_generation,Solar,2026-06-25T11:27:13Z
2026-06-25T11:25:56Z,2026-06-25T13:25:56+0200,aad9710e-10ca-4c9d-9467-7720556f4b2e,2026-05-26T09:45:00Z,2026-05-26T11:45:00+0200,53011.62084,MW,DE,DE_LU,forecast_solar_generation,Solar,2026-06-25T11:27:13Z
2026-06-25T11:25:56Z,2026-06-25T13:25:56+0200,aad9710e-10ca-4c9d-9467-7720556f4b2e,2026-05-26T10:00:00Z,2026-05-26T12:00:00+0200,53460.26442,MW,DE,DE_LU,forecast_solar_generation,Solar,2026-06-25T11:27:13Z
2026-06-25T11:25:56Z,2026-06-25T13:25:56+0200,aad9710e-10ca-4c9d-9467-7720556f4b2e,2026-05-26T10:15:00Z,2026-05-26T12:15:00+0200,53782.93412,MW,DE,DE_LU,forecast_solar_generation,Solar,2026-06-25T11:27:13Z
2026-06-25T11:25:56Z,2026-06-25T13:25:56+0200,aad9710e-10ca-4c9d-9467-7720556f4b2e,2026-05-26T10:30:00Z,2026-05-26T12:30:00+0200,53966.36204,MW,DE,DE_LU,forecast_solar_generation,Solar,2026-06-25T11:27:13Z
2026-06-25T11:25:56Z,2026-06-25T13:25:56+0200,aad9710e-10ca-4c9d-9467-7720556f4b2e,2026-05-26T10:45:00Z,2026-05-26T12:45:00+0200,54045.18884,MW,DE,DE_LU,forecast_solar_generation,Solar,2026-06-25T11:27:13Z
2026-06-25T11:25:56Z,2026-06-25T13:25:56+0200,aad9710e-10ca-4c9d-9467-7720556f4b2e,2026-05-26T11:00:00Z,2026-05-26T13:00:00+0200,53983.01662,MW,DE,DE_LU,forecast_solar_generation,Solar,2026-06-25T11:27:13Z
2026-06-25T11:25:56Z,2026-06-25T13:25:56+0200,aad9710e-10ca-4c9d-9467-7720556f4b2e,2026-05-26T11:15:00Z,2026-05-26T13:15:00+0200,53855.18522,MW,DE,DE_LU,forecast_solar_generation,Solar,2026-06-25T11:27:13Z
2026-06-25T11:25:56Z,2026-06-25T13:25:56+0200,aad9710e-10ca-4c9d-9467-7720556f4b2e,2026-05-26T11:30:00Z,2026-05-26T13:30:00+0200,53548.08739,MW,DE,DE_LU,forecast_solar_generation,Solar,2026-06-25T11:27:13Z
2026-06-25T11:25:56Z,2026-06-25T13:25:56+0200,aad9710e-10ca-4c9d-9467-7720556f4b2e,2026-05-26T11:45:00Z,2026-05-26T13:45:00+0200,53148.55237,MW,DE,DE_LU,forecast_solar_generation,Solar,2026-06-25T11:27:13Z
2026-06-25T11:25:56Z,2026-06-25T13:25:56+0200,aad9710e-10ca-4c9d-9467-7720556f4b2e,2026-05-26T12:00:00Z,2026-05-26T14:00:00+0200,52677.97396,MW,DE,DE_LU,forecast_solar_generation,Solar,2026-06-25T11:27:13Z
2026-06-25T11:25:56Z,2026-06-25T13:25:56+0200,aad9710e-10ca-4c9d-9467-7720556f4b2e,2026-05-26T12:15:00Z,2026-05-26T14:15:00+0200,52052.73524,MW,DE,DE_LU,forecast_solar_generation,Solar,2026-06-25T11:27:13Z
2026-06-25T11:25:56Z,2026-06-25T13:25:56+0200,aad9710e-10ca-4c9d-9467-7720556f4b2e,2026-05-26T12:30:00Z,2026-05-26T14:30:00+0200,51339.59754,MW,DE,DE_LU,forecast_solar_generation,Solar,2026-06-25T11:27:13Z
2026-06-25T11:25:56Z,2026-06-25T13:25:56+0200,aad9710e-10ca-4c9d-9467-7720556f4b2e,2026-05-26T12:45:00Z,2026-05-26T14:45:00+0200,50277.09196,MW,DE,DE_LU,forecast_solar_generation,Solar,2026-06-25T11:27:13Z
2026-06-25T11:25:56Z,2026-06-25T13:25:56+0200,aad9710e-10ca-4c9d-9467-7720556f4b2e,2026-05-26T13:00:00Z,2026-05-26T15:00:00+0200,49006.45929,MW,DE,DE_LU,forecast_solar_generation,Solar,2026-06-25T11:27:13Z
2026-06-25T11:25:56Z,2026-06-25T13:25:56+0200,aad9710e-10ca-4c9d-9467-7720556f4b2e,2026-05-26T13:15:00Z,2026-05-26T15:15:00+0200,47744.8142,MW,DE,DE_LU,forecast_solar_generation,Solar,2026-06-25T11:27:13Z
2026-06-25T11:25:56Z,2026-06-25T13:25:56+0200,aad9710e-10ca-4c9d-9467-7720556f4b2e,2026-05-26T13:30:00Z,2026-05-26T15:30:00+0200,46465.01848,MW,DE,DE_LU,forecast_solar_generation,Solar,2026-06-25T11:27:13Z
2026-06-25T11:25:56Z,2026-06-25T13:25:56+0200,aad9710e-10ca-4c9d-9467-7720556f4b2e,2026-05-26T13:45:00Z,2026-05-26T15:45:00+0200,44797.21821,MW,DE,DE_LU,forecast_solar_generation,Solar,2026-06-25T11:27:13Z
2026-06-25T11:25:56Z,2026-06-25T13:25:56+0200,aad9710e-10ca-4c9d-9467-7720556f4b2e,2026-05-26T14:00:00Z,2026-05-26T16:00:00+0200,43019.18264,MW,DE,DE_LU,forecast_solar_generation,Solar,2026-06-25T11:27:13Z
2026-06-25T11:25:56Z,2026-06-25T13:25:56+0200,aad9710e-10ca-4c9d-9467-7720556f4b2e,2026-05-26T14:15:00Z,2026-05-26T16:15:00+0200,41070.98451,MW,DE,DE_LU,forecast_solar_generation,Solar,2026-06-25T11:27:13Z
2026-06-25T11:25:56Z,2026-06-25T13:25:56+0200,aad9710e-10ca-4c9d-9467-7720556f4b2e,2026-05-26T14:30:00Z,2026-05-26T16:30:00+0200,38882.75221,MW,DE,DE_LU,forecast_solar_generation,Solar,2026-06-25T11:27:13Z
2026-06-25T11:25:56Z,2026-06-25T13:25:56+0200,aad9710e-10ca-4c9d-9467-7720556f4b2e,2026-05-26T14:45:00Z,2026-05-26T16:45:00+0200,36484.03852,MW,DE,DE_LU,forecast_solar_generation,Solar,2026-06-25T11:27:13Z
2026-06-25T11:25:56Z,2026-06-25T13:25:56+0200,aad9710e-10ca-4c9d-9467-7720556f4b2e,2026-05-26T15:00:00Z,2026-05-26T17:00:00+0200,33946.598,MW,DE,DE_LU,forecast_solar_generation,Solar,2026-06-25T11:27:13Z
2026-06-25T11:25:56Z,2026-06-25T13:25:56+0200,aad9710e-10ca-4c9d-9467-7720556f4b2e,2026-05-26T15:15:00Z,2026-05-26T17:15:00+0200,31208.77081,MW,DE,DE_LU,forecast_solar_generation,Solar,2026-06-25T11:27:13Z
2026-06-25T11:25:56Z,2026-06-25T13:25:56+0200,aad9710e-10ca-4c9d-9467-7720556f4b2e,2026-05-26T15:30:00Z,2026-05-26T17:30:00+0200,28288.75515,MW,DE,DE_LU,forecast_solar_generation,Solar,2026-06-25T11:27:13Z
2026-06-25T11:25:56Z,2026-06-25T13:25:56+0200,aad9710e-10ca-4c9d-9467-7720556f4b2e,2026-05-26T15:45:00Z,2026-05-26T17:45:00+0200,25261.70195,MW,DE,DE_LU,forecast_solar_generation,Solar,2026-06-25T11:27:13Z
2026-06-25T11:25:56Z,2026-06-25T13:25:56+0200,aad9710e-10ca-4c9d-9467-7720556f4b2e,2026-05-26T16:00:00Z,2026-05-26T18:00:00+0200,22206.38066,MW,DE,DE_LU,forecast_solar_generation,Solar,2026-06-25T11:27:13Z
2026-06-25T11:25:56Z,2026-06-25T13:25:56+0200,aad9710e-10ca-4c9d-9467-7720556f4b2e,2026-05-26T16:15:00Z,2026-05-26T18:15:00+0200,19136.47153,MW,DE,DE_LU,forecast_solar_generation,Solar,2026-06-25T11:27:13Z
2026-06-25T11:25:56Z,2026-06-25T13:25:56+0200,aad9710e-10ca-4c9d-9467-7720556f4b2e,2026-05-26T16:30:00Z,2026-05-26T18:30:00+0200,16124.24996,MW,DE,DE_LU,forecast_solar_generation,Solar,2026-06-25T11:27:13Z
2026-06-25T11:25:56Z,2026-06-25T13:25:56+0200,aad9710e-10ca-4c9d-9467-7720556f4b2e,2026-05-26T16:45:00Z,2026-05-26T18:45:00+0200,13254.77332,MW,DE,DE_LU,forecast_solar_generation,Solar,2026-06-25T11:27:13Z
2026-06-25T11:25:56Z,2026-06-25T13:25:56+0200,aad9710e-10ca-4c9d-9467-7720556f4b2e,2026-05-26T17:00:00Z,2026-05-26T19:00:00+0200,10658.46683,MW,DE,DE_LU,forecast_solar_generation,Solar,2026-06-25T11:27:13Z
2026-06-25T11:25:56Z,2026-06-25T13:25:56+0200,aad9710e-10ca-4c9d-9467-7720556f4b2e,2026-05-26T17:15:00Z,2026-05-26T19:15:00+0200,8353.59856,MW,DE,DE_LU,forecast_solar_generation,Solar,2026-06-25T11:27:13Z
2026-06-25T11:25:56Z,2026-06-25T13:25:56+0200,aad9710e-10ca-4c9d-9467-7720556f4b2e,2026-05-26T17:30:00Z,2026-05-26T19:30:00+0200,6404.87038,MW,DE,DE_LU,forecast_solar_generation,Solar,2026-06-25T11:27:13Z
2026-06-25T11:25:56Z,2026-06-25T13:25:56+0200,aad9710e-10ca-4c9d-9467-7720556f4b2e,2026-05-26T17:45:00Z,2026-05-26T19:45:00+0200,4776.82361,MW,DE,DE_LU,forecast_solar_generation,Solar,2026-06-25T11:27:13Z
2026-06-25T11:25:56Z,2026-06-25T13:25:56+0200,aad9710e-10ca-4c9d-9467-7720556f4b2e,2026-05-26T18:00:00Z,2026-05-26T20:00:00+0200,3421.94914,MW,DE,DE_LU,forecast_solar_generation,Solar,2026-06-25T11:27:13Z
2026-06-25T11:25:56Z,2026-06-25T13:25:56+0200,aad9710e-10ca-4c9d-9467-7720556f4b2e,2026-05-26T18:15:00Z,2026-05-26T20:15:00+0200,2290.82306,MW,DE,DE_LU,forecast_solar_generation,Solar,2026-06-25T11:27:13Z
2026-06-25T11:25:56Z,2026-06-25T13:25:56+0200,aad9710e-10ca-4c9d-9467-7720556f4b2e,2026-05-26T18:30:00Z,2026-05-26T20:30:00+0200,1358.45793,MW,DE,DE_LU,forecast_solar_generation,Solar,2026-06-25T11:27:13Z
2026-06-25T11:25:56Z,2026-06-25T13:25:56+0200,aad9710e-10ca-4c9d-9467-7720556f4b2e,2026-05-26T18:45:00Z,2026-05-26T20:45:00+0200,620.73637,MW,DE,DE_LU,forecast_solar_generation,Solar,2026-06-25T11:27:13Z
2026-06-25T11:25:56Z,2026-06-25T13:25:56+0200,aad9710e-10ca-4c9d-9467-7720556f4b2e,2026-05-26T19:00:00Z,2026-05-26T21:00:00+0200,177.02304,MW,DE,DE_LU,forecast_solar_generation,Solar,2026-06-25T11:27:13Z
2026-06-25T11:25:56Z,2026-06-25T13:25:56+0200,aad9710e-10ca-4c9d-9467-7720556f4b2e,2026-05-26T19:15:00Z,2026-05-26T21:15:00+0200,42.33759,MW,DE,DE_LU,forecast_solar_generation,Solar,2026-06-25T11:27:13Z
2026-06-25T11:25:56Z,2026-06-25T13:25:56+0200,aad9710e-10ca-4c9d-9467-7720556f4b2e,2026-05-26T19:30:00Z,2026-05-26T21:30:00+0200,10.48216,MW,DE,DE_LU,forecast_solar_generation,Solar,2026-06-25T11:27:13Z
2026-06-25T11:25:56Z,2026-06-25T13:25:56+0200,aad9710e-10ca-4c9d-9467-7720556f4b2e,2026-05-26T19:45:00Z,2026-05-26T21:45:00+0200,1.187,MW,DE,DE_LU,forecast_solar_generation,Solar,2026-06-25T11:27:13Z
2026-06-25T11:25:56Z,2026-06-25T13:25:56+0200,aad9710e-10ca-4c9d-9467-7720556f4b2e,2026-05-26T20:00:00Z,2026-05-26T22:00:00+0200,0.0,MW,DE,DE_LU,forecast_solar_generation,Solar,2026-06-25T11:27:13Z
2026-06-25T11:25:56Z,2026-06-25T13:25:56+0200,aad9710e-10ca-4c9d-9467-7720556f4b2e,2026-05-26T20:15:00Z,2026-05-26T22:15:00+0200,0.0,MW,DE,DE_LU,forecast_solar_generation,Solar,2026-06-25T11:27:13Z
2026-06-25T11:25:56Z,2026-06-25T13:25:56+0200,aad9710e-10ca-4c9d-9467-7720556f4b2e,2026-05-26T20:30:00Z,2026-05-26T22:30:00+0200,0.0,MW,DE,DE_LU,forecast_solar_generation,Solar,2026-06-25T11:27:13Z
2026-06-25T11:25:56Z,2026-06-25T13:25:56+0200,aad9710e-10ca-4c9d-9467-7720556f4b2e,2026-05-26T20:45:00Z,2026-05-26T22:45:00+0200,0.0,MW,DE,DE_LU,forecast_solar_generation,Solar,2026-06-25T11:27:13Z
2026-06-25T11:25:56Z,2026-06-25T13:25:56+0200,aad9710e-10ca-4c9d-9467-7720556f4b2e,2026-05-26T21:00:00Z,2026-05-26T23:00:00+0200,0.0,MW,DE,DE_LU,forecast_solar_generation,Solar,2026-06-25T11:27:13Z
2026-06-25T11:25:56Z,2026-06-25T13:25:56+0200,aad9710e-10ca-4c9d-9467-7720556f4b2e,2026-05-26T21:15:00Z,2026-05-26T23:15:00+0200,0.0,MW,DE,DE_LU,forecast_solar_generation,Solar,2026-06-25T11:27:13Z
2026-06-25T11:25:56Z,2026-06-25T13:25:56+0200,aad9710e-10ca-4c9d-9467-7720556f4b2e,2026-05-26T21:30:00Z,2026-05-26T23:30:00+0200,0.0,MW,DE,DE_LU,forecast_solar_generation,Solar,2026-06-25T11:27:13Z
2026-06-25T11:25:56Z,2026-06-25T13:25:56+0200,aad9710e-10ca-4c9d-9467-7720556f4b2e,2026-05-26T21:45:00Z,2026-05-26T23:45:00+0200,0.0,MW,DE,DE_LU,forecast_solar_generation,Solar,2026-06-25T11:27:13Z
2026-06-25T11:25:56Z,2026-06-25T13:25:56+0200,aad9710e-10ca-4c9d-9467-7720556f4b2e,2026-05-26T22:00:00Z,2026-05-27T00:00:00+0200,0.0,MW,DE,DE_LU,forecast_solar_generation,Solar,2026-06-25T11:27:13Z
2026-06-25T11:25:56Z,2026-06-25T13:25:56+0200,aad9710e-10ca-4c9d-9467-7720556f4b2e,2026-05-26T22:15:00Z,2026-05-27T00:15:00+0200,0.0,MW,DE,DE_LU,forecast_solar_generation,Solar,2026-06-25T11:27:13Z
2026-06-25T11:25:56Z,2026-06-25T13:25:56+0200,aad9710e-10ca-4c9d-9467-7720556f4b2e,2026-05-26T22:30:00Z,2026-05-27T00:30:00+0200,0.0,MW,DE,DE_LU,forecast_solar_generation,Solar,2026-06-25T11:27:13Z
2026-06-25T11:25:56Z,2026-06-25T13:25:56+0200,aad9710e-10ca-4c9d-9467-7720556f4b2e,2026-05-26T22:45:00Z,2026-05-27T00:45:00+0200,0.0,MW,DE,DE_LU,forecast_solar_generation,Solar,2026-06-25T11:27:13Z
2026-06-25T11:25:56Z,2026-06-25T13:25:56+0200,aad9710e-10ca-4c9d-9467-7720556f4b2e,2026-05-26T23:00:00Z,2026-05-27T01:00:00+0200,0.0,MW,DE,DE_LU,forecast_solar_generation,Solar,2026-06-25T11:27:13Z
2026-06-25T11:25:56Z,2026-06-25T13:25:56+0200,aad9710e-10ca-4c9d-9467-7720556f4b2e,2026-05-26T23:15:00Z,2026-05-27T01:15:00+0200,0.0,MW,DE,DE_LU,forecast_solar_generation,Solar,2026-06-25T11:27:13Z
2026-06-25T11:25:56Z,2026-06-25T13:25:56+0200,aad9710e-10ca-4c9d-9467-7720556f4b2e,2026-05-26T23:30:00Z,2026-05-27T01:30:00+0200,0.0,MW,DE,DE_LU,forecast_solar_generation,Solar,2026-06-25T11:27:13Z
2026-06-25T11:25:56Z,2026-06-25T13:25:56+0200,aad9710e-10ca-4c9d-9467-7720556f4b2e,2026-05-26T23:45:00Z,2026-05-27T01:45:00+0200,0.0,MW,DE,DE_LU,forecast_solar_generation,Solar,2026-06-25T11:27:13Z
2026-06-25T11:25:56Z,2026-06-25T13:25:56+0200,aad9710e-10ca-4c9d-9467-7720556f4b2e,2026-05-27T00:00:00Z,2026-05-27T02:00:00+0200,0.0,MW,DE,DE_LU,forecast_solar_generation,Solar,2026-06-25T11:27:13Z
2026-06-25T11:25:56Z,2026-06-25T13:25:56+0200,aad9710e-10ca-4c9d-9467-7720556f4b2e,2026-05-27T00:15:00Z,2026-05-27T02:15:00+0200,0.0,MW,DE,DE_LU,forecast_solar_generation,Solar,2026-06-25T11:27:13Z
2026-06-25T11:25:56Z,2026-06-25T13:25:56+0200,aad9710e-10ca-4c9d-9467-7720556f4b2e,2026-05-27T00:30:00Z,2026-05-27T02:30:00+0200,0.0,MW,DE,DE_LU,forecast_solar_generation,Solar,2026-06-25T11:27:13Z
2026-06-25T11:25:56Z,2026-06-25T13:25:56+0200,aad9710e-10ca-4c9d-9467-7720556f4b2e,2026-05-27T00:45:00Z,2026-05-27T02:45:00+0200,0.0,MW,DE,DE_LU,forecast_solar_generation,Solar,2026-06-25T11:27:13Z
2026-06-25T11:25:56Z,2026-06-25T13:25:56+0200,aad9710e-10ca-4c9d-9467-7720556f4b2e,2026-05-27T01:00:00Z,2026-05-27T03:00:00+0200,0.0,MW,DE,DE_LU,forecast_solar_generation,Solar,2026-06-25T11:27:13Z
2026-06-25T11:25:56Z,2026-06-25T13:25:56+0200,aad9710e-10ca-4c9d-9467-7720556f4b2e,2026-05-27T01:15:00Z,2026-05-27T03:15:00+0200,0.0,MW,DE,DE_LU,forecast_solar_generation,Solar,2026-06-25T11:27:13Z
2026-06-25T11:25:56Z,2026-06-25T13:25:56+0200,aad9710e-10ca-4c9d-9467-7720556f4b2e,2026-05-27T01:30:00Z,2026-05-27T03:30:00+0200,0.0,MW,DE,DE_LU,forecast_solar_generation,Solar,2026-06-25T11:27:13Z
2026-06-25T11:25:56Z,2026-06-25T13:25:56+0200,aad9710e-10ca-4c9d-9467-7720556f4b2e,2026-05-27T01:45:00Z,2026-05-27T03:45:00+0200,0.0,MW,DE,DE_LU,forecast_solar_generation,Solar,2026-06-25T11:27:13Z
2026-06-25T11:25:56Z,2026-06-25T13:25:56+0200,aad9710e-10ca-4c9d-9467-7720556f4b2e,2026-05-27T02:00:00Z,2026-05-27T04:00:00+0200,0.0,MW,DE,DE_LU,forecast_solar_generation,Solar,2026-06-25T11:27:13Z
2026-06-25T11:25:56Z,2026-06-25T13:25:56+0200,aad9710e-10ca-4c9d-9467-7720556f4b2e,2026-05-27T02:15:00Z,2026-05-27T04:15:00+0200,0.0,MW,DE,DE_LU,forecast_solar_generation,Solar,2026-06-25T11:27:13Z
2026-06-25T11:25:56Z,2026-06-25T13:25:56+0200,aad9710e-10ca-4c9d-9467-7720556f4b2e,2026-05-27T02:30:00Z,2026-05-27T04:30:00+0200,0.0,MW,DE,DE_LU,forecast_solar_generation,Solar,2026-06-25T11:27:13Z
2026-06-25T11:25:56Z,2026-06-25T13:25:56+0200,aad9710e-10ca-4c9d-9467-7720556f4b2e,2026-05-27T02:45:00Z,2026-05-27T04:45:00+0200,3.62,MW,DE,DE_LU,forecast_solar_generation,Solar,2026-06-25T11:27:13Z
2026-06-25T11:25:56Z,2026-06-25T13:25:56+0200,aad9710e-10ca-4c9d-9467-7720556f4b2e,2026-05-27T03:00:00Z,2026-05-27T05:00:00+0200,84.31014,MW,DE,DE_LU,forecast_solar_generation,Solar,2026-06-25T11:27:13Z
2026-06-25T11:25:56Z,2026-06-25T13:25:56+0200,aad9710e-10ca-4c9d-9467-7720556f4b2e,2026-05-27T03:15:00Z,2026-05-27T05:15:00+0200,328.21072,MW,DE,DE_LU,forecast_solar_generation,Solar,2026-06-25T11:27:13Z
2026-06-25T11:25:56Z,2026-06-25T13:25:56+0200,aad9710e-10ca-4c9d-9467-7720556f4b2e,2026-05-27T03:30:00Z,2026-05-27T05:30:00+0200,755.10219,MW,DE,DE_LU,forecast_solar_generation,Solar,2026-06-25T11:27:13Z
2026-06-25T11:25:56Z,2026-06-25T13:25:56+0200,aad9710e-10ca-4c9d-9467-7720556f4b2e,2026-05-27T03:45:00Z,2026-05-27T05:45:00+0200,1435.10049,MW,DE,DE_LU,forecast_solar_generation,Solar,2026-06-25T11:27:13Z
2026-06-25T11:25:56Z,2026-06-25T13:25:56+0200,aad9710e-10ca-4c9d-9467-7720556f4b2e,2026-05-27T04:00:00Z,2026-05-27T06:00:00+0200,2415.01313,MW,DE,DE_LU,forecast_solar_generation,Solar,2026-06-25T11:27:13Z
2026-06-25T11:25:56Z,2026-06-25T13:25:56+0200,aad9710e-10ca-4c9d-9467-7720556f4b2e,2026-05-27T04:15:00Z,2026-05-27T06:15:00+0200,3653.07666,MW,DE,DE_LU,forecast_solar_generation,Solar,2026-06-25T11:27:13Z
2026-06-25T11:25:56Z,2026-06-25T13:25:56+0200,aad9710e-10ca-4c9d-9467-7720556f4b2e,2026-05-27T04:30:00Z,2026-05-27T06:30:00+0200,5132.4972,MW,DE,DE_LU,forecast_solar_generation,Solar,2026-06-25T11:27:13Z
2026-06-25T11:25:56Z,2026-06-25T13:25:56+0200,aad9710e-10ca-4c9d-9467-7720556f4b2e,2026-05-27T04:45:00Z,2026-05-27T06:45:00+0200,6903.85367,MW,DE,DE_LU,forecast_solar_generation,Solar,2026-06-25T11:27:13Z
2026-06-25T11:25:56Z,2026-06-25T13:25:56+0200,aad9710e-10ca-4c9d-9467-7720556f4b2e,2026-05-27T05:00:00Z,2026-05-27T07:00:00+0200,9018.4335,MW,DE,DE_LU,forecast_solar_generation,Solar,2026-06-25T11:27:13Z
2026-06-25T11:25:56Z,2026-06-25T13:25:56+0200,aad9710e-10ca-4c9d-9467-7720556f4b2e,2026-05-27T05:15:00Z,2026-05-27T07:15:00+0200,11492.83894,MW,DE,DE_LU,forecast_solar_generation,Solar,2026-06-25T11:27:13Z
2026-06-25T11:25:56Z,2026-06-25T13:25:56+0200,aad9710e-10ca-4c9d-9467-7720556f4b2e,2026-05-27T05:30:00Z,2026-05-27T07:30:00+0200,14242.25064,MW,DE,DE_LU,forecast_solar_generation,Solar,2026-06-25T11:27:13Z
2026-06-25T11:25:56Z,2026-06-25T13:25:56+0200,aad9710e-10ca-4c9d-9467-7720556f4b2e,2026-05-27T05:45:00Z,2026-05-27T07:45:00+0200,17175.80712,MW,DE,DE_LU,forecast_solar_generation,Solar,2026-06-25T11:27:13Z
2026-06-25T11:25:56Z,2026-06-25T13:25:56+0200,aad9710e-10ca-4c9d-9467-7720556f4b2e,2026-05-27T06:00:00Z,2026-05-27T08:00:00+0200,20191.84408,MW,DE,DE_LU,forecast_solar_generation,Solar,2026-06-25T11:27:13Z
2026-06-25T11:25:56Z,2026-06-25T13:25:56+0200,aad9710e-10ca-4c9d-9467-7720556f4b2e,2026-05-27T06:15:00Z,2026-05-27T08:15:00+0200,23254.16975,MW,DE,DE_LU,forecast_solar_generation,Solar,2026-06-25T11:27:13Z
2026-06-25T11:25:56Z,2026-06-25T13:25:56+0200,aad9710e-10ca-4c9d-9467-7720556f4b2e,2026-05-27T06:30:00Z,2026-05-27T08:30:00+0200,26307.79709,MW,DE,DE_LU,forecast_solar_generation,Solar,2026-06-25T11:27:13Z
2026-06-25T11:25:56Z,2026-06-25T13:25:56+0200,aad9710e-10ca-4c9d-9467-7720556f4b2e,2026-05-27T06:45:00Z,2026-05-27T08:45:00+0200,29278.82649,MW,DE,DE_LU,forecast_solar_generation,Solar,2026-06-25T11:27:13Z
2026-06-25T11:25:56Z,2026-06-25T13:25:56+0200,aad9710e-10ca-4c9d-9467-7720556f4b2e,2026-05-27T07:00:00Z,2026-05-27T09:00:00+0200,32144.7182,MW,DE,DE_LU,forecast_solar_generation,Solar,2026-06-25T11:27:13Z
2026-06-25T11:25:56Z,2026-06-25T13:25:56+0200,aad9710e-10ca-4c9d-9467-7720556f4b2e,2026-05-27T07:15:00Z,2026-05-27T09:15:00+0200,34911.93404,MW,DE,DE_LU,forecast_solar_generation,Solar,2026-06-25T11:27:13Z
2026-06-25T11:25:56Z,2026-06-25T13:25:56+0200,aad9710e-10ca-4c9d-9467-7720556f4b2e,2026-05-27T07:30:00Z,2026-05-27T09:30:00+0200,37569.54249,MW,DE,DE_LU,forecast_solar_generation,Solar,2026-06-25T11:27:13Z
2026-06-25T11:25:56Z,2026-06-25T13:25:56+0200,aad9710e-10ca-4c9d-9467-7720556f4b2e,2026-05-27T07:45:00Z,2026-05-27T09:45:00+0200,40033.80038,MW,DE,DE_LU,forecast_solar_generation,Solar,2026-06-25T11:27:13Z
2026-06-25T11:25:56Z,2026-06-25T13:25:56+0200,aad9710e-10ca-4c9d-9467-7720556f4b2e,2026-05-27T08:00:00Z,2026-05-27T10:00:00+0200,42235.06899,MW,DE,DE_LU,forecast_solar_generation,Solar,2026-06-25T11:27:13Z
2026-06-25T11:25:56Z,2026-06-25T13:25:56+0200,aad9710e-10ca-4c9d-9467-7720556f4b2e,2026-05-27T08:15:00Z,2026-05-27T10:15:00+0200,44200.13528,MW,DE,DE_LU,forecast_solar_generation,Solar,2026-06-25T11:27:13Z
2026-06-25T11:25:56Z,2026-06-25T13:25:56+0200,aad9710e-10ca-4c9d-9467-7720556f4b2e,2026-05-27T08:30:00Z,2026-05-27T10:30:00+0200,45960.15666,MW,DE,DE_LU,forecast_solar_generation,Solar,2026-06-25T11:27:13Z
2026-06-25T11:25:56Z,2026-06-25T13:25:56+0200,aad9710e-10ca-4c9d-9467-7720556f4b2e,2026-05-27T08:45:00Z,2026-05-27T10:45:00+0200,47552.13528,MW,DE,DE_LU,forecast_solar_generation,Solar,2026-06-25T11:27:13Z
2026-06-25T11:25:56Z,2026-06-25T13:25:56+0200,aad9710e-10ca-4c9d-9467-7720556f4b2e,2026-05-27T09:00:00Z,2026-05-27T11:00:00+0200,48945.90804,MW,DE,DE_LU,forecast_solar_generation,Solar,2026-06-25T11:27:13Z
2026-06-25T11:25:56Z,2026-06-25T13:25:56+0200,aad9710e-10ca-4c9d-9467-7720556f4b2e,2026-05-27T09:15:00Z,2026-05-27T11:15:00+0200,50146.18079,MW,DE,DE_LU,forecast_solar_generation,Solar,2026-06-25T11:27:13Z
2026-06-25T11:25:56Z,2026-06-25T13:25:56+0200,aad9710e-10ca-4c9d-9467-7720556f4b2e,2026-05-27T09:30:00Z,2026-05-27T11:30:00+0200,51154.0965,MW,DE,DE_LU,forecast_solar_generation,Solar,2026-06-25T11:27:13Z
2026-06-25T11:25:56Z,2026-06-25T13:25:56+0200,aad9710e-10ca-4c9d-9467-7720556f4b2e,2026-05-27T09:45:00Z,2026-05-27T11:45:00+0200,52009.83345,MW,DE,DE_LU,forecast_solar_generation,Solar,2026-06-25T11:27:13Z
2026-06-25T11:25:56Z,2026-06-25T13:25:56+0200,aad9710e-10ca-4c9d-9467-7720556f4b2e,2026-05-27T10:00:00Z,2026-05-27T12:00:00+0200,52515.8935,MW,DE,DE_LU,forecast_solar_generation,Solar,2026-06-25T11:27:13Z
2026-06-25T11:25:56Z,2026-06-25T13:25:56+0200,aad9710e-10ca-4c9d-9467-7720556f4b2e,2026-05-27T10:15:00Z,2026-05-27T12:15:00+0200,52767.28151,MW,DE,DE_LU,forecast_solar_generation,Solar,2026-06-25T11:27:13Z
2026-06-25T11:25:56Z,2026-06-25T13:25:56+0200,aad9710e-10ca-4c9d-9467-7720556f4b2e,2026-05-27T10:30:00Z,2026-05-27T12:30:00+0200,52876.46437,MW,DE,DE_LU,forecast_solar_generation,Solar,2026-06-25T11:27:13Z
2026-06-25T11:25:56Z,2026-06-25T13:25:56+0200,aad9710e-10ca-4c9d-9467-7720556f4b2e,2026-05-27T10:45:00Z,2026-05-27T12:45:00+0200,52825.40557,MW,DE,DE_LU,forecast_solar_generation,Solar,2026-06-25T11:27:13Z
2026-06-25T11:25:56Z,2026-06-25T13:25:56+0200,aad9710e-10ca-4c9d-9467-7720556f4b2e,2026-05-27T11:00:00Z,2026-05-27T13:00:00+0200,52766.41408,MW,DE,DE_LU,forecast_solar_generation,Solar,2026-06-25T11:27:13Z
2026-06-25T11:25:56Z,2026-06-25T13:25:56+0200,aad9710e-10ca-4c9d-9467-7720556f4b2e,2026-05-27T11:15:00Z,2026-05-27T13:15:00+0200,52631.62906,MW,DE,DE_LU,forecast_solar_generation,Solar,2026-06-25T11:27:13Z
2026-06-25T11:25:56Z,2026-06-25T13:25:56+0200,aad9710e-10ca-4c9d-9467-7720556f4b2e,2026-05-27T11:30:00Z,2026-05-27T13:30:00+0200,52449.55268,MW,DE,DE_LU,forecast_solar_generation,Solar,2026-06-25T11:27:13Z
2026-06-25T11:25:56Z,2026-06-25T13:25:56+0200,aad9710e-10ca-4c9d-9467-7720556f4b2e,2026-05-27T11:45:00Z,2026-05-27T13:45:00+0200,51964.46171,MW,DE,DE_LU,forecast_solar_generation,Solar,2026-06-25T11:27:13Z
2026-06-25T11:25:56Z,2026-06-25T13:25:56+0200,aad9710e-10ca-4c9d-9467-7720556f4b2e,2026-05-27T12:00:00Z,2026-05-27T14:00:00+0200,51435.55644,MW,DE,DE_LU,forecast_solar_generation,Solar,2026-06-25T11:27:13Z
2026-06-25T11:25:56Z,2026-06-25T13:25:56+0200,aad9710e-10ca-4c9d-9467-7720556f4b2e,2026-05-27T12:15:00Z,2026-05-27T14:15:00+0200,50905.05148,MW,DE,DE_LU,forecast_solar_generation,Solar,2026-06-25T11:27:13Z
2026-06-25T11:25:56Z,2026-06-25T13:25:56+0200,aad9710e-10ca-4c9d-9467-7720556f4b2e,2026-05-27T12:30:00Z,2026-05-27T14:30:00+0200,50032.90213,MW,DE,DE_LU,forecast_solar_generation,Solar,2026-06-25T11:27:13Z
2026-06-25T11:25:56Z,2026-06-25T13:25:56+0200,aad9710e-10ca-4c9d-9467-7720556f4b2e,2026-05-27T12:45:00Z,2026-05-27T14:45:00+0200,49238.37185,MW,DE,DE_LU,forecast_solar_generation,Solar,2026-06-25T11:27:13Z
2026-06-25T11:25:56Z,2026-06-25T13:25:56+0200,aad9710e-10ca-4c9d-9467-7720556f4b2e,2026-05-27T13:00:00Z,2026-05-27T15:00:00+0200,48192.96863,MW,DE,DE_LU,forecast_solar_generation,Solar,2026-06-25T11:27:13Z
2026-06-25T11:25:56Z,2026-06-25T13:25:56+0200,aad9710e-10ca-4c9d-9467-7720556f4b2e,2026-05-27T13:15:00Z,2026-05-27T15:15:00+0200,46920.50622,MW,DE,DE_LU,forecast_solar_generation,Solar,2026-06-25T11:27:13Z
2026-06-25T11:25:56Z,2026-06-25T13:25:56+0200,aad9710e-10ca-4c9d-9467-7720556f4b2e,2026-05-27T13:30:00Z,2026-05-27T15:30:00+0200,45498.02563,MW,DE,DE_LU,forecast_solar_generation,Solar,2026-06-25T11:27:13Z
2026-06-25T11:25:56Z,2026-06-25T13:25:56+0200,aad9710e-10ca-4c9d-9467-7720556f4b2e,2026-05-27T13:45:00Z,2026-05-27T15:45:00+0200,43985.77042,MW,DE,DE_LU,forecast_solar_generation,Solar,2026-06-25T11:27:13Z
2026-06-25T11:25:56Z,2026-06-25T13:25:56+0200,aad9710e-10ca-4c9d-9467-7720556f4b2e,2026-05-27T14:00:00Z,2026-05-27T16:00:00+0200,42333.5472,MW,DE,DE_LU,forecast_solar_generation,Solar,2026-06-25T11:27:13Z
2026-06-25T11:25:56Z,2026-06-25T13:25:56+0200,aad9710e-10ca-4c9d-9467-7720556f4b2e,2026-05-27T14:15:00Z,2026-05-27T16:15:00+0200,40519.08841,MW,DE,DE_LU,forecast_solar_generation,Solar,2026-06-25T11:27:13Z
2026-06-25T11:25:56Z,2026-06-25T13:25:56+0200,aad9710e-10ca-4c9d-9467-7720556f4b2e,2026-05-27T14:30:00Z,2026-05-27T16:30:00+0200,38530.79018,MW,DE,DE_LU,forecast_solar_generation,Solar,2026-06-25T11:27:13Z
2026-06-25T11:25:56Z,2026-06-25T13:25:56+0200,aad9710e-10ca-4c9d-9467-7720556f4b2e,2026-05-27T14:45:00Z,2026-05-27T16:45:00+0200,36315.51728,MW,DE,DE_LU,forecast_solar_generation,Solar,2026-06-25T11:27:13Z
2026-06-25T11:25:56Z,2026-06-25T13:25:56+0200,aad9710e-10ca-4c9d-9467-7720556f4b2e,2026-05-27T15:00:00Z,2026-05-27T17:00:00+0200,33938.13064,MW,DE,DE_LU,forecast_solar_generation,Solar,2026-06-25T11:27:13Z
2026-06-25T11:25:56Z,2026-06-25T13:25:56+0200,aad9710e-10ca-4c9d-9467-7720556f4b2e,2026-05-27T15:15:00Z,2026-05-27T17:15:00+0200,31370.25649,MW,DE,DE_LU,forecast_solar_generation,Solar,2026-06-25T11:27:13Z
2026-06-25T11:25:56Z,2026-06-25T13:25:56+0200,aad9710e-10ca-4c9d-9467-7720556f4b2e,2026-05-27T15:30:00Z,2026-05-27T17:30:00+0200,28620.44901,MW,DE,DE_LU,forecast_solar_generation,Solar,2026-06-25T11:27:13Z
2026-06-25T11:25:56Z,2026-06-25T13:25:56+0200,aad9710e-10ca-4c9d-9467-7720556f4b2e,2026-05-27T15:45:00Z,2026-05-27T17:45:00+0200,25739.98767,MW,DE,DE_LU,forecast_solar_generation,Solar,2026-06-25T11:27:13Z
2026-06-25T11:25:56Z,2026-06-25T13:25:56+0200,aad9710e-10ca-4c9d-9467-7720556f4b2e,2026-05-27T16:00:00Z,2026-05-27T18:00:00+0200,22776.79883,MW,DE,DE_LU,forecast_solar_generation,Solar,2026-06-25T11:27:13Z
2026-06-25T11:25:56Z,2026-06-25T13:25:56+0200,aad9710e-10ca-4c9d-9467-7720556f4b2e,2026-05-27T16:15:00Z,2026-05-27T18:15:00+0200,19776.27572,MW,DE,DE_LU,forecast_solar_generation,Solar,2026-06-25T11:27:13Z
2026-06-25T11:25:56Z,2026-06-25T13:25:56+0200,aad9710e-10ca-4c9d-9467-7720556f4b2e,2026-05-27T16:30:00Z,2026-05-27T18:30:00+0200,16798.97303,MW,DE,DE_LU,forecast_solar_generation,Solar,2026-06-25T11:27:13Z
2026-06-25T11:25:56Z,2026-06-25T13:25:56+0200,aad9710e-10ca-4c9d-9467-7720556f4b2e,2026-05-27T16:45:00Z,2026-05-27T18:45:00+0200,13936.1024,MW,DE,DE_LU,forecast_solar_generation,Solar,2026-06-25T11:27:13Z
2026-06-25T11:25:56Z,2026-06-25T13:25:56+0200,aad9710e-10ca-4c9d-9467-7720556f4b2e,2026-05-27T17:00:00Z,2026-05-27T19:00:00+0200,11299.73777,MW,DE,DE_LU,forecast_solar_generation,Solar,2026-06-25T11:27:13Z
2026-06-25T11:25:56Z,2026-06-25T13:25:56+0200,aad9710e-10ca-4c9d-9467-7720556f4b2e,2026-05-27T17:15:00Z,2026-05-27T19:15:00+0200,8927.16021,MW,DE,DE_LU,forecast_solar_generation,Solar,2026-06-25T11:27:13Z
2026-06-25T11:25:56Z,2026-06-25T13:25:56+0200,aad9710e-10ca-4c9d-9467-7720556f4b2e,2026-05-27T17:30:00Z,2026-05-27T19:30:00+0200,6901.24979,MW,DE,DE_LU,forecast_solar_generation,Solar,2026-06-25T11:27:13Z
2026-06-25T11:25:56Z,2026-06-25T13:25:56+0200,aad9710e-10ca-4c9d-9467-7720556f4b2e,2026-05-27T17:45:00Z,2026-05-27T19:45:00+0200,5196.89508,MW,DE,DE_LU,forecast_solar_generation,Solar,2026-06-25T11:27:13Z
2026-06-25T11:25:56Z,2026-06-25T13:25:56+0200,aad9710e-10ca-4c9d-9467-7720556f4b2e,2026-05-27T18:00:00Z,2026-05-27T20:00:00+0200,3773.12709,MW,DE,DE_LU,forecast_solar_generation,Solar,2026-06-25T11:27:13Z
2026-06-25T11:25:56Z,2026-06-25T13:25:56+0200,aad9710e-10ca-4c9d-9467-7720556f4b2e,2026-05-27T18:15:00Z,2026-05-27T20:15:00+0200,2572.31808,MW,DE,DE_LU,forecast_solar_generation,Solar,2026-06-25T11:27:13Z
2026-06-25T11:25:56Z,2026-06-25T13:25:56+0200,aad9710e-10ca-4c9d-9467-7720556f4b2e,2026-05-27T18:30:00Z,2026-05-27T20:30:00+0200,1568.80252,MW,DE,DE_LU,forecast_solar_generation,Solar,2026-06-25T11:27:13Z
2026-06-25T11:25:56Z,2026-06-25T13:25:56+0200,aad9710e-10ca-4c9d-9467-7720556f4b2e,2026-05-27T18:45:00Z,2026-05-27T20:45:00+0200,762.72935,MW,DE,DE_LU,forecast_solar_generation,Solar,2026-06-25T11:27:13Z
2026-06-25T11:25:56Z,2026-06-25T13:25:56+0200,aad9710e-10ca-4c9d-9467-7720556f4b2e,2026-05-27T19:00:00Z,2026-05-27T21:00:00+0200,257.69118,MW,DE,DE_LU,forecast_solar_generation,Solar,2026-06-25T11:27:13Z
2026-06-25T11:25:56Z,2026-06-25T13:25:56+0200,aad9710e-10ca-4c9d-9467-7720556f4b2e,2026-05-27T19:15:00Z,2026-05-27T21:15:00+0200,74.76929,MW,DE,DE_LU,forecast_solar_generation,Solar,2026-06-25T11:27:13Z
2026-06-25T11:25:56Z,2026-06-25T13:25:56+0200,aad9710e-10ca-4c9d-9467-7720556f4b2e,2026-05-27T19:30:00Z,2026-05-27T21:30:00+0200,28.52263,MW,DE,DE_LU,forecast_solar_generation,Solar,2026-06-25T11:27:13Z
2026-06-25T11:25:56Z,2026-06-25T13:25:56+0200,aad9710e-10ca-4c9d-9467-7720556f4b2e,2026-05-27T19:45:00Z,2026-05-27T21:45:00+0200,5.688,MW,DE,DE_LU,forecast_solar_generation,Solar,2026-06-25T11:27:13Z
2026-06-25T11:25:56Z,2026-06-25T13:25:56+0200,aad9710e-10ca-4c9d-9467-7720556f4b2e,2026-05-27T20:00:00Z,2026-05-27T22:00:00+0200,0.0,MW,DE,DE_LU,forecast_solar_generation,Solar,2026-06-25T11:27:13Z
2026-06-25T11:25:56Z,2026-06-25T13:25:56+0200,aad9710e-10ca-4c9d-9467-7720556f4b2e,2026-05-27T20:15:00Z,2026-05-27T22:15:00+0200,0.0,MW,DE,DE_LU,forecast_solar_generation,Solar,2026-06-25T11:27:13Z
2026-06-25T11:25:56Z,2026-06-25T13:25:56+0200,aad9710e-10ca-4c9d-9467-7720556f4b2e,2026-05-27T20:30:00Z,2026-05-27T22:30:00+0200,0.0,MW,DE,DE_LU,forecast_solar_generation,Solar,2026-06-25T11:27:13Z
2026-06-25T11:25:56Z,2026-06-25T13:25:56+0200,aad9710e-10ca-4c9d-9467-7720556f4b2e,2026-05-27T20:45:00Z,2026-05-27T22:45:00+0200,0.0,MW,DE,DE_LU,forecast_solar_generation,Solar,2026-06-25T11:27:13Z
2026-06-25T11:25:56Z,2026-06-25T13:25:56+0200,aad9710e-10ca-4c9d-9467-7720556f4b2e,2026-05-27T21:00:00Z,2026-05-27T23:00:00+0200,0.0,MW,DE,DE_LU,forecast_solar_generation,Solar,2026-06-25T11:27:13Z
2026-06-25T11:25:56Z,2026-06-25T13:25:56+0200,aad9710e-10ca-4c9d-9467-7720556f4b2e,2026-05-27T21:15:00Z,2026-05-27T23:15:00+0200,0.0,MW,DE,DE_LU,forecast_solar_generation,Solar,2026-06-25T11:27:13Z
2026-06-25T11:25:56Z,2026-06-25T13:25:56+0200,aad9710e-10ca-4c9d-9467-7720556f4b2e,2026-05-27T21:30:00Z,2026-05-27T23:30:00+0200,0.0,MW,DE,DE_LU,forecast_solar_generation,Solar,2026-06-25T11:27:13Z
2026-06-25T11:25:56Z,2026-06-25T13:25:56+0200,aad9710e-10ca-4c9d-9467-7720556f4b2e,2026-05-27T21:45:00Z,2026-05-27T23:45:00+0200,0.0,MW,DE,DE_LU,forecast_solar_generation,Solar,2026-06-25T11:27:13Z
2026-06-25T11:25:56Z,2026-06-25T13:25:56+0200,aad9710e-10ca-4c9d-9467-7720556f4b2e,2026-05-27T22:00:00Z,2026-05-28T00:00:00+0200,0.0,MW,DE,DE_LU,forecast_solar_generation,Solar,2026-06-25T11:27:13Z
2026-06-25T11:25:56Z,2026-06-25T13:25:56+0200,aad9710e-10ca-4c9d-9467-7720556f4b2e,2026-05-27T22:15:00Z,2026-05-28T00:15:00+0200,0.0,MW,DE,DE_LU,forecast_solar_generation,Solar,2026-06-25T11:27:13Z
2026-06-25T11:25:56Z,2026-06-25T13:25:56+0200,aad9710e-10ca-4c9d-9467-7720556f4b2e,2026-05-27T22:30:00Z,2026-05-28T00:30:00+0200,0.0,MW,DE,DE_LU,forecast_solar_generation,Solar,2026-06-25T11:27:13Z
2026-06-25T11:25:56Z,2026-06-25T13:25:56+0200,aad9710e-10ca-4c9d-9467-7720556f4b2e,2026-05-27T22:45:00Z,2026-05-28T00:45:00+0200,0.0,MW,DE,DE_LU,forecast_solar_generation,Solar,2026-06-25T11:27:13Z
2026-06-25T11:25:56Z,2026-06-25T13:25:56+0200,aad9710e-10ca-4c9d-9467-7720556f4b2e,2026-05-27T23:00:00Z,2026-05-28T01:00:00+0200,0.0,MW,DE,DE_LU,forecast_solar_generation,Solar,2026-06-25T11:27:13Z
2026-06-25T11:25:56Z,2026-06-25T13:25:56+0200,aad9710e-10ca-4c9d-9467-7720556f4b2e,2026-05-27T23:15:00Z,2026-05-28T01:15:00+0200,0.0,MW,DE,DE_LU,forecast_solar_generation,Solar,2026-06-25T11:27:13Z
2026-06-25T11:25:56Z,2026-06-25T13:25:56+0200,aad9710e-10ca-4c9d-9467-7720556f4b2e,2026-05-27T23:30:00Z,2026-05-28T01:30:00+0200,0.0,MW,DE,DE_LU,forecast_solar_generation,Solar,2026-06-25T11:27:13Z
2026-06-25T11:25:56Z,2026-06-25T13:25:56+0200,aad9710e-10ca-4c9d-9467-7720556f4b2e,2026-05-27T23:45:00Z,2026-05-28T01:45:00+0200,0.0,MW,DE,DE_LU,forecast_solar_generation,Solar,2026-06-25T11:27:13Z
2026-06-25T11:25:56Z,2026-06-25T13:25:56+0200,aad9710e-10ca-4c9d-9467-7720556f4b2e,2026-05-28T00:00:00Z,2026-05-28T02:00:00+0200,0.0,MW,DE,DE_LU,forecast_solar_generation,Solar,2026-06-25T11:27:13Z
2026-06-25T11:25:56Z,2026-06-25T13:25:56+0200,aad9710e-10ca-4c9d-9467-7720556f4b2e,2026-05-28T00:15:00Z,2026-05-28T02:15:00+0200,0.0,MW,DE,DE_LU,forecast_solar_generation,Solar,2026-06-25T11:27:13Z
2026-06-25T11:25:56Z,2026-06-25T13:25:56+0200,aad9710e-10ca-4c9d-9467-7720556f4b2e,2026-05-28T00:30:00Z,2026-05-28T02:30:00+0200,0.0,MW,DE,DE_LU,forecast_solar_generation,Solar,2026-06-25T11:27:13Z
2026-06-25T11:25:56Z,2026-06-25T13:25:56+0200,aad9710e-10ca-4c9d-9467-7720556f4b2e,2026-05-28T00:45:00Z,2026-05-28T02:45:00+0200,0.0,MW,DE,DE_LU,forecast_solar_generation,Solar,2026-06-25T11:27:13Z
2026-06-25T11:25:56Z,2026-06-25T13:25:56+0200,aad9710e-10ca-4c9d-9467-7720556f4b2e,2026-05-28T01:00:00Z,2026-05-28T03:00:00+0200,0.0,MW,DE,DE_LU,forecast_solar_generation,Solar,2026-06-25T11:27:13Z
2026-06-25T11:25:56Z,2026-06-25T13:25:56+0200,aad9710e-10ca-4c9d-9467-7720556f4b2e,2026-05-28T01:15:00Z,2026-05-28T03:15:00+0200,0.0,MW,DE,DE_LU,forecast_solar_generation,Solar,2026-06-25T11:27:13Z
2026-06-25T11:25:56Z,2026-06-25T13:25:56+0200,aad9710e-10ca-4c9d-9467-7720556f4b2e,2026-05-28T01:30:00Z,2026-05-28T03:30:00+0200,0.0,MW,DE,DE_LU,forecast_solar_generation,Solar,2026-06-25T11:27:13Z
2026-06-25T11:25:56Z,2026-06-25T13:25:56+0200,aad9710e-10ca-4c9d-9467-7720556f4b2e,2026-05-28T01:45:00Z,2026-05-28T03:45:00+0200,0.0,MW,DE,DE_LU,forecast_solar_generation,Solar,2026-06-25T11:27:13Z
2026-06-25T11:25:56Z,2026-06-25T13:25:56+0200,aad9710e-10ca-4c9d-9467-7720556f4b2e,2026-05-28T02:00:00Z,2026-05-28T04:00:00+0200,0.0,MW,DE,DE_LU,forecast_solar_generation,Solar,2026-06-25T11:27:13Z
2026-06-25T11:25:56Z,2026-06-25T13:25:56+0200,aad9710e-10ca-4c9d-9467-7720556f4b2e,2026-05-28T02:15:00Z,2026-05-28T04:15:00+0200,0.0,MW,DE,DE_LU,forecast_solar_generation,Solar,2026-06-25T11:27:13Z
2026-06-25T11:25:56Z,2026-06-25T13:25:56+0200,aad9710e-10ca-4c9d-9467-7720556f4b2e,2026-05-28T02:30:00Z,2026-05-28T04:30:00+0200,0.0,MW,DE,DE_LU,forecast_solar_generation,Solar,2026-06-25T11:27:13Z
2026-06-25T11:25:56Z,2026-06-25T13:25:56+0200,aad9710e-10ca-4c9d-9467-7720556f4b2e,2026-05-28T02:45:00Z,2026-05-28T04:45:00+0200,5.012,MW,DE,DE_LU,forecast_solar_generation,Solar,2026-06-25T11:27:13Z
2026-06-25T11:25:56Z,2026-06-25T13:25:56+0200,aad9710e-10ca-4c9d-9467-7720556f4b2e,2026-05-28T03:00:00Z,2026-05-28T05:00:00+0200,94.28642,MW,DE,DE_LU,forecast_solar_generation,Solar,2026-06-25T11:27:13Z
2026-06-25T11:25:56Z,2026-06-25T13:25:56+0200,aad9710e-10ca-4c9d-9467-7720556f4b2e,2026-05-28T03:15:00Z,2026-05-28T05:15:00+0200,355.33067,MW,DE,DE_LU,forecast_solar_generation,Solar,2026-06-25T11:27:13Z
2026-06-25T11:25:56Z,2026-06-25T13:25:56+0200,aad9710e-10ca-4c9d-9467-7720556f4b2e,2026-05-28T03:30:00Z,2026-05-28T05:30:00+0200,828.17196,MW,DE,DE_LU,forecast_solar_generation,Solar,2026-06-25T11:27:13Z
2026-06-25T11:25:56Z,2026-06-25T13:25:56+0200,aad9710e-10ca-4c9d-9467-7720556f4b2e,2026-05-28T03:45:00Z,2026-05-28T05:45:00+0200,1574.11819,MW,DE,DE_LU,forecast_solar_generation,Solar,2026-06-25T11:27:13Z
2026-06-25T11:25:56Z,2026-06-25T13:25:56+0200,aad9710e-10ca-4c9d-9467-7720556f4b2e,2026-05-28T04:00:00Z,2026-05-28T06:00:00+0200,2599.0066,MW,DE,DE_LU,forecast_solar_generation,Solar,2026-06-25T11:27:13Z
2026-06-25T11:25:56Z,2026-06-25T13:25:56+0200,aad9710e-10ca-4c9d-9467-7720556f4b2e,2026-05-28T04:15:00Z,2026-05-28T06:15:00+0200,3861.03142,MW,DE,DE_LU,forecast_solar_generation,Solar,2026-06-25T11:27:13Z
2026-06-25T11:25:56Z,2026-06-25T13:25:56+0200,aad9710e-10ca-4c9d-9467-7720556f4b2e,2026-05-28T04:30:00Z,2026-05-28T06:30:00+0200,5370.50322,MW,DE,DE_LU,forecast_solar_generation,Solar,2026-06-25T11:27:13Z
2026-06-25T11:25:56Z,2026-06-25T13:25:56+0200,aad9710e-10ca-4c9d-9467-7720556f4b2e,2026-05-28T04:45:00Z,2026-05-28T06:45:00+0200,7184.13081,MW,DE,DE_LU,forecast_solar_generation,Solar,2026-06-25T11:27:13Z
2026-06-25T11:25:56Z,2026-06-25T13:25:56+0200,aad9710e-10ca-4c9d-9467-7720556f4b2e,2026-05-28T05:00:00Z,2026-05-28T07:00:00+0200,9394.13894,MW,DE,DE_LU,forecast_solar_generation,Solar,2026-06-25T11:27:13Z
2026-06-25T11:25:56Z,2026-06-25T13:25:56+0200,aad9710e-10ca-4c9d-9467-7720556f4b2e,2026-05-28T05:15:00Z,2026-05-28T07:15:00+0200,12024.96357,MW,DE,DE_LU,forecast_solar_generation,Solar,2026-06-25T11:27:13Z
2026-06-25T11:25:56Z,2026-06-25T13:25:56+0200,aad9710e-10ca-4c9d-9467-7720556f4b2e,2026-05-28T05:30:00Z,2026-05-28T07:30:00+0200,14972.93866,MW,DE,DE_LU,forecast_solar_generation,Solar,2026-06-25T11:27:13Z
2026-06-25T11:25:56Z,2026-06-25T13:25:56+0200,aad9710e-10ca-4c9d-9467-7720556f4b2e,2026-05-28T05:45:00Z,2026-05-28T07:45:00+0200,18117.89375,MW,DE,DE_LU,forecast_solar_generation,Solar,2026-06-25T11:27:13Z
2026-06-25T11:25:56Z,2026-06-25T13:25:56+0200,aad9710e-10ca-4c9d-9467-7720556f4b2e,2026-05-28T06:00:00Z,2026-05-28T08:00:00+0200,21340.07933,MW,DE,DE_LU,forecast_solar_generation,Solar,2026-06-25T11:27:13Z
2026-06-25T11:25:56Z,2026-06-25T13:25:56+0200,aad9710e-10ca-4c9d-9467-7720556f4b2e,2026-05-28T06:15:00Z,2026-05-28T08:15:00+0200,24641.59517,MW,DE,DE_LU,forecast_solar_generation,Solar,2026-06-25T11:27:13Z
2026-06-25T11:25:56Z,2026-06-25T13:25:56+0200,aad9710e-10ca-4c9d-9467-7720556f4b2e,2026-05-28T06:30:00Z,2026-05-28T08:30:00+0200,28137.9306,MW,DE,DE_LU,forecast_solar_generation,Solar,2026-06-25T11:27:13Z
2026-06-25T11:25:56Z,2026-06-25T13:25:56+0200,aad9710e-10ca-4c9d-9467-7720556f4b2e,2026-05-28T06:45:00Z,2026-05-28T08:45:00+0200,31331.04019,MW,DE,DE_LU,forecast_solar_generation,Solar,2026-06-25T11:27:13Z
2026-06-25T11:25:56Z,2026-06-25T13:25:56+0200,aad9710e-10ca-4c9d-9467-7720556f4b2e,2026-05-28T07:00:00Z,2026-05-28T09:00:00+0200,34411.28923,MW,DE,DE_LU,forecast_solar_generation,Solar,2026-06-25T11:27:13Z
2026-06-25T11:25:56Z,2026-06-25T13:25:56+0200,aad9710e-10ca-4c9d-9467-7720556f4b2e,2026-05-28T07:15:00Z,2026-05-28T09:15:00+0200,37327.9688,MW,DE,DE_LU,forecast_solar_generation,Solar,2026-06-25T11:27:13Z
2026-06-25T11:25:56Z,2026-06-25T13:25:56+0200,aad9710e-10ca-4c9d-9467-7720556f4b2e,2026-05-28T07:30:00Z,2026-05-28T09:30:00+0200,39974.57213,MW,DE,DE_LU,forecast_solar_generation,Solar,2026-06-25T11:27:13Z
2026-06-25T11:25:56Z,2026-06-25T13:25:56+0200,aad9710e-10ca-4c9d-9467-7720556f4b2e,2026-05-28T07:45:00Z,2026-05-28T09:45:00+0200,42483.711,MW,DE,DE_LU,forecast_solar_generation,Solar,2026-06-25T11:27:13Z
2026-06-25T11:25:56Z,2026-06-25T13:25:56+0200,aad9710e-10ca-4c9d-9467-7720556f4b2e,2026-05-28T08:00:00Z,2026-05-28T10:00:00+0200,44722.13678,MW,DE,DE_LU,forecast_solar_generation,Solar,2026-06-25T11:27:13Z
2026-06-25T11:25:56Z,2026-06-25T13:25:56+0200,aad9710e-10ca-4c9d-9467-7720556f4b2e,2026-05-28T08:15:00Z,2026-05-28T10:15:00+0200,46724.33628,MW,DE,DE_LU,forecast_solar_generation,Solar,2026-06-25T11:27:13Z
2026-06-25T11:25:56Z,2026-06-25T13:25:56+0200,aad9710e-10ca-4c9d-9467-7720556f4b2e,2026-05-28T08:30:00Z,2026-05-28T10:30:00+0200,48510.78999,MW,DE,DE_LU,forecast_solar_generation,Solar,2026-06-25T11:27:13Z
2026-06-25T11:25:56Z,2026-06-25T13:25:56+0200,aad9710e-10ca-4c9d-9467-7720556f4b2e,2026-05-28T08:45:00Z,2026-05-28T10:45:00+0200,50053.59981,MW,DE,DE_LU,forecast_solar_generation,Solar,2026-06-25T11:27:13Z
2026-06-25T11:25:56Z,2026-06-25T13:25:56+0200,aad9710e-10ca-4c9d-9467-7720556f4b2e,2026-05-28T09:00:00Z,2026-05-28T11:00:00+0200,51309.37272,MW,DE,DE_LU,forecast_solar_generation,Solar,2026-06-25T11:27:13Z
2026-06-25T11:25:56Z,2026-06-25T13:25:56+0200,aad9710e-10ca-4c9d-9467-7720556f4b2e,2026-05-28T09:15:00Z,2026-05-28T11:15:00+0200,52396.46777,MW,DE,DE_LU,forecast_solar_generation,Solar,2026-06-25T11:27:13Z
2026-06-25T11:25:56Z,2026-06-25T13:25:56+0200,aad9710e-10ca-4c9d-9467-7720556f4b2e,2026-05-28T09:30:00Z,2026-05-28T11:30:00+0200,53259.74857,MW,DE,DE_LU,forecast_solar_generation,Solar,2026-06-25T11:27:13Z
2026-06-25T11:25:56Z,2026-06-25T13:25:56+0200,aad9710e-10ca-4c9d-9467-7720556f4b2e,2026-05-28T09:45:00Z,2026-05-28T11:45:00+0200,53949.15471,MW,DE,DE_LU,forecast_solar_generation,Solar,2026-06-25T11:27:13Z
2026-06-25T11:25:56Z,2026-06-25T13:25:56+0200,aad9710e-10ca-4c9d-9467-7720556f4b2e,2026-05-28T10:00:00Z,2026-05-28T12:00:00+0200,54438.14275,MW,DE,DE_LU,forecast_solar_generation,Solar,2026-06-25T11:27:13Z
2026-06-25T11:25:56Z,2026-06-25T13:25:56+0200,aad9710e-10ca-4c9d-9467-7720556f4b2e,2026-05-28T10:15:00Z,2026-05-28T12:15:00+0200,54774.91043,MW,DE,DE_LU,forecast_solar_generation,Solar,2026-06-25T11:27:13Z
2026-06-25T11:25:56Z,2026-06-25T13:25:56+0200,aad9710e-10ca-4c9d-9467-7720556f4b2e,2026-05-28T10:30:00Z,2026-05-28T12:30:00+0200,54994.80543,MW,DE,DE_LU,forecast_solar_generation,Solar,2026-06-25T11:27:13Z
2026-06-25T11:25:56Z,2026-06-25T13:25:56+0200,aad9710e-10ca-4c9d-9467-7720556f4b2e,2026-05-28T10:45:00Z,2026-05-28T12:45:00+0200,55108.21048,MW,DE,DE_LU,forecast_solar_generation,Solar,2026-06-25T11:27:13Z
2026-06-25T11:25:56Z,2026-06-25T13:25:56+0200,aad9710e-10ca-4c9d-9467-7720556f4b2e,2026-05-28T11:00:00Z,2026-05-28T13:00:00+0200,55152.9444,MW,DE,DE_LU,forecast_solar_generation,Solar,2026-06-25T11:27:13Z
2026-06-25T11:25:56Z,2026-06-25T13:25:56+0200,aad9710e-10ca-4c9d-9467-7720556f4b2e,2026-05-28T11:15:00Z,2026-05-28T13:15:00+0200,55077.4788,MW,DE,DE_LU,forecast_solar_generation,Solar,2026-06-25T11:27:13Z
2026-06-25T11:25:56Z,2026-06-25T13:25:56+0200,aad9710e-10ca-4c9d-9467-7720556f4b2e,2026-05-28T11:30:00Z,2026-05-28T13:30:00+0200,54813.9022,MW,DE,DE_LU,forecast_solar_generation,Solar,2026-06-25T11:27:13Z
2026-06-25T11:25:56Z,2026-06-25T13:25:56+0200,aad9710e-10ca-4c9d-9467-7720556f4b2e,2026-05-28T11:45:00Z,2026-05-28T13:45:00+0200,54526.43018,MW,DE,DE_LU,forecast_solar_generation,Solar,2026-06-25T11:27:13Z
2026-06-25T11:25:56Z,2026-06-25T13:25:56+0200,aad9710e-10ca-4c9d-9467-7720556f4b2e,2026-05-28T12:00:00Z,2026-05-28T14:00:00+0200,54123.60996,MW,DE,DE_LU,forecast_solar_generation,Solar,2026-06-25T11:27:13Z
2026-06-25T11:25:56Z,2026-06-25T13:25:56+0200,aad9710e-10ca-4c9d-9467-7720556f4b2e,2026-05-28T12:15:00Z,2026-05-28T14:15:00+0200,53692.73873,MW,DE,DE_LU,forecast_solar_generation,Solar,2026-06-25T11:27:13Z
2026-06-25T11:25:56Z,2026-06-25T13:25:56+0200,aad9710e-10ca-4c9d-9467-7720556f4b2e,2026-05-28T12:30:00Z,2026-05-28T14:30:00+0200,53098.6896,MW,DE,DE_LU,forecast_solar_generation,Solar,2026-06-25T11:27:13Z
2026-06-25T11:25:56Z,2026-06-25T13:25:56+0200,aad9710e-10ca-4c9d-9467-7720556f4b2e,2026-05-28T12:45:00Z,2026-05-28T14:45:00+0200,52266.8431,MW,DE,DE_LU,forecast_solar_generation,Solar,2026-06-25T11:27:13Z
2026-06-25T11:25:56Z,2026-06-25T13:25:56+0200,aad9710e-10ca-4c9d-9467-7720556f4b2e,2026-05-28T13:00:00Z,2026-05-28T15:00:00+0200,51315.87825,MW,DE,DE_LU,forecast_solar_generation,Solar,2026-06-25T11:27:13Z
2026-06-25T11:25:56Z,2026-06-25T13:25:56+0200,aad9710e-10ca-4c9d-9467-7720556f4b2e,2026-05-28T13:15:00Z,2026-05-28T15:15:00+0200,49950.15982,MW,DE,DE_LU,forecast_solar_generation,Solar,2026-06-25T11:27:13Z
2026-06-25T11:25:56Z,2026-06-25T13:25:56+0200,aad9710e-10ca-4c9d-9467-7720556f4b2e,2026-05-28T13:30:00Z,2026-05-28T15:30:00+0200,48413.30113,MW,DE,DE_LU,forecast_solar_generation,Solar,2026-06-25T11:27:13Z
2026-06-25T11:25:56Z,2026-06-25T13:25:56+0200,aad9710e-10ca-4c9d-9467-7720556f4b2e,2026-05-28T13:45:00Z,2026-05-28T15:45:00+0200,46736.91377,MW,DE,DE_LU,forecast_solar_generation,Solar,2026-06-25T11:27:13Z
2026-06-25T11:25:56Z,2026-06-25T13:25:56+0200,aad9710e-10ca-4c9d-9467-7720556f4b2e,2026-05-28T14:00:00Z,2026-05-28T16:00:00+0200,44915.96908,MW,DE,DE_LU,forecast_solar_generation,Solar,2026-06-25T11:27:13Z
2026-06-25T11:25:56Z,2026-06-25T13:25:56+0200,aad9710e-10ca-4c9d-9467-7720556f4b2e,2026-05-28T14:15:00Z,2026-05-28T16:15:00+0200,42951.21414,MW,DE,DE_LU,forecast_solar_generation,Solar,2026-06-25T11:27:13Z
2026-06-25T11:25:56Z,2026-06-25T13:25:56+0200,aad9710e-10ca-4c9d-9467-7720556f4b2e,2026-05-28T14:30:00Z,2026-05-28T16:30:00+0200,40805.36056,MW,DE,DE_LU,forecast_solar_generation,Solar,2026-06-25T11:27:13Z
2026-06-25T11:25:56Z,2026-06-25T13:25:56+0200,aad9710e-10ca-4c9d-9467-7720556f4b2e,2026-05-28T14:45:00Z,2026-05-28T16:45:00+0200,38439.11695,MW,DE,DE_LU,forecast_solar_generation,Solar,2026-06-25T11:27:13Z
2026-06-25T11:25:56Z,2026-06-25T13:25:56+0200,aad9710e-10ca-4c9d-9467-7720556f4b2e,2026-05-28T15:00:00Z,2026-05-28T17:00:00+0200,35898.87056,MW,DE,DE_LU,forecast_solar_generation,Solar,2026-06-25T11:27:13Z
2026-06-25T11:25:56Z,2026-06-25T13:25:56+0200,aad9710e-10ca-4c9d-9467-7720556f4b2e,2026-05-28T15:15:00Z,2026-05-28T17:15:00+0200,33135.70817,MW,DE,DE_LU,forecast_solar_generation,Solar,2026-06-25T11:27:13Z
2026-06-25T11:25:56Z,2026-06-25T13:25:56+0200,aad9710e-10ca-4c9d-9467-7720556f4b2e,2026-05-28T15:30:00Z,2026-05-28T17:30:00+0200,30174.07007,MW,DE,DE_LU,forecast_solar_generation,Solar,2026-06-25T11:27:13Z
2026-06-25T11:25:56Z,2026-06-25T13:25:56+0200,aad9710e-10ca-4c9d-9467-7720556f4b2e,2026-05-28T15:45:00Z,2026-05-28T17:45:00+0200,27062.79016,MW,DE,DE_LU,forecast_solar_generation,Solar,2026-06-25T11:27:13Z
2026-06-25T11:25:56Z,2026-06-25T13:25:56+0200,aad9710e-10ca-4c9d-9467-7720556f4b2e,2026-05-28T16:00:00Z,2026-05-28T18:00:00+0200,23898.07405,MW,DE,DE_LU,forecast_solar_generation,Solar,2026-06-25T11:27:13Z
2026-06-25T11:25:56Z,2026-06-25T13:25:56+0200,aad9710e-10ca-4c9d-9467-7720556f4b2e,2026-05-28T16:15:00Z,2026-05-28T18:15:00+0200,20705.84234,MW,DE,DE_LU,forecast_solar_generation,Solar,2026-06-25T11:27:13Z
2026-06-25T11:25:56Z,2026-06-25T13:25:56+0200,aad9710e-10ca-4c9d-9467-7720556f4b2e,2026-05-28T16:30:00Z,2026-05-28T18:30:00+0200,17554.5189,MW,DE,DE_LU,forecast_solar_generation,Solar,2026-06-25T11:27:13Z
2026-06-25T11:25:56Z,2026-06-25T13:25:56+0200,aad9710e-10ca-4c9d-9467-7720556f4b2e,2026-05-28T16:45:00Z,2026-05-28T18:45:00+0200,14525.78857,MW,DE,DE_LU,forecast_solar_generation,Solar,2026-06-25T11:27:13Z
2026-06-25T11:25:56Z,2026-06-25T13:25:56+0200,aad9710e-10ca-4c9d-9467-7720556f4b2e,2026-05-28T17:00:00Z,2026-05-28T19:00:00+0200,11740.08749,MW,DE,DE_LU,forecast_solar_generation,Solar,2026-06-25T11:27:13Z
2026-06-25T11:25:56Z,2026-06-25T13:25:56+0200,aad9710e-10ca-4c9d-9467-7720556f4b2e,2026-05-28T17:15:00Z,2026-05-28T19:15:00+0200,9245.05916,MW,DE,DE_LU,forecast_solar_generation,Solar,2026-06-25T11:27:13Z
2026-06-25T11:25:56Z,2026-06-25T13:25:56+0200,aad9710e-10ca-4c9d-9467-7720556f4b2e,2026-05-28T17:30:00Z,2026-05-28T19:30:00+0200,7132.93162,MW,DE,DE_LU,forecast_solar_generation,Solar,2026-06-25T11:27:13Z
2026-06-25T11:25:56Z,2026-06-25T13:25:56+0200,aad9710e-10ca-4c9d-9467-7720556f4b2e,2026-05-28T17:45:00Z,2026-05-28T19:45:00+0200,5382.51881,MW,DE,DE_LU,forecast_solar_generation,Solar,2026-06-25T11:27:13Z
2026-06-25T11:25:56Z,2026-06-25T13:25:56+0200,aad9710e-10ca-4c9d-9467-7720556f4b2e,2026-05-28T18:00:00Z,2026-05-28T20:00:00+0200,3918.60795,MW,DE,DE_LU,forecast_solar_generation,Solar,2026-06-25T11:27:13Z
2026-06-25T11:25:56Z,2026-06-25T13:25:56+0200,aad9710e-10ca-4c9d-9467-7720556f4b2e,2026-05-28T18:15:00Z,2026-05-28T20:15:00+0200,2685.05863,MW,DE,DE_LU,forecast_solar_generation,Solar,2026-06-25T11:27:13Z
2026-06-25T11:25:56Z,2026-06-25T13:25:56+0200,aad9710e-10ca-4c9d-9467-7720556f4b2e,2026-05-28T18:30:00Z,2026-05-28T20:30:00+0200,1648.45161,MW,DE,DE_LU,forecast_solar_generation,Solar,2026-06-25T11:27:13Z
2026-06-25T11:25:56Z,2026-06-25T13:25:56+0200,aad9710e-10ca-4c9d-9467-7720556f4b2e,2026-05-28T18:45:00Z,2026-05-28T20:45:00+0200,814.12861,MW,DE,DE_LU,forecast_solar_generation,Solar,2026-06-25T11:27:13Z
2026-06-25T11:25:56Z,2026-06-25T13:25:56+0200,aad9710e-10ca-4c9d-9467-7720556f4b2e,2026-05-28T19:00:00Z,2026-05-28T21:00:00+0200,276.77188,MW,DE,DE_LU,forecast_solar_generation,Solar,2026-06-25T11:27:13Z
2026-06-25T11:25:56Z,2026-06-25T13:25:56+0200,aad9710e-10ca-4c9d-9467-7720556f4b2e,2026-05-28T19:15:00Z,2026-05-28T21:15:00+0200,74.21757,MW,DE,DE_LU,forecast_solar_generation,Solar,2026-06-25T11:27:13Z
2026-06-25T11:25:56Z,2026-06-25T13:25:56+0200,aad9710e-10ca-4c9d-9467-7720556f4b2e,2026-05-28T19:30:00Z,2026-05-28T21:30:00+0200,25.60818,MW,DE,DE_LU,forecast_solar_generation,Solar,2026-06-25T11:27:13Z
2026-06-25T11:25:56Z,2026-06-25T13:25:56+0200,aad9710e-10ca-4c9d-9467-7720556f4b2e,2026-05-28T19:45:00Z,2026-05-28T21:45:00+0200,5.444,MW,DE,DE_LU,forecast_solar_generation,Solar,2026-06-25T11:27:13Z
2026-06-25T11:25:56Z,2026-06-25T13:25:56+0200,aad9710e-10ca-4c9d-9467-7720556f4b2e,2026-05-28T20:00:00Z,2026-05-28T22:00:00+0200,0.0,MW,DE,DE_LU,forecast_solar_generation,Solar,2026-06-25T11:27:13Z
2026-06-25T11:25:56Z,2026-06-25T13:25:56+0200,aad9710e-10ca-4c9d-9467-7720556f4b2e,2026-05-28T20:15:00Z,2026-05-28T22:15:00+0200,0.0,MW,DE,DE_LU,forecast_solar_generation,Solar,2026-06-25T11:27:13Z
2026-06-25T11:25:56Z,2026-06-25T13:25:56+0200,aad9710e-10ca-4c9d-9467-7720556f4b2e,2026-05-28T20:30:00Z,2026-05-28T22:30:00+0200,0.0,MW,DE,DE_LU,forecast_solar_generation,Solar,2026-06-25T11:27:13Z
2026-06-25T11:25:56Z,2026-06-25T13:25:56+0200,aad9710e-10ca-4c9d-9467-7720556f4b2e,2026-05-28T20:45:00Z,2026-05-28T22:45:00+0200,0.0,MW,DE,DE_LU,forecast_solar_generation,Solar,2026-06-25T11:27:13Z
2026-06-25T11:25:56Z,2026-06-25T13:25:56+0200,aad9710e-10ca-4c9d-9467-7720556f4b2e,2026-05-28T21:00:00Z,2026-05-28T23:00:00+0200,0.0,MW,DE,DE_LU,forecast_solar_generation,Solar,2026-06-25T11:27:13Z
2026-06-25T11:25:56Z,2026-06-25T13:25:56+0200,aad9710e-10ca-4c9d-9467-7720556f4b2e,2026-05-28T21:15:00Z,2026-05-28T23:15:00+0200,0.0,MW,DE,DE_LU,forecast_solar_generation,Solar,2026-06-25T11:27:13Z
2026-06-25T11:25:56Z,2026-06-25T13:25:56+0200,aad9710e-10ca-4c9d-9467-7720556f4b2e,2026-05-28T21:30:00Z,2026-05-28T23:30:00+0200,0.0,MW,DE,DE_LU,forecast_solar_generation,Solar,2026-06-25T11:27:13Z
2026-06-25T11:25:56Z,2026-06-25T13:25:56+0200,aad9710e-10ca-4c9d-9467-7720556f4b2e,2026-05-28T21:45:00Z,2026-05-28T23:45:00+0200,0.0,MW,DE,DE_LU,forecast_solar_generation,Solar,2026-06-25T11:27:13Z
2026-06-25T11:25:56Z,2026-06-25T13:25:56+0200,aad9710e-10ca-4c9d-9467-7720556f4b2e,2026-05-28T22:00:00Z,2026-05-29T00:00:00+0200,0.0,MW,DE,DE_LU,forecast_solar_generation,Solar,2026-06-25T11:27:13Z
2026-06-25T11:25:56Z,2026-06-25T13:25:56+0200,aad9710e-10ca-4c9d-9467-7720556f4b2e,2026-05-28T22:15:00Z,2026-05-29T00:15:00+0200,0.0,MW,DE,DE_LU,forecast_solar_generation,Solar,2026-06-25T11:27:13Z
2026-06-25T11:25:56Z,2026-06-25T13:25:56+0200,aad9710e-10ca-4c9d-9467-7720556f4b2e,2026-05-28T22:30:00Z,2026-05-29T00:30:00+0200,0.0,MW,DE,DE_LU,forecast_solar_generation,Solar,2026-06-25T11:27:13Z
2026-06-25T11:25:56Z,2026-06-25T13:25:56+0200,aad9710e-10ca-4c9d-9467-7720556f4b2e,2026-05-28T22:45:00Z,2026-05-29T00:45:00+0200,0.0,MW,DE,DE_LU,forecast_solar_generation,Solar,2026-06-25T11:27:13Z
2026-06-25T11:25:56Z,2026-06-25T13:25:56+0200,aad9710e-10ca-4c9d-9467-7720556f4b2e,2026-05-28T23:00:00Z,2026-05-29T01:00:00+0200,0.0,MW,DE,DE_LU,forecast_solar_generation,Solar,2026-06-25T11:27:13Z
2026-06-25T11:25:56Z,2026-06-25T13:25:56+0200,aad9710e-10ca-4c9d-9467-7720556f4b2e,2026-05-28T23:15:00Z,2026-05-29T01:15:00+0200,0.0,MW,DE,DE_LU,forecast_solar_generation,Solar,2026-06-25T11:27:13Z
2026-06-25T11:25:56Z,2026-06-25T13:25:56+0200,aad9710e-10ca-4c9d-9467-7720556f4b2e,2026-05-28T23:30:00Z,2026-05-29T01:30:00+0200,0.0,MW,DE,DE_LU,forecast_solar_generation,Solar,2026-06-25T11:27:13Z
2026-06-25T11:25:56Z,2026-06-25T13:25:56+0200,aad9710e-10ca-4c9d-9467-7720556f4b2e,2026-05-28T23:45:00Z,2026-05-29T01:45:00+0200,0.0,MW,DE,DE_LU,forecast_solar_generation,Solar,2026-06-25T11:27:13Z
2026-06-25T11:25:56Z,2026-06-25T13:25:56+0200,aad9710e-10ca-4c9d-9467-7720556f4b2e,2026-05-29T00:00:00Z,2026-05-29T02:00:00+0200,0.0,MW,DE,DE_LU,forecast_solar_generation,Solar,2026-06-25T11:27:13Z
2026-06-25T11:25:56Z,2026-06-25T13:25:56+0200,aad9710e-10ca-4c9d-9467-7720556f4b2e,2026-05-29T00:15:00Z,2026-05-29T02:15:00+0200,0.0,MW,DE,DE_LU,forecast_solar_generation,Solar,2026-06-25T11:27:13Z
2026-06-25T11:25:56Z,2026-06-25T13:25:56+0200,aad9710e-10ca-4c9d-9467-7720556f4b2e,2026-05-29T00:30:00Z,2026-05-29T02:30:00+0200,0.0,MW,DE,DE_LU,forecast_solar_generation,Solar,2026-06-25T11:27:13Z
2026-06-25T11:25:56Z,2026-06-25T13:25:56+0200,aad9710e-10ca-4c9d-9467-7720556f4b2e,2026-05-29T00:45:00Z,2026-05-29T02:45:00+0200,0.0,MW,DE,DE_LU,forecast_solar_generation,Solar,2026-06-25T11:27:13Z
2026-06-25T11:25:56Z,2026-06-25T13:25:56+0200,aad9710e-10ca-4c9d-9467-7720556f4b2e,2026-05-29T01:00:00Z,2026-05-29T03:00:00+0200,0.0,MW,DE,DE_LU,forecast_solar_generation,Solar,2026-06-25T11:27:13Z
2026-06-25T11:25:56Z,2026-06-25T13:25:56+0200,aad9710e-10ca-4c9d-9467-7720556f4b2e,2026-05-29T01:15:00Z,2026-05-29T03:15:00+0200,0.0,MW,DE,DE_LU,forecast_solar_generation,Solar,2026-06-25T11:27:13Z
2026-06-25T11:25:56Z,2026-06-25T13:25:56+0200,aad9710e-10ca-4c9d-9467-7720556f4b2e,2026-05-29T01:30:00Z,2026-05-29T03:30:00+0200,0.0,MW,DE,DE_LU,forecast_solar_generation,Solar,2026-06-25T11:27:13Z
2026-06-25T11:25:56Z,2026-06-25T13:25:56+0200,aad9710e-10ca-4c9d-9467-7720556f4b2e,2026-05-29T01:45:00Z,2026-05-29T03:45:00+0200,0.0,MW,DE,DE_LU,forecast_solar_generation,Solar,2026-06-25T11:27:13Z
2026-06-25T11:25:56Z,2026-06-25T13:25:56+0200,aad9710e-10ca-4c9d-9467-7720556f4b2e,2026-05-29T02:00:00Z,2026-05-29T04:00:00+0200,0.0,MW,DE,DE_LU,forecast_solar_generation,Solar,2026-06-25T11:27:13Z
2026-06-25T11:25:56Z,2026-06-25T13:25:56+0200,aad9710e-10ca-4c9d-9467-7720556f4b2e,2026-05-29T02:15:00Z,2026-05-29T04:15:00+0200,0.0,MW,DE,DE_LU,forecast_solar_generation,Solar,2026-06-25T11:27:13Z
2026-06-25T11:25:56Z,2026-06-25T13:25:56+0200,aad9710e-10ca-4c9d-9467-7720556f4b2e,2026-05-29T02:30:00Z,2026-05-29T04:30:00+0200,0.0,MW,DE,DE_LU,forecast_solar_generation,Solar,2026-06-25T11:27:13Z
2026-06-25T11:25:56Z,2026-06-25T13:25:56+0200,aad9710e-10ca-4c9d-9467-7720556f4b2e,2026-05-29T02:45:00Z,2026-05-29T04:45:00+0200,6.067,MW,DE,DE_LU,forecast_solar_generation,Solar,2026-06-25T11:27:13Z
2026-06-25T11:25:56Z,2026-06-25T13:25:56+0200,aad9710e-10ca-4c9d-9467-7720556f4b2e,2026-05-29T03:00:00Z,2026-05-29T05:00:00+0200,107.40466,MW,DE,DE_LU,forecast_solar_generation,Solar,2026-06-25T11:27:13Z
2026-06-25T11:25:56Z,2026-06-25T13:25:56+0200,aad9710e-10ca-4c9d-9467-7720556f4b2e,2026-05-29T03:15:00Z,2026-05-29T05:15:00+0200,388.46039,MW,DE,DE_LU,forecast_solar_generation,Solar,2026-06-25T11:27:13Z
2026-06-25T11:25:56Z,2026-06-25T13:25:56+0200,aad9710e-10ca-4c9d-9467-7720556f4b2e,2026-05-29T03:30:00Z,2026-05-29T05:30:00+0200,871.46473,MW,DE,DE_LU,forecast_solar_generation,Solar,2026-06-25T11:27:13Z
2026-06-25T11:25:56Z,2026-06-25T13:25:56+0200,aad9710e-10ca-4c9d-9467-7720556f4b2e,2026-05-29T03:45:00Z,2026-05-29T05:45:00+0200,1614.37522,MW,DE,DE_LU,forecast_solar_generation,Solar,2026-06-25T11:27:13Z
2026-06-25T11:25:56Z,2026-06-25T13:25:56+0200,aad9710e-10ca-4c9d-9467-7720556f4b2e,2026-05-29T04:00:00Z,2026-05-29T06:00:00+0200,2641.81406,MW,DE,DE_LU,forecast_solar_generation,Solar,2026-06-25T11:27:13Z
2026-06-25T11:25:56Z,2026-06-25T13:25:56+0200,aad9710e-10ca-4c9d-9467-7720556f4b2e,2026-05-29T04:15:00Z,2026-05-29T06:15:00+0200,3923.25262,MW,DE,DE_LU,forecast_solar_generation,Solar,2026-06-25T11:27:13Z
2026-06-25T11:25:56Z,2026-06-25T13:25:56+0200,aad9710e-10ca-4c9d-9467-7720556f4b2e,2026-05-29T04:30:00Z,2026-05-29T06:30:00+0200,5458.40284,MW,DE,DE_LU,forecast_solar_generation,Solar,2026-06-25T11:27:13Z
2026-06-25T11:25:56Z,2026-06-25T13:25:56+0200,aad9710e-10ca-4c9d-9467-7720556f4b2e,2026-05-29T04:45:00Z,2026-05-29T06:45:00+0200,7298.55431,MW,DE,DE_LU,forecast_solar_generation,Solar,2026-06-25T11:27:13Z
2026-06-25T11:25:56Z,2026-06-25T13:25:56+0200,aad9710e-10ca-4c9d-9467-7720556f4b2e,2026-05-29T05:00:00Z,2026-05-29T07:00:00+0200,9524.9348,MW,DE,DE_LU,forecast_solar_generation,Solar,2026-06-25T11:27:13Z
2026-06-25T11:25:56Z,2026-06-25T13:25:56+0200,aad9710e-10ca-4c9d-9467-7720556f4b2e,2026-05-29T05:15:00Z,2026-05-29T07:15:00+0200,12149.2489,MW,DE,DE_LU,forecast_solar_generation,Solar,2026-06-25T11:27:13Z
2026-06-25T11:25:56Z,2026-06-25T13:25:56+0200,aad9710e-10ca-4c9d-9467-7720556f4b2e,2026-05-29T05:30:00Z,2026-05-29T07:30:00+0200,15100.91909,MW,DE,DE_LU,forecast_solar_generation,Solar,2026-06-25T11:27:13Z
2026-06-25T11:25:56Z,2026-06-25T13:25:56+0200,aad9710e-10ca-4c9d-9467-7720556f4b2e,2026-05-29T05:45:00Z,2026-05-29T07:45:00+0200,18219.09189,MW,DE,DE_LU,forecast_solar_generation,Solar,2026-06-25T11:27:13Z
2026-06-25T11:25:56Z,2026-06-25T13:25:56+0200,aad9710e-10ca-4c9d-9467-7720556f4b2e,2026-05-29T06:00:00Z,2026-05-29T08:00:00+0200,21391.76986,MW,DE,DE_LU,forecast_solar_generation,Solar,2026-06-25T11:27:13Z
2026-06-25T11:25:56Z,2026-06-25T13:25:56+0200,aad9710e-10ca-4c9d-9467-7720556f4b2e,2026-05-29T06:15:00Z,2026-05-29T08:15:00+0200,24616.98737,MW,DE,DE_LU,forecast_solar_generation,Solar,2026-06-25T11:27:13Z
2026-06-25T11:25:56Z,2026-06-25T13:25:56+0200,aad9710e-10ca-4c9d-9467-7720556f4b2e,2026-05-29T06:30:00Z,2026-05-29T08:30:00+0200,27798.86911,MW,DE,DE_LU,forecast_solar_generation,Solar,2026-06-25T11:27:13Z
2026-06-25T11:25:56Z,2026-06-25T13:25:56+0200,aad9710e-10ca-4c9d-9467-7720556f4b2e,2026-05-29T06:45:00Z,2026-05-29T08:45:00+0200,30879.00567,MW,DE,DE_LU,forecast_solar_generation,Solar,2026-06-25T11:27:13Z
2026-06-25T11:25:56Z,2026-06-25T13:25:56+0200,aad9710e-10ca-4c9d-9467-7720556f4b2e,2026-05-29T07:00:00Z,2026-05-29T09:00:00+0200,33850.84905,MW,DE,DE_LU,forecast_solar_generation,Solar,2026-06-25T11:27:13Z
2026-06-25T11:25:56Z,2026-06-25T13:25:56+0200,aad9710e-10ca-4c9d-9467-7720556f4b2e,2026-05-29T07:15:00Z,2026-05-29T09:15:00+0200,36620.70724,MW,DE,DE_LU,forecast_solar_generation,Solar,2026-06-25T11:27:13Z
2026-06-25T11:25:56Z,2026-06-25T13:25:56+0200,aad9710e-10ca-4c9d-9467-7720556f4b2e,2026-05-29T07:30:00Z,2026-05-29T09:30:00+0200,39201.07603,MW,DE,DE_LU,forecast_solar_generation,Solar,2026-06-25T11:27:13Z
2026-06-25T11:25:56Z,2026-06-25T13:25:56+0200,aad9710e-10ca-4c9d-9467-7720556f4b2e,2026-05-29T07:45:00Z,2026-05-29T09:45:00+0200,41561.83669,MW,DE,DE_LU,forecast_solar_generation,Solar,2026-06-25T11:27:13Z
2026-06-25T11:25:56Z,2026-06-25T13:25:56+0200,aad9710e-10ca-4c9d-9467-7720556f4b2e,2026-05-29T08:00:00Z,2026-05-29T10:00:00+0200,43674.37743,MW,DE,DE_LU,forecast_solar_generation,Solar,2026-06-25T11:27:13Z
2026-06-25T11:25:56Z,2026-06-25T13:25:56+0200,aad9710e-10ca-4c9d-9467-7720556f4b2e,2026-05-29T08:15:00Z,2026-05-29T10:15:00+0200,45548.12785,MW,DE,DE_LU,forecast_solar_generation,Solar,2026-06-25T11:27:13Z
2026-06-25T11:25:56Z,2026-06-25T13:25:56+0200,aad9710e-10ca-4c9d-9467-7720556f4b2e,2026-05-29T08:30:00Z,2026-05-29T10:30:00+0200,47197.76424,MW,DE,DE_LU,forecast_solar_generation,Solar,2026-06-25T11:27:13Z
2026-06-25T11:25:56Z,2026-06-25T13:25:56+0200,aad9710e-10ca-4c9d-9467-7720556f4b2e,2026-05-29T08:45:00Z,2026-05-29T10:45:00+0200,48692.07935,MW,DE,DE_LU,forecast_solar_generation,Solar,2026-06-25T11:27:13Z
2026-06-25T11:25:56Z,2026-06-25T13:25:56+0200,aad9710e-10ca-4c9d-9467-7720556f4b2e,2026-05-29T09:00:00Z,2026-05-29T11:00:00+0200,49819.99116,MW,DE,DE_LU,forecast_solar_generation,Solar,2026-06-25T11:27:13Z
2026-06-25T11:25:56Z,2026-06-25T13:25:56+0200,aad9710e-10ca-4c9d-9467-7720556f4b2e,2026-05-29T09:15:00Z,2026-05-29T11:15:00+0200,50771.33953,MW,DE,DE_LU,forecast_solar_generation,Solar,2026-06-25T11:27:13Z
2026-06-25T11:25:56Z,2026-06-25T13:25:56+0200,aad9710e-10ca-4c9d-9467-7720556f4b2e,2026-05-29T09:30:00Z,2026-05-29T11:30:00+0200,51493.71155,MW,DE,DE_LU,forecast_solar_generation,Solar,2026-06-25T11:27:13Z
2026-06-25T11:25:56Z,2026-06-25T13:25:56+0200,aad9710e-10ca-4c9d-9467-7720556f4b2e,2026-05-29T09:45:00Z,2026-05-29T11:45:00+0200,52035.24219,MW,DE,DE_LU,forecast_solar_generation,Solar,2026-06-25T11:27:13Z
2026-06-25T11:25:56Z,2026-06-25T13:25:56+0200,aad9710e-10ca-4c9d-9467-7720556f4b2e,2026-05-29T10:00:00Z,2026-05-29T12:00:00+0200,52459.15052,MW,DE,DE_LU,forecast_solar_generation,Solar,2026-06-25T11:27:13Z
2026-06-25T11:25:56Z,2026-06-25T13:25:56+0200,aad9710e-10ca-4c9d-9467-7720556f4b2e,2026-05-29T10:15:00Z,2026-05-29T12:15:00+0200,52750.74258,MW,DE,DE_LU,forecast_solar_generation,Solar,2026-06-25T11:27:13Z
2026-06-25T11:25:56Z,2026-06-25T13:25:56+0200,aad9710e-10ca-4c9d-9467-7720556f4b2e,2026-05-29T10:30:00Z,2026-05-29T12:30:00+0200,52920.02936,MW,DE,DE_LU,forecast_solar_generation,Solar,2026-06-25T11:27:13Z
2026-06-25T11:25:56Z,2026-06-25T13:25:56+0200,aad9710e-10ca-4c9d-9467-7720556f4b2e,2026-05-29T10:45:00Z,2026-05-29T12:45:00+0200,52964.81277,MW,DE,DE_LU,forecast_solar_generation,Solar,2026-06-25T11:27:13Z
2026-06-25T11:25:56Z,2026-06-25T13:25:56+0200,aad9710e-10ca-4c9d-9467-7720556f4b2e,2026-05-29T11:00:00Z,2026-05-29T13:00:00+0200,52911.68224,MW,DE,DE_LU,forecast_solar_generation,Solar,2026-06-25T11:27:13Z
2026-06-25T11:25:56Z,2026-06-25T13:25:56+0200,aad9710e-10ca-4c9d-9467-7720556f4b2e,2026-05-29T11:15:00Z,2026-05-29T13:15:00+0200,52722.68324,MW,DE,DE_LU,forecast_solar_generation,Solar,2026-06-25T11:27:13Z
2026-06-25T11:25:56Z,2026-06-25T13:25:56+0200,aad9710e-10ca-4c9d-9467-7720556f4b2e,2026-05-29T11:30:00Z,2026-05-29T13:30:00+0200,52348.04173,MW,DE,DE_LU,forecast_solar_generation,Solar,2026-06-25T11:27:13Z
2026-06-25T11:25:56Z,2026-06-25T13:25:56+0200,aad9710e-10ca-4c9d-9467-7720556f4b2e,2026-05-29T11:45:00Z,2026-05-29T13:45:00+0200,51895.10461,MW,DE,DE_LU,forecast_solar_generation,Solar,2026-06-25T11:27:13Z
2026-06-25T11:25:56Z,2026-06-25T13:25:56+0200,aad9710e-10ca-4c9d-9467-7720556f4b2e,2026-05-29T12:00:00Z,2026-05-29T14:00:00+0200,51228.07212,MW,DE,DE_LU,forecast_solar_generation,Solar,2026-06-25T11:27:13Z
2026-06-25T11:25:56Z,2026-06-25T13:25:56+0200,aad9710e-10ca-4c9d-9467-7720556f4b2e,2026-05-29T12:15:00Z,2026-05-29T14:15:00+0200,50522.75301,MW,DE,DE_LU,forecast_solar_generation,Solar,2026-06-25T11:27:13Z
2026-06-25T11:25:56Z,2026-06-25T13:25:56+0200,aad9710e-10ca-4c9d-9467-7720556f4b2e,2026-05-29T12:30:00Z,2026-05-29T14:30:00+0200,49682.58071,MW,DE,DE_LU,forecast_solar_generation,Solar,2026-06-25T11:27:13Z
2026-06-25T11:25:56Z,2026-06-25T13:25:56+0200,aad9710e-10ca-4c9d-9467-7720556f4b2e,2026-05-29T12:45:00Z,2026-05-29T14:45:00+0200,48650.4221,MW,DE,DE_LU,forecast_solar_generation,Solar,2026-06-25T11:27:13Z
2026-06-25T11:25:56Z,2026-06-25T13:25:56+0200,aad9710e-10ca-4c9d-9467-7720556f4b2e,2026-05-29T13:00:00Z,2026-05-29T15:00:00+0200,47237.53903,MW,DE,DE_LU,forecast_solar_generation,Solar,2026-06-25T11:27:13Z
2026-06-25T11:25:56Z,2026-06-25T13:25:56+0200,aad9710e-10ca-4c9d-9467-7720556f4b2e,2026-05-29T13:15:00Z,2026-05-29T15:15:00+0200,45772.02029,MW,DE,DE_LU,forecast_solar_generation,Solar,2026-06-25T11:27:13Z
2026-06-25T11:25:56Z,2026-06-25T13:25:56+0200,aad9710e-10ca-4c9d-9467-7720556f4b2e,2026-05-29T13:30:00Z,2026-05-29T15:30:00+0200,44158.57849,MW,DE,DE_LU,forecast_solar_generation,Solar,2026-06-25T11:27:13Z
2026-06-25T11:25:56Z,2026-06-25T13:25:56+0200,aad9710e-10ca-4c9d-9467-7720556f4b2e,2026-05-29T13:45:00Z,2026-05-29T15:45:00+0200,42436.50135,MW,DE,DE_LU,forecast_solar_generation,Solar,2026-06-25T11:27:13Z
2026-06-25T11:25:56Z,2026-06-25T13:25:56+0200,aad9710e-10ca-4c9d-9467-7720556f4b2e,2026-05-29T14:00:00Z,2026-05-29T16:00:00+0200,40511.62498,MW,DE,DE_LU,forecast_solar_generation,Solar,2026-06-25T11:27:13Z
2026-06-25T11:25:56Z,2026-06-25T13:25:56+0200,aad9710e-10ca-4c9d-9467-7720556f4b2e,2026-05-29T14:15:00Z,2026-05-29T16:15:00+0200,38460.29526,MW,DE,DE_LU,forecast_solar_generation,Solar,2026-06-25T11:27:13Z
2026-06-25T11:25:56Z,2026-06-25T13:25:56+0200,aad9710e-10ca-4c9d-9467-7720556f4b2e,2026-05-29T14:30:00Z,2026-05-29T16:30:00+0200,36249.6106,MW,DE,DE_LU,forecast_solar_generation,Solar,2026-06-25T11:27:13Z
2026-06-25T11:25:56Z,2026-06-25T13:25:56+0200,aad9710e-10ca-4c9d-9467-7720556f4b2e,2026-05-29T14:45:00Z,2026-05-29T16:45:00+0200,33837.94347,MW,DE,DE_LU,forecast_solar_generation,Solar,2026-06-25T11:27:13Z
2026-06-25T11:25:56Z,2026-06-25T13:25:56+0200,aad9710e-10ca-4c9d-9467-7720556f4b2e,2026-05-29T15:00:00Z,2026-05-29T17:00:00+0200,31278.00249,MW,DE,DE_LU,forecast_solar_generation,Solar,2026-06-25T11:27:13Z
2026-06-25T11:25:56Z,2026-06-25T13:25:56+0200,aad9710e-10ca-4c9d-9467-7720556f4b2e,2026-05-29T15:15:00Z,2026-05-29T17:15:00+0200,28560.55115,MW,DE,DE_LU,forecast_solar_generation,Solar,2026-06-25T11:27:13Z
2026-06-25T11:25:56Z,2026-06-25T13:25:56+0200,aad9710e-10ca-4c9d-9467-7720556f4b2e,2026-05-29T15:30:00Z,2026-05-29T17:30:00+0200,25746.64641,MW,DE,DE_LU,forecast_solar_generation,Solar,2026-06-25T11:27:13Z
2026-06-25T11:25:56Z,2026-06-25T13:25:56+0200,aad9710e-10ca-4c9d-9467-7720556f4b2e,2026-05-29T15:45:00Z,2026-05-29T17:45:00+0200,22903.34424,MW,DE,DE_LU,forecast_solar_generation,Solar,2026-06-25T11:27:13Z
2026-06-25T11:25:56Z,2026-06-25T13:25:56+0200,aad9710e-10ca-4c9d-9467-7720556f4b2e,2026-05-29T16:00:00Z,2026-05-29T18:00:00+0200,20080.21291,MW,DE,DE_LU,forecast_solar_generation,Solar,2026-06-25T11:27:13Z
2026-06-25T11:25:56Z,2026-06-25T13:25:56+0200,aad9710e-10ca-4c9d-9467-7720556f4b2e,2026-05-29T16:15:00Z,2026-05-29T18:15:00+0200,17298.75362,MW,DE,DE_LU,forecast_solar_generation,Solar,2026-06-25T11:27:13Z
2026-06-25T11:25:56Z,2026-06-25T13:25:56+0200,aad9710e-10ca-4c9d-9467-7720556f4b2e,2026-05-29T16:30:00Z,2026-05-29T18:30:00+0200,14631.59681,MW,DE,DE_LU,forecast_solar_generation,Solar,2026-06-25T11:27:13Z
2026-06-25T11:25:56Z,2026-06-25T13:25:56+0200,aad9710e-10ca-4c9d-9467-7720556f4b2e,2026-05-29T16:45:00Z,2026-05-29T18:45:00+0200,12155.35686,MW,DE,DE_LU,forecast_solar_generation,Solar,2026-06-25T11:27:13Z
2026-06-25T11:25:56Z,2026-06-25T13:25:56+0200,aad9710e-10ca-4c9d-9467-7720556f4b2e,2026-05-29T17:00:00Z,2026-05-29T19:00:00+0200,9889.36702,MW,DE,DE_LU,forecast_solar_generation,Solar,2026-06-25T11:27:13Z
2026-06-25T11:25:56Z,2026-06-25T13:25:56+0200,aad9710e-10ca-4c9d-9467-7720556f4b2e,2026-05-29T17:15:00Z,2026-05-29T19:15:00+0200,7857.6586,MW,DE,DE_LU,forecast_solar_generation,Solar,2026-06-25T11:27:13Z
2026-06-25T11:25:56Z,2026-06-25T13:25:56+0200,aad9710e-10ca-4c9d-9467-7720556f4b2e,2026-05-29T17:30:00Z,2026-05-29T19:30:00+0200,6098.04423,MW,DE,DE_LU,forecast_solar_generation,Solar,2026-06-25T11:27:13Z
2026-06-25T11:25:56Z,2026-06-25T13:25:56+0200,aad9710e-10ca-4c9d-9467-7720556f4b2e,2026-05-29T17:45:00Z,2026-05-29T19:45:00+0200,4571.9479,MW,DE,DE_LU,forecast_solar_generation,Solar,2026-06-25T11:27:13Z
2026-06-25T11:25:56Z,2026-06-25T13:25:56+0200,aad9710e-10ca-4c9d-9467-7720556f4b2e,2026-05-29T18:00:00Z,2026-05-29T20:00:00+0200,3263.72263,MW,DE,DE_LU,forecast_solar_generation,Solar,2026-06-25T11:27:13Z
2026-06-25T11:25:56Z,2026-06-25T13:25:56+0200,aad9710e-10ca-4c9d-9467-7720556f4b2e,2026-05-29T18:15:00Z,2026-05-29T20:15:00+0200,2155.55071,MW,DE,DE_LU,forecast_solar_generation,Solar,2026-06-25T11:27:13Z
2026-06-25T11:25:56Z,2026-06-25T13:25:56+0200,aad9710e-10ca-4c9d-9467-7720556f4b2e,2026-05-29T18:30:00Z,2026-05-29T20:30:00+0200,1253.6357,MW,DE,DE_LU,forecast_solar_generation,Solar,2026-06-25T11:27:13Z
2026-06-25T11:25:56Z,2026-06-25T13:25:56+0200,aad9710e-10ca-4c9d-9467-7720556f4b2e,2026-05-29T18:45:00Z,2026-05-29T20:45:00+0200,566.71729,MW,DE,DE_LU,forecast_solar_generation,Solar,2026-06-25T11:27:13Z
2026-06-25T11:25:56Z,2026-06-25T13:25:56+0200,aad9710e-10ca-4c9d-9467-7720556f4b2e,2026-05-29T19:00:00Z,2026-05-29T21:00:00+0200,178.51605,MW,DE,DE_LU,forecast_solar_generation,Solar,2026-06-25T11:27:13Z
2026-06-25T11:25:56Z,2026-06-25T13:25:56+0200,aad9710e-10ca-4c9d-9467-7720556f4b2e,2026-05-29T19:15:00Z,2026-05-29T21:15:00+0200,51.86491,MW,DE,DE_LU,forecast_solar_generation,Solar,2026-06-25T11:27:13Z
2026-06-25T11:25:56Z,2026-06-25T13:25:56+0200,aad9710e-10ca-4c9d-9467-7720556f4b2e,2026-05-29T19:30:00Z,2026-05-29T21:30:00+0200,20.72645,MW,DE,DE_LU,forecast_solar_generation,Solar,2026-06-25T11:27:13Z
2026-06-25T11:25:56Z,2026-06-25T13:25:56+0200,aad9710e-10ca-4c9d-9467-7720556f4b2e,2026-05-29T19:45:00Z,2026-05-29T21:45:00+0200,4.912,MW,DE,DE_LU,forecast_solar_generation,Solar,2026-06-25T11:27:13Z
2026-06-25T11:25:56Z,2026-06-25T13:25:56+0200,aad9710e-10ca-4c9d-9467-7720556f4b2e,2026-05-29T20:00:00Z,2026-05-29T22:00:00+0200,0.0,MW,DE,DE_LU,forecast_solar_generation,Solar,2026-06-25T11:27:13Z
2026-06-25T11:25:56Z,2026-06-25T13:25:56+0200,aad9710e-10ca-4c9d-9467-7720556f4b2e,2026-05-29T20:15:00Z,2026-05-29T22:15:00+0200,0.0,MW,DE,DE_LU,forecast_solar_generation,Solar,2026-06-25T11:27:13Z
2026-06-25T11:25:56Z,2026-06-25T13:25:56+0200,aad9710e-10ca-4c9d-9467-7720556f4b2e,2026-05-29T20:30:00Z,2026-05-29T22:30:00+0200,0.0,MW,DE,DE_LU,forecast_solar_generation,Solar,2026-06-25T11:27:13Z
2026-06-25T11:25:56Z,2026-06-25T13:25:56+0200,aad9710e-10ca-4c9d-9467-7720556f4b2e,2026-05-29T20:45:00Z,2026-05-29T22:45:00+0200,0.0,MW,DE,DE_LU,forecast_solar_generation,Solar,2026-06-25T11:27:13Z
2026-06-25T11:25:56Z,2026-06-25T13:25:56+0200,aad9710e-10ca-4c9d-9467-7720556f4b2e,2026-05-29T21:00:00Z,2026-05-29T23:00:00+0200,0.0,MW,DE,DE_LU,forecast_solar_generation,Solar,2026-06-25T11:27:13Z
2026-06-25T11:25:56Z,2026-06-25T13:25:56+0200,aad9710e-10ca-4c9d-9467-7720556f4b2e,2026-05-29T21:15:00Z,2026-05-29T23:15:00+0200,0.0,MW,DE,DE_LU,forecast_solar_generation,Solar,2026-06-25T11:27:13Z
2026-06-25T11:25:56Z,2026-06-25T13:25:56+0200,aad9710e-10ca-4c9d-9467-7720556f4b2e,2026-05-29T21:30:00Z,2026-05-29T23:30:00+0200,0.0,MW,DE,DE_LU,forecast_solar_generation,Solar,2026-06-25T11:27:13Z
2026-06-25T11:25:56Z,2026-06-25T13:25:56+0200,aad9710e-10ca-4c9d-9467-7720556f4b2e,2026-05-29T21:45:00Z,2026-05-29T23:45:00+0200,0.0,MW,DE,DE_LU,forecast_solar_generation,Solar,2026-06-25T11:27:13Z
2026-06-25T11:25:56Z,2026-06-25T13:25:56+0200,aad9710e-10ca-4c9d-9467-7720556f4b2e,2026-05-29T22:00:00Z,2026-05-30T00:00:00+0200,0.0,MW,DE,DE_LU,forecast_solar_generation,Solar,2026-06-25T11:27:13Z
2026-06-25T11:25:56Z,2026-06-25T13:25:56+0200,aad9710e-10ca-4c9d-9467-7720556f4b2e,2026-05-29T22:15:00Z,2026-05-30T00:15:00+0200,0.0,MW,DE,DE_LU,forecast_solar_generation,Solar,2026-06-25T11:27:13Z
2026-06-25T11:25:56Z,2026-06-25T13:25:56+0200,aad9710e-10ca-4c9d-9467-7720556f4b2e,2026-05-29T22:30:00Z,2026-05-30T00:30:00+0200,0.0,MW,DE,DE_LU,forecast_solar_generation,Solar,2026-06-25T11:27:13Z
2026-06-25T11:25:56Z,2026-06-25T13:25:56+0200,aad9710e-10ca-4c9d-9467-7720556f4b2e,2026-05-29T22:45:00Z,2026-05-30T00:45:00+0200,0.0,MW,DE,DE_LU,forecast_solar_generation,Solar,2026-06-25T11:27:13Z
2026-06-25T11:25:56Z,2026-06-25T13:25:56+0200,aad9710e-10ca-4c9d-9467-7720556f4b2e,2026-05-29T23:00:00Z,2026-05-30T01:00:00+0200,0.0,MW,DE,DE_LU,forecast_solar_generation,Solar,2026-06-25T11:27:13Z
2026-06-25T11:25:56Z,2026-06-25T13:25:56+0200,aad9710e-10ca-4c9d-9467-7720556f4b2e,2026-05-29T23:15:00Z,2026-05-30T01:15:00+0200,0.0,MW,DE,DE_LU,forecast_solar_generation,Solar,2026-06-25T11:27:13Z
2026-06-25T11:25:56Z,2026-06-25T13:25:56+0200,aad9710e-10ca-4c9d-9467-7720556f4b2e,2026-05-29T23:30:00Z,2026-05-30T01:30:00+0200,0.0,MW,DE,DE_LU,forecast_solar_generation,Solar,2026-06-25T11:27:13Z
2026-06-25T11:25:56Z,2026-06-25T13:25:56+0200,aad9710e-10ca-4c9d-9467-7720556f4b2e,2026-05-29T23:45:00Z,2026-05-30T01:45:00+0200,0.0,MW,DE,DE_LU,forecast_solar_generation,Solar,2026-06-25T11:27:13Z
2026-06-25T11:25:56Z,2026-06-25T13:25:56+0200,aad9710e-10ca-4c9d-9467-7720556f4b2e,2026-05-30T00:00:00Z,2026-05-30T02:00:00+0200,0.0,MW,DE,DE_LU,forecast_solar_generation,Solar,2026-06-25T11:27:13Z
2026-06-25T11:25:56Z,2026-06-25T13:25:56+0200,aad9710e-10ca-4c9d-9467-7720556f4b2e,2026-05-30T00:15:00Z,2026-05-30T02:15:00+0200,0.0,MW,DE,DE_LU,forecast_solar_generation,Solar,2026-06-25T11:27:13Z
2026-06-25T11:25:56Z,2026-06-25T13:25:56+0200,aad9710e-10ca-4c9d-9467-7720556f4b2e,2026-05-30T00:30:00Z,2026-05-30T02:30:00+0200,0.0,MW,DE,DE_LU,forecast_solar_generation,Solar,2026-06-25T11:27:13Z
2026-06-25T11:25:56Z,2026-06-25T13:25:56+0200,aad9710e-10ca-4c9d-9467-7720556f4b2e,2026-05-30T00:45:00Z,2026-05-30T02:45:00+0200,0.0,MW,DE,DE_LU,forecast_solar_generation,Solar,2026-06-25T11:27:13Z
2026-06-25T11:25:56Z,2026-06-25T13:25:56+0200,aad9710e-10ca-4c9d-9467-7720556f4b2e,2026-05-30T01:00:00Z,2026-05-30T03:00:00+0200,0.0,MW,DE,DE_LU,forecast_solar_generation,Solar,2026-06-25T11:27:13Z
2026-06-25T11:25:56Z,2026-06-25T13:25:56+0200,aad9710e-10ca-4c9d-9467-7720556f4b2e,2026-05-30T01:15:00Z,2026-05-30T03:15:00+0200,0.0,MW,DE,DE_LU,forecast_solar_generation,Solar,2026-06-25T11:27:13Z
2026-06-25T11:25:56Z,2026-06-25T13:25:56+0200,aad9710e-10ca-4c9d-9467-7720556f4b2e,2026-05-30T01:30:00Z,2026-05-30T03:30:00+0200,0.0,MW,DE,DE_LU,forecast_solar_generation,Solar,2026-06-25T11:27:13Z
2026-06-25T11:25:56Z,2026-06-25T13:25:56+0200,aad9710e-10ca-4c9d-9467-7720556f4b2e,2026-05-30T01:45:00Z,2026-05-30T03:45:00+0200,0.0,MW,DE,DE_LU,forecast_solar_generation,Solar,2026-06-25T11:27:13Z
2026-06-25T11:25:56Z,2026-06-25T13:25:56+0200,aad9710e-10ca-4c9d-9467-7720556f4b2e,2026-05-30T02:00:00Z,2026-05-30T04:00:00+0200,0.0,MW,DE,DE_LU,forecast_solar_generation,Solar,2026-06-25T11:27:13Z
2026-06-25T11:25:56Z,2026-06-25T13:25:56+0200,aad9710e-10ca-4c9d-9467-7720556f4b2e,2026-05-30T02:15:00Z,2026-05-30T04:15:00+0200,0.0,MW,DE,DE_LU,forecast_solar_generation,Solar,2026-06-25T11:27:13Z
2026-06-25T11:25:56Z,2026-06-25T13:25:56+0200,aad9710e-10ca-4c9d-9467-7720556f4b2e,2026-05-30T02:30:00Z,2026-05-30T04:30:00+0200,0.0,MW,DE,DE_LU,forecast_solar_generation,Solar,2026-06-25T11:27:13Z
2026-06-25T11:25:56Z,2026-06-25T13:25:56+0200,aad9710e-10ca-4c9d-9467-7720556f4b2e,2026-05-30T02:45:00Z,2026-05-30T04:45:00+0200,5.245,MW,DE,DE_LU,forecast_solar_generation,Solar,2026-06-25T11:27:13Z
2026-06-25T11:25:56Z,2026-06-25T13:25:56+0200,aad9710e-10ca-4c9d-9467-7720556f4b2e,2026-05-30T03:00:00Z,2026-05-30T05:00:00+0200,87.44618,MW,DE,DE_LU,forecast_solar_generation,Solar,2026-06-25T11:27:13Z
2026-06-25T11:25:56Z,2026-06-25T13:25:56+0200,aad9710e-10ca-4c9d-9467-7720556f4b2e,2026-05-30T03:15:00Z,2026-05-30T05:15:00+0200,287.75953,MW,DE,DE_LU,forecast_solar_generation,Solar,2026-06-25T11:27:13Z
2026-06-25T11:25:56Z,2026-06-25T13:25:56+0200,aad9710e-10ca-4c9d-9467-7720556f4b2e,2026-05-30T03:30:00Z,2026-05-30T05:30:00+0200,625.30899,MW,DE,DE_LU,forecast_solar_generation,Solar,2026-06-25T11:27:13Z
2026-06-25T11:25:56Z,2026-06-25T13:25:56+0200,aad9710e-10ca-4c9d-9467-7720556f4b2e,2026-05-30T03:45:00Z,2026-05-30T05:45:00+0200,1185.15171,MW,DE,DE_LU,forecast_solar_generation,Solar,2026-06-25T11:27:13Z
2026-06-25T11:25:56Z,2026-06-25T13:25:56+0200,aad9710e-10ca-4c9d-9467-7720556f4b2e,2026-05-30T04:00:00Z,2026-05-30T06:00:00+0200,2013.96874,MW,DE,DE_LU,forecast_solar_generation,Solar,2026-06-25T11:27:13Z
2026-06-25T11:25:56Z,2026-06-25T13:25:56+0200,aad9710e-10ca-4c9d-9467-7720556f4b2e,2026-05-30T04:15:00Z,2026-05-30T06:15:00+0200,3091.94807,MW,DE,DE_LU,forecast_solar_generation,Solar,2026-06-25T11:27:13Z
2026-06-25T11:25:56Z,2026-06-25T13:25:56+0200,aad9710e-10ca-4c9d-9467-7720556f4b2e,2026-05-30T04:30:00Z,2026-05-30T06:30:00+0200,4386.65003,MW,DE,DE_LU,forecast_solar_generation,Solar,2026-06-25T11:27:13Z
2026-06-25T11:25:56Z,2026-06-25T13:25:56+0200,aad9710e-10ca-4c9d-9467-7720556f4b2e,2026-05-30T04:45:00Z,2026-05-30T06:45:00+0200,5892.28203,MW,DE,DE_LU,forecast_solar_generation,Solar,2026-06-25T11:27:13Z
2026-06-25T11:25:56Z,2026-06-25T13:25:56+0200,aad9710e-10ca-4c9d-9467-7720556f4b2e,2026-05-30T05:00:00Z,2026-05-30T07:00:00+0200,7607.12038,MW,DE,DE_LU,forecast_solar_generation,Solar,2026-06-25T11:27:13Z
2026-06-25T11:25:56Z,2026-06-25T13:25:56+0200,aad9710e-10ca-4c9d-9467-7720556f4b2e,2026-05-30T05:15:00Z,2026-05-30T07:15:00+0200,9539.58114,MW,DE,DE_LU,forecast_solar_generation,Solar,2026-06-25T11:27:13Z
2026-06-25T11:25:56Z,2026-06-25T13:25:56+0200,aad9710e-10ca-4c9d-9467-7720556f4b2e,2026-05-30T05:30:00Z,2026-05-30T07:30:00+0200,11678.33039,MW,DE,DE_LU,forecast_solar_generation,Solar,2026-06-25T11:27:13Z
2026-06-25T11:25:56Z,2026-06-25T13:25:56+0200,aad9710e-10ca-4c9d-9467-7720556f4b2e,2026-05-30T05:45:00Z,2026-05-30T07:45:00+0200,14000.49178,MW,DE,DE_LU,forecast_solar_generation,Solar,2026-06-25T11:27:13Z
2026-06-25T11:25:56Z,2026-06-25T13:25:56+0200,aad9710e-10ca-4c9d-9467-7720556f4b2e,2026-05-30T06:00:00Z,2026-05-30T08:00:00+0200,16461.71687,MW,DE,DE_LU,forecast_solar_generation,Solar,2026-06-25T11:27:13Z
2026-06-25T11:25:56Z,2026-06-25T13:25:56+0200,aad9710e-10ca-4c9d-9467-7720556f4b2e,2026-05-30T06:15:00Z,2026-05-30T08:15:00+0200,19058.29999,MW,DE,DE_LU,forecast_solar_generation,Solar,2026-06-25T11:27:13Z
2026-06-25T11:25:56Z,2026-06-25T13:25:56+0200,aad9710e-10ca-4c9d-9467-7720556f4b2e,2026-05-30T06:30:00Z,2026-05-30T08:30:00+0200,21728.77898,MW,DE,DE_LU,forecast_solar_generation,Solar,2026-06-25T11:27:13Z
2026-06-25T11:25:56Z,2026-06-25T13:25:56+0200,aad9710e-10ca-4c9d-9467-7720556f4b2e,2026-05-30T06:45:00Z,2026-05-30T08:45:00+0200,24379.53765,MW,DE,DE_LU,forecast_solar_generation,Solar,2026-06-25T11:27:13Z
2026-06-25T11:25:56Z,2026-06-25T13:25:56+0200,aad9710e-10ca-4c9d-9467-7720556f4b2e,2026-05-30T07:00:00Z,2026-05-30T09:00:00+0200,26913.14873,MW,DE,DE_LU,forecast_solar_generation,Solar,2026-06-25T11:27:13Z
2026-06-25T11:25:56Z,2026-06-25T13:25:56+0200,aad9710e-10ca-4c9d-9467-7720556f4b2e,2026-05-30T07:15:00Z,2026-05-30T09:15:00+0200,29367.80527,MW,DE,DE_LU,forecast_solar_generation,Solar,2026-06-25T11:27:13Z
2026-06-25T11:25:56Z,2026-06-25T13:25:56+0200,aad9710e-10ca-4c9d-9467-7720556f4b2e,2026-05-30T07:30:00Z,2026-05-30T09:30:00+0200,31688.40878,MW,DE,DE_LU,forecast_solar_generation,Solar,2026-06-25T11:27:13Z
2026-06-25T11:25:56Z,2026-06-25T13:25:56+0200,aad9710e-10ca-4c9d-9467-7720556f4b2e,2026-05-30T07:45:00Z,2026-05-30T09:45:00+0200,33837.25377,MW,DE,DE_LU,forecast_solar_generation,Solar,2026-06-25T11:27:13Z
2026-06-25T11:25:56Z,2026-06-25T13:25:56+0200,aad9710e-10ca-4c9d-9467-7720556f4b2e,2026-05-30T08:00:00Z,2026-05-30T10:00:00+0200,35816.20062,MW,DE,DE_LU,forecast_solar_generation,Solar,2026-06-25T11:27:13Z
2026-06-25T11:25:56Z,2026-06-25T13:25:56+0200,aad9710e-10ca-4c9d-9467-7720556f4b2e,2026-05-30T08:15:00Z,2026-05-30T10:15:00+0200,37591.25089,MW,DE,DE_LU,forecast_solar_generation,Solar,2026-06-25T11:27:13Z
2026-06-25T11:25:56Z,2026-06-25T13:25:56+0200,aad9710e-10ca-4c9d-9467-7720556f4b2e,2026-05-30T08:30:00Z,2026-05-30T10:30:00+0200,39190.22891,MW,DE,DE_LU,forecast_solar_generation,Solar,2026-06-25T11:27:13Z
2026-06-25T11:25:56Z,2026-06-25T13:25:56+0200,aad9710e-10ca-4c9d-9467-7720556f4b2e,2026-05-30T08:45:00Z,2026-05-30T10:45:00+0200,40606.79172,MW,DE,DE_LU,forecast_solar_generation,Solar,2026-06-25T11:27:13Z
2026-06-25T11:25:56Z,2026-06-25T13:25:56+0200,aad9710e-10ca-4c9d-9467-7720556f4b2e,2026-05-30T09:00:00Z,2026-05-30T11:00:00+0200,41771.82696,MW,DE,DE_LU,forecast_solar_generation,Solar,2026-06-25T11:27:13Z
2026-06-25T11:25:56Z,2026-06-25T13:25:56+0200,aad9710e-10ca-4c9d-9467-7720556f4b2e,2026-05-30T09:15:00Z,2026-05-30T11:15:00+0200,42803.11399,MW,DE,DE_LU,forecast_solar_generation,Solar,2026-06-25T11:27:13Z
2026-06-25T11:25:56Z,2026-06-25T13:25:56+0200,aad9710e-10ca-4c9d-9467-7720556f4b2e,2026-05-30T09:30:00Z,2026-05-30T11:30:00+0200,43556.92861,MW,DE,DE_LU,forecast_solar_generation,Solar,2026-06-25T11:27:13Z
2026-06-25T11:25:56Z,2026-06-25T13:25:56+0200,aad9710e-10ca-4c9d-9467-7720556f4b2e,2026-05-30T09:45:00Z,2026-05-30T11:45:00+0200,44282.67905,MW,DE,DE_LU,forecast_solar_generation,Solar,2026-06-25T11:27:13Z
2026-06-25T11:25:56Z,2026-06-25T13:25:56+0200,aad9710e-10ca-4c9d-9467-7720556f4b2e,2026-05-30T10:00:00Z,2026-05-30T12:00:00+0200,44849.63218,MW,DE,DE_LU,forecast_solar_generation,Solar,2026-06-25T11:27:13Z
2026-06-25T11:25:56Z,2026-06-25T13:25:56+0200,aad9710e-10ca-4c9d-9467-7720556f4b2e,2026-05-30T10:15:00Z,2026-05-30T12:15:00+0200,45326.15869,MW,DE,DE_LU,forecast_solar_generation,Solar,2026-06-25T11:27:13Z
2026-06-25T11:25:56Z,2026-06-25T13:25:56+0200,aad9710e-10ca-4c9d-9467-7720556f4b2e,2026-05-30T10:30:00Z,2026-05-30T12:30:00+0200,45681.08976,MW,DE,DE_LU,forecast_solar_generation,Solar,2026-06-25T11:27:13Z
2026-06-25T11:25:56Z,2026-06-25T13:25:56+0200,aad9710e-10ca-4c9d-9467-7720556f4b2e,2026-05-30T10:45:00Z,2026-05-30T12:45:00+0200,45881.1823,MW,DE,DE_LU,forecast_solar_generation,Solar,2026-06-25T11:27:13Z
2026-06-25T11:25:56Z,2026-06-25T13:25:56+0200,aad9710e-10ca-4c9d-9467-7720556f4b2e,2026-05-30T11:00:00Z,2026-05-30T13:00:00+0200,45935.17266,MW,DE,DE_LU,forecast_solar_generation,Solar,2026-06-25T11:27:13Z
2026-06-25T11:25:56Z,2026-06-25T13:25:56+0200,aad9710e-10ca-4c9d-9467-7720556f4b2e,2026-05-30T11:15:00Z,2026-05-30T13:15:00+0200,45856.30202,MW,DE,DE_LU,forecast_solar_generation,Solar,2026-06-25T11:27:13Z
2026-06-25T11:25:56Z,2026-06-25T13:25:56+0200,aad9710e-10ca-4c9d-9467-7720556f4b2e,2026-05-30T11:30:00Z,2026-05-30T13:30:00+0200,45533.24902,MW,DE,DE_LU,forecast_solar_generation,Solar,2026-06-25T11:27:13Z
2026-06-25T11:25:56Z,2026-06-25T13:25:56+0200,aad9710e-10ca-4c9d-9467-7720556f4b2e,2026-05-30T11:45:00Z,2026-05-30T13:45:00+0200,45131.32892,MW,DE,DE_LU,forecast_solar_generation,Solar,2026-06-25T11:27:13Z
2026-06-25T11:25:56Z,2026-06-25T13:25:56+0200,aad9710e-10ca-4c9d-9467-7720556f4b2e,2026-05-30T12:00:00Z,2026-05-30T14:00:00+0200,44569.72318,MW,DE,DE_LU,forecast_solar_generation,Solar,2026-06-25T11:27:13Z
2026-06-25T11:25:56Z,2026-06-25T13:25:56+0200,aad9710e-10ca-4c9d-9467-7720556f4b2e,2026-05-30T12:15:00Z,2026-05-30T14:15:00+0200,43939.95973,MW,DE,DE_LU,forecast_solar_generation,Solar,2026-06-25T11:27:13Z
2026-06-25T11:25:56Z,2026-06-25T13:25:56+0200,aad9710e-10ca-4c9d-9467-7720556f4b2e,2026-05-30T12:30:00Z,2026-05-30T14:30:00+0200,43213.08968,MW,DE,DE_LU,forecast_solar_generation,Solar,2026-06-25T11:27:13Z
2026-06-25T11:25:56Z,2026-06-25T13:25:56+0200,aad9710e-10ca-4c9d-9467-7720556f4b2e,2026-05-30T12:45:00Z,2026-05-30T14:45:00+0200,42313.65493,MW,DE,DE_LU,forecast_solar_generation,Solar,2026-06-25T11:27:13Z
2026-06-25T11:25:56Z,2026-06-25T13:25:56+0200,aad9710e-10ca-4c9d-9467-7720556f4b2e,2026-05-30T13:00:00Z,2026-05-30T15:00:00+0200,41329.84253,MW,DE,DE_LU,forecast_solar_generation,Solar,2026-06-25T11:27:13Z
2026-06-25T11:25:56Z,2026-06-25T13:25:56+0200,aad9710e-10ca-4c9d-9467-7720556f4b2e,2026-05-30T13:15:00Z,2026-05-30T15:15:00+0200,40337.2359,MW,DE,DE_LU,forecast_solar_generation,Solar,2026-06-25T11:27:13Z
2026-06-25T11:25:56Z,2026-06-25T13:25:56+0200,aad9710e-10ca-4c9d-9467-7720556f4b2e,2026-05-30T13:30:00Z,2026-05-30T15:30:00+0200,39193.52791,MW,DE,DE_LU,forecast_solar_generation,Solar,2026-06-25T11:27:13Z
2026-06-25T11:25:56Z,2026-06-25T13:25:56+0200,aad9710e-10ca-4c9d-9467-7720556f4b2e,2026-05-30T13:45:00Z,2026-05-30T15:45:00+0200,37858.08169,MW,DE,DE_LU,forecast_solar_generation,Solar,2026-06-25T11:27:13Z
2026-06-25T11:25:56Z,2026-06-25T13:25:56+0200,aad9710e-10ca-4c9d-9467-7720556f4b2e,2026-05-30T14:00:00Z,2026-05-30T16:00:00+0200,36363.29261,MW,DE,DE_LU,forecast_solar_generation,Solar,2026-06-25T11:27:13Z
2026-06-25T11:25:56Z,2026-06-25T13:25:56+0200,aad9710e-10ca-4c9d-9467-7720556f4b2e,2026-05-30T14:15:00Z,2026-05-30T16:15:00+0200,34720.3273,MW,DE,DE_LU,forecast_solar_generation,Solar,2026-06-25T11:27:13Z
2026-06-25T11:25:56Z,2026-06-25T13:25:56+0200,aad9710e-10ca-4c9d-9467-7720556f4b2e,2026-05-30T14:30:00Z,2026-05-30T16:30:00+0200,33018.00948,MW,DE,DE_LU,forecast_solar_generation,Solar,2026-06-25T11:27:13Z
2026-06-25T11:25:56Z,2026-06-25T13:25:56+0200,aad9710e-10ca-4c9d-9467-7720556f4b2e,2026-05-30T14:45:00Z,2026-05-30T16:45:00+0200,31167.05723,MW,DE,DE_LU,forecast_solar_generation,Solar,2026-06-25T11:27:13Z
2026-06-25T11:25:56Z,2026-06-25T13:25:56+0200,aad9710e-10ca-4c9d-9467-7720556f4b2e,2026-05-30T15:00:00Z,2026-05-30T17:00:00+0200,29184.01165,MW,DE,DE_LU,forecast_solar_generation,Solar,2026-06-25T11:27:13Z
2026-06-25T11:25:56Z,2026-06-25T13:25:56+0200,aad9710e-10ca-4c9d-9467-7720556f4b2e,2026-05-30T15:15:00Z,2026-05-30T17:15:00+0200,27055.63447,MW,DE,DE_LU,forecast_solar_generation,Solar,2026-06-25T11:27:13Z
2026-06-25T11:25:56Z,2026-06-25T13:25:56+0200,aad9710e-10ca-4c9d-9467-7720556f4b2e,2026-05-30T15:30:00Z,2026-05-30T17:30:00+0200,24815.38622,MW,DE,DE_LU,forecast_solar_generation,Solar,2026-06-25T11:27:13Z
2026-06-25T11:25:56Z,2026-06-25T13:25:56+0200,aad9710e-10ca-4c9d-9467-7720556f4b2e,2026-05-30T15:45:00Z,2026-05-30T17:45:00+0200,22435.70395,MW,DE,DE_LU,forecast_solar_generation,Solar,2026-06-25T11:27:13Z
2026-06-25T11:25:56Z,2026-06-25T13:25:56+0200,aad9710e-10ca-4c9d-9467-7720556f4b2e,2026-05-30T16:00:00Z,2026-05-30T18:00:00+0200,19965.8391,MW,DE,DE_LU,forecast_solar_generation,Solar,2026-06-25T11:27:13Z
2026-06-25T11:25:56Z,2026-06-25T13:25:56+0200,aad9710e-10ca-4c9d-9467-7720556f4b2e,2026-05-30T16:15:00Z,2026-05-30T18:15:00+0200,17419.26269,MW,DE,DE_LU,forecast_solar_generation,Solar,2026-06-25T11:27:13Z
2026-06-25T11:25:56Z,2026-06-25T13:25:56+0200,aad9710e-10ca-4c9d-9467-7720556f4b2e,2026-05-30T16:30:00Z,2026-05-30T18:30:00+0200,14879.32718,MW,DE,DE_LU,forecast_solar_generation,Solar,2026-06-25T11:27:13Z
2026-06-25T11:25:56Z,2026-06-25T13:25:56+0200,aad9710e-10ca-4c9d-9467-7720556f4b2e,2026-05-30T16:45:00Z,2026-05-30T18:45:00+0200,12455.81287,MW,DE,DE_LU,forecast_solar_generation,Solar,2026-06-25T11:27:13Z
2026-06-25T11:25:56Z,2026-06-25T13:25:56+0200,aad9710e-10ca-4c9d-9467-7720556f4b2e,2026-05-30T17:00:00Z,2026-05-30T19:00:00+0200,10222.31672,MW,DE,DE_LU,forecast_solar_generation,Solar,2026-06-25T11:27:13Z
2026-06-25T11:25:56Z,2026-06-25T13:25:56+0200,aad9710e-10ca-4c9d-9467-7720556f4b2e,2026-05-30T17:15:00Z,2026-05-30T19:15:00+0200,8199.48491,MW,DE,DE_LU,forecast_solar_generation,Solar,2026-06-25T11:27:13Z
2026-06-25T11:25:56Z,2026-06-25T13:25:56+0200,aad9710e-10ca-4c9d-9467-7720556f4b2e,2026-05-30T17:30:00Z,2026-05-30T19:30:00+0200,6424.36462,MW,DE,DE_LU,forecast_solar_generation,Solar,2026-06-25T11:27:13Z
2026-06-25T11:25:56Z,2026-06-25T13:25:56+0200,aad9710e-10ca-4c9d-9467-7720556f4b2e,2026-05-30T17:45:00Z,2026-05-30T19:45:00+0200,4879.34371,MW,DE,DE_LU,forecast_solar_generation,Solar,2026-06-25T11:27:13Z
2026-06-25T11:25:56Z,2026-06-25T13:25:56+0200,aad9710e-10ca-4c9d-9467-7720556f4b2e,2026-05-30T18:00:00Z,2026-05-30T20:00:00+0200,3556.68134,MW,DE,DE_LU,forecast_solar_generation,Solar,2026-06-25T11:27:13Z
2026-06-25T11:25:56Z,2026-06-25T13:25:56+0200,aad9710e-10ca-4c9d-9467-7720556f4b2e,2026-05-30T18:15:00Z,2026-05-30T20:15:00+0200,2424.52822,MW,DE,DE_LU,forecast_solar_generation,Solar,2026-06-25T11:27:13Z
2026-06-25T11:25:56Z,2026-06-25T13:25:56+0200,aad9710e-10ca-4c9d-9467-7720556f4b2e,2026-05-30T18:30:00Z,2026-05-30T20:30:00+0200,1477.01555,MW,DE,DE_LU,forecast_solar_generation,Solar,2026-06-25T11:27:13Z
2026-06-25T11:25:56Z,2026-06-25T13:25:56+0200,aad9710e-10ca-4c9d-9467-7720556f4b2e,2026-05-30T18:45:00Z,2026-05-30T20:45:00+0200,737.25431,MW,DE,DE_LU,forecast_solar_generation,Solar,2026-06-25T11:27:13Z
2026-06-25T11:25:56Z,2026-06-25T13:25:56+0200,aad9710e-10ca-4c9d-9467-7720556f4b2e,2026-05-30T19:00:00Z,2026-05-30T21:00:00+0200,271.96754,MW,DE,DE_LU,forecast_solar_generation,Solar,2026-06-25T11:27:13Z
2026-06-25T11:25:56Z,2026-06-25T13:25:56+0200,aad9710e-10ca-4c9d-9467-7720556f4b2e,2026-05-30T19:15:00Z,2026-05-30T21:15:00+0200,82.68573,MW,DE,DE_LU,forecast_solar_generation,Solar,2026-06-25T11:27:13Z
2026-06-25T11:25:56Z,2026-06-25T13:25:56+0200,aad9710e-10ca-4c9d-9467-7720556f4b2e,2026-05-30T19:30:00Z,2026-05-30T21:30:00+0200,30.28167,MW,DE,DE_LU,forecast_solar_generation,Solar,2026-06-25T11:27:13Z
2026-06-25T11:25:56Z,2026-06-25T13:25:56+0200,aad9710e-10ca-4c9d-9467-7720556f4b2e,2026-05-30T19:45:00Z,2026-05-30T21:45:00+0200,9.82007,MW,DE,DE_LU,forecast_solar_generation,Solar,2026-06-25T11:27:13Z
2026-06-25T11:25:56Z,2026-06-25T13:25:56+0200,aad9710e-10ca-4c9d-9467-7720556f4b2e,2026-05-30T20:00:00Z,2026-05-30T22:00:00+0200,0.0,MW,DE,DE_LU,forecast_solar_generation,Solar,2026-06-25T11:27:13Z
2026-06-25T11:25:56Z,2026-06-25T13:25:56+0200,aad9710e-10ca-4c9d-9467-7720556f4b2e,2026-05-30T20:15:00Z,2026-05-30T22:15:00+0200,0.0,MW,DE,DE_LU,forecast_solar_generation,Solar,2026-06-25T11:27:13Z
2026-06-25T11:25:56Z,2026-06-25T13:25:56+0200,aad9710e-10ca-4c9d-9467-7720556f4b2e,2026-05-30T20:30:00Z,2026-05-30T22:30:00+0200,0.0,MW,DE,DE_LU,forecast_solar_generation,Solar,2026-06-25T11:27:13Z
2026-06-25T11:25:56Z,2026-06-25T13:25:56+0200,aad9710e-10ca-4c9d-9467-7720556f4b2e,2026-05-30T20:45:00Z,2026-05-30T22:45:00+0200,0.0,MW,DE,DE_LU,forecast_solar_generation,Solar,2026-06-25T11:27:13Z
2026-06-25T11:25:56Z,2026-06-25T13:25:56+0200,aad9710e-10ca-4c9d-9467-7720556f4b2e,2026-05-30T21:00:00Z,2026-05-30T23:00:00+0200,0.0,MW,DE,DE_LU,forecast_solar_generation,Solar,2026-06-25T11:27:13Z
2026-06-25T11:25:56Z,2026-06-25T13:25:56+0200,aad9710e-10ca-4c9d-9467-7720556f4b2e,2026-05-30T21:15:00Z,2026-05-30T23:15:00+0200,0.0,MW,DE,DE_LU,forecast_solar_generation,Solar,2026-06-25T11:27:13Z
2026-06-25T11:25:56Z,2026-06-25T13:25:56+0200,aad9710e-10ca-4c9d-9467-7720556f4b2e,2026-05-30T21:30:00Z,2026-05-30T23:30:00+0200,0.0,MW,DE,DE_LU,forecast_solar_generation,Solar,2026-06-25T11:27:13Z
2026-06-25T11:25:56Z,2026-06-25T13:25:56+0200,aad9710e-10ca-4c9d-9467-7720556f4b2e,2026-05-30T21:45:00Z,2026-05-30T23:45:00+0200,0.0,MW,DE,DE_LU,forecast_solar_generation,Solar,2026-06-25T11:27:13Z
2026-06-25T11:25:56Z,2026-06-25T13:25:56+0200,aad9710e-10ca-4c9d-9467-7720556f4b2e,2026-05-30T22:00:00Z,2026-05-31T00:00:00+0200,0.0,MW,DE,DE_LU,forecast_solar_generation,Solar,2026-06-25T11:27:13Z
2026-06-25T11:25:56Z,2026-06-25T13:25:56+0200,aad9710e-10ca-4c9d-9467-7720556f4b2e,2026-05-30T22:15:00Z,2026-05-31T00:15:00+0200,0.0,MW,DE,DE_LU,forecast_solar_generation,Solar,2026-06-25T11:27:13Z
2026-06-25T11:25:56Z,2026-06-25T13:25:56+0200,aad9710e-10ca-4c9d-9467-7720556f4b2e,2026-05-30T22:30:00Z,2026-05-31T00:30:00+0200,0.0,MW,DE,DE_LU,forecast_solar_generation,Solar,2026-06-25T11:27:13Z
2026-06-25T11:25:56Z,2026-06-25T13:25:56+0200,aad9710e-10ca-4c9d-9467-7720556f4b2e,2026-05-30T22:45:00Z,2026-05-31T00:45:00+0200,0.0,MW,DE,DE_LU,forecast_solar_generation,Solar,2026-06-25T11:27:13Z
2026-06-25T11:25:56Z,2026-06-25T13:25:56+0200,aad9710e-10ca-4c9d-9467-7720556f4b2e,2026-05-30T23:00:00Z,2026-05-31T01:00:00+0200,0.0,MW,DE,DE_LU,forecast_solar_generation,Solar,2026-06-25T11:27:13Z
2026-06-25T11:25:56Z,2026-06-25T13:25:56+0200,aad9710e-10ca-4c9d-9467-7720556f4b2e,2026-05-30T23:15:00Z,2026-05-31T01:15:00+0200,0.0,MW,DE,DE_LU,forecast_solar_generation,Solar,2026-06-25T11:27:13Z
2026-06-25T11:25:56Z,2026-06-25T13:25:56+0200,aad9710e-10ca-4c9d-9467-7720556f4b2e,2026-05-30T23:30:00Z,2026-05-31T01:30:00+0200,0.0,MW,DE,DE_LU,forecast_solar_generation,Solar,2026-06-25T11:27:13Z
2026-06-25T11:25:56Z,2026-06-25T13:25:56+0200,aad9710e-10ca-4c9d-9467-7720556f4b2e,2026-05-30T23:45:00Z,2026-05-31T01:45:00+0200,0.0,MW,DE,DE_LU,forecast_solar_generation,Solar,2026-06-25T11:27:13Z
2026-06-25T11:25:56Z,2026-06-25T13:25:56+0200,aad9710e-10ca-4c9d-9467-7720556f4b2e,2026-05-31T00:00:00Z,2026-05-31T02:00:00+0200,0.0,MW,DE,DE_LU,forecast_solar_generation,Solar,2026-06-25T11:27:13Z
2026-06-25T11:25:56Z,2026-06-25T13:25:56+0200,aad9710e-10ca-4c9d-9467-7720556f4b2e,2026-05-31T00:15:00Z,2026-05-31T02:15:00+0200,0.0,MW,DE,DE_LU,forecast_solar_generation,Solar,2026-06-25T11:27:13Z
2026-06-25T11:25:56Z,2026-06-25T13:25:56+0200,aad9710e-10ca-4c9d-9467-7720556f4b2e,2026-05-31T00:30:00Z,2026-05-31T02:30:00+0200,0.0,MW,DE,DE_LU,forecast_solar_generation,Solar,2026-06-25T11:27:13Z
2026-06-25T11:25:56Z,2026-06-25T13:25:56+0200,aad9710e-10ca-4c9d-9467-7720556f4b2e,2026-05-31T00:45:00Z,2026-05-31T02:45:00+0200,0.0,MW,DE,DE_LU,forecast_solar_generation,Solar,2026-06-25T11:27:13Z
2026-06-25T11:25:56Z,2026-06-25T13:25:56+0200,aad9710e-10ca-4c9d-9467-7720556f4b2e,2026-05-31T01:00:00Z,2026-05-31T03:00:00+0200,0.0,MW,DE,DE_LU,forecast_solar_generation,Solar,2026-06-25T11:27:13Z
2026-06-25T11:25:56Z,2026-06-25T13:25:56+0200,aad9710e-10ca-4c9d-9467-7720556f4b2e,2026-05-31T01:15:00Z,2026-05-31T03:15:00+0200,0.0,MW,DE,DE_LU,forecast_solar_generation,Solar,2026-06-25T11:27:13Z
2026-06-25T11:25:56Z,2026-06-25T13:25:56+0200,aad9710e-10ca-4c9d-9467-7720556f4b2e,2026-05-31T01:30:00Z,2026-05-31T03:30:00+0200,0.0,MW,DE,DE_LU,forecast_solar_generation,Solar,2026-06-25T11:27:13Z
2026-06-25T11:25:56Z,2026-06-25T13:25:56+0200,aad9710e-10ca-4c9d-9467-7720556f4b2e,2026-05-31T01:45:00Z,2026-05-31T03:45:00+0200,0.0,MW,DE,DE_LU,forecast_solar_generation,Solar,2026-06-25T11:27:13Z
2026-06-25T11:25:56Z,2026-06-25T13:25:56+0200,aad9710e-10ca-4c9d-9467-7720556f4b2e,2026-05-31T02:00:00Z,2026-05-31T04:00:00+0200,0.0,MW,DE,DE_LU,forecast_solar_generation,Solar,2026-06-25T11:27:13Z
2026-06-25T11:25:56Z,2026-06-25T13:25:56+0200,aad9710e-10ca-4c9d-9467-7720556f4b2e,2026-05-31T02:15:00Z,2026-05-31T04:15:00+0200,0.0,MW,DE,DE_LU,forecast_solar_generation,Solar,2026-06-25T11:27:13Z
2026-06-25T11:25:56Z,2026-06-25T13:25:56+0200,aad9710e-10ca-4c9d-9467-7720556f4b2e,2026-05-31T02:30:00Z,2026-05-31T04:30:00+0200,0.0,MW,DE,DE_LU,forecast_solar_generation,Solar,2026-06-25T11:27:13Z
2026-06-25T11:25:56Z,2026-06-25T13:25:56+0200,aad9710e-10ca-4c9d-9467-7720556f4b2e,2026-05-31T02:45:00Z,2026-05-31T04:45:00+0200,5.94425,MW,DE,DE_LU,forecast_solar_generation,Solar,2026-06-25T11:27:13Z
2026-06-25T11:25:56Z,2026-06-25T13:25:56+0200,aad9710e-10ca-4c9d-9467-7720556f4b2e,2026-05-31T03:00:00Z,2026-05-31T05:00:00+0200,92.52498,MW,DE,DE_LU,forecast_solar_generation,Solar,2026-06-25T11:27:13Z
2026-06-25T11:25:56Z,2026-06-25T13:25:56+0200,aad9710e-10ca-4c9d-9467-7720556f4b2e,2026-05-31T03:15:00Z,2026-05-31T05:15:00+0200,317.48052,MW,DE,DE_LU,forecast_solar_generation,Solar,2026-06-25T11:27:13Z
2026-06-25T11:25:56Z,2026-06-25T13:25:56+0200,aad9710e-10ca-4c9d-9467-7720556f4b2e,2026-05-31T03:30:00Z,2026-05-31T05:30:00+0200,711.90546,MW,DE,DE_LU,forecast_solar_generation,Solar,2026-06-25T11:27:13Z
2026-06-25T11:25:56Z,2026-06-25T13:25:56+0200,aad9710e-10ca-4c9d-9467-7720556f4b2e,2026-05-31T03:45:00Z,2026-05-31T05:45:00+0200,1324.29214,MW,DE,DE_LU,forecast_solar_generation,Solar,2026-06-25T11:27:13Z
2026-06-25T11:25:56Z,2026-06-25T13:25:56+0200,aad9710e-10ca-4c9d-9467-7720556f4b2e,2026-05-31T04:00:00Z,2026-05-31T06:00:00+0200,2212.74838,MW,DE,DE_LU,forecast_solar_generation,Solar,2026-06-25T11:27:13Z
2026-06-25T11:25:56Z,2026-06-25T13:25:56+0200,aad9710e-10ca-4c9d-9467-7720556f4b2e,2026-05-31T04:15:00Z,2026-05-31T06:15:00+0200,3349.16766,MW,DE,DE_LU,forecast_solar_generation,Solar,2026-06-25T11:27:13Z
2026-06-25T11:25:56Z,2026-06-25T13:25:56+0200,aad9710e-10ca-4c9d-9467-7720556f4b2e,2026-05-31T04:30:00Z,2026-05-31T06:30:00+0200,4685.45765,MW,DE,DE_LU,forecast_solar_generation,Solar,2026-06-25T11:27:13Z
2026-06-25T11:25:56Z,2026-06-25T13:25:56+0200,aad9710e-10ca-4c9d-9467-7720556f4b2e,2026-05-31T04:45:00Z,2026-05-31T06:45:00+0200,6231.2718,MW,DE,DE_LU,forecast_solar_generation,Solar,2026-06-25T11:27:13Z
2026-06-25T11:25:56Z,2026-06-25T13:25:56+0200,aad9710e-10ca-4c9d-9467-7720556f4b2e,2026-05-31T05:00:00Z,2026-05-31T07:00:00+0200,8000.99276,MW,DE,DE_LU,forecast_solar_generation,Solar,2026-06-25T11:27:13Z
2026-06-25T11:25:56Z,2026-06-25T13:25:56+0200,aad9710e-10ca-4c9d-9467-7720556f4b2e,2026-05-31T05:15:00Z,2026-05-31T07:15:00+0200,9971.5154,MW,DE,DE_LU,forecast_solar_generation,Solar,2026-06-25T11:27:13Z
2026-06-25T11:25:56Z,2026-06-25T13:25:56+0200,aad9710e-10ca-4c9d-9467-7720556f4b2e,2026-05-31T05:30:00Z,2026-05-31T07:30:00+0200,12086.88514,MW,DE,DE_LU,forecast_solar_generation,Solar,2026-06-25T11:27:13Z
2026-06-25T11:25:56Z,2026-06-25T13:25:56+0200,aad9710e-10ca-4c9d-9467-7720556f4b2e,2026-05-31T05:45:00Z,2026-05-31T07:45:00+0200,14289.17094,MW,DE,DE_LU,forecast_solar_generation,Solar,2026-06-25T11:27:13Z
2026-06-25T11:25:56Z,2026-06-25T13:25:56+0200,aad9710e-10ca-4c9d-9467-7720556f4b2e,2026-05-31T06:00:00Z,2026-05-31T08:00:00+0200,16509.97906,MW,DE,DE_LU,forecast_solar_generation,Solar,2026-06-25T11:27:13Z
2026-06-25T11:25:56Z,2026-06-25T13:25:56+0200,aad9710e-10ca-4c9d-9467-7720556f4b2e,2026-05-31T06:15:00Z,2026-05-31T08:15:00+0200,18729.31451,MW,DE,DE_LU,forecast_solar_generation,Solar,2026-06-25T11:27:13Z
2026-06-25T11:25:56Z,2026-06-25T13:25:56+0200,aad9710e-10ca-4c9d-9467-7720556f4b2e,2026-05-31T06:30:00Z,2026-05-31T08:30:00+0200,20957.24382,MW,DE,DE_LU,forecast_solar_generation,Solar,2026-06-25T11:27:13Z
2026-06-25T11:25:56Z,2026-06-25T13:25:56+0200,aad9710e-10ca-4c9d-9467-7720556f4b2e,2026-05-31T06:45:00Z,2026-05-31T08:45:00+0200,23129.00788,MW,DE,DE_LU,forecast_solar_generation,Solar,2026-06-25T11:27:13Z
2026-06-25T11:25:56Z,2026-06-25T13:25:56+0200,aad9710e-10ca-4c9d-9467-7720556f4b2e,2026-05-31T07:00:00Z,2026-05-31T09:00:00+0200,25129.91562,MW,DE,DE_LU,forecast_solar_generation,Solar,2026-06-25T11:27:13Z
2026-06-25T11:25:56Z,2026-06-25T13:25:56+0200,aad9710e-10ca-4c9d-9467-7720556f4b2e,2026-05-31T07:15:00Z,2026-05-31T09:15:00+0200,27023.08728,MW,DE,DE_LU,forecast_solar_generation,Solar,2026-06-25T11:27:13Z
2026-06-25T11:25:56Z,2026-06-25T13:25:56+0200,aad9710e-10ca-4c9d-9467-7720556f4b2e,2026-05-31T07:30:00Z,2026-05-31T09:30:00+0200,28856.56729,MW,DE,DE_LU,forecast_solar_generation,Solar,2026-06-25T11:27:13Z
2026-06-25T11:25:56Z,2026-06-25T13:25:56+0200,aad9710e-10ca-4c9d-9467-7720556f4b2e,2026-05-31T07:45:00Z,2026-05-31T09:45:00+0200,30506.92136,MW,DE,DE_LU,forecast_solar_generation,Solar,2026-06-25T11:27:13Z
2026-06-25T11:25:56Z,2026-06-25T13:25:56+0200,aad9710e-10ca-4c9d-9467-7720556f4b2e,2026-05-31T08:00:00Z,2026-05-31T10:00:00+0200,31950.21604,MW,DE,DE_LU,forecast_solar_generation,Solar,2026-06-25T11:27:13Z
2026-06-25T11:25:56Z,2026-06-25T13:25:56+0200,aad9710e-10ca-4c9d-9467-7720556f4b2e,2026-05-31T08:15:00Z,2026-05-31T10:15:00+0200,33190.24364,MW,DE,DE_LU,forecast_solar_generation,Solar,2026-06-25T11:27:13Z
2026-06-25T11:25:56Z,2026-06-25T13:25:56+0200,aad9710e-10ca-4c9d-9467-7720556f4b2e,2026-05-31T08:30:00Z,2026-05-31T10:30:00+0200,34255.19543,MW,DE,DE_LU,forecast_solar_generation,Solar,2026-06-25T11:27:13Z
2026-06-25T11:25:56Z,2026-06-25T13:25:56+0200,aad9710e-10ca-4c9d-9467-7720556f4b2e,2026-05-31T08:45:00Z,2026-05-31T10:45:00+0200,35223.51832,MW,DE,DE_LU,forecast_solar_generation,Solar,2026-06-25T11:27:13Z
2026-06-25T11:25:56Z,2026-06-25T13:25:56+0200,aad9710e-10ca-4c9d-9467-7720556f4b2e,2026-05-31T09:00:00Z,2026-05-31T11:00:00+0200,36000.1746,MW,DE,DE_LU,forecast_solar_generation,Solar,2026-06-25T11:27:13Z
2026-06-25T11:25:56Z,2026-06-25T13:25:56+0200,aad9710e-10ca-4c9d-9467-7720556f4b2e,2026-05-31T09:15:00Z,2026-05-31T11:15:00+0200,36614.93034,MW,DE,DE_LU,forecast_solar_generation,Solar,2026-06-25T11:27:13Z
2026-06-25T11:25:56Z,2026-06-25T13:25:56+0200,aad9710e-10ca-4c9d-9467-7720556f4b2e,2026-05-31T09:30:00Z,2026-05-31T11:30:00+0200,37034.97833,MW,DE,DE_LU,forecast_solar_generation,Solar,2026-06-25T11:27:13Z
2026-06-25T11:25:56Z,2026-06-25T13:25:56+0200,aad9710e-10ca-4c9d-9467-7720556f4b2e,2026-05-31T09:45:00Z,2026-05-31T11:45:00+0200,37307.20473,MW,DE,DE_LU,forecast_solar_generation,Solar,2026-06-25T11:27:13Z
2026-06-25T11:25:56Z,2026-06-25T13:25:56+0200,aad9710e-10ca-4c9d-9467-7720556f4b2e,2026-05-31T10:00:00Z,2026-05-31T12:00:00+0200,37538.13856,MW,DE,DE_LU,forecast_solar_generation,Solar,2026-06-25T11:27:13Z
2026-06-25T11:25:56Z,2026-06-25T13:25:56+0200,aad9710e-10ca-4c9d-9467-7720556f4b2e,2026-05-31T10:15:00Z,2026-05-31T12:15:00+0200,37681.53244,MW,DE,DE_LU,forecast_solar_generation,Solar,2026-06-25T11:27:13Z
2026-06-25T11:25:56Z,2026-06-25T13:25:56+0200,aad9710e-10ca-4c9d-9467-7720556f4b2e,2026-05-31T10:30:00Z,2026-05-31T12:30:00+0200,37833.94465,MW,DE,DE_LU,forecast_solar_generation,Solar,2026-06-25T11:27:13Z
2026-06-25T11:25:56Z,2026-06-25T13:25:56+0200,aad9710e-10ca-4c9d-9467-7720556f4b2e,2026-05-31T10:45:00Z,2026-05-31T12:45:00+0200,38025.14844,MW,DE,DE_LU,forecast_solar_generation,Solar,2026-06-25T11:27:13Z
2026-06-25T11:25:56Z,2026-06-25T13:25:56+0200,aad9710e-10ca-4c9d-9467-7720556f4b2e,2026-05-31T11:00:00Z,2026-05-31T13:00:00+0200,37976.64424,MW,DE,DE_LU,forecast_solar_generation,Solar,2026-06-25T11:27:13Z
2026-06-25T11:25:56Z,2026-06-25T13:25:56+0200,aad9710e-10ca-4c9d-9467-7720556f4b2e,2026-05-31T11:15:00Z,2026-05-31T13:15:00+0200,37788.36279,MW,DE,DE_LU,forecast_solar_generation,Solar,2026-06-25T11:27:13Z
2026-06-25T11:25:56Z,2026-06-25T13:25:56+0200,aad9710e-10ca-4c9d-9467-7720556f4b2e,2026-05-31T11:30:00Z,2026-05-31T13:30:00+0200,37585.98834,MW,DE,DE_LU,forecast_solar_generation,Solar,2026-06-25T11:27:13Z
2026-06-25T11:25:56Z,2026-06-25T13:25:56+0200,aad9710e-10ca-4c9d-9467-7720556f4b2e,2026-05-31T11:45:00Z,2026-05-31T13:45:00+0200,37262.07032,MW,DE,DE_LU,forecast_solar_generation,Solar,2026-06-25T11:27:13Z
2026-06-25T11:25:56Z,2026-06-25T13:25:56+0200,aad9710e-10ca-4c9d-9467-7720556f4b2e,2026-05-31T12:00:00Z,2026-05-31T14:00:00+0200,36794.71863,MW,DE,DE_LU,forecast_solar_generation,Solar,2026-06-25T11:27:13Z
2026-06-25T11:25:56Z,2026-06-25T13:25:56+0200,aad9710e-10ca-4c9d-9467-7720556f4b2e,2026-05-31T12:15:00Z,2026-05-31T14:15:00+0200,36209.34661,MW,DE,DE_LU,forecast_solar_generation,Solar,2026-06-25T11:27:13Z
2026-06-25T11:25:56Z,2026-06-25T13:25:56+0200,aad9710e-10ca-4c9d-9467-7720556f4b2e,2026-05-31T12:30:00Z,2026-05-31T14:30:00+0200,35570.61794,MW,DE,DE_LU,forecast_solar_generation,Solar,2026-06-25T11:27:13Z
2026-06-25T11:25:56Z,2026-06-25T13:25:56+0200,aad9710e-10ca-4c9d-9467-7720556f4b2e,2026-05-31T12:45:00Z,2026-05-31T14:45:00+0200,34743.05731,MW,DE,DE_LU,forecast_solar_generation,Solar,2026-06-25T11:27:13Z
2026-06-25T11:25:56Z,2026-06-25T13:25:56+0200,aad9710e-10ca-4c9d-9467-7720556f4b2e,2026-05-31T13:00:00Z,2026-05-31T15:00:00+0200,33746.55081,MW,DE,DE_LU,forecast_solar_generation,Solar,2026-06-25T11:27:13Z
2026-06-25T11:25:56Z,2026-06-25T13:25:56+0200,aad9710e-10ca-4c9d-9467-7720556f4b2e,2026-05-31T13:15:00Z,2026-05-31T15:15:00+0200,32692.18582,MW,DE,DE_LU,forecast_solar_generation,Solar,2026-06-25T11:27:13Z
2026-06-25T11:25:56Z,2026-06-25T13:25:56+0200,aad9710e-10ca-4c9d-9467-7720556f4b2e,2026-05-31T13:30:00Z,2026-05-31T15:30:00+0200,31485.27369,MW,DE,DE_LU,forecast_solar_generation,Solar,2026-06-25T11:27:13Z
2026-06-25T11:25:56Z,2026-06-25T13:25:56+0200,aad9710e-10ca-4c9d-9467-7720556f4b2e,2026-05-31T13:45:00Z,2026-05-31T15:45:00+0200,30018.74356,MW,DE,DE_LU,forecast_solar_generation,Solar,2026-06-25T11:27:13Z
2026-06-25T11:25:56Z,2026-06-25T13:25:56+0200,aad9710e-10ca-4c9d-9467-7720556f4b2e,2026-05-31T14:00:00Z,2026-05-31T16:00:00+0200,28524.0296,MW,DE,DE_LU,forecast_solar_generation,Solar,2026-06-25T11:27:13Z
2026-06-25T11:25:56Z,2026-06-25T13:25:56+0200,aad9710e-10ca-4c9d-9467-7720556f4b2e,2026-05-31T14:15:00Z,2026-05-31T16:15:00+0200,26857.59025,MW,DE,DE_LU,forecast_solar_generation,Solar,2026-06-25T11:27:13Z
2026-06-25T11:25:56Z,2026-06-25T13:25:56+0200,aad9710e-10ca-4c9d-9467-7720556f4b2e,2026-05-31T14:30:00Z,2026-05-31T16:30:00+0200,25099.44241,MW,DE,DE_LU,forecast_solar_generation,Solar,2026-06-25T11:27:13Z
2026-06-25T11:25:56Z,2026-06-25T13:25:56+0200,aad9710e-10ca-4c9d-9467-7720556f4b2e,2026-05-31T14:45:00Z,2026-05-31T16:45:00+0200,23269.58159,MW,DE,DE_LU,forecast_solar_generation,Solar,2026-06-25T11:27:13Z
2026-06-25T11:25:56Z,2026-06-25T13:25:56+0200,aad9710e-10ca-4c9d-9467-7720556f4b2e,2026-05-31T15:00:00Z,2026-05-31T17:00:00+0200,21398.94985,MW,DE,DE_LU,forecast_solar_generation,Solar,2026-06-25T11:27:13Z
2026-06-25T11:25:56Z,2026-06-25T13:25:56+0200,aad9710e-10ca-4c9d-9467-7720556f4b2e,2026-05-31T15:15:00Z,2026-05-31T17:15:00+0200,19452.95281,MW,DE,DE_LU,forecast_solar_generation,Solar,2026-06-25T11:27:13Z
2026-06-25T11:25:56Z,2026-06-25T13:25:56+0200,aad9710e-10ca-4c9d-9467-7720556f4b2e,2026-05-31T15:30:00Z,2026-05-31T17:30:00+0200,17518.00947,MW,DE,DE_LU,forecast_solar_generation,Solar,2026-06-25T11:27:13Z
2026-06-25T11:25:56Z,2026-06-25T13:25:56+0200,aad9710e-10ca-4c9d-9467-7720556f4b2e,2026-05-31T15:45:00Z,2026-05-31T17:45:00+0200,15605.0616,MW,DE,DE_LU,forecast_solar_generation,Solar,2026-06-25T11:27:13Z
2026-06-25T11:25:56Z,2026-06-25T13:25:56+0200,aad9710e-10ca-4c9d-9467-7720556f4b2e,2026-05-31T16:00:00Z,2026-05-31T18:00:00+0200,13735.24191,MW,DE,DE_LU,forecast_solar_generation,Solar,2026-06-25T11:27:13Z
2026-06-25T11:25:56Z,2026-06-25T13:25:56+0200,aad9710e-10ca-4c9d-9467-7720556f4b2e,2026-05-31T16:15:00Z,2026-05-31T18:15:00+0200,11924.87842,MW,DE,DE_LU,forecast_solar_generation,Solar,2026-06-25T11:27:13Z
2026-06-25T11:25:56Z,2026-06-25T13:25:56+0200,aad9710e-10ca-4c9d-9467-7720556f4b2e,2026-05-31T16:30:00Z,2026-05-31T18:30:00+0200,10201.27715,MW,DE,DE_LU,forecast_solar_generation,Solar,2026-06-25T11:27:13Z
2026-06-25T11:25:56Z,2026-06-25T13:25:56+0200,aad9710e-10ca-4c9d-9467-7720556f4b2e,2026-05-31T16:45:00Z,2026-05-31T18:45:00+0200,8592.45535,MW,DE,DE_LU,forecast_solar_generation,Solar,2026-06-25T11:27:13Z
2026-06-25T11:25:56Z,2026-06-25T13:25:56+0200,aad9710e-10ca-4c9d-9467-7720556f4b2e,2026-05-31T17:00:00Z,2026-05-31T19:00:00+0200,7081.24546,MW,DE,DE_LU,forecast_solar_generation,Solar,2026-06-25T11:27:13Z
2026-06-25T11:25:56Z,2026-06-25T13:25:56+0200,aad9710e-10ca-4c9d-9467-7720556f4b2e,2026-05-31T17:15:00Z,2026-05-31T19:15:00+0200,5679.36178,MW,DE,DE_LU,forecast_solar_generation,Solar,2026-06-25T11:27:13Z
2026-06-25T11:25:56Z,2026-06-25T13:25:56+0200,aad9710e-10ca-4c9d-9467-7720556f4b2e,2026-05-31T17:30:00Z,2026-05-31T19:30:00+0200,4405.97879,MW,DE,DE_LU,forecast_solar_generation,Solar,2026-06-25T11:27:13Z
2026-06-25T11:25:56Z,2026-06-25T13:25:56+0200,aad9710e-10ca-4c9d-9467-7720556f4b2e,2026-05-31T17:45:00Z,2026-05-31T19:45:00+0200,3295.62228,MW,DE,DE_LU,forecast_solar_generation,Solar,2026-06-25T11:27:13Z
2026-06-25T11:25:56Z,2026-06-25T13:25:56+0200,aad9710e-10ca-4c9d-9467-7720556f4b2e,2026-05-31T18:00:00Z,2026-05-31T20:00:00+0200,2352.32951,MW,DE,DE_LU,forecast_solar_generation,Solar,2026-06-25T11:27:13Z
2026-06-25T11:25:56Z,2026-06-25T13:25:56+0200,aad9710e-10ca-4c9d-9467-7720556f4b2e,2026-05-31T18:15:00Z,2026-05-31T20:15:00+0200,1575.26056,MW,DE,DE_LU,forecast_solar_generation,Solar,2026-06-25T11:27:13Z
2026-06-25T11:25:56Z,2026-06-25T13:25:56+0200,aad9710e-10ca-4c9d-9467-7720556f4b2e,2026-05-31T18:30:00Z,2026-05-31T20:30:00+0200,956.47935,MW,DE,DE_LU,forecast_solar_generation,Solar,2026-06-25T11:27:13Z
2026-06-25T11:25:56Z,2026-06-25T13:25:56+0200,aad9710e-10ca-4c9d-9467-7720556f4b2e,2026-05-31T18:45:00Z,2026-05-31T20:45:00+0200,495.37452,MW,DE,DE_LU,forecast_solar_generation,Solar,2026-06-25T11:27:13Z
2026-06-25T11:25:56Z,2026-06-25T13:25:56+0200,aad9710e-10ca-4c9d-9467-7720556f4b2e,2026-05-31T19:00:00Z,2026-05-31T21:00:00+0200,201.28317,MW,DE,DE_LU,forecast_solar_generation,Solar,2026-06-25T11:27:13Z
2026-06-25T11:25:56Z,2026-06-25T13:25:56+0200,aad9710e-10ca-4c9d-9467-7720556f4b2e,2026-05-31T19:15:00Z,2026-05-31T21:15:00+0200,63.34042,MW,DE,DE_LU,forecast_solar_generation,Solar,2026-06-25T11:27:13Z
2026-06-25T11:25:56Z,2026-06-25T13:25:56+0200,aad9710e-10ca-4c9d-9467-7720556f4b2e,2026-05-31T19:30:00Z,2026-05-31T21:30:00+0200,22.20464,MW,DE,DE_LU,forecast_solar_generation,Solar,2026-06-25T11:27:13Z
2026-06-25T11:25:56Z,2026-06-25T13:25:56+0200,aad9710e-10ca-4c9d-9467-7720556f4b2e,2026-05-31T19:45:00Z,2026-05-31T21:45:00+0200,9.81722,MW,DE,DE_LU,forecast_solar_generation,Solar,2026-06-25T11:27:13Z
2026-06-25T11:25:56Z,2026-06-25T13:25:56+0200,aad9710e-10ca-4c9d-9467-7720556f4b2e,2026-05-31T20:00:00Z,2026-05-31T22:00:00+0200,0.0,MW,DE,DE_LU,forecast_solar_generation,Solar,2026-06-25T11:27:13Z
2026-06-25T11:25:56Z,2026-06-25T13:25:56+0200,aad9710e-10ca-4c9d-9467-7720556f4b2e,2026-05-31T20:15:00Z,2026-05-31T22:15:00+0200,0.0,MW,DE,DE_LU,forecast_solar_generation,Solar,2026-06-25T11:27:13Z
2026-06-25T11:25:56Z,2026-06-25T13:25:56+0200,aad9710e-10ca-4c9d-9467-7720556f4b2e,2026-05-31T20:30:00Z,2026-05-31T22:30:00+0200,0.0,MW,DE,DE_LU,forecast_solar_generation,Solar,2026-06-25T11:27:13Z
2026-06-25T11:25:56Z,2026-06-25T13:25:56+0200,aad9710e-10ca-4c9d-9467-7720556f4b2e,2026-05-31T20:45:00Z,2026-05-31T22:45:00+0200,0.0,MW,DE,DE_LU,forecast_solar_generation,Solar,2026-06-25T11:27:13Z
2026-06-25T11:25:56Z,2026-06-25T13:25:56+0200,aad9710e-10ca-4c9d-9467-7720556f4b2e,2026-05-31T21:00:00Z,2026-05-31T23:00:00+0200,0.0,MW,DE,DE_LU,forecast_solar_generation,Solar,2026-06-25T11:27:13Z
2026-06-25T11:25:56Z,2026-06-25T13:25:56+0200,aad9710e-10ca-4c9d-9467-7720556f4b2e,2026-05-31T21:15:00Z,2026-05-31T23:15:00+0200,0.0,MW,DE,DE_LU,forecast_solar_generation,Solar,2026-06-25T11:27:13Z
2026-06-25T11:25:56Z,2026-06-25T13:25:56+0200,aad9710e-10ca-4c9d-9467-7720556f4b2e,2026-05-31T21:30:00Z,2026-05-31T23:30:00+0200,0.0,MW,DE,DE_LU,forecast_solar_generation,Solar,2026-06-25T11:27:13Z
2026-06-25T11:25:56Z,2026-06-25T13:25:56+0200,aad9710e-10ca-4c9d-9467-7720556f4b2e,2026-05-31T21:45:00Z,2026-05-31T23:45:00+0200,0.0,MW,DE,DE_LU,forecast_solar_generation,Solar,2026-06-25T11:27:13Z
2026-06-25T11:25:56Z,2026-06-25T13:25:56+0200,aad9710e-10ca-4c9d-9467-7720556f4b2e,2026-05-31T22:00:00Z,2026-06-01T00:00:00+0200,0.0,MW,DE,DE_LU,forecast_solar_generation,Solar,2026-06-25T11:27:13Z
2026-06-25T11:25:56Z,2026-06-25T13:25:56+0200,aad9710e-10ca-4c9d-9467-7720556f4b2e,2026-05-31T22:15:00Z,2026-06-01T00:15:00+0200,0.0,MW,DE,DE_LU,forecast_solar_generation,Solar,2026-06-25T11:27:13Z
2026-06-25T11:25:56Z,2026-06-25T13:25:56+0200,aad9710e-10ca-4c9d-9467-7720556f4b2e,2026-05-31T22:30:00Z,2026-06-01T00:30:00+0200,0.0,MW,DE,DE_LU,forecast_solar_generation,Solar,2026-06-25T11:27:13Z
2026-06-25T11:25:56Z,2026-06-25T13:25:56+0200,aad9710e-10ca-4c9d-9467-7720556f4b2e,2026-05-31T22:45:00Z,2026-06-01T00:45:00+0200,0.0,MW,DE,DE_LU,forecast_solar_generation,Solar,2026-06-25T11:27:13Z
2026-06-25T11:25:56Z,2026-06-25T13:25:56+0200,aad9710e-10ca-4c9d-9467-7720556f4b2e,2026-05-31T23:00:00Z,2026-06-01T01:00:00+0200,0.0,MW,DE,DE_LU,forecast_solar_generation,Solar,2026-06-25T11:27:13Z
2026-06-25T11:25:56Z,2026-06-25T13:25:56+0200,aad9710e-10ca-4c9d-9467-7720556f4b2e,2026-05-31T23:15:00Z,2026-06-01T01:15:00+0200,0.0,MW,DE,DE_LU,forecast_solar_generation,Solar,2026-06-25T11:27:13Z
2026-06-25T11:25:56Z,2026-06-25T13:25:56+0200,aad9710e-10ca-4c9d-9467-7720556f4b2e,2026-05-31T23:30:00Z,2026-06-01T01:30:00+0200,0.0,MW,DE,DE_LU,forecast_solar_generation,Solar,2026-06-25T11:27:13Z
2026-06-25T11:25:56Z,2026-06-25T13:25:56+0200,aad9710e-10ca-4c9d-9467-7720556f4b2e,2026-05-31T23:45:00Z,2026-06-01T01:45:00+0200,0.0,MW,DE,DE_LU,forecast_solar_generation,Solar,2026-06-25T11:27:13Z
2026-06-25T11:25:56Z,2026-06-25T13:25:56+0200,aad9710e-10ca-4c9d-9467-7720556f4b2e,2026-06-01T00:00:00Z,2026-06-01T02:00:00+0200,0.0,MW,DE,DE_LU,forecast_solar_generation,Solar,2026-06-25T11:27:13Z
2026-06-25T11:25:56Z,2026-06-25T13:25:56+0200,aad9710e-10ca-4c9d-9467-7720556f4b2e,2026-06-01T00:15:00Z,2026-06-01T02:15:00+0200,0.0,MW,DE,DE_LU,forecast_solar_generation,Solar,2026-06-25T11:27:13Z
2026-06-25T11:25:56Z,2026-06-25T13:25:56+0200,aad9710e-10ca-4c9d-9467-7720556f4b2e,2026-06-01T00:30:00Z,2026-06-01T02:30:00+0200,0.0,MW,DE,DE_LU,forecast_solar_generation,Solar,2026-06-25T11:27:13Z
2026-06-25T11:25:56Z,2026-06-25T13:25:56+0200,aad9710e-10ca-4c9d-9467-7720556f4b2e,2026-06-01T00:45:00Z,2026-06-01T02:45:00+0200,0.0,MW,DE,DE_LU,forecast_solar_generation,Solar,2026-06-25T11:27:13Z
2026-06-25T11:25:56Z,2026-06-25T13:25:56+0200,aad9710e-10ca-4c9d-9467-7720556f4b2e,2026-06-01T01:00:00Z,2026-06-01T03:00:00+0200,0.0,MW,DE,DE_LU,forecast_solar_generation,Solar,2026-06-25T11:27:13Z
2026-06-25T11:25:56Z,2026-06-25T13:25:56+0200,aad9710e-10ca-4c9d-9467-7720556f4b2e,2026-06-01T01:15:00Z,2026-06-01T03:15:00+0200,0.0,MW,DE,DE_LU,forecast_solar_generation,Solar,2026-06-25T11:27:13Z
2026-06-25T11:25:56Z,2026-06-25T13:25:56+0200,aad9710e-10ca-4c9d-9467-7720556f4b2e,2026-06-01T01:30:00Z,2026-06-01T03:30:00+0200,0.0,MW,DE,DE_LU,forecast_solar_generation,Solar,2026-06-25T11:27:13Z
2026-06-25T11:25:56Z,2026-06-25T13:25:56+0200,aad9710e-10ca-4c9d-9467-7720556f4b2e,2026-06-01T01:45:00Z,2026-06-01T03:45:00+0200,0.0,MW,DE,DE_LU,forecast_solar_generation,Solar,2026-06-25T11:27:13Z
2026-06-25T11:25:56Z,2026-06-25T13:25:56+0200,aad9710e-10ca-4c9d-9467-7720556f4b2e,2026-06-01T02:00:00Z,2026-06-01T04:00:00+0200,0.0,MW,DE,DE_LU,forecast_solar_generation,Solar,2026-06-25T11:27:13Z
2026-06-25T11:25:56Z,2026-06-25T13:25:56+0200,aad9710e-10ca-4c9d-9467-7720556f4b2e,2026-06-01T02:15:00Z,2026-06-01T04:15:00+0200,0.0,MW,DE,DE_LU,forecast_solar_generation,Solar,2026-06-25T11:27:13Z
2026-06-25T11:25:56Z,2026-06-25T13:25:56+0200,aad9710e-10ca-4c9d-9467-7720556f4b2e,2026-06-01T02:30:00Z,2026-06-01T04:30:00+0200,0.0,MW,DE,DE_LU,forecast_solar_generation,Solar,2026-06-25T11:27:13Z
2026-06-25T11:25:56Z,2026-06-25T13:25:56+0200,aad9710e-10ca-4c9d-9467-7720556f4b2e,2026-06-01T02:45:00Z,2026-06-01T04:45:00+0200,7.03925,MW,DE,DE_LU,forecast_solar_generation,Solar,2026-06-25T11:27:13Z
2026-06-25T11:25:56Z,2026-06-25T13:25:56+0200,aad9710e-10ca-4c9d-9467-7720556f4b2e,2026-06-01T03:00:00Z,2026-06-01T05:00:00+0200,76.78207,MW,DE,DE_LU,forecast_solar_generation,Solar,2026-06-25T11:27:13Z
2026-06-25T11:25:56Z,2026-06-25T13:25:56+0200,aad9710e-10ca-4c9d-9467-7720556f4b2e,2026-06-01T03:15:00Z,2026-06-01T05:15:00+0200,279.84533,MW,DE,DE_LU,forecast_solar_generation,Solar,2026-06-25T11:27:13Z
2026-06-25T11:25:56Z,2026-06-25T13:25:56+0200,aad9710e-10ca-4c9d-9467-7720556f4b2e,2026-06-01T03:30:00Z,2026-06-01T05:30:00+0200,592.12787,MW,DE,DE_LU,forecast_solar_generation,Solar,2026-06-25T11:27:13Z
2026-06-25T11:25:56Z,2026-06-25T13:25:56+0200,aad9710e-10ca-4c9d-9467-7720556f4b2e,2026-06-01T03:45:00Z,2026-06-01T05:45:00+0200,1112.01785,MW,DE,DE_LU,forecast_solar_generation,Solar,2026-06-25T11:27:13Z
2026-06-25T11:25:56Z,2026-06-25T13:25:56+0200,aad9710e-10ca-4c9d-9467-7720556f4b2e,2026-06-01T04:00:00Z,2026-06-01T06:00:00+0200,1906.9292,MW,DE,DE_LU,forecast_solar_generation,Solar,2026-06-25T11:27:13Z
2026-06-25T11:25:56Z,2026-06-25T13:25:56+0200,aad9710e-10ca-4c9d-9467-7720556f4b2e,2026-06-01T04:15:00Z,2026-06-01T06:15:00+0200,2923.95183,MW,DE,DE_LU,forecast_solar_generation,Solar,2026-06-25T11:27:13Z
2026-06-25T11:25:56Z,2026-06-25T13:25:56+0200,aad9710e-10ca-4c9d-9467-7720556f4b2e,2026-06-01T04:30:00Z,2026-06-01T06:30:00+0200,4134.07619,MW,DE,DE_LU,forecast_solar_generation,Solar,2026-06-25T11:27:13Z
2026-06-25T11:25:56Z,2026-06-25T13:25:56+0200,aad9710e-10ca-4c9d-9467-7720556f4b2e,2026-06-01T04:45:00Z,2026-06-01T06:45:00+0200,5554.78011,MW,DE,DE_LU,forecast_solar_generation,Solar,2026-06-25T11:27:13Z
2026-06-25T11:25:56Z,2026-06-25T13:25:56+0200,aad9710e-10ca-4c9d-9467-7720556f4b2e,2026-06-01T05:00:00Z,2026-06-01T07:00:00+0200,7186.12302,MW,DE,DE_LU,forecast_solar_generation,Solar,2026-06-25T11:27:13Z
2026-06-25T11:25:56Z,2026-06-25T13:25:56+0200,aad9710e-10ca-4c9d-9467-7720556f4b2e,2026-06-01T05:15:00Z,2026-06-01T07:15:00+0200,9054.97191,MW,DE,DE_LU,forecast_solar_generation,Solar,2026-06-25T11:27:13Z
2026-06-25T11:25:56Z,2026-06-25T13:25:56+0200,aad9710e-10ca-4c9d-9467-7720556f4b2e,2026-06-01T05:30:00Z,2026-06-01T07:30:00+0200,11134.1789,MW,DE,DE_LU,forecast_solar_generation,Solar,2026-06-25T11:27:13Z
2026-06-25T11:25:56Z,2026-06-25T13:25:56+0200,aad9710e-10ca-4c9d-9467-7720556f4b2e,2026-06-01T05:45:00Z,2026-06-01T07:45:00+0200,13351.05343,MW,DE,DE_LU,forecast_solar_generation,Solar,2026-06-25T11:27:13Z
2026-06-25T11:25:56Z,2026-06-25T13:25:56+0200,aad9710e-10ca-4c9d-9467-7720556f4b2e,2026-06-01T06:00:00Z,2026-06-01T08:00:00+0200,15677.06869,MW,DE,DE_LU,forecast_solar_generation,Solar,2026-06-25T11:27:13Z
2026-06-25T11:25:56Z,2026-06-25T13:25:56+0200,aad9710e-10ca-4c9d-9467-7720556f4b2e,2026-06-01T06:15:00Z,2026-06-01T08:15:00+0200,18117.09885,MW,DE,DE_LU,forecast_solar_generation,Solar,2026-06-25T11:27:13Z
2026-06-25T11:25:56Z,2026-06-25T13:25:56+0200,aad9710e-10ca-4c9d-9467-7720556f4b2e,2026-06-01T06:30:00Z,2026-06-01T08:30:00+0200,20583.49199,MW,DE,DE_LU,forecast_solar_generation,Solar,2026-06-25T11:27:13Z
2026-06-25T11:25:56Z,2026-06-25T13:25:56+0200,aad9710e-10ca-4c9d-9467-7720556f4b2e,2026-06-01T06:45:00Z,2026-06-01T08:45:00+0200,23030.73546,MW,DE,DE_LU,forecast_solar_generation,Solar,2026-06-25T11:27:13Z
2026-06-25T11:25:56Z,2026-06-25T13:25:56+0200,aad9710e-10ca-4c9d-9467-7720556f4b2e,2026-06-01T07:00:00Z,2026-06-01T09:00:00+0200,25409.52742,MW,DE,DE_LU,forecast_solar_generation,Solar,2026-06-25T11:27:13Z
2026-06-25T11:25:56Z,2026-06-25T13:25:56+0200,aad9710e-10ca-4c9d-9467-7720556f4b2e,2026-06-01T07:15:00Z,2026-06-01T09:15:00+0200,27736.28795,MW,DE,DE_LU,forecast_solar_generation,Solar,2026-06-25T11:27:13Z
2026-06-25T11:25:56Z,2026-06-25T13:25:56+0200,aad9710e-10ca-4c9d-9467-7720556f4b2e,2026-06-01T07:30:00Z,2026-06-01T09:30:00+0200,29942.30515,MW,DE,DE_LU,forecast_solar_generation,Solar,2026-06-25T11:27:13Z
2026-06-25T11:25:56Z,2026-06-25T13:25:56+0200,aad9710e-10ca-4c9d-9467-7720556f4b2e,2026-06-01T07:45:00Z,2026-06-01T09:45:00+0200,31968.94187,MW,DE,DE_LU,forecast_solar_generation,Solar,2026-06-25T11:27:13Z
2026-06-25T11:25:56Z,2026-06-25T13:25:56+0200,aad9710e-10ca-4c9d-9467-7720556f4b2e,2026-06-01T08:00:00Z,2026-06-01T10:00:00+0200,33759.54806,MW,DE,DE_LU,forecast_solar_generation,Solar,2026-06-25T11:27:13Z
2026-06-25T11:25:56Z,2026-06-25T13:25:56+0200,aad9710e-10ca-4c9d-9467-7720556f4b2e,2026-06-01T08:15:00Z,2026-06-01T10:15:00+0200,35374.47465,MW,DE,DE_LU,forecast_solar_generation,Solar,2026-06-25T11:27:13Z
2026-06-25T11:25:56Z,2026-06-25T13:25:56+0200,aad9710e-10ca-4c9d-9467-7720556f4b2e,2026-06-01T08:30:00Z,2026-06-01T10:30:00+0200,36844.85984,MW,DE,DE_LU,forecast_solar_generation,Solar,2026-06-25T11:27:13Z
2026-06-25T11:25:56Z,2026-06-25T13:25:56+0200,aad9710e-10ca-4c9d-9467-7720556f4b2e,2026-06-01T08:45:00Z,2026-06-01T10:45:00+0200,38133.93721,MW,DE,DE_LU,forecast_solar_generation,Solar,2026-06-25T11:27:13Z
2026-06-25T11:25:56Z,2026-06-25T13:25:56+0200,aad9710e-10ca-4c9d-9467-7720556f4b2e,2026-06-01T09:00:00Z,2026-06-01T11:00:00+0200,39266.82858,MW,DE,DE_LU,forecast_solar_generation,Solar,2026-06-25T11:27:13Z
2026-06-25T11:25:56Z,2026-06-25T13:25:56+0200,aad9710e-10ca-4c9d-9467-7720556f4b2e,2026-06-01T09:15:00Z,2026-06-01T11:15:00+0200,40268.36897,MW,DE,DE_LU,forecast_solar_generation,Solar,2026-06-25T11:27:13Z
2026-06-25T11:25:56Z,2026-06-25T13:25:56+0200,aad9710e-10ca-4c9d-9467-7720556f4b2e,2026-06-01T09:30:00Z,2026-06-01T11:30:00+0200,41133.87669,MW,DE,DE_LU,forecast_solar_generation,Solar,2026-06-25T11:27:13Z
2026-06-25T11:25:56Z,2026-06-25T13:25:56+0200,aad9710e-10ca-4c9d-9467-7720556f4b2e,2026-06-01T09:45:00Z,2026-06-01T11:45:00+0200,41850.70873,MW,DE,DE_LU,forecast_solar_generation,Solar,2026-06-25T11:27:13Z
2026-06-25T11:25:56Z,2026-06-25T13:25:56+0200,aad9710e-10ca-4c9d-9467-7720556f4b2e,2026-06-01T10:00:00Z,2026-06-01T12:00:00+0200,42385.37259,MW,DE,DE_LU,forecast_solar_generation,Solar,2026-06-25T11:27:13Z
2026-06-25T11:25:56Z,2026-06-25T13:25:56+0200,aad9710e-10ca-4c9d-9467-7720556f4b2e,2026-06-01T10:15:00Z,2026-06-01T12:15:00+0200,42773.00954,MW,DE,DE_LU,forecast_solar_generation,Solar,2026-06-25T11:27:13Z
2026-06-25T11:25:56Z,2026-06-25T13:25:56+0200,aad9710e-10ca-4c9d-9467-7720556f4b2e,2026-06-01T10:30:00Z,2026-06-01T12:30:00+0200,42982.15456,MW,DE,DE_LU,forecast_solar_generation,Solar,2026-06-25T11:27:13Z
2026-06-25T11:25:56Z,2026-06-25T13:25:56+0200,aad9710e-10ca-4c9d-9467-7720556f4b2e,2026-06-01T10:45:00Z,2026-06-01T12:45:00+0200,43061.29007,MW,DE,DE_LU,forecast_solar_generation,Solar,2026-06-25T11:27:13Z
2026-06-25T11:25:56Z,2026-06-25T13:25:56+0200,aad9710e-10ca-4c9d-9467-7720556f4b2e,2026-06-01T11:00:00Z,2026-06-01T13:00:00+0200,43001.12463,MW,DE,DE_LU,forecast_solar_generation,Solar,2026-06-25T11:27:13Z
2026-06-25T11:25:56Z,2026-06-25T13:25:56+0200,aad9710e-10ca-4c9d-9467-7720556f4b2e,2026-06-01T11:15:00Z,2026-06-01T13:15:00+0200,42831.06975,MW,DE,DE_LU,forecast_solar_generation,Solar,2026-06-25T11:27:13Z
2026-06-25T11:25:56Z,2026-06-25T13:25:56+0200,aad9710e-10ca-4c9d-9467-7720556f4b2e,2026-06-01T11:30:00Z,2026-06-01T13:30:00+0200,42678.43172,MW,DE,DE_LU,forecast_solar_generation,Solar,2026-06-25T11:27:13Z
2026-06-25T11:25:56Z,2026-06-25T13:25:56+0200,aad9710e-10ca-4c9d-9467-7720556f4b2e,2026-06-01T11:45:00Z,2026-06-01T13:45:00+0200,42416.78443,MW,DE,DE_LU,forecast_solar_generation,Solar,2026-06-25T11:27:13Z
2026-06-25T11:25:56Z,2026-06-25T13:25:56+0200,aad9710e-10ca-4c9d-9467-7720556f4b2e,2026-06-01T12:00:00Z,2026-06-01T14:00:00+0200,42085.48978,MW,DE,DE_LU,forecast_solar_generation,Solar,2026-06-25T11:27:13Z
2026-06-25T11:25:56Z,2026-06-25T13:25:56+0200,aad9710e-10ca-4c9d-9467-7720556f4b2e,2026-06-01T12:15:00Z,2026-06-01T14:15:00+0200,41664.3665,MW,DE,DE_LU,forecast_solar_generation,Solar,2026-06-25T11:27:13Z
2026-06-25T11:25:56Z,2026-06-25T13:25:56+0200,aad9710e-10ca-4c9d-9467-7720556f4b2e,2026-06-01T12:30:00Z,2026-06-01T14:30:00+0200,41126.92699,MW,DE,DE_LU,forecast_solar_generation,Solar,2026-06-25T11:27:13Z
2026-06-25T11:25:56Z,2026-06-25T13:25:56+0200,aad9710e-10ca-4c9d-9467-7720556f4b2e,2026-06-01T12:45:00Z,2026-06-01T14:45:00+0200,40385.32624,MW,DE,DE_LU,forecast_solar_generation,Solar,2026-06-25T11:27:13Z
2026-06-25T11:25:56Z,2026-06-25T13:25:56+0200,aad9710e-10ca-4c9d-9467-7720556f4b2e,2026-06-01T13:00:00Z,2026-06-01T15:00:00+0200,39424.23942,MW,DE,DE_LU,forecast_solar_generation,Solar,2026-06-25T11:27:13Z
2026-06-25T11:25:56Z,2026-06-25T13:25:56+0200,aad9710e-10ca-4c9d-9467-7720556f4b2e,2026-06-01T13:15:00Z,2026-06-01T15:15:00+0200,38346.76517,MW,DE,DE_LU,forecast_solar_generation,Solar,2026-06-25T11:27:13Z
2026-06-25T11:25:56Z,2026-06-25T13:25:56+0200,aad9710e-10ca-4c9d-9467-7720556f4b2e,2026-06-01T13:30:00Z,2026-06-01T15:30:00+0200,37165.35565,MW,DE,DE_LU,forecast_solar_generation,Solar,2026-06-25T11:27:13Z
2026-06-25T11:25:56Z,2026-06-25T13:25:56+0200,aad9710e-10ca-4c9d-9467-7720556f4b2e,2026-06-01T13:45:00Z,2026-06-01T15:45:00+0200,35865.50545,MW,DE,DE_LU,forecast_solar_generation,Solar,2026-06-25T11:27:13Z
2026-06-25T11:25:56Z,2026-06-25T13:25:56+0200,aad9710e-10ca-4c9d-9467-7720556f4b2e,2026-06-01T14:00:00Z,2026-06-01T16:00:00+0200,34419.51295,MW,DE,DE_LU,forecast_solar_generation,Solar,2026-06-25T11:27:13Z
2026-06-25T11:25:56Z,2026-06-25T13:25:56+0200,aad9710e-10ca-4c9d-9467-7720556f4b2e,2026-06-01T14:15:00Z,2026-06-01T16:15:00+0200,32875.2387,MW,DE,DE_LU,forecast_solar_generation,Solar,2026-06-25T11:27:13Z
2026-06-25T11:25:56Z,2026-06-25T13:25:56+0200,aad9710e-10ca-4c9d-9467-7720556f4b2e,2026-06-01T14:30:00Z,2026-06-01T16:30:00+0200,31242.69574,MW,DE,DE_LU,forecast_solar_generation,Solar,2026-06-25T11:27:13Z
2026-06-25T11:25:56Z,2026-06-25T13:25:56+0200,aad9710e-10ca-4c9d-9467-7720556f4b2e,2026-06-01T14:45:00Z,2026-06-01T16:45:00+0200,29449.61981,MW,DE,DE_LU,forecast_solar_generation,Solar,2026-06-25T11:27:13Z
2026-06-25T11:25:56Z,2026-06-25T13:25:56+0200,aad9710e-10ca-4c9d-9467-7720556f4b2e,2026-06-01T15:00:00Z,2026-06-01T17:00:00+0200,27470.98234,MW,DE,DE_LU,forecast_solar_generation,Solar,2026-06-25T11:27:13Z
2026-06-25T11:25:56Z,2026-06-25T13:25:56+0200,aad9710e-10ca-4c9d-9467-7720556f4b2e,2026-06-01T15:15:00Z,2026-06-01T17:15:00+0200,25369.50313,MW,DE,DE_LU,forecast_solar_generation,Solar,2026-06-25T11:27:13Z
2026-06-25T11:25:56Z,2026-06-25T13:25:56+0200,aad9710e-10ca-4c9d-9467-7720556f4b2e,2026-06-01T15:30:00Z,2026-06-01T17:30:00+0200,23185.9647,MW,DE,DE_LU,forecast_solar_generation,Solar,2026-06-25T11:27:13Z
2026-06-25T11:25:56Z,2026-06-25T13:25:56+0200,aad9710e-10ca-4c9d-9467-7720556f4b2e,2026-06-01T15:45:00Z,2026-06-01T17:45:00+0200,20954.29608,MW,DE,DE_LU,forecast_solar_generation,Solar,2026-06-25T11:27:13Z
2026-06-25T11:25:56Z,2026-06-25T13:25:56+0200,aad9710e-10ca-4c9d-9467-7720556f4b2e,2026-06-01T16:00:00Z,2026-06-01T18:00:00+0200,18710.67242,MW,DE,DE_LU,forecast_solar_generation,Solar,2026-06-25T11:27:13Z
2026-06-25T11:25:56Z,2026-06-25T13:25:56+0200,aad9710e-10ca-4c9d-9467-7720556f4b2e,2026-06-01T16:15:00Z,2026-06-01T18:15:00+0200,16438.70788,MW,DE,DE_LU,forecast_solar_generation,Solar,2026-06-25T11:27:13Z
2026-06-25T11:25:56Z,2026-06-25T13:25:56+0200,aad9710e-10ca-4c9d-9467-7720556f4b2e,2026-06-01T16:30:00Z,2026-06-01T18:30:00+0200,14166.88363,MW,DE,DE_LU,forecast_solar_generation,Solar,2026-06-25T11:27:13Z
2026-06-25T11:25:56Z,2026-06-25T13:25:56+0200,aad9710e-10ca-4c9d-9467-7720556f4b2e,2026-06-01T16:45:00Z,2026-06-01T18:45:00+0200,11982.75228,MW,DE,DE_LU,forecast_solar_generation,Solar,2026-06-25T11:27:13Z
2026-06-25T11:25:56Z,2026-06-25T13:25:56+0200,aad9710e-10ca-4c9d-9467-7720556f4b2e,2026-06-01T17:00:00Z,2026-06-01T19:00:00+0200,9928.757,MW,DE,DE_LU,forecast_solar_generation,Solar,2026-06-25T11:27:13Z
2026-06-25T11:25:56Z,2026-06-25T13:25:56+0200,aad9710e-10ca-4c9d-9467-7720556f4b2e,2026-06-01T17:15:00Z,2026-06-01T19:15:00+0200,8029.62043,MW,DE,DE_LU,forecast_solar_generation,Solar,2026-06-25T11:27:13Z
2026-06-25T11:25:56Z,2026-06-25T13:25:56+0200,aad9710e-10ca-4c9d-9467-7720556f4b2e,2026-06-01T17:30:00Z,2026-06-01T19:30:00+0200,6345.93771,MW,DE,DE_LU,forecast_solar_generation,Solar,2026-06-25T11:27:13Z
2026-06-25T11:25:56Z,2026-06-25T13:25:56+0200,aad9710e-10ca-4c9d-9467-7720556f4b2e,2026-06-01T17:45:00Z,2026-06-01T19:45:00+0200,4855.78435,MW,DE,DE_LU,forecast_solar_generation,Solar,2026-06-25T11:27:13Z
2026-06-25T11:25:56Z,2026-06-25T13:25:56+0200,aad9710e-10ca-4c9d-9467-7720556f4b2e,2026-06-01T18:00:00Z,2026-06-01T20:00:00+0200,3537.25874,MW,DE,DE_LU,forecast_solar_generation,Solar,2026-06-25T11:27:13Z
2026-06-25T11:25:56Z,2026-06-25T13:25:56+0200,aad9710e-10ca-4c9d-9467-7720556f4b2e,2026-06-01T18:15:00Z,2026-06-01T20:15:00+0200,2392.49053,MW,DE,DE_LU,forecast_solar_generation,Solar,2026-06-25T11:27:13Z
2026-06-25T11:25:56Z,2026-06-25T13:25:56+0200,aad9710e-10ca-4c9d-9467-7720556f4b2e,2026-06-01T18:30:00Z,2026-06-01T20:30:00+0200,1445.56417,MW,DE,DE_LU,forecast_solar_generation,Solar,2026-06-25T11:27:13Z
2026-06-25T11:25:56Z,2026-06-25T13:25:56+0200,aad9710e-10ca-4c9d-9467-7720556f4b2e,2026-06-01T18:45:00Z,2026-06-01T20:45:00+0200,709.49582,MW,DE,DE_LU,forecast_solar_generation,Solar,2026-06-25T11:27:13Z
2026-06-25T11:25:56Z,2026-06-25T13:25:56+0200,aad9710e-10ca-4c9d-9467-7720556f4b2e,2026-06-01T19:00:00Z,2026-06-01T21:00:00+0200,261.61287,MW,DE,DE_LU,forecast_solar_generation,Solar,2026-06-25T11:27:13Z
2026-06-25T11:25:56Z,2026-06-25T13:25:56+0200,aad9710e-10ca-4c9d-9467-7720556f4b2e,2026-06-01T19:15:00Z,2026-06-01T21:15:00+0200,77.55881,MW,DE,DE_LU,forecast_solar_generation,Solar,2026-06-25T11:27:13Z
2026-06-25T11:25:56Z,2026-06-25T13:25:56+0200,aad9710e-10ca-4c9d-9467-7720556f4b2e,2026-06-01T19:30:00Z,2026-06-01T21:30:00+0200,28.38009,MW,DE,DE_LU,forecast_solar_generation,Solar,2026-06-25T11:27:13Z
2026-06-25T11:25:56Z,2026-06-25T13:25:56+0200,aad9710e-10ca-4c9d-9467-7720556f4b2e,2026-06-01T19:45:00Z,2026-06-01T21:45:00+0200,15.42945,MW,DE,DE_LU,forecast_solar_generation,Solar,2026-06-25T11:27:13Z
2026-06-25T11:25:56Z,2026-06-25T13:25:56+0200,aad9710e-10ca-4c9d-9467-7720556f4b2e,2026-06-01T20:00:00Z,2026-06-01T22:00:00+0200,0.0,MW,DE,DE_LU,forecast_solar_generation,Solar,2026-06-25T11:27:13Z
2026-06-25T11:25:56Z,2026-06-25T13:25:56+0200,aad9710e-10ca-4c9d-9467-7720556f4b2e,2026-06-01T20:15:00Z,2026-06-01T22:15:00+0200,0.0,MW,DE,DE_LU,forecast_solar_generation,Solar,2026-06-25T11:27:13Z
2026-06-25T11:25:56Z,2026-06-25T13:25:56+0200,aad9710e-10ca-4c9d-9467-7720556f4b2e,2026-06-01T20:30:00Z,2026-06-01T22:30:00+0200,0.0,MW,DE,DE_LU,forecast_solar_generation,Solar,2026-06-25T11:27:13Z
2026-06-25T11:25:56Z,2026-06-25T13:25:56+0200,aad9710e-10ca-4c9d-9467-7720556f4b2e,2026-06-01T20:45:00Z,2026-06-01T22:45:00+0200,0.0,MW,DE,DE_LU,forecast_solar_generation,Solar,2026-06-25T11:27:13Z
2026-06-25T11:25:56Z,2026-06-25T13:25:56+0200,aad9710e-10ca-4c9d-9467-7720556f4b2e,2026-06-01T21:00:00Z,2026-06-01T23:00:00+0200,0.0,MW,DE,DE_LU,forecast_solar_generation,Solar,2026-06-25T11:27:13Z
2026-06-25T11:25:56Z,2026-06-25T13:25:56+0200,aad9710e-10ca-4c9d-9467-7720556f4b2e,2026-06-01T21:15:00Z,2026-06-01T23:15:00+0200,0.0,MW,DE,DE_LU,forecast_solar_generation,Solar,2026-06-25T11:27:13Z
2026-06-25T11:25:56Z,2026-06-25T13:25:56+0200,aad9710e-10ca-4c9d-9467-7720556f4b2e,2026-06-01T21:30:00Z,2026-06-01T23:30:00+0200,0.0,MW,DE,DE_LU,forecast_solar_generation,Solar,2026-06-25T11:27:13Z
2026-06-25T11:25:56Z,2026-06-25T13:25:56+0200,aad9710e-10ca-4c9d-9467-7720556f4b2e,2026-06-01T21:45:00Z,2026-06-01T23:45:00+0200,0.0,MW,DE,DE_LU,forecast_solar_generation,Solar,2026-06-25T11:27:13Z
2026-06-25T11:25:56Z,2026-06-25T13:25:56+0200,aad9710e-10ca-4c9d-9467-7720556f4b2e,2026-06-01T22:00:00Z,2026-06-02T00:00:00+0200,0.0,MW,DE,DE_LU,forecast_solar_generation,Solar,2026-06-25T11:27:13Z
2026-06-25T11:25:56Z,2026-06-25T13:25:56+0200,aad9710e-10ca-4c9d-9467-7720556f4b2e,2026-06-01T22:15:00Z,2026-06-02T00:15:00+0200,0.0,MW,DE,DE_LU,forecast_solar_generation,Solar,2026-06-25T11:27:13Z
2026-06-25T11:25:56Z,2026-06-25T13:25:56+0200,aad9710e-10ca-4c9d-9467-7720556f4b2e,2026-06-01T22:30:00Z,2026-06-02T00:30:00+0200,0.0,MW,DE,DE_LU,forecast_solar_generation,Solar,2026-06-25T11:27:13Z
2026-06-25T11:25:56Z,2026-06-25T13:25:56+0200,aad9710e-10ca-4c9d-9467-7720556f4b2e,2026-06-01T22:45:00Z,2026-06-02T00:45:00+0200,0.0,MW,DE,DE_LU,forecast_solar_generation,Solar,2026-06-25T11:27:13Z
2026-06-25T11:25:56Z,2026-06-25T13:25:56+0200,aad9710e-10ca-4c9d-9467-7720556f4b2e,2026-06-01T23:00:00Z,2026-06-02T01:00:00+0200,0.0,MW,DE,DE_LU,forecast_solar_generation,Solar,2026-06-25T11:27:13Z
2026-06-25T11:25:56Z,2026-06-25T13:25:56+0200,aad9710e-10ca-4c9d-9467-7720556f4b2e,2026-06-01T23:15:00Z,2026-06-02T01:15:00+0200,0.0,MW,DE,DE_LU,forecast_solar_generation,Solar,2026-06-25T11:27:13Z
2026-06-25T11:25:56Z,2026-06-25T13:25:56+0200,aad9710e-10ca-4c9d-9467-7720556f4b2e,2026-06-01T23:30:00Z,2026-06-02T01:30:00+0200,0.0,MW,DE,DE_LU,forecast_solar_generation,Solar,2026-06-25T11:27:13Z
2026-06-25T11:25:56Z,2026-06-25T13:25:56+0200,aad9710e-10ca-4c9d-9467-7720556f4b2e,2026-06-01T23:45:00Z,2026-06-02T01:45:00+0200,0.0,MW,DE,DE_LU,forecast_solar_generation,Solar,2026-06-25T11:27:13Z
2026-06-25T11:25:56Z,2026-06-25T13:25:56+0200,aad9710e-10ca-4c9d-9467-7720556f4b2e,2026-06-02T00:00:00Z,2026-06-02T02:00:00+0200,0.0,MW,DE,DE_LU,forecast_solar_generation,Solar,2026-06-25T11:27:13Z
2026-06-25T11:25:56Z,2026-06-25T13:25:56+0200,aad9710e-10ca-4c9d-9467-7720556f4b2e,2026-06-02T00:15:00Z,2026-06-02T02:15:00+0200,0.0,MW,DE,DE_LU,forecast_solar_generation,Solar,2026-06-25T11:27:13Z
2026-06-25T11:25:56Z,2026-06-25T13:25:56+0200,aad9710e-10ca-4c9d-9467-7720556f4b2e,2026-06-02T00:30:00Z,2026-06-02T02:30:00+0200,0.0,MW,DE,DE_LU,forecast_solar_generation,Solar,2026-06-25T11:27:13Z
2026-06-25T11:25:56Z,2026-06-25T13:25:56+0200,aad9710e-10ca-4c9d-9467-7720556f4b2e,2026-06-02T00:45:00Z,2026-06-02T02:45:00+0200,0.0,MW,DE,DE_LU,forecast_solar_generation,Solar,2026-06-25T11:27:13Z
2026-06-25T11:25:56Z,2026-06-25T13:25:56+0200,aad9710e-10ca-4c9d-9467-7720556f4b2e,2026-06-02T01:00:00Z,2026-06-02T03:00:00+0200,0.0,MW,DE,DE_LU,forecast_solar_generation,Solar,2026-06-25T11:27:13Z
2026-06-25T11:25:56Z,2026-06-25T13:25:56+0200,aad9710e-10ca-4c9d-9467-7720556f4b2e,2026-06-02T01:15:00Z,2026-06-02T03:15:00+0200,0.0,MW,DE,DE_LU,forecast_solar_generation,Solar,2026-06-25T11:27:13Z
2026-06-25T11:25:56Z,2026-06-25T13:25:56+0200,aad9710e-10ca-4c9d-9467-7720556f4b2e,2026-06-02T01:30:00Z,2026-06-02T03:30:00+0200,0.0,MW,DE,DE_LU,forecast_solar_generation,Solar,2026-06-25T11:27:13Z
2026-06-25T11:25:56Z,2026-06-25T13:25:56+0200,aad9710e-10ca-4c9d-9467-7720556f4b2e,2026-06-02T01:45:00Z,2026-06-02T03:45:00+0200,0.0,MW,DE,DE_LU,forecast_solar_generation,Solar,2026-06-25T11:27:13Z
2026-06-25T11:25:56Z,2026-06-25T13:25:56+0200,aad9710e-10ca-4c9d-9467-7720556f4b2e,2026-06-02T02:00:00Z,2026-06-02T04:00:00+0200,0.0,MW,DE,DE_LU,forecast_solar_generation,Solar,2026-06-25T11:27:13Z
2026-06-25T11:25:56Z,2026-06-25T13:25:56+0200,aad9710e-10ca-4c9d-9467-7720556f4b2e,2026-06-02T02:15:00Z,2026-06-02T04:15:00+0200,0.0,MW,DE,DE_LU,forecast_solar_generation,Solar,2026-06-25T11:27:13Z
2026-06-25T11:25:56Z,2026-06-25T13:25:56+0200,aad9710e-10ca-4c9d-9467-7720556f4b2e,2026-06-02T02:30:00Z,2026-06-02T04:30:00+0200,0.0,MW,DE,DE_LU,forecast_solar_generation,Solar,2026-06-25T11:27:13Z
2026-06-25T11:25:56Z,2026-06-25T13:25:56+0200,aad9710e-10ca-4c9d-9467-7720556f4b2e,2026-06-02T02:45:00Z,2026-06-02T04:45:00+0200,9.67925,MW,DE,DE_LU,forecast_solar_generation,Solar,2026-06-25T11:27:13Z
2026-06-25T11:25:56Z,2026-06-25T13:25:56+0200,aad9710e-10ca-4c9d-9467-7720556f4b2e,2026-06-02T03:00:00Z,2026-06-02T05:00:00+0200,98.61026,MW,DE,DE_LU,forecast_solar_generation,Solar,2026-06-25T11:27:13Z
2026-06-25T11:25:56Z,2026-06-25T13:25:56+0200,aad9710e-10ca-4c9d-9467-7720556f4b2e,2026-06-02T03:15:00Z,2026-06-02T05:15:00+0200,338.89439,MW,DE,DE_LU,forecast_solar_generation,Solar,2026-06-25T11:27:13Z
2026-06-25T11:25:56Z,2026-06-25T13:25:56+0200,aad9710e-10ca-4c9d-9467-7720556f4b2e,2026-06-02T03:30:00Z,2026-06-02T05:30:00+0200,756.53436,MW,DE,DE_LU,forecast_solar_generation,Solar,2026-06-25T11:27:13Z
2026-06-25T11:25:56Z,2026-06-25T13:25:56+0200,aad9710e-10ca-4c9d-9467-7720556f4b2e,2026-06-02T03:45:00Z,2026-06-02T05:45:00+0200,1391.75301,MW,DE,DE_LU,forecast_solar_generation,Solar,2026-06-25T11:27:13Z
2026-06-25T11:25:56Z,2026-06-25T13:25:56+0200,aad9710e-10ca-4c9d-9467-7720556f4b2e,2026-06-02T04:00:00Z,2026-06-02T06:00:00+0200,2279.62651,MW,DE,DE_LU,forecast_solar_generation,Solar,2026-06-25T11:27:13Z
2026-06-25T11:25:56Z,2026-06-25T13:25:56+0200,aad9710e-10ca-4c9d-9467-7720556f4b2e,2026-06-02T04:15:00Z,2026-06-02T06:15:00+0200,3397.3875,MW,DE,DE_LU,forecast_solar_generation,Solar,2026-06-25T11:27:13Z
2026-06-25T11:25:56Z,2026-06-25T13:25:56+0200,aad9710e-10ca-4c9d-9467-7720556f4b2e,2026-06-02T04:30:00Z,2026-06-02T06:30:00+0200,4706.43529,MW,DE,DE_LU,forecast_solar_generation,Solar,2026-06-25T11:27:13Z
2026-06-25T11:25:56Z,2026-06-25T13:25:56+0200,aad9710e-10ca-4c9d-9467-7720556f4b2e,2026-06-02T04:45:00Z,2026-06-02T06:45:00+0200,6224.15045,MW,DE,DE_LU,forecast_solar_generation,Solar,2026-06-25T11:27:13Z
2026-06-25T11:25:56Z,2026-06-25T13:25:56+0200,aad9710e-10ca-4c9d-9467-7720556f4b2e,2026-06-02T05:00:00Z,2026-06-02T07:00:00+0200,7968.16157,MW,DE,DE_LU,forecast_solar_generation,Solar,2026-06-25T11:27:13Z
2026-06-25T11:25:56Z,2026-06-25T13:25:56+0200,aad9710e-10ca-4c9d-9467-7720556f4b2e,2026-06-02T05:15:00Z,2026-06-02T07:15:00+0200,9917.1245,MW,DE,DE_LU,forecast_solar_generation,Solar,2026-06-25T11:27:13Z
2026-06-25T11:25:56Z,2026-06-25T13:25:56+0200,aad9710e-10ca-4c9d-9467-7720556f4b2e,2026-06-02T05:30:00Z,2026-06-02T07:30:00+0200,12016.69835,MW,DE,DE_LU,forecast_solar_generation,Solar,2026-06-25T11:27:13Z
2026-06-25T11:25:56Z,2026-06-25T13:25:56+0200,aad9710e-10ca-4c9d-9467-7720556f4b2e,2026-06-02T05:45:00Z,2026-06-02T07:45:00+0200,14230.15104,MW,DE,DE_LU,forecast_solar_generation,Solar,2026-06-25T11:27:13Z
2026-06-25T11:25:56Z,2026-06-25T13:25:56+0200,aad9710e-10ca-4c9d-9467-7720556f4b2e,2026-06-02T06:00:00Z,2026-06-02T08:00:00+0200,16514.11383,MW,DE,DE_LU,forecast_solar_generation,Solar,2026-06-25T11:27:13Z
2026-06-25T11:25:56Z,2026-06-25T13:25:56+0200,aad9710e-10ca-4c9d-9467-7720556f4b2e,2026-06-02T06:15:00Z,2026-06-02T08:15:00+0200,18846.28183,MW,DE,DE_LU,forecast_solar_generation,Solar,2026-06-25T11:27:13Z
2026-06-25T11:25:56Z,2026-06-25T13:25:56+0200,aad9710e-10ca-4c9d-9467-7720556f4b2e,2026-06-02T06:30:00Z,2026-06-02T08:30:00+0200,21168.1289,MW,DE,DE_LU,forecast_solar_generation,Solar,2026-06-25T11:27:13Z
2026-06-25T11:25:56Z,2026-06-25T13:25:56+0200,aad9710e-10ca-4c9d-9467-7720556f4b2e,2026-06-02T06:45:00Z,2026-06-02T08:45:00+0200,23447.9537,MW,DE,DE_LU,forecast_solar_generation,Solar,2026-06-25T11:27:13Z
2026-06-25T11:25:56Z,2026-06-25T13:25:56+0200,aad9710e-10ca-4c9d-9467-7720556f4b2e,2026-06-02T07:00:00Z,2026-06-02T09:00:00+0200,25632.45142,MW,DE,DE_LU,forecast_solar_generation,Solar,2026-06-25T11:27:13Z
2026-06-25T11:25:56Z,2026-06-25T13:25:56+0200,aad9710e-10ca-4c9d-9467-7720556f4b2e,2026-06-02T07:15:00Z,2026-06-02T09:15:00+0200,27726.98085,MW,DE,DE_LU,forecast_solar_generation,Solar,2026-06-25T11:27:13Z
2026-06-25T11:25:56Z,2026-06-25T13:25:56+0200,aad9710e-10ca-4c9d-9467-7720556f4b2e,2026-06-02T07:30:00Z,2026-06-02T09:30:00+0200,29675.30798,MW,DE,DE_LU,forecast_solar_generation,Solar,2026-06-25T11:27:13Z
2026-06-25T11:25:56Z,2026-06-25T13:25:56+0200,aad9710e-10ca-4c9d-9467-7720556f4b2e,2026-06-02T07:45:00Z,2026-06-02T09:45:00+0200,31405.33959,MW,DE,DE_LU,forecast_solar_generation,Solar,2026-06-25T11:27:13Z
2026-06-25T11:25:56Z,2026-06-25T13:25:56+0200,aad9710e-10ca-4c9d-9467-7720556f4b2e,2026-06-02T08:00:00Z,2026-06-02T10:00:00+0200,32890.22524,MW,DE,DE_LU,forecast_solar_generation,Solar,2026-06-25T11:27:13Z
2026-06-25T11:25:56Z,2026-06-25T13:25:56+0200,aad9710e-10ca-4c9d-9467-7720556f4b2e,2026-06-02T08:15:00Z,2026-06-02T10:15:00+0200,34193.80479,MW,DE,DE_LU,forecast_solar_generation,Solar,2026-06-25T11:27:13Z
2026-06-25T11:25:56Z,2026-06-25T13:25:56+0200,aad9710e-10ca-4c9d-9467-7720556f4b2e,2026-06-02T08:30:00Z,2026-06-02T10:30:00+0200,35326.84045,MW,DE,DE_LU,forecast_solar_generation,Solar,2026-06-25T11:27:13Z
2026-06-25T11:25:56Z,2026-06-25T13:25:56+0200,aad9710e-10ca-4c9d-9467-7720556f4b2e,2026-06-02T08:45:00Z,2026-06-02T10:45:00+0200,36295.92478,MW,DE,DE_LU,forecast_solar_generation,Solar,2026-06-25T11:27:13Z
2026-06-25T11:25:56Z,2026-06-25T13:25:56+0200,aad9710e-10ca-4c9d-9467-7720556f4b2e,2026-06-02T09:00:00Z,2026-06-02T11:00:00+0200,37100.59485,MW,DE,DE_LU,forecast_solar_generation,Solar,2026-06-25T11:27:13Z
2026-06-25T11:25:56Z,2026-06-25T13:25:56+0200,aad9710e-10ca-4c9d-9467-7720556f4b2e,2026-06-02T09:15:00Z,2026-06-02T11:15:00+0200,37681.12661,MW,DE,DE_LU,forecast_solar_generation,Solar,2026-06-25T11:27:13Z
2026-06-25T11:25:56Z,2026-06-25T13:25:56+0200,aad9710e-10ca-4c9d-9467-7720556f4b2e,2026-06-02T09:30:00Z,2026-06-02T11:30:00+0200,38163.47931,MW,DE,DE_LU,forecast_solar_generation,Solar,2026-06-25T11:27:13Z
2026-06-25T11:25:56Z,2026-06-25T13:25:56+0200,aad9710e-10ca-4c9d-9467-7720556f4b2e,2026-06-02T09:45:00Z,2026-06-02T11:45:00+0200,38524.25107,MW,DE,DE_LU,forecast_solar_generation,Solar,2026-06-25T11:27:13Z
2026-06-25T11:25:56Z,2026-06-25T13:25:56+0200,aad9710e-10ca-4c9d-9467-7720556f4b2e,2026-06-02T10:00:00Z,2026-06-02T12:00:00+0200,38738.70375,MW,DE,DE_LU,forecast_solar_generation,Solar,2026-06-25T11:27:13Z
2026-06-25T11:25:56Z,2026-06-25T13:25:56+0200,aad9710e-10ca-4c9d-9467-7720556f4b2e,2026-06-02T10:15:00Z,2026-06-02T12:15:00+0200,38788.68957,MW,DE,DE_LU,forecast_solar_generation,Solar,2026-06-25T11:27:13Z
2026-06-25T11:25:56Z,2026-06-25T13:25:56+0200,aad9710e-10ca-4c9d-9467-7720556f4b2e,2026-06-02T10:30:00Z,2026-06-02T12:30:00+0200,38731.59656,MW,DE,DE_LU,forecast_solar_generation,Solar,2026-06-25T11:27:13Z
2026-06-25T11:25:56Z,2026-06-25T13:25:56+0200,aad9710e-10ca-4c9d-9467-7720556f4b2e,2026-06-02T10:45:00Z,2026-06-02T12:45:00+0200,38508.21673,MW,DE,DE_LU,forecast_solar_generation,Solar,2026-06-25T11:27:13Z
2026-06-25T11:25:56Z,2026-06-25T13:25:56+0200,aad9710e-10ca-4c9d-9467-7720556f4b2e,2026-06-02T11:00:00Z,2026-06-02T13:00:00+0200,38159.63474,MW,DE,DE_LU,forecast_solar_generation,Solar,2026-06-25T11:27:13Z
2026-06-25T11:25:56Z,2026-06-25T13:25:56+0200,aad9710e-10ca-4c9d-9467-7720556f4b2e,2026-06-02T11:15:00Z,2026-06-02T13:15:00+0200,37642.56848,MW,DE,DE_LU,forecast_solar_generation,Solar,2026-06-25T11:27:13Z
2026-06-25T11:25:56Z,2026-06-25T13:25:56+0200,aad9710e-10ca-4c9d-9467-7720556f4b2e,2026-06-02T11:30:00Z,2026-06-02T13:30:00+0200,37024.28962,MW,DE,DE_LU,forecast_solar_generation,Solar,2026-06-25T11:27:13Z
2026-06-25T11:25:56Z,2026-06-25T13:25:56+0200,aad9710e-10ca-4c9d-9467-7720556f4b2e,2026-06-02T11:45:00Z,2026-06-02T13:45:00+0200,36278.81232,MW,DE,DE_LU,forecast_solar_generation,Solar,2026-06-25T11:27:13Z
2026-06-25T11:25:56Z,2026-06-25T13:25:56+0200,aad9710e-10ca-4c9d-9467-7720556f4b2e,2026-06-02T12:00:00Z,2026-06-02T14:00:00+0200,35545.93293,MW,DE,DE_LU,forecast_solar_generation,Solar,2026-06-25T11:27:13Z
2026-06-25T11:25:56Z,2026-06-25T13:25:56+0200,aad9710e-10ca-4c9d-9467-7720556f4b2e,2026-06-02T12:15:00Z,2026-06-02T14:15:00+0200,34730.08842,MW,DE,DE_LU,forecast_solar_generation,Solar,2026-06-25T11:27:13Z
2026-06-25T11:25:56Z,2026-06-25T13:25:56+0200,aad9710e-10ca-4c9d-9467-7720556f4b2e,2026-06-02T12:30:00Z,2026-06-02T14:30:00+0200,33870.13925,MW,DE,DE_LU,forecast_solar_generation,Solar,2026-06-25T11:27:13Z
2026-06-25T11:25:56Z,2026-06-25T13:25:56+0200,aad9710e-10ca-4c9d-9467-7720556f4b2e,2026-06-02T12:45:00Z,2026-06-02T14:45:00+0200,32863.36549,MW,DE,DE_LU,forecast_solar_generation,Solar,2026-06-25T11:27:13Z
2026-06-25T11:25:56Z,2026-06-25T13:25:56+0200,aad9710e-10ca-4c9d-9467-7720556f4b2e,2026-06-02T13:00:00Z,2026-06-02T15:00:00+0200,31673.28297,MW,DE,DE_LU,forecast_solar_generation,Solar,2026-06-25T11:27:13Z
2026-06-25T11:25:56Z,2026-06-25T13:25:56+0200,aad9710e-10ca-4c9d-9467-7720556f4b2e,2026-06-02T13:15:00Z,2026-06-02T15:15:00+0200,30420.17641,MW,DE,DE_LU,forecast_solar_generation,Solar,2026-06-25T11:27:13Z
2026-06-25T11:25:56Z,2026-06-25T13:25:56+0200,aad9710e-10ca-4c9d-9467-7720556f4b2e,2026-06-02T13:30:00Z,2026-06-02T15:30:00+0200,29072.81319,MW,DE,DE_LU,forecast_solar_generation,Solar,2026-06-25T11:27:13Z
2026-06-25T11:25:56Z,2026-06-25T13:25:56+0200,aad9710e-10ca-4c9d-9467-7720556f4b2e,2026-06-02T13:45:00Z,2026-06-02T15:45:00+0200,27626.43455,MW,DE,DE_LU,forecast_solar_generation,Solar,2026-06-25T11:27:13Z
2026-06-25T11:25:56Z,2026-06-25T13:25:56+0200,aad9710e-10ca-4c9d-9467-7720556f4b2e,2026-06-02T14:00:00Z,2026-06-02T16:00:00+0200,26090.52647,MW,DE,DE_LU,forecast_solar_generation,Solar,2026-06-25T11:27:13Z
2026-06-25T11:25:56Z,2026-06-25T13:25:56+0200,aad9710e-10ca-4c9d-9467-7720556f4b2e,2026-06-02T14:15:00Z,2026-06-02T16:15:00+0200,24496.60185,MW,DE,DE_LU,forecast_solar_generation,Solar,2026-06-25T11:27:13Z
2026-06-25T11:25:56Z,2026-06-25T13:25:56+0200,aad9710e-10ca-4c9d-9467-7720556f4b2e,2026-06-02T14:30:00Z,2026-06-02T16:30:00+0200,22884.12078,MW,DE,DE_LU,forecast_solar_generation,Solar,2026-06-25T11:27:13Z
2026-06-25T11:25:56Z,2026-06-25T13:25:56+0200,aad9710e-10ca-4c9d-9467-7720556f4b2e,2026-06-02T14:45:00Z,2026-06-02T16:45:00+0200,21204.56273,MW,DE,DE_LU,forecast_solar_generation,Solar,2026-06-25T11:27:13Z
2026-06-25T11:25:56Z,2026-06-25T13:25:56+0200,aad9710e-10ca-4c9d-9467-7720556f4b2e,2026-06-02T15:00:00Z,2026-06-02T17:00:00+0200,19482.33473,MW,DE,DE_LU,forecast_solar_generation,Solar,2026-06-25T11:27:13Z
2026-06-25T11:25:56Z,2026-06-25T13:25:56+0200,aad9710e-10ca-4c9d-9467-7720556f4b2e,2026-06-02T15:15:00Z,2026-06-02T17:15:00+0200,17765.72044,MW,DE,DE_LU,forecast_solar_generation,Solar,2026-06-25T11:27:13Z
2026-06-25T11:25:56Z,2026-06-25T13:25:56+0200,aad9710e-10ca-4c9d-9467-7720556f4b2e,2026-06-02T15:30:00Z,2026-06-02T17:30:00+0200,16009.87731,MW,DE,DE_LU,forecast_solar_generation,Solar,2026-06-25T11:27:13Z
2026-06-25T11:25:56Z,2026-06-25T13:25:56+0200,aad9710e-10ca-4c9d-9467-7720556f4b2e,2026-06-02T15:45:00Z,2026-06-02T17:45:00+0200,14277.7066,MW,DE,DE_LU,forecast_solar_generation,Solar,2026-06-25T11:27:13Z
2026-06-25T11:25:56Z,2026-06-25T13:25:56+0200,aad9710e-10ca-4c9d-9467-7720556f4b2e,2026-06-02T16:00:00Z,2026-06-02T18:00:00+0200,12579.65072,MW,DE,DE_LU,forecast_solar_generation,Solar,2026-06-25T11:27:13Z
2026-06-25T11:25:56Z,2026-06-25T13:25:56+0200,aad9710e-10ca-4c9d-9467-7720556f4b2e,2026-06-02T16:15:00Z,2026-06-02T18:15:00+0200,10963.26313,MW,DE,DE_LU,forecast_solar_generation,Solar,2026-06-25T11:27:13Z
2026-06-25T11:25:56Z,2026-06-25T13:25:56+0200,aad9710e-10ca-4c9d-9467-7720556f4b2e,2026-06-02T16:30:00Z,2026-06-02T18:30:00+0200,9414.2613,MW,DE,DE_LU,forecast_solar_generation,Solar,2026-06-25T11:27:13Z
2026-06-25T11:25:56Z,2026-06-25T13:25:56+0200,aad9710e-10ca-4c9d-9467-7720556f4b2e,2026-06-02T16:45:00Z,2026-06-02T18:45:00+0200,7941.11245,MW,DE,DE_LU,forecast_solar_generation,Solar,2026-06-25T11:27:13Z
2026-06-25T11:25:56Z,2026-06-25T13:25:56+0200,aad9710e-10ca-4c9d-9467-7720556f4b2e,2026-06-02T17:00:00Z,2026-06-02T19:00:00+0200,6578.67079,MW,DE,DE_LU,forecast_solar_generation,Solar,2026-06-25T11:27:13Z
2026-06-25T11:25:56Z,2026-06-25T13:25:56+0200,aad9710e-10ca-4c9d-9467-7720556f4b2e,2026-06-02T17:15:00Z,2026-06-02T19:15:00+0200,5313.54248,MW,DE,DE_LU,forecast_solar_generation,Solar,2026-06-25T11:27:13Z
2026-06-25T11:25:56Z,2026-06-25T13:25:56+0200,aad9710e-10ca-4c9d-9467-7720556f4b2e,2026-06-02T17:30:00Z,2026-06-02T19:30:00+0200,4164.65277,MW,DE,DE_LU,forecast_solar_generation,Solar,2026-06-25T11:27:13Z
2026-06-25T11:25:56Z,2026-06-25T13:25:56+0200,aad9710e-10ca-4c9d-9467-7720556f4b2e,2026-06-02T17:45:00Z,2026-06-02T19:45:00+0200,3155.03186,MW,DE,DE_LU,forecast_solar_generation,Solar,2026-06-25T11:27:13Z
2026-06-25T11:25:56Z,2026-06-25T13:25:56+0200,aad9710e-10ca-4c9d-9467-7720556f4b2e,2026-06-02T18:00:00Z,2026-06-02T20:00:00+0200,2260.63408,MW,DE,DE_LU,forecast_solar_generation,Solar,2026-06-25T11:27:13Z
2026-06-25T11:25:56Z,2026-06-25T13:25:56+0200,aad9710e-10ca-4c9d-9467-7720556f4b2e,2026-06-02T18:15:00Z,2026-06-02T20:15:00+0200,1516.77367,MW,DE,DE_LU,forecast_solar_generation,Solar,2026-06-25T11:27:13Z
2026-06-25T11:25:56Z,2026-06-25T13:25:56+0200,aad9710e-10ca-4c9d-9467-7720556f4b2e,2026-06-02T18:30:00Z,2026-06-02T20:30:00+0200,938.54518,MW,DE,DE_LU,forecast_solar_generation,Solar,2026-06-25T11:27:13Z
2026-06-25T11:25:56Z,2026-06-25T13:25:56+0200,aad9710e-10ca-4c9d-9467-7720556f4b2e,2026-06-02T18:45:00Z,2026-06-02T20:45:00+0200,505.26461,MW,DE,DE_LU,forecast_solar_generation,Solar,2026-06-25T11:27:13Z
2026-06-25T11:25:56Z,2026-06-25T13:25:56+0200,aad9710e-10ca-4c9d-9467-7720556f4b2e,2026-06-02T19:00:00Z,2026-06-02T21:00:00+0200,215.12319,MW,DE,DE_LU,forecast_solar_generation,Solar,2026-06-25T11:27:13Z
2026-06-25T11:25:56Z,2026-06-25T13:25:56+0200,aad9710e-10ca-4c9d-9467-7720556f4b2e,2026-06-02T19:15:00Z,2026-06-02T21:15:00+0200,76.90013,MW,DE,DE_LU,forecast_solar_generation,Solar,2026-06-25T11:27:13Z
2026-06-25T11:25:56Z,2026-06-25T13:25:56+0200,aad9710e-10ca-4c9d-9467-7720556f4b2e,2026-06-02T19:30:00Z,2026-06-02T21:30:00+0200,34.39961,MW,DE,DE_LU,forecast_solar_generation,Solar,2026-06-25T11:27:13Z
2026-06-25T11:25:56Z,2026-06-25T13:25:56+0200,aad9710e-10ca-4c9d-9467-7720556f4b2e,2026-06-02T19:45:00Z,2026-06-02T21:45:00+0200,17.55155,MW,DE,DE_LU,forecast_solar_generation,Solar,2026-06-25T11:27:13Z
2026-06-25T11:25:56Z,2026-06-25T13:25:56+0200,aad9710e-10ca-4c9d-9467-7720556f4b2e,2026-06-02T20:00:00Z,2026-06-02T22:00:00+0200,0.0,MW,DE,DE_LU,forecast_solar_generation,Solar,2026-06-25T11:27:13Z
2026-06-25T11:25:56Z,2026-06-25T13:25:56+0200,aad9710e-10ca-4c9d-9467-7720556f4b2e,2026-06-02T20:15:00Z,2026-06-02T22:15:00+0200,0.0,MW,DE,DE_LU,forecast_solar_generation,Solar,2026-06-25T11:27:13Z
2026-06-25T11:25:56Z,2026-06-25T13:25:56+0200,aad9710e-10ca-4c9d-9467-7720556f4b2e,2026-06-02T20:30:00Z,2026-06-02T22:30:00+0200,0.0,MW,DE,DE_LU,forecast_solar_generation,Solar,2026-06-25T11:27:13Z
2026-06-25T11:25:56Z,2026-06-25T13:25:56+0200,aad9710e-10ca-4c9d-9467-7720556f4b2e,2026-06-02T20:45:00Z,2026-06-02T22:45:00+0200,0.0,MW,DE,DE_LU,forecast_solar_generation,Solar,2026-06-25T11:27:13Z
2026-06-25T11:25:56Z,2026-06-25T13:25:56+0200,aad9710e-10ca-4c9d-9467-7720556f4b2e,2026-06-02T21:00:00Z,2026-06-02T23:00:00+0200,0.0,MW,DE,DE_LU,forecast_solar_generation,Solar,2026-06-25T11:27:13Z
2026-06-25T11:25:56Z,2026-06-25T13:25:56+0200,aad9710e-10ca-4c9d-9467-7720556f4b2e,2026-06-02T21:15:00Z,2026-06-02T23:15:00+0200,0.0,MW,DE,DE_LU,forecast_solar_generation,Solar,2026-06-25T11:27:13Z
2026-06-25T11:25:56Z,2026-06-25T13:25:56+0200,aad9710e-10ca-4c9d-9467-7720556f4b2e,2026-06-02T21:30:00Z,2026-06-02T23:30:00+0200,0.0,MW,DE,DE_LU,forecast_solar_generation,Solar,2026-06-25T11:27:13Z
2026-06-25T11:25:56Z,2026-06-25T13:25:56+0200,aad9710e-10ca-4c9d-9467-7720556f4b2e,2026-06-02T21:45:00Z,2026-06-02T23:45:00+0200,0.0,MW,DE,DE_LU,forecast_solar_generation,Solar,2026-06-25T11:27:13Z
2026-06-25T11:25:56Z,2026-06-25T13:25:56+0200,aad9710e-10ca-4c9d-9467-7720556f4b2e,2026-06-02T22:00:00Z,2026-06-03T00:00:00+0200,0.0,MW,DE,DE_LU,forecast_solar_generation,Solar,2026-06-25T11:27:13Z
2026-06-25T11:25:56Z,2026-06-25T13:25:56+0200,aad9710e-10ca-4c9d-9467-7720556f4b2e,2026-06-02T22:15:00Z,2026-06-03T00:15:00+0200,0.0,MW,DE,DE_LU,forecast_solar_generation,Solar,2026-06-25T11:27:13Z
2026-06-25T11:25:56Z,2026-06-25T13:25:56+0200,aad9710e-10ca-4c9d-9467-7720556f4b2e,2026-06-02T22:30:00Z,2026-06-03T00:30:00+0200,0.0,MW,DE,DE_LU,forecast_solar_generation,Solar,2026-06-25T11:27:13Z
2026-06-25T11:25:56Z,2026-06-25T13:25:56+0200,aad9710e-10ca-4c9d-9467-7720556f4b2e,2026-06-02T22:45:00Z,2026-06-03T00:45:00+0200,0.0,MW,DE,DE_LU,forecast_solar_generation,Solar,2026-06-25T11:27:13Z
2026-06-25T11:25:56Z,2026-06-25T13:25:56+0200,aad9710e-10ca-4c9d-9467-7720556f4b2e,2026-06-02T23:00:00Z,2026-06-03T01:00:00+0200,0.0,MW,DE,DE_LU,forecast_solar_generation,Solar,2026-06-25T11:27:13Z
2026-06-25T11:25:56Z,2026-06-25T13:25:56+0200,aad9710e-10ca-4c9d-9467-7720556f4b2e,2026-06-02T23:15:00Z,2026-06-03T01:15:00+0200,0.0,MW,DE,DE_LU,forecast_solar_generation,Solar,2026-06-25T11:27:13Z
2026-06-25T11:25:56Z,2026-06-25T13:25:56+0200,aad9710e-10ca-4c9d-9467-7720556f4b2e,2026-06-02T23:30:00Z,2026-06-03T01:30:00+0200,0.0,MW,DE,DE_LU,forecast_solar_generation,Solar,2026-06-25T11:27:13Z
2026-06-25T11:25:56Z,2026-06-25T13:25:56+0200,aad9710e-10ca-4c9d-9467-7720556f4b2e,2026-06-02T23:45:00Z,2026-06-03T01:45:00+0200,0.0,MW,DE,DE_LU,forecast_solar_generation,Solar,2026-06-25T11:27:13Z
2026-06-25T11:25:56Z,2026-06-25T13:25:56+0200,aad9710e-10ca-4c9d-9467-7720556f4b2e,2026-06-03T00:00:00Z,2026-06-03T02:00:00+0200,0.0,MW,DE,DE_LU,forecast_solar_generation,Solar,2026-06-25T11:27:13Z
2026-06-25T11:25:56Z,2026-06-25T13:25:56+0200,aad9710e-10ca-4c9d-9467-7720556f4b2e,2026-06-03T00:15:00Z,2026-06-03T02:15:00+0200,0.0,MW,DE,DE_LU,forecast_solar_generation,Solar,2026-06-25T11:27:13Z
2026-06-25T11:25:56Z,2026-06-25T13:25:56+0200,aad9710e-10ca-4c9d-9467-7720556f4b2e,2026-06-03T00:30:00Z,2026-06-03T02:30:00+0200,0.0,MW,DE,DE_LU,forecast_solar_generation,Solar,2026-06-25T11:27:13Z
2026-06-25T11:25:56Z,2026-06-25T13:25:56+0200,aad9710e-10ca-4c9d-9467-7720556f4b2e,2026-06-03T00:45:00Z,2026-06-03T02:45:00+0200,0.0,MW,DE,DE_LU,forecast_solar_generation,Solar,2026-06-25T11:27:13Z
2026-06-25T11:25:56Z,2026-06-25T13:25:56+0200,aad9710e-10ca-4c9d-9467-7720556f4b2e,2026-06-03T01:00:00Z,2026-06-03T03:00:00+0200,0.0,MW,DE,DE_LU,forecast_solar_generation,Solar,2026-06-25T11:27:13Z
2026-06-25T11:25:56Z,2026-06-25T13:25:56+0200,aad9710e-10ca-4c9d-9467-7720556f4b2e,2026-06-03T01:15:00Z,2026-06-03T03:15:00+0200,0.0,MW,DE,DE_LU,forecast_solar_generation,Solar,2026-06-25T11:27:13Z
2026-06-25T11:25:56Z,2026-06-25T13:25:56+0200,aad9710e-10ca-4c9d-9467-7720556f4b2e,2026-06-03T01:30:00Z,2026-06-03T03:30:00+0200,0.0,MW,DE,DE_LU,forecast_solar_generation,Solar,2026-06-25T11:27:13Z
2026-06-25T11:25:56Z,2026-06-25T13:25:56+0200,aad9710e-10ca-4c9d-9467-7720556f4b2e,2026-06-03T01:45:00Z,2026-06-03T03:45:00+0200,0.0,MW,DE,DE_LU,forecast_solar_generation,Solar,2026-06-25T11:27:13Z
2026-06-25T11:25:56Z,2026-06-25T13:25:56+0200,aad9710e-10ca-4c9d-9467-7720556f4b2e,2026-06-03T02:00:00Z,2026-06-03T04:00:00+0200,0.0,MW,DE,DE_LU,forecast_solar_generation,Solar,2026-06-25T11:27:13Z
2026-06-25T11:25:56Z,2026-06-25T13:25:56+0200,aad9710e-10ca-4c9d-9467-7720556f4b2e,2026-06-03T02:15:00Z,2026-06-03T04:15:00+0200,0.0,MW,DE,DE_LU,forecast_solar_generation,Solar,2026-06-25T11:27:13Z
2026-06-25T11:25:56Z,2026-06-25T13:25:56+0200,aad9710e-10ca-4c9d-9467-7720556f4b2e,2026-06-03T02:30:00Z,2026-06-03T04:30:00+0200,0.01,MW,DE,DE_LU,forecast_solar_generation,Solar,2026-06-25T11:27:13Z
2026-06-25T11:25:56Z,2026-06-25T13:25:56+0200,aad9710e-10ca-4c9d-9467-7720556f4b2e,2026-06-03T02:45:00Z,2026-06-03T04:45:00+0200,6.374,MW,DE,DE_LU,forecast_solar_generation,Solar,2026-06-25T11:27:13Z
2026-06-25T11:25:56Z,2026-06-25T13:25:56+0200,aad9710e-10ca-4c9d-9467-7720556f4b2e,2026-06-03T03:00:00Z,2026-06-03T05:00:00+0200,60.96084,MW,DE,DE_LU,forecast_solar_generation,Solar,2026-06-25T11:27:13Z
2026-06-25T11:25:56Z,2026-06-25T13:25:56+0200,aad9710e-10ca-4c9d-9467-7720556f4b2e,2026-06-03T03:15:00Z,2026-06-03T05:15:00+0200,192.82602,MW,DE,DE_LU,forecast_solar_generation,Solar,2026-06-25T11:27:13Z
2026-06-25T11:25:56Z,2026-06-25T13:25:56+0200,aad9710e-10ca-4c9d-9467-7720556f4b2e,2026-06-03T03:30:00Z,2026-06-03T05:30:00+0200,423.60118,MW,DE,DE_LU,forecast_solar_generation,Solar,2026-06-25T11:27:13Z
2026-06-25T11:25:56Z,2026-06-25T13:25:56+0200,aad9710e-10ca-4c9d-9467-7720556f4b2e,2026-06-03T03:45:00Z,2026-06-03T05:45:00+0200,817.08351,MW,DE,DE_LU,forecast_solar_generation,Solar,2026-06-25T11:27:13Z
2026-06-25T11:25:56Z,2026-06-25T13:25:56+0200,aad9710e-10ca-4c9d-9467-7720556f4b2e,2026-06-03T04:00:00Z,2026-06-03T06:00:00+0200,1409.3535,MW,DE,DE_LU,forecast_solar_generation,Solar,2026-06-25T11:27:13Z
2026-06-25T11:25:56Z,2026-06-25T13:25:56+0200,aad9710e-10ca-4c9d-9467-7720556f4b2e,2026-06-03T04:15:00Z,2026-06-03T06:15:00+0200,2210.0375,MW,DE,DE_LU,forecast_solar_generation,Solar,2026-06-25T11:27:13Z
2026-06-25T11:25:56Z,2026-06-25T13:25:56+0200,aad9710e-10ca-4c9d-9467-7720556f4b2e,2026-06-03T04:30:00Z,2026-06-03T06:30:00+0200,3180.69809,MW,DE,DE_LU,forecast_solar_generation,Solar,2026-06-25T11:27:13Z
2026-06-25T11:25:56Z,2026-06-25T13:25:56+0200,aad9710e-10ca-4c9d-9467-7720556f4b2e,2026-06-03T04:45:00Z,2026-06-03T06:45:00+0200,4283.00297,MW,DE,DE_LU,forecast_solar_generation,Solar,2026-06-25T11:27:13Z
2026-06-25T11:25:56Z,2026-06-25T13:25:56+0200,aad9710e-10ca-4c9d-9467-7720556f4b2e,2026-06-03T05:00:00Z,2026-06-03T07:00:00+0200,5510.44179,MW,DE,DE_LU,forecast_solar_generation,Solar,2026-06-25T11:27:13Z
2026-06-25T11:25:56Z,2026-06-25T13:25:56+0200,aad9710e-10ca-4c9d-9467-7720556f4b2e,2026-06-03T05:15:00Z,2026-06-03T07:15:00+0200,6850.10824,MW,DE,DE_LU,forecast_solar_generation,Solar,2026-06-25T11:27:13Z
2026-06-25T11:25:56Z,2026-06-25T13:25:56+0200,aad9710e-10ca-4c9d-9467-7720556f4b2e,2026-06-03T05:30:00Z,2026-06-03T07:30:00+0200,8286.77413,MW,DE,DE_LU,forecast_solar_generation,Solar,2026-06-25T11:27:13Z
2026-06-25T11:25:56Z,2026-06-25T13:25:56+0200,aad9710e-10ca-4c9d-9467-7720556f4b2e,2026-06-03T05:45:00Z,2026-06-03T07:45:00+0200,9807.95885,MW,DE,DE_LU,forecast_solar_generation,Solar,2026-06-25T11:27:13Z
2026-06-25T11:25:56Z,2026-06-25T13:25:56+0200,aad9710e-10ca-4c9d-9467-7720556f4b2e,2026-06-03T06:00:00Z,2026-06-03T08:00:00+0200,11413.55625,MW,DE,DE_LU,forecast_solar_generation,Solar,2026-06-25T11:27:13Z
2026-06-25T11:25:56Z,2026-06-25T13:25:56+0200,aad9710e-10ca-4c9d-9467-7720556f4b2e,2026-06-03T06:15:00Z,2026-06-03T08:15:00+0200,13109.72773,MW,DE,DE_LU,forecast_solar_generation,Solar,2026-06-25T11:27:13Z
2026-06-25T11:25:56Z,2026-06-25T13:25:56+0200,aad9710e-10ca-4c9d-9467-7720556f4b2e,2026-06-03T06:30:00Z,2026-06-03T08:30:00+0200,14843.06362,MW,DE,DE_LU,forecast_solar_generation,Solar,2026-06-25T11:27:13Z
2026-06-25T11:25:56Z,2026-06-25T13:25:56+0200,aad9710e-10ca-4c9d-9467-7720556f4b2e,2026-06-03T06:45:00Z,2026-06-03T08:45:00+0200,16592.50078,MW,DE,DE_LU,forecast_solar_generation,Solar,2026-06-25T11:27:13Z
2026-06-25T11:25:56Z,2026-06-25T13:25:56+0200,aad9710e-10ca-4c9d-9467-7720556f4b2e,2026-06-03T07:00:00Z,2026-06-03T09:00:00+0200,18287.24908,MW,DE,DE_LU,forecast_solar_generation,Solar,2026-06-25T11:27:13Z
2026-06-25T11:25:56Z,2026-06-25T13:25:56+0200,aad9710e-10ca-4c9d-9467-7720556f4b2e,2026-06-03T07:15:00Z,2026-06-03T09:15:00+0200,19957.64994,MW,DE,DE_LU,forecast_solar_generation,Solar,2026-06-25T11:27:13Z
2026-06-25T11:25:56Z,2026-06-25T13:25:56+0200,aad9710e-10ca-4c9d-9467-7720556f4b2e,2026-06-03T07:30:00Z,2026-06-03T09:30:00+0200,21575.48181,MW,DE,DE_LU,forecast_solar_generation,Solar,2026-06-25T11:27:13Z
2026-06-25T11:25:56Z,2026-06-25T13:25:56+0200,aad9710e-10ca-4c9d-9467-7720556f4b2e,2026-06-03T07:45:00Z,2026-06-03T09:45:00+0200,23083.73566,MW,DE,DE_LU,forecast_solar_generation,Solar,2026-06-25T11:27:13Z
2026-06-25T11:25:56Z,2026-06-25T13:25:56+0200,aad9710e-10ca-4c9d-9467-7720556f4b2e,2026-06-03T08:00:00Z,2026-06-03T10:00:00+0200,24515.04554,MW,DE,DE_LU,forecast_solar_generation,Solar,2026-06-25T11:27:13Z
2026-06-25T11:25:56Z,2026-06-25T13:25:56+0200,aad9710e-10ca-4c9d-9467-7720556f4b2e,2026-06-03T08:15:00Z,2026-06-03T10:15:00+0200,25889.43748,MW,DE,DE_LU,forecast_solar_generation,Solar,2026-06-25T11:27:13Z
2026-06-25T11:25:56Z,2026-06-25T13:25:56+0200,aad9710e-10ca-4c9d-9467-7720556f4b2e,2026-06-03T08:30:00Z,2026-06-03T10:30:00+0200,27151.98982,MW,DE,DE_LU,forecast_solar_generation,Solar,2026-06-25T11:27:13Z
2026-06-25T11:25:56Z,2026-06-25T13:25:56+0200,aad9710e-10ca-4c9d-9467-7720556f4b2e,2026-06-03T08:45:00Z,2026-06-03T10:45:00+0200,28328.39606,MW,DE,DE_LU,forecast_solar_generation,Solar,2026-06-25T11:27:13Z
2026-06-25T11:25:56Z,2026-06-25T13:25:56+0200,aad9710e-10ca-4c9d-9467-7720556f4b2e,2026-06-03T09:00:00Z,2026-06-03T11:00:00+0200,29384.42362,MW,DE,DE_LU,forecast_solar_generation,Solar,2026-06-25T11:27:13Z
2026-06-25T11:25:56Z,2026-06-25T13:25:56+0200,aad9710e-10ca-4c9d-9467-7720556f4b2e,2026-06-03T09:15:00Z,2026-06-03T11:15:00+0200,30325.74015,MW,DE,DE_LU,forecast_solar_generation,Solar,2026-06-25T11:27:13Z
2026-06-25T11:25:56Z,2026-06-25T13:25:56+0200,aad9710e-10ca-4c9d-9467-7720556f4b2e,2026-06-03T09:30:00Z,2026-06-03T11:30:00+0200,31157.88433,MW,DE,DE_LU,forecast_solar_generation,Solar,2026-06-25T11:27:13Z
2026-06-25T11:25:56Z,2026-06-25T13:25:56+0200,aad9710e-10ca-4c9d-9467-7720556f4b2e,2026-06-03T09:45:00Z,2026-06-03T11:45:00+0200,31903.08178,MW,DE,DE_LU,forecast_solar_generation,Solar,2026-06-25T11:27:13Z
2026-06-25T11:25:56Z,2026-06-25T13:25:56+0200,aad9710e-10ca-4c9d-9467-7720556f4b2e,2026-06-03T10:00:00Z,2026-06-03T12:00:00+0200,32565.4153,MW,DE,DE_LU,forecast_solar_generation,Solar,2026-06-25T11:27:13Z
2026-06-25T11:25:56Z,2026-06-25T13:25:56+0200,aad9710e-10ca-4c9d-9467-7720556f4b2e,2026-06-03T10:15:00Z,2026-06-03T12:15:00+0200,33142.05972,MW,DE,DE_LU,forecast_solar_generation,Solar,2026-06-25T11:27:13Z
2026-06-25T11:25:56Z,2026-06-25T13:25:56+0200,aad9710e-10ca-4c9d-9467-7720556f4b2e,2026-06-03T10:30:00Z,2026-06-03T12:30:00+0200,33720.80683,MW,DE,DE_LU,forecast_solar_generation,Solar,2026-06-25T11:27:13Z
2026-06-25T11:25:56Z,2026-06-25T13:25:56+0200,aad9710e-10ca-4c9d-9467-7720556f4b2e,2026-06-03T10:45:00Z,2026-06-03T12:45:00+0200,34188.98775,MW,DE,DE_LU,forecast_solar_generation,Solar,2026-06-25T11:27:13Z
2026-06-25T11:25:56Z,2026-06-25T13:25:56+0200,aad9710e-10ca-4c9d-9467-7720556f4b2e,2026-06-03T11:00:00Z,2026-06-03T13:00:00+0200,34565.16922,MW,DE,DE_LU,forecast_solar_generation,Solar,2026-06-25T11:27:13Z
2026-06-25T11:25:56Z,2026-06-25T13:25:56+0200,aad9710e-10ca-4c9d-9467-7720556f4b2e,2026-06-03T11:15:00Z,2026-06-03T13:15:00+0200,34781.15327,MW,DE,DE_LU,forecast_solar_generation,Solar,2026-06-25T11:27:13Z
2026-06-25T11:25:56Z,2026-06-25T13:25:56+0200,aad9710e-10ca-4c9d-9467-7720556f4b2e,2026-06-03T11:30:00Z,2026-06-03T13:30:00+0200,34884.73509,MW,DE,DE_LU,forecast_solar_generation,Solar,2026-06-25T11:27:13Z
2026-06-25T11:25:56Z,2026-06-25T13:25:56+0200,aad9710e-10ca-4c9d-9467-7720556f4b2e,2026-06-03T11:45:00Z,2026-06-03T13:45:00+0200,34891.81893,MW,DE,DE_LU,forecast_solar_generation,Solar,2026-06-25T11:27:13Z
2026-06-25T11:25:56Z,2026-06-25T13:25:56+0200,aad9710e-10ca-4c9d-9467-7720556f4b2e,2026-06-03T12:00:00Z,2026-06-03T14:00:00+0200,34848.25285,MW,DE,DE_LU,forecast_solar_generation,Solar,2026-06-25T11:27:13Z
2026-06-25T11:25:56Z,2026-06-25T13:25:56+0200,aad9710e-10ca-4c9d-9467-7720556f4b2e,2026-06-03T12:15:00Z,2026-06-03T14:15:00+0200,34719.35359,MW,DE,DE_LU,forecast_solar_generation,Solar,2026-06-25T11:27:13Z
2026-06-25T11:25:56Z,2026-06-25T13:25:56+0200,aad9710e-10ca-4c9d-9467-7720556f4b2e,2026-06-03T12:30:00Z,2026-06-03T14:30:00+0200,34485.64548,MW,DE,DE_LU,forecast_solar_generation,Solar,2026-06-25T11:27:13Z
2026-06-25T11:25:56Z,2026-06-25T13:25:56+0200,aad9710e-10ca-4c9d-9467-7720556f4b2e,2026-06-03T12:45:00Z,2026-06-03T14:45:00+0200,34084.57507,MW,DE,DE_LU,forecast_solar_generation,Solar,2026-06-25T11:27:13Z
2026-06-25T11:25:56Z,2026-06-25T13:25:56+0200,aad9710e-10ca-4c9d-9467-7720556f4b2e,2026-06-03T13:00:00Z,2026-06-03T15:00:00+0200,33489.47201,MW,DE,DE_LU,forecast_solar_generation,Solar,2026-06-25T11:27:13Z
2026-06-25T11:25:56Z,2026-06-25T13:25:56+0200,aad9710e-10ca-4c9d-9467-7720556f4b2e,2026-06-03T13:15:00Z,2026-06-03T15:15:00+0200,32829.81145,MW,DE,DE_LU,forecast_solar_generation,Solar,2026-06-25T11:27:13Z
2026-06-25T11:25:56Z,2026-06-25T13:25:56+0200,aad9710e-10ca-4c9d-9467-7720556f4b2e,2026-06-03T13:30:00Z,2026-06-03T15:30:00+0200,32054.50974,MW,DE,DE_LU,forecast_solar_generation,Solar,2026-06-25T11:27:13Z
2026-06-25T11:25:56Z,2026-06-25T13:25:56+0200,aad9710e-10ca-4c9d-9467-7720556f4b2e,2026-06-03T13:45:00Z,2026-06-03T15:45:00+0200,31141.57756,MW,DE,DE_LU,forecast_solar_generation,Solar,2026-06-25T11:27:13Z
2026-06-25T11:25:56Z,2026-06-25T13:25:56+0200,aad9710e-10ca-4c9d-9467-7720556f4b2e,2026-06-03T14:00:00Z,2026-06-03T16:00:00+0200,30033.28594,MW,DE,DE_LU,forecast_solar_generation,Solar,2026-06-25T11:27:13Z
2026-06-25T11:25:56Z,2026-06-25T13:25:56+0200,aad9710e-10ca-4c9d-9467-7720556f4b2e,2026-06-03T14:15:00Z,2026-06-03T16:15:00+0200,28789.17716,MW,DE,DE_LU,forecast_solar_generation,Solar,2026-06-25T11:27:13Z
2026-06-25T11:25:56Z,2026-06-25T13:25:56+0200,aad9710e-10ca-4c9d-9467-7720556f4b2e,2026-06-03T14:30:00Z,2026-06-03T16:30:00+0200,27453.13419,MW,DE,DE_LU,forecast_solar_generation,Solar,2026-06-25T11:27:13Z
2026-06-25T11:25:56Z,2026-06-25T13:25:56+0200,aad9710e-10ca-4c9d-9467-7720556f4b2e,2026-06-03T14:45:00Z,2026-06-03T16:45:00+0200,25963.35364,MW,DE,DE_LU,forecast_solar_generation,Solar,2026-06-25T11:27:13Z
2026-06-25T11:25:56Z,2026-06-25T13:25:56+0200,aad9710e-10ca-4c9d-9467-7720556f4b2e,2026-06-03T15:00:00Z,2026-06-03T17:00:00+0200,24351.80835,MW,DE,DE_LU,forecast_solar_generation,Solar,2026-06-25T11:27:13Z
2026-06-25T11:25:56Z,2026-06-25T13:25:56+0200,aad9710e-10ca-4c9d-9467-7720556f4b2e,2026-06-03T15:15:00Z,2026-06-03T17:15:00+0200,22644.32944,MW,DE,DE_LU,forecast_solar_generation,Solar,2026-06-25T11:27:13Z
2026-06-25T11:25:56Z,2026-06-25T13:25:56+0200,aad9710e-10ca-4c9d-9467-7720556f4b2e,2026-06-03T15:30:00Z,2026-06-03T17:30:00+0200,20824.57396,MW,DE,DE_LU,forecast_solar_generation,Solar,2026-06-25T11:27:13Z
2026-06-25T11:25:56Z,2026-06-25T13:25:56+0200,aad9710e-10ca-4c9d-9467-7720556f4b2e,2026-06-03T15:45:00Z,2026-06-03T17:45:00+0200,18923.66754,MW,DE,DE_LU,forecast_solar_generation,Solar,2026-06-25T11:27:13Z
2026-06-25T11:25:56Z,2026-06-25T13:25:56+0200,aad9710e-10ca-4c9d-9467-7720556f4b2e,2026-06-03T16:00:00Z,2026-06-03T18:00:00+0200,16940.19627,MW,DE,DE_LU,forecast_solar_generation,Solar,2026-06-25T11:27:13Z
2026-06-25T11:25:56Z,2026-06-25T13:25:56+0200,aad9710e-10ca-4c9d-9467-7720556f4b2e,2026-06-03T16:15:00Z,2026-06-03T18:15:00+0200,14935.53898,MW,DE,DE_LU,forecast_solar_generation,Solar,2026-06-25T11:27:13Z
2026-06-25T11:25:56Z,2026-06-25T13:25:56+0200,aad9710e-10ca-4c9d-9467-7720556f4b2e,2026-06-03T16:30:00Z,2026-06-03T18:30:00+0200,12887.59328,MW,DE,DE_LU,forecast_solar_generation,Solar,2026-06-25T11:27:13Z
2026-06-25T11:25:56Z,2026-06-25T13:25:56+0200,aad9710e-10ca-4c9d-9467-7720556f4b2e,2026-06-03T16:45:00Z,2026-06-03T18:45:00+0200,10889.92788,MW,DE,DE_LU,forecast_solar_generation,Solar,2026-06-25T11:27:13Z
2026-06-25T11:25:56Z,2026-06-25T13:25:56+0200,aad9710e-10ca-4c9d-9467-7720556f4b2e,2026-06-03T17:00:00Z,2026-06-03T19:00:00+0200,9000.28684,MW,DE,DE_LU,forecast_solar_generation,Solar,2026-06-25T11:27:13Z
2026-06-25T11:25:56Z,2026-06-25T13:25:56+0200,aad9710e-10ca-4c9d-9467-7720556f4b2e,2026-06-03T17:15:00Z,2026-06-03T19:15:00+0200,7248.96404,MW,DE,DE_LU,forecast_solar_generation,Solar,2026-06-25T11:27:13Z
2026-06-25T11:25:56Z,2026-06-25T13:25:56+0200,aad9710e-10ca-4c9d-9467-7720556f4b2e,2026-06-03T17:30:00Z,2026-06-03T19:30:00+0200,5676.02098,MW,DE,DE_LU,forecast_solar_generation,Solar,2026-06-25T11:27:13Z
2026-06-25T11:25:56Z,2026-06-25T13:25:56+0200,aad9710e-10ca-4c9d-9467-7720556f4b2e,2026-06-03T17:45:00Z,2026-06-03T19:45:00+0200,4303.7583,MW,DE,DE_LU,forecast_solar_generation,Solar,2026-06-25T11:27:13Z
2026-06-25T11:25:56Z,2026-06-25T13:25:56+0200,aad9710e-10ca-4c9d-9467-7720556f4b2e,2026-06-03T18:00:00Z,2026-06-03T20:00:00+0200,3108.0783,MW,DE,DE_LU,forecast_solar_generation,Solar,2026-06-25T11:27:13Z
2026-06-25T11:25:56Z,2026-06-25T13:25:56+0200,aad9710e-10ca-4c9d-9467-7720556f4b2e,2026-06-03T18:15:00Z,2026-06-03T20:15:00+0200,2087.08597,MW,DE,DE_LU,forecast_solar_generation,Solar,2026-06-25T11:27:13Z
2026-06-25T11:25:56Z,2026-06-25T13:25:56+0200,aad9710e-10ca-4c9d-9467-7720556f4b2e,2026-06-03T18:30:00Z,2026-06-03T20:30:00+0200,1259.66466,MW,DE,DE_LU,forecast_solar_generation,Solar,2026-06-25T11:27:13Z
2026-06-25T11:25:56Z,2026-06-25T13:25:56+0200,aad9710e-10ca-4c9d-9467-7720556f4b2e,2026-06-03T18:45:00Z,2026-06-03T20:45:00+0200,646.16766,MW,DE,DE_LU,forecast_solar_generation,Solar,2026-06-25T11:27:13Z
2026-06-25T11:25:56Z,2026-06-25T13:25:56+0200,aad9710e-10ca-4c9d-9467-7720556f4b2e,2026-06-03T19:00:00Z,2026-06-03T21:00:00+0200,245.29247,MW,DE,DE_LU,forecast_solar_generation,Solar,2026-06-25T11:27:13Z
2026-06-25T11:25:56Z,2026-06-25T13:25:56+0200,aad9710e-10ca-4c9d-9467-7720556f4b2e,2026-06-03T19:15:00Z,2026-06-03T21:15:00+0200,73.27655,MW,DE,DE_LU,forecast_solar_generation,Solar,2026-06-25T11:27:13Z
2026-06-25T11:25:56Z,2026-06-25T13:25:56+0200,aad9710e-10ca-4c9d-9467-7720556f4b2e,2026-06-03T19:30:00Z,2026-06-03T21:30:00+0200,26.13033,MW,DE,DE_LU,forecast_solar_generation,Solar,2026-06-25T11:27:13Z
2026-06-25T11:25:56Z,2026-06-25T13:25:56+0200,aad9710e-10ca-4c9d-9467-7720556f4b2e,2026-06-03T19:45:00Z,2026-06-03T21:45:00+0200,12.93538,MW,DE,DE_LU,forecast_solar_generation,Solar,2026-06-25T11:27:13Z
2026-06-25T11:25:56Z,2026-06-25T13:25:56+0200,aad9710e-10ca-4c9d-9467-7720556f4b2e,2026-06-03T20:00:00Z,2026-06-03T22:00:00+0200,0.0,MW,DE,DE_LU,forecast_solar_generation,Solar,2026-06-25T11:27:13Z
2026-06-25T11:25:56Z,2026-06-25T13:25:56+0200,aad9710e-10ca-4c9d-9467-7720556f4b2e,2026-06-03T20:15:00Z,2026-06-03T22:15:00+0200,0.0,MW,DE,DE_LU,forecast_solar_generation,Solar,2026-06-25T11:27:13Z
2026-06-25T11:25:56Z,2026-06-25T13:25:56+0200,aad9710e-10ca-4c9d-9467-7720556f4b2e,2026-06-03T20:30:00Z,2026-06-03T22:30:00+0200,0.0,MW,DE,DE_LU,forecast_solar_generation,Solar,2026-06-25T11:27:13Z
2026-06-25T11:25:56Z,2026-06-25T13:25:56+0200,aad9710e-10ca-4c9d-9467-7720556f4b2e,2026-06-03T20:45:00Z,2026-06-03T22:45:00+0200,0.0,MW,DE,DE_LU,forecast_solar_generation,Solar,2026-06-25T11:27:13Z
2026-06-25T11:25:56Z,2026-06-25T13:25:56+0200,aad9710e-10ca-4c9d-9467-7720556f4b2e,2026-06-03T21:00:00Z,2026-06-03T23:00:00+0200,0.0,MW,DE,DE_LU,forecast_solar_generation,Solar,2026-06-25T11:27:13Z
2026-06-25T11:25:56Z,2026-06-25T13:25:56+0200,aad9710e-10ca-4c9d-9467-7720556f4b2e,2026-06-03T21:15:00Z,2026-06-03T23:15:00+0200,0.0,MW,DE,DE_LU,forecast_solar_generation,Solar,2026-06-25T11:27:13Z
2026-06-25T11:25:56Z,2026-06-25T13:25:56+0200,aad9710e-10ca-4c9d-9467-7720556f4b2e,2026-06-03T21:30:00Z,2026-06-03T23:30:00+0200,0.0,MW,DE,DE_LU,forecast_solar_generation,Solar,2026-06-25T11:27:13Z
2026-06-25T11:25:56Z,2026-06-25T13:25:56+0200,aad9710e-10ca-4c9d-9467-7720556f4b2e,2026-06-03T21:45:00Z,2026-06-03T23:45:00+0200,0.0,MW,DE,DE_LU,forecast_solar_generation,Solar,2026-06-25T11:27:13Z
2026-06-25T11:25:56Z,2026-06-25T13:25:56+0200,aad9710e-10ca-4c9d-9467-7720556f4b2e,2026-06-03T22:00:00Z,2026-06-04T00:00:00+0200,0.0,MW,DE,DE_LU,forecast_solar_generation,Solar,2026-06-25T11:27:13Z
2026-06-25T11:25:56Z,2026-06-25T13:25:56+0200,aad9710e-10ca-4c9d-9467-7720556f4b2e,2026-06-03T22:15:00Z,2026-06-04T00:15:00+0200,0.0,MW,DE,DE_LU,forecast_solar_generation,Solar,2026-06-25T11:27:13Z
2026-06-25T11:25:56Z,2026-06-25T13:25:56+0200,aad9710e-10ca-4c9d-9467-7720556f4b2e,2026-06-03T22:30:00Z,2026-06-04T00:30:00+0200,0.0,MW,DE,DE_LU,forecast_solar_generation,Solar,2026-06-25T11:27:13Z
2026-06-25T11:25:56Z,2026-06-25T13:25:56+0200,aad9710e-10ca-4c9d-9467-7720556f4b2e,2026-06-03T22:45:00Z,2026-06-04T00:45:00+0200,0.0,MW,DE,DE_LU,forecast_solar_generation,Solar,2026-06-25T11:27:13Z
2026-06-25T11:25:56Z,2026-06-25T13:25:56+0200,aad9710e-10ca-4c9d-9467-7720556f4b2e,2026-06-03T23:00:00Z,2026-06-04T01:00:00+0200,0.0,MW,DE,DE_LU,forecast_solar_generation,Solar,2026-06-25T11:27:13Z
2026-06-25T11:25:56Z,2026-06-25T13:25:56+0200,aad9710e-10ca-4c9d-9467-7720556f4b2e,2026-06-03T23:15:00Z,2026-06-04T01:15:00+0200,0.0,MW,DE,DE_LU,forecast_solar_generation,Solar,2026-06-25T11:27:13Z
2026-06-25T11:25:56Z,2026-06-25T13:25:56+0200,aad9710e-10ca-4c9d-9467-7720556f4b2e,2026-06-03T23:30:00Z,2026-06-04T01:30:00+0200,0.0,MW,DE,DE_LU,forecast_solar_generation,Solar,2026-06-25T11:27:13Z
2026-06-25T11:25:56Z,2026-06-25T13:25:56+0200,aad9710e-10ca-4c9d-9467-7720556f4b2e,2026-06-03T23:45:00Z,2026-06-04T01:45:00+0200,0.0,MW,DE,DE_LU,forecast_solar_generation,Solar,2026-06-25T11:27:13Z
2026-06-25T11:25:56Z,2026-06-25T13:25:56+0200,aad9710e-10ca-4c9d-9467-7720556f4b2e,2026-06-04T00:00:00Z,2026-06-04T02:00:00+0200,0.0,MW,DE,DE_LU,forecast_solar_generation,Solar,2026-06-25T11:27:13Z
2026-06-25T11:25:56Z,2026-06-25T13:25:56+0200,aad9710e-10ca-4c9d-9467-7720556f4b2e,2026-06-04T00:15:00Z,2026-06-04T02:15:00+0200,0.0,MW,DE,DE_LU,forecast_solar_generation,Solar,2026-06-25T11:27:13Z
2026-06-25T11:25:56Z,2026-06-25T13:25:56+0200,aad9710e-10ca-4c9d-9467-7720556f4b2e,2026-06-04T00:30:00Z,2026-06-04T02:30:00+0200,0.0,MW,DE,DE_LU,forecast_solar_generation,Solar,2026-06-25T11:27:13Z
2026-06-25T11:25:56Z,2026-06-25T13:25:56+0200,aad9710e-10ca-4c9d-9467-7720556f4b2e,2026-06-04T00:45:00Z,2026-06-04T02:45:00+0200,0.0,MW,DE,DE_LU,forecast_solar_generation,Solar,2026-06-25T11:27:13Z
2026-06-25T11:25:56Z,2026-06-25T13:25:56+0200,aad9710e-10ca-4c9d-9467-7720556f4b2e,2026-06-04T01:00:00Z,2026-06-04T03:00:00+0200,0.0,MW,DE,DE_LU,forecast_solar_generation,Solar,2026-06-25T11:27:13Z
2026-06-25T11:25:56Z,2026-06-25T13:25:56+0200,aad9710e-10ca-4c9d-9467-7720556f4b2e,2026-06-04T01:15:00Z,2026-06-04T03:15:00+0200,0.0,MW,DE,DE_LU,forecast_solar_generation,Solar,2026-06-25T11:27:13Z
2026-06-25T11:25:56Z,2026-06-25T13:25:56+0200,aad9710e-10ca-4c9d-9467-7720556f4b2e,2026-06-04T01:30:00Z,2026-06-04T03:30:00+0200,0.0,MW,DE,DE_LU,forecast_solar_generation,Solar,2026-06-25T11:27:13Z
2026-06-25T11:25:56Z,2026-06-25T13:25:56+0200,aad9710e-10ca-4c9d-9467-7720556f4b2e,2026-06-04T01:45:00Z,2026-06-04T03:45:00+0200,0.0,MW,DE,DE_LU,forecast_solar_generation,Solar,2026-06-25T11:27:13Z
2026-06-25T11:25:56Z,2026-06-25T13:25:56+0200,aad9710e-10ca-4c9d-9467-7720556f4b2e,2026-06-04T02:00:00Z,2026-06-04T04:00:00+0200,0.0,MW,DE,DE_LU,forecast_solar_generation,Solar,2026-06-25T11:27:13Z
2026-06-25T11:25:56Z,2026-06-25T13:25:56+0200,aad9710e-10ca-4c9d-9467-7720556f4b2e,2026-06-04T02:15:00Z,2026-06-04T04:15:00+0200,0.0,MW,DE,DE_LU,forecast_solar_generation,Solar,2026-06-25T11:27:13Z
2026-06-25T11:25:56Z,2026-06-25T13:25:56+0200,aad9710e-10ca-4c9d-9467-7720556f4b2e,2026-06-04T02:30:00Z,2026-06-04T04:30:00+0200,0.02,MW,DE,DE_LU,forecast_solar_generation,Solar,2026-06-25T11:27:13Z
2026-06-25T11:25:56Z,2026-06-25T13:25:56+0200,aad9710e-10ca-4c9d-9467-7720556f4b2e,2026-06-04T02:45:00Z,2026-06-04T04:45:00+0200,17.54125,MW,DE,DE_LU,forecast_solar_generation,Solar,2026-06-25T11:27:13Z
2026-06-25T11:25:56Z,2026-06-25T13:25:56+0200,aad9710e-10ca-4c9d-9467-7720556f4b2e,2026-06-04T03:00:00Z,2026-06-04T05:00:00+0200,87.93027,MW,DE,DE_LU,forecast_solar_generation,Solar,2026-06-25T11:27:13Z
2026-06-25T11:25:56Z,2026-06-25T13:25:56+0200,aad9710e-10ca-4c9d-9467-7720556f4b2e,2026-06-04T03:15:00Z,2026-06-04T05:15:00+0200,277.9004,MW,DE,DE_LU,forecast_solar_generation,Solar,2026-06-25T11:27:13Z
2026-06-25T11:25:56Z,2026-06-25T13:25:56+0200,aad9710e-10ca-4c9d-9467-7720556f4b2e,2026-06-04T03:30:00Z,2026-06-04T05:30:00+0200,617.95658,MW,DE,DE_LU,forecast_solar_generation,Solar,2026-06-25T11:27:13Z
2026-06-25T11:25:56Z,2026-06-25T13:25:56+0200,aad9710e-10ca-4c9d-9467-7720556f4b2e,2026-06-04T03:45:00Z,2026-06-04T05:45:00+0200,1140.2683,MW,DE,DE_LU,forecast_solar_generation,Solar,2026-06-25T11:27:13Z
2026-06-25T11:25:56Z,2026-06-25T13:25:56+0200,aad9710e-10ca-4c9d-9467-7720556f4b2e,2026-06-04T04:00:00Z,2026-06-04T06:00:00+0200,1875.52321,MW,DE,DE_LU,forecast_solar_generation,Solar,2026-06-25T11:27:13Z
2026-06-25T11:25:56Z,2026-06-25T13:25:56+0200,aad9710e-10ca-4c9d-9467-7720556f4b2e,2026-06-04T04:15:00Z,2026-06-04T06:15:00+0200,2812.30502,MW,DE,DE_LU,forecast_solar_generation,Solar,2026-06-25T11:27:13Z
2026-06-25T11:25:56Z,2026-06-25T13:25:56+0200,aad9710e-10ca-4c9d-9467-7720556f4b2e,2026-06-04T04:30:00Z,2026-06-04T06:30:00+0200,3928.45722,MW,DE,DE_LU,forecast_solar_generation,Solar,2026-06-25T11:27:13Z
2026-06-25T11:25:56Z,2026-06-25T13:25:56+0200,aad9710e-10ca-4c9d-9467-7720556f4b2e,2026-06-04T04:45:00Z,2026-06-04T06:45:00+0200,5229.83289,MW,DE,DE_LU,forecast_solar_generation,Solar,2026-06-25T11:27:13Z
2026-06-25T11:25:56Z,2026-06-25T13:25:56+0200,aad9710e-10ca-4c9d-9467-7720556f4b2e,2026-06-04T05:00:00Z,2026-06-04T07:00:00+0200,6719.04581,MW,DE,DE_LU,forecast_solar_generation,Solar,2026-06-25T11:27:13Z
2026-06-25T11:25:56Z,2026-06-25T13:25:56+0200,aad9710e-10ca-4c9d-9467-7720556f4b2e,2026-06-04T05:15:00Z,2026-06-04T07:15:00+0200,8371.48557,MW,DE,DE_LU,forecast_solar_generation,Solar,2026-06-25T11:27:13Z
2026-06-25T11:25:56Z,2026-06-25T13:25:56+0200,aad9710e-10ca-4c9d-9467-7720556f4b2e,2026-06-04T05:30:00Z,2026-06-04T07:30:00+0200,10121.00885,MW,DE,DE_LU,forecast_solar_generation,Solar,2026-06-25T11:27:13Z
2026-06-25T11:25:56Z,2026-06-25T13:25:56+0200,aad9710e-10ca-4c9d-9467-7720556f4b2e,2026-06-04T05:45:00Z,2026-06-04T07:45:00+0200,11920.8795,MW,DE,DE_LU,forecast_solar_generation,Solar,2026-06-25T11:27:13Z
2026-06-25T11:25:56Z,2026-06-25T13:25:56+0200,aad9710e-10ca-4c9d-9467-7720556f4b2e,2026-06-04T06:00:00Z,2026-06-04T08:00:00+0200,13740.88967,MW,DE,DE_LU,forecast_solar_generation,Solar,2026-06-25T11:27:13Z
2026-06-25T11:25:56Z,2026-06-25T13:25:56+0200,aad9710e-10ca-4c9d-9467-7720556f4b2e,2026-06-04T06:15:00Z,2026-06-04T08:15:00+0200,15567.92488,MW,DE,DE_LU,forecast_solar_generation,Solar,2026-06-25T11:27:13Z
2026-06-25T11:25:56Z,2026-06-25T13:25:56+0200,aad9710e-10ca-4c9d-9467-7720556f4b2e,2026-06-04T06:30:00Z,2026-06-04T08:30:00+0200,17369.68653,MW,DE,DE_LU,forecast_solar_generation,Solar,2026-06-25T11:27:13Z
2026-06-25T11:25:56Z,2026-06-25T13:25:56+0200,aad9710e-10ca-4c9d-9467-7720556f4b2e,2026-06-04T06:45:00Z,2026-06-04T08:45:00+0200,19136.99372,MW,DE,DE_LU,forecast_solar_generation,Solar,2026-06-25T11:27:13Z
2026-06-25T11:25:56Z,2026-06-25T13:25:56+0200,aad9710e-10ca-4c9d-9467-7720556f4b2e,2026-06-04T07:00:00Z,2026-06-04T09:00:00+0200,20807.01882,MW,DE,DE_LU,forecast_solar_generation,Solar,2026-06-25T11:27:13Z
2026-06-25T11:25:56Z,2026-06-25T13:25:56+0200,aad9710e-10ca-4c9d-9467-7720556f4b2e,2026-06-04T07:15:00Z,2026-06-04T09:15:00+0200,22373.45211,MW,DE,DE_LU,forecast_solar_generation,Solar,2026-06-25T11:27:13Z
2026-06-25T11:25:56Z,2026-06-25T13:25:56+0200,aad9710e-10ca-4c9d-9467-7720556f4b2e,2026-06-04T07:30:00Z,2026-06-04T09:30:00+0200,23792.94221,MW,DE,DE_LU,forecast_solar_generation,Solar,2026-06-25T11:27:13Z
2026-06-25T11:25:56Z,2026-06-25T13:25:56+0200,aad9710e-10ca-4c9d-9467-7720556f4b2e,2026-06-04T07:45:00Z,2026-06-04T09:45:00+0200,24989.31835,MW,DE,DE_LU,forecast_solar_generation,Solar,2026-06-25T11:27:13Z
2026-06-25T11:25:56Z,2026-06-25T13:25:56+0200,aad9710e-10ca-4c9d-9467-7720556f4b2e,2026-06-04T08:00:00Z,2026-06-04T10:00:00+0200,26035.51824,MW,DE,DE_LU,forecast_solar_generation,Solar,2026-06-25T11:27:13Z
2026-06-25T11:25:56Z,2026-06-25T13:25:56+0200,aad9710e-10ca-4c9d-9467-7720556f4b2e,2026-06-04T08:15:00Z,2026-06-04T10:15:00+0200,26989.11867,MW,DE,DE_LU,forecast_solar_generation,Solar,2026-06-25T11:27:13Z
2026-06-25T11:25:56Z,2026-06-25T13:25:56+0200,aad9710e-10ca-4c9d-9467-7720556f4b2e,2026-06-04T08:30:00Z,2026-06-04T10:30:00+0200,27754.96567,MW,DE,DE_LU,forecast_solar_generation,Solar,2026-06-25T11:27:13Z
2026-06-25T11:25:56Z,2026-06-25T13:25:56+0200,aad9710e-10ca-4c9d-9467-7720556f4b2e,2026-06-04T08:45:00Z,2026-06-04T10:45:00+0200,28342.44037,MW,DE,DE_LU,forecast_solar_generation,Solar,2026-06-25T11:27:13Z
2026-06-25T11:25:56Z,2026-06-25T13:25:56+0200,aad9710e-10ca-4c9d-9467-7720556f4b2e,2026-06-04T09:00:00Z,2026-06-04T11:00:00+0200,28777.59178,MW,DE,DE_LU,forecast_solar_generation,Solar,2026-06-25T11:27:13Z
2026-06-25T11:25:56Z,2026-06-25T13:25:56+0200,aad9710e-10ca-4c9d-9467-7720556f4b2e,2026-06-04T09:15:00Z,2026-06-04T11:15:00+0200,29114.63215,MW,DE,DE_LU,forecast_solar_generation,Solar,2026-06-25T11:27:13Z
2026-06-25T11:25:56Z,2026-06-25T13:25:56+0200,aad9710e-10ca-4c9d-9467-7720556f4b2e,2026-06-04T09:30:00Z,2026-06-04T11:30:00+0200,29405.75061,MW,DE,DE_LU,forecast_solar_generation,Solar,2026-06-25T11:27:13Z
2026-06-25T11:25:56Z,2026-06-25T13:25:56+0200,aad9710e-10ca-4c9d-9467-7720556f4b2e,2026-06-04T09:45:00Z,2026-06-04T11:45:00+0200,29727.76223,MW,DE,DE_LU,forecast_solar_generation,Solar,2026-06-25T11:27:13Z
2026-06-25T11:25:56Z,2026-06-25T13:25:56+0200,aad9710e-10ca-4c9d-9467-7720556f4b2e,2026-06-04T10:00:00Z,2026-06-04T12:00:00+0200,29926.76289,MW,DE,DE_LU,forecast_solar_generation,Solar,2026-06-25T11:27:13Z
2026-06-25T11:25:56Z,2026-06-25T13:25:56+0200,aad9710e-10ca-4c9d-9467-7720556f4b2e,2026-06-04T10:15:00Z,2026-06-04T12:15:00+0200,29919.98887,MW,DE,DE_LU,forecast_solar_generation,Solar,2026-06-25T11:27:13Z
2026-06-25T11:25:56Z,2026-06-25T13:25:56+0200,aad9710e-10ca-4c9d-9467-7720556f4b2e,2026-06-04T10:30:00Z,2026-06-04T12:30:00+0200,29875.30578,MW,DE,DE_LU,forecast_solar_generation,Solar,2026-06-25T11:27:13Z
2026-06-25T11:25:56Z,2026-06-25T13:25:56+0200,aad9710e-10ca-4c9d-9467-7720556f4b2e,2026-06-04T10:45:00Z,2026-06-04T12:45:00+0200,29707.9724,MW,DE,DE_LU,forecast_solar_generation,Solar,2026-06-25T11:27:13Z
2026-06-25T11:25:56Z,2026-06-25T13:25:56+0200,aad9710e-10ca-4c9d-9467-7720556f4b2e,2026-06-04T11:00:00Z,2026-06-04T13:00:00+0200,29457.44869,MW,DE,DE_LU,forecast_solar_generation,Solar,2026-06-25T11:27:13Z
2026-06-25T11:25:56Z,2026-06-25T13:25:56+0200,aad9710e-10ca-4c9d-9467-7720556f4b2e,2026-06-04T11:15:00Z,2026-06-04T13:15:00+0200,29072.26034,MW,DE,DE_LU,forecast_solar_generation,Solar,2026-06-25T11:27:13Z
2026-06-25T11:25:56Z,2026-06-25T13:25:56+0200,aad9710e-10ca-4c9d-9467-7720556f4b2e,2026-06-04T11:30:00Z,2026-06-04T13:30:00+0200,28576.95037,MW,DE,DE_LU,forecast_solar_generation,Solar,2026-06-25T11:27:13Z
2026-06-25T11:25:56Z,2026-06-25T13:25:56+0200,aad9710e-10ca-4c9d-9467-7720556f4b2e,2026-06-04T11:45:00Z,2026-06-04T13:45:00+0200,27964.34657,MW,DE,DE_LU,forecast_solar_generation,Solar,2026-06-25T11:27:13Z
2026-06-25T11:25:56Z,2026-06-25T13:25:56+0200,aad9710e-10ca-4c9d-9467-7720556f4b2e,2026-06-04T12:00:00Z,2026-06-04T14:00:00+0200,27342.05826,MW,DE,DE_LU,forecast_solar_generation,Solar,2026-06-25T11:27:13Z
2026-06-25T11:25:56Z,2026-06-25T13:25:56+0200,aad9710e-10ca-4c9d-9467-7720556f4b2e,2026-06-04T12:15:00Z,2026-06-04T14:15:00+0200,26643.6158,MW,DE,DE_LU,forecast_solar_generation,Solar,2026-06-25T11:27:13Z
2026-06-25T11:25:56Z,2026-06-25T13:25:56+0200,aad9710e-10ca-4c9d-9467-7720556f4b2e,2026-06-04T12:30:00Z,2026-06-04T14:30:00+0200,25917.77139,MW,DE,DE_LU,forecast_solar_generation,Solar,2026-06-25T11:27:13Z
2026-06-25T11:25:56Z,2026-06-25T13:25:56+0200,aad9710e-10ca-4c9d-9467-7720556f4b2e,2026-06-04T12:45:00Z,2026-06-04T14:45:00+0200,24964.13057,MW,DE,DE_LU,forecast_solar_generation,Solar,2026-06-25T11:27:13Z
2026-06-25T11:25:56Z,2026-06-25T13:25:56+0200,aad9710e-10ca-4c9d-9467-7720556f4b2e,2026-06-04T13:00:00Z,2026-06-04T15:00:00+0200,23856.13096,MW,DE,DE_LU,forecast_solar_generation,Solar,2026-06-25T11:27:13Z
2026-06-25T11:25:56Z,2026-06-25T13:25:56+0200,aad9710e-10ca-4c9d-9467-7720556f4b2e,2026-06-04T13:15:00Z,2026-06-04T15:15:00+0200,22793.33308,MW,DE,DE_LU,forecast_solar_generation,Solar,2026-06-25T11:27:13Z
2026-06-25T11:25:56Z,2026-06-25T13:25:56+0200,aad9710e-10ca-4c9d-9467-7720556f4b2e,2026-06-04T13:30:00Z,2026-06-04T15:30:00+0200,21666.11386,MW,DE,DE_LU,forecast_solar_generation,Solar,2026-06-25T11:27:13Z
2026-06-25T11:25:56Z,2026-06-25T13:25:56+0200,aad9710e-10ca-4c9d-9467-7720556f4b2e,2026-06-04T13:45:00Z,2026-06-04T15:45:00+0200,20482.82708,MW,DE,DE_LU,forecast_solar_generation,Solar,2026-06-25T11:27:13Z
2026-06-25T11:25:56Z,2026-06-25T13:25:56+0200,aad9710e-10ca-4c9d-9467-7720556f4b2e,2026-06-04T14:00:00Z,2026-06-04T16:00:00+0200,19261.87057,MW,DE,DE_LU,forecast_solar_generation,Solar,2026-06-25T11:27:13Z
2026-06-25T11:25:56Z,2026-06-25T13:25:56+0200,aad9710e-10ca-4c9d-9467-7720556f4b2e,2026-06-04T14:15:00Z,2026-06-04T16:15:00+0200,18053.54902,MW,DE,DE_LU,forecast_solar_generation,Solar,2026-06-25T11:27:13Z
2026-06-25T11:25:56Z,2026-06-25T13:25:56+0200,aad9710e-10ca-4c9d-9467-7720556f4b2e,2026-06-04T14:30:00Z,2026-06-04T16:30:00+0200,16915.77502,MW,DE,DE_LU,forecast_solar_generation,Solar,2026-06-25T11:27:13Z
2026-06-25T11:25:56Z,2026-06-25T13:25:56+0200,aad9710e-10ca-4c9d-9467-7720556f4b2e,2026-06-04T14:45:00Z,2026-06-04T16:45:00+0200,15708.16532,MW,DE,DE_LU,forecast_solar_generation,Solar,2026-06-25T11:27:13Z
2026-06-25T11:25:56Z,2026-06-25T13:25:56+0200,aad9710e-10ca-4c9d-9467-7720556f4b2e,2026-06-04T15:00:00Z,2026-06-04T17:00:00+0200,14493.86572,MW,DE,DE_LU,forecast_solar_generation,Solar,2026-06-25T11:27:13Z
2026-06-25T11:25:56Z,2026-06-25T13:25:56+0200,aad9710e-10ca-4c9d-9467-7720556f4b2e,2026-06-04T15:15:00Z,2026-06-04T17:15:00+0200,13281.37561,MW,DE,DE_LU,forecast_solar_generation,Solar,2026-06-25T11:27:13Z
2026-06-25T11:25:56Z,2026-06-25T13:25:56+0200,aad9710e-10ca-4c9d-9467-7720556f4b2e,2026-06-04T15:30:00Z,2026-06-04T17:30:00+0200,12041.56163,MW,DE,DE_LU,forecast_solar_generation,Solar,2026-06-25T11:27:13Z
2026-06-25T11:25:56Z,2026-06-25T13:25:56+0200,aad9710e-10ca-4c9d-9467-7720556f4b2e,2026-06-04T15:45:00Z,2026-06-04T17:45:00+0200,10792.24524,MW,DE,DE_LU,forecast_solar_generation,Solar,2026-06-25T11:27:13Z
2026-06-25T11:25:56Z,2026-06-25T13:25:56+0200,aad9710e-10ca-4c9d-9467-7720556f4b2e,2026-06-04T16:00:00Z,2026-06-04T18:00:00+0200,9605.84174,MW,DE,DE_LU,forecast_solar_generation,Solar,2026-06-25T11:27:13Z
2026-06-25T11:25:56Z,2026-06-25T13:25:56+0200,aad9710e-10ca-4c9d-9467-7720556f4b2e,2026-06-04T16:15:00Z,2026-06-04T18:15:00+0200,8459.84644,MW,DE,DE_LU,forecast_solar_generation,Solar,2026-06-25T11:27:13Z
2026-06-25T11:25:56Z,2026-06-25T13:25:56+0200,aad9710e-10ca-4c9d-9467-7720556f4b2e,2026-06-04T16:30:00Z,2026-06-04T18:30:00+0200,7367.37813,MW,DE,DE_LU,forecast_solar_generation,Solar,2026-06-25T11:27:13Z
2026-06-25T11:25:56Z,2026-06-25T13:25:56+0200,aad9710e-10ca-4c9d-9467-7720556f4b2e,2026-06-04T16:45:00Z,2026-06-04T18:45:00+0200,6337.63515,MW,DE,DE_LU,forecast_solar_generation,Solar,2026-06-25T11:27:13Z
2026-06-25T11:25:56Z,2026-06-25T13:25:56+0200,aad9710e-10ca-4c9d-9467-7720556f4b2e,2026-06-04T17:00:00Z,2026-06-04T19:00:00+0200,5342.31022,MW,DE,DE_LU,forecast_solar_generation,Solar,2026-06-25T11:27:13Z
2026-06-25T11:25:56Z,2026-06-25T13:25:56+0200,aad9710e-10ca-4c9d-9467-7720556f4b2e,2026-06-04T17:15:00Z,2026-06-04T19:15:00+0200,4382.00252,MW,DE,DE_LU,forecast_solar_generation,Solar,2026-06-25T11:27:13Z
2026-06-25T11:25:56Z,2026-06-25T13:25:56+0200,aad9710e-10ca-4c9d-9467-7720556f4b2e,2026-06-04T17:30:00Z,2026-06-04T19:30:00+0200,3457.60655,MW,DE,DE_LU,forecast_solar_generation,Solar,2026-06-25T11:27:13Z
2026-06-25T11:25:56Z,2026-06-25T13:25:56+0200,aad9710e-10ca-4c9d-9467-7720556f4b2e,2026-06-04T17:45:00Z,2026-06-04T19:45:00+0200,2619.91442,MW,DE,DE_LU,forecast_solar_generation,Solar,2026-06-25T11:27:13Z
2026-06-25T11:25:56Z,2026-06-25T13:25:56+0200,aad9710e-10ca-4c9d-9467-7720556f4b2e,2026-06-04T18:00:00Z,2026-06-04T20:00:00+0200,1896.79079,MW,DE,DE_LU,forecast_solar_generation,Solar,2026-06-25T11:27:13Z
2026-06-25T11:25:56Z,2026-06-25T13:25:56+0200,aad9710e-10ca-4c9d-9467-7720556f4b2e,2026-06-04T18:15:00Z,2026-06-04T20:15:00+0200,1311.55839,MW,DE,DE_LU,forecast_solar_generation,Solar,2026-06-25T11:27:13Z
2026-06-25T11:25:56Z,2026-06-25T13:25:56+0200,aad9710e-10ca-4c9d-9467-7720556f4b2e,2026-06-04T18:30:00Z,2026-06-04T20:30:00+0200,846.45157,MW,DE,DE_LU,forecast_solar_generation,Solar,2026-06-25T11:27:13Z
2026-06-25T11:25:56Z,2026-06-25T13:25:56+0200,aad9710e-10ca-4c9d-9467-7720556f4b2e,2026-06-04T18:45:00Z,2026-06-04T20:45:00+0200,496.59294,MW,DE,DE_LU,forecast_solar_generation,Solar,2026-06-25T11:27:13Z
2026-06-25T11:25:56Z,2026-06-25T13:25:56+0200,aad9710e-10ca-4c9d-9467-7720556f4b2e,2026-06-04T19:00:00Z,2026-06-04T21:00:00+0200,245.54111,MW,DE,DE_LU,forecast_solar_generation,Solar,2026-06-25T11:27:13Z
2026-06-25T11:25:56Z,2026-06-25T13:25:56+0200,aad9710e-10ca-4c9d-9467-7720556f4b2e,2026-06-04T19:15:00Z,2026-06-04T21:15:00+0200,104.00093,MW,DE,DE_LU,forecast_solar_generation,Solar,2026-06-25T11:27:13Z
2026-06-25T11:25:56Z,2026-06-25T13:25:56+0200,aad9710e-10ca-4c9d-9467-7720556f4b2e,2026-06-04T19:30:00Z,2026-06-04T21:30:00+0200,44.87312,MW,DE,DE_LU,forecast_solar_generation,Solar,2026-06-25T11:27:13Z
2026-06-25T11:25:56Z,2026-06-25T13:25:56+0200,aad9710e-10ca-4c9d-9467-7720556f4b2e,2026-06-04T19:45:00Z,2026-06-04T21:45:00+0200,22.56113,MW,DE,DE_LU,forecast_solar_generation,Solar,2026-06-25T11:27:13Z
2026-06-25T11:25:56Z,2026-06-25T13:25:56+0200,aad9710e-10ca-4c9d-9467-7720556f4b2e,2026-06-04T20:00:00Z,2026-06-04T22:00:00+0200,0.0,MW,DE,DE_LU,forecast_solar_generation,Solar,2026-06-25T11:27:13Z
2026-06-25T11:25:56Z,2026-06-25T13:25:56+0200,aad9710e-10ca-4c9d-9467-7720556f4b2e,2026-06-04T20:15:00Z,2026-06-04T22:15:00+0200,0.0,MW,DE,DE_LU,forecast_solar_generation,Solar,2026-06-25T11:27:13Z
2026-06-25T11:25:56Z,2026-06-25T13:25:56+0200,aad9710e-10ca-4c9d-9467-7720556f4b2e,2026-06-04T20:30:00Z,2026-06-04T22:30:00+0200,0.0,MW,DE,DE_LU,forecast_solar_generation,Solar,2026-06-25T11:27:13Z
2026-06-25T11:25:56Z,2026-06-25T13:25:56+0200,aad9710e-10ca-4c9d-9467-7720556f4b2e,2026-06-04T20:45:00Z,2026-06-04T22:45:00+0200,0.0,MW,DE,DE_LU,forecast_solar_generation,Solar,2026-06-25T11:27:13Z
2026-06-25T11:25:56Z,2026-06-25T13:25:56+0200,aad9710e-10ca-4c9d-9467-7720556f4b2e,2026-06-04T21:00:00Z,2026-06-04T23:00:00+0200,0.0,MW,DE,DE_LU,forecast_solar_generation,Solar,2026-06-25T11:27:13Z
2026-06-25T11:25:56Z,2026-06-25T13:25:56+0200,aad9710e-10ca-4c9d-9467-7720556f4b2e,2026-06-04T21:15:00Z,2026-06-04T23:15:00+0200,0.0,MW,DE,DE_LU,forecast_solar_generation,Solar,2026-06-25T11:27:13Z
2026-06-25T11:25:56Z,2026-06-25T13:25:56+0200,aad9710e-10ca-4c9d-9467-7720556f4b2e,2026-06-04T21:30:00Z,2026-06-04T23:30:00+0200,0.0,MW,DE,DE_LU,forecast_solar_generation,Solar,2026-06-25T11:27:13Z
2026-06-25T11:25:56Z,2026-06-25T13:25:56+0200,aad9710e-10ca-4c9d-9467-7720556f4b2e,2026-06-04T21:45:00Z,2026-06-04T23:45:00+0200,0.0,MW,DE,DE_LU,forecast_solar_generation,Solar,2026-06-25T11:27:13Z
2026-06-25T11:25:56Z,2026-06-25T13:25:56+0200,aad9710e-10ca-4c9d-9467-7720556f4b2e,2026-06-04T22:00:00Z,2026-06-05T00:00:00+0200,0.0,MW,DE,DE_LU,forecast_solar_generation,Solar,2026-06-25T11:27:13Z
2026-06-25T11:25:56Z,2026-06-25T13:25:56+0200,aad9710e-10ca-4c9d-9467-7720556f4b2e,2026-06-04T22:15:00Z,2026-06-05T00:15:00+0200,0.0,MW,DE,DE_LU,forecast_solar_generation,Solar,2026-06-25T11:27:13Z
2026-06-25T11:25:56Z,2026-06-25T13:25:56+0200,aad9710e-10ca-4c9d-9467-7720556f4b2e,2026-06-04T22:30:00Z,2026-06-05T00:30:00+0200,0.0,MW,DE,DE_LU,forecast_solar_generation,Solar,2026-06-25T11:27:13Z
2026-06-25T11:25:56Z,2026-06-25T13:25:56+0200,aad9710e-10ca-4c9d-9467-7720556f4b2e,2026-06-04T22:45:00Z,2026-06-05T00:45:00+0200,0.0,MW,DE,DE_LU,forecast_solar_generation,Solar,2026-06-25T11:27:13Z
2026-06-25T11:25:56Z,2026-06-25T13:25:56+0200,aad9710e-10ca-4c9d-9467-7720556f4b2e,2026-06-04T23:00:00Z,2026-06-05T01:00:00+0200,0.0,MW,DE,DE_LU,forecast_solar_generation,Solar,2026-06-25T11:27:13Z
2026-06-25T11:25:56Z,2026-06-25T13:25:56+0200,aad9710e-10ca-4c9d-9467-7720556f4b2e,2026-06-04T23:15:00Z,2026-06-05T01:15:00+0200,0.0,MW,DE,DE_LU,forecast_solar_generation,Solar,2026-06-25T11:27:13Z
2026-06-25T11:25:56Z,2026-06-25T13:25:56+0200,aad9710e-10ca-4c9d-9467-7720556f4b2e,2026-06-04T23:30:00Z,2026-06-05T01:30:00+0200,0.0,MW,DE,DE_LU,forecast_solar_generation,Solar,2026-06-25T11:27:13Z
2026-06-25T11:25:56Z,2026-06-25T13:25:56+0200,aad9710e-10ca-4c9d-9467-7720556f4b2e,2026-06-04T23:45:00Z,2026-06-05T01:45:00+0200,0.0,MW,DE,DE_LU,forecast_solar_generation,Solar,2026-06-25T11:27:13Z
2026-06-25T11:25:56Z,2026-06-25T13:25:56+0200,aad9710e-10ca-4c9d-9467-7720556f4b2e,2026-06-05T00:00:00Z,2026-06-05T02:00:00+0200,0.0,MW,DE,DE_LU,forecast_solar_generation,Solar,2026-06-25T11:27:13Z
2026-06-25T11:25:56Z,2026-06-25T13:25:56+0200,aad9710e-10ca-4c9d-9467-7720556f4b2e,2026-06-05T00:15:00Z,2026-06-05T02:15:00+0200,0.0,MW,DE,DE_LU,forecast_solar_generation,Solar,2026-06-25T11:27:13Z
2026-06-25T11:25:56Z,2026-06-25T13:25:56+0200,aad9710e-10ca-4c9d-9467-7720556f4b2e,2026-06-05T00:30:00Z,2026-06-05T02:30:00+0200,0.0,MW,DE,DE_LU,forecast_solar_generation,Solar,2026-06-25T11:27:13Z
2026-06-25T11:25:56Z,2026-06-25T13:25:56+0200,aad9710e-10ca-4c9d-9467-7720556f4b2e,2026-06-05T00:45:00Z,2026-06-05T02:45:00+0200,0.0,MW,DE,DE_LU,forecast_solar_generation,Solar,2026-06-25T11:27:13Z
2026-06-25T11:25:56Z,2026-06-25T13:25:56+0200,aad9710e-10ca-4c9d-9467-7720556f4b2e,2026-06-05T01:00:00Z,2026-06-05T03:00:00+0200,0.0,MW,DE,DE_LU,forecast_solar_generation,Solar,2026-06-25T11:27:13Z
2026-06-25T11:25:56Z,2026-06-25T13:25:56+0200,aad9710e-10ca-4c9d-9467-7720556f4b2e,2026-06-05T01:15:00Z,2026-06-05T03:15:00+0200,0.0,MW,DE,DE_LU,forecast_solar_generation,Solar,2026-06-25T11:27:13Z
2026-06-25T11:25:56Z,2026-06-25T13:25:56+0200,aad9710e-10ca-4c9d-9467-7720556f4b2e,2026-06-05T01:30:00Z,2026-06-05T03:30:00+0200,0.0,MW,DE,DE_LU,forecast_solar_generation,Solar,2026-06-25T11:27:13Z
2026-06-25T11:25:56Z,2026-06-25T13:25:56+0200,aad9710e-10ca-4c9d-9467-7720556f4b2e,2026-06-05T01:45:00Z,2026-06-05T03:45:00+0200,0.0,MW,DE,DE_LU,forecast_solar_generation,Solar,2026-06-25T11:27:13Z
2026-06-25T11:25:56Z,2026-06-25T13:25:56+0200,aad9710e-10ca-4c9d-9467-7720556f4b2e,2026-06-05T02:00:00Z,2026-06-05T04:00:00+0200,0.0,MW,DE,DE_LU,forecast_solar_generation,Solar,2026-06-25T11:27:13Z
2026-06-25T11:25:56Z,2026-06-25T13:25:56+0200,aad9710e-10ca-4c9d-9467-7720556f4b2e,2026-06-05T02:15:00Z,2026-06-05T04:15:00+0200,0.0,MW,DE,DE_LU,forecast_solar_generation,Solar,2026-06-25T11:27:13Z
2026-06-25T11:25:56Z,2026-06-25T13:25:56+0200,aad9710e-10ca-4c9d-9467-7720556f4b2e,2026-06-05T02:30:00Z,2026-06-05T04:30:00+0200,0.03,MW,DE,DE_LU,forecast_solar_generation,Solar,2026-06-25T11:27:13Z
2026-06-25T11:25:56Z,2026-06-25T13:25:56+0200,aad9710e-10ca-4c9d-9467-7720556f4b2e,2026-06-05T02:45:00Z,2026-06-05T04:45:00+0200,8.19525,MW,DE,DE_LU,forecast_solar_generation,Solar,2026-06-25T11:27:13Z
2026-06-25T11:25:56Z,2026-06-25T13:25:56+0200,aad9710e-10ca-4c9d-9467-7720556f4b2e,2026-06-05T03:00:00Z,2026-06-05T05:00:00+0200,56.5394,MW,DE,DE_LU,forecast_solar_generation,Solar,2026-06-25T11:27:13Z
2026-06-25T11:25:56Z,2026-06-25T13:25:56+0200,aad9710e-10ca-4c9d-9467-7720556f4b2e,2026-06-05T03:15:00Z,2026-06-05T05:15:00+0200,201.41759,MW,DE,DE_LU,forecast_solar_generation,Solar,2026-06-25T11:27:13Z
2026-06-25T11:25:56Z,2026-06-25T13:25:56+0200,aad9710e-10ca-4c9d-9467-7720556f4b2e,2026-06-05T03:30:00Z,2026-06-05T05:30:00+0200,442.03046,MW,DE,DE_LU,forecast_solar_generation,Solar,2026-06-25T11:27:13Z
2026-06-25T11:25:56Z,2026-06-25T13:25:56+0200,aad9710e-10ca-4c9d-9467-7720556f4b2e,2026-06-05T03:45:00Z,2026-06-05T05:45:00+0200,847.50161,MW,DE,DE_LU,forecast_solar_generation,Solar,2026-06-25T11:27:13Z
2026-06-25T11:25:56Z,2026-06-25T13:25:56+0200,aad9710e-10ca-4c9d-9467-7720556f4b2e,2026-06-05T04:00:00Z,2026-06-05T06:00:00+0200,1441.76279,MW,DE,DE_LU,forecast_solar_generation,Solar,2026-06-25T11:27:13Z
2026-06-25T11:25:56Z,2026-06-25T13:25:56+0200,aad9710e-10ca-4c9d-9467-7720556f4b2e,2026-06-05T04:15:00Z,2026-06-05T06:15:00+0200,2236.62548,MW,DE,DE_LU,forecast_solar_generation,Solar,2026-06-25T11:27:13Z
2026-06-25T11:25:56Z,2026-06-25T13:25:56+0200,aad9710e-10ca-4c9d-9467-7720556f4b2e,2026-06-05T04:30:00Z,2026-06-05T06:30:00+0200,3193.45559,MW,DE,DE_LU,forecast_solar_generation,Solar,2026-06-25T11:27:13Z
2026-06-25T11:25:56Z,2026-06-25T13:25:56+0200,aad9710e-10ca-4c9d-9467-7720556f4b2e,2026-06-05T04:45:00Z,2026-06-05T06:45:00+0200,4282.97093,MW,DE,DE_LU,forecast_solar_generation,Solar,2026-06-25T11:27:13Z
2026-06-25T11:25:56Z,2026-06-25T13:25:56+0200,aad9710e-10ca-4c9d-9467-7720556f4b2e,2026-06-05T05:00:00Z,2026-06-05T07:00:00+0200,5510.36437,MW,DE,DE_LU,forecast_solar_generation,Solar,2026-06-25T11:27:13Z
2026-06-25T11:25:56Z,2026-06-25T13:25:56+0200,aad9710e-10ca-4c9d-9467-7720556f4b2e,2026-06-05T05:15:00Z,2026-06-05T07:15:00+0200,6883.99728,MW,DE,DE_LU,forecast_solar_generation,Solar,2026-06-25T11:27:13Z
2026-06-25T11:25:56Z,2026-06-25T13:25:56+0200,aad9710e-10ca-4c9d-9467-7720556f4b2e,2026-06-05T05:30:00Z,2026-06-05T07:30:00+0200,8378.37379,MW,DE,DE_LU,forecast_solar_generation,Solar,2026-06-25T11:27:13Z
2026-06-25T11:25:56Z,2026-06-25T13:25:56+0200,aad9710e-10ca-4c9d-9467-7720556f4b2e,2026-06-05T05:45:00Z,2026-06-05T07:45:00+0200,9971.1725,MW,DE,DE_LU,forecast_solar_generation,Solar,2026-06-25T11:27:13Z
2026-06-25T11:25:56Z,2026-06-25T13:25:56+0200,aad9710e-10ca-4c9d-9467-7720556f4b2e,2026-06-05T06:00:00Z,2026-06-05T08:00:00+0200,11668.356,MW,DE,DE_LU,forecast_solar_generation,Solar,2026-06-25T11:27:13Z
2026-06-25T11:25:56Z,2026-06-25T13:25:56+0200,aad9710e-10ca-4c9d-9467-7720556f4b2e,2026-06-05T06:15:00Z,2026-06-05T08:15:00+0200,13463.29012,MW,DE,DE_LU,forecast_solar_generation,Solar,2026-06-25T11:27:13Z
2026-06-25T11:25:56Z,2026-06-25T13:25:56+0200,aad9710e-10ca-4c9d-9467-7720556f4b2e,2026-06-05T06:30:00Z,2026-06-05T08:30:00+0200,15302.60789,MW,DE,DE_LU,forecast_solar_generation,Solar,2026-06-25T11:27:13Z
2026-06-25T11:25:56Z,2026-06-25T13:25:56+0200,aad9710e-10ca-4c9d-9467-7720556f4b2e,2026-06-05T06:45:00Z,2026-06-05T08:45:00+0200,17181.76172,MW,DE,DE_LU,forecast_solar_generation,Solar,2026-06-25T11:27:13Z
2026-06-25T11:25:56Z,2026-06-25T13:25:56+0200,aad9710e-10ca-4c9d-9467-7720556f4b2e,2026-06-05T07:00:00Z,2026-06-05T09:00:00+0200,19022.78245,MW,DE,DE_LU,forecast_solar_generation,Solar,2026-06-25T11:27:13Z
2026-06-25T11:25:56Z,2026-06-25T13:25:56+0200,aad9710e-10ca-4c9d-9467-7720556f4b2e,2026-06-05T07:15:00Z,2026-06-05T09:15:00+0200,20850.00914,MW,DE,DE_LU,forecast_solar_generation,Solar,2026-06-25T11:27:13Z
2026-06-25T11:25:56Z,2026-06-25T13:25:56+0200,aad9710e-10ca-4c9d-9467-7720556f4b2e,2026-06-05T07:30:00Z,2026-06-05T09:30:00+0200,22666.84378,MW,DE,DE_LU,forecast_solar_generation,Solar,2026-06-25T11:27:13Z
2026-06-25T11:25:56Z,2026-06-25T13:25:56+0200,aad9710e-10ca-4c9d-9467-7720556f4b2e,2026-06-05T07:45:00Z,2026-06-05T09:45:00+0200,24390.69034,MW,DE,DE_LU,forecast_solar_generation,Solar,2026-06-25T11:27:13Z
2026-06-25T11:25:56Z,2026-06-25T13:25:56+0200,aad9710e-10ca-4c9d-9467-7720556f4b2e,2026-06-05T08:00:00Z,2026-06-05T10:00:00+0200,26000.11186,MW,DE,DE_LU,forecast_solar_generation,Solar,2026-06-25T11:27:13Z
2026-06-25T11:25:56Z,2026-06-25T13:25:56+0200,aad9710e-10ca-4c9d-9467-7720556f4b2e,2026-06-05T08:15:00Z,2026-06-05T10:15:00+0200,27519.88935,MW,DE,DE_LU,forecast_solar_generation,Solar,2026-06-25T11:27:13Z
2026-06-25T11:25:56Z,2026-06-25T13:25:56+0200,aad9710e-10ca-4c9d-9467-7720556f4b2e,2026-06-05T08:30:00Z,2026-06-05T10:30:00+0200,28878.9804,MW,DE,DE_LU,forecast_solar_generation,Solar,2026-06-25T11:27:13Z
2026-06-25T11:25:56Z,2026-06-25T13:25:56+0200,aad9710e-10ca-4c9d-9467-7720556f4b2e,2026-06-05T08:45:00Z,2026-06-05T10:45:00+0200,30074.97995,MW,DE,DE_LU,forecast_solar_generation,Solar,2026-06-25T11:27:13Z
2026-06-25T11:25:56Z,2026-06-25T13:25:56+0200,aad9710e-10ca-4c9d-9467-7720556f4b2e,2026-06-05T09:00:00Z,2026-06-05T11:00:00+0200,31162.73669,MW,DE,DE_LU,forecast_solar_generation,Solar,2026-06-25T11:27:13Z
2026-06-25T11:25:56Z,2026-06-25T13:25:56+0200,aad9710e-10ca-4c9d-9467-7720556f4b2e,2026-06-05T09:15:00Z,2026-06-05T11:15:00+0200,32138.92691,MW,DE,DE_LU,forecast_solar_generation,Solar,2026-06-25T11:27:13Z
2026-06-25T11:25:56Z,2026-06-25T13:25:56+0200,aad9710e-10ca-4c9d-9467-7720556f4b2e,2026-06-05T09:30:00Z,2026-06-05T11:30:00+0200,33025.11572,MW,DE,DE_LU,forecast_solar_generation,Solar,2026-06-25T11:27:13Z
2026-06-25T11:25:56Z,2026-06-25T13:25:56+0200,aad9710e-10ca-4c9d-9467-7720556f4b2e,2026-06-05T09:45:00Z,2026-06-05T11:45:00+0200,33847.32676,MW,DE,DE_LU,forecast_solar_generation,Solar,2026-06-25T11:27:13Z
2026-06-25T11:25:56Z,2026-06-25T13:25:56+0200,aad9710e-10ca-4c9d-9467-7720556f4b2e,2026-06-05T10:00:00Z,2026-06-05T12:00:00+0200,34623.35855,MW,DE,DE_LU,forecast_solar_generation,Solar,2026-06-25T11:27:13Z
2026-06-25T11:25:56Z,2026-06-25T13:25:56+0200,aad9710e-10ca-4c9d-9467-7720556f4b2e,2026-06-05T10:15:00Z,2026-06-05T12:15:00+0200,35329.18472,MW,DE,DE_LU,forecast_solar_generation,Solar,2026-06-25T11:27:13Z
2026-06-25T11:25:56Z,2026-06-25T13:25:56+0200,aad9710e-10ca-4c9d-9467-7720556f4b2e,2026-06-05T10:30:00Z,2026-06-05T12:30:00+0200,35975.57225,MW,DE,DE_LU,forecast_solar_generation,Solar,2026-06-25T11:27:13Z
2026-06-25T11:25:56Z,2026-06-25T13:25:56+0200,aad9710e-10ca-4c9d-9467-7720556f4b2e,2026-06-05T10:45:00Z,2026-06-05T12:45:00+0200,36459.70396,MW,DE,DE_LU,forecast_solar_generation,Solar,2026-06-25T11:27:13Z
2026-06-25T11:25:56Z,2026-06-25T13:25:56+0200,aad9710e-10ca-4c9d-9467-7720556f4b2e,2026-06-05T11:00:00Z,2026-06-05T13:00:00+0200,36803.78192,MW,DE,DE_LU,forecast_solar_generation,Solar,2026-06-25T11:27:13Z
2026-06-25T11:25:56Z,2026-06-25T13:25:56+0200,aad9710e-10ca-4c9d-9467-7720556f4b2e,2026-06-05T11:15:00Z,2026-06-05T13:15:00+0200,36988.44718,MW,DE,DE_LU,forecast_solar_generation,Solar,2026-06-25T11:27:13Z
2026-06-25T11:25:56Z,2026-06-25T13:25:56+0200,aad9710e-10ca-4c9d-9467-7720556f4b2e,2026-06-05T11:30:00Z,2026-06-05T13:30:00+0200,37045.2953,MW,DE,DE_LU,forecast_solar_generation,Solar,2026-06-25T11:27:13Z
2026-06-25T11:25:56Z,2026-06-25T13:25:56+0200,aad9710e-10ca-4c9d-9467-7720556f4b2e,2026-06-05T11:45:00Z,2026-06-05T13:45:00+0200,37037.30863,MW,DE,DE_LU,forecast_solar_generation,Solar,2026-06-25T11:27:13Z
2026-06-25T11:25:56Z,2026-06-25T13:25:56+0200,aad9710e-10ca-4c9d-9467-7720556f4b2e,2026-06-05T12:00:00Z,2026-06-05T14:00:00+0200,36966.11921,MW,DE,DE_LU,forecast_solar_generation,Solar,2026-06-25T11:27:13Z
2026-06-25T11:25:56Z,2026-06-25T13:25:56+0200,aad9710e-10ca-4c9d-9467-7720556f4b2e,2026-06-05T12:15:00Z,2026-06-05T14:15:00+0200,36804.50826,MW,DE,DE_LU,forecast_solar_generation,Solar,2026-06-25T11:27:13Z
2026-06-25T11:25:56Z,2026-06-25T13:25:56+0200,aad9710e-10ca-4c9d-9467-7720556f4b2e,2026-06-05T12:30:00Z,2026-06-05T14:30:00+0200,36531.9199,MW,DE,DE_LU,forecast_solar_generation,Solar,2026-06-25T11:27:13Z
2026-06-25T11:25:56Z,2026-06-25T13:25:56+0200,aad9710e-10ca-4c9d-9467-7720556f4b2e,2026-06-05T12:45:00Z,2026-06-05T14:45:00+0200,36133.6172,MW,DE,DE_LU,forecast_solar_generation,Solar,2026-06-25T11:27:13Z
2026-06-25T11:25:56Z,2026-06-25T13:25:56+0200,aad9710e-10ca-4c9d-9467-7720556f4b2e,2026-06-05T13:00:00Z,2026-06-05T15:00:00+0200,35587.64654,MW,DE,DE_LU,forecast_solar_generation,Solar,2026-06-25T11:27:13Z
2026-06-25T11:25:56Z,2026-06-25T13:25:56+0200,aad9710e-10ca-4c9d-9467-7720556f4b2e,2026-06-05T13:15:00Z,2026-06-05T15:15:00+0200,35010.91731,MW,DE,DE_LU,forecast_solar_generation,Solar,2026-06-25T11:27:13Z
2026-06-25T11:25:56Z,2026-06-25T13:25:56+0200,aad9710e-10ca-4c9d-9467-7720556f4b2e,2026-06-05T13:30:00Z,2026-06-05T15:30:00+0200,34336.14257,MW,DE,DE_LU,forecast_solar_generation,Solar,2026-06-25T11:27:13Z
2026-06-25T11:25:56Z,2026-06-25T13:25:56+0200,aad9710e-10ca-4c9d-9467-7720556f4b2e,2026-06-05T13:45:00Z,2026-06-05T15:45:00+0200,33533.02256,MW,DE,DE_LU,forecast_solar_generation,Solar,2026-06-25T11:27:13Z
2026-06-25T11:25:56Z,2026-06-25T13:25:56+0200,aad9710e-10ca-4c9d-9467-7720556f4b2e,2026-06-05T14:00:00Z,2026-06-05T16:00:00+0200,32545.0152,MW,DE,DE_LU,forecast_solar_generation,Solar,2026-06-25T11:27:13Z
2026-06-25T11:25:56Z,2026-06-25T13:25:56+0200,aad9710e-10ca-4c9d-9467-7720556f4b2e,2026-06-05T14:15:00Z,2026-06-05T16:15:00+0200,31412.9517,MW,DE,DE_LU,forecast_solar_generation,Solar,2026-06-25T11:27:13Z
2026-06-25T11:25:56Z,2026-06-25T13:25:56+0200,aad9710e-10ca-4c9d-9467-7720556f4b2e,2026-06-05T14:30:00Z,2026-06-05T16:30:00+0200,30134.50889,MW,DE,DE_LU,forecast_solar_generation,Solar,2026-06-25T11:27:13Z
2026-06-25T11:25:56Z,2026-06-25T13:25:56+0200,aad9710e-10ca-4c9d-9467-7720556f4b2e,2026-06-05T14:45:00Z,2026-06-05T16:45:00+0200,28661.58145,MW,DE,DE_LU,forecast_solar_generation,Solar,2026-06-25T11:27:13Z
2026-06-25T11:25:56Z,2026-06-25T13:25:56+0200,aad9710e-10ca-4c9d-9467-7720556f4b2e,2026-06-05T15:00:00Z,2026-06-05T17:00:00+0200,27009.17138,MW,DE,DE_LU,forecast_solar_generation,Solar,2026-06-25T11:27:13Z
2026-06-25T11:25:56Z,2026-06-25T13:25:56+0200,aad9710e-10ca-4c9d-9467-7720556f4b2e,2026-06-05T15:15:00Z,2026-06-05T17:15:00+0200,25190.24798,MW,DE,DE_LU,forecast_solar_generation,Solar,2026-06-25T11:27:13Z
2026-06-25T11:25:56Z,2026-06-25T13:25:56+0200,aad9710e-10ca-4c9d-9467-7720556f4b2e,2026-06-05T15:30:00Z,2026-06-05T17:30:00+0200,23234.98864,MW,DE,DE_LU,forecast_solar_generation,Solar,2026-06-25T11:27:13Z
2026-06-25T11:25:56Z,2026-06-25T13:25:56+0200,aad9710e-10ca-4c9d-9467-7720556f4b2e,2026-06-05T15:45:00Z,2026-06-05T17:45:00+0200,21183.58274,MW,DE,DE_LU,forecast_solar_generation,Solar,2026-06-25T11:27:13Z
2026-06-25T11:25:56Z,2026-06-25T13:25:56+0200,aad9710e-10ca-4c9d-9467-7720556f4b2e,2026-06-05T16:00:00Z,2026-06-05T18:00:00+0200,19052.96862,MW,DE,DE_LU,forecast_solar_generation,Solar,2026-06-25T11:27:13Z
2026-06-25T11:25:56Z,2026-06-25T13:25:56+0200,aad9710e-10ca-4c9d-9467-7720556f4b2e,2026-06-05T16:15:00Z,2026-06-05T18:15:00+0200,16861.82677,MW,DE,DE_LU,forecast_solar_generation,Solar,2026-06-25T11:27:13Z
2026-06-25T11:25:56Z,2026-06-25T13:25:56+0200,aad9710e-10ca-4c9d-9467-7720556f4b2e,2026-06-05T16:30:00Z,2026-06-05T18:30:00+0200,14626.22379,MW,DE,DE_LU,forecast_solar_generation,Solar,2026-06-25T11:27:13Z
2026-06-25T11:25:56Z,2026-06-25T13:25:56+0200,aad9710e-10ca-4c9d-9467-7720556f4b2e,2026-06-05T16:45:00Z,2026-06-05T18:45:00+0200,12422.27547,MW,DE,DE_LU,forecast_solar_generation,Solar,2026-06-25T11:27:13Z
2026-06-25T11:25:56Z,2026-06-25T13:25:56+0200,aad9710e-10ca-4c9d-9467-7720556f4b2e,2026-06-05T17:00:00Z,2026-06-05T19:00:00+0200,10336.16254,MW,DE,DE_LU,forecast_solar_generation,Solar,2026-06-25T11:27:13Z
2026-06-25T11:25:56Z,2026-06-25T13:25:56+0200,aad9710e-10ca-4c9d-9467-7720556f4b2e,2026-06-05T17:15:00Z,2026-06-05T19:15:00+0200,8385.99675,MW,DE,DE_LU,forecast_solar_generation,Solar,2026-06-25T11:27:13Z
2026-06-25T11:25:56Z,2026-06-25T13:25:56+0200,aad9710e-10ca-4c9d-9467-7720556f4b2e,2026-06-05T17:30:00Z,2026-06-05T19:30:00+0200,6647.33811,MW,DE,DE_LU,forecast_solar_generation,Solar,2026-06-25T11:27:13Z
2026-06-25T11:25:56Z,2026-06-25T13:25:56+0200,aad9710e-10ca-4c9d-9467-7720556f4b2e,2026-06-05T17:45:00Z,2026-06-05T19:45:00+0200,5129.43306,MW,DE,DE_LU,forecast_solar_generation,Solar,2026-06-25T11:27:13Z
2026-06-25T11:25:56Z,2026-06-25T13:25:56+0200,aad9710e-10ca-4c9d-9467-7720556f4b2e,2026-06-05T18:00:00Z,2026-06-05T20:00:00+0200,3795.23631,MW,DE,DE_LU,forecast_solar_generation,Solar,2026-06-25T11:27:13Z
2026-06-25T11:25:56Z,2026-06-25T13:25:56+0200,aad9710e-10ca-4c9d-9467-7720556f4b2e,2026-06-05T18:15:00Z,2026-06-05T20:15:00+0200,2628.62559,MW,DE,DE_LU,forecast_solar_generation,Solar,2026-06-25T11:27:13Z
2026-06-25T11:25:56Z,2026-06-25T13:25:56+0200,aad9710e-10ca-4c9d-9467-7720556f4b2e,2026-06-05T18:30:00Z,2026-06-05T20:30:00+0200,1653.12437,MW,DE,DE_LU,forecast_solar_generation,Solar,2026-06-25T11:27:13Z
2026-06-25T11:25:56Z,2026-06-25T13:25:56+0200,aad9710e-10ca-4c9d-9467-7720556f4b2e,2026-06-05T18:45:00Z,2026-06-05T20:45:00+0200,902.11737,MW,DE,DE_LU,forecast_solar_generation,Solar,2026-06-25T11:27:13Z
2026-06-25T11:25:56Z,2026-06-25T13:25:56+0200,aad9710e-10ca-4c9d-9467-7720556f4b2e,2026-06-05T19:00:00Z,2026-06-05T21:00:00+0200,380.38555,MW,DE,DE_LU,forecast_solar_generation,Solar,2026-06-25T11:27:13Z
2026-06-25T11:25:56Z,2026-06-25T13:25:56+0200,aad9710e-10ca-4c9d-9467-7720556f4b2e,2026-06-05T19:15:00Z,2026-06-05T21:15:00+0200,120.36697,MW,DE,DE_LU,forecast_solar_generation,Solar,2026-06-25T11:27:13Z
2026-06-25T11:25:56Z,2026-06-25T13:25:56+0200,aad9710e-10ca-4c9d-9467-7720556f4b2e,2026-06-05T19:30:00Z,2026-06-05T21:30:00+0200,41.89459,MW,DE,DE_LU,forecast_solar_generation,Solar,2026-06-25T11:27:13Z
2026-06-25T11:25:56Z,2026-06-25T13:25:56+0200,aad9710e-10ca-4c9d-9467-7720556f4b2e,2026-06-05T19:45:00Z,2026-06-05T21:45:00+0200,20.09985,MW,DE,DE_LU,forecast_solar_generation,Solar,2026-06-25T11:27:13Z
2026-06-25T11:25:56Z,2026-06-25T13:25:56+0200,aad9710e-10ca-4c9d-9467-7720556f4b2e,2026-06-05T20:00:00Z,2026-06-05T22:00:00+0200,0.0,MW,DE,DE_LU,forecast_solar_generation,Solar,2026-06-25T11:27:13Z
2026-06-25T11:25:56Z,2026-06-25T13:25:56+0200,aad9710e-10ca-4c9d-9467-7720556f4b2e,2026-06-05T20:15:00Z,2026-06-05T22:15:00+0200,0.0,MW,DE,DE_LU,forecast_solar_generation,Solar,2026-06-25T11:27:13Z
2026-06-25T11:25:56Z,2026-06-25T13:25:56+0200,aad9710e-10ca-4c9d-9467-7720556f4b2e,2026-06-05T20:30:00Z,2026-06-05T22:30:00+0200,0.0,MW,DE,DE_LU,forecast_solar_generation,Solar,2026-06-25T11:27:13Z
2026-06-25T11:25:56Z,2026-06-25T13:25:56+0200,aad9710e-10ca-4c9d-9467-7720556f4b2e,2026-06-05T20:45:00Z,2026-06-05T22:45:00+0200,0.0,MW,DE,DE_LU,forecast_solar_generation,Solar,2026-06-25T11:27:13Z
2026-06-25T11:25:56Z,2026-06-25T13:25:56+0200,aad9710e-10ca-4c9d-9467-7720556f4b2e,2026-06-05T21:00:00Z,2026-06-05T23:00:00+0200,0.0,MW,DE,DE_LU,forecast_solar_generation,Solar,2026-06-25T11:27:13Z
2026-06-25T11:25:56Z,2026-06-25T13:25:56+0200,aad9710e-10ca-4c9d-9467-7720556f4b2e,2026-06-05T21:15:00Z,2026-06-05T23:15:00+0200,0.0,MW,DE,DE_LU,forecast_solar_generation,Solar,2026-06-25T11:27:13Z
2026-06-25T11:25:56Z,2026-06-25T13:25:56+0200,aad9710e-10ca-4c9d-9467-7720556f4b2e,2026-06-05T21:30:00Z,2026-06-05T23:30:00+0200,0.0,MW,DE,DE_LU,forecast_solar_generation,Solar,2026-06-25T11:27:13Z
2026-06-25T11:25:56Z,2026-06-25T13:25:56+0200,aad9710e-10ca-4c9d-9467-7720556f4b2e,2026-06-05T21:45:00Z,2026-06-05T23:45:00+0200,0.0,MW,DE,DE_LU,forecast_solar_generation,Solar,2026-06-25T11:27:13Z
2026-06-25T11:25:56Z,2026-06-25T13:25:56+0200,aad9710e-10ca-4c9d-9467-7720556f4b2e,2026-06-05T22:00:00Z,2026-06-06T00:00:00+0200,0.0,MW,DE,DE_LU,forecast_solar_generation,Solar,2026-06-25T11:27:13Z
2026-06-25T11:25:56Z,2026-06-25T13:25:56+0200,aad9710e-10ca-4c9d-9467-7720556f4b2e,2026-06-05T22:15:00Z,2026-06-06T00:15:00+0200,0.0,MW,DE,DE_LU,forecast_solar_generation,Solar,2026-06-25T11:27:13Z
2026-06-25T11:25:56Z,2026-06-25T13:25:56+0200,aad9710e-10ca-4c9d-9467-7720556f4b2e,2026-06-05T22:30:00Z,2026-06-06T00:30:00+0200,0.0,MW,DE,DE_LU,forecast_solar_generation,Solar,2026-06-25T11:27:13Z
2026-06-25T11:25:56Z,2026-06-25T13:25:56+0200,aad9710e-10ca-4c9d-9467-7720556f4b2e,2026-06-05T22:45:00Z,2026-06-06T00:45:00+0200,0.0,MW,DE,DE_LU,forecast_solar_generation,Solar,2026-06-25T11:27:13Z
2026-06-25T11:25:56Z,2026-06-25T13:25:56+0200,aad9710e-10ca-4c9d-9467-7720556f4b2e,2026-06-05T23:00:00Z,2026-06-06T01:00:00+0200,0.0,MW,DE,DE_LU,forecast_solar_generation,Solar,2026-06-25T11:27:13Z
2026-06-25T11:25:56Z,2026-06-25T13:25:56+0200,aad9710e-10ca-4c9d-9467-7720556f4b2e,2026-06-05T23:15:00Z,2026-06-06T01:15:00+0200,0.0,MW,DE,DE_LU,forecast_solar_generation,Solar,2026-06-25T11:27:13Z
2026-06-25T11:25:56Z,2026-06-25T13:25:56+0200,aad9710e-10ca-4c9d-9467-7720556f4b2e,2026-06-05T23:30:00Z,2026-06-06T01:30:00+0200,0.0,MW,DE,DE_LU,forecast_solar_generation,Solar,2026-06-25T11:27:13Z
2026-06-25T11:25:56Z,2026-06-25T13:25:56+0200,aad9710e-10ca-4c9d-9467-7720556f4b2e,2026-06-05T23:45:00Z,2026-06-06T01:45:00+0200,0.0,MW,DE,DE_LU,forecast_solar_generation,Solar,2026-06-25T11:27:13Z
2026-06-25T11:25:56Z,2026-06-25T13:25:56+0200,aad9710e-10ca-4c9d-9467-7720556f4b2e,2026-06-06T00:00:00Z,2026-06-06T02:00:00+0200,0.0,MW,DE,DE_LU,forecast_solar_generation,Solar,2026-06-25T11:27:13Z
2026-06-25T11:25:56Z,2026-06-25T13:25:56+0200,aad9710e-10ca-4c9d-9467-7720556f4b2e,2026-06-06T00:15:00Z,2026-06-06T02:15:00+0200,0.0,MW,DE,DE_LU,forecast_solar_generation,Solar,2026-06-25T11:27:13Z
2026-06-25T11:25:56Z,2026-06-25T13:25:56+0200,aad9710e-10ca-4c9d-9467-7720556f4b2e,2026-06-06T00:30:00Z,2026-06-06T02:30:00+0200,0.0,MW,DE,DE_LU,forecast_solar_generation,Solar,2026-06-25T11:27:13Z
2026-06-25T11:25:56Z,2026-06-25T13:25:56+0200,aad9710e-10ca-4c9d-9467-7720556f4b2e,2026-06-06T00:45:00Z,2026-06-06T02:45:00+0200,0.0,MW,DE,DE_LU,forecast_solar_generation,Solar,2026-06-25T11:27:13Z
2026-06-25T11:25:56Z,2026-06-25T13:25:56+0200,aad9710e-10ca-4c9d-9467-7720556f4b2e,2026-06-06T01:00:00Z,2026-06-06T03:00:00+0200,0.0,MW,DE,DE_LU,forecast_solar_generation,Solar,2026-06-25T11:27:13Z
2026-06-25T11:25:56Z,2026-06-25T13:25:56+0200,aad9710e-10ca-4c9d-9467-7720556f4b2e,2026-06-06T01:15:00Z,2026-06-06T03:15:00+0200,0.0,MW,DE,DE_LU,forecast_solar_generation,Solar,2026-06-25T11:27:13Z
2026-06-25T11:25:56Z,2026-06-25T13:25:56+0200,aad9710e-10ca-4c9d-9467-7720556f4b2e,2026-06-06T01:30:00Z,2026-06-06T03:30:00+0200,0.0,MW,DE,DE_LU,forecast_solar_generation,Solar,2026-06-25T11:27:13Z
2026-06-25T11:25:56Z,2026-06-25T13:25:56+0200,aad9710e-10ca-4c9d-9467-7720556f4b2e,2026-06-06T01:45:00Z,2026-06-06T03:45:00+0200,0.0,MW,DE,DE_LU,forecast_solar_generation,Solar,2026-06-25T11:27:13Z
2026-06-25T11:25:56Z,2026-06-25T13:25:56+0200,aad9710e-10ca-4c9d-9467-7720556f4b2e,2026-06-06T02:00:00Z,2026-06-06T04:00:00+0200,0.0,MW,DE,DE_LU,forecast_solar_generation,Solar,2026-06-25T11:27:13Z
2026-06-25T11:25:56Z,2026-06-25T13:25:56+0200,aad9710e-10ca-4c9d-9467-7720556f4b2e,2026-06-06T02:15:00Z,2026-06-06T04:15:00+0200,0.0,MW,DE,DE_LU,forecast_solar_generation,Solar,2026-06-25T11:27:13Z
2026-06-25T11:25:56Z,2026-06-25T13:25:56+0200,aad9710e-10ca-4c9d-9467-7720556f4b2e,2026-06-06T02:30:00Z,2026-06-06T04:30:00+0200,0.1,MW,DE,DE_LU,forecast_solar_generation,Solar,2026-06-25T11:27:13Z
2026-06-25T11:25:56Z,2026-06-25T13:25:56+0200,aad9710e-10ca-4c9d-9467-7720556f4b2e,2026-06-06T02:45:00Z,2026-06-06T04:45:00+0200,25.09851,MW,DE,DE_LU,forecast_solar_generation,Solar,2026-06-25T11:27:13Z
2026-06-25T11:25:56Z,2026-06-25T13:25:56+0200,aad9710e-10ca-4c9d-9467-7720556f4b2e,2026-06-06T03:00:00Z,2026-06-06T05:00:00+0200,134.12516,MW,DE,DE_LU,forecast_solar_generation,Solar,2026-06-25T11:27:13Z
2026-06-25T11:25:56Z,2026-06-25T13:25:56+0200,aad9710e-10ca-4c9d-9467-7720556f4b2e,2026-06-06T03:15:00Z,2026-06-06T05:15:00+0200,433.24369,MW,DE,DE_LU,forecast_solar_generation,Solar,2026-06-25T11:27:13Z
2026-06-25T11:25:56Z,2026-06-25T13:25:56+0200,aad9710e-10ca-4c9d-9467-7720556f4b2e,2026-06-06T03:30:00Z,2026-06-06T05:30:00+0200,933.42315,MW,DE,DE_LU,forecast_solar_generation,Solar,2026-06-25T11:27:13Z
2026-06-25T11:25:56Z,2026-06-25T13:25:56+0200,aad9710e-10ca-4c9d-9467-7720556f4b2e,2026-06-06T03:45:00Z,2026-06-06T05:45:00+0200,1657.59394,MW,DE,DE_LU,forecast_solar_generation,Solar,2026-06-25T11:27:13Z
2026-06-25T11:25:56Z,2026-06-25T13:25:56+0200,aad9710e-10ca-4c9d-9467-7720556f4b2e,2026-06-06T04:00:00Z,2026-06-06T06:00:00+0200,2619.47474,MW,DE,DE_LU,forecast_solar_generation,Solar,2026-06-25T11:27:13Z
2026-06-25T11:25:56Z,2026-06-25T13:25:56+0200,aad9710e-10ca-4c9d-9467-7720556f4b2e,2026-06-06T04:15:00Z,2026-06-06T06:15:00+0200,3797.45125,MW,DE,DE_LU,forecast_solar_generation,Solar,2026-06-25T11:27:13Z
2026-06-25T11:25:56Z,2026-06-25T13:25:56+0200,aad9710e-10ca-4c9d-9467-7720556f4b2e,2026-06-06T04:30:00Z,2026-06-06T06:30:00+0200,5181.59451,MW,DE,DE_LU,forecast_solar_generation,Solar,2026-06-25T11:27:13Z
2026-06-25T11:25:56Z,2026-06-25T13:25:56+0200,aad9710e-10ca-4c9d-9467-7720556f4b2e,2026-06-06T04:45:00Z,2026-06-06T06:45:00+0200,6805.5799,MW,DE,DE_LU,forecast_solar_generation,Solar,2026-06-25T11:27:13Z
2026-06-25T11:25:56Z,2026-06-25T13:25:56+0200,aad9710e-10ca-4c9d-9467-7720556f4b2e,2026-06-06T05:00:00Z,2026-06-06T07:00:00+0200,8712.05581,MW,DE,DE_LU,forecast_solar_generation,Solar,2026-06-25T11:27:13Z
2026-06-25T11:25:56Z,2026-06-25T13:25:56+0200,aad9710e-10ca-4c9d-9467-7720556f4b2e,2026-06-06T05:15:00Z,2026-06-06T07:15:00+0200,10914.03019,MW,DE,DE_LU,forecast_solar_generation,Solar,2026-06-25T11:27:13Z
2026-06-25T11:25:56Z,2026-06-25T13:25:56+0200,aad9710e-10ca-4c9d-9467-7720556f4b2e,2026-06-06T05:30:00Z,2026-06-06T07:30:00+0200,13321.27443,MW,DE,DE_LU,forecast_solar_generation,Solar,2026-06-25T11:27:13Z
2026-06-25T11:25:56Z,2026-06-25T13:25:56+0200,aad9710e-10ca-4c9d-9467-7720556f4b2e,2026-06-06T05:45:00Z,2026-06-06T07:45:00+0200,15832.39433,MW,DE,DE_LU,forecast_solar_generation,Solar,2026-06-25T11:27:13Z
2026-06-25T11:25:56Z,2026-06-25T13:25:56+0200,aad9710e-10ca-4c9d-9467-7720556f4b2e,2026-06-06T06:00:00Z,2026-06-06T08:00:00+0200,18378.18348,MW,DE,DE_LU,forecast_solar_generation,Solar,2026-06-25T11:27:13Z
2026-06-25T11:25:56Z,2026-06-25T13:25:56+0200,aad9710e-10ca-4c9d-9467-7720556f4b2e,2026-06-06T06:15:00Z,2026-06-06T08:15:00+0200,20899.47728,MW,DE,DE_LU,forecast_solar_generation,Solar,2026-06-25T11:27:13Z
2026-06-25T11:25:56Z,2026-06-25T13:25:56+0200,aad9710e-10ca-4c9d-9467-7720556f4b2e,2026-06-06T06:30:00Z,2026-06-06T08:30:00+0200,23335.21059,MW,DE,DE_LU,forecast_solar_generation,Solar,2026-06-25T11:27:13Z
2026-06-25T11:25:56Z,2026-06-25T13:25:56+0200,aad9710e-10ca-4c9d-9467-7720556f4b2e,2026-06-06T06:45:00Z,2026-06-06T08:45:00+0200,25622.86652,MW,DE,DE_LU,forecast_solar_generation,Solar,2026-06-25T11:27:13Z
2026-06-25T11:25:56Z,2026-06-25T13:25:56+0200,aad9710e-10ca-4c9d-9467-7720556f4b2e,2026-06-06T07:00:00Z,2026-06-06T09:00:00+0200,27746.12404,MW,DE,DE_LU,forecast_solar_generation,Solar,2026-06-25T11:27:13Z
2026-06-25T11:25:56Z,2026-06-25T13:25:56+0200,aad9710e-10ca-4c9d-9467-7720556f4b2e,2026-06-06T07:15:00Z,2026-06-06T09:15:00+0200,29701.56918,MW,DE,DE_LU,forecast_solar_generation,Solar,2026-06-25T11:27:13Z
2026-06-25T11:25:56Z,2026-06-25T13:25:56+0200,aad9710e-10ca-4c9d-9467-7720556f4b2e,2026-06-06T07:30:00Z,2026-06-06T09:30:00+0200,31456.97053,MW,DE,DE_LU,forecast_solar_generation,Solar,2026-06-25T11:27:13Z
2026-06-25T11:25:56Z,2026-06-25T13:25:56+0200,aad9710e-10ca-4c9d-9467-7720556f4b2e,2026-06-06T07:45:00Z,2026-06-06T09:45:00+0200,32959.39834,MW,DE,DE_LU,forecast_solar_generation,Solar,2026-06-25T11:27:13Z
2026-06-25T11:25:56Z,2026-06-25T13:25:56+0200,aad9710e-10ca-4c9d-9467-7720556f4b2e,2026-06-06T08:00:00Z,2026-06-06T10:00:00+0200,34237.10558,MW,DE,DE_LU,forecast_solar_generation,Solar,2026-06-25T11:27:13Z
2026-06-25T11:25:56Z,2026-06-25T13:25:56+0200,aad9710e-10ca-4c9d-9467-7720556f4b2e,2026-06-06T08:15:00Z,2026-06-06T10:15:00+0200,35311.82092,MW,DE,DE_LU,forecast_solar_generation,Solar,2026-06-25T11:27:13Z
2026-06-25T11:25:56Z,2026-06-25T13:25:56+0200,aad9710e-10ca-4c9d-9467-7720556f4b2e,2026-06-06T08:30:00Z,2026-06-06T10:30:00+0200,36188.48865,MW,DE,DE_LU,forecast_solar_generation,Solar,2026-06-25T11:27:13Z
2026-06-25T11:25:56Z,2026-06-25T13:25:56+0200,aad9710e-10ca-4c9d-9467-7720556f4b2e,2026-06-06T08:45:00Z,2026-06-06T10:45:00+0200,36915.82781,MW,DE,DE_LU,forecast_solar_generation,Solar,2026-06-25T11:27:13Z
2026-06-25T11:25:56Z,2026-06-25T13:25:56+0200,aad9710e-10ca-4c9d-9467-7720556f4b2e,2026-06-06T09:00:00Z,2026-06-06T11:00:00+0200,37476.63835,MW,DE,DE_LU,forecast_solar_generation,Solar,2026-06-25T11:27:13Z
2026-06-25T11:25:56Z,2026-06-25T13:25:56+0200,aad9710e-10ca-4c9d-9467-7720556f4b2e,2026-06-06T09:15:00Z,2026-06-06T11:15:00+0200,37896.60539,MW,DE,DE_LU,forecast_solar_generation,Solar,2026-06-25T11:27:13Z
2026-06-25T11:25:56Z,2026-06-25T13:25:56+0200,aad9710e-10ca-4c9d-9467-7720556f4b2e,2026-06-06T09:30:00Z,2026-06-06T11:30:00+0200,38219.57013,MW,DE,DE_LU,forecast_solar_generation,Solar,2026-06-25T11:27:13Z
2026-06-25T11:25:56Z,2026-06-25T13:25:56+0200,aad9710e-10ca-4c9d-9467-7720556f4b2e,2026-06-06T09:45:00Z,2026-06-06T11:45:00+0200,38467.99178,MW,DE,DE_LU,forecast_solar_generation,Solar,2026-06-25T11:27:13Z
2026-06-25T11:25:56Z,2026-06-25T13:25:56+0200,aad9710e-10ca-4c9d-9467-7720556f4b2e,2026-06-06T10:00:00Z,2026-06-06T12:00:00+0200,38583.29096,MW,DE,DE_LU,forecast_solar_generation,Solar,2026-06-25T11:27:13Z
2026-06-25T11:25:56Z,2026-06-25T13:25:56+0200,aad9710e-10ca-4c9d-9467-7720556f4b2e,2026-06-06T10:15:00Z,2026-06-06T12:15:00+0200,38526.60346,MW,DE,DE_LU,forecast_solar_generation,Solar,2026-06-25T11:27:13Z
2026-06-25T11:25:56Z,2026-06-25T13:25:56+0200,aad9710e-10ca-4c9d-9467-7720556f4b2e,2026-06-06T10:30:00Z,2026-06-06T12:30:00+0200,38425.85246,MW,DE,DE_LU,forecast_solar_generation,Solar,2026-06-25T11:27:13Z
2026-06-25T11:25:56Z,2026-06-25T13:25:56+0200,aad9710e-10ca-4c9d-9467-7720556f4b2e,2026-06-06T10:45:00Z,2026-06-06T12:45:00+0200,38231.69213,MW,DE,DE_LU,forecast_solar_generation,Solar,2026-06-25T11:27:13Z
2026-06-25T11:25:56Z,2026-06-25T13:25:56+0200,aad9710e-10ca-4c9d-9467-7720556f4b2e,2026-06-06T11:00:00Z,2026-06-06T13:00:00+0200,37935.98678,MW,DE,DE_LU,forecast_solar_generation,Solar,2026-06-25T11:27:13Z
2026-06-25T11:25:56Z,2026-06-25T13:25:56+0200,aad9710e-10ca-4c9d-9467-7720556f4b2e,2026-06-06T11:15:00Z,2026-06-06T13:15:00+0200,37515.28169,MW,DE,DE_LU,forecast_solar_generation,Solar,2026-06-25T11:27:13Z
2026-06-25T11:25:56Z,2026-06-25T13:25:56+0200,aad9710e-10ca-4c9d-9467-7720556f4b2e,2026-06-06T11:30:00Z,2026-06-06T13:30:00+0200,37027.09558,MW,DE,DE_LU,forecast_solar_generation,Solar,2026-06-25T11:27:13Z
2026-06-25T11:25:56Z,2026-06-25T13:25:56+0200,aad9710e-10ca-4c9d-9467-7720556f4b2e,2026-06-06T11:45:00Z,2026-06-06T13:45:00+0200,36487.55455,MW,DE,DE_LU,forecast_solar_generation,Solar,2026-06-25T11:27:13Z
2026-06-25T11:25:56Z,2026-06-25T13:25:56+0200,aad9710e-10ca-4c9d-9467-7720556f4b2e,2026-06-06T12:00:00Z,2026-06-06T14:00:00+0200,35927.31623,MW,DE,DE_LU,forecast_solar_generation,Solar,2026-06-25T11:27:13Z
2026-06-25T11:25:56Z,2026-06-25T13:25:56+0200,aad9710e-10ca-4c9d-9467-7720556f4b2e,2026-06-06T12:15:00Z,2026-06-06T14:15:00+0200,35260.67564,MW,DE,DE_LU,forecast_solar_generation,Solar,2026-06-25T11:27:13Z
2026-06-25T11:25:56Z,2026-06-25T13:25:56+0200,aad9710e-10ca-4c9d-9467-7720556f4b2e,2026-06-06T12:30:00Z,2026-06-06T14:30:00+0200,34589.74273,MW,DE,DE_LU,forecast_solar_generation,Solar,2026-06-25T11:27:13Z
2026-06-25T11:25:56Z,2026-06-25T13:25:56+0200,aad9710e-10ca-4c9d-9467-7720556f4b2e,2026-06-06T12:45:00Z,2026-06-06T14:45:00+0200,33653.69441,MW,DE,DE_LU,forecast_solar_generation,Solar,2026-06-25T11:27:13Z
2026-06-25T11:25:56Z,2026-06-25T13:25:56+0200,aad9710e-10ca-4c9d-9467-7720556f4b2e,2026-06-06T13:00:00Z,2026-06-06T15:00:00+0200,32607.93259,MW,DE,DE_LU,forecast_solar_generation,Solar,2026-06-25T11:27:13Z
2026-06-25T11:25:56Z,2026-06-25T13:25:56+0200,aad9710e-10ca-4c9d-9467-7720556f4b2e,2026-06-06T13:15:00Z,2026-06-06T15:15:00+0200,31569.80306,MW,DE,DE_LU,forecast_solar_generation,Solar,2026-06-25T11:27:13Z
2026-06-25T11:25:56Z,2026-06-25T13:25:56+0200,aad9710e-10ca-4c9d-9467-7720556f4b2e,2026-06-06T13:30:00Z,2026-06-06T15:30:00+0200,30475.44751,MW,DE,DE_LU,forecast_solar_generation,Solar,2026-06-25T11:27:13Z
2026-06-25T11:25:56Z,2026-06-25T13:25:56+0200,aad9710e-10ca-4c9d-9467-7720556f4b2e,2026-06-06T13:45:00Z,2026-06-06T15:45:00+0200,29290.21241,MW,DE,DE_LU,forecast_solar_generation,Solar,2026-06-25T11:27:13Z
2026-06-25T11:25:56Z,2026-06-25T13:25:56+0200,aad9710e-10ca-4c9d-9467-7720556f4b2e,2026-06-06T14:00:00Z,2026-06-06T16:00:00+0200,27958.69289,MW,DE,DE_LU,forecast_solar_generation,Solar,2026-06-25T11:27:13Z
2026-06-25T11:25:56Z,2026-06-25T13:25:56+0200,aad9710e-10ca-4c9d-9467-7720556f4b2e,2026-06-06T14:15:00Z,2026-06-06T16:15:00+0200,26596.55168,MW,DE,DE_LU,forecast_solar_generation,Solar,2026-06-25T11:27:13Z
2026-06-25T11:25:56Z,2026-06-25T13:25:56+0200,aad9710e-10ca-4c9d-9467-7720556f4b2e,2026-06-06T14:30:00Z,2026-06-06T16:30:00+0200,25159.06986,MW,DE,DE_LU,forecast_solar_generation,Solar,2026-06-25T11:27:13Z
2026-06-25T11:25:56Z,2026-06-25T13:25:56+0200,aad9710e-10ca-4c9d-9467-7720556f4b2e,2026-06-06T14:45:00Z,2026-06-06T16:45:00+0200,23573.38659,MW,DE,DE_LU,forecast_solar_generation,Solar,2026-06-25T11:27:13Z
2026-06-25T11:25:56Z,2026-06-25T13:25:56+0200,aad9710e-10ca-4c9d-9467-7720556f4b2e,2026-06-06T15:00:00Z,2026-06-06T17:00:00+0200,21882.21566,MW,DE,DE_LU,forecast_solar_generation,Solar,2026-06-25T11:27:13Z
2026-06-25T11:25:56Z,2026-06-25T13:25:56+0200,aad9710e-10ca-4c9d-9467-7720556f4b2e,2026-06-06T15:15:00Z,2026-06-06T17:15:00+0200,20154.71383,MW,DE,DE_LU,forecast_solar_generation,Solar,2026-06-25T11:27:13Z
2026-06-25T11:25:56Z,2026-06-25T13:25:56+0200,aad9710e-10ca-4c9d-9467-7720556f4b2e,2026-06-06T15:30:00Z,2026-06-06T17:30:00+0200,18367.99455,MW,DE,DE_LU,forecast_solar_generation,Solar,2026-06-25T11:27:13Z
2026-06-25T11:25:56Z,2026-06-25T13:25:56+0200,aad9710e-10ca-4c9d-9467-7720556f4b2e,2026-06-06T15:45:00Z,2026-06-06T17:45:00+0200,16569.99049,MW,DE,DE_LU,forecast_solar_generation,Solar,2026-06-25T11:27:13Z
2026-06-25T11:25:56Z,2026-06-25T13:25:56+0200,aad9710e-10ca-4c9d-9467-7720556f4b2e,2026-06-06T16:00:00Z,2026-06-06T18:00:00+0200,14791.99264,MW,DE,DE_LU,forecast_solar_generation,Solar,2026-06-25T11:27:13Z
2026-06-25T11:25:56Z,2026-06-25T13:25:56+0200,aad9710e-10ca-4c9d-9467-7720556f4b2e,2026-06-06T16:15:00Z,2026-06-06T18:15:00+0200,13055.2403,MW,DE,DE_LU,forecast_solar_generation,Solar,2026-06-25T11:27:13Z
2026-06-25T11:25:56Z,2026-06-25T13:25:56+0200,aad9710e-10ca-4c9d-9467-7720556f4b2e,2026-06-06T16:30:00Z,2026-06-06T18:30:00+0200,11346.49309,MW,DE,DE_LU,forecast_solar_generation,Solar,2026-06-25T11:27:13Z
2026-06-25T11:25:56Z,2026-06-25T13:25:56+0200,aad9710e-10ca-4c9d-9467-7720556f4b2e,2026-06-06T16:45:00Z,2026-06-06T18:45:00+0200,9701.99098,MW,DE,DE_LU,forecast_solar_generation,Solar,2026-06-25T11:27:13Z
2026-06-25T11:25:56Z,2026-06-25T13:25:56+0200,aad9710e-10ca-4c9d-9467-7720556f4b2e,2026-06-06T17:00:00Z,2026-06-06T19:00:00+0200,8123.3845,MW,DE,DE_LU,forecast_solar_generation,Solar,2026-06-25T11:27:13Z
2026-06-25T11:25:56Z,2026-06-25T13:25:56+0200,aad9710e-10ca-4c9d-9467-7720556f4b2e,2026-06-06T17:15:00Z,2026-06-06T19:15:00+0200,6620.91068,MW,DE,DE_LU,forecast_solar_generation,Solar,2026-06-25T11:27:13Z
2026-06-25T11:25:56Z,2026-06-25T13:25:56+0200,aad9710e-10ca-4c9d-9467-7720556f4b2e,2026-06-06T17:30:00Z,2026-06-06T19:30:00+0200,5240.51032,MW,DE,DE_LU,forecast_solar_generation,Solar,2026-06-25T11:27:13Z
2026-06-25T11:25:56Z,2026-06-25T13:25:56+0200,aad9710e-10ca-4c9d-9467-7720556f4b2e,2026-06-06T17:45:00Z,2026-06-06T19:45:00+0200,4010.82899,MW,DE,DE_LU,forecast_solar_generation,Solar,2026-06-25T11:27:13Z
2026-06-25T11:25:56Z,2026-06-25T13:25:56+0200,aad9710e-10ca-4c9d-9467-7720556f4b2e,2026-06-06T18:00:00Z,2026-06-06T20:00:00+0200,2917.16709,MW,DE,DE_LU,forecast_solar_generation,Solar,2026-06-25T11:27:13Z
2026-06-25T11:25:56Z,2026-06-25T13:25:56+0200,aad9710e-10ca-4c9d-9467-7720556f4b2e,2026-06-06T18:15:00Z,2026-06-06T20:15:00+0200,1976.13213,MW,DE,DE_LU,forecast_solar_generation,Solar,2026-06-25T11:27:13Z
2026-06-25T11:25:56Z,2026-06-25T13:25:56+0200,aad9710e-10ca-4c9d-9467-7720556f4b2e,2026-06-06T18:30:00Z,2026-06-06T20:30:00+0200,1226.8591,MW,DE,DE_LU,forecast_solar_generation,Solar,2026-06-25T11:27:13Z
2026-06-25T11:25:56Z,2026-06-25T13:25:56+0200,aad9710e-10ca-4c9d-9467-7720556f4b2e,2026-06-06T18:45:00Z,2026-06-06T20:45:00+0200,665.67009,MW,DE,DE_LU,forecast_solar_generation,Solar,2026-06-25T11:27:13Z
2026-06-25T11:25:56Z,2026-06-25T13:25:56+0200,aad9710e-10ca-4c9d-9467-7720556f4b2e,2026-06-06T19:00:00Z,2026-06-06T21:00:00+0200,288.60652,MW,DE,DE_LU,forecast_solar_generation,Solar,2026-06-25T11:27:13Z
2026-06-25T11:25:56Z,2026-06-25T13:25:56+0200,aad9710e-10ca-4c9d-9467-7720556f4b2e,2026-06-06T19:15:00Z,2026-06-06T21:15:00+0200,98.17517,MW,DE,DE_LU,forecast_solar_generation,Solar,2026-06-25T11:27:13Z
2026-06-25T11:25:56Z,2026-06-25T13:25:56+0200,aad9710e-10ca-4c9d-9467-7720556f4b2e,2026-06-06T19:30:00Z,2026-06-06T21:30:00+0200,33.52869,MW,DE,DE_LU,forecast_solar_generation,Solar,2026-06-25T11:27:13Z
2026-06-25T11:25:56Z,2026-06-25T13:25:56+0200,aad9710e-10ca-4c9d-9467-7720556f4b2e,2026-06-06T19:45:00Z,2026-06-06T21:45:00+0200,16.31052,MW,DE,DE_LU,forecast_solar_generation,Solar,2026-06-25T11:27:13Z
2026-06-25T11:25:56Z,2026-06-25T13:25:56+0200,aad9710e-10ca-4c9d-9467-7720556f4b2e,2026-06-06T20:00:00Z,2026-06-06T22:00:00+0200,0.838,MW,DE,DE_LU,forecast_solar_generation,Solar,2026-06-25T11:27:13Z
2026-06-25T11:25:56Z,2026-06-25T13:25:56+0200,aad9710e-10ca-4c9d-9467-7720556f4b2e,2026-06-06T20:15:00Z,2026-06-06T22:15:00+0200,0.0,MW,DE,DE_LU,forecast_solar_generation,Solar,2026-06-25T11:27:13Z
2026-06-25T11:25:56Z,2026-06-25T13:25:56+0200,aad9710e-10ca-4c9d-9467-7720556f4b2e,2026-06-06T20:30:00Z,2026-06-06T22:30:00+0200,0.0,MW,DE,DE_LU,forecast_solar_generation,Solar,2026-06-25T11:27:13Z
2026-06-25T11:25:56Z,2026-06-25T13:25:56+0200,aad9710e-10ca-4c9d-9467-7720556f4b2e,2026-06-06T20:45:00Z,2026-06-06T22:45:00+0200,0.0,MW,DE,DE_LU,forecast_solar_generation,Solar,2026-06-25T11:27:13Z
2026-06-25T11:25:56Z,2026-06-25T13:25:56+0200,aad9710e-10ca-4c9d-9467-7720556f4b2e,2026-06-06T21:00:00Z,2026-06-06T23:00:00+0200,0.0,MW,DE,DE_LU,forecast_solar_generation,Solar,2026-06-25T11:27:13Z
2026-06-25T11:25:56Z,2026-06-25T13:25:56+0200,aad9710e-10ca-4c9d-9467-7720556f4b2e,2026-06-06T21:15:00Z,2026-06-06T23:15:00+0200,0.0,MW,DE,DE_LU,forecast_solar_generation,Solar,2026-06-25T11:27:13Z
2026-06-25T11:25:56Z,2026-06-25T13:25:56+0200,aad9710e-10ca-4c9d-9467-7720556f4b2e,2026-06-06T21:30:00Z,2026-06-06T23:30:00+0200,0.0,MW,DE,DE_LU,forecast_solar_generation,Solar,2026-06-25T11:27:13Z
2026-06-25T11:25:56Z,2026-06-25T13:25:56+0200,aad9710e-10ca-4c9d-9467-7720556f4b2e,2026-06-06T21:45:00Z,2026-06-06T23:45:00+0200,0.0,MW,DE,DE_LU,forecast_solar_generation,Solar,2026-06-25T11:27:13Z
2026-06-25T11:25:56Z,2026-06-25T13:25:56+0200,aad9710e-10ca-4c9d-9467-7720556f4b2e,2026-06-06T22:00:00Z,2026-06-07T00:00:00+0200,0.0,MW,DE,DE_LU,forecast_solar_generation,Solar,2026-06-25T11:27:13Z
2026-06-25T11:25:56Z,2026-06-25T13:25:56+0200,aad9710e-10ca-4c9d-9467-7720556f4b2e,2026-06-06T22:15:00Z,2026-06-07T00:15:00+0200,0.0,MW,DE,DE_LU,forecast_solar_generation,Solar,2026-06-25T11:27:13Z
2026-06-25T11:25:56Z,2026-06-25T13:25:56+0200,aad9710e-10ca-4c9d-9467-7720556f4b2e,2026-06-06T22:30:00Z,2026-06-07T00:30:00+0200,0.0,MW,DE,DE_LU,forecast_solar_generation,Solar,2026-06-25T11:27:13Z
2026-06-25T11:25:56Z,2026-06-25T13:25:56+0200,aad9710e-10ca-4c9d-9467-7720556f4b2e,2026-06-06T22:45:00Z,2026-06-07T00:45:00+0200,0.0,MW,DE,DE_LU,forecast_solar_generation,Solar,2026-06-25T11:27:13Z
2026-06-25T11:25:56Z,2026-06-25T13:25:56+0200,aad9710e-10ca-4c9d-9467-7720556f4b2e,2026-06-06T23:00:00Z,2026-06-07T01:00:00+0200,0.0,MW,DE,DE_LU,forecast_solar_generation,Solar,2026-06-25T11:27:13Z
2026-06-25T11:25:56Z,2026-06-25T13:25:56+0200,aad9710e-10ca-4c9d-9467-7720556f4b2e,2026-06-06T23:15:00Z,2026-06-07T01:15:00+0200,0.0,MW,DE,DE_LU,forecast_solar_generation,Solar,2026-06-25T11:27:13Z
2026-06-25T11:25:56Z,2026-06-25T13:25:56+0200,aad9710e-10ca-4c9d-9467-7720556f4b2e,2026-06-06T23:30:00Z,2026-06-07T01:30:00+0200,0.0,MW,DE,DE_LU,forecast_solar_generation,Solar,2026-06-25T11:27:13Z
2026-06-25T11:25:56Z,2026-06-25T13:25:56+0200,aad9710e-10ca-4c9d-9467-7720556f4b2e,2026-06-06T23:45:00Z,2026-06-07T01:45:00+0200,0.0,MW,DE,DE_LU,forecast_solar_generation,Solar,2026-06-25T11:27:13Z
2026-06-25T11:25:56Z,2026-06-25T13:25:56+0200,aad9710e-10ca-4c9d-9467-7720556f4b2e,2026-06-07T00:00:00Z,2026-06-07T02:00:00+0200,0.0,MW,DE,DE_LU,forecast_solar_generation,Solar,2026-06-25T11:27:13Z
2026-06-25T11:25:56Z,2026-06-25T13:25:56+0200,aad9710e-10ca-4c9d-9467-7720556f4b2e,2026-06-07T00:15:00Z,2026-06-07T02:15:00+0200,0.0,MW,DE,DE_LU,forecast_solar_generation,Solar,2026-06-25T11:27:13Z
2026-06-25T11:25:56Z,2026-06-25T13:25:56+0200,aad9710e-10ca-4c9d-9467-7720556f4b2e,2026-06-07T00:30:00Z,2026-06-07T02:30:00+0200,0.0,MW,DE,DE_LU,forecast_solar_generation,Solar,2026-06-25T11:27:13Z
2026-06-25T11:25:56Z,2026-06-25T13:25:56+0200,aad9710e-10ca-4c9d-9467-7720556f4b2e,2026-06-07T00:45:00Z,2026-06-07T02:45:00+0200,0.0,MW,DE,DE_LU,forecast_solar_generation,Solar,2026-06-25T11:27:13Z
2026-06-25T11:25:56Z,2026-06-25T13:25:56+0200,aad9710e-10ca-4c9d-9467-7720556f4b2e,2026-06-07T01:00:00Z,2026-06-07T03:00:00+0200,0.0,MW,DE,DE_LU,forecast_solar_generation,Solar,2026-06-25T11:27:13Z
2026-06-25T11:25:56Z,2026-06-25T13:25:56+0200,aad9710e-10ca-4c9d-9467-7720556f4b2e,2026-06-07T01:15:00Z,2026-06-07T03:15:00+0200,0.0,MW,DE,DE_LU,forecast_solar_generation,Solar,2026-06-25T11:27:13Z
2026-06-25T11:25:56Z,2026-06-25T13:25:56+0200,aad9710e-10ca-4c9d-9467-7720556f4b2e,2026-06-07T01:30:00Z,2026-06-07T03:30:00+0200,0.0,MW,DE,DE_LU,forecast_solar_generation,Solar,2026-06-25T11:27:13Z
2026-06-25T11:25:56Z,2026-06-25T13:25:56+0200,aad9710e-10ca-4c9d-9467-7720556f4b2e,2026-06-07T01:45:00Z,2026-06-07T03:45:00+0200,0.0,MW,DE,DE_LU,forecast_solar_generation,Solar,2026-06-25T11:27:13Z
2026-06-25T11:25:56Z,2026-06-25T13:25:56+0200,aad9710e-10ca-4c9d-9467-7720556f4b2e,2026-06-07T02:00:00Z,2026-06-07T04:00:00+0200,0.0,MW,DE,DE_LU,forecast_solar_generation,Solar,2026-06-25T11:27:13Z
2026-06-25T11:25:56Z,2026-06-25T13:25:56+0200,aad9710e-10ca-4c9d-9467-7720556f4b2e,2026-06-07T02:15:00Z,2026-06-07T04:15:00+0200,0.0,MW,DE,DE_LU,forecast_solar_generation,Solar,2026-06-25T11:27:13Z
2026-06-25T11:25:56Z,2026-06-25T13:25:56+0200,aad9710e-10ca-4c9d-9467-7720556f4b2e,2026-06-07T02:30:00Z,2026-06-07T04:30:00+0200,0.08,MW,DE,DE_LU,forecast_solar_generation,Solar,2026-06-25T11:27:13Z
2026-06-25T11:25:56Z,2026-06-25T13:25:56+0200,aad9710e-10ca-4c9d-9467-7720556f4b2e,2026-06-07T02:45:00Z,2026-06-07T04:45:00+0200,14.53125,MW,DE,DE_LU,forecast_solar_generation,Solar,2026-06-25T11:27:13Z
2026-06-25T11:25:56Z,2026-06-25T13:25:56+0200,aad9710e-10ca-4c9d-9467-7720556f4b2e,2026-06-07T03:00:00Z,2026-06-07T05:00:00+0200,94.67494,MW,DE,DE_LU,forecast_solar_generation,Solar,2026-06-25T11:27:13Z
2026-06-25T11:25:56Z,2026-06-25T13:25:56+0200,aad9710e-10ca-4c9d-9467-7720556f4b2e,2026-06-07T03:15:00Z,2026-06-07T05:15:00+0200,316.90908,MW,DE,DE_LU,forecast_solar_generation,Solar,2026-06-25T11:27:13Z
2026-06-25T11:25:56Z,2026-06-25T13:25:56+0200,aad9710e-10ca-4c9d-9467-7720556f4b2e,2026-06-07T03:30:00Z,2026-06-07T05:30:00+0200,722.26684,MW,DE,DE_LU,forecast_solar_generation,Solar,2026-06-25T11:27:13Z
2026-06-25T11:25:56Z,2026-06-25T13:25:56+0200,aad9710e-10ca-4c9d-9467-7720556f4b2e,2026-06-07T03:45:00Z,2026-06-07T05:45:00+0200,1356.74661,MW,DE,DE_LU,forecast_solar_generation,Solar,2026-06-25T11:27:13Z
2026-06-25T11:25:56Z,2026-06-25T13:25:56+0200,aad9710e-10ca-4c9d-9467-7720556f4b2e,2026-06-07T04:00:00Z,2026-06-07T06:00:00+0200,2234.80019,MW,DE,DE_LU,forecast_solar_generation,Solar,2026-06-25T11:27:13Z
2026-06-25T11:25:56Z,2026-06-25T13:25:56+0200,aad9710e-10ca-4c9d-9467-7720556f4b2e,2026-06-07T04:15:00Z,2026-06-07T06:15:00+0200,3315.99925,MW,DE,DE_LU,forecast_solar_generation,Solar,2026-06-25T11:27:13Z
2026-06-25T11:25:56Z,2026-06-25T13:25:56+0200,aad9710e-10ca-4c9d-9467-7720556f4b2e,2026-06-07T04:30:00Z,2026-06-07T06:30:00+0200,4573.31502,MW,DE,DE_LU,forecast_solar_generation,Solar,2026-06-25T11:27:13Z
2026-06-25T11:25:56Z,2026-06-25T13:25:56+0200,aad9710e-10ca-4c9d-9467-7720556f4b2e,2026-06-07T04:45:00Z,2026-06-07T06:45:00+0200,6018.34126,MW,DE,DE_LU,forecast_solar_generation,Solar,2026-06-25T11:27:13Z
2026-06-25T11:25:56Z,2026-06-25T13:25:56+0200,aad9710e-10ca-4c9d-9467-7720556f4b2e,2026-06-07T05:00:00Z,2026-06-07T07:00:00+0200,7699.25981,MW,DE,DE_LU,forecast_solar_generation,Solar,2026-06-25T11:27:13Z
2026-06-25T11:25:56Z,2026-06-25T13:25:56+0200,aad9710e-10ca-4c9d-9467-7720556f4b2e,2026-06-07T05:15:00Z,2026-06-07T07:15:00+0200,9626.68232,MW,DE,DE_LU,forecast_solar_generation,Solar,2026-06-25T11:27:13Z
2026-06-25T11:25:56Z,2026-06-25T13:25:56+0200,aad9710e-10ca-4c9d-9467-7720556f4b2e,2026-06-07T05:30:00Z,2026-06-07T07:30:00+0200,11746.45353,MW,DE,DE_LU,forecast_solar_generation,Solar,2026-06-25T11:27:13Z
2026-06-25T11:25:56Z,2026-06-25T13:25:56+0200,aad9710e-10ca-4c9d-9467-7720556f4b2e,2026-06-07T05:45:00Z,2026-06-07T07:45:00+0200,13983.25066,MW,DE,DE_LU,forecast_solar_generation,Solar,2026-06-25T11:27:13Z
2026-06-25T11:25:56Z,2026-06-25T13:25:56+0200,aad9710e-10ca-4c9d-9467-7720556f4b2e,2026-06-07T06:00:00Z,2026-06-07T08:00:00+0200,16135.74753,MW,DE,DE_LU,forecast_solar_generation,Solar,2026-06-25T11:27:13Z
2026-06-25T11:25:56Z,2026-06-25T13:25:56+0200,aad9710e-10ca-4c9d-9467-7720556f4b2e,2026-06-07T06:15:00Z,2026-06-07T08:15:00+0200,18431.88502,MW,DE,DE_LU,forecast_solar_generation,Solar,2026-06-25T11:27:13Z
2026-06-25T11:25:56Z,2026-06-25T13:25:56+0200,aad9710e-10ca-4c9d-9467-7720556f4b2e,2026-06-07T06:30:00Z,2026-06-07T08:30:00+0200,20636.38948,MW,DE,DE_LU,forecast_solar_generation,Solar,2026-06-25T11:27:13Z
2026-06-25T11:25:56Z,2026-06-25T13:25:56+0200,aad9710e-10ca-4c9d-9467-7720556f4b2e,2026-06-07T06:45:00Z,2026-06-07T08:45:00+0200,22698.61248,MW,DE,DE_LU,forecast_solar_generation,Solar,2026-06-25T11:27:13Z
2026-06-25T11:25:56Z,2026-06-25T13:25:56+0200,aad9710e-10ca-4c9d-9467-7720556f4b2e,2026-06-07T07:00:00Z,2026-06-07T09:00:00+0200,24581.04704,MW,DE,DE_LU,forecast_solar_generation,Solar,2026-06-25T11:27:13Z
2026-06-25T11:25:56Z,2026-06-25T13:25:56+0200,aad9710e-10ca-4c9d-9467-7720556f4b2e,2026-06-07T07:15:00Z,2026-06-07T09:15:00+0200,26307.37827,MW,DE,DE_LU,forecast_solar_generation,Solar,2026-06-25T11:27:13Z
2026-06-25T11:25:56Z,2026-06-25T13:25:56+0200,aad9710e-10ca-4c9d-9467-7720556f4b2e,2026-06-07T07:30:00Z,2026-06-07T09:30:00+0200,27858.59115,MW,DE,DE_LU,forecast_solar_generation,Solar,2026-06-25T11:27:13Z
2026-06-25T11:25:56Z,2026-06-25T13:25:56+0200,aad9710e-10ca-4c9d-9467-7720556f4b2e,2026-06-07T07:45:00Z,2026-06-07T09:45:00+0200,28940.4976,MW,DE,DE_LU,forecast_solar_generation,Solar,2026-06-25T11:27:13Z
2026-06-25T11:25:56Z,2026-06-25T13:25:56+0200,aad9710e-10ca-4c9d-9467-7720556f4b2e,2026-06-07T08:00:00Z,2026-06-07T10:00:00+0200,30010.86621,MW,DE,DE_LU,forecast_solar_generation,Solar,2026-06-25T11:27:13Z
2026-06-25T11:25:56Z,2026-06-25T13:25:56+0200,aad9710e-10ca-4c9d-9467-7720556f4b2e,2026-06-07T08:15:00Z,2026-06-07T10:15:00+0200,31009.96088,MW,DE,DE_LU,forecast_solar_generation,Solar,2026-06-25T11:27:13Z
2026-06-25T11:25:56Z,2026-06-25T13:25:56+0200,aad9710e-10ca-4c9d-9467-7720556f4b2e,2026-06-07T08:30:00Z,2026-06-07T10:30:00+0200,31831.99131,MW,DE,DE_LU,forecast_solar_generation,Solar,2026-06-25T11:27:13Z
2026-06-25T11:25:56Z,2026-06-25T13:25:56+0200,aad9710e-10ca-4c9d-9467-7720556f4b2e,2026-06-07T08:45:00Z,2026-06-07T10:45:00+0200,32549.70174,MW,DE,DE_LU,forecast_solar_generation,Solar,2026-06-25T11:27:13Z
2026-06-25T11:25:56Z,2026-06-25T13:25:56+0200,aad9710e-10ca-4c9d-9467-7720556f4b2e,2026-06-07T09:00:00Z,2026-06-07T11:00:00+0200,33173.77309,MW,DE,DE_LU,forecast_solar_generation,Solar,2026-06-25T11:27:13Z
2026-06-25T11:25:56Z,2026-06-25T13:25:56+0200,aad9710e-10ca-4c9d-9467-7720556f4b2e,2026-06-07T09:15:00Z,2026-06-07T11:15:00+0200,33739.65226,MW,DE,DE_LU,forecast_solar_generation,Solar,2026-06-25T11:27:13Z
2026-06-25T11:25:56Z,2026-06-25T13:25:56+0200,aad9710e-10ca-4c9d-9467-7720556f4b2e,2026-06-07T09:30:00Z,2026-06-07T11:30:00+0200,34214.26787,MW,DE,DE_LU,forecast_solar_generation,Solar,2026-06-25T11:27:13Z
2026-06-25T11:25:56Z,2026-06-25T13:25:56+0200,aad9710e-10ca-4c9d-9467-7720556f4b2e,2026-06-07T09:45:00Z,2026-06-07T11:45:00+0200,34612.35288,MW,DE,DE_LU,forecast_solar_generation,Solar,2026-06-25T11:27:13Z
2026-06-25T11:25:56Z,2026-06-25T13:25:56+0200,aad9710e-10ca-4c9d-9467-7720556f4b2e,2026-06-07T10:00:00Z,2026-06-07T12:00:00+0200,34947.27854,MW,DE,DE_LU,forecast_solar_generation,Solar,2026-06-25T11:27:13Z
2026-06-25T11:25:56Z,2026-06-25T13:25:56+0200,aad9710e-10ca-4c9d-9467-7720556f4b2e,2026-06-07T10:15:00Z,2026-06-07T12:15:00+0200,35173.06589,MW,DE,DE_LU,forecast_solar_generation,Solar,2026-06-25T11:27:13Z
2026-06-25T11:25:56Z,2026-06-25T13:25:56+0200,aad9710e-10ca-4c9d-9467-7720556f4b2e,2026-06-07T10:30:00Z,2026-06-07T12:30:00+0200,35442.05244,MW,DE,DE_LU,forecast_solar_generation,Solar,2026-06-25T11:27:13Z
2026-06-25T11:25:56Z,2026-06-25T13:25:56+0200,aad9710e-10ca-4c9d-9467-7720556f4b2e,2026-06-07T10:45:00Z,2026-06-07T12:45:00+0200,35727.90497,MW,DE,DE_LU,forecast_solar_generation,Solar,2026-06-25T11:27:13Z
2026-06-25T11:25:56Z,2026-06-25T13:25:56+0200,aad9710e-10ca-4c9d-9467-7720556f4b2e,2026-06-07T11:00:00Z,2026-06-07T13:00:00+0200,35928.62636,MW,DE,DE_LU,forecast_solar_generation,Solar,2026-06-25T11:27:13Z
2026-06-25T11:25:56Z,2026-06-25T13:25:56+0200,aad9710e-10ca-4c9d-9467-7720556f4b2e,2026-06-07T11:15:00Z,2026-06-07T13:15:00+0200,36016.82272,MW,DE,DE_LU,forecast_solar_generation,Solar,2026-06-25T11:27:13Z
2026-06-25T11:25:56Z,2026-06-25T13:25:56+0200,aad9710e-10ca-4c9d-9467-7720556f4b2e,2026-06-07T11:30:00Z,2026-06-07T13:30:00+0200,36070.76768,MW,DE,DE_LU,forecast_solar_generation,Solar,2026-06-25T11:27:13Z
2026-06-25T11:25:56Z,2026-06-25T13:25:56+0200,aad9710e-10ca-4c9d-9467-7720556f4b2e,2026-06-07T11:45:00Z,2026-06-07T13:45:00+0200,36081.38704,MW,DE,DE_LU,forecast_solar_generation,Solar,2026-06-25T11:27:13Z
2026-06-25T11:25:56Z,2026-06-25T13:25:56+0200,aad9710e-10ca-4c9d-9467-7720556f4b2e,2026-06-07T12:00:00Z,2026-06-07T14:00:00+0200,36047.54937,MW,DE,DE_LU,forecast_solar_generation,Solar,2026-06-25T11:27:13Z
2026-06-25T11:25:56Z,2026-06-25T13:25:56+0200,aad9710e-10ca-4c9d-9467-7720556f4b2e,2026-06-07T12:15:00Z,2026-06-07T14:15:00+0200,35869.27413,MW,DE,DE_LU,forecast_solar_generation,Solar,2026-06-25T11:27:13Z
2026-06-25T11:25:56Z,2026-06-25T13:25:56+0200,aad9710e-10ca-4c9d-9467-7720556f4b2e,2026-06-07T12:30:00Z,2026-06-07T14:30:00+0200,35689.60605,MW,DE,DE_LU,forecast_solar_generation,Solar,2026-06-25T11:27:13Z
2026-06-25T11:25:56Z,2026-06-25T13:25:56+0200,aad9710e-10ca-4c9d-9467-7720556f4b2e,2026-06-07T12:45:00Z,2026-06-07T14:45:00+0200,35311.45291,MW,DE,DE_LU,forecast_solar_generation,Solar,2026-06-25T11:27:13Z
2026-06-25T11:25:56Z,2026-06-25T13:25:56+0200,aad9710e-10ca-4c9d-9467-7720556f4b2e,2026-06-07T13:00:00Z,2026-06-07T15:00:00+0200,34910.28321,MW,DE,DE_LU,forecast_solar_generation,Solar,2026-06-25T11:27:13Z
2026-06-25T11:25:56Z,2026-06-25T13:25:56+0200,aad9710e-10ca-4c9d-9467-7720556f4b2e,2026-06-07T13:15:00Z,2026-06-07T15:15:00+0200,34500.82946,MW,DE,DE_LU,forecast_solar_generation,Solar,2026-06-25T11:27:13Z
2026-06-25T11:25:56Z,2026-06-25T13:25:56+0200,aad9710e-10ca-4c9d-9467-7720556f4b2e,2026-06-07T13:30:00Z,2026-06-07T15:30:00+0200,34008.36058,MW,DE,DE_LU,forecast_solar_generation,Solar,2026-06-25T11:27:13Z
2026-06-25T11:25:56Z,2026-06-25T13:25:56+0200,aad9710e-10ca-4c9d-9467-7720556f4b2e,2026-06-07T13:45:00Z,2026-06-07T15:45:00+0200,33376.59311,MW,DE,DE_LU,forecast_solar_generation,Solar,2026-06-25T11:27:13Z
2026-06-25T11:25:56Z,2026-06-25T13:25:56+0200,aad9710e-10ca-4c9d-9467-7720556f4b2e,2026-06-07T14:00:00Z,2026-06-07T16:00:00+0200,32566.12939,MW,DE,DE_LU,forecast_solar_generation,Solar,2026-06-25T11:27:13Z
2026-06-25T11:25:56Z,2026-06-25T13:25:56+0200,aad9710e-10ca-4c9d-9467-7720556f4b2e,2026-06-07T14:15:00Z,2026-06-07T16:15:00+0200,31661.70019,MW,DE,DE_LU,forecast_solar_generation,Solar,2026-06-25T11:27:13Z
2026-06-25T11:25:56Z,2026-06-25T13:25:56+0200,aad9710e-10ca-4c9d-9467-7720556f4b2e,2026-06-07T14:30:00Z,2026-06-07T16:30:00+0200,30553.86621,MW,DE,DE_LU,forecast_solar_generation,Solar,2026-06-25T11:27:13Z
2026-06-25T11:25:56Z,2026-06-25T13:25:56+0200,aad9710e-10ca-4c9d-9467-7720556f4b2e,2026-06-07T14:45:00Z,2026-06-07T16:45:00+0200,29304.27548,MW,DE,DE_LU,forecast_solar_generation,Solar,2026-06-25T11:27:13Z
2026-06-25T11:25:56Z,2026-06-25T13:25:56+0200,aad9710e-10ca-4c9d-9467-7720556f4b2e,2026-06-07T15:00:00Z,2026-06-07T17:00:00+0200,27869.53743,MW,DE,DE_LU,forecast_solar_generation,Solar,2026-06-25T11:27:13Z
2026-06-25T11:25:56Z,2026-06-25T13:25:56+0200,aad9710e-10ca-4c9d-9467-7720556f4b2e,2026-06-07T15:15:00Z,2026-06-07T17:15:00+0200,26207.82951,MW,DE,DE_LU,forecast_solar_generation,Solar,2026-06-25T11:27:13Z
2026-06-25T11:25:56Z,2026-06-25T13:25:56+0200,aad9710e-10ca-4c9d-9467-7720556f4b2e,2026-06-07T15:30:00Z,2026-06-07T17:30:00+0200,24268.58862,MW,DE,DE_LU,forecast_solar_generation,Solar,2026-06-25T11:27:13Z
2026-06-25T11:25:56Z,2026-06-25T13:25:56+0200,aad9710e-10ca-4c9d-9467-7720556f4b2e,2026-06-07T15:45:00Z,2026-06-07T17:45:00+0200,22103.31723,MW,DE,DE_LU,forecast_solar_generation,Solar,2026-06-25T11:27:13Z
2026-06-25T11:25:56Z,2026-06-25T13:25:56+0200,aad9710e-10ca-4c9d-9467-7720556f4b2e,2026-06-07T16:00:00Z,2026-06-07T18:00:00+0200,20067.84173,MW,DE,DE_LU,forecast_solar_generation,Solar,2026-06-25T11:27:13Z
2026-06-25T11:25:56Z,2026-06-25T13:25:56+0200,aad9710e-10ca-4c9d-9467-7720556f4b2e,2026-06-07T16:15:00Z,2026-06-07T18:15:00+0200,17721.07768,MW,DE,DE_LU,forecast_solar_generation,Solar,2026-06-25T11:27:13Z
2026-06-25T11:25:56Z,2026-06-25T13:25:56+0200,aad9710e-10ca-4c9d-9467-7720556f4b2e,2026-06-07T16:30:00Z,2026-06-07T18:30:00+0200,15346.12694,MW,DE,DE_LU,forecast_solar_generation,Solar,2026-06-25T11:27:13Z
2026-06-25T11:25:56Z,2026-06-25T13:25:56+0200,aad9710e-10ca-4c9d-9467-7720556f4b2e,2026-06-07T16:45:00Z,2026-06-07T18:45:00+0200,13005.1419,MW,DE,DE_LU,forecast_solar_generation,Solar,2026-06-25T11:27:13Z
2026-06-25T11:25:56Z,2026-06-25T13:25:56+0200,aad9710e-10ca-4c9d-9467-7720556f4b2e,2026-06-07T17:00:00Z,2026-06-07T19:00:00+0200,10791.43816,MW,DE,DE_LU,forecast_solar_generation,Solar,2026-06-25T11:27:13Z
2026-06-25T11:25:56Z,2026-06-25T13:25:56+0200,aad9710e-10ca-4c9d-9467-7720556f4b2e,2026-06-07T17:15:00Z,2026-06-07T19:15:00+0200,8723.92257,MW,DE,DE_LU,forecast_solar_generation,Solar,2026-06-25T11:27:13Z
2026-06-25T11:25:56Z,2026-06-25T13:25:56+0200,aad9710e-10ca-4c9d-9467-7720556f4b2e,2026-06-07T17:30:00Z,2026-06-07T19:30:00+0200,6897.4943,MW,DE,DE_LU,forecast_solar_generation,Solar,2026-06-25T11:27:13Z
2026-06-25T11:25:56Z,2026-06-25T13:25:56+0200,aad9710e-10ca-4c9d-9467-7720556f4b2e,2026-06-07T17:45:00Z,2026-06-07T19:45:00+0200,5319.8492,MW,DE,DE_LU,forecast_solar_generation,Solar,2026-06-25T11:27:13Z
2026-06-25T11:25:56Z,2026-06-25T13:25:56+0200,aad9710e-10ca-4c9d-9467-7720556f4b2e,2026-06-07T18:00:00Z,2026-06-07T20:00:00+0200,3945.72622,MW,DE,DE_LU,forecast_solar_generation,Solar,2026-06-25T11:27:13Z
2026-06-25T11:25:56Z,2026-06-25T13:25:56+0200,aad9710e-10ca-4c9d-9467-7720556f4b2e,2026-06-07T18:15:00Z,2026-06-07T20:15:00+0200,2759.76445,MW,DE,DE_LU,forecast_solar_generation,Solar,2026-06-25T11:27:13Z
2026-06-25T11:25:56Z,2026-06-25T13:25:56+0200,aad9710e-10ca-4c9d-9467-7720556f4b2e,2026-06-07T18:30:00Z,2026-06-07T20:30:00+0200,1759.2752,MW,DE,DE_LU,forecast_solar_generation,Solar,2026-06-25T11:27:13Z
2026-06-25T11:25:56Z,2026-06-25T13:25:56+0200,aad9710e-10ca-4c9d-9467-7720556f4b2e,2026-06-07T18:45:00Z,2026-06-07T20:45:00+0200,973.14258,MW,DE,DE_LU,forecast_solar_generation,Solar,2026-06-25T11:27:13Z
2026-06-25T11:25:56Z,2026-06-25T13:25:56+0200,aad9710e-10ca-4c9d-9467-7720556f4b2e,2026-06-07T19:00:00Z,2026-06-07T21:00:00+0200,419.02102,MW,DE,DE_LU,forecast_solar_generation,Solar,2026-06-25T11:27:13Z
2026-06-25T11:25:56Z,2026-06-25T13:25:56+0200,aad9710e-10ca-4c9d-9467-7720556f4b2e,2026-06-07T19:15:00Z,2026-06-07T21:15:00+0200,133.18301,MW,DE,DE_LU,forecast_solar_generation,Solar,2026-06-25T11:27:13Z
2026-06-25T11:25:56Z,2026-06-25T13:25:56+0200,aad9710e-10ca-4c9d-9467-7720556f4b2e,2026-06-07T19:30:00Z,2026-06-07T21:30:00+0200,40.34296,MW,DE,DE_LU,forecast_solar_generation,Solar,2026-06-25T11:27:13Z
2026-06-25T11:25:56Z,2026-06-25T13:25:56+0200,aad9710e-10ca-4c9d-9467-7720556f4b2e,2026-06-07T19:45:00Z,2026-06-07T21:45:00+0200,14.46811,MW,DE,DE_LU,forecast_solar_generation,Solar,2026-06-25T11:27:13Z
2026-06-25T11:25:56Z,2026-06-25T13:25:56+0200,aad9710e-10ca-4c9d-9467-7720556f4b2e,2026-06-07T20:00:00Z,2026-06-07T22:00:00+0200,4.143,MW,DE,DE_LU,forecast_solar_generation,Solar,2026-06-25T11:27:13Z
2026-06-25T11:25:56Z,2026-06-25T13:25:56+0200,aad9710e-10ca-4c9d-9467-7720556f4b2e,2026-06-07T20:15:00Z,2026-06-07T22:15:00+0200,0.0,MW,DE,DE_LU,forecast_solar_generation,Solar,2026-06-25T11:27:13Z
2026-06-25T11:25:56Z,2026-06-25T13:25:56+0200,aad9710e-10ca-4c9d-9467-7720556f4b2e,2026-06-07T20:30:00Z,2026-06-07T22:30:00+0200,0.0,MW,DE,DE_LU,forecast_solar_generation,Solar,2026-06-25T11:27:13Z
2026-06-25T11:25:56Z,2026-06-25T13:25:56+0200,aad9710e-10ca-4c9d-9467-7720556f4b2e,2026-06-07T20:45:00Z,2026-06-07T22:45:00+0200,0.0,MW,DE,DE_LU,forecast_solar_generation,Solar,2026-06-25T11:27:13Z
2026-06-25T11:25:56Z,2026-06-25T13:25:56+0200,aad9710e-10ca-4c9d-9467-7720556f4b2e,2026-06-07T21:00:00Z,2026-06-07T23:00:00+0200,0.0,MW,DE,DE_LU,forecast_solar_generation,Solar,2026-06-25T11:27:13Z
2026-06-25T11:25:56Z,2026-06-25T13:25:56+0200,aad9710e-10ca-4c9d-9467-7720556f4b2e,2026-06-07T21:15:00Z,2026-06-07T23:15:00+0200,0.0,MW,DE,DE_LU,forecast_solar_generation,Solar,2026-06-25T11:27:13Z
2026-06-25T11:25:56Z,2026-06-25T13:25:56+0200,aad9710e-10ca-4c9d-9467-7720556f4b2e,2026-06-07T21:30:00Z,2026-06-07T23:30:00+0200,0.0,MW,DE,DE_LU,forecast_solar_generation,Solar,2026-06-25T11:27:13Z
2026-06-25T11:25:56Z,2026-06-25T13:25:56+0200,aad9710e-10ca-4c9d-9467-7720556f4b2e,2026-06-07T21:45:00Z,2026-06-07T23:45:00+0200,0.0,MW,DE,DE_LU,forecast_solar_generation,Solar,2026-06-25T11:27:13Z
2026-06-25T11:25:56Z,2026-06-25T13:25:56+0200,aad9710e-10ca-4c9d-9467-7720556f4b2e,2026-06-07T22:00:00Z,2026-06-08T00:00:00+0200,0.0,MW,DE,DE_LU,forecast_solar_generation,Solar,2026-06-25T11:27:13Z
2026-06-25T11:25:56Z,2026-06-25T13:25:56+0200,aad9710e-10ca-4c9d-9467-7720556f4b2e,2026-06-07T22:15:00Z,2026-06-08T00:15:00+0200,0.0,MW,DE,DE_LU,forecast_solar_generation,Solar,2026-06-25T11:27:13Z
2026-06-25T11:25:56Z,2026-06-25T13:25:56+0200,aad9710e-10ca-4c9d-9467-7720556f4b2e,2026-06-07T22:30:00Z,2026-06-08T00:30:00+0200,0.0,MW,DE,DE_LU,forecast_solar_generation,Solar,2026-06-25T11:27:13Z
2026-06-25T11:25:56Z,2026-06-25T13:25:56+0200,aad9710e-10ca-4c9d-9467-7720556f4b2e,2026-06-07T22:45:00Z,2026-06-08T00:45:00+0200,0.0,MW,DE,DE_LU,forecast_solar_generation,Solar,2026-06-25T11:27:13Z
2026-06-25T11:25:56Z,2026-06-25T13:25:56+0200,aad9710e-10ca-4c9d-9467-7720556f4b2e,2026-06-07T23:00:00Z,2026-06-08T01:00:00+0200,0.0,MW,DE,DE_LU,forecast_solar_generation,Solar,2026-06-25T11:27:13Z
2026-06-25T11:25:56Z,2026-06-25T13:25:56+0200,aad9710e-10ca-4c9d-9467-7720556f4b2e,2026-06-07T23:15:00Z,2026-06-08T01:15:00+0200,0.0,MW,DE,DE_LU,forecast_solar_generation,Solar,2026-06-25T11:27:13Z
2026-06-25T11:25:56Z,2026-06-25T13:25:56+0200,aad9710e-10ca-4c9d-9467-7720556f4b2e,2026-06-07T23:30:00Z,2026-06-08T01:30:00+0200,0.0,MW,DE,DE_LU,forecast_solar_generation,Solar,2026-06-25T11:27:13Z
2026-06-25T11:25:56Z,2026-06-25T13:25:56+0200,aad9710e-10ca-4c9d-9467-7720556f4b2e,2026-06-07T23:45:00Z,2026-06-08T01:45:00+0200,0.0,MW,DE,DE_LU,forecast_solar_generation,Solar,2026-06-25T11:27:13Z
2026-06-25T11:25:56Z,2026-06-25T13:25:56+0200,aad9710e-10ca-4c9d-9467-7720556f4b2e,2026-06-08T00:00:00Z,2026-06-08T02:00:00+0200,0.0,MW,DE,DE_LU,forecast_solar_generation,Solar,2026-06-25T11:27:13Z
2026-06-25T11:25:56Z,2026-06-25T13:25:56+0200,aad9710e-10ca-4c9d-9467-7720556f4b2e,2026-06-08T00:15:00Z,2026-06-08T02:15:00+0200,0.0,MW,DE,DE_LU,forecast_solar_generation,Solar,2026-06-25T11:27:13Z
2026-06-25T11:25:56Z,2026-06-25T13:25:56+0200,aad9710e-10ca-4c9d-9467-7720556f4b2e,2026-06-08T00:30:00Z,2026-06-08T02:30:00+0200,0.0,MW,DE,DE_LU,forecast_solar_generation,Solar,2026-06-25T11:27:13Z
2026-06-25T11:25:56Z,2026-06-25T13:25:56+0200,aad9710e-10ca-4c9d-9467-7720556f4b2e,2026-06-08T00:45:00Z,2026-06-08T02:45:00+0200,0.0,MW,DE,DE_LU,forecast_solar_generation,Solar,2026-06-25T11:27:13Z
2026-06-25T11:25:56Z,2026-06-25T13:25:56+0200,aad9710e-10ca-4c9d-9467-7720556f4b2e,2026-06-08T01:00:00Z,2026-06-08T03:00:00+0200,0.0,MW,DE,DE_LU,forecast_solar_generation,Solar,2026-06-25T11:27:13Z
2026-06-25T11:25:56Z,2026-06-25T13:25:56+0200,aad9710e-10ca-4c9d-9467-7720556f4b2e,2026-06-08T01:15:00Z,2026-06-08T03:15:00+0200,0.0,MW,DE,DE_LU,forecast_solar_generation,Solar,2026-06-25T11:27:13Z
2026-06-25T11:25:56Z,2026-06-25T13:25:56+0200,aad9710e-10ca-4c9d-9467-7720556f4b2e,2026-06-08T01:30:00Z,2026-06-08T03:30:00+0200,0.0,MW,DE,DE_LU,forecast_solar_generation,Solar,2026-06-25T11:27:13Z
2026-06-25T11:25:56Z,2026-06-25T13:25:56+0200,aad9710e-10ca-4c9d-9467-7720556f4b2e,2026-06-08T01:45:00Z,2026-06-08T03:45:00+0200,0.0,MW,DE,DE_LU,forecast_solar_generation,Solar,2026-06-25T11:27:13Z
2026-06-25T11:25:56Z,2026-06-25T13:25:56+0200,aad9710e-10ca-4c9d-9467-7720556f4b2e,2026-06-08T02:00:00Z,2026-06-08T04:00:00+0200,0.0,MW,DE,DE_LU,forecast_solar_generation,Solar,2026-06-25T11:27:13Z
2026-06-25T11:25:56Z,2026-06-25T13:25:56+0200,aad9710e-10ca-4c9d-9467-7720556f4b2e,2026-06-08T02:15:00Z,2026-06-08T04:15:00+0200,0.0,MW,DE,DE_LU,forecast_solar_generation,Solar,2026-06-25T11:27:13Z
2026-06-25T11:25:56Z,2026-06-25T13:25:56+0200,aad9710e-10ca-4c9d-9467-7720556f4b2e,2026-06-08T02:30:00Z,2026-06-08T04:30:00+0200,0.23,MW,DE,DE_LU,forecast_solar_generation,Solar,2026-06-25T11:27:13Z
2026-06-25T11:25:56Z,2026-06-25T13:25:56+0200,aad9710e-10ca-4c9d-9467-7720556f4b2e,2026-06-08T02:45:00Z,2026-06-08T04:45:00+0200,19.78451,MW,DE,DE_LU,forecast_solar_generation,Solar,2026-06-25T11:27:13Z
2026-06-25T11:25:56Z,2026-06-25T13:25:56+0200,aad9710e-10ca-4c9d-9467-7720556f4b2e,2026-06-08T03:00:00Z,2026-06-08T05:00:00+0200,136.47747,MW,DE,DE_LU,forecast_solar_generation,Solar,2026-06-25T11:27:13Z
2026-06-25T11:25:56Z,2026-06-25T13:25:56+0200,aad9710e-10ca-4c9d-9467-7720556f4b2e,2026-06-08T03:15:00Z,2026-06-08T05:15:00+0200,435.9939,MW,DE,DE_LU,forecast_solar_generation,Solar,2026-06-25T11:27:13Z
2026-06-25T11:25:56Z,2026-06-25T13:25:56+0200,aad9710e-10ca-4c9d-9467-7720556f4b2e,2026-06-08T03:30:00Z,2026-06-08T05:30:00+0200,955.34095,MW,DE,DE_LU,forecast_solar_generation,Solar,2026-06-25T11:27:13Z
2026-06-25T11:25:56Z,2026-06-25T13:25:56+0200,aad9710e-10ca-4c9d-9467-7720556f4b2e,2026-06-08T03:45:00Z,2026-06-08T05:45:00+0200,1720.6422,MW,DE,DE_LU,forecast_solar_generation,Solar,2026-06-25T11:27:13Z
2026-06-25T11:25:56Z,2026-06-25T13:25:56+0200,aad9710e-10ca-4c9d-9467-7720556f4b2e,2026-06-08T04:00:00Z,2026-06-08T06:00:00+0200,2726.4503,MW,DE,DE_LU,forecast_solar_generation,Solar,2026-06-25T11:27:13Z
2026-06-25T11:25:56Z,2026-06-25T13:25:56+0200,aad9710e-10ca-4c9d-9467-7720556f4b2e,2026-06-08T04:15:00Z,2026-06-08T06:15:00+0200,3938.43548,MW,DE,DE_LU,forecast_solar_generation,Solar,2026-06-25T11:27:13Z
2026-06-25T11:25:56Z,2026-06-25T13:25:56+0200,aad9710e-10ca-4c9d-9467-7720556f4b2e,2026-06-08T04:30:00Z,2026-06-08T06:30:00+0200,5347.26358,MW,DE,DE_LU,forecast_solar_generation,Solar,2026-06-25T11:27:13Z
2026-06-25T11:25:56Z,2026-06-25T13:25:56+0200,aad9710e-10ca-4c9d-9467-7720556f4b2e,2026-06-08T04:45:00Z,2026-06-08T06:45:00+0200,6986.83375,MW,DE,DE_LU,forecast_solar_generation,Solar,2026-06-25T11:27:13Z
2026-06-25T11:25:56Z,2026-06-25T13:25:56+0200,aad9710e-10ca-4c9d-9467-7720556f4b2e,2026-06-08T05:00:00Z,2026-06-08T07:00:00+0200,8921.86009,MW,DE,DE_LU,forecast_solar_generation,Solar,2026-06-25T11:27:13Z
2026-06-25T11:25:56Z,2026-06-25T13:25:56+0200,aad9710e-10ca-4c9d-9467-7720556f4b2e,2026-06-08T05:15:00Z,2026-06-08T07:15:00+0200,11183.32055,MW,DE,DE_LU,forecast_solar_generation,Solar,2026-06-25T11:27:13Z
2026-06-25T11:25:56Z,2026-06-25T13:25:56+0200,aad9710e-10ca-4c9d-9467-7720556f4b2e,2026-06-08T05:30:00Z,2026-06-08T07:30:00+0200,13669.89891,MW,DE,DE_LU,forecast_solar_generation,Solar,2026-06-25T11:27:13Z
2026-06-25T11:25:56Z,2026-06-25T13:25:56+0200,aad9710e-10ca-4c9d-9467-7720556f4b2e,2026-06-08T05:45:00Z,2026-06-08T07:45:00+0200,16302.18238,MW,DE,DE_LU,forecast_solar_generation,Solar,2026-06-25T11:27:13Z
2026-06-25T11:25:56Z,2026-06-25T13:25:56+0200,aad9710e-10ca-4c9d-9467-7720556f4b2e,2026-06-08T06:00:00Z,2026-06-08T08:00:00+0200,19009.92375,MW,DE,DE_LU,forecast_solar_generation,Solar,2026-06-25T11:27:13Z
2026-06-25T11:25:56Z,2026-06-25T13:25:56+0200,aad9710e-10ca-4c9d-9467-7720556f4b2e,2026-06-08T06:15:00Z,2026-06-08T08:15:00+0200,21760.46133,MW,DE,DE_LU,forecast_solar_generation,Solar,2026-06-25T11:27:13Z
2026-06-25T11:25:56Z,2026-06-25T13:25:56+0200,aad9710e-10ca-4c9d-9467-7720556f4b2e,2026-06-08T06:30:00Z,2026-06-08T08:30:00+0200,24459.26844,MW,DE,DE_LU,forecast_solar_generation,Solar,2026-06-25T11:27:13Z
2026-06-25T11:25:56Z,2026-06-25T13:25:56+0200,aad9710e-10ca-4c9d-9467-7720556f4b2e,2026-06-08T06:45:00Z,2026-06-08T08:45:00+0200,27048.94648,MW,DE,DE_LU,forecast_solar_generation,Solar,2026-06-25T11:27:13Z
2026-06-25T11:25:56Z,2026-06-25T13:25:56+0200,aad9710e-10ca-4c9d-9467-7720556f4b2e,2026-06-08T07:00:00Z,2026-06-08T09:00:00+0200,29506.24965,MW,DE,DE_LU,forecast_solar_generation,Solar,2026-06-25T11:27:13Z
2026-06-25T11:25:56Z,2026-06-25T13:25:56+0200,aad9710e-10ca-4c9d-9467-7720556f4b2e,2026-06-08T07:15:00Z,2026-06-08T09:15:00+0200,31856.77647,MW,DE,DE_LU,forecast_solar_generation,Solar,2026-06-25T11:27:13Z
2026-06-25T11:25:56Z,2026-06-25T13:25:56+0200,aad9710e-10ca-4c9d-9467-7720556f4b2e,2026-06-08T07:30:00Z,2026-06-08T09:30:00+0200,34031.66679,MW,DE,DE_LU,forecast_solar_generation,Solar,2026-06-25T11:27:13Z
2026-06-25T11:25:56Z,2026-06-25T13:25:56+0200,aad9710e-10ca-4c9d-9467-7720556f4b2e,2026-06-08T07:45:00Z,2026-06-08T09:45:00+0200,35950.32864,MW,DE,DE_LU,forecast_solar_generation,Solar,2026-06-25T11:27:13Z
2026-06-25T11:25:56Z,2026-06-25T13:25:56+0200,aad9710e-10ca-4c9d-9467-7720556f4b2e,2026-06-08T08:00:00Z,2026-06-08T10:00:00+0200,37605.41813,MW,DE,DE_LU,forecast_solar_generation,Solar,2026-06-25T11:27:13Z
2026-06-25T11:25:56Z,2026-06-25T13:25:56+0200,aad9710e-10ca-4c9d-9467-7720556f4b2e,2026-06-08T08:15:00Z,2026-06-08T10:15:00+0200,39032.97916,MW,DE,DE_LU,forecast_solar_generation,Solar,2026-06-25T11:27:13Z
2026-06-25T11:25:56Z,2026-06-25T13:25:56+0200,aad9710e-10ca-4c9d-9467-7720556f4b2e,2026-06-08T08:30:00Z,2026-06-08T10:30:00+0200,40270.43004,MW,DE,DE_LU,forecast_solar_generation,Solar,2026-06-25T11:27:13Z
2026-06-25T11:25:56Z,2026-06-25T13:25:56+0200,aad9710e-10ca-4c9d-9467-7720556f4b2e,2026-06-08T08:45:00Z,2026-06-08T10:45:00+0200,41354.91546,MW,DE,DE_LU,forecast_solar_generation,Solar,2026-06-25T11:27:13Z
2026-06-25T11:25:56Z,2026-06-25T13:25:56+0200,aad9710e-10ca-4c9d-9467-7720556f4b2e,2026-06-08T09:00:00Z,2026-06-08T11:00:00+0200,42253.02881,MW,DE,DE_LU,forecast_solar_generation,Solar,2026-06-25T11:27:13Z
2026-06-25T11:25:56Z,2026-06-25T13:25:56+0200,aad9710e-10ca-4c9d-9467-7720556f4b2e,2026-06-08T09:15:00Z,2026-06-08T11:15:00+0200,42908.9487,MW,DE,DE_LU,forecast_solar_generation,Solar,2026-06-25T11:27:13Z
2026-06-25T11:25:56Z,2026-06-25T13:25:56+0200,aad9710e-10ca-4c9d-9467-7720556f4b2e,2026-06-08T09:30:00Z,2026-06-08T11:30:00+0200,43431.45436,MW,DE,DE_LU,forecast_solar_generation,Solar,2026-06-25T11:27:13Z
2026-06-25T11:25:56Z,2026-06-25T13:25:56+0200,aad9710e-10ca-4c9d-9467-7720556f4b2e,2026-06-08T09:45:00Z,2026-06-08T11:45:00+0200,43773.50588,MW,DE,DE_LU,forecast_solar_generation,Solar,2026-06-25T11:27:13Z
2026-06-25T11:25:56Z,2026-06-25T13:25:56+0200,aad9710e-10ca-4c9d-9467-7720556f4b2e,2026-06-08T10:00:00Z,2026-06-08T12:00:00+0200,43935.72247,MW,DE,DE_LU,forecast_solar_generation,Solar,2026-06-25T11:27:13Z
2026-06-25T11:25:56Z,2026-06-25T13:25:56+0200,aad9710e-10ca-4c9d-9467-7720556f4b2e,2026-06-08T10:15:00Z,2026-06-08T12:15:00+0200,43936.29723,MW,DE,DE_LU,forecast_solar_generation,Solar,2026-06-25T11:27:13Z
2026-06-25T11:25:56Z,2026-06-25T13:25:56+0200,aad9710e-10ca-4c9d-9467-7720556f4b2e,2026-06-08T10:30:00Z,2026-06-08T12:30:00+0200,43740.07694,MW,DE,DE_LU,forecast_solar_generation,Solar,2026-06-25T11:27:13Z
2026-06-25T11:25:56Z,2026-06-25T13:25:56+0200,aad9710e-10ca-4c9d-9467-7720556f4b2e,2026-06-08T10:45:00Z,2026-06-08T12:45:00+0200,43336.68667,MW,DE,DE_LU,forecast_solar_generation,Solar,2026-06-25T11:27:13Z
2026-06-25T11:25:56Z,2026-06-25T13:25:56+0200,aad9710e-10ca-4c9d-9467-7720556f4b2e,2026-06-08T11:00:00Z,2026-06-08T13:00:00+0200,42800.8635,MW,DE,DE_LU,forecast_solar_generation,Solar,2026-06-25T11:27:13Z
2026-06-25T11:25:56Z,2026-06-25T13:25:56+0200,aad9710e-10ca-4c9d-9467-7720556f4b2e,2026-06-08T11:15:00Z,2026-06-08T13:15:00+0200,42111.76043,MW,DE,DE_LU,forecast_solar_generation,Solar,2026-06-25T11:27:13Z
2026-06-25T11:25:56Z,2026-06-25T13:25:56+0200,aad9710e-10ca-4c9d-9467-7720556f4b2e,2026-06-08T11:30:00Z,2026-06-08T13:30:00+0200,41323.12577,MW,DE,DE_LU,forecast_solar_generation,Solar,2026-06-25T11:27:13Z
2026-06-25T11:25:56Z,2026-06-25T13:25:56+0200,aad9710e-10ca-4c9d-9467-7720556f4b2e,2026-06-08T11:45:00Z,2026-06-08T13:45:00+0200,40418.71713,MW,DE,DE_LU,forecast_solar_generation,Solar,2026-06-25T11:27:13Z
2026-06-25T11:25:56Z,2026-06-25T13:25:56+0200,aad9710e-10ca-4c9d-9467-7720556f4b2e,2026-06-08T12:00:00Z,2026-06-08T14:00:00+0200,39441.87738,MW,DE,DE_LU,forecast_solar_generation,Solar,2026-06-25T11:27:13Z
2026-06-25T11:25:56Z,2026-06-25T13:25:56+0200,aad9710e-10ca-4c9d-9467-7720556f4b2e,2026-06-08T12:15:00Z,2026-06-08T14:15:00+0200,38353.65698,MW,DE,DE_LU,forecast_solar_generation,Solar,2026-06-25T11:27:13Z
2026-06-25T11:25:56Z,2026-06-25T13:25:56+0200,aad9710e-10ca-4c9d-9467-7720556f4b2e,2026-06-08T12:30:00Z,2026-06-08T14:30:00+0200,37250.34509,MW,DE,DE_LU,forecast_solar_generation,Solar,2026-06-25T11:27:13Z
2026-06-25T11:25:56Z,2026-06-25T13:25:56+0200,aad9710e-10ca-4c9d-9467-7720556f4b2e,2026-06-08T12:45:00Z,2026-06-08T14:45:00+0200,35910.87127,MW,DE,DE_LU,forecast_solar_generation,Solar,2026-06-25T11:27:13Z
2026-06-25T11:25:56Z,2026-06-25T13:25:56+0200,aad9710e-10ca-4c9d-9467-7720556f4b2e,2026-06-08T13:00:00Z,2026-06-08T15:00:00+0200,34445.03791,MW,DE,DE_LU,forecast_solar_generation,Solar,2026-06-25T11:27:13Z
2026-06-25T11:25:56Z,2026-06-25T13:25:56+0200,aad9710e-10ca-4c9d-9467-7720556f4b2e,2026-06-08T13:15:00Z,2026-06-08T15:15:00+0200,32958.11138,MW,DE,DE_LU,forecast_solar_generation,Solar,2026-06-25T11:27:13Z
2026-06-25T11:25:56Z,2026-06-25T13:25:56+0200,aad9710e-10ca-4c9d-9467-7720556f4b2e,2026-06-08T13:30:00Z,2026-06-08T15:30:00+0200,31402.57825,MW,DE,DE_LU,forecast_solar_generation,Solar,2026-06-25T11:27:13Z
2026-06-25T11:25:56Z,2026-06-25T13:25:56+0200,aad9710e-10ca-4c9d-9467-7720556f4b2e,2026-06-08T13:45:00Z,2026-06-08T15:45:00+0200,29745.20876,MW,DE,DE_LU,forecast_solar_generation,Solar,2026-06-25T11:27:13Z
2026-06-25T11:25:56Z,2026-06-25T13:25:56+0200,aad9710e-10ca-4c9d-9467-7720556f4b2e,2026-06-08T14:00:00Z,2026-06-08T16:00:00+0200,27983.47758,MW,DE,DE_LU,forecast_solar_generation,Solar,2026-06-25T11:27:13Z
2026-06-25T11:25:56Z,2026-06-25T13:25:56+0200,aad9710e-10ca-4c9d-9467-7720556f4b2e,2026-06-08T14:15:00Z,2026-06-08T16:15:00+0200,26221.23063,MW,DE,DE_LU,forecast_solar_generation,Solar,2026-06-25T11:27:13Z
2026-06-25T11:25:56Z,2026-06-25T13:25:56+0200,aad9710e-10ca-4c9d-9467-7720556f4b2e,2026-06-08T14:30:00Z,2026-06-08T16:30:00+0200,24427.53391,MW,DE,DE_LU,forecast_solar_generation,Solar,2026-06-25T11:27:13Z
2026-06-25T11:25:56Z,2026-06-25T13:25:56+0200,aad9710e-10ca-4c9d-9467-7720556f4b2e,2026-06-08T14:45:00Z,2026-06-08T16:45:00+0200,22573.76809,MW,DE,DE_LU,forecast_solar_generation,Solar,2026-06-25T11:27:13Z
2026-06-25T11:25:56Z,2026-06-25T13:25:56+0200,aad9710e-10ca-4c9d-9467-7720556f4b2e,2026-06-08T15:00:00Z,2026-06-08T17:00:00+0200,20684.08579,MW,DE,DE_LU,forecast_solar_generation,Solar,2026-06-25T11:27:13Z
2026-06-25T11:25:56Z,2026-06-25T13:25:56+0200,aad9710e-10ca-4c9d-9467-7720556f4b2e,2026-06-08T15:15:00Z,2026-06-08T17:15:00+0200,18789.29538,MW,DE,DE_LU,forecast_solar_generation,Solar,2026-06-25T11:27:13Z
2026-06-25T11:25:56Z,2026-06-25T13:25:56+0200,aad9710e-10ca-4c9d-9467-7720556f4b2e,2026-06-08T15:30:00Z,2026-06-08T17:30:00+0200,16894.35472,MW,DE,DE_LU,forecast_solar_generation,Solar,2026-06-25T11:27:13Z
2026-06-25T11:25:56Z,2026-06-25T13:25:56+0200,aad9710e-10ca-4c9d-9467-7720556f4b2e,2026-06-08T15:45:00Z,2026-06-08T17:45:00+0200,15035.62962,MW,DE,DE_LU,forecast_solar_generation,Solar,2026-06-25T11:27:13Z
2026-06-25T11:25:56Z,2026-06-25T13:25:56+0200,aad9710e-10ca-4c9d-9467-7720556f4b2e,2026-06-08T16:00:00Z,2026-06-08T18:00:00+0200,13252.85154,MW,DE,DE_LU,forecast_solar_generation,Solar,2026-06-25T11:27:13Z
2026-06-25T11:25:56Z,2026-06-25T13:25:56+0200,aad9710e-10ca-4c9d-9467-7720556f4b2e,2026-06-08T16:15:00Z,2026-06-08T18:15:00+0200,11557.96455,MW,DE,DE_LU,forecast_solar_generation,Solar,2026-06-25T11:27:13Z
2026-06-25T11:25:56Z,2026-06-25T13:25:56+0200,aad9710e-10ca-4c9d-9467-7720556f4b2e,2026-06-08T16:30:00Z,2026-06-08T18:30:00+0200,9959.95816,MW,DE,DE_LU,forecast_solar_generation,Solar,2026-06-25T11:27:13Z
2026-06-25T11:25:56Z,2026-06-25T13:25:56+0200,aad9710e-10ca-4c9d-9467-7720556f4b2e,2026-06-08T16:45:00Z,2026-06-08T18:45:00+0200,8471.00383,MW,DE,DE_LU,forecast_solar_generation,Solar,2026-06-25T11:27:13Z
2026-06-25T11:25:56Z,2026-06-25T13:25:56+0200,aad9710e-10ca-4c9d-9467-7720556f4b2e,2026-06-08T17:00:00Z,2026-06-08T19:00:00+0200,7075.50857,MW,DE,DE_LU,forecast_solar_generation,Solar,2026-06-25T11:27:13Z
2026-06-25T11:25:56Z,2026-06-25T13:25:56+0200,aad9710e-10ca-4c9d-9467-7720556f4b2e,2026-06-08T17:15:00Z,2026-06-08T19:15:00+0200,5758.03745,MW,DE,DE_LU,forecast_solar_generation,Solar,2026-06-25T11:27:13Z
2026-06-25T11:25:56Z,2026-06-25T13:25:56+0200,aad9710e-10ca-4c9d-9467-7720556f4b2e,2026-06-08T17:30:00Z,2026-06-08T19:30:00+0200,4543.53258,MW,DE,DE_LU,forecast_solar_generation,Solar,2026-06-25T11:27:13Z
2026-06-25T11:25:56Z,2026-06-25T13:25:56+0200,aad9710e-10ca-4c9d-9467-7720556f4b2e,2026-06-08T17:45:00Z,2026-06-08T19:45:00+0200,3449.77742,MW,DE,DE_LU,forecast_solar_generation,Solar,2026-06-25T11:27:13Z
2026-06-25T11:25:56Z,2026-06-25T13:25:56+0200,aad9710e-10ca-4c9d-9467-7720556f4b2e,2026-06-08T18:00:00Z,2026-06-08T20:00:00+0200,2468.06717,MW,DE,DE_LU,forecast_solar_generation,Solar,2026-06-25T11:27:13Z
2026-06-25T11:25:56Z,2026-06-25T13:25:56+0200,aad9710e-10ca-4c9d-9467-7720556f4b2e,2026-06-08T18:15:00Z,2026-06-08T20:15:00+0200,1649.47668,MW,DE,DE_LU,forecast_solar_generation,Solar,2026-06-25T11:27:13Z
2026-06-25T11:25:56Z,2026-06-25T13:25:56+0200,aad9710e-10ca-4c9d-9467-7720556f4b2e,2026-06-08T18:30:00Z,2026-06-08T20:30:00+0200,1025.86234,MW,DE,DE_LU,forecast_solar_generation,Solar,2026-06-25T11:27:13Z
2026-06-25T11:25:56Z,2026-06-25T13:25:56+0200,aad9710e-10ca-4c9d-9467-7720556f4b2e,2026-06-08T18:45:00Z,2026-06-08T20:45:00+0200,572.92144,MW,DE,DE_LU,forecast_solar_generation,Solar,2026-06-25T11:27:13Z
2026-06-25T11:25:56Z,2026-06-25T13:25:56+0200,aad9710e-10ca-4c9d-9467-7720556f4b2e,2026-06-08T19:00:00Z,2026-06-08T21:00:00+0200,261.52137,MW,DE,DE_LU,forecast_solar_generation,Solar,2026-06-25T11:27:13Z
2026-06-25T11:25:56Z,2026-06-25T13:25:56+0200,aad9710e-10ca-4c9d-9467-7720556f4b2e,2026-06-08T19:15:00Z,2026-06-08T21:15:00+0200,93.44265,MW,DE,DE_LU,forecast_solar_generation,Solar,2026-06-25T11:27:13Z
2026-06-25T11:25:56Z,2026-06-25T13:25:56+0200,aad9710e-10ca-4c9d-9467-7720556f4b2e,2026-06-08T19:30:00Z,2026-06-08T21:30:00+0200,31.54547,MW,DE,DE_LU,forecast_solar_generation,Solar,2026-06-25T11:27:13Z
2026-06-25T11:25:56Z,2026-06-25T13:25:56+0200,aad9710e-10ca-4c9d-9467-7720556f4b2e,2026-06-08T19:45:00Z,2026-06-08T21:45:00+0200,12.70738,MW,DE,DE_LU,forecast_solar_generation,Solar,2026-06-25T11:27:13Z
2026-06-25T11:25:56Z,2026-06-25T13:25:56+0200,aad9710e-10ca-4c9d-9467-7720556f4b2e,2026-06-08T20:00:00Z,2026-06-08T22:00:00+0200,2.838,MW,DE,DE_LU,forecast_solar_generation,Solar,2026-06-25T11:27:13Z
2026-06-25T11:25:56Z,2026-06-25T13:25:56+0200,aad9710e-10ca-4c9d-9467-7720556f4b2e,2026-06-08T20:15:00Z,2026-06-08T22:15:00+0200,0.0,MW,DE,DE_LU,forecast_solar_generation,Solar,2026-06-25T11:27:13Z
2026-06-25T11:25:56Z,2026-06-25T13:25:56+0200,aad9710e-10ca-4c9d-9467-7720556f4b2e,2026-06-08T20:30:00Z,2026-06-08T22:30:00+0200,0.0,MW,DE,DE_LU,forecast_solar_generation,Solar,2026-06-25T11:27:13Z
2026-06-25T11:25:56Z,2026-06-25T13:25:56+0200,aad9710e-10ca-4c9d-9467-7720556f4b2e,2026-06-08T20:45:00Z,2026-06-08T22:45:00+0200,0.0,MW,DE,DE_LU,forecast_solar_generation,Solar,2026-06-25T11:27:13Z
2026-06-25T11:25:56Z,2026-06-25T13:25:56+0200,aad9710e-10ca-4c9d-9467-7720556f4b2e,2026-06-08T21:00:00Z,2026-06-08T23:00:00+0200,0.0,MW,DE,DE_LU,forecast_solar_generation,Solar,2026-06-25T11:27:13Z
2026-06-25T11:25:56Z,2026-06-25T13:25:56+0200,aad9710e-10ca-4c9d-9467-7720556f4b2e,2026-06-08T21:15:00Z,2026-06-08T23:15:00+0200,0.0,MW,DE,DE_LU,forecast_solar_generation,Solar,2026-06-25T11:27:13Z
2026-06-25T11:25:56Z,2026-06-25T13:25:56+0200,aad9710e-10ca-4c9d-9467-7720556f4b2e,2026-06-08T21:30:00Z,2026-06-08T23:30:00+0200,0.0,MW,DE,DE_LU,forecast_solar_generation,Solar,2026-06-25T11:27:13Z
2026-06-25T11:25:56Z,2026-06-25T13:25:56+0200,aad9710e-10ca-4c9d-9467-7720556f4b2e,2026-06-08T21:45:00Z,2026-06-08T23:45:00+0200,0.0,MW,DE,DE_LU,forecast_solar_generation,Solar,2026-06-25T11:27:13Z
2026-06-25T11:25:56Z,2026-06-25T13:25:56+0200,aad9710e-10ca-4c9d-9467-7720556f4b2e,2026-06-08T22:00:00Z,2026-06-09T00:00:00+0200,0.0,MW,DE,DE_LU,forecast_solar_generation,Solar,2026-06-25T11:27:13Z
2026-06-25T11:25:56Z,2026-06-25T13:25:56+0200,aad9710e-10ca-4c9d-9467-7720556f4b2e,2026-06-08T22:15:00Z,2026-06-09T00:15:00+0200,0.0,MW,DE,DE_LU,forecast_solar_generation,Solar,2026-06-25T11:27:13Z
2026-06-25T11:25:56Z,2026-06-25T13:25:56+0200,aad9710e-10ca-4c9d-9467-7720556f4b2e,2026-06-08T22:30:00Z,2026-06-09T00:30:00+0200,0.0,MW,DE,DE_LU,forecast_solar_generation,Solar,2026-06-25T11:27:13Z
2026-06-25T11:25:56Z,2026-06-25T13:25:56+0200,aad9710e-10ca-4c9d-9467-7720556f4b2e,2026-06-08T22:45:00Z,2026-06-09T00:45:00+0200,0.0,MW,DE,DE_LU,forecast_solar_generation,Solar,2026-06-25T11:27:13Z
2026-06-25T11:25:56Z,2026-06-25T13:25:56+0200,aad9710e-10ca-4c9d-9467-7720556f4b2e,2026-06-08T23:00:00Z,2026-06-09T01:00:00+0200,0.0,MW,DE,DE_LU,forecast_solar_generation,Solar,2026-06-25T11:27:13Z
2026-06-25T11:25:56Z,2026-06-25T13:25:56+0200,aad9710e-10ca-4c9d-9467-7720556f4b2e,2026-06-08T23:15:00Z,2026-06-09T01:15:00+0200,0.0,MW,DE,DE_LU,forecast_solar_generation,Solar,2026-06-25T11:27:13Z
2026-06-25T11:25:56Z,2026-06-25T13:25:56+0200,aad9710e-10ca-4c9d-9467-7720556f4b2e,2026-06-08T23:30:00Z,2026-06-09T01:30:00+0200,0.0,MW,DE,DE_LU,forecast_solar_generation,Solar,2026-06-25T11:27:13Z
2026-06-25T11:25:56Z,2026-06-25T13:25:56+0200,aad9710e-10ca-4c9d-9467-7720556f4b2e,2026-06-08T23:45:00Z,2026-06-09T01:45:00+0200,0.0,MW,DE,DE_LU,forecast_solar_generation,Solar,2026-06-25T11:27:13Z
2026-06-25T11:25:56Z,2026-06-25T13:25:56+0200,aad9710e-10ca-4c9d-9467-7720556f4b2e,2026-06-09T00:00:00Z,2026-06-09T02:00:00+0200,0.0,MW,DE,DE_LU,forecast_solar_generation,Solar,2026-06-25T11:27:13Z
2026-06-25T11:25:56Z,2026-06-25T13:25:56+0200,aad9710e-10ca-4c9d-9467-7720556f4b2e,2026-06-09T00:15:00Z,2026-06-09T02:15:00+0200,0.0,MW,DE,DE_LU,forecast_solar_generation,Solar,2026-06-25T11:27:13Z
2026-06-25T11:25:56Z,2026-06-25T13:25:56+0200,aad9710e-10ca-4c9d-9467-7720556f4b2e,2026-06-09T00:30:00Z,2026-06-09T02:30:00+0200,0.0,MW,DE,DE_LU,forecast_solar_generation,Solar,2026-06-25T11:27:13Z
2026-06-25T11:25:56Z,2026-06-25T13:25:56+0200,aad9710e-10ca-4c9d-9467-7720556f4b2e,2026-06-09T00:45:00Z,2026-06-09T02:45:00+0200,0.0,MW,DE,DE_LU,forecast_solar_generation,Solar,2026-06-25T11:27:13Z
2026-06-25T11:25:56Z,2026-06-25T13:25:56+0200,aad9710e-10ca-4c9d-9467-7720556f4b2e,2026-06-09T01:00:00Z,2026-06-09T03:00:00+0200,0.0,MW,DE,DE_LU,forecast_solar_generation,Solar,2026-06-25T11:27:13Z
2026-06-25T11:25:56Z,2026-06-25T13:25:56+0200,aad9710e-10ca-4c9d-9467-7720556f4b2e,2026-06-09T01:15:00Z,2026-06-09T03:15:00+0200,0.0,MW,DE,DE_LU,forecast_solar_generation,Solar,2026-06-25T11:27:13Z
2026-06-25T11:25:56Z,2026-06-25T13:25:56+0200,aad9710e-10ca-4c9d-9467-7720556f4b2e,2026-06-09T01:30:00Z,2026-06-09T03:30:00+0200,0.0,MW,DE,DE_LU,forecast_solar_generation,Solar,2026-06-25T11:27:13Z
2026-06-25T11:25:56Z,2026-06-25T13:25:56+0200,aad9710e-10ca-4c9d-9467-7720556f4b2e,2026-06-09T01:45:00Z,2026-06-09T03:45:00+0200,0.0,MW,DE,DE_LU,forecast_solar_generation,Solar,2026-06-25T11:27:13Z
2026-06-25T11:25:56Z,2026-06-25T13:25:56+0200,aad9710e-10ca-4c9d-9467-7720556f4b2e,2026-06-09T02:00:00Z,2026-06-09T04:00:00+0200,0.0,MW,DE,DE_LU,forecast_solar_generation,Solar,2026-06-25T11:27:13Z
2026-06-25T11:25:56Z,2026-06-25T13:25:56+0200,aad9710e-10ca-4c9d-9467-7720556f4b2e,2026-06-09T02:15:00Z,2026-06-09T04:15:00+0200,0.0,MW,DE,DE_LU,forecast_solar_generation,Solar,2026-06-25T11:27:13Z
2026-06-25T11:25:56Z,2026-06-25T13:25:56+0200,aad9710e-10ca-4c9d-9467-7720556f4b2e,2026-06-09T02:30:00Z,2026-06-09T04:30:00+0200,0.16,MW,DE,DE_LU,forecast_solar_generation,Solar,2026-06-25T11:27:13Z
2026-06-25T11:25:56Z,2026-06-25T13:25:56+0200,aad9710e-10ca-4c9d-9467-7720556f4b2e,2026-06-09T02:45:00Z,2026-06-09T04:45:00+0200,26.61225,MW,DE,DE_LU,forecast_solar_generation,Solar,2026-06-25T11:27:13Z
2026-06-25T11:25:56Z,2026-06-25T13:25:56+0200,aad9710e-10ca-4c9d-9467-7720556f4b2e,2026-06-09T03:00:00Z,2026-06-09T05:00:00+0200,87.82893,MW,DE,DE_LU,forecast_solar_generation,Solar,2026-06-25T11:27:13Z
2026-06-25T11:25:56Z,2026-06-25T13:25:56+0200,aad9710e-10ca-4c9d-9467-7720556f4b2e,2026-06-09T03:15:00Z,2026-06-09T05:15:00+0200,243.71064,MW,DE,DE_LU,forecast_solar_generation,Solar,2026-06-25T11:27:13Z
2026-06-25T11:25:56Z,2026-06-25T13:25:56+0200,aad9710e-10ca-4c9d-9467-7720556f4b2e,2026-06-09T03:30:00Z,2026-06-09T05:30:00+0200,498.13639,MW,DE,DE_LU,forecast_solar_generation,Solar,2026-06-25T11:27:13Z
2026-06-25T11:25:56Z,2026-06-25T13:25:56+0200,aad9710e-10ca-4c9d-9467-7720556f4b2e,2026-06-09T03:45:00Z,2026-06-09T05:45:00+0200,896.33133,MW,DE,DE_LU,forecast_solar_generation,Solar,2026-06-25T11:27:13Z
2026-06-25T11:25:56Z,2026-06-25T13:25:56+0200,aad9710e-10ca-4c9d-9467-7720556f4b2e,2026-06-09T04:00:00Z,2026-06-09T06:00:00+0200,1473.3064,MW,DE,DE_LU,forecast_solar_generation,Solar,2026-06-25T11:27:13Z
2026-06-25T11:25:56Z,2026-06-25T13:25:56+0200,aad9710e-10ca-4c9d-9467-7720556f4b2e,2026-06-09T04:15:00Z,2026-06-09T06:15:00+0200,2234.5564,MW,DE,DE_LU,forecast_solar_generation,Solar,2026-06-25T11:27:13Z
2026-06-25T11:25:56Z,2026-06-25T13:25:56+0200,aad9710e-10ca-4c9d-9467-7720556f4b2e,2026-06-09T04:30:00Z,2026-06-09T06:30:00+0200,3140.95369,MW,DE,DE_LU,forecast_solar_generation,Solar,2026-06-25T11:27:13Z
2026-06-25T11:25:56Z,2026-06-25T13:25:56+0200,aad9710e-10ca-4c9d-9467-7720556f4b2e,2026-06-09T04:45:00Z,2026-06-09T06:45:00+0200,4164.82468,MW,DE,DE_LU,forecast_solar_generation,Solar,2026-06-25T11:27:13Z
2026-06-25T11:25:56Z,2026-06-25T13:25:56+0200,aad9710e-10ca-4c9d-9467-7720556f4b2e,2026-06-09T05:00:00Z,2026-06-09T07:00:00+0200,5285.22938,MW,DE,DE_LU,forecast_solar_generation,Solar,2026-06-25T11:27:13Z
2026-06-25T11:25:56Z,2026-06-25T13:25:56+0200,aad9710e-10ca-4c9d-9467-7720556f4b2e,2026-06-09T05:15:00Z,2026-06-09T07:15:00+0200,6470.20209,MW,DE,DE_LU,forecast_solar_generation,Solar,2026-06-25T11:27:13Z
2026-06-25T11:25:56Z,2026-06-25T13:25:56+0200,aad9710e-10ca-4c9d-9467-7720556f4b2e,2026-06-09T05:30:00Z,2026-06-09T07:30:00+0200,7712.30241,MW,DE,DE_LU,forecast_solar_generation,Solar,2026-06-25T11:27:13Z
2026-06-25T11:25:56Z,2026-06-25T13:25:56+0200,aad9710e-10ca-4c9d-9467-7720556f4b2e,2026-06-09T05:45:00Z,2026-06-09T07:45:00+0200,8999.30874,MW,DE,DE_LU,forecast_solar_generation,Solar,2026-06-25T11:27:13Z
2026-06-25T11:25:56Z,2026-06-25T13:25:56+0200,aad9710e-10ca-4c9d-9467-7720556f4b2e,2026-06-09T06:00:00Z,2026-06-09T08:00:00+0200,10322.6295,MW,DE,DE_LU,forecast_solar_generation,Solar,2026-06-25T11:27:13Z
2026-06-25T11:25:56Z,2026-06-25T13:25:56+0200,aad9710e-10ca-4c9d-9467-7720556f4b2e,2026-06-09T06:15:00Z,2026-06-09T08:15:00+0200,11701.24139,MW,DE,DE_LU,forecast_solar_generation,Solar,2026-06-25T11:27:13Z
2026-06-25T11:25:56Z,2026-06-25T13:25:56+0200,aad9710e-10ca-4c9d-9467-7720556f4b2e,2026-06-09T06:30:00Z,2026-06-09T08:30:00+0200,13098.53735,MW,DE,DE_LU,forecast_solar_generation,Solar,2026-06-25T11:27:13Z
2026-06-25T11:25:56Z,2026-06-25T13:25:56+0200,aad9710e-10ca-4c9d-9467-7720556f4b2e,2026-06-09T06:45:00Z,2026-06-09T08:45:00+0200,14504.24136,MW,DE,DE_LU,forecast_solar_generation,Solar,2026-06-25T11:27:13Z
2026-06-25T11:25:56Z,2026-06-25T13:25:56+0200,aad9710e-10ca-4c9d-9467-7720556f4b2e,2026-06-09T07:00:00Z,2026-06-09T09:00:00+0200,15870.40481,MW,DE,DE_LU,forecast_solar_generation,Solar,2026-06-25T11:27:13Z
2026-06-25T11:25:56Z,2026-06-25T13:25:56+0200,aad9710e-10ca-4c9d-9467-7720556f4b2e,2026-06-09T07:15:00Z,2026-06-09T09:15:00+0200,17208.9217,MW,DE,DE_LU,forecast_solar_generation,Solar,2026-06-25T11:27:13Z
2026-06-25T11:25:56Z,2026-06-25T13:25:56+0200,aad9710e-10ca-4c9d-9467-7720556f4b2e,2026-06-09T07:30:00Z,2026-06-09T09:30:00+0200,18560.14207,MW,DE,DE_LU,forecast_solar_generation,Solar,2026-06-25T11:27:13Z
2026-06-25T11:25:56Z,2026-06-25T13:25:56+0200,aad9710e-10ca-4c9d-9467-7720556f4b2e,2026-06-09T07:45:00Z,2026-06-09T09:45:00+0200,19865.52652,MW,DE,DE_LU,forecast_solar_generation,Solar,2026-06-25T11:27:13Z
2026-06-25T11:25:56Z,2026-06-25T13:25:56+0200,aad9710e-10ca-4c9d-9467-7720556f4b2e,2026-06-09T08:00:00Z,2026-06-09T10:00:00+0200,21129.76326,MW,DE,DE_LU,forecast_solar_generation,Solar,2026-06-25T11:27:13Z
2026-06-25T11:25:56Z,2026-06-25T13:25:56+0200,aad9710e-10ca-4c9d-9467-7720556f4b2e,2026-06-09T08:15:00Z,2026-06-09T10:15:00+0200,22385.29415,MW,DE,DE_LU,forecast_solar_generation,Solar,2026-06-25T11:27:13Z
2026-06-25T11:25:56Z,2026-06-25T13:25:56+0200,aad9710e-10ca-4c9d-9467-7720556f4b2e,2026-06-09T08:30:00Z,2026-06-09T10:30:00+0200,23578.61671,MW,DE,DE_LU,forecast_solar_generation,Solar,2026-06-25T11:27:13Z
2026-06-25T11:25:56Z,2026-06-25T13:25:56+0200,aad9710e-10ca-4c9d-9467-7720556f4b2e,2026-06-09T08:45:00Z,2026-06-09T10:45:00+0200,24738.34444,MW,DE,DE_LU,forecast_solar_generation,Solar,2026-06-25T11:27:13Z
2026-06-25T11:25:56Z,2026-06-25T13:25:56+0200,aad9710e-10ca-4c9d-9467-7720556f4b2e,2026-06-09T09:00:00Z,2026-06-09T11:00:00+0200,25830.96694,MW,DE,DE_LU,forecast_solar_generation,Solar,2026-06-25T11:27:13Z
2026-06-25T11:25:56Z,2026-06-25T13:25:56+0200,aad9710e-10ca-4c9d-9467-7720556f4b2e,2026-06-09T09:15:00Z,2026-06-09T11:15:00+0200,26849.87201,MW,DE,DE_LU,forecast_solar_generation,Solar,2026-06-25T11:27:13Z
2026-06-25T11:25:56Z,2026-06-25T13:25:56+0200,aad9710e-10ca-4c9d-9467-7720556f4b2e,2026-06-09T09:30:00Z,2026-06-09T11:30:00+0200,27783.54938,MW,DE,DE_LU,forecast_solar_generation,Solar,2026-06-25T11:27:13Z
2026-06-25T11:25:56Z,2026-06-25T13:25:56+0200,aad9710e-10ca-4c9d-9467-7720556f4b2e,2026-06-09T09:45:00Z,2026-06-09T11:45:00+0200,28648.12927,MW,DE,DE_LU,forecast_solar_generation,Solar,2026-06-25T11:27:13Z
2026-06-25T11:25:56Z,2026-06-25T13:25:56+0200,aad9710e-10ca-4c9d-9467-7720556f4b2e,2026-06-09T10:00:00Z,2026-06-09T12:00:00+0200,29468.7433,MW,DE,DE_LU,forecast_solar_generation,Solar,2026-06-25T11:27:13Z
2026-06-25T11:25:56Z,2026-06-25T13:25:56+0200,aad9710e-10ca-4c9d-9467-7720556f4b2e,2026-06-09T10:15:00Z,2026-06-09T12:15:00+0200,30237.22656,MW,DE,DE_LU,forecast_solar_generation,Solar,2026-06-25T11:27:13Z
2026-06-25T11:25:56Z,2026-06-25T13:25:56+0200,aad9710e-10ca-4c9d-9467-7720556f4b2e,2026-06-09T10:30:00Z,2026-06-09T12:30:00+0200,30975.31861,MW,DE,DE_LU,forecast_solar_generation,Solar,2026-06-25T11:27:13Z
2026-06-25T11:25:56Z,2026-06-25T13:25:56+0200,aad9710e-10ca-4c9d-9467-7720556f4b2e,2026-06-09T10:45:00Z,2026-06-09T12:45:00+0200,31627.26456,MW,DE,DE_LU,forecast_solar_generation,Solar,2026-06-25T11:27:13Z
2026-06-25T11:25:56Z,2026-06-25T13:25:56+0200,aad9710e-10ca-4c9d-9467-7720556f4b2e,2026-06-09T11:00:00Z,2026-06-09T13:00:00+0200,32183.51728,MW,DE,DE_LU,forecast_solar_generation,Solar,2026-06-25T11:27:13Z
2026-06-25T11:25:56Z,2026-06-25T13:25:56+0200,aad9710e-10ca-4c9d-9467-7720556f4b2e,2026-06-09T11:15:00Z,2026-06-09T13:15:00+0200,32601.57202,MW,DE,DE_LU,forecast_solar_generation,Solar,2026-06-25T11:27:13Z
2026-06-25T11:25:56Z,2026-06-25T13:25:56+0200,aad9710e-10ca-4c9d-9467-7720556f4b2e,2026-06-09T11:30:00Z,2026-06-09T13:30:00+0200,32960.63185,MW,DE,DE_LU,forecast_solar_generation,Solar,2026-06-25T11:27:13Z
2026-06-25T11:25:56Z,2026-06-25T13:25:56+0200,aad9710e-10ca-4c9d-9467-7720556f4b2e,2026-06-09T11:45:00Z,2026-06-09T13:45:00+0200,33238.05425,MW,DE,DE_LU,forecast_solar_generation,Solar,2026-06-25T11:27:13Z
2026-06-25T11:25:56Z,2026-06-25T13:25:56+0200,aad9710e-10ca-4c9d-9467-7720556f4b2e,2026-06-09T12:00:00Z,2026-06-09T14:00:00+0200,33422.51421,MW,DE,DE_LU,forecast_solar_generation,Solar,2026-06-25T11:27:13Z
2026-06-25T11:25:56Z,2026-06-25T13:25:56+0200,aad9710e-10ca-4c9d-9467-7720556f4b2e,2026-06-09T12:15:00Z,2026-06-09T14:15:00+0200,33486.77893,MW,DE,DE_LU,forecast_solar_generation,Solar,2026-06-25T11:27:13Z
2026-06-25T11:25:56Z,2026-06-25T13:25:56+0200,aad9710e-10ca-4c9d-9467-7720556f4b2e,2026-06-09T12:30:00Z,2026-06-09T14:30:00+0200,33486.45556,MW,DE,DE_LU,forecast_solar_generation,Solar,2026-06-25T11:27:13Z
2026-06-25T11:25:56Z,2026-06-25T13:25:56+0200,aad9710e-10ca-4c9d-9467-7720556f4b2e,2026-06-09T12:45:00Z,2026-06-09T14:45:00+0200,33226.98315,MW,DE,DE_LU,forecast_solar_generation,Solar,2026-06-25T11:27:13Z
2026-06-25T11:25:56Z,2026-06-25T13:25:56+0200,aad9710e-10ca-4c9d-9467-7720556f4b2e,2026-06-09T13:00:00Z,2026-06-09T15:00:00+0200,32789.93117,MW,DE,DE_LU,forecast_solar_generation,Solar,2026-06-25T11:27:13Z
2026-06-25T11:25:56Z,2026-06-25T13:25:56+0200,aad9710e-10ca-4c9d-9467-7720556f4b2e,2026-06-09T13:15:00Z,2026-06-09T15:15:00+0200,32278.47742,MW,DE,DE_LU,forecast_solar_generation,Solar,2026-06-25T11:27:13Z
2026-06-25T11:25:56Z,2026-06-25T13:25:56+0200,aad9710e-10ca-4c9d-9467-7720556f4b2e,2026-06-09T13:30:00Z,2026-06-09T15:30:00+0200,31637.25211,MW,DE,DE_LU,forecast_solar_generation,Solar,2026-06-25T11:27:13Z
2026-06-25T11:25:56Z,2026-06-25T13:25:56+0200,aad9710e-10ca-4c9d-9467-7720556f4b2e,2026-06-09T13:45:00Z,2026-06-09T15:45:00+0200,30848.83609,MW,DE,DE_LU,forecast_solar_generation,Solar,2026-06-25T11:27:13Z
2026-06-25T11:25:56Z,2026-06-25T13:25:56+0200,aad9710e-10ca-4c9d-9467-7720556f4b2e,2026-06-09T14:00:00Z,2026-06-09T16:00:00+0200,29905.31754,MW,DE,DE_LU,forecast_solar_generation,Solar,2026-06-25T11:27:13Z
2026-06-25T11:25:56Z,2026-06-25T13:25:56+0200,aad9710e-10ca-4c9d-9467-7720556f4b2e,2026-06-09T14:15:00Z,2026-06-09T16:15:00+0200,28868.18591,MW,DE,DE_LU,forecast_solar_generation,Solar,2026-06-25T11:27:13Z
2026-06-25T11:25:56Z,2026-06-25T13:25:56+0200,aad9710e-10ca-4c9d-9467-7720556f4b2e,2026-06-09T14:30:00Z,2026-06-09T16:30:00+0200,27728.22498,MW,DE,DE_LU,forecast_solar_generation,Solar,2026-06-25T11:27:13Z
2026-06-25T11:25:56Z,2026-06-25T13:25:56+0200,aad9710e-10ca-4c9d-9467-7720556f4b2e,2026-06-09T14:45:00Z,2026-06-09T16:45:00+0200,26413.76136,MW,DE,DE_LU,forecast_solar_generation,Solar,2026-06-25T11:27:13Z
2026-06-25T11:25:56Z,2026-06-25T13:25:56+0200,aad9710e-10ca-4c9d-9467-7720556f4b2e,2026-06-09T15:00:00Z,2026-06-09T17:00:00+0200,24937.2034,MW,DE,DE_LU,forecast_solar_generation,Solar,2026-06-25T11:27:13Z
2026-06-25T11:25:56Z,2026-06-25T13:25:56+0200,aad9710e-10ca-4c9d-9467-7720556f4b2e,2026-06-09T15:15:00Z,2026-06-09T17:15:00+0200,23309.40952,MW,DE,DE_LU,forecast_solar_generation,Solar,2026-06-25T11:27:13Z
2026-06-25T11:25:56Z,2026-06-25T13:25:56+0200,aad9710e-10ca-4c9d-9467-7720556f4b2e,2026-06-09T15:30:00Z,2026-06-09T17:30:00+0200,21549.45068,MW,DE,DE_LU,forecast_solar_generation,Solar,2026-06-25T11:27:13Z
2026-06-25T11:25:56Z,2026-06-25T13:25:56+0200,aad9710e-10ca-4c9d-9467-7720556f4b2e,2026-06-09T15:45:00Z,2026-06-09T17:45:00+0200,19697.951,MW,DE,DE_LU,forecast_solar_generation,Solar,2026-06-25T11:27:13Z
2026-06-25T11:25:56Z,2026-06-25T13:25:56+0200,aad9710e-10ca-4c9d-9467-7720556f4b2e,2026-06-09T16:00:00Z,2026-06-09T18:00:00+0200,17778.93997,MW,DE,DE_LU,forecast_solar_generation,Solar,2026-06-25T11:27:13Z
2026-06-25T11:25:56Z,2026-06-25T13:25:56+0200,aad9710e-10ca-4c9d-9467-7720556f4b2e,2026-06-09T16:15:00Z,2026-06-09T18:15:00+0200,15792.1174,MW,DE,DE_LU,forecast_solar_generation,Solar,2026-06-25T11:27:13Z
2026-06-25T11:25:56Z,2026-06-25T13:25:56+0200,aad9710e-10ca-4c9d-9467-7720556f4b2e,2026-06-09T16:30:00Z,2026-06-09T18:30:00+0200,13762.34636,MW,DE,DE_LU,forecast_solar_generation,Solar,2026-06-25T11:27:13Z
2026-06-25T11:25:56Z,2026-06-25T13:25:56+0200,aad9710e-10ca-4c9d-9467-7720556f4b2e,2026-06-09T16:45:00Z,2026-06-09T18:45:00+0200,11741.57909,MW,DE,DE_LU,forecast_solar_generation,Solar,2026-06-25T11:27:13Z
2026-06-25T11:25:56Z,2026-06-25T13:25:56+0200,aad9710e-10ca-4c9d-9467-7720556f4b2e,2026-06-09T17:00:00Z,2026-06-09T19:00:00+0200,9801.25201,MW,DE,DE_LU,forecast_solar_generation,Solar,2026-06-25T11:27:13Z
2026-06-25T11:25:56Z,2026-06-25T13:25:56+0200,aad9710e-10ca-4c9d-9467-7720556f4b2e,2026-06-09T17:15:00Z,2026-06-09T19:15:00+0200,7990.38038,MW,DE,DE_LU,forecast_solar_generation,Solar,2026-06-25T11:27:13Z
2026-06-25T11:25:56Z,2026-06-25T13:25:56+0200,aad9710e-10ca-4c9d-9467-7720556f4b2e,2026-06-09T17:30:00Z,2026-06-09T19:30:00+0200,6360.75711,MW,DE,DE_LU,forecast_solar_generation,Solar,2026-06-25T11:27:13Z
2026-06-25T11:25:56Z,2026-06-25T13:25:56+0200,aad9710e-10ca-4c9d-9467-7720556f4b2e,2026-06-09T17:45:00Z,2026-06-09T19:45:00+0200,4935.35338,MW,DE,DE_LU,forecast_solar_generation,Solar,2026-06-25T11:27:13Z
2026-06-25T11:25:56Z,2026-06-25T13:25:56+0200,aad9710e-10ca-4c9d-9467-7720556f4b2e,2026-06-09T18:00:00Z,2026-06-09T20:00:00+0200,3697.35788,MW,DE,DE_LU,forecast_solar_generation,Solar,2026-06-25T11:27:13Z
2026-06-25T11:25:56Z,2026-06-25T13:25:56+0200,aad9710e-10ca-4c9d-9467-7720556f4b2e,2026-06-09T18:15:00Z,2026-06-09T20:15:00+0200,2618.72279,MW,DE,DE_LU,forecast_solar_generation,Solar,2026-06-25T11:27:13Z
2026-06-25T11:25:56Z,2026-06-25T13:25:56+0200,aad9710e-10ca-4c9d-9467-7720556f4b2e,2026-06-09T18:30:00Z,2026-06-09T20:30:00+0200,1704.09096,MW,DE,DE_LU,forecast_solar_generation,Solar,2026-06-25T11:27:13Z
2026-06-25T11:25:56Z,2026-06-25T13:25:56+0200,aad9710e-10ca-4c9d-9467-7720556f4b2e,2026-06-09T18:45:00Z,2026-06-09T20:45:00+0200,986.10874,MW,DE,DE_LU,forecast_solar_generation,Solar,2026-06-25T11:27:13Z
2026-06-25T11:25:56Z,2026-06-25T13:25:56+0200,aad9710e-10ca-4c9d-9467-7720556f4b2e,2026-06-09T19:00:00Z,2026-06-09T21:00:00+0200,468.90093,MW,DE,DE_LU,forecast_solar_generation,Solar,2026-06-25T11:27:13Z
2026-06-25T11:25:56Z,2026-06-25T13:25:56+0200,aad9710e-10ca-4c9d-9467-7720556f4b2e,2026-06-09T19:15:00Z,2026-06-09T21:15:00+0200,171.962,MW,DE,DE_LU,forecast_solar_generation,Solar,2026-06-25T11:27:13Z
2026-06-25T11:25:56Z,2026-06-25T13:25:56+0200,aad9710e-10ca-4c9d-9467-7720556f4b2e,2026-06-09T19:30:00Z,2026-06-09T21:30:00+0200,57.56696,MW,DE,DE_LU,forecast_solar_generation,Solar,2026-06-25T11:27:13Z
2026-06-25T11:25:56Z,2026-06-25T13:25:56+0200,aad9710e-10ca-4c9d-9467-7720556f4b2e,2026-06-09T19:45:00Z,2026-06-09T21:45:00+0200,23.05672,MW,DE,DE_LU,forecast_solar_generation,Solar,2026-06-25T11:27:13Z
2026-06-25T11:25:56Z,2026-06-25T13:25:56+0200,aad9710e-10ca-4c9d-9467-7720556f4b2e,2026-06-09T20:00:00Z,2026-06-09T22:00:00+0200,3.963,MW,DE,DE_LU,forecast_solar_generation,Solar,2026-06-25T11:27:13Z
2026-06-25T11:25:56Z,2026-06-25T13:25:56+0200,aad9710e-10ca-4c9d-9467-7720556f4b2e,2026-06-09T20:15:00Z,2026-06-09T22:15:00+0200,0.0,MW,DE,DE_LU,forecast_solar_generation,Solar,2026-06-25T11:27:13Z
2026-06-25T11:25:56Z,2026-06-25T13:25:56+0200,aad9710e-10ca-4c9d-9467-7720556f4b2e,2026-06-09T20:30:00Z,2026-06-09T22:30:00+0200,0.0,MW,DE,DE_LU,forecast_solar_generation,Solar,2026-06-25T11:27:13Z
2026-06-25T11:25:56Z,2026-06-25T13:25:56+0200,aad9710e-10ca-4c9d-9467-7720556f4b2e,2026-06-09T20:45:00Z,2026-06-09T22:45:00+0200,0.0,MW,DE,DE_LU,forecast_solar_generation,Solar,2026-06-25T11:27:13Z
2026-06-25T11:25:56Z,2026-06-25T13:25:56+0200,aad9710e-10ca-4c9d-9467-7720556f4b2e,2026-06-09T21:00:00Z,2026-06-09T23:00:00+0200,0.0,MW,DE,DE_LU,forecast_solar_generation,Solar,2026-06-25T11:27:13Z
2026-06-25T11:25:56Z,2026-06-25T13:25:56+0200,aad9710e-10ca-4c9d-9467-7720556f4b2e,2026-06-09T21:15:00Z,2026-06-09T23:15:00+0200,0.0,MW,DE,DE_LU,forecast_solar_generation,Solar,2026-06-25T11:27:13Z
2026-06-25T11:25:56Z,2026-06-25T13:25:56+0200,aad9710e-10ca-4c9d-9467-7720556f4b2e,2026-06-09T21:30:00Z,2026-06-09T23:30:00+0200,0.0,MW,DE,DE_LU,forecast_solar_generation,Solar,2026-06-25T11:27:13Z
2026-06-25T11:25:56Z,2026-06-25T13:25:56+0200,aad9710e-10ca-4c9d-9467-7720556f4b2e,2026-06-09T21:45:00Z,2026-06-09T23:45:00+0200,0.0,MW,DE,DE_LU,forecast_solar_generation,Solar,2026-06-25T11:27:13Z
2026-06-25T11:25:56Z,2026-06-25T13:25:56+0200,aad9710e-10ca-4c9d-9467-7720556f4b2e,2026-06-09T22:00:00Z,2026-06-10T00:00:00+0200,0.0,MW,DE,DE_LU,forecast_solar_generation,Solar,2026-06-25T11:27:13Z
2026-06-25T11:25:56Z,2026-06-25T13:25:56+0200,aad9710e-10ca-4c9d-9467-7720556f4b2e,2026-06-09T22:15:00Z,2026-06-10T00:15:00+0200,0.0,MW,DE,DE_LU,forecast_solar_generation,Solar,2026-06-25T11:27:13Z
2026-06-25T11:25:56Z,2026-06-25T13:25:56+0200,aad9710e-10ca-4c9d-9467-7720556f4b2e,2026-06-09T22:30:00Z,2026-06-10T00:30:00+0200,0.0,MW,DE,DE_LU,forecast_solar_generation,Solar,2026-06-25T11:27:13Z
2026-06-25T11:25:56Z,2026-06-25T13:25:56+0200,aad9710e-10ca-4c9d-9467-7720556f4b2e,2026-06-09T22:45:00Z,2026-06-10T00:45:00+0200,0.0,MW,DE,DE_LU,forecast_solar_generation,Solar,2026-06-25T11:27:13Z
2026-06-25T11:25:56Z,2026-06-25T13:25:56+0200,aad9710e-10ca-4c9d-9467-7720556f4b2e,2026-06-09T23:00:00Z,2026-06-10T01:00:00+0200,0.0,MW,DE,DE_LU,forecast_solar_generation,Solar,2026-06-25T11:27:13Z
2026-06-25T11:25:56Z,2026-06-25T13:25:56+0200,aad9710e-10ca-4c9d-9467-7720556f4b2e,2026-06-09T23:15:00Z,2026-06-10T01:15:00+0200,0.0,MW,DE,DE_LU,forecast_solar_generation,Solar,2026-06-25T11:27:13Z
2026-06-25T11:25:56Z,2026-06-25T13:25:56+0200,aad9710e-10ca-4c9d-9467-7720556f4b2e,2026-06-09T23:30:00Z,2026-06-10T01:30:00+0200,0.0,MW,DE,DE_LU,forecast_solar_generation,Solar,2026-06-25T11:27:13Z
2026-06-25T11:25:56Z,2026-06-25T13:25:56+0200,aad9710e-10ca-4c9d-9467-7720556f4b2e,2026-06-09T23:45:00Z,2026-06-10T01:45:00+0200,0.0,MW,DE,DE_LU,forecast_solar_generation,Solar,2026-06-25T11:27:13Z
2026-06-25T11:25:56Z,2026-06-25T13:25:56+0200,aad9710e-10ca-4c9d-9467-7720556f4b2e,2026-06-10T00:00:00Z,2026-06-10T02:00:00+0200,0.0,MW,DE,DE_LU,forecast_solar_generation,Solar,2026-06-25T11:27:13Z
2026-06-25T11:25:56Z,2026-06-25T13:25:56+0200,aad9710e-10ca-4c9d-9467-7720556f4b2e,2026-06-10T00:15:00Z,2026-06-10T02:15:00+0200,0.0,MW,DE,DE_LU,forecast_solar_generation,Solar,2026-06-25T11:27:13Z
2026-06-25T11:25:56Z,2026-06-25T13:25:56+0200,aad9710e-10ca-4c9d-9467-7720556f4b2e,2026-06-10T00:30:00Z,2026-06-10T02:30:00+0200,0.0,MW,DE,DE_LU,forecast_solar_generation,Solar,2026-06-25T11:27:13Z
2026-06-25T11:25:56Z,2026-06-25T13:25:56+0200,aad9710e-10ca-4c9d-9467-7720556f4b2e,2026-06-10T00:45:00Z,2026-06-10T02:45:00+0200,0.0,MW,DE,DE_LU,forecast_solar_generation,Solar,2026-06-25T11:27:13Z
2026-06-25T11:25:56Z,2026-06-25T13:25:56+0200,aad9710e-10ca-4c9d-9467-7720556f4b2e,2026-06-10T01:00:00Z,2026-06-10T03:00:00+0200,0.0,MW,DE,DE_LU,forecast_solar_generation,Solar,2026-06-25T11:27:13Z
2026-06-25T11:25:56Z,2026-06-25T13:25:56+0200,aad9710e-10ca-4c9d-9467-7720556f4b2e,2026-06-10T01:15:00Z,2026-06-10T03:15:00+0200,0.0,MW,DE,DE_LU,forecast_solar_generation,Solar,2026-06-25T11:27:13Z
2026-06-25T11:25:56Z,2026-06-25T13:25:56+0200,aad9710e-10ca-4c9d-9467-7720556f4b2e,2026-06-10T01:30:00Z,2026-06-10T03:30:00+0200,0.0,MW,DE,DE_LU,forecast_solar_generation,Solar,2026-06-25T11:27:13Z
2026-06-25T11:25:56Z,2026-06-25T13:25:56+0200,aad9710e-10ca-4c9d-9467-7720556f4b2e,2026-06-10T01:45:00Z,2026-06-10T03:45:00+0200,0.0,MW,DE,DE_LU,forecast_solar_generation,Solar,2026-06-25T11:27:13Z
2026-06-25T11:25:56Z,2026-06-25T13:25:56+0200,aad9710e-10ca-4c9d-9467-7720556f4b2e,2026-06-10T02:00:00Z,2026-06-10T04:00:00+0200,0.0,MW,DE,DE_LU,forecast_solar_generation,Solar,2026-06-25T11:27:13Z
2026-06-25T11:25:56Z,2026-06-25T13:25:56+0200,aad9710e-10ca-4c9d-9467-7720556f4b2e,2026-06-10T02:15:00Z,2026-06-10T04:15:00+0200,0.0,MW,DE,DE_LU,forecast_solar_generation,Solar,2026-06-25T11:27:13Z
2026-06-25T11:25:56Z,2026-06-25T13:25:56+0200,aad9710e-10ca-4c9d-9467-7720556f4b2e,2026-06-10T02:30:00Z,2026-06-10T04:30:00+0200,0.39,MW,DE,DE_LU,forecast_solar_generation,Solar,2026-06-25T11:27:13Z
2026-06-25T11:25:56Z,2026-06-25T13:25:56+0200,aad9710e-10ca-4c9d-9467-7720556f4b2e,2026-06-10T02:45:00Z,2026-06-10T04:45:00+0200,20.35551,MW,DE,DE_LU,forecast_solar_generation,Solar,2026-06-25T11:27:13Z
2026-06-25T11:25:56Z,2026-06-25T13:25:56+0200,aad9710e-10ca-4c9d-9467-7720556f4b2e,2026-06-10T03:00:00Z,2026-06-10T05:00:00+0200,120.91939,MW,DE,DE_LU,forecast_solar_generation,Solar,2026-06-25T11:27:13Z
2026-06-25T11:25:56Z,2026-06-25T13:25:56+0200,aad9710e-10ca-4c9d-9467-7720556f4b2e,2026-06-10T03:15:00Z,2026-06-10T05:15:00+0200,359.61197,MW,DE,DE_LU,forecast_solar_generation,Solar,2026-06-25T11:27:13Z
2026-06-25T11:25:56Z,2026-06-25T13:25:56+0200,aad9710e-10ca-4c9d-9467-7720556f4b2e,2026-06-10T03:30:00Z,2026-06-10T05:30:00+0200,734.16747,MW,DE,DE_LU,forecast_solar_generation,Solar,2026-06-25T11:27:13Z
2026-06-25T11:25:56Z,2026-06-25T13:25:56+0200,aad9710e-10ca-4c9d-9467-7720556f4b2e,2026-06-10T03:45:00Z,2026-06-10T05:45:00+0200,1289.60747,MW,DE,DE_LU,forecast_solar_generation,Solar,2026-06-25T11:27:13Z
2026-06-25T11:25:56Z,2026-06-25T13:25:56+0200,aad9710e-10ca-4c9d-9467-7720556f4b2e,2026-06-10T04:00:00Z,2026-06-10T06:00:00+0200,2048.05206,MW,DE,DE_LU,forecast_solar_generation,Solar,2026-06-25T11:27:13Z
2026-06-25T11:25:56Z,2026-06-25T13:25:56+0200,aad9710e-10ca-4c9d-9467-7720556f4b2e,2026-06-10T04:15:00Z,2026-06-10T06:15:00+0200,2984.34185,MW,DE,DE_LU,forecast_solar_generation,Solar,2026-06-25T11:27:13Z
2026-06-25T11:25:56Z,2026-06-25T13:25:56+0200,aad9710e-10ca-4c9d-9467-7720556f4b2e,2026-06-10T04:30:00Z,2026-06-10T06:30:00+0200,4081.13256,MW,DE,DE_LU,forecast_solar_generation,Solar,2026-06-25T11:27:13Z
2026-06-25T11:25:56Z,2026-06-25T13:25:56+0200,aad9710e-10ca-4c9d-9467-7720556f4b2e,2026-06-10T04:45:00Z,2026-06-10T06:45:00+0200,5334.24936,MW,DE,DE_LU,forecast_solar_generation,Solar,2026-06-25T11:27:13Z
2026-06-25T11:25:56Z,2026-06-25T13:25:56+0200,aad9710e-10ca-4c9d-9467-7720556f4b2e,2026-06-10T05:00:00Z,2026-06-10T07:00:00+0200,6758.74651,MW,DE,DE_LU,forecast_solar_generation,Solar,2026-06-25T11:27:13Z
2026-06-25T11:25:56Z,2026-06-25T13:25:56+0200,aad9710e-10ca-4c9d-9467-7720556f4b2e,2026-06-10T05:15:00Z,2026-06-10T07:15:00+0200,8314.94513,MW,DE,DE_LU,forecast_solar_generation,Solar,2026-06-25T11:27:13Z
2026-06-25T11:25:56Z,2026-06-25T13:25:56+0200,aad9710e-10ca-4c9d-9467-7720556f4b2e,2026-06-10T05:30:00Z,2026-06-10T07:30:00+0200,9971.32906,MW,DE,DE_LU,forecast_solar_generation,Solar,2026-06-25T11:27:13Z
2026-06-25T11:25:56Z,2026-06-25T13:25:56+0200,aad9710e-10ca-4c9d-9467-7720556f4b2e,2026-06-10T05:45:00Z,2026-06-10T07:45:00+0200,11678.68967,MW,DE,DE_LU,forecast_solar_generation,Solar,2026-06-25T11:27:13Z
2026-06-25T11:25:56Z,2026-06-25T13:25:56+0200,aad9710e-10ca-4c9d-9467-7720556f4b2e,2026-06-10T06:00:00Z,2026-06-10T08:00:00+0200,13404.45214,MW,DE,DE_LU,forecast_solar_generation,Solar,2026-06-25T11:27:13Z
2026-06-25T11:25:56Z,2026-06-25T13:25:56+0200,aad9710e-10ca-4c9d-9467-7720556f4b2e,2026-06-10T06:15:00Z,2026-06-10T08:15:00+0200,15151.54653,MW,DE,DE_LU,forecast_solar_generation,Solar,2026-06-25T11:27:13Z
2026-06-25T11:25:56Z,2026-06-25T13:25:56+0200,aad9710e-10ca-4c9d-9467-7720556f4b2e,2026-06-10T06:30:00Z,2026-06-10T08:30:00+0200,16894.29258,MW,DE,DE_LU,forecast_solar_generation,Solar,2026-06-25T11:27:13Z
2026-06-25T11:25:56Z,2026-06-25T13:25:56+0200,aad9710e-10ca-4c9d-9467-7720556f4b2e,2026-06-10T06:45:00Z,2026-06-10T08:45:00+0200,18604.66297,MW,DE,DE_LU,forecast_solar_generation,Solar,2026-06-25T11:27:13Z
2026-06-25T11:25:56Z,2026-06-25T13:25:56+0200,aad9710e-10ca-4c9d-9467-7720556f4b2e,2026-06-10T07:00:00Z,2026-06-10T09:00:00+0200,20237.9373,MW,DE,DE_LU,forecast_solar_generation,Solar,2026-06-25T11:27:13Z
2026-06-25T11:25:56Z,2026-06-25T13:25:56+0200,aad9710e-10ca-4c9d-9467-7720556f4b2e,2026-06-10T07:15:00Z,2026-06-10T09:15:00+0200,21814.5798,MW,DE,DE_LU,forecast_solar_generation,Solar,2026-06-25T11:27:13Z
2026-06-25T11:25:56Z,2026-06-25T13:25:56+0200,aad9710e-10ca-4c9d-9467-7720556f4b2e,2026-06-10T07:30:00Z,2026-06-10T09:30:00+0200,23302.21237,MW,DE,DE_LU,forecast_solar_generation,Solar,2026-06-25T11:27:13Z
2026-06-25T11:25:56Z,2026-06-25T13:25:56+0200,aad9710e-10ca-4c9d-9467-7720556f4b2e,2026-06-10T07:45:00Z,2026-06-10T09:45:00+0200,24639.64799,MW,DE,DE_LU,forecast_solar_generation,Solar,2026-06-25T11:27:13Z
2026-06-25T11:25:56Z,2026-06-25T13:25:56+0200,aad9710e-10ca-4c9d-9467-7720556f4b2e,2026-06-10T08:00:00Z,2026-06-10T10:00:00+0200,25858.8445,MW,DE,DE_LU,forecast_solar_generation,Solar,2026-06-25T11:27:13Z
2026-06-25T11:25:56Z,2026-06-25T13:25:56+0200,aad9710e-10ca-4c9d-9467-7720556f4b2e,2026-06-10T08:15:00Z,2026-06-10T10:15:00+0200,27003.87598,MW,DE,DE_LU,forecast_solar_generation,Solar,2026-06-25T11:27:13Z
2026-06-25T11:25:56Z,2026-06-25T13:25:56+0200,aad9710e-10ca-4c9d-9467-7720556f4b2e,2026-06-10T08:30:00Z,2026-06-10T10:30:00+0200,27942.30985,MW,DE,DE_LU,forecast_solar_generation,Solar,2026-06-25T11:27:13Z
2026-06-25T11:25:56Z,2026-06-25T13:25:56+0200,aad9710e-10ca-4c9d-9467-7720556f4b2e,2026-06-10T08:45:00Z,2026-06-10T10:45:00+0200,28698.13592,MW,DE,DE_LU,forecast_solar_generation,Solar,2026-06-25T11:27:13Z
2026-06-25T11:25:56Z,2026-06-25T13:25:56+0200,aad9710e-10ca-4c9d-9467-7720556f4b2e,2026-06-10T09:00:00Z,2026-06-10T11:00:00+0200,29289.85508,MW,DE,DE_LU,forecast_solar_generation,Solar,2026-06-25T11:27:13Z
2026-06-25T11:25:56Z,2026-06-25T13:25:56+0200,aad9710e-10ca-4c9d-9467-7720556f4b2e,2026-06-10T09:15:00Z,2026-06-10T11:15:00+0200,29711.21047,MW,DE,DE_LU,forecast_solar_generation,Solar,2026-06-25T11:27:13Z
2026-06-25T11:25:56Z,2026-06-25T13:25:56+0200,aad9710e-10ca-4c9d-9467-7720556f4b2e,2026-06-10T09:30:00Z,2026-06-10T11:30:00+0200,30092.67151,MW,DE,DE_LU,forecast_solar_generation,Solar,2026-06-25T11:27:13Z
2026-06-25T11:25:56Z,2026-06-25T13:25:56+0200,aad9710e-10ca-4c9d-9467-7720556f4b2e,2026-06-10T09:45:00Z,2026-06-10T11:45:00+0200,30462.88134,MW,DE,DE_LU,forecast_solar_generation,Solar,2026-06-25T11:27:13Z
2026-06-25T11:25:56Z,2026-06-25T13:25:56+0200,aad9710e-10ca-4c9d-9467-7720556f4b2e,2026-06-10T10:00:00Z,2026-06-10T12:00:00+0200,30738.43043,MW,DE,DE_LU,forecast_solar_generation,Solar,2026-06-25T11:27:13Z
2026-06-25T11:25:56Z,2026-06-25T13:25:56+0200,aad9710e-10ca-4c9d-9467-7720556f4b2e,2026-06-10T10:15:00Z,2026-06-10T12:15:00+0200,30891.79092,MW,DE,DE_LU,forecast_solar_generation,Solar,2026-06-25T11:27:13Z
2026-06-25T11:25:56Z,2026-06-25T13:25:56+0200,aad9710e-10ca-4c9d-9467-7720556f4b2e,2026-06-10T10:30:00Z,2026-06-10T12:30:00+0200,30956.9184,MW,DE,DE_LU,forecast_solar_generation,Solar,2026-06-25T11:27:13Z
2026-06-25T11:25:56Z,2026-06-25T13:25:56+0200,aad9710e-10ca-4c9d-9467-7720556f4b2e,2026-06-10T10:45:00Z,2026-06-10T12:45:00+0200,30882.9071,MW,DE,DE_LU,forecast_solar_generation,Solar,2026-06-25T11:27:13Z
2026-06-25T11:25:56Z,2026-06-25T13:25:56+0200,aad9710e-10ca-4c9d-9467-7720556f4b2e,2026-06-10T11:00:00Z,2026-06-10T13:00:00+0200,30721.27852,MW,DE,DE_LU,forecast_solar_generation,Solar,2026-06-25T11:27:13Z
2026-06-25T11:25:56Z,2026-06-25T13:25:56+0200,aad9710e-10ca-4c9d-9467-7720556f4b2e,2026-06-10T11:15:00Z,2026-06-10T13:15:00+0200,30410.13654,MW,DE,DE_LU,forecast_solar_generation,Solar,2026-06-25T11:27:13Z
2026-06-25T11:25:56Z,2026-06-25T13:25:56+0200,aad9710e-10ca-4c9d-9467-7720556f4b2e,2026-06-10T11:30:00Z,2026-06-10T13:30:00+0200,30101.80602,MW,DE,DE_LU,forecast_solar_generation,Solar,2026-06-25T11:27:13Z
2026-06-25T11:25:56Z,2026-06-25T13:25:56+0200,aad9710e-10ca-4c9d-9467-7720556f4b2e,2026-06-10T11:45:00Z,2026-06-10T13:45:00+0200,29733.0869,MW,DE,DE_LU,forecast_solar_generation,Solar,2026-06-25T11:27:13Z
2026-06-25T11:25:56Z,2026-06-25T13:25:56+0200,aad9710e-10ca-4c9d-9467-7720556f4b2e,2026-06-10T12:00:00Z,2026-06-10T14:00:00+0200,29322.13009,MW,DE,DE_LU,forecast_solar_generation,Solar,2026-06-25T11:27:13Z
2026-06-25T11:25:56Z,2026-06-25T13:25:56+0200,aad9710e-10ca-4c9d-9467-7720556f4b2e,2026-06-10T12:15:00Z,2026-06-10T14:15:00+0200,28917.32913,MW,DE,DE_LU,forecast_solar_generation,Solar,2026-06-25T11:27:13Z
2026-06-25T11:25:56Z,2026-06-25T13:25:56+0200,aad9710e-10ca-4c9d-9467-7720556f4b2e,2026-06-10T12:30:00Z,2026-06-10T14:30:00+0200,28430.9841,MW,DE,DE_LU,forecast_solar_generation,Solar,2026-06-25T11:27:13Z
2026-06-25T11:25:56Z,2026-06-25T13:25:56+0200,aad9710e-10ca-4c9d-9467-7720556f4b2e,2026-06-10T12:45:00Z,2026-06-10T14:45:00+0200,27875.67256,MW,DE,DE_LU,forecast_solar_generation,Solar,2026-06-25T11:27:13Z
2026-06-25T11:25:56Z,2026-06-25T13:25:56+0200,aad9710e-10ca-4c9d-9467-7720556f4b2e,2026-06-10T13:00:00Z,2026-06-10T15:00:00+0200,27110.70352,MW,DE,DE_LU,forecast_solar_generation,Solar,2026-06-25T11:27:13Z
2026-06-25T11:25:56Z,2026-06-25T13:25:56+0200,aad9710e-10ca-4c9d-9467-7720556f4b2e,2026-06-10T13:15:00Z,2026-06-10T15:15:00+0200,26293.68508,MW,DE,DE_LU,forecast_solar_generation,Solar,2026-06-25T11:27:13Z
2026-06-25T11:25:56Z,2026-06-25T13:25:56+0200,aad9710e-10ca-4c9d-9467-7720556f4b2e,2026-06-10T13:30:00Z,2026-06-10T15:30:00+0200,25396.625,MW,DE,DE_LU,forecast_solar_generation,Solar,2026-06-25T11:27:13Z
2026-06-25T11:25:56Z,2026-06-25T13:25:56+0200,aad9710e-10ca-4c9d-9467-7720556f4b2e,2026-06-10T13:45:00Z,2026-06-10T15:45:00+0200,24446.79218,MW,DE,DE_LU,forecast_solar_generation,Solar,2026-06-25T11:27:13Z
2026-06-25T11:25:56Z,2026-06-25T13:25:56+0200,aad9710e-10ca-4c9d-9467-7720556f4b2e,2026-06-10T14:00:00Z,2026-06-10T16:00:00+0200,23427.13338,MW,DE,DE_LU,forecast_solar_generation,Solar,2026-06-25T11:27:13Z
2026-06-25T11:25:56Z,2026-06-25T13:25:56+0200,aad9710e-10ca-4c9d-9467-7720556f4b2e,2026-06-10T14:15:00Z,2026-06-10T16:15:00+0200,22368.14641,MW,DE,DE_LU,forecast_solar_generation,Solar,2026-06-25T11:27:13Z
2026-06-25T11:25:56Z,2026-06-25T13:25:56+0200,aad9710e-10ca-4c9d-9467-7720556f4b2e,2026-06-10T14:30:00Z,2026-06-10T16:30:00+0200,21275.41182,MW,DE,DE_LU,forecast_solar_generation,Solar,2026-06-25T11:27:13Z
2026-06-25T11:25:56Z,2026-06-25T13:25:56+0200,aad9710e-10ca-4c9d-9467-7720556f4b2e,2026-06-10T14:45:00Z,2026-06-10T16:45:00+0200,20048.68164,MW,DE,DE_LU,forecast_solar_generation,Solar,2026-06-25T11:27:13Z
2026-06-25T11:25:56Z,2026-06-25T13:25:56+0200,aad9710e-10ca-4c9d-9467-7720556f4b2e,2026-06-10T15:00:00Z,2026-06-10T17:00:00+0200,18747.95075,MW,DE,DE_LU,forecast_solar_generation,Solar,2026-06-25T11:27:13Z
2026-06-25T11:25:56Z,2026-06-25T13:25:56+0200,aad9710e-10ca-4c9d-9467-7720556f4b2e,2026-06-10T15:15:00Z,2026-06-10T17:15:00+0200,17414.94957,MW,DE,DE_LU,forecast_solar_generation,Solar,2026-06-25T11:27:13Z
2026-06-25T11:25:56Z,2026-06-25T13:25:56+0200,aad9710e-10ca-4c9d-9467-7720556f4b2e,2026-06-10T15:30:00Z,2026-06-10T17:30:00+0200,16054.88098,MW,DE,DE_LU,forecast_solar_generation,Solar,2026-06-25T11:27:13Z
2026-06-25T11:25:56Z,2026-06-25T13:25:56+0200,aad9710e-10ca-4c9d-9467-7720556f4b2e,2026-06-10T15:45:00Z,2026-06-10T17:45:00+0200,14693.34216,MW,DE,DE_LU,forecast_solar_generation,Solar,2026-06-25T11:27:13Z
2026-06-25T11:25:56Z,2026-06-25T13:25:56+0200,aad9710e-10ca-4c9d-9467-7720556f4b2e,2026-06-10T16:00:00Z,2026-06-10T18:00:00+0200,13309.65561,MW,DE,DE_LU,forecast_solar_generation,Solar,2026-06-25T11:27:13Z
2026-06-25T11:25:56Z,2026-06-25T13:25:56+0200,aad9710e-10ca-4c9d-9467-7720556f4b2e,2026-06-10T16:15:00Z,2026-06-10T18:15:00+0200,11906.73013,MW,DE,DE_LU,forecast_solar_generation,Solar,2026-06-25T11:27:13Z
2026-06-25T11:25:56Z,2026-06-25T13:25:56+0200,aad9710e-10ca-4c9d-9467-7720556f4b2e,2026-06-10T16:30:00Z,2026-06-10T18:30:00+0200,10504.07709,MW,DE,DE_LU,forecast_solar_generation,Solar,2026-06-25T11:27:13Z
2026-06-25T11:25:56Z,2026-06-25T13:25:56+0200,aad9710e-10ca-4c9d-9467-7720556f4b2e,2026-06-10T16:45:00Z,2026-06-10T18:45:00+0200,9122.15139,MW,DE,DE_LU,forecast_solar_generation,Solar,2026-06-25T11:27:13Z
2026-06-25T11:25:56Z,2026-06-25T13:25:56+0200,aad9710e-10ca-4c9d-9467-7720556f4b2e,2026-06-10T17:00:00Z,2026-06-10T19:00:00+0200,7761.53312,MW,DE,DE_LU,forecast_solar_generation,Solar,2026-06-25T11:27:13Z
2026-06-25T11:25:56Z,2026-06-25T13:25:56+0200,aad9710e-10ca-4c9d-9467-7720556f4b2e,2026-06-10T17:15:00Z,2026-06-10T19:15:00+0200,6431.7557,MW,DE,DE_LU,forecast_solar_generation,Solar,2026-06-25T11:27:13Z
2026-06-25T11:25:56Z,2026-06-25T13:25:56+0200,aad9710e-10ca-4c9d-9467-7720556f4b2e,2026-06-10T17:30:00Z,2026-06-10T19:30:00+0200,5155.12107,MW,DE,DE_LU,forecast_solar_generation,Solar,2026-06-25T11:27:13Z
2026-06-25T11:25:56Z,2026-06-25T13:25:56+0200,aad9710e-10ca-4c9d-9467-7720556f4b2e,2026-06-10T17:45:00Z,2026-06-10T19:45:00+0200,3988.5214,MW,DE,DE_LU,forecast_solar_generation,Solar,2026-06-25T11:27:13Z
2026-06-25T11:25:56Z,2026-06-25T13:25:56+0200,aad9710e-10ca-4c9d-9467-7720556f4b2e,2026-06-10T18:00:00Z,2026-06-10T20:00:00+0200,2960.66881,MW,DE,DE_LU,forecast_solar_generation,Solar,2026-06-25T11:27:13Z
2026-06-25T11:25:56Z,2026-06-25T13:25:56+0200,aad9710e-10ca-4c9d-9467-7720556f4b2e,2026-06-10T18:15:00Z,2026-06-10T20:15:00+0200,2070.72326,MW,DE,DE_LU,forecast_solar_generation,Solar,2026-06-25T11:27:13Z
2026-06-25T11:25:56Z,2026-06-25T13:25:56+0200,aad9710e-10ca-4c9d-9467-7720556f4b2e,2026-06-10T18:30:00Z,2026-06-10T20:30:00+0200,1336.6468,MW,DE,DE_LU,forecast_solar_generation,Solar,2026-06-25T11:27:13Z
2026-06-25T11:25:56Z,2026-06-25T13:25:56+0200,aad9710e-10ca-4c9d-9467-7720556f4b2e,2026-06-10T18:45:00Z,2026-06-10T20:45:00+0200,771.14377,MW,DE,DE_LU,forecast_solar_generation,Solar,2026-06-25T11:27:13Z
2026-06-25T11:25:56Z,2026-06-25T13:25:56+0200,aad9710e-10ca-4c9d-9467-7720556f4b2e,2026-06-10T19:00:00Z,2026-06-10T21:00:00+0200,378.68314,MW,DE,DE_LU,forecast_solar_generation,Solar,2026-06-25T11:27:13Z
2026-06-25T11:25:56Z,2026-06-25T13:25:56+0200,aad9710e-10ca-4c9d-9467-7720556f4b2e,2026-06-10T19:15:00Z,2026-06-10T21:15:00+0200,149.09754,MW,DE,DE_LU,forecast_solar_generation,Solar,2026-06-25T11:27:13Z
2026-06-25T11:25:56Z,2026-06-25T13:25:56+0200,aad9710e-10ca-4c9d-9467-7720556f4b2e,2026-06-10T19:30:00Z,2026-06-10T21:30:00+0200,51.04064,MW,DE,DE_LU,forecast_solar_generation,Solar,2026-06-25T11:27:13Z
2026-06-25T11:25:56Z,2026-06-25T13:25:56+0200,aad9710e-10ca-4c9d-9467-7720556f4b2e,2026-06-10T19:45:00Z,2026-06-10T21:45:00+0200,18.71139,MW,DE,DE_LU,forecast_solar_generation,Solar,2026-06-25T11:27:13Z
2026-06-25T11:25:56Z,2026-06-25T13:25:56+0200,aad9710e-10ca-4c9d-9467-7720556f4b2e,2026-06-10T20:00:00Z,2026-06-10T22:00:00+0200,1.786,MW,DE,DE_LU,forecast_solar_generation,Solar,2026-06-25T11:27:13Z
2026-06-25T11:25:56Z,2026-06-25T13:25:56+0200,aad9710e-10ca-4c9d-9467-7720556f4b2e,2026-06-10T20:15:00Z,2026-06-10T22:15:00+0200,0.0,MW,DE,DE_LU,forecast_solar_generation,Solar,2026-06-25T11:27:13Z
2026-06-25T11:25:56Z,2026-06-25T13:25:56+0200,aad9710e-10ca-4c9d-9467-7720556f4b2e,2026-06-10T20:30:00Z,2026-06-10T22:30:00+0200,0.0,MW,DE,DE_LU,forecast_solar_generation,Solar,2026-06-25T11:27:13Z
2026-06-25T11:25:56Z,2026-06-25T13:25:56+0200,aad9710e-10ca-4c9d-9467-7720556f4b2e,2026-06-10T20:45:00Z,2026-06-10T22:45:00+0200,0.0,MW,DE,DE_LU,forecast_solar_generation,Solar,2026-06-25T11:27:13Z
2026-06-25T11:25:56Z,2026-06-25T13:25:56+0200,aad9710e-10ca-4c9d-9467-7720556f4b2e,2026-06-10T21:00:00Z,2026-06-10T23:00:00+0200,0.0,MW,DE,DE_LU,forecast_solar_generation,Solar,2026-06-25T11:27:13Z
2026-06-25T11:25:56Z,2026-06-25T13:25:56+0200,aad9710e-10ca-4c9d-9467-7720556f4b2e,2026-06-10T21:15:00Z,2026-06-10T23:15:00+0200,0.0,MW,DE,DE_LU,forecast_solar_generation,Solar,2026-06-25T11:27:13Z
2026-06-25T11:25:56Z,2026-06-25T13:25:56+0200,aad9710e-10ca-4c9d-9467-7720556f4b2e,2026-06-10T21:30:00Z,2026-06-10T23:30:00+0200,0.0,MW,DE,DE_LU,forecast_solar_generation,Solar,2026-06-25T11:27:13Z
2026-06-25T11:25:56Z,2026-06-25T13:25:56+0200,aad9710e-10ca-4c9d-9467-7720556f4b2e,2026-06-10T21:45:00Z,2026-06-10T23:45:00+0200,0.0,MW,DE,DE_LU,forecast_solar_generation,Solar,2026-06-25T11:27:13Z
2026-06-25T11:25:56Z,2026-06-25T13:25:56+0200,aad9710e-10ca-4c9d-9467-7720556f4b2e,2026-06-10T22:00:00Z,2026-06-11T00:00:00+0200,0.0,MW,DE,DE_LU,forecast_solar_generation,Solar,2026-06-25T11:27:13Z
2026-06-25T11:25:56Z,2026-06-25T13:25:56+0200,aad9710e-10ca-4c9d-9467-7720556f4b2e,2026-06-10T22:15:00Z,2026-06-11T00:15:00+0200,0.0,MW,DE,DE_LU,forecast_solar_generation,Solar,2026-06-25T11:27:13Z
2026-06-25T11:25:56Z,2026-06-25T13:25:56+0200,aad9710e-10ca-4c9d-9467-7720556f4b2e,2026-06-10T22:30:00Z,2026-06-11T00:30:00+0200,0.0,MW,DE,DE_LU,forecast_solar_generation,Solar,2026-06-25T11:27:13Z
2026-06-25T11:25:56Z,2026-06-25T13:25:56+0200,aad9710e-10ca-4c9d-9467-7720556f4b2e,2026-06-10T22:45:00Z,2026-06-11T00:45:00+0200,0.0,MW,DE,DE_LU,forecast_solar_generation,Solar,2026-06-25T11:27:13Z
2026-06-25T11:25:56Z,2026-06-25T13:25:56+0200,aad9710e-10ca-4c9d-9467-7720556f4b2e,2026-06-10T23:00:00Z,2026-06-11T01:00:00+0200,0.0,MW,DE,DE_LU,forecast_solar_generation,Solar,2026-06-25T11:27:13Z
2026-06-25T11:25:56Z,2026-06-25T13:25:56+0200,aad9710e-10ca-4c9d-9467-7720556f4b2e,2026-06-10T23:15:00Z,2026-06-11T01:15:00+0200,0.0,MW,DE,DE_LU,forecast_solar_generation,Solar,2026-06-25T11:27:13Z
2026-06-25T11:25:56Z,2026-06-25T13:25:56+0200,aad9710e-10ca-4c9d-9467-7720556f4b2e,2026-06-10T23:30:00Z,2026-06-11T01:30:00+0200,0.0,MW,DE,DE_LU,forecast_solar_generation,Solar,2026-06-25T11:27:13Z
2026-06-25T11:25:56Z,2026-06-25T13:25:56+0200,aad9710e-10ca-4c9d-9467-7720556f4b2e,2026-06-10T23:45:00Z,2026-06-11T01:45:00+0200,0.0,MW,DE,DE_LU,forecast_solar_generation,Solar,2026-06-25T11:27:13Z
2026-06-25T11:25:56Z,2026-06-25T13:25:56+0200,aad9710e-10ca-4c9d-9467-7720556f4b2e,2026-06-11T00:00:00Z,2026-06-11T02:00:00+0200,0.0,MW,DE,DE_LU,forecast_solar_generation,Solar,2026-06-25T11:27:13Z
2026-06-25T11:25:56Z,2026-06-25T13:25:56+0200,aad9710e-10ca-4c9d-9467-7720556f4b2e,2026-06-11T00:15:00Z,2026-06-11T02:15:00+0200,0.0,MW,DE,DE_LU,forecast_solar_generation,Solar,2026-06-25T11:27:13Z
2026-06-25T11:25:56Z,2026-06-25T13:25:56+0200,aad9710e-10ca-4c9d-9467-7720556f4b2e,2026-06-11T00:30:00Z,2026-06-11T02:30:00+0200,0.0,MW,DE,DE_LU,forecast_solar_generation,Solar,2026-06-25T11:27:13Z
2026-06-25T11:25:56Z,2026-06-25T13:25:56+0200,aad9710e-10ca-4c9d-9467-7720556f4b2e,2026-06-11T00:45:00Z,2026-06-11T02:45:00+0200,0.0,MW,DE,DE_LU,forecast_solar_generation,Solar,2026-06-25T11:27:13Z
2026-06-25T11:25:56Z,2026-06-25T13:25:56+0200,aad9710e-10ca-4c9d-9467-7720556f4b2e,2026-06-11T01:00:00Z,2026-06-11T03:00:00+0200,0.0,MW,DE,DE_LU,forecast_solar_generation,Solar,2026-06-25T11:27:13Z
2026-06-25T11:25:56Z,2026-06-25T13:25:56+0200,aad9710e-10ca-4c9d-9467-7720556f4b2e,2026-06-11T01:15:00Z,2026-06-11T03:15:00+0200,0.0,MW,DE,DE_LU,forecast_solar_generation,Solar,2026-06-25T11:27:13Z
2026-06-25T11:25:56Z,2026-06-25T13:25:56+0200,aad9710e-10ca-4c9d-9467-7720556f4b2e,2026-06-11T01:30:00Z,2026-06-11T03:30:00+0200,0.0,MW,DE,DE_LU,forecast_solar_generation,Solar,2026-06-25T11:27:13Z
2026-06-25T11:25:56Z,2026-06-25T13:25:56+0200,aad9710e-10ca-4c9d-9467-7720556f4b2e,2026-06-11T01:45:00Z,2026-06-11T03:45:00+0200,0.0,MW,DE,DE_LU,forecast_solar_generation,Solar,2026-06-25T11:27:13Z
2026-06-25T11:25:56Z,2026-06-25T13:25:56+0200,aad9710e-10ca-4c9d-9467-7720556f4b2e,2026-06-11T02:00:00Z,2026-06-11T04:00:00+0200,0.0,MW,DE,DE_LU,forecast_solar_generation,Solar,2026-06-25T11:27:13Z
2026-06-25T11:25:56Z,2026-06-25T13:25:56+0200,aad9710e-10ca-4c9d-9467-7720556f4b2e,2026-06-11T02:15:00Z,2026-06-11T04:15:00+0200,0.0,MW,DE,DE_LU,forecast_solar_generation,Solar,2026-06-25T11:27:13Z
2026-06-25T11:25:56Z,2026-06-25T13:25:56+0200,aad9710e-10ca-4c9d-9467-7720556f4b2e,2026-06-11T02:30:00Z,2026-06-11T04:30:00+0200,0.35,MW,DE,DE_LU,forecast_solar_generation,Solar,2026-06-25T11:27:13Z
2026-06-25T11:25:56Z,2026-06-25T13:25:56+0200,aad9710e-10ca-4c9d-9467-7720556f4b2e,2026-06-11T02:45:00Z,2026-06-11T04:45:00+0200,32.57351,MW,DE,DE_LU,forecast_solar_generation,Solar,2026-06-25T11:27:13Z
2026-06-25T11:25:56Z,2026-06-25T13:25:56+0200,aad9710e-10ca-4c9d-9467-7720556f4b2e,2026-06-11T03:00:00Z,2026-06-11T05:00:00+0200,127.58126,MW,DE,DE_LU,forecast_solar_generation,Solar,2026-06-25T11:27:13Z
2026-06-25T11:25:56Z,2026-06-25T13:25:56+0200,aad9710e-10ca-4c9d-9467-7720556f4b2e,2026-06-11T03:15:00Z,2026-06-11T05:15:00+0200,375.95513,MW,DE,DE_LU,forecast_solar_generation,Solar,2026-06-25T11:27:13Z
2026-06-25T11:25:56Z,2026-06-25T13:25:56+0200,aad9710e-10ca-4c9d-9467-7720556f4b2e,2026-06-11T03:30:00Z,2026-06-11T05:30:00+0200,790.06748,MW,DE,DE_LU,forecast_solar_generation,Solar,2026-06-25T11:27:13Z
2026-06-25T11:25:56Z,2026-06-25T13:25:56+0200,aad9710e-10ca-4c9d-9467-7720556f4b2e,2026-06-11T03:45:00Z,2026-06-11T05:45:00+0200,1416.85294,MW,DE,DE_LU,forecast_solar_generation,Solar,2026-06-25T11:27:13Z
2026-06-25T11:25:56Z,2026-06-25T13:25:56+0200,aad9710e-10ca-4c9d-9467-7720556f4b2e,2026-06-11T04:00:00Z,2026-06-11T06:00:00+0200,2291.27386,MW,DE,DE_LU,forecast_solar_generation,Solar,2026-06-25T11:27:13Z
2026-06-25T11:25:56Z,2026-06-25T13:25:56+0200,aad9710e-10ca-4c9d-9467-7720556f4b2e,2026-06-11T04:15:00Z,2026-06-11T06:15:00+0200,3385.19937,MW,DE,DE_LU,forecast_solar_generation,Solar,2026-06-25T11:27:13Z
2026-06-25T11:25:56Z,2026-06-25T13:25:56+0200,aad9710e-10ca-4c9d-9467-7720556f4b2e,2026-06-11T04:30:00Z,2026-06-11T06:30:00+0200,4659.31452,MW,DE,DE_LU,forecast_solar_generation,Solar,2026-06-25T11:27:13Z
2026-06-25T11:25:56Z,2026-06-25T13:25:56+0200,aad9710e-10ca-4c9d-9467-7720556f4b2e,2026-06-11T04:45:00Z,2026-06-11T06:45:00+0200,6119.30812,MW,DE,DE_LU,forecast_solar_generation,Solar,2026-06-25T11:27:13Z
2026-06-25T11:25:56Z,2026-06-25T13:25:56+0200,aad9710e-10ca-4c9d-9467-7720556f4b2e,2026-06-11T05:00:00Z,2026-06-11T07:00:00+0200,7763.94853,MW,DE,DE_LU,forecast_solar_generation,Solar,2026-06-25T11:27:13Z
2026-06-25T11:25:56Z,2026-06-25T13:25:56+0200,aad9710e-10ca-4c9d-9467-7720556f4b2e,2026-06-11T05:15:00Z,2026-06-11T07:15:00+0200,9612.7126,MW,DE,DE_LU,forecast_solar_generation,Solar,2026-06-25T11:27:13Z
2026-06-25T11:25:56Z,2026-06-25T13:25:56+0200,aad9710e-10ca-4c9d-9467-7720556f4b2e,2026-06-11T05:30:00Z,2026-06-11T07:30:00+0200,11589.52385,MW,DE,DE_LU,forecast_solar_generation,Solar,2026-06-25T11:27:13Z
2026-06-25T11:25:56Z,2026-06-25T13:25:56+0200,aad9710e-10ca-4c9d-9467-7720556f4b2e,2026-06-11T05:45:00Z,2026-06-11T07:45:00+0200,13641.26077,MW,DE,DE_LU,forecast_solar_generation,Solar,2026-06-25T11:27:13Z
2026-06-25T11:25:56Z,2026-06-25T13:25:56+0200,aad9710e-10ca-4c9d-9467-7720556f4b2e,2026-06-11T06:00:00Z,2026-06-11T08:00:00+0200,15728.73642,MW,DE,DE_LU,forecast_solar_generation,Solar,2026-06-25T11:27:13Z
2026-06-25T11:25:56Z,2026-06-25T13:25:56+0200,aad9710e-10ca-4c9d-9467-7720556f4b2e,2026-06-11T06:15:00Z,2026-06-11T08:15:00+0200,17862.49792,MW,DE,DE_LU,forecast_solar_generation,Solar,2026-06-25T11:27:13Z
2026-06-25T11:25:56Z,2026-06-25T13:25:56+0200,aad9710e-10ca-4c9d-9467-7720556f4b2e,2026-06-11T06:30:00Z,2026-06-11T08:30:00+0200,19986.58723,MW,DE,DE_LU,forecast_solar_generation,Solar,2026-06-25T11:27:13Z
2026-06-25T11:25:56Z,2026-06-25T13:25:56+0200,aad9710e-10ca-4c9d-9467-7720556f4b2e,2026-06-11T06:45:00Z,2026-06-11T08:45:00+0200,22078.11742,MW,DE,DE_LU,forecast_solar_generation,Solar,2026-06-25T11:27:13Z
2026-06-25T11:25:56Z,2026-06-25T13:25:56+0200,aad9710e-10ca-4c9d-9467-7720556f4b2e,2026-06-11T07:00:00Z,2026-06-11T09:00:00+0200,24046.76526,MW,DE,DE_LU,forecast_solar_generation,Solar,2026-06-25T11:27:13Z
2026-06-25T11:25:56Z,2026-06-25T13:25:56+0200,aad9710e-10ca-4c9d-9467-7720556f4b2e,2026-06-11T07:15:00Z,2026-06-11T09:15:00+0200,25918.87874,MW,DE,DE_LU,forecast_solar_generation,Solar,2026-06-25T11:27:13Z
2026-06-25T11:25:56Z,2026-06-25T13:25:56+0200,aad9710e-10ca-4c9d-9467-7720556f4b2e,2026-06-11T07:30:00Z,2026-06-11T09:30:00+0200,27642.95256,MW,DE,DE_LU,forecast_solar_generation,Solar,2026-06-25T11:27:13Z
2026-06-25T11:25:56Z,2026-06-25T13:25:56+0200,aad9710e-10ca-4c9d-9467-7720556f4b2e,2026-06-11T07:45:00Z,2026-06-11T09:45:00+0200,29153.34701,MW,DE,DE_LU,forecast_solar_generation,Solar,2026-06-25T11:27:13Z
2026-06-25T11:25:56Z,2026-06-25T13:25:56+0200,aad9710e-10ca-4c9d-9467-7720556f4b2e,2026-06-11T08:00:00Z,2026-06-11T10:00:00+0200,30513.35277,MW,DE,DE_LU,forecast_solar_generation,Solar,2026-06-25T11:27:13Z
2026-06-25T11:25:56Z,2026-06-25T13:25:56+0200,aad9710e-10ca-4c9d-9467-7720556f4b2e,2026-06-11T08:15:00Z,2026-06-11T10:15:00+0200,31772.38365,MW,DE,DE_LU,forecast_solar_generation,Solar,2026-06-25T11:27:13Z
2026-06-25T11:25:56Z,2026-06-25T13:25:56+0200,aad9710e-10ca-4c9d-9467-7720556f4b2e,2026-06-11T08:30:00Z,2026-06-11T10:30:00+0200,32840.32634,MW,DE,DE_LU,forecast_solar_generation,Solar,2026-06-25T11:27:13Z
2026-06-25T11:25:56Z,2026-06-25T13:25:56+0200,aad9710e-10ca-4c9d-9467-7720556f4b2e,2026-06-11T08:45:00Z,2026-06-11T10:45:00+0200,33735.82562,MW,DE,DE_LU,forecast_solar_generation,Solar,2026-06-25T11:27:13Z
2026-06-25T11:25:56Z,2026-06-25T13:25:56+0200,aad9710e-10ca-4c9d-9467-7720556f4b2e,2026-06-11T09:00:00Z,2026-06-11T11:00:00+0200,34513.11758,MW,DE,DE_LU,forecast_solar_generation,Solar,2026-06-25T11:27:13Z
2026-06-25T11:25:56Z,2026-06-25T13:25:56+0200,aad9710e-10ca-4c9d-9467-7720556f4b2e,2026-06-11T09:15:00Z,2026-06-11T11:15:00+0200,35209.04414,MW,DE,DE_LU,forecast_solar_generation,Solar,2026-06-25T11:27:13Z
2026-06-25T11:25:56Z,2026-06-25T13:25:56+0200,aad9710e-10ca-4c9d-9467-7720556f4b2e,2026-06-11T09:30:00Z,2026-06-11T11:30:00+0200,35813.42865,MW,DE,DE_LU,forecast_solar_generation,Solar,2026-06-25T11:27:13Z
2026-06-25T11:25:56Z,2026-06-25T13:25:56+0200,aad9710e-10ca-4c9d-9467-7720556f4b2e,2026-06-11T09:45:00Z,2026-06-11T11:45:00+0200,36344.28242,MW,DE,DE_LU,forecast_solar_generation,Solar,2026-06-25T11:27:13Z
2026-06-25T11:25:56Z,2026-06-25T13:25:56+0200,aad9710e-10ca-4c9d-9467-7720556f4b2e,2026-06-11T10:00:00Z,2026-06-11T12:00:00+0200,36760.71547,MW,DE,DE_LU,forecast_solar_generation,Solar,2026-06-25T11:27:13Z
2026-06-25T11:25:56Z,2026-06-25T13:25:56+0200,aad9710e-10ca-4c9d-9467-7720556f4b2e,2026-06-11T10:15:00Z,2026-06-11T12:15:00+0200,37057.89419,MW,DE,DE_LU,forecast_solar_generation,Solar,2026-06-25T11:27:13Z
2026-06-25T11:25:56Z,2026-06-25T13:25:56+0200,aad9710e-10ca-4c9d-9467-7720556f4b2e,2026-06-11T10:30:00Z,2026-06-11T12:30:00+0200,37324.04711,MW,DE,DE_LU,forecast_solar_generation,Solar,2026-06-25T11:27:13Z
2026-06-25T11:25:56Z,2026-06-25T13:25:56+0200,aad9710e-10ca-4c9d-9467-7720556f4b2e,2026-06-11T10:45:00Z,2026-06-11T12:45:00+0200,37481.99208,MW,DE,DE_LU,forecast_solar_generation,Solar,2026-06-25T11:27:13Z
2026-06-25T11:25:56Z,2026-06-25T13:25:56+0200,aad9710e-10ca-4c9d-9467-7720556f4b2e,2026-06-11T11:00:00Z,2026-06-11T13:00:00+0200,37593.23157,MW,DE,DE_LU,forecast_solar_generation,Solar,2026-06-25T11:27:13Z
2026-06-25T11:25:56Z,2026-06-25T13:25:56+0200,aad9710e-10ca-4c9d-9467-7720556f4b2e,2026-06-11T11:15:00Z,2026-06-11T13:15:00+0200,37632.7985,MW,DE,DE_LU,forecast_solar_generation,Solar,2026-06-25T11:27:13Z
2026-06-25T11:25:56Z,2026-06-25T13:25:56+0200,aad9710e-10ca-4c9d-9467-7720556f4b2e,2026-06-11T11:30:00Z,2026-06-11T13:30:00+0200,37647.73554,MW,DE,DE_LU,forecast_solar_generation,Solar,2026-06-25T11:27:13Z
2026-06-25T11:25:56Z,2026-06-25T13:25:56+0200,aad9710e-10ca-4c9d-9467-7720556f4b2e,2026-06-11T11:45:00Z,2026-06-11T13:45:00+0200,37592.37387,MW,DE,DE_LU,forecast_solar_generation,Solar,2026-06-25T11:27:13Z
2026-06-25T11:25:56Z,2026-06-25T13:25:56+0200,aad9710e-10ca-4c9d-9467-7720556f4b2e,2026-06-11T12:00:00Z,2026-06-11T14:00:00+0200,37474.04974,MW,DE,DE_LU,forecast_solar_generation,Solar,2026-06-25T11:27:13Z
2026-06-25T11:25:56Z,2026-06-25T13:25:56+0200,aad9710e-10ca-4c9d-9467-7720556f4b2e,2026-06-11T12:15:00Z,2026-06-11T14:15:00+0200,37250.57772,MW,DE,DE_LU,forecast_solar_generation,Solar,2026-06-25T11:27:13Z
2026-06-25T11:25:56Z,2026-06-25T13:25:56+0200,aad9710e-10ca-4c9d-9467-7720556f4b2e,2026-06-11T12:30:00Z,2026-06-11T14:30:00+0200,36876.36541,MW,DE,DE_LU,forecast_solar_generation,Solar,2026-06-25T11:27:13Z
2026-06-25T11:25:56Z,2026-06-25T13:25:56+0200,aad9710e-10ca-4c9d-9467-7720556f4b2e,2026-06-11T12:45:00Z,2026-06-11T14:45:00+0200,36279.90089,MW,DE,DE_LU,forecast_solar_generation,Solar,2026-06-25T11:27:13Z
2026-06-25T11:25:56Z,2026-06-25T13:25:56+0200,aad9710e-10ca-4c9d-9467-7720556f4b2e,2026-06-11T13:00:00Z,2026-06-11T15:00:00+0200,35517.7058,MW,DE,DE_LU,forecast_solar_generation,Solar,2026-06-25T11:27:13Z
2026-06-25T11:25:56Z,2026-06-25T13:25:56+0200,aad9710e-10ca-4c9d-9467-7720556f4b2e,2026-06-11T13:15:00Z,2026-06-11T15:15:00+0200,34666.55347,MW,DE,DE_LU,forecast_solar_generation,Solar,2026-06-25T11:27:13Z
2026-06-25T11:25:56Z,2026-06-25T13:25:56+0200,aad9710e-10ca-4c9d-9467-7720556f4b2e,2026-06-11T13:30:00Z,2026-06-11T15:30:00+0200,33672.81428,MW,DE,DE_LU,forecast_solar_generation,Solar,2026-06-25T11:27:13Z
2026-06-25T11:25:56Z,2026-06-25T13:25:56+0200,aad9710e-10ca-4c9d-9467-7720556f4b2e,2026-06-11T13:45:00Z,2026-06-11T15:45:00+0200,32536.25008,MW,DE,DE_LU,forecast_solar_generation,Solar,2026-06-25T11:27:13Z
2026-06-25T11:25:56Z,2026-06-25T13:25:56+0200,aad9710e-10ca-4c9d-9467-7720556f4b2e,2026-06-11T14:00:00Z,2026-06-11T16:00:00+0200,31221.92315,MW,DE,DE_LU,forecast_solar_generation,Solar,2026-06-25T11:27:13Z
2026-06-25T11:25:56Z,2026-06-25T13:25:56+0200,aad9710e-10ca-4c9d-9467-7720556f4b2e,2026-06-11T14:15:00Z,2026-06-11T16:15:00+0200,29797.03788,MW,DE,DE_LU,forecast_solar_generation,Solar,2026-06-25T11:27:13Z
2026-06-25T11:25:56Z,2026-06-25T13:25:56+0200,aad9710e-10ca-4c9d-9467-7720556f4b2e,2026-06-11T14:30:00Z,2026-06-11T16:30:00+0200,28324.89217,MW,DE,DE_LU,forecast_solar_generation,Solar,2026-06-25T11:27:13Z
2026-06-25T11:25:56Z,2026-06-25T13:25:56+0200,aad9710e-10ca-4c9d-9467-7720556f4b2e,2026-06-11T14:45:00Z,2026-06-11T16:45:00+0200,26660.09772,MW,DE,DE_LU,forecast_solar_generation,Solar,2026-06-25T11:27:13Z
2026-06-25T11:25:56Z,2026-06-25T13:25:56+0200,aad9710e-10ca-4c9d-9467-7720556f4b2e,2026-06-11T15:00:00Z,2026-06-11T17:00:00+0200,24844.39427,MW,DE,DE_LU,forecast_solar_generation,Solar,2026-06-25T11:27:13Z
2026-06-25T11:25:56Z,2026-06-25T13:25:56+0200,aad9710e-10ca-4c9d-9467-7720556f4b2e,2026-06-11T15:15:00Z,2026-06-11T17:15:00+0200,22933.24769,MW,DE,DE_LU,forecast_solar_generation,Solar,2026-06-25T11:27:13Z
2026-06-25T11:25:56Z,2026-06-25T13:25:56+0200,aad9710e-10ca-4c9d-9467-7720556f4b2e,2026-06-11T15:30:00Z,2026-06-11T17:30:00+0200,20944.88482,MW,DE,DE_LU,forecast_solar_generation,Solar,2026-06-25T11:27:13Z
2026-06-25T11:25:56Z,2026-06-25T13:25:56+0200,aad9710e-10ca-4c9d-9467-7720556f4b2e,2026-06-11T15:45:00Z,2026-06-11T17:45:00+0200,18907.88326,MW,DE,DE_LU,forecast_solar_generation,Solar,2026-06-25T11:27:13Z
2026-06-25T11:25:56Z,2026-06-25T13:25:56+0200,aad9710e-10ca-4c9d-9467-7720556f4b2e,2026-06-11T16:00:00Z,2026-06-11T18:00:00+0200,16866.83148,MW,DE,DE_LU,forecast_solar_generation,Solar,2026-06-25T11:27:13Z
2026-06-25T11:25:56Z,2026-06-25T13:25:56+0200,aad9710e-10ca-4c9d-9467-7720556f4b2e,2026-06-11T16:15:00Z,2026-06-11T18:15:00+0200,14861.62802,MW,DE,DE_LU,forecast_solar_generation,Solar,2026-06-25T11:27:13Z
2026-06-25T11:25:56Z,2026-06-25T13:25:56+0200,aad9710e-10ca-4c9d-9467-7720556f4b2e,2026-06-11T16:30:00Z,2026-06-11T18:30:00+0200,12896.66007,MW,DE,DE_LU,forecast_solar_generation,Solar,2026-06-25T11:27:13Z
2026-06-25T11:25:56Z,2026-06-25T13:25:56+0200,aad9710e-10ca-4c9d-9467-7720556f4b2e,2026-06-11T16:45:00Z,2026-06-11T18:45:00+0200,10994.36807,MW,DE,DE_LU,forecast_solar_generation,Solar,2026-06-25T11:27:13Z
2026-06-25T11:25:56Z,2026-06-25T13:25:56+0200,aad9710e-10ca-4c9d-9467-7720556f4b2e,2026-06-11T17:00:00Z,2026-06-11T19:00:00+0200,9167.23155,MW,DE,DE_LU,forecast_solar_generation,Solar,2026-06-25T11:27:13Z
2026-06-25T11:25:56Z,2026-06-25T13:25:56+0200,aad9710e-10ca-4c9d-9467-7720556f4b2e,2026-06-11T17:15:00Z,2026-06-11T19:15:00+0200,7452.71539,MW,DE,DE_LU,forecast_solar_generation,Solar,2026-06-25T11:27:13Z
2026-06-25T11:25:56Z,2026-06-25T13:25:56+0200,aad9710e-10ca-4c9d-9467-7720556f4b2e,2026-06-11T17:30:00Z,2026-06-11T19:30:00+0200,5911.34136,MW,DE,DE_LU,forecast_solar_generation,Solar,2026-06-25T11:27:13Z
2026-06-25T11:25:56Z,2026-06-25T13:25:56+0200,aad9710e-10ca-4c9d-9467-7720556f4b2e,2026-06-11T17:45:00Z,2026-06-11T19:45:00+0200,4542.9482,MW,DE,DE_LU,forecast_solar_generation,Solar,2026-06-25T11:27:13Z
2026-06-25T11:25:56Z,2026-06-25T13:25:56+0200,aad9710e-10ca-4c9d-9467-7720556f4b2e,2026-06-11T18:00:00Z,2026-06-11T20:00:00+0200,3345.92125,MW,DE,DE_LU,forecast_solar_generation,Solar,2026-06-25T11:27:13Z
2026-06-25T11:25:56Z,2026-06-25T13:25:56+0200,aad9710e-10ca-4c9d-9467-7720556f4b2e,2026-06-11T18:15:00Z,2026-06-11T20:15:00+0200,2311.10984,MW,DE,DE_LU,forecast_solar_generation,Solar,2026-06-25T11:27:13Z
2026-06-25T11:25:56Z,2026-06-25T13:25:56+0200,aad9710e-10ca-4c9d-9467-7720556f4b2e,2026-06-11T18:30:00Z,2026-06-11T20:30:00+0200,1457.21171,MW,DE,DE_LU,forecast_solar_generation,Solar,2026-06-25T11:27:13Z
2026-06-25T11:25:56Z,2026-06-25T13:25:56+0200,aad9710e-10ca-4c9d-9467-7720556f4b2e,2026-06-11T18:45:00Z,2026-06-11T20:45:00+0200,806.58093,MW,DE,DE_LU,forecast_solar_generation,Solar,2026-06-25T11:27:13Z
2026-06-25T11:25:56Z,2026-06-25T13:25:56+0200,aad9710e-10ca-4c9d-9467-7720556f4b2e,2026-06-11T19:00:00Z,2026-06-11T21:00:00+0200,374.83921,MW,DE,DE_LU,forecast_solar_generation,Solar,2026-06-25T11:27:13Z
2026-06-25T11:25:56Z,2026-06-25T13:25:56+0200,aad9710e-10ca-4c9d-9467-7720556f4b2e,2026-06-11T19:15:00Z,2026-06-11T21:15:00+0200,139.04971,MW,DE,DE_LU,forecast_solar_generation,Solar,2026-06-25T11:27:13Z
2026-06-25T11:25:56Z,2026-06-25T13:25:56+0200,aad9710e-10ca-4c9d-9467-7720556f4b2e,2026-06-11T19:30:00Z,2026-06-11T21:30:00+0200,46.4683,MW,DE,DE_LU,forecast_solar_generation,Solar,2026-06-25T11:27:13Z
2026-06-25T11:25:56Z,2026-06-25T13:25:56+0200,aad9710e-10ca-4c9d-9467-7720556f4b2e,2026-06-11T19:45:00Z,2026-06-11T21:45:00+0200,19.95925,MW,DE,DE_LU,forecast_solar_generation,Solar,2026-06-25T11:27:13Z
2026-06-25T11:25:56Z,2026-06-25T13:25:56+0200,aad9710e-10ca-4c9d-9467-7720556f4b2e,2026-06-11T20:00:00Z,2026-06-11T22:00:00+0200,5.614,MW,DE,DE_LU,forecast_solar_generation,Solar,2026-06-25T11:27:13Z
2026-06-25T11:25:56Z,2026-06-25T13:25:56+0200,aad9710e-10ca-4c9d-9467-7720556f4b2e,2026-06-11T20:15:00Z,2026-06-11T22:15:00+0200,0.0,MW,DE,DE_LU,forecast_solar_generation,Solar,2026-06-25T11:27:13Z
2026-06-25T11:25:56Z,2026-06-25T13:25:56+0200,aad9710e-10ca-4c9d-9467-7720556f4b2e,2026-06-11T20:30:00Z,2026-06-11T22:30:00+0200,0.0,MW,DE,DE_LU,forecast_solar_generation,Solar,2026-06-25T11:27:13Z
2026-06-25T11:25:56Z,2026-06-25T13:25:56+0200,aad9710e-10ca-4c9d-9467-7720556f4b2e,2026-06-11T20:45:00Z,2026-06-11T22:45:00+0200,0.0,MW,DE,DE_LU,forecast_solar_generation,Solar,2026-06-25T11:27:13Z
2026-06-25T11:25:56Z,2026-06-25T13:25:56+0200,aad9710e-10ca-4c9d-9467-7720556f4b2e,2026-06-11T21:00:00Z,2026-06-11T23:00:00+0200,0.0,MW,DE,DE_LU,forecast_solar_generation,Solar,2026-06-25T11:27:13Z
2026-06-25T11:25:56Z,2026-06-25T13:25:56+0200,aad9710e-10ca-4c9d-9467-7720556f4b2e,2026-06-11T21:15:00Z,2026-06-11T23:15:00+0200,0.0,MW,DE,DE_LU,forecast_solar_generation,Solar,2026-06-25T11:27:13Z
2026-06-25T11:25:56Z,2026-06-25T13:25:56+0200,aad9710e-10ca-4c9d-9467-7720556f4b2e,2026-06-11T21:30:00Z,2026-06-11T23:30:00+0200,0.0,MW,DE,DE_LU,forecast_solar_generation,Solar,2026-06-25T11:27:13Z
2026-06-25T11:25:56Z,2026-06-25T13:25:56+0200,aad9710e-10ca-4c9d-9467-7720556f4b2e,2026-06-11T21:45:00Z,2026-06-11T23:45:00+0200,0.0,MW,DE,DE_LU,forecast_solar_generation,Solar,2026-06-25T11:27:13Z
2026-06-25T11:25:56Z,2026-06-25T13:25:56+0200,aad9710e-10ca-4c9d-9467-7720556f4b2e,2026-06-11T22:00:00Z,2026-06-12T00:00:00+0200,0.0,MW,DE,DE_LU,forecast_solar_generation,Solar,2026-06-25T11:27:13Z
2026-06-25T11:25:56Z,2026-06-25T13:25:56+0200,aad9710e-10ca-4c9d-9467-7720556f4b2e,2026-06-11T22:15:00Z,2026-06-12T00:15:00+0200,0.0,MW,DE,DE_LU,forecast_solar_generation,Solar,2026-06-25T11:27:13Z
2026-06-25T11:25:56Z,2026-06-25T13:25:56+0200,aad9710e-10ca-4c9d-9467-7720556f4b2e,2026-06-11T22:30:00Z,2026-06-12T00:30:00+0200,0.0,MW,DE,DE_LU,forecast_solar_generation,Solar,2026-06-25T11:27:13Z
2026-06-25T11:25:56Z,2026-06-25T13:25:56+0200,aad9710e-10ca-4c9d-9467-7720556f4b2e,2026-06-11T22:45:00Z,2026-06-12T00:45:00+0200,0.0,MW,DE,DE_LU,forecast_solar_generation,Solar,2026-06-25T11:27:13Z
2026-06-25T11:25:56Z,2026-06-25T13:25:56+0200,aad9710e-10ca-4c9d-9467-7720556f4b2e,2026-06-11T23:00:00Z,2026-06-12T01:00:00+0200,0.0,MW,DE,DE_LU,forecast_solar_generation,Solar,2026-06-25T11:27:13Z
2026-06-25T11:25:56Z,2026-06-25T13:25:56+0200,aad9710e-10ca-4c9d-9467-7720556f4b2e,2026-06-11T23:15:00Z,2026-06-12T01:15:00+0200,0.0,MW,DE,DE_LU,forecast_solar_generation,Solar,2026-06-25T11:27:13Z
2026-06-25T11:25:56Z,2026-06-25T13:25:56+0200,aad9710e-10ca-4c9d-9467-7720556f4b2e,2026-06-11T23:30:00Z,2026-06-12T01:30:00+0200,0.0,MW,DE,DE_LU,forecast_solar_generation,Solar,2026-06-25T11:27:13Z
2026-06-25T11:25:56Z,2026-06-25T13:25:56+0200,aad9710e-10ca-4c9d-9467-7720556f4b2e,2026-06-11T23:45:00Z,2026-06-12T01:45:00+0200,0.0,MW,DE,DE_LU,forecast_solar_generation,Solar,2026-06-25T11:27:13Z
2026-06-25T11:25:56Z,2026-06-25T13:25:56+0200,aad9710e-10ca-4c9d-9467-7720556f4b2e,2026-06-12T00:00:00Z,2026-06-12T02:00:00+0200,0.0,MW,DE,DE_LU,forecast_solar_generation,Solar,2026-06-25T11:27:13Z
2026-06-25T11:25:56Z,2026-06-25T13:25:56+0200,aad9710e-10ca-4c9d-9467-7720556f4b2e,2026-06-12T00:15:00Z,2026-06-12T02:15:00+0200,0.0,MW,DE,DE_LU,forecast_solar_generation,Solar,2026-06-25T11:27:13Z
2026-06-25T11:25:56Z,2026-06-25T13:25:56+0200,aad9710e-10ca-4c9d-9467-7720556f4b2e,2026-06-12T00:30:00Z,2026-06-12T02:30:00+0200,0.0,MW,DE,DE_LU,forecast_solar_generation,Solar,2026-06-25T11:27:13Z
2026-06-25T11:25:56Z,2026-06-25T13:25:56+0200,aad9710e-10ca-4c9d-9467-7720556f4b2e,2026-06-12T00:45:00Z,2026-06-12T02:45:00+0200,0.0,MW,DE,DE_LU,forecast_solar_generation,Solar,2026-06-25T11:27:13Z
2026-06-25T11:25:56Z,2026-06-25T13:25:56+0200,aad9710e-10ca-4c9d-9467-7720556f4b2e,2026-06-12T01:00:00Z,2026-06-12T03:00:00+0200,0.0,MW,DE,DE_LU,forecast_solar_generation,Solar,2026-06-25T11:27:13Z
2026-06-25T11:25:56Z,2026-06-25T13:25:56+0200,aad9710e-10ca-4c9d-9467-7720556f4b2e,2026-06-12T01:15:00Z,2026-06-12T03:15:00+0200,0.0,MW,DE,DE_LU,forecast_solar_generation,Solar,2026-06-25T11:27:13Z
2026-06-25T11:25:56Z,2026-06-25T13:25:56+0200,aad9710e-10ca-4c9d-9467-7720556f4b2e,2026-06-12T01:30:00Z,2026-06-12T03:30:00+0200,0.0,MW,DE,DE_LU,forecast_solar_generation,Solar,2026-06-25T11:27:13Z
2026-06-25T11:25:56Z,2026-06-25T13:25:56+0200,aad9710e-10ca-4c9d-9467-7720556f4b2e,2026-06-12T01:45:00Z,2026-06-12T03:45:00+0200,0.0,MW,DE,DE_LU,forecast_solar_generation,Solar,2026-06-25T11:27:13Z
2026-06-25T11:25:56Z,2026-06-25T13:25:56+0200,aad9710e-10ca-4c9d-9467-7720556f4b2e,2026-06-12T02:00:00Z,2026-06-12T04:00:00+0200,0.0,MW,DE,DE_LU,forecast_solar_generation,Solar,2026-06-25T11:27:13Z
2026-06-25T11:25:56Z,2026-06-25T13:25:56+0200,aad9710e-10ca-4c9d-9467-7720556f4b2e,2026-06-12T02:15:00Z,2026-06-12T04:15:00+0200,0.0,MW,DE,DE_LU,forecast_solar_generation,Solar,2026-06-25T11:27:13Z
2026-06-25T11:25:56Z,2026-06-25T13:25:56+0200,aad9710e-10ca-4c9d-9467-7720556f4b2e,2026-06-12T02:30:00Z,2026-06-12T04:30:00+0200,0.53,MW,DE,DE_LU,forecast_solar_generation,Solar,2026-06-25T11:27:13Z
2026-06-25T11:25:56Z,2026-06-25T13:25:56+0200,aad9710e-10ca-4c9d-9467-7720556f4b2e,2026-06-12T02:45:00Z,2026-06-12T04:45:00+0200,19.41925,MW,DE,DE_LU,forecast_solar_generation,Solar,2026-06-25T11:27:13Z
2026-06-25T11:25:56Z,2026-06-25T13:25:56+0200,aad9710e-10ca-4c9d-9467-7720556f4b2e,2026-06-12T03:00:00Z,2026-06-12T05:00:00+0200,94.1502,MW,DE,DE_LU,forecast_solar_generation,Solar,2026-06-25T11:27:13Z
2026-06-25T11:25:56Z,2026-06-25T13:25:56+0200,aad9710e-10ca-4c9d-9467-7720556f4b2e,2026-06-12T03:15:00Z,2026-06-12T05:15:00+0200,270.52159,MW,DE,DE_LU,forecast_solar_generation,Solar,2026-06-25T11:27:13Z
2026-06-25T11:25:56Z,2026-06-25T13:25:56+0200,aad9710e-10ca-4c9d-9467-7720556f4b2e,2026-06-12T03:30:00Z,2026-06-12T05:30:00+0200,512.73473,MW,DE,DE_LU,forecast_solar_generation,Solar,2026-06-25T11:27:13Z
2026-06-25T11:25:56Z,2026-06-25T13:25:56+0200,aad9710e-10ca-4c9d-9467-7720556f4b2e,2026-06-12T03:45:00Z,2026-06-12T05:45:00+0200,858.6558,MW,DE,DE_LU,forecast_solar_generation,Solar,2026-06-25T11:27:13Z
2026-06-25T11:25:56Z,2026-06-25T13:25:56+0200,aad9710e-10ca-4c9d-9467-7720556f4b2e,2026-06-12T04:00:00Z,2026-06-12T06:00:00+0200,1309.58642,MW,DE,DE_LU,forecast_solar_generation,Solar,2026-06-25T11:27:13Z
2026-06-25T11:25:56Z,2026-06-25T13:25:56+0200,aad9710e-10ca-4c9d-9467-7720556f4b2e,2026-06-12T04:15:00Z,2026-06-12T06:15:00+0200,1875.54075,MW,DE,DE_LU,forecast_solar_generation,Solar,2026-06-25T11:27:13Z
2026-06-25T11:25:56Z,2026-06-25T13:25:56+0200,aad9710e-10ca-4c9d-9467-7720556f4b2e,2026-06-12T04:30:00Z,2026-06-12T06:30:00+0200,2517.80542,MW,DE,DE_LU,forecast_solar_generation,Solar,2026-06-25T11:27:13Z
2026-06-25T11:25:56Z,2026-06-25T13:25:56+0200,aad9710e-10ca-4c9d-9467-7720556f4b2e,2026-06-12T04:45:00Z,2026-06-12T06:45:00+0200,3250.13707,MW,DE,DE_LU,forecast_solar_generation,Solar,2026-06-25T11:27:13Z
2026-06-25T11:25:56Z,2026-06-25T13:25:56+0200,aad9710e-10ca-4c9d-9467-7720556f4b2e,2026-06-12T05:00:00Z,2026-06-12T07:00:00+0200,4034.37715,MW,DE,DE_LU,forecast_solar_generation,Solar,2026-06-25T11:27:13Z
2026-06-25T11:25:56Z,2026-06-25T13:25:56+0200,aad9710e-10ca-4c9d-9467-7720556f4b2e,2026-06-12T05:15:00Z,2026-06-12T07:15:00+0200,4859.42042,MW,DE,DE_LU,forecast_solar_generation,Solar,2026-06-25T11:27:13Z
2026-06-25T11:25:56Z,2026-06-25T13:25:56+0200,aad9710e-10ca-4c9d-9467-7720556f4b2e,2026-06-12T05:30:00Z,2026-06-12T07:30:00+0200,5708.9222,MW,DE,DE_LU,forecast_solar_generation,Solar,2026-06-25T11:27:13Z
2026-06-25T11:25:56Z,2026-06-25T13:25:56+0200,aad9710e-10ca-4c9d-9467-7720556f4b2e,2026-06-12T05:45:00Z,2026-06-12T07:45:00+0200,6589.56616,MW,DE,DE_LU,forecast_solar_generation,Solar,2026-06-25T11:27:13Z
2026-06-25T11:25:56Z,2026-06-25T13:25:56+0200,aad9710e-10ca-4c9d-9467-7720556f4b2e,2026-06-12T06:00:00Z,2026-06-12T08:00:00+0200,7463.56042,MW,DE,DE_LU,forecast_solar_generation,Solar,2026-06-25T11:27:13Z
2026-06-25T11:25:56Z,2026-06-25T13:25:56+0200,aad9710e-10ca-4c9d-9467-7720556f4b2e,2026-06-12T06:15:00Z,2026-06-12T08:15:00+0200,8315.75201,MW,DE,DE_LU,forecast_solar_generation,Solar,2026-06-25T11:27:13Z
2026-06-25T11:25:56Z,2026-06-25T13:25:56+0200,aad9710e-10ca-4c9d-9467-7720556f4b2e,2026-06-12T06:30:00Z,2026-06-12T08:30:00+0200,9162.42579,MW,DE,DE_LU,forecast_solar_generation,Solar,2026-06-25T11:27:13Z
2026-06-25T11:25:56Z,2026-06-25T13:25:56+0200,aad9710e-10ca-4c9d-9467-7720556f4b2e,2026-06-12T06:45:00Z,2026-06-12T08:45:00+0200,9987.15315,MW,DE,DE_LU,forecast_solar_generation,Solar,2026-06-25T11:27:13Z
2026-06-25T11:25:56Z,2026-06-25T13:25:56+0200,aad9710e-10ca-4c9d-9467-7720556f4b2e,2026-06-12T07:00:00Z,2026-06-12T09:00:00+0200,10757.08257,MW,DE,DE_LU,forecast_solar_generation,Solar,2026-06-25T11:27:13Z
2026-06-25T11:25:56Z,2026-06-25T13:25:56+0200,aad9710e-10ca-4c9d-9467-7720556f4b2e,2026-06-12T07:15:00Z,2026-06-12T09:15:00+0200,11463.38831,MW,DE,DE_LU,forecast_solar_generation,Solar,2026-06-25T11:27:13Z
2026-06-25T11:25:56Z,2026-06-25T13:25:56+0200,aad9710e-10ca-4c9d-9467-7720556f4b2e,2026-06-12T07:30:00Z,2026-06-12T09:30:00+0200,12142.78925,MW,DE,DE_LU,forecast_solar_generation,Solar,2026-06-25T11:27:13Z
2026-06-25T11:25:56Z,2026-06-25T13:25:56+0200,aad9710e-10ca-4c9d-9467-7720556f4b2e,2026-06-12T07:45:00Z,2026-06-12T09:45:00+0200,12754.74764,MW,DE,DE_LU,forecast_solar_generation,Solar,2026-06-25T11:27:13Z
2026-06-25T11:25:56Z,2026-06-25T13:25:56+0200,aad9710e-10ca-4c9d-9467-7720556f4b2e,2026-06-12T08:00:00Z,2026-06-12T10:00:00+0200,13333.93321,MW,DE,DE_LU,forecast_solar_generation,Solar,2026-06-25T11:27:13Z
2026-06-25T11:25:56Z,2026-06-25T13:25:56+0200,aad9710e-10ca-4c9d-9467-7720556f4b2e,2026-06-12T08:15:00Z,2026-06-12T10:15:00+0200,13930.52993,MW,DE,DE_LU,forecast_solar_generation,Solar,2026-06-25T11:27:13Z
2026-06-25T11:25:56Z,2026-06-25T13:25:56+0200,aad9710e-10ca-4c9d-9467-7720556f4b2e,2026-06-12T08:30:00Z,2026-06-12T10:30:00+0200,14444.53588,MW,DE,DE_LU,forecast_solar_generation,Solar,2026-06-25T11:27:13Z
2026-06-25T11:25:56Z,2026-06-25T13:25:56+0200,aad9710e-10ca-4c9d-9467-7720556f4b2e,2026-06-12T08:45:00Z,2026-06-12T10:45:00+0200,14871.29946,MW,DE,DE_LU,forecast_solar_generation,Solar,2026-06-25T11:27:13Z
2026-06-25T11:25:56Z,2026-06-25T13:25:56+0200,aad9710e-10ca-4c9d-9467-7720556f4b2e,2026-06-12T09:00:00Z,2026-06-12T11:00:00+0200,15277.39948,MW,DE,DE_LU,forecast_solar_generation,Solar,2026-06-25T11:27:13Z
2026-06-25T11:25:56Z,2026-06-25T13:25:56+0200,aad9710e-10ca-4c9d-9467-7720556f4b2e,2026-06-12T09:15:00Z,2026-06-12T11:15:00+0200,15740.55535,MW,DE,DE_LU,forecast_solar_generation,Solar,2026-06-25T11:27:13Z
2026-06-25T11:25:56Z,2026-06-25T13:25:56+0200,aad9710e-10ca-4c9d-9467-7720556f4b2e,2026-06-12T09:30:00Z,2026-06-12T11:30:00+0200,16170.01577,MW,DE,DE_LU,forecast_solar_generation,Solar,2026-06-25T11:27:13Z
2026-06-25T11:25:56Z,2026-06-25T13:25:56+0200,aad9710e-10ca-4c9d-9467-7720556f4b2e,2026-06-12T09:45:00Z,2026-06-12T11:45:00+0200,16647.53444,MW,DE,DE_LU,forecast_solar_generation,Solar,2026-06-25T11:27:13Z
2026-06-25T11:25:56Z,2026-06-25T13:25:56+0200,aad9710e-10ca-4c9d-9467-7720556f4b2e,2026-06-12T10:00:00Z,2026-06-12T12:00:00+0200,17061.93229,MW,DE,DE_LU,forecast_solar_generation,Solar,2026-06-25T11:27:13Z
2026-06-25T11:25:56Z,2026-06-25T13:25:56+0200,aad9710e-10ca-4c9d-9467-7720556f4b2e,2026-06-12T10:15:00Z,2026-06-12T12:15:00+0200,17306.27905,MW,DE,DE_LU,forecast_solar_generation,Solar,2026-06-25T11:27:13Z
2026-06-25T11:25:56Z,2026-06-25T13:25:56+0200,aad9710e-10ca-4c9d-9467-7720556f4b2e,2026-06-12T10:30:00Z,2026-06-12T12:30:00+0200,17599.5361,MW,DE,DE_LU,forecast_solar_generation,Solar,2026-06-25T11:27:13Z
2026-06-25T11:25:56Z,2026-06-25T13:25:56+0200,aad9710e-10ca-4c9d-9467-7720556f4b2e,2026-06-12T10:45:00Z,2026-06-12T12:45:00+0200,17888.83752,MW,DE,DE_LU,forecast_solar_generation,Solar,2026-06-25T11:27:13Z
2026-06-25T11:25:56Z,2026-06-25T13:25:56+0200,aad9710e-10ca-4c9d-9467-7720556f4b2e,2026-06-12T11:00:00Z,2026-06-12T13:00:00+0200,18142.18169,MW,DE,DE_LU,forecast_solar_generation,Solar,2026-06-25T11:27:13Z
2026-06-25T11:25:56Z,2026-06-25T13:25:56+0200,aad9710e-10ca-4c9d-9467-7720556f4b2e,2026-06-12T11:15:00Z,2026-06-12T13:15:00+0200,18308.34705,MW,DE,DE_LU,forecast_solar_generation,Solar,2026-06-25T11:27:13Z
2026-06-25T11:25:56Z,2026-06-25T13:25:56+0200,aad9710e-10ca-4c9d-9467-7720556f4b2e,2026-06-12T11:30:00Z,2026-06-12T13:30:00+0200,18483.41835,MW,DE,DE_LU,forecast_solar_generation,Solar,2026-06-25T11:27:13Z
2026-06-25T11:25:56Z,2026-06-25T13:25:56+0200,aad9710e-10ca-4c9d-9467-7720556f4b2e,2026-06-12T11:45:00Z,2026-06-12T13:45:00+0200,18571.61142,MW,DE,DE_LU,forecast_solar_generation,Solar,2026-06-25T11:27:13Z
2026-06-25T11:25:56Z,2026-06-25T13:25:56+0200,aad9710e-10ca-4c9d-9467-7720556f4b2e,2026-06-12T12:00:00Z,2026-06-12T14:00:00+0200,18635.05757,MW,DE,DE_LU,forecast_solar_generation,Solar,2026-06-25T11:27:13Z
2026-06-25T11:25:56Z,2026-06-25T13:25:56+0200,aad9710e-10ca-4c9d-9467-7720556f4b2e,2026-06-12T12:15:00Z,2026-06-12T14:15:00+0200,18618.37986,MW,DE,DE_LU,forecast_solar_generation,Solar,2026-06-25T11:27:13Z
2026-06-25T11:25:56Z,2026-06-25T13:25:56+0200,aad9710e-10ca-4c9d-9467-7720556f4b2e,2026-06-12T12:30:00Z,2026-06-12T14:30:00+0200,18646.01739,MW,DE,DE_LU,forecast_solar_generation,Solar,2026-06-25T11:27:13Z
2026-06-25T11:25:56Z,2026-06-25T13:25:56+0200,aad9710e-10ca-4c9d-9467-7720556f4b2e,2026-06-12T12:45:00Z,2026-06-12T14:45:00+0200,18394.11035,MW,DE,DE_LU,forecast_solar_generation,Solar,2026-06-25T11:27:13Z
2026-06-25T11:25:56Z,2026-06-25T13:25:56+0200,aad9710e-10ca-4c9d-9467-7720556f4b2e,2026-06-12T13:00:00Z,2026-06-12T15:00:00+0200,17993.75306,MW,DE,DE_LU,forecast_solar_generation,Solar,2026-06-25T11:27:13Z
2026-06-25T11:25:56Z,2026-06-25T13:25:56+0200,aad9710e-10ca-4c9d-9467-7720556f4b2e,2026-06-12T13:15:00Z,2026-06-12T15:15:00+0200,17677.70626,MW,DE,DE_LU,forecast_solar_generation,Solar,2026-06-25T11:27:13Z
2026-06-25T11:25:56Z,2026-06-25T13:25:56+0200,aad9710e-10ca-4c9d-9467-7720556f4b2e,2026-06-12T13:30:00Z,2026-06-12T15:30:00+0200,17349.88506,MW,DE,DE_LU,forecast_solar_generation,Solar,2026-06-25T11:27:13Z
2026-06-25T11:25:56Z,2026-06-25T13:25:56+0200,aad9710e-10ca-4c9d-9467-7720556f4b2e,2026-06-12T13:45:00Z,2026-06-12T15:45:00+0200,16958.02039,MW,DE,DE_LU,forecast_solar_generation,Solar,2026-06-25T11:27:13Z
2026-06-25T11:25:56Z,2026-06-25T13:25:56+0200,aad9710e-10ca-4c9d-9467-7720556f4b2e,2026-06-12T14:00:00Z,2026-06-12T16:00:00+0200,16414.25418,MW,DE,DE_LU,forecast_solar_generation,Solar,2026-06-25T11:27:13Z
2026-06-25T11:25:56Z,2026-06-25T13:25:56+0200,aad9710e-10ca-4c9d-9467-7720556f4b2e,2026-06-12T14:15:00Z,2026-06-12T16:15:00+0200,15872.52449,MW,DE,DE_LU,forecast_solar_generation,Solar,2026-06-25T11:27:13Z
2026-06-25T11:25:56Z,2026-06-25T13:25:56+0200,aad9710e-10ca-4c9d-9467-7720556f4b2e,2026-06-12T14:30:00Z,2026-06-12T16:30:00+0200,15302.57656,MW,DE,DE_LU,forecast_solar_generation,Solar,2026-06-25T11:27:13Z
2026-06-25T11:25:56Z,2026-06-25T13:25:56+0200,aad9710e-10ca-4c9d-9467-7720556f4b2e,2026-06-12T14:45:00Z,2026-06-12T16:45:00+0200,14523.5691,MW,DE,DE_LU,forecast_solar_generation,Solar,2026-06-25T11:27:13Z
2026-06-25T11:25:56Z,2026-06-25T13:25:56+0200,aad9710e-10ca-4c9d-9467-7720556f4b2e,2026-06-12T15:00:00Z,2026-06-12T17:00:00+0200,13643.01925,MW,DE,DE_LU,forecast_solar_generation,Solar,2026-06-25T11:27:13Z
2026-06-25T11:25:56Z,2026-06-25T13:25:56+0200,aad9710e-10ca-4c9d-9467-7720556f4b2e,2026-06-12T15:15:00Z,2026-06-12T17:15:00+0200,12730.50787,MW,DE,DE_LU,forecast_solar_generation,Solar,2026-06-25T11:27:13Z
2026-06-25T11:25:56Z,2026-06-25T13:25:56+0200,aad9710e-10ca-4c9d-9467-7720556f4b2e,2026-06-12T15:30:00Z,2026-06-12T17:30:00+0200,11744.03244,MW,DE,DE_LU,forecast_solar_generation,Solar,2026-06-25T11:27:13Z
2026-06-25T11:25:56Z,2026-06-25T13:25:56+0200,aad9710e-10ca-4c9d-9467-7720556f4b2e,2026-06-12T15:45:00Z,2026-06-12T17:45:00+0200,10715.86277,MW,DE,DE_LU,forecast_solar_generation,Solar,2026-06-25T11:27:13Z
2026-06-25T11:25:56Z,2026-06-25T13:25:56+0200,aad9710e-10ca-4c9d-9467-7720556f4b2e,2026-06-12T16:00:00Z,2026-06-12T18:00:00+0200,9671.82008,MW,DE,DE_LU,forecast_solar_generation,Solar,2026-06-25T11:27:13Z
2026-06-25T11:25:56Z,2026-06-25T13:25:56+0200,aad9710e-10ca-4c9d-9467-7720556f4b2e,2026-06-12T16:15:00Z,2026-06-12T18:15:00+0200,8653.4934,MW,DE,DE_LU,forecast_solar_generation,Solar,2026-06-25T11:27:13Z
2026-06-25T11:25:56Z,2026-06-25T13:25:56+0200,aad9710e-10ca-4c9d-9467-7720556f4b2e,2026-06-12T16:30:00Z,2026-06-12T18:30:00+0200,7616.25816,MW,DE,DE_LU,forecast_solar_generation,Solar,2026-06-25T11:27:13Z
2026-06-25T11:25:56Z,2026-06-25T13:25:56+0200,aad9710e-10ca-4c9d-9467-7720556f4b2e,2026-06-12T16:45:00Z,2026-06-12T18:45:00+0200,6591.9082,MW,DE,DE_LU,forecast_solar_generation,Solar,2026-06-25T11:27:13Z
2026-06-25T11:25:56Z,2026-06-25T13:25:56+0200,aad9710e-10ca-4c9d-9467-7720556f4b2e,2026-06-12T17:00:00Z,2026-06-12T19:00:00+0200,5584.47724,MW,DE,DE_LU,forecast_solar_generation,Solar,2026-06-25T11:27:13Z
2026-06-25T11:25:56Z,2026-06-25T13:25:56+0200,aad9710e-10ca-4c9d-9467-7720556f4b2e,2026-06-12T17:15:00Z,2026-06-12T19:15:00+0200,4602.12365,MW,DE,DE_LU,forecast_solar_generation,Solar,2026-06-25T11:27:13Z
2026-06-25T11:25:56Z,2026-06-25T13:25:56+0200,aad9710e-10ca-4c9d-9467-7720556f4b2e,2026-06-12T17:30:00Z,2026-06-12T19:30:00+0200,3676.87742,MW,DE,DE_LU,forecast_solar_generation,Solar,2026-06-25T11:27:13Z
2026-06-25T11:25:56Z,2026-06-25T13:25:56+0200,aad9710e-10ca-4c9d-9467-7720556f4b2e,2026-06-12T17:45:00Z,2026-06-12T19:45:00+0200,2830.82264,MW,DE,DE_LU,forecast_solar_generation,Solar,2026-06-25T11:27:13Z
2026-06-25T11:25:56Z,2026-06-25T13:25:56+0200,aad9710e-10ca-4c9d-9467-7720556f4b2e,2026-06-12T18:00:00Z,2026-06-12T20:00:00+0200,2081.66085,MW,DE,DE_LU,forecast_solar_generation,Solar,2026-06-25T11:27:13Z
2026-06-25T11:25:56Z,2026-06-25T13:25:56+0200,aad9710e-10ca-4c9d-9467-7720556f4b2e,2026-06-12T18:15:00Z,2026-06-12T20:15:00+0200,1444.00161,MW,DE,DE_LU,forecast_solar_generation,Solar,2026-06-25T11:27:13Z
2026-06-25T11:25:56Z,2026-06-25T13:25:56+0200,aad9710e-10ca-4c9d-9467-7720556f4b2e,2026-06-12T18:30:00Z,2026-06-12T20:30:00+0200,934.01928,MW,DE,DE_LU,forecast_solar_generation,Solar,2026-06-25T11:27:13Z
2026-06-25T11:25:56Z,2026-06-25T13:25:56+0200,aad9710e-10ca-4c9d-9467-7720556f4b2e,2026-06-12T18:45:00Z,2026-06-12T20:45:00+0200,535.71472,MW,DE,DE_LU,forecast_solar_generation,Solar,2026-06-25T11:27:13Z
2026-06-25T11:25:56Z,2026-06-25T13:25:56+0200,aad9710e-10ca-4c9d-9467-7720556f4b2e,2026-06-12T19:00:00Z,2026-06-12T21:00:00+0200,265.76223,MW,DE,DE_LU,forecast_solar_generation,Solar,2026-06-25T11:27:13Z
2026-06-25T11:25:56Z,2026-06-25T13:25:56+0200,aad9710e-10ca-4c9d-9467-7720556f4b2e,2026-06-12T19:15:00Z,2026-06-12T21:15:00+0200,106.22232,MW,DE,DE_LU,forecast_solar_generation,Solar,2026-06-25T11:27:13Z
2026-06-25T11:25:56Z,2026-06-25T13:25:56+0200,aad9710e-10ca-4c9d-9467-7720556f4b2e,2026-06-12T19:30:00Z,2026-06-12T21:30:00+0200,35.79946,MW,DE,DE_LU,forecast_solar_generation,Solar,2026-06-25T11:27:13Z
2026-06-25T11:25:56Z,2026-06-25T13:25:56+0200,aad9710e-10ca-4c9d-9467-7720556f4b2e,2026-06-12T19:45:00Z,2026-06-12T21:45:00+0200,11.01181,MW,DE,DE_LU,forecast_solar_generation,Solar,2026-06-25T11:27:13Z
2026-06-25T11:25:56Z,2026-06-25T13:25:56+0200,aad9710e-10ca-4c9d-9467-7720556f4b2e,2026-06-12T20:00:00Z,2026-06-12T22:00:00+0200,0.218,MW,DE,DE_LU,forecast_solar_generation,Solar,2026-06-25T11:27:13Z
2026-06-25T11:25:56Z,2026-06-25T13:25:56+0200,aad9710e-10ca-4c9d-9467-7720556f4b2e,2026-06-12T20:15:00Z,2026-06-12T22:15:00+0200,0.0,MW,DE,DE_LU,forecast_solar_generation,Solar,2026-06-25T11:27:13Z
2026-06-25T11:25:56Z,2026-06-25T13:25:56+0200,aad9710e-10ca-4c9d-9467-7720556f4b2e,2026-06-12T20:30:00Z,2026-06-12T22:30:00+0200,0.0,MW,DE,DE_LU,forecast_solar_generation,Solar,2026-06-25T11:27:13Z
2026-06-25T11:25:56Z,2026-06-25T13:25:56+0200,aad9710e-10ca-4c9d-9467-7720556f4b2e,2026-06-12T20:45:00Z,2026-06-12T22:45:00+0200,0.0,MW,DE,DE_LU,forecast_solar_generation,Solar,2026-06-25T11:27:13Z
2026-06-25T11:25:56Z,2026-06-25T13:25:56+0200,aad9710e-10ca-4c9d-9467-7720556f4b2e,2026-06-12T21:00:00Z,2026-06-12T23:00:00+0200,0.0,MW,DE,DE_LU,forecast_solar_generation,Solar,2026-06-25T11:27:13Z
2026-06-25T11:25:56Z,2026-06-25T13:25:56+0200,aad9710e-10ca-4c9d-9467-7720556f4b2e,2026-06-12T21:15:00Z,2026-06-12T23:15:00+0200,0.0,MW,DE,DE_LU,forecast_solar_generation,Solar,2026-06-25T11:27:13Z
2026-06-25T11:25:56Z,2026-06-25T13:25:56+0200,aad9710e-10ca-4c9d-9467-7720556f4b2e,2026-06-12T21:30:00Z,2026-06-12T23:30:00+0200,0.0,MW,DE,DE_LU,forecast_solar_generation,Solar,2026-06-25T11:27:13Z
2026-06-25T11:25:56Z,2026-06-25T13:25:56+0200,aad9710e-10ca-4c9d-9467-7720556f4b2e,2026-06-12T21:45:00Z,2026-06-12T23:45:00+0200,0.0,MW,DE,DE_LU,forecast_solar_generation,Solar,2026-06-25T11:27:13Z
2026-06-25T11:25:56Z,2026-06-25T13:25:56+0200,aad9710e-10ca-4c9d-9467-7720556f4b2e,2026-06-12T22:00:00Z,2026-06-13T00:00:00+0200,0.0,MW,DE,DE_LU,forecast_solar_generation,Solar,2026-06-25T11:27:13Z
2026-06-25T11:25:56Z,2026-06-25T13:25:56+0200,aad9710e-10ca-4c9d-9467-7720556f4b2e,2026-06-12T22:15:00Z,2026-06-13T00:15:00+0200,0.0,MW,DE,DE_LU,forecast_solar_generation,Solar,2026-06-25T11:27:13Z
2026-06-25T11:25:56Z,2026-06-25T13:25:56+0200,aad9710e-10ca-4c9d-9467-7720556f4b2e,2026-06-12T22:30:00Z,2026-06-13T00:30:00+0200,0.0,MW,DE,DE_LU,forecast_solar_generation,Solar,2026-06-25T11:27:13Z
2026-06-25T11:25:56Z,2026-06-25T13:25:56+0200,aad9710e-10ca-4c9d-9467-7720556f4b2e,2026-06-12T22:45:00Z,2026-06-13T00:45:00+0200,0.0,MW,DE,DE_LU,forecast_solar_generation,Solar,2026-06-25T11:27:13Z
2026-06-25T11:25:56Z,2026-06-25T13:25:56+0200,aad9710e-10ca-4c9d-9467-7720556f4b2e,2026-06-12T23:00:00Z,2026-06-13T01:00:00+0200,0.0,MW,DE,DE_LU,forecast_solar_generation,Solar,2026-06-25T11:27:13Z
2026-06-25T11:25:56Z,2026-06-25T13:25:56+0200,aad9710e-10ca-4c9d-9467-7720556f4b2e,2026-06-12T23:15:00Z,2026-06-13T01:15:00+0200,0.0,MW,DE,DE_LU,forecast_solar_generation,Solar,2026-06-25T11:27:13Z
2026-06-25T11:25:56Z,2026-06-25T13:25:56+0200,aad9710e-10ca-4c9d-9467-7720556f4b2e,2026-06-12T23:30:00Z,2026-06-13T01:30:00+0200,0.0,MW,DE,DE_LU,forecast_solar_generation,Solar,2026-06-25T11:27:13Z
2026-06-25T11:25:56Z,2026-06-25T13:25:56+0200,aad9710e-10ca-4c9d-9467-7720556f4b2e,2026-06-12T23:45:00Z,2026-06-13T01:45:00+0200,0.0,MW,DE,DE_LU,forecast_solar_generation,Solar,2026-06-25T11:27:13Z
2026-06-25T11:25:56Z,2026-06-25T13:25:56+0200,aad9710e-10ca-4c9d-9467-7720556f4b2e,2026-06-13T00:00:00Z,2026-06-13T02:00:00+0200,0.0,MW,DE,DE_LU,forecast_solar_generation,Solar,2026-06-25T11:27:13Z
2026-06-25T11:25:56Z,2026-06-25T13:25:56+0200,aad9710e-10ca-4c9d-9467-7720556f4b2e,2026-06-13T00:15:00Z,2026-06-13T02:15:00+0200,0.0,MW,DE,DE_LU,forecast_solar_generation,Solar,2026-06-25T11:27:13Z
2026-06-25T11:25:56Z,2026-06-25T13:25:56+0200,aad9710e-10ca-4c9d-9467-7720556f4b2e,2026-06-13T00:30:00Z,2026-06-13T02:30:00+0200,0.0,MW,DE,DE_LU,forecast_solar_generation,Solar,2026-06-25T11:27:13Z
2026-06-25T11:25:56Z,2026-06-25T13:25:56+0200,aad9710e-10ca-4c9d-9467-7720556f4b2e,2026-06-13T00:45:00Z,2026-06-13T02:45:00+0200,0.0,MW,DE,DE_LU,forecast_solar_generation,Solar,2026-06-25T11:27:13Z
2026-06-25T11:25:56Z,2026-06-25T13:25:56+0200,aad9710e-10ca-4c9d-9467-7720556f4b2e,2026-06-13T01:00:00Z,2026-06-13T03:00:00+0200,0.0,MW,DE,DE_LU,forecast_solar_generation,Solar,2026-06-25T11:27:13Z
2026-06-25T11:25:56Z,2026-06-25T13:25:56+0200,aad9710e-10ca-4c9d-9467-7720556f4b2e,2026-06-13T01:15:00Z,2026-06-13T03:15:00+0200,0.0,MW,DE,DE_LU,forecast_solar_generation,Solar,2026-06-25T11:27:13Z
2026-06-25T11:25:56Z,2026-06-25T13:25:56+0200,aad9710e-10ca-4c9d-9467-7720556f4b2e,2026-06-13T01:30:00Z,2026-06-13T03:30:00+0200,0.0,MW,DE,DE_LU,forecast_solar_generation,Solar,2026-06-25T11:27:13Z
2026-06-25T11:25:56Z,2026-06-25T13:25:56+0200,aad9710e-10ca-4c9d-9467-7720556f4b2e,2026-06-13T01:45:00Z,2026-06-13T03:45:00+0200,0.0,MW,DE,DE_LU,forecast_solar_generation,Solar,2026-06-25T11:27:13Z
2026-06-25T11:25:56Z,2026-06-25T13:25:56+0200,aad9710e-10ca-4c9d-9467-7720556f4b2e,2026-06-13T02:00:00Z,2026-06-13T04:00:00+0200,0.0,MW,DE,DE_LU,forecast_solar_generation,Solar,2026-06-25T11:27:13Z
2026-06-25T11:25:56Z,2026-06-25T13:25:56+0200,aad9710e-10ca-4c9d-9467-7720556f4b2e,2026-06-13T02:15:00Z,2026-06-13T04:15:00+0200,0.0,MW,DE,DE_LU,forecast_solar_generation,Solar,2026-06-25T11:27:13Z
2026-06-25T11:25:56Z,2026-06-25T13:25:56+0200,aad9710e-10ca-4c9d-9467-7720556f4b2e,2026-06-13T02:30:00Z,2026-06-13T04:30:00+0200,0.78,MW,DE,DE_LU,forecast_solar_generation,Solar,2026-06-25T11:27:13Z
2026-06-25T11:25:56Z,2026-06-25T13:25:56+0200,aad9710e-10ca-4c9d-9467-7720556f4b2e,2026-06-13T02:45:00Z,2026-06-13T04:45:00+0200,22.23951,MW,DE,DE_LU,forecast_solar_generation,Solar,2026-06-25T11:27:13Z
2026-06-25T11:25:56Z,2026-06-25T13:25:56+0200,aad9710e-10ca-4c9d-9467-7720556f4b2e,2026-06-13T03:00:00Z,2026-06-13T05:00:00+0200,99.05856,MW,DE,DE_LU,forecast_solar_generation,Solar,2026-06-25T11:27:13Z
2026-06-25T11:25:56Z,2026-06-25T13:25:56+0200,aad9710e-10ca-4c9d-9467-7720556f4b2e,2026-06-13T03:15:00Z,2026-06-13T05:15:00+0200,289.88255,MW,DE,DE_LU,forecast_solar_generation,Solar,2026-06-25T11:27:13Z
2026-06-25T11:25:56Z,2026-06-25T13:25:56+0200,aad9710e-10ca-4c9d-9467-7720556f4b2e,2026-06-13T03:30:00Z,2026-06-13T05:30:00+0200,617.13861,MW,DE,DE_LU,forecast_solar_generation,Solar,2026-06-25T11:27:13Z
2026-06-25T11:25:56Z,2026-06-25T13:25:56+0200,aad9710e-10ca-4c9d-9467-7720556f4b2e,2026-06-13T03:45:00Z,2026-06-13T05:45:00+0200,1141.88661,MW,DE,DE_LU,forecast_solar_generation,Solar,2026-06-25T11:27:13Z
2026-06-25T11:25:56Z,2026-06-25T13:25:56+0200,aad9710e-10ca-4c9d-9467-7720556f4b2e,2026-06-13T04:00:00Z,2026-06-13T06:00:00+0200,1906.1619,MW,DE,DE_LU,forecast_solar_generation,Solar,2026-06-25T11:27:13Z
2026-06-25T11:25:56Z,2026-06-25T13:25:56+0200,aad9710e-10ca-4c9d-9467-7720556f4b2e,2026-06-13T04:15:00Z,2026-06-13T06:15:00+0200,2885.76764,MW,DE,DE_LU,forecast_solar_generation,Solar,2026-06-25T11:27:13Z
2026-06-25T11:25:56Z,2026-06-25T13:25:56+0200,aad9710e-10ca-4c9d-9467-7720556f4b2e,2026-06-13T04:30:00Z,2026-06-13T06:30:00+0200,4046.75398,MW,DE,DE_LU,forecast_solar_generation,Solar,2026-06-25T11:27:13Z
2026-06-25T11:25:56Z,2026-06-25T13:25:56+0200,aad9710e-10ca-4c9d-9467-7720556f4b2e,2026-06-13T04:45:00Z,2026-06-13T06:45:00+0200,5402.73827,MW,DE,DE_LU,forecast_solar_generation,Solar,2026-06-25T11:27:13Z
2026-06-25T11:25:56Z,2026-06-25T13:25:56+0200,aad9710e-10ca-4c9d-9467-7720556f4b2e,2026-06-13T05:00:00Z,2026-06-13T07:00:00+0200,6919.94975,MW,DE,DE_LU,forecast_solar_generation,Solar,2026-06-25T11:27:13Z
2026-06-25T11:25:56Z,2026-06-25T13:25:56+0200,aad9710e-10ca-4c9d-9467-7720556f4b2e,2026-06-13T05:15:00Z,2026-06-13T07:15:00+0200,8604.983,MW,DE,DE_LU,forecast_solar_generation,Solar,2026-06-25T11:27:13Z
2026-06-25T11:25:56Z,2026-06-25T13:25:56+0200,aad9710e-10ca-4c9d-9467-7720556f4b2e,2026-06-13T05:30:00Z,2026-06-13T07:30:00+0200,10439.74507,MW,DE,DE_LU,forecast_solar_generation,Solar,2026-06-25T11:27:13Z
2026-06-25T11:25:56Z,2026-06-25T13:25:56+0200,aad9710e-10ca-4c9d-9467-7720556f4b2e,2026-06-13T05:45:00Z,2026-06-13T07:45:00+0200,12393.73905,MW,DE,DE_LU,forecast_solar_generation,Solar,2026-06-25T11:27:13Z
2026-06-25T11:25:56Z,2026-06-25T13:25:56+0200,aad9710e-10ca-4c9d-9467-7720556f4b2e,2026-06-13T06:00:00Z,2026-06-13T08:00:00+0200,14417.27533,MW,DE,DE_LU,forecast_solar_generation,Solar,2026-06-25T11:27:13Z
2026-06-25T11:25:56Z,2026-06-25T13:25:56+0200,aad9710e-10ca-4c9d-9467-7720556f4b2e,2026-06-13T06:15:00Z,2026-06-13T08:15:00+0200,16473.90491,MW,DE,DE_LU,forecast_solar_generation,Solar,2026-06-25T11:27:13Z
2026-06-25T11:25:56Z,2026-06-25T13:25:56+0200,aad9710e-10ca-4c9d-9467-7720556f4b2e,2026-06-13T06:30:00Z,2026-06-13T08:30:00+0200,18520.88132,MW,DE,DE_LU,forecast_solar_generation,Solar,2026-06-25T11:27:13Z
2026-06-25T11:25:56Z,2026-06-25T13:25:56+0200,aad9710e-10ca-4c9d-9467-7720556f4b2e,2026-06-13T06:45:00Z,2026-06-13T08:45:00+0200,20475.09952,MW,DE,DE_LU,forecast_solar_generation,Solar,2026-06-25T11:27:13Z
2026-06-25T11:25:56Z,2026-06-25T13:25:56+0200,aad9710e-10ca-4c9d-9467-7720556f4b2e,2026-06-13T07:00:00Z,2026-06-13T09:00:00+0200,22184.19283,MW,DE,DE_LU,forecast_solar_generation,Solar,2026-06-25T11:27:13Z
2026-06-25T11:25:56Z,2026-06-25T13:25:56+0200,aad9710e-10ca-4c9d-9467-7720556f4b2e,2026-06-13T07:15:00Z,2026-06-13T09:15:00+0200,23985.74142,MW,DE,DE_LU,forecast_solar_generation,Solar,2026-06-25T11:27:13Z
2026-06-25T11:25:56Z,2026-06-25T13:25:56+0200,aad9710e-10ca-4c9d-9467-7720556f4b2e,2026-06-13T07:30:00Z,2026-06-13T09:30:00+0200,25751.28846,MW,DE,DE_LU,forecast_solar_generation,Solar,2026-06-25T11:27:13Z
2026-06-25T11:25:56Z,2026-06-25T13:25:56+0200,aad9710e-10ca-4c9d-9467-7720556f4b2e,2026-06-13T07:45:00Z,2026-06-13T09:45:00+0200,27351.35943,MW,DE,DE_LU,forecast_solar_generation,Solar,2026-06-25T11:27:13Z
2026-06-25T11:25:56Z,2026-06-25T13:25:56+0200,aad9710e-10ca-4c9d-9467-7720556f4b2e,2026-06-13T08:00:00Z,2026-06-13T10:00:00+0200,28860.39274,MW,DE,DE_LU,forecast_solar_generation,Solar,2026-06-25T11:27:13Z
2026-06-25T11:25:56Z,2026-06-25T13:25:56+0200,aad9710e-10ca-4c9d-9467-7720556f4b2e,2026-06-13T08:15:00Z,2026-06-13T10:15:00+0200,30267.05263,MW,DE,DE_LU,forecast_solar_generation,Solar,2026-06-25T11:27:13Z
2026-06-25T11:25:56Z,2026-06-25T13:25:56+0200,aad9710e-10ca-4c9d-9467-7720556f4b2e,2026-06-13T08:30:00Z,2026-06-13T10:30:00+0200,31542.29859,MW,DE,DE_LU,forecast_solar_generation,Solar,2026-06-25T11:27:13Z
2026-06-25T11:25:56Z,2026-06-25T13:25:56+0200,aad9710e-10ca-4c9d-9467-7720556f4b2e,2026-06-13T08:45:00Z,2026-06-13T10:45:00+0200,32683.14305,MW,DE,DE_LU,forecast_solar_generation,Solar,2026-06-25T11:27:13Z
2026-06-25T11:25:56Z,2026-06-25T13:25:56+0200,aad9710e-10ca-4c9d-9467-7720556f4b2e,2026-06-13T09:00:00Z,2026-06-13T11:00:00+0200,33762.76047,MW,DE,DE_LU,forecast_solar_generation,Solar,2026-06-25T11:27:13Z
2026-06-25T11:25:56Z,2026-06-25T13:25:56+0200,aad9710e-10ca-4c9d-9467-7720556f4b2e,2026-06-13T09:15:00Z,2026-06-13T11:15:00+0200,34800.99167,MW,DE,DE_LU,forecast_solar_generation,Solar,2026-06-25T11:27:13Z
2026-06-25T11:25:56Z,2026-06-25T13:25:56+0200,aad9710e-10ca-4c9d-9467-7720556f4b2e,2026-06-13T09:30:00Z,2026-06-13T11:30:00+0200,35715.44152,MW,DE,DE_LU,forecast_solar_generation,Solar,2026-06-25T11:27:13Z
2026-06-25T11:25:56Z,2026-06-25T13:25:56+0200,aad9710e-10ca-4c9d-9467-7720556f4b2e,2026-06-13T09:45:00Z,2026-06-13T11:45:00+0200,36508.95376,MW,DE,DE_LU,forecast_solar_generation,Solar,2026-06-25T11:27:13Z
2026-06-25T11:25:56Z,2026-06-25T13:25:56+0200,aad9710e-10ca-4c9d-9467-7720556f4b2e,2026-06-13T10:00:00Z,2026-06-13T12:00:00+0200,37200.16225,MW,DE,DE_LU,forecast_solar_generation,Solar,2026-06-25T11:27:13Z
2026-06-25T11:25:56Z,2026-06-25T13:25:56+0200,aad9710e-10ca-4c9d-9467-7720556f4b2e,2026-06-13T10:15:00Z,2026-06-13T12:15:00+0200,37737.72475,MW,DE,DE_LU,forecast_solar_generation,Solar,2026-06-25T11:27:13Z
2026-06-25T11:25:56Z,2026-06-25T13:25:56+0200,aad9710e-10ca-4c9d-9467-7720556f4b2e,2026-06-13T10:30:00Z,2026-06-13T12:30:00+0200,38203.29649,MW,DE,DE_LU,forecast_solar_generation,Solar,2026-06-25T11:27:13Z
2026-06-25T11:25:56Z,2026-06-25T13:25:56+0200,aad9710e-10ca-4c9d-9467-7720556f4b2e,2026-06-13T10:45:00Z,2026-06-13T12:45:00+0200,38521.19199,MW,DE,DE_LU,forecast_solar_generation,Solar,2026-06-25T11:27:13Z
2026-06-25T11:25:56Z,2026-06-25T13:25:56+0200,aad9710e-10ca-4c9d-9467-7720556f4b2e,2026-06-13T11:00:00Z,2026-06-13T13:00:00+0200,38741.93462,MW,DE,DE_LU,forecast_solar_generation,Solar,2026-06-25T11:27:13Z
2026-06-25T11:25:56Z,2026-06-25T13:25:56+0200,aad9710e-10ca-4c9d-9467-7720556f4b2e,2026-06-13T11:15:00Z,2026-06-13T13:15:00+0200,38853.30984,MW,DE,DE_LU,forecast_solar_generation,Solar,2026-06-25T11:27:13Z
2026-06-25T11:25:56Z,2026-06-25T13:25:56+0200,aad9710e-10ca-4c9d-9467-7720556f4b2e,2026-06-13T11:30:00Z,2026-06-13T13:30:00+0200,38886.7317,MW,DE,DE_LU,forecast_solar_generation,Solar,2026-06-25T11:27:13Z
2026-06-25T11:25:56Z,2026-06-25T13:25:56+0200,aad9710e-10ca-4c9d-9467-7720556f4b2e,2026-06-13T11:45:00Z,2026-06-13T13:45:00+0200,38804.34941,MW,DE,DE_LU,forecast_solar_generation,Solar,2026-06-25T11:27:13Z
2026-06-25T11:25:56Z,2026-06-25T13:25:56+0200,aad9710e-10ca-4c9d-9467-7720556f4b2e,2026-06-13T12:00:00Z,2026-06-13T14:00:00+0200,38637.96953,MW,DE,DE_LU,forecast_solar_generation,Solar,2026-06-25T11:27:13Z
2026-06-25T11:25:56Z,2026-06-25T13:25:56+0200,aad9710e-10ca-4c9d-9467-7720556f4b2e,2026-06-13T12:15:00Z,2026-06-13T14:15:00+0200,38309.35141,MW,DE,DE_LU,forecast_solar_generation,Solar,2026-06-25T11:27:13Z
2026-06-25T11:25:56Z,2026-06-25T13:25:56+0200,aad9710e-10ca-4c9d-9467-7720556f4b2e,2026-06-13T12:30:00Z,2026-06-13T14:30:00+0200,37919.43708,MW,DE,DE_LU,forecast_solar_generation,Solar,2026-06-25T11:27:13Z
2026-06-25T11:25:56Z,2026-06-25T13:25:56+0200,aad9710e-10ca-4c9d-9467-7720556f4b2e,2026-06-13T12:45:00Z,2026-06-13T14:45:00+0200,37281.27708,MW,DE,DE_LU,forecast_solar_generation,Solar,2026-06-25T11:27:13Z
2026-06-25T11:25:56Z,2026-06-25T13:25:56+0200,aad9710e-10ca-4c9d-9467-7720556f4b2e,2026-06-13T13:00:00Z,2026-06-13T15:00:00+0200,36492.35342,MW,DE,DE_LU,forecast_solar_generation,Solar,2026-06-25T11:27:13Z
2026-06-25T11:25:56Z,2026-06-25T13:25:56+0200,aad9710e-10ca-4c9d-9467-7720556f4b2e,2026-06-13T13:15:00Z,2026-06-13T15:15:00+0200,35656.22723,MW,DE,DE_LU,forecast_solar_generation,Solar,2026-06-25T11:27:13Z
2026-06-25T11:25:56Z,2026-06-25T13:25:56+0200,aad9710e-10ca-4c9d-9467-7720556f4b2e,2026-06-13T13:30:00Z,2026-06-13T15:30:00+0200,34697.72314,MW,DE,DE_LU,forecast_solar_generation,Solar,2026-06-25T11:27:13Z
2026-06-25T11:25:56Z,2026-06-25T13:25:56+0200,aad9710e-10ca-4c9d-9467-7720556f4b2e,2026-06-13T13:45:00Z,2026-06-13T15:45:00+0200,33626.4362,MW,DE,DE_LU,forecast_solar_generation,Solar,2026-06-25T11:27:13Z
2026-06-25T11:25:56Z,2026-06-25T13:25:56+0200,aad9710e-10ca-4c9d-9467-7720556f4b2e,2026-06-13T14:00:00Z,2026-06-13T16:00:00+0200,32415.21208,MW,DE,DE_LU,forecast_solar_generation,Solar,2026-06-25T11:27:13Z
2026-06-25T11:25:56Z,2026-06-25T13:25:56+0200,aad9710e-10ca-4c9d-9467-7720556f4b2e,2026-06-13T14:15:00Z,2026-06-13T16:15:00+0200,31119.59331,MW,DE,DE_LU,forecast_solar_generation,Solar,2026-06-25T11:27:13Z
2026-06-25T11:25:56Z,2026-06-25T13:25:56+0200,aad9710e-10ca-4c9d-9467-7720556f4b2e,2026-06-13T14:30:00Z,2026-06-13T16:30:00+0200,29756.48281,MW,DE,DE_LU,forecast_solar_generation,Solar,2026-06-25T11:27:13Z
2026-06-25T11:25:56Z,2026-06-25T13:25:56+0200,aad9710e-10ca-4c9d-9467-7720556f4b2e,2026-06-13T14:45:00Z,2026-06-13T16:45:00+0200,28231.20443,MW,DE,DE_LU,forecast_solar_generation,Solar,2026-06-25T11:27:13Z
2026-06-25T11:25:56Z,2026-06-25T13:25:56+0200,aad9710e-10ca-4c9d-9467-7720556f4b2e,2026-06-13T15:00:00Z,2026-06-13T17:00:00+0200,26555.85121,MW,DE,DE_LU,forecast_solar_generation,Solar,2026-06-25T11:27:13Z
2026-06-25T11:25:56Z,2026-06-25T13:25:56+0200,aad9710e-10ca-4c9d-9467-7720556f4b2e,2026-06-13T15:15:00Z,2026-06-13T17:15:00+0200,24770.76468,MW,DE,DE_LU,forecast_solar_generation,Solar,2026-06-25T11:27:13Z
2026-06-25T11:25:56Z,2026-06-25T13:25:56+0200,aad9710e-10ca-4c9d-9467-7720556f4b2e,2026-06-13T15:30:00Z,2026-06-13T17:30:00+0200,22881.26693,MW,DE,DE_LU,forecast_solar_generation,Solar,2026-06-25T11:27:13Z
2026-06-25T11:25:56Z,2026-06-25T13:25:56+0200,aad9710e-10ca-4c9d-9467-7720556f4b2e,2026-06-13T15:45:00Z,2026-06-13T17:45:00+0200,20915.3117,MW,DE,DE_LU,forecast_solar_generation,Solar,2026-06-25T11:27:13Z
2026-06-25T11:25:56Z,2026-06-25T13:25:56+0200,aad9710e-10ca-4c9d-9467-7720556f4b2e,2026-06-13T16:00:00Z,2026-06-13T18:00:00+0200,19147.08072,MW,DE,DE_LU,forecast_solar_generation,Solar,2026-06-25T11:27:13Z
2026-06-25T11:25:56Z,2026-06-25T13:25:56+0200,aad9710e-10ca-4c9d-9467-7720556f4b2e,2026-06-13T16:15:00Z,2026-06-13T18:15:00+0200,17059.55202,MW,DE,DE_LU,forecast_solar_generation,Solar,2026-06-25T11:27:13Z
2026-06-25T11:25:56Z,2026-06-25T13:25:56+0200,aad9710e-10ca-4c9d-9467-7720556f4b2e,2026-06-13T16:30:00Z,2026-06-13T18:30:00+0200,14934.35905,MW,DE,DE_LU,forecast_solar_generation,Solar,2026-06-25T11:27:13Z
2026-06-25T11:25:56Z,2026-06-25T13:25:56+0200,aad9710e-10ca-4c9d-9467-7720556f4b2e,2026-06-13T16:45:00Z,2026-06-13T18:45:00+0200,12842.86466,MW,DE,DE_LU,forecast_solar_generation,Solar,2026-06-25T11:27:13Z
2026-06-25T11:25:56Z,2026-06-25T13:25:56+0200,aad9710e-10ca-4c9d-9467-7720556f4b2e,2026-06-13T17:00:00Z,2026-06-13T19:00:00+0200,10882.96755,MW,DE,DE_LU,forecast_solar_generation,Solar,2026-06-25T11:27:13Z
2026-06-25T11:25:56Z,2026-06-25T13:25:56+0200,aad9710e-10ca-4c9d-9467-7720556f4b2e,2026-06-13T17:15:00Z,2026-06-13T19:15:00+0200,9042.59022,MW,DE,DE_LU,forecast_solar_generation,Solar,2026-06-25T11:27:13Z
2026-06-25T11:25:56Z,2026-06-25T13:25:56+0200,aad9710e-10ca-4c9d-9467-7720556f4b2e,2026-06-13T17:30:00Z,2026-06-13T19:30:00+0200,7212.59092,MW,DE,DE_LU,forecast_solar_generation,Solar,2026-06-25T11:27:13Z
2026-06-25T11:25:56Z,2026-06-25T13:25:56+0200,aad9710e-10ca-4c9d-9467-7720556f4b2e,2026-06-13T17:45:00Z,2026-06-13T19:45:00+0200,5601.54748,MW,DE,DE_LU,forecast_solar_generation,Solar,2026-06-25T11:27:13Z
2026-06-25T11:25:56Z,2026-06-25T13:25:56+0200,aad9710e-10ca-4c9d-9467-7720556f4b2e,2026-06-13T18:00:00Z,2026-06-13T20:00:00+0200,4190.60331,MW,DE,DE_LU,forecast_solar_generation,Solar,2026-06-25T11:27:13Z
2026-06-25T11:25:56Z,2026-06-25T13:25:56+0200,aad9710e-10ca-4c9d-9467-7720556f4b2e,2026-06-13T18:15:00Z,2026-06-13T20:15:00+0200,2958.5356,MW,DE,DE_LU,forecast_solar_generation,Solar,2026-06-25T11:27:13Z
2026-06-25T11:25:56Z,2026-06-25T13:25:56+0200,aad9710e-10ca-4c9d-9467-7720556f4b2e,2026-06-13T18:30:00Z,2026-06-13T20:30:00+0200,1910.12924,MW,DE,DE_LU,forecast_solar_generation,Solar,2026-06-25T11:27:13Z
2026-06-25T11:25:56Z,2026-06-25T13:25:56+0200,aad9710e-10ca-4c9d-9467-7720556f4b2e,2026-06-13T18:45:00Z,2026-06-13T20:45:00+0200,1086.71216,MW,DE,DE_LU,forecast_solar_generation,Solar,2026-06-25T11:27:13Z
2026-06-25T11:25:56Z,2026-06-25T13:25:56+0200,aad9710e-10ca-4c9d-9467-7720556f4b2e,2026-06-13T19:00:00Z,2026-06-13T21:00:00+0200,513.25217,MW,DE,DE_LU,forecast_solar_generation,Solar,2026-06-25T11:27:13Z
2026-06-25T11:25:56Z,2026-06-25T13:25:56+0200,aad9710e-10ca-4c9d-9467-7720556f4b2e,2026-06-13T19:15:00Z,2026-06-13T21:15:00+0200,193.49031,MW,DE,DE_LU,forecast_solar_generation,Solar,2026-06-25T11:27:13Z
2026-06-25T11:25:56Z,2026-06-25T13:25:56+0200,aad9710e-10ca-4c9d-9467-7720556f4b2e,2026-06-13T19:30:00Z,2026-06-13T21:30:00+0200,65.86452,MW,DE,DE_LU,forecast_solar_generation,Solar,2026-06-25T11:27:13Z
2026-06-25T11:25:56Z,2026-06-25T13:25:56+0200,aad9710e-10ca-4c9d-9467-7720556f4b2e,2026-06-13T19:45:00Z,2026-06-13T21:45:00+0200,26.6336,MW,DE,DE_LU,forecast_solar_generation,Solar,2026-06-25T11:27:13Z
2026-06-25T11:25:56Z,2026-06-25T13:25:56+0200,aad9710e-10ca-4c9d-9467-7720556f4b2e,2026-06-13T20:00:00Z,2026-06-13T22:00:00+0200,5.612,MW,DE,DE_LU,forecast_solar_generation,Solar,2026-06-25T11:27:13Z
2026-06-25T11:25:56Z,2026-06-25T13:25:56+0200,aad9710e-10ca-4c9d-9467-7720556f4b2e,2026-06-13T20:15:00Z,2026-06-13T22:15:00+0200,0.0,MW,DE,DE_LU,forecast_solar_generation,Solar,2026-06-25T11:27:13Z
2026-06-25T11:25:56Z,2026-06-25T13:25:56+0200,aad9710e-10ca-4c9d-9467-7720556f4b2e,2026-06-13T20:30:00Z,2026-06-13T22:30:00+0200,0.0,MW,DE,DE_LU,forecast_solar_generation,Solar,2026-06-25T11:27:13Z
2026-06-25T11:25:56Z,2026-06-25T13:25:56+0200,aad9710e-10ca-4c9d-9467-7720556f4b2e,2026-06-13T20:45:00Z,2026-06-13T22:45:00+0200,0.0,MW,DE,DE_LU,forecast_solar_generation,Solar,2026-06-25T11:27:13Z
2026-06-25T11:25:56Z,2026-06-25T13:25:56+0200,aad9710e-10ca-4c9d-9467-7720556f4b2e,2026-06-13T21:00:00Z,2026-06-13T23:00:00+0200,0.0,MW,DE,DE_LU,forecast_solar_generation,Solar,2026-06-25T11:27:13Z
2026-06-25T11:25:56Z,2026-06-25T13:25:56+0200,aad9710e-10ca-4c9d-9467-7720556f4b2e,2026-06-13T21:15:00Z,2026-06-13T23:15:00+0200,0.0,MW,DE,DE_LU,forecast_solar_generation,Solar,2026-06-25T11:27:13Z
2026-06-25T11:25:56Z,2026-06-25T13:25:56+0200,aad9710e-10ca-4c9d-9467-7720556f4b2e,2026-06-13T21:30:00Z,2026-06-13T23:30:00+0200,0.0,MW,DE,DE_LU,forecast_solar_generation,Solar,2026-06-25T11:27:13Z
2026-06-25T11:25:56Z,2026-06-25T13:25:56+0200,aad9710e-10ca-4c9d-9467-7720556f4b2e,2026-06-13T21:45:00Z,2026-06-13T23:45:00+0200,0.0,MW,DE,DE_LU,forecast_solar_generation,Solar,2026-06-25T11:27:13Z
2026-06-25T11:25:56Z,2026-06-25T13:25:56+0200,aad9710e-10ca-4c9d-9467-7720556f4b2e,2026-06-13T22:00:00Z,2026-06-14T00:00:00+0200,0.0,MW,DE,DE_LU,forecast_solar_generation,Solar,2026-06-25T11:27:13Z
2026-06-25T11:25:56Z,2026-06-25T13:25:56+0200,aad9710e-10ca-4c9d-9467-7720556f4b2e,2026-06-13T22:15:00Z,2026-06-14T00:15:00+0200,0.0,MW,DE,DE_LU,forecast_solar_generation,Solar,2026-06-25T11:27:13Z
2026-06-25T11:25:56Z,2026-06-25T13:25:56+0200,aad9710e-10ca-4c9d-9467-7720556f4b2e,2026-06-13T22:30:00Z,2026-06-14T00:30:00+0200,0.0,MW,DE,DE_LU,forecast_solar_generation,Solar,2026-06-25T11:27:13Z
2026-06-25T11:25:56Z,2026-06-25T13:25:56+0200,aad9710e-10ca-4c9d-9467-7720556f4b2e,2026-06-13T22:45:00Z,2026-06-14T00:45:00+0200,0.0,MW,DE,DE_LU,forecast_solar_generation,Solar,2026-06-25T11:27:13Z
2026-06-25T11:25:56Z,2026-06-25T13:25:56+0200,aad9710e-10ca-4c9d-9467-7720556f4b2e,2026-06-13T23:00:00Z,2026-06-14T01:00:00+0200,0.0,MW,DE,DE_LU,forecast_solar_generation,Solar,2026-06-25T11:27:13Z
2026-06-25T11:25:56Z,2026-06-25T13:25:56+0200,aad9710e-10ca-4c9d-9467-7720556f4b2e,2026-06-13T23:15:00Z,2026-06-14T01:15:00+0200,0.0,MW,DE,DE_LU,forecast_solar_generation,Solar,2026-06-25T11:27:13Z
2026-06-25T11:25:56Z,2026-06-25T13:25:56+0200,aad9710e-10ca-4c9d-9467-7720556f4b2e,2026-06-13T23:30:00Z,2026-06-14T01:30:00+0200,0.0,MW,DE,DE_LU,forecast_solar_generation,Solar,2026-06-25T11:27:13Z
2026-06-25T11:25:56Z,2026-06-25T13:25:56+0200,aad9710e-10ca-4c9d-9467-7720556f4b2e,2026-06-13T23:45:00Z,2026-06-14T01:45:00+0200,0.0,MW,DE,DE_LU,forecast_solar_generation,Solar,2026-06-25T11:27:13Z
2026-06-25T11:25:56Z,2026-06-25T13:25:56+0200,aad9710e-10ca-4c9d-9467-7720556f4b2e,2026-06-14T00:00:00Z,2026-06-14T02:00:00+0200,0.0,MW,DE,DE_LU,forecast_solar_generation,Solar,2026-06-25T11:27:13Z
2026-06-25T11:25:56Z,2026-06-25T13:25:56+0200,aad9710e-10ca-4c9d-9467-7720556f4b2e,2026-06-14T00:15:00Z,2026-06-14T02:15:00+0200,0.0,MW,DE,DE_LU,forecast_solar_generation,Solar,2026-06-25T11:27:13Z
2026-06-25T11:25:56Z,2026-06-25T13:25:56+0200,aad9710e-10ca-4c9d-9467-7720556f4b2e,2026-06-14T00:30:00Z,2026-06-14T02:30:00+0200,0.0,MW,DE,DE_LU,forecast_solar_generation,Solar,2026-06-25T11:27:13Z
2026-06-25T11:25:56Z,2026-06-25T13:25:56+0200,aad9710e-10ca-4c9d-9467-7720556f4b2e,2026-06-14T00:45:00Z,2026-06-14T02:45:00+0200,0.0,MW,DE,DE_LU,forecast_solar_generation,Solar,2026-06-25T11:27:13Z
2026-06-25T11:25:56Z,2026-06-25T13:25:56+0200,aad9710e-10ca-4c9d-9467-7720556f4b2e,2026-06-14T01:00:00Z,2026-06-14T03:00:00+0200,0.0,MW,DE,DE_LU,forecast_solar_generation,Solar,2026-06-25T11:27:13Z
2026-06-25T11:25:56Z,2026-06-25T13:25:56+0200,aad9710e-10ca-4c9d-9467-7720556f4b2e,2026-06-14T01:15:00Z,2026-06-14T03:15:00+0200,0.0,MW,DE,DE_LU,forecast_solar_generation,Solar,2026-06-25T11:27:13Z
2026-06-25T11:25:56Z,2026-06-25T13:25:56+0200,aad9710e-10ca-4c9d-9467-7720556f4b2e,2026-06-14T01:30:00Z,2026-06-14T03:30:00+0200,0.0,MW,DE,DE_LU,forecast_solar_generation,Solar,2026-06-25T11:27:13Z
2026-06-25T11:25:56Z,2026-06-25T13:25:56+0200,aad9710e-10ca-4c9d-9467-7720556f4b2e,2026-06-14T01:45:00Z,2026-06-14T03:45:00+0200,0.0,MW,DE,DE_LU,forecast_solar_generation,Solar,2026-06-25T11:27:13Z
2026-06-25T11:25:56Z,2026-06-25T13:25:56+0200,aad9710e-10ca-4c9d-9467-7720556f4b2e,2026-06-14T02:00:00Z,2026-06-14T04:00:00+0200,0.0,MW,DE,DE_LU,forecast_solar_generation,Solar,2026-06-25T11:27:13Z
2026-06-25T11:25:56Z,2026-06-25T13:25:56+0200,aad9710e-10ca-4c9d-9467-7720556f4b2e,2026-06-14T02:15:00Z,2026-06-14T04:15:00+0200,0.0,MW,DE,DE_LU,forecast_solar_generation,Solar,2026-06-25T11:27:13Z
2026-06-25T11:25:56Z,2026-06-25T13:25:56+0200,aad9710e-10ca-4c9d-9467-7720556f4b2e,2026-06-14T02:30:00Z,2026-06-14T04:30:00+0200,0.64,MW,DE,DE_LU,forecast_solar_generation,Solar,2026-06-25T11:27:13Z
2026-06-25T11:25:56Z,2026-06-25T13:25:56+0200,aad9710e-10ca-4c9d-9467-7720556f4b2e,2026-06-14T02:45:00Z,2026-06-14T04:45:00+0200,21.99525,MW,DE,DE_LU,forecast_solar_generation,Solar,2026-06-25T11:27:13Z
2026-06-25T11:25:56Z,2026-06-25T13:25:56+0200,aad9710e-10ca-4c9d-9467-7720556f4b2e,2026-06-14T03:00:00Z,2026-06-14T05:00:00+0200,117.02631,MW,DE,DE_LU,forecast_solar_generation,Solar,2026-06-25T11:27:13Z
2026-06-25T11:25:56Z,2026-06-25T13:25:56+0200,aad9710e-10ca-4c9d-9467-7720556f4b2e,2026-06-14T03:15:00Z,2026-06-14T05:15:00+0200,354.02009,MW,DE,DE_LU,forecast_solar_generation,Solar,2026-06-25T11:27:13Z
2026-06-25T11:25:56Z,2026-06-25T13:25:56+0200,aad9710e-10ca-4c9d-9467-7720556f4b2e,2026-06-14T03:30:00Z,2026-06-14T05:30:00+0200,776.74183,MW,DE,DE_LU,forecast_solar_generation,Solar,2026-06-25T11:27:13Z
2026-06-25T11:25:56Z,2026-06-25T13:25:56+0200,aad9710e-10ca-4c9d-9467-7720556f4b2e,2026-06-14T03:45:00Z,2026-06-14T05:45:00+0200,1431.93518,MW,DE,DE_LU,forecast_solar_generation,Solar,2026-06-25T11:27:13Z
2026-06-25T11:25:56Z,2026-06-25T13:25:56+0200,aad9710e-10ca-4c9d-9467-7720556f4b2e,2026-06-14T04:00:00Z,2026-06-14T06:00:00+0200,2356.00382,MW,DE,DE_LU,forecast_solar_generation,Solar,2026-06-25T11:27:13Z
2026-06-25T11:25:56Z,2026-06-25T13:25:56+0200,aad9710e-10ca-4c9d-9467-7720556f4b2e,2026-06-14T04:15:00Z,2026-06-14T06:15:00+0200,3488.689,MW,DE,DE_LU,forecast_solar_generation,Solar,2026-06-25T11:27:13Z
2026-06-25T11:25:56Z,2026-06-25T13:25:56+0200,aad9710e-10ca-4c9d-9467-7720556f4b2e,2026-06-14T04:30:00Z,2026-06-14T06:30:00+0200,4801.18599,MW,DE,DE_LU,forecast_solar_generation,Solar,2026-06-25T11:27:13Z
2026-06-25T11:25:56Z,2026-06-25T13:25:56+0200,aad9710e-10ca-4c9d-9467-7720556f4b2e,2026-06-14T04:45:00Z,2026-06-14T06:45:00+0200,6289.68608,MW,DE,DE_LU,forecast_solar_generation,Solar,2026-06-25T11:27:13Z
2026-06-25T11:25:56Z,2026-06-25T13:25:56+0200,aad9710e-10ca-4c9d-9467-7720556f4b2e,2026-06-14T05:00:00Z,2026-06-14T07:00:00+0200,7936.49009,MW,DE,DE_LU,forecast_solar_generation,Solar,2026-06-25T11:27:13Z
2026-06-25T11:25:56Z,2026-06-25T13:25:56+0200,aad9710e-10ca-4c9d-9467-7720556f4b2e,2026-06-14T05:15:00Z,2026-06-14T07:15:00+0200,9747.46433,MW,DE,DE_LU,forecast_solar_generation,Solar,2026-06-25T11:27:13Z
2026-06-25T11:25:56Z,2026-06-25T13:25:56+0200,aad9710e-10ca-4c9d-9467-7720556f4b2e,2026-06-14T05:30:00Z,2026-06-14T07:30:00+0200,11678.80913,MW,DE,DE_LU,forecast_solar_generation,Solar,2026-06-25T11:27:13Z
2026-06-25T11:25:56Z,2026-06-25T13:25:56+0200,aad9710e-10ca-4c9d-9467-7720556f4b2e,2026-06-14T05:45:00Z,2026-06-14T07:45:00+0200,13644.19734,MW,DE,DE_LU,forecast_solar_generation,Solar,2026-06-25T11:27:13Z
2026-06-25T11:25:56Z,2026-06-25T13:25:56+0200,aad9710e-10ca-4c9d-9467-7720556f4b2e,2026-06-14T06:00:00Z,2026-06-14T08:00:00+0200,15378.99743,MW,DE,DE_LU,forecast_solar_generation,Solar,2026-06-25T11:27:13Z
2026-06-25T11:25:56Z,2026-06-25T13:25:56+0200,aad9710e-10ca-4c9d-9467-7720556f4b2e,2026-06-14T06:15:00Z,2026-06-14T08:15:00+0200,17153.19515,MW,DE,DE_LU,forecast_solar_generation,Solar,2026-06-25T11:27:13Z
2026-06-25T11:25:56Z,2026-06-25T13:25:56+0200,aad9710e-10ca-4c9d-9467-7720556f4b2e,2026-06-14T06:30:00Z,2026-06-14T08:30:00+0200,18875.73336,MW,DE,DE_LU,forecast_solar_generation,Solar,2026-06-25T11:27:13Z
2026-06-25T11:25:56Z,2026-06-25T13:25:56+0200,aad9710e-10ca-4c9d-9467-7720556f4b2e,2026-06-14T06:45:00Z,2026-06-14T08:45:00+0200,20492.48287,MW,DE,DE_LU,forecast_solar_generation,Solar,2026-06-25T11:27:13Z
2026-06-25T11:25:56Z,2026-06-25T13:25:56+0200,aad9710e-10ca-4c9d-9467-7720556f4b2e,2026-06-14T07:00:00Z,2026-06-14T09:00:00+0200,21939.56778,MW,DE,DE_LU,forecast_solar_generation,Solar,2026-06-25T11:27:13Z
2026-06-25T11:25:56Z,2026-06-25T13:25:56+0200,aad9710e-10ca-4c9d-9467-7720556f4b2e,2026-06-14T07:15:00Z,2026-06-14T09:15:00+0200,23292.35222,MW,DE,DE_LU,forecast_solar_generation,Solar,2026-06-25T11:27:13Z
2026-06-25T11:25:56Z,2026-06-25T13:25:56+0200,aad9710e-10ca-4c9d-9467-7720556f4b2e,2026-06-14T07:30:00Z,2026-06-14T09:30:00+0200,24545.51736,MW,DE,DE_LU,forecast_solar_generation,Solar,2026-06-25T11:27:13Z
2026-06-25T11:25:56Z,2026-06-25T13:25:56+0200,aad9710e-10ca-4c9d-9467-7720556f4b2e,2026-06-14T07:45:00Z,2026-06-14T09:45:00+0200,25733.42576,MW,DE,DE_LU,forecast_solar_generation,Solar,2026-06-25T11:27:13Z
2026-06-25T11:25:56Z,2026-06-25T13:25:56+0200,aad9710e-10ca-4c9d-9467-7720556f4b2e,2026-06-14T08:00:00Z,2026-06-14T10:00:00+0200,26796.92133,MW,DE,DE_LU,forecast_solar_generation,Solar,2026-06-25T11:27:13Z
2026-06-25T11:25:56Z,2026-06-25T13:25:56+0200,aad9710e-10ca-4c9d-9467-7720556f4b2e,2026-06-14T08:15:00Z,2026-06-14T10:15:00+0200,27847.41173,MW,DE,DE_LU,forecast_solar_generation,Solar,2026-06-25T11:27:13Z
2026-06-25T11:25:56Z,2026-06-25T13:25:56+0200,aad9710e-10ca-4c9d-9467-7720556f4b2e,2026-06-14T08:30:00Z,2026-06-14T10:30:00+0200,28778.23527,MW,DE,DE_LU,forecast_solar_generation,Solar,2026-06-25T11:27:13Z
2026-06-25T11:25:56Z,2026-06-25T13:25:56+0200,aad9710e-10ca-4c9d-9467-7720556f4b2e,2026-06-14T08:45:00Z,2026-06-14T10:45:00+0200,29674.7649,MW,DE,DE_LU,forecast_solar_generation,Solar,2026-06-25T11:27:13Z
2026-06-25T11:25:56Z,2026-06-25T13:25:56+0200,aad9710e-10ca-4c9d-9467-7720556f4b2e,2026-06-14T09:00:00Z,2026-06-14T11:00:00+0200,30519.20435,MW,DE,DE_LU,forecast_solar_generation,Solar,2026-06-25T11:27:13Z
2026-06-25T11:25:56Z,2026-06-25T13:25:56+0200,aad9710e-10ca-4c9d-9467-7720556f4b2e,2026-06-14T09:15:00Z,2026-06-14T11:15:00+0200,31349.88958,MW,DE,DE_LU,forecast_solar_generation,Solar,2026-06-25T11:27:13Z
2026-06-25T11:25:56Z,2026-06-25T13:25:56+0200,aad9710e-10ca-4c9d-9467-7720556f4b2e,2026-06-14T09:30:00Z,2026-06-14T11:30:00+0200,32059.85703,MW,DE,DE_LU,forecast_solar_generation,Solar,2026-06-25T11:27:13Z
2026-06-25T11:25:56Z,2026-06-25T13:25:56+0200,aad9710e-10ca-4c9d-9467-7720556f4b2e,2026-06-14T09:45:00Z,2026-06-14T11:45:00+0200,32805.6262,MW,DE,DE_LU,forecast_solar_generation,Solar,2026-06-25T11:27:13Z
2026-06-25T11:25:56Z,2026-06-25T13:25:56+0200,aad9710e-10ca-4c9d-9467-7720556f4b2e,2026-06-14T10:00:00Z,2026-06-14T12:00:00+0200,33462.65853,MW,DE,DE_LU,forecast_solar_generation,Solar,2026-06-25T11:27:13Z
2026-06-25T11:25:56Z,2026-06-25T13:25:56+0200,aad9710e-10ca-4c9d-9467-7720556f4b2e,2026-06-14T10:15:00Z,2026-06-14T12:15:00+0200,33963.36614,MW,DE,DE_LU,forecast_solar_generation,Solar,2026-06-25T11:27:13Z
2026-06-25T11:25:56Z,2026-06-25T13:25:56+0200,aad9710e-10ca-4c9d-9467-7720556f4b2e,2026-06-14T10:30:00Z,2026-06-14T12:30:00+0200,34429.4444,MW,DE,DE_LU,forecast_solar_generation,Solar,2026-06-25T11:27:13Z
2026-06-25T11:25:56Z,2026-06-25T13:25:56+0200,aad9710e-10ca-4c9d-9467-7720556f4b2e,2026-06-14T10:45:00Z,2026-06-14T12:45:00+0200,34815.79229,MW,DE,DE_LU,forecast_solar_generation,Solar,2026-06-25T11:27:13Z
2026-06-25T11:25:56Z,2026-06-25T13:25:56+0200,aad9710e-10ca-4c9d-9467-7720556f4b2e,2026-06-14T11:00:00Z,2026-06-14T13:00:00+0200,35085.40173,MW,DE,DE_LU,forecast_solar_generation,Solar,2026-06-25T11:27:13Z
2026-06-25T11:25:56Z,2026-06-25T13:25:56+0200,aad9710e-10ca-4c9d-9467-7720556f4b2e,2026-06-14T11:15:00Z,2026-06-14T13:15:00+0200,35228.10508,MW,DE,DE_LU,forecast_solar_generation,Solar,2026-06-25T11:27:13Z
2026-06-25T11:25:56Z,2026-06-25T13:25:56+0200,aad9710e-10ca-4c9d-9467-7720556f4b2e,2026-06-14T11:30:00Z,2026-06-14T13:30:00+0200,35284.64536,MW,DE,DE_LU,forecast_solar_generation,Solar,2026-06-25T11:27:13Z
2026-06-25T11:25:56Z,2026-06-25T13:25:56+0200,aad9710e-10ca-4c9d-9467-7720556f4b2e,2026-06-14T11:45:00Z,2026-06-14T13:45:00+0200,35257.52536,MW,DE,DE_LU,forecast_solar_generation,Solar,2026-06-25T11:27:13Z
2026-06-25T11:25:56Z,2026-06-25T13:25:56+0200,aad9710e-10ca-4c9d-9467-7720556f4b2e,2026-06-14T12:00:00Z,2026-06-14T14:00:00+0200,35130.90877,MW,DE,DE_LU,forecast_solar_generation,Solar,2026-06-25T11:27:13Z
2026-06-25T11:25:56Z,2026-06-25T13:25:56+0200,aad9710e-10ca-4c9d-9467-7720556f4b2e,2026-06-14T12:15:00Z,2026-06-14T14:15:00+0200,34803.1289,MW,DE,DE_LU,forecast_solar_generation,Solar,2026-06-25T11:27:13Z
2026-06-25T11:25:56Z,2026-06-25T13:25:56+0200,aad9710e-10ca-4c9d-9467-7720556f4b2e,2026-06-14T12:30:00Z,2026-06-14T14:30:00+0200,34481.59417,MW,DE,DE_LU,forecast_solar_generation,Solar,2026-06-25T11:27:13Z
2026-06-25T11:25:56Z,2026-06-25T13:25:56+0200,aad9710e-10ca-4c9d-9467-7720556f4b2e,2026-06-14T12:45:00Z,2026-06-14T14:45:00+0200,33884.60289,MW,DE,DE_LU,forecast_solar_generation,Solar,2026-06-25T11:27:13Z
2026-06-25T11:25:56Z,2026-06-25T13:25:56+0200,aad9710e-10ca-4c9d-9467-7720556f4b2e,2026-06-14T13:00:00Z,2026-06-14T15:00:00+0200,33136.38528,MW,DE,DE_LU,forecast_solar_generation,Solar,2026-06-25T11:27:13Z
2026-06-25T11:25:56Z,2026-06-25T13:25:56+0200,aad9710e-10ca-4c9d-9467-7720556f4b2e,2026-06-14T13:15:00Z,2026-06-14T15:15:00+0200,32416.06719,MW,DE,DE_LU,forecast_solar_generation,Solar,2026-06-25T11:27:13Z
2026-06-25T11:25:56Z,2026-06-25T13:25:56+0200,aad9710e-10ca-4c9d-9467-7720556f4b2e,2026-06-14T13:30:00Z,2026-06-14T15:30:00+0200,31605.78981,MW,DE,DE_LU,forecast_solar_generation,Solar,2026-06-25T11:27:13Z
2026-06-25T11:25:56Z,2026-06-25T13:25:56+0200,aad9710e-10ca-4c9d-9467-7720556f4b2e,2026-06-14T13:45:00Z,2026-06-14T15:45:00+0200,30744.21705,MW,DE,DE_LU,forecast_solar_generation,Solar,2026-06-25T11:27:13Z
2026-06-25T11:25:56Z,2026-06-25T13:25:56+0200,aad9710e-10ca-4c9d-9467-7720556f4b2e,2026-06-14T14:00:00Z,2026-06-14T16:00:00+0200,29685.21548,MW,DE,DE_LU,forecast_solar_generation,Solar,2026-06-25T11:27:13Z
2026-06-25T11:25:56Z,2026-06-25T13:25:56+0200,aad9710e-10ca-4c9d-9467-7720556f4b2e,2026-06-14T14:15:00Z,2026-06-14T16:15:00+0200,28568.93727,MW,DE,DE_LU,forecast_solar_generation,Solar,2026-06-25T11:27:13Z
2026-06-25T11:25:56Z,2026-06-25T13:25:56+0200,aad9710e-10ca-4c9d-9467-7720556f4b2e,2026-06-14T14:30:00Z,2026-06-14T16:30:00+0200,27361.56417,MW,DE,DE_LU,forecast_solar_generation,Solar,2026-06-25T11:27:13Z
2026-06-25T11:25:56Z,2026-06-25T13:25:56+0200,aad9710e-10ca-4c9d-9467-7720556f4b2e,2026-06-14T14:45:00Z,2026-06-14T16:45:00+0200,25996.53081,MW,DE,DE_LU,forecast_solar_generation,Solar,2026-06-25T11:27:13Z
2026-06-25T11:25:56Z,2026-06-25T13:25:56+0200,aad9710e-10ca-4c9d-9467-7720556f4b2e,2026-06-14T15:00:00Z,2026-06-14T17:00:00+0200,24532.9723,MW,DE,DE_LU,forecast_solar_generation,Solar,2026-06-25T11:27:13Z
2026-06-25T11:25:56Z,2026-06-25T13:25:56+0200,aad9710e-10ca-4c9d-9467-7720556f4b2e,2026-06-14T15:15:00Z,2026-06-14T17:15:00+0200,22940.99666,MW,DE,DE_LU,forecast_solar_generation,Solar,2026-06-25T11:27:13Z
2026-06-25T11:25:56Z,2026-06-25T13:25:56+0200,aad9710e-10ca-4c9d-9467-7720556f4b2e,2026-06-14T15:30:00Z,2026-06-14T17:30:00+0200,21245.8597,MW,DE,DE_LU,forecast_solar_generation,Solar,2026-06-25T11:27:13Z
2026-06-25T11:25:56Z,2026-06-25T13:25:56+0200,aad9710e-10ca-4c9d-9467-7720556f4b2e,2026-06-14T15:45:00Z,2026-06-14T17:45:00+0200,19487.98646,MW,DE,DE_LU,forecast_solar_generation,Solar,2026-06-25T11:27:13Z
2026-06-25T11:25:56Z,2026-06-25T13:25:56+0200,aad9710e-10ca-4c9d-9467-7720556f4b2e,2026-06-14T16:00:00Z,2026-06-14T18:00:00+0200,18040.61521,MW,DE,DE_LU,forecast_solar_generation,Solar,2026-06-25T11:27:13Z
2026-06-25T11:25:56Z,2026-06-25T13:25:56+0200,aad9710e-10ca-4c9d-9467-7720556f4b2e,2026-06-14T16:15:00Z,2026-06-14T18:15:00+0200,16290.90778,MW,DE,DE_LU,forecast_solar_generation,Solar,2026-06-25T11:27:13Z
2026-06-25T11:25:56Z,2026-06-25T13:25:56+0200,aad9710e-10ca-4c9d-9467-7720556f4b2e,2026-06-14T16:30:00Z,2026-06-14T18:30:00+0200,14465.80984,MW,DE,DE_LU,forecast_solar_generation,Solar,2026-06-25T11:27:13Z
2026-06-25T11:25:56Z,2026-06-25T13:25:56+0200,aad9710e-10ca-4c9d-9467-7720556f4b2e,2026-06-14T16:45:00Z,2026-06-14T18:45:00+0200,12554.89269,MW,DE,DE_LU,forecast_solar_generation,Solar,2026-06-25T11:27:13Z
2026-06-25T11:25:56Z,2026-06-25T13:25:56+0200,aad9710e-10ca-4c9d-9467-7720556f4b2e,2026-06-14T17:00:00Z,2026-06-14T19:00:00+0200,10617.86882,MW,DE,DE_LU,forecast_solar_generation,Solar,2026-06-25T11:27:13Z
2026-06-25T11:25:56Z,2026-06-25T13:25:56+0200,aad9710e-10ca-4c9d-9467-7720556f4b2e,2026-06-14T17:15:00Z,2026-06-14T19:15:00+0200,8777.59738,MW,DE,DE_LU,forecast_solar_generation,Solar,2026-06-25T11:27:13Z
2026-06-25T11:25:56Z,2026-06-25T13:25:56+0200,aad9710e-10ca-4c9d-9467-7720556f4b2e,2026-06-14T17:30:00Z,2026-06-14T19:30:00+0200,7051.49966,MW,DE,DE_LU,forecast_solar_generation,Solar,2026-06-25T11:27:13Z
2026-06-25T11:25:56Z,2026-06-25T13:25:56+0200,aad9710e-10ca-4c9d-9467-7720556f4b2e,2026-06-14T17:45:00Z,2026-06-14T19:45:00+0200,5497.90716,MW,DE,DE_LU,forecast_solar_generation,Solar,2026-06-25T11:27:13Z
2026-06-25T11:25:56Z,2026-06-25T13:25:56+0200,aad9710e-10ca-4c9d-9467-7720556f4b2e,2026-06-14T18:00:00Z,2026-06-14T20:00:00+0200,4110.07112,MW,DE,DE_LU,forecast_solar_generation,Solar,2026-06-25T11:27:13Z
2026-06-25T11:25:56Z,2026-06-25T13:25:56+0200,aad9710e-10ca-4c9d-9467-7720556f4b2e,2026-06-14T18:15:00Z,2026-06-14T20:15:00+0200,2888.21779,MW,DE,DE_LU,forecast_solar_generation,Solar,2026-06-25T11:27:13Z
2026-06-25T11:25:56Z,2026-06-25T13:25:56+0200,aad9710e-10ca-4c9d-9467-7720556f4b2e,2026-06-14T18:30:00Z,2026-06-14T20:30:00+0200,1856.17836,MW,DE,DE_LU,forecast_solar_generation,Solar,2026-06-25T11:27:13Z
2026-06-25T11:25:56Z,2026-06-25T13:25:56+0200,aad9710e-10ca-4c9d-9467-7720556f4b2e,2026-06-14T18:45:00Z,2026-06-14T20:45:00+0200,1054.24958,MW,DE,DE_LU,forecast_solar_generation,Solar,2026-06-25T11:27:13Z
2026-06-25T11:25:56Z,2026-06-25T13:25:56+0200,aad9710e-10ca-4c9d-9467-7720556f4b2e,2026-06-14T19:00:00Z,2026-06-14T21:00:00+0200,503.31137,MW,DE,DE_LU,forecast_solar_generation,Solar,2026-06-25T11:27:13Z
2026-06-25T11:25:56Z,2026-06-25T13:25:56+0200,aad9710e-10ca-4c9d-9467-7720556f4b2e,2026-06-14T19:15:00Z,2026-06-14T21:15:00+0200,192.85674,MW,DE,DE_LU,forecast_solar_generation,Solar,2026-06-25T11:27:13Z
2026-06-25T11:25:56Z,2026-06-25T13:25:56+0200,aad9710e-10ca-4c9d-9467-7720556f4b2e,2026-06-14T19:30:00Z,2026-06-14T21:30:00+0200,64.96112,MW,DE,DE_LU,forecast_solar_generation,Solar,2026-06-25T11:27:13Z
2026-06-25T11:25:56Z,2026-06-25T13:25:56+0200,aad9710e-10ca-4c9d-9467-7720556f4b2e,2026-06-14T19:45:00Z,2026-06-14T21:45:00+0200,25.3801,MW,DE,DE_LU,forecast_solar_generation,Solar,2026-06-25T11:27:13Z
2026-06-25T11:25:56Z,2026-06-25T13:25:56+0200,aad9710e-10ca-4c9d-9467-7720556f4b2e,2026-06-14T20:00:00Z,2026-06-14T22:00:00+0200,5.578,MW,DE,DE_LU,forecast_solar_generation,Solar,2026-06-25T11:27:13Z
2026-06-25T11:25:56Z,2026-06-25T13:25:56+0200,aad9710e-10ca-4c9d-9467-7720556f4b2e,2026-06-14T20:15:00Z,2026-06-14T22:15:00+0200,0.0,MW,DE,DE_LU,forecast_solar_generation,Solar,2026-06-25T11:27:13Z
2026-06-25T11:25:56Z,2026-06-25T13:25:56+0200,aad9710e-10ca-4c9d-9467-7720556f4b2e,2026-06-14T20:30:00Z,2026-06-14T22:30:00+0200,0.0,MW,DE,DE_LU,forecast_solar_generation,Solar,2026-06-25T11:27:13Z
2026-06-25T11:25:56Z,2026-06-25T13:25:56+0200,aad9710e-10ca-4c9d-9467-7720556f4b2e,2026-06-14T20:45:00Z,2026-06-14T22:45:00+0200,0.0,MW,DE,DE_LU,forecast_solar_generation,Solar,2026-06-25T11:27:13Z
2026-06-25T11:25:56Z,2026-06-25T13:25:56+0200,aad9710e-10ca-4c9d-9467-7720556f4b2e,2026-06-14T21:00:00Z,2026-06-14T23:00:00+0200,0.0,MW,DE,DE_LU,forecast_solar_generation,Solar,2026-06-25T11:27:13Z
2026-06-25T11:25:56Z,2026-06-25T13:25:56+0200,aad9710e-10ca-4c9d-9467-7720556f4b2e,2026-06-14T21:15:00Z,2026-06-14T23:15:00+0200,0.0,MW,DE,DE_LU,forecast_solar_generation,Solar,2026-06-25T11:27:13Z
2026-06-25T11:25:56Z,2026-06-25T13:25:56+0200,aad9710e-10ca-4c9d-9467-7720556f4b2e,2026-06-14T21:30:00Z,2026-06-14T23:30:00+0200,0.0,MW,DE,DE_LU,forecast_solar_generation,Solar,2026-06-25T11:27:13Z
2026-06-25T11:25:56Z,2026-06-25T13:25:56+0200,aad9710e-10ca-4c9d-9467-7720556f4b2e,2026-06-14T21:45:00Z,2026-06-14T23:45:00+0200,0.0,MW,DE,DE_LU,forecast_solar_generation,Solar,2026-06-25T11:27:13Z
2026-06-25T11:25:56Z,2026-06-25T13:25:56+0200,aad9710e-10ca-4c9d-9467-7720556f4b2e,2026-06-14T22:00:00Z,2026-06-15T00:00:00+0200,0.0,MW,DE,DE_LU,forecast_solar_generation,Solar,2026-06-25T11:27:13Z
2026-06-25T11:25:56Z,2026-06-25T13:25:56+0200,aad9710e-10ca-4c9d-9467-7720556f4b2e,2026-06-14T22:15:00Z,2026-06-15T00:15:00+0200,0.0,MW,DE,DE_LU,forecast_solar_generation,Solar,2026-06-25T11:27:13Z
2026-06-25T11:25:56Z,2026-06-25T13:25:56+0200,aad9710e-10ca-4c9d-9467-7720556f4b2e,2026-06-14T22:30:00Z,2026-06-15T00:30:00+0200,0.0,MW,DE,DE_LU,forecast_solar_generation,Solar,2026-06-25T11:27:13Z
2026-06-25T11:25:56Z,2026-06-25T13:25:56+0200,aad9710e-10ca-4c9d-9467-7720556f4b2e,2026-06-14T22:45:00Z,2026-06-15T00:45:00+0200,0.0,MW,DE,DE_LU,forecast_solar_generation,Solar,2026-06-25T11:27:13Z
2026-06-25T11:25:56Z,2026-06-25T13:25:56+0200,aad9710e-10ca-4c9d-9467-7720556f4b2e,2026-06-14T23:00:00Z,2026-06-15T01:00:00+0200,0.0,MW,DE,DE_LU,forecast_solar_generation,Solar,2026-06-25T11:27:13Z
2026-06-25T11:25:56Z,2026-06-25T13:25:56+0200,aad9710e-10ca-4c9d-9467-7720556f4b2e,2026-06-14T23:15:00Z,2026-06-15T01:15:00+0200,0.0,MW,DE,DE_LU,forecast_solar_generation,Solar,2026-06-25T11:27:13Z
2026-06-25T11:25:56Z,2026-06-25T13:25:56+0200,aad9710e-10ca-4c9d-9467-7720556f4b2e,2026-06-14T23:30:00Z,2026-06-15T01:30:00+0200,0.0,MW,DE,DE_LU,forecast_solar_generation,Solar,2026-06-25T11:27:13Z
2026-06-25T11:25:56Z,2026-06-25T13:25:56+0200,aad9710e-10ca-4c9d-9467-7720556f4b2e,2026-06-14T23:45:00Z,2026-06-15T01:45:00+0200,0.0,MW,DE,DE_LU,forecast_solar_generation,Solar,2026-06-25T11:27:13Z
2026-06-25T11:25:56Z,2026-06-25T13:25:56+0200,aad9710e-10ca-4c9d-9467-7720556f4b2e,2026-06-15T00:00:00Z,2026-06-15T02:00:00+0200,0.0,MW,DE,DE_LU,forecast_solar_generation,Solar,2026-06-25T11:27:13Z
2026-06-25T11:25:56Z,2026-06-25T13:25:56+0200,aad9710e-10ca-4c9d-9467-7720556f4b2e,2026-06-15T00:15:00Z,2026-06-15T02:15:00+0200,0.0,MW,DE,DE_LU,forecast_solar_generation,Solar,2026-06-25T11:27:13Z
2026-06-25T11:25:56Z,2026-06-25T13:25:56+0200,aad9710e-10ca-4c9d-9467-7720556f4b2e,2026-06-15T00:30:00Z,2026-06-15T02:30:00+0200,0.0,MW,DE,DE_LU,forecast_solar_generation,Solar,2026-06-25T11:27:13Z
2026-06-25T11:25:56Z,2026-06-25T13:25:56+0200,aad9710e-10ca-4c9d-9467-7720556f4b2e,2026-06-15T00:45:00Z,2026-06-15T02:45:00+0200,0.0,MW,DE,DE_LU,forecast_solar_generation,Solar,2026-06-25T11:27:13Z
2026-06-25T11:25:56Z,2026-06-25T13:25:56+0200,aad9710e-10ca-4c9d-9467-7720556f4b2e,2026-06-15T01:00:00Z,2026-06-15T03:00:00+0200,0.0,MW,DE,DE_LU,forecast_solar_generation,Solar,2026-06-25T11:27:13Z
2026-06-25T11:25:56Z,2026-06-25T13:25:56+0200,aad9710e-10ca-4c9d-9467-7720556f4b2e,2026-06-15T01:15:00Z,2026-06-15T03:15:00+0200,0.0,MW,DE,DE_LU,forecast_solar_generation,Solar,2026-06-25T11:27:13Z
2026-06-25T11:25:56Z,2026-06-25T13:25:56+0200,aad9710e-10ca-4c9d-9467-7720556f4b2e,2026-06-15T01:30:00Z,2026-06-15T03:30:00+0200,0.0,MW,DE,DE_LU,forecast_solar_generation,Solar,2026-06-25T11:27:13Z
2026-06-25T11:25:56Z,2026-06-25T13:25:56+0200,aad9710e-10ca-4c9d-9467-7720556f4b2e,2026-06-15T01:45:00Z,2026-06-15T03:45:00+0200,0.0,MW,DE,DE_LU,forecast_solar_generation,Solar,2026-06-25T11:27:13Z
2026-06-25T11:25:56Z,2026-06-25T13:25:56+0200,aad9710e-10ca-4c9d-9467-7720556f4b2e,2026-06-15T02:00:00Z,2026-06-15T04:00:00+0200,0.0,MW,DE,DE_LU,forecast_solar_generation,Solar,2026-06-25T11:27:13Z
2026-06-25T11:25:56Z,2026-06-25T13:25:56+0200,aad9710e-10ca-4c9d-9467-7720556f4b2e,2026-06-15T02:15:00Z,2026-06-15T04:15:00+0200,0.0,MW,DE,DE_LU,forecast_solar_generation,Solar,2026-06-25T11:27:13Z
2026-06-25T11:25:56Z,2026-06-25T13:25:56+0200,aad9710e-10ca-4c9d-9467-7720556f4b2e,2026-06-15T02:30:00Z,2026-06-15T04:30:00+0200,0.63,MW,DE,DE_LU,forecast_solar_generation,Solar,2026-06-25T11:27:13Z
2026-06-25T11:25:56Z,2026-06-25T13:25:56+0200,aad9710e-10ca-4c9d-9467-7720556f4b2e,2026-06-15T02:45:00Z,2026-06-15T04:45:00+0200,15.68425,MW,DE,DE_LU,forecast_solar_generation,Solar,2026-06-25T11:27:13Z
2026-06-25T11:25:56Z,2026-06-25T13:25:56+0200,aad9710e-10ca-4c9d-9467-7720556f4b2e,2026-06-15T03:00:00Z,2026-06-15T05:00:00+0200,91.94965,MW,DE,DE_LU,forecast_solar_generation,Solar,2026-06-25T11:27:13Z
2026-06-25T11:25:56Z,2026-06-25T13:25:56+0200,aad9710e-10ca-4c9d-9467-7720556f4b2e,2026-06-15T03:15:00Z,2026-06-15T05:15:00+0200,288.87502,MW,DE,DE_LU,forecast_solar_generation,Solar,2026-06-25T11:27:13Z
2026-06-25T11:25:56Z,2026-06-25T13:25:56+0200,aad9710e-10ca-4c9d-9467-7720556f4b2e,2026-06-15T03:30:00Z,2026-06-15T05:30:00+0200,675.48738,MW,DE,DE_LU,forecast_solar_generation,Solar,2026-06-25T11:27:13Z
2026-06-25T11:25:56Z,2026-06-25T13:25:56+0200,aad9710e-10ca-4c9d-9467-7720556f4b2e,2026-06-15T03:45:00Z,2026-06-15T05:45:00+0200,1289.73896,MW,DE,DE_LU,forecast_solar_generation,Solar,2026-06-25T11:27:13Z
2026-06-25T11:25:56Z,2026-06-25T13:25:56+0200,aad9710e-10ca-4c9d-9467-7720556f4b2e,2026-06-15T04:00:00Z,2026-06-15T06:00:00+0200,2154.72023,MW,DE,DE_LU,forecast_solar_generation,Solar,2026-06-25T11:27:13Z
2026-06-25T11:25:56Z,2026-06-25T13:25:56+0200,aad9710e-10ca-4c9d-9467-7720556f4b2e,2026-06-15T04:15:00Z,2026-06-15T06:15:00+0200,3212.7014,MW,DE,DE_LU,forecast_solar_generation,Solar,2026-06-25T11:27:13Z
2026-06-25T11:25:56Z,2026-06-25T13:25:56+0200,aad9710e-10ca-4c9d-9467-7720556f4b2e,2026-06-15T04:30:00Z,2026-06-15T06:30:00+0200,4439.04832,MW,DE,DE_LU,forecast_solar_generation,Solar,2026-06-25T11:27:13Z
2026-06-25T11:25:56Z,2026-06-25T13:25:56+0200,aad9710e-10ca-4c9d-9467-7720556f4b2e,2026-06-15T04:45:00Z,2026-06-15T06:45:00+0200,5825.2096,MW,DE,DE_LU,forecast_solar_generation,Solar,2026-06-25T11:27:13Z
2026-06-25T11:25:56Z,2026-06-25T13:25:56+0200,aad9710e-10ca-4c9d-9467-7720556f4b2e,2026-06-15T05:00:00Z,2026-06-15T07:00:00+0200,7384.06857,MW,DE,DE_LU,forecast_solar_generation,Solar,2026-06-25T11:27:13Z
2026-06-25T11:25:56Z,2026-06-25T13:25:56+0200,aad9710e-10ca-4c9d-9467-7720556f4b2e,2026-06-15T05:15:00Z,2026-06-15T07:15:00+0200,9125.38662,MW,DE,DE_LU,forecast_solar_generation,Solar,2026-06-25T11:27:13Z
2026-06-25T11:25:56Z,2026-06-25T13:25:56+0200,aad9710e-10ca-4c9d-9467-7720556f4b2e,2026-06-15T05:30:00Z,2026-06-15T07:30:00+0200,11024.49246,MW,DE,DE_LU,forecast_solar_generation,Solar,2026-06-25T11:27:13Z
2026-06-25T11:25:56Z,2026-06-25T13:25:56+0200,aad9710e-10ca-4c9d-9467-7720556f4b2e,2026-06-15T05:45:00Z,2026-06-15T07:45:00+0200,13004.01081,MW,DE,DE_LU,forecast_solar_generation,Solar,2026-06-25T11:27:13Z
2026-06-25T11:25:56Z,2026-06-25T13:25:56+0200,aad9710e-10ca-4c9d-9467-7720556f4b2e,2026-06-15T06:00:00Z,2026-06-15T08:00:00+0200,15011.76167,MW,DE,DE_LU,forecast_solar_generation,Solar,2026-06-25T11:27:13Z
2026-06-25T11:25:56Z,2026-06-25T13:25:56+0200,aad9710e-10ca-4c9d-9467-7720556f4b2e,2026-06-15T06:15:00Z,2026-06-15T08:15:00+0200,17045.86219,MW,DE,DE_LU,forecast_solar_generation,Solar,2026-06-25T11:27:13Z
2026-06-25T11:25:56Z,2026-06-25T13:25:56+0200,aad9710e-10ca-4c9d-9467-7720556f4b2e,2026-06-15T06:30:00Z,2026-06-15T08:30:00+0200,19027.97909,MW,DE,DE_LU,forecast_solar_generation,Solar,2026-06-25T11:27:13Z
2026-06-25T11:25:56Z,2026-06-25T13:25:56+0200,aad9710e-10ca-4c9d-9467-7720556f4b2e,2026-06-15T06:45:00Z,2026-06-15T08:45:00+0200,20958.90312,MW,DE,DE_LU,forecast_solar_generation,Solar,2026-06-25T11:27:13Z
2026-06-25T11:25:56Z,2026-06-25T13:25:56+0200,aad9710e-10ca-4c9d-9467-7720556f4b2e,2026-06-15T07:00:00Z,2026-06-15T09:00:00+0200,22756.83026,MW,DE,DE_LU,forecast_solar_generation,Solar,2026-06-25T11:27:13Z
2026-06-25T11:25:56Z,2026-06-25T13:25:56+0200,aad9710e-10ca-4c9d-9467-7720556f4b2e,2026-06-15T07:15:00Z,2026-06-15T09:15:00+0200,24511.0861,MW,DE,DE_LU,forecast_solar_generation,Solar,2026-06-25T11:27:13Z
2026-06-25T11:25:56Z,2026-06-25T13:25:56+0200,aad9710e-10ca-4c9d-9467-7720556f4b2e,2026-06-15T07:30:00Z,2026-06-15T09:30:00+0200,26214.16657,MW,DE,DE_LU,forecast_solar_generation,Solar,2026-06-25T11:27:13Z
2026-06-25T11:25:56Z,2026-06-25T13:25:56+0200,aad9710e-10ca-4c9d-9467-7720556f4b2e,2026-06-15T07:45:00Z,2026-06-15T09:45:00+0200,27693.90369,MW,DE,DE_LU,forecast_solar_generation,Solar,2026-06-25T11:27:13Z
2026-06-25T11:25:56Z,2026-06-25T13:25:56+0200,aad9710e-10ca-4c9d-9467-7720556f4b2e,2026-06-15T08:00:00Z,2026-06-15T10:00:00+0200,29036.9644,MW,DE,DE_LU,forecast_solar_generation,Solar,2026-06-25T11:27:13Z
2026-06-25T11:25:56Z,2026-06-25T13:25:56+0200,aad9710e-10ca-4c9d-9467-7720556f4b2e,2026-06-15T08:15:00Z,2026-06-15T10:15:00+0200,30395.26044,MW,DE,DE_LU,forecast_solar_generation,Solar,2026-06-25T11:27:13Z
2026-06-25T11:25:56Z,2026-06-25T13:25:56+0200,aad9710e-10ca-4c9d-9467-7720556f4b2e,2026-06-15T08:30:00Z,2026-06-15T10:30:00+0200,31702.87582,MW,DE,DE_LU,forecast_solar_generation,Solar,2026-06-25T11:27:13Z
2026-06-25T11:25:56Z,2026-06-25T13:25:56+0200,aad9710e-10ca-4c9d-9467-7720556f4b2e,2026-06-15T08:45:00Z,2026-06-15T10:45:00+0200,32902.31271,MW,DE,DE_LU,forecast_solar_generation,Solar,2026-06-25T11:27:13Z
2026-06-25T11:25:56Z,2026-06-25T13:25:56+0200,aad9710e-10ca-4c9d-9467-7720556f4b2e,2026-06-15T09:00:00Z,2026-06-15T11:00:00+0200,34013.16333,MW,DE,DE_LU,forecast_solar_generation,Solar,2026-06-25T11:27:13Z
2026-06-25T11:25:56Z,2026-06-25T13:25:56+0200,aad9710e-10ca-4c9d-9467-7720556f4b2e,2026-06-15T09:15:00Z,2026-06-15T11:15:00+0200,35029.21926,MW,DE,DE_LU,forecast_solar_generation,Solar,2026-06-25T11:27:13Z
2026-06-25T11:25:56Z,2026-06-25T13:25:56+0200,aad9710e-10ca-4c9d-9467-7720556f4b2e,2026-06-15T09:30:00Z,2026-06-15T11:30:00+0200,36021.8631,MW,DE,DE_LU,forecast_solar_generation,Solar,2026-06-25T11:27:13Z
2026-06-25T11:25:56Z,2026-06-25T13:25:56+0200,aad9710e-10ca-4c9d-9467-7720556f4b2e,2026-06-15T09:45:00Z,2026-06-15T11:45:00+0200,36927.33271,MW,DE,DE_LU,forecast_solar_generation,Solar,2026-06-25T11:27:13Z
2026-06-25T11:25:56Z,2026-06-25T13:25:56+0200,aad9710e-10ca-4c9d-9467-7720556f4b2e,2026-06-15T10:00:00Z,2026-06-15T12:00:00+0200,37795.75779,MW,DE,DE_LU,forecast_solar_generation,Solar,2026-06-25T11:27:13Z
2026-06-25T11:25:56Z,2026-06-25T13:25:56+0200,aad9710e-10ca-4c9d-9467-7720556f4b2e,2026-06-15T10:15:00Z,2026-06-15T12:15:00+0200,38467.70824,MW,DE,DE_LU,forecast_solar_generation,Solar,2026-06-25T11:27:13Z
2026-06-25T11:25:56Z,2026-06-25T13:25:56+0200,aad9710e-10ca-4c9d-9467-7720556f4b2e,2026-06-15T10:30:00Z,2026-06-15T12:30:00+0200,39220.72734,MW,DE,DE_LU,forecast_solar_generation,Solar,2026-06-25T11:27:13Z
2026-06-25T11:25:56Z,2026-06-25T13:25:56+0200,aad9710e-10ca-4c9d-9467-7720556f4b2e,2026-06-15T10:45:00Z,2026-06-15T12:45:00+0200,39754.11955,MW,DE,DE_LU,forecast_solar_generation,Solar,2026-06-25T11:27:13Z
2026-06-25T11:25:56Z,2026-06-25T13:25:56+0200,aad9710e-10ca-4c9d-9467-7720556f4b2e,2026-06-15T11:00:00Z,2026-06-15T13:00:00+0200,40198.56247,MW,DE,DE_LU,forecast_solar_generation,Solar,2026-06-25T11:27:13Z
2026-06-25T11:25:56Z,2026-06-25T13:25:56+0200,aad9710e-10ca-4c9d-9467-7720556f4b2e,2026-06-15T11:15:00Z,2026-06-15T13:15:00+0200,40415.92676,MW,DE,DE_LU,forecast_solar_generation,Solar,2026-06-25T11:27:13Z
2026-06-25T11:25:56Z,2026-06-25T13:25:56+0200,aad9710e-10ca-4c9d-9467-7720556f4b2e,2026-06-15T11:30:00Z,2026-06-15T13:30:00+0200,40584.75263,MW,DE,DE_LU,forecast_solar_generation,Solar,2026-06-25T11:27:13Z
2026-06-25T11:25:56Z,2026-06-25T13:25:56+0200,aad9710e-10ca-4c9d-9467-7720556f4b2e,2026-06-15T11:45:00Z,2026-06-15T13:45:00+0200,40671.7215,MW,DE,DE_LU,forecast_solar_generation,Solar,2026-06-25T11:27:13Z
2026-06-25T11:25:56Z,2026-06-25T13:25:56+0200,aad9710e-10ca-4c9d-9467-7720556f4b2e,2026-06-15T12:00:00Z,2026-06-15T14:00:00+0200,40699.71815,MW,DE,DE_LU,forecast_solar_generation,Solar,2026-06-25T11:27:13Z
2026-06-25T11:25:56Z,2026-06-25T13:25:56+0200,aad9710e-10ca-4c9d-9467-7720556f4b2e,2026-06-15T12:15:00Z,2026-06-15T14:15:00+0200,40667.11409,MW,DE,DE_LU,forecast_solar_generation,Solar,2026-06-25T11:27:13Z
2026-06-25T11:25:56Z,2026-06-25T13:25:56+0200,aad9710e-10ca-4c9d-9467-7720556f4b2e,2026-06-15T12:30:00Z,2026-06-15T14:30:00+0200,40480.7711,MW,DE,DE_LU,forecast_solar_generation,Solar,2026-06-25T11:27:13Z
2026-06-25T11:25:56Z,2026-06-25T13:25:56+0200,aad9710e-10ca-4c9d-9467-7720556f4b2e,2026-06-15T12:45:00Z,2026-06-15T14:45:00+0200,40156.18301,MW,DE,DE_LU,forecast_solar_generation,Solar,2026-06-25T11:27:13Z
2026-06-25T11:25:56Z,2026-06-25T13:25:56+0200,aad9710e-10ca-4c9d-9467-7720556f4b2e,2026-06-15T13:00:00Z,2026-06-15T15:00:00+0200,39568.96805,MW,DE,DE_LU,forecast_solar_generation,Solar,2026-06-25T11:27:13Z
2026-06-25T11:25:56Z,2026-06-25T13:25:56+0200,aad9710e-10ca-4c9d-9467-7720556f4b2e,2026-06-15T13:15:00Z,2026-06-15T15:15:00+0200,38868.86025,MW,DE,DE_LU,forecast_solar_generation,Solar,2026-06-25T11:27:13Z
2026-06-25T11:25:56Z,2026-06-25T13:25:56+0200,aad9710e-10ca-4c9d-9467-7720556f4b2e,2026-06-15T13:30:00Z,2026-06-15T15:30:00+0200,37963.04098,MW,DE,DE_LU,forecast_solar_generation,Solar,2026-06-25T11:27:13Z
2026-06-25T11:25:56Z,2026-06-25T13:25:56+0200,aad9710e-10ca-4c9d-9467-7720556f4b2e,2026-06-15T13:45:00Z,2026-06-15T15:45:00+0200,36967.44429,MW,DE,DE_LU,forecast_solar_generation,Solar,2026-06-25T11:27:13Z
2026-06-25T11:25:56Z,2026-06-25T13:25:56+0200,aad9710e-10ca-4c9d-9467-7720556f4b2e,2026-06-15T14:00:00Z,2026-06-15T16:00:00+0200,35880.21016,MW,DE,DE_LU,forecast_solar_generation,Solar,2026-06-25T11:27:13Z
2026-06-25T11:25:56Z,2026-06-25T13:25:56+0200,aad9710e-10ca-4c9d-9467-7720556f4b2e,2026-06-15T14:15:00Z,2026-06-15T16:15:00+0200,34645.79457,MW,DE,DE_LU,forecast_solar_generation,Solar,2026-06-25T11:27:13Z
2026-06-25T11:25:56Z,2026-06-25T13:25:56+0200,aad9710e-10ca-4c9d-9467-7720556f4b2e,2026-06-15T14:30:00Z,2026-06-15T16:30:00+0200,33306.65776,MW,DE,DE_LU,forecast_solar_generation,Solar,2026-06-25T11:27:13Z
2026-06-25T11:25:56Z,2026-06-25T13:25:56+0200,aad9710e-10ca-4c9d-9467-7720556f4b2e,2026-06-15T14:45:00Z,2026-06-15T16:45:00+0200,31864.08331,MW,DE,DE_LU,forecast_solar_generation,Solar,2026-06-25T11:27:13Z
2026-06-25T11:25:56Z,2026-06-25T13:25:56+0200,aad9710e-10ca-4c9d-9467-7720556f4b2e,2026-06-15T15:00:00Z,2026-06-15T17:00:00+0200,30245.31889,MW,DE,DE_LU,forecast_solar_generation,Solar,2026-06-25T11:27:13Z
2026-06-25T11:25:56Z,2026-06-25T13:25:56+0200,aad9710e-10ca-4c9d-9467-7720556f4b2e,2026-06-15T15:15:00Z,2026-06-15T17:15:00+0200,28430.94284,MW,DE,DE_LU,forecast_solar_generation,Solar,2026-06-25T11:27:13Z
2026-06-25T11:25:56Z,2026-06-25T13:25:56+0200,aad9710e-10ca-4c9d-9467-7720556f4b2e,2026-06-15T15:30:00Z,2026-06-15T17:30:00+0200,26503.24776,MW,DE,DE_LU,forecast_solar_generation,Solar,2026-06-25T11:27:13Z
2026-06-25T11:25:56Z,2026-06-25T13:25:56+0200,aad9710e-10ca-4c9d-9467-7720556f4b2e,2026-06-15T15:45:00Z,2026-06-15T17:45:00+0200,24401.19565,MW,DE,DE_LU,forecast_solar_generation,Solar,2026-06-25T11:27:13Z
2026-06-25T11:25:56Z,2026-06-25T13:25:56+0200,aad9710e-10ca-4c9d-9467-7720556f4b2e,2026-06-15T16:00:00Z,2026-06-15T18:00:00+0200,22035.61527,MW,DE,DE_LU,forecast_solar_generation,Solar,2026-06-25T11:27:13Z
2026-06-25T11:25:56Z,2026-06-25T13:25:56+0200,aad9710e-10ca-4c9d-9467-7720556f4b2e,2026-06-15T16:15:00Z,2026-06-15T18:15:00+0200,19613.51394,MW,DE,DE_LU,forecast_solar_generation,Solar,2026-06-25T11:27:13Z
2026-06-25T11:25:56Z,2026-06-25T13:25:56+0200,aad9710e-10ca-4c9d-9467-7720556f4b2e,2026-06-15T16:30:00Z,2026-06-15T18:30:00+0200,17065.62748,MW,DE,DE_LU,forecast_solar_generation,Solar,2026-06-25T11:27:13Z
2026-06-25T11:25:56Z,2026-06-25T13:25:56+0200,aad9710e-10ca-4c9d-9467-7720556f4b2e,2026-06-15T16:45:00Z,2026-06-15T18:45:00+0200,14544.63347,MW,DE,DE_LU,forecast_solar_generation,Solar,2026-06-25T11:27:13Z
2026-06-25T11:25:56Z,2026-06-25T13:25:56+0200,aad9710e-10ca-4c9d-9467-7720556f4b2e,2026-06-15T17:00:00Z,2026-06-15T19:00:00+0200,12091.41266,MW,DE,DE_LU,forecast_solar_generation,Solar,2026-06-25T11:27:13Z
2026-06-25T11:25:56Z,2026-06-25T13:25:56+0200,aad9710e-10ca-4c9d-9467-7720556f4b2e,2026-06-15T17:15:00Z,2026-06-15T19:15:00+0200,9792.99299,MW,DE,DE_LU,forecast_solar_generation,Solar,2026-06-25T11:27:13Z
2026-06-25T11:25:56Z,2026-06-25T13:25:56+0200,aad9710e-10ca-4c9d-9467-7720556f4b2e,2026-06-15T17:30:00Z,2026-06-15T19:30:00+0200,7758.13047,MW,DE,DE_LU,forecast_solar_generation,Solar,2026-06-25T11:27:13Z
2026-06-25T11:25:56Z,2026-06-25T13:25:56+0200,aad9710e-10ca-4c9d-9467-7720556f4b2e,2026-06-15T17:45:00Z,2026-06-15T19:45:00+0200,6039.54971,MW,DE,DE_LU,forecast_solar_generation,Solar,2026-06-25T11:27:13Z
2026-06-25T11:25:56Z,2026-06-25T13:25:56+0200,aad9710e-10ca-4c9d-9467-7720556f4b2e,2026-06-15T18:00:00Z,2026-06-15T20:00:00+0200,4561.76577,MW,DE,DE_LU,forecast_solar_generation,Solar,2026-06-25T11:27:13Z
2026-06-25T11:25:56Z,2026-06-25T13:25:56+0200,aad9710e-10ca-4c9d-9467-7720556f4b2e,2026-06-15T18:15:00Z,2026-06-15T20:15:00+0200,3270.14241,MW,DE,DE_LU,forecast_solar_generation,Solar,2026-06-25T11:27:13Z
2026-06-25T11:25:56Z,2026-06-25T13:25:56+0200,aad9710e-10ca-4c9d-9467-7720556f4b2e,2026-06-15T18:30:00Z,2026-06-15T20:30:00+0200,2160.17388,MW,DE,DE_LU,forecast_solar_generation,Solar,2026-06-25T11:27:13Z
2026-06-25T11:25:56Z,2026-06-25T13:25:56+0200,aad9710e-10ca-4c9d-9467-7720556f4b2e,2026-06-15T18:45:00Z,2026-06-15T20:45:00+0200,1269.73127,MW,DE,DE_LU,forecast_solar_generation,Solar,2026-06-25T11:27:13Z
2026-06-25T11:25:56Z,2026-06-25T13:25:56+0200,aad9710e-10ca-4c9d-9467-7720556f4b2e,2026-06-15T19:00:00Z,2026-06-15T21:00:00+0200,617.34654,MW,DE,DE_LU,forecast_solar_generation,Solar,2026-06-25T11:27:13Z
2026-06-25T11:25:56Z,2026-06-25T13:25:56+0200,aad9710e-10ca-4c9d-9467-7720556f4b2e,2026-06-15T19:15:00Z,2026-06-15T21:15:00+0200,232.34989,MW,DE,DE_LU,forecast_solar_generation,Solar,2026-06-25T11:27:13Z
2026-06-25T11:25:56Z,2026-06-25T13:25:56+0200,aad9710e-10ca-4c9d-9467-7720556f4b2e,2026-06-15T19:30:00Z,2026-06-15T21:30:00+0200,73.13937,MW,DE,DE_LU,forecast_solar_generation,Solar,2026-06-25T11:27:13Z
2026-06-25T11:25:56Z,2026-06-25T13:25:56+0200,aad9710e-10ca-4c9d-9467-7720556f4b2e,2026-06-15T19:45:00Z,2026-06-15T21:45:00+0200,26.11746,MW,DE,DE_LU,forecast_solar_generation,Solar,2026-06-25T11:27:13Z
2026-06-25T11:25:56Z,2026-06-25T13:25:56+0200,aad9710e-10ca-4c9d-9467-7720556f4b2e,2026-06-15T20:00:00Z,2026-06-15T22:00:00+0200,4.424,MW,DE,DE_LU,forecast_solar_generation,Solar,2026-06-25T11:27:13Z
2026-06-25T11:25:56Z,2026-06-25T13:25:56+0200,aad9710e-10ca-4c9d-9467-7720556f4b2e,2026-06-15T20:15:00Z,2026-06-15T22:15:00+0200,0.0,MW,DE,DE_LU,forecast_solar_generation,Solar,2026-06-25T11:27:13Z
2026-06-25T11:25:56Z,2026-06-25T13:25:56+0200,aad9710e-10ca-4c9d-9467-7720556f4b2e,2026-06-15T20:30:00Z,2026-06-15T22:30:00+0200,0.0,MW,DE,DE_LU,forecast_solar_generation,Solar,2026-06-25T11:27:13Z
2026-06-25T11:25:56Z,2026-06-25T13:25:56+0200,aad9710e-10ca-4c9d-9467-7720556f4b2e,2026-06-15T20:45:00Z,2026-06-15T22:45:00+0200,0.0,MW,DE,DE_LU,forecast_solar_generation,Solar,2026-06-25T11:27:13Z
2026-06-25T11:25:56Z,2026-06-25T13:25:56+0200,aad9710e-10ca-4c9d-9467-7720556f4b2e,2026-06-15T21:00:00Z,2026-06-15T23:00:00+0200,0.0,MW,DE,DE_LU,forecast_solar_generation,Solar,2026-06-25T11:27:13Z
2026-06-25T11:25:56Z,2026-06-25T13:25:56+0200,aad9710e-10ca-4c9d-9467-7720556f4b2e,2026-06-15T21:15:00Z,2026-06-15T23:15:00+0200,0.0,MW,DE,DE_LU,forecast_solar_generation,Solar,2026-06-25T11:27:13Z
2026-06-25T11:25:56Z,2026-06-25T13:25:56+0200,aad9710e-10ca-4c9d-9467-7720556f4b2e,2026-06-15T21:30:00Z,2026-06-15T23:30:00+0200,0.0,MW,DE,DE_LU,forecast_solar_generation,Solar,2026-06-25T11:27:13Z
2026-06-25T11:25:56Z,2026-06-25T13:25:56+0200,aad9710e-10ca-4c9d-9467-7720556f4b2e,2026-06-15T21:45:00Z,2026-06-15T23:45:00+0200,0.0,MW,DE,DE_LU,forecast_solar_generation,Solar,2026-06-25T11:27:13Z
2026-06-25T11:25:56Z,2026-06-25T13:25:56+0200,aad9710e-10ca-4c9d-9467-7720556f4b2e,2026-06-15T22:00:00Z,2026-06-16T00:00:00+0200,0.0,MW,DE,DE_LU,forecast_solar_generation,Solar,2026-06-25T11:27:13Z
2026-06-25T11:25:56Z,2026-06-25T13:25:56+0200,aad9710e-10ca-4c9d-9467-7720556f4b2e,2026-06-15T22:15:00Z,2026-06-16T00:15:00+0200,0.0,MW,DE,DE_LU,forecast_solar_generation,Solar,2026-06-25T11:27:13Z
2026-06-25T11:25:56Z,2026-06-25T13:25:56+0200,aad9710e-10ca-4c9d-9467-7720556f4b2e,2026-06-15T22:30:00Z,2026-06-16T00:30:00+0200,0.0,MW,DE,DE_LU,forecast_solar_generation,Solar,2026-06-25T11:27:13Z
2026-06-25T11:25:56Z,2026-06-25T13:25:56+0200,aad9710e-10ca-4c9d-9467-7720556f4b2e,2026-06-15T22:45:00Z,2026-06-16T00:45:00+0200,0.0,MW,DE,DE_LU,forecast_solar_generation,Solar,2026-06-25T11:27:13Z
2026-06-25T11:25:56Z,2026-06-25T13:25:56+0200,aad9710e-10ca-4c9d-9467-7720556f4b2e,2026-06-15T23:00:00Z,2026-06-16T01:00:00+0200,0.0,MW,DE,DE_LU,forecast_solar_generation,Solar,2026-06-25T11:27:13Z
2026-06-25T11:25:56Z,2026-06-25T13:25:56+0200,aad9710e-10ca-4c9d-9467-7720556f4b2e,2026-06-15T23:15:00Z,2026-06-16T01:15:00+0200,0.0,MW,DE,DE_LU,forecast_solar_generation,Solar,2026-06-25T11:27:13Z
2026-06-25T11:25:56Z,2026-06-25T13:25:56+0200,aad9710e-10ca-4c9d-9467-7720556f4b2e,2026-06-15T23:30:00Z,2026-06-16T01:30:00+0200,0.0,MW,DE,DE_LU,forecast_solar_generation,Solar,2026-06-25T11:27:13Z
2026-06-25T11:25:56Z,2026-06-25T13:25:56+0200,aad9710e-10ca-4c9d-9467-7720556f4b2e,2026-06-15T23:45:00Z,2026-06-16T01:45:00+0200,0.0,MW,DE,DE_LU,forecast_solar_generation,Solar,2026-06-25T11:27:13Z
2026-06-25T11:25:56Z,2026-06-25T13:25:56+0200,aad9710e-10ca-4c9d-9467-7720556f4b2e,2026-06-16T00:00:00Z,2026-06-16T02:00:00+0200,0.0,MW,DE,DE_LU,forecast_solar_generation,Solar,2026-06-25T11:27:13Z
2026-06-25T11:25:56Z,2026-06-25T13:25:56+0200,aad9710e-10ca-4c9d-9467-7720556f4b2e,2026-06-16T00:15:00Z,2026-06-16T02:15:00+0200,0.0,MW,DE,DE_LU,forecast_solar_generation,Solar,2026-06-25T11:27:13Z
2026-06-25T11:25:56Z,2026-06-25T13:25:56+0200,aad9710e-10ca-4c9d-9467-7720556f4b2e,2026-06-16T00:30:00Z,2026-06-16T02:30:00+0200,0.0,MW,DE,DE_LU,forecast_solar_generation,Solar,2026-06-25T11:27:13Z
2026-06-25T11:25:56Z,2026-06-25T13:25:56+0200,aad9710e-10ca-4c9d-9467-7720556f4b2e,2026-06-16T00:45:00Z,2026-06-16T02:45:00+0200,0.0,MW,DE,DE_LU,forecast_solar_generation,Solar,2026-06-25T11:27:13Z
2026-06-25T11:25:56Z,2026-06-25T13:25:56+0200,aad9710e-10ca-4c9d-9467-7720556f4b2e,2026-06-16T01:00:00Z,2026-06-16T03:00:00+0200,0.0,MW,DE,DE_LU,forecast_solar_generation,Solar,2026-06-25T11:27:13Z
2026-06-25T11:25:56Z,2026-06-25T13:25:56+0200,aad9710e-10ca-4c9d-9467-7720556f4b2e,2026-06-16T01:15:00Z,2026-06-16T03:15:00+0200,0.0,MW,DE,DE_LU,forecast_solar_generation,Solar,2026-06-25T11:27:13Z
2026-06-25T11:25:56Z,2026-06-25T13:25:56+0200,aad9710e-10ca-4c9d-9467-7720556f4b2e,2026-06-16T01:30:00Z,2026-06-16T03:30:00+0200,0.0,MW,DE,DE_LU,forecast_solar_generation,Solar,2026-06-25T11:27:13Z
2026-06-25T11:25:56Z,2026-06-25T13:25:56+0200,aad9710e-10ca-4c9d-9467-7720556f4b2e,2026-06-16T01:45:00Z,2026-06-16T03:45:00+0200,0.0,MW,DE,DE_LU,forecast_solar_generation,Solar,2026-06-25T11:27:13Z
2026-06-25T11:25:56Z,2026-06-25T13:25:56+0200,aad9710e-10ca-4c9d-9467-7720556f4b2e,2026-06-16T02:00:00Z,2026-06-16T04:00:00+0200,0.0,MW,DE,DE_LU,forecast_solar_generation,Solar,2026-06-25T11:27:13Z
2026-06-25T11:25:56Z,2026-06-25T13:25:56+0200,aad9710e-10ca-4c9d-9467-7720556f4b2e,2026-06-16T02:15:00Z,2026-06-16T04:15:00+0200,0.0,MW,DE,DE_LU,forecast_solar_generation,Solar,2026-06-25T11:27:13Z
2026-06-25T11:25:56Z,2026-06-25T13:25:56+0200,aad9710e-10ca-4c9d-9467-7720556f4b2e,2026-06-16T02:30:00Z,2026-06-16T04:30:00+0200,0.89,MW,DE,DE_LU,forecast_solar_generation,Solar,2026-06-25T11:27:13Z
2026-06-25T11:25:56Z,2026-06-25T13:25:56+0200,aad9710e-10ca-4c9d-9467-7720556f4b2e,2026-06-16T02:45:00Z,2026-06-16T04:45:00+0200,26.21751,MW,DE,DE_LU,forecast_solar_generation,Solar,2026-06-25T11:27:13Z
2026-06-25T11:25:56Z,2026-06-25T13:25:56+0200,aad9710e-10ca-4c9d-9467-7720556f4b2e,2026-06-16T03:00:00Z,2026-06-16T05:00:00+0200,144.03276,MW,DE,DE_LU,forecast_solar_generation,Solar,2026-06-25T11:27:13Z
2026-06-25T11:25:56Z,2026-06-25T13:25:56+0200,aad9710e-10ca-4c9d-9467-7720556f4b2e,2026-06-16T03:15:00Z,2026-06-16T05:15:00+0200,445.35233,MW,DE,DE_LU,forecast_solar_generation,Solar,2026-06-25T11:27:13Z
2026-06-25T11:25:56Z,2026-06-25T13:25:56+0200,aad9710e-10ca-4c9d-9467-7720556f4b2e,2026-06-16T03:30:00Z,2026-06-16T05:30:00+0200,910.62071,MW,DE,DE_LU,forecast_solar_generation,Solar,2026-06-25T11:27:13Z
2026-06-25T11:25:56Z,2026-06-25T13:25:56+0200,aad9710e-10ca-4c9d-9467-7720556f4b2e,2026-06-16T03:45:00Z,2026-06-16T05:45:00+0200,1553.97969,MW,DE,DE_LU,forecast_solar_generation,Solar,2026-06-25T11:27:13Z
2026-06-25T11:25:56Z,2026-06-25T13:25:56+0200,aad9710e-10ca-4c9d-9467-7720556f4b2e,2026-06-16T04:00:00Z,2026-06-16T06:00:00+0200,2398.20919,MW,DE,DE_LU,forecast_solar_generation,Solar,2026-06-25T11:27:13Z
2026-06-25T11:25:56Z,2026-06-25T13:25:56+0200,aad9710e-10ca-4c9d-9467-7720556f4b2e,2026-06-16T04:15:00Z,2026-06-16T06:15:00+0200,3435.47803,MW,DE,DE_LU,forecast_solar_generation,Solar,2026-06-25T11:27:13Z
2026-06-25T11:25:56Z,2026-06-25T13:25:56+0200,aad9710e-10ca-4c9d-9467-7720556f4b2e,2026-06-16T04:30:00Z,2026-06-16T06:30:00+0200,4642.5168,MW,DE,DE_LU,forecast_solar_generation,Solar,2026-06-25T11:27:13Z
2026-06-25T11:25:56Z,2026-06-25T13:25:56+0200,aad9710e-10ca-4c9d-9467-7720556f4b2e,2026-06-16T04:45:00Z,2026-06-16T06:45:00+0200,6033.25126,MW,DE,DE_LU,forecast_solar_generation,Solar,2026-06-25T11:27:13Z
2026-06-25T11:25:56Z,2026-06-25T13:25:56+0200,aad9710e-10ca-4c9d-9467-7720556f4b2e,2026-06-16T05:00:00Z,2026-06-16T07:00:00+0200,7608.91036,MW,DE,DE_LU,forecast_solar_generation,Solar,2026-06-25T11:27:13Z
2026-06-25T11:25:56Z,2026-06-25T13:25:56+0200,aad9710e-10ca-4c9d-9467-7720556f4b2e,2026-06-16T05:15:00Z,2026-06-16T07:15:00+0200,9315.69466,MW,DE,DE_LU,forecast_solar_generation,Solar,2026-06-25T11:27:13Z
2026-06-25T11:25:56Z,2026-06-25T13:25:56+0200,aad9710e-10ca-4c9d-9467-7720556f4b2e,2026-06-16T05:30:00Z,2026-06-16T07:30:00+0200,11098.55986,MW,DE,DE_LU,forecast_solar_generation,Solar,2026-06-25T11:27:13Z
2026-06-25T11:25:56Z,2026-06-25T13:25:56+0200,aad9710e-10ca-4c9d-9467-7720556f4b2e,2026-06-16T05:45:00Z,2026-06-16T07:45:00+0200,12889.00738,MW,DE,DE_LU,forecast_solar_generation,Solar,2026-06-25T11:27:13Z
2026-06-25T11:25:56Z,2026-06-25T13:25:56+0200,aad9710e-10ca-4c9d-9467-7720556f4b2e,2026-06-16T06:00:00Z,2026-06-16T08:00:00+0200,14658.13768,MW,DE,DE_LU,forecast_solar_generation,Solar,2026-06-25T11:27:13Z
2026-06-25T11:25:56Z,2026-06-25T13:25:56+0200,aad9710e-10ca-4c9d-9467-7720556f4b2e,2026-06-16T06:15:00Z,2026-06-16T08:15:00+0200,16388.67943,MW,DE,DE_LU,forecast_solar_generation,Solar,2026-06-25T11:27:13Z
2026-06-25T11:25:56Z,2026-06-25T13:25:56+0200,aad9710e-10ca-4c9d-9467-7720556f4b2e,2026-06-16T06:30:00Z,2026-06-16T08:30:00+0200,18078.5704,MW,DE,DE_LU,forecast_solar_generation,Solar,2026-06-25T11:27:13Z
2026-06-25T11:25:56Z,2026-06-25T13:25:56+0200,aad9710e-10ca-4c9d-9467-7720556f4b2e,2026-06-16T06:45:00Z,2026-06-16T08:45:00+0200,19710.68259,MW,DE,DE_LU,forecast_solar_generation,Solar,2026-06-25T11:27:13Z
2026-06-25T11:25:56Z,2026-06-25T13:25:56+0200,aad9710e-10ca-4c9d-9467-7720556f4b2e,2026-06-16T07:00:00Z,2026-06-16T09:00:00+0200,21252.16612,MW,DE,DE_LU,forecast_solar_generation,Solar,2026-06-25T11:27:13Z
2026-06-25T11:25:56Z,2026-06-25T13:25:56+0200,aad9710e-10ca-4c9d-9467-7720556f4b2e,2026-06-16T07:15:00Z,2026-06-16T09:15:00+0200,22692.02123,MW,DE,DE_LU,forecast_solar_generation,Solar,2026-06-25T11:27:13Z
2026-06-25T11:25:56Z,2026-06-25T13:25:56+0200,aad9710e-10ca-4c9d-9467-7720556f4b2e,2026-06-16T07:30:00Z,2026-06-16T09:30:00+0200,24072.70057,MW,DE,DE_LU,forecast_solar_generation,Solar,2026-06-25T11:27:13Z
2026-06-25T11:25:56Z,2026-06-25T13:25:56+0200,aad9710e-10ca-4c9d-9467-7720556f4b2e,2026-06-16T07:45:00Z,2026-06-16T09:45:00+0200,25341.07818,MW,DE,DE_LU,forecast_solar_generation,Solar,2026-06-25T11:27:13Z
2026-06-25T11:25:56Z,2026-06-25T13:25:56+0200,aad9710e-10ca-4c9d-9467-7720556f4b2e,2026-06-16T08:00:00Z,2026-06-16T10:00:00+0200,26503.12953,MW,DE,DE_LU,forecast_solar_generation,Solar,2026-06-25T11:27:13Z
2026-06-25T11:25:56Z,2026-06-25T13:25:56+0200,aad9710e-10ca-4c9d-9467-7720556f4b2e,2026-06-16T08:15:00Z,2026-06-16T10:15:00+0200,27627.88183,MW,DE,DE_LU,forecast_solar_generation,Solar,2026-06-25T11:27:13Z
2026-06-25T11:25:56Z,2026-06-25T13:25:56+0200,aad9710e-10ca-4c9d-9467-7720556f4b2e,2026-06-16T08:30:00Z,2026-06-16T10:30:00+0200,28642.95296,MW,DE,DE_LU,forecast_solar_generation,Solar,2026-06-25T11:27:13Z
2026-06-25T11:25:56Z,2026-06-25T13:25:56+0200,aad9710e-10ca-4c9d-9467-7720556f4b2e,2026-06-16T08:45:00Z,2026-06-16T10:45:00+0200,29538.5087,MW,DE,DE_LU,forecast_solar_generation,Solar,2026-06-25T11:27:13Z
2026-06-25T11:25:56Z,2026-06-25T13:25:56+0200,aad9710e-10ca-4c9d-9467-7720556f4b2e,2026-06-16T09:00:00Z,2026-06-16T11:00:00+0200,30316.26345,MW,DE,DE_LU,forecast_solar_generation,Solar,2026-06-25T11:27:13Z
2026-06-25T11:25:56Z,2026-06-25T13:25:56+0200,aad9710e-10ca-4c9d-9467-7720556f4b2e,2026-06-16T09:15:00Z,2026-06-16T11:15:00+0200,31039.87565,MW,DE,DE_LU,forecast_solar_generation,Solar,2026-06-25T11:27:13Z
2026-06-25T11:25:56Z,2026-06-25T13:25:56+0200,aad9710e-10ca-4c9d-9467-7720556f4b2e,2026-06-16T09:30:00Z,2026-06-16T11:30:00+0200,31630.43737,MW,DE,DE_LU,forecast_solar_generation,Solar,2026-06-25T11:27:13Z
2026-06-25T11:25:56Z,2026-06-25T13:25:56+0200,aad9710e-10ca-4c9d-9467-7720556f4b2e,2026-06-16T09:45:00Z,2026-06-16T11:45:00+0200,32151.85315,MW,DE,DE_LU,forecast_solar_generation,Solar,2026-06-25T11:27:13Z
2026-06-25T11:25:56Z,2026-06-25T13:25:56+0200,aad9710e-10ca-4c9d-9467-7720556f4b2e,2026-06-16T10:00:00Z,2026-06-16T12:00:00+0200,32596.69457,MW,DE,DE_LU,forecast_solar_generation,Solar,2026-06-25T11:27:13Z
2026-06-25T11:25:56Z,2026-06-25T13:25:56+0200,aad9710e-10ca-4c9d-9467-7720556f4b2e,2026-06-16T10:15:00Z,2026-06-16T12:15:00+0200,32959.81509,MW,DE,DE_LU,forecast_solar_generation,Solar,2026-06-25T11:27:13Z
2026-06-25T11:25:56Z,2026-06-25T13:25:56+0200,aad9710e-10ca-4c9d-9467-7720556f4b2e,2026-06-16T10:30:00Z,2026-06-16T12:30:00+0200,33309.12892,MW,DE,DE_LU,forecast_solar_generation,Solar,2026-06-25T11:27:13Z
2026-06-25T11:25:56Z,2026-06-25T13:25:56+0200,aad9710e-10ca-4c9d-9467-7720556f4b2e,2026-06-16T10:45:00Z,2026-06-16T12:45:00+0200,33518.84004,MW,DE,DE_LU,forecast_solar_generation,Solar,2026-06-25T11:27:13Z
2026-06-25T11:25:56Z,2026-06-25T13:25:56+0200,aad9710e-10ca-4c9d-9467-7720556f4b2e,2026-06-16T11:00:00Z,2026-06-16T13:00:00+0200,33649.03453,MW,DE,DE_LU,forecast_solar_generation,Solar,2026-06-25T11:27:13Z
2026-06-25T11:25:56Z,2026-06-25T13:25:56+0200,aad9710e-10ca-4c9d-9467-7720556f4b2e,2026-06-16T11:15:00Z,2026-06-16T13:15:00+0200,33662.97744,MW,DE,DE_LU,forecast_solar_generation,Solar,2026-06-25T11:27:13Z
2026-06-25T11:25:56Z,2026-06-25T13:25:56+0200,aad9710e-10ca-4c9d-9467-7720556f4b2e,2026-06-16T11:30:00Z,2026-06-16T13:30:00+0200,33611.64721,MW,DE,DE_LU,forecast_solar_generation,Solar,2026-06-25T11:27:13Z
2026-06-25T11:25:56Z,2026-06-25T13:25:56+0200,aad9710e-10ca-4c9d-9467-7720556f4b2e,2026-06-16T11:45:00Z,2026-06-16T13:45:00+0200,33476.14531,MW,DE,DE_LU,forecast_solar_generation,Solar,2026-06-25T11:27:13Z
2026-06-25T11:25:56Z,2026-06-25T13:25:56+0200,aad9710e-10ca-4c9d-9467-7720556f4b2e,2026-06-16T12:00:00Z,2026-06-16T14:00:00+0200,33301.42967,MW,DE,DE_LU,forecast_solar_generation,Solar,2026-06-25T11:27:13Z
2026-06-25T11:25:56Z,2026-06-25T13:25:56+0200,aad9710e-10ca-4c9d-9467-7720556f4b2e,2026-06-16T12:15:00Z,2026-06-16T14:15:00+0200,33043.85747,MW,DE,DE_LU,forecast_solar_generation,Solar,2026-06-25T11:27:13Z
2026-06-25T11:25:56Z,2026-06-25T13:25:56+0200,aad9710e-10ca-4c9d-9467-7720556f4b2e,2026-06-16T12:30:00Z,2026-06-16T14:30:00+0200,32724.21256,MW,DE,DE_LU,forecast_solar_generation,Solar,2026-06-25T11:27:13Z
2026-06-25T11:25:56Z,2026-06-25T13:25:56+0200,aad9710e-10ca-4c9d-9467-7720556f4b2e,2026-06-16T12:45:00Z,2026-06-16T14:45:00+0200,32215.81743,MW,DE,DE_LU,forecast_solar_generation,Solar,2026-06-25T11:27:13Z
2026-06-25T11:25:56Z,2026-06-25T13:25:56+0200,aad9710e-10ca-4c9d-9467-7720556f4b2e,2026-06-16T13:00:00Z,2026-06-16T15:00:00+0200,31545.33272,MW,DE,DE_LU,forecast_solar_generation,Solar,2026-06-25T11:27:13Z
2026-06-25T11:25:56Z,2026-06-25T13:25:56+0200,aad9710e-10ca-4c9d-9467-7720556f4b2e,2026-06-16T13:15:00Z,2026-06-16T15:15:00+0200,30914.3852,MW,DE,DE_LU,forecast_solar_generation,Solar,2026-06-25T11:27:13Z
2026-06-25T11:25:56Z,2026-06-25T13:25:56+0200,aad9710e-10ca-4c9d-9467-7720556f4b2e,2026-06-16T13:30:00Z,2026-06-16T15:30:00+0200,30200.02423,MW,DE,DE_LU,forecast_solar_generation,Solar,2026-06-25T11:27:13Z
2026-06-25T11:25:56Z,2026-06-25T13:25:56+0200,aad9710e-10ca-4c9d-9467-7720556f4b2e,2026-06-16T13:45:00Z,2026-06-16T15:45:00+0200,29369.78319,MW,DE,DE_LU,forecast_solar_generation,Solar,2026-06-25T11:27:13Z
2026-06-25T11:25:56Z,2026-06-25T13:25:56+0200,aad9710e-10ca-4c9d-9467-7720556f4b2e,2026-06-16T14:00:00Z,2026-06-16T16:00:00+0200,28414.81347,MW,DE,DE_LU,forecast_solar_generation,Solar,2026-06-25T11:27:13Z
2026-06-25T11:25:56Z,2026-06-25T13:25:56+0200,aad9710e-10ca-4c9d-9467-7720556f4b2e,2026-06-16T14:15:00Z,2026-06-16T16:15:00+0200,27390.97332,MW,DE,DE_LU,forecast_solar_generation,Solar,2026-06-25T11:27:13Z
2026-06-25T11:25:56Z,2026-06-25T13:25:56+0200,aad9710e-10ca-4c9d-9467-7720556f4b2e,2026-06-16T14:30:00Z,2026-06-16T16:30:00+0200,26317.55128,MW,DE,DE_LU,forecast_solar_generation,Solar,2026-06-25T11:27:13Z
2026-06-25T11:25:56Z,2026-06-25T13:25:56+0200,aad9710e-10ca-4c9d-9467-7720556f4b2e,2026-06-16T14:45:00Z,2026-06-16T16:45:00+0200,25093.15161,MW,DE,DE_LU,forecast_solar_generation,Solar,2026-06-25T11:27:13Z
2026-06-25T11:25:56Z,2026-06-25T13:25:56+0200,aad9710e-10ca-4c9d-9467-7720556f4b2e,2026-06-16T15:00:00Z,2026-06-16T17:00:00+0200,23766.64954,MW,DE,DE_LU,forecast_solar_generation,Solar,2026-06-25T11:27:13Z
2026-06-25T11:25:56Z,2026-06-25T13:25:56+0200,aad9710e-10ca-4c9d-9467-7720556f4b2e,2026-06-16T15:15:00Z,2026-06-16T17:15:00+0200,22307.1185,MW,DE,DE_LU,forecast_solar_generation,Solar,2026-06-25T11:27:13Z
2026-06-25T11:25:56Z,2026-06-25T13:25:56+0200,aad9710e-10ca-4c9d-9467-7720556f4b2e,2026-06-16T15:30:00Z,2026-06-16T17:30:00+0200,20693.71805,MW,DE,DE_LU,forecast_solar_generation,Solar,2026-06-25T11:27:13Z
2026-06-25T11:25:56Z,2026-06-25T13:25:56+0200,aad9710e-10ca-4c9d-9467-7720556f4b2e,2026-06-16T15:45:00Z,2026-06-16T17:45:00+0200,18961.25255,MW,DE,DE_LU,forecast_solar_generation,Solar,2026-06-25T11:27:13Z
2026-06-25T11:25:56Z,2026-06-25T13:25:56+0200,aad9710e-10ca-4c9d-9467-7720556f4b2e,2026-06-16T16:00:00Z,2026-06-16T18:00:00+0200,17178.73062,MW,DE,DE_LU,forecast_solar_generation,Solar,2026-06-25T11:27:13Z
2026-06-25T11:25:56Z,2026-06-25T13:25:56+0200,aad9710e-10ca-4c9d-9467-7720556f4b2e,2026-06-16T16:15:00Z,2026-06-16T18:15:00+0200,15366.98922,MW,DE,DE_LU,forecast_solar_generation,Solar,2026-06-25T11:27:13Z
2026-06-25T11:25:56Z,2026-06-25T13:25:56+0200,aad9710e-10ca-4c9d-9467-7720556f4b2e,2026-06-16T16:30:00Z,2026-06-16T18:30:00+0200,13498.69275,MW,DE,DE_LU,forecast_solar_generation,Solar,2026-06-25T11:27:13Z
2026-06-25T11:25:56Z,2026-06-25T13:25:56+0200,aad9710e-10ca-4c9d-9467-7720556f4b2e,2026-06-16T16:45:00Z,2026-06-16T18:45:00+0200,11638.29127,MW,DE,DE_LU,forecast_solar_generation,Solar,2026-06-25T11:27:13Z
2026-06-25T11:25:56Z,2026-06-25T13:25:56+0200,aad9710e-10ca-4c9d-9467-7720556f4b2e,2026-06-16T17:00:00Z,2026-06-16T19:00:00+0200,9814.80383,MW,DE,DE_LU,forecast_solar_generation,Solar,2026-06-25T11:27:13Z
2026-06-25T11:25:56Z,2026-06-25T13:25:56+0200,aad9710e-10ca-4c9d-9467-7720556f4b2e,2026-06-16T17:15:00Z,2026-06-16T19:15:00+0200,8067.13877,MW,DE,DE_LU,forecast_solar_generation,Solar,2026-06-25T11:27:13Z
2026-06-25T11:25:56Z,2026-06-25T13:25:56+0200,aad9710e-10ca-4c9d-9467-7720556f4b2e,2026-06-16T17:30:00Z,2026-06-16T19:30:00+0200,6441.26725,MW,DE,DE_LU,forecast_solar_generation,Solar,2026-06-25T11:27:13Z
2026-06-25T11:25:56Z,2026-06-25T13:25:56+0200,aad9710e-10ca-4c9d-9467-7720556f4b2e,2026-06-16T17:45:00Z,2026-06-16T19:45:00+0200,4989.89126,MW,DE,DE_LU,forecast_solar_generation,Solar,2026-06-25T11:27:13Z
2026-06-25T11:25:56Z,2026-06-25T13:25:56+0200,aad9710e-10ca-4c9d-9467-7720556f4b2e,2026-06-16T18:00:00Z,2026-06-16T20:00:00+0200,3738.95994,MW,DE,DE_LU,forecast_solar_generation,Solar,2026-06-25T11:27:13Z
2026-06-25T11:25:56Z,2026-06-25T13:25:56+0200,aad9710e-10ca-4c9d-9467-7720556f4b2e,2026-06-16T18:15:00Z,2026-06-16T20:15:00+0200,2651.86532,MW,DE,DE_LU,forecast_solar_generation,Solar,2026-06-25T11:27:13Z
2026-06-25T11:25:56Z,2026-06-25T13:25:56+0200,aad9710e-10ca-4c9d-9467-7720556f4b2e,2026-06-16T18:30:00Z,2026-06-16T20:30:00+0200,1746.5033,MW,DE,DE_LU,forecast_solar_generation,Solar,2026-06-25T11:27:13Z
2026-06-25T11:25:56Z,2026-06-25T13:25:56+0200,aad9710e-10ca-4c9d-9467-7720556f4b2e,2026-06-16T18:45:00Z,2026-06-16T20:45:00+0200,1047.88895,MW,DE,DE_LU,forecast_solar_generation,Solar,2026-06-25T11:27:13Z
2026-06-25T11:25:56Z,2026-06-25T13:25:56+0200,aad9710e-10ca-4c9d-9467-7720556f4b2e,2026-06-16T19:00:00Z,2026-06-16T21:00:00+0200,542.25762,MW,DE,DE_LU,forecast_solar_generation,Solar,2026-06-25T11:27:13Z
2026-06-25T11:25:56Z,2026-06-25T13:25:56+0200,aad9710e-10ca-4c9d-9467-7720556f4b2e,2026-06-16T19:15:00Z,2026-06-16T21:15:00+0200,226.09927,MW,DE,DE_LU,forecast_solar_generation,Solar,2026-06-25T11:27:13Z
2026-06-25T11:25:56Z,2026-06-25T13:25:56+0200,aad9710e-10ca-4c9d-9467-7720556f4b2e,2026-06-16T19:30:00Z,2026-06-16T21:30:00+0200,76.94988,MW,DE,DE_LU,forecast_solar_generation,Solar,2026-06-25T11:27:13Z
2026-06-25T11:25:56Z,2026-06-25T13:25:56+0200,aad9710e-10ca-4c9d-9467-7720556f4b2e,2026-06-16T19:45:00Z,2026-06-16T21:45:00+0200,24.74313,MW,DE,DE_LU,forecast_solar_generation,Solar,2026-06-25T11:27:13Z
2026-06-25T11:25:56Z,2026-06-25T13:25:56+0200,aad9710e-10ca-4c9d-9467-7720556f4b2e,2026-06-16T20:00:00Z,2026-06-16T22:00:00+0200,5.896,MW,DE,DE_LU,forecast_solar_generation,Solar,2026-06-25T11:27:13Z
2026-06-25T11:25:56Z,2026-06-25T13:25:56+0200,aad9710e-10ca-4c9d-9467-7720556f4b2e,2026-06-16T20:15:00Z,2026-06-16T22:15:00+0200,0.0,MW,DE,DE_LU,forecast_solar_generation,Solar,2026-06-25T11:27:13Z
2026-06-25T11:25:56Z,2026-06-25T13:25:56+0200,aad9710e-10ca-4c9d-9467-7720556f4b2e,2026-06-16T20:30:00Z,2026-06-16T22:30:00+0200,0.0,MW,DE,DE_LU,forecast_solar_generation,Solar,2026-06-25T11:27:13Z
2026-06-25T11:25:56Z,2026-06-25T13:25:56+0200,aad9710e-10ca-4c9d-9467-7720556f4b2e,2026-06-16T20:45:00Z,2026-06-16T22:45:00+0200,0.0,MW,DE,DE_LU,forecast_solar_generation,Solar,2026-06-25T11:27:13Z
2026-06-25T11:25:56Z,2026-06-25T13:25:56+0200,aad9710e-10ca-4c9d-9467-7720556f4b2e,2026-06-16T21:00:00Z,2026-06-16T23:00:00+0200,0.0,MW,DE,DE_LU,forecast_solar_generation,Solar,2026-06-25T11:27:13Z
2026-06-25T11:25:56Z,2026-06-25T13:25:56+0200,aad9710e-10ca-4c9d-9467-7720556f4b2e,2026-06-16T21:15:00Z,2026-06-16T23:15:00+0200,0.0,MW,DE,DE_LU,forecast_solar_generation,Solar,2026-06-25T11:27:13Z
2026-06-25T11:25:56Z,2026-06-25T13:25:56+0200,aad9710e-10ca-4c9d-9467-7720556f4b2e,2026-06-16T21:30:00Z,2026-06-16T23:30:00+0200,0.0,MW,DE,DE_LU,forecast_solar_generation,Solar,2026-06-25T11:27:13Z
2026-06-25T11:25:56Z,2026-06-25T13:25:56+0200,aad9710e-10ca-4c9d-9467-7720556f4b2e,2026-06-16T21:45:00Z,2026-06-16T23:45:00+0200,0.0,MW,DE,DE_LU,forecast_solar_generation,Solar,2026-06-25T11:27:13Z
2026-06-25T11:25:56Z,2026-06-25T13:25:56+0200,aad9710e-10ca-4c9d-9467-7720556f4b2e,2026-06-16T22:00:00Z,2026-06-17T00:00:00+0200,0.0,MW,DE,DE_LU,forecast_solar_generation,Solar,2026-06-25T11:27:13Z
2026-06-25T11:25:56Z,2026-06-25T13:25:56+0200,aad9710e-10ca-4c9d-9467-7720556f4b2e,2026-06-16T22:15:00Z,2026-06-17T00:15:00+0200,0.0,MW,DE,DE_LU,forecast_solar_generation,Solar,2026-06-25T11:27:13Z
2026-06-25T11:25:56Z,2026-06-25T13:25:56+0200,aad9710e-10ca-4c9d-9467-7720556f4b2e,2026-06-16T22:30:00Z,2026-06-17T00:30:00+0200,0.0,MW,DE,DE_LU,forecast_solar_generation,Solar,2026-06-25T11:27:13Z
2026-06-25T11:25:56Z,2026-06-25T13:25:56+0200,aad9710e-10ca-4c9d-9467-7720556f4b2e,2026-06-16T22:45:00Z,2026-06-17T00:45:00+0200,0.0,MW,DE,DE_LU,forecast_solar_generation,Solar,2026-06-25T11:27:13Z
2026-06-25T11:25:56Z,2026-06-25T13:25:56+0200,aad9710e-10ca-4c9d-9467-7720556f4b2e,2026-06-16T23:00:00Z,2026-06-17T01:00:00+0200,0.0,MW,DE,DE_LU,forecast_solar_generation,Solar,2026-06-25T11:27:13Z
2026-06-25T11:25:56Z,2026-06-25T13:25:56+0200,aad9710e-10ca-4c9d-9467-7720556f4b2e,2026-06-16T23:15:00Z,2026-06-17T01:15:00+0200,0.0,MW,DE,DE_LU,forecast_solar_generation,Solar,2026-06-25T11:27:13Z
2026-06-25T11:25:56Z,2026-06-25T13:25:56+0200,aad9710e-10ca-4c9d-9467-7720556f4b2e,2026-06-16T23:30:00Z,2026-06-17T01:30:00+0200,0.0,MW,DE,DE_LU,forecast_solar_generation,Solar,2026-06-25T11:27:13Z
2026-06-25T11:25:56Z,2026-06-25T13:25:56+0200,aad9710e-10ca-4c9d-9467-7720556f4b2e,2026-06-16T23:45:00Z,2026-06-17T01:45:00+0200,0.0,MW,DE,DE_LU,forecast_solar_generation,Solar,2026-06-25T11:27:13Z
2026-06-25T11:25:56Z,2026-06-25T13:25:56+0200,aad9710e-10ca-4c9d-9467-7720556f4b2e,2026-06-17T00:00:00Z,2026-06-17T02:00:00+0200,0.0,MW,DE,DE_LU,forecast_solar_generation,Solar,2026-06-25T11:27:13Z
2026-06-25T11:25:56Z,2026-06-25T13:25:56+0200,aad9710e-10ca-4c9d-9467-7720556f4b2e,2026-06-17T00:15:00Z,2026-06-17T02:15:00+0200,0.0,MW,DE,DE_LU,forecast_solar_generation,Solar,2026-06-25T11:27:13Z
2026-06-25T11:25:56Z,2026-06-25T13:25:56+0200,aad9710e-10ca-4c9d-9467-7720556f4b2e,2026-06-17T00:30:00Z,2026-06-17T02:30:00+0200,0.0,MW,DE,DE_LU,forecast_solar_generation,Solar,2026-06-25T11:27:13Z
2026-06-25T11:25:56Z,2026-06-25T13:25:56+0200,aad9710e-10ca-4c9d-9467-7720556f4b2e,2026-06-17T00:45:00Z,2026-06-17T02:45:00+0200,0.0,MW,DE,DE_LU,forecast_solar_generation,Solar,2026-06-25T11:27:13Z
2026-06-25T11:25:56Z,2026-06-25T13:25:56+0200,aad9710e-10ca-4c9d-9467-7720556f4b2e,2026-06-17T01:00:00Z,2026-06-17T03:00:00+0200,0.0,MW,DE,DE_LU,forecast_solar_generation,Solar,2026-06-25T11:27:13Z
2026-06-25T11:25:56Z,2026-06-25T13:25:56+0200,aad9710e-10ca-4c9d-9467-7720556f4b2e,2026-06-17T01:15:00Z,2026-06-17T03:15:00+0200,0.0,MW,DE,DE_LU,forecast_solar_generation,Solar,2026-06-25T11:27:13Z
2026-06-25T11:25:56Z,2026-06-25T13:25:56+0200,aad9710e-10ca-4c9d-9467-7720556f4b2e,2026-06-17T01:30:00Z,2026-06-17T03:30:00+0200,0.0,MW,DE,DE_LU,forecast_solar_generation,Solar,2026-06-25T11:27:13Z
2026-06-25T11:25:56Z,2026-06-25T13:25:56+0200,aad9710e-10ca-4c9d-9467-7720556f4b2e,2026-06-17T01:45:00Z,2026-06-17T03:45:00+0200,0.0,MW,DE,DE_LU,forecast_solar_generation,Solar,2026-06-25T11:27:13Z
2026-06-25T11:25:56Z,2026-06-25T13:25:56+0200,aad9710e-10ca-4c9d-9467-7720556f4b2e,2026-06-17T02:00:00Z,2026-06-17T04:00:00+0200,0.0,MW,DE,DE_LU,forecast_solar_generation,Solar,2026-06-25T11:27:13Z
2026-06-25T11:25:56Z,2026-06-25T13:25:56+0200,aad9710e-10ca-4c9d-9467-7720556f4b2e,2026-06-17T02:15:00Z,2026-06-17T04:15:00+0200,0.0,MW,DE,DE_LU,forecast_solar_generation,Solar,2026-06-25T11:27:13Z
2026-06-25T11:25:56Z,2026-06-25T13:25:56+0200,aad9710e-10ca-4c9d-9467-7720556f4b2e,2026-06-17T02:30:00Z,2026-06-17T04:30:00+0200,1.06,MW,DE,DE_LU,forecast_solar_generation,Solar,2026-06-25T11:27:13Z
2026-06-25T11:25:56Z,2026-06-25T13:25:56+0200,aad9710e-10ca-4c9d-9467-7720556f4b2e,2026-06-17T02:45:00Z,2026-06-17T04:45:00+0200,25.38876,MW,DE,DE_LU,forecast_solar_generation,Solar,2026-06-25T11:27:13Z
2026-06-25T11:25:56Z,2026-06-25T13:25:56+0200,aad9710e-10ca-4c9d-9467-7720556f4b2e,2026-06-17T03:00:00Z,2026-06-17T05:00:00+0200,128.67769,MW,DE,DE_LU,forecast_solar_generation,Solar,2026-06-25T11:27:13Z
2026-06-25T11:25:56Z,2026-06-25T13:25:56+0200,aad9710e-10ca-4c9d-9467-7720556f4b2e,2026-06-17T03:15:00Z,2026-06-17T05:15:00+0200,391.65192,MW,DE,DE_LU,forecast_solar_generation,Solar,2026-06-25T11:27:13Z
2026-06-25T11:25:56Z,2026-06-25T13:25:56+0200,aad9710e-10ca-4c9d-9467-7720556f4b2e,2026-06-17T03:30:00Z,2026-06-17T05:30:00+0200,827.79431,MW,DE,DE_LU,forecast_solar_generation,Solar,2026-06-25T11:27:13Z
2026-06-25T11:25:56Z,2026-06-25T13:25:56+0200,aad9710e-10ca-4c9d-9467-7720556f4b2e,2026-06-17T03:45:00Z,2026-06-17T05:45:00+0200,1491.00029,MW,DE,DE_LU,forecast_solar_generation,Solar,2026-06-25T11:27:13Z
2026-06-25T11:25:56Z,2026-06-25T13:25:56+0200,aad9710e-10ca-4c9d-9467-7720556f4b2e,2026-06-17T04:00:00Z,2026-06-17T06:00:00+0200,2427.18204,MW,DE,DE_LU,forecast_solar_generation,Solar,2026-06-25T11:27:13Z
2026-06-25T11:25:56Z,2026-06-25T13:25:56+0200,aad9710e-10ca-4c9d-9467-7720556f4b2e,2026-06-17T04:15:00Z,2026-06-17T06:15:00+0200,3592.20887,MW,DE,DE_LU,forecast_solar_generation,Solar,2026-06-25T11:27:13Z
2026-06-25T11:25:56Z,2026-06-25T13:25:56+0200,aad9710e-10ca-4c9d-9467-7720556f4b2e,2026-06-17T04:30:00Z,2026-06-17T06:30:00+0200,4952.26883,MW,DE,DE_LU,forecast_solar_generation,Solar,2026-06-25T11:27:13Z
2026-06-25T11:25:56Z,2026-06-25T13:25:56+0200,aad9710e-10ca-4c9d-9467-7720556f4b2e,2026-06-17T04:45:00Z,2026-06-17T06:45:00+0200,6497.82247,MW,DE,DE_LU,forecast_solar_generation,Solar,2026-06-25T11:27:13Z
2026-06-25T11:25:56Z,2026-06-25T13:25:56+0200,aad9710e-10ca-4c9d-9467-7720556f4b2e,2026-06-17T05:00:00Z,2026-06-17T07:00:00+0200,8216.87213,MW,DE,DE_LU,forecast_solar_generation,Solar,2026-06-25T11:27:13Z
2026-06-25T11:25:56Z,2026-06-25T13:25:56+0200,aad9710e-10ca-4c9d-9467-7720556f4b2e,2026-06-17T05:15:00Z,2026-06-17T07:15:00+0200,10120.56839,MW,DE,DE_LU,forecast_solar_generation,Solar,2026-06-25T11:27:13Z
2026-06-25T11:25:56Z,2026-06-25T13:25:56+0200,aad9710e-10ca-4c9d-9467-7720556f4b2e,2026-06-17T05:30:00Z,2026-06-17T07:30:00+0200,12184.78862,MW,DE,DE_LU,forecast_solar_generation,Solar,2026-06-25T11:27:13Z
2026-06-25T11:25:56Z,2026-06-25T13:25:56+0200,aad9710e-10ca-4c9d-9467-7720556f4b2e,2026-06-17T05:45:00Z,2026-06-17T07:45:00+0200,14360.04172,MW,DE,DE_LU,forecast_solar_generation,Solar,2026-06-25T11:27:13Z
2026-06-25T11:25:56Z,2026-06-25T13:25:56+0200,aad9710e-10ca-4c9d-9467-7720556f4b2e,2026-06-17T06:00:00Z,2026-06-17T08:00:00+0200,16613.67885,MW,DE,DE_LU,forecast_solar_generation,Solar,2026-06-25T11:27:13Z
2026-06-25T11:25:56Z,2026-06-25T13:25:56+0200,aad9710e-10ca-4c9d-9467-7720556f4b2e,2026-06-17T06:15:00Z,2026-06-17T08:15:00+0200,18901.44053,MW,DE,DE_LU,forecast_solar_generation,Solar,2026-06-25T11:27:13Z
2026-06-25T11:25:56Z,2026-06-25T13:25:56+0200,aad9710e-10ca-4c9d-9467-7720556f4b2e,2026-06-17T06:30:00Z,2026-06-17T08:30:00+0200,21193.95439,MW,DE,DE_LU,forecast_solar_generation,Solar,2026-06-25T11:27:13Z
2026-06-25T11:25:56Z,2026-06-25T13:25:56+0200,aad9710e-10ca-4c9d-9467-7720556f4b2e,2026-06-17T06:45:00Z,2026-06-17T08:45:00+0200,23457.25508,MW,DE,DE_LU,forecast_solar_generation,Solar,2026-06-25T11:27:13Z
2026-06-25T11:25:56Z,2026-06-25T13:25:56+0200,aad9710e-10ca-4c9d-9467-7720556f4b2e,2026-06-17T07:00:00Z,2026-06-17T09:00:00+0200,25665.51283,MW,DE,DE_LU,forecast_solar_generation,Solar,2026-06-25T11:27:13Z
2026-06-25T11:25:56Z,2026-06-25T13:25:56+0200,aad9710e-10ca-4c9d-9467-7720556f4b2e,2026-06-17T07:15:00Z,2026-06-17T09:15:00+0200,27796.73106,MW,DE,DE_LU,forecast_solar_generation,Solar,2026-06-25T11:27:13Z
2026-06-25T11:25:56Z,2026-06-25T13:25:56+0200,aad9710e-10ca-4c9d-9467-7720556f4b2e,2026-06-17T07:30:00Z,2026-06-17T09:30:00+0200,29814.37273,MW,DE,DE_LU,forecast_solar_generation,Solar,2026-06-25T11:27:13Z
2026-06-25T11:25:56Z,2026-06-25T13:25:56+0200,aad9710e-10ca-4c9d-9467-7720556f4b2e,2026-06-17T07:45:00Z,2026-06-17T09:45:00+0200,31636.38459,MW,DE,DE_LU,forecast_solar_generation,Solar,2026-06-25T11:27:13Z
2026-06-25T11:25:56Z,2026-06-25T13:25:56+0200,aad9710e-10ca-4c9d-9467-7720556f4b2e,2026-06-17T08:00:00Z,2026-06-17T10:00:00+0200,33273.70002,MW,DE,DE_LU,forecast_solar_generation,Solar,2026-06-25T11:27:13Z
2026-06-25T11:25:56Z,2026-06-25T13:25:56+0200,aad9710e-10ca-4c9d-9467-7720556f4b2e,2026-06-17T08:15:00Z,2026-06-17T10:15:00+0200,34780.21051,MW,DE,DE_LU,forecast_solar_generation,Solar,2026-06-25T11:27:13Z
2026-06-25T11:25:56Z,2026-06-25T13:25:56+0200,aad9710e-10ca-4c9d-9467-7720556f4b2e,2026-06-17T08:30:00Z,2026-06-17T10:30:00+0200,36069.34325,MW,DE,DE_LU,forecast_solar_generation,Solar,2026-06-25T11:27:13Z
2026-06-25T11:25:56Z,2026-06-25T13:25:56+0200,aad9710e-10ca-4c9d-9467-7720556f4b2e,2026-06-17T08:45:00Z,2026-06-17T10:45:00+0200,37145.4014,MW,DE,DE_LU,forecast_solar_generation,Solar,2026-06-25T11:27:13Z
2026-06-25T11:25:56Z,2026-06-25T13:25:56+0200,aad9710e-10ca-4c9d-9467-7720556f4b2e,2026-06-17T09:00:00Z,2026-06-17T11:00:00+0200,38077.93616,MW,DE,DE_LU,forecast_solar_generation,Solar,2026-06-25T11:27:13Z
2026-06-25T11:25:56Z,2026-06-25T13:25:56+0200,aad9710e-10ca-4c9d-9467-7720556f4b2e,2026-06-17T09:15:00Z,2026-06-17T11:15:00+0200,38912.31962,MW,DE,DE_LU,forecast_solar_generation,Solar,2026-06-25T11:27:13Z
2026-06-25T11:25:56Z,2026-06-25T13:25:56+0200,aad9710e-10ca-4c9d-9467-7720556f4b2e,2026-06-17T09:30:00Z,2026-06-17T11:30:00+0200,39591.64103,MW,DE,DE_LU,forecast_solar_generation,Solar,2026-06-25T11:27:13Z
2026-06-25T11:25:56Z,2026-06-25T13:25:56+0200,aad9710e-10ca-4c9d-9467-7720556f4b2e,2026-06-17T09:45:00Z,2026-06-17T11:45:00+0200,40151.47094,MW,DE,DE_LU,forecast_solar_generation,Solar,2026-06-25T11:27:13Z
2026-06-25T11:25:56Z,2026-06-25T13:25:56+0200,aad9710e-10ca-4c9d-9467-7720556f4b2e,2026-06-17T10:00:00Z,2026-06-17T12:00:00+0200,40494.39609,MW,DE,DE_LU,forecast_solar_generation,Solar,2026-06-25T11:27:13Z
2026-06-25T11:25:56Z,2026-06-25T13:25:56+0200,aad9710e-10ca-4c9d-9467-7720556f4b2e,2026-06-17T10:15:00Z,2026-06-17T12:15:00+0200,40593.77393,MW,DE,DE_LU,forecast_solar_generation,Solar,2026-06-25T11:27:13Z
2026-06-25T11:25:56Z,2026-06-25T13:25:56+0200,aad9710e-10ca-4c9d-9467-7720556f4b2e,2026-06-17T10:30:00Z,2026-06-17T12:30:00+0200,40601.1986,MW,DE,DE_LU,forecast_solar_generation,Solar,2026-06-25T11:27:13Z
2026-06-25T11:25:56Z,2026-06-25T13:25:56+0200,aad9710e-10ca-4c9d-9467-7720556f4b2e,2026-06-17T10:45:00Z,2026-06-17T12:45:00+0200,40422.90655,MW,DE,DE_LU,forecast_solar_generation,Solar,2026-06-25T11:27:13Z
2026-06-25T11:25:56Z,2026-06-25T13:25:56+0200,aad9710e-10ca-4c9d-9467-7720556f4b2e,2026-06-17T11:00:00Z,2026-06-17T13:00:00+0200,40137.80287,MW,DE,DE_LU,forecast_solar_generation,Solar,2026-06-25T11:27:13Z
2026-06-25T11:25:56Z,2026-06-25T13:25:56+0200,aad9710e-10ca-4c9d-9467-7720556f4b2e,2026-06-17T11:15:00Z,2026-06-17T13:15:00+0200,39716.70457,MW,DE,DE_LU,forecast_solar_generation,Solar,2026-06-25T11:27:13Z
2026-06-25T11:25:56Z,2026-06-25T13:25:56+0200,aad9710e-10ca-4c9d-9467-7720556f4b2e,2026-06-17T11:30:00Z,2026-06-17T13:30:00+0200,39188.94217,MW,DE,DE_LU,forecast_solar_generation,Solar,2026-06-25T11:27:13Z
2026-06-25T11:25:56Z,2026-06-25T13:25:56+0200,aad9710e-10ca-4c9d-9467-7720556f4b2e,2026-06-17T11:45:00Z,2026-06-17T13:45:00+0200,38569.27176,MW,DE,DE_LU,forecast_solar_generation,Solar,2026-06-25T11:27:13Z
2026-06-25T11:25:56Z,2026-06-25T13:25:56+0200,aad9710e-10ca-4c9d-9467-7720556f4b2e,2026-06-17T12:00:00Z,2026-06-17T14:00:00+0200,37924.80097,MW,DE,DE_LU,forecast_solar_generation,Solar,2026-06-25T11:27:13Z
2026-06-25T11:25:56Z,2026-06-25T13:25:56+0200,aad9710e-10ca-4c9d-9467-7720556f4b2e,2026-06-17T12:15:00Z,2026-06-17T14:15:00+0200,37235.90733,MW,DE,DE_LU,forecast_solar_generation,Solar,2026-06-25T11:27:13Z
2026-06-25T11:25:56Z,2026-06-25T13:25:56+0200,aad9710e-10ca-4c9d-9467-7720556f4b2e,2026-06-17T12:30:00Z,2026-06-17T14:30:00+0200,36487.03103,MW,DE,DE_LU,forecast_solar_generation,Solar,2026-06-25T11:27:13Z
2026-06-25T11:25:56Z,2026-06-25T13:25:56+0200,aad9710e-10ca-4c9d-9467-7720556f4b2e,2026-06-17T12:45:00Z,2026-06-17T14:45:00+0200,35629.40938,MW,DE,DE_LU,forecast_solar_generation,Solar,2026-06-25T11:27:13Z
2026-06-25T11:25:56Z,2026-06-25T13:25:56+0200,aad9710e-10ca-4c9d-9467-7720556f4b2e,2026-06-17T13:00:00Z,2026-06-17T15:00:00+0200,34577.17493,MW,DE,DE_LU,forecast_solar_generation,Solar,2026-06-25T11:27:13Z
2026-06-25T11:25:56Z,2026-06-25T13:25:56+0200,aad9710e-10ca-4c9d-9467-7720556f4b2e,2026-06-17T13:15:00Z,2026-06-17T15:15:00+0200,33525.07485,MW,DE,DE_LU,forecast_solar_generation,Solar,2026-06-25T11:27:13Z
2026-06-25T11:25:56Z,2026-06-25T13:25:56+0200,aad9710e-10ca-4c9d-9467-7720556f4b2e,2026-06-17T13:30:00Z,2026-06-17T15:30:00+0200,32446.62922,MW,DE,DE_LU,forecast_solar_generation,Solar,2026-06-25T11:27:13Z
2026-06-25T11:25:56Z,2026-06-25T13:25:56+0200,aad9710e-10ca-4c9d-9467-7720556f4b2e,2026-06-17T13:45:00Z,2026-06-17T15:45:00+0200,31336.49184,MW,DE,DE_LU,forecast_solar_generation,Solar,2026-06-25T11:27:13Z
2026-06-25T11:25:56Z,2026-06-25T13:25:56+0200,aad9710e-10ca-4c9d-9467-7720556f4b2e,2026-06-17T14:00:00Z,2026-06-17T16:00:00+0200,30079.00853,MW,DE,DE_LU,forecast_solar_generation,Solar,2026-06-25T11:27:13Z
2026-06-25T11:25:56Z,2026-06-25T13:25:56+0200,aad9710e-10ca-4c9d-9467-7720556f4b2e,2026-06-17T14:15:00Z,2026-06-17T16:15:00+0200,28732.54666,MW,DE,DE_LU,forecast_solar_generation,Solar,2026-06-25T11:27:13Z
2026-06-25T11:25:56Z,2026-06-25T13:25:56+0200,aad9710e-10ca-4c9d-9467-7720556f4b2e,2026-06-17T14:30:00Z,2026-06-17T16:30:00+0200,27371.38395,MW,DE,DE_LU,forecast_solar_generation,Solar,2026-06-25T11:27:13Z
2026-06-25T11:25:56Z,2026-06-25T13:25:56+0200,aad9710e-10ca-4c9d-9467-7720556f4b2e,2026-06-17T14:45:00Z,2026-06-17T16:45:00+0200,25873.6648,MW,DE,DE_LU,forecast_solar_generation,Solar,2026-06-25T11:27:13Z
2026-06-25T11:25:56Z,2026-06-25T13:25:56+0200,aad9710e-10ca-4c9d-9467-7720556f4b2e,2026-06-17T15:00:00Z,2026-06-17T17:00:00+0200,24275.32029,MW,DE,DE_LU,forecast_solar_generation,Solar,2026-06-25T11:27:13Z
2026-06-25T11:25:56Z,2026-06-25T13:25:56+0200,aad9710e-10ca-4c9d-9467-7720556f4b2e,2026-06-17T15:15:00Z,2026-06-17T17:15:00+0200,22604.07931,MW,DE,DE_LU,forecast_solar_generation,Solar,2026-06-25T11:27:13Z
2026-06-25T11:25:56Z,2026-06-25T13:25:56+0200,aad9710e-10ca-4c9d-9467-7720556f4b2e,2026-06-17T15:30:00Z,2026-06-17T17:30:00+0200,20855.76838,MW,DE,DE_LU,forecast_solar_generation,Solar,2026-06-25T11:27:13Z
2026-06-25T11:25:56Z,2026-06-25T13:25:56+0200,aad9710e-10ca-4c9d-9467-7720556f4b2e,2026-06-17T15:45:00Z,2026-06-17T17:45:00+0200,19055.30698,MW,DE,DE_LU,forecast_solar_generation,Solar,2026-06-25T11:27:13Z
2026-06-25T11:25:56Z,2026-06-25T13:25:56+0200,aad9710e-10ca-4c9d-9467-7720556f4b2e,2026-06-17T16:00:00Z,2026-06-17T18:00:00+0200,17220.24052,MW,DE,DE_LU,forecast_solar_generation,Solar,2026-06-25T11:27:13Z
2026-06-25T11:25:56Z,2026-06-25T13:25:56+0200,aad9710e-10ca-4c9d-9467-7720556f4b2e,2026-06-17T16:15:00Z,2026-06-17T18:15:00+0200,15359.70754,MW,DE,DE_LU,forecast_solar_generation,Solar,2026-06-25T11:27:13Z
2026-06-25T11:25:56Z,2026-06-25T13:25:56+0200,aad9710e-10ca-4c9d-9467-7720556f4b2e,2026-06-17T16:30:00Z,2026-06-17T18:30:00+0200,13478.29498,MW,DE,DE_LU,forecast_solar_generation,Solar,2026-06-25T11:27:13Z
2026-06-25T11:25:56Z,2026-06-25T13:25:56+0200,aad9710e-10ca-4c9d-9467-7720556f4b2e,2026-06-17T16:45:00Z,2026-06-17T18:45:00+0200,11622.90098,MW,DE,DE_LU,forecast_solar_generation,Solar,2026-06-25T11:27:13Z
2026-06-25T11:25:56Z,2026-06-25T13:25:56+0200,aad9710e-10ca-4c9d-9467-7720556f4b2e,2026-06-17T17:00:00Z,2026-06-17T19:00:00+0200,9820.2439,MW,DE,DE_LU,forecast_solar_generation,Solar,2026-06-25T11:27:13Z
2026-06-25T11:25:56Z,2026-06-25T13:25:56+0200,aad9710e-10ca-4c9d-9467-7720556f4b2e,2026-06-17T17:15:00Z,2026-06-17T19:15:00+0200,8087.30412,MW,DE,DE_LU,forecast_solar_generation,Solar,2026-06-25T11:27:13Z
2026-06-25T11:25:56Z,2026-06-25T13:25:56+0200,aad9710e-10ca-4c9d-9467-7720556f4b2e,2026-06-17T17:30:00Z,2026-06-17T19:30:00+0200,6475.76866,MW,DE,DE_LU,forecast_solar_generation,Solar,2026-06-25T11:27:13Z
2026-06-25T11:25:56Z,2026-06-25T13:25:56+0200,aad9710e-10ca-4c9d-9467-7720556f4b2e,2026-06-17T17:45:00Z,2026-06-17T19:45:00+0200,5028.73198,MW,DE,DE_LU,forecast_solar_generation,Solar,2026-06-25T11:27:13Z
2026-06-25T11:25:56Z,2026-06-25T13:25:56+0200,aad9710e-10ca-4c9d-9467-7720556f4b2e,2026-06-17T18:00:00Z,2026-06-17T20:00:00+0200,3766.63036,MW,DE,DE_LU,forecast_solar_generation,Solar,2026-06-25T11:27:13Z
2026-06-25T11:25:56Z,2026-06-25T13:25:56+0200,aad9710e-10ca-4c9d-9467-7720556f4b2e,2026-06-17T18:15:00Z,2026-06-17T20:15:00+0200,2646.53954,MW,DE,DE_LU,forecast_solar_generation,Solar,2026-06-25T11:27:13Z
2026-06-25T11:25:56Z,2026-06-25T13:25:56+0200,aad9710e-10ca-4c9d-9467-7720556f4b2e,2026-06-17T18:30:00Z,2026-06-17T20:30:00+0200,1712.37155,MW,DE,DE_LU,forecast_solar_generation,Solar,2026-06-25T11:27:13Z
2026-06-25T11:25:56Z,2026-06-25T13:25:56+0200,aad9710e-10ca-4c9d-9467-7720556f4b2e,2026-06-17T18:45:00Z,2026-06-17T20:45:00+0200,988.55397,MW,DE,DE_LU,forecast_solar_generation,Solar,2026-06-25T11:27:13Z
2026-06-25T11:25:56Z,2026-06-25T13:25:56+0200,aad9710e-10ca-4c9d-9467-7720556f4b2e,2026-06-17T19:00:00Z,2026-06-17T21:00:00+0200,489.00425,MW,DE,DE_LU,forecast_solar_generation,Solar,2026-06-25T11:27:13Z
2026-06-25T11:25:56Z,2026-06-25T13:25:56+0200,aad9710e-10ca-4c9d-9467-7720556f4b2e,2026-06-17T19:15:00Z,2026-06-17T21:15:00+0200,195.9258,MW,DE,DE_LU,forecast_solar_generation,Solar,2026-06-25T11:27:13Z
2026-06-25T11:25:56Z,2026-06-25T13:25:56+0200,aad9710e-10ca-4c9d-9467-7720556f4b2e,2026-06-17T19:30:00Z,2026-06-17T21:30:00+0200,68.92175,MW,DE,DE_LU,forecast_solar_generation,Solar,2026-06-25T11:27:13Z
2026-06-25T11:25:56Z,2026-06-25T13:25:56+0200,aad9710e-10ca-4c9d-9467-7720556f4b2e,2026-06-17T19:45:00Z,2026-06-17T21:45:00+0200,25.93792,MW,DE,DE_LU,forecast_solar_generation,Solar,2026-06-25T11:27:13Z
2026-06-25T11:25:56Z,2026-06-25T13:25:56+0200,aad9710e-10ca-4c9d-9467-7720556f4b2e,2026-06-17T20:00:00Z,2026-06-17T22:00:00+0200,3.365,MW,DE,DE_LU,forecast_solar_generation,Solar,2026-06-25T11:27:13Z
2026-06-25T11:25:56Z,2026-06-25T13:25:56+0200,aad9710e-10ca-4c9d-9467-7720556f4b2e,2026-06-17T20:15:00Z,2026-06-17T22:15:00+0200,0.0,MW,DE,DE_LU,forecast_solar_generation,Solar,2026-06-25T11:27:13Z
2026-06-25T11:25:56Z,2026-06-25T13:25:56+0200,aad9710e-10ca-4c9d-9467-7720556f4b2e,2026-06-17T20:30:00Z,2026-06-17T22:30:00+0200,0.0,MW,DE,DE_LU,forecast_solar_generation,Solar,2026-06-25T11:27:13Z
2026-06-25T11:25:56Z,2026-06-25T13:25:56+0200,aad9710e-10ca-4c9d-9467-7720556f4b2e,2026-06-17T20:45:00Z,2026-06-17T22:45:00+0200,0.0,MW,DE,DE_LU,forecast_solar_generation,Solar,2026-06-25T11:27:13Z
2026-06-25T11:25:56Z,2026-06-25T13:25:56+0200,aad9710e-10ca-4c9d-9467-7720556f4b2e,2026-06-17T21:00:00Z,2026-06-17T23:00:00+0200,0.0,MW,DE,DE_LU,forecast_solar_generation,Solar,2026-06-25T11:27:13Z
2026-06-25T11:25:56Z,2026-06-25T13:25:56+0200,aad9710e-10ca-4c9d-9467-7720556f4b2e,2026-06-17T21:15:00Z,2026-06-17T23:15:00+0200,0.0,MW,DE,DE_LU,forecast_solar_generation,Solar,2026-06-25T11:27:13Z
2026-06-25T11:25:56Z,2026-06-25T13:25:56+0200,aad9710e-10ca-4c9d-9467-7720556f4b2e,2026-06-17T21:30:00Z,2026-06-17T23:30:00+0200,0.0,MW,DE,DE_LU,forecast_solar_generation,Solar,2026-06-25T11:27:13Z
2026-06-25T11:25:56Z,2026-06-25T13:25:56+0200,aad9710e-10ca-4c9d-9467-7720556f4b2e,2026-06-17T21:45:00Z,2026-06-17T23:45:00+0200,0.0,MW,DE,DE_LU,forecast_solar_generation,Solar,2026-06-25T11:27:13Z
2026-06-25T11:25:56Z,2026-06-25T13:25:56+0200,aad9710e-10ca-4c9d-9467-7720556f4b2e,2026-06-17T22:00:00Z,2026-06-18T00:00:00+0200,0.0,MW,DE,DE_LU,forecast_solar_generation,Solar,2026-06-25T11:27:13Z
2026-06-25T11:25:56Z,2026-06-25T13:25:56+0200,aad9710e-10ca-4c9d-9467-7720556f4b2e,2026-06-17T22:15:00Z,2026-06-18T00:15:00+0200,0.0,MW,DE,DE_LU,forecast_solar_generation,Solar,2026-06-25T11:27:13Z
2026-06-25T11:25:56Z,2026-06-25T13:25:56+0200,aad9710e-10ca-4c9d-9467-7720556f4b2e,2026-06-17T22:30:00Z,2026-06-18T00:30:00+0200,0.0,MW,DE,DE_LU,forecast_solar_generation,Solar,2026-06-25T11:27:13Z
2026-06-25T11:25:56Z,2026-06-25T13:25:56+0200,aad9710e-10ca-4c9d-9467-7720556f4b2e,2026-06-17T22:45:00Z,2026-06-18T00:45:00+0200,0.0,MW,DE,DE_LU,forecast_solar_generation,Solar,2026-06-25T11:27:13Z
2026-06-25T11:25:56Z,2026-06-25T13:25:56+0200,aad9710e-10ca-4c9d-9467-7720556f4b2e,2026-06-17T23:00:00Z,2026-06-18T01:00:00+0200,0.0,MW,DE,DE_LU,forecast_solar_generation,Solar,2026-06-25T11:27:13Z
2026-06-25T11:25:56Z,2026-06-25T13:25:56+0200,aad9710e-10ca-4c9d-9467-7720556f4b2e,2026-06-17T23:15:00Z,2026-06-18T01:15:00+0200,0.0,MW,DE,DE_LU,forecast_solar_generation,Solar,2026-06-25T11:27:13Z
2026-06-25T11:25:56Z,2026-06-25T13:25:56+0200,aad9710e-10ca-4c9d-9467-7720556f4b2e,2026-06-17T23:30:00Z,2026-06-18T01:30:00+0200,0.0,MW,DE,DE_LU,forecast_solar_generation,Solar,2026-06-25T11:27:13Z
2026-06-25T11:25:56Z,2026-06-25T13:25:56+0200,aad9710e-10ca-4c9d-9467-7720556f4b2e,2026-06-17T23:45:00Z,2026-06-18T01:45:00+0200,0.0,MW,DE,DE_LU,forecast_solar_generation,Solar,2026-06-25T11:27:13Z
2026-06-25T11:25:56Z,2026-06-25T13:25:56+0200,aad9710e-10ca-4c9d-9467-7720556f4b2e,2026-06-18T00:00:00Z,2026-06-18T02:00:00+0200,0.0,MW,DE,DE_LU,forecast_solar_generation,Solar,2026-06-25T11:27:13Z
2026-06-25T11:25:56Z,2026-06-25T13:25:56+0200,aad9710e-10ca-4c9d-9467-7720556f4b2e,2026-06-18T00:15:00Z,2026-06-18T02:15:00+0200,0.0,MW,DE,DE_LU,forecast_solar_generation,Solar,2026-06-25T11:27:13Z
2026-06-25T11:25:56Z,2026-06-25T13:25:56+0200,aad9710e-10ca-4c9d-9467-7720556f4b2e,2026-06-18T00:30:00Z,2026-06-18T02:30:00+0200,0.0,MW,DE,DE_LU,forecast_solar_generation,Solar,2026-06-25T11:27:13Z
2026-06-25T11:25:56Z,2026-06-25T13:25:56+0200,aad9710e-10ca-4c9d-9467-7720556f4b2e,2026-06-18T00:45:00Z,2026-06-18T02:45:00+0200,0.0,MW,DE,DE_LU,forecast_solar_generation,Solar,2026-06-25T11:27:13Z
2026-06-25T11:25:56Z,2026-06-25T13:25:56+0200,aad9710e-10ca-4c9d-9467-7720556f4b2e,2026-06-18T01:00:00Z,2026-06-18T03:00:00+0200,0.0,MW,DE,DE_LU,forecast_solar_generation,Solar,2026-06-25T11:27:13Z
2026-06-25T11:25:56Z,2026-06-25T13:25:56+0200,aad9710e-10ca-4c9d-9467-7720556f4b2e,2026-06-18T01:15:00Z,2026-06-18T03:15:00+0200,0.0,MW,DE,DE_LU,forecast_solar_generation,Solar,2026-06-25T11:27:13Z
2026-06-25T11:25:56Z,2026-06-25T13:25:56+0200,aad9710e-10ca-4c9d-9467-7720556f4b2e,2026-06-18T01:30:00Z,2026-06-18T03:30:00+0200,0.0,MW,DE,DE_LU,forecast_solar_generation,Solar,2026-06-25T11:27:13Z
2026-06-25T11:25:56Z,2026-06-25T13:25:56+0200,aad9710e-10ca-4c9d-9467-7720556f4b2e,2026-06-18T01:45:00Z,2026-06-18T03:45:00+0200,0.0,MW,DE,DE_LU,forecast_solar_generation,Solar,2026-06-25T11:27:13Z
2026-06-25T11:25:56Z,2026-06-25T13:25:56+0200,aad9710e-10ca-4c9d-9467-7720556f4b2e,2026-06-18T02:00:00Z,2026-06-18T04:00:00+0200,0.0,MW,DE,DE_LU,forecast_solar_generation,Solar,2026-06-25T11:27:13Z
2026-06-25T11:25:56Z,2026-06-25T13:25:56+0200,aad9710e-10ca-4c9d-9467-7720556f4b2e,2026-06-18T02:15:00Z,2026-06-18T04:15:00+0200,0.0,MW,DE,DE_LU,forecast_solar_generation,Solar,2026-06-25T11:27:13Z
2026-06-25T11:25:56Z,2026-06-25T13:25:56+0200,aad9710e-10ca-4c9d-9467-7720556f4b2e,2026-06-18T02:30:00Z,2026-06-18T04:30:00+0200,0.7,MW,DE,DE_LU,forecast_solar_generation,Solar,2026-06-25T11:27:13Z
2026-06-25T11:25:56Z,2026-06-25T13:25:56+0200,aad9710e-10ca-4c9d-9467-7720556f4b2e,2026-06-18T02:45:00Z,2026-06-18T04:45:00+0200,19.67825,MW,DE,DE_LU,forecast_solar_generation,Solar,2026-06-25T11:27:13Z
2026-06-25T11:25:56Z,2026-06-25T13:25:56+0200,aad9710e-10ca-4c9d-9467-7720556f4b2e,2026-06-18T03:00:00Z,2026-06-18T05:00:00+0200,110.21634,MW,DE,DE_LU,forecast_solar_generation,Solar,2026-06-25T11:27:13Z
2026-06-25T11:25:56Z,2026-06-25T13:25:56+0200,aad9710e-10ca-4c9d-9467-7720556f4b2e,2026-06-18T03:15:00Z,2026-06-18T05:15:00+0200,386.12531,MW,DE,DE_LU,forecast_solar_generation,Solar,2026-06-25T11:27:13Z
2026-06-25T11:25:56Z,2026-06-25T13:25:56+0200,aad9710e-10ca-4c9d-9467-7720556f4b2e,2026-06-18T03:30:00Z,2026-06-18T05:30:00+0200,862.75765,MW,DE,DE_LU,forecast_solar_generation,Solar,2026-06-25T11:27:13Z
2026-06-25T11:25:56Z,2026-06-25T13:25:56+0200,aad9710e-10ca-4c9d-9467-7720556f4b2e,2026-06-18T03:45:00Z,2026-06-18T05:45:00+0200,1608.39458,MW,DE,DE_LU,forecast_solar_generation,Solar,2026-06-25T11:27:13Z
2026-06-25T11:25:56Z,2026-06-25T13:25:56+0200,aad9710e-10ca-4c9d-9467-7720556f4b2e,2026-06-18T04:00:00Z,2026-06-18T06:00:00+0200,2610.49931,MW,DE,DE_LU,forecast_solar_generation,Solar,2026-06-25T11:27:13Z
2026-06-25T11:25:56Z,2026-06-25T13:25:56+0200,aad9710e-10ca-4c9d-9467-7720556f4b2e,2026-06-18T04:15:00Z,2026-06-18T06:15:00+0200,3823.68902,MW,DE,DE_LU,forecast_solar_generation,Solar,2026-06-25T11:27:13Z
2026-06-25T11:25:56Z,2026-06-25T13:25:56+0200,aad9710e-10ca-4c9d-9467-7720556f4b2e,2026-06-18T04:30:00Z,2026-06-18T06:30:00+0200,5250.44192,MW,DE,DE_LU,forecast_solar_generation,Solar,2026-06-25T11:27:13Z
2026-06-25T11:25:56Z,2026-06-25T13:25:56+0200,aad9710e-10ca-4c9d-9467-7720556f4b2e,2026-06-18T04:45:00Z,2026-06-18T06:45:00+0200,6875.86145,MW,DE,DE_LU,forecast_solar_generation,Solar,2026-06-25T11:27:13Z
2026-06-25T11:25:56Z,2026-06-25T13:25:56+0200,aad9710e-10ca-4c9d-9467-7720556f4b2e,2026-06-18T05:00:00Z,2026-06-18T07:00:00+0200,8755.82667,MW,DE,DE_LU,forecast_solar_generation,Solar,2026-06-25T11:27:13Z
2026-06-25T11:25:56Z,2026-06-25T13:25:56+0200,aad9710e-10ca-4c9d-9467-7720556f4b2e,2026-06-18T05:15:00Z,2026-06-18T07:15:00+0200,10971.40278,MW,DE,DE_LU,forecast_solar_generation,Solar,2026-06-25T11:27:13Z
2026-06-25T11:25:56Z,2026-06-25T13:25:56+0200,aad9710e-10ca-4c9d-9467-7720556f4b2e,2026-06-18T05:30:00Z,2026-06-18T07:30:00+0200,13433.64395,MW,DE,DE_LU,forecast_solar_generation,Solar,2026-06-25T11:27:13Z
2026-06-25T11:25:56Z,2026-06-25T13:25:56+0200,aad9710e-10ca-4c9d-9467-7720556f4b2e,2026-06-18T05:45:00Z,2026-06-18T07:45:00+0200,16057.80801,MW,DE,DE_LU,forecast_solar_generation,Solar,2026-06-25T11:27:13Z
2026-06-25T11:25:56Z,2026-06-25T13:25:56+0200,aad9710e-10ca-4c9d-9467-7720556f4b2e,2026-06-18T06:00:00Z,2026-06-18T08:00:00+0200,18772.3821,MW,DE,DE_LU,forecast_solar_generation,Solar,2026-06-25T11:27:13Z
2026-06-25T11:25:56Z,2026-06-25T13:25:56+0200,aad9710e-10ca-4c9d-9467-7720556f4b2e,2026-06-18T06:15:00Z,2026-06-18T08:15:00+0200,21536.07835,MW,DE,DE_LU,forecast_solar_generation,Solar,2026-06-25T11:27:13Z
2026-06-25T11:25:56Z,2026-06-25T13:25:56+0200,aad9710e-10ca-4c9d-9467-7720556f4b2e,2026-06-18T06:30:00Z,2026-06-18T08:30:00+0200,24284.96297,MW,DE,DE_LU,forecast_solar_generation,Solar,2026-06-25T11:27:13Z
2026-06-25T11:25:56Z,2026-06-25T13:25:56+0200,aad9710e-10ca-4c9d-9467-7720556f4b2e,2026-06-18T06:45:00Z,2026-06-18T08:45:00+0200,26980.2758,MW,DE,DE_LU,forecast_solar_generation,Solar,2026-06-25T11:27:13Z
2026-06-25T11:25:56Z,2026-06-25T13:25:56+0200,aad9710e-10ca-4c9d-9467-7720556f4b2e,2026-06-18T07:00:00Z,2026-06-18T09:00:00+0200,29586.9711,MW,DE,DE_LU,forecast_solar_generation,Solar,2026-06-25T11:27:13Z
2026-06-25T11:25:56Z,2026-06-25T13:25:56+0200,aad9710e-10ca-4c9d-9467-7720556f4b2e,2026-06-18T07:15:00Z,2026-06-18T09:15:00+0200,32107.91259,MW,DE,DE_LU,forecast_solar_generation,Solar,2026-06-25T11:27:13Z
2026-06-25T11:25:56Z,2026-06-25T13:25:56+0200,aad9710e-10ca-4c9d-9467-7720556f4b2e,2026-06-18T07:30:00Z,2026-06-18T09:30:00+0200,34495.62687,MW,DE,DE_LU,forecast_solar_generation,Solar,2026-06-25T11:27:13Z
2026-06-25T11:25:56Z,2026-06-25T13:25:56+0200,aad9710e-10ca-4c9d-9467-7720556f4b2e,2026-06-18T07:45:00Z,2026-06-18T09:45:00+0200,36675.14623,MW,DE,DE_LU,forecast_solar_generation,Solar,2026-06-25T11:27:13Z
2026-06-25T11:25:56Z,2026-06-25T13:25:56+0200,aad9710e-10ca-4c9d-9467-7720556f4b2e,2026-06-18T08:00:00Z,2026-06-18T10:00:00+0200,38659.22322,MW,DE,DE_LU,forecast_solar_generation,Solar,2026-06-25T11:27:13Z
2026-06-25T11:25:56Z,2026-06-25T13:25:56+0200,aad9710e-10ca-4c9d-9467-7720556f4b2e,2026-06-18T08:15:00Z,2026-06-18T10:15:00+0200,40448.26281,MW,DE,DE_LU,forecast_solar_generation,Solar,2026-06-25T11:27:13Z
2026-06-25T11:25:56Z,2026-06-25T13:25:56+0200,aad9710e-10ca-4c9d-9467-7720556f4b2e,2026-06-18T08:30:00Z,2026-06-18T10:30:00+0200,42059.02191,MW,DE,DE_LU,forecast_solar_generation,Solar,2026-06-25T11:27:13Z
2026-06-25T11:25:56Z,2026-06-25T13:25:56+0200,aad9710e-10ca-4c9d-9467-7720556f4b2e,2026-06-18T08:45:00Z,2026-06-18T10:45:00+0200,43518.34348,MW,DE,DE_LU,forecast_solar_generation,Solar,2026-06-25T11:27:13Z
2026-06-25T11:25:56Z,2026-06-25T13:25:56+0200,aad9710e-10ca-4c9d-9467-7720556f4b2e,2026-06-18T09:00:00Z,2026-06-18T11:00:00+0200,44789.36504,MW,DE,DE_LU,forecast_solar_generation,Solar,2026-06-25T11:27:13Z
2026-06-25T11:25:56Z,2026-06-25T13:25:56+0200,aad9710e-10ca-4c9d-9467-7720556f4b2e,2026-06-18T09:15:00Z,2026-06-18T11:15:00+0200,45868.94068,MW,DE,DE_LU,forecast_solar_generation,Solar,2026-06-25T11:27:13Z
2026-06-25T11:25:56Z,2026-06-25T13:25:56+0200,aad9710e-10ca-4c9d-9467-7720556f4b2e,2026-06-18T09:30:00Z,2026-06-18T11:30:00+0200,46767.41797,MW,DE,DE_LU,forecast_solar_generation,Solar,2026-06-25T11:27:13Z
2026-06-25T11:25:56Z,2026-06-25T13:25:56+0200,aad9710e-10ca-4c9d-9467-7720556f4b2e,2026-06-18T09:45:00Z,2026-06-18T11:45:00+0200,47481.87347,MW,DE,DE_LU,forecast_solar_generation,Solar,2026-06-25T11:27:13Z
2026-06-25T11:25:56Z,2026-06-25T13:25:56+0200,aad9710e-10ca-4c9d-9467-7720556f4b2e,2026-06-18T10:00:00Z,2026-06-18T12:00:00+0200,48078.61032,MW,DE,DE_LU,forecast_solar_generation,Solar,2026-06-25T11:27:13Z
2026-06-25T11:25:56Z,2026-06-25T13:25:56+0200,aad9710e-10ca-4c9d-9467-7720556f4b2e,2026-06-18T10:15:00Z,2026-06-18T12:15:00+0200,48564.45421,MW,DE,DE_LU,forecast_solar_generation,Solar,2026-06-25T11:27:13Z
2026-06-25T11:25:56Z,2026-06-25T13:25:56+0200,aad9710e-10ca-4c9d-9467-7720556f4b2e,2026-06-18T10:30:00Z,2026-06-18T12:30:00+0200,48896.91562,MW,DE,DE_LU,forecast_solar_generation,Solar,2026-06-25T11:27:13Z
2026-06-25T11:25:56Z,2026-06-25T13:25:56+0200,aad9710e-10ca-4c9d-9467-7720556f4b2e,2026-06-18T10:45:00Z,2026-06-18T12:45:00+0200,49073.81686,MW,DE,DE_LU,forecast_solar_generation,Solar,2026-06-25T11:27:13Z
2026-06-25T11:25:56Z,2026-06-25T13:25:56+0200,aad9710e-10ca-4c9d-9467-7720556f4b2e,2026-06-18T11:00:00Z,2026-06-18T13:00:00+0200,49120.44405,MW,DE,DE_LU,forecast_solar_generation,Solar,2026-06-25T11:27:13Z
2026-06-25T11:25:56Z,2026-06-25T13:25:56+0200,aad9710e-10ca-4c9d-9467-7720556f4b2e,2026-06-18T11:15:00Z,2026-06-18T13:15:00+0200,49028.03062,MW,DE,DE_LU,forecast_solar_generation,Solar,2026-06-25T11:27:13Z
2026-06-25T11:25:56Z,2026-06-25T13:25:56+0200,aad9710e-10ca-4c9d-9467-7720556f4b2e,2026-06-18T11:30:00Z,2026-06-18T13:30:00+0200,48841.4965,MW,DE,DE_LU,forecast_solar_generation,Solar,2026-06-25T11:27:13Z
2026-06-25T11:25:56Z,2026-06-25T13:25:56+0200,aad9710e-10ca-4c9d-9467-7720556f4b2e,2026-06-18T11:45:00Z,2026-06-18T13:45:00+0200,48575.71401,MW,DE,DE_LU,forecast_solar_generation,Solar,2026-06-25T11:27:13Z
2026-06-25T11:25:56Z,2026-06-25T13:25:56+0200,aad9710e-10ca-4c9d-9467-7720556f4b2e,2026-06-18T12:00:00Z,2026-06-18T14:00:00+0200,48177.49222,MW,DE,DE_LU,forecast_solar_generation,Solar,2026-06-25T11:27:13Z
2026-06-25T11:25:56Z,2026-06-25T13:25:56+0200,aad9710e-10ca-4c9d-9467-7720556f4b2e,2026-06-18T12:15:00Z,2026-06-18T14:15:00+0200,47649.80523,MW,DE,DE_LU,forecast_solar_generation,Solar,2026-06-25T11:27:13Z
2026-06-25T11:25:56Z,2026-06-25T13:25:56+0200,aad9710e-10ca-4c9d-9467-7720556f4b2e,2026-06-18T12:30:00Z,2026-06-18T14:30:00+0200,47031.91301,MW,DE,DE_LU,forecast_solar_generation,Solar,2026-06-25T11:27:13Z
2026-06-25T11:25:56Z,2026-06-25T13:25:56+0200,aad9710e-10ca-4c9d-9467-7720556f4b2e,2026-06-18T12:45:00Z,2026-06-18T14:45:00+0200,46238.48923,MW,DE,DE_LU,forecast_solar_generation,Solar,2026-06-25T11:27:13Z
2026-06-25T11:25:56Z,2026-06-25T13:25:56+0200,aad9710e-10ca-4c9d-9467-7720556f4b2e,2026-06-18T13:00:00Z,2026-06-18T15:00:00+0200,45337.2502,MW,DE,DE_LU,forecast_solar_generation,Solar,2026-06-25T11:27:13Z
2026-06-25T11:25:56Z,2026-06-25T13:25:56+0200,aad9710e-10ca-4c9d-9467-7720556f4b2e,2026-06-18T13:15:00Z,2026-06-18T15:15:00+0200,44249.99514,MW,DE,DE_LU,forecast_solar_generation,Solar,2026-06-25T11:27:13Z
2026-06-25T11:25:56Z,2026-06-25T13:25:56+0200,aad9710e-10ca-4c9d-9467-7720556f4b2e,2026-06-18T13:30:00Z,2026-06-18T15:30:00+0200,43045.07119,MW,DE,DE_LU,forecast_solar_generation,Solar,2026-06-25T11:27:13Z
2026-06-25T11:25:56Z,2026-06-25T13:25:56+0200,aad9710e-10ca-4c9d-9467-7720556f4b2e,2026-06-18T13:45:00Z,2026-06-18T15:45:00+0200,41769.84294,MW,DE,DE_LU,forecast_solar_generation,Solar,2026-06-25T11:27:13Z
2026-06-25T11:25:56Z,2026-06-25T13:25:56+0200,aad9710e-10ca-4c9d-9467-7720556f4b2e,2026-06-18T14:00:00Z,2026-06-18T16:00:00+0200,40326.03443,MW,DE,DE_LU,forecast_solar_generation,Solar,2026-06-25T11:27:13Z
2026-06-25T11:25:56Z,2026-06-25T13:25:56+0200,aad9710e-10ca-4c9d-9467-7720556f4b2e,2026-06-18T14:15:00Z,2026-06-18T16:15:00+0200,38709.64523,MW,DE,DE_LU,forecast_solar_generation,Solar,2026-06-25T11:27:13Z
2026-06-25T11:25:56Z,2026-06-25T13:25:56+0200,aad9710e-10ca-4c9d-9467-7720556f4b2e,2026-06-18T14:30:00Z,2026-06-18T16:30:00+0200,36957.75548,MW,DE,DE_LU,forecast_solar_generation,Solar,2026-06-25T11:27:13Z
2026-06-25T11:25:56Z,2026-06-25T13:25:56+0200,aad9710e-10ca-4c9d-9467-7720556f4b2e,2026-06-18T14:45:00Z,2026-06-18T16:45:00+0200,35049.86599,MW,DE,DE_LU,forecast_solar_generation,Solar,2026-06-25T11:27:13Z
2026-06-25T11:25:56Z,2026-06-25T13:25:56+0200,aad9710e-10ca-4c9d-9467-7720556f4b2e,2026-06-18T15:00:00Z,2026-06-18T17:00:00+0200,32939.36116,MW,DE,DE_LU,forecast_solar_generation,Solar,2026-06-25T11:27:13Z
2026-06-25T11:25:56Z,2026-06-25T13:25:56+0200,aad9710e-10ca-4c9d-9467-7720556f4b2e,2026-06-18T15:15:00Z,2026-06-18T17:15:00+0200,30629.93384,MW,DE,DE_LU,forecast_solar_generation,Solar,2026-06-25T11:27:13Z
2026-06-25T11:25:56Z,2026-06-25T13:25:56+0200,aad9710e-10ca-4c9d-9467-7720556f4b2e,2026-06-18T15:30:00Z,2026-06-18T17:30:00+0200,28173.20511,MW,DE,DE_LU,forecast_solar_generation,Solar,2026-06-25T11:27:13Z
2026-06-25T11:25:56Z,2026-06-25T13:25:56+0200,aad9710e-10ca-4c9d-9467-7720556f4b2e,2026-06-18T15:45:00Z,2026-06-18T17:45:00+0200,25630.02793,MW,DE,DE_LU,forecast_solar_generation,Solar,2026-06-25T11:27:13Z
2026-06-25T11:25:56Z,2026-06-25T13:25:56+0200,aad9710e-10ca-4c9d-9467-7720556f4b2e,2026-06-18T16:00:00Z,2026-06-18T18:00:00+0200,23021.65799,MW,DE,DE_LU,forecast_solar_generation,Solar,2026-06-25T11:27:13Z
2026-06-25T11:25:56Z,2026-06-25T13:25:56+0200,aad9710e-10ca-4c9d-9467-7720556f4b2e,2026-06-18T16:15:00Z,2026-06-18T18:15:00+0200,20376.07697,MW,DE,DE_LU,forecast_solar_generation,Solar,2026-06-25T11:27:13Z
2026-06-25T11:25:56Z,2026-06-25T13:25:56+0200,aad9710e-10ca-4c9d-9467-7720556f4b2e,2026-06-18T16:30:00Z,2026-06-18T18:30:00+0200,17699.20976,MW,DE,DE_LU,forecast_solar_generation,Solar,2026-06-25T11:27:13Z
2026-06-25T11:25:56Z,2026-06-25T13:25:56+0200,aad9710e-10ca-4c9d-9467-7720556f4b2e,2026-06-18T16:45:00Z,2026-06-18T18:45:00+0200,15051.76107,MW,DE,DE_LU,forecast_solar_generation,Solar,2026-06-25T11:27:13Z
2026-06-25T11:25:56Z,2026-06-25T13:25:56+0200,aad9710e-10ca-4c9d-9467-7720556f4b2e,2026-06-18T17:00:00Z,2026-06-18T19:00:00+0200,12488.19529,MW,DE,DE_LU,forecast_solar_generation,Solar,2026-06-25T11:27:13Z
2026-06-25T11:25:56Z,2026-06-25T13:25:56+0200,aad9710e-10ca-4c9d-9467-7720556f4b2e,2026-06-18T17:15:00Z,2026-06-18T19:15:00+0200,10097.60453,MW,DE,DE_LU,forecast_solar_generation,Solar,2026-06-25T11:27:13Z
2026-06-25T11:25:56Z,2026-06-25T13:25:56+0200,aad9710e-10ca-4c9d-9467-7720556f4b2e,2026-06-18T17:30:00Z,2026-06-18T19:30:00+0200,7999.46889,MW,DE,DE_LU,forecast_solar_generation,Solar,2026-06-25T11:27:13Z
2026-06-25T11:25:56Z,2026-06-25T13:25:56+0200,aad9710e-10ca-4c9d-9467-7720556f4b2e,2026-06-18T17:45:00Z,2026-06-18T19:45:00+0200,6230.35937,MW,DE,DE_LU,forecast_solar_generation,Solar,2026-06-25T11:27:13Z
2026-06-25T11:25:56Z,2026-06-25T13:25:56+0200,aad9710e-10ca-4c9d-9467-7720556f4b2e,2026-06-18T18:00:00Z,2026-06-18T20:00:00+0200,4707.94575,MW,DE,DE_LU,forecast_solar_generation,Solar,2026-06-25T11:27:13Z
2026-06-25T11:25:56Z,2026-06-25T13:25:56+0200,aad9710e-10ca-4c9d-9467-7720556f4b2e,2026-06-18T18:15:00Z,2026-06-18T20:15:00+0200,3394.36414,MW,DE,DE_LU,forecast_solar_generation,Solar,2026-06-25T11:27:13Z
2026-06-25T11:25:56Z,2026-06-25T13:25:56+0200,aad9710e-10ca-4c9d-9467-7720556f4b2e,2026-06-18T18:30:00Z,2026-06-18T20:30:00+0200,2275.10537,MW,DE,DE_LU,forecast_solar_generation,Solar,2026-06-25T11:27:13Z
2026-06-25T11:25:56Z,2026-06-25T13:25:56+0200,aad9710e-10ca-4c9d-9467-7720556f4b2e,2026-06-18T18:45:00Z,2026-06-18T20:45:00+0200,1359.88791,MW,DE,DE_LU,forecast_solar_generation,Solar,2026-06-25T11:27:13Z
2026-06-25T11:25:56Z,2026-06-25T13:25:56+0200,aad9710e-10ca-4c9d-9467-7720556f4b2e,2026-06-18T19:00:00Z,2026-06-18T21:00:00+0200,682.33461,MW,DE,DE_LU,forecast_solar_generation,Solar,2026-06-25T11:27:13Z
2026-06-25T11:25:56Z,2026-06-25T13:25:56+0200,aad9710e-10ca-4c9d-9467-7720556f4b2e,2026-06-18T19:15:00Z,2026-06-18T21:15:00+0200,271.89292,MW,DE,DE_LU,forecast_solar_generation,Solar,2026-06-25T11:27:13Z
2026-06-25T11:25:56Z,2026-06-25T13:25:56+0200,aad9710e-10ca-4c9d-9467-7720556f4b2e,2026-06-18T19:30:00Z,2026-06-18T21:30:00+0200,90.59659,MW,DE,DE_LU,forecast_solar_generation,Solar,2026-06-25T11:27:13Z
2026-06-25T11:25:56Z,2026-06-25T13:25:56+0200,aad9710e-10ca-4c9d-9467-7720556f4b2e,2026-06-18T19:45:00Z,2026-06-18T21:45:00+0200,30.10305,MW,DE,DE_LU,forecast_solar_generation,Solar,2026-06-25T11:27:13Z
2026-06-25T11:25:56Z,2026-06-25T13:25:56+0200,aad9710e-10ca-4c9d-9467-7720556f4b2e,2026-06-18T20:00:00Z,2026-06-18T22:00:00+0200,2.148,MW,DE,DE_LU,forecast_solar_generation,Solar,2026-06-25T11:27:13Z
2026-06-25T11:25:56Z,2026-06-25T13:25:56+0200,aad9710e-10ca-4c9d-9467-7720556f4b2e,2026-06-18T20:15:00Z,2026-06-18T22:15:00+0200,0.0,MW,DE,DE_LU,forecast_solar_generation,Solar,2026-06-25T11:27:13Z
2026-06-25T11:25:56Z,2026-06-25T13:25:56+0200,aad9710e-10ca-4c9d-9467-7720556f4b2e,2026-06-18T20:30:00Z,2026-06-18T22:30:00+0200,0.0,MW,DE,DE_LU,forecast_solar_generation,Solar,2026-06-25T11:27:13Z
2026-06-25T11:25:56Z,2026-06-25T13:25:56+0200,aad9710e-10ca-4c9d-9467-7720556f4b2e,2026-06-18T20:45:00Z,2026-06-18T22:45:00+0200,0.0,MW,DE,DE_LU,forecast_solar_generation,Solar,2026-06-25T11:27:13Z
2026-06-25T11:25:56Z,2026-06-25T13:25:56+0200,aad9710e-10ca-4c9d-9467-7720556f4b2e,2026-06-18T21:00:00Z,2026-06-18T23:00:00+0200,0.0,MW,DE,DE_LU,forecast_solar_generation,Solar,2026-06-25T11:27:13Z
2026-06-25T11:25:56Z,2026-06-25T13:25:56+0200,aad9710e-10ca-4c9d-9467-7720556f4b2e,2026-06-18T21:15:00Z,2026-06-18T23:15:00+0200,0.0,MW,DE,DE_LU,forecast_solar_generation,Solar,2026-06-25T11:27:13Z
2026-06-25T11:25:56Z,2026-06-25T13:25:56+0200,aad9710e-10ca-4c9d-9467-7720556f4b2e,2026-06-18T21:30:00Z,2026-06-18T23:30:00+0200,0.0,MW,DE,DE_LU,forecast_solar_generation,Solar,2026-06-25T11:27:13Z
2026-06-25T11:25:56Z,2026-06-25T13:25:56+0200,aad9710e-10ca-4c9d-9467-7720556f4b2e,2026-06-18T21:45:00Z,2026-06-18T23:45:00+0200,0.0,MW,DE,DE_LU,forecast_solar_generation,Solar,2026-06-25T11:27:13Z
2026-06-25T11:25:56Z,2026-06-25T13:25:56+0200,aad9710e-10ca-4c9d-9467-7720556f4b2e,2026-06-18T22:00:00Z,2026-06-19T00:00:00+0200,0.0,MW,DE,DE_LU,forecast_solar_generation,Solar,2026-06-25T11:27:13Z
2026-06-25T11:25:56Z,2026-06-25T13:25:56+0200,aad9710e-10ca-4c9d-9467-7720556f4b2e,2026-06-18T22:15:00Z,2026-06-19T00:15:00+0200,0.0,MW,DE,DE_LU,forecast_solar_generation,Solar,2026-06-25T11:27:13Z
2026-06-25T11:25:56Z,2026-06-25T13:25:56+0200,aad9710e-10ca-4c9d-9467-7720556f4b2e,2026-06-18T22:30:00Z,2026-06-19T00:30:00+0200,0.0,MW,DE,DE_LU,forecast_solar_generation,Solar,2026-06-25T11:27:13Z
2026-06-25T11:25:56Z,2026-06-25T13:25:56+0200,aad9710e-10ca-4c9d-9467-7720556f4b2e,2026-06-18T22:45:00Z,2026-06-19T00:45:00+0200,0.0,MW,DE,DE_LU,forecast_solar_generation,Solar,2026-06-25T11:27:13Z
2026-06-25T11:25:56Z,2026-06-25T13:25:56+0200,aad9710e-10ca-4c9d-9467-7720556f4b2e,2026-06-18T23:00:00Z,2026-06-19T01:00:00+0200,0.0,MW,DE,DE_LU,forecast_solar_generation,Solar,2026-06-25T11:27:13Z
2026-06-25T11:25:56Z,2026-06-25T13:25:56+0200,aad9710e-10ca-4c9d-9467-7720556f4b2e,2026-06-18T23:15:00Z,2026-06-19T01:15:00+0200,0.0,MW,DE,DE_LU,forecast_solar_generation,Solar,2026-06-25T11:27:13Z
2026-06-25T11:25:56Z,2026-06-25T13:25:56+0200,aad9710e-10ca-4c9d-9467-7720556f4b2e,2026-06-18T23:30:00Z,2026-06-19T01:30:00+0200,0.0,MW,DE,DE_LU,forecast_solar_generation,Solar,2026-06-25T11:27:13Z
2026-06-25T11:25:56Z,2026-06-25T13:25:56+0200,aad9710e-10ca-4c9d-9467-7720556f4b2e,2026-06-18T23:45:00Z,2026-06-19T01:45:00+0200,0.0,MW,DE,DE_LU,forecast_solar_generation,Solar,2026-06-25T11:27:13Z
2026-06-25T11:25:56Z,2026-06-25T13:25:56+0200,aad9710e-10ca-4c9d-9467-7720556f4b2e,2026-06-19T00:00:00Z,2026-06-19T02:00:00+0200,0.0,MW,DE,DE_LU,forecast_solar_generation,Solar,2026-06-25T11:27:13Z
2026-06-25T11:25:56Z,2026-06-25T13:25:56+0200,aad9710e-10ca-4c9d-9467-7720556f4b2e,2026-06-19T00:15:00Z,2026-06-19T02:15:00+0200,0.0,MW,DE,DE_LU,forecast_solar_generation,Solar,2026-06-25T11:27:13Z
2026-06-25T11:25:56Z,2026-06-25T13:25:56+0200,aad9710e-10ca-4c9d-9467-7720556f4b2e,2026-06-19T00:30:00Z,2026-06-19T02:30:00+0200,0.0,MW,DE,DE_LU,forecast_solar_generation,Solar,2026-06-25T11:27:13Z
2026-06-25T11:25:56Z,2026-06-25T13:25:56+0200,aad9710e-10ca-4c9d-9467-7720556f4b2e,2026-06-19T00:45:00Z,2026-06-19T02:45:00+0200,0.0,MW,DE,DE_LU,forecast_solar_generation,Solar,2026-06-25T11:27:13Z
2026-06-25T11:25:56Z,2026-06-25T13:25:56+0200,aad9710e-10ca-4c9d-9467-7720556f4b2e,2026-06-19T01:00:00Z,2026-06-19T03:00:00+0200,0.0,MW,DE,DE_LU,forecast_solar_generation,Solar,2026-06-25T11:27:13Z
2026-06-25T11:25:56Z,2026-06-25T13:25:56+0200,aad9710e-10ca-4c9d-9467-7720556f4b2e,2026-06-19T01:15:00Z,2026-06-19T03:15:00+0200,0.0,MW,DE,DE_LU,forecast_solar_generation,Solar,2026-06-25T11:27:13Z
2026-06-25T11:25:56Z,2026-06-25T13:25:56+0200,aad9710e-10ca-4c9d-9467-7720556f4b2e,2026-06-19T01:30:00Z,2026-06-19T03:30:00+0200,0.0,MW,DE,DE_LU,forecast_solar_generation,Solar,2026-06-25T11:27:13Z
2026-06-25T11:25:56Z,2026-06-25T13:25:56+0200,aad9710e-10ca-4c9d-9467-7720556f4b2e,2026-06-19T01:45:00Z,2026-06-19T03:45:00+0200,0.0,MW,DE,DE_LU,forecast_solar_generation,Solar,2026-06-25T11:27:13Z
2026-06-25T11:25:56Z,2026-06-25T13:25:56+0200,aad9710e-10ca-4c9d-9467-7720556f4b2e,2026-06-19T02:00:00Z,2026-06-19T04:00:00+0200,0.0,MW,DE,DE_LU,forecast_solar_generation,Solar,2026-06-25T11:27:13Z
2026-06-25T11:25:56Z,2026-06-25T13:25:56+0200,aad9710e-10ca-4c9d-9467-7720556f4b2e,2026-06-19T02:15:00Z,2026-06-19T04:15:00+0200,0.0,MW,DE,DE_LU,forecast_solar_generation,Solar,2026-06-25T11:27:13Z
2026-06-25T11:25:56Z,2026-06-25T13:25:56+0200,aad9710e-10ca-4c9d-9467-7720556f4b2e,2026-06-19T02:30:00Z,2026-06-19T04:30:00+0200,0.62,MW,DE,DE_LU,forecast_solar_generation,Solar,2026-06-25T11:27:13Z
2026-06-25T11:25:56Z,2026-06-25T13:25:56+0200,aad9710e-10ca-4c9d-9467-7720556f4b2e,2026-06-19T02:45:00Z,2026-06-19T04:45:00+0200,22.82151,MW,DE,DE_LU,forecast_solar_generation,Solar,2026-06-25T11:27:13Z
2026-06-25T11:25:56Z,2026-06-25T13:25:56+0200,aad9710e-10ca-4c9d-9467-7720556f4b2e,2026-06-19T03:00:00Z,2026-06-19T05:00:00+0200,122.60101,MW,DE,DE_LU,forecast_solar_generation,Solar,2026-06-25T11:27:13Z
2026-06-25T11:25:56Z,2026-06-25T13:25:56+0200,aad9710e-10ca-4c9d-9467-7720556f4b2e,2026-06-19T03:15:00Z,2026-06-19T05:15:00+0200,408.79722,MW,DE,DE_LU,forecast_solar_generation,Solar,2026-06-25T11:27:13Z
2026-06-25T11:25:56Z,2026-06-25T13:25:56+0200,aad9710e-10ca-4c9d-9467-7720556f4b2e,2026-06-19T03:30:00Z,2026-06-19T05:30:00+0200,908.79178,MW,DE,DE_LU,forecast_solar_generation,Solar,2026-06-25T11:27:13Z
2026-06-25T11:25:56Z,2026-06-25T13:25:56+0200,aad9710e-10ca-4c9d-9467-7720556f4b2e,2026-06-19T03:45:00Z,2026-06-19T05:45:00+0200,1668.76605,MW,DE,DE_LU,forecast_solar_generation,Solar,2026-06-25T11:27:13Z
2026-06-25T11:25:56Z,2026-06-25T13:25:56+0200,aad9710e-10ca-4c9d-9467-7720556f4b2e,2026-06-19T04:00:00Z,2026-06-19T06:00:00+0200,2667.48252,MW,DE,DE_LU,forecast_solar_generation,Solar,2026-06-25T11:27:13Z
2026-06-25T11:25:56Z,2026-06-25T13:25:56+0200,aad9710e-10ca-4c9d-9467-7720556f4b2e,2026-06-19T04:15:00Z,2026-06-19T06:15:00+0200,3863.20836,MW,DE,DE_LU,forecast_solar_generation,Solar,2026-06-25T11:27:13Z
2026-06-25T11:25:56Z,2026-06-25T13:25:56+0200,aad9710e-10ca-4c9d-9467-7720556f4b2e,2026-06-19T04:30:00Z,2026-06-19T06:30:00+0200,5248.99471,MW,DE,DE_LU,forecast_solar_generation,Solar,2026-06-25T11:27:13Z
2026-06-25T11:25:56Z,2026-06-25T13:25:56+0200,aad9710e-10ca-4c9d-9467-7720556f4b2e,2026-06-19T04:45:00Z,2026-06-19T06:45:00+0200,6839.2788,MW,DE,DE_LU,forecast_solar_generation,Solar,2026-06-25T11:27:13Z
2026-06-25T11:25:56Z,2026-06-25T13:25:56+0200,aad9710e-10ca-4c9d-9467-7720556f4b2e,2026-06-19T05:00:00Z,2026-06-19T07:00:00+0200,8696.15328,MW,DE,DE_LU,forecast_solar_generation,Solar,2026-06-25T11:27:13Z
2026-06-25T11:25:56Z,2026-06-25T13:25:56+0200,aad9710e-10ca-4c9d-9467-7720556f4b2e,2026-06-19T05:15:00Z,2026-06-19T07:15:00+0200,10889.76931,MW,DE,DE_LU,forecast_solar_generation,Solar,2026-06-25T11:27:13Z
2026-06-25T11:25:56Z,2026-06-25T13:25:56+0200,aad9710e-10ca-4c9d-9467-7720556f4b2e,2026-06-19T05:30:00Z,2026-06-19T07:30:00+0200,13332.68488,MW,DE,DE_LU,forecast_solar_generation,Solar,2026-06-25T11:27:13Z
2026-06-25T11:25:56Z,2026-06-25T13:25:56+0200,aad9710e-10ca-4c9d-9467-7720556f4b2e,2026-06-19T05:45:00Z,2026-06-19T07:45:00+0200,15934.45145,MW,DE,DE_LU,forecast_solar_generation,Solar,2026-06-25T11:27:13Z
2026-06-25T11:25:56Z,2026-06-25T13:25:56+0200,aad9710e-10ca-4c9d-9467-7720556f4b2e,2026-06-19T06:00:00Z,2026-06-19T08:00:00+0200,18628.65321,MW,DE,DE_LU,forecast_solar_generation,Solar,2026-06-25T11:27:13Z
2026-06-25T11:25:56Z,2026-06-25T13:25:56+0200,aad9710e-10ca-4c9d-9467-7720556f4b2e,2026-06-19T06:15:00Z,2026-06-19T08:15:00+0200,21361.15842,MW,DE,DE_LU,forecast_solar_generation,Solar,2026-06-25T11:27:13Z
2026-06-25T11:25:56Z,2026-06-25T13:25:56+0200,aad9710e-10ca-4c9d-9467-7720556f4b2e,2026-06-19T06:30:00Z,2026-06-19T08:30:00+0200,24073.87965,MW,DE,DE_LU,forecast_solar_generation,Solar,2026-06-25T11:27:13Z
2026-06-25T11:25:56Z,2026-06-25T13:25:56+0200,aad9710e-10ca-4c9d-9467-7720556f4b2e,2026-06-19T06:45:00Z,2026-06-19T08:45:00+0200,26732.82289,MW,DE,DE_LU,forecast_solar_generation,Solar,2026-06-25T11:27:13Z
2026-06-25T11:25:56Z,2026-06-25T13:25:56+0200,aad9710e-10ca-4c9d-9467-7720556f4b2e,2026-06-19T07:00:00Z,2026-06-19T09:00:00+0200,29304.85777,MW,DE,DE_LU,forecast_solar_generation,Solar,2026-06-25T11:27:13Z
2026-06-25T11:25:56Z,2026-06-25T13:25:56+0200,aad9710e-10ca-4c9d-9467-7720556f4b2e,2026-06-19T07:15:00Z,2026-06-19T09:15:00+0200,31816.11029,MW,DE,DE_LU,forecast_solar_generation,Solar,2026-06-25T11:27:13Z
2026-06-25T11:25:56Z,2026-06-25T13:25:56+0200,aad9710e-10ca-4c9d-9467-7720556f4b2e,2026-06-19T07:30:00Z,2026-06-19T09:30:00+0200,34241.57934,MW,DE,DE_LU,forecast_solar_generation,Solar,2026-06-25T11:27:13Z
2026-06-25T11:25:56Z,2026-06-25T13:25:56+0200,aad9710e-10ca-4c9d-9467-7720556f4b2e,2026-06-19T07:45:00Z,2026-06-19T09:45:00+0200,36507.14394,MW,DE,DE_LU,forecast_solar_generation,Solar,2026-06-25T11:27:13Z
2026-06-25T11:25:56Z,2026-06-25T13:25:56+0200,aad9710e-10ca-4c9d-9467-7720556f4b2e,2026-06-19T08:00:00Z,2026-06-19T10:00:00+0200,38593.21782,MW,DE,DE_LU,forecast_solar_generation,Solar,2026-06-25T11:27:13Z
2026-06-25T11:25:56Z,2026-06-25T13:25:56+0200,aad9710e-10ca-4c9d-9467-7720556f4b2e,2026-06-19T08:15:00Z,2026-06-19T10:15:00+0200,40498.504,MW,DE,DE_LU,forecast_solar_generation,Solar,2026-06-25T11:27:13Z
2026-06-25T11:25:56Z,2026-06-25T13:25:56+0200,aad9710e-10ca-4c9d-9467-7720556f4b2e,2026-06-19T08:30:00Z,2026-06-19T10:30:00+0200,42245.49055,MW,DE,DE_LU,forecast_solar_generation,Solar,2026-06-25T11:27:13Z
2026-06-25T11:25:56Z,2026-06-25T13:25:56+0200,aad9710e-10ca-4c9d-9467-7720556f4b2e,2026-06-19T08:45:00Z,2026-06-19T10:45:00+0200,43837.35298,MW,DE,DE_LU,forecast_solar_generation,Solar,2026-06-25T11:27:13Z
2026-06-25T11:25:56Z,2026-06-25T13:25:56+0200,aad9710e-10ca-4c9d-9467-7720556f4b2e,2026-06-19T09:00:00Z,2026-06-19T11:00:00+0200,45334.43471,MW,DE,DE_LU,forecast_solar_generation,Solar,2026-06-25T11:27:13Z
2026-06-25T11:25:56Z,2026-06-25T13:25:56+0200,aad9710e-10ca-4c9d-9467-7720556f4b2e,2026-06-19T09:15:00Z,2026-06-19T11:15:00+0200,46636.35164,MW,DE,DE_LU,forecast_solar_generation,Solar,2026-06-25T11:27:13Z
2026-06-25T11:25:56Z,2026-06-25T13:25:56+0200,aad9710e-10ca-4c9d-9467-7720556f4b2e,2026-06-19T09:30:00Z,2026-06-19T11:30:00+0200,47748.27233,MW,DE,DE_LU,forecast_solar_generation,Solar,2026-06-25T11:27:13Z
2026-06-25T11:25:56Z,2026-06-25T13:25:56+0200,aad9710e-10ca-4c9d-9467-7720556f4b2e,2026-06-19T09:45:00Z,2026-06-19T11:45:00+0200,48690.96638,MW,DE,DE_LU,forecast_solar_generation,Solar,2026-06-25T11:27:13Z
2026-06-25T11:25:56Z,2026-06-25T13:25:56+0200,aad9710e-10ca-4c9d-9467-7720556f4b2e,2026-06-19T10:00:00Z,2026-06-19T12:00:00+0200,49459.53827,MW,DE,DE_LU,forecast_solar_generation,Solar,2026-06-25T11:27:13Z
2026-06-25T11:25:56Z,2026-06-25T13:25:56+0200,aad9710e-10ca-4c9d-9467-7720556f4b2e,2026-06-19T10:15:00Z,2026-06-19T12:15:00+0200,50046.2979,MW,DE,DE_LU,forecast_solar_generation,Solar,2026-06-25T11:27:13Z
2026-06-25T11:25:56Z,2026-06-25T13:25:56+0200,aad9710e-10ca-4c9d-9467-7720556f4b2e,2026-06-19T10:30:00Z,2026-06-19T12:30:00+0200,50413.53919,MW,DE,DE_LU,forecast_solar_generation,Solar,2026-06-25T11:27:13Z
2026-06-25T11:25:56Z,2026-06-25T13:25:56+0200,aad9710e-10ca-4c9d-9467-7720556f4b2e,2026-06-19T10:45:00Z,2026-06-19T12:45:00+0200,50618.11437,MW,DE,DE_LU,forecast_solar_generation,Solar,2026-06-25T11:27:13Z
2026-06-25T11:25:56Z,2026-06-25T13:25:56+0200,aad9710e-10ca-4c9d-9467-7720556f4b2e,2026-06-19T11:00:00Z,2026-06-19T13:00:00+0200,50677.19054,MW,DE,DE_LU,forecast_solar_generation,Solar,2026-06-25T11:27:13Z
2026-06-25T11:25:56Z,2026-06-25T13:25:56+0200,aad9710e-10ca-4c9d-9467-7720556f4b2e,2026-06-19T11:15:00Z,2026-06-19T13:15:00+0200,50546.15287,MW,DE,DE_LU,forecast_solar_generation,Solar,2026-06-25T11:27:13Z
2026-06-25T11:25:56Z,2026-06-25T13:25:56+0200,aad9710e-10ca-4c9d-9467-7720556f4b2e,2026-06-19T11:30:00Z,2026-06-19T13:30:00+0200,50256.6567,MW,DE,DE_LU,forecast_solar_generation,Solar,2026-06-25T11:27:13Z
2026-06-25T11:25:56Z,2026-06-25T13:25:56+0200,aad9710e-10ca-4c9d-9467-7720556f4b2e,2026-06-19T11:45:00Z,2026-06-19T13:45:00+0200,49750.36828,MW,DE,DE_LU,forecast_solar_generation,Solar,2026-06-25T11:27:13Z
2026-06-25T11:25:56Z,2026-06-25T13:25:56+0200,aad9710e-10ca-4c9d-9467-7720556f4b2e,2026-06-19T12:00:00Z,2026-06-19T14:00:00+0200,49089.94461,MW,DE,DE_LU,forecast_solar_generation,Solar,2026-06-25T11:27:13Z
2026-06-25T11:25:56Z,2026-06-25T13:25:56+0200,aad9710e-10ca-4c9d-9467-7720556f4b2e,2026-06-19T12:15:00Z,2026-06-19T14:15:00+0200,48316.21807,MW,DE,DE_LU,forecast_solar_generation,Solar,2026-06-25T11:27:13Z
2026-06-25T11:25:56Z,2026-06-25T13:25:56+0200,aad9710e-10ca-4c9d-9467-7720556f4b2e,2026-06-19T12:30:00Z,2026-06-19T14:30:00+0200,47334.2833,MW,DE,DE_LU,forecast_solar_generation,Solar,2026-06-25T11:27:13Z
2026-06-25T11:25:56Z,2026-06-25T13:25:56+0200,aad9710e-10ca-4c9d-9467-7720556f4b2e,2026-06-19T12:45:00Z,2026-06-19T14:45:00+0200,46367.05577,MW,DE,DE_LU,forecast_solar_generation,Solar,2026-06-25T11:27:13Z
2026-06-25T11:25:56Z,2026-06-25T13:25:56+0200,aad9710e-10ca-4c9d-9467-7720556f4b2e,2026-06-19T13:00:00Z,2026-06-19T15:00:00+0200,45181.92323,MW,DE,DE_LU,forecast_solar_generation,Solar,2026-06-25T11:27:13Z
2026-06-25T11:25:56Z,2026-06-25T13:25:56+0200,aad9710e-10ca-4c9d-9467-7720556f4b2e,2026-06-19T13:15:00Z,2026-06-19T15:15:00+0200,43829.27909,MW,DE,DE_LU,forecast_solar_generation,Solar,2026-06-25T11:27:13Z
2026-06-25T11:25:56Z,2026-06-25T13:25:56+0200,aad9710e-10ca-4c9d-9467-7720556f4b2e,2026-06-19T13:30:00Z,2026-06-19T15:30:00+0200,42340.45899,MW,DE,DE_LU,forecast_solar_generation,Solar,2026-06-25T11:27:13Z
2026-06-25T11:25:56Z,2026-06-25T13:25:56+0200,aad9710e-10ca-4c9d-9467-7720556f4b2e,2026-06-19T13:45:00Z,2026-06-19T15:45:00+0200,40825.45808,MW,DE,DE_LU,forecast_solar_generation,Solar,2026-06-25T11:27:13Z
2026-06-25T11:25:56Z,2026-06-25T13:25:56+0200,aad9710e-10ca-4c9d-9467-7720556f4b2e,2026-06-19T14:00:00Z,2026-06-19T16:00:00+0200,39189.58536,MW,DE,DE_LU,forecast_solar_generation,Solar,2026-06-25T11:27:13Z
2026-06-25T11:25:56Z,2026-06-25T13:25:56+0200,aad9710e-10ca-4c9d-9467-7720556f4b2e,2026-06-19T14:15:00Z,2026-06-19T16:15:00+0200,37353.6907,MW,DE,DE_LU,forecast_solar_generation,Solar,2026-06-25T11:27:13Z
2026-06-25T11:25:56Z,2026-06-25T13:25:56+0200,aad9710e-10ca-4c9d-9467-7720556f4b2e,2026-06-19T14:30:00Z,2026-06-19T16:30:00+0200,35385.15619,MW,DE,DE_LU,forecast_solar_generation,Solar,2026-06-25T11:27:13Z
2026-06-25T11:25:56Z,2026-06-25T13:25:56+0200,aad9710e-10ca-4c9d-9467-7720556f4b2e,2026-06-19T14:45:00Z,2026-06-19T16:45:00+0200,33275.89214,MW,DE,DE_LU,forecast_solar_generation,Solar,2026-06-25T11:27:13Z
2026-06-25T11:25:56Z,2026-06-25T13:25:56+0200,aad9710e-10ca-4c9d-9467-7720556f4b2e,2026-06-19T15:00:00Z,2026-06-19T17:00:00+0200,31042.49574,MW,DE,DE_LU,forecast_solar_generation,Solar,2026-06-25T11:27:13Z
2026-06-25T11:25:56Z,2026-06-25T13:25:56+0200,aad9710e-10ca-4c9d-9467-7720556f4b2e,2026-06-19T15:15:00Z,2026-06-19T17:15:00+0200,28687.47998,MW,DE,DE_LU,forecast_solar_generation,Solar,2026-06-25T11:27:13Z
2026-06-25T11:25:56Z,2026-06-25T13:25:56+0200,aad9710e-10ca-4c9d-9467-7720556f4b2e,2026-06-19T15:30:00Z,2026-06-19T17:30:00+0200,26241.01841,MW,DE,DE_LU,forecast_solar_generation,Solar,2026-06-25T11:27:13Z
2026-06-25T11:25:56Z,2026-06-25T13:25:56+0200,aad9710e-10ca-4c9d-9467-7720556f4b2e,2026-06-19T15:45:00Z,2026-06-19T17:45:00+0200,23753.11727,MW,DE,DE_LU,forecast_solar_generation,Solar,2026-06-25T11:27:13Z
2026-06-25T11:25:56Z,2026-06-25T13:25:56+0200,aad9710e-10ca-4c9d-9467-7720556f4b2e,2026-06-19T16:00:00Z,2026-06-19T18:00:00+0200,21194.31265,MW,DE,DE_LU,forecast_solar_generation,Solar,2026-06-25T11:27:13Z
2026-06-25T11:25:56Z,2026-06-25T13:25:56+0200,aad9710e-10ca-4c9d-9467-7720556f4b2e,2026-06-19T16:15:00Z,2026-06-19T18:15:00+0200,18616.91683,MW,DE,DE_LU,forecast_solar_generation,Solar,2026-06-25T11:27:13Z
2026-06-25T11:25:56Z,2026-06-25T13:25:56+0200,aad9710e-10ca-4c9d-9467-7720556f4b2e,2026-06-19T16:30:00Z,2026-06-19T18:30:00+0200,16053.18976,MW,DE,DE_LU,forecast_solar_generation,Solar,2026-06-25T11:27:13Z
2026-06-25T11:25:56Z,2026-06-25T13:25:56+0200,aad9710e-10ca-4c9d-9467-7720556f4b2e,2026-06-19T16:45:00Z,2026-06-19T18:45:00+0200,13579.32318,MW,DE,DE_LU,forecast_solar_generation,Solar,2026-06-25T11:27:13Z
2026-06-25T11:25:56Z,2026-06-25T13:25:56+0200,aad9710e-10ca-4c9d-9467-7720556f4b2e,2026-06-19T17:00:00Z,2026-06-19T19:00:00+0200,11236.65555,MW,DE,DE_LU,forecast_solar_generation,Solar,2026-06-25T11:27:13Z
2026-06-25T11:25:56Z,2026-06-25T13:25:56+0200,aad9710e-10ca-4c9d-9467-7720556f4b2e,2026-06-19T17:15:00Z,2026-06-19T19:15:00+0200,9085.94248,MW,DE,DE_LU,forecast_solar_generation,Solar,2026-06-25T11:27:13Z
2026-06-25T11:25:56Z,2026-06-25T13:25:56+0200,aad9710e-10ca-4c9d-9467-7720556f4b2e,2026-06-19T17:30:00Z,2026-06-19T19:30:00+0200,7220.28752,MW,DE,DE_LU,forecast_solar_generation,Solar,2026-06-25T11:27:13Z
2026-06-25T11:25:56Z,2026-06-25T13:25:56+0200,aad9710e-10ca-4c9d-9467-7720556f4b2e,2026-06-19T17:45:00Z,2026-06-19T19:45:00+0200,5628.59397,MW,DE,DE_LU,forecast_solar_generation,Solar,2026-06-25T11:27:13Z
2026-06-25T11:25:56Z,2026-06-25T13:25:56+0200,aad9710e-10ca-4c9d-9467-7720556f4b2e,2026-06-19T18:00:00Z,2026-06-19T20:00:00+0200,4243.4981,MW,DE,DE_LU,forecast_solar_generation,Solar,2026-06-25T11:27:13Z
2026-06-25T11:25:56Z,2026-06-25T13:25:56+0200,aad9710e-10ca-4c9d-9467-7720556f4b2e,2026-06-19T18:15:00Z,2026-06-19T20:15:00+0200,3044.44281,MW,DE,DE_LU,forecast_solar_generation,Solar,2026-06-25T11:27:13Z
2026-06-25T11:25:56Z,2026-06-25T13:25:56+0200,aad9710e-10ca-4c9d-9467-7720556f4b2e,2026-06-19T18:30:00Z,2026-06-19T20:30:00+0200,2021.2359,MW,DE,DE_LU,forecast_solar_generation,Solar,2026-06-25T11:27:13Z
2026-06-25T11:25:56Z,2026-06-25T13:25:56+0200,aad9710e-10ca-4c9d-9467-7720556f4b2e,2026-06-19T18:45:00Z,2026-06-19T20:45:00+0200,1203.34895,MW,DE,DE_LU,forecast_solar_generation,Solar,2026-06-25T11:27:13Z
2026-06-25T11:25:56Z,2026-06-25T13:25:56+0200,aad9710e-10ca-4c9d-9467-7720556f4b2e,2026-06-19T19:00:00Z,2026-06-19T21:00:00+0200,608.65232,MW,DE,DE_LU,forecast_solar_generation,Solar,2026-06-25T11:27:13Z
2026-06-25T11:25:56Z,2026-06-25T13:25:56+0200,aad9710e-10ca-4c9d-9467-7720556f4b2e,2026-06-19T19:15:00Z,2026-06-19T21:15:00+0200,244.78673,MW,DE,DE_LU,forecast_solar_generation,Solar,2026-06-25T11:27:13Z
2026-06-25T11:25:56Z,2026-06-25T13:25:56+0200,aad9710e-10ca-4c9d-9467-7720556f4b2e,2026-06-19T19:30:00Z,2026-06-19T21:30:00+0200,80.411,MW,DE,DE_LU,forecast_solar_generation,Solar,2026-06-25T11:27:13Z
2026-06-25T11:25:56Z,2026-06-25T13:25:56+0200,aad9710e-10ca-4c9d-9467-7720556f4b2e,2026-06-19T19:45:00Z,2026-06-19T21:45:00+0200,26.70486,MW,DE,DE_LU,forecast_solar_generation,Solar,2026-06-25T11:27:13Z
2026-06-25T11:25:56Z,2026-06-25T13:25:56+0200,aad9710e-10ca-4c9d-9467-7720556f4b2e,2026-06-19T20:00:00Z,2026-06-19T22:00:00+0200,9.499,MW,DE,DE_LU,forecast_solar_generation,Solar,2026-06-25T11:27:13Z
2026-06-25T11:25:56Z,2026-06-25T13:25:56+0200,aad9710e-10ca-4c9d-9467-7720556f4b2e,2026-06-19T20:15:00Z,2026-06-19T22:15:00+0200,0.0,MW,DE,DE_LU,forecast_solar_generation,Solar,2026-06-25T11:27:13Z
2026-06-25T11:25:56Z,2026-06-25T13:25:56+0200,aad9710e-10ca-4c9d-9467-7720556f4b2e,2026-06-19T20:30:00Z,2026-06-19T22:30:00+0200,0.0,MW,DE,DE_LU,forecast_solar_generation,Solar,2026-06-25T11:27:13Z
2026-06-25T11:25:56Z,2026-06-25T13:25:56+0200,aad9710e-10ca-4c9d-9467-7720556f4b2e,2026-06-19T20:45:00Z,2026-06-19T22:45:00+0200,0.0,MW,DE,DE_LU,forecast_solar_generation,Solar,2026-06-25T11:27:13Z
2026-06-25T11:25:56Z,2026-06-25T13:25:56+0200,aad9710e-10ca-4c9d-9467-7720556f4b2e,2026-06-19T21:00:00Z,2026-06-19T23:00:00+0200,0.0,MW,DE,DE_LU,forecast_solar_generation,Solar,2026-06-25T11:27:13Z
2026-06-25T11:25:56Z,2026-06-25T13:25:56+0200,aad9710e-10ca-4c9d-9467-7720556f4b2e,2026-06-19T21:15:00Z,2026-06-19T23:15:00+0200,0.0,MW,DE,DE_LU,forecast_solar_generation,Solar,2026-06-25T11:27:13Z
2026-06-25T11:25:56Z,2026-06-25T13:25:56+0200,aad9710e-10ca-4c9d-9467-7720556f4b2e,2026-06-19T21:30:00Z,2026-06-19T23:30:00+0200,0.0,MW,DE,DE_LU,forecast_solar_generation,Solar,2026-06-25T11:27:13Z
2026-06-25T11:25:56Z,2026-06-25T13:25:56+0200,aad9710e-10ca-4c9d-9467-7720556f4b2e,2026-06-19T21:45:00Z,2026-06-19T23:45:00+0200,0.0,MW,DE,DE_LU,forecast_solar_generation,Solar,2026-06-25T11:27:13Z
2026-06-25T11:25:56Z,2026-06-25T13:25:56+0200,aad9710e-10ca-4c9d-9467-7720556f4b2e,2026-06-19T22:00:00Z,2026-06-20T00:00:00+0200,0.0,MW,DE,DE_LU,forecast_solar_generation,Solar,2026-06-25T11:27:13Z
2026-06-25T11:25:56Z,2026-06-25T13:25:56+0200,aad9710e-10ca-4c9d-9467-7720556f4b2e,2026-06-19T22:15:00Z,2026-06-20T00:15:00+0200,0.0,MW,DE,DE_LU,forecast_solar_generation,Solar,2026-06-25T11:27:13Z
2026-06-25T11:25:56Z,2026-06-25T13:25:56+0200,aad9710e-10ca-4c9d-9467-7720556f4b2e,2026-06-19T22:30:00Z,2026-06-20T00:30:00+0200,0.0,MW,DE,DE_LU,forecast_solar_generation,Solar,2026-06-25T11:27:13Z
2026-06-25T11:25:56Z,2026-06-25T13:25:56+0200,aad9710e-10ca-4c9d-9467-7720556f4b2e,2026-06-19T22:45:00Z,2026-06-20T00:45:00+0200,0.0,MW,DE,DE_LU,forecast_solar_generation,Solar,2026-06-25T11:27:13Z
2026-06-25T11:25:56Z,2026-06-25T13:25:56+0200,aad9710e-10ca-4c9d-9467-7720556f4b2e,2026-06-19T23:00:00Z,2026-06-20T01:00:00+0200,0.0,MW,DE,DE_LU,forecast_solar_generation,Solar,2026-06-25T11:27:13Z
2026-06-25T11:25:56Z,2026-06-25T13:25:56+0200,aad9710e-10ca-4c9d-9467-7720556f4b2e,2026-06-19T23:15:00Z,2026-06-20T01:15:00+0200,0.0,MW,DE,DE_LU,forecast_solar_generation,Solar,2026-06-25T11:27:13Z
2026-06-25T11:25:56Z,2026-06-25T13:25:56+0200,aad9710e-10ca-4c9d-9467-7720556f4b2e,2026-06-19T23:30:00Z,2026-06-20T01:30:00+0200,0.0,MW,DE,DE_LU,forecast_solar_generation,Solar,2026-06-25T11:27:13Z
2026-06-25T11:25:56Z,2026-06-25T13:25:56+0200,aad9710e-10ca-4c9d-9467-7720556f4b2e,2026-06-19T23:45:00Z,2026-06-20T01:45:00+0200,0.0,MW,DE,DE_LU,forecast_solar_generation,Solar,2026-06-25T11:27:13Z
2026-06-25T11:25:56Z,2026-06-25T13:25:56+0200,aad9710e-10ca-4c9d-9467-7720556f4b2e,2026-06-20T00:00:00Z,2026-06-20T02:00:00+0200,0.0,MW,DE,DE_LU,forecast_solar_generation,Solar,2026-06-25T11:27:13Z
2026-06-25T11:25:56Z,2026-06-25T13:25:56+0200,aad9710e-10ca-4c9d-9467-7720556f4b2e,2026-06-20T00:15:00Z,2026-06-20T02:15:00+0200,0.0,MW,DE,DE_LU,forecast_solar_generation,Solar,2026-06-25T11:27:13Z
2026-06-25T11:25:56Z,2026-06-25T13:25:56+0200,aad9710e-10ca-4c9d-9467-7720556f4b2e,2026-06-20T00:30:00Z,2026-06-20T02:30:00+0200,0.0,MW,DE,DE_LU,forecast_solar_generation,Solar,2026-06-25T11:27:13Z
2026-06-25T11:25:56Z,2026-06-25T13:25:56+0200,aad9710e-10ca-4c9d-9467-7720556f4b2e,2026-06-20T00:45:00Z,2026-06-20T02:45:00+0200,0.0,MW,DE,DE_LU,forecast_solar_generation,Solar,2026-06-25T11:27:13Z
2026-06-25T11:25:56Z,2026-06-25T13:25:56+0200,aad9710e-10ca-4c9d-9467-7720556f4b2e,2026-06-20T01:00:00Z,2026-06-20T03:00:00+0200,0.0,MW,DE,DE_LU,forecast_solar_generation,Solar,2026-06-25T11:27:13Z
2026-06-25T11:25:56Z,2026-06-25T13:25:56+0200,aad9710e-10ca-4c9d-9467-7720556f4b2e,2026-06-20T01:15:00Z,2026-06-20T03:15:00+0200,0.0,MW,DE,DE_LU,forecast_solar_generation,Solar,2026-06-25T11:27:13Z
2026-06-25T11:25:56Z,2026-06-25T13:25:56+0200,aad9710e-10ca-4c9d-9467-7720556f4b2e,2026-06-20T01:30:00Z,2026-06-20T03:30:00+0200,0.0,MW,DE,DE_LU,forecast_solar_generation,Solar,2026-06-25T11:27:13Z
2026-06-25T11:25:56Z,2026-06-25T13:25:56+0200,aad9710e-10ca-4c9d-9467-7720556f4b2e,2026-06-20T01:45:00Z,2026-06-20T03:45:00+0200,0.0,MW,DE,DE_LU,forecast_solar_generation,Solar,2026-06-25T11:27:13Z
2026-06-25T11:25:56Z,2026-06-25T13:25:56+0200,aad9710e-10ca-4c9d-9467-7720556f4b2e,2026-06-20T02:00:00Z,2026-06-20T04:00:00+0200,0.0,MW,DE,DE_LU,forecast_solar_generation,Solar,2026-06-25T11:27:13Z
2026-06-25T11:25:56Z,2026-06-25T13:25:56+0200,aad9710e-10ca-4c9d-9467-7720556f4b2e,2026-06-20T02:15:00Z,2026-06-20T04:15:00+0200,0.0,MW,DE,DE_LU,forecast_solar_generation,Solar,2026-06-25T11:27:13Z
2026-06-25T11:25:56Z,2026-06-25T13:25:56+0200,aad9710e-10ca-4c9d-9467-7720556f4b2e,2026-06-20T02:30:00Z,2026-06-20T04:30:00+0200,0.93,MW,DE,DE_LU,forecast_solar_generation,Solar,2026-06-25T11:27:13Z
2026-06-25T11:25:56Z,2026-06-25T13:25:56+0200,aad9710e-10ca-4c9d-9467-7720556f4b2e,2026-06-20T02:45:00Z,2026-06-20T04:45:00+0200,29.16951,MW,DE,DE_LU,forecast_solar_generation,Solar,2026-06-25T11:27:13Z
2026-06-25T11:25:56Z,2026-06-25T13:25:56+0200,aad9710e-10ca-4c9d-9467-7720556f4b2e,2026-06-20T03:00:00Z,2026-06-20T05:00:00+0200,131.60154,MW,DE,DE_LU,forecast_solar_generation,Solar,2026-06-25T11:27:13Z
2026-06-25T11:25:56Z,2026-06-25T13:25:56+0200,aad9710e-10ca-4c9d-9467-7720556f4b2e,2026-06-20T03:15:00Z,2026-06-20T05:15:00+0200,403.94191,MW,DE,DE_LU,forecast_solar_generation,Solar,2026-06-25T11:27:13Z
2026-06-25T11:25:56Z,2026-06-25T13:25:56+0200,aad9710e-10ca-4c9d-9467-7720556f4b2e,2026-06-20T03:30:00Z,2026-06-20T05:30:00+0200,842.36184,MW,DE,DE_LU,forecast_solar_generation,Solar,2026-06-25T11:27:13Z
2026-06-25T11:25:56Z,2026-06-25T13:25:56+0200,aad9710e-10ca-4c9d-9467-7720556f4b2e,2026-06-20T03:45:00Z,2026-06-20T05:45:00+0200,1529.85695,MW,DE,DE_LU,forecast_solar_generation,Solar,2026-06-25T11:27:13Z
2026-06-25T11:25:56Z,2026-06-25T13:25:56+0200,aad9710e-10ca-4c9d-9467-7720556f4b2e,2026-06-20T04:00:00Z,2026-06-20T06:00:00+0200,2467.84439,MW,DE,DE_LU,forecast_solar_generation,Solar,2026-06-25T11:27:13Z
2026-06-25T11:25:56Z,2026-06-25T13:25:56+0200,aad9710e-10ca-4c9d-9467-7720556f4b2e,2026-06-20T04:15:00Z,2026-06-20T06:15:00+0200,3623.22732,MW,DE,DE_LU,forecast_solar_generation,Solar,2026-06-25T11:27:13Z
2026-06-25T11:25:56Z,2026-06-25T13:25:56+0200,aad9710e-10ca-4c9d-9467-7720556f4b2e,2026-06-20T04:30:00Z,2026-06-20T06:30:00+0200,4972.56544,MW,DE,DE_LU,forecast_solar_generation,Solar,2026-06-25T11:27:13Z
2026-06-25T11:25:56Z,2026-06-25T13:25:56+0200,aad9710e-10ca-4c9d-9467-7720556f4b2e,2026-06-20T04:45:00Z,2026-06-20T06:45:00+0200,6522.4634,MW,DE,DE_LU,forecast_solar_generation,Solar,2026-06-25T11:27:13Z
2026-06-25T11:25:56Z,2026-06-25T13:25:56+0200,aad9710e-10ca-4c9d-9467-7720556f4b2e,2026-06-20T05:00:00Z,2026-06-20T07:00:00+0200,8276.96855,MW,DE,DE_LU,forecast_solar_generation,Solar,2026-06-25T11:27:13Z
2026-06-25T11:25:56Z,2026-06-25T13:25:56+0200,aad9710e-10ca-4c9d-9467-7720556f4b2e,2026-06-20T05:15:00Z,2026-06-20T07:15:00+0200,10267.35999,MW,DE,DE_LU,forecast_solar_generation,Solar,2026-06-25T11:27:13Z
2026-06-25T11:25:56Z,2026-06-25T13:25:56+0200,aad9710e-10ca-4c9d-9467-7720556f4b2e,2026-06-20T05:30:00Z,2026-06-20T07:30:00+0200,12468.37686,MW,DE,DE_LU,forecast_solar_generation,Solar,2026-06-25T11:27:13Z
2026-06-25T11:25:56Z,2026-06-25T13:25:56+0200,aad9710e-10ca-4c9d-9467-7720556f4b2e,2026-06-20T05:45:00Z,2026-06-20T07:45:00+0200,14812.11513,MW,DE,DE_LU,forecast_solar_generation,Solar,2026-06-25T11:27:13Z
2026-06-25T11:25:56Z,2026-06-25T13:25:56+0200,aad9710e-10ca-4c9d-9467-7720556f4b2e,2026-06-20T06:00:00Z,2026-06-20T08:00:00+0200,17238.02122,MW,DE,DE_LU,forecast_solar_generation,Solar,2026-06-25T11:27:13Z
2026-06-25T11:25:56Z,2026-06-25T13:25:56+0200,aad9710e-10ca-4c9d-9467-7720556f4b2e,2026-06-20T06:15:00Z,2026-06-20T08:15:00+0200,19702.11486,MW,DE,DE_LU,forecast_solar_generation,Solar,2026-06-25T11:27:13Z
2026-06-25T11:25:56Z,2026-06-25T13:25:56+0200,aad9710e-10ca-4c9d-9467-7720556f4b2e,2026-06-20T06:30:00Z,2026-06-20T08:30:00+0200,22205.04247,MW,DE,DE_LU,forecast_solar_generation,Solar,2026-06-25T11:27:13Z
2026-06-25T11:25:56Z,2026-06-25T13:25:56+0200,aad9710e-10ca-4c9d-9467-7720556f4b2e,2026-06-20T06:45:00Z,2026-06-20T08:45:00+0200,24706.05938,MW,DE,DE_LU,forecast_solar_generation,Solar,2026-06-25T11:27:13Z
2026-06-25T11:25:56Z,2026-06-25T13:25:56+0200,aad9710e-10ca-4c9d-9467-7720556f4b2e,2026-06-20T07:00:00Z,2026-06-20T09:00:00+0200,27168.73437,MW,DE,DE_LU,forecast_solar_generation,Solar,2026-06-25T11:27:13Z
2026-06-25T11:25:56Z,2026-06-25T13:25:56+0200,aad9710e-10ca-4c9d-9467-7720556f4b2e,2026-06-20T07:15:00Z,2026-06-20T09:15:00+0200,29601.85949,MW,DE,DE_LU,forecast_solar_generation,Solar,2026-06-25T11:27:13Z
2026-06-25T11:25:56Z,2026-06-25T13:25:56+0200,aad9710e-10ca-4c9d-9467-7720556f4b2e,2026-06-20T07:30:00Z,2026-06-20T09:30:00+0200,31933.48378,MW,DE,DE_LU,forecast_solar_generation,Solar,2026-06-25T11:27:13Z
2026-06-25T11:25:56Z,2026-06-25T13:25:56+0200,aad9710e-10ca-4c9d-9467-7720556f4b2e,2026-06-20T07:45:00Z,2026-06-20T09:45:00+0200,34091.7445,MW,DE,DE_LU,forecast_solar_generation,Solar,2026-06-25T11:27:13Z
2026-06-25T11:25:56Z,2026-06-25T13:25:56+0200,aad9710e-10ca-4c9d-9467-7720556f4b2e,2026-06-20T08:00:00Z,2026-06-20T10:00:00+0200,36068.28465,MW,DE,DE_LU,forecast_solar_generation,Solar,2026-06-25T11:27:13Z
2026-06-25T11:25:56Z,2026-06-25T13:25:56+0200,aad9710e-10ca-4c9d-9467-7720556f4b2e,2026-06-20T08:15:00Z,2026-06-20T10:15:00+0200,37841.58005,MW,DE,DE_LU,forecast_solar_generation,Solar,2026-06-25T11:27:13Z
2026-06-25T11:25:56Z,2026-06-25T13:25:56+0200,aad9710e-10ca-4c9d-9467-7720556f4b2e,2026-06-20T08:30:00Z,2026-06-20T10:30:00+0200,39455.07868,MW,DE,DE_LU,forecast_solar_generation,Solar,2026-06-25T11:27:13Z
2026-06-25T11:25:56Z,2026-06-25T13:25:56+0200,aad9710e-10ca-4c9d-9467-7720556f4b2e,2026-06-20T08:45:00Z,2026-06-20T10:45:00+0200,40934.61931,MW,DE,DE_LU,forecast_solar_generation,Solar,2026-06-25T11:27:13Z
2026-06-25T11:25:56Z,2026-06-25T13:25:56+0200,aad9710e-10ca-4c9d-9467-7720556f4b2e,2026-06-20T09:00:00Z,2026-06-20T11:00:00+0200,42312.99322,MW,DE,DE_LU,forecast_solar_generation,Solar,2026-06-25T11:27:13Z
2026-06-25T11:25:56Z,2026-06-25T13:25:56+0200,aad9710e-10ca-4c9d-9467-7720556f4b2e,2026-06-20T09:15:00Z,2026-06-20T11:15:00+0200,43541.33015,MW,DE,DE_LU,forecast_solar_generation,Solar,2026-06-25T11:27:13Z
2026-06-25T11:25:56Z,2026-06-25T13:25:56+0200,aad9710e-10ca-4c9d-9467-7720556f4b2e,2026-06-20T09:30:00Z,2026-06-20T11:30:00+0200,44628.69035,MW,DE,DE_LU,forecast_solar_generation,Solar,2026-06-25T11:27:13Z
2026-06-25T11:25:56Z,2026-06-25T13:25:56+0200,aad9710e-10ca-4c9d-9467-7720556f4b2e,2026-06-20T09:45:00Z,2026-06-20T11:45:00+0200,45552.68531,MW,DE,DE_LU,forecast_solar_generation,Solar,2026-06-25T11:27:13Z
2026-06-25T11:25:56Z,2026-06-25T13:25:56+0200,aad9710e-10ca-4c9d-9467-7720556f4b2e,2026-06-20T10:00:00Z,2026-06-20T12:00:00+0200,46292.6736,MW,DE,DE_LU,forecast_solar_generation,Solar,2026-06-25T11:27:13Z
2026-06-25T11:25:56Z,2026-06-25T13:25:56+0200,aad9710e-10ca-4c9d-9467-7720556f4b2e,2026-06-20T10:15:00Z,2026-06-20T12:15:00+0200,46813.68549,MW,DE,DE_LU,forecast_solar_generation,Solar,2026-06-25T11:27:13Z
2026-06-25T11:25:56Z,2026-06-25T13:25:56+0200,aad9710e-10ca-4c9d-9467-7720556f4b2e,2026-06-20T10:30:00Z,2026-06-20T12:30:00+0200,47140.08915,MW,DE,DE_LU,forecast_solar_generation,Solar,2026-06-25T11:27:13Z
2026-06-25T11:25:56Z,2026-06-25T13:25:56+0200,aad9710e-10ca-4c9d-9467-7720556f4b2e,2026-06-20T10:45:00Z,2026-06-20T12:45:00+0200,47336.56149,MW,DE,DE_LU,forecast_solar_generation,Solar,2026-06-25T11:27:13Z
2026-06-25T11:25:56Z,2026-06-25T13:25:56+0200,aad9710e-10ca-4c9d-9467-7720556f4b2e,2026-06-20T11:00:00Z,2026-06-20T13:00:00+0200,47366.48107,MW,DE,DE_LU,forecast_solar_generation,Solar,2026-06-25T11:27:13Z
2026-06-25T11:25:56Z,2026-06-25T13:25:56+0200,aad9710e-10ca-4c9d-9467-7720556f4b2e,2026-06-20T11:15:00Z,2026-06-20T13:15:00+0200,47235.97751,MW,DE,DE_LU,forecast_solar_generation,Solar,2026-06-25T11:27:13Z
2026-06-25T11:25:56Z,2026-06-25T13:25:56+0200,aad9710e-10ca-4c9d-9467-7720556f4b2e,2026-06-20T11:30:00Z,2026-06-20T13:30:00+0200,46935.91381,MW,DE,DE_LU,forecast_solar_generation,Solar,2026-06-25T11:27:13Z
2026-06-25T11:25:56Z,2026-06-25T13:25:56+0200,aad9710e-10ca-4c9d-9467-7720556f4b2e,2026-06-20T11:45:00Z,2026-06-20T13:45:00+0200,46464.71105,MW,DE,DE_LU,forecast_solar_generation,Solar,2026-06-25T11:27:13Z
2026-06-25T11:25:56Z,2026-06-25T13:25:56+0200,aad9710e-10ca-4c9d-9467-7720556f4b2e,2026-06-20T12:00:00Z,2026-06-20T14:00:00+0200,45882.33695,MW,DE,DE_LU,forecast_solar_generation,Solar,2026-06-25T11:27:13Z
2026-06-25T11:25:56Z,2026-06-25T13:25:56+0200,aad9710e-10ca-4c9d-9467-7720556f4b2e,2026-06-20T12:15:00Z,2026-06-20T14:15:00+0200,45221.54183,MW,DE,DE_LU,forecast_solar_generation,Solar,2026-06-25T11:27:13Z
2026-06-25T11:25:56Z,2026-06-25T13:25:56+0200,aad9710e-10ca-4c9d-9467-7720556f4b2e,2026-06-20T12:30:00Z,2026-06-20T14:30:00+0200,44475.02631,MW,DE,DE_LU,forecast_solar_generation,Solar,2026-06-25T11:27:13Z
2026-06-25T11:25:56Z,2026-06-25T13:25:56+0200,aad9710e-10ca-4c9d-9467-7720556f4b2e,2026-06-20T12:45:00Z,2026-06-20T14:45:00+0200,43627.94125,MW,DE,DE_LU,forecast_solar_generation,Solar,2026-06-25T11:27:13Z
2026-06-25T11:25:56Z,2026-06-25T13:25:56+0200,aad9710e-10ca-4c9d-9467-7720556f4b2e,2026-06-20T13:00:00Z,2026-06-20T15:00:00+0200,42537.11929,MW,DE,DE_LU,forecast_solar_generation,Solar,2026-06-25T11:27:13Z
2026-06-25T11:25:56Z,2026-06-25T13:25:56+0200,aad9710e-10ca-4c9d-9467-7720556f4b2e,2026-06-20T13:15:00Z,2026-06-20T15:15:00+0200,41353.60175,MW,DE,DE_LU,forecast_solar_generation,Solar,2026-06-25T11:27:13Z
2026-06-25T11:25:56Z,2026-06-25T13:25:56+0200,aad9710e-10ca-4c9d-9467-7720556f4b2e,2026-06-20T13:30:00Z,2026-06-20T15:30:00+0200,40089.41429,MW,DE,DE_LU,forecast_solar_generation,Solar,2026-06-25T11:27:13Z
2026-06-25T11:25:56Z,2026-06-25T13:25:56+0200,aad9710e-10ca-4c9d-9467-7720556f4b2e,2026-06-20T13:45:00Z,2026-06-20T15:45:00+0200,38736.89248,MW,DE,DE_LU,forecast_solar_generation,Solar,2026-06-25T11:27:13Z
2026-06-25T11:25:56Z,2026-06-25T13:25:56+0200,aad9710e-10ca-4c9d-9467-7720556f4b2e,2026-06-20T14:00:00Z,2026-06-20T16:00:00+0200,37233.12127,MW,DE,DE_LU,forecast_solar_generation,Solar,2026-06-25T11:27:13Z
2026-06-25T11:25:56Z,2026-06-25T13:25:56+0200,aad9710e-10ca-4c9d-9467-7720556f4b2e,2026-06-20T14:15:00Z,2026-06-20T16:15:00+0200,35553.01679,MW,DE,DE_LU,forecast_solar_generation,Solar,2026-06-25T11:27:13Z
2026-06-25T11:25:56Z,2026-06-25T13:25:56+0200,aad9710e-10ca-4c9d-9467-7720556f4b2e,2026-06-20T14:30:00Z,2026-06-20T16:30:00+0200,33810.48906,MW,DE,DE_LU,forecast_solar_generation,Solar,2026-06-25T11:27:13Z
2026-06-25T11:25:56Z,2026-06-25T13:25:56+0200,aad9710e-10ca-4c9d-9467-7720556f4b2e,2026-06-20T14:45:00Z,2026-06-20T16:45:00+0200,31879.49464,MW,DE,DE_LU,forecast_solar_generation,Solar,2026-06-25T11:27:13Z
2026-06-25T11:25:56Z,2026-06-25T13:25:56+0200,aad9710e-10ca-4c9d-9467-7720556f4b2e,2026-06-20T15:00:00Z,2026-06-20T17:00:00+0200,29822.30383,MW,DE,DE_LU,forecast_solar_generation,Solar,2026-06-25T11:27:13Z
2026-06-25T11:25:56Z,2026-06-25T13:25:56+0200,aad9710e-10ca-4c9d-9467-7720556f4b2e,2026-06-20T15:15:00Z,2026-06-20T17:15:00+0200,27657.12229,MW,DE,DE_LU,forecast_solar_generation,Solar,2026-06-25T11:27:13Z
2026-06-25T11:25:56Z,2026-06-25T13:25:56+0200,aad9710e-10ca-4c9d-9467-7720556f4b2e,2026-06-20T15:30:00Z,2026-06-20T17:30:00+0200,25385.76061,MW,DE,DE_LU,forecast_solar_generation,Solar,2026-06-25T11:27:13Z
2026-06-25T11:25:56Z,2026-06-25T13:25:56+0200,aad9710e-10ca-4c9d-9467-7720556f4b2e,2026-06-20T15:45:00Z,2026-06-20T17:45:00+0200,23096.814,MW,DE,DE_LU,forecast_solar_generation,Solar,2026-06-25T11:27:13Z
2026-06-25T11:25:56Z,2026-06-25T13:25:56+0200,aad9710e-10ca-4c9d-9467-7720556f4b2e,2026-06-20T16:00:00Z,2026-06-20T18:00:00+0200,20748.45749,MW,DE,DE_LU,forecast_solar_generation,Solar,2026-06-25T11:27:13Z
2026-06-25T11:25:56Z,2026-06-25T13:25:56+0200,aad9710e-10ca-4c9d-9467-7720556f4b2e,2026-06-20T16:15:00Z,2026-06-20T18:15:00+0200,18377.27996,MW,DE,DE_LU,forecast_solar_generation,Solar,2026-06-25T11:27:13Z
2026-06-25T11:25:56Z,2026-06-25T13:25:56+0200,aad9710e-10ca-4c9d-9467-7720556f4b2e,2026-06-20T16:30:00Z,2026-06-20T18:30:00+0200,16007.5078,MW,DE,DE_LU,forecast_solar_generation,Solar,2026-06-25T11:27:13Z
2026-06-25T11:25:56Z,2026-06-25T13:25:56+0200,aad9710e-10ca-4c9d-9467-7720556f4b2e,2026-06-20T16:45:00Z,2026-06-20T18:45:00+0200,13680.66375,MW,DE,DE_LU,forecast_solar_generation,Solar,2026-06-25T11:27:13Z
2026-06-25T11:25:56Z,2026-06-25T13:25:56+0200,aad9710e-10ca-4c9d-9467-7720556f4b2e,2026-06-20T17:00:00Z,2026-06-20T19:00:00+0200,11439.53628,MW,DE,DE_LU,forecast_solar_generation,Solar,2026-06-25T11:27:13Z
2026-06-25T11:25:56Z,2026-06-25T13:25:56+0200,aad9710e-10ca-4c9d-9467-7720556f4b2e,2026-06-20T17:15:00Z,2026-06-20T19:15:00+0200,9327.50156,MW,DE,DE_LU,forecast_solar_generation,Solar,2026-06-25T11:27:13Z
2026-06-25T11:25:56Z,2026-06-25T13:25:56+0200,aad9710e-10ca-4c9d-9467-7720556f4b2e,2026-06-20T17:30:00Z,2026-06-20T19:30:00+0200,7437.27203,MW,DE,DE_LU,forecast_solar_generation,Solar,2026-06-25T11:27:13Z
2026-06-25T11:25:56Z,2026-06-25T13:25:56+0200,aad9710e-10ca-4c9d-9467-7720556f4b2e,2026-06-20T17:45:00Z,2026-06-20T19:45:00+0200,5799.76629,MW,DE,DE_LU,forecast_solar_generation,Solar,2026-06-25T11:27:13Z
2026-06-25T11:25:56Z,2026-06-25T13:25:56+0200,aad9710e-10ca-4c9d-9467-7720556f4b2e,2026-06-20T18:00:00Z,2026-06-20T20:00:00+0200,4372.37421,MW,DE,DE_LU,forecast_solar_generation,Solar,2026-06-25T11:27:13Z
2026-06-25T11:25:56Z,2026-06-25T13:25:56+0200,aad9710e-10ca-4c9d-9467-7720556f4b2e,2026-06-20T18:15:00Z,2026-06-20T20:15:00+0200,3137.53614,MW,DE,DE_LU,forecast_solar_generation,Solar,2026-06-25T11:27:13Z
2026-06-25T11:25:56Z,2026-06-25T13:25:56+0200,aad9710e-10ca-4c9d-9467-7720556f4b2e,2026-06-20T18:30:00Z,2026-06-20T20:30:00+0200,2089.76487,MW,DE,DE_LU,forecast_solar_generation,Solar,2026-06-25T11:27:13Z
2026-06-25T11:25:56Z,2026-06-25T13:25:56+0200,aad9710e-10ca-4c9d-9467-7720556f4b2e,2026-06-20T18:45:00Z,2026-06-20T20:45:00+0200,1247.96786,MW,DE,DE_LU,forecast_solar_generation,Solar,2026-06-25T11:27:13Z
2026-06-25T11:25:56Z,2026-06-25T13:25:56+0200,aad9710e-10ca-4c9d-9467-7720556f4b2e,2026-06-20T19:00:00Z,2026-06-20T21:00:00+0200,634.4937,MW,DE,DE_LU,forecast_solar_generation,Solar,2026-06-25T11:27:13Z
2026-06-25T11:25:56Z,2026-06-25T13:25:56+0200,aad9710e-10ca-4c9d-9467-7720556f4b2e,2026-06-20T19:15:00Z,2026-06-20T21:15:00+0200,258.77007,MW,DE,DE_LU,forecast_solar_generation,Solar,2026-06-25T11:27:13Z
2026-06-25T11:25:56Z,2026-06-25T13:25:56+0200,aad9710e-10ca-4c9d-9467-7720556f4b2e,2026-06-20T19:30:00Z,2026-06-20T21:30:00+0200,86.756,MW,DE,DE_LU,forecast_solar_generation,Solar,2026-06-25T11:27:13Z
2026-06-25T11:25:56Z,2026-06-25T13:25:56+0200,aad9710e-10ca-4c9d-9467-7720556f4b2e,2026-06-20T19:45:00Z,2026-06-20T21:45:00+0200,27.50961,MW,DE,DE_LU,forecast_solar_generation,Solar,2026-06-25T11:27:13Z
2026-06-25T11:25:56Z,2026-06-25T13:25:56+0200,aad9710e-10ca-4c9d-9467-7720556f4b2e,2026-06-20T20:00:00Z,2026-06-20T22:00:00+0200,4.546,MW,DE,DE_LU,forecast_solar_generation,Solar,2026-06-25T11:27:13Z
2026-06-25T11:25:56Z,2026-06-25T13:25:56+0200,aad9710e-10ca-4c9d-9467-7720556f4b2e,2026-06-20T20:15:00Z,2026-06-20T22:15:00+0200,0.0,MW,DE,DE_LU,forecast_solar_generation,Solar,2026-06-25T11:27:13Z
2026-06-25T11:25:56Z,2026-06-25T13:25:56+0200,aad9710e-10ca-4c9d-9467-7720556f4b2e,2026-06-20T20:30:00Z,2026-06-20T22:30:00+0200,0.0,MW,DE,DE_LU,forecast_solar_generation,Solar,2026-06-25T11:27:13Z
2026-06-25T11:25:56Z,2026-06-25T13:25:56+0200,aad9710e-10ca-4c9d-9467-7720556f4b2e,2026-06-20T20:45:00Z,2026-06-20T22:45:00+0200,0.0,MW,DE,DE_LU,forecast_solar_generation,Solar,2026-06-25T11:27:13Z
2026-06-25T11:25:56Z,2026-06-25T13:25:56+0200,aad9710e-10ca-4c9d-9467-7720556f4b2e,2026-06-20T21:00:00Z,2026-06-20T23:00:00+0200,0.0,MW,DE,DE_LU,forecast_solar_generation,Solar,2026-06-25T11:27:13Z
2026-06-25T11:25:56Z,2026-06-25T13:25:56+0200,aad9710e-10ca-4c9d-9467-7720556f4b2e,2026-06-20T21:15:00Z,2026-06-20T23:15:00+0200,0.0,MW,DE,DE_LU,forecast_solar_generation,Solar,2026-06-25T11:27:13Z
2026-06-25T11:25:56Z,2026-06-25T13:25:56+0200,aad9710e-10ca-4c9d-9467-7720556f4b2e,2026-06-20T21:30:00Z,2026-06-20T23:30:00+0200,0.0,MW,DE,DE_LU,forecast_solar_generation,Solar,2026-06-25T11:27:13Z
2026-06-25T11:25:56Z,2026-06-25T13:25:56+0200,aad9710e-10ca-4c9d-9467-7720556f4b2e,2026-06-20T21:45:00Z,2026-06-20T23:45:00+0200,0.0,MW,DE,DE_LU,forecast_solar_generation,Solar,2026-06-25T11:27:13Z
2026-06-25T11:25:56Z,2026-06-25T13:25:56+0200,aad9710e-10ca-4c9d-9467-7720556f4b2e,2026-06-20T22:00:00Z,2026-06-21T00:00:00+0200,0.0,MW,DE,DE_LU,forecast_solar_generation,Solar,2026-06-25T11:27:13Z
2026-06-25T11:25:56Z,2026-06-25T13:25:56+0200,aad9710e-10ca-4c9d-9467-7720556f4b2e,2026-06-20T22:15:00Z,2026-06-21T00:15:00+0200,0.0,MW,DE,DE_LU,forecast_solar_generation,Solar,2026-06-25T11:27:13Z
2026-06-25T11:25:56Z,2026-06-25T13:25:56+0200,aad9710e-10ca-4c9d-9467-7720556f4b2e,2026-06-20T22:30:00Z,2026-06-21T00:30:00+0200,0.0,MW,DE,DE_LU,forecast_solar_generation,Solar,2026-06-25T11:27:13Z
2026-06-25T11:25:56Z,2026-06-25T13:25:56+0200,aad9710e-10ca-4c9d-9467-7720556f4b2e,2026-06-20T22:45:00Z,2026-06-21T00:45:00+0200,0.0,MW,DE,DE_LU,forecast_solar_generation,Solar,2026-06-25T11:27:13Z
2026-06-25T11:25:56Z,2026-06-25T13:25:56+0200,aad9710e-10ca-4c9d-9467-7720556f4b2e,2026-06-20T23:00:00Z,2026-06-21T01:00:00+0200,0.0,MW,DE,DE_LU,forecast_solar_generation,Solar,2026-06-25T11:27:13Z
2026-06-25T11:25:56Z,2026-06-25T13:25:56+0200,aad9710e-10ca-4c9d-9467-7720556f4b2e,2026-06-20T23:15:00Z,2026-06-21T01:15:00+0200,0.0,MW,DE,DE_LU,forecast_solar_generation,Solar,2026-06-25T11:27:13Z
2026-06-25T11:25:56Z,2026-06-25T13:25:56+0200,aad9710e-10ca-4c9d-9467-7720556f4b2e,2026-06-20T23:30:00Z,2026-06-21T01:30:00+0200,0.0,MW,DE,DE_LU,forecast_solar_generation,Solar,2026-06-25T11:27:13Z
2026-06-25T11:25:56Z,2026-06-25T13:25:56+0200,aad9710e-10ca-4c9d-9467-7720556f4b2e,2026-06-20T23:45:00Z,2026-06-21T01:45:00+0200,0.0,MW,DE,DE_LU,forecast_solar_generation,Solar,2026-06-25T11:27:13Z
2026-06-25T11:25:56Z,2026-06-25T13:25:56+0200,aad9710e-10ca-4c9d-9467-7720556f4b2e,2026-06-21T00:00:00Z,2026-06-21T02:00:00+0200,0.0,MW,DE,DE_LU,forecast_solar_generation,Solar,2026-06-25T11:27:13Z
2026-06-25T11:25:56Z,2026-06-25T13:25:56+0200,aad9710e-10ca-4c9d-9467-7720556f4b2e,2026-06-21T00:15:00Z,2026-06-21T02:15:00+0200,0.0,MW,DE,DE_LU,forecast_solar_generation,Solar,2026-06-25T11:27:13Z
2026-06-25T11:25:56Z,2026-06-25T13:25:56+0200,aad9710e-10ca-4c9d-9467-7720556f4b2e,2026-06-21T00:30:00Z,2026-06-21T02:30:00+0200,0.0,MW,DE,DE_LU,forecast_solar_generation,Solar,2026-06-25T11:27:13Z
2026-06-25T11:25:56Z,2026-06-25T13:25:56+0200,aad9710e-10ca-4c9d-9467-7720556f4b2e,2026-06-21T00:45:00Z,2026-06-21T02:45:00+0200,0.0,MW,DE,DE_LU,forecast_solar_generation,Solar,2026-06-25T11:27:13Z
2026-06-25T11:25:56Z,2026-06-25T13:25:56+0200,aad9710e-10ca-4c9d-9467-7720556f4b2e,2026-06-21T01:00:00Z,2026-06-21T03:00:00+0200,0.0,MW,DE,DE_LU,forecast_solar_generation,Solar,2026-06-25T11:27:13Z
2026-06-25T11:25:56Z,2026-06-25T13:25:56+0200,aad9710e-10ca-4c9d-9467-7720556f4b2e,2026-06-21T01:15:00Z,2026-06-21T03:15:00+0200,0.0,MW,DE,DE_LU,forecast_solar_generation,Solar,2026-06-25T11:27:13Z
2026-06-25T11:25:56Z,2026-06-25T13:25:56+0200,aad9710e-10ca-4c9d-9467-7720556f4b2e,2026-06-21T01:30:00Z,2026-06-21T03:30:00+0200,0.0,MW,DE,DE_LU,forecast_solar_generation,Solar,2026-06-25T11:27:13Z
2026-06-25T11:25:56Z,2026-06-25T13:25:56+0200,aad9710e-10ca-4c9d-9467-7720556f4b2e,2026-06-21T01:45:00Z,2026-06-21T03:45:00+0200,0.0,MW,DE,DE_LU,forecast_solar_generation,Solar,2026-06-25T11:27:13Z
2026-06-25T11:25:56Z,2026-06-25T13:25:56+0200,aad9710e-10ca-4c9d-9467-7720556f4b2e,2026-06-21T02:00:00Z,2026-06-21T04:00:00+0200,0.0,MW,DE,DE_LU,forecast_solar_generation,Solar,2026-06-25T11:27:13Z
2026-06-25T11:25:56Z,2026-06-25T13:25:56+0200,aad9710e-10ca-4c9d-9467-7720556f4b2e,2026-06-21T02:15:00Z,2026-06-21T04:15:00+0200,0.0,MW,DE,DE_LU,forecast_solar_generation,Solar,2026-06-25T11:27:13Z
2026-06-25T11:25:56Z,2026-06-25T13:25:56+0200,aad9710e-10ca-4c9d-9467-7720556f4b2e,2026-06-21T02:30:00Z,2026-06-21T04:30:00+0200,0.92,MW,DE,DE_LU,forecast_solar_generation,Solar,2026-06-25T11:27:13Z
2026-06-25T11:25:56Z,2026-06-25T13:25:56+0200,aad9710e-10ca-4c9d-9467-7720556f4b2e,2026-06-21T02:45:00Z,2026-06-21T04:45:00+0200,28.52376,MW,DE,DE_LU,forecast_solar_generation,Solar,2026-06-25T11:27:13Z
2026-06-25T11:25:56Z,2026-06-25T13:25:56+0200,aad9710e-10ca-4c9d-9467-7720556f4b2e,2026-06-21T03:00:00Z,2026-06-21T05:00:00+0200,159.55504,MW,DE,DE_LU,forecast_solar_generation,Solar,2026-06-25T11:27:13Z
2026-06-25T11:25:56Z,2026-06-25T13:25:56+0200,aad9710e-10ca-4c9d-9467-7720556f4b2e,2026-06-21T03:15:00Z,2026-06-21T05:15:00+0200,494.09564,MW,DE,DE_LU,forecast_solar_generation,Solar,2026-06-25T11:27:13Z
2026-06-25T11:25:56Z,2026-06-25T13:25:56+0200,aad9710e-10ca-4c9d-9467-7720556f4b2e,2026-06-21T03:30:00Z,2026-06-21T05:30:00+0200,1023.83193,MW,DE,DE_LU,forecast_solar_generation,Solar,2026-06-25T11:27:13Z
2026-06-25T11:25:56Z,2026-06-25T13:25:56+0200,aad9710e-10ca-4c9d-9467-7720556f4b2e,2026-06-21T03:45:00Z,2026-06-21T05:45:00+0200,1783.84001,MW,DE,DE_LU,forecast_solar_generation,Solar,2026-06-25T11:27:13Z
2026-06-25T11:25:56Z,2026-06-25T13:25:56+0200,aad9710e-10ca-4c9d-9467-7720556f4b2e,2026-06-21T04:00:00Z,2026-06-21T06:00:00+0200,2792.89442,MW,DE,DE_LU,forecast_solar_generation,Solar,2026-06-25T11:27:13Z
2026-06-25T11:25:56Z,2026-06-25T13:25:56+0200,aad9710e-10ca-4c9d-9467-7720556f4b2e,2026-06-21T04:15:00Z,2026-06-21T06:15:00+0200,4017.37816,MW,DE,DE_LU,forecast_solar_generation,Solar,2026-06-25T11:27:13Z
2026-06-25T11:25:56Z,2026-06-25T13:25:56+0200,aad9710e-10ca-4c9d-9467-7720556f4b2e,2026-06-21T04:30:00Z,2026-06-21T06:30:00+0200,5439.25771,MW,DE,DE_LU,forecast_solar_generation,Solar,2026-06-25T11:27:13Z
2026-06-25T11:25:56Z,2026-06-25T13:25:56+0200,aad9710e-10ca-4c9d-9467-7720556f4b2e,2026-06-21T04:45:00Z,2026-06-21T06:45:00+0200,7083.30589,MW,DE,DE_LU,forecast_solar_generation,Solar,2026-06-25T11:27:13Z
2026-06-25T11:25:56Z,2026-06-25T13:25:56+0200,aad9710e-10ca-4c9d-9467-7720556f4b2e,2026-06-21T05:00:00Z,2026-06-21T07:00:00+0200,9015.32004,MW,DE,DE_LU,forecast_solar_generation,Solar,2026-06-25T11:27:13Z
2026-06-25T11:25:56Z,2026-06-25T13:25:56+0200,aad9710e-10ca-4c9d-9467-7720556f4b2e,2026-06-21T05:15:00Z,2026-06-21T07:15:00+0200,11254.0236,MW,DE,DE_LU,forecast_solar_generation,Solar,2026-06-25T11:27:13Z
2026-06-25T11:25:56Z,2026-06-25T13:25:56+0200,aad9710e-10ca-4c9d-9467-7720556f4b2e,2026-06-21T05:30:00Z,2026-06-21T07:30:00+0200,13712.78934,MW,DE,DE_LU,forecast_solar_generation,Solar,2026-06-25T11:27:13Z
2026-06-25T11:25:56Z,2026-06-25T13:25:56+0200,aad9710e-10ca-4c9d-9467-7720556f4b2e,2026-06-21T05:45:00Z,2026-06-21T07:45:00+0200,16305.66559,MW,DE,DE_LU,forecast_solar_generation,Solar,2026-06-25T11:27:13Z
2026-06-25T11:25:56Z,2026-06-25T13:25:56+0200,aad9710e-10ca-4c9d-9467-7720556f4b2e,2026-06-21T06:00:00Z,2026-06-21T08:00:00+0200,19129.49309,MW,DE,DE_LU,forecast_solar_generation,Solar,2026-06-25T11:27:13Z
2026-06-25T11:25:56Z,2026-06-25T13:25:56+0200,aad9710e-10ca-4c9d-9467-7720556f4b2e,2026-06-21T06:15:00Z,2026-06-21T08:15:00+0200,21819.73861,MW,DE,DE_LU,forecast_solar_generation,Solar,2026-06-25T11:27:13Z
2026-06-25T11:25:56Z,2026-06-25T13:25:56+0200,aad9710e-10ca-4c9d-9467-7720556f4b2e,2026-06-21T06:30:00Z,2026-06-21T08:30:00+0200,24509.06952,MW,DE,DE_LU,forecast_solar_generation,Solar,2026-06-25T11:27:13Z
2026-06-25T11:25:56Z,2026-06-25T13:25:56+0200,aad9710e-10ca-4c9d-9467-7720556f4b2e,2026-06-21T06:45:00Z,2026-06-21T08:45:00+0200,27117.77406,MW,DE,DE_LU,forecast_solar_generation,Solar,2026-06-25T11:27:13Z
2026-06-25T11:25:56Z,2026-06-25T13:25:56+0200,aad9710e-10ca-4c9d-9467-7720556f4b2e,2026-06-21T07:00:00Z,2026-06-21T09:00:00+0200,29643.05783,MW,DE,DE_LU,forecast_solar_generation,Solar,2026-06-25T11:27:13Z
2026-06-25T11:25:56Z,2026-06-25T13:25:56+0200,aad9710e-10ca-4c9d-9467-7720556f4b2e,2026-06-21T07:15:00Z,2026-06-21T09:15:00+0200,32079.45785,MW,DE,DE_LU,forecast_solar_generation,Solar,2026-06-25T11:27:13Z
2026-06-25T11:25:56Z,2026-06-25T13:25:56+0200,aad9710e-10ca-4c9d-9467-7720556f4b2e,2026-06-21T07:30:00Z,2026-06-21T09:30:00+0200,34403.21238,MW,DE,DE_LU,forecast_solar_generation,Solar,2026-06-25T11:27:13Z
2026-06-25T11:25:56Z,2026-06-25T13:25:56+0200,aad9710e-10ca-4c9d-9467-7720556f4b2e,2026-06-21T07:45:00Z,2026-06-21T09:45:00+0200,36526.52366,MW,DE,DE_LU,forecast_solar_generation,Solar,2026-06-25T11:27:13Z
2026-06-25T11:25:56Z,2026-06-25T13:25:56+0200,aad9710e-10ca-4c9d-9467-7720556f4b2e,2026-06-21T08:00:00Z,2026-06-21T10:00:00+0200,38481.78113,MW,DE,DE_LU,forecast_solar_generation,Solar,2026-06-25T11:27:13Z
2026-06-25T11:25:56Z,2026-06-25T13:25:56+0200,aad9710e-10ca-4c9d-9467-7720556f4b2e,2026-06-21T08:15:00Z,2026-06-21T10:15:00+0200,40209.02643,MW,DE,DE_LU,forecast_solar_generation,Solar,2026-06-25T11:27:13Z
2026-06-25T11:25:56Z,2026-06-25T13:25:56+0200,aad9710e-10ca-4c9d-9467-7720556f4b2e,2026-06-21T08:30:00Z,2026-06-21T10:30:00+0200,41772.63445,MW,DE,DE_LU,forecast_solar_generation,Solar,2026-06-25T11:27:13Z
2026-06-25T11:25:56Z,2026-06-25T13:25:56+0200,aad9710e-10ca-4c9d-9467-7720556f4b2e,2026-06-21T08:45:00Z,2026-06-21T10:45:00+0200,43167.67015,MW,DE,DE_LU,forecast_solar_generation,Solar,2026-06-25T11:27:13Z
2026-06-25T11:25:56Z,2026-06-25T13:25:56+0200,aad9710e-10ca-4c9d-9467-7720556f4b2e,2026-06-21T09:00:00Z,2026-06-21T11:00:00+0200,44422.38573,MW,DE,DE_LU,forecast_solar_generation,Solar,2026-06-25T11:27:13Z
2026-06-25T11:25:56Z,2026-06-25T13:25:56+0200,aad9710e-10ca-4c9d-9467-7720556f4b2e,2026-06-21T09:15:00Z,2026-06-21T11:15:00+0200,45331.58416,MW,DE,DE_LU,forecast_solar_generation,Solar,2026-06-25T11:27:13Z
2026-06-25T11:25:56Z,2026-06-25T13:25:56+0200,aad9710e-10ca-4c9d-9467-7720556f4b2e,2026-06-21T09:30:00Z,2026-06-21T11:30:00+0200,46113.21089,MW,DE,DE_LU,forecast_solar_generation,Solar,2026-06-25T11:27:13Z
2026-06-25T11:25:56Z,2026-06-25T13:25:56+0200,aad9710e-10ca-4c9d-9467-7720556f4b2e,2026-06-21T09:45:00Z,2026-06-21T11:45:00+0200,46742.06738,MW,DE,DE_LU,forecast_solar_generation,Solar,2026-06-25T11:27:13Z
2026-06-25T11:25:56Z,2026-06-25T13:25:56+0200,aad9710e-10ca-4c9d-9467-7720556f4b2e,2026-06-21T10:00:00Z,2026-06-21T12:00:00+0200,47156.09638,MW,DE,DE_LU,forecast_solar_generation,Solar,2026-06-25T11:27:13Z
2026-06-25T11:25:56Z,2026-06-25T13:25:56+0200,aad9710e-10ca-4c9d-9467-7720556f4b2e,2026-06-21T10:15:00Z,2026-06-21T12:15:00+0200,47276.80686,MW,DE,DE_LU,forecast_solar_generation,Solar,2026-06-25T11:27:13Z
2026-06-25T11:25:56Z,2026-06-25T13:25:56+0200,aad9710e-10ca-4c9d-9467-7720556f4b2e,2026-06-21T10:30:00Z,2026-06-21T12:30:00+0200,47219.45188,MW,DE,DE_LU,forecast_solar_generation,Solar,2026-06-25T11:27:13Z
2026-06-25T11:25:56Z,2026-06-25T13:25:56+0200,aad9710e-10ca-4c9d-9467-7720556f4b2e,2026-06-21T10:45:00Z,2026-06-21T12:45:00+0200,47131.2289,MW,DE,DE_LU,forecast_solar_generation,Solar,2026-06-25T11:27:13Z
2026-06-25T11:25:56Z,2026-06-25T13:25:56+0200,aad9710e-10ca-4c9d-9467-7720556f4b2e,2026-06-21T11:00:00Z,2026-06-21T13:00:00+0200,46945.00087,MW,DE,DE_LU,forecast_solar_generation,Solar,2026-06-25T11:27:13Z
2026-06-25T11:25:56Z,2026-06-25T13:25:56+0200,aad9710e-10ca-4c9d-9467-7720556f4b2e,2026-06-21T11:15:00Z,2026-06-21T13:15:00+0200,46588.26248,MW,DE,DE_LU,forecast_solar_generation,Solar,2026-06-25T11:27:13Z
2026-06-25T11:25:56Z,2026-06-25T13:25:56+0200,aad9710e-10ca-4c9d-9467-7720556f4b2e,2026-06-21T11:30:00Z,2026-06-21T13:30:00+0200,46186.49803,MW,DE,DE_LU,forecast_solar_generation,Solar,2026-06-25T11:27:13Z
2026-06-25T11:25:56Z,2026-06-25T13:25:56+0200,aad9710e-10ca-4c9d-9467-7720556f4b2e,2026-06-21T11:45:00Z,2026-06-21T13:45:00+0200,45686.05431,MW,DE,DE_LU,forecast_solar_generation,Solar,2026-06-25T11:27:13Z
2026-06-25T11:25:56Z,2026-06-25T13:25:56+0200,aad9710e-10ca-4c9d-9467-7720556f4b2e,2026-06-21T12:00:00Z,2026-06-21T14:00:00+0200,44996.98594,MW,DE,DE_LU,forecast_solar_generation,Solar,2026-06-25T11:27:13Z
2026-06-25T11:25:56Z,2026-06-25T13:25:56+0200,aad9710e-10ca-4c9d-9467-7720556f4b2e,2026-06-21T12:15:00Z,2026-06-21T14:15:00+0200,44182.43965,MW,DE,DE_LU,forecast_solar_generation,Solar,2026-06-25T11:27:13Z
2026-06-25T11:25:56Z,2026-06-25T13:25:56+0200,aad9710e-10ca-4c9d-9467-7720556f4b2e,2026-06-21T12:30:00Z,2026-06-21T14:30:00+0200,43350.10248,MW,DE,DE_LU,forecast_solar_generation,Solar,2026-06-25T11:27:13Z
2026-06-25T11:25:56Z,2026-06-25T13:25:56+0200,aad9710e-10ca-4c9d-9467-7720556f4b2e,2026-06-21T12:45:00Z,2026-06-21T14:45:00+0200,42534.69894,MW,DE,DE_LU,forecast_solar_generation,Solar,2026-06-25T11:27:13Z
2026-06-25T11:25:56Z,2026-06-25T13:25:56+0200,aad9710e-10ca-4c9d-9467-7720556f4b2e,2026-06-21T13:00:00Z,2026-06-21T15:00:00+0200,41442.11159,MW,DE,DE_LU,forecast_solar_generation,Solar,2026-06-25T11:27:13Z
2026-06-25T11:25:56Z,2026-06-25T13:25:56+0200,aad9710e-10ca-4c9d-9467-7720556f4b2e,2026-06-21T13:15:00Z,2026-06-21T15:15:00+0200,40192.36608,MW,DE,DE_LU,forecast_solar_generation,Solar,2026-06-25T11:27:13Z
2026-06-25T11:25:56Z,2026-06-25T13:25:56+0200,aad9710e-10ca-4c9d-9467-7720556f4b2e,2026-06-21T13:30:00Z,2026-06-21T15:30:00+0200,38846.14837,MW,DE,DE_LU,forecast_solar_generation,Solar,2026-06-25T11:27:13Z
2026-06-25T11:25:56Z,2026-06-25T13:25:56+0200,aad9710e-10ca-4c9d-9467-7720556f4b2e,2026-06-21T13:45:00Z,2026-06-21T15:45:00+0200,37450.05995,MW,DE,DE_LU,forecast_solar_generation,Solar,2026-06-25T11:27:13Z
2026-06-25T11:25:56Z,2026-06-25T13:25:56+0200,aad9710e-10ca-4c9d-9467-7720556f4b2e,2026-06-21T14:00:00Z,2026-06-21T16:00:00+0200,35950.87771,MW,DE,DE_LU,forecast_solar_generation,Solar,2026-06-25T11:27:13Z
2026-06-25T11:25:56Z,2026-06-25T13:25:56+0200,aad9710e-10ca-4c9d-9467-7720556f4b2e,2026-06-21T14:15:00Z,2026-06-21T16:15:00+0200,34348.31661,MW,DE,DE_LU,forecast_solar_generation,Solar,2026-06-25T11:27:13Z
2026-06-25T11:25:56Z,2026-06-25T13:25:56+0200,aad9710e-10ca-4c9d-9467-7720556f4b2e,2026-06-21T14:30:00Z,2026-06-21T16:30:00+0200,32672.55402,MW,DE,DE_LU,forecast_solar_generation,Solar,2026-06-25T11:27:13Z
2026-06-25T11:25:56Z,2026-06-25T13:25:56+0200,aad9710e-10ca-4c9d-9467-7720556f4b2e,2026-06-21T14:45:00Z,2026-06-21T16:45:00+0200,30857.78976,MW,DE,DE_LU,forecast_solar_generation,Solar,2026-06-25T11:27:13Z
2026-06-25T11:25:56Z,2026-06-25T13:25:56+0200,aad9710e-10ca-4c9d-9467-7720556f4b2e,2026-06-21T15:00:00Z,2026-06-21T17:00:00+0200,28894.61763,MW,DE,DE_LU,forecast_solar_generation,Solar,2026-06-25T11:27:13Z
2026-06-25T11:25:56Z,2026-06-25T13:25:56+0200,aad9710e-10ca-4c9d-9467-7720556f4b2e,2026-06-21T15:15:00Z,2026-06-21T17:15:00+0200,26806.95587,MW,DE,DE_LU,forecast_solar_generation,Solar,2026-06-25T11:27:13Z
2026-06-25T11:25:56Z,2026-06-25T13:25:56+0200,aad9710e-10ca-4c9d-9467-7720556f4b2e,2026-06-21T15:30:00Z,2026-06-21T17:30:00+0200,24621.75887,MW,DE,DE_LU,forecast_solar_generation,Solar,2026-06-25T11:27:13Z
2026-06-25T11:25:56Z,2026-06-25T13:25:56+0200,aad9710e-10ca-4c9d-9467-7720556f4b2e,2026-06-21T15:45:00Z,2026-06-21T17:45:00+0200,22408.83384,MW,DE,DE_LU,forecast_solar_generation,Solar,2026-06-25T11:27:13Z
2026-06-25T11:25:56Z,2026-06-25T13:25:56+0200,aad9710e-10ca-4c9d-9467-7720556f4b2e,2026-06-21T16:00:00Z,2026-06-21T18:00:00+0200,20150.42289,MW,DE,DE_LU,forecast_solar_generation,Solar,2026-06-25T11:27:13Z
2026-06-25T11:25:56Z,2026-06-25T13:25:56+0200,aad9710e-10ca-4c9d-9467-7720556f4b2e,2026-06-21T16:15:00Z,2026-06-21T18:15:00+0200,17858.42597,MW,DE,DE_LU,forecast_solar_generation,Solar,2026-06-25T11:27:13Z
2026-06-25T11:25:56Z,2026-06-25T13:25:56+0200,aad9710e-10ca-4c9d-9467-7720556f4b2e,2026-06-21T16:30:00Z,2026-06-21T18:30:00+0200,15555.78151,MW,DE,DE_LU,forecast_solar_generation,Solar,2026-06-25T11:27:13Z
2026-06-25T11:25:56Z,2026-06-25T13:25:56+0200,aad9710e-10ca-4c9d-9467-7720556f4b2e,2026-06-21T16:45:00Z,2026-06-21T18:45:00+0200,13294.42492,MW,DE,DE_LU,forecast_solar_generation,Solar,2026-06-25T11:27:13Z
2026-06-25T11:25:56Z,2026-06-25T13:25:56+0200,aad9710e-10ca-4c9d-9467-7720556f4b2e,2026-06-21T17:00:00Z,2026-06-21T19:00:00+0200,11136.29255,MW,DE,DE_LU,forecast_solar_generation,Solar,2026-06-25T11:27:13Z
2026-06-25T11:25:56Z,2026-06-25T13:25:56+0200,aad9710e-10ca-4c9d-9467-7720556f4b2e,2026-06-21T17:15:00Z,2026-06-21T19:15:00+0200,9106.66509,MW,DE,DE_LU,forecast_solar_generation,Solar,2026-06-25T11:27:13Z
2026-06-25T11:25:56Z,2026-06-25T13:25:56+0200,aad9710e-10ca-4c9d-9467-7720556f4b2e,2026-06-21T17:30:00Z,2026-06-21T19:30:00+0200,7280.94968,MW,DE,DE_LU,forecast_solar_generation,Solar,2026-06-25T11:27:13Z
2026-06-25T11:25:56Z,2026-06-25T13:25:56+0200,aad9710e-10ca-4c9d-9467-7720556f4b2e,2026-06-21T17:45:00Z,2026-06-21T19:45:00+0200,5682.28086,MW,DE,DE_LU,forecast_solar_generation,Solar,2026-06-25T11:27:13Z
2026-06-25T11:25:56Z,2026-06-25T13:25:56+0200,aad9710e-10ca-4c9d-9467-7720556f4b2e,2026-06-21T18:00:00Z,2026-06-21T20:00:00+0200,4285.72339,MW,DE,DE_LU,forecast_solar_generation,Solar,2026-06-25T11:27:13Z
2026-06-25T11:25:56Z,2026-06-25T13:25:56+0200,aad9710e-10ca-4c9d-9467-7720556f4b2e,2026-06-21T18:15:00Z,2026-06-21T20:15:00+0200,3065.76779,MW,DE,DE_LU,forecast_solar_generation,Solar,2026-06-25T11:27:13Z
2026-06-25T11:25:56Z,2026-06-25T13:25:56+0200,aad9710e-10ca-4c9d-9467-7720556f4b2e,2026-06-21T18:30:00Z,2026-06-21T20:30:00+0200,2027.54077,MW,DE,DE_LU,forecast_solar_generation,Solar,2026-06-25T11:27:13Z
2026-06-25T11:25:56Z,2026-06-25T13:25:56+0200,aad9710e-10ca-4c9d-9467-7720556f4b2e,2026-06-21T18:45:00Z,2026-06-21T20:45:00+0200,1216.02863,MW,DE,DE_LU,forecast_solar_generation,Solar,2026-06-25T11:27:13Z
2026-06-25T11:25:56Z,2026-06-25T13:25:56+0200,aad9710e-10ca-4c9d-9467-7720556f4b2e,2026-06-21T19:00:00Z,2026-06-21T21:00:00+0200,652.28219,MW,DE,DE_LU,forecast_solar_generation,Solar,2026-06-25T11:27:13Z
2026-06-25T11:25:56Z,2026-06-25T13:25:56+0200,aad9710e-10ca-4c9d-9467-7720556f4b2e,2026-06-21T19:15:00Z,2026-06-21T21:15:00+0200,286.91439,MW,DE,DE_LU,forecast_solar_generation,Solar,2026-06-25T11:27:13Z
2026-06-25T11:25:56Z,2026-06-25T13:25:56+0200,aad9710e-10ca-4c9d-9467-7720556f4b2e,2026-06-21T19:30:00Z,2026-06-21T21:30:00+0200,109.36676,MW,DE,DE_LU,forecast_solar_generation,Solar,2026-06-25T11:27:13Z
2026-06-25T11:25:56Z,2026-06-25T13:25:56+0200,aad9710e-10ca-4c9d-9467-7720556f4b2e,2026-06-21T19:45:00Z,2026-06-21T21:45:00+0200,41.7579,MW,DE,DE_LU,forecast_solar_generation,Solar,2026-06-25T11:27:13Z
2026-06-25T11:25:56Z,2026-06-25T13:25:56+0200,aad9710e-10ca-4c9d-9467-7720556f4b2e,2026-06-21T20:00:00Z,2026-06-21T22:00:00+0200,17.09042,MW,DE,DE_LU,forecast_solar_generation,Solar,2026-06-25T11:27:13Z
2026-06-25T11:25:56Z,2026-06-25T13:25:56+0200,aad9710e-10ca-4c9d-9467-7720556f4b2e,2026-06-21T20:15:00Z,2026-06-21T22:15:00+0200,0.0,MW,DE,DE_LU,forecast_solar_generation,Solar,2026-06-25T11:27:13Z
2026-06-25T11:25:56Z,2026-06-25T13:25:56+0200,aad9710e-10ca-4c9d-9467-7720556f4b2e,2026-06-21T20:30:00Z,2026-06-21T22:30:00+0200,0.0,MW,DE,DE_LU,forecast_solar_generation,Solar,2026-06-25T11:27:13Z
2026-06-25T11:25:56Z,2026-06-25T13:25:56+0200,aad9710e-10ca-4c9d-9467-7720556f4b2e,2026-06-21T20:45:00Z,2026-06-21T22:45:00+0200,0.0,MW,DE,DE_LU,forecast_solar_generation,Solar,2026-06-25T11:27:13Z
2026-06-25T11:25:56Z,2026-06-25T13:25:56+0200,aad9710e-10ca-4c9d-9467-7720556f4b2e,2026-06-21T21:00:00Z,2026-06-21T23:00:00+0200,0.0,MW,DE,DE_LU,forecast_solar_generation,Solar,2026-06-25T11:27:13Z
2026-06-25T11:25:56Z,2026-06-25T13:25:56+0200,aad9710e-10ca-4c9d-9467-7720556f4b2e,2026-06-21T21:15:00Z,2026-06-21T23:15:00+0200,0.0,MW,DE,DE_LU,forecast_solar_generation,Solar,2026-06-25T11:27:13Z
2026-06-25T11:25:56Z,2026-06-25T13:25:56+0200,aad9710e-10ca-4c9d-9467-7720556f4b2e,2026-06-21T21:30:00Z,2026-06-21T23:30:00+0200,0.0,MW,DE,DE_LU,forecast_solar_generation,Solar,2026-06-25T11:27:13Z
2026-06-25T11:25:56Z,2026-06-25T13:25:56+0200,aad9710e-10ca-4c9d-9467-7720556f4b2e,2026-06-21T21:45:00Z,2026-06-21T23:45:00+0200,0.0,MW,DE,DE_LU,forecast_solar_generation,Solar,2026-06-25T11:27:13Z
2026-06-25T11:25:56Z,2026-06-25T13:25:56+0200,aad9710e-10ca-4c9d-9467-7720556f4b2e,2026-06-21T22:00:00Z,2026-06-22T00:00:00+0200,0.0,MW,DE,DE_LU,forecast_solar_generation,Solar,2026-06-25T11:27:13Z
2026-06-25T11:25:56Z,2026-06-25T13:25:56+0200,aad9710e-10ca-4c9d-9467-7720556f4b2e,2026-06-21T22:15:00Z,2026-06-22T00:15:00+0200,0.0,MW,DE,DE_LU,forecast_solar_generation,Solar,2026-06-25T11:27:13Z
2026-06-25T11:25:56Z,2026-06-25T13:25:56+0200,aad9710e-10ca-4c9d-9467-7720556f4b2e,2026-06-21T22:30:00Z,2026-06-22T00:30:00+0200,0.0,MW,DE,DE_LU,forecast_solar_generation,Solar,2026-06-25T11:27:13Z
2026-06-25T11:25:56Z,2026-06-25T13:25:56+0200,aad9710e-10ca-4c9d-9467-7720556f4b2e,2026-06-21T22:45:00Z,2026-06-22T00:45:00+0200,0.0,MW,DE,DE_LU,forecast_solar_generation,Solar,2026-06-25T11:27:13Z
2026-06-25T11:25:56Z,2026-06-25T13:25:56+0200,aad9710e-10ca-4c9d-9467-7720556f4b2e,2026-06-21T23:00:00Z,2026-06-22T01:00:00+0200,0.0,MW,DE,DE_LU,forecast_solar_generation,Solar,2026-06-25T11:27:13Z
2026-06-25T11:25:56Z,2026-06-25T13:25:56+0200,aad9710e-10ca-4c9d-9467-7720556f4b2e,2026-06-21T23:15:00Z,2026-06-22T01:15:00+0200,0.0,MW,DE,DE_LU,forecast_solar_generation,Solar,2026-06-25T11:27:13Z
2026-06-25T11:25:56Z,2026-06-25T13:25:56+0200,aad9710e-10ca-4c9d-9467-7720556f4b2e,2026-06-21T23:30:00Z,2026-06-22T01:30:00+0200,0.0,MW,DE,DE_LU,forecast_solar_generation,Solar,2026-06-25T11:27:13Z
2026-06-25T11:25:56Z,2026-06-25T13:25:56+0200,aad9710e-10ca-4c9d-9467-7720556f4b2e,2026-06-21T23:45:00Z,2026-06-22T01:45:00+0200,0.0,MW,DE,DE_LU,forecast_solar_generation,Solar,2026-06-25T11:27:13Z
2026-06-25T11:25:56Z,2026-06-25T13:25:56+0200,aad9710e-10ca-4c9d-9467-7720556f4b2e,2026-06-22T00:00:00Z,2026-06-22T02:00:00+0200,0.0,MW,DE,DE_LU,forecast_solar_generation,Solar,2026-06-25T11:27:13Z
2026-06-25T11:25:56Z,2026-06-25T13:25:56+0200,aad9710e-10ca-4c9d-9467-7720556f4b2e,2026-06-22T00:15:00Z,2026-06-22T02:15:00+0200,0.0,MW,DE,DE_LU,forecast_solar_generation,Solar,2026-06-25T11:27:13Z
2026-06-25T11:25:56Z,2026-06-25T13:25:56+0200,aad9710e-10ca-4c9d-9467-7720556f4b2e,2026-06-22T00:30:00Z,2026-06-22T02:30:00+0200,0.0,MW,DE,DE_LU,forecast_solar_generation,Solar,2026-06-25T11:27:13Z
2026-06-25T11:25:56Z,2026-06-25T13:25:56+0200,aad9710e-10ca-4c9d-9467-7720556f4b2e,2026-06-22T00:45:00Z,2026-06-22T02:45:00+0200,0.0,MW,DE,DE_LU,forecast_solar_generation,Solar,2026-06-25T11:27:13Z
2026-06-25T11:25:56Z,2026-06-25T13:25:56+0200,aad9710e-10ca-4c9d-9467-7720556f4b2e,2026-06-22T01:00:00Z,2026-06-22T03:00:00+0200,0.0,MW,DE,DE_LU,forecast_solar_generation,Solar,2026-06-25T11:27:13Z
2026-06-25T11:25:56Z,2026-06-25T13:25:56+0200,aad9710e-10ca-4c9d-9467-7720556f4b2e,2026-06-22T01:15:00Z,2026-06-22T03:15:00+0200,0.0,MW,DE,DE_LU,forecast_solar_generation,Solar,2026-06-25T11:27:13Z
2026-06-25T11:25:56Z,2026-06-25T13:25:56+0200,aad9710e-10ca-4c9d-9467-7720556f4b2e,2026-06-22T01:30:00Z,2026-06-22T03:30:00+0200,0.0,MW,DE,DE_LU,forecast_solar_generation,Solar,2026-06-25T11:27:13Z
2026-06-25T11:25:56Z,2026-06-25T13:25:56+0200,aad9710e-10ca-4c9d-9467-7720556f4b2e,2026-06-22T01:45:00Z,2026-06-22T03:45:00+0200,0.0,MW,DE,DE_LU,forecast_solar_generation,Solar,2026-06-25T11:27:13Z
2026-06-25T11:25:56Z,2026-06-25T13:25:56+0200,aad9710e-10ca-4c9d-9467-7720556f4b2e,2026-06-22T02:00:00Z,2026-06-22T04:00:00+0200,0.0,MW,DE,DE_LU,forecast_solar_generation,Solar,2026-06-25T11:27:13Z
2026-06-25T11:25:56Z,2026-06-25T13:25:56+0200,aad9710e-10ca-4c9d-9467-7720556f4b2e,2026-06-22T02:15:00Z,2026-06-22T04:15:00+0200,0.0,MW,DE,DE_LU,forecast_solar_generation,Solar,2026-06-25T11:27:13Z
2026-06-25T11:25:56Z,2026-06-25T13:25:56+0200,aad9710e-10ca-4c9d-9467-7720556f4b2e,2026-06-22T02:30:00Z,2026-06-22T04:30:00+0200,1.01,MW,DE,DE_LU,forecast_solar_generation,Solar,2026-06-25T11:27:13Z
2026-06-25T11:25:56Z,2026-06-25T13:25:56+0200,aad9710e-10ca-4c9d-9467-7720556f4b2e,2026-06-22T02:45:00Z,2026-06-22T04:45:00+0200,33.39076,MW,DE,DE_LU,forecast_solar_generation,Solar,2026-06-25T11:27:13Z
2026-06-25T11:25:56Z,2026-06-25T13:25:56+0200,aad9710e-10ca-4c9d-9467-7720556f4b2e,2026-06-22T03:00:00Z,2026-06-22T05:00:00+0200,148.07398,MW,DE,DE_LU,forecast_solar_generation,Solar,2026-06-25T11:27:13Z
2026-06-25T11:25:56Z,2026-06-25T13:25:56+0200,aad9710e-10ca-4c9d-9467-7720556f4b2e,2026-06-22T03:15:00Z,2026-06-22T05:15:00+0200,445.78809,MW,DE,DE_LU,forecast_solar_generation,Solar,2026-06-25T11:27:13Z
2026-06-25T11:25:56Z,2026-06-25T13:25:56+0200,aad9710e-10ca-4c9d-9467-7720556f4b2e,2026-06-22T03:30:00Z,2026-06-22T05:30:00+0200,932.67547,MW,DE,DE_LU,forecast_solar_generation,Solar,2026-06-25T11:27:13Z
2026-06-25T11:25:56Z,2026-06-25T13:25:56+0200,aad9710e-10ca-4c9d-9467-7720556f4b2e,2026-06-22T03:45:00Z,2026-06-22T05:45:00+0200,1660.835,MW,DE,DE_LU,forecast_solar_generation,Solar,2026-06-25T11:27:13Z
2026-06-25T11:25:56Z,2026-06-25T13:25:56+0200,aad9710e-10ca-4c9d-9467-7720556f4b2e,2026-06-22T04:00:00Z,2026-06-22T06:00:00+0200,2637.05825,MW,DE,DE_LU,forecast_solar_generation,Solar,2026-06-25T11:27:13Z
2026-06-25T11:25:56Z,2026-06-25T13:25:56+0200,aad9710e-10ca-4c9d-9467-7720556f4b2e,2026-06-22T04:15:00Z,2026-06-22T06:15:00+0200,3825.35682,MW,DE,DE_LU,forecast_solar_generation,Solar,2026-06-25T11:27:13Z
2026-06-25T11:25:56Z,2026-06-25T13:25:56+0200,aad9710e-10ca-4c9d-9467-7720556f4b2e,2026-06-22T04:30:00Z,2026-06-22T06:30:00+0200,5221.71763,MW,DE,DE_LU,forecast_solar_generation,Solar,2026-06-25T11:27:13Z
2026-06-25T11:25:56Z,2026-06-25T13:25:56+0200,aad9710e-10ca-4c9d-9467-7720556f4b2e,2026-06-22T04:45:00Z,2026-06-22T06:45:00+0200,6825.90035,MW,DE,DE_LU,forecast_solar_generation,Solar,2026-06-25T11:27:13Z
2026-06-25T11:25:56Z,2026-06-25T13:25:56+0200,aad9710e-10ca-4c9d-9467-7720556f4b2e,2026-06-22T05:00:00Z,2026-06-22T07:00:00+0200,8692.1268,MW,DE,DE_LU,forecast_solar_generation,Solar,2026-06-25T11:27:13Z
2026-06-25T11:25:56Z,2026-06-25T13:25:56+0200,aad9710e-10ca-4c9d-9467-7720556f4b2e,2026-06-22T05:15:00Z,2026-06-22T07:15:00+0200,10899.31901,MW,DE,DE_LU,forecast_solar_generation,Solar,2026-06-25T11:27:13Z
2026-06-25T11:25:56Z,2026-06-25T13:25:56+0200,aad9710e-10ca-4c9d-9467-7720556f4b2e,2026-06-22T05:30:00Z,2026-06-22T07:30:00+0200,13365.58668,MW,DE,DE_LU,forecast_solar_generation,Solar,2026-06-25T11:27:13Z
2026-06-25T11:25:56Z,2026-06-25T13:25:56+0200,aad9710e-10ca-4c9d-9467-7720556f4b2e,2026-06-22T05:45:00Z,2026-06-22T07:45:00+0200,16005.55815,MW,DE,DE_LU,forecast_solar_generation,Solar,2026-06-25T11:27:13Z
2026-06-25T11:25:56Z,2026-06-25T13:25:56+0200,aad9710e-10ca-4c9d-9467-7720556f4b2e,2026-06-22T06:00:00Z,2026-06-22T08:00:00+0200,18760.93326,MW,DE,DE_LU,forecast_solar_generation,Solar,2026-06-25T11:27:13Z
2026-06-25T11:25:56Z,2026-06-25T13:25:56+0200,aad9710e-10ca-4c9d-9467-7720556f4b2e,2026-06-22T06:15:00Z,2026-06-22T08:15:00+0200,21586.2598,MW,DE,DE_LU,forecast_solar_generation,Solar,2026-06-25T11:27:13Z
2026-06-25T11:25:56Z,2026-06-25T13:25:56+0200,aad9710e-10ca-4c9d-9467-7720556f4b2e,2026-06-22T06:30:00Z,2026-06-22T08:30:00+0200,24365.31593,MW,DE,DE_LU,forecast_solar_generation,Solar,2026-06-25T11:27:13Z
2026-06-25T11:25:56Z,2026-06-25T13:25:56+0200,aad9710e-10ca-4c9d-9467-7720556f4b2e,2026-06-22T06:45:00Z,2026-06-22T08:45:00+0200,27103.49495,MW,DE,DE_LU,forecast_solar_generation,Solar,2026-06-25T11:27:13Z
2026-06-25T11:25:56Z,2026-06-25T13:25:56+0200,aad9710e-10ca-4c9d-9467-7720556f4b2e,2026-06-22T07:00:00Z,2026-06-22T09:00:00+0200,29773.35952,MW,DE,DE_LU,forecast_solar_generation,Solar,2026-06-25T11:27:13Z
2026-06-25T11:25:56Z,2026-06-25T13:25:56+0200,aad9710e-10ca-4c9d-9467-7720556f4b2e,2026-06-22T07:15:00Z,2026-06-22T09:15:00+0200,32400.12174,MW,DE,DE_LU,forecast_solar_generation,Solar,2026-06-25T11:27:13Z
2026-06-25T11:25:56Z,2026-06-25T13:25:56+0200,aad9710e-10ca-4c9d-9467-7720556f4b2e,2026-06-22T07:30:00Z,2026-06-22T09:30:00+0200,34952.07022,MW,DE,DE_LU,forecast_solar_generation,Solar,2026-06-25T11:27:13Z
2026-06-25T11:25:56Z,2026-06-25T13:25:56+0200,aad9710e-10ca-4c9d-9467-7720556f4b2e,2026-06-22T07:45:00Z,2026-06-22T09:45:00+0200,37332.83083,MW,DE,DE_LU,forecast_solar_generation,Solar,2026-06-25T11:27:13Z
2026-06-25T11:25:56Z,2026-06-25T13:25:56+0200,aad9710e-10ca-4c9d-9467-7720556f4b2e,2026-06-22T08:00:00Z,2026-06-22T10:00:00+0200,39489.06922,MW,DE,DE_LU,forecast_solar_generation,Solar,2026-06-25T11:27:13Z
2026-06-25T11:25:56Z,2026-06-25T13:25:56+0200,aad9710e-10ca-4c9d-9467-7720556f4b2e,2026-06-22T08:15:00Z,2026-06-22T10:15:00+0200,41490.70602,MW,DE,DE_LU,forecast_solar_generation,Solar,2026-06-25T11:27:13Z
2026-06-25T11:25:56Z,2026-06-25T13:25:56+0200,aad9710e-10ca-4c9d-9467-7720556f4b2e,2026-06-22T08:30:00Z,2026-06-22T10:30:00+0200,43275.37835,MW,DE,DE_LU,forecast_solar_generation,Solar,2026-06-25T11:27:13Z
2026-06-25T11:25:56Z,2026-06-25T13:25:56+0200,aad9710e-10ca-4c9d-9467-7720556f4b2e,2026-06-22T08:45:00Z,2026-06-22T10:45:00+0200,44884.33399,MW,DE,DE_LU,forecast_solar_generation,Solar,2026-06-25T11:27:13Z
2026-06-25T11:25:56Z,2026-06-25T13:25:56+0200,aad9710e-10ca-4c9d-9467-7720556f4b2e,2026-06-22T09:00:00Z,2026-06-22T11:00:00+0200,46310.8022,MW,DE,DE_LU,forecast_solar_generation,Solar,2026-06-25T11:27:13Z
2026-06-25T11:25:56Z,2026-06-25T13:25:56+0200,aad9710e-10ca-4c9d-9467-7720556f4b2e,2026-06-22T09:15:00Z,2026-06-22T11:15:00+0200,47528.51382,MW,DE,DE_LU,forecast_solar_generation,Solar,2026-06-25T11:27:13Z
2026-06-25T11:25:56Z,2026-06-25T13:25:56+0200,aad9710e-10ca-4c9d-9467-7720556f4b2e,2026-06-22T09:30:00Z,2026-06-22T11:30:00+0200,48579.77567,MW,DE,DE_LU,forecast_solar_generation,Solar,2026-06-25T11:27:13Z
2026-06-25T11:25:56Z,2026-06-25T13:25:56+0200,aad9710e-10ca-4c9d-9467-7720556f4b2e,2026-06-22T09:45:00Z,2026-06-22T11:45:00+0200,49470.89912,MW,DE,DE_LU,forecast_solar_generation,Solar,2026-06-25T11:27:13Z
2026-06-25T11:25:56Z,2026-06-25T13:25:56+0200,aad9710e-10ca-4c9d-9467-7720556f4b2e,2026-06-22T10:00:00Z,2026-06-22T12:00:00+0200,50165.8657,MW,DE,DE_LU,forecast_solar_generation,Solar,2026-06-25T11:27:13Z
2026-06-25T11:25:56Z,2026-06-25T13:25:56+0200,aad9710e-10ca-4c9d-9467-7720556f4b2e,2026-06-22T10:15:00Z,2026-06-22T12:15:00+0200,50625.71097,MW,DE,DE_LU,forecast_solar_generation,Solar,2026-06-25T11:27:13Z
2026-06-25T11:25:56Z,2026-06-25T13:25:56+0200,aad9710e-10ca-4c9d-9467-7720556f4b2e,2026-06-22T10:30:00Z,2026-06-22T12:30:00+0200,50942.95728,MW,DE,DE_LU,forecast_solar_generation,Solar,2026-06-25T11:27:13Z
2026-06-25T11:25:56Z,2026-06-25T13:25:56+0200,aad9710e-10ca-4c9d-9467-7720556f4b2e,2026-06-22T10:45:00Z,2026-06-22T12:45:00+0200,51076.38646,MW,DE,DE_LU,forecast_solar_generation,Solar,2026-06-25T11:27:13Z
2026-06-25T11:25:56Z,2026-06-25T13:25:56+0200,aad9710e-10ca-4c9d-9467-7720556f4b2e,2026-06-22T11:00:00Z,2026-06-22T13:00:00+0200,51058.78611,MW,DE,DE_LU,forecast_solar_generation,Solar,2026-06-25T11:27:13Z
2026-06-25T11:25:56Z,2026-06-25T13:25:56+0200,aad9710e-10ca-4c9d-9467-7720556f4b2e,2026-06-22T11:15:00Z,2026-06-22T13:15:00+0200,50857.70011,MW,DE,DE_LU,forecast_solar_generation,Solar,2026-06-25T11:27:13Z
2026-06-25T11:25:56Z,2026-06-25T13:25:56+0200,aad9710e-10ca-4c9d-9467-7720556f4b2e,2026-06-22T11:30:00Z,2026-06-22T13:30:00+0200,50538.10319,MW,DE,DE_LU,forecast_solar_generation,Solar,2026-06-25T11:27:13Z
2026-06-25T11:25:56Z,2026-06-25T13:25:56+0200,aad9710e-10ca-4c9d-9467-7720556f4b2e,2026-06-22T11:45:00Z,2026-06-22T13:45:00+0200,50075.96753,MW,DE,DE_LU,forecast_solar_generation,Solar,2026-06-25T11:27:13Z
2026-06-25T11:25:56Z,2026-06-25T13:25:56+0200,aad9710e-10ca-4c9d-9467-7720556f4b2e,2026-06-22T12:00:00Z,2026-06-22T14:00:00+0200,49492.04451,MW,DE,DE_LU,forecast_solar_generation,Solar,2026-06-25T11:27:13Z
2026-06-25T11:25:56Z,2026-06-25T13:25:56+0200,aad9710e-10ca-4c9d-9467-7720556f4b2e,2026-06-22T12:15:00Z,2026-06-22T14:15:00+0200,48754.65876,MW,DE,DE_LU,forecast_solar_generation,Solar,2026-06-25T11:27:13Z
2026-06-25T11:25:56Z,2026-06-25T13:25:56+0200,aad9710e-10ca-4c9d-9467-7720556f4b2e,2026-06-22T12:30:00Z,2026-06-22T14:30:00+0200,47957.46327,MW,DE,DE_LU,forecast_solar_generation,Solar,2026-06-25T11:27:13Z
2026-06-25T11:25:56Z,2026-06-25T13:25:56+0200,aad9710e-10ca-4c9d-9467-7720556f4b2e,2026-06-22T12:45:00Z,2026-06-22T14:45:00+0200,46951.79137,MW,DE,DE_LU,forecast_solar_generation,Solar,2026-06-25T11:27:13Z
2026-06-25T11:25:56Z,2026-06-25T13:25:56+0200,aad9710e-10ca-4c9d-9467-7720556f4b2e,2026-06-22T13:00:00Z,2026-06-22T15:00:00+0200,45743.19807,MW,DE,DE_LU,forecast_solar_generation,Solar,2026-06-25T11:27:13Z
2026-06-25T11:25:56Z,2026-06-25T13:25:56+0200,aad9710e-10ca-4c9d-9467-7720556f4b2e,2026-06-22T13:15:00Z,2026-06-22T15:15:00+0200,44404.28841,MW,DE,DE_LU,forecast_solar_generation,Solar,2026-06-25T11:27:13Z
2026-06-25T11:25:56Z,2026-06-25T13:25:56+0200,aad9710e-10ca-4c9d-9467-7720556f4b2e,2026-06-22T13:30:00Z,2026-06-22T15:30:00+0200,42957.69843,MW,DE,DE_LU,forecast_solar_generation,Solar,2026-06-25T11:27:13Z
2026-06-25T11:25:56Z,2026-06-25T13:25:56+0200,aad9710e-10ca-4c9d-9467-7720556f4b2e,2026-06-22T13:45:00Z,2026-06-22T15:45:00+0200,41418.95868,MW,DE,DE_LU,forecast_solar_generation,Solar,2026-06-25T11:27:13Z
2026-06-25T11:25:56Z,2026-06-25T13:25:56+0200,aad9710e-10ca-4c9d-9467-7720556f4b2e,2026-06-22T14:00:00Z,2026-06-22T16:00:00+0200,39796.92362,MW,DE,DE_LU,forecast_solar_generation,Solar,2026-06-25T11:27:13Z
2026-06-25T11:25:56Z,2026-06-25T13:25:56+0200,aad9710e-10ca-4c9d-9467-7720556f4b2e,2026-06-22T14:15:00Z,2026-06-22T16:15:00+0200,38083.69457,MW,DE,DE_LU,forecast_solar_generation,Solar,2026-06-25T11:27:13Z
2026-06-25T11:25:56Z,2026-06-25T13:25:56+0200,aad9710e-10ca-4c9d-9467-7720556f4b2e,2026-06-22T14:30:00Z,2026-06-22T16:30:00+0200,36296.84596,MW,DE,DE_LU,forecast_solar_generation,Solar,2026-06-25T11:27:13Z
2026-06-25T11:25:56Z,2026-06-25T13:25:56+0200,aad9710e-10ca-4c9d-9467-7720556f4b2e,2026-06-22T14:45:00Z,2026-06-22T16:45:00+0200,34342.98553,MW,DE,DE_LU,forecast_solar_generation,Solar,2026-06-25T11:27:13Z
2026-06-25T11:25:56Z,2026-06-25T13:25:56+0200,aad9710e-10ca-4c9d-9467-7720556f4b2e,2026-06-22T15:00:00Z,2026-06-22T17:00:00+0200,32204.55767,MW,DE,DE_LU,forecast_solar_generation,Solar,2026-06-25T11:27:13Z
2026-06-25T11:25:56Z,2026-06-25T13:25:56+0200,aad9710e-10ca-4c9d-9467-7720556f4b2e,2026-06-22T15:15:00Z,2026-06-22T17:15:00+0200,29900.81761,MW,DE,DE_LU,forecast_solar_generation,Solar,2026-06-25T11:27:13Z
2026-06-25T11:25:56Z,2026-06-25T13:25:56+0200,aad9710e-10ca-4c9d-9467-7720556f4b2e,2026-06-22T15:30:00Z,2026-06-22T17:30:00+0200,27466.56024,MW,DE,DE_LU,forecast_solar_generation,Solar,2026-06-25T11:27:13Z
2026-06-25T11:25:56Z,2026-06-25T13:25:56+0200,aad9710e-10ca-4c9d-9467-7720556f4b2e,2026-06-22T15:45:00Z,2026-06-22T17:45:00+0200,24951.23134,MW,DE,DE_LU,forecast_solar_generation,Solar,2026-06-25T11:27:13Z
2026-06-25T11:25:56Z,2026-06-25T13:25:56+0200,aad9710e-10ca-4c9d-9467-7720556f4b2e,2026-06-22T16:00:00Z,2026-06-22T18:00:00+0200,22375.86351,MW,DE,DE_LU,forecast_solar_generation,Solar,2026-06-25T11:27:13Z
2026-06-25T11:25:56Z,2026-06-25T13:25:56+0200,aad9710e-10ca-4c9d-9467-7720556f4b2e,2026-06-22T16:15:00Z,2026-06-22T18:15:00+0200,19750.78971,MW,DE,DE_LU,forecast_solar_generation,Solar,2026-06-25T11:27:13Z
2026-06-25T11:25:56Z,2026-06-25T13:25:56+0200,aad9710e-10ca-4c9d-9467-7720556f4b2e,2026-06-22T16:30:00Z,2026-06-22T18:30:00+0200,17123.5432,MW,DE,DE_LU,forecast_solar_generation,Solar,2026-06-25T11:27:13Z
2026-06-25T11:25:56Z,2026-06-25T13:25:56+0200,aad9710e-10ca-4c9d-9467-7720556f4b2e,2026-06-22T16:45:00Z,2026-06-22T18:45:00+0200,14538.31335,MW,DE,DE_LU,forecast_solar_generation,Solar,2026-06-25T11:27:13Z
2026-06-25T11:25:56Z,2026-06-25T13:25:56+0200,aad9710e-10ca-4c9d-9467-7720556f4b2e,2026-06-22T17:00:00Z,2026-06-22T19:00:00+0200,12069.57912,MW,DE,DE_LU,forecast_solar_generation,Solar,2026-06-25T11:27:13Z
2026-06-25T11:25:56Z,2026-06-25T13:25:56+0200,aad9710e-10ca-4c9d-9467-7720556f4b2e,2026-06-22T17:15:00Z,2026-06-22T19:15:00+0200,9781.65593,MW,DE,DE_LU,forecast_solar_generation,Solar,2026-06-25T11:27:13Z
2026-06-25T11:25:56Z,2026-06-25T13:25:56+0200,aad9710e-10ca-4c9d-9467-7720556f4b2e,2026-06-22T17:30:00Z,2026-06-22T19:30:00+0200,7771.63477,MW,DE,DE_LU,forecast_solar_generation,Solar,2026-06-25T11:27:13Z
2026-06-25T11:25:56Z,2026-06-25T13:25:56+0200,aad9710e-10ca-4c9d-9467-7720556f4b2e,2026-06-22T17:45:00Z,2026-06-22T19:45:00+0200,6059.51725,MW,DE,DE_LU,forecast_solar_generation,Solar,2026-06-25T11:27:13Z
2026-06-25T11:25:56Z,2026-06-25T13:25:56+0200,aad9710e-10ca-4c9d-9467-7720556f4b2e,2026-06-22T18:00:00Z,2026-06-22T20:00:00+0200,4576.22246,MW,DE,DE_LU,forecast_solar_generation,Solar,2026-06-25T11:27:13Z
2026-06-25T11:25:56Z,2026-06-25T13:25:56+0200,aad9710e-10ca-4c9d-9467-7720556f4b2e,2026-06-22T18:15:00Z,2026-06-22T20:15:00+0200,3298.34873,MW,DE,DE_LU,forecast_solar_generation,Solar,2026-06-25T11:27:13Z
2026-06-25T11:25:56Z,2026-06-25T13:25:56+0200,aad9710e-10ca-4c9d-9467-7720556f4b2e,2026-06-22T18:30:00Z,2026-06-22T20:30:00+0200,2212.26645,MW,DE,DE_LU,forecast_solar_generation,Solar,2026-06-25T11:27:13Z
2026-06-25T11:25:56Z,2026-06-25T13:25:56+0200,aad9710e-10ca-4c9d-9467-7720556f4b2e,2026-06-22T18:45:00Z,2026-06-22T20:45:00+0200,1337.73264,MW,DE,DE_LU,forecast_solar_generation,Solar,2026-06-25T11:27:13Z
2026-06-25T11:25:56Z,2026-06-25T13:25:56+0200,aad9710e-10ca-4c9d-9467-7720556f4b2e,2026-06-22T19:00:00Z,2026-06-22T21:00:00+0200,691.06556,MW,DE,DE_LU,forecast_solar_generation,Solar,2026-06-25T11:27:13Z
2026-06-25T11:25:56Z,2026-06-25T13:25:56+0200,aad9710e-10ca-4c9d-9467-7720556f4b2e,2026-06-22T19:15:00Z,2026-06-22T21:15:00+0200,288.44655,MW,DE,DE_LU,forecast_solar_generation,Solar,2026-06-25T11:27:13Z
2026-06-25T11:25:56Z,2026-06-25T13:25:56+0200,aad9710e-10ca-4c9d-9467-7720556f4b2e,2026-06-22T19:30:00Z,2026-06-22T21:30:00+0200,100.24151,MW,DE,DE_LU,forecast_solar_generation,Solar,2026-06-25T11:27:13Z
2026-06-25T11:25:56Z,2026-06-25T13:25:56+0200,aad9710e-10ca-4c9d-9467-7720556f4b2e,2026-06-22T19:45:00Z,2026-06-22T21:45:00+0200,34.23278,MW,DE,DE_LU,forecast_solar_generation,Solar,2026-06-25T11:27:13Z
2026-06-25T11:25:56Z,2026-06-25T13:25:56+0200,aad9710e-10ca-4c9d-9467-7720556f4b2e,2026-06-22T20:00:00Z,2026-06-22T22:00:00+0200,11.15048,MW,DE,DE_LU,forecast_solar_generation,Solar,2026-06-25T11:27:13Z
2026-06-25T11:25:56Z,2026-06-25T13:25:56+0200,aad9710e-10ca-4c9d-9467-7720556f4b2e,2026-06-22T20:15:00Z,2026-06-22T22:15:00+0200,0.0,MW,DE,DE_LU,forecast_solar_generation,Solar,2026-06-25T11:27:13Z
2026-06-25T11:25:56Z,2026-06-25T13:25:56+0200,aad9710e-10ca-4c9d-9467-7720556f4b2e,2026-06-22T20:30:00Z,2026-06-22T22:30:00+0200,0.0,MW,DE,DE_LU,forecast_solar_generation,Solar,2026-06-25T11:27:13Z
2026-06-25T11:25:56Z,2026-06-25T13:25:56+0200,aad9710e-10ca-4c9d-9467-7720556f4b2e,2026-06-22T20:45:00Z,2026-06-22T22:45:00+0200,0.0,MW,DE,DE_LU,forecast_solar_generation,Solar,2026-06-25T11:27:13Z
2026-06-25T11:25:56Z,2026-06-25T13:25:56+0200,aad9710e-10ca-4c9d-9467-7720556f4b2e,2026-06-22T21:00:00Z,2026-06-22T23:00:00+0200,0.0,MW,DE,DE_LU,forecast_solar_generation,Solar,2026-06-25T11:27:13Z
2026-06-25T11:25:56Z,2026-06-25T13:25:56+0200,aad9710e-10ca-4c9d-9467-7720556f4b2e,2026-06-22T21:15:00Z,2026-06-22T23:15:00+0200,0.0,MW,DE,DE_LU,forecast_solar_generation,Solar,2026-06-25T11:27:13Z
2026-06-25T11:25:56Z,2026-06-25T13:25:56+0200,aad9710e-10ca-4c9d-9467-7720556f4b2e,2026-06-22T21:30:00Z,2026-06-22T23:30:00+0200,0.0,MW,DE,DE_LU,forecast_solar_generation,Solar,2026-06-25T11:27:13Z
2026-06-25T11:25:56Z,2026-06-25T13:25:56+0200,aad9710e-10ca-4c9d-9467-7720556f4b2e,2026-06-22T21:45:00Z,2026-06-22T23:45:00+0200,0.0,MW,DE,DE_LU,forecast_solar_generation,Solar,2026-06-25T11:27:13Z
2026-06-25T11:25:56Z,2026-06-25T13:25:56+0200,aad9710e-10ca-4c9d-9467-7720556f4b2e,2026-06-22T22:00:00Z,2026-06-23T00:00:00+0200,0.0,MW,DE,DE_LU,forecast_solar_generation,Solar,2026-06-25T11:27:13Z
2026-06-25T11:25:56Z,2026-06-25T13:25:56+0200,aad9710e-10ca-4c9d-9467-7720556f4b2e,2026-06-22T22:15:00Z,2026-06-23T00:15:00+0200,0.0,MW,DE,DE_LU,forecast_solar_generation,Solar,2026-06-25T11:27:13Z
2026-06-25T11:25:56Z,2026-06-25T13:25:56+0200,aad9710e-10ca-4c9d-9467-7720556f4b2e,2026-06-22T22:30:00Z,2026-06-23T00:30:00+0200,0.0,MW,DE,DE_LU,forecast_solar_generation,Solar,2026-06-25T11:27:13Z
2026-06-25T11:25:56Z,2026-06-25T13:25:56+0200,aad9710e-10ca-4c9d-9467-7720556f4b2e,2026-06-22T22:45:00Z,2026-06-23T00:45:00+0200,0.0,MW,DE,DE_LU,forecast_solar_generation,Solar,2026-06-25T11:27:13Z
2026-06-25T11:25:56Z,2026-06-25T13:25:56+0200,aad9710e-10ca-4c9d-9467-7720556f4b2e,2026-06-22T23:00:00Z,2026-06-23T01:00:00+0200,0.0,MW,DE,DE_LU,forecast_solar_generation,Solar,2026-06-25T11:27:13Z
2026-06-25T11:25:56Z,2026-06-25T13:25:56+0200,aad9710e-10ca-4c9d-9467-7720556f4b2e,2026-06-22T23:15:00Z,2026-06-23T01:15:00+0200,0.0,MW,DE,DE_LU,forecast_solar_generation,Solar,2026-06-25T11:27:13Z
2026-06-25T11:25:56Z,2026-06-25T13:25:56+0200,aad9710e-10ca-4c9d-9467-7720556f4b2e,2026-06-22T23:30:00Z,2026-06-23T01:30:00+0200,0.0,MW,DE,DE_LU,forecast_solar_generation,Solar,2026-06-25T11:27:13Z
2026-06-25T11:25:56Z,2026-06-25T13:25:56+0200,aad9710e-10ca-4c9d-9467-7720556f4b2e,2026-06-22T23:45:00Z,2026-06-23T01:45:00+0200,0.0,MW,DE,DE_LU,forecast_solar_generation,Solar,2026-06-25T11:27:13Z
2026-06-25T11:25:56Z,2026-06-25T13:25:56+0200,aad9710e-10ca-4c9d-9467-7720556f4b2e,2026-06-23T00:00:00Z,2026-06-23T02:00:00+0200,0.0,MW,DE,DE_LU,forecast_solar_generation,Solar,2026-06-25T11:27:13Z
2026-06-25T11:25:56Z,2026-06-25T13:25:56+0200,aad9710e-10ca-4c9d-9467-7720556f4b2e,2026-06-23T00:15:00Z,2026-06-23T02:15:00+0200,0.0,MW,DE,DE_LU,forecast_solar_generation,Solar,2026-06-25T11:27:13Z
2026-06-25T11:25:56Z,2026-06-25T13:25:56+0200,aad9710e-10ca-4c9d-9467-7720556f4b2e,2026-06-23T00:30:00Z,2026-06-23T02:30:00+0200,0.0,MW,DE,DE_LU,forecast_solar_generation,Solar,2026-06-25T11:27:13Z
2026-06-25T11:25:56Z,2026-06-25T13:25:56+0200,aad9710e-10ca-4c9d-9467-7720556f4b2e,2026-06-23T00:45:00Z,2026-06-23T02:45:00+0200,0.0,MW,DE,DE_LU,forecast_solar_generation,Solar,2026-06-25T11:27:13Z
2026-06-25T11:25:56Z,2026-06-25T13:25:56+0200,aad9710e-10ca-4c9d-9467-7720556f4b2e,2026-06-23T01:00:00Z,2026-06-23T03:00:00+0200,0.0,MW,DE,DE_LU,forecast_solar_generation,Solar,2026-06-25T11:27:13Z
2026-06-25T11:25:56Z,2026-06-25T13:25:56+0200,aad9710e-10ca-4c9d-9467-7720556f4b2e,2026-06-23T01:15:00Z,2026-06-23T03:15:00+0200,0.0,MW,DE,DE_LU,forecast_solar_generation,Solar,2026-06-25T11:27:13Z
2026-06-25T11:25:56Z,2026-06-25T13:25:56+0200,aad9710e-10ca-4c9d-9467-7720556f4b2e,2026-06-23T01:30:00Z,2026-06-23T03:30:00+0200,0.0,MW,DE,DE_LU,forecast_solar_generation,Solar,2026-06-25T11:27:13Z
2026-06-25T11:25:56Z,2026-06-25T13:25:56+0200,aad9710e-10ca-4c9d-9467-7720556f4b2e,2026-06-23T01:45:00Z,2026-06-23T03:45:00+0200,0.0,MW,DE,DE_LU,forecast_solar_generation,Solar,2026-06-25T11:27:13Z
2026-06-25T11:25:56Z,2026-06-25T13:25:56+0200,aad9710e-10ca-4c9d-9467-7720556f4b2e,2026-06-23T02:00:00Z,2026-06-23T04:00:00+0200,0.0,MW,DE,DE_LU,forecast_solar_generation,Solar,2026-06-25T11:27:13Z
2026-06-25T11:25:56Z,2026-06-25T13:25:56+0200,aad9710e-10ca-4c9d-9467-7720556f4b2e,2026-06-23T02:15:00Z,2026-06-23T04:15:00+0200,0.0,MW,DE,DE_LU,forecast_solar_generation,Solar,2026-06-25T11:27:13Z
2026-06-25T11:25:56Z,2026-06-25T13:25:56+0200,aad9710e-10ca-4c9d-9467-7720556f4b2e,2026-06-23T02:30:00Z,2026-06-23T04:30:00+0200,0.65,MW,DE,DE_LU,forecast_solar_generation,Solar,2026-06-25T11:27:13Z
2026-06-25T11:25:56Z,2026-06-25T13:25:56+0200,aad9710e-10ca-4c9d-9467-7720556f4b2e,2026-06-23T02:45:00Z,2026-06-23T04:45:00+0200,39.66051,MW,DE,DE_LU,forecast_solar_generation,Solar,2026-06-25T11:27:13Z
2026-06-25T11:25:56Z,2026-06-25T13:25:56+0200,aad9710e-10ca-4c9d-9467-7720556f4b2e,2026-06-23T03:00:00Z,2026-06-23T05:00:00+0200,148.16554,MW,DE,DE_LU,forecast_solar_generation,Solar,2026-06-25T11:27:13Z
2026-06-25T11:25:56Z,2026-06-25T13:25:56+0200,aad9710e-10ca-4c9d-9467-7720556f4b2e,2026-06-23T03:15:00Z,2026-06-23T05:15:00+0200,456.45031,MW,DE,DE_LU,forecast_solar_generation,Solar,2026-06-25T11:27:13Z
2026-06-25T11:25:56Z,2026-06-25T13:25:56+0200,aad9710e-10ca-4c9d-9467-7720556f4b2e,2026-06-23T03:30:00Z,2026-06-23T05:30:00+0200,968.24749,MW,DE,DE_LU,forecast_solar_generation,Solar,2026-06-25T11:27:13Z
2026-06-25T11:25:56Z,2026-06-25T13:25:56+0200,aad9710e-10ca-4c9d-9467-7720556f4b2e,2026-06-23T03:45:00Z,2026-06-23T05:45:00+0200,1733.6623,MW,DE,DE_LU,forecast_solar_generation,Solar,2026-06-25T11:27:13Z
2026-06-25T11:25:56Z,2026-06-25T13:25:56+0200,aad9710e-10ca-4c9d-9467-7720556f4b2e,2026-06-23T04:00:00Z,2026-06-23T06:00:00+0200,2751.35148,MW,DE,DE_LU,forecast_solar_generation,Solar,2026-06-25T11:27:13Z
2026-06-25T11:25:56Z,2026-06-25T13:25:56+0200,aad9710e-10ca-4c9d-9467-7720556f4b2e,2026-06-23T04:15:00Z,2026-06-23T06:15:00+0200,3971.90193,MW,DE,DE_LU,forecast_solar_generation,Solar,2026-06-25T11:27:13Z
2026-06-25T11:25:56Z,2026-06-25T13:25:56+0200,aad9710e-10ca-4c9d-9467-7720556f4b2e,2026-06-23T04:30:00Z,2026-06-23T06:30:00+0200,5389.00273,MW,DE,DE_LU,forecast_solar_generation,Solar,2026-06-25T11:27:13Z
2026-06-25T11:25:56Z,2026-06-25T13:25:56+0200,aad9710e-10ca-4c9d-9467-7720556f4b2e,2026-06-23T04:45:00Z,2026-06-23T06:45:00+0200,7015.7109,MW,DE,DE_LU,forecast_solar_generation,Solar,2026-06-25T11:27:13Z
2026-06-25T11:25:56Z,2026-06-25T13:25:56+0200,aad9710e-10ca-4c9d-9467-7720556f4b2e,2026-06-23T05:00:00Z,2026-06-23T07:00:00+0200,8911.15631,MW,DE,DE_LU,forecast_solar_generation,Solar,2026-06-25T11:27:13Z
2026-06-25T11:25:56Z,2026-06-25T13:25:56+0200,aad9710e-10ca-4c9d-9467-7720556f4b2e,2026-06-23T05:15:00Z,2026-06-23T07:15:00+0200,11144.81284,MW,DE,DE_LU,forecast_solar_generation,Solar,2026-06-25T11:27:13Z
2026-06-25T11:25:56Z,2026-06-25T13:25:56+0200,aad9710e-10ca-4c9d-9467-7720556f4b2e,2026-06-23T05:30:00Z,2026-06-23T07:30:00+0200,13667.52072,MW,DE,DE_LU,forecast_solar_generation,Solar,2026-06-25T11:27:13Z
2026-06-25T11:25:56Z,2026-06-25T13:25:56+0200,aad9710e-10ca-4c9d-9467-7720556f4b2e,2026-06-23T05:45:00Z,2026-06-23T07:45:00+0200,16318.30963,MW,DE,DE_LU,forecast_solar_generation,Solar,2026-06-25T11:27:13Z
2026-06-25T11:25:56Z,2026-06-25T13:25:56+0200,aad9710e-10ca-4c9d-9467-7720556f4b2e,2026-06-23T06:00:00Z,2026-06-23T08:00:00+0200,19062.90107,MW,DE,DE_LU,forecast_solar_generation,Solar,2026-06-25T11:27:13Z
2026-06-25T11:25:56Z,2026-06-25T13:25:56+0200,aad9710e-10ca-4c9d-9467-7720556f4b2e,2026-06-23T06:15:00Z,2026-06-23T08:15:00+0200,21843.15914,MW,DE,DE_LU,forecast_solar_generation,Solar,2026-06-25T11:27:13Z
2026-06-25T11:25:56Z,2026-06-25T13:25:56+0200,aad9710e-10ca-4c9d-9467-7720556f4b2e,2026-06-23T06:30:00Z,2026-06-23T08:30:00+0200,24566.82126,MW,DE,DE_LU,forecast_solar_generation,Solar,2026-06-25T11:27:13Z
2026-06-25T11:25:56Z,2026-06-25T13:25:56+0200,aad9710e-10ca-4c9d-9467-7720556f4b2e,2026-06-23T06:45:00Z,2026-06-23T08:45:00+0200,27226.30443,MW,DE,DE_LU,forecast_solar_generation,Solar,2026-06-25T11:27:13Z
2026-06-25T11:25:56Z,2026-06-25T13:25:56+0200,aad9710e-10ca-4c9d-9467-7720556f4b2e,2026-06-23T07:00:00Z,2026-06-23T09:00:00+0200,29780.73247,MW,DE,DE_LU,forecast_solar_generation,Solar,2026-06-25T11:27:13Z
2026-06-25T11:25:56Z,2026-06-25T13:25:56+0200,aad9710e-10ca-4c9d-9467-7720556f4b2e,2026-06-23T07:15:00Z,2026-06-23T09:15:00+0200,32247.61013,MW,DE,DE_LU,forecast_solar_generation,Solar,2026-06-25T11:27:13Z
2026-06-25T11:25:56Z,2026-06-25T13:25:56+0200,aad9710e-10ca-4c9d-9467-7720556f4b2e,2026-06-23T07:30:00Z,2026-06-23T09:30:00+0200,34609.7324,MW,DE,DE_LU,forecast_solar_generation,Solar,2026-06-25T11:27:13Z
2026-06-25T11:25:56Z,2026-06-25T13:25:56+0200,aad9710e-10ca-4c9d-9467-7720556f4b2e,2026-06-23T07:45:00Z,2026-06-23T09:45:00+0200,36789.07444,MW,DE,DE_LU,forecast_solar_generation,Solar,2026-06-25T11:27:13Z
2026-06-25T11:25:56Z,2026-06-25T13:25:56+0200,aad9710e-10ca-4c9d-9467-7720556f4b2e,2026-06-23T08:00:00Z,2026-06-23T10:00:00+0200,38756.72577,MW,DE,DE_LU,forecast_solar_generation,Solar,2026-06-25T11:27:13Z
2026-06-25T11:25:56Z,2026-06-25T13:25:56+0200,aad9710e-10ca-4c9d-9467-7720556f4b2e,2026-06-23T08:15:00Z,2026-06-23T10:15:00+0200,40570.21953,MW,DE,DE_LU,forecast_solar_generation,Solar,2026-06-25T11:27:13Z
2026-06-25T11:25:56Z,2026-06-25T13:25:56+0200,aad9710e-10ca-4c9d-9467-7720556f4b2e,2026-06-23T08:30:00Z,2026-06-23T10:30:00+0200,42192.07398,MW,DE,DE_LU,forecast_solar_generation,Solar,2026-06-25T11:27:13Z
2026-06-25T11:25:56Z,2026-06-25T13:25:56+0200,aad9710e-10ca-4c9d-9467-7720556f4b2e,2026-06-23T08:45:00Z,2026-06-23T10:45:00+0200,43665.98443,MW,DE,DE_LU,forecast_solar_generation,Solar,2026-06-25T11:27:13Z
2026-06-25T11:25:56Z,2026-06-25T13:25:56+0200,aad9710e-10ca-4c9d-9467-7720556f4b2e,2026-06-23T09:00:00Z,2026-06-23T11:00:00+0200,44988.94208,MW,DE,DE_LU,forecast_solar_generation,Solar,2026-06-25T11:27:13Z
2026-06-25T11:25:56Z,2026-06-25T13:25:56+0200,aad9710e-10ca-4c9d-9467-7720556f4b2e,2026-06-23T09:15:00Z,2026-06-23T11:15:00+0200,46153.80043,MW,DE,DE_LU,forecast_solar_generation,Solar,2026-06-25T11:27:13Z
2026-06-25T11:25:56Z,2026-06-25T13:25:56+0200,aad9710e-10ca-4c9d-9467-7720556f4b2e,2026-06-23T09:30:00Z,2026-06-23T11:30:00+0200,47169.02083,MW,DE,DE_LU,forecast_solar_generation,Solar,2026-06-25T11:27:13Z
2026-06-25T11:25:56Z,2026-06-25T13:25:56+0200,aad9710e-10ca-4c9d-9467-7720556f4b2e,2026-06-23T09:45:00Z,2026-06-23T11:45:00+0200,48055.77764,MW,DE,DE_LU,forecast_solar_generation,Solar,2026-06-25T11:27:13Z
2026-06-25T11:25:56Z,2026-06-25T13:25:56+0200,aad9710e-10ca-4c9d-9467-7720556f4b2e,2026-06-23T10:00:00Z,2026-06-23T12:00:00+0200,48755.0767,MW,DE,DE_LU,forecast_solar_generation,Solar,2026-06-25T11:27:13Z
2026-06-25T11:25:56Z,2026-06-25T13:25:56+0200,aad9710e-10ca-4c9d-9467-7720556f4b2e,2026-06-23T10:15:00Z,2026-06-23T12:15:00+0200,49260.86601,MW,DE,DE_LU,forecast_solar_generation,Solar,2026-06-25T11:27:13Z
2026-06-25T11:25:56Z,2026-06-25T13:25:56+0200,aad9710e-10ca-4c9d-9467-7720556f4b2e,2026-06-23T10:30:00Z,2026-06-23T12:30:00+0200,49644.21667,MW,DE,DE_LU,forecast_solar_generation,Solar,2026-06-25T11:27:13Z
2026-06-25T11:25:56Z,2026-06-25T13:25:56+0200,aad9710e-10ca-4c9d-9467-7720556f4b2e,2026-06-23T10:45:00Z,2026-06-23T12:45:00+0200,49890.71535,MW,DE,DE_LU,forecast_solar_generation,Solar,2026-06-25T11:27:13Z
2026-06-25T11:25:56Z,2026-06-25T13:25:56+0200,aad9710e-10ca-4c9d-9467-7720556f4b2e,2026-06-23T11:00:00Z,2026-06-23T13:00:00+0200,49986.37478,MW,DE,DE_LU,forecast_solar_generation,Solar,2026-06-25T11:27:13Z
2026-06-25T11:25:56Z,2026-06-25T13:25:56+0200,aad9710e-10ca-4c9d-9467-7720556f4b2e,2026-06-23T11:15:00Z,2026-06-23T13:15:00+0200,49877.72599,MW,DE,DE_LU,forecast_solar_generation,Solar,2026-06-25T11:27:13Z
2026-06-25T11:25:56Z,2026-06-25T13:25:56+0200,aad9710e-10ca-4c9d-9467-7720556f4b2e,2026-06-23T11:30:00Z,2026-06-23T13:30:00+0200,49677.46046,MW,DE,DE_LU,forecast_solar_generation,Solar,2026-06-25T11:27:13Z
2026-06-25T11:25:56Z,2026-06-25T13:25:56+0200,aad9710e-10ca-4c9d-9467-7720556f4b2e,2026-06-23T11:45:00Z,2026-06-23T13:45:00+0200,49380.36853,MW,DE,DE_LU,forecast_solar_generation,Solar,2026-06-25T11:27:13Z
2026-06-25T11:25:56Z,2026-06-25T13:25:56+0200,aad9710e-10ca-4c9d-9467-7720556f4b2e,2026-06-23T12:00:00Z,2026-06-23T14:00:00+0200,48972.03374,MW,DE,DE_LU,forecast_solar_generation,Solar,2026-06-25T11:27:13Z
2026-06-25T11:25:56Z,2026-06-25T13:25:56+0200,aad9710e-10ca-4c9d-9467-7720556f4b2e,2026-06-23T12:15:00Z,2026-06-23T14:15:00+0200,48436.33011,MW,DE,DE_LU,forecast_solar_generation,Solar,2026-06-25T11:27:13Z
2026-06-25T11:25:56Z,2026-06-25T13:25:56+0200,aad9710e-10ca-4c9d-9467-7720556f4b2e,2026-06-23T12:30:00Z,2026-06-23T14:30:00+0200,47804.32123,MW,DE,DE_LU,forecast_solar_generation,Solar,2026-06-25T11:27:13Z
2026-06-25T11:25:56Z,2026-06-25T13:25:56+0200,aad9710e-10ca-4c9d-9467-7720556f4b2e,2026-06-23T12:45:00Z,2026-06-23T14:45:00+0200,47037.09832,MW,DE,DE_LU,forecast_solar_generation,Solar,2026-06-25T11:27:13Z
2026-06-25T11:25:56Z,2026-06-25T13:25:56+0200,aad9710e-10ca-4c9d-9467-7720556f4b2e,2026-06-23T13:00:00Z,2026-06-23T15:00:00+0200,46066.27388,MW,DE,DE_LU,forecast_solar_generation,Solar,2026-06-25T11:27:13Z
2026-06-25T11:25:56Z,2026-06-25T13:25:56+0200,aad9710e-10ca-4c9d-9467-7720556f4b2e,2026-06-23T13:15:00Z,2026-06-23T15:15:00+0200,44957.6604,MW,DE,DE_LU,forecast_solar_generation,Solar,2026-06-25T11:27:13Z
2026-06-25T11:25:56Z,2026-06-25T13:25:56+0200,aad9710e-10ca-4c9d-9467-7720556f4b2e,2026-06-23T13:30:00Z,2026-06-23T15:30:00+0200,43747.65705,MW,DE,DE_LU,forecast_solar_generation,Solar,2026-06-25T11:27:13Z
2026-06-25T11:25:56Z,2026-06-25T13:25:56+0200,aad9710e-10ca-4c9d-9467-7720556f4b2e,2026-06-23T13:45:00Z,2026-06-23T15:45:00+0200,42437.45012,MW,DE,DE_LU,forecast_solar_generation,Solar,2026-06-25T11:27:13Z
2026-06-25T11:25:56Z,2026-06-25T13:25:56+0200,aad9710e-10ca-4c9d-9467-7720556f4b2e,2026-06-23T14:00:00Z,2026-06-23T16:00:00+0200,40962.73654,MW,DE,DE_LU,forecast_solar_generation,Solar,2026-06-25T11:27:13Z
2026-06-25T11:25:56Z,2026-06-25T13:25:56+0200,aad9710e-10ca-4c9d-9467-7720556f4b2e,2026-06-23T14:15:00Z,2026-06-23T16:15:00+0200,39317.31487,MW,DE,DE_LU,forecast_solar_generation,Solar,2026-06-25T11:27:13Z
2026-06-25T11:25:56Z,2026-06-25T13:25:56+0200,aad9710e-10ca-4c9d-9467-7720556f4b2e,2026-06-23T14:30:00Z,2026-06-23T16:30:00+0200,37509.42272,MW,DE,DE_LU,forecast_solar_generation,Solar,2026-06-25T11:27:13Z
2026-06-25T11:25:56Z,2026-06-25T13:25:56+0200,aad9710e-10ca-4c9d-9467-7720556f4b2e,2026-06-23T14:45:00Z,2026-06-23T16:45:00+0200,35536.63465,MW,DE,DE_LU,forecast_solar_generation,Solar,2026-06-25T11:27:13Z
2026-06-25T11:25:56Z,2026-06-25T13:25:56+0200,aad9710e-10ca-4c9d-9467-7720556f4b2e,2026-06-23T15:00:00Z,2026-06-23T17:00:00+0200,33383.72265,MW,DE,DE_LU,forecast_solar_generation,Solar,2026-06-25T11:27:13Z
2026-06-25T11:25:56Z,2026-06-25T13:25:56+0200,aad9710e-10ca-4c9d-9467-7720556f4b2e,2026-06-23T15:15:00Z,2026-06-23T17:15:00+0200,31054.97831,MW,DE,DE_LU,forecast_solar_generation,Solar,2026-06-25T11:27:13Z
2026-06-25T11:25:56Z,2026-06-25T13:25:56+0200,aad9710e-10ca-4c9d-9467-7720556f4b2e,2026-06-23T15:30:00Z,2026-06-23T17:30:00+0200,28598.24416,MW,DE,DE_LU,forecast_solar_generation,Solar,2026-06-25T11:27:13Z
2026-06-25T11:25:56Z,2026-06-25T13:25:56+0200,aad9710e-10ca-4c9d-9467-7720556f4b2e,2026-06-23T15:45:00Z,2026-06-23T17:45:00+0200,26039.75161,MW,DE,DE_LU,forecast_solar_generation,Solar,2026-06-25T11:27:13Z
2026-06-25T11:25:56Z,2026-06-25T13:25:56+0200,aad9710e-10ca-4c9d-9467-7720556f4b2e,2026-06-23T16:00:00Z,2026-06-23T18:00:00+0200,23397.40258,MW,DE,DE_LU,forecast_solar_generation,Solar,2026-06-25T11:27:13Z
2026-06-25T11:25:56Z,2026-06-25T13:25:56+0200,aad9710e-10ca-4c9d-9467-7720556f4b2e,2026-06-23T16:15:00Z,2026-06-23T18:15:00+0200,20687.12418,MW,DE,DE_LU,forecast_solar_generation,Solar,2026-06-25T11:27:13Z
2026-06-25T11:25:56Z,2026-06-25T13:25:56+0200,aad9710e-10ca-4c9d-9467-7720556f4b2e,2026-06-23T16:30:00Z,2026-06-23T18:30:00+0200,17957.33281,MW,DE,DE_LU,forecast_solar_generation,Solar,2026-06-25T11:27:13Z
2026-06-25T11:25:56Z,2026-06-25T13:25:56+0200,aad9710e-10ca-4c9d-9467-7720556f4b2e,2026-06-23T16:45:00Z,2026-06-23T18:45:00+0200,15259.91462,MW,DE,DE_LU,forecast_solar_generation,Solar,2026-06-25T11:27:13Z
2026-06-25T11:25:56Z,2026-06-25T13:25:56+0200,aad9710e-10ca-4c9d-9467-7720556f4b2e,2026-06-23T17:00:00Z,2026-06-23T19:00:00+0200,12654.0543,MW,DE,DE_LU,forecast_solar_generation,Solar,2026-06-25T11:27:13Z
2026-06-25T11:25:56Z,2026-06-25T13:25:56+0200,aad9710e-10ca-4c9d-9467-7720556f4b2e,2026-06-23T17:15:00Z,2026-06-23T19:15:00+0200,10223.67219,MW,DE,DE_LU,forecast_solar_generation,Solar,2026-06-25T11:27:13Z
2026-06-25T11:25:56Z,2026-06-25T13:25:56+0200,aad9710e-10ca-4c9d-9467-7720556f4b2e,2026-06-23T17:30:00Z,2026-06-23T19:30:00+0200,8085.34957,MW,DE,DE_LU,forecast_solar_generation,Solar,2026-06-25T11:27:13Z
2026-06-25T11:25:56Z,2026-06-25T13:25:56+0200,aad9710e-10ca-4c9d-9467-7720556f4b2e,2026-06-23T17:45:00Z,2026-06-23T19:45:00+0200,6294.18354,MW,DE,DE_LU,forecast_solar_generation,Solar,2026-06-25T11:27:13Z
2026-06-25T11:25:56Z,2026-06-25T13:25:56+0200,aad9710e-10ca-4c9d-9467-7720556f4b2e,2026-06-23T18:00:00Z,2026-06-23T20:00:00+0200,4768.9849,MW,DE,DE_LU,forecast_solar_generation,Solar,2026-06-25T11:27:13Z
2026-06-25T11:25:56Z,2026-06-25T13:25:56+0200,aad9710e-10ca-4c9d-9467-7720556f4b2e,2026-06-23T18:15:00Z,2026-06-23T20:15:00+0200,3455.29891,MW,DE,DE_LU,forecast_solar_generation,Solar,2026-06-25T11:27:13Z
2026-06-25T11:25:56Z,2026-06-25T13:25:56+0200,aad9710e-10ca-4c9d-9467-7720556f4b2e,2026-06-23T18:30:00Z,2026-06-23T20:30:00+0200,2345.39152,MW,DE,DE_LU,forecast_solar_generation,Solar,2026-06-25T11:27:13Z
2026-06-25T11:25:56Z,2026-06-25T13:25:56+0200,aad9710e-10ca-4c9d-9467-7720556f4b2e,2026-06-23T18:45:00Z,2026-06-23T20:45:00+0200,1452.59269,MW,DE,DE_LU,forecast_solar_generation,Solar,2026-06-25T11:27:13Z
2026-06-25T11:25:56Z,2026-06-25T13:25:56+0200,aad9710e-10ca-4c9d-9467-7720556f4b2e,2026-06-23T19:00:00Z,2026-06-23T21:00:00+0200,767.03266,MW,DE,DE_LU,forecast_solar_generation,Solar,2026-06-25T11:27:13Z
2026-06-25T11:25:56Z,2026-06-25T13:25:56+0200,aad9710e-10ca-4c9d-9467-7720556f4b2e,2026-06-23T19:15:00Z,2026-06-23T21:15:00+0200,320.96865,MW,DE,DE_LU,forecast_solar_generation,Solar,2026-06-25T11:27:13Z
2026-06-25T11:25:56Z,2026-06-25T13:25:56+0200,aad9710e-10ca-4c9d-9467-7720556f4b2e,2026-06-23T19:30:00Z,2026-06-23T21:30:00+0200,108.65348,MW,DE,DE_LU,forecast_solar_generation,Solar,2026-06-25T11:27:13Z
2026-06-25T11:25:56Z,2026-06-25T13:25:56+0200,aad9710e-10ca-4c9d-9467-7720556f4b2e,2026-06-23T19:45:00Z,2026-06-23T21:45:00+0200,35.85605,MW,DE,DE_LU,forecast_solar_generation,Solar,2026-06-25T11:27:13Z
2026-06-25T11:25:56Z,2026-06-25T13:25:56+0200,aad9710e-10ca-4c9d-9467-7720556f4b2e,2026-06-23T20:00:00Z,2026-06-23T22:00:00+0200,11.78697,MW,DE,DE_LU,forecast_solar_generation,Solar,2026-06-25T11:27:13Z
2026-06-25T11:25:56Z,2026-06-25T13:25:56+0200,aad9710e-10ca-4c9d-9467-7720556f4b2e,2026-06-23T20:15:00Z,2026-06-23T22:15:00+0200,0.0,MW,DE,DE_LU,forecast_solar_generation,Solar,2026-06-25T11:27:13Z
2026-06-25T11:25:56Z,2026-06-25T13:25:56+0200,aad9710e-10ca-4c9d-9467-7720556f4b2e,2026-06-23T20:30:00Z,2026-06-23T22:30:00+0200,0.0,MW,DE,DE_LU,forecast_solar_generation,Solar,2026-06-25T11:27:13Z
2026-06-25T11:25:56Z,2026-06-25T13:25:56+0200,aad9710e-10ca-4c9d-9467-7720556f4b2e,2026-06-23T20:45:00Z,2026-06-23T22:45:00+0200,0.0,MW,DE,DE_LU,forecast_solar_generation,Solar,2026-06-25T11:27:13Z
2026-06-25T11:25:56Z,2026-06-25T13:25:56+0200,aad9710e-10ca-4c9d-9467-7720556f4b2e,2026-06-23T21:00:00Z,2026-06-23T23:00:00+0200,0.0,MW,DE,DE_LU,forecast_solar_generation,Solar,2026-06-25T11:27:13Z
2026-06-25T11:25:56Z,2026-06-25T13:25:56+0200,aad9710e-10ca-4c9d-9467-7720556f4b2e,2026-06-23T21:15:00Z,2026-06-23T23:15:00+0200,0.0,MW,DE,DE_LU,forecast_solar_generation,Solar,2026-06-25T11:27:13Z
2026-06-25T11:25:56Z,2026-06-25T13:25:56+0200,aad9710e-10ca-4c9d-9467-7720556f4b2e,2026-06-23T21:30:00Z,2026-06-23T23:30:00+0200,0.0,MW,DE,DE_LU,forecast_solar_generation,Solar,2026-06-25T11:27:13Z
2026-06-25T11:25:56Z,2026-06-25T13:25:56+0200,aad9710e-10ca-4c9d-9467-7720556f4b2e,2026-06-23T21:45:00Z,2026-06-23T23:45:00+0200,0.0,MW,DE,DE_LU,forecast_solar_generation,Solar,2026-06-25T11:27:13Z
2026-06-25T11:25:56Z,2026-06-25T13:25:56+0200,aad9710e-10ca-4c9d-9467-7720556f4b2e,2026-06-23T22:00:00Z,2026-06-24T00:00:00+0200,0.0,MW,DE,DE_LU,forecast_solar_generation,Solar,2026-06-25T11:27:13Z
2026-06-25T11:25:56Z,2026-06-25T13:25:56+0200,aad9710e-10ca-4c9d-9467-7720556f4b2e,2026-06-23T22:15:00Z,2026-06-24T00:15:00+0200,0.0,MW,DE,DE_LU,forecast_solar_generation,Solar,2026-06-25T11:27:13Z
2026-06-25T11:25:56Z,2026-06-25T13:25:56+0200,aad9710e-10ca-4c9d-9467-7720556f4b2e,2026-06-23T22:30:00Z,2026-06-24T00:30:00+0200,0.0,MW,DE,DE_LU,forecast_solar_generation,Solar,2026-06-25T11:27:13Z
2026-06-25T11:25:56Z,2026-06-25T13:25:56+0200,aad9710e-10ca-4c9d-9467-7720556f4b2e,2026-06-23T22:45:00Z,2026-06-24T00:45:00+0200,0.0,MW,DE,DE_LU,forecast_solar_generation,Solar,2026-06-25T11:27:13Z
2026-06-25T11:25:56Z,2026-06-25T13:25:56+0200,aad9710e-10ca-4c9d-9467-7720556f4b2e,2026-06-23T23:00:00Z,2026-06-24T01:00:00+0200,0.0,MW,DE,DE_LU,forecast_solar_generation,Solar,2026-06-25T11:27:13Z
2026-06-25T11:25:56Z,2026-06-25T13:25:56+0200,aad9710e-10ca-4c9d-9467-7720556f4b2e,2026-06-23T23:15:00Z,2026-06-24T01:15:00+0200,0.0,MW,DE,DE_LU,forecast_solar_generation,Solar,2026-06-25T11:27:13Z
2026-06-25T11:25:56Z,2026-06-25T13:25:56+0200,aad9710e-10ca-4c9d-9467-7720556f4b2e,2026-06-23T23:30:00Z,2026-06-24T01:30:00+0200,0.0,MW,DE,DE_LU,forecast_solar_generation,Solar,2026-06-25T11:27:13Z
2026-06-25T11:25:56Z,2026-06-25T13:25:56+0200,aad9710e-10ca-4c9d-9467-7720556f4b2e,2026-06-23T23:45:00Z,2026-06-24T01:45:00+0200,0.0,MW,DE,DE_LU,forecast_solar_generation,Solar,2026-06-25T11:27:13Z
2026-06-25T11:25:56Z,2026-06-25T13:25:56+0200,aad9710e-10ca-4c9d-9467-7720556f4b2e,2026-06-24T00:00:00Z,2026-06-24T02:00:00+0200,0.0,MW,DE,DE_LU,forecast_solar_generation,Solar,2026-06-25T11:27:13Z
2026-06-25T11:25:56Z,2026-06-25T13:25:56+0200,aad9710e-10ca-4c9d-9467-7720556f4b2e,2026-06-24T00:15:00Z,2026-06-24T02:15:00+0200,0.0,MW,DE,DE_LU,forecast_solar_generation,Solar,2026-06-25T11:27:13Z
2026-06-25T11:25:56Z,2026-06-25T13:25:56+0200,aad9710e-10ca-4c9d-9467-7720556f4b2e,2026-06-24T00:30:00Z,2026-06-24T02:30:00+0200,0.0,MW,DE,DE_LU,forecast_solar_generation,Solar,2026-06-25T11:27:13Z
2026-06-25T11:25:56Z,2026-06-25T13:25:56+0200,aad9710e-10ca-4c9d-9467-7720556f4b2e,2026-06-24T00:45:00Z,2026-06-24T02:45:00+0200,0.0,MW,DE,DE_LU,forecast_solar_generation,Solar,2026-06-25T11:27:13Z
2026-06-25T11:25:56Z,2026-06-25T13:25:56+0200,aad9710e-10ca-4c9d-9467-7720556f4b2e,2026-06-24T01:00:00Z,2026-06-24T03:00:00+0200,0.0,MW,DE,DE_LU,forecast_solar_generation,Solar,2026-06-25T11:27:13Z
2026-06-25T11:25:56Z,2026-06-25T13:25:56+0200,aad9710e-10ca-4c9d-9467-7720556f4b2e,2026-06-24T01:15:00Z,2026-06-24T03:15:00+0200,0.0,MW,DE,DE_LU,forecast_solar_generation,Solar,2026-06-25T11:27:13Z
2026-06-25T11:25:56Z,2026-06-25T13:25:56+0200,aad9710e-10ca-4c9d-9467-7720556f4b2e,2026-06-24T01:30:00Z,2026-06-24T03:30:00+0200,0.0,MW,DE,DE_LU,forecast_solar_generation,Solar,2026-06-25T11:27:13Z
2026-06-25T11:25:56Z,2026-06-25T13:25:56+0200,aad9710e-10ca-4c9d-9467-7720556f4b2e,2026-06-24T01:45:00Z,2026-06-24T03:45:00+0200,0.0,MW,DE,DE_LU,forecast_solar_generation,Solar,2026-06-25T11:27:13Z
2026-06-25T11:25:56Z,2026-06-25T13:25:56+0200,aad9710e-10ca-4c9d-9467-7720556f4b2e,2026-06-24T02:00:00Z,2026-06-24T04:00:00+0200,0.0,MW,DE,DE_LU,forecast_solar_generation,Solar,2026-06-25T11:27:13Z
2026-06-25T11:25:56Z,2026-06-25T13:25:56+0200,aad9710e-10ca-4c9d-9467-7720556f4b2e,2026-06-24T02:15:00Z,2026-06-24T04:15:00+0200,0.0,MW,DE,DE_LU,forecast_solar_generation,Solar,2026-06-25T11:27:13Z
2026-06-25T11:25:56Z,2026-06-25T13:25:56+0200,aad9710e-10ca-4c9d-9467-7720556f4b2e,2026-06-24T02:30:00Z,2026-06-24T04:30:00+0200,0.51,MW,DE,DE_LU,forecast_solar_generation,Solar,2026-06-25T11:27:13Z
2026-06-25T11:25:56Z,2026-06-25T13:25:56+0200,aad9710e-10ca-4c9d-9467-7720556f4b2e,2026-06-24T02:45:00Z,2026-06-24T04:45:00+0200,40.05176,MW,DE,DE_LU,forecast_solar_generation,Solar,2026-06-25T11:27:13Z
2026-06-25T11:25:56Z,2026-06-25T13:25:56+0200,aad9710e-10ca-4c9d-9467-7720556f4b2e,2026-06-24T03:00:00Z,2026-06-24T05:00:00+0200,171.22862,MW,DE,DE_LU,forecast_solar_generation,Solar,2026-06-25T11:27:13Z
2026-06-25T11:25:56Z,2026-06-25T13:25:56+0200,aad9710e-10ca-4c9d-9467-7720556f4b2e,2026-06-24T03:15:00Z,2026-06-24T05:15:00+0200,509.90582,MW,DE,DE_LU,forecast_solar_generation,Solar,2026-06-25T11:27:13Z
2026-06-25T11:25:56Z,2026-06-25T13:25:56+0200,aad9710e-10ca-4c9d-9467-7720556f4b2e,2026-06-24T03:30:00Z,2026-06-24T05:30:00+0200,1072.04011,MW,DE,DE_LU,forecast_solar_generation,Solar,2026-06-25T11:27:13Z
2026-06-25T11:25:56Z,2026-06-25T13:25:56+0200,aad9710e-10ca-4c9d-9467-7720556f4b2e,2026-06-24T03:45:00Z,2026-06-24T05:45:00+0200,1881.81126,MW,DE,DE_LU,forecast_solar_generation,Solar,2026-06-25T11:27:13Z
2026-06-25T11:25:56Z,2026-06-25T13:25:56+0200,aad9710e-10ca-4c9d-9467-7720556f4b2e,2026-06-24T04:00:00Z,2026-06-24T06:00:00+0200,2925.95292,MW,DE,DE_LU,forecast_solar_generation,Solar,2026-06-25T11:27:13Z
2026-06-25T11:25:56Z,2026-06-25T13:25:56+0200,aad9710e-10ca-4c9d-9467-7720556f4b2e,2026-06-24T04:15:00Z,2026-06-24T06:15:00+0200,4177.9018,MW,DE,DE_LU,forecast_solar_generation,Solar,2026-06-25T11:27:13Z
2026-06-25T11:25:56Z,2026-06-25T13:25:56+0200,aad9710e-10ca-4c9d-9467-7720556f4b2e,2026-06-24T04:30:00Z,2026-06-24T06:30:00+0200,5632.76607,MW,DE,DE_LU,forecast_solar_generation,Solar,2026-06-25T11:27:13Z
2026-06-25T11:25:56Z,2026-06-25T13:25:56+0200,aad9710e-10ca-4c9d-9467-7720556f4b2e,2026-06-24T04:45:00Z,2026-06-24T06:45:00+0200,7324.87896,MW,DE,DE_LU,forecast_solar_generation,Solar,2026-06-25T11:27:13Z
2026-06-25T11:25:56Z,2026-06-25T13:25:56+0200,aad9710e-10ca-4c9d-9467-7720556f4b2e,2026-06-24T05:00:00Z,2026-06-24T07:00:00+0200,9372.13842,MW,DE,DE_LU,forecast_solar_generation,Solar,2026-06-25T11:27:13Z
2026-06-25T11:25:56Z,2026-06-25T13:25:56+0200,aad9710e-10ca-4c9d-9467-7720556f4b2e,2026-06-24T05:15:00Z,2026-06-24T07:15:00+0200,11844.36601,MW,DE,DE_LU,forecast_solar_generation,Solar,2026-06-25T11:27:13Z
2026-06-25T11:25:56Z,2026-06-25T13:25:56+0200,aad9710e-10ca-4c9d-9467-7720556f4b2e,2026-06-24T05:30:00Z,2026-06-24T07:30:00+0200,14619.17019,MW,DE,DE_LU,forecast_solar_generation,Solar,2026-06-25T11:27:13Z
2026-06-25T11:25:56Z,2026-06-25T13:25:56+0200,aad9710e-10ca-4c9d-9467-7720556f4b2e,2026-06-24T05:45:00Z,2026-06-24T07:45:00+0200,17583.2375,MW,DE,DE_LU,forecast_solar_generation,Solar,2026-06-25T11:27:13Z
2026-06-25T11:25:56Z,2026-06-25T13:25:56+0200,aad9710e-10ca-4c9d-9467-7720556f4b2e,2026-06-24T06:00:00Z,2026-06-24T08:00:00+0200,20642.90628,MW,DE,DE_LU,forecast_solar_generation,Solar,2026-06-25T11:27:13Z
2026-06-25T11:25:56Z,2026-06-25T13:25:56+0200,aad9710e-10ca-4c9d-9467-7720556f4b2e,2026-06-24T06:15:00Z,2026-06-24T08:15:00+0200,23711.3188,MW,DE,DE_LU,forecast_solar_generation,Solar,2026-06-25T11:27:13Z
2026-06-25T11:25:56Z,2026-06-25T13:25:56+0200,aad9710e-10ca-4c9d-9467-7720556f4b2e,2026-06-24T06:30:00Z,2026-06-24T08:30:00+0200,26690.32156,MW,DE,DE_LU,forecast_solar_generation,Solar,2026-06-25T11:27:13Z
2026-06-25T11:25:56Z,2026-06-25T13:25:56+0200,aad9710e-10ca-4c9d-9467-7720556f4b2e,2026-06-24T06:45:00Z,2026-06-24T08:45:00+0200,29565.1922,MW,DE,DE_LU,forecast_solar_generation,Solar,2026-06-25T11:27:13Z
2026-06-25T11:25:56Z,2026-06-25T13:25:56+0200,aad9710e-10ca-4c9d-9467-7720556f4b2e,2026-06-24T07:00:00Z,2026-06-24T09:00:00+0200,32310.21625,MW,DE,DE_LU,forecast_solar_generation,Solar,2026-06-25T11:27:13Z
2026-06-25T11:25:56Z,2026-06-25T13:25:56+0200,aad9710e-10ca-4c9d-9467-7720556f4b2e,2026-06-24T07:15:00Z,2026-06-24T09:15:00+0200,34958.7038,MW,DE,DE_LU,forecast_solar_generation,Solar,2026-06-25T11:27:13Z
2026-06-25T11:25:56Z,2026-06-25T13:25:56+0200,aad9710e-10ca-4c9d-9467-7720556f4b2e,2026-06-24T07:30:00Z,2026-06-24T09:30:00+0200,37495.15288,MW,DE,DE_LU,forecast_solar_generation,Solar,2026-06-25T11:27:13Z
2026-06-25T11:25:56Z,2026-06-25T13:25:56+0200,aad9710e-10ca-4c9d-9467-7720556f4b2e,2026-06-24T07:45:00Z,2026-06-24T09:45:00+0200,39830.22372,MW,DE,DE_LU,forecast_solar_generation,Solar,2026-06-25T11:27:13Z
2026-06-25T11:25:56Z,2026-06-25T13:25:56+0200,aad9710e-10ca-4c9d-9467-7720556f4b2e,2026-06-24T08:00:00Z,2026-06-24T10:00:00+0200,41976.22306,MW,DE,DE_LU,forecast_solar_generation,Solar,2026-06-25T11:27:13Z
2026-06-25T11:25:56Z,2026-06-25T13:25:56+0200,aad9710e-10ca-4c9d-9467-7720556f4b2e,2026-06-24T08:15:00Z,2026-06-24T10:15:00+0200,43949.61014,MW,DE,DE_LU,forecast_solar_generation,Solar,2026-06-25T11:27:13Z
2026-06-25T11:25:56Z,2026-06-25T13:25:56+0200,aad9710e-10ca-4c9d-9467-7720556f4b2e,2026-06-24T08:30:00Z,2026-06-24T10:30:00+0200,45746.36728,MW,DE,DE_LU,forecast_solar_generation,Solar,2026-06-25T11:27:13Z
2026-06-25T11:25:56Z,2026-06-25T13:25:56+0200,aad9710e-10ca-4c9d-9467-7720556f4b2e,2026-06-24T08:45:00Z,2026-06-24T10:45:00+0200,47394.22826,MW,DE,DE_LU,forecast_solar_generation,Solar,2026-06-25T11:27:13Z
2026-06-25T11:25:56Z,2026-06-25T13:25:56+0200,aad9710e-10ca-4c9d-9467-7720556f4b2e,2026-06-24T09:00:00Z,2026-06-24T11:00:00+0200,48873.07004,MW,DE,DE_LU,forecast_solar_generation,Solar,2026-06-25T11:27:13Z
2026-06-25T11:25:56Z,2026-06-25T13:25:56+0200,aad9710e-10ca-4c9d-9467-7720556f4b2e,2026-06-24T09:15:00Z,2026-06-24T11:15:00+0200,50162.3626,MW,DE,DE_LU,forecast_solar_generation,Solar,2026-06-25T11:27:13Z
2026-06-25T11:25:56Z,2026-06-25T13:25:56+0200,aad9710e-10ca-4c9d-9467-7720556f4b2e,2026-06-24T09:30:00Z,2026-06-24T11:30:00+0200,51310.10617,MW,DE,DE_LU,forecast_solar_generation,Solar,2026-06-25T11:27:13Z
2026-06-25T11:25:56Z,2026-06-25T13:25:56+0200,aad9710e-10ca-4c9d-9467-7720556f4b2e,2026-06-24T09:45:00Z,2026-06-24T11:45:00+0200,52293.90877,MW,DE,DE_LU,forecast_solar_generation,Solar,2026-06-25T11:27:13Z
2026-06-25T11:25:56Z,2026-06-25T13:25:56+0200,aad9710e-10ca-4c9d-9467-7720556f4b2e,2026-06-24T10:00:00Z,2026-06-24T12:00:00+0200,53081.84217,MW,DE,DE_LU,forecast_solar_generation,Solar,2026-06-25T11:27:13Z
2026-06-25T11:25:56Z,2026-06-25T13:25:56+0200,aad9710e-10ca-4c9d-9467-7720556f4b2e,2026-06-24T10:15:00Z,2026-06-24T12:15:00+0200,53660.75392,MW,DE,DE_LU,forecast_solar_generation,Solar,2026-06-25T11:27:13Z
2026-06-25T11:25:56Z,2026-06-25T13:25:56+0200,aad9710e-10ca-4c9d-9467-7720556f4b2e,2026-06-24T10:30:00Z,2026-06-24T12:30:00+0200,54093.39072,MW,DE,DE_LU,forecast_solar_generation,Solar,2026-06-25T11:27:13Z
2026-06-25T11:25:56Z,2026-06-25T13:25:56+0200,aad9710e-10ca-4c9d-9467-7720556f4b2e,2026-06-24T10:45:00Z,2026-06-24T12:45:00+0200,54364.15873,MW,DE,DE_LU,forecast_solar_generation,Solar,2026-06-25T11:27:13Z
2026-06-25T11:25:56Z,2026-06-25T13:25:56+0200,aad9710e-10ca-4c9d-9467-7720556f4b2e,2026-06-24T11:00:00Z,2026-06-24T13:00:00+0200,54469.97826,MW,DE,DE_LU,forecast_solar_generation,Solar,2026-06-25T11:27:13Z
2026-06-25T11:25:56Z,2026-06-25T13:25:56+0200,aad9710e-10ca-4c9d-9467-7720556f4b2e,2026-06-24T11:15:00Z,2026-06-24T13:15:00+0200,54385.91703,MW,DE,DE_LU,forecast_solar_generation,Solar,2026-06-25T11:27:13Z
2026-06-25T11:25:56Z,2026-06-25T13:25:56+0200,aad9710e-10ca-4c9d-9467-7720556f4b2e,2026-06-24T11:30:00Z,2026-06-24T13:30:00+0200,54182.26565,MW,DE,DE_LU,forecast_solar_generation,Solar,2026-06-25T11:27:13Z
2026-06-25T11:25:56Z,2026-06-25T13:25:56+0200,aad9710e-10ca-4c9d-9467-7720556f4b2e,2026-06-24T11:45:00Z,2026-06-24T13:45:00+0200,53812.05583,MW,DE,DE_LU,forecast_solar_generation,Solar,2026-06-25T11:27:13Z
2026-06-25T11:25:56Z,2026-06-25T13:25:56+0200,aad9710e-10ca-4c9d-9467-7720556f4b2e,2026-06-24T12:00:00Z,2026-06-24T14:00:00+0200,53268.3794,MW,DE,DE_LU,forecast_solar_generation,Solar,2026-06-25T11:27:13Z
2026-06-25T11:25:56Z,2026-06-25T13:25:56+0200,aad9710e-10ca-4c9d-9467-7720556f4b2e,2026-06-24T12:15:00Z,2026-06-24T14:15:00+0200,52557.23727,MW,DE,DE_LU,forecast_solar_generation,Solar,2026-06-25T11:27:13Z
2026-06-25T11:25:56Z,2026-06-25T13:25:56+0200,aad9710e-10ca-4c9d-9467-7720556f4b2e,2026-06-24T12:30:00Z,2026-06-24T14:30:00+0200,51699.41786,MW,DE,DE_LU,forecast_solar_generation,Solar,2026-06-25T11:27:13Z
2026-06-25T11:25:56Z,2026-06-25T13:25:56+0200,aad9710e-10ca-4c9d-9467-7720556f4b2e,2026-06-24T12:45:00Z,2026-06-24T14:45:00+0200,50669.66249,MW,DE,DE_LU,forecast_solar_generation,Solar,2026-06-25T11:27:13Z
2026-06-25T11:25:56Z,2026-06-25T13:25:56+0200,aad9710e-10ca-4c9d-9467-7720556f4b2e,2026-06-24T13:00:00Z,2026-06-24T15:00:00+0200,49461.67378,MW,DE,DE_LU,forecast_solar_generation,Solar,2026-06-25T11:27:13Z
2026-06-25T11:25:56Z,2026-06-25T13:25:56+0200,aad9710e-10ca-4c9d-9467-7720556f4b2e,2026-06-24T13:15:00Z,2026-06-24T15:15:00+0200,48123.07275,MW,DE,DE_LU,forecast_solar_generation,Solar,2026-06-25T11:27:13Z
2026-06-25T11:25:56Z,2026-06-25T13:25:56+0200,aad9710e-10ca-4c9d-9467-7720556f4b2e,2026-06-24T13:30:00Z,2026-06-24T15:30:00+0200,46669.05851,MW,DE,DE_LU,forecast_solar_generation,Solar,2026-06-25T11:27:13Z
2026-06-25T11:25:56Z,2026-06-25T13:25:56+0200,aad9710e-10ca-4c9d-9467-7720556f4b2e,2026-06-24T13:45:00Z,2026-06-24T15:45:00+0200,45109.63351,MW,DE,DE_LU,forecast_solar_generation,Solar,2026-06-25T11:27:13Z
2026-06-25T11:25:56Z,2026-06-25T13:25:56+0200,aad9710e-10ca-4c9d-9467-7720556f4b2e,2026-06-24T14:00:00Z,2026-06-24T16:00:00+0200,43393.22415,MW,DE,DE_LU,forecast_solar_generation,Solar,2026-06-25T11:27:13Z
2026-06-25T11:25:56Z,2026-06-25T13:25:56+0200,aad9710e-10ca-4c9d-9467-7720556f4b2e,2026-06-24T14:15:00Z,2026-06-24T16:15:00+0200,41511.1856,MW,DE,DE_LU,forecast_solar_generation,Solar,2026-06-25T11:27:13Z
2026-06-25T11:25:56Z,2026-06-25T13:25:56+0200,aad9710e-10ca-4c9d-9467-7720556f4b2e,2026-06-24T14:30:00Z,2026-06-24T16:30:00+0200,39519.18579,MW,DE,DE_LU,forecast_solar_generation,Solar,2026-06-25T11:27:13Z
2026-06-25T11:25:56Z,2026-06-25T13:25:56+0200,aad9710e-10ca-4c9d-9467-7720556f4b2e,2026-06-24T14:45:00Z,2026-06-24T16:45:00+0200,37363.97487,MW,DE,DE_LU,forecast_solar_generation,Solar,2026-06-25T11:27:13Z
2026-06-25T11:25:56Z,2026-06-25T13:25:56+0200,aad9710e-10ca-4c9d-9467-7720556f4b2e,2026-06-24T15:00:00Z,2026-06-24T17:00:00+0200,35049.14583,MW,DE,DE_LU,forecast_solar_generation,Solar,2026-06-25T11:27:13Z
2026-06-25T11:25:56Z,2026-06-25T13:25:56+0200,aad9710e-10ca-4c9d-9467-7720556f4b2e,2026-06-24T15:15:00Z,2026-06-24T17:15:00+0200,32560.87628,MW,DE,DE_LU,forecast_solar_generation,Solar,2026-06-25T11:27:13Z
2026-06-25T11:25:56Z,2026-06-25T13:25:56+0200,aad9710e-10ca-4c9d-9467-7720556f4b2e,2026-06-24T15:30:00Z,2026-06-24T17:30:00+0200,29929.18309,MW,DE,DE_LU,forecast_solar_generation,Solar,2026-06-25T11:27:13Z
2026-06-25T11:25:56Z,2026-06-25T13:25:56+0200,aad9710e-10ca-4c9d-9467-7720556f4b2e,2026-06-24T15:45:00Z,2026-06-24T17:45:00+0200,27189.78186,MW,DE,DE_LU,forecast_solar_generation,Solar,2026-06-25T11:27:13Z
2026-06-25T11:25:56Z,2026-06-25T13:25:56+0200,aad9710e-10ca-4c9d-9467-7720556f4b2e,2026-06-24T16:00:00Z,2026-06-24T18:00:00+0200,24350.44355,MW,DE,DE_LU,forecast_solar_generation,Solar,2026-06-25T11:27:13Z
2026-06-25T11:25:56Z,2026-06-25T13:25:56+0200,aad9710e-10ca-4c9d-9467-7720556f4b2e,2026-06-24T16:15:00Z,2026-06-24T18:15:00+0200,21443.50206,MW,DE,DE_LU,forecast_solar_generation,Solar,2026-06-25T11:27:13Z
2026-06-25T11:25:56Z,2026-06-25T13:25:56+0200,aad9710e-10ca-4c9d-9467-7720556f4b2e,2026-06-24T16:30:00Z,2026-06-24T18:30:00+0200,18522.25647,MW,DE,DE_LU,forecast_solar_generation,Solar,2026-06-25T11:27:13Z
2026-06-25T11:25:56Z,2026-06-25T13:25:56+0200,aad9710e-10ca-4c9d-9467-7720556f4b2e,2026-06-24T16:45:00Z,2026-06-24T18:45:00+0200,15645.74173,MW,DE,DE_LU,forecast_solar_generation,Solar,2026-06-25T11:27:13Z
2026-06-25T11:25:56Z,2026-06-25T13:25:56+0200,aad9710e-10ca-4c9d-9467-7720556f4b2e,2026-06-24T17:00:00Z,2026-06-24T19:00:00+0200,12887.37205,MW,DE,DE_LU,forecast_solar_generation,Solar,2026-06-25T11:27:13Z
2026-06-25T11:25:56Z,2026-06-25T13:25:56+0200,aad9710e-10ca-4c9d-9467-7720556f4b2e,2026-06-24T17:15:00Z,2026-06-24T19:15:00+0200,10337.95033,MW,DE,DE_LU,forecast_solar_generation,Solar,2026-06-25T11:27:13Z
2026-06-25T11:25:56Z,2026-06-25T13:25:56+0200,aad9710e-10ca-4c9d-9467-7720556f4b2e,2026-06-24T17:30:00Z,2026-06-24T19:30:00+0200,8132.14288,MW,DE,DE_LU,forecast_solar_generation,Solar,2026-06-25T11:27:13Z
2026-06-25T11:25:56Z,2026-06-25T13:25:56+0200,aad9710e-10ca-4c9d-9467-7720556f4b2e,2026-06-24T17:45:00Z,2026-06-24T19:45:00+0200,6322.75624,MW,DE,DE_LU,forecast_solar_generation,Solar,2026-06-25T11:27:13Z
2026-06-25T11:25:56Z,2026-06-25T13:25:56+0200,aad9710e-10ca-4c9d-9467-7720556f4b2e,2026-06-24T18:00:00Z,2026-06-24T20:00:00+0200,4804.02339,MW,DE,DE_LU,forecast_solar_generation,Solar,2026-06-25T11:27:13Z
2026-06-25T11:25:56Z,2026-06-25T13:25:56+0200,aad9710e-10ca-4c9d-9467-7720556f4b2e,2026-06-24T18:15:00Z,2026-06-24T20:15:00+0200,3497.90075,MW,DE,DE_LU,forecast_solar_generation,Solar,2026-06-25T11:27:13Z
2026-06-25T11:25:56Z,2026-06-25T13:25:56+0200,aad9710e-10ca-4c9d-9467-7720556f4b2e,2026-06-24T18:30:00Z,2026-06-24T20:30:00+0200,2388.4661,MW,DE,DE_LU,forecast_solar_generation,Solar,2026-06-25T11:27:13Z
2026-06-25T11:25:56Z,2026-06-25T13:25:56+0200,aad9710e-10ca-4c9d-9467-7720556f4b2e,2026-06-24T18:45:00Z,2026-06-24T20:45:00+0200,1471.26052,MW,DE,DE_LU,forecast_solar_generation,Solar,2026-06-25T11:27:13Z
2026-06-25T11:25:56Z,2026-06-25T13:25:56+0200,aad9710e-10ca-4c9d-9467-7720556f4b2e,2026-06-24T19:00:00Z,2026-06-24T21:00:00+0200,758.71873,MW,DE,DE_LU,forecast_solar_generation,Solar,2026-06-25T11:27:13Z
2026-06-25T11:25:56Z,2026-06-25T13:25:56+0200,aad9710e-10ca-4c9d-9467-7720556f4b2e,2026-06-24T19:15:00Z,2026-06-24T21:15:00+0200,304.28659,MW,DE,DE_LU,forecast_solar_generation,Solar,2026-06-25T11:27:13Z
2026-06-25T11:25:56Z,2026-06-25T13:25:56+0200,aad9710e-10ca-4c9d-9467-7720556f4b2e,2026-06-24T19:30:00Z,2026-06-24T21:30:00+0200,95.82471,MW,DE,DE_LU,forecast_solar_generation,Solar,2026-06-25T11:27:13Z
2026-06-25T11:25:56Z,2026-06-25T13:25:56+0200,aad9710e-10ca-4c9d-9467-7720556f4b2e,2026-06-24T19:45:00Z,2026-06-24T21:45:00+0200,28.49257,MW,DE,DE_LU,forecast_solar_generation,Solar,2026-06-25T11:27:13Z
2026-06-25T11:25:56Z,2026-06-25T13:25:56+0200,aad9710e-10ca-4c9d-9467-7720556f4b2e,2026-06-24T20:00:00Z,2026-06-24T22:00:00+0200,7.28356,MW,DE,DE_LU,forecast_solar_generation,Solar,2026-06-25T11:27:13Z
2026-06-25T11:25:56Z,2026-06-25T13:25:56+0200,aad9710e-10ca-4c9d-9467-7720556f4b2e,2026-06-24T20:15:00Z,2026-06-24T22:15:00+0200,0.0,MW,DE,DE_LU,forecast_solar_generation,Solar,2026-06-25T11:27:13Z
2026-06-25T11:25:56Z,2026-06-25T13:25:56+0200,aad9710e-10ca-4c9d-9467-7720556f4b2e,2026-06-24T20:30:00Z,2026-06-24T22:30:00+0200,0.0,MW,DE,DE_LU,forecast_solar_generation,Solar,2026-06-25T11:27:13Z
2026-06-25T11:25:56Z,2026-06-25T13:25:56+0200,aad9710e-10ca-4c9d-9467-7720556f4b2e,2026-06-24T20:45:00Z,2026-06-24T22:45:00+0200,0.0,MW,DE,DE_LU,forecast_solar_generation,Solar,2026-06-25T11:27:13Z
2026-06-25T11:25:56Z,2026-06-25T13:25:56+0200,aad9710e-10ca-4c9d-9467-7720556f4b2e,2026-06-24T21:00:00Z,2026-06-24T23:00:00+0200,0.0,MW,DE,DE_LU,forecast_solar_generation,Solar,2026-06-25T11:27:13Z
2026-06-25T11:25:56Z,2026-06-25T13:25:56+0200,aad9710e-10ca-4c9d-9467-7720556f4b2e,2026-06-24T21:15:00Z,2026-06-24T23:15:00+0200,0.0,MW,DE,DE_LU,forecast_solar_generation,Solar,2026-06-25T11:27:13Z
2026-06-25T11:25:56Z,2026-06-25T13:25:56+0200,aad9710e-10ca-4c9d-9467-7720556f4b2e,2026-06-24T21:30:00Z,2026-06-24T23:30:00+0200,0.0,MW,DE,DE_LU,forecast_solar_generation,Solar,2026-06-25T11:27:13Z
2026-06-25T11:25:56Z,2026-06-25T13:25:56+0200,aad9710e-10ca-4c9d-9467-7720556f4b2e,2026-06-24T21:45:00Z,2026-06-24T23:45:00+0200,0.0,MW,DE,DE_LU,forecast_solar_generation,Solar,2026-06-25T11:27:13Z
2026-06-25T11:25:56Z,2026-06-25T13:25:56+0200,aad9710e-10ca-4c9d-9467-7720556f4b2e,2026-06-24T22:00:00Z,2026-06-25T00:00:00+0200,0.0,MW,DE,DE_LU,forecast_solar_generation,Solar,2026-06-25T11:27:13Z
2026-06-25T11:25:56Z,2026-06-25T13:25:56+0200,aad9710e-10ca-4c9d-9467-7720556f4b2e,2026-06-24T22:15:00Z,2026-06-25T00:15:00+0200,0.0,MW,DE,DE_LU,forecast_solar_generation,Solar,2026-06-25T11:27:13Z
2026-06-25T11:25:56Z,2026-06-25T13:25:56+0200,aad9710e-10ca-4c9d-9467-7720556f4b2e,2026-06-24T22:30:00Z,2026-06-25T00:30:00+0200,0.0,MW,DE,DE_LU,forecast_solar_generation,Solar,2026-06-25T11:27:13Z
2026-06-25T11:25:56Z,2026-06-25T13:25:56+0200,aad9710e-10ca-4c9d-9467-7720556f4b2e,2026-06-24T22:45:00Z,2026-06-25T00:45:00+0200,0.0,MW,DE,DE_LU,forecast_solar_generation,Solar,2026-06-25T11:27:13Z
2026-06-25T11:25:56Z,2026-06-25T13:25:56+0200,aad9710e-10ca-4c9d-9467-7720556f4b2e,2026-06-24T23:00:00Z,2026-06-25T01:00:00+0200,0.0,MW,DE,DE_LU,forecast_solar_generation,Solar,2026-06-25T11:27:13Z
2026-06-25T11:25:56Z,2026-06-25T13:25:56+0200,aad9710e-10ca-4c9d-9467-7720556f4b2e,2026-06-24T23:15:00Z,2026-06-25T01:15:00+0200,0.0,MW,DE,DE_LU,forecast_solar_generation,Solar,2026-06-25T11:27:13Z
2026-06-25T11:25:56Z,2026-06-25T13:25:56+0200,aad9710e-10ca-4c9d-9467-7720556f4b2e,2026-06-24T23:30:00Z,2026-06-25T01:30:00+0200,0.0,MW,DE,DE_LU,forecast_solar_generation,Solar,2026-06-25T11:27:13Z
2026-06-25T11:25:56Z,2026-06-25T13:25:56+0200,aad9710e-10ca-4c9d-9467-7720556f4b2e,2026-06-24T23:45:00Z,2026-06-25T01:45:00+0200,0.0,MW,DE,DE_LU,forecast_solar_generation,Solar,2026-06-25T11:27:13Z
2026-06-25T11:25:56Z,2026-06-25T13:25:56+0200,aad9710e-10ca-4c9d-9467-7720556f4b2e,2026-06-25T00:00:00Z,2026-06-25T02:00:00+0200,0.0,MW,DE,DE_LU,forecast_solar_generation,Solar,2026-06-25T11:27:13Z
2026-06-25T11:25:56Z,2026-06-25T13:25:56+0200,aad9710e-10ca-4c9d-9467-7720556f4b2e,2026-06-25T00:15:00Z,2026-06-25T02:15:00+0200,0.0,MW,DE,DE_LU,forecast_solar_generation,Solar,2026-06-25T11:27:13Z
2026-06-25T11:25:56Z,2026-06-25T13:25:56+0200,aad9710e-10ca-4c9d-9467-7720556f4b2e,2026-06-25T00:30:00Z,2026-06-25T02:30:00+0200,0.0,MW,DE,DE_LU,forecast_solar_generation,Solar,2026-06-25T11:27:13Z
2026-06-25T11:25:56Z,2026-06-25T13:25:56+0200,aad9710e-10ca-4c9d-9467-7720556f4b2e,2026-06-25T00:45:00Z,2026-06-25T02:45:00+0200,0.0,MW,DE,DE_LU,forecast_solar_generation,Solar,2026-06-25T11:27:13Z
2026-06-25T11:25:56Z,2026-06-25T13:25:56+0200,aad9710e-10ca-4c9d-9467-7720556f4b2e,2026-06-25T01:00:00Z,2026-06-25T03:00:00+0200,0.0,MW,DE,DE_LU,forecast_solar_generation,Solar,2026-06-25T11:27:13Z
2026-06-25T11:25:56Z,2026-06-25T13:25:56+0200,aad9710e-10ca-4c9d-9467-7720556f4b2e,2026-06-25T01:15:00Z,2026-06-25T03:15:00+0200,0.0,MW,DE,DE_LU,forecast_solar_generation,Solar,2026-06-25T11:27:13Z
2026-06-25T11:25:56Z,2026-06-25T13:25:56+0200,aad9710e-10ca-4c9d-9467-7720556f4b2e,2026-06-25T01:30:00Z,2026-06-25T03:30:00+0200,0.0,MW,DE,DE_LU,forecast_solar_generation,Solar,2026-06-25T11:27:13Z
2026-06-25T11:25:56Z,2026-06-25T13:25:56+0200,aad9710e-10ca-4c9d-9467-7720556f4b2e,2026-06-25T01:45:00Z,2026-06-25T03:45:00+0200,0.0,MW,DE,DE_LU,forecast_solar_generation,Solar,2026-06-25T11:27:13Z
2026-06-25T11:25:56Z,2026-06-25T13:25:56+0200,aad9710e-10ca-4c9d-9467-7720556f4b2e,2026-06-25T02:00:00Z,2026-06-25T04:00:00+0200,0.0,MW,DE,DE_LU,forecast_solar_generation,Solar,2026-06-25T11:27:13Z
2026-06-25T11:25:56Z,2026-06-25T13:25:56+0200,aad9710e-10ca-4c9d-9467-7720556f4b2e,2026-06-25T02:15:00Z,2026-06-25T04:15:00+0200,0.0,MW,DE,DE_LU,forecast_solar_generation,Solar,2026-06-25T11:27:13Z
2026-06-25T11:25:56Z,2026-06-25T13:25:56+0200,aad9710e-10ca-4c9d-9467-7720556f4b2e,2026-06-25T02:30:00Z,2026-06-25T04:30:00+0200,0.37,MW,DE,DE_LU,forecast_solar_generation,Solar,2026-06-25T11:27:13Z
2026-06-25T11:25:56Z,2026-06-25T13:25:56+0200,aad9710e-10ca-4c9d-9467-7720556f4b2e,2026-06-25T02:45:00Z,2026-06-25T04:45:00+0200,35.03751,MW,DE,DE_LU,forecast_solar_generation,Solar,2026-06-25T11:27:13Z
2026-06-25T11:25:56Z,2026-06-25T13:25:56+0200,aad9710e-10ca-4c9d-9467-7720556f4b2e,2026-06-25T03:00:00Z,2026-06-25T05:00:00+0200,149.40642,MW,DE,DE_LU,forecast_solar_generation,Solar,2026-06-25T11:27:13Z
2026-06-25T11:25:56Z,2026-06-25T13:25:56+0200,aad9710e-10ca-4c9d-9467-7720556f4b2e,2026-06-25T03:15:00Z,2026-06-25T05:15:00+0200,465.52944,MW,DE,DE_LU,forecast_solar_generation,Solar,2026-06-25T11:27:13Z
2026-06-25T11:25:56Z,2026-06-25T13:25:56+0200,aad9710e-10ca-4c9d-9467-7720556f4b2e,2026-06-25T03:30:00Z,2026-06-25T05:30:00+0200,997.72209,MW,DE,DE_LU,forecast_solar_generation,Solar,2026-06-25T11:27:13Z
2026-06-25T11:25:56Z,2026-06-25T13:25:56+0200,aad9710e-10ca-4c9d-9467-7720556f4b2e,2026-06-25T03:45:00Z,2026-06-25T05:45:00+0200,1782.57952,MW,DE,DE_LU,forecast_solar_generation,Solar,2026-06-25T11:27:13Z
2026-06-25T11:25:56Z,2026-06-25T13:25:56+0200,aad9710e-10ca-4c9d-9467-7720556f4b2e,2026-06-25T04:00:00Z,2026-06-25T06:00:00+0200,2808.01051,MW,DE,DE_LU,forecast_solar_generation,Solar,2026-06-25T11:27:13Z
2026-06-25T11:25:56Z,2026-06-25T13:25:56+0200,aad9710e-10ca-4c9d-9467-7720556f4b2e,2026-06-25T04:15:00Z,2026-06-25T06:15:00+0200,4035.86262,MW,DE,DE_LU,forecast_solar_generation,Solar,2026-06-25T11:27:13Z
2026-06-25T11:25:56Z,2026-06-25T13:25:56+0200,aad9710e-10ca-4c9d-9467-7720556f4b2e,2026-06-25T04:30:00Z,2026-06-25T06:30:00+0200,5463.33482,MW,DE,DE_LU,forecast_solar_generation,Solar,2026-06-25T11:27:13Z
2026-06-25T11:25:56Z,2026-06-25T13:25:56+0200,aad9710e-10ca-4c9d-9467-7720556f4b2e,2026-06-25T04:45:00Z,2026-06-25T06:45:00+0200,7124.11008,MW,DE,DE_LU,forecast_solar_generation,Solar,2026-06-25T11:27:13Z
2026-06-25T11:25:56Z,2026-06-25T13:25:56+0200,aad9710e-10ca-4c9d-9467-7720556f4b2e,2026-06-25T05:00:00Z,2026-06-25T07:00:00+0200,9128.38058,MW,DE,DE_LU,forecast_solar_generation,Solar,2026-06-25T11:27:13Z
2026-06-25T11:25:56Z,2026-06-25T13:25:56+0200,aad9710e-10ca-4c9d-9467-7720556f4b2e,2026-06-25T05:15:00Z,2026-06-25T07:15:00+0200,11548.88507,MW,DE,DE_LU,forecast_solar_generation,Solar,2026-06-25T11:27:13Z
2026-06-25T11:25:56Z,2026-06-25T13:25:56+0200,aad9710e-10ca-4c9d-9467-7720556f4b2e,2026-06-25T05:30:00Z,2026-06-25T07:30:00+0200,14282.96763,MW,DE,DE_LU,forecast_solar_generation,Solar,2026-06-25T11:27:13Z
2026-06-25T11:25:56Z,2026-06-25T13:25:56+0200,aad9710e-10ca-4c9d-9467-7720556f4b2e,2026-06-25T05:45:00Z,2026-06-25T07:45:00+0200,17221.32696,MW,DE,DE_LU,forecast_solar_generation,Solar,2026-06-25T11:27:13Z
2026-06-25T11:25:56Z,2026-06-25T13:25:56+0200,aad9710e-10ca-4c9d-9467-7720556f4b2e,2026-06-25T06:00:00Z,2026-06-25T08:00:00+0200,20271.63588,MW,DE,DE_LU,forecast_solar_generation,Solar,2026-06-25T11:27:13Z
2026-06-25T11:25:56Z,2026-06-25T13:25:56+0200,aad9710e-10ca-4c9d-9467-7720556f4b2e,2026-06-25T06:15:00Z,2026-06-25T08:15:00+0200,23345.65897,MW,DE,DE_LU,forecast_solar_generation,Solar,2026-06-25T11:27:13Z
2026-06-25T11:25:56Z,2026-06-25T13:25:56+0200,aad9710e-10ca-4c9d-9467-7720556f4b2e,2026-06-25T06:30:00Z,2026-06-25T08:30:00+0200,26345.2696,MW,DE,DE_LU,forecast_solar_generation,Solar,2026-06-25T11:27:13Z
2026-06-25T11:25:56Z,2026-06-25T13:25:56+0200,aad9710e-10ca-4c9d-9467-7720556f4b2e,2026-06-25T06:45:00Z,2026-06-25T08:45:00+0200,29249.46329,MW,DE,DE_LU,forecast_solar_generation,Solar,2026-06-25T11:27:13Z
2026-06-25T11:25:56Z,2026-06-25T13:25:56+0200,aad9710e-10ca-4c9d-9467-7720556f4b2e,2026-06-25T07:00:00Z,2026-06-25T09:00:00+0200,32035.04642,MW,DE,DE_LU,forecast_solar_generation,Solar,2026-06-25T11:27:13Z
2026-06-25T11:25:56Z,2026-06-25T13:25:56+0200,aad9710e-10ca-4c9d-9467-7720556f4b2e,2026-06-25T07:15:00Z,2026-06-25T09:15:00+0200,34719.95528,MW,DE,DE_LU,forecast_solar_generation,Solar,2026-06-25T11:27:13Z
2026-06-25T11:25:56Z,2026-06-25T13:25:56+0200,aad9710e-10ca-4c9d-9467-7720556f4b2e,2026-06-25T07:30:00Z,2026-06-25T09:30:00+0200,37290.83865,MW,DE,DE_LU,forecast_solar_generation,Solar,2026-06-25T11:27:13Z
2026-06-25T11:25:56Z,2026-06-25T13:25:56+0200,aad9710e-10ca-4c9d-9467-7720556f4b2e,2026-06-25T07:45:00Z,2026-06-25T09:45:00+0200,39683.67925,MW,DE,DE_LU,forecast_solar_generation,Solar,2026-06-25T11:27:13Z
2026-06-25T11:25:56Z,2026-06-25T13:25:56+0200,aad9710e-10ca-4c9d-9467-7720556f4b2e,2026-06-25T08:00:00Z,2026-06-25T10:00:00+0200,41906.29995,MW,DE,DE_LU,forecast_solar_generation,Solar,2026-06-25T11:27:13Z
2026-06-25T11:25:56Z,2026-06-25T13:25:56+0200,aad9710e-10ca-4c9d-9467-7720556f4b2e,2026-06-25T08:15:00Z,2026-06-25T10:15:00+0200,43960.17094,MW,DE,DE_LU,forecast_solar_generation,Solar,2026-06-25T11:27:13Z
2026-06-25T11:25:56Z,2026-06-25T13:25:56+0200,aad9710e-10ca-4c9d-9467-7720556f4b2e,2026-06-25T08:30:00Z,2026-06-25T10:30:00+0200,45844.93707,MW,DE,DE_LU,forecast_solar_generation,Solar,2026-06-25T11:27:13Z
2026-06-25T11:25:56Z,2026-06-25T13:25:56+0200,aad9710e-10ca-4c9d-9467-7720556f4b2e,2026-06-25T08:45:00Z,2026-06-25T10:45:00+0200,47555.90409,MW,DE,DE_LU,forecast_solar_generation,Solar,2026-06-25T11:27:13Z
2026-06-25T11:25:56Z,2026-06-25T13:25:56+0200,aad9710e-10ca-4c9d-9467-7720556f4b2e,2026-06-25T09:00:00Z,2026-06-25T11:00:00+0200,49078.2945,MW,DE,DE_LU,forecast_solar_generation,Solar,2026-06-25T11:27:13Z
2026-06-25T11:25:56Z,2026-06-25T13:25:56+0200,aad9710e-10ca-4c9d-9467-7720556f4b2e,2026-06-25T09:15:00Z,2026-06-25T11:15:00+0200,50378.0204,MW,DE,DE_LU,forecast_solar_generation,Solar,2026-06-25T11:27:13Z
2026-06-25T11:25:56Z,2026-06-25T13:25:56+0200,aad9710e-10ca-4c9d-9467-7720556f4b2e,2026-06-25T09:30:00Z,2026-06-25T11:30:00+0200,51501.80227,MW,DE,DE_LU,forecast_solar_generation,Solar,2026-06-25T11:27:13Z
2026-06-25T11:25:56Z,2026-06-25T13:25:56+0200,aad9710e-10ca-4c9d-9467-7720556f4b2e,2026-06-25T09:45:00Z,2026-06-25T11:45:00+0200,52404.76671,MW,DE,DE_LU,forecast_solar_generation,Solar,2026-06-25T11:27:13Z
2026-06-25T11:25:56Z,2026-06-25T13:25:56+0200,aad9710e-10ca-4c9d-9467-7720556f4b2e,2026-06-25T10:00:00Z,2026-06-25T12:00:00+0200,53097.63303,MW,DE,DE_LU,forecast_solar_generation,Solar,2026-06-25T11:27:13Z
2026-06-25T11:25:56Z,2026-06-25T13:25:56+0200,aad9710e-10ca-4c9d-9467-7720556f4b2e,2026-06-25T10:15:00Z,2026-06-25T12:15:00+0200,53586.15806,MW,DE,DE_LU,forecast_solar_generation,Solar,2026-06-25T11:27:13Z
2026-06-25T11:25:56Z,2026-06-25T13:25:56+0200,aad9710e-10ca-4c9d-9467-7720556f4b2e,2026-06-25T10:30:00Z,2026-06-25T12:30:00+0200,53911.44438,MW,DE,DE_LU,forecast_solar_generation,Solar,2026-06-25T11:27:13Z
2026-06-25T11:25:56Z,2026-06-25T13:25:56+0200,aad9710e-10ca-4c9d-9467-7720556f4b2e,2026-06-25T10:45:00Z,2026-06-25T12:45:00+0200,54100.91839,MW,DE,DE_LU,forecast_solar_generation,Solar,2026-06-25T11:27:13Z
2026-06-25T11:25:56Z,2026-06-25T13:25:56+0200,aad9710e-10ca-4c9d-9467-7720556f4b2e,2026-06-25T11:00:00Z,2026-06-25T13:00:00+0200,54128.40183,MW,DE,DE_LU,forecast_solar_generation,Solar,2026-06-25T11:27:13Z
2026-06-25T11:25:56Z,2026-06-25T13:25:56+0200,aad9710e-10ca-4c9d-9467-7720556f4b2e,2026-06-25T11:15:00Z,2026-06-25T13:15:00+0200,53974.95374,MW,DE,DE_LU,forecast_solar_generation,Solar,2026-06-25T11:27:13Z
2026-06-25T11:25:56Z,2026-06-25T13:25:56+0200,aad9710e-10ca-4c9d-9467-7720556f4b2e,2026-06-25T11:30:00Z,2026-06-25T13:30:00+0200,53707.79604,MW,DE,DE_LU,forecast_solar_generation,Solar,2026-06-25T11:27:13Z
