collection_time_utc,collection_time_local,run_id,timestamp_utc,timestamp_local,value,unit,country,entsoe_area,variable,source,updated_at_utc
2026-07-21T00:11:51Z,2026-07-21T02:11:51+0200,ca480415-0e53-4d99-b8f2-f778c2de0ac2,2026-06-20T00:15:00Z,2026-06-20T02:15:00+0200,8057.34,MW,BE,BE,actual_load,Actual Load,2026-07-21T00:11:54Z
2026-07-21T00:11:51Z,2026-07-21T02:11:51+0200,ca480415-0e53-4d99-b8f2-f778c2de0ac2,2026-06-20T00:30:00Z,2026-06-20T02:30:00+0200,8039.71,MW,BE,BE,actual_load,Actual Load,2026-07-21T00:11:54Z
2026-07-21T00:11:51Z,2026-07-21T02:11:51+0200,ca480415-0e53-4d99-b8f2-f778c2de0ac2,2026-06-20T00:45:00Z,2026-06-20T02:45:00+0200,7974.11,MW,BE,BE,actual_load,Actual Load,2026-07-21T00:11:54Z
2026-07-21T00:11:51Z,2026-07-21T02:11:51+0200,ca480415-0e53-4d99-b8f2-f778c2de0ac2,2026-06-20T01:00:00Z,2026-06-20T03:00:00+0200,7879.97,MW,BE,BE,actual_load,Actual Load,2026-07-21T00:11:54Z
2026-07-21T00:11:51Z,2026-07-21T02:11:51+0200,ca480415-0e53-4d99-b8f2-f778c2de0ac2,2026-06-20T01:15:00Z,2026-06-20T03:15:00+0200,7880.43,MW,BE,BE,actual_load,Actual Load,2026-07-21T00:11:54Z
2026-07-21T00:11:51Z,2026-07-21T02:11:51+0200,ca480415-0e53-4d99-b8f2-f778c2de0ac2,2026-06-20T01:30:00Z,2026-06-20T03:30:00+0200,7878.99,MW,BE,BE,actual_load,Actual Load,2026-07-21T00:11:54Z
2026-07-21T00:11:51Z,2026-07-21T02:11:51+0200,ca480415-0e53-4d99-b8f2-f778c2de0ac2,2026-06-20T01:45:00Z,2026-06-20T03:45:00+0200,7768.11,MW,BE,BE,actual_load,Actual Load,2026-07-21T00:11:54Z
2026-07-21T00:11:51Z,2026-07-21T02:11:51+0200,ca480415-0e53-4d99-b8f2-f778c2de0ac2,2026-06-20T02:00:00Z,2026-06-20T04:00:00+0200,7749.66,MW,BE,BE,actual_load,Actual Load,2026-07-21T00:11:54Z
2026-07-21T00:11:51Z,2026-07-21T02:11:51+0200,ca480415-0e53-4d99-b8f2-f778c2de0ac2,2026-06-20T02:15:00Z,2026-06-20T04:15:00+0200,7718.93,MW,BE,BE,actual_load,Actual Load,2026-07-21T00:11:54Z
2026-07-21T00:11:51Z,2026-07-21T02:11:51+0200,ca480415-0e53-4d99-b8f2-f778c2de0ac2,2026-06-20T02:30:00Z,2026-06-20T04:30:00+0200,7721.67,MW,BE,BE,actual_load,Actual Load,2026-07-21T00:11:54Z
2026-07-21T00:11:51Z,2026-07-21T02:11:51+0200,ca480415-0e53-4d99-b8f2-f778c2de0ac2,2026-06-20T02:45:00Z,2026-06-20T04:45:00+0200,7663.85,MW,BE,BE,actual_load,Actual Load,2026-07-21T00:11:54Z
2026-07-21T00:11:51Z,2026-07-21T02:11:51+0200,ca480415-0e53-4d99-b8f2-f778c2de0ac2,2026-06-20T03:00:00Z,2026-06-20T05:00:00+0200,7686.95,MW,BE,BE,actual_load,Actual Load,2026-07-21T00:11:54Z
2026-07-21T00:11:51Z,2026-07-21T02:11:51+0200,ca480415-0e53-4d99-b8f2-f778c2de0ac2,2026-06-20T03:15:00Z,2026-06-20T05:15:00+0200,7674.46,MW,BE,BE,actual_load,Actual Load,2026-07-21T00:11:54Z
2026-07-21T00:11:51Z,2026-07-21T02:11:51+0200,ca480415-0e53-4d99-b8f2-f778c2de0ac2,2026-06-20T03:30:00Z,2026-06-20T05:30:00+0200,7559.3,MW,BE,BE,actual_load,Actual Load,2026-07-21T00:11:54Z
2026-07-21T00:11:51Z,2026-07-21T02:11:51+0200,ca480415-0e53-4d99-b8f2-f778c2de0ac2,2026-06-20T03:45:00Z,2026-06-20T05:45:00+0200,7535.1,MW,BE,BE,actual_load,Actual Load,2026-07-21T00:11:54Z
2026-07-21T00:11:51Z,2026-07-21T02:11:51+0200,ca480415-0e53-4d99-b8f2-f778c2de0ac2,2026-06-20T04:00:00Z,2026-06-20T06:00:00+0200,7581.94,MW,BE,BE,actual_load,Actual Load,2026-07-21T00:11:54Z
2026-07-21T00:11:51Z,2026-07-21T02:11:51+0200,ca480415-0e53-4d99-b8f2-f778c2de0ac2,2026-06-20T04:15:00Z,2026-06-20T06:15:00+0200,7674.95,MW,BE,BE,actual_load,Actual Load,2026-07-21T00:11:54Z
2026-07-21T00:11:51Z,2026-07-21T02:11:51+0200,ca480415-0e53-4d99-b8f2-f778c2de0ac2,2026-06-20T04:30:00Z,2026-06-20T06:30:00+0200,7782.61,MW,BE,BE,actual_load,Actual Load,2026-07-21T00:11:54Z
2026-07-21T00:11:51Z,2026-07-21T02:11:51+0200,ca480415-0e53-4d99-b8f2-f778c2de0ac2,2026-06-20T04:45:00Z,2026-06-20T06:45:00+0200,7916.1,MW,BE,BE,actual_load,Actual Load,2026-07-21T00:11:54Z
2026-07-21T00:11:51Z,2026-07-21T02:11:51+0200,ca480415-0e53-4d99-b8f2-f778c2de0ac2,2026-06-20T05:00:00Z,2026-06-20T07:00:00+0200,7998.47,MW,BE,BE,actual_load,Actual Load,2026-07-21T00:11:54Z
2026-07-21T00:11:51Z,2026-07-21T02:11:51+0200,ca480415-0e53-4d99-b8f2-f778c2de0ac2,2026-06-20T05:15:00Z,2026-06-20T07:15:00+0200,8100.21,MW,BE,BE,actual_load,Actual Load,2026-07-21T00:11:54Z
2026-07-21T00:11:51Z,2026-07-21T02:11:51+0200,ca480415-0e53-4d99-b8f2-f778c2de0ac2,2026-06-20T05:30:00Z,2026-06-20T07:30:00+0200,8245.69,MW,BE,BE,actual_load,Actual Load,2026-07-21T00:11:54Z
2026-07-21T00:11:51Z,2026-07-21T02:11:51+0200,ca480415-0e53-4d99-b8f2-f778c2de0ac2,2026-06-20T05:45:00Z,2026-06-20T07:45:00+0200,8408.46,MW,BE,BE,actual_load,Actual Load,2026-07-21T00:11:54Z
2026-07-21T00:11:51Z,2026-07-21T02:11:51+0200,ca480415-0e53-4d99-b8f2-f778c2de0ac2,2026-06-20T06:00:00Z,2026-06-20T08:00:00+0200,8418.33,MW,BE,BE,actual_load,Actual Load,2026-07-21T00:11:54Z
2026-07-21T00:11:51Z,2026-07-21T02:11:51+0200,ca480415-0e53-4d99-b8f2-f778c2de0ac2,2026-06-20T06:15:00Z,2026-06-20T08:15:00+0200,8512.21,MW,BE,BE,actual_load,Actual Load,2026-07-21T00:11:54Z
2026-07-21T00:11:51Z,2026-07-21T02:11:51+0200,ca480415-0e53-4d99-b8f2-f778c2de0ac2,2026-06-20T06:30:00Z,2026-06-20T08:30:00+0200,8670.81,MW,BE,BE,actual_load,Actual Load,2026-07-21T00:11:54Z
2026-07-21T00:11:51Z,2026-07-21T02:11:51+0200,ca480415-0e53-4d99-b8f2-f778c2de0ac2,2026-06-20T06:45:00Z,2026-06-20T08:45:00+0200,8784.4,MW,BE,BE,actual_load,Actual Load,2026-07-21T00:11:54Z
2026-07-21T00:11:51Z,2026-07-21T02:11:51+0200,ca480415-0e53-4d99-b8f2-f778c2de0ac2,2026-06-20T07:00:00Z,2026-06-20T09:00:00+0200,8809.14,MW,BE,BE,actual_load,Actual Load,2026-07-21T00:11:54Z
2026-07-21T00:11:51Z,2026-07-21T02:11:51+0200,ca480415-0e53-4d99-b8f2-f778c2de0ac2,2026-06-20T07:15:00Z,2026-06-20T09:15:00+0200,8943.47,MW,BE,BE,actual_load,Actual Load,2026-07-21T00:11:54Z
2026-07-21T00:11:51Z,2026-07-21T02:11:51+0200,ca480415-0e53-4d99-b8f2-f778c2de0ac2,2026-06-20T07:30:00Z,2026-06-20T09:30:00+0200,9200.06,MW,BE,BE,actual_load,Actual Load,2026-07-21T00:11:54Z
2026-07-21T00:11:51Z,2026-07-21T02:11:51+0200,ca480415-0e53-4d99-b8f2-f778c2de0ac2,2026-06-20T07:45:00Z,2026-06-20T09:45:00+0200,9443.97,MW,BE,BE,actual_load,Actual Load,2026-07-21T00:11:54Z
2026-07-21T00:11:51Z,2026-07-21T02:11:51+0200,ca480415-0e53-4d99-b8f2-f778c2de0ac2,2026-06-20T08:00:00Z,2026-06-20T10:00:00+0200,9593.91,MW,BE,BE,actual_load,Actual Load,2026-07-21T00:11:54Z
2026-07-21T00:11:51Z,2026-07-21T02:11:51+0200,ca480415-0e53-4d99-b8f2-f778c2de0ac2,2026-06-20T08:15:00Z,2026-06-20T10:15:00+0200,9730.14,MW,BE,BE,actual_load,Actual Load,2026-07-21T00:11:54Z
2026-07-21T00:11:51Z,2026-07-21T02:11:51+0200,ca480415-0e53-4d99-b8f2-f778c2de0ac2,2026-06-20T08:30:00Z,2026-06-20T10:30:00+0200,9846.96,MW,BE,BE,actual_load,Actual Load,2026-07-21T00:11:54Z
2026-07-21T00:11:51Z,2026-07-21T02:11:51+0200,ca480415-0e53-4d99-b8f2-f778c2de0ac2,2026-06-20T08:45:00Z,2026-06-20T10:45:00+0200,9910.88,MW,BE,BE,actual_load,Actual Load,2026-07-21T00:11:54Z
2026-07-21T00:11:51Z,2026-07-21T02:11:51+0200,ca480415-0e53-4d99-b8f2-f778c2de0ac2,2026-06-20T09:00:00Z,2026-06-20T11:00:00+0200,10083.18,MW,BE,BE,actual_load,Actual Load,2026-07-21T00:11:54Z
2026-07-21T00:11:51Z,2026-07-21T02:11:51+0200,ca480415-0e53-4d99-b8f2-f778c2de0ac2,2026-06-20T09:15:00Z,2026-06-20T11:15:00+0200,10159.77,MW,BE,BE,actual_load,Actual Load,2026-07-21T00:11:54Z
2026-07-21T00:11:51Z,2026-07-21T02:11:51+0200,ca480415-0e53-4d99-b8f2-f778c2de0ac2,2026-06-20T09:30:00Z,2026-06-20T11:30:00+0200,10471.86,MW,BE,BE,actual_load,Actual Load,2026-07-21T00:11:54Z
2026-07-21T00:11:51Z,2026-07-21T02:11:51+0200,ca480415-0e53-4d99-b8f2-f778c2de0ac2,2026-06-20T09:45:00Z,2026-06-20T11:45:00+0200,10554.52,MW,BE,BE,actual_load,Actual Load,2026-07-21T00:11:54Z
2026-07-21T00:11:51Z,2026-07-21T02:11:51+0200,ca480415-0e53-4d99-b8f2-f778c2de0ac2,2026-06-20T10:00:00Z,2026-06-20T12:00:00+0200,10420.13,MW,BE,BE,actual_load,Actual Load,2026-07-21T00:11:54Z
2026-07-21T00:11:51Z,2026-07-21T02:11:51+0200,ca480415-0e53-4d99-b8f2-f778c2de0ac2,2026-06-20T10:15:00Z,2026-06-20T12:15:00+0200,10505.8,MW,BE,BE,actual_load,Actual Load,2026-07-21T00:11:54Z
2026-07-21T00:11:51Z,2026-07-21T02:11:51+0200,ca480415-0e53-4d99-b8f2-f778c2de0ac2,2026-06-20T10:30:00Z,2026-06-20T12:30:00+0200,10538.9,MW,BE,BE,actual_load,Actual Load,2026-07-21T00:11:54Z
2026-07-21T00:11:51Z,2026-07-21T02:11:51+0200,ca480415-0e53-4d99-b8f2-f778c2de0ac2,2026-06-20T10:45:00Z,2026-06-20T12:45:00+0200,10633.76,MW,BE,BE,actual_load,Actual Load,2026-07-21T00:11:54Z
2026-07-21T00:11:51Z,2026-07-21T02:11:51+0200,ca480415-0e53-4d99-b8f2-f778c2de0ac2,2026-06-20T11:00:00Z,2026-06-20T13:00:00+0200,10648.79,MW,BE,BE,actual_load,Actual Load,2026-07-21T00:11:54Z
2026-07-21T00:11:51Z,2026-07-21T02:11:51+0200,ca480415-0e53-4d99-b8f2-f778c2de0ac2,2026-06-20T11:15:00Z,2026-06-20T13:15:00+0200,10658.53,MW,BE,BE,actual_load,Actual Load,2026-07-21T00:11:54Z
2026-07-21T00:11:51Z,2026-07-21T02:11:51+0200,ca480415-0e53-4d99-b8f2-f778c2de0ac2,2026-06-20T11:30:00Z,2026-06-20T13:30:00+0200,10636.68,MW,BE,BE,actual_load,Actual Load,2026-07-21T00:11:54Z
2026-07-21T00:11:51Z,2026-07-21T02:11:51+0200,ca480415-0e53-4d99-b8f2-f778c2de0ac2,2026-06-20T11:45:00Z,2026-06-20T13:45:00+0200,10520.4,MW,BE,BE,actual_load,Actual Load,2026-07-21T00:11:54Z
2026-07-21T00:11:51Z,2026-07-21T02:11:51+0200,ca480415-0e53-4d99-b8f2-f778c2de0ac2,2026-06-20T12:00:00Z,2026-06-20T14:00:00+0200,10495.12,MW,BE,BE,actual_load,Actual Load,2026-07-21T00:11:54Z
2026-07-21T00:11:51Z,2026-07-21T02:11:51+0200,ca480415-0e53-4d99-b8f2-f778c2de0ac2,2026-06-20T12:15:00Z,2026-06-20T14:15:00+0200,10468.15,MW,BE,BE,actual_load,Actual Load,2026-07-21T00:11:54Z
2026-07-21T00:11:51Z,2026-07-21T02:11:51+0200,ca480415-0e53-4d99-b8f2-f778c2de0ac2,2026-06-20T12:30:00Z,2026-06-20T14:30:00+0200,10312.76,MW,BE,BE,actual_load,Actual Load,2026-07-21T00:11:54Z
2026-07-21T00:11:51Z,2026-07-21T02:11:51+0200,ca480415-0e53-4d99-b8f2-f778c2de0ac2,2026-06-20T12:45:00Z,2026-06-20T14:45:00+0200,10257.11,MW,BE,BE,actual_load,Actual Load,2026-07-21T00:11:54Z
2026-07-21T00:11:51Z,2026-07-21T02:11:51+0200,ca480415-0e53-4d99-b8f2-f778c2de0ac2,2026-06-20T13:00:00Z,2026-06-20T15:00:00+0200,10221.61,MW,BE,BE,actual_load,Actual Load,2026-07-21T00:11:54Z
2026-07-21T00:11:51Z,2026-07-21T02:11:51+0200,ca480415-0e53-4d99-b8f2-f778c2de0ac2,2026-06-20T13:15:00Z,2026-06-20T15:15:00+0200,9990.57,MW,BE,BE,actual_load,Actual Load,2026-07-21T00:11:54Z
2026-07-21T00:11:51Z,2026-07-21T02:11:51+0200,ca480415-0e53-4d99-b8f2-f778c2de0ac2,2026-06-20T13:30:00Z,2026-06-20T15:30:00+0200,9827.24,MW,BE,BE,actual_load,Actual Load,2026-07-21T00:11:54Z
2026-07-21T00:11:51Z,2026-07-21T02:11:51+0200,ca480415-0e53-4d99-b8f2-f778c2de0ac2,2026-06-20T13:45:00Z,2026-06-20T15:45:00+0200,9677.09,MW,BE,BE,actual_load,Actual Load,2026-07-21T00:11:54Z
2026-07-21T00:11:51Z,2026-07-21T02:11:51+0200,ca480415-0e53-4d99-b8f2-f778c2de0ac2,2026-06-20T14:00:00Z,2026-06-20T16:00:00+0200,9511.42,MW,BE,BE,actual_load,Actual Load,2026-07-21T00:11:54Z
2026-07-21T00:11:51Z,2026-07-21T02:11:51+0200,ca480415-0e53-4d99-b8f2-f778c2de0ac2,2026-06-20T14:15:00Z,2026-06-20T16:15:00+0200,9449.87,MW,BE,BE,actual_load,Actual Load,2026-07-21T00:11:54Z
2026-07-21T00:11:51Z,2026-07-21T02:11:51+0200,ca480415-0e53-4d99-b8f2-f778c2de0ac2,2026-06-20T14:30:00Z,2026-06-20T16:30:00+0200,9387.28,MW,BE,BE,actual_load,Actual Load,2026-07-21T00:11:54Z
2026-07-21T00:11:51Z,2026-07-21T02:11:51+0200,ca480415-0e53-4d99-b8f2-f778c2de0ac2,2026-06-20T14:45:00Z,2026-06-20T16:45:00+0200,9315.51,MW,BE,BE,actual_load,Actual Load,2026-07-21T00:11:54Z
2026-07-21T00:11:51Z,2026-07-21T02:11:51+0200,ca480415-0e53-4d99-b8f2-f778c2de0ac2,2026-06-20T15:00:00Z,2026-06-20T17:00:00+0200,9313.71,MW,BE,BE,actual_load,Actual Load,2026-07-21T00:11:54Z
2026-07-21T00:11:51Z,2026-07-21T02:11:51+0200,ca480415-0e53-4d99-b8f2-f778c2de0ac2,2026-06-20T15:15:00Z,2026-06-20T17:15:00+0200,9129.44,MW,BE,BE,actual_load,Actual Load,2026-07-21T00:11:54Z
2026-07-21T00:11:51Z,2026-07-21T02:11:51+0200,ca480415-0e53-4d99-b8f2-f778c2de0ac2,2026-06-20T15:30:00Z,2026-06-20T17:30:00+0200,9167.99,MW,BE,BE,actual_load,Actual Load,2026-07-21T00:11:54Z
2026-07-21T00:11:51Z,2026-07-21T02:11:51+0200,ca480415-0e53-4d99-b8f2-f778c2de0ac2,2026-06-20T15:45:00Z,2026-06-20T17:45:00+0200,9161.43,MW,BE,BE,actual_load,Actual Load,2026-07-21T00:11:54Z
2026-07-21T00:11:51Z,2026-07-21T02:11:51+0200,ca480415-0e53-4d99-b8f2-f778c2de0ac2,2026-06-20T16:00:00Z,2026-06-20T18:00:00+0200,9160.04,MW,BE,BE,actual_load,Actual Load,2026-07-21T00:11:54Z
2026-07-21T00:11:51Z,2026-07-21T02:11:51+0200,ca480415-0e53-4d99-b8f2-f778c2de0ac2,2026-06-20T16:15:00Z,2026-06-20T18:15:00+0200,9199.24,MW,BE,BE,actual_load,Actual Load,2026-07-21T00:11:54Z
2026-07-21T00:11:51Z,2026-07-21T02:11:51+0200,ca480415-0e53-4d99-b8f2-f778c2de0ac2,2026-06-20T16:30:00Z,2026-06-20T18:30:00+0200,9242.68,MW,BE,BE,actual_load,Actual Load,2026-07-21T00:11:54Z
2026-07-21T00:11:51Z,2026-07-21T02:11:51+0200,ca480415-0e53-4d99-b8f2-f778c2de0ac2,2026-06-20T16:45:00Z,2026-06-20T18:45:00+0200,9177.04,MW,BE,BE,actual_load,Actual Load,2026-07-21T00:11:54Z
2026-07-21T00:11:51Z,2026-07-21T02:11:51+0200,ca480415-0e53-4d99-b8f2-f778c2de0ac2,2026-06-20T17:00:00Z,2026-06-20T19:00:00+0200,9190.57,MW,BE,BE,actual_load,Actual Load,2026-07-21T00:11:54Z
2026-07-21T00:11:51Z,2026-07-21T02:11:51+0200,ca480415-0e53-4d99-b8f2-f778c2de0ac2,2026-06-20T17:15:00Z,2026-06-20T19:15:00+0200,9045.55,MW,BE,BE,actual_load,Actual Load,2026-07-21T00:11:54Z
2026-07-21T00:11:51Z,2026-07-21T02:11:51+0200,ca480415-0e53-4d99-b8f2-f778c2de0ac2,2026-06-20T17:30:00Z,2026-06-20T19:30:00+0200,8987.54,MW,BE,BE,actual_load,Actual Load,2026-07-21T00:11:54Z
2026-07-21T00:11:51Z,2026-07-21T02:11:51+0200,ca480415-0e53-4d99-b8f2-f778c2de0ac2,2026-06-20T17:45:00Z,2026-06-20T19:45:00+0200,8954.14,MW,BE,BE,actual_load,Actual Load,2026-07-21T00:11:54Z
2026-07-21T00:11:51Z,2026-07-21T02:11:51+0200,ca480415-0e53-4d99-b8f2-f778c2de0ac2,2026-06-20T18:00:00Z,2026-06-20T20:00:00+0200,8973.86,MW,BE,BE,actual_load,Actual Load,2026-07-21T00:11:54Z
2026-07-21T00:11:51Z,2026-07-21T02:11:51+0200,ca480415-0e53-4d99-b8f2-f778c2de0ac2,2026-06-20T18:15:00Z,2026-06-20T20:15:00+0200,8952.53,MW,BE,BE,actual_load,Actual Load,2026-07-21T00:11:54Z
2026-07-21T00:11:51Z,2026-07-21T02:11:51+0200,ca480415-0e53-4d99-b8f2-f778c2de0ac2,2026-06-20T18:30:00Z,2026-06-20T20:30:00+0200,8825.78,MW,BE,BE,actual_load,Actual Load,2026-07-21T00:11:54Z
2026-07-21T00:11:51Z,2026-07-21T02:11:51+0200,ca480415-0e53-4d99-b8f2-f778c2de0ac2,2026-06-20T18:45:00Z,2026-06-20T20:45:00+0200,8664.36,MW,BE,BE,actual_load,Actual Load,2026-07-21T00:11:54Z
2026-07-21T00:11:51Z,2026-07-21T02:11:51+0200,ca480415-0e53-4d99-b8f2-f778c2de0ac2,2026-06-20T19:00:00Z,2026-06-20T21:00:00+0200,8643.2,MW,BE,BE,actual_load,Actual Load,2026-07-21T00:11:54Z
2026-07-21T00:11:51Z,2026-07-21T02:11:51+0200,ca480415-0e53-4d99-b8f2-f778c2de0ac2,2026-06-20T19:15:00Z,2026-06-20T21:15:00+0200,8626.35,MW,BE,BE,actual_load,Actual Load,2026-07-21T00:11:54Z
2026-07-21T00:11:51Z,2026-07-21T02:11:51+0200,ca480415-0e53-4d99-b8f2-f778c2de0ac2,2026-06-20T19:30:00Z,2026-06-20T21:30:00+0200,8614.59,MW,BE,BE,actual_load,Actual Load,2026-07-21T00:11:54Z
2026-07-21T00:11:51Z,2026-07-21T02:11:51+0200,ca480415-0e53-4d99-b8f2-f778c2de0ac2,2026-06-20T19:45:00Z,2026-06-20T21:45:00+0200,8513.56,MW,BE,BE,actual_load,Actual Load,2026-07-21T00:11:54Z
2026-07-21T00:11:51Z,2026-07-21T02:11:51+0200,ca480415-0e53-4d99-b8f2-f778c2de0ac2,2026-06-20T20:00:00Z,2026-06-20T22:00:00+0200,8603.0,MW,BE,BE,actual_load,Actual Load,2026-07-21T00:11:54Z
2026-07-21T00:11:51Z,2026-07-21T02:11:51+0200,ca480415-0e53-4d99-b8f2-f778c2de0ac2,2026-06-20T20:15:00Z,2026-06-20T22:15:00+0200,8760.05,MW,BE,BE,actual_load,Actual Load,2026-07-21T00:11:54Z
2026-07-21T00:11:51Z,2026-07-21T02:11:51+0200,ca480415-0e53-4d99-b8f2-f778c2de0ac2,2026-06-20T20:30:00Z,2026-06-20T22:30:00+0200,8832.96,MW,BE,BE,actual_load,Actual Load,2026-07-21T00:11:54Z
2026-07-21T00:11:51Z,2026-07-21T02:11:51+0200,ca480415-0e53-4d99-b8f2-f778c2de0ac2,2026-06-20T20:45:00Z,2026-06-20T22:45:00+0200,8834.67,MW,BE,BE,actual_load,Actual Load,2026-07-21T00:11:54Z
2026-07-21T00:11:51Z,2026-07-21T02:11:51+0200,ca480415-0e53-4d99-b8f2-f778c2de0ac2,2026-06-20T21:00:00Z,2026-06-20T23:00:00+0200,8724.86,MW,BE,BE,actual_load,Actual Load,2026-07-21T00:11:54Z
2026-07-21T00:11:51Z,2026-07-21T02:11:51+0200,ca480415-0e53-4d99-b8f2-f778c2de0ac2,2026-06-20T21:15:00Z,2026-06-20T23:15:00+0200,8683.08,MW,BE,BE,actual_load,Actual Load,2026-07-21T00:11:54Z
2026-07-21T00:11:51Z,2026-07-21T02:11:51+0200,ca480415-0e53-4d99-b8f2-f778c2de0ac2,2026-06-20T21:30:00Z,2026-06-20T23:30:00+0200,8600.39,MW,BE,BE,actual_load,Actual Load,2026-07-21T00:11:54Z
2026-07-21T00:11:51Z,2026-07-21T02:11:51+0200,ca480415-0e53-4d99-b8f2-f778c2de0ac2,2026-06-20T21:45:00Z,2026-06-20T23:45:00+0200,8445.22,MW,BE,BE,actual_load,Actual Load,2026-07-21T00:11:54Z
2026-07-21T00:11:51Z,2026-07-21T02:11:51+0200,ca480415-0e53-4d99-b8f2-f778c2de0ac2,2026-06-20T22:00:00Z,2026-06-21T00:00:00+0200,8172.02,MW,BE,BE,actual_load,Actual Load,2026-07-21T00:11:54Z
2026-07-21T00:11:51Z,2026-07-21T02:11:51+0200,ca480415-0e53-4d99-b8f2-f778c2de0ac2,2026-06-20T22:15:00Z,2026-06-21T00:15:00+0200,7990.83,MW,BE,BE,actual_load,Actual Load,2026-07-21T00:11:54Z
2026-07-21T00:11:51Z,2026-07-21T02:11:51+0200,ca480415-0e53-4d99-b8f2-f778c2de0ac2,2026-06-20T22:30:00Z,2026-06-21T00:30:00+0200,7906.81,MW,BE,BE,actual_load,Actual Load,2026-07-21T00:11:54Z
2026-07-21T00:11:51Z,2026-07-21T02:11:51+0200,ca480415-0e53-4d99-b8f2-f778c2de0ac2,2026-06-20T22:45:00Z,2026-06-21T00:45:00+0200,7696.56,MW,BE,BE,actual_load,Actual Load,2026-07-21T00:11:54Z
2026-07-21T00:11:51Z,2026-07-21T02:11:51+0200,ca480415-0e53-4d99-b8f2-f778c2de0ac2,2026-06-20T23:00:00Z,2026-06-21T01:00:00+0200,7649.43,MW,BE,BE,actual_load,Actual Load,2026-07-21T00:11:54Z
2026-07-21T00:11:51Z,2026-07-21T02:11:51+0200,ca480415-0e53-4d99-b8f2-f778c2de0ac2,2026-06-20T23:15:00Z,2026-06-21T01:15:00+0200,7649.7,MW,BE,BE,actual_load,Actual Load,2026-07-21T00:11:54Z
2026-07-21T00:11:51Z,2026-07-21T02:11:51+0200,ca480415-0e53-4d99-b8f2-f778c2de0ac2,2026-06-20T23:30:00Z,2026-06-21T01:30:00+0200,7543.16,MW,BE,BE,actual_load,Actual Load,2026-07-21T00:11:54Z
2026-07-21T00:11:51Z,2026-07-21T02:11:51+0200,ca480415-0e53-4d99-b8f2-f778c2de0ac2,2026-06-20T23:45:00Z,2026-06-21T01:45:00+0200,7593.85,MW,BE,BE,actual_load,Actual Load,2026-07-21T00:11:54Z
2026-07-21T00:11:51Z,2026-07-21T02:11:51+0200,ca480415-0e53-4d99-b8f2-f778c2de0ac2,2026-06-21T00:00:00Z,2026-06-21T02:00:00+0200,7601.87,MW,BE,BE,actual_load,Actual Load,2026-07-21T00:11:54Z
2026-07-21T00:11:51Z,2026-07-21T02:11:51+0200,ca480415-0e53-4d99-b8f2-f778c2de0ac2,2026-06-21T00:15:00Z,2026-06-21T02:15:00+0200,7525.42,MW,BE,BE,actual_load,Actual Load,2026-07-21T00:11:54Z
2026-07-21T00:11:51Z,2026-07-21T02:11:51+0200,ca480415-0e53-4d99-b8f2-f778c2de0ac2,2026-06-21T00:30:00Z,2026-06-21T02:30:00+0200,7525.45,MW,BE,BE,actual_load,Actual Load,2026-07-21T00:11:54Z
2026-07-21T00:11:51Z,2026-07-21T02:11:51+0200,ca480415-0e53-4d99-b8f2-f778c2de0ac2,2026-06-21T00:45:00Z,2026-06-21T02:45:00+0200,7481.56,MW,BE,BE,actual_load,Actual Load,2026-07-21T00:11:54Z
2026-07-21T00:11:51Z,2026-07-21T02:11:51+0200,ca480415-0e53-4d99-b8f2-f778c2de0ac2,2026-06-21T01:00:00Z,2026-06-21T03:00:00+0200,7466.73,MW,BE,BE,actual_load,Actual Load,2026-07-21T00:11:54Z
2026-07-21T00:11:51Z,2026-07-21T02:11:51+0200,ca480415-0e53-4d99-b8f2-f778c2de0ac2,2026-06-21T01:15:00Z,2026-06-21T03:15:00+0200,7426.11,MW,BE,BE,actual_load,Actual Load,2026-07-21T00:11:54Z
2026-07-21T00:11:51Z,2026-07-21T02:11:51+0200,ca480415-0e53-4d99-b8f2-f778c2de0ac2,2026-06-21T01:30:00Z,2026-06-21T03:30:00+0200,7352.5,MW,BE,BE,actual_load,Actual Load,2026-07-21T00:11:54Z
2026-07-21T00:11:51Z,2026-07-21T02:11:51+0200,ca480415-0e53-4d99-b8f2-f778c2de0ac2,2026-06-21T01:45:00Z,2026-06-21T03:45:00+0200,7324.87,MW,BE,BE,actual_load,Actual Load,2026-07-21T00:11:54Z
2026-07-21T00:11:51Z,2026-07-21T02:11:51+0200,ca480415-0e53-4d99-b8f2-f778c2de0ac2,2026-06-21T02:00:00Z,2026-06-21T04:00:00+0200,7298.3,MW,BE,BE,actual_load,Actual Load,2026-07-21T00:11:54Z
2026-07-21T00:11:51Z,2026-07-21T02:11:51+0200,ca480415-0e53-4d99-b8f2-f778c2de0ac2,2026-06-21T02:15:00Z,2026-06-21T04:15:00+0200,7317.59,MW,BE,BE,actual_load,Actual Load,2026-07-21T00:11:54Z
2026-07-21T00:11:51Z,2026-07-21T02:11:51+0200,ca480415-0e53-4d99-b8f2-f778c2de0ac2,2026-06-21T02:30:00Z,2026-06-21T04:30:00+0200,7309.24,MW,BE,BE,actual_load,Actual Load,2026-07-21T00:11:54Z
2026-07-21T00:11:51Z,2026-07-21T02:11:51+0200,ca480415-0e53-4d99-b8f2-f778c2de0ac2,2026-06-21T02:45:00Z,2026-06-21T04:45:00+0200,7262.61,MW,BE,BE,actual_load,Actual Load,2026-07-21T00:11:54Z
2026-07-21T00:11:51Z,2026-07-21T02:11:51+0200,ca480415-0e53-4d99-b8f2-f778c2de0ac2,2026-06-21T03:00:00Z,2026-06-21T05:00:00+0200,7230.62,MW,BE,BE,actual_load,Actual Load,2026-07-21T00:11:54Z
2026-07-21T00:11:51Z,2026-07-21T02:11:51+0200,ca480415-0e53-4d99-b8f2-f778c2de0ac2,2026-06-21T03:15:00Z,2026-06-21T05:15:00+0200,7082.07,MW,BE,BE,actual_load,Actual Load,2026-07-21T00:11:54Z
2026-07-21T00:11:51Z,2026-07-21T02:11:51+0200,ca480415-0e53-4d99-b8f2-f778c2de0ac2,2026-06-21T03:30:00Z,2026-06-21T05:30:00+0200,7111.22,MW,BE,BE,actual_load,Actual Load,2026-07-21T00:11:54Z
2026-07-21T00:11:51Z,2026-07-21T02:11:51+0200,ca480415-0e53-4d99-b8f2-f778c2de0ac2,2026-06-21T03:45:00Z,2026-06-21T05:45:00+0200,7158.8,MW,BE,BE,actual_load,Actual Load,2026-07-21T00:11:54Z
2026-07-21T00:11:51Z,2026-07-21T02:11:51+0200,ca480415-0e53-4d99-b8f2-f778c2de0ac2,2026-06-21T04:00:00Z,2026-06-21T06:00:00+0200,7199.64,MW,BE,BE,actual_load,Actual Load,2026-07-21T00:11:54Z
2026-07-21T00:11:51Z,2026-07-21T02:11:51+0200,ca480415-0e53-4d99-b8f2-f778c2de0ac2,2026-06-21T04:15:00Z,2026-06-21T06:15:00+0200,7233.5,MW,BE,BE,actual_load,Actual Load,2026-07-21T00:11:54Z
2026-07-21T00:11:51Z,2026-07-21T02:11:51+0200,ca480415-0e53-4d99-b8f2-f778c2de0ac2,2026-06-21T04:30:00Z,2026-06-21T06:30:00+0200,7235.18,MW,BE,BE,actual_load,Actual Load,2026-07-21T00:11:54Z
2026-07-21T00:11:51Z,2026-07-21T02:11:51+0200,ca480415-0e53-4d99-b8f2-f778c2de0ac2,2026-06-21T04:45:00Z,2026-06-21T06:45:00+0200,7346.43,MW,BE,BE,actual_load,Actual Load,2026-07-21T00:11:54Z
2026-07-21T00:11:51Z,2026-07-21T02:11:51+0200,ca480415-0e53-4d99-b8f2-f778c2de0ac2,2026-06-21T05:00:00Z,2026-06-21T07:00:00+0200,7323.95,MW,BE,BE,actual_load,Actual Load,2026-07-21T00:11:54Z
2026-07-21T00:11:51Z,2026-07-21T02:11:51+0200,ca480415-0e53-4d99-b8f2-f778c2de0ac2,2026-06-21T05:15:00Z,2026-06-21T07:15:00+0200,7357.51,MW,BE,BE,actual_load,Actual Load,2026-07-21T00:11:54Z
2026-07-21T00:11:51Z,2026-07-21T02:11:51+0200,ca480415-0e53-4d99-b8f2-f778c2de0ac2,2026-06-21T05:30:00Z,2026-06-21T07:30:00+0200,7497.05,MW,BE,BE,actual_load,Actual Load,2026-07-21T00:11:54Z
2026-07-21T00:11:51Z,2026-07-21T02:11:51+0200,ca480415-0e53-4d99-b8f2-f778c2de0ac2,2026-06-21T05:45:00Z,2026-06-21T07:45:00+0200,7551.72,MW,BE,BE,actual_load,Actual Load,2026-07-21T00:11:54Z
2026-07-21T00:11:51Z,2026-07-21T02:11:51+0200,ca480415-0e53-4d99-b8f2-f778c2de0ac2,2026-06-21T06:00:00Z,2026-06-21T08:00:00+0200,7593.64,MW,BE,BE,actual_load,Actual Load,2026-07-21T00:11:54Z
2026-07-21T00:11:51Z,2026-07-21T02:11:51+0200,ca480415-0e53-4d99-b8f2-f778c2de0ac2,2026-06-21T06:15:00Z,2026-06-21T08:15:00+0200,7762.4,MW,BE,BE,actual_load,Actual Load,2026-07-21T00:11:54Z
2026-07-21T00:11:51Z,2026-07-21T02:11:51+0200,ca480415-0e53-4d99-b8f2-f778c2de0ac2,2026-06-21T06:30:00Z,2026-06-21T08:30:00+0200,7916.51,MW,BE,BE,actual_load,Actual Load,2026-07-21T00:11:54Z
2026-07-21T00:11:51Z,2026-07-21T02:11:51+0200,ca480415-0e53-4d99-b8f2-f778c2de0ac2,2026-06-21T06:45:00Z,2026-06-21T08:45:00+0200,8069.06,MW,BE,BE,actual_load,Actual Load,2026-07-21T00:11:54Z
2026-07-21T00:11:51Z,2026-07-21T02:11:51+0200,ca480415-0e53-4d99-b8f2-f778c2de0ac2,2026-06-21T07:00:00Z,2026-06-21T09:00:00+0200,8008.18,MW,BE,BE,actual_load,Actual Load,2026-07-21T00:11:54Z
2026-07-21T00:11:51Z,2026-07-21T02:11:51+0200,ca480415-0e53-4d99-b8f2-f778c2de0ac2,2026-06-21T07:15:00Z,2026-06-21T09:15:00+0200,8108.8,MW,BE,BE,actual_load,Actual Load,2026-07-21T00:11:54Z
2026-07-21T00:11:51Z,2026-07-21T02:11:51+0200,ca480415-0e53-4d99-b8f2-f778c2de0ac2,2026-06-21T07:30:00Z,2026-06-21T09:30:00+0200,8466.12,MW,BE,BE,actual_load,Actual Load,2026-07-21T00:11:54Z
2026-07-21T00:11:51Z,2026-07-21T02:11:51+0200,ca480415-0e53-4d99-b8f2-f778c2de0ac2,2026-06-21T07:45:00Z,2026-06-21T09:45:00+0200,8755.04,MW,BE,BE,actual_load,Actual Load,2026-07-21T00:11:54Z
2026-07-21T00:11:51Z,2026-07-21T02:11:51+0200,ca480415-0e53-4d99-b8f2-f778c2de0ac2,2026-06-21T08:00:00Z,2026-06-21T10:00:00+0200,8772.19,MW,BE,BE,actual_load,Actual Load,2026-07-21T00:11:54Z
2026-07-21T00:11:51Z,2026-07-21T02:11:51+0200,ca480415-0e53-4d99-b8f2-f778c2de0ac2,2026-06-21T08:15:00Z,2026-06-21T10:15:00+0200,8914.07,MW,BE,BE,actual_load,Actual Load,2026-07-21T00:11:54Z
2026-07-21T00:11:51Z,2026-07-21T02:11:51+0200,ca480415-0e53-4d99-b8f2-f778c2de0ac2,2026-06-21T08:30:00Z,2026-06-21T10:30:00+0200,9021.74,MW,BE,BE,actual_load,Actual Load,2026-07-21T00:11:54Z
2026-07-21T00:11:51Z,2026-07-21T02:11:51+0200,ca480415-0e53-4d99-b8f2-f778c2de0ac2,2026-06-21T08:45:00Z,2026-06-21T10:45:00+0200,9283.71,MW,BE,BE,actual_load,Actual Load,2026-07-21T00:11:54Z
2026-07-21T00:11:51Z,2026-07-21T02:11:51+0200,ca480415-0e53-4d99-b8f2-f778c2de0ac2,2026-06-21T09:00:00Z,2026-06-21T11:00:00+0200,9392.61,MW,BE,BE,actual_load,Actual Load,2026-07-21T00:11:54Z
2026-07-21T00:11:51Z,2026-07-21T02:11:51+0200,ca480415-0e53-4d99-b8f2-f778c2de0ac2,2026-06-21T09:15:00Z,2026-06-21T11:15:00+0200,9745.33,MW,BE,BE,actual_load,Actual Load,2026-07-21T00:11:54Z
2026-07-21T00:11:51Z,2026-07-21T02:11:51+0200,ca480415-0e53-4d99-b8f2-f778c2de0ac2,2026-06-21T09:30:00Z,2026-06-21T11:30:00+0200,9990.46,MW,BE,BE,actual_load,Actual Load,2026-07-21T00:11:54Z
2026-07-21T00:11:51Z,2026-07-21T02:11:51+0200,ca480415-0e53-4d99-b8f2-f778c2de0ac2,2026-06-21T09:45:00Z,2026-06-21T11:45:00+0200,10021.88,MW,BE,BE,actual_load,Actual Load,2026-07-21T00:11:54Z
2026-07-21T00:11:51Z,2026-07-21T02:11:51+0200,ca480415-0e53-4d99-b8f2-f778c2de0ac2,2026-06-21T10:00:00Z,2026-06-21T12:00:00+0200,10108.02,MW,BE,BE,actual_load,Actual Load,2026-07-21T00:11:54Z
2026-07-21T00:11:51Z,2026-07-21T02:11:51+0200,ca480415-0e53-4d99-b8f2-f778c2de0ac2,2026-06-21T10:15:00Z,2026-06-21T12:15:00+0200,10071.86,MW,BE,BE,actual_load,Actual Load,2026-07-21T00:11:54Z
2026-07-21T00:11:51Z,2026-07-21T02:11:51+0200,ca480415-0e53-4d99-b8f2-f778c2de0ac2,2026-06-21T10:30:00Z,2026-06-21T12:30:00+0200,10084.68,MW,BE,BE,actual_load,Actual Load,2026-07-21T00:11:54Z
2026-07-21T00:11:51Z,2026-07-21T02:11:51+0200,ca480415-0e53-4d99-b8f2-f778c2de0ac2,2026-06-21T10:45:00Z,2026-06-21T12:45:00+0200,10092.98,MW,BE,BE,actual_load,Actual Load,2026-07-21T00:11:54Z
2026-07-21T00:11:51Z,2026-07-21T02:11:51+0200,ca480415-0e53-4d99-b8f2-f778c2de0ac2,2026-06-21T11:00:00Z,2026-06-21T13:00:00+0200,10007.99,MW,BE,BE,actual_load,Actual Load,2026-07-21T00:11:54Z
2026-07-21T00:11:51Z,2026-07-21T02:11:51+0200,ca480415-0e53-4d99-b8f2-f778c2de0ac2,2026-06-21T11:15:00Z,2026-06-21T13:15:00+0200,9943.89,MW,BE,BE,actual_load,Actual Load,2026-07-21T00:11:54Z
2026-07-21T00:11:51Z,2026-07-21T02:11:51+0200,ca480415-0e53-4d99-b8f2-f778c2de0ac2,2026-06-21T11:30:00Z,2026-06-21T13:30:00+0200,9952.27,MW,BE,BE,actual_load,Actual Load,2026-07-21T00:11:54Z
2026-07-21T00:11:51Z,2026-07-21T02:11:51+0200,ca480415-0e53-4d99-b8f2-f778c2de0ac2,2026-06-21T11:45:00Z,2026-06-21T13:45:00+0200,9833.12,MW,BE,BE,actual_load,Actual Load,2026-07-21T00:11:54Z
2026-07-21T00:11:51Z,2026-07-21T02:11:51+0200,ca480415-0e53-4d99-b8f2-f778c2de0ac2,2026-06-21T12:00:00Z,2026-06-21T14:00:00+0200,9836.68,MW,BE,BE,actual_load,Actual Load,2026-07-21T00:11:54Z
2026-07-21T00:11:51Z,2026-07-21T02:11:51+0200,ca480415-0e53-4d99-b8f2-f778c2de0ac2,2026-06-21T12:15:00Z,2026-06-21T14:15:00+0200,9799.52,MW,BE,BE,actual_load,Actual Load,2026-07-21T00:11:54Z
2026-07-21T00:11:51Z,2026-07-21T02:11:51+0200,ca480415-0e53-4d99-b8f2-f778c2de0ac2,2026-06-21T12:30:00Z,2026-06-21T14:30:00+0200,9873.73,MW,BE,BE,actual_load,Actual Load,2026-07-21T00:11:54Z
2026-07-21T00:11:51Z,2026-07-21T02:11:51+0200,ca480415-0e53-4d99-b8f2-f778c2de0ac2,2026-06-21T12:45:00Z,2026-06-21T14:45:00+0200,9715.18,MW,BE,BE,actual_load,Actual Load,2026-07-21T00:11:54Z
2026-07-21T00:11:51Z,2026-07-21T02:11:51+0200,ca480415-0e53-4d99-b8f2-f778c2de0ac2,2026-06-21T13:00:00Z,2026-06-21T15:00:00+0200,9597.38,MW,BE,BE,actual_load,Actual Load,2026-07-21T00:11:54Z
2026-07-21T00:11:51Z,2026-07-21T02:11:51+0200,ca480415-0e53-4d99-b8f2-f778c2de0ac2,2026-06-21T13:15:00Z,2026-06-21T15:15:00+0200,9407.69,MW,BE,BE,actual_load,Actual Load,2026-07-21T00:11:54Z
2026-07-21T00:11:51Z,2026-07-21T02:11:51+0200,ca480415-0e53-4d99-b8f2-f778c2de0ac2,2026-06-21T13:30:00Z,2026-06-21T15:30:00+0200,9236.7,MW,BE,BE,actual_load,Actual Load,2026-07-21T00:11:54Z
2026-07-21T00:11:51Z,2026-07-21T02:11:51+0200,ca480415-0e53-4d99-b8f2-f778c2de0ac2,2026-06-21T13:45:00Z,2026-06-21T15:45:00+0200,9135.38,MW,BE,BE,actual_load,Actual Load,2026-07-21T00:11:54Z
2026-07-21T00:11:51Z,2026-07-21T02:11:51+0200,ca480415-0e53-4d99-b8f2-f778c2de0ac2,2026-06-21T14:00:00Z,2026-06-21T16:00:00+0200,9100.15,MW,BE,BE,actual_load,Actual Load,2026-07-21T00:11:54Z
2026-07-21T00:11:51Z,2026-07-21T02:11:51+0200,ca480415-0e53-4d99-b8f2-f778c2de0ac2,2026-06-21T14:15:00Z,2026-06-21T16:15:00+0200,8971.1,MW,BE,BE,actual_load,Actual Load,2026-07-21T00:11:54Z
2026-07-21T00:11:51Z,2026-07-21T02:11:51+0200,ca480415-0e53-4d99-b8f2-f778c2de0ac2,2026-06-21T14:30:00Z,2026-06-21T16:30:00+0200,8974.06,MW,BE,BE,actual_load,Actual Load,2026-07-21T00:11:54Z
2026-07-21T00:11:51Z,2026-07-21T02:11:51+0200,ca480415-0e53-4d99-b8f2-f778c2de0ac2,2026-06-21T14:45:00Z,2026-06-21T16:45:00+0200,8816.28,MW,BE,BE,actual_load,Actual Load,2026-07-21T00:11:54Z
2026-07-21T00:11:51Z,2026-07-21T02:11:51+0200,ca480415-0e53-4d99-b8f2-f778c2de0ac2,2026-06-21T15:00:00Z,2026-06-21T17:00:00+0200,8858.06,MW,BE,BE,actual_load,Actual Load,2026-07-21T00:11:54Z
2026-07-21T00:11:51Z,2026-07-21T02:11:51+0200,ca480415-0e53-4d99-b8f2-f778c2de0ac2,2026-06-21T15:15:00Z,2026-06-21T17:15:00+0200,8905.74,MW,BE,BE,actual_load,Actual Load,2026-07-21T00:11:54Z
2026-07-21T00:11:51Z,2026-07-21T02:11:51+0200,ca480415-0e53-4d99-b8f2-f778c2de0ac2,2026-06-21T15:30:00Z,2026-06-21T17:30:00+0200,8968.36,MW,BE,BE,actual_load,Actual Load,2026-07-21T00:11:54Z
2026-07-21T00:11:51Z,2026-07-21T02:11:51+0200,ca480415-0e53-4d99-b8f2-f778c2de0ac2,2026-06-21T15:45:00Z,2026-06-21T17:45:00+0200,8855.79,MW,BE,BE,actual_load,Actual Load,2026-07-21T00:11:54Z
2026-07-21T00:11:51Z,2026-07-21T02:11:51+0200,ca480415-0e53-4d99-b8f2-f778c2de0ac2,2026-06-21T16:00:00Z,2026-06-21T18:00:00+0200,8900.53,MW,BE,BE,actual_load,Actual Load,2026-07-21T00:11:54Z
2026-07-21T00:11:51Z,2026-07-21T02:11:51+0200,ca480415-0e53-4d99-b8f2-f778c2de0ac2,2026-06-21T16:15:00Z,2026-06-21T18:15:00+0200,8886.27,MW,BE,BE,actual_load,Actual Load,2026-07-21T00:11:54Z
2026-07-21T00:11:51Z,2026-07-21T02:11:51+0200,ca480415-0e53-4d99-b8f2-f778c2de0ac2,2026-06-21T16:30:00Z,2026-06-21T18:30:00+0200,8950.16,MW,BE,BE,actual_load,Actual Load,2026-07-21T00:11:54Z
2026-07-21T00:11:51Z,2026-07-21T02:11:51+0200,ca480415-0e53-4d99-b8f2-f778c2de0ac2,2026-06-21T16:45:00Z,2026-06-21T18:45:00+0200,8997.13,MW,BE,BE,actual_load,Actual Load,2026-07-21T00:11:54Z
2026-07-21T00:11:51Z,2026-07-21T02:11:51+0200,ca480415-0e53-4d99-b8f2-f778c2de0ac2,2026-06-21T17:00:00Z,2026-06-21T19:00:00+0200,9101.84,MW,BE,BE,actual_load,Actual Load,2026-07-21T00:11:54Z
2026-07-21T00:11:51Z,2026-07-21T02:11:51+0200,ca480415-0e53-4d99-b8f2-f778c2de0ac2,2026-06-21T17:15:00Z,2026-06-21T19:15:00+0200,9174.82,MW,BE,BE,actual_load,Actual Load,2026-07-21T00:11:54Z
2026-07-21T00:11:51Z,2026-07-21T02:11:51+0200,ca480415-0e53-4d99-b8f2-f778c2de0ac2,2026-06-21T17:30:00Z,2026-06-21T19:30:00+0200,9262.34,MW,BE,BE,actual_load,Actual Load,2026-07-21T00:11:54Z
2026-07-21T00:11:51Z,2026-07-21T02:11:51+0200,ca480415-0e53-4d99-b8f2-f778c2de0ac2,2026-06-21T17:45:00Z,2026-06-21T19:45:00+0200,9255.61,MW,BE,BE,actual_load,Actual Load,2026-07-21T00:11:54Z
2026-07-21T00:11:51Z,2026-07-21T02:11:51+0200,ca480415-0e53-4d99-b8f2-f778c2de0ac2,2026-06-21T18:00:00Z,2026-06-21T20:00:00+0200,9301.32,MW,BE,BE,actual_load,Actual Load,2026-07-21T00:11:54Z
2026-07-21T00:11:51Z,2026-07-21T02:11:51+0200,ca480415-0e53-4d99-b8f2-f778c2de0ac2,2026-06-21T18:15:00Z,2026-06-21T20:15:00+0200,9306.77,MW,BE,BE,actual_load,Actual Load,2026-07-21T00:11:54Z
2026-07-21T00:11:51Z,2026-07-21T02:11:51+0200,ca480415-0e53-4d99-b8f2-f778c2de0ac2,2026-06-21T18:30:00Z,2026-06-21T20:30:00+0200,9198.84,MW,BE,BE,actual_load,Actual Load,2026-07-21T00:11:54Z
2026-07-21T00:11:51Z,2026-07-21T02:11:51+0200,ca480415-0e53-4d99-b8f2-f778c2de0ac2,2026-06-21T18:45:00Z,2026-06-21T20:45:00+0200,9031.84,MW,BE,BE,actual_load,Actual Load,2026-07-21T00:11:54Z
2026-07-21T00:11:51Z,2026-07-21T02:11:51+0200,ca480415-0e53-4d99-b8f2-f778c2de0ac2,2026-06-21T19:00:00Z,2026-06-21T21:00:00+0200,9093.25,MW,BE,BE,actual_load,Actual Load,2026-07-21T00:11:54Z
2026-07-21T00:11:51Z,2026-07-21T02:11:51+0200,ca480415-0e53-4d99-b8f2-f778c2de0ac2,2026-06-21T19:15:00Z,2026-06-21T21:15:00+0200,9028.67,MW,BE,BE,actual_load,Actual Load,2026-07-21T00:11:54Z
2026-07-21T00:11:51Z,2026-07-21T02:11:51+0200,ca480415-0e53-4d99-b8f2-f778c2de0ac2,2026-06-21T19:30:00Z,2026-06-21T21:30:00+0200,8979.53,MW,BE,BE,actual_load,Actual Load,2026-07-21T00:11:54Z
2026-07-21T00:11:51Z,2026-07-21T02:11:51+0200,ca480415-0e53-4d99-b8f2-f778c2de0ac2,2026-06-21T19:45:00Z,2026-06-21T21:45:00+0200,8966.47,MW,BE,BE,actual_load,Actual Load,2026-07-21T00:11:54Z
2026-07-21T00:11:51Z,2026-07-21T02:11:51+0200,ca480415-0e53-4d99-b8f2-f778c2de0ac2,2026-06-21T20:00:00Z,2026-06-21T22:00:00+0200,9062.08,MW,BE,BE,actual_load,Actual Load,2026-07-21T00:11:54Z
2026-07-21T00:11:51Z,2026-07-21T02:11:51+0200,ca480415-0e53-4d99-b8f2-f778c2de0ac2,2026-06-21T20:15:00Z,2026-06-21T22:15:00+0200,9125.02,MW,BE,BE,actual_load,Actual Load,2026-07-21T00:11:54Z
2026-07-21T00:11:51Z,2026-07-21T02:11:51+0200,ca480415-0e53-4d99-b8f2-f778c2de0ac2,2026-06-21T20:30:00Z,2026-06-21T22:30:00+0200,9109.09,MW,BE,BE,actual_load,Actual Load,2026-07-21T00:11:54Z
2026-07-21T00:11:51Z,2026-07-21T02:11:51+0200,ca480415-0e53-4d99-b8f2-f778c2de0ac2,2026-06-21T20:45:00Z,2026-06-21T22:45:00+0200,9049.05,MW,BE,BE,actual_load,Actual Load,2026-07-21T00:11:54Z
2026-07-21T00:11:51Z,2026-07-21T02:11:51+0200,ca480415-0e53-4d99-b8f2-f778c2de0ac2,2026-06-21T21:00:00Z,2026-06-21T23:00:00+0200,8888.8,MW,BE,BE,actual_load,Actual Load,2026-07-21T00:11:54Z
2026-07-21T00:11:51Z,2026-07-21T02:11:51+0200,ca480415-0e53-4d99-b8f2-f778c2de0ac2,2026-06-21T21:15:00Z,2026-06-21T23:15:00+0200,8761.9,MW,BE,BE,actual_load,Actual Load,2026-07-21T00:11:54Z
2026-07-21T00:11:51Z,2026-07-21T02:11:51+0200,ca480415-0e53-4d99-b8f2-f778c2de0ac2,2026-06-21T21:30:00Z,2026-06-21T23:30:00+0200,8702.05,MW,BE,BE,actual_load,Actual Load,2026-07-21T00:11:54Z
2026-07-21T00:11:51Z,2026-07-21T02:11:51+0200,ca480415-0e53-4d99-b8f2-f778c2de0ac2,2026-06-21T21:45:00Z,2026-06-21T23:45:00+0200,8592.21,MW,BE,BE,actual_load,Actual Load,2026-07-21T00:11:54Z
2026-07-21T00:11:51Z,2026-07-21T02:11:51+0200,ca480415-0e53-4d99-b8f2-f778c2de0ac2,2026-06-21T22:00:00Z,2026-06-22T00:00:00+0200,8527.85,MW,BE,BE,actual_load,Actual Load,2026-07-21T00:11:54Z
2026-07-21T00:11:51Z,2026-07-21T02:11:51+0200,ca480415-0e53-4d99-b8f2-f778c2de0ac2,2026-06-21T22:15:00Z,2026-06-22T00:15:00+0200,8473.45,MW,BE,BE,actual_load,Actual Load,2026-07-21T00:11:54Z
2026-07-21T00:11:51Z,2026-07-21T02:11:51+0200,ca480415-0e53-4d99-b8f2-f778c2de0ac2,2026-06-21T22:30:00Z,2026-06-22T00:30:00+0200,8312.49,MW,BE,BE,actual_load,Actual Load,2026-07-21T00:11:54Z
2026-07-21T00:11:51Z,2026-07-21T02:11:51+0200,ca480415-0e53-4d99-b8f2-f778c2de0ac2,2026-06-21T22:45:00Z,2026-06-22T00:45:00+0200,8189.12,MW,BE,BE,actual_load,Actual Load,2026-07-21T00:11:54Z
2026-07-21T00:11:51Z,2026-07-21T02:11:51+0200,ca480415-0e53-4d99-b8f2-f778c2de0ac2,2026-06-21T23:00:00Z,2026-06-22T01:00:00+0200,8084.17,MW,BE,BE,actual_load,Actual Load,2026-07-21T00:11:54Z
2026-07-21T00:11:51Z,2026-07-21T02:11:51+0200,ca480415-0e53-4d99-b8f2-f778c2de0ac2,2026-06-21T23:15:00Z,2026-06-22T01:15:00+0200,8070.36,MW,BE,BE,actual_load,Actual Load,2026-07-21T00:11:54Z
2026-07-21T00:11:51Z,2026-07-21T02:11:51+0200,ca480415-0e53-4d99-b8f2-f778c2de0ac2,2026-06-21T23:30:00Z,2026-06-22T01:30:00+0200,7949.63,MW,BE,BE,actual_load,Actual Load,2026-07-21T00:11:54Z
2026-07-21T00:11:51Z,2026-07-21T02:11:51+0200,ca480415-0e53-4d99-b8f2-f778c2de0ac2,2026-06-21T23:45:00Z,2026-06-22T01:45:00+0200,7855.69,MW,BE,BE,actual_load,Actual Load,2026-07-21T00:11:54Z
2026-07-21T00:11:51Z,2026-07-21T02:11:51+0200,ca480415-0e53-4d99-b8f2-f778c2de0ac2,2026-06-22T00:00:00Z,2026-06-22T02:00:00+0200,7845.3,MW,BE,BE,actual_load,Actual Load,2026-07-21T00:11:54Z
2026-07-21T00:11:51Z,2026-07-21T02:11:51+0200,ca480415-0e53-4d99-b8f2-f778c2de0ac2,2026-06-22T00:15:00Z,2026-06-22T02:15:00+0200,7801.28,MW,BE,BE,actual_load,Actual Load,2026-07-21T00:11:54Z
2026-07-21T00:11:51Z,2026-07-21T02:11:51+0200,ca480415-0e53-4d99-b8f2-f778c2de0ac2,2026-06-22T00:30:00Z,2026-06-22T02:30:00+0200,7735.56,MW,BE,BE,actual_load,Actual Load,2026-07-21T00:11:54Z
2026-07-21T00:11:51Z,2026-07-21T02:11:51+0200,ca480415-0e53-4d99-b8f2-f778c2de0ac2,2026-06-22T00:45:00Z,2026-06-22T02:45:00+0200,7783.18,MW,BE,BE,actual_load,Actual Load,2026-07-21T00:11:54Z
2026-07-21T00:11:51Z,2026-07-21T02:11:51+0200,ca480415-0e53-4d99-b8f2-f778c2de0ac2,2026-06-22T01:00:00Z,2026-06-22T03:00:00+0200,7807.03,MW,BE,BE,actual_load,Actual Load,2026-07-21T00:11:54Z
2026-07-21T00:11:51Z,2026-07-21T02:11:51+0200,ca480415-0e53-4d99-b8f2-f778c2de0ac2,2026-06-22T01:15:00Z,2026-06-22T03:15:00+0200,7772.37,MW,BE,BE,actual_load,Actual Load,2026-07-21T00:11:54Z
2026-07-21T00:11:51Z,2026-07-21T02:11:51+0200,ca480415-0e53-4d99-b8f2-f778c2de0ac2,2026-06-22T01:30:00Z,2026-06-22T03:30:00+0200,7762.56,MW,BE,BE,actual_load,Actual Load,2026-07-21T00:11:54Z
2026-07-21T00:11:51Z,2026-07-21T02:11:51+0200,ca480415-0e53-4d99-b8f2-f778c2de0ac2,2026-06-22T01:45:00Z,2026-06-22T03:45:00+0200,7839.05,MW,BE,BE,actual_load,Actual Load,2026-07-21T00:11:54Z
2026-07-21T00:11:51Z,2026-07-21T02:11:51+0200,ca480415-0e53-4d99-b8f2-f778c2de0ac2,2026-06-22T02:00:00Z,2026-06-22T04:00:00+0200,7895.25,MW,BE,BE,actual_load,Actual Load,2026-07-21T00:11:54Z
2026-07-21T00:11:51Z,2026-07-21T02:11:51+0200,ca480415-0e53-4d99-b8f2-f778c2de0ac2,2026-06-22T02:15:00Z,2026-06-22T04:15:00+0200,7856.81,MW,BE,BE,actual_load,Actual Load,2026-07-21T00:11:54Z
2026-07-21T00:11:51Z,2026-07-21T02:11:51+0200,ca480415-0e53-4d99-b8f2-f778c2de0ac2,2026-06-22T02:30:00Z,2026-06-22T04:30:00+0200,7928.98,MW,BE,BE,actual_load,Actual Load,2026-07-21T00:11:54Z
2026-07-21T00:11:51Z,2026-07-21T02:11:51+0200,ca480415-0e53-4d99-b8f2-f778c2de0ac2,2026-06-22T02:45:00Z,2026-06-22T04:45:00+0200,7920.5,MW,BE,BE,actual_load,Actual Load,2026-07-21T00:11:54Z
2026-07-21T00:11:51Z,2026-07-21T02:11:51+0200,ca480415-0e53-4d99-b8f2-f778c2de0ac2,2026-06-22T03:00:00Z,2026-06-22T05:00:00+0200,8083.33,MW,BE,BE,actual_load,Actual Load,2026-07-21T00:11:54Z
2026-07-21T00:11:51Z,2026-07-21T02:11:51+0200,ca480415-0e53-4d99-b8f2-f778c2de0ac2,2026-06-22T03:15:00Z,2026-06-22T05:15:00+0200,8074.83,MW,BE,BE,actual_load,Actual Load,2026-07-21T00:11:54Z
2026-07-21T00:11:51Z,2026-07-21T02:11:51+0200,ca480415-0e53-4d99-b8f2-f778c2de0ac2,2026-06-22T03:30:00Z,2026-06-22T05:30:00+0200,8138.24,MW,BE,BE,actual_load,Actual Load,2026-07-21T00:11:54Z
2026-07-21T00:11:51Z,2026-07-21T02:11:51+0200,ca480415-0e53-4d99-b8f2-f778c2de0ac2,2026-06-22T03:45:00Z,2026-06-22T05:45:00+0200,8244.33,MW,BE,BE,actual_load,Actual Load,2026-07-21T00:11:54Z
2026-07-21T00:11:51Z,2026-07-21T02:11:51+0200,ca480415-0e53-4d99-b8f2-f778c2de0ac2,2026-06-22T04:00:00Z,2026-06-22T06:00:00+0200,8428.8,MW,BE,BE,actual_load,Actual Load,2026-07-21T00:11:54Z
2026-07-21T00:11:51Z,2026-07-21T02:11:51+0200,ca480415-0e53-4d99-b8f2-f778c2de0ac2,2026-06-22T04:15:00Z,2026-06-22T06:15:00+0200,8752.21,MW,BE,BE,actual_load,Actual Load,2026-07-21T00:11:54Z
2026-07-21T00:11:51Z,2026-07-21T02:11:51+0200,ca480415-0e53-4d99-b8f2-f778c2de0ac2,2026-06-22T04:30:00Z,2026-06-22T06:30:00+0200,8936.62,MW,BE,BE,actual_load,Actual Load,2026-07-21T00:11:54Z
2026-07-21T00:11:51Z,2026-07-21T02:11:51+0200,ca480415-0e53-4d99-b8f2-f778c2de0ac2,2026-06-22T04:45:00Z,2026-06-22T06:45:00+0200,9165.52,MW,BE,BE,actual_load,Actual Load,2026-07-21T00:11:54Z
2026-07-21T00:11:51Z,2026-07-21T02:11:51+0200,ca480415-0e53-4d99-b8f2-f778c2de0ac2,2026-06-22T05:00:00Z,2026-06-22T07:00:00+0200,9366.46,MW,BE,BE,actual_load,Actual Load,2026-07-21T00:11:54Z
2026-07-21T00:11:51Z,2026-07-21T02:11:51+0200,ca480415-0e53-4d99-b8f2-f778c2de0ac2,2026-06-22T05:15:00Z,2026-06-22T07:15:00+0200,9579.13,MW,BE,BE,actual_load,Actual Load,2026-07-21T00:11:54Z
2026-07-21T00:11:51Z,2026-07-21T02:11:51+0200,ca480415-0e53-4d99-b8f2-f778c2de0ac2,2026-06-22T05:30:00Z,2026-06-22T07:30:00+0200,9810.94,MW,BE,BE,actual_load,Actual Load,2026-07-21T00:11:54Z
2026-07-21T00:11:51Z,2026-07-21T02:11:51+0200,ca480415-0e53-4d99-b8f2-f778c2de0ac2,2026-06-22T05:45:00Z,2026-06-22T07:45:00+0200,9978.42,MW,BE,BE,actual_load,Actual Load,2026-07-21T00:11:54Z
2026-07-21T00:11:51Z,2026-07-21T02:11:51+0200,ca480415-0e53-4d99-b8f2-f778c2de0ac2,2026-06-22T06:00:00Z,2026-06-22T08:00:00+0200,10142.15,MW,BE,BE,actual_load,Actual Load,2026-07-21T00:11:54Z
2026-07-21T00:11:51Z,2026-07-21T02:11:51+0200,ca480415-0e53-4d99-b8f2-f778c2de0ac2,2026-06-22T06:15:00Z,2026-06-22T08:15:00+0200,10275.65,MW,BE,BE,actual_load,Actual Load,2026-07-21T00:11:54Z
2026-07-21T00:11:51Z,2026-07-21T02:11:51+0200,ca480415-0e53-4d99-b8f2-f778c2de0ac2,2026-06-22T06:30:00Z,2026-06-22T08:30:00+0200,10413.92,MW,BE,BE,actual_load,Actual Load,2026-07-21T00:11:54Z
2026-07-21T00:11:51Z,2026-07-21T02:11:51+0200,ca480415-0e53-4d99-b8f2-f778c2de0ac2,2026-06-22T06:45:00Z,2026-06-22T08:45:00+0200,10581.17,MW,BE,BE,actual_load,Actual Load,2026-07-21T00:11:54Z
2026-07-21T00:11:51Z,2026-07-21T02:11:51+0200,ca480415-0e53-4d99-b8f2-f778c2de0ac2,2026-06-22T07:00:00Z,2026-06-22T09:00:00+0200,10795.8,MW,BE,BE,actual_load,Actual Load,2026-07-21T00:11:54Z
2026-07-21T00:11:51Z,2026-07-21T02:11:51+0200,ca480415-0e53-4d99-b8f2-f778c2de0ac2,2026-06-22T07:15:00Z,2026-06-22T09:15:00+0200,10879.9,MW,BE,BE,actual_load,Actual Load,2026-07-21T00:11:54Z
2026-07-21T00:11:51Z,2026-07-21T02:11:51+0200,ca480415-0e53-4d99-b8f2-f778c2de0ac2,2026-06-22T07:30:00Z,2026-06-22T09:30:00+0200,11047.27,MW,BE,BE,actual_load,Actual Load,2026-07-21T00:11:54Z
2026-07-21T00:11:51Z,2026-07-21T02:11:51+0200,ca480415-0e53-4d99-b8f2-f778c2de0ac2,2026-06-22T07:45:00Z,2026-06-22T09:45:00+0200,11028.19,MW,BE,BE,actual_load,Actual Load,2026-07-21T00:11:54Z
2026-07-21T00:11:51Z,2026-07-21T02:11:51+0200,ca480415-0e53-4d99-b8f2-f778c2de0ac2,2026-06-22T08:00:00Z,2026-06-22T10:00:00+0200,10855.66,MW,BE,BE,actual_load,Actual Load,2026-07-21T00:11:54Z
2026-07-21T00:11:51Z,2026-07-21T02:11:51+0200,ca480415-0e53-4d99-b8f2-f778c2de0ac2,2026-06-22T08:15:00Z,2026-06-22T10:15:00+0200,11023.32,MW,BE,BE,actual_load,Actual Load,2026-07-21T00:11:54Z
2026-07-21T00:11:51Z,2026-07-21T02:11:51+0200,ca480415-0e53-4d99-b8f2-f778c2de0ac2,2026-06-22T08:30:00Z,2026-06-22T10:30:00+0200,11160.93,MW,BE,BE,actual_load,Actual Load,2026-07-21T00:11:54Z
2026-07-21T00:11:51Z,2026-07-21T02:11:51+0200,ca480415-0e53-4d99-b8f2-f778c2de0ac2,2026-06-22T08:45:00Z,2026-06-22T10:45:00+0200,11298.78,MW,BE,BE,actual_load,Actual Load,2026-07-21T00:11:54Z
2026-07-21T00:11:51Z,2026-07-21T02:11:51+0200,ca480415-0e53-4d99-b8f2-f778c2de0ac2,2026-06-22T09:00:00Z,2026-06-22T11:00:00+0200,11445.56,MW,BE,BE,actual_load,Actual Load,2026-07-21T00:11:54Z
2026-07-21T00:11:51Z,2026-07-21T02:11:51+0200,ca480415-0e53-4d99-b8f2-f778c2de0ac2,2026-06-22T09:15:00Z,2026-06-22T11:15:00+0200,11564.5,MW,BE,BE,actual_load,Actual Load,2026-07-21T00:11:54Z
2026-07-21T00:11:51Z,2026-07-21T02:11:51+0200,ca480415-0e53-4d99-b8f2-f778c2de0ac2,2026-06-22T09:30:00Z,2026-06-22T11:30:00+0200,11647.99,MW,BE,BE,actual_load,Actual Load,2026-07-21T00:11:54Z
2026-07-21T00:11:51Z,2026-07-21T02:11:51+0200,ca480415-0e53-4d99-b8f2-f778c2de0ac2,2026-06-22T09:45:00Z,2026-06-22T11:45:00+0200,11856.64,MW,BE,BE,actual_load,Actual Load,2026-07-21T00:11:54Z
2026-07-21T00:11:51Z,2026-07-21T02:11:51+0200,ca480415-0e53-4d99-b8f2-f778c2de0ac2,2026-06-22T10:00:00Z,2026-06-22T12:00:00+0200,11755.13,MW,BE,BE,actual_load,Actual Load,2026-07-21T00:11:54Z
2026-07-21T00:11:51Z,2026-07-21T02:11:51+0200,ca480415-0e53-4d99-b8f2-f778c2de0ac2,2026-06-22T10:15:00Z,2026-06-22T12:15:00+0200,11753.06,MW,BE,BE,actual_load,Actual Load,2026-07-21T00:11:54Z
2026-07-21T00:11:51Z,2026-07-21T02:11:51+0200,ca480415-0e53-4d99-b8f2-f778c2de0ac2,2026-06-22T10:30:00Z,2026-06-22T12:30:00+0200,11752.78,MW,BE,BE,actual_load,Actual Load,2026-07-21T00:11:54Z
2026-07-21T00:11:51Z,2026-07-21T02:11:51+0200,ca480415-0e53-4d99-b8f2-f778c2de0ac2,2026-06-22T10:45:00Z,2026-06-22T12:45:00+0200,11791.35,MW,BE,BE,actual_load,Actual Load,2026-07-21T00:11:54Z
2026-07-21T00:11:51Z,2026-07-21T02:11:51+0200,ca480415-0e53-4d99-b8f2-f778c2de0ac2,2026-06-22T11:00:00Z,2026-06-22T13:00:00+0200,11840.31,MW,BE,BE,actual_load,Actual Load,2026-07-21T00:11:54Z
2026-07-21T00:11:51Z,2026-07-21T02:11:51+0200,ca480415-0e53-4d99-b8f2-f778c2de0ac2,2026-06-22T11:15:00Z,2026-06-22T13:15:00+0200,11856.58,MW,BE,BE,actual_load,Actual Load,2026-07-21T00:11:54Z
2026-07-21T00:11:51Z,2026-07-21T02:11:51+0200,ca480415-0e53-4d99-b8f2-f778c2de0ac2,2026-06-22T11:30:00Z,2026-06-22T13:30:00+0200,11844.0,MW,BE,BE,actual_load,Actual Load,2026-07-21T00:11:54Z
2026-07-21T00:11:51Z,2026-07-21T02:11:51+0200,ca480415-0e53-4d99-b8f2-f778c2de0ac2,2026-06-22T11:45:00Z,2026-06-22T13:45:00+0200,11783.21,MW,BE,BE,actual_load,Actual Load,2026-07-21T00:11:54Z
2026-07-21T00:11:51Z,2026-07-21T02:11:51+0200,ca480415-0e53-4d99-b8f2-f778c2de0ac2,2026-06-22T12:00:00Z,2026-06-22T14:00:00+0200,11752.43,MW,BE,BE,actual_load,Actual Load,2026-07-21T00:11:54Z
2026-07-21T00:11:51Z,2026-07-21T02:11:51+0200,ca480415-0e53-4d99-b8f2-f778c2de0ac2,2026-06-22T12:15:00Z,2026-06-22T14:15:00+0200,11703.99,MW,BE,BE,actual_load,Actual Load,2026-07-21T00:11:54Z
2026-07-21T00:11:51Z,2026-07-21T02:11:51+0200,ca480415-0e53-4d99-b8f2-f778c2de0ac2,2026-06-22T12:30:00Z,2026-06-22T14:30:00+0200,11606.5,MW,BE,BE,actual_load,Actual Load,2026-07-21T00:11:54Z
2026-07-21T00:11:51Z,2026-07-21T02:11:51+0200,ca480415-0e53-4d99-b8f2-f778c2de0ac2,2026-06-22T12:45:00Z,2026-06-22T14:45:00+0200,11492.93,MW,BE,BE,actual_load,Actual Load,2026-07-21T00:11:54Z
2026-07-21T00:11:51Z,2026-07-21T02:11:51+0200,ca480415-0e53-4d99-b8f2-f778c2de0ac2,2026-06-22T13:00:00Z,2026-06-22T15:00:00+0200,11471.69,MW,BE,BE,actual_load,Actual Load,2026-07-21T00:11:54Z
2026-07-21T00:11:51Z,2026-07-21T02:11:51+0200,ca480415-0e53-4d99-b8f2-f778c2de0ac2,2026-06-22T13:15:00Z,2026-06-22T15:15:00+0200,11298.88,MW,BE,BE,actual_load,Actual Load,2026-07-21T00:11:54Z
2026-07-21T00:11:51Z,2026-07-21T02:11:51+0200,ca480415-0e53-4d99-b8f2-f778c2de0ac2,2026-06-22T13:30:00Z,2026-06-22T15:30:00+0200,11070.45,MW,BE,BE,actual_load,Actual Load,2026-07-21T00:11:54Z
2026-07-21T00:11:51Z,2026-07-21T02:11:51+0200,ca480415-0e53-4d99-b8f2-f778c2de0ac2,2026-06-22T13:45:00Z,2026-06-22T15:45:00+0200,10894.54,MW,BE,BE,actual_load,Actual Load,2026-07-21T00:11:54Z
2026-07-21T00:11:51Z,2026-07-21T02:11:51+0200,ca480415-0e53-4d99-b8f2-f778c2de0ac2,2026-06-22T14:00:00Z,2026-06-22T16:00:00+0200,10977.43,MW,BE,BE,actual_load,Actual Load,2026-07-21T00:11:54Z
2026-07-21T00:11:51Z,2026-07-21T02:11:51+0200,ca480415-0e53-4d99-b8f2-f778c2de0ac2,2026-06-22T14:15:00Z,2026-06-22T16:15:00+0200,10862.76,MW,BE,BE,actual_load,Actual Load,2026-07-21T00:11:54Z
2026-07-21T00:11:51Z,2026-07-21T02:11:51+0200,ca480415-0e53-4d99-b8f2-f778c2de0ac2,2026-06-22T14:30:00Z,2026-06-22T16:30:00+0200,10849.79,MW,BE,BE,actual_load,Actual Load,2026-07-21T00:11:54Z
2026-07-21T00:11:51Z,2026-07-21T02:11:51+0200,ca480415-0e53-4d99-b8f2-f778c2de0ac2,2026-06-22T14:45:00Z,2026-06-22T16:45:00+0200,10773.66,MW,BE,BE,actual_load,Actual Load,2026-07-21T00:11:54Z
2026-07-21T00:11:51Z,2026-07-21T02:11:51+0200,ca480415-0e53-4d99-b8f2-f778c2de0ac2,2026-06-22T15:00:00Z,2026-06-22T17:00:00+0200,10756.77,MW,BE,BE,actual_load,Actual Load,2026-07-21T00:11:54Z
2026-07-21T00:11:51Z,2026-07-21T02:11:51+0200,ca480415-0e53-4d99-b8f2-f778c2de0ac2,2026-06-22T15:15:00Z,2026-06-22T17:15:00+0200,10681.59,MW,BE,BE,actual_load,Actual Load,2026-07-21T00:11:54Z
2026-07-21T00:11:51Z,2026-07-21T02:11:51+0200,ca480415-0e53-4d99-b8f2-f778c2de0ac2,2026-06-22T15:30:00Z,2026-06-22T17:30:00+0200,10792.55,MW,BE,BE,actual_load,Actual Load,2026-07-21T00:11:54Z
2026-07-21T00:11:51Z,2026-07-21T02:11:51+0200,ca480415-0e53-4d99-b8f2-f778c2de0ac2,2026-06-22T15:45:00Z,2026-06-22T17:45:00+0200,10804.68,MW,BE,BE,actual_load,Actual Load,2026-07-21T00:11:54Z
2026-07-21T00:11:51Z,2026-07-21T02:11:51+0200,ca480415-0e53-4d99-b8f2-f778c2de0ac2,2026-06-22T16:00:00Z,2026-06-22T18:00:00+0200,10767.55,MW,BE,BE,actual_load,Actual Load,2026-07-21T00:11:54Z
2026-07-21T00:11:51Z,2026-07-21T02:11:51+0200,ca480415-0e53-4d99-b8f2-f778c2de0ac2,2026-06-22T16:15:00Z,2026-06-22T18:15:00+0200,10636.15,MW,BE,BE,actual_load,Actual Load,2026-07-21T00:11:54Z
2026-07-21T00:11:51Z,2026-07-21T02:11:51+0200,ca480415-0e53-4d99-b8f2-f778c2de0ac2,2026-06-22T16:30:00Z,2026-06-22T18:30:00+0200,10595.52,MW,BE,BE,actual_load,Actual Load,2026-07-21T00:11:54Z
2026-07-21T00:11:51Z,2026-07-21T02:11:51+0200,ca480415-0e53-4d99-b8f2-f778c2de0ac2,2026-06-22T16:45:00Z,2026-06-22T18:45:00+0200,10646.95,MW,BE,BE,actual_load,Actual Load,2026-07-21T00:11:54Z
2026-07-21T00:11:51Z,2026-07-21T02:11:51+0200,ca480415-0e53-4d99-b8f2-f778c2de0ac2,2026-06-22T17:00:00Z,2026-06-22T19:00:00+0200,10756.24,MW,BE,BE,actual_load,Actual Load,2026-07-21T00:11:54Z
2026-07-21T00:11:51Z,2026-07-21T02:11:51+0200,ca480415-0e53-4d99-b8f2-f778c2de0ac2,2026-06-22T17:15:00Z,2026-06-22T19:15:00+0200,10722.7,MW,BE,BE,actual_load,Actual Load,2026-07-21T00:11:54Z
2026-07-21T00:11:51Z,2026-07-21T02:11:51+0200,ca480415-0e53-4d99-b8f2-f778c2de0ac2,2026-06-22T17:30:00Z,2026-06-22T19:30:00+0200,10660.69,MW,BE,BE,actual_load,Actual Load,2026-07-21T00:11:54Z
2026-07-21T00:11:51Z,2026-07-21T02:11:51+0200,ca480415-0e53-4d99-b8f2-f778c2de0ac2,2026-06-22T17:45:00Z,2026-06-22T19:45:00+0200,10589.34,MW,BE,BE,actual_load,Actual Load,2026-07-21T00:11:54Z
2026-07-21T00:11:51Z,2026-07-21T02:11:51+0200,ca480415-0e53-4d99-b8f2-f778c2de0ac2,2026-06-22T18:00:00Z,2026-06-22T20:00:00+0200,10662.77,MW,BE,BE,actual_load,Actual Load,2026-07-21T00:11:54Z
2026-07-21T00:11:51Z,2026-07-21T02:11:51+0200,ca480415-0e53-4d99-b8f2-f778c2de0ac2,2026-06-22T18:15:00Z,2026-06-22T20:15:00+0200,10558.78,MW,BE,BE,actual_load,Actual Load,2026-07-21T00:11:54Z
2026-07-21T00:11:51Z,2026-07-21T02:11:51+0200,ca480415-0e53-4d99-b8f2-f778c2de0ac2,2026-06-22T18:30:00Z,2026-06-22T20:30:00+0200,10446.92,MW,BE,BE,actual_load,Actual Load,2026-07-21T00:11:54Z
2026-07-21T00:11:51Z,2026-07-21T02:11:51+0200,ca480415-0e53-4d99-b8f2-f778c2de0ac2,2026-06-22T18:45:00Z,2026-06-22T20:45:00+0200,10238.09,MW,BE,BE,actual_load,Actual Load,2026-07-21T00:11:54Z
2026-07-21T00:11:51Z,2026-07-21T02:11:51+0200,ca480415-0e53-4d99-b8f2-f778c2de0ac2,2026-06-22T19:00:00Z,2026-06-22T21:00:00+0200,9960.39,MW,BE,BE,actual_load,Actual Load,2026-07-21T00:11:54Z
2026-07-21T00:11:51Z,2026-07-21T02:11:51+0200,ca480415-0e53-4d99-b8f2-f778c2de0ac2,2026-06-22T19:15:00Z,2026-06-22T21:15:00+0200,9859.69,MW,BE,BE,actual_load,Actual Load,2026-07-21T00:11:54Z
2026-07-21T00:11:51Z,2026-07-21T02:11:51+0200,ca480415-0e53-4d99-b8f2-f778c2de0ac2,2026-06-22T19:30:00Z,2026-06-22T21:30:00+0200,9847.23,MW,BE,BE,actual_load,Actual Load,2026-07-21T00:11:54Z
2026-07-21T00:11:51Z,2026-07-21T02:11:51+0200,ca480415-0e53-4d99-b8f2-f778c2de0ac2,2026-06-22T19:45:00Z,2026-06-22T21:45:00+0200,9899.58,MW,BE,BE,actual_load,Actual Load,2026-07-21T00:11:54Z
2026-07-21T00:11:51Z,2026-07-21T02:11:51+0200,ca480415-0e53-4d99-b8f2-f778c2de0ac2,2026-06-22T20:00:00Z,2026-06-22T22:00:00+0200,9875.71,MW,BE,BE,actual_load,Actual Load,2026-07-21T00:11:54Z
2026-07-21T00:11:51Z,2026-07-21T02:11:51+0200,ca480415-0e53-4d99-b8f2-f778c2de0ac2,2026-06-22T20:15:00Z,2026-06-22T22:15:00+0200,10071.41,MW,BE,BE,actual_load,Actual Load,2026-07-21T00:11:54Z
2026-07-21T00:11:51Z,2026-07-21T02:11:51+0200,ca480415-0e53-4d99-b8f2-f778c2de0ac2,2026-06-22T20:30:00Z,2026-06-22T22:30:00+0200,10025.67,MW,BE,BE,actual_load,Actual Load,2026-07-21T00:11:54Z
2026-07-21T00:11:51Z,2026-07-21T02:11:51+0200,ca480415-0e53-4d99-b8f2-f778c2de0ac2,2026-06-22T20:45:00Z,2026-06-22T22:45:00+0200,9939.29,MW,BE,BE,actual_load,Actual Load,2026-07-21T00:11:54Z
2026-07-21T00:11:51Z,2026-07-21T02:11:51+0200,ca480415-0e53-4d99-b8f2-f778c2de0ac2,2026-06-22T21:00:00Z,2026-06-22T23:00:00+0200,9763.48,MW,BE,BE,actual_load,Actual Load,2026-07-21T00:11:54Z
2026-07-21T00:11:51Z,2026-07-21T02:11:51+0200,ca480415-0e53-4d99-b8f2-f778c2de0ac2,2026-06-22T21:15:00Z,2026-06-22T23:15:00+0200,9567.5,MW,BE,BE,actual_load,Actual Load,2026-07-21T00:11:54Z
2026-07-21T00:11:51Z,2026-07-21T02:11:51+0200,ca480415-0e53-4d99-b8f2-f778c2de0ac2,2026-06-22T21:30:00Z,2026-06-22T23:30:00+0200,9399.38,MW,BE,BE,actual_load,Actual Load,2026-07-21T00:11:54Z
2026-07-21T00:11:51Z,2026-07-21T02:11:51+0200,ca480415-0e53-4d99-b8f2-f778c2de0ac2,2026-06-22T21:45:00Z,2026-06-22T23:45:00+0200,9230.59,MW,BE,BE,actual_load,Actual Load,2026-07-21T00:11:54Z
2026-07-21T00:11:51Z,2026-07-21T02:11:51+0200,ca480415-0e53-4d99-b8f2-f778c2de0ac2,2026-06-22T22:00:00Z,2026-06-23T00:00:00+0200,8950.49,MW,BE,BE,actual_load,Actual Load,2026-07-21T00:11:54Z
2026-07-21T00:11:51Z,2026-07-21T02:11:51+0200,ca480415-0e53-4d99-b8f2-f778c2de0ac2,2026-06-22T22:15:00Z,2026-06-23T00:15:00+0200,8746.57,MW,BE,BE,actual_load,Actual Load,2026-07-21T00:11:54Z
2026-07-21T00:11:51Z,2026-07-21T02:11:51+0200,ca480415-0e53-4d99-b8f2-f778c2de0ac2,2026-06-22T22:30:00Z,2026-06-23T00:30:00+0200,8696.62,MW,BE,BE,actual_load,Actual Load,2026-07-21T00:11:54Z
2026-07-21T00:11:51Z,2026-07-21T02:11:51+0200,ca480415-0e53-4d99-b8f2-f778c2de0ac2,2026-06-22T22:45:00Z,2026-06-23T00:45:00+0200,8507.33,MW,BE,BE,actual_load,Actual Load,2026-07-21T00:11:54Z
2026-07-21T00:11:51Z,2026-07-21T02:11:51+0200,ca480415-0e53-4d99-b8f2-f778c2de0ac2,2026-06-22T23:00:00Z,2026-06-23T01:00:00+0200,8508.38,MW,BE,BE,actual_load,Actual Load,2026-07-21T00:11:54Z
2026-07-21T00:11:51Z,2026-07-21T02:11:51+0200,ca480415-0e53-4d99-b8f2-f778c2de0ac2,2026-06-22T23:15:00Z,2026-06-23T01:15:00+0200,8370.21,MW,BE,BE,actual_load,Actual Load,2026-07-21T00:11:54Z
2026-07-21T00:11:51Z,2026-07-21T02:11:51+0200,ca480415-0e53-4d99-b8f2-f778c2de0ac2,2026-06-22T23:30:00Z,2026-06-23T01:30:00+0200,8380.87,MW,BE,BE,actual_load,Actual Load,2026-07-21T00:11:54Z
2026-07-21T00:11:51Z,2026-07-21T02:11:51+0200,ca480415-0e53-4d99-b8f2-f778c2de0ac2,2026-06-22T23:45:00Z,2026-06-23T01:45:00+0200,8332.98,MW,BE,BE,actual_load,Actual Load,2026-07-21T00:11:54Z
2026-07-21T00:11:51Z,2026-07-21T02:11:51+0200,ca480415-0e53-4d99-b8f2-f778c2de0ac2,2026-06-23T00:00:00Z,2026-06-23T02:00:00+0200,8258.44,MW,BE,BE,actual_load,Actual Load,2026-07-21T00:11:54Z
2026-07-21T00:11:51Z,2026-07-21T02:11:51+0200,ca480415-0e53-4d99-b8f2-f778c2de0ac2,2026-06-23T00:15:00Z,2026-06-23T02:15:00+0200,8301.53,MW,BE,BE,actual_load,Actual Load,2026-07-21T00:11:54Z
2026-07-21T00:11:51Z,2026-07-21T02:11:51+0200,ca480415-0e53-4d99-b8f2-f778c2de0ac2,2026-06-23T00:30:00Z,2026-06-23T02:30:00+0200,8285.57,MW,BE,BE,actual_load,Actual Load,2026-07-21T00:11:54Z
2026-07-21T00:11:51Z,2026-07-21T02:11:51+0200,ca480415-0e53-4d99-b8f2-f778c2de0ac2,2026-06-23T00:45:00Z,2026-06-23T02:45:00+0200,8503.84,MW,BE,BE,actual_load,Actual Load,2026-07-21T00:11:54Z
2026-07-21T00:11:51Z,2026-07-21T02:11:51+0200,ca480415-0e53-4d99-b8f2-f778c2de0ac2,2026-06-23T01:00:00Z,2026-06-23T03:00:00+0200,8274.87,MW,BE,BE,actual_load,Actual Load,2026-07-21T00:11:54Z
2026-07-21T00:11:51Z,2026-07-21T02:11:51+0200,ca480415-0e53-4d99-b8f2-f778c2de0ac2,2026-06-23T01:15:00Z,2026-06-23T03:15:00+0200,8219.72,MW,BE,BE,actual_load,Actual Load,2026-07-21T00:11:54Z
2026-07-21T00:11:51Z,2026-07-21T02:11:51+0200,ca480415-0e53-4d99-b8f2-f778c2de0ac2,2026-06-23T01:30:00Z,2026-06-23T03:30:00+0200,8246.94,MW,BE,BE,actual_load,Actual Load,2026-07-21T00:11:54Z
2026-07-21T00:11:51Z,2026-07-21T02:11:51+0200,ca480415-0e53-4d99-b8f2-f778c2de0ac2,2026-06-23T01:45:00Z,2026-06-23T03:45:00+0200,8120.55,MW,BE,BE,actual_load,Actual Load,2026-07-21T00:11:54Z
2026-07-21T00:11:51Z,2026-07-21T02:11:51+0200,ca480415-0e53-4d99-b8f2-f778c2de0ac2,2026-06-23T02:00:00Z,2026-06-23T04:00:00+0200,8031.88,MW,BE,BE,actual_load,Actual Load,2026-07-21T00:11:54Z
2026-07-21T00:11:51Z,2026-07-21T02:11:51+0200,ca480415-0e53-4d99-b8f2-f778c2de0ac2,2026-06-23T02:15:00Z,2026-06-23T04:15:00+0200,7936.59,MW,BE,BE,actual_load,Actual Load,2026-07-21T00:11:54Z
2026-07-21T00:11:51Z,2026-07-21T02:11:51+0200,ca480415-0e53-4d99-b8f2-f778c2de0ac2,2026-06-23T02:30:00Z,2026-06-23T04:30:00+0200,7953.97,MW,BE,BE,actual_load,Actual Load,2026-07-21T00:11:54Z
2026-07-21T00:11:51Z,2026-07-21T02:11:51+0200,ca480415-0e53-4d99-b8f2-f778c2de0ac2,2026-06-23T02:45:00Z,2026-06-23T04:45:00+0200,8034.18,MW,BE,BE,actual_load,Actual Load,2026-07-21T00:11:54Z
2026-07-21T00:11:51Z,2026-07-21T02:11:51+0200,ca480415-0e53-4d99-b8f2-f778c2de0ac2,2026-06-23T03:00:00Z,2026-06-23T05:00:00+0200,8111.31,MW,BE,BE,actual_load,Actual Load,2026-07-21T00:11:54Z
2026-07-21T00:11:51Z,2026-07-21T02:11:51+0200,ca480415-0e53-4d99-b8f2-f778c2de0ac2,2026-06-23T03:15:00Z,2026-06-23T05:15:00+0200,8163.81,MW,BE,BE,actual_load,Actual Load,2026-07-21T00:11:54Z
2026-07-21T00:11:51Z,2026-07-21T02:11:51+0200,ca480415-0e53-4d99-b8f2-f778c2de0ac2,2026-06-23T03:30:00Z,2026-06-23T05:30:00+0200,8197.85,MW,BE,BE,actual_load,Actual Load,2026-07-21T00:11:54Z
2026-07-21T00:11:51Z,2026-07-21T02:11:51+0200,ca480415-0e53-4d99-b8f2-f778c2de0ac2,2026-06-23T03:45:00Z,2026-06-23T05:45:00+0200,8285.58,MW,BE,BE,actual_load,Actual Load,2026-07-21T00:11:54Z
2026-07-21T00:11:51Z,2026-07-21T02:11:51+0200,ca480415-0e53-4d99-b8f2-f778c2de0ac2,2026-06-23T04:00:00Z,2026-06-23T06:00:00+0200,8387.48,MW,BE,BE,actual_load,Actual Load,2026-07-21T00:11:54Z
2026-07-21T00:11:51Z,2026-07-21T02:11:51+0200,ca480415-0e53-4d99-b8f2-f778c2de0ac2,2026-06-23T04:15:00Z,2026-06-23T06:15:00+0200,8575.81,MW,BE,BE,actual_load,Actual Load,2026-07-21T00:11:54Z
2026-07-21T00:11:51Z,2026-07-21T02:11:51+0200,ca480415-0e53-4d99-b8f2-f778c2de0ac2,2026-06-23T04:30:00Z,2026-06-23T06:30:00+0200,8785.7,MW,BE,BE,actual_load,Actual Load,2026-07-21T00:11:54Z
2026-07-21T00:11:51Z,2026-07-21T02:11:51+0200,ca480415-0e53-4d99-b8f2-f778c2de0ac2,2026-06-23T04:45:00Z,2026-06-23T06:45:00+0200,8877.39,MW,BE,BE,actual_load,Actual Load,2026-07-21T00:11:54Z
2026-07-21T00:11:51Z,2026-07-21T02:11:51+0200,ca480415-0e53-4d99-b8f2-f778c2de0ac2,2026-06-23T05:00:00Z,2026-06-23T07:00:00+0200,9113.83,MW,BE,BE,actual_load,Actual Load,2026-07-21T00:11:54Z
2026-07-21T00:11:51Z,2026-07-21T02:11:51+0200,ca480415-0e53-4d99-b8f2-f778c2de0ac2,2026-06-23T05:15:00Z,2026-06-23T07:15:00+0200,9354.27,MW,BE,BE,actual_load,Actual Load,2026-07-21T00:11:54Z
2026-07-21T00:11:51Z,2026-07-21T02:11:51+0200,ca480415-0e53-4d99-b8f2-f778c2de0ac2,2026-06-23T05:30:00Z,2026-06-23T07:30:00+0200,9620.3,MW,BE,BE,actual_load,Actual Load,2026-07-21T00:11:54Z
2026-07-21T00:11:51Z,2026-07-21T02:11:51+0200,ca480415-0e53-4d99-b8f2-f778c2de0ac2,2026-06-23T05:45:00Z,2026-06-23T07:45:00+0200,9714.36,MW,BE,BE,actual_load,Actual Load,2026-07-21T00:11:54Z
2026-07-21T00:11:51Z,2026-07-21T02:11:51+0200,ca480415-0e53-4d99-b8f2-f778c2de0ac2,2026-06-23T06:00:00Z,2026-06-23T08:00:00+0200,9918.55,MW,BE,BE,actual_load,Actual Load,2026-07-21T00:11:54Z
2026-07-21T00:11:51Z,2026-07-21T02:11:51+0200,ca480415-0e53-4d99-b8f2-f778c2de0ac2,2026-06-23T06:15:00Z,2026-06-23T08:15:00+0200,10140.8,MW,BE,BE,actual_load,Actual Load,2026-07-21T00:11:54Z
2026-07-21T00:11:51Z,2026-07-21T02:11:51+0200,ca480415-0e53-4d99-b8f2-f778c2de0ac2,2026-06-23T06:30:00Z,2026-06-23T08:30:00+0200,10302.48,MW,BE,BE,actual_load,Actual Load,2026-07-21T00:11:54Z
2026-07-21T00:11:51Z,2026-07-21T02:11:51+0200,ca480415-0e53-4d99-b8f2-f778c2de0ac2,2026-06-23T06:45:00Z,2026-06-23T08:45:00+0200,10454.4,MW,BE,BE,actual_load,Actual Load,2026-07-21T00:11:54Z
2026-07-21T00:11:51Z,2026-07-21T02:11:51+0200,ca480415-0e53-4d99-b8f2-f778c2de0ac2,2026-06-23T07:00:00Z,2026-06-23T09:00:00+0200,10686.6,MW,BE,BE,actual_load,Actual Load,2026-07-21T00:11:54Z
2026-07-21T00:11:51Z,2026-07-21T02:11:51+0200,ca480415-0e53-4d99-b8f2-f778c2de0ac2,2026-06-23T07:15:00Z,2026-06-23T09:15:00+0200,10708.86,MW,BE,BE,actual_load,Actual Load,2026-07-21T00:11:54Z
2026-07-21T00:11:51Z,2026-07-21T02:11:51+0200,ca480415-0e53-4d99-b8f2-f778c2de0ac2,2026-06-23T07:30:00Z,2026-06-23T09:30:00+0200,10849.8,MW,BE,BE,actual_load,Actual Load,2026-07-21T00:11:54Z
2026-07-21T00:11:51Z,2026-07-21T02:11:51+0200,ca480415-0e53-4d99-b8f2-f778c2de0ac2,2026-06-23T07:45:00Z,2026-06-23T09:45:00+0200,10845.74,MW,BE,BE,actual_load,Actual Load,2026-07-21T00:11:54Z
2026-07-21T00:11:51Z,2026-07-21T02:11:51+0200,ca480415-0e53-4d99-b8f2-f778c2de0ac2,2026-06-23T08:00:00Z,2026-06-23T10:00:00+0200,10741.51,MW,BE,BE,actual_load,Actual Load,2026-07-21T00:11:54Z
2026-07-21T00:11:51Z,2026-07-21T02:11:51+0200,ca480415-0e53-4d99-b8f2-f778c2de0ac2,2026-06-23T08:15:00Z,2026-06-23T10:15:00+0200,10776.77,MW,BE,BE,actual_load,Actual Load,2026-07-21T00:11:54Z
2026-07-21T00:11:51Z,2026-07-21T02:11:51+0200,ca480415-0e53-4d99-b8f2-f778c2de0ac2,2026-06-23T08:30:00Z,2026-06-23T10:30:00+0200,10969.24,MW,BE,BE,actual_load,Actual Load,2026-07-21T00:11:54Z
2026-07-21T00:11:51Z,2026-07-21T02:11:51+0200,ca480415-0e53-4d99-b8f2-f778c2de0ac2,2026-06-23T08:45:00Z,2026-06-23T10:45:00+0200,10944.26,MW,BE,BE,actual_load,Actual Load,2026-07-21T00:11:54Z
2026-07-21T00:11:51Z,2026-07-21T02:11:51+0200,ca480415-0e53-4d99-b8f2-f778c2de0ac2,2026-06-23T09:00:00Z,2026-06-23T11:00:00+0200,11006.2,MW,BE,BE,actual_load,Actual Load,2026-07-21T00:11:54Z
2026-07-21T00:11:51Z,2026-07-21T02:11:51+0200,ca480415-0e53-4d99-b8f2-f778c2de0ac2,2026-06-23T09:15:00Z,2026-06-23T11:15:00+0200,11070.01,MW,BE,BE,actual_load,Actual Load,2026-07-21T00:11:54Z
2026-07-21T00:11:51Z,2026-07-21T02:11:51+0200,ca480415-0e53-4d99-b8f2-f778c2de0ac2,2026-06-23T09:30:00Z,2026-06-23T11:30:00+0200,11087.61,MW,BE,BE,actual_load,Actual Load,2026-07-21T00:11:54Z
2026-07-21T00:11:51Z,2026-07-21T02:11:51+0200,ca480415-0e53-4d99-b8f2-f778c2de0ac2,2026-06-23T09:45:00Z,2026-06-23T11:45:00+0200,11281.89,MW,BE,BE,actual_load,Actual Load,2026-07-21T00:11:54Z
2026-07-21T00:11:51Z,2026-07-21T02:11:51+0200,ca480415-0e53-4d99-b8f2-f778c2de0ac2,2026-06-23T10:00:00Z,2026-06-23T12:00:00+0200,11403.52,MW,BE,BE,actual_load,Actual Load,2026-07-21T00:11:54Z
2026-07-21T00:11:51Z,2026-07-21T02:11:51+0200,ca480415-0e53-4d99-b8f2-f778c2de0ac2,2026-06-23T10:15:00Z,2026-06-23T12:15:00+0200,11474.52,MW,BE,BE,actual_load,Actual Load,2026-07-21T00:11:54Z
2026-07-21T00:11:51Z,2026-07-21T02:11:51+0200,ca480415-0e53-4d99-b8f2-f778c2de0ac2,2026-06-23T10:30:00Z,2026-06-23T12:30:00+0200,11412.07,MW,BE,BE,actual_load,Actual Load,2026-07-21T00:11:54Z
2026-07-21T00:11:51Z,2026-07-21T02:11:51+0200,ca480415-0e53-4d99-b8f2-f778c2de0ac2,2026-06-23T10:45:00Z,2026-06-23T12:45:00+0200,11487.43,MW,BE,BE,actual_load,Actual Load,2026-07-21T00:11:54Z
2026-07-21T00:11:51Z,2026-07-21T02:11:51+0200,ca480415-0e53-4d99-b8f2-f778c2de0ac2,2026-06-23T11:00:00Z,2026-06-23T13:00:00+0200,11576.09,MW,BE,BE,actual_load,Actual Load,2026-07-21T00:11:54Z
2026-07-21T00:11:51Z,2026-07-21T02:11:51+0200,ca480415-0e53-4d99-b8f2-f778c2de0ac2,2026-06-23T11:15:00Z,2026-06-23T13:15:00+0200,11606.64,MW,BE,BE,actual_load,Actual Load,2026-07-21T00:11:54Z
2026-07-21T00:11:51Z,2026-07-21T02:11:51+0200,ca480415-0e53-4d99-b8f2-f778c2de0ac2,2026-06-23T11:30:00Z,2026-06-23T13:30:00+0200,11725.52,MW,BE,BE,actual_load,Actual Load,2026-07-21T00:11:54Z
2026-07-21T00:11:51Z,2026-07-21T02:11:51+0200,ca480415-0e53-4d99-b8f2-f778c2de0ac2,2026-06-23T11:45:00Z,2026-06-23T13:45:00+0200,11699.84,MW,BE,BE,actual_load,Actual Load,2026-07-21T00:11:54Z
2026-07-21T00:11:51Z,2026-07-21T02:11:51+0200,ca480415-0e53-4d99-b8f2-f778c2de0ac2,2026-06-23T12:00:00Z,2026-06-23T14:00:00+0200,11692.42,MW,BE,BE,actual_load,Actual Load,2026-07-21T00:11:54Z
2026-07-21T00:11:51Z,2026-07-21T02:11:51+0200,ca480415-0e53-4d99-b8f2-f778c2de0ac2,2026-06-23T12:15:00Z,2026-06-23T14:15:00+0200,11669.23,MW,BE,BE,actual_load,Actual Load,2026-07-21T00:11:54Z
2026-07-21T00:11:51Z,2026-07-21T02:11:51+0200,ca480415-0e53-4d99-b8f2-f778c2de0ac2,2026-06-23T12:30:00Z,2026-06-23T14:30:00+0200,11650.67,MW,BE,BE,actual_load,Actual Load,2026-07-21T00:11:54Z
2026-07-21T00:11:51Z,2026-07-21T02:11:51+0200,ca480415-0e53-4d99-b8f2-f778c2de0ac2,2026-06-23T12:45:00Z,2026-06-23T14:45:00+0200,11634.24,MW,BE,BE,actual_load,Actual Load,2026-07-21T00:11:54Z
2026-07-21T00:11:51Z,2026-07-21T02:11:51+0200,ca480415-0e53-4d99-b8f2-f778c2de0ac2,2026-06-23T13:00:00Z,2026-06-23T15:00:00+0200,11609.17,MW,BE,BE,actual_load,Actual Load,2026-07-21T00:11:54Z
2026-07-21T00:11:51Z,2026-07-21T02:11:51+0200,ca480415-0e53-4d99-b8f2-f778c2de0ac2,2026-06-23T13:15:00Z,2026-06-23T15:15:00+0200,11406.64,MW,BE,BE,actual_load,Actual Load,2026-07-21T00:11:54Z
2026-07-21T00:11:51Z,2026-07-21T02:11:51+0200,ca480415-0e53-4d99-b8f2-f778c2de0ac2,2026-06-23T13:30:00Z,2026-06-23T15:30:00+0200,11295.36,MW,BE,BE,actual_load,Actual Load,2026-07-21T00:11:54Z
2026-07-21T00:11:51Z,2026-07-21T02:11:51+0200,ca480415-0e53-4d99-b8f2-f778c2de0ac2,2026-06-23T13:45:00Z,2026-06-23T15:45:00+0200,11094.83,MW,BE,BE,actual_load,Actual Load,2026-07-21T00:11:54Z
2026-07-21T00:11:51Z,2026-07-21T02:11:51+0200,ca480415-0e53-4d99-b8f2-f778c2de0ac2,2026-06-23T14:00:00Z,2026-06-23T16:00:00+0200,11166.94,MW,BE,BE,actual_load,Actual Load,2026-07-21T00:11:54Z
2026-07-21T00:11:51Z,2026-07-21T02:11:51+0200,ca480415-0e53-4d99-b8f2-f778c2de0ac2,2026-06-23T14:15:00Z,2026-06-23T16:15:00+0200,10997.43,MW,BE,BE,actual_load,Actual Load,2026-07-21T00:11:54Z
2026-07-21T00:11:51Z,2026-07-21T02:11:51+0200,ca480415-0e53-4d99-b8f2-f778c2de0ac2,2026-06-23T14:30:00Z,2026-06-23T16:30:00+0200,10979.54,MW,BE,BE,actual_load,Actual Load,2026-07-21T00:11:54Z
2026-07-21T00:11:51Z,2026-07-21T02:11:51+0200,ca480415-0e53-4d99-b8f2-f778c2de0ac2,2026-06-23T14:45:00Z,2026-06-23T16:45:00+0200,10921.87,MW,BE,BE,actual_load,Actual Load,2026-07-21T00:11:54Z
2026-07-21T00:11:51Z,2026-07-21T02:11:51+0200,ca480415-0e53-4d99-b8f2-f778c2de0ac2,2026-06-23T15:00:00Z,2026-06-23T17:00:00+0200,10921.56,MW,BE,BE,actual_load,Actual Load,2026-07-21T00:11:54Z
2026-07-21T00:11:51Z,2026-07-21T02:11:51+0200,ca480415-0e53-4d99-b8f2-f778c2de0ac2,2026-06-23T15:15:00Z,2026-06-23T17:15:00+0200,10901.77,MW,BE,BE,actual_load,Actual Load,2026-07-21T00:11:54Z
2026-07-21T00:11:51Z,2026-07-21T02:11:51+0200,ca480415-0e53-4d99-b8f2-f778c2de0ac2,2026-06-23T15:30:00Z,2026-06-23T17:30:00+0200,10982.65,MW,BE,BE,actual_load,Actual Load,2026-07-21T00:11:54Z
2026-07-21T00:11:51Z,2026-07-21T02:11:51+0200,ca480415-0e53-4d99-b8f2-f778c2de0ac2,2026-06-23T15:45:00Z,2026-06-23T17:45:00+0200,10912.02,MW,BE,BE,actual_load,Actual Load,2026-07-21T00:11:54Z
2026-07-21T00:11:51Z,2026-07-21T02:11:51+0200,ca480415-0e53-4d99-b8f2-f778c2de0ac2,2026-06-23T16:00:00Z,2026-06-23T18:00:00+0200,11053.51,MW,BE,BE,actual_load,Actual Load,2026-07-21T00:11:54Z
2026-07-21T00:11:51Z,2026-07-21T02:11:51+0200,ca480415-0e53-4d99-b8f2-f778c2de0ac2,2026-06-23T16:15:00Z,2026-06-23T18:15:00+0200,10906.14,MW,BE,BE,actual_load,Actual Load,2026-07-21T00:11:54Z
2026-07-21T00:11:51Z,2026-07-21T02:11:51+0200,ca480415-0e53-4d99-b8f2-f778c2de0ac2,2026-06-23T16:30:00Z,2026-06-23T18:30:00+0200,10828.48,MW,BE,BE,actual_load,Actual Load,2026-07-21T00:11:54Z
2026-07-21T00:11:51Z,2026-07-21T02:11:51+0200,ca480415-0e53-4d99-b8f2-f778c2de0ac2,2026-06-23T16:45:00Z,2026-06-23T18:45:00+0200,10586.72,MW,BE,BE,actual_load,Actual Load,2026-07-21T00:11:54Z
2026-07-21T00:11:51Z,2026-07-21T02:11:51+0200,ca480415-0e53-4d99-b8f2-f778c2de0ac2,2026-06-23T17:00:00Z,2026-06-23T19:00:00+0200,10548.02,MW,BE,BE,actual_load,Actual Load,2026-07-21T00:11:54Z
2026-07-21T00:11:51Z,2026-07-21T02:11:51+0200,ca480415-0e53-4d99-b8f2-f778c2de0ac2,2026-06-23T17:15:00Z,2026-06-23T19:15:00+0200,10358.69,MW,BE,BE,actual_load,Actual Load,2026-07-21T00:11:54Z
2026-07-21T00:11:51Z,2026-07-21T02:11:51+0200,ca480415-0e53-4d99-b8f2-f778c2de0ac2,2026-06-23T17:30:00Z,2026-06-23T19:30:00+0200,10255.77,MW,BE,BE,actual_load,Actual Load,2026-07-21T00:11:54Z
2026-07-21T00:11:51Z,2026-07-21T02:11:51+0200,ca480415-0e53-4d99-b8f2-f778c2de0ac2,2026-06-23T17:45:00Z,2026-06-23T19:45:00+0200,10245.04,MW,BE,BE,actual_load,Actual Load,2026-07-21T00:11:54Z
2026-07-21T00:11:51Z,2026-07-21T02:11:51+0200,ca480415-0e53-4d99-b8f2-f778c2de0ac2,2026-06-23T18:00:00Z,2026-06-23T20:00:00+0200,10200.01,MW,BE,BE,actual_load,Actual Load,2026-07-21T00:11:54Z
2026-07-21T00:11:51Z,2026-07-21T02:11:51+0200,ca480415-0e53-4d99-b8f2-f778c2de0ac2,2026-06-23T18:15:00Z,2026-06-23T20:15:00+0200,10130.22,MW,BE,BE,actual_load,Actual Load,2026-07-21T00:11:54Z
2026-07-21T00:11:51Z,2026-07-21T02:11:51+0200,ca480415-0e53-4d99-b8f2-f778c2de0ac2,2026-06-23T18:30:00Z,2026-06-23T20:30:00+0200,9896.01,MW,BE,BE,actual_load,Actual Load,2026-07-21T00:11:54Z
2026-07-21T00:11:51Z,2026-07-21T02:11:51+0200,ca480415-0e53-4d99-b8f2-f778c2de0ac2,2026-06-23T18:45:00Z,2026-06-23T20:45:00+0200,9801.17,MW,BE,BE,actual_load,Actual Load,2026-07-21T00:11:54Z
2026-07-21T00:11:51Z,2026-07-21T02:11:51+0200,ca480415-0e53-4d99-b8f2-f778c2de0ac2,2026-06-23T19:00:00Z,2026-06-23T21:00:00+0200,9748.24,MW,BE,BE,actual_load,Actual Load,2026-07-21T00:11:54Z
2026-07-21T00:11:51Z,2026-07-21T02:11:51+0200,ca480415-0e53-4d99-b8f2-f778c2de0ac2,2026-06-23T19:15:00Z,2026-06-23T21:15:00+0200,9633.32,MW,BE,BE,actual_load,Actual Load,2026-07-21T00:11:54Z
2026-07-21T00:11:51Z,2026-07-21T02:11:51+0200,ca480415-0e53-4d99-b8f2-f778c2de0ac2,2026-06-23T19:30:00Z,2026-06-23T21:30:00+0200,9611.2,MW,BE,BE,actual_load,Actual Load,2026-07-21T00:11:54Z
2026-07-21T00:11:51Z,2026-07-21T02:11:51+0200,ca480415-0e53-4d99-b8f2-f778c2de0ac2,2026-06-23T19:45:00Z,2026-06-23T21:45:00+0200,9671.69,MW,BE,BE,actual_load,Actual Load,2026-07-21T00:11:54Z
2026-07-21T00:11:51Z,2026-07-21T02:11:51+0200,ca480415-0e53-4d99-b8f2-f778c2de0ac2,2026-06-23T20:00:00Z,2026-06-23T22:00:00+0200,9820.31,MW,BE,BE,actual_load,Actual Load,2026-07-21T00:11:54Z
2026-07-21T00:11:51Z,2026-07-21T02:11:51+0200,ca480415-0e53-4d99-b8f2-f778c2de0ac2,2026-06-23T20:15:00Z,2026-06-23T22:15:00+0200,9877.64,MW,BE,BE,actual_load,Actual Load,2026-07-21T00:11:54Z
2026-07-21T00:11:51Z,2026-07-21T02:11:51+0200,ca480415-0e53-4d99-b8f2-f778c2de0ac2,2026-06-23T20:30:00Z,2026-06-23T22:30:00+0200,9937.41,MW,BE,BE,actual_load,Actual Load,2026-07-21T00:11:54Z
2026-07-21T00:11:51Z,2026-07-21T02:11:51+0200,ca480415-0e53-4d99-b8f2-f778c2de0ac2,2026-06-23T20:45:00Z,2026-06-23T22:45:00+0200,9778.58,MW,BE,BE,actual_load,Actual Load,2026-07-21T00:11:54Z
2026-07-21T00:11:51Z,2026-07-21T02:11:51+0200,ca480415-0e53-4d99-b8f2-f778c2de0ac2,2026-06-23T21:00:00Z,2026-06-23T23:00:00+0200,9602.9,MW,BE,BE,actual_load,Actual Load,2026-07-21T00:11:54Z
2026-07-21T00:11:51Z,2026-07-21T02:11:51+0200,ca480415-0e53-4d99-b8f2-f778c2de0ac2,2026-06-23T21:15:00Z,2026-06-23T23:15:00+0200,9559.58,MW,BE,BE,actual_load,Actual Load,2026-07-21T00:11:54Z
2026-07-21T00:11:51Z,2026-07-21T02:11:51+0200,ca480415-0e53-4d99-b8f2-f778c2de0ac2,2026-06-23T21:30:00Z,2026-06-23T23:30:00+0200,9441.4,MW,BE,BE,actual_load,Actual Load,2026-07-21T00:11:54Z
2026-07-21T00:11:51Z,2026-07-21T02:11:51+0200,ca480415-0e53-4d99-b8f2-f778c2de0ac2,2026-06-23T21:45:00Z,2026-06-23T23:45:00+0200,9403.47,MW,BE,BE,actual_load,Actual Load,2026-07-21T00:11:54Z
2026-07-21T00:11:51Z,2026-07-21T02:11:51+0200,ca480415-0e53-4d99-b8f2-f778c2de0ac2,2026-06-23T22:00:00Z,2026-06-24T00:00:00+0200,9285.48,MW,BE,BE,actual_load,Actual Load,2026-07-21T00:11:54Z
2026-07-21T00:11:51Z,2026-07-21T02:11:51+0200,ca480415-0e53-4d99-b8f2-f778c2de0ac2,2026-06-23T22:15:00Z,2026-06-24T00:15:00+0200,9082.82,MW,BE,BE,actual_load,Actual Load,2026-07-21T00:11:54Z
2026-07-21T00:11:51Z,2026-07-21T02:11:51+0200,ca480415-0e53-4d99-b8f2-f778c2de0ac2,2026-06-23T22:30:00Z,2026-06-24T00:30:00+0200,8990.09,MW,BE,BE,actual_load,Actual Load,2026-07-21T00:11:54Z
2026-07-21T00:11:51Z,2026-07-21T02:11:51+0200,ca480415-0e53-4d99-b8f2-f778c2de0ac2,2026-06-23T22:45:00Z,2026-06-24T00:45:00+0200,8797.91,MW,BE,BE,actual_load,Actual Load,2026-07-21T00:11:54Z
2026-07-21T00:11:51Z,2026-07-21T02:11:51+0200,ca480415-0e53-4d99-b8f2-f778c2de0ac2,2026-06-23T23:00:00Z,2026-06-24T01:00:00+0200,8734.12,MW,BE,BE,actual_load,Actual Load,2026-07-21T00:11:54Z
2026-07-21T00:11:51Z,2026-07-21T02:11:51+0200,ca480415-0e53-4d99-b8f2-f778c2de0ac2,2026-06-23T23:15:00Z,2026-06-24T01:15:00+0200,8649.68,MW,BE,BE,actual_load,Actual Load,2026-07-21T00:11:54Z
2026-07-21T00:11:51Z,2026-07-21T02:11:51+0200,ca480415-0e53-4d99-b8f2-f778c2de0ac2,2026-06-23T23:30:00Z,2026-06-24T01:30:00+0200,8671.02,MW,BE,BE,actual_load,Actual Load,2026-07-21T00:11:54Z
2026-07-21T00:11:51Z,2026-07-21T02:11:51+0200,ca480415-0e53-4d99-b8f2-f778c2de0ac2,2026-06-23T23:45:00Z,2026-06-24T01:45:00+0200,8543.54,MW,BE,BE,actual_load,Actual Load,2026-07-21T00:11:54Z
2026-07-21T00:11:51Z,2026-07-21T02:11:51+0200,ca480415-0e53-4d99-b8f2-f778c2de0ac2,2026-06-24T00:00:00Z,2026-06-24T02:00:00+0200,8575.85,MW,BE,BE,actual_load,Actual Load,2026-07-21T00:11:54Z
2026-07-21T00:11:51Z,2026-07-21T02:11:51+0200,ca480415-0e53-4d99-b8f2-f778c2de0ac2,2026-06-24T00:15:00Z,2026-06-24T02:15:00+0200,8552.73,MW,BE,BE,actual_load,Actual Load,2026-07-21T00:11:54Z
2026-07-21T00:11:51Z,2026-07-21T02:11:51+0200,ca480415-0e53-4d99-b8f2-f778c2de0ac2,2026-06-24T00:30:00Z,2026-06-24T02:30:00+0200,8473.67,MW,BE,BE,actual_load,Actual Load,2026-07-21T00:11:54Z
2026-07-21T00:11:51Z,2026-07-21T02:11:51+0200,ca480415-0e53-4d99-b8f2-f778c2de0ac2,2026-06-24T00:45:00Z,2026-06-24T02:45:00+0200,8477.16,MW,BE,BE,actual_load,Actual Load,2026-07-21T00:11:54Z
2026-07-21T00:11:51Z,2026-07-21T02:11:51+0200,ca480415-0e53-4d99-b8f2-f778c2de0ac2,2026-06-24T01:00:00Z,2026-06-24T03:00:00+0200,8321.54,MW,BE,BE,actual_load,Actual Load,2026-07-21T00:11:54Z
2026-07-21T00:11:51Z,2026-07-21T02:11:51+0200,ca480415-0e53-4d99-b8f2-f778c2de0ac2,2026-06-24T01:15:00Z,2026-06-24T03:15:00+0200,8254.63,MW,BE,BE,actual_load,Actual Load,2026-07-21T00:11:54Z
2026-07-21T00:11:51Z,2026-07-21T02:11:51+0200,ca480415-0e53-4d99-b8f2-f778c2de0ac2,2026-06-24T01:30:00Z,2026-06-24T03:30:00+0200,8393.48,MW,BE,BE,actual_load,Actual Load,2026-07-21T00:11:54Z
2026-07-21T00:11:51Z,2026-07-21T02:11:51+0200,ca480415-0e53-4d99-b8f2-f778c2de0ac2,2026-06-24T01:45:00Z,2026-06-24T03:45:00+0200,8421.93,MW,BE,BE,actual_load,Actual Load,2026-07-21T00:11:54Z
2026-07-21T00:11:51Z,2026-07-21T02:11:51+0200,ca480415-0e53-4d99-b8f2-f778c2de0ac2,2026-06-24T02:00:00Z,2026-06-24T04:00:00+0200,8344.55,MW,BE,BE,actual_load,Actual Load,2026-07-21T00:11:54Z
2026-07-21T00:11:51Z,2026-07-21T02:11:51+0200,ca480415-0e53-4d99-b8f2-f778c2de0ac2,2026-06-24T02:15:00Z,2026-06-24T04:15:00+0200,8396.95,MW,BE,BE,actual_load,Actual Load,2026-07-21T00:11:54Z
2026-07-21T00:11:51Z,2026-07-21T02:11:51+0200,ca480415-0e53-4d99-b8f2-f778c2de0ac2,2026-06-24T02:30:00Z,2026-06-24T04:30:00+0200,8297.72,MW,BE,BE,actual_load,Actual Load,2026-07-21T00:11:54Z
2026-07-21T00:11:51Z,2026-07-21T02:11:51+0200,ca480415-0e53-4d99-b8f2-f778c2de0ac2,2026-06-24T02:45:00Z,2026-06-24T04:45:00+0200,8277.9,MW,BE,BE,actual_load,Actual Load,2026-07-21T00:11:54Z
2026-07-21T00:11:51Z,2026-07-21T02:11:51+0200,ca480415-0e53-4d99-b8f2-f778c2de0ac2,2026-06-24T03:00:00Z,2026-06-24T05:00:00+0200,8443.35,MW,BE,BE,actual_load,Actual Load,2026-07-21T00:11:54Z
2026-07-21T00:11:51Z,2026-07-21T02:11:51+0200,ca480415-0e53-4d99-b8f2-f778c2de0ac2,2026-06-24T03:15:00Z,2026-06-24T05:15:00+0200,8355.93,MW,BE,BE,actual_load,Actual Load,2026-07-21T00:11:54Z
2026-07-21T00:11:51Z,2026-07-21T02:11:51+0200,ca480415-0e53-4d99-b8f2-f778c2de0ac2,2026-06-24T03:30:00Z,2026-06-24T05:30:00+0200,8378.31,MW,BE,BE,actual_load,Actual Load,2026-07-21T00:11:54Z
2026-07-21T00:11:51Z,2026-07-21T02:11:51+0200,ca480415-0e53-4d99-b8f2-f778c2de0ac2,2026-06-24T03:45:00Z,2026-06-24T05:45:00+0200,8514.47,MW,BE,BE,actual_load,Actual Load,2026-07-21T00:11:54Z
2026-07-21T00:11:51Z,2026-07-21T02:11:51+0200,ca480415-0e53-4d99-b8f2-f778c2de0ac2,2026-06-24T04:00:00Z,2026-06-24T06:00:00+0200,8815.52,MW,BE,BE,actual_load,Actual Load,2026-07-21T00:11:54Z
2026-07-21T00:11:51Z,2026-07-21T02:11:51+0200,ca480415-0e53-4d99-b8f2-f778c2de0ac2,2026-06-24T04:15:00Z,2026-06-24T06:15:00+0200,9028.14,MW,BE,BE,actual_load,Actual Load,2026-07-21T00:11:54Z
2026-07-21T00:11:51Z,2026-07-21T02:11:51+0200,ca480415-0e53-4d99-b8f2-f778c2de0ac2,2026-06-24T04:30:00Z,2026-06-24T06:30:00+0200,9209.86,MW,BE,BE,actual_load,Actual Load,2026-07-21T00:11:54Z
2026-07-21T00:11:51Z,2026-07-21T02:11:51+0200,ca480415-0e53-4d99-b8f2-f778c2de0ac2,2026-06-24T04:45:00Z,2026-06-24T06:45:00+0200,9428.47,MW,BE,BE,actual_load,Actual Load,2026-07-21T00:11:54Z
2026-07-21T00:11:51Z,2026-07-21T02:11:51+0200,ca480415-0e53-4d99-b8f2-f778c2de0ac2,2026-06-24T05:00:00Z,2026-06-24T07:00:00+0200,9681.33,MW,BE,BE,actual_load,Actual Load,2026-07-21T00:11:54Z
2026-07-21T00:11:51Z,2026-07-21T02:11:51+0200,ca480415-0e53-4d99-b8f2-f778c2de0ac2,2026-06-24T05:15:00Z,2026-06-24T07:15:00+0200,9991.71,MW,BE,BE,actual_load,Actual Load,2026-07-21T00:11:54Z
2026-07-21T00:11:51Z,2026-07-21T02:11:51+0200,ca480415-0e53-4d99-b8f2-f778c2de0ac2,2026-06-24T05:30:00Z,2026-06-24T07:30:00+0200,10207.46,MW,BE,BE,actual_load,Actual Load,2026-07-21T00:11:54Z
2026-07-21T00:11:51Z,2026-07-21T02:11:51+0200,ca480415-0e53-4d99-b8f2-f778c2de0ac2,2026-06-24T05:45:00Z,2026-06-24T07:45:00+0200,10422.27,MW,BE,BE,actual_load,Actual Load,2026-07-21T00:11:54Z
2026-07-21T00:11:51Z,2026-07-21T02:11:51+0200,ca480415-0e53-4d99-b8f2-f778c2de0ac2,2026-06-24T06:00:00Z,2026-06-24T08:00:00+0200,10491.29,MW,BE,BE,actual_load,Actual Load,2026-07-21T00:11:54Z
2026-07-21T00:11:51Z,2026-07-21T02:11:51+0200,ca480415-0e53-4d99-b8f2-f778c2de0ac2,2026-06-24T06:15:00Z,2026-06-24T08:15:00+0200,10605.84,MW,BE,BE,actual_load,Actual Load,2026-07-21T00:11:54Z
2026-07-21T00:11:51Z,2026-07-21T02:11:51+0200,ca480415-0e53-4d99-b8f2-f778c2de0ac2,2026-06-24T06:30:00Z,2026-06-24T08:30:00+0200,10800.83,MW,BE,BE,actual_load,Actual Load,2026-07-21T00:11:54Z
2026-07-21T00:11:51Z,2026-07-21T02:11:51+0200,ca480415-0e53-4d99-b8f2-f778c2de0ac2,2026-06-24T06:45:00Z,2026-06-24T08:45:00+0200,11015.65,MW,BE,BE,actual_load,Actual Load,2026-07-21T00:11:54Z
2026-07-21T00:11:51Z,2026-07-21T02:11:51+0200,ca480415-0e53-4d99-b8f2-f778c2de0ac2,2026-06-24T07:00:00Z,2026-06-24T09:00:00+0200,11166.53,MW,BE,BE,actual_load,Actual Load,2026-07-21T00:11:54Z
2026-07-21T00:11:51Z,2026-07-21T02:11:51+0200,ca480415-0e53-4d99-b8f2-f778c2de0ac2,2026-06-24T07:15:00Z,2026-06-24T09:15:00+0200,11248.16,MW,BE,BE,actual_load,Actual Load,2026-07-21T00:11:54Z
2026-07-21T00:11:51Z,2026-07-21T02:11:51+0200,ca480415-0e53-4d99-b8f2-f778c2de0ac2,2026-06-24T07:30:00Z,2026-06-24T09:30:00+0200,11461.12,MW,BE,BE,actual_load,Actual Load,2026-07-21T00:11:54Z
2026-07-21T00:11:51Z,2026-07-21T02:11:51+0200,ca480415-0e53-4d99-b8f2-f778c2de0ac2,2026-06-24T07:45:00Z,2026-06-24T09:45:00+0200,11547.7,MW,BE,BE,actual_load,Actual Load,2026-07-21T00:11:54Z
2026-07-21T00:11:51Z,2026-07-21T02:11:51+0200,ca480415-0e53-4d99-b8f2-f778c2de0ac2,2026-06-24T08:00:00Z,2026-06-24T10:00:00+0200,11538.36,MW,BE,BE,actual_load,Actual Load,2026-07-21T00:11:54Z
2026-07-21T00:11:51Z,2026-07-21T02:11:51+0200,ca480415-0e53-4d99-b8f2-f778c2de0ac2,2026-06-24T08:15:00Z,2026-06-24T10:15:00+0200,11463.31,MW,BE,BE,actual_load,Actual Load,2026-07-21T00:11:54Z
2026-07-21T00:11:51Z,2026-07-21T02:11:51+0200,ca480415-0e53-4d99-b8f2-f778c2de0ac2,2026-06-24T08:30:00Z,2026-06-24T10:30:00+0200,11674.85,MW,BE,BE,actual_load,Actual Load,2026-07-21T00:11:54Z
2026-07-21T00:11:51Z,2026-07-21T02:11:51+0200,ca480415-0e53-4d99-b8f2-f778c2de0ac2,2026-06-24T08:45:00Z,2026-06-24T10:45:00+0200,11969.72,MW,BE,BE,actual_load,Actual Load,2026-07-21T00:11:54Z
2026-07-21T00:11:51Z,2026-07-21T02:11:51+0200,ca480415-0e53-4d99-b8f2-f778c2de0ac2,2026-06-24T09:00:00Z,2026-06-24T11:00:00+0200,12059.37,MW,BE,BE,actual_load,Actual Load,2026-07-21T00:11:54Z
2026-07-21T00:11:51Z,2026-07-21T02:11:51+0200,ca480415-0e53-4d99-b8f2-f778c2de0ac2,2026-06-24T09:15:00Z,2026-06-24T11:15:00+0200,12085.61,MW,BE,BE,actual_load,Actual Load,2026-07-21T00:11:54Z
2026-07-21T00:11:51Z,2026-07-21T02:11:51+0200,ca480415-0e53-4d99-b8f2-f778c2de0ac2,2026-06-24T09:30:00Z,2026-06-24T11:30:00+0200,12017.98,MW,BE,BE,actual_load,Actual Load,2026-07-21T00:11:54Z
2026-07-21T00:11:51Z,2026-07-21T02:11:51+0200,ca480415-0e53-4d99-b8f2-f778c2de0ac2,2026-06-24T09:45:00Z,2026-06-24T11:45:00+0200,12154.71,MW,BE,BE,actual_load,Actual Load,2026-07-21T00:11:54Z
2026-07-21T00:11:51Z,2026-07-21T02:11:51+0200,ca480415-0e53-4d99-b8f2-f778c2de0ac2,2026-06-24T10:00:00Z,2026-06-24T12:00:00+0200,12140.26,MW,BE,BE,actual_load,Actual Load,2026-07-21T00:11:54Z
2026-07-21T00:11:51Z,2026-07-21T02:11:51+0200,ca480415-0e53-4d99-b8f2-f778c2de0ac2,2026-06-24T10:15:00Z,2026-06-24T12:15:00+0200,12120.37,MW,BE,BE,actual_load,Actual Load,2026-07-21T00:11:54Z
2026-07-21T00:11:51Z,2026-07-21T02:11:51+0200,ca480415-0e53-4d99-b8f2-f778c2de0ac2,2026-06-24T10:30:00Z,2026-06-24T12:30:00+0200,11984.19,MW,BE,BE,actual_load,Actual Load,2026-07-21T00:11:54Z
2026-07-21T00:11:51Z,2026-07-21T02:11:51+0200,ca480415-0e53-4d99-b8f2-f778c2de0ac2,2026-06-24T10:45:00Z,2026-06-24T12:45:00+0200,12000.25,MW,BE,BE,actual_load,Actual Load,2026-07-21T00:11:54Z
2026-07-21T00:11:51Z,2026-07-21T02:11:51+0200,ca480415-0e53-4d99-b8f2-f778c2de0ac2,2026-06-24T11:00:00Z,2026-06-24T13:00:00+0200,12311.62,MW,BE,BE,actual_load,Actual Load,2026-07-21T00:11:54Z
2026-07-21T00:11:51Z,2026-07-21T02:11:51+0200,ca480415-0e53-4d99-b8f2-f778c2de0ac2,2026-06-24T11:15:00Z,2026-06-24T13:15:00+0200,12386.53,MW,BE,BE,actual_load,Actual Load,2026-07-21T00:11:54Z
2026-07-21T00:11:51Z,2026-07-21T02:11:51+0200,ca480415-0e53-4d99-b8f2-f778c2de0ac2,2026-06-24T11:30:00Z,2026-06-24T13:30:00+0200,12333.05,MW,BE,BE,actual_load,Actual Load,2026-07-21T00:11:54Z
2026-07-21T00:11:51Z,2026-07-21T02:11:51+0200,ca480415-0e53-4d99-b8f2-f778c2de0ac2,2026-06-24T11:45:00Z,2026-06-24T13:45:00+0200,12306.69,MW,BE,BE,actual_load,Actual Load,2026-07-21T00:11:54Z
2026-07-21T00:11:51Z,2026-07-21T02:11:51+0200,ca480415-0e53-4d99-b8f2-f778c2de0ac2,2026-06-24T12:00:00Z,2026-06-24T14:00:00+0200,12196.81,MW,BE,BE,actual_load,Actual Load,2026-07-21T00:11:54Z
2026-07-21T00:11:51Z,2026-07-21T02:11:51+0200,ca480415-0e53-4d99-b8f2-f778c2de0ac2,2026-06-24T12:15:00Z,2026-06-24T14:15:00+0200,12122.88,MW,BE,BE,actual_load,Actual Load,2026-07-21T00:11:54Z
2026-07-21T00:11:51Z,2026-07-21T02:11:51+0200,ca480415-0e53-4d99-b8f2-f778c2de0ac2,2026-06-24T12:30:00Z,2026-06-24T14:30:00+0200,12101.43,MW,BE,BE,actual_load,Actual Load,2026-07-21T00:11:54Z
2026-07-21T00:11:51Z,2026-07-21T02:11:51+0200,ca480415-0e53-4d99-b8f2-f778c2de0ac2,2026-06-24T12:45:00Z,2026-06-24T14:45:00+0200,12093.88,MW,BE,BE,actual_load,Actual Load,2026-07-21T00:11:54Z
2026-07-21T00:11:51Z,2026-07-21T02:11:51+0200,ca480415-0e53-4d99-b8f2-f778c2de0ac2,2026-06-24T13:00:00Z,2026-06-24T15:00:00+0200,11985.01,MW,BE,BE,actual_load,Actual Load,2026-07-21T00:11:54Z
2026-07-21T00:11:51Z,2026-07-21T02:11:51+0200,ca480415-0e53-4d99-b8f2-f778c2de0ac2,2026-06-24T13:15:00Z,2026-06-24T15:15:00+0200,11909.86,MW,BE,BE,actual_load,Actual Load,2026-07-21T00:11:54Z
2026-07-21T00:11:51Z,2026-07-21T02:11:51+0200,ca480415-0e53-4d99-b8f2-f778c2de0ac2,2026-06-24T13:30:00Z,2026-06-24T15:30:00+0200,11798.22,MW,BE,BE,actual_load,Actual Load,2026-07-21T00:11:54Z
2026-07-21T00:11:51Z,2026-07-21T02:11:51+0200,ca480415-0e53-4d99-b8f2-f778c2de0ac2,2026-06-24T13:45:00Z,2026-06-24T15:45:00+0200,11830.51,MW,BE,BE,actual_load,Actual Load,2026-07-21T00:11:54Z
2026-07-21T00:11:51Z,2026-07-21T02:11:51+0200,ca480415-0e53-4d99-b8f2-f778c2de0ac2,2026-06-24T14:00:00Z,2026-06-24T16:00:00+0200,11788.17,MW,BE,BE,actual_load,Actual Load,2026-07-21T00:11:54Z
2026-07-21T00:11:51Z,2026-07-21T02:11:51+0200,ca480415-0e53-4d99-b8f2-f778c2de0ac2,2026-06-24T14:15:00Z,2026-06-24T16:15:00+0200,11606.58,MW,BE,BE,actual_load,Actual Load,2026-07-21T00:11:54Z
2026-07-21T00:11:51Z,2026-07-21T02:11:51+0200,ca480415-0e53-4d99-b8f2-f778c2de0ac2,2026-06-24T14:30:00Z,2026-06-24T16:30:00+0200,11515.71,MW,BE,BE,actual_load,Actual Load,2026-07-21T00:11:54Z
2026-07-21T00:11:51Z,2026-07-21T02:11:51+0200,ca480415-0e53-4d99-b8f2-f778c2de0ac2,2026-06-24T14:45:00Z,2026-06-24T16:45:00+0200,11454.31,MW,BE,BE,actual_load,Actual Load,2026-07-21T00:11:54Z
2026-07-21T00:11:51Z,2026-07-21T02:11:51+0200,ca480415-0e53-4d99-b8f2-f778c2de0ac2,2026-06-24T15:00:00Z,2026-06-24T17:00:00+0200,11335.27,MW,BE,BE,actual_load,Actual Load,2026-07-21T00:11:54Z
2026-07-21T00:11:51Z,2026-07-21T02:11:51+0200,ca480415-0e53-4d99-b8f2-f778c2de0ac2,2026-06-24T15:15:00Z,2026-06-24T17:15:00+0200,11317.74,MW,BE,BE,actual_load,Actual Load,2026-07-21T00:11:54Z
2026-07-21T00:11:51Z,2026-07-21T02:11:51+0200,ca480415-0e53-4d99-b8f2-f778c2de0ac2,2026-06-24T15:30:00Z,2026-06-24T17:30:00+0200,11362.12,MW,BE,BE,actual_load,Actual Load,2026-07-21T00:11:54Z
2026-07-21T00:11:51Z,2026-07-21T02:11:51+0200,ca480415-0e53-4d99-b8f2-f778c2de0ac2,2026-06-24T15:45:00Z,2026-06-24T17:45:00+0200,11111.01,MW,BE,BE,actual_load,Actual Load,2026-07-21T00:11:54Z
2026-07-21T00:11:51Z,2026-07-21T02:11:51+0200,ca480415-0e53-4d99-b8f2-f778c2de0ac2,2026-06-24T16:00:00Z,2026-06-24T18:00:00+0200,11007.16,MW,BE,BE,actual_load,Actual Load,2026-07-21T00:11:54Z
2026-07-21T00:11:51Z,2026-07-21T02:11:51+0200,ca480415-0e53-4d99-b8f2-f778c2de0ac2,2026-06-24T16:15:00Z,2026-06-24T18:15:00+0200,10973.2,MW,BE,BE,actual_load,Actual Load,2026-07-21T00:11:54Z
2026-07-21T00:11:51Z,2026-07-21T02:11:51+0200,ca480415-0e53-4d99-b8f2-f778c2de0ac2,2026-06-24T16:30:00Z,2026-06-24T18:30:00+0200,10932.08,MW,BE,BE,actual_load,Actual Load,2026-07-21T00:11:54Z
2026-07-21T00:11:51Z,2026-07-21T02:11:51+0200,ca480415-0e53-4d99-b8f2-f778c2de0ac2,2026-06-24T16:45:00Z,2026-06-24T18:45:00+0200,10874.2,MW,BE,BE,actual_load,Actual Load,2026-07-21T00:11:54Z
2026-07-21T00:11:51Z,2026-07-21T02:11:51+0200,ca480415-0e53-4d99-b8f2-f778c2de0ac2,2026-06-24T17:00:00Z,2026-06-24T19:00:00+0200,10902.67,MW,BE,BE,actual_load,Actual Load,2026-07-21T00:11:54Z
2026-07-21T00:11:51Z,2026-07-21T02:11:51+0200,ca480415-0e53-4d99-b8f2-f778c2de0ac2,2026-06-24T17:15:00Z,2026-06-24T19:15:00+0200,10836.23,MW,BE,BE,actual_load,Actual Load,2026-07-21T00:11:54Z
2026-07-21T00:11:51Z,2026-07-21T02:11:51+0200,ca480415-0e53-4d99-b8f2-f778c2de0ac2,2026-06-24T17:30:00Z,2026-06-24T19:30:00+0200,10714.59,MW,BE,BE,actual_load,Actual Load,2026-07-21T00:11:54Z
2026-07-21T00:11:51Z,2026-07-21T02:11:51+0200,ca480415-0e53-4d99-b8f2-f778c2de0ac2,2026-06-24T17:45:00Z,2026-06-24T19:45:00+0200,10554.96,MW,BE,BE,actual_load,Actual Load,2026-07-21T00:11:54Z
2026-07-21T00:11:51Z,2026-07-21T02:11:51+0200,ca480415-0e53-4d99-b8f2-f778c2de0ac2,2026-06-24T18:00:00Z,2026-06-24T20:00:00+0200,10554.37,MW,BE,BE,actual_load,Actual Load,2026-07-21T00:11:54Z
2026-07-21T00:11:51Z,2026-07-21T02:11:51+0200,ca480415-0e53-4d99-b8f2-f778c2de0ac2,2026-06-24T18:15:00Z,2026-06-24T20:15:00+0200,10511.34,MW,BE,BE,actual_load,Actual Load,2026-07-21T00:11:54Z
2026-07-21T00:11:51Z,2026-07-21T02:11:51+0200,ca480415-0e53-4d99-b8f2-f778c2de0ac2,2026-06-24T18:30:00Z,2026-06-24T20:30:00+0200,10320.12,MW,BE,BE,actual_load,Actual Load,2026-07-21T00:11:54Z
2026-07-21T00:11:51Z,2026-07-21T02:11:51+0200,ca480415-0e53-4d99-b8f2-f778c2de0ac2,2026-06-24T18:45:00Z,2026-06-24T20:45:00+0200,10198.85,MW,BE,BE,actual_load,Actual Load,2026-07-21T00:11:54Z
2026-07-21T00:11:51Z,2026-07-21T02:11:51+0200,ca480415-0e53-4d99-b8f2-f778c2de0ac2,2026-06-24T19:00:00Z,2026-06-24T21:00:00+0200,10126.4,MW,BE,BE,actual_load,Actual Load,2026-07-21T00:11:54Z
2026-07-21T00:11:51Z,2026-07-21T02:11:51+0200,ca480415-0e53-4d99-b8f2-f778c2de0ac2,2026-06-24T19:15:00Z,2026-06-24T21:15:00+0200,10089.61,MW,BE,BE,actual_load,Actual Load,2026-07-21T00:11:54Z
2026-07-21T00:11:51Z,2026-07-21T02:11:51+0200,ca480415-0e53-4d99-b8f2-f778c2de0ac2,2026-06-24T19:30:00Z,2026-06-24T21:30:00+0200,10107.05,MW,BE,BE,actual_load,Actual Load,2026-07-21T00:11:54Z
2026-07-21T00:11:51Z,2026-07-21T02:11:51+0200,ca480415-0e53-4d99-b8f2-f778c2de0ac2,2026-06-24T19:45:00Z,2026-06-24T21:45:00+0200,10079.28,MW,BE,BE,actual_load,Actual Load,2026-07-21T00:11:54Z
2026-07-21T00:11:51Z,2026-07-21T02:11:51+0200,ca480415-0e53-4d99-b8f2-f778c2de0ac2,2026-06-24T20:00:00Z,2026-06-24T22:00:00+0200,10122.86,MW,BE,BE,actual_load,Actual Load,2026-07-21T00:11:54Z
2026-07-21T00:11:51Z,2026-07-21T02:11:51+0200,ca480415-0e53-4d99-b8f2-f778c2de0ac2,2026-06-24T20:15:00Z,2026-06-24T22:15:00+0200,10153.19,MW,BE,BE,actual_load,Actual Load,2026-07-21T00:11:54Z
2026-07-21T00:11:51Z,2026-07-21T02:11:51+0200,ca480415-0e53-4d99-b8f2-f778c2de0ac2,2026-06-24T20:30:00Z,2026-06-24T22:30:00+0200,10185.96,MW,BE,BE,actual_load,Actual Load,2026-07-21T00:11:54Z
2026-07-21T00:11:51Z,2026-07-21T02:11:51+0200,ca480415-0e53-4d99-b8f2-f778c2de0ac2,2026-06-24T20:45:00Z,2026-06-24T22:45:00+0200,10051.58,MW,BE,BE,actual_load,Actual Load,2026-07-21T00:11:54Z
2026-07-21T00:11:51Z,2026-07-21T02:11:51+0200,ca480415-0e53-4d99-b8f2-f778c2de0ac2,2026-06-24T21:00:00Z,2026-06-24T23:00:00+0200,9832.07,MW,BE,BE,actual_load,Actual Load,2026-07-21T00:11:54Z
2026-07-21T00:11:51Z,2026-07-21T02:11:51+0200,ca480415-0e53-4d99-b8f2-f778c2de0ac2,2026-06-24T21:15:00Z,2026-06-24T23:15:00+0200,9728.69,MW,BE,BE,actual_load,Actual Load,2026-07-21T00:11:54Z
2026-07-21T00:11:51Z,2026-07-21T02:11:51+0200,ca480415-0e53-4d99-b8f2-f778c2de0ac2,2026-06-24T21:30:00Z,2026-06-24T23:30:00+0200,9513.75,MW,BE,BE,actual_load,Actual Load,2026-07-21T00:11:54Z
2026-07-21T00:11:51Z,2026-07-21T02:11:51+0200,ca480415-0e53-4d99-b8f2-f778c2de0ac2,2026-06-24T21:45:00Z,2026-06-24T23:45:00+0200,9431.49,MW,BE,BE,actual_load,Actual Load,2026-07-21T00:11:54Z
2026-07-21T00:11:51Z,2026-07-21T02:11:51+0200,ca480415-0e53-4d99-b8f2-f778c2de0ac2,2026-06-24T22:00:00Z,2026-06-25T00:00:00+0200,9413.45,MW,BE,BE,actual_load,Actual Load,2026-07-21T00:11:54Z
2026-07-21T00:11:51Z,2026-07-21T02:11:51+0200,ca480415-0e53-4d99-b8f2-f778c2de0ac2,2026-06-24T22:15:00Z,2026-06-25T00:15:00+0200,9244.68,MW,BE,BE,actual_load,Actual Load,2026-07-21T00:11:54Z
2026-07-21T00:11:51Z,2026-07-21T02:11:51+0200,ca480415-0e53-4d99-b8f2-f778c2de0ac2,2026-06-24T22:30:00Z,2026-06-25T00:30:00+0200,9105.34,MW,BE,BE,actual_load,Actual Load,2026-07-21T00:11:54Z
2026-07-21T00:11:51Z,2026-07-21T02:11:51+0200,ca480415-0e53-4d99-b8f2-f778c2de0ac2,2026-06-24T22:45:00Z,2026-06-25T00:45:00+0200,9039.24,MW,BE,BE,actual_load,Actual Load,2026-07-21T00:11:54Z
2026-07-21T00:11:51Z,2026-07-21T02:11:51+0200,ca480415-0e53-4d99-b8f2-f778c2de0ac2,2026-06-24T23:00:00Z,2026-06-25T01:00:00+0200,9002.06,MW,BE,BE,actual_load,Actual Load,2026-07-21T00:11:54Z
2026-07-21T00:11:51Z,2026-07-21T02:11:51+0200,ca480415-0e53-4d99-b8f2-f778c2de0ac2,2026-06-24T23:15:00Z,2026-06-25T01:15:00+0200,8891.75,MW,BE,BE,actual_load,Actual Load,2026-07-21T00:11:54Z
2026-07-21T00:11:51Z,2026-07-21T02:11:51+0200,ca480415-0e53-4d99-b8f2-f778c2de0ac2,2026-06-24T23:30:00Z,2026-06-25T01:30:00+0200,8771.51,MW,BE,BE,actual_load,Actual Load,2026-07-21T00:11:54Z
2026-07-21T00:11:51Z,2026-07-21T02:11:51+0200,ca480415-0e53-4d99-b8f2-f778c2de0ac2,2026-06-24T23:45:00Z,2026-06-25T01:45:00+0200,8801.48,MW,BE,BE,actual_load,Actual Load,2026-07-21T00:11:54Z
2026-07-21T00:11:51Z,2026-07-21T02:11:51+0200,ca480415-0e53-4d99-b8f2-f778c2de0ac2,2026-06-25T00:00:00Z,2026-06-25T02:00:00+0200,8805.36,MW,BE,BE,actual_load,Actual Load,2026-07-21T00:11:54Z
2026-07-21T00:11:51Z,2026-07-21T02:11:51+0200,ca480415-0e53-4d99-b8f2-f778c2de0ac2,2026-06-25T00:15:00Z,2026-06-25T02:15:00+0200,8777.65,MW,BE,BE,actual_load,Actual Load,2026-07-21T00:11:54Z
2026-07-21T00:11:51Z,2026-07-21T02:11:51+0200,ca480415-0e53-4d99-b8f2-f778c2de0ac2,2026-06-25T00:30:00Z,2026-06-25T02:30:00+0200,8683.94,MW,BE,BE,actual_load,Actual Load,2026-07-21T00:11:54Z
2026-07-21T00:11:51Z,2026-07-21T02:11:51+0200,ca480415-0e53-4d99-b8f2-f778c2de0ac2,2026-06-25T00:45:00Z,2026-06-25T02:45:00+0200,8703.32,MW,BE,BE,actual_load,Actual Load,2026-07-21T00:11:54Z
2026-07-21T00:11:51Z,2026-07-21T02:11:51+0200,ca480415-0e53-4d99-b8f2-f778c2de0ac2,2026-06-25T01:00:00Z,2026-06-25T03:00:00+0200,8641.23,MW,BE,BE,actual_load,Actual Load,2026-07-21T00:11:54Z
2026-07-21T00:11:51Z,2026-07-21T02:11:51+0200,ca480415-0e53-4d99-b8f2-f778c2de0ac2,2026-06-25T01:15:00Z,2026-06-25T03:15:00+0200,8555.3,MW,BE,BE,actual_load,Actual Load,2026-07-21T00:11:54Z
2026-07-21T00:11:51Z,2026-07-21T02:11:51+0200,ca480415-0e53-4d99-b8f2-f778c2de0ac2,2026-06-25T01:30:00Z,2026-06-25T03:30:00+0200,8557.54,MW,BE,BE,actual_load,Actual Load,2026-07-21T00:11:54Z
2026-07-21T00:11:51Z,2026-07-21T02:11:51+0200,ca480415-0e53-4d99-b8f2-f778c2de0ac2,2026-06-25T01:45:00Z,2026-06-25T03:45:00+0200,8525.28,MW,BE,BE,actual_load,Actual Load,2026-07-21T00:11:54Z
2026-07-21T00:11:51Z,2026-07-21T02:11:51+0200,ca480415-0e53-4d99-b8f2-f778c2de0ac2,2026-06-25T02:00:00Z,2026-06-25T04:00:00+0200,8459.95,MW,BE,BE,actual_load,Actual Load,2026-07-21T00:11:54Z
2026-07-21T00:11:51Z,2026-07-21T02:11:51+0200,ca480415-0e53-4d99-b8f2-f778c2de0ac2,2026-06-25T02:15:00Z,2026-06-25T04:15:00+0200,8547.57,MW,BE,BE,actual_load,Actual Load,2026-07-21T00:11:54Z
2026-07-21T00:11:51Z,2026-07-21T02:11:51+0200,ca480415-0e53-4d99-b8f2-f778c2de0ac2,2026-06-25T02:30:00Z,2026-06-25T04:30:00+0200,8539.23,MW,BE,BE,actual_load,Actual Load,2026-07-21T00:11:54Z
2026-07-21T00:11:51Z,2026-07-21T02:11:51+0200,ca480415-0e53-4d99-b8f2-f778c2de0ac2,2026-06-25T02:45:00Z,2026-06-25T04:45:00+0200,8635.39,MW,BE,BE,actual_load,Actual Load,2026-07-21T00:11:54Z
2026-07-21T00:11:51Z,2026-07-21T02:11:51+0200,ca480415-0e53-4d99-b8f2-f778c2de0ac2,2026-06-25T03:00:00Z,2026-06-25T05:00:00+0200,8614.65,MW,BE,BE,actual_load,Actual Load,2026-07-21T00:11:54Z
2026-07-21T00:11:51Z,2026-07-21T02:11:51+0200,ca480415-0e53-4d99-b8f2-f778c2de0ac2,2026-06-25T03:15:00Z,2026-06-25T05:15:00+0200,8643.92,MW,BE,BE,actual_load,Actual Load,2026-07-21T00:11:54Z
2026-07-21T00:11:51Z,2026-07-21T02:11:51+0200,ca480415-0e53-4d99-b8f2-f778c2de0ac2,2026-06-25T03:30:00Z,2026-06-25T05:30:00+0200,8674.1,MW,BE,BE,actual_load,Actual Load,2026-07-21T00:11:54Z
2026-07-21T00:11:51Z,2026-07-21T02:11:51+0200,ca480415-0e53-4d99-b8f2-f778c2de0ac2,2026-06-25T03:45:00Z,2026-06-25T05:45:00+0200,8823.61,MW,BE,BE,actual_load,Actual Load,2026-07-21T00:11:54Z
2026-07-21T00:11:51Z,2026-07-21T02:11:51+0200,ca480415-0e53-4d99-b8f2-f778c2de0ac2,2026-06-25T04:00:00Z,2026-06-25T06:00:00+0200,9023.69,MW,BE,BE,actual_load,Actual Load,2026-07-21T00:11:54Z
2026-07-21T00:11:51Z,2026-07-21T02:11:51+0200,ca480415-0e53-4d99-b8f2-f778c2de0ac2,2026-06-25T04:15:00Z,2026-06-25T06:15:00+0200,9259.75,MW,BE,BE,actual_load,Actual Load,2026-07-21T00:11:54Z
2026-07-21T00:11:51Z,2026-07-21T02:11:51+0200,ca480415-0e53-4d99-b8f2-f778c2de0ac2,2026-06-25T04:30:00Z,2026-06-25T06:30:00+0200,9545.85,MW,BE,BE,actual_load,Actual Load,2026-07-21T00:11:54Z
2026-07-21T00:11:51Z,2026-07-21T02:11:51+0200,ca480415-0e53-4d99-b8f2-f778c2de0ac2,2026-06-25T04:45:00Z,2026-06-25T06:45:00+0200,9783.31,MW,BE,BE,actual_load,Actual Load,2026-07-21T00:11:54Z
2026-07-21T00:11:51Z,2026-07-21T02:11:51+0200,ca480415-0e53-4d99-b8f2-f778c2de0ac2,2026-06-25T05:00:00Z,2026-06-25T07:00:00+0200,9987.97,MW,BE,BE,actual_load,Actual Load,2026-07-21T00:11:54Z
2026-07-21T00:11:51Z,2026-07-21T02:11:51+0200,ca480415-0e53-4d99-b8f2-f778c2de0ac2,2026-06-25T05:15:00Z,2026-06-25T07:15:00+0200,10217.61,MW,BE,BE,actual_load,Actual Load,2026-07-21T00:11:54Z
2026-07-21T00:11:51Z,2026-07-21T02:11:51+0200,ca480415-0e53-4d99-b8f2-f778c2de0ac2,2026-06-25T05:30:00Z,2026-06-25T07:30:00+0200,10442.91,MW,BE,BE,actual_load,Actual Load,2026-07-21T00:11:54Z
2026-07-21T00:11:51Z,2026-07-21T02:11:51+0200,ca480415-0e53-4d99-b8f2-f778c2de0ac2,2026-06-25T05:45:00Z,2026-06-25T07:45:00+0200,10588.01,MW,BE,BE,actual_load,Actual Load,2026-07-21T00:11:54Z
2026-07-21T00:11:51Z,2026-07-21T02:11:51+0200,ca480415-0e53-4d99-b8f2-f778c2de0ac2,2026-06-25T06:00:00Z,2026-06-25T08:00:00+0200,10683.68,MW,BE,BE,actual_load,Actual Load,2026-07-21T00:11:54Z
2026-07-21T00:11:51Z,2026-07-21T02:11:51+0200,ca480415-0e53-4d99-b8f2-f778c2de0ac2,2026-06-25T06:15:00Z,2026-06-25T08:15:00+0200,10965.8,MW,BE,BE,actual_load,Actual Load,2026-07-21T00:11:54Z
2026-07-21T00:11:51Z,2026-07-21T02:11:51+0200,ca480415-0e53-4d99-b8f2-f778c2de0ac2,2026-06-25T06:30:00Z,2026-06-25T08:30:00+0200,11141.86,MW,BE,BE,actual_load,Actual Load,2026-07-21T00:11:54Z
2026-07-21T00:11:51Z,2026-07-21T02:11:51+0200,ca480415-0e53-4d99-b8f2-f778c2de0ac2,2026-06-25T06:45:00Z,2026-06-25T08:45:00+0200,11362.41,MW,BE,BE,actual_load,Actual Load,2026-07-21T00:11:54Z
2026-07-21T00:11:51Z,2026-07-21T02:11:51+0200,ca480415-0e53-4d99-b8f2-f778c2de0ac2,2026-06-25T07:00:00Z,2026-06-25T09:00:00+0200,11455.53,MW,BE,BE,actual_load,Actual Load,2026-07-21T00:11:54Z
2026-07-21T00:11:51Z,2026-07-21T02:11:51+0200,ca480415-0e53-4d99-b8f2-f778c2de0ac2,2026-06-25T07:15:00Z,2026-06-25T09:15:00+0200,11516.33,MW,BE,BE,actual_load,Actual Load,2026-07-21T00:11:54Z
2026-07-21T00:11:51Z,2026-07-21T02:11:51+0200,ca480415-0e53-4d99-b8f2-f778c2de0ac2,2026-06-25T07:30:00Z,2026-06-25T09:30:00+0200,11591.55,MW,BE,BE,actual_load,Actual Load,2026-07-21T00:11:54Z
2026-07-21T00:11:51Z,2026-07-21T02:11:51+0200,ca480415-0e53-4d99-b8f2-f778c2de0ac2,2026-06-25T07:45:00Z,2026-06-25T09:45:00+0200,11768.24,MW,BE,BE,actual_load,Actual Load,2026-07-21T00:11:54Z
2026-07-21T00:11:51Z,2026-07-21T02:11:51+0200,ca480415-0e53-4d99-b8f2-f778c2de0ac2,2026-06-25T08:00:00Z,2026-06-25T10:00:00+0200,11857.08,MW,BE,BE,actual_load,Actual Load,2026-07-21T00:11:54Z
2026-07-21T00:11:51Z,2026-07-21T02:11:51+0200,ca480415-0e53-4d99-b8f2-f778c2de0ac2,2026-06-25T08:15:00Z,2026-06-25T10:15:00+0200,11925.71,MW,BE,BE,actual_load,Actual Load,2026-07-21T00:11:54Z
2026-07-21T00:11:51Z,2026-07-21T02:11:51+0200,ca480415-0e53-4d99-b8f2-f778c2de0ac2,2026-06-25T08:30:00Z,2026-06-25T10:30:00+0200,11920.01,MW,BE,BE,actual_load,Actual Load,2026-07-21T00:11:54Z
2026-07-21T00:11:51Z,2026-07-21T02:11:51+0200,ca480415-0e53-4d99-b8f2-f778c2de0ac2,2026-06-25T08:45:00Z,2026-06-25T10:45:00+0200,12141.9,MW,BE,BE,actual_load,Actual Load,2026-07-21T00:11:54Z
2026-07-21T00:11:51Z,2026-07-21T02:11:51+0200,ca480415-0e53-4d99-b8f2-f778c2de0ac2,2026-06-25T09:00:00Z,2026-06-25T11:00:00+0200,12131.25,MW,BE,BE,actual_load,Actual Load,2026-07-21T00:11:54Z
2026-07-21T00:11:51Z,2026-07-21T02:11:51+0200,ca480415-0e53-4d99-b8f2-f778c2de0ac2,2026-06-25T09:15:00Z,2026-06-25T11:15:00+0200,12248.16,MW,BE,BE,actual_load,Actual Load,2026-07-21T00:11:54Z
2026-07-21T00:11:51Z,2026-07-21T02:11:51+0200,ca480415-0e53-4d99-b8f2-f778c2de0ac2,2026-06-25T09:30:00Z,2026-06-25T11:30:00+0200,12310.43,MW,BE,BE,actual_load,Actual Load,2026-07-21T00:11:54Z
2026-07-21T00:11:51Z,2026-07-21T02:11:51+0200,ca480415-0e53-4d99-b8f2-f778c2de0ac2,2026-06-25T09:45:00Z,2026-06-25T11:45:00+0200,12361.49,MW,BE,BE,actual_load,Actual Load,2026-07-21T00:11:54Z
2026-07-21T00:11:51Z,2026-07-21T02:11:51+0200,ca480415-0e53-4d99-b8f2-f778c2de0ac2,2026-06-25T10:00:00Z,2026-06-25T12:00:00+0200,12300.98,MW,BE,BE,actual_load,Actual Load,2026-07-21T00:11:54Z
2026-07-21T00:11:51Z,2026-07-21T02:11:51+0200,ca480415-0e53-4d99-b8f2-f778c2de0ac2,2026-06-25T10:15:00Z,2026-06-25T12:15:00+0200,12344.78,MW,BE,BE,actual_load,Actual Load,2026-07-21T00:11:54Z
2026-07-21T00:11:51Z,2026-07-21T02:11:51+0200,ca480415-0e53-4d99-b8f2-f778c2de0ac2,2026-06-25T10:30:00Z,2026-06-25T12:30:00+0200,12418.37,MW,BE,BE,actual_load,Actual Load,2026-07-21T00:11:54Z
2026-07-21T00:11:51Z,2026-07-21T02:11:51+0200,ca480415-0e53-4d99-b8f2-f778c2de0ac2,2026-06-25T10:45:00Z,2026-06-25T12:45:00+0200,12503.66,MW,BE,BE,actual_load,Actual Load,2026-07-21T00:11:54Z
2026-07-21T00:11:51Z,2026-07-21T02:11:51+0200,ca480415-0e53-4d99-b8f2-f778c2de0ac2,2026-06-25T11:00:00Z,2026-06-25T13:00:00+0200,12493.06,MW,BE,BE,actual_load,Actual Load,2026-07-21T00:11:54Z
2026-07-21T00:11:51Z,2026-07-21T02:11:51+0200,ca480415-0e53-4d99-b8f2-f778c2de0ac2,2026-06-25T11:15:00Z,2026-06-25T13:15:00+0200,12566.93,MW,BE,BE,actual_load,Actual Load,2026-07-21T00:11:54Z
2026-07-21T00:11:51Z,2026-07-21T02:11:51+0200,ca480415-0e53-4d99-b8f2-f778c2de0ac2,2026-06-25T11:30:00Z,2026-06-25T13:30:00+0200,12544.82,MW,BE,BE,actual_load,Actual Load,2026-07-21T00:11:54Z
2026-07-21T00:11:51Z,2026-07-21T02:11:51+0200,ca480415-0e53-4d99-b8f2-f778c2de0ac2,2026-06-25T11:45:00Z,2026-06-25T13:45:00+0200,12496.01,MW,BE,BE,actual_load,Actual Load,2026-07-21T00:11:54Z
2026-07-21T00:11:51Z,2026-07-21T02:11:51+0200,ca480415-0e53-4d99-b8f2-f778c2de0ac2,2026-06-25T12:00:00Z,2026-06-25T14:00:00+0200,12345.71,MW,BE,BE,actual_load,Actual Load,2026-07-21T00:11:54Z
2026-07-21T00:11:51Z,2026-07-21T02:11:51+0200,ca480415-0e53-4d99-b8f2-f778c2de0ac2,2026-06-25T12:15:00Z,2026-06-25T14:15:00+0200,12298.9,MW,BE,BE,actual_load,Actual Load,2026-07-21T00:11:54Z
2026-07-21T00:11:51Z,2026-07-21T02:11:51+0200,ca480415-0e53-4d99-b8f2-f778c2de0ac2,2026-06-25T12:30:00Z,2026-06-25T14:30:00+0200,12094.09,MW,BE,BE,actual_load,Actual Load,2026-07-21T00:11:54Z
2026-07-21T00:11:51Z,2026-07-21T02:11:51+0200,ca480415-0e53-4d99-b8f2-f778c2de0ac2,2026-06-25T12:45:00Z,2026-06-25T14:45:00+0200,11923.72,MW,BE,BE,actual_load,Actual Load,2026-07-21T00:11:54Z
2026-07-21T00:11:51Z,2026-07-21T02:11:51+0200,ca480415-0e53-4d99-b8f2-f778c2de0ac2,2026-06-25T13:00:00Z,2026-06-25T15:00:00+0200,12076.83,MW,BE,BE,actual_load,Actual Load,2026-07-21T00:11:54Z
2026-07-21T00:11:51Z,2026-07-21T02:11:51+0200,ca480415-0e53-4d99-b8f2-f778c2de0ac2,2026-06-25T13:15:00Z,2026-06-25T15:15:00+0200,11774.54,MW,BE,BE,actual_load,Actual Load,2026-07-21T00:11:54Z
2026-07-21T00:11:51Z,2026-07-21T02:11:51+0200,ca480415-0e53-4d99-b8f2-f778c2de0ac2,2026-06-25T13:30:00Z,2026-06-25T15:30:00+0200,11605.56,MW,BE,BE,actual_load,Actual Load,2026-07-21T00:11:54Z
2026-07-21T00:11:51Z,2026-07-21T02:11:51+0200,ca480415-0e53-4d99-b8f2-f778c2de0ac2,2026-06-25T13:45:00Z,2026-06-25T15:45:00+0200,11524.72,MW,BE,BE,actual_load,Actual Load,2026-07-21T00:11:54Z
2026-07-21T00:11:51Z,2026-07-21T02:11:51+0200,ca480415-0e53-4d99-b8f2-f778c2de0ac2,2026-06-25T14:00:00Z,2026-06-25T16:00:00+0200,11583.72,MW,BE,BE,actual_load,Actual Load,2026-07-21T00:11:54Z
2026-07-21T00:11:51Z,2026-07-21T02:11:51+0200,ca480415-0e53-4d99-b8f2-f778c2de0ac2,2026-06-25T14:15:00Z,2026-06-25T16:15:00+0200,11268.22,MW,BE,BE,actual_load,Actual Load,2026-07-21T00:11:54Z
2026-07-21T00:11:51Z,2026-07-21T02:11:51+0200,ca480415-0e53-4d99-b8f2-f778c2de0ac2,2026-06-25T14:30:00Z,2026-06-25T16:30:00+0200,11216.03,MW,BE,BE,actual_load,Actual Load,2026-07-21T00:11:54Z
2026-07-21T00:11:51Z,2026-07-21T02:11:51+0200,ca480415-0e53-4d99-b8f2-f778c2de0ac2,2026-06-25T14:45:00Z,2026-06-25T16:45:00+0200,11138.17,MW,BE,BE,actual_load,Actual Load,2026-07-21T00:11:54Z
2026-07-21T00:11:51Z,2026-07-21T02:11:51+0200,ca480415-0e53-4d99-b8f2-f778c2de0ac2,2026-06-25T15:00:00Z,2026-06-25T17:00:00+0200,11186.84,MW,BE,BE,actual_load,Actual Load,2026-07-21T00:11:54Z
2026-07-21T00:11:51Z,2026-07-21T02:11:51+0200,ca480415-0e53-4d99-b8f2-f778c2de0ac2,2026-06-25T15:15:00Z,2026-06-25T17:15:00+0200,11078.89,MW,BE,BE,actual_load,Actual Load,2026-07-21T00:11:54Z
2026-07-21T00:11:51Z,2026-07-21T02:11:51+0200,ca480415-0e53-4d99-b8f2-f778c2de0ac2,2026-06-25T15:30:00Z,2026-06-25T17:30:00+0200,11136.05,MW,BE,BE,actual_load,Actual Load,2026-07-21T00:11:54Z
2026-07-21T00:11:51Z,2026-07-21T02:11:51+0200,ca480415-0e53-4d99-b8f2-f778c2de0ac2,2026-06-25T15:45:00Z,2026-06-25T17:45:00+0200,11154.16,MW,BE,BE,actual_load,Actual Load,2026-07-21T00:11:54Z
2026-07-21T00:11:51Z,2026-07-21T02:11:51+0200,ca480415-0e53-4d99-b8f2-f778c2de0ac2,2026-06-25T16:00:00Z,2026-06-25T18:00:00+0200,11303.89,MW,BE,BE,actual_load,Actual Load,2026-07-21T00:11:54Z
2026-07-21T00:11:51Z,2026-07-21T02:11:51+0200,ca480415-0e53-4d99-b8f2-f778c2de0ac2,2026-06-25T16:15:00Z,2026-06-25T18:15:00+0200,11139.2,MW,BE,BE,actual_load,Actual Load,2026-07-21T00:11:54Z
2026-07-21T00:11:51Z,2026-07-21T02:11:51+0200,ca480415-0e53-4d99-b8f2-f778c2de0ac2,2026-06-25T16:30:00Z,2026-06-25T18:30:00+0200,11323.24,MW,BE,BE,actual_load,Actual Load,2026-07-21T00:11:54Z
2026-07-21T00:11:51Z,2026-07-21T02:11:51+0200,ca480415-0e53-4d99-b8f2-f778c2de0ac2,2026-06-25T16:45:00Z,2026-06-25T18:45:00+0200,11152.51,MW,BE,BE,actual_load,Actual Load,2026-07-21T00:11:54Z
2026-07-21T00:11:51Z,2026-07-21T02:11:51+0200,ca480415-0e53-4d99-b8f2-f778c2de0ac2,2026-06-25T17:00:00Z,2026-06-25T19:00:00+0200,10989.57,MW,BE,BE,actual_load,Actual Load,2026-07-21T00:11:54Z
2026-07-21T00:11:51Z,2026-07-21T02:11:51+0200,ca480415-0e53-4d99-b8f2-f778c2de0ac2,2026-06-25T17:15:00Z,2026-06-25T19:15:00+0200,10940.36,MW,BE,BE,actual_load,Actual Load,2026-07-21T00:11:54Z
2026-07-21T00:11:51Z,2026-07-21T02:11:51+0200,ca480415-0e53-4d99-b8f2-f778c2de0ac2,2026-06-25T17:30:00Z,2026-06-25T19:30:00+0200,11070.95,MW,BE,BE,actual_load,Actual Load,2026-07-21T00:11:54Z
2026-07-21T00:11:51Z,2026-07-21T02:11:51+0200,ca480415-0e53-4d99-b8f2-f778c2de0ac2,2026-06-25T17:45:00Z,2026-06-25T19:45:00+0200,10998.53,MW,BE,BE,actual_load,Actual Load,2026-07-21T00:11:54Z
2026-07-21T00:11:51Z,2026-07-21T02:11:51+0200,ca480415-0e53-4d99-b8f2-f778c2de0ac2,2026-06-25T18:00:00Z,2026-06-25T20:00:00+0200,11015.96,MW,BE,BE,actual_load,Actual Load,2026-07-21T00:11:54Z
2026-07-21T00:11:51Z,2026-07-21T02:11:51+0200,ca480415-0e53-4d99-b8f2-f778c2de0ac2,2026-06-25T18:15:00Z,2026-06-25T20:15:00+0200,10900.64,MW,BE,BE,actual_load,Actual Load,2026-07-21T00:11:54Z
2026-07-21T00:11:51Z,2026-07-21T02:11:51+0200,ca480415-0e53-4d99-b8f2-f778c2de0ac2,2026-06-25T18:30:00Z,2026-06-25T20:30:00+0200,10876.31,MW,BE,BE,actual_load,Actual Load,2026-07-21T00:11:54Z
2026-07-21T00:11:51Z,2026-07-21T02:11:51+0200,ca480415-0e53-4d99-b8f2-f778c2de0ac2,2026-06-25T18:45:00Z,2026-06-25T20:45:00+0200,10911.85,MW,BE,BE,actual_load,Actual Load,2026-07-21T00:11:54Z
2026-07-21T00:11:51Z,2026-07-21T02:11:51+0200,ca480415-0e53-4d99-b8f2-f778c2de0ac2,2026-06-25T19:00:00Z,2026-06-25T21:00:00+0200,10907.81,MW,BE,BE,actual_load,Actual Load,2026-07-21T00:11:54Z
2026-07-21T00:11:51Z,2026-07-21T02:11:51+0200,ca480415-0e53-4d99-b8f2-f778c2de0ac2,2026-06-25T19:15:00Z,2026-06-25T21:15:00+0200,10801.36,MW,BE,BE,actual_load,Actual Load,2026-07-21T00:11:54Z
2026-07-21T00:11:51Z,2026-07-21T02:11:51+0200,ca480415-0e53-4d99-b8f2-f778c2de0ac2,2026-06-25T19:30:00Z,2026-06-25T21:30:00+0200,10764.66,MW,BE,BE,actual_load,Actual Load,2026-07-21T00:11:54Z
2026-07-21T00:11:51Z,2026-07-21T02:11:51+0200,ca480415-0e53-4d99-b8f2-f778c2de0ac2,2026-06-25T19:45:00Z,2026-06-25T21:45:00+0200,10718.71,MW,BE,BE,actual_load,Actual Load,2026-07-21T00:11:54Z
2026-07-21T00:11:51Z,2026-07-21T02:11:51+0200,ca480415-0e53-4d99-b8f2-f778c2de0ac2,2026-06-25T20:00:00Z,2026-06-25T22:00:00+0200,10668.07,MW,BE,BE,actual_load,Actual Load,2026-07-21T00:11:54Z
2026-07-21T00:11:51Z,2026-07-21T02:11:51+0200,ca480415-0e53-4d99-b8f2-f778c2de0ac2,2026-06-25T20:15:00Z,2026-06-25T22:15:00+0200,10753.52,MW,BE,BE,actual_load,Actual Load,2026-07-21T00:11:54Z
2026-07-21T00:11:51Z,2026-07-21T02:11:51+0200,ca480415-0e53-4d99-b8f2-f778c2de0ac2,2026-06-25T20:30:00Z,2026-06-25T22:30:00+0200,10753.78,MW,BE,BE,actual_load,Actual Load,2026-07-21T00:11:54Z
2026-07-21T00:11:51Z,2026-07-21T02:11:51+0200,ca480415-0e53-4d99-b8f2-f778c2de0ac2,2026-06-25T20:45:00Z,2026-06-25T22:45:00+0200,10577.44,MW,BE,BE,actual_load,Actual Load,2026-07-21T00:11:54Z
2026-07-21T00:11:51Z,2026-07-21T02:11:51+0200,ca480415-0e53-4d99-b8f2-f778c2de0ac2,2026-06-25T21:00:00Z,2026-06-25T23:00:00+0200,10292.38,MW,BE,BE,actual_load,Actual Load,2026-07-21T00:11:54Z
2026-07-21T00:11:51Z,2026-07-21T02:11:51+0200,ca480415-0e53-4d99-b8f2-f778c2de0ac2,2026-06-25T21:15:00Z,2026-06-25T23:15:00+0200,10155.76,MW,BE,BE,actual_load,Actual Load,2026-07-21T00:11:54Z
2026-07-21T00:11:51Z,2026-07-21T02:11:51+0200,ca480415-0e53-4d99-b8f2-f778c2de0ac2,2026-06-25T21:30:00Z,2026-06-25T23:30:00+0200,10013.9,MW,BE,BE,actual_load,Actual Load,2026-07-21T00:11:54Z
2026-07-21T00:11:51Z,2026-07-21T02:11:51+0200,ca480415-0e53-4d99-b8f2-f778c2de0ac2,2026-06-25T21:45:00Z,2026-06-25T23:45:00+0200,9843.88,MW,BE,BE,actual_load,Actual Load,2026-07-21T00:11:54Z
2026-07-21T00:11:51Z,2026-07-21T02:11:51+0200,ca480415-0e53-4d99-b8f2-f778c2de0ac2,2026-06-25T22:00:00Z,2026-06-26T00:00:00+0200,9680.0,MW,BE,BE,actual_load,Actual Load,2026-07-21T00:11:54Z
2026-07-21T00:11:51Z,2026-07-21T02:11:51+0200,ca480415-0e53-4d99-b8f2-f778c2de0ac2,2026-06-25T22:15:00Z,2026-06-26T00:15:00+0200,9449.56,MW,BE,BE,actual_load,Actual Load,2026-07-21T00:11:54Z
2026-07-21T00:11:51Z,2026-07-21T02:11:51+0200,ca480415-0e53-4d99-b8f2-f778c2de0ac2,2026-06-25T22:30:00Z,2026-06-26T00:30:00+0200,9388.3,MW,BE,BE,actual_load,Actual Load,2026-07-21T00:11:54Z
2026-07-21T00:11:51Z,2026-07-21T02:11:51+0200,ca480415-0e53-4d99-b8f2-f778c2de0ac2,2026-06-25T22:45:00Z,2026-06-26T00:45:00+0200,9266.3,MW,BE,BE,actual_load,Actual Load,2026-07-21T00:11:54Z
2026-07-21T00:11:51Z,2026-07-21T02:11:51+0200,ca480415-0e53-4d99-b8f2-f778c2de0ac2,2026-06-25T23:00:00Z,2026-06-26T01:00:00+0200,9230.15,MW,BE,BE,actual_load,Actual Load,2026-07-21T00:11:54Z
2026-07-21T00:11:51Z,2026-07-21T02:11:51+0200,ca480415-0e53-4d99-b8f2-f778c2de0ac2,2026-06-25T23:15:00Z,2026-06-26T01:15:00+0200,9219.56,MW,BE,BE,actual_load,Actual Load,2026-07-21T00:11:54Z
2026-07-21T00:11:51Z,2026-07-21T02:11:51+0200,ca480415-0e53-4d99-b8f2-f778c2de0ac2,2026-06-25T23:30:00Z,2026-06-26T01:30:00+0200,9130.75,MW,BE,BE,actual_load,Actual Load,2026-07-21T00:11:54Z
2026-07-21T00:11:51Z,2026-07-21T02:11:51+0200,ca480415-0e53-4d99-b8f2-f778c2de0ac2,2026-06-25T23:45:00Z,2026-06-26T01:45:00+0200,9083.51,MW,BE,BE,actual_load,Actual Load,2026-07-21T00:11:54Z
2026-07-21T00:11:51Z,2026-07-21T02:11:51+0200,ca480415-0e53-4d99-b8f2-f778c2de0ac2,2026-06-26T00:00:00Z,2026-06-26T02:00:00+0200,9067.54,MW,BE,BE,actual_load,Actual Load,2026-07-21T00:11:54Z
2026-07-21T00:11:51Z,2026-07-21T02:11:51+0200,ca480415-0e53-4d99-b8f2-f778c2de0ac2,2026-06-26T00:15:00Z,2026-06-26T02:15:00+0200,8966.53,MW,BE,BE,actual_load,Actual Load,2026-07-21T00:11:54Z
2026-07-21T00:11:51Z,2026-07-21T02:11:51+0200,ca480415-0e53-4d99-b8f2-f778c2de0ac2,2026-06-26T00:30:00Z,2026-06-26T02:30:00+0200,8918.73,MW,BE,BE,actual_load,Actual Load,2026-07-21T00:11:54Z
2026-07-21T00:11:51Z,2026-07-21T02:11:51+0200,ca480415-0e53-4d99-b8f2-f778c2de0ac2,2026-06-26T00:45:00Z,2026-06-26T02:45:00+0200,8870.03,MW,BE,BE,actual_load,Actual Load,2026-07-21T00:11:54Z
2026-07-21T00:11:51Z,2026-07-21T02:11:51+0200,ca480415-0e53-4d99-b8f2-f778c2de0ac2,2026-06-26T01:00:00Z,2026-06-26T03:00:00+0200,8737.28,MW,BE,BE,actual_load,Actual Load,2026-07-21T00:11:54Z
2026-07-21T00:11:51Z,2026-07-21T02:11:51+0200,ca480415-0e53-4d99-b8f2-f778c2de0ac2,2026-06-26T01:15:00Z,2026-06-26T03:15:00+0200,8720.62,MW,BE,BE,actual_load,Actual Load,2026-07-21T00:11:54Z
2026-07-21T00:11:51Z,2026-07-21T02:11:51+0200,ca480415-0e53-4d99-b8f2-f778c2de0ac2,2026-06-26T01:30:00Z,2026-06-26T03:30:00+0200,8756.69,MW,BE,BE,actual_load,Actual Load,2026-07-21T00:11:54Z
2026-07-21T00:11:51Z,2026-07-21T02:11:51+0200,ca480415-0e53-4d99-b8f2-f778c2de0ac2,2026-06-26T01:45:00Z,2026-06-26T03:45:00+0200,8783.35,MW,BE,BE,actual_load,Actual Load,2026-07-21T00:11:54Z
2026-07-21T00:11:51Z,2026-07-21T02:11:51+0200,ca480415-0e53-4d99-b8f2-f778c2de0ac2,2026-06-26T02:00:00Z,2026-06-26T04:00:00+0200,8737.5,MW,BE,BE,actual_load,Actual Load,2026-07-21T00:11:54Z
2026-07-21T00:11:51Z,2026-07-21T02:11:51+0200,ca480415-0e53-4d99-b8f2-f778c2de0ac2,2026-06-26T02:15:00Z,2026-06-26T04:15:00+0200,8799.37,MW,BE,BE,actual_load,Actual Load,2026-07-21T00:11:54Z
2026-07-21T00:11:51Z,2026-07-21T02:11:51+0200,ca480415-0e53-4d99-b8f2-f778c2de0ac2,2026-06-26T02:30:00Z,2026-06-26T04:30:00+0200,8803.61,MW,BE,BE,actual_load,Actual Load,2026-07-21T00:11:54Z
2026-07-21T00:11:51Z,2026-07-21T02:11:51+0200,ca480415-0e53-4d99-b8f2-f778c2de0ac2,2026-06-26T02:45:00Z,2026-06-26T04:45:00+0200,8913.3,MW,BE,BE,actual_load,Actual Load,2026-07-21T00:11:54Z
2026-07-21T00:11:51Z,2026-07-21T02:11:51+0200,ca480415-0e53-4d99-b8f2-f778c2de0ac2,2026-06-26T03:00:00Z,2026-06-26T05:00:00+0200,8952.3,MW,BE,BE,actual_load,Actual Load,2026-07-21T00:11:54Z
2026-07-21T00:11:51Z,2026-07-21T02:11:51+0200,ca480415-0e53-4d99-b8f2-f778c2de0ac2,2026-06-26T03:15:00Z,2026-06-26T05:15:00+0200,8881.23,MW,BE,BE,actual_load,Actual Load,2026-07-21T00:11:54Z
2026-07-21T00:11:51Z,2026-07-21T02:11:51+0200,ca480415-0e53-4d99-b8f2-f778c2de0ac2,2026-06-26T03:30:00Z,2026-06-26T05:30:00+0200,8956.18,MW,BE,BE,actual_load,Actual Load,2026-07-21T00:11:54Z
2026-07-21T00:11:51Z,2026-07-21T02:11:51+0200,ca480415-0e53-4d99-b8f2-f778c2de0ac2,2026-06-26T03:45:00Z,2026-06-26T05:45:00+0200,9015.86,MW,BE,BE,actual_load,Actual Load,2026-07-21T00:11:54Z
2026-07-21T00:11:51Z,2026-07-21T02:11:51+0200,ca480415-0e53-4d99-b8f2-f778c2de0ac2,2026-06-26T04:00:00Z,2026-06-26T06:00:00+0200,9226.97,MW,BE,BE,actual_load,Actual Load,2026-07-21T00:11:54Z
2026-07-21T00:11:51Z,2026-07-21T02:11:51+0200,ca480415-0e53-4d99-b8f2-f778c2de0ac2,2026-06-26T04:15:00Z,2026-06-26T06:15:00+0200,9440.89,MW,BE,BE,actual_load,Actual Load,2026-07-21T00:11:54Z
2026-07-21T00:11:51Z,2026-07-21T02:11:51+0200,ca480415-0e53-4d99-b8f2-f778c2de0ac2,2026-06-26T04:30:00Z,2026-06-26T06:30:00+0200,9594.45,MW,BE,BE,actual_load,Actual Load,2026-07-21T00:11:54Z
2026-07-21T00:11:51Z,2026-07-21T02:11:51+0200,ca480415-0e53-4d99-b8f2-f778c2de0ac2,2026-06-26T04:45:00Z,2026-06-26T06:45:00+0200,9838.42,MW,BE,BE,actual_load,Actual Load,2026-07-21T00:11:54Z
2026-07-21T00:11:51Z,2026-07-21T02:11:51+0200,ca480415-0e53-4d99-b8f2-f778c2de0ac2,2026-06-26T05:00:00Z,2026-06-26T07:00:00+0200,10126.66,MW,BE,BE,actual_load,Actual Load,2026-07-21T00:11:54Z
2026-07-21T00:11:51Z,2026-07-21T02:11:51+0200,ca480415-0e53-4d99-b8f2-f778c2de0ac2,2026-06-26T05:15:00Z,2026-06-26T07:15:00+0200,10341.97,MW,BE,BE,actual_load,Actual Load,2026-07-21T00:11:54Z
2026-07-21T00:11:51Z,2026-07-21T02:11:51+0200,ca480415-0e53-4d99-b8f2-f778c2de0ac2,2026-06-26T05:30:00Z,2026-06-26T07:30:00+0200,10546.8,MW,BE,BE,actual_load,Actual Load,2026-07-21T00:11:54Z
2026-07-21T00:11:51Z,2026-07-21T02:11:51+0200,ca480415-0e53-4d99-b8f2-f778c2de0ac2,2026-06-26T05:45:00Z,2026-06-26T07:45:00+0200,10679.73,MW,BE,BE,actual_load,Actual Load,2026-07-21T00:11:54Z
2026-07-21T00:11:51Z,2026-07-21T02:11:51+0200,ca480415-0e53-4d99-b8f2-f778c2de0ac2,2026-06-26T06:00:00Z,2026-06-26T08:00:00+0200,10848.6,MW,BE,BE,actual_load,Actual Load,2026-07-21T00:11:54Z
2026-07-21T00:11:51Z,2026-07-21T02:11:51+0200,ca480415-0e53-4d99-b8f2-f778c2de0ac2,2026-06-26T06:15:00Z,2026-06-26T08:15:00+0200,11028.11,MW,BE,BE,actual_load,Actual Load,2026-07-21T00:11:54Z
2026-07-21T00:11:51Z,2026-07-21T02:11:51+0200,ca480415-0e53-4d99-b8f2-f778c2de0ac2,2026-06-26T06:30:00Z,2026-06-26T08:30:00+0200,11329.32,MW,BE,BE,actual_load,Actual Load,2026-07-21T00:11:54Z
2026-07-21T00:11:51Z,2026-07-21T02:11:51+0200,ca480415-0e53-4d99-b8f2-f778c2de0ac2,2026-06-26T06:45:00Z,2026-06-26T08:45:00+0200,11469.52,MW,BE,BE,actual_load,Actual Load,2026-07-21T00:11:54Z
2026-07-21T00:11:51Z,2026-07-21T02:11:51+0200,ca480415-0e53-4d99-b8f2-f778c2de0ac2,2026-06-26T07:00:00Z,2026-06-26T09:00:00+0200,11432.75,MW,BE,BE,actual_load,Actual Load,2026-07-21T00:11:54Z
2026-07-21T00:11:51Z,2026-07-21T02:11:51+0200,ca480415-0e53-4d99-b8f2-f778c2de0ac2,2026-06-26T07:15:00Z,2026-06-26T09:15:00+0200,11463.99,MW,BE,BE,actual_load,Actual Load,2026-07-21T00:11:54Z
2026-07-21T00:11:51Z,2026-07-21T02:11:51+0200,ca480415-0e53-4d99-b8f2-f778c2de0ac2,2026-06-26T07:30:00Z,2026-06-26T09:30:00+0200,11599.6,MW,BE,BE,actual_load,Actual Load,2026-07-21T00:11:54Z
2026-07-21T00:11:51Z,2026-07-21T02:11:51+0200,ca480415-0e53-4d99-b8f2-f778c2de0ac2,2026-06-26T07:45:00Z,2026-06-26T09:45:00+0200,11781.42,MW,BE,BE,actual_load,Actual Load,2026-07-21T00:11:54Z
2026-07-21T00:11:51Z,2026-07-21T02:11:51+0200,ca480415-0e53-4d99-b8f2-f778c2de0ac2,2026-06-26T08:00:00Z,2026-06-26T10:00:00+0200,11790.01,MW,BE,BE,actual_load,Actual Load,2026-07-21T00:11:54Z
2026-07-21T00:11:51Z,2026-07-21T02:11:51+0200,ca480415-0e53-4d99-b8f2-f778c2de0ac2,2026-06-26T08:15:00Z,2026-06-26T10:15:00+0200,11890.84,MW,BE,BE,actual_load,Actual Load,2026-07-21T00:11:54Z
2026-07-21T00:11:51Z,2026-07-21T02:11:51+0200,ca480415-0e53-4d99-b8f2-f778c2de0ac2,2026-06-26T08:30:00Z,2026-06-26T10:30:00+0200,11903.61,MW,BE,BE,actual_load,Actual Load,2026-07-21T00:11:54Z
2026-07-21T00:11:51Z,2026-07-21T02:11:51+0200,ca480415-0e53-4d99-b8f2-f778c2de0ac2,2026-06-26T08:45:00Z,2026-06-26T10:45:00+0200,11927.42,MW,BE,BE,actual_load,Actual Load,2026-07-21T00:11:54Z
2026-07-21T00:11:51Z,2026-07-21T02:11:51+0200,ca480415-0e53-4d99-b8f2-f778c2de0ac2,2026-06-26T09:00:00Z,2026-06-26T11:00:00+0200,12108.24,MW,BE,BE,actual_load,Actual Load,2026-07-21T00:11:54Z
2026-07-21T00:11:51Z,2026-07-21T02:11:51+0200,ca480415-0e53-4d99-b8f2-f778c2de0ac2,2026-06-26T09:15:00Z,2026-06-26T11:15:00+0200,12072.75,MW,BE,BE,actual_load,Actual Load,2026-07-21T00:11:54Z
2026-07-21T00:11:51Z,2026-07-21T02:11:51+0200,ca480415-0e53-4d99-b8f2-f778c2de0ac2,2026-06-26T09:30:00Z,2026-06-26T11:30:00+0200,12176.55,MW,BE,BE,actual_load,Actual Load,2026-07-21T00:11:54Z
2026-07-21T00:11:51Z,2026-07-21T02:11:51+0200,ca480415-0e53-4d99-b8f2-f778c2de0ac2,2026-06-26T09:45:00Z,2026-06-26T11:45:00+0200,12313.83,MW,BE,BE,actual_load,Actual Load,2026-07-21T00:11:54Z
2026-07-21T00:11:51Z,2026-07-21T02:11:51+0200,ca480415-0e53-4d99-b8f2-f778c2de0ac2,2026-06-26T10:00:00Z,2026-06-26T12:00:00+0200,12382.27,MW,BE,BE,actual_load,Actual Load,2026-07-21T00:11:54Z
2026-07-21T00:11:51Z,2026-07-21T02:11:51+0200,ca480415-0e53-4d99-b8f2-f778c2de0ac2,2026-06-26T10:15:00Z,2026-06-26T12:15:00+0200,12364.26,MW,BE,BE,actual_load,Actual Load,2026-07-21T00:11:54Z
2026-07-21T00:11:51Z,2026-07-21T02:11:51+0200,ca480415-0e53-4d99-b8f2-f778c2de0ac2,2026-06-26T10:30:00Z,2026-06-26T12:30:00+0200,12337.25,MW,BE,BE,actual_load,Actual Load,2026-07-21T00:11:54Z
2026-07-21T00:11:51Z,2026-07-21T02:11:51+0200,ca480415-0e53-4d99-b8f2-f778c2de0ac2,2026-06-26T10:45:00Z,2026-06-26T12:45:00+0200,12399.15,MW,BE,BE,actual_load,Actual Load,2026-07-21T00:11:54Z
2026-07-21T00:11:51Z,2026-07-21T02:11:51+0200,ca480415-0e53-4d99-b8f2-f778c2de0ac2,2026-06-26T11:00:00Z,2026-06-26T13:00:00+0200,12278.61,MW,BE,BE,actual_load,Actual Load,2026-07-21T00:11:54Z
2026-07-21T00:11:51Z,2026-07-21T02:11:51+0200,ca480415-0e53-4d99-b8f2-f778c2de0ac2,2026-06-26T11:15:00Z,2026-06-26T13:15:00+0200,12342.3,MW,BE,BE,actual_load,Actual Load,2026-07-21T00:11:54Z
2026-07-21T00:11:51Z,2026-07-21T02:11:51+0200,ca480415-0e53-4d99-b8f2-f778c2de0ac2,2026-06-26T11:30:00Z,2026-06-26T13:30:00+0200,12590.42,MW,BE,BE,actual_load,Actual Load,2026-07-21T00:11:54Z
2026-07-21T00:11:51Z,2026-07-21T02:11:51+0200,ca480415-0e53-4d99-b8f2-f778c2de0ac2,2026-06-26T11:45:00Z,2026-06-26T13:45:00+0200,12543.37,MW,BE,BE,actual_load,Actual Load,2026-07-21T00:11:54Z
2026-07-21T00:11:51Z,2026-07-21T02:11:51+0200,ca480415-0e53-4d99-b8f2-f778c2de0ac2,2026-06-26T12:00:00Z,2026-06-26T14:00:00+0200,12339.62,MW,BE,BE,actual_load,Actual Load,2026-07-21T00:11:54Z
2026-07-21T00:11:51Z,2026-07-21T02:11:51+0200,ca480415-0e53-4d99-b8f2-f778c2de0ac2,2026-06-26T12:15:00Z,2026-06-26T14:15:00+0200,12227.21,MW,BE,BE,actual_load,Actual Load,2026-07-21T00:11:54Z
2026-07-21T00:11:51Z,2026-07-21T02:11:51+0200,ca480415-0e53-4d99-b8f2-f778c2de0ac2,2026-06-26T12:30:00Z,2026-06-26T14:30:00+0200,12291.16,MW,BE,BE,actual_load,Actual Load,2026-07-21T00:11:54Z
2026-07-21T00:11:51Z,2026-07-21T02:11:51+0200,ca480415-0e53-4d99-b8f2-f778c2de0ac2,2026-06-26T12:45:00Z,2026-06-26T14:45:00+0200,12107.93,MW,BE,BE,actual_load,Actual Load,2026-07-21T00:11:54Z
2026-07-21T00:11:51Z,2026-07-21T02:11:51+0200,ca480415-0e53-4d99-b8f2-f778c2de0ac2,2026-06-26T13:00:00Z,2026-06-26T15:00:00+0200,11803.39,MW,BE,BE,actual_load,Actual Load,2026-07-21T00:11:54Z
2026-07-21T00:11:51Z,2026-07-21T02:11:51+0200,ca480415-0e53-4d99-b8f2-f778c2de0ac2,2026-06-26T13:15:00Z,2026-06-26T15:15:00+0200,11614.99,MW,BE,BE,actual_load,Actual Load,2026-07-21T00:11:54Z
2026-07-21T00:11:51Z,2026-07-21T02:11:51+0200,ca480415-0e53-4d99-b8f2-f778c2de0ac2,2026-06-26T13:30:00Z,2026-06-26T15:30:00+0200,11424.29,MW,BE,BE,actual_load,Actual Load,2026-07-21T00:11:54Z
2026-07-21T00:11:51Z,2026-07-21T02:11:51+0200,ca480415-0e53-4d99-b8f2-f778c2de0ac2,2026-06-26T13:45:00Z,2026-06-26T15:45:00+0200,11328.19,MW,BE,BE,actual_load,Actual Load,2026-07-21T00:11:54Z
2026-07-21T00:11:51Z,2026-07-21T02:11:51+0200,ca480415-0e53-4d99-b8f2-f778c2de0ac2,2026-06-26T14:00:00Z,2026-06-26T16:00:00+0200,11392.93,MW,BE,BE,actual_load,Actual Load,2026-07-21T00:11:54Z
2026-07-21T00:11:51Z,2026-07-21T02:11:51+0200,ca480415-0e53-4d99-b8f2-f778c2de0ac2,2026-06-26T14:15:00Z,2026-06-26T16:15:00+0200,11059.54,MW,BE,BE,actual_load,Actual Load,2026-07-21T00:11:54Z
2026-07-21T00:11:51Z,2026-07-21T02:11:51+0200,ca480415-0e53-4d99-b8f2-f778c2de0ac2,2026-06-26T14:30:00Z,2026-06-26T16:30:00+0200,11046.81,MW,BE,BE,actual_load,Actual Load,2026-07-21T00:11:54Z
2026-07-21T00:11:51Z,2026-07-21T02:11:51+0200,ca480415-0e53-4d99-b8f2-f778c2de0ac2,2026-06-26T14:45:00Z,2026-06-26T16:45:00+0200,10912.09,MW,BE,BE,actual_load,Actual Load,2026-07-21T00:11:54Z
2026-07-21T00:11:51Z,2026-07-21T02:11:51+0200,ca480415-0e53-4d99-b8f2-f778c2de0ac2,2026-06-26T15:00:00Z,2026-06-26T17:00:00+0200,11152.06,MW,BE,BE,actual_load,Actual Load,2026-07-21T00:11:54Z
2026-07-21T00:11:51Z,2026-07-21T02:11:51+0200,ca480415-0e53-4d99-b8f2-f778c2de0ac2,2026-06-26T15:15:00Z,2026-06-26T17:15:00+0200,11161.44,MW,BE,BE,actual_load,Actual Load,2026-07-21T00:11:54Z
2026-07-21T00:11:51Z,2026-07-21T02:11:51+0200,ca480415-0e53-4d99-b8f2-f778c2de0ac2,2026-06-26T15:30:00Z,2026-06-26T17:30:00+0200,11139.04,MW,BE,BE,actual_load,Actual Load,2026-07-21T00:11:54Z
2026-07-21T00:11:51Z,2026-07-21T02:11:51+0200,ca480415-0e53-4d99-b8f2-f778c2de0ac2,2026-06-26T15:45:00Z,2026-06-26T17:45:00+0200,11081.56,MW,BE,BE,actual_load,Actual Load,2026-07-21T00:11:54Z
2026-07-21T00:11:51Z,2026-07-21T02:11:51+0200,ca480415-0e53-4d99-b8f2-f778c2de0ac2,2026-06-26T16:00:00Z,2026-06-26T18:00:00+0200,10927.32,MW,BE,BE,actual_load,Actual Load,2026-07-21T00:11:54Z
2026-07-21T00:11:51Z,2026-07-21T02:11:51+0200,ca480415-0e53-4d99-b8f2-f778c2de0ac2,2026-06-26T16:15:00Z,2026-06-26T18:15:00+0200,10858.59,MW,BE,BE,actual_load,Actual Load,2026-07-21T00:11:54Z
2026-07-21T00:11:51Z,2026-07-21T02:11:51+0200,ca480415-0e53-4d99-b8f2-f778c2de0ac2,2026-06-26T16:30:00Z,2026-06-26T18:30:00+0200,10817.45,MW,BE,BE,actual_load,Actual Load,2026-07-21T00:11:54Z
2026-07-21T00:11:51Z,2026-07-21T02:11:51+0200,ca480415-0e53-4d99-b8f2-f778c2de0ac2,2026-06-26T16:45:00Z,2026-06-26T18:45:00+0200,10843.59,MW,BE,BE,actual_load,Actual Load,2026-07-21T00:11:54Z
2026-07-21T00:11:51Z,2026-07-21T02:11:51+0200,ca480415-0e53-4d99-b8f2-f778c2de0ac2,2026-06-26T17:00:00Z,2026-06-26T19:00:00+0200,10981.46,MW,BE,BE,actual_load,Actual Load,2026-07-21T00:11:54Z
2026-07-21T00:11:51Z,2026-07-21T02:11:51+0200,ca480415-0e53-4d99-b8f2-f778c2de0ac2,2026-06-26T17:15:00Z,2026-06-26T19:15:00+0200,10959.21,MW,BE,BE,actual_load,Actual Load,2026-07-21T00:11:54Z
2026-07-21T00:11:51Z,2026-07-21T02:11:51+0200,ca480415-0e53-4d99-b8f2-f778c2de0ac2,2026-06-26T17:30:00Z,2026-06-26T19:30:00+0200,10871.54,MW,BE,BE,actual_load,Actual Load,2026-07-21T00:11:54Z
2026-07-21T00:11:51Z,2026-07-21T02:11:51+0200,ca480415-0e53-4d99-b8f2-f778c2de0ac2,2026-06-26T17:45:00Z,2026-06-26T19:45:00+0200,10657.89,MW,BE,BE,actual_load,Actual Load,2026-07-21T00:11:54Z
2026-07-21T00:11:51Z,2026-07-21T02:11:51+0200,ca480415-0e53-4d99-b8f2-f778c2de0ac2,2026-06-26T18:00:00Z,2026-06-26T20:00:00+0200,10590.62,MW,BE,BE,actual_load,Actual Load,2026-07-21T00:11:54Z
2026-07-21T00:11:51Z,2026-07-21T02:11:51+0200,ca480415-0e53-4d99-b8f2-f778c2de0ac2,2026-06-26T18:15:00Z,2026-06-26T20:15:00+0200,10325.66,MW,BE,BE,actual_load,Actual Load,2026-07-21T00:11:54Z
2026-07-21T00:11:51Z,2026-07-21T02:11:51+0200,ca480415-0e53-4d99-b8f2-f778c2de0ac2,2026-06-26T18:30:00Z,2026-06-26T20:30:00+0200,10155.56,MW,BE,BE,actual_load,Actual Load,2026-07-21T00:11:54Z
2026-07-21T00:11:51Z,2026-07-21T02:11:51+0200,ca480415-0e53-4d99-b8f2-f778c2de0ac2,2026-06-26T18:45:00Z,2026-06-26T20:45:00+0200,10011.36,MW,BE,BE,actual_load,Actual Load,2026-07-21T00:11:54Z
2026-07-21T00:11:51Z,2026-07-21T02:11:51+0200,ca480415-0e53-4d99-b8f2-f778c2de0ac2,2026-06-26T19:00:00Z,2026-06-26T21:00:00+0200,9990.22,MW,BE,BE,actual_load,Actual Load,2026-07-21T00:11:54Z
2026-07-21T00:11:51Z,2026-07-21T02:11:51+0200,ca480415-0e53-4d99-b8f2-f778c2de0ac2,2026-06-26T19:15:00Z,2026-06-26T21:15:00+0200,9922.55,MW,BE,BE,actual_load,Actual Load,2026-07-21T00:11:54Z
2026-07-21T00:11:51Z,2026-07-21T02:11:51+0200,ca480415-0e53-4d99-b8f2-f778c2de0ac2,2026-06-26T19:30:00Z,2026-06-26T21:30:00+0200,9934.4,MW,BE,BE,actual_load,Actual Load,2026-07-21T00:11:54Z
2026-07-21T00:11:51Z,2026-07-21T02:11:51+0200,ca480415-0e53-4d99-b8f2-f778c2de0ac2,2026-06-26T19:45:00Z,2026-06-26T21:45:00+0200,9958.34,MW,BE,BE,actual_load,Actual Load,2026-07-21T00:11:54Z
2026-07-21T00:11:51Z,2026-07-21T02:11:51+0200,ca480415-0e53-4d99-b8f2-f778c2de0ac2,2026-06-26T20:00:00Z,2026-06-26T22:00:00+0200,9964.09,MW,BE,BE,actual_load,Actual Load,2026-07-21T00:11:54Z
2026-07-21T00:11:51Z,2026-07-21T02:11:51+0200,ca480415-0e53-4d99-b8f2-f778c2de0ac2,2026-06-26T20:15:00Z,2026-06-26T22:15:00+0200,10014.21,MW,BE,BE,actual_load,Actual Load,2026-07-21T00:11:54Z
2026-07-21T00:11:51Z,2026-07-21T02:11:51+0200,ca480415-0e53-4d99-b8f2-f778c2de0ac2,2026-06-26T20:30:00Z,2026-06-26T22:30:00+0200,9975.05,MW,BE,BE,actual_load,Actual Load,2026-07-21T00:11:54Z
2026-07-21T00:11:51Z,2026-07-21T02:11:51+0200,ca480415-0e53-4d99-b8f2-f778c2de0ac2,2026-06-26T20:45:00Z,2026-06-26T22:45:00+0200,9937.81,MW,BE,BE,actual_load,Actual Load,2026-07-21T00:11:54Z
2026-07-21T00:11:51Z,2026-07-21T02:11:51+0200,ca480415-0e53-4d99-b8f2-f778c2de0ac2,2026-06-26T21:00:00Z,2026-06-26T23:00:00+0200,9798.8,MW,BE,BE,actual_load,Actual Load,2026-07-21T00:11:54Z
2026-07-21T00:11:51Z,2026-07-21T02:11:51+0200,ca480415-0e53-4d99-b8f2-f778c2de0ac2,2026-06-26T21:15:00Z,2026-06-26T23:15:00+0200,9748.39,MW,BE,BE,actual_load,Actual Load,2026-07-21T00:11:54Z
2026-07-21T00:11:51Z,2026-07-21T02:11:51+0200,ca480415-0e53-4d99-b8f2-f778c2de0ac2,2026-06-26T21:30:00Z,2026-06-26T23:30:00+0200,9694.39,MW,BE,BE,actual_load,Actual Load,2026-07-21T00:11:54Z
2026-07-21T00:11:51Z,2026-07-21T02:11:51+0200,ca480415-0e53-4d99-b8f2-f778c2de0ac2,2026-06-26T21:45:00Z,2026-06-26T23:45:00+0200,9568.06,MW,BE,BE,actual_load,Actual Load,2026-07-21T00:11:54Z
2026-07-21T00:11:51Z,2026-07-21T02:11:51+0200,ca480415-0e53-4d99-b8f2-f778c2de0ac2,2026-06-26T22:00:00Z,2026-06-27T00:00:00+0200,9306.38,MW,BE,BE,actual_load,Actual Load,2026-07-21T00:11:54Z
2026-07-21T00:11:51Z,2026-07-21T02:11:51+0200,ca480415-0e53-4d99-b8f2-f778c2de0ac2,2026-06-26T22:15:00Z,2026-06-27T00:15:00+0200,9224.44,MW,BE,BE,actual_load,Actual Load,2026-07-21T00:11:54Z
2026-07-21T00:11:51Z,2026-07-21T02:11:51+0200,ca480415-0e53-4d99-b8f2-f778c2de0ac2,2026-06-26T22:30:00Z,2026-06-27T00:30:00+0200,9113.82,MW,BE,BE,actual_load,Actual Load,2026-07-21T00:11:54Z
2026-07-21T00:11:51Z,2026-07-21T02:11:51+0200,ca480415-0e53-4d99-b8f2-f778c2de0ac2,2026-06-26T22:45:00Z,2026-06-27T00:45:00+0200,8951.69,MW,BE,BE,actual_load,Actual Load,2026-07-21T00:11:54Z
2026-07-21T00:11:51Z,2026-07-21T02:11:51+0200,ca480415-0e53-4d99-b8f2-f778c2de0ac2,2026-06-26T23:00:00Z,2026-06-27T01:00:00+0200,8875.62,MW,BE,BE,actual_load,Actual Load,2026-07-21T00:11:54Z
2026-07-21T00:11:51Z,2026-07-21T02:11:51+0200,ca480415-0e53-4d99-b8f2-f778c2de0ac2,2026-06-26T23:15:00Z,2026-06-27T01:15:00+0200,8796.37,MW,BE,BE,actual_load,Actual Load,2026-07-21T00:11:54Z
2026-07-21T00:11:51Z,2026-07-21T02:11:51+0200,ca480415-0e53-4d99-b8f2-f778c2de0ac2,2026-06-26T23:30:00Z,2026-06-27T01:30:00+0200,8831.67,MW,BE,BE,actual_load,Actual Load,2026-07-21T00:11:54Z
2026-07-21T00:11:51Z,2026-07-21T02:11:51+0200,ca480415-0e53-4d99-b8f2-f778c2de0ac2,2026-06-26T23:45:00Z,2026-06-27T01:45:00+0200,8725.65,MW,BE,BE,actual_load,Actual Load,2026-07-21T00:11:54Z
2026-07-21T00:11:51Z,2026-07-21T02:11:51+0200,ca480415-0e53-4d99-b8f2-f778c2de0ac2,2026-06-27T00:00:00Z,2026-06-27T02:00:00+0200,8710.84,MW,BE,BE,actual_load,Actual Load,2026-07-21T00:11:54Z
2026-07-21T00:11:51Z,2026-07-21T02:11:51+0200,ca480415-0e53-4d99-b8f2-f778c2de0ac2,2026-06-27T00:15:00Z,2026-06-27T02:15:00+0200,8612.1,MW,BE,BE,actual_load,Actual Load,2026-07-21T00:11:54Z
2026-07-21T00:11:51Z,2026-07-21T02:11:51+0200,ca480415-0e53-4d99-b8f2-f778c2de0ac2,2026-06-27T00:30:00Z,2026-06-27T02:30:00+0200,8555.46,MW,BE,BE,actual_load,Actual Load,2026-07-21T00:11:54Z
2026-07-21T00:11:51Z,2026-07-21T02:11:51+0200,ca480415-0e53-4d99-b8f2-f778c2de0ac2,2026-06-27T00:45:00Z,2026-06-27T02:45:00+0200,8514.73,MW,BE,BE,actual_load,Actual Load,2026-07-21T00:11:54Z
2026-07-21T00:11:51Z,2026-07-21T02:11:51+0200,ca480415-0e53-4d99-b8f2-f778c2de0ac2,2026-06-27T01:00:00Z,2026-06-27T03:00:00+0200,8456.67,MW,BE,BE,actual_load,Actual Load,2026-07-21T00:11:54Z
2026-07-21T00:11:51Z,2026-07-21T02:11:51+0200,ca480415-0e53-4d99-b8f2-f778c2de0ac2,2026-06-27T01:15:00Z,2026-06-27T03:15:00+0200,8436.35,MW,BE,BE,actual_load,Actual Load,2026-07-21T00:11:54Z
2026-07-21T00:11:51Z,2026-07-21T02:11:51+0200,ca480415-0e53-4d99-b8f2-f778c2de0ac2,2026-06-27T01:30:00Z,2026-06-27T03:30:00+0200,8386.88,MW,BE,BE,actual_load,Actual Load,2026-07-21T00:11:54Z
2026-07-21T00:11:51Z,2026-07-21T02:11:51+0200,ca480415-0e53-4d99-b8f2-f778c2de0ac2,2026-06-27T01:45:00Z,2026-06-27T03:45:00+0200,8273.3,MW,BE,BE,actual_load,Actual Load,2026-07-21T00:11:54Z
2026-07-21T00:11:51Z,2026-07-21T02:11:51+0200,ca480415-0e53-4d99-b8f2-f778c2de0ac2,2026-06-27T02:00:00Z,2026-06-27T04:00:00+0200,8249.12,MW,BE,BE,actual_load,Actual Load,2026-07-21T00:11:54Z
2026-07-21T00:11:51Z,2026-07-21T02:11:51+0200,ca480415-0e53-4d99-b8f2-f778c2de0ac2,2026-06-27T02:15:00Z,2026-06-27T04:15:00+0200,8182.0,MW,BE,BE,actual_load,Actual Load,2026-07-21T00:11:54Z
2026-07-21T00:11:51Z,2026-07-21T02:11:51+0200,ca480415-0e53-4d99-b8f2-f778c2de0ac2,2026-06-27T02:30:00Z,2026-06-27T04:30:00+0200,8196.02,MW,BE,BE,actual_load,Actual Load,2026-07-21T00:11:54Z
2026-07-21T00:11:51Z,2026-07-21T02:11:51+0200,ca480415-0e53-4d99-b8f2-f778c2de0ac2,2026-06-27T02:45:00Z,2026-06-27T04:45:00+0200,8221.1,MW,BE,BE,actual_load,Actual Load,2026-07-21T00:11:54Z
2026-07-21T00:11:51Z,2026-07-21T02:11:51+0200,ca480415-0e53-4d99-b8f2-f778c2de0ac2,2026-06-27T03:00:00Z,2026-06-27T05:00:00+0200,8261.16,MW,BE,BE,actual_load,Actual Load,2026-07-21T00:11:54Z
2026-07-21T00:11:51Z,2026-07-21T02:11:51+0200,ca480415-0e53-4d99-b8f2-f778c2de0ac2,2026-06-27T03:15:00Z,2026-06-27T05:15:00+0200,8200.47,MW,BE,BE,actual_load,Actual Load,2026-07-21T00:11:54Z
2026-07-21T00:11:51Z,2026-07-21T02:11:51+0200,ca480415-0e53-4d99-b8f2-f778c2de0ac2,2026-06-27T03:30:00Z,2026-06-27T05:30:00+0200,8167.03,MW,BE,BE,actual_load,Actual Load,2026-07-21T00:11:54Z
2026-07-21T00:11:51Z,2026-07-21T02:11:51+0200,ca480415-0e53-4d99-b8f2-f778c2de0ac2,2026-06-27T03:45:00Z,2026-06-27T05:45:00+0200,8223.5,MW,BE,BE,actual_load,Actual Load,2026-07-21T00:11:54Z
2026-07-21T00:11:51Z,2026-07-21T02:11:51+0200,ca480415-0e53-4d99-b8f2-f778c2de0ac2,2026-06-27T04:00:00Z,2026-06-27T06:00:00+0200,8199.63,MW,BE,BE,actual_load,Actual Load,2026-07-21T00:11:54Z
2026-07-21T00:11:51Z,2026-07-21T02:11:51+0200,ca480415-0e53-4d99-b8f2-f778c2de0ac2,2026-06-27T04:15:00Z,2026-06-27T06:15:00+0200,8300.59,MW,BE,BE,actual_load,Actual Load,2026-07-21T00:11:54Z
2026-07-21T00:11:51Z,2026-07-21T02:11:51+0200,ca480415-0e53-4d99-b8f2-f778c2de0ac2,2026-06-27T04:30:00Z,2026-06-27T06:30:00+0200,8372.29,MW,BE,BE,actual_load,Actual Load,2026-07-21T00:11:54Z
2026-07-21T00:11:51Z,2026-07-21T02:11:51+0200,ca480415-0e53-4d99-b8f2-f778c2de0ac2,2026-06-27T04:45:00Z,2026-06-27T06:45:00+0200,8358.73,MW,BE,BE,actual_load,Actual Load,2026-07-21T00:11:54Z
2026-07-21T00:11:51Z,2026-07-21T02:11:51+0200,ca480415-0e53-4d99-b8f2-f778c2de0ac2,2026-06-27T05:00:00Z,2026-06-27T07:00:00+0200,8451.78,MW,BE,BE,actual_load,Actual Load,2026-07-21T00:11:54Z
2026-07-21T00:11:51Z,2026-07-21T02:11:51+0200,ca480415-0e53-4d99-b8f2-f778c2de0ac2,2026-06-27T05:15:00Z,2026-06-27T07:15:00+0200,8511.3,MW,BE,BE,actual_load,Actual Load,2026-07-21T00:11:54Z
2026-07-21T00:11:51Z,2026-07-21T02:11:51+0200,ca480415-0e53-4d99-b8f2-f778c2de0ac2,2026-06-27T05:30:00Z,2026-06-27T07:30:00+0200,8569.72,MW,BE,BE,actual_load,Actual Load,2026-07-21T00:11:54Z
2026-07-21T00:11:51Z,2026-07-21T02:11:51+0200,ca480415-0e53-4d99-b8f2-f778c2de0ac2,2026-06-27T05:45:00Z,2026-06-27T07:45:00+0200,8647.18,MW,BE,BE,actual_load,Actual Load,2026-07-21T00:11:54Z
2026-07-21T00:11:51Z,2026-07-21T02:11:51+0200,ca480415-0e53-4d99-b8f2-f778c2de0ac2,2026-06-27T06:00:00Z,2026-06-27T08:00:00+0200,8660.6,MW,BE,BE,actual_load,Actual Load,2026-07-21T00:11:54Z
2026-07-21T00:11:51Z,2026-07-21T02:11:51+0200,ca480415-0e53-4d99-b8f2-f778c2de0ac2,2026-06-27T06:15:00Z,2026-06-27T08:15:00+0200,8763.76,MW,BE,BE,actual_load,Actual Load,2026-07-21T00:11:54Z
2026-07-21T00:11:51Z,2026-07-21T02:11:51+0200,ca480415-0e53-4d99-b8f2-f778c2de0ac2,2026-06-27T06:30:00Z,2026-06-27T08:30:00+0200,8851.51,MW,BE,BE,actual_load,Actual Load,2026-07-21T00:11:54Z
2026-07-21T00:11:51Z,2026-07-21T02:11:51+0200,ca480415-0e53-4d99-b8f2-f778c2de0ac2,2026-06-27T06:45:00Z,2026-06-27T08:45:00+0200,8933.13,MW,BE,BE,actual_load,Actual Load,2026-07-21T00:11:54Z
2026-07-21T00:11:51Z,2026-07-21T02:11:51+0200,ca480415-0e53-4d99-b8f2-f778c2de0ac2,2026-06-27T07:00:00Z,2026-06-27T09:00:00+0200,9113.03,MW,BE,BE,actual_load,Actual Load,2026-07-21T00:11:54Z
2026-07-21T00:11:51Z,2026-07-21T02:11:51+0200,ca480415-0e53-4d99-b8f2-f778c2de0ac2,2026-06-27T07:15:00Z,2026-06-27T09:15:00+0200,9284.75,MW,BE,BE,actual_load,Actual Load,2026-07-21T00:11:54Z
2026-07-21T00:11:51Z,2026-07-21T02:11:51+0200,ca480415-0e53-4d99-b8f2-f778c2de0ac2,2026-06-27T07:30:00Z,2026-06-27T09:30:00+0200,9489.19,MW,BE,BE,actual_load,Actual Load,2026-07-21T00:11:54Z
2026-07-21T00:11:51Z,2026-07-21T02:11:51+0200,ca480415-0e53-4d99-b8f2-f778c2de0ac2,2026-06-27T07:45:00Z,2026-06-27T09:45:00+0200,9656.94,MW,BE,BE,actual_load,Actual Load,2026-07-21T00:11:54Z
2026-07-21T00:11:51Z,2026-07-21T02:11:51+0200,ca480415-0e53-4d99-b8f2-f778c2de0ac2,2026-06-27T08:00:00Z,2026-06-27T10:00:00+0200,9634.85,MW,BE,BE,actual_load,Actual Load,2026-07-21T00:11:54Z
2026-07-21T00:11:51Z,2026-07-21T02:11:51+0200,ca480415-0e53-4d99-b8f2-f778c2de0ac2,2026-06-27T08:15:00Z,2026-06-27T10:15:00+0200,9738.25,MW,BE,BE,actual_load,Actual Load,2026-07-21T00:11:54Z
2026-07-21T00:11:51Z,2026-07-21T02:11:51+0200,ca480415-0e53-4d99-b8f2-f778c2de0ac2,2026-06-27T08:30:00Z,2026-06-27T10:30:00+0200,9854.09,MW,BE,BE,actual_load,Actual Load,2026-07-21T00:11:54Z
2026-07-21T00:11:51Z,2026-07-21T02:11:51+0200,ca480415-0e53-4d99-b8f2-f778c2de0ac2,2026-06-27T08:45:00Z,2026-06-27T10:45:00+0200,9837.03,MW,BE,BE,actual_load,Actual Load,2026-07-21T00:11:54Z
2026-07-21T00:11:51Z,2026-07-21T02:11:51+0200,ca480415-0e53-4d99-b8f2-f778c2de0ac2,2026-06-27T09:00:00Z,2026-06-27T11:00:00+0200,9945.14,MW,BE,BE,actual_load,Actual Load,2026-07-21T00:11:54Z
2026-07-21T00:11:51Z,2026-07-21T02:11:51+0200,ca480415-0e53-4d99-b8f2-f778c2de0ac2,2026-06-27T09:15:00Z,2026-06-27T11:15:00+0200,10050.79,MW,BE,BE,actual_load,Actual Load,2026-07-21T00:11:54Z
2026-07-21T00:11:51Z,2026-07-21T02:11:51+0200,ca480415-0e53-4d99-b8f2-f778c2de0ac2,2026-06-27T09:30:00Z,2026-06-27T11:30:00+0200,9991.34,MW,BE,BE,actual_load,Actual Load,2026-07-21T00:11:54Z
2026-07-21T00:11:51Z,2026-07-21T02:11:51+0200,ca480415-0e53-4d99-b8f2-f778c2de0ac2,2026-06-27T09:45:00Z,2026-06-27T11:45:00+0200,10234.24,MW,BE,BE,actual_load,Actual Load,2026-07-21T00:11:54Z
2026-07-21T00:11:51Z,2026-07-21T02:11:51+0200,ca480415-0e53-4d99-b8f2-f778c2de0ac2,2026-06-27T10:00:00Z,2026-06-27T12:00:00+0200,10565.4,MW,BE,BE,actual_load,Actual Load,2026-07-21T00:11:54Z
2026-07-21T00:11:51Z,2026-07-21T02:11:51+0200,ca480415-0e53-4d99-b8f2-f778c2de0ac2,2026-06-27T10:15:00Z,2026-06-27T12:15:00+0200,10886.83,MW,BE,BE,actual_load,Actual Load,2026-07-21T00:11:54Z
2026-07-21T00:11:51Z,2026-07-21T02:11:51+0200,ca480415-0e53-4d99-b8f2-f778c2de0ac2,2026-06-27T10:30:00Z,2026-06-27T12:30:00+0200,11038.73,MW,BE,BE,actual_load,Actual Load,2026-07-21T00:11:54Z
2026-07-21T00:11:51Z,2026-07-21T02:11:51+0200,ca480415-0e53-4d99-b8f2-f778c2de0ac2,2026-06-27T10:45:00Z,2026-06-27T12:45:00+0200,11035.67,MW,BE,BE,actual_load,Actual Load,2026-07-21T00:11:54Z
2026-07-21T00:11:51Z,2026-07-21T02:11:51+0200,ca480415-0e53-4d99-b8f2-f778c2de0ac2,2026-06-27T11:00:00Z,2026-06-27T13:00:00+0200,11074.71,MW,BE,BE,actual_load,Actual Load,2026-07-21T00:11:54Z
2026-07-21T00:11:51Z,2026-07-21T02:11:51+0200,ca480415-0e53-4d99-b8f2-f778c2de0ac2,2026-06-27T11:15:00Z,2026-06-27T13:15:00+0200,10842.89,MW,BE,BE,actual_load,Actual Load,2026-07-21T00:11:54Z
2026-07-21T00:11:51Z,2026-07-21T02:11:51+0200,ca480415-0e53-4d99-b8f2-f778c2de0ac2,2026-06-27T11:30:00Z,2026-06-27T13:30:00+0200,10659.84,MW,BE,BE,actual_load,Actual Load,2026-07-21T00:11:54Z
2026-07-21T00:11:51Z,2026-07-21T02:11:51+0200,ca480415-0e53-4d99-b8f2-f778c2de0ac2,2026-06-27T11:45:00Z,2026-06-27T13:45:00+0200,10555.81,MW,BE,BE,actual_load,Actual Load,2026-07-21T00:11:54Z
2026-07-21T00:11:51Z,2026-07-21T02:11:51+0200,ca480415-0e53-4d99-b8f2-f778c2de0ac2,2026-06-27T12:00:00Z,2026-06-27T14:00:00+0200,10567.55,MW,BE,BE,actual_load,Actual Load,2026-07-21T00:11:54Z
2026-07-21T00:11:51Z,2026-07-21T02:11:51+0200,ca480415-0e53-4d99-b8f2-f778c2de0ac2,2026-06-27T12:15:00Z,2026-06-27T14:15:00+0200,10444.09,MW,BE,BE,actual_load,Actual Load,2026-07-21T00:11:54Z
2026-07-21T00:11:51Z,2026-07-21T02:11:51+0200,ca480415-0e53-4d99-b8f2-f778c2de0ac2,2026-06-27T12:30:00Z,2026-06-27T14:30:00+0200,10400.17,MW,BE,BE,actual_load,Actual Load,2026-07-21T00:11:54Z
2026-07-21T00:11:51Z,2026-07-21T02:11:51+0200,ca480415-0e53-4d99-b8f2-f778c2de0ac2,2026-06-27T12:45:00Z,2026-06-27T14:45:00+0200,10346.02,MW,BE,BE,actual_load,Actual Load,2026-07-21T00:11:54Z
2026-07-21T00:11:51Z,2026-07-21T02:11:51+0200,ca480415-0e53-4d99-b8f2-f778c2de0ac2,2026-06-27T13:00:00Z,2026-06-27T15:00:00+0200,10536.88,MW,BE,BE,actual_load,Actual Load,2026-07-21T00:11:54Z
2026-07-21T00:11:51Z,2026-07-21T02:11:51+0200,ca480415-0e53-4d99-b8f2-f778c2de0ac2,2026-06-27T13:15:00Z,2026-06-27T15:15:00+0200,10328.6,MW,BE,BE,actual_load,Actual Load,2026-07-21T00:11:54Z
2026-07-21T00:11:51Z,2026-07-21T02:11:51+0200,ca480415-0e53-4d99-b8f2-f778c2de0ac2,2026-06-27T13:30:00Z,2026-06-27T15:30:00+0200,10235.62,MW,BE,BE,actual_load,Actual Load,2026-07-21T00:11:54Z
2026-07-21T00:11:51Z,2026-07-21T02:11:51+0200,ca480415-0e53-4d99-b8f2-f778c2de0ac2,2026-06-27T13:45:00Z,2026-06-27T15:45:00+0200,10136.49,MW,BE,BE,actual_load,Actual Load,2026-07-21T00:11:54Z
2026-07-21T00:11:51Z,2026-07-21T02:11:51+0200,ca480415-0e53-4d99-b8f2-f778c2de0ac2,2026-06-27T14:00:00Z,2026-06-27T16:00:00+0200,10126.75,MW,BE,BE,actual_load,Actual Load,2026-07-21T00:11:54Z
2026-07-21T00:11:51Z,2026-07-21T02:11:51+0200,ca480415-0e53-4d99-b8f2-f778c2de0ac2,2026-06-27T14:15:00Z,2026-06-27T16:15:00+0200,9946.56,MW,BE,BE,actual_load,Actual Load,2026-07-21T00:11:54Z
2026-07-21T00:11:51Z,2026-07-21T02:11:51+0200,ca480415-0e53-4d99-b8f2-f778c2de0ac2,2026-06-27T14:30:00Z,2026-06-27T16:30:00+0200,9908.61,MW,BE,BE,actual_load,Actual Load,2026-07-21T00:11:54Z
2026-07-21T00:11:51Z,2026-07-21T02:11:51+0200,ca480415-0e53-4d99-b8f2-f778c2de0ac2,2026-06-27T14:45:00Z,2026-06-27T16:45:00+0200,9875.19,MW,BE,BE,actual_load,Actual Load,2026-07-21T00:11:54Z
2026-07-21T00:11:51Z,2026-07-21T02:11:51+0200,ca480415-0e53-4d99-b8f2-f778c2de0ac2,2026-06-27T15:00:00Z,2026-06-27T17:00:00+0200,9792.28,MW,BE,BE,actual_load,Actual Load,2026-07-21T00:11:54Z
2026-07-21T00:11:51Z,2026-07-21T02:11:51+0200,ca480415-0e53-4d99-b8f2-f778c2de0ac2,2026-06-27T15:15:00Z,2026-06-27T17:15:00+0200,9750.81,MW,BE,BE,actual_load,Actual Load,2026-07-21T00:11:54Z
2026-07-21T00:11:51Z,2026-07-21T02:11:51+0200,ca480415-0e53-4d99-b8f2-f778c2de0ac2,2026-06-27T15:30:00Z,2026-06-27T17:30:00+0200,9778.92,MW,BE,BE,actual_load,Actual Load,2026-07-21T00:11:54Z
2026-07-21T00:11:51Z,2026-07-21T02:11:51+0200,ca480415-0e53-4d99-b8f2-f778c2de0ac2,2026-06-27T15:45:00Z,2026-06-27T17:45:00+0200,9743.96,MW,BE,BE,actual_load,Actual Load,2026-07-21T00:11:54Z
2026-07-21T00:11:51Z,2026-07-21T02:11:51+0200,ca480415-0e53-4d99-b8f2-f778c2de0ac2,2026-06-27T16:00:00Z,2026-06-27T18:00:00+0200,9788.97,MW,BE,BE,actual_load,Actual Load,2026-07-21T00:11:54Z
2026-07-21T00:11:51Z,2026-07-21T02:11:51+0200,ca480415-0e53-4d99-b8f2-f778c2de0ac2,2026-06-27T16:15:00Z,2026-06-27T18:15:00+0200,9756.56,MW,BE,BE,actual_load,Actual Load,2026-07-21T00:11:54Z
2026-07-21T00:11:51Z,2026-07-21T02:11:51+0200,ca480415-0e53-4d99-b8f2-f778c2de0ac2,2026-06-27T16:30:00Z,2026-06-27T18:30:00+0200,9704.88,MW,BE,BE,actual_load,Actual Load,2026-07-21T00:11:54Z
2026-07-21T00:11:51Z,2026-07-21T02:11:51+0200,ca480415-0e53-4d99-b8f2-f778c2de0ac2,2026-06-27T16:45:00Z,2026-06-27T18:45:00+0200,9638.08,MW,BE,BE,actual_load,Actual Load,2026-07-21T00:11:54Z
2026-07-21T00:11:51Z,2026-07-21T02:11:51+0200,ca480415-0e53-4d99-b8f2-f778c2de0ac2,2026-06-27T17:00:00Z,2026-06-27T19:00:00+0200,9647.81,MW,BE,BE,actual_load,Actual Load,2026-07-21T00:11:54Z
2026-07-21T00:11:51Z,2026-07-21T02:11:51+0200,ca480415-0e53-4d99-b8f2-f778c2de0ac2,2026-06-27T17:15:00Z,2026-06-27T19:15:00+0200,9597.31,MW,BE,BE,actual_load,Actual Load,2026-07-21T00:11:54Z
2026-07-21T00:11:51Z,2026-07-21T02:11:51+0200,ca480415-0e53-4d99-b8f2-f778c2de0ac2,2026-06-27T17:30:00Z,2026-06-27T19:30:00+0200,9642.12,MW,BE,BE,actual_load,Actual Load,2026-07-21T00:11:54Z
2026-07-21T00:11:51Z,2026-07-21T02:11:51+0200,ca480415-0e53-4d99-b8f2-f778c2de0ac2,2026-06-27T17:45:00Z,2026-06-27T19:45:00+0200,9554.9,MW,BE,BE,actual_load,Actual Load,2026-07-21T00:11:54Z
2026-07-21T00:11:51Z,2026-07-21T02:11:51+0200,ca480415-0e53-4d99-b8f2-f778c2de0ac2,2026-06-27T18:00:00Z,2026-06-27T20:00:00+0200,9593.52,MW,BE,BE,actual_load,Actual Load,2026-07-21T00:11:54Z
2026-07-21T00:11:51Z,2026-07-21T02:11:51+0200,ca480415-0e53-4d99-b8f2-f778c2de0ac2,2026-06-27T18:15:00Z,2026-06-27T20:15:00+0200,9549.44,MW,BE,BE,actual_load,Actual Load,2026-07-21T00:11:54Z
2026-07-21T00:11:51Z,2026-07-21T02:11:51+0200,ca480415-0e53-4d99-b8f2-f778c2de0ac2,2026-06-27T18:30:00Z,2026-06-27T20:30:00+0200,9469.21,MW,BE,BE,actual_load,Actual Load,2026-07-21T00:11:54Z
2026-07-21T00:11:51Z,2026-07-21T02:11:51+0200,ca480415-0e53-4d99-b8f2-f778c2de0ac2,2026-06-27T18:45:00Z,2026-06-27T20:45:00+0200,9390.72,MW,BE,BE,actual_load,Actual Load,2026-07-21T00:11:54Z
2026-07-21T00:11:51Z,2026-07-21T02:11:51+0200,ca480415-0e53-4d99-b8f2-f778c2de0ac2,2026-06-27T19:00:00Z,2026-06-27T21:00:00+0200,9595.28,MW,BE,BE,actual_load,Actual Load,2026-07-21T00:11:54Z
2026-07-21T00:11:51Z,2026-07-21T02:11:51+0200,ca480415-0e53-4d99-b8f2-f778c2de0ac2,2026-06-27T19:15:00Z,2026-06-27T21:15:00+0200,9566.27,MW,BE,BE,actual_load,Actual Load,2026-07-21T00:11:54Z
2026-07-21T00:11:51Z,2026-07-21T02:11:51+0200,ca480415-0e53-4d99-b8f2-f778c2de0ac2,2026-06-27T19:30:00Z,2026-06-27T21:30:00+0200,9536.7,MW,BE,BE,actual_load,Actual Load,2026-07-21T00:11:54Z
2026-07-21T00:11:51Z,2026-07-21T02:11:51+0200,ca480415-0e53-4d99-b8f2-f778c2de0ac2,2026-06-27T19:45:00Z,2026-06-27T21:45:00+0200,9453.24,MW,BE,BE,actual_load,Actual Load,2026-07-21T00:11:54Z
2026-07-21T00:11:51Z,2026-07-21T02:11:51+0200,ca480415-0e53-4d99-b8f2-f778c2de0ac2,2026-06-27T20:00:00Z,2026-06-27T22:00:00+0200,9412.35,MW,BE,BE,actual_load,Actual Load,2026-07-21T00:11:54Z
2026-07-21T00:11:51Z,2026-07-21T02:11:51+0200,ca480415-0e53-4d99-b8f2-f778c2de0ac2,2026-06-27T20:15:00Z,2026-06-27T22:15:00+0200,9492.39,MW,BE,BE,actual_load,Actual Load,2026-07-21T00:11:54Z
2026-07-21T00:11:51Z,2026-07-21T02:11:51+0200,ca480415-0e53-4d99-b8f2-f778c2de0ac2,2026-06-27T20:30:00Z,2026-06-27T22:30:00+0200,9386.26,MW,BE,BE,actual_load,Actual Load,2026-07-21T00:11:54Z
2026-07-21T00:11:51Z,2026-07-21T02:11:51+0200,ca480415-0e53-4d99-b8f2-f778c2de0ac2,2026-06-27T20:45:00Z,2026-06-27T22:45:00+0200,9398.73,MW,BE,BE,actual_load,Actual Load,2026-07-21T00:11:54Z
2026-07-21T00:11:51Z,2026-07-21T02:11:51+0200,ca480415-0e53-4d99-b8f2-f778c2de0ac2,2026-06-27T21:00:00Z,2026-06-27T23:00:00+0200,9123.13,MW,BE,BE,actual_load,Actual Load,2026-07-21T00:11:54Z
2026-07-21T00:11:51Z,2026-07-21T02:11:51+0200,ca480415-0e53-4d99-b8f2-f778c2de0ac2,2026-06-27T21:15:00Z,2026-06-27T23:15:00+0200,9072.71,MW,BE,BE,actual_load,Actual Load,2026-07-21T00:11:54Z
2026-07-21T00:11:51Z,2026-07-21T02:11:51+0200,ca480415-0e53-4d99-b8f2-f778c2de0ac2,2026-06-27T21:30:00Z,2026-06-27T23:30:00+0200,8915.94,MW,BE,BE,actual_load,Actual Load,2026-07-21T00:11:54Z
2026-07-21T00:11:51Z,2026-07-21T02:11:51+0200,ca480415-0e53-4d99-b8f2-f778c2de0ac2,2026-06-27T21:45:00Z,2026-06-27T23:45:00+0200,8618.02,MW,BE,BE,actual_load,Actual Load,2026-07-21T00:11:54Z
2026-07-21T00:11:51Z,2026-07-21T02:11:51+0200,ca480415-0e53-4d99-b8f2-f778c2de0ac2,2026-06-27T22:00:00Z,2026-06-28T00:00:00+0200,8359.26,MW,BE,BE,actual_load,Actual Load,2026-07-21T00:11:54Z
2026-07-21T00:11:51Z,2026-07-21T02:11:51+0200,ca480415-0e53-4d99-b8f2-f778c2de0ac2,2026-06-27T22:15:00Z,2026-06-28T00:15:00+0200,8309.03,MW,BE,BE,actual_load,Actual Load,2026-07-21T00:11:54Z
2026-07-21T00:11:51Z,2026-07-21T02:11:51+0200,ca480415-0e53-4d99-b8f2-f778c2de0ac2,2026-06-27T22:30:00Z,2026-06-28T00:30:00+0200,8056.77,MW,BE,BE,actual_load,Actual Load,2026-07-21T00:11:54Z
2026-07-21T00:11:51Z,2026-07-21T02:11:51+0200,ca480415-0e53-4d99-b8f2-f778c2de0ac2,2026-06-27T22:45:00Z,2026-06-28T00:45:00+0200,7980.75,MW,BE,BE,actual_load,Actual Load,2026-07-21T00:11:54Z
2026-07-21T00:11:51Z,2026-07-21T02:11:51+0200,ca480415-0e53-4d99-b8f2-f778c2de0ac2,2026-06-27T23:00:00Z,2026-06-28T01:00:00+0200,8002.86,MW,BE,BE,actual_load,Actual Load,2026-07-21T00:11:54Z
2026-07-21T00:11:51Z,2026-07-21T02:11:51+0200,ca480415-0e53-4d99-b8f2-f778c2de0ac2,2026-06-27T23:15:00Z,2026-06-28T01:15:00+0200,8176.58,MW,BE,BE,actual_load,Actual Load,2026-07-21T00:11:54Z
2026-07-21T00:11:51Z,2026-07-21T02:11:51+0200,ca480415-0e53-4d99-b8f2-f778c2de0ac2,2026-06-27T23:30:00Z,2026-06-28T01:30:00+0200,8210.41,MW,BE,BE,actual_load,Actual Load,2026-07-21T00:11:54Z
2026-07-21T00:11:51Z,2026-07-21T02:11:51+0200,ca480415-0e53-4d99-b8f2-f778c2de0ac2,2026-06-27T23:45:00Z,2026-06-28T01:45:00+0200,8119.56,MW,BE,BE,actual_load,Actual Load,2026-07-21T00:11:54Z
2026-07-21T00:11:51Z,2026-07-21T02:11:51+0200,ca480415-0e53-4d99-b8f2-f778c2de0ac2,2026-06-28T00:00:00Z,2026-06-28T02:00:00+0200,8012.05,MW,BE,BE,actual_load,Actual Load,2026-07-21T00:11:54Z
2026-07-21T00:11:51Z,2026-07-21T02:11:51+0200,ca480415-0e53-4d99-b8f2-f778c2de0ac2,2026-06-28T00:15:00Z,2026-06-28T02:15:00+0200,7870.15,MW,BE,BE,actual_load,Actual Load,2026-07-21T00:11:54Z
2026-07-21T00:11:51Z,2026-07-21T02:11:51+0200,ca480415-0e53-4d99-b8f2-f778c2de0ac2,2026-06-28T00:30:00Z,2026-06-28T02:30:00+0200,7806.15,MW,BE,BE,actual_load,Actual Load,2026-07-21T00:11:54Z
2026-07-21T00:11:51Z,2026-07-21T02:11:51+0200,ca480415-0e53-4d99-b8f2-f778c2de0ac2,2026-06-28T00:45:00Z,2026-06-28T02:45:00+0200,7772.61,MW,BE,BE,actual_load,Actual Load,2026-07-21T00:11:54Z
2026-07-21T00:11:51Z,2026-07-21T02:11:51+0200,ca480415-0e53-4d99-b8f2-f778c2de0ac2,2026-06-28T01:00:00Z,2026-06-28T03:00:00+0200,7725.28,MW,BE,BE,actual_load,Actual Load,2026-07-21T00:11:54Z
2026-07-21T00:11:51Z,2026-07-21T02:11:51+0200,ca480415-0e53-4d99-b8f2-f778c2de0ac2,2026-06-28T01:15:00Z,2026-06-28T03:15:00+0200,7619.08,MW,BE,BE,actual_load,Actual Load,2026-07-21T00:11:54Z
2026-07-21T00:11:51Z,2026-07-21T02:11:51+0200,ca480415-0e53-4d99-b8f2-f778c2de0ac2,2026-06-28T01:30:00Z,2026-06-28T03:30:00+0200,7568.11,MW,BE,BE,actual_load,Actual Load,2026-07-21T00:11:54Z
2026-07-21T00:11:51Z,2026-07-21T02:11:51+0200,ca480415-0e53-4d99-b8f2-f778c2de0ac2,2026-06-28T01:45:00Z,2026-06-28T03:45:00+0200,7581.97,MW,BE,BE,actual_load,Actual Load,2026-07-21T00:11:54Z
2026-07-21T00:11:51Z,2026-07-21T02:11:51+0200,ca480415-0e53-4d99-b8f2-f778c2de0ac2,2026-06-28T02:00:00Z,2026-06-28T04:00:00+0200,7533.52,MW,BE,BE,actual_load,Actual Load,2026-07-21T00:11:54Z
2026-07-21T00:11:51Z,2026-07-21T02:11:51+0200,ca480415-0e53-4d99-b8f2-f778c2de0ac2,2026-06-28T02:15:00Z,2026-06-28T04:15:00+0200,7499.94,MW,BE,BE,actual_load,Actual Load,2026-07-21T00:11:54Z
2026-07-21T00:11:51Z,2026-07-21T02:11:51+0200,ca480415-0e53-4d99-b8f2-f778c2de0ac2,2026-06-28T02:30:00Z,2026-06-28T04:30:00+0200,7450.64,MW,BE,BE,actual_load,Actual Load,2026-07-21T00:11:54Z
2026-07-21T00:11:51Z,2026-07-21T02:11:51+0200,ca480415-0e53-4d99-b8f2-f778c2de0ac2,2026-06-28T02:45:00Z,2026-06-28T04:45:00+0200,7411.19,MW,BE,BE,actual_load,Actual Load,2026-07-21T00:11:54Z
2026-07-21T00:11:51Z,2026-07-21T02:11:51+0200,ca480415-0e53-4d99-b8f2-f778c2de0ac2,2026-06-28T03:00:00Z,2026-06-28T05:00:00+0200,7405.4,MW,BE,BE,actual_load,Actual Load,2026-07-21T00:11:54Z
2026-07-21T00:11:51Z,2026-07-21T02:11:51+0200,ca480415-0e53-4d99-b8f2-f778c2de0ac2,2026-06-28T03:15:00Z,2026-06-28T05:15:00+0200,7328.81,MW,BE,BE,actual_load,Actual Load,2026-07-21T00:11:54Z
2026-07-21T00:11:51Z,2026-07-21T02:11:51+0200,ca480415-0e53-4d99-b8f2-f778c2de0ac2,2026-06-28T03:30:00Z,2026-06-28T05:30:00+0200,7255.89,MW,BE,BE,actual_load,Actual Load,2026-07-21T00:11:54Z
2026-07-21T00:11:51Z,2026-07-21T02:11:51+0200,ca480415-0e53-4d99-b8f2-f778c2de0ac2,2026-06-28T03:45:00Z,2026-06-28T05:45:00+0200,7213.88,MW,BE,BE,actual_load,Actual Load,2026-07-21T00:11:54Z
2026-07-21T00:11:51Z,2026-07-21T02:11:51+0200,ca480415-0e53-4d99-b8f2-f778c2de0ac2,2026-06-28T04:00:00Z,2026-06-28T06:00:00+0200,7311.96,MW,BE,BE,actual_load,Actual Load,2026-07-21T00:11:54Z
2026-07-21T00:11:51Z,2026-07-21T02:11:51+0200,ca480415-0e53-4d99-b8f2-f778c2de0ac2,2026-06-28T04:15:00Z,2026-06-28T06:15:00+0200,7332.52,MW,BE,BE,actual_load,Actual Load,2026-07-21T00:11:54Z
2026-07-21T00:11:51Z,2026-07-21T02:11:51+0200,ca480415-0e53-4d99-b8f2-f778c2de0ac2,2026-06-28T04:30:00Z,2026-06-28T06:30:00+0200,7417.21,MW,BE,BE,actual_load,Actual Load,2026-07-21T00:11:54Z
2026-07-21T00:11:51Z,2026-07-21T02:11:51+0200,ca480415-0e53-4d99-b8f2-f778c2de0ac2,2026-06-28T04:45:00Z,2026-06-28T06:45:00+0200,7455.79,MW,BE,BE,actual_load,Actual Load,2026-07-21T00:11:54Z
2026-07-21T00:11:51Z,2026-07-21T02:11:51+0200,ca480415-0e53-4d99-b8f2-f778c2de0ac2,2026-06-28T05:00:00Z,2026-06-28T07:00:00+0200,7566.65,MW,BE,BE,actual_load,Actual Load,2026-07-21T00:11:54Z
2026-07-21T00:11:51Z,2026-07-21T02:11:51+0200,ca480415-0e53-4d99-b8f2-f778c2de0ac2,2026-06-28T05:15:00Z,2026-06-28T07:15:00+0200,7622.09,MW,BE,BE,actual_load,Actual Load,2026-07-21T00:11:54Z
2026-07-21T00:11:51Z,2026-07-21T02:11:51+0200,ca480415-0e53-4d99-b8f2-f778c2de0ac2,2026-06-28T05:30:00Z,2026-06-28T07:30:00+0200,7654.69,MW,BE,BE,actual_load,Actual Load,2026-07-21T00:11:54Z
2026-07-21T00:11:51Z,2026-07-21T02:11:51+0200,ca480415-0e53-4d99-b8f2-f778c2de0ac2,2026-06-28T05:45:00Z,2026-06-28T07:45:00+0200,7711.39,MW,BE,BE,actual_load,Actual Load,2026-07-21T00:11:54Z
2026-07-21T00:11:51Z,2026-07-21T02:11:51+0200,ca480415-0e53-4d99-b8f2-f778c2de0ac2,2026-06-28T06:00:00Z,2026-06-28T08:00:00+0200,7726.64,MW,BE,BE,actual_load,Actual Load,2026-07-21T00:11:54Z
2026-07-21T00:11:51Z,2026-07-21T02:11:51+0200,ca480415-0e53-4d99-b8f2-f778c2de0ac2,2026-06-28T06:15:00Z,2026-06-28T08:15:00+0200,7826.46,MW,BE,BE,actual_load,Actual Load,2026-07-21T00:11:54Z
2026-07-21T00:11:51Z,2026-07-21T02:11:51+0200,ca480415-0e53-4d99-b8f2-f778c2de0ac2,2026-06-28T06:30:00Z,2026-06-28T08:30:00+0200,7921.06,MW,BE,BE,actual_load,Actual Load,2026-07-21T00:11:54Z
2026-07-21T00:11:51Z,2026-07-21T02:11:51+0200,ca480415-0e53-4d99-b8f2-f778c2de0ac2,2026-06-28T06:45:00Z,2026-06-28T08:45:00+0200,8130.21,MW,BE,BE,actual_load,Actual Load,2026-07-21T00:11:54Z
2026-07-21T00:11:51Z,2026-07-21T02:11:51+0200,ca480415-0e53-4d99-b8f2-f778c2de0ac2,2026-06-28T07:00:00Z,2026-06-28T09:00:00+0200,8244.32,MW,BE,BE,actual_load,Actual Load,2026-07-21T00:11:54Z
2026-07-21T00:11:51Z,2026-07-21T02:11:51+0200,ca480415-0e53-4d99-b8f2-f778c2de0ac2,2026-06-28T07:15:00Z,2026-06-28T09:15:00+0200,8511.91,MW,BE,BE,actual_load,Actual Load,2026-07-21T00:11:54Z
2026-07-21T00:11:51Z,2026-07-21T02:11:51+0200,ca480415-0e53-4d99-b8f2-f778c2de0ac2,2026-06-28T07:30:00Z,2026-06-28T09:30:00+0200,8853.52,MW,BE,BE,actual_load,Actual Load,2026-07-21T00:11:54Z
2026-07-21T00:11:51Z,2026-07-21T02:11:51+0200,ca480415-0e53-4d99-b8f2-f778c2de0ac2,2026-06-28T07:45:00Z,2026-06-28T09:45:00+0200,8898.51,MW,BE,BE,actual_load,Actual Load,2026-07-21T00:11:54Z
2026-07-21T00:11:51Z,2026-07-21T02:11:51+0200,ca480415-0e53-4d99-b8f2-f778c2de0ac2,2026-06-28T08:00:00Z,2026-06-28T10:00:00+0200,8864.37,MW,BE,BE,actual_load,Actual Load,2026-07-21T00:11:54Z
2026-07-21T00:11:51Z,2026-07-21T02:11:51+0200,ca480415-0e53-4d99-b8f2-f778c2de0ac2,2026-06-28T08:15:00Z,2026-06-28T10:15:00+0200,9143.98,MW,BE,BE,actual_load,Actual Load,2026-07-21T00:11:54Z
2026-07-21T00:11:51Z,2026-07-21T02:11:51+0200,ca480415-0e53-4d99-b8f2-f778c2de0ac2,2026-06-28T08:30:00Z,2026-06-28T10:30:00+0200,9396.0,MW,BE,BE,actual_load,Actual Load,2026-07-21T00:11:54Z
2026-07-21T00:11:51Z,2026-07-21T02:11:51+0200,ca480415-0e53-4d99-b8f2-f778c2de0ac2,2026-06-28T08:45:00Z,2026-06-28T10:45:00+0200,9610.42,MW,BE,BE,actual_load,Actual Load,2026-07-21T00:11:54Z
2026-07-21T00:11:51Z,2026-07-21T02:11:51+0200,ca480415-0e53-4d99-b8f2-f778c2de0ac2,2026-06-28T09:00:00Z,2026-06-28T11:00:00+0200,9754.3,MW,BE,BE,actual_load,Actual Load,2026-07-21T00:11:54Z
2026-07-21T00:11:51Z,2026-07-21T02:11:51+0200,ca480415-0e53-4d99-b8f2-f778c2de0ac2,2026-06-28T09:15:00Z,2026-06-28T11:15:00+0200,9836.74,MW,BE,BE,actual_load,Actual Load,2026-07-21T00:11:54Z
2026-07-21T00:11:51Z,2026-07-21T02:11:51+0200,ca480415-0e53-4d99-b8f2-f778c2de0ac2,2026-06-28T09:30:00Z,2026-06-28T11:30:00+0200,9919.47,MW,BE,BE,actual_load,Actual Load,2026-07-21T00:11:54Z
2026-07-21T00:11:51Z,2026-07-21T02:11:51+0200,ca480415-0e53-4d99-b8f2-f778c2de0ac2,2026-06-28T09:45:00Z,2026-06-28T11:45:00+0200,10090.86,MW,BE,BE,actual_load,Actual Load,2026-07-21T00:11:54Z
2026-07-21T00:11:51Z,2026-07-21T02:11:51+0200,ca480415-0e53-4d99-b8f2-f778c2de0ac2,2026-06-28T10:00:00Z,2026-06-28T12:00:00+0200,10122.62,MW,BE,BE,actual_load,Actual Load,2026-07-21T00:11:54Z
2026-07-21T00:11:51Z,2026-07-21T02:11:51+0200,ca480415-0e53-4d99-b8f2-f778c2de0ac2,2026-06-28T10:15:00Z,2026-06-28T12:15:00+0200,10031.73,MW,BE,BE,actual_load,Actual Load,2026-07-21T00:11:54Z
2026-07-21T00:11:51Z,2026-07-21T02:11:51+0200,ca480415-0e53-4d99-b8f2-f778c2de0ac2,2026-06-28T10:30:00Z,2026-06-28T12:30:00+0200,9960.46,MW,BE,BE,actual_load,Actual Load,2026-07-21T00:11:54Z
2026-07-21T00:11:51Z,2026-07-21T02:11:51+0200,ca480415-0e53-4d99-b8f2-f778c2de0ac2,2026-06-28T10:45:00Z,2026-06-28T12:45:00+0200,10073.28,MW,BE,BE,actual_load,Actual Load,2026-07-21T00:11:54Z
2026-07-21T00:11:51Z,2026-07-21T02:11:51+0200,ca480415-0e53-4d99-b8f2-f778c2de0ac2,2026-06-28T11:00:00Z,2026-06-28T13:00:00+0200,10137.81,MW,BE,BE,actual_load,Actual Load,2026-07-21T00:11:54Z
2026-07-21T00:11:51Z,2026-07-21T02:11:51+0200,ca480415-0e53-4d99-b8f2-f778c2de0ac2,2026-06-28T11:15:00Z,2026-06-28T13:15:00+0200,10099.87,MW,BE,BE,actual_load,Actual Load,2026-07-21T00:11:54Z
2026-07-21T00:11:51Z,2026-07-21T02:11:51+0200,ca480415-0e53-4d99-b8f2-f778c2de0ac2,2026-06-28T11:30:00Z,2026-06-28T13:30:00+0200,10063.54,MW,BE,BE,actual_load,Actual Load,2026-07-21T00:11:54Z
2026-07-21T00:11:51Z,2026-07-21T02:11:51+0200,ca480415-0e53-4d99-b8f2-f778c2de0ac2,2026-06-28T11:45:00Z,2026-06-28T13:45:00+0200,9931.53,MW,BE,BE,actual_load,Actual Load,2026-07-21T00:11:54Z
2026-07-21T00:11:51Z,2026-07-21T02:11:51+0200,ca480415-0e53-4d99-b8f2-f778c2de0ac2,2026-06-28T12:00:00Z,2026-06-28T14:00:00+0200,9851.93,MW,BE,BE,actual_load,Actual Load,2026-07-21T00:11:54Z
2026-07-21T00:11:51Z,2026-07-21T02:11:51+0200,ca480415-0e53-4d99-b8f2-f778c2de0ac2,2026-06-28T12:15:00Z,2026-06-28T14:15:00+0200,9760.95,MW,BE,BE,actual_load,Actual Load,2026-07-21T00:11:54Z
2026-07-21T00:11:51Z,2026-07-21T02:11:51+0200,ca480415-0e53-4d99-b8f2-f778c2de0ac2,2026-06-28T12:30:00Z,2026-06-28T14:30:00+0200,9572.06,MW,BE,BE,actual_load,Actual Load,2026-07-21T00:11:54Z
2026-07-21T00:11:51Z,2026-07-21T02:11:51+0200,ca480415-0e53-4d99-b8f2-f778c2de0ac2,2026-06-28T12:45:00Z,2026-06-28T14:45:00+0200,9606.97,MW,BE,BE,actual_load,Actual Load,2026-07-21T00:11:54Z
2026-07-21T00:11:51Z,2026-07-21T02:11:51+0200,ca480415-0e53-4d99-b8f2-f778c2de0ac2,2026-06-28T13:00:00Z,2026-06-28T15:00:00+0200,9464.8,MW,BE,BE,actual_load,Actual Load,2026-07-21T00:11:54Z
2026-07-21T00:11:51Z,2026-07-21T02:11:51+0200,ca480415-0e53-4d99-b8f2-f778c2de0ac2,2026-06-28T13:15:00Z,2026-06-28T15:15:00+0200,9179.0,MW,BE,BE,actual_load,Actual Load,2026-07-21T00:11:54Z
2026-07-21T00:11:51Z,2026-07-21T02:11:51+0200,ca480415-0e53-4d99-b8f2-f778c2de0ac2,2026-06-28T13:30:00Z,2026-06-28T15:30:00+0200,8997.14,MW,BE,BE,actual_load,Actual Load,2026-07-21T00:11:54Z
2026-07-21T00:11:51Z,2026-07-21T02:11:51+0200,ca480415-0e53-4d99-b8f2-f778c2de0ac2,2026-06-28T13:45:00Z,2026-06-28T15:45:00+0200,8934.18,MW,BE,BE,actual_load,Actual Load,2026-07-21T00:11:54Z
2026-07-21T00:11:51Z,2026-07-21T02:11:51+0200,ca480415-0e53-4d99-b8f2-f778c2de0ac2,2026-06-28T14:00:00Z,2026-06-28T16:00:00+0200,9024.61,MW,BE,BE,actual_load,Actual Load,2026-07-21T00:11:54Z
2026-07-21T00:11:51Z,2026-07-21T02:11:51+0200,ca480415-0e53-4d99-b8f2-f778c2de0ac2,2026-06-28T14:15:00Z,2026-06-28T16:15:00+0200,9061.83,MW,BE,BE,actual_load,Actual Load,2026-07-21T00:11:54Z
2026-07-21T00:11:51Z,2026-07-21T02:11:51+0200,ca480415-0e53-4d99-b8f2-f778c2de0ac2,2026-06-28T14:30:00Z,2026-06-28T16:30:00+0200,9117.12,MW,BE,BE,actual_load,Actual Load,2026-07-21T00:11:54Z
2026-07-21T00:11:51Z,2026-07-21T02:11:51+0200,ca480415-0e53-4d99-b8f2-f778c2de0ac2,2026-06-28T14:45:00Z,2026-06-28T16:45:00+0200,9159.85,MW,BE,BE,actual_load,Actual Load,2026-07-21T00:11:54Z
2026-07-21T00:11:51Z,2026-07-21T02:11:51+0200,ca480415-0e53-4d99-b8f2-f778c2de0ac2,2026-06-28T15:00:00Z,2026-06-28T17:00:00+0200,9326.38,MW,BE,BE,actual_load,Actual Load,2026-07-21T00:11:54Z
2026-07-21T00:11:51Z,2026-07-21T02:11:51+0200,ca480415-0e53-4d99-b8f2-f778c2de0ac2,2026-06-28T15:15:00Z,2026-06-28T17:15:00+0200,9037.59,MW,BE,BE,actual_load,Actual Load,2026-07-21T00:11:54Z
2026-07-21T00:11:51Z,2026-07-21T02:11:51+0200,ca480415-0e53-4d99-b8f2-f778c2de0ac2,2026-06-28T15:30:00Z,2026-06-28T17:30:00+0200,9115.14,MW,BE,BE,actual_load,Actual Load,2026-07-21T00:11:54Z
2026-07-21T00:11:51Z,2026-07-21T02:11:51+0200,ca480415-0e53-4d99-b8f2-f778c2de0ac2,2026-06-28T15:45:00Z,2026-06-28T17:45:00+0200,9132.93,MW,BE,BE,actual_load,Actual Load,2026-07-21T00:11:54Z
2026-07-21T00:11:51Z,2026-07-21T02:11:51+0200,ca480415-0e53-4d99-b8f2-f778c2de0ac2,2026-06-28T16:00:00Z,2026-06-28T18:00:00+0200,8978.27,MW,BE,BE,actual_load,Actual Load,2026-07-21T00:11:54Z
2026-07-21T00:11:51Z,2026-07-21T02:11:51+0200,ca480415-0e53-4d99-b8f2-f778c2de0ac2,2026-06-28T16:15:00Z,2026-06-28T18:15:00+0200,9009.57,MW,BE,BE,actual_load,Actual Load,2026-07-21T00:11:54Z
2026-07-21T00:11:51Z,2026-07-21T02:11:51+0200,ca480415-0e53-4d99-b8f2-f778c2de0ac2,2026-06-28T16:30:00Z,2026-06-28T18:30:00+0200,9091.4,MW,BE,BE,actual_load,Actual Load,2026-07-21T00:11:54Z
2026-07-21T00:11:51Z,2026-07-21T02:11:51+0200,ca480415-0e53-4d99-b8f2-f778c2de0ac2,2026-06-28T16:45:00Z,2026-06-28T18:45:00+0200,9088.05,MW,BE,BE,actual_load,Actual Load,2026-07-21T00:11:54Z
2026-07-21T00:11:51Z,2026-07-21T02:11:51+0200,ca480415-0e53-4d99-b8f2-f778c2de0ac2,2026-06-28T17:00:00Z,2026-06-28T19:00:00+0200,9182.81,MW,BE,BE,actual_load,Actual Load,2026-07-21T00:11:54Z
2026-07-21T00:11:51Z,2026-07-21T02:11:51+0200,ca480415-0e53-4d99-b8f2-f778c2de0ac2,2026-06-28T17:15:00Z,2026-06-28T19:15:00+0200,9181.01,MW,BE,BE,actual_load,Actual Load,2026-07-21T00:11:54Z
2026-07-21T00:11:51Z,2026-07-21T02:11:51+0200,ca480415-0e53-4d99-b8f2-f778c2de0ac2,2026-06-28T17:30:00Z,2026-06-28T19:30:00+0200,9276.22,MW,BE,BE,actual_load,Actual Load,2026-07-21T00:11:54Z
2026-07-21T00:11:51Z,2026-07-21T02:11:51+0200,ca480415-0e53-4d99-b8f2-f778c2de0ac2,2026-06-28T17:45:00Z,2026-06-28T19:45:00+0200,9359.17,MW,BE,BE,actual_load,Actual Load,2026-07-21T00:11:54Z
2026-07-21T00:11:51Z,2026-07-21T02:11:51+0200,ca480415-0e53-4d99-b8f2-f778c2de0ac2,2026-06-28T18:00:00Z,2026-06-28T20:00:00+0200,9455.59,MW,BE,BE,actual_load,Actual Load,2026-07-21T00:11:54Z
2026-07-21T00:11:51Z,2026-07-21T02:11:51+0200,ca480415-0e53-4d99-b8f2-f778c2de0ac2,2026-06-28T18:15:00Z,2026-06-28T20:15:00+0200,9331.86,MW,BE,BE,actual_load,Actual Load,2026-07-21T00:11:54Z
2026-07-21T00:11:51Z,2026-07-21T02:11:51+0200,ca480415-0e53-4d99-b8f2-f778c2de0ac2,2026-06-28T18:30:00Z,2026-06-28T20:30:00+0200,9248.58,MW,BE,BE,actual_load,Actual Load,2026-07-21T00:11:54Z
2026-07-21T00:11:51Z,2026-07-21T02:11:51+0200,ca480415-0e53-4d99-b8f2-f778c2de0ac2,2026-06-28T18:45:00Z,2026-06-28T20:45:00+0200,9124.49,MW,BE,BE,actual_load,Actual Load,2026-07-21T00:11:54Z
2026-07-21T00:11:51Z,2026-07-21T02:11:51+0200,ca480415-0e53-4d99-b8f2-f778c2de0ac2,2026-06-28T19:00:00Z,2026-06-28T21:00:00+0200,9051.49,MW,BE,BE,actual_load,Actual Load,2026-07-21T00:11:54Z
2026-07-21T00:11:51Z,2026-07-21T02:11:51+0200,ca480415-0e53-4d99-b8f2-f778c2de0ac2,2026-06-28T19:15:00Z,2026-06-28T21:15:00+0200,9024.34,MW,BE,BE,actual_load,Actual Load,2026-07-21T00:11:54Z
2026-07-21T00:11:51Z,2026-07-21T02:11:51+0200,ca480415-0e53-4d99-b8f2-f778c2de0ac2,2026-06-28T19:30:00Z,2026-06-28T21:30:00+0200,8944.29,MW,BE,BE,actual_load,Actual Load,2026-07-21T00:11:54Z
2026-07-21T00:11:51Z,2026-07-21T02:11:51+0200,ca480415-0e53-4d99-b8f2-f778c2de0ac2,2026-06-28T19:45:00Z,2026-06-28T21:45:00+0200,8924.97,MW,BE,BE,actual_load,Actual Load,2026-07-21T00:11:54Z
2026-07-21T00:11:51Z,2026-07-21T02:11:51+0200,ca480415-0e53-4d99-b8f2-f778c2de0ac2,2026-06-28T20:00:00Z,2026-06-28T22:00:00+0200,8995.04,MW,BE,BE,actual_load,Actual Load,2026-07-21T00:11:54Z
2026-07-21T00:11:51Z,2026-07-21T02:11:51+0200,ca480415-0e53-4d99-b8f2-f778c2de0ac2,2026-06-28T20:15:00Z,2026-06-28T22:15:00+0200,9137.01,MW,BE,BE,actual_load,Actual Load,2026-07-21T00:11:54Z
2026-07-21T00:11:51Z,2026-07-21T02:11:51+0200,ca480415-0e53-4d99-b8f2-f778c2de0ac2,2026-06-28T20:30:00Z,2026-06-28T22:30:00+0200,8968.54,MW,BE,BE,actual_load,Actual Load,2026-07-21T00:11:54Z
2026-07-21T00:11:51Z,2026-07-21T02:11:51+0200,ca480415-0e53-4d99-b8f2-f778c2de0ac2,2026-06-28T20:45:00Z,2026-06-28T22:45:00+0200,8954.68,MW,BE,BE,actual_load,Actual Load,2026-07-21T00:11:54Z
2026-07-21T00:11:51Z,2026-07-21T02:11:51+0200,ca480415-0e53-4d99-b8f2-f778c2de0ac2,2026-06-28T21:00:00Z,2026-06-28T23:00:00+0200,8643.86,MW,BE,BE,actual_load,Actual Load,2026-07-21T00:11:54Z
2026-07-21T00:11:51Z,2026-07-21T02:11:51+0200,ca480415-0e53-4d99-b8f2-f778c2de0ac2,2026-06-28T21:15:00Z,2026-06-28T23:15:00+0200,8511.98,MW,BE,BE,actual_load,Actual Load,2026-07-21T00:11:54Z
2026-07-21T00:11:51Z,2026-07-21T02:11:51+0200,ca480415-0e53-4d99-b8f2-f778c2de0ac2,2026-06-28T21:30:00Z,2026-06-28T23:30:00+0200,8496.14,MW,BE,BE,actual_load,Actual Load,2026-07-21T00:11:54Z
2026-07-21T00:11:51Z,2026-07-21T02:11:51+0200,ca480415-0e53-4d99-b8f2-f778c2de0ac2,2026-06-28T21:45:00Z,2026-06-28T23:45:00+0200,8456.89,MW,BE,BE,actual_load,Actual Load,2026-07-21T00:11:54Z
2026-07-21T00:11:51Z,2026-07-21T02:11:51+0200,ca480415-0e53-4d99-b8f2-f778c2de0ac2,2026-06-28T22:00:00Z,2026-06-29T00:00:00+0200,8131.0,MW,BE,BE,actual_load,Actual Load,2026-07-21T00:11:54Z
2026-07-21T00:11:51Z,2026-07-21T02:11:51+0200,ca480415-0e53-4d99-b8f2-f778c2de0ac2,2026-06-28T22:15:00Z,2026-06-29T00:15:00+0200,8098.22,MW,BE,BE,actual_load,Actual Load,2026-07-21T00:11:54Z
2026-07-21T00:11:51Z,2026-07-21T02:11:51+0200,ca480415-0e53-4d99-b8f2-f778c2de0ac2,2026-06-28T22:30:00Z,2026-06-29T00:30:00+0200,8013.47,MW,BE,BE,actual_load,Actual Load,2026-07-21T00:11:54Z
2026-07-21T00:11:51Z,2026-07-21T02:11:51+0200,ca480415-0e53-4d99-b8f2-f778c2de0ac2,2026-06-28T22:45:00Z,2026-06-29T00:45:00+0200,8088.29,MW,BE,BE,actual_load,Actual Load,2026-07-21T00:11:54Z
2026-07-21T00:11:51Z,2026-07-21T02:11:51+0200,ca480415-0e53-4d99-b8f2-f778c2de0ac2,2026-06-28T23:00:00Z,2026-06-29T01:00:00+0200,8128.44,MW,BE,BE,actual_load,Actual Load,2026-07-21T00:11:54Z
2026-07-21T00:11:51Z,2026-07-21T02:11:51+0200,ca480415-0e53-4d99-b8f2-f778c2de0ac2,2026-06-28T23:15:00Z,2026-06-29T01:15:00+0200,8047.32,MW,BE,BE,actual_load,Actual Load,2026-07-21T00:11:54Z
2026-07-21T00:11:51Z,2026-07-21T02:11:51+0200,ca480415-0e53-4d99-b8f2-f778c2de0ac2,2026-06-28T23:30:00Z,2026-06-29T01:30:00+0200,8026.49,MW,BE,BE,actual_load,Actual Load,2026-07-21T00:11:54Z
2026-07-21T00:11:51Z,2026-07-21T02:11:51+0200,ca480415-0e53-4d99-b8f2-f778c2de0ac2,2026-06-28T23:45:00Z,2026-06-29T01:45:00+0200,7969.5,MW,BE,BE,actual_load,Actual Load,2026-07-21T00:11:54Z
2026-07-21T00:11:51Z,2026-07-21T02:11:51+0200,ca480415-0e53-4d99-b8f2-f778c2de0ac2,2026-06-29T00:00:00Z,2026-06-29T02:00:00+0200,7843.7,MW,BE,BE,actual_load,Actual Load,2026-07-21T00:11:54Z
2026-07-21T00:11:51Z,2026-07-21T02:11:51+0200,ca480415-0e53-4d99-b8f2-f778c2de0ac2,2026-06-29T00:15:00Z,2026-06-29T02:15:00+0200,7808.85,MW,BE,BE,actual_load,Actual Load,2026-07-21T00:11:54Z
2026-07-21T00:11:51Z,2026-07-21T02:11:51+0200,ca480415-0e53-4d99-b8f2-f778c2de0ac2,2026-06-29T00:30:00Z,2026-06-29T02:30:00+0200,7834.11,MW,BE,BE,actual_load,Actual Load,2026-07-21T00:11:54Z
2026-07-21T00:11:51Z,2026-07-21T02:11:51+0200,ca480415-0e53-4d99-b8f2-f778c2de0ac2,2026-06-29T00:45:00Z,2026-06-29T02:45:00+0200,7885.91,MW,BE,BE,actual_load,Actual Load,2026-07-21T00:11:54Z
2026-07-21T00:11:51Z,2026-07-21T02:11:51+0200,ca480415-0e53-4d99-b8f2-f778c2de0ac2,2026-06-29T01:00:00Z,2026-06-29T03:00:00+0200,7788.78,MW,BE,BE,actual_load,Actual Load,2026-07-21T00:11:54Z
2026-07-21T00:11:51Z,2026-07-21T02:11:51+0200,ca480415-0e53-4d99-b8f2-f778c2de0ac2,2026-06-29T01:15:00Z,2026-06-29T03:15:00+0200,7730.3,MW,BE,BE,actual_load,Actual Load,2026-07-21T00:11:54Z
2026-07-21T00:11:51Z,2026-07-21T02:11:51+0200,ca480415-0e53-4d99-b8f2-f778c2de0ac2,2026-06-29T01:30:00Z,2026-06-29T03:30:00+0200,7712.54,MW,BE,BE,actual_load,Actual Load,2026-07-21T00:11:54Z
2026-07-21T00:11:51Z,2026-07-21T02:11:51+0200,ca480415-0e53-4d99-b8f2-f778c2de0ac2,2026-06-29T01:45:00Z,2026-06-29T03:45:00+0200,7648.06,MW,BE,BE,actual_load,Actual Load,2026-07-21T00:11:54Z
2026-07-21T00:11:51Z,2026-07-21T02:11:51+0200,ca480415-0e53-4d99-b8f2-f778c2de0ac2,2026-06-29T02:00:00Z,2026-06-29T04:00:00+0200,7704.63,MW,BE,BE,actual_load,Actual Load,2026-07-21T00:11:54Z
2026-07-21T00:11:51Z,2026-07-21T02:11:51+0200,ca480415-0e53-4d99-b8f2-f778c2de0ac2,2026-06-29T02:15:00Z,2026-06-29T04:15:00+0200,7662.16,MW,BE,BE,actual_load,Actual Load,2026-07-21T00:11:54Z
2026-07-21T00:11:51Z,2026-07-21T02:11:51+0200,ca480415-0e53-4d99-b8f2-f778c2de0ac2,2026-06-29T02:30:00Z,2026-06-29T04:30:00+0200,7625.72,MW,BE,BE,actual_load,Actual Load,2026-07-21T00:11:54Z
2026-07-21T00:11:51Z,2026-07-21T02:11:51+0200,ca480415-0e53-4d99-b8f2-f778c2de0ac2,2026-06-29T02:45:00Z,2026-06-29T04:45:00+0200,7756.23,MW,BE,BE,actual_load,Actual Load,2026-07-21T00:11:54Z
2026-07-21T00:11:51Z,2026-07-21T02:11:51+0200,ca480415-0e53-4d99-b8f2-f778c2de0ac2,2026-06-29T03:00:00Z,2026-06-29T05:00:00+0200,7759.25,MW,BE,BE,actual_load,Actual Load,2026-07-21T00:11:54Z
2026-07-21T00:11:51Z,2026-07-21T02:11:51+0200,ca480415-0e53-4d99-b8f2-f778c2de0ac2,2026-06-29T03:15:00Z,2026-06-29T05:15:00+0200,7744.31,MW,BE,BE,actual_load,Actual Load,2026-07-21T00:11:54Z
2026-07-21T00:11:51Z,2026-07-21T02:11:51+0200,ca480415-0e53-4d99-b8f2-f778c2de0ac2,2026-06-29T03:30:00Z,2026-06-29T05:30:00+0200,7769.45,MW,BE,BE,actual_load,Actual Load,2026-07-21T00:11:54Z
2026-07-21T00:11:51Z,2026-07-21T02:11:51+0200,ca480415-0e53-4d99-b8f2-f778c2de0ac2,2026-06-29T03:45:00Z,2026-06-29T05:45:00+0200,7855.78,MW,BE,BE,actual_load,Actual Load,2026-07-21T00:11:54Z
2026-07-21T00:11:51Z,2026-07-21T02:11:51+0200,ca480415-0e53-4d99-b8f2-f778c2de0ac2,2026-06-29T04:00:00Z,2026-06-29T06:00:00+0200,7999.76,MW,BE,BE,actual_load,Actual Load,2026-07-21T00:11:54Z
2026-07-21T00:11:51Z,2026-07-21T02:11:51+0200,ca480415-0e53-4d99-b8f2-f778c2de0ac2,2026-06-29T04:15:00Z,2026-06-29T06:15:00+0200,8143.66,MW,BE,BE,actual_load,Actual Load,2026-07-21T00:11:54Z
2026-07-21T00:11:51Z,2026-07-21T02:11:51+0200,ca480415-0e53-4d99-b8f2-f778c2de0ac2,2026-06-29T04:30:00Z,2026-06-29T06:30:00+0200,8302.41,MW,BE,BE,actual_load,Actual Load,2026-07-21T00:11:54Z
2026-07-21T00:11:51Z,2026-07-21T02:11:51+0200,ca480415-0e53-4d99-b8f2-f778c2de0ac2,2026-06-29T04:45:00Z,2026-06-29T06:45:00+0200,8538.08,MW,BE,BE,actual_load,Actual Load,2026-07-21T00:11:54Z
2026-07-21T00:11:51Z,2026-07-21T02:11:51+0200,ca480415-0e53-4d99-b8f2-f778c2de0ac2,2026-06-29T05:00:00Z,2026-06-29T07:00:00+0200,8699.25,MW,BE,BE,actual_load,Actual Load,2026-07-21T00:11:54Z
2026-07-21T00:11:51Z,2026-07-21T02:11:51+0200,ca480415-0e53-4d99-b8f2-f778c2de0ac2,2026-06-29T05:15:00Z,2026-06-29T07:15:00+0200,8816.86,MW,BE,BE,actual_load,Actual Load,2026-07-21T00:11:54Z
2026-07-21T00:11:51Z,2026-07-21T02:11:51+0200,ca480415-0e53-4d99-b8f2-f778c2de0ac2,2026-06-29T05:30:00Z,2026-06-29T07:30:00+0200,8980.48,MW,BE,BE,actual_load,Actual Load,2026-07-21T00:11:54Z
2026-07-21T00:11:51Z,2026-07-21T02:11:51+0200,ca480415-0e53-4d99-b8f2-f778c2de0ac2,2026-06-29T05:45:00Z,2026-06-29T07:45:00+0200,9204.67,MW,BE,BE,actual_load,Actual Load,2026-07-21T00:11:54Z
2026-07-21T00:11:51Z,2026-07-21T02:11:51+0200,ca480415-0e53-4d99-b8f2-f778c2de0ac2,2026-06-29T06:00:00Z,2026-06-29T08:00:00+0200,9306.75,MW,BE,BE,actual_load,Actual Load,2026-07-21T00:11:54Z
2026-07-21T00:11:51Z,2026-07-21T02:11:51+0200,ca480415-0e53-4d99-b8f2-f778c2de0ac2,2026-06-29T06:15:00Z,2026-06-29T08:15:00+0200,9503.18,MW,BE,BE,actual_load,Actual Load,2026-07-21T00:11:54Z
2026-07-21T00:11:51Z,2026-07-21T02:11:51+0200,ca480415-0e53-4d99-b8f2-f778c2de0ac2,2026-06-29T06:30:00Z,2026-06-29T08:30:00+0200,9716.17,MW,BE,BE,actual_load,Actual Load,2026-07-21T00:11:54Z
2026-07-21T00:11:51Z,2026-07-21T02:11:51+0200,ca480415-0e53-4d99-b8f2-f778c2de0ac2,2026-06-29T06:45:00Z,2026-06-29T08:45:00+0200,9826.85,MW,BE,BE,actual_load,Actual Load,2026-07-21T00:11:54Z
2026-07-21T00:11:51Z,2026-07-21T02:11:51+0200,ca480415-0e53-4d99-b8f2-f778c2de0ac2,2026-06-29T07:00:00Z,2026-06-29T09:00:00+0200,9918.07,MW,BE,BE,actual_load,Actual Load,2026-07-21T00:11:54Z
2026-07-21T00:11:51Z,2026-07-21T02:11:51+0200,ca480415-0e53-4d99-b8f2-f778c2de0ac2,2026-06-29T07:15:00Z,2026-06-29T09:15:00+0200,10043.73,MW,BE,BE,actual_load,Actual Load,2026-07-21T00:11:54Z
2026-07-21T00:11:51Z,2026-07-21T02:11:51+0200,ca480415-0e53-4d99-b8f2-f778c2de0ac2,2026-06-29T07:30:00Z,2026-06-29T09:30:00+0200,10263.05,MW,BE,BE,actual_load,Actual Load,2026-07-21T00:11:54Z
2026-07-21T00:11:51Z,2026-07-21T02:11:51+0200,ca480415-0e53-4d99-b8f2-f778c2de0ac2,2026-06-29T07:45:00Z,2026-06-29T09:45:00+0200,10470.71,MW,BE,BE,actual_load,Actual Load,2026-07-21T00:11:54Z
2026-07-21T00:11:51Z,2026-07-21T02:11:51+0200,ca480415-0e53-4d99-b8f2-f778c2de0ac2,2026-06-29T08:00:00Z,2026-06-29T10:00:00+0200,10491.12,MW,BE,BE,actual_load,Actual Load,2026-07-21T00:11:54Z
2026-07-21T00:11:51Z,2026-07-21T02:11:51+0200,ca480415-0e53-4d99-b8f2-f778c2de0ac2,2026-06-29T08:15:00Z,2026-06-29T10:15:00+0200,10387.57,MW,BE,BE,actual_load,Actual Load,2026-07-21T00:11:54Z
2026-07-21T00:11:51Z,2026-07-21T02:11:51+0200,ca480415-0e53-4d99-b8f2-f778c2de0ac2,2026-06-29T08:30:00Z,2026-06-29T10:30:00+0200,10368.37,MW,BE,BE,actual_load,Actual Load,2026-07-21T00:11:54Z
2026-07-21T00:11:51Z,2026-07-21T02:11:51+0200,ca480415-0e53-4d99-b8f2-f778c2de0ac2,2026-06-29T08:45:00Z,2026-06-29T10:45:00+0200,10412.97,MW,BE,BE,actual_load,Actual Load,2026-07-21T00:11:54Z
2026-07-21T00:11:51Z,2026-07-21T02:11:51+0200,ca480415-0e53-4d99-b8f2-f778c2de0ac2,2026-06-29T09:00:00Z,2026-06-29T11:00:00+0200,10474.52,MW,BE,BE,actual_load,Actual Load,2026-07-21T00:11:54Z
2026-07-21T00:11:51Z,2026-07-21T02:11:51+0200,ca480415-0e53-4d99-b8f2-f778c2de0ac2,2026-06-29T09:15:00Z,2026-06-29T11:15:00+0200,10457.5,MW,BE,BE,actual_load,Actual Load,2026-07-21T00:11:54Z
2026-07-21T00:11:51Z,2026-07-21T02:11:51+0200,ca480415-0e53-4d99-b8f2-f778c2de0ac2,2026-06-29T09:30:00Z,2026-06-29T11:30:00+0200,10651.57,MW,BE,BE,actual_load,Actual Load,2026-07-21T00:11:54Z
2026-07-21T00:11:51Z,2026-07-21T02:11:51+0200,ca480415-0e53-4d99-b8f2-f778c2de0ac2,2026-06-29T09:45:00Z,2026-06-29T11:45:00+0200,10679.92,MW,BE,BE,actual_load,Actual Load,2026-07-21T00:11:54Z
2026-07-21T00:11:51Z,2026-07-21T02:11:51+0200,ca480415-0e53-4d99-b8f2-f778c2de0ac2,2026-06-29T10:00:00Z,2026-06-29T12:00:00+0200,10574.98,MW,BE,BE,actual_load,Actual Load,2026-07-21T00:11:54Z
2026-07-21T00:11:51Z,2026-07-21T02:11:51+0200,ca480415-0e53-4d99-b8f2-f778c2de0ac2,2026-06-29T10:15:00Z,2026-06-29T12:15:00+0200,10619.23,MW,BE,BE,actual_load,Actual Load,2026-07-21T00:11:54Z
2026-07-21T00:11:51Z,2026-07-21T02:11:51+0200,ca480415-0e53-4d99-b8f2-f778c2de0ac2,2026-06-29T10:30:00Z,2026-06-29T12:30:00+0200,10717.92,MW,BE,BE,actual_load,Actual Load,2026-07-21T00:11:54Z
2026-07-21T00:11:51Z,2026-07-21T02:11:51+0200,ca480415-0e53-4d99-b8f2-f778c2de0ac2,2026-06-29T10:45:00Z,2026-06-29T12:45:00+0200,10750.21,MW,BE,BE,actual_load,Actual Load,2026-07-21T00:11:54Z
2026-07-21T00:11:51Z,2026-07-21T02:11:51+0200,ca480415-0e53-4d99-b8f2-f778c2de0ac2,2026-06-29T11:00:00Z,2026-06-29T13:00:00+0200,10744.99,MW,BE,BE,actual_load,Actual Load,2026-07-21T00:11:54Z
2026-07-21T00:11:51Z,2026-07-21T02:11:51+0200,ca480415-0e53-4d99-b8f2-f778c2de0ac2,2026-06-29T11:15:00Z,2026-06-29T13:15:00+0200,10841.81,MW,BE,BE,actual_load,Actual Load,2026-07-21T00:11:54Z
2026-07-21T00:11:51Z,2026-07-21T02:11:51+0200,ca480415-0e53-4d99-b8f2-f778c2de0ac2,2026-06-29T11:30:00Z,2026-06-29T13:30:00+0200,10820.24,MW,BE,BE,actual_load,Actual Load,2026-07-21T00:11:54Z
2026-07-21T00:11:51Z,2026-07-21T02:11:51+0200,ca480415-0e53-4d99-b8f2-f778c2de0ac2,2026-06-29T11:45:00Z,2026-06-29T13:45:00+0200,10808.93,MW,BE,BE,actual_load,Actual Load,2026-07-21T00:11:54Z
2026-07-21T00:11:51Z,2026-07-21T02:11:51+0200,ca480415-0e53-4d99-b8f2-f778c2de0ac2,2026-06-29T12:00:00Z,2026-06-29T14:00:00+0200,10738.34,MW,BE,BE,actual_load,Actual Load,2026-07-21T00:11:54Z
2026-07-21T00:11:51Z,2026-07-21T02:11:51+0200,ca480415-0e53-4d99-b8f2-f778c2de0ac2,2026-06-29T12:15:00Z,2026-06-29T14:15:00+0200,10712.93,MW,BE,BE,actual_load,Actual Load,2026-07-21T00:11:54Z
2026-07-21T00:11:51Z,2026-07-21T02:11:51+0200,ca480415-0e53-4d99-b8f2-f778c2de0ac2,2026-06-29T12:30:00Z,2026-06-29T14:30:00+0200,10607.38,MW,BE,BE,actual_load,Actual Load,2026-07-21T00:11:54Z
2026-07-21T00:11:51Z,2026-07-21T02:11:51+0200,ca480415-0e53-4d99-b8f2-f778c2de0ac2,2026-06-29T12:45:00Z,2026-06-29T14:45:00+0200,10501.24,MW,BE,BE,actual_load,Actual Load,2026-07-21T00:11:54Z
2026-07-21T00:11:51Z,2026-07-21T02:11:51+0200,ca480415-0e53-4d99-b8f2-f778c2de0ac2,2026-06-29T13:00:00Z,2026-06-29T15:00:00+0200,10434.0,MW,BE,BE,actual_load,Actual Load,2026-07-21T00:11:54Z
2026-07-21T00:11:51Z,2026-07-21T02:11:51+0200,ca480415-0e53-4d99-b8f2-f778c2de0ac2,2026-06-29T13:15:00Z,2026-06-29T15:15:00+0200,10327.71,MW,BE,BE,actual_load,Actual Load,2026-07-21T00:11:54Z
2026-07-21T00:11:51Z,2026-07-21T02:11:51+0200,ca480415-0e53-4d99-b8f2-f778c2de0ac2,2026-06-29T13:30:00Z,2026-06-29T15:30:00+0200,10225.51,MW,BE,BE,actual_load,Actual Load,2026-07-21T00:11:54Z
2026-07-21T00:11:51Z,2026-07-21T02:11:51+0200,ca480415-0e53-4d99-b8f2-f778c2de0ac2,2026-06-29T13:45:00Z,2026-06-29T15:45:00+0200,10135.3,MW,BE,BE,actual_load,Actual Load,2026-07-21T00:11:54Z
2026-07-21T00:11:51Z,2026-07-21T02:11:51+0200,ca480415-0e53-4d99-b8f2-f778c2de0ac2,2026-06-29T14:00:00Z,2026-06-29T16:00:00+0200,10080.4,MW,BE,BE,actual_load,Actual Load,2026-07-21T00:11:54Z
2026-07-21T00:11:51Z,2026-07-21T02:11:51+0200,ca480415-0e53-4d99-b8f2-f778c2de0ac2,2026-06-29T14:15:00Z,2026-06-29T16:15:00+0200,9973.67,MW,BE,BE,actual_load,Actual Load,2026-07-21T00:11:54Z
2026-07-21T00:11:51Z,2026-07-21T02:11:51+0200,ca480415-0e53-4d99-b8f2-f778c2de0ac2,2026-06-29T14:30:00Z,2026-06-29T16:30:00+0200,9903.41,MW,BE,BE,actual_load,Actual Load,2026-07-21T00:11:54Z
2026-07-21T00:11:51Z,2026-07-21T02:11:51+0200,ca480415-0e53-4d99-b8f2-f778c2de0ac2,2026-06-29T14:45:00Z,2026-06-29T16:45:00+0200,9854.17,MW,BE,BE,actual_load,Actual Load,2026-07-21T00:11:54Z
2026-07-21T00:11:51Z,2026-07-21T02:11:51+0200,ca480415-0e53-4d99-b8f2-f778c2de0ac2,2026-06-29T15:00:00Z,2026-06-29T17:00:00+0200,9875.27,MW,BE,BE,actual_load,Actual Load,2026-07-21T00:11:54Z
2026-07-21T00:11:51Z,2026-07-21T02:11:51+0200,ca480415-0e53-4d99-b8f2-f778c2de0ac2,2026-06-29T15:15:00Z,2026-06-29T17:15:00+0200,9750.15,MW,BE,BE,actual_load,Actual Load,2026-07-21T00:11:54Z
2026-07-21T00:11:51Z,2026-07-21T02:11:51+0200,ca480415-0e53-4d99-b8f2-f778c2de0ac2,2026-06-29T15:30:00Z,2026-06-29T17:30:00+0200,9794.64,MW,BE,BE,actual_load,Actual Load,2026-07-21T00:11:54Z
2026-07-21T00:11:51Z,2026-07-21T02:11:51+0200,ca480415-0e53-4d99-b8f2-f778c2de0ac2,2026-06-29T15:45:00Z,2026-06-29T17:45:00+0200,9643.83,MW,BE,BE,actual_load,Actual Load,2026-07-21T00:11:54Z
2026-07-21T00:11:51Z,2026-07-21T02:11:51+0200,ca480415-0e53-4d99-b8f2-f778c2de0ac2,2026-06-29T16:00:00Z,2026-06-29T18:00:00+0200,9675.09,MW,BE,BE,actual_load,Actual Load,2026-07-21T00:11:54Z
2026-07-21T00:11:51Z,2026-07-21T02:11:51+0200,ca480415-0e53-4d99-b8f2-f778c2de0ac2,2026-06-29T16:15:00Z,2026-06-29T18:15:00+0200,9582.78,MW,BE,BE,actual_load,Actual Load,2026-07-21T00:11:54Z
2026-07-21T00:11:51Z,2026-07-21T02:11:51+0200,ca480415-0e53-4d99-b8f2-f778c2de0ac2,2026-06-29T16:30:00Z,2026-06-29T18:30:00+0200,9587.52,MW,BE,BE,actual_load,Actual Load,2026-07-21T00:11:54Z
2026-07-21T00:11:51Z,2026-07-21T02:11:51+0200,ca480415-0e53-4d99-b8f2-f778c2de0ac2,2026-06-29T16:45:00Z,2026-06-29T18:45:00+0200,9632.89,MW,BE,BE,actual_load,Actual Load,2026-07-21T00:11:54Z
2026-07-21T00:11:51Z,2026-07-21T02:11:51+0200,ca480415-0e53-4d99-b8f2-f778c2de0ac2,2026-06-29T17:00:00Z,2026-06-29T19:00:00+0200,9781.59,MW,BE,BE,actual_load,Actual Load,2026-07-21T00:11:54Z
2026-07-21T00:11:51Z,2026-07-21T02:11:51+0200,ca480415-0e53-4d99-b8f2-f778c2de0ac2,2026-06-29T17:15:00Z,2026-06-29T19:15:00+0200,9721.0,MW,BE,BE,actual_load,Actual Load,2026-07-21T00:11:54Z
2026-07-21T00:11:51Z,2026-07-21T02:11:51+0200,ca480415-0e53-4d99-b8f2-f778c2de0ac2,2026-06-29T17:30:00Z,2026-06-29T19:30:00+0200,9566.25,MW,BE,BE,actual_load,Actual Load,2026-07-21T00:11:54Z
2026-07-21T00:11:51Z,2026-07-21T02:11:51+0200,ca480415-0e53-4d99-b8f2-f778c2de0ac2,2026-06-29T17:45:00Z,2026-06-29T19:45:00+0200,9424.79,MW,BE,BE,actual_load,Actual Load,2026-07-21T00:11:54Z
2026-07-21T00:11:51Z,2026-07-21T02:11:51+0200,ca480415-0e53-4d99-b8f2-f778c2de0ac2,2026-06-29T18:00:00Z,2026-06-29T20:00:00+0200,9458.22,MW,BE,BE,actual_load,Actual Load,2026-07-21T00:11:54Z
2026-07-21T00:11:51Z,2026-07-21T02:11:51+0200,ca480415-0e53-4d99-b8f2-f778c2de0ac2,2026-06-29T18:15:00Z,2026-06-29T20:15:00+0200,9331.19,MW,BE,BE,actual_load,Actual Load,2026-07-21T00:11:54Z
2026-07-21T00:11:51Z,2026-07-21T02:11:51+0200,ca480415-0e53-4d99-b8f2-f778c2de0ac2,2026-06-29T18:30:00Z,2026-06-29T20:30:00+0200,9242.91,MW,BE,BE,actual_load,Actual Load,2026-07-21T00:11:54Z
2026-07-21T00:11:51Z,2026-07-21T02:11:51+0200,ca480415-0e53-4d99-b8f2-f778c2de0ac2,2026-06-29T18:45:00Z,2026-06-29T20:45:00+0200,9131.13,MW,BE,BE,actual_load,Actual Load,2026-07-21T00:11:54Z
2026-07-21T00:11:51Z,2026-07-21T02:11:51+0200,ca480415-0e53-4d99-b8f2-f778c2de0ac2,2026-06-29T19:00:00Z,2026-06-29T21:00:00+0200,9058.02,MW,BE,BE,actual_load,Actual Load,2026-07-21T00:11:54Z
2026-07-21T00:11:51Z,2026-07-21T02:11:51+0200,ca480415-0e53-4d99-b8f2-f778c2de0ac2,2026-06-29T19:15:00Z,2026-06-29T21:15:00+0200,8983.87,MW,BE,BE,actual_load,Actual Load,2026-07-21T00:11:54Z
2026-07-21T00:11:51Z,2026-07-21T02:11:51+0200,ca480415-0e53-4d99-b8f2-f778c2de0ac2,2026-06-29T19:30:00Z,2026-06-29T21:30:00+0200,8893.67,MW,BE,BE,actual_load,Actual Load,2026-07-21T00:11:54Z
2026-07-21T00:11:51Z,2026-07-21T02:11:51+0200,ca480415-0e53-4d99-b8f2-f778c2de0ac2,2026-06-29T19:45:00Z,2026-06-29T21:45:00+0200,8876.15,MW,BE,BE,actual_load,Actual Load,2026-07-21T00:11:54Z
2026-07-21T00:11:51Z,2026-07-21T02:11:51+0200,ca480415-0e53-4d99-b8f2-f778c2de0ac2,2026-06-29T20:00:00Z,2026-06-29T22:00:00+0200,8876.6,MW,BE,BE,actual_load,Actual Load,2026-07-21T00:11:54Z
2026-07-21T00:11:51Z,2026-07-21T02:11:51+0200,ca480415-0e53-4d99-b8f2-f778c2de0ac2,2026-06-29T20:15:00Z,2026-06-29T22:15:00+0200,9004.54,MW,BE,BE,actual_load,Actual Load,2026-07-21T00:11:54Z
2026-07-21T00:11:51Z,2026-07-21T02:11:51+0200,ca480415-0e53-4d99-b8f2-f778c2de0ac2,2026-06-29T20:30:00Z,2026-06-29T22:30:00+0200,9052.75,MW,BE,BE,actual_load,Actual Load,2026-07-21T00:11:54Z
2026-07-21T00:11:51Z,2026-07-21T02:11:51+0200,ca480415-0e53-4d99-b8f2-f778c2de0ac2,2026-06-29T20:45:00Z,2026-06-29T22:45:00+0200,9035.13,MW,BE,BE,actual_load,Actual Load,2026-07-21T00:11:54Z
2026-07-21T00:11:51Z,2026-07-21T02:11:51+0200,ca480415-0e53-4d99-b8f2-f778c2de0ac2,2026-06-29T21:00:00Z,2026-06-29T23:00:00+0200,8807.04,MW,BE,BE,actual_load,Actual Load,2026-07-21T00:11:54Z
2026-07-21T00:11:51Z,2026-07-21T02:11:51+0200,ca480415-0e53-4d99-b8f2-f778c2de0ac2,2026-06-29T21:15:00Z,2026-06-29T23:15:00+0200,8623.25,MW,BE,BE,actual_load,Actual Load,2026-07-21T00:11:54Z
2026-07-21T00:11:51Z,2026-07-21T02:11:51+0200,ca480415-0e53-4d99-b8f2-f778c2de0ac2,2026-06-29T21:30:00Z,2026-06-29T23:30:00+0200,8562.2,MW,BE,BE,actual_load,Actual Load,2026-07-21T00:11:54Z
2026-07-21T00:11:51Z,2026-07-21T02:11:51+0200,ca480415-0e53-4d99-b8f2-f778c2de0ac2,2026-06-29T21:45:00Z,2026-06-29T23:45:00+0200,8410.61,MW,BE,BE,actual_load,Actual Load,2026-07-21T00:11:54Z
2026-07-21T00:11:51Z,2026-07-21T02:11:51+0200,ca480415-0e53-4d99-b8f2-f778c2de0ac2,2026-06-29T22:00:00Z,2026-06-30T00:00:00+0200,8280.99,MW,BE,BE,actual_load,Actual Load,2026-07-21T00:11:54Z
2026-07-21T00:11:51Z,2026-07-21T02:11:51+0200,ca480415-0e53-4d99-b8f2-f778c2de0ac2,2026-06-29T22:15:00Z,2026-06-30T00:15:00+0200,8181.51,MW,BE,BE,actual_load,Actual Load,2026-07-21T00:11:54Z
2026-07-21T00:11:51Z,2026-07-21T02:11:51+0200,ca480415-0e53-4d99-b8f2-f778c2de0ac2,2026-06-29T22:30:00Z,2026-06-30T00:30:00+0200,8094.03,MW,BE,BE,actual_load,Actual Load,2026-07-21T00:11:54Z
2026-07-21T00:11:51Z,2026-07-21T02:11:51+0200,ca480415-0e53-4d99-b8f2-f778c2de0ac2,2026-06-29T22:45:00Z,2026-06-30T00:45:00+0200,8020.19,MW,BE,BE,actual_load,Actual Load,2026-07-21T00:11:54Z
2026-07-21T00:11:51Z,2026-07-21T02:11:51+0200,ca480415-0e53-4d99-b8f2-f778c2de0ac2,2026-06-29T23:00:00Z,2026-06-30T01:00:00+0200,7917.95,MW,BE,BE,actual_load,Actual Load,2026-07-21T00:11:54Z
2026-07-21T00:11:51Z,2026-07-21T02:11:51+0200,ca480415-0e53-4d99-b8f2-f778c2de0ac2,2026-06-29T23:15:00Z,2026-06-30T01:15:00+0200,7864.71,MW,BE,BE,actual_load,Actual Load,2026-07-21T00:11:54Z
2026-07-21T00:11:51Z,2026-07-21T02:11:51+0200,ca480415-0e53-4d99-b8f2-f778c2de0ac2,2026-06-29T23:30:00Z,2026-06-30T01:30:00+0200,7756.01,MW,BE,BE,actual_load,Actual Load,2026-07-21T00:11:54Z
2026-07-21T00:11:51Z,2026-07-21T02:11:51+0200,ca480415-0e53-4d99-b8f2-f778c2de0ac2,2026-06-29T23:45:00Z,2026-06-30T01:45:00+0200,7781.72,MW,BE,BE,actual_load,Actual Load,2026-07-21T00:11:54Z
2026-07-21T00:11:51Z,2026-07-21T02:11:51+0200,ca480415-0e53-4d99-b8f2-f778c2de0ac2,2026-06-30T00:00:00Z,2026-06-30T02:00:00+0200,7622.51,MW,BE,BE,actual_load,Actual Load,2026-07-21T00:11:54Z
2026-07-21T00:11:51Z,2026-07-21T02:11:51+0200,ca480415-0e53-4d99-b8f2-f778c2de0ac2,2026-06-30T00:15:00Z,2026-06-30T02:15:00+0200,7607.9,MW,BE,BE,actual_load,Actual Load,2026-07-21T00:11:54Z
2026-07-21T00:11:51Z,2026-07-21T02:11:51+0200,ca480415-0e53-4d99-b8f2-f778c2de0ac2,2026-06-30T00:30:00Z,2026-06-30T02:30:00+0200,7595.09,MW,BE,BE,actual_load,Actual Load,2026-07-21T00:11:54Z
2026-07-21T00:11:51Z,2026-07-21T02:11:51+0200,ca480415-0e53-4d99-b8f2-f778c2de0ac2,2026-06-30T00:45:00Z,2026-06-30T02:45:00+0200,7527.16,MW,BE,BE,actual_load,Actual Load,2026-07-21T00:11:54Z
2026-07-21T00:11:51Z,2026-07-21T02:11:51+0200,ca480415-0e53-4d99-b8f2-f778c2de0ac2,2026-06-30T01:00:00Z,2026-06-30T03:00:00+0200,7430.51,MW,BE,BE,actual_load,Actual Load,2026-07-21T00:11:54Z
2026-07-21T00:11:51Z,2026-07-21T02:11:51+0200,ca480415-0e53-4d99-b8f2-f778c2de0ac2,2026-06-30T01:15:00Z,2026-06-30T03:15:00+0200,7424.03,MW,BE,BE,actual_load,Actual Load,2026-07-21T00:11:54Z
2026-07-21T00:11:51Z,2026-07-21T02:11:51+0200,ca480415-0e53-4d99-b8f2-f778c2de0ac2,2026-06-30T01:30:00Z,2026-06-30T03:30:00+0200,7404.21,MW,BE,BE,actual_load,Actual Load,2026-07-21T00:11:54Z
2026-07-21T00:11:51Z,2026-07-21T02:11:51+0200,ca480415-0e53-4d99-b8f2-f778c2de0ac2,2026-06-30T01:45:00Z,2026-06-30T03:45:00+0200,7375.74,MW,BE,BE,actual_load,Actual Load,2026-07-21T00:11:54Z
2026-07-21T00:11:51Z,2026-07-21T02:11:51+0200,ca480415-0e53-4d99-b8f2-f778c2de0ac2,2026-06-30T02:00:00Z,2026-06-30T04:00:00+0200,7409.26,MW,BE,BE,actual_load,Actual Load,2026-07-21T00:11:54Z
2026-07-21T00:11:51Z,2026-07-21T02:11:51+0200,ca480415-0e53-4d99-b8f2-f778c2de0ac2,2026-06-30T02:15:00Z,2026-06-30T04:15:00+0200,7487.07,MW,BE,BE,actual_load,Actual Load,2026-07-21T00:11:54Z
2026-07-21T00:11:51Z,2026-07-21T02:11:51+0200,ca480415-0e53-4d99-b8f2-f778c2de0ac2,2026-06-30T02:30:00Z,2026-06-30T04:30:00+0200,7452.59,MW,BE,BE,actual_load,Actual Load,2026-07-21T00:11:54Z
2026-07-21T00:11:51Z,2026-07-21T02:11:51+0200,ca480415-0e53-4d99-b8f2-f778c2de0ac2,2026-06-30T02:45:00Z,2026-06-30T04:45:00+0200,7473.03,MW,BE,BE,actual_load,Actual Load,2026-07-21T00:11:54Z
2026-07-21T00:11:51Z,2026-07-21T02:11:51+0200,ca480415-0e53-4d99-b8f2-f778c2de0ac2,2026-06-30T03:00:00Z,2026-06-30T05:00:00+0200,7502.22,MW,BE,BE,actual_load,Actual Load,2026-07-21T00:11:54Z
2026-07-21T00:11:51Z,2026-07-21T02:11:51+0200,ca480415-0e53-4d99-b8f2-f778c2de0ac2,2026-06-30T03:15:00Z,2026-06-30T05:15:00+0200,7486.32,MW,BE,BE,actual_load,Actual Load,2026-07-21T00:11:54Z
2026-07-21T00:11:51Z,2026-07-21T02:11:51+0200,ca480415-0e53-4d99-b8f2-f778c2de0ac2,2026-06-30T03:30:00Z,2026-06-30T05:30:00+0200,7541.42,MW,BE,BE,actual_load,Actual Load,2026-07-21T00:11:54Z
2026-07-21T00:11:51Z,2026-07-21T02:11:51+0200,ca480415-0e53-4d99-b8f2-f778c2de0ac2,2026-06-30T03:45:00Z,2026-06-30T05:45:00+0200,7635.98,MW,BE,BE,actual_load,Actual Load,2026-07-21T00:11:54Z
2026-07-21T00:11:51Z,2026-07-21T02:11:51+0200,ca480415-0e53-4d99-b8f2-f778c2de0ac2,2026-06-30T04:00:00Z,2026-06-30T06:00:00+0200,7786.07,MW,BE,BE,actual_load,Actual Load,2026-07-21T00:11:54Z
2026-07-21T00:11:51Z,2026-07-21T02:11:51+0200,ca480415-0e53-4d99-b8f2-f778c2de0ac2,2026-06-30T04:15:00Z,2026-06-30T06:15:00+0200,7938.8,MW,BE,BE,actual_load,Actual Load,2026-07-21T00:11:54Z
2026-07-21T00:11:51Z,2026-07-21T02:11:51+0200,ca480415-0e53-4d99-b8f2-f778c2de0ac2,2026-06-30T04:30:00Z,2026-06-30T06:30:00+0200,8192.03,MW,BE,BE,actual_load,Actual Load,2026-07-21T00:11:54Z
2026-07-21T00:11:51Z,2026-07-21T02:11:51+0200,ca480415-0e53-4d99-b8f2-f778c2de0ac2,2026-06-30T04:45:00Z,2026-06-30T06:45:00+0200,8352.11,MW,BE,BE,actual_load,Actual Load,2026-07-21T00:11:54Z
2026-07-21T00:11:51Z,2026-07-21T02:11:51+0200,ca480415-0e53-4d99-b8f2-f778c2de0ac2,2026-06-30T05:00:00Z,2026-06-30T07:00:00+0200,8575.11,MW,BE,BE,actual_load,Actual Load,2026-07-21T00:11:54Z
2026-07-21T00:11:51Z,2026-07-21T02:11:51+0200,ca480415-0e53-4d99-b8f2-f778c2de0ac2,2026-06-30T05:15:00Z,2026-06-30T07:15:00+0200,8827.53,MW,BE,BE,actual_load,Actual Load,2026-07-21T00:11:54Z
2026-07-21T00:11:51Z,2026-07-21T02:11:51+0200,ca480415-0e53-4d99-b8f2-f778c2de0ac2,2026-06-30T05:30:00Z,2026-06-30T07:30:00+0200,9041.42,MW,BE,BE,actual_load,Actual Load,2026-07-21T00:11:54Z
2026-07-21T00:11:51Z,2026-07-21T02:11:51+0200,ca480415-0e53-4d99-b8f2-f778c2de0ac2,2026-06-30T05:45:00Z,2026-06-30T07:45:00+0200,9238.49,MW,BE,BE,actual_load,Actual Load,2026-07-21T00:11:54Z
2026-07-21T00:11:51Z,2026-07-21T02:11:51+0200,ca480415-0e53-4d99-b8f2-f778c2de0ac2,2026-06-30T06:00:00Z,2026-06-30T08:00:00+0200,9329.13,MW,BE,BE,actual_load,Actual Load,2026-07-21T00:11:54Z
2026-07-21T00:11:51Z,2026-07-21T02:11:51+0200,ca480415-0e53-4d99-b8f2-f778c2de0ac2,2026-06-30T06:15:00Z,2026-06-30T08:15:00+0200,9517.47,MW,BE,BE,actual_load,Actual Load,2026-07-21T00:11:54Z
2026-07-21T00:11:51Z,2026-07-21T02:11:51+0200,ca480415-0e53-4d99-b8f2-f778c2de0ac2,2026-06-30T06:30:00Z,2026-06-30T08:30:00+0200,9722.29,MW,BE,BE,actual_load,Actual Load,2026-07-21T00:11:54Z
2026-07-21T00:11:51Z,2026-07-21T02:11:51+0200,ca480415-0e53-4d99-b8f2-f778c2de0ac2,2026-06-30T06:45:00Z,2026-06-30T08:45:00+0200,9803.89,MW,BE,BE,actual_load,Actual Load,2026-07-21T00:11:54Z
2026-07-21T00:11:51Z,2026-07-21T02:11:51+0200,ca480415-0e53-4d99-b8f2-f778c2de0ac2,2026-06-30T07:00:00Z,2026-06-30T09:00:00+0200,9843.16,MW,BE,BE,actual_load,Actual Load,2026-07-21T00:11:54Z
2026-07-21T00:11:51Z,2026-07-21T02:11:51+0200,ca480415-0e53-4d99-b8f2-f778c2de0ac2,2026-06-30T07:15:00Z,2026-06-30T09:15:00+0200,9900.95,MW,BE,BE,actual_load,Actual Load,2026-07-21T00:11:54Z
2026-07-21T00:11:51Z,2026-07-21T02:11:51+0200,ca480415-0e53-4d99-b8f2-f778c2de0ac2,2026-06-30T07:30:00Z,2026-06-30T09:30:00+0200,9953.01,MW,BE,BE,actual_load,Actual Load,2026-07-21T00:11:54Z
2026-07-21T00:11:51Z,2026-07-21T02:11:51+0200,ca480415-0e53-4d99-b8f2-f778c2de0ac2,2026-06-30T07:45:00Z,2026-06-30T09:45:00+0200,10065.34,MW,BE,BE,actual_load,Actual Load,2026-07-21T00:11:54Z
2026-07-21T00:11:51Z,2026-07-21T02:11:51+0200,ca480415-0e53-4d99-b8f2-f778c2de0ac2,2026-06-30T08:00:00Z,2026-06-30T10:00:00+0200,9978.36,MW,BE,BE,actual_load,Actual Load,2026-07-21T00:11:54Z
2026-07-21T00:11:51Z,2026-07-21T02:11:51+0200,ca480415-0e53-4d99-b8f2-f778c2de0ac2,2026-06-30T08:15:00Z,2026-06-30T10:15:00+0200,10137.52,MW,BE,BE,actual_load,Actual Load,2026-07-21T00:11:54Z
2026-07-21T00:11:51Z,2026-07-21T02:11:51+0200,ca480415-0e53-4d99-b8f2-f778c2de0ac2,2026-06-30T08:30:00Z,2026-06-30T10:30:00+0200,10076.18,MW,BE,BE,actual_load,Actual Load,2026-07-21T00:11:54Z
2026-07-21T00:11:51Z,2026-07-21T02:11:51+0200,ca480415-0e53-4d99-b8f2-f778c2de0ac2,2026-06-30T08:45:00Z,2026-06-30T10:45:00+0200,10062.12,MW,BE,BE,actual_load,Actual Load,2026-07-21T00:11:54Z
2026-07-21T00:11:51Z,2026-07-21T02:11:51+0200,ca480415-0e53-4d99-b8f2-f778c2de0ac2,2026-06-30T09:00:00Z,2026-06-30T11:00:00+0200,10283.11,MW,BE,BE,actual_load,Actual Load,2026-07-21T00:11:54Z
2026-07-21T00:11:51Z,2026-07-21T02:11:51+0200,ca480415-0e53-4d99-b8f2-f778c2de0ac2,2026-06-30T09:15:00Z,2026-06-30T11:15:00+0200,10061.98,MW,BE,BE,actual_load,Actual Load,2026-07-21T00:11:54Z
2026-07-21T00:11:51Z,2026-07-21T02:11:51+0200,ca480415-0e53-4d99-b8f2-f778c2de0ac2,2026-06-30T09:30:00Z,2026-06-30T11:30:00+0200,10179.22,MW,BE,BE,actual_load,Actual Load,2026-07-21T00:11:54Z
2026-07-21T00:11:51Z,2026-07-21T02:11:51+0200,ca480415-0e53-4d99-b8f2-f778c2de0ac2,2026-06-30T09:45:00Z,2026-06-30T11:45:00+0200,10337.57,MW,BE,BE,actual_load,Actual Load,2026-07-21T00:11:54Z
2026-07-21T00:11:51Z,2026-07-21T02:11:51+0200,ca480415-0e53-4d99-b8f2-f778c2de0ac2,2026-06-30T10:00:00Z,2026-06-30T12:00:00+0200,10358.25,MW,BE,BE,actual_load,Actual Load,2026-07-21T00:11:54Z
2026-07-21T00:11:51Z,2026-07-21T02:11:51+0200,ca480415-0e53-4d99-b8f2-f778c2de0ac2,2026-06-30T10:15:00Z,2026-06-30T12:15:00+0200,10376.73,MW,BE,BE,actual_load,Actual Load,2026-07-21T00:11:54Z
2026-07-21T00:11:51Z,2026-07-21T02:11:51+0200,ca480415-0e53-4d99-b8f2-f778c2de0ac2,2026-06-30T10:30:00Z,2026-06-30T12:30:00+0200,10387.12,MW,BE,BE,actual_load,Actual Load,2026-07-21T00:11:54Z
2026-07-21T00:11:51Z,2026-07-21T02:11:51+0200,ca480415-0e53-4d99-b8f2-f778c2de0ac2,2026-06-30T10:45:00Z,2026-06-30T12:45:00+0200,10121.44,MW,BE,BE,actual_load,Actual Load,2026-07-21T00:11:54Z
2026-07-21T00:11:51Z,2026-07-21T02:11:51+0200,ca480415-0e53-4d99-b8f2-f778c2de0ac2,2026-06-30T11:00:00Z,2026-06-30T13:00:00+0200,10071.39,MW,BE,BE,actual_load,Actual Load,2026-07-21T00:11:54Z
2026-07-21T00:11:51Z,2026-07-21T02:11:51+0200,ca480415-0e53-4d99-b8f2-f778c2de0ac2,2026-06-30T11:15:00Z,2026-06-30T13:15:00+0200,9958.07,MW,BE,BE,actual_load,Actual Load,2026-07-21T00:11:54Z
2026-07-21T00:11:51Z,2026-07-21T02:11:51+0200,ca480415-0e53-4d99-b8f2-f778c2de0ac2,2026-06-30T11:30:00Z,2026-06-30T13:30:00+0200,10063.77,MW,BE,BE,actual_load,Actual Load,2026-07-21T00:11:54Z
2026-07-21T00:11:51Z,2026-07-21T02:11:51+0200,ca480415-0e53-4d99-b8f2-f778c2de0ac2,2026-06-30T11:45:00Z,2026-06-30T13:45:00+0200,10131.47,MW,BE,BE,actual_load,Actual Load,2026-07-21T00:11:54Z
2026-07-21T00:11:51Z,2026-07-21T02:11:51+0200,ca480415-0e53-4d99-b8f2-f778c2de0ac2,2026-06-30T12:00:00Z,2026-06-30T14:00:00+0200,10123.54,MW,BE,BE,actual_load,Actual Load,2026-07-21T00:11:54Z
2026-07-21T00:11:51Z,2026-07-21T02:11:51+0200,ca480415-0e53-4d99-b8f2-f778c2de0ac2,2026-06-30T12:15:00Z,2026-06-30T14:15:00+0200,10173.69,MW,BE,BE,actual_load,Actual Load,2026-07-21T00:11:54Z
2026-07-21T00:11:51Z,2026-07-21T02:11:51+0200,ca480415-0e53-4d99-b8f2-f778c2de0ac2,2026-06-30T12:30:00Z,2026-06-30T14:30:00+0200,10318.91,MW,BE,BE,actual_load,Actual Load,2026-07-21T00:11:54Z
2026-07-21T00:11:51Z,2026-07-21T02:11:51+0200,ca480415-0e53-4d99-b8f2-f778c2de0ac2,2026-06-30T12:45:00Z,2026-06-30T14:45:00+0200,10308.95,MW,BE,BE,actual_load,Actual Load,2026-07-21T00:11:54Z
2026-07-21T00:11:51Z,2026-07-21T02:11:51+0200,ca480415-0e53-4d99-b8f2-f778c2de0ac2,2026-06-30T13:00:00Z,2026-06-30T15:00:00+0200,10202.43,MW,BE,BE,actual_load,Actual Load,2026-07-21T00:11:54Z
2026-07-21T00:11:51Z,2026-07-21T02:11:51+0200,ca480415-0e53-4d99-b8f2-f778c2de0ac2,2026-06-30T13:15:00Z,2026-06-30T15:15:00+0200,10062.78,MW,BE,BE,actual_load,Actual Load,2026-07-21T00:11:54Z
2026-07-21T00:11:51Z,2026-07-21T02:11:51+0200,ca480415-0e53-4d99-b8f2-f778c2de0ac2,2026-06-30T13:30:00Z,2026-06-30T15:30:00+0200,9958.79,MW,BE,BE,actual_load,Actual Load,2026-07-21T00:11:54Z
2026-07-21T00:11:51Z,2026-07-21T02:11:51+0200,ca480415-0e53-4d99-b8f2-f778c2de0ac2,2026-06-30T13:45:00Z,2026-06-30T15:45:00+0200,9923.4,MW,BE,BE,actual_load,Actual Load,2026-07-21T00:11:54Z
2026-07-21T00:11:51Z,2026-07-21T02:11:51+0200,ca480415-0e53-4d99-b8f2-f778c2de0ac2,2026-06-30T14:00:00Z,2026-06-30T16:00:00+0200,10006.64,MW,BE,BE,actual_load,Actual Load,2026-07-21T00:11:54Z
2026-07-21T00:11:51Z,2026-07-21T02:11:51+0200,ca480415-0e53-4d99-b8f2-f778c2de0ac2,2026-06-30T14:15:00Z,2026-06-30T16:15:00+0200,9927.64,MW,BE,BE,actual_load,Actual Load,2026-07-21T00:11:54Z
2026-07-21T00:11:51Z,2026-07-21T02:11:51+0200,ca480415-0e53-4d99-b8f2-f778c2de0ac2,2026-06-30T14:30:00Z,2026-06-30T16:30:00+0200,9883.7,MW,BE,BE,actual_load,Actual Load,2026-07-21T00:11:54Z
2026-07-21T00:11:51Z,2026-07-21T02:11:51+0200,ca480415-0e53-4d99-b8f2-f778c2de0ac2,2026-06-30T14:45:00Z,2026-06-30T16:45:00+0200,9776.54,MW,BE,BE,actual_load,Actual Load,2026-07-21T00:11:54Z
2026-07-21T00:11:51Z,2026-07-21T02:11:51+0200,ca480415-0e53-4d99-b8f2-f778c2de0ac2,2026-06-30T15:00:00Z,2026-06-30T17:00:00+0200,9835.8,MW,BE,BE,actual_load,Actual Load,2026-07-21T00:11:54Z
2026-07-21T00:11:51Z,2026-07-21T02:11:51+0200,ca480415-0e53-4d99-b8f2-f778c2de0ac2,2026-06-30T15:15:00Z,2026-06-30T17:15:00+0200,9755.37,MW,BE,BE,actual_load,Actual Load,2026-07-21T00:11:54Z
2026-07-21T00:11:51Z,2026-07-21T02:11:51+0200,ca480415-0e53-4d99-b8f2-f778c2de0ac2,2026-06-30T15:30:00Z,2026-06-30T17:30:00+0200,9764.86,MW,BE,BE,actual_load,Actual Load,2026-07-21T00:11:54Z
2026-07-21T00:11:51Z,2026-07-21T02:11:51+0200,ca480415-0e53-4d99-b8f2-f778c2de0ac2,2026-06-30T15:45:00Z,2026-06-30T17:45:00+0200,9781.97,MW,BE,BE,actual_load,Actual Load,2026-07-21T00:11:54Z
2026-07-21T00:11:51Z,2026-07-21T02:11:51+0200,ca480415-0e53-4d99-b8f2-f778c2de0ac2,2026-06-30T16:00:00Z,2026-06-30T18:00:00+0200,9867.53,MW,BE,BE,actual_load,Actual Load,2026-07-21T00:11:54Z
2026-07-21T00:11:51Z,2026-07-21T02:11:51+0200,ca480415-0e53-4d99-b8f2-f778c2de0ac2,2026-06-30T16:15:00Z,2026-06-30T18:15:00+0200,9952.88,MW,BE,BE,actual_load,Actual Load,2026-07-21T00:11:54Z
2026-07-21T00:11:51Z,2026-07-21T02:11:51+0200,ca480415-0e53-4d99-b8f2-f778c2de0ac2,2026-06-30T16:30:00Z,2026-06-30T18:30:00+0200,9855.63,MW,BE,BE,actual_load,Actual Load,2026-07-21T00:11:54Z
2026-07-21T00:11:51Z,2026-07-21T02:11:51+0200,ca480415-0e53-4d99-b8f2-f778c2de0ac2,2026-06-30T16:45:00Z,2026-06-30T18:45:00+0200,9683.76,MW,BE,BE,actual_load,Actual Load,2026-07-21T00:11:54Z
2026-07-21T00:11:51Z,2026-07-21T02:11:51+0200,ca480415-0e53-4d99-b8f2-f778c2de0ac2,2026-06-30T17:00:00Z,2026-06-30T19:00:00+0200,9621.24,MW,BE,BE,actual_load,Actual Load,2026-07-21T00:11:54Z
2026-07-21T00:11:51Z,2026-07-21T02:11:51+0200,ca480415-0e53-4d99-b8f2-f778c2de0ac2,2026-06-30T17:15:00Z,2026-06-30T19:15:00+0200,9517.38,MW,BE,BE,actual_load,Actual Load,2026-07-21T00:11:54Z
2026-07-21T00:11:51Z,2026-07-21T02:11:51+0200,ca480415-0e53-4d99-b8f2-f778c2de0ac2,2026-06-30T17:30:00Z,2026-06-30T19:30:00+0200,9297.55,MW,BE,BE,actual_load,Actual Load,2026-07-21T00:11:54Z
2026-07-21T00:11:51Z,2026-07-21T02:11:51+0200,ca480415-0e53-4d99-b8f2-f778c2de0ac2,2026-06-30T17:45:00Z,2026-06-30T19:45:00+0200,9166.3,MW,BE,BE,actual_load,Actual Load,2026-07-21T00:11:54Z
2026-07-21T00:11:51Z,2026-07-21T02:11:51+0200,ca480415-0e53-4d99-b8f2-f778c2de0ac2,2026-06-30T18:00:00Z,2026-06-30T20:00:00+0200,9172.77,MW,BE,BE,actual_load,Actual Load,2026-07-21T00:11:54Z
2026-07-21T00:11:51Z,2026-07-21T02:11:51+0200,ca480415-0e53-4d99-b8f2-f778c2de0ac2,2026-06-30T18:15:00Z,2026-06-30T20:15:00+0200,9079.67,MW,BE,BE,actual_load,Actual Load,2026-07-21T00:11:54Z
2026-07-21T00:11:51Z,2026-07-21T02:11:51+0200,ca480415-0e53-4d99-b8f2-f778c2de0ac2,2026-06-30T18:30:00Z,2026-06-30T20:30:00+0200,9052.73,MW,BE,BE,actual_load,Actual Load,2026-07-21T00:11:54Z
2026-07-21T00:11:51Z,2026-07-21T02:11:51+0200,ca480415-0e53-4d99-b8f2-f778c2de0ac2,2026-06-30T18:45:00Z,2026-06-30T20:45:00+0200,9011.31,MW,BE,BE,actual_load,Actual Load,2026-07-21T00:11:54Z
2026-07-21T00:11:51Z,2026-07-21T02:11:51+0200,ca480415-0e53-4d99-b8f2-f778c2de0ac2,2026-06-30T19:00:00Z,2026-06-30T21:00:00+0200,9067.67,MW,BE,BE,actual_load,Actual Load,2026-07-21T00:11:54Z
2026-07-21T00:11:51Z,2026-07-21T02:11:51+0200,ca480415-0e53-4d99-b8f2-f778c2de0ac2,2026-06-30T19:15:00Z,2026-06-30T21:15:00+0200,9045.5,MW,BE,BE,actual_load,Actual Load,2026-07-21T00:11:54Z
2026-07-21T00:11:51Z,2026-07-21T02:11:51+0200,ca480415-0e53-4d99-b8f2-f778c2de0ac2,2026-06-30T19:30:00Z,2026-06-30T21:30:00+0200,8955.18,MW,BE,BE,actual_load,Actual Load,2026-07-21T00:11:54Z
2026-07-21T00:11:51Z,2026-07-21T02:11:51+0200,ca480415-0e53-4d99-b8f2-f778c2de0ac2,2026-06-30T19:45:00Z,2026-06-30T21:45:00+0200,8934.84,MW,BE,BE,actual_load,Actual Load,2026-07-21T00:11:54Z
2026-07-21T00:11:51Z,2026-07-21T02:11:51+0200,ca480415-0e53-4d99-b8f2-f778c2de0ac2,2026-06-30T20:00:00Z,2026-06-30T22:00:00+0200,9042.36,MW,BE,BE,actual_load,Actual Load,2026-07-21T00:11:54Z
2026-07-21T00:11:51Z,2026-07-21T02:11:51+0200,ca480415-0e53-4d99-b8f2-f778c2de0ac2,2026-06-30T20:15:00Z,2026-06-30T22:15:00+0200,9112.81,MW,BE,BE,actual_load,Actual Load,2026-07-21T00:11:54Z
2026-07-21T00:11:51Z,2026-07-21T02:11:51+0200,ca480415-0e53-4d99-b8f2-f778c2de0ac2,2026-06-30T20:30:00Z,2026-06-30T22:30:00+0200,9067.86,MW,BE,BE,actual_load,Actual Load,2026-07-21T00:11:54Z
2026-07-21T00:11:51Z,2026-07-21T02:11:51+0200,ca480415-0e53-4d99-b8f2-f778c2de0ac2,2026-06-30T20:45:00Z,2026-06-30T22:45:00+0200,8973.97,MW,BE,BE,actual_load,Actual Load,2026-07-21T00:11:54Z
2026-07-21T00:11:51Z,2026-07-21T02:11:51+0200,ca480415-0e53-4d99-b8f2-f778c2de0ac2,2026-06-30T21:00:00Z,2026-06-30T23:00:00+0200,8876.74,MW,BE,BE,actual_load,Actual Load,2026-07-21T00:11:54Z
2026-07-21T00:11:51Z,2026-07-21T02:11:51+0200,ca480415-0e53-4d99-b8f2-f778c2de0ac2,2026-06-30T21:15:00Z,2026-06-30T23:15:00+0200,8714.9,MW,BE,BE,actual_load,Actual Load,2026-07-21T00:11:54Z
2026-07-21T00:11:51Z,2026-07-21T02:11:51+0200,ca480415-0e53-4d99-b8f2-f778c2de0ac2,2026-06-30T21:30:00Z,2026-06-30T23:30:00+0200,8582.65,MW,BE,BE,actual_load,Actual Load,2026-07-21T00:11:54Z
2026-07-21T00:11:51Z,2026-07-21T02:11:51+0200,ca480415-0e53-4d99-b8f2-f778c2de0ac2,2026-06-30T21:45:00Z,2026-06-30T23:45:00+0200,8479.49,MW,BE,BE,actual_load,Actual Load,2026-07-21T00:11:54Z
2026-07-21T00:11:51Z,2026-07-21T02:11:51+0200,ca480415-0e53-4d99-b8f2-f778c2de0ac2,2026-06-30T22:00:00Z,2026-07-01T00:00:00+0200,8300.55,MW,BE,BE,actual_load,Actual Load,2026-07-21T00:11:54Z
2026-07-21T00:11:51Z,2026-07-21T02:11:51+0200,ca480415-0e53-4d99-b8f2-f778c2de0ac2,2026-06-30T22:15:00Z,2026-07-01T00:15:00+0200,8194.52,MW,BE,BE,actual_load,Actual Load,2026-07-21T00:11:54Z
2026-07-21T00:11:51Z,2026-07-21T02:11:51+0200,ca480415-0e53-4d99-b8f2-f778c2de0ac2,2026-06-30T22:30:00Z,2026-07-01T00:30:00+0200,8115.49,MW,BE,BE,actual_load,Actual Load,2026-07-21T00:11:54Z
2026-07-21T00:11:51Z,2026-07-21T02:11:51+0200,ca480415-0e53-4d99-b8f2-f778c2de0ac2,2026-06-30T22:45:00Z,2026-07-01T00:45:00+0200,8107.82,MW,BE,BE,actual_load,Actual Load,2026-07-21T00:11:54Z
2026-07-21T00:11:51Z,2026-07-21T02:11:51+0200,ca480415-0e53-4d99-b8f2-f778c2de0ac2,2026-06-30T23:00:00Z,2026-07-01T01:00:00+0200,7930.89,MW,BE,BE,actual_load,Actual Load,2026-07-21T00:11:54Z
2026-07-21T00:11:51Z,2026-07-21T02:11:51+0200,ca480415-0e53-4d99-b8f2-f778c2de0ac2,2026-06-30T23:15:00Z,2026-07-01T01:15:00+0200,7878.63,MW,BE,BE,actual_load,Actual Load,2026-07-21T00:11:54Z
2026-07-21T00:11:51Z,2026-07-21T02:11:51+0200,ca480415-0e53-4d99-b8f2-f778c2de0ac2,2026-06-30T23:30:00Z,2026-07-01T01:30:00+0200,7737.0,MW,BE,BE,actual_load,Actual Load,2026-07-21T00:11:54Z
2026-07-21T00:11:51Z,2026-07-21T02:11:51+0200,ca480415-0e53-4d99-b8f2-f778c2de0ac2,2026-06-30T23:45:00Z,2026-07-01T01:45:00+0200,7754.43,MW,BE,BE,actual_load,Actual Load,2026-07-21T00:11:54Z
2026-07-21T00:11:51Z,2026-07-21T02:11:51+0200,ca480415-0e53-4d99-b8f2-f778c2de0ac2,2026-07-01T00:00:00Z,2026-07-01T02:00:00+0200,7669.82,MW,BE,BE,actual_load,Actual Load,2026-07-21T00:11:54Z
2026-07-21T00:11:51Z,2026-07-21T02:11:51+0200,ca480415-0e53-4d99-b8f2-f778c2de0ac2,2026-07-01T00:15:00Z,2026-07-01T02:15:00+0200,7837.04,MW,BE,BE,actual_load,Actual Load,2026-07-21T00:11:54Z
2026-07-21T00:11:51Z,2026-07-21T02:11:51+0200,ca480415-0e53-4d99-b8f2-f778c2de0ac2,2026-07-01T00:30:00Z,2026-07-01T02:30:00+0200,7633.46,MW,BE,BE,actual_load,Actual Load,2026-07-21T00:11:54Z
2026-07-21T00:11:51Z,2026-07-21T02:11:51+0200,ca480415-0e53-4d99-b8f2-f778c2de0ac2,2026-07-01T00:45:00Z,2026-07-01T02:45:00+0200,7744.2,MW,BE,BE,actual_load,Actual Load,2026-07-21T00:11:54Z
2026-07-21T00:11:51Z,2026-07-21T02:11:51+0200,ca480415-0e53-4d99-b8f2-f778c2de0ac2,2026-07-01T01:00:00Z,2026-07-01T03:00:00+0200,7795.15,MW,BE,BE,actual_load,Actual Load,2026-07-21T00:11:54Z
2026-07-21T00:11:51Z,2026-07-21T02:11:51+0200,ca480415-0e53-4d99-b8f2-f778c2de0ac2,2026-07-01T01:15:00Z,2026-07-01T03:15:00+0200,7760.84,MW,BE,BE,actual_load,Actual Load,2026-07-21T00:11:54Z
2026-07-21T00:11:51Z,2026-07-21T02:11:51+0200,ca480415-0e53-4d99-b8f2-f778c2de0ac2,2026-07-01T01:30:00Z,2026-07-01T03:30:00+0200,7684.37,MW,BE,BE,actual_load,Actual Load,2026-07-21T00:11:54Z
2026-07-21T00:11:51Z,2026-07-21T02:11:51+0200,ca480415-0e53-4d99-b8f2-f778c2de0ac2,2026-07-01T01:45:00Z,2026-07-01T03:45:00+0200,7675.09,MW,BE,BE,actual_load,Actual Load,2026-07-21T00:11:54Z
2026-07-21T00:11:51Z,2026-07-21T02:11:51+0200,ca480415-0e53-4d99-b8f2-f778c2de0ac2,2026-07-01T02:00:00Z,2026-07-01T04:00:00+0200,7608.2,MW,BE,BE,actual_load,Actual Load,2026-07-21T00:11:54Z
2026-07-21T00:11:51Z,2026-07-21T02:11:51+0200,ca480415-0e53-4d99-b8f2-f778c2de0ac2,2026-07-01T02:15:00Z,2026-07-01T04:15:00+0200,7609.81,MW,BE,BE,actual_load,Actual Load,2026-07-21T00:11:54Z
2026-07-21T00:11:51Z,2026-07-21T02:11:51+0200,ca480415-0e53-4d99-b8f2-f778c2de0ac2,2026-07-01T02:30:00Z,2026-07-01T04:30:00+0200,7650.84,MW,BE,BE,actual_load,Actual Load,2026-07-21T00:11:54Z
2026-07-21T00:11:51Z,2026-07-21T02:11:51+0200,ca480415-0e53-4d99-b8f2-f778c2de0ac2,2026-07-01T02:45:00Z,2026-07-01T04:45:00+0200,7633.61,MW,BE,BE,actual_load,Actual Load,2026-07-21T00:11:54Z
2026-07-21T00:11:51Z,2026-07-21T02:11:51+0200,ca480415-0e53-4d99-b8f2-f778c2de0ac2,2026-07-01T03:00:00Z,2026-07-01T05:00:00+0200,7586.91,MW,BE,BE,actual_load,Actual Load,2026-07-21T00:11:54Z
2026-07-21T00:11:51Z,2026-07-21T02:11:51+0200,ca480415-0e53-4d99-b8f2-f778c2de0ac2,2026-07-01T03:15:00Z,2026-07-01T05:15:00+0200,7547.14,MW,BE,BE,actual_load,Actual Load,2026-07-21T00:11:54Z
2026-07-21T00:11:51Z,2026-07-21T02:11:51+0200,ca480415-0e53-4d99-b8f2-f778c2de0ac2,2026-07-01T03:30:00Z,2026-07-01T05:30:00+0200,7605.18,MW,BE,BE,actual_load,Actual Load,2026-07-21T00:11:54Z
2026-07-21T00:11:51Z,2026-07-21T02:11:51+0200,ca480415-0e53-4d99-b8f2-f778c2de0ac2,2026-07-01T03:45:00Z,2026-07-01T05:45:00+0200,7685.28,MW,BE,BE,actual_load,Actual Load,2026-07-21T00:11:54Z
2026-07-21T00:11:51Z,2026-07-21T02:11:51+0200,ca480415-0e53-4d99-b8f2-f778c2de0ac2,2026-07-01T04:00:00Z,2026-07-01T06:00:00+0200,7824.05,MW,BE,BE,actual_load,Actual Load,2026-07-21T00:11:54Z
2026-07-21T00:11:51Z,2026-07-21T02:11:51+0200,ca480415-0e53-4d99-b8f2-f778c2de0ac2,2026-07-01T04:15:00Z,2026-07-01T06:15:00+0200,8028.56,MW,BE,BE,actual_load,Actual Load,2026-07-21T00:11:54Z
2026-07-21T00:11:51Z,2026-07-21T02:11:51+0200,ca480415-0e53-4d99-b8f2-f778c2de0ac2,2026-07-01T04:30:00Z,2026-07-01T06:30:00+0200,8234.22,MW,BE,BE,actual_load,Actual Load,2026-07-21T00:11:54Z
2026-07-21T00:11:51Z,2026-07-21T02:11:51+0200,ca480415-0e53-4d99-b8f2-f778c2de0ac2,2026-07-01T04:45:00Z,2026-07-01T06:45:00+0200,8408.48,MW,BE,BE,actual_load,Actual Load,2026-07-21T00:11:54Z
2026-07-21T00:11:51Z,2026-07-21T02:11:51+0200,ca480415-0e53-4d99-b8f2-f778c2de0ac2,2026-07-01T05:00:00Z,2026-07-01T07:00:00+0200,8593.55,MW,BE,BE,actual_load,Actual Load,2026-07-21T00:11:54Z
2026-07-21T00:11:51Z,2026-07-21T02:11:51+0200,ca480415-0e53-4d99-b8f2-f778c2de0ac2,2026-07-01T05:15:00Z,2026-07-01T07:15:00+0200,8816.21,MW,BE,BE,actual_load,Actual Load,2026-07-21T00:11:54Z
2026-07-21T00:11:51Z,2026-07-21T02:11:51+0200,ca480415-0e53-4d99-b8f2-f778c2de0ac2,2026-07-01T05:30:00Z,2026-07-01T07:30:00+0200,9103.72,MW,BE,BE,actual_load,Actual Load,2026-07-21T00:11:54Z
2026-07-21T00:11:51Z,2026-07-21T02:11:51+0200,ca480415-0e53-4d99-b8f2-f778c2de0ac2,2026-07-01T05:45:00Z,2026-07-01T07:45:00+0200,9242.16,MW,BE,BE,actual_load,Actual Load,2026-07-21T00:11:54Z
2026-07-21T00:11:51Z,2026-07-21T02:11:51+0200,ca480415-0e53-4d99-b8f2-f778c2de0ac2,2026-07-01T06:00:00Z,2026-07-01T08:00:00+0200,9283.27,MW,BE,BE,actual_load,Actual Load,2026-07-21T00:11:54Z
2026-07-21T00:11:51Z,2026-07-21T02:11:51+0200,ca480415-0e53-4d99-b8f2-f778c2de0ac2,2026-07-01T06:15:00Z,2026-07-01T08:15:00+0200,9411.49,MW,BE,BE,actual_load,Actual Load,2026-07-21T00:11:54Z
2026-07-21T00:11:51Z,2026-07-21T02:11:51+0200,ca480415-0e53-4d99-b8f2-f778c2de0ac2,2026-07-01T06:30:00Z,2026-07-01T08:30:00+0200,9571.59,MW,BE,BE,actual_load,Actual Load,2026-07-21T00:11:54Z
2026-07-21T00:11:51Z,2026-07-21T02:11:51+0200,ca480415-0e53-4d99-b8f2-f778c2de0ac2,2026-07-01T06:45:00Z,2026-07-01T08:45:00+0200,9901.34,MW,BE,BE,actual_load,Actual Load,2026-07-21T00:11:54Z
2026-07-21T00:11:51Z,2026-07-21T02:11:51+0200,ca480415-0e53-4d99-b8f2-f778c2de0ac2,2026-07-01T07:00:00Z,2026-07-01T09:00:00+0200,10065.0,MW,BE,BE,actual_load,Actual Load,2026-07-21T00:11:54Z
2026-07-21T00:11:51Z,2026-07-21T02:11:51+0200,ca480415-0e53-4d99-b8f2-f778c2de0ac2,2026-07-01T07:15:00Z,2026-07-01T09:15:00+0200,10124.39,MW,BE,BE,actual_load,Actual Load,2026-07-21T00:11:54Z
2026-07-21T00:11:51Z,2026-07-21T02:11:51+0200,ca480415-0e53-4d99-b8f2-f778c2de0ac2,2026-07-01T07:30:00Z,2026-07-01T09:30:00+0200,10159.69,MW,BE,BE,actual_load,Actual Load,2026-07-21T00:11:54Z
2026-07-21T00:11:51Z,2026-07-21T02:11:51+0200,ca480415-0e53-4d99-b8f2-f778c2de0ac2,2026-07-01T07:45:00Z,2026-07-01T09:45:00+0200,10282.64,MW,BE,BE,actual_load,Actual Load,2026-07-21T00:11:54Z
2026-07-21T00:11:51Z,2026-07-21T02:11:51+0200,ca480415-0e53-4d99-b8f2-f778c2de0ac2,2026-07-01T08:00:00Z,2026-07-01T10:00:00+0200,10252.16,MW,BE,BE,actual_load,Actual Load,2026-07-21T00:11:54Z
2026-07-21T00:11:51Z,2026-07-21T02:11:51+0200,ca480415-0e53-4d99-b8f2-f778c2de0ac2,2026-07-01T08:15:00Z,2026-07-01T10:15:00+0200,10208.55,MW,BE,BE,actual_load,Actual Load,2026-07-21T00:11:54Z
2026-07-21T00:11:51Z,2026-07-21T02:11:51+0200,ca480415-0e53-4d99-b8f2-f778c2de0ac2,2026-07-01T08:30:00Z,2026-07-01T10:30:00+0200,10279.95,MW,BE,BE,actual_load,Actual Load,2026-07-21T00:11:54Z
2026-07-21T00:11:51Z,2026-07-21T02:11:51+0200,ca480415-0e53-4d99-b8f2-f778c2de0ac2,2026-07-01T08:45:00Z,2026-07-01T10:45:00+0200,10457.29,MW,BE,BE,actual_load,Actual Load,2026-07-21T00:11:54Z
2026-07-21T00:11:51Z,2026-07-21T02:11:51+0200,ca480415-0e53-4d99-b8f2-f778c2de0ac2,2026-07-01T09:00:00Z,2026-07-01T11:00:00+0200,10599.98,MW,BE,BE,actual_load,Actual Load,2026-07-21T00:11:54Z
2026-07-21T00:11:51Z,2026-07-21T02:11:51+0200,ca480415-0e53-4d99-b8f2-f778c2de0ac2,2026-07-01T09:15:00Z,2026-07-01T11:15:00+0200,10582.8,MW,BE,BE,actual_load,Actual Load,2026-07-21T00:11:54Z
2026-07-21T00:11:51Z,2026-07-21T02:11:51+0200,ca480415-0e53-4d99-b8f2-f778c2de0ac2,2026-07-01T09:30:00Z,2026-07-01T11:30:00+0200,10628.69,MW,BE,BE,actual_load,Actual Load,2026-07-21T00:11:54Z
2026-07-21T00:11:51Z,2026-07-21T02:11:51+0200,ca480415-0e53-4d99-b8f2-f778c2de0ac2,2026-07-01T09:45:00Z,2026-07-01T11:45:00+0200,10893.44,MW,BE,BE,actual_load,Actual Load,2026-07-21T00:11:54Z
2026-07-21T00:11:51Z,2026-07-21T02:11:51+0200,ca480415-0e53-4d99-b8f2-f778c2de0ac2,2026-07-01T10:00:00Z,2026-07-01T12:00:00+0200,10780.72,MW,BE,BE,actual_load,Actual Load,2026-07-21T00:11:54Z
2026-07-21T00:11:51Z,2026-07-21T02:11:51+0200,ca480415-0e53-4d99-b8f2-f778c2de0ac2,2026-07-01T10:15:00Z,2026-07-01T12:15:00+0200,10659.71,MW,BE,BE,actual_load,Actual Load,2026-07-21T00:11:54Z
2026-07-21T00:11:51Z,2026-07-21T02:11:51+0200,ca480415-0e53-4d99-b8f2-f778c2de0ac2,2026-07-01T10:30:00Z,2026-07-01T12:30:00+0200,10540.59,MW,BE,BE,actual_load,Actual Load,2026-07-21T00:11:54Z
2026-07-21T00:11:51Z,2026-07-21T02:11:51+0200,ca480415-0e53-4d99-b8f2-f778c2de0ac2,2026-07-01T10:45:00Z,2026-07-01T12:45:00+0200,10553.36,MW,BE,BE,actual_load,Actual Load,2026-07-21T00:11:54Z
2026-07-21T00:11:51Z,2026-07-21T02:11:51+0200,ca480415-0e53-4d99-b8f2-f778c2de0ac2,2026-07-01T11:00:00Z,2026-07-01T13:00:00+0200,10628.69,MW,BE,BE,actual_load,Actual Load,2026-07-21T00:11:54Z
2026-07-21T00:11:51Z,2026-07-21T02:11:51+0200,ca480415-0e53-4d99-b8f2-f778c2de0ac2,2026-07-01T11:15:00Z,2026-07-01T13:15:00+0200,10689.99,MW,BE,BE,actual_load,Actual Load,2026-07-21T00:11:54Z
2026-07-21T00:11:51Z,2026-07-21T02:11:51+0200,ca480415-0e53-4d99-b8f2-f778c2de0ac2,2026-07-01T11:30:00Z,2026-07-01T13:30:00+0200,10680.14,MW,BE,BE,actual_load,Actual Load,2026-07-21T00:11:54Z
2026-07-21T00:11:51Z,2026-07-21T02:11:51+0200,ca480415-0e53-4d99-b8f2-f778c2de0ac2,2026-07-01T11:45:00Z,2026-07-01T13:45:00+0200,10565.63,MW,BE,BE,actual_load,Actual Load,2026-07-21T00:11:54Z
2026-07-21T00:11:51Z,2026-07-21T02:11:51+0200,ca480415-0e53-4d99-b8f2-f778c2de0ac2,2026-07-01T12:00:00Z,2026-07-01T14:00:00+0200,10462.59,MW,BE,BE,actual_load,Actual Load,2026-07-21T00:11:54Z
2026-07-21T00:11:51Z,2026-07-21T02:11:51+0200,ca480415-0e53-4d99-b8f2-f778c2de0ac2,2026-07-01T12:15:00Z,2026-07-01T14:15:00+0200,10645.44,MW,BE,BE,actual_load,Actual Load,2026-07-21T00:11:54Z
2026-07-21T00:11:51Z,2026-07-21T02:11:51+0200,ca480415-0e53-4d99-b8f2-f778c2de0ac2,2026-07-01T12:30:00Z,2026-07-01T14:30:00+0200,10610.64,MW,BE,BE,actual_load,Actual Load,2026-07-21T00:11:54Z
2026-07-21T00:11:51Z,2026-07-21T02:11:51+0200,ca480415-0e53-4d99-b8f2-f778c2de0ac2,2026-07-01T12:45:00Z,2026-07-01T14:45:00+0200,10471.17,MW,BE,BE,actual_load,Actual Load,2026-07-21T00:11:54Z
2026-07-21T00:11:51Z,2026-07-21T02:11:51+0200,ca480415-0e53-4d99-b8f2-f778c2de0ac2,2026-07-01T13:00:00Z,2026-07-01T15:00:00+0200,10519.88,MW,BE,BE,actual_load,Actual Load,2026-07-21T00:11:54Z
2026-07-21T00:11:51Z,2026-07-21T02:11:51+0200,ca480415-0e53-4d99-b8f2-f778c2de0ac2,2026-07-01T13:15:00Z,2026-07-01T15:15:00+0200,10313.37,MW,BE,BE,actual_load,Actual Load,2026-07-21T00:11:54Z
2026-07-21T00:11:51Z,2026-07-21T02:11:51+0200,ca480415-0e53-4d99-b8f2-f778c2de0ac2,2026-07-01T13:30:00Z,2026-07-01T15:30:00+0200,10235.05,MW,BE,BE,actual_load,Actual Load,2026-07-21T00:11:54Z
2026-07-21T00:11:51Z,2026-07-21T02:11:51+0200,ca480415-0e53-4d99-b8f2-f778c2de0ac2,2026-07-01T13:45:00Z,2026-07-01T15:45:00+0200,10113.21,MW,BE,BE,actual_load,Actual Load,2026-07-21T00:11:54Z
2026-07-21T00:11:51Z,2026-07-21T02:11:51+0200,ca480415-0e53-4d99-b8f2-f778c2de0ac2,2026-07-01T14:00:00Z,2026-07-01T16:00:00+0200,10185.42,MW,BE,BE,actual_load,Actual Load,2026-07-21T00:11:54Z
2026-07-21T00:11:51Z,2026-07-21T02:11:51+0200,ca480415-0e53-4d99-b8f2-f778c2de0ac2,2026-07-01T14:15:00Z,2026-07-01T16:15:00+0200,10301.65,MW,BE,BE,actual_load,Actual Load,2026-07-21T00:11:54Z
2026-07-21T00:11:51Z,2026-07-21T02:11:51+0200,ca480415-0e53-4d99-b8f2-f778c2de0ac2,2026-07-01T14:30:00Z,2026-07-01T16:30:00+0200,10221.9,MW,BE,BE,actual_load,Actual Load,2026-07-21T00:11:54Z
2026-07-21T00:11:51Z,2026-07-21T02:11:51+0200,ca480415-0e53-4d99-b8f2-f778c2de0ac2,2026-07-01T14:45:00Z,2026-07-01T16:45:00+0200,10116.33,MW,BE,BE,actual_load,Actual Load,2026-07-21T00:11:54Z
2026-07-21T00:11:51Z,2026-07-21T02:11:51+0200,ca480415-0e53-4d99-b8f2-f778c2de0ac2,2026-07-01T15:00:00Z,2026-07-01T17:00:00+0200,10115.41,MW,BE,BE,actual_load,Actual Load,2026-07-21T00:11:54Z
2026-07-21T00:11:51Z,2026-07-21T02:11:51+0200,ca480415-0e53-4d99-b8f2-f778c2de0ac2,2026-07-01T15:15:00Z,2026-07-01T17:15:00+0200,10013.43,MW,BE,BE,actual_load,Actual Load,2026-07-21T00:11:54Z
2026-07-21T00:11:51Z,2026-07-21T02:11:51+0200,ca480415-0e53-4d99-b8f2-f778c2de0ac2,2026-07-01T15:30:00Z,2026-07-01T17:30:00+0200,9976.21,MW,BE,BE,actual_load,Actual Load,2026-07-21T00:11:54Z
2026-07-21T00:11:51Z,2026-07-21T02:11:51+0200,ca480415-0e53-4d99-b8f2-f778c2de0ac2,2026-07-01T15:45:00Z,2026-07-01T17:45:00+0200,10019.76,MW,BE,BE,actual_load,Actual Load,2026-07-21T00:11:54Z
2026-07-21T00:11:51Z,2026-07-21T02:11:51+0200,ca480415-0e53-4d99-b8f2-f778c2de0ac2,2026-07-01T16:00:00Z,2026-07-01T18:00:00+0200,10113.04,MW,BE,BE,actual_load,Actual Load,2026-07-21T00:11:54Z
2026-07-21T00:11:51Z,2026-07-21T02:11:51+0200,ca480415-0e53-4d99-b8f2-f778c2de0ac2,2026-07-01T16:15:00Z,2026-07-01T18:15:00+0200,10026.71,MW,BE,BE,actual_load,Actual Load,2026-07-21T00:11:54Z
2026-07-21T00:11:51Z,2026-07-21T02:11:51+0200,ca480415-0e53-4d99-b8f2-f778c2de0ac2,2026-07-01T16:30:00Z,2026-07-01T18:30:00+0200,10075.86,MW,BE,BE,actual_load,Actual Load,2026-07-21T00:11:54Z
2026-07-21T00:11:51Z,2026-07-21T02:11:51+0200,ca480415-0e53-4d99-b8f2-f778c2de0ac2,2026-07-01T16:45:00Z,2026-07-01T18:45:00+0200,9808.87,MW,BE,BE,actual_load,Actual Load,2026-07-21T00:11:54Z
2026-07-21T00:11:51Z,2026-07-21T02:11:51+0200,ca480415-0e53-4d99-b8f2-f778c2de0ac2,2026-07-01T17:00:00Z,2026-07-01T19:00:00+0200,9743.06,MW,BE,BE,actual_load,Actual Load,2026-07-21T00:11:54Z
2026-07-21T00:11:51Z,2026-07-21T02:11:51+0200,ca480415-0e53-4d99-b8f2-f778c2de0ac2,2026-07-01T17:15:00Z,2026-07-01T19:15:00+0200,9703.4,MW,BE,BE,actual_load,Actual Load,2026-07-21T00:11:54Z
2026-07-21T00:11:51Z,2026-07-21T02:11:51+0200,ca480415-0e53-4d99-b8f2-f778c2de0ac2,2026-07-01T17:30:00Z,2026-07-01T19:30:00+0200,9682.25,MW,BE,BE,actual_load,Actual Load,2026-07-21T00:11:54Z
2026-07-21T00:11:51Z,2026-07-21T02:11:51+0200,ca480415-0e53-4d99-b8f2-f778c2de0ac2,2026-07-01T17:45:00Z,2026-07-01T19:45:00+0200,9789.09,MW,BE,BE,actual_load,Actual Load,2026-07-21T00:11:54Z
2026-07-21T00:11:51Z,2026-07-21T02:11:51+0200,ca480415-0e53-4d99-b8f2-f778c2de0ac2,2026-07-01T18:00:00Z,2026-07-01T20:00:00+0200,9861.11,MW,BE,BE,actual_load,Actual Load,2026-07-21T00:11:54Z
2026-07-21T00:11:51Z,2026-07-21T02:11:51+0200,ca480415-0e53-4d99-b8f2-f778c2de0ac2,2026-07-01T18:15:00Z,2026-07-01T20:15:00+0200,9781.16,MW,BE,BE,actual_load,Actual Load,2026-07-21T00:11:54Z
2026-07-21T00:11:51Z,2026-07-21T02:11:51+0200,ca480415-0e53-4d99-b8f2-f778c2de0ac2,2026-07-01T18:30:00Z,2026-07-01T20:30:00+0200,9645.3,MW,BE,BE,actual_load,Actual Load,2026-07-21T00:11:54Z
2026-07-21T00:11:51Z,2026-07-21T02:11:51+0200,ca480415-0e53-4d99-b8f2-f778c2de0ac2,2026-07-01T18:45:00Z,2026-07-01T20:45:00+0200,9452.54,MW,BE,BE,actual_load,Actual Load,2026-07-21T00:11:54Z
2026-07-21T00:11:51Z,2026-07-21T02:11:51+0200,ca480415-0e53-4d99-b8f2-f778c2de0ac2,2026-07-01T19:00:00Z,2026-07-01T21:00:00+0200,9333.46,MW,BE,BE,actual_load,Actual Load,2026-07-21T00:11:54Z
2026-07-21T00:11:51Z,2026-07-21T02:11:51+0200,ca480415-0e53-4d99-b8f2-f778c2de0ac2,2026-07-01T19:15:00Z,2026-07-01T21:15:00+0200,9209.7,MW,BE,BE,actual_load,Actual Load,2026-07-21T00:11:54Z
2026-07-21T00:11:51Z,2026-07-21T02:11:51+0200,ca480415-0e53-4d99-b8f2-f778c2de0ac2,2026-07-01T19:30:00Z,2026-07-01T21:30:00+0200,9251.0,MW,BE,BE,actual_load,Actual Load,2026-07-21T00:11:54Z
2026-07-21T00:11:51Z,2026-07-21T02:11:51+0200,ca480415-0e53-4d99-b8f2-f778c2de0ac2,2026-07-01T19:45:00Z,2026-07-01T21:45:00+0200,9251.71,MW,BE,BE,actual_load,Actual Load,2026-07-21T00:11:54Z
2026-07-21T00:11:51Z,2026-07-21T02:11:51+0200,ca480415-0e53-4d99-b8f2-f778c2de0ac2,2026-07-01T20:00:00Z,2026-07-01T22:00:00+0200,9302.06,MW,BE,BE,actual_load,Actual Load,2026-07-21T00:11:54Z
2026-07-21T00:11:51Z,2026-07-21T02:11:51+0200,ca480415-0e53-4d99-b8f2-f778c2de0ac2,2026-07-01T20:15:00Z,2026-07-01T22:15:00+0200,9289.85,MW,BE,BE,actual_load,Actual Load,2026-07-21T00:11:54Z
2026-07-21T00:11:51Z,2026-07-21T02:11:51+0200,ca480415-0e53-4d99-b8f2-f778c2de0ac2,2026-07-01T20:30:00Z,2026-07-01T22:30:00+0200,9257.77,MW,BE,BE,actual_load,Actual Load,2026-07-21T00:11:54Z
2026-07-21T00:11:51Z,2026-07-21T02:11:51+0200,ca480415-0e53-4d99-b8f2-f778c2de0ac2,2026-07-01T20:45:00Z,2026-07-01T22:45:00+0200,9078.41,MW,BE,BE,actual_load,Actual Load,2026-07-21T00:11:54Z
2026-07-21T00:11:51Z,2026-07-21T02:11:51+0200,ca480415-0e53-4d99-b8f2-f778c2de0ac2,2026-07-01T21:00:00Z,2026-07-01T23:00:00+0200,8939.14,MW,BE,BE,actual_load,Actual Load,2026-07-21T00:11:54Z
2026-07-21T00:11:51Z,2026-07-21T02:11:51+0200,ca480415-0e53-4d99-b8f2-f778c2de0ac2,2026-07-01T21:15:00Z,2026-07-01T23:15:00+0200,8736.15,MW,BE,BE,actual_load,Actual Load,2026-07-21T00:11:54Z
2026-07-21T00:11:51Z,2026-07-21T02:11:51+0200,ca480415-0e53-4d99-b8f2-f778c2de0ac2,2026-07-01T21:30:00Z,2026-07-01T23:30:00+0200,8643.86,MW,BE,BE,actual_load,Actual Load,2026-07-21T00:11:54Z
2026-07-21T00:11:51Z,2026-07-21T02:11:51+0200,ca480415-0e53-4d99-b8f2-f778c2de0ac2,2026-07-01T21:45:00Z,2026-07-01T23:45:00+0200,8532.51,MW,BE,BE,actual_load,Actual Load,2026-07-21T00:11:54Z
2026-07-21T00:11:51Z,2026-07-21T02:11:51+0200,ca480415-0e53-4d99-b8f2-f778c2de0ac2,2026-07-01T22:00:00Z,2026-07-02T00:00:00+0200,8559.73,MW,BE,BE,actual_load,Actual Load,2026-07-21T00:11:54Z
2026-07-21T00:11:51Z,2026-07-21T02:11:51+0200,ca480415-0e53-4d99-b8f2-f778c2de0ac2,2026-07-01T22:15:00Z,2026-07-02T00:15:00+0200,8377.22,MW,BE,BE,actual_load,Actual Load,2026-07-21T00:11:54Z
2026-07-21T00:11:51Z,2026-07-21T02:11:51+0200,ca480415-0e53-4d99-b8f2-f778c2de0ac2,2026-07-01T22:30:00Z,2026-07-02T00:30:00+0200,8334.89,MW,BE,BE,actual_load,Actual Load,2026-07-21T00:11:54Z
2026-07-21T00:11:51Z,2026-07-21T02:11:51+0200,ca480415-0e53-4d99-b8f2-f778c2de0ac2,2026-07-01T22:45:00Z,2026-07-02T00:45:00+0200,8215.68,MW,BE,BE,actual_load,Actual Load,2026-07-21T00:11:54Z
2026-07-21T00:11:51Z,2026-07-21T02:11:51+0200,ca480415-0e53-4d99-b8f2-f778c2de0ac2,2026-07-01T23:00:00Z,2026-07-02T01:00:00+0200,8231.7,MW,BE,BE,actual_load,Actual Load,2026-07-21T00:11:54Z
2026-07-21T00:11:51Z,2026-07-21T02:11:51+0200,ca480415-0e53-4d99-b8f2-f778c2de0ac2,2026-07-01T23:15:00Z,2026-07-02T01:15:00+0200,8084.73,MW,BE,BE,actual_load,Actual Load,2026-07-21T00:11:54Z
2026-07-21T00:11:51Z,2026-07-21T02:11:51+0200,ca480415-0e53-4d99-b8f2-f778c2de0ac2,2026-07-01T23:30:00Z,2026-07-02T01:30:00+0200,8049.47,MW,BE,BE,actual_load,Actual Load,2026-07-21T00:11:54Z
2026-07-21T00:11:51Z,2026-07-21T02:11:51+0200,ca480415-0e53-4d99-b8f2-f778c2de0ac2,2026-07-01T23:45:00Z,2026-07-02T01:45:00+0200,7945.55,MW,BE,BE,actual_load,Actual Load,2026-07-21T00:11:54Z
2026-07-21T00:11:51Z,2026-07-21T02:11:51+0200,ca480415-0e53-4d99-b8f2-f778c2de0ac2,2026-07-02T00:00:00Z,2026-07-02T02:00:00+0200,7994.68,MW,BE,BE,actual_load,Actual Load,2026-07-21T00:11:54Z
2026-07-21T00:11:51Z,2026-07-21T02:11:51+0200,ca480415-0e53-4d99-b8f2-f778c2de0ac2,2026-07-02T00:15:00Z,2026-07-02T02:15:00+0200,7954.05,MW,BE,BE,actual_load,Actual Load,2026-07-21T00:11:54Z
2026-07-21T00:11:51Z,2026-07-21T02:11:51+0200,ca480415-0e53-4d99-b8f2-f778c2de0ac2,2026-07-02T00:30:00Z,2026-07-02T02:30:00+0200,8007.27,MW,BE,BE,actual_load,Actual Load,2026-07-21T00:11:54Z
2026-07-21T00:11:51Z,2026-07-21T02:11:51+0200,ca480415-0e53-4d99-b8f2-f778c2de0ac2,2026-07-02T00:45:00Z,2026-07-02T02:45:00+0200,7939.52,MW,BE,BE,actual_load,Actual Load,2026-07-21T00:11:54Z
2026-07-21T00:11:51Z,2026-07-21T02:11:51+0200,ca480415-0e53-4d99-b8f2-f778c2de0ac2,2026-07-02T01:00:00Z,2026-07-02T03:00:00+0200,7920.23,MW,BE,BE,actual_load,Actual Load,2026-07-21T00:11:54Z
2026-07-21T00:11:51Z,2026-07-21T02:11:51+0200,ca480415-0e53-4d99-b8f2-f778c2de0ac2,2026-07-02T01:15:00Z,2026-07-02T03:15:00+0200,7874.81,MW,BE,BE,actual_load,Actual Load,2026-07-21T00:11:54Z
2026-07-21T00:11:51Z,2026-07-21T02:11:51+0200,ca480415-0e53-4d99-b8f2-f778c2de0ac2,2026-07-02T01:30:00Z,2026-07-02T03:30:00+0200,7869.84,MW,BE,BE,actual_load,Actual Load,2026-07-21T00:11:54Z
2026-07-21T00:11:51Z,2026-07-21T02:11:51+0200,ca480415-0e53-4d99-b8f2-f778c2de0ac2,2026-07-02T01:45:00Z,2026-07-02T03:45:00+0200,7812.76,MW,BE,BE,actual_load,Actual Load,2026-07-21T00:11:54Z
2026-07-21T00:11:51Z,2026-07-21T02:11:51+0200,ca480415-0e53-4d99-b8f2-f778c2de0ac2,2026-07-02T02:00:00Z,2026-07-02T04:00:00+0200,7977.35,MW,BE,BE,actual_load,Actual Load,2026-07-21T00:11:54Z
2026-07-21T00:11:51Z,2026-07-21T02:11:51+0200,ca480415-0e53-4d99-b8f2-f778c2de0ac2,2026-07-02T02:15:00Z,2026-07-02T04:15:00+0200,7961.12,MW,BE,BE,actual_load,Actual Load,2026-07-21T00:11:54Z
2026-07-21T00:11:51Z,2026-07-21T02:11:51+0200,ca480415-0e53-4d99-b8f2-f778c2de0ac2,2026-07-02T02:30:00Z,2026-07-02T04:30:00+0200,7924.21,MW,BE,BE,actual_load,Actual Load,2026-07-21T00:11:54Z
2026-07-21T00:11:51Z,2026-07-21T02:11:51+0200,ca480415-0e53-4d99-b8f2-f778c2de0ac2,2026-07-02T02:45:00Z,2026-07-02T04:45:00+0200,8068.02,MW,BE,BE,actual_load,Actual Load,2026-07-21T00:11:54Z
2026-07-21T00:11:51Z,2026-07-21T02:11:51+0200,ca480415-0e53-4d99-b8f2-f778c2de0ac2,2026-07-02T03:00:00Z,2026-07-02T05:00:00+0200,8199.91,MW,BE,BE,actual_load,Actual Load,2026-07-21T00:11:54Z
2026-07-21T00:11:51Z,2026-07-21T02:11:51+0200,ca480415-0e53-4d99-b8f2-f778c2de0ac2,2026-07-02T03:15:00Z,2026-07-02T05:15:00+0200,8199.28,MW,BE,BE,actual_load,Actual Load,2026-07-21T00:11:54Z
2026-07-21T00:11:51Z,2026-07-21T02:11:51+0200,ca480415-0e53-4d99-b8f2-f778c2de0ac2,2026-07-02T03:30:00Z,2026-07-02T05:30:00+0200,8214.29,MW,BE,BE,actual_load,Actual Load,2026-07-21T00:11:54Z
2026-07-21T00:11:51Z,2026-07-21T02:11:51+0200,ca480415-0e53-4d99-b8f2-f778c2de0ac2,2026-07-02T03:45:00Z,2026-07-02T05:45:00+0200,8258.89,MW,BE,BE,actual_load,Actual Load,2026-07-21T00:11:54Z
2026-07-21T00:11:51Z,2026-07-21T02:11:51+0200,ca480415-0e53-4d99-b8f2-f778c2de0ac2,2026-07-02T04:00:00Z,2026-07-02T06:00:00+0200,8539.4,MW,BE,BE,actual_load,Actual Load,2026-07-21T00:11:54Z
2026-07-21T00:11:51Z,2026-07-21T02:11:51+0200,ca480415-0e53-4d99-b8f2-f778c2de0ac2,2026-07-02T04:15:00Z,2026-07-02T06:15:00+0200,8773.22,MW,BE,BE,actual_load,Actual Load,2026-07-21T00:11:54Z
2026-07-21T00:11:51Z,2026-07-21T02:11:51+0200,ca480415-0e53-4d99-b8f2-f778c2de0ac2,2026-07-02T04:30:00Z,2026-07-02T06:30:00+0200,9004.64,MW,BE,BE,actual_load,Actual Load,2026-07-21T00:11:54Z
2026-07-21T00:11:51Z,2026-07-21T02:11:51+0200,ca480415-0e53-4d99-b8f2-f778c2de0ac2,2026-07-02T04:45:00Z,2026-07-02T06:45:00+0200,9199.82,MW,BE,BE,actual_load,Actual Load,2026-07-21T00:11:54Z
2026-07-21T00:11:51Z,2026-07-21T02:11:51+0200,ca480415-0e53-4d99-b8f2-f778c2de0ac2,2026-07-02T05:00:00Z,2026-07-02T07:00:00+0200,9300.96,MW,BE,BE,actual_load,Actual Load,2026-07-21T00:11:54Z
2026-07-21T00:11:51Z,2026-07-21T02:11:51+0200,ca480415-0e53-4d99-b8f2-f778c2de0ac2,2026-07-02T05:15:00Z,2026-07-02T07:15:00+0200,9455.0,MW,BE,BE,actual_load,Actual Load,2026-07-21T00:11:54Z
2026-07-21T00:11:51Z,2026-07-21T02:11:51+0200,ca480415-0e53-4d99-b8f2-f778c2de0ac2,2026-07-02T05:30:00Z,2026-07-02T07:30:00+0200,9719.27,MW,BE,BE,actual_load,Actual Load,2026-07-21T00:11:54Z
2026-07-21T00:11:51Z,2026-07-21T02:11:51+0200,ca480415-0e53-4d99-b8f2-f778c2de0ac2,2026-07-02T05:45:00Z,2026-07-02T07:45:00+0200,9887.25,MW,BE,BE,actual_load,Actual Load,2026-07-21T00:11:54Z
2026-07-21T00:11:51Z,2026-07-21T02:11:51+0200,ca480415-0e53-4d99-b8f2-f778c2de0ac2,2026-07-02T06:00:00Z,2026-07-02T08:00:00+0200,9948.23,MW,BE,BE,actual_load,Actual Load,2026-07-21T00:11:54Z
2026-07-21T00:11:51Z,2026-07-21T02:11:51+0200,ca480415-0e53-4d99-b8f2-f778c2de0ac2,2026-07-02T06:15:00Z,2026-07-02T08:15:00+0200,10145.45,MW,BE,BE,actual_load,Actual Load,2026-07-21T00:11:54Z
2026-07-21T00:11:51Z,2026-07-21T02:11:51+0200,ca480415-0e53-4d99-b8f2-f778c2de0ac2,2026-07-02T06:30:00Z,2026-07-02T08:30:00+0200,10186.81,MW,BE,BE,actual_load,Actual Load,2026-07-21T00:11:54Z
2026-07-21T00:11:51Z,2026-07-21T02:11:51+0200,ca480415-0e53-4d99-b8f2-f778c2de0ac2,2026-07-02T06:45:00Z,2026-07-02T08:45:00+0200,10297.54,MW,BE,BE,actual_load,Actual Load,2026-07-21T00:11:54Z
2026-07-21T00:11:51Z,2026-07-21T02:11:51+0200,ca480415-0e53-4d99-b8f2-f778c2de0ac2,2026-07-02T07:00:00Z,2026-07-02T09:00:00+0200,10325.41,MW,BE,BE,actual_load,Actual Load,2026-07-21T00:11:54Z
2026-07-21T00:11:51Z,2026-07-21T02:11:51+0200,ca480415-0e53-4d99-b8f2-f778c2de0ac2,2026-07-02T07:15:00Z,2026-07-02T09:15:00+0200,10318.82,MW,BE,BE,actual_load,Actual Load,2026-07-21T00:11:54Z
2026-07-21T00:11:51Z,2026-07-21T02:11:51+0200,ca480415-0e53-4d99-b8f2-f778c2de0ac2,2026-07-02T07:30:00Z,2026-07-02T09:30:00+0200,10312.65,MW,BE,BE,actual_load,Actual Load,2026-07-21T00:11:54Z
2026-07-21T00:11:51Z,2026-07-21T02:11:51+0200,ca480415-0e53-4d99-b8f2-f778c2de0ac2,2026-07-02T07:45:00Z,2026-07-02T09:45:00+0200,10457.59,MW,BE,BE,actual_load,Actual Load,2026-07-21T00:11:54Z
2026-07-21T00:11:51Z,2026-07-21T02:11:51+0200,ca480415-0e53-4d99-b8f2-f778c2de0ac2,2026-07-02T08:00:00Z,2026-07-02T10:00:00+0200,10360.05,MW,BE,BE,actual_load,Actual Load,2026-07-21T00:11:54Z
2026-07-21T00:11:51Z,2026-07-21T02:11:51+0200,ca480415-0e53-4d99-b8f2-f778c2de0ac2,2026-07-02T08:15:00Z,2026-07-02T10:15:00+0200,10334.03,MW,BE,BE,actual_load,Actual Load,2026-07-21T00:11:54Z
2026-07-21T00:11:51Z,2026-07-21T02:11:51+0200,ca480415-0e53-4d99-b8f2-f778c2de0ac2,2026-07-02T08:30:00Z,2026-07-02T10:30:00+0200,10343.86,MW,BE,BE,actual_load,Actual Load,2026-07-21T00:11:54Z
2026-07-21T00:11:51Z,2026-07-21T02:11:51+0200,ca480415-0e53-4d99-b8f2-f778c2de0ac2,2026-07-02T08:45:00Z,2026-07-02T10:45:00+0200,10416.13,MW,BE,BE,actual_load,Actual Load,2026-07-21T00:11:54Z
2026-07-21T00:11:51Z,2026-07-21T02:11:51+0200,ca480415-0e53-4d99-b8f2-f778c2de0ac2,2026-07-02T09:00:00Z,2026-07-02T11:00:00+0200,10575.39,MW,BE,BE,actual_load,Actual Load,2026-07-21T00:11:54Z
2026-07-21T00:11:51Z,2026-07-21T02:11:51+0200,ca480415-0e53-4d99-b8f2-f778c2de0ac2,2026-07-02T09:15:00Z,2026-07-02T11:15:00+0200,10586.83,MW,BE,BE,actual_load,Actual Load,2026-07-21T00:11:54Z
2026-07-21T00:11:51Z,2026-07-21T02:11:51+0200,ca480415-0e53-4d99-b8f2-f778c2de0ac2,2026-07-02T09:30:00Z,2026-07-02T11:30:00+0200,10701.25,MW,BE,BE,actual_load,Actual Load,2026-07-21T00:11:54Z
2026-07-21T00:11:51Z,2026-07-21T02:11:51+0200,ca480415-0e53-4d99-b8f2-f778c2de0ac2,2026-07-02T09:45:00Z,2026-07-02T11:45:00+0200,10738.33,MW,BE,BE,actual_load,Actual Load,2026-07-21T00:11:54Z
2026-07-21T00:11:51Z,2026-07-21T02:11:51+0200,ca480415-0e53-4d99-b8f2-f778c2de0ac2,2026-07-02T10:00:00Z,2026-07-02T12:00:00+0200,10883.22,MW,BE,BE,actual_load,Actual Load,2026-07-21T00:11:54Z
2026-07-21T00:11:51Z,2026-07-21T02:11:51+0200,ca480415-0e53-4d99-b8f2-f778c2de0ac2,2026-07-02T10:15:00Z,2026-07-02T12:15:00+0200,11045.05,MW,BE,BE,actual_load,Actual Load,2026-07-21T00:11:54Z
2026-07-21T00:11:51Z,2026-07-21T02:11:51+0200,ca480415-0e53-4d99-b8f2-f778c2de0ac2,2026-07-02T10:30:00Z,2026-07-02T12:30:00+0200,10907.7,MW,BE,BE,actual_load,Actual Load,2026-07-21T00:11:54Z
2026-07-21T00:11:51Z,2026-07-21T02:11:51+0200,ca480415-0e53-4d99-b8f2-f778c2de0ac2,2026-07-02T10:45:00Z,2026-07-02T12:45:00+0200,10909.64,MW,BE,BE,actual_load,Actual Load,2026-07-21T00:11:54Z
2026-07-21T00:11:51Z,2026-07-21T02:11:51+0200,ca480415-0e53-4d99-b8f2-f778c2de0ac2,2026-07-02T11:00:00Z,2026-07-02T13:00:00+0200,11048.45,MW,BE,BE,actual_load,Actual Load,2026-07-21T00:11:54Z
2026-07-21T00:11:51Z,2026-07-21T02:11:51+0200,ca480415-0e53-4d99-b8f2-f778c2de0ac2,2026-07-02T11:15:00Z,2026-07-02T13:15:00+0200,11054.82,MW,BE,BE,actual_load,Actual Load,2026-07-21T00:11:54Z
2026-07-21T00:11:51Z,2026-07-21T02:11:51+0200,ca480415-0e53-4d99-b8f2-f778c2de0ac2,2026-07-02T11:30:00Z,2026-07-02T13:30:00+0200,11131.47,MW,BE,BE,actual_load,Actual Load,2026-07-21T00:11:54Z
2026-07-21T00:11:51Z,2026-07-21T02:11:51+0200,ca480415-0e53-4d99-b8f2-f778c2de0ac2,2026-07-02T11:45:00Z,2026-07-02T13:45:00+0200,11084.26,MW,BE,BE,actual_load,Actual Load,2026-07-21T00:11:54Z
2026-07-21T00:11:51Z,2026-07-21T02:11:51+0200,ca480415-0e53-4d99-b8f2-f778c2de0ac2,2026-07-02T12:00:00Z,2026-07-02T14:00:00+0200,10823.54,MW,BE,BE,actual_load,Actual Load,2026-07-21T00:11:54Z
2026-07-21T00:11:51Z,2026-07-21T02:11:51+0200,ca480415-0e53-4d99-b8f2-f778c2de0ac2,2026-07-02T12:15:00Z,2026-07-02T14:15:00+0200,10691.83,MW,BE,BE,actual_load,Actual Load,2026-07-21T00:11:54Z
2026-07-21T00:11:51Z,2026-07-21T02:11:51+0200,ca480415-0e53-4d99-b8f2-f778c2de0ac2,2026-07-02T12:30:00Z,2026-07-02T14:30:00+0200,10569.95,MW,BE,BE,actual_load,Actual Load,2026-07-21T00:11:54Z
2026-07-21T00:11:51Z,2026-07-21T02:11:51+0200,ca480415-0e53-4d99-b8f2-f778c2de0ac2,2026-07-02T12:45:00Z,2026-07-02T14:45:00+0200,10660.86,MW,BE,BE,actual_load,Actual Load,2026-07-21T00:11:54Z
2026-07-21T00:11:51Z,2026-07-21T02:11:51+0200,ca480415-0e53-4d99-b8f2-f778c2de0ac2,2026-07-02T13:00:00Z,2026-07-02T15:00:00+0200,10399.28,MW,BE,BE,actual_load,Actual Load,2026-07-21T00:11:54Z
2026-07-21T00:11:51Z,2026-07-21T02:11:51+0200,ca480415-0e53-4d99-b8f2-f778c2de0ac2,2026-07-02T13:15:00Z,2026-07-02T15:15:00+0200,10476.41,MW,BE,BE,actual_load,Actual Load,2026-07-21T00:11:54Z
2026-07-21T00:11:51Z,2026-07-21T02:11:51+0200,ca480415-0e53-4d99-b8f2-f778c2de0ac2,2026-07-02T13:30:00Z,2026-07-02T15:30:00+0200,10488.58,MW,BE,BE,actual_load,Actual Load,2026-07-21T00:11:54Z
2026-07-21T00:11:51Z,2026-07-21T02:11:51+0200,ca480415-0e53-4d99-b8f2-f778c2de0ac2,2026-07-02T13:45:00Z,2026-07-02T15:45:00+0200,10512.91,MW,BE,BE,actual_load,Actual Load,2026-07-21T00:11:54Z
2026-07-21T00:11:51Z,2026-07-21T02:11:51+0200,ca480415-0e53-4d99-b8f2-f778c2de0ac2,2026-07-02T14:00:00Z,2026-07-02T16:00:00+0200,10630.82,MW,BE,BE,actual_load,Actual Load,2026-07-21T00:11:54Z
2026-07-21T00:11:51Z,2026-07-21T02:11:51+0200,ca480415-0e53-4d99-b8f2-f778c2de0ac2,2026-07-02T14:15:00Z,2026-07-02T16:15:00+0200,10499.41,MW,BE,BE,actual_load,Actual Load,2026-07-21T00:11:54Z
2026-07-21T00:11:51Z,2026-07-21T02:11:51+0200,ca480415-0e53-4d99-b8f2-f778c2de0ac2,2026-07-02T14:30:00Z,2026-07-02T16:30:00+0200,10554.2,MW,BE,BE,actual_load,Actual Load,2026-07-21T00:11:54Z
2026-07-21T00:11:51Z,2026-07-21T02:11:51+0200,ca480415-0e53-4d99-b8f2-f778c2de0ac2,2026-07-02T14:45:00Z,2026-07-02T16:45:00+0200,10373.46,MW,BE,BE,actual_load,Actual Load,2026-07-21T00:11:54Z
2026-07-21T00:11:51Z,2026-07-21T02:11:51+0200,ca480415-0e53-4d99-b8f2-f778c2de0ac2,2026-07-02T15:00:00Z,2026-07-02T17:00:00+0200,10300.76,MW,BE,BE,actual_load,Actual Load,2026-07-21T00:11:54Z
2026-07-21T00:11:51Z,2026-07-21T02:11:51+0200,ca480415-0e53-4d99-b8f2-f778c2de0ac2,2026-07-02T15:15:00Z,2026-07-02T17:15:00+0200,10241.19,MW,BE,BE,actual_load,Actual Load,2026-07-21T00:11:54Z
2026-07-21T00:11:51Z,2026-07-21T02:11:51+0200,ca480415-0e53-4d99-b8f2-f778c2de0ac2,2026-07-02T15:30:00Z,2026-07-02T17:30:00+0200,10197.98,MW,BE,BE,actual_load,Actual Load,2026-07-21T00:11:54Z
2026-07-21T00:11:51Z,2026-07-21T02:11:51+0200,ca480415-0e53-4d99-b8f2-f778c2de0ac2,2026-07-02T15:45:00Z,2026-07-02T17:45:00+0200,10139.25,MW,BE,BE,actual_load,Actual Load,2026-07-21T00:11:54Z
2026-07-21T00:11:51Z,2026-07-21T02:11:51+0200,ca480415-0e53-4d99-b8f2-f778c2de0ac2,2026-07-02T16:00:00Z,2026-07-02T18:00:00+0200,10122.98,MW,BE,BE,actual_load,Actual Load,2026-07-21T00:11:54Z
2026-07-21T00:11:51Z,2026-07-21T02:11:51+0200,ca480415-0e53-4d99-b8f2-f778c2de0ac2,2026-07-02T16:15:00Z,2026-07-02T18:15:00+0200,10175.15,MW,BE,BE,actual_load,Actual Load,2026-07-21T00:11:54Z
2026-07-21T00:11:51Z,2026-07-21T02:11:51+0200,ca480415-0e53-4d99-b8f2-f778c2de0ac2,2026-07-02T16:30:00Z,2026-07-02T18:30:00+0200,10122.48,MW,BE,BE,actual_load,Actual Load,2026-07-21T00:11:54Z
2026-07-21T00:11:51Z,2026-07-21T02:11:51+0200,ca480415-0e53-4d99-b8f2-f778c2de0ac2,2026-07-02T16:45:00Z,2026-07-02T18:45:00+0200,10104.53,MW,BE,BE,actual_load,Actual Load,2026-07-21T00:11:54Z
2026-07-21T00:11:51Z,2026-07-21T02:11:51+0200,ca480415-0e53-4d99-b8f2-f778c2de0ac2,2026-07-02T17:00:00Z,2026-07-02T19:00:00+0200,10024.12,MW,BE,BE,actual_load,Actual Load,2026-07-21T00:11:54Z
2026-07-21T00:11:51Z,2026-07-21T02:11:51+0200,ca480415-0e53-4d99-b8f2-f778c2de0ac2,2026-07-02T17:15:00Z,2026-07-02T19:15:00+0200,9816.66,MW,BE,BE,actual_load,Actual Load,2026-07-21T00:11:54Z
2026-07-21T00:11:51Z,2026-07-21T02:11:51+0200,ca480415-0e53-4d99-b8f2-f778c2de0ac2,2026-07-02T17:30:00Z,2026-07-02T19:30:00+0200,9495.98,MW,BE,BE,actual_load,Actual Load,2026-07-21T00:11:54Z
2026-07-21T00:11:51Z,2026-07-21T02:11:51+0200,ca480415-0e53-4d99-b8f2-f778c2de0ac2,2026-07-02T17:45:00Z,2026-07-02T19:45:00+0200,9573.11,MW,BE,BE,actual_load,Actual Load,2026-07-21T00:11:54Z
2026-07-21T00:11:51Z,2026-07-21T02:11:51+0200,ca480415-0e53-4d99-b8f2-f778c2de0ac2,2026-07-02T18:00:00Z,2026-07-02T20:00:00+0200,9461.69,MW,BE,BE,actual_load,Actual Load,2026-07-21T00:11:54Z
2026-07-21T00:11:51Z,2026-07-21T02:11:51+0200,ca480415-0e53-4d99-b8f2-f778c2de0ac2,2026-07-02T18:15:00Z,2026-07-02T20:15:00+0200,9352.0,MW,BE,BE,actual_load,Actual Load,2026-07-21T00:11:54Z
2026-07-21T00:11:51Z,2026-07-21T02:11:51+0200,ca480415-0e53-4d99-b8f2-f778c2de0ac2,2026-07-02T18:30:00Z,2026-07-02T20:30:00+0200,9193.78,MW,BE,BE,actual_load,Actual Load,2026-07-21T00:11:54Z
2026-07-21T00:11:51Z,2026-07-21T02:11:51+0200,ca480415-0e53-4d99-b8f2-f778c2de0ac2,2026-07-02T18:45:00Z,2026-07-02T20:45:00+0200,9088.69,MW,BE,BE,actual_load,Actual Load,2026-07-21T00:11:54Z
2026-07-21T00:11:51Z,2026-07-21T02:11:51+0200,ca480415-0e53-4d99-b8f2-f778c2de0ac2,2026-07-02T19:00:00Z,2026-07-02T21:00:00+0200,9124.04,MW,BE,BE,actual_load,Actual Load,2026-07-21T00:11:54Z
2026-07-21T00:11:51Z,2026-07-21T02:11:51+0200,ca480415-0e53-4d99-b8f2-f778c2de0ac2,2026-07-02T19:15:00Z,2026-07-02T21:15:00+0200,9083.15,MW,BE,BE,actual_load,Actual Load,2026-07-21T00:11:54Z
2026-07-21T00:11:51Z,2026-07-21T02:11:51+0200,ca480415-0e53-4d99-b8f2-f778c2de0ac2,2026-07-02T19:30:00Z,2026-07-02T21:30:00+0200,9090.44,MW,BE,BE,actual_load,Actual Load,2026-07-21T00:11:54Z
2026-07-21T00:11:51Z,2026-07-21T02:11:51+0200,ca480415-0e53-4d99-b8f2-f778c2de0ac2,2026-07-02T19:45:00Z,2026-07-02T21:45:00+0200,9060.83,MW,BE,BE,actual_load,Actual Load,2026-07-21T00:11:54Z
2026-07-21T00:11:51Z,2026-07-21T02:11:51+0200,ca480415-0e53-4d99-b8f2-f778c2de0ac2,2026-07-02T20:00:00Z,2026-07-02T22:00:00+0200,9252.06,MW,BE,BE,actual_load,Actual Load,2026-07-21T00:11:54Z
2026-07-21T00:11:51Z,2026-07-21T02:11:51+0200,ca480415-0e53-4d99-b8f2-f778c2de0ac2,2026-07-02T20:15:00Z,2026-07-02T22:15:00+0200,9329.72,MW,BE,BE,actual_load,Actual Load,2026-07-21T00:11:54Z
2026-07-21T00:11:51Z,2026-07-21T02:11:51+0200,ca480415-0e53-4d99-b8f2-f778c2de0ac2,2026-07-02T20:30:00Z,2026-07-02T22:30:00+0200,9332.08,MW,BE,BE,actual_load,Actual Load,2026-07-21T00:11:54Z
2026-07-21T00:11:51Z,2026-07-21T02:11:51+0200,ca480415-0e53-4d99-b8f2-f778c2de0ac2,2026-07-02T20:45:00Z,2026-07-02T22:45:00+0200,9207.17,MW,BE,BE,actual_load,Actual Load,2026-07-21T00:11:54Z
2026-07-21T00:11:51Z,2026-07-21T02:11:51+0200,ca480415-0e53-4d99-b8f2-f778c2de0ac2,2026-07-02T21:00:00Z,2026-07-02T23:00:00+0200,9042.88,MW,BE,BE,actual_load,Actual Load,2026-07-21T00:11:54Z
2026-07-21T00:11:51Z,2026-07-21T02:11:51+0200,ca480415-0e53-4d99-b8f2-f778c2de0ac2,2026-07-02T21:15:00Z,2026-07-02T23:15:00+0200,9181.1,MW,BE,BE,actual_load,Actual Load,2026-07-21T00:11:54Z
2026-07-21T00:11:51Z,2026-07-21T02:11:51+0200,ca480415-0e53-4d99-b8f2-f778c2de0ac2,2026-07-02T21:30:00Z,2026-07-02T23:30:00+0200,9019.91,MW,BE,BE,actual_load,Actual Load,2026-07-21T00:11:54Z
2026-07-21T00:11:51Z,2026-07-21T02:11:51+0200,ca480415-0e53-4d99-b8f2-f778c2de0ac2,2026-07-02T21:45:00Z,2026-07-02T23:45:00+0200,8770.46,MW,BE,BE,actual_load,Actual Load,2026-07-21T00:11:54Z
2026-07-21T00:11:51Z,2026-07-21T02:11:51+0200,ca480415-0e53-4d99-b8f2-f778c2de0ac2,2026-07-02T22:00:00Z,2026-07-03T00:00:00+0200,8680.25,MW,BE,BE,actual_load,Actual Load,2026-07-21T00:11:54Z
2026-07-21T00:11:51Z,2026-07-21T02:11:51+0200,ca480415-0e53-4d99-b8f2-f778c2de0ac2,2026-07-02T22:15:00Z,2026-07-03T00:15:00+0200,8695.61,MW,BE,BE,actual_load,Actual Load,2026-07-21T00:11:54Z
2026-07-21T00:11:51Z,2026-07-21T02:11:51+0200,ca480415-0e53-4d99-b8f2-f778c2de0ac2,2026-07-02T22:30:00Z,2026-07-03T00:30:00+0200,8562.4,MW,BE,BE,actual_load,Actual Load,2026-07-21T00:11:54Z
2026-07-21T00:11:51Z,2026-07-21T02:11:51+0200,ca480415-0e53-4d99-b8f2-f778c2de0ac2,2026-07-02T22:45:00Z,2026-07-03T00:45:00+0200,8530.41,MW,BE,BE,actual_load,Actual Load,2026-07-21T00:11:54Z
2026-07-21T00:11:51Z,2026-07-21T02:11:51+0200,ca480415-0e53-4d99-b8f2-f778c2de0ac2,2026-07-02T23:00:00Z,2026-07-03T01:00:00+0200,8270.53,MW,BE,BE,actual_load,Actual Load,2026-07-21T00:11:54Z
2026-07-21T00:11:51Z,2026-07-21T02:11:51+0200,ca480415-0e53-4d99-b8f2-f778c2de0ac2,2026-07-02T23:15:00Z,2026-07-03T01:15:00+0200,8190.69,MW,BE,BE,actual_load,Actual Load,2026-07-21T00:11:54Z
2026-07-21T00:11:51Z,2026-07-21T02:11:51+0200,ca480415-0e53-4d99-b8f2-f778c2de0ac2,2026-07-02T23:30:00Z,2026-07-03T01:30:00+0200,8131.8,MW,BE,BE,actual_load,Actual Load,2026-07-21T00:11:54Z
2026-07-21T00:11:51Z,2026-07-21T02:11:51+0200,ca480415-0e53-4d99-b8f2-f778c2de0ac2,2026-07-02T23:45:00Z,2026-07-03T01:45:00+0200,8055.49,MW,BE,BE,actual_load,Actual Load,2026-07-21T00:11:54Z
2026-07-21T00:11:51Z,2026-07-21T02:11:51+0200,ca480415-0e53-4d99-b8f2-f778c2de0ac2,2026-07-03T00:00:00Z,2026-07-03T02:00:00+0200,8048.92,MW,BE,BE,actual_load,Actual Load,2026-07-21T00:11:54Z
2026-07-21T00:11:51Z,2026-07-21T02:11:51+0200,ca480415-0e53-4d99-b8f2-f778c2de0ac2,2026-07-03T00:15:00Z,2026-07-03T02:15:00+0200,7904.83,MW,BE,BE,actual_load,Actual Load,2026-07-21T00:11:54Z
2026-07-21T00:11:51Z,2026-07-21T02:11:51+0200,ca480415-0e53-4d99-b8f2-f778c2de0ac2,2026-07-03T00:30:00Z,2026-07-03T02:30:00+0200,7776.96,MW,BE,BE,actual_load,Actual Load,2026-07-21T00:11:54Z
2026-07-21T00:11:51Z,2026-07-21T02:11:51+0200,ca480415-0e53-4d99-b8f2-f778c2de0ac2,2026-07-03T00:45:00Z,2026-07-03T02:45:00+0200,7772.59,MW,BE,BE,actual_load,Actual Load,2026-07-21T00:11:54Z
2026-07-21T00:11:51Z,2026-07-21T02:11:51+0200,ca480415-0e53-4d99-b8f2-f778c2de0ac2,2026-07-03T01:00:00Z,2026-07-03T03:00:00+0200,7719.92,MW,BE,BE,actual_load,Actual Load,2026-07-21T00:11:54Z
2026-07-21T00:11:51Z,2026-07-21T02:11:51+0200,ca480415-0e53-4d99-b8f2-f778c2de0ac2,2026-07-03T01:15:00Z,2026-07-03T03:15:00+0200,7697.4,MW,BE,BE,actual_load,Actual Load,2026-07-21T00:11:54Z
2026-07-21T00:11:51Z,2026-07-21T02:11:51+0200,ca480415-0e53-4d99-b8f2-f778c2de0ac2,2026-07-03T01:30:00Z,2026-07-03T03:30:00+0200,7726.71,MW,BE,BE,actual_load,Actual Load,2026-07-21T00:11:54Z
2026-07-21T00:11:51Z,2026-07-21T02:11:51+0200,ca480415-0e53-4d99-b8f2-f778c2de0ac2,2026-07-03T01:45:00Z,2026-07-03T03:45:00+0200,7732.8,MW,BE,BE,actual_load,Actual Load,2026-07-21T00:11:54Z
2026-07-21T00:11:51Z,2026-07-21T02:11:51+0200,ca480415-0e53-4d99-b8f2-f778c2de0ac2,2026-07-03T02:00:00Z,2026-07-03T04:00:00+0200,7767.87,MW,BE,BE,actual_load,Actual Load,2026-07-21T00:11:54Z
2026-07-21T00:11:51Z,2026-07-21T02:11:51+0200,ca480415-0e53-4d99-b8f2-f778c2de0ac2,2026-07-03T02:15:00Z,2026-07-03T04:15:00+0200,7716.63,MW,BE,BE,actual_load,Actual Load,2026-07-21T00:11:54Z
2026-07-21T00:11:51Z,2026-07-21T02:11:51+0200,ca480415-0e53-4d99-b8f2-f778c2de0ac2,2026-07-03T02:30:00Z,2026-07-03T04:30:00+0200,7646.78,MW,BE,BE,actual_load,Actual Load,2026-07-21T00:11:54Z
2026-07-21T00:11:51Z,2026-07-21T02:11:51+0200,ca480415-0e53-4d99-b8f2-f778c2de0ac2,2026-07-03T02:45:00Z,2026-07-03T04:45:00+0200,7733.17,MW,BE,BE,actual_load,Actual Load,2026-07-21T00:11:54Z
2026-07-21T00:11:51Z,2026-07-21T02:11:51+0200,ca480415-0e53-4d99-b8f2-f778c2de0ac2,2026-07-03T03:00:00Z,2026-07-03T05:00:00+0200,7798.48,MW,BE,BE,actual_load,Actual Load,2026-07-21T00:11:54Z
2026-07-21T00:11:51Z,2026-07-21T02:11:51+0200,ca480415-0e53-4d99-b8f2-f778c2de0ac2,2026-07-03T03:15:00Z,2026-07-03T05:15:00+0200,7849.97,MW,BE,BE,actual_load,Actual Load,2026-07-21T00:11:54Z
2026-07-21T00:11:51Z,2026-07-21T02:11:51+0200,ca480415-0e53-4d99-b8f2-f778c2de0ac2,2026-07-03T03:30:00Z,2026-07-03T05:30:00+0200,7911.16,MW,BE,BE,actual_load,Actual Load,2026-07-21T00:11:54Z
2026-07-21T00:11:51Z,2026-07-21T02:11:51+0200,ca480415-0e53-4d99-b8f2-f778c2de0ac2,2026-07-03T03:45:00Z,2026-07-03T05:45:00+0200,7991.34,MW,BE,BE,actual_load,Actual Load,2026-07-21T00:11:54Z
2026-07-21T00:11:51Z,2026-07-21T02:11:51+0200,ca480415-0e53-4d99-b8f2-f778c2de0ac2,2026-07-03T04:00:00Z,2026-07-03T06:00:00+0200,8178.2,MW,BE,BE,actual_load,Actual Load,2026-07-21T00:11:54Z
2026-07-21T00:11:51Z,2026-07-21T02:11:51+0200,ca480415-0e53-4d99-b8f2-f778c2de0ac2,2026-07-03T04:15:00Z,2026-07-03T06:15:00+0200,8449.93,MW,BE,BE,actual_load,Actual Load,2026-07-21T00:11:54Z
2026-07-21T00:11:51Z,2026-07-21T02:11:51+0200,ca480415-0e53-4d99-b8f2-f778c2de0ac2,2026-07-03T04:30:00Z,2026-07-03T06:30:00+0200,8644.6,MW,BE,BE,actual_load,Actual Load,2026-07-21T00:11:54Z
2026-07-21T00:11:51Z,2026-07-21T02:11:51+0200,ca480415-0e53-4d99-b8f2-f778c2de0ac2,2026-07-03T04:45:00Z,2026-07-03T06:45:00+0200,8733.36,MW,BE,BE,actual_load,Actual Load,2026-07-21T00:11:54Z
2026-07-21T00:11:51Z,2026-07-21T02:11:51+0200,ca480415-0e53-4d99-b8f2-f778c2de0ac2,2026-07-03T05:00:00Z,2026-07-03T07:00:00+0200,8858.15,MW,BE,BE,actual_load,Actual Load,2026-07-21T00:11:54Z
2026-07-21T00:11:51Z,2026-07-21T02:11:51+0200,ca480415-0e53-4d99-b8f2-f778c2de0ac2,2026-07-03T05:15:00Z,2026-07-03T07:15:00+0200,9022.45,MW,BE,BE,actual_load,Actual Load,2026-07-21T00:11:54Z
2026-07-21T00:11:51Z,2026-07-21T02:11:51+0200,ca480415-0e53-4d99-b8f2-f778c2de0ac2,2026-07-03T05:30:00Z,2026-07-03T07:30:00+0200,9219.04,MW,BE,BE,actual_load,Actual Load,2026-07-21T00:11:54Z
2026-07-21T00:11:51Z,2026-07-21T02:11:51+0200,ca480415-0e53-4d99-b8f2-f778c2de0ac2,2026-07-03T05:45:00Z,2026-07-03T07:45:00+0200,9508.17,MW,BE,BE,actual_load,Actual Load,2026-07-21T00:11:54Z
2026-07-21T00:11:51Z,2026-07-21T02:11:51+0200,ca480415-0e53-4d99-b8f2-f778c2de0ac2,2026-07-03T06:00:00Z,2026-07-03T08:00:00+0200,9424.57,MW,BE,BE,actual_load,Actual Load,2026-07-21T00:11:54Z
2026-07-21T00:11:51Z,2026-07-21T02:11:51+0200,ca480415-0e53-4d99-b8f2-f778c2de0ac2,2026-07-03T06:15:00Z,2026-07-03T08:15:00+0200,9596.79,MW,BE,BE,actual_load,Actual Load,2026-07-21T00:11:54Z
2026-07-21T00:11:51Z,2026-07-21T02:11:51+0200,ca480415-0e53-4d99-b8f2-f778c2de0ac2,2026-07-03T06:30:00Z,2026-07-03T08:30:00+0200,9712.36,MW,BE,BE,actual_load,Actual Load,2026-07-21T00:11:54Z
2026-07-21T00:11:51Z,2026-07-21T02:11:51+0200,ca480415-0e53-4d99-b8f2-f778c2de0ac2,2026-07-03T06:45:00Z,2026-07-03T08:45:00+0200,9860.02,MW,BE,BE,actual_load,Actual Load,2026-07-21T00:11:54Z
2026-07-21T00:11:51Z,2026-07-21T02:11:51+0200,ca480415-0e53-4d99-b8f2-f778c2de0ac2,2026-07-03T07:00:00Z,2026-07-03T09:00:00+0200,9815.53,MW,BE,BE,actual_load,Actual Load,2026-07-21T00:11:54Z
2026-07-21T00:11:51Z,2026-07-21T02:11:51+0200,ca480415-0e53-4d99-b8f2-f778c2de0ac2,2026-07-03T07:15:00Z,2026-07-03T09:15:00+0200,10065.04,MW,BE,BE,actual_load,Actual Load,2026-07-21T00:11:54Z
2026-07-21T00:11:51Z,2026-07-21T02:11:51+0200,ca480415-0e53-4d99-b8f2-f778c2de0ac2,2026-07-03T07:30:00Z,2026-07-03T09:30:00+0200,10365.85,MW,BE,BE,actual_load,Actual Load,2026-07-21T00:11:54Z
2026-07-21T00:11:51Z,2026-07-21T02:11:51+0200,ca480415-0e53-4d99-b8f2-f778c2de0ac2,2026-07-03T07:45:00Z,2026-07-03T09:45:00+0200,10447.15,MW,BE,BE,actual_load,Actual Load,2026-07-21T00:11:54Z
2026-07-21T00:11:51Z,2026-07-21T02:11:51+0200,ca480415-0e53-4d99-b8f2-f778c2de0ac2,2026-07-03T08:00:00Z,2026-07-03T10:00:00+0200,10486.12,MW,BE,BE,actual_load,Actual Load,2026-07-21T00:11:54Z
2026-07-21T00:11:51Z,2026-07-21T02:11:51+0200,ca480415-0e53-4d99-b8f2-f778c2de0ac2,2026-07-03T08:15:00Z,2026-07-03T10:15:00+0200,10535.99,MW,BE,BE,actual_load,Actual Load,2026-07-21T00:11:54Z
2026-07-21T00:11:51Z,2026-07-21T02:11:51+0200,ca480415-0e53-4d99-b8f2-f778c2de0ac2,2026-07-03T08:30:00Z,2026-07-03T10:30:00+0200,10668.94,MW,BE,BE,actual_load,Actual Load,2026-07-21T00:11:54Z
2026-07-21T00:11:51Z,2026-07-21T02:11:51+0200,ca480415-0e53-4d99-b8f2-f778c2de0ac2,2026-07-03T08:45:00Z,2026-07-03T10:45:00+0200,10800.41,MW,BE,BE,actual_load,Actual Load,2026-07-21T00:11:54Z
2026-07-21T00:11:51Z,2026-07-21T02:11:51+0200,ca480415-0e53-4d99-b8f2-f778c2de0ac2,2026-07-03T09:00:00Z,2026-07-03T11:00:00+0200,10771.2,MW,BE,BE,actual_load,Actual Load,2026-07-21T00:11:54Z
2026-07-21T00:11:51Z,2026-07-21T02:11:51+0200,ca480415-0e53-4d99-b8f2-f778c2de0ac2,2026-07-03T09:15:00Z,2026-07-03T11:15:00+0200,10909.8,MW,BE,BE,actual_load,Actual Load,2026-07-21T00:11:54Z
2026-07-21T00:11:51Z,2026-07-21T02:11:51+0200,ca480415-0e53-4d99-b8f2-f778c2de0ac2,2026-07-03T09:30:00Z,2026-07-03T11:30:00+0200,11054.4,MW,BE,BE,actual_load,Actual Load,2026-07-21T00:11:54Z
2026-07-21T00:11:51Z,2026-07-21T02:11:51+0200,ca480415-0e53-4d99-b8f2-f778c2de0ac2,2026-07-03T09:45:00Z,2026-07-03T11:45:00+0200,11089.84,MW,BE,BE,actual_load,Actual Load,2026-07-21T00:11:54Z
2026-07-21T00:11:51Z,2026-07-21T02:11:51+0200,ca480415-0e53-4d99-b8f2-f778c2de0ac2,2026-07-03T10:00:00Z,2026-07-03T12:00:00+0200,11177.26,MW,BE,BE,actual_load,Actual Load,2026-07-21T00:11:54Z
2026-07-21T00:11:51Z,2026-07-21T02:11:51+0200,ca480415-0e53-4d99-b8f2-f778c2de0ac2,2026-07-03T10:15:00Z,2026-07-03T12:15:00+0200,11013.97,MW,BE,BE,actual_load,Actual Load,2026-07-21T00:11:54Z
2026-07-21T00:11:51Z,2026-07-21T02:11:51+0200,ca480415-0e53-4d99-b8f2-f778c2de0ac2,2026-07-03T10:30:00Z,2026-07-03T12:30:00+0200,11008.78,MW,BE,BE,actual_load,Actual Load,2026-07-21T00:11:54Z
2026-07-21T00:11:51Z,2026-07-21T02:11:51+0200,ca480415-0e53-4d99-b8f2-f778c2de0ac2,2026-07-03T10:45:00Z,2026-07-03T12:45:00+0200,11169.93,MW,BE,BE,actual_load,Actual Load,2026-07-21T00:11:54Z
2026-07-21T00:11:51Z,2026-07-21T02:11:51+0200,ca480415-0e53-4d99-b8f2-f778c2de0ac2,2026-07-03T11:00:00Z,2026-07-03T13:00:00+0200,11270.89,MW,BE,BE,actual_load,Actual Load,2026-07-21T00:11:54Z
2026-07-21T00:11:51Z,2026-07-21T02:11:51+0200,ca480415-0e53-4d99-b8f2-f778c2de0ac2,2026-07-03T11:15:00Z,2026-07-03T13:15:00+0200,11372.14,MW,BE,BE,actual_load,Actual Load,2026-07-21T00:11:54Z
2026-07-21T00:11:51Z,2026-07-21T02:11:51+0200,ca480415-0e53-4d99-b8f2-f778c2de0ac2,2026-07-03T11:30:00Z,2026-07-03T13:30:00+0200,11235.73,MW,BE,BE,actual_load,Actual Load,2026-07-21T00:11:54Z
2026-07-21T00:11:51Z,2026-07-21T02:11:51+0200,ca480415-0e53-4d99-b8f2-f778c2de0ac2,2026-07-03T11:45:00Z,2026-07-03T13:45:00+0200,11157.07,MW,BE,BE,actual_load,Actual Load,2026-07-21T00:11:54Z
2026-07-21T00:11:51Z,2026-07-21T02:11:51+0200,ca480415-0e53-4d99-b8f2-f778c2de0ac2,2026-07-03T12:00:00Z,2026-07-03T14:00:00+0200,10939.17,MW,BE,BE,actual_load,Actual Load,2026-07-21T00:11:54Z
2026-07-21T00:11:51Z,2026-07-21T02:11:51+0200,ca480415-0e53-4d99-b8f2-f778c2de0ac2,2026-07-03T12:15:00Z,2026-07-03T14:15:00+0200,10759.27,MW,BE,BE,actual_load,Actual Load,2026-07-21T00:11:54Z
2026-07-21T00:11:51Z,2026-07-21T02:11:51+0200,ca480415-0e53-4d99-b8f2-f778c2de0ac2,2026-07-03T12:30:00Z,2026-07-03T14:30:00+0200,10734.43,MW,BE,BE,actual_load,Actual Load,2026-07-21T00:11:54Z
2026-07-21T00:11:51Z,2026-07-21T02:11:51+0200,ca480415-0e53-4d99-b8f2-f778c2de0ac2,2026-07-03T12:45:00Z,2026-07-03T14:45:00+0200,10774.46,MW,BE,BE,actual_load,Actual Load,2026-07-21T00:11:54Z
2026-07-21T00:11:51Z,2026-07-21T02:11:51+0200,ca480415-0e53-4d99-b8f2-f778c2de0ac2,2026-07-03T13:00:00Z,2026-07-03T15:00:00+0200,10909.9,MW,BE,BE,actual_load,Actual Load,2026-07-21T00:11:54Z
2026-07-21T00:11:51Z,2026-07-21T02:11:51+0200,ca480415-0e53-4d99-b8f2-f778c2de0ac2,2026-07-03T13:15:00Z,2026-07-03T15:15:00+0200,10825.93,MW,BE,BE,actual_load,Actual Load,2026-07-21T00:11:54Z
2026-07-21T00:11:51Z,2026-07-21T02:11:51+0200,ca480415-0e53-4d99-b8f2-f778c2de0ac2,2026-07-03T13:30:00Z,2026-07-03T15:30:00+0200,10795.61,MW,BE,BE,actual_load,Actual Load,2026-07-21T00:11:54Z
2026-07-21T00:11:51Z,2026-07-21T02:11:51+0200,ca480415-0e53-4d99-b8f2-f778c2de0ac2,2026-07-03T13:45:00Z,2026-07-03T15:45:00+0200,10783.97,MW,BE,BE,actual_load,Actual Load,2026-07-21T00:11:54Z
2026-07-21T00:11:51Z,2026-07-21T02:11:51+0200,ca480415-0e53-4d99-b8f2-f778c2de0ac2,2026-07-03T14:00:00Z,2026-07-03T16:00:00+0200,10363.81,MW,BE,BE,actual_load,Actual Load,2026-07-21T00:11:54Z
2026-07-21T00:11:51Z,2026-07-21T02:11:51+0200,ca480415-0e53-4d99-b8f2-f778c2de0ac2,2026-07-03T14:15:00Z,2026-07-03T16:15:00+0200,10216.25,MW,BE,BE,actual_load,Actual Load,2026-07-21T00:11:54Z
2026-07-21T00:11:51Z,2026-07-21T02:11:51+0200,ca480415-0e53-4d99-b8f2-f778c2de0ac2,2026-07-03T14:30:00Z,2026-07-03T16:30:00+0200,9974.1,MW,BE,BE,actual_load,Actual Load,2026-07-21T00:11:54Z
2026-07-21T00:11:51Z,2026-07-21T02:11:51+0200,ca480415-0e53-4d99-b8f2-f778c2de0ac2,2026-07-03T14:45:00Z,2026-07-03T16:45:00+0200,10038.98,MW,BE,BE,actual_load,Actual Load,2026-07-21T00:11:54Z
2026-07-21T00:11:51Z,2026-07-21T02:11:51+0200,ca480415-0e53-4d99-b8f2-f778c2de0ac2,2026-07-03T15:00:00Z,2026-07-03T17:00:00+0200,9988.61,MW,BE,BE,actual_load,Actual Load,2026-07-21T00:11:54Z
2026-07-21T00:11:51Z,2026-07-21T02:11:51+0200,ca480415-0e53-4d99-b8f2-f778c2de0ac2,2026-07-03T15:15:00Z,2026-07-03T17:15:00+0200,9625.56,MW,BE,BE,actual_load,Actual Load,2026-07-21T00:11:54Z
2026-07-21T00:11:51Z,2026-07-21T02:11:51+0200,ca480415-0e53-4d99-b8f2-f778c2de0ac2,2026-07-03T15:30:00Z,2026-07-03T17:30:00+0200,9546.36,MW,BE,BE,actual_load,Actual Load,2026-07-21T00:11:54Z
2026-07-21T00:11:51Z,2026-07-21T02:11:51+0200,ca480415-0e53-4d99-b8f2-f778c2de0ac2,2026-07-03T15:45:00Z,2026-07-03T17:45:00+0200,9496.08,MW,BE,BE,actual_load,Actual Load,2026-07-21T00:11:54Z
2026-07-21T00:11:51Z,2026-07-21T02:11:51+0200,ca480415-0e53-4d99-b8f2-f778c2de0ac2,2026-07-03T16:00:00Z,2026-07-03T18:00:00+0200,9358.53,MW,BE,BE,actual_load,Actual Load,2026-07-21T00:11:54Z
2026-07-21T00:11:51Z,2026-07-21T02:11:51+0200,ca480415-0e53-4d99-b8f2-f778c2de0ac2,2026-07-03T16:15:00Z,2026-07-03T18:15:00+0200,9238.42,MW,BE,BE,actual_load,Actual Load,2026-07-21T00:11:54Z
2026-07-21T00:11:51Z,2026-07-21T02:11:51+0200,ca480415-0e53-4d99-b8f2-f778c2de0ac2,2026-07-03T16:30:00Z,2026-07-03T18:30:00+0200,9409.33,MW,BE,BE,actual_load,Actual Load,2026-07-21T00:11:54Z
2026-07-21T00:11:51Z,2026-07-21T02:11:51+0200,ca480415-0e53-4d99-b8f2-f778c2de0ac2,2026-07-03T16:45:00Z,2026-07-03T18:45:00+0200,9283.2,MW,BE,BE,actual_load,Actual Load,2026-07-21T00:11:54Z
2026-07-21T00:11:51Z,2026-07-21T02:11:51+0200,ca480415-0e53-4d99-b8f2-f778c2de0ac2,2026-07-03T17:00:00Z,2026-07-03T19:00:00+0200,9236.49,MW,BE,BE,actual_load,Actual Load,2026-07-21T00:11:54Z
2026-07-21T00:11:51Z,2026-07-21T02:11:51+0200,ca480415-0e53-4d99-b8f2-f778c2de0ac2,2026-07-03T17:15:00Z,2026-07-03T19:15:00+0200,9081.4,MW,BE,BE,actual_load,Actual Load,2026-07-21T00:11:54Z
2026-07-21T00:11:51Z,2026-07-21T02:11:51+0200,ca480415-0e53-4d99-b8f2-f778c2de0ac2,2026-07-03T17:30:00Z,2026-07-03T19:30:00+0200,9230.59,MW,BE,BE,actual_load,Actual Load,2026-07-21T00:11:54Z
2026-07-21T00:11:51Z,2026-07-21T02:11:51+0200,ca480415-0e53-4d99-b8f2-f778c2de0ac2,2026-07-03T17:45:00Z,2026-07-03T19:45:00+0200,9253.63,MW,BE,BE,actual_load,Actual Load,2026-07-21T00:11:54Z
2026-07-21T00:11:51Z,2026-07-21T02:11:51+0200,ca480415-0e53-4d99-b8f2-f778c2de0ac2,2026-07-03T18:00:00Z,2026-07-03T20:00:00+0200,9239.42,MW,BE,BE,actual_load,Actual Load,2026-07-21T00:11:54Z
2026-07-21T00:11:51Z,2026-07-21T02:11:51+0200,ca480415-0e53-4d99-b8f2-f778c2de0ac2,2026-07-03T18:15:00Z,2026-07-03T20:15:00+0200,9188.81,MW,BE,BE,actual_load,Actual Load,2026-07-21T00:11:54Z
2026-07-21T00:11:51Z,2026-07-21T02:11:51+0200,ca480415-0e53-4d99-b8f2-f778c2de0ac2,2026-07-03T18:30:00Z,2026-07-03T20:30:00+0200,9135.09,MW,BE,BE,actual_load,Actual Load,2026-07-21T00:11:54Z
2026-07-21T00:11:51Z,2026-07-21T02:11:51+0200,ca480415-0e53-4d99-b8f2-f778c2de0ac2,2026-07-03T18:45:00Z,2026-07-03T20:45:00+0200,8964.97,MW,BE,BE,actual_load,Actual Load,2026-07-21T00:11:54Z
2026-07-21T00:11:51Z,2026-07-21T02:11:51+0200,ca480415-0e53-4d99-b8f2-f778c2de0ac2,2026-07-03T19:00:00Z,2026-07-03T21:00:00+0200,9038.58,MW,BE,BE,actual_load,Actual Load,2026-07-21T00:11:54Z
2026-07-21T00:11:51Z,2026-07-21T02:11:51+0200,ca480415-0e53-4d99-b8f2-f778c2de0ac2,2026-07-03T19:15:00Z,2026-07-03T21:15:00+0200,8829.83,MW,BE,BE,actual_load,Actual Load,2026-07-21T00:11:54Z
2026-07-21T00:11:51Z,2026-07-21T02:11:51+0200,ca480415-0e53-4d99-b8f2-f778c2de0ac2,2026-07-03T19:30:00Z,2026-07-03T21:30:00+0200,8716.42,MW,BE,BE,actual_load,Actual Load,2026-07-21T00:11:54Z
2026-07-21T00:11:51Z,2026-07-21T02:11:51+0200,ca480415-0e53-4d99-b8f2-f778c2de0ac2,2026-07-03T19:45:00Z,2026-07-03T21:45:00+0200,8752.74,MW,BE,BE,actual_load,Actual Load,2026-07-21T00:11:54Z
2026-07-21T00:11:51Z,2026-07-21T02:11:51+0200,ca480415-0e53-4d99-b8f2-f778c2de0ac2,2026-07-03T20:00:00Z,2026-07-03T22:00:00+0200,8826.98,MW,BE,BE,actual_load,Actual Load,2026-07-21T00:11:54Z
2026-07-21T00:11:51Z,2026-07-21T02:11:51+0200,ca480415-0e53-4d99-b8f2-f778c2de0ac2,2026-07-03T20:15:00Z,2026-07-03T22:15:00+0200,8905.93,MW,BE,BE,actual_load,Actual Load,2026-07-21T00:11:54Z
2026-07-21T00:11:51Z,2026-07-21T02:11:51+0200,ca480415-0e53-4d99-b8f2-f778c2de0ac2,2026-07-03T20:30:00Z,2026-07-03T22:30:00+0200,8823.65,MW,BE,BE,actual_load,Actual Load,2026-07-21T00:11:54Z
2026-07-21T00:11:51Z,2026-07-21T02:11:51+0200,ca480415-0e53-4d99-b8f2-f778c2de0ac2,2026-07-03T20:45:00Z,2026-07-03T22:45:00+0200,8826.62,MW,BE,BE,actual_load,Actual Load,2026-07-21T00:11:54Z
2026-07-21T00:11:51Z,2026-07-21T02:11:51+0200,ca480415-0e53-4d99-b8f2-f778c2de0ac2,2026-07-03T21:00:00Z,2026-07-03T23:00:00+0200,8651.23,MW,BE,BE,actual_load,Actual Load,2026-07-21T00:11:54Z
2026-07-21T00:11:51Z,2026-07-21T02:11:51+0200,ca480415-0e53-4d99-b8f2-f778c2de0ac2,2026-07-03T21:15:00Z,2026-07-03T23:15:00+0200,8480.07,MW,BE,BE,actual_load,Actual Load,2026-07-21T00:11:54Z
2026-07-21T00:11:51Z,2026-07-21T02:11:51+0200,ca480415-0e53-4d99-b8f2-f778c2de0ac2,2026-07-03T21:30:00Z,2026-07-03T23:30:00+0200,8456.4,MW,BE,BE,actual_load,Actual Load,2026-07-21T00:11:54Z
2026-07-21T00:11:51Z,2026-07-21T02:11:51+0200,ca480415-0e53-4d99-b8f2-f778c2de0ac2,2026-07-03T21:45:00Z,2026-07-03T23:45:00+0200,8269.12,MW,BE,BE,actual_load,Actual Load,2026-07-21T00:11:54Z
2026-07-21T00:11:51Z,2026-07-21T02:11:51+0200,ca480415-0e53-4d99-b8f2-f778c2de0ac2,2026-07-03T22:00:00Z,2026-07-04T00:00:00+0200,8035.49,MW,BE,BE,actual_load,Actual Load,2026-07-21T00:11:54Z
2026-07-21T00:11:51Z,2026-07-21T02:11:51+0200,ca480415-0e53-4d99-b8f2-f778c2de0ac2,2026-07-03T22:15:00Z,2026-07-04T00:15:00+0200,7907.54,MW,BE,BE,actual_load,Actual Load,2026-07-21T00:11:54Z
2026-07-21T00:11:51Z,2026-07-21T02:11:51+0200,ca480415-0e53-4d99-b8f2-f778c2de0ac2,2026-07-03T22:30:00Z,2026-07-04T00:30:00+0200,7815.63,MW,BE,BE,actual_load,Actual Load,2026-07-21T00:11:54Z
2026-07-21T00:11:51Z,2026-07-21T02:11:51+0200,ca480415-0e53-4d99-b8f2-f778c2de0ac2,2026-07-03T22:45:00Z,2026-07-04T00:45:00+0200,7727.41,MW,BE,BE,actual_load,Actual Load,2026-07-21T00:11:54Z
2026-07-21T00:11:51Z,2026-07-21T02:11:51+0200,ca480415-0e53-4d99-b8f2-f778c2de0ac2,2026-07-03T23:00:00Z,2026-07-04T01:00:00+0200,7617.61,MW,BE,BE,actual_load,Actual Load,2026-07-21T00:11:54Z
2026-07-21T00:11:51Z,2026-07-21T02:11:51+0200,ca480415-0e53-4d99-b8f2-f778c2de0ac2,2026-07-03T23:15:00Z,2026-07-04T01:15:00+0200,7618.49,MW,BE,BE,actual_load,Actual Load,2026-07-21T00:11:54Z
2026-07-21T00:11:51Z,2026-07-21T02:11:51+0200,ca480415-0e53-4d99-b8f2-f778c2de0ac2,2026-07-03T23:30:00Z,2026-07-04T01:30:00+0200,7475.12,MW,BE,BE,actual_load,Actual Load,2026-07-21T00:11:54Z
2026-07-21T00:11:51Z,2026-07-21T02:11:51+0200,ca480415-0e53-4d99-b8f2-f778c2de0ac2,2026-07-03T23:45:00Z,2026-07-04T01:45:00+0200,7463.62,MW,BE,BE,actual_load,Actual Load,2026-07-21T00:11:54Z
2026-07-21T00:11:51Z,2026-07-21T02:11:51+0200,ca480415-0e53-4d99-b8f2-f778c2de0ac2,2026-07-04T00:00:00Z,2026-07-04T02:00:00+0200,7376.82,MW,BE,BE,actual_load,Actual Load,2026-07-21T00:11:54Z
2026-07-21T00:11:51Z,2026-07-21T02:11:51+0200,ca480415-0e53-4d99-b8f2-f778c2de0ac2,2026-07-04T00:15:00Z,2026-07-04T02:15:00+0200,7311.28,MW,BE,BE,actual_load,Actual Load,2026-07-21T00:11:54Z
2026-07-21T00:11:51Z,2026-07-21T02:11:51+0200,ca480415-0e53-4d99-b8f2-f778c2de0ac2,2026-07-04T00:30:00Z,2026-07-04T02:30:00+0200,7301.63,MW,BE,BE,actual_load,Actual Load,2026-07-21T00:11:54Z
2026-07-21T00:11:51Z,2026-07-21T02:11:51+0200,ca480415-0e53-4d99-b8f2-f778c2de0ac2,2026-07-04T00:45:00Z,2026-07-04T02:45:00+0200,7270.09,MW,BE,BE,actual_load,Actual Load,2026-07-21T00:11:54Z
2026-07-21T00:11:51Z,2026-07-21T02:11:51+0200,ca480415-0e53-4d99-b8f2-f778c2de0ac2,2026-07-04T01:00:00Z,2026-07-04T03:00:00+0200,7316.58,MW,BE,BE,actual_load,Actual Load,2026-07-21T00:11:54Z
2026-07-21T00:11:51Z,2026-07-21T02:11:51+0200,ca480415-0e53-4d99-b8f2-f778c2de0ac2,2026-07-04T01:15:00Z,2026-07-04T03:15:00+0200,7326.46,MW,BE,BE,actual_load,Actual Load,2026-07-21T00:11:54Z
2026-07-21T00:11:51Z,2026-07-21T02:11:51+0200,ca480415-0e53-4d99-b8f2-f778c2de0ac2,2026-07-04T01:30:00Z,2026-07-04T03:30:00+0200,7296.87,MW,BE,BE,actual_load,Actual Load,2026-07-21T00:11:54Z
2026-07-21T00:11:51Z,2026-07-21T02:11:51+0200,ca480415-0e53-4d99-b8f2-f778c2de0ac2,2026-07-04T01:45:00Z,2026-07-04T03:45:00+0200,7278.6,MW,BE,BE,actual_load,Actual Load,2026-07-21T00:11:54Z
2026-07-21T00:11:51Z,2026-07-21T02:11:51+0200,ca480415-0e53-4d99-b8f2-f778c2de0ac2,2026-07-04T02:00:00Z,2026-07-04T04:00:00+0200,7322.69,MW,BE,BE,actual_load,Actual Load,2026-07-21T00:11:54Z
2026-07-21T00:11:51Z,2026-07-21T02:11:51+0200,ca480415-0e53-4d99-b8f2-f778c2de0ac2,2026-07-04T02:15:00Z,2026-07-04T04:15:00+0200,7310.05,MW,BE,BE,actual_load,Actual Load,2026-07-21T00:11:54Z
2026-07-21T00:11:51Z,2026-07-21T02:11:51+0200,ca480415-0e53-4d99-b8f2-f778c2de0ac2,2026-07-04T02:30:00Z,2026-07-04T04:30:00+0200,7293.25,MW,BE,BE,actual_load,Actual Load,2026-07-21T00:11:54Z
2026-07-21T00:11:51Z,2026-07-21T02:11:51+0200,ca480415-0e53-4d99-b8f2-f778c2de0ac2,2026-07-04T02:45:00Z,2026-07-04T04:45:00+0200,7289.12,MW,BE,BE,actual_load,Actual Load,2026-07-21T00:11:54Z
2026-07-21T00:11:51Z,2026-07-21T02:11:51+0200,ca480415-0e53-4d99-b8f2-f778c2de0ac2,2026-07-04T03:00:00Z,2026-07-04T05:00:00+0200,7364.32,MW,BE,BE,actual_load,Actual Load,2026-07-21T00:11:54Z
2026-07-21T00:11:51Z,2026-07-21T02:11:51+0200,ca480415-0e53-4d99-b8f2-f778c2de0ac2,2026-07-04T03:15:00Z,2026-07-04T05:15:00+0200,7229.23,MW,BE,BE,actual_load,Actual Load,2026-07-21T00:11:54Z
2026-07-21T00:11:51Z,2026-07-21T02:11:51+0200,ca480415-0e53-4d99-b8f2-f778c2de0ac2,2026-07-04T03:30:00Z,2026-07-04T05:30:00+0200,7229.09,MW,BE,BE,actual_load,Actual Load,2026-07-21T00:11:54Z
2026-07-21T00:11:51Z,2026-07-21T02:11:51+0200,ca480415-0e53-4d99-b8f2-f778c2de0ac2,2026-07-04T03:45:00Z,2026-07-04T05:45:00+0200,7194.19,MW,BE,BE,actual_load,Actual Load,2026-07-21T00:11:54Z
2026-07-21T00:11:51Z,2026-07-21T02:11:51+0200,ca480415-0e53-4d99-b8f2-f778c2de0ac2,2026-07-04T04:00:00Z,2026-07-04T06:00:00+0200,7296.94,MW,BE,BE,actual_load,Actual Load,2026-07-21T00:11:54Z
2026-07-21T00:11:51Z,2026-07-21T02:11:51+0200,ca480415-0e53-4d99-b8f2-f778c2de0ac2,2026-07-04T04:15:00Z,2026-07-04T06:15:00+0200,7351.39,MW,BE,BE,actual_load,Actual Load,2026-07-21T00:11:54Z
2026-07-21T00:11:51Z,2026-07-21T02:11:51+0200,ca480415-0e53-4d99-b8f2-f778c2de0ac2,2026-07-04T04:30:00Z,2026-07-04T06:30:00+0200,7331.22,MW,BE,BE,actual_load,Actual Load,2026-07-21T00:11:54Z
2026-07-21T00:11:51Z,2026-07-21T02:11:51+0200,ca480415-0e53-4d99-b8f2-f778c2de0ac2,2026-07-04T04:45:00Z,2026-07-04T06:45:00+0200,7507.72,MW,BE,BE,actual_load,Actual Load,2026-07-21T00:11:54Z
2026-07-21T00:11:51Z,2026-07-21T02:11:51+0200,ca480415-0e53-4d99-b8f2-f778c2de0ac2,2026-07-04T05:00:00Z,2026-07-04T07:00:00+0200,7624.7,MW,BE,BE,actual_load,Actual Load,2026-07-21T00:11:54Z
2026-07-21T00:11:51Z,2026-07-21T02:11:51+0200,ca480415-0e53-4d99-b8f2-f778c2de0ac2,2026-07-04T05:15:00Z,2026-07-04T07:15:00+0200,7701.44,MW,BE,BE,actual_load,Actual Load,2026-07-21T00:11:54Z
2026-07-21T00:11:51Z,2026-07-21T02:11:51+0200,ca480415-0e53-4d99-b8f2-f778c2de0ac2,2026-07-04T05:30:00Z,2026-07-04T07:30:00+0200,7852.92,MW,BE,BE,actual_load,Actual Load,2026-07-21T00:11:54Z
2026-07-21T00:11:51Z,2026-07-21T02:11:51+0200,ca480415-0e53-4d99-b8f2-f778c2de0ac2,2026-07-04T05:45:00Z,2026-07-04T07:45:00+0200,7952.46,MW,BE,BE,actual_load,Actual Load,2026-07-21T00:11:54Z
2026-07-21T00:11:51Z,2026-07-21T02:11:51+0200,ca480415-0e53-4d99-b8f2-f778c2de0ac2,2026-07-04T06:00:00Z,2026-07-04T08:00:00+0200,8161.88,MW,BE,BE,actual_load,Actual Load,2026-07-21T00:11:54Z
2026-07-21T00:11:51Z,2026-07-21T02:11:51+0200,ca480415-0e53-4d99-b8f2-f778c2de0ac2,2026-07-04T06:15:00Z,2026-07-04T08:15:00+0200,8162.45,MW,BE,BE,actual_load,Actual Load,2026-07-21T00:11:54Z
2026-07-21T00:11:51Z,2026-07-21T02:11:51+0200,ca480415-0e53-4d99-b8f2-f778c2de0ac2,2026-07-04T06:30:00Z,2026-07-04T08:30:00+0200,8330.74,MW,BE,BE,actual_load,Actual Load,2026-07-21T00:11:54Z
2026-07-21T00:11:51Z,2026-07-21T02:11:51+0200,ca480415-0e53-4d99-b8f2-f778c2de0ac2,2026-07-04T06:45:00Z,2026-07-04T08:45:00+0200,8471.84,MW,BE,BE,actual_load,Actual Load,2026-07-21T00:11:54Z
2026-07-21T00:11:51Z,2026-07-21T02:11:51+0200,ca480415-0e53-4d99-b8f2-f778c2de0ac2,2026-07-04T07:00:00Z,2026-07-04T09:00:00+0200,8487.07,MW,BE,BE,actual_load,Actual Load,2026-07-21T00:11:54Z
2026-07-21T00:11:51Z,2026-07-21T02:11:51+0200,ca480415-0e53-4d99-b8f2-f778c2de0ac2,2026-07-04T07:15:00Z,2026-07-04T09:15:00+0200,8539.05,MW,BE,BE,actual_load,Actual Load,2026-07-21T00:11:54Z
2026-07-21T00:11:51Z,2026-07-21T02:11:51+0200,ca480415-0e53-4d99-b8f2-f778c2de0ac2,2026-07-04T07:30:00Z,2026-07-04T09:30:00+0200,8675.2,MW,BE,BE,actual_load,Actual Load,2026-07-21T00:11:54Z
2026-07-21T00:11:51Z,2026-07-21T02:11:51+0200,ca480415-0e53-4d99-b8f2-f778c2de0ac2,2026-07-04T07:45:00Z,2026-07-04T09:45:00+0200,8743.91,MW,BE,BE,actual_load,Actual Load,2026-07-21T00:11:54Z
2026-07-21T00:11:51Z,2026-07-21T02:11:51+0200,ca480415-0e53-4d99-b8f2-f778c2de0ac2,2026-07-04T08:00:00Z,2026-07-04T10:00:00+0200,8756.49,MW,BE,BE,actual_load,Actual Load,2026-07-21T00:11:54Z
2026-07-21T00:11:51Z,2026-07-21T02:11:51+0200,ca480415-0e53-4d99-b8f2-f778c2de0ac2,2026-07-04T08:15:00Z,2026-07-04T10:15:00+0200,8941.02,MW,BE,BE,actual_load,Actual Load,2026-07-21T00:11:54Z
2026-07-21T00:11:51Z,2026-07-21T02:11:51+0200,ca480415-0e53-4d99-b8f2-f778c2de0ac2,2026-07-04T08:30:00Z,2026-07-04T10:30:00+0200,8947.52,MW,BE,BE,actual_load,Actual Load,2026-07-21T00:11:54Z
2026-07-21T00:11:51Z,2026-07-21T02:11:51+0200,ca480415-0e53-4d99-b8f2-f778c2de0ac2,2026-07-04T08:45:00Z,2026-07-04T10:45:00+0200,9088.84,MW,BE,BE,actual_load,Actual Load,2026-07-21T00:11:54Z
2026-07-21T00:11:51Z,2026-07-21T02:11:51+0200,ca480415-0e53-4d99-b8f2-f778c2de0ac2,2026-07-04T09:00:00Z,2026-07-04T11:00:00+0200,9263.01,MW,BE,BE,actual_load,Actual Load,2026-07-21T00:11:54Z
2026-07-21T00:11:51Z,2026-07-21T02:11:51+0200,ca480415-0e53-4d99-b8f2-f778c2de0ac2,2026-07-04T09:15:00Z,2026-07-04T11:15:00+0200,9395.23,MW,BE,BE,actual_load,Actual Load,2026-07-21T00:11:54Z
2026-07-21T00:11:51Z,2026-07-21T02:11:51+0200,ca480415-0e53-4d99-b8f2-f778c2de0ac2,2026-07-04T09:30:00Z,2026-07-04T11:30:00+0200,9625.74,MW,BE,BE,actual_load,Actual Load,2026-07-21T00:11:54Z
2026-07-21T00:11:51Z,2026-07-21T02:11:51+0200,ca480415-0e53-4d99-b8f2-f778c2de0ac2,2026-07-04T09:45:00Z,2026-07-04T11:45:00+0200,9730.18,MW,BE,BE,actual_load,Actual Load,2026-07-21T00:11:54Z
2026-07-21T00:11:51Z,2026-07-21T02:11:51+0200,ca480415-0e53-4d99-b8f2-f778c2de0ac2,2026-07-04T10:00:00Z,2026-07-04T12:00:00+0200,9809.04,MW,BE,BE,actual_load,Actual Load,2026-07-21T00:11:54Z
2026-07-21T00:11:51Z,2026-07-21T02:11:51+0200,ca480415-0e53-4d99-b8f2-f778c2de0ac2,2026-07-04T10:15:00Z,2026-07-04T12:15:00+0200,9818.99,MW,BE,BE,actual_load,Actual Load,2026-07-21T00:11:54Z
2026-07-21T00:11:51Z,2026-07-21T02:11:51+0200,ca480415-0e53-4d99-b8f2-f778c2de0ac2,2026-07-04T10:30:00Z,2026-07-04T12:30:00+0200,9773.68,MW,BE,BE,actual_load,Actual Load,2026-07-21T00:11:54Z
2026-07-21T00:11:51Z,2026-07-21T02:11:51+0200,ca480415-0e53-4d99-b8f2-f778c2de0ac2,2026-07-04T10:45:00Z,2026-07-04T12:45:00+0200,9798.26,MW,BE,BE,actual_load,Actual Load,2026-07-21T00:11:54Z
2026-07-21T00:11:51Z,2026-07-21T02:11:51+0200,ca480415-0e53-4d99-b8f2-f778c2de0ac2,2026-07-04T11:00:00Z,2026-07-04T13:00:00+0200,9667.83,MW,BE,BE,actual_load,Actual Load,2026-07-21T00:11:54Z
2026-07-21T00:11:51Z,2026-07-21T02:11:51+0200,ca480415-0e53-4d99-b8f2-f778c2de0ac2,2026-07-04T11:15:00Z,2026-07-04T13:15:00+0200,9649.57,MW,BE,BE,actual_load,Actual Load,2026-07-21T00:11:54Z
2026-07-21T00:11:51Z,2026-07-21T02:11:51+0200,ca480415-0e53-4d99-b8f2-f778c2de0ac2,2026-07-04T11:30:00Z,2026-07-04T13:30:00+0200,9576.25,MW,BE,BE,actual_load,Actual Load,2026-07-21T00:11:54Z
2026-07-21T00:11:51Z,2026-07-21T02:11:51+0200,ca480415-0e53-4d99-b8f2-f778c2de0ac2,2026-07-04T11:45:00Z,2026-07-04T13:45:00+0200,9389.47,MW,BE,BE,actual_load,Actual Load,2026-07-21T00:11:54Z
2026-07-21T00:11:51Z,2026-07-21T02:11:51+0200,ca480415-0e53-4d99-b8f2-f778c2de0ac2,2026-07-04T12:00:00Z,2026-07-04T14:00:00+0200,9340.91,MW,BE,BE,actual_load,Actual Load,2026-07-21T00:11:54Z
2026-07-21T00:11:51Z,2026-07-21T02:11:51+0200,ca480415-0e53-4d99-b8f2-f778c2de0ac2,2026-07-04T12:15:00Z,2026-07-04T14:15:00+0200,9137.18,MW,BE,BE,actual_load,Actual Load,2026-07-21T00:11:54Z
2026-07-21T00:11:51Z,2026-07-21T02:11:51+0200,ca480415-0e53-4d99-b8f2-f778c2de0ac2,2026-07-04T12:30:00Z,2026-07-04T14:30:00+0200,8996.02,MW,BE,BE,actual_load,Actual Load,2026-07-21T00:11:54Z
2026-07-21T00:11:51Z,2026-07-21T02:11:51+0200,ca480415-0e53-4d99-b8f2-f778c2de0ac2,2026-07-04T12:45:00Z,2026-07-04T14:45:00+0200,8831.9,MW,BE,BE,actual_load,Actual Load,2026-07-21T00:11:54Z
2026-07-21T00:11:51Z,2026-07-21T02:11:51+0200,ca480415-0e53-4d99-b8f2-f778c2de0ac2,2026-07-04T13:00:00Z,2026-07-04T15:00:00+0200,8856.61,MW,BE,BE,actual_load,Actual Load,2026-07-21T00:11:54Z
2026-07-21T00:11:51Z,2026-07-21T02:11:51+0200,ca480415-0e53-4d99-b8f2-f778c2de0ac2,2026-07-04T13:15:00Z,2026-07-04T15:15:00+0200,8838.28,MW,BE,BE,actual_load,Actual Load,2026-07-21T00:11:54Z
2026-07-21T00:11:51Z,2026-07-21T02:11:51+0200,ca480415-0e53-4d99-b8f2-f778c2de0ac2,2026-07-04T13:30:00Z,2026-07-04T15:30:00+0200,8856.48,MW,BE,BE,actual_load,Actual Load,2026-07-21T00:11:54Z
2026-07-21T00:11:51Z,2026-07-21T02:11:51+0200,ca480415-0e53-4d99-b8f2-f778c2de0ac2,2026-07-04T13:45:00Z,2026-07-04T15:45:00+0200,8620.26,MW,BE,BE,actual_load,Actual Load,2026-07-21T00:11:54Z
2026-07-21T00:11:51Z,2026-07-21T02:11:51+0200,ca480415-0e53-4d99-b8f2-f778c2de0ac2,2026-07-04T14:00:00Z,2026-07-04T16:00:00+0200,8613.38,MW,BE,BE,actual_load,Actual Load,2026-07-21T00:11:54Z
2026-07-21T00:11:51Z,2026-07-21T02:11:51+0200,ca480415-0e53-4d99-b8f2-f778c2de0ac2,2026-07-04T14:15:00Z,2026-07-04T16:15:00+0200,8552.54,MW,BE,BE,actual_load,Actual Load,2026-07-21T00:11:54Z
2026-07-21T00:11:51Z,2026-07-21T02:11:51+0200,ca480415-0e53-4d99-b8f2-f778c2de0ac2,2026-07-04T14:30:00Z,2026-07-04T16:30:00+0200,8619.65,MW,BE,BE,actual_load,Actual Load,2026-07-21T00:11:54Z
2026-07-21T00:11:51Z,2026-07-21T02:11:51+0200,ca480415-0e53-4d99-b8f2-f778c2de0ac2,2026-07-04T14:45:00Z,2026-07-04T16:45:00+0200,8735.64,MW,BE,BE,actual_load,Actual Load,2026-07-21T00:11:54Z
2026-07-21T00:11:51Z,2026-07-21T02:11:51+0200,ca480415-0e53-4d99-b8f2-f778c2de0ac2,2026-07-04T15:00:00Z,2026-07-04T17:00:00+0200,8631.94,MW,BE,BE,actual_load,Actual Load,2026-07-21T00:11:54Z
2026-07-21T00:11:51Z,2026-07-21T02:11:51+0200,ca480415-0e53-4d99-b8f2-f778c2de0ac2,2026-07-04T15:15:00Z,2026-07-04T17:15:00+0200,8479.66,MW,BE,BE,actual_load,Actual Load,2026-07-21T00:11:54Z
2026-07-21T00:11:51Z,2026-07-21T02:11:51+0200,ca480415-0e53-4d99-b8f2-f778c2de0ac2,2026-07-04T15:30:00Z,2026-07-04T17:30:00+0200,8617.67,MW,BE,BE,actual_load,Actual Load,2026-07-21T00:11:54Z
2026-07-21T00:11:51Z,2026-07-21T02:11:51+0200,ca480415-0e53-4d99-b8f2-f778c2de0ac2,2026-07-04T15:45:00Z,2026-07-04T17:45:00+0200,8622.97,MW,BE,BE,actual_load,Actual Load,2026-07-21T00:11:54Z
2026-07-21T00:11:51Z,2026-07-21T02:11:51+0200,ca480415-0e53-4d99-b8f2-f778c2de0ac2,2026-07-04T16:00:00Z,2026-07-04T18:00:00+0200,8358.55,MW,BE,BE,actual_load,Actual Load,2026-07-21T00:11:54Z
2026-07-21T00:11:51Z,2026-07-21T02:11:51+0200,ca480415-0e53-4d99-b8f2-f778c2de0ac2,2026-07-04T16:15:00Z,2026-07-04T18:15:00+0200,8288.58,MW,BE,BE,actual_load,Actual Load,2026-07-21T00:11:54Z
2026-07-21T00:11:51Z,2026-07-21T02:11:51+0200,ca480415-0e53-4d99-b8f2-f778c2de0ac2,2026-07-04T16:30:00Z,2026-07-04T18:30:00+0200,8289.83,MW,BE,BE,actual_load,Actual Load,2026-07-21T00:11:54Z
2026-07-21T00:11:51Z,2026-07-21T02:11:51+0200,ca480415-0e53-4d99-b8f2-f778c2de0ac2,2026-07-04T16:45:00Z,2026-07-04T18:45:00+0200,8293.88,MW,BE,BE,actual_load,Actual Load,2026-07-21T00:11:54Z
2026-07-21T00:11:51Z,2026-07-21T02:11:51+0200,ca480415-0e53-4d99-b8f2-f778c2de0ac2,2026-07-04T17:00:00Z,2026-07-04T19:00:00+0200,8366.31,MW,BE,BE,actual_load,Actual Load,2026-07-21T00:11:54Z
2026-07-21T00:11:51Z,2026-07-21T02:11:51+0200,ca480415-0e53-4d99-b8f2-f778c2de0ac2,2026-07-04T17:15:00Z,2026-07-04T19:15:00+0200,8398.09,MW,BE,BE,actual_load,Actual Load,2026-07-21T00:11:54Z
2026-07-21T00:11:51Z,2026-07-21T02:11:51+0200,ca480415-0e53-4d99-b8f2-f778c2de0ac2,2026-07-04T17:30:00Z,2026-07-04T19:30:00+0200,8387.65,MW,BE,BE,actual_load,Actual Load,2026-07-21T00:11:54Z
2026-07-21T00:11:51Z,2026-07-21T02:11:51+0200,ca480415-0e53-4d99-b8f2-f778c2de0ac2,2026-07-04T17:45:00Z,2026-07-04T19:45:00+0200,8448.59,MW,BE,BE,actual_load,Actual Load,2026-07-21T00:11:54Z
2026-07-21T00:11:51Z,2026-07-21T02:11:51+0200,ca480415-0e53-4d99-b8f2-f778c2de0ac2,2026-07-04T18:00:00Z,2026-07-04T20:00:00+0200,8495.46,MW,BE,BE,actual_load,Actual Load,2026-07-21T00:11:54Z
2026-07-21T00:11:51Z,2026-07-21T02:11:51+0200,ca480415-0e53-4d99-b8f2-f778c2de0ac2,2026-07-04T18:15:00Z,2026-07-04T20:15:00+0200,8616.05,MW,BE,BE,actual_load,Actual Load,2026-07-21T00:11:54Z
2026-07-21T00:11:51Z,2026-07-21T02:11:51+0200,ca480415-0e53-4d99-b8f2-f778c2de0ac2,2026-07-04T18:30:00Z,2026-07-04T20:30:00+0200,8542.39,MW,BE,BE,actual_load,Actual Load,2026-07-21T00:11:54Z
2026-07-21T00:11:51Z,2026-07-21T02:11:51+0200,ca480415-0e53-4d99-b8f2-f778c2de0ac2,2026-07-04T18:45:00Z,2026-07-04T20:45:00+0200,8454.07,MW,BE,BE,actual_load,Actual Load,2026-07-21T00:11:54Z
2026-07-21T00:11:51Z,2026-07-21T02:11:51+0200,ca480415-0e53-4d99-b8f2-f778c2de0ac2,2026-07-04T19:00:00Z,2026-07-04T21:00:00+0200,8453.66,MW,BE,BE,actual_load,Actual Load,2026-07-21T00:11:54Z
2026-07-21T00:11:51Z,2026-07-21T02:11:51+0200,ca480415-0e53-4d99-b8f2-f778c2de0ac2,2026-07-04T19:15:00Z,2026-07-04T21:15:00+0200,8390.37,MW,BE,BE,actual_load,Actual Load,2026-07-21T00:11:54Z
2026-07-21T00:11:51Z,2026-07-21T02:11:51+0200,ca480415-0e53-4d99-b8f2-f778c2de0ac2,2026-07-04T19:30:00Z,2026-07-04T21:30:00+0200,8341.35,MW,BE,BE,actual_load,Actual Load,2026-07-21T00:11:54Z
2026-07-21T00:11:51Z,2026-07-21T02:11:51+0200,ca480415-0e53-4d99-b8f2-f778c2de0ac2,2026-07-04T19:45:00Z,2026-07-04T21:45:00+0200,8308.14,MW,BE,BE,actual_load,Actual Load,2026-07-21T00:11:54Z
2026-07-21T00:11:51Z,2026-07-21T02:11:51+0200,ca480415-0e53-4d99-b8f2-f778c2de0ac2,2026-07-04T20:00:00Z,2026-07-04T22:00:00+0200,8398.61,MW,BE,BE,actual_load,Actual Load,2026-07-21T00:11:54Z
2026-07-21T00:11:51Z,2026-07-21T02:11:51+0200,ca480415-0e53-4d99-b8f2-f778c2de0ac2,2026-07-04T20:15:00Z,2026-07-04T22:15:00+0200,8507.58,MW,BE,BE,actual_load,Actual Load,2026-07-21T00:11:54Z
2026-07-21T00:11:51Z,2026-07-21T02:11:51+0200,ca480415-0e53-4d99-b8f2-f778c2de0ac2,2026-07-04T20:30:00Z,2026-07-04T22:30:00+0200,8414.35,MW,BE,BE,actual_load,Actual Load,2026-07-21T00:11:54Z
2026-07-21T00:11:51Z,2026-07-21T02:11:51+0200,ca480415-0e53-4d99-b8f2-f778c2de0ac2,2026-07-04T20:45:00Z,2026-07-04T22:45:00+0200,8450.25,MW,BE,BE,actual_load,Actual Load,2026-07-21T00:11:54Z
2026-07-21T00:11:51Z,2026-07-21T02:11:51+0200,ca480415-0e53-4d99-b8f2-f778c2de0ac2,2026-07-04T21:00:00Z,2026-07-04T23:00:00+0200,8266.64,MW,BE,BE,actual_load,Actual Load,2026-07-21T00:11:54Z
2026-07-21T00:11:51Z,2026-07-21T02:11:51+0200,ca480415-0e53-4d99-b8f2-f778c2de0ac2,2026-07-04T21:15:00Z,2026-07-04T23:15:00+0200,8255.38,MW,BE,BE,actual_load,Actual Load,2026-07-21T00:11:54Z
2026-07-21T00:11:51Z,2026-07-21T02:11:51+0200,ca480415-0e53-4d99-b8f2-f778c2de0ac2,2026-07-04T21:30:00Z,2026-07-04T23:30:00+0200,8149.53,MW,BE,BE,actual_load,Actual Load,2026-07-21T00:11:54Z
2026-07-21T00:11:51Z,2026-07-21T02:11:51+0200,ca480415-0e53-4d99-b8f2-f778c2de0ac2,2026-07-04T21:45:00Z,2026-07-04T23:45:00+0200,7951.99,MW,BE,BE,actual_load,Actual Load,2026-07-21T00:11:54Z
2026-07-21T00:11:51Z,2026-07-21T02:11:51+0200,ca480415-0e53-4d99-b8f2-f778c2de0ac2,2026-07-04T22:00:00Z,2026-07-05T00:00:00+0200,7749.9,MW,BE,BE,actual_load,Actual Load,2026-07-21T00:11:54Z
2026-07-21T00:11:51Z,2026-07-21T02:11:51+0200,ca480415-0e53-4d99-b8f2-f778c2de0ac2,2026-07-04T22:15:00Z,2026-07-05T00:15:00+0200,7616.56,MW,BE,BE,actual_load,Actual Load,2026-07-21T00:11:54Z
2026-07-21T00:11:51Z,2026-07-21T02:11:51+0200,ca480415-0e53-4d99-b8f2-f778c2de0ac2,2026-07-04T22:30:00Z,2026-07-05T00:30:00+0200,7582.19,MW,BE,BE,actual_load,Actual Load,2026-07-21T00:11:54Z
2026-07-21T00:11:51Z,2026-07-21T02:11:51+0200,ca480415-0e53-4d99-b8f2-f778c2de0ac2,2026-07-04T22:45:00Z,2026-07-05T00:45:00+0200,7629.88,MW,BE,BE,actual_load,Actual Load,2026-07-21T00:11:54Z
2026-07-21T00:11:51Z,2026-07-21T02:11:51+0200,ca480415-0e53-4d99-b8f2-f778c2de0ac2,2026-07-04T23:00:00Z,2026-07-05T01:00:00+0200,7490.7,MW,BE,BE,actual_load,Actual Load,2026-07-21T00:11:54Z
2026-07-21T00:11:51Z,2026-07-21T02:11:51+0200,ca480415-0e53-4d99-b8f2-f778c2de0ac2,2026-07-04T23:15:00Z,2026-07-05T01:15:00+0200,7474.11,MW,BE,BE,actual_load,Actual Load,2026-07-21T00:11:54Z
2026-07-21T00:11:51Z,2026-07-21T02:11:51+0200,ca480415-0e53-4d99-b8f2-f778c2de0ac2,2026-07-04T23:30:00Z,2026-07-05T01:30:00+0200,7386.11,MW,BE,BE,actual_load,Actual Load,2026-07-21T00:11:54Z
2026-07-21T00:11:51Z,2026-07-21T02:11:51+0200,ca480415-0e53-4d99-b8f2-f778c2de0ac2,2026-07-04T23:45:00Z,2026-07-05T01:45:00+0200,7285.43,MW,BE,BE,actual_load,Actual Load,2026-07-21T00:11:54Z
2026-07-21T00:11:51Z,2026-07-21T02:11:51+0200,ca480415-0e53-4d99-b8f2-f778c2de0ac2,2026-07-05T00:00:00Z,2026-07-05T02:00:00+0200,7307.78,MW,BE,BE,actual_load,Actual Load,2026-07-21T00:11:54Z
2026-07-21T00:11:51Z,2026-07-21T02:11:51+0200,ca480415-0e53-4d99-b8f2-f778c2de0ac2,2026-07-05T00:15:00Z,2026-07-05T02:15:00+0200,7165.75,MW,BE,BE,actual_load,Actual Load,2026-07-21T00:11:54Z
2026-07-21T00:11:51Z,2026-07-21T02:11:51+0200,ca480415-0e53-4d99-b8f2-f778c2de0ac2,2026-07-05T00:30:00Z,2026-07-05T02:30:00+0200,7194.75,MW,BE,BE,actual_load,Actual Load,2026-07-21T00:11:54Z
2026-07-21T00:11:51Z,2026-07-21T02:11:51+0200,ca480415-0e53-4d99-b8f2-f778c2de0ac2,2026-07-05T00:45:00Z,2026-07-05T02:45:00+0200,7158.54,MW,BE,BE,actual_load,Actual Load,2026-07-21T00:11:54Z
2026-07-21T00:11:51Z,2026-07-21T02:11:51+0200,ca480415-0e53-4d99-b8f2-f778c2de0ac2,2026-07-05T01:00:00Z,2026-07-05T03:00:00+0200,7126.95,MW,BE,BE,actual_load,Actual Load,2026-07-21T00:11:54Z
2026-07-21T00:11:51Z,2026-07-21T02:11:51+0200,ca480415-0e53-4d99-b8f2-f778c2de0ac2,2026-07-05T01:15:00Z,2026-07-05T03:15:00+0200,7092.29,MW,BE,BE,actual_load,Actual Load,2026-07-21T00:11:54Z
2026-07-21T00:11:51Z,2026-07-21T02:11:51+0200,ca480415-0e53-4d99-b8f2-f778c2de0ac2,2026-07-05T01:30:00Z,2026-07-05T03:30:00+0200,7069.87,MW,BE,BE,actual_load,Actual Load,2026-07-21T00:11:54Z
2026-07-21T00:11:51Z,2026-07-21T02:11:51+0200,ca480415-0e53-4d99-b8f2-f778c2de0ac2,2026-07-05T01:45:00Z,2026-07-05T03:45:00+0200,6944.55,MW,BE,BE,actual_load,Actual Load,2026-07-21T00:11:54Z
2026-07-21T00:11:51Z,2026-07-21T02:11:51+0200,ca480415-0e53-4d99-b8f2-f778c2de0ac2,2026-07-05T02:00:00Z,2026-07-05T04:00:00+0200,7008.97,MW,BE,BE,actual_load,Actual Load,2026-07-21T00:11:54Z
2026-07-21T00:11:51Z,2026-07-21T02:11:51+0200,ca480415-0e53-4d99-b8f2-f778c2de0ac2,2026-07-05T02:15:00Z,2026-07-05T04:15:00+0200,6996.79,MW,BE,BE,actual_load,Actual Load,2026-07-21T00:11:54Z
2026-07-21T00:11:51Z,2026-07-21T02:11:51+0200,ca480415-0e53-4d99-b8f2-f778c2de0ac2,2026-07-05T02:30:00Z,2026-07-05T04:30:00+0200,7016.99,MW,BE,BE,actual_load,Actual Load,2026-07-21T00:11:54Z
2026-07-21T00:11:51Z,2026-07-21T02:11:51+0200,ca480415-0e53-4d99-b8f2-f778c2de0ac2,2026-07-05T02:45:00Z,2026-07-05T04:45:00+0200,6986.14,MW,BE,BE,actual_load,Actual Load,2026-07-21T00:11:54Z
2026-07-21T00:11:51Z,2026-07-21T02:11:51+0200,ca480415-0e53-4d99-b8f2-f778c2de0ac2,2026-07-05T03:00:00Z,2026-07-05T05:00:00+0200,6959.99,MW,BE,BE,actual_load,Actual Load,2026-07-21T00:11:54Z
2026-07-21T00:11:51Z,2026-07-21T02:11:51+0200,ca480415-0e53-4d99-b8f2-f778c2de0ac2,2026-07-05T03:15:00Z,2026-07-05T05:15:00+0200,6983.4,MW,BE,BE,actual_load,Actual Load,2026-07-21T00:11:54Z
2026-07-21T00:11:51Z,2026-07-21T02:11:51+0200,ca480415-0e53-4d99-b8f2-f778c2de0ac2,2026-07-05T03:30:00Z,2026-07-05T05:30:00+0200,6953.31,MW,BE,BE,actual_load,Actual Load,2026-07-21T00:11:54Z
2026-07-21T00:11:51Z,2026-07-21T02:11:51+0200,ca480415-0e53-4d99-b8f2-f778c2de0ac2,2026-07-05T03:45:00Z,2026-07-05T05:45:00+0200,6907.65,MW,BE,BE,actual_load,Actual Load,2026-07-21T00:11:54Z
2026-07-21T00:11:51Z,2026-07-21T02:11:51+0200,ca480415-0e53-4d99-b8f2-f778c2de0ac2,2026-07-05T04:00:00Z,2026-07-05T06:00:00+0200,7073.46,MW,BE,BE,actual_load,Actual Load,2026-07-21T00:11:54Z
2026-07-21T00:11:51Z,2026-07-21T02:11:51+0200,ca480415-0e53-4d99-b8f2-f778c2de0ac2,2026-07-05T04:15:00Z,2026-07-05T06:15:00+0200,7040.61,MW,BE,BE,actual_load,Actual Load,2026-07-21T00:11:54Z
2026-07-21T00:11:51Z,2026-07-21T02:11:51+0200,ca480415-0e53-4d99-b8f2-f778c2de0ac2,2026-07-05T04:30:00Z,2026-07-05T06:30:00+0200,7120.37,MW,BE,BE,actual_load,Actual Load,2026-07-21T00:11:54Z
2026-07-21T00:11:51Z,2026-07-21T02:11:51+0200,ca480415-0e53-4d99-b8f2-f778c2de0ac2,2026-07-05T04:45:00Z,2026-07-05T06:45:00+0200,7275.09,MW,BE,BE,actual_load,Actual Load,2026-07-21T00:11:54Z
2026-07-21T00:11:51Z,2026-07-21T02:11:51+0200,ca480415-0e53-4d99-b8f2-f778c2de0ac2,2026-07-05T05:00:00Z,2026-07-05T07:00:00+0200,7220.91,MW,BE,BE,actual_load,Actual Load,2026-07-21T00:11:54Z
2026-07-21T00:11:51Z,2026-07-21T02:11:51+0200,ca480415-0e53-4d99-b8f2-f778c2de0ac2,2026-07-05T05:15:00Z,2026-07-05T07:15:00+0200,7295.63,MW,BE,BE,actual_load,Actual Load,2026-07-21T00:11:54Z
2026-07-21T00:11:51Z,2026-07-21T02:11:51+0200,ca480415-0e53-4d99-b8f2-f778c2de0ac2,2026-07-05T05:30:00Z,2026-07-05T07:30:00+0200,7512.81,MW,BE,BE,actual_load,Actual Load,2026-07-21T00:11:54Z
2026-07-21T00:11:51Z,2026-07-21T02:11:51+0200,ca480415-0e53-4d99-b8f2-f778c2de0ac2,2026-07-05T05:45:00Z,2026-07-05T07:45:00+0200,7567.29,MW,BE,BE,actual_load,Actual Load,2026-07-21T00:11:54Z
2026-07-21T00:11:51Z,2026-07-21T02:11:51+0200,ca480415-0e53-4d99-b8f2-f778c2de0ac2,2026-07-05T06:00:00Z,2026-07-05T08:00:00+0200,7612.3,MW,BE,BE,actual_load,Actual Load,2026-07-21T00:11:54Z
2026-07-21T00:11:51Z,2026-07-21T02:11:51+0200,ca480415-0e53-4d99-b8f2-f778c2de0ac2,2026-07-05T06:15:00Z,2026-07-05T08:15:00+0200,7698.86,MW,BE,BE,actual_load,Actual Load,2026-07-21T00:11:54Z
2026-07-21T00:11:51Z,2026-07-21T02:11:51+0200,ca480415-0e53-4d99-b8f2-f778c2de0ac2,2026-07-05T06:30:00Z,2026-07-05T08:30:00+0200,7895.96,MW,BE,BE,actual_load,Actual Load,2026-07-21T00:11:54Z
2026-07-21T00:11:51Z,2026-07-21T02:11:51+0200,ca480415-0e53-4d99-b8f2-f778c2de0ac2,2026-07-05T06:45:00Z,2026-07-05T08:45:00+0200,7916.18,MW,BE,BE,actual_load,Actual Load,2026-07-21T00:11:54Z
2026-07-21T00:11:51Z,2026-07-21T02:11:51+0200,ca480415-0e53-4d99-b8f2-f778c2de0ac2,2026-07-05T07:00:00Z,2026-07-05T09:00:00+0200,7954.47,MW,BE,BE,actual_load,Actual Load,2026-07-21T00:11:54Z
2026-07-21T00:11:51Z,2026-07-21T02:11:51+0200,ca480415-0e53-4d99-b8f2-f778c2de0ac2,2026-07-05T07:15:00Z,2026-07-05T09:15:00+0200,8128.5,MW,BE,BE,actual_load,Actual Load,2026-07-21T00:11:54Z
2026-07-21T00:11:51Z,2026-07-21T02:11:51+0200,ca480415-0e53-4d99-b8f2-f778c2de0ac2,2026-07-05T07:30:00Z,2026-07-05T09:30:00+0200,8255.14,MW,BE,BE,actual_load,Actual Load,2026-07-21T00:11:54Z
2026-07-21T00:11:51Z,2026-07-21T02:11:51+0200,ca480415-0e53-4d99-b8f2-f778c2de0ac2,2026-07-05T07:45:00Z,2026-07-05T09:45:00+0200,8191.88,MW,BE,BE,actual_load,Actual Load,2026-07-21T00:11:54Z
2026-07-21T00:11:51Z,2026-07-21T02:11:51+0200,ca480415-0e53-4d99-b8f2-f778c2de0ac2,2026-07-05T08:00:00Z,2026-07-05T10:00:00+0200,8174.16,MW,BE,BE,actual_load,Actual Load,2026-07-21T00:11:54Z
2026-07-21T00:11:51Z,2026-07-21T02:11:51+0200,ca480415-0e53-4d99-b8f2-f778c2de0ac2,2026-07-05T08:15:00Z,2026-07-05T10:15:00+0200,8452.21,MW,BE,BE,actual_load,Actual Load,2026-07-21T00:11:54Z
2026-07-21T00:11:51Z,2026-07-21T02:11:51+0200,ca480415-0e53-4d99-b8f2-f778c2de0ac2,2026-07-05T08:30:00Z,2026-07-05T10:30:00+0200,8419.24,MW,BE,BE,actual_load,Actual Load,2026-07-21T00:11:54Z
2026-07-21T00:11:51Z,2026-07-21T02:11:51+0200,ca480415-0e53-4d99-b8f2-f778c2de0ac2,2026-07-05T08:45:00Z,2026-07-05T10:45:00+0200,8509.81,MW,BE,BE,actual_load,Actual Load,2026-07-21T00:11:54Z
2026-07-21T00:11:51Z,2026-07-21T02:11:51+0200,ca480415-0e53-4d99-b8f2-f778c2de0ac2,2026-07-05T09:00:00Z,2026-07-05T11:00:00+0200,8390.96,MW,BE,BE,actual_load,Actual Load,2026-07-21T00:11:54Z
2026-07-21T00:11:51Z,2026-07-21T02:11:51+0200,ca480415-0e53-4d99-b8f2-f778c2de0ac2,2026-07-05T09:15:00Z,2026-07-05T11:15:00+0200,8503.79,MW,BE,BE,actual_load,Actual Load,2026-07-21T00:11:54Z
2026-07-21T00:11:51Z,2026-07-21T02:11:51+0200,ca480415-0e53-4d99-b8f2-f778c2de0ac2,2026-07-05T09:30:00Z,2026-07-05T11:30:00+0200,8844.36,MW,BE,BE,actual_load,Actual Load,2026-07-21T00:11:54Z
2026-07-21T00:11:51Z,2026-07-21T02:11:51+0200,ca480415-0e53-4d99-b8f2-f778c2de0ac2,2026-07-05T09:45:00Z,2026-07-05T11:45:00+0200,8891.06,MW,BE,BE,actual_load,Actual Load,2026-07-21T00:11:54Z
2026-07-21T00:11:51Z,2026-07-21T02:11:51+0200,ca480415-0e53-4d99-b8f2-f778c2de0ac2,2026-07-05T10:00:00Z,2026-07-05T12:00:00+0200,8903.74,MW,BE,BE,actual_load,Actual Load,2026-07-21T00:11:54Z
2026-07-21T00:11:51Z,2026-07-21T02:11:51+0200,ca480415-0e53-4d99-b8f2-f778c2de0ac2,2026-07-05T10:15:00Z,2026-07-05T12:15:00+0200,9118.2,MW,BE,BE,actual_load,Actual Load,2026-07-21T00:11:54Z
2026-07-21T00:11:51Z,2026-07-21T02:11:51+0200,ca480415-0e53-4d99-b8f2-f778c2de0ac2,2026-07-05T10:30:00Z,2026-07-05T12:30:00+0200,9144.05,MW,BE,BE,actual_load,Actual Load,2026-07-21T00:11:54Z
2026-07-21T00:11:51Z,2026-07-21T02:11:51+0200,ca480415-0e53-4d99-b8f2-f778c2de0ac2,2026-07-05T10:45:00Z,2026-07-05T12:45:00+0200,8994.14,MW,BE,BE,actual_load,Actual Load,2026-07-21T00:11:54Z
2026-07-21T00:11:51Z,2026-07-21T02:11:51+0200,ca480415-0e53-4d99-b8f2-f778c2de0ac2,2026-07-05T11:00:00Z,2026-07-05T13:00:00+0200,9225.02,MW,BE,BE,actual_load,Actual Load,2026-07-21T00:11:54Z
2026-07-21T00:11:51Z,2026-07-21T02:11:51+0200,ca480415-0e53-4d99-b8f2-f778c2de0ac2,2026-07-05T11:15:00Z,2026-07-05T13:15:00+0200,9271.99,MW,BE,BE,actual_load,Actual Load,2026-07-21T00:11:54Z
2026-07-21T00:11:51Z,2026-07-21T02:11:51+0200,ca480415-0e53-4d99-b8f2-f778c2de0ac2,2026-07-05T11:30:00Z,2026-07-05T13:30:00+0200,9417.74,MW,BE,BE,actual_load,Actual Load,2026-07-21T00:11:54Z
2026-07-21T00:11:51Z,2026-07-21T02:11:51+0200,ca480415-0e53-4d99-b8f2-f778c2de0ac2,2026-07-05T11:45:00Z,2026-07-05T13:45:00+0200,9237.57,MW,BE,BE,actual_load,Actual Load,2026-07-21T00:11:54Z
2026-07-21T00:11:51Z,2026-07-21T02:11:51+0200,ca480415-0e53-4d99-b8f2-f778c2de0ac2,2026-07-05T12:00:00Z,2026-07-05T14:00:00+0200,9313.21,MW,BE,BE,actual_load,Actual Load,2026-07-21T00:11:54Z
2026-07-21T00:11:51Z,2026-07-21T02:11:51+0200,ca480415-0e53-4d99-b8f2-f778c2de0ac2,2026-07-05T12:15:00Z,2026-07-05T14:15:00+0200,9140.67,MW,BE,BE,actual_load,Actual Load,2026-07-21T00:11:54Z
2026-07-21T00:11:51Z,2026-07-21T02:11:51+0200,ca480415-0e53-4d99-b8f2-f778c2de0ac2,2026-07-05T12:30:00Z,2026-07-05T14:30:00+0200,9235.98,MW,BE,BE,actual_load,Actual Load,2026-07-21T00:11:54Z
2026-07-21T00:11:51Z,2026-07-21T02:11:51+0200,ca480415-0e53-4d99-b8f2-f778c2de0ac2,2026-07-05T12:45:00Z,2026-07-05T14:45:00+0200,9101.76,MW,BE,BE,actual_load,Actual Load,2026-07-21T00:11:54Z
2026-07-21T00:11:51Z,2026-07-21T02:11:51+0200,ca480415-0e53-4d99-b8f2-f778c2de0ac2,2026-07-05T13:00:00Z,2026-07-05T15:00:00+0200,8981.34,MW,BE,BE,actual_load,Actual Load,2026-07-21T00:11:54Z
2026-07-21T00:11:51Z,2026-07-21T02:11:51+0200,ca480415-0e53-4d99-b8f2-f778c2de0ac2,2026-07-05T13:15:00Z,2026-07-05T15:15:00+0200,8880.26,MW,BE,BE,actual_load,Actual Load,2026-07-21T00:11:54Z
2026-07-21T00:11:51Z,2026-07-21T02:11:51+0200,ca480415-0e53-4d99-b8f2-f778c2de0ac2,2026-07-05T13:30:00Z,2026-07-05T15:30:00+0200,8938.4,MW,BE,BE,actual_load,Actual Load,2026-07-21T00:11:54Z
2026-07-21T00:11:51Z,2026-07-21T02:11:51+0200,ca480415-0e53-4d99-b8f2-f778c2de0ac2,2026-07-05T13:45:00Z,2026-07-05T15:45:00+0200,9016.04,MW,BE,BE,actual_load,Actual Load,2026-07-21T00:11:54Z
2026-07-21T00:11:51Z,2026-07-21T02:11:51+0200,ca480415-0e53-4d99-b8f2-f778c2de0ac2,2026-07-05T14:00:00Z,2026-07-05T16:00:00+0200,8831.59,MW,BE,BE,actual_load,Actual Load,2026-07-21T00:11:54Z
2026-07-21T00:11:51Z,2026-07-21T02:11:51+0200,ca480415-0e53-4d99-b8f2-f778c2de0ac2,2026-07-05T14:15:00Z,2026-07-05T16:15:00+0200,8717.11,MW,BE,BE,actual_load,Actual Load,2026-07-21T00:11:54Z
2026-07-21T00:11:51Z,2026-07-21T02:11:51+0200,ca480415-0e53-4d99-b8f2-f778c2de0ac2,2026-07-05T14:30:00Z,2026-07-05T16:30:00+0200,8779.29,MW,BE,BE,actual_load,Actual Load,2026-07-21T00:11:54Z
2026-07-21T00:11:51Z,2026-07-21T02:11:51+0200,ca480415-0e53-4d99-b8f2-f778c2de0ac2,2026-07-05T14:45:00Z,2026-07-05T16:45:00+0200,8623.19,MW,BE,BE,actual_load,Actual Load,2026-07-21T00:11:54Z
2026-07-21T00:11:51Z,2026-07-21T02:11:51+0200,ca480415-0e53-4d99-b8f2-f778c2de0ac2,2026-07-05T15:00:00Z,2026-07-05T17:00:00+0200,8523.78,MW,BE,BE,actual_load,Actual Load,2026-07-21T00:11:54Z
2026-07-21T00:11:51Z,2026-07-21T02:11:51+0200,ca480415-0e53-4d99-b8f2-f778c2de0ac2,2026-07-05T15:15:00Z,2026-07-05T17:15:00+0200,8556.35,MW,BE,BE,actual_load,Actual Load,2026-07-21T00:11:54Z
2026-07-21T00:11:51Z,2026-07-21T02:11:51+0200,ca480415-0e53-4d99-b8f2-f778c2de0ac2,2026-07-05T15:30:00Z,2026-07-05T17:30:00+0200,8485.95,MW,BE,BE,actual_load,Actual Load,2026-07-21T00:11:54Z
2026-07-21T00:11:51Z,2026-07-21T02:11:51+0200,ca480415-0e53-4d99-b8f2-f778c2de0ac2,2026-07-05T15:45:00Z,2026-07-05T17:45:00+0200,8364.41,MW,BE,BE,actual_load,Actual Load,2026-07-21T00:11:54Z
2026-07-21T00:11:51Z,2026-07-21T02:11:51+0200,ca480415-0e53-4d99-b8f2-f778c2de0ac2,2026-07-05T16:00:00Z,2026-07-05T18:00:00+0200,8298.52,MW,BE,BE,actual_load,Actual Load,2026-07-21T00:11:54Z
2026-07-21T00:11:51Z,2026-07-21T02:11:51+0200,ca480415-0e53-4d99-b8f2-f778c2de0ac2,2026-07-05T16:15:00Z,2026-07-05T18:15:00+0200,8418.15,MW,BE,BE,actual_load,Actual Load,2026-07-21T00:11:54Z
2026-07-21T00:11:51Z,2026-07-21T02:11:51+0200,ca480415-0e53-4d99-b8f2-f778c2de0ac2,2026-07-05T16:30:00Z,2026-07-05T18:30:00+0200,8477.66,MW,BE,BE,actual_load,Actual Load,2026-07-21T00:11:54Z
2026-07-21T00:11:51Z,2026-07-21T02:11:51+0200,ca480415-0e53-4d99-b8f2-f778c2de0ac2,2026-07-05T16:45:00Z,2026-07-05T18:45:00+0200,8484.14,MW,BE,BE,actual_load,Actual Load,2026-07-21T00:11:54Z
2026-07-21T00:11:51Z,2026-07-21T02:11:51+0200,ca480415-0e53-4d99-b8f2-f778c2de0ac2,2026-07-05T17:00:00Z,2026-07-05T19:00:00+0200,8419.17,MW,BE,BE,actual_load,Actual Load,2026-07-21T00:11:54Z
2026-07-21T00:11:51Z,2026-07-21T02:11:51+0200,ca480415-0e53-4d99-b8f2-f778c2de0ac2,2026-07-05T17:15:00Z,2026-07-05T19:15:00+0200,8540.29,MW,BE,BE,actual_load,Actual Load,2026-07-21T00:11:54Z
2026-07-21T00:11:51Z,2026-07-21T02:11:51+0200,ca480415-0e53-4d99-b8f2-f778c2de0ac2,2026-07-05T17:30:00Z,2026-07-05T19:30:00+0200,8561.5,MW,BE,BE,actual_load,Actual Load,2026-07-21T00:11:54Z
2026-07-21T00:11:51Z,2026-07-21T02:11:51+0200,ca480415-0e53-4d99-b8f2-f778c2de0ac2,2026-07-05T17:45:00Z,2026-07-05T19:45:00+0200,8521.73,MW,BE,BE,actual_load,Actual Load,2026-07-21T00:11:54Z
2026-07-21T00:11:51Z,2026-07-21T02:11:51+0200,ca480415-0e53-4d99-b8f2-f778c2de0ac2,2026-07-05T18:00:00Z,2026-07-05T20:00:00+0200,8306.48,MW,BE,BE,actual_load,Actual Load,2026-07-21T00:11:54Z
2026-07-21T00:11:51Z,2026-07-21T02:11:51+0200,ca480415-0e53-4d99-b8f2-f778c2de0ac2,2026-07-05T18:15:00Z,2026-07-05T20:15:00+0200,8326.11,MW,BE,BE,actual_load,Actual Load,2026-07-21T00:11:54Z
2026-07-21T00:11:51Z,2026-07-21T02:11:51+0200,ca480415-0e53-4d99-b8f2-f778c2de0ac2,2026-07-05T18:30:00Z,2026-07-05T20:30:00+0200,8430.11,MW,BE,BE,actual_load,Actual Load,2026-07-21T00:11:54Z
2026-07-21T00:11:51Z,2026-07-21T02:11:51+0200,ca480415-0e53-4d99-b8f2-f778c2de0ac2,2026-07-05T18:45:00Z,2026-07-05T20:45:00+0200,8380.54,MW,BE,BE,actual_load,Actual Load,2026-07-21T00:11:54Z
2026-07-21T00:11:51Z,2026-07-21T02:11:51+0200,ca480415-0e53-4d99-b8f2-f778c2de0ac2,2026-07-05T19:00:00Z,2026-07-05T21:00:00+0200,8437.17,MW,BE,BE,actual_load,Actual Load,2026-07-21T00:11:54Z
2026-07-21T00:11:51Z,2026-07-21T02:11:51+0200,ca480415-0e53-4d99-b8f2-f778c2de0ac2,2026-07-05T19:15:00Z,2026-07-05T21:15:00+0200,8458.48,MW,BE,BE,actual_load,Actual Load,2026-07-21T00:11:54Z
2026-07-21T00:11:51Z,2026-07-21T02:11:51+0200,ca480415-0e53-4d99-b8f2-f778c2de0ac2,2026-07-05T19:30:00Z,2026-07-05T21:30:00+0200,8477.73,MW,BE,BE,actual_load,Actual Load,2026-07-21T00:11:54Z
2026-07-21T00:11:51Z,2026-07-21T02:11:51+0200,ca480415-0e53-4d99-b8f2-f778c2de0ac2,2026-07-05T19:45:00Z,2026-07-05T21:45:00+0200,8396.91,MW,BE,BE,actual_load,Actual Load,2026-07-21T00:11:54Z
2026-07-21T00:11:51Z,2026-07-21T02:11:51+0200,ca480415-0e53-4d99-b8f2-f778c2de0ac2,2026-07-05T20:00:00Z,2026-07-05T22:00:00+0200,8714.33,MW,BE,BE,actual_load,Actual Load,2026-07-21T00:11:54Z
2026-07-21T00:11:51Z,2026-07-21T02:11:51+0200,ca480415-0e53-4d99-b8f2-f778c2de0ac2,2026-07-05T20:15:00Z,2026-07-05T22:15:00+0200,8700.62,MW,BE,BE,actual_load,Actual Load,2026-07-21T00:11:54Z
2026-07-21T00:11:51Z,2026-07-21T02:11:51+0200,ca480415-0e53-4d99-b8f2-f778c2de0ac2,2026-07-05T20:30:00Z,2026-07-05T22:30:00+0200,8645.32,MW,BE,BE,actual_load,Actual Load,2026-07-21T00:11:54Z
2026-07-21T00:11:51Z,2026-07-21T02:11:51+0200,ca480415-0e53-4d99-b8f2-f778c2de0ac2,2026-07-05T20:45:00Z,2026-07-05T22:45:00+0200,8455.32,MW,BE,BE,actual_load,Actual Load,2026-07-21T00:11:54Z
2026-07-21T00:11:51Z,2026-07-21T02:11:51+0200,ca480415-0e53-4d99-b8f2-f778c2de0ac2,2026-07-05T21:00:00Z,2026-07-05T23:00:00+0200,8435.5,MW,BE,BE,actual_load,Actual Load,2026-07-21T00:11:54Z
2026-07-21T00:11:51Z,2026-07-21T02:11:51+0200,ca480415-0e53-4d99-b8f2-f778c2de0ac2,2026-07-05T21:15:00Z,2026-07-05T23:15:00+0200,8360.03,MW,BE,BE,actual_load,Actual Load,2026-07-21T00:11:54Z
2026-07-21T00:11:51Z,2026-07-21T02:11:51+0200,ca480415-0e53-4d99-b8f2-f778c2de0ac2,2026-07-05T21:30:00Z,2026-07-05T23:30:00+0200,8242.86,MW,BE,BE,actual_load,Actual Load,2026-07-21T00:11:54Z
2026-07-21T00:11:51Z,2026-07-21T02:11:51+0200,ca480415-0e53-4d99-b8f2-f778c2de0ac2,2026-07-05T21:45:00Z,2026-07-05T23:45:00+0200,8019.65,MW,BE,BE,actual_load,Actual Load,2026-07-21T00:11:54Z
2026-07-21T00:11:51Z,2026-07-21T02:11:51+0200,ca480415-0e53-4d99-b8f2-f778c2de0ac2,2026-07-05T22:00:00Z,2026-07-06T00:00:00+0200,8063.94,MW,BE,BE,actual_load,Actual Load,2026-07-21T00:11:54Z
2026-07-21T00:11:51Z,2026-07-21T02:11:51+0200,ca480415-0e53-4d99-b8f2-f778c2de0ac2,2026-07-05T22:15:00Z,2026-07-06T00:15:00+0200,7935.1,MW,BE,BE,actual_load,Actual Load,2026-07-21T00:11:54Z
2026-07-21T00:11:51Z,2026-07-21T02:11:51+0200,ca480415-0e53-4d99-b8f2-f778c2de0ac2,2026-07-05T22:30:00Z,2026-07-06T00:30:00+0200,7893.73,MW,BE,BE,actual_load,Actual Load,2026-07-21T00:11:54Z
2026-07-21T00:11:51Z,2026-07-21T02:11:51+0200,ca480415-0e53-4d99-b8f2-f778c2de0ac2,2026-07-05T22:45:00Z,2026-07-06T00:45:00+0200,7926.99,MW,BE,BE,actual_load,Actual Load,2026-07-21T00:11:54Z
2026-07-21T00:11:51Z,2026-07-21T02:11:51+0200,ca480415-0e53-4d99-b8f2-f778c2de0ac2,2026-07-05T23:00:00Z,2026-07-06T01:00:00+0200,7855.41,MW,BE,BE,actual_load,Actual Load,2026-07-21T00:11:54Z
2026-07-21T00:11:51Z,2026-07-21T02:11:51+0200,ca480415-0e53-4d99-b8f2-f778c2de0ac2,2026-07-05T23:15:00Z,2026-07-06T01:15:00+0200,7701.83,MW,BE,BE,actual_load,Actual Load,2026-07-21T00:11:54Z
2026-07-21T00:11:51Z,2026-07-21T02:11:51+0200,ca480415-0e53-4d99-b8f2-f778c2de0ac2,2026-07-05T23:30:00Z,2026-07-06T01:30:00+0200,7702.63,MW,BE,BE,actual_load,Actual Load,2026-07-21T00:11:54Z
2026-07-21T00:11:51Z,2026-07-21T02:11:51+0200,ca480415-0e53-4d99-b8f2-f778c2de0ac2,2026-07-05T23:45:00Z,2026-07-06T01:45:00+0200,7661.58,MW,BE,BE,actual_load,Actual Load,2026-07-21T00:11:54Z
2026-07-21T00:11:51Z,2026-07-21T02:11:51+0200,ca480415-0e53-4d99-b8f2-f778c2de0ac2,2026-07-06T00:00:00Z,2026-07-06T02:00:00+0200,7567.3,MW,BE,BE,actual_load,Actual Load,2026-07-21T00:11:54Z
2026-07-21T00:11:51Z,2026-07-21T02:11:51+0200,ca480415-0e53-4d99-b8f2-f778c2de0ac2,2026-07-06T00:15:00Z,2026-07-06T02:15:00+0200,7631.23,MW,BE,BE,actual_load,Actual Load,2026-07-21T00:11:54Z
2026-07-21T00:11:51Z,2026-07-21T02:11:51+0200,ca480415-0e53-4d99-b8f2-f778c2de0ac2,2026-07-06T00:30:00Z,2026-07-06T02:30:00+0200,7586.27,MW,BE,BE,actual_load,Actual Load,2026-07-21T00:11:54Z
2026-07-21T00:11:51Z,2026-07-21T02:11:51+0200,ca480415-0e53-4d99-b8f2-f778c2de0ac2,2026-07-06T00:45:00Z,2026-07-06T02:45:00+0200,7571.59,MW,BE,BE,actual_load,Actual Load,2026-07-21T00:11:54Z
2026-07-21T00:11:51Z,2026-07-21T02:11:51+0200,ca480415-0e53-4d99-b8f2-f778c2de0ac2,2026-07-06T01:00:00Z,2026-07-06T03:00:00+0200,7496.54,MW,BE,BE,actual_load,Actual Load,2026-07-21T00:11:54Z
2026-07-21T00:11:51Z,2026-07-21T02:11:51+0200,ca480415-0e53-4d99-b8f2-f778c2de0ac2,2026-07-06T01:15:00Z,2026-07-06T03:15:00+0200,7407.28,MW,BE,BE,actual_load,Actual Load,2026-07-21T00:11:54Z
2026-07-21T00:11:51Z,2026-07-21T02:11:51+0200,ca480415-0e53-4d99-b8f2-f778c2de0ac2,2026-07-06T01:30:00Z,2026-07-06T03:30:00+0200,7494.32,MW,BE,BE,actual_load,Actual Load,2026-07-21T00:11:54Z
2026-07-21T00:11:51Z,2026-07-21T02:11:51+0200,ca480415-0e53-4d99-b8f2-f778c2de0ac2,2026-07-06T01:45:00Z,2026-07-06T03:45:00+0200,7463.72,MW,BE,BE,actual_load,Actual Load,2026-07-21T00:11:54Z
2026-07-21T00:11:51Z,2026-07-21T02:11:51+0200,ca480415-0e53-4d99-b8f2-f778c2de0ac2,2026-07-06T02:00:00Z,2026-07-06T04:00:00+0200,7509.98,MW,BE,BE,actual_load,Actual Load,2026-07-21T00:11:54Z
2026-07-21T00:11:51Z,2026-07-21T02:11:51+0200,ca480415-0e53-4d99-b8f2-f778c2de0ac2,2026-07-06T02:15:00Z,2026-07-06T04:15:00+0200,7524.05,MW,BE,BE,actual_load,Actual Load,2026-07-21T00:11:54Z
2026-07-21T00:11:51Z,2026-07-21T02:11:51+0200,ca480415-0e53-4d99-b8f2-f778c2de0ac2,2026-07-06T02:30:00Z,2026-07-06T04:30:00+0200,7396.9,MW,BE,BE,actual_load,Actual Load,2026-07-21T00:11:54Z
2026-07-21T00:11:51Z,2026-07-21T02:11:51+0200,ca480415-0e53-4d99-b8f2-f778c2de0ac2,2026-07-06T02:45:00Z,2026-07-06T04:45:00+0200,7553.07,MW,BE,BE,actual_load,Actual Load,2026-07-21T00:11:54Z
2026-07-21T00:11:51Z,2026-07-21T02:11:51+0200,ca480415-0e53-4d99-b8f2-f778c2de0ac2,2026-07-06T03:00:00Z,2026-07-06T05:00:00+0200,7703.96,MW,BE,BE,actual_load,Actual Load,2026-07-21T00:11:54Z
2026-07-21T00:11:51Z,2026-07-21T02:11:51+0200,ca480415-0e53-4d99-b8f2-f778c2de0ac2,2026-07-06T03:15:00Z,2026-07-06T05:15:00+0200,7758.8,MW,BE,BE,actual_load,Actual Load,2026-07-21T00:11:54Z
2026-07-21T00:11:51Z,2026-07-21T02:11:51+0200,ca480415-0e53-4d99-b8f2-f778c2de0ac2,2026-07-06T03:30:00Z,2026-07-06T05:30:00+0200,7748.55,MW,BE,BE,actual_load,Actual Load,2026-07-21T00:11:54Z
2026-07-21T00:11:51Z,2026-07-21T02:11:51+0200,ca480415-0e53-4d99-b8f2-f778c2de0ac2,2026-07-06T03:45:00Z,2026-07-06T05:45:00+0200,7889.16,MW,BE,BE,actual_load,Actual Load,2026-07-21T00:11:54Z
2026-07-21T00:11:51Z,2026-07-21T02:11:51+0200,ca480415-0e53-4d99-b8f2-f778c2de0ac2,2026-07-06T04:00:00Z,2026-07-06T06:00:00+0200,8173.01,MW,BE,BE,actual_load,Actual Load,2026-07-21T00:11:54Z
2026-07-21T00:11:51Z,2026-07-21T02:11:51+0200,ca480415-0e53-4d99-b8f2-f778c2de0ac2,2026-07-06T04:15:00Z,2026-07-06T06:15:00+0200,8231.4,MW,BE,BE,actual_load,Actual Load,2026-07-21T00:11:54Z
2026-07-21T00:11:51Z,2026-07-21T02:11:51+0200,ca480415-0e53-4d99-b8f2-f778c2de0ac2,2026-07-06T04:30:00Z,2026-07-06T06:30:00+0200,8495.28,MW,BE,BE,actual_load,Actual Load,2026-07-21T00:11:54Z
2026-07-21T00:11:51Z,2026-07-21T02:11:51+0200,ca480415-0e53-4d99-b8f2-f778c2de0ac2,2026-07-06T04:45:00Z,2026-07-06T06:45:00+0200,8656.32,MW,BE,BE,actual_load,Actual Load,2026-07-21T00:11:54Z
2026-07-21T00:11:51Z,2026-07-21T02:11:51+0200,ca480415-0e53-4d99-b8f2-f778c2de0ac2,2026-07-06T05:00:00Z,2026-07-06T07:00:00+0200,8778.75,MW,BE,BE,actual_load,Actual Load,2026-07-21T00:11:54Z
2026-07-21T00:11:51Z,2026-07-21T02:11:51+0200,ca480415-0e53-4d99-b8f2-f778c2de0ac2,2026-07-06T05:15:00Z,2026-07-06T07:15:00+0200,8974.6,MW,BE,BE,actual_load,Actual Load,2026-07-21T00:11:54Z
2026-07-21T00:11:51Z,2026-07-21T02:11:51+0200,ca480415-0e53-4d99-b8f2-f778c2de0ac2,2026-07-06T05:30:00Z,2026-07-06T07:30:00+0200,9256.63,MW,BE,BE,actual_load,Actual Load,2026-07-21T00:11:54Z
2026-07-21T00:11:51Z,2026-07-21T02:11:51+0200,ca480415-0e53-4d99-b8f2-f778c2de0ac2,2026-07-06T05:45:00Z,2026-07-06T07:45:00+0200,9357.84,MW,BE,BE,actual_load,Actual Load,2026-07-21T00:11:54Z
2026-07-21T00:11:51Z,2026-07-21T02:11:51+0200,ca480415-0e53-4d99-b8f2-f778c2de0ac2,2026-07-06T06:00:00Z,2026-07-06T08:00:00+0200,9533.19,MW,BE,BE,actual_load,Actual Load,2026-07-21T00:11:54Z
2026-07-21T00:11:51Z,2026-07-21T02:11:51+0200,ca480415-0e53-4d99-b8f2-f778c2de0ac2,2026-07-06T06:15:00Z,2026-07-06T08:15:00+0200,9776.1,MW,BE,BE,actual_load,Actual Load,2026-07-21T00:11:54Z
2026-07-21T00:11:51Z,2026-07-21T02:11:51+0200,ca480415-0e53-4d99-b8f2-f778c2de0ac2,2026-07-06T06:30:00Z,2026-07-06T08:30:00+0200,9908.73,MW,BE,BE,actual_load,Actual Load,2026-07-21T00:11:54Z
2026-07-21T00:11:51Z,2026-07-21T02:11:51+0200,ca480415-0e53-4d99-b8f2-f778c2de0ac2,2026-07-06T06:45:00Z,2026-07-06T08:45:00+0200,10026.91,MW,BE,BE,actual_load,Actual Load,2026-07-21T00:11:54Z
2026-07-21T00:11:51Z,2026-07-21T02:11:51+0200,ca480415-0e53-4d99-b8f2-f778c2de0ac2,2026-07-06T07:00:00Z,2026-07-06T09:00:00+0200,10142.63,MW,BE,BE,actual_load,Actual Load,2026-07-21T00:11:54Z
2026-07-21T00:11:51Z,2026-07-21T02:11:51+0200,ca480415-0e53-4d99-b8f2-f778c2de0ac2,2026-07-06T07:15:00Z,2026-07-06T09:15:00+0200,10422.86,MW,BE,BE,actual_load,Actual Load,2026-07-21T00:11:54Z
2026-07-21T00:11:51Z,2026-07-21T02:11:51+0200,ca480415-0e53-4d99-b8f2-f778c2de0ac2,2026-07-06T07:30:00Z,2026-07-06T09:30:00+0200,10525.2,MW,BE,BE,actual_load,Actual Load,2026-07-21T00:11:54Z
2026-07-21T00:11:51Z,2026-07-21T02:11:51+0200,ca480415-0e53-4d99-b8f2-f778c2de0ac2,2026-07-06T07:45:00Z,2026-07-06T09:45:00+0200,10626.37,MW,BE,BE,actual_load,Actual Load,2026-07-21T00:11:54Z
2026-07-21T00:11:51Z,2026-07-21T02:11:51+0200,ca480415-0e53-4d99-b8f2-f778c2de0ac2,2026-07-06T08:00:00Z,2026-07-06T10:00:00+0200,10489.4,MW,BE,BE,actual_load,Actual Load,2026-07-21T00:11:54Z
2026-07-21T00:11:51Z,2026-07-21T02:11:51+0200,ca480415-0e53-4d99-b8f2-f778c2de0ac2,2026-07-06T08:15:00Z,2026-07-06T10:15:00+0200,10407.61,MW,BE,BE,actual_load,Actual Load,2026-07-21T00:11:54Z
2026-07-21T00:11:51Z,2026-07-21T02:11:51+0200,ca480415-0e53-4d99-b8f2-f778c2de0ac2,2026-07-06T08:30:00Z,2026-07-06T10:30:00+0200,10613.29,MW,BE,BE,actual_load,Actual Load,2026-07-21T00:11:54Z
2026-07-21T00:11:51Z,2026-07-21T02:11:51+0200,ca480415-0e53-4d99-b8f2-f778c2de0ac2,2026-07-06T08:45:00Z,2026-07-06T10:45:00+0200,10927.95,MW,BE,BE,actual_load,Actual Load,2026-07-21T00:11:54Z
2026-07-21T00:11:51Z,2026-07-21T02:11:51+0200,ca480415-0e53-4d99-b8f2-f778c2de0ac2,2026-07-06T09:00:00Z,2026-07-06T11:00:00+0200,10916.33,MW,BE,BE,actual_load,Actual Load,2026-07-21T00:11:54Z
2026-07-21T00:11:51Z,2026-07-21T02:11:51+0200,ca480415-0e53-4d99-b8f2-f778c2de0ac2,2026-07-06T09:15:00Z,2026-07-06T11:15:00+0200,11027.29,MW,BE,BE,actual_load,Actual Load,2026-07-21T00:11:54Z
2026-07-21T00:11:51Z,2026-07-21T02:11:51+0200,ca480415-0e53-4d99-b8f2-f778c2de0ac2,2026-07-06T09:30:00Z,2026-07-06T11:30:00+0200,11121.31,MW,BE,BE,actual_load,Actual Load,2026-07-21T00:11:54Z
2026-07-21T00:11:51Z,2026-07-21T02:11:51+0200,ca480415-0e53-4d99-b8f2-f778c2de0ac2,2026-07-06T09:45:00Z,2026-07-06T11:45:00+0200,11157.1,MW,BE,BE,actual_load,Actual Load,2026-07-21T00:11:54Z
2026-07-21T00:11:51Z,2026-07-21T02:11:51+0200,ca480415-0e53-4d99-b8f2-f778c2de0ac2,2026-07-06T10:00:00Z,2026-07-06T12:00:00+0200,11360.73,MW,BE,BE,actual_load,Actual Load,2026-07-21T00:11:54Z
2026-07-21T00:11:51Z,2026-07-21T02:11:51+0200,ca480415-0e53-4d99-b8f2-f778c2de0ac2,2026-07-06T10:15:00Z,2026-07-06T12:15:00+0200,11434.38,MW,BE,BE,actual_load,Actual Load,2026-07-21T00:11:54Z
2026-07-21T00:11:51Z,2026-07-21T02:11:51+0200,ca480415-0e53-4d99-b8f2-f778c2de0ac2,2026-07-06T10:30:00Z,2026-07-06T12:30:00+0200,11389.51,MW,BE,BE,actual_load,Actual Load,2026-07-21T00:11:54Z
2026-07-21T00:11:51Z,2026-07-21T02:11:51+0200,ca480415-0e53-4d99-b8f2-f778c2de0ac2,2026-07-06T10:45:00Z,2026-07-06T12:45:00+0200,11382.57,MW,BE,BE,actual_load,Actual Load,2026-07-21T00:11:54Z
2026-07-21T00:11:51Z,2026-07-21T02:11:51+0200,ca480415-0e53-4d99-b8f2-f778c2de0ac2,2026-07-06T11:00:00Z,2026-07-06T13:00:00+0200,11444.28,MW,BE,BE,actual_load,Actual Load,2026-07-21T00:11:54Z
2026-07-21T00:11:51Z,2026-07-21T02:11:51+0200,ca480415-0e53-4d99-b8f2-f778c2de0ac2,2026-07-06T11:15:00Z,2026-07-06T13:15:00+0200,11539.97,MW,BE,BE,actual_load,Actual Load,2026-07-21T00:11:54Z
2026-07-21T00:11:51Z,2026-07-21T02:11:51+0200,ca480415-0e53-4d99-b8f2-f778c2de0ac2,2026-07-06T11:30:00Z,2026-07-06T13:30:00+0200,11604.78,MW,BE,BE,actual_load,Actual Load,2026-07-21T00:11:54Z
2026-07-21T00:11:51Z,2026-07-21T02:11:51+0200,ca480415-0e53-4d99-b8f2-f778c2de0ac2,2026-07-06T11:45:00Z,2026-07-06T13:45:00+0200,11671.8,MW,BE,BE,actual_load,Actual Load,2026-07-21T00:11:54Z
2026-07-21T00:11:51Z,2026-07-21T02:11:51+0200,ca480415-0e53-4d99-b8f2-f778c2de0ac2,2026-07-06T12:00:00Z,2026-07-06T14:00:00+0200,11681.15,MW,BE,BE,actual_load,Actual Load,2026-07-21T00:11:54Z
2026-07-21T00:11:51Z,2026-07-21T02:11:51+0200,ca480415-0e53-4d99-b8f2-f778c2de0ac2,2026-07-06T12:15:00Z,2026-07-06T14:15:00+0200,11671.81,MW,BE,BE,actual_load,Actual Load,2026-07-21T00:11:54Z
2026-07-21T00:11:51Z,2026-07-21T02:11:51+0200,ca480415-0e53-4d99-b8f2-f778c2de0ac2,2026-07-06T12:30:00Z,2026-07-06T14:30:00+0200,11591.87,MW,BE,BE,actual_load,Actual Load,2026-07-21T00:11:54Z
2026-07-21T00:11:51Z,2026-07-21T02:11:51+0200,ca480415-0e53-4d99-b8f2-f778c2de0ac2,2026-07-06T12:45:00Z,2026-07-06T14:45:00+0200,11572.8,MW,BE,BE,actual_load,Actual Load,2026-07-21T00:11:54Z
2026-07-21T00:11:51Z,2026-07-21T02:11:51+0200,ca480415-0e53-4d99-b8f2-f778c2de0ac2,2026-07-06T13:00:00Z,2026-07-06T15:00:00+0200,11586.41,MW,BE,BE,actual_load,Actual Load,2026-07-21T00:11:54Z
2026-07-21T00:11:51Z,2026-07-21T02:11:51+0200,ca480415-0e53-4d99-b8f2-f778c2de0ac2,2026-07-06T13:15:00Z,2026-07-06T15:15:00+0200,11621.16,MW,BE,BE,actual_load,Actual Load,2026-07-21T00:11:54Z
2026-07-21T00:11:51Z,2026-07-21T02:11:51+0200,ca480415-0e53-4d99-b8f2-f778c2de0ac2,2026-07-06T13:30:00Z,2026-07-06T15:30:00+0200,11417.55,MW,BE,BE,actual_load,Actual Load,2026-07-21T00:11:54Z
2026-07-21T00:11:51Z,2026-07-21T02:11:51+0200,ca480415-0e53-4d99-b8f2-f778c2de0ac2,2026-07-06T13:45:00Z,2026-07-06T15:45:00+0200,11186.68,MW,BE,BE,actual_load,Actual Load,2026-07-21T00:11:54Z
2026-07-21T00:11:51Z,2026-07-21T02:11:51+0200,ca480415-0e53-4d99-b8f2-f778c2de0ac2,2026-07-06T14:00:00Z,2026-07-06T16:00:00+0200,10824.09,MW,BE,BE,actual_load,Actual Load,2026-07-21T00:11:54Z
2026-07-21T00:11:51Z,2026-07-21T02:11:51+0200,ca480415-0e53-4d99-b8f2-f778c2de0ac2,2026-07-06T14:15:00Z,2026-07-06T16:15:00+0200,10806.83,MW,BE,BE,actual_load,Actual Load,2026-07-21T00:11:54Z
2026-07-21T00:11:51Z,2026-07-21T02:11:51+0200,ca480415-0e53-4d99-b8f2-f778c2de0ac2,2026-07-06T14:30:00Z,2026-07-06T16:30:00+0200,10538.83,MW,BE,BE,actual_load,Actual Load,2026-07-21T00:11:54Z
2026-07-21T00:11:51Z,2026-07-21T02:11:51+0200,ca480415-0e53-4d99-b8f2-f778c2de0ac2,2026-07-06T14:45:00Z,2026-07-06T16:45:00+0200,10375.3,MW,BE,BE,actual_load,Actual Load,2026-07-21T00:11:54Z
2026-07-21T00:11:51Z,2026-07-21T02:11:51+0200,ca480415-0e53-4d99-b8f2-f778c2de0ac2,2026-07-06T15:00:00Z,2026-07-06T17:00:00+0200,10228.3,MW,BE,BE,actual_load,Actual Load,2026-07-21T00:11:54Z
2026-07-21T00:11:51Z,2026-07-21T02:11:51+0200,ca480415-0e53-4d99-b8f2-f778c2de0ac2,2026-07-06T15:15:00Z,2026-07-06T17:15:00+0200,10403.34,MW,BE,BE,actual_load,Actual Load,2026-07-21T00:11:54Z
2026-07-21T00:11:51Z,2026-07-21T02:11:51+0200,ca480415-0e53-4d99-b8f2-f778c2de0ac2,2026-07-06T15:30:00Z,2026-07-06T17:30:00+0200,10431.75,MW,BE,BE,actual_load,Actual Load,2026-07-21T00:11:54Z
2026-07-21T00:11:51Z,2026-07-21T02:11:51+0200,ca480415-0e53-4d99-b8f2-f778c2de0ac2,2026-07-06T15:45:00Z,2026-07-06T17:45:00+0200,10478.76,MW,BE,BE,actual_load,Actual Load,2026-07-21T00:11:54Z
2026-07-21T00:11:51Z,2026-07-21T02:11:51+0200,ca480415-0e53-4d99-b8f2-f778c2de0ac2,2026-07-06T16:00:00Z,2026-07-06T18:00:00+0200,10373.86,MW,BE,BE,actual_load,Actual Load,2026-07-21T00:11:54Z
2026-07-21T00:11:51Z,2026-07-21T02:11:51+0200,ca480415-0e53-4d99-b8f2-f778c2de0ac2,2026-07-06T16:15:00Z,2026-07-06T18:15:00+0200,10183.95,MW,BE,BE,actual_load,Actual Load,2026-07-21T00:11:54Z
2026-07-21T00:11:51Z,2026-07-21T02:11:51+0200,ca480415-0e53-4d99-b8f2-f778c2de0ac2,2026-07-06T16:30:00Z,2026-07-06T18:30:00+0200,10023.22,MW,BE,BE,actual_load,Actual Load,2026-07-21T00:11:54Z
2026-07-21T00:11:51Z,2026-07-21T02:11:51+0200,ca480415-0e53-4d99-b8f2-f778c2de0ac2,2026-07-06T16:45:00Z,2026-07-06T18:45:00+0200,10093.83,MW,BE,BE,actual_load,Actual Load,2026-07-21T00:11:54Z
2026-07-21T00:11:51Z,2026-07-21T02:11:51+0200,ca480415-0e53-4d99-b8f2-f778c2de0ac2,2026-07-06T17:00:00Z,2026-07-06T19:00:00+0200,9992.19,MW,BE,BE,actual_load,Actual Load,2026-07-21T00:11:54Z
2026-07-21T00:11:51Z,2026-07-21T02:11:51+0200,ca480415-0e53-4d99-b8f2-f778c2de0ac2,2026-07-06T17:15:00Z,2026-07-06T19:15:00+0200,10067.88,MW,BE,BE,actual_load,Actual Load,2026-07-21T00:11:54Z
2026-07-21T00:11:51Z,2026-07-21T02:11:51+0200,ca480415-0e53-4d99-b8f2-f778c2de0ac2,2026-07-06T17:30:00Z,2026-07-06T19:30:00+0200,10118.13,MW,BE,BE,actual_load,Actual Load,2026-07-21T00:11:54Z
2026-07-21T00:11:51Z,2026-07-21T02:11:51+0200,ca480415-0e53-4d99-b8f2-f778c2de0ac2,2026-07-06T17:45:00Z,2026-07-06T19:45:00+0200,10150.48,MW,BE,BE,actual_load,Actual Load,2026-07-21T00:11:54Z
2026-07-21T00:11:51Z,2026-07-21T02:11:51+0200,ca480415-0e53-4d99-b8f2-f778c2de0ac2,2026-07-06T18:00:00Z,2026-07-06T20:00:00+0200,10121.18,MW,BE,BE,actual_load,Actual Load,2026-07-21T00:11:54Z
2026-07-21T00:11:51Z,2026-07-21T02:11:51+0200,ca480415-0e53-4d99-b8f2-f778c2de0ac2,2026-07-06T18:15:00Z,2026-07-06T20:15:00+0200,10080.96,MW,BE,BE,actual_load,Actual Load,2026-07-21T00:11:54Z
2026-07-21T00:11:51Z,2026-07-21T02:11:51+0200,ca480415-0e53-4d99-b8f2-f778c2de0ac2,2026-07-06T18:30:00Z,2026-07-06T20:30:00+0200,9956.22,MW,BE,BE,actual_load,Actual Load,2026-07-21T00:11:54Z
2026-07-21T00:11:51Z,2026-07-21T02:11:51+0200,ca480415-0e53-4d99-b8f2-f778c2de0ac2,2026-07-06T18:45:00Z,2026-07-06T20:45:00+0200,9726.38,MW,BE,BE,actual_load,Actual Load,2026-07-21T00:11:54Z
2026-07-21T00:11:51Z,2026-07-21T02:11:51+0200,ca480415-0e53-4d99-b8f2-f778c2de0ac2,2026-07-06T19:00:00Z,2026-07-06T21:00:00+0200,9809.12,MW,BE,BE,actual_load,Actual Load,2026-07-21T00:11:54Z
2026-07-21T00:11:51Z,2026-07-21T02:11:51+0200,ca480415-0e53-4d99-b8f2-f778c2de0ac2,2026-07-06T19:15:00Z,2026-07-06T21:15:00+0200,9797.49,MW,BE,BE,actual_load,Actual Load,2026-07-21T00:11:54Z
2026-07-21T00:11:51Z,2026-07-21T02:11:51+0200,ca480415-0e53-4d99-b8f2-f778c2de0ac2,2026-07-06T19:30:00Z,2026-07-06T21:30:00+0200,9706.3,MW,BE,BE,actual_load,Actual Load,2026-07-21T00:11:54Z
2026-07-21T00:11:51Z,2026-07-21T02:11:51+0200,ca480415-0e53-4d99-b8f2-f778c2de0ac2,2026-07-06T19:45:00Z,2026-07-06T21:45:00+0200,9765.06,MW,BE,BE,actual_load,Actual Load,2026-07-21T00:11:54Z
2026-07-21T00:11:51Z,2026-07-21T02:11:51+0200,ca480415-0e53-4d99-b8f2-f778c2de0ac2,2026-07-06T20:00:00Z,2026-07-06T22:00:00+0200,9658.69,MW,BE,BE,actual_load,Actual Load,2026-07-21T00:11:54Z
2026-07-21T00:11:51Z,2026-07-21T02:11:51+0200,ca480415-0e53-4d99-b8f2-f778c2de0ac2,2026-07-06T20:15:00Z,2026-07-06T22:15:00+0200,9717.06,MW,BE,BE,actual_load,Actual Load,2026-07-21T00:11:54Z
2026-07-21T00:11:51Z,2026-07-21T02:11:51+0200,ca480415-0e53-4d99-b8f2-f778c2de0ac2,2026-07-06T20:30:00Z,2026-07-06T22:30:00+0200,9637.6,MW,BE,BE,actual_load,Actual Load,2026-07-21T00:11:54Z
2026-07-21T00:11:51Z,2026-07-21T02:11:51+0200,ca480415-0e53-4d99-b8f2-f778c2de0ac2,2026-07-06T20:45:00Z,2026-07-06T22:45:00+0200,9434.03,MW,BE,BE,actual_load,Actual Load,2026-07-21T00:11:54Z
2026-07-21T00:11:51Z,2026-07-21T02:11:51+0200,ca480415-0e53-4d99-b8f2-f778c2de0ac2,2026-07-06T21:00:00Z,2026-07-06T23:00:00+0200,9294.03,MW,BE,BE,actual_load,Actual Load,2026-07-21T00:11:54Z
2026-07-21T00:11:51Z,2026-07-21T02:11:51+0200,ca480415-0e53-4d99-b8f2-f778c2de0ac2,2026-07-06T21:15:00Z,2026-07-06T23:15:00+0200,9215.19,MW,BE,BE,actual_load,Actual Load,2026-07-21T00:11:54Z
2026-07-21T00:11:51Z,2026-07-21T02:11:51+0200,ca480415-0e53-4d99-b8f2-f778c2de0ac2,2026-07-06T21:30:00Z,2026-07-06T23:30:00+0200,9025.16,MW,BE,BE,actual_load,Actual Load,2026-07-21T00:11:54Z
2026-07-21T00:11:51Z,2026-07-21T02:11:51+0200,ca480415-0e53-4d99-b8f2-f778c2de0ac2,2026-07-06T21:45:00Z,2026-07-06T23:45:00+0200,8826.0,MW,BE,BE,actual_load,Actual Load,2026-07-21T00:11:54Z
2026-07-21T00:11:51Z,2026-07-21T02:11:51+0200,ca480415-0e53-4d99-b8f2-f778c2de0ac2,2026-07-06T22:00:00Z,2026-07-07T00:00:00+0200,8903.11,MW,BE,BE,actual_load,Actual Load,2026-07-21T00:11:54Z
2026-07-21T00:11:51Z,2026-07-21T02:11:51+0200,ca480415-0e53-4d99-b8f2-f778c2de0ac2,2026-07-06T22:15:00Z,2026-07-07T00:15:00+0200,8701.27,MW,BE,BE,actual_load,Actual Load,2026-07-21T00:11:54Z
2026-07-21T00:11:51Z,2026-07-21T02:11:51+0200,ca480415-0e53-4d99-b8f2-f778c2de0ac2,2026-07-06T22:30:00Z,2026-07-07T00:30:00+0200,8636.72,MW,BE,BE,actual_load,Actual Load,2026-07-21T00:11:54Z
2026-07-21T00:11:51Z,2026-07-21T02:11:51+0200,ca480415-0e53-4d99-b8f2-f778c2de0ac2,2026-07-06T22:45:00Z,2026-07-07T00:45:00+0200,8541.37,MW,BE,BE,actual_load,Actual Load,2026-07-21T00:11:54Z
2026-07-21T00:11:51Z,2026-07-21T02:11:51+0200,ca480415-0e53-4d99-b8f2-f778c2de0ac2,2026-07-06T23:00:00Z,2026-07-07T01:00:00+0200,8442.48,MW,BE,BE,actual_load,Actual Load,2026-07-21T00:11:54Z
2026-07-21T00:11:51Z,2026-07-21T02:11:51+0200,ca480415-0e53-4d99-b8f2-f778c2de0ac2,2026-07-06T23:15:00Z,2026-07-07T01:15:00+0200,8392.65,MW,BE,BE,actual_load,Actual Load,2026-07-21T00:11:54Z
2026-07-21T00:11:51Z,2026-07-21T02:11:51+0200,ca480415-0e53-4d99-b8f2-f778c2de0ac2,2026-07-06T23:30:00Z,2026-07-07T01:30:00+0200,8370.62,MW,BE,BE,actual_load,Actual Load,2026-07-21T00:11:54Z
2026-07-21T00:11:51Z,2026-07-21T02:11:51+0200,ca480415-0e53-4d99-b8f2-f778c2de0ac2,2026-07-06T23:45:00Z,2026-07-07T01:45:00+0200,8290.63,MW,BE,BE,actual_load,Actual Load,2026-07-21T00:11:54Z
2026-07-21T00:11:51Z,2026-07-21T02:11:51+0200,ca480415-0e53-4d99-b8f2-f778c2de0ac2,2026-07-07T00:00:00Z,2026-07-07T02:00:00+0200,8323.18,MW,BE,BE,actual_load,Actual Load,2026-07-21T00:11:54Z
2026-07-21T00:11:51Z,2026-07-21T02:11:51+0200,ca480415-0e53-4d99-b8f2-f778c2de0ac2,2026-07-07T00:15:00Z,2026-07-07T02:15:00+0200,8296.36,MW,BE,BE,actual_load,Actual Load,2026-07-21T00:11:54Z
2026-07-21T00:11:51Z,2026-07-21T02:11:51+0200,ca480415-0e53-4d99-b8f2-f778c2de0ac2,2026-07-07T00:30:00Z,2026-07-07T02:30:00+0200,8215.89,MW,BE,BE,actual_load,Actual Load,2026-07-21T00:11:54Z
2026-07-21T00:11:51Z,2026-07-21T02:11:51+0200,ca480415-0e53-4d99-b8f2-f778c2de0ac2,2026-07-07T00:45:00Z,2026-07-07T02:45:00+0200,8093.07,MW,BE,BE,actual_load,Actual Load,2026-07-21T00:11:54Z
2026-07-21T00:11:51Z,2026-07-21T02:11:51+0200,ca480415-0e53-4d99-b8f2-f778c2de0ac2,2026-07-07T01:00:00Z,2026-07-07T03:00:00+0200,8067.97,MW,BE,BE,actual_load,Actual Load,2026-07-21T00:11:54Z
2026-07-21T00:11:51Z,2026-07-21T02:11:51+0200,ca480415-0e53-4d99-b8f2-f778c2de0ac2,2026-07-07T01:15:00Z,2026-07-07T03:15:00+0200,8166.23,MW,BE,BE,actual_load,Actual Load,2026-07-21T00:11:54Z
2026-07-21T00:11:51Z,2026-07-21T02:11:51+0200,ca480415-0e53-4d99-b8f2-f778c2de0ac2,2026-07-07T01:30:00Z,2026-07-07T03:30:00+0200,8068.59,MW,BE,BE,actual_load,Actual Load,2026-07-21T00:11:54Z
2026-07-21T00:11:51Z,2026-07-21T02:11:51+0200,ca480415-0e53-4d99-b8f2-f778c2de0ac2,2026-07-07T01:45:00Z,2026-07-07T03:45:00+0200,8039.31,MW,BE,BE,actual_load,Actual Load,2026-07-21T00:11:54Z
2026-07-21T00:11:51Z,2026-07-21T02:11:51+0200,ca480415-0e53-4d99-b8f2-f778c2de0ac2,2026-07-07T02:00:00Z,2026-07-07T04:00:00+0200,8186.26,MW,BE,BE,actual_load,Actual Load,2026-07-21T00:11:54Z
2026-07-21T00:11:51Z,2026-07-21T02:11:51+0200,ca480415-0e53-4d99-b8f2-f778c2de0ac2,2026-07-07T02:15:00Z,2026-07-07T04:15:00+0200,8239.01,MW,BE,BE,actual_load,Actual Load,2026-07-21T00:11:54Z
2026-07-21T00:11:51Z,2026-07-21T02:11:51+0200,ca480415-0e53-4d99-b8f2-f778c2de0ac2,2026-07-07T02:30:00Z,2026-07-07T04:30:00+0200,8107.07,MW,BE,BE,actual_load,Actual Load,2026-07-21T00:11:54Z
2026-07-21T00:11:51Z,2026-07-21T02:11:51+0200,ca480415-0e53-4d99-b8f2-f778c2de0ac2,2026-07-07T02:45:00Z,2026-07-07T04:45:00+0200,8089.41,MW,BE,BE,actual_load,Actual Load,2026-07-21T00:11:54Z
2026-07-21T00:11:51Z,2026-07-21T02:11:51+0200,ca480415-0e53-4d99-b8f2-f778c2de0ac2,2026-07-07T03:00:00Z,2026-07-07T05:00:00+0200,8206.77,MW,BE,BE,actual_load,Actual Load,2026-07-21T00:11:54Z
2026-07-21T00:11:51Z,2026-07-21T02:11:51+0200,ca480415-0e53-4d99-b8f2-f778c2de0ac2,2026-07-07T03:15:00Z,2026-07-07T05:15:00+0200,8252.69,MW,BE,BE,actual_load,Actual Load,2026-07-21T00:11:54Z
2026-07-21T00:11:51Z,2026-07-21T02:11:51+0200,ca480415-0e53-4d99-b8f2-f778c2de0ac2,2026-07-07T03:30:00Z,2026-07-07T05:30:00+0200,8181.1,MW,BE,BE,actual_load,Actual Load,2026-07-21T00:11:54Z
2026-07-21T00:11:51Z,2026-07-21T02:11:51+0200,ca480415-0e53-4d99-b8f2-f778c2de0ac2,2026-07-07T03:45:00Z,2026-07-07T05:45:00+0200,8212.93,MW,BE,BE,actual_load,Actual Load,2026-07-21T00:11:54Z
2026-07-21T00:11:51Z,2026-07-21T02:11:51+0200,ca480415-0e53-4d99-b8f2-f778c2de0ac2,2026-07-07T04:00:00Z,2026-07-07T06:00:00+0200,8455.93,MW,BE,BE,actual_load,Actual Load,2026-07-21T00:11:54Z
2026-07-21T00:11:51Z,2026-07-21T02:11:51+0200,ca480415-0e53-4d99-b8f2-f778c2de0ac2,2026-07-07T04:15:00Z,2026-07-07T06:15:00+0200,8608.69,MW,BE,BE,actual_load,Actual Load,2026-07-21T00:11:54Z
2026-07-21T00:11:51Z,2026-07-21T02:11:51+0200,ca480415-0e53-4d99-b8f2-f778c2de0ac2,2026-07-07T04:30:00Z,2026-07-07T06:30:00+0200,8831.97,MW,BE,BE,actual_load,Actual Load,2026-07-21T00:11:54Z
2026-07-21T00:11:51Z,2026-07-21T02:11:51+0200,ca480415-0e53-4d99-b8f2-f778c2de0ac2,2026-07-07T04:45:00Z,2026-07-07T06:45:00+0200,8968.07,MW,BE,BE,actual_load,Actual Load,2026-07-21T00:11:54Z
2026-07-21T00:11:51Z,2026-07-21T02:11:51+0200,ca480415-0e53-4d99-b8f2-f778c2de0ac2,2026-07-07T05:00:00Z,2026-07-07T07:00:00+0200,9074.45,MW,BE,BE,actual_load,Actual Load,2026-07-21T00:11:54Z
2026-07-21T00:11:51Z,2026-07-21T02:11:51+0200,ca480415-0e53-4d99-b8f2-f778c2de0ac2,2026-07-07T05:15:00Z,2026-07-07T07:15:00+0200,9299.84,MW,BE,BE,actual_load,Actual Load,2026-07-21T00:11:54Z
2026-07-21T00:11:51Z,2026-07-21T02:11:51+0200,ca480415-0e53-4d99-b8f2-f778c2de0ac2,2026-07-07T05:30:00Z,2026-07-07T07:30:00+0200,9492.55,MW,BE,BE,actual_load,Actual Load,2026-07-21T00:11:54Z
2026-07-21T00:11:51Z,2026-07-21T02:11:51+0200,ca480415-0e53-4d99-b8f2-f778c2de0ac2,2026-07-07T05:45:00Z,2026-07-07T07:45:00+0200,9605.59,MW,BE,BE,actual_load,Actual Load,2026-07-21T00:11:54Z
2026-07-21T00:11:51Z,2026-07-21T02:11:51+0200,ca480415-0e53-4d99-b8f2-f778c2de0ac2,2026-07-07T06:00:00Z,2026-07-07T08:00:00+0200,9726.9,MW,BE,BE,actual_load,Actual Load,2026-07-21T00:11:54Z
2026-07-21T00:11:51Z,2026-07-21T02:11:51+0200,ca480415-0e53-4d99-b8f2-f778c2de0ac2,2026-07-07T06:15:00Z,2026-07-07T08:15:00+0200,9845.58,MW,BE,BE,actual_load,Actual Load,2026-07-21T00:11:54Z
2026-07-21T00:11:51Z,2026-07-21T02:11:51+0200,ca480415-0e53-4d99-b8f2-f778c2de0ac2,2026-07-07T06:30:00Z,2026-07-07T08:30:00+0200,9965.72,MW,BE,BE,actual_load,Actual Load,2026-07-21T00:11:54Z
2026-07-21T00:11:51Z,2026-07-21T02:11:51+0200,ca480415-0e53-4d99-b8f2-f778c2de0ac2,2026-07-07T06:45:00Z,2026-07-07T08:45:00+0200,9960.17,MW,BE,BE,actual_load,Actual Load,2026-07-21T00:11:54Z
2026-07-21T00:11:51Z,2026-07-21T02:11:51+0200,ca480415-0e53-4d99-b8f2-f778c2de0ac2,2026-07-07T07:00:00Z,2026-07-07T09:00:00+0200,10020.54,MW,BE,BE,actual_load,Actual Load,2026-07-21T00:11:54Z
2026-07-21T00:11:51Z,2026-07-21T02:11:51+0200,ca480415-0e53-4d99-b8f2-f778c2de0ac2,2026-07-07T07:15:00Z,2026-07-07T09:15:00+0200,10190.77,MW,BE,BE,actual_load,Actual Load,2026-07-21T00:11:54Z
2026-07-21T00:11:51Z,2026-07-21T02:11:51+0200,ca480415-0e53-4d99-b8f2-f778c2de0ac2,2026-07-07T07:30:00Z,2026-07-07T09:30:00+0200,10277.68,MW,BE,BE,actual_load,Actual Load,2026-07-21T00:11:54Z
2026-07-21T00:11:51Z,2026-07-21T02:11:51+0200,ca480415-0e53-4d99-b8f2-f778c2de0ac2,2026-07-07T07:45:00Z,2026-07-07T09:45:00+0200,10504.69,MW,BE,BE,actual_load,Actual Load,2026-07-21T00:11:54Z
2026-07-21T00:11:51Z,2026-07-21T02:11:51+0200,ca480415-0e53-4d99-b8f2-f778c2de0ac2,2026-07-07T08:00:00Z,2026-07-07T10:00:00+0200,10653.57,MW,BE,BE,actual_load,Actual Load,2026-07-21T00:11:54Z
2026-07-21T00:11:51Z,2026-07-21T02:11:51+0200,ca480415-0e53-4d99-b8f2-f778c2de0ac2,2026-07-07T08:15:00Z,2026-07-07T10:15:00+0200,10832.79,MW,BE,BE,actual_load,Actual Load,2026-07-21T00:11:54Z
2026-07-21T00:11:51Z,2026-07-21T02:11:51+0200,ca480415-0e53-4d99-b8f2-f778c2de0ac2,2026-07-07T08:30:00Z,2026-07-07T10:30:00+0200,10764.1,MW,BE,BE,actual_load,Actual Load,2026-07-21T00:11:54Z
2026-07-21T00:11:51Z,2026-07-21T02:11:51+0200,ca480415-0e53-4d99-b8f2-f778c2de0ac2,2026-07-07T08:45:00Z,2026-07-07T10:45:00+0200,10996.03,MW,BE,BE,actual_load,Actual Load,2026-07-21T00:11:54Z
2026-07-21T00:11:51Z,2026-07-21T02:11:51+0200,ca480415-0e53-4d99-b8f2-f778c2de0ac2,2026-07-07T09:00:00Z,2026-07-07T11:00:00+0200,10990.53,MW,BE,BE,actual_load,Actual Load,2026-07-21T00:11:54Z
2026-07-21T00:11:51Z,2026-07-21T02:11:51+0200,ca480415-0e53-4d99-b8f2-f778c2de0ac2,2026-07-07T09:15:00Z,2026-07-07T11:15:00+0200,11212.86,MW,BE,BE,actual_load,Actual Load,2026-07-21T00:11:54Z
2026-07-21T00:11:51Z,2026-07-21T02:11:51+0200,ca480415-0e53-4d99-b8f2-f778c2de0ac2,2026-07-07T09:30:00Z,2026-07-07T11:30:00+0200,11194.09,MW,BE,BE,actual_load,Actual Load,2026-07-21T00:11:54Z
2026-07-21T00:11:51Z,2026-07-21T02:11:51+0200,ca480415-0e53-4d99-b8f2-f778c2de0ac2,2026-07-07T09:45:00Z,2026-07-07T11:45:00+0200,11250.19,MW,BE,BE,actual_load,Actual Load,2026-07-21T00:11:54Z
2026-07-21T00:11:51Z,2026-07-21T02:11:51+0200,ca480415-0e53-4d99-b8f2-f778c2de0ac2,2026-07-07T10:00:00Z,2026-07-07T12:00:00+0200,11423.42,MW,BE,BE,actual_load,Actual Load,2026-07-21T00:11:54Z
2026-07-21T00:11:51Z,2026-07-21T02:11:51+0200,ca480415-0e53-4d99-b8f2-f778c2de0ac2,2026-07-07T10:15:00Z,2026-07-07T12:15:00+0200,11365.73,MW,BE,BE,actual_load,Actual Load,2026-07-21T00:11:54Z
2026-07-21T00:11:51Z,2026-07-21T02:11:51+0200,ca480415-0e53-4d99-b8f2-f778c2de0ac2,2026-07-07T10:30:00Z,2026-07-07T12:30:00+0200,11338.41,MW,BE,BE,actual_load,Actual Load,2026-07-21T00:11:54Z
2026-07-21T00:11:51Z,2026-07-21T02:11:51+0200,ca480415-0e53-4d99-b8f2-f778c2de0ac2,2026-07-07T10:45:00Z,2026-07-07T12:45:00+0200,11338.98,MW,BE,BE,actual_load,Actual Load,2026-07-21T00:11:54Z
2026-07-21T00:11:51Z,2026-07-21T02:11:51+0200,ca480415-0e53-4d99-b8f2-f778c2de0ac2,2026-07-07T11:00:00Z,2026-07-07T13:00:00+0200,11351.7,MW,BE,BE,actual_load,Actual Load,2026-07-21T00:11:54Z
2026-07-21T00:11:51Z,2026-07-21T02:11:51+0200,ca480415-0e53-4d99-b8f2-f778c2de0ac2,2026-07-07T11:15:00Z,2026-07-07T13:15:00+0200,11371.17,MW,BE,BE,actual_load,Actual Load,2026-07-21T00:11:54Z
2026-07-21T00:11:51Z,2026-07-21T02:11:51+0200,ca480415-0e53-4d99-b8f2-f778c2de0ac2,2026-07-07T11:30:00Z,2026-07-07T13:30:00+0200,11415.98,MW,BE,BE,actual_load,Actual Load,2026-07-21T00:11:54Z
2026-07-21T00:11:51Z,2026-07-21T02:11:51+0200,ca480415-0e53-4d99-b8f2-f778c2de0ac2,2026-07-07T11:45:00Z,2026-07-07T13:45:00+0200,11158.5,MW,BE,BE,actual_load,Actual Load,2026-07-21T00:11:54Z
2026-07-21T00:11:51Z,2026-07-21T02:11:51+0200,ca480415-0e53-4d99-b8f2-f778c2de0ac2,2026-07-07T12:00:00Z,2026-07-07T14:00:00+0200,11075.33,MW,BE,BE,actual_load,Actual Load,2026-07-21T00:11:54Z
2026-07-21T00:11:51Z,2026-07-21T02:11:51+0200,ca480415-0e53-4d99-b8f2-f778c2de0ac2,2026-07-07T12:15:00Z,2026-07-07T14:15:00+0200,11037.41,MW,BE,BE,actual_load,Actual Load,2026-07-21T00:11:54Z
2026-07-21T00:11:51Z,2026-07-21T02:11:51+0200,ca480415-0e53-4d99-b8f2-f778c2de0ac2,2026-07-07T12:30:00Z,2026-07-07T14:30:00+0200,11042.69,MW,BE,BE,actual_load,Actual Load,2026-07-21T00:11:54Z
2026-07-21T00:11:51Z,2026-07-21T02:11:51+0200,ca480415-0e53-4d99-b8f2-f778c2de0ac2,2026-07-07T12:45:00Z,2026-07-07T14:45:00+0200,10928.51,MW,BE,BE,actual_load,Actual Load,2026-07-21T00:11:54Z
2026-07-21T00:11:51Z,2026-07-21T02:11:51+0200,ca480415-0e53-4d99-b8f2-f778c2de0ac2,2026-07-07T13:00:00Z,2026-07-07T15:00:00+0200,10853.71,MW,BE,BE,actual_load,Actual Load,2026-07-21T00:11:54Z
2026-07-21T00:11:51Z,2026-07-21T02:11:51+0200,ca480415-0e53-4d99-b8f2-f778c2de0ac2,2026-07-07T13:15:00Z,2026-07-07T15:15:00+0200,10691.65,MW,BE,BE,actual_load,Actual Load,2026-07-21T00:11:54Z
2026-07-21T00:11:51Z,2026-07-21T02:11:51+0200,ca480415-0e53-4d99-b8f2-f778c2de0ac2,2026-07-07T13:30:00Z,2026-07-07T15:30:00+0200,10513.02,MW,BE,BE,actual_load,Actual Load,2026-07-21T00:11:54Z
2026-07-21T00:11:51Z,2026-07-21T02:11:51+0200,ca480415-0e53-4d99-b8f2-f778c2de0ac2,2026-07-07T13:45:00Z,2026-07-07T15:45:00+0200,10568.63,MW,BE,BE,actual_load,Actual Load,2026-07-21T00:11:54Z
2026-07-21T00:11:51Z,2026-07-21T02:11:51+0200,ca480415-0e53-4d99-b8f2-f778c2de0ac2,2026-07-07T14:00:00Z,2026-07-07T16:00:00+0200,10452.58,MW,BE,BE,actual_load,Actual Load,2026-07-21T00:11:54Z
2026-07-21T00:11:51Z,2026-07-21T02:11:51+0200,ca480415-0e53-4d99-b8f2-f778c2de0ac2,2026-07-07T14:15:00Z,2026-07-07T16:15:00+0200,10489.97,MW,BE,BE,actual_load,Actual Load,2026-07-21T00:11:54Z
2026-07-21T00:11:51Z,2026-07-21T02:11:51+0200,ca480415-0e53-4d99-b8f2-f778c2de0ac2,2026-07-07T14:30:00Z,2026-07-07T16:30:00+0200,10555.43,MW,BE,BE,actual_load,Actual Load,2026-07-21T00:11:54Z
2026-07-21T00:11:51Z,2026-07-21T02:11:51+0200,ca480415-0e53-4d99-b8f2-f778c2de0ac2,2026-07-07T14:45:00Z,2026-07-07T16:45:00+0200,10491.74,MW,BE,BE,actual_load,Actual Load,2026-07-21T00:11:54Z
2026-07-21T00:11:51Z,2026-07-21T02:11:51+0200,ca480415-0e53-4d99-b8f2-f778c2de0ac2,2026-07-07T15:00:00Z,2026-07-07T17:00:00+0200,10411.4,MW,BE,BE,actual_load,Actual Load,2026-07-21T00:11:54Z
2026-07-21T00:11:51Z,2026-07-21T02:11:51+0200,ca480415-0e53-4d99-b8f2-f778c2de0ac2,2026-07-07T15:15:00Z,2026-07-07T17:15:00+0200,10352.0,MW,BE,BE,actual_load,Actual Load,2026-07-21T00:11:54Z
2026-07-21T00:11:51Z,2026-07-21T02:11:51+0200,ca480415-0e53-4d99-b8f2-f778c2de0ac2,2026-07-07T15:30:00Z,2026-07-07T17:30:00+0200,10407.7,MW,BE,BE,actual_load,Actual Load,2026-07-21T00:11:54Z
2026-07-21T00:11:51Z,2026-07-21T02:11:51+0200,ca480415-0e53-4d99-b8f2-f778c2de0ac2,2026-07-07T15:45:00Z,2026-07-07T17:45:00+0200,10244.72,MW,BE,BE,actual_load,Actual Load,2026-07-21T00:11:54Z
2026-07-21T00:11:51Z,2026-07-21T02:11:51+0200,ca480415-0e53-4d99-b8f2-f778c2de0ac2,2026-07-07T16:00:00Z,2026-07-07T18:00:00+0200,10183.41,MW,BE,BE,actual_load,Actual Load,2026-07-21T00:11:54Z
2026-07-21T00:11:51Z,2026-07-21T02:11:51+0200,ca480415-0e53-4d99-b8f2-f778c2de0ac2,2026-07-07T16:15:00Z,2026-07-07T18:15:00+0200,10050.71,MW,BE,BE,actual_load,Actual Load,2026-07-21T00:11:54Z
2026-07-21T00:11:51Z,2026-07-21T02:11:51+0200,ca480415-0e53-4d99-b8f2-f778c2de0ac2,2026-07-07T16:30:00Z,2026-07-07T18:30:00+0200,10070.11,MW,BE,BE,actual_load,Actual Load,2026-07-21T00:11:54Z
2026-07-21T00:11:51Z,2026-07-21T02:11:51+0200,ca480415-0e53-4d99-b8f2-f778c2de0ac2,2026-07-07T16:45:00Z,2026-07-07T18:45:00+0200,9968.03,MW,BE,BE,actual_load,Actual Load,2026-07-21T00:11:54Z
2026-07-21T00:11:51Z,2026-07-21T02:11:51+0200,ca480415-0e53-4d99-b8f2-f778c2de0ac2,2026-07-07T17:00:00Z,2026-07-07T19:00:00+0200,9933.0,MW,BE,BE,actual_load,Actual Load,2026-07-21T00:11:54Z
2026-07-21T00:11:51Z,2026-07-21T02:11:51+0200,ca480415-0e53-4d99-b8f2-f778c2de0ac2,2026-07-07T17:15:00Z,2026-07-07T19:15:00+0200,9903.01,MW,BE,BE,actual_load,Actual Load,2026-07-21T00:11:54Z
2026-07-21T00:11:51Z,2026-07-21T02:11:51+0200,ca480415-0e53-4d99-b8f2-f778c2de0ac2,2026-07-07T17:30:00Z,2026-07-07T19:30:00+0200,9961.19,MW,BE,BE,actual_load,Actual Load,2026-07-21T00:11:54Z
2026-07-21T00:11:51Z,2026-07-21T02:11:51+0200,ca480415-0e53-4d99-b8f2-f778c2de0ac2,2026-07-07T17:45:00Z,2026-07-07T19:45:00+0200,10031.59,MW,BE,BE,actual_load,Actual Load,2026-07-21T00:11:54Z
2026-07-21T00:11:51Z,2026-07-21T02:11:51+0200,ca480415-0e53-4d99-b8f2-f778c2de0ac2,2026-07-07T18:00:00Z,2026-07-07T20:00:00+0200,10035.65,MW,BE,BE,actual_load,Actual Load,2026-07-21T00:11:54Z
2026-07-21T00:11:51Z,2026-07-21T02:11:51+0200,ca480415-0e53-4d99-b8f2-f778c2de0ac2,2026-07-07T18:15:00Z,2026-07-07T20:15:00+0200,9929.63,MW,BE,BE,actual_load,Actual Load,2026-07-21T00:11:54Z
2026-07-21T00:11:51Z,2026-07-21T02:11:51+0200,ca480415-0e53-4d99-b8f2-f778c2de0ac2,2026-07-07T18:30:00Z,2026-07-07T20:30:00+0200,9890.56,MW,BE,BE,actual_load,Actual Load,2026-07-21T00:11:54Z
2026-07-21T00:11:51Z,2026-07-21T02:11:51+0200,ca480415-0e53-4d99-b8f2-f778c2de0ac2,2026-07-07T18:45:00Z,2026-07-07T20:45:00+0200,9665.53,MW,BE,BE,actual_load,Actual Load,2026-07-21T00:11:54Z
2026-07-21T00:11:51Z,2026-07-21T02:11:51+0200,ca480415-0e53-4d99-b8f2-f778c2de0ac2,2026-07-07T19:00:00Z,2026-07-07T21:00:00+0200,9515.15,MW,BE,BE,actual_load,Actual Load,2026-07-21T00:11:54Z
2026-07-21T00:11:51Z,2026-07-21T02:11:51+0200,ca480415-0e53-4d99-b8f2-f778c2de0ac2,2026-07-07T19:15:00Z,2026-07-07T21:15:00+0200,9515.34,MW,BE,BE,actual_load,Actual Load,2026-07-21T00:11:54Z
2026-07-21T00:11:51Z,2026-07-21T02:11:51+0200,ca480415-0e53-4d99-b8f2-f778c2de0ac2,2026-07-07T19:30:00Z,2026-07-07T21:30:00+0200,9536.21,MW,BE,BE,actual_load,Actual Load,2026-07-21T00:11:54Z
2026-07-21T00:11:51Z,2026-07-21T02:11:51+0200,ca480415-0e53-4d99-b8f2-f778c2de0ac2,2026-07-07T19:45:00Z,2026-07-07T21:45:00+0200,9275.73,MW,BE,BE,actual_load,Actual Load,2026-07-21T00:11:54Z
2026-07-21T00:11:51Z,2026-07-21T02:11:51+0200,ca480415-0e53-4d99-b8f2-f778c2de0ac2,2026-07-07T20:00:00Z,2026-07-07T22:00:00+0200,9485.33,MW,BE,BE,actual_load,Actual Load,2026-07-21T00:11:54Z
2026-07-21T00:11:51Z,2026-07-21T02:11:51+0200,ca480415-0e53-4d99-b8f2-f778c2de0ac2,2026-07-07T20:15:00Z,2026-07-07T22:15:00+0200,9426.35,MW,BE,BE,actual_load,Actual Load,2026-07-21T00:11:54Z
2026-07-21T00:11:51Z,2026-07-21T02:11:51+0200,ca480415-0e53-4d99-b8f2-f778c2de0ac2,2026-07-07T20:30:00Z,2026-07-07T22:30:00+0200,9308.36,MW,BE,BE,actual_load,Actual Load,2026-07-21T00:11:54Z
2026-07-21T00:11:51Z,2026-07-21T02:11:51+0200,ca480415-0e53-4d99-b8f2-f778c2de0ac2,2026-07-07T20:45:00Z,2026-07-07T22:45:00+0200,9160.83,MW,BE,BE,actual_load,Actual Load,2026-07-21T00:11:54Z
2026-07-21T00:11:51Z,2026-07-21T02:11:51+0200,ca480415-0e53-4d99-b8f2-f778c2de0ac2,2026-07-07T21:00:00Z,2026-07-07T23:00:00+0200,9025.1,MW,BE,BE,actual_load,Actual Load,2026-07-21T00:11:54Z
2026-07-21T00:11:51Z,2026-07-21T02:11:51+0200,ca480415-0e53-4d99-b8f2-f778c2de0ac2,2026-07-07T21:15:00Z,2026-07-07T23:15:00+0200,8986.64,MW,BE,BE,actual_load,Actual Load,2026-07-21T00:11:54Z
2026-07-21T00:11:51Z,2026-07-21T02:11:51+0200,ca480415-0e53-4d99-b8f2-f778c2de0ac2,2026-07-07T21:30:00Z,2026-07-07T23:30:00+0200,8863.64,MW,BE,BE,actual_load,Actual Load,2026-07-21T00:11:54Z
2026-07-21T00:11:51Z,2026-07-21T02:11:51+0200,ca480415-0e53-4d99-b8f2-f778c2de0ac2,2026-07-07T21:45:00Z,2026-07-07T23:45:00+0200,8697.25,MW,BE,BE,actual_load,Actual Load,2026-07-21T00:11:54Z
2026-07-21T00:11:51Z,2026-07-21T02:11:51+0200,ca480415-0e53-4d99-b8f2-f778c2de0ac2,2026-07-07T22:00:00Z,2026-07-08T00:00:00+0200,8661.68,MW,BE,BE,actual_load,Actual Load,2026-07-21T00:11:54Z
2026-07-21T00:11:51Z,2026-07-21T02:11:51+0200,ca480415-0e53-4d99-b8f2-f778c2de0ac2,2026-07-07T22:15:00Z,2026-07-08T00:15:00+0200,8562.64,MW,BE,BE,actual_load,Actual Load,2026-07-21T00:11:54Z
2026-07-21T00:11:51Z,2026-07-21T02:11:51+0200,ca480415-0e53-4d99-b8f2-f778c2de0ac2,2026-07-07T22:30:00Z,2026-07-08T00:30:00+0200,8481.36,MW,BE,BE,actual_load,Actual Load,2026-07-21T00:11:54Z
2026-07-21T00:11:51Z,2026-07-21T02:11:51+0200,ca480415-0e53-4d99-b8f2-f778c2de0ac2,2026-07-07T22:45:00Z,2026-07-08T00:45:00+0200,8339.12,MW,BE,BE,actual_load,Actual Load,2026-07-21T00:11:54Z
2026-07-21T00:11:51Z,2026-07-21T02:11:51+0200,ca480415-0e53-4d99-b8f2-f778c2de0ac2,2026-07-07T23:00:00Z,2026-07-08T01:00:00+0200,8353.85,MW,BE,BE,actual_load,Actual Load,2026-07-21T00:11:54Z
2026-07-21T00:11:51Z,2026-07-21T02:11:51+0200,ca480415-0e53-4d99-b8f2-f778c2de0ac2,2026-07-07T23:15:00Z,2026-07-08T01:15:00+0200,8309.59,MW,BE,BE,actual_load,Actual Load,2026-07-21T00:11:54Z
2026-07-21T00:11:51Z,2026-07-21T02:11:51+0200,ca480415-0e53-4d99-b8f2-f778c2de0ac2,2026-07-07T23:30:00Z,2026-07-08T01:30:00+0200,8236.41,MW,BE,BE,actual_load,Actual Load,2026-07-21T00:11:54Z
2026-07-21T00:11:51Z,2026-07-21T02:11:51+0200,ca480415-0e53-4d99-b8f2-f778c2de0ac2,2026-07-07T23:45:00Z,2026-07-08T01:45:00+0200,8259.05,MW,BE,BE,actual_load,Actual Load,2026-07-21T00:11:54Z
2026-07-21T00:11:51Z,2026-07-21T02:11:51+0200,ca480415-0e53-4d99-b8f2-f778c2de0ac2,2026-07-08T00:00:00Z,2026-07-08T02:00:00+0200,8079.89,MW,BE,BE,actual_load,Actual Load,2026-07-21T00:11:54Z
2026-07-21T00:11:51Z,2026-07-21T02:11:51+0200,ca480415-0e53-4d99-b8f2-f778c2de0ac2,2026-07-08T00:15:00Z,2026-07-08T02:15:00+0200,8096.64,MW,BE,BE,actual_load,Actual Load,2026-07-21T00:11:54Z
2026-07-21T00:11:51Z,2026-07-21T02:11:51+0200,ca480415-0e53-4d99-b8f2-f778c2de0ac2,2026-07-08T00:30:00Z,2026-07-08T02:30:00+0200,8048.92,MW,BE,BE,actual_load,Actual Load,2026-07-21T00:11:54Z
2026-07-21T00:11:51Z,2026-07-21T02:11:51+0200,ca480415-0e53-4d99-b8f2-f778c2de0ac2,2026-07-08T00:45:00Z,2026-07-08T02:45:00+0200,7972.18,MW,BE,BE,actual_load,Actual Load,2026-07-21T00:11:54Z
2026-07-21T00:11:51Z,2026-07-21T02:11:51+0200,ca480415-0e53-4d99-b8f2-f778c2de0ac2,2026-07-08T01:00:00Z,2026-07-08T03:00:00+0200,7986.18,MW,BE,BE,actual_load,Actual Load,2026-07-21T00:11:54Z
2026-07-21T00:11:51Z,2026-07-21T02:11:51+0200,ca480415-0e53-4d99-b8f2-f778c2de0ac2,2026-07-08T01:15:00Z,2026-07-08T03:15:00+0200,8002.28,MW,BE,BE,actual_load,Actual Load,2026-07-21T00:11:54Z
2026-07-21T00:11:51Z,2026-07-21T02:11:51+0200,ca480415-0e53-4d99-b8f2-f778c2de0ac2,2026-07-08T01:30:00Z,2026-07-08T03:30:00+0200,7952.94,MW,BE,BE,actual_load,Actual Load,2026-07-21T00:11:54Z
2026-07-21T00:11:51Z,2026-07-21T02:11:51+0200,ca480415-0e53-4d99-b8f2-f778c2de0ac2,2026-07-08T01:45:00Z,2026-07-08T03:45:00+0200,7938.79,MW,BE,BE,actual_load,Actual Load,2026-07-21T00:11:54Z
2026-07-21T00:11:51Z,2026-07-21T02:11:51+0200,ca480415-0e53-4d99-b8f2-f778c2de0ac2,2026-07-08T02:00:00Z,2026-07-08T04:00:00+0200,7914.54,MW,BE,BE,actual_load,Actual Load,2026-07-21T00:11:54Z
2026-07-21T00:11:51Z,2026-07-21T02:11:51+0200,ca480415-0e53-4d99-b8f2-f778c2de0ac2,2026-07-08T02:15:00Z,2026-07-08T04:15:00+0200,7850.21,MW,BE,BE,actual_load,Actual Load,2026-07-21T00:11:54Z
2026-07-21T00:11:51Z,2026-07-21T02:11:51+0200,ca480415-0e53-4d99-b8f2-f778c2de0ac2,2026-07-08T02:30:00Z,2026-07-08T04:30:00+0200,7928.55,MW,BE,BE,actual_load,Actual Load,2026-07-21T00:11:54Z
2026-07-21T00:11:51Z,2026-07-21T02:11:51+0200,ca480415-0e53-4d99-b8f2-f778c2de0ac2,2026-07-08T02:45:00Z,2026-07-08T04:45:00+0200,7893.07,MW,BE,BE,actual_load,Actual Load,2026-07-21T00:11:54Z
2026-07-21T00:11:51Z,2026-07-21T02:11:51+0200,ca480415-0e53-4d99-b8f2-f778c2de0ac2,2026-07-08T03:00:00Z,2026-07-08T05:00:00+0200,8021.12,MW,BE,BE,actual_load,Actual Load,2026-07-21T00:11:54Z
2026-07-21T00:11:51Z,2026-07-21T02:11:51+0200,ca480415-0e53-4d99-b8f2-f778c2de0ac2,2026-07-08T03:15:00Z,2026-07-08T05:15:00+0200,7967.82,MW,BE,BE,actual_load,Actual Load,2026-07-21T00:11:54Z
2026-07-21T00:11:51Z,2026-07-21T02:11:51+0200,ca480415-0e53-4d99-b8f2-f778c2de0ac2,2026-07-08T03:30:00Z,2026-07-08T05:30:00+0200,7953.01,MW,BE,BE,actual_load,Actual Load,2026-07-21T00:11:54Z
2026-07-21T00:11:51Z,2026-07-21T02:11:51+0200,ca480415-0e53-4d99-b8f2-f778c2de0ac2,2026-07-08T03:45:00Z,2026-07-08T05:45:00+0200,8038.18,MW,BE,BE,actual_load,Actual Load,2026-07-21T00:11:54Z
2026-07-21T00:11:51Z,2026-07-21T02:11:51+0200,ca480415-0e53-4d99-b8f2-f778c2de0ac2,2026-07-08T04:00:00Z,2026-07-08T06:00:00+0200,8232.25,MW,BE,BE,actual_load,Actual Load,2026-07-21T00:11:54Z
2026-07-21T00:11:51Z,2026-07-21T02:11:51+0200,ca480415-0e53-4d99-b8f2-f778c2de0ac2,2026-07-08T04:15:00Z,2026-07-08T06:15:00+0200,8408.26,MW,BE,BE,actual_load,Actual Load,2026-07-21T00:11:54Z
2026-07-21T00:11:51Z,2026-07-21T02:11:51+0200,ca480415-0e53-4d99-b8f2-f778c2de0ac2,2026-07-08T04:30:00Z,2026-07-08T06:30:00+0200,8472.24,MW,BE,BE,actual_load,Actual Load,2026-07-21T00:11:54Z
2026-07-21T00:11:51Z,2026-07-21T02:11:51+0200,ca480415-0e53-4d99-b8f2-f778c2de0ac2,2026-07-08T04:45:00Z,2026-07-08T06:45:00+0200,8622.79,MW,BE,BE,actual_load,Actual Load,2026-07-21T00:11:54Z
2026-07-21T00:11:51Z,2026-07-21T02:11:51+0200,ca480415-0e53-4d99-b8f2-f778c2de0ac2,2026-07-08T05:00:00Z,2026-07-08T07:00:00+0200,8755.9,MW,BE,BE,actual_load,Actual Load,2026-07-21T00:11:54Z
2026-07-21T00:11:51Z,2026-07-21T02:11:51+0200,ca480415-0e53-4d99-b8f2-f778c2de0ac2,2026-07-08T05:15:00Z,2026-07-08T07:15:00+0200,8941.94,MW,BE,BE,actual_load,Actual Load,2026-07-21T00:11:54Z
2026-07-21T00:11:51Z,2026-07-21T02:11:51+0200,ca480415-0e53-4d99-b8f2-f778c2de0ac2,2026-07-08T05:30:00Z,2026-07-08T07:30:00+0200,9164.11,MW,BE,BE,actual_load,Actual Load,2026-07-21T00:11:54Z
2026-07-21T00:11:51Z,2026-07-21T02:11:51+0200,ca480415-0e53-4d99-b8f2-f778c2de0ac2,2026-07-08T05:45:00Z,2026-07-08T07:45:00+0200,9339.55,MW,BE,BE,actual_load,Actual Load,2026-07-21T00:11:54Z
2026-07-21T00:11:51Z,2026-07-21T02:11:51+0200,ca480415-0e53-4d99-b8f2-f778c2de0ac2,2026-07-08T06:00:00Z,2026-07-08T08:00:00+0200,9531.01,MW,BE,BE,actual_load,Actual Load,2026-07-21T00:11:54Z
2026-07-21T00:11:51Z,2026-07-21T02:11:51+0200,ca480415-0e53-4d99-b8f2-f778c2de0ac2,2026-07-08T06:15:00Z,2026-07-08T08:15:00+0200,9719.48,MW,BE,BE,actual_load,Actual Load,2026-07-21T00:11:54Z
2026-07-21T00:11:51Z,2026-07-21T02:11:51+0200,ca480415-0e53-4d99-b8f2-f778c2de0ac2,2026-07-08T06:30:00Z,2026-07-08T08:30:00+0200,9844.49,MW,BE,BE,actual_load,Actual Load,2026-07-21T00:11:54Z
2026-07-21T00:11:51Z,2026-07-21T02:11:51+0200,ca480415-0e53-4d99-b8f2-f778c2de0ac2,2026-07-08T06:45:00Z,2026-07-08T08:45:00+0200,10005.0,MW,BE,BE,actual_load,Actual Load,2026-07-21T00:11:54Z
2026-07-21T00:11:51Z,2026-07-21T02:11:51+0200,ca480415-0e53-4d99-b8f2-f778c2de0ac2,2026-07-08T07:00:00Z,2026-07-08T09:00:00+0200,10114.87,MW,BE,BE,actual_load,Actual Load,2026-07-21T00:11:54Z
2026-07-21T00:11:51Z,2026-07-21T02:11:51+0200,ca480415-0e53-4d99-b8f2-f778c2de0ac2,2026-07-08T07:15:00Z,2026-07-08T09:15:00+0200,10122.1,MW,BE,BE,actual_load,Actual Load,2026-07-21T00:11:54Z
2026-07-21T00:11:51Z,2026-07-21T02:11:51+0200,ca480415-0e53-4d99-b8f2-f778c2de0ac2,2026-07-08T07:30:00Z,2026-07-08T09:30:00+0200,10244.89,MW,BE,BE,actual_load,Actual Load,2026-07-21T00:11:54Z
2026-07-21T00:11:51Z,2026-07-21T02:11:51+0200,ca480415-0e53-4d99-b8f2-f778c2de0ac2,2026-07-08T07:45:00Z,2026-07-08T09:45:00+0200,10478.78,MW,BE,BE,actual_load,Actual Load,2026-07-21T00:11:54Z
2026-07-21T00:11:51Z,2026-07-21T02:11:51+0200,ca480415-0e53-4d99-b8f2-f778c2de0ac2,2026-07-08T08:00:00Z,2026-07-08T10:00:00+0200,10573.19,MW,BE,BE,actual_load,Actual Load,2026-07-21T00:11:54Z
2026-07-21T00:11:51Z,2026-07-21T02:11:51+0200,ca480415-0e53-4d99-b8f2-f778c2de0ac2,2026-07-08T08:15:00Z,2026-07-08T10:15:00+0200,10668.37,MW,BE,BE,actual_load,Actual Load,2026-07-21T00:11:54Z
2026-07-21T00:11:51Z,2026-07-21T02:11:51+0200,ca480415-0e53-4d99-b8f2-f778c2de0ac2,2026-07-08T08:30:00Z,2026-07-08T10:30:00+0200,10672.14,MW,BE,BE,actual_load,Actual Load,2026-07-21T00:11:54Z
2026-07-21T00:11:51Z,2026-07-21T02:11:51+0200,ca480415-0e53-4d99-b8f2-f778c2de0ac2,2026-07-08T08:45:00Z,2026-07-08T10:45:00+0200,10464.25,MW,BE,BE,actual_load,Actual Load,2026-07-21T00:11:54Z
2026-07-21T00:11:51Z,2026-07-21T02:11:51+0200,ca480415-0e53-4d99-b8f2-f778c2de0ac2,2026-07-08T09:00:00Z,2026-07-08T11:00:00+0200,10394.77,MW,BE,BE,actual_load,Actual Load,2026-07-21T00:11:54Z
2026-07-21T00:11:51Z,2026-07-21T02:11:51+0200,ca480415-0e53-4d99-b8f2-f778c2de0ac2,2026-07-08T09:15:00Z,2026-07-08T11:15:00+0200,10235.97,MW,BE,BE,actual_load,Actual Load,2026-07-21T00:11:54Z
2026-07-21T00:11:51Z,2026-07-21T02:11:51+0200,ca480415-0e53-4d99-b8f2-f778c2de0ac2,2026-07-08T09:30:00Z,2026-07-08T11:30:00+0200,10239.96,MW,BE,BE,actual_load,Actual Load,2026-07-21T00:11:54Z
2026-07-21T00:11:51Z,2026-07-21T02:11:51+0200,ca480415-0e53-4d99-b8f2-f778c2de0ac2,2026-07-08T09:45:00Z,2026-07-08T11:45:00+0200,10293.44,MW,BE,BE,actual_load,Actual Load,2026-07-21T00:11:54Z
2026-07-21T00:11:51Z,2026-07-21T02:11:51+0200,ca480415-0e53-4d99-b8f2-f778c2de0ac2,2026-07-08T10:00:00Z,2026-07-08T12:00:00+0200,10306.73,MW,BE,BE,actual_load,Actual Load,2026-07-21T00:11:54Z
2026-07-21T00:11:51Z,2026-07-21T02:11:51+0200,ca480415-0e53-4d99-b8f2-f778c2de0ac2,2026-07-08T10:15:00Z,2026-07-08T12:15:00+0200,10141.8,MW,BE,BE,actual_load,Actual Load,2026-07-21T00:11:54Z
2026-07-21T00:11:51Z,2026-07-21T02:11:51+0200,ca480415-0e53-4d99-b8f2-f778c2de0ac2,2026-07-08T10:30:00Z,2026-07-08T12:30:00+0200,10139.48,MW,BE,BE,actual_load,Actual Load,2026-07-21T00:11:54Z
2026-07-21T00:11:51Z,2026-07-21T02:11:51+0200,ca480415-0e53-4d99-b8f2-f778c2de0ac2,2026-07-08T10:45:00Z,2026-07-08T12:45:00+0200,10247.87,MW,BE,BE,actual_load,Actual Load,2026-07-21T00:11:54Z
2026-07-21T00:11:51Z,2026-07-21T02:11:51+0200,ca480415-0e53-4d99-b8f2-f778c2de0ac2,2026-07-08T11:00:00Z,2026-07-08T13:00:00+0200,10305.99,MW,BE,BE,actual_load,Actual Load,2026-07-21T00:11:54Z
2026-07-21T00:11:51Z,2026-07-21T02:11:51+0200,ca480415-0e53-4d99-b8f2-f778c2de0ac2,2026-07-08T11:15:00Z,2026-07-08T13:15:00+0200,10498.68,MW,BE,BE,actual_load,Actual Load,2026-07-21T00:11:54Z
2026-07-21T00:11:51Z,2026-07-21T02:11:51+0200,ca480415-0e53-4d99-b8f2-f778c2de0ac2,2026-07-08T11:30:00Z,2026-07-08T13:30:00+0200,10438.38,MW,BE,BE,actual_load,Actual Load,2026-07-21T00:11:54Z
2026-07-21T00:11:51Z,2026-07-21T02:11:51+0200,ca480415-0e53-4d99-b8f2-f778c2de0ac2,2026-07-08T11:45:00Z,2026-07-08T13:45:00+0200,10335.72,MW,BE,BE,actual_load,Actual Load,2026-07-21T00:11:54Z
2026-07-21T00:11:51Z,2026-07-21T02:11:51+0200,ca480415-0e53-4d99-b8f2-f778c2de0ac2,2026-07-08T12:00:00Z,2026-07-08T14:00:00+0200,10159.73,MW,BE,BE,actual_load,Actual Load,2026-07-21T00:11:54Z
2026-07-21T00:11:51Z,2026-07-21T02:11:51+0200,ca480415-0e53-4d99-b8f2-f778c2de0ac2,2026-07-08T12:15:00Z,2026-07-08T14:15:00+0200,10249.63,MW,BE,BE,actual_load,Actual Load,2026-07-21T00:11:54Z
2026-07-21T00:11:51Z,2026-07-21T02:11:51+0200,ca480415-0e53-4d99-b8f2-f778c2de0ac2,2026-07-08T12:30:00Z,2026-07-08T14:30:00+0200,10137.76,MW,BE,BE,actual_load,Actual Load,2026-07-21T00:11:54Z
2026-07-21T00:11:51Z,2026-07-21T02:11:51+0200,ca480415-0e53-4d99-b8f2-f778c2de0ac2,2026-07-08T12:45:00Z,2026-07-08T14:45:00+0200,9980.69,MW,BE,BE,actual_load,Actual Load,2026-07-21T00:11:54Z
2026-07-21T00:11:51Z,2026-07-21T02:11:51+0200,ca480415-0e53-4d99-b8f2-f778c2de0ac2,2026-07-08T13:00:00Z,2026-07-08T15:00:00+0200,10140.37,MW,BE,BE,actual_load,Actual Load,2026-07-21T00:11:54Z
2026-07-21T00:11:51Z,2026-07-21T02:11:51+0200,ca480415-0e53-4d99-b8f2-f778c2de0ac2,2026-07-08T13:15:00Z,2026-07-08T15:15:00+0200,9929.26,MW,BE,BE,actual_load,Actual Load,2026-07-21T00:11:54Z
2026-07-21T00:11:51Z,2026-07-21T02:11:51+0200,ca480415-0e53-4d99-b8f2-f778c2de0ac2,2026-07-08T13:30:00Z,2026-07-08T15:30:00+0200,10005.87,MW,BE,BE,actual_load,Actual Load,2026-07-21T00:11:54Z
2026-07-21T00:11:51Z,2026-07-21T02:11:51+0200,ca480415-0e53-4d99-b8f2-f778c2de0ac2,2026-07-08T13:45:00Z,2026-07-08T15:45:00+0200,9895.08,MW,BE,BE,actual_load,Actual Load,2026-07-21T00:11:54Z
2026-07-21T00:11:51Z,2026-07-21T02:11:51+0200,ca480415-0e53-4d99-b8f2-f778c2de0ac2,2026-07-08T14:00:00Z,2026-07-08T16:00:00+0200,9917.43,MW,BE,BE,actual_load,Actual Load,2026-07-21T00:11:54Z
2026-07-21T00:11:51Z,2026-07-21T02:11:51+0200,ca480415-0e53-4d99-b8f2-f778c2de0ac2,2026-07-08T14:15:00Z,2026-07-08T16:15:00+0200,9878.79,MW,BE,BE,actual_load,Actual Load,2026-07-21T00:11:54Z
2026-07-21T00:11:51Z,2026-07-21T02:11:51+0200,ca480415-0e53-4d99-b8f2-f778c2de0ac2,2026-07-08T14:30:00Z,2026-07-08T16:30:00+0200,9842.43,MW,BE,BE,actual_load,Actual Load,2026-07-21T00:11:54Z
2026-07-21T00:11:51Z,2026-07-21T02:11:51+0200,ca480415-0e53-4d99-b8f2-f778c2de0ac2,2026-07-08T14:45:00Z,2026-07-08T16:45:00+0200,9923.48,MW,BE,BE,actual_load,Actual Load,2026-07-21T00:11:54Z
2026-07-21T00:11:51Z,2026-07-21T02:11:51+0200,ca480415-0e53-4d99-b8f2-f778c2de0ac2,2026-07-08T15:00:00Z,2026-07-08T17:00:00+0200,10061.7,MW,BE,BE,actual_load,Actual Load,2026-07-21T00:11:54Z
2026-07-21T00:11:51Z,2026-07-21T02:11:51+0200,ca480415-0e53-4d99-b8f2-f778c2de0ac2,2026-07-08T15:15:00Z,2026-07-08T17:15:00+0200,10107.93,MW,BE,BE,actual_load,Actual Load,2026-07-21T00:11:54Z
2026-07-21T00:11:51Z,2026-07-21T02:11:51+0200,ca480415-0e53-4d99-b8f2-f778c2de0ac2,2026-07-08T15:30:00Z,2026-07-08T17:30:00+0200,10256.96,MW,BE,BE,actual_load,Actual Load,2026-07-21T00:11:54Z
2026-07-21T00:11:51Z,2026-07-21T02:11:51+0200,ca480415-0e53-4d99-b8f2-f778c2de0ac2,2026-07-08T15:45:00Z,2026-07-08T17:45:00+0200,10256.51,MW,BE,BE,actual_load,Actual Load,2026-07-21T00:11:54Z
2026-07-21T00:11:51Z,2026-07-21T02:11:51+0200,ca480415-0e53-4d99-b8f2-f778c2de0ac2,2026-07-08T16:00:00Z,2026-07-08T18:00:00+0200,10378.74,MW,BE,BE,actual_load,Actual Load,2026-07-21T00:11:54Z
2026-07-21T00:11:51Z,2026-07-21T02:11:51+0200,ca480415-0e53-4d99-b8f2-f778c2de0ac2,2026-07-08T16:15:00Z,2026-07-08T18:15:00+0200,10278.78,MW,BE,BE,actual_load,Actual Load,2026-07-21T00:11:54Z
2026-07-21T00:11:51Z,2026-07-21T02:11:51+0200,ca480415-0e53-4d99-b8f2-f778c2de0ac2,2026-07-08T16:30:00Z,2026-07-08T18:30:00+0200,10113.63,MW,BE,BE,actual_load,Actual Load,2026-07-21T00:11:54Z
2026-07-21T00:11:51Z,2026-07-21T02:11:51+0200,ca480415-0e53-4d99-b8f2-f778c2de0ac2,2026-07-08T16:45:00Z,2026-07-08T18:45:00+0200,10070.32,MW,BE,BE,actual_load,Actual Load,2026-07-21T00:11:54Z
2026-07-21T00:11:51Z,2026-07-21T02:11:51+0200,ca480415-0e53-4d99-b8f2-f778c2de0ac2,2026-07-08T17:00:00Z,2026-07-08T19:00:00+0200,10088.19,MW,BE,BE,actual_load,Actual Load,2026-07-21T00:11:54Z
2026-07-21T00:11:51Z,2026-07-21T02:11:51+0200,ca480415-0e53-4d99-b8f2-f778c2de0ac2,2026-07-08T17:15:00Z,2026-07-08T19:15:00+0200,9773.64,MW,BE,BE,actual_load,Actual Load,2026-07-21T00:11:54Z
2026-07-21T00:11:51Z,2026-07-21T02:11:51+0200,ca480415-0e53-4d99-b8f2-f778c2de0ac2,2026-07-08T17:30:00Z,2026-07-08T19:30:00+0200,9544.03,MW,BE,BE,actual_load,Actual Load,2026-07-21T00:11:54Z
2026-07-21T00:11:51Z,2026-07-21T02:11:51+0200,ca480415-0e53-4d99-b8f2-f778c2de0ac2,2026-07-08T17:45:00Z,2026-07-08T19:45:00+0200,9299.82,MW,BE,BE,actual_load,Actual Load,2026-07-21T00:11:54Z
2026-07-21T00:11:51Z,2026-07-21T02:11:51+0200,ca480415-0e53-4d99-b8f2-f778c2de0ac2,2026-07-08T18:00:00Z,2026-07-08T20:00:00+0200,9218.54,MW,BE,BE,actual_load,Actual Load,2026-07-21T00:11:54Z
2026-07-21T00:11:51Z,2026-07-21T02:11:51+0200,ca480415-0e53-4d99-b8f2-f778c2de0ac2,2026-07-08T18:15:00Z,2026-07-08T20:15:00+0200,9257.63,MW,BE,BE,actual_load,Actual Load,2026-07-21T00:11:54Z
2026-07-21T00:11:51Z,2026-07-21T02:11:51+0200,ca480415-0e53-4d99-b8f2-f778c2de0ac2,2026-07-08T18:30:00Z,2026-07-08T20:30:00+0200,9232.55,MW,BE,BE,actual_load,Actual Load,2026-07-21T00:11:54Z
2026-07-21T00:11:51Z,2026-07-21T02:11:51+0200,ca480415-0e53-4d99-b8f2-f778c2de0ac2,2026-07-08T18:45:00Z,2026-07-08T20:45:00+0200,9245.35,MW,BE,BE,actual_load,Actual Load,2026-07-21T00:11:54Z
2026-07-21T00:11:51Z,2026-07-21T02:11:51+0200,ca480415-0e53-4d99-b8f2-f778c2de0ac2,2026-07-08T19:00:00Z,2026-07-08T21:00:00+0200,9212.91,MW,BE,BE,actual_load,Actual Load,2026-07-21T00:11:54Z
2026-07-21T00:11:51Z,2026-07-21T02:11:51+0200,ca480415-0e53-4d99-b8f2-f778c2de0ac2,2026-07-08T19:15:00Z,2026-07-08T21:15:00+0200,9264.58,MW,BE,BE,actual_load,Actual Load,2026-07-21T00:11:54Z
2026-07-21T00:11:51Z,2026-07-21T02:11:51+0200,ca480415-0e53-4d99-b8f2-f778c2de0ac2,2026-07-08T19:30:00Z,2026-07-08T21:30:00+0200,9156.58,MW,BE,BE,actual_load,Actual Load,2026-07-21T00:11:54Z
2026-07-21T00:11:51Z,2026-07-21T02:11:51+0200,ca480415-0e53-4d99-b8f2-f778c2de0ac2,2026-07-08T19:45:00Z,2026-07-08T21:45:00+0200,9184.75,MW,BE,BE,actual_load,Actual Load,2026-07-21T00:11:54Z
2026-07-21T00:11:51Z,2026-07-21T02:11:51+0200,ca480415-0e53-4d99-b8f2-f778c2de0ac2,2026-07-08T20:00:00Z,2026-07-08T22:00:00+0200,9169.71,MW,BE,BE,actual_load,Actual Load,2026-07-21T00:11:54Z
2026-07-21T00:11:51Z,2026-07-21T02:11:51+0200,ca480415-0e53-4d99-b8f2-f778c2de0ac2,2026-07-08T20:15:00Z,2026-07-08T22:15:00+0200,9270.01,MW,BE,BE,actual_load,Actual Load,2026-07-21T00:11:54Z
2026-07-21T00:11:51Z,2026-07-21T02:11:51+0200,ca480415-0e53-4d99-b8f2-f778c2de0ac2,2026-07-08T20:30:00Z,2026-07-08T22:30:00+0200,9252.46,MW,BE,BE,actual_load,Actual Load,2026-07-21T00:11:54Z
2026-07-21T00:11:51Z,2026-07-21T02:11:51+0200,ca480415-0e53-4d99-b8f2-f778c2de0ac2,2026-07-08T20:45:00Z,2026-07-08T22:45:00+0200,9145.86,MW,BE,BE,actual_load,Actual Load,2026-07-21T00:11:54Z
2026-07-21T00:11:51Z,2026-07-21T02:11:51+0200,ca480415-0e53-4d99-b8f2-f778c2de0ac2,2026-07-08T21:00:00Z,2026-07-08T23:00:00+0200,8866.81,MW,BE,BE,actual_load,Actual Load,2026-07-21T00:11:54Z
2026-07-21T00:11:51Z,2026-07-21T02:11:51+0200,ca480415-0e53-4d99-b8f2-f778c2de0ac2,2026-07-08T21:15:00Z,2026-07-08T23:15:00+0200,8766.9,MW,BE,BE,actual_load,Actual Load,2026-07-21T00:11:54Z
2026-07-21T00:11:51Z,2026-07-21T02:11:51+0200,ca480415-0e53-4d99-b8f2-f778c2de0ac2,2026-07-08T21:30:00Z,2026-07-08T23:30:00+0200,8627.23,MW,BE,BE,actual_load,Actual Load,2026-07-21T00:11:54Z
2026-07-21T00:11:51Z,2026-07-21T02:11:51+0200,ca480415-0e53-4d99-b8f2-f778c2de0ac2,2026-07-08T21:45:00Z,2026-07-08T23:45:00+0200,8585.03,MW,BE,BE,actual_load,Actual Load,2026-07-21T00:11:54Z
2026-07-21T00:11:51Z,2026-07-21T02:11:51+0200,ca480415-0e53-4d99-b8f2-f778c2de0ac2,2026-07-08T22:00:00Z,2026-07-09T00:00:00+0200,8520.72,MW,BE,BE,actual_load,Actual Load,2026-07-21T00:11:54Z
2026-07-21T00:11:51Z,2026-07-21T02:11:51+0200,ca480415-0e53-4d99-b8f2-f778c2de0ac2,2026-07-08T22:15:00Z,2026-07-09T00:15:00+0200,8475.26,MW,BE,BE,actual_load,Actual Load,2026-07-21T00:11:54Z
2026-07-21T00:11:51Z,2026-07-21T02:11:51+0200,ca480415-0e53-4d99-b8f2-f778c2de0ac2,2026-07-08T22:30:00Z,2026-07-09T00:30:00+0200,8383.86,MW,BE,BE,actual_load,Actual Load,2026-07-21T00:11:54Z
2026-07-21T00:11:51Z,2026-07-21T02:11:51+0200,ca480415-0e53-4d99-b8f2-f778c2de0ac2,2026-07-08T22:45:00Z,2026-07-09T00:45:00+0200,8342.16,MW,BE,BE,actual_load,Actual Load,2026-07-21T00:11:54Z
2026-07-21T00:11:51Z,2026-07-21T02:11:51+0200,ca480415-0e53-4d99-b8f2-f778c2de0ac2,2026-07-08T23:00:00Z,2026-07-09T01:00:00+0200,8248.5,MW,BE,BE,actual_load,Actual Load,2026-07-21T00:11:54Z
2026-07-21T00:11:51Z,2026-07-21T02:11:51+0200,ca480415-0e53-4d99-b8f2-f778c2de0ac2,2026-07-08T23:15:00Z,2026-07-09T01:15:00+0200,8209.78,MW,BE,BE,actual_load,Actual Load,2026-07-21T00:11:54Z
2026-07-21T00:11:51Z,2026-07-21T02:11:51+0200,ca480415-0e53-4d99-b8f2-f778c2de0ac2,2026-07-08T23:30:00Z,2026-07-09T01:30:00+0200,8083.16,MW,BE,BE,actual_load,Actual Load,2026-07-21T00:11:54Z
2026-07-21T00:11:51Z,2026-07-21T02:11:51+0200,ca480415-0e53-4d99-b8f2-f778c2de0ac2,2026-07-08T23:45:00Z,2026-07-09T01:45:00+0200,8063.34,MW,BE,BE,actual_load,Actual Load,2026-07-21T00:11:54Z
2026-07-21T00:11:51Z,2026-07-21T02:11:51+0200,ca480415-0e53-4d99-b8f2-f778c2de0ac2,2026-07-09T00:00:00Z,2026-07-09T02:00:00+0200,8009.84,MW,BE,BE,actual_load,Actual Load,2026-07-21T00:11:54Z
2026-07-21T00:11:51Z,2026-07-21T02:11:51+0200,ca480415-0e53-4d99-b8f2-f778c2de0ac2,2026-07-09T00:15:00Z,2026-07-09T02:15:00+0200,7983.1,MW,BE,BE,actual_load,Actual Load,2026-07-21T00:11:54Z
2026-07-21T00:11:51Z,2026-07-21T02:11:51+0200,ca480415-0e53-4d99-b8f2-f778c2de0ac2,2026-07-09T00:30:00Z,2026-07-09T02:30:00+0200,7965.83,MW,BE,BE,actual_load,Actual Load,2026-07-21T00:11:54Z
2026-07-21T00:11:51Z,2026-07-21T02:11:51+0200,ca480415-0e53-4d99-b8f2-f778c2de0ac2,2026-07-09T00:45:00Z,2026-07-09T02:45:00+0200,7967.8,MW,BE,BE,actual_load,Actual Load,2026-07-21T00:11:54Z
2026-07-21T00:11:51Z,2026-07-21T02:11:51+0200,ca480415-0e53-4d99-b8f2-f778c2de0ac2,2026-07-09T01:00:00Z,2026-07-09T03:00:00+0200,7916.27,MW,BE,BE,actual_load,Actual Load,2026-07-21T00:11:54Z
2026-07-21T00:11:51Z,2026-07-21T02:11:51+0200,ca480415-0e53-4d99-b8f2-f778c2de0ac2,2026-07-09T01:15:00Z,2026-07-09T03:15:00+0200,7812.07,MW,BE,BE,actual_load,Actual Load,2026-07-21T00:11:54Z
2026-07-21T00:11:51Z,2026-07-21T02:11:51+0200,ca480415-0e53-4d99-b8f2-f778c2de0ac2,2026-07-09T01:30:00Z,2026-07-09T03:30:00+0200,7841.75,MW,BE,BE,actual_load,Actual Load,2026-07-21T00:11:54Z
2026-07-21T00:11:51Z,2026-07-21T02:11:51+0200,ca480415-0e53-4d99-b8f2-f778c2de0ac2,2026-07-09T01:45:00Z,2026-07-09T03:45:00+0200,7782.29,MW,BE,BE,actual_load,Actual Load,2026-07-21T00:11:54Z
2026-07-21T00:11:51Z,2026-07-21T02:11:51+0200,ca480415-0e53-4d99-b8f2-f778c2de0ac2,2026-07-09T02:00:00Z,2026-07-09T04:00:00+0200,7851.11,MW,BE,BE,actual_load,Actual Load,2026-07-21T00:11:54Z
2026-07-21T00:11:51Z,2026-07-21T02:11:51+0200,ca480415-0e53-4d99-b8f2-f778c2de0ac2,2026-07-09T02:15:00Z,2026-07-09T04:15:00+0200,7837.47,MW,BE,BE,actual_load,Actual Load,2026-07-21T00:11:54Z
2026-07-21T00:11:51Z,2026-07-21T02:11:51+0200,ca480415-0e53-4d99-b8f2-f778c2de0ac2,2026-07-09T02:30:00Z,2026-07-09T04:30:00+0200,7761.0,MW,BE,BE,actual_load,Actual Load,2026-07-21T00:11:54Z
2026-07-21T00:11:51Z,2026-07-21T02:11:51+0200,ca480415-0e53-4d99-b8f2-f778c2de0ac2,2026-07-09T02:45:00Z,2026-07-09T04:45:00+0200,7722.06,MW,BE,BE,actual_load,Actual Load,2026-07-21T00:11:54Z
2026-07-21T00:11:51Z,2026-07-21T02:11:51+0200,ca480415-0e53-4d99-b8f2-f778c2de0ac2,2026-07-09T03:00:00Z,2026-07-09T05:00:00+0200,7958.11,MW,BE,BE,actual_load,Actual Load,2026-07-21T00:11:54Z
2026-07-21T00:11:51Z,2026-07-21T02:11:51+0200,ca480415-0e53-4d99-b8f2-f778c2de0ac2,2026-07-09T03:15:00Z,2026-07-09T05:15:00+0200,8044.54,MW,BE,BE,actual_load,Actual Load,2026-07-21T00:11:54Z
2026-07-21T00:11:51Z,2026-07-21T02:11:51+0200,ca480415-0e53-4d99-b8f2-f778c2de0ac2,2026-07-09T03:30:00Z,2026-07-09T05:30:00+0200,7896.66,MW,BE,BE,actual_load,Actual Load,2026-07-21T00:11:54Z
2026-07-21T00:11:51Z,2026-07-21T02:11:51+0200,ca480415-0e53-4d99-b8f2-f778c2de0ac2,2026-07-09T03:45:00Z,2026-07-09T05:45:00+0200,7981.25,MW,BE,BE,actual_load,Actual Load,2026-07-21T00:11:54Z
2026-07-21T00:11:51Z,2026-07-21T02:11:51+0200,ca480415-0e53-4d99-b8f2-f778c2de0ac2,2026-07-09T04:00:00Z,2026-07-09T06:00:00+0200,8233.09,MW,BE,BE,actual_load,Actual Load,2026-07-21T00:11:54Z
2026-07-21T00:11:51Z,2026-07-21T02:11:51+0200,ca480415-0e53-4d99-b8f2-f778c2de0ac2,2026-07-09T04:15:00Z,2026-07-09T06:15:00+0200,8421.11,MW,BE,BE,actual_load,Actual Load,2026-07-21T00:11:54Z
2026-07-21T00:11:51Z,2026-07-21T02:11:51+0200,ca480415-0e53-4d99-b8f2-f778c2de0ac2,2026-07-09T04:30:00Z,2026-07-09T06:30:00+0200,8493.77,MW,BE,BE,actual_load,Actual Load,2026-07-21T00:11:54Z
2026-07-21T00:11:51Z,2026-07-21T02:11:51+0200,ca480415-0e53-4d99-b8f2-f778c2de0ac2,2026-07-09T04:45:00Z,2026-07-09T06:45:00+0200,8710.22,MW,BE,BE,actual_load,Actual Load,2026-07-21T00:11:54Z
2026-07-21T00:11:51Z,2026-07-21T02:11:51+0200,ca480415-0e53-4d99-b8f2-f778c2de0ac2,2026-07-09T05:00:00Z,2026-07-09T07:00:00+0200,8809.99,MW,BE,BE,actual_load,Actual Load,2026-07-21T00:11:54Z
2026-07-21T00:11:51Z,2026-07-21T02:11:51+0200,ca480415-0e53-4d99-b8f2-f778c2de0ac2,2026-07-09T05:15:00Z,2026-07-09T07:15:00+0200,8876.89,MW,BE,BE,actual_load,Actual Load,2026-07-21T00:11:54Z
2026-07-21T00:11:51Z,2026-07-21T02:11:51+0200,ca480415-0e53-4d99-b8f2-f778c2de0ac2,2026-07-09T05:30:00Z,2026-07-09T07:30:00+0200,9007.68,MW,BE,BE,actual_load,Actual Load,2026-07-21T00:11:54Z
2026-07-21T00:11:51Z,2026-07-21T02:11:51+0200,ca480415-0e53-4d99-b8f2-f778c2de0ac2,2026-07-09T05:45:00Z,2026-07-09T07:45:00+0200,9209.98,MW,BE,BE,actual_load,Actual Load,2026-07-21T00:11:54Z
2026-07-21T00:11:51Z,2026-07-21T02:11:51+0200,ca480415-0e53-4d99-b8f2-f778c2de0ac2,2026-07-09T06:00:00Z,2026-07-09T08:00:00+0200,9357.52,MW,BE,BE,actual_load,Actual Load,2026-07-21T00:11:54Z
2026-07-21T00:11:51Z,2026-07-21T02:11:51+0200,ca480415-0e53-4d99-b8f2-f778c2de0ac2,2026-07-09T06:15:00Z,2026-07-09T08:15:00+0200,9674.52,MW,BE,BE,actual_load,Actual Load,2026-07-21T00:11:54Z
2026-07-21T00:11:51Z,2026-07-21T02:11:51+0200,ca480415-0e53-4d99-b8f2-f778c2de0ac2,2026-07-09T06:30:00Z,2026-07-09T08:30:00+0200,9947.42,MW,BE,BE,actual_load,Actual Load,2026-07-21T00:11:54Z
2026-07-21T00:11:51Z,2026-07-21T02:11:51+0200,ca480415-0e53-4d99-b8f2-f778c2de0ac2,2026-07-09T06:45:00Z,2026-07-09T08:45:00+0200,10247.28,MW,BE,BE,actual_load,Actual Load,2026-07-21T00:11:54Z
2026-07-21T00:11:51Z,2026-07-21T02:11:51+0200,ca480415-0e53-4d99-b8f2-f778c2de0ac2,2026-07-09T07:00:00Z,2026-07-09T09:00:00+0200,10351.48,MW,BE,BE,actual_load,Actual Load,2026-07-21T00:11:54Z
2026-07-21T00:11:51Z,2026-07-21T02:11:51+0200,ca480415-0e53-4d99-b8f2-f778c2de0ac2,2026-07-09T07:15:00Z,2026-07-09T09:15:00+0200,10597.95,MW,BE,BE,actual_load,Actual Load,2026-07-21T00:11:54Z
2026-07-21T00:11:51Z,2026-07-21T02:11:51+0200,ca480415-0e53-4d99-b8f2-f778c2de0ac2,2026-07-09T07:30:00Z,2026-07-09T09:30:00+0200,10835.48,MW,BE,BE,actual_load,Actual Load,2026-07-21T00:11:54Z
2026-07-21T00:11:51Z,2026-07-21T02:11:51+0200,ca480415-0e53-4d99-b8f2-f778c2de0ac2,2026-07-09T07:45:00Z,2026-07-09T09:45:00+0200,10832.5,MW,BE,BE,actual_load,Actual Load,2026-07-21T00:11:54Z
2026-07-21T00:11:51Z,2026-07-21T02:11:51+0200,ca480415-0e53-4d99-b8f2-f778c2de0ac2,2026-07-09T08:00:00Z,2026-07-09T10:00:00+0200,11063.13,MW,BE,BE,actual_load,Actual Load,2026-07-21T00:11:54Z
2026-07-21T00:11:51Z,2026-07-21T02:11:51+0200,ca480415-0e53-4d99-b8f2-f778c2de0ac2,2026-07-09T08:15:00Z,2026-07-09T10:15:00+0200,11073.88,MW,BE,BE,actual_load,Actual Load,2026-07-21T00:11:54Z
2026-07-21T00:11:51Z,2026-07-21T02:11:51+0200,ca480415-0e53-4d99-b8f2-f778c2de0ac2,2026-07-09T08:30:00Z,2026-07-09T10:30:00+0200,11134.28,MW,BE,BE,actual_load,Actual Load,2026-07-21T00:11:54Z
2026-07-21T00:11:51Z,2026-07-21T02:11:51+0200,ca480415-0e53-4d99-b8f2-f778c2de0ac2,2026-07-09T08:45:00Z,2026-07-09T10:45:00+0200,11082.38,MW,BE,BE,actual_load,Actual Load,2026-07-21T00:11:54Z
2026-07-21T00:11:51Z,2026-07-21T02:11:51+0200,ca480415-0e53-4d99-b8f2-f778c2de0ac2,2026-07-09T09:00:00Z,2026-07-09T11:00:00+0200,11194.58,MW,BE,BE,actual_load,Actual Load,2026-07-21T00:11:54Z
2026-07-21T00:11:51Z,2026-07-21T02:11:51+0200,ca480415-0e53-4d99-b8f2-f778c2de0ac2,2026-07-09T09:15:00Z,2026-07-09T11:15:00+0200,11309.06,MW,BE,BE,actual_load,Actual Load,2026-07-21T00:11:54Z
2026-07-21T00:11:51Z,2026-07-21T02:11:51+0200,ca480415-0e53-4d99-b8f2-f778c2de0ac2,2026-07-09T09:30:00Z,2026-07-09T11:30:00+0200,11374.38,MW,BE,BE,actual_load,Actual Load,2026-07-21T00:11:54Z
2026-07-21T00:11:51Z,2026-07-21T02:11:51+0200,ca480415-0e53-4d99-b8f2-f778c2de0ac2,2026-07-09T09:45:00Z,2026-07-09T11:45:00+0200,11460.09,MW,BE,BE,actual_load,Actual Load,2026-07-21T00:11:54Z
2026-07-21T00:11:51Z,2026-07-21T02:11:51+0200,ca480415-0e53-4d99-b8f2-f778c2de0ac2,2026-07-09T10:00:00Z,2026-07-09T12:00:00+0200,11234.57,MW,BE,BE,actual_load,Actual Load,2026-07-21T00:11:54Z
2026-07-21T00:11:51Z,2026-07-21T02:11:51+0200,ca480415-0e53-4d99-b8f2-f778c2de0ac2,2026-07-09T10:15:00Z,2026-07-09T12:15:00+0200,11275.72,MW,BE,BE,actual_load,Actual Load,2026-07-21T00:11:54Z
2026-07-21T00:11:51Z,2026-07-21T02:11:51+0200,ca480415-0e53-4d99-b8f2-f778c2de0ac2,2026-07-09T10:30:00Z,2026-07-09T12:30:00+0200,11276.58,MW,BE,BE,actual_load,Actual Load,2026-07-21T00:11:54Z
2026-07-21T00:11:51Z,2026-07-21T02:11:51+0200,ca480415-0e53-4d99-b8f2-f778c2de0ac2,2026-07-09T10:45:00Z,2026-07-09T12:45:00+0200,11255.32,MW,BE,BE,actual_load,Actual Load,2026-07-21T00:11:54Z
2026-07-21T00:11:51Z,2026-07-21T02:11:51+0200,ca480415-0e53-4d99-b8f2-f778c2de0ac2,2026-07-09T11:00:00Z,2026-07-09T13:00:00+0200,11272.99,MW,BE,BE,actual_load,Actual Load,2026-07-21T00:11:54Z
2026-07-21T00:11:51Z,2026-07-21T02:11:51+0200,ca480415-0e53-4d99-b8f2-f778c2de0ac2,2026-07-09T11:15:00Z,2026-07-09T13:15:00+0200,11359.13,MW,BE,BE,actual_load,Actual Load,2026-07-21T00:11:54Z
2026-07-21T00:11:51Z,2026-07-21T02:11:51+0200,ca480415-0e53-4d99-b8f2-f778c2de0ac2,2026-07-09T11:30:00Z,2026-07-09T13:30:00+0200,11471.58,MW,BE,BE,actual_load,Actual Load,2026-07-21T00:11:54Z
2026-07-21T00:11:51Z,2026-07-21T02:11:51+0200,ca480415-0e53-4d99-b8f2-f778c2de0ac2,2026-07-09T11:45:00Z,2026-07-09T13:45:00+0200,11412.62,MW,BE,BE,actual_load,Actual Load,2026-07-21T00:11:54Z
2026-07-21T00:11:51Z,2026-07-21T02:11:51+0200,ca480415-0e53-4d99-b8f2-f778c2de0ac2,2026-07-09T12:00:00Z,2026-07-09T14:00:00+0200,11503.36,MW,BE,BE,actual_load,Actual Load,2026-07-21T00:11:54Z
2026-07-21T00:11:51Z,2026-07-21T02:11:51+0200,ca480415-0e53-4d99-b8f2-f778c2de0ac2,2026-07-09T12:15:00Z,2026-07-09T14:15:00+0200,11314.37,MW,BE,BE,actual_load,Actual Load,2026-07-21T00:11:54Z
2026-07-21T00:11:51Z,2026-07-21T02:11:51+0200,ca480415-0e53-4d99-b8f2-f778c2de0ac2,2026-07-09T12:30:00Z,2026-07-09T14:30:00+0200,11304.02,MW,BE,BE,actual_load,Actual Load,2026-07-21T00:11:54Z
2026-07-21T00:11:51Z,2026-07-21T02:11:51+0200,ca480415-0e53-4d99-b8f2-f778c2de0ac2,2026-07-09T12:45:00Z,2026-07-09T14:45:00+0200,11144.42,MW,BE,BE,actual_load,Actual Load,2026-07-21T00:11:54Z
2026-07-21T00:11:51Z,2026-07-21T02:11:51+0200,ca480415-0e53-4d99-b8f2-f778c2de0ac2,2026-07-09T13:00:00Z,2026-07-09T15:00:00+0200,11191.41,MW,BE,BE,actual_load,Actual Load,2026-07-21T00:11:54Z
2026-07-21T00:11:51Z,2026-07-21T02:11:51+0200,ca480415-0e53-4d99-b8f2-f778c2de0ac2,2026-07-09T13:15:00Z,2026-07-09T15:15:00+0200,11075.7,MW,BE,BE,actual_load,Actual Load,2026-07-21T00:11:54Z
2026-07-21T00:11:51Z,2026-07-21T02:11:51+0200,ca480415-0e53-4d99-b8f2-f778c2de0ac2,2026-07-09T13:30:00Z,2026-07-09T15:30:00+0200,11065.8,MW,BE,BE,actual_load,Actual Load,2026-07-21T00:11:54Z
2026-07-21T00:11:51Z,2026-07-21T02:11:51+0200,ca480415-0e53-4d99-b8f2-f778c2de0ac2,2026-07-09T13:45:00Z,2026-07-09T15:45:00+0200,10755.22,MW,BE,BE,actual_load,Actual Load,2026-07-21T00:11:54Z
2026-07-21T00:11:51Z,2026-07-21T02:11:51+0200,ca480415-0e53-4d99-b8f2-f778c2de0ac2,2026-07-09T14:00:00Z,2026-07-09T16:00:00+0200,10597.04,MW,BE,BE,actual_load,Actual Load,2026-07-21T00:11:54Z
2026-07-21T00:11:51Z,2026-07-21T02:11:51+0200,ca480415-0e53-4d99-b8f2-f778c2de0ac2,2026-07-09T14:15:00Z,2026-07-09T16:15:00+0200,10473.22,MW,BE,BE,actual_load,Actual Load,2026-07-21T00:11:54Z
2026-07-21T00:11:51Z,2026-07-21T02:11:51+0200,ca480415-0e53-4d99-b8f2-f778c2de0ac2,2026-07-09T14:30:00Z,2026-07-09T16:30:00+0200,10438.5,MW,BE,BE,actual_load,Actual Load,2026-07-21T00:11:54Z
2026-07-21T00:11:51Z,2026-07-21T02:11:51+0200,ca480415-0e53-4d99-b8f2-f778c2de0ac2,2026-07-09T14:45:00Z,2026-07-09T16:45:00+0200,10486.75,MW,BE,BE,actual_load,Actual Load,2026-07-21T00:11:54Z
2026-07-21T00:11:51Z,2026-07-21T02:11:51+0200,ca480415-0e53-4d99-b8f2-f778c2de0ac2,2026-07-09T15:00:00Z,2026-07-09T17:00:00+0200,10374.29,MW,BE,BE,actual_load,Actual Load,2026-07-21T00:11:54Z
2026-07-21T00:11:51Z,2026-07-21T02:11:51+0200,ca480415-0e53-4d99-b8f2-f778c2de0ac2,2026-07-09T15:15:00Z,2026-07-09T17:15:00+0200,10333.95,MW,BE,BE,actual_load,Actual Load,2026-07-21T00:11:54Z
2026-07-21T00:11:51Z,2026-07-21T02:11:51+0200,ca480415-0e53-4d99-b8f2-f778c2de0ac2,2026-07-09T15:30:00Z,2026-07-09T17:30:00+0200,10476.45,MW,BE,BE,actual_load,Actual Load,2026-07-21T00:11:54Z
2026-07-21T00:11:51Z,2026-07-21T02:11:51+0200,ca480415-0e53-4d99-b8f2-f778c2de0ac2,2026-07-09T15:45:00Z,2026-07-09T17:45:00+0200,10437.64,MW,BE,BE,actual_load,Actual Load,2026-07-21T00:11:54Z
2026-07-21T00:11:51Z,2026-07-21T02:11:51+0200,ca480415-0e53-4d99-b8f2-f778c2de0ac2,2026-07-09T16:00:00Z,2026-07-09T18:00:00+0200,10342.19,MW,BE,BE,actual_load,Actual Load,2026-07-21T00:11:54Z
2026-07-21T00:11:51Z,2026-07-21T02:11:51+0200,ca480415-0e53-4d99-b8f2-f778c2de0ac2,2026-07-09T16:15:00Z,2026-07-09T18:15:00+0200,10253.89,MW,BE,BE,actual_load,Actual Load,2026-07-21T00:11:54Z
2026-07-21T00:11:51Z,2026-07-21T02:11:51+0200,ca480415-0e53-4d99-b8f2-f778c2de0ac2,2026-07-09T16:30:00Z,2026-07-09T18:30:00+0200,10145.47,MW,BE,BE,actual_load,Actual Load,2026-07-21T00:11:54Z
2026-07-21T00:11:51Z,2026-07-21T02:11:51+0200,ca480415-0e53-4d99-b8f2-f778c2de0ac2,2026-07-09T16:45:00Z,2026-07-09T18:45:00+0200,10137.94,MW,BE,BE,actual_load,Actual Load,2026-07-21T00:11:54Z
2026-07-21T00:11:51Z,2026-07-21T02:11:51+0200,ca480415-0e53-4d99-b8f2-f778c2de0ac2,2026-07-09T17:00:00Z,2026-07-09T19:00:00+0200,10253.85,MW,BE,BE,actual_load,Actual Load,2026-07-21T00:11:54Z
2026-07-21T00:11:51Z,2026-07-21T02:11:51+0200,ca480415-0e53-4d99-b8f2-f778c2de0ac2,2026-07-09T17:15:00Z,2026-07-09T19:15:00+0200,10227.67,MW,BE,BE,actual_load,Actual Load,2026-07-21T00:11:54Z
2026-07-21T00:11:51Z,2026-07-21T02:11:51+0200,ca480415-0e53-4d99-b8f2-f778c2de0ac2,2026-07-09T17:30:00Z,2026-07-09T19:30:00+0200,10096.42,MW,BE,BE,actual_load,Actual Load,2026-07-21T00:11:54Z
2026-07-21T00:11:51Z,2026-07-21T02:11:51+0200,ca480415-0e53-4d99-b8f2-f778c2de0ac2,2026-07-09T17:45:00Z,2026-07-09T19:45:00+0200,10081.47,MW,BE,BE,actual_load,Actual Load,2026-07-21T00:11:54Z
2026-07-21T00:11:51Z,2026-07-21T02:11:51+0200,ca480415-0e53-4d99-b8f2-f778c2de0ac2,2026-07-09T18:00:00Z,2026-07-09T20:00:00+0200,10121.12,MW,BE,BE,actual_load,Actual Load,2026-07-21T00:11:54Z
2026-07-21T00:11:51Z,2026-07-21T02:11:51+0200,ca480415-0e53-4d99-b8f2-f778c2de0ac2,2026-07-09T18:15:00Z,2026-07-09T20:15:00+0200,9789.3,MW,BE,BE,actual_load,Actual Load,2026-07-21T00:11:54Z
2026-07-21T00:11:51Z,2026-07-21T02:11:51+0200,ca480415-0e53-4d99-b8f2-f778c2de0ac2,2026-07-09T18:30:00Z,2026-07-09T20:30:00+0200,9743.33,MW,BE,BE,actual_load,Actual Load,2026-07-21T00:11:54Z
2026-07-21T00:11:51Z,2026-07-21T02:11:51+0200,ca480415-0e53-4d99-b8f2-f778c2de0ac2,2026-07-09T18:45:00Z,2026-07-09T20:45:00+0200,9706.6,MW,BE,BE,actual_load,Actual Load,2026-07-21T00:11:54Z
2026-07-21T00:11:51Z,2026-07-21T02:11:51+0200,ca480415-0e53-4d99-b8f2-f778c2de0ac2,2026-07-09T19:00:00Z,2026-07-09T21:00:00+0200,9598.41,MW,BE,BE,actual_load,Actual Load,2026-07-21T00:11:54Z
2026-07-21T00:11:51Z,2026-07-21T02:11:51+0200,ca480415-0e53-4d99-b8f2-f778c2de0ac2,2026-07-09T19:15:00Z,2026-07-09T21:15:00+0200,9508.71,MW,BE,BE,actual_load,Actual Load,2026-07-21T00:11:54Z
2026-07-21T00:11:51Z,2026-07-21T02:11:51+0200,ca480415-0e53-4d99-b8f2-f778c2de0ac2,2026-07-09T19:30:00Z,2026-07-09T21:30:00+0200,9497.03,MW,BE,BE,actual_load,Actual Load,2026-07-21T00:11:54Z
2026-07-21T00:11:51Z,2026-07-21T02:11:51+0200,ca480415-0e53-4d99-b8f2-f778c2de0ac2,2026-07-09T19:45:00Z,2026-07-09T21:45:00+0200,9419.65,MW,BE,BE,actual_load,Actual Load,2026-07-21T00:11:54Z
2026-07-21T00:11:51Z,2026-07-21T02:11:51+0200,ca480415-0e53-4d99-b8f2-f778c2de0ac2,2026-07-09T20:00:00Z,2026-07-09T22:00:00+0200,9439.65,MW,BE,BE,actual_load,Actual Load,2026-07-21T00:11:54Z
2026-07-21T00:11:51Z,2026-07-21T02:11:51+0200,ca480415-0e53-4d99-b8f2-f778c2de0ac2,2026-07-09T20:15:00Z,2026-07-09T22:15:00+0200,9440.25,MW,BE,BE,actual_load,Actual Load,2026-07-21T00:11:54Z
2026-07-21T00:11:51Z,2026-07-21T02:11:51+0200,ca480415-0e53-4d99-b8f2-f778c2de0ac2,2026-07-09T20:30:00Z,2026-07-09T22:30:00+0200,9376.71,MW,BE,BE,actual_load,Actual Load,2026-07-21T00:11:54Z
2026-07-21T00:11:51Z,2026-07-21T02:11:51+0200,ca480415-0e53-4d99-b8f2-f778c2de0ac2,2026-07-09T20:45:00Z,2026-07-09T22:45:00+0200,9282.74,MW,BE,BE,actual_load,Actual Load,2026-07-21T00:11:54Z
2026-07-21T00:11:51Z,2026-07-21T02:11:51+0200,ca480415-0e53-4d99-b8f2-f778c2de0ac2,2026-07-09T21:00:00Z,2026-07-09T23:00:00+0200,9112.34,MW,BE,BE,actual_load,Actual Load,2026-07-21T00:11:54Z
2026-07-21T00:11:51Z,2026-07-21T02:11:51+0200,ca480415-0e53-4d99-b8f2-f778c2de0ac2,2026-07-09T21:15:00Z,2026-07-09T23:15:00+0200,9021.39,MW,BE,BE,actual_load,Actual Load,2026-07-21T00:11:54Z
2026-07-21T00:11:51Z,2026-07-21T02:11:51+0200,ca480415-0e53-4d99-b8f2-f778c2de0ac2,2026-07-09T21:30:00Z,2026-07-09T23:30:00+0200,8945.18,MW,BE,BE,actual_load,Actual Load,2026-07-21T00:11:54Z
2026-07-21T00:11:51Z,2026-07-21T02:11:51+0200,ca480415-0e53-4d99-b8f2-f778c2de0ac2,2026-07-09T21:45:00Z,2026-07-09T23:45:00+0200,8799.35,MW,BE,BE,actual_load,Actual Load,2026-07-21T00:11:54Z
2026-07-21T00:11:51Z,2026-07-21T02:11:51+0200,ca480415-0e53-4d99-b8f2-f778c2de0ac2,2026-07-09T22:00:00Z,2026-07-10T00:00:00+0200,8618.36,MW,BE,BE,actual_load,Actual Load,2026-07-21T00:11:54Z
2026-07-21T00:11:51Z,2026-07-21T02:11:51+0200,ca480415-0e53-4d99-b8f2-f778c2de0ac2,2026-07-09T22:15:00Z,2026-07-10T00:15:00+0200,8455.33,MW,BE,BE,actual_load,Actual Load,2026-07-21T00:11:54Z
2026-07-21T00:11:51Z,2026-07-21T02:11:51+0200,ca480415-0e53-4d99-b8f2-f778c2de0ac2,2026-07-09T22:30:00Z,2026-07-10T00:30:00+0200,8488.05,MW,BE,BE,actual_load,Actual Load,2026-07-21T00:11:54Z
2026-07-21T00:11:51Z,2026-07-21T02:11:51+0200,ca480415-0e53-4d99-b8f2-f778c2de0ac2,2026-07-09T22:45:00Z,2026-07-10T00:45:00+0200,8303.13,MW,BE,BE,actual_load,Actual Load,2026-07-21T00:11:54Z
2026-07-21T00:11:51Z,2026-07-21T02:11:51+0200,ca480415-0e53-4d99-b8f2-f778c2de0ac2,2026-07-09T23:00:00Z,2026-07-10T01:00:00+0200,8311.34,MW,BE,BE,actual_load,Actual Load,2026-07-21T00:11:54Z
2026-07-21T00:11:51Z,2026-07-21T02:11:51+0200,ca480415-0e53-4d99-b8f2-f778c2de0ac2,2026-07-09T23:15:00Z,2026-07-10T01:15:00+0200,8208.37,MW,BE,BE,actual_load,Actual Load,2026-07-21T00:11:54Z
2026-07-21T00:11:51Z,2026-07-21T02:11:51+0200,ca480415-0e53-4d99-b8f2-f778c2de0ac2,2026-07-09T23:30:00Z,2026-07-10T01:30:00+0200,8026.37,MW,BE,BE,actual_load,Actual Load,2026-07-21T00:11:54Z
2026-07-21T00:11:51Z,2026-07-21T02:11:51+0200,ca480415-0e53-4d99-b8f2-f778c2de0ac2,2026-07-09T23:45:00Z,2026-07-10T01:45:00+0200,7941.06,MW,BE,BE,actual_load,Actual Load,2026-07-21T00:11:54Z
2026-07-21T00:11:51Z,2026-07-21T02:11:51+0200,ca480415-0e53-4d99-b8f2-f778c2de0ac2,2026-07-10T00:00:00Z,2026-07-10T02:00:00+0200,8011.32,MW,BE,BE,actual_load,Actual Load,2026-07-21T00:11:54Z
2026-07-21T00:11:51Z,2026-07-21T02:11:51+0200,ca480415-0e53-4d99-b8f2-f778c2de0ac2,2026-07-10T00:15:00Z,2026-07-10T02:15:00+0200,7950.95,MW,BE,BE,actual_load,Actual Load,2026-07-21T00:11:54Z
2026-07-21T00:11:51Z,2026-07-21T02:11:51+0200,ca480415-0e53-4d99-b8f2-f778c2de0ac2,2026-07-10T00:30:00Z,2026-07-10T02:30:00+0200,7947.94,MW,BE,BE,actual_load,Actual Load,2026-07-21T00:11:54Z
2026-07-21T00:11:51Z,2026-07-21T02:11:51+0200,ca480415-0e53-4d99-b8f2-f778c2de0ac2,2026-07-10T00:45:00Z,2026-07-10T02:45:00+0200,7926.83,MW,BE,BE,actual_load,Actual Load,2026-07-21T00:11:54Z
2026-07-21T00:11:51Z,2026-07-21T02:11:51+0200,ca480415-0e53-4d99-b8f2-f778c2de0ac2,2026-07-10T01:00:00Z,2026-07-10T03:00:00+0200,7830.32,MW,BE,BE,actual_load,Actual Load,2026-07-21T00:11:54Z
2026-07-21T00:11:51Z,2026-07-21T02:11:51+0200,ca480415-0e53-4d99-b8f2-f778c2de0ac2,2026-07-10T01:15:00Z,2026-07-10T03:15:00+0200,7835.39,MW,BE,BE,actual_load,Actual Load,2026-07-21T00:11:54Z
2026-07-21T00:11:51Z,2026-07-21T02:11:51+0200,ca480415-0e53-4d99-b8f2-f778c2de0ac2,2026-07-10T01:30:00Z,2026-07-10T03:30:00+0200,7872.67,MW,BE,BE,actual_load,Actual Load,2026-07-21T00:11:54Z
2026-07-21T00:11:51Z,2026-07-21T02:11:51+0200,ca480415-0e53-4d99-b8f2-f778c2de0ac2,2026-07-10T01:45:00Z,2026-07-10T03:45:00+0200,7770.19,MW,BE,BE,actual_load,Actual Load,2026-07-21T00:11:54Z
2026-07-21T00:11:51Z,2026-07-21T02:11:51+0200,ca480415-0e53-4d99-b8f2-f778c2de0ac2,2026-07-10T02:00:00Z,2026-07-10T04:00:00+0200,7861.22,MW,BE,BE,actual_load,Actual Load,2026-07-21T00:11:54Z
2026-07-21T00:11:51Z,2026-07-21T02:11:51+0200,ca480415-0e53-4d99-b8f2-f778c2de0ac2,2026-07-10T02:15:00Z,2026-07-10T04:15:00+0200,7805.54,MW,BE,BE,actual_load,Actual Load,2026-07-21T00:11:54Z
2026-07-21T00:11:51Z,2026-07-21T02:11:51+0200,ca480415-0e53-4d99-b8f2-f778c2de0ac2,2026-07-10T02:30:00Z,2026-07-10T04:30:00+0200,7773.02,MW,BE,BE,actual_load,Actual Load,2026-07-21T00:11:54Z
2026-07-21T00:11:51Z,2026-07-21T02:11:51+0200,ca480415-0e53-4d99-b8f2-f778c2de0ac2,2026-07-10T02:45:00Z,2026-07-10T04:45:00+0200,7879.32,MW,BE,BE,actual_load,Actual Load,2026-07-21T00:11:54Z
2026-07-21T00:11:51Z,2026-07-21T02:11:51+0200,ca480415-0e53-4d99-b8f2-f778c2de0ac2,2026-07-10T03:00:00Z,2026-07-10T05:00:00+0200,7952.61,MW,BE,BE,actual_load,Actual Load,2026-07-21T00:11:54Z
2026-07-21T00:11:51Z,2026-07-21T02:11:51+0200,ca480415-0e53-4d99-b8f2-f778c2de0ac2,2026-07-10T03:15:00Z,2026-07-10T05:15:00+0200,7947.27,MW,BE,BE,actual_load,Actual Load,2026-07-21T00:11:54Z
2026-07-21T00:11:51Z,2026-07-21T02:11:51+0200,ca480415-0e53-4d99-b8f2-f778c2de0ac2,2026-07-10T03:30:00Z,2026-07-10T05:30:00+0200,8034.21,MW,BE,BE,actual_load,Actual Load,2026-07-21T00:11:54Z
2026-07-21T00:11:51Z,2026-07-21T02:11:51+0200,ca480415-0e53-4d99-b8f2-f778c2de0ac2,2026-07-10T03:45:00Z,2026-07-10T05:45:00+0200,8071.76,MW,BE,BE,actual_load,Actual Load,2026-07-21T00:11:54Z
2026-07-21T00:11:51Z,2026-07-21T02:11:51+0200,ca480415-0e53-4d99-b8f2-f778c2de0ac2,2026-07-10T04:00:00Z,2026-07-10T06:00:00+0200,8410.5,MW,BE,BE,actual_load,Actual Load,2026-07-21T00:11:54Z
2026-07-21T00:11:51Z,2026-07-21T02:11:51+0200,ca480415-0e53-4d99-b8f2-f778c2de0ac2,2026-07-10T04:15:00Z,2026-07-10T06:15:00+0200,8563.87,MW,BE,BE,actual_load,Actual Load,2026-07-21T00:11:54Z
2026-07-21T00:11:51Z,2026-07-21T02:11:51+0200,ca480415-0e53-4d99-b8f2-f778c2de0ac2,2026-07-10T04:30:00Z,2026-07-10T06:30:00+0200,8798.63,MW,BE,BE,actual_load,Actual Load,2026-07-21T00:11:54Z
2026-07-21T00:11:51Z,2026-07-21T02:11:51+0200,ca480415-0e53-4d99-b8f2-f778c2de0ac2,2026-07-10T04:45:00Z,2026-07-10T06:45:00+0200,8875.27,MW,BE,BE,actual_load,Actual Load,2026-07-21T00:11:54Z
2026-07-21T00:11:51Z,2026-07-21T02:11:51+0200,ca480415-0e53-4d99-b8f2-f778c2de0ac2,2026-07-10T05:00:00Z,2026-07-10T07:00:00+0200,9132.84,MW,BE,BE,actual_load,Actual Load,2026-07-21T00:11:54Z
2026-07-21T00:11:51Z,2026-07-21T02:11:51+0200,ca480415-0e53-4d99-b8f2-f778c2de0ac2,2026-07-10T05:15:00Z,2026-07-10T07:15:00+0200,9322.3,MW,BE,BE,actual_load,Actual Load,2026-07-21T00:11:54Z
2026-07-21T00:11:51Z,2026-07-21T02:11:51+0200,ca480415-0e53-4d99-b8f2-f778c2de0ac2,2026-07-10T05:30:00Z,2026-07-10T07:30:00+0200,9663.3,MW,BE,BE,actual_load,Actual Load,2026-07-21T00:11:54Z
2026-07-21T00:11:51Z,2026-07-21T02:11:51+0200,ca480415-0e53-4d99-b8f2-f778c2de0ac2,2026-07-10T05:45:00Z,2026-07-10T07:45:00+0200,9713.61,MW,BE,BE,actual_load,Actual Load,2026-07-21T00:11:54Z
2026-07-21T00:11:51Z,2026-07-21T02:11:51+0200,ca480415-0e53-4d99-b8f2-f778c2de0ac2,2026-07-10T06:00:00Z,2026-07-10T08:00:00+0200,9793.58,MW,BE,BE,actual_load,Actual Load,2026-07-21T00:11:54Z
2026-07-21T00:11:51Z,2026-07-21T02:11:51+0200,ca480415-0e53-4d99-b8f2-f778c2de0ac2,2026-07-10T06:15:00Z,2026-07-10T08:15:00+0200,10083.4,MW,BE,BE,actual_load,Actual Load,2026-07-21T00:11:54Z
2026-07-21T00:11:51Z,2026-07-21T02:11:51+0200,ca480415-0e53-4d99-b8f2-f778c2de0ac2,2026-07-10T06:30:00Z,2026-07-10T08:30:00+0200,10248.02,MW,BE,BE,actual_load,Actual Load,2026-07-21T00:11:54Z
2026-07-21T00:11:51Z,2026-07-21T02:11:51+0200,ca480415-0e53-4d99-b8f2-f778c2de0ac2,2026-07-10T06:45:00Z,2026-07-10T08:45:00+0200,10437.12,MW,BE,BE,actual_load,Actual Load,2026-07-21T00:11:54Z
2026-07-21T00:11:51Z,2026-07-21T02:11:51+0200,ca480415-0e53-4d99-b8f2-f778c2de0ac2,2026-07-10T07:00:00Z,2026-07-10T09:00:00+0200,10693.45,MW,BE,BE,actual_load,Actual Load,2026-07-21T00:11:54Z
2026-07-21T00:11:51Z,2026-07-21T02:11:51+0200,ca480415-0e53-4d99-b8f2-f778c2de0ac2,2026-07-10T07:15:00Z,2026-07-10T09:15:00+0200,10535.85,MW,BE,BE,actual_load,Actual Load,2026-07-21T00:11:54Z
2026-07-21T00:11:51Z,2026-07-21T02:11:51+0200,ca480415-0e53-4d99-b8f2-f778c2de0ac2,2026-07-10T07:30:00Z,2026-07-10T09:30:00+0200,10743.09,MW,BE,BE,actual_load,Actual Load,2026-07-21T00:11:54Z
2026-07-21T00:11:51Z,2026-07-21T02:11:51+0200,ca480415-0e53-4d99-b8f2-f778c2de0ac2,2026-07-10T07:45:00Z,2026-07-10T09:45:00+0200,10853.7,MW,BE,BE,actual_load,Actual Load,2026-07-21T00:11:54Z
2026-07-21T00:11:51Z,2026-07-21T02:11:51+0200,ca480415-0e53-4d99-b8f2-f778c2de0ac2,2026-07-10T08:00:00Z,2026-07-10T10:00:00+0200,10704.42,MW,BE,BE,actual_load,Actual Load,2026-07-21T00:11:54Z
2026-07-21T00:11:51Z,2026-07-21T02:11:51+0200,ca480415-0e53-4d99-b8f2-f778c2de0ac2,2026-07-10T08:15:00Z,2026-07-10T10:15:00+0200,10678.14,MW,BE,BE,actual_load,Actual Load,2026-07-21T00:11:54Z
2026-07-21T00:11:51Z,2026-07-21T02:11:51+0200,ca480415-0e53-4d99-b8f2-f778c2de0ac2,2026-07-10T08:30:00Z,2026-07-10T10:30:00+0200,10738.32,MW,BE,BE,actual_load,Actual Load,2026-07-21T00:11:54Z
2026-07-21T00:11:51Z,2026-07-21T02:11:51+0200,ca480415-0e53-4d99-b8f2-f778c2de0ac2,2026-07-10T08:45:00Z,2026-07-10T10:45:00+0200,10782.7,MW,BE,BE,actual_load,Actual Load,2026-07-21T00:11:54Z
2026-07-21T00:11:51Z,2026-07-21T02:11:51+0200,ca480415-0e53-4d99-b8f2-f778c2de0ac2,2026-07-10T09:00:00Z,2026-07-10T11:00:00+0200,11111.02,MW,BE,BE,actual_load,Actual Load,2026-07-21T00:11:54Z
2026-07-21T00:11:51Z,2026-07-21T02:11:51+0200,ca480415-0e53-4d99-b8f2-f778c2de0ac2,2026-07-10T09:15:00Z,2026-07-10T11:15:00+0200,11041.79,MW,BE,BE,actual_load,Actual Load,2026-07-21T00:11:54Z
2026-07-21T00:11:51Z,2026-07-21T02:11:51+0200,ca480415-0e53-4d99-b8f2-f778c2de0ac2,2026-07-10T09:30:00Z,2026-07-10T11:30:00+0200,11151.92,MW,BE,BE,actual_load,Actual Load,2026-07-21T00:11:54Z
2026-07-21T00:11:51Z,2026-07-21T02:11:51+0200,ca480415-0e53-4d99-b8f2-f778c2de0ac2,2026-07-10T09:45:00Z,2026-07-10T11:45:00+0200,11167.71,MW,BE,BE,actual_load,Actual Load,2026-07-21T00:11:54Z
2026-07-21T00:11:51Z,2026-07-21T02:11:51+0200,ca480415-0e53-4d99-b8f2-f778c2de0ac2,2026-07-10T10:00:00Z,2026-07-10T12:00:00+0200,11316.32,MW,BE,BE,actual_load,Actual Load,2026-07-21T00:11:54Z
2026-07-21T00:11:51Z,2026-07-21T02:11:51+0200,ca480415-0e53-4d99-b8f2-f778c2de0ac2,2026-07-10T10:15:00Z,2026-07-10T12:15:00+0200,11181.78,MW,BE,BE,actual_load,Actual Load,2026-07-21T00:11:54Z
2026-07-21T00:11:51Z,2026-07-21T02:11:51+0200,ca480415-0e53-4d99-b8f2-f778c2de0ac2,2026-07-10T10:30:00Z,2026-07-10T12:30:00+0200,11420.61,MW,BE,BE,actual_load,Actual Load,2026-07-21T00:11:54Z
2026-07-21T00:11:51Z,2026-07-21T02:11:51+0200,ca480415-0e53-4d99-b8f2-f778c2de0ac2,2026-07-10T10:45:00Z,2026-07-10T12:45:00+0200,11728.42,MW,BE,BE,actual_load,Actual Load,2026-07-21T00:11:54Z
2026-07-21T00:11:51Z,2026-07-21T02:11:51+0200,ca480415-0e53-4d99-b8f2-f778c2de0ac2,2026-07-10T11:00:00Z,2026-07-10T13:00:00+0200,11568.44,MW,BE,BE,actual_load,Actual Load,2026-07-21T00:11:54Z
2026-07-21T00:11:51Z,2026-07-21T02:11:51+0200,ca480415-0e53-4d99-b8f2-f778c2de0ac2,2026-07-10T11:15:00Z,2026-07-10T13:15:00+0200,11575.13,MW,BE,BE,actual_load,Actual Load,2026-07-21T00:11:54Z
2026-07-21T00:11:51Z,2026-07-21T02:11:51+0200,ca480415-0e53-4d99-b8f2-f778c2de0ac2,2026-07-10T11:30:00Z,2026-07-10T13:30:00+0200,11709.98,MW,BE,BE,actual_load,Actual Load,2026-07-21T00:11:54Z
2026-07-21T00:11:51Z,2026-07-21T02:11:51+0200,ca480415-0e53-4d99-b8f2-f778c2de0ac2,2026-07-10T11:45:00Z,2026-07-10T13:45:00+0200,11591.85,MW,BE,BE,actual_load,Actual Load,2026-07-21T00:11:54Z
2026-07-21T00:11:51Z,2026-07-21T02:11:51+0200,ca480415-0e53-4d99-b8f2-f778c2de0ac2,2026-07-10T12:00:00Z,2026-07-10T14:00:00+0200,11501.88,MW,BE,BE,actual_load,Actual Load,2026-07-21T00:11:54Z
2026-07-21T00:11:51Z,2026-07-21T02:11:51+0200,ca480415-0e53-4d99-b8f2-f778c2de0ac2,2026-07-10T12:15:00Z,2026-07-10T14:15:00+0200,11401.75,MW,BE,BE,actual_load,Actual Load,2026-07-21T00:11:54Z
2026-07-21T00:11:51Z,2026-07-21T02:11:51+0200,ca480415-0e53-4d99-b8f2-f778c2de0ac2,2026-07-10T12:30:00Z,2026-07-10T14:30:00+0200,11196.59,MW,BE,BE,actual_load,Actual Load,2026-07-21T00:11:54Z
2026-07-21T00:11:51Z,2026-07-21T02:11:51+0200,ca480415-0e53-4d99-b8f2-f778c2de0ac2,2026-07-10T12:45:00Z,2026-07-10T14:45:00+0200,11144.31,MW,BE,BE,actual_load,Actual Load,2026-07-21T00:11:54Z
2026-07-21T00:11:51Z,2026-07-21T02:11:51+0200,ca480415-0e53-4d99-b8f2-f778c2de0ac2,2026-07-10T13:00:00Z,2026-07-10T15:00:00+0200,11078.05,MW,BE,BE,actual_load,Actual Load,2026-07-21T00:11:54Z
2026-07-21T00:11:51Z,2026-07-21T02:11:51+0200,ca480415-0e53-4d99-b8f2-f778c2de0ac2,2026-07-10T13:15:00Z,2026-07-10T15:15:00+0200,10916.23,MW,BE,BE,actual_load,Actual Load,2026-07-21T00:11:54Z
2026-07-21T00:11:51Z,2026-07-21T02:11:51+0200,ca480415-0e53-4d99-b8f2-f778c2de0ac2,2026-07-10T13:30:00Z,2026-07-10T15:30:00+0200,10716.73,MW,BE,BE,actual_load,Actual Load,2026-07-21T00:11:54Z
2026-07-21T00:11:51Z,2026-07-21T02:11:51+0200,ca480415-0e53-4d99-b8f2-f778c2de0ac2,2026-07-10T13:45:00Z,2026-07-10T15:45:00+0200,10515.31,MW,BE,BE,actual_load,Actual Load,2026-07-21T00:11:54Z
2026-07-21T00:11:51Z,2026-07-21T02:11:51+0200,ca480415-0e53-4d99-b8f2-f778c2de0ac2,2026-07-10T14:00:00Z,2026-07-10T16:00:00+0200,10537.05,MW,BE,BE,actual_load,Actual Load,2026-07-21T00:11:54Z
2026-07-21T00:11:51Z,2026-07-21T02:11:51+0200,ca480415-0e53-4d99-b8f2-f778c2de0ac2,2026-07-10T14:15:00Z,2026-07-10T16:15:00+0200,10249.53,MW,BE,BE,actual_load,Actual Load,2026-07-21T00:11:54Z
2026-07-21T00:11:51Z,2026-07-21T02:11:51+0200,ca480415-0e53-4d99-b8f2-f778c2de0ac2,2026-07-10T14:30:00Z,2026-07-10T16:30:00+0200,10253.38,MW,BE,BE,actual_load,Actual Load,2026-07-21T00:11:54Z
2026-07-21T00:11:51Z,2026-07-21T02:11:51+0200,ca480415-0e53-4d99-b8f2-f778c2de0ac2,2026-07-10T14:45:00Z,2026-07-10T16:45:00+0200,10331.26,MW,BE,BE,actual_load,Actual Load,2026-07-21T00:11:54Z
2026-07-21T00:11:51Z,2026-07-21T02:11:51+0200,ca480415-0e53-4d99-b8f2-f778c2de0ac2,2026-07-10T15:00:00Z,2026-07-10T17:00:00+0200,10294.06,MW,BE,BE,actual_load,Actual Load,2026-07-21T00:11:54Z
2026-07-21T00:11:51Z,2026-07-21T02:11:51+0200,ca480415-0e53-4d99-b8f2-f778c2de0ac2,2026-07-10T15:15:00Z,2026-07-10T17:15:00+0200,10110.47,MW,BE,BE,actual_load,Actual Load,2026-07-21T00:11:54Z
2026-07-21T00:11:51Z,2026-07-21T02:11:51+0200,ca480415-0e53-4d99-b8f2-f778c2de0ac2,2026-07-10T15:30:00Z,2026-07-10T17:30:00+0200,10191.98,MW,BE,BE,actual_load,Actual Load,2026-07-21T00:11:54Z
2026-07-21T00:11:51Z,2026-07-21T02:11:51+0200,ca480415-0e53-4d99-b8f2-f778c2de0ac2,2026-07-10T15:45:00Z,2026-07-10T17:45:00+0200,10232.73,MW,BE,BE,actual_load,Actual Load,2026-07-21T00:11:54Z
2026-07-21T00:11:51Z,2026-07-21T02:11:51+0200,ca480415-0e53-4d99-b8f2-f778c2de0ac2,2026-07-10T16:00:00Z,2026-07-10T18:00:00+0200,10235.86,MW,BE,BE,actual_load,Actual Load,2026-07-21T00:11:54Z
2026-07-21T00:11:51Z,2026-07-21T02:11:51+0200,ca480415-0e53-4d99-b8f2-f778c2de0ac2,2026-07-10T16:15:00Z,2026-07-10T18:15:00+0200,10131.26,MW,BE,BE,actual_load,Actual Load,2026-07-21T00:11:54Z
2026-07-21T00:11:51Z,2026-07-21T02:11:51+0200,ca480415-0e53-4d99-b8f2-f778c2de0ac2,2026-07-10T16:30:00Z,2026-07-10T18:30:00+0200,10111.63,MW,BE,BE,actual_load,Actual Load,2026-07-21T00:11:54Z
2026-07-21T00:11:51Z,2026-07-21T02:11:51+0200,ca480415-0e53-4d99-b8f2-f778c2de0ac2,2026-07-10T16:45:00Z,2026-07-10T18:45:00+0200,10086.05,MW,BE,BE,actual_load,Actual Load,2026-07-21T00:11:54Z
2026-07-21T00:11:51Z,2026-07-21T02:11:51+0200,ca480415-0e53-4d99-b8f2-f778c2de0ac2,2026-07-10T17:00:00Z,2026-07-10T19:00:00+0200,10079.4,MW,BE,BE,actual_load,Actual Load,2026-07-21T00:11:54Z
2026-07-21T00:11:51Z,2026-07-21T02:11:51+0200,ca480415-0e53-4d99-b8f2-f778c2de0ac2,2026-07-10T17:15:00Z,2026-07-10T19:15:00+0200,10031.56,MW,BE,BE,actual_load,Actual Load,2026-07-21T00:11:54Z
2026-07-21T00:11:51Z,2026-07-21T02:11:51+0200,ca480415-0e53-4d99-b8f2-f778c2de0ac2,2026-07-10T17:30:00Z,2026-07-10T19:30:00+0200,9984.49,MW,BE,BE,actual_load,Actual Load,2026-07-21T00:11:54Z
2026-07-21T00:11:51Z,2026-07-21T02:11:51+0200,ca480415-0e53-4d99-b8f2-f778c2de0ac2,2026-07-10T17:45:00Z,2026-07-10T19:45:00+0200,9822.67,MW,BE,BE,actual_load,Actual Load,2026-07-21T00:11:54Z
2026-07-21T00:11:51Z,2026-07-21T02:11:51+0200,ca480415-0e53-4d99-b8f2-f778c2de0ac2,2026-07-10T18:00:00Z,2026-07-10T20:00:00+0200,9751.86,MW,BE,BE,actual_load,Actual Load,2026-07-21T00:11:54Z
2026-07-21T00:11:51Z,2026-07-21T02:11:51+0200,ca480415-0e53-4d99-b8f2-f778c2de0ac2,2026-07-10T18:15:00Z,2026-07-10T20:15:00+0200,9668.67,MW,BE,BE,actual_load,Actual Load,2026-07-21T00:11:54Z
2026-07-21T00:11:51Z,2026-07-21T02:11:51+0200,ca480415-0e53-4d99-b8f2-f778c2de0ac2,2026-07-10T18:30:00Z,2026-07-10T20:30:00+0200,9572.45,MW,BE,BE,actual_load,Actual Load,2026-07-21T00:11:54Z
2026-07-21T00:11:51Z,2026-07-21T02:11:51+0200,ca480415-0e53-4d99-b8f2-f778c2de0ac2,2026-07-10T18:45:00Z,2026-07-10T20:45:00+0200,9532.59,MW,BE,BE,actual_load,Actual Load,2026-07-21T00:11:54Z
2026-07-21T00:11:51Z,2026-07-21T02:11:51+0200,ca480415-0e53-4d99-b8f2-f778c2de0ac2,2026-07-10T19:00:00Z,2026-07-10T21:00:00+0200,9375.32,MW,BE,BE,actual_load,Actual Load,2026-07-21T00:11:54Z
2026-07-21T00:11:51Z,2026-07-21T02:11:51+0200,ca480415-0e53-4d99-b8f2-f778c2de0ac2,2026-07-10T19:15:00Z,2026-07-10T21:15:00+0200,9253.51,MW,BE,BE,actual_load,Actual Load,2026-07-21T00:11:54Z
2026-07-21T00:11:51Z,2026-07-21T02:11:51+0200,ca480415-0e53-4d99-b8f2-f778c2de0ac2,2026-07-10T19:30:00Z,2026-07-10T21:30:00+0200,9267.5,MW,BE,BE,actual_load,Actual Load,2026-07-21T00:11:54Z
2026-07-21T00:11:51Z,2026-07-21T02:11:51+0200,ca480415-0e53-4d99-b8f2-f778c2de0ac2,2026-07-10T19:45:00Z,2026-07-10T21:45:00+0200,9223.78,MW,BE,BE,actual_load,Actual Load,2026-07-21T00:11:54Z
2026-07-21T00:11:51Z,2026-07-21T02:11:51+0200,ca480415-0e53-4d99-b8f2-f778c2de0ac2,2026-07-10T20:00:00Z,2026-07-10T22:00:00+0200,9263.01,MW,BE,BE,actual_load,Actual Load,2026-07-21T00:11:54Z
2026-07-21T00:11:51Z,2026-07-21T02:11:51+0200,ca480415-0e53-4d99-b8f2-f778c2de0ac2,2026-07-10T20:15:00Z,2026-07-10T22:15:00+0200,9327.03,MW,BE,BE,actual_load,Actual Load,2026-07-21T00:11:54Z
2026-07-21T00:11:51Z,2026-07-21T02:11:51+0200,ca480415-0e53-4d99-b8f2-f778c2de0ac2,2026-07-10T20:30:00Z,2026-07-10T22:30:00+0200,9153.36,MW,BE,BE,actual_load,Actual Load,2026-07-21T00:11:54Z
2026-07-21T00:11:51Z,2026-07-21T02:11:51+0200,ca480415-0e53-4d99-b8f2-f778c2de0ac2,2026-07-10T20:45:00Z,2026-07-10T22:45:00+0200,9106.26,MW,BE,BE,actual_load,Actual Load,2026-07-21T00:11:54Z
2026-07-21T00:11:51Z,2026-07-21T02:11:51+0200,ca480415-0e53-4d99-b8f2-f778c2de0ac2,2026-07-10T21:00:00Z,2026-07-10T23:00:00+0200,9031.36,MW,BE,BE,actual_load,Actual Load,2026-07-21T00:11:54Z
2026-07-21T00:11:51Z,2026-07-21T02:11:51+0200,ca480415-0e53-4d99-b8f2-f778c2de0ac2,2026-07-10T21:15:00Z,2026-07-10T23:15:00+0200,8993.82,MW,BE,BE,actual_load,Actual Load,2026-07-21T00:11:54Z
2026-07-21T00:11:51Z,2026-07-21T02:11:51+0200,ca480415-0e53-4d99-b8f2-f778c2de0ac2,2026-07-10T21:30:00Z,2026-07-10T23:30:00+0200,8928.58,MW,BE,BE,actual_load,Actual Load,2026-07-21T00:11:54Z
2026-07-21T00:11:51Z,2026-07-21T02:11:51+0200,ca480415-0e53-4d99-b8f2-f778c2de0ac2,2026-07-10T21:45:00Z,2026-07-10T23:45:00+0200,8908.03,MW,BE,BE,actual_load,Actual Load,2026-07-21T00:11:54Z
2026-07-21T00:11:51Z,2026-07-21T02:11:51+0200,ca480415-0e53-4d99-b8f2-f778c2de0ac2,2026-07-10T22:00:00Z,2026-07-11T00:00:00+0200,8589.58,MW,BE,BE,actual_load,Actual Load,2026-07-21T00:11:54Z
2026-07-21T00:11:51Z,2026-07-21T02:11:51+0200,ca480415-0e53-4d99-b8f2-f778c2de0ac2,2026-07-10T22:15:00Z,2026-07-11T00:15:00+0200,8346.46,MW,BE,BE,actual_load,Actual Load,2026-07-21T00:11:54Z
2026-07-21T00:11:51Z,2026-07-21T02:11:51+0200,ca480415-0e53-4d99-b8f2-f778c2de0ac2,2026-07-10T22:30:00Z,2026-07-11T00:30:00+0200,8307.55,MW,BE,BE,actual_load,Actual Load,2026-07-21T00:11:54Z
2026-07-21T00:11:51Z,2026-07-21T02:11:51+0200,ca480415-0e53-4d99-b8f2-f778c2de0ac2,2026-07-10T22:45:00Z,2026-07-11T00:45:00+0200,8344.62,MW,BE,BE,actual_load,Actual Load,2026-07-21T00:11:54Z
2026-07-21T00:11:51Z,2026-07-21T02:11:51+0200,ca480415-0e53-4d99-b8f2-f778c2de0ac2,2026-07-10T23:00:00Z,2026-07-11T01:00:00+0200,8319.22,MW,BE,BE,actual_load,Actual Load,2026-07-21T00:11:54Z
2026-07-21T00:11:51Z,2026-07-21T02:11:51+0200,ca480415-0e53-4d99-b8f2-f778c2de0ac2,2026-07-10T23:15:00Z,2026-07-11T01:15:00+0200,8197.79,MW,BE,BE,actual_load,Actual Load,2026-07-21T00:11:54Z
2026-07-21T00:11:51Z,2026-07-21T02:11:51+0200,ca480415-0e53-4d99-b8f2-f778c2de0ac2,2026-07-10T23:30:00Z,2026-07-11T01:30:00+0200,8147.51,MW,BE,BE,actual_load,Actual Load,2026-07-21T00:11:54Z
2026-07-21T00:11:51Z,2026-07-21T02:11:51+0200,ca480415-0e53-4d99-b8f2-f778c2de0ac2,2026-07-10T23:45:00Z,2026-07-11T01:45:00+0200,7973.88,MW,BE,BE,actual_load,Actual Load,2026-07-21T00:11:54Z
2026-07-21T00:11:51Z,2026-07-21T02:11:51+0200,ca480415-0e53-4d99-b8f2-f778c2de0ac2,2026-07-11T00:00:00Z,2026-07-11T02:00:00+0200,7888.91,MW,BE,BE,actual_load,Actual Load,2026-07-21T00:11:54Z
2026-07-21T00:11:51Z,2026-07-21T02:11:51+0200,ca480415-0e53-4d99-b8f2-f778c2de0ac2,2026-07-11T00:15:00Z,2026-07-11T02:15:00+0200,7855.92,MW,BE,BE,actual_load,Actual Load,2026-07-21T00:11:54Z
2026-07-21T00:11:51Z,2026-07-21T02:11:51+0200,ca480415-0e53-4d99-b8f2-f778c2de0ac2,2026-07-11T00:30:00Z,2026-07-11T02:30:00+0200,7971.86,MW,BE,BE,actual_load,Actual Load,2026-07-21T00:11:54Z
2026-07-21T00:11:51Z,2026-07-21T02:11:51+0200,ca480415-0e53-4d99-b8f2-f778c2de0ac2,2026-07-11T00:45:00Z,2026-07-11T02:45:00+0200,7847.12,MW,BE,BE,actual_load,Actual Load,2026-07-21T00:11:54Z
2026-07-21T00:11:51Z,2026-07-21T02:11:51+0200,ca480415-0e53-4d99-b8f2-f778c2de0ac2,2026-07-11T01:00:00Z,2026-07-11T03:00:00+0200,7814.82,MW,BE,BE,actual_load,Actual Load,2026-07-21T00:11:54Z
2026-07-21T00:11:51Z,2026-07-21T02:11:51+0200,ca480415-0e53-4d99-b8f2-f778c2de0ac2,2026-07-11T01:15:00Z,2026-07-11T03:15:00+0200,7812.39,MW,BE,BE,actual_load,Actual Load,2026-07-21T00:11:54Z
2026-07-21T00:11:51Z,2026-07-21T02:11:51+0200,ca480415-0e53-4d99-b8f2-f778c2de0ac2,2026-07-11T01:30:00Z,2026-07-11T03:30:00+0200,7679.73,MW,BE,BE,actual_load,Actual Load,2026-07-21T00:11:54Z
2026-07-21T00:11:51Z,2026-07-21T02:11:51+0200,ca480415-0e53-4d99-b8f2-f778c2de0ac2,2026-07-11T01:45:00Z,2026-07-11T03:45:00+0200,7607.77,MW,BE,BE,actual_load,Actual Load,2026-07-21T00:11:54Z
2026-07-21T00:11:51Z,2026-07-21T02:11:51+0200,ca480415-0e53-4d99-b8f2-f778c2de0ac2,2026-07-11T02:00:00Z,2026-07-11T04:00:00+0200,7733.13,MW,BE,BE,actual_load,Actual Load,2026-07-21T00:11:54Z
2026-07-21T00:11:51Z,2026-07-21T02:11:51+0200,ca480415-0e53-4d99-b8f2-f778c2de0ac2,2026-07-11T02:15:00Z,2026-07-11T04:15:00+0200,7634.36,MW,BE,BE,actual_load,Actual Load,2026-07-21T00:11:54Z
2026-07-21T00:11:51Z,2026-07-21T02:11:51+0200,ca480415-0e53-4d99-b8f2-f778c2de0ac2,2026-07-11T02:30:00Z,2026-07-11T04:30:00+0200,7665.51,MW,BE,BE,actual_load,Actual Load,2026-07-21T00:11:54Z
2026-07-21T00:11:51Z,2026-07-21T02:11:51+0200,ca480415-0e53-4d99-b8f2-f778c2de0ac2,2026-07-11T02:45:00Z,2026-07-11T04:45:00+0200,7657.88,MW,BE,BE,actual_load,Actual Load,2026-07-21T00:11:54Z
2026-07-21T00:11:51Z,2026-07-21T02:11:51+0200,ca480415-0e53-4d99-b8f2-f778c2de0ac2,2026-07-11T03:00:00Z,2026-07-11T05:00:00+0200,7603.93,MW,BE,BE,actual_load,Actual Load,2026-07-21T00:11:54Z
2026-07-21T00:11:51Z,2026-07-21T02:11:51+0200,ca480415-0e53-4d99-b8f2-f778c2de0ac2,2026-07-11T03:15:00Z,2026-07-11T05:15:00+0200,7599.44,MW,BE,BE,actual_load,Actual Load,2026-07-21T00:11:54Z
2026-07-21T00:11:51Z,2026-07-21T02:11:51+0200,ca480415-0e53-4d99-b8f2-f778c2de0ac2,2026-07-11T03:30:00Z,2026-07-11T05:30:00+0200,7475.48,MW,BE,BE,actual_load,Actual Load,2026-07-21T00:11:54Z
2026-07-21T00:11:51Z,2026-07-21T02:11:51+0200,ca480415-0e53-4d99-b8f2-f778c2de0ac2,2026-07-11T03:45:00Z,2026-07-11T05:45:00+0200,7460.94,MW,BE,BE,actual_load,Actual Load,2026-07-21T00:11:54Z
2026-07-21T00:11:51Z,2026-07-21T02:11:51+0200,ca480415-0e53-4d99-b8f2-f778c2de0ac2,2026-07-11T04:00:00Z,2026-07-11T06:00:00+0200,7534.23,MW,BE,BE,actual_load,Actual Load,2026-07-21T00:11:54Z
2026-07-21T00:11:51Z,2026-07-21T02:11:51+0200,ca480415-0e53-4d99-b8f2-f778c2de0ac2,2026-07-11T04:15:00Z,2026-07-11T06:15:00+0200,7701.2,MW,BE,BE,actual_load,Actual Load,2026-07-21T00:11:54Z
2026-07-21T00:11:51Z,2026-07-21T02:11:51+0200,ca480415-0e53-4d99-b8f2-f778c2de0ac2,2026-07-11T04:30:00Z,2026-07-11T06:30:00+0200,7744.15,MW,BE,BE,actual_load,Actual Load,2026-07-21T00:11:54Z
2026-07-21T00:11:51Z,2026-07-21T02:11:51+0200,ca480415-0e53-4d99-b8f2-f778c2de0ac2,2026-07-11T04:45:00Z,2026-07-11T06:45:00+0200,7863.62,MW,BE,BE,actual_load,Actual Load,2026-07-21T00:11:54Z
2026-07-21T00:11:51Z,2026-07-21T02:11:51+0200,ca480415-0e53-4d99-b8f2-f778c2de0ac2,2026-07-11T05:00:00Z,2026-07-11T07:00:00+0200,7809.45,MW,BE,BE,actual_load,Actual Load,2026-07-21T00:11:54Z
2026-07-21T00:11:51Z,2026-07-21T02:11:51+0200,ca480415-0e53-4d99-b8f2-f778c2de0ac2,2026-07-11T05:15:00Z,2026-07-11T07:15:00+0200,7924.77,MW,BE,BE,actual_load,Actual Load,2026-07-21T00:11:54Z
2026-07-21T00:11:51Z,2026-07-21T02:11:51+0200,ca480415-0e53-4d99-b8f2-f778c2de0ac2,2026-07-11T05:30:00Z,2026-07-11T07:30:00+0200,8027.87,MW,BE,BE,actual_load,Actual Load,2026-07-21T00:11:54Z
2026-07-21T00:11:51Z,2026-07-21T02:11:51+0200,ca480415-0e53-4d99-b8f2-f778c2de0ac2,2026-07-11T05:45:00Z,2026-07-11T07:45:00+0200,8073.65,MW,BE,BE,actual_load,Actual Load,2026-07-21T00:11:54Z
2026-07-21T00:11:51Z,2026-07-21T02:11:51+0200,ca480415-0e53-4d99-b8f2-f778c2de0ac2,2026-07-11T06:00:00Z,2026-07-11T08:00:00+0200,7974.22,MW,BE,BE,actual_load,Actual Load,2026-07-21T00:11:54Z
2026-07-21T00:11:51Z,2026-07-21T02:11:51+0200,ca480415-0e53-4d99-b8f2-f778c2de0ac2,2026-07-11T06:15:00Z,2026-07-11T08:15:00+0200,8100.16,MW,BE,BE,actual_load,Actual Load,2026-07-21T00:11:54Z
2026-07-21T00:11:51Z,2026-07-21T02:11:51+0200,ca480415-0e53-4d99-b8f2-f778c2de0ac2,2026-07-11T06:30:00Z,2026-07-11T08:30:00+0200,8215.14,MW,BE,BE,actual_load,Actual Load,2026-07-21T00:11:54Z
2026-07-21T00:11:51Z,2026-07-21T02:11:51+0200,ca480415-0e53-4d99-b8f2-f778c2de0ac2,2026-07-11T06:45:00Z,2026-07-11T08:45:00+0200,8322.83,MW,BE,BE,actual_load,Actual Load,2026-07-21T00:11:54Z
2026-07-21T00:11:51Z,2026-07-21T02:11:51+0200,ca480415-0e53-4d99-b8f2-f778c2de0ac2,2026-07-11T07:00:00Z,2026-07-11T09:00:00+0200,8319.96,MW,BE,BE,actual_load,Actual Load,2026-07-21T00:11:54Z
2026-07-21T00:11:51Z,2026-07-21T02:11:51+0200,ca480415-0e53-4d99-b8f2-f778c2de0ac2,2026-07-11T07:15:00Z,2026-07-11T09:15:00+0200,8469.45,MW,BE,BE,actual_load,Actual Load,2026-07-21T00:11:54Z
2026-07-21T00:11:51Z,2026-07-21T02:11:51+0200,ca480415-0e53-4d99-b8f2-f778c2de0ac2,2026-07-11T07:30:00Z,2026-07-11T09:30:00+0200,8788.4,MW,BE,BE,actual_load,Actual Load,2026-07-21T00:11:54Z
2026-07-21T00:11:51Z,2026-07-21T02:11:51+0200,ca480415-0e53-4d99-b8f2-f778c2de0ac2,2026-07-11T07:45:00Z,2026-07-11T09:45:00+0200,8822.81,MW,BE,BE,actual_load,Actual Load,2026-07-21T00:11:54Z
2026-07-21T00:11:51Z,2026-07-21T02:11:51+0200,ca480415-0e53-4d99-b8f2-f778c2de0ac2,2026-07-11T08:00:00Z,2026-07-11T10:00:00+0200,8856.82,MW,BE,BE,actual_load,Actual Load,2026-07-21T00:11:54Z
2026-07-21T00:11:51Z,2026-07-21T02:11:51+0200,ca480415-0e53-4d99-b8f2-f778c2de0ac2,2026-07-11T08:15:00Z,2026-07-11T10:15:00+0200,9105.03,MW,BE,BE,actual_load,Actual Load,2026-07-21T00:11:54Z
2026-07-21T00:11:51Z,2026-07-21T02:11:51+0200,ca480415-0e53-4d99-b8f2-f778c2de0ac2,2026-07-11T08:30:00Z,2026-07-11T10:30:00+0200,9239.22,MW,BE,BE,actual_load,Actual Load,2026-07-21T00:11:54Z
2026-07-21T00:11:51Z,2026-07-21T02:11:51+0200,ca480415-0e53-4d99-b8f2-f778c2de0ac2,2026-07-11T08:45:00Z,2026-07-11T10:45:00+0200,9388.26,MW,BE,BE,actual_load,Actual Load,2026-07-21T00:11:54Z
2026-07-21T00:11:51Z,2026-07-21T02:11:51+0200,ca480415-0e53-4d99-b8f2-f778c2de0ac2,2026-07-11T09:00:00Z,2026-07-11T11:00:00+0200,9664.02,MW,BE,BE,actual_load,Actual Load,2026-07-21T00:11:54Z
2026-07-21T00:11:51Z,2026-07-21T02:11:51+0200,ca480415-0e53-4d99-b8f2-f778c2de0ac2,2026-07-11T09:15:00Z,2026-07-11T11:15:00+0200,9863.66,MW,BE,BE,actual_load,Actual Load,2026-07-21T00:11:54Z
2026-07-21T00:11:51Z,2026-07-21T02:11:51+0200,ca480415-0e53-4d99-b8f2-f778c2de0ac2,2026-07-11T09:30:00Z,2026-07-11T11:30:00+0200,9979.67,MW,BE,BE,actual_load,Actual Load,2026-07-21T00:11:54Z
2026-07-21T00:11:51Z,2026-07-21T02:11:51+0200,ca480415-0e53-4d99-b8f2-f778c2de0ac2,2026-07-11T09:45:00Z,2026-07-11T11:45:00+0200,9933.25,MW,BE,BE,actual_load,Actual Load,2026-07-21T00:11:54Z
2026-07-21T00:11:51Z,2026-07-21T02:11:51+0200,ca480415-0e53-4d99-b8f2-f778c2de0ac2,2026-07-11T10:00:00Z,2026-07-11T12:00:00+0200,10103.05,MW,BE,BE,actual_load,Actual Load,2026-07-21T00:11:54Z
2026-07-21T00:11:51Z,2026-07-21T02:11:51+0200,ca480415-0e53-4d99-b8f2-f778c2de0ac2,2026-07-11T10:15:00Z,2026-07-11T12:15:00+0200,10088.41,MW,BE,BE,actual_load,Actual Load,2026-07-21T00:11:54Z
2026-07-21T00:11:51Z,2026-07-21T02:11:51+0200,ca480415-0e53-4d99-b8f2-f778c2de0ac2,2026-07-11T10:30:00Z,2026-07-11T12:30:00+0200,10187.4,MW,BE,BE,actual_load,Actual Load,2026-07-21T00:11:54Z
2026-07-21T00:11:51Z,2026-07-21T02:11:51+0200,ca480415-0e53-4d99-b8f2-f778c2de0ac2,2026-07-11T10:45:00Z,2026-07-11T12:45:00+0200,10193.86,MW,BE,BE,actual_load,Actual Load,2026-07-21T00:11:54Z
2026-07-21T00:11:51Z,2026-07-21T02:11:51+0200,ca480415-0e53-4d99-b8f2-f778c2de0ac2,2026-07-11T11:00:00Z,2026-07-11T13:00:00+0200,10060.27,MW,BE,BE,actual_load,Actual Load,2026-07-21T00:11:54Z
2026-07-21T00:11:51Z,2026-07-21T02:11:51+0200,ca480415-0e53-4d99-b8f2-f778c2de0ac2,2026-07-11T11:15:00Z,2026-07-11T13:15:00+0200,10166.4,MW,BE,BE,actual_load,Actual Load,2026-07-21T00:11:54Z
2026-07-21T00:11:51Z,2026-07-21T02:11:51+0200,ca480415-0e53-4d99-b8f2-f778c2de0ac2,2026-07-11T11:30:00Z,2026-07-11T13:30:00+0200,9982.51,MW,BE,BE,actual_load,Actual Load,2026-07-21T00:11:54Z
2026-07-21T00:11:51Z,2026-07-21T02:11:51+0200,ca480415-0e53-4d99-b8f2-f778c2de0ac2,2026-07-11T11:45:00Z,2026-07-11T13:45:00+0200,10061.78,MW,BE,BE,actual_load,Actual Load,2026-07-21T00:11:54Z
2026-07-21T00:11:51Z,2026-07-21T02:11:51+0200,ca480415-0e53-4d99-b8f2-f778c2de0ac2,2026-07-11T12:00:00Z,2026-07-11T14:00:00+0200,9924.76,MW,BE,BE,actual_load,Actual Load,2026-07-21T00:11:54Z
2026-07-21T00:11:51Z,2026-07-21T02:11:51+0200,ca480415-0e53-4d99-b8f2-f778c2de0ac2,2026-07-11T12:15:00Z,2026-07-11T14:15:00+0200,9823.89,MW,BE,BE,actual_load,Actual Load,2026-07-21T00:11:54Z
2026-07-21T00:11:51Z,2026-07-21T02:11:51+0200,ca480415-0e53-4d99-b8f2-f778c2de0ac2,2026-07-11T12:30:00Z,2026-07-11T14:30:00+0200,9787.37,MW,BE,BE,actual_load,Actual Load,2026-07-21T00:11:54Z
2026-07-21T00:11:51Z,2026-07-21T02:11:51+0200,ca480415-0e53-4d99-b8f2-f778c2de0ac2,2026-07-11T12:45:00Z,2026-07-11T14:45:00+0200,9721.66,MW,BE,BE,actual_load,Actual Load,2026-07-21T00:11:54Z
2026-07-21T00:11:51Z,2026-07-21T02:11:51+0200,ca480415-0e53-4d99-b8f2-f778c2de0ac2,2026-07-11T13:00:00Z,2026-07-11T15:00:00+0200,9729.54,MW,BE,BE,actual_load,Actual Load,2026-07-21T00:11:54Z
2026-07-21T00:11:51Z,2026-07-21T02:11:51+0200,ca480415-0e53-4d99-b8f2-f778c2de0ac2,2026-07-11T13:15:00Z,2026-07-11T15:15:00+0200,9624.01,MW,BE,BE,actual_load,Actual Load,2026-07-21T00:11:54Z
2026-07-21T00:11:51Z,2026-07-21T02:11:51+0200,ca480415-0e53-4d99-b8f2-f778c2de0ac2,2026-07-11T13:30:00Z,2026-07-11T15:30:00+0200,9593.82,MW,BE,BE,actual_load,Actual Load,2026-07-21T00:11:54Z
2026-07-21T00:11:51Z,2026-07-21T02:11:51+0200,ca480415-0e53-4d99-b8f2-f778c2de0ac2,2026-07-11T13:45:00Z,2026-07-11T15:45:00+0200,9454.22,MW,BE,BE,actual_load,Actual Load,2026-07-21T00:11:54Z
2026-07-21T00:11:51Z,2026-07-21T02:11:51+0200,ca480415-0e53-4d99-b8f2-f778c2de0ac2,2026-07-11T14:00:00Z,2026-07-11T16:00:00+0200,9361.62,MW,BE,BE,actual_load,Actual Load,2026-07-21T00:11:54Z
2026-07-21T00:11:51Z,2026-07-21T02:11:51+0200,ca480415-0e53-4d99-b8f2-f778c2de0ac2,2026-07-11T14:15:00Z,2026-07-11T16:15:00+0200,9138.28,MW,BE,BE,actual_load,Actual Load,2026-07-21T00:11:54Z
2026-07-21T00:11:51Z,2026-07-21T02:11:51+0200,ca480415-0e53-4d99-b8f2-f778c2de0ac2,2026-07-11T14:30:00Z,2026-07-11T16:30:00+0200,8970.8,MW,BE,BE,actual_load,Actual Load,2026-07-21T00:11:54Z
2026-07-21T00:11:51Z,2026-07-21T02:11:51+0200,ca480415-0e53-4d99-b8f2-f778c2de0ac2,2026-07-11T14:45:00Z,2026-07-11T16:45:00+0200,8956.64,MW,BE,BE,actual_load,Actual Load,2026-07-21T00:11:54Z
2026-07-21T00:11:51Z,2026-07-21T02:11:51+0200,ca480415-0e53-4d99-b8f2-f778c2de0ac2,2026-07-11T15:00:00Z,2026-07-11T17:00:00+0200,8896.9,MW,BE,BE,actual_load,Actual Load,2026-07-21T00:11:54Z
2026-07-21T00:11:51Z,2026-07-21T02:11:51+0200,ca480415-0e53-4d99-b8f2-f778c2de0ac2,2026-07-11T15:15:00Z,2026-07-11T17:15:00+0200,8793.66,MW,BE,BE,actual_load,Actual Load,2026-07-21T00:11:54Z
2026-07-21T00:11:51Z,2026-07-21T02:11:51+0200,ca480415-0e53-4d99-b8f2-f778c2de0ac2,2026-07-11T15:30:00Z,2026-07-11T17:30:00+0200,8772.62,MW,BE,BE,actual_load,Actual Load,2026-07-21T00:11:54Z
2026-07-21T00:11:51Z,2026-07-21T02:11:51+0200,ca480415-0e53-4d99-b8f2-f778c2de0ac2,2026-07-11T15:45:00Z,2026-07-11T17:45:00+0200,8682.59,MW,BE,BE,actual_load,Actual Load,2026-07-21T00:11:54Z
2026-07-21T00:11:51Z,2026-07-21T02:11:51+0200,ca480415-0e53-4d99-b8f2-f778c2de0ac2,2026-07-11T16:00:00Z,2026-07-11T18:00:00+0200,8763.83,MW,BE,BE,actual_load,Actual Load,2026-07-21T00:11:54Z
2026-07-21T00:11:51Z,2026-07-21T02:11:51+0200,ca480415-0e53-4d99-b8f2-f778c2de0ac2,2026-07-11T16:15:00Z,2026-07-11T18:15:00+0200,8727.19,MW,BE,BE,actual_load,Actual Load,2026-07-21T00:11:54Z
2026-07-21T00:11:51Z,2026-07-21T02:11:51+0200,ca480415-0e53-4d99-b8f2-f778c2de0ac2,2026-07-11T16:30:00Z,2026-07-11T18:30:00+0200,8859.47,MW,BE,BE,actual_load,Actual Load,2026-07-21T00:11:54Z
2026-07-21T00:11:51Z,2026-07-21T02:11:51+0200,ca480415-0e53-4d99-b8f2-f778c2de0ac2,2026-07-11T16:45:00Z,2026-07-11T18:45:00+0200,8914.95,MW,BE,BE,actual_load,Actual Load,2026-07-21T00:11:54Z
2026-07-21T00:11:51Z,2026-07-21T02:11:51+0200,ca480415-0e53-4d99-b8f2-f778c2de0ac2,2026-07-11T17:00:00Z,2026-07-11T19:00:00+0200,9082.74,MW,BE,BE,actual_load,Actual Load,2026-07-21T00:11:54Z
2026-07-21T00:11:51Z,2026-07-21T02:11:51+0200,ca480415-0e53-4d99-b8f2-f778c2de0ac2,2026-07-11T17:15:00Z,2026-07-11T19:15:00+0200,9031.91,MW,BE,BE,actual_load,Actual Load,2026-07-21T00:11:54Z
2026-07-21T00:11:51Z,2026-07-21T02:11:51+0200,ca480415-0e53-4d99-b8f2-f778c2de0ac2,2026-07-11T17:30:00Z,2026-07-11T19:30:00+0200,9043.43,MW,BE,BE,actual_load,Actual Load,2026-07-21T00:11:54Z
2026-07-21T00:11:51Z,2026-07-21T02:11:51+0200,ca480415-0e53-4d99-b8f2-f778c2de0ac2,2026-07-11T17:45:00Z,2026-07-11T19:45:00+0200,9092.99,MW,BE,BE,actual_load,Actual Load,2026-07-21T00:11:54Z
2026-07-21T00:11:51Z,2026-07-21T02:11:51+0200,ca480415-0e53-4d99-b8f2-f778c2de0ac2,2026-07-11T18:00:00Z,2026-07-11T20:00:00+0200,9177.77,MW,BE,BE,actual_load,Actual Load,2026-07-21T00:11:54Z
2026-07-21T00:11:51Z,2026-07-21T02:11:51+0200,ca480415-0e53-4d99-b8f2-f778c2de0ac2,2026-07-11T18:15:00Z,2026-07-11T20:15:00+0200,9092.48,MW,BE,BE,actual_load,Actual Load,2026-07-21T00:11:54Z
2026-07-21T00:11:51Z,2026-07-21T02:11:51+0200,ca480415-0e53-4d99-b8f2-f778c2de0ac2,2026-07-11T18:30:00Z,2026-07-11T20:30:00+0200,9022.86,MW,BE,BE,actual_load,Actual Load,2026-07-21T00:11:54Z
2026-07-21T00:11:51Z,2026-07-21T02:11:51+0200,ca480415-0e53-4d99-b8f2-f778c2de0ac2,2026-07-11T18:45:00Z,2026-07-11T20:45:00+0200,8902.68,MW,BE,BE,actual_load,Actual Load,2026-07-21T00:11:54Z
2026-07-21T00:11:51Z,2026-07-21T02:11:51+0200,ca480415-0e53-4d99-b8f2-f778c2de0ac2,2026-07-11T19:00:00Z,2026-07-11T21:00:00+0200,8782.4,MW,BE,BE,actual_load,Actual Load,2026-07-21T00:11:54Z
2026-07-21T00:11:51Z,2026-07-21T02:11:51+0200,ca480415-0e53-4d99-b8f2-f778c2de0ac2,2026-07-11T19:15:00Z,2026-07-11T21:15:00+0200,8643.8,MW,BE,BE,actual_load,Actual Load,2026-07-21T00:11:54Z
2026-07-21T00:11:51Z,2026-07-21T02:11:51+0200,ca480415-0e53-4d99-b8f2-f778c2de0ac2,2026-07-11T19:30:00Z,2026-07-11T21:30:00+0200,8510.24,MW,BE,BE,actual_load,Actual Load,2026-07-21T00:11:54Z
2026-07-21T00:11:51Z,2026-07-21T02:11:51+0200,ca480415-0e53-4d99-b8f2-f778c2de0ac2,2026-07-11T19:45:00Z,2026-07-11T21:45:00+0200,8417.18,MW,BE,BE,actual_load,Actual Load,2026-07-21T00:11:54Z
2026-07-21T00:11:51Z,2026-07-21T02:11:51+0200,ca480415-0e53-4d99-b8f2-f778c2de0ac2,2026-07-11T20:00:00Z,2026-07-11T22:00:00+0200,8537.13,MW,BE,BE,actual_load,Actual Load,2026-07-21T00:11:54Z
2026-07-21T00:11:51Z,2026-07-21T02:11:51+0200,ca480415-0e53-4d99-b8f2-f778c2de0ac2,2026-07-11T20:15:00Z,2026-07-11T22:15:00+0200,8681.97,MW,BE,BE,actual_load,Actual Load,2026-07-21T00:11:54Z
2026-07-21T00:11:51Z,2026-07-21T02:11:51+0200,ca480415-0e53-4d99-b8f2-f778c2de0ac2,2026-07-11T20:30:00Z,2026-07-11T22:30:00+0200,8708.81,MW,BE,BE,actual_load,Actual Load,2026-07-21T00:11:54Z
2026-07-21T00:11:51Z,2026-07-21T02:11:51+0200,ca480415-0e53-4d99-b8f2-f778c2de0ac2,2026-07-11T20:45:00Z,2026-07-11T22:45:00+0200,8601.85,MW,BE,BE,actual_load,Actual Load,2026-07-21T00:11:54Z
2026-07-21T00:11:51Z,2026-07-21T02:11:51+0200,ca480415-0e53-4d99-b8f2-f778c2de0ac2,2026-07-11T21:00:00Z,2026-07-11T23:00:00+0200,8546.29,MW,BE,BE,actual_load,Actual Load,2026-07-21T00:11:54Z
2026-07-21T00:11:51Z,2026-07-21T02:11:51+0200,ca480415-0e53-4d99-b8f2-f778c2de0ac2,2026-07-11T21:15:00Z,2026-07-11T23:15:00+0200,8544.62,MW,BE,BE,actual_load,Actual Load,2026-07-21T00:11:54Z
2026-07-21T00:11:51Z,2026-07-21T02:11:51+0200,ca480415-0e53-4d99-b8f2-f778c2de0ac2,2026-07-11T21:30:00Z,2026-07-11T23:30:00+0200,8407.8,MW,BE,BE,actual_load,Actual Load,2026-07-21T00:11:54Z
2026-07-21T00:11:51Z,2026-07-21T02:11:51+0200,ca480415-0e53-4d99-b8f2-f778c2de0ac2,2026-07-11T21:45:00Z,2026-07-11T23:45:00+0200,8273.83,MW,BE,BE,actual_load,Actual Load,2026-07-21T00:11:54Z
2026-07-21T00:11:51Z,2026-07-21T02:11:51+0200,ca480415-0e53-4d99-b8f2-f778c2de0ac2,2026-07-11T22:00:00Z,2026-07-12T00:00:00+0200,8210.66,MW,BE,BE,actual_load,Actual Load,2026-07-21T00:11:54Z
2026-07-21T00:11:51Z,2026-07-21T02:11:51+0200,ca480415-0e53-4d99-b8f2-f778c2de0ac2,2026-07-11T22:15:00Z,2026-07-12T00:15:00+0200,8072.16,MW,BE,BE,actual_load,Actual Load,2026-07-21T00:11:54Z
2026-07-21T00:11:51Z,2026-07-21T02:11:51+0200,ca480415-0e53-4d99-b8f2-f778c2de0ac2,2026-07-11T22:30:00Z,2026-07-12T00:30:00+0200,7974.53,MW,BE,BE,actual_load,Actual Load,2026-07-21T00:11:54Z
2026-07-21T00:11:51Z,2026-07-21T02:11:51+0200,ca480415-0e53-4d99-b8f2-f778c2de0ac2,2026-07-11T22:45:00Z,2026-07-12T00:45:00+0200,8004.56,MW,BE,BE,actual_load,Actual Load,2026-07-21T00:11:54Z
2026-07-21T00:11:51Z,2026-07-21T02:11:51+0200,ca480415-0e53-4d99-b8f2-f778c2de0ac2,2026-07-11T23:00:00Z,2026-07-12T01:00:00+0200,7973.7,MW,BE,BE,actual_load,Actual Load,2026-07-21T00:11:54Z
2026-07-21T00:11:51Z,2026-07-21T02:11:51+0200,ca480415-0e53-4d99-b8f2-f778c2de0ac2,2026-07-11T23:15:00Z,2026-07-12T01:15:00+0200,7882.63,MW,BE,BE,actual_load,Actual Load,2026-07-21T00:11:54Z
2026-07-21T00:11:51Z,2026-07-21T02:11:51+0200,ca480415-0e53-4d99-b8f2-f778c2de0ac2,2026-07-11T23:30:00Z,2026-07-12T01:30:00+0200,7701.52,MW,BE,BE,actual_load,Actual Load,2026-07-21T00:11:54Z
2026-07-21T00:11:51Z,2026-07-21T02:11:51+0200,ca480415-0e53-4d99-b8f2-f778c2de0ac2,2026-07-11T23:45:00Z,2026-07-12T01:45:00+0200,7624.64,MW,BE,BE,actual_load,Actual Load,2026-07-21T00:11:54Z
2026-07-21T00:11:51Z,2026-07-21T02:11:51+0200,ca480415-0e53-4d99-b8f2-f778c2de0ac2,2026-07-12T00:00:00Z,2026-07-12T02:00:00+0200,7548.49,MW,BE,BE,actual_load,Actual Load,2026-07-21T00:11:54Z
2026-07-21T00:11:51Z,2026-07-21T02:11:51+0200,ca480415-0e53-4d99-b8f2-f778c2de0ac2,2026-07-12T00:15:00Z,2026-07-12T02:15:00+0200,7461.82,MW,BE,BE,actual_load,Actual Load,2026-07-21T00:11:54Z
2026-07-21T00:11:51Z,2026-07-21T02:11:51+0200,ca480415-0e53-4d99-b8f2-f778c2de0ac2,2026-07-12T00:30:00Z,2026-07-12T02:30:00+0200,7422.04,MW,BE,BE,actual_load,Actual Load,2026-07-21T00:11:54Z
2026-07-21T00:11:51Z,2026-07-21T02:11:51+0200,ca480415-0e53-4d99-b8f2-f778c2de0ac2,2026-07-12T00:45:00Z,2026-07-12T02:45:00+0200,7429.12,MW,BE,BE,actual_load,Actual Load,2026-07-21T00:11:54Z
2026-07-21T00:11:51Z,2026-07-21T02:11:51+0200,ca480415-0e53-4d99-b8f2-f778c2de0ac2,2026-07-12T01:00:00Z,2026-07-12T03:00:00+0200,7438.31,MW,BE,BE,actual_load,Actual Load,2026-07-21T00:11:54Z
2026-07-21T00:11:51Z,2026-07-21T02:11:51+0200,ca480415-0e53-4d99-b8f2-f778c2de0ac2,2026-07-12T01:15:00Z,2026-07-12T03:15:00+0200,7438.09,MW,BE,BE,actual_load,Actual Load,2026-07-21T00:11:54Z
2026-07-21T00:11:51Z,2026-07-21T02:11:51+0200,ca480415-0e53-4d99-b8f2-f778c2de0ac2,2026-07-12T01:30:00Z,2026-07-12T03:30:00+0200,7395.71,MW,BE,BE,actual_load,Actual Load,2026-07-21T00:11:54Z
2026-07-21T00:11:51Z,2026-07-21T02:11:51+0200,ca480415-0e53-4d99-b8f2-f778c2de0ac2,2026-07-12T01:45:00Z,2026-07-12T03:45:00+0200,7340.93,MW,BE,BE,actual_load,Actual Load,2026-07-21T00:11:54Z
2026-07-21T00:11:51Z,2026-07-21T02:11:51+0200,ca480415-0e53-4d99-b8f2-f778c2de0ac2,2026-07-12T02:00:00Z,2026-07-12T04:00:00+0200,7301.11,MW,BE,BE,actual_load,Actual Load,2026-07-21T00:11:54Z
2026-07-21T00:11:51Z,2026-07-21T02:11:51+0200,ca480415-0e53-4d99-b8f2-f778c2de0ac2,2026-07-12T02:15:00Z,2026-07-12T04:15:00+0200,7306.79,MW,BE,BE,actual_load,Actual Load,2026-07-21T00:11:54Z
2026-07-21T00:11:51Z,2026-07-21T02:11:51+0200,ca480415-0e53-4d99-b8f2-f778c2de0ac2,2026-07-12T02:30:00Z,2026-07-12T04:30:00+0200,7296.35,MW,BE,BE,actual_load,Actual Load,2026-07-21T00:11:54Z
2026-07-21T00:11:51Z,2026-07-21T02:11:51+0200,ca480415-0e53-4d99-b8f2-f778c2de0ac2,2026-07-12T02:45:00Z,2026-07-12T04:45:00+0200,7306.24,MW,BE,BE,actual_load,Actual Load,2026-07-21T00:11:54Z
2026-07-21T00:11:51Z,2026-07-21T02:11:51+0200,ca480415-0e53-4d99-b8f2-f778c2de0ac2,2026-07-12T03:00:00Z,2026-07-12T05:00:00+0200,7330.88,MW,BE,BE,actual_load,Actual Load,2026-07-21T00:11:54Z
2026-07-21T00:11:51Z,2026-07-21T02:11:51+0200,ca480415-0e53-4d99-b8f2-f778c2de0ac2,2026-07-12T03:15:00Z,2026-07-12T05:15:00+0200,7208.51,MW,BE,BE,actual_load,Actual Load,2026-07-21T00:11:54Z
2026-07-21T00:11:51Z,2026-07-21T02:11:51+0200,ca480415-0e53-4d99-b8f2-f778c2de0ac2,2026-07-12T03:30:00Z,2026-07-12T05:30:00+0200,7262.4,MW,BE,BE,actual_load,Actual Load,2026-07-21T00:11:54Z
2026-07-21T00:11:51Z,2026-07-21T02:11:51+0200,ca480415-0e53-4d99-b8f2-f778c2de0ac2,2026-07-12T03:45:00Z,2026-07-12T05:45:00+0200,7241.72,MW,BE,BE,actual_load,Actual Load,2026-07-21T00:11:54Z
2026-07-21T00:11:51Z,2026-07-21T02:11:51+0200,ca480415-0e53-4d99-b8f2-f778c2de0ac2,2026-07-12T04:00:00Z,2026-07-12T06:00:00+0200,7234.69,MW,BE,BE,actual_load,Actual Load,2026-07-21T00:11:54Z
2026-07-21T00:11:51Z,2026-07-21T02:11:51+0200,ca480415-0e53-4d99-b8f2-f778c2de0ac2,2026-07-12T04:15:00Z,2026-07-12T06:15:00+0200,7229.7,MW,BE,BE,actual_load,Actual Load,2026-07-21T00:11:54Z
2026-07-21T00:11:51Z,2026-07-21T02:11:51+0200,ca480415-0e53-4d99-b8f2-f778c2de0ac2,2026-07-12T04:30:00Z,2026-07-12T06:30:00+0200,7336.43,MW,BE,BE,actual_load,Actual Load,2026-07-21T00:11:54Z
2026-07-21T00:11:51Z,2026-07-21T02:11:51+0200,ca480415-0e53-4d99-b8f2-f778c2de0ac2,2026-07-12T04:45:00Z,2026-07-12T06:45:00+0200,7345.42,MW,BE,BE,actual_load,Actual Load,2026-07-21T00:11:54Z
2026-07-21T00:11:51Z,2026-07-21T02:11:51+0200,ca480415-0e53-4d99-b8f2-f778c2de0ac2,2026-07-12T05:00:00Z,2026-07-12T07:00:00+0200,7300.59,MW,BE,BE,actual_load,Actual Load,2026-07-21T00:11:54Z
2026-07-21T00:11:51Z,2026-07-21T02:11:51+0200,ca480415-0e53-4d99-b8f2-f778c2de0ac2,2026-07-12T05:15:00Z,2026-07-12T07:15:00+0200,7389.74,MW,BE,BE,actual_load,Actual Load,2026-07-21T00:11:54Z
2026-07-21T00:11:51Z,2026-07-21T02:11:51+0200,ca480415-0e53-4d99-b8f2-f778c2de0ac2,2026-07-12T05:30:00Z,2026-07-12T07:30:00+0200,7348.68,MW,BE,BE,actual_load,Actual Load,2026-07-21T00:11:54Z
2026-07-21T00:11:51Z,2026-07-21T02:11:51+0200,ca480415-0e53-4d99-b8f2-f778c2de0ac2,2026-07-12T05:45:00Z,2026-07-12T07:45:00+0200,7430.84,MW,BE,BE,actual_load,Actual Load,2026-07-21T00:11:54Z
2026-07-21T00:11:51Z,2026-07-21T02:11:51+0200,ca480415-0e53-4d99-b8f2-f778c2de0ac2,2026-07-12T06:00:00Z,2026-07-12T08:00:00+0200,7498.34,MW,BE,BE,actual_load,Actual Load,2026-07-21T00:11:54Z
2026-07-21T00:11:51Z,2026-07-21T02:11:51+0200,ca480415-0e53-4d99-b8f2-f778c2de0ac2,2026-07-12T06:15:00Z,2026-07-12T08:15:00+0200,7629.68,MW,BE,BE,actual_load,Actual Load,2026-07-21T00:11:54Z
2026-07-21T00:11:51Z,2026-07-21T02:11:51+0200,ca480415-0e53-4d99-b8f2-f778c2de0ac2,2026-07-12T06:30:00Z,2026-07-12T08:30:00+0200,7778.9,MW,BE,BE,actual_load,Actual Load,2026-07-21T00:11:54Z
2026-07-21T00:11:51Z,2026-07-21T02:11:51+0200,ca480415-0e53-4d99-b8f2-f778c2de0ac2,2026-07-12T06:45:00Z,2026-07-12T08:45:00+0200,8002.18,MW,BE,BE,actual_load,Actual Load,2026-07-21T00:11:54Z
2026-07-21T00:11:51Z,2026-07-21T02:11:51+0200,ca480415-0e53-4d99-b8f2-f778c2de0ac2,2026-07-12T07:00:00Z,2026-07-12T09:00:00+0200,8067.25,MW,BE,BE,actual_load,Actual Load,2026-07-21T00:11:54Z
2026-07-21T00:11:51Z,2026-07-21T02:11:51+0200,ca480415-0e53-4d99-b8f2-f778c2de0ac2,2026-07-12T07:15:00Z,2026-07-12T09:15:00+0200,8282.68,MW,BE,BE,actual_load,Actual Load,2026-07-21T00:11:54Z
2026-07-21T00:11:51Z,2026-07-21T02:11:51+0200,ca480415-0e53-4d99-b8f2-f778c2de0ac2,2026-07-12T07:30:00Z,2026-07-12T09:30:00+0200,8413.79,MW,BE,BE,actual_load,Actual Load,2026-07-21T00:11:54Z
2026-07-21T00:11:51Z,2026-07-21T02:11:51+0200,ca480415-0e53-4d99-b8f2-f778c2de0ac2,2026-07-12T07:45:00Z,2026-07-12T09:45:00+0200,8626.13,MW,BE,BE,actual_load,Actual Load,2026-07-21T00:11:54Z
2026-07-21T00:11:51Z,2026-07-21T02:11:51+0200,ca480415-0e53-4d99-b8f2-f778c2de0ac2,2026-07-12T08:00:00Z,2026-07-12T10:00:00+0200,8661.8,MW,BE,BE,actual_load,Actual Load,2026-07-21T00:11:54Z
2026-07-21T00:11:51Z,2026-07-21T02:11:51+0200,ca480415-0e53-4d99-b8f2-f778c2de0ac2,2026-07-12T08:15:00Z,2026-07-12T10:15:00+0200,8845.98,MW,BE,BE,actual_load,Actual Load,2026-07-21T00:11:54Z
2026-07-21T00:11:51Z,2026-07-21T02:11:51+0200,ca480415-0e53-4d99-b8f2-f778c2de0ac2,2026-07-12T08:30:00Z,2026-07-12T10:30:00+0200,8993.31,MW,BE,BE,actual_load,Actual Load,2026-07-21T00:11:54Z
2026-07-21T00:11:51Z,2026-07-21T02:11:51+0200,ca480415-0e53-4d99-b8f2-f778c2de0ac2,2026-07-12T08:45:00Z,2026-07-12T10:45:00+0200,9116.46,MW,BE,BE,actual_load,Actual Load,2026-07-21T00:11:54Z
2026-07-21T00:11:51Z,2026-07-21T02:11:51+0200,ca480415-0e53-4d99-b8f2-f778c2de0ac2,2026-07-12T09:00:00Z,2026-07-12T11:00:00+0200,9116.06,MW,BE,BE,actual_load,Actual Load,2026-07-21T00:11:54Z
2026-07-21T00:11:51Z,2026-07-21T02:11:51+0200,ca480415-0e53-4d99-b8f2-f778c2de0ac2,2026-07-12T09:15:00Z,2026-07-12T11:15:00+0200,9389.69,MW,BE,BE,actual_load,Actual Load,2026-07-21T00:11:54Z
2026-07-21T00:11:51Z,2026-07-21T02:11:51+0200,ca480415-0e53-4d99-b8f2-f778c2de0ac2,2026-07-12T09:30:00Z,2026-07-12T11:30:00+0200,9577.29,MW,BE,BE,actual_load,Actual Load,2026-07-21T00:11:54Z
2026-07-21T00:11:51Z,2026-07-21T02:11:51+0200,ca480415-0e53-4d99-b8f2-f778c2de0ac2,2026-07-12T09:45:00Z,2026-07-12T11:45:00+0200,9689.89,MW,BE,BE,actual_load,Actual Load,2026-07-21T00:11:54Z
2026-07-21T00:11:51Z,2026-07-21T02:11:51+0200,ca480415-0e53-4d99-b8f2-f778c2de0ac2,2026-07-12T10:00:00Z,2026-07-12T12:00:00+0200,9643.88,MW,BE,BE,actual_load,Actual Load,2026-07-21T00:11:54Z
2026-07-21T00:11:51Z,2026-07-21T02:11:51+0200,ca480415-0e53-4d99-b8f2-f778c2de0ac2,2026-07-12T10:15:00Z,2026-07-12T12:15:00+0200,9567.25,MW,BE,BE,actual_load,Actual Load,2026-07-21T00:11:54Z
2026-07-21T00:11:51Z,2026-07-21T02:11:51+0200,ca480415-0e53-4d99-b8f2-f778c2de0ac2,2026-07-12T10:30:00Z,2026-07-12T12:30:00+0200,9682.19,MW,BE,BE,actual_load,Actual Load,2026-07-21T00:11:54Z
2026-07-21T00:11:51Z,2026-07-21T02:11:51+0200,ca480415-0e53-4d99-b8f2-f778c2de0ac2,2026-07-12T10:45:00Z,2026-07-12T12:45:00+0200,9691.87,MW,BE,BE,actual_load,Actual Load,2026-07-21T00:11:54Z
2026-07-21T00:11:51Z,2026-07-21T02:11:51+0200,ca480415-0e53-4d99-b8f2-f778c2de0ac2,2026-07-12T11:00:00Z,2026-07-12T13:00:00+0200,9621.5,MW,BE,BE,actual_load,Actual Load,2026-07-21T00:11:54Z
2026-07-21T00:11:51Z,2026-07-21T02:11:51+0200,ca480415-0e53-4d99-b8f2-f778c2de0ac2,2026-07-12T11:15:00Z,2026-07-12T13:15:00+0200,9838.93,MW,BE,BE,actual_load,Actual Load,2026-07-21T00:11:54Z
2026-07-21T00:11:51Z,2026-07-21T02:11:51+0200,ca480415-0e53-4d99-b8f2-f778c2de0ac2,2026-07-12T11:30:00Z,2026-07-12T13:30:00+0200,9842.77,MW,BE,BE,actual_load,Actual Load,2026-07-21T00:11:54Z
2026-07-21T00:11:51Z,2026-07-21T02:11:51+0200,ca480415-0e53-4d99-b8f2-f778c2de0ac2,2026-07-12T11:45:00Z,2026-07-12T13:45:00+0200,9761.21,MW,BE,BE,actual_load,Actual Load,2026-07-21T00:11:54Z
2026-07-21T00:11:51Z,2026-07-21T02:11:51+0200,ca480415-0e53-4d99-b8f2-f778c2de0ac2,2026-07-12T12:00:00Z,2026-07-12T14:00:00+0200,9830.22,MW,BE,BE,actual_load,Actual Load,2026-07-21T00:11:54Z
2026-07-21T00:11:51Z,2026-07-21T02:11:51+0200,ca480415-0e53-4d99-b8f2-f778c2de0ac2,2026-07-12T12:15:00Z,2026-07-12T14:15:00+0200,9637.0,MW,BE,BE,actual_load,Actual Load,2026-07-21T00:11:54Z
2026-07-21T00:11:51Z,2026-07-21T02:11:51+0200,ca480415-0e53-4d99-b8f2-f778c2de0ac2,2026-07-12T12:30:00Z,2026-07-12T14:30:00+0200,9535.36,MW,BE,BE,actual_load,Actual Load,2026-07-21T00:11:54Z
2026-07-21T00:11:51Z,2026-07-21T02:11:51+0200,ca480415-0e53-4d99-b8f2-f778c2de0ac2,2026-07-12T12:45:00Z,2026-07-12T14:45:00+0200,9618.93,MW,BE,BE,actual_load,Actual Load,2026-07-21T00:11:54Z
2026-07-21T00:11:51Z,2026-07-21T02:11:51+0200,ca480415-0e53-4d99-b8f2-f778c2de0ac2,2026-07-12T13:00:00Z,2026-07-12T15:00:00+0200,9684.84,MW,BE,BE,actual_load,Actual Load,2026-07-21T00:11:54Z
2026-07-21T00:11:51Z,2026-07-21T02:11:51+0200,ca480415-0e53-4d99-b8f2-f778c2de0ac2,2026-07-12T13:15:00Z,2026-07-12T15:15:00+0200,9518.89,MW,BE,BE,actual_load,Actual Load,2026-07-21T00:11:54Z
2026-07-21T00:11:51Z,2026-07-21T02:11:51+0200,ca480415-0e53-4d99-b8f2-f778c2de0ac2,2026-07-12T13:30:00Z,2026-07-12T15:30:00+0200,9329.37,MW,BE,BE,actual_load,Actual Load,2026-07-21T00:11:54Z
2026-07-21T00:11:51Z,2026-07-21T02:11:51+0200,ca480415-0e53-4d99-b8f2-f778c2de0ac2,2026-07-12T13:45:00Z,2026-07-12T15:45:00+0200,9063.92,MW,BE,BE,actual_load,Actual Load,2026-07-21T00:11:54Z
2026-07-21T00:11:51Z,2026-07-21T02:11:51+0200,ca480415-0e53-4d99-b8f2-f778c2de0ac2,2026-07-12T14:00:00Z,2026-07-12T16:00:00+0200,9213.95,MW,BE,BE,actual_load,Actual Load,2026-07-21T00:11:54Z
2026-07-21T00:11:51Z,2026-07-21T02:11:51+0200,ca480415-0e53-4d99-b8f2-f778c2de0ac2,2026-07-12T14:15:00Z,2026-07-12T16:15:00+0200,9092.92,MW,BE,BE,actual_load,Actual Load,2026-07-21T00:11:54Z
2026-07-21T00:11:51Z,2026-07-21T02:11:51+0200,ca480415-0e53-4d99-b8f2-f778c2de0ac2,2026-07-12T14:30:00Z,2026-07-12T16:30:00+0200,9074.95,MW,BE,BE,actual_load,Actual Load,2026-07-21T00:11:54Z
2026-07-21T00:11:51Z,2026-07-21T02:11:51+0200,ca480415-0e53-4d99-b8f2-f778c2de0ac2,2026-07-12T14:45:00Z,2026-07-12T16:45:00+0200,9004.42,MW,BE,BE,actual_load,Actual Load,2026-07-21T00:11:54Z
2026-07-21T00:11:51Z,2026-07-21T02:11:51+0200,ca480415-0e53-4d99-b8f2-f778c2de0ac2,2026-07-12T15:00:00Z,2026-07-12T17:00:00+0200,9002.35,MW,BE,BE,actual_load,Actual Load,2026-07-21T00:11:54Z
2026-07-21T00:11:51Z,2026-07-21T02:11:51+0200,ca480415-0e53-4d99-b8f2-f778c2de0ac2,2026-07-12T15:15:00Z,2026-07-12T17:15:00+0200,9048.57,MW,BE,BE,actual_load,Actual Load,2026-07-21T00:11:54Z
2026-07-21T00:11:51Z,2026-07-21T02:11:51+0200,ca480415-0e53-4d99-b8f2-f778c2de0ac2,2026-07-12T15:30:00Z,2026-07-12T17:30:00+0200,8988.61,MW,BE,BE,actual_load,Actual Load,2026-07-21T00:11:54Z
2026-07-21T00:11:51Z,2026-07-21T02:11:51+0200,ca480415-0e53-4d99-b8f2-f778c2de0ac2,2026-07-12T15:45:00Z,2026-07-12T17:45:00+0200,8988.88,MW,BE,BE,actual_load,Actual Load,2026-07-21T00:11:54Z
2026-07-21T00:11:51Z,2026-07-21T02:11:51+0200,ca480415-0e53-4d99-b8f2-f778c2de0ac2,2026-07-12T16:00:00Z,2026-07-12T18:00:00+0200,8991.95,MW,BE,BE,actual_load,Actual Load,2026-07-21T00:11:54Z
2026-07-21T00:11:51Z,2026-07-21T02:11:51+0200,ca480415-0e53-4d99-b8f2-f778c2de0ac2,2026-07-12T16:15:00Z,2026-07-12T18:15:00+0200,9051.79,MW,BE,BE,actual_load,Actual Load,2026-07-21T00:11:54Z
2026-07-21T00:11:51Z,2026-07-21T02:11:51+0200,ca480415-0e53-4d99-b8f2-f778c2de0ac2,2026-07-12T16:30:00Z,2026-07-12T18:30:00+0200,9171.13,MW,BE,BE,actual_load,Actual Load,2026-07-21T00:11:54Z
2026-07-21T00:11:51Z,2026-07-21T02:11:51+0200,ca480415-0e53-4d99-b8f2-f778c2de0ac2,2026-07-12T16:45:00Z,2026-07-12T18:45:00+0200,9100.18,MW,BE,BE,actual_load,Actual Load,2026-07-21T00:11:54Z
2026-07-21T00:11:51Z,2026-07-21T02:11:51+0200,ca480415-0e53-4d99-b8f2-f778c2de0ac2,2026-07-12T17:00:00Z,2026-07-12T19:00:00+0200,9160.9,MW,BE,BE,actual_load,Actual Load,2026-07-21T00:11:54Z
2026-07-21T00:11:51Z,2026-07-21T02:11:51+0200,ca480415-0e53-4d99-b8f2-f778c2de0ac2,2026-07-12T17:15:00Z,2026-07-12T19:15:00+0200,9189.59,MW,BE,BE,actual_load,Actual Load,2026-07-21T00:11:54Z
2026-07-21T00:11:51Z,2026-07-21T02:11:51+0200,ca480415-0e53-4d99-b8f2-f778c2de0ac2,2026-07-12T17:30:00Z,2026-07-12T19:30:00+0200,9123.35,MW,BE,BE,actual_load,Actual Load,2026-07-21T00:11:54Z
2026-07-21T00:11:51Z,2026-07-21T02:11:51+0200,ca480415-0e53-4d99-b8f2-f778c2de0ac2,2026-07-12T17:45:00Z,2026-07-12T19:45:00+0200,9076.6,MW,BE,BE,actual_load,Actual Load,2026-07-21T00:11:54Z
2026-07-21T00:11:51Z,2026-07-21T02:11:51+0200,ca480415-0e53-4d99-b8f2-f778c2de0ac2,2026-07-12T18:00:00Z,2026-07-12T20:00:00+0200,9236.79,MW,BE,BE,actual_load,Actual Load,2026-07-21T00:11:54Z
2026-07-21T00:11:51Z,2026-07-21T02:11:51+0200,ca480415-0e53-4d99-b8f2-f778c2de0ac2,2026-07-12T18:15:00Z,2026-07-12T20:15:00+0200,9116.34,MW,BE,BE,actual_load,Actual Load,2026-07-21T00:11:54Z
2026-07-21T00:11:51Z,2026-07-21T02:11:51+0200,ca480415-0e53-4d99-b8f2-f778c2de0ac2,2026-07-12T18:30:00Z,2026-07-12T20:30:00+0200,9112.62,MW,BE,BE,actual_load,Actual Load,2026-07-21T00:11:54Z
2026-07-21T00:11:51Z,2026-07-21T02:11:51+0200,ca480415-0e53-4d99-b8f2-f778c2de0ac2,2026-07-12T18:45:00Z,2026-07-12T20:45:00+0200,9178.91,MW,BE,BE,actual_load,Actual Load,2026-07-21T00:11:54Z
2026-07-21T00:11:51Z,2026-07-21T02:11:51+0200,ca480415-0e53-4d99-b8f2-f778c2de0ac2,2026-07-12T19:00:00Z,2026-07-12T21:00:00+0200,9205.13,MW,BE,BE,actual_load,Actual Load,2026-07-21T00:11:54Z
2026-07-21T00:11:51Z,2026-07-21T02:11:51+0200,ca480415-0e53-4d99-b8f2-f778c2de0ac2,2026-07-12T19:15:00Z,2026-07-12T21:15:00+0200,9094.62,MW,BE,BE,actual_load,Actual Load,2026-07-21T00:11:54Z
2026-07-21T00:11:51Z,2026-07-21T02:11:51+0200,ca480415-0e53-4d99-b8f2-f778c2de0ac2,2026-07-12T19:30:00Z,2026-07-12T21:30:00+0200,9045.18,MW,BE,BE,actual_load,Actual Load,2026-07-21T00:11:54Z
2026-07-21T00:11:51Z,2026-07-21T02:11:51+0200,ca480415-0e53-4d99-b8f2-f778c2de0ac2,2026-07-12T19:45:00Z,2026-07-12T21:45:00+0200,8955.58,MW,BE,BE,actual_load,Actual Load,2026-07-21T00:11:54Z
2026-07-21T00:11:51Z,2026-07-21T02:11:51+0200,ca480415-0e53-4d99-b8f2-f778c2de0ac2,2026-07-12T20:00:00Z,2026-07-12T22:00:00+0200,9001.23,MW,BE,BE,actual_load,Actual Load,2026-07-21T00:11:54Z
2026-07-21T00:11:51Z,2026-07-21T02:11:51+0200,ca480415-0e53-4d99-b8f2-f778c2de0ac2,2026-07-12T20:15:00Z,2026-07-12T22:15:00+0200,9009.79,MW,BE,BE,actual_load,Actual Load,2026-07-21T00:11:54Z
2026-07-21T00:11:51Z,2026-07-21T02:11:51+0200,ca480415-0e53-4d99-b8f2-f778c2de0ac2,2026-07-12T20:30:00Z,2026-07-12T22:30:00+0200,8843.61,MW,BE,BE,actual_load,Actual Load,2026-07-21T00:11:54Z
2026-07-21T00:11:51Z,2026-07-21T02:11:51+0200,ca480415-0e53-4d99-b8f2-f778c2de0ac2,2026-07-12T20:45:00Z,2026-07-12T22:45:00+0200,8533.77,MW,BE,BE,actual_load,Actual Load,2026-07-21T00:11:54Z
2026-07-21T00:11:51Z,2026-07-21T02:11:51+0200,ca480415-0e53-4d99-b8f2-f778c2de0ac2,2026-07-12T21:00:00Z,2026-07-12T23:00:00+0200,8548.29,MW,BE,BE,actual_load,Actual Load,2026-07-21T00:11:54Z
2026-07-21T00:11:51Z,2026-07-21T02:11:51+0200,ca480415-0e53-4d99-b8f2-f778c2de0ac2,2026-07-12T21:15:00Z,2026-07-12T23:15:00+0200,8473.66,MW,BE,BE,actual_load,Actual Load,2026-07-21T00:11:54Z
2026-07-21T00:11:51Z,2026-07-21T02:11:51+0200,ca480415-0e53-4d99-b8f2-f778c2de0ac2,2026-07-12T21:30:00Z,2026-07-12T23:30:00+0200,8532.13,MW,BE,BE,actual_load,Actual Load,2026-07-21T00:11:54Z
2026-07-21T00:11:51Z,2026-07-21T02:11:51+0200,ca480415-0e53-4d99-b8f2-f778c2de0ac2,2026-07-12T21:45:00Z,2026-07-12T23:45:00+0200,8403.17,MW,BE,BE,actual_load,Actual Load,2026-07-21T00:11:54Z
2026-07-21T00:11:51Z,2026-07-21T02:11:51+0200,ca480415-0e53-4d99-b8f2-f778c2de0ac2,2026-07-12T22:00:00Z,2026-07-13T00:00:00+0200,8384.75,MW,BE,BE,actual_load,Actual Load,2026-07-21T00:11:54Z
2026-07-21T00:11:51Z,2026-07-21T02:11:51+0200,ca480415-0e53-4d99-b8f2-f778c2de0ac2,2026-07-12T22:15:00Z,2026-07-13T00:15:00+0200,8285.05,MW,BE,BE,actual_load,Actual Load,2026-07-21T00:11:54Z
2026-07-21T00:11:51Z,2026-07-21T02:11:51+0200,ca480415-0e53-4d99-b8f2-f778c2de0ac2,2026-07-12T22:30:00Z,2026-07-13T00:30:00+0200,8233.61,MW,BE,BE,actual_load,Actual Load,2026-07-21T00:11:54Z
2026-07-21T00:11:51Z,2026-07-21T02:11:51+0200,ca480415-0e53-4d99-b8f2-f778c2de0ac2,2026-07-12T22:45:00Z,2026-07-13T00:45:00+0200,8145.66,MW,BE,BE,actual_load,Actual Load,2026-07-21T00:11:54Z
2026-07-21T00:11:51Z,2026-07-21T02:11:51+0200,ca480415-0e53-4d99-b8f2-f778c2de0ac2,2026-07-12T23:00:00Z,2026-07-13T01:00:00+0200,8066.34,MW,BE,BE,actual_load,Actual Load,2026-07-21T00:11:54Z
2026-07-21T00:11:51Z,2026-07-21T02:11:51+0200,ca480415-0e53-4d99-b8f2-f778c2de0ac2,2026-07-12T23:15:00Z,2026-07-13T01:15:00+0200,7928.76,MW,BE,BE,actual_load,Actual Load,2026-07-21T00:11:54Z
2026-07-21T00:11:51Z,2026-07-21T02:11:51+0200,ca480415-0e53-4d99-b8f2-f778c2de0ac2,2026-07-12T23:30:00Z,2026-07-13T01:30:00+0200,7928.45,MW,BE,BE,actual_load,Actual Load,2026-07-21T00:11:54Z
2026-07-21T00:11:51Z,2026-07-21T02:11:51+0200,ca480415-0e53-4d99-b8f2-f778c2de0ac2,2026-07-12T23:45:00Z,2026-07-13T01:45:00+0200,7777.71,MW,BE,BE,actual_load,Actual Load,2026-07-21T00:11:54Z
2026-07-21T00:11:51Z,2026-07-21T02:11:51+0200,ca480415-0e53-4d99-b8f2-f778c2de0ac2,2026-07-13T00:00:00Z,2026-07-13T02:00:00+0200,7726.29,MW,BE,BE,actual_load,Actual Load,2026-07-21T00:11:54Z
2026-07-21T00:11:51Z,2026-07-21T02:11:51+0200,ca480415-0e53-4d99-b8f2-f778c2de0ac2,2026-07-13T00:15:00Z,2026-07-13T02:15:00+0200,7595.03,MW,BE,BE,actual_load,Actual Load,2026-07-21T00:11:54Z
2026-07-21T00:11:51Z,2026-07-21T02:11:51+0200,ca480415-0e53-4d99-b8f2-f778c2de0ac2,2026-07-13T00:30:00Z,2026-07-13T02:30:00+0200,7577.25,MW,BE,BE,actual_load,Actual Load,2026-07-21T00:11:54Z
2026-07-21T00:11:51Z,2026-07-21T02:11:51+0200,ca480415-0e53-4d99-b8f2-f778c2de0ac2,2026-07-13T00:45:00Z,2026-07-13T02:45:00+0200,7527.31,MW,BE,BE,actual_load,Actual Load,2026-07-21T00:11:54Z
2026-07-21T00:11:51Z,2026-07-21T02:11:51+0200,ca480415-0e53-4d99-b8f2-f778c2de0ac2,2026-07-13T01:00:00Z,2026-07-13T03:00:00+0200,7541.41,MW,BE,BE,actual_load,Actual Load,2026-07-21T00:11:54Z
2026-07-21T00:11:51Z,2026-07-21T02:11:51+0200,ca480415-0e53-4d99-b8f2-f778c2de0ac2,2026-07-13T01:15:00Z,2026-07-13T03:15:00+0200,7610.5,MW,BE,BE,actual_load,Actual Load,2026-07-21T00:11:54Z
2026-07-21T00:11:51Z,2026-07-21T02:11:51+0200,ca480415-0e53-4d99-b8f2-f778c2de0ac2,2026-07-13T01:30:00Z,2026-07-13T03:30:00+0200,7510.98,MW,BE,BE,actual_load,Actual Load,2026-07-21T00:11:54Z
2026-07-21T00:11:51Z,2026-07-21T02:11:51+0200,ca480415-0e53-4d99-b8f2-f778c2de0ac2,2026-07-13T01:45:00Z,2026-07-13T03:45:00+0200,7552.29,MW,BE,BE,actual_load,Actual Load,2026-07-21T00:11:54Z
2026-07-21T00:11:51Z,2026-07-21T02:11:51+0200,ca480415-0e53-4d99-b8f2-f778c2de0ac2,2026-07-13T02:00:00Z,2026-07-13T04:00:00+0200,7662.62,MW,BE,BE,actual_load,Actual Load,2026-07-21T00:11:54Z
2026-07-21T00:11:51Z,2026-07-21T02:11:51+0200,ca480415-0e53-4d99-b8f2-f778c2de0ac2,2026-07-13T02:15:00Z,2026-07-13T04:15:00+0200,7559.06,MW,BE,BE,actual_load,Actual Load,2026-07-21T00:11:54Z
2026-07-21T00:11:51Z,2026-07-21T02:11:51+0200,ca480415-0e53-4d99-b8f2-f778c2de0ac2,2026-07-13T02:30:00Z,2026-07-13T04:30:00+0200,7614.68,MW,BE,BE,actual_load,Actual Load,2026-07-21T00:11:54Z
2026-07-21T00:11:51Z,2026-07-21T02:11:51+0200,ca480415-0e53-4d99-b8f2-f778c2de0ac2,2026-07-13T02:45:00Z,2026-07-13T04:45:00+0200,7705.65,MW,BE,BE,actual_load,Actual Load,2026-07-21T00:11:54Z
2026-07-21T00:11:51Z,2026-07-21T02:11:51+0200,ca480415-0e53-4d99-b8f2-f778c2de0ac2,2026-07-13T03:00:00Z,2026-07-13T05:00:00+0200,7756.56,MW,BE,BE,actual_load,Actual Load,2026-07-21T00:11:54Z
2026-07-21T00:11:51Z,2026-07-21T02:11:51+0200,ca480415-0e53-4d99-b8f2-f778c2de0ac2,2026-07-13T03:15:00Z,2026-07-13T05:15:00+0200,7792.86,MW,BE,BE,actual_load,Actual Load,2026-07-21T00:11:54Z
2026-07-21T00:11:51Z,2026-07-21T02:11:51+0200,ca480415-0e53-4d99-b8f2-f778c2de0ac2,2026-07-13T03:30:00Z,2026-07-13T05:30:00+0200,7900.55,MW,BE,BE,actual_load,Actual Load,2026-07-21T00:11:54Z
2026-07-21T00:11:51Z,2026-07-21T02:11:51+0200,ca480415-0e53-4d99-b8f2-f778c2de0ac2,2026-07-13T03:45:00Z,2026-07-13T05:45:00+0200,8040.94,MW,BE,BE,actual_load,Actual Load,2026-07-21T00:11:54Z
2026-07-21T00:11:51Z,2026-07-21T02:11:51+0200,ca480415-0e53-4d99-b8f2-f778c2de0ac2,2026-07-13T04:00:00Z,2026-07-13T06:00:00+0200,8222.75,MW,BE,BE,actual_load,Actual Load,2026-07-21T00:11:54Z
2026-07-21T00:11:51Z,2026-07-21T02:11:51+0200,ca480415-0e53-4d99-b8f2-f778c2de0ac2,2026-07-13T04:15:00Z,2026-07-13T06:15:00+0200,8358.36,MW,BE,BE,actual_load,Actual Load,2026-07-21T00:11:54Z
2026-07-21T00:11:51Z,2026-07-21T02:11:51+0200,ca480415-0e53-4d99-b8f2-f778c2de0ac2,2026-07-13T04:30:00Z,2026-07-13T06:30:00+0200,8568.84,MW,BE,BE,actual_load,Actual Load,2026-07-21T00:11:54Z
2026-07-21T00:11:51Z,2026-07-21T02:11:51+0200,ca480415-0e53-4d99-b8f2-f778c2de0ac2,2026-07-13T04:45:00Z,2026-07-13T06:45:00+0200,8622.1,MW,BE,BE,actual_load,Actual Load,2026-07-21T00:11:54Z
2026-07-21T00:11:51Z,2026-07-21T02:11:51+0200,ca480415-0e53-4d99-b8f2-f778c2de0ac2,2026-07-13T05:00:00Z,2026-07-13T07:00:00+0200,8878.03,MW,BE,BE,actual_load,Actual Load,2026-07-21T00:11:54Z
2026-07-21T00:11:51Z,2026-07-21T02:11:51+0200,ca480415-0e53-4d99-b8f2-f778c2de0ac2,2026-07-13T05:15:00Z,2026-07-13T07:15:00+0200,9054.09,MW,BE,BE,actual_load,Actual Load,2026-07-21T00:11:54Z
2026-07-21T00:11:51Z,2026-07-21T02:11:51+0200,ca480415-0e53-4d99-b8f2-f778c2de0ac2,2026-07-13T05:30:00Z,2026-07-13T07:30:00+0200,9208.56,MW,BE,BE,actual_load,Actual Load,2026-07-21T00:11:54Z
2026-07-21T00:11:51Z,2026-07-21T02:11:51+0200,ca480415-0e53-4d99-b8f2-f778c2de0ac2,2026-07-13T05:45:00Z,2026-07-13T07:45:00+0200,9345.73,MW,BE,BE,actual_load,Actual Load,2026-07-21T00:11:54Z
2026-07-21T00:11:51Z,2026-07-21T02:11:51+0200,ca480415-0e53-4d99-b8f2-f778c2de0ac2,2026-07-13T06:00:00Z,2026-07-13T08:00:00+0200,9545.58,MW,BE,BE,actual_load,Actual Load,2026-07-21T00:11:54Z
2026-07-21T00:11:51Z,2026-07-21T02:11:51+0200,ca480415-0e53-4d99-b8f2-f778c2de0ac2,2026-07-13T06:15:00Z,2026-07-13T08:15:00+0200,9822.98,MW,BE,BE,actual_load,Actual Load,2026-07-21T00:11:54Z
2026-07-21T00:11:51Z,2026-07-21T02:11:51+0200,ca480415-0e53-4d99-b8f2-f778c2de0ac2,2026-07-13T06:30:00Z,2026-07-13T08:30:00+0200,9959.0,MW,BE,BE,actual_load,Actual Load,2026-07-21T00:11:54Z
2026-07-21T00:11:51Z,2026-07-21T02:11:51+0200,ca480415-0e53-4d99-b8f2-f778c2de0ac2,2026-07-13T06:45:00Z,2026-07-13T08:45:00+0200,10056.12,MW,BE,BE,actual_load,Actual Load,2026-07-21T00:11:54Z
2026-07-21T00:11:51Z,2026-07-21T02:11:51+0200,ca480415-0e53-4d99-b8f2-f778c2de0ac2,2026-07-13T07:00:00Z,2026-07-13T09:00:00+0200,10115.75,MW,BE,BE,actual_load,Actual Load,2026-07-21T00:11:54Z
2026-07-21T00:11:51Z,2026-07-21T02:11:51+0200,ca480415-0e53-4d99-b8f2-f778c2de0ac2,2026-07-13T07:15:00Z,2026-07-13T09:15:00+0200,10219.12,MW,BE,BE,actual_load,Actual Load,2026-07-21T00:11:54Z
2026-07-21T00:11:51Z,2026-07-21T02:11:51+0200,ca480415-0e53-4d99-b8f2-f778c2de0ac2,2026-07-13T07:30:00Z,2026-07-13T09:30:00+0200,10260.57,MW,BE,BE,actual_load,Actual Load,2026-07-21T00:11:54Z
2026-07-21T00:11:51Z,2026-07-21T02:11:51+0200,ca480415-0e53-4d99-b8f2-f778c2de0ac2,2026-07-13T07:45:00Z,2026-07-13T09:45:00+0200,10371.85,MW,BE,BE,actual_load,Actual Load,2026-07-21T00:11:54Z
2026-07-21T00:11:51Z,2026-07-21T02:11:51+0200,ca480415-0e53-4d99-b8f2-f778c2de0ac2,2026-07-13T08:00:00Z,2026-07-13T10:00:00+0200,10400.81,MW,BE,BE,actual_load,Actual Load,2026-07-21T00:11:54Z
2026-07-21T00:11:51Z,2026-07-21T02:11:51+0200,ca480415-0e53-4d99-b8f2-f778c2de0ac2,2026-07-13T08:15:00Z,2026-07-13T10:15:00+0200,10441.94,MW,BE,BE,actual_load,Actual Load,2026-07-21T00:11:54Z
2026-07-21T00:11:51Z,2026-07-21T02:11:51+0200,ca480415-0e53-4d99-b8f2-f778c2de0ac2,2026-07-13T08:30:00Z,2026-07-13T10:30:00+0200,10412.26,MW,BE,BE,actual_load,Actual Load,2026-07-21T00:11:54Z
2026-07-21T00:11:51Z,2026-07-21T02:11:51+0200,ca480415-0e53-4d99-b8f2-f778c2de0ac2,2026-07-13T08:45:00Z,2026-07-13T10:45:00+0200,10431.49,MW,BE,BE,actual_load,Actual Load,2026-07-21T00:11:54Z
2026-07-21T00:11:51Z,2026-07-21T02:11:51+0200,ca480415-0e53-4d99-b8f2-f778c2de0ac2,2026-07-13T09:00:00Z,2026-07-13T11:00:00+0200,10654.43,MW,BE,BE,actual_load,Actual Load,2026-07-21T00:11:54Z
2026-07-21T00:11:51Z,2026-07-21T02:11:51+0200,ca480415-0e53-4d99-b8f2-f778c2de0ac2,2026-07-13T09:15:00Z,2026-07-13T11:15:00+0200,10712.67,MW,BE,BE,actual_load,Actual Load,2026-07-21T00:11:54Z
2026-07-21T00:11:51Z,2026-07-21T02:11:51+0200,ca480415-0e53-4d99-b8f2-f778c2de0ac2,2026-07-13T09:30:00Z,2026-07-13T11:30:00+0200,10879.92,MW,BE,BE,actual_load,Actual Load,2026-07-21T00:11:54Z
2026-07-21T00:11:51Z,2026-07-21T02:11:51+0200,ca480415-0e53-4d99-b8f2-f778c2de0ac2,2026-07-13T09:45:00Z,2026-07-13T11:45:00+0200,11056.94,MW,BE,BE,actual_load,Actual Load,2026-07-21T00:11:54Z
2026-07-21T00:11:51Z,2026-07-21T02:11:51+0200,ca480415-0e53-4d99-b8f2-f778c2de0ac2,2026-07-13T10:00:00Z,2026-07-13T12:00:00+0200,10996.06,MW,BE,BE,actual_load,Actual Load,2026-07-21T00:11:54Z
2026-07-21T00:11:51Z,2026-07-21T02:11:51+0200,ca480415-0e53-4d99-b8f2-f778c2de0ac2,2026-07-13T10:15:00Z,2026-07-13T12:15:00+0200,10941.75,MW,BE,BE,actual_load,Actual Load,2026-07-21T00:11:54Z
2026-07-21T00:11:51Z,2026-07-21T02:11:51+0200,ca480415-0e53-4d99-b8f2-f778c2de0ac2,2026-07-13T10:30:00Z,2026-07-13T12:30:00+0200,10991.95,MW,BE,BE,actual_load,Actual Load,2026-07-21T00:11:54Z
2026-07-21T00:11:51Z,2026-07-21T02:11:51+0200,ca480415-0e53-4d99-b8f2-f778c2de0ac2,2026-07-13T10:45:00Z,2026-07-13T12:45:00+0200,11098.02,MW,BE,BE,actual_load,Actual Load,2026-07-21T00:11:54Z
2026-07-21T00:11:51Z,2026-07-21T02:11:51+0200,ca480415-0e53-4d99-b8f2-f778c2de0ac2,2026-07-13T11:00:00Z,2026-07-13T13:00:00+0200,11192.87,MW,BE,BE,actual_load,Actual Load,2026-07-21T00:11:54Z
2026-07-21T00:11:51Z,2026-07-21T02:11:51+0200,ca480415-0e53-4d99-b8f2-f778c2de0ac2,2026-07-13T11:15:00Z,2026-07-13T13:15:00+0200,11245.72,MW,BE,BE,actual_load,Actual Load,2026-07-21T00:11:54Z
2026-07-21T00:11:51Z,2026-07-21T02:11:51+0200,ca480415-0e53-4d99-b8f2-f778c2de0ac2,2026-07-13T11:30:00Z,2026-07-13T13:30:00+0200,11225.74,MW,BE,BE,actual_load,Actual Load,2026-07-21T00:11:54Z
2026-07-21T00:11:51Z,2026-07-21T02:11:51+0200,ca480415-0e53-4d99-b8f2-f778c2de0ac2,2026-07-13T11:45:00Z,2026-07-13T13:45:00+0200,11169.38,MW,BE,BE,actual_load,Actual Load,2026-07-21T00:11:54Z
2026-07-21T00:11:51Z,2026-07-21T02:11:51+0200,ca480415-0e53-4d99-b8f2-f778c2de0ac2,2026-07-13T12:00:00Z,2026-07-13T14:00:00+0200,10970.34,MW,BE,BE,actual_load,Actual Load,2026-07-21T00:11:54Z
2026-07-21T00:11:51Z,2026-07-21T02:11:51+0200,ca480415-0e53-4d99-b8f2-f778c2de0ac2,2026-07-13T12:15:00Z,2026-07-13T14:15:00+0200,10754.95,MW,BE,BE,actual_load,Actual Load,2026-07-21T00:11:54Z
2026-07-21T00:11:51Z,2026-07-21T02:11:51+0200,ca480415-0e53-4d99-b8f2-f778c2de0ac2,2026-07-13T12:30:00Z,2026-07-13T14:30:00+0200,10638.19,MW,BE,BE,actual_load,Actual Load,2026-07-21T00:11:54Z
2026-07-21T00:11:51Z,2026-07-21T02:11:51+0200,ca480415-0e53-4d99-b8f2-f778c2de0ac2,2026-07-13T12:45:00Z,2026-07-13T14:45:00+0200,10774.76,MW,BE,BE,actual_load,Actual Load,2026-07-21T00:11:54Z
2026-07-21T00:11:51Z,2026-07-21T02:11:51+0200,ca480415-0e53-4d99-b8f2-f778c2de0ac2,2026-07-13T13:00:00Z,2026-07-13T15:00:00+0200,10624.16,MW,BE,BE,actual_load,Actual Load,2026-07-21T00:11:54Z
2026-07-21T00:11:51Z,2026-07-21T02:11:51+0200,ca480415-0e53-4d99-b8f2-f778c2de0ac2,2026-07-13T13:15:00Z,2026-07-13T15:15:00+0200,10607.97,MW,BE,BE,actual_load,Actual Load,2026-07-21T00:11:54Z
2026-07-21T00:11:51Z,2026-07-21T02:11:51+0200,ca480415-0e53-4d99-b8f2-f778c2de0ac2,2026-07-13T13:30:00Z,2026-07-13T15:30:00+0200,10435.35,MW,BE,BE,actual_load,Actual Load,2026-07-21T00:11:54Z
2026-07-21T00:11:51Z,2026-07-21T02:11:51+0200,ca480415-0e53-4d99-b8f2-f778c2de0ac2,2026-07-13T13:45:00Z,2026-07-13T15:45:00+0200,10262.44,MW,BE,BE,actual_load,Actual Load,2026-07-21T00:11:54Z
2026-07-21T00:11:51Z,2026-07-21T02:11:51+0200,ca480415-0e53-4d99-b8f2-f778c2de0ac2,2026-07-13T14:00:00Z,2026-07-13T16:00:00+0200,10191.3,MW,BE,BE,actual_load,Actual Load,2026-07-21T00:11:54Z
2026-07-21T00:11:51Z,2026-07-21T02:11:51+0200,ca480415-0e53-4d99-b8f2-f778c2de0ac2,2026-07-13T14:15:00Z,2026-07-13T16:15:00+0200,10085.77,MW,BE,BE,actual_load,Actual Load,2026-07-21T00:11:54Z
2026-07-21T00:11:51Z,2026-07-21T02:11:51+0200,ca480415-0e53-4d99-b8f2-f778c2de0ac2,2026-07-13T14:30:00Z,2026-07-13T16:30:00+0200,10005.01,MW,BE,BE,actual_load,Actual Load,2026-07-21T00:11:54Z
2026-07-21T00:11:51Z,2026-07-21T02:11:51+0200,ca480415-0e53-4d99-b8f2-f778c2de0ac2,2026-07-13T14:45:00Z,2026-07-13T16:45:00+0200,9962.44,MW,BE,BE,actual_load,Actual Load,2026-07-21T00:11:54Z
2026-07-21T00:11:51Z,2026-07-21T02:11:51+0200,ca480415-0e53-4d99-b8f2-f778c2de0ac2,2026-07-13T15:00:00Z,2026-07-13T17:00:00+0200,10000.7,MW,BE,BE,actual_load,Actual Load,2026-07-21T00:11:54Z
2026-07-21T00:11:51Z,2026-07-21T02:11:51+0200,ca480415-0e53-4d99-b8f2-f778c2de0ac2,2026-07-13T15:15:00Z,2026-07-13T17:15:00+0200,9943.24,MW,BE,BE,actual_load,Actual Load,2026-07-21T00:11:54Z
2026-07-21T00:11:51Z,2026-07-21T02:11:51+0200,ca480415-0e53-4d99-b8f2-f778c2de0ac2,2026-07-13T15:30:00Z,2026-07-13T17:30:00+0200,10076.92,MW,BE,BE,actual_load,Actual Load,2026-07-21T00:11:54Z
2026-07-21T00:11:51Z,2026-07-21T02:11:51+0200,ca480415-0e53-4d99-b8f2-f778c2de0ac2,2026-07-13T15:45:00Z,2026-07-13T17:45:00+0200,10059.4,MW,BE,BE,actual_load,Actual Load,2026-07-21T00:11:54Z
2026-07-21T00:11:51Z,2026-07-21T02:11:51+0200,ca480415-0e53-4d99-b8f2-f778c2de0ac2,2026-07-13T16:00:00Z,2026-07-13T18:00:00+0200,10142.31,MW,BE,BE,actual_load,Actual Load,2026-07-21T00:11:54Z
2026-07-21T00:11:51Z,2026-07-21T02:11:51+0200,ca480415-0e53-4d99-b8f2-f778c2de0ac2,2026-07-13T16:15:00Z,2026-07-13T18:15:00+0200,10125.66,MW,BE,BE,actual_load,Actual Load,2026-07-21T00:11:54Z
2026-07-21T00:11:51Z,2026-07-21T02:11:51+0200,ca480415-0e53-4d99-b8f2-f778c2de0ac2,2026-07-13T16:30:00Z,2026-07-13T18:30:00+0200,10131.24,MW,BE,BE,actual_load,Actual Load,2026-07-21T00:11:54Z
2026-07-21T00:11:51Z,2026-07-21T02:11:51+0200,ca480415-0e53-4d99-b8f2-f778c2de0ac2,2026-07-13T16:45:00Z,2026-07-13T18:45:00+0200,10081.33,MW,BE,BE,actual_load,Actual Load,2026-07-21T00:11:54Z
2026-07-21T00:11:51Z,2026-07-21T02:11:51+0200,ca480415-0e53-4d99-b8f2-f778c2de0ac2,2026-07-13T17:00:00Z,2026-07-13T19:00:00+0200,10147.64,MW,BE,BE,actual_load,Actual Load,2026-07-21T00:11:54Z
2026-07-21T00:11:51Z,2026-07-21T02:11:51+0200,ca480415-0e53-4d99-b8f2-f778c2de0ac2,2026-07-13T17:15:00Z,2026-07-13T19:15:00+0200,10067.02,MW,BE,BE,actual_load,Actual Load,2026-07-21T00:11:54Z
2026-07-21T00:11:51Z,2026-07-21T02:11:51+0200,ca480415-0e53-4d99-b8f2-f778c2de0ac2,2026-07-13T17:30:00Z,2026-07-13T19:30:00+0200,10083.53,MW,BE,BE,actual_load,Actual Load,2026-07-21T00:11:54Z
2026-07-21T00:11:51Z,2026-07-21T02:11:51+0200,ca480415-0e53-4d99-b8f2-f778c2de0ac2,2026-07-13T17:45:00Z,2026-07-13T19:45:00+0200,9981.78,MW,BE,BE,actual_load,Actual Load,2026-07-21T00:11:54Z
2026-07-21T00:11:51Z,2026-07-21T02:11:51+0200,ca480415-0e53-4d99-b8f2-f778c2de0ac2,2026-07-13T18:00:00Z,2026-07-13T20:00:00+0200,9897.02,MW,BE,BE,actual_load,Actual Load,2026-07-21T00:11:54Z
2026-07-21T00:11:51Z,2026-07-21T02:11:51+0200,ca480415-0e53-4d99-b8f2-f778c2de0ac2,2026-07-13T18:15:00Z,2026-07-13T20:15:00+0200,9766.06,MW,BE,BE,actual_load,Actual Load,2026-07-21T00:11:54Z
2026-07-21T00:11:51Z,2026-07-21T02:11:51+0200,ca480415-0e53-4d99-b8f2-f778c2de0ac2,2026-07-13T18:30:00Z,2026-07-13T20:30:00+0200,9685.03,MW,BE,BE,actual_load,Actual Load,2026-07-21T00:11:54Z
2026-07-21T00:11:51Z,2026-07-21T02:11:51+0200,ca480415-0e53-4d99-b8f2-f778c2de0ac2,2026-07-13T18:45:00Z,2026-07-13T20:45:00+0200,9518.86,MW,BE,BE,actual_load,Actual Load,2026-07-21T00:11:54Z
2026-07-21T00:11:51Z,2026-07-21T02:11:51+0200,ca480415-0e53-4d99-b8f2-f778c2de0ac2,2026-07-13T19:00:00Z,2026-07-13T21:00:00+0200,9469.01,MW,BE,BE,actual_load,Actual Load,2026-07-21T00:11:54Z
2026-07-21T00:11:51Z,2026-07-21T02:11:51+0200,ca480415-0e53-4d99-b8f2-f778c2de0ac2,2026-07-13T19:15:00Z,2026-07-13T21:15:00+0200,9380.71,MW,BE,BE,actual_load,Actual Load,2026-07-21T00:11:54Z
2026-07-21T00:11:51Z,2026-07-21T02:11:51+0200,ca480415-0e53-4d99-b8f2-f778c2de0ac2,2026-07-13T19:30:00Z,2026-07-13T21:30:00+0200,9450.67,MW,BE,BE,actual_load,Actual Load,2026-07-21T00:11:54Z
2026-07-21T00:11:51Z,2026-07-21T02:11:51+0200,ca480415-0e53-4d99-b8f2-f778c2de0ac2,2026-07-13T19:45:00Z,2026-07-13T21:45:00+0200,9470.13,MW,BE,BE,actual_load,Actual Load,2026-07-21T00:11:54Z
2026-07-21T00:11:51Z,2026-07-21T02:11:51+0200,ca480415-0e53-4d99-b8f2-f778c2de0ac2,2026-07-13T20:00:00Z,2026-07-13T22:00:00+0200,9417.42,MW,BE,BE,actual_load,Actual Load,2026-07-21T00:11:54Z
2026-07-21T00:11:51Z,2026-07-21T02:11:51+0200,ca480415-0e53-4d99-b8f2-f778c2de0ac2,2026-07-13T20:15:00Z,2026-07-13T22:15:00+0200,9494.91,MW,BE,BE,actual_load,Actual Load,2026-07-21T00:11:54Z
2026-07-21T00:11:51Z,2026-07-21T02:11:51+0200,ca480415-0e53-4d99-b8f2-f778c2de0ac2,2026-07-13T20:30:00Z,2026-07-13T22:30:00+0200,9390.26,MW,BE,BE,actual_load,Actual Load,2026-07-21T00:11:54Z
2026-07-21T00:11:51Z,2026-07-21T02:11:51+0200,ca480415-0e53-4d99-b8f2-f778c2de0ac2,2026-07-13T20:45:00Z,2026-07-13T22:45:00+0200,9216.17,MW,BE,BE,actual_load,Actual Load,2026-07-21T00:11:54Z
2026-07-21T00:11:51Z,2026-07-21T02:11:51+0200,ca480415-0e53-4d99-b8f2-f778c2de0ac2,2026-07-13T21:00:00Z,2026-07-13T23:00:00+0200,9101.79,MW,BE,BE,actual_load,Actual Load,2026-07-21T00:11:54Z
2026-07-21T00:11:51Z,2026-07-21T02:11:51+0200,ca480415-0e53-4d99-b8f2-f778c2de0ac2,2026-07-13T21:15:00Z,2026-07-13T23:15:00+0200,9030.92,MW,BE,BE,actual_load,Actual Load,2026-07-21T00:11:54Z
2026-07-21T00:11:51Z,2026-07-21T02:11:51+0200,ca480415-0e53-4d99-b8f2-f778c2de0ac2,2026-07-13T21:30:00Z,2026-07-13T23:30:00+0200,8865.23,MW,BE,BE,actual_load,Actual Load,2026-07-21T00:11:54Z
2026-07-21T00:11:51Z,2026-07-21T02:11:51+0200,ca480415-0e53-4d99-b8f2-f778c2de0ac2,2026-07-13T21:45:00Z,2026-07-13T23:45:00+0200,8623.17,MW,BE,BE,actual_load,Actual Load,2026-07-21T00:11:54Z
2026-07-21T00:11:51Z,2026-07-21T02:11:51+0200,ca480415-0e53-4d99-b8f2-f778c2de0ac2,2026-07-13T22:00:00Z,2026-07-14T00:00:00+0200,8626.67,MW,BE,BE,actual_load,Actual Load,2026-07-21T00:11:54Z
2026-07-21T00:11:51Z,2026-07-21T02:11:51+0200,ca480415-0e53-4d99-b8f2-f778c2de0ac2,2026-07-13T22:15:00Z,2026-07-14T00:15:00+0200,8506.18,MW,BE,BE,actual_load,Actual Load,2026-07-21T00:11:54Z
2026-07-21T00:11:51Z,2026-07-21T02:11:51+0200,ca480415-0e53-4d99-b8f2-f778c2de0ac2,2026-07-13T22:30:00Z,2026-07-14T00:30:00+0200,8390.82,MW,BE,BE,actual_load,Actual Load,2026-07-21T00:11:54Z
2026-07-21T00:11:51Z,2026-07-21T02:11:51+0200,ca480415-0e53-4d99-b8f2-f778c2de0ac2,2026-07-13T22:45:00Z,2026-07-14T00:45:00+0200,8307.39,MW,BE,BE,actual_load,Actual Load,2026-07-21T00:11:54Z
2026-07-21T00:11:51Z,2026-07-21T02:11:51+0200,ca480415-0e53-4d99-b8f2-f778c2de0ac2,2026-07-13T23:00:00Z,2026-07-14T01:00:00+0200,8179.26,MW,BE,BE,actual_load,Actual Load,2026-07-21T00:11:54Z
2026-07-21T00:11:51Z,2026-07-21T02:11:51+0200,ca480415-0e53-4d99-b8f2-f778c2de0ac2,2026-07-13T23:15:00Z,2026-07-14T01:15:00+0200,8153.61,MW,BE,BE,actual_load,Actual Load,2026-07-21T00:11:54Z
2026-07-21T00:11:51Z,2026-07-21T02:11:51+0200,ca480415-0e53-4d99-b8f2-f778c2de0ac2,2026-07-13T23:30:00Z,2026-07-14T01:30:00+0200,8087.61,MW,BE,BE,actual_load,Actual Load,2026-07-21T00:11:54Z
2026-07-21T00:11:51Z,2026-07-21T02:11:51+0200,ca480415-0e53-4d99-b8f2-f778c2de0ac2,2026-07-13T23:45:00Z,2026-07-14T01:45:00+0200,7894.58,MW,BE,BE,actual_load,Actual Load,2026-07-21T00:11:54Z
2026-07-21T00:11:51Z,2026-07-21T02:11:51+0200,ca480415-0e53-4d99-b8f2-f778c2de0ac2,2026-07-14T00:00:00Z,2026-07-14T02:00:00+0200,7858.36,MW,BE,BE,actual_load,Actual Load,2026-07-21T00:11:54Z
2026-07-21T00:11:51Z,2026-07-21T02:11:51+0200,ca480415-0e53-4d99-b8f2-f778c2de0ac2,2026-07-14T00:15:00Z,2026-07-14T02:15:00+0200,7879.17,MW,BE,BE,actual_load,Actual Load,2026-07-21T00:11:54Z
2026-07-21T00:11:51Z,2026-07-21T02:11:51+0200,ca480415-0e53-4d99-b8f2-f778c2de0ac2,2026-07-14T00:30:00Z,2026-07-14T02:30:00+0200,7937.14,MW,BE,BE,actual_load,Actual Load,2026-07-21T00:11:54Z
2026-07-21T00:11:51Z,2026-07-21T02:11:51+0200,ca480415-0e53-4d99-b8f2-f778c2de0ac2,2026-07-14T00:45:00Z,2026-07-14T02:45:00+0200,7880.03,MW,BE,BE,actual_load,Actual Load,2026-07-21T00:11:54Z
2026-07-21T00:11:51Z,2026-07-21T02:11:51+0200,ca480415-0e53-4d99-b8f2-f778c2de0ac2,2026-07-14T01:00:00Z,2026-07-14T03:00:00+0200,7936.02,MW,BE,BE,actual_load,Actual Load,2026-07-21T00:11:54Z
2026-07-21T00:11:51Z,2026-07-21T02:11:51+0200,ca480415-0e53-4d99-b8f2-f778c2de0ac2,2026-07-14T01:15:00Z,2026-07-14T03:15:00+0200,7918.43,MW,BE,BE,actual_load,Actual Load,2026-07-21T00:11:54Z
2026-07-21T00:11:51Z,2026-07-21T02:11:51+0200,ca480415-0e53-4d99-b8f2-f778c2de0ac2,2026-07-14T01:30:00Z,2026-07-14T03:30:00+0200,7841.16,MW,BE,BE,actual_load,Actual Load,2026-07-21T00:11:54Z
2026-07-21T00:11:51Z,2026-07-21T02:11:51+0200,ca480415-0e53-4d99-b8f2-f778c2de0ac2,2026-07-14T01:45:00Z,2026-07-14T03:45:00+0200,7860.23,MW,BE,BE,actual_load,Actual Load,2026-07-21T00:11:54Z
2026-07-21T00:11:51Z,2026-07-21T02:11:51+0200,ca480415-0e53-4d99-b8f2-f778c2de0ac2,2026-07-14T02:00:00Z,2026-07-14T04:00:00+0200,7881.57,MW,BE,BE,actual_load,Actual Load,2026-07-21T00:11:54Z
2026-07-21T00:11:51Z,2026-07-21T02:11:51+0200,ca480415-0e53-4d99-b8f2-f778c2de0ac2,2026-07-14T02:15:00Z,2026-07-14T04:15:00+0200,7840.99,MW,BE,BE,actual_load,Actual Load,2026-07-21T00:11:54Z
2026-07-21T00:11:51Z,2026-07-21T02:11:51+0200,ca480415-0e53-4d99-b8f2-f778c2de0ac2,2026-07-14T02:30:00Z,2026-07-14T04:30:00+0200,7867.53,MW,BE,BE,actual_load,Actual Load,2026-07-21T00:11:54Z
2026-07-21T00:11:51Z,2026-07-21T02:11:51+0200,ca480415-0e53-4d99-b8f2-f778c2de0ac2,2026-07-14T02:45:00Z,2026-07-14T04:45:00+0200,7896.62,MW,BE,BE,actual_load,Actual Load,2026-07-21T00:11:54Z
2026-07-21T00:11:51Z,2026-07-21T02:11:51+0200,ca480415-0e53-4d99-b8f2-f778c2de0ac2,2026-07-14T03:00:00Z,2026-07-14T05:00:00+0200,8014.35,MW,BE,BE,actual_load,Actual Load,2026-07-21T00:11:54Z
2026-07-21T00:11:51Z,2026-07-21T02:11:51+0200,ca480415-0e53-4d99-b8f2-f778c2de0ac2,2026-07-14T03:15:00Z,2026-07-14T05:15:00+0200,8063.44,MW,BE,BE,actual_load,Actual Load,2026-07-21T00:11:54Z
2026-07-21T00:11:51Z,2026-07-21T02:11:51+0200,ca480415-0e53-4d99-b8f2-f778c2de0ac2,2026-07-14T03:30:00Z,2026-07-14T05:30:00+0200,8128.49,MW,BE,BE,actual_load,Actual Load,2026-07-21T00:11:54Z
2026-07-21T00:11:51Z,2026-07-21T02:11:51+0200,ca480415-0e53-4d99-b8f2-f778c2de0ac2,2026-07-14T03:45:00Z,2026-07-14T05:45:00+0200,8211.44,MW,BE,BE,actual_load,Actual Load,2026-07-21T00:11:54Z
2026-07-21T00:11:51Z,2026-07-21T02:11:51+0200,ca480415-0e53-4d99-b8f2-f778c2de0ac2,2026-07-14T04:00:00Z,2026-07-14T06:00:00+0200,8482.28,MW,BE,BE,actual_load,Actual Load,2026-07-21T00:11:54Z
2026-07-21T00:11:51Z,2026-07-21T02:11:51+0200,ca480415-0e53-4d99-b8f2-f778c2de0ac2,2026-07-14T04:15:00Z,2026-07-14T06:15:00+0200,8604.52,MW,BE,BE,actual_load,Actual Load,2026-07-21T00:11:54Z
2026-07-21T00:11:51Z,2026-07-21T02:11:51+0200,ca480415-0e53-4d99-b8f2-f778c2de0ac2,2026-07-14T04:30:00Z,2026-07-14T06:30:00+0200,8769.54,MW,BE,BE,actual_load,Actual Load,2026-07-21T00:11:54Z
2026-07-21T00:11:51Z,2026-07-21T02:11:51+0200,ca480415-0e53-4d99-b8f2-f778c2de0ac2,2026-07-14T04:45:00Z,2026-07-14T06:45:00+0200,8943.4,MW,BE,BE,actual_load,Actual Load,2026-07-21T00:11:54Z
2026-07-21T00:11:51Z,2026-07-21T02:11:51+0200,ca480415-0e53-4d99-b8f2-f778c2de0ac2,2026-07-14T05:00:00Z,2026-07-14T07:00:00+0200,9085.26,MW,BE,BE,actual_load,Actual Load,2026-07-21T00:11:54Z
2026-07-21T00:11:51Z,2026-07-21T02:11:51+0200,ca480415-0e53-4d99-b8f2-f778c2de0ac2,2026-07-14T05:15:00Z,2026-07-14T07:15:00+0200,9317.57,MW,BE,BE,actual_load,Actual Load,2026-07-21T00:11:54Z
2026-07-21T00:11:51Z,2026-07-21T02:11:51+0200,ca480415-0e53-4d99-b8f2-f778c2de0ac2,2026-07-14T05:30:00Z,2026-07-14T07:30:00+0200,9440.92,MW,BE,BE,actual_load,Actual Load,2026-07-21T00:11:54Z
2026-07-21T00:11:51Z,2026-07-21T02:11:51+0200,ca480415-0e53-4d99-b8f2-f778c2de0ac2,2026-07-14T05:45:00Z,2026-07-14T07:45:00+0200,9604.25,MW,BE,BE,actual_load,Actual Load,2026-07-21T00:11:54Z
2026-07-21T00:11:51Z,2026-07-21T02:11:51+0200,ca480415-0e53-4d99-b8f2-f778c2de0ac2,2026-07-14T06:00:00Z,2026-07-14T08:00:00+0200,9649.43,MW,BE,BE,actual_load,Actual Load,2026-07-21T00:11:54Z
2026-07-21T00:11:51Z,2026-07-21T02:11:51+0200,ca480415-0e53-4d99-b8f2-f778c2de0ac2,2026-07-14T06:15:00Z,2026-07-14T08:15:00+0200,9825.82,MW,BE,BE,actual_load,Actual Load,2026-07-21T00:11:54Z
2026-07-21T00:11:51Z,2026-07-21T02:11:51+0200,ca480415-0e53-4d99-b8f2-f778c2de0ac2,2026-07-14T06:30:00Z,2026-07-14T08:30:00+0200,10055.69,MW,BE,BE,actual_load,Actual Load,2026-07-21T00:11:54Z
2026-07-21T00:11:51Z,2026-07-21T02:11:51+0200,ca480415-0e53-4d99-b8f2-f778c2de0ac2,2026-07-14T06:45:00Z,2026-07-14T08:45:00+0200,10239.65,MW,BE,BE,actual_load,Actual Load,2026-07-21T00:11:54Z
2026-07-21T00:11:51Z,2026-07-21T02:11:51+0200,ca480415-0e53-4d99-b8f2-f778c2de0ac2,2026-07-14T07:00:00Z,2026-07-14T09:00:00+0200,10332.2,MW,BE,BE,actual_load,Actual Load,2026-07-21T00:11:54Z
2026-07-21T00:11:51Z,2026-07-21T02:11:51+0200,ca480415-0e53-4d99-b8f2-f778c2de0ac2,2026-07-14T07:15:00Z,2026-07-14T09:15:00+0200,10413.55,MW,BE,BE,actual_load,Actual Load,2026-07-21T00:11:54Z
2026-07-21T00:11:51Z,2026-07-21T02:11:51+0200,ca480415-0e53-4d99-b8f2-f778c2de0ac2,2026-07-14T07:30:00Z,2026-07-14T09:30:00+0200,10573.74,MW,BE,BE,actual_load,Actual Load,2026-07-21T00:11:54Z
2026-07-21T00:11:51Z,2026-07-21T02:11:51+0200,ca480415-0e53-4d99-b8f2-f778c2de0ac2,2026-07-14T07:45:00Z,2026-07-14T09:45:00+0200,10521.37,MW,BE,BE,actual_load,Actual Load,2026-07-21T00:11:54Z
2026-07-21T00:11:51Z,2026-07-21T02:11:51+0200,ca480415-0e53-4d99-b8f2-f778c2de0ac2,2026-07-14T08:00:00Z,2026-07-14T10:00:00+0200,10550.92,MW,BE,BE,actual_load,Actual Load,2026-07-21T00:11:54Z
2026-07-21T00:11:51Z,2026-07-21T02:11:51+0200,ca480415-0e53-4d99-b8f2-f778c2de0ac2,2026-07-14T08:15:00Z,2026-07-14T10:15:00+0200,10661.19,MW,BE,BE,actual_load,Actual Load,2026-07-21T00:11:54Z
2026-07-21T00:11:51Z,2026-07-21T02:11:51+0200,ca480415-0e53-4d99-b8f2-f778c2de0ac2,2026-07-14T08:30:00Z,2026-07-14T10:30:00+0200,10653.23,MW,BE,BE,actual_load,Actual Load,2026-07-21T00:11:54Z
2026-07-21T00:11:51Z,2026-07-21T02:11:51+0200,ca480415-0e53-4d99-b8f2-f778c2de0ac2,2026-07-14T08:45:00Z,2026-07-14T10:45:00+0200,10805.24,MW,BE,BE,actual_load,Actual Load,2026-07-21T00:11:54Z
2026-07-21T00:11:51Z,2026-07-21T02:11:51+0200,ca480415-0e53-4d99-b8f2-f778c2de0ac2,2026-07-14T09:00:00Z,2026-07-14T11:00:00+0200,10829.71,MW,BE,BE,actual_load,Actual Load,2026-07-21T00:11:54Z
2026-07-21T00:11:51Z,2026-07-21T02:11:51+0200,ca480415-0e53-4d99-b8f2-f778c2de0ac2,2026-07-14T09:15:00Z,2026-07-14T11:15:00+0200,11006.33,MW,BE,BE,actual_load,Actual Load,2026-07-21T00:11:54Z
2026-07-21T00:11:51Z,2026-07-21T02:11:51+0200,ca480415-0e53-4d99-b8f2-f778c2de0ac2,2026-07-14T09:30:00Z,2026-07-14T11:30:00+0200,11207.33,MW,BE,BE,actual_load,Actual Load,2026-07-21T00:11:54Z
2026-07-21T00:11:51Z,2026-07-21T02:11:51+0200,ca480415-0e53-4d99-b8f2-f778c2de0ac2,2026-07-14T09:45:00Z,2026-07-14T11:45:00+0200,11337.11,MW,BE,BE,actual_load,Actual Load,2026-07-21T00:11:54Z
2026-07-21T00:11:51Z,2026-07-21T02:11:51+0200,ca480415-0e53-4d99-b8f2-f778c2de0ac2,2026-07-14T10:00:00Z,2026-07-14T12:00:00+0200,11442.24,MW,BE,BE,actual_load,Actual Load,2026-07-21T00:11:54Z
2026-07-21T00:11:51Z,2026-07-21T02:11:51+0200,ca480415-0e53-4d99-b8f2-f778c2de0ac2,2026-07-14T10:15:00Z,2026-07-14T12:15:00+0200,11295.14,MW,BE,BE,actual_load,Actual Load,2026-07-21T00:11:54Z
2026-07-21T00:11:51Z,2026-07-21T02:11:51+0200,ca480415-0e53-4d99-b8f2-f778c2de0ac2,2026-07-14T10:30:00Z,2026-07-14T12:30:00+0200,11217.74,MW,BE,BE,actual_load,Actual Load,2026-07-21T00:11:54Z
2026-07-21T00:11:51Z,2026-07-21T02:11:51+0200,ca480415-0e53-4d99-b8f2-f778c2de0ac2,2026-07-14T10:45:00Z,2026-07-14T12:45:00+0200,11257.54,MW,BE,BE,actual_load,Actual Load,2026-07-21T00:11:54Z
2026-07-21T00:11:51Z,2026-07-21T02:11:51+0200,ca480415-0e53-4d99-b8f2-f778c2de0ac2,2026-07-14T11:00:00Z,2026-07-14T13:00:00+0200,11397.39,MW,BE,BE,actual_load,Actual Load,2026-07-21T00:11:54Z
2026-07-21T00:11:51Z,2026-07-21T02:11:51+0200,ca480415-0e53-4d99-b8f2-f778c2de0ac2,2026-07-14T11:15:00Z,2026-07-14T13:15:00+0200,11439.38,MW,BE,BE,actual_load,Actual Load,2026-07-21T00:11:54Z
2026-07-21T00:11:51Z,2026-07-21T02:11:51+0200,ca480415-0e53-4d99-b8f2-f778c2de0ac2,2026-07-14T11:30:00Z,2026-07-14T13:30:00+0200,11386.96,MW,BE,BE,actual_load,Actual Load,2026-07-21T00:11:54Z
2026-07-21T00:11:51Z,2026-07-21T02:11:51+0200,ca480415-0e53-4d99-b8f2-f778c2de0ac2,2026-07-14T11:45:00Z,2026-07-14T13:45:00+0200,11295.44,MW,BE,BE,actual_load,Actual Load,2026-07-21T00:11:54Z
2026-07-21T00:11:51Z,2026-07-21T02:11:51+0200,ca480415-0e53-4d99-b8f2-f778c2de0ac2,2026-07-14T12:00:00Z,2026-07-14T14:00:00+0200,11287.55,MW,BE,BE,actual_load,Actual Load,2026-07-21T00:11:54Z
2026-07-21T00:11:51Z,2026-07-21T02:11:51+0200,ca480415-0e53-4d99-b8f2-f778c2de0ac2,2026-07-14T12:15:00Z,2026-07-14T14:15:00+0200,11238.92,MW,BE,BE,actual_load,Actual Load,2026-07-21T00:11:54Z
2026-07-21T00:11:51Z,2026-07-21T02:11:51+0200,ca480415-0e53-4d99-b8f2-f778c2de0ac2,2026-07-14T12:30:00Z,2026-07-14T14:30:00+0200,11203.63,MW,BE,BE,actual_load,Actual Load,2026-07-21T00:11:54Z
2026-07-21T00:11:51Z,2026-07-21T02:11:51+0200,ca480415-0e53-4d99-b8f2-f778c2de0ac2,2026-07-14T12:45:00Z,2026-07-14T14:45:00+0200,11170.53,MW,BE,BE,actual_load,Actual Load,2026-07-21T00:11:54Z
2026-07-21T00:11:51Z,2026-07-21T02:11:51+0200,ca480415-0e53-4d99-b8f2-f778c2de0ac2,2026-07-14T13:00:00Z,2026-07-14T15:00:00+0200,11126.68,MW,BE,BE,actual_load,Actual Load,2026-07-21T00:11:54Z
2026-07-21T00:11:51Z,2026-07-21T02:11:51+0200,ca480415-0e53-4d99-b8f2-f778c2de0ac2,2026-07-14T13:15:00Z,2026-07-14T15:15:00+0200,10933.24,MW,BE,BE,actual_load,Actual Load,2026-07-21T00:11:54Z
2026-07-21T00:11:51Z,2026-07-21T02:11:51+0200,ca480415-0e53-4d99-b8f2-f778c2de0ac2,2026-07-14T13:30:00Z,2026-07-14T15:30:00+0200,10731.73,MW,BE,BE,actual_load,Actual Load,2026-07-21T00:11:54Z
2026-07-21T00:11:51Z,2026-07-21T02:11:51+0200,ca480415-0e53-4d99-b8f2-f778c2de0ac2,2026-07-14T13:45:00Z,2026-07-14T15:45:00+0200,10620.77,MW,BE,BE,actual_load,Actual Load,2026-07-21T00:11:54Z
2026-07-21T00:11:51Z,2026-07-21T02:11:51+0200,ca480415-0e53-4d99-b8f2-f778c2de0ac2,2026-07-14T14:00:00Z,2026-07-14T16:00:00+0200,10587.42,MW,BE,BE,actual_load,Actual Load,2026-07-21T00:11:54Z
2026-07-21T00:11:51Z,2026-07-21T02:11:51+0200,ca480415-0e53-4d99-b8f2-f778c2de0ac2,2026-07-14T14:15:00Z,2026-07-14T16:15:00+0200,10594.42,MW,BE,BE,actual_load,Actual Load,2026-07-21T00:11:54Z
2026-07-21T00:11:51Z,2026-07-21T02:11:51+0200,ca480415-0e53-4d99-b8f2-f778c2de0ac2,2026-07-14T14:30:00Z,2026-07-14T16:30:00+0200,10478.37,MW,BE,BE,actual_load,Actual Load,2026-07-21T00:11:54Z
2026-07-21T00:11:51Z,2026-07-21T02:11:51+0200,ca480415-0e53-4d99-b8f2-f778c2de0ac2,2026-07-14T14:45:00Z,2026-07-14T16:45:00+0200,10532.86,MW,BE,BE,actual_load,Actual Load,2026-07-21T00:11:54Z
2026-07-21T00:11:51Z,2026-07-21T02:11:51+0200,ca480415-0e53-4d99-b8f2-f778c2de0ac2,2026-07-14T15:00:00Z,2026-07-14T17:00:00+0200,10592.36,MW,BE,BE,actual_load,Actual Load,2026-07-21T00:11:54Z
2026-07-21T00:11:51Z,2026-07-21T02:11:51+0200,ca480415-0e53-4d99-b8f2-f778c2de0ac2,2026-07-14T15:15:00Z,2026-07-14T17:15:00+0200,10482.96,MW,BE,BE,actual_load,Actual Load,2026-07-21T00:11:54Z
2026-07-21T00:11:51Z,2026-07-21T02:11:51+0200,ca480415-0e53-4d99-b8f2-f778c2de0ac2,2026-07-14T15:30:00Z,2026-07-14T17:30:00+0200,10531.31,MW,BE,BE,actual_load,Actual Load,2026-07-21T00:11:54Z
2026-07-21T00:11:51Z,2026-07-21T02:11:51+0200,ca480415-0e53-4d99-b8f2-f778c2de0ac2,2026-07-14T15:45:00Z,2026-07-14T17:45:00+0200,10477.9,MW,BE,BE,actual_load,Actual Load,2026-07-21T00:11:54Z
2026-07-21T00:11:51Z,2026-07-21T02:11:51+0200,ca480415-0e53-4d99-b8f2-f778c2de0ac2,2026-07-14T16:00:00Z,2026-07-14T18:00:00+0200,10537.03,MW,BE,BE,actual_load,Actual Load,2026-07-21T00:11:54Z
2026-07-21T00:11:51Z,2026-07-21T02:11:51+0200,ca480415-0e53-4d99-b8f2-f778c2de0ac2,2026-07-14T16:15:00Z,2026-07-14T18:15:00+0200,10489.43,MW,BE,BE,actual_load,Actual Load,2026-07-21T00:11:54Z
2026-07-21T00:11:51Z,2026-07-21T02:11:51+0200,ca480415-0e53-4d99-b8f2-f778c2de0ac2,2026-07-14T16:30:00Z,2026-07-14T18:30:00+0200,10399.58,MW,BE,BE,actual_load,Actual Load,2026-07-21T00:11:54Z
2026-07-21T00:11:51Z,2026-07-21T02:11:51+0200,ca480415-0e53-4d99-b8f2-f778c2de0ac2,2026-07-14T16:45:00Z,2026-07-14T18:45:00+0200,10373.1,MW,BE,BE,actual_load,Actual Load,2026-07-21T00:11:54Z
2026-07-21T00:11:51Z,2026-07-21T02:11:51+0200,ca480415-0e53-4d99-b8f2-f778c2de0ac2,2026-07-14T17:00:00Z,2026-07-14T19:00:00+0200,10439.08,MW,BE,BE,actual_load,Actual Load,2026-07-21T00:11:54Z
2026-07-21T00:11:51Z,2026-07-21T02:11:51+0200,ca480415-0e53-4d99-b8f2-f778c2de0ac2,2026-07-14T17:15:00Z,2026-07-14T19:15:00+0200,10194.58,MW,BE,BE,actual_load,Actual Load,2026-07-21T00:11:54Z
2026-07-21T00:11:51Z,2026-07-21T02:11:51+0200,ca480415-0e53-4d99-b8f2-f778c2de0ac2,2026-07-14T17:30:00Z,2026-07-14T19:30:00+0200,10209.86,MW,BE,BE,actual_load,Actual Load,2026-07-21T00:11:54Z
2026-07-21T00:11:51Z,2026-07-21T02:11:51+0200,ca480415-0e53-4d99-b8f2-f778c2de0ac2,2026-07-14T17:45:00Z,2026-07-14T19:45:00+0200,10230.36,MW,BE,BE,actual_load,Actual Load,2026-07-21T00:11:54Z
2026-07-21T00:11:51Z,2026-07-21T02:11:51+0200,ca480415-0e53-4d99-b8f2-f778c2de0ac2,2026-07-14T18:00:00Z,2026-07-14T20:00:00+0200,10136.9,MW,BE,BE,actual_load,Actual Load,2026-07-21T00:11:54Z
2026-07-21T00:11:51Z,2026-07-21T02:11:51+0200,ca480415-0e53-4d99-b8f2-f778c2de0ac2,2026-07-14T18:15:00Z,2026-07-14T20:15:00+0200,10168.37,MW,BE,BE,actual_load,Actual Load,2026-07-21T00:11:54Z
2026-07-21T00:11:51Z,2026-07-21T02:11:51+0200,ca480415-0e53-4d99-b8f2-f778c2de0ac2,2026-07-14T18:30:00Z,2026-07-14T20:30:00+0200,10008.85,MW,BE,BE,actual_load,Actual Load,2026-07-21T00:11:54Z
2026-07-21T00:11:51Z,2026-07-21T02:11:51+0200,ca480415-0e53-4d99-b8f2-f778c2de0ac2,2026-07-14T18:45:00Z,2026-07-14T20:45:00+0200,10081.04,MW,BE,BE,actual_load,Actual Load,2026-07-21T00:11:54Z
2026-07-21T00:11:51Z,2026-07-21T02:11:51+0200,ca480415-0e53-4d99-b8f2-f778c2de0ac2,2026-07-14T19:00:00Z,2026-07-14T21:00:00+0200,9860.52,MW,BE,BE,actual_load,Actual Load,2026-07-21T00:11:54Z
2026-07-21T00:11:51Z,2026-07-21T02:11:51+0200,ca480415-0e53-4d99-b8f2-f778c2de0ac2,2026-07-14T19:15:00Z,2026-07-14T21:15:00+0200,9740.84,MW,BE,BE,actual_load,Actual Load,2026-07-21T00:11:54Z
2026-07-21T00:11:51Z,2026-07-21T02:11:51+0200,ca480415-0e53-4d99-b8f2-f778c2de0ac2,2026-07-14T19:30:00Z,2026-07-14T21:30:00+0200,9716.72,MW,BE,BE,actual_load,Actual Load,2026-07-21T00:11:54Z
2026-07-21T00:11:51Z,2026-07-21T02:11:51+0200,ca480415-0e53-4d99-b8f2-f778c2de0ac2,2026-07-14T19:45:00Z,2026-07-14T21:45:00+0200,9681.73,MW,BE,BE,actual_load,Actual Load,2026-07-21T00:11:54Z
2026-07-21T00:11:51Z,2026-07-21T02:11:51+0200,ca480415-0e53-4d99-b8f2-f778c2de0ac2,2026-07-14T20:00:00Z,2026-07-14T22:00:00+0200,9747.12,MW,BE,BE,actual_load,Actual Load,2026-07-21T00:11:54Z
2026-07-21T00:11:51Z,2026-07-21T02:11:51+0200,ca480415-0e53-4d99-b8f2-f778c2de0ac2,2026-07-14T20:15:00Z,2026-07-14T22:15:00+0200,9751.76,MW,BE,BE,actual_load,Actual Load,2026-07-21T00:11:54Z
2026-07-21T00:11:51Z,2026-07-21T02:11:51+0200,ca480415-0e53-4d99-b8f2-f778c2de0ac2,2026-07-14T20:30:00Z,2026-07-14T22:30:00+0200,9730.83,MW,BE,BE,actual_load,Actual Load,2026-07-21T00:11:54Z
2026-07-21T00:11:51Z,2026-07-21T02:11:51+0200,ca480415-0e53-4d99-b8f2-f778c2de0ac2,2026-07-14T20:45:00Z,2026-07-14T22:45:00+0200,9813.15,MW,BE,BE,actual_load,Actual Load,2026-07-21T00:11:54Z
2026-07-21T00:11:51Z,2026-07-21T02:11:51+0200,ca480415-0e53-4d99-b8f2-f778c2de0ac2,2026-07-14T21:00:00Z,2026-07-14T23:00:00+0200,9591.02,MW,BE,BE,actual_load,Actual Load,2026-07-21T00:11:54Z
2026-07-21T00:11:51Z,2026-07-21T02:11:51+0200,ca480415-0e53-4d99-b8f2-f778c2de0ac2,2026-07-14T21:15:00Z,2026-07-14T23:15:00+0200,9407.73,MW,BE,BE,actual_load,Actual Load,2026-07-21T00:11:54Z
2026-07-21T00:11:51Z,2026-07-21T02:11:51+0200,ca480415-0e53-4d99-b8f2-f778c2de0ac2,2026-07-14T21:30:00Z,2026-07-14T23:30:00+0200,9288.27,MW,BE,BE,actual_load,Actual Load,2026-07-21T00:11:54Z
2026-07-21T00:11:51Z,2026-07-21T02:11:51+0200,ca480415-0e53-4d99-b8f2-f778c2de0ac2,2026-07-14T21:45:00Z,2026-07-14T23:45:00+0200,9193.71,MW,BE,BE,actual_load,Actual Load,2026-07-21T00:11:54Z
2026-07-21T00:11:51Z,2026-07-21T02:11:51+0200,ca480415-0e53-4d99-b8f2-f778c2de0ac2,2026-07-14T22:00:00Z,2026-07-15T00:00:00+0200,8988.23,MW,BE,BE,actual_load,Actual Load,2026-07-21T00:11:54Z
2026-07-21T00:11:51Z,2026-07-21T02:11:51+0200,ca480415-0e53-4d99-b8f2-f778c2de0ac2,2026-07-14T22:15:00Z,2026-07-15T00:15:00+0200,8786.04,MW,BE,BE,actual_load,Actual Load,2026-07-21T00:11:54Z
2026-07-21T00:11:51Z,2026-07-21T02:11:51+0200,ca480415-0e53-4d99-b8f2-f778c2de0ac2,2026-07-14T22:30:00Z,2026-07-15T00:30:00+0200,8700.34,MW,BE,BE,actual_load,Actual Load,2026-07-21T00:11:54Z
2026-07-21T00:11:51Z,2026-07-21T02:11:51+0200,ca480415-0e53-4d99-b8f2-f778c2de0ac2,2026-07-14T22:45:00Z,2026-07-15T00:45:00+0200,8680.93,MW,BE,BE,actual_load,Actual Load,2026-07-21T00:11:54Z
2026-07-21T00:11:51Z,2026-07-21T02:11:51+0200,ca480415-0e53-4d99-b8f2-f778c2de0ac2,2026-07-14T23:00:00Z,2026-07-15T01:00:00+0200,8542.2,MW,BE,BE,actual_load,Actual Load,2026-07-21T00:11:54Z
2026-07-21T00:11:51Z,2026-07-21T02:11:51+0200,ca480415-0e53-4d99-b8f2-f778c2de0ac2,2026-07-14T23:15:00Z,2026-07-15T01:15:00+0200,8458.67,MW,BE,BE,actual_load,Actual Load,2026-07-21T00:11:54Z
2026-07-21T00:11:51Z,2026-07-21T02:11:51+0200,ca480415-0e53-4d99-b8f2-f778c2de0ac2,2026-07-14T23:30:00Z,2026-07-15T01:30:00+0200,8382.81,MW,BE,BE,actual_load,Actual Load,2026-07-21T00:11:54Z
2026-07-21T00:11:51Z,2026-07-21T02:11:51+0200,ca480415-0e53-4d99-b8f2-f778c2de0ac2,2026-07-14T23:45:00Z,2026-07-15T01:45:00+0200,8222.62,MW,BE,BE,actual_load,Actual Load,2026-07-21T00:11:54Z
2026-07-21T00:11:51Z,2026-07-21T02:11:51+0200,ca480415-0e53-4d99-b8f2-f778c2de0ac2,2026-07-15T00:00:00Z,2026-07-15T02:00:00+0200,8223.04,MW,BE,BE,actual_load,Actual Load,2026-07-21T00:11:54Z
2026-07-21T00:11:51Z,2026-07-21T02:11:51+0200,ca480415-0e53-4d99-b8f2-f778c2de0ac2,2026-07-15T00:15:00Z,2026-07-15T02:15:00+0200,8158.1,MW,BE,BE,actual_load,Actual Load,2026-07-21T00:11:54Z
2026-07-21T00:11:51Z,2026-07-21T02:11:51+0200,ca480415-0e53-4d99-b8f2-f778c2de0ac2,2026-07-15T00:30:00Z,2026-07-15T02:30:00+0200,8239.46,MW,BE,BE,actual_load,Actual Load,2026-07-21T00:11:54Z
2026-07-21T00:11:51Z,2026-07-21T02:11:51+0200,ca480415-0e53-4d99-b8f2-f778c2de0ac2,2026-07-15T00:45:00Z,2026-07-15T02:45:00+0200,8091.78,MW,BE,BE,actual_load,Actual Load,2026-07-21T00:11:54Z
2026-07-21T00:11:51Z,2026-07-21T02:11:51+0200,ca480415-0e53-4d99-b8f2-f778c2de0ac2,2026-07-15T01:00:00Z,2026-07-15T03:00:00+0200,8163.5,MW,BE,BE,actual_load,Actual Load,2026-07-21T00:11:54Z
2026-07-21T00:11:51Z,2026-07-21T02:11:51+0200,ca480415-0e53-4d99-b8f2-f778c2de0ac2,2026-07-15T01:15:00Z,2026-07-15T03:15:00+0200,8117.11,MW,BE,BE,actual_load,Actual Load,2026-07-21T00:11:54Z
2026-07-21T00:11:51Z,2026-07-21T02:11:51+0200,ca480415-0e53-4d99-b8f2-f778c2de0ac2,2026-07-15T01:30:00Z,2026-07-15T03:30:00+0200,8062.08,MW,BE,BE,actual_load,Actual Load,2026-07-21T00:11:54Z
2026-07-21T00:11:51Z,2026-07-21T02:11:51+0200,ca480415-0e53-4d99-b8f2-f778c2de0ac2,2026-07-15T01:45:00Z,2026-07-15T03:45:00+0200,7975.35,MW,BE,BE,actual_load,Actual Load,2026-07-21T00:11:54Z
2026-07-21T00:11:51Z,2026-07-21T02:11:51+0200,ca480415-0e53-4d99-b8f2-f778c2de0ac2,2026-07-15T02:00:00Z,2026-07-15T04:00:00+0200,8020.64,MW,BE,BE,actual_load,Actual Load,2026-07-21T00:11:54Z
2026-07-21T00:11:51Z,2026-07-21T02:11:51+0200,ca480415-0e53-4d99-b8f2-f778c2de0ac2,2026-07-15T02:15:00Z,2026-07-15T04:15:00+0200,8035.71,MW,BE,BE,actual_load,Actual Load,2026-07-21T00:11:54Z
2026-07-21T00:11:51Z,2026-07-21T02:11:51+0200,ca480415-0e53-4d99-b8f2-f778c2de0ac2,2026-07-15T02:30:00Z,2026-07-15T04:30:00+0200,8072.14,MW,BE,BE,actual_load,Actual Load,2026-07-21T00:11:54Z
2026-07-21T00:11:51Z,2026-07-21T02:11:51+0200,ca480415-0e53-4d99-b8f2-f778c2de0ac2,2026-07-15T02:45:00Z,2026-07-15T04:45:00+0200,8018.83,MW,BE,BE,actual_load,Actual Load,2026-07-21T00:11:54Z
2026-07-21T00:11:51Z,2026-07-21T02:11:51+0200,ca480415-0e53-4d99-b8f2-f778c2de0ac2,2026-07-15T03:00:00Z,2026-07-15T05:00:00+0200,8085.42,MW,BE,BE,actual_load,Actual Load,2026-07-21T00:11:54Z
2026-07-21T00:11:51Z,2026-07-21T02:11:51+0200,ca480415-0e53-4d99-b8f2-f778c2de0ac2,2026-07-15T03:15:00Z,2026-07-15T05:15:00+0200,8231.84,MW,BE,BE,actual_load,Actual Load,2026-07-21T00:11:54Z
2026-07-21T00:11:51Z,2026-07-21T02:11:51+0200,ca480415-0e53-4d99-b8f2-f778c2de0ac2,2026-07-15T03:30:00Z,2026-07-15T05:30:00+0200,8238.3,MW,BE,BE,actual_load,Actual Load,2026-07-21T00:11:54Z
2026-07-21T00:11:51Z,2026-07-21T02:11:51+0200,ca480415-0e53-4d99-b8f2-f778c2de0ac2,2026-07-15T03:45:00Z,2026-07-15T05:45:00+0200,8218.18,MW,BE,BE,actual_load,Actual Load,2026-07-21T00:11:54Z
2026-07-21T00:11:51Z,2026-07-21T02:11:51+0200,ca480415-0e53-4d99-b8f2-f778c2de0ac2,2026-07-15T04:00:00Z,2026-07-15T06:00:00+0200,8457.27,MW,BE,BE,actual_load,Actual Load,2026-07-21T00:11:54Z
2026-07-21T00:11:51Z,2026-07-21T02:11:51+0200,ca480415-0e53-4d99-b8f2-f778c2de0ac2,2026-07-15T04:15:00Z,2026-07-15T06:15:00+0200,8787.12,MW,BE,BE,actual_load,Actual Load,2026-07-21T00:11:54Z
2026-07-21T00:11:51Z,2026-07-21T02:11:51+0200,ca480415-0e53-4d99-b8f2-f778c2de0ac2,2026-07-15T04:30:00Z,2026-07-15T06:30:00+0200,8907.23,MW,BE,BE,actual_load,Actual Load,2026-07-21T00:11:54Z
2026-07-21T00:11:51Z,2026-07-21T02:11:51+0200,ca480415-0e53-4d99-b8f2-f778c2de0ac2,2026-07-15T04:45:00Z,2026-07-15T06:45:00+0200,9104.98,MW,BE,BE,actual_load,Actual Load,2026-07-21T00:11:54Z
2026-07-21T00:11:51Z,2026-07-21T02:11:51+0200,ca480415-0e53-4d99-b8f2-f778c2de0ac2,2026-07-15T05:00:00Z,2026-07-15T07:00:00+0200,9221.44,MW,BE,BE,actual_load,Actual Load,2026-07-21T00:11:54Z
2026-07-21T00:11:51Z,2026-07-21T02:11:51+0200,ca480415-0e53-4d99-b8f2-f778c2de0ac2,2026-07-15T05:15:00Z,2026-07-15T07:15:00+0200,9286.2,MW,BE,BE,actual_load,Actual Load,2026-07-21T00:11:54Z
2026-07-21T00:11:51Z,2026-07-21T02:11:51+0200,ca480415-0e53-4d99-b8f2-f778c2de0ac2,2026-07-15T05:30:00Z,2026-07-15T07:30:00+0200,9451.44,MW,BE,BE,actual_load,Actual Load,2026-07-21T00:11:54Z
2026-07-21T00:11:51Z,2026-07-21T02:11:51+0200,ca480415-0e53-4d99-b8f2-f778c2de0ac2,2026-07-15T05:45:00Z,2026-07-15T07:45:00+0200,9628.1,MW,BE,BE,actual_load,Actual Load,2026-07-21T00:11:54Z
2026-07-21T00:11:51Z,2026-07-21T02:11:51+0200,ca480415-0e53-4d99-b8f2-f778c2de0ac2,2026-07-15T06:00:00Z,2026-07-15T08:00:00+0200,9629.6,MW,BE,BE,actual_load,Actual Load,2026-07-21T00:11:54Z
2026-07-21T00:11:51Z,2026-07-21T02:11:51+0200,ca480415-0e53-4d99-b8f2-f778c2de0ac2,2026-07-15T06:15:00Z,2026-07-15T08:15:00+0200,9610.06,MW,BE,BE,actual_load,Actual Load,2026-07-21T00:11:54Z
2026-07-21T00:11:51Z,2026-07-21T02:11:51+0200,ca480415-0e53-4d99-b8f2-f778c2de0ac2,2026-07-15T06:30:00Z,2026-07-15T08:30:00+0200,9729.72,MW,BE,BE,actual_load,Actual Load,2026-07-21T00:11:54Z
2026-07-21T00:11:51Z,2026-07-21T02:11:51+0200,ca480415-0e53-4d99-b8f2-f778c2de0ac2,2026-07-15T06:45:00Z,2026-07-15T08:45:00+0200,9850.56,MW,BE,BE,actual_load,Actual Load,2026-07-21T00:11:54Z
2026-07-21T00:11:51Z,2026-07-21T02:11:51+0200,ca480415-0e53-4d99-b8f2-f778c2de0ac2,2026-07-15T07:00:00Z,2026-07-15T09:00:00+0200,10043.43,MW,BE,BE,actual_load,Actual Load,2026-07-21T00:11:54Z
2026-07-21T00:11:51Z,2026-07-21T02:11:51+0200,ca480415-0e53-4d99-b8f2-f778c2de0ac2,2026-07-15T07:15:00Z,2026-07-15T09:15:00+0200,10132.74,MW,BE,BE,actual_load,Actual Load,2026-07-21T00:11:54Z
2026-07-21T00:11:51Z,2026-07-21T02:11:51+0200,ca480415-0e53-4d99-b8f2-f778c2de0ac2,2026-07-15T07:30:00Z,2026-07-15T09:30:00+0200,10188.64,MW,BE,BE,actual_load,Actual Load,2026-07-21T00:11:54Z
2026-07-21T00:11:51Z,2026-07-21T02:11:51+0200,ca480415-0e53-4d99-b8f2-f778c2de0ac2,2026-07-15T07:45:00Z,2026-07-15T09:45:00+0200,10319.19,MW,BE,BE,actual_load,Actual Load,2026-07-21T00:11:54Z
2026-07-21T00:11:51Z,2026-07-21T02:11:51+0200,ca480415-0e53-4d99-b8f2-f778c2de0ac2,2026-07-15T08:00:00Z,2026-07-15T10:00:00+0200,10399.66,MW,BE,BE,actual_load,Actual Load,2026-07-21T00:11:54Z
2026-07-21T00:11:51Z,2026-07-21T02:11:51+0200,ca480415-0e53-4d99-b8f2-f778c2de0ac2,2026-07-15T08:15:00Z,2026-07-15T10:15:00+0200,10430.32,MW,BE,BE,actual_load,Actual Load,2026-07-21T00:11:54Z
2026-07-21T00:11:51Z,2026-07-21T02:11:51+0200,ca480415-0e53-4d99-b8f2-f778c2de0ac2,2026-07-15T08:30:00Z,2026-07-15T10:30:00+0200,10557.24,MW,BE,BE,actual_load,Actual Load,2026-07-21T00:11:54Z
2026-07-21T00:11:51Z,2026-07-21T02:11:51+0200,ca480415-0e53-4d99-b8f2-f778c2de0ac2,2026-07-15T08:45:00Z,2026-07-15T10:45:00+0200,10669.98,MW,BE,BE,actual_load,Actual Load,2026-07-21T00:11:54Z
2026-07-21T00:11:51Z,2026-07-21T02:11:51+0200,ca480415-0e53-4d99-b8f2-f778c2de0ac2,2026-07-15T09:00:00Z,2026-07-15T11:00:00+0200,10741.7,MW,BE,BE,actual_load,Actual Load,2026-07-21T00:11:54Z
2026-07-21T00:11:51Z,2026-07-21T02:11:51+0200,ca480415-0e53-4d99-b8f2-f778c2de0ac2,2026-07-15T09:15:00Z,2026-07-15T11:15:00+0200,10770.1,MW,BE,BE,actual_load,Actual Load,2026-07-21T00:11:54Z
2026-07-21T00:11:51Z,2026-07-21T02:11:51+0200,ca480415-0e53-4d99-b8f2-f778c2de0ac2,2026-07-15T09:30:00Z,2026-07-15T11:30:00+0200,10873.31,MW,BE,BE,actual_load,Actual Load,2026-07-21T00:11:54Z
2026-07-21T00:11:51Z,2026-07-21T02:11:51+0200,ca480415-0e53-4d99-b8f2-f778c2de0ac2,2026-07-15T09:45:00Z,2026-07-15T11:45:00+0200,10920.3,MW,BE,BE,actual_load,Actual Load,2026-07-21T00:11:54Z
2026-07-21T00:11:51Z,2026-07-21T02:11:51+0200,ca480415-0e53-4d99-b8f2-f778c2de0ac2,2026-07-15T10:00:00Z,2026-07-15T12:00:00+0200,11023.81,MW,BE,BE,actual_load,Actual Load,2026-07-21T00:11:54Z
2026-07-21T00:11:51Z,2026-07-21T02:11:51+0200,ca480415-0e53-4d99-b8f2-f778c2de0ac2,2026-07-15T10:15:00Z,2026-07-15T12:15:00+0200,11180.39,MW,BE,BE,actual_load,Actual Load,2026-07-21T00:11:54Z
2026-07-21T00:11:51Z,2026-07-21T02:11:51+0200,ca480415-0e53-4d99-b8f2-f778c2de0ac2,2026-07-15T10:30:00Z,2026-07-15T12:30:00+0200,11165.99,MW,BE,BE,actual_load,Actual Load,2026-07-21T00:11:54Z
2026-07-21T00:11:51Z,2026-07-21T02:11:51+0200,ca480415-0e53-4d99-b8f2-f778c2de0ac2,2026-07-15T10:45:00Z,2026-07-15T12:45:00+0200,11245.88,MW,BE,BE,actual_load,Actual Load,2026-07-21T00:11:54Z
2026-07-21T00:11:51Z,2026-07-21T02:11:51+0200,ca480415-0e53-4d99-b8f2-f778c2de0ac2,2026-07-15T11:00:00Z,2026-07-15T13:00:00+0200,11282.81,MW,BE,BE,actual_load,Actual Load,2026-07-21T00:11:54Z
2026-07-21T00:11:51Z,2026-07-21T02:11:51+0200,ca480415-0e53-4d99-b8f2-f778c2de0ac2,2026-07-15T11:15:00Z,2026-07-15T13:15:00+0200,11302.63,MW,BE,BE,actual_load,Actual Load,2026-07-21T00:11:54Z
2026-07-21T00:11:51Z,2026-07-21T02:11:51+0200,ca480415-0e53-4d99-b8f2-f778c2de0ac2,2026-07-15T11:30:00Z,2026-07-15T13:30:00+0200,11294.72,MW,BE,BE,actual_load,Actual Load,2026-07-21T00:11:54Z
2026-07-21T00:11:51Z,2026-07-21T02:11:51+0200,ca480415-0e53-4d99-b8f2-f778c2de0ac2,2026-07-15T11:45:00Z,2026-07-15T13:45:00+0200,11285.21,MW,BE,BE,actual_load,Actual Load,2026-07-21T00:11:54Z
2026-07-21T00:11:51Z,2026-07-21T02:11:51+0200,ca480415-0e53-4d99-b8f2-f778c2de0ac2,2026-07-15T12:00:00Z,2026-07-15T14:00:00+0200,11138.21,MW,BE,BE,actual_load,Actual Load,2026-07-21T00:11:54Z
2026-07-21T00:11:51Z,2026-07-21T02:11:51+0200,ca480415-0e53-4d99-b8f2-f778c2de0ac2,2026-07-15T12:15:00Z,2026-07-15T14:15:00+0200,10993.47,MW,BE,BE,actual_load,Actual Load,2026-07-21T00:11:54Z
2026-07-21T00:11:51Z,2026-07-21T02:11:51+0200,ca480415-0e53-4d99-b8f2-f778c2de0ac2,2026-07-15T12:30:00Z,2026-07-15T14:30:00+0200,11003.39,MW,BE,BE,actual_load,Actual Load,2026-07-21T00:11:54Z
2026-07-21T00:11:51Z,2026-07-21T02:11:51+0200,ca480415-0e53-4d99-b8f2-f778c2de0ac2,2026-07-15T12:45:00Z,2026-07-15T14:45:00+0200,10867.83,MW,BE,BE,actual_load,Actual Load,2026-07-21T00:11:54Z
2026-07-21T00:11:51Z,2026-07-21T02:11:51+0200,ca480415-0e53-4d99-b8f2-f778c2de0ac2,2026-07-15T13:00:00Z,2026-07-15T15:00:00+0200,10872.94,MW,BE,BE,actual_load,Actual Load,2026-07-21T00:11:54Z
2026-07-21T00:11:51Z,2026-07-21T02:11:51+0200,ca480415-0e53-4d99-b8f2-f778c2de0ac2,2026-07-15T13:15:00Z,2026-07-15T15:15:00+0200,10798.83,MW,BE,BE,actual_load,Actual Load,2026-07-21T00:11:54Z
2026-07-21T00:11:51Z,2026-07-21T02:11:51+0200,ca480415-0e53-4d99-b8f2-f778c2de0ac2,2026-07-15T13:30:00Z,2026-07-15T15:30:00+0200,10648.85,MW,BE,BE,actual_load,Actual Load,2026-07-21T00:11:54Z
2026-07-21T00:11:51Z,2026-07-21T02:11:51+0200,ca480415-0e53-4d99-b8f2-f778c2de0ac2,2026-07-15T13:45:00Z,2026-07-15T15:45:00+0200,10621.44,MW,BE,BE,actual_load,Actual Load,2026-07-21T00:11:54Z
2026-07-21T00:11:51Z,2026-07-21T02:11:51+0200,ca480415-0e53-4d99-b8f2-f778c2de0ac2,2026-07-15T14:00:00Z,2026-07-15T16:00:00+0200,10344.24,MW,BE,BE,actual_load,Actual Load,2026-07-21T00:11:54Z
2026-07-21T00:11:51Z,2026-07-21T02:11:51+0200,ca480415-0e53-4d99-b8f2-f778c2de0ac2,2026-07-15T14:15:00Z,2026-07-15T16:15:00+0200,10259.75,MW,BE,BE,actual_load,Actual Load,2026-07-21T00:11:54Z
2026-07-21T00:11:51Z,2026-07-21T02:11:51+0200,ca480415-0e53-4d99-b8f2-f778c2de0ac2,2026-07-15T14:30:00Z,2026-07-15T16:30:00+0200,10144.19,MW,BE,BE,actual_load,Actual Load,2026-07-21T00:11:54Z
2026-07-21T00:11:51Z,2026-07-21T02:11:51+0200,ca480415-0e53-4d99-b8f2-f778c2de0ac2,2026-07-15T14:45:00Z,2026-07-15T16:45:00+0200,9921.23,MW,BE,BE,actual_load,Actual Load,2026-07-21T00:11:54Z
2026-07-21T00:11:51Z,2026-07-21T02:11:51+0200,ca480415-0e53-4d99-b8f2-f778c2de0ac2,2026-07-15T15:00:00Z,2026-07-15T17:00:00+0200,10062.86,MW,BE,BE,actual_load,Actual Load,2026-07-21T00:11:54Z
2026-07-21T00:11:51Z,2026-07-21T02:11:51+0200,ca480415-0e53-4d99-b8f2-f778c2de0ac2,2026-07-15T15:15:00Z,2026-07-15T17:15:00+0200,10079.72,MW,BE,BE,actual_load,Actual Load,2026-07-21T00:11:54Z
2026-07-21T00:11:51Z,2026-07-21T02:11:51+0200,ca480415-0e53-4d99-b8f2-f778c2de0ac2,2026-07-15T15:30:00Z,2026-07-15T17:30:00+0200,9996.86,MW,BE,BE,actual_load,Actual Load,2026-07-21T00:11:54Z
2026-07-21T00:11:51Z,2026-07-21T02:11:51+0200,ca480415-0e53-4d99-b8f2-f778c2de0ac2,2026-07-15T15:45:00Z,2026-07-15T17:45:00+0200,10001.94,MW,BE,BE,actual_load,Actual Load,2026-07-21T00:11:54Z
2026-07-21T00:11:51Z,2026-07-21T02:11:51+0200,ca480415-0e53-4d99-b8f2-f778c2de0ac2,2026-07-15T16:00:00Z,2026-07-15T18:00:00+0200,10054.77,MW,BE,BE,actual_load,Actual Load,2026-07-21T00:11:54Z
2026-07-21T00:11:51Z,2026-07-21T02:11:51+0200,ca480415-0e53-4d99-b8f2-f778c2de0ac2,2026-07-15T16:15:00Z,2026-07-15T18:15:00+0200,9989.85,MW,BE,BE,actual_load,Actual Load,2026-07-21T00:11:54Z
2026-07-21T00:11:51Z,2026-07-21T02:11:51+0200,ca480415-0e53-4d99-b8f2-f778c2de0ac2,2026-07-15T16:30:00Z,2026-07-15T18:30:00+0200,9882.33,MW,BE,BE,actual_load,Actual Load,2026-07-21T00:11:54Z
2026-07-21T00:11:51Z,2026-07-21T02:11:51+0200,ca480415-0e53-4d99-b8f2-f778c2de0ac2,2026-07-15T16:45:00Z,2026-07-15T18:45:00+0200,9864.46,MW,BE,BE,actual_load,Actual Load,2026-07-21T00:11:54Z
2026-07-21T00:11:51Z,2026-07-21T02:11:51+0200,ca480415-0e53-4d99-b8f2-f778c2de0ac2,2026-07-15T17:00:00Z,2026-07-15T19:00:00+0200,9849.6,MW,BE,BE,actual_load,Actual Load,2026-07-21T00:11:54Z
2026-07-21T00:11:51Z,2026-07-21T02:11:51+0200,ca480415-0e53-4d99-b8f2-f778c2de0ac2,2026-07-15T17:15:00Z,2026-07-15T19:15:00+0200,9840.73,MW,BE,BE,actual_load,Actual Load,2026-07-21T00:11:54Z
2026-07-21T00:11:51Z,2026-07-21T02:11:51+0200,ca480415-0e53-4d99-b8f2-f778c2de0ac2,2026-07-15T17:30:00Z,2026-07-15T19:30:00+0200,9920.14,MW,BE,BE,actual_load,Actual Load,2026-07-21T00:11:54Z
2026-07-21T00:11:51Z,2026-07-21T02:11:51+0200,ca480415-0e53-4d99-b8f2-f778c2de0ac2,2026-07-15T17:45:00Z,2026-07-15T19:45:00+0200,9958.29,MW,BE,BE,actual_load,Actual Load,2026-07-21T00:11:54Z
2026-07-21T00:11:51Z,2026-07-21T02:11:51+0200,ca480415-0e53-4d99-b8f2-f778c2de0ac2,2026-07-15T18:00:00Z,2026-07-15T20:00:00+0200,9927.51,MW,BE,BE,actual_load,Actual Load,2026-07-21T00:11:54Z
2026-07-21T00:11:51Z,2026-07-21T02:11:51+0200,ca480415-0e53-4d99-b8f2-f778c2de0ac2,2026-07-15T18:15:00Z,2026-07-15T20:15:00+0200,9783.75,MW,BE,BE,actual_load,Actual Load,2026-07-21T00:11:54Z
2026-07-21T00:11:51Z,2026-07-21T02:11:51+0200,ca480415-0e53-4d99-b8f2-f778c2de0ac2,2026-07-15T18:30:00Z,2026-07-15T20:30:00+0200,9756.68,MW,BE,BE,actual_load,Actual Load,2026-07-21T00:11:54Z
2026-07-21T00:11:51Z,2026-07-21T02:11:51+0200,ca480415-0e53-4d99-b8f2-f778c2de0ac2,2026-07-15T18:45:00Z,2026-07-15T20:45:00+0200,9674.04,MW,BE,BE,actual_load,Actual Load,2026-07-21T00:11:54Z
2026-07-21T00:11:51Z,2026-07-21T02:11:51+0200,ca480415-0e53-4d99-b8f2-f778c2de0ac2,2026-07-15T19:00:00Z,2026-07-15T21:00:00+0200,9482.02,MW,BE,BE,actual_load,Actual Load,2026-07-21T00:11:54Z
2026-07-21T00:11:51Z,2026-07-21T02:11:51+0200,ca480415-0e53-4d99-b8f2-f778c2de0ac2,2026-07-15T19:15:00Z,2026-07-15T21:15:00+0200,9381.13,MW,BE,BE,actual_load,Actual Load,2026-07-21T00:11:54Z
2026-07-21T00:11:51Z,2026-07-21T02:11:51+0200,ca480415-0e53-4d99-b8f2-f778c2de0ac2,2026-07-15T19:30:00Z,2026-07-15T21:30:00+0200,9276.77,MW,BE,BE,actual_load,Actual Load,2026-07-21T00:11:54Z
2026-07-21T00:11:51Z,2026-07-21T02:11:51+0200,ca480415-0e53-4d99-b8f2-f778c2de0ac2,2026-07-15T19:45:00Z,2026-07-15T21:45:00+0200,9276.8,MW,BE,BE,actual_load,Actual Load,2026-07-21T00:11:54Z
2026-07-21T00:11:51Z,2026-07-21T02:11:51+0200,ca480415-0e53-4d99-b8f2-f778c2de0ac2,2026-07-15T20:00:00Z,2026-07-15T22:00:00+0200,9366.96,MW,BE,BE,actual_load,Actual Load,2026-07-21T00:11:54Z
2026-07-21T00:11:51Z,2026-07-21T02:11:51+0200,ca480415-0e53-4d99-b8f2-f778c2de0ac2,2026-07-15T20:15:00Z,2026-07-15T22:15:00+0200,9441.58,MW,BE,BE,actual_load,Actual Load,2026-07-21T00:11:54Z
2026-07-21T00:11:51Z,2026-07-21T02:11:51+0200,ca480415-0e53-4d99-b8f2-f778c2de0ac2,2026-07-15T20:30:00Z,2026-07-15T22:30:00+0200,9326.05,MW,BE,BE,actual_load,Actual Load,2026-07-21T00:11:54Z
2026-07-21T00:11:51Z,2026-07-21T02:11:51+0200,ca480415-0e53-4d99-b8f2-f778c2de0ac2,2026-07-15T20:45:00Z,2026-07-15T22:45:00+0200,9260.04,MW,BE,BE,actual_load,Actual Load,2026-07-21T00:11:54Z
2026-07-21T00:11:51Z,2026-07-21T02:11:51+0200,ca480415-0e53-4d99-b8f2-f778c2de0ac2,2026-07-15T21:00:00Z,2026-07-15T23:00:00+0200,9302.0,MW,BE,BE,actual_load,Actual Load,2026-07-21T00:11:54Z
2026-07-21T00:11:51Z,2026-07-21T02:11:51+0200,ca480415-0e53-4d99-b8f2-f778c2de0ac2,2026-07-15T21:15:00Z,2026-07-15T23:15:00+0200,9179.22,MW,BE,BE,actual_load,Actual Load,2026-07-21T00:11:54Z
2026-07-21T00:11:51Z,2026-07-21T02:11:51+0200,ca480415-0e53-4d99-b8f2-f778c2de0ac2,2026-07-15T21:30:00Z,2026-07-15T23:30:00+0200,9083.8,MW,BE,BE,actual_load,Actual Load,2026-07-21T00:11:54Z
2026-07-21T00:11:51Z,2026-07-21T02:11:51+0200,ca480415-0e53-4d99-b8f2-f778c2de0ac2,2026-07-15T21:45:00Z,2026-07-15T23:45:00+0200,9063.3,MW,BE,BE,actual_load,Actual Load,2026-07-21T00:11:54Z
2026-07-21T00:11:51Z,2026-07-21T02:11:51+0200,ca480415-0e53-4d99-b8f2-f778c2de0ac2,2026-07-15T22:00:00Z,2026-07-16T00:00:00+0200,8845.53,MW,BE,BE,actual_load,Actual Load,2026-07-21T00:11:54Z
2026-07-21T00:11:51Z,2026-07-21T02:11:51+0200,ca480415-0e53-4d99-b8f2-f778c2de0ac2,2026-07-15T22:15:00Z,2026-07-16T00:15:00+0200,8794.75,MW,BE,BE,actual_load,Actual Load,2026-07-21T00:11:54Z
2026-07-21T00:11:51Z,2026-07-21T02:11:51+0200,ca480415-0e53-4d99-b8f2-f778c2de0ac2,2026-07-15T22:30:00Z,2026-07-16T00:30:00+0200,8597.18,MW,BE,BE,actual_load,Actual Load,2026-07-21T00:11:54Z
2026-07-21T00:11:51Z,2026-07-21T02:11:51+0200,ca480415-0e53-4d99-b8f2-f778c2de0ac2,2026-07-15T22:45:00Z,2026-07-16T00:45:00+0200,8491.79,MW,BE,BE,actual_load,Actual Load,2026-07-21T00:11:54Z
2026-07-21T00:11:51Z,2026-07-21T02:11:51+0200,ca480415-0e53-4d99-b8f2-f778c2de0ac2,2026-07-15T23:00:00Z,2026-07-16T01:00:00+0200,8348.75,MW,BE,BE,actual_load,Actual Load,2026-07-21T00:11:54Z
2026-07-21T00:11:51Z,2026-07-21T02:11:51+0200,ca480415-0e53-4d99-b8f2-f778c2de0ac2,2026-07-15T23:15:00Z,2026-07-16T01:15:00+0200,8242.76,MW,BE,BE,actual_load,Actual Load,2026-07-21T00:11:54Z
2026-07-21T00:11:51Z,2026-07-21T02:11:51+0200,ca480415-0e53-4d99-b8f2-f778c2de0ac2,2026-07-15T23:30:00Z,2026-07-16T01:30:00+0200,8095.31,MW,BE,BE,actual_load,Actual Load,2026-07-21T00:11:54Z
2026-07-21T00:11:51Z,2026-07-21T02:11:51+0200,ca480415-0e53-4d99-b8f2-f778c2de0ac2,2026-07-15T23:45:00Z,2026-07-16T01:45:00+0200,7975.73,MW,BE,BE,actual_load,Actual Load,2026-07-21T00:11:54Z
2026-07-21T00:11:51Z,2026-07-21T02:11:51+0200,ca480415-0e53-4d99-b8f2-f778c2de0ac2,2026-07-16T00:00:00Z,2026-07-16T02:00:00+0200,7931.29,MW,BE,BE,actual_load,Actual Load,2026-07-21T00:11:54Z
2026-07-21T00:11:51Z,2026-07-21T02:11:51+0200,ca480415-0e53-4d99-b8f2-f778c2de0ac2,2026-07-16T00:15:00Z,2026-07-16T02:15:00+0200,7829.44,MW,BE,BE,actual_load,Actual Load,2026-07-21T00:11:54Z
2026-07-21T00:11:51Z,2026-07-21T02:11:51+0200,ca480415-0e53-4d99-b8f2-f778c2de0ac2,2026-07-16T00:30:00Z,2026-07-16T02:30:00+0200,7835.5,MW,BE,BE,actual_load,Actual Load,2026-07-21T00:11:54Z
2026-07-21T00:11:51Z,2026-07-21T02:11:51+0200,ca480415-0e53-4d99-b8f2-f778c2de0ac2,2026-07-16T00:45:00Z,2026-07-16T02:45:00+0200,7794.46,MW,BE,BE,actual_load,Actual Load,2026-07-21T00:11:54Z
2026-07-21T00:11:51Z,2026-07-21T02:11:51+0200,ca480415-0e53-4d99-b8f2-f778c2de0ac2,2026-07-16T01:00:00Z,2026-07-16T03:00:00+0200,7774.06,MW,BE,BE,actual_load,Actual Load,2026-07-21T00:11:54Z
2026-07-21T00:11:51Z,2026-07-21T02:11:51+0200,ca480415-0e53-4d99-b8f2-f778c2de0ac2,2026-07-16T01:15:00Z,2026-07-16T03:15:00+0200,7747.0,MW,BE,BE,actual_load,Actual Load,2026-07-21T00:11:54Z
2026-07-21T00:11:51Z,2026-07-21T02:11:51+0200,ca480415-0e53-4d99-b8f2-f778c2de0ac2,2026-07-16T01:30:00Z,2026-07-16T03:30:00+0200,7780.61,MW,BE,BE,actual_load,Actual Load,2026-07-21T00:11:54Z
2026-07-21T00:11:51Z,2026-07-21T02:11:51+0200,ca480415-0e53-4d99-b8f2-f778c2de0ac2,2026-07-16T01:45:00Z,2026-07-16T03:45:00+0200,7773.27,MW,BE,BE,actual_load,Actual Load,2026-07-21T00:11:54Z
2026-07-21T00:11:51Z,2026-07-21T02:11:51+0200,ca480415-0e53-4d99-b8f2-f778c2de0ac2,2026-07-16T02:00:00Z,2026-07-16T04:00:00+0200,7697.04,MW,BE,BE,actual_load,Actual Load,2026-07-21T00:11:54Z
2026-07-21T00:11:51Z,2026-07-21T02:11:51+0200,ca480415-0e53-4d99-b8f2-f778c2de0ac2,2026-07-16T02:15:00Z,2026-07-16T04:15:00+0200,7662.4,MW,BE,BE,actual_load,Actual Load,2026-07-21T00:11:54Z
2026-07-21T00:11:51Z,2026-07-21T02:11:51+0200,ca480415-0e53-4d99-b8f2-f778c2de0ac2,2026-07-16T02:30:00Z,2026-07-16T04:30:00+0200,7795.36,MW,BE,BE,actual_load,Actual Load,2026-07-21T00:11:54Z
2026-07-21T00:11:51Z,2026-07-21T02:11:51+0200,ca480415-0e53-4d99-b8f2-f778c2de0ac2,2026-07-16T02:45:00Z,2026-07-16T04:45:00+0200,7847.53,MW,BE,BE,actual_load,Actual Load,2026-07-21T00:11:54Z
2026-07-21T00:11:51Z,2026-07-21T02:11:51+0200,ca480415-0e53-4d99-b8f2-f778c2de0ac2,2026-07-16T03:00:00Z,2026-07-16T05:00:00+0200,8064.41,MW,BE,BE,actual_load,Actual Load,2026-07-21T00:11:54Z
2026-07-21T00:11:51Z,2026-07-21T02:11:51+0200,ca480415-0e53-4d99-b8f2-f778c2de0ac2,2026-07-16T03:15:00Z,2026-07-16T05:15:00+0200,8021.17,MW,BE,BE,actual_load,Actual Load,2026-07-21T00:11:54Z
2026-07-21T00:11:51Z,2026-07-21T02:11:51+0200,ca480415-0e53-4d99-b8f2-f778c2de0ac2,2026-07-16T03:30:00Z,2026-07-16T05:30:00+0200,7926.61,MW,BE,BE,actual_load,Actual Load,2026-07-21T00:11:54Z
2026-07-21T00:11:51Z,2026-07-21T02:11:51+0200,ca480415-0e53-4d99-b8f2-f778c2de0ac2,2026-07-16T03:45:00Z,2026-07-16T05:45:00+0200,7957.2,MW,BE,BE,actual_load,Actual Load,2026-07-21T00:11:54Z
2026-07-21T00:11:51Z,2026-07-21T02:11:51+0200,ca480415-0e53-4d99-b8f2-f778c2de0ac2,2026-07-16T04:00:00Z,2026-07-16T06:00:00+0200,8180.08,MW,BE,BE,actual_load,Actual Load,2026-07-21T00:11:54Z
2026-07-21T00:11:51Z,2026-07-21T02:11:51+0200,ca480415-0e53-4d99-b8f2-f778c2de0ac2,2026-07-16T04:15:00Z,2026-07-16T06:15:00+0200,8413.83,MW,BE,BE,actual_load,Actual Load,2026-07-21T00:11:54Z
2026-07-21T00:11:51Z,2026-07-21T02:11:51+0200,ca480415-0e53-4d99-b8f2-f778c2de0ac2,2026-07-16T04:30:00Z,2026-07-16T06:30:00+0200,8678.15,MW,BE,BE,actual_load,Actual Load,2026-07-21T00:11:54Z
2026-07-21T00:11:51Z,2026-07-21T02:11:51+0200,ca480415-0e53-4d99-b8f2-f778c2de0ac2,2026-07-16T04:45:00Z,2026-07-16T06:45:00+0200,8792.89,MW,BE,BE,actual_load,Actual Load,2026-07-21T00:11:54Z
2026-07-21T00:11:51Z,2026-07-21T02:11:51+0200,ca480415-0e53-4d99-b8f2-f778c2de0ac2,2026-07-16T05:00:00Z,2026-07-16T07:00:00+0200,8812.4,MW,BE,BE,actual_load,Actual Load,2026-07-21T00:11:54Z
2026-07-21T00:11:51Z,2026-07-21T02:11:51+0200,ca480415-0e53-4d99-b8f2-f778c2de0ac2,2026-07-16T05:15:00Z,2026-07-16T07:15:00+0200,8944.19,MW,BE,BE,actual_load,Actual Load,2026-07-21T00:11:54Z
2026-07-21T00:11:51Z,2026-07-21T02:11:51+0200,ca480415-0e53-4d99-b8f2-f778c2de0ac2,2026-07-16T05:30:00Z,2026-07-16T07:30:00+0200,9155.05,MW,BE,BE,actual_load,Actual Load,2026-07-21T00:11:54Z
2026-07-21T00:11:51Z,2026-07-21T02:11:51+0200,ca480415-0e53-4d99-b8f2-f778c2de0ac2,2026-07-16T05:45:00Z,2026-07-16T07:45:00+0200,9365.55,MW,BE,BE,actual_load,Actual Load,2026-07-21T00:11:54Z
2026-07-21T00:11:51Z,2026-07-21T02:11:51+0200,ca480415-0e53-4d99-b8f2-f778c2de0ac2,2026-07-16T06:00:00Z,2026-07-16T08:00:00+0200,9492.26,MW,BE,BE,actual_load,Actual Load,2026-07-21T00:11:54Z
2026-07-21T00:11:51Z,2026-07-21T02:11:51+0200,ca480415-0e53-4d99-b8f2-f778c2de0ac2,2026-07-16T06:15:00Z,2026-07-16T08:15:00+0200,9583.08,MW,BE,BE,actual_load,Actual Load,2026-07-21T00:11:54Z
2026-07-21T00:11:51Z,2026-07-21T02:11:51+0200,ca480415-0e53-4d99-b8f2-f778c2de0ac2,2026-07-16T06:30:00Z,2026-07-16T08:30:00+0200,9679.86,MW,BE,BE,actual_load,Actual Load,2026-07-21T00:11:54Z
2026-07-21T00:11:51Z,2026-07-21T02:11:51+0200,ca480415-0e53-4d99-b8f2-f778c2de0ac2,2026-07-16T06:45:00Z,2026-07-16T08:45:00+0200,9814.34,MW,BE,BE,actual_load,Actual Load,2026-07-21T00:11:54Z
2026-07-21T00:11:51Z,2026-07-21T02:11:51+0200,ca480415-0e53-4d99-b8f2-f778c2de0ac2,2026-07-16T07:00:00Z,2026-07-16T09:00:00+0200,9886.58,MW,BE,BE,actual_load,Actual Load,2026-07-21T00:11:54Z
2026-07-21T00:11:51Z,2026-07-21T02:11:51+0200,ca480415-0e53-4d99-b8f2-f778c2de0ac2,2026-07-16T07:15:00Z,2026-07-16T09:15:00+0200,10071.32,MW,BE,BE,actual_load,Actual Load,2026-07-21T00:11:54Z
2026-07-21T00:11:51Z,2026-07-21T02:11:51+0200,ca480415-0e53-4d99-b8f2-f778c2de0ac2,2026-07-16T07:30:00Z,2026-07-16T09:30:00+0200,10331.05,MW,BE,BE,actual_load,Actual Load,2026-07-21T00:11:54Z
2026-07-21T00:11:51Z,2026-07-21T02:11:51+0200,ca480415-0e53-4d99-b8f2-f778c2de0ac2,2026-07-16T07:45:00Z,2026-07-16T09:45:00+0200,10437.99,MW,BE,BE,actual_load,Actual Load,2026-07-21T00:11:54Z
2026-07-21T00:11:51Z,2026-07-21T02:11:51+0200,ca480415-0e53-4d99-b8f2-f778c2de0ac2,2026-07-16T08:00:00Z,2026-07-16T10:00:00+0200,10477.83,MW,BE,BE,actual_load,Actual Load,2026-07-21T00:11:54Z
2026-07-21T00:11:51Z,2026-07-21T02:11:51+0200,ca480415-0e53-4d99-b8f2-f778c2de0ac2,2026-07-16T08:15:00Z,2026-07-16T10:15:00+0200,10512.86,MW,BE,BE,actual_load,Actual Load,2026-07-21T00:11:54Z
2026-07-21T00:11:51Z,2026-07-21T02:11:51+0200,ca480415-0e53-4d99-b8f2-f778c2de0ac2,2026-07-16T08:30:00Z,2026-07-16T10:30:00+0200,10660.19,MW,BE,BE,actual_load,Actual Load,2026-07-21T00:11:54Z
2026-07-21T00:11:51Z,2026-07-21T02:11:51+0200,ca480415-0e53-4d99-b8f2-f778c2de0ac2,2026-07-16T08:45:00Z,2026-07-16T10:45:00+0200,10678.58,MW,BE,BE,actual_load,Actual Load,2026-07-21T00:11:54Z
2026-07-21T00:11:51Z,2026-07-21T02:11:51+0200,ca480415-0e53-4d99-b8f2-f778c2de0ac2,2026-07-16T09:00:00Z,2026-07-16T11:00:00+0200,10796.29,MW,BE,BE,actual_load,Actual Load,2026-07-21T00:11:54Z
2026-07-21T00:11:51Z,2026-07-21T02:11:51+0200,ca480415-0e53-4d99-b8f2-f778c2de0ac2,2026-07-16T09:15:00Z,2026-07-16T11:15:00+0200,10892.38,MW,BE,BE,actual_load,Actual Load,2026-07-21T00:11:54Z
2026-07-21T00:11:51Z,2026-07-21T02:11:51+0200,ca480415-0e53-4d99-b8f2-f778c2de0ac2,2026-07-16T09:30:00Z,2026-07-16T11:30:00+0200,11009.22,MW,BE,BE,actual_load,Actual Load,2026-07-21T00:11:54Z
2026-07-21T00:11:51Z,2026-07-21T02:11:51+0200,ca480415-0e53-4d99-b8f2-f778c2de0ac2,2026-07-16T09:45:00Z,2026-07-16T11:45:00+0200,11262.15,MW,BE,BE,actual_load,Actual Load,2026-07-21T00:11:54Z
2026-07-21T00:11:51Z,2026-07-21T02:11:51+0200,ca480415-0e53-4d99-b8f2-f778c2de0ac2,2026-07-16T10:00:00Z,2026-07-16T12:00:00+0200,11226.8,MW,BE,BE,actual_load,Actual Load,2026-07-21T00:11:54Z
2026-07-21T00:11:51Z,2026-07-21T02:11:51+0200,ca480415-0e53-4d99-b8f2-f778c2de0ac2,2026-07-16T10:15:00Z,2026-07-16T12:15:00+0200,11168.24,MW,BE,BE,actual_load,Actual Load,2026-07-21T00:11:54Z
2026-07-21T00:11:51Z,2026-07-21T02:11:51+0200,ca480415-0e53-4d99-b8f2-f778c2de0ac2,2026-07-16T10:30:00Z,2026-07-16T12:30:00+0200,11192.24,MW,BE,BE,actual_load,Actual Load,2026-07-21T00:11:54Z
2026-07-21T00:11:51Z,2026-07-21T02:11:51+0200,ca480415-0e53-4d99-b8f2-f778c2de0ac2,2026-07-16T10:45:00Z,2026-07-16T12:45:00+0200,11237.11,MW,BE,BE,actual_load,Actual Load,2026-07-21T00:11:54Z
2026-07-21T00:11:51Z,2026-07-21T02:11:51+0200,ca480415-0e53-4d99-b8f2-f778c2de0ac2,2026-07-16T11:00:00Z,2026-07-16T13:00:00+0200,11209.88,MW,BE,BE,actual_load,Actual Load,2026-07-21T00:11:54Z
2026-07-21T00:11:51Z,2026-07-21T02:11:51+0200,ca480415-0e53-4d99-b8f2-f778c2de0ac2,2026-07-16T11:15:00Z,2026-07-16T13:15:00+0200,11157.81,MW,BE,BE,actual_load,Actual Load,2026-07-21T00:11:54Z
2026-07-21T00:11:51Z,2026-07-21T02:11:51+0200,ca480415-0e53-4d99-b8f2-f778c2de0ac2,2026-07-16T11:30:00Z,2026-07-16T13:30:00+0200,11115.69,MW,BE,BE,actual_load,Actual Load,2026-07-21T00:11:54Z
2026-07-21T00:11:51Z,2026-07-21T02:11:51+0200,ca480415-0e53-4d99-b8f2-f778c2de0ac2,2026-07-16T11:45:00Z,2026-07-16T13:45:00+0200,11065.7,MW,BE,BE,actual_load,Actual Load,2026-07-21T00:11:54Z
2026-07-21T00:11:51Z,2026-07-21T02:11:51+0200,ca480415-0e53-4d99-b8f2-f778c2de0ac2,2026-07-16T12:00:00Z,2026-07-16T14:00:00+0200,11056.57,MW,BE,BE,actual_load,Actual Load,2026-07-21T00:11:54Z
2026-07-21T00:11:51Z,2026-07-21T02:11:51+0200,ca480415-0e53-4d99-b8f2-f778c2de0ac2,2026-07-16T12:15:00Z,2026-07-16T14:15:00+0200,11004.22,MW,BE,BE,actual_load,Actual Load,2026-07-21T00:11:54Z
2026-07-21T00:11:51Z,2026-07-21T02:11:51+0200,ca480415-0e53-4d99-b8f2-f778c2de0ac2,2026-07-16T12:30:00Z,2026-07-16T14:30:00+0200,10907.96,MW,BE,BE,actual_load,Actual Load,2026-07-21T00:11:54Z
2026-07-21T00:11:51Z,2026-07-21T02:11:51+0200,ca480415-0e53-4d99-b8f2-f778c2de0ac2,2026-07-16T12:45:00Z,2026-07-16T14:45:00+0200,10742.89,MW,BE,BE,actual_load,Actual Load,2026-07-21T00:11:54Z
2026-07-21T00:11:51Z,2026-07-21T02:11:51+0200,ca480415-0e53-4d99-b8f2-f778c2de0ac2,2026-07-16T13:00:00Z,2026-07-16T15:00:00+0200,10685.78,MW,BE,BE,actual_load,Actual Load,2026-07-21T00:11:54Z
2026-07-21T00:11:51Z,2026-07-21T02:11:51+0200,ca480415-0e53-4d99-b8f2-f778c2de0ac2,2026-07-16T13:15:00Z,2026-07-16T15:15:00+0200,10704.08,MW,BE,BE,actual_load,Actual Load,2026-07-21T00:11:54Z
2026-07-21T00:11:51Z,2026-07-21T02:11:51+0200,ca480415-0e53-4d99-b8f2-f778c2de0ac2,2026-07-16T13:30:00Z,2026-07-16T15:30:00+0200,10579.64,MW,BE,BE,actual_load,Actual Load,2026-07-21T00:11:54Z
2026-07-21T00:11:51Z,2026-07-21T02:11:51+0200,ca480415-0e53-4d99-b8f2-f778c2de0ac2,2026-07-16T13:45:00Z,2026-07-16T15:45:00+0200,10446.28,MW,BE,BE,actual_load,Actual Load,2026-07-21T00:11:54Z
2026-07-21T00:11:51Z,2026-07-21T02:11:51+0200,ca480415-0e53-4d99-b8f2-f778c2de0ac2,2026-07-16T14:00:00Z,2026-07-16T16:00:00+0200,10406.5,MW,BE,BE,actual_load,Actual Load,2026-07-21T00:11:54Z
2026-07-21T00:11:51Z,2026-07-21T02:11:51+0200,ca480415-0e53-4d99-b8f2-f778c2de0ac2,2026-07-16T14:15:00Z,2026-07-16T16:15:00+0200,10176.18,MW,BE,BE,actual_load,Actual Load,2026-07-21T00:11:54Z
2026-07-21T00:11:51Z,2026-07-21T02:11:51+0200,ca480415-0e53-4d99-b8f2-f778c2de0ac2,2026-07-16T14:30:00Z,2026-07-16T16:30:00+0200,10302.3,MW,BE,BE,actual_load,Actual Load,2026-07-21T00:11:54Z
2026-07-21T00:11:51Z,2026-07-21T02:11:51+0200,ca480415-0e53-4d99-b8f2-f778c2de0ac2,2026-07-16T14:45:00Z,2026-07-16T16:45:00+0200,10232.48,MW,BE,BE,actual_load,Actual Load,2026-07-21T00:11:54Z
2026-07-21T00:11:51Z,2026-07-21T02:11:51+0200,ca480415-0e53-4d99-b8f2-f778c2de0ac2,2026-07-16T15:00:00Z,2026-07-16T17:00:00+0200,10336.95,MW,BE,BE,actual_load,Actual Load,2026-07-21T00:11:54Z
2026-07-21T00:11:51Z,2026-07-21T02:11:51+0200,ca480415-0e53-4d99-b8f2-f778c2de0ac2,2026-07-16T15:15:00Z,2026-07-16T17:15:00+0200,10281.61,MW,BE,BE,actual_load,Actual Load,2026-07-21T00:11:54Z
2026-07-21T00:11:51Z,2026-07-21T02:11:51+0200,ca480415-0e53-4d99-b8f2-f778c2de0ac2,2026-07-16T15:30:00Z,2026-07-16T17:30:00+0200,10227.8,MW,BE,BE,actual_load,Actual Load,2026-07-21T00:11:54Z
2026-07-21T00:11:51Z,2026-07-21T02:11:51+0200,ca480415-0e53-4d99-b8f2-f778c2de0ac2,2026-07-16T15:45:00Z,2026-07-16T17:45:00+0200,10176.29,MW,BE,BE,actual_load,Actual Load,2026-07-21T00:11:54Z
2026-07-21T00:11:51Z,2026-07-21T02:11:51+0200,ca480415-0e53-4d99-b8f2-f778c2de0ac2,2026-07-16T16:00:00Z,2026-07-16T18:00:00+0200,10084.91,MW,BE,BE,actual_load,Actual Load,2026-07-21T00:11:54Z
2026-07-21T00:11:51Z,2026-07-21T02:11:51+0200,ca480415-0e53-4d99-b8f2-f778c2de0ac2,2026-07-16T16:15:00Z,2026-07-16T18:15:00+0200,10150.92,MW,BE,BE,actual_load,Actual Load,2026-07-21T00:11:54Z
2026-07-21T00:11:51Z,2026-07-21T02:11:51+0200,ca480415-0e53-4d99-b8f2-f778c2de0ac2,2026-07-16T16:30:00Z,2026-07-16T18:30:00+0200,10165.49,MW,BE,BE,actual_load,Actual Load,2026-07-21T00:11:54Z
2026-07-21T00:11:51Z,2026-07-21T02:11:51+0200,ca480415-0e53-4d99-b8f2-f778c2de0ac2,2026-07-16T16:45:00Z,2026-07-16T18:45:00+0200,10114.03,MW,BE,BE,actual_load,Actual Load,2026-07-21T00:11:54Z
2026-07-21T00:11:51Z,2026-07-21T02:11:51+0200,ca480415-0e53-4d99-b8f2-f778c2de0ac2,2026-07-16T17:00:00Z,2026-07-16T19:00:00+0200,9976.83,MW,BE,BE,actual_load,Actual Load,2026-07-21T00:11:54Z
2026-07-21T00:11:51Z,2026-07-21T02:11:51+0200,ca480415-0e53-4d99-b8f2-f778c2de0ac2,2026-07-16T17:15:00Z,2026-07-16T19:15:00+0200,9954.46,MW,BE,BE,actual_load,Actual Load,2026-07-21T00:11:54Z
2026-07-21T00:11:51Z,2026-07-21T02:11:51+0200,ca480415-0e53-4d99-b8f2-f778c2de0ac2,2026-07-16T17:30:00Z,2026-07-16T19:30:00+0200,9875.44,MW,BE,BE,actual_load,Actual Load,2026-07-21T00:11:54Z
2026-07-21T00:11:51Z,2026-07-21T02:11:51+0200,ca480415-0e53-4d99-b8f2-f778c2de0ac2,2026-07-16T17:45:00Z,2026-07-16T19:45:00+0200,9834.82,MW,BE,BE,actual_load,Actual Load,2026-07-21T00:11:54Z
2026-07-21T00:11:51Z,2026-07-21T02:11:51+0200,ca480415-0e53-4d99-b8f2-f778c2de0ac2,2026-07-16T18:00:00Z,2026-07-16T20:00:00+0200,9935.95,MW,BE,BE,actual_load,Actual Load,2026-07-21T00:11:54Z
2026-07-21T00:11:51Z,2026-07-21T02:11:51+0200,ca480415-0e53-4d99-b8f2-f778c2de0ac2,2026-07-16T18:15:00Z,2026-07-16T20:15:00+0200,9799.29,MW,BE,BE,actual_load,Actual Load,2026-07-21T00:11:54Z
2026-07-21T00:11:51Z,2026-07-21T02:11:51+0200,ca480415-0e53-4d99-b8f2-f778c2de0ac2,2026-07-16T18:30:00Z,2026-07-16T20:30:00+0200,9674.58,MW,BE,BE,actual_load,Actual Load,2026-07-21T00:11:54Z
2026-07-21T00:11:51Z,2026-07-21T02:11:51+0200,ca480415-0e53-4d99-b8f2-f778c2de0ac2,2026-07-16T18:45:00Z,2026-07-16T20:45:00+0200,9642.79,MW,BE,BE,actual_load,Actual Load,2026-07-21T00:11:54Z
2026-07-21T00:11:51Z,2026-07-21T02:11:51+0200,ca480415-0e53-4d99-b8f2-f778c2de0ac2,2026-07-16T19:00:00Z,2026-07-16T21:00:00+0200,9509.83,MW,BE,BE,actual_load,Actual Load,2026-07-21T00:11:54Z
2026-07-21T00:11:51Z,2026-07-21T02:11:51+0200,ca480415-0e53-4d99-b8f2-f778c2de0ac2,2026-07-16T19:15:00Z,2026-07-16T21:15:00+0200,9424.16,MW,BE,BE,actual_load,Actual Load,2026-07-21T00:11:54Z
2026-07-21T00:11:51Z,2026-07-21T02:11:51+0200,ca480415-0e53-4d99-b8f2-f778c2de0ac2,2026-07-16T19:30:00Z,2026-07-16T21:30:00+0200,9376.81,MW,BE,BE,actual_load,Actual Load,2026-07-21T00:11:54Z
2026-07-21T00:11:51Z,2026-07-21T02:11:51+0200,ca480415-0e53-4d99-b8f2-f778c2de0ac2,2026-07-16T19:45:00Z,2026-07-16T21:45:00+0200,9375.91,MW,BE,BE,actual_load,Actual Load,2026-07-21T00:11:54Z
2026-07-21T00:11:51Z,2026-07-21T02:11:51+0200,ca480415-0e53-4d99-b8f2-f778c2de0ac2,2026-07-16T20:00:00Z,2026-07-16T22:00:00+0200,9263.62,MW,BE,BE,actual_load,Actual Load,2026-07-21T00:11:54Z
2026-07-21T00:11:51Z,2026-07-21T02:11:51+0200,ca480415-0e53-4d99-b8f2-f778c2de0ac2,2026-07-16T20:15:00Z,2026-07-16T22:15:00+0200,9276.66,MW,BE,BE,actual_load,Actual Load,2026-07-21T00:11:54Z
2026-07-21T00:11:51Z,2026-07-21T02:11:51+0200,ca480415-0e53-4d99-b8f2-f778c2de0ac2,2026-07-16T20:30:00Z,2026-07-16T22:30:00+0200,9174.71,MW,BE,BE,actual_load,Actual Load,2026-07-21T00:11:54Z
2026-07-21T00:11:51Z,2026-07-21T02:11:51+0200,ca480415-0e53-4d99-b8f2-f778c2de0ac2,2026-07-16T20:45:00Z,2026-07-16T22:45:00+0200,9254.72,MW,BE,BE,actual_load,Actual Load,2026-07-21T00:11:54Z
2026-07-21T00:11:51Z,2026-07-21T02:11:51+0200,ca480415-0e53-4d99-b8f2-f778c2de0ac2,2026-07-16T21:00:00Z,2026-07-16T23:00:00+0200,9094.54,MW,BE,BE,actual_load,Actual Load,2026-07-21T00:11:54Z
2026-07-21T00:11:51Z,2026-07-21T02:11:51+0200,ca480415-0e53-4d99-b8f2-f778c2de0ac2,2026-07-16T21:15:00Z,2026-07-16T23:15:00+0200,8985.9,MW,BE,BE,actual_load,Actual Load,2026-07-21T00:11:54Z
2026-07-21T00:11:51Z,2026-07-21T02:11:51+0200,ca480415-0e53-4d99-b8f2-f778c2de0ac2,2026-07-16T21:30:00Z,2026-07-16T23:30:00+0200,8880.3,MW,BE,BE,actual_load,Actual Load,2026-07-21T00:11:54Z
2026-07-21T00:11:51Z,2026-07-21T02:11:51+0200,ca480415-0e53-4d99-b8f2-f778c2de0ac2,2026-07-16T21:45:00Z,2026-07-16T23:45:00+0200,8788.02,MW,BE,BE,actual_load,Actual Load,2026-07-21T00:11:54Z
2026-07-21T00:11:51Z,2026-07-21T02:11:51+0200,ca480415-0e53-4d99-b8f2-f778c2de0ac2,2026-07-16T22:00:00Z,2026-07-17T00:00:00+0200,8695.24,MW,BE,BE,actual_load,Actual Load,2026-07-21T00:11:54Z
2026-07-21T00:11:51Z,2026-07-21T02:11:51+0200,ca480415-0e53-4d99-b8f2-f778c2de0ac2,2026-07-16T22:15:00Z,2026-07-17T00:15:00+0200,8583.77,MW,BE,BE,actual_load,Actual Load,2026-07-21T00:11:54Z
2026-07-21T00:11:51Z,2026-07-21T02:11:51+0200,ca480415-0e53-4d99-b8f2-f778c2de0ac2,2026-07-16T22:30:00Z,2026-07-17T00:30:00+0200,8493.61,MW,BE,BE,actual_load,Actual Load,2026-07-21T00:11:54Z
2026-07-21T00:11:51Z,2026-07-21T02:11:51+0200,ca480415-0e53-4d99-b8f2-f778c2de0ac2,2026-07-16T22:45:00Z,2026-07-17T00:45:00+0200,8438.17,MW,BE,BE,actual_load,Actual Load,2026-07-21T00:11:54Z
2026-07-21T00:11:51Z,2026-07-21T02:11:51+0200,ca480415-0e53-4d99-b8f2-f778c2de0ac2,2026-07-16T23:00:00Z,2026-07-17T01:00:00+0200,8419.64,MW,BE,BE,actual_load,Actual Load,2026-07-21T00:11:54Z
2026-07-21T00:11:51Z,2026-07-21T02:11:51+0200,ca480415-0e53-4d99-b8f2-f778c2de0ac2,2026-07-16T23:15:00Z,2026-07-17T01:15:00+0200,8325.38,MW,BE,BE,actual_load,Actual Load,2026-07-21T00:11:54Z
2026-07-21T00:11:51Z,2026-07-21T02:11:51+0200,ca480415-0e53-4d99-b8f2-f778c2de0ac2,2026-07-16T23:30:00Z,2026-07-17T01:30:00+0200,8283.14,MW,BE,BE,actual_load,Actual Load,2026-07-21T00:11:54Z
2026-07-21T00:11:51Z,2026-07-21T02:11:51+0200,ca480415-0e53-4d99-b8f2-f778c2de0ac2,2026-07-16T23:45:00Z,2026-07-17T01:45:00+0200,8187.78,MW,BE,BE,actual_load,Actual Load,2026-07-21T00:11:54Z
2026-07-21T00:11:51Z,2026-07-21T02:11:51+0200,ca480415-0e53-4d99-b8f2-f778c2de0ac2,2026-07-17T00:00:00Z,2026-07-17T02:00:00+0200,8156.37,MW,BE,BE,actual_load,Actual Load,2026-07-21T00:11:54Z
2026-07-21T00:11:51Z,2026-07-21T02:11:51+0200,ca480415-0e53-4d99-b8f2-f778c2de0ac2,2026-07-17T00:15:00Z,2026-07-17T02:15:00+0200,8082.14,MW,BE,BE,actual_load,Actual Load,2026-07-21T00:11:54Z
2026-07-21T00:11:51Z,2026-07-21T02:11:51+0200,ca480415-0e53-4d99-b8f2-f778c2de0ac2,2026-07-17T00:30:00Z,2026-07-17T02:30:00+0200,8030.42,MW,BE,BE,actual_load,Actual Load,2026-07-21T00:11:54Z
2026-07-21T00:11:51Z,2026-07-21T02:11:51+0200,ca480415-0e53-4d99-b8f2-f778c2de0ac2,2026-07-17T00:45:00Z,2026-07-17T02:45:00+0200,7914.06,MW,BE,BE,actual_load,Actual Load,2026-07-21T00:11:54Z
2026-07-21T00:11:51Z,2026-07-21T02:11:51+0200,ca480415-0e53-4d99-b8f2-f778c2de0ac2,2026-07-17T01:00:00Z,2026-07-17T03:00:00+0200,7840.46,MW,BE,BE,actual_load,Actual Load,2026-07-21T00:11:54Z
2026-07-21T00:11:51Z,2026-07-21T02:11:51+0200,ca480415-0e53-4d99-b8f2-f778c2de0ac2,2026-07-17T01:15:00Z,2026-07-17T03:15:00+0200,7916.2,MW,BE,BE,actual_load,Actual Load,2026-07-21T00:11:54Z
2026-07-21T00:11:51Z,2026-07-21T02:11:51+0200,ca480415-0e53-4d99-b8f2-f778c2de0ac2,2026-07-17T01:30:00Z,2026-07-17T03:30:00+0200,7886.5,MW,BE,BE,actual_load,Actual Load,2026-07-21T00:11:54Z
2026-07-21T00:11:51Z,2026-07-21T02:11:51+0200,ca480415-0e53-4d99-b8f2-f778c2de0ac2,2026-07-17T01:45:00Z,2026-07-17T03:45:00+0200,7976.87,MW,BE,BE,actual_load,Actual Load,2026-07-21T00:11:54Z
2026-07-21T00:11:51Z,2026-07-21T02:11:51+0200,ca480415-0e53-4d99-b8f2-f778c2de0ac2,2026-07-17T02:00:00Z,2026-07-17T04:00:00+0200,8019.38,MW,BE,BE,actual_load,Actual Load,2026-07-21T00:11:54Z
2026-07-21T00:11:51Z,2026-07-21T02:11:51+0200,ca480415-0e53-4d99-b8f2-f778c2de0ac2,2026-07-17T02:15:00Z,2026-07-17T04:15:00+0200,7966.86,MW,BE,BE,actual_load,Actual Load,2026-07-21T00:11:54Z
2026-07-21T00:11:51Z,2026-07-21T02:11:51+0200,ca480415-0e53-4d99-b8f2-f778c2de0ac2,2026-07-17T02:30:00Z,2026-07-17T04:30:00+0200,8020.98,MW,BE,BE,actual_load,Actual Load,2026-07-21T00:11:54Z
2026-07-21T00:11:51Z,2026-07-21T02:11:51+0200,ca480415-0e53-4d99-b8f2-f778c2de0ac2,2026-07-17T02:45:00Z,2026-07-17T04:45:00+0200,8020.15,MW,BE,BE,actual_load,Actual Load,2026-07-21T00:11:54Z
2026-07-21T00:11:51Z,2026-07-21T02:11:51+0200,ca480415-0e53-4d99-b8f2-f778c2de0ac2,2026-07-17T03:00:00Z,2026-07-17T05:00:00+0200,8141.22,MW,BE,BE,actual_load,Actual Load,2026-07-21T00:11:54Z
2026-07-21T00:11:51Z,2026-07-21T02:11:51+0200,ca480415-0e53-4d99-b8f2-f778c2de0ac2,2026-07-17T03:15:00Z,2026-07-17T05:15:00+0200,8163.42,MW,BE,BE,actual_load,Actual Load,2026-07-21T00:11:54Z
2026-07-21T00:11:51Z,2026-07-21T02:11:51+0200,ca480415-0e53-4d99-b8f2-f778c2de0ac2,2026-07-17T03:30:00Z,2026-07-17T05:30:00+0200,8155.5,MW,BE,BE,actual_load,Actual Load,2026-07-21T00:11:54Z
2026-07-21T00:11:51Z,2026-07-21T02:11:51+0200,ca480415-0e53-4d99-b8f2-f778c2de0ac2,2026-07-17T03:45:00Z,2026-07-17T05:45:00+0200,8184.47,MW,BE,BE,actual_load,Actual Load,2026-07-21T00:11:54Z
2026-07-21T00:11:51Z,2026-07-21T02:11:51+0200,ca480415-0e53-4d99-b8f2-f778c2de0ac2,2026-07-17T04:00:00Z,2026-07-17T06:00:00+0200,8336.76,MW,BE,BE,actual_load,Actual Load,2026-07-21T00:11:54Z
2026-07-21T00:11:51Z,2026-07-21T02:11:51+0200,ca480415-0e53-4d99-b8f2-f778c2de0ac2,2026-07-17T04:15:00Z,2026-07-17T06:15:00+0200,8492.63,MW,BE,BE,actual_load,Actual Load,2026-07-21T00:11:54Z
2026-07-21T00:11:51Z,2026-07-21T02:11:51+0200,ca480415-0e53-4d99-b8f2-f778c2de0ac2,2026-07-17T04:30:00Z,2026-07-17T06:30:00+0200,8634.26,MW,BE,BE,actual_load,Actual Load,2026-07-21T00:11:54Z
2026-07-21T00:11:51Z,2026-07-21T02:11:51+0200,ca480415-0e53-4d99-b8f2-f778c2de0ac2,2026-07-17T04:45:00Z,2026-07-17T06:45:00+0200,8767.87,MW,BE,BE,actual_load,Actual Load,2026-07-21T00:11:54Z
2026-07-21T00:11:51Z,2026-07-21T02:11:51+0200,ca480415-0e53-4d99-b8f2-f778c2de0ac2,2026-07-17T05:00:00Z,2026-07-17T07:00:00+0200,8885.61,MW,BE,BE,actual_load,Actual Load,2026-07-21T00:11:54Z
2026-07-21T00:11:51Z,2026-07-21T02:11:51+0200,ca480415-0e53-4d99-b8f2-f778c2de0ac2,2026-07-17T05:15:00Z,2026-07-17T07:15:00+0200,9084.85,MW,BE,BE,actual_load,Actual Load,2026-07-21T00:11:54Z
2026-07-21T00:11:51Z,2026-07-21T02:11:51+0200,ca480415-0e53-4d99-b8f2-f778c2de0ac2,2026-07-17T05:30:00Z,2026-07-17T07:30:00+0200,9212.01,MW,BE,BE,actual_load,Actual Load,2026-07-21T00:11:54Z
2026-07-21T00:11:51Z,2026-07-21T02:11:51+0200,ca480415-0e53-4d99-b8f2-f778c2de0ac2,2026-07-17T05:45:00Z,2026-07-17T07:45:00+0200,9379.85,MW,BE,BE,actual_load,Actual Load,2026-07-21T00:11:54Z
2026-07-21T00:11:51Z,2026-07-21T02:11:51+0200,ca480415-0e53-4d99-b8f2-f778c2de0ac2,2026-07-17T06:00:00Z,2026-07-17T08:00:00+0200,9404.68,MW,BE,BE,actual_load,Actual Load,2026-07-21T00:11:54Z
2026-07-21T00:11:51Z,2026-07-21T02:11:51+0200,ca480415-0e53-4d99-b8f2-f778c2de0ac2,2026-07-17T06:15:00Z,2026-07-17T08:15:00+0200,9482.42,MW,BE,BE,actual_load,Actual Load,2026-07-21T00:11:54Z
2026-07-21T00:11:51Z,2026-07-21T02:11:51+0200,ca480415-0e53-4d99-b8f2-f778c2de0ac2,2026-07-17T06:30:00Z,2026-07-17T08:30:00+0200,9641.93,MW,BE,BE,actual_load,Actual Load,2026-07-21T00:11:54Z
2026-07-21T00:11:51Z,2026-07-21T02:11:51+0200,ca480415-0e53-4d99-b8f2-f778c2de0ac2,2026-07-17T06:45:00Z,2026-07-17T08:45:00+0200,9829.16,MW,BE,BE,actual_load,Actual Load,2026-07-21T00:11:54Z
2026-07-21T00:11:51Z,2026-07-21T02:11:51+0200,ca480415-0e53-4d99-b8f2-f778c2de0ac2,2026-07-17T07:00:00Z,2026-07-17T09:00:00+0200,9859.87,MW,BE,BE,actual_load,Actual Load,2026-07-21T00:11:54Z
2026-07-21T00:11:51Z,2026-07-21T02:11:51+0200,ca480415-0e53-4d99-b8f2-f778c2de0ac2,2026-07-17T07:15:00Z,2026-07-17T09:15:00+0200,10016.14,MW,BE,BE,actual_load,Actual Load,2026-07-21T00:11:54Z
2026-07-21T00:11:51Z,2026-07-21T02:11:51+0200,ca480415-0e53-4d99-b8f2-f778c2de0ac2,2026-07-17T07:30:00Z,2026-07-17T09:30:00+0200,10022.25,MW,BE,BE,actual_load,Actual Load,2026-07-21T00:11:54Z
2026-07-21T00:11:51Z,2026-07-21T02:11:51+0200,ca480415-0e53-4d99-b8f2-f778c2de0ac2,2026-07-17T07:45:00Z,2026-07-17T09:45:00+0200,10149.74,MW,BE,BE,actual_load,Actual Load,2026-07-21T00:11:54Z
2026-07-21T00:11:51Z,2026-07-21T02:11:51+0200,ca480415-0e53-4d99-b8f2-f778c2de0ac2,2026-07-17T08:00:00Z,2026-07-17T10:00:00+0200,10308.31,MW,BE,BE,actual_load,Actual Load,2026-07-21T00:11:54Z
2026-07-21T00:11:51Z,2026-07-21T02:11:51+0200,ca480415-0e53-4d99-b8f2-f778c2de0ac2,2026-07-17T08:15:00Z,2026-07-17T10:15:00+0200,10406.87,MW,BE,BE,actual_load,Actual Load,2026-07-21T00:11:54Z
2026-07-21T00:11:51Z,2026-07-21T02:11:51+0200,ca480415-0e53-4d99-b8f2-f778c2de0ac2,2026-07-17T08:30:00Z,2026-07-17T10:30:00+0200,10303.11,MW,BE,BE,actual_load,Actual Load,2026-07-21T00:11:54Z
2026-07-21T00:11:51Z,2026-07-21T02:11:51+0200,ca480415-0e53-4d99-b8f2-f778c2de0ac2,2026-07-17T08:45:00Z,2026-07-17T10:45:00+0200,10364.88,MW,BE,BE,actual_load,Actual Load,2026-07-21T00:11:54Z
2026-07-21T00:11:51Z,2026-07-21T02:11:51+0200,ca480415-0e53-4d99-b8f2-f778c2de0ac2,2026-07-17T09:00:00Z,2026-07-17T11:00:00+0200,10357.49,MW,BE,BE,actual_load,Actual Load,2026-07-21T00:11:54Z
2026-07-21T00:11:51Z,2026-07-21T02:11:51+0200,ca480415-0e53-4d99-b8f2-f778c2de0ac2,2026-07-17T09:15:00Z,2026-07-17T11:15:00+0200,10418.68,MW,BE,BE,actual_load,Actual Load,2026-07-21T00:11:54Z
2026-07-21T00:11:51Z,2026-07-21T02:11:51+0200,ca480415-0e53-4d99-b8f2-f778c2de0ac2,2026-07-17T09:30:00Z,2026-07-17T11:30:00+0200,10479.56,MW,BE,BE,actual_load,Actual Load,2026-07-21T00:11:54Z
2026-07-21T00:11:51Z,2026-07-21T02:11:51+0200,ca480415-0e53-4d99-b8f2-f778c2de0ac2,2026-07-17T09:45:00Z,2026-07-17T11:45:00+0200,10596.13,MW,BE,BE,actual_load,Actual Load,2026-07-21T00:11:54Z
2026-07-21T00:11:51Z,2026-07-21T02:11:51+0200,ca480415-0e53-4d99-b8f2-f778c2de0ac2,2026-07-17T10:00:00Z,2026-07-17T12:00:00+0200,10596.08,MW,BE,BE,actual_load,Actual Load,2026-07-21T00:11:54Z
2026-07-21T00:11:51Z,2026-07-21T02:11:51+0200,ca480415-0e53-4d99-b8f2-f778c2de0ac2,2026-07-17T10:15:00Z,2026-07-17T12:15:00+0200,10586.74,MW,BE,BE,actual_load,Actual Load,2026-07-21T00:11:54Z
2026-07-21T00:11:51Z,2026-07-21T02:11:51+0200,ca480415-0e53-4d99-b8f2-f778c2de0ac2,2026-07-17T10:30:00Z,2026-07-17T12:30:00+0200,10589.94,MW,BE,BE,actual_load,Actual Load,2026-07-21T00:11:54Z
2026-07-21T00:11:51Z,2026-07-21T02:11:51+0200,ca480415-0e53-4d99-b8f2-f778c2de0ac2,2026-07-17T10:45:00Z,2026-07-17T12:45:00+0200,10600.81,MW,BE,BE,actual_load,Actual Load,2026-07-21T00:11:54Z
2026-07-21T00:11:51Z,2026-07-21T02:11:51+0200,ca480415-0e53-4d99-b8f2-f778c2de0ac2,2026-07-17T11:00:00Z,2026-07-17T13:00:00+0200,10564.84,MW,BE,BE,actual_load,Actual Load,2026-07-21T00:11:54Z
2026-07-21T00:11:51Z,2026-07-21T02:11:51+0200,ca480415-0e53-4d99-b8f2-f778c2de0ac2,2026-07-17T11:15:00Z,2026-07-17T13:15:00+0200,10554.63,MW,BE,BE,actual_load,Actual Load,2026-07-21T00:11:54Z
2026-07-21T00:11:51Z,2026-07-21T02:11:51+0200,ca480415-0e53-4d99-b8f2-f778c2de0ac2,2026-07-17T11:30:00Z,2026-07-17T13:30:00+0200,10584.74,MW,BE,BE,actual_load,Actual Load,2026-07-21T00:11:54Z
2026-07-21T00:11:51Z,2026-07-21T02:11:51+0200,ca480415-0e53-4d99-b8f2-f778c2de0ac2,2026-07-17T11:45:00Z,2026-07-17T13:45:00+0200,10448.31,MW,BE,BE,actual_load,Actual Load,2026-07-21T00:11:54Z
2026-07-21T00:11:51Z,2026-07-21T02:11:51+0200,ca480415-0e53-4d99-b8f2-f778c2de0ac2,2026-07-17T12:00:00Z,2026-07-17T14:00:00+0200,10493.78,MW,BE,BE,actual_load,Actual Load,2026-07-21T00:11:54Z
2026-07-21T00:11:51Z,2026-07-21T02:11:51+0200,ca480415-0e53-4d99-b8f2-f778c2de0ac2,2026-07-17T12:15:00Z,2026-07-17T14:15:00+0200,10644.35,MW,BE,BE,actual_load,Actual Load,2026-07-21T00:11:54Z
2026-07-21T00:11:51Z,2026-07-21T02:11:51+0200,ca480415-0e53-4d99-b8f2-f778c2de0ac2,2026-07-17T12:30:00Z,2026-07-17T14:30:00+0200,10500.59,MW,BE,BE,actual_load,Actual Load,2026-07-21T00:11:54Z
2026-07-21T00:11:51Z,2026-07-21T02:11:51+0200,ca480415-0e53-4d99-b8f2-f778c2de0ac2,2026-07-17T12:45:00Z,2026-07-17T14:45:00+0200,10462.49,MW,BE,BE,actual_load,Actual Load,2026-07-21T00:11:54Z
2026-07-21T00:11:51Z,2026-07-21T02:11:51+0200,ca480415-0e53-4d99-b8f2-f778c2de0ac2,2026-07-17T13:00:00Z,2026-07-17T15:00:00+0200,10366.09,MW,BE,BE,actual_load,Actual Load,2026-07-21T00:11:54Z
2026-07-21T00:11:51Z,2026-07-21T02:11:51+0200,ca480415-0e53-4d99-b8f2-f778c2de0ac2,2026-07-17T13:15:00Z,2026-07-17T15:15:00+0200,10286.88,MW,BE,BE,actual_load,Actual Load,2026-07-21T00:11:54Z
2026-07-21T00:11:51Z,2026-07-21T02:11:51+0200,ca480415-0e53-4d99-b8f2-f778c2de0ac2,2026-07-17T13:30:00Z,2026-07-17T15:30:00+0200,10136.22,MW,BE,BE,actual_load,Actual Load,2026-07-21T00:11:54Z
2026-07-21T00:11:51Z,2026-07-21T02:11:51+0200,ca480415-0e53-4d99-b8f2-f778c2de0ac2,2026-07-17T13:45:00Z,2026-07-17T15:45:00+0200,10041.25,MW,BE,BE,actual_load,Actual Load,2026-07-21T00:11:54Z
2026-07-21T00:11:51Z,2026-07-21T02:11:51+0200,ca480415-0e53-4d99-b8f2-f778c2de0ac2,2026-07-17T14:00:00Z,2026-07-17T16:00:00+0200,9987.39,MW,BE,BE,actual_load,Actual Load,2026-07-21T00:11:54Z
2026-07-21T00:11:51Z,2026-07-21T02:11:51+0200,ca480415-0e53-4d99-b8f2-f778c2de0ac2,2026-07-17T14:15:00Z,2026-07-17T16:15:00+0200,9793.64,MW,BE,BE,actual_load,Actual Load,2026-07-21T00:11:54Z
2026-07-21T00:11:51Z,2026-07-21T02:11:51+0200,ca480415-0e53-4d99-b8f2-f778c2de0ac2,2026-07-17T14:30:00Z,2026-07-17T16:30:00+0200,9778.59,MW,BE,BE,actual_load,Actual Load,2026-07-21T00:11:54Z
2026-07-21T00:11:51Z,2026-07-21T02:11:51+0200,ca480415-0e53-4d99-b8f2-f778c2de0ac2,2026-07-17T14:45:00Z,2026-07-17T16:45:00+0200,9816.51,MW,BE,BE,actual_load,Actual Load,2026-07-21T00:11:54Z
2026-07-21T00:11:51Z,2026-07-21T02:11:51+0200,ca480415-0e53-4d99-b8f2-f778c2de0ac2,2026-07-17T15:00:00Z,2026-07-17T17:00:00+0200,9758.65,MW,BE,BE,actual_load,Actual Load,2026-07-21T00:11:54Z
2026-07-21T00:11:51Z,2026-07-21T02:11:51+0200,ca480415-0e53-4d99-b8f2-f778c2de0ac2,2026-07-17T15:15:00Z,2026-07-17T17:15:00+0200,9687.15,MW,BE,BE,actual_load,Actual Load,2026-07-21T00:11:54Z
2026-07-21T00:11:51Z,2026-07-21T02:11:51+0200,ca480415-0e53-4d99-b8f2-f778c2de0ac2,2026-07-17T15:30:00Z,2026-07-17T17:30:00+0200,9691.82,MW,BE,BE,actual_load,Actual Load,2026-07-21T00:11:54Z
2026-07-21T00:11:51Z,2026-07-21T02:11:51+0200,ca480415-0e53-4d99-b8f2-f778c2de0ac2,2026-07-17T15:45:00Z,2026-07-17T17:45:00+0200,9698.67,MW,BE,BE,actual_load,Actual Load,2026-07-21T00:11:54Z
2026-07-21T00:11:51Z,2026-07-21T02:11:51+0200,ca480415-0e53-4d99-b8f2-f778c2de0ac2,2026-07-17T16:00:00Z,2026-07-17T18:00:00+0200,9545.45,MW,BE,BE,actual_load,Actual Load,2026-07-21T00:11:54Z
2026-07-21T00:11:51Z,2026-07-21T02:11:51+0200,ca480415-0e53-4d99-b8f2-f778c2de0ac2,2026-07-17T16:15:00Z,2026-07-17T18:15:00+0200,9449.16,MW,BE,BE,actual_load,Actual Load,2026-07-21T00:11:54Z
2026-07-21T00:11:51Z,2026-07-21T02:11:51+0200,ca480415-0e53-4d99-b8f2-f778c2de0ac2,2026-07-17T16:30:00Z,2026-07-17T18:30:00+0200,9426.72,MW,BE,BE,actual_load,Actual Load,2026-07-21T00:11:54Z
2026-07-21T00:11:51Z,2026-07-21T02:11:51+0200,ca480415-0e53-4d99-b8f2-f778c2de0ac2,2026-07-17T16:45:00Z,2026-07-17T18:45:00+0200,9375.39,MW,BE,BE,actual_load,Actual Load,2026-07-21T00:11:54Z
2026-07-21T00:11:51Z,2026-07-21T02:11:51+0200,ca480415-0e53-4d99-b8f2-f778c2de0ac2,2026-07-17T17:00:00Z,2026-07-17T19:00:00+0200,9496.19,MW,BE,BE,actual_load,Actual Load,2026-07-21T00:11:54Z
2026-07-21T00:11:51Z,2026-07-21T02:11:51+0200,ca480415-0e53-4d99-b8f2-f778c2de0ac2,2026-07-17T17:15:00Z,2026-07-17T19:15:00+0200,9384.35,MW,BE,BE,actual_load,Actual Load,2026-07-21T00:11:54Z
2026-07-21T00:11:51Z,2026-07-21T02:11:51+0200,ca480415-0e53-4d99-b8f2-f778c2de0ac2,2026-07-17T17:30:00Z,2026-07-17T19:30:00+0200,9326.21,MW,BE,BE,actual_load,Actual Load,2026-07-21T00:11:54Z
2026-07-21T00:11:51Z,2026-07-21T02:11:51+0200,ca480415-0e53-4d99-b8f2-f778c2de0ac2,2026-07-17T17:45:00Z,2026-07-17T19:45:00+0200,9307.2,MW,BE,BE,actual_load,Actual Load,2026-07-21T00:11:54Z
2026-07-21T00:11:51Z,2026-07-21T02:11:51+0200,ca480415-0e53-4d99-b8f2-f778c2de0ac2,2026-07-17T18:00:00Z,2026-07-17T20:00:00+0200,9216.76,MW,BE,BE,actual_load,Actual Load,2026-07-21T00:11:54Z
2026-07-21T00:11:51Z,2026-07-21T02:11:51+0200,ca480415-0e53-4d99-b8f2-f778c2de0ac2,2026-07-17T18:15:00Z,2026-07-17T20:15:00+0200,9184.98,MW,BE,BE,actual_load,Actual Load,2026-07-21T00:11:54Z
2026-07-21T00:11:51Z,2026-07-21T02:11:51+0200,ca480415-0e53-4d99-b8f2-f778c2de0ac2,2026-07-17T18:30:00Z,2026-07-17T20:30:00+0200,9053.34,MW,BE,BE,actual_load,Actual Load,2026-07-21T00:11:54Z
2026-07-21T00:11:51Z,2026-07-21T02:11:51+0200,ca480415-0e53-4d99-b8f2-f778c2de0ac2,2026-07-17T18:45:00Z,2026-07-17T20:45:00+0200,8983.66,MW,BE,BE,actual_load,Actual Load,2026-07-21T00:11:54Z
2026-07-21T00:11:51Z,2026-07-21T02:11:51+0200,ca480415-0e53-4d99-b8f2-f778c2de0ac2,2026-07-17T19:00:00Z,2026-07-17T21:00:00+0200,8985.31,MW,BE,BE,actual_load,Actual Load,2026-07-21T00:11:54Z
2026-07-21T00:11:51Z,2026-07-21T02:11:51+0200,ca480415-0e53-4d99-b8f2-f778c2de0ac2,2026-07-17T19:15:00Z,2026-07-17T21:15:00+0200,8897.7,MW,BE,BE,actual_load,Actual Load,2026-07-21T00:11:54Z
2026-07-21T00:11:51Z,2026-07-21T02:11:51+0200,ca480415-0e53-4d99-b8f2-f778c2de0ac2,2026-07-17T19:30:00Z,2026-07-17T21:30:00+0200,8841.99,MW,BE,BE,actual_load,Actual Load,2026-07-21T00:11:54Z
2026-07-21T00:11:51Z,2026-07-21T02:11:51+0200,ca480415-0e53-4d99-b8f2-f778c2de0ac2,2026-07-17T19:45:00Z,2026-07-17T21:45:00+0200,8774.77,MW,BE,BE,actual_load,Actual Load,2026-07-21T00:11:54Z
2026-07-21T00:11:51Z,2026-07-21T02:11:51+0200,ca480415-0e53-4d99-b8f2-f778c2de0ac2,2026-07-17T20:00:00Z,2026-07-17T22:00:00+0200,8676.1,MW,BE,BE,actual_load,Actual Load,2026-07-21T00:11:54Z
2026-07-21T00:11:51Z,2026-07-21T02:11:51+0200,ca480415-0e53-4d99-b8f2-f778c2de0ac2,2026-07-17T20:15:00Z,2026-07-17T22:15:00+0200,8763.0,MW,BE,BE,actual_load,Actual Load,2026-07-21T00:11:54Z
2026-07-21T00:11:51Z,2026-07-21T02:11:51+0200,ca480415-0e53-4d99-b8f2-f778c2de0ac2,2026-07-17T20:30:00Z,2026-07-17T22:30:00+0200,8745.69,MW,BE,BE,actual_load,Actual Load,2026-07-21T00:11:54Z
2026-07-21T00:11:51Z,2026-07-21T02:11:51+0200,ca480415-0e53-4d99-b8f2-f778c2de0ac2,2026-07-17T20:45:00Z,2026-07-17T22:45:00+0200,8554.9,MW,BE,BE,actual_load,Actual Load,2026-07-21T00:11:54Z
2026-07-21T00:11:51Z,2026-07-21T02:11:51+0200,ca480415-0e53-4d99-b8f2-f778c2de0ac2,2026-07-17T21:00:00Z,2026-07-17T23:00:00+0200,8542.04,MW,BE,BE,actual_load,Actual Load,2026-07-21T00:11:54Z
2026-07-21T00:11:51Z,2026-07-21T02:11:51+0200,ca480415-0e53-4d99-b8f2-f778c2de0ac2,2026-07-17T21:15:00Z,2026-07-17T23:15:00+0200,8437.73,MW,BE,BE,actual_load,Actual Load,2026-07-21T00:11:54Z
2026-07-21T00:11:51Z,2026-07-21T02:11:51+0200,ca480415-0e53-4d99-b8f2-f778c2de0ac2,2026-07-17T21:30:00Z,2026-07-17T23:30:00+0200,8254.2,MW,BE,BE,actual_load,Actual Load,2026-07-21T00:11:54Z
2026-07-21T00:11:51Z,2026-07-21T02:11:51+0200,ca480415-0e53-4d99-b8f2-f778c2de0ac2,2026-07-17T21:45:00Z,2026-07-17T23:45:00+0200,8161.27,MW,BE,BE,actual_load,Actual Load,2026-07-21T00:11:54Z
2026-07-21T00:11:51Z,2026-07-21T02:11:51+0200,ca480415-0e53-4d99-b8f2-f778c2de0ac2,2026-07-17T22:00:00Z,2026-07-18T00:00:00+0200,7942.78,MW,BE,BE,actual_load,Actual Load,2026-07-21T00:11:54Z
2026-07-21T00:11:51Z,2026-07-21T02:11:51+0200,ca480415-0e53-4d99-b8f2-f778c2de0ac2,2026-07-17T22:15:00Z,2026-07-18T00:15:00+0200,7909.77,MW,BE,BE,actual_load,Actual Load,2026-07-21T00:11:54Z
2026-07-21T00:11:51Z,2026-07-21T02:11:51+0200,ca480415-0e53-4d99-b8f2-f778c2de0ac2,2026-07-17T22:30:00Z,2026-07-18T00:30:00+0200,7809.49,MW,BE,BE,actual_load,Actual Load,2026-07-21T00:11:54Z
2026-07-21T00:11:51Z,2026-07-21T02:11:51+0200,ca480415-0e53-4d99-b8f2-f778c2de0ac2,2026-07-17T22:45:00Z,2026-07-18T00:45:00+0200,7738.48,MW,BE,BE,actual_load,Actual Load,2026-07-21T00:11:54Z
2026-07-21T00:11:51Z,2026-07-21T02:11:51+0200,ca480415-0e53-4d99-b8f2-f778c2de0ac2,2026-07-17T23:00:00Z,2026-07-18T01:00:00+0200,7711.37,MW,BE,BE,actual_load,Actual Load,2026-07-21T00:11:54Z
2026-07-21T00:11:51Z,2026-07-21T02:11:51+0200,ca480415-0e53-4d99-b8f2-f778c2de0ac2,2026-07-17T23:15:00Z,2026-07-18T01:15:00+0200,7579.71,MW,BE,BE,actual_load,Actual Load,2026-07-21T00:11:54Z
2026-07-21T00:11:51Z,2026-07-21T02:11:51+0200,ca480415-0e53-4d99-b8f2-f778c2de0ac2,2026-07-17T23:30:00Z,2026-07-18T01:30:00+0200,7486.94,MW,BE,BE,actual_load,Actual Load,2026-07-21T00:11:54Z
2026-07-21T00:11:51Z,2026-07-21T02:11:51+0200,ca480415-0e53-4d99-b8f2-f778c2de0ac2,2026-07-17T23:45:00Z,2026-07-18T01:45:00+0200,7508.48,MW,BE,BE,actual_load,Actual Load,2026-07-21T00:11:54Z
2026-07-21T00:11:51Z,2026-07-21T02:11:51+0200,ca480415-0e53-4d99-b8f2-f778c2de0ac2,2026-07-18T00:00:00Z,2026-07-18T02:00:00+0200,7416.72,MW,BE,BE,actual_load,Actual Load,2026-07-21T00:11:54Z
2026-07-21T00:11:51Z,2026-07-21T02:11:51+0200,ca480415-0e53-4d99-b8f2-f778c2de0ac2,2026-07-18T00:15:00Z,2026-07-18T02:15:00+0200,7399.8,MW,BE,BE,actual_load,Actual Load,2026-07-21T00:11:54Z
2026-07-21T00:11:51Z,2026-07-21T02:11:51+0200,ca480415-0e53-4d99-b8f2-f778c2de0ac2,2026-07-18T00:30:00Z,2026-07-18T02:30:00+0200,7398.61,MW,BE,BE,actual_load,Actual Load,2026-07-21T00:11:54Z
2026-07-21T00:11:51Z,2026-07-21T02:11:51+0200,ca480415-0e53-4d99-b8f2-f778c2de0ac2,2026-07-18T00:45:00Z,2026-07-18T02:45:00+0200,7271.91,MW,BE,BE,actual_load,Actual Load,2026-07-21T00:11:54Z
2026-07-21T00:11:51Z,2026-07-21T02:11:51+0200,ca480415-0e53-4d99-b8f2-f778c2de0ac2,2026-07-18T01:00:00Z,2026-07-18T03:00:00+0200,7257.32,MW,BE,BE,actual_load,Actual Load,2026-07-21T00:11:54Z
2026-07-21T00:11:51Z,2026-07-21T02:11:51+0200,ca480415-0e53-4d99-b8f2-f778c2de0ac2,2026-07-18T01:15:00Z,2026-07-18T03:15:00+0200,7186.1,MW,BE,BE,actual_load,Actual Load,2026-07-21T00:11:54Z
2026-07-21T00:11:51Z,2026-07-21T02:11:51+0200,ca480415-0e53-4d99-b8f2-f778c2de0ac2,2026-07-18T01:30:00Z,2026-07-18T03:30:00+0200,7210.71,MW,BE,BE,actual_load,Actual Load,2026-07-21T00:11:54Z
2026-07-21T00:11:51Z,2026-07-21T02:11:51+0200,ca480415-0e53-4d99-b8f2-f778c2de0ac2,2026-07-18T01:45:00Z,2026-07-18T03:45:00+0200,7212.87,MW,BE,BE,actual_load,Actual Load,2026-07-21T00:11:54Z
2026-07-21T00:11:51Z,2026-07-21T02:11:51+0200,ca480415-0e53-4d99-b8f2-f778c2de0ac2,2026-07-18T02:00:00Z,2026-07-18T04:00:00+0200,7151.15,MW,BE,BE,actual_load,Actual Load,2026-07-21T00:11:54Z
2026-07-21T00:11:51Z,2026-07-21T02:11:51+0200,ca480415-0e53-4d99-b8f2-f778c2de0ac2,2026-07-18T02:15:00Z,2026-07-18T04:15:00+0200,7081.18,MW,BE,BE,actual_load,Actual Load,2026-07-21T00:11:54Z
2026-07-21T00:11:51Z,2026-07-21T02:11:51+0200,ca480415-0e53-4d99-b8f2-f778c2de0ac2,2026-07-18T02:30:00Z,2026-07-18T04:30:00+0200,7073.28,MW,BE,BE,actual_load,Actual Load,2026-07-21T00:11:54Z
2026-07-21T00:11:51Z,2026-07-21T02:11:51+0200,ca480415-0e53-4d99-b8f2-f778c2de0ac2,2026-07-18T02:45:00Z,2026-07-18T04:45:00+0200,7122.75,MW,BE,BE,actual_load,Actual Load,2026-07-21T00:11:54Z
2026-07-21T00:11:51Z,2026-07-21T02:11:51+0200,ca480415-0e53-4d99-b8f2-f778c2de0ac2,2026-07-18T03:00:00Z,2026-07-18T05:00:00+0200,7168.43,MW,BE,BE,actual_load,Actual Load,2026-07-21T00:11:54Z
2026-07-21T00:11:51Z,2026-07-21T02:11:51+0200,ca480415-0e53-4d99-b8f2-f778c2de0ac2,2026-07-18T03:15:00Z,2026-07-18T05:15:00+0200,7173.7,MW,BE,BE,actual_load,Actual Load,2026-07-21T00:11:54Z
2026-07-21T00:11:51Z,2026-07-21T02:11:51+0200,ca480415-0e53-4d99-b8f2-f778c2de0ac2,2026-07-18T03:30:00Z,2026-07-18T05:30:00+0200,7112.44,MW,BE,BE,actual_load,Actual Load,2026-07-21T00:11:54Z
2026-07-21T00:11:51Z,2026-07-21T02:11:51+0200,ca480415-0e53-4d99-b8f2-f778c2de0ac2,2026-07-18T03:45:00Z,2026-07-18T05:45:00+0200,7028.28,MW,BE,BE,actual_load,Actual Load,2026-07-21T00:11:54Z
2026-07-21T00:11:51Z,2026-07-21T02:11:51+0200,ca480415-0e53-4d99-b8f2-f778c2de0ac2,2026-07-18T04:00:00Z,2026-07-18T06:00:00+0200,7016.97,MW,BE,BE,actual_load,Actual Load,2026-07-21T00:11:54Z
2026-07-21T00:11:51Z,2026-07-21T02:11:51+0200,ca480415-0e53-4d99-b8f2-f778c2de0ac2,2026-07-18T04:15:00Z,2026-07-18T06:15:00+0200,7170.44,MW,BE,BE,actual_load,Actual Load,2026-07-21T00:11:54Z
2026-07-21T00:11:51Z,2026-07-21T02:11:51+0200,ca480415-0e53-4d99-b8f2-f778c2de0ac2,2026-07-18T04:30:00Z,2026-07-18T06:30:00+0200,7214.14,MW,BE,BE,actual_load,Actual Load,2026-07-21T00:11:54Z
2026-07-21T00:11:51Z,2026-07-21T02:11:51+0200,ca480415-0e53-4d99-b8f2-f778c2de0ac2,2026-07-18T04:45:00Z,2026-07-18T06:45:00+0200,7259.61,MW,BE,BE,actual_load,Actual Load,2026-07-21T00:11:54Z
2026-07-21T00:11:51Z,2026-07-21T02:11:51+0200,ca480415-0e53-4d99-b8f2-f778c2de0ac2,2026-07-18T05:00:00Z,2026-07-18T07:00:00+0200,7331.27,MW,BE,BE,actual_load,Actual Load,2026-07-21T00:11:54Z
2026-07-21T00:11:51Z,2026-07-21T02:11:51+0200,ca480415-0e53-4d99-b8f2-f778c2de0ac2,2026-07-18T05:15:00Z,2026-07-18T07:15:00+0200,7376.33,MW,BE,BE,actual_load,Actual Load,2026-07-21T00:11:54Z
2026-07-21T00:11:51Z,2026-07-21T02:11:51+0200,ca480415-0e53-4d99-b8f2-f778c2de0ac2,2026-07-18T05:30:00Z,2026-07-18T07:30:00+0200,7462.14,MW,BE,BE,actual_load,Actual Load,2026-07-21T00:11:54Z
2026-07-21T00:11:51Z,2026-07-21T02:11:51+0200,ca480415-0e53-4d99-b8f2-f778c2de0ac2,2026-07-18T05:45:00Z,2026-07-18T07:45:00+0200,7482.0,MW,BE,BE,actual_load,Actual Load,2026-07-21T00:11:54Z
2026-07-21T00:11:51Z,2026-07-21T02:11:51+0200,ca480415-0e53-4d99-b8f2-f778c2de0ac2,2026-07-18T06:00:00Z,2026-07-18T08:00:00+0200,7486.18,MW,BE,BE,actual_load,Actual Load,2026-07-21T00:11:54Z
2026-07-21T00:11:51Z,2026-07-21T02:11:51+0200,ca480415-0e53-4d99-b8f2-f778c2de0ac2,2026-07-18T06:15:00Z,2026-07-18T08:15:00+0200,7636.85,MW,BE,BE,actual_load,Actual Load,2026-07-21T00:11:54Z
2026-07-21T00:11:51Z,2026-07-21T02:11:51+0200,ca480415-0e53-4d99-b8f2-f778c2de0ac2,2026-07-18T06:30:00Z,2026-07-18T08:30:00+0200,7688.45,MW,BE,BE,actual_load,Actual Load,2026-07-21T00:11:54Z
2026-07-21T00:11:51Z,2026-07-21T02:11:51+0200,ca480415-0e53-4d99-b8f2-f778c2de0ac2,2026-07-18T06:45:00Z,2026-07-18T08:45:00+0200,7774.65,MW,BE,BE,actual_load,Actual Load,2026-07-21T00:11:54Z
2026-07-21T00:11:51Z,2026-07-21T02:11:51+0200,ca480415-0e53-4d99-b8f2-f778c2de0ac2,2026-07-18T07:00:00Z,2026-07-18T09:00:00+0200,7992.62,MW,BE,BE,actual_load,Actual Load,2026-07-21T00:11:54Z
2026-07-21T00:11:51Z,2026-07-21T02:11:51+0200,ca480415-0e53-4d99-b8f2-f778c2de0ac2,2026-07-18T07:15:00Z,2026-07-18T09:15:00+0200,8093.91,MW,BE,BE,actual_load,Actual Load,2026-07-21T00:11:54Z
2026-07-21T00:11:51Z,2026-07-21T02:11:51+0200,ca480415-0e53-4d99-b8f2-f778c2de0ac2,2026-07-18T07:30:00Z,2026-07-18T09:30:00+0200,8163.01,MW,BE,BE,actual_load,Actual Load,2026-07-21T00:11:54Z
2026-07-21T00:11:51Z,2026-07-21T02:11:51+0200,ca480415-0e53-4d99-b8f2-f778c2de0ac2,2026-07-18T07:45:00Z,2026-07-18T09:45:00+0200,8242.11,MW,BE,BE,actual_load,Actual Load,2026-07-21T00:11:54Z
2026-07-21T00:11:51Z,2026-07-21T02:11:51+0200,ca480415-0e53-4d99-b8f2-f778c2de0ac2,2026-07-18T08:00:00Z,2026-07-18T10:00:00+0200,8357.07,MW,BE,BE,actual_load,Actual Load,2026-07-21T00:11:54Z
2026-07-21T00:11:51Z,2026-07-21T02:11:51+0200,ca480415-0e53-4d99-b8f2-f778c2de0ac2,2026-07-18T08:15:00Z,2026-07-18T10:15:00+0200,8521.76,MW,BE,BE,actual_load,Actual Load,2026-07-21T00:11:54Z
2026-07-21T00:11:51Z,2026-07-21T02:11:51+0200,ca480415-0e53-4d99-b8f2-f778c2de0ac2,2026-07-18T08:30:00Z,2026-07-18T10:30:00+0200,8550.7,MW,BE,BE,actual_load,Actual Load,2026-07-21T00:11:54Z
2026-07-21T00:11:51Z,2026-07-21T02:11:51+0200,ca480415-0e53-4d99-b8f2-f778c2de0ac2,2026-07-18T08:45:00Z,2026-07-18T10:45:00+0200,8555.75,MW,BE,BE,actual_load,Actual Load,2026-07-21T00:11:54Z
2026-07-21T00:11:51Z,2026-07-21T02:11:51+0200,ca480415-0e53-4d99-b8f2-f778c2de0ac2,2026-07-18T09:00:00Z,2026-07-18T11:00:00+0200,8582.71,MW,BE,BE,actual_load,Actual Load,2026-07-21T00:11:54Z
2026-07-21T00:11:51Z,2026-07-21T02:11:51+0200,ca480415-0e53-4d99-b8f2-f778c2de0ac2,2026-07-18T09:15:00Z,2026-07-18T11:15:00+0200,8456.34,MW,BE,BE,actual_load,Actual Load,2026-07-21T00:11:54Z
2026-07-21T00:11:51Z,2026-07-21T02:11:51+0200,ca480415-0e53-4d99-b8f2-f778c2de0ac2,2026-07-18T09:30:00Z,2026-07-18T11:30:00+0200,8380.69,MW,BE,BE,actual_load,Actual Load,2026-07-21T00:11:54Z
2026-07-21T00:11:51Z,2026-07-21T02:11:51+0200,ca480415-0e53-4d99-b8f2-f778c2de0ac2,2026-07-18T09:45:00Z,2026-07-18T11:45:00+0200,8395.46,MW,BE,BE,actual_load,Actual Load,2026-07-21T00:11:54Z
2026-07-21T00:11:51Z,2026-07-21T02:11:51+0200,ca480415-0e53-4d99-b8f2-f778c2de0ac2,2026-07-18T10:00:00Z,2026-07-18T12:00:00+0200,8599.27,MW,BE,BE,actual_load,Actual Load,2026-07-21T00:11:54Z
2026-07-21T00:11:51Z,2026-07-21T02:11:51+0200,ca480415-0e53-4d99-b8f2-f778c2de0ac2,2026-07-18T10:15:00Z,2026-07-18T12:15:00+0200,8545.03,MW,BE,BE,actual_load,Actual Load,2026-07-21T00:11:54Z
2026-07-21T00:11:51Z,2026-07-21T02:11:51+0200,ca480415-0e53-4d99-b8f2-f778c2de0ac2,2026-07-18T10:30:00Z,2026-07-18T12:30:00+0200,8542.02,MW,BE,BE,actual_load,Actual Load,2026-07-21T00:11:54Z
2026-07-21T00:11:51Z,2026-07-21T02:11:51+0200,ca480415-0e53-4d99-b8f2-f778c2de0ac2,2026-07-18T10:45:00Z,2026-07-18T12:45:00+0200,8476.8,MW,BE,BE,actual_load,Actual Load,2026-07-21T00:11:54Z
2026-07-21T00:11:51Z,2026-07-21T02:11:51+0200,ca480415-0e53-4d99-b8f2-f778c2de0ac2,2026-07-18T11:00:00Z,2026-07-18T13:00:00+0200,8497.37,MW,BE,BE,actual_load,Actual Load,2026-07-21T00:11:54Z
2026-07-21T00:11:51Z,2026-07-21T02:11:51+0200,ca480415-0e53-4d99-b8f2-f778c2de0ac2,2026-07-18T11:15:00Z,2026-07-18T13:15:00+0200,8526.31,MW,BE,BE,actual_load,Actual Load,2026-07-21T00:11:54Z
2026-07-21T00:11:51Z,2026-07-21T02:11:51+0200,ca480415-0e53-4d99-b8f2-f778c2de0ac2,2026-07-18T11:30:00Z,2026-07-18T13:30:00+0200,8439.84,MW,BE,BE,actual_load,Actual Load,2026-07-21T00:11:54Z
2026-07-21T00:11:51Z,2026-07-21T02:11:51+0200,ca480415-0e53-4d99-b8f2-f778c2de0ac2,2026-07-18T11:45:00Z,2026-07-18T13:45:00+0200,8467.48,MW,BE,BE,actual_load,Actual Load,2026-07-21T00:11:54Z
2026-07-21T00:11:51Z,2026-07-21T02:11:51+0200,ca480415-0e53-4d99-b8f2-f778c2de0ac2,2026-07-18T12:00:00Z,2026-07-18T14:00:00+0200,8602.61,MW,BE,BE,actual_load,Actual Load,2026-07-21T00:11:54Z
2026-07-21T00:11:51Z,2026-07-21T02:11:51+0200,ca480415-0e53-4d99-b8f2-f778c2de0ac2,2026-07-18T12:15:00Z,2026-07-18T14:15:00+0200,8758.63,MW,BE,BE,actual_load,Actual Load,2026-07-21T00:11:54Z
2026-07-21T00:11:51Z,2026-07-21T02:11:51+0200,ca480415-0e53-4d99-b8f2-f778c2de0ac2,2026-07-18T12:30:00Z,2026-07-18T14:30:00+0200,8887.97,MW,BE,BE,actual_load,Actual Load,2026-07-21T00:11:54Z
2026-07-21T00:11:51Z,2026-07-21T02:11:51+0200,ca480415-0e53-4d99-b8f2-f778c2de0ac2,2026-07-18T12:45:00Z,2026-07-18T14:45:00+0200,8870.72,MW,BE,BE,actual_load,Actual Load,2026-07-21T00:11:54Z
2026-07-21T00:11:51Z,2026-07-21T02:11:51+0200,ca480415-0e53-4d99-b8f2-f778c2de0ac2,2026-07-18T13:00:00Z,2026-07-18T15:00:00+0200,8890.57,MW,BE,BE,actual_load,Actual Load,2026-07-21T00:11:54Z
2026-07-21T00:11:51Z,2026-07-21T02:11:51+0200,ca480415-0e53-4d99-b8f2-f778c2de0ac2,2026-07-18T13:15:00Z,2026-07-18T15:15:00+0200,8915.96,MW,BE,BE,actual_load,Actual Load,2026-07-21T00:11:54Z
2026-07-21T00:11:51Z,2026-07-21T02:11:51+0200,ca480415-0e53-4d99-b8f2-f778c2de0ac2,2026-07-18T13:30:00Z,2026-07-18T15:30:00+0200,8794.49,MW,BE,BE,actual_load,Actual Load,2026-07-21T00:11:54Z
2026-07-21T00:11:51Z,2026-07-21T02:11:51+0200,ca480415-0e53-4d99-b8f2-f778c2de0ac2,2026-07-18T13:45:00Z,2026-07-18T15:45:00+0200,8675.64,MW,BE,BE,actual_load,Actual Load,2026-07-21T00:11:54Z
2026-07-21T00:11:51Z,2026-07-21T02:11:51+0200,ca480415-0e53-4d99-b8f2-f778c2de0ac2,2026-07-18T14:00:00Z,2026-07-18T16:00:00+0200,8625.11,MW,BE,BE,actual_load,Actual Load,2026-07-21T00:11:54Z
2026-07-21T00:11:51Z,2026-07-21T02:11:51+0200,ca480415-0e53-4d99-b8f2-f778c2de0ac2,2026-07-18T14:15:00Z,2026-07-18T16:15:00+0200,8547.19,MW,BE,BE,actual_load,Actual Load,2026-07-21T00:11:54Z
2026-07-21T00:11:51Z,2026-07-21T02:11:51+0200,ca480415-0e53-4d99-b8f2-f778c2de0ac2,2026-07-18T14:30:00Z,2026-07-18T16:30:00+0200,8460.69,MW,BE,BE,actual_load,Actual Load,2026-07-21T00:11:54Z
2026-07-21T00:11:51Z,2026-07-21T02:11:51+0200,ca480415-0e53-4d99-b8f2-f778c2de0ac2,2026-07-18T14:45:00Z,2026-07-18T16:45:00+0200,8395.11,MW,BE,BE,actual_load,Actual Load,2026-07-21T00:11:54Z
2026-07-21T00:11:51Z,2026-07-21T02:11:51+0200,ca480415-0e53-4d99-b8f2-f778c2de0ac2,2026-07-18T15:00:00Z,2026-07-18T17:00:00+0200,8303.41,MW,BE,BE,actual_load,Actual Load,2026-07-21T00:11:54Z
2026-07-21T00:11:51Z,2026-07-21T02:11:51+0200,ca480415-0e53-4d99-b8f2-f778c2de0ac2,2026-07-18T15:15:00Z,2026-07-18T17:15:00+0200,8075.99,MW,BE,BE,actual_load,Actual Load,2026-07-21T00:11:54Z
2026-07-21T00:11:51Z,2026-07-21T02:11:51+0200,ca480415-0e53-4d99-b8f2-f778c2de0ac2,2026-07-18T15:30:00Z,2026-07-18T17:30:00+0200,8112.97,MW,BE,BE,actual_load,Actual Load,2026-07-21T00:11:54Z
2026-07-21T00:11:51Z,2026-07-21T02:11:51+0200,ca480415-0e53-4d99-b8f2-f778c2de0ac2,2026-07-18T15:45:00Z,2026-07-18T17:45:00+0200,8262.0,MW,BE,BE,actual_load,Actual Load,2026-07-21T00:11:54Z
2026-07-21T00:11:51Z,2026-07-21T02:11:51+0200,ca480415-0e53-4d99-b8f2-f778c2de0ac2,2026-07-18T16:00:00Z,2026-07-18T18:00:00+0200,8235.09,MW,BE,BE,actual_load,Actual Load,2026-07-21T00:11:54Z
2026-07-21T00:11:51Z,2026-07-21T02:11:51+0200,ca480415-0e53-4d99-b8f2-f778c2de0ac2,2026-07-18T16:15:00Z,2026-07-18T18:15:00+0200,8178.65,MW,BE,BE,actual_load,Actual Load,2026-07-21T00:11:54Z
2026-07-21T00:11:51Z,2026-07-21T02:11:51+0200,ca480415-0e53-4d99-b8f2-f778c2de0ac2,2026-07-18T16:30:00Z,2026-07-18T18:30:00+0200,7968.36,MW,BE,BE,actual_load,Actual Load,2026-07-21T00:11:54Z
2026-07-21T00:11:51Z,2026-07-21T02:11:51+0200,ca480415-0e53-4d99-b8f2-f778c2de0ac2,2026-07-18T16:45:00Z,2026-07-18T18:45:00+0200,7933.55,MW,BE,BE,actual_load,Actual Load,2026-07-21T00:11:54Z
2026-07-21T00:11:51Z,2026-07-21T02:11:51+0200,ca480415-0e53-4d99-b8f2-f778c2de0ac2,2026-07-18T17:00:00Z,2026-07-18T19:00:00+0200,8058.53,MW,BE,BE,actual_load,Actual Load,2026-07-21T00:11:54Z
2026-07-21T00:11:51Z,2026-07-21T02:11:51+0200,ca480415-0e53-4d99-b8f2-f778c2de0ac2,2026-07-18T17:15:00Z,2026-07-18T19:15:00+0200,7967.74,MW,BE,BE,actual_load,Actual Load,2026-07-21T00:11:54Z
2026-07-21T00:11:51Z,2026-07-21T02:11:51+0200,ca480415-0e53-4d99-b8f2-f778c2de0ac2,2026-07-18T17:30:00Z,2026-07-18T19:30:00+0200,7978.86,MW,BE,BE,actual_load,Actual Load,2026-07-21T00:11:54Z
2026-07-21T00:11:51Z,2026-07-21T02:11:51+0200,ca480415-0e53-4d99-b8f2-f778c2de0ac2,2026-07-18T17:45:00Z,2026-07-18T19:45:00+0200,7916.97,MW,BE,BE,actual_load,Actual Load,2026-07-21T00:11:54Z
2026-07-21T00:11:51Z,2026-07-21T02:11:51+0200,ca480415-0e53-4d99-b8f2-f778c2de0ac2,2026-07-18T18:00:00Z,2026-07-18T20:00:00+0200,8069.51,MW,BE,BE,actual_load,Actual Load,2026-07-21T00:11:54Z
2026-07-21T00:11:51Z,2026-07-21T02:11:51+0200,ca480415-0e53-4d99-b8f2-f778c2de0ac2,2026-07-18T18:15:00Z,2026-07-18T20:15:00+0200,8152.67,MW,BE,BE,actual_load,Actual Load,2026-07-21T00:11:54Z
2026-07-21T00:11:51Z,2026-07-21T02:11:51+0200,ca480415-0e53-4d99-b8f2-f778c2de0ac2,2026-07-18T18:30:00Z,2026-07-18T20:30:00+0200,8197.87,MW,BE,BE,actual_load,Actual Load,2026-07-21T00:11:54Z
2026-07-21T00:11:51Z,2026-07-21T02:11:51+0200,ca480415-0e53-4d99-b8f2-f778c2de0ac2,2026-07-18T18:45:00Z,2026-07-18T20:45:00+0200,8201.69,MW,BE,BE,actual_load,Actual Load,2026-07-21T00:11:54Z
2026-07-21T00:11:51Z,2026-07-21T02:11:51+0200,ca480415-0e53-4d99-b8f2-f778c2de0ac2,2026-07-18T19:00:00Z,2026-07-18T21:00:00+0200,8229.0,MW,BE,BE,actual_load,Actual Load,2026-07-21T00:11:54Z
2026-07-21T00:11:51Z,2026-07-21T02:11:51+0200,ca480415-0e53-4d99-b8f2-f778c2de0ac2,2026-07-18T19:15:00Z,2026-07-18T21:15:00+0200,8043.96,MW,BE,BE,actual_load,Actual Load,2026-07-21T00:11:54Z
2026-07-21T00:11:51Z,2026-07-21T02:11:51+0200,ca480415-0e53-4d99-b8f2-f778c2de0ac2,2026-07-18T19:30:00Z,2026-07-18T21:30:00+0200,7968.66,MW,BE,BE,actual_load,Actual Load,2026-07-21T00:11:54Z
2026-07-21T00:11:51Z,2026-07-21T02:11:51+0200,ca480415-0e53-4d99-b8f2-f778c2de0ac2,2026-07-18T19:45:00Z,2026-07-18T21:45:00+0200,7854.3,MW,BE,BE,actual_load,Actual Load,2026-07-21T00:11:54Z
2026-07-21T00:11:51Z,2026-07-21T02:11:51+0200,ca480415-0e53-4d99-b8f2-f778c2de0ac2,2026-07-18T20:00:00Z,2026-07-18T22:00:00+0200,8019.29,MW,BE,BE,actual_load,Actual Load,2026-07-21T00:11:54Z
2026-07-21T00:11:51Z,2026-07-21T02:11:51+0200,ca480415-0e53-4d99-b8f2-f778c2de0ac2,2026-07-18T20:15:00Z,2026-07-18T22:15:00+0200,7992.69,MW,BE,BE,actual_load,Actual Load,2026-07-21T00:11:54Z
2026-07-21T00:11:51Z,2026-07-21T02:11:51+0200,ca480415-0e53-4d99-b8f2-f778c2de0ac2,2026-07-18T20:30:00Z,2026-07-18T22:30:00+0200,7906.12,MW,BE,BE,actual_load,Actual Load,2026-07-21T00:11:54Z
2026-07-21T00:11:51Z,2026-07-21T02:11:51+0200,ca480415-0e53-4d99-b8f2-f778c2de0ac2,2026-07-18T20:45:00Z,2026-07-18T22:45:00+0200,7893.27,MW,BE,BE,actual_load,Actual Load,2026-07-21T00:11:54Z
2026-07-21T00:11:51Z,2026-07-21T02:11:51+0200,ca480415-0e53-4d99-b8f2-f778c2de0ac2,2026-07-18T21:00:00Z,2026-07-18T23:00:00+0200,7642.92,MW,BE,BE,actual_load,Actual Load,2026-07-21T00:11:54Z
2026-07-21T00:11:51Z,2026-07-21T02:11:51+0200,ca480415-0e53-4d99-b8f2-f778c2de0ac2,2026-07-18T21:15:00Z,2026-07-18T23:15:00+0200,7587.78,MW,BE,BE,actual_load,Actual Load,2026-07-21T00:11:54Z
2026-07-21T00:11:51Z,2026-07-21T02:11:51+0200,ca480415-0e53-4d99-b8f2-f778c2de0ac2,2026-07-18T21:30:00Z,2026-07-18T23:30:00+0200,7529.99,MW,BE,BE,actual_load,Actual Load,2026-07-21T00:11:54Z
2026-07-21T00:11:51Z,2026-07-21T02:11:51+0200,ca480415-0e53-4d99-b8f2-f778c2de0ac2,2026-07-18T21:45:00Z,2026-07-18T23:45:00+0200,7431.08,MW,BE,BE,actual_load,Actual Load,2026-07-21T00:11:54Z
2026-07-21T00:11:51Z,2026-07-21T02:11:51+0200,ca480415-0e53-4d99-b8f2-f778c2de0ac2,2026-07-18T22:00:00Z,2026-07-19T00:00:00+0200,7483.73,MW,BE,BE,actual_load,Actual Load,2026-07-21T00:11:54Z
2026-07-21T00:11:51Z,2026-07-21T02:11:51+0200,ca480415-0e53-4d99-b8f2-f778c2de0ac2,2026-07-18T22:15:00Z,2026-07-19T00:15:00+0200,7386.61,MW,BE,BE,actual_load,Actual Load,2026-07-21T00:11:54Z
2026-07-21T00:11:51Z,2026-07-21T02:11:51+0200,ca480415-0e53-4d99-b8f2-f778c2de0ac2,2026-07-18T22:30:00Z,2026-07-19T00:30:00+0200,7336.03,MW,BE,BE,actual_load,Actual Load,2026-07-21T00:11:54Z
2026-07-21T00:11:51Z,2026-07-21T02:11:51+0200,ca480415-0e53-4d99-b8f2-f778c2de0ac2,2026-07-18T22:45:00Z,2026-07-19T00:45:00+0200,7293.0,MW,BE,BE,actual_load,Actual Load,2026-07-21T00:11:54Z
2026-07-21T00:11:51Z,2026-07-21T02:11:51+0200,ca480415-0e53-4d99-b8f2-f778c2de0ac2,2026-07-18T23:00:00Z,2026-07-19T01:00:00+0200,7208.39,MW,BE,BE,actual_load,Actual Load,2026-07-21T00:11:54Z
2026-07-21T00:11:51Z,2026-07-21T02:11:51+0200,ca480415-0e53-4d99-b8f2-f778c2de0ac2,2026-07-18T23:15:00Z,2026-07-19T01:15:00+0200,7170.23,MW,BE,BE,actual_load,Actual Load,2026-07-21T00:11:54Z
2026-07-21T00:11:51Z,2026-07-21T02:11:51+0200,ca480415-0e53-4d99-b8f2-f778c2de0ac2,2026-07-18T23:30:00Z,2026-07-19T01:30:00+0200,7065.83,MW,BE,BE,actual_load,Actual Load,2026-07-21T00:11:54Z
2026-07-21T00:11:51Z,2026-07-21T02:11:51+0200,ca480415-0e53-4d99-b8f2-f778c2de0ac2,2026-07-18T23:45:00Z,2026-07-19T01:45:00+0200,7034.09,MW,BE,BE,actual_load,Actual Load,2026-07-21T00:11:54Z
2026-07-21T00:11:51Z,2026-07-21T02:11:51+0200,ca480415-0e53-4d99-b8f2-f778c2de0ac2,2026-07-19T00:00:00Z,2026-07-19T02:00:00+0200,6973.87,MW,BE,BE,actual_load,Actual Load,2026-07-21T00:11:54Z
2026-07-21T00:11:51Z,2026-07-21T02:11:51+0200,ca480415-0e53-4d99-b8f2-f778c2de0ac2,2026-07-19T00:15:00Z,2026-07-19T02:15:00+0200,6856.94,MW,BE,BE,actual_load,Actual Load,2026-07-21T00:11:54Z
2026-07-21T00:11:51Z,2026-07-21T02:11:51+0200,ca480415-0e53-4d99-b8f2-f778c2de0ac2,2026-07-19T00:30:00Z,2026-07-19T02:30:00+0200,6864.35,MW,BE,BE,actual_load,Actual Load,2026-07-21T00:11:54Z
2026-07-21T00:11:51Z,2026-07-21T02:11:51+0200,ca480415-0e53-4d99-b8f2-f778c2de0ac2,2026-07-19T00:45:00Z,2026-07-19T02:45:00+0200,6820.16,MW,BE,BE,actual_load,Actual Load,2026-07-21T00:11:54Z
2026-07-21T00:11:51Z,2026-07-21T02:11:51+0200,ca480415-0e53-4d99-b8f2-f778c2de0ac2,2026-07-19T01:00:00Z,2026-07-19T03:00:00+0200,6888.36,MW,BE,BE,actual_load,Actual Load,2026-07-21T00:11:54Z
2026-07-21T00:11:51Z,2026-07-21T02:11:51+0200,ca480415-0e53-4d99-b8f2-f778c2de0ac2,2026-07-19T01:15:00Z,2026-07-19T03:15:00+0200,6841.33,MW,BE,BE,actual_load,Actual Load,2026-07-21T00:11:54Z
2026-07-21T00:11:51Z,2026-07-21T02:11:51+0200,ca480415-0e53-4d99-b8f2-f778c2de0ac2,2026-07-19T01:30:00Z,2026-07-19T03:30:00+0200,6895.31,MW,BE,BE,actual_load,Actual Load,2026-07-21T00:11:54Z
2026-07-21T00:11:51Z,2026-07-21T02:11:51+0200,ca480415-0e53-4d99-b8f2-f778c2de0ac2,2026-07-19T01:45:00Z,2026-07-19T03:45:00+0200,6837.69,MW,BE,BE,actual_load,Actual Load,2026-07-21T00:11:54Z
2026-07-21T00:11:51Z,2026-07-21T02:11:51+0200,ca480415-0e53-4d99-b8f2-f778c2de0ac2,2026-07-19T02:00:00Z,2026-07-19T04:00:00+0200,6828.73,MW,BE,BE,actual_load,Actual Load,2026-07-21T00:11:54Z
2026-07-21T00:11:51Z,2026-07-21T02:11:51+0200,ca480415-0e53-4d99-b8f2-f778c2de0ac2,2026-07-19T02:15:00Z,2026-07-19T04:15:00+0200,6803.29,MW,BE,BE,actual_load,Actual Load,2026-07-21T00:11:54Z
2026-07-21T00:11:51Z,2026-07-21T02:11:51+0200,ca480415-0e53-4d99-b8f2-f778c2de0ac2,2026-07-19T02:30:00Z,2026-07-19T04:30:00+0200,6733.89,MW,BE,BE,actual_load,Actual Load,2026-07-21T00:11:54Z
2026-07-21T00:11:51Z,2026-07-21T02:11:51+0200,ca480415-0e53-4d99-b8f2-f778c2de0ac2,2026-07-19T02:45:00Z,2026-07-19T04:45:00+0200,6727.65,MW,BE,BE,actual_load,Actual Load,2026-07-21T00:11:54Z
2026-07-21T00:11:51Z,2026-07-21T02:11:51+0200,ca480415-0e53-4d99-b8f2-f778c2de0ac2,2026-07-19T03:00:00Z,2026-07-19T05:00:00+0200,6736.35,MW,BE,BE,actual_load,Actual Load,2026-07-21T00:11:54Z
2026-07-21T00:11:51Z,2026-07-21T02:11:51+0200,ca480415-0e53-4d99-b8f2-f778c2de0ac2,2026-07-19T03:15:00Z,2026-07-19T05:15:00+0200,6769.11,MW,BE,BE,actual_load,Actual Load,2026-07-21T00:11:54Z
2026-07-21T00:11:51Z,2026-07-21T02:11:51+0200,ca480415-0e53-4d99-b8f2-f778c2de0ac2,2026-07-19T03:30:00Z,2026-07-19T05:30:00+0200,6843.46,MW,BE,BE,actual_load,Actual Load,2026-07-21T00:11:54Z
2026-07-21T00:11:51Z,2026-07-21T02:11:51+0200,ca480415-0e53-4d99-b8f2-f778c2de0ac2,2026-07-19T03:45:00Z,2026-07-19T05:45:00+0200,6684.43,MW,BE,BE,actual_load,Actual Load,2026-07-21T00:11:54Z
2026-07-21T00:11:51Z,2026-07-21T02:11:51+0200,ca480415-0e53-4d99-b8f2-f778c2de0ac2,2026-07-19T04:00:00Z,2026-07-19T06:00:00+0200,6860.81,MW,BE,BE,actual_load,Actual Load,2026-07-21T00:11:54Z
2026-07-21T00:11:51Z,2026-07-21T02:11:51+0200,ca480415-0e53-4d99-b8f2-f778c2de0ac2,2026-07-19T04:15:00Z,2026-07-19T06:15:00+0200,6986.92,MW,BE,BE,actual_load,Actual Load,2026-07-21T00:11:54Z
2026-07-21T00:11:51Z,2026-07-21T02:11:51+0200,ca480415-0e53-4d99-b8f2-f778c2de0ac2,2026-07-19T04:30:00Z,2026-07-19T06:30:00+0200,7009.58,MW,BE,BE,actual_load,Actual Load,2026-07-21T00:11:54Z
2026-07-21T00:11:51Z,2026-07-21T02:11:51+0200,ca480415-0e53-4d99-b8f2-f778c2de0ac2,2026-07-19T04:45:00Z,2026-07-19T06:45:00+0200,7055.13,MW,BE,BE,actual_load,Actual Load,2026-07-21T00:11:54Z
2026-07-21T00:11:51Z,2026-07-21T02:11:51+0200,ca480415-0e53-4d99-b8f2-f778c2de0ac2,2026-07-19T05:00:00Z,2026-07-19T07:00:00+0200,6965.07,MW,BE,BE,actual_load,Actual Load,2026-07-21T00:11:54Z
2026-07-21T00:11:51Z,2026-07-21T02:11:51+0200,ca480415-0e53-4d99-b8f2-f778c2de0ac2,2026-07-19T05:15:00Z,2026-07-19T07:15:00+0200,7065.1,MW,BE,BE,actual_load,Actual Load,2026-07-21T00:11:54Z
2026-07-21T00:11:51Z,2026-07-21T02:11:51+0200,ca480415-0e53-4d99-b8f2-f778c2de0ac2,2026-07-19T05:30:00Z,2026-07-19T07:30:00+0200,7155.14,MW,BE,BE,actual_load,Actual Load,2026-07-21T00:11:54Z
2026-07-21T00:11:51Z,2026-07-21T02:11:51+0200,ca480415-0e53-4d99-b8f2-f778c2de0ac2,2026-07-19T05:45:00Z,2026-07-19T07:45:00+0200,7368.68,MW,BE,BE,actual_load,Actual Load,2026-07-21T00:11:54Z
2026-07-21T00:11:51Z,2026-07-21T02:11:51+0200,ca480415-0e53-4d99-b8f2-f778c2de0ac2,2026-07-19T06:00:00Z,2026-07-19T08:00:00+0200,7338.73,MW,BE,BE,actual_load,Actual Load,2026-07-21T00:11:54Z
2026-07-21T00:11:51Z,2026-07-21T02:11:51+0200,ca480415-0e53-4d99-b8f2-f778c2de0ac2,2026-07-19T06:15:00Z,2026-07-19T08:15:00+0200,7296.65,MW,BE,BE,actual_load,Actual Load,2026-07-21T00:11:54Z
2026-07-21T00:11:51Z,2026-07-21T02:11:51+0200,ca480415-0e53-4d99-b8f2-f778c2de0ac2,2026-07-19T06:30:00Z,2026-07-19T08:30:00+0200,7316.38,MW,BE,BE,actual_load,Actual Load,2026-07-21T00:11:54Z
2026-07-21T00:11:51Z,2026-07-21T02:11:51+0200,ca480415-0e53-4d99-b8f2-f778c2de0ac2,2026-07-19T06:45:00Z,2026-07-19T08:45:00+0200,7428.82,MW,BE,BE,actual_load,Actual Load,2026-07-21T00:11:54Z
2026-07-21T00:11:51Z,2026-07-21T02:11:51+0200,ca480415-0e53-4d99-b8f2-f778c2de0ac2,2026-07-19T07:00:00Z,2026-07-19T09:00:00+0200,7445.58,MW,BE,BE,actual_load,Actual Load,2026-07-21T00:11:54Z
2026-07-21T00:11:51Z,2026-07-21T02:11:51+0200,ca480415-0e53-4d99-b8f2-f778c2de0ac2,2026-07-19T07:15:00Z,2026-07-19T09:15:00+0200,7484.06,MW,BE,BE,actual_load,Actual Load,2026-07-21T00:11:54Z
2026-07-21T00:11:51Z,2026-07-21T02:11:51+0200,ca480415-0e53-4d99-b8f2-f778c2de0ac2,2026-07-19T07:30:00Z,2026-07-19T09:30:00+0200,7461.89,MW,BE,BE,actual_load,Actual Load,2026-07-21T00:11:54Z
2026-07-21T00:11:51Z,2026-07-21T02:11:51+0200,ca480415-0e53-4d99-b8f2-f778c2de0ac2,2026-07-19T07:45:00Z,2026-07-19T09:45:00+0200,7541.43,MW,BE,BE,actual_load,Actual Load,2026-07-21T00:11:54Z
2026-07-21T00:11:51Z,2026-07-21T02:11:51+0200,ca480415-0e53-4d99-b8f2-f778c2de0ac2,2026-07-19T08:00:00Z,2026-07-19T10:00:00+0200,7575.4,MW,BE,BE,actual_load,Actual Load,2026-07-21T00:11:54Z
2026-07-21T00:11:51Z,2026-07-21T02:11:51+0200,ca480415-0e53-4d99-b8f2-f778c2de0ac2,2026-07-19T08:15:00Z,2026-07-19T10:15:00+0200,7792.92,MW,BE,BE,actual_load,Actual Load,2026-07-21T00:11:54Z
2026-07-21T00:11:51Z,2026-07-21T02:11:51+0200,ca480415-0e53-4d99-b8f2-f778c2de0ac2,2026-07-19T08:30:00Z,2026-07-19T10:30:00+0200,7957.92,MW,BE,BE,actual_load,Actual Load,2026-07-21T00:11:54Z
2026-07-21T00:11:51Z,2026-07-21T02:11:51+0200,ca480415-0e53-4d99-b8f2-f778c2de0ac2,2026-07-19T08:45:00Z,2026-07-19T10:45:00+0200,8126.49,MW,BE,BE,actual_load,Actual Load,2026-07-21T00:11:54Z
2026-07-21T00:11:51Z,2026-07-21T02:11:51+0200,ca480415-0e53-4d99-b8f2-f778c2de0ac2,2026-07-19T09:00:00Z,2026-07-19T11:00:00+0200,8248.5,MW,BE,BE,actual_load,Actual Load,2026-07-21T00:11:54Z
2026-07-21T00:11:51Z,2026-07-21T02:11:51+0200,ca480415-0e53-4d99-b8f2-f778c2de0ac2,2026-07-19T09:15:00Z,2026-07-19T11:15:00+0200,8251.4,MW,BE,BE,actual_load,Actual Load,2026-07-21T00:11:54Z
2026-07-21T00:11:51Z,2026-07-21T02:11:51+0200,ca480415-0e53-4d99-b8f2-f778c2de0ac2,2026-07-19T09:30:00Z,2026-07-19T11:30:00+0200,8360.11,MW,BE,BE,actual_load,Actual Load,2026-07-21T00:11:54Z
2026-07-21T00:11:51Z,2026-07-21T02:11:51+0200,ca480415-0e53-4d99-b8f2-f778c2de0ac2,2026-07-19T09:45:00Z,2026-07-19T11:45:00+0200,8445.82,MW,BE,BE,actual_load,Actual Load,2026-07-21T00:11:54Z
2026-07-21T00:11:51Z,2026-07-21T02:11:51+0200,ca480415-0e53-4d99-b8f2-f778c2de0ac2,2026-07-19T10:00:00Z,2026-07-19T12:00:00+0200,8619.43,MW,BE,BE,actual_load,Actual Load,2026-07-21T00:11:54Z
2026-07-21T00:11:51Z,2026-07-21T02:11:51+0200,ca480415-0e53-4d99-b8f2-f778c2de0ac2,2026-07-19T10:15:00Z,2026-07-19T12:15:00+0200,8645.12,MW,BE,BE,actual_load,Actual Load,2026-07-21T00:11:54Z
2026-07-21T00:11:51Z,2026-07-21T02:11:51+0200,ca480415-0e53-4d99-b8f2-f778c2de0ac2,2026-07-19T10:30:00Z,2026-07-19T12:30:00+0200,8550.69,MW,BE,BE,actual_load,Actual Load,2026-07-21T00:11:54Z
2026-07-21T00:11:51Z,2026-07-21T02:11:51+0200,ca480415-0e53-4d99-b8f2-f778c2de0ac2,2026-07-19T10:45:00Z,2026-07-19T12:45:00+0200,8592.66,MW,BE,BE,actual_load,Actual Load,2026-07-21T00:11:54Z
2026-07-21T00:11:51Z,2026-07-21T02:11:51+0200,ca480415-0e53-4d99-b8f2-f778c2de0ac2,2026-07-19T11:00:00Z,2026-07-19T13:00:00+0200,8530.1,MW,BE,BE,actual_load,Actual Load,2026-07-21T00:11:54Z
2026-07-21T00:11:51Z,2026-07-21T02:11:51+0200,ca480415-0e53-4d99-b8f2-f778c2de0ac2,2026-07-19T11:15:00Z,2026-07-19T13:15:00+0200,8441.84,MW,BE,BE,actual_load,Actual Load,2026-07-21T00:11:54Z
2026-07-21T00:11:51Z,2026-07-21T02:11:51+0200,ca480415-0e53-4d99-b8f2-f778c2de0ac2,2026-07-19T11:30:00Z,2026-07-19T13:30:00+0200,8459.35,MW,BE,BE,actual_load,Actual Load,2026-07-21T00:11:54Z
2026-07-21T00:11:51Z,2026-07-21T02:11:51+0200,ca480415-0e53-4d99-b8f2-f778c2de0ac2,2026-07-19T11:45:00Z,2026-07-19T13:45:00+0200,8454.99,MW,BE,BE,actual_load,Actual Load,2026-07-21T00:11:54Z
2026-07-21T00:11:51Z,2026-07-21T02:11:51+0200,ca480415-0e53-4d99-b8f2-f778c2de0ac2,2026-07-19T12:00:00Z,2026-07-19T14:00:00+0200,8483.99,MW,BE,BE,actual_load,Actual Load,2026-07-21T00:11:54Z
2026-07-21T00:11:51Z,2026-07-21T02:11:51+0200,ca480415-0e53-4d99-b8f2-f778c2de0ac2,2026-07-19T12:15:00Z,2026-07-19T14:15:00+0200,8457.07,MW,BE,BE,actual_load,Actual Load,2026-07-21T00:11:54Z
2026-07-21T00:11:51Z,2026-07-21T02:11:51+0200,ca480415-0e53-4d99-b8f2-f778c2de0ac2,2026-07-19T12:30:00Z,2026-07-19T14:30:00+0200,8544.09,MW,BE,BE,actual_load,Actual Load,2026-07-21T00:11:54Z
2026-07-21T00:11:51Z,2026-07-21T02:11:51+0200,ca480415-0e53-4d99-b8f2-f778c2de0ac2,2026-07-19T12:45:00Z,2026-07-19T14:45:00+0200,8406.24,MW,BE,BE,actual_load,Actual Load,2026-07-21T00:11:54Z
2026-07-21T00:11:51Z,2026-07-21T02:11:51+0200,ca480415-0e53-4d99-b8f2-f778c2de0ac2,2026-07-19T13:00:00Z,2026-07-19T15:00:00+0200,8268.01,MW,BE,BE,actual_load,Actual Load,2026-07-21T00:11:54Z
2026-07-21T00:11:51Z,2026-07-21T02:11:51+0200,ca480415-0e53-4d99-b8f2-f778c2de0ac2,2026-07-19T13:15:00Z,2026-07-19T15:15:00+0200,8236.33,MW,BE,BE,actual_load,Actual Load,2026-07-21T00:11:54Z
2026-07-21T00:11:51Z,2026-07-21T02:11:51+0200,ca480415-0e53-4d99-b8f2-f778c2de0ac2,2026-07-19T13:30:00Z,2026-07-19T15:30:00+0200,8226.21,MW,BE,BE,actual_load,Actual Load,2026-07-21T00:11:54Z
2026-07-21T00:11:51Z,2026-07-21T02:11:51+0200,ca480415-0e53-4d99-b8f2-f778c2de0ac2,2026-07-19T13:45:00Z,2026-07-19T15:45:00+0200,8117.73,MW,BE,BE,actual_load,Actual Load,2026-07-21T00:11:54Z
2026-07-21T00:11:51Z,2026-07-21T02:11:51+0200,ca480415-0e53-4d99-b8f2-f778c2de0ac2,2026-07-19T14:00:00Z,2026-07-19T16:00:00+0200,7926.97,MW,BE,BE,actual_load,Actual Load,2026-07-21T00:11:54Z
2026-07-21T00:11:51Z,2026-07-21T02:11:51+0200,ca480415-0e53-4d99-b8f2-f778c2de0ac2,2026-07-19T14:15:00Z,2026-07-19T16:15:00+0200,7920.49,MW,BE,BE,actual_load,Actual Load,2026-07-21T00:11:54Z
2026-07-21T00:11:51Z,2026-07-21T02:11:51+0200,ca480415-0e53-4d99-b8f2-f778c2de0ac2,2026-07-19T14:30:00Z,2026-07-19T16:30:00+0200,7813.17,MW,BE,BE,actual_load,Actual Load,2026-07-21T00:11:54Z
2026-07-21T00:11:51Z,2026-07-21T02:11:51+0200,ca480415-0e53-4d99-b8f2-f778c2de0ac2,2026-07-19T14:45:00Z,2026-07-19T16:45:00+0200,7763.51,MW,BE,BE,actual_load,Actual Load,2026-07-21T00:11:54Z
2026-07-21T00:11:51Z,2026-07-21T02:11:51+0200,ca480415-0e53-4d99-b8f2-f778c2de0ac2,2026-07-19T15:00:00Z,2026-07-19T17:00:00+0200,7866.3,MW,BE,BE,actual_load,Actual Load,2026-07-21T00:11:54Z
2026-07-21T00:11:51Z,2026-07-21T02:11:51+0200,ca480415-0e53-4d99-b8f2-f778c2de0ac2,2026-07-19T15:15:00Z,2026-07-19T17:15:00+0200,7697.01,MW,BE,BE,actual_load,Actual Load,2026-07-21T00:11:54Z
2026-07-21T00:11:51Z,2026-07-21T02:11:51+0200,ca480415-0e53-4d99-b8f2-f778c2de0ac2,2026-07-19T15:30:00Z,2026-07-19T17:30:00+0200,7846.1,MW,BE,BE,actual_load,Actual Load,2026-07-21T00:11:54Z
2026-07-21T00:11:51Z,2026-07-21T02:11:51+0200,ca480415-0e53-4d99-b8f2-f778c2de0ac2,2026-07-19T15:45:00Z,2026-07-19T17:45:00+0200,7873.66,MW,BE,BE,actual_load,Actual Load,2026-07-21T00:11:54Z
2026-07-21T00:11:51Z,2026-07-21T02:11:51+0200,ca480415-0e53-4d99-b8f2-f778c2de0ac2,2026-07-19T16:00:00Z,2026-07-19T18:00:00+0200,8064.34,MW,BE,BE,actual_load,Actual Load,2026-07-21T00:11:54Z
2026-07-21T00:11:51Z,2026-07-21T02:11:51+0200,ca480415-0e53-4d99-b8f2-f778c2de0ac2,2026-07-19T16:15:00Z,2026-07-19T18:15:00+0200,7853.97,MW,BE,BE,actual_load,Actual Load,2026-07-21T00:11:54Z
2026-07-21T00:11:51Z,2026-07-21T02:11:51+0200,ca480415-0e53-4d99-b8f2-f778c2de0ac2,2026-07-19T16:30:00Z,2026-07-19T18:30:00+0200,7965.8,MW,BE,BE,actual_load,Actual Load,2026-07-21T00:11:54Z
2026-07-21T00:11:51Z,2026-07-21T02:11:51+0200,ca480415-0e53-4d99-b8f2-f778c2de0ac2,2026-07-19T16:45:00Z,2026-07-19T18:45:00+0200,7763.16,MW,BE,BE,actual_load,Actual Load,2026-07-21T00:11:54Z
2026-07-21T00:11:51Z,2026-07-21T02:11:51+0200,ca480415-0e53-4d99-b8f2-f778c2de0ac2,2026-07-19T17:00:00Z,2026-07-19T19:00:00+0200,7878.94,MW,BE,BE,actual_load,Actual Load,2026-07-21T00:11:54Z
2026-07-21T00:11:51Z,2026-07-21T02:11:51+0200,ca480415-0e53-4d99-b8f2-f778c2de0ac2,2026-07-19T17:15:00Z,2026-07-19T19:15:00+0200,7864.43,MW,BE,BE,actual_load,Actual Load,2026-07-21T00:11:54Z
2026-07-21T00:11:51Z,2026-07-21T02:11:51+0200,ca480415-0e53-4d99-b8f2-f778c2de0ac2,2026-07-19T17:30:00Z,2026-07-19T19:30:00+0200,7965.54,MW,BE,BE,actual_load,Actual Load,2026-07-21T00:11:54Z
2026-07-21T00:11:51Z,2026-07-21T02:11:51+0200,ca480415-0e53-4d99-b8f2-f778c2de0ac2,2026-07-19T17:45:00Z,2026-07-19T19:45:00+0200,8056.61,MW,BE,BE,actual_load,Actual Load,2026-07-21T00:11:54Z
2026-07-21T00:11:51Z,2026-07-21T02:11:51+0200,ca480415-0e53-4d99-b8f2-f778c2de0ac2,2026-07-19T18:00:00Z,2026-07-19T20:00:00+0200,8034.71,MW,BE,BE,actual_load,Actual Load,2026-07-21T00:11:54Z
2026-07-21T00:11:51Z,2026-07-21T02:11:51+0200,ca480415-0e53-4d99-b8f2-f778c2de0ac2,2026-07-19T18:15:00Z,2026-07-19T20:15:00+0200,7928.89,MW,BE,BE,actual_load,Actual Load,2026-07-21T00:11:54Z
2026-07-21T00:11:51Z,2026-07-21T02:11:51+0200,ca480415-0e53-4d99-b8f2-f778c2de0ac2,2026-07-19T18:30:00Z,2026-07-19T20:30:00+0200,7895.23,MW,BE,BE,actual_load,Actual Load,2026-07-21T00:11:54Z
2026-07-21T00:11:51Z,2026-07-21T02:11:51+0200,ca480415-0e53-4d99-b8f2-f778c2de0ac2,2026-07-19T18:45:00Z,2026-07-19T20:45:00+0200,7828.81,MW,BE,BE,actual_load,Actual Load,2026-07-21T00:11:54Z
2026-07-21T00:11:51Z,2026-07-21T02:11:51+0200,ca480415-0e53-4d99-b8f2-f778c2de0ac2,2026-07-19T19:00:00Z,2026-07-19T21:00:00+0200,7816.1,MW,BE,BE,actual_load,Actual Load,2026-07-21T00:11:54Z
2026-07-21T00:11:51Z,2026-07-21T02:11:51+0200,ca480415-0e53-4d99-b8f2-f778c2de0ac2,2026-07-19T19:15:00Z,2026-07-19T21:15:00+0200,7751.27,MW,BE,BE,actual_load,Actual Load,2026-07-21T00:11:54Z
2026-07-21T00:11:51Z,2026-07-21T02:11:51+0200,ca480415-0e53-4d99-b8f2-f778c2de0ac2,2026-07-19T19:30:00Z,2026-07-19T21:30:00+0200,7765.43,MW,BE,BE,actual_load,Actual Load,2026-07-21T00:11:54Z
2026-07-21T00:11:51Z,2026-07-21T02:11:51+0200,ca480415-0e53-4d99-b8f2-f778c2de0ac2,2026-07-19T19:45:00Z,2026-07-19T21:45:00+0200,7819.27,MW,BE,BE,actual_load,Actual Load,2026-07-21T00:11:54Z
2026-07-21T00:11:51Z,2026-07-21T02:11:51+0200,ca480415-0e53-4d99-b8f2-f778c2de0ac2,2026-07-19T20:00:00Z,2026-07-19T22:00:00+0200,7828.24,MW,BE,BE,actual_load,Actual Load,2026-07-21T00:11:54Z
2026-07-21T00:11:51Z,2026-07-21T02:11:51+0200,ca480415-0e53-4d99-b8f2-f778c2de0ac2,2026-07-19T20:15:00Z,2026-07-19T22:15:00+0200,7944.68,MW,BE,BE,actual_load,Actual Load,2026-07-21T00:11:54Z
2026-07-21T00:11:51Z,2026-07-21T02:11:51+0200,ca480415-0e53-4d99-b8f2-f778c2de0ac2,2026-07-19T20:30:00Z,2026-07-19T22:30:00+0200,7963.53,MW,BE,BE,actual_load,Actual Load,2026-07-21T00:11:54Z
2026-07-21T00:11:51Z,2026-07-21T02:11:51+0200,ca480415-0e53-4d99-b8f2-f778c2de0ac2,2026-07-19T20:45:00Z,2026-07-19T22:45:00+0200,7841.34,MW,BE,BE,actual_load,Actual Load,2026-07-21T00:11:54Z
2026-07-21T00:11:51Z,2026-07-21T02:11:51+0200,ca480415-0e53-4d99-b8f2-f778c2de0ac2,2026-07-19T21:00:00Z,2026-07-19T23:00:00+0200,7779.27,MW,BE,BE,actual_load,Actual Load,2026-07-21T00:11:54Z
2026-07-21T00:11:51Z,2026-07-21T02:11:51+0200,ca480415-0e53-4d99-b8f2-f778c2de0ac2,2026-07-19T21:15:00Z,2026-07-19T23:15:00+0200,7767.99,MW,BE,BE,actual_load,Actual Load,2026-07-21T00:11:54Z
2026-07-21T00:11:51Z,2026-07-21T02:11:51+0200,ca480415-0e53-4d99-b8f2-f778c2de0ac2,2026-07-19T21:30:00Z,2026-07-19T23:30:00+0200,7681.55,MW,BE,BE,actual_load,Actual Load,2026-07-21T00:11:54Z
2026-07-21T00:11:51Z,2026-07-21T02:11:51+0200,ca480415-0e53-4d99-b8f2-f778c2de0ac2,2026-07-19T21:45:00Z,2026-07-19T23:45:00+0200,7649.76,MW,BE,BE,actual_load,Actual Load,2026-07-21T00:11:54Z
2026-07-21T00:11:51Z,2026-07-21T02:11:51+0200,ca480415-0e53-4d99-b8f2-f778c2de0ac2,2026-07-19T22:00:00Z,2026-07-20T00:00:00+0200,7323.34,MW,BE,BE,actual_load,Actual Load,2026-07-21T00:11:54Z
2026-07-21T00:11:51Z,2026-07-21T02:11:51+0200,ca480415-0e53-4d99-b8f2-f778c2de0ac2,2026-07-19T22:15:00Z,2026-07-20T00:15:00+0200,7301.29,MW,BE,BE,actual_load,Actual Load,2026-07-21T00:11:54Z
2026-07-21T00:11:51Z,2026-07-21T02:11:51+0200,ca480415-0e53-4d99-b8f2-f778c2de0ac2,2026-07-19T22:30:00Z,2026-07-20T00:30:00+0200,7270.67,MW,BE,BE,actual_load,Actual Load,2026-07-21T00:11:54Z
2026-07-21T00:11:51Z,2026-07-21T02:11:51+0200,ca480415-0e53-4d99-b8f2-f778c2de0ac2,2026-07-19T22:45:00Z,2026-07-20T00:45:00+0200,7175.58,MW,BE,BE,actual_load,Actual Load,2026-07-21T00:11:54Z
2026-07-21T00:11:51Z,2026-07-21T02:11:51+0200,ca480415-0e53-4d99-b8f2-f778c2de0ac2,2026-07-19T23:00:00Z,2026-07-20T01:00:00+0200,7043.47,MW,BE,BE,actual_load,Actual Load,2026-07-21T00:11:54Z
2026-07-21T00:11:51Z,2026-07-21T02:11:51+0200,ca480415-0e53-4d99-b8f2-f778c2de0ac2,2026-07-19T23:15:00Z,2026-07-20T01:15:00+0200,7095.31,MW,BE,BE,actual_load,Actual Load,2026-07-21T00:11:54Z
2026-07-21T00:11:51Z,2026-07-21T02:11:51+0200,ca480415-0e53-4d99-b8f2-f778c2de0ac2,2026-07-19T23:30:00Z,2026-07-20T01:30:00+0200,7077.48,MW,BE,BE,actual_load,Actual Load,2026-07-21T00:11:54Z
2026-07-21T00:11:51Z,2026-07-21T02:11:51+0200,ca480415-0e53-4d99-b8f2-f778c2de0ac2,2026-07-19T23:45:00Z,2026-07-20T01:45:00+0200,7001.69,MW,BE,BE,actual_load,Actual Load,2026-07-21T00:11:54Z
2026-07-21T00:11:51Z,2026-07-21T02:11:51+0200,ca480415-0e53-4d99-b8f2-f778c2de0ac2,2026-07-20T00:00:00Z,2026-07-20T02:00:00+0200,7026.62,MW,BE,BE,actual_load,Actual Load,2026-07-21T00:11:54Z
2026-07-21T00:11:51Z,2026-07-21T02:11:51+0200,ca480415-0e53-4d99-b8f2-f778c2de0ac2,2026-07-20T00:15:00Z,2026-07-20T02:15:00+0200,6990.87,MW,BE,BE,actual_load,Actual Load,2026-07-21T00:11:54Z
2026-07-21T00:11:51Z,2026-07-21T02:11:51+0200,ca480415-0e53-4d99-b8f2-f778c2de0ac2,2026-07-20T00:30:00Z,2026-07-20T02:30:00+0200,6861.85,MW,BE,BE,actual_load,Actual Load,2026-07-21T00:11:54Z
2026-07-21T00:11:51Z,2026-07-21T02:11:51+0200,ca480415-0e53-4d99-b8f2-f778c2de0ac2,2026-07-20T00:45:00Z,2026-07-20T02:45:00+0200,6921.58,MW,BE,BE,actual_load,Actual Load,2026-07-21T00:11:54Z
2026-07-21T00:11:51Z,2026-07-21T02:11:51+0200,ca480415-0e53-4d99-b8f2-f778c2de0ac2,2026-07-20T01:00:00Z,2026-07-20T03:00:00+0200,6765.85,MW,BE,BE,actual_load,Actual Load,2026-07-21T00:11:54Z
2026-07-21T00:11:51Z,2026-07-21T02:11:51+0200,ca480415-0e53-4d99-b8f2-f778c2de0ac2,2026-07-20T01:15:00Z,2026-07-20T03:15:00+0200,6772.26,MW,BE,BE,actual_load,Actual Load,2026-07-21T00:11:54Z
2026-07-21T00:11:51Z,2026-07-21T02:11:51+0200,ca480415-0e53-4d99-b8f2-f778c2de0ac2,2026-07-20T01:30:00Z,2026-07-20T03:30:00+0200,6806.73,MW,BE,BE,actual_load,Actual Load,2026-07-21T00:11:54Z
2026-07-21T00:11:51Z,2026-07-21T02:11:51+0200,ca480415-0e53-4d99-b8f2-f778c2de0ac2,2026-07-20T01:45:00Z,2026-07-20T03:45:00+0200,6774.03,MW,BE,BE,actual_load,Actual Load,2026-07-21T00:11:54Z
2026-07-21T00:11:51Z,2026-07-21T02:11:51+0200,ca480415-0e53-4d99-b8f2-f778c2de0ac2,2026-07-20T02:00:00Z,2026-07-20T04:00:00+0200,6783.98,MW,BE,BE,actual_load,Actual Load,2026-07-21T00:11:54Z
2026-07-21T00:11:51Z,2026-07-21T02:11:51+0200,ca480415-0e53-4d99-b8f2-f778c2de0ac2,2026-07-20T02:15:00Z,2026-07-20T04:15:00+0200,6835.56,MW,BE,BE,actual_load,Actual Load,2026-07-21T00:11:54Z
2026-07-21T00:11:51Z,2026-07-21T02:11:51+0200,ca480415-0e53-4d99-b8f2-f778c2de0ac2,2026-07-20T02:30:00Z,2026-07-20T04:30:00+0200,6960.88,MW,BE,BE,actual_load,Actual Load,2026-07-21T00:11:54Z
2026-07-21T00:11:51Z,2026-07-21T02:11:51+0200,ca480415-0e53-4d99-b8f2-f778c2de0ac2,2026-07-20T02:45:00Z,2026-07-20T04:45:00+0200,6978.88,MW,BE,BE,actual_load,Actual Load,2026-07-21T00:11:54Z
2026-07-21T00:11:51Z,2026-07-21T02:11:51+0200,ca480415-0e53-4d99-b8f2-f778c2de0ac2,2026-07-20T03:00:00Z,2026-07-20T05:00:00+0200,7003.58,MW,BE,BE,actual_load,Actual Load,2026-07-21T00:11:54Z
2026-07-21T00:11:51Z,2026-07-21T02:11:51+0200,ca480415-0e53-4d99-b8f2-f778c2de0ac2,2026-07-20T03:15:00Z,2026-07-20T05:15:00+0200,6916.85,MW,BE,BE,actual_load,Actual Load,2026-07-21T00:11:54Z
2026-07-21T00:11:51Z,2026-07-21T02:11:51+0200,ca480415-0e53-4d99-b8f2-f778c2de0ac2,2026-07-20T03:30:00Z,2026-07-20T05:30:00+0200,6987.02,MW,BE,BE,actual_load,Actual Load,2026-07-21T00:11:54Z
2026-07-21T00:11:51Z,2026-07-21T02:11:51+0200,ca480415-0e53-4d99-b8f2-f778c2de0ac2,2026-07-20T03:45:00Z,2026-07-20T05:45:00+0200,7087.04,MW,BE,BE,actual_load,Actual Load,2026-07-21T00:11:54Z
2026-07-21T00:11:51Z,2026-07-21T02:11:51+0200,ca480415-0e53-4d99-b8f2-f778c2de0ac2,2026-07-20T04:00:00Z,2026-07-20T06:00:00+0200,7237.59,MW,BE,BE,actual_load,Actual Load,2026-07-21T00:11:54Z
2026-07-21T00:11:51Z,2026-07-21T02:11:51+0200,ca480415-0e53-4d99-b8f2-f778c2de0ac2,2026-07-20T04:15:00Z,2026-07-20T06:15:00+0200,7238.77,MW,BE,BE,actual_load,Actual Load,2026-07-21T00:11:54Z
2026-07-21T00:11:51Z,2026-07-21T02:11:51+0200,ca480415-0e53-4d99-b8f2-f778c2de0ac2,2026-07-20T04:30:00Z,2026-07-20T06:30:00+0200,7394.95,MW,BE,BE,actual_load,Actual Load,2026-07-21T00:11:54Z
2026-07-21T00:11:51Z,2026-07-21T02:11:51+0200,ca480415-0e53-4d99-b8f2-f778c2de0ac2,2026-07-20T04:45:00Z,2026-07-20T06:45:00+0200,7350.7,MW,BE,BE,actual_load,Actual Load,2026-07-21T00:11:54Z
2026-07-21T00:11:51Z,2026-07-21T02:11:51+0200,ca480415-0e53-4d99-b8f2-f778c2de0ac2,2026-07-20T05:00:00Z,2026-07-20T07:00:00+0200,7357.06,MW,BE,BE,actual_load,Actual Load,2026-07-21T00:11:54Z
2026-07-21T00:11:51Z,2026-07-21T02:11:51+0200,ca480415-0e53-4d99-b8f2-f778c2de0ac2,2026-07-20T05:15:00Z,2026-07-20T07:15:00+0200,7368.14,MW,BE,BE,actual_load,Actual Load,2026-07-21T00:11:54Z
2026-07-21T00:11:51Z,2026-07-21T02:11:51+0200,ca480415-0e53-4d99-b8f2-f778c2de0ac2,2026-07-20T05:30:00Z,2026-07-20T07:30:00+0200,7593.22,MW,BE,BE,actual_load,Actual Load,2026-07-21T00:11:54Z
2026-07-21T00:11:51Z,2026-07-21T02:11:51+0200,ca480415-0e53-4d99-b8f2-f778c2de0ac2,2026-07-20T05:45:00Z,2026-07-20T07:45:00+0200,7770.36,MW,BE,BE,actual_load,Actual Load,2026-07-21T00:11:54Z
2026-07-21T00:11:51Z,2026-07-21T02:11:51+0200,ca480415-0e53-4d99-b8f2-f778c2de0ac2,2026-07-20T06:00:00Z,2026-07-20T08:00:00+0200,7887.58,MW,BE,BE,actual_load,Actual Load,2026-07-21T00:11:54Z
2026-07-21T00:11:51Z,2026-07-21T02:11:51+0200,ca480415-0e53-4d99-b8f2-f778c2de0ac2,2026-07-20T06:15:00Z,2026-07-20T08:15:00+0200,8018.77,MW,BE,BE,actual_load,Actual Load,2026-07-21T00:11:54Z
2026-07-21T00:11:51Z,2026-07-21T02:11:51+0200,ca480415-0e53-4d99-b8f2-f778c2de0ac2,2026-07-20T06:30:00Z,2026-07-20T08:30:00+0200,8019.58,MW,BE,BE,actual_load,Actual Load,2026-07-21T00:11:54Z
2026-07-21T00:11:51Z,2026-07-21T02:11:51+0200,ca480415-0e53-4d99-b8f2-f778c2de0ac2,2026-07-20T06:45:00Z,2026-07-20T08:45:00+0200,8296.32,MW,BE,BE,actual_load,Actual Load,2026-07-21T00:11:54Z
2026-07-21T00:11:51Z,2026-07-21T02:11:51+0200,ca480415-0e53-4d99-b8f2-f778c2de0ac2,2026-07-20T07:00:00Z,2026-07-20T09:00:00+0200,8380.38,MW,BE,BE,actual_load,Actual Load,2026-07-21T00:11:54Z
2026-07-21T00:11:51Z,2026-07-21T02:11:51+0200,ca480415-0e53-4d99-b8f2-f778c2de0ac2,2026-07-20T07:15:00Z,2026-07-20T09:15:00+0200,8285.6,MW,BE,BE,actual_load,Actual Load,2026-07-21T00:11:54Z
2026-07-21T00:11:51Z,2026-07-21T02:11:51+0200,ca480415-0e53-4d99-b8f2-f778c2de0ac2,2026-07-20T07:30:00Z,2026-07-20T09:30:00+0200,8558.26,MW,BE,BE,actual_load,Actual Load,2026-07-21T00:11:54Z
2026-07-21T00:11:51Z,2026-07-21T02:11:51+0200,ca480415-0e53-4d99-b8f2-f778c2de0ac2,2026-07-20T07:45:00Z,2026-07-20T09:45:00+0200,8674.39,MW,BE,BE,actual_load,Actual Load,2026-07-21T00:11:54Z
2026-07-21T00:11:51Z,2026-07-21T02:11:51+0200,ca480415-0e53-4d99-b8f2-f778c2de0ac2,2026-07-20T08:00:00Z,2026-07-20T10:00:00+0200,8717.72,MW,BE,BE,actual_load,Actual Load,2026-07-21T00:11:54Z
2026-07-21T00:11:51Z,2026-07-21T02:11:51+0200,ca480415-0e53-4d99-b8f2-f778c2de0ac2,2026-07-20T08:15:00Z,2026-07-20T10:15:00+0200,8596.55,MW,BE,BE,actual_load,Actual Load,2026-07-21T00:11:54Z
2026-07-21T00:11:51Z,2026-07-21T02:11:51+0200,ca480415-0e53-4d99-b8f2-f778c2de0ac2,2026-07-20T08:30:00Z,2026-07-20T10:30:00+0200,8830.31,MW,BE,BE,actual_load,Actual Load,2026-07-21T00:11:54Z
2026-07-21T00:11:51Z,2026-07-21T02:11:51+0200,ca480415-0e53-4d99-b8f2-f778c2de0ac2,2026-07-20T08:45:00Z,2026-07-20T10:45:00+0200,8884.19,MW,BE,BE,actual_load,Actual Load,2026-07-21T00:11:54Z
2026-07-21T00:11:51Z,2026-07-21T02:11:51+0200,ca480415-0e53-4d99-b8f2-f778c2de0ac2,2026-07-20T09:00:00Z,2026-07-20T11:00:00+0200,9180.19,MW,BE,BE,actual_load,Actual Load,2026-07-21T00:11:54Z
2026-07-21T00:11:51Z,2026-07-21T02:11:51+0200,ca480415-0e53-4d99-b8f2-f778c2de0ac2,2026-07-20T09:15:00Z,2026-07-20T11:15:00+0200,9377.42,MW,BE,BE,actual_load,Actual Load,2026-07-21T00:11:54Z
2026-07-21T00:11:51Z,2026-07-21T02:11:51+0200,ca480415-0e53-4d99-b8f2-f778c2de0ac2,2026-07-20T09:30:00Z,2026-07-20T11:30:00+0200,9479.09,MW,BE,BE,actual_load,Actual Load,2026-07-21T00:11:54Z
2026-07-21T00:11:51Z,2026-07-21T02:11:51+0200,ca480415-0e53-4d99-b8f2-f778c2de0ac2,2026-07-20T09:45:00Z,2026-07-20T11:45:00+0200,9658.26,MW,BE,BE,actual_load,Actual Load,2026-07-21T00:11:54Z
2026-07-21T00:11:51Z,2026-07-21T02:11:51+0200,ca480415-0e53-4d99-b8f2-f778c2de0ac2,2026-07-20T10:00:00Z,2026-07-20T12:00:00+0200,9419.8,MW,BE,BE,actual_load,Actual Load,2026-07-21T00:11:54Z
2026-07-21T00:11:51Z,2026-07-21T02:11:51+0200,ca480415-0e53-4d99-b8f2-f778c2de0ac2,2026-07-20T10:15:00Z,2026-07-20T12:15:00+0200,9320.46,MW,BE,BE,actual_load,Actual Load,2026-07-21T00:11:54Z
2026-07-21T00:11:51Z,2026-07-21T02:11:51+0200,ca480415-0e53-4d99-b8f2-f778c2de0ac2,2026-07-20T10:30:00Z,2026-07-20T12:30:00+0200,9285.88,MW,BE,BE,actual_load,Actual Load,2026-07-21T00:11:54Z
2026-07-21T00:11:51Z,2026-07-21T02:11:51+0200,ca480415-0e53-4d99-b8f2-f778c2de0ac2,2026-07-20T10:45:00Z,2026-07-20T12:45:00+0200,9217.29,MW,BE,BE,actual_load,Actual Load,2026-07-21T00:11:54Z
2026-07-21T00:11:51Z,2026-07-21T02:11:51+0200,ca480415-0e53-4d99-b8f2-f778c2de0ac2,2026-07-20T11:00:00Z,2026-07-20T13:00:00+0200,9168.4,MW,BE,BE,actual_load,Actual Load,2026-07-21T00:11:54Z
2026-07-21T00:11:51Z,2026-07-21T02:11:51+0200,ca480415-0e53-4d99-b8f2-f778c2de0ac2,2026-07-20T11:15:00Z,2026-07-20T13:15:00+0200,9080.18,MW,BE,BE,actual_load,Actual Load,2026-07-21T00:11:54Z
2026-07-21T00:11:51Z,2026-07-21T02:11:51+0200,ca480415-0e53-4d99-b8f2-f778c2de0ac2,2026-07-20T11:30:00Z,2026-07-20T13:30:00+0200,9143.06,MW,BE,BE,actual_load,Actual Load,2026-07-21T00:11:54Z
2026-07-21T00:11:51Z,2026-07-21T02:11:51+0200,ca480415-0e53-4d99-b8f2-f778c2de0ac2,2026-07-20T11:45:00Z,2026-07-20T13:45:00+0200,9038.99,MW,BE,BE,actual_load,Actual Load,2026-07-21T00:11:54Z
2026-07-21T00:11:51Z,2026-07-21T02:11:51+0200,ca480415-0e53-4d99-b8f2-f778c2de0ac2,2026-07-20T12:00:00Z,2026-07-20T14:00:00+0200,9162.95,MW,BE,BE,actual_load,Actual Load,2026-07-21T00:11:54Z
2026-07-21T00:11:51Z,2026-07-21T02:11:51+0200,ca480415-0e53-4d99-b8f2-f778c2de0ac2,2026-07-20T12:15:00Z,2026-07-20T14:15:00+0200,9110.11,MW,BE,BE,actual_load,Actual Load,2026-07-21T00:11:54Z
2026-07-21T00:11:51Z,2026-07-21T02:11:51+0200,ca480415-0e53-4d99-b8f2-f778c2de0ac2,2026-07-20T12:30:00Z,2026-07-20T14:30:00+0200,9010.08,MW,BE,BE,actual_load,Actual Load,2026-07-21T00:11:54Z
2026-07-21T00:11:51Z,2026-07-21T02:11:51+0200,ca480415-0e53-4d99-b8f2-f778c2de0ac2,2026-07-20T12:45:00Z,2026-07-20T14:45:00+0200,9007.98,MW,BE,BE,actual_load,Actual Load,2026-07-21T00:11:54Z
2026-07-21T00:11:51Z,2026-07-21T02:11:51+0200,ca480415-0e53-4d99-b8f2-f778c2de0ac2,2026-07-20T13:00:00Z,2026-07-20T15:00:00+0200,9165.91,MW,BE,BE,actual_load,Actual Load,2026-07-21T00:11:54Z
2026-07-21T00:11:51Z,2026-07-21T02:11:51+0200,ca480415-0e53-4d99-b8f2-f778c2de0ac2,2026-07-20T13:15:00Z,2026-07-20T15:15:00+0200,9031.58,MW,BE,BE,actual_load,Actual Load,2026-07-21T00:11:54Z
2026-07-21T00:11:51Z,2026-07-21T02:11:51+0200,ca480415-0e53-4d99-b8f2-f778c2de0ac2,2026-07-20T13:30:00Z,2026-07-20T15:30:00+0200,8908.51,MW,BE,BE,actual_load,Actual Load,2026-07-21T00:11:54Z
2026-07-21T00:11:51Z,2026-07-21T02:11:51+0200,ca480415-0e53-4d99-b8f2-f778c2de0ac2,2026-07-20T13:45:00Z,2026-07-20T15:45:00+0200,8961.6,MW,BE,BE,actual_load,Actual Load,2026-07-21T00:11:54Z
2026-07-21T00:11:51Z,2026-07-21T02:11:51+0200,ca480415-0e53-4d99-b8f2-f778c2de0ac2,2026-07-20T14:00:00Z,2026-07-20T16:00:00+0200,8669.12,MW,BE,BE,actual_load,Actual Load,2026-07-21T00:11:54Z
2026-07-21T00:11:51Z,2026-07-21T02:11:51+0200,ca480415-0e53-4d99-b8f2-f778c2de0ac2,2026-07-20T14:15:00Z,2026-07-20T16:15:00+0200,8457.07,MW,BE,BE,actual_load,Actual Load,2026-07-21T00:11:54Z
2026-07-21T00:11:51Z,2026-07-21T02:11:51+0200,ca480415-0e53-4d99-b8f2-f778c2de0ac2,2026-07-20T14:30:00Z,2026-07-20T16:30:00+0200,8574.19,MW,BE,BE,actual_load,Actual Load,2026-07-21T00:11:54Z
2026-07-21T00:11:51Z,2026-07-21T02:11:51+0200,ca480415-0e53-4d99-b8f2-f778c2de0ac2,2026-07-20T14:45:00Z,2026-07-20T16:45:00+0200,8642.93,MW,BE,BE,actual_load,Actual Load,2026-07-21T00:11:54Z
2026-07-21T00:11:51Z,2026-07-21T02:11:51+0200,ca480415-0e53-4d99-b8f2-f778c2de0ac2,2026-07-20T15:00:00Z,2026-07-20T17:00:00+0200,8653.79,MW,BE,BE,actual_load,Actual Load,2026-07-21T00:11:54Z
2026-07-21T00:11:51Z,2026-07-21T02:11:51+0200,ca480415-0e53-4d99-b8f2-f778c2de0ac2,2026-07-20T15:15:00Z,2026-07-20T17:15:00+0200,8548.24,MW,BE,BE,actual_load,Actual Load,2026-07-21T00:11:54Z
2026-07-21T00:11:51Z,2026-07-21T02:11:51+0200,ca480415-0e53-4d99-b8f2-f778c2de0ac2,2026-07-20T15:30:00Z,2026-07-20T17:30:00+0200,8450.14,MW,BE,BE,actual_load,Actual Load,2026-07-21T00:11:54Z
2026-07-21T00:11:51Z,2026-07-21T02:11:51+0200,ca480415-0e53-4d99-b8f2-f778c2de0ac2,2026-07-20T15:45:00Z,2026-07-20T17:45:00+0200,8391.44,MW,BE,BE,actual_load,Actual Load,2026-07-21T00:11:54Z
2026-07-21T00:11:51Z,2026-07-21T02:11:51+0200,ca480415-0e53-4d99-b8f2-f778c2de0ac2,2026-07-20T16:00:00Z,2026-07-20T18:00:00+0200,8356.03,MW,BE,BE,actual_load,Actual Load,2026-07-21T00:11:54Z
2026-07-21T00:11:51Z,2026-07-21T02:11:51+0200,ca480415-0e53-4d99-b8f2-f778c2de0ac2,2026-07-20T16:15:00Z,2026-07-20T18:15:00+0200,8445.41,MW,BE,BE,actual_load,Actual Load,2026-07-21T00:11:54Z
2026-07-21T00:11:51Z,2026-07-21T02:11:51+0200,ca480415-0e53-4d99-b8f2-f778c2de0ac2,2026-07-20T16:30:00Z,2026-07-20T18:30:00+0200,8347.53,MW,BE,BE,actual_load,Actual Load,2026-07-21T00:11:54Z
2026-07-21T00:11:51Z,2026-07-21T02:11:51+0200,ca480415-0e53-4d99-b8f2-f778c2de0ac2,2026-07-20T16:45:00Z,2026-07-20T18:45:00+0200,8309.81,MW,BE,BE,actual_load,Actual Load,2026-07-21T00:11:54Z
2026-07-21T00:11:51Z,2026-07-21T02:11:51+0200,ca480415-0e53-4d99-b8f2-f778c2de0ac2,2026-07-20T17:00:00Z,2026-07-20T19:00:00+0200,8301.17,MW,BE,BE,actual_load,Actual Load,2026-07-21T00:11:54Z
2026-07-21T00:11:51Z,2026-07-21T02:11:51+0200,ca480415-0e53-4d99-b8f2-f778c2de0ac2,2026-07-20T17:15:00Z,2026-07-20T19:15:00+0200,8060.26,MW,BE,BE,actual_load,Actual Load,2026-07-21T00:11:54Z
2026-07-21T00:11:51Z,2026-07-21T02:11:51+0200,ca480415-0e53-4d99-b8f2-f778c2de0ac2,2026-07-20T17:30:00Z,2026-07-20T19:30:00+0200,8020.18,MW,BE,BE,actual_load,Actual Load,2026-07-21T00:11:54Z
2026-07-21T00:11:51Z,2026-07-21T02:11:51+0200,ca480415-0e53-4d99-b8f2-f778c2de0ac2,2026-07-20T17:45:00Z,2026-07-20T19:45:00+0200,8129.76,MW,BE,BE,actual_load,Actual Load,2026-07-21T00:11:54Z
2026-07-21T00:11:51Z,2026-07-21T02:11:51+0200,ca480415-0e53-4d99-b8f2-f778c2de0ac2,2026-07-20T18:00:00Z,2026-07-20T20:00:00+0200,8241.28,MW,BE,BE,actual_load,Actual Load,2026-07-21T00:11:54Z
2026-07-21T00:11:51Z,2026-07-21T02:11:51+0200,ca480415-0e53-4d99-b8f2-f778c2de0ac2,2026-07-20T18:15:00Z,2026-07-20T20:15:00+0200,8135.37,MW,BE,BE,actual_load,Actual Load,2026-07-21T00:11:54Z
2026-07-21T00:11:51Z,2026-07-21T02:11:51+0200,ca480415-0e53-4d99-b8f2-f778c2de0ac2,2026-07-20T18:30:00Z,2026-07-20T20:30:00+0200,8113.66,MW,BE,BE,actual_load,Actual Load,2026-07-21T00:11:54Z
2026-07-21T00:11:51Z,2026-07-21T02:11:51+0200,ca480415-0e53-4d99-b8f2-f778c2de0ac2,2026-07-20T18:45:00Z,2026-07-20T20:45:00+0200,7992.6,MW,BE,BE,actual_load,Actual Load,2026-07-21T00:11:54Z
2026-07-21T00:11:51Z,2026-07-21T02:11:51+0200,ca480415-0e53-4d99-b8f2-f778c2de0ac2,2026-07-20T19:00:00Z,2026-07-20T21:00:00+0200,7846.88,MW,BE,BE,actual_load,Actual Load,2026-07-21T00:11:54Z
2026-07-21T00:11:51Z,2026-07-21T02:11:51+0200,ca480415-0e53-4d99-b8f2-f778c2de0ac2,2026-07-20T19:15:00Z,2026-07-20T21:15:00+0200,7769.39,MW,BE,BE,actual_load,Actual Load,2026-07-21T00:11:54Z
2026-07-21T00:11:51Z,2026-07-21T02:11:51+0200,ca480415-0e53-4d99-b8f2-f778c2de0ac2,2026-07-20T19:30:00Z,2026-07-20T21:30:00+0200,7730.95,MW,BE,BE,actual_load,Actual Load,2026-07-21T00:11:54Z
2026-07-21T00:11:51Z,2026-07-21T02:11:51+0200,ca480415-0e53-4d99-b8f2-f778c2de0ac2,2026-07-20T19:45:00Z,2026-07-20T21:45:00+0200,7763.56,MW,BE,BE,actual_load,Actual Load,2026-07-21T00:11:54Z
2026-07-21T00:11:51Z,2026-07-21T02:11:51+0200,ca480415-0e53-4d99-b8f2-f778c2de0ac2,2026-07-20T20:00:00Z,2026-07-20T22:00:00+0200,7859.96,MW,BE,BE,actual_load,Actual Load,2026-07-21T00:11:54Z
2026-07-21T00:11:51Z,2026-07-21T02:11:51+0200,ca480415-0e53-4d99-b8f2-f778c2de0ac2,2026-07-20T20:15:00Z,2026-07-20T22:15:00+0200,7913.32,MW,BE,BE,actual_load,Actual Load,2026-07-21T00:11:54Z
2026-07-21T00:11:51Z,2026-07-21T02:11:51+0200,ca480415-0e53-4d99-b8f2-f778c2de0ac2,2026-07-20T20:30:00Z,2026-07-20T22:30:00+0200,7931.8,MW,BE,BE,actual_load,Actual Load,2026-07-21T00:11:54Z
2026-07-21T00:11:51Z,2026-07-21T02:11:51+0200,ca480415-0e53-4d99-b8f2-f778c2de0ac2,2026-07-20T20:45:00Z,2026-07-20T22:45:00+0200,7892.5,MW,BE,BE,actual_load,Actual Load,2026-07-21T00:11:54Z
2026-07-21T00:11:51Z,2026-07-21T02:11:51+0200,ca480415-0e53-4d99-b8f2-f778c2de0ac2,2026-07-20T21:00:00Z,2026-07-20T23:00:00+0200,7756.63,MW,BE,BE,actual_load,Actual Load,2026-07-21T00:11:54Z
2026-07-21T00:11:51Z,2026-07-21T02:11:51+0200,ca480415-0e53-4d99-b8f2-f778c2de0ac2,2026-07-20T21:15:00Z,2026-07-20T23:15:00+0200,7676.79,MW,BE,BE,actual_load,Actual Load,2026-07-21T00:11:54Z
2026-07-21T00:11:51Z,2026-07-21T02:11:51+0200,ca480415-0e53-4d99-b8f2-f778c2de0ac2,2026-07-20T21:30:00Z,2026-07-20T23:30:00+0200,7577.91,MW,BE,BE,actual_load,Actual Load,2026-07-21T00:11:54Z
2026-07-21T00:11:51Z,2026-07-21T02:11:51+0200,ca480415-0e53-4d99-b8f2-f778c2de0ac2,2026-07-20T21:45:00Z,2026-07-20T23:45:00+0200,7472.87,MW,BE,BE,actual_load,Actual Load,2026-07-21T00:11:54Z
2026-07-21T00:11:51Z,2026-07-21T02:11:51+0200,ca480415-0e53-4d99-b8f2-f778c2de0ac2,2026-07-20T22:00:00Z,2026-07-21T00:00:00+0200,7326.37,MW,BE,BE,actual_load,Actual Load,2026-07-21T00:11:54Z
2026-07-21T00:11:51Z,2026-07-21T02:11:51+0200,ca480415-0e53-4d99-b8f2-f778c2de0ac2,2026-07-20T22:15:00Z,2026-07-21T00:15:00+0200,7238.61,MW,BE,BE,actual_load,Actual Load,2026-07-21T00:11:54Z
2026-07-21T00:11:51Z,2026-07-21T02:11:51+0200,ca480415-0e53-4d99-b8f2-f778c2de0ac2,2026-07-20T22:30:00Z,2026-07-21T00:30:00+0200,7131.48,MW,BE,BE,actual_load,Actual Load,2026-07-21T00:11:54Z
2026-07-21T00:11:51Z,2026-07-21T02:11:51+0200,ca480415-0e53-4d99-b8f2-f778c2de0ac2,2026-07-20T22:45:00Z,2026-07-21T00:45:00+0200,7039.82,MW,BE,BE,actual_load,Actual Load,2026-07-21T00:11:54Z
2026-07-21T00:11:51Z,2026-07-21T02:11:51+0200,ca480415-0e53-4d99-b8f2-f778c2de0ac2,2026-07-20T23:00:00Z,2026-07-21T01:00:00+0200,7090.84,MW,BE,BE,actual_load,Actual Load,2026-07-21T00:11:54Z
2026-07-21T00:11:51Z,2026-07-21T02:11:51+0200,ca480415-0e53-4d99-b8f2-f778c2de0ac2,2026-07-20T23:15:00Z,2026-07-21T01:15:00+0200,7060.13,MW,BE,BE,actual_load,Actual Load,2026-07-21T00:11:54Z
2026-07-21T00:11:51Z,2026-07-21T02:11:51+0200,ca480415-0e53-4d99-b8f2-f778c2de0ac2,2026-07-20T23:30:00Z,2026-07-21T01:30:00+0200,7014.91,MW,BE,BE,actual_load,Actual Load,2026-07-21T00:11:54Z
