collection_time_utc,collection_time_local,run_id,timestamp_utc,timestamp_local,value,unit,country,entsoe_area,variable,source,updated_at_utc
2026-06-21T20:21:09Z,2026-06-21T22:21:09+0200,4c728934-15fc-48ae-9cbd-ac5715da9ca9,2026-05-21T20:30:00Z,2026-05-21T22:30:00+0200,155.42,EUR/MWh,DE,DE_LU,day_ahead_price,value,2026-06-21T20:22:25Z
2026-06-21T20:21:09Z,2026-06-21T22:21:09+0200,4c728934-15fc-48ae-9cbd-ac5715da9ca9,2026-05-21T20:45:00Z,2026-05-21T22:45:00+0200,148.7,EUR/MWh,DE,DE_LU,day_ahead_price,value,2026-06-21T20:22:25Z
2026-06-21T20:21:09Z,2026-06-21T22:21:09+0200,4c728934-15fc-48ae-9cbd-ac5715da9ca9,2026-05-21T21:00:00Z,2026-05-21T23:00:00+0200,153.65,EUR/MWh,DE,DE_LU,day_ahead_price,value,2026-06-21T20:22:25Z
2026-06-21T20:21:09Z,2026-06-21T22:21:09+0200,4c728934-15fc-48ae-9cbd-ac5715da9ca9,2026-05-21T21:15:00Z,2026-05-21T23:15:00+0200,149.09,EUR/MWh,DE,DE_LU,day_ahead_price,value,2026-06-21T20:22:25Z
2026-06-21T20:21:09Z,2026-06-21T22:21:09+0200,4c728934-15fc-48ae-9cbd-ac5715da9ca9,2026-05-21T21:30:00Z,2026-05-21T23:30:00+0200,144.01,EUR/MWh,DE,DE_LU,day_ahead_price,value,2026-06-21T20:22:25Z
2026-06-21T20:21:09Z,2026-06-21T22:21:09+0200,4c728934-15fc-48ae-9cbd-ac5715da9ca9,2026-05-21T21:45:00Z,2026-05-21T23:45:00+0200,138.82,EUR/MWh,DE,DE_LU,day_ahead_price,value,2026-06-21T20:22:25Z
2026-06-21T20:21:09Z,2026-06-21T22:21:09+0200,4c728934-15fc-48ae-9cbd-ac5715da9ca9,2026-05-21T22:00:00Z,2026-05-22T00:00:00+0200,152.24,EUR/MWh,DE,DE_LU,day_ahead_price,value,2026-06-21T20:22:25Z
2026-06-21T20:21:09Z,2026-06-21T22:21:09+0200,4c728934-15fc-48ae-9cbd-ac5715da9ca9,2026-05-21T22:15:00Z,2026-05-22T00:15:00+0200,148.44,EUR/MWh,DE,DE_LU,day_ahead_price,value,2026-06-21T20:22:25Z
2026-06-21T20:21:09Z,2026-06-21T22:21:09+0200,4c728934-15fc-48ae-9cbd-ac5715da9ca9,2026-05-21T22:30:00Z,2026-05-22T00:30:00+0200,140.67,EUR/MWh,DE,DE_LU,day_ahead_price,value,2026-06-21T20:22:25Z
2026-06-21T20:21:09Z,2026-06-21T22:21:09+0200,4c728934-15fc-48ae-9cbd-ac5715da9ca9,2026-05-21T22:45:00Z,2026-05-22T00:45:00+0200,135.91,EUR/MWh,DE,DE_LU,day_ahead_price,value,2026-06-21T20:22:25Z
2026-06-21T20:21:09Z,2026-06-21T22:21:09+0200,4c728934-15fc-48ae-9cbd-ac5715da9ca9,2026-05-21T23:00:00Z,2026-05-22T01:00:00+0200,148.44,EUR/MWh,DE,DE_LU,day_ahead_price,value,2026-06-21T20:22:25Z
2026-06-21T20:21:09Z,2026-06-21T22:21:09+0200,4c728934-15fc-48ae-9cbd-ac5715da9ca9,2026-05-21T23:15:00Z,2026-05-22T01:15:00+0200,135.9,EUR/MWh,DE,DE_LU,day_ahead_price,value,2026-06-21T20:22:25Z
2026-06-21T20:21:09Z,2026-06-21T22:21:09+0200,4c728934-15fc-48ae-9cbd-ac5715da9ca9,2026-05-21T23:30:00Z,2026-05-22T01:30:00+0200,133.16,EUR/MWh,DE,DE_LU,day_ahead_price,value,2026-06-21T20:22:25Z
2026-06-21T20:21:09Z,2026-06-21T22:21:09+0200,4c728934-15fc-48ae-9cbd-ac5715da9ca9,2026-05-21T23:45:00Z,2026-05-22T01:45:00+0200,130.1,EUR/MWh,DE,DE_LU,day_ahead_price,value,2026-06-21T20:22:25Z
2026-06-21T20:21:09Z,2026-06-21T22:21:09+0200,4c728934-15fc-48ae-9cbd-ac5715da9ca9,2026-05-22T00:00:00Z,2026-05-22T02:00:00+0200,132.73,EUR/MWh,DE,DE_LU,day_ahead_price,value,2026-06-21T20:22:25Z
2026-06-21T20:21:09Z,2026-06-21T22:21:09+0200,4c728934-15fc-48ae-9cbd-ac5715da9ca9,2026-05-22T00:15:00Z,2026-05-22T02:15:00+0200,132.0,EUR/MWh,DE,DE_LU,day_ahead_price,value,2026-06-21T20:22:25Z
2026-06-21T20:21:09Z,2026-06-21T22:21:09+0200,4c728934-15fc-48ae-9cbd-ac5715da9ca9,2026-05-22T00:30:00Z,2026-05-22T02:30:00+0200,130.8,EUR/MWh,DE,DE_LU,day_ahead_price,value,2026-06-21T20:22:25Z
2026-06-21T20:21:09Z,2026-06-21T22:21:09+0200,4c728934-15fc-48ae-9cbd-ac5715da9ca9,2026-05-22T00:45:00Z,2026-05-22T02:45:00+0200,131.02,EUR/MWh,DE,DE_LU,day_ahead_price,value,2026-06-21T20:22:25Z
2026-06-21T20:21:09Z,2026-06-21T22:21:09+0200,4c728934-15fc-48ae-9cbd-ac5715da9ca9,2026-05-22T01:00:00Z,2026-05-22T03:00:00+0200,130.62,EUR/MWh,DE,DE_LU,day_ahead_price,value,2026-06-21T20:22:25Z
2026-06-21T20:21:09Z,2026-06-21T22:21:09+0200,4c728934-15fc-48ae-9cbd-ac5715da9ca9,2026-05-22T01:15:00Z,2026-05-22T03:15:00+0200,129.86,EUR/MWh,DE,DE_LU,day_ahead_price,value,2026-06-21T20:22:25Z
2026-06-21T20:21:09Z,2026-06-21T22:21:09+0200,4c728934-15fc-48ae-9cbd-ac5715da9ca9,2026-05-22T01:30:00Z,2026-05-22T03:30:00+0200,127.84,EUR/MWh,DE,DE_LU,day_ahead_price,value,2026-06-21T20:22:25Z
2026-06-21T20:21:09Z,2026-06-21T22:21:09+0200,4c728934-15fc-48ae-9cbd-ac5715da9ca9,2026-05-22T01:45:00Z,2026-05-22T03:45:00+0200,127.48,EUR/MWh,DE,DE_LU,day_ahead_price,value,2026-06-21T20:22:25Z
2026-06-21T20:21:09Z,2026-06-21T22:21:09+0200,4c728934-15fc-48ae-9cbd-ac5715da9ca9,2026-05-22T02:00:00Z,2026-05-22T04:00:00+0200,127.55,EUR/MWh,DE,DE_LU,day_ahead_price,value,2026-06-21T20:22:25Z
2026-06-21T20:21:09Z,2026-06-21T22:21:09+0200,4c728934-15fc-48ae-9cbd-ac5715da9ca9,2026-05-22T02:15:00Z,2026-05-22T04:15:00+0200,129.46,EUR/MWh,DE,DE_LU,day_ahead_price,value,2026-06-21T20:22:25Z
2026-06-21T20:21:09Z,2026-06-21T22:21:09+0200,4c728934-15fc-48ae-9cbd-ac5715da9ca9,2026-05-22T02:30:00Z,2026-05-22T04:30:00+0200,133.94,EUR/MWh,DE,DE_LU,day_ahead_price,value,2026-06-21T20:22:25Z
2026-06-21T20:21:09Z,2026-06-21T22:21:09+0200,4c728934-15fc-48ae-9cbd-ac5715da9ca9,2026-05-22T02:45:00Z,2026-05-22T04:45:00+0200,135.04,EUR/MWh,DE,DE_LU,day_ahead_price,value,2026-06-21T20:22:25Z
2026-06-21T20:21:09Z,2026-06-21T22:21:09+0200,4c728934-15fc-48ae-9cbd-ac5715da9ca9,2026-05-22T03:00:00Z,2026-05-22T05:00:00+0200,129.96,EUR/MWh,DE,DE_LU,day_ahead_price,value,2026-06-21T20:22:25Z
2026-06-21T20:21:09Z,2026-06-21T22:21:09+0200,4c728934-15fc-48ae-9cbd-ac5715da9ca9,2026-05-22T03:15:00Z,2026-05-22T05:15:00+0200,134.97,EUR/MWh,DE,DE_LU,day_ahead_price,value,2026-06-21T20:22:25Z
2026-06-21T20:21:09Z,2026-06-21T22:21:09+0200,4c728934-15fc-48ae-9cbd-ac5715da9ca9,2026-05-22T03:30:00Z,2026-05-22T05:30:00+0200,137.32,EUR/MWh,DE,DE_LU,day_ahead_price,value,2026-06-21T20:22:25Z
2026-06-21T20:21:09Z,2026-06-21T22:21:09+0200,4c728934-15fc-48ae-9cbd-ac5715da9ca9,2026-05-22T03:45:00Z,2026-05-22T05:45:00+0200,140.62,EUR/MWh,DE,DE_LU,day_ahead_price,value,2026-06-21T20:22:25Z
2026-06-21T20:21:09Z,2026-06-21T22:21:09+0200,4c728934-15fc-48ae-9cbd-ac5715da9ca9,2026-05-22T04:00:00Z,2026-05-22T06:00:00+0200,142.56,EUR/MWh,DE,DE_LU,day_ahead_price,value,2026-06-21T20:22:25Z
2026-06-21T20:21:09Z,2026-06-21T22:21:09+0200,4c728934-15fc-48ae-9cbd-ac5715da9ca9,2026-05-22T04:15:00Z,2026-05-22T06:15:00+0200,147.22,EUR/MWh,DE,DE_LU,day_ahead_price,value,2026-06-21T20:22:25Z
2026-06-21T20:21:09Z,2026-06-21T22:21:09+0200,4c728934-15fc-48ae-9cbd-ac5715da9ca9,2026-05-22T04:30:00Z,2026-05-22T06:30:00+0200,146.15,EUR/MWh,DE,DE_LU,day_ahead_price,value,2026-06-21T20:22:25Z
2026-06-21T20:21:09Z,2026-06-21T22:21:09+0200,4c728934-15fc-48ae-9cbd-ac5715da9ca9,2026-05-22T04:45:00Z,2026-05-22T06:45:00+0200,141.49,EUR/MWh,DE,DE_LU,day_ahead_price,value,2026-06-21T20:22:25Z
2026-06-21T20:21:09Z,2026-06-21T22:21:09+0200,4c728934-15fc-48ae-9cbd-ac5715da9ca9,2026-05-22T05:00:00Z,2026-05-22T07:00:00+0200,156.58,EUR/MWh,DE,DE_LU,day_ahead_price,value,2026-06-21T20:22:25Z
2026-06-21T20:21:09Z,2026-06-21T22:21:09+0200,4c728934-15fc-48ae-9cbd-ac5715da9ca9,2026-05-22T05:15:00Z,2026-05-22T07:15:00+0200,147.15,EUR/MWh,DE,DE_LU,day_ahead_price,value,2026-06-21T20:22:25Z
2026-06-21T20:21:09Z,2026-06-21T22:21:09+0200,4c728934-15fc-48ae-9cbd-ac5715da9ca9,2026-05-22T05:30:00Z,2026-05-22T07:30:00+0200,134.01,EUR/MWh,DE,DE_LU,day_ahead_price,value,2026-06-21T20:22:25Z
2026-06-21T20:21:09Z,2026-06-21T22:21:09+0200,4c728934-15fc-48ae-9cbd-ac5715da9ca9,2026-05-22T05:45:00Z,2026-05-22T07:45:00+0200,114.97,EUR/MWh,DE,DE_LU,day_ahead_price,value,2026-06-21T20:22:25Z
2026-06-21T20:21:09Z,2026-06-21T22:21:09+0200,4c728934-15fc-48ae-9cbd-ac5715da9ca9,2026-05-22T06:00:00Z,2026-05-22T08:00:00+0200,141.0,EUR/MWh,DE,DE_LU,day_ahead_price,value,2026-06-21T20:22:25Z
2026-06-21T20:21:09Z,2026-06-21T22:21:09+0200,4c728934-15fc-48ae-9cbd-ac5715da9ca9,2026-05-22T06:15:00Z,2026-05-22T08:15:00+0200,130.24,EUR/MWh,DE,DE_LU,day_ahead_price,value,2026-06-21T20:22:25Z
2026-06-21T20:21:09Z,2026-06-21T22:21:09+0200,4c728934-15fc-48ae-9cbd-ac5715da9ca9,2026-05-22T06:30:00Z,2026-05-22T08:30:00+0200,118.84,EUR/MWh,DE,DE_LU,day_ahead_price,value,2026-06-21T20:22:25Z
2026-06-21T20:21:09Z,2026-06-21T22:21:09+0200,4c728934-15fc-48ae-9cbd-ac5715da9ca9,2026-05-22T06:45:00Z,2026-05-22T08:45:00+0200,102.46,EUR/MWh,DE,DE_LU,day_ahead_price,value,2026-06-21T20:22:25Z
2026-06-21T20:21:09Z,2026-06-21T22:21:09+0200,4c728934-15fc-48ae-9cbd-ac5715da9ca9,2026-05-22T07:00:00Z,2026-05-22T09:00:00+0200,130.97,EUR/MWh,DE,DE_LU,day_ahead_price,value,2026-06-21T20:22:25Z
2026-06-21T20:21:09Z,2026-06-21T22:21:09+0200,4c728934-15fc-48ae-9cbd-ac5715da9ca9,2026-05-22T07:15:00Z,2026-05-22T09:15:00+0200,100.91,EUR/MWh,DE,DE_LU,day_ahead_price,value,2026-06-21T20:22:25Z
2026-06-21T20:21:09Z,2026-06-21T22:21:09+0200,4c728934-15fc-48ae-9cbd-ac5715da9ca9,2026-05-22T07:30:00Z,2026-05-22T09:30:00+0200,80.97,EUR/MWh,DE,DE_LU,day_ahead_price,value,2026-06-21T20:22:25Z
2026-06-21T20:21:09Z,2026-06-21T22:21:09+0200,4c728934-15fc-48ae-9cbd-ac5715da9ca9,2026-05-22T07:45:00Z,2026-05-22T09:45:00+0200,54.68,EUR/MWh,DE,DE_LU,day_ahead_price,value,2026-06-21T20:22:25Z
2026-06-21T20:21:09Z,2026-06-21T22:21:09+0200,4c728934-15fc-48ae-9cbd-ac5715da9ca9,2026-05-22T08:00:00Z,2026-05-22T10:00:00+0200,92.82,EUR/MWh,DE,DE_LU,day_ahead_price,value,2026-06-21T20:22:25Z
2026-06-21T20:21:09Z,2026-06-21T22:21:09+0200,4c728934-15fc-48ae-9cbd-ac5715da9ca9,2026-05-22T08:15:00Z,2026-05-22T10:15:00+0200,60.99,EUR/MWh,DE,DE_LU,day_ahead_price,value,2026-06-21T20:22:25Z
2026-06-21T20:21:09Z,2026-06-21T22:21:09+0200,4c728934-15fc-48ae-9cbd-ac5715da9ca9,2026-05-22T08:30:00Z,2026-05-22T10:30:00+0200,14.79,EUR/MWh,DE,DE_LU,day_ahead_price,value,2026-06-21T20:22:25Z
2026-06-21T20:21:09Z,2026-06-21T22:21:09+0200,4c728934-15fc-48ae-9cbd-ac5715da9ca9,2026-05-22T08:45:00Z,2026-05-22T10:45:00+0200,1.32,EUR/MWh,DE,DE_LU,day_ahead_price,value,2026-06-21T20:22:25Z
2026-06-21T20:21:09Z,2026-06-21T22:21:09+0200,4c728934-15fc-48ae-9cbd-ac5715da9ca9,2026-05-22T09:00:00Z,2026-05-22T11:00:00+0200,13.75,EUR/MWh,DE,DE_LU,day_ahead_price,value,2026-06-21T20:22:25Z
2026-06-21T20:21:09Z,2026-06-21T22:21:09+0200,4c728934-15fc-48ae-9cbd-ac5715da9ca9,2026-05-22T09:15:00Z,2026-05-22T11:15:00+0200,1.91,EUR/MWh,DE,DE_LU,day_ahead_price,value,2026-06-21T20:22:25Z
2026-06-21T20:21:09Z,2026-06-21T22:21:09+0200,4c728934-15fc-48ae-9cbd-ac5715da9ca9,2026-05-22T09:30:00Z,2026-05-22T11:30:00+0200,0.09,EUR/MWh,DE,DE_LU,day_ahead_price,value,2026-06-21T20:22:25Z
2026-06-21T20:21:09Z,2026-06-21T22:21:09+0200,4c728934-15fc-48ae-9cbd-ac5715da9ca9,2026-05-22T09:45:00Z,2026-05-22T11:45:00+0200,0.01,EUR/MWh,DE,DE_LU,day_ahead_price,value,2026-06-21T20:22:25Z
2026-06-21T20:21:09Z,2026-06-21T22:21:09+0200,4c728934-15fc-48ae-9cbd-ac5715da9ca9,2026-05-22T10:00:00Z,2026-05-22T12:00:00+0200,0.01,EUR/MWh,DE,DE_LU,day_ahead_price,value,2026-06-21T20:22:25Z
2026-06-21T20:21:09Z,2026-06-21T22:21:09+0200,4c728934-15fc-48ae-9cbd-ac5715da9ca9,2026-05-22T10:15:00Z,2026-05-22T12:15:00+0200,0.01,EUR/MWh,DE,DE_LU,day_ahead_price,value,2026-06-21T20:22:25Z
2026-06-21T20:21:09Z,2026-06-21T22:21:09+0200,4c728934-15fc-48ae-9cbd-ac5715da9ca9,2026-05-22T10:30:00Z,2026-05-22T12:30:00+0200,0.0,EUR/MWh,DE,DE_LU,day_ahead_price,value,2026-06-21T20:22:25Z
2026-06-21T20:21:09Z,2026-06-21T22:21:09+0200,4c728934-15fc-48ae-9cbd-ac5715da9ca9,2026-05-22T10:45:00Z,2026-05-22T12:45:00+0200,0.0,EUR/MWh,DE,DE_LU,day_ahead_price,value,2026-06-21T20:22:25Z
2026-06-21T20:21:09Z,2026-06-21T22:21:09+0200,4c728934-15fc-48ae-9cbd-ac5715da9ca9,2026-05-22T11:00:00Z,2026-05-22T13:00:00+0200,0.0,EUR/MWh,DE,DE_LU,day_ahead_price,value,2026-06-21T20:22:25Z
2026-06-21T20:21:09Z,2026-06-21T22:21:09+0200,4c728934-15fc-48ae-9cbd-ac5715da9ca9,2026-05-22T11:15:00Z,2026-05-22T13:15:00+0200,0.0,EUR/MWh,DE,DE_LU,day_ahead_price,value,2026-06-21T20:22:25Z
2026-06-21T20:21:09Z,2026-06-21T22:21:09+0200,4c728934-15fc-48ae-9cbd-ac5715da9ca9,2026-05-22T11:30:00Z,2026-05-22T13:30:00+0200,0.0,EUR/MWh,DE,DE_LU,day_ahead_price,value,2026-06-21T20:22:25Z
2026-06-21T20:21:09Z,2026-06-21T22:21:09+0200,4c728934-15fc-48ae-9cbd-ac5715da9ca9,2026-05-22T11:45:00Z,2026-05-22T13:45:00+0200,0.0,EUR/MWh,DE,DE_LU,day_ahead_price,value,2026-06-21T20:22:25Z
2026-06-21T20:21:09Z,2026-06-21T22:21:09+0200,4c728934-15fc-48ae-9cbd-ac5715da9ca9,2026-05-22T12:00:00Z,2026-05-22T14:00:00+0200,0.0,EUR/MWh,DE,DE_LU,day_ahead_price,value,2026-06-21T20:22:25Z
2026-06-21T20:21:09Z,2026-06-21T22:21:09+0200,4c728934-15fc-48ae-9cbd-ac5715da9ca9,2026-05-22T12:15:00Z,2026-05-22T14:15:00+0200,0.0,EUR/MWh,DE,DE_LU,day_ahead_price,value,2026-06-21T20:22:25Z
2026-06-21T20:21:09Z,2026-06-21T22:21:09+0200,4c728934-15fc-48ae-9cbd-ac5715da9ca9,2026-05-22T12:30:00Z,2026-05-22T14:30:00+0200,0.09,EUR/MWh,DE,DE_LU,day_ahead_price,value,2026-06-21T20:22:25Z
2026-06-21T20:21:09Z,2026-06-21T22:21:09+0200,4c728934-15fc-48ae-9cbd-ac5715da9ca9,2026-05-22T12:45:00Z,2026-05-22T14:45:00+0200,3.91,EUR/MWh,DE,DE_LU,day_ahead_price,value,2026-06-21T20:22:25Z
2026-06-21T20:21:09Z,2026-06-21T22:21:09+0200,4c728934-15fc-48ae-9cbd-ac5715da9ca9,2026-05-22T13:00:00Z,2026-05-22T15:00:00+0200,1.21,EUR/MWh,DE,DE_LU,day_ahead_price,value,2026-06-21T20:22:25Z
2026-06-21T20:21:09Z,2026-06-21T22:21:09+0200,4c728934-15fc-48ae-9cbd-ac5715da9ca9,2026-05-22T13:15:00Z,2026-05-22T15:15:00+0200,9.1,EUR/MWh,DE,DE_LU,day_ahead_price,value,2026-06-21T20:22:25Z
2026-06-21T20:21:09Z,2026-06-21T22:21:09+0200,4c728934-15fc-48ae-9cbd-ac5715da9ca9,2026-05-22T13:30:00Z,2026-05-22T15:30:00+0200,22.37,EUR/MWh,DE,DE_LU,day_ahead_price,value,2026-06-21T20:22:25Z
2026-06-21T20:21:09Z,2026-06-21T22:21:09+0200,4c728934-15fc-48ae-9cbd-ac5715da9ca9,2026-05-22T13:45:00Z,2026-05-22T15:45:00+0200,48.54,EUR/MWh,DE,DE_LU,day_ahead_price,value,2026-06-21T20:22:25Z
2026-06-21T20:21:09Z,2026-06-21T22:21:09+0200,4c728934-15fc-48ae-9cbd-ac5715da9ca9,2026-05-22T14:00:00Z,2026-05-22T16:00:00+0200,15.34,EUR/MWh,DE,DE_LU,day_ahead_price,value,2026-06-21T20:22:25Z
2026-06-21T20:21:09Z,2026-06-21T22:21:09+0200,4c728934-15fc-48ae-9cbd-ac5715da9ca9,2026-05-22T14:15:00Z,2026-05-22T16:15:00+0200,60.42,EUR/MWh,DE,DE_LU,day_ahead_price,value,2026-06-21T20:22:25Z
2026-06-21T20:21:09Z,2026-06-21T22:21:09+0200,4c728934-15fc-48ae-9cbd-ac5715da9ca9,2026-05-22T14:30:00Z,2026-05-22T16:30:00+0200,91.71,EUR/MWh,DE,DE_LU,day_ahead_price,value,2026-06-21T20:22:25Z
2026-06-21T20:21:09Z,2026-06-21T22:21:09+0200,4c728934-15fc-48ae-9cbd-ac5715da9ca9,2026-05-22T14:45:00Z,2026-05-22T16:45:00+0200,113.49,EUR/MWh,DE,DE_LU,day_ahead_price,value,2026-06-21T20:22:25Z
2026-06-21T20:21:09Z,2026-06-21T22:21:09+0200,4c728934-15fc-48ae-9cbd-ac5715da9ca9,2026-05-22T15:00:00Z,2026-05-22T17:00:00+0200,72.07,EUR/MWh,DE,DE_LU,day_ahead_price,value,2026-06-21T20:22:25Z
2026-06-21T20:21:09Z,2026-06-21T22:21:09+0200,4c728934-15fc-48ae-9cbd-ac5715da9ca9,2026-05-22T15:15:00Z,2026-05-22T17:15:00+0200,91.01,EUR/MWh,DE,DE_LU,day_ahead_price,value,2026-06-21T20:22:25Z
2026-06-21T20:21:09Z,2026-06-21T22:21:09+0200,4c728934-15fc-48ae-9cbd-ac5715da9ca9,2026-05-22T15:30:00Z,2026-05-22T17:30:00+0200,113.71,EUR/MWh,DE,DE_LU,day_ahead_price,value,2026-06-21T20:22:25Z
2026-06-21T20:21:09Z,2026-06-21T22:21:09+0200,4c728934-15fc-48ae-9cbd-ac5715da9ca9,2026-05-22T15:45:00Z,2026-05-22T17:45:00+0200,139.99,EUR/MWh,DE,DE_LU,day_ahead_price,value,2026-06-21T20:22:25Z
2026-06-21T20:21:09Z,2026-06-21T22:21:09+0200,4c728934-15fc-48ae-9cbd-ac5715da9ca9,2026-05-22T16:00:00Z,2026-05-22T18:00:00+0200,109.17,EUR/MWh,DE,DE_LU,day_ahead_price,value,2026-06-21T20:22:25Z
2026-06-21T20:21:09Z,2026-06-21T22:21:09+0200,4c728934-15fc-48ae-9cbd-ac5715da9ca9,2026-05-22T16:15:00Z,2026-05-22T18:15:00+0200,131.63,EUR/MWh,DE,DE_LU,day_ahead_price,value,2026-06-21T20:22:25Z
2026-06-21T20:21:09Z,2026-06-21T22:21:09+0200,4c728934-15fc-48ae-9cbd-ac5715da9ca9,2026-05-22T16:30:00Z,2026-05-22T18:30:00+0200,142.34,EUR/MWh,DE,DE_LU,day_ahead_price,value,2026-06-21T20:22:25Z
2026-06-21T20:21:09Z,2026-06-21T22:21:09+0200,4c728934-15fc-48ae-9cbd-ac5715da9ca9,2026-05-22T16:45:00Z,2026-05-22T18:45:00+0200,156.66,EUR/MWh,DE,DE_LU,day_ahead_price,value,2026-06-21T20:22:25Z
2026-06-21T20:21:09Z,2026-06-21T22:21:09+0200,4c728934-15fc-48ae-9cbd-ac5715da9ca9,2026-05-22T17:00:00Z,2026-05-22T19:00:00+0200,130.08,EUR/MWh,DE,DE_LU,day_ahead_price,value,2026-06-21T20:22:25Z
2026-06-21T20:21:09Z,2026-06-21T22:21:09+0200,4c728934-15fc-48ae-9cbd-ac5715da9ca9,2026-05-22T17:15:00Z,2026-05-22T19:15:00+0200,141.97,EUR/MWh,DE,DE_LU,day_ahead_price,value,2026-06-21T20:22:25Z
2026-06-21T20:21:09Z,2026-06-21T22:21:09+0200,4c728934-15fc-48ae-9cbd-ac5715da9ca9,2026-05-22T17:30:00Z,2026-05-22T19:30:00+0200,162.64,EUR/MWh,DE,DE_LU,day_ahead_price,value,2026-06-21T20:22:25Z
2026-06-21T20:21:09Z,2026-06-21T22:21:09+0200,4c728934-15fc-48ae-9cbd-ac5715da9ca9,2026-05-22T17:45:00Z,2026-05-22T19:45:00+0200,210.2,EUR/MWh,DE,DE_LU,day_ahead_price,value,2026-06-21T20:22:25Z
2026-06-21T20:21:09Z,2026-06-21T22:21:09+0200,4c728934-15fc-48ae-9cbd-ac5715da9ca9,2026-05-22T18:00:00Z,2026-05-22T20:00:00+0200,188.88,EUR/MWh,DE,DE_LU,day_ahead_price,value,2026-06-21T20:22:25Z
2026-06-21T20:21:09Z,2026-06-21T22:21:09+0200,4c728934-15fc-48ae-9cbd-ac5715da9ca9,2026-05-22T18:15:00Z,2026-05-22T20:15:00+0200,205.93,EUR/MWh,DE,DE_LU,day_ahead_price,value,2026-06-21T20:22:25Z
2026-06-21T20:21:09Z,2026-06-21T22:21:09+0200,4c728934-15fc-48ae-9cbd-ac5715da9ca9,2026-05-22T18:30:00Z,2026-05-22T20:30:00+0200,231.22,EUR/MWh,DE,DE_LU,day_ahead_price,value,2026-06-21T20:22:25Z
2026-06-21T20:21:09Z,2026-06-21T22:21:09+0200,4c728934-15fc-48ae-9cbd-ac5715da9ca9,2026-05-22T18:45:00Z,2026-05-22T20:45:00+0200,247.68,EUR/MWh,DE,DE_LU,day_ahead_price,value,2026-06-21T20:22:25Z
2026-06-21T20:21:09Z,2026-06-21T22:21:09+0200,4c728934-15fc-48ae-9cbd-ac5715da9ca9,2026-05-22T19:00:00Z,2026-05-22T21:00:00+0200,230.63,EUR/MWh,DE,DE_LU,day_ahead_price,value,2026-06-21T20:22:25Z
2026-06-21T20:21:09Z,2026-06-21T22:21:09+0200,4c728934-15fc-48ae-9cbd-ac5715da9ca9,2026-05-22T19:15:00Z,2026-05-22T21:15:00+0200,207.31,EUR/MWh,DE,DE_LU,day_ahead_price,value,2026-06-21T20:22:25Z
2026-06-21T20:21:09Z,2026-06-21T22:21:09+0200,4c728934-15fc-48ae-9cbd-ac5715da9ca9,2026-05-22T19:30:00Z,2026-05-22T21:30:00+0200,174.97,EUR/MWh,DE,DE_LU,day_ahead_price,value,2026-06-21T20:22:25Z
2026-06-21T20:21:09Z,2026-06-21T22:21:09+0200,4c728934-15fc-48ae-9cbd-ac5715da9ca9,2026-05-22T19:45:00Z,2026-05-22T21:45:00+0200,161.74,EUR/MWh,DE,DE_LU,day_ahead_price,value,2026-06-21T20:22:25Z
2026-06-21T20:21:09Z,2026-06-21T22:21:09+0200,4c728934-15fc-48ae-9cbd-ac5715da9ca9,2026-05-22T20:00:00Z,2026-05-22T22:00:00+0200,181.39,EUR/MWh,DE,DE_LU,day_ahead_price,value,2026-06-21T20:22:25Z
2026-06-21T20:21:09Z,2026-06-21T22:21:09+0200,4c728934-15fc-48ae-9cbd-ac5715da9ca9,2026-05-22T20:15:00Z,2026-05-22T22:15:00+0200,159.0,EUR/MWh,DE,DE_LU,day_ahead_price,value,2026-06-21T20:22:25Z
2026-06-21T20:21:09Z,2026-06-21T22:21:09+0200,4c728934-15fc-48ae-9cbd-ac5715da9ca9,2026-05-22T20:30:00Z,2026-05-22T22:30:00+0200,145.61,EUR/MWh,DE,DE_LU,day_ahead_price,value,2026-06-21T20:22:25Z
2026-06-21T20:21:09Z,2026-06-21T22:21:09+0200,4c728934-15fc-48ae-9cbd-ac5715da9ca9,2026-05-22T20:45:00Z,2026-05-22T22:45:00+0200,132.54,EUR/MWh,DE,DE_LU,day_ahead_price,value,2026-06-21T20:22:25Z
2026-06-21T20:21:09Z,2026-06-21T22:21:09+0200,4c728934-15fc-48ae-9cbd-ac5715da9ca9,2026-05-22T21:00:00Z,2026-05-22T23:00:00+0200,153.0,EUR/MWh,DE,DE_LU,day_ahead_price,value,2026-06-21T20:22:25Z
2026-06-21T20:21:09Z,2026-06-21T22:21:09+0200,4c728934-15fc-48ae-9cbd-ac5715da9ca9,2026-05-22T21:15:00Z,2026-05-22T23:15:00+0200,144.01,EUR/MWh,DE,DE_LU,day_ahead_price,value,2026-06-21T20:22:25Z
2026-06-21T20:21:09Z,2026-06-21T22:21:09+0200,4c728934-15fc-48ae-9cbd-ac5715da9ca9,2026-05-22T21:30:00Z,2026-05-22T23:30:00+0200,135.9,EUR/MWh,DE,DE_LU,day_ahead_price,value,2026-06-21T20:22:25Z
2026-06-21T20:21:09Z,2026-06-21T22:21:09+0200,4c728934-15fc-48ae-9cbd-ac5715da9ca9,2026-05-22T21:45:00Z,2026-05-22T23:45:00+0200,130.03,EUR/MWh,DE,DE_LU,day_ahead_price,value,2026-06-21T20:22:25Z
2026-06-21T20:21:09Z,2026-06-21T22:21:09+0200,4c728934-15fc-48ae-9cbd-ac5715da9ca9,2026-05-22T22:00:00Z,2026-05-23T00:00:00+0200,158.13,EUR/MWh,DE,DE_LU,day_ahead_price,value,2026-06-21T20:22:25Z
2026-06-21T20:21:09Z,2026-06-21T22:21:09+0200,4c728934-15fc-48ae-9cbd-ac5715da9ca9,2026-05-22T22:15:00Z,2026-05-23T00:15:00+0200,141.5,EUR/MWh,DE,DE_LU,day_ahead_price,value,2026-06-21T20:22:25Z
2026-06-21T20:21:09Z,2026-06-21T22:21:09+0200,4c728934-15fc-48ae-9cbd-ac5715da9ca9,2026-05-22T22:30:00Z,2026-05-23T00:30:00+0200,128.37,EUR/MWh,DE,DE_LU,day_ahead_price,value,2026-06-21T20:22:25Z
2026-06-21T20:21:09Z,2026-06-21T22:21:09+0200,4c728934-15fc-48ae-9cbd-ac5715da9ca9,2026-05-22T22:45:00Z,2026-05-23T00:45:00+0200,119.04,EUR/MWh,DE,DE_LU,day_ahead_price,value,2026-06-21T20:22:25Z
2026-06-21T20:21:09Z,2026-06-21T22:21:09+0200,4c728934-15fc-48ae-9cbd-ac5715da9ca9,2026-05-22T23:00:00Z,2026-05-23T01:00:00+0200,136.14,EUR/MWh,DE,DE_LU,day_ahead_price,value,2026-06-21T20:22:25Z
2026-06-21T20:21:09Z,2026-06-21T22:21:09+0200,4c728934-15fc-48ae-9cbd-ac5715da9ca9,2026-05-22T23:15:00Z,2026-05-23T01:15:00+0200,130.04,EUR/MWh,DE,DE_LU,day_ahead_price,value,2026-06-21T20:22:25Z
2026-06-21T20:21:09Z,2026-06-21T22:21:09+0200,4c728934-15fc-48ae-9cbd-ac5715da9ca9,2026-05-22T23:30:00Z,2026-05-23T01:30:00+0200,130.88,EUR/MWh,DE,DE_LU,day_ahead_price,value,2026-06-21T20:22:25Z
2026-06-21T20:21:09Z,2026-06-21T22:21:09+0200,4c728934-15fc-48ae-9cbd-ac5715da9ca9,2026-05-22T23:45:00Z,2026-05-23T01:45:00+0200,122.94,EUR/MWh,DE,DE_LU,day_ahead_price,value,2026-06-21T20:22:25Z
2026-06-21T20:21:09Z,2026-06-21T22:21:09+0200,4c728934-15fc-48ae-9cbd-ac5715da9ca9,2026-05-23T00:00:00Z,2026-05-23T02:00:00+0200,131.69,EUR/MWh,DE,DE_LU,day_ahead_price,value,2026-06-21T20:22:25Z
2026-06-21T20:21:09Z,2026-06-21T22:21:09+0200,4c728934-15fc-48ae-9cbd-ac5715da9ca9,2026-05-23T00:15:00Z,2026-05-23T02:15:00+0200,128.23,EUR/MWh,DE,DE_LU,day_ahead_price,value,2026-06-21T20:22:25Z
2026-06-21T20:21:09Z,2026-06-21T22:21:09+0200,4c728934-15fc-48ae-9cbd-ac5715da9ca9,2026-05-23T00:30:00Z,2026-05-23T02:30:00+0200,121.01,EUR/MWh,DE,DE_LU,day_ahead_price,value,2026-06-21T20:22:25Z
2026-06-21T20:21:09Z,2026-06-21T22:21:09+0200,4c728934-15fc-48ae-9cbd-ac5715da9ca9,2026-05-23T00:45:00Z,2026-05-23T02:45:00+0200,122.54,EUR/MWh,DE,DE_LU,day_ahead_price,value,2026-06-21T20:22:25Z
2026-06-21T20:21:09Z,2026-06-21T22:21:09+0200,4c728934-15fc-48ae-9cbd-ac5715da9ca9,2026-05-23T01:00:00Z,2026-05-23T03:00:00+0200,126.48,EUR/MWh,DE,DE_LU,day_ahead_price,value,2026-06-21T20:22:25Z
2026-06-21T20:21:09Z,2026-06-21T22:21:09+0200,4c728934-15fc-48ae-9cbd-ac5715da9ca9,2026-05-23T01:15:00Z,2026-05-23T03:15:00+0200,126.47,EUR/MWh,DE,DE_LU,day_ahead_price,value,2026-06-21T20:22:25Z
2026-06-21T20:21:09Z,2026-06-21T22:21:09+0200,4c728934-15fc-48ae-9cbd-ac5715da9ca9,2026-05-23T01:30:00Z,2026-05-23T03:30:00+0200,126.45,EUR/MWh,DE,DE_LU,day_ahead_price,value,2026-06-21T20:22:25Z
2026-06-21T20:21:09Z,2026-06-21T22:21:09+0200,4c728934-15fc-48ae-9cbd-ac5715da9ca9,2026-05-23T01:45:00Z,2026-05-23T03:45:00+0200,122.07,EUR/MWh,DE,DE_LU,day_ahead_price,value,2026-06-21T20:22:25Z
2026-06-21T20:21:09Z,2026-06-21T22:21:09+0200,4c728934-15fc-48ae-9cbd-ac5715da9ca9,2026-05-23T02:00:00Z,2026-05-23T04:00:00+0200,121.72,EUR/MWh,DE,DE_LU,day_ahead_price,value,2026-06-21T20:22:25Z
2026-06-21T20:21:09Z,2026-06-21T22:21:09+0200,4c728934-15fc-48ae-9cbd-ac5715da9ca9,2026-05-23T02:15:00Z,2026-05-23T04:15:00+0200,119.87,EUR/MWh,DE,DE_LU,day_ahead_price,value,2026-06-21T20:22:25Z
2026-06-21T20:21:09Z,2026-06-21T22:21:09+0200,4c728934-15fc-48ae-9cbd-ac5715da9ca9,2026-05-23T02:30:00Z,2026-05-23T04:30:00+0200,121.44,EUR/MWh,DE,DE_LU,day_ahead_price,value,2026-06-21T20:22:25Z
2026-06-21T20:21:09Z,2026-06-21T22:21:09+0200,4c728934-15fc-48ae-9cbd-ac5715da9ca9,2026-05-23T02:45:00Z,2026-05-23T04:45:00+0200,123.9,EUR/MWh,DE,DE_LU,day_ahead_price,value,2026-06-21T20:22:25Z
2026-06-21T20:21:09Z,2026-06-21T22:21:09+0200,4c728934-15fc-48ae-9cbd-ac5715da9ca9,2026-05-23T03:00:00Z,2026-05-23T05:00:00+0200,126.47,EUR/MWh,DE,DE_LU,day_ahead_price,value,2026-06-21T20:22:25Z
2026-06-21T20:21:09Z,2026-06-21T22:21:09+0200,4c728934-15fc-48ae-9cbd-ac5715da9ca9,2026-05-23T03:15:00Z,2026-05-23T05:15:00+0200,121.6,EUR/MWh,DE,DE_LU,day_ahead_price,value,2026-06-21T20:22:25Z
2026-06-21T20:21:09Z,2026-06-21T22:21:09+0200,4c728934-15fc-48ae-9cbd-ac5715da9ca9,2026-05-23T03:30:00Z,2026-05-23T05:30:00+0200,117.93,EUR/MWh,DE,DE_LU,day_ahead_price,value,2026-06-21T20:22:25Z
2026-06-21T20:21:09Z,2026-06-21T22:21:09+0200,4c728934-15fc-48ae-9cbd-ac5715da9ca9,2026-05-23T03:45:00Z,2026-05-23T05:45:00+0200,111.04,EUR/MWh,DE,DE_LU,day_ahead_price,value,2026-06-21T20:22:25Z
2026-06-21T20:21:09Z,2026-06-21T22:21:09+0200,4c728934-15fc-48ae-9cbd-ac5715da9ca9,2026-05-23T04:00:00Z,2026-05-23T06:00:00+0200,130.3,EUR/MWh,DE,DE_LU,day_ahead_price,value,2026-06-21T20:22:25Z
2026-06-21T20:21:09Z,2026-06-21T22:21:09+0200,4c728934-15fc-48ae-9cbd-ac5715da9ca9,2026-05-23T04:15:00Z,2026-05-23T06:15:00+0200,121.91,EUR/MWh,DE,DE_LU,day_ahead_price,value,2026-06-21T20:22:25Z
2026-06-21T20:21:09Z,2026-06-21T22:21:09+0200,4c728934-15fc-48ae-9cbd-ac5715da9ca9,2026-05-23T04:30:00Z,2026-05-23T06:30:00+0200,109.98,EUR/MWh,DE,DE_LU,day_ahead_price,value,2026-06-21T20:22:25Z
2026-06-21T20:21:09Z,2026-06-21T22:21:09+0200,4c728934-15fc-48ae-9cbd-ac5715da9ca9,2026-05-23T04:45:00Z,2026-05-23T06:45:00+0200,103.28,EUR/MWh,DE,DE_LU,day_ahead_price,value,2026-06-21T20:22:25Z
2026-06-21T20:21:09Z,2026-06-21T22:21:09+0200,4c728934-15fc-48ae-9cbd-ac5715da9ca9,2026-05-23T05:00:00Z,2026-05-23T07:00:00+0200,131.84,EUR/MWh,DE,DE_LU,day_ahead_price,value,2026-06-21T20:22:25Z
2026-06-21T20:21:09Z,2026-06-21T22:21:09+0200,4c728934-15fc-48ae-9cbd-ac5715da9ca9,2026-05-23T05:15:00Z,2026-05-23T07:15:00+0200,103.94,EUR/MWh,DE,DE_LU,day_ahead_price,value,2026-06-21T20:22:25Z
2026-06-21T20:21:09Z,2026-06-21T22:21:09+0200,4c728934-15fc-48ae-9cbd-ac5715da9ca9,2026-05-23T05:30:00Z,2026-05-23T07:30:00+0200,90.86,EUR/MWh,DE,DE_LU,day_ahead_price,value,2026-06-21T20:22:25Z
2026-06-21T20:21:09Z,2026-06-21T22:21:09+0200,4c728934-15fc-48ae-9cbd-ac5715da9ca9,2026-05-23T05:45:00Z,2026-05-23T07:45:00+0200,61.7,EUR/MWh,DE,DE_LU,day_ahead_price,value,2026-06-21T20:22:25Z
2026-06-21T20:21:09Z,2026-06-21T22:21:09+0200,4c728934-15fc-48ae-9cbd-ac5715da9ca9,2026-05-23T06:00:00Z,2026-05-23T08:00:00+0200,104.14,EUR/MWh,DE,DE_LU,day_ahead_price,value,2026-06-21T20:22:25Z
2026-06-21T20:21:09Z,2026-06-21T22:21:09+0200,4c728934-15fc-48ae-9cbd-ac5715da9ca9,2026-05-23T06:15:00Z,2026-05-23T08:15:00+0200,63.43,EUR/MWh,DE,DE_LU,day_ahead_price,value,2026-06-21T20:22:25Z
2026-06-21T20:21:09Z,2026-06-21T22:21:09+0200,4c728934-15fc-48ae-9cbd-ac5715da9ca9,2026-05-23T06:30:00Z,2026-05-23T08:30:00+0200,24.41,EUR/MWh,DE,DE_LU,day_ahead_price,value,2026-06-21T20:22:25Z
2026-06-21T20:21:09Z,2026-06-21T22:21:09+0200,4c728934-15fc-48ae-9cbd-ac5715da9ca9,2026-05-23T06:45:00Z,2026-05-23T08:45:00+0200,7.47,EUR/MWh,DE,DE_LU,day_ahead_price,value,2026-06-21T20:22:25Z
2026-06-21T20:21:09Z,2026-06-21T22:21:09+0200,4c728934-15fc-48ae-9cbd-ac5715da9ca9,2026-05-23T07:00:00Z,2026-05-23T09:00:00+0200,5.4,EUR/MWh,DE,DE_LU,day_ahead_price,value,2026-06-21T20:22:25Z
2026-06-21T20:21:09Z,2026-06-21T22:21:09+0200,4c728934-15fc-48ae-9cbd-ac5715da9ca9,2026-05-23T07:15:00Z,2026-05-23T09:15:00+0200,1.0,EUR/MWh,DE,DE_LU,day_ahead_price,value,2026-06-21T20:22:25Z
2026-06-21T20:21:09Z,2026-06-21T22:21:09+0200,4c728934-15fc-48ae-9cbd-ac5715da9ca9,2026-05-23T07:30:00Z,2026-05-23T09:30:00+0200,0.0,EUR/MWh,DE,DE_LU,day_ahead_price,value,2026-06-21T20:22:25Z
2026-06-21T20:21:09Z,2026-06-21T22:21:09+0200,4c728934-15fc-48ae-9cbd-ac5715da9ca9,2026-05-23T07:45:00Z,2026-05-23T09:45:00+0200,0.0,EUR/MWh,DE,DE_LU,day_ahead_price,value,2026-06-21T20:22:25Z
2026-06-21T20:21:09Z,2026-06-21T22:21:09+0200,4c728934-15fc-48ae-9cbd-ac5715da9ca9,2026-05-23T08:00:00Z,2026-05-23T10:00:00+0200,-0.01,EUR/MWh,DE,DE_LU,day_ahead_price,value,2026-06-21T20:22:25Z
2026-06-21T20:21:09Z,2026-06-21T22:21:09+0200,4c728934-15fc-48ae-9cbd-ac5715da9ca9,2026-05-23T08:15:00Z,2026-05-23T10:15:00+0200,-0.02,EUR/MWh,DE,DE_LU,day_ahead_price,value,2026-06-21T20:22:25Z
2026-06-21T20:21:09Z,2026-06-21T22:21:09+0200,4c728934-15fc-48ae-9cbd-ac5715da9ca9,2026-05-23T08:30:00Z,2026-05-23T10:30:00+0200,-0.3,EUR/MWh,DE,DE_LU,day_ahead_price,value,2026-06-21T20:22:25Z
2026-06-21T20:21:09Z,2026-06-21T22:21:09+0200,4c728934-15fc-48ae-9cbd-ac5715da9ca9,2026-05-23T08:45:00Z,2026-05-23T10:45:00+0200,-1.0,EUR/MWh,DE,DE_LU,day_ahead_price,value,2026-06-21T20:22:25Z
2026-06-21T20:21:09Z,2026-06-21T22:21:09+0200,4c728934-15fc-48ae-9cbd-ac5715da9ca9,2026-05-23T09:00:00Z,2026-05-23T11:00:00+0200,-2.02,EUR/MWh,DE,DE_LU,day_ahead_price,value,2026-06-21T20:22:25Z
2026-06-21T20:21:09Z,2026-06-21T22:21:09+0200,4c728934-15fc-48ae-9cbd-ac5715da9ca9,2026-05-23T09:15:00Z,2026-05-23T11:15:00+0200,-2.11,EUR/MWh,DE,DE_LU,day_ahead_price,value,2026-06-21T20:22:25Z
2026-06-21T20:21:09Z,2026-06-21T22:21:09+0200,4c728934-15fc-48ae-9cbd-ac5715da9ca9,2026-05-23T09:30:00Z,2026-05-23T11:30:00+0200,-5.99,EUR/MWh,DE,DE_LU,day_ahead_price,value,2026-06-21T20:22:25Z
2026-06-21T20:21:09Z,2026-06-21T22:21:09+0200,4c728934-15fc-48ae-9cbd-ac5715da9ca9,2026-05-23T09:45:00Z,2026-05-23T11:45:00+0200,-5.48,EUR/MWh,DE,DE_LU,day_ahead_price,value,2026-06-21T20:22:25Z
2026-06-21T20:21:09Z,2026-06-21T22:21:09+0200,4c728934-15fc-48ae-9cbd-ac5715da9ca9,2026-05-23T10:00:00Z,2026-05-23T12:00:00+0200,-6.01,EUR/MWh,DE,DE_LU,day_ahead_price,value,2026-06-21T20:22:25Z
2026-06-21T20:21:09Z,2026-06-21T22:21:09+0200,4c728934-15fc-48ae-9cbd-ac5715da9ca9,2026-05-23T10:15:00Z,2026-05-23T12:15:00+0200,-10.03,EUR/MWh,DE,DE_LU,day_ahead_price,value,2026-06-21T20:22:25Z
2026-06-21T20:21:09Z,2026-06-21T22:21:09+0200,4c728934-15fc-48ae-9cbd-ac5715da9ca9,2026-05-23T10:30:00Z,2026-05-23T12:30:00+0200,-13.54,EUR/MWh,DE,DE_LU,day_ahead_price,value,2026-06-21T20:22:25Z
2026-06-21T20:21:09Z,2026-06-21T22:21:09+0200,4c728934-15fc-48ae-9cbd-ac5715da9ca9,2026-05-23T10:45:00Z,2026-05-23T12:45:00+0200,-19.99,EUR/MWh,DE,DE_LU,day_ahead_price,value,2026-06-21T20:22:25Z
2026-06-21T20:21:09Z,2026-06-21T22:21:09+0200,4c728934-15fc-48ae-9cbd-ac5715da9ca9,2026-05-23T11:00:00Z,2026-05-23T13:00:00+0200,-25.0,EUR/MWh,DE,DE_LU,day_ahead_price,value,2026-06-21T20:22:25Z
2026-06-21T20:21:09Z,2026-06-21T22:21:09+0200,4c728934-15fc-48ae-9cbd-ac5715da9ca9,2026-05-23T11:15:00Z,2026-05-23T13:15:00+0200,-30.0,EUR/MWh,DE,DE_LU,day_ahead_price,value,2026-06-21T20:22:25Z
2026-06-21T20:21:09Z,2026-06-21T22:21:09+0200,4c728934-15fc-48ae-9cbd-ac5715da9ca9,2026-05-23T11:30:00Z,2026-05-23T13:30:00+0200,-36.65,EUR/MWh,DE,DE_LU,day_ahead_price,value,2026-06-21T20:22:25Z
2026-06-21T20:21:09Z,2026-06-21T22:21:09+0200,4c728934-15fc-48ae-9cbd-ac5715da9ca9,2026-05-23T11:45:00Z,2026-05-23T13:45:00+0200,-35.62,EUR/MWh,DE,DE_LU,day_ahead_price,value,2026-06-21T20:22:25Z
2026-06-21T20:21:09Z,2026-06-21T22:21:09+0200,4c728934-15fc-48ae-9cbd-ac5715da9ca9,2026-05-23T12:00:00Z,2026-05-23T14:00:00+0200,-27.03,EUR/MWh,DE,DE_LU,day_ahead_price,value,2026-06-21T20:22:25Z
2026-06-21T20:21:09Z,2026-06-21T22:21:09+0200,4c728934-15fc-48ae-9cbd-ac5715da9ca9,2026-05-23T12:15:00Z,2026-05-23T14:15:00+0200,-20.06,EUR/MWh,DE,DE_LU,day_ahead_price,value,2026-06-21T20:22:25Z
2026-06-21T20:21:09Z,2026-06-21T22:21:09+0200,4c728934-15fc-48ae-9cbd-ac5715da9ca9,2026-05-23T12:30:00Z,2026-05-23T14:30:00+0200,-13.54,EUR/MWh,DE,DE_LU,day_ahead_price,value,2026-06-21T20:22:25Z
2026-06-21T20:21:09Z,2026-06-21T22:21:09+0200,4c728934-15fc-48ae-9cbd-ac5715da9ca9,2026-05-23T12:45:00Z,2026-05-23T14:45:00+0200,-13.05,EUR/MWh,DE,DE_LU,day_ahead_price,value,2026-06-21T20:22:25Z
2026-06-21T20:21:09Z,2026-06-21T22:21:09+0200,4c728934-15fc-48ae-9cbd-ac5715da9ca9,2026-05-23T13:00:00Z,2026-05-23T15:00:00+0200,-8.67,EUR/MWh,DE,DE_LU,day_ahead_price,value,2026-06-21T20:22:25Z
2026-06-21T20:21:09Z,2026-06-21T22:21:09+0200,4c728934-15fc-48ae-9cbd-ac5715da9ca9,2026-05-23T13:15:00Z,2026-05-23T15:15:00+0200,-3.23,EUR/MWh,DE,DE_LU,day_ahead_price,value,2026-06-21T20:22:25Z
2026-06-21T20:21:09Z,2026-06-21T22:21:09+0200,4c728934-15fc-48ae-9cbd-ac5715da9ca9,2026-05-23T13:30:00Z,2026-05-23T15:30:00+0200,-2.1,EUR/MWh,DE,DE_LU,day_ahead_price,value,2026-06-21T20:22:25Z
2026-06-21T20:21:09Z,2026-06-21T22:21:09+0200,4c728934-15fc-48ae-9cbd-ac5715da9ca9,2026-05-23T13:45:00Z,2026-05-23T15:45:00+0200,-2.0,EUR/MWh,DE,DE_LU,day_ahead_price,value,2026-06-21T20:22:25Z
2026-06-21T20:21:09Z,2026-06-21T22:21:09+0200,4c728934-15fc-48ae-9cbd-ac5715da9ca9,2026-05-23T14:00:00Z,2026-05-23T16:00:00+0200,-1.07,EUR/MWh,DE,DE_LU,day_ahead_price,value,2026-06-21T20:22:25Z
2026-06-21T20:21:09Z,2026-06-21T22:21:09+0200,4c728934-15fc-48ae-9cbd-ac5715da9ca9,2026-05-23T14:15:00Z,2026-05-23T16:15:00+0200,-0.09,EUR/MWh,DE,DE_LU,day_ahead_price,value,2026-06-21T20:22:25Z
2026-06-21T20:21:09Z,2026-06-21T22:21:09+0200,4c728934-15fc-48ae-9cbd-ac5715da9ca9,2026-05-23T14:30:00Z,2026-05-23T16:30:00+0200,0.0,EUR/MWh,DE,DE_LU,day_ahead_price,value,2026-06-21T20:22:25Z
2026-06-21T20:21:09Z,2026-06-21T22:21:09+0200,4c728934-15fc-48ae-9cbd-ac5715da9ca9,2026-05-23T14:45:00Z,2026-05-23T16:45:00+0200,0.01,EUR/MWh,DE,DE_LU,day_ahead_price,value,2026-06-21T20:22:25Z
2026-06-21T20:21:09Z,2026-06-21T22:21:09+0200,4c728934-15fc-48ae-9cbd-ac5715da9ca9,2026-05-23T15:00:00Z,2026-05-23T17:00:00+0200,0.1,EUR/MWh,DE,DE_LU,day_ahead_price,value,2026-06-21T20:22:25Z
2026-06-21T20:21:09Z,2026-06-21T22:21:09+0200,4c728934-15fc-48ae-9cbd-ac5715da9ca9,2026-05-23T15:15:00Z,2026-05-23T17:15:00+0200,3.8,EUR/MWh,DE,DE_LU,day_ahead_price,value,2026-06-21T20:22:25Z
2026-06-21T20:21:09Z,2026-06-21T22:21:09+0200,4c728934-15fc-48ae-9cbd-ac5715da9ca9,2026-05-23T15:30:00Z,2026-05-23T17:30:00+0200,55.51,EUR/MWh,DE,DE_LU,day_ahead_price,value,2026-06-21T20:22:25Z
2026-06-21T20:21:09Z,2026-06-21T22:21:09+0200,4c728934-15fc-48ae-9cbd-ac5715da9ca9,2026-05-23T15:45:00Z,2026-05-23T17:45:00+0200,118.38,EUR/MWh,DE,DE_LU,day_ahead_price,value,2026-06-21T20:22:25Z
2026-06-21T20:21:09Z,2026-06-21T22:21:09+0200,4c728934-15fc-48ae-9cbd-ac5715da9ca9,2026-05-23T16:00:00Z,2026-05-23T18:00:00+0200,82.37,EUR/MWh,DE,DE_LU,day_ahead_price,value,2026-06-21T20:22:25Z
2026-06-21T20:21:09Z,2026-06-21T22:21:09+0200,4c728934-15fc-48ae-9cbd-ac5715da9ca9,2026-05-23T16:15:00Z,2026-05-23T18:15:00+0200,113.59,EUR/MWh,DE,DE_LU,day_ahead_price,value,2026-06-21T20:22:25Z
2026-06-21T20:21:09Z,2026-06-21T22:21:09+0200,4c728934-15fc-48ae-9cbd-ac5715da9ca9,2026-05-23T16:30:00Z,2026-05-23T18:30:00+0200,133.0,EUR/MWh,DE,DE_LU,day_ahead_price,value,2026-06-21T20:22:25Z
2026-06-21T20:21:09Z,2026-06-21T22:21:09+0200,4c728934-15fc-48ae-9cbd-ac5715da9ca9,2026-05-23T16:45:00Z,2026-05-23T18:45:00+0200,154.09,EUR/MWh,DE,DE_LU,day_ahead_price,value,2026-06-21T20:22:25Z
2026-06-21T20:21:09Z,2026-06-21T22:21:09+0200,4c728934-15fc-48ae-9cbd-ac5715da9ca9,2026-05-23T17:00:00Z,2026-05-23T19:00:00+0200,125.87,EUR/MWh,DE,DE_LU,day_ahead_price,value,2026-06-21T20:22:25Z
2026-06-21T20:21:09Z,2026-06-21T22:21:09+0200,4c728934-15fc-48ae-9cbd-ac5715da9ca9,2026-05-23T17:15:00Z,2026-05-23T19:15:00+0200,140.19,EUR/MWh,DE,DE_LU,day_ahead_price,value,2026-06-21T20:22:25Z
2026-06-21T20:21:09Z,2026-06-21T22:21:09+0200,4c728934-15fc-48ae-9cbd-ac5715da9ca9,2026-05-23T17:30:00Z,2026-05-23T19:30:00+0200,154.83,EUR/MWh,DE,DE_LU,day_ahead_price,value,2026-06-21T20:22:25Z
2026-06-21T20:21:09Z,2026-06-21T22:21:09+0200,4c728934-15fc-48ae-9cbd-ac5715da9ca9,2026-05-23T17:45:00Z,2026-05-23T19:45:00+0200,177.74,EUR/MWh,DE,DE_LU,day_ahead_price,value,2026-06-21T20:22:25Z
2026-06-21T20:21:09Z,2026-06-21T22:21:09+0200,4c728934-15fc-48ae-9cbd-ac5715da9ca9,2026-05-23T18:00:00Z,2026-05-23T20:00:00+0200,157.5,EUR/MWh,DE,DE_LU,day_ahead_price,value,2026-06-21T20:22:25Z
2026-06-21T20:21:09Z,2026-06-21T22:21:09+0200,4c728934-15fc-48ae-9cbd-ac5715da9ca9,2026-05-23T18:15:00Z,2026-05-23T20:15:00+0200,165.59,EUR/MWh,DE,DE_LU,day_ahead_price,value,2026-06-21T20:22:25Z
2026-06-21T20:21:09Z,2026-06-21T22:21:09+0200,4c728934-15fc-48ae-9cbd-ac5715da9ca9,2026-05-23T18:30:00Z,2026-05-23T20:30:00+0200,184.68,EUR/MWh,DE,DE_LU,day_ahead_price,value,2026-06-21T20:22:25Z
2026-06-21T20:21:09Z,2026-06-21T22:21:09+0200,4c728934-15fc-48ae-9cbd-ac5715da9ca9,2026-05-23T18:45:00Z,2026-05-23T20:45:00+0200,190.31,EUR/MWh,DE,DE_LU,day_ahead_price,value,2026-06-21T20:22:25Z
2026-06-21T20:21:09Z,2026-06-21T22:21:09+0200,4c728934-15fc-48ae-9cbd-ac5715da9ca9,2026-05-23T19:00:00Z,2026-05-23T21:00:00+0200,180.88,EUR/MWh,DE,DE_LU,day_ahead_price,value,2026-06-21T20:22:25Z
2026-06-21T20:21:09Z,2026-06-21T22:21:09+0200,4c728934-15fc-48ae-9cbd-ac5715da9ca9,2026-05-23T19:15:00Z,2026-05-23T21:15:00+0200,173.03,EUR/MWh,DE,DE_LU,day_ahead_price,value,2026-06-21T20:22:25Z
2026-06-21T20:21:09Z,2026-06-21T22:21:09+0200,4c728934-15fc-48ae-9cbd-ac5715da9ca9,2026-05-23T19:30:00Z,2026-05-23T21:30:00+0200,167.9,EUR/MWh,DE,DE_LU,day_ahead_price,value,2026-06-21T20:22:25Z
2026-06-21T20:21:09Z,2026-06-21T22:21:09+0200,4c728934-15fc-48ae-9cbd-ac5715da9ca9,2026-05-23T19:45:00Z,2026-05-23T21:45:00+0200,162.45,EUR/MWh,DE,DE_LU,day_ahead_price,value,2026-06-21T20:22:25Z
2026-06-21T20:21:09Z,2026-06-21T22:21:09+0200,4c728934-15fc-48ae-9cbd-ac5715da9ca9,2026-05-23T20:00:00Z,2026-05-23T22:00:00+0200,181.05,EUR/MWh,DE,DE_LU,day_ahead_price,value,2026-06-21T20:22:25Z
2026-06-21T20:21:09Z,2026-06-21T22:21:09+0200,4c728934-15fc-48ae-9cbd-ac5715da9ca9,2026-05-23T20:15:00Z,2026-05-23T22:15:00+0200,158.92,EUR/MWh,DE,DE_LU,day_ahead_price,value,2026-06-21T20:22:25Z
2026-06-21T20:21:09Z,2026-06-21T22:21:09+0200,4c728934-15fc-48ae-9cbd-ac5715da9ca9,2026-05-23T20:30:00Z,2026-05-23T22:30:00+0200,148.92,EUR/MWh,DE,DE_LU,day_ahead_price,value,2026-06-21T20:22:25Z
2026-06-21T20:21:09Z,2026-06-21T22:21:09+0200,4c728934-15fc-48ae-9cbd-ac5715da9ca9,2026-05-23T20:45:00Z,2026-05-23T22:45:00+0200,138.77,EUR/MWh,DE,DE_LU,day_ahead_price,value,2026-06-21T20:22:25Z
2026-06-21T20:21:09Z,2026-06-21T22:21:09+0200,4c728934-15fc-48ae-9cbd-ac5715da9ca9,2026-05-23T21:00:00Z,2026-05-23T23:00:00+0200,153.6,EUR/MWh,DE,DE_LU,day_ahead_price,value,2026-06-21T20:22:25Z
2026-06-21T20:21:09Z,2026-06-21T22:21:09+0200,4c728934-15fc-48ae-9cbd-ac5715da9ca9,2026-05-23T21:15:00Z,2026-05-23T23:15:00+0200,148.8,EUR/MWh,DE,DE_LU,day_ahead_price,value,2026-06-21T20:22:25Z
2026-06-21T20:21:09Z,2026-06-21T22:21:09+0200,4c728934-15fc-48ae-9cbd-ac5715da9ca9,2026-05-23T21:30:00Z,2026-05-23T23:30:00+0200,139.27,EUR/MWh,DE,DE_LU,day_ahead_price,value,2026-06-21T20:22:25Z
2026-06-21T20:21:09Z,2026-06-21T22:21:09+0200,4c728934-15fc-48ae-9cbd-ac5715da9ca9,2026-05-23T21:45:00Z,2026-05-23T23:45:00+0200,136.94,EUR/MWh,DE,DE_LU,day_ahead_price,value,2026-06-21T20:22:25Z
2026-06-21T20:21:09Z,2026-06-21T22:21:09+0200,4c728934-15fc-48ae-9cbd-ac5715da9ca9,2026-05-23T22:00:00Z,2026-05-24T00:00:00+0200,153.0,EUR/MWh,DE,DE_LU,day_ahead_price,value,2026-06-21T20:22:25Z
2026-06-21T20:21:09Z,2026-06-21T22:21:09+0200,4c728934-15fc-48ae-9cbd-ac5715da9ca9,2026-05-23T22:15:00Z,2026-05-24T00:15:00+0200,150.07,EUR/MWh,DE,DE_LU,day_ahead_price,value,2026-06-21T20:22:25Z
2026-06-21T20:21:09Z,2026-06-21T22:21:09+0200,4c728934-15fc-48ae-9cbd-ac5715da9ca9,2026-05-23T22:30:00Z,2026-05-24T00:30:00+0200,136.77,EUR/MWh,DE,DE_LU,day_ahead_price,value,2026-06-21T20:22:25Z
2026-06-21T20:21:09Z,2026-06-21T22:21:09+0200,4c728934-15fc-48ae-9cbd-ac5715da9ca9,2026-05-23T22:45:00Z,2026-05-24T00:45:00+0200,135.37,EUR/MWh,DE,DE_LU,day_ahead_price,value,2026-06-21T20:22:25Z
2026-06-21T20:21:09Z,2026-06-21T22:21:09+0200,4c728934-15fc-48ae-9cbd-ac5715da9ca9,2026-05-23T23:00:00Z,2026-05-24T01:00:00+0200,137.14,EUR/MWh,DE,DE_LU,day_ahead_price,value,2026-06-21T20:22:25Z
2026-06-21T20:21:09Z,2026-06-21T22:21:09+0200,4c728934-15fc-48ae-9cbd-ac5715da9ca9,2026-05-23T23:15:00Z,2026-05-24T01:15:00+0200,136.38,EUR/MWh,DE,DE_LU,day_ahead_price,value,2026-06-21T20:22:25Z
2026-06-21T20:21:09Z,2026-06-21T22:21:09+0200,4c728934-15fc-48ae-9cbd-ac5715da9ca9,2026-05-23T23:30:00Z,2026-05-24T01:30:00+0200,131.2,EUR/MWh,DE,DE_LU,day_ahead_price,value,2026-06-21T20:22:25Z
2026-06-21T20:21:09Z,2026-06-21T22:21:09+0200,4c728934-15fc-48ae-9cbd-ac5715da9ca9,2026-05-23T23:45:00Z,2026-05-24T01:45:00+0200,128.79,EUR/MWh,DE,DE_LU,day_ahead_price,value,2026-06-21T20:22:25Z
2026-06-21T20:21:09Z,2026-06-21T22:21:09+0200,4c728934-15fc-48ae-9cbd-ac5715da9ca9,2026-05-24T00:00:00Z,2026-05-24T02:00:00+0200,142.49,EUR/MWh,DE,DE_LU,day_ahead_price,value,2026-06-21T20:22:25Z
2026-06-21T20:21:09Z,2026-06-21T22:21:09+0200,4c728934-15fc-48ae-9cbd-ac5715da9ca9,2026-05-24T00:15:00Z,2026-05-24T02:15:00+0200,139.03,EUR/MWh,DE,DE_LU,day_ahead_price,value,2026-06-21T20:22:25Z
2026-06-21T20:21:09Z,2026-06-21T22:21:09+0200,4c728934-15fc-48ae-9cbd-ac5715da9ca9,2026-05-24T00:30:00Z,2026-05-24T02:30:00+0200,135.29,EUR/MWh,DE,DE_LU,day_ahead_price,value,2026-06-21T20:22:25Z
2026-06-21T20:21:09Z,2026-06-21T22:21:09+0200,4c728934-15fc-48ae-9cbd-ac5715da9ca9,2026-05-24T00:45:00Z,2026-05-24T02:45:00+0200,130.73,EUR/MWh,DE,DE_LU,day_ahead_price,value,2026-06-21T20:22:25Z
2026-06-21T20:21:09Z,2026-06-21T22:21:09+0200,4c728934-15fc-48ae-9cbd-ac5715da9ca9,2026-05-24T01:00:00Z,2026-05-24T03:00:00+0200,126.41,EUR/MWh,DE,DE_LU,day_ahead_price,value,2026-06-21T20:22:25Z
2026-06-21T20:21:09Z,2026-06-21T22:21:09+0200,4c728934-15fc-48ae-9cbd-ac5715da9ca9,2026-05-24T01:15:00Z,2026-05-24T03:15:00+0200,125.79,EUR/MWh,DE,DE_LU,day_ahead_price,value,2026-06-21T20:22:25Z
2026-06-21T20:21:09Z,2026-06-21T22:21:09+0200,4c728934-15fc-48ae-9cbd-ac5715da9ca9,2026-05-24T01:30:00Z,2026-05-24T03:30:00+0200,125.47,EUR/MWh,DE,DE_LU,day_ahead_price,value,2026-06-21T20:22:25Z
2026-06-21T20:21:09Z,2026-06-21T22:21:09+0200,4c728934-15fc-48ae-9cbd-ac5715da9ca9,2026-05-24T01:45:00Z,2026-05-24T03:45:00+0200,124.09,EUR/MWh,DE,DE_LU,day_ahead_price,value,2026-06-21T20:22:25Z
2026-06-21T20:21:09Z,2026-06-21T22:21:09+0200,4c728934-15fc-48ae-9cbd-ac5715da9ca9,2026-05-24T02:00:00Z,2026-05-24T04:00:00+0200,121.3,EUR/MWh,DE,DE_LU,day_ahead_price,value,2026-06-21T20:22:25Z
2026-06-21T20:21:09Z,2026-06-21T22:21:09+0200,4c728934-15fc-48ae-9cbd-ac5715da9ca9,2026-05-24T02:15:00Z,2026-05-24T04:15:00+0200,121.15,EUR/MWh,DE,DE_LU,day_ahead_price,value,2026-06-21T20:22:25Z
2026-06-21T20:21:09Z,2026-06-21T22:21:09+0200,4c728934-15fc-48ae-9cbd-ac5715da9ca9,2026-05-24T02:30:00Z,2026-05-24T04:30:00+0200,125.0,EUR/MWh,DE,DE_LU,day_ahead_price,value,2026-06-21T20:22:25Z
2026-06-21T20:21:09Z,2026-06-21T22:21:09+0200,4c728934-15fc-48ae-9cbd-ac5715da9ca9,2026-05-24T02:45:00Z,2026-05-24T04:45:00+0200,124.11,EUR/MWh,DE,DE_LU,day_ahead_price,value,2026-06-21T20:22:25Z
2026-06-21T20:21:09Z,2026-06-21T22:21:09+0200,4c728934-15fc-48ae-9cbd-ac5715da9ca9,2026-05-24T03:00:00Z,2026-05-24T05:00:00+0200,124.69,EUR/MWh,DE,DE_LU,day_ahead_price,value,2026-06-21T20:22:25Z
2026-06-21T20:21:09Z,2026-06-21T22:21:09+0200,4c728934-15fc-48ae-9cbd-ac5715da9ca9,2026-05-24T03:15:00Z,2026-05-24T05:15:00+0200,120.33,EUR/MWh,DE,DE_LU,day_ahead_price,value,2026-06-21T20:22:25Z
2026-06-21T20:21:09Z,2026-06-21T22:21:09+0200,4c728934-15fc-48ae-9cbd-ac5715da9ca9,2026-05-24T03:30:00Z,2026-05-24T05:30:00+0200,115.47,EUR/MWh,DE,DE_LU,day_ahead_price,value,2026-06-21T20:22:25Z
2026-06-21T20:21:09Z,2026-06-21T22:21:09+0200,4c728934-15fc-48ae-9cbd-ac5715da9ca9,2026-05-24T03:45:00Z,2026-05-24T05:45:00+0200,110.4,EUR/MWh,DE,DE_LU,day_ahead_price,value,2026-06-21T20:22:25Z
2026-06-21T20:21:09Z,2026-06-21T22:21:09+0200,4c728934-15fc-48ae-9cbd-ac5715da9ca9,2026-05-24T04:00:00Z,2026-05-24T06:00:00+0200,119.52,EUR/MWh,DE,DE_LU,day_ahead_price,value,2026-06-21T20:22:25Z
2026-06-21T20:21:09Z,2026-06-21T22:21:09+0200,4c728934-15fc-48ae-9cbd-ac5715da9ca9,2026-05-24T04:15:00Z,2026-05-24T06:15:00+0200,113.0,EUR/MWh,DE,DE_LU,day_ahead_price,value,2026-06-21T20:22:25Z
2026-06-21T20:21:09Z,2026-06-21T22:21:09+0200,4c728934-15fc-48ae-9cbd-ac5715da9ca9,2026-05-24T04:30:00Z,2026-05-24T06:30:00+0200,103.89,EUR/MWh,DE,DE_LU,day_ahead_price,value,2026-06-21T20:22:25Z
2026-06-21T20:21:09Z,2026-06-21T22:21:09+0200,4c728934-15fc-48ae-9cbd-ac5715da9ca9,2026-05-24T04:45:00Z,2026-05-24T06:45:00+0200,98.77,EUR/MWh,DE,DE_LU,day_ahead_price,value,2026-06-21T20:22:25Z
2026-06-21T20:21:09Z,2026-06-21T22:21:09+0200,4c728934-15fc-48ae-9cbd-ac5715da9ca9,2026-05-24T05:00:00Z,2026-05-24T07:00:00+0200,123.75,EUR/MWh,DE,DE_LU,day_ahead_price,value,2026-06-21T20:22:25Z
2026-06-21T20:21:09Z,2026-06-21T22:21:09+0200,4c728934-15fc-48ae-9cbd-ac5715da9ca9,2026-05-24T05:15:00Z,2026-05-24T07:15:00+0200,97.76,EUR/MWh,DE,DE_LU,day_ahead_price,value,2026-06-21T20:22:25Z
2026-06-21T20:21:09Z,2026-06-21T22:21:09+0200,4c728934-15fc-48ae-9cbd-ac5715da9ca9,2026-05-24T05:30:00Z,2026-05-24T07:30:00+0200,84.7,EUR/MWh,DE,DE_LU,day_ahead_price,value,2026-06-21T20:22:25Z
2026-06-21T20:21:09Z,2026-06-21T22:21:09+0200,4c728934-15fc-48ae-9cbd-ac5715da9ca9,2026-05-24T05:45:00Z,2026-05-24T07:45:00+0200,47.64,EUR/MWh,DE,DE_LU,day_ahead_price,value,2026-06-21T20:22:25Z
2026-06-21T20:21:09Z,2026-06-21T22:21:09+0200,4c728934-15fc-48ae-9cbd-ac5715da9ca9,2026-05-24T06:00:00Z,2026-05-24T08:00:00+0200,57.02,EUR/MWh,DE,DE_LU,day_ahead_price,value,2026-06-21T20:22:25Z
2026-06-21T20:21:09Z,2026-06-21T22:21:09+0200,4c728934-15fc-48ae-9cbd-ac5715da9ca9,2026-05-24T06:15:00Z,2026-05-24T08:15:00+0200,7.96,EUR/MWh,DE,DE_LU,day_ahead_price,value,2026-06-21T20:22:25Z
2026-06-21T20:21:09Z,2026-06-21T22:21:09+0200,4c728934-15fc-48ae-9cbd-ac5715da9ca9,2026-05-24T06:30:00Z,2026-05-24T08:30:00+0200,0.49,EUR/MWh,DE,DE_LU,day_ahead_price,value,2026-06-21T20:22:25Z
2026-06-21T20:21:09Z,2026-06-21T22:21:09+0200,4c728934-15fc-48ae-9cbd-ac5715da9ca9,2026-05-24T06:45:00Z,2026-05-24T08:45:00+0200,0.0,EUR/MWh,DE,DE_LU,day_ahead_price,value,2026-06-21T20:22:25Z
2026-06-21T20:21:09Z,2026-06-21T22:21:09+0200,4c728934-15fc-48ae-9cbd-ac5715da9ca9,2026-05-24T07:00:00Z,2026-05-24T09:00:00+0200,0.01,EUR/MWh,DE,DE_LU,day_ahead_price,value,2026-06-21T20:22:25Z
2026-06-21T20:21:09Z,2026-06-21T22:21:09+0200,4c728934-15fc-48ae-9cbd-ac5715da9ca9,2026-05-24T07:15:00Z,2026-05-24T09:15:00+0200,0.0,EUR/MWh,DE,DE_LU,day_ahead_price,value,2026-06-21T20:22:25Z
2026-06-21T20:21:09Z,2026-06-21T22:21:09+0200,4c728934-15fc-48ae-9cbd-ac5715da9ca9,2026-05-24T07:30:00Z,2026-05-24T09:30:00+0200,-0.01,EUR/MWh,DE,DE_LU,day_ahead_price,value,2026-06-21T20:22:25Z
2026-06-21T20:21:09Z,2026-06-21T22:21:09+0200,4c728934-15fc-48ae-9cbd-ac5715da9ca9,2026-05-24T07:45:00Z,2026-05-24T09:45:00+0200,-0.11,EUR/MWh,DE,DE_LU,day_ahead_price,value,2026-06-21T20:22:25Z
2026-06-21T20:21:09Z,2026-06-21T22:21:09+0200,4c728934-15fc-48ae-9cbd-ac5715da9ca9,2026-05-24T08:00:00Z,2026-05-24T10:00:00+0200,-0.11,EUR/MWh,DE,DE_LU,day_ahead_price,value,2026-06-21T20:22:25Z
2026-06-21T20:21:09Z,2026-06-21T22:21:09+0200,4c728934-15fc-48ae-9cbd-ac5715da9ca9,2026-05-24T08:15:00Z,2026-05-24T10:15:00+0200,-0.9,EUR/MWh,DE,DE_LU,day_ahead_price,value,2026-06-21T20:22:25Z
2026-06-21T20:21:09Z,2026-06-21T22:21:09+0200,4c728934-15fc-48ae-9cbd-ac5715da9ca9,2026-05-24T08:30:00Z,2026-05-24T10:30:00+0200,-3.0,EUR/MWh,DE,DE_LU,day_ahead_price,value,2026-06-21T20:22:25Z
2026-06-21T20:21:09Z,2026-06-21T22:21:09+0200,4c728934-15fc-48ae-9cbd-ac5715da9ca9,2026-05-24T08:45:00Z,2026-05-24T10:45:00+0200,-6.0,EUR/MWh,DE,DE_LU,day_ahead_price,value,2026-06-21T20:22:25Z
2026-06-21T20:21:09Z,2026-06-21T22:21:09+0200,4c728934-15fc-48ae-9cbd-ac5715da9ca9,2026-05-24T09:00:00Z,2026-05-24T11:00:00+0200,-6.0,EUR/MWh,DE,DE_LU,day_ahead_price,value,2026-06-21T20:22:25Z
2026-06-21T20:21:09Z,2026-06-21T22:21:09+0200,4c728934-15fc-48ae-9cbd-ac5715da9ca9,2026-05-24T09:15:00Z,2026-05-24T11:15:00+0200,-11.3,EUR/MWh,DE,DE_LU,day_ahead_price,value,2026-06-21T20:22:25Z
2026-06-21T20:21:09Z,2026-06-21T22:21:09+0200,4c728934-15fc-48ae-9cbd-ac5715da9ca9,2026-05-24T09:30:00Z,2026-05-24T11:30:00+0200,-14.4,EUR/MWh,DE,DE_LU,day_ahead_price,value,2026-06-21T20:22:25Z
2026-06-21T20:21:09Z,2026-06-21T22:21:09+0200,4c728934-15fc-48ae-9cbd-ac5715da9ca9,2026-05-24T09:45:00Z,2026-05-24T11:45:00+0200,-23.63,EUR/MWh,DE,DE_LU,day_ahead_price,value,2026-06-21T20:22:25Z
2026-06-21T20:21:09Z,2026-06-21T22:21:09+0200,4c728934-15fc-48ae-9cbd-ac5715da9ca9,2026-05-24T10:00:00Z,2026-05-24T12:00:00+0200,-19.6,EUR/MWh,DE,DE_LU,day_ahead_price,value,2026-06-21T20:22:25Z
2026-06-21T20:21:09Z,2026-06-21T22:21:09+0200,4c728934-15fc-48ae-9cbd-ac5715da9ca9,2026-05-24T10:15:00Z,2026-05-24T12:15:00+0200,-29.99,EUR/MWh,DE,DE_LU,day_ahead_price,value,2026-06-21T20:22:25Z
2026-06-21T20:21:09Z,2026-06-21T22:21:09+0200,4c728934-15fc-48ae-9cbd-ac5715da9ca9,2026-05-24T10:30:00Z,2026-05-24T12:30:00+0200,-42.07,EUR/MWh,DE,DE_LU,day_ahead_price,value,2026-06-21T20:22:25Z
2026-06-21T20:21:09Z,2026-06-21T22:21:09+0200,4c728934-15fc-48ae-9cbd-ac5715da9ca9,2026-05-24T10:45:00Z,2026-05-24T12:45:00+0200,-58.79,EUR/MWh,DE,DE_LU,day_ahead_price,value,2026-06-21T20:22:25Z
2026-06-21T20:21:09Z,2026-06-21T22:21:09+0200,4c728934-15fc-48ae-9cbd-ac5715da9ca9,2026-05-24T11:00:00Z,2026-05-24T13:00:00+0200,-60.03,EUR/MWh,DE,DE_LU,day_ahead_price,value,2026-06-21T20:22:25Z
2026-06-21T20:21:09Z,2026-06-21T22:21:09+0200,4c728934-15fc-48ae-9cbd-ac5715da9ca9,2026-05-24T11:15:00Z,2026-05-24T13:15:00+0200,-72.01,EUR/MWh,DE,DE_LU,day_ahead_price,value,2026-06-21T20:22:25Z
2026-06-21T20:21:09Z,2026-06-21T22:21:09+0200,4c728934-15fc-48ae-9cbd-ac5715da9ca9,2026-05-24T11:30:00Z,2026-05-24T13:30:00+0200,-85.0,EUR/MWh,DE,DE_LU,day_ahead_price,value,2026-06-21T20:22:25Z
2026-06-21T20:21:09Z,2026-06-21T22:21:09+0200,4c728934-15fc-48ae-9cbd-ac5715da9ca9,2026-05-24T11:45:00Z,2026-05-24T13:45:00+0200,-86.71,EUR/MWh,DE,DE_LU,day_ahead_price,value,2026-06-21T20:22:25Z
2026-06-21T20:21:09Z,2026-06-21T22:21:09+0200,4c728934-15fc-48ae-9cbd-ac5715da9ca9,2026-05-24T12:00:00Z,2026-05-24T14:00:00+0200,-77.91,EUR/MWh,DE,DE_LU,day_ahead_price,value,2026-06-21T20:22:25Z
2026-06-21T20:21:09Z,2026-06-21T22:21:09+0200,4c728934-15fc-48ae-9cbd-ac5715da9ca9,2026-05-24T12:15:00Z,2026-05-24T14:15:00+0200,-70.01,EUR/MWh,DE,DE_LU,day_ahead_price,value,2026-06-21T20:22:25Z
2026-06-21T20:21:09Z,2026-06-21T22:21:09+0200,4c728934-15fc-48ae-9cbd-ac5715da9ca9,2026-05-24T12:30:00Z,2026-05-24T14:30:00+0200,-59.0,EUR/MWh,DE,DE_LU,day_ahead_price,value,2026-06-21T20:22:25Z
2026-06-21T20:21:09Z,2026-06-21T22:21:09+0200,4c728934-15fc-48ae-9cbd-ac5715da9ca9,2026-05-24T12:45:00Z,2026-05-24T14:45:00+0200,-40.09,EUR/MWh,DE,DE_LU,day_ahead_price,value,2026-06-21T20:22:25Z
2026-06-21T20:21:09Z,2026-06-21T22:21:09+0200,4c728934-15fc-48ae-9cbd-ac5715da9ca9,2026-05-24T13:00:00Z,2026-05-24T15:00:00+0200,-46.33,EUR/MWh,DE,DE_LU,day_ahead_price,value,2026-06-21T20:22:25Z
2026-06-21T20:21:09Z,2026-06-21T22:21:09+0200,4c728934-15fc-48ae-9cbd-ac5715da9ca9,2026-05-24T13:15:00Z,2026-05-24T15:15:00+0200,-27.27,EUR/MWh,DE,DE_LU,day_ahead_price,value,2026-06-21T20:22:25Z
2026-06-21T20:21:09Z,2026-06-21T22:21:09+0200,4c728934-15fc-48ae-9cbd-ac5715da9ca9,2026-05-24T13:30:00Z,2026-05-24T15:30:00+0200,-14.37,EUR/MWh,DE,DE_LU,day_ahead_price,value,2026-06-21T20:22:25Z
2026-06-21T20:21:09Z,2026-06-21T22:21:09+0200,4c728934-15fc-48ae-9cbd-ac5715da9ca9,2026-05-24T13:45:00Z,2026-05-24T15:45:00+0200,-6.0,EUR/MWh,DE,DE_LU,day_ahead_price,value,2026-06-21T20:22:25Z
2026-06-21T20:21:09Z,2026-06-21T22:21:09+0200,4c728934-15fc-48ae-9cbd-ac5715da9ca9,2026-05-24T14:00:00Z,2026-05-24T16:00:00+0200,-6.0,EUR/MWh,DE,DE_LU,day_ahead_price,value,2026-06-21T20:22:25Z
2026-06-21T20:21:09Z,2026-06-21T22:21:09+0200,4c728934-15fc-48ae-9cbd-ac5715da9ca9,2026-05-24T14:15:00Z,2026-05-24T16:15:00+0200,-1.52,EUR/MWh,DE,DE_LU,day_ahead_price,value,2026-06-21T20:22:25Z
2026-06-21T20:21:09Z,2026-06-21T22:21:09+0200,4c728934-15fc-48ae-9cbd-ac5715da9ca9,2026-05-24T14:30:00Z,2026-05-24T16:30:00+0200,-0.27,EUR/MWh,DE,DE_LU,day_ahead_price,value,2026-06-21T20:22:25Z
2026-06-21T20:21:09Z,2026-06-21T22:21:09+0200,4c728934-15fc-48ae-9cbd-ac5715da9ca9,2026-05-24T14:45:00Z,2026-05-24T16:45:00+0200,-0.04,EUR/MWh,DE,DE_LU,day_ahead_price,value,2026-06-21T20:22:25Z
2026-06-21T20:21:09Z,2026-06-21T22:21:09+0200,4c728934-15fc-48ae-9cbd-ac5715da9ca9,2026-05-24T15:00:00Z,2026-05-24T17:00:00+0200,-0.01,EUR/MWh,DE,DE_LU,day_ahead_price,value,2026-06-21T20:22:25Z
2026-06-21T20:21:09Z,2026-06-21T22:21:09+0200,4c728934-15fc-48ae-9cbd-ac5715da9ca9,2026-05-24T15:15:00Z,2026-05-24T17:15:00+0200,0.0,EUR/MWh,DE,DE_LU,day_ahead_price,value,2026-06-21T20:22:25Z
2026-06-21T20:21:09Z,2026-06-21T22:21:09+0200,4c728934-15fc-48ae-9cbd-ac5715da9ca9,2026-05-24T15:30:00Z,2026-05-24T17:30:00+0200,1.96,EUR/MWh,DE,DE_LU,day_ahead_price,value,2026-06-21T20:22:25Z
2026-06-21T20:21:09Z,2026-06-21T22:21:09+0200,4c728934-15fc-48ae-9cbd-ac5715da9ca9,2026-05-24T15:45:00Z,2026-05-24T17:45:00+0200,55.55,EUR/MWh,DE,DE_LU,day_ahead_price,value,2026-06-21T20:22:25Z
2026-06-21T20:21:09Z,2026-06-21T22:21:09+0200,4c728934-15fc-48ae-9cbd-ac5715da9ca9,2026-05-24T16:00:00Z,2026-05-24T18:00:00+0200,22.69,EUR/MWh,DE,DE_LU,day_ahead_price,value,2026-06-21T20:22:25Z
2026-06-21T20:21:09Z,2026-06-21T22:21:09+0200,4c728934-15fc-48ae-9cbd-ac5715da9ca9,2026-05-24T16:15:00Z,2026-05-24T18:15:00+0200,89.78,EUR/MWh,DE,DE_LU,day_ahead_price,value,2026-06-21T20:22:25Z
2026-06-21T20:21:09Z,2026-06-21T22:21:09+0200,4c728934-15fc-48ae-9cbd-ac5715da9ca9,2026-05-24T16:30:00Z,2026-05-24T18:30:00+0200,130.46,EUR/MWh,DE,DE_LU,day_ahead_price,value,2026-06-21T20:22:25Z
2026-06-21T20:21:09Z,2026-06-21T22:21:09+0200,4c728934-15fc-48ae-9cbd-ac5715da9ca9,2026-05-24T16:45:00Z,2026-05-24T18:45:00+0200,142.58,EUR/MWh,DE,DE_LU,day_ahead_price,value,2026-06-21T20:22:25Z
2026-06-21T20:21:09Z,2026-06-21T22:21:09+0200,4c728934-15fc-48ae-9cbd-ac5715da9ca9,2026-05-24T17:00:00Z,2026-05-24T19:00:00+0200,120.26,EUR/MWh,DE,DE_LU,day_ahead_price,value,2026-06-21T20:22:25Z
2026-06-21T20:21:09Z,2026-06-21T22:21:09+0200,4c728934-15fc-48ae-9cbd-ac5715da9ca9,2026-05-24T17:15:00Z,2026-05-24T19:15:00+0200,126.09,EUR/MWh,DE,DE_LU,day_ahead_price,value,2026-06-21T20:22:25Z
2026-06-21T20:21:09Z,2026-06-21T22:21:09+0200,4c728934-15fc-48ae-9cbd-ac5715da9ca9,2026-05-24T17:30:00Z,2026-05-24T19:30:00+0200,134.39,EUR/MWh,DE,DE_LU,day_ahead_price,value,2026-06-21T20:22:25Z
2026-06-21T20:21:09Z,2026-06-21T22:21:09+0200,4c728934-15fc-48ae-9cbd-ac5715da9ca9,2026-05-24T17:45:00Z,2026-05-24T19:45:00+0200,152.13,EUR/MWh,DE,DE_LU,day_ahead_price,value,2026-06-21T20:22:25Z
2026-06-21T20:21:09Z,2026-06-21T22:21:09+0200,4c728934-15fc-48ae-9cbd-ac5715da9ca9,2026-05-24T18:00:00Z,2026-05-24T20:00:00+0200,133.12,EUR/MWh,DE,DE_LU,day_ahead_price,value,2026-06-21T20:22:25Z
2026-06-21T20:21:09Z,2026-06-21T22:21:09+0200,4c728934-15fc-48ae-9cbd-ac5715da9ca9,2026-05-24T18:15:00Z,2026-05-24T20:15:00+0200,147.84,EUR/MWh,DE,DE_LU,day_ahead_price,value,2026-06-21T20:22:25Z
2026-06-21T20:21:09Z,2026-06-21T22:21:09+0200,4c728934-15fc-48ae-9cbd-ac5715da9ca9,2026-05-24T18:30:00Z,2026-05-24T20:30:00+0200,159.96,EUR/MWh,DE,DE_LU,day_ahead_price,value,2026-06-21T20:22:25Z
2026-06-21T20:21:09Z,2026-06-21T22:21:09+0200,4c728934-15fc-48ae-9cbd-ac5715da9ca9,2026-05-24T18:45:00Z,2026-05-24T20:45:00+0200,163.15,EUR/MWh,DE,DE_LU,day_ahead_price,value,2026-06-21T20:22:25Z
2026-06-21T20:21:09Z,2026-06-21T22:21:09+0200,4c728934-15fc-48ae-9cbd-ac5715da9ca9,2026-05-24T19:00:00Z,2026-05-24T21:00:00+0200,161.01,EUR/MWh,DE,DE_LU,day_ahead_price,value,2026-06-21T20:22:25Z
2026-06-21T20:21:09Z,2026-06-21T22:21:09+0200,4c728934-15fc-48ae-9cbd-ac5715da9ca9,2026-05-24T19:15:00Z,2026-05-24T21:15:00+0200,159.13,EUR/MWh,DE,DE_LU,day_ahead_price,value,2026-06-21T20:22:25Z
2026-06-21T20:21:09Z,2026-06-21T22:21:09+0200,4c728934-15fc-48ae-9cbd-ac5715da9ca9,2026-05-24T19:30:00Z,2026-05-24T21:30:00+0200,151.62,EUR/MWh,DE,DE_LU,day_ahead_price,value,2026-06-21T20:22:25Z
2026-06-21T20:21:09Z,2026-06-21T22:21:09+0200,4c728934-15fc-48ae-9cbd-ac5715da9ca9,2026-05-24T19:45:00Z,2026-05-24T21:45:00+0200,141.15,EUR/MWh,DE,DE_LU,day_ahead_price,value,2026-06-21T20:22:25Z
2026-06-21T20:21:09Z,2026-06-21T22:21:09+0200,4c728934-15fc-48ae-9cbd-ac5715da9ca9,2026-05-24T20:00:00Z,2026-05-24T22:00:00+0200,157.72,EUR/MWh,DE,DE_LU,day_ahead_price,value,2026-06-21T20:22:25Z
2026-06-21T20:21:09Z,2026-06-21T22:21:09+0200,4c728934-15fc-48ae-9cbd-ac5715da9ca9,2026-05-24T20:15:00Z,2026-05-24T22:15:00+0200,149.99,EUR/MWh,DE,DE_LU,day_ahead_price,value,2026-06-21T20:22:25Z
2026-06-21T20:21:09Z,2026-06-21T22:21:09+0200,4c728934-15fc-48ae-9cbd-ac5715da9ca9,2026-05-24T20:30:00Z,2026-05-24T22:30:00+0200,139.38,EUR/MWh,DE,DE_LU,day_ahead_price,value,2026-06-21T20:22:25Z
2026-06-21T20:21:09Z,2026-06-21T22:21:09+0200,4c728934-15fc-48ae-9cbd-ac5715da9ca9,2026-05-24T20:45:00Z,2026-05-24T22:45:00+0200,130.59,EUR/MWh,DE,DE_LU,day_ahead_price,value,2026-06-21T20:22:25Z
2026-06-21T20:21:09Z,2026-06-21T22:21:09+0200,4c728934-15fc-48ae-9cbd-ac5715da9ca9,2026-05-24T21:00:00Z,2026-05-24T23:00:00+0200,138.39,EUR/MWh,DE,DE_LU,day_ahead_price,value,2026-06-21T20:22:25Z
2026-06-21T20:21:09Z,2026-06-21T22:21:09+0200,4c728934-15fc-48ae-9cbd-ac5715da9ca9,2026-05-24T21:15:00Z,2026-05-24T23:15:00+0200,132.96,EUR/MWh,DE,DE_LU,day_ahead_price,value,2026-06-21T20:22:25Z
2026-06-21T20:21:09Z,2026-06-21T22:21:09+0200,4c728934-15fc-48ae-9cbd-ac5715da9ca9,2026-05-24T21:30:00Z,2026-05-24T23:30:00+0200,129.7,EUR/MWh,DE,DE_LU,day_ahead_price,value,2026-06-21T20:22:25Z
2026-06-21T20:21:09Z,2026-06-21T22:21:09+0200,4c728934-15fc-48ae-9cbd-ac5715da9ca9,2026-05-24T21:45:00Z,2026-05-24T23:45:00+0200,127.35,EUR/MWh,DE,DE_LU,day_ahead_price,value,2026-06-21T20:22:25Z
2026-06-21T20:21:09Z,2026-06-21T22:21:09+0200,4c728934-15fc-48ae-9cbd-ac5715da9ca9,2026-05-24T22:00:00Z,2026-05-25T00:00:00+0200,136.13,EUR/MWh,DE,DE_LU,day_ahead_price,value,2026-06-21T20:22:25Z
2026-06-21T20:21:09Z,2026-06-21T22:21:09+0200,4c728934-15fc-48ae-9cbd-ac5715da9ca9,2026-05-24T22:15:00Z,2026-05-25T00:15:00+0200,130.02,EUR/MWh,DE,DE_LU,day_ahead_price,value,2026-06-21T20:22:25Z
2026-06-21T20:21:09Z,2026-06-21T22:21:09+0200,4c728934-15fc-48ae-9cbd-ac5715da9ca9,2026-05-24T22:30:00Z,2026-05-25T00:30:00+0200,131.76,EUR/MWh,DE,DE_LU,day_ahead_price,value,2026-06-21T20:22:25Z
2026-06-21T20:21:09Z,2026-06-21T22:21:09+0200,4c728934-15fc-48ae-9cbd-ac5715da9ca9,2026-05-24T22:45:00Z,2026-05-25T00:45:00+0200,125.56,EUR/MWh,DE,DE_LU,day_ahead_price,value,2026-06-21T20:22:25Z
2026-06-21T20:21:09Z,2026-06-21T22:21:09+0200,4c728934-15fc-48ae-9cbd-ac5715da9ca9,2026-05-24T23:00:00Z,2026-05-25T01:00:00+0200,131.17,EUR/MWh,DE,DE_LU,day_ahead_price,value,2026-06-21T20:22:25Z
2026-06-21T20:21:09Z,2026-06-21T22:21:09+0200,4c728934-15fc-48ae-9cbd-ac5715da9ca9,2026-05-24T23:15:00Z,2026-05-25T01:15:00+0200,125.52,EUR/MWh,DE,DE_LU,day_ahead_price,value,2026-06-21T20:22:25Z
2026-06-21T20:21:09Z,2026-06-21T22:21:09+0200,4c728934-15fc-48ae-9cbd-ac5715da9ca9,2026-05-24T23:30:00Z,2026-05-25T01:30:00+0200,123.01,EUR/MWh,DE,DE_LU,day_ahead_price,value,2026-06-21T20:22:25Z
2026-06-21T20:21:09Z,2026-06-21T22:21:09+0200,4c728934-15fc-48ae-9cbd-ac5715da9ca9,2026-05-24T23:45:00Z,2026-05-25T01:45:00+0200,124.23,EUR/MWh,DE,DE_LU,day_ahead_price,value,2026-06-21T20:22:25Z
2026-06-21T20:21:09Z,2026-06-21T22:21:09+0200,4c728934-15fc-48ae-9cbd-ac5715da9ca9,2026-05-25T00:00:00Z,2026-05-25T02:00:00+0200,125.68,EUR/MWh,DE,DE_LU,day_ahead_price,value,2026-06-21T20:22:25Z
2026-06-21T20:21:09Z,2026-06-21T22:21:09+0200,4c728934-15fc-48ae-9cbd-ac5715da9ca9,2026-05-25T00:15:00Z,2026-05-25T02:15:00+0200,125.58,EUR/MWh,DE,DE_LU,day_ahead_price,value,2026-06-21T20:22:25Z
2026-06-21T20:21:09Z,2026-06-21T22:21:09+0200,4c728934-15fc-48ae-9cbd-ac5715da9ca9,2026-05-25T00:30:00Z,2026-05-25T02:30:00+0200,125.0,EUR/MWh,DE,DE_LU,day_ahead_price,value,2026-06-21T20:22:25Z
2026-06-21T20:21:09Z,2026-06-21T22:21:09+0200,4c728934-15fc-48ae-9cbd-ac5715da9ca9,2026-05-25T00:45:00Z,2026-05-25T02:45:00+0200,124.7,EUR/MWh,DE,DE_LU,day_ahead_price,value,2026-06-21T20:22:25Z
2026-06-21T20:21:09Z,2026-06-21T22:21:09+0200,4c728934-15fc-48ae-9cbd-ac5715da9ca9,2026-05-25T01:00:00Z,2026-05-25T03:00:00+0200,120.93,EUR/MWh,DE,DE_LU,day_ahead_price,value,2026-06-21T20:22:25Z
2026-06-21T20:21:09Z,2026-06-21T22:21:09+0200,4c728934-15fc-48ae-9cbd-ac5715da9ca9,2026-05-25T01:15:00Z,2026-05-25T03:15:00+0200,123.96,EUR/MWh,DE,DE_LU,day_ahead_price,value,2026-06-21T20:22:25Z
2026-06-21T20:21:09Z,2026-06-21T22:21:09+0200,4c728934-15fc-48ae-9cbd-ac5715da9ca9,2026-05-25T01:30:00Z,2026-05-25T03:30:00+0200,127.15,EUR/MWh,DE,DE_LU,day_ahead_price,value,2026-06-21T20:22:25Z
2026-06-21T20:21:09Z,2026-06-21T22:21:09+0200,4c728934-15fc-48ae-9cbd-ac5715da9ca9,2026-05-25T01:45:00Z,2026-05-25T03:45:00+0200,132.01,EUR/MWh,DE,DE_LU,day_ahead_price,value,2026-06-21T20:22:25Z
2026-06-21T20:21:09Z,2026-06-21T22:21:09+0200,4c728934-15fc-48ae-9cbd-ac5715da9ca9,2026-05-25T02:00:00Z,2026-05-25T04:00:00+0200,124.79,EUR/MWh,DE,DE_LU,day_ahead_price,value,2026-06-21T20:22:25Z
2026-06-21T20:21:09Z,2026-06-21T22:21:09+0200,4c728934-15fc-48ae-9cbd-ac5715da9ca9,2026-05-25T02:15:00Z,2026-05-25T04:15:00+0200,128.98,EUR/MWh,DE,DE_LU,day_ahead_price,value,2026-06-21T20:22:25Z
2026-06-21T20:21:09Z,2026-06-21T22:21:09+0200,4c728934-15fc-48ae-9cbd-ac5715da9ca9,2026-05-25T02:30:00Z,2026-05-25T04:30:00+0200,129.17,EUR/MWh,DE,DE_LU,day_ahead_price,value,2026-06-21T20:22:25Z
2026-06-21T20:21:09Z,2026-06-21T22:21:09+0200,4c728934-15fc-48ae-9cbd-ac5715da9ca9,2026-05-25T02:45:00Z,2026-05-25T04:45:00+0200,134.31,EUR/MWh,DE,DE_LU,day_ahead_price,value,2026-06-21T20:22:25Z
2026-06-21T20:21:09Z,2026-06-21T22:21:09+0200,4c728934-15fc-48ae-9cbd-ac5715da9ca9,2026-05-25T03:00:00Z,2026-05-25T05:00:00+0200,128.55,EUR/MWh,DE,DE_LU,day_ahead_price,value,2026-06-21T20:22:25Z
2026-06-21T20:21:09Z,2026-06-21T22:21:09+0200,4c728934-15fc-48ae-9cbd-ac5715da9ca9,2026-05-25T03:15:00Z,2026-05-25T05:15:00+0200,130.71,EUR/MWh,DE,DE_LU,day_ahead_price,value,2026-06-21T20:22:25Z
2026-06-21T20:21:09Z,2026-06-21T22:21:09+0200,4c728934-15fc-48ae-9cbd-ac5715da9ca9,2026-05-25T03:30:00Z,2026-05-25T05:30:00+0200,133.76,EUR/MWh,DE,DE_LU,day_ahead_price,value,2026-06-21T20:22:25Z
2026-06-21T20:21:09Z,2026-06-21T22:21:09+0200,4c728934-15fc-48ae-9cbd-ac5715da9ca9,2026-05-25T03:45:00Z,2026-05-25T05:45:00+0200,134.96,EUR/MWh,DE,DE_LU,day_ahead_price,value,2026-06-21T20:22:25Z
2026-06-21T20:21:09Z,2026-06-21T22:21:09+0200,4c728934-15fc-48ae-9cbd-ac5715da9ca9,2026-05-25T04:00:00Z,2026-05-25T06:00:00+0200,137.89,EUR/MWh,DE,DE_LU,day_ahead_price,value,2026-06-21T20:22:25Z
2026-06-21T20:21:09Z,2026-06-21T22:21:09+0200,4c728934-15fc-48ae-9cbd-ac5715da9ca9,2026-05-25T04:15:00Z,2026-05-25T06:15:00+0200,134.96,EUR/MWh,DE,DE_LU,day_ahead_price,value,2026-06-21T20:22:25Z
2026-06-21T20:21:09Z,2026-06-21T22:21:09+0200,4c728934-15fc-48ae-9cbd-ac5715da9ca9,2026-05-25T04:30:00Z,2026-05-25T06:30:00+0200,129.13,EUR/MWh,DE,DE_LU,day_ahead_price,value,2026-06-21T20:22:25Z
2026-06-21T20:21:09Z,2026-06-21T22:21:09+0200,4c728934-15fc-48ae-9cbd-ac5715da9ca9,2026-05-25T04:45:00Z,2026-05-25T06:45:00+0200,118.8,EUR/MWh,DE,DE_LU,day_ahead_price,value,2026-06-21T20:22:25Z
2026-06-21T20:21:09Z,2026-06-21T22:21:09+0200,4c728934-15fc-48ae-9cbd-ac5715da9ca9,2026-05-25T05:00:00Z,2026-05-25T07:00:00+0200,138.41,EUR/MWh,DE,DE_LU,day_ahead_price,value,2026-06-21T20:22:25Z
2026-06-21T20:21:09Z,2026-06-21T22:21:09+0200,4c728934-15fc-48ae-9cbd-ac5715da9ca9,2026-05-25T05:15:00Z,2026-05-25T07:15:00+0200,126.44,EUR/MWh,DE,DE_LU,day_ahead_price,value,2026-06-21T20:22:25Z
2026-06-21T20:21:09Z,2026-06-21T22:21:09+0200,4c728934-15fc-48ae-9cbd-ac5715da9ca9,2026-05-25T05:30:00Z,2026-05-25T07:30:00+0200,114.0,EUR/MWh,DE,DE_LU,day_ahead_price,value,2026-06-21T20:22:25Z
2026-06-21T20:21:09Z,2026-06-21T22:21:09+0200,4c728934-15fc-48ae-9cbd-ac5715da9ca9,2026-05-25T05:45:00Z,2026-05-25T07:45:00+0200,92.66,EUR/MWh,DE,DE_LU,day_ahead_price,value,2026-06-21T20:22:25Z
2026-06-21T20:21:09Z,2026-06-21T22:21:09+0200,4c728934-15fc-48ae-9cbd-ac5715da9ca9,2026-05-25T06:00:00Z,2026-05-25T08:00:00+0200,134.96,EUR/MWh,DE,DE_LU,day_ahead_price,value,2026-06-21T20:22:25Z
2026-06-21T20:21:09Z,2026-06-21T22:21:09+0200,4c728934-15fc-48ae-9cbd-ac5715da9ca9,2026-05-25T06:15:00Z,2026-05-25T08:15:00+0200,103.51,EUR/MWh,DE,DE_LU,day_ahead_price,value,2026-06-21T20:22:25Z
2026-06-21T20:21:09Z,2026-06-21T22:21:09+0200,4c728934-15fc-48ae-9cbd-ac5715da9ca9,2026-05-25T06:30:00Z,2026-05-25T08:30:00+0200,65.57,EUR/MWh,DE,DE_LU,day_ahead_price,value,2026-06-21T20:22:25Z
2026-06-21T20:21:09Z,2026-06-21T22:21:09+0200,4c728934-15fc-48ae-9cbd-ac5715da9ca9,2026-05-25T06:45:00Z,2026-05-25T08:45:00+0200,6.68,EUR/MWh,DE,DE_LU,day_ahead_price,value,2026-06-21T20:22:25Z
2026-06-21T20:21:09Z,2026-06-21T22:21:09+0200,4c728934-15fc-48ae-9cbd-ac5715da9ca9,2026-05-25T07:00:00Z,2026-05-25T09:00:00+0200,16.73,EUR/MWh,DE,DE_LU,day_ahead_price,value,2026-06-21T20:22:25Z
2026-06-21T20:21:09Z,2026-06-21T22:21:09+0200,4c728934-15fc-48ae-9cbd-ac5715da9ca9,2026-05-25T07:15:00Z,2026-05-25T09:15:00+0200,3.08,EUR/MWh,DE,DE_LU,day_ahead_price,value,2026-06-21T20:22:25Z
2026-06-21T20:21:09Z,2026-06-21T22:21:09+0200,4c728934-15fc-48ae-9cbd-ac5715da9ca9,2026-05-25T07:30:00Z,2026-05-25T09:30:00+0200,0.19,EUR/MWh,DE,DE_LU,day_ahead_price,value,2026-06-21T20:22:25Z
2026-06-21T20:21:09Z,2026-06-21T22:21:09+0200,4c728934-15fc-48ae-9cbd-ac5715da9ca9,2026-05-25T07:45:00Z,2026-05-25T09:45:00+0200,0.0,EUR/MWh,DE,DE_LU,day_ahead_price,value,2026-06-21T20:22:25Z
2026-06-21T20:21:09Z,2026-06-21T22:21:09+0200,4c728934-15fc-48ae-9cbd-ac5715da9ca9,2026-05-25T08:00:00Z,2026-05-25T10:00:00+0200,0.0,EUR/MWh,DE,DE_LU,day_ahead_price,value,2026-06-21T20:22:25Z
2026-06-21T20:21:09Z,2026-06-21T22:21:09+0200,4c728934-15fc-48ae-9cbd-ac5715da9ca9,2026-05-25T08:15:00Z,2026-05-25T10:15:00+0200,-0.02,EUR/MWh,DE,DE_LU,day_ahead_price,value,2026-06-21T20:22:25Z
2026-06-21T20:21:09Z,2026-06-21T22:21:09+0200,4c728934-15fc-48ae-9cbd-ac5715da9ca9,2026-05-25T08:30:00Z,2026-05-25T10:30:00+0200,-0.07,EUR/MWh,DE,DE_LU,day_ahead_price,value,2026-06-21T20:22:25Z
2026-06-21T20:21:09Z,2026-06-21T22:21:09+0200,4c728934-15fc-48ae-9cbd-ac5715da9ca9,2026-05-25T08:45:00Z,2026-05-25T10:45:00+0200,-0.58,EUR/MWh,DE,DE_LU,day_ahead_price,value,2026-06-21T20:22:25Z
2026-06-21T20:21:09Z,2026-06-21T22:21:09+0200,4c728934-15fc-48ae-9cbd-ac5715da9ca9,2026-05-25T09:00:00Z,2026-05-25T11:00:00+0200,-2.01,EUR/MWh,DE,DE_LU,day_ahead_price,value,2026-06-21T20:22:25Z
2026-06-21T20:21:09Z,2026-06-21T22:21:09+0200,4c728934-15fc-48ae-9cbd-ac5715da9ca9,2026-05-25T09:15:00Z,2026-05-25T11:15:00+0200,-3.04,EUR/MWh,DE,DE_LU,day_ahead_price,value,2026-06-21T20:22:25Z
2026-06-21T20:21:09Z,2026-06-21T22:21:09+0200,4c728934-15fc-48ae-9cbd-ac5715da9ca9,2026-05-25T09:30:00Z,2026-05-25T11:30:00+0200,-6.01,EUR/MWh,DE,DE_LU,day_ahead_price,value,2026-06-21T20:22:25Z
2026-06-21T20:21:09Z,2026-06-21T22:21:09+0200,4c728934-15fc-48ae-9cbd-ac5715da9ca9,2026-05-25T09:45:00Z,2026-05-25T11:45:00+0200,-9.99,EUR/MWh,DE,DE_LU,day_ahead_price,value,2026-06-21T20:22:25Z
2026-06-21T20:21:09Z,2026-06-21T22:21:09+0200,4c728934-15fc-48ae-9cbd-ac5715da9ca9,2026-05-25T10:00:00Z,2026-05-25T12:00:00+0200,-10.67,EUR/MWh,DE,DE_LU,day_ahead_price,value,2026-06-21T20:22:25Z
2026-06-21T20:21:09Z,2026-06-21T22:21:09+0200,4c728934-15fc-48ae-9cbd-ac5715da9ca9,2026-05-25T10:15:00Z,2026-05-25T12:15:00+0200,-11.33,EUR/MWh,DE,DE_LU,day_ahead_price,value,2026-06-21T20:22:25Z
2026-06-21T20:21:09Z,2026-06-21T22:21:09+0200,4c728934-15fc-48ae-9cbd-ac5715da9ca9,2026-05-25T10:30:00Z,2026-05-25T12:30:00+0200,-13.06,EUR/MWh,DE,DE_LU,day_ahead_price,value,2026-06-21T20:22:25Z
2026-06-21T20:21:09Z,2026-06-21T22:21:09+0200,4c728934-15fc-48ae-9cbd-ac5715da9ca9,2026-05-25T10:45:00Z,2026-05-25T12:45:00+0200,-15.79,EUR/MWh,DE,DE_LU,day_ahead_price,value,2026-06-21T20:22:25Z
2026-06-21T20:21:09Z,2026-06-21T22:21:09+0200,4c728934-15fc-48ae-9cbd-ac5715da9ca9,2026-05-25T11:00:00Z,2026-05-25T13:00:00+0200,-22.07,EUR/MWh,DE,DE_LU,day_ahead_price,value,2026-06-21T20:22:25Z
2026-06-21T20:21:09Z,2026-06-21T22:21:09+0200,4c728934-15fc-48ae-9cbd-ac5715da9ca9,2026-05-25T11:15:00Z,2026-05-25T13:15:00+0200,-27.45,EUR/MWh,DE,DE_LU,day_ahead_price,value,2026-06-21T20:22:25Z
2026-06-21T20:21:09Z,2026-06-21T22:21:09+0200,4c728934-15fc-48ae-9cbd-ac5715da9ca9,2026-05-25T11:30:00Z,2026-05-25T13:30:00+0200,-32.66,EUR/MWh,DE,DE_LU,day_ahead_price,value,2026-06-21T20:22:25Z
2026-06-21T20:21:09Z,2026-06-21T22:21:09+0200,4c728934-15fc-48ae-9cbd-ac5715da9ca9,2026-05-25T11:45:00Z,2026-05-25T13:45:00+0200,-35.0,EUR/MWh,DE,DE_LU,day_ahead_price,value,2026-06-21T20:22:25Z
2026-06-21T20:21:09Z,2026-06-21T22:21:09+0200,4c728934-15fc-48ae-9cbd-ac5715da9ca9,2026-05-25T12:00:00Z,2026-05-25T14:00:00+0200,-32.36,EUR/MWh,DE,DE_LU,day_ahead_price,value,2026-06-21T20:22:25Z
2026-06-21T20:21:09Z,2026-06-21T22:21:09+0200,4c728934-15fc-48ae-9cbd-ac5715da9ca9,2026-05-25T12:15:00Z,2026-05-25T14:15:00+0200,-30.0,EUR/MWh,DE,DE_LU,day_ahead_price,value,2026-06-21T20:22:25Z
2026-06-21T20:21:09Z,2026-06-21T22:21:09+0200,4c728934-15fc-48ae-9cbd-ac5715da9ca9,2026-05-25T12:30:00Z,2026-05-25T14:30:00+0200,-25.01,EUR/MWh,DE,DE_LU,day_ahead_price,value,2026-06-21T20:22:25Z
2026-06-21T20:21:09Z,2026-06-21T22:21:09+0200,4c728934-15fc-48ae-9cbd-ac5715da9ca9,2026-05-25T12:45:00Z,2026-05-25T14:45:00+0200,-21.36,EUR/MWh,DE,DE_LU,day_ahead_price,value,2026-06-21T20:22:25Z
2026-06-21T20:21:09Z,2026-06-21T22:21:09+0200,4c728934-15fc-48ae-9cbd-ac5715da9ca9,2026-05-25T13:00:00Z,2026-05-25T15:00:00+0200,-17.13,EUR/MWh,DE,DE_LU,day_ahead_price,value,2026-06-21T20:22:25Z
2026-06-21T20:21:09Z,2026-06-21T22:21:09+0200,4c728934-15fc-48ae-9cbd-ac5715da9ca9,2026-05-25T13:15:00Z,2026-05-25T15:15:00+0200,-10.77,EUR/MWh,DE,DE_LU,day_ahead_price,value,2026-06-21T20:22:25Z
2026-06-21T20:21:09Z,2026-06-21T22:21:09+0200,4c728934-15fc-48ae-9cbd-ac5715da9ca9,2026-05-25T13:30:00Z,2026-05-25T15:30:00+0200,-7.3,EUR/MWh,DE,DE_LU,day_ahead_price,value,2026-06-21T20:22:25Z
2026-06-21T20:21:09Z,2026-06-21T22:21:09+0200,4c728934-15fc-48ae-9cbd-ac5715da9ca9,2026-05-25T13:45:00Z,2026-05-25T15:45:00+0200,-5.0,EUR/MWh,DE,DE_LU,day_ahead_price,value,2026-06-21T20:22:25Z
2026-06-21T20:21:09Z,2026-06-21T22:21:09+0200,4c728934-15fc-48ae-9cbd-ac5715da9ca9,2026-05-25T14:00:00Z,2026-05-25T16:00:00+0200,-3.67,EUR/MWh,DE,DE_LU,day_ahead_price,value,2026-06-21T20:22:25Z
2026-06-21T20:21:09Z,2026-06-21T22:21:09+0200,4c728934-15fc-48ae-9cbd-ac5715da9ca9,2026-05-25T14:15:00Z,2026-05-25T16:15:00+0200,-2.94,EUR/MWh,DE,DE_LU,day_ahead_price,value,2026-06-21T20:22:25Z
2026-06-21T20:21:09Z,2026-06-21T22:21:09+0200,4c728934-15fc-48ae-9cbd-ac5715da9ca9,2026-05-25T14:30:00Z,2026-05-25T16:30:00+0200,-4.95,EUR/MWh,DE,DE_LU,day_ahead_price,value,2026-06-21T20:22:25Z
2026-06-21T20:21:09Z,2026-06-21T22:21:09+0200,4c728934-15fc-48ae-9cbd-ac5715da9ca9,2026-05-25T14:45:00Z,2026-05-25T16:45:00+0200,-0.1,EUR/MWh,DE,DE_LU,day_ahead_price,value,2026-06-21T20:22:25Z
2026-06-21T20:21:09Z,2026-06-21T22:21:09+0200,4c728934-15fc-48ae-9cbd-ac5715da9ca9,2026-05-25T15:00:00Z,2026-05-25T17:00:00+0200,0.0,EUR/MWh,DE,DE_LU,day_ahead_price,value,2026-06-21T20:22:25Z
2026-06-21T20:21:09Z,2026-06-21T22:21:09+0200,4c728934-15fc-48ae-9cbd-ac5715da9ca9,2026-05-25T15:15:00Z,2026-05-25T17:15:00+0200,1.34,EUR/MWh,DE,DE_LU,day_ahead_price,value,2026-06-21T20:22:25Z
2026-06-21T20:21:09Z,2026-06-21T22:21:09+0200,4c728934-15fc-48ae-9cbd-ac5715da9ca9,2026-05-25T15:30:00Z,2026-05-25T17:30:00+0200,17.15,EUR/MWh,DE,DE_LU,day_ahead_price,value,2026-06-21T20:22:25Z
2026-06-21T20:21:09Z,2026-06-21T22:21:09+0200,4c728934-15fc-48ae-9cbd-ac5715da9ca9,2026-05-25T15:45:00Z,2026-05-25T17:45:00+0200,109.31,EUR/MWh,DE,DE_LU,day_ahead_price,value,2026-06-21T20:22:25Z
2026-06-21T20:21:09Z,2026-06-21T22:21:09+0200,4c728934-15fc-48ae-9cbd-ac5715da9ca9,2026-05-25T16:00:00Z,2026-05-25T18:00:00+0200,70.98,EUR/MWh,DE,DE_LU,day_ahead_price,value,2026-06-21T20:22:25Z
2026-06-21T20:21:09Z,2026-06-21T22:21:09+0200,4c728934-15fc-48ae-9cbd-ac5715da9ca9,2026-05-25T16:15:00Z,2026-05-25T18:15:00+0200,105.58,EUR/MWh,DE,DE_LU,day_ahead_price,value,2026-06-21T20:22:25Z
2026-06-21T20:21:09Z,2026-06-21T22:21:09+0200,4c728934-15fc-48ae-9cbd-ac5715da9ca9,2026-05-25T16:30:00Z,2026-05-25T18:30:00+0200,140.97,EUR/MWh,DE,DE_LU,day_ahead_price,value,2026-06-21T20:22:25Z
2026-06-21T20:21:09Z,2026-06-21T22:21:09+0200,4c728934-15fc-48ae-9cbd-ac5715da9ca9,2026-05-25T16:45:00Z,2026-05-25T18:45:00+0200,157.76,EUR/MWh,DE,DE_LU,day_ahead_price,value,2026-06-21T20:22:25Z
2026-06-21T20:21:09Z,2026-06-21T22:21:09+0200,4c728934-15fc-48ae-9cbd-ac5715da9ca9,2026-05-25T17:00:00Z,2026-05-25T19:00:00+0200,128.55,EUR/MWh,DE,DE_LU,day_ahead_price,value,2026-06-21T20:22:25Z
2026-06-21T20:21:09Z,2026-06-21T22:21:09+0200,4c728934-15fc-48ae-9cbd-ac5715da9ca9,2026-05-25T17:15:00Z,2026-05-25T19:15:00+0200,142.68,EUR/MWh,DE,DE_LU,day_ahead_price,value,2026-06-21T20:22:25Z
2026-06-21T20:21:09Z,2026-06-21T22:21:09+0200,4c728934-15fc-48ae-9cbd-ac5715da9ca9,2026-05-25T17:30:00Z,2026-05-25T19:30:00+0200,151.97,EUR/MWh,DE,DE_LU,day_ahead_price,value,2026-06-21T20:22:25Z
2026-06-21T20:21:09Z,2026-06-21T22:21:09+0200,4c728934-15fc-48ae-9cbd-ac5715da9ca9,2026-05-25T17:45:00Z,2026-05-25T19:45:00+0200,179.1,EUR/MWh,DE,DE_LU,day_ahead_price,value,2026-06-21T20:22:25Z
2026-06-21T20:21:09Z,2026-06-21T22:21:09+0200,4c728934-15fc-48ae-9cbd-ac5715da9ca9,2026-05-25T18:00:00Z,2026-05-25T20:00:00+0200,154.32,EUR/MWh,DE,DE_LU,day_ahead_price,value,2026-06-21T20:22:25Z
2026-06-21T20:21:09Z,2026-06-21T22:21:09+0200,4c728934-15fc-48ae-9cbd-ac5715da9ca9,2026-05-25T18:15:00Z,2026-05-25T20:15:00+0200,168.56,EUR/MWh,DE,DE_LU,day_ahead_price,value,2026-06-21T20:22:25Z
2026-06-21T20:21:09Z,2026-06-21T22:21:09+0200,4c728934-15fc-48ae-9cbd-ac5715da9ca9,2026-05-25T18:30:00Z,2026-05-25T20:30:00+0200,180.76,EUR/MWh,DE,DE_LU,day_ahead_price,value,2026-06-21T20:22:25Z
2026-06-21T20:21:09Z,2026-06-21T22:21:09+0200,4c728934-15fc-48ae-9cbd-ac5715da9ca9,2026-05-25T18:45:00Z,2026-05-25T20:45:00+0200,185.1,EUR/MWh,DE,DE_LU,day_ahead_price,value,2026-06-21T20:22:25Z
2026-06-21T20:21:09Z,2026-06-21T22:21:09+0200,4c728934-15fc-48ae-9cbd-ac5715da9ca9,2026-05-25T19:00:00Z,2026-05-25T21:00:00+0200,185.13,EUR/MWh,DE,DE_LU,day_ahead_price,value,2026-06-21T20:22:25Z
2026-06-21T20:21:09Z,2026-06-21T22:21:09+0200,4c728934-15fc-48ae-9cbd-ac5715da9ca9,2026-05-25T19:15:00Z,2026-05-25T21:15:00+0200,176.68,EUR/MWh,DE,DE_LU,day_ahead_price,value,2026-06-21T20:22:25Z
2026-06-21T20:21:09Z,2026-06-21T22:21:09+0200,4c728934-15fc-48ae-9cbd-ac5715da9ca9,2026-05-25T19:30:00Z,2026-05-25T21:30:00+0200,164.59,EUR/MWh,DE,DE_LU,day_ahead_price,value,2026-06-21T20:22:25Z
2026-06-21T20:21:09Z,2026-06-21T22:21:09+0200,4c728934-15fc-48ae-9cbd-ac5715da9ca9,2026-05-25T19:45:00Z,2026-05-25T21:45:00+0200,154.6,EUR/MWh,DE,DE_LU,day_ahead_price,value,2026-06-21T20:22:25Z
2026-06-21T20:21:09Z,2026-06-21T22:21:09+0200,4c728934-15fc-48ae-9cbd-ac5715da9ca9,2026-05-25T20:00:00Z,2026-05-25T22:00:00+0200,178.47,EUR/MWh,DE,DE_LU,day_ahead_price,value,2026-06-21T20:22:25Z
2026-06-21T20:21:09Z,2026-06-21T22:21:09+0200,4c728934-15fc-48ae-9cbd-ac5715da9ca9,2026-05-25T20:15:00Z,2026-05-25T22:15:00+0200,161.73,EUR/MWh,DE,DE_LU,day_ahead_price,value,2026-06-21T20:22:25Z
2026-06-21T20:21:09Z,2026-06-21T22:21:09+0200,4c728934-15fc-48ae-9cbd-ac5715da9ca9,2026-05-25T20:30:00Z,2026-05-25T22:30:00+0200,148.28,EUR/MWh,DE,DE_LU,day_ahead_price,value,2026-06-21T20:22:25Z
2026-06-21T20:21:09Z,2026-06-21T22:21:09+0200,4c728934-15fc-48ae-9cbd-ac5715da9ca9,2026-05-25T20:45:00Z,2026-05-25T22:45:00+0200,140.85,EUR/MWh,DE,DE_LU,day_ahead_price,value,2026-06-21T20:22:25Z
2026-06-21T20:21:09Z,2026-06-21T22:21:09+0200,4c728934-15fc-48ae-9cbd-ac5715da9ca9,2026-05-25T21:00:00Z,2026-05-25T23:00:00+0200,149.1,EUR/MWh,DE,DE_LU,day_ahead_price,value,2026-06-21T20:22:25Z
2026-06-21T20:21:09Z,2026-06-21T22:21:09+0200,4c728934-15fc-48ae-9cbd-ac5715da9ca9,2026-05-25T21:15:00Z,2026-05-25T23:15:00+0200,142.5,EUR/MWh,DE,DE_LU,day_ahead_price,value,2026-06-21T20:22:25Z
2026-06-21T20:21:09Z,2026-06-21T22:21:09+0200,4c728934-15fc-48ae-9cbd-ac5715da9ca9,2026-05-25T21:30:00Z,2026-05-25T23:30:00+0200,140.99,EUR/MWh,DE,DE_LU,day_ahead_price,value,2026-06-21T20:22:25Z
2026-06-21T20:21:09Z,2026-06-21T22:21:09+0200,4c728934-15fc-48ae-9cbd-ac5715da9ca9,2026-05-25T21:45:00Z,2026-05-25T23:45:00+0200,131.51,EUR/MWh,DE,DE_LU,day_ahead_price,value,2026-06-21T20:22:25Z
2026-06-21T20:21:09Z,2026-06-21T22:21:09+0200,4c728934-15fc-48ae-9cbd-ac5715da9ca9,2026-05-25T22:00:00Z,2026-05-26T00:00:00+0200,152.99,EUR/MWh,DE,DE_LU,day_ahead_price,value,2026-06-21T20:22:25Z
2026-06-21T20:21:09Z,2026-06-21T22:21:09+0200,4c728934-15fc-48ae-9cbd-ac5715da9ca9,2026-05-25T22:15:00Z,2026-05-26T00:15:00+0200,140.11,EUR/MWh,DE,DE_LU,day_ahead_price,value,2026-06-21T20:22:25Z
2026-06-21T20:21:09Z,2026-06-21T22:21:09+0200,4c728934-15fc-48ae-9cbd-ac5715da9ca9,2026-05-25T22:30:00Z,2026-05-26T00:30:00+0200,130.16,EUR/MWh,DE,DE_LU,day_ahead_price,value,2026-06-21T20:22:25Z
2026-06-21T20:21:09Z,2026-06-21T22:21:09+0200,4c728934-15fc-48ae-9cbd-ac5715da9ca9,2026-05-25T22:45:00Z,2026-05-26T00:45:00+0200,122.18,EUR/MWh,DE,DE_LU,day_ahead_price,value,2026-06-21T20:22:25Z
2026-06-21T20:21:09Z,2026-06-21T22:21:09+0200,4c728934-15fc-48ae-9cbd-ac5715da9ca9,2026-05-25T23:00:00Z,2026-05-26T01:00:00+0200,134.23,EUR/MWh,DE,DE_LU,day_ahead_price,value,2026-06-21T20:22:25Z
2026-06-21T20:21:09Z,2026-06-21T22:21:09+0200,4c728934-15fc-48ae-9cbd-ac5715da9ca9,2026-05-25T23:15:00Z,2026-05-26T01:15:00+0200,126.6,EUR/MWh,DE,DE_LU,day_ahead_price,value,2026-06-21T20:22:25Z
2026-06-21T20:21:09Z,2026-06-21T22:21:09+0200,4c728934-15fc-48ae-9cbd-ac5715da9ca9,2026-05-25T23:30:00Z,2026-05-26T01:30:00+0200,122.83,EUR/MWh,DE,DE_LU,day_ahead_price,value,2026-06-21T20:22:25Z
2026-06-21T20:21:09Z,2026-06-21T22:21:09+0200,4c728934-15fc-48ae-9cbd-ac5715da9ca9,2026-05-25T23:45:00Z,2026-05-26T01:45:00+0200,118.93,EUR/MWh,DE,DE_LU,day_ahead_price,value,2026-06-21T20:22:25Z
2026-06-21T20:21:09Z,2026-06-21T22:21:09+0200,4c728934-15fc-48ae-9cbd-ac5715da9ca9,2026-05-26T00:00:00Z,2026-05-26T02:00:00+0200,124.03,EUR/MWh,DE,DE_LU,day_ahead_price,value,2026-06-21T20:22:25Z
2026-06-21T20:21:09Z,2026-06-21T22:21:09+0200,4c728934-15fc-48ae-9cbd-ac5715da9ca9,2026-05-26T00:15:00Z,2026-05-26T02:15:00+0200,121.08,EUR/MWh,DE,DE_LU,day_ahead_price,value,2026-06-21T20:22:25Z
2026-06-21T20:21:09Z,2026-06-21T22:21:09+0200,4c728934-15fc-48ae-9cbd-ac5715da9ca9,2026-05-26T00:30:00Z,2026-05-26T02:30:00+0200,120.14,EUR/MWh,DE,DE_LU,day_ahead_price,value,2026-06-21T20:22:25Z
2026-06-21T20:21:09Z,2026-06-21T22:21:09+0200,4c728934-15fc-48ae-9cbd-ac5715da9ca9,2026-05-26T00:45:00Z,2026-05-26T02:45:00+0200,117.33,EUR/MWh,DE,DE_LU,day_ahead_price,value,2026-06-21T20:22:25Z
2026-06-21T20:21:09Z,2026-06-21T22:21:09+0200,4c728934-15fc-48ae-9cbd-ac5715da9ca9,2026-05-26T01:00:00Z,2026-05-26T03:00:00+0200,122.82,EUR/MWh,DE,DE_LU,day_ahead_price,value,2026-06-21T20:22:25Z
2026-06-21T20:21:09Z,2026-06-21T22:21:09+0200,4c728934-15fc-48ae-9cbd-ac5715da9ca9,2026-05-26T01:15:00Z,2026-05-26T03:15:00+0200,121.05,EUR/MWh,DE,DE_LU,day_ahead_price,value,2026-06-21T20:22:25Z
2026-06-21T20:21:09Z,2026-06-21T22:21:09+0200,4c728934-15fc-48ae-9cbd-ac5715da9ca9,2026-05-26T01:30:00Z,2026-05-26T03:30:00+0200,120.99,EUR/MWh,DE,DE_LU,day_ahead_price,value,2026-06-21T20:22:25Z
2026-06-21T20:21:09Z,2026-06-21T22:21:09+0200,4c728934-15fc-48ae-9cbd-ac5715da9ca9,2026-05-26T01:45:00Z,2026-05-26T03:45:00+0200,119.86,EUR/MWh,DE,DE_LU,day_ahead_price,value,2026-06-21T20:22:25Z
2026-06-21T20:21:09Z,2026-06-21T22:21:09+0200,4c728934-15fc-48ae-9cbd-ac5715da9ca9,2026-05-26T02:00:00Z,2026-05-26T04:00:00+0200,117.53,EUR/MWh,DE,DE_LU,day_ahead_price,value,2026-06-21T20:22:25Z
2026-06-21T20:21:09Z,2026-06-21T22:21:09+0200,4c728934-15fc-48ae-9cbd-ac5715da9ca9,2026-05-26T02:15:00Z,2026-05-26T04:15:00+0200,117.84,EUR/MWh,DE,DE_LU,day_ahead_price,value,2026-06-21T20:22:25Z
2026-06-21T20:21:09Z,2026-06-21T22:21:09+0200,4c728934-15fc-48ae-9cbd-ac5715da9ca9,2026-05-26T02:30:00Z,2026-05-26T04:30:00+0200,120.04,EUR/MWh,DE,DE_LU,day_ahead_price,value,2026-06-21T20:22:25Z
2026-06-21T20:21:09Z,2026-06-21T22:21:09+0200,4c728934-15fc-48ae-9cbd-ac5715da9ca9,2026-05-26T02:45:00Z,2026-05-26T04:45:00+0200,122.71,EUR/MWh,DE,DE_LU,day_ahead_price,value,2026-06-21T20:22:25Z
2026-06-21T20:21:09Z,2026-06-21T22:21:09+0200,4c728934-15fc-48ae-9cbd-ac5715da9ca9,2026-05-26T03:00:00Z,2026-05-26T05:00:00+0200,122.11,EUR/MWh,DE,DE_LU,day_ahead_price,value,2026-06-21T20:22:25Z
2026-06-21T20:21:09Z,2026-06-21T22:21:09+0200,4c728934-15fc-48ae-9cbd-ac5715da9ca9,2026-05-26T03:15:00Z,2026-05-26T05:15:00+0200,124.83,EUR/MWh,DE,DE_LU,day_ahead_price,value,2026-06-21T20:22:25Z
2026-06-21T20:21:09Z,2026-06-21T22:21:09+0200,4c728934-15fc-48ae-9cbd-ac5715da9ca9,2026-05-26T03:30:00Z,2026-05-26T05:30:00+0200,131.01,EUR/MWh,DE,DE_LU,day_ahead_price,value,2026-06-21T20:22:25Z
2026-06-21T20:21:09Z,2026-06-21T22:21:09+0200,4c728934-15fc-48ae-9cbd-ac5715da9ca9,2026-05-26T03:45:00Z,2026-05-26T05:45:00+0200,137.69,EUR/MWh,DE,DE_LU,day_ahead_price,value,2026-06-21T20:22:25Z
2026-06-21T20:21:09Z,2026-06-21T22:21:09+0200,4c728934-15fc-48ae-9cbd-ac5715da9ca9,2026-05-26T04:00:00Z,2026-05-26T06:00:00+0200,138.73,EUR/MWh,DE,DE_LU,day_ahead_price,value,2026-06-21T20:22:25Z
2026-06-21T20:21:09Z,2026-06-21T22:21:09+0200,4c728934-15fc-48ae-9cbd-ac5715da9ca9,2026-05-26T04:15:00Z,2026-05-26T06:15:00+0200,146.91,EUR/MWh,DE,DE_LU,day_ahead_price,value,2026-06-21T20:22:25Z
2026-06-21T20:21:09Z,2026-06-21T22:21:09+0200,4c728934-15fc-48ae-9cbd-ac5715da9ca9,2026-05-26T04:30:00Z,2026-05-26T06:30:00+0200,143.59,EUR/MWh,DE,DE_LU,day_ahead_price,value,2026-06-21T20:22:25Z
2026-06-21T20:21:09Z,2026-06-21T22:21:09+0200,4c728934-15fc-48ae-9cbd-ac5715da9ca9,2026-05-26T04:45:00Z,2026-05-26T06:45:00+0200,143.19,EUR/MWh,DE,DE_LU,day_ahead_price,value,2026-06-21T20:22:25Z
2026-06-21T20:21:09Z,2026-06-21T22:21:09+0200,4c728934-15fc-48ae-9cbd-ac5715da9ca9,2026-05-26T05:00:00Z,2026-05-26T07:00:00+0200,161.79,EUR/MWh,DE,DE_LU,day_ahead_price,value,2026-06-21T20:22:25Z
2026-06-21T20:21:09Z,2026-06-21T22:21:09+0200,4c728934-15fc-48ae-9cbd-ac5715da9ca9,2026-05-26T05:15:00Z,2026-05-26T07:15:00+0200,145.25,EUR/MWh,DE,DE_LU,day_ahead_price,value,2026-06-21T20:22:25Z
2026-06-21T20:21:09Z,2026-06-21T22:21:09+0200,4c728934-15fc-48ae-9cbd-ac5715da9ca9,2026-05-26T05:30:00Z,2026-05-26T07:30:00+0200,139.8,EUR/MWh,DE,DE_LU,day_ahead_price,value,2026-06-21T20:22:25Z
2026-06-21T20:21:09Z,2026-06-21T22:21:09+0200,4c728934-15fc-48ae-9cbd-ac5715da9ca9,2026-05-26T05:45:00Z,2026-05-26T07:45:00+0200,119.32,EUR/MWh,DE,DE_LU,day_ahead_price,value,2026-06-21T20:22:25Z
2026-06-21T20:21:09Z,2026-06-21T22:21:09+0200,4c728934-15fc-48ae-9cbd-ac5715da9ca9,2026-05-26T06:00:00Z,2026-05-26T08:00:00+0200,159.3,EUR/MWh,DE,DE_LU,day_ahead_price,value,2026-06-21T20:22:25Z
2026-06-21T20:21:09Z,2026-06-21T22:21:09+0200,4c728934-15fc-48ae-9cbd-ac5715da9ca9,2026-05-26T06:15:00Z,2026-05-26T08:15:00+0200,130.33,EUR/MWh,DE,DE_LU,day_ahead_price,value,2026-06-21T20:22:25Z
2026-06-21T20:21:09Z,2026-06-21T22:21:09+0200,4c728934-15fc-48ae-9cbd-ac5715da9ca9,2026-05-26T06:30:00Z,2026-05-26T08:30:00+0200,108.86,EUR/MWh,DE,DE_LU,day_ahead_price,value,2026-06-21T20:22:25Z
2026-06-21T20:21:09Z,2026-06-21T22:21:09+0200,4c728934-15fc-48ae-9cbd-ac5715da9ca9,2026-05-26T06:45:00Z,2026-05-26T08:45:00+0200,89.69,EUR/MWh,DE,DE_LU,day_ahead_price,value,2026-06-21T20:22:25Z
2026-06-21T20:21:09Z,2026-06-21T22:21:09+0200,4c728934-15fc-48ae-9cbd-ac5715da9ca9,2026-05-26T07:00:00Z,2026-05-26T09:00:00+0200,137.05,EUR/MWh,DE,DE_LU,day_ahead_price,value,2026-06-21T20:22:25Z
2026-06-21T20:21:09Z,2026-06-21T22:21:09+0200,4c728934-15fc-48ae-9cbd-ac5715da9ca9,2026-05-26T07:15:00Z,2026-05-26T09:15:00+0200,92.61,EUR/MWh,DE,DE_LU,day_ahead_price,value,2026-06-21T20:22:25Z
2026-06-21T20:21:09Z,2026-06-21T22:21:09+0200,4c728934-15fc-48ae-9cbd-ac5715da9ca9,2026-05-26T07:30:00Z,2026-05-26T09:30:00+0200,70.01,EUR/MWh,DE,DE_LU,day_ahead_price,value,2026-06-21T20:22:25Z
2026-06-21T20:21:09Z,2026-06-21T22:21:09+0200,4c728934-15fc-48ae-9cbd-ac5715da9ca9,2026-05-26T07:45:00Z,2026-05-26T09:45:00+0200,15.53,EUR/MWh,DE,DE_LU,day_ahead_price,value,2026-06-21T20:22:25Z
2026-06-21T20:21:09Z,2026-06-21T22:21:09+0200,4c728934-15fc-48ae-9cbd-ac5715da9ca9,2026-05-26T08:00:00Z,2026-05-26T10:00:00+0200,22.24,EUR/MWh,DE,DE_LU,day_ahead_price,value,2026-06-21T20:22:25Z
2026-06-21T20:21:09Z,2026-06-21T22:21:09+0200,4c728934-15fc-48ae-9cbd-ac5715da9ca9,2026-05-26T08:15:00Z,2026-05-26T10:15:00+0200,3.8,EUR/MWh,DE,DE_LU,day_ahead_price,value,2026-06-21T20:22:25Z
2026-06-21T20:21:09Z,2026-06-21T22:21:09+0200,4c728934-15fc-48ae-9cbd-ac5715da9ca9,2026-05-26T08:30:00Z,2026-05-26T10:30:00+0200,0.06,EUR/MWh,DE,DE_LU,day_ahead_price,value,2026-06-21T20:22:25Z
2026-06-21T20:21:09Z,2026-06-21T22:21:09+0200,4c728934-15fc-48ae-9cbd-ac5715da9ca9,2026-05-26T08:45:00Z,2026-05-26T10:45:00+0200,-0.02,EUR/MWh,DE,DE_LU,day_ahead_price,value,2026-06-21T20:22:25Z
2026-06-21T20:21:09Z,2026-06-21T22:21:09+0200,4c728934-15fc-48ae-9cbd-ac5715da9ca9,2026-05-26T09:00:00Z,2026-05-26T11:00:00+0200,0.0,EUR/MWh,DE,DE_LU,day_ahead_price,value,2026-06-21T20:22:25Z
2026-06-21T20:21:09Z,2026-06-21T22:21:09+0200,4c728934-15fc-48ae-9cbd-ac5715da9ca9,2026-05-26T09:15:00Z,2026-05-26T11:15:00+0200,0.0,EUR/MWh,DE,DE_LU,day_ahead_price,value,2026-06-21T20:22:25Z
2026-06-21T20:21:09Z,2026-06-21T22:21:09+0200,4c728934-15fc-48ae-9cbd-ac5715da9ca9,2026-05-26T09:30:00Z,2026-05-26T11:30:00+0200,-0.01,EUR/MWh,DE,DE_LU,day_ahead_price,value,2026-06-21T20:22:25Z
2026-06-21T20:21:09Z,2026-06-21T22:21:09+0200,4c728934-15fc-48ae-9cbd-ac5715da9ca9,2026-05-26T09:45:00Z,2026-05-26T11:45:00+0200,-0.02,EUR/MWh,DE,DE_LU,day_ahead_price,value,2026-06-21T20:22:25Z
2026-06-21T20:21:09Z,2026-06-21T22:21:09+0200,4c728934-15fc-48ae-9cbd-ac5715da9ca9,2026-05-26T10:00:00Z,2026-05-26T12:00:00+0200,-0.58,EUR/MWh,DE,DE_LU,day_ahead_price,value,2026-06-21T20:22:25Z
2026-06-21T20:21:09Z,2026-06-21T22:21:09+0200,4c728934-15fc-48ae-9cbd-ac5715da9ca9,2026-05-26T10:15:00Z,2026-05-26T12:15:00+0200,-1.19,EUR/MWh,DE,DE_LU,day_ahead_price,value,2026-06-21T20:22:25Z
2026-06-21T20:21:09Z,2026-06-21T22:21:09+0200,4c728934-15fc-48ae-9cbd-ac5715da9ca9,2026-05-26T10:30:00Z,2026-05-26T12:30:00+0200,-2.07,EUR/MWh,DE,DE_LU,day_ahead_price,value,2026-06-21T20:22:25Z
2026-06-21T20:21:09Z,2026-06-21T22:21:09+0200,4c728934-15fc-48ae-9cbd-ac5715da9ca9,2026-05-26T10:45:00Z,2026-05-26T12:45:00+0200,-3.46,EUR/MWh,DE,DE_LU,day_ahead_price,value,2026-06-21T20:22:25Z
2026-06-21T20:21:09Z,2026-06-21T22:21:09+0200,4c728934-15fc-48ae-9cbd-ac5715da9ca9,2026-05-26T11:00:00Z,2026-05-26T13:00:00+0200,-2.01,EUR/MWh,DE,DE_LU,day_ahead_price,value,2026-06-21T20:22:25Z
2026-06-21T20:21:09Z,2026-06-21T22:21:09+0200,4c728934-15fc-48ae-9cbd-ac5715da9ca9,2026-05-26T11:15:00Z,2026-05-26T13:15:00+0200,-2.02,EUR/MWh,DE,DE_LU,day_ahead_price,value,2026-06-21T20:22:25Z
2026-06-21T20:21:09Z,2026-06-21T22:21:09+0200,4c728934-15fc-48ae-9cbd-ac5715da9ca9,2026-05-26T11:30:00Z,2026-05-26T13:30:00+0200,-2.97,EUR/MWh,DE,DE_LU,day_ahead_price,value,2026-06-21T20:22:25Z
2026-06-21T20:21:09Z,2026-06-21T22:21:09+0200,4c728934-15fc-48ae-9cbd-ac5715da9ca9,2026-05-26T11:45:00Z,2026-05-26T13:45:00+0200,-3.0,EUR/MWh,DE,DE_LU,day_ahead_price,value,2026-06-21T20:22:25Z
2026-06-21T20:21:09Z,2026-06-21T22:21:09+0200,4c728934-15fc-48ae-9cbd-ac5715da9ca9,2026-05-26T12:00:00Z,2026-05-26T14:00:00+0200,-1.26,EUR/MWh,DE,DE_LU,day_ahead_price,value,2026-06-21T20:22:25Z
2026-06-21T20:21:09Z,2026-06-21T22:21:09+0200,4c728934-15fc-48ae-9cbd-ac5715da9ca9,2026-05-26T12:15:00Z,2026-05-26T14:15:00+0200,-1.01,EUR/MWh,DE,DE_LU,day_ahead_price,value,2026-06-21T20:22:25Z
2026-06-21T20:21:09Z,2026-06-21T22:21:09+0200,4c728934-15fc-48ae-9cbd-ac5715da9ca9,2026-05-26T12:30:00Z,2026-05-26T14:30:00+0200,-0.94,EUR/MWh,DE,DE_LU,day_ahead_price,value,2026-06-21T20:22:25Z
2026-06-21T20:21:09Z,2026-06-21T22:21:09+0200,4c728934-15fc-48ae-9cbd-ac5715da9ca9,2026-05-26T12:45:00Z,2026-05-26T14:45:00+0200,-0.13,EUR/MWh,DE,DE_LU,day_ahead_price,value,2026-06-21T20:22:25Z
2026-06-21T20:21:09Z,2026-06-21T22:21:09+0200,4c728934-15fc-48ae-9cbd-ac5715da9ca9,2026-05-26T13:00:00Z,2026-05-26T15:00:00+0200,-0.04,EUR/MWh,DE,DE_LU,day_ahead_price,value,2026-06-21T20:22:25Z
2026-06-21T20:21:09Z,2026-06-21T22:21:09+0200,4c728934-15fc-48ae-9cbd-ac5715da9ca9,2026-05-26T13:15:00Z,2026-05-26T15:15:00+0200,-0.01,EUR/MWh,DE,DE_LU,day_ahead_price,value,2026-06-21T20:22:25Z
2026-06-21T20:21:09Z,2026-06-21T22:21:09+0200,4c728934-15fc-48ae-9cbd-ac5715da9ca9,2026-05-26T13:30:00Z,2026-05-26T15:30:00+0200,-0.01,EUR/MWh,DE,DE_LU,day_ahead_price,value,2026-06-21T20:22:25Z
2026-06-21T20:21:09Z,2026-06-21T22:21:09+0200,4c728934-15fc-48ae-9cbd-ac5715da9ca9,2026-05-26T13:45:00Z,2026-05-26T15:45:00+0200,0.0,EUR/MWh,DE,DE_LU,day_ahead_price,value,2026-06-21T20:22:25Z
2026-06-21T20:21:09Z,2026-06-21T22:21:09+0200,4c728934-15fc-48ae-9cbd-ac5715da9ca9,2026-05-26T14:00:00Z,2026-05-26T16:00:00+0200,-0.01,EUR/MWh,DE,DE_LU,day_ahead_price,value,2026-06-21T20:22:25Z
2026-06-21T20:21:09Z,2026-06-21T22:21:09+0200,4c728934-15fc-48ae-9cbd-ac5715da9ca9,2026-05-26T14:15:00Z,2026-05-26T16:15:00+0200,0.96,EUR/MWh,DE,DE_LU,day_ahead_price,value,2026-06-21T20:22:25Z
2026-06-21T20:21:09Z,2026-06-21T22:21:09+0200,4c728934-15fc-48ae-9cbd-ac5715da9ca9,2026-05-26T14:30:00Z,2026-05-26T16:30:00+0200,5.79,EUR/MWh,DE,DE_LU,day_ahead_price,value,2026-06-21T20:22:25Z
2026-06-21T20:21:09Z,2026-06-21T22:21:09+0200,4c728934-15fc-48ae-9cbd-ac5715da9ca9,2026-05-26T14:45:00Z,2026-05-26T16:45:00+0200,45.72,EUR/MWh,DE,DE_LU,day_ahead_price,value,2026-06-21T20:22:25Z
2026-06-21T20:21:09Z,2026-06-21T22:21:09+0200,4c728934-15fc-48ae-9cbd-ac5715da9ca9,2026-05-26T15:00:00Z,2026-05-26T17:00:00+0200,9.1,EUR/MWh,DE,DE_LU,day_ahead_price,value,2026-06-21T20:22:25Z
2026-06-21T20:21:09Z,2026-06-21T22:21:09+0200,4c728934-15fc-48ae-9cbd-ac5715da9ca9,2026-05-26T15:15:00Z,2026-05-26T17:15:00+0200,83.86,EUR/MWh,DE,DE_LU,day_ahead_price,value,2026-06-21T20:22:25Z
2026-06-21T20:21:09Z,2026-06-21T22:21:09+0200,4c728934-15fc-48ae-9cbd-ac5715da9ca9,2026-05-26T15:30:00Z,2026-05-26T17:30:00+0200,126.47,EUR/MWh,DE,DE_LU,day_ahead_price,value,2026-06-21T20:22:25Z
2026-06-21T20:21:09Z,2026-06-21T22:21:09+0200,4c728934-15fc-48ae-9cbd-ac5715da9ca9,2026-05-26T15:45:00Z,2026-05-26T17:45:00+0200,139.31,EUR/MWh,DE,DE_LU,day_ahead_price,value,2026-06-21T20:22:25Z
2026-06-21T20:21:09Z,2026-06-21T22:21:09+0200,4c728934-15fc-48ae-9cbd-ac5715da9ca9,2026-05-26T16:00:00Z,2026-05-26T18:00:00+0200,92.62,EUR/MWh,DE,DE_LU,day_ahead_price,value,2026-06-21T20:22:25Z
2026-06-21T20:21:09Z,2026-06-21T22:21:09+0200,4c728934-15fc-48ae-9cbd-ac5715da9ca9,2026-05-26T16:15:00Z,2026-05-26T18:15:00+0200,122.96,EUR/MWh,DE,DE_LU,day_ahead_price,value,2026-06-21T20:22:25Z
2026-06-21T20:21:09Z,2026-06-21T22:21:09+0200,4c728934-15fc-48ae-9cbd-ac5715da9ca9,2026-05-26T16:30:00Z,2026-05-26T18:30:00+0200,146.0,EUR/MWh,DE,DE_LU,day_ahead_price,value,2026-06-21T20:22:25Z
2026-06-21T20:21:09Z,2026-06-21T22:21:09+0200,4c728934-15fc-48ae-9cbd-ac5715da9ca9,2026-05-26T16:45:00Z,2026-05-26T18:45:00+0200,177.57,EUR/MWh,DE,DE_LU,day_ahead_price,value,2026-06-21T20:22:25Z
2026-06-21T20:21:09Z,2026-06-21T22:21:09+0200,4c728934-15fc-48ae-9cbd-ac5715da9ca9,2026-05-26T17:00:00Z,2026-05-26T19:00:00+0200,127.97,EUR/MWh,DE,DE_LU,day_ahead_price,value,2026-06-21T20:22:25Z
2026-06-21T20:21:09Z,2026-06-21T22:21:09+0200,4c728934-15fc-48ae-9cbd-ac5715da9ca9,2026-05-26T17:15:00Z,2026-05-26T19:15:00+0200,152.99,EUR/MWh,DE,DE_LU,day_ahead_price,value,2026-06-21T20:22:25Z
2026-06-21T20:21:09Z,2026-06-21T22:21:09+0200,4c728934-15fc-48ae-9cbd-ac5715da9ca9,2026-05-26T17:30:00Z,2026-05-26T19:30:00+0200,187.28,EUR/MWh,DE,DE_LU,day_ahead_price,value,2026-06-21T20:22:25Z
2026-06-21T20:21:09Z,2026-06-21T22:21:09+0200,4c728934-15fc-48ae-9cbd-ac5715da9ca9,2026-05-26T17:45:00Z,2026-05-26T19:45:00+0200,272.17,EUR/MWh,DE,DE_LU,day_ahead_price,value,2026-06-21T20:22:25Z
2026-06-21T20:21:09Z,2026-06-21T22:21:09+0200,4c728934-15fc-48ae-9cbd-ac5715da9ca9,2026-05-26T18:00:00Z,2026-05-26T20:00:00+0200,199.18,EUR/MWh,DE,DE_LU,day_ahead_price,value,2026-06-21T20:22:25Z
2026-06-21T20:21:09Z,2026-06-21T22:21:09+0200,4c728934-15fc-48ae-9cbd-ac5715da9ca9,2026-05-26T18:15:00Z,2026-05-26T20:15:00+0200,226.87,EUR/MWh,DE,DE_LU,day_ahead_price,value,2026-06-21T20:22:25Z
2026-06-21T20:21:09Z,2026-06-21T22:21:09+0200,4c728934-15fc-48ae-9cbd-ac5715da9ca9,2026-05-26T18:30:00Z,2026-05-26T20:30:00+0200,230.09,EUR/MWh,DE,DE_LU,day_ahead_price,value,2026-06-21T20:22:25Z
2026-06-21T20:21:09Z,2026-06-21T22:21:09+0200,4c728934-15fc-48ae-9cbd-ac5715da9ca9,2026-05-26T18:45:00Z,2026-05-26T20:45:00+0200,215.65,EUR/MWh,DE,DE_LU,day_ahead_price,value,2026-06-21T20:22:25Z
2026-06-21T20:21:09Z,2026-06-21T22:21:09+0200,4c728934-15fc-48ae-9cbd-ac5715da9ca9,2026-05-26T19:00:00Z,2026-05-26T21:00:00+0200,223.62,EUR/MWh,DE,DE_LU,day_ahead_price,value,2026-06-21T20:22:25Z
2026-06-21T20:21:09Z,2026-06-21T22:21:09+0200,4c728934-15fc-48ae-9cbd-ac5715da9ca9,2026-05-26T19:15:00Z,2026-05-26T21:15:00+0200,189.04,EUR/MWh,DE,DE_LU,day_ahead_price,value,2026-06-21T20:22:25Z
2026-06-21T20:21:09Z,2026-06-21T22:21:09+0200,4c728934-15fc-48ae-9cbd-ac5715da9ca9,2026-05-26T19:30:00Z,2026-05-26T21:30:00+0200,173.64,EUR/MWh,DE,DE_LU,day_ahead_price,value,2026-06-21T20:22:25Z
2026-06-21T20:21:09Z,2026-06-21T22:21:09+0200,4c728934-15fc-48ae-9cbd-ac5715da9ca9,2026-05-26T19:45:00Z,2026-05-26T21:45:00+0200,152.84,EUR/MWh,DE,DE_LU,day_ahead_price,value,2026-06-21T20:22:25Z
2026-06-21T20:21:09Z,2026-06-21T22:21:09+0200,4c728934-15fc-48ae-9cbd-ac5715da9ca9,2026-05-26T20:00:00Z,2026-05-26T22:00:00+0200,181.15,EUR/MWh,DE,DE_LU,day_ahead_price,value,2026-06-21T20:22:25Z
2026-06-21T20:21:09Z,2026-06-21T22:21:09+0200,4c728934-15fc-48ae-9cbd-ac5715da9ca9,2026-05-26T20:15:00Z,2026-05-26T22:15:00+0200,154.19,EUR/MWh,DE,DE_LU,day_ahead_price,value,2026-06-21T20:22:25Z
2026-06-21T20:21:09Z,2026-06-21T22:21:09+0200,4c728934-15fc-48ae-9cbd-ac5715da9ca9,2026-05-26T20:30:00Z,2026-05-26T22:30:00+0200,147.6,EUR/MWh,DE,DE_LU,day_ahead_price,value,2026-06-21T20:22:25Z
2026-06-21T20:21:09Z,2026-06-21T22:21:09+0200,4c728934-15fc-48ae-9cbd-ac5715da9ca9,2026-05-26T20:45:00Z,2026-05-26T22:45:00+0200,132.16,EUR/MWh,DE,DE_LU,day_ahead_price,value,2026-06-21T20:22:25Z
2026-06-21T20:21:09Z,2026-06-21T22:21:09+0200,4c728934-15fc-48ae-9cbd-ac5715da9ca9,2026-05-26T21:00:00Z,2026-05-26T23:00:00+0200,141.88,EUR/MWh,DE,DE_LU,day_ahead_price,value,2026-06-21T20:22:25Z
2026-06-21T20:21:09Z,2026-06-21T22:21:09+0200,4c728934-15fc-48ae-9cbd-ac5715da9ca9,2026-05-26T21:15:00Z,2026-05-26T23:15:00+0200,137.06,EUR/MWh,DE,DE_LU,day_ahead_price,value,2026-06-21T20:22:25Z
2026-06-21T20:21:09Z,2026-06-21T22:21:09+0200,4c728934-15fc-48ae-9cbd-ac5715da9ca9,2026-05-26T21:30:00Z,2026-05-26T23:30:00+0200,128.48,EUR/MWh,DE,DE_LU,day_ahead_price,value,2026-06-21T20:22:25Z
2026-06-21T20:21:09Z,2026-06-21T22:21:09+0200,4c728934-15fc-48ae-9cbd-ac5715da9ca9,2026-05-26T21:45:00Z,2026-05-26T23:45:00+0200,114.71,EUR/MWh,DE,DE_LU,day_ahead_price,value,2026-06-21T20:22:25Z
2026-06-21T20:21:09Z,2026-06-21T22:21:09+0200,4c728934-15fc-48ae-9cbd-ac5715da9ca9,2026-05-26T22:00:00Z,2026-05-27T00:00:00+0200,140.12,EUR/MWh,DE,DE_LU,day_ahead_price,value,2026-06-21T20:22:25Z
2026-06-21T20:21:09Z,2026-06-21T22:21:09+0200,4c728934-15fc-48ae-9cbd-ac5715da9ca9,2026-05-26T22:15:00Z,2026-05-27T00:15:00+0200,135.31,EUR/MWh,DE,DE_LU,day_ahead_price,value,2026-06-21T20:22:25Z
2026-06-21T20:21:09Z,2026-06-21T22:21:09+0200,4c728934-15fc-48ae-9cbd-ac5715da9ca9,2026-05-26T22:30:00Z,2026-05-27T00:30:00+0200,133.53,EUR/MWh,DE,DE_LU,day_ahead_price,value,2026-06-21T20:22:25Z
2026-06-21T20:21:09Z,2026-06-21T22:21:09+0200,4c728934-15fc-48ae-9cbd-ac5715da9ca9,2026-05-26T22:45:00Z,2026-05-27T00:45:00+0200,130.19,EUR/MWh,DE,DE_LU,day_ahead_price,value,2026-06-21T20:22:25Z
2026-06-21T20:21:09Z,2026-06-21T22:21:09+0200,4c728934-15fc-48ae-9cbd-ac5715da9ca9,2026-05-26T23:00:00Z,2026-05-27T01:00:00+0200,133.49,EUR/MWh,DE,DE_LU,day_ahead_price,value,2026-06-21T20:22:25Z
2026-06-21T20:21:09Z,2026-06-21T22:21:09+0200,4c728934-15fc-48ae-9cbd-ac5715da9ca9,2026-05-26T23:15:00Z,2026-05-27T01:15:00+0200,128.1,EUR/MWh,DE,DE_LU,day_ahead_price,value,2026-06-21T20:22:25Z
2026-06-21T20:21:09Z,2026-06-21T22:21:09+0200,4c728934-15fc-48ae-9cbd-ac5715da9ca9,2026-05-26T23:30:00Z,2026-05-27T01:30:00+0200,126.88,EUR/MWh,DE,DE_LU,day_ahead_price,value,2026-06-21T20:22:25Z
2026-06-21T20:21:09Z,2026-06-21T22:21:09+0200,4c728934-15fc-48ae-9cbd-ac5715da9ca9,2026-05-26T23:45:00Z,2026-05-27T01:45:00+0200,121.6,EUR/MWh,DE,DE_LU,day_ahead_price,value,2026-06-21T20:22:25Z
2026-06-21T20:21:09Z,2026-06-21T22:21:09+0200,4c728934-15fc-48ae-9cbd-ac5715da9ca9,2026-05-27T00:00:00Z,2026-05-27T02:00:00+0200,122.66,EUR/MWh,DE,DE_LU,day_ahead_price,value,2026-06-21T20:22:25Z
2026-06-21T20:21:09Z,2026-06-21T22:21:09+0200,4c728934-15fc-48ae-9cbd-ac5715da9ca9,2026-05-27T00:15:00Z,2026-05-27T02:15:00+0200,121.04,EUR/MWh,DE,DE_LU,day_ahead_price,value,2026-06-21T20:22:25Z
2026-06-21T20:21:09Z,2026-06-21T22:21:09+0200,4c728934-15fc-48ae-9cbd-ac5715da9ca9,2026-05-27T00:30:00Z,2026-05-27T02:30:00+0200,120.07,EUR/MWh,DE,DE_LU,day_ahead_price,value,2026-06-21T20:22:25Z
2026-06-21T20:21:09Z,2026-06-21T22:21:09+0200,4c728934-15fc-48ae-9cbd-ac5715da9ca9,2026-05-27T00:45:00Z,2026-05-27T02:45:00+0200,118.4,EUR/MWh,DE,DE_LU,day_ahead_price,value,2026-06-21T20:22:25Z
2026-06-21T20:21:09Z,2026-06-21T22:21:09+0200,4c728934-15fc-48ae-9cbd-ac5715da9ca9,2026-05-27T01:00:00Z,2026-05-27T03:00:00+0200,119.29,EUR/MWh,DE,DE_LU,day_ahead_price,value,2026-06-21T20:22:25Z
2026-06-21T20:21:09Z,2026-06-21T22:21:09+0200,4c728934-15fc-48ae-9cbd-ac5715da9ca9,2026-05-27T01:15:00Z,2026-05-27T03:15:00+0200,118.85,EUR/MWh,DE,DE_LU,day_ahead_price,value,2026-06-21T20:22:25Z
2026-06-21T20:21:09Z,2026-06-21T22:21:09+0200,4c728934-15fc-48ae-9cbd-ac5715da9ca9,2026-05-27T01:30:00Z,2026-05-27T03:30:00+0200,118.88,EUR/MWh,DE,DE_LU,day_ahead_price,value,2026-06-21T20:22:25Z
2026-06-21T20:21:09Z,2026-06-21T22:21:09+0200,4c728934-15fc-48ae-9cbd-ac5715da9ca9,2026-05-27T01:45:00Z,2026-05-27T03:45:00+0200,118.46,EUR/MWh,DE,DE_LU,day_ahead_price,value,2026-06-21T20:22:25Z
2026-06-21T20:21:09Z,2026-06-21T22:21:09+0200,4c728934-15fc-48ae-9cbd-ac5715da9ca9,2026-05-27T02:00:00Z,2026-05-27T04:00:00+0200,116.35,EUR/MWh,DE,DE_LU,day_ahead_price,value,2026-06-21T20:22:25Z
2026-06-21T20:21:09Z,2026-06-21T22:21:09+0200,4c728934-15fc-48ae-9cbd-ac5715da9ca9,2026-05-27T02:15:00Z,2026-05-27T04:15:00+0200,118.94,EUR/MWh,DE,DE_LU,day_ahead_price,value,2026-06-21T20:22:25Z
2026-06-21T20:21:09Z,2026-06-21T22:21:09+0200,4c728934-15fc-48ae-9cbd-ac5715da9ca9,2026-05-27T02:30:00Z,2026-05-27T04:30:00+0200,119.54,EUR/MWh,DE,DE_LU,day_ahead_price,value,2026-06-21T20:22:25Z
2026-06-21T20:21:09Z,2026-06-21T22:21:09+0200,4c728934-15fc-48ae-9cbd-ac5715da9ca9,2026-05-27T02:45:00Z,2026-05-27T04:45:00+0200,121.36,EUR/MWh,DE,DE_LU,day_ahead_price,value,2026-06-21T20:22:25Z
2026-06-21T20:21:09Z,2026-06-21T22:21:09+0200,4c728934-15fc-48ae-9cbd-ac5715da9ca9,2026-05-27T03:00:00Z,2026-05-27T05:00:00+0200,115.67,EUR/MWh,DE,DE_LU,day_ahead_price,value,2026-06-21T20:22:25Z
2026-06-21T20:21:09Z,2026-06-21T22:21:09+0200,4c728934-15fc-48ae-9cbd-ac5715da9ca9,2026-05-27T03:15:00Z,2026-05-27T05:15:00+0200,117.02,EUR/MWh,DE,DE_LU,day_ahead_price,value,2026-06-21T20:22:25Z
2026-06-21T20:21:09Z,2026-06-21T22:21:09+0200,4c728934-15fc-48ae-9cbd-ac5715da9ca9,2026-05-27T03:30:00Z,2026-05-27T05:30:00+0200,123.3,EUR/MWh,DE,DE_LU,day_ahead_price,value,2026-06-21T20:22:25Z
2026-06-21T20:21:09Z,2026-06-21T22:21:09+0200,4c728934-15fc-48ae-9cbd-ac5715da9ca9,2026-05-27T03:45:00Z,2026-05-27T05:45:00+0200,128.95,EUR/MWh,DE,DE_LU,day_ahead_price,value,2026-06-21T20:22:25Z
2026-06-21T20:21:09Z,2026-06-21T22:21:09+0200,4c728934-15fc-48ae-9cbd-ac5715da9ca9,2026-05-27T04:00:00Z,2026-05-27T06:00:00+0200,129.59,EUR/MWh,DE,DE_LU,day_ahead_price,value,2026-06-21T20:22:25Z
2026-06-21T20:21:09Z,2026-06-21T22:21:09+0200,4c728934-15fc-48ae-9cbd-ac5715da9ca9,2026-05-27T04:15:00Z,2026-05-27T06:15:00+0200,138.1,EUR/MWh,DE,DE_LU,day_ahead_price,value,2026-06-21T20:22:25Z
2026-06-21T20:21:09Z,2026-06-21T22:21:09+0200,4c728934-15fc-48ae-9cbd-ac5715da9ca9,2026-05-27T04:30:00Z,2026-05-27T06:30:00+0200,137.54,EUR/MWh,DE,DE_LU,day_ahead_price,value,2026-06-21T20:22:25Z
2026-06-21T20:21:09Z,2026-06-21T22:21:09+0200,4c728934-15fc-48ae-9cbd-ac5715da9ca9,2026-05-27T04:45:00Z,2026-05-27T06:45:00+0200,131.57,EUR/MWh,DE,DE_LU,day_ahead_price,value,2026-06-21T20:22:25Z
2026-06-21T20:21:09Z,2026-06-21T22:21:09+0200,4c728934-15fc-48ae-9cbd-ac5715da9ca9,2026-05-27T05:00:00Z,2026-05-27T07:00:00+0200,147.7,EUR/MWh,DE,DE_LU,day_ahead_price,value,2026-06-21T20:22:25Z
2026-06-21T20:21:09Z,2026-06-21T22:21:09+0200,4c728934-15fc-48ae-9cbd-ac5715da9ca9,2026-05-27T05:15:00Z,2026-05-27T07:15:00+0200,138.96,EUR/MWh,DE,DE_LU,day_ahead_price,value,2026-06-21T20:22:25Z
2026-06-21T20:21:09Z,2026-06-21T22:21:09+0200,4c728934-15fc-48ae-9cbd-ac5715da9ca9,2026-05-27T05:30:00Z,2026-05-27T07:30:00+0200,126.03,EUR/MWh,DE,DE_LU,day_ahead_price,value,2026-06-21T20:22:25Z
2026-06-21T20:21:09Z,2026-06-21T22:21:09+0200,4c728934-15fc-48ae-9cbd-ac5715da9ca9,2026-05-27T05:45:00Z,2026-05-27T07:45:00+0200,111.71,EUR/MWh,DE,DE_LU,day_ahead_price,value,2026-06-21T20:22:25Z
2026-06-21T20:21:09Z,2026-06-21T22:21:09+0200,4c728934-15fc-48ae-9cbd-ac5715da9ca9,2026-05-27T06:00:00Z,2026-05-27T08:00:00+0200,142.81,EUR/MWh,DE,DE_LU,day_ahead_price,value,2026-06-21T20:22:25Z
2026-06-21T20:21:09Z,2026-06-21T22:21:09+0200,4c728934-15fc-48ae-9cbd-ac5715da9ca9,2026-05-27T06:15:00Z,2026-05-27T08:15:00+0200,114.69,EUR/MWh,DE,DE_LU,day_ahead_price,value,2026-06-21T20:22:25Z
2026-06-21T20:21:09Z,2026-06-21T22:21:09+0200,4c728934-15fc-48ae-9cbd-ac5715da9ca9,2026-05-27T06:30:00Z,2026-05-27T08:30:00+0200,98.32,EUR/MWh,DE,DE_LU,day_ahead_price,value,2026-06-21T20:22:25Z
2026-06-21T20:21:09Z,2026-06-21T22:21:09+0200,4c728934-15fc-48ae-9cbd-ac5715da9ca9,2026-05-27T06:45:00Z,2026-05-27T08:45:00+0200,69.99,EUR/MWh,DE,DE_LU,day_ahead_price,value,2026-06-21T20:22:25Z
2026-06-21T20:21:09Z,2026-06-21T22:21:09+0200,4c728934-15fc-48ae-9cbd-ac5715da9ca9,2026-05-27T07:00:00Z,2026-05-27T09:00:00+0200,104.0,EUR/MWh,DE,DE_LU,day_ahead_price,value,2026-06-21T20:22:25Z
2026-06-21T20:21:09Z,2026-06-21T22:21:09+0200,4c728934-15fc-48ae-9cbd-ac5715da9ca9,2026-05-27T07:15:00Z,2026-05-27T09:15:00+0200,67.98,EUR/MWh,DE,DE_LU,day_ahead_price,value,2026-06-21T20:22:25Z
2026-06-21T20:21:09Z,2026-06-21T22:21:09+0200,4c728934-15fc-48ae-9cbd-ac5715da9ca9,2026-05-27T07:30:00Z,2026-05-27T09:30:00+0200,17.27,EUR/MWh,DE,DE_LU,day_ahead_price,value,2026-06-21T20:22:25Z
2026-06-21T20:21:09Z,2026-06-21T22:21:09+0200,4c728934-15fc-48ae-9cbd-ac5715da9ca9,2026-05-27T07:45:00Z,2026-05-27T09:45:00+0200,3.69,EUR/MWh,DE,DE_LU,day_ahead_price,value,2026-06-21T20:22:25Z
2026-06-21T20:21:09Z,2026-06-21T22:21:09+0200,4c728934-15fc-48ae-9cbd-ac5715da9ca9,2026-05-27T08:00:00Z,2026-05-27T10:00:00+0200,11.0,EUR/MWh,DE,DE_LU,day_ahead_price,value,2026-06-21T20:22:25Z
2026-06-21T20:21:09Z,2026-06-21T22:21:09+0200,4c728934-15fc-48ae-9cbd-ac5715da9ca9,2026-05-27T08:15:00Z,2026-05-27T10:15:00+0200,2.65,EUR/MWh,DE,DE_LU,day_ahead_price,value,2026-06-21T20:22:25Z
2026-06-21T20:21:09Z,2026-06-21T22:21:09+0200,4c728934-15fc-48ae-9cbd-ac5715da9ca9,2026-05-27T08:30:00Z,2026-05-27T10:30:00+0200,0.07,EUR/MWh,DE,DE_LU,day_ahead_price,value,2026-06-21T20:22:25Z
2026-06-21T20:21:09Z,2026-06-21T22:21:09+0200,4c728934-15fc-48ae-9cbd-ac5715da9ca9,2026-05-27T08:45:00Z,2026-05-27T10:45:00+0200,-0.02,EUR/MWh,DE,DE_LU,day_ahead_price,value,2026-06-21T20:22:25Z
2026-06-21T20:21:09Z,2026-06-21T22:21:09+0200,4c728934-15fc-48ae-9cbd-ac5715da9ca9,2026-05-27T09:00:00Z,2026-05-27T11:00:00+0200,0.0,EUR/MWh,DE,DE_LU,day_ahead_price,value,2026-06-21T20:22:25Z
2026-06-21T20:21:09Z,2026-06-21T22:21:09+0200,4c728934-15fc-48ae-9cbd-ac5715da9ca9,2026-05-27T09:15:00Z,2026-05-27T11:15:00+0200,-0.03,EUR/MWh,DE,DE_LU,day_ahead_price,value,2026-06-21T20:22:25Z
2026-06-21T20:21:09Z,2026-06-21T22:21:09+0200,4c728934-15fc-48ae-9cbd-ac5715da9ca9,2026-05-27T09:30:00Z,2026-05-27T11:30:00+0200,-0.28,EUR/MWh,DE,DE_LU,day_ahead_price,value,2026-06-21T20:22:25Z
2026-06-21T20:21:09Z,2026-06-21T22:21:09+0200,4c728934-15fc-48ae-9cbd-ac5715da9ca9,2026-05-27T09:45:00Z,2026-05-27T11:45:00+0200,-0.77,EUR/MWh,DE,DE_LU,day_ahead_price,value,2026-06-21T20:22:25Z
2026-06-21T20:21:09Z,2026-06-21T22:21:09+0200,4c728934-15fc-48ae-9cbd-ac5715da9ca9,2026-05-27T10:00:00Z,2026-05-27T12:00:00+0200,-0.78,EUR/MWh,DE,DE_LU,day_ahead_price,value,2026-06-21T20:22:25Z
2026-06-21T20:21:09Z,2026-06-21T22:21:09+0200,4c728934-15fc-48ae-9cbd-ac5715da9ca9,2026-05-27T10:15:00Z,2026-05-27T12:15:00+0200,-1.0,EUR/MWh,DE,DE_LU,day_ahead_price,value,2026-06-21T20:22:25Z
2026-06-21T20:21:09Z,2026-06-21T22:21:09+0200,4c728934-15fc-48ae-9cbd-ac5715da9ca9,2026-05-27T10:30:00Z,2026-05-27T12:30:00+0200,-1.21,EUR/MWh,DE,DE_LU,day_ahead_price,value,2026-06-21T20:22:25Z
2026-06-21T20:21:09Z,2026-06-21T22:21:09+0200,4c728934-15fc-48ae-9cbd-ac5715da9ca9,2026-05-27T10:45:00Z,2026-05-27T12:45:00+0200,-1.21,EUR/MWh,DE,DE_LU,day_ahead_price,value,2026-06-21T20:22:25Z
2026-06-21T20:21:09Z,2026-06-21T22:21:09+0200,4c728934-15fc-48ae-9cbd-ac5715da9ca9,2026-05-27T11:00:00Z,2026-05-27T13:00:00+0200,-1.17,EUR/MWh,DE,DE_LU,day_ahead_price,value,2026-06-21T20:22:25Z
2026-06-21T20:21:09Z,2026-06-21T22:21:09+0200,4c728934-15fc-48ae-9cbd-ac5715da9ca9,2026-05-27T11:15:00Z,2026-05-27T13:15:00+0200,-1.37,EUR/MWh,DE,DE_LU,day_ahead_price,value,2026-06-21T20:22:25Z
2026-06-21T20:21:09Z,2026-06-21T22:21:09+0200,4c728934-15fc-48ae-9cbd-ac5715da9ca9,2026-05-27T11:30:00Z,2026-05-27T13:30:00+0200,-2.0,EUR/MWh,DE,DE_LU,day_ahead_price,value,2026-06-21T20:22:25Z
2026-06-21T20:21:09Z,2026-06-21T22:21:09+0200,4c728934-15fc-48ae-9cbd-ac5715da9ca9,2026-05-27T11:45:00Z,2026-05-27T13:45:00+0200,-2.0,EUR/MWh,DE,DE_LU,day_ahead_price,value,2026-06-21T20:22:25Z
2026-06-21T20:21:09Z,2026-06-21T22:21:09+0200,4c728934-15fc-48ae-9cbd-ac5715da9ca9,2026-05-27T12:00:00Z,2026-05-27T14:00:00+0200,-1.91,EUR/MWh,DE,DE_LU,day_ahead_price,value,2026-06-21T20:22:25Z
2026-06-21T20:21:09Z,2026-06-21T22:21:09+0200,4c728934-15fc-48ae-9cbd-ac5715da9ca9,2026-05-27T12:15:00Z,2026-05-27T14:15:00+0200,-1.28,EUR/MWh,DE,DE_LU,day_ahead_price,value,2026-06-21T20:22:25Z
2026-06-21T20:21:09Z,2026-06-21T22:21:09+0200,4c728934-15fc-48ae-9cbd-ac5715da9ca9,2026-05-27T12:30:00Z,2026-05-27T14:30:00+0200,-1.62,EUR/MWh,DE,DE_LU,day_ahead_price,value,2026-06-21T20:22:25Z
2026-06-21T20:21:09Z,2026-06-21T22:21:09+0200,4c728934-15fc-48ae-9cbd-ac5715da9ca9,2026-05-27T12:45:00Z,2026-05-27T14:45:00+0200,-1.77,EUR/MWh,DE,DE_LU,day_ahead_price,value,2026-06-21T20:22:25Z
2026-06-21T20:21:09Z,2026-06-21T22:21:09+0200,4c728934-15fc-48ae-9cbd-ac5715da9ca9,2026-05-27T13:00:00Z,2026-05-27T15:00:00+0200,-1.8,EUR/MWh,DE,DE_LU,day_ahead_price,value,2026-06-21T20:22:25Z
2026-06-21T20:21:09Z,2026-06-21T22:21:09+0200,4c728934-15fc-48ae-9cbd-ac5715da9ca9,2026-05-27T13:15:00Z,2026-05-27T15:15:00+0200,-2.02,EUR/MWh,DE,DE_LU,day_ahead_price,value,2026-06-21T20:22:25Z
2026-06-21T20:21:09Z,2026-06-21T22:21:09+0200,4c728934-15fc-48ae-9cbd-ac5715da9ca9,2026-05-27T13:30:00Z,2026-05-27T15:30:00+0200,-1.9,EUR/MWh,DE,DE_LU,day_ahead_price,value,2026-06-21T20:22:25Z
2026-06-21T20:21:09Z,2026-06-21T22:21:09+0200,4c728934-15fc-48ae-9cbd-ac5715da9ca9,2026-05-27T13:45:00Z,2026-05-27T15:45:00+0200,-1.09,EUR/MWh,DE,DE_LU,day_ahead_price,value,2026-06-21T20:22:25Z
2026-06-21T20:21:09Z,2026-06-21T22:21:09+0200,4c728934-15fc-48ae-9cbd-ac5715da9ca9,2026-05-27T14:00:00Z,2026-05-27T16:00:00+0200,-1.88,EUR/MWh,DE,DE_LU,day_ahead_price,value,2026-06-21T20:22:25Z
2026-06-21T20:21:09Z,2026-06-21T22:21:09+0200,4c728934-15fc-48ae-9cbd-ac5715da9ca9,2026-05-27T14:15:00Z,2026-05-27T16:15:00+0200,-0.09,EUR/MWh,DE,DE_LU,day_ahead_price,value,2026-06-21T20:22:25Z
2026-06-21T20:21:09Z,2026-06-21T22:21:09+0200,4c728934-15fc-48ae-9cbd-ac5715da9ca9,2026-05-27T14:30:00Z,2026-05-27T16:30:00+0200,-0.01,EUR/MWh,DE,DE_LU,day_ahead_price,value,2026-06-21T20:22:25Z
2026-06-21T20:21:09Z,2026-06-21T22:21:09+0200,4c728934-15fc-48ae-9cbd-ac5715da9ca9,2026-05-27T14:45:00Z,2026-05-27T16:45:00+0200,0.29,EUR/MWh,DE,DE_LU,day_ahead_price,value,2026-06-21T20:22:25Z
2026-06-21T20:21:09Z,2026-06-21T22:21:09+0200,4c728934-15fc-48ae-9cbd-ac5715da9ca9,2026-05-27T15:00:00Z,2026-05-27T17:00:00+0200,2.0,EUR/MWh,DE,DE_LU,day_ahead_price,value,2026-06-21T20:22:25Z
2026-06-21T20:21:09Z,2026-06-21T22:21:09+0200,4c728934-15fc-48ae-9cbd-ac5715da9ca9,2026-05-27T15:15:00Z,2026-05-27T17:15:00+0200,5.0,EUR/MWh,DE,DE_LU,day_ahead_price,value,2026-06-21T20:22:25Z
2026-06-21T20:21:09Z,2026-06-21T22:21:09+0200,4c728934-15fc-48ae-9cbd-ac5715da9ca9,2026-05-27T15:30:00Z,2026-05-27T17:30:00+0200,39.17,EUR/MWh,DE,DE_LU,day_ahead_price,value,2026-06-21T20:22:25Z
2026-06-21T20:21:09Z,2026-06-21T22:21:09+0200,4c728934-15fc-48ae-9cbd-ac5715da9ca9,2026-05-27T15:45:00Z,2026-05-27T17:45:00+0200,82.66,EUR/MWh,DE,DE_LU,day_ahead_price,value,2026-06-21T20:22:25Z
2026-06-21T20:21:09Z,2026-06-21T22:21:09+0200,4c728934-15fc-48ae-9cbd-ac5715da9ca9,2026-05-27T16:00:00Z,2026-05-27T18:00:00+0200,38.62,EUR/MWh,DE,DE_LU,day_ahead_price,value,2026-06-21T20:22:25Z
2026-06-21T20:21:09Z,2026-06-21T22:21:09+0200,4c728934-15fc-48ae-9cbd-ac5715da9ca9,2026-05-27T16:15:00Z,2026-05-27T18:15:00+0200,88.05,EUR/MWh,DE,DE_LU,day_ahead_price,value,2026-06-21T20:22:25Z
2026-06-21T20:21:09Z,2026-06-21T22:21:09+0200,4c728934-15fc-48ae-9cbd-ac5715da9ca9,2026-05-27T16:30:00Z,2026-05-27T18:30:00+0200,121.37,EUR/MWh,DE,DE_LU,day_ahead_price,value,2026-06-21T20:22:25Z
2026-06-21T20:21:09Z,2026-06-21T22:21:09+0200,4c728934-15fc-48ae-9cbd-ac5715da9ca9,2026-05-27T16:45:00Z,2026-05-27T18:45:00+0200,143.35,EUR/MWh,DE,DE_LU,day_ahead_price,value,2026-06-21T20:22:25Z
2026-06-21T20:21:09Z,2026-06-21T22:21:09+0200,4c728934-15fc-48ae-9cbd-ac5715da9ca9,2026-05-27T17:00:00Z,2026-05-27T19:00:00+0200,113.08,EUR/MWh,DE,DE_LU,day_ahead_price,value,2026-06-21T20:22:25Z
2026-06-21T20:21:09Z,2026-06-21T22:21:09+0200,4c728934-15fc-48ae-9cbd-ac5715da9ca9,2026-05-27T17:15:00Z,2026-05-27T19:15:00+0200,134.51,EUR/MWh,DE,DE_LU,day_ahead_price,value,2026-06-21T20:22:25Z
2026-06-21T20:21:09Z,2026-06-21T22:21:09+0200,4c728934-15fc-48ae-9cbd-ac5715da9ca9,2026-05-27T17:30:00Z,2026-05-27T19:30:00+0200,145.49,EUR/MWh,DE,DE_LU,day_ahead_price,value,2026-06-21T20:22:25Z
2026-06-21T20:21:09Z,2026-06-21T22:21:09+0200,4c728934-15fc-48ae-9cbd-ac5715da9ca9,2026-05-27T17:45:00Z,2026-05-27T19:45:00+0200,152.99,EUR/MWh,DE,DE_LU,day_ahead_price,value,2026-06-21T20:22:25Z
2026-06-21T20:21:09Z,2026-06-21T22:21:09+0200,4c728934-15fc-48ae-9cbd-ac5715da9ca9,2026-05-27T18:00:00Z,2026-05-27T20:00:00+0200,140.99,EUR/MWh,DE,DE_LU,day_ahead_price,value,2026-06-21T20:22:25Z
2026-06-21T20:21:09Z,2026-06-21T22:21:09+0200,4c728934-15fc-48ae-9cbd-ac5715da9ca9,2026-05-27T18:15:00Z,2026-05-27T20:15:00+0200,149.55,EUR/MWh,DE,DE_LU,day_ahead_price,value,2026-06-21T20:22:25Z
2026-06-21T20:21:09Z,2026-06-21T22:21:09+0200,4c728934-15fc-48ae-9cbd-ac5715da9ca9,2026-05-27T18:30:00Z,2026-05-27T20:30:00+0200,164.87,EUR/MWh,DE,DE_LU,day_ahead_price,value,2026-06-21T20:22:25Z
2026-06-21T20:21:09Z,2026-06-21T22:21:09+0200,4c728934-15fc-48ae-9cbd-ac5715da9ca9,2026-05-27T18:45:00Z,2026-05-27T20:45:00+0200,171.3,EUR/MWh,DE,DE_LU,day_ahead_price,value,2026-06-21T20:22:25Z
2026-06-21T20:21:09Z,2026-06-21T22:21:09+0200,4c728934-15fc-48ae-9cbd-ac5715da9ca9,2026-05-27T19:00:00Z,2026-05-27T21:00:00+0200,168.96,EUR/MWh,DE,DE_LU,day_ahead_price,value,2026-06-21T20:22:25Z
2026-06-21T20:21:09Z,2026-06-21T22:21:09+0200,4c728934-15fc-48ae-9cbd-ac5715da9ca9,2026-05-27T19:15:00Z,2026-05-27T21:15:00+0200,161.88,EUR/MWh,DE,DE_LU,day_ahead_price,value,2026-06-21T20:22:25Z
2026-06-21T20:21:09Z,2026-06-21T22:21:09+0200,4c728934-15fc-48ae-9cbd-ac5715da9ca9,2026-05-27T19:30:00Z,2026-05-27T21:30:00+0200,154.84,EUR/MWh,DE,DE_LU,day_ahead_price,value,2026-06-21T20:22:25Z
2026-06-21T20:21:09Z,2026-06-21T22:21:09+0200,4c728934-15fc-48ae-9cbd-ac5715da9ca9,2026-05-27T19:45:00Z,2026-05-27T21:45:00+0200,144.44,EUR/MWh,DE,DE_LU,day_ahead_price,value,2026-06-21T20:22:25Z
2026-06-21T20:21:09Z,2026-06-21T22:21:09+0200,4c728934-15fc-48ae-9cbd-ac5715da9ca9,2026-05-27T20:00:00Z,2026-05-27T22:00:00+0200,154.4,EUR/MWh,DE,DE_LU,day_ahead_price,value,2026-06-21T20:22:25Z
2026-06-21T20:21:09Z,2026-06-21T22:21:09+0200,4c728934-15fc-48ae-9cbd-ac5715da9ca9,2026-05-27T20:15:00Z,2026-05-27T22:15:00+0200,145.69,EUR/MWh,DE,DE_LU,day_ahead_price,value,2026-06-21T20:22:25Z
2026-06-21T20:21:09Z,2026-06-21T22:21:09+0200,4c728934-15fc-48ae-9cbd-ac5715da9ca9,2026-05-27T20:30:00Z,2026-05-27T22:30:00+0200,141.3,EUR/MWh,DE,DE_LU,day_ahead_price,value,2026-06-21T20:22:25Z
2026-06-21T20:21:09Z,2026-06-21T22:21:09+0200,4c728934-15fc-48ae-9cbd-ac5715da9ca9,2026-05-27T20:45:00Z,2026-05-27T22:45:00+0200,135.25,EUR/MWh,DE,DE_LU,day_ahead_price,value,2026-06-21T20:22:25Z
2026-06-21T20:21:09Z,2026-06-21T22:21:09+0200,4c728934-15fc-48ae-9cbd-ac5715da9ca9,2026-05-27T21:00:00Z,2026-05-27T23:00:00+0200,140.32,EUR/MWh,DE,DE_LU,day_ahead_price,value,2026-06-21T20:22:25Z
2026-06-21T20:21:09Z,2026-06-21T22:21:09+0200,4c728934-15fc-48ae-9cbd-ac5715da9ca9,2026-05-27T21:15:00Z,2026-05-27T23:15:00+0200,134.31,EUR/MWh,DE,DE_LU,day_ahead_price,value,2026-06-21T20:22:25Z
2026-06-21T20:21:09Z,2026-06-21T22:21:09+0200,4c728934-15fc-48ae-9cbd-ac5715da9ca9,2026-05-27T21:30:00Z,2026-05-27T23:30:00+0200,130.27,EUR/MWh,DE,DE_LU,day_ahead_price,value,2026-06-21T20:22:25Z
2026-06-21T20:21:09Z,2026-06-21T22:21:09+0200,4c728934-15fc-48ae-9cbd-ac5715da9ca9,2026-05-27T21:45:00Z,2026-05-27T23:45:00+0200,128.92,EUR/MWh,DE,DE_LU,day_ahead_price,value,2026-06-21T20:22:25Z
2026-06-21T20:21:09Z,2026-06-21T22:21:09+0200,4c728934-15fc-48ae-9cbd-ac5715da9ca9,2026-05-27T22:00:00Z,2026-05-28T00:00:00+0200,138.6,EUR/MWh,DE,DE_LU,day_ahead_price,value,2026-06-21T20:22:25Z
2026-06-21T20:21:09Z,2026-06-21T22:21:09+0200,4c728934-15fc-48ae-9cbd-ac5715da9ca9,2026-05-27T22:15:00Z,2026-05-28T00:15:00+0200,132.54,EUR/MWh,DE,DE_LU,day_ahead_price,value,2026-06-21T20:22:25Z
2026-06-21T20:21:09Z,2026-06-21T22:21:09+0200,4c728934-15fc-48ae-9cbd-ac5715da9ca9,2026-05-27T22:30:00Z,2026-05-28T00:30:00+0200,130.61,EUR/MWh,DE,DE_LU,day_ahead_price,value,2026-06-21T20:22:25Z
2026-06-21T20:21:09Z,2026-06-21T22:21:09+0200,4c728934-15fc-48ae-9cbd-ac5715da9ca9,2026-05-27T22:45:00Z,2026-05-28T00:45:00+0200,130.03,EUR/MWh,DE,DE_LU,day_ahead_price,value,2026-06-21T20:22:25Z
2026-06-21T20:21:09Z,2026-06-21T22:21:09+0200,4c728934-15fc-48ae-9cbd-ac5715da9ca9,2026-05-27T23:00:00Z,2026-05-28T01:00:00+0200,136.0,EUR/MWh,DE,DE_LU,day_ahead_price,value,2026-06-21T20:22:25Z
2026-06-21T20:21:09Z,2026-06-21T22:21:09+0200,4c728934-15fc-48ae-9cbd-ac5715da9ca9,2026-05-27T23:15:00Z,2026-05-28T01:15:00+0200,128.58,EUR/MWh,DE,DE_LU,day_ahead_price,value,2026-06-21T20:22:25Z
2026-06-21T20:21:09Z,2026-06-21T22:21:09+0200,4c728934-15fc-48ae-9cbd-ac5715da9ca9,2026-05-27T23:30:00Z,2026-05-28T01:30:00+0200,127.85,EUR/MWh,DE,DE_LU,day_ahead_price,value,2026-06-21T20:22:25Z
2026-06-21T20:21:09Z,2026-06-21T22:21:09+0200,4c728934-15fc-48ae-9cbd-ac5715da9ca9,2026-05-27T23:45:00Z,2026-05-28T01:45:00+0200,125.72,EUR/MWh,DE,DE_LU,day_ahead_price,value,2026-06-21T20:22:25Z
2026-06-21T20:21:09Z,2026-06-21T22:21:09+0200,4c728934-15fc-48ae-9cbd-ac5715da9ca9,2026-05-28T00:00:00Z,2026-05-28T02:00:00+0200,128.08,EUR/MWh,DE,DE_LU,day_ahead_price,value,2026-06-21T20:22:25Z
2026-06-21T20:21:09Z,2026-06-21T22:21:09+0200,4c728934-15fc-48ae-9cbd-ac5715da9ca9,2026-05-28T00:15:00Z,2026-05-28T02:15:00+0200,125.79,EUR/MWh,DE,DE_LU,day_ahead_price,value,2026-06-21T20:22:25Z
2026-06-21T20:21:09Z,2026-06-21T22:21:09+0200,4c728934-15fc-48ae-9cbd-ac5715da9ca9,2026-05-28T00:30:00Z,2026-05-28T02:30:00+0200,127.78,EUR/MWh,DE,DE_LU,day_ahead_price,value,2026-06-21T20:22:25Z
2026-06-21T20:21:09Z,2026-06-21T22:21:09+0200,4c728934-15fc-48ae-9cbd-ac5715da9ca9,2026-05-28T00:45:00Z,2026-05-28T02:45:00+0200,127.3,EUR/MWh,DE,DE_LU,day_ahead_price,value,2026-06-21T20:22:25Z
2026-06-21T20:21:09Z,2026-06-21T22:21:09+0200,4c728934-15fc-48ae-9cbd-ac5715da9ca9,2026-05-28T01:00:00Z,2026-05-28T03:00:00+0200,127.04,EUR/MWh,DE,DE_LU,day_ahead_price,value,2026-06-21T20:22:25Z
2026-06-21T20:21:09Z,2026-06-21T22:21:09+0200,4c728934-15fc-48ae-9cbd-ac5715da9ca9,2026-05-28T01:15:00Z,2026-05-28T03:15:00+0200,127.27,EUR/MWh,DE,DE_LU,day_ahead_price,value,2026-06-21T20:22:25Z
2026-06-21T20:21:09Z,2026-06-21T22:21:09+0200,4c728934-15fc-48ae-9cbd-ac5715da9ca9,2026-05-28T01:30:00Z,2026-05-28T03:30:00+0200,127.6,EUR/MWh,DE,DE_LU,day_ahead_price,value,2026-06-21T20:22:25Z
2026-06-21T20:21:09Z,2026-06-21T22:21:09+0200,4c728934-15fc-48ae-9cbd-ac5715da9ca9,2026-05-28T01:45:00Z,2026-05-28T03:45:00+0200,127.54,EUR/MWh,DE,DE_LU,day_ahead_price,value,2026-06-21T20:22:25Z
2026-06-21T20:21:09Z,2026-06-21T22:21:09+0200,4c728934-15fc-48ae-9cbd-ac5715da9ca9,2026-05-28T02:00:00Z,2026-05-28T04:00:00+0200,126.09,EUR/MWh,DE,DE_LU,day_ahead_price,value,2026-06-21T20:22:25Z
2026-06-21T20:21:09Z,2026-06-21T22:21:09+0200,4c728934-15fc-48ae-9cbd-ac5715da9ca9,2026-05-28T02:15:00Z,2026-05-28T04:15:00+0200,127.96,EUR/MWh,DE,DE_LU,day_ahead_price,value,2026-06-21T20:22:25Z
2026-06-21T20:21:09Z,2026-06-21T22:21:09+0200,4c728934-15fc-48ae-9cbd-ac5715da9ca9,2026-05-28T02:30:00Z,2026-05-28T04:30:00+0200,130.81,EUR/MWh,DE,DE_LU,day_ahead_price,value,2026-06-21T20:22:25Z
2026-06-21T20:21:09Z,2026-06-21T22:21:09+0200,4c728934-15fc-48ae-9cbd-ac5715da9ca9,2026-05-28T02:45:00Z,2026-05-28T04:45:00+0200,135.5,EUR/MWh,DE,DE_LU,day_ahead_price,value,2026-06-21T20:22:25Z
2026-06-21T20:21:09Z,2026-06-21T22:21:09+0200,4c728934-15fc-48ae-9cbd-ac5715da9ca9,2026-05-28T03:00:00Z,2026-05-28T05:00:00+0200,131.16,EUR/MWh,DE,DE_LU,day_ahead_price,value,2026-06-21T20:22:25Z
2026-06-21T20:21:09Z,2026-06-21T22:21:09+0200,4c728934-15fc-48ae-9cbd-ac5715da9ca9,2026-05-28T03:15:00Z,2026-05-28T05:15:00+0200,134.81,EUR/MWh,DE,DE_LU,day_ahead_price,value,2026-06-21T20:22:25Z
2026-06-21T20:21:09Z,2026-06-21T22:21:09+0200,4c728934-15fc-48ae-9cbd-ac5715da9ca9,2026-05-28T03:30:00Z,2026-05-28T05:30:00+0200,138.47,EUR/MWh,DE,DE_LU,day_ahead_price,value,2026-06-21T20:22:25Z
2026-06-21T20:21:09Z,2026-06-21T22:21:09+0200,4c728934-15fc-48ae-9cbd-ac5715da9ca9,2026-05-28T03:45:00Z,2026-05-28T05:45:00+0200,137.57,EUR/MWh,DE,DE_LU,day_ahead_price,value,2026-06-21T20:22:25Z
2026-06-21T20:21:09Z,2026-06-21T22:21:09+0200,4c728934-15fc-48ae-9cbd-ac5715da9ca9,2026-05-28T04:00:00Z,2026-05-28T06:00:00+0200,146.72,EUR/MWh,DE,DE_LU,day_ahead_price,value,2026-06-21T20:22:25Z
2026-06-21T20:21:09Z,2026-06-21T22:21:09+0200,4c728934-15fc-48ae-9cbd-ac5715da9ca9,2026-05-28T04:15:00Z,2026-05-28T06:15:00+0200,152.08,EUR/MWh,DE,DE_LU,day_ahead_price,value,2026-06-21T20:22:25Z
2026-06-21T20:21:09Z,2026-06-21T22:21:09+0200,4c728934-15fc-48ae-9cbd-ac5715da9ca9,2026-05-28T04:30:00Z,2026-05-28T06:30:00+0200,148.81,EUR/MWh,DE,DE_LU,day_ahead_price,value,2026-06-21T20:22:25Z
2026-06-21T20:21:09Z,2026-06-21T22:21:09+0200,4c728934-15fc-48ae-9cbd-ac5715da9ca9,2026-05-28T04:45:00Z,2026-05-28T06:45:00+0200,146.2,EUR/MWh,DE,DE_LU,day_ahead_price,value,2026-06-21T20:22:25Z
2026-06-21T20:21:09Z,2026-06-21T22:21:09+0200,4c728934-15fc-48ae-9cbd-ac5715da9ca9,2026-05-28T05:00:00Z,2026-05-28T07:00:00+0200,152.69,EUR/MWh,DE,DE_LU,day_ahead_price,value,2026-06-21T20:22:25Z
2026-06-21T20:21:09Z,2026-06-21T22:21:09+0200,4c728934-15fc-48ae-9cbd-ac5715da9ca9,2026-05-28T05:15:00Z,2026-05-28T07:15:00+0200,145.41,EUR/MWh,DE,DE_LU,day_ahead_price,value,2026-06-21T20:22:25Z
2026-06-21T20:21:09Z,2026-06-21T22:21:09+0200,4c728934-15fc-48ae-9cbd-ac5715da9ca9,2026-05-28T05:30:00Z,2026-05-28T07:30:00+0200,136.7,EUR/MWh,DE,DE_LU,day_ahead_price,value,2026-06-21T20:22:25Z
2026-06-21T20:21:09Z,2026-06-21T22:21:09+0200,4c728934-15fc-48ae-9cbd-ac5715da9ca9,2026-05-28T05:45:00Z,2026-05-28T07:45:00+0200,117.82,EUR/MWh,DE,DE_LU,day_ahead_price,value,2026-06-21T20:22:25Z
2026-06-21T20:21:09Z,2026-06-21T22:21:09+0200,4c728934-15fc-48ae-9cbd-ac5715da9ca9,2026-05-28T06:00:00Z,2026-05-28T08:00:00+0200,143.89,EUR/MWh,DE,DE_LU,day_ahead_price,value,2026-06-21T20:22:25Z
2026-06-21T20:21:09Z,2026-06-21T22:21:09+0200,4c728934-15fc-48ae-9cbd-ac5715da9ca9,2026-05-28T06:15:00Z,2026-05-28T08:15:00+0200,131.71,EUR/MWh,DE,DE_LU,day_ahead_price,value,2026-06-21T20:22:25Z
2026-06-21T20:21:09Z,2026-06-21T22:21:09+0200,4c728934-15fc-48ae-9cbd-ac5715da9ca9,2026-05-28T06:30:00Z,2026-05-28T08:30:00+0200,120.74,EUR/MWh,DE,DE_LU,day_ahead_price,value,2026-06-21T20:22:25Z
2026-06-21T20:21:09Z,2026-06-21T22:21:09+0200,4c728934-15fc-48ae-9cbd-ac5715da9ca9,2026-05-28T06:45:00Z,2026-05-28T08:45:00+0200,97.27,EUR/MWh,DE,DE_LU,day_ahead_price,value,2026-06-21T20:22:25Z
2026-06-21T20:21:09Z,2026-06-21T22:21:09+0200,4c728934-15fc-48ae-9cbd-ac5715da9ca9,2026-05-28T07:00:00Z,2026-05-28T09:00:00+0200,123.88,EUR/MWh,DE,DE_LU,day_ahead_price,value,2026-06-21T20:22:25Z
2026-06-21T20:21:09Z,2026-06-21T22:21:09+0200,4c728934-15fc-48ae-9cbd-ac5715da9ca9,2026-05-28T07:15:00Z,2026-05-28T09:15:00+0200,94.45,EUR/MWh,DE,DE_LU,day_ahead_price,value,2026-06-21T20:22:25Z
2026-06-21T20:21:09Z,2026-06-21T22:21:09+0200,4c728934-15fc-48ae-9cbd-ac5715da9ca9,2026-05-28T07:30:00Z,2026-05-28T09:30:00+0200,77.76,EUR/MWh,DE,DE_LU,day_ahead_price,value,2026-06-21T20:22:25Z
2026-06-21T20:21:09Z,2026-06-21T22:21:09+0200,4c728934-15fc-48ae-9cbd-ac5715da9ca9,2026-05-28T07:45:00Z,2026-05-28T09:45:00+0200,54.08,EUR/MWh,DE,DE_LU,day_ahead_price,value,2026-06-21T20:22:25Z
2026-06-21T20:21:09Z,2026-06-21T22:21:09+0200,4c728934-15fc-48ae-9cbd-ac5715da9ca9,2026-05-28T08:00:00Z,2026-05-28T10:00:00+0200,51.39,EUR/MWh,DE,DE_LU,day_ahead_price,value,2026-06-21T20:22:25Z
2026-06-21T20:21:09Z,2026-06-21T22:21:09+0200,4c728934-15fc-48ae-9cbd-ac5715da9ca9,2026-05-28T08:15:00Z,2026-05-28T10:15:00+0200,17.01,EUR/MWh,DE,DE_LU,day_ahead_price,value,2026-06-21T20:22:25Z
2026-06-21T20:21:09Z,2026-06-21T22:21:09+0200,4c728934-15fc-48ae-9cbd-ac5715da9ca9,2026-05-28T08:30:00Z,2026-05-28T10:30:00+0200,6.32,EUR/MWh,DE,DE_LU,day_ahead_price,value,2026-06-21T20:22:25Z
2026-06-21T20:21:09Z,2026-06-21T22:21:09+0200,4c728934-15fc-48ae-9cbd-ac5715da9ca9,2026-05-28T08:45:00Z,2026-05-28T10:45:00+0200,2.51,EUR/MWh,DE,DE_LU,day_ahead_price,value,2026-06-21T20:22:25Z
2026-06-21T20:21:09Z,2026-06-21T22:21:09+0200,4c728934-15fc-48ae-9cbd-ac5715da9ca9,2026-05-28T09:00:00Z,2026-05-28T11:00:00+0200,1.56,EUR/MWh,DE,DE_LU,day_ahead_price,value,2026-06-21T20:22:25Z
2026-06-21T20:21:09Z,2026-06-21T22:21:09+0200,4c728934-15fc-48ae-9cbd-ac5715da9ca9,2026-05-28T09:15:00Z,2026-05-28T11:15:00+0200,0.7,EUR/MWh,DE,DE_LU,day_ahead_price,value,2026-06-21T20:22:25Z
2026-06-21T20:21:09Z,2026-06-21T22:21:09+0200,4c728934-15fc-48ae-9cbd-ac5715da9ca9,2026-05-28T09:30:00Z,2026-05-28T11:30:00+0200,0.01,EUR/MWh,DE,DE_LU,day_ahead_price,value,2026-06-21T20:22:25Z
2026-06-21T20:21:09Z,2026-06-21T22:21:09+0200,4c728934-15fc-48ae-9cbd-ac5715da9ca9,2026-05-28T09:45:00Z,2026-05-28T11:45:00+0200,0.0,EUR/MWh,DE,DE_LU,day_ahead_price,value,2026-06-21T20:22:25Z
2026-06-21T20:21:09Z,2026-06-21T22:21:09+0200,4c728934-15fc-48ae-9cbd-ac5715da9ca9,2026-05-28T10:00:00Z,2026-05-28T12:00:00+0200,0.03,EUR/MWh,DE,DE_LU,day_ahead_price,value,2026-06-21T20:22:25Z
2026-06-21T20:21:09Z,2026-06-21T22:21:09+0200,4c728934-15fc-48ae-9cbd-ac5715da9ca9,2026-05-28T10:15:00Z,2026-05-28T12:15:00+0200,0.0,EUR/MWh,DE,DE_LU,day_ahead_price,value,2026-06-21T20:22:25Z
2026-06-21T20:21:09Z,2026-06-21T22:21:09+0200,4c728934-15fc-48ae-9cbd-ac5715da9ca9,2026-05-28T10:30:00Z,2026-05-28T12:30:00+0200,-0.01,EUR/MWh,DE,DE_LU,day_ahead_price,value,2026-06-21T20:22:25Z
2026-06-21T20:21:09Z,2026-06-21T22:21:09+0200,4c728934-15fc-48ae-9cbd-ac5715da9ca9,2026-05-28T10:45:00Z,2026-05-28T12:45:00+0200,-0.01,EUR/MWh,DE,DE_LU,day_ahead_price,value,2026-06-21T20:22:25Z
2026-06-21T20:21:09Z,2026-06-21T22:21:09+0200,4c728934-15fc-48ae-9cbd-ac5715da9ca9,2026-05-28T11:00:00Z,2026-05-28T13:00:00+0200,0.0,EUR/MWh,DE,DE_LU,day_ahead_price,value,2026-06-21T20:22:25Z
2026-06-21T20:21:09Z,2026-06-21T22:21:09+0200,4c728934-15fc-48ae-9cbd-ac5715da9ca9,2026-05-28T11:15:00Z,2026-05-28T13:15:00+0200,-0.01,EUR/MWh,DE,DE_LU,day_ahead_price,value,2026-06-21T20:22:25Z
2026-06-21T20:21:09Z,2026-06-21T22:21:09+0200,4c728934-15fc-48ae-9cbd-ac5715da9ca9,2026-05-28T11:30:00Z,2026-05-28T13:30:00+0200,-0.01,EUR/MWh,DE,DE_LU,day_ahead_price,value,2026-06-21T20:22:25Z
2026-06-21T20:21:09Z,2026-06-21T22:21:09+0200,4c728934-15fc-48ae-9cbd-ac5715da9ca9,2026-05-28T11:45:00Z,2026-05-28T13:45:00+0200,-0.03,EUR/MWh,DE,DE_LU,day_ahead_price,value,2026-06-21T20:22:25Z
2026-06-21T20:21:09Z,2026-06-21T22:21:09+0200,4c728934-15fc-48ae-9cbd-ac5715da9ca9,2026-05-28T12:00:00Z,2026-05-28T14:00:00+0200,-0.02,EUR/MWh,DE,DE_LU,day_ahead_price,value,2026-06-21T20:22:25Z
2026-06-21T20:21:09Z,2026-06-21T22:21:09+0200,4c728934-15fc-48ae-9cbd-ac5715da9ca9,2026-05-28T12:15:00Z,2026-05-28T14:15:00+0200,0.0,EUR/MWh,DE,DE_LU,day_ahead_price,value,2026-06-21T20:22:25Z
2026-06-21T20:21:09Z,2026-06-21T22:21:09+0200,4c728934-15fc-48ae-9cbd-ac5715da9ca9,2026-05-28T12:30:00Z,2026-05-28T14:30:00+0200,0.0,EUR/MWh,DE,DE_LU,day_ahead_price,value,2026-06-21T20:22:25Z
2026-06-21T20:21:09Z,2026-06-21T22:21:09+0200,4c728934-15fc-48ae-9cbd-ac5715da9ca9,2026-05-28T12:45:00Z,2026-05-28T14:45:00+0200,0.02,EUR/MWh,DE,DE_LU,day_ahead_price,value,2026-06-21T20:22:25Z
2026-06-21T20:21:09Z,2026-06-21T22:21:09+0200,4c728934-15fc-48ae-9cbd-ac5715da9ca9,2026-05-28T13:00:00Z,2026-05-28T15:00:00+0200,0.0,EUR/MWh,DE,DE_LU,day_ahead_price,value,2026-06-21T20:22:25Z
2026-06-21T20:21:09Z,2026-06-21T22:21:09+0200,4c728934-15fc-48ae-9cbd-ac5715da9ca9,2026-05-28T13:15:00Z,2026-05-28T15:15:00+0200,0.01,EUR/MWh,DE,DE_LU,day_ahead_price,value,2026-06-21T20:22:25Z
2026-06-21T20:21:09Z,2026-06-21T22:21:09+0200,4c728934-15fc-48ae-9cbd-ac5715da9ca9,2026-05-28T13:30:00Z,2026-05-28T15:30:00+0200,0.84,EUR/MWh,DE,DE_LU,day_ahead_price,value,2026-06-21T20:22:25Z
2026-06-21T20:21:09Z,2026-06-21T22:21:09+0200,4c728934-15fc-48ae-9cbd-ac5715da9ca9,2026-05-28T13:45:00Z,2026-05-28T15:45:00+0200,4.34,EUR/MWh,DE,DE_LU,day_ahead_price,value,2026-06-21T20:22:25Z
2026-06-21T20:21:09Z,2026-06-21T22:21:09+0200,4c728934-15fc-48ae-9cbd-ac5715da9ca9,2026-05-28T14:00:00Z,2026-05-28T16:00:00+0200,2.84,EUR/MWh,DE,DE_LU,day_ahead_price,value,2026-06-21T20:22:25Z
2026-06-21T20:21:09Z,2026-06-21T22:21:09+0200,4c728934-15fc-48ae-9cbd-ac5715da9ca9,2026-05-28T14:15:00Z,2026-05-28T16:15:00+0200,10.0,EUR/MWh,DE,DE_LU,day_ahead_price,value,2026-06-21T20:22:25Z
2026-06-21T20:21:09Z,2026-06-21T22:21:09+0200,4c728934-15fc-48ae-9cbd-ac5715da9ca9,2026-05-28T14:30:00Z,2026-05-28T16:30:00+0200,52.31,EUR/MWh,DE,DE_LU,day_ahead_price,value,2026-06-21T20:22:25Z
2026-06-21T20:21:09Z,2026-06-21T22:21:09+0200,4c728934-15fc-48ae-9cbd-ac5715da9ca9,2026-05-28T14:45:00Z,2026-05-28T16:45:00+0200,93.43,EUR/MWh,DE,DE_LU,day_ahead_price,value,2026-06-21T20:22:25Z
2026-06-21T20:21:09Z,2026-06-21T22:21:09+0200,4c728934-15fc-48ae-9cbd-ac5715da9ca9,2026-05-28T15:00:00Z,2026-05-28T17:00:00+0200,65.43,EUR/MWh,DE,DE_LU,day_ahead_price,value,2026-06-21T20:22:25Z
2026-06-21T20:21:09Z,2026-06-21T22:21:09+0200,4c728934-15fc-48ae-9cbd-ac5715da9ca9,2026-05-28T15:15:00Z,2026-05-28T17:15:00+0200,92.56,EUR/MWh,DE,DE_LU,day_ahead_price,value,2026-06-21T20:22:25Z
2026-06-21T20:21:09Z,2026-06-21T22:21:09+0200,4c728934-15fc-48ae-9cbd-ac5715da9ca9,2026-05-28T15:30:00Z,2026-05-28T17:30:00+0200,111.01,EUR/MWh,DE,DE_LU,day_ahead_price,value,2026-06-21T20:22:25Z
2026-06-21T20:21:09Z,2026-06-21T22:21:09+0200,4c728934-15fc-48ae-9cbd-ac5715da9ca9,2026-05-28T15:45:00Z,2026-05-28T17:45:00+0200,136.03,EUR/MWh,DE,DE_LU,day_ahead_price,value,2026-06-21T20:22:25Z
2026-06-21T20:21:09Z,2026-06-21T22:21:09+0200,4c728934-15fc-48ae-9cbd-ac5715da9ca9,2026-05-28T16:00:00Z,2026-05-28T18:00:00+0200,110.33,EUR/MWh,DE,DE_LU,day_ahead_price,value,2026-06-21T20:22:25Z
2026-06-21T20:21:09Z,2026-06-21T22:21:09+0200,4c728934-15fc-48ae-9cbd-ac5715da9ca9,2026-05-28T16:15:00Z,2026-05-28T18:15:00+0200,130.09,EUR/MWh,DE,DE_LU,day_ahead_price,value,2026-06-21T20:22:25Z
2026-06-21T20:21:09Z,2026-06-21T22:21:09+0200,4c728934-15fc-48ae-9cbd-ac5715da9ca9,2026-05-28T16:30:00Z,2026-05-28T18:30:00+0200,147.28,EUR/MWh,DE,DE_LU,day_ahead_price,value,2026-06-21T20:22:25Z
2026-06-21T20:21:09Z,2026-06-21T22:21:09+0200,4c728934-15fc-48ae-9cbd-ac5715da9ca9,2026-05-28T16:45:00Z,2026-05-28T18:45:00+0200,165.3,EUR/MWh,DE,DE_LU,day_ahead_price,value,2026-06-21T20:22:25Z
2026-06-21T20:21:09Z,2026-06-21T22:21:09+0200,4c728934-15fc-48ae-9cbd-ac5715da9ca9,2026-05-28T17:00:00Z,2026-05-28T19:00:00+0200,154.47,EUR/MWh,DE,DE_LU,day_ahead_price,value,2026-06-21T20:22:25Z
2026-06-21T20:21:09Z,2026-06-21T22:21:09+0200,4c728934-15fc-48ae-9cbd-ac5715da9ca9,2026-05-28T17:15:00Z,2026-05-28T19:15:00+0200,170.65,EUR/MWh,DE,DE_LU,day_ahead_price,value,2026-06-21T20:22:25Z
2026-06-21T20:21:09Z,2026-06-21T22:21:09+0200,4c728934-15fc-48ae-9cbd-ac5715da9ca9,2026-05-28T17:30:00Z,2026-05-28T19:30:00+0200,204.46,EUR/MWh,DE,DE_LU,day_ahead_price,value,2026-06-21T20:22:25Z
2026-06-21T20:21:09Z,2026-06-21T22:21:09+0200,4c728934-15fc-48ae-9cbd-ac5715da9ca9,2026-05-28T17:45:00Z,2026-05-28T19:45:00+0200,340.83,EUR/MWh,DE,DE_LU,day_ahead_price,value,2026-06-21T20:22:25Z
2026-06-21T20:21:09Z,2026-06-21T22:21:09+0200,4c728934-15fc-48ae-9cbd-ac5715da9ca9,2026-05-28T18:00:00Z,2026-05-28T20:00:00+0200,266.94,EUR/MWh,DE,DE_LU,day_ahead_price,value,2026-06-21T20:22:25Z
2026-06-21T20:21:09Z,2026-06-21T22:21:09+0200,4c728934-15fc-48ae-9cbd-ac5715da9ca9,2026-05-28T18:15:00Z,2026-05-28T20:15:00+0200,373.45,EUR/MWh,DE,DE_LU,day_ahead_price,value,2026-06-21T20:22:25Z
2026-06-21T20:21:09Z,2026-06-21T22:21:09+0200,4c728934-15fc-48ae-9cbd-ac5715da9ca9,2026-05-28T18:30:00Z,2026-05-28T20:30:00+0200,468.31,EUR/MWh,DE,DE_LU,day_ahead_price,value,2026-06-21T20:22:25Z
2026-06-21T20:21:09Z,2026-06-21T22:21:09+0200,4c728934-15fc-48ae-9cbd-ac5715da9ca9,2026-05-28T18:45:00Z,2026-05-28T20:45:00+0200,467.04,EUR/MWh,DE,DE_LU,day_ahead_price,value,2026-06-21T20:22:25Z
2026-06-21T20:21:09Z,2026-06-21T22:21:09+0200,4c728934-15fc-48ae-9cbd-ac5715da9ca9,2026-05-28T19:00:00Z,2026-05-28T21:00:00+0200,434.98,EUR/MWh,DE,DE_LU,day_ahead_price,value,2026-06-21T20:22:25Z
2026-06-21T20:21:09Z,2026-06-21T22:21:09+0200,4c728934-15fc-48ae-9cbd-ac5715da9ca9,2026-05-28T19:15:00Z,2026-05-28T21:15:00+0200,442.02,EUR/MWh,DE,DE_LU,day_ahead_price,value,2026-06-21T20:22:25Z
2026-06-21T20:21:09Z,2026-06-21T22:21:09+0200,4c728934-15fc-48ae-9cbd-ac5715da9ca9,2026-05-28T19:30:00Z,2026-05-28T21:30:00+0200,361.81,EUR/MWh,DE,DE_LU,day_ahead_price,value,2026-06-21T20:22:25Z
2026-06-21T20:21:09Z,2026-06-21T22:21:09+0200,4c728934-15fc-48ae-9cbd-ac5715da9ca9,2026-05-28T19:45:00Z,2026-05-28T21:45:00+0200,233.26,EUR/MWh,DE,DE_LU,day_ahead_price,value,2026-06-21T20:22:25Z
2026-06-21T20:21:09Z,2026-06-21T22:21:09+0200,4c728934-15fc-48ae-9cbd-ac5715da9ca9,2026-05-28T20:00:00Z,2026-05-28T22:00:00+0200,321.71,EUR/MWh,DE,DE_LU,day_ahead_price,value,2026-06-21T20:22:25Z
2026-06-21T20:21:09Z,2026-06-21T22:21:09+0200,4c728934-15fc-48ae-9cbd-ac5715da9ca9,2026-05-28T20:15:00Z,2026-05-28T22:15:00+0200,211.88,EUR/MWh,DE,DE_LU,day_ahead_price,value,2026-06-21T20:22:25Z
2026-06-21T20:21:09Z,2026-06-21T22:21:09+0200,4c728934-15fc-48ae-9cbd-ac5715da9ca9,2026-05-28T20:30:00Z,2026-05-28T22:30:00+0200,171.13,EUR/MWh,DE,DE_LU,day_ahead_price,value,2026-06-21T20:22:25Z
2026-06-21T20:21:09Z,2026-06-21T22:21:09+0200,4c728934-15fc-48ae-9cbd-ac5715da9ca9,2026-05-28T20:45:00Z,2026-05-28T22:45:00+0200,158.28,EUR/MWh,DE,DE_LU,day_ahead_price,value,2026-06-21T20:22:25Z
2026-06-21T20:21:09Z,2026-06-21T22:21:09+0200,4c728934-15fc-48ae-9cbd-ac5715da9ca9,2026-05-28T21:00:00Z,2026-05-28T23:00:00+0200,174.39,EUR/MWh,DE,DE_LU,day_ahead_price,value,2026-06-21T20:22:25Z
2026-06-21T20:21:09Z,2026-06-21T22:21:09+0200,4c728934-15fc-48ae-9cbd-ac5715da9ca9,2026-05-28T21:15:00Z,2026-05-28T23:15:00+0200,165.5,EUR/MWh,DE,DE_LU,day_ahead_price,value,2026-06-21T20:22:25Z
2026-06-21T20:21:09Z,2026-06-21T22:21:09+0200,4c728934-15fc-48ae-9cbd-ac5715da9ca9,2026-05-28T21:30:00Z,2026-05-28T23:30:00+0200,155.42,EUR/MWh,DE,DE_LU,day_ahead_price,value,2026-06-21T20:22:25Z
2026-06-21T20:21:09Z,2026-06-21T22:21:09+0200,4c728934-15fc-48ae-9cbd-ac5715da9ca9,2026-05-28T21:45:00Z,2026-05-28T23:45:00+0200,143.88,EUR/MWh,DE,DE_LU,day_ahead_price,value,2026-06-21T20:22:25Z
2026-06-21T20:21:09Z,2026-06-21T22:21:09+0200,4c728934-15fc-48ae-9cbd-ac5715da9ca9,2026-05-28T22:00:00Z,2026-05-29T00:00:00+0200,162.14,EUR/MWh,DE,DE_LU,day_ahead_price,value,2026-06-21T20:22:25Z
2026-06-21T20:21:09Z,2026-06-21T22:21:09+0200,4c728934-15fc-48ae-9cbd-ac5715da9ca9,2026-05-28T22:15:00Z,2026-05-29T00:15:00+0200,151.73,EUR/MWh,DE,DE_LU,day_ahead_price,value,2026-06-21T20:22:25Z
2026-06-21T20:21:09Z,2026-06-21T22:21:09+0200,4c728934-15fc-48ae-9cbd-ac5715da9ca9,2026-05-28T22:30:00Z,2026-05-29T00:30:00+0200,137.0,EUR/MWh,DE,DE_LU,day_ahead_price,value,2026-06-21T20:22:25Z
2026-06-21T20:21:09Z,2026-06-21T22:21:09+0200,4c728934-15fc-48ae-9cbd-ac5715da9ca9,2026-05-28T22:45:00Z,2026-05-29T00:45:00+0200,126.9,EUR/MWh,DE,DE_LU,day_ahead_price,value,2026-06-21T20:22:25Z
2026-06-21T20:21:09Z,2026-06-21T22:21:09+0200,4c728934-15fc-48ae-9cbd-ac5715da9ca9,2026-05-28T23:00:00Z,2026-05-29T01:00:00+0200,144.99,EUR/MWh,DE,DE_LU,day_ahead_price,value,2026-06-21T20:22:25Z
2026-06-21T20:21:09Z,2026-06-21T22:21:09+0200,4c728934-15fc-48ae-9cbd-ac5715da9ca9,2026-05-28T23:15:00Z,2026-05-29T01:15:00+0200,137.01,EUR/MWh,DE,DE_LU,day_ahead_price,value,2026-06-21T20:22:25Z
2026-06-21T20:21:09Z,2026-06-21T22:21:09+0200,4c728934-15fc-48ae-9cbd-ac5715da9ca9,2026-05-28T23:30:00Z,2026-05-29T01:30:00+0200,129.76,EUR/MWh,DE,DE_LU,day_ahead_price,value,2026-06-21T20:22:25Z
2026-06-21T20:21:09Z,2026-06-21T22:21:09+0200,4c728934-15fc-48ae-9cbd-ac5715da9ca9,2026-05-28T23:45:00Z,2026-05-29T01:45:00+0200,123.95,EUR/MWh,DE,DE_LU,day_ahead_price,value,2026-06-21T20:22:25Z
2026-06-21T20:21:09Z,2026-06-21T22:21:09+0200,4c728934-15fc-48ae-9cbd-ac5715da9ca9,2026-05-29T00:00:00Z,2026-05-29T02:00:00+0200,129.43,EUR/MWh,DE,DE_LU,day_ahead_price,value,2026-06-21T20:22:25Z
2026-06-21T20:21:09Z,2026-06-21T22:21:09+0200,4c728934-15fc-48ae-9cbd-ac5715da9ca9,2026-05-29T00:15:00Z,2026-05-29T02:15:00+0200,128.08,EUR/MWh,DE,DE_LU,day_ahead_price,value,2026-06-21T20:22:25Z
2026-06-21T20:21:09Z,2026-06-21T22:21:09+0200,4c728934-15fc-48ae-9cbd-ac5715da9ca9,2026-05-29T00:30:00Z,2026-05-29T02:30:00+0200,127.83,EUR/MWh,DE,DE_LU,day_ahead_price,value,2026-06-21T20:22:25Z
2026-06-21T20:21:09Z,2026-06-21T22:21:09+0200,4c728934-15fc-48ae-9cbd-ac5715da9ca9,2026-05-29T00:45:00Z,2026-05-29T02:45:00+0200,126.56,EUR/MWh,DE,DE_LU,day_ahead_price,value,2026-06-21T20:22:25Z
2026-06-21T20:21:09Z,2026-06-21T22:21:09+0200,4c728934-15fc-48ae-9cbd-ac5715da9ca9,2026-05-29T01:00:00Z,2026-05-29T03:00:00+0200,128.05,EUR/MWh,DE,DE_LU,day_ahead_price,value,2026-06-21T20:22:25Z
2026-06-21T20:21:09Z,2026-06-21T22:21:09+0200,4c728934-15fc-48ae-9cbd-ac5715da9ca9,2026-05-29T01:15:00Z,2026-05-29T03:15:00+0200,127.0,EUR/MWh,DE,DE_LU,day_ahead_price,value,2026-06-21T20:22:25Z
2026-06-21T20:21:09Z,2026-06-21T22:21:09+0200,4c728934-15fc-48ae-9cbd-ac5715da9ca9,2026-05-29T01:30:00Z,2026-05-29T03:30:00+0200,126.0,EUR/MWh,DE,DE_LU,day_ahead_price,value,2026-06-21T20:22:25Z
2026-06-21T20:21:09Z,2026-06-21T22:21:09+0200,4c728934-15fc-48ae-9cbd-ac5715da9ca9,2026-05-29T01:45:00Z,2026-05-29T03:45:00+0200,123.72,EUR/MWh,DE,DE_LU,day_ahead_price,value,2026-06-21T20:22:25Z
2026-06-21T20:21:09Z,2026-06-21T22:21:09+0200,4c728934-15fc-48ae-9cbd-ac5715da9ca9,2026-05-29T02:00:00Z,2026-05-29T04:00:00+0200,124.3,EUR/MWh,DE,DE_LU,day_ahead_price,value,2026-06-21T20:22:25Z
2026-06-21T20:21:09Z,2026-06-21T22:21:09+0200,4c728934-15fc-48ae-9cbd-ac5715da9ca9,2026-05-29T02:15:00Z,2026-05-29T04:15:00+0200,125.0,EUR/MWh,DE,DE_LU,day_ahead_price,value,2026-06-21T20:22:25Z
2026-06-21T20:21:09Z,2026-06-21T22:21:09+0200,4c728934-15fc-48ae-9cbd-ac5715da9ca9,2026-05-29T02:30:00Z,2026-05-29T04:30:00+0200,125.4,EUR/MWh,DE,DE_LU,day_ahead_price,value,2026-06-21T20:22:25Z
2026-06-21T20:21:09Z,2026-06-21T22:21:09+0200,4c728934-15fc-48ae-9cbd-ac5715da9ca9,2026-05-29T02:45:00Z,2026-05-29T04:45:00+0200,126.41,EUR/MWh,DE,DE_LU,day_ahead_price,value,2026-06-21T20:22:25Z
2026-06-21T20:21:09Z,2026-06-21T22:21:09+0200,4c728934-15fc-48ae-9cbd-ac5715da9ca9,2026-05-29T03:00:00Z,2026-05-29T05:00:00+0200,125.07,EUR/MWh,DE,DE_LU,day_ahead_price,value,2026-06-21T20:22:25Z
2026-06-21T20:21:09Z,2026-06-21T22:21:09+0200,4c728934-15fc-48ae-9cbd-ac5715da9ca9,2026-05-29T03:15:00Z,2026-05-29T05:15:00+0200,124.7,EUR/MWh,DE,DE_LU,day_ahead_price,value,2026-06-21T20:22:25Z
2026-06-21T20:21:09Z,2026-06-21T22:21:09+0200,4c728934-15fc-48ae-9cbd-ac5715da9ca9,2026-05-29T03:30:00Z,2026-05-29T05:30:00+0200,124.4,EUR/MWh,DE,DE_LU,day_ahead_price,value,2026-06-21T20:22:25Z
2026-06-21T20:21:09Z,2026-06-21T22:21:09+0200,4c728934-15fc-48ae-9cbd-ac5715da9ca9,2026-05-29T03:45:00Z,2026-05-29T05:45:00+0200,127.81,EUR/MWh,DE,DE_LU,day_ahead_price,value,2026-06-21T20:22:25Z
2026-06-21T20:21:09Z,2026-06-21T22:21:09+0200,4c728934-15fc-48ae-9cbd-ac5715da9ca9,2026-05-29T04:00:00Z,2026-05-29T06:00:00+0200,131.65,EUR/MWh,DE,DE_LU,day_ahead_price,value,2026-06-21T20:22:25Z
2026-06-21T20:21:09Z,2026-06-21T22:21:09+0200,4c728934-15fc-48ae-9cbd-ac5715da9ca9,2026-05-29T04:15:00Z,2026-05-29T06:15:00+0200,137.04,EUR/MWh,DE,DE_LU,day_ahead_price,value,2026-06-21T20:22:25Z
2026-06-21T20:21:09Z,2026-06-21T22:21:09+0200,4c728934-15fc-48ae-9cbd-ac5715da9ca9,2026-05-29T04:30:00Z,2026-05-29T06:30:00+0200,132.49,EUR/MWh,DE,DE_LU,day_ahead_price,value,2026-06-21T20:22:25Z
2026-06-21T20:21:09Z,2026-06-21T22:21:09+0200,4c728934-15fc-48ae-9cbd-ac5715da9ca9,2026-05-29T04:45:00Z,2026-05-29T06:45:00+0200,126.36,EUR/MWh,DE,DE_LU,day_ahead_price,value,2026-06-21T20:22:25Z
2026-06-21T20:21:09Z,2026-06-21T22:21:09+0200,4c728934-15fc-48ae-9cbd-ac5715da9ca9,2026-05-29T05:00:00Z,2026-05-29T07:00:00+0200,136.96,EUR/MWh,DE,DE_LU,day_ahead_price,value,2026-06-21T20:22:25Z
2026-06-21T20:21:09Z,2026-06-21T22:21:09+0200,4c728934-15fc-48ae-9cbd-ac5715da9ca9,2026-05-29T05:15:00Z,2026-05-29T07:15:00+0200,130.1,EUR/MWh,DE,DE_LU,day_ahead_price,value,2026-06-21T20:22:25Z
2026-06-21T20:21:09Z,2026-06-21T22:21:09+0200,4c728934-15fc-48ae-9cbd-ac5715da9ca9,2026-05-29T05:30:00Z,2026-05-29T07:30:00+0200,124.97,EUR/MWh,DE,DE_LU,day_ahead_price,value,2026-06-21T20:22:25Z
2026-06-21T20:21:09Z,2026-06-21T22:21:09+0200,4c728934-15fc-48ae-9cbd-ac5715da9ca9,2026-05-29T05:45:00Z,2026-05-29T07:45:00+0200,111.95,EUR/MWh,DE,DE_LU,day_ahead_price,value,2026-06-21T20:22:25Z
2026-06-21T20:21:09Z,2026-06-21T22:21:09+0200,4c728934-15fc-48ae-9cbd-ac5715da9ca9,2026-05-29T06:00:00Z,2026-05-29T08:00:00+0200,135.21,EUR/MWh,DE,DE_LU,day_ahead_price,value,2026-06-21T20:22:25Z
2026-06-21T20:21:09Z,2026-06-21T22:21:09+0200,4c728934-15fc-48ae-9cbd-ac5715da9ca9,2026-05-29T06:15:00Z,2026-05-29T08:15:00+0200,120.54,EUR/MWh,DE,DE_LU,day_ahead_price,value,2026-06-21T20:22:25Z
2026-06-21T20:21:09Z,2026-06-21T22:21:09+0200,4c728934-15fc-48ae-9cbd-ac5715da9ca9,2026-05-29T06:30:00Z,2026-05-29T08:30:00+0200,107.0,EUR/MWh,DE,DE_LU,day_ahead_price,value,2026-06-21T20:22:25Z
2026-06-21T20:21:09Z,2026-06-21T22:21:09+0200,4c728934-15fc-48ae-9cbd-ac5715da9ca9,2026-05-29T06:45:00Z,2026-05-29T08:45:00+0200,91.51,EUR/MWh,DE,DE_LU,day_ahead_price,value,2026-06-21T20:22:25Z
2026-06-21T20:21:09Z,2026-06-21T22:21:09+0200,4c728934-15fc-48ae-9cbd-ac5715da9ca9,2026-05-29T07:00:00Z,2026-05-29T09:00:00+0200,108.14,EUR/MWh,DE,DE_LU,day_ahead_price,value,2026-06-21T20:22:25Z
2026-06-21T20:21:09Z,2026-06-21T22:21:09+0200,4c728934-15fc-48ae-9cbd-ac5715da9ca9,2026-05-29T07:15:00Z,2026-05-29T09:15:00+0200,87.32,EUR/MWh,DE,DE_LU,day_ahead_price,value,2026-06-21T20:22:25Z
2026-06-21T20:21:09Z,2026-06-21T22:21:09+0200,4c728934-15fc-48ae-9cbd-ac5715da9ca9,2026-05-29T07:30:00Z,2026-05-29T09:30:00+0200,61.63,EUR/MWh,DE,DE_LU,day_ahead_price,value,2026-06-21T20:22:25Z
2026-06-21T20:21:09Z,2026-06-21T22:21:09+0200,4c728934-15fc-48ae-9cbd-ac5715da9ca9,2026-05-29T07:45:00Z,2026-05-29T09:45:00+0200,30.54,EUR/MWh,DE,DE_LU,day_ahead_price,value,2026-06-21T20:22:25Z
2026-06-21T20:21:09Z,2026-06-21T22:21:09+0200,4c728934-15fc-48ae-9cbd-ac5715da9ca9,2026-05-29T08:00:00Z,2026-05-29T10:00:00+0200,39.0,EUR/MWh,DE,DE_LU,day_ahead_price,value,2026-06-21T20:22:25Z
2026-06-21T20:21:09Z,2026-06-21T22:21:09+0200,4c728934-15fc-48ae-9cbd-ac5715da9ca9,2026-05-29T08:15:00Z,2026-05-29T10:15:00+0200,16.92,EUR/MWh,DE,DE_LU,day_ahead_price,value,2026-06-21T20:22:25Z
2026-06-21T20:21:09Z,2026-06-21T22:21:09+0200,4c728934-15fc-48ae-9cbd-ac5715da9ca9,2026-05-29T08:30:00Z,2026-05-29T10:30:00+0200,8.34,EUR/MWh,DE,DE_LU,day_ahead_price,value,2026-06-21T20:22:25Z
2026-06-21T20:21:09Z,2026-06-21T22:21:09+0200,4c728934-15fc-48ae-9cbd-ac5715da9ca9,2026-05-29T08:45:00Z,2026-05-29T10:45:00+0200,3.85,EUR/MWh,DE,DE_LU,day_ahead_price,value,2026-06-21T20:22:25Z
2026-06-21T20:21:09Z,2026-06-21T22:21:09+0200,4c728934-15fc-48ae-9cbd-ac5715da9ca9,2026-05-29T09:00:00Z,2026-05-29T11:00:00+0200,1.36,EUR/MWh,DE,DE_LU,day_ahead_price,value,2026-06-21T20:22:25Z
2026-06-21T20:21:09Z,2026-06-21T22:21:09+0200,4c728934-15fc-48ae-9cbd-ac5715da9ca9,2026-05-29T09:15:00Z,2026-05-29T11:15:00+0200,0.0,EUR/MWh,DE,DE_LU,day_ahead_price,value,2026-06-21T20:22:25Z
2026-06-21T20:21:09Z,2026-06-21T22:21:09+0200,4c728934-15fc-48ae-9cbd-ac5715da9ca9,2026-05-29T09:30:00Z,2026-05-29T11:30:00+0200,-0.05,EUR/MWh,DE,DE_LU,day_ahead_price,value,2026-06-21T20:22:25Z
2026-06-21T20:21:09Z,2026-06-21T22:21:09+0200,4c728934-15fc-48ae-9cbd-ac5715da9ca9,2026-05-29T09:45:00Z,2026-05-29T11:45:00+0200,-0.15,EUR/MWh,DE,DE_LU,day_ahead_price,value,2026-06-21T20:22:25Z
2026-06-21T20:21:09Z,2026-06-21T22:21:09+0200,4c728934-15fc-48ae-9cbd-ac5715da9ca9,2026-05-29T10:00:00Z,2026-05-29T12:00:00+0200,-0.04,EUR/MWh,DE,DE_LU,day_ahead_price,value,2026-06-21T20:22:25Z
2026-06-21T20:21:09Z,2026-06-21T22:21:09+0200,4c728934-15fc-48ae-9cbd-ac5715da9ca9,2026-05-29T10:15:00Z,2026-05-29T12:15:00+0200,-0.04,EUR/MWh,DE,DE_LU,day_ahead_price,value,2026-06-21T20:22:25Z
2026-06-21T20:21:09Z,2026-06-21T22:21:09+0200,4c728934-15fc-48ae-9cbd-ac5715da9ca9,2026-05-29T10:30:00Z,2026-05-29T12:30:00+0200,-0.07,EUR/MWh,DE,DE_LU,day_ahead_price,value,2026-06-21T20:22:25Z
2026-06-21T20:21:09Z,2026-06-21T22:21:09+0200,4c728934-15fc-48ae-9cbd-ac5715da9ca9,2026-05-29T10:45:00Z,2026-05-29T12:45:00+0200,-0.07,EUR/MWh,DE,DE_LU,day_ahead_price,value,2026-06-21T20:22:25Z
2026-06-21T20:21:09Z,2026-06-21T22:21:09+0200,4c728934-15fc-48ae-9cbd-ac5715da9ca9,2026-05-29T11:00:00Z,2026-05-29T13:00:00+0200,-0.09,EUR/MWh,DE,DE_LU,day_ahead_price,value,2026-06-21T20:22:25Z
2026-06-21T20:21:09Z,2026-06-21T22:21:09+0200,4c728934-15fc-48ae-9cbd-ac5715da9ca9,2026-05-29T11:15:00Z,2026-05-29T13:15:00+0200,-0.04,EUR/MWh,DE,DE_LU,day_ahead_price,value,2026-06-21T20:22:25Z
2026-06-21T20:21:09Z,2026-06-21T22:21:09+0200,4c728934-15fc-48ae-9cbd-ac5715da9ca9,2026-05-29T11:30:00Z,2026-05-29T13:30:00+0200,-0.01,EUR/MWh,DE,DE_LU,day_ahead_price,value,2026-06-21T20:22:25Z
2026-06-21T20:21:09Z,2026-06-21T22:21:09+0200,4c728934-15fc-48ae-9cbd-ac5715da9ca9,2026-05-29T11:45:00Z,2026-05-29T13:45:00+0200,0.0,EUR/MWh,DE,DE_LU,day_ahead_price,value,2026-06-21T20:22:25Z
2026-06-21T20:21:09Z,2026-06-21T22:21:09+0200,4c728934-15fc-48ae-9cbd-ac5715da9ca9,2026-05-29T12:00:00Z,2026-05-29T14:00:00+0200,-0.21,EUR/MWh,DE,DE_LU,day_ahead_price,value,2026-06-21T20:22:25Z
2026-06-21T20:21:09Z,2026-06-21T22:21:09+0200,4c728934-15fc-48ae-9cbd-ac5715da9ca9,2026-05-29T12:15:00Z,2026-05-29T14:15:00+0200,-0.09,EUR/MWh,DE,DE_LU,day_ahead_price,value,2026-06-21T20:22:25Z
2026-06-21T20:21:09Z,2026-06-21T22:21:09+0200,4c728934-15fc-48ae-9cbd-ac5715da9ca9,2026-05-29T12:30:00Z,2026-05-29T14:30:00+0200,0.0,EUR/MWh,DE,DE_LU,day_ahead_price,value,2026-06-21T20:22:25Z
2026-06-21T20:21:09Z,2026-06-21T22:21:09+0200,4c728934-15fc-48ae-9cbd-ac5715da9ca9,2026-05-29T12:45:00Z,2026-05-29T14:45:00+0200,0.3,EUR/MWh,DE,DE_LU,day_ahead_price,value,2026-06-21T20:22:25Z
2026-06-21T20:21:09Z,2026-06-21T22:21:09+0200,4c728934-15fc-48ae-9cbd-ac5715da9ca9,2026-05-29T13:00:00Z,2026-05-29T15:00:00+0200,0.84,EUR/MWh,DE,DE_LU,day_ahead_price,value,2026-06-21T20:22:25Z
2026-06-21T20:21:09Z,2026-06-21T22:21:09+0200,4c728934-15fc-48ae-9cbd-ac5715da9ca9,2026-05-29T13:15:00Z,2026-05-29T15:15:00+0200,2.11,EUR/MWh,DE,DE_LU,day_ahead_price,value,2026-06-21T20:22:25Z
2026-06-21T20:21:09Z,2026-06-21T22:21:09+0200,4c728934-15fc-48ae-9cbd-ac5715da9ca9,2026-05-29T13:30:00Z,2026-05-29T15:30:00+0200,9.1,EUR/MWh,DE,DE_LU,day_ahead_price,value,2026-06-21T20:22:25Z
2026-06-21T20:21:09Z,2026-06-21T22:21:09+0200,4c728934-15fc-48ae-9cbd-ac5715da9ca9,2026-05-29T13:45:00Z,2026-05-29T15:45:00+0200,25.59,EUR/MWh,DE,DE_LU,day_ahead_price,value,2026-06-21T20:22:25Z
2026-06-21T20:21:09Z,2026-06-21T22:21:09+0200,4c728934-15fc-48ae-9cbd-ac5715da9ca9,2026-05-29T14:00:00Z,2026-05-29T16:00:00+0200,5.27,EUR/MWh,DE,DE_LU,day_ahead_price,value,2026-06-21T20:22:25Z
2026-06-21T20:21:09Z,2026-06-21T22:21:09+0200,4c728934-15fc-48ae-9cbd-ac5715da9ca9,2026-05-29T14:15:00Z,2026-05-29T16:15:00+0200,29.31,EUR/MWh,DE,DE_LU,day_ahead_price,value,2026-06-21T20:22:25Z
2026-06-21T20:21:09Z,2026-06-21T22:21:09+0200,4c728934-15fc-48ae-9cbd-ac5715da9ca9,2026-05-29T14:30:00Z,2026-05-29T16:30:00+0200,70.0,EUR/MWh,DE,DE_LU,day_ahead_price,value,2026-06-21T20:22:25Z
2026-06-21T20:21:09Z,2026-06-21T22:21:09+0200,4c728934-15fc-48ae-9cbd-ac5715da9ca9,2026-05-29T14:45:00Z,2026-05-29T16:45:00+0200,101.86,EUR/MWh,DE,DE_LU,day_ahead_price,value,2026-06-21T20:22:25Z
2026-06-21T20:21:09Z,2026-06-21T22:21:09+0200,4c728934-15fc-48ae-9cbd-ac5715da9ca9,2026-05-29T15:00:00Z,2026-05-29T17:00:00+0200,73.14,EUR/MWh,DE,DE_LU,day_ahead_price,value,2026-06-21T20:22:25Z
2026-06-21T20:21:09Z,2026-06-21T22:21:09+0200,4c728934-15fc-48ae-9cbd-ac5715da9ca9,2026-05-29T15:15:00Z,2026-05-29T17:15:00+0200,90.63,EUR/MWh,DE,DE_LU,day_ahead_price,value,2026-06-21T20:22:25Z
2026-06-21T20:21:09Z,2026-06-21T22:21:09+0200,4c728934-15fc-48ae-9cbd-ac5715da9ca9,2026-05-29T15:30:00Z,2026-05-29T17:30:00+0200,111.68,EUR/MWh,DE,DE_LU,day_ahead_price,value,2026-06-21T20:22:25Z
2026-06-21T20:21:09Z,2026-06-21T22:21:09+0200,4c728934-15fc-48ae-9cbd-ac5715da9ca9,2026-05-29T15:45:00Z,2026-05-29T17:45:00+0200,138.18,EUR/MWh,DE,DE_LU,day_ahead_price,value,2026-06-21T20:22:25Z
2026-06-21T20:21:09Z,2026-06-21T22:21:09+0200,4c728934-15fc-48ae-9cbd-ac5715da9ca9,2026-05-29T16:00:00Z,2026-05-29T18:00:00+0200,112.36,EUR/MWh,DE,DE_LU,day_ahead_price,value,2026-06-21T20:22:25Z
2026-06-21T20:21:09Z,2026-06-21T22:21:09+0200,4c728934-15fc-48ae-9cbd-ac5715da9ca9,2026-05-29T16:15:00Z,2026-05-29T18:15:00+0200,129.06,EUR/MWh,DE,DE_LU,day_ahead_price,value,2026-06-21T20:22:25Z
2026-06-21T20:21:09Z,2026-06-21T22:21:09+0200,4c728934-15fc-48ae-9cbd-ac5715da9ca9,2026-05-29T16:30:00Z,2026-05-29T18:30:00+0200,145.24,EUR/MWh,DE,DE_LU,day_ahead_price,value,2026-06-21T20:22:25Z
2026-06-21T20:21:09Z,2026-06-21T22:21:09+0200,4c728934-15fc-48ae-9cbd-ac5715da9ca9,2026-05-29T16:45:00Z,2026-05-29T18:45:00+0200,161.28,EUR/MWh,DE,DE_LU,day_ahead_price,value,2026-06-21T20:22:25Z
2026-06-21T20:21:09Z,2026-06-21T22:21:09+0200,4c728934-15fc-48ae-9cbd-ac5715da9ca9,2026-05-29T17:00:00Z,2026-05-29T19:00:00+0200,146.17,EUR/MWh,DE,DE_LU,day_ahead_price,value,2026-06-21T20:22:25Z
2026-06-21T20:21:09Z,2026-06-21T22:21:09+0200,4c728934-15fc-48ae-9cbd-ac5715da9ca9,2026-05-29T17:15:00Z,2026-05-29T19:15:00+0200,163.69,EUR/MWh,DE,DE_LU,day_ahead_price,value,2026-06-21T20:22:25Z
2026-06-21T20:21:09Z,2026-06-21T22:21:09+0200,4c728934-15fc-48ae-9cbd-ac5715da9ca9,2026-05-29T17:30:00Z,2026-05-29T19:30:00+0200,184.34,EUR/MWh,DE,DE_LU,day_ahead_price,value,2026-06-21T20:22:25Z
2026-06-21T20:21:09Z,2026-06-21T22:21:09+0200,4c728934-15fc-48ae-9cbd-ac5715da9ca9,2026-05-29T17:45:00Z,2026-05-29T19:45:00+0200,205.59,EUR/MWh,DE,DE_LU,day_ahead_price,value,2026-06-21T20:22:25Z
2026-06-21T20:21:09Z,2026-06-21T22:21:09+0200,4c728934-15fc-48ae-9cbd-ac5715da9ca9,2026-05-29T18:00:00Z,2026-05-29T20:00:00+0200,212.39,EUR/MWh,DE,DE_LU,day_ahead_price,value,2026-06-21T20:22:25Z
2026-06-21T20:21:09Z,2026-06-21T22:21:09+0200,4c728934-15fc-48ae-9cbd-ac5715da9ca9,2026-05-29T18:15:00Z,2026-05-29T20:15:00+0200,237.21,EUR/MWh,DE,DE_LU,day_ahead_price,value,2026-06-21T20:22:25Z
2026-06-21T20:21:09Z,2026-06-21T22:21:09+0200,4c728934-15fc-48ae-9cbd-ac5715da9ca9,2026-05-29T18:30:00Z,2026-05-29T20:30:00+0200,251.66,EUR/MWh,DE,DE_LU,day_ahead_price,value,2026-06-21T20:22:25Z
2026-06-21T20:21:09Z,2026-06-21T22:21:09+0200,4c728934-15fc-48ae-9cbd-ac5715da9ca9,2026-05-29T18:45:00Z,2026-05-29T20:45:00+0200,261.18,EUR/MWh,DE,DE_LU,day_ahead_price,value,2026-06-21T20:22:25Z
2026-06-21T20:21:09Z,2026-06-21T22:21:09+0200,4c728934-15fc-48ae-9cbd-ac5715da9ca9,2026-05-29T19:00:00Z,2026-05-29T21:00:00+0200,237.99,EUR/MWh,DE,DE_LU,day_ahead_price,value,2026-06-21T20:22:25Z
2026-06-21T20:21:09Z,2026-06-21T22:21:09+0200,4c728934-15fc-48ae-9cbd-ac5715da9ca9,2026-05-29T19:15:00Z,2026-05-29T21:15:00+0200,207.39,EUR/MWh,DE,DE_LU,day_ahead_price,value,2026-06-21T20:22:25Z
2026-06-21T20:21:09Z,2026-06-21T22:21:09+0200,4c728934-15fc-48ae-9cbd-ac5715da9ca9,2026-05-29T19:30:00Z,2026-05-29T21:30:00+0200,192.35,EUR/MWh,DE,DE_LU,day_ahead_price,value,2026-06-21T20:22:25Z
2026-06-21T20:21:09Z,2026-06-21T22:21:09+0200,4c728934-15fc-48ae-9cbd-ac5715da9ca9,2026-05-29T19:45:00Z,2026-05-29T21:45:00+0200,167.89,EUR/MWh,DE,DE_LU,day_ahead_price,value,2026-06-21T20:22:25Z
2026-06-21T20:21:09Z,2026-06-21T22:21:09+0200,4c728934-15fc-48ae-9cbd-ac5715da9ca9,2026-05-29T20:00:00Z,2026-05-29T22:00:00+0200,182.99,EUR/MWh,DE,DE_LU,day_ahead_price,value,2026-06-21T20:22:25Z
2026-06-21T20:21:09Z,2026-06-21T22:21:09+0200,4c728934-15fc-48ae-9cbd-ac5715da9ca9,2026-05-29T20:15:00Z,2026-05-29T22:15:00+0200,164.8,EUR/MWh,DE,DE_LU,day_ahead_price,value,2026-06-21T20:22:25Z
2026-06-21T20:21:09Z,2026-06-21T22:21:09+0200,4c728934-15fc-48ae-9cbd-ac5715da9ca9,2026-05-29T20:30:00Z,2026-05-29T22:30:00+0200,155.27,EUR/MWh,DE,DE_LU,day_ahead_price,value,2026-06-21T20:22:25Z
2026-06-21T20:21:09Z,2026-06-21T22:21:09+0200,4c728934-15fc-48ae-9cbd-ac5715da9ca9,2026-05-29T20:45:00Z,2026-05-29T22:45:00+0200,143.74,EUR/MWh,DE,DE_LU,day_ahead_price,value,2026-06-21T20:22:25Z
2026-06-21T20:21:09Z,2026-06-21T22:21:09+0200,4c728934-15fc-48ae-9cbd-ac5715da9ca9,2026-05-29T21:00:00Z,2026-05-29T23:00:00+0200,152.99,EUR/MWh,DE,DE_LU,day_ahead_price,value,2026-06-21T20:22:25Z
2026-06-21T20:21:09Z,2026-06-21T22:21:09+0200,4c728934-15fc-48ae-9cbd-ac5715da9ca9,2026-05-29T21:15:00Z,2026-05-29T23:15:00+0200,150.71,EUR/MWh,DE,DE_LU,day_ahead_price,value,2026-06-21T20:22:25Z
2026-06-21T20:21:09Z,2026-06-21T22:21:09+0200,4c728934-15fc-48ae-9cbd-ac5715da9ca9,2026-05-29T21:30:00Z,2026-05-29T23:30:00+0200,142.76,EUR/MWh,DE,DE_LU,day_ahead_price,value,2026-06-21T20:22:25Z
2026-06-21T20:21:09Z,2026-06-21T22:21:09+0200,4c728934-15fc-48ae-9cbd-ac5715da9ca9,2026-05-29T21:45:00Z,2026-05-29T23:45:00+0200,134.31,EUR/MWh,DE,DE_LU,day_ahead_price,value,2026-06-21T20:22:25Z
2026-06-21T20:21:09Z,2026-06-21T22:21:09+0200,4c728934-15fc-48ae-9cbd-ac5715da9ca9,2026-05-29T22:00:00Z,2026-05-30T00:00:00+0200,145.0,EUR/MWh,DE,DE_LU,day_ahead_price,value,2026-06-21T20:22:25Z
2026-06-21T20:21:09Z,2026-06-21T22:21:09+0200,4c728934-15fc-48ae-9cbd-ac5715da9ca9,2026-05-29T22:15:00Z,2026-05-30T00:15:00+0200,136.85,EUR/MWh,DE,DE_LU,day_ahead_price,value,2026-06-21T20:22:25Z
2026-06-21T20:21:09Z,2026-06-21T22:21:09+0200,4c728934-15fc-48ae-9cbd-ac5715da9ca9,2026-05-29T22:30:00Z,2026-05-30T00:30:00+0200,132.43,EUR/MWh,DE,DE_LU,day_ahead_price,value,2026-06-21T20:22:25Z
2026-06-21T20:21:09Z,2026-06-21T22:21:09+0200,4c728934-15fc-48ae-9cbd-ac5715da9ca9,2026-05-29T22:45:00Z,2026-05-30T00:45:00+0200,127.78,EUR/MWh,DE,DE_LU,day_ahead_price,value,2026-06-21T20:22:25Z
2026-06-21T20:21:09Z,2026-06-21T22:21:09+0200,4c728934-15fc-48ae-9cbd-ac5715da9ca9,2026-05-29T23:00:00Z,2026-05-30T01:00:00+0200,133.39,EUR/MWh,DE,DE_LU,day_ahead_price,value,2026-06-21T20:22:25Z
2026-06-21T20:21:09Z,2026-06-21T22:21:09+0200,4c728934-15fc-48ae-9cbd-ac5715da9ca9,2026-05-29T23:15:00Z,2026-05-30T01:15:00+0200,129.2,EUR/MWh,DE,DE_LU,day_ahead_price,value,2026-06-21T20:22:25Z
2026-06-21T20:21:09Z,2026-06-21T22:21:09+0200,4c728934-15fc-48ae-9cbd-ac5715da9ca9,2026-05-29T23:30:00Z,2026-05-30T01:30:00+0200,126.54,EUR/MWh,DE,DE_LU,day_ahead_price,value,2026-06-21T20:22:25Z
2026-06-21T20:21:09Z,2026-06-21T22:21:09+0200,4c728934-15fc-48ae-9cbd-ac5715da9ca9,2026-05-29T23:45:00Z,2026-05-30T01:45:00+0200,124.67,EUR/MWh,DE,DE_LU,day_ahead_price,value,2026-06-21T20:22:25Z
2026-06-21T20:21:09Z,2026-06-21T22:21:09+0200,4c728934-15fc-48ae-9cbd-ac5715da9ca9,2026-05-30T00:00:00Z,2026-05-30T02:00:00+0200,125.01,EUR/MWh,DE,DE_LU,day_ahead_price,value,2026-06-21T20:22:25Z
2026-06-21T20:21:09Z,2026-06-21T22:21:09+0200,4c728934-15fc-48ae-9cbd-ac5715da9ca9,2026-05-30T00:15:00Z,2026-05-30T02:15:00+0200,123.65,EUR/MWh,DE,DE_LU,day_ahead_price,value,2026-06-21T20:22:25Z
2026-06-21T20:21:09Z,2026-06-21T22:21:09+0200,4c728934-15fc-48ae-9cbd-ac5715da9ca9,2026-05-30T00:30:00Z,2026-05-30T02:30:00+0200,124.0,EUR/MWh,DE,DE_LU,day_ahead_price,value,2026-06-21T20:22:25Z
2026-06-21T20:21:09Z,2026-06-21T22:21:09+0200,4c728934-15fc-48ae-9cbd-ac5715da9ca9,2026-05-30T00:45:00Z,2026-05-30T02:45:00+0200,122.43,EUR/MWh,DE,DE_LU,day_ahead_price,value,2026-06-21T20:22:25Z
2026-06-21T20:21:09Z,2026-06-21T22:21:09+0200,4c728934-15fc-48ae-9cbd-ac5715da9ca9,2026-05-30T01:00:00Z,2026-05-30T03:00:00+0200,122.23,EUR/MWh,DE,DE_LU,day_ahead_price,value,2026-06-21T20:22:25Z
2026-06-21T20:21:09Z,2026-06-21T22:21:09+0200,4c728934-15fc-48ae-9cbd-ac5715da9ca9,2026-05-30T01:15:00Z,2026-05-30T03:15:00+0200,120.07,EUR/MWh,DE,DE_LU,day_ahead_price,value,2026-06-21T20:22:25Z
2026-06-21T20:21:09Z,2026-06-21T22:21:09+0200,4c728934-15fc-48ae-9cbd-ac5715da9ca9,2026-05-30T01:30:00Z,2026-05-30T03:30:00+0200,120.86,EUR/MWh,DE,DE_LU,day_ahead_price,value,2026-06-21T20:22:25Z
2026-06-21T20:21:09Z,2026-06-21T22:21:09+0200,4c728934-15fc-48ae-9cbd-ac5715da9ca9,2026-05-30T01:45:00Z,2026-05-30T03:45:00+0200,121.18,EUR/MWh,DE,DE_LU,day_ahead_price,value,2026-06-21T20:22:25Z
2026-06-21T20:21:09Z,2026-06-21T22:21:09+0200,4c728934-15fc-48ae-9cbd-ac5715da9ca9,2026-05-30T02:00:00Z,2026-05-30T04:00:00+0200,122.77,EUR/MWh,DE,DE_LU,day_ahead_price,value,2026-06-21T20:22:25Z
2026-06-21T20:21:09Z,2026-06-21T22:21:09+0200,4c728934-15fc-48ae-9cbd-ac5715da9ca9,2026-05-30T02:15:00Z,2026-05-30T04:15:00+0200,124.33,EUR/MWh,DE,DE_LU,day_ahead_price,value,2026-06-21T20:22:25Z
2026-06-21T20:21:09Z,2026-06-21T22:21:09+0200,4c728934-15fc-48ae-9cbd-ac5715da9ca9,2026-05-30T02:30:00Z,2026-05-30T04:30:00+0200,126.26,EUR/MWh,DE,DE_LU,day_ahead_price,value,2026-06-21T20:22:25Z
2026-06-21T20:21:09Z,2026-06-21T22:21:09+0200,4c728934-15fc-48ae-9cbd-ac5715da9ca9,2026-05-30T02:45:00Z,2026-05-30T04:45:00+0200,128.07,EUR/MWh,DE,DE_LU,day_ahead_price,value,2026-06-21T20:22:25Z
2026-06-21T20:21:09Z,2026-06-21T22:21:09+0200,4c728934-15fc-48ae-9cbd-ac5715da9ca9,2026-05-30T03:00:00Z,2026-05-30T05:00:00+0200,128.62,EUR/MWh,DE,DE_LU,day_ahead_price,value,2026-06-21T20:22:25Z
2026-06-21T20:21:09Z,2026-06-21T22:21:09+0200,4c728934-15fc-48ae-9cbd-ac5715da9ca9,2026-05-30T03:15:00Z,2026-05-30T05:15:00+0200,125.87,EUR/MWh,DE,DE_LU,day_ahead_price,value,2026-06-21T20:22:25Z
2026-06-21T20:21:09Z,2026-06-21T22:21:09+0200,4c728934-15fc-48ae-9cbd-ac5715da9ca9,2026-05-30T03:30:00Z,2026-05-30T05:30:00+0200,124.0,EUR/MWh,DE,DE_LU,day_ahead_price,value,2026-06-21T20:22:25Z
2026-06-21T20:21:09Z,2026-06-21T22:21:09+0200,4c728934-15fc-48ae-9cbd-ac5715da9ca9,2026-05-30T03:45:00Z,2026-05-30T05:45:00+0200,121.69,EUR/MWh,DE,DE_LU,day_ahead_price,value,2026-06-21T20:22:25Z
2026-06-21T20:21:09Z,2026-06-21T22:21:09+0200,4c728934-15fc-48ae-9cbd-ac5715da9ca9,2026-05-30T04:00:00Z,2026-05-30T06:00:00+0200,123.56,EUR/MWh,DE,DE_LU,day_ahead_price,value,2026-06-21T20:22:25Z
2026-06-21T20:21:09Z,2026-06-21T22:21:09+0200,4c728934-15fc-48ae-9cbd-ac5715da9ca9,2026-05-30T04:15:00Z,2026-05-30T06:15:00+0200,120.3,EUR/MWh,DE,DE_LU,day_ahead_price,value,2026-06-21T20:22:25Z
2026-06-21T20:21:09Z,2026-06-21T22:21:09+0200,4c728934-15fc-48ae-9cbd-ac5715da9ca9,2026-05-30T04:30:00Z,2026-05-30T06:30:00+0200,119.64,EUR/MWh,DE,DE_LU,day_ahead_price,value,2026-06-21T20:22:25Z
2026-06-21T20:21:09Z,2026-06-21T22:21:09+0200,4c728934-15fc-48ae-9cbd-ac5715da9ca9,2026-05-30T04:45:00Z,2026-05-30T06:45:00+0200,112.47,EUR/MWh,DE,DE_LU,day_ahead_price,value,2026-06-21T20:22:25Z
2026-06-21T20:21:09Z,2026-06-21T22:21:09+0200,4c728934-15fc-48ae-9cbd-ac5715da9ca9,2026-05-30T05:00:00Z,2026-05-30T07:00:00+0200,120.53,EUR/MWh,DE,DE_LU,day_ahead_price,value,2026-06-21T20:22:25Z
2026-06-21T20:21:09Z,2026-06-21T22:21:09+0200,4c728934-15fc-48ae-9cbd-ac5715da9ca9,2026-05-30T05:15:00Z,2026-05-30T07:15:00+0200,114.24,EUR/MWh,DE,DE_LU,day_ahead_price,value,2026-06-21T20:22:25Z
2026-06-21T20:21:09Z,2026-06-21T22:21:09+0200,4c728934-15fc-48ae-9cbd-ac5715da9ca9,2026-05-30T05:30:00Z,2026-05-30T07:30:00+0200,108.48,EUR/MWh,DE,DE_LU,day_ahead_price,value,2026-06-21T20:22:25Z
2026-06-21T20:21:09Z,2026-06-21T22:21:09+0200,4c728934-15fc-48ae-9cbd-ac5715da9ca9,2026-05-30T05:45:00Z,2026-05-30T07:45:00+0200,93.13,EUR/MWh,DE,DE_LU,day_ahead_price,value,2026-06-21T20:22:25Z
2026-06-21T20:21:09Z,2026-06-21T22:21:09+0200,4c728934-15fc-48ae-9cbd-ac5715da9ca9,2026-05-30T06:00:00Z,2026-05-30T08:00:00+0200,117.09,EUR/MWh,DE,DE_LU,day_ahead_price,value,2026-06-21T20:22:25Z
2026-06-21T20:21:09Z,2026-06-21T22:21:09+0200,4c728934-15fc-48ae-9cbd-ac5715da9ca9,2026-05-30T06:15:00Z,2026-05-30T08:15:00+0200,96.74,EUR/MWh,DE,DE_LU,day_ahead_price,value,2026-06-21T20:22:25Z
2026-06-21T20:21:09Z,2026-06-21T22:21:09+0200,4c728934-15fc-48ae-9cbd-ac5715da9ca9,2026-05-30T06:30:00Z,2026-05-30T08:30:00+0200,79.31,EUR/MWh,DE,DE_LU,day_ahead_price,value,2026-06-21T20:22:25Z
2026-06-21T20:21:09Z,2026-06-21T22:21:09+0200,4c728934-15fc-48ae-9cbd-ac5715da9ca9,2026-05-30T06:45:00Z,2026-05-30T08:45:00+0200,62.33,EUR/MWh,DE,DE_LU,day_ahead_price,value,2026-06-21T20:22:25Z
2026-06-21T20:21:09Z,2026-06-21T22:21:09+0200,4c728934-15fc-48ae-9cbd-ac5715da9ca9,2026-05-30T07:00:00Z,2026-05-30T09:00:00+0200,75.59,EUR/MWh,DE,DE_LU,day_ahead_price,value,2026-06-21T20:22:25Z
2026-06-21T20:21:09Z,2026-06-21T22:21:09+0200,4c728934-15fc-48ae-9cbd-ac5715da9ca9,2026-05-30T07:15:00Z,2026-05-30T09:15:00+0200,46.95,EUR/MWh,DE,DE_LU,day_ahead_price,value,2026-06-21T20:22:25Z
2026-06-21T20:21:09Z,2026-06-21T22:21:09+0200,4c728934-15fc-48ae-9cbd-ac5715da9ca9,2026-05-30T07:30:00Z,2026-05-30T09:30:00+0200,16.59,EUR/MWh,DE,DE_LU,day_ahead_price,value,2026-06-21T20:22:25Z
2026-06-21T20:21:09Z,2026-06-21T22:21:09+0200,4c728934-15fc-48ae-9cbd-ac5715da9ca9,2026-05-30T07:45:00Z,2026-05-30T09:45:00+0200,7.6,EUR/MWh,DE,DE_LU,day_ahead_price,value,2026-06-21T20:22:25Z
2026-06-21T20:21:09Z,2026-06-21T22:21:09+0200,4c728934-15fc-48ae-9cbd-ac5715da9ca9,2026-05-30T08:00:00Z,2026-05-30T10:00:00+0200,9.99,EUR/MWh,DE,DE_LU,day_ahead_price,value,2026-06-21T20:22:25Z
2026-06-21T20:21:09Z,2026-06-21T22:21:09+0200,4c728934-15fc-48ae-9cbd-ac5715da9ca9,2026-05-30T08:15:00Z,2026-05-30T10:15:00+0200,1.75,EUR/MWh,DE,DE_LU,day_ahead_price,value,2026-06-21T20:22:25Z
2026-06-21T20:21:09Z,2026-06-21T22:21:09+0200,4c728934-15fc-48ae-9cbd-ac5715da9ca9,2026-05-30T08:30:00Z,2026-05-30T10:30:00+0200,0.1,EUR/MWh,DE,DE_LU,day_ahead_price,value,2026-06-21T20:22:25Z
2026-06-21T20:21:09Z,2026-06-21T22:21:09+0200,4c728934-15fc-48ae-9cbd-ac5715da9ca9,2026-05-30T08:45:00Z,2026-05-30T10:45:00+0200,0.0,EUR/MWh,DE,DE_LU,day_ahead_price,value,2026-06-21T20:22:25Z
2026-06-21T20:21:09Z,2026-06-21T22:21:09+0200,4c728934-15fc-48ae-9cbd-ac5715da9ca9,2026-05-30T09:00:00Z,2026-05-30T11:00:00+0200,0.0,EUR/MWh,DE,DE_LU,day_ahead_price,value,2026-06-21T20:22:25Z
2026-06-21T20:21:09Z,2026-06-21T22:21:09+0200,4c728934-15fc-48ae-9cbd-ac5715da9ca9,2026-05-30T09:15:00Z,2026-05-30T11:15:00+0200,0.0,EUR/MWh,DE,DE_LU,day_ahead_price,value,2026-06-21T20:22:25Z
2026-06-21T20:21:09Z,2026-06-21T22:21:09+0200,4c728934-15fc-48ae-9cbd-ac5715da9ca9,2026-05-30T09:30:00Z,2026-05-30T11:30:00+0200,-0.01,EUR/MWh,DE,DE_LU,day_ahead_price,value,2026-06-21T20:22:25Z
2026-06-21T20:21:09Z,2026-06-21T22:21:09+0200,4c728934-15fc-48ae-9cbd-ac5715da9ca9,2026-05-30T09:45:00Z,2026-05-30T11:45:00+0200,-0.01,EUR/MWh,DE,DE_LU,day_ahead_price,value,2026-06-21T20:22:25Z
2026-06-21T20:21:09Z,2026-06-21T22:21:09+0200,4c728934-15fc-48ae-9cbd-ac5715da9ca9,2026-05-30T10:00:00Z,2026-05-30T12:00:00+0200,-0.01,EUR/MWh,DE,DE_LU,day_ahead_price,value,2026-06-21T20:22:25Z
2026-06-21T20:21:09Z,2026-06-21T22:21:09+0200,4c728934-15fc-48ae-9cbd-ac5715da9ca9,2026-05-30T10:15:00Z,2026-05-30T12:15:00+0200,-0.05,EUR/MWh,DE,DE_LU,day_ahead_price,value,2026-06-21T20:22:25Z
2026-06-21T20:21:09Z,2026-06-21T22:21:09+0200,4c728934-15fc-48ae-9cbd-ac5715da9ca9,2026-05-30T10:30:00Z,2026-05-30T12:30:00+0200,-0.05,EUR/MWh,DE,DE_LU,day_ahead_price,value,2026-06-21T20:22:25Z
2026-06-21T20:21:09Z,2026-06-21T22:21:09+0200,4c728934-15fc-48ae-9cbd-ac5715da9ca9,2026-05-30T10:45:00Z,2026-05-30T12:45:00+0200,-0.1,EUR/MWh,DE,DE_LU,day_ahead_price,value,2026-06-21T20:22:25Z
2026-06-21T20:21:09Z,2026-06-21T22:21:09+0200,4c728934-15fc-48ae-9cbd-ac5715da9ca9,2026-05-30T11:00:00Z,2026-05-30T13:00:00+0200,-1.01,EUR/MWh,DE,DE_LU,day_ahead_price,value,2026-06-21T20:22:25Z
2026-06-21T20:21:09Z,2026-06-21T22:21:09+0200,4c728934-15fc-48ae-9cbd-ac5715da9ca9,2026-05-30T11:15:00Z,2026-05-30T13:15:00+0200,-1.29,EUR/MWh,DE,DE_LU,day_ahead_price,value,2026-06-21T20:22:25Z
2026-06-21T20:21:09Z,2026-06-21T22:21:09+0200,4c728934-15fc-48ae-9cbd-ac5715da9ca9,2026-05-30T11:30:00Z,2026-05-30T13:30:00+0200,-1.44,EUR/MWh,DE,DE_LU,day_ahead_price,value,2026-06-21T20:22:25Z
2026-06-21T20:21:09Z,2026-06-21T22:21:09+0200,4c728934-15fc-48ae-9cbd-ac5715da9ca9,2026-05-30T11:45:00Z,2026-05-30T13:45:00+0200,-2.03,EUR/MWh,DE,DE_LU,day_ahead_price,value,2026-06-21T20:22:25Z
2026-06-21T20:21:09Z,2026-06-21T22:21:09+0200,4c728934-15fc-48ae-9cbd-ac5715da9ca9,2026-05-30T12:00:00Z,2026-05-30T14:00:00+0200,-1.08,EUR/MWh,DE,DE_LU,day_ahead_price,value,2026-06-21T20:22:25Z
2026-06-21T20:21:09Z,2026-06-21T22:21:09+0200,4c728934-15fc-48ae-9cbd-ac5715da9ca9,2026-05-30T12:15:00Z,2026-05-30T14:15:00+0200,-1.0,EUR/MWh,DE,DE_LU,day_ahead_price,value,2026-06-21T20:22:25Z
2026-06-21T20:21:09Z,2026-06-21T22:21:09+0200,4c728934-15fc-48ae-9cbd-ac5715da9ca9,2026-05-30T12:30:00Z,2026-05-30T14:30:00+0200,-0.71,EUR/MWh,DE,DE_LU,day_ahead_price,value,2026-06-21T20:22:25Z
2026-06-21T20:21:09Z,2026-06-21T22:21:09+0200,4c728934-15fc-48ae-9cbd-ac5715da9ca9,2026-05-30T12:45:00Z,2026-05-30T14:45:00+0200,-0.2,EUR/MWh,DE,DE_LU,day_ahead_price,value,2026-06-21T20:22:25Z
2026-06-21T20:21:09Z,2026-06-21T22:21:09+0200,4c728934-15fc-48ae-9cbd-ac5715da9ca9,2026-05-30T13:00:00Z,2026-05-30T15:00:00+0200,-0.02,EUR/MWh,DE,DE_LU,day_ahead_price,value,2026-06-21T20:22:25Z
2026-06-21T20:21:09Z,2026-06-21T22:21:09+0200,4c728934-15fc-48ae-9cbd-ac5715da9ca9,2026-05-30T13:15:00Z,2026-05-30T15:15:00+0200,-0.01,EUR/MWh,DE,DE_LU,day_ahead_price,value,2026-06-21T20:22:25Z
2026-06-21T20:21:09Z,2026-06-21T22:21:09+0200,4c728934-15fc-48ae-9cbd-ac5715da9ca9,2026-05-30T13:30:00Z,2026-05-30T15:30:00+0200,-0.01,EUR/MWh,DE,DE_LU,day_ahead_price,value,2026-06-21T20:22:25Z
2026-06-21T20:21:09Z,2026-06-21T22:21:09+0200,4c728934-15fc-48ae-9cbd-ac5715da9ca9,2026-05-30T13:45:00Z,2026-05-30T15:45:00+0200,0.0,EUR/MWh,DE,DE_LU,day_ahead_price,value,2026-06-21T20:22:25Z
2026-06-21T20:21:09Z,2026-06-21T22:21:09+0200,4c728934-15fc-48ae-9cbd-ac5715da9ca9,2026-05-30T14:00:00Z,2026-05-30T16:00:00+0200,0.0,EUR/MWh,DE,DE_LU,day_ahead_price,value,2026-06-21T20:22:25Z
2026-06-21T20:21:09Z,2026-06-21T22:21:09+0200,4c728934-15fc-48ae-9cbd-ac5715da9ca9,2026-05-30T14:15:00Z,2026-05-30T16:15:00+0200,0.0,EUR/MWh,DE,DE_LU,day_ahead_price,value,2026-06-21T20:22:25Z
2026-06-21T20:21:09Z,2026-06-21T22:21:09+0200,4c728934-15fc-48ae-9cbd-ac5715da9ca9,2026-05-30T14:30:00Z,2026-05-30T16:30:00+0200,0.51,EUR/MWh,DE,DE_LU,day_ahead_price,value,2026-06-21T20:22:25Z
2026-06-21T20:21:09Z,2026-06-21T22:21:09+0200,4c728934-15fc-48ae-9cbd-ac5715da9ca9,2026-05-30T14:45:00Z,2026-05-30T16:45:00+0200,11.52,EUR/MWh,DE,DE_LU,day_ahead_price,value,2026-06-21T20:22:25Z
2026-06-21T20:21:09Z,2026-06-21T22:21:09+0200,4c728934-15fc-48ae-9cbd-ac5715da9ca9,2026-05-30T15:00:00Z,2026-05-30T17:00:00+0200,8.44,EUR/MWh,DE,DE_LU,day_ahead_price,value,2026-06-21T20:22:25Z
2026-06-21T20:21:09Z,2026-06-21T22:21:09+0200,4c728934-15fc-48ae-9cbd-ac5715da9ca9,2026-05-30T15:15:00Z,2026-05-30T17:15:00+0200,49.08,EUR/MWh,DE,DE_LU,day_ahead_price,value,2026-06-21T20:22:25Z
2026-06-21T20:21:09Z,2026-06-21T22:21:09+0200,4c728934-15fc-48ae-9cbd-ac5715da9ca9,2026-05-30T15:30:00Z,2026-05-30T17:30:00+0200,87.48,EUR/MWh,DE,DE_LU,day_ahead_price,value,2026-06-21T20:22:25Z
2026-06-21T20:21:09Z,2026-06-21T22:21:09+0200,4c728934-15fc-48ae-9cbd-ac5715da9ca9,2026-05-30T15:45:00Z,2026-05-30T17:45:00+0200,105.0,EUR/MWh,DE,DE_LU,day_ahead_price,value,2026-06-21T20:22:25Z
2026-06-21T20:21:09Z,2026-06-21T22:21:09+0200,4c728934-15fc-48ae-9cbd-ac5715da9ca9,2026-05-30T16:00:00Z,2026-05-30T18:00:00+0200,78.97,EUR/MWh,DE,DE_LU,day_ahead_price,value,2026-06-21T20:22:25Z
2026-06-21T20:21:09Z,2026-06-21T22:21:09+0200,4c728934-15fc-48ae-9cbd-ac5715da9ca9,2026-05-30T16:15:00Z,2026-05-30T18:15:00+0200,102.19,EUR/MWh,DE,DE_LU,day_ahead_price,value,2026-06-21T20:22:25Z
2026-06-21T20:21:09Z,2026-06-21T22:21:09+0200,4c728934-15fc-48ae-9cbd-ac5715da9ca9,2026-05-30T16:30:00Z,2026-05-30T18:30:00+0200,119.58,EUR/MWh,DE,DE_LU,day_ahead_price,value,2026-06-21T20:22:25Z
2026-06-21T20:21:09Z,2026-06-21T22:21:09+0200,4c728934-15fc-48ae-9cbd-ac5715da9ca9,2026-05-30T16:45:00Z,2026-05-30T18:45:00+0200,127.29,EUR/MWh,DE,DE_LU,day_ahead_price,value,2026-06-21T20:22:25Z
2026-06-21T20:21:09Z,2026-06-21T22:21:09+0200,4c728934-15fc-48ae-9cbd-ac5715da9ca9,2026-05-30T17:00:00Z,2026-05-30T19:00:00+0200,125.3,EUR/MWh,DE,DE_LU,day_ahead_price,value,2026-06-21T20:22:25Z
2026-06-21T20:21:09Z,2026-06-21T22:21:09+0200,4c728934-15fc-48ae-9cbd-ac5715da9ca9,2026-05-30T17:15:00Z,2026-05-30T19:15:00+0200,132.4,EUR/MWh,DE,DE_LU,day_ahead_price,value,2026-06-21T20:22:25Z
2026-06-21T20:21:09Z,2026-06-21T22:21:09+0200,4c728934-15fc-48ae-9cbd-ac5715da9ca9,2026-05-30T17:30:00Z,2026-05-30T19:30:00+0200,146.21,EUR/MWh,DE,DE_LU,day_ahead_price,value,2026-06-21T20:22:25Z
2026-06-21T20:21:09Z,2026-06-21T22:21:09+0200,4c728934-15fc-48ae-9cbd-ac5715da9ca9,2026-05-30T17:45:00Z,2026-05-30T19:45:00+0200,155.58,EUR/MWh,DE,DE_LU,day_ahead_price,value,2026-06-21T20:22:25Z
2026-06-21T20:21:09Z,2026-06-21T22:21:09+0200,4c728934-15fc-48ae-9cbd-ac5715da9ca9,2026-05-30T18:00:00Z,2026-05-30T20:00:00+0200,142.31,EUR/MWh,DE,DE_LU,day_ahead_price,value,2026-06-21T20:22:25Z
2026-06-21T20:21:09Z,2026-06-21T22:21:09+0200,4c728934-15fc-48ae-9cbd-ac5715da9ca9,2026-05-30T18:15:00Z,2026-05-30T20:15:00+0200,155.2,EUR/MWh,DE,DE_LU,day_ahead_price,value,2026-06-21T20:22:25Z
2026-06-21T20:21:09Z,2026-06-21T22:21:09+0200,4c728934-15fc-48ae-9cbd-ac5715da9ca9,2026-05-30T18:30:00Z,2026-05-30T20:30:00+0200,168.14,EUR/MWh,DE,DE_LU,day_ahead_price,value,2026-06-21T20:22:25Z
2026-06-21T20:21:09Z,2026-06-21T22:21:09+0200,4c728934-15fc-48ae-9cbd-ac5715da9ca9,2026-05-30T18:45:00Z,2026-05-30T20:45:00+0200,176.45,EUR/MWh,DE,DE_LU,day_ahead_price,value,2026-06-21T20:22:25Z
2026-06-21T20:21:09Z,2026-06-21T22:21:09+0200,4c728934-15fc-48ae-9cbd-ac5715da9ca9,2026-05-30T19:00:00Z,2026-05-30T21:00:00+0200,172.21,EUR/MWh,DE,DE_LU,day_ahead_price,value,2026-06-21T20:22:25Z
2026-06-21T20:21:09Z,2026-06-21T22:21:09+0200,4c728934-15fc-48ae-9cbd-ac5715da9ca9,2026-05-30T19:15:00Z,2026-05-30T21:15:00+0200,170.38,EUR/MWh,DE,DE_LU,day_ahead_price,value,2026-06-21T20:22:25Z
2026-06-21T20:21:09Z,2026-06-21T22:21:09+0200,4c728934-15fc-48ae-9cbd-ac5715da9ca9,2026-05-30T19:30:00Z,2026-05-30T21:30:00+0200,176.28,EUR/MWh,DE,DE_LU,day_ahead_price,value,2026-06-21T20:22:25Z
2026-06-21T20:21:09Z,2026-06-21T22:21:09+0200,4c728934-15fc-48ae-9cbd-ac5715da9ca9,2026-05-30T19:45:00Z,2026-05-30T21:45:00+0200,168.51,EUR/MWh,DE,DE_LU,day_ahead_price,value,2026-06-21T20:22:25Z
2026-06-21T20:21:09Z,2026-06-21T22:21:09+0200,4c728934-15fc-48ae-9cbd-ac5715da9ca9,2026-05-30T20:00:00Z,2026-05-30T22:00:00+0200,173.86,EUR/MWh,DE,DE_LU,day_ahead_price,value,2026-06-21T20:22:25Z
2026-06-21T20:21:09Z,2026-06-21T22:21:09+0200,4c728934-15fc-48ae-9cbd-ac5715da9ca9,2026-05-30T20:15:00Z,2026-05-30T22:15:00+0200,160.92,EUR/MWh,DE,DE_LU,day_ahead_price,value,2026-06-21T20:22:25Z
2026-06-21T20:21:09Z,2026-06-21T22:21:09+0200,4c728934-15fc-48ae-9cbd-ac5715da9ca9,2026-05-30T20:30:00Z,2026-05-30T22:30:00+0200,156.0,EUR/MWh,DE,DE_LU,day_ahead_price,value,2026-06-21T20:22:25Z
2026-06-21T20:21:09Z,2026-06-21T22:21:09+0200,4c728934-15fc-48ae-9cbd-ac5715da9ca9,2026-05-30T20:45:00Z,2026-05-30T22:45:00+0200,146.83,EUR/MWh,DE,DE_LU,day_ahead_price,value,2026-06-21T20:22:25Z
2026-06-21T20:21:09Z,2026-06-21T22:21:09+0200,4c728934-15fc-48ae-9cbd-ac5715da9ca9,2026-05-30T21:00:00Z,2026-05-30T23:00:00+0200,150.13,EUR/MWh,DE,DE_LU,day_ahead_price,value,2026-06-21T20:22:25Z
2026-06-21T20:21:09Z,2026-06-21T22:21:09+0200,4c728934-15fc-48ae-9cbd-ac5715da9ca9,2026-05-30T21:15:00Z,2026-05-30T23:15:00+0200,142.71,EUR/MWh,DE,DE_LU,day_ahead_price,value,2026-06-21T20:22:25Z
2026-06-21T20:21:09Z,2026-06-21T22:21:09+0200,4c728934-15fc-48ae-9cbd-ac5715da9ca9,2026-05-30T21:30:00Z,2026-05-30T23:30:00+0200,140.61,EUR/MWh,DE,DE_LU,day_ahead_price,value,2026-06-21T20:22:25Z
2026-06-21T20:21:09Z,2026-06-21T22:21:09+0200,4c728934-15fc-48ae-9cbd-ac5715da9ca9,2026-05-30T21:45:00Z,2026-05-30T23:45:00+0200,138.71,EUR/MWh,DE,DE_LU,day_ahead_price,value,2026-06-21T20:22:25Z
2026-06-21T20:21:09Z,2026-06-21T22:21:09+0200,4c728934-15fc-48ae-9cbd-ac5715da9ca9,2026-05-30T22:00:00Z,2026-05-31T00:00:00+0200,146.56,EUR/MWh,DE,DE_LU,day_ahead_price,value,2026-06-21T20:22:25Z
2026-06-21T20:21:09Z,2026-06-21T22:21:09+0200,4c728934-15fc-48ae-9cbd-ac5715da9ca9,2026-05-30T22:15:00Z,2026-05-31T00:15:00+0200,139.0,EUR/MWh,DE,DE_LU,day_ahead_price,value,2026-06-21T20:22:25Z
2026-06-21T20:21:09Z,2026-06-21T22:21:09+0200,4c728934-15fc-48ae-9cbd-ac5715da9ca9,2026-05-30T22:30:00Z,2026-05-31T00:30:00+0200,134.18,EUR/MWh,DE,DE_LU,day_ahead_price,value,2026-06-21T20:22:25Z
2026-06-21T20:21:09Z,2026-06-21T22:21:09+0200,4c728934-15fc-48ae-9cbd-ac5715da9ca9,2026-05-30T22:45:00Z,2026-05-31T00:45:00+0200,125.91,EUR/MWh,DE,DE_LU,day_ahead_price,value,2026-06-21T20:22:25Z
2026-06-21T20:21:09Z,2026-06-21T22:21:09+0200,4c728934-15fc-48ae-9cbd-ac5715da9ca9,2026-05-30T23:00:00Z,2026-05-31T01:00:00+0200,132.55,EUR/MWh,DE,DE_LU,day_ahead_price,value,2026-06-21T20:22:25Z
2026-06-21T20:21:09Z,2026-06-21T22:21:09+0200,4c728934-15fc-48ae-9cbd-ac5715da9ca9,2026-05-30T23:15:00Z,2026-05-31T01:15:00+0200,129.61,EUR/MWh,DE,DE_LU,day_ahead_price,value,2026-06-21T20:22:25Z
2026-06-21T20:21:09Z,2026-06-21T22:21:09+0200,4c728934-15fc-48ae-9cbd-ac5715da9ca9,2026-05-30T23:30:00Z,2026-05-31T01:30:00+0200,128.09,EUR/MWh,DE,DE_LU,day_ahead_price,value,2026-06-21T20:22:25Z
2026-06-21T20:21:09Z,2026-06-21T22:21:09+0200,4c728934-15fc-48ae-9cbd-ac5715da9ca9,2026-05-30T23:45:00Z,2026-05-31T01:45:00+0200,126.17,EUR/MWh,DE,DE_LU,day_ahead_price,value,2026-06-21T20:22:25Z
2026-06-21T20:21:09Z,2026-06-21T22:21:09+0200,4c728934-15fc-48ae-9cbd-ac5715da9ca9,2026-05-31T00:00:00Z,2026-05-31T02:00:00+0200,127.54,EUR/MWh,DE,DE_LU,day_ahead_price,value,2026-06-21T20:22:25Z
2026-06-21T20:21:09Z,2026-06-21T22:21:09+0200,4c728934-15fc-48ae-9cbd-ac5715da9ca9,2026-05-31T00:15:00Z,2026-05-31T02:15:00+0200,126.55,EUR/MWh,DE,DE_LU,day_ahead_price,value,2026-06-21T20:22:25Z
2026-06-21T20:21:09Z,2026-06-21T22:21:09+0200,4c728934-15fc-48ae-9cbd-ac5715da9ca9,2026-05-31T00:30:00Z,2026-05-31T02:30:00+0200,126.31,EUR/MWh,DE,DE_LU,day_ahead_price,value,2026-06-21T20:22:25Z
2026-06-21T20:21:09Z,2026-06-21T22:21:09+0200,4c728934-15fc-48ae-9cbd-ac5715da9ca9,2026-05-31T00:45:00Z,2026-05-31T02:45:00+0200,123.26,EUR/MWh,DE,DE_LU,day_ahead_price,value,2026-06-21T20:22:25Z
2026-06-21T20:21:09Z,2026-06-21T22:21:09+0200,4c728934-15fc-48ae-9cbd-ac5715da9ca9,2026-05-31T01:00:00Z,2026-05-31T03:00:00+0200,124.98,EUR/MWh,DE,DE_LU,day_ahead_price,value,2026-06-21T20:22:25Z
2026-06-21T20:21:09Z,2026-06-21T22:21:09+0200,4c728934-15fc-48ae-9cbd-ac5715da9ca9,2026-05-31T01:15:00Z,2026-05-31T03:15:00+0200,124.08,EUR/MWh,DE,DE_LU,day_ahead_price,value,2026-06-21T20:22:25Z
2026-06-21T20:21:09Z,2026-06-21T22:21:09+0200,4c728934-15fc-48ae-9cbd-ac5715da9ca9,2026-05-31T01:30:00Z,2026-05-31T03:30:00+0200,125.16,EUR/MWh,DE,DE_LU,day_ahead_price,value,2026-06-21T20:22:25Z
2026-06-21T20:21:09Z,2026-06-21T22:21:09+0200,4c728934-15fc-48ae-9cbd-ac5715da9ca9,2026-05-31T01:45:00Z,2026-05-31T03:45:00+0200,126.57,EUR/MWh,DE,DE_LU,day_ahead_price,value,2026-06-21T20:22:25Z
2026-06-21T20:21:09Z,2026-06-21T22:21:09+0200,4c728934-15fc-48ae-9cbd-ac5715da9ca9,2026-05-31T02:00:00Z,2026-05-31T04:00:00+0200,127.8,EUR/MWh,DE,DE_LU,day_ahead_price,value,2026-06-21T20:22:25Z
2026-06-21T20:21:09Z,2026-06-21T22:21:09+0200,4c728934-15fc-48ae-9cbd-ac5715da9ca9,2026-05-31T02:15:00Z,2026-05-31T04:15:00+0200,127.6,EUR/MWh,DE,DE_LU,day_ahead_price,value,2026-06-21T20:22:25Z
2026-06-21T20:21:09Z,2026-06-21T22:21:09+0200,4c728934-15fc-48ae-9cbd-ac5715da9ca9,2026-05-31T02:30:00Z,2026-05-31T04:30:00+0200,127.8,EUR/MWh,DE,DE_LU,day_ahead_price,value,2026-06-21T20:22:25Z
2026-06-21T20:21:09Z,2026-06-21T22:21:09+0200,4c728934-15fc-48ae-9cbd-ac5715da9ca9,2026-05-31T02:45:00Z,2026-05-31T04:45:00+0200,124.6,EUR/MWh,DE,DE_LU,day_ahead_price,value,2026-06-21T20:22:25Z
2026-06-21T20:21:09Z,2026-06-21T22:21:09+0200,4c728934-15fc-48ae-9cbd-ac5715da9ca9,2026-05-31T03:00:00Z,2026-05-31T05:00:00+0200,128.99,EUR/MWh,DE,DE_LU,day_ahead_price,value,2026-06-21T20:22:25Z
2026-06-21T20:21:09Z,2026-06-21T22:21:09+0200,4c728934-15fc-48ae-9cbd-ac5715da9ca9,2026-05-31T03:15:00Z,2026-05-31T05:15:00+0200,124.68,EUR/MWh,DE,DE_LU,day_ahead_price,value,2026-06-21T20:22:25Z
2026-06-21T20:21:09Z,2026-06-21T22:21:09+0200,4c728934-15fc-48ae-9cbd-ac5715da9ca9,2026-05-31T03:30:00Z,2026-05-31T05:30:00+0200,122.76,EUR/MWh,DE,DE_LU,day_ahead_price,value,2026-06-21T20:22:25Z
2026-06-21T20:21:09Z,2026-06-21T22:21:09+0200,4c728934-15fc-48ae-9cbd-ac5715da9ca9,2026-05-31T03:45:00Z,2026-05-31T05:45:00+0200,117.0,EUR/MWh,DE,DE_LU,day_ahead_price,value,2026-06-21T20:22:25Z
2026-06-21T20:21:09Z,2026-06-21T22:21:09+0200,4c728934-15fc-48ae-9cbd-ac5715da9ca9,2026-05-31T04:00:00Z,2026-05-31T06:00:00+0200,123.04,EUR/MWh,DE,DE_LU,day_ahead_price,value,2026-06-21T20:22:25Z
2026-06-21T20:21:09Z,2026-06-21T22:21:09+0200,4c728934-15fc-48ae-9cbd-ac5715da9ca9,2026-05-31T04:15:00Z,2026-05-31T06:15:00+0200,119.82,EUR/MWh,DE,DE_LU,day_ahead_price,value,2026-06-21T20:22:25Z
2026-06-21T20:21:09Z,2026-06-21T22:21:09+0200,4c728934-15fc-48ae-9cbd-ac5715da9ca9,2026-05-31T04:30:00Z,2026-05-31T06:30:00+0200,112.08,EUR/MWh,DE,DE_LU,day_ahead_price,value,2026-06-21T20:22:25Z
2026-06-21T20:21:09Z,2026-06-21T22:21:09+0200,4c728934-15fc-48ae-9cbd-ac5715da9ca9,2026-05-31T04:45:00Z,2026-05-31T06:45:00+0200,105.07,EUR/MWh,DE,DE_LU,day_ahead_price,value,2026-06-21T20:22:25Z
2026-06-21T20:21:09Z,2026-06-21T22:21:09+0200,4c728934-15fc-48ae-9cbd-ac5715da9ca9,2026-05-31T05:00:00Z,2026-05-31T07:00:00+0200,111.87,EUR/MWh,DE,DE_LU,day_ahead_price,value,2026-06-21T20:22:25Z
2026-06-21T20:21:09Z,2026-06-21T22:21:09+0200,4c728934-15fc-48ae-9cbd-ac5715da9ca9,2026-05-31T05:15:00Z,2026-05-31T07:15:00+0200,105.72,EUR/MWh,DE,DE_LU,day_ahead_price,value,2026-06-21T20:22:25Z
2026-06-21T20:21:09Z,2026-06-21T22:21:09+0200,4c728934-15fc-48ae-9cbd-ac5715da9ca9,2026-05-31T05:30:00Z,2026-05-31T07:30:00+0200,99.24,EUR/MWh,DE,DE_LU,day_ahead_price,value,2026-06-21T20:22:25Z
2026-06-21T20:21:09Z,2026-06-21T22:21:09+0200,4c728934-15fc-48ae-9cbd-ac5715da9ca9,2026-05-31T05:45:00Z,2026-05-31T07:45:00+0200,85.41,EUR/MWh,DE,DE_LU,day_ahead_price,value,2026-06-21T20:22:25Z
2026-06-21T20:21:09Z,2026-06-21T22:21:09+0200,4c728934-15fc-48ae-9cbd-ac5715da9ca9,2026-05-31T06:00:00Z,2026-05-31T08:00:00+0200,104.68,EUR/MWh,DE,DE_LU,day_ahead_price,value,2026-06-21T20:22:25Z
2026-06-21T20:21:09Z,2026-06-21T22:21:09+0200,4c728934-15fc-48ae-9cbd-ac5715da9ca9,2026-05-31T06:15:00Z,2026-05-31T08:15:00+0200,94.56,EUR/MWh,DE,DE_LU,day_ahead_price,value,2026-06-21T20:22:25Z
2026-06-21T20:21:09Z,2026-06-21T22:21:09+0200,4c728934-15fc-48ae-9cbd-ac5715da9ca9,2026-05-31T06:30:00Z,2026-05-31T08:30:00+0200,84.13,EUR/MWh,DE,DE_LU,day_ahead_price,value,2026-06-21T20:22:25Z
2026-06-21T20:21:09Z,2026-06-21T22:21:09+0200,4c728934-15fc-48ae-9cbd-ac5715da9ca9,2026-05-31T06:45:00Z,2026-05-31T08:45:00+0200,78.38,EUR/MWh,DE,DE_LU,day_ahead_price,value,2026-06-21T20:22:25Z
2026-06-21T20:21:09Z,2026-06-21T22:21:09+0200,4c728934-15fc-48ae-9cbd-ac5715da9ca9,2026-05-31T07:00:00Z,2026-05-31T09:00:00+0200,77.89,EUR/MWh,DE,DE_LU,day_ahead_price,value,2026-06-21T20:22:25Z
2026-06-21T20:21:09Z,2026-06-21T22:21:09+0200,4c728934-15fc-48ae-9cbd-ac5715da9ca9,2026-05-31T07:15:00Z,2026-05-31T09:15:00+0200,62.52,EUR/MWh,DE,DE_LU,day_ahead_price,value,2026-06-21T20:22:25Z
2026-06-21T20:21:09Z,2026-06-21T22:21:09+0200,4c728934-15fc-48ae-9cbd-ac5715da9ca9,2026-05-31T07:30:00Z,2026-05-31T09:30:00+0200,51.11,EUR/MWh,DE,DE_LU,day_ahead_price,value,2026-06-21T20:22:25Z
2026-06-21T20:21:09Z,2026-06-21T22:21:09+0200,4c728934-15fc-48ae-9cbd-ac5715da9ca9,2026-05-31T07:45:00Z,2026-05-31T09:45:00+0200,33.64,EUR/MWh,DE,DE_LU,day_ahead_price,value,2026-06-21T20:22:25Z
2026-06-21T20:21:09Z,2026-06-21T22:21:09+0200,4c728934-15fc-48ae-9cbd-ac5715da9ca9,2026-05-31T08:00:00Z,2026-05-31T10:00:00+0200,26.2,EUR/MWh,DE,DE_LU,day_ahead_price,value,2026-06-21T20:22:25Z
2026-06-21T20:21:09Z,2026-06-21T22:21:09+0200,4c728934-15fc-48ae-9cbd-ac5715da9ca9,2026-05-31T08:15:00Z,2026-05-31T10:15:00+0200,4.06,EUR/MWh,DE,DE_LU,day_ahead_price,value,2026-06-21T20:22:25Z
2026-06-21T20:21:09Z,2026-06-21T22:21:09+0200,4c728934-15fc-48ae-9cbd-ac5715da9ca9,2026-05-31T08:30:00Z,2026-05-31T10:30:00+0200,0.01,EUR/MWh,DE,DE_LU,day_ahead_price,value,2026-06-21T20:22:25Z
2026-06-21T20:21:09Z,2026-06-21T22:21:09+0200,4c728934-15fc-48ae-9cbd-ac5715da9ca9,2026-05-31T08:45:00Z,2026-05-31T10:45:00+0200,0.0,EUR/MWh,DE,DE_LU,day_ahead_price,value,2026-06-21T20:22:25Z
2026-06-21T20:21:09Z,2026-06-21T22:21:09+0200,4c728934-15fc-48ae-9cbd-ac5715da9ca9,2026-05-31T09:00:00Z,2026-05-31T11:00:00+0200,0.0,EUR/MWh,DE,DE_LU,day_ahead_price,value,2026-06-21T20:22:25Z
2026-06-21T20:21:09Z,2026-06-21T22:21:09+0200,4c728934-15fc-48ae-9cbd-ac5715da9ca9,2026-05-31T09:15:00Z,2026-05-31T11:15:00+0200,0.0,EUR/MWh,DE,DE_LU,day_ahead_price,value,2026-06-21T20:22:25Z
2026-06-21T20:21:09Z,2026-06-21T22:21:09+0200,4c728934-15fc-48ae-9cbd-ac5715da9ca9,2026-05-31T09:30:00Z,2026-05-31T11:30:00+0200,0.0,EUR/MWh,DE,DE_LU,day_ahead_price,value,2026-06-21T20:22:25Z
2026-06-21T20:21:09Z,2026-06-21T22:21:09+0200,4c728934-15fc-48ae-9cbd-ac5715da9ca9,2026-05-31T09:45:00Z,2026-05-31T11:45:00+0200,0.0,EUR/MWh,DE,DE_LU,day_ahead_price,value,2026-06-21T20:22:25Z
2026-06-21T20:21:09Z,2026-06-21T22:21:09+0200,4c728934-15fc-48ae-9cbd-ac5715da9ca9,2026-05-31T10:00:00Z,2026-05-31T12:00:00+0200,0.0,EUR/MWh,DE,DE_LU,day_ahead_price,value,2026-06-21T20:22:25Z
2026-06-21T20:21:09Z,2026-06-21T22:21:09+0200,4c728934-15fc-48ae-9cbd-ac5715da9ca9,2026-05-31T10:15:00Z,2026-05-31T12:15:00+0200,0.0,EUR/MWh,DE,DE_LU,day_ahead_price,value,2026-06-21T20:22:25Z
2026-06-21T20:21:09Z,2026-06-21T22:21:09+0200,4c728934-15fc-48ae-9cbd-ac5715da9ca9,2026-05-31T10:30:00Z,2026-05-31T12:30:00+0200,-0.01,EUR/MWh,DE,DE_LU,day_ahead_price,value,2026-06-21T20:22:25Z
2026-06-21T20:21:09Z,2026-06-21T22:21:09+0200,4c728934-15fc-48ae-9cbd-ac5715da9ca9,2026-05-31T10:45:00Z,2026-05-31T12:45:00+0200,-0.01,EUR/MWh,DE,DE_LU,day_ahead_price,value,2026-06-21T20:22:25Z
2026-06-21T20:21:09Z,2026-06-21T22:21:09+0200,4c728934-15fc-48ae-9cbd-ac5715da9ca9,2026-05-31T11:00:00Z,2026-05-31T13:00:00+0200,-0.01,EUR/MWh,DE,DE_LU,day_ahead_price,value,2026-06-21T20:22:25Z
2026-06-21T20:21:09Z,2026-06-21T22:21:09+0200,4c728934-15fc-48ae-9cbd-ac5715da9ca9,2026-05-31T11:15:00Z,2026-05-31T13:15:00+0200,-0.01,EUR/MWh,DE,DE_LU,day_ahead_price,value,2026-06-21T20:22:25Z
2026-06-21T20:21:09Z,2026-06-21T22:21:09+0200,4c728934-15fc-48ae-9cbd-ac5715da9ca9,2026-05-31T11:30:00Z,2026-05-31T13:30:00+0200,-0.01,EUR/MWh,DE,DE_LU,day_ahead_price,value,2026-06-21T20:22:25Z
2026-06-21T20:21:09Z,2026-06-21T22:21:09+0200,4c728934-15fc-48ae-9cbd-ac5715da9ca9,2026-05-31T11:45:00Z,2026-05-31T13:45:00+0200,-0.01,EUR/MWh,DE,DE_LU,day_ahead_price,value,2026-06-21T20:22:25Z
2026-06-21T20:21:09Z,2026-06-21T22:21:09+0200,4c728934-15fc-48ae-9cbd-ac5715da9ca9,2026-05-31T12:00:00Z,2026-05-31T14:00:00+0200,-0.01,EUR/MWh,DE,DE_LU,day_ahead_price,value,2026-06-21T20:22:25Z
2026-06-21T20:21:09Z,2026-06-21T22:21:09+0200,4c728934-15fc-48ae-9cbd-ac5715da9ca9,2026-05-31T12:15:00Z,2026-05-31T14:15:00+0200,-0.01,EUR/MWh,DE,DE_LU,day_ahead_price,value,2026-06-21T20:22:25Z
2026-06-21T20:21:09Z,2026-06-21T22:21:09+0200,4c728934-15fc-48ae-9cbd-ac5715da9ca9,2026-05-31T12:30:00Z,2026-05-31T14:30:00+0200,-0.01,EUR/MWh,DE,DE_LU,day_ahead_price,value,2026-06-21T20:22:25Z
2026-06-21T20:21:09Z,2026-06-21T22:21:09+0200,4c728934-15fc-48ae-9cbd-ac5715da9ca9,2026-05-31T12:45:00Z,2026-05-31T14:45:00+0200,-0.01,EUR/MWh,DE,DE_LU,day_ahead_price,value,2026-06-21T20:22:25Z
2026-06-21T20:21:09Z,2026-06-21T22:21:09+0200,4c728934-15fc-48ae-9cbd-ac5715da9ca9,2026-05-31T13:00:00Z,2026-05-31T15:00:00+0200,-0.01,EUR/MWh,DE,DE_LU,day_ahead_price,value,2026-06-21T20:22:25Z
2026-06-21T20:21:09Z,2026-06-21T22:21:09+0200,4c728934-15fc-48ae-9cbd-ac5715da9ca9,2026-05-31T13:15:00Z,2026-05-31T15:15:00+0200,0.0,EUR/MWh,DE,DE_LU,day_ahead_price,value,2026-06-21T20:22:25Z
2026-06-21T20:21:09Z,2026-06-21T22:21:09+0200,4c728934-15fc-48ae-9cbd-ac5715da9ca9,2026-05-31T13:30:00Z,2026-05-31T15:30:00+0200,0.0,EUR/MWh,DE,DE_LU,day_ahead_price,value,2026-06-21T20:22:25Z
2026-06-21T20:21:09Z,2026-06-21T22:21:09+0200,4c728934-15fc-48ae-9cbd-ac5715da9ca9,2026-05-31T13:45:00Z,2026-05-31T15:45:00+0200,0.01,EUR/MWh,DE,DE_LU,day_ahead_price,value,2026-06-21T20:22:25Z
2026-06-21T20:21:09Z,2026-06-21T22:21:09+0200,4c728934-15fc-48ae-9cbd-ac5715da9ca9,2026-05-31T14:00:00Z,2026-05-31T16:00:00+0200,7.73,EUR/MWh,DE,DE_LU,day_ahead_price,value,2026-06-21T20:22:25Z
2026-06-21T20:21:09Z,2026-06-21T22:21:09+0200,4c728934-15fc-48ae-9cbd-ac5715da9ca9,2026-05-31T14:15:00Z,2026-05-31T16:15:00+0200,38.06,EUR/MWh,DE,DE_LU,day_ahead_price,value,2026-06-21T20:22:25Z
2026-06-21T20:21:09Z,2026-06-21T22:21:09+0200,4c728934-15fc-48ae-9cbd-ac5715da9ca9,2026-05-31T14:30:00Z,2026-05-31T16:30:00+0200,63.88,EUR/MWh,DE,DE_LU,day_ahead_price,value,2026-06-21T20:22:25Z
2026-06-21T20:21:09Z,2026-06-21T22:21:09+0200,4c728934-15fc-48ae-9cbd-ac5715da9ca9,2026-05-31T14:45:00Z,2026-05-31T16:45:00+0200,86.34,EUR/MWh,DE,DE_LU,day_ahead_price,value,2026-06-21T20:22:25Z
2026-06-21T20:21:09Z,2026-06-21T22:21:09+0200,4c728934-15fc-48ae-9cbd-ac5715da9ca9,2026-05-31T15:00:00Z,2026-05-31T17:00:00+0200,65.94,EUR/MWh,DE,DE_LU,day_ahead_price,value,2026-06-21T20:22:25Z
2026-06-21T20:21:09Z,2026-06-21T22:21:09+0200,4c728934-15fc-48ae-9cbd-ac5715da9ca9,2026-05-31T15:15:00Z,2026-05-31T17:15:00+0200,89.41,EUR/MWh,DE,DE_LU,day_ahead_price,value,2026-06-21T20:22:25Z
2026-06-21T20:21:09Z,2026-06-21T22:21:09+0200,4c728934-15fc-48ae-9cbd-ac5715da9ca9,2026-05-31T15:30:00Z,2026-05-31T17:30:00+0200,104.0,EUR/MWh,DE,DE_LU,day_ahead_price,value,2026-06-21T20:22:25Z
2026-06-21T20:21:09Z,2026-06-21T22:21:09+0200,4c728934-15fc-48ae-9cbd-ac5715da9ca9,2026-05-31T15:45:00Z,2026-05-31T17:45:00+0200,124.35,EUR/MWh,DE,DE_LU,day_ahead_price,value,2026-06-21T20:22:25Z
2026-06-21T20:21:09Z,2026-06-21T22:21:09+0200,4c728934-15fc-48ae-9cbd-ac5715da9ca9,2026-05-31T16:00:00Z,2026-05-31T18:00:00+0200,104.0,EUR/MWh,DE,DE_LU,day_ahead_price,value,2026-06-21T20:22:25Z
2026-06-21T20:21:09Z,2026-06-21T22:21:09+0200,4c728934-15fc-48ae-9cbd-ac5715da9ca9,2026-05-31T16:15:00Z,2026-05-31T18:15:00+0200,119.02,EUR/MWh,DE,DE_LU,day_ahead_price,value,2026-06-21T20:22:25Z
2026-06-21T20:21:09Z,2026-06-21T22:21:09+0200,4c728934-15fc-48ae-9cbd-ac5715da9ca9,2026-05-31T16:30:00Z,2026-05-31T18:30:00+0200,136.47,EUR/MWh,DE,DE_LU,day_ahead_price,value,2026-06-21T20:22:25Z
2026-06-21T20:21:09Z,2026-06-21T22:21:09+0200,4c728934-15fc-48ae-9cbd-ac5715da9ca9,2026-05-31T16:45:00Z,2026-05-31T18:45:00+0200,149.57,EUR/MWh,DE,DE_LU,day_ahead_price,value,2026-06-21T20:22:25Z
2026-06-21T20:21:09Z,2026-06-21T22:21:09+0200,4c728934-15fc-48ae-9cbd-ac5715da9ca9,2026-05-31T17:00:00Z,2026-05-31T19:00:00+0200,131.77,EUR/MWh,DE,DE_LU,day_ahead_price,value,2026-06-21T20:22:25Z
2026-06-21T20:21:09Z,2026-06-21T22:21:09+0200,4c728934-15fc-48ae-9cbd-ac5715da9ca9,2026-05-31T17:15:00Z,2026-05-31T19:15:00+0200,137.98,EUR/MWh,DE,DE_LU,day_ahead_price,value,2026-06-21T20:22:25Z
2026-06-21T20:21:09Z,2026-06-21T22:21:09+0200,4c728934-15fc-48ae-9cbd-ac5715da9ca9,2026-05-31T17:30:00Z,2026-05-31T19:30:00+0200,145.22,EUR/MWh,DE,DE_LU,day_ahead_price,value,2026-06-21T20:22:25Z
2026-06-21T20:21:09Z,2026-06-21T22:21:09+0200,4c728934-15fc-48ae-9cbd-ac5715da9ca9,2026-05-31T17:45:00Z,2026-05-31T19:45:00+0200,150.51,EUR/MWh,DE,DE_LU,day_ahead_price,value,2026-06-21T20:22:25Z
2026-06-21T20:21:09Z,2026-06-21T22:21:09+0200,4c728934-15fc-48ae-9cbd-ac5715da9ca9,2026-05-31T18:00:00Z,2026-05-31T20:00:00+0200,144.07,EUR/MWh,DE,DE_LU,day_ahead_price,value,2026-06-21T20:22:25Z
2026-06-21T20:21:09Z,2026-06-21T22:21:09+0200,4c728934-15fc-48ae-9cbd-ac5715da9ca9,2026-05-31T18:15:00Z,2026-05-31T20:15:00+0200,147.98,EUR/MWh,DE,DE_LU,day_ahead_price,value,2026-06-21T20:22:25Z
2026-06-21T20:21:09Z,2026-06-21T22:21:09+0200,4c728934-15fc-48ae-9cbd-ac5715da9ca9,2026-05-31T18:30:00Z,2026-05-31T20:30:00+0200,157.35,EUR/MWh,DE,DE_LU,day_ahead_price,value,2026-06-21T20:22:25Z
2026-06-21T20:21:09Z,2026-06-21T22:21:09+0200,4c728934-15fc-48ae-9cbd-ac5715da9ca9,2026-05-31T18:45:00Z,2026-05-31T20:45:00+0200,161.65,EUR/MWh,DE,DE_LU,day_ahead_price,value,2026-06-21T20:22:25Z
2026-06-21T20:21:09Z,2026-06-21T22:21:09+0200,4c728934-15fc-48ae-9cbd-ac5715da9ca9,2026-05-31T19:00:00Z,2026-05-31T21:00:00+0200,158.51,EUR/MWh,DE,DE_LU,day_ahead_price,value,2026-06-21T20:22:25Z
2026-06-21T20:21:09Z,2026-06-21T22:21:09+0200,4c728934-15fc-48ae-9cbd-ac5715da9ca9,2026-05-31T19:15:00Z,2026-05-31T21:15:00+0200,155.56,EUR/MWh,DE,DE_LU,day_ahead_price,value,2026-06-21T20:22:25Z
2026-06-21T20:21:09Z,2026-06-21T22:21:09+0200,4c728934-15fc-48ae-9cbd-ac5715da9ca9,2026-05-31T19:30:00Z,2026-05-31T21:30:00+0200,154.78,EUR/MWh,DE,DE_LU,day_ahead_price,value,2026-06-21T20:22:25Z
2026-06-21T20:21:09Z,2026-06-21T22:21:09+0200,4c728934-15fc-48ae-9cbd-ac5715da9ca9,2026-05-31T19:45:00Z,2026-05-31T21:45:00+0200,155.29,EUR/MWh,DE,DE_LU,day_ahead_price,value,2026-06-21T20:22:25Z
2026-06-21T20:21:09Z,2026-06-21T22:21:09+0200,4c728934-15fc-48ae-9cbd-ac5715da9ca9,2026-05-31T20:00:00Z,2026-05-31T22:00:00+0200,162.16,EUR/MWh,DE,DE_LU,day_ahead_price,value,2026-06-21T20:22:25Z
2026-06-21T20:21:09Z,2026-06-21T22:21:09+0200,4c728934-15fc-48ae-9cbd-ac5715da9ca9,2026-05-31T20:15:00Z,2026-05-31T22:15:00+0200,154.86,EUR/MWh,DE,DE_LU,day_ahead_price,value,2026-06-21T20:22:25Z
2026-06-21T20:21:09Z,2026-06-21T22:21:09+0200,4c728934-15fc-48ae-9cbd-ac5715da9ca9,2026-05-31T20:30:00Z,2026-05-31T22:30:00+0200,150.94,EUR/MWh,DE,DE_LU,day_ahead_price,value,2026-06-21T20:22:25Z
2026-06-21T20:21:09Z,2026-06-21T22:21:09+0200,4c728934-15fc-48ae-9cbd-ac5715da9ca9,2026-05-31T20:45:00Z,2026-05-31T22:45:00+0200,144.55,EUR/MWh,DE,DE_LU,day_ahead_price,value,2026-06-21T20:22:25Z
2026-06-21T20:21:09Z,2026-06-21T22:21:09+0200,4c728934-15fc-48ae-9cbd-ac5715da9ca9,2026-05-31T21:00:00Z,2026-05-31T23:00:00+0200,151.52,EUR/MWh,DE,DE_LU,day_ahead_price,value,2026-06-21T20:22:25Z
2026-06-21T20:21:09Z,2026-06-21T22:21:09+0200,4c728934-15fc-48ae-9cbd-ac5715da9ca9,2026-05-31T21:15:00Z,2026-05-31T23:15:00+0200,146.95,EUR/MWh,DE,DE_LU,day_ahead_price,value,2026-06-21T20:22:25Z
2026-06-21T20:21:09Z,2026-06-21T22:21:09+0200,4c728934-15fc-48ae-9cbd-ac5715da9ca9,2026-05-31T21:30:00Z,2026-05-31T23:30:00+0200,142.99,EUR/MWh,DE,DE_LU,day_ahead_price,value,2026-06-21T20:22:25Z
2026-06-21T20:21:09Z,2026-06-21T22:21:09+0200,4c728934-15fc-48ae-9cbd-ac5715da9ca9,2026-05-31T21:45:00Z,2026-05-31T23:45:00+0200,139.93,EUR/MWh,DE,DE_LU,day_ahead_price,value,2026-06-21T20:22:25Z
2026-06-21T20:21:09Z,2026-06-21T22:21:09+0200,4c728934-15fc-48ae-9cbd-ac5715da9ca9,2026-05-31T22:00:00Z,2026-06-01T00:00:00+0200,151.03,EUR/MWh,DE,DE_LU,day_ahead_price,value,2026-06-21T20:22:25Z
2026-06-21T20:21:09Z,2026-06-21T22:21:09+0200,4c728934-15fc-48ae-9cbd-ac5715da9ca9,2026-05-31T22:15:00Z,2026-06-01T00:15:00+0200,138.97,EUR/MWh,DE,DE_LU,day_ahead_price,value,2026-06-21T20:22:25Z
2026-06-21T20:21:09Z,2026-06-21T22:21:09+0200,4c728934-15fc-48ae-9cbd-ac5715da9ca9,2026-05-31T22:30:00Z,2026-06-01T00:30:00+0200,140.84,EUR/MWh,DE,DE_LU,day_ahead_price,value,2026-06-21T20:22:25Z
2026-06-21T20:21:09Z,2026-06-21T22:21:09+0200,4c728934-15fc-48ae-9cbd-ac5715da9ca9,2026-05-31T22:45:00Z,2026-06-01T00:45:00+0200,133.19,EUR/MWh,DE,DE_LU,day_ahead_price,value,2026-06-21T20:22:25Z
2026-06-21T20:21:09Z,2026-06-21T22:21:09+0200,4c728934-15fc-48ae-9cbd-ac5715da9ca9,2026-05-31T23:00:00Z,2026-06-01T01:00:00+0200,138.53,EUR/MWh,DE,DE_LU,day_ahead_price,value,2026-06-21T20:22:25Z
2026-06-21T20:21:09Z,2026-06-21T22:21:09+0200,4c728934-15fc-48ae-9cbd-ac5715da9ca9,2026-05-31T23:15:00Z,2026-06-01T01:15:00+0200,129.39,EUR/MWh,DE,DE_LU,day_ahead_price,value,2026-06-21T20:22:25Z
2026-06-21T20:21:09Z,2026-06-21T22:21:09+0200,4c728934-15fc-48ae-9cbd-ac5715da9ca9,2026-05-31T23:30:00Z,2026-06-01T01:30:00+0200,124.37,EUR/MWh,DE,DE_LU,day_ahead_price,value,2026-06-21T20:22:25Z
2026-06-21T20:21:09Z,2026-06-21T22:21:09+0200,4c728934-15fc-48ae-9cbd-ac5715da9ca9,2026-05-31T23:45:00Z,2026-06-01T01:45:00+0200,120.73,EUR/MWh,DE,DE_LU,day_ahead_price,value,2026-06-21T20:22:25Z
2026-06-21T20:21:09Z,2026-06-21T22:21:09+0200,4c728934-15fc-48ae-9cbd-ac5715da9ca9,2026-06-01T00:00:00Z,2026-06-01T02:00:00+0200,121.29,EUR/MWh,DE,DE_LU,day_ahead_price,value,2026-06-21T20:22:25Z
2026-06-21T20:21:09Z,2026-06-21T22:21:09+0200,4c728934-15fc-48ae-9cbd-ac5715da9ca9,2026-06-01T00:15:00Z,2026-06-01T02:15:00+0200,125.7,EUR/MWh,DE,DE_LU,day_ahead_price,value,2026-06-21T20:22:25Z
2026-06-21T20:21:09Z,2026-06-21T22:21:09+0200,4c728934-15fc-48ae-9cbd-ac5715da9ca9,2026-06-01T00:30:00Z,2026-06-01T02:30:00+0200,124.02,EUR/MWh,DE,DE_LU,day_ahead_price,value,2026-06-21T20:22:25Z
2026-06-21T20:21:09Z,2026-06-21T22:21:09+0200,4c728934-15fc-48ae-9cbd-ac5715da9ca9,2026-06-01T00:45:00Z,2026-06-01T02:45:00+0200,121.54,EUR/MWh,DE,DE_LU,day_ahead_price,value,2026-06-21T20:22:25Z
2026-06-21T20:21:09Z,2026-06-21T22:21:09+0200,4c728934-15fc-48ae-9cbd-ac5715da9ca9,2026-06-01T01:00:00Z,2026-06-01T03:00:00+0200,120.12,EUR/MWh,DE,DE_LU,day_ahead_price,value,2026-06-21T20:22:25Z
2026-06-21T20:21:09Z,2026-06-21T22:21:09+0200,4c728934-15fc-48ae-9cbd-ac5715da9ca9,2026-06-01T01:15:00Z,2026-06-01T03:15:00+0200,120.14,EUR/MWh,DE,DE_LU,day_ahead_price,value,2026-06-21T20:22:25Z
2026-06-21T20:21:09Z,2026-06-21T22:21:09+0200,4c728934-15fc-48ae-9cbd-ac5715da9ca9,2026-06-01T01:30:00Z,2026-06-01T03:30:00+0200,120.27,EUR/MWh,DE,DE_LU,day_ahead_price,value,2026-06-21T20:22:25Z
2026-06-21T20:21:09Z,2026-06-21T22:21:09+0200,4c728934-15fc-48ae-9cbd-ac5715da9ca9,2026-06-01T01:45:00Z,2026-06-01T03:45:00+0200,120.65,EUR/MWh,DE,DE_LU,day_ahead_price,value,2026-06-21T20:22:25Z
2026-06-21T20:21:09Z,2026-06-21T22:21:09+0200,4c728934-15fc-48ae-9cbd-ac5715da9ca9,2026-06-01T02:00:00Z,2026-06-01T04:00:00+0200,120.77,EUR/MWh,DE,DE_LU,day_ahead_price,value,2026-06-21T20:22:25Z
2026-06-21T20:21:09Z,2026-06-21T22:21:09+0200,4c728934-15fc-48ae-9cbd-ac5715da9ca9,2026-06-01T02:15:00Z,2026-06-01T04:15:00+0200,121.49,EUR/MWh,DE,DE_LU,day_ahead_price,value,2026-06-21T20:22:25Z
2026-06-21T20:21:09Z,2026-06-21T22:21:09+0200,4c728934-15fc-48ae-9cbd-ac5715da9ca9,2026-06-01T02:30:00Z,2026-06-01T04:30:00+0200,125.99,EUR/MWh,DE,DE_LU,day_ahead_price,value,2026-06-21T20:22:25Z
2026-06-21T20:21:09Z,2026-06-21T22:21:09+0200,4c728934-15fc-48ae-9cbd-ac5715da9ca9,2026-06-01T02:45:00Z,2026-06-01T04:45:00+0200,129.7,EUR/MWh,DE,DE_LU,day_ahead_price,value,2026-06-21T20:22:25Z
2026-06-21T20:21:09Z,2026-06-21T22:21:09+0200,4c728934-15fc-48ae-9cbd-ac5715da9ca9,2026-06-01T03:00:00Z,2026-06-01T05:00:00+0200,124.65,EUR/MWh,DE,DE_LU,day_ahead_price,value,2026-06-21T20:22:25Z
2026-06-21T20:21:09Z,2026-06-21T22:21:09+0200,4c728934-15fc-48ae-9cbd-ac5715da9ca9,2026-06-01T03:15:00Z,2026-06-01T05:15:00+0200,130.16,EUR/MWh,DE,DE_LU,day_ahead_price,value,2026-06-21T20:22:25Z
2026-06-21T20:21:09Z,2026-06-21T22:21:09+0200,4c728934-15fc-48ae-9cbd-ac5715da9ca9,2026-06-01T03:30:00Z,2026-06-01T05:30:00+0200,138.23,EUR/MWh,DE,DE_LU,day_ahead_price,value,2026-06-21T20:22:25Z
2026-06-21T20:21:09Z,2026-06-21T22:21:09+0200,4c728934-15fc-48ae-9cbd-ac5715da9ca9,2026-06-01T03:45:00Z,2026-06-01T05:45:00+0200,147.33,EUR/MWh,DE,DE_LU,day_ahead_price,value,2026-06-21T20:22:25Z
2026-06-21T20:21:09Z,2026-06-21T22:21:09+0200,4c728934-15fc-48ae-9cbd-ac5715da9ca9,2026-06-01T04:00:00Z,2026-06-01T06:00:00+0200,159.76,EUR/MWh,DE,DE_LU,day_ahead_price,value,2026-06-21T20:22:25Z
2026-06-21T20:21:09Z,2026-06-21T22:21:09+0200,4c728934-15fc-48ae-9cbd-ac5715da9ca9,2026-06-01T04:15:00Z,2026-06-01T06:15:00+0200,172.17,EUR/MWh,DE,DE_LU,day_ahead_price,value,2026-06-21T20:22:25Z
2026-06-21T20:21:09Z,2026-06-21T22:21:09+0200,4c728934-15fc-48ae-9cbd-ac5715da9ca9,2026-06-01T04:30:00Z,2026-06-01T06:30:00+0200,162.83,EUR/MWh,DE,DE_LU,day_ahead_price,value,2026-06-21T20:22:25Z
2026-06-21T20:21:09Z,2026-06-21T22:21:09+0200,4c728934-15fc-48ae-9cbd-ac5715da9ca9,2026-06-01T04:45:00Z,2026-06-01T06:45:00+0200,161.36,EUR/MWh,DE,DE_LU,day_ahead_price,value,2026-06-21T20:22:25Z
2026-06-21T20:21:09Z,2026-06-21T22:21:09+0200,4c728934-15fc-48ae-9cbd-ac5715da9ca9,2026-06-01T05:00:00Z,2026-06-01T07:00:00+0200,174.07,EUR/MWh,DE,DE_LU,day_ahead_price,value,2026-06-21T20:22:25Z
2026-06-21T20:21:09Z,2026-06-21T22:21:09+0200,4c728934-15fc-48ae-9cbd-ac5715da9ca9,2026-06-01T05:15:00Z,2026-06-01T07:15:00+0200,161.15,EUR/MWh,DE,DE_LU,day_ahead_price,value,2026-06-21T20:22:25Z
2026-06-21T20:21:09Z,2026-06-21T22:21:09+0200,4c728934-15fc-48ae-9cbd-ac5715da9ca9,2026-06-01T05:30:00Z,2026-06-01T07:30:00+0200,155.0,EUR/MWh,DE,DE_LU,day_ahead_price,value,2026-06-21T20:22:25Z
2026-06-21T20:21:09Z,2026-06-21T22:21:09+0200,4c728934-15fc-48ae-9cbd-ac5715da9ca9,2026-06-01T05:45:00Z,2026-06-01T07:45:00+0200,149.78,EUR/MWh,DE,DE_LU,day_ahead_price,value,2026-06-21T20:22:25Z
2026-06-21T20:21:09Z,2026-06-21T22:21:09+0200,4c728934-15fc-48ae-9cbd-ac5715da9ca9,2026-06-01T06:00:00Z,2026-06-01T08:00:00+0200,176.53,EUR/MWh,DE,DE_LU,day_ahead_price,value,2026-06-21T20:22:25Z
2026-06-21T20:21:09Z,2026-06-21T22:21:09+0200,4c728934-15fc-48ae-9cbd-ac5715da9ca9,2026-06-01T06:15:00Z,2026-06-01T08:15:00+0200,165.41,EUR/MWh,DE,DE_LU,day_ahead_price,value,2026-06-21T20:22:25Z
2026-06-21T20:21:09Z,2026-06-21T22:21:09+0200,4c728934-15fc-48ae-9cbd-ac5715da9ca9,2026-06-01T06:30:00Z,2026-06-01T08:30:00+0200,141.68,EUR/MWh,DE,DE_LU,day_ahead_price,value,2026-06-21T20:22:25Z
2026-06-21T20:21:09Z,2026-06-21T22:21:09+0200,4c728934-15fc-48ae-9cbd-ac5715da9ca9,2026-06-01T06:45:00Z,2026-06-01T08:45:00+0200,123.24,EUR/MWh,DE,DE_LU,day_ahead_price,value,2026-06-21T20:22:25Z
2026-06-21T20:21:09Z,2026-06-21T22:21:09+0200,4c728934-15fc-48ae-9cbd-ac5715da9ca9,2026-06-01T07:00:00Z,2026-06-01T09:00:00+0200,162.51,EUR/MWh,DE,DE_LU,day_ahead_price,value,2026-06-21T20:22:25Z
2026-06-21T20:21:09Z,2026-06-21T22:21:09+0200,4c728934-15fc-48ae-9cbd-ac5715da9ca9,2026-06-01T07:15:00Z,2026-06-01T09:15:00+0200,138.13,EUR/MWh,DE,DE_LU,day_ahead_price,value,2026-06-21T20:22:25Z
2026-06-21T20:21:09Z,2026-06-21T22:21:09+0200,4c728934-15fc-48ae-9cbd-ac5715da9ca9,2026-06-01T07:30:00Z,2026-06-01T09:30:00+0200,120.74,EUR/MWh,DE,DE_LU,day_ahead_price,value,2026-06-21T20:22:25Z
2026-06-21T20:21:09Z,2026-06-21T22:21:09+0200,4c728934-15fc-48ae-9cbd-ac5715da9ca9,2026-06-01T07:45:00Z,2026-06-01T09:45:00+0200,111.42,EUR/MWh,DE,DE_LU,day_ahead_price,value,2026-06-21T20:22:25Z
2026-06-21T20:21:09Z,2026-06-21T22:21:09+0200,4c728934-15fc-48ae-9cbd-ac5715da9ca9,2026-06-01T08:00:00Z,2026-06-01T10:00:00+0200,129.91,EUR/MWh,DE,DE_LU,day_ahead_price,value,2026-06-21T20:22:25Z
2026-06-21T20:21:09Z,2026-06-21T22:21:09+0200,4c728934-15fc-48ae-9cbd-ac5715da9ca9,2026-06-01T08:15:00Z,2026-06-01T10:15:00+0200,115.9,EUR/MWh,DE,DE_LU,day_ahead_price,value,2026-06-21T20:22:25Z
2026-06-21T20:21:09Z,2026-06-21T22:21:09+0200,4c728934-15fc-48ae-9cbd-ac5715da9ca9,2026-06-01T08:30:00Z,2026-06-01T10:30:00+0200,113.69,EUR/MWh,DE,DE_LU,day_ahead_price,value,2026-06-21T20:22:25Z
2026-06-21T20:21:09Z,2026-06-21T22:21:09+0200,4c728934-15fc-48ae-9cbd-ac5715da9ca9,2026-06-01T08:45:00Z,2026-06-01T10:45:00+0200,111.14,EUR/MWh,DE,DE_LU,day_ahead_price,value,2026-06-21T20:22:25Z
2026-06-21T20:21:09Z,2026-06-21T22:21:09+0200,4c728934-15fc-48ae-9cbd-ac5715da9ca9,2026-06-01T09:00:00Z,2026-06-01T11:00:00+0200,116.31,EUR/MWh,DE,DE_LU,day_ahead_price,value,2026-06-21T20:22:25Z
2026-06-21T20:21:09Z,2026-06-21T22:21:09+0200,4c728934-15fc-48ae-9cbd-ac5715da9ca9,2026-06-01T09:15:00Z,2026-06-01T11:15:00+0200,111.36,EUR/MWh,DE,DE_LU,day_ahead_price,value,2026-06-21T20:22:25Z
2026-06-21T20:21:09Z,2026-06-21T22:21:09+0200,4c728934-15fc-48ae-9cbd-ac5715da9ca9,2026-06-01T09:30:00Z,2026-06-01T11:30:00+0200,106.79,EUR/MWh,DE,DE_LU,day_ahead_price,value,2026-06-21T20:22:25Z
2026-06-21T20:21:09Z,2026-06-21T22:21:09+0200,4c728934-15fc-48ae-9cbd-ac5715da9ca9,2026-06-01T09:45:00Z,2026-06-01T11:45:00+0200,98.11,EUR/MWh,DE,DE_LU,day_ahead_price,value,2026-06-21T20:22:25Z
2026-06-21T20:21:09Z,2026-06-21T22:21:09+0200,4c728934-15fc-48ae-9cbd-ac5715da9ca9,2026-06-01T10:00:00Z,2026-06-01T12:00:00+0200,100.01,EUR/MWh,DE,DE_LU,day_ahead_price,value,2026-06-21T20:22:25Z
2026-06-21T20:21:09Z,2026-06-21T22:21:09+0200,4c728934-15fc-48ae-9cbd-ac5715da9ca9,2026-06-01T10:15:00Z,2026-06-01T12:15:00+0200,93.33,EUR/MWh,DE,DE_LU,day_ahead_price,value,2026-06-21T20:22:25Z
2026-06-21T20:21:09Z,2026-06-21T22:21:09+0200,4c728934-15fc-48ae-9cbd-ac5715da9ca9,2026-06-01T10:30:00Z,2026-06-01T12:30:00+0200,91.81,EUR/MWh,DE,DE_LU,day_ahead_price,value,2026-06-21T20:22:25Z
2026-06-21T20:21:09Z,2026-06-21T22:21:09+0200,4c728934-15fc-48ae-9cbd-ac5715da9ca9,2026-06-01T10:45:00Z,2026-06-01T12:45:00+0200,87.18,EUR/MWh,DE,DE_LU,day_ahead_price,value,2026-06-21T20:22:25Z
2026-06-21T20:21:09Z,2026-06-21T22:21:09+0200,4c728934-15fc-48ae-9cbd-ac5715da9ca9,2026-06-01T11:00:00Z,2026-06-01T13:00:00+0200,92.62,EUR/MWh,DE,DE_LU,day_ahead_price,value,2026-06-21T20:22:25Z
2026-06-21T20:21:09Z,2026-06-21T22:21:09+0200,4c728934-15fc-48ae-9cbd-ac5715da9ca9,2026-06-01T11:15:00Z,2026-06-01T13:15:00+0200,92.21,EUR/MWh,DE,DE_LU,day_ahead_price,value,2026-06-21T20:22:25Z
2026-06-21T20:21:09Z,2026-06-21T22:21:09+0200,4c728934-15fc-48ae-9cbd-ac5715da9ca9,2026-06-01T11:30:00Z,2026-06-01T13:30:00+0200,88.45,EUR/MWh,DE,DE_LU,day_ahead_price,value,2026-06-21T20:22:25Z
2026-06-21T20:21:09Z,2026-06-21T22:21:09+0200,4c728934-15fc-48ae-9cbd-ac5715da9ca9,2026-06-01T11:45:00Z,2026-06-01T13:45:00+0200,86.35,EUR/MWh,DE,DE_LU,day_ahead_price,value,2026-06-21T20:22:25Z
2026-06-21T20:21:09Z,2026-06-21T22:21:09+0200,4c728934-15fc-48ae-9cbd-ac5715da9ca9,2026-06-01T12:00:00Z,2026-06-01T14:00:00+0200,86.35,EUR/MWh,DE,DE_LU,day_ahead_price,value,2026-06-21T20:22:25Z
2026-06-21T20:21:09Z,2026-06-21T22:21:09+0200,4c728934-15fc-48ae-9cbd-ac5715da9ca9,2026-06-01T12:15:00Z,2026-06-01T14:15:00+0200,86.95,EUR/MWh,DE,DE_LU,day_ahead_price,value,2026-06-21T20:22:25Z
2026-06-21T20:21:09Z,2026-06-21T22:21:09+0200,4c728934-15fc-48ae-9cbd-ac5715da9ca9,2026-06-01T12:30:00Z,2026-06-01T14:30:00+0200,86.61,EUR/MWh,DE,DE_LU,day_ahead_price,value,2026-06-21T20:22:25Z
2026-06-21T20:21:09Z,2026-06-21T22:21:09+0200,4c728934-15fc-48ae-9cbd-ac5715da9ca9,2026-06-01T12:45:00Z,2026-06-01T14:45:00+0200,89.88,EUR/MWh,DE,DE_LU,day_ahead_price,value,2026-06-21T20:22:25Z
2026-06-21T20:21:09Z,2026-06-21T22:21:09+0200,4c728934-15fc-48ae-9cbd-ac5715da9ca9,2026-06-01T13:00:00Z,2026-06-01T15:00:00+0200,86.0,EUR/MWh,DE,DE_LU,day_ahead_price,value,2026-06-21T20:22:25Z
2026-06-21T20:21:09Z,2026-06-21T22:21:09+0200,4c728934-15fc-48ae-9cbd-ac5715da9ca9,2026-06-01T13:15:00Z,2026-06-01T15:15:00+0200,92.59,EUR/MWh,DE,DE_LU,day_ahead_price,value,2026-06-21T20:22:25Z
2026-06-21T20:21:09Z,2026-06-21T22:21:09+0200,4c728934-15fc-48ae-9cbd-ac5715da9ca9,2026-06-01T13:30:00Z,2026-06-01T15:30:00+0200,95.5,EUR/MWh,DE,DE_LU,day_ahead_price,value,2026-06-21T20:22:25Z
2026-06-21T20:21:09Z,2026-06-21T22:21:09+0200,4c728934-15fc-48ae-9cbd-ac5715da9ca9,2026-06-01T13:45:00Z,2026-06-01T15:45:00+0200,106.3,EUR/MWh,DE,DE_LU,day_ahead_price,value,2026-06-21T20:22:25Z
2026-06-21T20:21:09Z,2026-06-21T22:21:09+0200,4c728934-15fc-48ae-9cbd-ac5715da9ca9,2026-06-01T14:00:00Z,2026-06-01T16:00:00+0200,88.99,EUR/MWh,DE,DE_LU,day_ahead_price,value,2026-06-21T20:22:25Z
2026-06-21T20:21:09Z,2026-06-21T22:21:09+0200,4c728934-15fc-48ae-9cbd-ac5715da9ca9,2026-06-01T14:15:00Z,2026-06-01T16:15:00+0200,99.53,EUR/MWh,DE,DE_LU,day_ahead_price,value,2026-06-21T20:22:25Z
2026-06-21T20:21:09Z,2026-06-21T22:21:09+0200,4c728934-15fc-48ae-9cbd-ac5715da9ca9,2026-06-01T14:30:00Z,2026-06-01T16:30:00+0200,111.32,EUR/MWh,DE,DE_LU,day_ahead_price,value,2026-06-21T20:22:25Z
2026-06-21T20:21:09Z,2026-06-21T22:21:09+0200,4c728934-15fc-48ae-9cbd-ac5715da9ca9,2026-06-01T14:45:00Z,2026-06-01T16:45:00+0200,127.1,EUR/MWh,DE,DE_LU,day_ahead_price,value,2026-06-21T20:22:25Z
2026-06-21T20:21:09Z,2026-06-21T22:21:09+0200,4c728934-15fc-48ae-9cbd-ac5715da9ca9,2026-06-01T15:00:00Z,2026-06-01T17:00:00+0200,105.54,EUR/MWh,DE,DE_LU,day_ahead_price,value,2026-06-21T20:22:25Z
2026-06-21T20:21:09Z,2026-06-21T22:21:09+0200,4c728934-15fc-48ae-9cbd-ac5715da9ca9,2026-06-01T15:15:00Z,2026-06-01T17:15:00+0200,113.63,EUR/MWh,DE,DE_LU,day_ahead_price,value,2026-06-21T20:22:25Z
2026-06-21T20:21:09Z,2026-06-21T22:21:09+0200,4c728934-15fc-48ae-9cbd-ac5715da9ca9,2026-06-01T15:30:00Z,2026-06-01T17:30:00+0200,131.0,EUR/MWh,DE,DE_LU,day_ahead_price,value,2026-06-21T20:22:25Z
2026-06-21T20:21:09Z,2026-06-21T22:21:09+0200,4c728934-15fc-48ae-9cbd-ac5715da9ca9,2026-06-01T15:45:00Z,2026-06-01T17:45:00+0200,150.8,EUR/MWh,DE,DE_LU,day_ahead_price,value,2026-06-21T20:22:25Z
2026-06-21T20:21:09Z,2026-06-21T22:21:09+0200,4c728934-15fc-48ae-9cbd-ac5715da9ca9,2026-06-01T16:00:00Z,2026-06-01T18:00:00+0200,112.73,EUR/MWh,DE,DE_LU,day_ahead_price,value,2026-06-21T20:22:25Z
2026-06-21T20:21:09Z,2026-06-21T22:21:09+0200,4c728934-15fc-48ae-9cbd-ac5715da9ca9,2026-06-01T16:15:00Z,2026-06-01T18:15:00+0200,128.46,EUR/MWh,DE,DE_LU,day_ahead_price,value,2026-06-21T20:22:25Z
2026-06-21T20:21:09Z,2026-06-21T22:21:09+0200,4c728934-15fc-48ae-9cbd-ac5715da9ca9,2026-06-01T16:30:00Z,2026-06-01T18:30:00+0200,147.76,EUR/MWh,DE,DE_LU,day_ahead_price,value,2026-06-21T20:22:25Z
2026-06-21T20:21:09Z,2026-06-21T22:21:09+0200,4c728934-15fc-48ae-9cbd-ac5715da9ca9,2026-06-01T16:45:00Z,2026-06-01T18:45:00+0200,176.88,EUR/MWh,DE,DE_LU,day_ahead_price,value,2026-06-21T20:22:25Z
2026-06-21T20:21:09Z,2026-06-21T22:21:09+0200,4c728934-15fc-48ae-9cbd-ac5715da9ca9,2026-06-01T17:00:00Z,2026-06-01T19:00:00+0200,163.94,EUR/MWh,DE,DE_LU,day_ahead_price,value,2026-06-21T20:22:25Z
2026-06-21T20:21:09Z,2026-06-21T22:21:09+0200,4c728934-15fc-48ae-9cbd-ac5715da9ca9,2026-06-01T17:15:00Z,2026-06-01T19:15:00+0200,186.99,EUR/MWh,DE,DE_LU,day_ahead_price,value,2026-06-21T20:22:25Z
2026-06-21T20:21:09Z,2026-06-21T22:21:09+0200,4c728934-15fc-48ae-9cbd-ac5715da9ca9,2026-06-01T17:30:00Z,2026-06-01T19:30:00+0200,230.0,EUR/MWh,DE,DE_LU,day_ahead_price,value,2026-06-21T20:22:25Z
2026-06-21T20:21:09Z,2026-06-21T22:21:09+0200,4c728934-15fc-48ae-9cbd-ac5715da9ca9,2026-06-01T17:45:00Z,2026-06-01T19:45:00+0200,325.52,EUR/MWh,DE,DE_LU,day_ahead_price,value,2026-06-21T20:22:25Z
2026-06-21T20:21:09Z,2026-06-21T22:21:09+0200,4c728934-15fc-48ae-9cbd-ac5715da9ca9,2026-06-01T18:00:00Z,2026-06-01T20:00:00+0200,278.25,EUR/MWh,DE,DE_LU,day_ahead_price,value,2026-06-21T20:22:25Z
2026-06-21T20:21:09Z,2026-06-21T22:21:09+0200,4c728934-15fc-48ae-9cbd-ac5715da9ca9,2026-06-01T18:15:00Z,2026-06-01T20:15:00+0200,340.48,EUR/MWh,DE,DE_LU,day_ahead_price,value,2026-06-21T20:22:25Z
2026-06-21T20:21:09Z,2026-06-21T22:21:09+0200,4c728934-15fc-48ae-9cbd-ac5715da9ca9,2026-06-01T18:30:00Z,2026-06-01T20:30:00+0200,380.0,EUR/MWh,DE,DE_LU,day_ahead_price,value,2026-06-21T20:22:25Z
2026-06-21T20:21:09Z,2026-06-21T22:21:09+0200,4c728934-15fc-48ae-9cbd-ac5715da9ca9,2026-06-01T18:45:00Z,2026-06-01T20:45:00+0200,422.28,EUR/MWh,DE,DE_LU,day_ahead_price,value,2026-06-21T20:22:25Z
2026-06-21T20:21:09Z,2026-06-21T22:21:09+0200,4c728934-15fc-48ae-9cbd-ac5715da9ca9,2026-06-01T19:00:00Z,2026-06-01T21:00:00+0200,399.91,EUR/MWh,DE,DE_LU,day_ahead_price,value,2026-06-21T20:22:25Z
2026-06-21T20:21:09Z,2026-06-21T22:21:09+0200,4c728934-15fc-48ae-9cbd-ac5715da9ca9,2026-06-01T19:15:00Z,2026-06-01T21:15:00+0200,358.57,EUR/MWh,DE,DE_LU,day_ahead_price,value,2026-06-21T20:22:25Z
2026-06-21T20:21:09Z,2026-06-21T22:21:09+0200,4c728934-15fc-48ae-9cbd-ac5715da9ca9,2026-06-01T19:30:00Z,2026-06-01T21:30:00+0200,311.36,EUR/MWh,DE,DE_LU,day_ahead_price,value,2026-06-21T20:22:25Z
2026-06-21T20:21:09Z,2026-06-21T22:21:09+0200,4c728934-15fc-48ae-9cbd-ac5715da9ca9,2026-06-01T19:45:00Z,2026-06-01T21:45:00+0200,263.63,EUR/MWh,DE,DE_LU,day_ahead_price,value,2026-06-21T20:22:25Z
2026-06-21T20:21:09Z,2026-06-21T22:21:09+0200,4c728934-15fc-48ae-9cbd-ac5715da9ca9,2026-06-01T20:00:00Z,2026-06-01T22:00:00+0200,311.97,EUR/MWh,DE,DE_LU,day_ahead_price,value,2026-06-21T20:22:25Z
2026-06-21T20:21:09Z,2026-06-21T22:21:09+0200,4c728934-15fc-48ae-9cbd-ac5715da9ca9,2026-06-01T20:15:00Z,2026-06-01T22:15:00+0200,231.97,EUR/MWh,DE,DE_LU,day_ahead_price,value,2026-06-21T20:22:25Z
2026-06-21T20:21:09Z,2026-06-21T22:21:09+0200,4c728934-15fc-48ae-9cbd-ac5715da9ca9,2026-06-01T20:30:00Z,2026-06-01T22:30:00+0200,186.32,EUR/MWh,DE,DE_LU,day_ahead_price,value,2026-06-21T20:22:25Z
2026-06-21T20:21:09Z,2026-06-21T22:21:09+0200,4c728934-15fc-48ae-9cbd-ac5715da9ca9,2026-06-01T20:45:00Z,2026-06-01T22:45:00+0200,159.75,EUR/MWh,DE,DE_LU,day_ahead_price,value,2026-06-21T20:22:25Z
2026-06-21T20:21:09Z,2026-06-21T22:21:09+0200,4c728934-15fc-48ae-9cbd-ac5715da9ca9,2026-06-01T21:00:00Z,2026-06-01T23:00:00+0200,175.44,EUR/MWh,DE,DE_LU,day_ahead_price,value,2026-06-21T20:22:25Z
2026-06-21T20:21:09Z,2026-06-21T22:21:09+0200,4c728934-15fc-48ae-9cbd-ac5715da9ca9,2026-06-01T21:15:00Z,2026-06-01T23:15:00+0200,164.6,EUR/MWh,DE,DE_LU,day_ahead_price,value,2026-06-21T20:22:25Z
2026-06-21T20:21:09Z,2026-06-21T22:21:09+0200,4c728934-15fc-48ae-9cbd-ac5715da9ca9,2026-06-01T21:30:00Z,2026-06-01T23:30:00+0200,156.98,EUR/MWh,DE,DE_LU,day_ahead_price,value,2026-06-21T20:22:25Z
2026-06-21T20:21:09Z,2026-06-21T22:21:09+0200,4c728934-15fc-48ae-9cbd-ac5715da9ca9,2026-06-01T21:45:00Z,2026-06-01T23:45:00+0200,147.08,EUR/MWh,DE,DE_LU,day_ahead_price,value,2026-06-21T20:22:25Z
2026-06-21T20:21:09Z,2026-06-21T22:21:09+0200,4c728934-15fc-48ae-9cbd-ac5715da9ca9,2026-06-01T22:00:00Z,2026-06-02T00:00:00+0200,151.73,EUR/MWh,DE,DE_LU,day_ahead_price,value,2026-06-21T20:22:25Z
2026-06-21T20:21:09Z,2026-06-21T22:21:09+0200,4c728934-15fc-48ae-9cbd-ac5715da9ca9,2026-06-01T22:15:00Z,2026-06-02T00:15:00+0200,142.16,EUR/MWh,DE,DE_LU,day_ahead_price,value,2026-06-21T20:22:25Z
2026-06-21T20:21:09Z,2026-06-21T22:21:09+0200,4c728934-15fc-48ae-9cbd-ac5715da9ca9,2026-06-01T22:30:00Z,2026-06-02T00:30:00+0200,142.01,EUR/MWh,DE,DE_LU,day_ahead_price,value,2026-06-21T20:22:25Z
2026-06-21T20:21:09Z,2026-06-21T22:21:09+0200,4c728934-15fc-48ae-9cbd-ac5715da9ca9,2026-06-01T22:45:00Z,2026-06-02T00:45:00+0200,132.36,EUR/MWh,DE,DE_LU,day_ahead_price,value,2026-06-21T20:22:25Z
2026-06-21T20:21:09Z,2026-06-21T22:21:09+0200,4c728934-15fc-48ae-9cbd-ac5715da9ca9,2026-06-01T23:00:00Z,2026-06-02T01:00:00+0200,144.81,EUR/MWh,DE,DE_LU,day_ahead_price,value,2026-06-21T20:22:25Z
2026-06-21T20:21:09Z,2026-06-21T22:21:09+0200,4c728934-15fc-48ae-9cbd-ac5715da9ca9,2026-06-01T23:15:00Z,2026-06-02T01:15:00+0200,131.77,EUR/MWh,DE,DE_LU,day_ahead_price,value,2026-06-21T20:22:25Z
2026-06-21T20:21:09Z,2026-06-21T22:21:09+0200,4c728934-15fc-48ae-9cbd-ac5715da9ca9,2026-06-01T23:30:00Z,2026-06-02T01:30:00+0200,127.61,EUR/MWh,DE,DE_LU,day_ahead_price,value,2026-06-21T20:22:25Z
2026-06-21T20:21:09Z,2026-06-21T22:21:09+0200,4c728934-15fc-48ae-9cbd-ac5715da9ca9,2026-06-01T23:45:00Z,2026-06-02T01:45:00+0200,122.7,EUR/MWh,DE,DE_LU,day_ahead_price,value,2026-06-21T20:22:25Z
2026-06-21T20:21:09Z,2026-06-21T22:21:09+0200,4c728934-15fc-48ae-9cbd-ac5715da9ca9,2026-06-02T00:00:00Z,2026-06-02T02:00:00+0200,128.94,EUR/MWh,DE,DE_LU,day_ahead_price,value,2026-06-21T20:22:25Z
2026-06-21T20:21:09Z,2026-06-21T22:21:09+0200,4c728934-15fc-48ae-9cbd-ac5715da9ca9,2026-06-02T00:15:00Z,2026-06-02T02:15:00+0200,124.98,EUR/MWh,DE,DE_LU,day_ahead_price,value,2026-06-21T20:22:25Z
2026-06-21T20:21:09Z,2026-06-21T22:21:09+0200,4c728934-15fc-48ae-9cbd-ac5715da9ca9,2026-06-02T00:30:00Z,2026-06-02T02:30:00+0200,124.61,EUR/MWh,DE,DE_LU,day_ahead_price,value,2026-06-21T20:22:25Z
2026-06-21T20:21:09Z,2026-06-21T22:21:09+0200,4c728934-15fc-48ae-9cbd-ac5715da9ca9,2026-06-02T00:45:00Z,2026-06-02T02:45:00+0200,121.81,EUR/MWh,DE,DE_LU,day_ahead_price,value,2026-06-21T20:22:25Z
2026-06-21T20:21:09Z,2026-06-21T22:21:09+0200,4c728934-15fc-48ae-9cbd-ac5715da9ca9,2026-06-02T01:00:00Z,2026-06-02T03:00:00+0200,123.69,EUR/MWh,DE,DE_LU,day_ahead_price,value,2026-06-21T20:22:25Z
2026-06-21T20:21:09Z,2026-06-21T22:21:09+0200,4c728934-15fc-48ae-9cbd-ac5715da9ca9,2026-06-02T01:15:00Z,2026-06-02T03:15:00+0200,120.71,EUR/MWh,DE,DE_LU,day_ahead_price,value,2026-06-21T20:22:25Z
2026-06-21T20:21:09Z,2026-06-21T22:21:09+0200,4c728934-15fc-48ae-9cbd-ac5715da9ca9,2026-06-02T01:30:00Z,2026-06-02T03:30:00+0200,120.2,EUR/MWh,DE,DE_LU,day_ahead_price,value,2026-06-21T20:22:25Z
2026-06-21T20:21:09Z,2026-06-21T22:21:09+0200,4c728934-15fc-48ae-9cbd-ac5715da9ca9,2026-06-02T01:45:00Z,2026-06-02T03:45:00+0200,119.06,EUR/MWh,DE,DE_LU,day_ahead_price,value,2026-06-21T20:22:25Z
2026-06-21T20:21:09Z,2026-06-21T22:21:09+0200,4c728934-15fc-48ae-9cbd-ac5715da9ca9,2026-06-02T02:00:00Z,2026-06-02T04:00:00+0200,118.81,EUR/MWh,DE,DE_LU,day_ahead_price,value,2026-06-21T20:22:25Z
2026-06-21T20:21:09Z,2026-06-21T22:21:09+0200,4c728934-15fc-48ae-9cbd-ac5715da9ca9,2026-06-02T02:15:00Z,2026-06-02T04:15:00+0200,119.01,EUR/MWh,DE,DE_LU,day_ahead_price,value,2026-06-21T20:22:25Z
2026-06-21T20:21:09Z,2026-06-21T22:21:09+0200,4c728934-15fc-48ae-9cbd-ac5715da9ca9,2026-06-02T02:30:00Z,2026-06-02T04:30:00+0200,120.72,EUR/MWh,DE,DE_LU,day_ahead_price,value,2026-06-21T20:22:25Z
2026-06-21T20:21:09Z,2026-06-21T22:21:09+0200,4c728934-15fc-48ae-9cbd-ac5715da9ca9,2026-06-02T02:45:00Z,2026-06-02T04:45:00+0200,123.97,EUR/MWh,DE,DE_LU,day_ahead_price,value,2026-06-21T20:22:25Z
2026-06-21T20:21:09Z,2026-06-21T22:21:09+0200,4c728934-15fc-48ae-9cbd-ac5715da9ca9,2026-06-02T03:00:00Z,2026-06-02T05:00:00+0200,121.56,EUR/MWh,DE,DE_LU,day_ahead_price,value,2026-06-21T20:22:25Z
2026-06-21T20:21:09Z,2026-06-21T22:21:09+0200,4c728934-15fc-48ae-9cbd-ac5715da9ca9,2026-06-02T03:15:00Z,2026-06-02T05:15:00+0200,122.36,EUR/MWh,DE,DE_LU,day_ahead_price,value,2026-06-21T20:22:25Z
2026-06-21T20:21:09Z,2026-06-21T22:21:09+0200,4c728934-15fc-48ae-9cbd-ac5715da9ca9,2026-06-02T03:30:00Z,2026-06-02T05:30:00+0200,125.0,EUR/MWh,DE,DE_LU,day_ahead_price,value,2026-06-21T20:22:25Z
2026-06-21T20:21:09Z,2026-06-21T22:21:09+0200,4c728934-15fc-48ae-9cbd-ac5715da9ca9,2026-06-02T03:45:00Z,2026-06-02T05:45:00+0200,127.94,EUR/MWh,DE,DE_LU,day_ahead_price,value,2026-06-21T20:22:25Z
2026-06-21T20:21:09Z,2026-06-21T22:21:09+0200,4c728934-15fc-48ae-9cbd-ac5715da9ca9,2026-06-02T04:00:00Z,2026-06-02T06:00:00+0200,128.96,EUR/MWh,DE,DE_LU,day_ahead_price,value,2026-06-21T20:22:25Z
2026-06-21T20:21:09Z,2026-06-21T22:21:09+0200,4c728934-15fc-48ae-9cbd-ac5715da9ca9,2026-06-02T04:15:00Z,2026-06-02T06:15:00+0200,135.76,EUR/MWh,DE,DE_LU,day_ahead_price,value,2026-06-21T20:22:25Z
2026-06-21T20:21:09Z,2026-06-21T22:21:09+0200,4c728934-15fc-48ae-9cbd-ac5715da9ca9,2026-06-02T04:30:00Z,2026-06-02T06:30:00+0200,134.0,EUR/MWh,DE,DE_LU,day_ahead_price,value,2026-06-21T20:22:25Z
2026-06-21T20:21:09Z,2026-06-21T22:21:09+0200,4c728934-15fc-48ae-9cbd-ac5715da9ca9,2026-06-02T04:45:00Z,2026-06-02T06:45:00+0200,125.39,EUR/MWh,DE,DE_LU,day_ahead_price,value,2026-06-21T20:22:25Z
2026-06-21T20:21:09Z,2026-06-21T22:21:09+0200,4c728934-15fc-48ae-9cbd-ac5715da9ca9,2026-06-02T05:00:00Z,2026-06-02T07:00:00+0200,139.08,EUR/MWh,DE,DE_LU,day_ahead_price,value,2026-06-21T20:22:25Z
2026-06-21T20:21:09Z,2026-06-21T22:21:09+0200,4c728934-15fc-48ae-9cbd-ac5715da9ca9,2026-06-02T05:15:00Z,2026-06-02T07:15:00+0200,132.96,EUR/MWh,DE,DE_LU,day_ahead_price,value,2026-06-21T20:22:25Z
2026-06-21T20:21:09Z,2026-06-21T22:21:09+0200,4c728934-15fc-48ae-9cbd-ac5715da9ca9,2026-06-02T05:30:00Z,2026-06-02T07:30:00+0200,130.42,EUR/MWh,DE,DE_LU,day_ahead_price,value,2026-06-21T20:22:25Z
2026-06-21T20:21:09Z,2026-06-21T22:21:09+0200,4c728934-15fc-48ae-9cbd-ac5715da9ca9,2026-06-02T05:45:00Z,2026-06-02T07:45:00+0200,124.72,EUR/MWh,DE,DE_LU,day_ahead_price,value,2026-06-21T20:22:25Z
2026-06-21T20:21:09Z,2026-06-21T22:21:09+0200,4c728934-15fc-48ae-9cbd-ac5715da9ca9,2026-06-02T06:00:00Z,2026-06-02T08:00:00+0200,130.23,EUR/MWh,DE,DE_LU,day_ahead_price,value,2026-06-21T20:22:25Z
2026-06-21T20:21:09Z,2026-06-21T22:21:09+0200,4c728934-15fc-48ae-9cbd-ac5715da9ca9,2026-06-02T06:15:00Z,2026-06-02T08:15:00+0200,127.02,EUR/MWh,DE,DE_LU,day_ahead_price,value,2026-06-21T20:22:25Z
2026-06-21T20:21:09Z,2026-06-21T22:21:09+0200,4c728934-15fc-48ae-9cbd-ac5715da9ca9,2026-06-02T06:30:00Z,2026-06-02T08:30:00+0200,118.72,EUR/MWh,DE,DE_LU,day_ahead_price,value,2026-06-21T20:22:25Z
2026-06-21T20:21:09Z,2026-06-21T22:21:09+0200,4c728934-15fc-48ae-9cbd-ac5715da9ca9,2026-06-02T06:45:00Z,2026-06-02T08:45:00+0200,108.36,EUR/MWh,DE,DE_LU,day_ahead_price,value,2026-06-21T20:22:25Z
2026-06-21T20:21:09Z,2026-06-21T22:21:09+0200,4c728934-15fc-48ae-9cbd-ac5715da9ca9,2026-06-02T07:00:00Z,2026-06-02T09:00:00+0200,121.93,EUR/MWh,DE,DE_LU,day_ahead_price,value,2026-06-21T20:22:25Z
2026-06-21T20:21:09Z,2026-06-21T22:21:09+0200,4c728934-15fc-48ae-9cbd-ac5715da9ca9,2026-06-02T07:15:00Z,2026-06-02T09:15:00+0200,108.09,EUR/MWh,DE,DE_LU,day_ahead_price,value,2026-06-21T20:22:25Z
2026-06-21T20:21:09Z,2026-06-21T22:21:09+0200,4c728934-15fc-48ae-9cbd-ac5715da9ca9,2026-06-02T07:30:00Z,2026-06-02T09:30:00+0200,97.54,EUR/MWh,DE,DE_LU,day_ahead_price,value,2026-06-21T20:22:25Z
2026-06-21T20:21:09Z,2026-06-21T22:21:09+0200,4c728934-15fc-48ae-9cbd-ac5715da9ca9,2026-06-02T07:45:00Z,2026-06-02T09:45:00+0200,94.08,EUR/MWh,DE,DE_LU,day_ahead_price,value,2026-06-21T20:22:25Z
2026-06-21T20:21:09Z,2026-06-21T22:21:09+0200,4c728934-15fc-48ae-9cbd-ac5715da9ca9,2026-06-02T08:00:00Z,2026-06-02T10:00:00+0200,98.93,EUR/MWh,DE,DE_LU,day_ahead_price,value,2026-06-21T20:22:25Z
2026-06-21T20:21:09Z,2026-06-21T22:21:09+0200,4c728934-15fc-48ae-9cbd-ac5715da9ca9,2026-06-02T08:15:00Z,2026-06-02T10:15:00+0200,93.24,EUR/MWh,DE,DE_LU,day_ahead_price,value,2026-06-21T20:22:25Z
2026-06-21T20:21:09Z,2026-06-21T22:21:09+0200,4c728934-15fc-48ae-9cbd-ac5715da9ca9,2026-06-02T08:30:00Z,2026-06-02T10:30:00+0200,89.46,EUR/MWh,DE,DE_LU,day_ahead_price,value,2026-06-21T20:22:25Z
2026-06-21T20:21:09Z,2026-06-21T22:21:09+0200,4c728934-15fc-48ae-9cbd-ac5715da9ca9,2026-06-02T08:45:00Z,2026-06-02T10:45:00+0200,80.43,EUR/MWh,DE,DE_LU,day_ahead_price,value,2026-06-21T20:22:25Z
2026-06-21T20:21:09Z,2026-06-21T22:21:09+0200,4c728934-15fc-48ae-9cbd-ac5715da9ca9,2026-06-02T09:00:00Z,2026-06-02T11:00:00+0200,89.82,EUR/MWh,DE,DE_LU,day_ahead_price,value,2026-06-21T20:22:25Z
2026-06-21T20:21:09Z,2026-06-21T22:21:09+0200,4c728934-15fc-48ae-9cbd-ac5715da9ca9,2026-06-02T09:15:00Z,2026-06-02T11:15:00+0200,86.05,EUR/MWh,DE,DE_LU,day_ahead_price,value,2026-06-21T20:22:25Z
2026-06-21T20:21:09Z,2026-06-21T22:21:09+0200,4c728934-15fc-48ae-9cbd-ac5715da9ca9,2026-06-02T09:30:00Z,2026-06-02T11:30:00+0200,82.77,EUR/MWh,DE,DE_LU,day_ahead_price,value,2026-06-21T20:22:25Z
2026-06-21T20:21:09Z,2026-06-21T22:21:09+0200,4c728934-15fc-48ae-9cbd-ac5715da9ca9,2026-06-02T09:45:00Z,2026-06-02T11:45:00+0200,80.16,EUR/MWh,DE,DE_LU,day_ahead_price,value,2026-06-21T20:22:25Z
2026-06-21T20:21:09Z,2026-06-21T22:21:09+0200,4c728934-15fc-48ae-9cbd-ac5715da9ca9,2026-06-02T10:00:00Z,2026-06-02T12:00:00+0200,79.76,EUR/MWh,DE,DE_LU,day_ahead_price,value,2026-06-21T20:22:25Z
2026-06-21T20:21:09Z,2026-06-21T22:21:09+0200,4c728934-15fc-48ae-9cbd-ac5715da9ca9,2026-06-02T10:15:00Z,2026-06-02T12:15:00+0200,78.86,EUR/MWh,DE,DE_LU,day_ahead_price,value,2026-06-21T20:22:25Z
2026-06-21T20:21:09Z,2026-06-21T22:21:09+0200,4c728934-15fc-48ae-9cbd-ac5715da9ca9,2026-06-02T10:30:00Z,2026-06-02T12:30:00+0200,79.41,EUR/MWh,DE,DE_LU,day_ahead_price,value,2026-06-21T20:22:25Z
2026-06-21T20:21:09Z,2026-06-21T22:21:09+0200,4c728934-15fc-48ae-9cbd-ac5715da9ca9,2026-06-02T10:45:00Z,2026-06-02T12:45:00+0200,83.14,EUR/MWh,DE,DE_LU,day_ahead_price,value,2026-06-21T20:22:25Z
2026-06-21T20:21:09Z,2026-06-21T22:21:09+0200,4c728934-15fc-48ae-9cbd-ac5715da9ca9,2026-06-02T11:00:00Z,2026-06-02T13:00:00+0200,80.09,EUR/MWh,DE,DE_LU,day_ahead_price,value,2026-06-21T20:22:25Z
2026-06-21T20:21:09Z,2026-06-21T22:21:09+0200,4c728934-15fc-48ae-9cbd-ac5715da9ca9,2026-06-02T11:15:00Z,2026-06-02T13:15:00+0200,85.6,EUR/MWh,DE,DE_LU,day_ahead_price,value,2026-06-21T20:22:25Z
2026-06-21T20:21:09Z,2026-06-21T22:21:09+0200,4c728934-15fc-48ae-9cbd-ac5715da9ca9,2026-06-02T11:30:00Z,2026-06-02T13:30:00+0200,86.52,EUR/MWh,DE,DE_LU,day_ahead_price,value,2026-06-21T20:22:25Z
2026-06-21T20:21:09Z,2026-06-21T22:21:09+0200,4c728934-15fc-48ae-9cbd-ac5715da9ca9,2026-06-02T11:45:00Z,2026-06-02T13:45:00+0200,87.62,EUR/MWh,DE,DE_LU,day_ahead_price,value,2026-06-21T20:22:25Z
2026-06-21T20:21:09Z,2026-06-21T22:21:09+0200,4c728934-15fc-48ae-9cbd-ac5715da9ca9,2026-06-02T12:00:00Z,2026-06-02T14:00:00+0200,84.91,EUR/MWh,DE,DE_LU,day_ahead_price,value,2026-06-21T20:22:25Z
2026-06-21T20:21:09Z,2026-06-21T22:21:09+0200,4c728934-15fc-48ae-9cbd-ac5715da9ca9,2026-06-02T12:15:00Z,2026-06-02T14:15:00+0200,89.21,EUR/MWh,DE,DE_LU,day_ahead_price,value,2026-06-21T20:22:25Z
2026-06-21T20:21:09Z,2026-06-21T22:21:09+0200,4c728934-15fc-48ae-9cbd-ac5715da9ca9,2026-06-02T12:30:00Z,2026-06-02T14:30:00+0200,92.5,EUR/MWh,DE,DE_LU,day_ahead_price,value,2026-06-21T20:22:25Z
2026-06-21T20:21:09Z,2026-06-21T22:21:09+0200,4c728934-15fc-48ae-9cbd-ac5715da9ca9,2026-06-02T12:45:00Z,2026-06-02T14:45:00+0200,96.51,EUR/MWh,DE,DE_LU,day_ahead_price,value,2026-06-21T20:22:25Z
2026-06-21T20:21:09Z,2026-06-21T22:21:09+0200,4c728934-15fc-48ae-9cbd-ac5715da9ca9,2026-06-02T13:00:00Z,2026-06-02T15:00:00+0200,91.88,EUR/MWh,DE,DE_LU,day_ahead_price,value,2026-06-21T20:22:25Z
2026-06-21T20:21:09Z,2026-06-21T22:21:09+0200,4c728934-15fc-48ae-9cbd-ac5715da9ca9,2026-06-02T13:15:00Z,2026-06-02T15:15:00+0200,96.5,EUR/MWh,DE,DE_LU,day_ahead_price,value,2026-06-21T20:22:25Z
2026-06-21T20:21:09Z,2026-06-21T22:21:09+0200,4c728934-15fc-48ae-9cbd-ac5715da9ca9,2026-06-02T13:30:00Z,2026-06-02T15:30:00+0200,101.83,EUR/MWh,DE,DE_LU,day_ahead_price,value,2026-06-21T20:22:25Z
2026-06-21T20:21:09Z,2026-06-21T22:21:09+0200,4c728934-15fc-48ae-9cbd-ac5715da9ca9,2026-06-02T13:45:00Z,2026-06-02T15:45:00+0200,108.74,EUR/MWh,DE,DE_LU,day_ahead_price,value,2026-06-21T20:22:25Z
2026-06-21T20:21:09Z,2026-06-21T22:21:09+0200,4c728934-15fc-48ae-9cbd-ac5715da9ca9,2026-06-02T14:00:00Z,2026-06-02T16:00:00+0200,101.25,EUR/MWh,DE,DE_LU,day_ahead_price,value,2026-06-21T20:22:25Z
2026-06-21T20:21:09Z,2026-06-21T22:21:09+0200,4c728934-15fc-48ae-9cbd-ac5715da9ca9,2026-06-02T14:15:00Z,2026-06-02T16:15:00+0200,107.34,EUR/MWh,DE,DE_LU,day_ahead_price,value,2026-06-21T20:22:25Z
2026-06-21T20:21:09Z,2026-06-21T22:21:09+0200,4c728934-15fc-48ae-9cbd-ac5715da9ca9,2026-06-02T14:30:00Z,2026-06-02T16:30:00+0200,114.32,EUR/MWh,DE,DE_LU,day_ahead_price,value,2026-06-21T20:22:25Z
2026-06-21T20:21:09Z,2026-06-21T22:21:09+0200,4c728934-15fc-48ae-9cbd-ac5715da9ca9,2026-06-02T14:45:00Z,2026-06-02T16:45:00+0200,126.08,EUR/MWh,DE,DE_LU,day_ahead_price,value,2026-06-21T20:22:25Z
2026-06-21T20:21:09Z,2026-06-21T22:21:09+0200,4c728934-15fc-48ae-9cbd-ac5715da9ca9,2026-06-02T15:00:00Z,2026-06-02T17:00:00+0200,120.58,EUR/MWh,DE,DE_LU,day_ahead_price,value,2026-06-21T20:22:25Z
2026-06-21T20:21:09Z,2026-06-21T22:21:09+0200,4c728934-15fc-48ae-9cbd-ac5715da9ca9,2026-06-02T15:15:00Z,2026-06-02T17:15:00+0200,126.28,EUR/MWh,DE,DE_LU,day_ahead_price,value,2026-06-21T20:22:25Z
2026-06-21T20:21:09Z,2026-06-21T22:21:09+0200,4c728934-15fc-48ae-9cbd-ac5715da9ca9,2026-06-02T15:30:00Z,2026-06-02T17:30:00+0200,134.06,EUR/MWh,DE,DE_LU,day_ahead_price,value,2026-06-21T20:22:25Z
2026-06-21T20:21:09Z,2026-06-21T22:21:09+0200,4c728934-15fc-48ae-9cbd-ac5715da9ca9,2026-06-02T15:45:00Z,2026-06-02T17:45:00+0200,143.63,EUR/MWh,DE,DE_LU,day_ahead_price,value,2026-06-21T20:22:25Z
2026-06-21T20:21:09Z,2026-06-21T22:21:09+0200,4c728934-15fc-48ae-9cbd-ac5715da9ca9,2026-06-02T16:00:00Z,2026-06-02T18:00:00+0200,135.46,EUR/MWh,DE,DE_LU,day_ahead_price,value,2026-06-21T20:22:25Z
2026-06-21T20:21:09Z,2026-06-21T22:21:09+0200,4c728934-15fc-48ae-9cbd-ac5715da9ca9,2026-06-02T16:15:00Z,2026-06-02T18:15:00+0200,142.77,EUR/MWh,DE,DE_LU,day_ahead_price,value,2026-06-21T20:22:25Z
2026-06-21T20:21:09Z,2026-06-21T22:21:09+0200,4c728934-15fc-48ae-9cbd-ac5715da9ca9,2026-06-02T16:30:00Z,2026-06-02T18:30:00+0200,148.72,EUR/MWh,DE,DE_LU,day_ahead_price,value,2026-06-21T20:22:25Z
2026-06-21T20:21:09Z,2026-06-21T22:21:09+0200,4c728934-15fc-48ae-9cbd-ac5715da9ca9,2026-06-02T16:45:00Z,2026-06-02T18:45:00+0200,160.96,EUR/MWh,DE,DE_LU,day_ahead_price,value,2026-06-21T20:22:25Z
2026-06-21T20:21:09Z,2026-06-21T22:21:09+0200,4c728934-15fc-48ae-9cbd-ac5715da9ca9,2026-06-02T17:00:00Z,2026-06-02T19:00:00+0200,156.0,EUR/MWh,DE,DE_LU,day_ahead_price,value,2026-06-21T20:22:25Z
2026-06-21T20:21:09Z,2026-06-21T22:21:09+0200,4c728934-15fc-48ae-9cbd-ac5715da9ca9,2026-06-02T17:15:00Z,2026-06-02T19:15:00+0200,162.95,EUR/MWh,DE,DE_LU,day_ahead_price,value,2026-06-21T20:22:25Z
2026-06-21T20:21:09Z,2026-06-21T22:21:09+0200,4c728934-15fc-48ae-9cbd-ac5715da9ca9,2026-06-02T17:30:00Z,2026-06-02T19:30:00+0200,175.18,EUR/MWh,DE,DE_LU,day_ahead_price,value,2026-06-21T20:22:25Z
2026-06-21T20:21:09Z,2026-06-21T22:21:09+0200,4c728934-15fc-48ae-9cbd-ac5715da9ca9,2026-06-02T17:45:00Z,2026-06-02T19:45:00+0200,177.62,EUR/MWh,DE,DE_LU,day_ahead_price,value,2026-06-21T20:22:25Z
2026-06-21T20:21:09Z,2026-06-21T22:21:09+0200,4c728934-15fc-48ae-9cbd-ac5715da9ca9,2026-06-02T18:00:00Z,2026-06-02T20:00:00+0200,176.93,EUR/MWh,DE,DE_LU,day_ahead_price,value,2026-06-21T20:22:25Z
2026-06-21T20:21:09Z,2026-06-21T22:21:09+0200,4c728934-15fc-48ae-9cbd-ac5715da9ca9,2026-06-02T18:15:00Z,2026-06-02T20:15:00+0200,166.94,EUR/MWh,DE,DE_LU,day_ahead_price,value,2026-06-21T20:22:25Z
2026-06-21T20:21:09Z,2026-06-21T22:21:09+0200,4c728934-15fc-48ae-9cbd-ac5715da9ca9,2026-06-02T18:30:00Z,2026-06-02T20:30:00+0200,164.29,EUR/MWh,DE,DE_LU,day_ahead_price,value,2026-06-21T20:22:25Z
2026-06-21T20:21:09Z,2026-06-21T22:21:09+0200,4c728934-15fc-48ae-9cbd-ac5715da9ca9,2026-06-02T18:45:00Z,2026-06-02T20:45:00+0200,160.93,EUR/MWh,DE,DE_LU,day_ahead_price,value,2026-06-21T20:22:25Z
2026-06-21T20:21:09Z,2026-06-21T22:21:09+0200,4c728934-15fc-48ae-9cbd-ac5715da9ca9,2026-06-02T19:00:00Z,2026-06-02T21:00:00+0200,165.28,EUR/MWh,DE,DE_LU,day_ahead_price,value,2026-06-21T20:22:25Z
2026-06-21T20:21:09Z,2026-06-21T22:21:09+0200,4c728934-15fc-48ae-9cbd-ac5715da9ca9,2026-06-02T19:15:00Z,2026-06-02T21:15:00+0200,156.0,EUR/MWh,DE,DE_LU,day_ahead_price,value,2026-06-21T20:22:25Z
2026-06-21T20:21:09Z,2026-06-21T22:21:09+0200,4c728934-15fc-48ae-9cbd-ac5715da9ca9,2026-06-02T19:30:00Z,2026-06-02T21:30:00+0200,149.03,EUR/MWh,DE,DE_LU,day_ahead_price,value,2026-06-21T20:22:25Z
2026-06-21T20:21:09Z,2026-06-21T22:21:09+0200,4c728934-15fc-48ae-9cbd-ac5715da9ca9,2026-06-02T19:45:00Z,2026-06-02T21:45:00+0200,138.99,EUR/MWh,DE,DE_LU,day_ahead_price,value,2026-06-21T20:22:25Z
2026-06-21T20:21:09Z,2026-06-21T22:21:09+0200,4c728934-15fc-48ae-9cbd-ac5715da9ca9,2026-06-02T20:00:00Z,2026-06-02T22:00:00+0200,146.13,EUR/MWh,DE,DE_LU,day_ahead_price,value,2026-06-21T20:22:25Z
2026-06-21T20:21:09Z,2026-06-21T22:21:09+0200,4c728934-15fc-48ae-9cbd-ac5715da9ca9,2026-06-02T20:15:00Z,2026-06-02T22:15:00+0200,142.67,EUR/MWh,DE,DE_LU,day_ahead_price,value,2026-06-21T20:22:25Z
2026-06-21T20:21:09Z,2026-06-21T22:21:09+0200,4c728934-15fc-48ae-9cbd-ac5715da9ca9,2026-06-02T20:30:00Z,2026-06-02T22:30:00+0200,137.94,EUR/MWh,DE,DE_LU,day_ahead_price,value,2026-06-21T20:22:25Z
2026-06-21T20:21:09Z,2026-06-21T22:21:09+0200,4c728934-15fc-48ae-9cbd-ac5715da9ca9,2026-06-02T20:45:00Z,2026-06-02T22:45:00+0200,135.0,EUR/MWh,DE,DE_LU,day_ahead_price,value,2026-06-21T20:22:25Z
2026-06-21T20:21:09Z,2026-06-21T22:21:09+0200,4c728934-15fc-48ae-9cbd-ac5715da9ca9,2026-06-02T21:00:00Z,2026-06-02T23:00:00+0200,137.09,EUR/MWh,DE,DE_LU,day_ahead_price,value,2026-06-21T20:22:25Z
2026-06-21T20:21:09Z,2026-06-21T22:21:09+0200,4c728934-15fc-48ae-9cbd-ac5715da9ca9,2026-06-02T21:15:00Z,2026-06-02T23:15:00+0200,126.03,EUR/MWh,DE,DE_LU,day_ahead_price,value,2026-06-21T20:22:25Z
2026-06-21T20:21:09Z,2026-06-21T22:21:09+0200,4c728934-15fc-48ae-9cbd-ac5715da9ca9,2026-06-02T21:30:00Z,2026-06-02T23:30:00+0200,124.79,EUR/MWh,DE,DE_LU,day_ahead_price,value,2026-06-21T20:22:25Z
2026-06-21T20:21:09Z,2026-06-21T22:21:09+0200,4c728934-15fc-48ae-9cbd-ac5715da9ca9,2026-06-02T21:45:00Z,2026-06-02T23:45:00+0200,113.04,EUR/MWh,DE,DE_LU,day_ahead_price,value,2026-06-21T20:22:25Z
2026-06-21T20:21:09Z,2026-06-21T22:21:09+0200,4c728934-15fc-48ae-9cbd-ac5715da9ca9,2026-06-02T22:00:00Z,2026-06-03T00:00:00+0200,119.1,EUR/MWh,DE,DE_LU,day_ahead_price,value,2026-06-21T20:22:25Z
2026-06-21T20:21:09Z,2026-06-21T22:21:09+0200,4c728934-15fc-48ae-9cbd-ac5715da9ca9,2026-06-02T22:15:00Z,2026-06-03T00:15:00+0200,118.1,EUR/MWh,DE,DE_LU,day_ahead_price,value,2026-06-21T20:22:25Z
2026-06-21T20:21:09Z,2026-06-21T22:21:09+0200,4c728934-15fc-48ae-9cbd-ac5715da9ca9,2026-06-02T22:30:00Z,2026-06-03T00:30:00+0200,115.01,EUR/MWh,DE,DE_LU,day_ahead_price,value,2026-06-21T20:22:25Z
2026-06-21T20:21:09Z,2026-06-21T22:21:09+0200,4c728934-15fc-48ae-9cbd-ac5715da9ca9,2026-06-02T22:45:00Z,2026-06-03T00:45:00+0200,112.99,EUR/MWh,DE,DE_LU,day_ahead_price,value,2026-06-21T20:22:25Z
2026-06-21T20:21:09Z,2026-06-21T22:21:09+0200,4c728934-15fc-48ae-9cbd-ac5715da9ca9,2026-06-02T23:00:00Z,2026-06-03T01:00:00+0200,115.01,EUR/MWh,DE,DE_LU,day_ahead_price,value,2026-06-21T20:22:25Z
2026-06-21T20:21:09Z,2026-06-21T22:21:09+0200,4c728934-15fc-48ae-9cbd-ac5715da9ca9,2026-06-02T23:15:00Z,2026-06-03T01:15:00+0200,113.2,EUR/MWh,DE,DE_LU,day_ahead_price,value,2026-06-21T20:22:25Z
2026-06-21T20:21:09Z,2026-06-21T22:21:09+0200,4c728934-15fc-48ae-9cbd-ac5715da9ca9,2026-06-02T23:30:00Z,2026-06-03T01:30:00+0200,111.1,EUR/MWh,DE,DE_LU,day_ahead_price,value,2026-06-21T20:22:25Z
2026-06-21T20:21:09Z,2026-06-21T22:21:09+0200,4c728934-15fc-48ae-9cbd-ac5715da9ca9,2026-06-02T23:45:00Z,2026-06-03T01:45:00+0200,108.27,EUR/MWh,DE,DE_LU,day_ahead_price,value,2026-06-21T20:22:25Z
2026-06-21T20:21:09Z,2026-06-21T22:21:09+0200,4c728934-15fc-48ae-9cbd-ac5715da9ca9,2026-06-03T00:00:00Z,2026-06-03T02:00:00+0200,109.75,EUR/MWh,DE,DE_LU,day_ahead_price,value,2026-06-21T20:22:25Z
2026-06-21T20:21:09Z,2026-06-21T22:21:09+0200,4c728934-15fc-48ae-9cbd-ac5715da9ca9,2026-06-03T00:15:00Z,2026-06-03T02:15:00+0200,107.68,EUR/MWh,DE,DE_LU,day_ahead_price,value,2026-06-21T20:22:25Z
2026-06-21T20:21:09Z,2026-06-21T22:21:09+0200,4c728934-15fc-48ae-9cbd-ac5715da9ca9,2026-06-03T00:30:00Z,2026-06-03T02:30:00+0200,107.76,EUR/MWh,DE,DE_LU,day_ahead_price,value,2026-06-21T20:22:25Z
2026-06-21T20:21:09Z,2026-06-21T22:21:09+0200,4c728934-15fc-48ae-9cbd-ac5715da9ca9,2026-06-03T00:45:00Z,2026-06-03T02:45:00+0200,106.88,EUR/MWh,DE,DE_LU,day_ahead_price,value,2026-06-21T20:22:25Z
2026-06-21T20:21:09Z,2026-06-21T22:21:09+0200,4c728934-15fc-48ae-9cbd-ac5715da9ca9,2026-06-03T01:00:00Z,2026-06-03T03:00:00+0200,107.5,EUR/MWh,DE,DE_LU,day_ahead_price,value,2026-06-21T20:22:25Z
2026-06-21T20:21:09Z,2026-06-21T22:21:09+0200,4c728934-15fc-48ae-9cbd-ac5715da9ca9,2026-06-03T01:15:00Z,2026-06-03T03:15:00+0200,106.63,EUR/MWh,DE,DE_LU,day_ahead_price,value,2026-06-21T20:22:25Z
2026-06-21T20:21:09Z,2026-06-21T22:21:09+0200,4c728934-15fc-48ae-9cbd-ac5715da9ca9,2026-06-03T01:30:00Z,2026-06-03T03:30:00+0200,106.73,EUR/MWh,DE,DE_LU,day_ahead_price,value,2026-06-21T20:22:25Z
2026-06-21T20:21:09Z,2026-06-21T22:21:09+0200,4c728934-15fc-48ae-9cbd-ac5715da9ca9,2026-06-03T01:45:00Z,2026-06-03T03:45:00+0200,108.34,EUR/MWh,DE,DE_LU,day_ahead_price,value,2026-06-21T20:22:25Z
2026-06-21T20:21:09Z,2026-06-21T22:21:09+0200,4c728934-15fc-48ae-9cbd-ac5715da9ca9,2026-06-03T02:00:00Z,2026-06-03T04:00:00+0200,106.52,EUR/MWh,DE,DE_LU,day_ahead_price,value,2026-06-21T20:22:25Z
2026-06-21T20:21:09Z,2026-06-21T22:21:09+0200,4c728934-15fc-48ae-9cbd-ac5715da9ca9,2026-06-03T02:15:00Z,2026-06-03T04:15:00+0200,106.42,EUR/MWh,DE,DE_LU,day_ahead_price,value,2026-06-21T20:22:25Z
2026-06-21T20:21:09Z,2026-06-21T22:21:09+0200,4c728934-15fc-48ae-9cbd-ac5715da9ca9,2026-06-03T02:30:00Z,2026-06-03T04:30:00+0200,107.68,EUR/MWh,DE,DE_LU,day_ahead_price,value,2026-06-21T20:22:25Z
2026-06-21T20:21:09Z,2026-06-21T22:21:09+0200,4c728934-15fc-48ae-9cbd-ac5715da9ca9,2026-06-03T02:45:00Z,2026-06-03T04:45:00+0200,108.14,EUR/MWh,DE,DE_LU,day_ahead_price,value,2026-06-21T20:22:25Z
2026-06-21T20:21:09Z,2026-06-21T22:21:09+0200,4c728934-15fc-48ae-9cbd-ac5715da9ca9,2026-06-03T03:00:00Z,2026-06-03T05:00:00+0200,108.29,EUR/MWh,DE,DE_LU,day_ahead_price,value,2026-06-21T20:22:25Z
2026-06-21T20:21:09Z,2026-06-21T22:21:09+0200,4c728934-15fc-48ae-9cbd-ac5715da9ca9,2026-06-03T03:15:00Z,2026-06-03T05:15:00+0200,109.84,EUR/MWh,DE,DE_LU,day_ahead_price,value,2026-06-21T20:22:25Z
2026-06-21T20:21:09Z,2026-06-21T22:21:09+0200,4c728934-15fc-48ae-9cbd-ac5715da9ca9,2026-06-03T03:30:00Z,2026-06-03T05:30:00+0200,113.69,EUR/MWh,DE,DE_LU,day_ahead_price,value,2026-06-21T20:22:25Z
2026-06-21T20:21:09Z,2026-06-21T22:21:09+0200,4c728934-15fc-48ae-9cbd-ac5715da9ca9,2026-06-03T03:45:00Z,2026-06-03T05:45:00+0200,121.28,EUR/MWh,DE,DE_LU,day_ahead_price,value,2026-06-21T20:22:25Z
2026-06-21T20:21:09Z,2026-06-21T22:21:09+0200,4c728934-15fc-48ae-9cbd-ac5715da9ca9,2026-06-03T04:00:00Z,2026-06-03T06:00:00+0200,127.34,EUR/MWh,DE,DE_LU,day_ahead_price,value,2026-06-21T20:22:25Z
2026-06-21T20:21:09Z,2026-06-21T22:21:09+0200,4c728934-15fc-48ae-9cbd-ac5715da9ca9,2026-06-03T04:15:00Z,2026-06-03T06:15:00+0200,130.18,EUR/MWh,DE,DE_LU,day_ahead_price,value,2026-06-21T20:22:25Z
2026-06-21T20:21:09Z,2026-06-21T22:21:09+0200,4c728934-15fc-48ae-9cbd-ac5715da9ca9,2026-06-03T04:30:00Z,2026-06-03T06:30:00+0200,132.23,EUR/MWh,DE,DE_LU,day_ahead_price,value,2026-06-21T20:22:25Z
2026-06-21T20:21:09Z,2026-06-21T22:21:09+0200,4c728934-15fc-48ae-9cbd-ac5715da9ca9,2026-06-03T04:45:00Z,2026-06-03T06:45:00+0200,133.2,EUR/MWh,DE,DE_LU,day_ahead_price,value,2026-06-21T20:22:25Z
2026-06-21T20:21:09Z,2026-06-21T22:21:09+0200,4c728934-15fc-48ae-9cbd-ac5715da9ca9,2026-06-03T05:00:00Z,2026-06-03T07:00:00+0200,144.42,EUR/MWh,DE,DE_LU,day_ahead_price,value,2026-06-21T20:22:25Z
2026-06-21T20:21:09Z,2026-06-21T22:21:09+0200,4c728934-15fc-48ae-9cbd-ac5715da9ca9,2026-06-03T05:15:00Z,2026-06-03T07:15:00+0200,139.54,EUR/MWh,DE,DE_LU,day_ahead_price,value,2026-06-21T20:22:25Z
2026-06-21T20:21:09Z,2026-06-21T22:21:09+0200,4c728934-15fc-48ae-9cbd-ac5715da9ca9,2026-06-03T05:30:00Z,2026-06-03T07:30:00+0200,134.02,EUR/MWh,DE,DE_LU,day_ahead_price,value,2026-06-21T20:22:25Z
2026-06-21T20:21:09Z,2026-06-21T22:21:09+0200,4c728934-15fc-48ae-9cbd-ac5715da9ca9,2026-06-03T05:45:00Z,2026-06-03T07:45:00+0200,129.34,EUR/MWh,DE,DE_LU,day_ahead_price,value,2026-06-21T20:22:25Z
2026-06-21T20:21:09Z,2026-06-21T22:21:09+0200,4c728934-15fc-48ae-9cbd-ac5715da9ca9,2026-06-03T06:00:00Z,2026-06-03T08:00:00+0200,146.41,EUR/MWh,DE,DE_LU,day_ahead_price,value,2026-06-21T20:22:25Z
2026-06-21T20:21:09Z,2026-06-21T22:21:09+0200,4c728934-15fc-48ae-9cbd-ac5715da9ca9,2026-06-03T06:15:00Z,2026-06-03T08:15:00+0200,135.32,EUR/MWh,DE,DE_LU,day_ahead_price,value,2026-06-21T20:22:25Z
2026-06-21T20:21:09Z,2026-06-21T22:21:09+0200,4c728934-15fc-48ae-9cbd-ac5715da9ca9,2026-06-03T06:30:00Z,2026-06-03T08:30:00+0200,129.27,EUR/MWh,DE,DE_LU,day_ahead_price,value,2026-06-21T20:22:25Z
2026-06-21T20:21:09Z,2026-06-21T22:21:09+0200,4c728934-15fc-48ae-9cbd-ac5715da9ca9,2026-06-03T06:45:00Z,2026-06-03T08:45:00+0200,113.31,EUR/MWh,DE,DE_LU,day_ahead_price,value,2026-06-21T20:22:25Z
2026-06-21T20:21:09Z,2026-06-21T22:21:09+0200,4c728934-15fc-48ae-9cbd-ac5715da9ca9,2026-06-03T07:00:00Z,2026-06-03T09:00:00+0200,133.27,EUR/MWh,DE,DE_LU,day_ahead_price,value,2026-06-21T20:22:25Z
2026-06-21T20:21:09Z,2026-06-21T22:21:09+0200,4c728934-15fc-48ae-9cbd-ac5715da9ca9,2026-06-03T07:15:00Z,2026-06-03T09:15:00+0200,116.89,EUR/MWh,DE,DE_LU,day_ahead_price,value,2026-06-21T20:22:25Z
2026-06-21T20:21:09Z,2026-06-21T22:21:09+0200,4c728934-15fc-48ae-9cbd-ac5715da9ca9,2026-06-03T07:30:00Z,2026-06-03T09:30:00+0200,106.27,EUR/MWh,DE,DE_LU,day_ahead_price,value,2026-06-21T20:22:25Z
2026-06-21T20:21:09Z,2026-06-21T22:21:09+0200,4c728934-15fc-48ae-9cbd-ac5715da9ca9,2026-06-03T07:45:00Z,2026-06-03T09:45:00+0200,92.16,EUR/MWh,DE,DE_LU,day_ahead_price,value,2026-06-21T20:22:25Z
2026-06-21T20:21:09Z,2026-06-21T22:21:09+0200,4c728934-15fc-48ae-9cbd-ac5715da9ca9,2026-06-03T08:00:00Z,2026-06-03T10:00:00+0200,103.2,EUR/MWh,DE,DE_LU,day_ahead_price,value,2026-06-21T20:22:25Z
2026-06-21T20:21:09Z,2026-06-21T22:21:09+0200,4c728934-15fc-48ae-9cbd-ac5715da9ca9,2026-06-03T08:15:00Z,2026-06-03T10:15:00+0200,94.48,EUR/MWh,DE,DE_LU,day_ahead_price,value,2026-06-21T20:22:25Z
2026-06-21T20:21:09Z,2026-06-21T22:21:09+0200,4c728934-15fc-48ae-9cbd-ac5715da9ca9,2026-06-03T08:30:00Z,2026-06-03T10:30:00+0200,92.93,EUR/MWh,DE,DE_LU,day_ahead_price,value,2026-06-21T20:22:25Z
2026-06-21T20:21:09Z,2026-06-21T22:21:09+0200,4c728934-15fc-48ae-9cbd-ac5715da9ca9,2026-06-03T08:45:00Z,2026-06-03T10:45:00+0200,85.76,EUR/MWh,DE,DE_LU,day_ahead_price,value,2026-06-21T20:22:25Z
2026-06-21T20:21:09Z,2026-06-21T22:21:09+0200,4c728934-15fc-48ae-9cbd-ac5715da9ca9,2026-06-03T09:00:00Z,2026-06-03T11:00:00+0200,89.95,EUR/MWh,DE,DE_LU,day_ahead_price,value,2026-06-21T20:22:25Z
2026-06-21T20:21:09Z,2026-06-21T22:21:09+0200,4c728934-15fc-48ae-9cbd-ac5715da9ca9,2026-06-03T09:15:00Z,2026-06-03T11:15:00+0200,82.4,EUR/MWh,DE,DE_LU,day_ahead_price,value,2026-06-21T20:22:25Z
2026-06-21T20:21:09Z,2026-06-21T22:21:09+0200,4c728934-15fc-48ae-9cbd-ac5715da9ca9,2026-06-03T09:30:00Z,2026-06-03T11:30:00+0200,82.04,EUR/MWh,DE,DE_LU,day_ahead_price,value,2026-06-21T20:22:25Z
2026-06-21T20:21:09Z,2026-06-21T22:21:09+0200,4c728934-15fc-48ae-9cbd-ac5715da9ca9,2026-06-03T09:45:00Z,2026-06-03T11:45:00+0200,66.6,EUR/MWh,DE,DE_LU,day_ahead_price,value,2026-06-21T20:22:25Z
2026-06-21T20:21:09Z,2026-06-21T22:21:09+0200,4c728934-15fc-48ae-9cbd-ac5715da9ca9,2026-06-03T10:00:00Z,2026-06-03T12:00:00+0200,77.52,EUR/MWh,DE,DE_LU,day_ahead_price,value,2026-06-21T20:22:25Z
2026-06-21T20:21:09Z,2026-06-21T22:21:09+0200,4c728934-15fc-48ae-9cbd-ac5715da9ca9,2026-06-03T10:15:00Z,2026-06-03T12:15:00+0200,65.0,EUR/MWh,DE,DE_LU,day_ahead_price,value,2026-06-21T20:22:25Z
2026-06-21T20:21:09Z,2026-06-21T22:21:09+0200,4c728934-15fc-48ae-9cbd-ac5715da9ca9,2026-06-03T10:30:00Z,2026-06-03T12:30:00+0200,52.37,EUR/MWh,DE,DE_LU,day_ahead_price,value,2026-06-21T20:22:25Z
2026-06-21T20:21:09Z,2026-06-21T22:21:09+0200,4c728934-15fc-48ae-9cbd-ac5715da9ca9,2026-06-03T10:45:00Z,2026-06-03T12:45:00+0200,37.79,EUR/MWh,DE,DE_LU,day_ahead_price,value,2026-06-21T20:22:25Z
2026-06-21T20:21:09Z,2026-06-21T22:21:09+0200,4c728934-15fc-48ae-9cbd-ac5715da9ca9,2026-06-03T11:00:00Z,2026-06-03T13:00:00+0200,50.09,EUR/MWh,DE,DE_LU,day_ahead_price,value,2026-06-21T20:22:25Z
2026-06-21T20:21:09Z,2026-06-21T22:21:09+0200,4c728934-15fc-48ae-9cbd-ac5715da9ca9,2026-06-03T11:15:00Z,2026-06-03T13:15:00+0200,40.0,EUR/MWh,DE,DE_LU,day_ahead_price,value,2026-06-21T20:22:25Z
2026-06-21T20:21:09Z,2026-06-21T22:21:09+0200,4c728934-15fc-48ae-9cbd-ac5715da9ca9,2026-06-03T11:30:00Z,2026-06-03T13:30:00+0200,35.35,EUR/MWh,DE,DE_LU,day_ahead_price,value,2026-06-21T20:22:25Z
2026-06-21T20:21:09Z,2026-06-21T22:21:09+0200,4c728934-15fc-48ae-9cbd-ac5715da9ca9,2026-06-03T11:45:00Z,2026-06-03T13:45:00+0200,25.89,EUR/MWh,DE,DE_LU,day_ahead_price,value,2026-06-21T20:22:25Z
2026-06-21T20:21:09Z,2026-06-21T22:21:09+0200,4c728934-15fc-48ae-9cbd-ac5715da9ca9,2026-06-03T12:00:00Z,2026-06-03T14:00:00+0200,29.21,EUR/MWh,DE,DE_LU,day_ahead_price,value,2026-06-21T20:22:25Z
2026-06-21T20:21:09Z,2026-06-21T22:21:09+0200,4c728934-15fc-48ae-9cbd-ac5715da9ca9,2026-06-03T12:15:00Z,2026-06-03T14:15:00+0200,36.06,EUR/MWh,DE,DE_LU,day_ahead_price,value,2026-06-21T20:22:25Z
2026-06-21T20:21:09Z,2026-06-21T22:21:09+0200,4c728934-15fc-48ae-9cbd-ac5715da9ca9,2026-06-03T12:30:00Z,2026-06-03T14:30:00+0200,37.88,EUR/MWh,DE,DE_LU,day_ahead_price,value,2026-06-21T20:22:25Z
2026-06-21T20:21:09Z,2026-06-21T22:21:09+0200,4c728934-15fc-48ae-9cbd-ac5715da9ca9,2026-06-03T12:45:00Z,2026-06-03T14:45:00+0200,49.02,EUR/MWh,DE,DE_LU,day_ahead_price,value,2026-06-21T20:22:25Z
2026-06-21T20:21:09Z,2026-06-21T22:21:09+0200,4c728934-15fc-48ae-9cbd-ac5715da9ca9,2026-06-03T13:00:00Z,2026-06-03T15:00:00+0200,29.38,EUR/MWh,DE,DE_LU,day_ahead_price,value,2026-06-21T20:22:25Z
2026-06-21T20:21:09Z,2026-06-21T22:21:09+0200,4c728934-15fc-48ae-9cbd-ac5715da9ca9,2026-06-03T13:15:00Z,2026-06-03T15:15:00+0200,44.81,EUR/MWh,DE,DE_LU,day_ahead_price,value,2026-06-21T20:22:25Z
2026-06-21T20:21:09Z,2026-06-21T22:21:09+0200,4c728934-15fc-48ae-9cbd-ac5715da9ca9,2026-06-03T13:30:00Z,2026-06-03T15:30:00+0200,48.75,EUR/MWh,DE,DE_LU,day_ahead_price,value,2026-06-21T20:22:25Z
2026-06-21T20:21:09Z,2026-06-21T22:21:09+0200,4c728934-15fc-48ae-9cbd-ac5715da9ca9,2026-06-03T13:45:00Z,2026-06-03T15:45:00+0200,65.46,EUR/MWh,DE,DE_LU,day_ahead_price,value,2026-06-21T20:22:25Z
2026-06-21T20:21:09Z,2026-06-21T22:21:09+0200,4c728934-15fc-48ae-9cbd-ac5715da9ca9,2026-06-03T14:00:00Z,2026-06-03T16:00:00+0200,44.72,EUR/MWh,DE,DE_LU,day_ahead_price,value,2026-06-21T20:22:25Z
2026-06-21T20:21:09Z,2026-06-21T22:21:09+0200,4c728934-15fc-48ae-9cbd-ac5715da9ca9,2026-06-03T14:15:00Z,2026-06-03T16:15:00+0200,70.98,EUR/MWh,DE,DE_LU,day_ahead_price,value,2026-06-21T20:22:25Z
2026-06-21T20:21:09Z,2026-06-21T22:21:09+0200,4c728934-15fc-48ae-9cbd-ac5715da9ca9,2026-06-03T14:30:00Z,2026-06-03T16:30:00+0200,84.14,EUR/MWh,DE,DE_LU,day_ahead_price,value,2026-06-21T20:22:25Z
2026-06-21T20:21:09Z,2026-06-21T22:21:09+0200,4c728934-15fc-48ae-9cbd-ac5715da9ca9,2026-06-03T14:45:00Z,2026-06-03T16:45:00+0200,107.76,EUR/MWh,DE,DE_LU,day_ahead_price,value,2026-06-21T20:22:25Z
2026-06-21T20:21:09Z,2026-06-21T22:21:09+0200,4c728934-15fc-48ae-9cbd-ac5715da9ca9,2026-06-03T15:00:00Z,2026-06-03T17:00:00+0200,67.87,EUR/MWh,DE,DE_LU,day_ahead_price,value,2026-06-21T20:22:25Z
2026-06-21T20:21:09Z,2026-06-21T22:21:09+0200,4c728934-15fc-48ae-9cbd-ac5715da9ca9,2026-06-03T15:15:00Z,2026-06-03T17:15:00+0200,85.98,EUR/MWh,DE,DE_LU,day_ahead_price,value,2026-06-21T20:22:25Z
2026-06-21T20:21:09Z,2026-06-21T22:21:09+0200,4c728934-15fc-48ae-9cbd-ac5715da9ca9,2026-06-03T15:30:00Z,2026-06-03T17:30:00+0200,106.37,EUR/MWh,DE,DE_LU,day_ahead_price,value,2026-06-21T20:22:25Z
2026-06-21T20:21:09Z,2026-06-21T22:21:09+0200,4c728934-15fc-48ae-9cbd-ac5715da9ca9,2026-06-03T15:45:00Z,2026-06-03T17:45:00+0200,121.91,EUR/MWh,DE,DE_LU,day_ahead_price,value,2026-06-21T20:22:25Z
2026-06-21T20:21:09Z,2026-06-21T22:21:09+0200,4c728934-15fc-48ae-9cbd-ac5715da9ca9,2026-06-03T16:00:00Z,2026-06-03T18:00:00+0200,103.26,EUR/MWh,DE,DE_LU,day_ahead_price,value,2026-06-21T20:22:25Z
2026-06-21T20:21:09Z,2026-06-21T22:21:09+0200,4c728934-15fc-48ae-9cbd-ac5715da9ca9,2026-06-03T16:15:00Z,2026-06-03T18:15:00+0200,115.96,EUR/MWh,DE,DE_LU,day_ahead_price,value,2026-06-21T20:22:25Z
2026-06-21T20:21:09Z,2026-06-21T22:21:09+0200,4c728934-15fc-48ae-9cbd-ac5715da9ca9,2026-06-03T16:30:00Z,2026-06-03T18:30:00+0200,130.81,EUR/MWh,DE,DE_LU,day_ahead_price,value,2026-06-21T20:22:25Z
2026-06-21T20:21:09Z,2026-06-21T22:21:09+0200,4c728934-15fc-48ae-9cbd-ac5715da9ca9,2026-06-03T16:45:00Z,2026-06-03T18:45:00+0200,138.72,EUR/MWh,DE,DE_LU,day_ahead_price,value,2026-06-21T20:22:25Z
2026-06-21T20:21:09Z,2026-06-21T22:21:09+0200,4c728934-15fc-48ae-9cbd-ac5715da9ca9,2026-06-03T17:00:00Z,2026-06-03T19:00:00+0200,125.93,EUR/MWh,DE,DE_LU,day_ahead_price,value,2026-06-21T20:22:25Z
2026-06-21T20:21:09Z,2026-06-21T22:21:09+0200,4c728934-15fc-48ae-9cbd-ac5715da9ca9,2026-06-03T17:15:00Z,2026-06-03T19:15:00+0200,131.81,EUR/MWh,DE,DE_LU,day_ahead_price,value,2026-06-21T20:22:25Z
2026-06-21T20:21:09Z,2026-06-21T22:21:09+0200,4c728934-15fc-48ae-9cbd-ac5715da9ca9,2026-06-03T17:30:00Z,2026-06-03T19:30:00+0200,141.58,EUR/MWh,DE,DE_LU,day_ahead_price,value,2026-06-21T20:22:25Z
2026-06-21T20:21:09Z,2026-06-21T22:21:09+0200,4c728934-15fc-48ae-9cbd-ac5715da9ca9,2026-06-03T17:45:00Z,2026-06-03T19:45:00+0200,154.15,EUR/MWh,DE,DE_LU,day_ahead_price,value,2026-06-21T20:22:25Z
2026-06-21T20:21:09Z,2026-06-21T22:21:09+0200,4c728934-15fc-48ae-9cbd-ac5715da9ca9,2026-06-03T18:00:00Z,2026-06-03T20:00:00+0200,146.5,EUR/MWh,DE,DE_LU,day_ahead_price,value,2026-06-21T20:22:25Z
2026-06-21T20:21:09Z,2026-06-21T22:21:09+0200,4c728934-15fc-48ae-9cbd-ac5715da9ca9,2026-06-03T18:15:00Z,2026-06-03T20:15:00+0200,147.84,EUR/MWh,DE,DE_LU,day_ahead_price,value,2026-06-21T20:22:25Z
2026-06-21T20:21:09Z,2026-06-21T22:21:09+0200,4c728934-15fc-48ae-9cbd-ac5715da9ca9,2026-06-03T18:30:00Z,2026-06-03T20:30:00+0200,145.29,EUR/MWh,DE,DE_LU,day_ahead_price,value,2026-06-21T20:22:25Z
2026-06-21T20:21:09Z,2026-06-21T22:21:09+0200,4c728934-15fc-48ae-9cbd-ac5715da9ca9,2026-06-03T18:45:00Z,2026-06-03T20:45:00+0200,145.32,EUR/MWh,DE,DE_LU,day_ahead_price,value,2026-06-21T20:22:25Z
2026-06-21T20:21:09Z,2026-06-21T22:21:09+0200,4c728934-15fc-48ae-9cbd-ac5715da9ca9,2026-06-03T19:00:00Z,2026-06-03T21:00:00+0200,149.96,EUR/MWh,DE,DE_LU,day_ahead_price,value,2026-06-21T20:22:25Z
2026-06-21T20:21:09Z,2026-06-21T22:21:09+0200,4c728934-15fc-48ae-9cbd-ac5715da9ca9,2026-06-03T19:15:00Z,2026-06-03T21:15:00+0200,137.08,EUR/MWh,DE,DE_LU,day_ahead_price,value,2026-06-21T20:22:25Z
2026-06-21T20:21:09Z,2026-06-21T22:21:09+0200,4c728934-15fc-48ae-9cbd-ac5715da9ca9,2026-06-03T19:30:00Z,2026-06-03T21:30:00+0200,127.64,EUR/MWh,DE,DE_LU,day_ahead_price,value,2026-06-21T20:22:25Z
2026-06-21T20:21:09Z,2026-06-21T22:21:09+0200,4c728934-15fc-48ae-9cbd-ac5715da9ca9,2026-06-03T19:45:00Z,2026-06-03T21:45:00+0200,119.0,EUR/MWh,DE,DE_LU,day_ahead_price,value,2026-06-21T20:22:25Z
2026-06-21T20:21:09Z,2026-06-21T22:21:09+0200,4c728934-15fc-48ae-9cbd-ac5715da9ca9,2026-06-03T20:00:00Z,2026-06-03T22:00:00+0200,136.0,EUR/MWh,DE,DE_LU,day_ahead_price,value,2026-06-21T20:22:25Z
2026-06-21T20:21:09Z,2026-06-21T22:21:09+0200,4c728934-15fc-48ae-9cbd-ac5715da9ca9,2026-06-03T20:15:00Z,2026-06-03T22:15:00+0200,124.67,EUR/MWh,DE,DE_LU,day_ahead_price,value,2026-06-21T20:22:25Z
2026-06-21T20:21:09Z,2026-06-21T22:21:09+0200,4c728934-15fc-48ae-9cbd-ac5715da9ca9,2026-06-03T20:30:00Z,2026-06-03T22:30:00+0200,117.73,EUR/MWh,DE,DE_LU,day_ahead_price,value,2026-06-21T20:22:25Z
2026-06-21T20:21:09Z,2026-06-21T22:21:09+0200,4c728934-15fc-48ae-9cbd-ac5715da9ca9,2026-06-03T20:45:00Z,2026-06-03T22:45:00+0200,105.41,EUR/MWh,DE,DE_LU,day_ahead_price,value,2026-06-21T20:22:25Z
2026-06-21T20:21:09Z,2026-06-21T22:21:09+0200,4c728934-15fc-48ae-9cbd-ac5715da9ca9,2026-06-03T21:00:00Z,2026-06-03T23:00:00+0200,113.09,EUR/MWh,DE,DE_LU,day_ahead_price,value,2026-06-21T20:22:25Z
2026-06-21T20:21:09Z,2026-06-21T22:21:09+0200,4c728934-15fc-48ae-9cbd-ac5715da9ca9,2026-06-03T21:15:00Z,2026-06-03T23:15:00+0200,103.13,EUR/MWh,DE,DE_LU,day_ahead_price,value,2026-06-21T20:22:25Z
2026-06-21T20:21:09Z,2026-06-21T22:21:09+0200,4c728934-15fc-48ae-9cbd-ac5715da9ca9,2026-06-03T21:30:00Z,2026-06-03T23:30:00+0200,99.0,EUR/MWh,DE,DE_LU,day_ahead_price,value,2026-06-21T20:22:25Z
2026-06-21T20:21:09Z,2026-06-21T22:21:09+0200,4c728934-15fc-48ae-9cbd-ac5715da9ca9,2026-06-03T21:45:00Z,2026-06-03T23:45:00+0200,82.41,EUR/MWh,DE,DE_LU,day_ahead_price,value,2026-06-21T20:22:25Z
2026-06-21T20:21:09Z,2026-06-21T22:21:09+0200,4c728934-15fc-48ae-9cbd-ac5715da9ca9,2026-06-03T22:00:00Z,2026-06-04T00:00:00+0200,100.55,EUR/MWh,DE,DE_LU,day_ahead_price,value,2026-06-21T20:22:25Z
2026-06-21T20:21:09Z,2026-06-21T22:21:09+0200,4c728934-15fc-48ae-9cbd-ac5715da9ca9,2026-06-03T22:15:00Z,2026-06-04T00:15:00+0200,90.2,EUR/MWh,DE,DE_LU,day_ahead_price,value,2026-06-21T20:22:25Z
2026-06-21T20:21:09Z,2026-06-21T22:21:09+0200,4c728934-15fc-48ae-9cbd-ac5715da9ca9,2026-06-03T22:30:00Z,2026-06-04T00:30:00+0200,85.64,EUR/MWh,DE,DE_LU,day_ahead_price,value,2026-06-21T20:22:25Z
2026-06-21T20:21:09Z,2026-06-21T22:21:09+0200,4c728934-15fc-48ae-9cbd-ac5715da9ca9,2026-06-03T22:45:00Z,2026-06-04T00:45:00+0200,68.43,EUR/MWh,DE,DE_LU,day_ahead_price,value,2026-06-21T20:22:25Z
2026-06-21T20:21:09Z,2026-06-21T22:21:09+0200,4c728934-15fc-48ae-9cbd-ac5715da9ca9,2026-06-03T23:00:00Z,2026-06-04T01:00:00+0200,80.46,EUR/MWh,DE,DE_LU,day_ahead_price,value,2026-06-21T20:22:25Z
2026-06-21T20:21:09Z,2026-06-21T22:21:09+0200,4c728934-15fc-48ae-9cbd-ac5715da9ca9,2026-06-03T23:15:00Z,2026-06-04T01:15:00+0200,79.81,EUR/MWh,DE,DE_LU,day_ahead_price,value,2026-06-21T20:22:25Z
2026-06-21T20:21:09Z,2026-06-21T22:21:09+0200,4c728934-15fc-48ae-9cbd-ac5715da9ca9,2026-06-03T23:30:00Z,2026-06-04T01:30:00+0200,73.25,EUR/MWh,DE,DE_LU,day_ahead_price,value,2026-06-21T20:22:25Z
2026-06-21T20:21:09Z,2026-06-21T22:21:09+0200,4c728934-15fc-48ae-9cbd-ac5715da9ca9,2026-06-03T23:45:00Z,2026-06-04T01:45:00+0200,68.43,EUR/MWh,DE,DE_LU,day_ahead_price,value,2026-06-21T20:22:25Z
2026-06-21T20:21:09Z,2026-06-21T22:21:09+0200,4c728934-15fc-48ae-9cbd-ac5715da9ca9,2026-06-04T00:00:00Z,2026-06-04T02:00:00+0200,68.67,EUR/MWh,DE,DE_LU,day_ahead_price,value,2026-06-21T20:22:25Z
2026-06-21T20:21:09Z,2026-06-21T22:21:09+0200,4c728934-15fc-48ae-9cbd-ac5715da9ca9,2026-06-04T00:15:00Z,2026-06-04T02:15:00+0200,68.7,EUR/MWh,DE,DE_LU,day_ahead_price,value,2026-06-21T20:22:25Z
2026-06-21T20:21:09Z,2026-06-21T22:21:09+0200,4c728934-15fc-48ae-9cbd-ac5715da9ca9,2026-06-04T00:30:00Z,2026-06-04T02:30:00+0200,67.06,EUR/MWh,DE,DE_LU,day_ahead_price,value,2026-06-21T20:22:25Z
2026-06-21T20:21:09Z,2026-06-21T22:21:09+0200,4c728934-15fc-48ae-9cbd-ac5715da9ca9,2026-06-04T00:45:00Z,2026-06-04T02:45:00+0200,63.25,EUR/MWh,DE,DE_LU,day_ahead_price,value,2026-06-21T20:22:25Z
2026-06-21T20:21:09Z,2026-06-21T22:21:09+0200,4c728934-15fc-48ae-9cbd-ac5715da9ca9,2026-06-04T01:00:00Z,2026-06-04T03:00:00+0200,68.4,EUR/MWh,DE,DE_LU,day_ahead_price,value,2026-06-21T20:22:25Z
2026-06-21T20:21:09Z,2026-06-21T22:21:09+0200,4c728934-15fc-48ae-9cbd-ac5715da9ca9,2026-06-04T01:15:00Z,2026-06-04T03:15:00+0200,65.82,EUR/MWh,DE,DE_LU,day_ahead_price,value,2026-06-21T20:22:25Z
2026-06-21T20:21:09Z,2026-06-21T22:21:09+0200,4c728934-15fc-48ae-9cbd-ac5715da9ca9,2026-06-04T01:30:00Z,2026-06-04T03:30:00+0200,66.98,EUR/MWh,DE,DE_LU,day_ahead_price,value,2026-06-21T20:22:25Z
2026-06-21T20:21:09Z,2026-06-21T22:21:09+0200,4c728934-15fc-48ae-9cbd-ac5715da9ca9,2026-06-04T01:45:00Z,2026-06-04T03:45:00+0200,68.69,EUR/MWh,DE,DE_LU,day_ahead_price,value,2026-06-21T20:22:25Z
2026-06-21T20:21:09Z,2026-06-21T22:21:09+0200,4c728934-15fc-48ae-9cbd-ac5715da9ca9,2026-06-04T02:00:00Z,2026-06-04T04:00:00+0200,66.49,EUR/MWh,DE,DE_LU,day_ahead_price,value,2026-06-21T20:22:25Z
2026-06-21T20:21:09Z,2026-06-21T22:21:09+0200,4c728934-15fc-48ae-9cbd-ac5715da9ca9,2026-06-04T02:15:00Z,2026-06-04T04:15:00+0200,66.2,EUR/MWh,DE,DE_LU,day_ahead_price,value,2026-06-21T20:22:25Z
2026-06-21T20:21:09Z,2026-06-21T22:21:09+0200,4c728934-15fc-48ae-9cbd-ac5715da9ca9,2026-06-04T02:30:00Z,2026-06-04T04:30:00+0200,66.17,EUR/MWh,DE,DE_LU,day_ahead_price,value,2026-06-21T20:22:25Z
2026-06-21T20:21:09Z,2026-06-21T22:21:09+0200,4c728934-15fc-48ae-9cbd-ac5715da9ca9,2026-06-04T02:45:00Z,2026-06-04T04:45:00+0200,74.31,EUR/MWh,DE,DE_LU,day_ahead_price,value,2026-06-21T20:22:25Z
2026-06-21T20:21:09Z,2026-06-21T22:21:09+0200,4c728934-15fc-48ae-9cbd-ac5715da9ca9,2026-06-04T03:00:00Z,2026-06-04T05:00:00+0200,68.61,EUR/MWh,DE,DE_LU,day_ahead_price,value,2026-06-21T20:22:25Z
2026-06-21T20:21:09Z,2026-06-21T22:21:09+0200,4c728934-15fc-48ae-9cbd-ac5715da9ca9,2026-06-04T03:15:00Z,2026-06-04T05:15:00+0200,69.99,EUR/MWh,DE,DE_LU,day_ahead_price,value,2026-06-21T20:22:25Z
2026-06-21T20:21:09Z,2026-06-21T22:21:09+0200,4c728934-15fc-48ae-9cbd-ac5715da9ca9,2026-06-04T03:30:00Z,2026-06-04T05:30:00+0200,74.14,EUR/MWh,DE,DE_LU,day_ahead_price,value,2026-06-21T20:22:25Z
2026-06-21T20:21:09Z,2026-06-21T22:21:09+0200,4c728934-15fc-48ae-9cbd-ac5715da9ca9,2026-06-04T03:45:00Z,2026-06-04T05:45:00+0200,72.0,EUR/MWh,DE,DE_LU,day_ahead_price,value,2026-06-21T20:22:25Z
2026-06-21T20:21:09Z,2026-06-21T22:21:09+0200,4c728934-15fc-48ae-9cbd-ac5715da9ca9,2026-06-04T04:00:00Z,2026-06-04T06:00:00+0200,71.72,EUR/MWh,DE,DE_LU,day_ahead_price,value,2026-06-21T20:22:25Z
2026-06-21T20:21:09Z,2026-06-21T22:21:09+0200,4c728934-15fc-48ae-9cbd-ac5715da9ca9,2026-06-04T04:15:00Z,2026-06-04T06:15:00+0200,75.89,EUR/MWh,DE,DE_LU,day_ahead_price,value,2026-06-21T20:22:25Z
2026-06-21T20:21:09Z,2026-06-21T22:21:09+0200,4c728934-15fc-48ae-9cbd-ac5715da9ca9,2026-06-04T04:30:00Z,2026-06-04T06:30:00+0200,76.75,EUR/MWh,DE,DE_LU,day_ahead_price,value,2026-06-21T20:22:25Z
2026-06-21T20:21:09Z,2026-06-21T22:21:09+0200,4c728934-15fc-48ae-9cbd-ac5715da9ca9,2026-06-04T04:45:00Z,2026-06-04T06:45:00+0200,71.52,EUR/MWh,DE,DE_LU,day_ahead_price,value,2026-06-21T20:22:25Z
2026-06-21T20:21:09Z,2026-06-21T22:21:09+0200,4c728934-15fc-48ae-9cbd-ac5715da9ca9,2026-06-04T05:00:00Z,2026-06-04T07:00:00+0200,94.03,EUR/MWh,DE,DE_LU,day_ahead_price,value,2026-06-21T20:22:25Z
2026-06-21T20:21:09Z,2026-06-21T22:21:09+0200,4c728934-15fc-48ae-9cbd-ac5715da9ca9,2026-06-04T05:15:00Z,2026-06-04T07:15:00+0200,91.05,EUR/MWh,DE,DE_LU,day_ahead_price,value,2026-06-21T20:22:25Z
2026-06-21T20:21:09Z,2026-06-21T22:21:09+0200,4c728934-15fc-48ae-9cbd-ac5715da9ca9,2026-06-04T05:30:00Z,2026-06-04T07:30:00+0200,84.51,EUR/MWh,DE,DE_LU,day_ahead_price,value,2026-06-21T20:22:25Z
2026-06-21T20:21:09Z,2026-06-21T22:21:09+0200,4c728934-15fc-48ae-9cbd-ac5715da9ca9,2026-06-04T05:45:00Z,2026-06-04T07:45:00+0200,78.73,EUR/MWh,DE,DE_LU,day_ahead_price,value,2026-06-21T20:22:25Z
2026-06-21T20:21:09Z,2026-06-21T22:21:09+0200,4c728934-15fc-48ae-9cbd-ac5715da9ca9,2026-06-04T06:00:00Z,2026-06-04T08:00:00+0200,102.37,EUR/MWh,DE,DE_LU,day_ahead_price,value,2026-06-21T20:22:25Z
2026-06-21T20:21:09Z,2026-06-21T22:21:09+0200,4c728934-15fc-48ae-9cbd-ac5715da9ca9,2026-06-04T06:15:00Z,2026-06-04T08:15:00+0200,85.14,EUR/MWh,DE,DE_LU,day_ahead_price,value,2026-06-21T20:22:25Z
2026-06-21T20:21:09Z,2026-06-21T22:21:09+0200,4c728934-15fc-48ae-9cbd-ac5715da9ca9,2026-06-04T06:30:00Z,2026-06-04T08:30:00+0200,69.15,EUR/MWh,DE,DE_LU,day_ahead_price,value,2026-06-21T20:22:25Z
2026-06-21T20:21:09Z,2026-06-21T22:21:09+0200,4c728934-15fc-48ae-9cbd-ac5715da9ca9,2026-06-04T06:45:00Z,2026-06-04T08:45:00+0200,45.82,EUR/MWh,DE,DE_LU,day_ahead_price,value,2026-06-21T20:22:25Z
2026-06-21T20:21:09Z,2026-06-21T22:21:09+0200,4c728934-15fc-48ae-9cbd-ac5715da9ca9,2026-06-04T07:00:00Z,2026-06-04T09:00:00+0200,62.4,EUR/MWh,DE,DE_LU,day_ahead_price,value,2026-06-21T20:22:25Z
2026-06-21T20:21:09Z,2026-06-21T22:21:09+0200,4c728934-15fc-48ae-9cbd-ac5715da9ca9,2026-06-04T07:15:00Z,2026-06-04T09:15:00+0200,43.8,EUR/MWh,DE,DE_LU,day_ahead_price,value,2026-06-21T20:22:25Z
2026-06-21T20:21:09Z,2026-06-21T22:21:09+0200,4c728934-15fc-48ae-9cbd-ac5715da9ca9,2026-06-04T07:30:00Z,2026-06-04T09:30:00+0200,20.54,EUR/MWh,DE,DE_LU,day_ahead_price,value,2026-06-21T20:22:25Z
2026-06-21T20:21:09Z,2026-06-21T22:21:09+0200,4c728934-15fc-48ae-9cbd-ac5715da9ca9,2026-06-04T07:45:00Z,2026-06-04T09:45:00+0200,9.76,EUR/MWh,DE,DE_LU,day_ahead_price,value,2026-06-21T20:22:25Z
2026-06-21T20:21:09Z,2026-06-21T22:21:09+0200,4c728934-15fc-48ae-9cbd-ac5715da9ca9,2026-06-04T08:00:00Z,2026-06-04T10:00:00+0200,14.14,EUR/MWh,DE,DE_LU,day_ahead_price,value,2026-06-21T20:22:25Z
2026-06-21T20:21:09Z,2026-06-21T22:21:09+0200,4c728934-15fc-48ae-9cbd-ac5715da9ca9,2026-06-04T08:15:00Z,2026-06-04T10:15:00+0200,5.0,EUR/MWh,DE,DE_LU,day_ahead_price,value,2026-06-21T20:22:25Z
2026-06-21T20:21:09Z,2026-06-21T22:21:09+0200,4c728934-15fc-48ae-9cbd-ac5715da9ca9,2026-06-04T08:30:00Z,2026-06-04T10:30:00+0200,0.02,EUR/MWh,DE,DE_LU,day_ahead_price,value,2026-06-21T20:22:25Z
2026-06-21T20:21:09Z,2026-06-21T22:21:09+0200,4c728934-15fc-48ae-9cbd-ac5715da9ca9,2026-06-04T08:45:00Z,2026-06-04T10:45:00+0200,0.0,EUR/MWh,DE,DE_LU,day_ahead_price,value,2026-06-21T20:22:25Z
2026-06-21T20:21:09Z,2026-06-21T22:21:09+0200,4c728934-15fc-48ae-9cbd-ac5715da9ca9,2026-06-04T09:00:00Z,2026-06-04T11:00:00+0200,0.0,EUR/MWh,DE,DE_LU,day_ahead_price,value,2026-06-21T20:22:25Z
2026-06-21T20:21:09Z,2026-06-21T22:21:09+0200,4c728934-15fc-48ae-9cbd-ac5715da9ca9,2026-06-04T09:15:00Z,2026-06-04T11:15:00+0200,0.0,EUR/MWh,DE,DE_LU,day_ahead_price,value,2026-06-21T20:22:25Z
2026-06-21T20:21:09Z,2026-06-21T22:21:09+0200,4c728934-15fc-48ae-9cbd-ac5715da9ca9,2026-06-04T09:30:00Z,2026-06-04T11:30:00+0200,0.0,EUR/MWh,DE,DE_LU,day_ahead_price,value,2026-06-21T20:22:25Z
2026-06-21T20:21:09Z,2026-06-21T22:21:09+0200,4c728934-15fc-48ae-9cbd-ac5715da9ca9,2026-06-04T09:45:00Z,2026-06-04T11:45:00+0200,-0.01,EUR/MWh,DE,DE_LU,day_ahead_price,value,2026-06-21T20:22:25Z
2026-06-21T20:21:09Z,2026-06-21T22:21:09+0200,4c728934-15fc-48ae-9cbd-ac5715da9ca9,2026-06-04T10:00:00Z,2026-06-04T12:00:00+0200,-0.01,EUR/MWh,DE,DE_LU,day_ahead_price,value,2026-06-21T20:22:25Z
2026-06-21T20:21:09Z,2026-06-21T22:21:09+0200,4c728934-15fc-48ae-9cbd-ac5715da9ca9,2026-06-04T10:15:00Z,2026-06-04T12:15:00+0200,-0.03,EUR/MWh,DE,DE_LU,day_ahead_price,value,2026-06-21T20:22:25Z
2026-06-21T20:21:09Z,2026-06-21T22:21:09+0200,4c728934-15fc-48ae-9cbd-ac5715da9ca9,2026-06-04T10:30:00Z,2026-06-04T12:30:00+0200,-0.03,EUR/MWh,DE,DE_LU,day_ahead_price,value,2026-06-21T20:22:25Z
2026-06-21T20:21:09Z,2026-06-21T22:21:09+0200,4c728934-15fc-48ae-9cbd-ac5715da9ca9,2026-06-04T10:45:00Z,2026-06-04T12:45:00+0200,-0.03,EUR/MWh,DE,DE_LU,day_ahead_price,value,2026-06-21T20:22:25Z
2026-06-21T20:21:09Z,2026-06-21T22:21:09+0200,4c728934-15fc-48ae-9cbd-ac5715da9ca9,2026-06-04T11:00:00Z,2026-06-04T13:00:00+0200,-0.03,EUR/MWh,DE,DE_LU,day_ahead_price,value,2026-06-21T20:22:25Z
2026-06-21T20:21:09Z,2026-06-21T22:21:09+0200,4c728934-15fc-48ae-9cbd-ac5715da9ca9,2026-06-04T11:15:00Z,2026-06-04T13:15:00+0200,-0.05,EUR/MWh,DE,DE_LU,day_ahead_price,value,2026-06-21T20:22:25Z
2026-06-21T20:21:09Z,2026-06-21T22:21:09+0200,4c728934-15fc-48ae-9cbd-ac5715da9ca9,2026-06-04T11:30:00Z,2026-06-04T13:30:00+0200,-0.03,EUR/MWh,DE,DE_LU,day_ahead_price,value,2026-06-21T20:22:25Z
2026-06-21T20:21:09Z,2026-06-21T22:21:09+0200,4c728934-15fc-48ae-9cbd-ac5715da9ca9,2026-06-04T11:45:00Z,2026-06-04T13:45:00+0200,-0.08,EUR/MWh,DE,DE_LU,day_ahead_price,value,2026-06-21T20:22:25Z
2026-06-21T20:21:09Z,2026-06-21T22:21:09+0200,4c728934-15fc-48ae-9cbd-ac5715da9ca9,2026-06-04T12:00:00Z,2026-06-04T14:00:00+0200,-0.04,EUR/MWh,DE,DE_LU,day_ahead_price,value,2026-06-21T20:22:25Z
2026-06-21T20:21:09Z,2026-06-21T22:21:09+0200,4c728934-15fc-48ae-9cbd-ac5715da9ca9,2026-06-04T12:15:00Z,2026-06-04T14:15:00+0200,-0.05,EUR/MWh,DE,DE_LU,day_ahead_price,value,2026-06-21T20:22:25Z
2026-06-21T20:21:09Z,2026-06-21T22:21:09+0200,4c728934-15fc-48ae-9cbd-ac5715da9ca9,2026-06-04T12:30:00Z,2026-06-04T14:30:00+0200,-0.04,EUR/MWh,DE,DE_LU,day_ahead_price,value,2026-06-21T20:22:25Z
2026-06-21T20:21:09Z,2026-06-21T22:21:09+0200,4c728934-15fc-48ae-9cbd-ac5715da9ca9,2026-06-04T12:45:00Z,2026-06-04T14:45:00+0200,-0.01,EUR/MWh,DE,DE_LU,day_ahead_price,value,2026-06-21T20:22:25Z
2026-06-21T20:21:09Z,2026-06-21T22:21:09+0200,4c728934-15fc-48ae-9cbd-ac5715da9ca9,2026-06-04T13:00:00Z,2026-06-04T15:00:00+0200,-0.01,EUR/MWh,DE,DE_LU,day_ahead_price,value,2026-06-21T20:22:25Z
2026-06-21T20:21:09Z,2026-06-21T22:21:09+0200,4c728934-15fc-48ae-9cbd-ac5715da9ca9,2026-06-04T13:15:00Z,2026-06-04T15:15:00+0200,0.0,EUR/MWh,DE,DE_LU,day_ahead_price,value,2026-06-21T20:22:25Z
2026-06-21T20:21:09Z,2026-06-21T22:21:09+0200,4c728934-15fc-48ae-9cbd-ac5715da9ca9,2026-06-04T13:30:00Z,2026-06-04T15:30:00+0200,0.03,EUR/MWh,DE,DE_LU,day_ahead_price,value,2026-06-21T20:22:25Z
2026-06-21T20:21:09Z,2026-06-21T22:21:09+0200,4c728934-15fc-48ae-9cbd-ac5715da9ca9,2026-06-04T13:45:00Z,2026-06-04T15:45:00+0200,6.45,EUR/MWh,DE,DE_LU,day_ahead_price,value,2026-06-21T20:22:25Z
2026-06-21T20:21:09Z,2026-06-21T22:21:09+0200,4c728934-15fc-48ae-9cbd-ac5715da9ca9,2026-06-04T14:00:00Z,2026-06-04T16:00:00+0200,6.3,EUR/MWh,DE,DE_LU,day_ahead_price,value,2026-06-21T20:22:25Z
2026-06-21T20:21:09Z,2026-06-21T22:21:09+0200,4c728934-15fc-48ae-9cbd-ac5715da9ca9,2026-06-04T14:15:00Z,2026-06-04T16:15:00+0200,14.67,EUR/MWh,DE,DE_LU,day_ahead_price,value,2026-06-21T20:22:25Z
2026-06-21T20:21:09Z,2026-06-21T22:21:09+0200,4c728934-15fc-48ae-9cbd-ac5715da9ca9,2026-06-04T14:30:00Z,2026-06-04T16:30:00+0200,34.98,EUR/MWh,DE,DE_LU,day_ahead_price,value,2026-06-21T20:22:25Z
2026-06-21T20:21:09Z,2026-06-21T22:21:09+0200,4c728934-15fc-48ae-9cbd-ac5715da9ca9,2026-06-04T14:45:00Z,2026-06-04T16:45:00+0200,58.6,EUR/MWh,DE,DE_LU,day_ahead_price,value,2026-06-21T20:22:25Z
2026-06-21T20:21:09Z,2026-06-21T22:21:09+0200,4c728934-15fc-48ae-9cbd-ac5715da9ca9,2026-06-04T15:00:00Z,2026-06-04T17:00:00+0200,37.06,EUR/MWh,DE,DE_LU,day_ahead_price,value,2026-06-21T20:22:25Z
2026-06-21T20:21:09Z,2026-06-21T22:21:09+0200,4c728934-15fc-48ae-9cbd-ac5715da9ca9,2026-06-04T15:15:00Z,2026-06-04T17:15:00+0200,60.69,EUR/MWh,DE,DE_LU,day_ahead_price,value,2026-06-21T20:22:25Z
2026-06-21T20:21:09Z,2026-06-21T22:21:09+0200,4c728934-15fc-48ae-9cbd-ac5715da9ca9,2026-06-04T15:30:00Z,2026-06-04T17:30:00+0200,84.13,EUR/MWh,DE,DE_LU,day_ahead_price,value,2026-06-21T20:22:25Z
2026-06-21T20:21:09Z,2026-06-21T22:21:09+0200,4c728934-15fc-48ae-9cbd-ac5715da9ca9,2026-06-04T15:45:00Z,2026-06-04T17:45:00+0200,98.73,EUR/MWh,DE,DE_LU,day_ahead_price,value,2026-06-21T20:22:25Z
2026-06-21T20:21:09Z,2026-06-21T22:21:09+0200,4c728934-15fc-48ae-9cbd-ac5715da9ca9,2026-06-04T16:00:00Z,2026-06-04T18:00:00+0200,74.4,EUR/MWh,DE,DE_LU,day_ahead_price,value,2026-06-21T20:22:25Z
2026-06-21T20:21:09Z,2026-06-21T22:21:09+0200,4c728934-15fc-48ae-9cbd-ac5715da9ca9,2026-06-04T16:15:00Z,2026-06-04T18:15:00+0200,96.81,EUR/MWh,DE,DE_LU,day_ahead_price,value,2026-06-21T20:22:25Z
2026-06-21T20:21:09Z,2026-06-21T22:21:09+0200,4c728934-15fc-48ae-9cbd-ac5715da9ca9,2026-06-04T16:30:00Z,2026-06-04T18:30:00+0200,117.51,EUR/MWh,DE,DE_LU,day_ahead_price,value,2026-06-21T20:22:25Z
2026-06-21T20:21:09Z,2026-06-21T22:21:09+0200,4c728934-15fc-48ae-9cbd-ac5715da9ca9,2026-06-04T16:45:00Z,2026-06-04T18:45:00+0200,117.29,EUR/MWh,DE,DE_LU,day_ahead_price,value,2026-06-21T20:22:25Z
2026-06-21T20:21:09Z,2026-06-21T22:21:09+0200,4c728934-15fc-48ae-9cbd-ac5715da9ca9,2026-06-04T17:00:00Z,2026-06-04T19:00:00+0200,105.01,EUR/MWh,DE,DE_LU,day_ahead_price,value,2026-06-21T20:22:25Z
2026-06-21T20:21:09Z,2026-06-21T22:21:09+0200,4c728934-15fc-48ae-9cbd-ac5715da9ca9,2026-06-04T17:15:00Z,2026-06-04T19:15:00+0200,112.28,EUR/MWh,DE,DE_LU,day_ahead_price,value,2026-06-21T20:22:25Z
2026-06-21T20:21:09Z,2026-06-21T22:21:09+0200,4c728934-15fc-48ae-9cbd-ac5715da9ca9,2026-06-04T17:30:00Z,2026-06-04T19:30:00+0200,117.62,EUR/MWh,DE,DE_LU,day_ahead_price,value,2026-06-21T20:22:25Z
2026-06-21T20:21:09Z,2026-06-21T22:21:09+0200,4c728934-15fc-48ae-9cbd-ac5715da9ca9,2026-06-04T17:45:00Z,2026-06-04T19:45:00+0200,121.75,EUR/MWh,DE,DE_LU,day_ahead_price,value,2026-06-21T20:22:25Z
2026-06-21T20:21:09Z,2026-06-21T22:21:09+0200,4c728934-15fc-48ae-9cbd-ac5715da9ca9,2026-06-04T18:00:00Z,2026-06-04T20:00:00+0200,114.27,EUR/MWh,DE,DE_LU,day_ahead_price,value,2026-06-21T20:22:25Z
2026-06-21T20:21:09Z,2026-06-21T22:21:09+0200,4c728934-15fc-48ae-9cbd-ac5715da9ca9,2026-06-04T18:15:00Z,2026-06-04T20:15:00+0200,117.46,EUR/MWh,DE,DE_LU,day_ahead_price,value,2026-06-21T20:22:25Z
2026-06-21T20:21:09Z,2026-06-21T22:21:09+0200,4c728934-15fc-48ae-9cbd-ac5715da9ca9,2026-06-04T18:30:00Z,2026-06-04T20:30:00+0200,119.56,EUR/MWh,DE,DE_LU,day_ahead_price,value,2026-06-21T20:22:25Z
2026-06-21T20:21:09Z,2026-06-21T22:21:09+0200,4c728934-15fc-48ae-9cbd-ac5715da9ca9,2026-06-04T18:45:00Z,2026-06-04T20:45:00+0200,120.56,EUR/MWh,DE,DE_LU,day_ahead_price,value,2026-06-21T20:22:25Z
2026-06-21T20:21:09Z,2026-06-21T22:21:09+0200,4c728934-15fc-48ae-9cbd-ac5715da9ca9,2026-06-04T19:00:00Z,2026-06-04T21:00:00+0200,115.92,EUR/MWh,DE,DE_LU,day_ahead_price,value,2026-06-21T20:22:25Z
2026-06-21T20:21:09Z,2026-06-21T22:21:09+0200,4c728934-15fc-48ae-9cbd-ac5715da9ca9,2026-06-04T19:15:00Z,2026-06-04T21:15:00+0200,116.36,EUR/MWh,DE,DE_LU,day_ahead_price,value,2026-06-21T20:22:25Z
2026-06-21T20:21:09Z,2026-06-21T22:21:09+0200,4c728934-15fc-48ae-9cbd-ac5715da9ca9,2026-06-04T19:30:00Z,2026-06-04T21:30:00+0200,115.6,EUR/MWh,DE,DE_LU,day_ahead_price,value,2026-06-21T20:22:25Z
2026-06-21T20:21:09Z,2026-06-21T22:21:09+0200,4c728934-15fc-48ae-9cbd-ac5715da9ca9,2026-06-04T19:45:00Z,2026-06-04T21:45:00+0200,113.61,EUR/MWh,DE,DE_LU,day_ahead_price,value,2026-06-21T20:22:25Z
2026-06-21T20:21:09Z,2026-06-21T22:21:09+0200,4c728934-15fc-48ae-9cbd-ac5715da9ca9,2026-06-04T20:00:00Z,2026-06-04T22:00:00+0200,115.96,EUR/MWh,DE,DE_LU,day_ahead_price,value,2026-06-21T20:22:25Z
2026-06-21T20:21:09Z,2026-06-21T22:21:09+0200,4c728934-15fc-48ae-9cbd-ac5715da9ca9,2026-06-04T20:15:00Z,2026-06-04T22:15:00+0200,112.12,EUR/MWh,DE,DE_LU,day_ahead_price,value,2026-06-21T20:22:25Z
2026-06-21T20:21:09Z,2026-06-21T22:21:09+0200,4c728934-15fc-48ae-9cbd-ac5715da9ca9,2026-06-04T20:30:00Z,2026-06-04T22:30:00+0200,111.68,EUR/MWh,DE,DE_LU,day_ahead_price,value,2026-06-21T20:22:25Z
2026-06-21T20:21:09Z,2026-06-21T22:21:09+0200,4c728934-15fc-48ae-9cbd-ac5715da9ca9,2026-06-04T20:45:00Z,2026-06-04T22:45:00+0200,107.0,EUR/MWh,DE,DE_LU,day_ahead_price,value,2026-06-21T20:22:25Z
2026-06-21T20:21:09Z,2026-06-21T22:21:09+0200,4c728934-15fc-48ae-9cbd-ac5715da9ca9,2026-06-04T21:00:00Z,2026-06-04T23:00:00+0200,107.24,EUR/MWh,DE,DE_LU,day_ahead_price,value,2026-06-21T20:22:25Z
2026-06-21T20:21:09Z,2026-06-21T22:21:09+0200,4c728934-15fc-48ae-9cbd-ac5715da9ca9,2026-06-04T21:15:00Z,2026-06-04T23:15:00+0200,103.44,EUR/MWh,DE,DE_LU,day_ahead_price,value,2026-06-21T20:22:25Z
2026-06-21T20:21:09Z,2026-06-21T22:21:09+0200,4c728934-15fc-48ae-9cbd-ac5715da9ca9,2026-06-04T21:30:00Z,2026-06-04T23:30:00+0200,99.31,EUR/MWh,DE,DE_LU,day_ahead_price,value,2026-06-21T20:22:25Z
2026-06-21T20:21:09Z,2026-06-21T22:21:09+0200,4c728934-15fc-48ae-9cbd-ac5715da9ca9,2026-06-04T21:45:00Z,2026-06-04T23:45:00+0200,90.21,EUR/MWh,DE,DE_LU,day_ahead_price,value,2026-06-21T20:22:25Z
2026-06-21T20:21:09Z,2026-06-21T22:21:09+0200,4c728934-15fc-48ae-9cbd-ac5715da9ca9,2026-06-04T22:00:00Z,2026-06-05T00:00:00+0200,93.68,EUR/MWh,DE,DE_LU,day_ahead_price,value,2026-06-21T20:22:25Z
2026-06-21T20:21:09Z,2026-06-21T22:21:09+0200,4c728934-15fc-48ae-9cbd-ac5715da9ca9,2026-06-04T22:15:00Z,2026-06-05T00:15:00+0200,80.73,EUR/MWh,DE,DE_LU,day_ahead_price,value,2026-06-21T20:22:25Z
2026-06-21T20:21:09Z,2026-06-21T22:21:09+0200,4c728934-15fc-48ae-9cbd-ac5715da9ca9,2026-06-04T22:30:00Z,2026-06-05T00:30:00+0200,75.07,EUR/MWh,DE,DE_LU,day_ahead_price,value,2026-06-21T20:22:25Z
2026-06-21T20:21:09Z,2026-06-21T22:21:09+0200,4c728934-15fc-48ae-9cbd-ac5715da9ca9,2026-06-04T22:45:00Z,2026-06-05T00:45:00+0200,73.3,EUR/MWh,DE,DE_LU,day_ahead_price,value,2026-06-21T20:22:25Z
2026-06-21T20:21:09Z,2026-06-21T22:21:09+0200,4c728934-15fc-48ae-9cbd-ac5715da9ca9,2026-06-04T23:00:00Z,2026-06-05T01:00:00+0200,82.11,EUR/MWh,DE,DE_LU,day_ahead_price,value,2026-06-21T20:22:25Z
2026-06-21T20:21:09Z,2026-06-21T22:21:09+0200,4c728934-15fc-48ae-9cbd-ac5715da9ca9,2026-06-04T23:15:00Z,2026-06-05T01:15:00+0200,79.21,EUR/MWh,DE,DE_LU,day_ahead_price,value,2026-06-21T20:22:25Z
2026-06-21T20:21:09Z,2026-06-21T22:21:09+0200,4c728934-15fc-48ae-9cbd-ac5715da9ca9,2026-06-04T23:30:00Z,2026-06-05T01:30:00+0200,80.74,EUR/MWh,DE,DE_LU,day_ahead_price,value,2026-06-21T20:22:25Z
2026-06-21T20:21:09Z,2026-06-21T22:21:09+0200,4c728934-15fc-48ae-9cbd-ac5715da9ca9,2026-06-04T23:45:00Z,2026-06-05T01:45:00+0200,75.73,EUR/MWh,DE,DE_LU,day_ahead_price,value,2026-06-21T20:22:25Z
2026-06-21T20:21:09Z,2026-06-21T22:21:09+0200,4c728934-15fc-48ae-9cbd-ac5715da9ca9,2026-06-05T00:00:00Z,2026-06-05T02:00:00+0200,72.52,EUR/MWh,DE,DE_LU,day_ahead_price,value,2026-06-21T20:22:25Z
2026-06-21T20:21:09Z,2026-06-21T22:21:09+0200,4c728934-15fc-48ae-9cbd-ac5715da9ca9,2026-06-05T00:15:00Z,2026-06-05T02:15:00+0200,83.38,EUR/MWh,DE,DE_LU,day_ahead_price,value,2026-06-21T20:22:25Z
2026-06-21T20:21:09Z,2026-06-21T22:21:09+0200,4c728934-15fc-48ae-9cbd-ac5715da9ca9,2026-06-05T00:30:00Z,2026-06-05T02:30:00+0200,86.5,EUR/MWh,DE,DE_LU,day_ahead_price,value,2026-06-21T20:22:25Z
2026-06-21T20:21:09Z,2026-06-21T22:21:09+0200,4c728934-15fc-48ae-9cbd-ac5715da9ca9,2026-06-05T00:45:00Z,2026-06-05T02:45:00+0200,91.39,EUR/MWh,DE,DE_LU,day_ahead_price,value,2026-06-21T20:22:25Z
2026-06-21T20:21:09Z,2026-06-21T22:21:09+0200,4c728934-15fc-48ae-9cbd-ac5715da9ca9,2026-06-05T01:00:00Z,2026-06-05T03:00:00+0200,92.14,EUR/MWh,DE,DE_LU,day_ahead_price,value,2026-06-21T20:22:25Z
2026-06-21T20:21:09Z,2026-06-21T22:21:09+0200,4c728934-15fc-48ae-9cbd-ac5715da9ca9,2026-06-05T01:15:00Z,2026-06-05T03:15:00+0200,84.15,EUR/MWh,DE,DE_LU,day_ahead_price,value,2026-06-21T20:22:25Z
2026-06-21T20:21:09Z,2026-06-21T22:21:09+0200,4c728934-15fc-48ae-9cbd-ac5715da9ca9,2026-06-05T01:30:00Z,2026-06-05T03:30:00+0200,82.8,EUR/MWh,DE,DE_LU,day_ahead_price,value,2026-06-21T20:22:25Z
2026-06-21T20:21:09Z,2026-06-21T22:21:09+0200,4c728934-15fc-48ae-9cbd-ac5715da9ca9,2026-06-05T01:45:00Z,2026-06-05T03:45:00+0200,81.01,EUR/MWh,DE,DE_LU,day_ahead_price,value,2026-06-21T20:22:25Z
2026-06-21T20:21:09Z,2026-06-21T22:21:09+0200,4c728934-15fc-48ae-9cbd-ac5715da9ca9,2026-06-05T02:00:00Z,2026-06-05T04:00:00+0200,80.9,EUR/MWh,DE,DE_LU,day_ahead_price,value,2026-06-21T20:22:25Z
2026-06-21T20:21:09Z,2026-06-21T22:21:09+0200,4c728934-15fc-48ae-9cbd-ac5715da9ca9,2026-06-05T02:15:00Z,2026-06-05T04:15:00+0200,86.8,EUR/MWh,DE,DE_LU,day_ahead_price,value,2026-06-21T20:22:25Z
2026-06-21T20:21:09Z,2026-06-21T22:21:09+0200,4c728934-15fc-48ae-9cbd-ac5715da9ca9,2026-06-05T02:30:00Z,2026-06-05T04:30:00+0200,91.81,EUR/MWh,DE,DE_LU,day_ahead_price,value,2026-06-21T20:22:25Z
2026-06-21T20:21:09Z,2026-06-21T22:21:09+0200,4c728934-15fc-48ae-9cbd-ac5715da9ca9,2026-06-05T02:45:00Z,2026-06-05T04:45:00+0200,99.82,EUR/MWh,DE,DE_LU,day_ahead_price,value,2026-06-21T20:22:25Z
2026-06-21T20:21:09Z,2026-06-21T22:21:09+0200,4c728934-15fc-48ae-9cbd-ac5715da9ca9,2026-06-05T03:00:00Z,2026-06-05T05:00:00+0200,90.54,EUR/MWh,DE,DE_LU,day_ahead_price,value,2026-06-21T20:22:25Z
2026-06-21T20:21:09Z,2026-06-21T22:21:09+0200,4c728934-15fc-48ae-9cbd-ac5715da9ca9,2026-06-05T03:15:00Z,2026-06-05T05:15:00+0200,93.1,EUR/MWh,DE,DE_LU,day_ahead_price,value,2026-06-21T20:22:25Z
2026-06-21T20:21:09Z,2026-06-21T22:21:09+0200,4c728934-15fc-48ae-9cbd-ac5715da9ca9,2026-06-05T03:30:00Z,2026-06-05T05:30:00+0200,96.86,EUR/MWh,DE,DE_LU,day_ahead_price,value,2026-06-21T20:22:25Z
2026-06-21T20:21:09Z,2026-06-21T22:21:09+0200,4c728934-15fc-48ae-9cbd-ac5715da9ca9,2026-06-05T03:45:00Z,2026-06-05T05:45:00+0200,108.53,EUR/MWh,DE,DE_LU,day_ahead_price,value,2026-06-21T20:22:25Z
2026-06-21T20:21:09Z,2026-06-21T22:21:09+0200,4c728934-15fc-48ae-9cbd-ac5715da9ca9,2026-06-05T04:00:00Z,2026-06-05T06:00:00+0200,113.46,EUR/MWh,DE,DE_LU,day_ahead_price,value,2026-06-21T20:22:25Z
2026-06-21T20:21:09Z,2026-06-21T22:21:09+0200,4c728934-15fc-48ae-9cbd-ac5715da9ca9,2026-06-05T04:15:00Z,2026-06-05T06:15:00+0200,115.75,EUR/MWh,DE,DE_LU,day_ahead_price,value,2026-06-21T20:22:25Z
2026-06-21T20:21:09Z,2026-06-21T22:21:09+0200,4c728934-15fc-48ae-9cbd-ac5715da9ca9,2026-06-05T04:30:00Z,2026-06-05T06:30:00+0200,115.26,EUR/MWh,DE,DE_LU,day_ahead_price,value,2026-06-21T20:22:25Z
2026-06-21T20:21:09Z,2026-06-21T22:21:09+0200,4c728934-15fc-48ae-9cbd-ac5715da9ca9,2026-06-05T04:45:00Z,2026-06-05T06:45:00+0200,115.12,EUR/MWh,DE,DE_LU,day_ahead_price,value,2026-06-21T20:22:25Z
2026-06-21T20:21:09Z,2026-06-21T22:21:09+0200,4c728934-15fc-48ae-9cbd-ac5715da9ca9,2026-06-05T05:00:00Z,2026-06-05T07:00:00+0200,126.11,EUR/MWh,DE,DE_LU,day_ahead_price,value,2026-06-21T20:22:25Z
2026-06-21T20:21:09Z,2026-06-21T22:21:09+0200,4c728934-15fc-48ae-9cbd-ac5715da9ca9,2026-06-05T05:15:00Z,2026-06-05T07:15:00+0200,119.28,EUR/MWh,DE,DE_LU,day_ahead_price,value,2026-06-21T20:22:25Z
2026-06-21T20:21:09Z,2026-06-21T22:21:09+0200,4c728934-15fc-48ae-9cbd-ac5715da9ca9,2026-06-05T05:30:00Z,2026-06-05T07:30:00+0200,116.72,EUR/MWh,DE,DE_LU,day_ahead_price,value,2026-06-21T20:22:25Z
2026-06-21T20:21:09Z,2026-06-21T22:21:09+0200,4c728934-15fc-48ae-9cbd-ac5715da9ca9,2026-06-05T05:45:00Z,2026-06-05T07:45:00+0200,112.36,EUR/MWh,DE,DE_LU,day_ahead_price,value,2026-06-21T20:22:25Z
2026-06-21T20:21:09Z,2026-06-21T22:21:09+0200,4c728934-15fc-48ae-9cbd-ac5715da9ca9,2026-06-05T06:00:00Z,2026-06-05T08:00:00+0200,121.68,EUR/MWh,DE,DE_LU,day_ahead_price,value,2026-06-21T20:22:25Z
2026-06-21T20:21:09Z,2026-06-21T22:21:09+0200,4c728934-15fc-48ae-9cbd-ac5715da9ca9,2026-06-05T06:15:00Z,2026-06-05T08:15:00+0200,114.66,EUR/MWh,DE,DE_LU,day_ahead_price,value,2026-06-21T20:22:25Z
2026-06-21T20:21:09Z,2026-06-21T22:21:09+0200,4c728934-15fc-48ae-9cbd-ac5715da9ca9,2026-06-05T06:30:00Z,2026-06-05T08:30:00+0200,113.24,EUR/MWh,DE,DE_LU,day_ahead_price,value,2026-06-21T20:22:25Z
2026-06-21T20:21:09Z,2026-06-21T22:21:09+0200,4c728934-15fc-48ae-9cbd-ac5715da9ca9,2026-06-05T06:45:00Z,2026-06-05T08:45:00+0200,105.69,EUR/MWh,DE,DE_LU,day_ahead_price,value,2026-06-21T20:22:25Z
2026-06-21T20:21:09Z,2026-06-21T22:21:09+0200,4c728934-15fc-48ae-9cbd-ac5715da9ca9,2026-06-05T07:00:00Z,2026-06-05T09:00:00+0200,117.16,EUR/MWh,DE,DE_LU,day_ahead_price,value,2026-06-21T20:22:25Z
2026-06-21T20:21:09Z,2026-06-21T22:21:09+0200,4c728934-15fc-48ae-9cbd-ac5715da9ca9,2026-06-05T07:15:00Z,2026-06-05T09:15:00+0200,110.51,EUR/MWh,DE,DE_LU,day_ahead_price,value,2026-06-21T20:22:25Z
2026-06-21T20:21:09Z,2026-06-21T22:21:09+0200,4c728934-15fc-48ae-9cbd-ac5715da9ca9,2026-06-05T07:30:00Z,2026-06-05T09:30:00+0200,92.0,EUR/MWh,DE,DE_LU,day_ahead_price,value,2026-06-21T20:22:25Z
2026-06-21T20:21:09Z,2026-06-21T22:21:09+0200,4c728934-15fc-48ae-9cbd-ac5715da9ca9,2026-06-05T07:45:00Z,2026-06-05T09:45:00+0200,73.53,EUR/MWh,DE,DE_LU,day_ahead_price,value,2026-06-21T20:22:25Z
2026-06-21T20:21:09Z,2026-06-21T22:21:09+0200,4c728934-15fc-48ae-9cbd-ac5715da9ca9,2026-06-05T08:00:00Z,2026-06-05T10:00:00+0200,105.08,EUR/MWh,DE,DE_LU,day_ahead_price,value,2026-06-21T20:22:25Z
2026-06-21T20:21:09Z,2026-06-21T22:21:09+0200,4c728934-15fc-48ae-9cbd-ac5715da9ca9,2026-06-05T08:15:00Z,2026-06-05T10:15:00+0200,92.64,EUR/MWh,DE,DE_LU,day_ahead_price,value,2026-06-21T20:22:25Z
2026-06-21T20:21:09Z,2026-06-21T22:21:09+0200,4c728934-15fc-48ae-9cbd-ac5715da9ca9,2026-06-05T08:30:00Z,2026-06-05T10:30:00+0200,75.66,EUR/MWh,DE,DE_LU,day_ahead_price,value,2026-06-21T20:22:25Z
2026-06-21T20:21:09Z,2026-06-21T22:21:09+0200,4c728934-15fc-48ae-9cbd-ac5715da9ca9,2026-06-05T08:45:00Z,2026-06-05T10:45:00+0200,71.08,EUR/MWh,DE,DE_LU,day_ahead_price,value,2026-06-21T20:22:25Z
2026-06-21T20:21:09Z,2026-06-21T22:21:09+0200,4c728934-15fc-48ae-9cbd-ac5715da9ca9,2026-06-05T09:00:00Z,2026-06-05T11:00:00+0200,81.91,EUR/MWh,DE,DE_LU,day_ahead_price,value,2026-06-21T20:22:25Z
2026-06-21T20:21:09Z,2026-06-21T22:21:09+0200,4c728934-15fc-48ae-9cbd-ac5715da9ca9,2026-06-05T09:15:00Z,2026-06-05T11:15:00+0200,77.47,EUR/MWh,DE,DE_LU,day_ahead_price,value,2026-06-21T20:22:25Z
2026-06-21T20:21:09Z,2026-06-21T22:21:09+0200,4c728934-15fc-48ae-9cbd-ac5715da9ca9,2026-06-05T09:30:00Z,2026-06-05T11:30:00+0200,64.78,EUR/MWh,DE,DE_LU,day_ahead_price,value,2026-06-21T20:22:25Z
2026-06-21T20:21:09Z,2026-06-21T22:21:09+0200,4c728934-15fc-48ae-9cbd-ac5715da9ca9,2026-06-05T09:45:00Z,2026-06-05T11:45:00+0200,59.14,EUR/MWh,DE,DE_LU,day_ahead_price,value,2026-06-21T20:22:25Z
2026-06-21T20:21:09Z,2026-06-21T22:21:09+0200,4c728934-15fc-48ae-9cbd-ac5715da9ca9,2026-06-05T10:00:00Z,2026-06-05T12:00:00+0200,59.03,EUR/MWh,DE,DE_LU,day_ahead_price,value,2026-06-21T20:22:25Z
2026-06-21T20:21:09Z,2026-06-21T22:21:09+0200,4c728934-15fc-48ae-9cbd-ac5715da9ca9,2026-06-05T10:15:00Z,2026-06-05T12:15:00+0200,45.78,EUR/MWh,DE,DE_LU,day_ahead_price,value,2026-06-21T20:22:25Z
2026-06-21T20:21:09Z,2026-06-21T22:21:09+0200,4c728934-15fc-48ae-9cbd-ac5715da9ca9,2026-06-05T10:30:00Z,2026-06-05T12:30:00+0200,40.03,EUR/MWh,DE,DE_LU,day_ahead_price,value,2026-06-21T20:22:25Z
2026-06-21T20:21:09Z,2026-06-21T22:21:09+0200,4c728934-15fc-48ae-9cbd-ac5715da9ca9,2026-06-05T10:45:00Z,2026-06-05T12:45:00+0200,35.98,EUR/MWh,DE,DE_LU,day_ahead_price,value,2026-06-21T20:22:25Z
2026-06-21T20:21:09Z,2026-06-21T22:21:09+0200,4c728934-15fc-48ae-9cbd-ac5715da9ca9,2026-06-05T11:00:00Z,2026-06-05T13:00:00+0200,42.04,EUR/MWh,DE,DE_LU,day_ahead_price,value,2026-06-21T20:22:25Z
2026-06-21T20:21:09Z,2026-06-21T22:21:09+0200,4c728934-15fc-48ae-9cbd-ac5715da9ca9,2026-06-05T11:15:00Z,2026-06-05T13:15:00+0200,36.35,EUR/MWh,DE,DE_LU,day_ahead_price,value,2026-06-21T20:22:25Z
2026-06-21T20:21:09Z,2026-06-21T22:21:09+0200,4c728934-15fc-48ae-9cbd-ac5715da9ca9,2026-06-05T11:30:00Z,2026-06-05T13:30:00+0200,33.73,EUR/MWh,DE,DE_LU,day_ahead_price,value,2026-06-21T20:22:25Z
2026-06-21T20:21:09Z,2026-06-21T22:21:09+0200,4c728934-15fc-48ae-9cbd-ac5715da9ca9,2026-06-05T11:45:00Z,2026-06-05T13:45:00+0200,24.59,EUR/MWh,DE,DE_LU,day_ahead_price,value,2026-06-21T20:22:25Z
2026-06-21T20:21:09Z,2026-06-21T22:21:09+0200,4c728934-15fc-48ae-9cbd-ac5715da9ca9,2026-06-05T12:00:00Z,2026-06-05T14:00:00+0200,25.47,EUR/MWh,DE,DE_LU,day_ahead_price,value,2026-06-21T20:22:25Z
2026-06-21T20:21:09Z,2026-06-21T22:21:09+0200,4c728934-15fc-48ae-9cbd-ac5715da9ca9,2026-06-05T12:15:00Z,2026-06-05T14:15:00+0200,24.71,EUR/MWh,DE,DE_LU,day_ahead_price,value,2026-06-21T20:22:25Z
2026-06-21T20:21:09Z,2026-06-21T22:21:09+0200,4c728934-15fc-48ae-9cbd-ac5715da9ca9,2026-06-05T12:30:00Z,2026-06-05T14:30:00+0200,27.23,EUR/MWh,DE,DE_LU,day_ahead_price,value,2026-06-21T20:22:25Z
2026-06-21T20:21:09Z,2026-06-21T22:21:09+0200,4c728934-15fc-48ae-9cbd-ac5715da9ca9,2026-06-05T12:45:00Z,2026-06-05T14:45:00+0200,31.39,EUR/MWh,DE,DE_LU,day_ahead_price,value,2026-06-21T20:22:25Z
2026-06-21T20:21:09Z,2026-06-21T22:21:09+0200,4c728934-15fc-48ae-9cbd-ac5715da9ca9,2026-06-05T13:00:00Z,2026-06-05T15:00:00+0200,16.0,EUR/MWh,DE,DE_LU,day_ahead_price,value,2026-06-21T20:22:25Z
2026-06-21T20:21:09Z,2026-06-21T22:21:09+0200,4c728934-15fc-48ae-9cbd-ac5715da9ca9,2026-06-05T13:15:00Z,2026-06-05T15:15:00+0200,27.6,EUR/MWh,DE,DE_LU,day_ahead_price,value,2026-06-21T20:22:25Z
2026-06-21T20:21:09Z,2026-06-21T22:21:09+0200,4c728934-15fc-48ae-9cbd-ac5715da9ca9,2026-06-05T13:30:00Z,2026-06-05T15:30:00+0200,44.96,EUR/MWh,DE,DE_LU,day_ahead_price,value,2026-06-21T20:22:25Z
2026-06-21T20:21:09Z,2026-06-21T22:21:09+0200,4c728934-15fc-48ae-9cbd-ac5715da9ca9,2026-06-05T13:45:00Z,2026-06-05T15:45:00+0200,63.48,EUR/MWh,DE,DE_LU,day_ahead_price,value,2026-06-21T20:22:25Z
2026-06-21T20:21:09Z,2026-06-21T22:21:09+0200,4c728934-15fc-48ae-9cbd-ac5715da9ca9,2026-06-05T14:00:00Z,2026-06-05T16:00:00+0200,45.97,EUR/MWh,DE,DE_LU,day_ahead_price,value,2026-06-21T20:22:25Z
2026-06-21T20:21:09Z,2026-06-21T22:21:09+0200,4c728934-15fc-48ae-9cbd-ac5715da9ca9,2026-06-05T14:15:00Z,2026-06-05T16:15:00+0200,61.26,EUR/MWh,DE,DE_LU,day_ahead_price,value,2026-06-21T20:22:25Z
2026-06-21T20:21:09Z,2026-06-21T22:21:09+0200,4c728934-15fc-48ae-9cbd-ac5715da9ca9,2026-06-05T14:30:00Z,2026-06-05T16:30:00+0200,79.43,EUR/MWh,DE,DE_LU,day_ahead_price,value,2026-06-21T20:22:25Z
2026-06-21T20:21:09Z,2026-06-21T22:21:09+0200,4c728934-15fc-48ae-9cbd-ac5715da9ca9,2026-06-05T14:45:00Z,2026-06-05T16:45:00+0200,103.56,EUR/MWh,DE,DE_LU,day_ahead_price,value,2026-06-21T20:22:25Z
2026-06-21T20:21:09Z,2026-06-21T22:21:09+0200,4c728934-15fc-48ae-9cbd-ac5715da9ca9,2026-06-05T15:00:00Z,2026-06-05T17:00:00+0200,72.27,EUR/MWh,DE,DE_LU,day_ahead_price,value,2026-06-21T20:22:25Z
2026-06-21T20:21:09Z,2026-06-21T22:21:09+0200,4c728934-15fc-48ae-9cbd-ac5715da9ca9,2026-06-05T15:15:00Z,2026-06-05T17:15:00+0200,97.16,EUR/MWh,DE,DE_LU,day_ahead_price,value,2026-06-21T20:22:25Z
2026-06-21T20:21:09Z,2026-06-21T22:21:09+0200,4c728934-15fc-48ae-9cbd-ac5715da9ca9,2026-06-05T15:30:00Z,2026-06-05T17:30:00+0200,114.99,EUR/MWh,DE,DE_LU,day_ahead_price,value,2026-06-21T20:22:25Z
2026-06-21T20:21:09Z,2026-06-21T22:21:09+0200,4c728934-15fc-48ae-9cbd-ac5715da9ca9,2026-06-05T15:45:00Z,2026-06-05T17:45:00+0200,132.59,EUR/MWh,DE,DE_LU,day_ahead_price,value,2026-06-21T20:22:25Z
2026-06-21T20:21:09Z,2026-06-21T22:21:09+0200,4c728934-15fc-48ae-9cbd-ac5715da9ca9,2026-06-05T16:00:00Z,2026-06-05T18:00:00+0200,100.54,EUR/MWh,DE,DE_LU,day_ahead_price,value,2026-06-21T20:22:25Z
2026-06-21T20:21:09Z,2026-06-21T22:21:09+0200,4c728934-15fc-48ae-9cbd-ac5715da9ca9,2026-06-05T16:15:00Z,2026-06-05T18:15:00+0200,120.66,EUR/MWh,DE,DE_LU,day_ahead_price,value,2026-06-21T20:22:25Z
2026-06-21T20:21:09Z,2026-06-21T22:21:09+0200,4c728934-15fc-48ae-9cbd-ac5715da9ca9,2026-06-05T16:30:00Z,2026-06-05T18:30:00+0200,137.23,EUR/MWh,DE,DE_LU,day_ahead_price,value,2026-06-21T20:22:25Z
2026-06-21T20:21:09Z,2026-06-21T22:21:09+0200,4c728934-15fc-48ae-9cbd-ac5715da9ca9,2026-06-05T16:45:00Z,2026-06-05T18:45:00+0200,157.18,EUR/MWh,DE,DE_LU,day_ahead_price,value,2026-06-21T20:22:25Z
2026-06-21T20:21:09Z,2026-06-21T22:21:09+0200,4c728934-15fc-48ae-9cbd-ac5715da9ca9,2026-06-05T17:00:00Z,2026-06-05T19:00:00+0200,127.08,EUR/MWh,DE,DE_LU,day_ahead_price,value,2026-06-21T20:22:25Z
2026-06-21T20:21:09Z,2026-06-21T22:21:09+0200,4c728934-15fc-48ae-9cbd-ac5715da9ca9,2026-06-05T17:15:00Z,2026-06-05T19:15:00+0200,144.3,EUR/MWh,DE,DE_LU,day_ahead_price,value,2026-06-21T20:22:25Z
2026-06-21T20:21:09Z,2026-06-21T22:21:09+0200,4c728934-15fc-48ae-9cbd-ac5715da9ca9,2026-06-05T17:30:00Z,2026-06-05T19:30:00+0200,158.07,EUR/MWh,DE,DE_LU,day_ahead_price,value,2026-06-21T20:22:25Z
2026-06-21T20:21:09Z,2026-06-21T22:21:09+0200,4c728934-15fc-48ae-9cbd-ac5715da9ca9,2026-06-05T17:45:00Z,2026-06-05T19:45:00+0200,172.54,EUR/MWh,DE,DE_LU,day_ahead_price,value,2026-06-21T20:22:25Z
2026-06-21T20:21:09Z,2026-06-21T22:21:09+0200,4c728934-15fc-48ae-9cbd-ac5715da9ca9,2026-06-05T18:00:00Z,2026-06-05T20:00:00+0200,164.88,EUR/MWh,DE,DE_LU,day_ahead_price,value,2026-06-21T20:22:25Z
2026-06-21T20:21:09Z,2026-06-21T22:21:09+0200,4c728934-15fc-48ae-9cbd-ac5715da9ca9,2026-06-05T18:15:00Z,2026-06-05T20:15:00+0200,172.4,EUR/MWh,DE,DE_LU,day_ahead_price,value,2026-06-21T20:22:25Z
2026-06-21T20:21:09Z,2026-06-21T22:21:09+0200,4c728934-15fc-48ae-9cbd-ac5715da9ca9,2026-06-05T18:30:00Z,2026-06-05T20:30:00+0200,189.02,EUR/MWh,DE,DE_LU,day_ahead_price,value,2026-06-21T20:22:25Z
2026-06-21T20:21:09Z,2026-06-21T22:21:09+0200,4c728934-15fc-48ae-9cbd-ac5715da9ca9,2026-06-05T18:45:00Z,2026-06-05T20:45:00+0200,190.01,EUR/MWh,DE,DE_LU,day_ahead_price,value,2026-06-21T20:22:25Z
2026-06-21T20:21:09Z,2026-06-21T22:21:09+0200,4c728934-15fc-48ae-9cbd-ac5715da9ca9,2026-06-05T19:00:00Z,2026-06-05T21:00:00+0200,194.72,EUR/MWh,DE,DE_LU,day_ahead_price,value,2026-06-21T20:22:25Z
2026-06-21T20:21:09Z,2026-06-21T22:21:09+0200,4c728934-15fc-48ae-9cbd-ac5715da9ca9,2026-06-05T19:15:00Z,2026-06-05T21:15:00+0200,192.47,EUR/MWh,DE,DE_LU,day_ahead_price,value,2026-06-21T20:22:25Z
2026-06-21T20:21:09Z,2026-06-21T22:21:09+0200,4c728934-15fc-48ae-9cbd-ac5715da9ca9,2026-06-05T19:30:00Z,2026-06-05T21:30:00+0200,189.89,EUR/MWh,DE,DE_LU,day_ahead_price,value,2026-06-21T20:22:25Z
2026-06-21T20:21:09Z,2026-06-21T22:21:09+0200,4c728934-15fc-48ae-9cbd-ac5715da9ca9,2026-06-05T19:45:00Z,2026-06-05T21:45:00+0200,180.34,EUR/MWh,DE,DE_LU,day_ahead_price,value,2026-06-21T20:22:25Z
2026-06-21T20:21:09Z,2026-06-21T22:21:09+0200,4c728934-15fc-48ae-9cbd-ac5715da9ca9,2026-06-05T20:00:00Z,2026-06-05T22:00:00+0200,182.58,EUR/MWh,DE,DE_LU,day_ahead_price,value,2026-06-21T20:22:25Z
2026-06-21T20:21:09Z,2026-06-21T22:21:09+0200,4c728934-15fc-48ae-9cbd-ac5715da9ca9,2026-06-05T20:15:00Z,2026-06-05T22:15:00+0200,170.99,EUR/MWh,DE,DE_LU,day_ahead_price,value,2026-06-21T20:22:25Z
2026-06-21T20:21:09Z,2026-06-21T22:21:09+0200,4c728934-15fc-48ae-9cbd-ac5715da9ca9,2026-06-05T20:30:00Z,2026-06-05T22:30:00+0200,164.24,EUR/MWh,DE,DE_LU,day_ahead_price,value,2026-06-21T20:22:25Z
2026-06-21T20:21:09Z,2026-06-21T22:21:09+0200,4c728934-15fc-48ae-9cbd-ac5715da9ca9,2026-06-05T20:45:00Z,2026-06-05T22:45:00+0200,158.73,EUR/MWh,DE,DE_LU,day_ahead_price,value,2026-06-21T20:22:25Z
2026-06-21T20:21:09Z,2026-06-21T22:21:09+0200,4c728934-15fc-48ae-9cbd-ac5715da9ca9,2026-06-05T21:00:00Z,2026-06-05T23:00:00+0200,163.75,EUR/MWh,DE,DE_LU,day_ahead_price,value,2026-06-21T20:22:25Z
2026-06-21T20:21:09Z,2026-06-21T22:21:09+0200,4c728934-15fc-48ae-9cbd-ac5715da9ca9,2026-06-05T21:15:00Z,2026-06-05T23:15:00+0200,153.92,EUR/MWh,DE,DE_LU,day_ahead_price,value,2026-06-21T20:22:25Z
2026-06-21T20:21:09Z,2026-06-21T22:21:09+0200,4c728934-15fc-48ae-9cbd-ac5715da9ca9,2026-06-05T21:30:00Z,2026-06-05T23:30:00+0200,148.58,EUR/MWh,DE,DE_LU,day_ahead_price,value,2026-06-21T20:22:25Z
2026-06-21T20:21:09Z,2026-06-21T22:21:09+0200,4c728934-15fc-48ae-9cbd-ac5715da9ca9,2026-06-05T21:45:00Z,2026-06-05T23:45:00+0200,141.99,EUR/MWh,DE,DE_LU,day_ahead_price,value,2026-06-21T20:22:25Z
2026-06-21T20:21:09Z,2026-06-21T22:21:09+0200,4c728934-15fc-48ae-9cbd-ac5715da9ca9,2026-06-05T22:00:00Z,2026-06-06T00:00:00+0200,164.04,EUR/MWh,DE,DE_LU,day_ahead_price,value,2026-06-21T20:22:25Z
2026-06-21T20:21:09Z,2026-06-21T22:21:09+0200,4c728934-15fc-48ae-9cbd-ac5715da9ca9,2026-06-05T22:15:00Z,2026-06-06T00:15:00+0200,151.18,EUR/MWh,DE,DE_LU,day_ahead_price,value,2026-06-21T20:22:25Z
2026-06-21T20:21:09Z,2026-06-21T22:21:09+0200,4c728934-15fc-48ae-9cbd-ac5715da9ca9,2026-06-05T22:30:00Z,2026-06-06T00:30:00+0200,144.01,EUR/MWh,DE,DE_LU,day_ahead_price,value,2026-06-21T20:22:25Z
2026-06-21T20:21:09Z,2026-06-21T22:21:09+0200,4c728934-15fc-48ae-9cbd-ac5715da9ca9,2026-06-05T22:45:00Z,2026-06-06T00:45:00+0200,133.74,EUR/MWh,DE,DE_LU,day_ahead_price,value,2026-06-21T20:22:25Z
2026-06-21T20:21:09Z,2026-06-21T22:21:09+0200,4c728934-15fc-48ae-9cbd-ac5715da9ca9,2026-06-05T23:00:00Z,2026-06-06T01:00:00+0200,139.9,EUR/MWh,DE,DE_LU,day_ahead_price,value,2026-06-21T20:22:25Z
2026-06-21T20:21:09Z,2026-06-21T22:21:09+0200,4c728934-15fc-48ae-9cbd-ac5715da9ca9,2026-06-05T23:15:00Z,2026-06-06T01:15:00+0200,136.51,EUR/MWh,DE,DE_LU,day_ahead_price,value,2026-06-21T20:22:25Z
2026-06-21T20:21:09Z,2026-06-21T22:21:09+0200,4c728934-15fc-48ae-9cbd-ac5715da9ca9,2026-06-05T23:30:00Z,2026-06-06T01:30:00+0200,134.8,EUR/MWh,DE,DE_LU,day_ahead_price,value,2026-06-21T20:22:25Z
2026-06-21T20:21:09Z,2026-06-21T22:21:09+0200,4c728934-15fc-48ae-9cbd-ac5715da9ca9,2026-06-05T23:45:00Z,2026-06-06T01:45:00+0200,137.51,EUR/MWh,DE,DE_LU,day_ahead_price,value,2026-06-21T20:22:25Z
2026-06-21T20:21:09Z,2026-06-21T22:21:09+0200,4c728934-15fc-48ae-9cbd-ac5715da9ca9,2026-06-06T00:00:00Z,2026-06-06T02:00:00+0200,139.42,EUR/MWh,DE,DE_LU,day_ahead_price,value,2026-06-21T20:22:25Z
2026-06-21T20:21:09Z,2026-06-21T22:21:09+0200,4c728934-15fc-48ae-9cbd-ac5715da9ca9,2026-06-06T00:15:00Z,2026-06-06T02:15:00+0200,137.01,EUR/MWh,DE,DE_LU,day_ahead_price,value,2026-06-21T20:22:25Z
2026-06-21T20:21:09Z,2026-06-21T22:21:09+0200,4c728934-15fc-48ae-9cbd-ac5715da9ca9,2026-06-06T00:30:00Z,2026-06-06T02:30:00+0200,131.54,EUR/MWh,DE,DE_LU,day_ahead_price,value,2026-06-21T20:22:25Z
2026-06-21T20:21:09Z,2026-06-21T22:21:09+0200,4c728934-15fc-48ae-9cbd-ac5715da9ca9,2026-06-06T00:45:00Z,2026-06-06T02:45:00+0200,131.19,EUR/MWh,DE,DE_LU,day_ahead_price,value,2026-06-21T20:22:25Z
2026-06-21T20:21:09Z,2026-06-21T22:21:09+0200,4c728934-15fc-48ae-9cbd-ac5715da9ca9,2026-06-06T01:00:00Z,2026-06-06T03:00:00+0200,118.94,EUR/MWh,DE,DE_LU,day_ahead_price,value,2026-06-21T20:22:25Z
2026-06-21T20:21:09Z,2026-06-21T22:21:09+0200,4c728934-15fc-48ae-9cbd-ac5715da9ca9,2026-06-06T01:15:00Z,2026-06-06T03:15:00+0200,116.17,EUR/MWh,DE,DE_LU,day_ahead_price,value,2026-06-21T20:22:25Z
2026-06-21T20:21:09Z,2026-06-21T22:21:09+0200,4c728934-15fc-48ae-9cbd-ac5715da9ca9,2026-06-06T01:30:00Z,2026-06-06T03:30:00+0200,115.39,EUR/MWh,DE,DE_LU,day_ahead_price,value,2026-06-21T20:22:25Z
2026-06-21T20:21:09Z,2026-06-21T22:21:09+0200,4c728934-15fc-48ae-9cbd-ac5715da9ca9,2026-06-06T01:45:00Z,2026-06-06T03:45:00+0200,114.17,EUR/MWh,DE,DE_LU,day_ahead_price,value,2026-06-21T20:22:25Z
2026-06-21T20:21:09Z,2026-06-21T22:21:09+0200,4c728934-15fc-48ae-9cbd-ac5715da9ca9,2026-06-06T02:00:00Z,2026-06-06T04:00:00+0200,129.47,EUR/MWh,DE,DE_LU,day_ahead_price,value,2026-06-21T20:22:25Z
2026-06-21T20:21:09Z,2026-06-21T22:21:09+0200,4c728934-15fc-48ae-9cbd-ac5715da9ca9,2026-06-06T02:15:00Z,2026-06-06T04:15:00+0200,130.76,EUR/MWh,DE,DE_LU,day_ahead_price,value,2026-06-21T20:22:25Z
2026-06-21T20:21:09Z,2026-06-21T22:21:09+0200,4c728934-15fc-48ae-9cbd-ac5715da9ca9,2026-06-06T02:30:00Z,2026-06-06T04:30:00+0200,130.55,EUR/MWh,DE,DE_LU,day_ahead_price,value,2026-06-21T20:22:25Z
2026-06-21T20:21:09Z,2026-06-21T22:21:09+0200,4c728934-15fc-48ae-9cbd-ac5715da9ca9,2026-06-06T02:45:00Z,2026-06-06T04:45:00+0200,129.95,EUR/MWh,DE,DE_LU,day_ahead_price,value,2026-06-21T20:22:25Z
2026-06-21T20:21:09Z,2026-06-21T22:21:09+0200,4c728934-15fc-48ae-9cbd-ac5715da9ca9,2026-06-06T03:00:00Z,2026-06-06T05:00:00+0200,133.54,EUR/MWh,DE,DE_LU,day_ahead_price,value,2026-06-21T20:22:25Z
2026-06-21T20:21:09Z,2026-06-21T22:21:09+0200,4c728934-15fc-48ae-9cbd-ac5715da9ca9,2026-06-06T03:15:00Z,2026-06-06T05:15:00+0200,127.2,EUR/MWh,DE,DE_LU,day_ahead_price,value,2026-06-21T20:22:25Z
2026-06-21T20:21:09Z,2026-06-21T22:21:09+0200,4c728934-15fc-48ae-9cbd-ac5715da9ca9,2026-06-06T03:30:00Z,2026-06-06T05:30:00+0200,123.49,EUR/MWh,DE,DE_LU,day_ahead_price,value,2026-06-21T20:22:25Z
2026-06-21T20:21:09Z,2026-06-21T22:21:09+0200,4c728934-15fc-48ae-9cbd-ac5715da9ca9,2026-06-06T03:45:00Z,2026-06-06T05:45:00+0200,119.91,EUR/MWh,DE,DE_LU,day_ahead_price,value,2026-06-21T20:22:25Z
2026-06-21T20:21:09Z,2026-06-21T22:21:09+0200,4c728934-15fc-48ae-9cbd-ac5715da9ca9,2026-06-06T04:00:00Z,2026-06-06T06:00:00+0200,124.73,EUR/MWh,DE,DE_LU,day_ahead_price,value,2026-06-21T20:22:25Z
2026-06-21T20:21:09Z,2026-06-21T22:21:09+0200,4c728934-15fc-48ae-9cbd-ac5715da9ca9,2026-06-06T04:15:00Z,2026-06-06T06:15:00+0200,121.26,EUR/MWh,DE,DE_LU,day_ahead_price,value,2026-06-21T20:22:25Z
2026-06-21T20:21:09Z,2026-06-21T22:21:09+0200,4c728934-15fc-48ae-9cbd-ac5715da9ca9,2026-06-06T04:30:00Z,2026-06-06T06:30:00+0200,116.52,EUR/MWh,DE,DE_LU,day_ahead_price,value,2026-06-21T20:22:25Z
2026-06-21T20:21:09Z,2026-06-21T22:21:09+0200,4c728934-15fc-48ae-9cbd-ac5715da9ca9,2026-06-06T04:45:00Z,2026-06-06T06:45:00+0200,108.25,EUR/MWh,DE,DE_LU,day_ahead_price,value,2026-06-21T20:22:25Z
2026-06-21T20:21:09Z,2026-06-21T22:21:09+0200,4c728934-15fc-48ae-9cbd-ac5715da9ca9,2026-06-06T05:00:00Z,2026-06-06T07:00:00+0200,122.79,EUR/MWh,DE,DE_LU,day_ahead_price,value,2026-06-21T20:22:25Z
2026-06-21T20:21:09Z,2026-06-21T22:21:09+0200,4c728934-15fc-48ae-9cbd-ac5715da9ca9,2026-06-06T05:15:00Z,2026-06-06T07:15:00+0200,112.3,EUR/MWh,DE,DE_LU,day_ahead_price,value,2026-06-21T20:22:25Z
2026-06-21T20:21:09Z,2026-06-21T22:21:09+0200,4c728934-15fc-48ae-9cbd-ac5715da9ca9,2026-06-06T05:30:00Z,2026-06-06T07:30:00+0200,97.37,EUR/MWh,DE,DE_LU,day_ahead_price,value,2026-06-21T20:22:25Z
2026-06-21T20:21:09Z,2026-06-21T22:21:09+0200,4c728934-15fc-48ae-9cbd-ac5715da9ca9,2026-06-06T05:45:00Z,2026-06-06T07:45:00+0200,76.8,EUR/MWh,DE,DE_LU,day_ahead_price,value,2026-06-21T20:22:25Z
2026-06-21T20:21:09Z,2026-06-21T22:21:09+0200,4c728934-15fc-48ae-9cbd-ac5715da9ca9,2026-06-06T06:00:00Z,2026-06-06T08:00:00+0200,105.97,EUR/MWh,DE,DE_LU,day_ahead_price,value,2026-06-21T20:22:25Z
2026-06-21T20:21:09Z,2026-06-21T22:21:09+0200,4c728934-15fc-48ae-9cbd-ac5715da9ca9,2026-06-06T06:15:00Z,2026-06-06T08:15:00+0200,92.21,EUR/MWh,DE,DE_LU,day_ahead_price,value,2026-06-21T20:22:25Z
2026-06-21T20:21:09Z,2026-06-21T22:21:09+0200,4c728934-15fc-48ae-9cbd-ac5715da9ca9,2026-06-06T06:30:00Z,2026-06-06T08:30:00+0200,72.06,EUR/MWh,DE,DE_LU,day_ahead_price,value,2026-06-21T20:22:25Z
2026-06-21T20:21:09Z,2026-06-21T22:21:09+0200,4c728934-15fc-48ae-9cbd-ac5715da9ca9,2026-06-06T06:45:00Z,2026-06-06T08:45:00+0200,53.83,EUR/MWh,DE,DE_LU,day_ahead_price,value,2026-06-21T20:22:25Z
2026-06-21T20:21:09Z,2026-06-21T22:21:09+0200,4c728934-15fc-48ae-9cbd-ac5715da9ca9,2026-06-06T07:00:00Z,2026-06-06T09:00:00+0200,69.14,EUR/MWh,DE,DE_LU,day_ahead_price,value,2026-06-21T20:22:25Z
2026-06-21T20:21:09Z,2026-06-21T22:21:09+0200,4c728934-15fc-48ae-9cbd-ac5715da9ca9,2026-06-06T07:15:00Z,2026-06-06T09:15:00+0200,52.81,EUR/MWh,DE,DE_LU,day_ahead_price,value,2026-06-21T20:22:25Z
2026-06-21T20:21:09Z,2026-06-21T22:21:09+0200,4c728934-15fc-48ae-9cbd-ac5715da9ca9,2026-06-06T07:30:00Z,2026-06-06T09:30:00+0200,52.14,EUR/MWh,DE,DE_LU,day_ahead_price,value,2026-06-21T20:22:25Z
2026-06-21T20:21:09Z,2026-06-21T22:21:09+0200,4c728934-15fc-48ae-9cbd-ac5715da9ca9,2026-06-06T07:45:00Z,2026-06-06T09:45:00+0200,25.91,EUR/MWh,DE,DE_LU,day_ahead_price,value,2026-06-21T20:22:25Z
2026-06-21T20:21:09Z,2026-06-21T22:21:09+0200,4c728934-15fc-48ae-9cbd-ac5715da9ca9,2026-06-06T08:00:00Z,2026-06-06T10:00:00+0200,31.42,EUR/MWh,DE,DE_LU,day_ahead_price,value,2026-06-21T20:22:25Z
2026-06-21T20:21:09Z,2026-06-21T22:21:09+0200,4c728934-15fc-48ae-9cbd-ac5715da9ca9,2026-06-06T08:15:00Z,2026-06-06T10:15:00+0200,18.43,EUR/MWh,DE,DE_LU,day_ahead_price,value,2026-06-21T20:22:25Z
2026-06-21T20:21:09Z,2026-06-21T22:21:09+0200,4c728934-15fc-48ae-9cbd-ac5715da9ca9,2026-06-06T08:30:00Z,2026-06-06T10:30:00+0200,9.11,EUR/MWh,DE,DE_LU,day_ahead_price,value,2026-06-21T20:22:25Z
2026-06-21T20:21:09Z,2026-06-21T22:21:09+0200,4c728934-15fc-48ae-9cbd-ac5715da9ca9,2026-06-06T08:45:00Z,2026-06-06T10:45:00+0200,0.01,EUR/MWh,DE,DE_LU,day_ahead_price,value,2026-06-21T20:22:25Z
2026-06-21T20:21:09Z,2026-06-21T22:21:09+0200,4c728934-15fc-48ae-9cbd-ac5715da9ca9,2026-06-06T09:00:00Z,2026-06-06T11:00:00+0200,0.07,EUR/MWh,DE,DE_LU,day_ahead_price,value,2026-06-21T20:22:25Z
2026-06-21T20:21:09Z,2026-06-21T22:21:09+0200,4c728934-15fc-48ae-9cbd-ac5715da9ca9,2026-06-06T09:15:00Z,2026-06-06T11:15:00+0200,0.03,EUR/MWh,DE,DE_LU,day_ahead_price,value,2026-06-21T20:22:25Z
2026-06-21T20:21:09Z,2026-06-21T22:21:09+0200,4c728934-15fc-48ae-9cbd-ac5715da9ca9,2026-06-06T09:30:00Z,2026-06-06T11:30:00+0200,0.03,EUR/MWh,DE,DE_LU,day_ahead_price,value,2026-06-21T20:22:25Z
2026-06-21T20:21:09Z,2026-06-21T22:21:09+0200,4c728934-15fc-48ae-9cbd-ac5715da9ca9,2026-06-06T09:45:00Z,2026-06-06T11:45:00+0200,0.0,EUR/MWh,DE,DE_LU,day_ahead_price,value,2026-06-21T20:22:25Z
2026-06-21T20:21:09Z,2026-06-21T22:21:09+0200,4c728934-15fc-48ae-9cbd-ac5715da9ca9,2026-06-06T10:00:00Z,2026-06-06T12:00:00+0200,0.0,EUR/MWh,DE,DE_LU,day_ahead_price,value,2026-06-21T20:22:25Z
2026-06-21T20:21:09Z,2026-06-21T22:21:09+0200,4c728934-15fc-48ae-9cbd-ac5715da9ca9,2026-06-06T10:15:00Z,2026-06-06T12:15:00+0200,-0.03,EUR/MWh,DE,DE_LU,day_ahead_price,value,2026-06-21T20:22:25Z
2026-06-21T20:21:09Z,2026-06-21T22:21:09+0200,4c728934-15fc-48ae-9cbd-ac5715da9ca9,2026-06-06T10:30:00Z,2026-06-06T12:30:00+0200,-0.03,EUR/MWh,DE,DE_LU,day_ahead_price,value,2026-06-21T20:22:25Z
2026-06-21T20:21:09Z,2026-06-21T22:21:09+0200,4c728934-15fc-48ae-9cbd-ac5715da9ca9,2026-06-06T10:45:00Z,2026-06-06T12:45:00+0200,-0.06,EUR/MWh,DE,DE_LU,day_ahead_price,value,2026-06-21T20:22:25Z
2026-06-21T20:21:09Z,2026-06-21T22:21:09+0200,4c728934-15fc-48ae-9cbd-ac5715da9ca9,2026-06-06T11:00:00Z,2026-06-06T13:00:00+0200,-0.01,EUR/MWh,DE,DE_LU,day_ahead_price,value,2026-06-21T20:22:25Z
2026-06-21T20:21:09Z,2026-06-21T22:21:09+0200,4c728934-15fc-48ae-9cbd-ac5715da9ca9,2026-06-06T11:15:00Z,2026-06-06T13:15:00+0200,-0.02,EUR/MWh,DE,DE_LU,day_ahead_price,value,2026-06-21T20:22:25Z
2026-06-21T20:21:09Z,2026-06-21T22:21:09+0200,4c728934-15fc-48ae-9cbd-ac5715da9ca9,2026-06-06T11:30:00Z,2026-06-06T13:30:00+0200,-0.04,EUR/MWh,DE,DE_LU,day_ahead_price,value,2026-06-21T20:22:25Z
2026-06-21T20:21:09Z,2026-06-21T22:21:09+0200,4c728934-15fc-48ae-9cbd-ac5715da9ca9,2026-06-06T11:45:00Z,2026-06-06T13:45:00+0200,-0.03,EUR/MWh,DE,DE_LU,day_ahead_price,value,2026-06-21T20:22:25Z
2026-06-21T20:21:09Z,2026-06-21T22:21:09+0200,4c728934-15fc-48ae-9cbd-ac5715da9ca9,2026-06-06T12:00:00Z,2026-06-06T14:00:00+0200,-0.03,EUR/MWh,DE,DE_LU,day_ahead_price,value,2026-06-21T20:22:25Z
2026-06-21T20:21:09Z,2026-06-21T22:21:09+0200,4c728934-15fc-48ae-9cbd-ac5715da9ca9,2026-06-06T12:15:00Z,2026-06-06T14:15:00+0200,0.0,EUR/MWh,DE,DE_LU,day_ahead_price,value,2026-06-21T20:22:25Z
2026-06-21T20:21:09Z,2026-06-21T22:21:09+0200,4c728934-15fc-48ae-9cbd-ac5715da9ca9,2026-06-06T12:30:00Z,2026-06-06T14:30:00+0200,0.03,EUR/MWh,DE,DE_LU,day_ahead_price,value,2026-06-21T20:22:25Z
2026-06-21T20:21:09Z,2026-06-21T22:21:09+0200,4c728934-15fc-48ae-9cbd-ac5715da9ca9,2026-06-06T12:45:00Z,2026-06-06T14:45:00+0200,0.09,EUR/MWh,DE,DE_LU,day_ahead_price,value,2026-06-21T20:22:25Z
2026-06-21T20:21:09Z,2026-06-21T22:21:09+0200,4c728934-15fc-48ae-9cbd-ac5715da9ca9,2026-06-06T13:00:00Z,2026-06-06T15:00:00+0200,1.79,EUR/MWh,DE,DE_LU,day_ahead_price,value,2026-06-21T20:22:25Z
2026-06-21T20:21:09Z,2026-06-21T22:21:09+0200,4c728934-15fc-48ae-9cbd-ac5715da9ca9,2026-06-06T13:15:00Z,2026-06-06T15:15:00+0200,6.42,EUR/MWh,DE,DE_LU,day_ahead_price,value,2026-06-21T20:22:25Z
2026-06-21T20:21:09Z,2026-06-21T22:21:09+0200,4c728934-15fc-48ae-9cbd-ac5715da9ca9,2026-06-06T13:30:00Z,2026-06-06T15:30:00+0200,8.94,EUR/MWh,DE,DE_LU,day_ahead_price,value,2026-06-21T20:22:25Z
2026-06-21T20:21:09Z,2026-06-21T22:21:09+0200,4c728934-15fc-48ae-9cbd-ac5715da9ca9,2026-06-06T13:45:00Z,2026-06-06T15:45:00+0200,20.89,EUR/MWh,DE,DE_LU,day_ahead_price,value,2026-06-21T20:22:25Z
2026-06-21T20:21:09Z,2026-06-21T22:21:09+0200,4c728934-15fc-48ae-9cbd-ac5715da9ca9,2026-06-06T14:00:00Z,2026-06-06T16:00:00+0200,12.21,EUR/MWh,DE,DE_LU,day_ahead_price,value,2026-06-21T20:22:25Z
2026-06-21T20:21:09Z,2026-06-21T22:21:09+0200,4c728934-15fc-48ae-9cbd-ac5715da9ca9,2026-06-06T14:15:00Z,2026-06-06T16:15:00+0200,42.0,EUR/MWh,DE,DE_LU,day_ahead_price,value,2026-06-21T20:22:25Z
2026-06-21T20:21:09Z,2026-06-21T22:21:09+0200,4c728934-15fc-48ae-9cbd-ac5715da9ca9,2026-06-06T14:30:00Z,2026-06-06T16:30:00+0200,57.41,EUR/MWh,DE,DE_LU,day_ahead_price,value,2026-06-21T20:22:25Z
2026-06-21T20:21:09Z,2026-06-21T22:21:09+0200,4c728934-15fc-48ae-9cbd-ac5715da9ca9,2026-06-06T14:45:00Z,2026-06-06T16:45:00+0200,72.8,EUR/MWh,DE,DE_LU,day_ahead_price,value,2026-06-21T20:22:25Z
2026-06-21T20:21:09Z,2026-06-21T22:21:09+0200,4c728934-15fc-48ae-9cbd-ac5715da9ca9,2026-06-06T15:00:00Z,2026-06-06T17:00:00+0200,63.72,EUR/MWh,DE,DE_LU,day_ahead_price,value,2026-06-21T20:22:25Z
2026-06-21T20:21:09Z,2026-06-21T22:21:09+0200,4c728934-15fc-48ae-9cbd-ac5715da9ca9,2026-06-06T15:15:00Z,2026-06-06T17:15:00+0200,82.05,EUR/MWh,DE,DE_LU,day_ahead_price,value,2026-06-21T20:22:25Z
2026-06-21T20:21:09Z,2026-06-21T22:21:09+0200,4c728934-15fc-48ae-9cbd-ac5715da9ca9,2026-06-06T15:30:00Z,2026-06-06T17:30:00+0200,102.37,EUR/MWh,DE,DE_LU,day_ahead_price,value,2026-06-21T20:22:25Z
2026-06-21T20:21:09Z,2026-06-21T22:21:09+0200,4c728934-15fc-48ae-9cbd-ac5715da9ca9,2026-06-06T15:45:00Z,2026-06-06T17:45:00+0200,124.99,EUR/MWh,DE,DE_LU,day_ahead_price,value,2026-06-21T20:22:25Z
2026-06-21T20:21:09Z,2026-06-21T22:21:09+0200,4c728934-15fc-48ae-9cbd-ac5715da9ca9,2026-06-06T16:00:00Z,2026-06-06T18:00:00+0200,110.99,EUR/MWh,DE,DE_LU,day_ahead_price,value,2026-06-21T20:22:25Z
2026-06-21T20:21:09Z,2026-06-21T22:21:09+0200,4c728934-15fc-48ae-9cbd-ac5715da9ca9,2026-06-06T16:15:00Z,2026-06-06T18:15:00+0200,119.7,EUR/MWh,DE,DE_LU,day_ahead_price,value,2026-06-21T20:22:25Z
2026-06-21T20:21:09Z,2026-06-21T22:21:09+0200,4c728934-15fc-48ae-9cbd-ac5715da9ca9,2026-06-06T16:30:00Z,2026-06-06T18:30:00+0200,129.43,EUR/MWh,DE,DE_LU,day_ahead_price,value,2026-06-21T20:22:25Z
2026-06-21T20:21:09Z,2026-06-21T22:21:09+0200,4c728934-15fc-48ae-9cbd-ac5715da9ca9,2026-06-06T16:45:00Z,2026-06-06T18:45:00+0200,127.03,EUR/MWh,DE,DE_LU,day_ahead_price,value,2026-06-21T20:22:25Z
2026-06-21T20:21:09Z,2026-06-21T22:21:09+0200,4c728934-15fc-48ae-9cbd-ac5715da9ca9,2026-06-06T17:00:00Z,2026-06-06T19:00:00+0200,122.95,EUR/MWh,DE,DE_LU,day_ahead_price,value,2026-06-21T20:22:25Z
2026-06-21T20:21:09Z,2026-06-21T22:21:09+0200,4c728934-15fc-48ae-9cbd-ac5715da9ca9,2026-06-06T17:15:00Z,2026-06-06T19:15:00+0200,130.67,EUR/MWh,DE,DE_LU,day_ahead_price,value,2026-06-21T20:22:25Z
2026-06-21T20:21:09Z,2026-06-21T22:21:09+0200,4c728934-15fc-48ae-9cbd-ac5715da9ca9,2026-06-06T17:30:00Z,2026-06-06T19:30:00+0200,134.25,EUR/MWh,DE,DE_LU,day_ahead_price,value,2026-06-21T20:22:25Z
2026-06-21T20:21:09Z,2026-06-21T22:21:09+0200,4c728934-15fc-48ae-9cbd-ac5715da9ca9,2026-06-06T17:45:00Z,2026-06-06T19:45:00+0200,147.53,EUR/MWh,DE,DE_LU,day_ahead_price,value,2026-06-21T20:22:25Z
2026-06-21T20:21:09Z,2026-06-21T22:21:09+0200,4c728934-15fc-48ae-9cbd-ac5715da9ca9,2026-06-06T18:00:00Z,2026-06-06T20:00:00+0200,145.67,EUR/MWh,DE,DE_LU,day_ahead_price,value,2026-06-21T20:22:25Z
2026-06-21T20:21:09Z,2026-06-21T22:21:09+0200,4c728934-15fc-48ae-9cbd-ac5715da9ca9,2026-06-06T18:15:00Z,2026-06-06T20:15:00+0200,148.98,EUR/MWh,DE,DE_LU,day_ahead_price,value,2026-06-21T20:22:25Z
2026-06-21T20:21:09Z,2026-06-21T22:21:09+0200,4c728934-15fc-48ae-9cbd-ac5715da9ca9,2026-06-06T18:30:00Z,2026-06-06T20:30:00+0200,156.97,EUR/MWh,DE,DE_LU,day_ahead_price,value,2026-06-21T20:22:25Z
2026-06-21T20:21:09Z,2026-06-21T22:21:09+0200,4c728934-15fc-48ae-9cbd-ac5715da9ca9,2026-06-06T18:45:00Z,2026-06-06T20:45:00+0200,158.11,EUR/MWh,DE,DE_LU,day_ahead_price,value,2026-06-21T20:22:25Z
2026-06-21T20:21:09Z,2026-06-21T22:21:09+0200,4c728934-15fc-48ae-9cbd-ac5715da9ca9,2026-06-06T19:00:00Z,2026-06-06T21:00:00+0200,162.35,EUR/MWh,DE,DE_LU,day_ahead_price,value,2026-06-21T20:22:25Z
2026-06-21T20:21:09Z,2026-06-21T22:21:09+0200,4c728934-15fc-48ae-9cbd-ac5715da9ca9,2026-06-06T19:15:00Z,2026-06-06T21:15:00+0200,154.29,EUR/MWh,DE,DE_LU,day_ahead_price,value,2026-06-21T20:22:25Z
2026-06-21T20:21:09Z,2026-06-21T22:21:09+0200,4c728934-15fc-48ae-9cbd-ac5715da9ca9,2026-06-06T19:30:00Z,2026-06-06T21:30:00+0200,145.11,EUR/MWh,DE,DE_LU,day_ahead_price,value,2026-06-21T20:22:25Z
2026-06-21T20:21:09Z,2026-06-21T22:21:09+0200,4c728934-15fc-48ae-9cbd-ac5715da9ca9,2026-06-06T19:45:00Z,2026-06-06T21:45:00+0200,141.94,EUR/MWh,DE,DE_LU,day_ahead_price,value,2026-06-21T20:22:25Z
2026-06-21T20:21:09Z,2026-06-21T22:21:09+0200,4c728934-15fc-48ae-9cbd-ac5715da9ca9,2026-06-06T20:00:00Z,2026-06-06T22:00:00+0200,147.03,EUR/MWh,DE,DE_LU,day_ahead_price,value,2026-06-21T20:22:25Z
2026-06-21T20:21:09Z,2026-06-21T22:21:09+0200,4c728934-15fc-48ae-9cbd-ac5715da9ca9,2026-06-06T20:15:00Z,2026-06-06T22:15:00+0200,136.95,EUR/MWh,DE,DE_LU,day_ahead_price,value,2026-06-21T20:22:25Z
2026-06-21T20:21:09Z,2026-06-21T22:21:09+0200,4c728934-15fc-48ae-9cbd-ac5715da9ca9,2026-06-06T20:30:00Z,2026-06-06T22:30:00+0200,130.78,EUR/MWh,DE,DE_LU,day_ahead_price,value,2026-06-21T20:22:25Z
2026-06-21T20:21:09Z,2026-06-21T22:21:09+0200,4c728934-15fc-48ae-9cbd-ac5715da9ca9,2026-06-06T20:45:00Z,2026-06-06T22:45:00+0200,122.55,EUR/MWh,DE,DE_LU,day_ahead_price,value,2026-06-21T20:22:25Z
2026-06-21T20:21:09Z,2026-06-21T22:21:09+0200,4c728934-15fc-48ae-9cbd-ac5715da9ca9,2026-06-06T21:00:00Z,2026-06-06T23:00:00+0200,127.47,EUR/MWh,DE,DE_LU,day_ahead_price,value,2026-06-21T20:22:25Z
2026-06-21T20:21:09Z,2026-06-21T22:21:09+0200,4c728934-15fc-48ae-9cbd-ac5715da9ca9,2026-06-06T21:15:00Z,2026-06-06T23:15:00+0200,124.34,EUR/MWh,DE,DE_LU,day_ahead_price,value,2026-06-21T20:22:25Z
2026-06-21T20:21:09Z,2026-06-21T22:21:09+0200,4c728934-15fc-48ae-9cbd-ac5715da9ca9,2026-06-06T21:30:00Z,2026-06-06T23:30:00+0200,120.07,EUR/MWh,DE,DE_LU,day_ahead_price,value,2026-06-21T20:22:25Z
2026-06-21T20:21:09Z,2026-06-21T22:21:09+0200,4c728934-15fc-48ae-9cbd-ac5715da9ca9,2026-06-06T21:45:00Z,2026-06-06T23:45:00+0200,114.29,EUR/MWh,DE,DE_LU,day_ahead_price,value,2026-06-21T20:22:25Z
2026-06-21T20:21:09Z,2026-06-21T22:21:09+0200,4c728934-15fc-48ae-9cbd-ac5715da9ca9,2026-06-06T22:00:00Z,2026-06-07T00:00:00+0200,120.63,EUR/MWh,DE,DE_LU,day_ahead_price,value,2026-06-21T20:22:25Z
2026-06-21T20:21:09Z,2026-06-21T22:21:09+0200,4c728934-15fc-48ae-9cbd-ac5715da9ca9,2026-06-06T22:15:00Z,2026-06-07T00:15:00+0200,109.22,EUR/MWh,DE,DE_LU,day_ahead_price,value,2026-06-21T20:22:25Z
2026-06-21T20:21:09Z,2026-06-21T22:21:09+0200,4c728934-15fc-48ae-9cbd-ac5715da9ca9,2026-06-06T22:30:00Z,2026-06-07T00:30:00+0200,107.6,EUR/MWh,DE,DE_LU,day_ahead_price,value,2026-06-21T20:22:25Z
2026-06-21T20:21:09Z,2026-06-21T22:21:09+0200,4c728934-15fc-48ae-9cbd-ac5715da9ca9,2026-06-06T22:45:00Z,2026-06-07T00:45:00+0200,105.35,EUR/MWh,DE,DE_LU,day_ahead_price,value,2026-06-21T20:22:25Z
2026-06-21T20:21:09Z,2026-06-21T22:21:09+0200,4c728934-15fc-48ae-9cbd-ac5715da9ca9,2026-06-06T23:00:00Z,2026-06-07T01:00:00+0200,105.73,EUR/MWh,DE,DE_LU,day_ahead_price,value,2026-06-21T20:22:25Z
2026-06-21T20:21:09Z,2026-06-21T22:21:09+0200,4c728934-15fc-48ae-9cbd-ac5715da9ca9,2026-06-06T23:15:00Z,2026-06-07T01:15:00+0200,101.59,EUR/MWh,DE,DE_LU,day_ahead_price,value,2026-06-21T20:22:25Z
2026-06-21T20:21:09Z,2026-06-21T22:21:09+0200,4c728934-15fc-48ae-9cbd-ac5715da9ca9,2026-06-06T23:30:00Z,2026-06-07T01:30:00+0200,98.78,EUR/MWh,DE,DE_LU,day_ahead_price,value,2026-06-21T20:22:25Z
2026-06-21T20:21:09Z,2026-06-21T22:21:09+0200,4c728934-15fc-48ae-9cbd-ac5715da9ca9,2026-06-06T23:45:00Z,2026-06-07T01:45:00+0200,91.95,EUR/MWh,DE,DE_LU,day_ahead_price,value,2026-06-21T20:22:25Z
2026-06-21T20:21:09Z,2026-06-21T22:21:09+0200,4c728934-15fc-48ae-9cbd-ac5715da9ca9,2026-06-07T00:00:00Z,2026-06-07T02:00:00+0200,99.52,EUR/MWh,DE,DE_LU,day_ahead_price,value,2026-06-21T20:22:25Z
2026-06-21T20:21:09Z,2026-06-21T22:21:09+0200,4c728934-15fc-48ae-9cbd-ac5715da9ca9,2026-06-07T00:15:00Z,2026-06-07T02:15:00+0200,93.24,EUR/MWh,DE,DE_LU,day_ahead_price,value,2026-06-21T20:22:25Z
2026-06-21T20:21:09Z,2026-06-21T22:21:09+0200,4c728934-15fc-48ae-9cbd-ac5715da9ca9,2026-06-07T00:30:00Z,2026-06-07T02:30:00+0200,92.05,EUR/MWh,DE,DE_LU,day_ahead_price,value,2026-06-21T20:22:25Z
2026-06-21T20:21:09Z,2026-06-21T22:21:09+0200,4c728934-15fc-48ae-9cbd-ac5715da9ca9,2026-06-07T00:45:00Z,2026-06-07T02:45:00+0200,84.02,EUR/MWh,DE,DE_LU,day_ahead_price,value,2026-06-21T20:22:25Z
2026-06-21T20:21:09Z,2026-06-21T22:21:09+0200,4c728934-15fc-48ae-9cbd-ac5715da9ca9,2026-06-07T01:00:00Z,2026-06-07T03:00:00+0200,91.73,EUR/MWh,DE,DE_LU,day_ahead_price,value,2026-06-21T20:22:25Z
2026-06-21T20:21:09Z,2026-06-21T22:21:09+0200,4c728934-15fc-48ae-9cbd-ac5715da9ca9,2026-06-07T01:15:00Z,2026-06-07T03:15:00+0200,83.25,EUR/MWh,DE,DE_LU,day_ahead_price,value,2026-06-21T20:22:25Z
2026-06-21T20:21:09Z,2026-06-21T22:21:09+0200,4c728934-15fc-48ae-9cbd-ac5715da9ca9,2026-06-07T01:30:00Z,2026-06-07T03:30:00+0200,79.8,EUR/MWh,DE,DE_LU,day_ahead_price,value,2026-06-21T20:22:25Z
2026-06-21T20:21:09Z,2026-06-21T22:21:09+0200,4c728934-15fc-48ae-9cbd-ac5715da9ca9,2026-06-07T01:45:00Z,2026-06-07T03:45:00+0200,70.88,EUR/MWh,DE,DE_LU,day_ahead_price,value,2026-06-21T20:22:25Z
2026-06-21T20:21:09Z,2026-06-21T22:21:09+0200,4c728934-15fc-48ae-9cbd-ac5715da9ca9,2026-06-07T02:00:00Z,2026-06-07T04:00:00+0200,75.03,EUR/MWh,DE,DE_LU,day_ahead_price,value,2026-06-21T20:22:25Z
2026-06-21T20:21:09Z,2026-06-21T22:21:09+0200,4c728934-15fc-48ae-9cbd-ac5715da9ca9,2026-06-07T02:15:00Z,2026-06-07T04:15:00+0200,69.81,EUR/MWh,DE,DE_LU,day_ahead_price,value,2026-06-21T20:22:25Z
2026-06-21T20:21:09Z,2026-06-21T22:21:09+0200,4c728934-15fc-48ae-9cbd-ac5715da9ca9,2026-06-07T02:30:00Z,2026-06-07T04:30:00+0200,65.21,EUR/MWh,DE,DE_LU,day_ahead_price,value,2026-06-21T20:22:25Z
2026-06-21T20:21:09Z,2026-06-21T22:21:09+0200,4c728934-15fc-48ae-9cbd-ac5715da9ca9,2026-06-07T02:45:00Z,2026-06-07T04:45:00+0200,58.0,EUR/MWh,DE,DE_LU,day_ahead_price,value,2026-06-21T20:22:25Z
2026-06-21T20:21:09Z,2026-06-21T22:21:09+0200,4c728934-15fc-48ae-9cbd-ac5715da9ca9,2026-06-07T03:00:00Z,2026-06-07T05:00:00+0200,60.74,EUR/MWh,DE,DE_LU,day_ahead_price,value,2026-06-21T20:22:25Z
2026-06-21T20:21:09Z,2026-06-21T22:21:09+0200,4c728934-15fc-48ae-9cbd-ac5715da9ca9,2026-06-07T03:15:00Z,2026-06-07T05:15:00+0200,47.92,EUR/MWh,DE,DE_LU,day_ahead_price,value,2026-06-21T20:22:25Z
2026-06-21T20:21:09Z,2026-06-21T22:21:09+0200,4c728934-15fc-48ae-9cbd-ac5715da9ca9,2026-06-07T03:30:00Z,2026-06-07T05:30:00+0200,36.9,EUR/MWh,DE,DE_LU,day_ahead_price,value,2026-06-21T20:22:25Z
2026-06-21T20:21:09Z,2026-06-21T22:21:09+0200,4c728934-15fc-48ae-9cbd-ac5715da9ca9,2026-06-07T03:45:00Z,2026-06-07T05:45:00+0200,11.28,EUR/MWh,DE,DE_LU,day_ahead_price,value,2026-06-21T20:22:25Z
2026-06-21T20:21:09Z,2026-06-21T22:21:09+0200,4c728934-15fc-48ae-9cbd-ac5715da9ca9,2026-06-07T04:00:00Z,2026-06-07T06:00:00+0200,8.55,EUR/MWh,DE,DE_LU,day_ahead_price,value,2026-06-21T20:22:25Z
2026-06-21T20:21:09Z,2026-06-21T22:21:09+0200,4c728934-15fc-48ae-9cbd-ac5715da9ca9,2026-06-07T04:15:00Z,2026-06-07T06:15:00+0200,5.11,EUR/MWh,DE,DE_LU,day_ahead_price,value,2026-06-21T20:22:25Z
2026-06-21T20:21:09Z,2026-06-21T22:21:09+0200,4c728934-15fc-48ae-9cbd-ac5715da9ca9,2026-06-07T04:30:00Z,2026-06-07T06:30:00+0200,4.43,EUR/MWh,DE,DE_LU,day_ahead_price,value,2026-06-21T20:22:25Z
2026-06-21T20:21:09Z,2026-06-21T22:21:09+0200,4c728934-15fc-48ae-9cbd-ac5715da9ca9,2026-06-07T04:45:00Z,2026-06-07T06:45:00+0200,2.1,EUR/MWh,DE,DE_LU,day_ahead_price,value,2026-06-21T20:22:25Z
2026-06-21T20:21:09Z,2026-06-21T22:21:09+0200,4c728934-15fc-48ae-9cbd-ac5715da9ca9,2026-06-07T05:00:00Z,2026-06-07T07:00:00+0200,1.84,EUR/MWh,DE,DE_LU,day_ahead_price,value,2026-06-21T20:22:25Z
2026-06-21T20:21:09Z,2026-06-21T22:21:09+0200,4c728934-15fc-48ae-9cbd-ac5715da9ca9,2026-06-07T05:15:00Z,2026-06-07T07:15:00+0200,0.01,EUR/MWh,DE,DE_LU,day_ahead_price,value,2026-06-21T20:22:25Z
2026-06-21T20:21:09Z,2026-06-21T22:21:09+0200,4c728934-15fc-48ae-9cbd-ac5715da9ca9,2026-06-07T05:30:00Z,2026-06-07T07:30:00+0200,0.0,EUR/MWh,DE,DE_LU,day_ahead_price,value,2026-06-21T20:22:25Z
2026-06-21T20:21:09Z,2026-06-21T22:21:09+0200,4c728934-15fc-48ae-9cbd-ac5715da9ca9,2026-06-07T05:45:00Z,2026-06-07T07:45:00+0200,-0.01,EUR/MWh,DE,DE_LU,day_ahead_price,value,2026-06-21T20:22:25Z
2026-06-21T20:21:09Z,2026-06-21T22:21:09+0200,4c728934-15fc-48ae-9cbd-ac5715da9ca9,2026-06-07T06:00:00Z,2026-06-07T08:00:00+0200,-0.01,EUR/MWh,DE,DE_LU,day_ahead_price,value,2026-06-21T20:22:25Z
2026-06-21T20:21:09Z,2026-06-21T22:21:09+0200,4c728934-15fc-48ae-9cbd-ac5715da9ca9,2026-06-07T06:15:00Z,2026-06-07T08:15:00+0200,-0.05,EUR/MWh,DE,DE_LU,day_ahead_price,value,2026-06-21T20:22:25Z
2026-06-21T20:21:09Z,2026-06-21T22:21:09+0200,4c728934-15fc-48ae-9cbd-ac5715da9ca9,2026-06-07T06:30:00Z,2026-06-07T08:30:00+0200,-0.11,EUR/MWh,DE,DE_LU,day_ahead_price,value,2026-06-21T20:22:25Z
2026-06-21T20:21:09Z,2026-06-21T22:21:09+0200,4c728934-15fc-48ae-9cbd-ac5715da9ca9,2026-06-07T06:45:00Z,2026-06-07T08:45:00+0200,-2.04,EUR/MWh,DE,DE_LU,day_ahead_price,value,2026-06-21T20:22:25Z
2026-06-21T20:21:09Z,2026-06-21T22:21:09+0200,4c728934-15fc-48ae-9cbd-ac5715da9ca9,2026-06-07T07:00:00Z,2026-06-07T09:00:00+0200,-1.3,EUR/MWh,DE,DE_LU,day_ahead_price,value,2026-06-21T20:22:25Z
2026-06-21T20:21:09Z,2026-06-21T22:21:09+0200,4c728934-15fc-48ae-9cbd-ac5715da9ca9,2026-06-07T07:15:00Z,2026-06-07T09:15:00+0200,-3.4,EUR/MWh,DE,DE_LU,day_ahead_price,value,2026-06-21T20:22:25Z
2026-06-21T20:21:09Z,2026-06-21T22:21:09+0200,4c728934-15fc-48ae-9cbd-ac5715da9ca9,2026-06-07T07:30:00Z,2026-06-07T09:30:00+0200,-5.5,EUR/MWh,DE,DE_LU,day_ahead_price,value,2026-06-21T20:22:25Z
2026-06-21T20:21:09Z,2026-06-21T22:21:09+0200,4c728934-15fc-48ae-9cbd-ac5715da9ca9,2026-06-07T07:45:00Z,2026-06-07T09:45:00+0200,-10.0,EUR/MWh,DE,DE_LU,day_ahead_price,value,2026-06-21T20:22:25Z
2026-06-21T20:21:09Z,2026-06-21T22:21:09+0200,4c728934-15fc-48ae-9cbd-ac5715da9ca9,2026-06-07T08:00:00Z,2026-06-07T10:00:00+0200,-4.99,EUR/MWh,DE,DE_LU,day_ahead_price,value,2026-06-21T20:22:25Z
2026-06-21T20:21:09Z,2026-06-21T22:21:09+0200,4c728934-15fc-48ae-9cbd-ac5715da9ca9,2026-06-07T08:15:00Z,2026-06-07T10:15:00+0200,-5.46,EUR/MWh,DE,DE_LU,day_ahead_price,value,2026-06-21T20:22:25Z
2026-06-21T20:21:09Z,2026-06-21T22:21:09+0200,4c728934-15fc-48ae-9cbd-ac5715da9ca9,2026-06-07T08:30:00Z,2026-06-07T10:30:00+0200,-9.88,EUR/MWh,DE,DE_LU,day_ahead_price,value,2026-06-21T20:22:25Z
2026-06-21T20:21:09Z,2026-06-21T22:21:09+0200,4c728934-15fc-48ae-9cbd-ac5715da9ca9,2026-06-07T08:45:00Z,2026-06-07T10:45:00+0200,-11.67,EUR/MWh,DE,DE_LU,day_ahead_price,value,2026-06-21T20:22:25Z
2026-06-21T20:21:09Z,2026-06-21T22:21:09+0200,4c728934-15fc-48ae-9cbd-ac5715da9ca9,2026-06-07T09:00:00Z,2026-06-07T11:00:00+0200,-12.74,EUR/MWh,DE,DE_LU,day_ahead_price,value,2026-06-21T20:22:25Z
2026-06-21T20:21:09Z,2026-06-21T22:21:09+0200,4c728934-15fc-48ae-9cbd-ac5715da9ca9,2026-06-07T09:15:00Z,2026-06-07T11:15:00+0200,-14.6,EUR/MWh,DE,DE_LU,day_ahead_price,value,2026-06-21T20:22:25Z
2026-06-21T20:21:09Z,2026-06-21T22:21:09+0200,4c728934-15fc-48ae-9cbd-ac5715da9ca9,2026-06-07T09:30:00Z,2026-06-07T11:30:00+0200,-14.3,EUR/MWh,DE,DE_LU,day_ahead_price,value,2026-06-21T20:22:25Z
2026-06-21T20:21:09Z,2026-06-21T22:21:09+0200,4c728934-15fc-48ae-9cbd-ac5715da9ca9,2026-06-07T09:45:00Z,2026-06-07T11:45:00+0200,-14.57,EUR/MWh,DE,DE_LU,day_ahead_price,value,2026-06-21T20:22:25Z
2026-06-21T20:21:09Z,2026-06-21T22:21:09+0200,4c728934-15fc-48ae-9cbd-ac5715da9ca9,2026-06-07T10:00:00Z,2026-06-07T12:00:00+0200,-14.99,EUR/MWh,DE,DE_LU,day_ahead_price,value,2026-06-21T20:22:25Z
2026-06-21T20:21:09Z,2026-06-21T22:21:09+0200,4c728934-15fc-48ae-9cbd-ac5715da9ca9,2026-06-07T10:15:00Z,2026-06-07T12:15:00+0200,-19.0,EUR/MWh,DE,DE_LU,day_ahead_price,value,2026-06-21T20:22:25Z
2026-06-21T20:21:09Z,2026-06-21T22:21:09+0200,4c728934-15fc-48ae-9cbd-ac5715da9ca9,2026-06-07T10:30:00Z,2026-06-07T12:30:00+0200,-19.0,EUR/MWh,DE,DE_LU,day_ahead_price,value,2026-06-21T20:22:25Z
2026-06-21T20:21:09Z,2026-06-21T22:21:09+0200,4c728934-15fc-48ae-9cbd-ac5715da9ca9,2026-06-07T10:45:00Z,2026-06-07T12:45:00+0200,-20.06,EUR/MWh,DE,DE_LU,day_ahead_price,value,2026-06-21T20:22:25Z
2026-06-21T20:21:09Z,2026-06-21T22:21:09+0200,4c728934-15fc-48ae-9cbd-ac5715da9ca9,2026-06-07T11:00:00Z,2026-06-07T13:00:00+0200,-23.4,EUR/MWh,DE,DE_LU,day_ahead_price,value,2026-06-21T20:22:25Z
2026-06-21T20:21:09Z,2026-06-21T22:21:09+0200,4c728934-15fc-48ae-9cbd-ac5715da9ca9,2026-06-07T11:15:00Z,2026-06-07T13:15:00+0200,-29.99,EUR/MWh,DE,DE_LU,day_ahead_price,value,2026-06-21T20:22:25Z
2026-06-21T20:21:09Z,2026-06-21T22:21:09+0200,4c728934-15fc-48ae-9cbd-ac5715da9ca9,2026-06-07T11:30:00Z,2026-06-07T13:30:00+0200,-40.11,EUR/MWh,DE,DE_LU,day_ahead_price,value,2026-06-21T20:22:25Z
2026-06-21T20:21:09Z,2026-06-21T22:21:09+0200,4c728934-15fc-48ae-9cbd-ac5715da9ca9,2026-06-07T11:45:00Z,2026-06-07T13:45:00+0200,-50.25,EUR/MWh,DE,DE_LU,day_ahead_price,value,2026-06-21T20:22:25Z
2026-06-21T20:21:09Z,2026-06-21T22:21:09+0200,4c728934-15fc-48ae-9cbd-ac5715da9ca9,2026-06-07T12:00:00Z,2026-06-07T14:00:00+0200,-44.03,EUR/MWh,DE,DE_LU,day_ahead_price,value,2026-06-21T20:22:25Z
2026-06-21T20:21:09Z,2026-06-21T22:21:09+0200,4c728934-15fc-48ae-9cbd-ac5715da9ca9,2026-06-07T12:15:00Z,2026-06-07T14:15:00+0200,-45.43,EUR/MWh,DE,DE_LU,day_ahead_price,value,2026-06-21T20:22:25Z
2026-06-21T20:21:09Z,2026-06-21T22:21:09+0200,4c728934-15fc-48ae-9cbd-ac5715da9ca9,2026-06-07T12:30:00Z,2026-06-07T14:30:00+0200,-44.45,EUR/MWh,DE,DE_LU,day_ahead_price,value,2026-06-21T20:22:25Z
2026-06-21T20:21:09Z,2026-06-21T22:21:09+0200,4c728934-15fc-48ae-9cbd-ac5715da9ca9,2026-06-07T12:45:00Z,2026-06-07T14:45:00+0200,-45.04,EUR/MWh,DE,DE_LU,day_ahead_price,value,2026-06-21T20:22:25Z
2026-06-21T20:21:09Z,2026-06-21T22:21:09+0200,4c728934-15fc-48ae-9cbd-ac5715da9ca9,2026-06-07T13:00:00Z,2026-06-07T15:00:00+0200,-50.07,EUR/MWh,DE,DE_LU,day_ahead_price,value,2026-06-21T20:22:25Z
2026-06-21T20:21:09Z,2026-06-21T22:21:09+0200,4c728934-15fc-48ae-9cbd-ac5715da9ca9,2026-06-07T13:15:00Z,2026-06-07T15:15:00+0200,-40.16,EUR/MWh,DE,DE_LU,day_ahead_price,value,2026-06-21T20:22:25Z
2026-06-21T20:21:09Z,2026-06-21T22:21:09+0200,4c728934-15fc-48ae-9cbd-ac5715da9ca9,2026-06-07T13:30:00Z,2026-06-07T15:30:00+0200,-31.78,EUR/MWh,DE,DE_LU,day_ahead_price,value,2026-06-21T20:22:25Z
2026-06-21T20:21:09Z,2026-06-21T22:21:09+0200,4c728934-15fc-48ae-9cbd-ac5715da9ca9,2026-06-07T13:45:00Z,2026-06-07T15:45:00+0200,-23.87,EUR/MWh,DE,DE_LU,day_ahead_price,value,2026-06-21T20:22:25Z
2026-06-21T20:21:09Z,2026-06-21T22:21:09+0200,4c728934-15fc-48ae-9cbd-ac5715da9ca9,2026-06-07T14:00:00Z,2026-06-07T16:00:00+0200,-28.06,EUR/MWh,DE,DE_LU,day_ahead_price,value,2026-06-21T20:22:25Z
2026-06-21T20:21:09Z,2026-06-21T22:21:09+0200,4c728934-15fc-48ae-9cbd-ac5715da9ca9,2026-06-07T14:15:00Z,2026-06-07T16:15:00+0200,-17.95,EUR/MWh,DE,DE_LU,day_ahead_price,value,2026-06-21T20:22:25Z
2026-06-21T20:21:09Z,2026-06-21T22:21:09+0200,4c728934-15fc-48ae-9cbd-ac5715da9ca9,2026-06-07T14:30:00Z,2026-06-07T16:30:00+0200,-12.79,EUR/MWh,DE,DE_LU,day_ahead_price,value,2026-06-21T20:22:25Z
2026-06-21T20:21:09Z,2026-06-21T22:21:09+0200,4c728934-15fc-48ae-9cbd-ac5715da9ca9,2026-06-07T14:45:00Z,2026-06-07T16:45:00+0200,-5.04,EUR/MWh,DE,DE_LU,day_ahead_price,value,2026-06-21T20:22:25Z
2026-06-21T20:21:09Z,2026-06-21T22:21:09+0200,4c728934-15fc-48ae-9cbd-ac5715da9ca9,2026-06-07T15:00:00Z,2026-06-07T17:00:00+0200,-3.42,EUR/MWh,DE,DE_LU,day_ahead_price,value,2026-06-21T20:22:25Z
2026-06-21T20:21:09Z,2026-06-21T22:21:09+0200,4c728934-15fc-48ae-9cbd-ac5715da9ca9,2026-06-07T15:15:00Z,2026-06-07T17:15:00+0200,-1.0,EUR/MWh,DE,DE_LU,day_ahead_price,value,2026-06-21T20:22:25Z
2026-06-21T20:21:09Z,2026-06-21T22:21:09+0200,4c728934-15fc-48ae-9cbd-ac5715da9ca9,2026-06-07T15:30:00Z,2026-06-07T17:30:00+0200,-0.11,EUR/MWh,DE,DE_LU,day_ahead_price,value,2026-06-21T20:22:25Z
2026-06-21T20:21:09Z,2026-06-21T22:21:09+0200,4c728934-15fc-48ae-9cbd-ac5715da9ca9,2026-06-07T15:45:00Z,2026-06-07T17:45:00+0200,-0.01,EUR/MWh,DE,DE_LU,day_ahead_price,value,2026-06-21T20:22:25Z
2026-06-21T20:21:09Z,2026-06-21T22:21:09+0200,4c728934-15fc-48ae-9cbd-ac5715da9ca9,2026-06-07T16:00:00Z,2026-06-07T18:00:00+0200,0.05,EUR/MWh,DE,DE_LU,day_ahead_price,value,2026-06-21T20:22:25Z
2026-06-21T20:21:09Z,2026-06-21T22:21:09+0200,4c728934-15fc-48ae-9cbd-ac5715da9ca9,2026-06-07T16:15:00Z,2026-06-07T18:15:00+0200,21.29,EUR/MWh,DE,DE_LU,day_ahead_price,value,2026-06-21T20:22:25Z
2026-06-21T20:21:09Z,2026-06-21T22:21:09+0200,4c728934-15fc-48ae-9cbd-ac5715da9ca9,2026-06-07T16:30:00Z,2026-06-07T18:30:00+0200,77.19,EUR/MWh,DE,DE_LU,day_ahead_price,value,2026-06-21T20:22:25Z
2026-06-21T20:21:09Z,2026-06-21T22:21:09+0200,4c728934-15fc-48ae-9cbd-ac5715da9ca9,2026-06-07T16:45:00Z,2026-06-07T18:45:00+0200,115.97,EUR/MWh,DE,DE_LU,day_ahead_price,value,2026-06-21T20:22:25Z
2026-06-21T20:21:09Z,2026-06-21T22:21:09+0200,4c728934-15fc-48ae-9cbd-ac5715da9ca9,2026-06-07T17:00:00Z,2026-06-07T19:00:00+0200,78.62,EUR/MWh,DE,DE_LU,day_ahead_price,value,2026-06-21T20:22:25Z
2026-06-21T20:21:09Z,2026-06-21T22:21:09+0200,4c728934-15fc-48ae-9cbd-ac5715da9ca9,2026-06-07T17:15:00Z,2026-06-07T19:15:00+0200,107.43,EUR/MWh,DE,DE_LU,day_ahead_price,value,2026-06-21T20:22:25Z
2026-06-21T20:21:09Z,2026-06-21T22:21:09+0200,4c728934-15fc-48ae-9cbd-ac5715da9ca9,2026-06-07T17:30:00Z,2026-06-07T19:30:00+0200,120.23,EUR/MWh,DE,DE_LU,day_ahead_price,value,2026-06-21T20:22:25Z
2026-06-21T20:21:09Z,2026-06-21T22:21:09+0200,4c728934-15fc-48ae-9cbd-ac5715da9ca9,2026-06-07T17:45:00Z,2026-06-07T19:45:00+0200,125.73,EUR/MWh,DE,DE_LU,day_ahead_price,value,2026-06-21T20:22:25Z
2026-06-21T20:21:09Z,2026-06-21T22:21:09+0200,4c728934-15fc-48ae-9cbd-ac5715da9ca9,2026-06-07T18:00:00Z,2026-06-07T20:00:00+0200,123.11,EUR/MWh,DE,DE_LU,day_ahead_price,value,2026-06-21T20:22:25Z
2026-06-21T20:21:09Z,2026-06-21T22:21:09+0200,4c728934-15fc-48ae-9cbd-ac5715da9ca9,2026-06-07T18:15:00Z,2026-06-07T20:15:00+0200,125.62,EUR/MWh,DE,DE_LU,day_ahead_price,value,2026-06-21T20:22:25Z
2026-06-21T20:21:09Z,2026-06-21T22:21:09+0200,4c728934-15fc-48ae-9cbd-ac5715da9ca9,2026-06-07T18:30:00Z,2026-06-07T20:30:00+0200,129.28,EUR/MWh,DE,DE_LU,day_ahead_price,value,2026-06-21T20:22:25Z
2026-06-21T20:21:09Z,2026-06-21T22:21:09+0200,4c728934-15fc-48ae-9cbd-ac5715da9ca9,2026-06-07T18:45:00Z,2026-06-07T20:45:00+0200,135.06,EUR/MWh,DE,DE_LU,day_ahead_price,value,2026-06-21T20:22:25Z
2026-06-21T20:21:09Z,2026-06-21T22:21:09+0200,4c728934-15fc-48ae-9cbd-ac5715da9ca9,2026-06-07T19:00:00Z,2026-06-07T21:00:00+0200,133.35,EUR/MWh,DE,DE_LU,day_ahead_price,value,2026-06-21T20:22:25Z
2026-06-21T20:21:09Z,2026-06-21T22:21:09+0200,4c728934-15fc-48ae-9cbd-ac5715da9ca9,2026-06-07T19:15:00Z,2026-06-07T21:15:00+0200,134.88,EUR/MWh,DE,DE_LU,day_ahead_price,value,2026-06-21T20:22:25Z
2026-06-21T20:21:09Z,2026-06-21T22:21:09+0200,4c728934-15fc-48ae-9cbd-ac5715da9ca9,2026-06-07T19:30:00Z,2026-06-07T21:30:00+0200,139.38,EUR/MWh,DE,DE_LU,day_ahead_price,value,2026-06-21T20:22:25Z
2026-06-21T20:21:09Z,2026-06-21T22:21:09+0200,4c728934-15fc-48ae-9cbd-ac5715da9ca9,2026-06-07T19:45:00Z,2026-06-07T21:45:00+0200,140.94,EUR/MWh,DE,DE_LU,day_ahead_price,value,2026-06-21T20:22:25Z
2026-06-21T20:21:09Z,2026-06-21T22:21:09+0200,4c728934-15fc-48ae-9cbd-ac5715da9ca9,2026-06-07T20:00:00Z,2026-06-07T22:00:00+0200,146.12,EUR/MWh,DE,DE_LU,day_ahead_price,value,2026-06-21T20:22:25Z
2026-06-21T20:21:09Z,2026-06-21T22:21:09+0200,4c728934-15fc-48ae-9cbd-ac5715da9ca9,2026-06-07T20:15:00Z,2026-06-07T22:15:00+0200,143.25,EUR/MWh,DE,DE_LU,day_ahead_price,value,2026-06-21T20:22:25Z
2026-06-21T20:21:09Z,2026-06-21T22:21:09+0200,4c728934-15fc-48ae-9cbd-ac5715da9ca9,2026-06-07T20:30:00Z,2026-06-07T22:30:00+0200,138.78,EUR/MWh,DE,DE_LU,day_ahead_price,value,2026-06-21T20:22:25Z
2026-06-21T20:21:09Z,2026-06-21T22:21:09+0200,4c728934-15fc-48ae-9cbd-ac5715da9ca9,2026-06-07T20:45:00Z,2026-06-07T22:45:00+0200,136.6,EUR/MWh,DE,DE_LU,day_ahead_price,value,2026-06-21T20:22:25Z
2026-06-21T20:21:09Z,2026-06-21T22:21:09+0200,4c728934-15fc-48ae-9cbd-ac5715da9ca9,2026-06-07T21:00:00Z,2026-06-07T23:00:00+0200,148.73,EUR/MWh,DE,DE_LU,day_ahead_price,value,2026-06-21T20:22:25Z
2026-06-21T20:21:09Z,2026-06-21T22:21:09+0200,4c728934-15fc-48ae-9cbd-ac5715da9ca9,2026-06-07T21:15:00Z,2026-06-07T23:15:00+0200,137.92,EUR/MWh,DE,DE_LU,day_ahead_price,value,2026-06-21T20:22:25Z
2026-06-21T20:21:09Z,2026-06-21T22:21:09+0200,4c728934-15fc-48ae-9cbd-ac5715da9ca9,2026-06-07T21:30:00Z,2026-06-07T23:30:00+0200,135.47,EUR/MWh,DE,DE_LU,day_ahead_price,value,2026-06-21T20:22:25Z
2026-06-21T20:21:09Z,2026-06-21T22:21:09+0200,4c728934-15fc-48ae-9cbd-ac5715da9ca9,2026-06-07T21:45:00Z,2026-06-07T23:45:00+0200,139.25,EUR/MWh,DE,DE_LU,day_ahead_price,value,2026-06-21T20:22:25Z
2026-06-21T20:21:09Z,2026-06-21T22:21:09+0200,4c728934-15fc-48ae-9cbd-ac5715da9ca9,2026-06-07T22:00:00Z,2026-06-08T00:00:00+0200,152.12,EUR/MWh,DE,DE_LU,day_ahead_price,value,2026-06-21T20:22:25Z
2026-06-21T20:21:09Z,2026-06-21T22:21:09+0200,4c728934-15fc-48ae-9cbd-ac5715da9ca9,2026-06-07T22:15:00Z,2026-06-08T00:15:00+0200,139.2,EUR/MWh,DE,DE_LU,day_ahead_price,value,2026-06-21T20:22:25Z
2026-06-21T20:21:09Z,2026-06-21T22:21:09+0200,4c728934-15fc-48ae-9cbd-ac5715da9ca9,2026-06-07T22:30:00Z,2026-06-08T00:30:00+0200,136.32,EUR/MWh,DE,DE_LU,day_ahead_price,value,2026-06-21T20:22:25Z
2026-06-21T20:21:09Z,2026-06-21T22:21:09+0200,4c728934-15fc-48ae-9cbd-ac5715da9ca9,2026-06-07T22:45:00Z,2026-06-08T00:45:00+0200,134.08,EUR/MWh,DE,DE_LU,day_ahead_price,value,2026-06-21T20:22:25Z
2026-06-21T20:21:09Z,2026-06-21T22:21:09+0200,4c728934-15fc-48ae-9cbd-ac5715da9ca9,2026-06-07T23:00:00Z,2026-06-08T01:00:00+0200,140.09,EUR/MWh,DE,DE_LU,day_ahead_price,value,2026-06-21T20:22:25Z
2026-06-21T20:21:09Z,2026-06-21T22:21:09+0200,4c728934-15fc-48ae-9cbd-ac5715da9ca9,2026-06-07T23:15:00Z,2026-06-08T01:15:00+0200,134.23,EUR/MWh,DE,DE_LU,day_ahead_price,value,2026-06-21T20:22:25Z
2026-06-21T20:21:09Z,2026-06-21T22:21:09+0200,4c728934-15fc-48ae-9cbd-ac5715da9ca9,2026-06-07T23:30:00Z,2026-06-08T01:30:00+0200,132.69,EUR/MWh,DE,DE_LU,day_ahead_price,value,2026-06-21T20:22:25Z
2026-06-21T20:21:09Z,2026-06-21T22:21:09+0200,4c728934-15fc-48ae-9cbd-ac5715da9ca9,2026-06-07T23:45:00Z,2026-06-08T01:45:00+0200,129.94,EUR/MWh,DE,DE_LU,day_ahead_price,value,2026-06-21T20:22:25Z
2026-06-21T20:21:09Z,2026-06-21T22:21:09+0200,4c728934-15fc-48ae-9cbd-ac5715da9ca9,2026-06-08T00:00:00Z,2026-06-08T02:00:00+0200,134.52,EUR/MWh,DE,DE_LU,day_ahead_price,value,2026-06-21T20:22:25Z
2026-06-21T20:21:09Z,2026-06-21T22:21:09+0200,4c728934-15fc-48ae-9cbd-ac5715da9ca9,2026-06-08T00:15:00Z,2026-06-08T02:15:00+0200,131.97,EUR/MWh,DE,DE_LU,day_ahead_price,value,2026-06-21T20:22:25Z
2026-06-21T20:21:09Z,2026-06-21T22:21:09+0200,4c728934-15fc-48ae-9cbd-ac5715da9ca9,2026-06-08T00:30:00Z,2026-06-08T02:30:00+0200,131.93,EUR/MWh,DE,DE_LU,day_ahead_price,value,2026-06-21T20:22:25Z
2026-06-21T20:21:09Z,2026-06-21T22:21:09+0200,4c728934-15fc-48ae-9cbd-ac5715da9ca9,2026-06-08T00:45:00Z,2026-06-08T02:45:00+0200,132.42,EUR/MWh,DE,DE_LU,day_ahead_price,value,2026-06-21T20:22:25Z
2026-06-21T20:21:09Z,2026-06-21T22:21:09+0200,4c728934-15fc-48ae-9cbd-ac5715da9ca9,2026-06-08T01:00:00Z,2026-06-08T03:00:00+0200,128.87,EUR/MWh,DE,DE_LU,day_ahead_price,value,2026-06-21T20:22:25Z
2026-06-21T20:21:09Z,2026-06-21T22:21:09+0200,4c728934-15fc-48ae-9cbd-ac5715da9ca9,2026-06-08T01:15:00Z,2026-06-08T03:15:00+0200,127.73,EUR/MWh,DE,DE_LU,day_ahead_price,value,2026-06-21T20:22:25Z
2026-06-21T20:21:09Z,2026-06-21T22:21:09+0200,4c728934-15fc-48ae-9cbd-ac5715da9ca9,2026-06-08T01:30:00Z,2026-06-08T03:30:00+0200,126.34,EUR/MWh,DE,DE_LU,day_ahead_price,value,2026-06-21T20:22:25Z
2026-06-21T20:21:09Z,2026-06-21T22:21:09+0200,4c728934-15fc-48ae-9cbd-ac5715da9ca9,2026-06-08T01:45:00Z,2026-06-08T03:45:00+0200,127.74,EUR/MWh,DE,DE_LU,day_ahead_price,value,2026-06-21T20:22:25Z
2026-06-21T20:21:09Z,2026-06-21T22:21:09+0200,4c728934-15fc-48ae-9cbd-ac5715da9ca9,2026-06-08T02:00:00Z,2026-06-08T04:00:00+0200,129.23,EUR/MWh,DE,DE_LU,day_ahead_price,value,2026-06-21T20:22:25Z
2026-06-21T20:21:09Z,2026-06-21T22:21:09+0200,4c728934-15fc-48ae-9cbd-ac5715da9ca9,2026-06-08T02:15:00Z,2026-06-08T04:15:00+0200,129.0,EUR/MWh,DE,DE_LU,day_ahead_price,value,2026-06-21T20:22:25Z
2026-06-21T20:21:09Z,2026-06-21T22:21:09+0200,4c728934-15fc-48ae-9cbd-ac5715da9ca9,2026-06-08T02:30:00Z,2026-06-08T04:30:00+0200,129.0,EUR/MWh,DE,DE_LU,day_ahead_price,value,2026-06-21T20:22:25Z
2026-06-21T20:21:09Z,2026-06-21T22:21:09+0200,4c728934-15fc-48ae-9cbd-ac5715da9ca9,2026-06-08T02:45:00Z,2026-06-08T04:45:00+0200,133.47,EUR/MWh,DE,DE_LU,day_ahead_price,value,2026-06-21T20:22:25Z
2026-06-21T20:21:09Z,2026-06-21T22:21:09+0200,4c728934-15fc-48ae-9cbd-ac5715da9ca9,2026-06-08T03:00:00Z,2026-06-08T05:00:00+0200,131.9,EUR/MWh,DE,DE_LU,day_ahead_price,value,2026-06-21T20:22:25Z
2026-06-21T20:21:09Z,2026-06-21T22:21:09+0200,4c728934-15fc-48ae-9cbd-ac5715da9ca9,2026-06-08T03:15:00Z,2026-06-08T05:15:00+0200,133.49,EUR/MWh,DE,DE_LU,day_ahead_price,value,2026-06-21T20:22:25Z
2026-06-21T20:21:09Z,2026-06-21T22:21:09+0200,4c728934-15fc-48ae-9cbd-ac5715da9ca9,2026-06-08T03:30:00Z,2026-06-08T05:30:00+0200,141.09,EUR/MWh,DE,DE_LU,day_ahead_price,value,2026-06-21T20:22:25Z
2026-06-21T20:21:09Z,2026-06-21T22:21:09+0200,4c728934-15fc-48ae-9cbd-ac5715da9ca9,2026-06-08T03:45:00Z,2026-06-08T05:45:00+0200,147.77,EUR/MWh,DE,DE_LU,day_ahead_price,value,2026-06-21T20:22:25Z
2026-06-21T20:21:09Z,2026-06-21T22:21:09+0200,4c728934-15fc-48ae-9cbd-ac5715da9ca9,2026-06-08T04:00:00Z,2026-06-08T06:00:00+0200,152.24,EUR/MWh,DE,DE_LU,day_ahead_price,value,2026-06-21T20:22:25Z
2026-06-21T20:21:09Z,2026-06-21T22:21:09+0200,4c728934-15fc-48ae-9cbd-ac5715da9ca9,2026-06-08T04:15:00Z,2026-06-08T06:15:00+0200,153.8,EUR/MWh,DE,DE_LU,day_ahead_price,value,2026-06-21T20:22:25Z
2026-06-21T20:21:09Z,2026-06-21T22:21:09+0200,4c728934-15fc-48ae-9cbd-ac5715da9ca9,2026-06-08T04:30:00Z,2026-06-08T06:30:00+0200,152.07,EUR/MWh,DE,DE_LU,day_ahead_price,value,2026-06-21T20:22:25Z
2026-06-21T20:21:09Z,2026-06-21T22:21:09+0200,4c728934-15fc-48ae-9cbd-ac5715da9ca9,2026-06-08T04:45:00Z,2026-06-08T06:45:00+0200,144.59,EUR/MWh,DE,DE_LU,day_ahead_price,value,2026-06-21T20:22:25Z
2026-06-21T20:21:09Z,2026-06-21T22:21:09+0200,4c728934-15fc-48ae-9cbd-ac5715da9ca9,2026-06-08T05:00:00Z,2026-06-08T07:00:00+0200,165.74,EUR/MWh,DE,DE_LU,day_ahead_price,value,2026-06-21T20:22:25Z
2026-06-21T20:21:09Z,2026-06-21T22:21:09+0200,4c728934-15fc-48ae-9cbd-ac5715da9ca9,2026-06-08T05:15:00Z,2026-06-08T07:15:00+0200,147.88,EUR/MWh,DE,DE_LU,day_ahead_price,value,2026-06-21T20:22:25Z
2026-06-21T20:21:09Z,2026-06-21T22:21:09+0200,4c728934-15fc-48ae-9cbd-ac5715da9ca9,2026-06-08T05:30:00Z,2026-06-08T07:30:00+0200,140.5,EUR/MWh,DE,DE_LU,day_ahead_price,value,2026-06-21T20:22:25Z
2026-06-21T20:21:09Z,2026-06-21T22:21:09+0200,4c728934-15fc-48ae-9cbd-ac5715da9ca9,2026-06-08T05:45:00Z,2026-06-08T07:45:00+0200,128.58,EUR/MWh,DE,DE_LU,day_ahead_price,value,2026-06-21T20:22:25Z
2026-06-21T20:21:09Z,2026-06-21T22:21:09+0200,4c728934-15fc-48ae-9cbd-ac5715da9ca9,2026-06-08T06:00:00Z,2026-06-08T08:00:00+0200,144.92,EUR/MWh,DE,DE_LU,day_ahead_price,value,2026-06-21T20:22:25Z
2026-06-21T20:21:09Z,2026-06-21T22:21:09+0200,4c728934-15fc-48ae-9cbd-ac5715da9ca9,2026-06-08T06:15:00Z,2026-06-08T08:15:00+0200,130.06,EUR/MWh,DE,DE_LU,day_ahead_price,value,2026-06-21T20:22:25Z
2026-06-21T20:21:09Z,2026-06-21T22:21:09+0200,4c728934-15fc-48ae-9cbd-ac5715da9ca9,2026-06-08T06:30:00Z,2026-06-08T08:30:00+0200,119.11,EUR/MWh,DE,DE_LU,day_ahead_price,value,2026-06-21T20:22:25Z
2026-06-21T20:21:09Z,2026-06-21T22:21:09+0200,4c728934-15fc-48ae-9cbd-ac5715da9ca9,2026-06-08T06:45:00Z,2026-06-08T08:45:00+0200,105.41,EUR/MWh,DE,DE_LU,day_ahead_price,value,2026-06-21T20:22:25Z
2026-06-21T20:21:09Z,2026-06-21T22:21:09+0200,4c728934-15fc-48ae-9cbd-ac5715da9ca9,2026-06-08T07:00:00Z,2026-06-08T09:00:00+0200,117.05,EUR/MWh,DE,DE_LU,day_ahead_price,value,2026-06-21T20:22:25Z
2026-06-21T20:21:09Z,2026-06-21T22:21:09+0200,4c728934-15fc-48ae-9cbd-ac5715da9ca9,2026-06-08T07:15:00Z,2026-06-08T09:15:00+0200,106.56,EUR/MWh,DE,DE_LU,day_ahead_price,value,2026-06-21T20:22:25Z
2026-06-21T20:21:09Z,2026-06-21T22:21:09+0200,4c728934-15fc-48ae-9cbd-ac5715da9ca9,2026-06-08T07:30:00Z,2026-06-08T09:30:00+0200,97.93,EUR/MWh,DE,DE_LU,day_ahead_price,value,2026-06-21T20:22:25Z
2026-06-21T20:21:09Z,2026-06-21T22:21:09+0200,4c728934-15fc-48ae-9cbd-ac5715da9ca9,2026-06-08T07:45:00Z,2026-06-08T09:45:00+0200,82.07,EUR/MWh,DE,DE_LU,day_ahead_price,value,2026-06-21T20:22:25Z
2026-06-21T20:21:09Z,2026-06-21T22:21:09+0200,4c728934-15fc-48ae-9cbd-ac5715da9ca9,2026-06-08T08:00:00Z,2026-06-08T10:00:00+0200,95.08,EUR/MWh,DE,DE_LU,day_ahead_price,value,2026-06-21T20:22:25Z
2026-06-21T20:21:09Z,2026-06-21T22:21:09+0200,4c728934-15fc-48ae-9cbd-ac5715da9ca9,2026-06-08T08:15:00Z,2026-06-08T10:15:00+0200,82.99,EUR/MWh,DE,DE_LU,day_ahead_price,value,2026-06-21T20:22:25Z
2026-06-21T20:21:09Z,2026-06-21T22:21:09+0200,4c728934-15fc-48ae-9cbd-ac5715da9ca9,2026-06-08T08:30:00Z,2026-06-08T10:30:00+0200,69.55,EUR/MWh,DE,DE_LU,day_ahead_price,value,2026-06-21T20:22:25Z
2026-06-21T20:21:09Z,2026-06-21T22:21:09+0200,4c728934-15fc-48ae-9cbd-ac5715da9ca9,2026-06-08T08:45:00Z,2026-06-08T10:45:00+0200,56.04,EUR/MWh,DE,DE_LU,day_ahead_price,value,2026-06-21T20:22:25Z
2026-06-21T20:21:09Z,2026-06-21T22:21:09+0200,4c728934-15fc-48ae-9cbd-ac5715da9ca9,2026-06-08T09:00:00Z,2026-06-08T11:00:00+0200,68.38,EUR/MWh,DE,DE_LU,day_ahead_price,value,2026-06-21T20:22:25Z
2026-06-21T20:21:09Z,2026-06-21T22:21:09+0200,4c728934-15fc-48ae-9cbd-ac5715da9ca9,2026-06-08T09:15:00Z,2026-06-08T11:15:00+0200,60.43,EUR/MWh,DE,DE_LU,day_ahead_price,value,2026-06-21T20:22:25Z
2026-06-21T20:21:09Z,2026-06-21T22:21:09+0200,4c728934-15fc-48ae-9cbd-ac5715da9ca9,2026-06-08T09:30:00Z,2026-06-08T11:30:00+0200,50.06,EUR/MWh,DE,DE_LU,day_ahead_price,value,2026-06-21T20:22:25Z
2026-06-21T20:21:09Z,2026-06-21T22:21:09+0200,4c728934-15fc-48ae-9cbd-ac5715da9ca9,2026-06-08T09:45:00Z,2026-06-08T11:45:00+0200,43.7,EUR/MWh,DE,DE_LU,day_ahead_price,value,2026-06-21T20:22:25Z
2026-06-21T20:21:09Z,2026-06-21T22:21:09+0200,4c728934-15fc-48ae-9cbd-ac5715da9ca9,2026-06-08T10:00:00Z,2026-06-08T12:00:00+0200,59.69,EUR/MWh,DE,DE_LU,day_ahead_price,value,2026-06-21T20:22:25Z
2026-06-21T20:21:09Z,2026-06-21T22:21:09+0200,4c728934-15fc-48ae-9cbd-ac5715da9ca9,2026-06-08T10:15:00Z,2026-06-08T12:15:00+0200,54.85,EUR/MWh,DE,DE_LU,day_ahead_price,value,2026-06-21T20:22:25Z
2026-06-21T20:21:09Z,2026-06-21T22:21:09+0200,4c728934-15fc-48ae-9cbd-ac5715da9ca9,2026-06-08T10:30:00Z,2026-06-08T12:30:00+0200,52.22,EUR/MWh,DE,DE_LU,day_ahead_price,value,2026-06-21T20:22:25Z
2026-06-21T20:21:09Z,2026-06-21T22:21:09+0200,4c728934-15fc-48ae-9cbd-ac5715da9ca9,2026-06-08T10:45:00Z,2026-06-08T12:45:00+0200,51.17,EUR/MWh,DE,DE_LU,day_ahead_price,value,2026-06-21T20:22:25Z
2026-06-21T20:21:09Z,2026-06-21T22:21:09+0200,4c728934-15fc-48ae-9cbd-ac5715da9ca9,2026-06-08T11:00:00Z,2026-06-08T13:00:00+0200,55.1,EUR/MWh,DE,DE_LU,day_ahead_price,value,2026-06-21T20:22:25Z
2026-06-21T20:21:09Z,2026-06-21T22:21:09+0200,4c728934-15fc-48ae-9cbd-ac5715da9ca9,2026-06-08T11:15:00Z,2026-06-08T13:15:00+0200,54.67,EUR/MWh,DE,DE_LU,day_ahead_price,value,2026-06-21T20:22:25Z
2026-06-21T20:21:09Z,2026-06-21T22:21:09+0200,4c728934-15fc-48ae-9cbd-ac5715da9ca9,2026-06-08T11:30:00Z,2026-06-08T13:30:00+0200,54.84,EUR/MWh,DE,DE_LU,day_ahead_price,value,2026-06-21T20:22:25Z
2026-06-21T20:21:09Z,2026-06-21T22:21:09+0200,4c728934-15fc-48ae-9cbd-ac5715da9ca9,2026-06-08T11:45:00Z,2026-06-08T13:45:00+0200,56.26,EUR/MWh,DE,DE_LU,day_ahead_price,value,2026-06-21T20:22:25Z
2026-06-21T20:21:09Z,2026-06-21T22:21:09+0200,4c728934-15fc-48ae-9cbd-ac5715da9ca9,2026-06-08T12:00:00Z,2026-06-08T14:00:00+0200,52.17,EUR/MWh,DE,DE_LU,day_ahead_price,value,2026-06-21T20:22:25Z
2026-06-21T20:21:09Z,2026-06-21T22:21:09+0200,4c728934-15fc-48ae-9cbd-ac5715da9ca9,2026-06-08T12:15:00Z,2026-06-08T14:15:00+0200,62.51,EUR/MWh,DE,DE_LU,day_ahead_price,value,2026-06-21T20:22:25Z
2026-06-21T20:21:09Z,2026-06-21T22:21:09+0200,4c728934-15fc-48ae-9cbd-ac5715da9ca9,2026-06-08T12:30:00Z,2026-06-08T14:30:00+0200,77.46,EUR/MWh,DE,DE_LU,day_ahead_price,value,2026-06-21T20:22:25Z
2026-06-21T20:21:09Z,2026-06-21T22:21:09+0200,4c728934-15fc-48ae-9cbd-ac5715da9ca9,2026-06-08T12:45:00Z,2026-06-08T14:45:00+0200,82.54,EUR/MWh,DE,DE_LU,day_ahead_price,value,2026-06-21T20:22:25Z
2026-06-21T20:21:09Z,2026-06-21T22:21:09+0200,4c728934-15fc-48ae-9cbd-ac5715da9ca9,2026-06-08T13:00:00Z,2026-06-08T15:00:00+0200,75.29,EUR/MWh,DE,DE_LU,day_ahead_price,value,2026-06-21T20:22:25Z
2026-06-21T20:21:09Z,2026-06-21T22:21:09+0200,4c728934-15fc-48ae-9cbd-ac5715da9ca9,2026-06-08T13:15:00Z,2026-06-08T15:15:00+0200,81.81,EUR/MWh,DE,DE_LU,day_ahead_price,value,2026-06-21T20:22:25Z
2026-06-21T20:21:09Z,2026-06-21T22:21:09+0200,4c728934-15fc-48ae-9cbd-ac5715da9ca9,2026-06-08T13:30:00Z,2026-06-08T15:30:00+0200,91.3,EUR/MWh,DE,DE_LU,day_ahead_price,value,2026-06-21T20:22:25Z
2026-06-21T20:21:09Z,2026-06-21T22:21:09+0200,4c728934-15fc-48ae-9cbd-ac5715da9ca9,2026-06-08T13:45:00Z,2026-06-08T15:45:00+0200,107.01,EUR/MWh,DE,DE_LU,day_ahead_price,value,2026-06-21T20:22:25Z
2026-06-21T20:21:09Z,2026-06-21T22:21:09+0200,4c728934-15fc-48ae-9cbd-ac5715da9ca9,2026-06-08T14:00:00Z,2026-06-08T16:00:00+0200,86.11,EUR/MWh,DE,DE_LU,day_ahead_price,value,2026-06-21T20:22:25Z
2026-06-21T20:21:09Z,2026-06-21T22:21:09+0200,4c728934-15fc-48ae-9cbd-ac5715da9ca9,2026-06-08T14:15:00Z,2026-06-08T16:15:00+0200,98.68,EUR/MWh,DE,DE_LU,day_ahead_price,value,2026-06-21T20:22:25Z
2026-06-21T20:21:09Z,2026-06-21T22:21:09+0200,4c728934-15fc-48ae-9cbd-ac5715da9ca9,2026-06-08T14:30:00Z,2026-06-08T16:30:00+0200,107.51,EUR/MWh,DE,DE_LU,day_ahead_price,value,2026-06-21T20:22:25Z
2026-06-21T20:21:09Z,2026-06-21T22:21:09+0200,4c728934-15fc-48ae-9cbd-ac5715da9ca9,2026-06-08T14:45:00Z,2026-06-08T16:45:00+0200,118.02,EUR/MWh,DE,DE_LU,day_ahead_price,value,2026-06-21T20:22:25Z
2026-06-21T20:21:09Z,2026-06-21T22:21:09+0200,4c728934-15fc-48ae-9cbd-ac5715da9ca9,2026-06-08T15:00:00Z,2026-06-08T17:00:00+0200,109.67,EUR/MWh,DE,DE_LU,day_ahead_price,value,2026-06-21T20:22:25Z
2026-06-21T20:21:09Z,2026-06-21T22:21:09+0200,4c728934-15fc-48ae-9cbd-ac5715da9ca9,2026-06-08T15:15:00Z,2026-06-08T17:15:00+0200,119.72,EUR/MWh,DE,DE_LU,day_ahead_price,value,2026-06-21T20:22:25Z
2026-06-21T20:21:09Z,2026-06-21T22:21:09+0200,4c728934-15fc-48ae-9cbd-ac5715da9ca9,2026-06-08T15:30:00Z,2026-06-08T17:30:00+0200,131.9,EUR/MWh,DE,DE_LU,day_ahead_price,value,2026-06-21T20:22:25Z
2026-06-21T20:21:09Z,2026-06-21T22:21:09+0200,4c728934-15fc-48ae-9cbd-ac5715da9ca9,2026-06-08T15:45:00Z,2026-06-08T17:45:00+0200,154.21,EUR/MWh,DE,DE_LU,day_ahead_price,value,2026-06-21T20:22:25Z
2026-06-21T20:21:09Z,2026-06-21T22:21:09+0200,4c728934-15fc-48ae-9cbd-ac5715da9ca9,2026-06-08T16:00:00Z,2026-06-08T18:00:00+0200,129.18,EUR/MWh,DE,DE_LU,day_ahead_price,value,2026-06-21T20:22:25Z
2026-06-21T20:21:09Z,2026-06-21T22:21:09+0200,4c728934-15fc-48ae-9cbd-ac5715da9ca9,2026-06-08T16:15:00Z,2026-06-08T18:15:00+0200,138.97,EUR/MWh,DE,DE_LU,day_ahead_price,value,2026-06-21T20:22:25Z
2026-06-21T20:21:09Z,2026-06-21T22:21:09+0200,4c728934-15fc-48ae-9cbd-ac5715da9ca9,2026-06-08T16:30:00Z,2026-06-08T18:30:00+0200,155.26,EUR/MWh,DE,DE_LU,day_ahead_price,value,2026-06-21T20:22:25Z
2026-06-21T20:21:09Z,2026-06-21T22:21:09+0200,4c728934-15fc-48ae-9cbd-ac5715da9ca9,2026-06-08T16:45:00Z,2026-06-08T18:45:00+0200,181.91,EUR/MWh,DE,DE_LU,day_ahead_price,value,2026-06-21T20:22:25Z
2026-06-21T20:21:09Z,2026-06-21T22:21:09+0200,4c728934-15fc-48ae-9cbd-ac5715da9ca9,2026-06-08T17:00:00Z,2026-06-08T19:00:00+0200,171.13,EUR/MWh,DE,DE_LU,day_ahead_price,value,2026-06-21T20:22:25Z
2026-06-21T20:21:09Z,2026-06-21T22:21:09+0200,4c728934-15fc-48ae-9cbd-ac5715da9ca9,2026-06-08T17:15:00Z,2026-06-08T19:15:00+0200,190.3,EUR/MWh,DE,DE_LU,day_ahead_price,value,2026-06-21T20:22:25Z
2026-06-21T20:21:09Z,2026-06-21T22:21:09+0200,4c728934-15fc-48ae-9cbd-ac5715da9ca9,2026-06-08T17:30:00Z,2026-06-08T19:30:00+0200,208.56,EUR/MWh,DE,DE_LU,day_ahead_price,value,2026-06-21T20:22:25Z
2026-06-21T20:21:09Z,2026-06-21T22:21:09+0200,4c728934-15fc-48ae-9cbd-ac5715da9ca9,2026-06-08T17:45:00Z,2026-06-08T19:45:00+0200,227.3,EUR/MWh,DE,DE_LU,day_ahead_price,value,2026-06-21T20:22:25Z
2026-06-21T20:21:09Z,2026-06-21T22:21:09+0200,4c728934-15fc-48ae-9cbd-ac5715da9ca9,2026-06-08T18:00:00Z,2026-06-08T20:00:00+0200,207.71,EUR/MWh,DE,DE_LU,day_ahead_price,value,2026-06-21T20:22:25Z
2026-06-21T20:21:09Z,2026-06-21T22:21:09+0200,4c728934-15fc-48ae-9cbd-ac5715da9ca9,2026-06-08T18:15:00Z,2026-06-08T20:15:00+0200,207.39,EUR/MWh,DE,DE_LU,day_ahead_price,value,2026-06-21T20:22:25Z
2026-06-21T20:21:09Z,2026-06-21T22:21:09+0200,4c728934-15fc-48ae-9cbd-ac5715da9ca9,2026-06-08T18:30:00Z,2026-06-08T20:30:00+0200,211.54,EUR/MWh,DE,DE_LU,day_ahead_price,value,2026-06-21T20:22:25Z
2026-06-21T20:21:09Z,2026-06-21T22:21:09+0200,4c728934-15fc-48ae-9cbd-ac5715da9ca9,2026-06-08T18:45:00Z,2026-06-08T20:45:00+0200,208.97,EUR/MWh,DE,DE_LU,day_ahead_price,value,2026-06-21T20:22:25Z
2026-06-21T20:21:09Z,2026-06-21T22:21:09+0200,4c728934-15fc-48ae-9cbd-ac5715da9ca9,2026-06-08T19:00:00Z,2026-06-08T21:00:00+0200,217.86,EUR/MWh,DE,DE_LU,day_ahead_price,value,2026-06-21T20:22:25Z
2026-06-21T20:21:09Z,2026-06-21T22:21:09+0200,4c728934-15fc-48ae-9cbd-ac5715da9ca9,2026-06-08T19:15:00Z,2026-06-08T21:15:00+0200,195.25,EUR/MWh,DE,DE_LU,day_ahead_price,value,2026-06-21T20:22:25Z
2026-06-21T20:21:09Z,2026-06-21T22:21:09+0200,4c728934-15fc-48ae-9cbd-ac5715da9ca9,2026-06-08T19:30:00Z,2026-06-08T21:30:00+0200,175.82,EUR/MWh,DE,DE_LU,day_ahead_price,value,2026-06-21T20:22:25Z
2026-06-21T20:21:09Z,2026-06-21T22:21:09+0200,4c728934-15fc-48ae-9cbd-ac5715da9ca9,2026-06-08T19:45:00Z,2026-06-08T21:45:00+0200,154.07,EUR/MWh,DE,DE_LU,day_ahead_price,value,2026-06-21T20:22:25Z
2026-06-21T20:21:09Z,2026-06-21T22:21:09+0200,4c728934-15fc-48ae-9cbd-ac5715da9ca9,2026-06-08T20:00:00Z,2026-06-08T22:00:00+0200,179.14,EUR/MWh,DE,DE_LU,day_ahead_price,value,2026-06-21T20:22:25Z
2026-06-21T20:21:09Z,2026-06-21T22:21:09+0200,4c728934-15fc-48ae-9cbd-ac5715da9ca9,2026-06-08T20:15:00Z,2026-06-08T22:15:00+0200,157.01,EUR/MWh,DE,DE_LU,day_ahead_price,value,2026-06-21T20:22:25Z
2026-06-21T20:21:09Z,2026-06-21T22:21:09+0200,4c728934-15fc-48ae-9cbd-ac5715da9ca9,2026-06-08T20:30:00Z,2026-06-08T22:30:00+0200,139.49,EUR/MWh,DE,DE_LU,day_ahead_price,value,2026-06-21T20:22:25Z
2026-06-21T20:21:09Z,2026-06-21T22:21:09+0200,4c728934-15fc-48ae-9cbd-ac5715da9ca9,2026-06-08T20:45:00Z,2026-06-08T22:45:00+0200,133.83,EUR/MWh,DE,DE_LU,day_ahead_price,value,2026-06-21T20:22:25Z
2026-06-21T20:21:09Z,2026-06-21T22:21:09+0200,4c728934-15fc-48ae-9cbd-ac5715da9ca9,2026-06-08T21:00:00Z,2026-06-08T23:00:00+0200,136.51,EUR/MWh,DE,DE_LU,day_ahead_price,value,2026-06-21T20:22:25Z
2026-06-21T20:21:09Z,2026-06-21T22:21:09+0200,4c728934-15fc-48ae-9cbd-ac5715da9ca9,2026-06-08T21:15:00Z,2026-06-08T23:15:00+0200,128.01,EUR/MWh,DE,DE_LU,day_ahead_price,value,2026-06-21T20:22:25Z
2026-06-21T20:21:09Z,2026-06-21T22:21:09+0200,4c728934-15fc-48ae-9cbd-ac5715da9ca9,2026-06-08T21:30:00Z,2026-06-08T23:30:00+0200,127.25,EUR/MWh,DE,DE_LU,day_ahead_price,value,2026-06-21T20:22:25Z
2026-06-21T20:21:09Z,2026-06-21T22:21:09+0200,4c728934-15fc-48ae-9cbd-ac5715da9ca9,2026-06-08T21:45:00Z,2026-06-08T23:45:00+0200,121.05,EUR/MWh,DE,DE_LU,day_ahead_price,value,2026-06-21T20:22:25Z
2026-06-21T20:21:09Z,2026-06-21T22:21:09+0200,4c728934-15fc-48ae-9cbd-ac5715da9ca9,2026-06-08T22:00:00Z,2026-06-09T00:00:00+0200,142.87,EUR/MWh,DE,DE_LU,day_ahead_price,value,2026-06-21T20:22:25Z
2026-06-21T20:21:09Z,2026-06-21T22:21:09+0200,4c728934-15fc-48ae-9cbd-ac5715da9ca9,2026-06-08T22:15:00Z,2026-06-09T00:15:00+0200,129.99,EUR/MWh,DE,DE_LU,day_ahead_price,value,2026-06-21T20:22:25Z
2026-06-21T20:21:09Z,2026-06-21T22:21:09+0200,4c728934-15fc-48ae-9cbd-ac5715da9ca9,2026-06-08T22:30:00Z,2026-06-09T00:30:00+0200,124.63,EUR/MWh,DE,DE_LU,day_ahead_price,value,2026-06-21T20:22:25Z
2026-06-21T20:21:09Z,2026-06-21T22:21:09+0200,4c728934-15fc-48ae-9cbd-ac5715da9ca9,2026-06-08T22:45:00Z,2026-06-09T00:45:00+0200,118.56,EUR/MWh,DE,DE_LU,day_ahead_price,value,2026-06-21T20:22:25Z
2026-06-21T20:21:09Z,2026-06-21T22:21:09+0200,4c728934-15fc-48ae-9cbd-ac5715da9ca9,2026-06-08T23:00:00Z,2026-06-09T01:00:00+0200,125.38,EUR/MWh,DE,DE_LU,day_ahead_price,value,2026-06-21T20:22:25Z
2026-06-21T20:21:09Z,2026-06-21T22:21:09+0200,4c728934-15fc-48ae-9cbd-ac5715da9ca9,2026-06-08T23:15:00Z,2026-06-09T01:15:00+0200,122.62,EUR/MWh,DE,DE_LU,day_ahead_price,value,2026-06-21T20:22:25Z
2026-06-21T20:21:09Z,2026-06-21T22:21:09+0200,4c728934-15fc-48ae-9cbd-ac5715da9ca9,2026-06-08T23:30:00Z,2026-06-09T01:30:00+0200,121.18,EUR/MWh,DE,DE_LU,day_ahead_price,value,2026-06-21T20:22:25Z
2026-06-21T20:21:09Z,2026-06-21T22:21:09+0200,4c728934-15fc-48ae-9cbd-ac5715da9ca9,2026-06-08T23:45:00Z,2026-06-09T01:45:00+0200,119.45,EUR/MWh,DE,DE_LU,day_ahead_price,value,2026-06-21T20:22:25Z
2026-06-21T20:21:09Z,2026-06-21T22:21:09+0200,4c728934-15fc-48ae-9cbd-ac5715da9ca9,2026-06-09T00:00:00Z,2026-06-09T02:00:00+0200,118.08,EUR/MWh,DE,DE_LU,day_ahead_price,value,2026-06-21T20:22:25Z
2026-06-21T20:21:09Z,2026-06-21T22:21:09+0200,4c728934-15fc-48ae-9cbd-ac5715da9ca9,2026-06-09T00:15:00Z,2026-06-09T02:15:00+0200,114.99,EUR/MWh,DE,DE_LU,day_ahead_price,value,2026-06-21T20:22:25Z
2026-06-21T20:21:09Z,2026-06-21T22:21:09+0200,4c728934-15fc-48ae-9cbd-ac5715da9ca9,2026-06-09T00:30:00Z,2026-06-09T02:30:00+0200,116.7,EUR/MWh,DE,DE_LU,day_ahead_price,value,2026-06-21T20:22:25Z
2026-06-21T20:21:09Z,2026-06-21T22:21:09+0200,4c728934-15fc-48ae-9cbd-ac5715da9ca9,2026-06-09T00:45:00Z,2026-06-09T02:45:00+0200,112.23,EUR/MWh,DE,DE_LU,day_ahead_price,value,2026-06-21T20:22:25Z
2026-06-21T20:21:09Z,2026-06-21T22:21:09+0200,4c728934-15fc-48ae-9cbd-ac5715da9ca9,2026-06-09T01:00:00Z,2026-06-09T03:00:00+0200,114.2,EUR/MWh,DE,DE_LU,day_ahead_price,value,2026-06-21T20:22:25Z
2026-06-21T20:21:09Z,2026-06-21T22:21:09+0200,4c728934-15fc-48ae-9cbd-ac5715da9ca9,2026-06-09T01:15:00Z,2026-06-09T03:15:00+0200,111.15,EUR/MWh,DE,DE_LU,day_ahead_price,value,2026-06-21T20:22:25Z
2026-06-21T20:21:09Z,2026-06-21T22:21:09+0200,4c728934-15fc-48ae-9cbd-ac5715da9ca9,2026-06-09T01:30:00Z,2026-06-09T03:30:00+0200,110.72,EUR/MWh,DE,DE_LU,day_ahead_price,value,2026-06-21T20:22:25Z
2026-06-21T20:21:09Z,2026-06-21T22:21:09+0200,4c728934-15fc-48ae-9cbd-ac5715da9ca9,2026-06-09T01:45:00Z,2026-06-09T03:45:00+0200,108.8,EUR/MWh,DE,DE_LU,day_ahead_price,value,2026-06-21T20:22:25Z
2026-06-21T20:21:09Z,2026-06-21T22:21:09+0200,4c728934-15fc-48ae-9cbd-ac5715da9ca9,2026-06-09T02:00:00Z,2026-06-09T04:00:00+0200,111.5,EUR/MWh,DE,DE_LU,day_ahead_price,value,2026-06-21T20:22:25Z
2026-06-21T20:21:09Z,2026-06-21T22:21:09+0200,4c728934-15fc-48ae-9cbd-ac5715da9ca9,2026-06-09T02:15:00Z,2026-06-09T04:15:00+0200,110.41,EUR/MWh,DE,DE_LU,day_ahead_price,value,2026-06-21T20:22:25Z
2026-06-21T20:21:09Z,2026-06-21T22:21:09+0200,4c728934-15fc-48ae-9cbd-ac5715da9ca9,2026-06-09T02:30:00Z,2026-06-09T04:30:00+0200,109.99,EUR/MWh,DE,DE_LU,day_ahead_price,value,2026-06-21T20:22:25Z
2026-06-21T20:21:09Z,2026-06-21T22:21:09+0200,4c728934-15fc-48ae-9cbd-ac5715da9ca9,2026-06-09T02:45:00Z,2026-06-09T04:45:00+0200,110.0,EUR/MWh,DE,DE_LU,day_ahead_price,value,2026-06-21T20:22:25Z
2026-06-21T20:21:09Z,2026-06-21T22:21:09+0200,4c728934-15fc-48ae-9cbd-ac5715da9ca9,2026-06-09T03:00:00Z,2026-06-09T05:00:00+0200,113.4,EUR/MWh,DE,DE_LU,day_ahead_price,value,2026-06-21T20:22:25Z
2026-06-21T20:21:09Z,2026-06-21T22:21:09+0200,4c728934-15fc-48ae-9cbd-ac5715da9ca9,2026-06-09T03:15:00Z,2026-06-09T05:15:00+0200,114.24,EUR/MWh,DE,DE_LU,day_ahead_price,value,2026-06-21T20:22:25Z
2026-06-21T20:21:09Z,2026-06-21T22:21:09+0200,4c728934-15fc-48ae-9cbd-ac5715da9ca9,2026-06-09T03:30:00Z,2026-06-09T05:30:00+0200,115.35,EUR/MWh,DE,DE_LU,day_ahead_price,value,2026-06-21T20:22:25Z
2026-06-21T20:21:09Z,2026-06-21T22:21:09+0200,4c728934-15fc-48ae-9cbd-ac5715da9ca9,2026-06-09T03:45:00Z,2026-06-09T05:45:00+0200,120.38,EUR/MWh,DE,DE_LU,day_ahead_price,value,2026-06-21T20:22:25Z
2026-06-21T20:21:09Z,2026-06-21T22:21:09+0200,4c728934-15fc-48ae-9cbd-ac5715da9ca9,2026-06-09T04:00:00Z,2026-06-09T06:00:00+0200,124.84,EUR/MWh,DE,DE_LU,day_ahead_price,value,2026-06-21T20:22:25Z
2026-06-21T20:21:09Z,2026-06-21T22:21:09+0200,4c728934-15fc-48ae-9cbd-ac5715da9ca9,2026-06-09T04:15:00Z,2026-06-09T06:15:00+0200,131.09,EUR/MWh,DE,DE_LU,day_ahead_price,value,2026-06-21T20:22:25Z
2026-06-21T20:21:09Z,2026-06-21T22:21:09+0200,4c728934-15fc-48ae-9cbd-ac5715da9ca9,2026-06-09T04:30:00Z,2026-06-09T06:30:00+0200,133.35,EUR/MWh,DE,DE_LU,day_ahead_price,value,2026-06-21T20:22:25Z
2026-06-21T20:21:09Z,2026-06-21T22:21:09+0200,4c728934-15fc-48ae-9cbd-ac5715da9ca9,2026-06-09T04:45:00Z,2026-06-09T06:45:00+0200,131.33,EUR/MWh,DE,DE_LU,day_ahead_price,value,2026-06-21T20:22:25Z
2026-06-21T20:21:09Z,2026-06-21T22:21:09+0200,4c728934-15fc-48ae-9cbd-ac5715da9ca9,2026-06-09T05:00:00Z,2026-06-09T07:00:00+0200,141.69,EUR/MWh,DE,DE_LU,day_ahead_price,value,2026-06-21T20:22:25Z
2026-06-21T20:21:09Z,2026-06-21T22:21:09+0200,4c728934-15fc-48ae-9cbd-ac5715da9ca9,2026-06-09T05:15:00Z,2026-06-09T07:15:00+0200,135.26,EUR/MWh,DE,DE_LU,day_ahead_price,value,2026-06-21T20:22:25Z
2026-06-21T20:21:09Z,2026-06-21T22:21:09+0200,4c728934-15fc-48ae-9cbd-ac5715da9ca9,2026-06-09T05:30:00Z,2026-06-09T07:30:00+0200,134.09,EUR/MWh,DE,DE_LU,day_ahead_price,value,2026-06-21T20:22:25Z
2026-06-21T20:21:09Z,2026-06-21T22:21:09+0200,4c728934-15fc-48ae-9cbd-ac5715da9ca9,2026-06-09T05:45:00Z,2026-06-09T07:45:00+0200,127.49,EUR/MWh,DE,DE_LU,day_ahead_price,value,2026-06-21T20:22:25Z
2026-06-21T20:21:09Z,2026-06-21T22:21:09+0200,4c728934-15fc-48ae-9cbd-ac5715da9ca9,2026-06-09T06:00:00Z,2026-06-09T08:00:00+0200,138.32,EUR/MWh,DE,DE_LU,day_ahead_price,value,2026-06-21T20:22:25Z
2026-06-21T20:21:09Z,2026-06-21T22:21:09+0200,4c728934-15fc-48ae-9cbd-ac5715da9ca9,2026-06-09T06:15:00Z,2026-06-09T08:15:00+0200,129.26,EUR/MWh,DE,DE_LU,day_ahead_price,value,2026-06-21T20:22:25Z
2026-06-21T20:21:09Z,2026-06-21T22:21:09+0200,4c728934-15fc-48ae-9cbd-ac5715da9ca9,2026-06-09T06:30:00Z,2026-06-09T08:30:00+0200,125.11,EUR/MWh,DE,DE_LU,day_ahead_price,value,2026-06-21T20:22:25Z
2026-06-21T20:21:09Z,2026-06-21T22:21:09+0200,4c728934-15fc-48ae-9cbd-ac5715da9ca9,2026-06-09T06:45:00Z,2026-06-09T08:45:00+0200,114.87,EUR/MWh,DE,DE_LU,day_ahead_price,value,2026-06-21T20:22:25Z
2026-06-21T20:21:09Z,2026-06-21T22:21:09+0200,4c728934-15fc-48ae-9cbd-ac5715da9ca9,2026-06-09T07:00:00Z,2026-06-09T09:00:00+0200,127.06,EUR/MWh,DE,DE_LU,day_ahead_price,value,2026-06-21T20:22:25Z
2026-06-21T20:21:09Z,2026-06-21T22:21:09+0200,4c728934-15fc-48ae-9cbd-ac5715da9ca9,2026-06-09T07:15:00Z,2026-06-09T09:15:00+0200,109.58,EUR/MWh,DE,DE_LU,day_ahead_price,value,2026-06-21T20:22:25Z
2026-06-21T20:21:09Z,2026-06-21T22:21:09+0200,4c728934-15fc-48ae-9cbd-ac5715da9ca9,2026-06-09T07:30:00Z,2026-06-09T09:30:00+0200,102.66,EUR/MWh,DE,DE_LU,day_ahead_price,value,2026-06-21T20:22:25Z
2026-06-21T20:21:09Z,2026-06-21T22:21:09+0200,4c728934-15fc-48ae-9cbd-ac5715da9ca9,2026-06-09T07:45:00Z,2026-06-09T09:45:00+0200,88.7,EUR/MWh,DE,DE_LU,day_ahead_price,value,2026-06-21T20:22:25Z
2026-06-21T20:21:09Z,2026-06-21T22:21:09+0200,4c728934-15fc-48ae-9cbd-ac5715da9ca9,2026-06-09T08:00:00Z,2026-06-09T10:00:00+0200,100.01,EUR/MWh,DE,DE_LU,day_ahead_price,value,2026-06-21T20:22:25Z
2026-06-21T20:21:09Z,2026-06-21T22:21:09+0200,4c728934-15fc-48ae-9cbd-ac5715da9ca9,2026-06-09T08:15:00Z,2026-06-09T10:15:00+0200,85.9,EUR/MWh,DE,DE_LU,day_ahead_price,value,2026-06-21T20:22:25Z
2026-06-21T20:21:09Z,2026-06-21T22:21:09+0200,4c728934-15fc-48ae-9cbd-ac5715da9ca9,2026-06-09T08:30:00Z,2026-06-09T10:30:00+0200,78.9,EUR/MWh,DE,DE_LU,day_ahead_price,value,2026-06-21T20:22:25Z
2026-06-21T20:21:09Z,2026-06-21T22:21:09+0200,4c728934-15fc-48ae-9cbd-ac5715da9ca9,2026-06-09T08:45:00Z,2026-06-09T10:45:00+0200,64.53,EUR/MWh,DE,DE_LU,day_ahead_price,value,2026-06-21T20:22:25Z
2026-06-21T20:21:09Z,2026-06-21T22:21:09+0200,4c728934-15fc-48ae-9cbd-ac5715da9ca9,2026-06-09T09:00:00Z,2026-06-09T11:00:00+0200,82.23,EUR/MWh,DE,DE_LU,day_ahead_price,value,2026-06-21T20:22:25Z
2026-06-21T20:21:09Z,2026-06-21T22:21:09+0200,4c728934-15fc-48ae-9cbd-ac5715da9ca9,2026-06-09T09:15:00Z,2026-06-09T11:15:00+0200,65.41,EUR/MWh,DE,DE_LU,day_ahead_price,value,2026-06-21T20:22:25Z
2026-06-21T20:21:09Z,2026-06-21T22:21:09+0200,4c728934-15fc-48ae-9cbd-ac5715da9ca9,2026-06-09T09:30:00Z,2026-06-09T11:30:00+0200,55.81,EUR/MWh,DE,DE_LU,day_ahead_price,value,2026-06-21T20:22:25Z
2026-06-21T20:21:09Z,2026-06-21T22:21:09+0200,4c728934-15fc-48ae-9cbd-ac5715da9ca9,2026-06-09T09:45:00Z,2026-06-09T11:45:00+0200,40.15,EUR/MWh,DE,DE_LU,day_ahead_price,value,2026-06-21T20:22:25Z
2026-06-21T20:21:09Z,2026-06-21T22:21:09+0200,4c728934-15fc-48ae-9cbd-ac5715da9ca9,2026-06-09T10:00:00Z,2026-06-09T12:00:00+0200,50.63,EUR/MWh,DE,DE_LU,day_ahead_price,value,2026-06-21T20:22:25Z
2026-06-21T20:21:09Z,2026-06-21T22:21:09+0200,4c728934-15fc-48ae-9cbd-ac5715da9ca9,2026-06-09T10:15:00Z,2026-06-09T12:15:00+0200,28.44,EUR/MWh,DE,DE_LU,day_ahead_price,value,2026-06-21T20:22:25Z
2026-06-21T20:21:09Z,2026-06-21T22:21:09+0200,4c728934-15fc-48ae-9cbd-ac5715da9ca9,2026-06-09T10:30:00Z,2026-06-09T12:30:00+0200,15.1,EUR/MWh,DE,DE_LU,day_ahead_price,value,2026-06-21T20:22:25Z
2026-06-21T20:21:09Z,2026-06-21T22:21:09+0200,4c728934-15fc-48ae-9cbd-ac5715da9ca9,2026-06-09T10:45:00Z,2026-06-09T12:45:00+0200,6.69,EUR/MWh,DE,DE_LU,day_ahead_price,value,2026-06-21T20:22:25Z
2026-06-21T20:21:09Z,2026-06-21T22:21:09+0200,4c728934-15fc-48ae-9cbd-ac5715da9ca9,2026-06-09T11:00:00Z,2026-06-09T13:00:00+0200,8.1,EUR/MWh,DE,DE_LU,day_ahead_price,value,2026-06-21T20:22:25Z
2026-06-21T20:21:09Z,2026-06-21T22:21:09+0200,4c728934-15fc-48ae-9cbd-ac5715da9ca9,2026-06-09T11:15:00Z,2026-06-09T13:15:00+0200,3.83,EUR/MWh,DE,DE_LU,day_ahead_price,value,2026-06-21T20:22:25Z
2026-06-21T20:21:09Z,2026-06-21T22:21:09+0200,4c728934-15fc-48ae-9cbd-ac5715da9ca9,2026-06-09T11:30:00Z,2026-06-09T13:30:00+0200,2.1,EUR/MWh,DE,DE_LU,day_ahead_price,value,2026-06-21T20:22:25Z
2026-06-21T20:21:09Z,2026-06-21T22:21:09+0200,4c728934-15fc-48ae-9cbd-ac5715da9ca9,2026-06-09T11:45:00Z,2026-06-09T13:45:00+0200,0.1,EUR/MWh,DE,DE_LU,day_ahead_price,value,2026-06-21T20:22:25Z
2026-06-21T20:21:09Z,2026-06-21T22:21:09+0200,4c728934-15fc-48ae-9cbd-ac5715da9ca9,2026-06-09T12:00:00Z,2026-06-09T14:00:00+0200,0.1,EUR/MWh,DE,DE_LU,day_ahead_price,value,2026-06-21T20:22:25Z
2026-06-21T20:21:09Z,2026-06-21T22:21:09+0200,4c728934-15fc-48ae-9cbd-ac5715da9ca9,2026-06-09T12:15:00Z,2026-06-09T14:15:00+0200,0.3,EUR/MWh,DE,DE_LU,day_ahead_price,value,2026-06-21T20:22:25Z
2026-06-21T20:21:09Z,2026-06-21T22:21:09+0200,4c728934-15fc-48ae-9cbd-ac5715da9ca9,2026-06-09T12:30:00Z,2026-06-09T14:30:00+0200,0.09,EUR/MWh,DE,DE_LU,day_ahead_price,value,2026-06-21T20:22:25Z
2026-06-21T20:21:09Z,2026-06-21T22:21:09+0200,4c728934-15fc-48ae-9cbd-ac5715da9ca9,2026-06-09T12:45:00Z,2026-06-09T14:45:00+0200,0.09,EUR/MWh,DE,DE_LU,day_ahead_price,value,2026-06-21T20:22:25Z
2026-06-21T20:21:09Z,2026-06-21T22:21:09+0200,4c728934-15fc-48ae-9cbd-ac5715da9ca9,2026-06-09T13:00:00Z,2026-06-09T15:00:00+0200,0.09,EUR/MWh,DE,DE_LU,day_ahead_price,value,2026-06-21T20:22:25Z
2026-06-21T20:21:09Z,2026-06-21T22:21:09+0200,4c728934-15fc-48ae-9cbd-ac5715da9ca9,2026-06-09T13:15:00Z,2026-06-09T15:15:00+0200,0.38,EUR/MWh,DE,DE_LU,day_ahead_price,value,2026-06-21T20:22:25Z
2026-06-21T20:21:09Z,2026-06-21T22:21:09+0200,4c728934-15fc-48ae-9cbd-ac5715da9ca9,2026-06-09T13:30:00Z,2026-06-09T15:30:00+0200,1.11,EUR/MWh,DE,DE_LU,day_ahead_price,value,2026-06-21T20:22:25Z
2026-06-21T20:21:09Z,2026-06-21T22:21:09+0200,4c728934-15fc-48ae-9cbd-ac5715da9ca9,2026-06-09T13:45:00Z,2026-06-09T15:45:00+0200,4.5,EUR/MWh,DE,DE_LU,day_ahead_price,value,2026-06-21T20:22:25Z
2026-06-21T20:21:09Z,2026-06-21T22:21:09+0200,4c728934-15fc-48ae-9cbd-ac5715da9ca9,2026-06-09T14:00:00Z,2026-06-09T16:00:00+0200,3.39,EUR/MWh,DE,DE_LU,day_ahead_price,value,2026-06-21T20:22:25Z
2026-06-21T20:21:09Z,2026-06-21T22:21:09+0200,4c728934-15fc-48ae-9cbd-ac5715da9ca9,2026-06-09T14:15:00Z,2026-06-09T16:15:00+0200,13.01,EUR/MWh,DE,DE_LU,day_ahead_price,value,2026-06-21T20:22:25Z
2026-06-21T20:21:09Z,2026-06-21T22:21:09+0200,4c728934-15fc-48ae-9cbd-ac5715da9ca9,2026-06-09T14:30:00Z,2026-06-09T16:30:00+0200,40.66,EUR/MWh,DE,DE_LU,day_ahead_price,value,2026-06-21T20:22:25Z
2026-06-21T20:21:09Z,2026-06-21T22:21:09+0200,4c728934-15fc-48ae-9cbd-ac5715da9ca9,2026-06-09T14:45:00Z,2026-06-09T16:45:00+0200,65.28,EUR/MWh,DE,DE_LU,day_ahead_price,value,2026-06-21T20:22:25Z
2026-06-21T20:21:09Z,2026-06-21T22:21:09+0200,4c728934-15fc-48ae-9cbd-ac5715da9ca9,2026-06-09T15:00:00Z,2026-06-09T17:00:00+0200,30.02,EUR/MWh,DE,DE_LU,day_ahead_price,value,2026-06-21T20:22:25Z
2026-06-21T20:21:09Z,2026-06-21T22:21:09+0200,4c728934-15fc-48ae-9cbd-ac5715da9ca9,2026-06-09T15:15:00Z,2026-06-09T17:15:00+0200,71.85,EUR/MWh,DE,DE_LU,day_ahead_price,value,2026-06-21T20:22:25Z
2026-06-21T20:21:09Z,2026-06-21T22:21:09+0200,4c728934-15fc-48ae-9cbd-ac5715da9ca9,2026-06-09T15:30:00Z,2026-06-09T17:30:00+0200,93.49,EUR/MWh,DE,DE_LU,day_ahead_price,value,2026-06-21T20:22:25Z
2026-06-21T20:21:09Z,2026-06-21T22:21:09+0200,4c728934-15fc-48ae-9cbd-ac5715da9ca9,2026-06-09T15:45:00Z,2026-06-09T17:45:00+0200,107.55,EUR/MWh,DE,DE_LU,day_ahead_price,value,2026-06-21T20:22:25Z
2026-06-21T20:21:09Z,2026-06-21T22:21:09+0200,4c728934-15fc-48ae-9cbd-ac5715da9ca9,2026-06-09T16:00:00Z,2026-06-09T18:00:00+0200,93.88,EUR/MWh,DE,DE_LU,day_ahead_price,value,2026-06-21T20:22:25Z
2026-06-21T20:21:09Z,2026-06-21T22:21:09+0200,4c728934-15fc-48ae-9cbd-ac5715da9ca9,2026-06-09T16:15:00Z,2026-06-09T18:15:00+0200,111.99,EUR/MWh,DE,DE_LU,day_ahead_price,value,2026-06-21T20:22:25Z
2026-06-21T20:21:09Z,2026-06-21T22:21:09+0200,4c728934-15fc-48ae-9cbd-ac5715da9ca9,2026-06-09T16:30:00Z,2026-06-09T18:30:00+0200,128.27,EUR/MWh,DE,DE_LU,day_ahead_price,value,2026-06-21T20:22:25Z
2026-06-21T20:21:09Z,2026-06-21T22:21:09+0200,4c728934-15fc-48ae-9cbd-ac5715da9ca9,2026-06-09T16:45:00Z,2026-06-09T18:45:00+0200,140.05,EUR/MWh,DE,DE_LU,day_ahead_price,value,2026-06-21T20:22:25Z
2026-06-21T20:21:09Z,2026-06-21T22:21:09+0200,4c728934-15fc-48ae-9cbd-ac5715da9ca9,2026-06-09T17:00:00Z,2026-06-09T19:00:00+0200,121.6,EUR/MWh,DE,DE_LU,day_ahead_price,value,2026-06-21T20:22:25Z
2026-06-21T20:21:09Z,2026-06-21T22:21:09+0200,4c728934-15fc-48ae-9cbd-ac5715da9ca9,2026-06-09T17:15:00Z,2026-06-09T19:15:00+0200,137.96,EUR/MWh,DE,DE_LU,day_ahead_price,value,2026-06-21T20:22:25Z
2026-06-21T20:21:09Z,2026-06-21T22:21:09+0200,4c728934-15fc-48ae-9cbd-ac5715da9ca9,2026-06-09T17:30:00Z,2026-06-09T19:30:00+0200,144.01,EUR/MWh,DE,DE_LU,day_ahead_price,value,2026-06-21T20:22:25Z
2026-06-21T20:21:09Z,2026-06-21T22:21:09+0200,4c728934-15fc-48ae-9cbd-ac5715da9ca9,2026-06-09T17:45:00Z,2026-06-09T19:45:00+0200,145.63,EUR/MWh,DE,DE_LU,day_ahead_price,value,2026-06-21T20:22:25Z
2026-06-21T20:21:09Z,2026-06-21T22:21:09+0200,4c728934-15fc-48ae-9cbd-ac5715da9ca9,2026-06-09T18:00:00Z,2026-06-09T20:00:00+0200,145.18,EUR/MWh,DE,DE_LU,day_ahead_price,value,2026-06-21T20:22:25Z
2026-06-21T20:21:09Z,2026-06-21T22:21:09+0200,4c728934-15fc-48ae-9cbd-ac5715da9ca9,2026-06-09T18:15:00Z,2026-06-09T20:15:00+0200,150.2,EUR/MWh,DE,DE_LU,day_ahead_price,value,2026-06-21T20:22:25Z
2026-06-21T20:21:09Z,2026-06-21T22:21:09+0200,4c728934-15fc-48ae-9cbd-ac5715da9ca9,2026-06-09T18:30:00Z,2026-06-09T20:30:00+0200,157.02,EUR/MWh,DE,DE_LU,day_ahead_price,value,2026-06-21T20:22:25Z
2026-06-21T20:21:09Z,2026-06-21T22:21:09+0200,4c728934-15fc-48ae-9cbd-ac5715da9ca9,2026-06-09T18:45:00Z,2026-06-09T20:45:00+0200,162.52,EUR/MWh,DE,DE_LU,day_ahead_price,value,2026-06-21T20:22:25Z
2026-06-21T20:21:09Z,2026-06-21T22:21:09+0200,4c728934-15fc-48ae-9cbd-ac5715da9ca9,2026-06-09T19:00:00Z,2026-06-09T21:00:00+0200,157.61,EUR/MWh,DE,DE_LU,day_ahead_price,value,2026-06-21T20:22:25Z
2026-06-21T20:21:09Z,2026-06-21T22:21:09+0200,4c728934-15fc-48ae-9cbd-ac5715da9ca9,2026-06-09T19:15:00Z,2026-06-09T21:15:00+0200,158.32,EUR/MWh,DE,DE_LU,day_ahead_price,value,2026-06-21T20:22:25Z
2026-06-21T20:21:09Z,2026-06-21T22:21:09+0200,4c728934-15fc-48ae-9cbd-ac5715da9ca9,2026-06-09T19:30:00Z,2026-06-09T21:30:00+0200,157.7,EUR/MWh,DE,DE_LU,day_ahead_price,value,2026-06-21T20:22:25Z
2026-06-21T20:21:09Z,2026-06-21T22:21:09+0200,4c728934-15fc-48ae-9cbd-ac5715da9ca9,2026-06-09T19:45:00Z,2026-06-09T21:45:00+0200,151.47,EUR/MWh,DE,DE_LU,day_ahead_price,value,2026-06-21T20:22:25Z
2026-06-21T20:21:09Z,2026-06-21T22:21:09+0200,4c728934-15fc-48ae-9cbd-ac5715da9ca9,2026-06-09T20:00:00Z,2026-06-09T22:00:00+0200,152.66,EUR/MWh,DE,DE_LU,day_ahead_price,value,2026-06-21T20:22:25Z
2026-06-21T20:21:09Z,2026-06-21T22:21:09+0200,4c728934-15fc-48ae-9cbd-ac5715da9ca9,2026-06-09T20:15:00Z,2026-06-09T22:15:00+0200,149.99,EUR/MWh,DE,DE_LU,day_ahead_price,value,2026-06-21T20:22:25Z
2026-06-21T20:21:09Z,2026-06-21T22:21:09+0200,4c728934-15fc-48ae-9cbd-ac5715da9ca9,2026-06-09T20:30:00Z,2026-06-09T22:30:00+0200,143.95,EUR/MWh,DE,DE_LU,day_ahead_price,value,2026-06-21T20:22:25Z
2026-06-21T20:21:09Z,2026-06-21T22:21:09+0200,4c728934-15fc-48ae-9cbd-ac5715da9ca9,2026-06-09T20:45:00Z,2026-06-09T22:45:00+0200,133.37,EUR/MWh,DE,DE_LU,day_ahead_price,value,2026-06-21T20:22:25Z
2026-06-21T20:21:09Z,2026-06-21T22:21:09+0200,4c728934-15fc-48ae-9cbd-ac5715da9ca9,2026-06-09T21:00:00Z,2026-06-09T23:00:00+0200,141.76,EUR/MWh,DE,DE_LU,day_ahead_price,value,2026-06-21T20:22:25Z
2026-06-21T20:21:09Z,2026-06-21T22:21:09+0200,4c728934-15fc-48ae-9cbd-ac5715da9ca9,2026-06-09T21:15:00Z,2026-06-09T23:15:00+0200,132.09,EUR/MWh,DE,DE_LU,day_ahead_price,value,2026-06-21T20:22:25Z
2026-06-21T20:21:09Z,2026-06-21T22:21:09+0200,4c728934-15fc-48ae-9cbd-ac5715da9ca9,2026-06-09T21:30:00Z,2026-06-09T23:30:00+0200,129.38,EUR/MWh,DE,DE_LU,day_ahead_price,value,2026-06-21T20:22:25Z
2026-06-21T20:21:09Z,2026-06-21T22:21:09+0200,4c728934-15fc-48ae-9cbd-ac5715da9ca9,2026-06-09T21:45:00Z,2026-06-09T23:45:00+0200,122.0,EUR/MWh,DE,DE_LU,day_ahead_price,value,2026-06-21T20:22:25Z
2026-06-21T20:21:09Z,2026-06-21T22:21:09+0200,4c728934-15fc-48ae-9cbd-ac5715da9ca9,2026-06-09T22:00:00Z,2026-06-10T00:00:00+0200,129.9,EUR/MWh,DE,DE_LU,day_ahead_price,value,2026-06-21T20:22:25Z
2026-06-21T20:21:09Z,2026-06-21T22:21:09+0200,4c728934-15fc-48ae-9cbd-ac5715da9ca9,2026-06-09T22:15:00Z,2026-06-10T00:15:00+0200,126.58,EUR/MWh,DE,DE_LU,day_ahead_price,value,2026-06-21T20:22:25Z
2026-06-21T20:21:09Z,2026-06-21T22:21:09+0200,4c728934-15fc-48ae-9cbd-ac5715da9ca9,2026-06-09T22:30:00Z,2026-06-10T00:30:00+0200,123.99,EUR/MWh,DE,DE_LU,day_ahead_price,value,2026-06-21T20:22:25Z
2026-06-21T20:21:09Z,2026-06-21T22:21:09+0200,4c728934-15fc-48ae-9cbd-ac5715da9ca9,2026-06-09T22:45:00Z,2026-06-10T00:45:00+0200,119.18,EUR/MWh,DE,DE_LU,day_ahead_price,value,2026-06-21T20:22:25Z
2026-06-21T20:21:09Z,2026-06-21T22:21:09+0200,4c728934-15fc-48ae-9cbd-ac5715da9ca9,2026-06-09T23:00:00Z,2026-06-10T01:00:00+0200,122.96,EUR/MWh,DE,DE_LU,day_ahead_price,value,2026-06-21T20:22:25Z
2026-06-21T20:21:09Z,2026-06-21T22:21:09+0200,4c728934-15fc-48ae-9cbd-ac5715da9ca9,2026-06-09T23:15:00Z,2026-06-10T01:15:00+0200,118.4,EUR/MWh,DE,DE_LU,day_ahead_price,value,2026-06-21T20:22:25Z
2026-06-21T20:21:09Z,2026-06-21T22:21:09+0200,4c728934-15fc-48ae-9cbd-ac5715da9ca9,2026-06-09T23:30:00Z,2026-06-10T01:30:00+0200,115.29,EUR/MWh,DE,DE_LU,day_ahead_price,value,2026-06-21T20:22:25Z
2026-06-21T20:21:09Z,2026-06-21T22:21:09+0200,4c728934-15fc-48ae-9cbd-ac5715da9ca9,2026-06-09T23:45:00Z,2026-06-10T01:45:00+0200,110.96,EUR/MWh,DE,DE_LU,day_ahead_price,value,2026-06-21T20:22:25Z
2026-06-21T20:21:09Z,2026-06-21T22:21:09+0200,4c728934-15fc-48ae-9cbd-ac5715da9ca9,2026-06-10T00:00:00Z,2026-06-10T02:00:00+0200,114.25,EUR/MWh,DE,DE_LU,day_ahead_price,value,2026-06-21T20:22:25Z
2026-06-21T20:21:09Z,2026-06-21T22:21:09+0200,4c728934-15fc-48ae-9cbd-ac5715da9ca9,2026-06-10T00:15:00Z,2026-06-10T02:15:00+0200,110.27,EUR/MWh,DE,DE_LU,day_ahead_price,value,2026-06-21T20:22:25Z
2026-06-21T20:21:09Z,2026-06-21T22:21:09+0200,4c728934-15fc-48ae-9cbd-ac5715da9ca9,2026-06-10T00:30:00Z,2026-06-10T02:30:00+0200,111.03,EUR/MWh,DE,DE_LU,day_ahead_price,value,2026-06-21T20:22:25Z
2026-06-21T20:21:09Z,2026-06-21T22:21:09+0200,4c728934-15fc-48ae-9cbd-ac5715da9ca9,2026-06-10T00:45:00Z,2026-06-10T02:45:00+0200,108.96,EUR/MWh,DE,DE_LU,day_ahead_price,value,2026-06-21T20:22:25Z
2026-06-21T20:21:09Z,2026-06-21T22:21:09+0200,4c728934-15fc-48ae-9cbd-ac5715da9ca9,2026-06-10T01:00:00Z,2026-06-10T03:00:00+0200,110.81,EUR/MWh,DE,DE_LU,day_ahead_price,value,2026-06-21T20:22:25Z
2026-06-21T20:21:09Z,2026-06-21T22:21:09+0200,4c728934-15fc-48ae-9cbd-ac5715da9ca9,2026-06-10T01:15:00Z,2026-06-10T03:15:00+0200,111.24,EUR/MWh,DE,DE_LU,day_ahead_price,value,2026-06-21T20:22:25Z
2026-06-21T20:21:09Z,2026-06-21T22:21:09+0200,4c728934-15fc-48ae-9cbd-ac5715da9ca9,2026-06-10T01:30:00Z,2026-06-10T03:30:00+0200,111.16,EUR/MWh,DE,DE_LU,day_ahead_price,value,2026-06-21T20:22:25Z
2026-06-21T20:21:09Z,2026-06-21T22:21:09+0200,4c728934-15fc-48ae-9cbd-ac5715da9ca9,2026-06-10T01:45:00Z,2026-06-10T03:45:00+0200,112.02,EUR/MWh,DE,DE_LU,day_ahead_price,value,2026-06-21T20:22:25Z
2026-06-21T20:21:09Z,2026-06-21T22:21:09+0200,4c728934-15fc-48ae-9cbd-ac5715da9ca9,2026-06-10T02:00:00Z,2026-06-10T04:00:00+0200,108.82,EUR/MWh,DE,DE_LU,day_ahead_price,value,2026-06-21T20:22:25Z
2026-06-21T20:21:09Z,2026-06-21T22:21:09+0200,4c728934-15fc-48ae-9cbd-ac5715da9ca9,2026-06-10T02:15:00Z,2026-06-10T04:15:00+0200,111.12,EUR/MWh,DE,DE_LU,day_ahead_price,value,2026-06-21T20:22:25Z
2026-06-21T20:21:09Z,2026-06-21T22:21:09+0200,4c728934-15fc-48ae-9cbd-ac5715da9ca9,2026-06-10T02:30:00Z,2026-06-10T04:30:00+0200,115.03,EUR/MWh,DE,DE_LU,day_ahead_price,value,2026-06-21T20:22:25Z
2026-06-21T20:21:09Z,2026-06-21T22:21:09+0200,4c728934-15fc-48ae-9cbd-ac5715da9ca9,2026-06-10T02:45:00Z,2026-06-10T04:45:00+0200,117.99,EUR/MWh,DE,DE_LU,day_ahead_price,value,2026-06-21T20:22:25Z
2026-06-21T20:21:09Z,2026-06-21T22:21:09+0200,4c728934-15fc-48ae-9cbd-ac5715da9ca9,2026-06-10T03:00:00Z,2026-06-10T05:00:00+0200,113.42,EUR/MWh,DE,DE_LU,day_ahead_price,value,2026-06-21T20:22:25Z
2026-06-21T20:21:09Z,2026-06-21T22:21:09+0200,4c728934-15fc-48ae-9cbd-ac5715da9ca9,2026-06-10T03:15:00Z,2026-06-10T05:15:00+0200,117.25,EUR/MWh,DE,DE_LU,day_ahead_price,value,2026-06-21T20:22:25Z
2026-06-21T20:21:09Z,2026-06-21T22:21:09+0200,4c728934-15fc-48ae-9cbd-ac5715da9ca9,2026-06-10T03:30:00Z,2026-06-10T05:30:00+0200,118.43,EUR/MWh,DE,DE_LU,day_ahead_price,value,2026-06-21T20:22:25Z
2026-06-21T20:21:09Z,2026-06-21T22:21:09+0200,4c728934-15fc-48ae-9cbd-ac5715da9ca9,2026-06-10T03:45:00Z,2026-06-10T05:45:00+0200,125.91,EUR/MWh,DE,DE_LU,day_ahead_price,value,2026-06-21T20:22:25Z
2026-06-21T20:21:09Z,2026-06-21T22:21:09+0200,4c728934-15fc-48ae-9cbd-ac5715da9ca9,2026-06-10T04:00:00Z,2026-06-10T06:00:00+0200,128.02,EUR/MWh,DE,DE_LU,day_ahead_price,value,2026-06-21T20:22:25Z
2026-06-21T20:21:09Z,2026-06-21T22:21:09+0200,4c728934-15fc-48ae-9cbd-ac5715da9ca9,2026-06-10T04:15:00Z,2026-06-10T06:15:00+0200,134.26,EUR/MWh,DE,DE_LU,day_ahead_price,value,2026-06-21T20:22:25Z
2026-06-21T20:21:09Z,2026-06-21T22:21:09+0200,4c728934-15fc-48ae-9cbd-ac5715da9ca9,2026-06-10T04:30:00Z,2026-06-10T06:30:00+0200,134.09,EUR/MWh,DE,DE_LU,day_ahead_price,value,2026-06-21T20:22:25Z
2026-06-21T20:21:09Z,2026-06-21T22:21:09+0200,4c728934-15fc-48ae-9cbd-ac5715da9ca9,2026-06-10T04:45:00Z,2026-06-10T06:45:00+0200,131.2,EUR/MWh,DE,DE_LU,day_ahead_price,value,2026-06-21T20:22:25Z
2026-06-21T20:21:09Z,2026-06-21T22:21:09+0200,4c728934-15fc-48ae-9cbd-ac5715da9ca9,2026-06-10T05:00:00Z,2026-06-10T07:00:00+0200,140.11,EUR/MWh,DE,DE_LU,day_ahead_price,value,2026-06-21T20:22:25Z
2026-06-21T20:21:09Z,2026-06-21T22:21:09+0200,4c728934-15fc-48ae-9cbd-ac5715da9ca9,2026-06-10T05:15:00Z,2026-06-10T07:15:00+0200,138.02,EUR/MWh,DE,DE_LU,day_ahead_price,value,2026-06-21T20:22:25Z
2026-06-21T20:21:09Z,2026-06-21T22:21:09+0200,4c728934-15fc-48ae-9cbd-ac5715da9ca9,2026-06-10T05:30:00Z,2026-06-10T07:30:00+0200,135.4,EUR/MWh,DE,DE_LU,day_ahead_price,value,2026-06-21T20:22:25Z
2026-06-21T20:21:09Z,2026-06-21T22:21:09+0200,4c728934-15fc-48ae-9cbd-ac5715da9ca9,2026-06-10T05:45:00Z,2026-06-10T07:45:00+0200,133.7,EUR/MWh,DE,DE_LU,day_ahead_price,value,2026-06-21T20:22:25Z
2026-06-21T20:21:09Z,2026-06-21T22:21:09+0200,4c728934-15fc-48ae-9cbd-ac5715da9ca9,2026-06-10T06:00:00Z,2026-06-10T08:00:00+0200,141.21,EUR/MWh,DE,DE_LU,day_ahead_price,value,2026-06-21T20:22:25Z
2026-06-21T20:21:09Z,2026-06-21T22:21:09+0200,4c728934-15fc-48ae-9cbd-ac5715da9ca9,2026-06-10T06:15:00Z,2026-06-10T08:15:00+0200,132.74,EUR/MWh,DE,DE_LU,day_ahead_price,value,2026-06-21T20:22:25Z
2026-06-21T20:21:09Z,2026-06-21T22:21:09+0200,4c728934-15fc-48ae-9cbd-ac5715da9ca9,2026-06-10T06:30:00Z,2026-06-10T08:30:00+0200,126.51,EUR/MWh,DE,DE_LU,day_ahead_price,value,2026-06-21T20:22:25Z
2026-06-21T20:21:09Z,2026-06-21T22:21:09+0200,4c728934-15fc-48ae-9cbd-ac5715da9ca9,2026-06-10T06:45:00Z,2026-06-10T08:45:00+0200,106.15,EUR/MWh,DE,DE_LU,day_ahead_price,value,2026-06-21T20:22:25Z
2026-06-21T20:21:09Z,2026-06-21T22:21:09+0200,4c728934-15fc-48ae-9cbd-ac5715da9ca9,2026-06-10T07:00:00Z,2026-06-10T09:00:00+0200,124.13,EUR/MWh,DE,DE_LU,day_ahead_price,value,2026-06-21T20:22:25Z
2026-06-21T20:21:09Z,2026-06-21T22:21:09+0200,4c728934-15fc-48ae-9cbd-ac5715da9ca9,2026-06-10T07:15:00Z,2026-06-10T09:15:00+0200,108.38,EUR/MWh,DE,DE_LU,day_ahead_price,value,2026-06-21T20:22:25Z
2026-06-21T20:21:09Z,2026-06-21T22:21:09+0200,4c728934-15fc-48ae-9cbd-ac5715da9ca9,2026-06-10T07:30:00Z,2026-06-10T09:30:00+0200,95.0,EUR/MWh,DE,DE_LU,day_ahead_price,value,2026-06-21T20:22:25Z
2026-06-21T20:21:09Z,2026-06-21T22:21:09+0200,4c728934-15fc-48ae-9cbd-ac5715da9ca9,2026-06-10T07:45:00Z,2026-06-10T09:45:00+0200,90.9,EUR/MWh,DE,DE_LU,day_ahead_price,value,2026-06-21T20:22:25Z
2026-06-21T20:21:09Z,2026-06-21T22:21:09+0200,4c728934-15fc-48ae-9cbd-ac5715da9ca9,2026-06-10T08:00:00Z,2026-06-10T10:00:00+0200,99.1,EUR/MWh,DE,DE_LU,day_ahead_price,value,2026-06-21T20:22:25Z
2026-06-21T20:21:09Z,2026-06-21T22:21:09+0200,4c728934-15fc-48ae-9cbd-ac5715da9ca9,2026-06-10T08:15:00Z,2026-06-10T10:15:00+0200,88.26,EUR/MWh,DE,DE_LU,day_ahead_price,value,2026-06-21T20:22:25Z
2026-06-21T20:21:09Z,2026-06-21T22:21:09+0200,4c728934-15fc-48ae-9cbd-ac5715da9ca9,2026-06-10T08:30:00Z,2026-06-10T10:30:00+0200,86.87,EUR/MWh,DE,DE_LU,day_ahead_price,value,2026-06-21T20:22:25Z
2026-06-21T20:21:09Z,2026-06-21T22:21:09+0200,4c728934-15fc-48ae-9cbd-ac5715da9ca9,2026-06-10T08:45:00Z,2026-06-10T10:45:00+0200,72.0,EUR/MWh,DE,DE_LU,day_ahead_price,value,2026-06-21T20:22:25Z
2026-06-21T20:21:09Z,2026-06-21T22:21:09+0200,4c728934-15fc-48ae-9cbd-ac5715da9ca9,2026-06-10T09:00:00Z,2026-06-10T11:00:00+0200,82.25,EUR/MWh,DE,DE_LU,day_ahead_price,value,2026-06-21T20:22:25Z
2026-06-21T20:21:09Z,2026-06-21T22:21:09+0200,4c728934-15fc-48ae-9cbd-ac5715da9ca9,2026-06-10T09:15:00Z,2026-06-10T11:15:00+0200,75.99,EUR/MWh,DE,DE_LU,day_ahead_price,value,2026-06-21T20:22:25Z
2026-06-21T20:21:09Z,2026-06-21T22:21:09+0200,4c728934-15fc-48ae-9cbd-ac5715da9ca9,2026-06-10T09:30:00Z,2026-06-10T11:30:00+0200,69.99,EUR/MWh,DE,DE_LU,day_ahead_price,value,2026-06-21T20:22:25Z
2026-06-21T20:21:09Z,2026-06-21T22:21:09+0200,4c728934-15fc-48ae-9cbd-ac5715da9ca9,2026-06-10T09:45:00Z,2026-06-10T11:45:00+0200,64.0,EUR/MWh,DE,DE_LU,day_ahead_price,value,2026-06-21T20:22:25Z
2026-06-21T20:21:09Z,2026-06-21T22:21:09+0200,4c728934-15fc-48ae-9cbd-ac5715da9ca9,2026-06-10T10:00:00Z,2026-06-10T12:00:00+0200,69.93,EUR/MWh,DE,DE_LU,day_ahead_price,value,2026-06-21T20:22:25Z
2026-06-21T20:21:09Z,2026-06-21T22:21:09+0200,4c728934-15fc-48ae-9cbd-ac5715da9ca9,2026-06-10T10:15:00Z,2026-06-10T12:15:00+0200,64.48,EUR/MWh,DE,DE_LU,day_ahead_price,value,2026-06-21T20:22:25Z
2026-06-21T20:21:09Z,2026-06-21T22:21:09+0200,4c728934-15fc-48ae-9cbd-ac5715da9ca9,2026-06-10T10:30:00Z,2026-06-10T12:30:00+0200,69.22,EUR/MWh,DE,DE_LU,day_ahead_price,value,2026-06-21T20:22:25Z
2026-06-21T20:21:09Z,2026-06-21T22:21:09+0200,4c728934-15fc-48ae-9cbd-ac5715da9ca9,2026-06-10T10:45:00Z,2026-06-10T12:45:00+0200,71.08,EUR/MWh,DE,DE_LU,day_ahead_price,value,2026-06-21T20:22:25Z
2026-06-21T20:21:09Z,2026-06-21T22:21:09+0200,4c728934-15fc-48ae-9cbd-ac5715da9ca9,2026-06-10T11:00:00Z,2026-06-10T13:00:00+0200,72.37,EUR/MWh,DE,DE_LU,day_ahead_price,value,2026-06-21T20:22:25Z
2026-06-21T20:21:09Z,2026-06-21T22:21:09+0200,4c728934-15fc-48ae-9cbd-ac5715da9ca9,2026-06-10T11:15:00Z,2026-06-10T13:15:00+0200,72.07,EUR/MWh,DE,DE_LU,day_ahead_price,value,2026-06-21T20:22:25Z
2026-06-21T20:21:09Z,2026-06-21T22:21:09+0200,4c728934-15fc-48ae-9cbd-ac5715da9ca9,2026-06-10T11:30:00Z,2026-06-10T13:30:00+0200,71.91,EUR/MWh,DE,DE_LU,day_ahead_price,value,2026-06-21T20:22:25Z
2026-06-21T20:21:09Z,2026-06-21T22:21:09+0200,4c728934-15fc-48ae-9cbd-ac5715da9ca9,2026-06-10T11:45:00Z,2026-06-10T13:45:00+0200,69.92,EUR/MWh,DE,DE_LU,day_ahead_price,value,2026-06-21T20:22:25Z
2026-06-21T20:21:09Z,2026-06-21T22:21:09+0200,4c728934-15fc-48ae-9cbd-ac5715da9ca9,2026-06-10T12:00:00Z,2026-06-10T14:00:00+0200,70.04,EUR/MWh,DE,DE_LU,day_ahead_price,value,2026-06-21T20:22:25Z
2026-06-21T20:21:09Z,2026-06-21T22:21:09+0200,4c728934-15fc-48ae-9cbd-ac5715da9ca9,2026-06-10T12:15:00Z,2026-06-10T14:15:00+0200,72.04,EUR/MWh,DE,DE_LU,day_ahead_price,value,2026-06-21T20:22:25Z
2026-06-21T20:21:09Z,2026-06-21T22:21:09+0200,4c728934-15fc-48ae-9cbd-ac5715da9ca9,2026-06-10T12:30:00Z,2026-06-10T14:30:00+0200,79.02,EUR/MWh,DE,DE_LU,day_ahead_price,value,2026-06-21T20:22:25Z
2026-06-21T20:21:09Z,2026-06-21T22:21:09+0200,4c728934-15fc-48ae-9cbd-ac5715da9ca9,2026-06-10T12:45:00Z,2026-06-10T14:45:00+0200,90.2,EUR/MWh,DE,DE_LU,day_ahead_price,value,2026-06-21T20:22:25Z
2026-06-21T20:21:09Z,2026-06-21T22:21:09+0200,4c728934-15fc-48ae-9cbd-ac5715da9ca9,2026-06-10T13:00:00Z,2026-06-10T15:00:00+0200,71.31,EUR/MWh,DE,DE_LU,day_ahead_price,value,2026-06-21T20:22:25Z
2026-06-21T20:21:09Z,2026-06-21T22:21:09+0200,4c728934-15fc-48ae-9cbd-ac5715da9ca9,2026-06-10T13:15:00Z,2026-06-10T15:15:00+0200,87.05,EUR/MWh,DE,DE_LU,day_ahead_price,value,2026-06-21T20:22:25Z
2026-06-21T20:21:09Z,2026-06-21T22:21:09+0200,4c728934-15fc-48ae-9cbd-ac5715da9ca9,2026-06-10T13:30:00Z,2026-06-10T15:30:00+0200,88.78,EUR/MWh,DE,DE_LU,day_ahead_price,value,2026-06-21T20:22:25Z
2026-06-21T20:21:09Z,2026-06-21T22:21:09+0200,4c728934-15fc-48ae-9cbd-ac5715da9ca9,2026-06-10T13:45:00Z,2026-06-10T15:45:00+0200,99.36,EUR/MWh,DE,DE_LU,day_ahead_price,value,2026-06-21T20:22:25Z
2026-06-21T20:21:09Z,2026-06-21T22:21:09+0200,4c728934-15fc-48ae-9cbd-ac5715da9ca9,2026-06-10T14:00:00Z,2026-06-10T16:00:00+0200,85.53,EUR/MWh,DE,DE_LU,day_ahead_price,value,2026-06-21T20:22:25Z
2026-06-21T20:21:09Z,2026-06-21T22:21:09+0200,4c728934-15fc-48ae-9cbd-ac5715da9ca9,2026-06-10T14:15:00Z,2026-06-10T16:15:00+0200,96.31,EUR/MWh,DE,DE_LU,day_ahead_price,value,2026-06-21T20:22:25Z
2026-06-21T20:21:09Z,2026-06-21T22:21:09+0200,4c728934-15fc-48ae-9cbd-ac5715da9ca9,2026-06-10T14:30:00Z,2026-06-10T16:30:00+0200,108.64,EUR/MWh,DE,DE_LU,day_ahead_price,value,2026-06-21T20:22:25Z
2026-06-21T20:21:09Z,2026-06-21T22:21:09+0200,4c728934-15fc-48ae-9cbd-ac5715da9ca9,2026-06-10T14:45:00Z,2026-06-10T16:45:00+0200,123.33,EUR/MWh,DE,DE_LU,day_ahead_price,value,2026-06-21T20:22:25Z
2026-06-21T20:21:09Z,2026-06-21T22:21:09+0200,4c728934-15fc-48ae-9cbd-ac5715da9ca9,2026-06-10T15:00:00Z,2026-06-10T17:00:00+0200,105.53,EUR/MWh,DE,DE_LU,day_ahead_price,value,2026-06-21T20:22:25Z
2026-06-21T20:21:09Z,2026-06-21T22:21:09+0200,4c728934-15fc-48ae-9cbd-ac5715da9ca9,2026-06-10T15:15:00Z,2026-06-10T17:15:00+0200,119.26,EUR/MWh,DE,DE_LU,day_ahead_price,value,2026-06-21T20:22:25Z
2026-06-21T20:21:09Z,2026-06-21T22:21:09+0200,4c728934-15fc-48ae-9cbd-ac5715da9ca9,2026-06-10T15:30:00Z,2026-06-10T17:30:00+0200,131.9,EUR/MWh,DE,DE_LU,day_ahead_price,value,2026-06-21T20:22:25Z
2026-06-21T20:21:09Z,2026-06-21T22:21:09+0200,4c728934-15fc-48ae-9cbd-ac5715da9ca9,2026-06-10T15:45:00Z,2026-06-10T17:45:00+0200,144.91,EUR/MWh,DE,DE_LU,day_ahead_price,value,2026-06-21T20:22:25Z
2026-06-21T20:21:09Z,2026-06-21T22:21:09+0200,4c728934-15fc-48ae-9cbd-ac5715da9ca9,2026-06-10T16:00:00Z,2026-06-10T18:00:00+0200,123.75,EUR/MWh,DE,DE_LU,day_ahead_price,value,2026-06-21T20:22:25Z
2026-06-21T20:21:09Z,2026-06-21T22:21:09+0200,4c728934-15fc-48ae-9cbd-ac5715da9ca9,2026-06-10T16:15:00Z,2026-06-10T18:15:00+0200,139.17,EUR/MWh,DE,DE_LU,day_ahead_price,value,2026-06-21T20:22:25Z
2026-06-21T20:21:09Z,2026-06-21T22:21:09+0200,4c728934-15fc-48ae-9cbd-ac5715da9ca9,2026-06-10T16:30:00Z,2026-06-10T18:30:00+0200,147.66,EUR/MWh,DE,DE_LU,day_ahead_price,value,2026-06-21T20:22:25Z
2026-06-21T20:21:09Z,2026-06-21T22:21:09+0200,4c728934-15fc-48ae-9cbd-ac5715da9ca9,2026-06-10T16:45:00Z,2026-06-10T18:45:00+0200,151.52,EUR/MWh,DE,DE_LU,day_ahead_price,value,2026-06-21T20:22:25Z
2026-06-21T20:21:09Z,2026-06-21T22:21:09+0200,4c728934-15fc-48ae-9cbd-ac5715da9ca9,2026-06-10T17:00:00Z,2026-06-10T19:00:00+0200,145.05,EUR/MWh,DE,DE_LU,day_ahead_price,value,2026-06-21T20:22:25Z
2026-06-21T20:21:09Z,2026-06-21T22:21:09+0200,4c728934-15fc-48ae-9cbd-ac5715da9ca9,2026-06-10T17:15:00Z,2026-06-10T19:15:00+0200,158.68,EUR/MWh,DE,DE_LU,day_ahead_price,value,2026-06-21T20:22:25Z
2026-06-21T20:21:09Z,2026-06-21T22:21:09+0200,4c728934-15fc-48ae-9cbd-ac5715da9ca9,2026-06-10T17:30:00Z,2026-06-10T19:30:00+0200,177.37,EUR/MWh,DE,DE_LU,day_ahead_price,value,2026-06-21T20:22:25Z
2026-06-21T20:21:09Z,2026-06-21T22:21:09+0200,4c728934-15fc-48ae-9cbd-ac5715da9ca9,2026-06-10T17:45:00Z,2026-06-10T19:45:00+0200,202.77,EUR/MWh,DE,DE_LU,day_ahead_price,value,2026-06-21T20:22:25Z
2026-06-21T20:21:09Z,2026-06-21T22:21:09+0200,4c728934-15fc-48ae-9cbd-ac5715da9ca9,2026-06-10T18:00:00Z,2026-06-10T20:00:00+0200,186.58,EUR/MWh,DE,DE_LU,day_ahead_price,value,2026-06-21T20:22:25Z
2026-06-21T20:21:09Z,2026-06-21T22:21:09+0200,4c728934-15fc-48ae-9cbd-ac5715da9ca9,2026-06-10T18:15:00Z,2026-06-10T20:15:00+0200,203.54,EUR/MWh,DE,DE_LU,day_ahead_price,value,2026-06-21T20:22:25Z
2026-06-21T20:21:09Z,2026-06-21T22:21:09+0200,4c728934-15fc-48ae-9cbd-ac5715da9ca9,2026-06-10T18:30:00Z,2026-06-10T20:30:00+0200,226.12,EUR/MWh,DE,DE_LU,day_ahead_price,value,2026-06-21T20:22:25Z
2026-06-21T20:21:09Z,2026-06-21T22:21:09+0200,4c728934-15fc-48ae-9cbd-ac5715da9ca9,2026-06-10T18:45:00Z,2026-06-10T20:45:00+0200,239.68,EUR/MWh,DE,DE_LU,day_ahead_price,value,2026-06-21T20:22:25Z
2026-06-21T20:21:09Z,2026-06-21T22:21:09+0200,4c728934-15fc-48ae-9cbd-ac5715da9ca9,2026-06-10T19:00:00Z,2026-06-10T21:00:00+0200,226.06,EUR/MWh,DE,DE_LU,day_ahead_price,value,2026-06-21T20:22:25Z
2026-06-21T20:21:09Z,2026-06-21T22:21:09+0200,4c728934-15fc-48ae-9cbd-ac5715da9ca9,2026-06-10T19:15:00Z,2026-06-10T21:15:00+0200,209.8,EUR/MWh,DE,DE_LU,day_ahead_price,value,2026-06-21T20:22:25Z
2026-06-21T20:21:09Z,2026-06-21T22:21:09+0200,4c728934-15fc-48ae-9cbd-ac5715da9ca9,2026-06-10T19:30:00Z,2026-06-10T21:30:00+0200,196.35,EUR/MWh,DE,DE_LU,day_ahead_price,value,2026-06-21T20:22:25Z
2026-06-21T20:21:09Z,2026-06-21T22:21:09+0200,4c728934-15fc-48ae-9cbd-ac5715da9ca9,2026-06-10T19:45:00Z,2026-06-10T21:45:00+0200,187.78,EUR/MWh,DE,DE_LU,day_ahead_price,value,2026-06-21T20:22:25Z
2026-06-21T20:21:09Z,2026-06-21T22:21:09+0200,4c728934-15fc-48ae-9cbd-ac5715da9ca9,2026-06-10T20:00:00Z,2026-06-10T22:00:00+0200,189.2,EUR/MWh,DE,DE_LU,day_ahead_price,value,2026-06-21T20:22:25Z
2026-06-21T20:21:09Z,2026-06-21T22:21:09+0200,4c728934-15fc-48ae-9cbd-ac5715da9ca9,2026-06-10T20:15:00Z,2026-06-10T22:15:00+0200,176.19,EUR/MWh,DE,DE_LU,day_ahead_price,value,2026-06-21T20:22:25Z
2026-06-21T20:21:09Z,2026-06-21T22:21:09+0200,4c728934-15fc-48ae-9cbd-ac5715da9ca9,2026-06-10T20:30:00Z,2026-06-10T22:30:00+0200,162.06,EUR/MWh,DE,DE_LU,day_ahead_price,value,2026-06-21T20:22:25Z
2026-06-21T20:21:09Z,2026-06-21T22:21:09+0200,4c728934-15fc-48ae-9cbd-ac5715da9ca9,2026-06-10T20:45:00Z,2026-06-10T22:45:00+0200,147.09,EUR/MWh,DE,DE_LU,day_ahead_price,value,2026-06-21T20:22:25Z
2026-06-21T20:21:09Z,2026-06-21T22:21:09+0200,4c728934-15fc-48ae-9cbd-ac5715da9ca9,2026-06-10T21:00:00Z,2026-06-10T23:00:00+0200,169.8,EUR/MWh,DE,DE_LU,day_ahead_price,value,2026-06-21T20:22:25Z
2026-06-21T20:21:09Z,2026-06-21T22:21:09+0200,4c728934-15fc-48ae-9cbd-ac5715da9ca9,2026-06-10T21:15:00Z,2026-06-10T23:15:00+0200,149.99,EUR/MWh,DE,DE_LU,day_ahead_price,value,2026-06-21T20:22:25Z
2026-06-21T20:21:09Z,2026-06-21T22:21:09+0200,4c728934-15fc-48ae-9cbd-ac5715da9ca9,2026-06-10T21:30:00Z,2026-06-10T23:30:00+0200,146.65,EUR/MWh,DE,DE_LU,day_ahead_price,value,2026-06-21T20:22:25Z
2026-06-21T20:21:09Z,2026-06-21T22:21:09+0200,4c728934-15fc-48ae-9cbd-ac5715da9ca9,2026-06-10T21:45:00Z,2026-06-10T23:45:00+0200,140.56,EUR/MWh,DE,DE_LU,day_ahead_price,value,2026-06-21T20:22:25Z
2026-06-21T20:21:09Z,2026-06-21T22:21:09+0200,4c728934-15fc-48ae-9cbd-ac5715da9ca9,2026-06-10T22:00:00Z,2026-06-11T00:00:00+0200,147.22,EUR/MWh,DE,DE_LU,day_ahead_price,value,2026-06-21T20:22:25Z
2026-06-21T20:21:09Z,2026-06-21T22:21:09+0200,4c728934-15fc-48ae-9cbd-ac5715da9ca9,2026-06-10T22:15:00Z,2026-06-11T00:15:00+0200,140.88,EUR/MWh,DE,DE_LU,day_ahead_price,value,2026-06-21T20:22:25Z
2026-06-21T20:21:09Z,2026-06-21T22:21:09+0200,4c728934-15fc-48ae-9cbd-ac5715da9ca9,2026-06-10T22:30:00Z,2026-06-11T00:30:00+0200,141.48,EUR/MWh,DE,DE_LU,day_ahead_price,value,2026-06-21T20:22:25Z
2026-06-21T20:21:09Z,2026-06-21T22:21:09+0200,4c728934-15fc-48ae-9cbd-ac5715da9ca9,2026-06-10T22:45:00Z,2026-06-11T00:45:00+0200,133.35,EUR/MWh,DE,DE_LU,day_ahead_price,value,2026-06-21T20:22:25Z
2026-06-21T20:21:09Z,2026-06-21T22:21:09+0200,4c728934-15fc-48ae-9cbd-ac5715da9ca9,2026-06-10T23:00:00Z,2026-06-11T01:00:00+0200,138.53,EUR/MWh,DE,DE_LU,day_ahead_price,value,2026-06-21T20:22:25Z
2026-06-21T20:21:09Z,2026-06-21T22:21:09+0200,4c728934-15fc-48ae-9cbd-ac5715da9ca9,2026-06-10T23:15:00Z,2026-06-11T01:15:00+0200,134.95,EUR/MWh,DE,DE_LU,day_ahead_price,value,2026-06-21T20:22:25Z
2026-06-21T20:21:09Z,2026-06-21T22:21:09+0200,4c728934-15fc-48ae-9cbd-ac5715da9ca9,2026-06-10T23:30:00Z,2026-06-11T01:30:00+0200,131.42,EUR/MWh,DE,DE_LU,day_ahead_price,value,2026-06-21T20:22:25Z
2026-06-21T20:21:09Z,2026-06-21T22:21:09+0200,4c728934-15fc-48ae-9cbd-ac5715da9ca9,2026-06-10T23:45:00Z,2026-06-11T01:45:00+0200,129.05,EUR/MWh,DE,DE_LU,day_ahead_price,value,2026-06-21T20:22:25Z
2026-06-21T20:21:09Z,2026-06-21T22:21:09+0200,4c728934-15fc-48ae-9cbd-ac5715da9ca9,2026-06-11T00:00:00Z,2026-06-11T02:00:00+0200,130.2,EUR/MWh,DE,DE_LU,day_ahead_price,value,2026-06-21T20:22:25Z
2026-06-21T20:21:09Z,2026-06-21T22:21:09+0200,4c728934-15fc-48ae-9cbd-ac5715da9ca9,2026-06-11T00:15:00Z,2026-06-11T02:15:00+0200,126.5,EUR/MWh,DE,DE_LU,day_ahead_price,value,2026-06-21T20:22:25Z
2026-06-21T20:21:09Z,2026-06-21T22:21:09+0200,4c728934-15fc-48ae-9cbd-ac5715da9ca9,2026-06-11T00:30:00Z,2026-06-11T02:30:00+0200,124.57,EUR/MWh,DE,DE_LU,day_ahead_price,value,2026-06-21T20:22:25Z
2026-06-21T20:21:09Z,2026-06-21T22:21:09+0200,4c728934-15fc-48ae-9cbd-ac5715da9ca9,2026-06-11T00:45:00Z,2026-06-11T02:45:00+0200,123.51,EUR/MWh,DE,DE_LU,day_ahead_price,value,2026-06-21T20:22:25Z
2026-06-21T20:21:09Z,2026-06-21T22:21:09+0200,4c728934-15fc-48ae-9cbd-ac5715da9ca9,2026-06-11T01:00:00Z,2026-06-11T03:00:00+0200,128.26,EUR/MWh,DE,DE_LU,day_ahead_price,value,2026-06-21T20:22:25Z
2026-06-21T20:21:09Z,2026-06-21T22:21:09+0200,4c728934-15fc-48ae-9cbd-ac5715da9ca9,2026-06-11T01:15:00Z,2026-06-11T03:15:00+0200,125.13,EUR/MWh,DE,DE_LU,day_ahead_price,value,2026-06-21T20:22:25Z
2026-06-21T20:21:09Z,2026-06-21T22:21:09+0200,4c728934-15fc-48ae-9cbd-ac5715da9ca9,2026-06-11T01:30:00Z,2026-06-11T03:30:00+0200,125.65,EUR/MWh,DE,DE_LU,day_ahead_price,value,2026-06-21T20:22:25Z
2026-06-21T20:21:09Z,2026-06-21T22:21:09+0200,4c728934-15fc-48ae-9cbd-ac5715da9ca9,2026-06-11T01:45:00Z,2026-06-11T03:45:00+0200,123.99,EUR/MWh,DE,DE_LU,day_ahead_price,value,2026-06-21T20:22:25Z
2026-06-21T20:21:09Z,2026-06-21T22:21:09+0200,4c728934-15fc-48ae-9cbd-ac5715da9ca9,2026-06-11T02:00:00Z,2026-06-11T04:00:00+0200,125.23,EUR/MWh,DE,DE_LU,day_ahead_price,value,2026-06-21T20:22:25Z
2026-06-21T20:21:09Z,2026-06-21T22:21:09+0200,4c728934-15fc-48ae-9cbd-ac5715da9ca9,2026-06-11T02:15:00Z,2026-06-11T04:15:00+0200,125.5,EUR/MWh,DE,DE_LU,day_ahead_price,value,2026-06-21T20:22:25Z
2026-06-21T20:21:09Z,2026-06-21T22:21:09+0200,4c728934-15fc-48ae-9cbd-ac5715da9ca9,2026-06-11T02:30:00Z,2026-06-11T04:30:00+0200,126.02,EUR/MWh,DE,DE_LU,day_ahead_price,value,2026-06-21T20:22:25Z
2026-06-21T20:21:09Z,2026-06-21T22:21:09+0200,4c728934-15fc-48ae-9cbd-ac5715da9ca9,2026-06-11T02:45:00Z,2026-06-11T04:45:00+0200,127.43,EUR/MWh,DE,DE_LU,day_ahead_price,value,2026-06-21T20:22:25Z
2026-06-21T20:21:09Z,2026-06-21T22:21:09+0200,4c728934-15fc-48ae-9cbd-ac5715da9ca9,2026-06-11T03:00:00Z,2026-06-11T05:00:00+0200,123.99,EUR/MWh,DE,DE_LU,day_ahead_price,value,2026-06-21T20:22:25Z
2026-06-21T20:21:09Z,2026-06-21T22:21:09+0200,4c728934-15fc-48ae-9cbd-ac5715da9ca9,2026-06-11T03:15:00Z,2026-06-11T05:15:00+0200,123.86,EUR/MWh,DE,DE_LU,day_ahead_price,value,2026-06-21T20:22:25Z
2026-06-21T20:21:09Z,2026-06-21T22:21:09+0200,4c728934-15fc-48ae-9cbd-ac5715da9ca9,2026-06-11T03:30:00Z,2026-06-11T05:30:00+0200,127.62,EUR/MWh,DE,DE_LU,day_ahead_price,value,2026-06-21T20:22:25Z
2026-06-21T20:21:09Z,2026-06-21T22:21:09+0200,4c728934-15fc-48ae-9cbd-ac5715da9ca9,2026-06-11T03:45:00Z,2026-06-11T05:45:00+0200,131.18,EUR/MWh,DE,DE_LU,day_ahead_price,value,2026-06-21T20:22:25Z
2026-06-21T20:21:09Z,2026-06-21T22:21:09+0200,4c728934-15fc-48ae-9cbd-ac5715da9ca9,2026-06-11T04:00:00Z,2026-06-11T06:00:00+0200,135.19,EUR/MWh,DE,DE_LU,day_ahead_price,value,2026-06-21T20:22:25Z
2026-06-21T20:21:09Z,2026-06-21T22:21:09+0200,4c728934-15fc-48ae-9cbd-ac5715da9ca9,2026-06-11T04:15:00Z,2026-06-11T06:15:00+0200,139.53,EUR/MWh,DE,DE_LU,day_ahead_price,value,2026-06-21T20:22:25Z
2026-06-21T20:21:09Z,2026-06-21T22:21:09+0200,4c728934-15fc-48ae-9cbd-ac5715da9ca9,2026-06-11T04:30:00Z,2026-06-11T06:30:00+0200,140.0,EUR/MWh,DE,DE_LU,day_ahead_price,value,2026-06-21T20:22:25Z
2026-06-21T20:21:09Z,2026-06-21T22:21:09+0200,4c728934-15fc-48ae-9cbd-ac5715da9ca9,2026-06-11T04:45:00Z,2026-06-11T06:45:00+0200,138.6,EUR/MWh,DE,DE_LU,day_ahead_price,value,2026-06-21T20:22:25Z
2026-06-21T20:21:09Z,2026-06-21T22:21:09+0200,4c728934-15fc-48ae-9cbd-ac5715da9ca9,2026-06-11T05:00:00Z,2026-06-11T07:00:00+0200,154.08,EUR/MWh,DE,DE_LU,day_ahead_price,value,2026-06-21T20:22:25Z
2026-06-21T20:21:09Z,2026-06-21T22:21:09+0200,4c728934-15fc-48ae-9cbd-ac5715da9ca9,2026-06-11T05:15:00Z,2026-06-11T07:15:00+0200,139.93,EUR/MWh,DE,DE_LU,day_ahead_price,value,2026-06-21T20:22:25Z
2026-06-21T20:21:09Z,2026-06-21T22:21:09+0200,4c728934-15fc-48ae-9cbd-ac5715da9ca9,2026-06-11T05:30:00Z,2026-06-11T07:30:00+0200,134.88,EUR/MWh,DE,DE_LU,day_ahead_price,value,2026-06-21T20:22:25Z
2026-06-21T20:21:09Z,2026-06-21T22:21:09+0200,4c728934-15fc-48ae-9cbd-ac5715da9ca9,2026-06-11T05:45:00Z,2026-06-11T07:45:00+0200,126.3,EUR/MWh,DE,DE_LU,day_ahead_price,value,2026-06-21T20:22:25Z
2026-06-21T20:21:09Z,2026-06-21T22:21:09+0200,4c728934-15fc-48ae-9cbd-ac5715da9ca9,2026-06-11T06:00:00Z,2026-06-11T08:00:00+0200,142.42,EUR/MWh,DE,DE_LU,day_ahead_price,value,2026-06-21T20:22:25Z
2026-06-21T20:21:09Z,2026-06-21T22:21:09+0200,4c728934-15fc-48ae-9cbd-ac5715da9ca9,2026-06-11T06:15:00Z,2026-06-11T08:15:00+0200,134.02,EUR/MWh,DE,DE_LU,day_ahead_price,value,2026-06-21T20:22:25Z
2026-06-21T20:21:09Z,2026-06-21T22:21:09+0200,4c728934-15fc-48ae-9cbd-ac5715da9ca9,2026-06-11T06:30:00Z,2026-06-11T08:30:00+0200,122.79,EUR/MWh,DE,DE_LU,day_ahead_price,value,2026-06-21T20:22:25Z
2026-06-21T20:21:09Z,2026-06-21T22:21:09+0200,4c728934-15fc-48ae-9cbd-ac5715da9ca9,2026-06-11T06:45:00Z,2026-06-11T08:45:00+0200,107.33,EUR/MWh,DE,DE_LU,day_ahead_price,value,2026-06-21T20:22:25Z
2026-06-21T20:21:09Z,2026-06-21T22:21:09+0200,4c728934-15fc-48ae-9cbd-ac5715da9ca9,2026-06-11T07:00:00Z,2026-06-11T09:00:00+0200,119.28,EUR/MWh,DE,DE_LU,day_ahead_price,value,2026-06-21T20:22:25Z
2026-06-21T20:21:09Z,2026-06-21T22:21:09+0200,4c728934-15fc-48ae-9cbd-ac5715da9ca9,2026-06-11T07:15:00Z,2026-06-11T09:15:00+0200,106.67,EUR/MWh,DE,DE_LU,day_ahead_price,value,2026-06-21T20:22:25Z
2026-06-21T20:21:09Z,2026-06-21T22:21:09+0200,4c728934-15fc-48ae-9cbd-ac5715da9ca9,2026-06-11T07:30:00Z,2026-06-11T09:30:00+0200,99.31,EUR/MWh,DE,DE_LU,day_ahead_price,value,2026-06-21T20:22:25Z
2026-06-21T20:21:09Z,2026-06-21T22:21:09+0200,4c728934-15fc-48ae-9cbd-ac5715da9ca9,2026-06-11T07:45:00Z,2026-06-11T09:45:00+0200,89.93,EUR/MWh,DE,DE_LU,day_ahead_price,value,2026-06-21T20:22:25Z
2026-06-21T20:21:09Z,2026-06-21T22:21:09+0200,4c728934-15fc-48ae-9cbd-ac5715da9ca9,2026-06-11T08:00:00Z,2026-06-11T10:00:00+0200,105.49,EUR/MWh,DE,DE_LU,day_ahead_price,value,2026-06-21T20:22:25Z
2026-06-21T20:21:09Z,2026-06-21T22:21:09+0200,4c728934-15fc-48ae-9cbd-ac5715da9ca9,2026-06-11T08:15:00Z,2026-06-11T10:15:00+0200,93.17,EUR/MWh,DE,DE_LU,day_ahead_price,value,2026-06-21T20:22:25Z
2026-06-21T20:21:09Z,2026-06-21T22:21:09+0200,4c728934-15fc-48ae-9cbd-ac5715da9ca9,2026-06-11T08:30:00Z,2026-06-11T10:30:00+0200,83.72,EUR/MWh,DE,DE_LU,day_ahead_price,value,2026-06-21T20:22:25Z
2026-06-21T20:21:09Z,2026-06-21T22:21:09+0200,4c728934-15fc-48ae-9cbd-ac5715da9ca9,2026-06-11T08:45:00Z,2026-06-11T10:45:00+0200,79.79,EUR/MWh,DE,DE_LU,day_ahead_price,value,2026-06-21T20:22:25Z
2026-06-21T20:21:09Z,2026-06-21T22:21:09+0200,4c728934-15fc-48ae-9cbd-ac5715da9ca9,2026-06-11T09:00:00Z,2026-06-11T11:00:00+0200,89.69,EUR/MWh,DE,DE_LU,day_ahead_price,value,2026-06-21T20:22:25Z
2026-06-21T20:21:09Z,2026-06-21T22:21:09+0200,4c728934-15fc-48ae-9cbd-ac5715da9ca9,2026-06-11T09:15:00Z,2026-06-11T11:15:00+0200,78.99,EUR/MWh,DE,DE_LU,day_ahead_price,value,2026-06-21T20:22:25Z
2026-06-21T20:21:09Z,2026-06-21T22:21:09+0200,4c728934-15fc-48ae-9cbd-ac5715da9ca9,2026-06-11T09:30:00Z,2026-06-11T11:30:00+0200,73.61,EUR/MWh,DE,DE_LU,day_ahead_price,value,2026-06-21T20:22:25Z
2026-06-21T20:21:09Z,2026-06-21T22:21:09+0200,4c728934-15fc-48ae-9cbd-ac5715da9ca9,2026-06-11T09:45:00Z,2026-06-11T11:45:00+0200,65.6,EUR/MWh,DE,DE_LU,day_ahead_price,value,2026-06-21T20:22:25Z
2026-06-21T20:21:09Z,2026-06-21T22:21:09+0200,4c728934-15fc-48ae-9cbd-ac5715da9ca9,2026-06-11T10:00:00Z,2026-06-11T12:00:00+0200,67.03,EUR/MWh,DE,DE_LU,day_ahead_price,value,2026-06-21T20:22:25Z
2026-06-21T20:21:09Z,2026-06-21T22:21:09+0200,4c728934-15fc-48ae-9cbd-ac5715da9ca9,2026-06-11T10:15:00Z,2026-06-11T12:15:00+0200,61.78,EUR/MWh,DE,DE_LU,day_ahead_price,value,2026-06-21T20:22:25Z
2026-06-21T20:21:09Z,2026-06-21T22:21:09+0200,4c728934-15fc-48ae-9cbd-ac5715da9ca9,2026-06-11T10:30:00Z,2026-06-11T12:30:00+0200,58.62,EUR/MWh,DE,DE_LU,day_ahead_price,value,2026-06-21T20:22:25Z
2026-06-21T20:21:09Z,2026-06-21T22:21:09+0200,4c728934-15fc-48ae-9cbd-ac5715da9ca9,2026-06-11T10:45:00Z,2026-06-11T12:45:00+0200,53.66,EUR/MWh,DE,DE_LU,day_ahead_price,value,2026-06-21T20:22:25Z
2026-06-21T20:21:09Z,2026-06-21T22:21:09+0200,4c728934-15fc-48ae-9cbd-ac5715da9ca9,2026-06-11T11:00:00Z,2026-06-11T13:00:00+0200,59.34,EUR/MWh,DE,DE_LU,day_ahead_price,value,2026-06-21T20:22:25Z
2026-06-21T20:21:09Z,2026-06-21T22:21:09+0200,4c728934-15fc-48ae-9cbd-ac5715da9ca9,2026-06-11T11:15:00Z,2026-06-11T13:15:00+0200,49.35,EUR/MWh,DE,DE_LU,day_ahead_price,value,2026-06-21T20:22:25Z
2026-06-21T20:21:09Z,2026-06-21T22:21:09+0200,4c728934-15fc-48ae-9cbd-ac5715da9ca9,2026-06-11T11:30:00Z,2026-06-11T13:30:00+0200,42.21,EUR/MWh,DE,DE_LU,day_ahead_price,value,2026-06-21T20:22:25Z
2026-06-21T20:21:09Z,2026-06-21T22:21:09+0200,4c728934-15fc-48ae-9cbd-ac5715da9ca9,2026-06-11T11:45:00Z,2026-06-11T13:45:00+0200,30.34,EUR/MWh,DE,DE_LU,day_ahead_price,value,2026-06-21T20:22:25Z
2026-06-21T20:21:09Z,2026-06-21T22:21:09+0200,4c728934-15fc-48ae-9cbd-ac5715da9ca9,2026-06-11T12:00:00Z,2026-06-11T14:00:00+0200,33.92,EUR/MWh,DE,DE_LU,day_ahead_price,value,2026-06-21T20:22:25Z
2026-06-21T20:21:09Z,2026-06-21T22:21:09+0200,4c728934-15fc-48ae-9cbd-ac5715da9ca9,2026-06-11T12:15:00Z,2026-06-11T14:15:00+0200,32.3,EUR/MWh,DE,DE_LU,day_ahead_price,value,2026-06-21T20:22:25Z
2026-06-21T20:21:09Z,2026-06-21T22:21:09+0200,4c728934-15fc-48ae-9cbd-ac5715da9ca9,2026-06-11T12:30:00Z,2026-06-11T14:30:00+0200,30.07,EUR/MWh,DE,DE_LU,day_ahead_price,value,2026-06-21T20:22:25Z
2026-06-21T20:21:09Z,2026-06-21T22:21:09+0200,4c728934-15fc-48ae-9cbd-ac5715da9ca9,2026-06-11T12:45:00Z,2026-06-11T14:45:00+0200,30.03,EUR/MWh,DE,DE_LU,day_ahead_price,value,2026-06-21T20:22:25Z
2026-06-21T20:21:09Z,2026-06-21T22:21:09+0200,4c728934-15fc-48ae-9cbd-ac5715da9ca9,2026-06-11T13:00:00Z,2026-06-11T15:00:00+0200,39.94,EUR/MWh,DE,DE_LU,day_ahead_price,value,2026-06-21T20:22:25Z
2026-06-21T20:21:09Z,2026-06-21T22:21:09+0200,4c728934-15fc-48ae-9cbd-ac5715da9ca9,2026-06-11T13:15:00Z,2026-06-11T15:15:00+0200,46.02,EUR/MWh,DE,DE_LU,day_ahead_price,value,2026-06-21T20:22:25Z
2026-06-21T20:21:09Z,2026-06-21T22:21:09+0200,4c728934-15fc-48ae-9cbd-ac5715da9ca9,2026-06-11T13:30:00Z,2026-06-11T15:30:00+0200,51.78,EUR/MWh,DE,DE_LU,day_ahead_price,value,2026-06-21T20:22:25Z
2026-06-21T20:21:09Z,2026-06-21T22:21:09+0200,4c728934-15fc-48ae-9cbd-ac5715da9ca9,2026-06-11T13:45:00Z,2026-06-11T15:45:00+0200,66.36,EUR/MWh,DE,DE_LU,day_ahead_price,value,2026-06-21T20:22:25Z
2026-06-21T20:21:09Z,2026-06-21T22:21:09+0200,4c728934-15fc-48ae-9cbd-ac5715da9ca9,2026-06-11T14:00:00Z,2026-06-11T16:00:00+0200,52.8,EUR/MWh,DE,DE_LU,day_ahead_price,value,2026-06-21T20:22:25Z
2026-06-21T20:21:09Z,2026-06-21T22:21:09+0200,4c728934-15fc-48ae-9cbd-ac5715da9ca9,2026-06-11T14:15:00Z,2026-06-11T16:15:00+0200,71.97,EUR/MWh,DE,DE_LU,day_ahead_price,value,2026-06-21T20:22:25Z
2026-06-21T20:21:09Z,2026-06-21T22:21:09+0200,4c728934-15fc-48ae-9cbd-ac5715da9ca9,2026-06-11T14:30:00Z,2026-06-11T16:30:00+0200,85.02,EUR/MWh,DE,DE_LU,day_ahead_price,value,2026-06-21T20:22:25Z
2026-06-21T20:21:09Z,2026-06-21T22:21:09+0200,4c728934-15fc-48ae-9cbd-ac5715da9ca9,2026-06-11T14:45:00Z,2026-06-11T16:45:00+0200,104.08,EUR/MWh,DE,DE_LU,day_ahead_price,value,2026-06-21T20:22:25Z
2026-06-21T20:21:09Z,2026-06-21T22:21:09+0200,4c728934-15fc-48ae-9cbd-ac5715da9ca9,2026-06-11T15:00:00Z,2026-06-11T17:00:00+0200,77.87,EUR/MWh,DE,DE_LU,day_ahead_price,value,2026-06-21T20:22:25Z
2026-06-21T20:21:09Z,2026-06-21T22:21:09+0200,4c728934-15fc-48ae-9cbd-ac5715da9ca9,2026-06-11T15:15:00Z,2026-06-11T17:15:00+0200,100.0,EUR/MWh,DE,DE_LU,day_ahead_price,value,2026-06-21T20:22:25Z
2026-06-21T20:21:09Z,2026-06-21T22:21:09+0200,4c728934-15fc-48ae-9cbd-ac5715da9ca9,2026-06-11T15:30:00Z,2026-06-11T17:30:00+0200,107.77,EUR/MWh,DE,DE_LU,day_ahead_price,value,2026-06-21T20:22:25Z
2026-06-21T20:21:09Z,2026-06-21T22:21:09+0200,4c728934-15fc-48ae-9cbd-ac5715da9ca9,2026-06-11T15:45:00Z,2026-06-11T17:45:00+0200,120.75,EUR/MWh,DE,DE_LU,day_ahead_price,value,2026-06-21T20:22:25Z
2026-06-21T20:21:09Z,2026-06-21T22:21:09+0200,4c728934-15fc-48ae-9cbd-ac5715da9ca9,2026-06-11T16:00:00Z,2026-06-11T18:00:00+0200,110.54,EUR/MWh,DE,DE_LU,day_ahead_price,value,2026-06-21T20:22:25Z
2026-06-21T20:21:09Z,2026-06-21T22:21:09+0200,4c728934-15fc-48ae-9cbd-ac5715da9ca9,2026-06-11T16:15:00Z,2026-06-11T18:15:00+0200,118.11,EUR/MWh,DE,DE_LU,day_ahead_price,value,2026-06-21T20:22:25Z
2026-06-21T20:21:09Z,2026-06-21T22:21:09+0200,4c728934-15fc-48ae-9cbd-ac5715da9ca9,2026-06-11T16:30:00Z,2026-06-11T18:30:00+0200,133.28,EUR/MWh,DE,DE_LU,day_ahead_price,value,2026-06-21T20:22:25Z
2026-06-21T20:21:09Z,2026-06-21T22:21:09+0200,4c728934-15fc-48ae-9cbd-ac5715da9ca9,2026-06-11T16:45:00Z,2026-06-11T18:45:00+0200,149.99,EUR/MWh,DE,DE_LU,day_ahead_price,value,2026-06-21T20:22:25Z
2026-06-21T20:21:09Z,2026-06-21T22:21:09+0200,4c728934-15fc-48ae-9cbd-ac5715da9ca9,2026-06-11T17:00:00Z,2026-06-11T19:00:00+0200,126.37,EUR/MWh,DE,DE_LU,day_ahead_price,value,2026-06-21T20:22:25Z
2026-06-21T20:21:09Z,2026-06-21T22:21:09+0200,4c728934-15fc-48ae-9cbd-ac5715da9ca9,2026-06-11T17:15:00Z,2026-06-11T19:15:00+0200,139.34,EUR/MWh,DE,DE_LU,day_ahead_price,value,2026-06-21T20:22:25Z
2026-06-21T20:21:09Z,2026-06-21T22:21:09+0200,4c728934-15fc-48ae-9cbd-ac5715da9ca9,2026-06-11T17:30:00Z,2026-06-11T19:30:00+0200,150.06,EUR/MWh,DE,DE_LU,day_ahead_price,value,2026-06-21T20:22:25Z
2026-06-21T20:21:09Z,2026-06-21T22:21:09+0200,4c728934-15fc-48ae-9cbd-ac5715da9ca9,2026-06-11T17:45:00Z,2026-06-11T19:45:00+0200,169.17,EUR/MWh,DE,DE_LU,day_ahead_price,value,2026-06-21T20:22:25Z
2026-06-21T20:21:09Z,2026-06-21T22:21:09+0200,4c728934-15fc-48ae-9cbd-ac5715da9ca9,2026-06-11T18:00:00Z,2026-06-11T20:00:00+0200,159.4,EUR/MWh,DE,DE_LU,day_ahead_price,value,2026-06-21T20:22:25Z
2026-06-21T20:21:09Z,2026-06-21T22:21:09+0200,4c728934-15fc-48ae-9cbd-ac5715da9ca9,2026-06-11T18:15:00Z,2026-06-11T20:15:00+0200,168.88,EUR/MWh,DE,DE_LU,day_ahead_price,value,2026-06-21T20:22:25Z
2026-06-21T20:21:09Z,2026-06-21T22:21:09+0200,4c728934-15fc-48ae-9cbd-ac5715da9ca9,2026-06-11T18:30:00Z,2026-06-11T20:30:00+0200,183.74,EUR/MWh,DE,DE_LU,day_ahead_price,value,2026-06-21T20:22:25Z
2026-06-21T20:21:09Z,2026-06-21T22:21:09+0200,4c728934-15fc-48ae-9cbd-ac5715da9ca9,2026-06-11T18:45:00Z,2026-06-11T20:45:00+0200,187.41,EUR/MWh,DE,DE_LU,day_ahead_price,value,2026-06-21T20:22:25Z
2026-06-21T20:21:09Z,2026-06-21T22:21:09+0200,4c728934-15fc-48ae-9cbd-ac5715da9ca9,2026-06-11T19:00:00Z,2026-06-11T21:00:00+0200,183.29,EUR/MWh,DE,DE_LU,day_ahead_price,value,2026-06-21T20:22:25Z
2026-06-21T20:21:09Z,2026-06-21T22:21:09+0200,4c728934-15fc-48ae-9cbd-ac5715da9ca9,2026-06-11T19:15:00Z,2026-06-11T21:15:00+0200,172.46,EUR/MWh,DE,DE_LU,day_ahead_price,value,2026-06-21T20:22:25Z
2026-06-21T20:21:09Z,2026-06-21T22:21:09+0200,4c728934-15fc-48ae-9cbd-ac5715da9ca9,2026-06-11T19:30:00Z,2026-06-11T21:30:00+0200,161.2,EUR/MWh,DE,DE_LU,day_ahead_price,value,2026-06-21T20:22:25Z
2026-06-21T20:21:09Z,2026-06-21T22:21:09+0200,4c728934-15fc-48ae-9cbd-ac5715da9ca9,2026-06-11T19:45:00Z,2026-06-11T21:45:00+0200,142.82,EUR/MWh,DE,DE_LU,day_ahead_price,value,2026-06-21T20:22:25Z
2026-06-21T20:21:09Z,2026-06-21T22:21:09+0200,4c728934-15fc-48ae-9cbd-ac5715da9ca9,2026-06-11T20:00:00Z,2026-06-11T22:00:00+0200,152.66,EUR/MWh,DE,DE_LU,day_ahead_price,value,2026-06-21T20:22:25Z
2026-06-21T20:21:09Z,2026-06-21T22:21:09+0200,4c728934-15fc-48ae-9cbd-ac5715da9ca9,2026-06-11T20:15:00Z,2026-06-11T22:15:00+0200,143.04,EUR/MWh,DE,DE_LU,day_ahead_price,value,2026-06-21T20:22:25Z
2026-06-21T20:21:09Z,2026-06-21T22:21:09+0200,4c728934-15fc-48ae-9cbd-ac5715da9ca9,2026-06-11T20:30:00Z,2026-06-11T22:30:00+0200,131.98,EUR/MWh,DE,DE_LU,day_ahead_price,value,2026-06-21T20:22:25Z
2026-06-21T20:21:09Z,2026-06-21T22:21:09+0200,4c728934-15fc-48ae-9cbd-ac5715da9ca9,2026-06-11T20:45:00Z,2026-06-11T22:45:00+0200,121.25,EUR/MWh,DE,DE_LU,day_ahead_price,value,2026-06-21T20:22:25Z
2026-06-21T20:21:09Z,2026-06-21T22:21:09+0200,4c728934-15fc-48ae-9cbd-ac5715da9ca9,2026-06-11T21:00:00Z,2026-06-11T23:00:00+0200,128.03,EUR/MWh,DE,DE_LU,day_ahead_price,value,2026-06-21T20:22:25Z
2026-06-21T20:21:09Z,2026-06-21T22:21:09+0200,4c728934-15fc-48ae-9cbd-ac5715da9ca9,2026-06-11T21:15:00Z,2026-06-11T23:15:00+0200,119.99,EUR/MWh,DE,DE_LU,day_ahead_price,value,2026-06-21T20:22:25Z
2026-06-21T20:21:09Z,2026-06-21T22:21:09+0200,4c728934-15fc-48ae-9cbd-ac5715da9ca9,2026-06-11T21:30:00Z,2026-06-11T23:30:00+0200,114.37,EUR/MWh,DE,DE_LU,day_ahead_price,value,2026-06-21T20:22:25Z
2026-06-21T20:21:09Z,2026-06-21T22:21:09+0200,4c728934-15fc-48ae-9cbd-ac5715da9ca9,2026-06-11T21:45:00Z,2026-06-11T23:45:00+0200,101.86,EUR/MWh,DE,DE_LU,day_ahead_price,value,2026-06-21T20:22:25Z
2026-06-21T20:21:09Z,2026-06-21T22:21:09+0200,4c728934-15fc-48ae-9cbd-ac5715da9ca9,2026-06-11T22:00:00Z,2026-06-12T00:00:00+0200,128.14,EUR/MWh,DE,DE_LU,day_ahead_price,value,2026-06-21T20:22:25Z
2026-06-21T20:21:09Z,2026-06-21T22:21:09+0200,4c728934-15fc-48ae-9cbd-ac5715da9ca9,2026-06-11T22:15:00Z,2026-06-12T00:15:00+0200,119.99,EUR/MWh,DE,DE_LU,day_ahead_price,value,2026-06-21T20:22:25Z
2026-06-21T20:21:09Z,2026-06-21T22:21:09+0200,4c728934-15fc-48ae-9cbd-ac5715da9ca9,2026-06-11T22:30:00Z,2026-06-12T00:30:00+0200,113.8,EUR/MWh,DE,DE_LU,day_ahead_price,value,2026-06-21T20:22:25Z
2026-06-21T20:21:09Z,2026-06-21T22:21:09+0200,4c728934-15fc-48ae-9cbd-ac5715da9ca9,2026-06-11T22:45:00Z,2026-06-12T00:45:00+0200,105.65,EUR/MWh,DE,DE_LU,day_ahead_price,value,2026-06-21T20:22:25Z
2026-06-21T20:21:09Z,2026-06-21T22:21:09+0200,4c728934-15fc-48ae-9cbd-ac5715da9ca9,2026-06-11T23:00:00Z,2026-06-12T01:00:00+0200,112.92,EUR/MWh,DE,DE_LU,day_ahead_price,value,2026-06-21T20:22:25Z
2026-06-21T20:21:09Z,2026-06-21T22:21:09+0200,4c728934-15fc-48ae-9cbd-ac5715da9ca9,2026-06-11T23:15:00Z,2026-06-12T01:15:00+0200,107.02,EUR/MWh,DE,DE_LU,day_ahead_price,value,2026-06-21T20:22:25Z
2026-06-21T20:21:09Z,2026-06-21T22:21:09+0200,4c728934-15fc-48ae-9cbd-ac5715da9ca9,2026-06-11T23:30:00Z,2026-06-12T01:30:00+0200,99.11,EUR/MWh,DE,DE_LU,day_ahead_price,value,2026-06-21T20:22:25Z
2026-06-21T20:21:09Z,2026-06-21T22:21:09+0200,4c728934-15fc-48ae-9cbd-ac5715da9ca9,2026-06-11T23:45:00Z,2026-06-12T01:45:00+0200,89.0,EUR/MWh,DE,DE_LU,day_ahead_price,value,2026-06-21T20:22:25Z
2026-06-21T20:21:09Z,2026-06-21T22:21:09+0200,4c728934-15fc-48ae-9cbd-ac5715da9ca9,2026-06-12T00:00:00Z,2026-06-12T02:00:00+0200,101.48,EUR/MWh,DE,DE_LU,day_ahead_price,value,2026-06-21T20:22:25Z
2026-06-21T20:21:09Z,2026-06-21T22:21:09+0200,4c728934-15fc-48ae-9cbd-ac5715da9ca9,2026-06-12T00:15:00Z,2026-06-12T02:15:00+0200,96.28,EUR/MWh,DE,DE_LU,day_ahead_price,value,2026-06-21T20:22:25Z
2026-06-21T20:21:09Z,2026-06-21T22:21:09+0200,4c728934-15fc-48ae-9cbd-ac5715da9ca9,2026-06-12T00:30:00Z,2026-06-12T02:30:00+0200,93.9,EUR/MWh,DE,DE_LU,day_ahead_price,value,2026-06-21T20:22:25Z
2026-06-21T20:21:09Z,2026-06-21T22:21:09+0200,4c728934-15fc-48ae-9cbd-ac5715da9ca9,2026-06-12T00:45:00Z,2026-06-12T02:45:00+0200,86.36,EUR/MWh,DE,DE_LU,day_ahead_price,value,2026-06-21T20:22:25Z
2026-06-21T20:21:09Z,2026-06-21T22:21:09+0200,4c728934-15fc-48ae-9cbd-ac5715da9ca9,2026-06-12T01:00:00Z,2026-06-12T03:00:00+0200,94.59,EUR/MWh,DE,DE_LU,day_ahead_price,value,2026-06-21T20:22:25Z
2026-06-21T20:21:09Z,2026-06-21T22:21:09+0200,4c728934-15fc-48ae-9cbd-ac5715da9ca9,2026-06-12T01:15:00Z,2026-06-12T03:15:00+0200,92.01,EUR/MWh,DE,DE_LU,day_ahead_price,value,2026-06-21T20:22:25Z
2026-06-21T20:21:09Z,2026-06-21T22:21:09+0200,4c728934-15fc-48ae-9cbd-ac5715da9ca9,2026-06-12T01:30:00Z,2026-06-12T03:30:00+0200,90.68,EUR/MWh,DE,DE_LU,day_ahead_price,value,2026-06-21T20:22:25Z
2026-06-21T20:21:09Z,2026-06-21T22:21:09+0200,4c728934-15fc-48ae-9cbd-ac5715da9ca9,2026-06-12T01:45:00Z,2026-06-12T03:45:00+0200,90.93,EUR/MWh,DE,DE_LU,day_ahead_price,value,2026-06-21T20:22:25Z
2026-06-21T20:21:09Z,2026-06-21T22:21:09+0200,4c728934-15fc-48ae-9cbd-ac5715da9ca9,2026-06-12T02:00:00Z,2026-06-12T04:00:00+0200,90.27,EUR/MWh,DE,DE_LU,day_ahead_price,value,2026-06-21T20:22:25Z
2026-06-21T20:21:09Z,2026-06-21T22:21:09+0200,4c728934-15fc-48ae-9cbd-ac5715da9ca9,2026-06-12T02:15:00Z,2026-06-12T04:15:00+0200,91.85,EUR/MWh,DE,DE_LU,day_ahead_price,value,2026-06-21T20:22:25Z
2026-06-21T20:21:09Z,2026-06-21T22:21:09+0200,4c728934-15fc-48ae-9cbd-ac5715da9ca9,2026-06-12T02:30:00Z,2026-06-12T04:30:00+0200,93.38,EUR/MWh,DE,DE_LU,day_ahead_price,value,2026-06-21T20:22:25Z
2026-06-21T20:21:09Z,2026-06-21T22:21:09+0200,4c728934-15fc-48ae-9cbd-ac5715da9ca9,2026-06-12T02:45:00Z,2026-06-12T04:45:00+0200,96.69,EUR/MWh,DE,DE_LU,day_ahead_price,value,2026-06-21T20:22:25Z
2026-06-21T20:21:09Z,2026-06-21T22:21:09+0200,4c728934-15fc-48ae-9cbd-ac5715da9ca9,2026-06-12T03:00:00Z,2026-06-12T05:00:00+0200,88.54,EUR/MWh,DE,DE_LU,day_ahead_price,value,2026-06-21T20:22:25Z
2026-06-21T20:21:09Z,2026-06-21T22:21:09+0200,4c728934-15fc-48ae-9cbd-ac5715da9ca9,2026-06-12T03:15:00Z,2026-06-12T05:15:00+0200,91.92,EUR/MWh,DE,DE_LU,day_ahead_price,value,2026-06-21T20:22:25Z
2026-06-21T20:21:09Z,2026-06-21T22:21:09+0200,4c728934-15fc-48ae-9cbd-ac5715da9ca9,2026-06-12T03:30:00Z,2026-06-12T05:30:00+0200,97.39,EUR/MWh,DE,DE_LU,day_ahead_price,value,2026-06-21T20:22:25Z
2026-06-21T20:21:09Z,2026-06-21T22:21:09+0200,4c728934-15fc-48ae-9cbd-ac5715da9ca9,2026-06-12T03:45:00Z,2026-06-12T05:45:00+0200,106.46,EUR/MWh,DE,DE_LU,day_ahead_price,value,2026-06-21T20:22:25Z
2026-06-21T20:21:09Z,2026-06-21T22:21:09+0200,4c728934-15fc-48ae-9cbd-ac5715da9ca9,2026-06-12T04:00:00Z,2026-06-12T06:00:00+0200,105.96,EUR/MWh,DE,DE_LU,day_ahead_price,value,2026-06-21T20:22:25Z
2026-06-21T20:21:09Z,2026-06-21T22:21:09+0200,4c728934-15fc-48ae-9cbd-ac5715da9ca9,2026-06-12T04:15:00Z,2026-06-12T06:15:00+0200,119.24,EUR/MWh,DE,DE_LU,day_ahead_price,value,2026-06-21T20:22:25Z
2026-06-21T20:21:09Z,2026-06-21T22:21:09+0200,4c728934-15fc-48ae-9cbd-ac5715da9ca9,2026-06-12T04:30:00Z,2026-06-12T06:30:00+0200,121.37,EUR/MWh,DE,DE_LU,day_ahead_price,value,2026-06-21T20:22:25Z
2026-06-21T20:21:09Z,2026-06-21T22:21:09+0200,4c728934-15fc-48ae-9cbd-ac5715da9ca9,2026-06-12T04:45:00Z,2026-06-12T06:45:00+0200,124.46,EUR/MWh,DE,DE_LU,day_ahead_price,value,2026-06-21T20:22:25Z
2026-06-21T20:21:09Z,2026-06-21T22:21:09+0200,4c728934-15fc-48ae-9cbd-ac5715da9ca9,2026-06-12T05:00:00Z,2026-06-12T07:00:00+0200,125.69,EUR/MWh,DE,DE_LU,day_ahead_price,value,2026-06-21T20:22:25Z
2026-06-21T20:21:09Z,2026-06-21T22:21:09+0200,4c728934-15fc-48ae-9cbd-ac5715da9ca9,2026-06-12T05:15:00Z,2026-06-12T07:15:00+0200,125.53,EUR/MWh,DE,DE_LU,day_ahead_price,value,2026-06-21T20:22:25Z
2026-06-21T20:21:09Z,2026-06-21T22:21:09+0200,4c728934-15fc-48ae-9cbd-ac5715da9ca9,2026-06-12T05:30:00Z,2026-06-12T07:30:00+0200,120.69,EUR/MWh,DE,DE_LU,day_ahead_price,value,2026-06-21T20:22:25Z
2026-06-21T20:21:09Z,2026-06-21T22:21:09+0200,4c728934-15fc-48ae-9cbd-ac5715da9ca9,2026-06-12T05:45:00Z,2026-06-12T07:45:00+0200,118.71,EUR/MWh,DE,DE_LU,day_ahead_price,value,2026-06-21T20:22:25Z
2026-06-21T20:21:09Z,2026-06-21T22:21:09+0200,4c728934-15fc-48ae-9cbd-ac5715da9ca9,2026-06-12T06:00:00Z,2026-06-12T08:00:00+0200,134.49,EUR/MWh,DE,DE_LU,day_ahead_price,value,2026-06-21T20:22:25Z
2026-06-21T20:21:09Z,2026-06-21T22:21:09+0200,4c728934-15fc-48ae-9cbd-ac5715da9ca9,2026-06-12T06:15:00Z,2026-06-12T08:15:00+0200,129.37,EUR/MWh,DE,DE_LU,day_ahead_price,value,2026-06-21T20:22:25Z
2026-06-21T20:21:09Z,2026-06-21T22:21:09+0200,4c728934-15fc-48ae-9cbd-ac5715da9ca9,2026-06-12T06:30:00Z,2026-06-12T08:30:00+0200,124.34,EUR/MWh,DE,DE_LU,day_ahead_price,value,2026-06-21T20:22:25Z
2026-06-21T20:21:09Z,2026-06-21T22:21:09+0200,4c728934-15fc-48ae-9cbd-ac5715da9ca9,2026-06-12T06:45:00Z,2026-06-12T08:45:00+0200,121.16,EUR/MWh,DE,DE_LU,day_ahead_price,value,2026-06-21T20:22:25Z
2026-06-21T20:21:09Z,2026-06-21T22:21:09+0200,4c728934-15fc-48ae-9cbd-ac5715da9ca9,2026-06-12T07:00:00Z,2026-06-12T09:00:00+0200,123.77,EUR/MWh,DE,DE_LU,day_ahead_price,value,2026-06-21T20:22:25Z
2026-06-21T20:21:09Z,2026-06-21T22:21:09+0200,4c728934-15fc-48ae-9cbd-ac5715da9ca9,2026-06-12T07:15:00Z,2026-06-12T09:15:00+0200,120.0,EUR/MWh,DE,DE_LU,day_ahead_price,value,2026-06-21T20:22:25Z
2026-06-21T20:21:09Z,2026-06-21T22:21:09+0200,4c728934-15fc-48ae-9cbd-ac5715da9ca9,2026-06-12T07:30:00Z,2026-06-12T09:30:00+0200,114.56,EUR/MWh,DE,DE_LU,day_ahead_price,value,2026-06-21T20:22:25Z
2026-06-21T20:21:09Z,2026-06-21T22:21:09+0200,4c728934-15fc-48ae-9cbd-ac5715da9ca9,2026-06-12T07:45:00Z,2026-06-12T09:45:00+0200,111.29,EUR/MWh,DE,DE_LU,day_ahead_price,value,2026-06-21T20:22:25Z
2026-06-21T20:21:09Z,2026-06-21T22:21:09+0200,4c728934-15fc-48ae-9cbd-ac5715da9ca9,2026-06-12T08:00:00Z,2026-06-12T10:00:00+0200,111.04,EUR/MWh,DE,DE_LU,day_ahead_price,value,2026-06-21T20:22:25Z
2026-06-21T20:21:09Z,2026-06-21T22:21:09+0200,4c728934-15fc-48ae-9cbd-ac5715da9ca9,2026-06-12T08:15:00Z,2026-06-12T10:15:00+0200,104.18,EUR/MWh,DE,DE_LU,day_ahead_price,value,2026-06-21T20:22:25Z
2026-06-21T20:21:09Z,2026-06-21T22:21:09+0200,4c728934-15fc-48ae-9cbd-ac5715da9ca9,2026-06-12T08:30:00Z,2026-06-12T10:30:00+0200,98.36,EUR/MWh,DE,DE_LU,day_ahead_price,value,2026-06-21T20:22:25Z
2026-06-21T20:21:09Z,2026-06-21T22:21:09+0200,4c728934-15fc-48ae-9cbd-ac5715da9ca9,2026-06-12T08:45:00Z,2026-06-12T10:45:00+0200,94.82,EUR/MWh,DE,DE_LU,day_ahead_price,value,2026-06-21T20:22:25Z
2026-06-21T20:21:09Z,2026-06-21T22:21:09+0200,4c728934-15fc-48ae-9cbd-ac5715da9ca9,2026-06-12T09:00:00Z,2026-06-12T11:00:00+0200,95.48,EUR/MWh,DE,DE_LU,day_ahead_price,value,2026-06-21T20:22:25Z
2026-06-21T20:21:09Z,2026-06-21T22:21:09+0200,4c728934-15fc-48ae-9cbd-ac5715da9ca9,2026-06-12T09:15:00Z,2026-06-12T11:15:00+0200,91.74,EUR/MWh,DE,DE_LU,day_ahead_price,value,2026-06-21T20:22:25Z
2026-06-21T20:21:09Z,2026-06-21T22:21:09+0200,4c728934-15fc-48ae-9cbd-ac5715da9ca9,2026-06-12T09:30:00Z,2026-06-12T11:30:00+0200,89.78,EUR/MWh,DE,DE_LU,day_ahead_price,value,2026-06-21T20:22:25Z
2026-06-21T20:21:09Z,2026-06-21T22:21:09+0200,4c728934-15fc-48ae-9cbd-ac5715da9ca9,2026-06-12T09:45:00Z,2026-06-12T11:45:00+0200,85.04,EUR/MWh,DE,DE_LU,day_ahead_price,value,2026-06-21T20:22:25Z
2026-06-21T20:21:09Z,2026-06-21T22:21:09+0200,4c728934-15fc-48ae-9cbd-ac5715da9ca9,2026-06-12T10:00:00Z,2026-06-12T12:00:00+0200,83.17,EUR/MWh,DE,DE_LU,day_ahead_price,value,2026-06-21T20:22:25Z
2026-06-21T20:21:09Z,2026-06-21T22:21:09+0200,4c728934-15fc-48ae-9cbd-ac5715da9ca9,2026-06-12T10:15:00Z,2026-06-12T12:15:00+0200,78.97,EUR/MWh,DE,DE_LU,day_ahead_price,value,2026-06-21T20:22:25Z
2026-06-21T20:21:09Z,2026-06-21T22:21:09+0200,4c728934-15fc-48ae-9cbd-ac5715da9ca9,2026-06-12T10:30:00Z,2026-06-12T12:30:00+0200,82.44,EUR/MWh,DE,DE_LU,day_ahead_price,value,2026-06-21T20:22:25Z
2026-06-21T20:21:09Z,2026-06-21T22:21:09+0200,4c728934-15fc-48ae-9cbd-ac5715da9ca9,2026-06-12T10:45:00Z,2026-06-12T12:45:00+0200,79.44,EUR/MWh,DE,DE_LU,day_ahead_price,value,2026-06-21T20:22:25Z
2026-06-21T20:21:09Z,2026-06-21T22:21:09+0200,4c728934-15fc-48ae-9cbd-ac5715da9ca9,2026-06-12T11:00:00Z,2026-06-12T13:00:00+0200,73.33,EUR/MWh,DE,DE_LU,day_ahead_price,value,2026-06-21T20:22:25Z
2026-06-21T20:21:09Z,2026-06-21T22:21:09+0200,4c728934-15fc-48ae-9cbd-ac5715da9ca9,2026-06-12T11:15:00Z,2026-06-12T13:15:00+0200,72.13,EUR/MWh,DE,DE_LU,day_ahead_price,value,2026-06-21T20:22:25Z
2026-06-21T20:21:09Z,2026-06-21T22:21:09+0200,4c728934-15fc-48ae-9cbd-ac5715da9ca9,2026-06-12T11:30:00Z,2026-06-12T13:30:00+0200,69.9,EUR/MWh,DE,DE_LU,day_ahead_price,value,2026-06-21T20:22:25Z
2026-06-21T20:21:09Z,2026-06-21T22:21:09+0200,4c728934-15fc-48ae-9cbd-ac5715da9ca9,2026-06-12T11:45:00Z,2026-06-12T13:45:00+0200,65.17,EUR/MWh,DE,DE_LU,day_ahead_price,value,2026-06-21T20:22:25Z
2026-06-21T20:21:09Z,2026-06-21T22:21:09+0200,4c728934-15fc-48ae-9cbd-ac5715da9ca9,2026-06-12T12:00:00Z,2026-06-12T14:00:00+0200,59.34,EUR/MWh,DE,DE_LU,day_ahead_price,value,2026-06-21T20:22:25Z
2026-06-21T20:21:09Z,2026-06-21T22:21:09+0200,4c728934-15fc-48ae-9cbd-ac5715da9ca9,2026-06-12T12:15:00Z,2026-06-12T14:15:00+0200,59.14,EUR/MWh,DE,DE_LU,day_ahead_price,value,2026-06-21T20:22:25Z
2026-06-21T20:21:09Z,2026-06-21T22:21:09+0200,4c728934-15fc-48ae-9cbd-ac5715da9ca9,2026-06-12T12:30:00Z,2026-06-12T14:30:00+0200,60.51,EUR/MWh,DE,DE_LU,day_ahead_price,value,2026-06-21T20:22:25Z
2026-06-21T20:21:09Z,2026-06-21T22:21:09+0200,4c728934-15fc-48ae-9cbd-ac5715da9ca9,2026-06-12T12:45:00Z,2026-06-12T14:45:00+0200,62.49,EUR/MWh,DE,DE_LU,day_ahead_price,value,2026-06-21T20:22:25Z
2026-06-21T20:21:09Z,2026-06-21T22:21:09+0200,4c728934-15fc-48ae-9cbd-ac5715da9ca9,2026-06-12T13:00:00Z,2026-06-12T15:00:00+0200,52.51,EUR/MWh,DE,DE_LU,day_ahead_price,value,2026-06-21T20:22:25Z
2026-06-21T20:21:09Z,2026-06-21T22:21:09+0200,4c728934-15fc-48ae-9cbd-ac5715da9ca9,2026-06-12T13:15:00Z,2026-06-12T15:15:00+0200,51.26,EUR/MWh,DE,DE_LU,day_ahead_price,value,2026-06-21T20:22:25Z
2026-06-21T20:21:09Z,2026-06-21T22:21:09+0200,4c728934-15fc-48ae-9cbd-ac5715da9ca9,2026-06-12T13:30:00Z,2026-06-12T15:30:00+0200,57.94,EUR/MWh,DE,DE_LU,day_ahead_price,value,2026-06-21T20:22:25Z
2026-06-21T20:21:09Z,2026-06-21T22:21:09+0200,4c728934-15fc-48ae-9cbd-ac5715da9ca9,2026-06-12T13:45:00Z,2026-06-12T15:45:00+0200,62.48,EUR/MWh,DE,DE_LU,day_ahead_price,value,2026-06-21T20:22:25Z
2026-06-21T20:21:09Z,2026-06-21T22:21:09+0200,4c728934-15fc-48ae-9cbd-ac5715da9ca9,2026-06-12T14:00:00Z,2026-06-12T16:00:00+0200,53.76,EUR/MWh,DE,DE_LU,day_ahead_price,value,2026-06-21T20:22:25Z
2026-06-21T20:21:09Z,2026-06-21T22:21:09+0200,4c728934-15fc-48ae-9cbd-ac5715da9ca9,2026-06-12T14:15:00Z,2026-06-12T16:15:00+0200,63.48,EUR/MWh,DE,DE_LU,day_ahead_price,value,2026-06-21T20:22:25Z
2026-06-21T20:21:09Z,2026-06-21T22:21:09+0200,4c728934-15fc-48ae-9cbd-ac5715da9ca9,2026-06-12T14:30:00Z,2026-06-12T16:30:00+0200,71.66,EUR/MWh,DE,DE_LU,day_ahead_price,value,2026-06-21T20:22:25Z
2026-06-21T20:21:09Z,2026-06-21T22:21:09+0200,4c728934-15fc-48ae-9cbd-ac5715da9ca9,2026-06-12T14:45:00Z,2026-06-12T16:45:00+0200,84.17,EUR/MWh,DE,DE_LU,day_ahead_price,value,2026-06-21T20:22:25Z
2026-06-21T20:21:09Z,2026-06-21T22:21:09+0200,4c728934-15fc-48ae-9cbd-ac5715da9ca9,2026-06-12T15:00:00Z,2026-06-12T17:00:00+0200,61.29,EUR/MWh,DE,DE_LU,day_ahead_price,value,2026-06-21T20:22:25Z
2026-06-21T20:21:09Z,2026-06-21T22:21:09+0200,4c728934-15fc-48ae-9cbd-ac5715da9ca9,2026-06-12T15:15:00Z,2026-06-12T17:15:00+0200,75.02,EUR/MWh,DE,DE_LU,day_ahead_price,value,2026-06-21T20:22:25Z
2026-06-21T20:21:09Z,2026-06-21T22:21:09+0200,4c728934-15fc-48ae-9cbd-ac5715da9ca9,2026-06-12T15:30:00Z,2026-06-12T17:30:00+0200,83.54,EUR/MWh,DE,DE_LU,day_ahead_price,value,2026-06-21T20:22:25Z
2026-06-21T20:21:09Z,2026-06-21T22:21:09+0200,4c728934-15fc-48ae-9cbd-ac5715da9ca9,2026-06-12T15:45:00Z,2026-06-12T17:45:00+0200,95.64,EUR/MWh,DE,DE_LU,day_ahead_price,value,2026-06-21T20:22:25Z
2026-06-21T20:21:09Z,2026-06-21T22:21:09+0200,4c728934-15fc-48ae-9cbd-ac5715da9ca9,2026-06-12T16:00:00Z,2026-06-12T18:00:00+0200,86.73,EUR/MWh,DE,DE_LU,day_ahead_price,value,2026-06-21T20:22:25Z
2026-06-21T20:21:09Z,2026-06-21T22:21:09+0200,4c728934-15fc-48ae-9cbd-ac5715da9ca9,2026-06-12T16:15:00Z,2026-06-12T18:15:00+0200,97.01,EUR/MWh,DE,DE_LU,day_ahead_price,value,2026-06-21T20:22:25Z
2026-06-21T20:21:09Z,2026-06-21T22:21:09+0200,4c728934-15fc-48ae-9cbd-ac5715da9ca9,2026-06-12T16:30:00Z,2026-06-12T18:30:00+0200,112.92,EUR/MWh,DE,DE_LU,day_ahead_price,value,2026-06-21T20:22:25Z
2026-06-21T20:21:09Z,2026-06-21T22:21:09+0200,4c728934-15fc-48ae-9cbd-ac5715da9ca9,2026-06-12T16:45:00Z,2026-06-12T18:45:00+0200,117.94,EUR/MWh,DE,DE_LU,day_ahead_price,value,2026-06-21T20:22:25Z
2026-06-21T20:21:09Z,2026-06-21T22:21:09+0200,4c728934-15fc-48ae-9cbd-ac5715da9ca9,2026-06-12T17:00:00Z,2026-06-12T19:00:00+0200,109.59,EUR/MWh,DE,DE_LU,day_ahead_price,value,2026-06-21T20:22:25Z
2026-06-21T20:21:09Z,2026-06-21T22:21:09+0200,4c728934-15fc-48ae-9cbd-ac5715da9ca9,2026-06-12T17:15:00Z,2026-06-12T19:15:00+0200,115.62,EUR/MWh,DE,DE_LU,day_ahead_price,value,2026-06-21T20:22:25Z
2026-06-21T20:21:09Z,2026-06-21T22:21:09+0200,4c728934-15fc-48ae-9cbd-ac5715da9ca9,2026-06-12T17:30:00Z,2026-06-12T19:30:00+0200,119.31,EUR/MWh,DE,DE_LU,day_ahead_price,value,2026-06-21T20:22:25Z
2026-06-21T20:21:09Z,2026-06-21T22:21:09+0200,4c728934-15fc-48ae-9cbd-ac5715da9ca9,2026-06-12T17:45:00Z,2026-06-12T19:45:00+0200,118.97,EUR/MWh,DE,DE_LU,day_ahead_price,value,2026-06-21T20:22:25Z
2026-06-21T20:21:09Z,2026-06-21T22:21:09+0200,4c728934-15fc-48ae-9cbd-ac5715da9ca9,2026-06-12T18:00:00Z,2026-06-12T20:00:00+0200,114.24,EUR/MWh,DE,DE_LU,day_ahead_price,value,2026-06-21T20:22:25Z
2026-06-21T20:21:09Z,2026-06-21T22:21:09+0200,4c728934-15fc-48ae-9cbd-ac5715da9ca9,2026-06-12T18:15:00Z,2026-06-12T20:15:00+0200,111.49,EUR/MWh,DE,DE_LU,day_ahead_price,value,2026-06-21T20:22:25Z
2026-06-21T20:21:09Z,2026-06-21T22:21:09+0200,4c728934-15fc-48ae-9cbd-ac5715da9ca9,2026-06-12T18:30:00Z,2026-06-12T20:30:00+0200,107.74,EUR/MWh,DE,DE_LU,day_ahead_price,value,2026-06-21T20:22:25Z
2026-06-21T20:21:09Z,2026-06-21T22:21:09+0200,4c728934-15fc-48ae-9cbd-ac5715da9ca9,2026-06-12T18:45:00Z,2026-06-12T20:45:00+0200,109.19,EUR/MWh,DE,DE_LU,day_ahead_price,value,2026-06-21T20:22:25Z
2026-06-21T20:21:09Z,2026-06-21T22:21:09+0200,4c728934-15fc-48ae-9cbd-ac5715da9ca9,2026-06-12T19:00:00Z,2026-06-12T21:00:00+0200,110.75,EUR/MWh,DE,DE_LU,day_ahead_price,value,2026-06-21T20:22:25Z
2026-06-21T20:21:09Z,2026-06-21T22:21:09+0200,4c728934-15fc-48ae-9cbd-ac5715da9ca9,2026-06-12T19:15:00Z,2026-06-12T21:15:00+0200,110.23,EUR/MWh,DE,DE_LU,day_ahead_price,value,2026-06-21T20:22:25Z
2026-06-21T20:21:09Z,2026-06-21T22:21:09+0200,4c728934-15fc-48ae-9cbd-ac5715da9ca9,2026-06-12T19:30:00Z,2026-06-12T21:30:00+0200,110.12,EUR/MWh,DE,DE_LU,day_ahead_price,value,2026-06-21T20:22:25Z
2026-06-21T20:21:09Z,2026-06-21T22:21:09+0200,4c728934-15fc-48ae-9cbd-ac5715da9ca9,2026-06-12T19:45:00Z,2026-06-12T21:45:00+0200,108.14,EUR/MWh,DE,DE_LU,day_ahead_price,value,2026-06-21T20:22:25Z
2026-06-21T20:21:09Z,2026-06-21T22:21:09+0200,4c728934-15fc-48ae-9cbd-ac5715da9ca9,2026-06-12T20:00:00Z,2026-06-12T22:00:00+0200,113.43,EUR/MWh,DE,DE_LU,day_ahead_price,value,2026-06-21T20:22:25Z
2026-06-21T20:21:09Z,2026-06-21T22:21:09+0200,4c728934-15fc-48ae-9cbd-ac5715da9ca9,2026-06-12T20:15:00Z,2026-06-12T22:15:00+0200,112.51,EUR/MWh,DE,DE_LU,day_ahead_price,value,2026-06-21T20:22:25Z
2026-06-21T20:21:09Z,2026-06-21T22:21:09+0200,4c728934-15fc-48ae-9cbd-ac5715da9ca9,2026-06-12T20:30:00Z,2026-06-12T22:30:00+0200,112.25,EUR/MWh,DE,DE_LU,day_ahead_price,value,2026-06-21T20:22:25Z
2026-06-21T20:21:09Z,2026-06-21T22:21:09+0200,4c728934-15fc-48ae-9cbd-ac5715da9ca9,2026-06-12T20:45:00Z,2026-06-12T22:45:00+0200,106.3,EUR/MWh,DE,DE_LU,day_ahead_price,value,2026-06-21T20:22:25Z
2026-06-21T20:21:09Z,2026-06-21T22:21:09+0200,4c728934-15fc-48ae-9cbd-ac5715da9ca9,2026-06-12T21:00:00Z,2026-06-12T23:00:00+0200,108.06,EUR/MWh,DE,DE_LU,day_ahead_price,value,2026-06-21T20:22:25Z
2026-06-21T20:21:09Z,2026-06-21T22:21:09+0200,4c728934-15fc-48ae-9cbd-ac5715da9ca9,2026-06-12T21:15:00Z,2026-06-12T23:15:00+0200,101.83,EUR/MWh,DE,DE_LU,day_ahead_price,value,2026-06-21T20:22:25Z
2026-06-21T20:21:09Z,2026-06-21T22:21:09+0200,4c728934-15fc-48ae-9cbd-ac5715da9ca9,2026-06-12T21:30:00Z,2026-06-12T23:30:00+0200,100.1,EUR/MWh,DE,DE_LU,day_ahead_price,value,2026-06-21T20:22:25Z
2026-06-21T20:21:09Z,2026-06-21T22:21:09+0200,4c728934-15fc-48ae-9cbd-ac5715da9ca9,2026-06-12T21:45:00Z,2026-06-12T23:45:00+0200,93.6,EUR/MWh,DE,DE_LU,day_ahead_price,value,2026-06-21T20:22:25Z
2026-06-21T20:21:09Z,2026-06-21T22:21:09+0200,4c728934-15fc-48ae-9cbd-ac5715da9ca9,2026-06-12T22:00:00Z,2026-06-13T00:00:00+0200,108.97,EUR/MWh,DE,DE_LU,day_ahead_price,value,2026-06-21T20:22:25Z
2026-06-21T20:21:09Z,2026-06-21T22:21:09+0200,4c728934-15fc-48ae-9cbd-ac5715da9ca9,2026-06-12T22:15:00Z,2026-06-13T00:15:00+0200,89.5,EUR/MWh,DE,DE_LU,day_ahead_price,value,2026-06-21T20:22:25Z
2026-06-21T20:21:09Z,2026-06-21T22:21:09+0200,4c728934-15fc-48ae-9cbd-ac5715da9ca9,2026-06-12T22:30:00Z,2026-06-13T00:30:00+0200,78.71,EUR/MWh,DE,DE_LU,day_ahead_price,value,2026-06-21T20:22:25Z
2026-06-21T20:21:09Z,2026-06-21T22:21:09+0200,4c728934-15fc-48ae-9cbd-ac5715da9ca9,2026-06-12T22:45:00Z,2026-06-13T00:45:00+0200,71.16,EUR/MWh,DE,DE_LU,day_ahead_price,value,2026-06-21T20:22:25Z
2026-06-21T20:21:09Z,2026-06-21T22:21:09+0200,4c728934-15fc-48ae-9cbd-ac5715da9ca9,2026-06-12T23:00:00Z,2026-06-13T01:00:00+0200,85.86,EUR/MWh,DE,DE_LU,day_ahead_price,value,2026-06-21T20:22:25Z
2026-06-21T20:21:09Z,2026-06-21T22:21:09+0200,4c728934-15fc-48ae-9cbd-ac5715da9ca9,2026-06-12T23:15:00Z,2026-06-13T01:15:00+0200,77.33,EUR/MWh,DE,DE_LU,day_ahead_price,value,2026-06-21T20:22:25Z
2026-06-21T20:21:09Z,2026-06-21T22:21:09+0200,4c728934-15fc-48ae-9cbd-ac5715da9ca9,2026-06-12T23:30:00Z,2026-06-13T01:30:00+0200,71.47,EUR/MWh,DE,DE_LU,day_ahead_price,value,2026-06-21T20:22:25Z
2026-06-21T20:21:09Z,2026-06-21T22:21:09+0200,4c728934-15fc-48ae-9cbd-ac5715da9ca9,2026-06-12T23:45:00Z,2026-06-13T01:45:00+0200,61.52,EUR/MWh,DE,DE_LU,day_ahead_price,value,2026-06-21T20:22:25Z
2026-06-21T20:21:09Z,2026-06-21T22:21:09+0200,4c728934-15fc-48ae-9cbd-ac5715da9ca9,2026-06-13T00:00:00Z,2026-06-13T02:00:00+0200,71.15,EUR/MWh,DE,DE_LU,day_ahead_price,value,2026-06-21T20:22:25Z
2026-06-21T20:21:09Z,2026-06-21T22:21:09+0200,4c728934-15fc-48ae-9cbd-ac5715da9ca9,2026-06-13T00:15:00Z,2026-06-13T02:15:00+0200,64.66,EUR/MWh,DE,DE_LU,day_ahead_price,value,2026-06-21T20:22:25Z
2026-06-21T20:21:09Z,2026-06-21T22:21:09+0200,4c728934-15fc-48ae-9cbd-ac5715da9ca9,2026-06-13T00:30:00Z,2026-06-13T02:30:00+0200,64.66,EUR/MWh,DE,DE_LU,day_ahead_price,value,2026-06-21T20:22:25Z
2026-06-21T20:21:09Z,2026-06-21T22:21:09+0200,4c728934-15fc-48ae-9cbd-ac5715da9ca9,2026-06-13T00:45:00Z,2026-06-13T02:45:00+0200,62.94,EUR/MWh,DE,DE_LU,day_ahead_price,value,2026-06-21T20:22:25Z
2026-06-21T20:21:09Z,2026-06-21T22:21:09+0200,4c728934-15fc-48ae-9cbd-ac5715da9ca9,2026-06-13T01:00:00Z,2026-06-13T03:00:00+0200,69.24,EUR/MWh,DE,DE_LU,day_ahead_price,value,2026-06-21T20:22:25Z
2026-06-21T20:21:09Z,2026-06-21T22:21:09+0200,4c728934-15fc-48ae-9cbd-ac5715da9ca9,2026-06-13T01:15:00Z,2026-06-13T03:15:00+0200,64.51,EUR/MWh,DE,DE_LU,day_ahead_price,value,2026-06-21T20:22:25Z
2026-06-21T20:21:09Z,2026-06-21T22:21:09+0200,4c728934-15fc-48ae-9cbd-ac5715da9ca9,2026-06-13T01:30:00Z,2026-06-13T03:30:00+0200,63.37,EUR/MWh,DE,DE_LU,day_ahead_price,value,2026-06-21T20:22:25Z
2026-06-21T20:21:09Z,2026-06-21T22:21:09+0200,4c728934-15fc-48ae-9cbd-ac5715da9ca9,2026-06-13T01:45:00Z,2026-06-13T03:45:00+0200,58.22,EUR/MWh,DE,DE_LU,day_ahead_price,value,2026-06-21T20:22:25Z
2026-06-21T20:21:09Z,2026-06-21T22:21:09+0200,4c728934-15fc-48ae-9cbd-ac5715da9ca9,2026-06-13T02:00:00Z,2026-06-13T04:00:00+0200,72.16,EUR/MWh,DE,DE_LU,day_ahead_price,value,2026-06-21T20:22:25Z
2026-06-21T20:21:09Z,2026-06-21T22:21:09+0200,4c728934-15fc-48ae-9cbd-ac5715da9ca9,2026-06-13T02:15:00Z,2026-06-13T04:15:00+0200,67.64,EUR/MWh,DE,DE_LU,day_ahead_price,value,2026-06-21T20:22:25Z
2026-06-21T20:21:09Z,2026-06-21T22:21:09+0200,4c728934-15fc-48ae-9cbd-ac5715da9ca9,2026-06-13T02:30:00Z,2026-06-13T04:30:00+0200,62.43,EUR/MWh,DE,DE_LU,day_ahead_price,value,2026-06-21T20:22:25Z
2026-06-21T20:21:09Z,2026-06-21T22:21:09+0200,4c728934-15fc-48ae-9cbd-ac5715da9ca9,2026-06-13T02:45:00Z,2026-06-13T04:45:00+0200,60.0,EUR/MWh,DE,DE_LU,day_ahead_price,value,2026-06-21T20:22:25Z
2026-06-21T20:21:09Z,2026-06-21T22:21:09+0200,4c728934-15fc-48ae-9cbd-ac5715da9ca9,2026-06-13T03:00:00Z,2026-06-13T05:00:00+0200,72.68,EUR/MWh,DE,DE_LU,day_ahead_price,value,2026-06-21T20:22:25Z
2026-06-21T20:21:09Z,2026-06-21T22:21:09+0200,4c728934-15fc-48ae-9cbd-ac5715da9ca9,2026-06-13T03:15:00Z,2026-06-13T05:15:00+0200,60.04,EUR/MWh,DE,DE_LU,day_ahead_price,value,2026-06-21T20:22:25Z
2026-06-21T20:21:09Z,2026-06-21T22:21:09+0200,4c728934-15fc-48ae-9cbd-ac5715da9ca9,2026-06-13T03:30:00Z,2026-06-13T05:30:00+0200,45.8,EUR/MWh,DE,DE_LU,day_ahead_price,value,2026-06-21T20:22:25Z
2026-06-21T20:21:09Z,2026-06-21T22:21:09+0200,4c728934-15fc-48ae-9cbd-ac5715da9ca9,2026-06-13T03:45:00Z,2026-06-13T05:45:00+0200,36.66,EUR/MWh,DE,DE_LU,day_ahead_price,value,2026-06-21T20:22:25Z
2026-06-21T20:21:09Z,2026-06-21T22:21:09+0200,4c728934-15fc-48ae-9cbd-ac5715da9ca9,2026-06-13T04:00:00Z,2026-06-13T06:00:00+0200,49.65,EUR/MWh,DE,DE_LU,day_ahead_price,value,2026-06-21T20:22:25Z
2026-06-21T20:21:09Z,2026-06-21T22:21:09+0200,4c728934-15fc-48ae-9cbd-ac5715da9ca9,2026-06-13T04:15:00Z,2026-06-13T06:15:00+0200,34.72,EUR/MWh,DE,DE_LU,day_ahead_price,value,2026-06-21T20:22:25Z
2026-06-21T20:21:09Z,2026-06-21T22:21:09+0200,4c728934-15fc-48ae-9cbd-ac5715da9ca9,2026-06-13T04:30:00Z,2026-06-13T06:30:00+0200,26.79,EUR/MWh,DE,DE_LU,day_ahead_price,value,2026-06-21T20:22:25Z
2026-06-21T20:21:09Z,2026-06-21T22:21:09+0200,4c728934-15fc-48ae-9cbd-ac5715da9ca9,2026-06-13T04:45:00Z,2026-06-13T06:45:00+0200,15.36,EUR/MWh,DE,DE_LU,day_ahead_price,value,2026-06-21T20:22:25Z
2026-06-21T20:21:09Z,2026-06-21T22:21:09+0200,4c728934-15fc-48ae-9cbd-ac5715da9ca9,2026-06-13T05:00:00Z,2026-06-13T07:00:00+0200,30.68,EUR/MWh,DE,DE_LU,day_ahead_price,value,2026-06-21T20:22:25Z
2026-06-21T20:21:09Z,2026-06-21T22:21:09+0200,4c728934-15fc-48ae-9cbd-ac5715da9ca9,2026-06-13T05:15:00Z,2026-06-13T07:15:00+0200,14.84,EUR/MWh,DE,DE_LU,day_ahead_price,value,2026-06-21T20:22:25Z
2026-06-21T20:21:09Z,2026-06-21T22:21:09+0200,4c728934-15fc-48ae-9cbd-ac5715da9ca9,2026-06-13T05:30:00Z,2026-06-13T07:30:00+0200,7.0,EUR/MWh,DE,DE_LU,day_ahead_price,value,2026-06-21T20:22:25Z
2026-06-21T20:21:09Z,2026-06-21T22:21:09+0200,4c728934-15fc-48ae-9cbd-ac5715da9ca9,2026-06-13T05:45:00Z,2026-06-13T07:45:00+0200,2.1,EUR/MWh,DE,DE_LU,day_ahead_price,value,2026-06-21T20:22:25Z
2026-06-21T20:21:09Z,2026-06-21T22:21:09+0200,4c728934-15fc-48ae-9cbd-ac5715da9ca9,2026-06-13T06:00:00Z,2026-06-13T08:00:00+0200,1.4,EUR/MWh,DE,DE_LU,day_ahead_price,value,2026-06-21T20:22:25Z
2026-06-21T20:21:09Z,2026-06-21T22:21:09+0200,4c728934-15fc-48ae-9cbd-ac5715da9ca9,2026-06-13T06:15:00Z,2026-06-13T08:15:00+0200,0.0,EUR/MWh,DE,DE_LU,day_ahead_price,value,2026-06-21T20:22:25Z
2026-06-21T20:21:09Z,2026-06-21T22:21:09+0200,4c728934-15fc-48ae-9cbd-ac5715da9ca9,2026-06-13T06:30:00Z,2026-06-13T08:30:00+0200,-0.01,EUR/MWh,DE,DE_LU,day_ahead_price,value,2026-06-21T20:22:25Z
2026-06-21T20:21:09Z,2026-06-21T22:21:09+0200,4c728934-15fc-48ae-9cbd-ac5715da9ca9,2026-06-13T06:45:00Z,2026-06-13T08:45:00+0200,-0.08,EUR/MWh,DE,DE_LU,day_ahead_price,value,2026-06-21T20:22:25Z
2026-06-21T20:21:09Z,2026-06-21T22:21:09+0200,4c728934-15fc-48ae-9cbd-ac5715da9ca9,2026-06-13T07:00:00Z,2026-06-13T09:00:00+0200,-0.08,EUR/MWh,DE,DE_LU,day_ahead_price,value,2026-06-21T20:22:25Z
2026-06-21T20:21:09Z,2026-06-21T22:21:09+0200,4c728934-15fc-48ae-9cbd-ac5715da9ca9,2026-06-13T07:15:00Z,2026-06-13T09:15:00+0200,-0.28,EUR/MWh,DE,DE_LU,day_ahead_price,value,2026-06-21T20:22:25Z
2026-06-21T20:21:09Z,2026-06-21T22:21:09+0200,4c728934-15fc-48ae-9cbd-ac5715da9ca9,2026-06-13T07:30:00Z,2026-06-13T09:30:00+0200,-2.0,EUR/MWh,DE,DE_LU,day_ahead_price,value,2026-06-21T20:22:25Z
2026-06-21T20:21:09Z,2026-06-21T22:21:09+0200,4c728934-15fc-48ae-9cbd-ac5715da9ca9,2026-06-13T07:45:00Z,2026-06-13T09:45:00+0200,-2.07,EUR/MWh,DE,DE_LU,day_ahead_price,value,2026-06-21T20:22:25Z
2026-06-21T20:21:09Z,2026-06-21T22:21:09+0200,4c728934-15fc-48ae-9cbd-ac5715da9ca9,2026-06-13T08:00:00Z,2026-06-13T10:00:00+0200,-2.01,EUR/MWh,DE,DE_LU,day_ahead_price,value,2026-06-21T20:22:25Z
2026-06-21T20:21:09Z,2026-06-21T22:21:09+0200,4c728934-15fc-48ae-9cbd-ac5715da9ca9,2026-06-13T08:15:00Z,2026-06-13T10:15:00+0200,-3.24,EUR/MWh,DE,DE_LU,day_ahead_price,value,2026-06-21T20:22:25Z
2026-06-21T20:21:09Z,2026-06-21T22:21:09+0200,4c728934-15fc-48ae-9cbd-ac5715da9ca9,2026-06-13T08:30:00Z,2026-06-13T10:30:00+0200,-5.01,EUR/MWh,DE,DE_LU,day_ahead_price,value,2026-06-21T20:22:25Z
2026-06-21T20:21:09Z,2026-06-21T22:21:09+0200,4c728934-15fc-48ae-9cbd-ac5715da9ca9,2026-06-13T08:45:00Z,2026-06-13T10:45:00+0200,-9.41,EUR/MWh,DE,DE_LU,day_ahead_price,value,2026-06-21T20:22:25Z
2026-06-21T20:21:09Z,2026-06-21T22:21:09+0200,4c728934-15fc-48ae-9cbd-ac5715da9ca9,2026-06-13T09:00:00Z,2026-06-13T11:00:00+0200,-9.98,EUR/MWh,DE,DE_LU,day_ahead_price,value,2026-06-21T20:22:25Z
2026-06-21T20:21:09Z,2026-06-21T22:21:09+0200,4c728934-15fc-48ae-9cbd-ac5715da9ca9,2026-06-13T09:15:00Z,2026-06-13T11:15:00+0200,-14.9,EUR/MWh,DE,DE_LU,day_ahead_price,value,2026-06-21T20:22:25Z
2026-06-21T20:21:09Z,2026-06-21T22:21:09+0200,4c728934-15fc-48ae-9cbd-ac5715da9ca9,2026-06-13T09:30:00Z,2026-06-13T11:30:00+0200,-17.9,EUR/MWh,DE,DE_LU,day_ahead_price,value,2026-06-21T20:22:25Z
2026-06-21T20:21:09Z,2026-06-21T22:21:09+0200,4c728934-15fc-48ae-9cbd-ac5715da9ca9,2026-06-13T09:45:00Z,2026-06-13T11:45:00+0200,-20.0,EUR/MWh,DE,DE_LU,day_ahead_price,value,2026-06-21T20:22:25Z
2026-06-21T20:21:09Z,2026-06-21T22:21:09+0200,4c728934-15fc-48ae-9cbd-ac5715da9ca9,2026-06-13T10:00:00Z,2026-06-13T12:00:00+0200,-19.94,EUR/MWh,DE,DE_LU,day_ahead_price,value,2026-06-21T20:22:25Z
2026-06-21T20:21:09Z,2026-06-21T22:21:09+0200,4c728934-15fc-48ae-9cbd-ac5715da9ca9,2026-06-13T10:15:00Z,2026-06-13T12:15:00+0200,-24.81,EUR/MWh,DE,DE_LU,day_ahead_price,value,2026-06-21T20:22:25Z
2026-06-21T20:21:09Z,2026-06-21T22:21:09+0200,4c728934-15fc-48ae-9cbd-ac5715da9ca9,2026-06-13T10:30:00Z,2026-06-13T12:30:00+0200,-29.94,EUR/MWh,DE,DE_LU,day_ahead_price,value,2026-06-21T20:22:25Z
2026-06-21T20:21:09Z,2026-06-21T22:21:09+0200,4c728934-15fc-48ae-9cbd-ac5715da9ca9,2026-06-13T10:45:00Z,2026-06-13T12:45:00+0200,-35.0,EUR/MWh,DE,DE_LU,day_ahead_price,value,2026-06-21T20:22:25Z
2026-06-21T20:21:09Z,2026-06-21T22:21:09+0200,4c728934-15fc-48ae-9cbd-ac5715da9ca9,2026-06-13T11:00:00Z,2026-06-13T13:00:00+0200,-35.49,EUR/MWh,DE,DE_LU,day_ahead_price,value,2026-06-21T20:22:25Z
2026-06-21T20:21:09Z,2026-06-21T22:21:09+0200,4c728934-15fc-48ae-9cbd-ac5715da9ca9,2026-06-13T11:15:00Z,2026-06-13T13:15:00+0200,-45.01,EUR/MWh,DE,DE_LU,day_ahead_price,value,2026-06-21T20:22:25Z
2026-06-21T20:21:09Z,2026-06-21T22:21:09+0200,4c728934-15fc-48ae-9cbd-ac5715da9ca9,2026-06-13T11:30:00Z,2026-06-13T13:30:00+0200,-49.98,EUR/MWh,DE,DE_LU,day_ahead_price,value,2026-06-21T20:22:25Z
2026-06-21T20:21:09Z,2026-06-21T22:21:09+0200,4c728934-15fc-48ae-9cbd-ac5715da9ca9,2026-06-13T11:45:00Z,2026-06-13T13:45:00+0200,-52.99,EUR/MWh,DE,DE_LU,day_ahead_price,value,2026-06-21T20:22:25Z
2026-06-21T20:21:09Z,2026-06-21T22:21:09+0200,4c728934-15fc-48ae-9cbd-ac5715da9ca9,2026-06-13T12:00:00Z,2026-06-13T14:00:00+0200,-46.52,EUR/MWh,DE,DE_LU,day_ahead_price,value,2026-06-21T20:22:25Z
2026-06-21T20:21:09Z,2026-06-21T22:21:09+0200,4c728934-15fc-48ae-9cbd-ac5715da9ca9,2026-06-13T12:15:00Z,2026-06-13T14:15:00+0200,-46.52,EUR/MWh,DE,DE_LU,day_ahead_price,value,2026-06-21T20:22:25Z
2026-06-21T20:21:09Z,2026-06-21T22:21:09+0200,4c728934-15fc-48ae-9cbd-ac5715da9ca9,2026-06-13T12:30:00Z,2026-06-13T14:30:00+0200,-45.0,EUR/MWh,DE,DE_LU,day_ahead_price,value,2026-06-21T20:22:25Z
2026-06-21T20:21:09Z,2026-06-21T22:21:09+0200,4c728934-15fc-48ae-9cbd-ac5715da9ca9,2026-06-13T12:45:00Z,2026-06-13T14:45:00+0200,-41.95,EUR/MWh,DE,DE_LU,day_ahead_price,value,2026-06-21T20:22:25Z
2026-06-21T20:21:09Z,2026-06-21T22:21:09+0200,4c728934-15fc-48ae-9cbd-ac5715da9ca9,2026-06-13T13:00:00Z,2026-06-13T15:00:00+0200,-36.82,EUR/MWh,DE,DE_LU,day_ahead_price,value,2026-06-21T20:22:25Z
2026-06-21T20:21:09Z,2026-06-21T22:21:09+0200,4c728934-15fc-48ae-9cbd-ac5715da9ca9,2026-06-13T13:15:00Z,2026-06-13T15:15:00+0200,-34.0,EUR/MWh,DE,DE_LU,day_ahead_price,value,2026-06-21T20:22:25Z
2026-06-21T20:21:09Z,2026-06-21T22:21:09+0200,4c728934-15fc-48ae-9cbd-ac5715da9ca9,2026-06-13T13:30:00Z,2026-06-13T15:30:00+0200,-30.0,EUR/MWh,DE,DE_LU,day_ahead_price,value,2026-06-21T20:22:25Z
2026-06-21T20:21:09Z,2026-06-21T22:21:09+0200,4c728934-15fc-48ae-9cbd-ac5715da9ca9,2026-06-13T13:45:00Z,2026-06-13T15:45:00+0200,-25.34,EUR/MWh,DE,DE_LU,day_ahead_price,value,2026-06-21T20:22:25Z
2026-06-21T20:21:09Z,2026-06-21T22:21:09+0200,4c728934-15fc-48ae-9cbd-ac5715da9ca9,2026-06-13T14:00:00Z,2026-06-13T16:00:00+0200,-25.0,EUR/MWh,DE,DE_LU,day_ahead_price,value,2026-06-21T20:22:25Z
2026-06-21T20:21:09Z,2026-06-21T22:21:09+0200,4c728934-15fc-48ae-9cbd-ac5715da9ca9,2026-06-13T14:15:00Z,2026-06-13T16:15:00+0200,-19.99,EUR/MWh,DE,DE_LU,day_ahead_price,value,2026-06-21T20:22:25Z
2026-06-21T20:21:09Z,2026-06-21T22:21:09+0200,4c728934-15fc-48ae-9cbd-ac5715da9ca9,2026-06-13T14:30:00Z,2026-06-13T16:30:00+0200,-18.01,EUR/MWh,DE,DE_LU,day_ahead_price,value,2026-06-21T20:22:25Z
2026-06-21T20:21:09Z,2026-06-21T22:21:09+0200,4c728934-15fc-48ae-9cbd-ac5715da9ca9,2026-06-13T14:45:00Z,2026-06-13T16:45:00+0200,-13.68,EUR/MWh,DE,DE_LU,day_ahead_price,value,2026-06-21T20:22:25Z
2026-06-21T20:21:09Z,2026-06-21T22:21:09+0200,4c728934-15fc-48ae-9cbd-ac5715da9ca9,2026-06-13T15:00:00Z,2026-06-13T17:00:00+0200,-9.01,EUR/MWh,DE,DE_LU,day_ahead_price,value,2026-06-21T20:22:25Z
2026-06-21T20:21:09Z,2026-06-21T22:21:09+0200,4c728934-15fc-48ae-9cbd-ac5715da9ca9,2026-06-13T15:15:00Z,2026-06-13T17:15:00+0200,-4.79,EUR/MWh,DE,DE_LU,day_ahead_price,value,2026-06-21T20:22:25Z
2026-06-21T20:21:09Z,2026-06-21T22:21:09+0200,4c728934-15fc-48ae-9cbd-ac5715da9ca9,2026-06-13T15:30:00Z,2026-06-13T17:30:00+0200,-1.98,EUR/MWh,DE,DE_LU,day_ahead_price,value,2026-06-21T20:22:25Z
2026-06-21T20:21:09Z,2026-06-21T22:21:09+0200,4c728934-15fc-48ae-9cbd-ac5715da9ca9,2026-06-13T15:45:00Z,2026-06-13T17:45:00+0200,-1.08,EUR/MWh,DE,DE_LU,day_ahead_price,value,2026-06-21T20:22:25Z
2026-06-21T20:21:09Z,2026-06-21T22:21:09+0200,4c728934-15fc-48ae-9cbd-ac5715da9ca9,2026-06-13T16:00:00Z,2026-06-13T18:00:00+0200,-0.85,EUR/MWh,DE,DE_LU,day_ahead_price,value,2026-06-21T20:22:25Z
2026-06-21T20:21:09Z,2026-06-21T22:21:09+0200,4c728934-15fc-48ae-9cbd-ac5715da9ca9,2026-06-13T16:15:00Z,2026-06-13T18:15:00+0200,-1.34,EUR/MWh,DE,DE_LU,day_ahead_price,value,2026-06-21T20:22:25Z
2026-06-21T20:21:09Z,2026-06-21T22:21:09+0200,4c728934-15fc-48ae-9cbd-ac5715da9ca9,2026-06-13T16:30:00Z,2026-06-13T18:30:00+0200,-0.09,EUR/MWh,DE,DE_LU,day_ahead_price,value,2026-06-21T20:22:25Z
2026-06-21T20:21:09Z,2026-06-21T22:21:09+0200,4c728934-15fc-48ae-9cbd-ac5715da9ca9,2026-06-13T16:45:00Z,2026-06-13T18:45:00+0200,0.09,EUR/MWh,DE,DE_LU,day_ahead_price,value,2026-06-21T20:22:25Z
2026-06-21T20:21:09Z,2026-06-21T22:21:09+0200,4c728934-15fc-48ae-9cbd-ac5715da9ca9,2026-06-13T17:00:00Z,2026-06-13T19:00:00+0200,3.03,EUR/MWh,DE,DE_LU,day_ahead_price,value,2026-06-21T20:22:25Z
2026-06-21T20:21:09Z,2026-06-21T22:21:09+0200,4c728934-15fc-48ae-9cbd-ac5715da9ca9,2026-06-13T17:15:00Z,2026-06-13T19:15:00+0200,20.2,EUR/MWh,DE,DE_LU,day_ahead_price,value,2026-06-21T20:22:25Z
2026-06-21T20:21:09Z,2026-06-21T22:21:09+0200,4c728934-15fc-48ae-9cbd-ac5715da9ca9,2026-06-13T17:30:00Z,2026-06-13T19:30:00+0200,48.7,EUR/MWh,DE,DE_LU,day_ahead_price,value,2026-06-21T20:22:25Z
2026-06-21T20:21:09Z,2026-06-21T22:21:09+0200,4c728934-15fc-48ae-9cbd-ac5715da9ca9,2026-06-13T17:45:00Z,2026-06-13T19:45:00+0200,61.71,EUR/MWh,DE,DE_LU,day_ahead_price,value,2026-06-21T20:22:25Z
2026-06-21T20:21:09Z,2026-06-21T22:21:09+0200,4c728934-15fc-48ae-9cbd-ac5715da9ca9,2026-06-13T18:00:00Z,2026-06-13T20:00:00+0200,45.77,EUR/MWh,DE,DE_LU,day_ahead_price,value,2026-06-21T20:22:25Z
2026-06-21T20:21:09Z,2026-06-21T22:21:09+0200,4c728934-15fc-48ae-9cbd-ac5715da9ca9,2026-06-13T18:15:00Z,2026-06-13T20:15:00+0200,72.65,EUR/MWh,DE,DE_LU,day_ahead_price,value,2026-06-21T20:22:25Z
2026-06-21T20:21:09Z,2026-06-21T22:21:09+0200,4c728934-15fc-48ae-9cbd-ac5715da9ca9,2026-06-13T18:30:00Z,2026-06-13T20:30:00+0200,82.26,EUR/MWh,DE,DE_LU,day_ahead_price,value,2026-06-21T20:22:25Z
2026-06-21T20:21:09Z,2026-06-21T22:21:09+0200,4c728934-15fc-48ae-9cbd-ac5715da9ca9,2026-06-13T18:45:00Z,2026-06-13T20:45:00+0200,88.34,EUR/MWh,DE,DE_LU,day_ahead_price,value,2026-06-21T20:22:25Z
2026-06-21T20:21:09Z,2026-06-21T22:21:09+0200,4c728934-15fc-48ae-9cbd-ac5715da9ca9,2026-06-13T19:00:00Z,2026-06-13T21:00:00+0200,82.23,EUR/MWh,DE,DE_LU,day_ahead_price,value,2026-06-21T20:22:25Z
2026-06-21T20:21:09Z,2026-06-21T22:21:09+0200,4c728934-15fc-48ae-9cbd-ac5715da9ca9,2026-06-13T19:15:00Z,2026-06-13T21:15:00+0200,85.9,EUR/MWh,DE,DE_LU,day_ahead_price,value,2026-06-21T20:22:25Z
2026-06-21T20:21:09Z,2026-06-21T22:21:09+0200,4c728934-15fc-48ae-9cbd-ac5715da9ca9,2026-06-13T19:30:00Z,2026-06-13T21:30:00+0200,88.01,EUR/MWh,DE,DE_LU,day_ahead_price,value,2026-06-21T20:22:25Z
2026-06-21T20:21:09Z,2026-06-21T22:21:09+0200,4c728934-15fc-48ae-9cbd-ac5715da9ca9,2026-06-13T19:45:00Z,2026-06-13T21:45:00+0200,92.5,EUR/MWh,DE,DE_LU,day_ahead_price,value,2026-06-21T20:22:25Z
2026-06-21T20:21:09Z,2026-06-21T22:21:09+0200,4c728934-15fc-48ae-9cbd-ac5715da9ca9,2026-06-13T20:00:00Z,2026-06-13T22:00:00+0200,110.49,EUR/MWh,DE,DE_LU,day_ahead_price,value,2026-06-21T20:22:25Z
2026-06-21T20:21:09Z,2026-06-21T22:21:09+0200,4c728934-15fc-48ae-9cbd-ac5715da9ca9,2026-06-13T20:15:00Z,2026-06-13T22:15:00+0200,103.77,EUR/MWh,DE,DE_LU,day_ahead_price,value,2026-06-21T20:22:25Z
2026-06-21T20:21:09Z,2026-06-21T22:21:09+0200,4c728934-15fc-48ae-9cbd-ac5715da9ca9,2026-06-13T20:30:00Z,2026-06-13T22:30:00+0200,103.01,EUR/MWh,DE,DE_LU,day_ahead_price,value,2026-06-21T20:22:25Z
2026-06-21T20:21:09Z,2026-06-21T22:21:09+0200,4c728934-15fc-48ae-9cbd-ac5715da9ca9,2026-06-13T20:45:00Z,2026-06-13T22:45:00+0200,92.67,EUR/MWh,DE,DE_LU,day_ahead_price,value,2026-06-21T20:22:25Z
2026-06-21T20:21:09Z,2026-06-21T22:21:09+0200,4c728934-15fc-48ae-9cbd-ac5715da9ca9,2026-06-13T21:00:00Z,2026-06-13T23:00:00+0200,97.89,EUR/MWh,DE,DE_LU,day_ahead_price,value,2026-06-21T20:22:25Z
2026-06-21T20:21:09Z,2026-06-21T22:21:09+0200,4c728934-15fc-48ae-9cbd-ac5715da9ca9,2026-06-13T21:15:00Z,2026-06-13T23:15:00+0200,89.98,EUR/MWh,DE,DE_LU,day_ahead_price,value,2026-06-21T20:22:25Z
2026-06-21T20:21:09Z,2026-06-21T22:21:09+0200,4c728934-15fc-48ae-9cbd-ac5715da9ca9,2026-06-13T21:30:00Z,2026-06-13T23:30:00+0200,85.79,EUR/MWh,DE,DE_LU,day_ahead_price,value,2026-06-21T20:22:25Z
2026-06-21T20:21:09Z,2026-06-21T22:21:09+0200,4c728934-15fc-48ae-9cbd-ac5715da9ca9,2026-06-13T21:45:00Z,2026-06-13T23:45:00+0200,78.34,EUR/MWh,DE,DE_LU,day_ahead_price,value,2026-06-21T20:22:25Z
2026-06-21T20:21:09Z,2026-06-21T22:21:09+0200,4c728934-15fc-48ae-9cbd-ac5715da9ca9,2026-06-13T22:00:00Z,2026-06-14T00:00:00+0200,87.34,EUR/MWh,DE,DE_LU,day_ahead_price,value,2026-06-21T20:22:25Z
2026-06-21T20:21:09Z,2026-06-21T22:21:09+0200,4c728934-15fc-48ae-9cbd-ac5715da9ca9,2026-06-13T22:15:00Z,2026-06-14T00:15:00+0200,75.89,EUR/MWh,DE,DE_LU,day_ahead_price,value,2026-06-21T20:22:25Z
2026-06-21T20:21:09Z,2026-06-21T22:21:09+0200,4c728934-15fc-48ae-9cbd-ac5715da9ca9,2026-06-13T22:30:00Z,2026-06-14T00:30:00+0200,62.31,EUR/MWh,DE,DE_LU,day_ahead_price,value,2026-06-21T20:22:25Z
2026-06-21T20:21:09Z,2026-06-21T22:21:09+0200,4c728934-15fc-48ae-9cbd-ac5715da9ca9,2026-06-13T22:45:00Z,2026-06-14T00:45:00+0200,45.61,EUR/MWh,DE,DE_LU,day_ahead_price,value,2026-06-21T20:22:25Z
2026-06-21T20:21:09Z,2026-06-21T22:21:09+0200,4c728934-15fc-48ae-9cbd-ac5715da9ca9,2026-06-13T23:00:00Z,2026-06-14T01:00:00+0200,60.43,EUR/MWh,DE,DE_LU,day_ahead_price,value,2026-06-21T20:22:25Z
2026-06-21T20:21:09Z,2026-06-21T22:21:09+0200,4c728934-15fc-48ae-9cbd-ac5715da9ca9,2026-06-13T23:15:00Z,2026-06-14T01:15:00+0200,52.57,EUR/MWh,DE,DE_LU,day_ahead_price,value,2026-06-21T20:22:25Z
2026-06-21T20:21:09Z,2026-06-21T22:21:09+0200,4c728934-15fc-48ae-9cbd-ac5715da9ca9,2026-06-13T23:30:00Z,2026-06-14T01:30:00+0200,46.39,EUR/MWh,DE,DE_LU,day_ahead_price,value,2026-06-21T20:22:25Z
2026-06-21T20:21:09Z,2026-06-21T22:21:09+0200,4c728934-15fc-48ae-9cbd-ac5715da9ca9,2026-06-13T23:45:00Z,2026-06-14T01:45:00+0200,38.37,EUR/MWh,DE,DE_LU,day_ahead_price,value,2026-06-21T20:22:25Z
2026-06-21T20:21:09Z,2026-06-21T22:21:09+0200,4c728934-15fc-48ae-9cbd-ac5715da9ca9,2026-06-14T00:00:00Z,2026-06-14T02:00:00+0200,45.0,EUR/MWh,DE,DE_LU,day_ahead_price,value,2026-06-21T20:22:25Z
2026-06-21T20:21:09Z,2026-06-21T22:21:09+0200,4c728934-15fc-48ae-9cbd-ac5715da9ca9,2026-06-14T00:15:00Z,2026-06-14T02:15:00+0200,34.22,EUR/MWh,DE,DE_LU,day_ahead_price,value,2026-06-21T20:22:25Z
2026-06-21T20:21:09Z,2026-06-21T22:21:09+0200,4c728934-15fc-48ae-9cbd-ac5715da9ca9,2026-06-14T00:30:00Z,2026-06-14T02:30:00+0200,28.14,EUR/MWh,DE,DE_LU,day_ahead_price,value,2026-06-21T20:22:25Z
2026-06-21T20:21:09Z,2026-06-21T22:21:09+0200,4c728934-15fc-48ae-9cbd-ac5715da9ca9,2026-06-14T00:45:00Z,2026-06-14T02:45:00+0200,28.95,EUR/MWh,DE,DE_LU,day_ahead_price,value,2026-06-21T20:22:25Z
2026-06-21T20:21:09Z,2026-06-21T22:21:09+0200,4c728934-15fc-48ae-9cbd-ac5715da9ca9,2026-06-14T01:00:00Z,2026-06-14T03:00:00+0200,29.72,EUR/MWh,DE,DE_LU,day_ahead_price,value,2026-06-21T20:22:25Z
2026-06-21T20:21:09Z,2026-06-21T22:21:09+0200,4c728934-15fc-48ae-9cbd-ac5715da9ca9,2026-06-14T01:15:00Z,2026-06-14T03:15:00+0200,26.3,EUR/MWh,DE,DE_LU,day_ahead_price,value,2026-06-21T20:22:25Z
2026-06-21T20:21:09Z,2026-06-21T22:21:09+0200,4c728934-15fc-48ae-9cbd-ac5715da9ca9,2026-06-14T01:30:00Z,2026-06-14T03:30:00+0200,28.73,EUR/MWh,DE,DE_LU,day_ahead_price,value,2026-06-21T20:22:25Z
2026-06-21T20:21:09Z,2026-06-21T22:21:09+0200,4c728934-15fc-48ae-9cbd-ac5715da9ca9,2026-06-14T01:45:00Z,2026-06-14T03:45:00+0200,27.54,EUR/MWh,DE,DE_LU,day_ahead_price,value,2026-06-21T20:22:25Z
2026-06-21T20:21:09Z,2026-06-21T22:21:09+0200,4c728934-15fc-48ae-9cbd-ac5715da9ca9,2026-06-14T02:00:00Z,2026-06-14T04:00:00+0200,25.74,EUR/MWh,DE,DE_LU,day_ahead_price,value,2026-06-21T20:22:25Z
2026-06-21T20:21:09Z,2026-06-21T22:21:09+0200,4c728934-15fc-48ae-9cbd-ac5715da9ca9,2026-06-14T02:15:00Z,2026-06-14T04:15:00+0200,25.05,EUR/MWh,DE,DE_LU,day_ahead_price,value,2026-06-21T20:22:25Z
2026-06-21T20:21:09Z,2026-06-21T22:21:09+0200,4c728934-15fc-48ae-9cbd-ac5715da9ca9,2026-06-14T02:30:00Z,2026-06-14T04:30:00+0200,27.09,EUR/MWh,DE,DE_LU,day_ahead_price,value,2026-06-21T20:22:25Z
2026-06-21T20:21:09Z,2026-06-21T22:21:09+0200,4c728934-15fc-48ae-9cbd-ac5715da9ca9,2026-06-14T02:45:00Z,2026-06-14T04:45:00+0200,28.41,EUR/MWh,DE,DE_LU,day_ahead_price,value,2026-06-21T20:22:25Z
2026-06-21T20:21:09Z,2026-06-21T22:21:09+0200,4c728934-15fc-48ae-9cbd-ac5715da9ca9,2026-06-14T03:00:00Z,2026-06-14T05:00:00+0200,24.98,EUR/MWh,DE,DE_LU,day_ahead_price,value,2026-06-21T20:22:25Z
2026-06-21T20:21:09Z,2026-06-21T22:21:09+0200,4c728934-15fc-48ae-9cbd-ac5715da9ca9,2026-06-14T03:15:00Z,2026-06-14T05:15:00+0200,20.31,EUR/MWh,DE,DE_LU,day_ahead_price,value,2026-06-21T20:22:25Z
2026-06-21T20:21:09Z,2026-06-21T22:21:09+0200,4c728934-15fc-48ae-9cbd-ac5715da9ca9,2026-06-14T03:30:00Z,2026-06-14T05:30:00+0200,21.62,EUR/MWh,DE,DE_LU,day_ahead_price,value,2026-06-21T20:22:25Z
2026-06-21T20:21:09Z,2026-06-21T22:21:09+0200,4c728934-15fc-48ae-9cbd-ac5715da9ca9,2026-06-14T03:45:00Z,2026-06-14T05:45:00+0200,18.56,EUR/MWh,DE,DE_LU,day_ahead_price,value,2026-06-21T20:22:25Z
2026-06-21T20:21:09Z,2026-06-21T22:21:09+0200,4c728934-15fc-48ae-9cbd-ac5715da9ca9,2026-06-14T04:00:00Z,2026-06-14T06:00:00+0200,13.8,EUR/MWh,DE,DE_LU,day_ahead_price,value,2026-06-21T20:22:25Z
2026-06-21T20:21:09Z,2026-06-21T22:21:09+0200,4c728934-15fc-48ae-9cbd-ac5715da9ca9,2026-06-14T04:15:00Z,2026-06-14T06:15:00+0200,9.9,EUR/MWh,DE,DE_LU,day_ahead_price,value,2026-06-21T20:22:25Z
2026-06-21T20:21:09Z,2026-06-21T22:21:09+0200,4c728934-15fc-48ae-9cbd-ac5715da9ca9,2026-06-14T04:30:00Z,2026-06-14T06:30:00+0200,5.48,EUR/MWh,DE,DE_LU,day_ahead_price,value,2026-06-21T20:22:25Z
2026-06-21T20:21:09Z,2026-06-21T22:21:09+0200,4c728934-15fc-48ae-9cbd-ac5715da9ca9,2026-06-14T04:45:00Z,2026-06-14T06:45:00+0200,1.78,EUR/MWh,DE,DE_LU,day_ahead_price,value,2026-06-21T20:22:25Z
2026-06-21T20:21:09Z,2026-06-21T22:21:09+0200,4c728934-15fc-48ae-9cbd-ac5715da9ca9,2026-06-14T05:00:00Z,2026-06-14T07:00:00+0200,1.88,EUR/MWh,DE,DE_LU,day_ahead_price,value,2026-06-21T20:22:25Z
2026-06-21T20:21:09Z,2026-06-21T22:21:09+0200,4c728934-15fc-48ae-9cbd-ac5715da9ca9,2026-06-14T05:15:00Z,2026-06-14T07:15:00+0200,0.0,EUR/MWh,DE,DE_LU,day_ahead_price,value,2026-06-21T20:22:25Z
2026-06-21T20:21:09Z,2026-06-21T22:21:09+0200,4c728934-15fc-48ae-9cbd-ac5715da9ca9,2026-06-14T05:30:00Z,2026-06-14T07:30:00+0200,-0.01,EUR/MWh,DE,DE_LU,day_ahead_price,value,2026-06-21T20:22:25Z
2026-06-21T20:21:09Z,2026-06-21T22:21:09+0200,4c728934-15fc-48ae-9cbd-ac5715da9ca9,2026-06-14T05:45:00Z,2026-06-14T07:45:00+0200,-0.03,EUR/MWh,DE,DE_LU,day_ahead_price,value,2026-06-21T20:22:25Z
2026-06-21T20:21:09Z,2026-06-21T22:21:09+0200,4c728934-15fc-48ae-9cbd-ac5715da9ca9,2026-06-14T06:00:00Z,2026-06-14T08:00:00+0200,-0.01,EUR/MWh,DE,DE_LU,day_ahead_price,value,2026-06-21T20:22:25Z
2026-06-21T20:21:09Z,2026-06-21T22:21:09+0200,4c728934-15fc-48ae-9cbd-ac5715da9ca9,2026-06-14T06:15:00Z,2026-06-14T08:15:00+0200,-0.09,EUR/MWh,DE,DE_LU,day_ahead_price,value,2026-06-21T20:22:25Z
2026-06-21T20:21:09Z,2026-06-21T22:21:09+0200,4c728934-15fc-48ae-9cbd-ac5715da9ca9,2026-06-14T06:30:00Z,2026-06-14T08:30:00+0200,-0.19,EUR/MWh,DE,DE_LU,day_ahead_price,value,2026-06-21T20:22:25Z
2026-06-21T20:21:09Z,2026-06-21T22:21:09+0200,4c728934-15fc-48ae-9cbd-ac5715da9ca9,2026-06-14T06:45:00Z,2026-06-14T08:45:00+0200,-1.1,EUR/MWh,DE,DE_LU,day_ahead_price,value,2026-06-21T20:22:25Z
2026-06-21T20:21:09Z,2026-06-21T22:21:09+0200,4c728934-15fc-48ae-9cbd-ac5715da9ca9,2026-06-14T07:00:00Z,2026-06-14T09:00:00+0200,-1.27,EUR/MWh,DE,DE_LU,day_ahead_price,value,2026-06-21T20:22:25Z
2026-06-21T20:21:09Z,2026-06-21T22:21:09+0200,4c728934-15fc-48ae-9cbd-ac5715da9ca9,2026-06-14T07:15:00Z,2026-06-14T09:15:00+0200,-2.01,EUR/MWh,DE,DE_LU,day_ahead_price,value,2026-06-21T20:22:25Z
2026-06-21T20:21:09Z,2026-06-21T22:21:09+0200,4c728934-15fc-48ae-9cbd-ac5715da9ca9,2026-06-14T07:30:00Z,2026-06-14T09:30:00+0200,-3.05,EUR/MWh,DE,DE_LU,day_ahead_price,value,2026-06-21T20:22:25Z
2026-06-21T20:21:09Z,2026-06-21T22:21:09+0200,4c728934-15fc-48ae-9cbd-ac5715da9ca9,2026-06-14T07:45:00Z,2026-06-14T09:45:00+0200,-5.0,EUR/MWh,DE,DE_LU,day_ahead_price,value,2026-06-21T20:22:25Z
2026-06-21T20:21:09Z,2026-06-21T22:21:09+0200,4c728934-15fc-48ae-9cbd-ac5715da9ca9,2026-06-14T08:00:00Z,2026-06-14T10:00:00+0200,-3.47,EUR/MWh,DE,DE_LU,day_ahead_price,value,2026-06-21T20:22:25Z
2026-06-21T20:21:09Z,2026-06-21T22:21:09+0200,4c728934-15fc-48ae-9cbd-ac5715da9ca9,2026-06-14T08:15:00Z,2026-06-14T10:15:00+0200,-5.0,EUR/MWh,DE,DE_LU,day_ahead_price,value,2026-06-21T20:22:25Z
2026-06-21T20:21:09Z,2026-06-21T22:21:09+0200,4c728934-15fc-48ae-9cbd-ac5715da9ca9,2026-06-14T08:30:00Z,2026-06-14T10:30:00+0200,-7.01,EUR/MWh,DE,DE_LU,day_ahead_price,value,2026-06-21T20:22:25Z
2026-06-21T20:21:09Z,2026-06-21T22:21:09+0200,4c728934-15fc-48ae-9cbd-ac5715da9ca9,2026-06-14T08:45:00Z,2026-06-14T10:45:00+0200,-10.0,EUR/MWh,DE,DE_LU,day_ahead_price,value,2026-06-21T20:22:25Z
2026-06-21T20:21:09Z,2026-06-21T22:21:09+0200,4c728934-15fc-48ae-9cbd-ac5715da9ca9,2026-06-14T09:00:00Z,2026-06-14T11:00:00+0200,-7.3,EUR/MWh,DE,DE_LU,day_ahead_price,value,2026-06-21T20:22:25Z
2026-06-21T20:21:09Z,2026-06-21T22:21:09+0200,4c728934-15fc-48ae-9cbd-ac5715da9ca9,2026-06-14T09:15:00Z,2026-06-14T11:15:00+0200,-8.01,EUR/MWh,DE,DE_LU,day_ahead_price,value,2026-06-21T20:22:25Z
2026-06-21T20:21:09Z,2026-06-21T22:21:09+0200,4c728934-15fc-48ae-9cbd-ac5715da9ca9,2026-06-14T09:30:00Z,2026-06-14T11:30:00+0200,-10.01,EUR/MWh,DE,DE_LU,day_ahead_price,value,2026-06-21T20:22:25Z
2026-06-21T20:21:09Z,2026-06-21T22:21:09+0200,4c728934-15fc-48ae-9cbd-ac5715da9ca9,2026-06-14T09:45:00Z,2026-06-14T11:45:00+0200,-11.83,EUR/MWh,DE,DE_LU,day_ahead_price,value,2026-06-21T20:22:25Z
2026-06-21T20:21:09Z,2026-06-21T22:21:09+0200,4c728934-15fc-48ae-9cbd-ac5715da9ca9,2026-06-14T10:00:00Z,2026-06-14T12:00:00+0200,-11.87,EUR/MWh,DE,DE_LU,day_ahead_price,value,2026-06-21T20:22:25Z
2026-06-21T20:21:09Z,2026-06-21T22:21:09+0200,4c728934-15fc-48ae-9cbd-ac5715da9ca9,2026-06-14T10:15:00Z,2026-06-14T12:15:00+0200,-14.1,EUR/MWh,DE,DE_LU,day_ahead_price,value,2026-06-21T20:22:25Z
2026-06-21T20:21:09Z,2026-06-21T22:21:09+0200,4c728934-15fc-48ae-9cbd-ac5715da9ca9,2026-06-14T10:30:00Z,2026-06-14T12:30:00+0200,-15.0,EUR/MWh,DE,DE_LU,day_ahead_price,value,2026-06-21T20:22:25Z
2026-06-21T20:21:09Z,2026-06-21T22:21:09+0200,4c728934-15fc-48ae-9cbd-ac5715da9ca9,2026-06-14T10:45:00Z,2026-06-14T12:45:00+0200,-19.0,EUR/MWh,DE,DE_LU,day_ahead_price,value,2026-06-21T20:22:25Z
2026-06-21T20:21:09Z,2026-06-21T22:21:09+0200,4c728934-15fc-48ae-9cbd-ac5715da9ca9,2026-06-14T11:00:00Z,2026-06-14T13:00:00+0200,-17.01,EUR/MWh,DE,DE_LU,day_ahead_price,value,2026-06-21T20:22:25Z
2026-06-21T20:21:09Z,2026-06-21T22:21:09+0200,4c728934-15fc-48ae-9cbd-ac5715da9ca9,2026-06-14T11:15:00Z,2026-06-14T13:15:00+0200,-20.02,EUR/MWh,DE,DE_LU,day_ahead_price,value,2026-06-21T20:22:25Z
2026-06-21T20:21:09Z,2026-06-21T22:21:09+0200,4c728934-15fc-48ae-9cbd-ac5715da9ca9,2026-06-14T11:30:00Z,2026-06-14T13:30:00+0200,-26.7,EUR/MWh,DE,DE_LU,day_ahead_price,value,2026-06-21T20:22:25Z
2026-06-21T20:21:09Z,2026-06-21T22:21:09+0200,4c728934-15fc-48ae-9cbd-ac5715da9ca9,2026-06-14T11:45:00Z,2026-06-14T13:45:00+0200,-29.96,EUR/MWh,DE,DE_LU,day_ahead_price,value,2026-06-21T20:22:25Z
2026-06-21T20:21:09Z,2026-06-21T22:21:09+0200,4c728934-15fc-48ae-9cbd-ac5715da9ca9,2026-06-14T12:00:00Z,2026-06-14T14:00:00+0200,-26.08,EUR/MWh,DE,DE_LU,day_ahead_price,value,2026-06-21T20:22:25Z
2026-06-21T20:21:09Z,2026-06-21T22:21:09+0200,4c728934-15fc-48ae-9cbd-ac5715da9ca9,2026-06-14T12:15:00Z,2026-06-14T14:15:00+0200,-25.82,EUR/MWh,DE,DE_LU,day_ahead_price,value,2026-06-21T20:22:25Z
2026-06-21T20:21:09Z,2026-06-21T22:21:09+0200,4c728934-15fc-48ae-9cbd-ac5715da9ca9,2026-06-14T12:30:00Z,2026-06-14T14:30:00+0200,-24.1,EUR/MWh,DE,DE_LU,day_ahead_price,value,2026-06-21T20:22:25Z
2026-06-21T20:21:09Z,2026-06-21T22:21:09+0200,4c728934-15fc-48ae-9cbd-ac5715da9ca9,2026-06-14T12:45:00Z,2026-06-14T14:45:00+0200,-24.0,EUR/MWh,DE,DE_LU,day_ahead_price,value,2026-06-21T20:22:25Z
2026-06-21T20:21:09Z,2026-06-21T22:21:09+0200,4c728934-15fc-48ae-9cbd-ac5715da9ca9,2026-06-14T13:00:00Z,2026-06-14T15:00:00+0200,-21.98,EUR/MWh,DE,DE_LU,day_ahead_price,value,2026-06-21T20:22:25Z
2026-06-21T20:21:09Z,2026-06-21T22:21:09+0200,4c728934-15fc-48ae-9cbd-ac5715da9ca9,2026-06-14T13:15:00Z,2026-06-14T15:15:00+0200,-20.0,EUR/MWh,DE,DE_LU,day_ahead_price,value,2026-06-21T20:22:25Z
2026-06-21T20:21:09Z,2026-06-21T22:21:09+0200,4c728934-15fc-48ae-9cbd-ac5715da9ca9,2026-06-14T13:30:00Z,2026-06-14T15:30:00+0200,-19.92,EUR/MWh,DE,DE_LU,day_ahead_price,value,2026-06-21T20:22:25Z
2026-06-21T20:21:09Z,2026-06-21T22:21:09+0200,4c728934-15fc-48ae-9cbd-ac5715da9ca9,2026-06-14T13:45:00Z,2026-06-14T15:45:00+0200,-18.1,EUR/MWh,DE,DE_LU,day_ahead_price,value,2026-06-21T20:22:25Z
2026-06-21T20:21:09Z,2026-06-21T22:21:09+0200,4c728934-15fc-48ae-9cbd-ac5715da9ca9,2026-06-14T14:00:00Z,2026-06-14T16:00:00+0200,-14.91,EUR/MWh,DE,DE_LU,day_ahead_price,value,2026-06-21T20:22:25Z
2026-06-21T20:21:09Z,2026-06-21T22:21:09+0200,4c728934-15fc-48ae-9cbd-ac5715da9ca9,2026-06-14T14:15:00Z,2026-06-14T16:15:00+0200,-10.09,EUR/MWh,DE,DE_LU,day_ahead_price,value,2026-06-21T20:22:25Z
2026-06-21T20:21:09Z,2026-06-21T22:21:09+0200,4c728934-15fc-48ae-9cbd-ac5715da9ca9,2026-06-14T14:30:00Z,2026-06-14T16:30:00+0200,-7.47,EUR/MWh,DE,DE_LU,day_ahead_price,value,2026-06-21T20:22:25Z
2026-06-21T20:21:09Z,2026-06-21T22:21:09+0200,4c728934-15fc-48ae-9cbd-ac5715da9ca9,2026-06-14T14:45:00Z,2026-06-14T16:45:00+0200,-4.34,EUR/MWh,DE,DE_LU,day_ahead_price,value,2026-06-21T20:22:25Z
2026-06-21T20:21:09Z,2026-06-21T22:21:09+0200,4c728934-15fc-48ae-9cbd-ac5715da9ca9,2026-06-14T15:00:00Z,2026-06-14T17:00:00+0200,-4.9,EUR/MWh,DE,DE_LU,day_ahead_price,value,2026-06-21T20:22:25Z
2026-06-21T20:21:09Z,2026-06-21T22:21:09+0200,4c728934-15fc-48ae-9cbd-ac5715da9ca9,2026-06-14T15:15:00Z,2026-06-14T17:15:00+0200,-1.31,EUR/MWh,DE,DE_LU,day_ahead_price,value,2026-06-21T20:22:25Z
2026-06-21T20:21:09Z,2026-06-21T22:21:09+0200,4c728934-15fc-48ae-9cbd-ac5715da9ca9,2026-06-14T15:30:00Z,2026-06-14T17:30:00+0200,-0.12,EUR/MWh,DE,DE_LU,day_ahead_price,value,2026-06-21T20:22:25Z
2026-06-21T20:21:09Z,2026-06-21T22:21:09+0200,4c728934-15fc-48ae-9cbd-ac5715da9ca9,2026-06-14T15:45:00Z,2026-06-14T17:45:00+0200,-0.65,EUR/MWh,DE,DE_LU,day_ahead_price,value,2026-06-21T20:22:25Z
2026-06-21T20:21:09Z,2026-06-21T22:21:09+0200,4c728934-15fc-48ae-9cbd-ac5715da9ca9,2026-06-14T16:00:00Z,2026-06-14T18:00:00+0200,-0.77,EUR/MWh,DE,DE_LU,day_ahead_price,value,2026-06-21T20:22:25Z
2026-06-21T20:21:09Z,2026-06-21T22:21:09+0200,4c728934-15fc-48ae-9cbd-ac5715da9ca9,2026-06-14T16:15:00Z,2026-06-14T18:15:00+0200,-0.04,EUR/MWh,DE,DE_LU,day_ahead_price,value,2026-06-21T20:22:25Z
2026-06-21T20:21:09Z,2026-06-21T22:21:09+0200,4c728934-15fc-48ae-9cbd-ac5715da9ca9,2026-06-14T16:30:00Z,2026-06-14T18:30:00+0200,3.75,EUR/MWh,DE,DE_LU,day_ahead_price,value,2026-06-21T20:22:25Z
2026-06-21T20:21:09Z,2026-06-21T22:21:09+0200,4c728934-15fc-48ae-9cbd-ac5715da9ca9,2026-06-14T16:45:00Z,2026-06-14T18:45:00+0200,18.18,EUR/MWh,DE,DE_LU,day_ahead_price,value,2026-06-21T20:22:25Z
2026-06-21T20:21:09Z,2026-06-21T22:21:09+0200,4c728934-15fc-48ae-9cbd-ac5715da9ca9,2026-06-14T17:00:00Z,2026-06-14T19:00:00+0200,21.35,EUR/MWh,DE,DE_LU,day_ahead_price,value,2026-06-21T20:22:25Z
2026-06-21T20:21:09Z,2026-06-21T22:21:09+0200,4c728934-15fc-48ae-9cbd-ac5715da9ca9,2026-06-14T17:15:00Z,2026-06-14T19:15:00+0200,43.34,EUR/MWh,DE,DE_LU,day_ahead_price,value,2026-06-21T20:22:25Z
2026-06-21T20:21:09Z,2026-06-21T22:21:09+0200,4c728934-15fc-48ae-9cbd-ac5715da9ca9,2026-06-14T17:30:00Z,2026-06-14T19:30:00+0200,83.91,EUR/MWh,DE,DE_LU,day_ahead_price,value,2026-06-21T20:22:25Z
2026-06-21T20:21:09Z,2026-06-21T22:21:09+0200,4c728934-15fc-48ae-9cbd-ac5715da9ca9,2026-06-14T17:45:00Z,2026-06-14T19:45:00+0200,99.73,EUR/MWh,DE,DE_LU,day_ahead_price,value,2026-06-21T20:22:25Z
2026-06-21T20:21:09Z,2026-06-21T22:21:09+0200,4c728934-15fc-48ae-9cbd-ac5715da9ca9,2026-06-14T18:00:00Z,2026-06-14T20:00:00+0200,83.71,EUR/MWh,DE,DE_LU,day_ahead_price,value,2026-06-21T20:22:25Z
2026-06-21T20:21:09Z,2026-06-21T22:21:09+0200,4c728934-15fc-48ae-9cbd-ac5715da9ca9,2026-06-14T18:15:00Z,2026-06-14T20:15:00+0200,90.8,EUR/MWh,DE,DE_LU,day_ahead_price,value,2026-06-21T20:22:25Z
2026-06-21T20:21:09Z,2026-06-21T22:21:09+0200,4c728934-15fc-48ae-9cbd-ac5715da9ca9,2026-06-14T18:30:00Z,2026-06-14T20:30:00+0200,100.01,EUR/MWh,DE,DE_LU,day_ahead_price,value,2026-06-21T20:22:25Z
2026-06-21T20:21:09Z,2026-06-21T22:21:09+0200,4c728934-15fc-48ae-9cbd-ac5715da9ca9,2026-06-14T18:45:00Z,2026-06-14T20:45:00+0200,105.0,EUR/MWh,DE,DE_LU,day_ahead_price,value,2026-06-21T20:22:25Z
2026-06-21T20:21:09Z,2026-06-21T22:21:09+0200,4c728934-15fc-48ae-9cbd-ac5715da9ca9,2026-06-14T19:00:00Z,2026-06-14T21:00:00+0200,103.59,EUR/MWh,DE,DE_LU,day_ahead_price,value,2026-06-21T20:22:25Z
2026-06-21T20:21:09Z,2026-06-21T22:21:09+0200,4c728934-15fc-48ae-9cbd-ac5715da9ca9,2026-06-14T19:15:00Z,2026-06-14T21:15:00+0200,103.94,EUR/MWh,DE,DE_LU,day_ahead_price,value,2026-06-21T20:22:25Z
2026-06-21T20:21:09Z,2026-06-21T22:21:09+0200,4c728934-15fc-48ae-9cbd-ac5715da9ca9,2026-06-14T19:30:00Z,2026-06-14T21:30:00+0200,100.98,EUR/MWh,DE,DE_LU,day_ahead_price,value,2026-06-21T20:22:25Z
2026-06-21T20:21:09Z,2026-06-21T22:21:09+0200,4c728934-15fc-48ae-9cbd-ac5715da9ca9,2026-06-14T19:45:00Z,2026-06-14T21:45:00+0200,102.0,EUR/MWh,DE,DE_LU,day_ahead_price,value,2026-06-21T20:22:25Z
2026-06-21T20:21:09Z,2026-06-21T22:21:09+0200,4c728934-15fc-48ae-9cbd-ac5715da9ca9,2026-06-14T20:00:00Z,2026-06-14T22:00:00+0200,120.05,EUR/MWh,DE,DE_LU,day_ahead_price,value,2026-06-21T20:22:25Z
2026-06-21T20:21:09Z,2026-06-21T22:21:09+0200,4c728934-15fc-48ae-9cbd-ac5715da9ca9,2026-06-14T20:15:00Z,2026-06-14T22:15:00+0200,115.48,EUR/MWh,DE,DE_LU,day_ahead_price,value,2026-06-21T20:22:25Z
2026-06-21T20:21:09Z,2026-06-21T22:21:09+0200,4c728934-15fc-48ae-9cbd-ac5715da9ca9,2026-06-14T20:30:00Z,2026-06-14T22:30:00+0200,108.01,EUR/MWh,DE,DE_LU,day_ahead_price,value,2026-06-21T20:22:25Z
2026-06-21T20:21:09Z,2026-06-21T22:21:09+0200,4c728934-15fc-48ae-9cbd-ac5715da9ca9,2026-06-14T20:45:00Z,2026-06-14T22:45:00+0200,105.58,EUR/MWh,DE,DE_LU,day_ahead_price,value,2026-06-21T20:22:25Z
2026-06-21T20:21:09Z,2026-06-21T22:21:09+0200,4c728934-15fc-48ae-9cbd-ac5715da9ca9,2026-06-14T21:00:00Z,2026-06-14T23:00:00+0200,109.15,EUR/MWh,DE,DE_LU,day_ahead_price,value,2026-06-21T20:22:25Z
2026-06-21T20:21:09Z,2026-06-21T22:21:09+0200,4c728934-15fc-48ae-9cbd-ac5715da9ca9,2026-06-14T21:15:00Z,2026-06-14T23:15:00+0200,102.01,EUR/MWh,DE,DE_LU,day_ahead_price,value,2026-06-21T20:22:25Z
2026-06-21T20:21:09Z,2026-06-21T22:21:09+0200,4c728934-15fc-48ae-9cbd-ac5715da9ca9,2026-06-14T21:30:00Z,2026-06-14T23:30:00+0200,101.14,EUR/MWh,DE,DE_LU,day_ahead_price,value,2026-06-21T20:22:25Z
2026-06-21T20:21:09Z,2026-06-21T22:21:09+0200,4c728934-15fc-48ae-9cbd-ac5715da9ca9,2026-06-14T21:45:00Z,2026-06-14T23:45:00+0200,101.28,EUR/MWh,DE,DE_LU,day_ahead_price,value,2026-06-21T20:22:25Z
2026-06-21T20:21:09Z,2026-06-21T22:21:09+0200,4c728934-15fc-48ae-9cbd-ac5715da9ca9,2026-06-14T22:00:00Z,2026-06-15T00:00:00+0200,115.02,EUR/MWh,DE,DE_LU,day_ahead_price,value,2026-06-21T20:22:25Z
2026-06-21T20:21:09Z,2026-06-21T22:21:09+0200,4c728934-15fc-48ae-9cbd-ac5715da9ca9,2026-06-14T22:15:00Z,2026-06-15T00:15:00+0200,104.7,EUR/MWh,DE,DE_LU,day_ahead_price,value,2026-06-21T20:22:25Z
2026-06-21T20:21:09Z,2026-06-21T22:21:09+0200,4c728934-15fc-48ae-9cbd-ac5715da9ca9,2026-06-14T22:30:00Z,2026-06-15T00:30:00+0200,99.02,EUR/MWh,DE,DE_LU,day_ahead_price,value,2026-06-21T20:22:25Z
2026-06-21T20:21:09Z,2026-06-21T22:21:09+0200,4c728934-15fc-48ae-9cbd-ac5715da9ca9,2026-06-14T22:45:00Z,2026-06-15T00:45:00+0200,86.99,EUR/MWh,DE,DE_LU,day_ahead_price,value,2026-06-21T20:22:25Z
2026-06-21T20:21:09Z,2026-06-21T22:21:09+0200,4c728934-15fc-48ae-9cbd-ac5715da9ca9,2026-06-14T23:00:00Z,2026-06-15T01:00:00+0200,102.18,EUR/MWh,DE,DE_LU,day_ahead_price,value,2026-06-21T20:22:25Z
2026-06-21T20:21:09Z,2026-06-21T22:21:09+0200,4c728934-15fc-48ae-9cbd-ac5715da9ca9,2026-06-14T23:15:00Z,2026-06-15T01:15:00+0200,96.49,EUR/MWh,DE,DE_LU,day_ahead_price,value,2026-06-21T20:22:25Z
2026-06-21T20:21:09Z,2026-06-21T22:21:09+0200,4c728934-15fc-48ae-9cbd-ac5715da9ca9,2026-06-14T23:30:00Z,2026-06-15T01:30:00+0200,91.16,EUR/MWh,DE,DE_LU,day_ahead_price,value,2026-06-21T20:22:25Z
2026-06-21T20:21:09Z,2026-06-21T22:21:09+0200,4c728934-15fc-48ae-9cbd-ac5715da9ca9,2026-06-14T23:45:00Z,2026-06-15T01:45:00+0200,81.81,EUR/MWh,DE,DE_LU,day_ahead_price,value,2026-06-21T20:22:25Z
2026-06-21T20:21:09Z,2026-06-21T22:21:09+0200,4c728934-15fc-48ae-9cbd-ac5715da9ca9,2026-06-15T00:00:00Z,2026-06-15T02:00:00+0200,88.38,EUR/MWh,DE,DE_LU,day_ahead_price,value,2026-06-21T20:22:25Z
2026-06-21T20:21:09Z,2026-06-21T22:21:09+0200,4c728934-15fc-48ae-9cbd-ac5715da9ca9,2026-06-15T00:15:00Z,2026-06-15T02:15:00+0200,80.8,EUR/MWh,DE,DE_LU,day_ahead_price,value,2026-06-21T20:22:25Z
2026-06-21T20:21:09Z,2026-06-21T22:21:09+0200,4c728934-15fc-48ae-9cbd-ac5715da9ca9,2026-06-15T00:30:00Z,2026-06-15T02:30:00+0200,87.59,EUR/MWh,DE,DE_LU,day_ahead_price,value,2026-06-21T20:22:25Z
2026-06-21T20:21:09Z,2026-06-21T22:21:09+0200,4c728934-15fc-48ae-9cbd-ac5715da9ca9,2026-06-15T00:45:00Z,2026-06-15T02:45:00+0200,84.73,EUR/MWh,DE,DE_LU,day_ahead_price,value,2026-06-21T20:22:25Z
2026-06-21T20:21:09Z,2026-06-21T22:21:09+0200,4c728934-15fc-48ae-9cbd-ac5715da9ca9,2026-06-15T01:00:00Z,2026-06-15T03:00:00+0200,87.51,EUR/MWh,DE,DE_LU,day_ahead_price,value,2026-06-21T20:22:25Z
2026-06-21T20:21:09Z,2026-06-21T22:21:09+0200,4c728934-15fc-48ae-9cbd-ac5715da9ca9,2026-06-15T01:15:00Z,2026-06-15T03:15:00+0200,84.88,EUR/MWh,DE,DE_LU,day_ahead_price,value,2026-06-21T20:22:25Z
2026-06-21T20:21:09Z,2026-06-21T22:21:09+0200,4c728934-15fc-48ae-9cbd-ac5715da9ca9,2026-06-15T01:30:00Z,2026-06-15T03:30:00+0200,83.15,EUR/MWh,DE,DE_LU,day_ahead_price,value,2026-06-21T20:22:25Z
2026-06-21T20:21:09Z,2026-06-21T22:21:09+0200,4c728934-15fc-48ae-9cbd-ac5715da9ca9,2026-06-15T01:45:00Z,2026-06-15T03:45:00+0200,79.45,EUR/MWh,DE,DE_LU,day_ahead_price,value,2026-06-21T20:22:25Z
2026-06-21T20:21:09Z,2026-06-21T22:21:09+0200,4c728934-15fc-48ae-9cbd-ac5715da9ca9,2026-06-15T02:00:00Z,2026-06-15T04:00:00+0200,80.8,EUR/MWh,DE,DE_LU,day_ahead_price,value,2026-06-21T20:22:25Z
2026-06-21T20:21:09Z,2026-06-21T22:21:09+0200,4c728934-15fc-48ae-9cbd-ac5715da9ca9,2026-06-15T02:15:00Z,2026-06-15T04:15:00+0200,80.81,EUR/MWh,DE,DE_LU,day_ahead_price,value,2026-06-21T20:22:25Z
2026-06-21T20:21:09Z,2026-06-21T22:21:09+0200,4c728934-15fc-48ae-9cbd-ac5715da9ca9,2026-06-15T02:30:00Z,2026-06-15T04:30:00+0200,84.88,EUR/MWh,DE,DE_LU,day_ahead_price,value,2026-06-21T20:22:25Z
2026-06-21T20:21:09Z,2026-06-21T22:21:09+0200,4c728934-15fc-48ae-9cbd-ac5715da9ca9,2026-06-15T02:45:00Z,2026-06-15T04:45:00+0200,91.06,EUR/MWh,DE,DE_LU,day_ahead_price,value,2026-06-21T20:22:25Z
2026-06-21T20:21:09Z,2026-06-21T22:21:09+0200,4c728934-15fc-48ae-9cbd-ac5715da9ca9,2026-06-15T03:00:00Z,2026-06-15T05:00:00+0200,81.1,EUR/MWh,DE,DE_LU,day_ahead_price,value,2026-06-21T20:22:25Z
2026-06-21T20:21:09Z,2026-06-21T22:21:09+0200,4c728934-15fc-48ae-9cbd-ac5715da9ca9,2026-06-15T03:15:00Z,2026-06-15T05:15:00+0200,90.81,EUR/MWh,DE,DE_LU,day_ahead_price,value,2026-06-21T20:22:25Z
2026-06-21T20:21:09Z,2026-06-21T22:21:09+0200,4c728934-15fc-48ae-9cbd-ac5715da9ca9,2026-06-15T03:30:00Z,2026-06-15T05:30:00+0200,92.28,EUR/MWh,DE,DE_LU,day_ahead_price,value,2026-06-21T20:22:25Z
2026-06-21T20:21:09Z,2026-06-21T22:21:09+0200,4c728934-15fc-48ae-9cbd-ac5715da9ca9,2026-06-15T03:45:00Z,2026-06-15T05:45:00+0200,101.43,EUR/MWh,DE,DE_LU,day_ahead_price,value,2026-06-21T20:22:25Z
2026-06-21T20:21:09Z,2026-06-21T22:21:09+0200,4c728934-15fc-48ae-9cbd-ac5715da9ca9,2026-06-15T04:00:00Z,2026-06-15T06:00:00+0200,99.27,EUR/MWh,DE,DE_LU,day_ahead_price,value,2026-06-21T20:22:25Z
2026-06-21T20:21:09Z,2026-06-21T22:21:09+0200,4c728934-15fc-48ae-9cbd-ac5715da9ca9,2026-06-15T04:15:00Z,2026-06-15T06:15:00+0200,106.45,EUR/MWh,DE,DE_LU,day_ahead_price,value,2026-06-21T20:22:25Z
2026-06-21T20:21:09Z,2026-06-21T22:21:09+0200,4c728934-15fc-48ae-9cbd-ac5715da9ca9,2026-06-15T04:30:00Z,2026-06-15T06:30:00+0200,108.99,EUR/MWh,DE,DE_LU,day_ahead_price,value,2026-06-21T20:22:25Z
2026-06-21T20:21:09Z,2026-06-21T22:21:09+0200,4c728934-15fc-48ae-9cbd-ac5715da9ca9,2026-06-15T04:45:00Z,2026-06-15T06:45:00+0200,108.06,EUR/MWh,DE,DE_LU,day_ahead_price,value,2026-06-21T20:22:25Z
2026-06-21T20:21:09Z,2026-06-21T22:21:09+0200,4c728934-15fc-48ae-9cbd-ac5715da9ca9,2026-06-15T05:00:00Z,2026-06-15T07:00:00+0200,121.73,EUR/MWh,DE,DE_LU,day_ahead_price,value,2026-06-21T20:22:25Z
2026-06-21T20:21:09Z,2026-06-21T22:21:09+0200,4c728934-15fc-48ae-9cbd-ac5715da9ca9,2026-06-15T05:15:00Z,2026-06-15T07:15:00+0200,108.93,EUR/MWh,DE,DE_LU,day_ahead_price,value,2026-06-21T20:22:25Z
2026-06-21T20:21:09Z,2026-06-21T22:21:09+0200,4c728934-15fc-48ae-9cbd-ac5715da9ca9,2026-06-15T05:30:00Z,2026-06-15T07:30:00+0200,104.85,EUR/MWh,DE,DE_LU,day_ahead_price,value,2026-06-21T20:22:25Z
2026-06-21T20:21:09Z,2026-06-21T22:21:09+0200,4c728934-15fc-48ae-9cbd-ac5715da9ca9,2026-06-15T05:45:00Z,2026-06-15T07:45:00+0200,94.06,EUR/MWh,DE,DE_LU,day_ahead_price,value,2026-06-21T20:22:25Z
2026-06-21T20:21:09Z,2026-06-21T22:21:09+0200,4c728934-15fc-48ae-9cbd-ac5715da9ca9,2026-06-15T06:00:00Z,2026-06-15T08:00:00+0200,108.33,EUR/MWh,DE,DE_LU,day_ahead_price,value,2026-06-21T20:22:25Z
2026-06-21T20:21:09Z,2026-06-21T22:21:09+0200,4c728934-15fc-48ae-9cbd-ac5715da9ca9,2026-06-15T06:15:00Z,2026-06-15T08:15:00+0200,100.99,EUR/MWh,DE,DE_LU,day_ahead_price,value,2026-06-21T20:22:25Z
2026-06-21T20:21:09Z,2026-06-21T22:21:09+0200,4c728934-15fc-48ae-9cbd-ac5715da9ca9,2026-06-15T06:30:00Z,2026-06-15T08:30:00+0200,88.37,EUR/MWh,DE,DE_LU,day_ahead_price,value,2026-06-21T20:22:25Z
2026-06-21T20:21:09Z,2026-06-21T22:21:09+0200,4c728934-15fc-48ae-9cbd-ac5715da9ca9,2026-06-15T06:45:00Z,2026-06-15T08:45:00+0200,68.07,EUR/MWh,DE,DE_LU,day_ahead_price,value,2026-06-21T20:22:25Z
2026-06-21T20:21:09Z,2026-06-21T22:21:09+0200,4c728934-15fc-48ae-9cbd-ac5715da9ca9,2026-06-15T07:00:00Z,2026-06-15T09:00:00+0200,95.75,EUR/MWh,DE,DE_LU,day_ahead_price,value,2026-06-21T20:22:25Z
2026-06-21T20:21:09Z,2026-06-21T22:21:09+0200,4c728934-15fc-48ae-9cbd-ac5715da9ca9,2026-06-15T07:15:00Z,2026-06-15T09:15:00+0200,76.94,EUR/MWh,DE,DE_LU,day_ahead_price,value,2026-06-21T20:22:25Z
2026-06-21T20:21:09Z,2026-06-21T22:21:09+0200,4c728934-15fc-48ae-9cbd-ac5715da9ca9,2026-06-15T07:30:00Z,2026-06-15T09:30:00+0200,55.37,EUR/MWh,DE,DE_LU,day_ahead_price,value,2026-06-21T20:22:25Z
2026-06-21T20:21:09Z,2026-06-21T22:21:09+0200,4c728934-15fc-48ae-9cbd-ac5715da9ca9,2026-06-15T07:45:00Z,2026-06-15T09:45:00+0200,26.55,EUR/MWh,DE,DE_LU,day_ahead_price,value,2026-06-21T20:22:25Z
2026-06-21T20:21:09Z,2026-06-21T22:21:09+0200,4c728934-15fc-48ae-9cbd-ac5715da9ca9,2026-06-15T08:00:00Z,2026-06-15T10:00:00+0200,52.29,EUR/MWh,DE,DE_LU,day_ahead_price,value,2026-06-21T20:22:25Z
2026-06-21T20:21:09Z,2026-06-21T22:21:09+0200,4c728934-15fc-48ae-9cbd-ac5715da9ca9,2026-06-15T08:15:00Z,2026-06-15T10:15:00+0200,24.14,EUR/MWh,DE,DE_LU,day_ahead_price,value,2026-06-21T20:22:25Z
2026-06-21T20:21:09Z,2026-06-21T22:21:09+0200,4c728934-15fc-48ae-9cbd-ac5715da9ca9,2026-06-15T08:30:00Z,2026-06-15T10:30:00+0200,9.7,EUR/MWh,DE,DE_LU,day_ahead_price,value,2026-06-21T20:22:25Z
2026-06-21T20:21:09Z,2026-06-21T22:21:09+0200,4c728934-15fc-48ae-9cbd-ac5715da9ca9,2026-06-15T08:45:00Z,2026-06-15T10:45:00+0200,0.1,EUR/MWh,DE,DE_LU,day_ahead_price,value,2026-06-21T20:22:25Z
2026-06-21T20:21:09Z,2026-06-21T22:21:09+0200,4c728934-15fc-48ae-9cbd-ac5715da9ca9,2026-06-15T09:00:00Z,2026-06-15T11:00:00+0200,4.05,EUR/MWh,DE,DE_LU,day_ahead_price,value,2026-06-21T20:22:25Z
2026-06-21T20:21:09Z,2026-06-21T22:21:09+0200,4c728934-15fc-48ae-9cbd-ac5715da9ca9,2026-06-15T09:15:00Z,2026-06-15T11:15:00+0200,0.0,EUR/MWh,DE,DE_LU,day_ahead_price,value,2026-06-21T20:22:25Z
2026-06-21T20:21:09Z,2026-06-21T22:21:09+0200,4c728934-15fc-48ae-9cbd-ac5715da9ca9,2026-06-15T09:30:00Z,2026-06-15T11:30:00+0200,0.0,EUR/MWh,DE,DE_LU,day_ahead_price,value,2026-06-21T20:22:25Z
2026-06-21T20:21:09Z,2026-06-21T22:21:09+0200,4c728934-15fc-48ae-9cbd-ac5715da9ca9,2026-06-15T09:45:00Z,2026-06-15T11:45:00+0200,-0.02,EUR/MWh,DE,DE_LU,day_ahead_price,value,2026-06-21T20:22:25Z
2026-06-21T20:21:09Z,2026-06-21T22:21:09+0200,4c728934-15fc-48ae-9cbd-ac5715da9ca9,2026-06-15T10:00:00Z,2026-06-15T12:00:00+0200,0.0,EUR/MWh,DE,DE_LU,day_ahead_price,value,2026-06-21T20:22:25Z
2026-06-21T20:21:09Z,2026-06-21T22:21:09+0200,4c728934-15fc-48ae-9cbd-ac5715da9ca9,2026-06-15T10:15:00Z,2026-06-15T12:15:00+0200,-0.01,EUR/MWh,DE,DE_LU,day_ahead_price,value,2026-06-21T20:22:25Z
2026-06-21T20:21:09Z,2026-06-21T22:21:09+0200,4c728934-15fc-48ae-9cbd-ac5715da9ca9,2026-06-15T10:30:00Z,2026-06-15T12:30:00+0200,-0.04,EUR/MWh,DE,DE_LU,day_ahead_price,value,2026-06-21T20:22:25Z
2026-06-21T20:21:09Z,2026-06-21T22:21:09+0200,4c728934-15fc-48ae-9cbd-ac5715da9ca9,2026-06-15T10:45:00Z,2026-06-15T12:45:00+0200,-0.06,EUR/MWh,DE,DE_LU,day_ahead_price,value,2026-06-21T20:22:25Z
2026-06-21T20:21:09Z,2026-06-21T22:21:09+0200,4c728934-15fc-48ae-9cbd-ac5715da9ca9,2026-06-15T11:00:00Z,2026-06-15T13:00:00+0200,-1.02,EUR/MWh,DE,DE_LU,day_ahead_price,value,2026-06-21T20:22:25Z
2026-06-21T20:21:09Z,2026-06-21T22:21:09+0200,4c728934-15fc-48ae-9cbd-ac5715da9ca9,2026-06-15T11:15:00Z,2026-06-15T13:15:00+0200,-1.09,EUR/MWh,DE,DE_LU,day_ahead_price,value,2026-06-21T20:22:25Z
2026-06-21T20:21:09Z,2026-06-21T22:21:09+0200,4c728934-15fc-48ae-9cbd-ac5715da9ca9,2026-06-15T11:30:00Z,2026-06-15T13:30:00+0200,-1.81,EUR/MWh,DE,DE_LU,day_ahead_price,value,2026-06-21T20:22:25Z
2026-06-21T20:21:09Z,2026-06-21T22:21:09+0200,4c728934-15fc-48ae-9cbd-ac5715da9ca9,2026-06-15T11:45:00Z,2026-06-15T13:45:00+0200,-2.01,EUR/MWh,DE,DE_LU,day_ahead_price,value,2026-06-21T20:22:25Z
2026-06-21T20:21:09Z,2026-06-21T22:21:09+0200,4c728934-15fc-48ae-9cbd-ac5715da9ca9,2026-06-15T12:00:00Z,2026-06-15T14:00:00+0200,-2.65,EUR/MWh,DE,DE_LU,day_ahead_price,value,2026-06-21T20:22:25Z
2026-06-21T20:21:09Z,2026-06-21T22:21:09+0200,4c728934-15fc-48ae-9cbd-ac5715da9ca9,2026-06-15T12:15:00Z,2026-06-15T14:15:00+0200,-2.97,EUR/MWh,DE,DE_LU,day_ahead_price,value,2026-06-21T20:22:25Z
2026-06-21T20:21:09Z,2026-06-21T22:21:09+0200,4c728934-15fc-48ae-9cbd-ac5715da9ca9,2026-06-15T12:30:00Z,2026-06-15T14:30:00+0200,-3.0,EUR/MWh,DE,DE_LU,day_ahead_price,value,2026-06-21T20:22:25Z
2026-06-21T20:21:09Z,2026-06-21T22:21:09+0200,4c728934-15fc-48ae-9cbd-ac5715da9ca9,2026-06-15T12:45:00Z,2026-06-15T14:45:00+0200,-2.99,EUR/MWh,DE,DE_LU,day_ahead_price,value,2026-06-21T20:22:25Z
2026-06-21T20:21:09Z,2026-06-21T22:21:09+0200,4c728934-15fc-48ae-9cbd-ac5715da9ca9,2026-06-15T13:00:00Z,2026-06-15T15:00:00+0200,-1.1,EUR/MWh,DE,DE_LU,day_ahead_price,value,2026-06-21T20:22:25Z
2026-06-21T20:21:09Z,2026-06-21T22:21:09+0200,4c728934-15fc-48ae-9cbd-ac5715da9ca9,2026-06-15T13:15:00Z,2026-06-15T15:15:00+0200,-1.02,EUR/MWh,DE,DE_LU,day_ahead_price,value,2026-06-21T20:22:25Z
2026-06-21T20:21:09Z,2026-06-21T22:21:09+0200,4c728934-15fc-48ae-9cbd-ac5715da9ca9,2026-06-15T13:30:00Z,2026-06-15T15:30:00+0200,-0.86,EUR/MWh,DE,DE_LU,day_ahead_price,value,2026-06-21T20:22:25Z
2026-06-21T20:21:09Z,2026-06-21T22:21:09+0200,4c728934-15fc-48ae-9cbd-ac5715da9ca9,2026-06-15T13:45:00Z,2026-06-15T15:45:00+0200,-0.75,EUR/MWh,DE,DE_LU,day_ahead_price,value,2026-06-21T20:22:25Z
2026-06-21T20:21:09Z,2026-06-21T22:21:09+0200,4c728934-15fc-48ae-9cbd-ac5715da9ca9,2026-06-15T14:00:00Z,2026-06-15T16:00:00+0200,-0.06,EUR/MWh,DE,DE_LU,day_ahead_price,value,2026-06-21T20:22:25Z
2026-06-21T20:21:09Z,2026-06-21T22:21:09+0200,4c728934-15fc-48ae-9cbd-ac5715da9ca9,2026-06-15T14:15:00Z,2026-06-15T16:15:00+0200,-0.01,EUR/MWh,DE,DE_LU,day_ahead_price,value,2026-06-21T20:22:25Z
2026-06-21T20:21:09Z,2026-06-21T22:21:09+0200,4c728934-15fc-48ae-9cbd-ac5715da9ca9,2026-06-15T14:30:00Z,2026-06-15T16:30:00+0200,0.0,EUR/MWh,DE,DE_LU,day_ahead_price,value,2026-06-21T20:22:25Z
2026-06-21T20:21:09Z,2026-06-21T22:21:09+0200,4c728934-15fc-48ae-9cbd-ac5715da9ca9,2026-06-15T14:45:00Z,2026-06-15T16:45:00+0200,0.01,EUR/MWh,DE,DE_LU,day_ahead_price,value,2026-06-21T20:22:25Z
2026-06-21T20:21:09Z,2026-06-21T22:21:09+0200,4c728934-15fc-48ae-9cbd-ac5715da9ca9,2026-06-15T15:00:00Z,2026-06-15T17:00:00+0200,8.44,EUR/MWh,DE,DE_LU,day_ahead_price,value,2026-06-21T20:22:25Z
2026-06-21T20:21:09Z,2026-06-21T22:21:09+0200,4c728934-15fc-48ae-9cbd-ac5715da9ca9,2026-06-15T15:15:00Z,2026-06-15T17:15:00+0200,31.22,EUR/MWh,DE,DE_LU,day_ahead_price,value,2026-06-21T20:22:25Z
2026-06-21T20:21:09Z,2026-06-21T22:21:09+0200,4c728934-15fc-48ae-9cbd-ac5715da9ca9,2026-06-15T15:30:00Z,2026-06-15T17:30:00+0200,49.98,EUR/MWh,DE,DE_LU,day_ahead_price,value,2026-06-21T20:22:25Z
2026-06-21T20:21:09Z,2026-06-21T22:21:09+0200,4c728934-15fc-48ae-9cbd-ac5715da9ca9,2026-06-15T15:45:00Z,2026-06-15T17:45:00+0200,85.07,EUR/MWh,DE,DE_LU,day_ahead_price,value,2026-06-21T20:22:25Z
2026-06-21T20:21:09Z,2026-06-21T22:21:09+0200,4c728934-15fc-48ae-9cbd-ac5715da9ca9,2026-06-15T16:00:00Z,2026-06-15T18:00:00+0200,47.45,EUR/MWh,DE,DE_LU,day_ahead_price,value,2026-06-21T20:22:25Z
2026-06-21T20:21:09Z,2026-06-21T22:21:09+0200,4c728934-15fc-48ae-9cbd-ac5715da9ca9,2026-06-15T16:15:00Z,2026-06-15T18:15:00+0200,77.5,EUR/MWh,DE,DE_LU,day_ahead_price,value,2026-06-21T20:22:25Z
2026-06-21T20:21:09Z,2026-06-21T22:21:09+0200,4c728934-15fc-48ae-9cbd-ac5715da9ca9,2026-06-15T16:30:00Z,2026-06-15T18:30:00+0200,107.67,EUR/MWh,DE,DE_LU,day_ahead_price,value,2026-06-21T20:22:25Z
2026-06-21T20:21:09Z,2026-06-21T22:21:09+0200,4c728934-15fc-48ae-9cbd-ac5715da9ca9,2026-06-15T16:45:00Z,2026-06-15T18:45:00+0200,133.19,EUR/MWh,DE,DE_LU,day_ahead_price,value,2026-06-21T20:22:25Z
2026-06-21T20:21:09Z,2026-06-21T22:21:09+0200,4c728934-15fc-48ae-9cbd-ac5715da9ca9,2026-06-15T17:00:00Z,2026-06-15T19:00:00+0200,107.51,EUR/MWh,DE,DE_LU,day_ahead_price,value,2026-06-21T20:22:25Z
2026-06-21T20:21:09Z,2026-06-21T22:21:09+0200,4c728934-15fc-48ae-9cbd-ac5715da9ca9,2026-06-15T17:15:00Z,2026-06-15T19:15:00+0200,121.95,EUR/MWh,DE,DE_LU,day_ahead_price,value,2026-06-21T20:22:25Z
2026-06-21T20:21:09Z,2026-06-21T22:21:09+0200,4c728934-15fc-48ae-9cbd-ac5715da9ca9,2026-06-15T17:30:00Z,2026-06-15T19:30:00+0200,136.87,EUR/MWh,DE,DE_LU,day_ahead_price,value,2026-06-21T20:22:25Z
2026-06-21T20:21:09Z,2026-06-21T22:21:09+0200,4c728934-15fc-48ae-9cbd-ac5715da9ca9,2026-06-15T17:45:00Z,2026-06-15T19:45:00+0200,150.0,EUR/MWh,DE,DE_LU,day_ahead_price,value,2026-06-21T20:22:25Z
2026-06-21T20:21:09Z,2026-06-21T22:21:09+0200,4c728934-15fc-48ae-9cbd-ac5715da9ca9,2026-06-15T18:00:00Z,2026-06-15T20:00:00+0200,131.1,EUR/MWh,DE,DE_LU,day_ahead_price,value,2026-06-21T20:22:25Z
2026-06-21T20:21:09Z,2026-06-21T22:21:09+0200,4c728934-15fc-48ae-9cbd-ac5715da9ca9,2026-06-15T18:15:00Z,2026-06-15T20:15:00+0200,137.59,EUR/MWh,DE,DE_LU,day_ahead_price,value,2026-06-21T20:22:25Z
2026-06-21T20:21:09Z,2026-06-21T22:21:09+0200,4c728934-15fc-48ae-9cbd-ac5715da9ca9,2026-06-15T18:30:00Z,2026-06-15T20:30:00+0200,153.92,EUR/MWh,DE,DE_LU,day_ahead_price,value,2026-06-21T20:22:25Z
2026-06-21T20:21:09Z,2026-06-21T22:21:09+0200,4c728934-15fc-48ae-9cbd-ac5715da9ca9,2026-06-15T18:45:00Z,2026-06-15T20:45:00+0200,172.17,EUR/MWh,DE,DE_LU,day_ahead_price,value,2026-06-21T20:22:25Z
2026-06-21T20:21:09Z,2026-06-21T22:21:09+0200,4c728934-15fc-48ae-9cbd-ac5715da9ca9,2026-06-15T19:00:00Z,2026-06-15T21:00:00+0200,154.93,EUR/MWh,DE,DE_LU,day_ahead_price,value,2026-06-21T20:22:25Z
2026-06-21T20:21:09Z,2026-06-21T22:21:09+0200,4c728934-15fc-48ae-9cbd-ac5715da9ca9,2026-06-15T19:15:00Z,2026-06-15T21:15:00+0200,157.62,EUR/MWh,DE,DE_LU,day_ahead_price,value,2026-06-21T20:22:25Z
2026-06-21T20:21:09Z,2026-06-21T22:21:09+0200,4c728934-15fc-48ae-9cbd-ac5715da9ca9,2026-06-15T19:30:00Z,2026-06-15T21:30:00+0200,159.88,EUR/MWh,DE,DE_LU,day_ahead_price,value,2026-06-21T20:22:25Z
2026-06-21T20:21:09Z,2026-06-21T22:21:09+0200,4c728934-15fc-48ae-9cbd-ac5715da9ca9,2026-06-15T19:45:00Z,2026-06-15T21:45:00+0200,152.61,EUR/MWh,DE,DE_LU,day_ahead_price,value,2026-06-21T20:22:25Z
2026-06-21T20:21:09Z,2026-06-21T22:21:09+0200,4c728934-15fc-48ae-9cbd-ac5715da9ca9,2026-06-15T20:00:00Z,2026-06-15T22:00:00+0200,162.7,EUR/MWh,DE,DE_LU,day_ahead_price,value,2026-06-21T20:22:25Z
2026-06-21T20:21:09Z,2026-06-21T22:21:09+0200,4c728934-15fc-48ae-9cbd-ac5715da9ca9,2026-06-15T20:15:00Z,2026-06-15T22:15:00+0200,155.89,EUR/MWh,DE,DE_LU,day_ahead_price,value,2026-06-21T20:22:25Z
2026-06-21T20:21:09Z,2026-06-21T22:21:09+0200,4c728934-15fc-48ae-9cbd-ac5715da9ca9,2026-06-15T20:30:00Z,2026-06-15T22:30:00+0200,155.08,EUR/MWh,DE,DE_LU,day_ahead_price,value,2026-06-21T20:22:25Z
2026-06-21T20:21:09Z,2026-06-21T22:21:09+0200,4c728934-15fc-48ae-9cbd-ac5715da9ca9,2026-06-15T20:45:00Z,2026-06-15T22:45:00+0200,141.5,EUR/MWh,DE,DE_LU,day_ahead_price,value,2026-06-21T20:22:25Z
2026-06-21T20:21:09Z,2026-06-21T22:21:09+0200,4c728934-15fc-48ae-9cbd-ac5715da9ca9,2026-06-15T21:00:00Z,2026-06-15T23:00:00+0200,147.05,EUR/MWh,DE,DE_LU,day_ahead_price,value,2026-06-21T20:22:25Z
2026-06-21T20:21:09Z,2026-06-21T22:21:09+0200,4c728934-15fc-48ae-9cbd-ac5715da9ca9,2026-06-15T21:15:00Z,2026-06-15T23:15:00+0200,133.32,EUR/MWh,DE,DE_LU,day_ahead_price,value,2026-06-21T20:22:25Z
2026-06-21T20:21:09Z,2026-06-21T22:21:09+0200,4c728934-15fc-48ae-9cbd-ac5715da9ca9,2026-06-15T21:30:00Z,2026-06-15T23:30:00+0200,131.36,EUR/MWh,DE,DE_LU,day_ahead_price,value,2026-06-21T20:22:25Z
2026-06-21T20:21:09Z,2026-06-21T22:21:09+0200,4c728934-15fc-48ae-9cbd-ac5715da9ca9,2026-06-15T21:45:00Z,2026-06-15T23:45:00+0200,127.29,EUR/MWh,DE,DE_LU,day_ahead_price,value,2026-06-21T20:22:25Z
2026-06-21T20:21:09Z,2026-06-21T22:21:09+0200,4c728934-15fc-48ae-9cbd-ac5715da9ca9,2026-06-15T22:00:00Z,2026-06-16T00:00:00+0200,131.85,EUR/MWh,DE,DE_LU,day_ahead_price,value,2026-06-21T20:22:25Z
2026-06-21T20:21:09Z,2026-06-21T22:21:09+0200,4c728934-15fc-48ae-9cbd-ac5715da9ca9,2026-06-15T22:15:00Z,2026-06-16T00:15:00+0200,126.99,EUR/MWh,DE,DE_LU,day_ahead_price,value,2026-06-21T20:22:25Z
2026-06-21T20:21:09Z,2026-06-21T22:21:09+0200,4c728934-15fc-48ae-9cbd-ac5715da9ca9,2026-06-15T22:30:00Z,2026-06-16T00:30:00+0200,118.46,EUR/MWh,DE,DE_LU,day_ahead_price,value,2026-06-21T20:22:25Z
2026-06-21T20:21:09Z,2026-06-21T22:21:09+0200,4c728934-15fc-48ae-9cbd-ac5715da9ca9,2026-06-15T22:45:00Z,2026-06-16T00:45:00+0200,114.01,EUR/MWh,DE,DE_LU,day_ahead_price,value,2026-06-21T20:22:25Z
2026-06-21T20:21:09Z,2026-06-21T22:21:09+0200,4c728934-15fc-48ae-9cbd-ac5715da9ca9,2026-06-15T23:00:00Z,2026-06-16T01:00:00+0200,120.7,EUR/MWh,DE,DE_LU,day_ahead_price,value,2026-06-21T20:22:25Z
2026-06-21T20:21:09Z,2026-06-21T22:21:09+0200,4c728934-15fc-48ae-9cbd-ac5715da9ca9,2026-06-15T23:15:00Z,2026-06-16T01:15:00+0200,117.21,EUR/MWh,DE,DE_LU,day_ahead_price,value,2026-06-21T20:22:25Z
2026-06-21T20:21:09Z,2026-06-21T22:21:09+0200,4c728934-15fc-48ae-9cbd-ac5715da9ca9,2026-06-15T23:30:00Z,2026-06-16T01:30:00+0200,116.34,EUR/MWh,DE,DE_LU,day_ahead_price,value,2026-06-21T20:22:25Z
2026-06-21T20:21:09Z,2026-06-21T22:21:09+0200,4c728934-15fc-48ae-9cbd-ac5715da9ca9,2026-06-15T23:45:00Z,2026-06-16T01:45:00+0200,115.02,EUR/MWh,DE,DE_LU,day_ahead_price,value,2026-06-21T20:22:25Z
2026-06-21T20:21:09Z,2026-06-21T22:21:09+0200,4c728934-15fc-48ae-9cbd-ac5715da9ca9,2026-06-16T00:00:00Z,2026-06-16T02:00:00+0200,116.34,EUR/MWh,DE,DE_LU,day_ahead_price,value,2026-06-21T20:22:25Z
2026-06-21T20:21:09Z,2026-06-21T22:21:09+0200,4c728934-15fc-48ae-9cbd-ac5715da9ca9,2026-06-16T00:15:00Z,2026-06-16T02:15:00+0200,114.93,EUR/MWh,DE,DE_LU,day_ahead_price,value,2026-06-21T20:22:25Z
2026-06-21T20:21:09Z,2026-06-21T22:21:09+0200,4c728934-15fc-48ae-9cbd-ac5715da9ca9,2026-06-16T00:30:00Z,2026-06-16T02:30:00+0200,113.43,EUR/MWh,DE,DE_LU,day_ahead_price,value,2026-06-21T20:22:25Z
2026-06-21T20:21:09Z,2026-06-21T22:21:09+0200,4c728934-15fc-48ae-9cbd-ac5715da9ca9,2026-06-16T00:45:00Z,2026-06-16T02:45:00+0200,110.4,EUR/MWh,DE,DE_LU,day_ahead_price,value,2026-06-21T20:22:25Z
2026-06-21T20:21:09Z,2026-06-21T22:21:09+0200,4c728934-15fc-48ae-9cbd-ac5715da9ca9,2026-06-16T01:00:00Z,2026-06-16T03:00:00+0200,113.01,EUR/MWh,DE,DE_LU,day_ahead_price,value,2026-06-21T20:22:25Z
2026-06-21T20:21:09Z,2026-06-21T22:21:09+0200,4c728934-15fc-48ae-9cbd-ac5715da9ca9,2026-06-16T01:15:00Z,2026-06-16T03:15:00+0200,112.65,EUR/MWh,DE,DE_LU,day_ahead_price,value,2026-06-21T20:22:25Z
2026-06-21T20:21:09Z,2026-06-21T22:21:09+0200,4c728934-15fc-48ae-9cbd-ac5715da9ca9,2026-06-16T01:30:00Z,2026-06-16T03:30:00+0200,108.67,EUR/MWh,DE,DE_LU,day_ahead_price,value,2026-06-21T20:22:25Z
2026-06-21T20:21:09Z,2026-06-21T22:21:09+0200,4c728934-15fc-48ae-9cbd-ac5715da9ca9,2026-06-16T01:45:00Z,2026-06-16T03:45:00+0200,109.64,EUR/MWh,DE,DE_LU,day_ahead_price,value,2026-06-21T20:22:25Z
2026-06-21T20:21:09Z,2026-06-21T22:21:09+0200,4c728934-15fc-48ae-9cbd-ac5715da9ca9,2026-06-16T02:00:00Z,2026-06-16T04:00:00+0200,110.4,EUR/MWh,DE,DE_LU,day_ahead_price,value,2026-06-21T20:22:25Z
2026-06-21T20:21:09Z,2026-06-21T22:21:09+0200,4c728934-15fc-48ae-9cbd-ac5715da9ca9,2026-06-16T02:15:00Z,2026-06-16T04:15:00+0200,110.33,EUR/MWh,DE,DE_LU,day_ahead_price,value,2026-06-21T20:22:25Z
2026-06-21T20:21:09Z,2026-06-21T22:21:09+0200,4c728934-15fc-48ae-9cbd-ac5715da9ca9,2026-06-16T02:30:00Z,2026-06-16T04:30:00+0200,111.44,EUR/MWh,DE,DE_LU,day_ahead_price,value,2026-06-21T20:22:25Z
2026-06-21T20:21:09Z,2026-06-21T22:21:09+0200,4c728934-15fc-48ae-9cbd-ac5715da9ca9,2026-06-16T02:45:00Z,2026-06-16T04:45:00+0200,112.79,EUR/MWh,DE,DE_LU,day_ahead_price,value,2026-06-21T20:22:25Z
2026-06-21T20:21:09Z,2026-06-21T22:21:09+0200,4c728934-15fc-48ae-9cbd-ac5715da9ca9,2026-06-16T03:00:00Z,2026-06-16T05:00:00+0200,112.01,EUR/MWh,DE,DE_LU,day_ahead_price,value,2026-06-21T20:22:25Z
2026-06-21T20:21:09Z,2026-06-21T22:21:09+0200,4c728934-15fc-48ae-9cbd-ac5715da9ca9,2026-06-16T03:15:00Z,2026-06-16T05:15:00+0200,112.79,EUR/MWh,DE,DE_LU,day_ahead_price,value,2026-06-21T20:22:25Z
2026-06-21T20:21:09Z,2026-06-21T22:21:09+0200,4c728934-15fc-48ae-9cbd-ac5715da9ca9,2026-06-16T03:30:00Z,2026-06-16T05:30:00+0200,116.79,EUR/MWh,DE,DE_LU,day_ahead_price,value,2026-06-21T20:22:25Z
2026-06-21T20:21:09Z,2026-06-21T22:21:09+0200,4c728934-15fc-48ae-9cbd-ac5715da9ca9,2026-06-16T03:45:00Z,2026-06-16T05:45:00+0200,118.9,EUR/MWh,DE,DE_LU,day_ahead_price,value,2026-06-21T20:22:25Z
2026-06-21T20:21:09Z,2026-06-21T22:21:09+0200,4c728934-15fc-48ae-9cbd-ac5715da9ca9,2026-06-16T04:00:00Z,2026-06-16T06:00:00+0200,125.0,EUR/MWh,DE,DE_LU,day_ahead_price,value,2026-06-21T20:22:25Z
2026-06-21T20:21:09Z,2026-06-21T22:21:09+0200,4c728934-15fc-48ae-9cbd-ac5715da9ca9,2026-06-16T04:15:00Z,2026-06-16T06:15:00+0200,127.7,EUR/MWh,DE,DE_LU,day_ahead_price,value,2026-06-21T20:22:25Z
2026-06-21T20:21:09Z,2026-06-21T22:21:09+0200,4c728934-15fc-48ae-9cbd-ac5715da9ca9,2026-06-16T04:30:00Z,2026-06-16T06:30:00+0200,129.27,EUR/MWh,DE,DE_LU,day_ahead_price,value,2026-06-21T20:22:25Z
2026-06-21T20:21:09Z,2026-06-21T22:21:09+0200,4c728934-15fc-48ae-9cbd-ac5715da9ca9,2026-06-16T04:45:00Z,2026-06-16T06:45:00+0200,130.0,EUR/MWh,DE,DE_LU,day_ahead_price,value,2026-06-21T20:22:25Z
2026-06-21T20:21:09Z,2026-06-21T22:21:09+0200,4c728934-15fc-48ae-9cbd-ac5715da9ca9,2026-06-16T05:00:00Z,2026-06-16T07:00:00+0200,138.99,EUR/MWh,DE,DE_LU,day_ahead_price,value,2026-06-21T20:22:25Z
2026-06-21T20:21:09Z,2026-06-21T22:21:09+0200,4c728934-15fc-48ae-9cbd-ac5715da9ca9,2026-06-16T05:15:00Z,2026-06-16T07:15:00+0200,133.31,EUR/MWh,DE,DE_LU,day_ahead_price,value,2026-06-21T20:22:25Z
2026-06-21T20:21:09Z,2026-06-21T22:21:09+0200,4c728934-15fc-48ae-9cbd-ac5715da9ca9,2026-06-16T05:30:00Z,2026-06-16T07:30:00+0200,131.48,EUR/MWh,DE,DE_LU,day_ahead_price,value,2026-06-21T20:22:25Z
2026-06-21T20:21:09Z,2026-06-21T22:21:09+0200,4c728934-15fc-48ae-9cbd-ac5715da9ca9,2026-06-16T05:45:00Z,2026-06-16T07:45:00+0200,123.0,EUR/MWh,DE,DE_LU,day_ahead_price,value,2026-06-21T20:22:25Z
2026-06-21T20:21:09Z,2026-06-21T22:21:09+0200,4c728934-15fc-48ae-9cbd-ac5715da9ca9,2026-06-16T06:00:00Z,2026-06-16T08:00:00+0200,139.77,EUR/MWh,DE,DE_LU,day_ahead_price,value,2026-06-21T20:22:25Z
2026-06-21T20:21:09Z,2026-06-21T22:21:09+0200,4c728934-15fc-48ae-9cbd-ac5715da9ca9,2026-06-16T06:15:00Z,2026-06-16T08:15:00+0200,127.58,EUR/MWh,DE,DE_LU,day_ahead_price,value,2026-06-21T20:22:25Z
2026-06-21T20:21:09Z,2026-06-21T22:21:09+0200,4c728934-15fc-48ae-9cbd-ac5715da9ca9,2026-06-16T06:30:00Z,2026-06-16T08:30:00+0200,122.52,EUR/MWh,DE,DE_LU,day_ahead_price,value,2026-06-21T20:22:25Z
2026-06-21T20:21:09Z,2026-06-21T22:21:09+0200,4c728934-15fc-48ae-9cbd-ac5715da9ca9,2026-06-16T06:45:00Z,2026-06-16T08:45:00+0200,115.39,EUR/MWh,DE,DE_LU,day_ahead_price,value,2026-06-21T20:22:25Z
2026-06-21T20:21:09Z,2026-06-21T22:21:09+0200,4c728934-15fc-48ae-9cbd-ac5715da9ca9,2026-06-16T07:00:00Z,2026-06-16T09:00:00+0200,118.93,EUR/MWh,DE,DE_LU,day_ahead_price,value,2026-06-21T20:22:25Z
2026-06-21T20:21:09Z,2026-06-21T22:21:09+0200,4c728934-15fc-48ae-9cbd-ac5715da9ca9,2026-06-16T07:15:00Z,2026-06-16T09:15:00+0200,113.66,EUR/MWh,DE,DE_LU,day_ahead_price,value,2026-06-21T20:22:25Z
2026-06-21T20:21:09Z,2026-06-21T22:21:09+0200,4c728934-15fc-48ae-9cbd-ac5715da9ca9,2026-06-16T07:30:00Z,2026-06-16T09:30:00+0200,105.42,EUR/MWh,DE,DE_LU,day_ahead_price,value,2026-06-21T20:22:25Z
2026-06-21T20:21:09Z,2026-06-21T22:21:09+0200,4c728934-15fc-48ae-9cbd-ac5715da9ca9,2026-06-16T07:45:00Z,2026-06-16T09:45:00+0200,100.0,EUR/MWh,DE,DE_LU,day_ahead_price,value,2026-06-21T20:22:25Z
2026-06-21T20:21:09Z,2026-06-21T22:21:09+0200,4c728934-15fc-48ae-9cbd-ac5715da9ca9,2026-06-16T08:00:00Z,2026-06-16T10:00:00+0200,95.33,EUR/MWh,DE,DE_LU,day_ahead_price,value,2026-06-21T20:22:25Z
2026-06-21T20:21:09Z,2026-06-21T22:21:09+0200,4c728934-15fc-48ae-9cbd-ac5715da9ca9,2026-06-16T08:15:00Z,2026-06-16T10:15:00+0200,90.69,EUR/MWh,DE,DE_LU,day_ahead_price,value,2026-06-21T20:22:25Z
2026-06-21T20:21:09Z,2026-06-21T22:21:09+0200,4c728934-15fc-48ae-9cbd-ac5715da9ca9,2026-06-16T08:30:00Z,2026-06-16T10:30:00+0200,85.9,EUR/MWh,DE,DE_LU,day_ahead_price,value,2026-06-21T20:22:25Z
2026-06-21T20:21:09Z,2026-06-21T22:21:09+0200,4c728934-15fc-48ae-9cbd-ac5715da9ca9,2026-06-16T08:45:00Z,2026-06-16T10:45:00+0200,72.0,EUR/MWh,DE,DE_LU,day_ahead_price,value,2026-06-21T20:22:25Z
2026-06-21T20:21:09Z,2026-06-21T22:21:09+0200,4c728934-15fc-48ae-9cbd-ac5715da9ca9,2026-06-16T09:00:00Z,2026-06-16T11:00:00+0200,94.25,EUR/MWh,DE,DE_LU,day_ahead_price,value,2026-06-21T20:22:25Z
2026-06-21T20:21:09Z,2026-06-21T22:21:09+0200,4c728934-15fc-48ae-9cbd-ac5715da9ca9,2026-06-16T09:15:00Z,2026-06-16T11:15:00+0200,85.14,EUR/MWh,DE,DE_LU,day_ahead_price,value,2026-06-21T20:22:25Z
2026-06-21T20:21:09Z,2026-06-21T22:21:09+0200,4c728934-15fc-48ae-9cbd-ac5715da9ca9,2026-06-16T09:30:00Z,2026-06-16T11:30:00+0200,76.5,EUR/MWh,DE,DE_LU,day_ahead_price,value,2026-06-21T20:22:25Z
2026-06-21T20:21:09Z,2026-06-21T22:21:09+0200,4c728934-15fc-48ae-9cbd-ac5715da9ca9,2026-06-16T09:45:00Z,2026-06-16T11:45:00+0200,66.26,EUR/MWh,DE,DE_LU,day_ahead_price,value,2026-06-21T20:22:25Z
2026-06-21T20:21:09Z,2026-06-21T22:21:09+0200,4c728934-15fc-48ae-9cbd-ac5715da9ca9,2026-06-16T10:00:00Z,2026-06-16T12:00:00+0200,76.01,EUR/MWh,DE,DE_LU,day_ahead_price,value,2026-06-21T20:22:25Z
2026-06-21T20:21:09Z,2026-06-21T22:21:09+0200,4c728934-15fc-48ae-9cbd-ac5715da9ca9,2026-06-16T10:15:00Z,2026-06-16T12:15:00+0200,67.74,EUR/MWh,DE,DE_LU,day_ahead_price,value,2026-06-21T20:22:25Z
2026-06-21T20:21:09Z,2026-06-21T22:21:09+0200,4c728934-15fc-48ae-9cbd-ac5715da9ca9,2026-06-16T10:30:00Z,2026-06-16T12:30:00+0200,63.35,EUR/MWh,DE,DE_LU,day_ahead_price,value,2026-06-21T20:22:25Z
2026-06-21T20:21:09Z,2026-06-21T22:21:09+0200,4c728934-15fc-48ae-9cbd-ac5715da9ca9,2026-06-16T10:45:00Z,2026-06-16T12:45:00+0200,58.89,EUR/MWh,DE,DE_LU,day_ahead_price,value,2026-06-21T20:22:25Z
2026-06-21T20:21:09Z,2026-06-21T22:21:09+0200,4c728934-15fc-48ae-9cbd-ac5715da9ca9,2026-06-16T11:00:00Z,2026-06-16T13:00:00+0200,65.34,EUR/MWh,DE,DE_LU,day_ahead_price,value,2026-06-21T20:22:25Z
2026-06-21T20:21:09Z,2026-06-21T22:21:09+0200,4c728934-15fc-48ae-9cbd-ac5715da9ca9,2026-06-16T11:15:00Z,2026-06-16T13:15:00+0200,60.0,EUR/MWh,DE,DE_LU,day_ahead_price,value,2026-06-21T20:22:25Z
2026-06-21T20:21:09Z,2026-06-21T22:21:09+0200,4c728934-15fc-48ae-9cbd-ac5715da9ca9,2026-06-16T11:30:00Z,2026-06-16T13:30:00+0200,51.01,EUR/MWh,DE,DE_LU,day_ahead_price,value,2026-06-21T20:22:25Z
2026-06-21T20:21:09Z,2026-06-21T22:21:09+0200,4c728934-15fc-48ae-9cbd-ac5715da9ca9,2026-06-16T11:45:00Z,2026-06-16T13:45:00+0200,40.67,EUR/MWh,DE,DE_LU,day_ahead_price,value,2026-06-21T20:22:25Z
2026-06-21T20:21:09Z,2026-06-21T22:21:09+0200,4c728934-15fc-48ae-9cbd-ac5715da9ca9,2026-06-16T12:00:00Z,2026-06-16T14:00:00+0200,47.94,EUR/MWh,DE,DE_LU,day_ahead_price,value,2026-06-21T20:22:25Z
2026-06-21T20:21:09Z,2026-06-21T22:21:09+0200,4c728934-15fc-48ae-9cbd-ac5715da9ca9,2026-06-16T12:15:00Z,2026-06-16T14:15:00+0200,48.63,EUR/MWh,DE,DE_LU,day_ahead_price,value,2026-06-21T20:22:25Z
2026-06-21T20:21:09Z,2026-06-21T22:21:09+0200,4c728934-15fc-48ae-9cbd-ac5715da9ca9,2026-06-16T12:30:00Z,2026-06-16T14:30:00+0200,50.51,EUR/MWh,DE,DE_LU,day_ahead_price,value,2026-06-21T20:22:25Z
2026-06-21T20:21:09Z,2026-06-21T22:21:09+0200,4c728934-15fc-48ae-9cbd-ac5715da9ca9,2026-06-16T12:45:00Z,2026-06-16T14:45:00+0200,55.85,EUR/MWh,DE,DE_LU,day_ahead_price,value,2026-06-21T20:22:25Z
2026-06-21T20:21:09Z,2026-06-21T22:21:09+0200,4c728934-15fc-48ae-9cbd-ac5715da9ca9,2026-06-16T13:00:00Z,2026-06-16T15:00:00+0200,50.49,EUR/MWh,DE,DE_LU,day_ahead_price,value,2026-06-21T20:22:25Z
2026-06-21T20:21:09Z,2026-06-21T22:21:09+0200,4c728934-15fc-48ae-9cbd-ac5715da9ca9,2026-06-16T13:15:00Z,2026-06-16T15:15:00+0200,57.89,EUR/MWh,DE,DE_LU,day_ahead_price,value,2026-06-21T20:22:25Z
2026-06-21T20:21:09Z,2026-06-21T22:21:09+0200,4c728934-15fc-48ae-9cbd-ac5715da9ca9,2026-06-16T13:30:00Z,2026-06-16T15:30:00+0200,61.41,EUR/MWh,DE,DE_LU,day_ahead_price,value,2026-06-21T20:22:25Z
2026-06-21T20:21:09Z,2026-06-21T22:21:09+0200,4c728934-15fc-48ae-9cbd-ac5715da9ca9,2026-06-16T13:45:00Z,2026-06-16T15:45:00+0200,71.09,EUR/MWh,DE,DE_LU,day_ahead_price,value,2026-06-21T20:22:25Z
2026-06-21T20:21:09Z,2026-06-21T22:21:09+0200,4c728934-15fc-48ae-9cbd-ac5715da9ca9,2026-06-16T14:00:00Z,2026-06-16T16:00:00+0200,60.43,EUR/MWh,DE,DE_LU,day_ahead_price,value,2026-06-21T20:22:25Z
2026-06-21T20:21:09Z,2026-06-21T22:21:09+0200,4c728934-15fc-48ae-9cbd-ac5715da9ca9,2026-06-16T14:15:00Z,2026-06-16T16:15:00+0200,73.3,EUR/MWh,DE,DE_LU,day_ahead_price,value,2026-06-21T20:22:25Z
2026-06-21T20:21:09Z,2026-06-21T22:21:09+0200,4c728934-15fc-48ae-9cbd-ac5715da9ca9,2026-06-16T14:30:00Z,2026-06-16T16:30:00+0200,90.53,EUR/MWh,DE,DE_LU,day_ahead_price,value,2026-06-21T20:22:25Z
2026-06-21T20:21:09Z,2026-06-21T22:21:09+0200,4c728934-15fc-48ae-9cbd-ac5715da9ca9,2026-06-16T14:45:00Z,2026-06-16T16:45:00+0200,101.57,EUR/MWh,DE,DE_LU,day_ahead_price,value,2026-06-21T20:22:25Z
2026-06-21T20:21:09Z,2026-06-21T22:21:09+0200,4c728934-15fc-48ae-9cbd-ac5715da9ca9,2026-06-16T15:00:00Z,2026-06-16T17:00:00+0200,94.18,EUR/MWh,DE,DE_LU,day_ahead_price,value,2026-06-21T20:22:25Z
2026-06-21T20:21:09Z,2026-06-21T22:21:09+0200,4c728934-15fc-48ae-9cbd-ac5715da9ca9,2026-06-16T15:15:00Z,2026-06-16T17:15:00+0200,104.24,EUR/MWh,DE,DE_LU,day_ahead_price,value,2026-06-21T20:22:25Z
2026-06-21T20:21:09Z,2026-06-21T22:21:09+0200,4c728934-15fc-48ae-9cbd-ac5715da9ca9,2026-06-16T15:30:00Z,2026-06-16T17:30:00+0200,115.15,EUR/MWh,DE,DE_LU,day_ahead_price,value,2026-06-21T20:22:25Z
2026-06-21T20:21:09Z,2026-06-21T22:21:09+0200,4c728934-15fc-48ae-9cbd-ac5715da9ca9,2026-06-16T15:45:00Z,2026-06-16T17:45:00+0200,125.32,EUR/MWh,DE,DE_LU,day_ahead_price,value,2026-06-21T20:22:25Z
2026-06-21T20:21:09Z,2026-06-21T22:21:09+0200,4c728934-15fc-48ae-9cbd-ac5715da9ca9,2026-06-16T16:00:00Z,2026-06-16T18:00:00+0200,114.01,EUR/MWh,DE,DE_LU,day_ahead_price,value,2026-06-21T20:22:25Z
2026-06-21T20:21:09Z,2026-06-21T22:21:09+0200,4c728934-15fc-48ae-9cbd-ac5715da9ca9,2026-06-16T16:15:00Z,2026-06-16T18:15:00+0200,122.81,EUR/MWh,DE,DE_LU,day_ahead_price,value,2026-06-21T20:22:25Z
2026-06-21T20:21:09Z,2026-06-21T22:21:09+0200,4c728934-15fc-48ae-9cbd-ac5715da9ca9,2026-06-16T16:30:00Z,2026-06-16T18:30:00+0200,128.89,EUR/MWh,DE,DE_LU,day_ahead_price,value,2026-06-21T20:22:25Z
2026-06-21T20:21:09Z,2026-06-21T22:21:09+0200,4c728934-15fc-48ae-9cbd-ac5715da9ca9,2026-06-16T16:45:00Z,2026-06-16T18:45:00+0200,142.73,EUR/MWh,DE,DE_LU,day_ahead_price,value,2026-06-21T20:22:25Z
2026-06-21T20:21:09Z,2026-06-21T22:21:09+0200,4c728934-15fc-48ae-9cbd-ac5715da9ca9,2026-06-16T17:00:00Z,2026-06-16T19:00:00+0200,126.98,EUR/MWh,DE,DE_LU,day_ahead_price,value,2026-06-21T20:22:25Z
2026-06-21T20:21:09Z,2026-06-21T22:21:09+0200,4c728934-15fc-48ae-9cbd-ac5715da9ca9,2026-06-16T17:15:00Z,2026-06-16T19:15:00+0200,141.39,EUR/MWh,DE,DE_LU,day_ahead_price,value,2026-06-21T20:22:25Z
2026-06-21T20:21:09Z,2026-06-21T22:21:09+0200,4c728934-15fc-48ae-9cbd-ac5715da9ca9,2026-06-16T17:30:00Z,2026-06-16T19:30:00+0200,154.11,EUR/MWh,DE,DE_LU,day_ahead_price,value,2026-06-21T20:22:25Z
2026-06-21T20:21:09Z,2026-06-21T22:21:09+0200,4c728934-15fc-48ae-9cbd-ac5715da9ca9,2026-06-16T17:45:00Z,2026-06-16T19:45:00+0200,169.99,EUR/MWh,DE,DE_LU,day_ahead_price,value,2026-06-21T20:22:25Z
2026-06-21T20:21:09Z,2026-06-21T22:21:09+0200,4c728934-15fc-48ae-9cbd-ac5715da9ca9,2026-06-16T18:00:00Z,2026-06-16T20:00:00+0200,150.54,EUR/MWh,DE,DE_LU,day_ahead_price,value,2026-06-21T20:22:25Z
2026-06-21T20:21:09Z,2026-06-21T22:21:09+0200,4c728934-15fc-48ae-9cbd-ac5715da9ca9,2026-06-16T18:15:00Z,2026-06-16T20:15:00+0200,169.37,EUR/MWh,DE,DE_LU,day_ahead_price,value,2026-06-21T20:22:25Z
2026-06-21T20:21:09Z,2026-06-21T22:21:09+0200,4c728934-15fc-48ae-9cbd-ac5715da9ca9,2026-06-16T18:30:00Z,2026-06-16T20:30:00+0200,180.63,EUR/MWh,DE,DE_LU,day_ahead_price,value,2026-06-21T20:22:25Z
2026-06-21T20:21:09Z,2026-06-21T22:21:09+0200,4c728934-15fc-48ae-9cbd-ac5715da9ca9,2026-06-16T18:45:00Z,2026-06-16T20:45:00+0200,195.87,EUR/MWh,DE,DE_LU,day_ahead_price,value,2026-06-21T20:22:25Z
2026-06-21T20:21:09Z,2026-06-21T22:21:09+0200,4c728934-15fc-48ae-9cbd-ac5715da9ca9,2026-06-16T19:00:00Z,2026-06-16T21:00:00+0200,186.36,EUR/MWh,DE,DE_LU,day_ahead_price,value,2026-06-21T20:22:25Z
2026-06-21T20:21:09Z,2026-06-21T22:21:09+0200,4c728934-15fc-48ae-9cbd-ac5715da9ca9,2026-06-16T19:15:00Z,2026-06-16T21:15:00+0200,192.51,EUR/MWh,DE,DE_LU,day_ahead_price,value,2026-06-21T20:22:25Z
2026-06-21T20:21:09Z,2026-06-21T22:21:09+0200,4c728934-15fc-48ae-9cbd-ac5715da9ca9,2026-06-16T19:30:00Z,2026-06-16T21:30:00+0200,182.16,EUR/MWh,DE,DE_LU,day_ahead_price,value,2026-06-21T20:22:25Z
2026-06-21T20:21:09Z,2026-06-21T22:21:09+0200,4c728934-15fc-48ae-9cbd-ac5715da9ca9,2026-06-16T19:45:00Z,2026-06-16T21:45:00+0200,164.65,EUR/MWh,DE,DE_LU,day_ahead_price,value,2026-06-21T20:22:25Z
2026-06-21T20:21:09Z,2026-06-21T22:21:09+0200,4c728934-15fc-48ae-9cbd-ac5715da9ca9,2026-06-16T20:00:00Z,2026-06-16T22:00:00+0200,191.46,EUR/MWh,DE,DE_LU,day_ahead_price,value,2026-06-21T20:22:25Z
2026-06-21T20:21:09Z,2026-06-21T22:21:09+0200,4c728934-15fc-48ae-9cbd-ac5715da9ca9,2026-06-16T20:15:00Z,2026-06-16T22:15:00+0200,162.79,EUR/MWh,DE,DE_LU,day_ahead_price,value,2026-06-21T20:22:25Z
2026-06-21T20:21:09Z,2026-06-21T22:21:09+0200,4c728934-15fc-48ae-9cbd-ac5715da9ca9,2026-06-16T20:30:00Z,2026-06-16T22:30:00+0200,153.99,EUR/MWh,DE,DE_LU,day_ahead_price,value,2026-06-21T20:22:25Z
2026-06-21T20:21:09Z,2026-06-21T22:21:09+0200,4c728934-15fc-48ae-9cbd-ac5715da9ca9,2026-06-16T20:45:00Z,2026-06-16T22:45:00+0200,147.2,EUR/MWh,DE,DE_LU,day_ahead_price,value,2026-06-21T20:22:25Z
2026-06-21T20:21:09Z,2026-06-21T22:21:09+0200,4c728934-15fc-48ae-9cbd-ac5715da9ca9,2026-06-16T21:00:00Z,2026-06-16T23:00:00+0200,152.53,EUR/MWh,DE,DE_LU,day_ahead_price,value,2026-06-21T20:22:25Z
2026-06-21T20:21:09Z,2026-06-21T22:21:09+0200,4c728934-15fc-48ae-9cbd-ac5715da9ca9,2026-06-16T21:15:00Z,2026-06-16T23:15:00+0200,145.78,EUR/MWh,DE,DE_LU,day_ahead_price,value,2026-06-21T20:22:25Z
2026-06-21T20:21:09Z,2026-06-21T22:21:09+0200,4c728934-15fc-48ae-9cbd-ac5715da9ca9,2026-06-16T21:30:00Z,2026-06-16T23:30:00+0200,140.07,EUR/MWh,DE,DE_LU,day_ahead_price,value,2026-06-21T20:22:25Z
2026-06-21T20:21:09Z,2026-06-21T22:21:09+0200,4c728934-15fc-48ae-9cbd-ac5715da9ca9,2026-06-16T21:45:00Z,2026-06-16T23:45:00+0200,134.05,EUR/MWh,DE,DE_LU,day_ahead_price,value,2026-06-21T20:22:25Z
2026-06-21T20:21:09Z,2026-06-21T22:21:09+0200,4c728934-15fc-48ae-9cbd-ac5715da9ca9,2026-06-16T22:00:00Z,2026-06-17T00:00:00+0200,148.96,EUR/MWh,DE,DE_LU,day_ahead_price,value,2026-06-21T20:22:25Z
2026-06-21T20:21:09Z,2026-06-21T22:21:09+0200,4c728934-15fc-48ae-9cbd-ac5715da9ca9,2026-06-16T22:15:00Z,2026-06-17T00:15:00+0200,143.15,EUR/MWh,DE,DE_LU,day_ahead_price,value,2026-06-21T20:22:25Z
2026-06-21T20:21:09Z,2026-06-21T22:21:09+0200,4c728934-15fc-48ae-9cbd-ac5715da9ca9,2026-06-16T22:30:00Z,2026-06-17T00:30:00+0200,139.0,EUR/MWh,DE,DE_LU,day_ahead_price,value,2026-06-21T20:22:25Z
2026-06-21T20:21:09Z,2026-06-21T22:21:09+0200,4c728934-15fc-48ae-9cbd-ac5715da9ca9,2026-06-16T22:45:00Z,2026-06-17T00:45:00+0200,133.81,EUR/MWh,DE,DE_LU,day_ahead_price,value,2026-06-21T20:22:25Z
2026-06-21T20:21:09Z,2026-06-21T22:21:09+0200,4c728934-15fc-48ae-9cbd-ac5715da9ca9,2026-06-16T23:00:00Z,2026-06-17T01:00:00+0200,144.03,EUR/MWh,DE,DE_LU,day_ahead_price,value,2026-06-21T20:22:25Z
2026-06-21T20:21:09Z,2026-06-21T22:21:09+0200,4c728934-15fc-48ae-9cbd-ac5715da9ca9,2026-06-16T23:15:00Z,2026-06-17T01:15:00+0200,134.35,EUR/MWh,DE,DE_LU,day_ahead_price,value,2026-06-21T20:22:25Z
2026-06-21T20:21:09Z,2026-06-21T22:21:09+0200,4c728934-15fc-48ae-9cbd-ac5715da9ca9,2026-06-16T23:30:00Z,2026-06-17T01:30:00+0200,133.14,EUR/MWh,DE,DE_LU,day_ahead_price,value,2026-06-21T20:22:25Z
2026-06-21T20:21:09Z,2026-06-21T22:21:09+0200,4c728934-15fc-48ae-9cbd-ac5715da9ca9,2026-06-16T23:45:00Z,2026-06-17T01:45:00+0200,130.05,EUR/MWh,DE,DE_LU,day_ahead_price,value,2026-06-21T20:22:25Z
2026-06-21T20:21:09Z,2026-06-21T22:21:09+0200,4c728934-15fc-48ae-9cbd-ac5715da9ca9,2026-06-17T00:00:00Z,2026-06-17T02:00:00+0200,131.79,EUR/MWh,DE,DE_LU,day_ahead_price,value,2026-06-21T20:22:25Z
2026-06-21T20:21:09Z,2026-06-21T22:21:09+0200,4c728934-15fc-48ae-9cbd-ac5715da9ca9,2026-06-17T00:15:00Z,2026-06-17T02:15:00+0200,128.74,EUR/MWh,DE,DE_LU,day_ahead_price,value,2026-06-21T20:22:25Z
2026-06-21T20:21:09Z,2026-06-21T22:21:09+0200,4c728934-15fc-48ae-9cbd-ac5715da9ca9,2026-06-17T00:30:00Z,2026-06-17T02:30:00+0200,128.7,EUR/MWh,DE,DE_LU,day_ahead_price,value,2026-06-21T20:22:25Z
2026-06-21T20:21:09Z,2026-06-21T22:21:09+0200,4c728934-15fc-48ae-9cbd-ac5715da9ca9,2026-06-17T00:45:00Z,2026-06-17T02:45:00+0200,128.09,EUR/MWh,DE,DE_LU,day_ahead_price,value,2026-06-21T20:22:25Z
2026-06-21T20:21:09Z,2026-06-21T22:21:09+0200,4c728934-15fc-48ae-9cbd-ac5715da9ca9,2026-06-17T01:00:00Z,2026-06-17T03:00:00+0200,128.42,EUR/MWh,DE,DE_LU,day_ahead_price,value,2026-06-21T20:22:25Z
2026-06-21T20:21:09Z,2026-06-21T22:21:09+0200,4c728934-15fc-48ae-9cbd-ac5715da9ca9,2026-06-17T01:15:00Z,2026-06-17T03:15:00+0200,127.16,EUR/MWh,DE,DE_LU,day_ahead_price,value,2026-06-21T20:22:25Z
2026-06-21T20:21:09Z,2026-06-21T22:21:09+0200,4c728934-15fc-48ae-9cbd-ac5715da9ca9,2026-06-17T01:30:00Z,2026-06-17T03:30:00+0200,127.81,EUR/MWh,DE,DE_LU,day_ahead_price,value,2026-06-21T20:22:25Z
2026-06-21T20:21:09Z,2026-06-21T22:21:09+0200,4c728934-15fc-48ae-9cbd-ac5715da9ca9,2026-06-17T01:45:00Z,2026-06-17T03:45:00+0200,126.77,EUR/MWh,DE,DE_LU,day_ahead_price,value,2026-06-21T20:22:25Z
2026-06-21T20:21:09Z,2026-06-21T22:21:09+0200,4c728934-15fc-48ae-9cbd-ac5715da9ca9,2026-06-17T02:00:00Z,2026-06-17T04:00:00+0200,125.94,EUR/MWh,DE,DE_LU,day_ahead_price,value,2026-06-21T20:22:25Z
2026-06-21T20:21:09Z,2026-06-21T22:21:09+0200,4c728934-15fc-48ae-9cbd-ac5715da9ca9,2026-06-17T02:15:00Z,2026-06-17T04:15:00+0200,127.04,EUR/MWh,DE,DE_LU,day_ahead_price,value,2026-06-21T20:22:25Z
2026-06-21T20:21:09Z,2026-06-21T22:21:09+0200,4c728934-15fc-48ae-9cbd-ac5715da9ca9,2026-06-17T02:30:00Z,2026-06-17T04:30:00+0200,127.61,EUR/MWh,DE,DE_LU,day_ahead_price,value,2026-06-21T20:22:25Z
2026-06-21T20:21:09Z,2026-06-21T22:21:09+0200,4c728934-15fc-48ae-9cbd-ac5715da9ca9,2026-06-17T02:45:00Z,2026-06-17T04:45:00+0200,129.07,EUR/MWh,DE,DE_LU,day_ahead_price,value,2026-06-21T20:22:25Z
2026-06-21T20:21:09Z,2026-06-21T22:21:09+0200,4c728934-15fc-48ae-9cbd-ac5715da9ca9,2026-06-17T03:00:00Z,2026-06-17T05:00:00+0200,126.19,EUR/MWh,DE,DE_LU,day_ahead_price,value,2026-06-21T20:22:25Z
2026-06-21T20:21:09Z,2026-06-21T22:21:09+0200,4c728934-15fc-48ae-9cbd-ac5715da9ca9,2026-06-17T03:15:00Z,2026-06-17T05:15:00+0200,126.42,EUR/MWh,DE,DE_LU,day_ahead_price,value,2026-06-21T20:22:25Z
2026-06-21T20:21:09Z,2026-06-21T22:21:09+0200,4c728934-15fc-48ae-9cbd-ac5715da9ca9,2026-06-17T03:30:00Z,2026-06-17T05:30:00+0200,128.4,EUR/MWh,DE,DE_LU,day_ahead_price,value,2026-06-21T20:22:25Z
2026-06-21T20:21:09Z,2026-06-21T22:21:09+0200,4c728934-15fc-48ae-9cbd-ac5715da9ca9,2026-06-17T03:45:00Z,2026-06-17T05:45:00+0200,131.17,EUR/MWh,DE,DE_LU,day_ahead_price,value,2026-06-21T20:22:25Z
2026-06-21T20:21:09Z,2026-06-21T22:21:09+0200,4c728934-15fc-48ae-9cbd-ac5715da9ca9,2026-06-17T04:00:00Z,2026-06-17T06:00:00+0200,138.52,EUR/MWh,DE,DE_LU,day_ahead_price,value,2026-06-21T20:22:25Z
2026-06-21T20:21:09Z,2026-06-21T22:21:09+0200,4c728934-15fc-48ae-9cbd-ac5715da9ca9,2026-06-17T04:15:00Z,2026-06-17T06:15:00+0200,143.3,EUR/MWh,DE,DE_LU,day_ahead_price,value,2026-06-21T20:22:25Z
2026-06-21T20:21:09Z,2026-06-21T22:21:09+0200,4c728934-15fc-48ae-9cbd-ac5715da9ca9,2026-06-17T04:30:00Z,2026-06-17T06:30:00+0200,143.76,EUR/MWh,DE,DE_LU,day_ahead_price,value,2026-06-21T20:22:25Z
2026-06-21T20:21:09Z,2026-06-21T22:21:09+0200,4c728934-15fc-48ae-9cbd-ac5715da9ca9,2026-06-17T04:45:00Z,2026-06-17T06:45:00+0200,135.48,EUR/MWh,DE,DE_LU,day_ahead_price,value,2026-06-21T20:22:25Z
2026-06-21T20:21:09Z,2026-06-21T22:21:09+0200,4c728934-15fc-48ae-9cbd-ac5715da9ca9,2026-06-17T05:00:00Z,2026-06-17T07:00:00+0200,149.27,EUR/MWh,DE,DE_LU,day_ahead_price,value,2026-06-21T20:22:25Z
2026-06-21T20:21:09Z,2026-06-21T22:21:09+0200,4c728934-15fc-48ae-9cbd-ac5715da9ca9,2026-06-17T05:15:00Z,2026-06-17T07:15:00+0200,138.27,EUR/MWh,DE,DE_LU,day_ahead_price,value,2026-06-21T20:22:25Z
2026-06-21T20:21:09Z,2026-06-21T22:21:09+0200,4c728934-15fc-48ae-9cbd-ac5715da9ca9,2026-06-17T05:30:00Z,2026-06-17T07:30:00+0200,135.48,EUR/MWh,DE,DE_LU,day_ahead_price,value,2026-06-21T20:22:25Z
2026-06-21T20:21:09Z,2026-06-21T22:21:09+0200,4c728934-15fc-48ae-9cbd-ac5715da9ca9,2026-06-17T05:45:00Z,2026-06-17T07:45:00+0200,123.68,EUR/MWh,DE,DE_LU,day_ahead_price,value,2026-06-21T20:22:25Z
2026-06-21T20:21:09Z,2026-06-21T22:21:09+0200,4c728934-15fc-48ae-9cbd-ac5715da9ca9,2026-06-17T06:00:00Z,2026-06-17T08:00:00+0200,133.09,EUR/MWh,DE,DE_LU,day_ahead_price,value,2026-06-21T20:22:25Z
2026-06-21T20:21:09Z,2026-06-21T22:21:09+0200,4c728934-15fc-48ae-9cbd-ac5715da9ca9,2026-06-17T06:15:00Z,2026-06-17T08:15:00+0200,125.92,EUR/MWh,DE,DE_LU,day_ahead_price,value,2026-06-21T20:22:25Z
2026-06-21T20:21:09Z,2026-06-21T22:21:09+0200,4c728934-15fc-48ae-9cbd-ac5715da9ca9,2026-06-17T06:30:00Z,2026-06-17T08:30:00+0200,117.58,EUR/MWh,DE,DE_LU,day_ahead_price,value,2026-06-21T20:22:25Z
2026-06-21T20:21:09Z,2026-06-21T22:21:09+0200,4c728934-15fc-48ae-9cbd-ac5715da9ca9,2026-06-17T06:45:00Z,2026-06-17T08:45:00+0200,110.43,EUR/MWh,DE,DE_LU,day_ahead_price,value,2026-06-21T20:22:25Z
2026-06-21T20:21:09Z,2026-06-21T22:21:09+0200,4c728934-15fc-48ae-9cbd-ac5715da9ca9,2026-06-17T07:00:00Z,2026-06-17T09:00:00+0200,119.3,EUR/MWh,DE,DE_LU,day_ahead_price,value,2026-06-21T20:22:25Z
2026-06-21T20:21:09Z,2026-06-21T22:21:09+0200,4c728934-15fc-48ae-9cbd-ac5715da9ca9,2026-06-17T07:15:00Z,2026-06-17T09:15:00+0200,105.9,EUR/MWh,DE,DE_LU,day_ahead_price,value,2026-06-21T20:22:25Z
2026-06-21T20:21:09Z,2026-06-21T22:21:09+0200,4c728934-15fc-48ae-9cbd-ac5715da9ca9,2026-06-17T07:30:00Z,2026-06-17T09:30:00+0200,102.79,EUR/MWh,DE,DE_LU,day_ahead_price,value,2026-06-21T20:22:25Z
2026-06-21T20:21:09Z,2026-06-21T22:21:09+0200,4c728934-15fc-48ae-9cbd-ac5715da9ca9,2026-06-17T07:45:00Z,2026-06-17T09:45:00+0200,95.19,EUR/MWh,DE,DE_LU,day_ahead_price,value,2026-06-21T20:22:25Z
2026-06-21T20:21:09Z,2026-06-21T22:21:09+0200,4c728934-15fc-48ae-9cbd-ac5715da9ca9,2026-06-17T08:00:00Z,2026-06-17T10:00:00+0200,102.55,EUR/MWh,DE,DE_LU,day_ahead_price,value,2026-06-21T20:22:25Z
2026-06-21T20:21:09Z,2026-06-21T22:21:09+0200,4c728934-15fc-48ae-9cbd-ac5715da9ca9,2026-06-17T08:15:00Z,2026-06-17T10:15:00+0200,92.03,EUR/MWh,DE,DE_LU,day_ahead_price,value,2026-06-21T20:22:25Z
2026-06-21T20:21:09Z,2026-06-21T22:21:09+0200,4c728934-15fc-48ae-9cbd-ac5715da9ca9,2026-06-17T08:30:00Z,2026-06-17T10:30:00+0200,84.65,EUR/MWh,DE,DE_LU,day_ahead_price,value,2026-06-21T20:22:25Z
2026-06-21T20:21:09Z,2026-06-21T22:21:09+0200,4c728934-15fc-48ae-9cbd-ac5715da9ca9,2026-06-17T08:45:00Z,2026-06-17T10:45:00+0200,73.75,EUR/MWh,DE,DE_LU,day_ahead_price,value,2026-06-21T20:22:25Z
2026-06-21T20:21:09Z,2026-06-21T22:21:09+0200,4c728934-15fc-48ae-9cbd-ac5715da9ca9,2026-06-17T09:00:00Z,2026-06-17T11:00:00+0200,90.77,EUR/MWh,DE,DE_LU,day_ahead_price,value,2026-06-21T20:22:25Z
2026-06-21T20:21:09Z,2026-06-21T22:21:09+0200,4c728934-15fc-48ae-9cbd-ac5715da9ca9,2026-06-17T09:15:00Z,2026-06-17T11:15:00+0200,80.0,EUR/MWh,DE,DE_LU,day_ahead_price,value,2026-06-21T20:22:25Z
2026-06-21T20:21:09Z,2026-06-21T22:21:09+0200,4c728934-15fc-48ae-9cbd-ac5715da9ca9,2026-06-17T09:30:00Z,2026-06-17T11:30:00+0200,72.87,EUR/MWh,DE,DE_LU,day_ahead_price,value,2026-06-21T20:22:25Z
2026-06-21T20:21:09Z,2026-06-21T22:21:09+0200,4c728934-15fc-48ae-9cbd-ac5715da9ca9,2026-06-17T09:45:00Z,2026-06-17T11:45:00+0200,70.31,EUR/MWh,DE,DE_LU,day_ahead_price,value,2026-06-21T20:22:25Z
2026-06-21T20:21:09Z,2026-06-21T22:21:09+0200,4c728934-15fc-48ae-9cbd-ac5715da9ca9,2026-06-17T10:00:00Z,2026-06-17T12:00:00+0200,78.95,EUR/MWh,DE,DE_LU,day_ahead_price,value,2026-06-21T20:22:25Z
2026-06-21T20:21:09Z,2026-06-21T22:21:09+0200,4c728934-15fc-48ae-9cbd-ac5715da9ca9,2026-06-17T10:15:00Z,2026-06-17T12:15:00+0200,72.66,EUR/MWh,DE,DE_LU,day_ahead_price,value,2026-06-21T20:22:25Z
2026-06-21T20:21:09Z,2026-06-21T22:21:09+0200,4c728934-15fc-48ae-9cbd-ac5715da9ca9,2026-06-17T10:30:00Z,2026-06-17T12:30:00+0200,70.47,EUR/MWh,DE,DE_LU,day_ahead_price,value,2026-06-21T20:22:25Z
2026-06-21T20:21:09Z,2026-06-21T22:21:09+0200,4c728934-15fc-48ae-9cbd-ac5715da9ca9,2026-06-17T10:45:00Z,2026-06-17T12:45:00+0200,66.84,EUR/MWh,DE,DE_LU,day_ahead_price,value,2026-06-21T20:22:25Z
2026-06-21T20:21:09Z,2026-06-21T22:21:09+0200,4c728934-15fc-48ae-9cbd-ac5715da9ca9,2026-06-17T11:00:00Z,2026-06-17T13:00:00+0200,69.99,EUR/MWh,DE,DE_LU,day_ahead_price,value,2026-06-21T20:22:25Z
2026-06-21T20:21:09Z,2026-06-21T22:21:09+0200,4c728934-15fc-48ae-9cbd-ac5715da9ca9,2026-06-17T11:15:00Z,2026-06-17T13:15:00+0200,65.22,EUR/MWh,DE,DE_LU,day_ahead_price,value,2026-06-21T20:22:25Z
2026-06-21T20:21:09Z,2026-06-21T22:21:09+0200,4c728934-15fc-48ae-9cbd-ac5715da9ca9,2026-06-17T11:30:00Z,2026-06-17T13:30:00+0200,60.25,EUR/MWh,DE,DE_LU,day_ahead_price,value,2026-06-21T20:22:25Z
2026-06-21T20:21:09Z,2026-06-21T22:21:09+0200,4c728934-15fc-48ae-9cbd-ac5715da9ca9,2026-06-17T11:45:00Z,2026-06-17T13:45:00+0200,55.71,EUR/MWh,DE,DE_LU,day_ahead_price,value,2026-06-21T20:22:25Z
2026-06-21T20:21:09Z,2026-06-21T22:21:09+0200,4c728934-15fc-48ae-9cbd-ac5715da9ca9,2026-06-17T12:00:00Z,2026-06-17T14:00:00+0200,62.0,EUR/MWh,DE,DE_LU,day_ahead_price,value,2026-06-21T20:22:25Z
2026-06-21T20:21:09Z,2026-06-21T22:21:09+0200,4c728934-15fc-48ae-9cbd-ac5715da9ca9,2026-06-17T12:15:00Z,2026-06-17T14:15:00+0200,65.18,EUR/MWh,DE,DE_LU,day_ahead_price,value,2026-06-21T20:22:25Z
2026-06-21T20:21:09Z,2026-06-21T22:21:09+0200,4c728934-15fc-48ae-9cbd-ac5715da9ca9,2026-06-17T12:30:00Z,2026-06-17T14:30:00+0200,65.86,EUR/MWh,DE,DE_LU,day_ahead_price,value,2026-06-21T20:22:25Z
2026-06-21T20:21:09Z,2026-06-21T22:21:09+0200,4c728934-15fc-48ae-9cbd-ac5715da9ca9,2026-06-17T12:45:00Z,2026-06-17T14:45:00+0200,71.99,EUR/MWh,DE,DE_LU,day_ahead_price,value,2026-06-21T20:22:25Z
2026-06-21T20:21:09Z,2026-06-21T22:21:09+0200,4c728934-15fc-48ae-9cbd-ac5715da9ca9,2026-06-17T13:00:00Z,2026-06-17T15:00:00+0200,67.66,EUR/MWh,DE,DE_LU,day_ahead_price,value,2026-06-21T20:22:25Z
2026-06-21T20:21:09Z,2026-06-21T22:21:09+0200,4c728934-15fc-48ae-9cbd-ac5715da9ca9,2026-06-17T13:15:00Z,2026-06-17T15:15:00+0200,73.02,EUR/MWh,DE,DE_LU,day_ahead_price,value,2026-06-21T20:22:25Z
2026-06-21T20:21:09Z,2026-06-21T22:21:09+0200,4c728934-15fc-48ae-9cbd-ac5715da9ca9,2026-06-17T13:30:00Z,2026-06-17T15:30:00+0200,78.97,EUR/MWh,DE,DE_LU,day_ahead_price,value,2026-06-21T20:22:25Z
2026-06-21T20:21:09Z,2026-06-21T22:21:09+0200,4c728934-15fc-48ae-9cbd-ac5715da9ca9,2026-06-17T13:45:00Z,2026-06-17T15:45:00+0200,84.25,EUR/MWh,DE,DE_LU,day_ahead_price,value,2026-06-21T20:22:25Z
2026-06-21T20:21:09Z,2026-06-21T22:21:09+0200,4c728934-15fc-48ae-9cbd-ac5715da9ca9,2026-06-17T14:00:00Z,2026-06-17T16:00:00+0200,74.94,EUR/MWh,DE,DE_LU,day_ahead_price,value,2026-06-21T20:22:25Z
2026-06-21T20:21:09Z,2026-06-21T22:21:09+0200,4c728934-15fc-48ae-9cbd-ac5715da9ca9,2026-06-17T14:15:00Z,2026-06-17T16:15:00+0200,82.48,EUR/MWh,DE,DE_LU,day_ahead_price,value,2026-06-21T20:22:25Z
2026-06-21T20:21:09Z,2026-06-21T22:21:09+0200,4c728934-15fc-48ae-9cbd-ac5715da9ca9,2026-06-17T14:30:00Z,2026-06-17T16:30:00+0200,94.03,EUR/MWh,DE,DE_LU,day_ahead_price,value,2026-06-21T20:22:25Z
2026-06-21T20:21:09Z,2026-06-21T22:21:09+0200,4c728934-15fc-48ae-9cbd-ac5715da9ca9,2026-06-17T14:45:00Z,2026-06-17T16:45:00+0200,100.92,EUR/MWh,DE,DE_LU,day_ahead_price,value,2026-06-21T20:22:25Z
2026-06-21T20:21:09Z,2026-06-21T22:21:09+0200,4c728934-15fc-48ae-9cbd-ac5715da9ca9,2026-06-17T15:00:00Z,2026-06-17T17:00:00+0200,87.59,EUR/MWh,DE,DE_LU,day_ahead_price,value,2026-06-21T20:22:25Z
2026-06-21T20:21:09Z,2026-06-21T22:21:09+0200,4c728934-15fc-48ae-9cbd-ac5715da9ca9,2026-06-17T15:15:00Z,2026-06-17T17:15:00+0200,105.0,EUR/MWh,DE,DE_LU,day_ahead_price,value,2026-06-21T20:22:25Z
2026-06-21T20:21:09Z,2026-06-21T22:21:09+0200,4c728934-15fc-48ae-9cbd-ac5715da9ca9,2026-06-17T15:30:00Z,2026-06-17T17:30:00+0200,112.68,EUR/MWh,DE,DE_LU,day_ahead_price,value,2026-06-21T20:22:25Z
2026-06-21T20:21:09Z,2026-06-21T22:21:09+0200,4c728934-15fc-48ae-9cbd-ac5715da9ca9,2026-06-17T15:45:00Z,2026-06-17T17:45:00+0200,120.43,EUR/MWh,DE,DE_LU,day_ahead_price,value,2026-06-21T20:22:25Z
2026-06-21T20:21:09Z,2026-06-21T22:21:09+0200,4c728934-15fc-48ae-9cbd-ac5715da9ca9,2026-06-17T16:00:00Z,2026-06-17T18:00:00+0200,110.08,EUR/MWh,DE,DE_LU,day_ahead_price,value,2026-06-21T20:22:25Z
2026-06-21T20:21:09Z,2026-06-21T22:21:09+0200,4c728934-15fc-48ae-9cbd-ac5715da9ca9,2026-06-17T16:15:00Z,2026-06-17T18:15:00+0200,115.19,EUR/MWh,DE,DE_LU,day_ahead_price,value,2026-06-21T20:22:25Z
2026-06-21T20:21:09Z,2026-06-21T22:21:09+0200,4c728934-15fc-48ae-9cbd-ac5715da9ca9,2026-06-17T16:30:00Z,2026-06-17T18:30:00+0200,124.96,EUR/MWh,DE,DE_LU,day_ahead_price,value,2026-06-21T20:22:25Z
2026-06-21T20:21:09Z,2026-06-21T22:21:09+0200,4c728934-15fc-48ae-9cbd-ac5715da9ca9,2026-06-17T16:45:00Z,2026-06-17T18:45:00+0200,132.72,EUR/MWh,DE,DE_LU,day_ahead_price,value,2026-06-21T20:22:25Z
2026-06-21T20:21:09Z,2026-06-21T22:21:09+0200,4c728934-15fc-48ae-9cbd-ac5715da9ca9,2026-06-17T17:00:00Z,2026-06-17T19:00:00+0200,129.68,EUR/MWh,DE,DE_LU,day_ahead_price,value,2026-06-21T20:22:25Z
2026-06-21T20:21:09Z,2026-06-21T22:21:09+0200,4c728934-15fc-48ae-9cbd-ac5715da9ca9,2026-06-17T17:15:00Z,2026-06-17T19:15:00+0200,136.42,EUR/MWh,DE,DE_LU,day_ahead_price,value,2026-06-21T20:22:25Z
2026-06-21T20:21:09Z,2026-06-21T22:21:09+0200,4c728934-15fc-48ae-9cbd-ac5715da9ca9,2026-06-17T17:30:00Z,2026-06-17T19:30:00+0200,148.13,EUR/MWh,DE,DE_LU,day_ahead_price,value,2026-06-21T20:22:25Z
2026-06-21T20:21:09Z,2026-06-21T22:21:09+0200,4c728934-15fc-48ae-9cbd-ac5715da9ca9,2026-06-17T17:45:00Z,2026-06-17T19:45:00+0200,156.0,EUR/MWh,DE,DE_LU,day_ahead_price,value,2026-06-21T20:22:25Z
2026-06-21T20:21:09Z,2026-06-21T22:21:09+0200,4c728934-15fc-48ae-9cbd-ac5715da9ca9,2026-06-17T18:00:00Z,2026-06-17T20:00:00+0200,146.82,EUR/MWh,DE,DE_LU,day_ahead_price,value,2026-06-21T20:22:25Z
2026-06-21T20:21:09Z,2026-06-21T22:21:09+0200,4c728934-15fc-48ae-9cbd-ac5715da9ca9,2026-06-17T18:15:00Z,2026-06-17T20:15:00+0200,155.12,EUR/MWh,DE,DE_LU,day_ahead_price,value,2026-06-21T20:22:25Z
2026-06-21T20:21:09Z,2026-06-21T22:21:09+0200,4c728934-15fc-48ae-9cbd-ac5715da9ca9,2026-06-17T18:30:00Z,2026-06-17T20:30:00+0200,172.75,EUR/MWh,DE,DE_LU,day_ahead_price,value,2026-06-21T20:22:25Z
2026-06-21T20:21:09Z,2026-06-21T22:21:09+0200,4c728934-15fc-48ae-9cbd-ac5715da9ca9,2026-06-17T18:45:00Z,2026-06-17T20:45:00+0200,174.87,EUR/MWh,DE,DE_LU,day_ahead_price,value,2026-06-21T20:22:25Z
2026-06-21T20:21:09Z,2026-06-21T22:21:09+0200,4c728934-15fc-48ae-9cbd-ac5715da9ca9,2026-06-17T19:00:00Z,2026-06-17T21:00:00+0200,173.55,EUR/MWh,DE,DE_LU,day_ahead_price,value,2026-06-21T20:22:25Z
2026-06-21T20:21:09Z,2026-06-21T22:21:09+0200,4c728934-15fc-48ae-9cbd-ac5715da9ca9,2026-06-17T19:15:00Z,2026-06-17T21:15:00+0200,169.1,EUR/MWh,DE,DE_LU,day_ahead_price,value,2026-06-21T20:22:25Z
2026-06-21T20:21:09Z,2026-06-21T22:21:09+0200,4c728934-15fc-48ae-9cbd-ac5715da9ca9,2026-06-17T19:30:00Z,2026-06-17T21:30:00+0200,161.2,EUR/MWh,DE,DE_LU,day_ahead_price,value,2026-06-21T20:22:25Z
2026-06-21T20:21:09Z,2026-06-21T22:21:09+0200,4c728934-15fc-48ae-9cbd-ac5715da9ca9,2026-06-17T19:45:00Z,2026-06-17T21:45:00+0200,152.61,EUR/MWh,DE,DE_LU,day_ahead_price,value,2026-06-21T20:22:25Z
2026-06-21T20:21:09Z,2026-06-21T22:21:09+0200,4c728934-15fc-48ae-9cbd-ac5715da9ca9,2026-06-17T20:00:00Z,2026-06-17T22:00:00+0200,172.96,EUR/MWh,DE,DE_LU,day_ahead_price,value,2026-06-21T20:22:25Z
2026-06-21T20:21:09Z,2026-06-21T22:21:09+0200,4c728934-15fc-48ae-9cbd-ac5715da9ca9,2026-06-17T20:15:00Z,2026-06-17T22:15:00+0200,160.01,EUR/MWh,DE,DE_LU,day_ahead_price,value,2026-06-21T20:22:25Z
2026-06-21T20:21:09Z,2026-06-21T22:21:09+0200,4c728934-15fc-48ae-9cbd-ac5715da9ca9,2026-06-17T20:30:00Z,2026-06-17T22:30:00+0200,154.54,EUR/MWh,DE,DE_LU,day_ahead_price,value,2026-06-21T20:22:25Z
2026-06-21T20:21:09Z,2026-06-21T22:21:09+0200,4c728934-15fc-48ae-9cbd-ac5715da9ca9,2026-06-17T20:45:00Z,2026-06-17T22:45:00+0200,146.93,EUR/MWh,DE,DE_LU,day_ahead_price,value,2026-06-21T20:22:25Z
2026-06-21T20:21:09Z,2026-06-21T22:21:09+0200,4c728934-15fc-48ae-9cbd-ac5715da9ca9,2026-06-17T21:00:00Z,2026-06-17T23:00:00+0200,152.02,EUR/MWh,DE,DE_LU,day_ahead_price,value,2026-06-21T20:22:25Z
2026-06-21T20:21:09Z,2026-06-21T22:21:09+0200,4c728934-15fc-48ae-9cbd-ac5715da9ca9,2026-06-17T21:15:00Z,2026-06-17T23:15:00+0200,145.42,EUR/MWh,DE,DE_LU,day_ahead_price,value,2026-06-21T20:22:25Z
2026-06-21T20:21:09Z,2026-06-21T22:21:09+0200,4c728934-15fc-48ae-9cbd-ac5715da9ca9,2026-06-17T21:30:00Z,2026-06-17T23:30:00+0200,138.98,EUR/MWh,DE,DE_LU,day_ahead_price,value,2026-06-21T20:22:25Z
2026-06-21T20:21:09Z,2026-06-21T22:21:09+0200,4c728934-15fc-48ae-9cbd-ac5715da9ca9,2026-06-17T21:45:00Z,2026-06-17T23:45:00+0200,134.53,EUR/MWh,DE,DE_LU,day_ahead_price,value,2026-06-21T20:22:25Z
2026-06-21T20:21:09Z,2026-06-21T22:21:09+0200,4c728934-15fc-48ae-9cbd-ac5715da9ca9,2026-06-17T22:00:00Z,2026-06-18T00:00:00+0200,143.06,EUR/MWh,DE,DE_LU,day_ahead_price,value,2026-06-21T20:22:25Z
2026-06-21T20:21:09Z,2026-06-21T22:21:09+0200,4c728934-15fc-48ae-9cbd-ac5715da9ca9,2026-06-17T22:15:00Z,2026-06-18T00:15:00+0200,135.06,EUR/MWh,DE,DE_LU,day_ahead_price,value,2026-06-21T20:22:25Z
2026-06-21T20:21:09Z,2026-06-21T22:21:09+0200,4c728934-15fc-48ae-9cbd-ac5715da9ca9,2026-06-17T22:30:00Z,2026-06-18T00:30:00+0200,134.15,EUR/MWh,DE,DE_LU,day_ahead_price,value,2026-06-21T20:22:25Z
2026-06-21T20:21:09Z,2026-06-21T22:21:09+0200,4c728934-15fc-48ae-9cbd-ac5715da9ca9,2026-06-17T22:45:00Z,2026-06-18T00:45:00+0200,128.76,EUR/MWh,DE,DE_LU,day_ahead_price,value,2026-06-21T20:22:25Z
2026-06-21T20:21:09Z,2026-06-21T22:21:09+0200,4c728934-15fc-48ae-9cbd-ac5715da9ca9,2026-06-17T23:00:00Z,2026-06-18T01:00:00+0200,129.56,EUR/MWh,DE,DE_LU,day_ahead_price,value,2026-06-21T20:22:25Z
2026-06-21T20:21:09Z,2026-06-21T22:21:09+0200,4c728934-15fc-48ae-9cbd-ac5715da9ca9,2026-06-17T23:15:00Z,2026-06-18T01:15:00+0200,126.55,EUR/MWh,DE,DE_LU,day_ahead_price,value,2026-06-21T20:22:25Z
2026-06-21T20:21:09Z,2026-06-21T22:21:09+0200,4c728934-15fc-48ae-9cbd-ac5715da9ca9,2026-06-17T23:30:00Z,2026-06-18T01:30:00+0200,124.29,EUR/MWh,DE,DE_LU,day_ahead_price,value,2026-06-21T20:22:25Z
2026-06-21T20:21:09Z,2026-06-21T22:21:09+0200,4c728934-15fc-48ae-9cbd-ac5715da9ca9,2026-06-17T23:45:00Z,2026-06-18T01:45:00+0200,122.51,EUR/MWh,DE,DE_LU,day_ahead_price,value,2026-06-21T20:22:25Z
2026-06-21T20:21:09Z,2026-06-21T22:21:09+0200,4c728934-15fc-48ae-9cbd-ac5715da9ca9,2026-06-18T00:00:00Z,2026-06-18T02:00:00+0200,123.33,EUR/MWh,DE,DE_LU,day_ahead_price,value,2026-06-21T20:22:25Z
2026-06-21T20:21:09Z,2026-06-21T22:21:09+0200,4c728934-15fc-48ae-9cbd-ac5715da9ca9,2026-06-18T00:15:00Z,2026-06-18T02:15:00+0200,121.85,EUR/MWh,DE,DE_LU,day_ahead_price,value,2026-06-21T20:22:25Z
2026-06-21T20:21:09Z,2026-06-21T22:21:09+0200,4c728934-15fc-48ae-9cbd-ac5715da9ca9,2026-06-18T00:30:00Z,2026-06-18T02:30:00+0200,121.45,EUR/MWh,DE,DE_LU,day_ahead_price,value,2026-06-21T20:22:25Z
2026-06-21T20:21:09Z,2026-06-21T22:21:09+0200,4c728934-15fc-48ae-9cbd-ac5715da9ca9,2026-06-18T00:45:00Z,2026-06-18T02:45:00+0200,120.82,EUR/MWh,DE,DE_LU,day_ahead_price,value,2026-06-21T20:22:25Z
2026-06-21T20:21:09Z,2026-06-21T22:21:09+0200,4c728934-15fc-48ae-9cbd-ac5715da9ca9,2026-06-18T01:00:00Z,2026-06-18T03:00:00+0200,120.73,EUR/MWh,DE,DE_LU,day_ahead_price,value,2026-06-21T20:22:25Z
2026-06-21T20:21:09Z,2026-06-21T22:21:09+0200,4c728934-15fc-48ae-9cbd-ac5715da9ca9,2026-06-18T01:15:00Z,2026-06-18T03:15:00+0200,119.15,EUR/MWh,DE,DE_LU,day_ahead_price,value,2026-06-21T20:22:25Z
2026-06-21T20:21:09Z,2026-06-21T22:21:09+0200,4c728934-15fc-48ae-9cbd-ac5715da9ca9,2026-06-18T01:30:00Z,2026-06-18T03:30:00+0200,119.33,EUR/MWh,DE,DE_LU,day_ahead_price,value,2026-06-21T20:22:25Z
2026-06-21T20:21:09Z,2026-06-21T22:21:09+0200,4c728934-15fc-48ae-9cbd-ac5715da9ca9,2026-06-18T01:45:00Z,2026-06-18T03:45:00+0200,119.53,EUR/MWh,DE,DE_LU,day_ahead_price,value,2026-06-21T20:22:25Z
2026-06-21T20:21:09Z,2026-06-21T22:21:09+0200,4c728934-15fc-48ae-9cbd-ac5715da9ca9,2026-06-18T02:00:00Z,2026-06-18T04:00:00+0200,117.66,EUR/MWh,DE,DE_LU,day_ahead_price,value,2026-06-21T20:22:25Z
2026-06-21T20:21:09Z,2026-06-21T22:21:09+0200,4c728934-15fc-48ae-9cbd-ac5715da9ca9,2026-06-18T02:15:00Z,2026-06-18T04:15:00+0200,118.61,EUR/MWh,DE,DE_LU,day_ahead_price,value,2026-06-21T20:22:25Z
2026-06-21T20:21:09Z,2026-06-21T22:21:09+0200,4c728934-15fc-48ae-9cbd-ac5715da9ca9,2026-06-18T02:30:00Z,2026-06-18T04:30:00+0200,119.97,EUR/MWh,DE,DE_LU,day_ahead_price,value,2026-06-21T20:22:25Z
2026-06-21T20:21:09Z,2026-06-21T22:21:09+0200,4c728934-15fc-48ae-9cbd-ac5715da9ca9,2026-06-18T02:45:00Z,2026-06-18T04:45:00+0200,121.01,EUR/MWh,DE,DE_LU,day_ahead_price,value,2026-06-21T20:22:25Z
2026-06-21T20:21:09Z,2026-06-21T22:21:09+0200,4c728934-15fc-48ae-9cbd-ac5715da9ca9,2026-06-18T03:00:00Z,2026-06-18T05:00:00+0200,124.26,EUR/MWh,DE,DE_LU,day_ahead_price,value,2026-06-21T20:22:25Z
2026-06-21T20:21:09Z,2026-06-21T22:21:09+0200,4c728934-15fc-48ae-9cbd-ac5715da9ca9,2026-06-18T03:15:00Z,2026-06-18T05:15:00+0200,124.96,EUR/MWh,DE,DE_LU,day_ahead_price,value,2026-06-21T20:22:25Z
2026-06-21T20:21:09Z,2026-06-21T22:21:09+0200,4c728934-15fc-48ae-9cbd-ac5715da9ca9,2026-06-18T03:30:00Z,2026-06-18T05:30:00+0200,128.0,EUR/MWh,DE,DE_LU,day_ahead_price,value,2026-06-21T20:22:25Z
2026-06-21T20:21:09Z,2026-06-21T22:21:09+0200,4c728934-15fc-48ae-9cbd-ac5715da9ca9,2026-06-18T03:45:00Z,2026-06-18T05:45:00+0200,131.14,EUR/MWh,DE,DE_LU,day_ahead_price,value,2026-06-21T20:22:25Z
2026-06-21T20:21:09Z,2026-06-21T22:21:09+0200,4c728934-15fc-48ae-9cbd-ac5715da9ca9,2026-06-18T04:00:00Z,2026-06-18T06:00:00+0200,133.81,EUR/MWh,DE,DE_LU,day_ahead_price,value,2026-06-21T20:22:25Z
2026-06-21T20:21:09Z,2026-06-21T22:21:09+0200,4c728934-15fc-48ae-9cbd-ac5715da9ca9,2026-06-18T04:15:00Z,2026-06-18T06:15:00+0200,137.58,EUR/MWh,DE,DE_LU,day_ahead_price,value,2026-06-21T20:22:25Z
2026-06-21T20:21:09Z,2026-06-21T22:21:09+0200,4c728934-15fc-48ae-9cbd-ac5715da9ca9,2026-06-18T04:30:00Z,2026-06-18T06:30:00+0200,135.95,EUR/MWh,DE,DE_LU,day_ahead_price,value,2026-06-21T20:22:25Z
2026-06-21T20:21:09Z,2026-06-21T22:21:09+0200,4c728934-15fc-48ae-9cbd-ac5715da9ca9,2026-06-18T04:45:00Z,2026-06-18T06:45:00+0200,133.86,EUR/MWh,DE,DE_LU,day_ahead_price,value,2026-06-21T20:22:25Z
2026-06-21T20:21:09Z,2026-06-21T22:21:09+0200,4c728934-15fc-48ae-9cbd-ac5715da9ca9,2026-06-18T05:00:00Z,2026-06-18T07:00:00+0200,143.99,EUR/MWh,DE,DE_LU,day_ahead_price,value,2026-06-21T20:22:25Z
2026-06-21T20:21:09Z,2026-06-21T22:21:09+0200,4c728934-15fc-48ae-9cbd-ac5715da9ca9,2026-06-18T05:15:00Z,2026-06-18T07:15:00+0200,137.46,EUR/MWh,DE,DE_LU,day_ahead_price,value,2026-06-21T20:22:25Z
2026-06-21T20:21:09Z,2026-06-21T22:21:09+0200,4c728934-15fc-48ae-9cbd-ac5715da9ca9,2026-06-18T05:30:00Z,2026-06-18T07:30:00+0200,136.26,EUR/MWh,DE,DE_LU,day_ahead_price,value,2026-06-21T20:22:25Z
2026-06-21T20:21:09Z,2026-06-21T22:21:09+0200,4c728934-15fc-48ae-9cbd-ac5715da9ca9,2026-06-18T05:45:00Z,2026-06-18T07:45:00+0200,123.35,EUR/MWh,DE,DE_LU,day_ahead_price,value,2026-06-21T20:22:25Z
2026-06-21T20:21:09Z,2026-06-21T22:21:09+0200,4c728934-15fc-48ae-9cbd-ac5715da9ca9,2026-06-18T06:00:00Z,2026-06-18T08:00:00+0200,131.0,EUR/MWh,DE,DE_LU,day_ahead_price,value,2026-06-21T20:22:25Z
2026-06-21T20:21:09Z,2026-06-21T22:21:09+0200,4c728934-15fc-48ae-9cbd-ac5715da9ca9,2026-06-18T06:15:00Z,2026-06-18T08:15:00+0200,123.6,EUR/MWh,DE,DE_LU,day_ahead_price,value,2026-06-21T20:22:25Z
2026-06-21T20:21:09Z,2026-06-21T22:21:09+0200,4c728934-15fc-48ae-9cbd-ac5715da9ca9,2026-06-18T06:30:00Z,2026-06-18T08:30:00+0200,117.4,EUR/MWh,DE,DE_LU,day_ahead_price,value,2026-06-21T20:22:25Z
2026-06-21T20:21:09Z,2026-06-21T22:21:09+0200,4c728934-15fc-48ae-9cbd-ac5715da9ca9,2026-06-18T06:45:00Z,2026-06-18T08:45:00+0200,102.93,EUR/MWh,DE,DE_LU,day_ahead_price,value,2026-06-21T20:22:25Z
2026-06-21T20:21:09Z,2026-06-21T22:21:09+0200,4c728934-15fc-48ae-9cbd-ac5715da9ca9,2026-06-18T07:00:00Z,2026-06-18T09:00:00+0200,117.0,EUR/MWh,DE,DE_LU,day_ahead_price,value,2026-06-21T20:22:25Z
2026-06-21T20:21:09Z,2026-06-21T22:21:09+0200,4c728934-15fc-48ae-9cbd-ac5715da9ca9,2026-06-18T07:15:00Z,2026-06-18T09:15:00+0200,104.99,EUR/MWh,DE,DE_LU,day_ahead_price,value,2026-06-21T20:22:25Z
2026-06-21T20:21:09Z,2026-06-21T22:21:09+0200,4c728934-15fc-48ae-9cbd-ac5715da9ca9,2026-06-18T07:30:00Z,2026-06-18T09:30:00+0200,98.81,EUR/MWh,DE,DE_LU,day_ahead_price,value,2026-06-21T20:22:25Z
2026-06-21T20:21:09Z,2026-06-21T22:21:09+0200,4c728934-15fc-48ae-9cbd-ac5715da9ca9,2026-06-18T07:45:00Z,2026-06-18T09:45:00+0200,86.06,EUR/MWh,DE,DE_LU,day_ahead_price,value,2026-06-21T20:22:25Z
2026-06-21T20:21:09Z,2026-06-21T22:21:09+0200,4c728934-15fc-48ae-9cbd-ac5715da9ca9,2026-06-18T08:00:00Z,2026-06-18T10:00:00+0200,99.42,EUR/MWh,DE,DE_LU,day_ahead_price,value,2026-06-21T20:22:25Z
2026-06-21T20:21:09Z,2026-06-21T22:21:09+0200,4c728934-15fc-48ae-9cbd-ac5715da9ca9,2026-06-18T08:15:00Z,2026-06-18T10:15:00+0200,83.45,EUR/MWh,DE,DE_LU,day_ahead_price,value,2026-06-21T20:22:25Z
2026-06-21T20:21:09Z,2026-06-21T22:21:09+0200,4c728934-15fc-48ae-9cbd-ac5715da9ca9,2026-06-18T08:30:00Z,2026-06-18T10:30:00+0200,71.2,EUR/MWh,DE,DE_LU,day_ahead_price,value,2026-06-21T20:22:25Z
2026-06-21T20:21:09Z,2026-06-21T22:21:09+0200,4c728934-15fc-48ae-9cbd-ac5715da9ca9,2026-06-18T08:45:00Z,2026-06-18T10:45:00+0200,46.47,EUR/MWh,DE,DE_LU,day_ahead_price,value,2026-06-21T20:22:25Z
2026-06-21T20:21:09Z,2026-06-21T22:21:09+0200,4c728934-15fc-48ae-9cbd-ac5715da9ca9,2026-06-18T09:00:00Z,2026-06-18T11:00:00+0200,65.16,EUR/MWh,DE,DE_LU,day_ahead_price,value,2026-06-21T20:22:25Z
2026-06-21T20:21:09Z,2026-06-21T22:21:09+0200,4c728934-15fc-48ae-9cbd-ac5715da9ca9,2026-06-18T09:15:00Z,2026-06-18T11:15:00+0200,50.6,EUR/MWh,DE,DE_LU,day_ahead_price,value,2026-06-21T20:22:25Z
2026-06-21T20:21:09Z,2026-06-21T22:21:09+0200,4c728934-15fc-48ae-9cbd-ac5715da9ca9,2026-06-18T09:30:00Z,2026-06-18T11:30:00+0200,35.25,EUR/MWh,DE,DE_LU,day_ahead_price,value,2026-06-21T20:22:25Z
2026-06-21T20:21:09Z,2026-06-21T22:21:09+0200,4c728934-15fc-48ae-9cbd-ac5715da9ca9,2026-06-18T09:45:00Z,2026-06-18T11:45:00+0200,25.1,EUR/MWh,DE,DE_LU,day_ahead_price,value,2026-06-21T20:22:25Z
2026-06-21T20:21:09Z,2026-06-21T22:21:09+0200,4c728934-15fc-48ae-9cbd-ac5715da9ca9,2026-06-18T10:00:00Z,2026-06-18T12:00:00+0200,39.95,EUR/MWh,DE,DE_LU,day_ahead_price,value,2026-06-21T20:22:25Z
2026-06-21T20:21:09Z,2026-06-21T22:21:09+0200,4c728934-15fc-48ae-9cbd-ac5715da9ca9,2026-06-18T10:15:00Z,2026-06-18T12:15:00+0200,28.68,EUR/MWh,DE,DE_LU,day_ahead_price,value,2026-06-21T20:22:25Z
2026-06-21T20:21:09Z,2026-06-21T22:21:09+0200,4c728934-15fc-48ae-9cbd-ac5715da9ca9,2026-06-18T10:30:00Z,2026-06-18T12:30:00+0200,24.99,EUR/MWh,DE,DE_LU,day_ahead_price,value,2026-06-21T20:22:25Z
2026-06-21T20:21:09Z,2026-06-21T22:21:09+0200,4c728934-15fc-48ae-9cbd-ac5715da9ca9,2026-06-18T10:45:00Z,2026-06-18T12:45:00+0200,19.37,EUR/MWh,DE,DE_LU,day_ahead_price,value,2026-06-21T20:22:25Z
2026-06-21T20:21:09Z,2026-06-21T22:21:09+0200,4c728934-15fc-48ae-9cbd-ac5715da9ca9,2026-06-18T11:00:00Z,2026-06-18T13:00:00+0200,26.27,EUR/MWh,DE,DE_LU,day_ahead_price,value,2026-06-21T20:22:25Z
2026-06-21T20:21:09Z,2026-06-21T22:21:09+0200,4c728934-15fc-48ae-9cbd-ac5715da9ca9,2026-06-18T11:15:00Z,2026-06-18T13:15:00+0200,21.89,EUR/MWh,DE,DE_LU,day_ahead_price,value,2026-06-21T20:22:25Z
2026-06-21T20:21:09Z,2026-06-21T22:21:09+0200,4c728934-15fc-48ae-9cbd-ac5715da9ca9,2026-06-18T11:30:00Z,2026-06-18T13:30:00+0200,15.51,EUR/MWh,DE,DE_LU,day_ahead_price,value,2026-06-21T20:22:25Z
2026-06-21T20:21:09Z,2026-06-21T22:21:09+0200,4c728934-15fc-48ae-9cbd-ac5715da9ca9,2026-06-18T11:45:00Z,2026-06-18T13:45:00+0200,11.01,EUR/MWh,DE,DE_LU,day_ahead_price,value,2026-06-21T20:22:25Z
2026-06-21T20:21:09Z,2026-06-21T22:21:09+0200,4c728934-15fc-48ae-9cbd-ac5715da9ca9,2026-06-18T12:00:00Z,2026-06-18T14:00:00+0200,21.13,EUR/MWh,DE,DE_LU,day_ahead_price,value,2026-06-21T20:22:25Z
2026-06-21T20:21:09Z,2026-06-21T22:21:09+0200,4c728934-15fc-48ae-9cbd-ac5715da9ca9,2026-06-18T12:15:00Z,2026-06-18T14:15:00+0200,23.76,EUR/MWh,DE,DE_LU,day_ahead_price,value,2026-06-21T20:22:25Z
2026-06-21T20:21:09Z,2026-06-21T22:21:09+0200,4c728934-15fc-48ae-9cbd-ac5715da9ca9,2026-06-18T12:30:00Z,2026-06-18T14:30:00+0200,26.27,EUR/MWh,DE,DE_LU,day_ahead_price,value,2026-06-21T20:22:25Z
2026-06-21T20:21:09Z,2026-06-21T22:21:09+0200,4c728934-15fc-48ae-9cbd-ac5715da9ca9,2026-06-18T12:45:00Z,2026-06-18T14:45:00+0200,32.44,EUR/MWh,DE,DE_LU,day_ahead_price,value,2026-06-21T20:22:25Z
2026-06-21T20:21:09Z,2026-06-21T22:21:09+0200,4c728934-15fc-48ae-9cbd-ac5715da9ca9,2026-06-18T13:00:00Z,2026-06-18T15:00:00+0200,25.0,EUR/MWh,DE,DE_LU,day_ahead_price,value,2026-06-21T20:22:25Z
2026-06-21T20:21:09Z,2026-06-21T22:21:09+0200,4c728934-15fc-48ae-9cbd-ac5715da9ca9,2026-06-18T13:15:00Z,2026-06-18T15:15:00+0200,42.0,EUR/MWh,DE,DE_LU,day_ahead_price,value,2026-06-21T20:22:25Z
2026-06-21T20:21:09Z,2026-06-21T22:21:09+0200,4c728934-15fc-48ae-9cbd-ac5715da9ca9,2026-06-18T13:30:00Z,2026-06-18T15:30:00+0200,54.1,EUR/MWh,DE,DE_LU,day_ahead_price,value,2026-06-21T20:22:25Z
2026-06-21T20:21:09Z,2026-06-21T22:21:09+0200,4c728934-15fc-48ae-9cbd-ac5715da9ca9,2026-06-18T13:45:00Z,2026-06-18T15:45:00+0200,71.29,EUR/MWh,DE,DE_LU,day_ahead_price,value,2026-06-21T20:22:25Z
2026-06-21T20:21:09Z,2026-06-21T22:21:09+0200,4c728934-15fc-48ae-9cbd-ac5715da9ca9,2026-06-18T14:00:00Z,2026-06-18T16:00:00+0200,46.78,EUR/MWh,DE,DE_LU,day_ahead_price,value,2026-06-21T20:22:25Z
2026-06-21T20:21:09Z,2026-06-21T22:21:09+0200,4c728934-15fc-48ae-9cbd-ac5715da9ca9,2026-06-18T14:15:00Z,2026-06-18T16:15:00+0200,74.96,EUR/MWh,DE,DE_LU,day_ahead_price,value,2026-06-21T20:22:25Z
2026-06-21T20:21:09Z,2026-06-21T22:21:09+0200,4c728934-15fc-48ae-9cbd-ac5715da9ca9,2026-06-18T14:30:00Z,2026-06-18T16:30:00+0200,89.98,EUR/MWh,DE,DE_LU,day_ahead_price,value,2026-06-21T20:22:25Z
2026-06-21T20:21:09Z,2026-06-21T22:21:09+0200,4c728934-15fc-48ae-9cbd-ac5715da9ca9,2026-06-18T14:45:00Z,2026-06-18T16:45:00+0200,104.52,EUR/MWh,DE,DE_LU,day_ahead_price,value,2026-06-21T20:22:25Z
2026-06-21T20:21:09Z,2026-06-21T22:21:09+0200,4c728934-15fc-48ae-9cbd-ac5715da9ca9,2026-06-18T15:00:00Z,2026-06-18T17:00:00+0200,80.84,EUR/MWh,DE,DE_LU,day_ahead_price,value,2026-06-21T20:22:25Z
2026-06-21T20:21:09Z,2026-06-21T22:21:09+0200,4c728934-15fc-48ae-9cbd-ac5715da9ca9,2026-06-18T15:15:00Z,2026-06-18T17:15:00+0200,100.22,EUR/MWh,DE,DE_LU,day_ahead_price,value,2026-06-21T20:22:25Z
2026-06-21T20:21:09Z,2026-06-21T22:21:09+0200,4c728934-15fc-48ae-9cbd-ac5715da9ca9,2026-06-18T15:30:00Z,2026-06-18T17:30:00+0200,114.27,EUR/MWh,DE,DE_LU,day_ahead_price,value,2026-06-21T20:22:25Z
2026-06-21T20:21:09Z,2026-06-21T22:21:09+0200,4c728934-15fc-48ae-9cbd-ac5715da9ca9,2026-06-18T15:45:00Z,2026-06-18T17:45:00+0200,126.73,EUR/MWh,DE,DE_LU,day_ahead_price,value,2026-06-21T20:22:25Z
2026-06-21T20:21:09Z,2026-06-21T22:21:09+0200,4c728934-15fc-48ae-9cbd-ac5715da9ca9,2026-06-18T16:00:00Z,2026-06-18T18:00:00+0200,102.06,EUR/MWh,DE,DE_LU,day_ahead_price,value,2026-06-21T20:22:25Z
2026-06-21T20:21:09Z,2026-06-21T22:21:09+0200,4c728934-15fc-48ae-9cbd-ac5715da9ca9,2026-06-18T16:15:00Z,2026-06-18T18:15:00+0200,127.02,EUR/MWh,DE,DE_LU,day_ahead_price,value,2026-06-21T20:22:25Z
2026-06-21T20:21:09Z,2026-06-21T22:21:09+0200,4c728934-15fc-48ae-9cbd-ac5715da9ca9,2026-06-18T16:30:00Z,2026-06-18T18:30:00+0200,144.51,EUR/MWh,DE,DE_LU,day_ahead_price,value,2026-06-21T20:22:25Z
2026-06-21T20:21:09Z,2026-06-21T22:21:09+0200,4c728934-15fc-48ae-9cbd-ac5715da9ca9,2026-06-18T16:45:00Z,2026-06-18T18:45:00+0200,169.24,EUR/MWh,DE,DE_LU,day_ahead_price,value,2026-06-21T20:22:25Z
2026-06-21T20:21:09Z,2026-06-21T22:21:09+0200,4c728934-15fc-48ae-9cbd-ac5715da9ca9,2026-06-18T17:00:00Z,2026-06-18T19:00:00+0200,148.14,EUR/MWh,DE,DE_LU,day_ahead_price,value,2026-06-21T20:22:25Z
2026-06-21T20:21:09Z,2026-06-21T22:21:09+0200,4c728934-15fc-48ae-9cbd-ac5715da9ca9,2026-06-18T17:15:00Z,2026-06-18T19:15:00+0200,174.46,EUR/MWh,DE,DE_LU,day_ahead_price,value,2026-06-21T20:22:25Z
2026-06-21T20:21:09Z,2026-06-21T22:21:09+0200,4c728934-15fc-48ae-9cbd-ac5715da9ca9,2026-06-18T17:30:00Z,2026-06-18T19:30:00+0200,277.52,EUR/MWh,DE,DE_LU,day_ahead_price,value,2026-06-21T20:22:25Z
2026-06-21T20:21:09Z,2026-06-21T22:21:09+0200,4c728934-15fc-48ae-9cbd-ac5715da9ca9,2026-06-18T17:45:00Z,2026-06-18T19:45:00+0200,413.45,EUR/MWh,DE,DE_LU,day_ahead_price,value,2026-06-21T20:22:25Z
2026-06-21T20:21:09Z,2026-06-21T22:21:09+0200,4c728934-15fc-48ae-9cbd-ac5715da9ca9,2026-06-18T18:00:00Z,2026-06-18T20:00:00+0200,319.25,EUR/MWh,DE,DE_LU,day_ahead_price,value,2026-06-21T20:22:25Z
2026-06-21T20:21:09Z,2026-06-21T22:21:09+0200,4c728934-15fc-48ae-9cbd-ac5715da9ca9,2026-06-18T18:15:00Z,2026-06-18T20:15:00+0200,382.0,EUR/MWh,DE,DE_LU,day_ahead_price,value,2026-06-21T20:22:25Z
2026-06-21T20:21:09Z,2026-06-21T22:21:09+0200,4c728934-15fc-48ae-9cbd-ac5715da9ca9,2026-06-18T18:30:00Z,2026-06-18T20:30:00+0200,494.27,EUR/MWh,DE,DE_LU,day_ahead_price,value,2026-06-21T20:22:25Z
2026-06-21T20:21:09Z,2026-06-21T22:21:09+0200,4c728934-15fc-48ae-9cbd-ac5715da9ca9,2026-06-18T18:45:00Z,2026-06-18T20:45:00+0200,544.75,EUR/MWh,DE,DE_LU,day_ahead_price,value,2026-06-21T20:22:25Z
2026-06-21T20:21:09Z,2026-06-21T22:21:09+0200,4c728934-15fc-48ae-9cbd-ac5715da9ca9,2026-06-18T19:00:00Z,2026-06-18T21:00:00+0200,529.97,EUR/MWh,DE,DE_LU,day_ahead_price,value,2026-06-21T20:22:25Z
2026-06-21T20:21:09Z,2026-06-21T22:21:09+0200,4c728934-15fc-48ae-9cbd-ac5715da9ca9,2026-06-18T19:15:00Z,2026-06-18T21:15:00+0200,501.04,EUR/MWh,DE,DE_LU,day_ahead_price,value,2026-06-21T20:22:25Z
2026-06-21T20:21:09Z,2026-06-21T22:21:09+0200,4c728934-15fc-48ae-9cbd-ac5715da9ca9,2026-06-18T19:30:00Z,2026-06-18T21:30:00+0200,390.01,EUR/MWh,DE,DE_LU,day_ahead_price,value,2026-06-21T20:22:25Z
2026-06-21T20:21:09Z,2026-06-21T22:21:09+0200,4c728934-15fc-48ae-9cbd-ac5715da9ca9,2026-06-18T19:45:00Z,2026-06-18T21:45:00+0200,346.64,EUR/MWh,DE,DE_LU,day_ahead_price,value,2026-06-21T20:22:25Z
2026-06-21T20:21:09Z,2026-06-21T22:21:09+0200,4c728934-15fc-48ae-9cbd-ac5715da9ca9,2026-06-18T20:00:00Z,2026-06-18T22:00:00+0200,400.01,EUR/MWh,DE,DE_LU,day_ahead_price,value,2026-06-21T20:22:25Z
2026-06-21T20:21:09Z,2026-06-21T22:21:09+0200,4c728934-15fc-48ae-9cbd-ac5715da9ca9,2026-06-18T20:15:00Z,2026-06-18T22:15:00+0200,296.43,EUR/MWh,DE,DE_LU,day_ahead_price,value,2026-06-21T20:22:25Z
2026-06-21T20:21:09Z,2026-06-21T22:21:09+0200,4c728934-15fc-48ae-9cbd-ac5715da9ca9,2026-06-18T20:30:00Z,2026-06-18T22:30:00+0200,196.85,EUR/MWh,DE,DE_LU,day_ahead_price,value,2026-06-21T20:22:25Z
2026-06-21T20:21:09Z,2026-06-21T22:21:09+0200,4c728934-15fc-48ae-9cbd-ac5715da9ca9,2026-06-18T20:45:00Z,2026-06-18T22:45:00+0200,163.99,EUR/MWh,DE,DE_LU,day_ahead_price,value,2026-06-21T20:22:25Z
2026-06-21T20:21:09Z,2026-06-21T22:21:09+0200,4c728934-15fc-48ae-9cbd-ac5715da9ca9,2026-06-18T21:00:00Z,2026-06-18T23:00:00+0200,187.55,EUR/MWh,DE,DE_LU,day_ahead_price,value,2026-06-21T20:22:25Z
2026-06-21T20:21:09Z,2026-06-21T22:21:09+0200,4c728934-15fc-48ae-9cbd-ac5715da9ca9,2026-06-18T21:15:00Z,2026-06-18T23:15:00+0200,163.09,EUR/MWh,DE,DE_LU,day_ahead_price,value,2026-06-21T20:22:25Z
2026-06-21T20:21:09Z,2026-06-21T22:21:09+0200,4c728934-15fc-48ae-9cbd-ac5715da9ca9,2026-06-18T21:30:00Z,2026-06-18T23:30:00+0200,155.16,EUR/MWh,DE,DE_LU,day_ahead_price,value,2026-06-21T20:22:25Z
2026-06-21T20:21:09Z,2026-06-21T22:21:09+0200,4c728934-15fc-48ae-9cbd-ac5715da9ca9,2026-06-18T21:45:00Z,2026-06-18T23:45:00+0200,146.27,EUR/MWh,DE,DE_LU,day_ahead_price,value,2026-06-21T20:22:25Z
2026-06-21T20:21:09Z,2026-06-21T22:21:09+0200,4c728934-15fc-48ae-9cbd-ac5715da9ca9,2026-06-18T22:00:00Z,2026-06-19T00:00:00+0200,154.26,EUR/MWh,DE,DE_LU,day_ahead_price,value,2026-06-21T20:22:25Z
2026-06-21T20:21:09Z,2026-06-21T22:21:09+0200,4c728934-15fc-48ae-9cbd-ac5715da9ca9,2026-06-18T22:15:00Z,2026-06-19T00:15:00+0200,148.21,EUR/MWh,DE,DE_LU,day_ahead_price,value,2026-06-21T20:22:25Z
2026-06-21T20:21:09Z,2026-06-21T22:21:09+0200,4c728934-15fc-48ae-9cbd-ac5715da9ca9,2026-06-18T22:30:00Z,2026-06-19T00:30:00+0200,143.99,EUR/MWh,DE,DE_LU,day_ahead_price,value,2026-06-21T20:22:25Z
2026-06-21T20:21:09Z,2026-06-21T22:21:09+0200,4c728934-15fc-48ae-9cbd-ac5715da9ca9,2026-06-18T22:45:00Z,2026-06-19T00:45:00+0200,140.11,EUR/MWh,DE,DE_LU,day_ahead_price,value,2026-06-21T20:22:25Z
2026-06-21T20:21:09Z,2026-06-21T22:21:09+0200,4c728934-15fc-48ae-9cbd-ac5715da9ca9,2026-06-18T23:00:00Z,2026-06-19T01:00:00+0200,142.05,EUR/MWh,DE,DE_LU,day_ahead_price,value,2026-06-21T20:22:25Z
2026-06-21T20:21:09Z,2026-06-21T22:21:09+0200,4c728934-15fc-48ae-9cbd-ac5715da9ca9,2026-06-18T23:15:00Z,2026-06-19T01:15:00+0200,135.79,EUR/MWh,DE,DE_LU,day_ahead_price,value,2026-06-21T20:22:25Z
2026-06-21T20:21:09Z,2026-06-21T22:21:09+0200,4c728934-15fc-48ae-9cbd-ac5715da9ca9,2026-06-18T23:30:00Z,2026-06-19T01:30:00+0200,128.43,EUR/MWh,DE,DE_LU,day_ahead_price,value,2026-06-21T20:22:25Z
2026-06-21T20:21:09Z,2026-06-21T22:21:09+0200,4c728934-15fc-48ae-9cbd-ac5715da9ca9,2026-06-18T23:45:00Z,2026-06-19T01:45:00+0200,123.78,EUR/MWh,DE,DE_LU,day_ahead_price,value,2026-06-21T20:22:25Z
2026-06-21T20:21:09Z,2026-06-21T22:21:09+0200,4c728934-15fc-48ae-9cbd-ac5715da9ca9,2026-06-19T00:00:00Z,2026-06-19T02:00:00+0200,130.43,EUR/MWh,DE,DE_LU,day_ahead_price,value,2026-06-21T20:22:25Z
2026-06-21T20:21:09Z,2026-06-21T22:21:09+0200,4c728934-15fc-48ae-9cbd-ac5715da9ca9,2026-06-19T00:15:00Z,2026-06-19T02:15:00+0200,124.13,EUR/MWh,DE,DE_LU,day_ahead_price,value,2026-06-21T20:22:25Z
2026-06-21T20:21:09Z,2026-06-21T22:21:09+0200,4c728934-15fc-48ae-9cbd-ac5715da9ca9,2026-06-19T00:30:00Z,2026-06-19T02:30:00+0200,122.95,EUR/MWh,DE,DE_LU,day_ahead_price,value,2026-06-21T20:22:25Z
2026-06-21T20:21:09Z,2026-06-21T22:21:09+0200,4c728934-15fc-48ae-9cbd-ac5715da9ca9,2026-06-19T00:45:00Z,2026-06-19T02:45:00+0200,121.78,EUR/MWh,DE,DE_LU,day_ahead_price,value,2026-06-21T20:22:25Z
2026-06-21T20:21:09Z,2026-06-21T22:21:09+0200,4c728934-15fc-48ae-9cbd-ac5715da9ca9,2026-06-19T01:00:00Z,2026-06-19T03:00:00+0200,121.78,EUR/MWh,DE,DE_LU,day_ahead_price,value,2026-06-21T20:22:25Z
2026-06-21T20:21:09Z,2026-06-21T22:21:09+0200,4c728934-15fc-48ae-9cbd-ac5715da9ca9,2026-06-19T01:15:00Z,2026-06-19T03:15:00+0200,121.06,EUR/MWh,DE,DE_LU,day_ahead_price,value,2026-06-21T20:22:25Z
2026-06-21T20:21:09Z,2026-06-21T22:21:09+0200,4c728934-15fc-48ae-9cbd-ac5715da9ca9,2026-06-19T01:30:00Z,2026-06-19T03:30:00+0200,120.0,EUR/MWh,DE,DE_LU,day_ahead_price,value,2026-06-21T20:22:25Z
2026-06-21T20:21:09Z,2026-06-21T22:21:09+0200,4c728934-15fc-48ae-9cbd-ac5715da9ca9,2026-06-19T01:45:00Z,2026-06-19T03:45:00+0200,119.0,EUR/MWh,DE,DE_LU,day_ahead_price,value,2026-06-21T20:22:25Z
2026-06-21T20:21:09Z,2026-06-21T22:21:09+0200,4c728934-15fc-48ae-9cbd-ac5715da9ca9,2026-06-19T02:00:00Z,2026-06-19T04:00:00+0200,117.83,EUR/MWh,DE,DE_LU,day_ahead_price,value,2026-06-21T20:22:25Z
2026-06-21T20:21:09Z,2026-06-21T22:21:09+0200,4c728934-15fc-48ae-9cbd-ac5715da9ca9,2026-06-19T02:15:00Z,2026-06-19T04:15:00+0200,118.51,EUR/MWh,DE,DE_LU,day_ahead_price,value,2026-06-21T20:22:25Z
2026-06-21T20:21:09Z,2026-06-21T22:21:09+0200,4c728934-15fc-48ae-9cbd-ac5715da9ca9,2026-06-19T02:30:00Z,2026-06-19T04:30:00+0200,118.45,EUR/MWh,DE,DE_LU,day_ahead_price,value,2026-06-21T20:22:25Z
2026-06-21T20:21:09Z,2026-06-21T22:21:09+0200,4c728934-15fc-48ae-9cbd-ac5715da9ca9,2026-06-19T02:45:00Z,2026-06-19T04:45:00+0200,119.08,EUR/MWh,DE,DE_LU,day_ahead_price,value,2026-06-21T20:22:25Z
2026-06-21T20:21:09Z,2026-06-21T22:21:09+0200,4c728934-15fc-48ae-9cbd-ac5715da9ca9,2026-06-19T03:00:00Z,2026-06-19T05:00:00+0200,118.0,EUR/MWh,DE,DE_LU,day_ahead_price,value,2026-06-21T20:22:25Z
2026-06-21T20:21:09Z,2026-06-21T22:21:09+0200,4c728934-15fc-48ae-9cbd-ac5715da9ca9,2026-06-19T03:15:00Z,2026-06-19T05:15:00+0200,119.24,EUR/MWh,DE,DE_LU,day_ahead_price,value,2026-06-21T20:22:25Z
2026-06-21T20:21:09Z,2026-06-21T22:21:09+0200,4c728934-15fc-48ae-9cbd-ac5715da9ca9,2026-06-19T03:30:00Z,2026-06-19T05:30:00+0200,120.93,EUR/MWh,DE,DE_LU,day_ahead_price,value,2026-06-21T20:22:25Z
2026-06-21T20:21:09Z,2026-06-21T22:21:09+0200,4c728934-15fc-48ae-9cbd-ac5715da9ca9,2026-06-19T03:45:00Z,2026-06-19T05:45:00+0200,124.21,EUR/MWh,DE,DE_LU,day_ahead_price,value,2026-06-21T20:22:25Z
2026-06-21T20:21:09Z,2026-06-21T22:21:09+0200,4c728934-15fc-48ae-9cbd-ac5715da9ca9,2026-06-19T04:00:00Z,2026-06-19T06:00:00+0200,142.55,EUR/MWh,DE,DE_LU,day_ahead_price,value,2026-06-21T20:22:25Z
2026-06-21T20:21:09Z,2026-06-21T22:21:09+0200,4c728934-15fc-48ae-9cbd-ac5715da9ca9,2026-06-19T04:15:00Z,2026-06-19T06:15:00+0200,141.33,EUR/MWh,DE,DE_LU,day_ahead_price,value,2026-06-21T20:22:25Z
2026-06-21T20:21:09Z,2026-06-21T22:21:09+0200,4c728934-15fc-48ae-9cbd-ac5715da9ca9,2026-06-19T04:30:00Z,2026-06-19T06:30:00+0200,140.23,EUR/MWh,DE,DE_LU,day_ahead_price,value,2026-06-21T20:22:25Z
2026-06-21T20:21:09Z,2026-06-21T22:21:09+0200,4c728934-15fc-48ae-9cbd-ac5715da9ca9,2026-06-19T04:45:00Z,2026-06-19T06:45:00+0200,130.76,EUR/MWh,DE,DE_LU,day_ahead_price,value,2026-06-21T20:22:25Z
2026-06-21T20:21:09Z,2026-06-21T22:21:09+0200,4c728934-15fc-48ae-9cbd-ac5715da9ca9,2026-06-19T05:00:00Z,2026-06-19T07:00:00+0200,139.73,EUR/MWh,DE,DE_LU,day_ahead_price,value,2026-06-21T20:22:25Z
2026-06-21T20:21:09Z,2026-06-21T22:21:09+0200,4c728934-15fc-48ae-9cbd-ac5715da9ca9,2026-06-19T05:15:00Z,2026-06-19T07:15:00+0200,136.16,EUR/MWh,DE,DE_LU,day_ahead_price,value,2026-06-21T20:22:25Z
2026-06-21T20:21:09Z,2026-06-21T22:21:09+0200,4c728934-15fc-48ae-9cbd-ac5715da9ca9,2026-06-19T05:30:00Z,2026-06-19T07:30:00+0200,123.12,EUR/MWh,DE,DE_LU,day_ahead_price,value,2026-06-21T20:22:25Z
2026-06-21T20:21:09Z,2026-06-21T22:21:09+0200,4c728934-15fc-48ae-9cbd-ac5715da9ca9,2026-06-19T05:45:00Z,2026-06-19T07:45:00+0200,110.48,EUR/MWh,DE,DE_LU,day_ahead_price,value,2026-06-21T20:22:25Z
2026-06-21T20:21:09Z,2026-06-21T22:21:09+0200,4c728934-15fc-48ae-9cbd-ac5715da9ca9,2026-06-19T06:00:00Z,2026-06-19T08:00:00+0200,123.05,EUR/MWh,DE,DE_LU,day_ahead_price,value,2026-06-21T20:22:25Z
2026-06-21T20:21:09Z,2026-06-21T22:21:09+0200,4c728934-15fc-48ae-9cbd-ac5715da9ca9,2026-06-19T06:15:00Z,2026-06-19T08:15:00+0200,114.71,EUR/MWh,DE,DE_LU,day_ahead_price,value,2026-06-21T20:22:25Z
2026-06-21T20:21:09Z,2026-06-21T22:21:09+0200,4c728934-15fc-48ae-9cbd-ac5715da9ca9,2026-06-19T06:30:00Z,2026-06-19T08:30:00+0200,109.69,EUR/MWh,DE,DE_LU,day_ahead_price,value,2026-06-21T20:22:25Z
2026-06-21T20:21:09Z,2026-06-21T22:21:09+0200,4c728934-15fc-48ae-9cbd-ac5715da9ca9,2026-06-19T06:45:00Z,2026-06-19T08:45:00+0200,100.38,EUR/MWh,DE,DE_LU,day_ahead_price,value,2026-06-21T20:22:25Z
2026-06-21T20:21:09Z,2026-06-21T22:21:09+0200,4c728934-15fc-48ae-9cbd-ac5715da9ca9,2026-06-19T07:00:00Z,2026-06-19T09:00:00+0200,112.4,EUR/MWh,DE,DE_LU,day_ahead_price,value,2026-06-21T20:22:25Z
2026-06-21T20:21:09Z,2026-06-21T22:21:09+0200,4c728934-15fc-48ae-9cbd-ac5715da9ca9,2026-06-19T07:15:00Z,2026-06-19T09:15:00+0200,103.72,EUR/MWh,DE,DE_LU,day_ahead_price,value,2026-06-21T20:22:25Z
2026-06-21T20:21:09Z,2026-06-21T22:21:09+0200,4c728934-15fc-48ae-9cbd-ac5715da9ca9,2026-06-19T07:30:00Z,2026-06-19T09:30:00+0200,89.7,EUR/MWh,DE,DE_LU,day_ahead_price,value,2026-06-21T20:22:25Z
2026-06-21T20:21:09Z,2026-06-21T22:21:09+0200,4c728934-15fc-48ae-9cbd-ac5715da9ca9,2026-06-19T07:45:00Z,2026-06-19T09:45:00+0200,75.76,EUR/MWh,DE,DE_LU,day_ahead_price,value,2026-06-21T20:22:25Z
2026-06-21T20:21:09Z,2026-06-21T22:21:09+0200,4c728934-15fc-48ae-9cbd-ac5715da9ca9,2026-06-19T08:00:00Z,2026-06-19T10:00:00+0200,90.08,EUR/MWh,DE,DE_LU,day_ahead_price,value,2026-06-21T20:22:25Z
2026-06-21T20:21:09Z,2026-06-21T22:21:09+0200,4c728934-15fc-48ae-9cbd-ac5715da9ca9,2026-06-19T08:15:00Z,2026-06-19T10:15:00+0200,80.07,EUR/MWh,DE,DE_LU,day_ahead_price,value,2026-06-21T20:22:25Z
2026-06-21T20:21:09Z,2026-06-21T22:21:09+0200,4c728934-15fc-48ae-9cbd-ac5715da9ca9,2026-06-19T08:30:00Z,2026-06-19T10:30:00+0200,65.07,EUR/MWh,DE,DE_LU,day_ahead_price,value,2026-06-21T20:22:25Z
2026-06-21T20:21:09Z,2026-06-21T22:21:09+0200,4c728934-15fc-48ae-9cbd-ac5715da9ca9,2026-06-19T08:45:00Z,2026-06-19T10:45:00+0200,44.41,EUR/MWh,DE,DE_LU,day_ahead_price,value,2026-06-21T20:22:25Z
2026-06-21T20:21:09Z,2026-06-21T22:21:09+0200,4c728934-15fc-48ae-9cbd-ac5715da9ca9,2026-06-19T09:00:00Z,2026-06-19T11:00:00+0200,53.93,EUR/MWh,DE,DE_LU,day_ahead_price,value,2026-06-21T20:22:25Z
2026-06-21T20:21:09Z,2026-06-21T22:21:09+0200,4c728934-15fc-48ae-9cbd-ac5715da9ca9,2026-06-19T09:15:00Z,2026-06-19T11:15:00+0200,38.6,EUR/MWh,DE,DE_LU,day_ahead_price,value,2026-06-21T20:22:25Z
2026-06-21T20:21:09Z,2026-06-21T22:21:09+0200,4c728934-15fc-48ae-9cbd-ac5715da9ca9,2026-06-19T09:30:00Z,2026-06-19T11:30:00+0200,24.83,EUR/MWh,DE,DE_LU,day_ahead_price,value,2026-06-21T20:22:25Z
2026-06-21T20:21:09Z,2026-06-21T22:21:09+0200,4c728934-15fc-48ae-9cbd-ac5715da9ca9,2026-06-19T09:45:00Z,2026-06-19T11:45:00+0200,11.0,EUR/MWh,DE,DE_LU,day_ahead_price,value,2026-06-21T20:22:25Z
2026-06-21T20:21:09Z,2026-06-21T22:21:09+0200,4c728934-15fc-48ae-9cbd-ac5715da9ca9,2026-06-19T10:00:00Z,2026-06-19T12:00:00+0200,21.8,EUR/MWh,DE,DE_LU,day_ahead_price,value,2026-06-21T20:22:25Z
2026-06-21T20:21:09Z,2026-06-21T22:21:09+0200,4c728934-15fc-48ae-9cbd-ac5715da9ca9,2026-06-19T10:15:00Z,2026-06-19T12:15:00+0200,14.01,EUR/MWh,DE,DE_LU,day_ahead_price,value,2026-06-21T20:22:25Z
2026-06-21T20:21:09Z,2026-06-21T22:21:09+0200,4c728934-15fc-48ae-9cbd-ac5715da9ca9,2026-06-19T10:30:00Z,2026-06-19T12:30:00+0200,14.2,EUR/MWh,DE,DE_LU,day_ahead_price,value,2026-06-21T20:22:25Z
2026-06-21T20:21:09Z,2026-06-21T22:21:09+0200,4c728934-15fc-48ae-9cbd-ac5715da9ca9,2026-06-19T10:45:00Z,2026-06-19T12:45:00+0200,9.99,EUR/MWh,DE,DE_LU,day_ahead_price,value,2026-06-21T20:22:25Z
2026-06-21T20:21:09Z,2026-06-21T22:21:09+0200,4c728934-15fc-48ae-9cbd-ac5715da9ca9,2026-06-19T11:00:00Z,2026-06-19T13:00:00+0200,12.97,EUR/MWh,DE,DE_LU,day_ahead_price,value,2026-06-21T20:22:25Z
2026-06-21T20:21:09Z,2026-06-21T22:21:09+0200,4c728934-15fc-48ae-9cbd-ac5715da9ca9,2026-06-19T11:15:00Z,2026-06-19T13:15:00+0200,10.31,EUR/MWh,DE,DE_LU,day_ahead_price,value,2026-06-21T20:22:25Z
2026-06-21T20:21:09Z,2026-06-21T22:21:09+0200,4c728934-15fc-48ae-9cbd-ac5715da9ca9,2026-06-19T11:30:00Z,2026-06-19T13:30:00+0200,12.03,EUR/MWh,DE,DE_LU,day_ahead_price,value,2026-06-21T20:22:25Z
2026-06-21T20:21:09Z,2026-06-21T22:21:09+0200,4c728934-15fc-48ae-9cbd-ac5715da9ca9,2026-06-19T11:45:00Z,2026-06-19T13:45:00+0200,9.63,EUR/MWh,DE,DE_LU,day_ahead_price,value,2026-06-21T20:22:25Z
2026-06-21T20:21:09Z,2026-06-21T22:21:09+0200,4c728934-15fc-48ae-9cbd-ac5715da9ca9,2026-06-19T12:00:00Z,2026-06-19T14:00:00+0200,10.44,EUR/MWh,DE,DE_LU,day_ahead_price,value,2026-06-21T20:22:25Z
2026-06-21T20:21:09Z,2026-06-21T22:21:09+0200,4c728934-15fc-48ae-9cbd-ac5715da9ca9,2026-06-19T12:15:00Z,2026-06-19T14:15:00+0200,13.59,EUR/MWh,DE,DE_LU,day_ahead_price,value,2026-06-21T20:22:25Z
2026-06-21T20:21:09Z,2026-06-21T22:21:09+0200,4c728934-15fc-48ae-9cbd-ac5715da9ca9,2026-06-19T12:30:00Z,2026-06-19T14:30:00+0200,16.1,EUR/MWh,DE,DE_LU,day_ahead_price,value,2026-06-21T20:22:25Z
2026-06-21T20:21:09Z,2026-06-21T22:21:09+0200,4c728934-15fc-48ae-9cbd-ac5715da9ca9,2026-06-19T12:45:00Z,2026-06-19T14:45:00+0200,25.09,EUR/MWh,DE,DE_LU,day_ahead_price,value,2026-06-21T20:22:25Z
2026-06-21T20:21:09Z,2026-06-21T22:21:09+0200,4c728934-15fc-48ae-9cbd-ac5715da9ca9,2026-06-19T13:00:00Z,2026-06-19T15:00:00+0200,18.74,EUR/MWh,DE,DE_LU,day_ahead_price,value,2026-06-21T20:22:25Z
2026-06-21T20:21:09Z,2026-06-21T22:21:09+0200,4c728934-15fc-48ae-9cbd-ac5715da9ca9,2026-06-19T13:15:00Z,2026-06-19T15:15:00+0200,32.31,EUR/MWh,DE,DE_LU,day_ahead_price,value,2026-06-21T20:22:25Z
2026-06-21T20:21:09Z,2026-06-21T22:21:09+0200,4c728934-15fc-48ae-9cbd-ac5715da9ca9,2026-06-19T13:30:00Z,2026-06-19T15:30:00+0200,49.48,EUR/MWh,DE,DE_LU,day_ahead_price,value,2026-06-21T20:22:25Z
2026-06-21T20:21:09Z,2026-06-21T22:21:09+0200,4c728934-15fc-48ae-9cbd-ac5715da9ca9,2026-06-19T13:45:00Z,2026-06-19T15:45:00+0200,70.88,EUR/MWh,DE,DE_LU,day_ahead_price,value,2026-06-21T20:22:25Z
2026-06-21T20:21:09Z,2026-06-21T22:21:09+0200,4c728934-15fc-48ae-9cbd-ac5715da9ca9,2026-06-19T14:00:00Z,2026-06-19T16:00:00+0200,50.72,EUR/MWh,DE,DE_LU,day_ahead_price,value,2026-06-21T20:22:25Z
2026-06-21T20:21:09Z,2026-06-21T22:21:09+0200,4c728934-15fc-48ae-9cbd-ac5715da9ca9,2026-06-19T14:15:00Z,2026-06-19T16:15:00+0200,78.37,EUR/MWh,DE,DE_LU,day_ahead_price,value,2026-06-21T20:22:25Z
2026-06-21T20:21:09Z,2026-06-21T22:21:09+0200,4c728934-15fc-48ae-9cbd-ac5715da9ca9,2026-06-19T14:30:00Z,2026-06-19T16:30:00+0200,89.28,EUR/MWh,DE,DE_LU,day_ahead_price,value,2026-06-21T20:22:25Z
2026-06-21T20:21:09Z,2026-06-21T22:21:09+0200,4c728934-15fc-48ae-9cbd-ac5715da9ca9,2026-06-19T14:45:00Z,2026-06-19T16:45:00+0200,104.37,EUR/MWh,DE,DE_LU,day_ahead_price,value,2026-06-21T20:22:25Z
2026-06-21T20:21:09Z,2026-06-21T22:21:09+0200,4c728934-15fc-48ae-9cbd-ac5715da9ca9,2026-06-19T15:00:00Z,2026-06-19T17:00:00+0200,90.57,EUR/MWh,DE,DE_LU,day_ahead_price,value,2026-06-21T20:22:25Z
2026-06-21T20:21:09Z,2026-06-21T22:21:09+0200,4c728934-15fc-48ae-9cbd-ac5715da9ca9,2026-06-19T15:15:00Z,2026-06-19T17:15:00+0200,106.85,EUR/MWh,DE,DE_LU,day_ahead_price,value,2026-06-21T20:22:25Z
2026-06-21T20:21:09Z,2026-06-21T22:21:09+0200,4c728934-15fc-48ae-9cbd-ac5715da9ca9,2026-06-19T15:30:00Z,2026-06-19T17:30:00+0200,114.13,EUR/MWh,DE,DE_LU,day_ahead_price,value,2026-06-21T20:22:25Z
2026-06-21T20:21:09Z,2026-06-21T22:21:09+0200,4c728934-15fc-48ae-9cbd-ac5715da9ca9,2026-06-19T15:45:00Z,2026-06-19T17:45:00+0200,121.74,EUR/MWh,DE,DE_LU,day_ahead_price,value,2026-06-21T20:22:25Z
2026-06-21T20:21:09Z,2026-06-21T22:21:09+0200,4c728934-15fc-48ae-9cbd-ac5715da9ca9,2026-06-19T16:00:00Z,2026-06-19T18:00:00+0200,110.65,EUR/MWh,DE,DE_LU,day_ahead_price,value,2026-06-21T20:22:25Z
2026-06-21T20:21:09Z,2026-06-21T22:21:09+0200,4c728934-15fc-48ae-9cbd-ac5715da9ca9,2026-06-19T16:15:00Z,2026-06-19T18:15:00+0200,121.31,EUR/MWh,DE,DE_LU,day_ahead_price,value,2026-06-21T20:22:25Z
2026-06-21T20:21:09Z,2026-06-21T22:21:09+0200,4c728934-15fc-48ae-9cbd-ac5715da9ca9,2026-06-19T16:30:00Z,2026-06-19T18:30:00+0200,135.37,EUR/MWh,DE,DE_LU,day_ahead_price,value,2026-06-21T20:22:25Z
2026-06-21T20:21:09Z,2026-06-21T22:21:09+0200,4c728934-15fc-48ae-9cbd-ac5715da9ca9,2026-06-19T16:45:00Z,2026-06-19T18:45:00+0200,151.48,EUR/MWh,DE,DE_LU,day_ahead_price,value,2026-06-21T20:22:25Z
2026-06-21T20:21:09Z,2026-06-21T22:21:09+0200,4c728934-15fc-48ae-9cbd-ac5715da9ca9,2026-06-19T17:00:00Z,2026-06-19T19:00:00+0200,143.8,EUR/MWh,DE,DE_LU,day_ahead_price,value,2026-06-21T20:22:25Z
2026-06-21T20:21:09Z,2026-06-21T22:21:09+0200,4c728934-15fc-48ae-9cbd-ac5715da9ca9,2026-06-19T17:15:00Z,2026-06-19T19:15:00+0200,153.85,EUR/MWh,DE,DE_LU,day_ahead_price,value,2026-06-21T20:22:25Z
2026-06-21T20:21:09Z,2026-06-21T22:21:09+0200,4c728934-15fc-48ae-9cbd-ac5715da9ca9,2026-06-19T17:30:00Z,2026-06-19T19:30:00+0200,179.84,EUR/MWh,DE,DE_LU,day_ahead_price,value,2026-06-21T20:22:25Z
2026-06-21T20:21:09Z,2026-06-21T22:21:09+0200,4c728934-15fc-48ae-9cbd-ac5715da9ca9,2026-06-19T17:45:00Z,2026-06-19T19:45:00+0200,205.65,EUR/MWh,DE,DE_LU,day_ahead_price,value,2026-06-21T20:22:25Z
2026-06-21T20:21:09Z,2026-06-21T22:21:09+0200,4c728934-15fc-48ae-9cbd-ac5715da9ca9,2026-06-19T18:00:00Z,2026-06-19T20:00:00+0200,186.52,EUR/MWh,DE,DE_LU,day_ahead_price,value,2026-06-21T20:22:25Z
2026-06-21T20:21:09Z,2026-06-21T22:21:09+0200,4c728934-15fc-48ae-9cbd-ac5715da9ca9,2026-06-19T18:15:00Z,2026-06-19T20:15:00+0200,199.16,EUR/MWh,DE,DE_LU,day_ahead_price,value,2026-06-21T20:22:25Z
2026-06-21T20:21:09Z,2026-06-21T22:21:09+0200,4c728934-15fc-48ae-9cbd-ac5715da9ca9,2026-06-19T18:30:00Z,2026-06-19T20:30:00+0200,207.14,EUR/MWh,DE,DE_LU,day_ahead_price,value,2026-06-21T20:22:25Z
2026-06-21T20:21:09Z,2026-06-21T22:21:09+0200,4c728934-15fc-48ae-9cbd-ac5715da9ca9,2026-06-19T18:45:00Z,2026-06-19T20:45:00+0200,212.62,EUR/MWh,DE,DE_LU,day_ahead_price,value,2026-06-21T20:22:25Z
2026-06-21T20:21:09Z,2026-06-21T22:21:09+0200,4c728934-15fc-48ae-9cbd-ac5715da9ca9,2026-06-19T19:00:00Z,2026-06-19T21:00:00+0200,201.62,EUR/MWh,DE,DE_LU,day_ahead_price,value,2026-06-21T20:22:25Z
2026-06-21T20:21:09Z,2026-06-21T22:21:09+0200,4c728934-15fc-48ae-9cbd-ac5715da9ca9,2026-06-19T19:15:00Z,2026-06-19T21:15:00+0200,195.7,EUR/MWh,DE,DE_LU,day_ahead_price,value,2026-06-21T20:22:25Z
2026-06-21T20:21:09Z,2026-06-21T22:21:09+0200,4c728934-15fc-48ae-9cbd-ac5715da9ca9,2026-06-19T19:30:00Z,2026-06-19T21:30:00+0200,183.88,EUR/MWh,DE,DE_LU,day_ahead_price,value,2026-06-21T20:22:25Z
2026-06-21T20:21:09Z,2026-06-21T22:21:09+0200,4c728934-15fc-48ae-9cbd-ac5715da9ca9,2026-06-19T19:45:00Z,2026-06-19T21:45:00+0200,160.93,EUR/MWh,DE,DE_LU,day_ahead_price,value,2026-06-21T20:22:25Z
2026-06-21T20:21:09Z,2026-06-21T22:21:09+0200,4c728934-15fc-48ae-9cbd-ac5715da9ca9,2026-06-19T20:00:00Z,2026-06-19T22:00:00+0200,173.33,EUR/MWh,DE,DE_LU,day_ahead_price,value,2026-06-21T20:22:25Z
2026-06-21T20:21:09Z,2026-06-21T22:21:09+0200,4c728934-15fc-48ae-9cbd-ac5715da9ca9,2026-06-19T20:15:00Z,2026-06-19T22:15:00+0200,162.4,EUR/MWh,DE,DE_LU,day_ahead_price,value,2026-06-21T20:22:25Z
2026-06-21T20:21:09Z,2026-06-21T22:21:09+0200,4c728934-15fc-48ae-9cbd-ac5715da9ca9,2026-06-19T20:30:00Z,2026-06-19T22:30:00+0200,150.07,EUR/MWh,DE,DE_LU,day_ahead_price,value,2026-06-21T20:22:25Z
2026-06-21T20:21:09Z,2026-06-21T22:21:09+0200,4c728934-15fc-48ae-9cbd-ac5715da9ca9,2026-06-19T20:45:00Z,2026-06-19T22:45:00+0200,145.65,EUR/MWh,DE,DE_LU,day_ahead_price,value,2026-06-21T20:22:25Z
2026-06-21T20:21:09Z,2026-06-21T22:21:09+0200,4c728934-15fc-48ae-9cbd-ac5715da9ca9,2026-06-19T21:00:00Z,2026-06-19T23:00:00+0200,148.51,EUR/MWh,DE,DE_LU,day_ahead_price,value,2026-06-21T20:22:25Z
2026-06-21T20:21:09Z,2026-06-21T22:21:09+0200,4c728934-15fc-48ae-9cbd-ac5715da9ca9,2026-06-19T21:15:00Z,2026-06-19T23:15:00+0200,142.16,EUR/MWh,DE,DE_LU,day_ahead_price,value,2026-06-21T20:22:25Z
2026-06-21T20:21:09Z,2026-06-21T22:21:09+0200,4c728934-15fc-48ae-9cbd-ac5715da9ca9,2026-06-19T21:30:00Z,2026-06-19T23:30:00+0200,133.86,EUR/MWh,DE,DE_LU,day_ahead_price,value,2026-06-21T20:22:25Z
2026-06-21T20:21:09Z,2026-06-21T22:21:09+0200,4c728934-15fc-48ae-9cbd-ac5715da9ca9,2026-06-19T21:45:00Z,2026-06-19T23:45:00+0200,126.6,EUR/MWh,DE,DE_LU,day_ahead_price,value,2026-06-21T20:22:25Z
2026-06-21T20:21:09Z,2026-06-21T22:21:09+0200,4c728934-15fc-48ae-9cbd-ac5715da9ca9,2026-06-19T22:00:00Z,2026-06-20T00:00:00+0200,142.77,EUR/MWh,DE,DE_LU,day_ahead_price,value,2026-06-21T20:22:25Z
2026-06-21T20:21:09Z,2026-06-21T22:21:09+0200,4c728934-15fc-48ae-9cbd-ac5715da9ca9,2026-06-19T22:15:00Z,2026-06-20T00:15:00+0200,133.14,EUR/MWh,DE,DE_LU,day_ahead_price,value,2026-06-21T20:22:25Z
2026-06-21T20:21:09Z,2026-06-21T22:21:09+0200,4c728934-15fc-48ae-9cbd-ac5715da9ca9,2026-06-19T22:30:00Z,2026-06-20T00:30:00+0200,123.94,EUR/MWh,DE,DE_LU,day_ahead_price,value,2026-06-21T20:22:25Z
2026-06-21T20:21:09Z,2026-06-21T22:21:09+0200,4c728934-15fc-48ae-9cbd-ac5715da9ca9,2026-06-19T22:45:00Z,2026-06-20T00:45:00+0200,121.55,EUR/MWh,DE,DE_LU,day_ahead_price,value,2026-06-21T20:22:25Z
2026-06-21T20:21:09Z,2026-06-21T22:21:09+0200,4c728934-15fc-48ae-9cbd-ac5715da9ca9,2026-06-19T23:00:00Z,2026-06-20T01:00:00+0200,123.6,EUR/MWh,DE,DE_LU,day_ahead_price,value,2026-06-21T20:22:25Z
2026-06-21T20:21:09Z,2026-06-21T22:21:09+0200,4c728934-15fc-48ae-9cbd-ac5715da9ca9,2026-06-19T23:15:00Z,2026-06-20T01:15:00+0200,120.16,EUR/MWh,DE,DE_LU,day_ahead_price,value,2026-06-21T20:22:25Z
2026-06-21T20:21:09Z,2026-06-21T22:21:09+0200,4c728934-15fc-48ae-9cbd-ac5715da9ca9,2026-06-19T23:30:00Z,2026-06-20T01:30:00+0200,120.12,EUR/MWh,DE,DE_LU,day_ahead_price,value,2026-06-21T20:22:25Z
2026-06-21T20:21:09Z,2026-06-21T22:21:09+0200,4c728934-15fc-48ae-9cbd-ac5715da9ca9,2026-06-19T23:45:00Z,2026-06-20T01:45:00+0200,120.6,EUR/MWh,DE,DE_LU,day_ahead_price,value,2026-06-21T20:22:25Z
2026-06-21T20:21:09Z,2026-06-21T22:21:09+0200,4c728934-15fc-48ae-9cbd-ac5715da9ca9,2026-06-20T00:00:00Z,2026-06-20T02:00:00+0200,120.55,EUR/MWh,DE,DE_LU,day_ahead_price,value,2026-06-21T20:22:25Z
2026-06-21T20:21:09Z,2026-06-21T22:21:09+0200,4c728934-15fc-48ae-9cbd-ac5715da9ca9,2026-06-20T00:15:00Z,2026-06-20T02:15:00+0200,119.45,EUR/MWh,DE,DE_LU,day_ahead_price,value,2026-06-21T20:22:25Z
2026-06-21T20:21:09Z,2026-06-21T22:21:09+0200,4c728934-15fc-48ae-9cbd-ac5715da9ca9,2026-06-20T00:30:00Z,2026-06-20T02:30:00+0200,117.95,EUR/MWh,DE,DE_LU,day_ahead_price,value,2026-06-21T20:22:25Z
2026-06-21T20:21:09Z,2026-06-21T22:21:09+0200,4c728934-15fc-48ae-9cbd-ac5715da9ca9,2026-06-20T00:45:00Z,2026-06-20T02:45:00+0200,116.45,EUR/MWh,DE,DE_LU,day_ahead_price,value,2026-06-21T20:22:25Z
2026-06-21T20:21:09Z,2026-06-21T22:21:09+0200,4c728934-15fc-48ae-9cbd-ac5715da9ca9,2026-06-20T01:00:00Z,2026-06-20T03:00:00+0200,118.61,EUR/MWh,DE,DE_LU,day_ahead_price,value,2026-06-21T20:22:25Z
2026-06-21T20:21:09Z,2026-06-21T22:21:09+0200,4c728934-15fc-48ae-9cbd-ac5715da9ca9,2026-06-20T01:15:00Z,2026-06-20T03:15:00+0200,116.81,EUR/MWh,DE,DE_LU,day_ahead_price,value,2026-06-21T20:22:25Z
2026-06-21T20:21:09Z,2026-06-21T22:21:09+0200,4c728934-15fc-48ae-9cbd-ac5715da9ca9,2026-06-20T01:30:00Z,2026-06-20T03:30:00+0200,116.62,EUR/MWh,DE,DE_LU,day_ahead_price,value,2026-06-21T20:22:25Z
2026-06-21T20:21:09Z,2026-06-21T22:21:09+0200,4c728934-15fc-48ae-9cbd-ac5715da9ca9,2026-06-20T01:45:00Z,2026-06-20T03:45:00+0200,115.01,EUR/MWh,DE,DE_LU,day_ahead_price,value,2026-06-21T20:22:25Z
2026-06-21T20:21:09Z,2026-06-21T22:21:09+0200,4c728934-15fc-48ae-9cbd-ac5715da9ca9,2026-06-20T02:00:00Z,2026-06-20T04:00:00+0200,113.88,EUR/MWh,DE,DE_LU,day_ahead_price,value,2026-06-21T20:22:25Z
2026-06-21T20:21:09Z,2026-06-21T22:21:09+0200,4c728934-15fc-48ae-9cbd-ac5715da9ca9,2026-06-20T02:15:00Z,2026-06-20T04:15:00+0200,114.95,EUR/MWh,DE,DE_LU,day_ahead_price,value,2026-06-21T20:22:25Z
2026-06-21T20:21:09Z,2026-06-21T22:21:09+0200,4c728934-15fc-48ae-9cbd-ac5715da9ca9,2026-06-20T02:30:00Z,2026-06-20T04:30:00+0200,114.76,EUR/MWh,DE,DE_LU,day_ahead_price,value,2026-06-21T20:22:25Z
2026-06-21T20:21:09Z,2026-06-21T22:21:09+0200,4c728934-15fc-48ae-9cbd-ac5715da9ca9,2026-06-20T02:45:00Z,2026-06-20T04:45:00+0200,115.6,EUR/MWh,DE,DE_LU,day_ahead_price,value,2026-06-21T20:22:25Z
2026-06-21T20:21:09Z,2026-06-21T22:21:09+0200,4c728934-15fc-48ae-9cbd-ac5715da9ca9,2026-06-20T03:00:00Z,2026-06-20T05:00:00+0200,116.33,EUR/MWh,DE,DE_LU,day_ahead_price,value,2026-06-21T20:22:25Z
2026-06-21T20:21:09Z,2026-06-21T22:21:09+0200,4c728934-15fc-48ae-9cbd-ac5715da9ca9,2026-06-20T03:15:00Z,2026-06-20T05:15:00+0200,115.99,EUR/MWh,DE,DE_LU,day_ahead_price,value,2026-06-21T20:22:25Z
2026-06-21T20:21:09Z,2026-06-21T22:21:09+0200,4c728934-15fc-48ae-9cbd-ac5715da9ca9,2026-06-20T03:30:00Z,2026-06-20T05:30:00+0200,113.75,EUR/MWh,DE,DE_LU,day_ahead_price,value,2026-06-21T20:22:25Z
2026-06-21T20:21:09Z,2026-06-21T22:21:09+0200,4c728934-15fc-48ae-9cbd-ac5715da9ca9,2026-06-20T03:45:00Z,2026-06-20T05:45:00+0200,111.9,EUR/MWh,DE,DE_LU,day_ahead_price,value,2026-06-21T20:22:25Z
2026-06-21T20:21:09Z,2026-06-21T22:21:09+0200,4c728934-15fc-48ae-9cbd-ac5715da9ca9,2026-06-20T04:00:00Z,2026-06-20T06:00:00+0200,116.96,EUR/MWh,DE,DE_LU,day_ahead_price,value,2026-06-21T20:22:25Z
2026-06-21T20:21:09Z,2026-06-21T22:21:09+0200,4c728934-15fc-48ae-9cbd-ac5715da9ca9,2026-06-20T04:15:00Z,2026-06-20T06:15:00+0200,112.4,EUR/MWh,DE,DE_LU,day_ahead_price,value,2026-06-21T20:22:25Z
2026-06-21T20:21:09Z,2026-06-21T22:21:09+0200,4c728934-15fc-48ae-9cbd-ac5715da9ca9,2026-06-20T04:30:00Z,2026-06-20T06:30:00+0200,109.54,EUR/MWh,DE,DE_LU,day_ahead_price,value,2026-06-21T20:22:25Z
2026-06-21T20:21:09Z,2026-06-21T22:21:09+0200,4c728934-15fc-48ae-9cbd-ac5715da9ca9,2026-06-20T04:45:00Z,2026-06-20T06:45:00+0200,100.01,EUR/MWh,DE,DE_LU,day_ahead_price,value,2026-06-21T20:22:25Z
2026-06-21T20:21:09Z,2026-06-21T22:21:09+0200,4c728934-15fc-48ae-9cbd-ac5715da9ca9,2026-06-20T05:00:00Z,2026-06-20T07:00:00+0200,114.3,EUR/MWh,DE,DE_LU,day_ahead_price,value,2026-06-21T20:22:25Z
2026-06-21T20:21:09Z,2026-06-21T22:21:09+0200,4c728934-15fc-48ae-9cbd-ac5715da9ca9,2026-06-20T05:15:00Z,2026-06-20T07:15:00+0200,108.42,EUR/MWh,DE,DE_LU,day_ahead_price,value,2026-06-21T20:22:25Z
2026-06-21T20:21:09Z,2026-06-21T22:21:09+0200,4c728934-15fc-48ae-9cbd-ac5715da9ca9,2026-06-20T05:30:00Z,2026-06-20T07:30:00+0200,98.67,EUR/MWh,DE,DE_LU,day_ahead_price,value,2026-06-21T20:22:25Z
2026-06-21T20:21:09Z,2026-06-21T22:21:09+0200,4c728934-15fc-48ae-9cbd-ac5715da9ca9,2026-06-20T05:45:00Z,2026-06-20T07:45:00+0200,85.32,EUR/MWh,DE,DE_LU,day_ahead_price,value,2026-06-21T20:22:25Z
2026-06-21T20:21:09Z,2026-06-21T22:21:09+0200,4c728934-15fc-48ae-9cbd-ac5715da9ca9,2026-06-20T06:00:00Z,2026-06-20T08:00:00+0200,115.0,EUR/MWh,DE,DE_LU,day_ahead_price,value,2026-06-21T20:22:25Z
2026-06-21T20:21:09Z,2026-06-21T22:21:09+0200,4c728934-15fc-48ae-9cbd-ac5715da9ca9,2026-06-20T06:15:00Z,2026-06-20T08:15:00+0200,99.2,EUR/MWh,DE,DE_LU,day_ahead_price,value,2026-06-21T20:22:25Z
2026-06-21T20:21:09Z,2026-06-21T22:21:09+0200,4c728934-15fc-48ae-9cbd-ac5715da9ca9,2026-06-20T06:30:00Z,2026-06-20T08:30:00+0200,82.55,EUR/MWh,DE,DE_LU,day_ahead_price,value,2026-06-21T20:22:25Z
2026-06-21T20:21:09Z,2026-06-21T22:21:09+0200,4c728934-15fc-48ae-9cbd-ac5715da9ca9,2026-06-20T06:45:00Z,2026-06-20T08:45:00+0200,63.2,EUR/MWh,DE,DE_LU,day_ahead_price,value,2026-06-21T20:22:25Z
2026-06-21T20:21:09Z,2026-06-21T22:21:09+0200,4c728934-15fc-48ae-9cbd-ac5715da9ca9,2026-06-20T07:00:00Z,2026-06-20T09:00:00+0200,83.83,EUR/MWh,DE,DE_LU,day_ahead_price,value,2026-06-21T20:22:25Z
2026-06-21T20:21:09Z,2026-06-21T22:21:09+0200,4c728934-15fc-48ae-9cbd-ac5715da9ca9,2026-06-20T07:15:00Z,2026-06-20T09:15:00+0200,53.82,EUR/MWh,DE,DE_LU,day_ahead_price,value,2026-06-21T20:22:25Z
2026-06-21T20:21:09Z,2026-06-21T22:21:09+0200,4c728934-15fc-48ae-9cbd-ac5715da9ca9,2026-06-20T07:30:00Z,2026-06-20T09:30:00+0200,23.46,EUR/MWh,DE,DE_LU,day_ahead_price,value,2026-06-21T20:22:25Z
2026-06-21T20:21:09Z,2026-06-21T22:21:09+0200,4c728934-15fc-48ae-9cbd-ac5715da9ca9,2026-06-20T07:45:00Z,2026-06-20T09:45:00+0200,4.23,EUR/MWh,DE,DE_LU,day_ahead_price,value,2026-06-21T20:22:25Z
2026-06-21T20:21:09Z,2026-06-21T22:21:09+0200,4c728934-15fc-48ae-9cbd-ac5715da9ca9,2026-06-20T08:00:00Z,2026-06-20T10:00:00+0200,11.79,EUR/MWh,DE,DE_LU,day_ahead_price,value,2026-06-21T20:22:25Z
2026-06-21T20:21:09Z,2026-06-21T22:21:09+0200,4c728934-15fc-48ae-9cbd-ac5715da9ca9,2026-06-20T08:15:00Z,2026-06-20T10:15:00+0200,3.99,EUR/MWh,DE,DE_LU,day_ahead_price,value,2026-06-21T20:22:25Z
2026-06-21T20:21:09Z,2026-06-21T22:21:09+0200,4c728934-15fc-48ae-9cbd-ac5715da9ca9,2026-06-20T08:30:00Z,2026-06-20T10:30:00+0200,0.71,EUR/MWh,DE,DE_LU,day_ahead_price,value,2026-06-21T20:22:25Z
2026-06-21T20:21:09Z,2026-06-21T22:21:09+0200,4c728934-15fc-48ae-9cbd-ac5715da9ca9,2026-06-20T08:45:00Z,2026-06-20T10:45:00+0200,0.01,EUR/MWh,DE,DE_LU,day_ahead_price,value,2026-06-21T20:22:25Z
2026-06-21T20:21:09Z,2026-06-21T22:21:09+0200,4c728934-15fc-48ae-9cbd-ac5715da9ca9,2026-06-20T09:00:00Z,2026-06-20T11:00:00+0200,0.0,EUR/MWh,DE,DE_LU,day_ahead_price,value,2026-06-21T20:22:25Z
2026-06-21T20:21:09Z,2026-06-21T22:21:09+0200,4c728934-15fc-48ae-9cbd-ac5715da9ca9,2026-06-20T09:15:00Z,2026-06-20T11:15:00+0200,0.0,EUR/MWh,DE,DE_LU,day_ahead_price,value,2026-06-21T20:22:25Z
2026-06-21T20:21:09Z,2026-06-21T22:21:09+0200,4c728934-15fc-48ae-9cbd-ac5715da9ca9,2026-06-20T09:30:00Z,2026-06-20T11:30:00+0200,0.0,EUR/MWh,DE,DE_LU,day_ahead_price,value,2026-06-21T20:22:25Z
2026-06-21T20:21:09Z,2026-06-21T22:21:09+0200,4c728934-15fc-48ae-9cbd-ac5715da9ca9,2026-06-20T09:45:00Z,2026-06-20T11:45:00+0200,-0.01,EUR/MWh,DE,DE_LU,day_ahead_price,value,2026-06-21T20:22:25Z
2026-06-21T20:21:09Z,2026-06-21T22:21:09+0200,4c728934-15fc-48ae-9cbd-ac5715da9ca9,2026-06-20T10:00:00Z,2026-06-20T12:00:00+0200,-0.01,EUR/MWh,DE,DE_LU,day_ahead_price,value,2026-06-21T20:22:25Z
2026-06-21T20:21:09Z,2026-06-21T22:21:09+0200,4c728934-15fc-48ae-9cbd-ac5715da9ca9,2026-06-20T10:15:00Z,2026-06-20T12:15:00+0200,-0.01,EUR/MWh,DE,DE_LU,day_ahead_price,value,2026-06-21T20:22:25Z
2026-06-21T20:21:09Z,2026-06-21T22:21:09+0200,4c728934-15fc-48ae-9cbd-ac5715da9ca9,2026-06-20T10:30:00Z,2026-06-20T12:30:00+0200,-0.01,EUR/MWh,DE,DE_LU,day_ahead_price,value,2026-06-21T20:22:25Z
2026-06-21T20:21:09Z,2026-06-21T22:21:09+0200,4c728934-15fc-48ae-9cbd-ac5715da9ca9,2026-06-20T10:45:00Z,2026-06-20T12:45:00+0200,-0.02,EUR/MWh,DE,DE_LU,day_ahead_price,value,2026-06-21T20:22:25Z
2026-06-21T20:21:09Z,2026-06-21T22:21:09+0200,4c728934-15fc-48ae-9cbd-ac5715da9ca9,2026-06-20T11:00:00Z,2026-06-20T13:00:00+0200,-0.01,EUR/MWh,DE,DE_LU,day_ahead_price,value,2026-06-21T20:22:25Z
2026-06-21T20:21:09Z,2026-06-21T22:21:09+0200,4c728934-15fc-48ae-9cbd-ac5715da9ca9,2026-06-20T11:15:00Z,2026-06-20T13:15:00+0200,-0.02,EUR/MWh,DE,DE_LU,day_ahead_price,value,2026-06-21T20:22:25Z
2026-06-21T20:21:09Z,2026-06-21T22:21:09+0200,4c728934-15fc-48ae-9cbd-ac5715da9ca9,2026-06-20T11:30:00Z,2026-06-20T13:30:00+0200,-0.02,EUR/MWh,DE,DE_LU,day_ahead_price,value,2026-06-21T20:22:25Z
2026-06-21T20:21:09Z,2026-06-21T22:21:09+0200,4c728934-15fc-48ae-9cbd-ac5715da9ca9,2026-06-20T11:45:00Z,2026-06-20T13:45:00+0200,-0.02,EUR/MWh,DE,DE_LU,day_ahead_price,value,2026-06-21T20:22:25Z
2026-06-21T20:21:09Z,2026-06-21T22:21:09+0200,4c728934-15fc-48ae-9cbd-ac5715da9ca9,2026-06-20T12:00:00Z,2026-06-20T14:00:00+0200,-0.02,EUR/MWh,DE,DE_LU,day_ahead_price,value,2026-06-21T20:22:25Z
2026-06-21T20:21:09Z,2026-06-21T22:21:09+0200,4c728934-15fc-48ae-9cbd-ac5715da9ca9,2026-06-20T12:15:00Z,2026-06-20T14:15:00+0200,-0.01,EUR/MWh,DE,DE_LU,day_ahead_price,value,2026-06-21T20:22:25Z
2026-06-21T20:21:09Z,2026-06-21T22:21:09+0200,4c728934-15fc-48ae-9cbd-ac5715da9ca9,2026-06-20T12:30:00Z,2026-06-20T14:30:00+0200,-0.01,EUR/MWh,DE,DE_LU,day_ahead_price,value,2026-06-21T20:22:25Z
2026-06-21T20:21:09Z,2026-06-21T22:21:09+0200,4c728934-15fc-48ae-9cbd-ac5715da9ca9,2026-06-20T12:45:00Z,2026-06-20T14:45:00+0200,-0.01,EUR/MWh,DE,DE_LU,day_ahead_price,value,2026-06-21T20:22:25Z
2026-06-21T20:21:09Z,2026-06-21T22:21:09+0200,4c728934-15fc-48ae-9cbd-ac5715da9ca9,2026-06-20T13:00:00Z,2026-06-20T15:00:00+0200,0.0,EUR/MWh,DE,DE_LU,day_ahead_price,value,2026-06-21T20:22:25Z
2026-06-21T20:21:09Z,2026-06-21T22:21:09+0200,4c728934-15fc-48ae-9cbd-ac5715da9ca9,2026-06-20T13:15:00Z,2026-06-20T15:15:00+0200,0.0,EUR/MWh,DE,DE_LU,day_ahead_price,value,2026-06-21T20:22:25Z
2026-06-21T20:21:09Z,2026-06-21T22:21:09+0200,4c728934-15fc-48ae-9cbd-ac5715da9ca9,2026-06-20T13:30:00Z,2026-06-20T15:30:00+0200,0.0,EUR/MWh,DE,DE_LU,day_ahead_price,value,2026-06-21T20:22:25Z
2026-06-21T20:21:09Z,2026-06-21T22:21:09+0200,4c728934-15fc-48ae-9cbd-ac5715da9ca9,2026-06-20T13:45:00Z,2026-06-20T15:45:00+0200,1.0,EUR/MWh,DE,DE_LU,day_ahead_price,value,2026-06-21T20:22:25Z
2026-06-21T20:21:09Z,2026-06-21T22:21:09+0200,4c728934-15fc-48ae-9cbd-ac5715da9ca9,2026-06-20T14:00:00Z,2026-06-20T16:00:00+0200,0.15,EUR/MWh,DE,DE_LU,day_ahead_price,value,2026-06-21T20:22:25Z
2026-06-21T20:21:09Z,2026-06-21T22:21:09+0200,4c728934-15fc-48ae-9cbd-ac5715da9ca9,2026-06-20T14:15:00Z,2026-06-20T16:15:00+0200,5.11,EUR/MWh,DE,DE_LU,day_ahead_price,value,2026-06-21T20:22:25Z
2026-06-21T20:21:09Z,2026-06-21T22:21:09+0200,4c728934-15fc-48ae-9cbd-ac5715da9ca9,2026-06-20T14:30:00Z,2026-06-20T16:30:00+0200,16.18,EUR/MWh,DE,DE_LU,day_ahead_price,value,2026-06-21T20:22:25Z
2026-06-21T20:21:09Z,2026-06-21T22:21:09+0200,4c728934-15fc-48ae-9cbd-ac5715da9ca9,2026-06-20T14:45:00Z,2026-06-20T16:45:00+0200,51.79,EUR/MWh,DE,DE_LU,day_ahead_price,value,2026-06-21T20:22:25Z
2026-06-21T20:21:09Z,2026-06-21T22:21:09+0200,4c728934-15fc-48ae-9cbd-ac5715da9ca9,2026-06-20T15:00:00Z,2026-06-20T17:00:00+0200,14.0,EUR/MWh,DE,DE_LU,day_ahead_price,value,2026-06-21T20:22:25Z
2026-06-21T20:21:09Z,2026-06-21T22:21:09+0200,4c728934-15fc-48ae-9cbd-ac5715da9ca9,2026-06-20T15:15:00Z,2026-06-20T17:15:00+0200,82.87,EUR/MWh,DE,DE_LU,day_ahead_price,value,2026-06-21T20:22:25Z
2026-06-21T20:21:09Z,2026-06-21T22:21:09+0200,4c728934-15fc-48ae-9cbd-ac5715da9ca9,2026-06-20T15:30:00Z,2026-06-20T17:30:00+0200,107.79,EUR/MWh,DE,DE_LU,day_ahead_price,value,2026-06-21T20:22:25Z
2026-06-21T20:21:09Z,2026-06-21T22:21:09+0200,4c728934-15fc-48ae-9cbd-ac5715da9ca9,2026-06-20T15:45:00Z,2026-06-20T17:45:00+0200,132.22,EUR/MWh,DE,DE_LU,day_ahead_price,value,2026-06-21T20:22:25Z
2026-06-21T20:21:09Z,2026-06-21T22:21:09+0200,4c728934-15fc-48ae-9cbd-ac5715da9ca9,2026-06-20T16:00:00Z,2026-06-20T18:00:00+0200,101.29,EUR/MWh,DE,DE_LU,day_ahead_price,value,2026-06-21T20:22:25Z
2026-06-21T20:21:09Z,2026-06-21T22:21:09+0200,4c728934-15fc-48ae-9cbd-ac5715da9ca9,2026-06-20T16:15:00Z,2026-06-20T18:15:00+0200,117.45,EUR/MWh,DE,DE_LU,day_ahead_price,value,2026-06-21T20:22:25Z
2026-06-21T20:21:09Z,2026-06-21T22:21:09+0200,4c728934-15fc-48ae-9cbd-ac5715da9ca9,2026-06-20T16:30:00Z,2026-06-20T18:30:00+0200,125.49,EUR/MWh,DE,DE_LU,day_ahead_price,value,2026-06-21T20:22:25Z
2026-06-21T20:21:09Z,2026-06-21T22:21:09+0200,4c728934-15fc-48ae-9cbd-ac5715da9ca9,2026-06-20T16:45:00Z,2026-06-20T18:45:00+0200,134.9,EUR/MWh,DE,DE_LU,day_ahead_price,value,2026-06-21T20:22:25Z
2026-06-21T20:21:09Z,2026-06-21T22:21:09+0200,4c728934-15fc-48ae-9cbd-ac5715da9ca9,2026-06-20T17:00:00Z,2026-06-20T19:00:00+0200,123.08,EUR/MWh,DE,DE_LU,day_ahead_price,value,2026-06-21T20:22:25Z
2026-06-21T20:21:09Z,2026-06-21T22:21:09+0200,4c728934-15fc-48ae-9cbd-ac5715da9ca9,2026-06-20T17:15:00Z,2026-06-20T19:15:00+0200,142.11,EUR/MWh,DE,DE_LU,day_ahead_price,value,2026-06-21T20:22:25Z
2026-06-21T20:21:09Z,2026-06-21T22:21:09+0200,4c728934-15fc-48ae-9cbd-ac5715da9ca9,2026-06-20T17:30:00Z,2026-06-20T19:30:00+0200,152.61,EUR/MWh,DE,DE_LU,day_ahead_price,value,2026-06-21T20:22:25Z
2026-06-21T20:21:09Z,2026-06-21T22:21:09+0200,4c728934-15fc-48ae-9cbd-ac5715da9ca9,2026-06-20T17:45:00Z,2026-06-20T19:45:00+0200,171.79,EUR/MWh,DE,DE_LU,day_ahead_price,value,2026-06-21T20:22:25Z
2026-06-21T20:21:09Z,2026-06-21T22:21:09+0200,4c728934-15fc-48ae-9cbd-ac5715da9ca9,2026-06-20T18:00:00Z,2026-06-20T20:00:00+0200,150.75,EUR/MWh,DE,DE_LU,day_ahead_price,value,2026-06-21T20:22:25Z
2026-06-21T20:21:09Z,2026-06-21T22:21:09+0200,4c728934-15fc-48ae-9cbd-ac5715da9ca9,2026-06-20T18:15:00Z,2026-06-20T20:15:00+0200,164.14,EUR/MWh,DE,DE_LU,day_ahead_price,value,2026-06-21T20:22:25Z
2026-06-21T20:21:09Z,2026-06-21T22:21:09+0200,4c728934-15fc-48ae-9cbd-ac5715da9ca9,2026-06-20T18:30:00Z,2026-06-20T20:30:00+0200,178.89,EUR/MWh,DE,DE_LU,day_ahead_price,value,2026-06-21T20:22:25Z
2026-06-21T20:21:09Z,2026-06-21T22:21:09+0200,4c728934-15fc-48ae-9cbd-ac5715da9ca9,2026-06-20T18:45:00Z,2026-06-20T20:45:00+0200,194.17,EUR/MWh,DE,DE_LU,day_ahead_price,value,2026-06-21T20:22:25Z
2026-06-21T20:21:09Z,2026-06-21T22:21:09+0200,4c728934-15fc-48ae-9cbd-ac5715da9ca9,2026-06-20T19:00:00Z,2026-06-20T21:00:00+0200,183.51,EUR/MWh,DE,DE_LU,day_ahead_price,value,2026-06-21T20:22:25Z
2026-06-21T20:21:09Z,2026-06-21T22:21:09+0200,4c728934-15fc-48ae-9cbd-ac5715da9ca9,2026-06-20T19:15:00Z,2026-06-20T21:15:00+0200,180.25,EUR/MWh,DE,DE_LU,day_ahead_price,value,2026-06-21T20:22:25Z
2026-06-21T20:21:09Z,2026-06-21T22:21:09+0200,4c728934-15fc-48ae-9cbd-ac5715da9ca9,2026-06-20T19:30:00Z,2026-06-20T21:30:00+0200,187.83,EUR/MWh,DE,DE_LU,day_ahead_price,value,2026-06-21T20:22:25Z
2026-06-21T20:21:09Z,2026-06-21T22:21:09+0200,4c728934-15fc-48ae-9cbd-ac5715da9ca9,2026-06-20T19:45:00Z,2026-06-20T21:45:00+0200,178.61,EUR/MWh,DE,DE_LU,day_ahead_price,value,2026-06-21T20:22:25Z
2026-06-21T20:21:09Z,2026-06-21T22:21:09+0200,4c728934-15fc-48ae-9cbd-ac5715da9ca9,2026-06-20T20:00:00Z,2026-06-20T22:00:00+0200,183.89,EUR/MWh,DE,DE_LU,day_ahead_price,value,2026-06-21T20:22:25Z
2026-06-21T20:21:09Z,2026-06-21T22:21:09+0200,4c728934-15fc-48ae-9cbd-ac5715da9ca9,2026-06-20T20:15:00Z,2026-06-20T22:15:00+0200,164.82,EUR/MWh,DE,DE_LU,day_ahead_price,value,2026-06-21T20:22:25Z
2026-06-21T20:21:09Z,2026-06-21T22:21:09+0200,4c728934-15fc-48ae-9cbd-ac5715da9ca9,2026-06-20T20:30:00Z,2026-06-20T22:30:00+0200,161.56,EUR/MWh,DE,DE_LU,day_ahead_price,value,2026-06-21T20:22:25Z
2026-06-21T20:21:09Z,2026-06-21T22:21:09+0200,4c728934-15fc-48ae-9cbd-ac5715da9ca9,2026-06-20T20:45:00Z,2026-06-20T22:45:00+0200,150.0,EUR/MWh,DE,DE_LU,day_ahead_price,value,2026-06-21T20:22:25Z
2026-06-21T20:21:09Z,2026-06-21T22:21:09+0200,4c728934-15fc-48ae-9cbd-ac5715da9ca9,2026-06-20T21:00:00Z,2026-06-20T23:00:00+0200,157.28,EUR/MWh,DE,DE_LU,day_ahead_price,value,2026-06-21T20:22:25Z
2026-06-21T20:21:09Z,2026-06-21T22:21:09+0200,4c728934-15fc-48ae-9cbd-ac5715da9ca9,2026-06-20T21:15:00Z,2026-06-20T23:15:00+0200,150.02,EUR/MWh,DE,DE_LU,day_ahead_price,value,2026-06-21T20:22:25Z
2026-06-21T20:21:09Z,2026-06-21T22:21:09+0200,4c728934-15fc-48ae-9cbd-ac5715da9ca9,2026-06-20T21:30:00Z,2026-06-20T23:30:00+0200,143.05,EUR/MWh,DE,DE_LU,day_ahead_price,value,2026-06-21T20:22:25Z
2026-06-21T20:21:09Z,2026-06-21T22:21:09+0200,4c728934-15fc-48ae-9cbd-ac5715da9ca9,2026-06-20T21:45:00Z,2026-06-20T23:45:00+0200,136.88,EUR/MWh,DE,DE_LU,day_ahead_price,value,2026-06-21T20:22:25Z
2026-06-21T20:21:09Z,2026-06-21T22:21:09+0200,4c728934-15fc-48ae-9cbd-ac5715da9ca9,2026-06-20T22:00:00Z,2026-06-21T00:00:00+0200,148.17,EUR/MWh,DE,DE_LU,day_ahead_price,value,2026-06-21T20:22:25Z
2026-06-21T20:21:09Z,2026-06-21T22:21:09+0200,4c728934-15fc-48ae-9cbd-ac5715da9ca9,2026-06-20T22:15:00Z,2026-06-21T00:15:00+0200,138.76,EUR/MWh,DE,DE_LU,day_ahead_price,value,2026-06-21T20:22:25Z
2026-06-21T20:21:09Z,2026-06-21T22:21:09+0200,4c728934-15fc-48ae-9cbd-ac5715da9ca9,2026-06-20T22:30:00Z,2026-06-21T00:30:00+0200,134.02,EUR/MWh,DE,DE_LU,day_ahead_price,value,2026-06-21T20:22:25Z
2026-06-21T20:21:09Z,2026-06-21T22:21:09+0200,4c728934-15fc-48ae-9cbd-ac5715da9ca9,2026-06-20T22:45:00Z,2026-06-21T00:45:00+0200,130.71,EUR/MWh,DE,DE_LU,day_ahead_price,value,2026-06-21T20:22:25Z
2026-06-21T20:21:09Z,2026-06-21T22:21:09+0200,4c728934-15fc-48ae-9cbd-ac5715da9ca9,2026-06-20T23:00:00Z,2026-06-21T01:00:00+0200,131.6,EUR/MWh,DE,DE_LU,day_ahead_price,value,2026-06-21T20:22:25Z
2026-06-21T20:21:09Z,2026-06-21T22:21:09+0200,4c728934-15fc-48ae-9cbd-ac5715da9ca9,2026-06-20T23:15:00Z,2026-06-21T01:15:00+0200,129.38,EUR/MWh,DE,DE_LU,day_ahead_price,value,2026-06-21T20:22:25Z
2026-06-21T20:21:09Z,2026-06-21T22:21:09+0200,4c728934-15fc-48ae-9cbd-ac5715da9ca9,2026-06-20T23:30:00Z,2026-06-21T01:30:00+0200,127.65,EUR/MWh,DE,DE_LU,day_ahead_price,value,2026-06-21T20:22:25Z
2026-06-21T20:21:09Z,2026-06-21T22:21:09+0200,4c728934-15fc-48ae-9cbd-ac5715da9ca9,2026-06-20T23:45:00Z,2026-06-21T01:45:00+0200,125.63,EUR/MWh,DE,DE_LU,day_ahead_price,value,2026-06-21T20:22:25Z
2026-06-21T20:21:09Z,2026-06-21T22:21:09+0200,4c728934-15fc-48ae-9cbd-ac5715da9ca9,2026-06-21T00:00:00Z,2026-06-21T02:00:00+0200,129.18,EUR/MWh,DE,DE_LU,day_ahead_price,value,2026-06-21T20:22:25Z
2026-06-21T20:21:09Z,2026-06-21T22:21:09+0200,4c728934-15fc-48ae-9cbd-ac5715da9ca9,2026-06-21T00:15:00Z,2026-06-21T02:15:00+0200,125.92,EUR/MWh,DE,DE_LU,day_ahead_price,value,2026-06-21T20:22:25Z
2026-06-21T20:21:09Z,2026-06-21T22:21:09+0200,4c728934-15fc-48ae-9cbd-ac5715da9ca9,2026-06-21T00:30:00Z,2026-06-21T02:30:00+0200,125.65,EUR/MWh,DE,DE_LU,day_ahead_price,value,2026-06-21T20:22:25Z
2026-06-21T20:21:09Z,2026-06-21T22:21:09+0200,4c728934-15fc-48ae-9cbd-ac5715da9ca9,2026-06-21T00:45:00Z,2026-06-21T02:45:00+0200,124.91,EUR/MWh,DE,DE_LU,day_ahead_price,value,2026-06-21T20:22:25Z
2026-06-21T20:21:09Z,2026-06-21T22:21:09+0200,4c728934-15fc-48ae-9cbd-ac5715da9ca9,2026-06-21T01:00:00Z,2026-06-21T03:00:00+0200,124.99,EUR/MWh,DE,DE_LU,day_ahead_price,value,2026-06-21T20:22:25Z
2026-06-21T20:21:09Z,2026-06-21T22:21:09+0200,4c728934-15fc-48ae-9cbd-ac5715da9ca9,2026-06-21T01:15:00Z,2026-06-21T03:15:00+0200,124.95,EUR/MWh,DE,DE_LU,day_ahead_price,value,2026-06-21T20:22:25Z
2026-06-21T20:21:09Z,2026-06-21T22:21:09+0200,4c728934-15fc-48ae-9cbd-ac5715da9ca9,2026-06-21T01:30:00Z,2026-06-21T03:30:00+0200,123.94,EUR/MWh,DE,DE_LU,day_ahead_price,value,2026-06-21T20:22:25Z
2026-06-21T20:21:09Z,2026-06-21T22:21:09+0200,4c728934-15fc-48ae-9cbd-ac5715da9ca9,2026-06-21T01:45:00Z,2026-06-21T03:45:00+0200,122.8,EUR/MWh,DE,DE_LU,day_ahead_price,value,2026-06-21T20:22:25Z
2026-06-21T20:21:09Z,2026-06-21T22:21:09+0200,4c728934-15fc-48ae-9cbd-ac5715da9ca9,2026-06-21T02:00:00Z,2026-06-21T04:00:00+0200,122.79,EUR/MWh,DE,DE_LU,day_ahead_price,value,2026-06-21T20:22:25Z
2026-06-21T20:21:09Z,2026-06-21T22:21:09+0200,4c728934-15fc-48ae-9cbd-ac5715da9ca9,2026-06-21T02:15:00Z,2026-06-21T04:15:00+0200,122.51,EUR/MWh,DE,DE_LU,day_ahead_price,value,2026-06-21T20:22:25Z
2026-06-21T20:21:09Z,2026-06-21T22:21:09+0200,4c728934-15fc-48ae-9cbd-ac5715da9ca9,2026-06-21T02:30:00Z,2026-06-21T04:30:00+0200,122.18,EUR/MWh,DE,DE_LU,day_ahead_price,value,2026-06-21T20:22:25Z
2026-06-21T20:21:09Z,2026-06-21T22:21:09+0200,4c728934-15fc-48ae-9cbd-ac5715da9ca9,2026-06-21T02:45:00Z,2026-06-21T04:45:00+0200,122.25,EUR/MWh,DE,DE_LU,day_ahead_price,value,2026-06-21T20:22:25Z
2026-06-21T20:21:09Z,2026-06-21T22:21:09+0200,4c728934-15fc-48ae-9cbd-ac5715da9ca9,2026-06-21T03:00:00Z,2026-06-21T05:00:00+0200,124.34,EUR/MWh,DE,DE_LU,day_ahead_price,value,2026-06-21T20:22:25Z
2026-06-21T20:21:09Z,2026-06-21T22:21:09+0200,4c728934-15fc-48ae-9cbd-ac5715da9ca9,2026-06-21T03:15:00Z,2026-06-21T05:15:00+0200,120.23,EUR/MWh,DE,DE_LU,day_ahead_price,value,2026-06-21T20:22:25Z
2026-06-21T20:21:09Z,2026-06-21T22:21:09+0200,4c728934-15fc-48ae-9cbd-ac5715da9ca9,2026-06-21T03:30:00Z,2026-06-21T05:30:00+0200,119.66,EUR/MWh,DE,DE_LU,day_ahead_price,value,2026-06-21T20:22:25Z
2026-06-21T20:21:09Z,2026-06-21T22:21:09+0200,4c728934-15fc-48ae-9cbd-ac5715da9ca9,2026-06-21T03:45:00Z,2026-06-21T05:45:00+0200,114.12,EUR/MWh,DE,DE_LU,day_ahead_price,value,2026-06-21T20:22:25Z
2026-06-21T20:21:09Z,2026-06-21T22:21:09+0200,4c728934-15fc-48ae-9cbd-ac5715da9ca9,2026-06-21T04:00:00Z,2026-06-21T06:00:00+0200,120.01,EUR/MWh,DE,DE_LU,day_ahead_price,value,2026-06-21T20:22:25Z
2026-06-21T20:21:09Z,2026-06-21T22:21:09+0200,4c728934-15fc-48ae-9cbd-ac5715da9ca9,2026-06-21T04:15:00Z,2026-06-21T06:15:00+0200,113.45,EUR/MWh,DE,DE_LU,day_ahead_price,value,2026-06-21T20:22:25Z
2026-06-21T20:21:09Z,2026-06-21T22:21:09+0200,4c728934-15fc-48ae-9cbd-ac5715da9ca9,2026-06-21T04:30:00Z,2026-06-21T06:30:00+0200,110.18,EUR/MWh,DE,DE_LU,day_ahead_price,value,2026-06-21T20:22:25Z
2026-06-21T20:21:09Z,2026-06-21T22:21:09+0200,4c728934-15fc-48ae-9cbd-ac5715da9ca9,2026-06-21T04:45:00Z,2026-06-21T06:45:00+0200,104.76,EUR/MWh,DE,DE_LU,day_ahead_price,value,2026-06-21T20:22:25Z
2026-06-21T20:21:09Z,2026-06-21T22:21:09+0200,4c728934-15fc-48ae-9cbd-ac5715da9ca9,2026-06-21T05:00:00Z,2026-06-21T07:00:00+0200,118.1,EUR/MWh,DE,DE_LU,day_ahead_price,value,2026-06-21T20:22:25Z
2026-06-21T20:21:09Z,2026-06-21T22:21:09+0200,4c728934-15fc-48ae-9cbd-ac5715da9ca9,2026-06-21T05:15:00Z,2026-06-21T07:15:00+0200,110.11,EUR/MWh,DE,DE_LU,day_ahead_price,value,2026-06-21T20:22:25Z
2026-06-21T20:21:09Z,2026-06-21T22:21:09+0200,4c728934-15fc-48ae-9cbd-ac5715da9ca9,2026-06-21T05:30:00Z,2026-06-21T07:30:00+0200,98.3,EUR/MWh,DE,DE_LU,day_ahead_price,value,2026-06-21T20:22:25Z
2026-06-21T20:21:09Z,2026-06-21T22:21:09+0200,4c728934-15fc-48ae-9cbd-ac5715da9ca9,2026-06-21T05:45:00Z,2026-06-21T07:45:00+0200,82.91,EUR/MWh,DE,DE_LU,day_ahead_price,value,2026-06-21T20:22:25Z
2026-06-21T20:21:09Z,2026-06-21T22:21:09+0200,4c728934-15fc-48ae-9cbd-ac5715da9ca9,2026-06-21T06:00:00Z,2026-06-21T08:00:00+0200,109.94,EUR/MWh,DE,DE_LU,day_ahead_price,value,2026-06-21T20:22:25Z
2026-06-21T20:21:09Z,2026-06-21T22:21:09+0200,4c728934-15fc-48ae-9cbd-ac5715da9ca9,2026-06-21T06:15:00Z,2026-06-21T08:15:00+0200,84.68,EUR/MWh,DE,DE_LU,day_ahead_price,value,2026-06-21T20:22:25Z
2026-06-21T20:21:09Z,2026-06-21T22:21:09+0200,4c728934-15fc-48ae-9cbd-ac5715da9ca9,2026-06-21T06:30:00Z,2026-06-21T08:30:00+0200,60.0,EUR/MWh,DE,DE_LU,day_ahead_price,value,2026-06-21T20:22:25Z
2026-06-21T20:21:09Z,2026-06-21T22:21:09+0200,4c728934-15fc-48ae-9cbd-ac5715da9ca9,2026-06-21T06:45:00Z,2026-06-21T08:45:00+0200,28.64,EUR/MWh,DE,DE_LU,day_ahead_price,value,2026-06-21T20:22:25Z
2026-06-21T20:21:09Z,2026-06-21T22:21:09+0200,4c728934-15fc-48ae-9cbd-ac5715da9ca9,2026-06-21T07:00:00Z,2026-06-21T09:00:00+0200,53.06,EUR/MWh,DE,DE_LU,day_ahead_price,value,2026-06-21T20:22:25Z
2026-06-21T20:21:09Z,2026-06-21T22:21:09+0200,4c728934-15fc-48ae-9cbd-ac5715da9ca9,2026-06-21T07:15:00Z,2026-06-21T09:15:00+0200,35.25,EUR/MWh,DE,DE_LU,day_ahead_price,value,2026-06-21T20:22:25Z
2026-06-21T20:21:09Z,2026-06-21T22:21:09+0200,4c728934-15fc-48ae-9cbd-ac5715da9ca9,2026-06-21T07:30:00Z,2026-06-21T09:30:00+0200,12.54,EUR/MWh,DE,DE_LU,day_ahead_price,value,2026-06-21T20:22:25Z
2026-06-21T20:21:09Z,2026-06-21T22:21:09+0200,4c728934-15fc-48ae-9cbd-ac5715da9ca9,2026-06-21T07:45:00Z,2026-06-21T09:45:00+0200,3.08,EUR/MWh,DE,DE_LU,day_ahead_price,value,2026-06-21T20:22:25Z
2026-06-21T20:21:09Z,2026-06-21T22:21:09+0200,4c728934-15fc-48ae-9cbd-ac5715da9ca9,2026-06-21T08:00:00Z,2026-06-21T10:00:00+0200,4.1,EUR/MWh,DE,DE_LU,day_ahead_price,value,2026-06-21T20:22:25Z
2026-06-21T20:21:09Z,2026-06-21T22:21:09+0200,4c728934-15fc-48ae-9cbd-ac5715da9ca9,2026-06-21T08:15:00Z,2026-06-21T10:15:00+0200,1.31,EUR/MWh,DE,DE_LU,day_ahead_price,value,2026-06-21T20:22:25Z
2026-06-21T20:21:09Z,2026-06-21T22:21:09+0200,4c728934-15fc-48ae-9cbd-ac5715da9ca9,2026-06-21T08:30:00Z,2026-06-21T10:30:00+0200,0.04,EUR/MWh,DE,DE_LU,day_ahead_price,value,2026-06-21T20:22:25Z
2026-06-21T20:21:09Z,2026-06-21T22:21:09+0200,4c728934-15fc-48ae-9cbd-ac5715da9ca9,2026-06-21T08:45:00Z,2026-06-21T10:45:00+0200,0.0,EUR/MWh,DE,DE_LU,day_ahead_price,value,2026-06-21T20:22:25Z
2026-06-21T20:21:09Z,2026-06-21T22:21:09+0200,4c728934-15fc-48ae-9cbd-ac5715da9ca9,2026-06-21T09:00:00Z,2026-06-21T11:00:00+0200,0.0,EUR/MWh,DE,DE_LU,day_ahead_price,value,2026-06-21T20:22:25Z
2026-06-21T20:21:09Z,2026-06-21T22:21:09+0200,4c728934-15fc-48ae-9cbd-ac5715da9ca9,2026-06-21T09:15:00Z,2026-06-21T11:15:00+0200,0.0,EUR/MWh,DE,DE_LU,day_ahead_price,value,2026-06-21T20:22:25Z
2026-06-21T20:21:09Z,2026-06-21T22:21:09+0200,4c728934-15fc-48ae-9cbd-ac5715da9ca9,2026-06-21T09:30:00Z,2026-06-21T11:30:00+0200,0.0,EUR/MWh,DE,DE_LU,day_ahead_price,value,2026-06-21T20:22:25Z
2026-06-21T20:21:09Z,2026-06-21T22:21:09+0200,4c728934-15fc-48ae-9cbd-ac5715da9ca9,2026-06-21T09:45:00Z,2026-06-21T11:45:00+0200,-0.01,EUR/MWh,DE,DE_LU,day_ahead_price,value,2026-06-21T20:22:25Z
2026-06-21T20:21:09Z,2026-06-21T22:21:09+0200,4c728934-15fc-48ae-9cbd-ac5715da9ca9,2026-06-21T10:00:00Z,2026-06-21T12:00:00+0200,0.0,EUR/MWh,DE,DE_LU,day_ahead_price,value,2026-06-21T20:22:25Z
2026-06-21T20:21:09Z,2026-06-21T22:21:09+0200,4c728934-15fc-48ae-9cbd-ac5715da9ca9,2026-06-21T10:15:00Z,2026-06-21T12:15:00+0200,-0.01,EUR/MWh,DE,DE_LU,day_ahead_price,value,2026-06-21T20:22:25Z
2026-06-21T20:21:09Z,2026-06-21T22:21:09+0200,4c728934-15fc-48ae-9cbd-ac5715da9ca9,2026-06-21T10:30:00Z,2026-06-21T12:30:00+0200,-0.01,EUR/MWh,DE,DE_LU,day_ahead_price,value,2026-06-21T20:22:25Z
2026-06-21T20:21:09Z,2026-06-21T22:21:09+0200,4c728934-15fc-48ae-9cbd-ac5715da9ca9,2026-06-21T10:45:00Z,2026-06-21T12:45:00+0200,-0.01,EUR/MWh,DE,DE_LU,day_ahead_price,value,2026-06-21T20:22:25Z
2026-06-21T20:21:09Z,2026-06-21T22:21:09+0200,4c728934-15fc-48ae-9cbd-ac5715da9ca9,2026-06-21T11:00:00Z,2026-06-21T13:00:00+0200,-0.01,EUR/MWh,DE,DE_LU,day_ahead_price,value,2026-06-21T20:22:25Z
2026-06-21T20:21:09Z,2026-06-21T22:21:09+0200,4c728934-15fc-48ae-9cbd-ac5715da9ca9,2026-06-21T11:15:00Z,2026-06-21T13:15:00+0200,-0.01,EUR/MWh,DE,DE_LU,day_ahead_price,value,2026-06-21T20:22:25Z
2026-06-21T20:21:09Z,2026-06-21T22:21:09+0200,4c728934-15fc-48ae-9cbd-ac5715da9ca9,2026-06-21T11:30:00Z,2026-06-21T13:30:00+0200,-0.01,EUR/MWh,DE,DE_LU,day_ahead_price,value,2026-06-21T20:22:25Z
2026-06-21T20:21:09Z,2026-06-21T22:21:09+0200,4c728934-15fc-48ae-9cbd-ac5715da9ca9,2026-06-21T11:45:00Z,2026-06-21T13:45:00+0200,-0.01,EUR/MWh,DE,DE_LU,day_ahead_price,value,2026-06-21T20:22:25Z
2026-06-21T20:21:09Z,2026-06-21T22:21:09+0200,4c728934-15fc-48ae-9cbd-ac5715da9ca9,2026-06-21T12:00:00Z,2026-06-21T14:00:00+0200,-0.01,EUR/MWh,DE,DE_LU,day_ahead_price,value,2026-06-21T20:22:25Z
2026-06-21T20:21:09Z,2026-06-21T22:21:09+0200,4c728934-15fc-48ae-9cbd-ac5715da9ca9,2026-06-21T12:15:00Z,2026-06-21T14:15:00+0200,-0.01,EUR/MWh,DE,DE_LU,day_ahead_price,value,2026-06-21T20:22:25Z
2026-06-21T20:21:09Z,2026-06-21T22:21:09+0200,4c728934-15fc-48ae-9cbd-ac5715da9ca9,2026-06-21T12:30:00Z,2026-06-21T14:30:00+0200,0.0,EUR/MWh,DE,DE_LU,day_ahead_price,value,2026-06-21T20:22:25Z
2026-06-21T20:21:09Z,2026-06-21T22:21:09+0200,4c728934-15fc-48ae-9cbd-ac5715da9ca9,2026-06-21T12:45:00Z,2026-06-21T14:45:00+0200,0.0,EUR/MWh,DE,DE_LU,day_ahead_price,value,2026-06-21T20:22:25Z
2026-06-21T20:21:09Z,2026-06-21T22:21:09+0200,4c728934-15fc-48ae-9cbd-ac5715da9ca9,2026-06-21T13:00:00Z,2026-06-21T15:00:00+0200,0.0,EUR/MWh,DE,DE_LU,day_ahead_price,value,2026-06-21T20:22:25Z
2026-06-21T20:21:09Z,2026-06-21T22:21:09+0200,4c728934-15fc-48ae-9cbd-ac5715da9ca9,2026-06-21T13:15:00Z,2026-06-21T15:15:00+0200,0.0,EUR/MWh,DE,DE_LU,day_ahead_price,value,2026-06-21T20:22:25Z
2026-06-21T20:21:09Z,2026-06-21T22:21:09+0200,4c728934-15fc-48ae-9cbd-ac5715da9ca9,2026-06-21T13:30:00Z,2026-06-21T15:30:00+0200,0.0,EUR/MWh,DE,DE_LU,day_ahead_price,value,2026-06-21T20:22:25Z
2026-06-21T20:21:09Z,2026-06-21T22:21:09+0200,4c728934-15fc-48ae-9cbd-ac5715da9ca9,2026-06-21T13:45:00Z,2026-06-21T15:45:00+0200,0.03,EUR/MWh,DE,DE_LU,day_ahead_price,value,2026-06-21T20:22:25Z
2026-06-21T20:21:09Z,2026-06-21T22:21:09+0200,4c728934-15fc-48ae-9cbd-ac5715da9ca9,2026-06-21T14:00:00Z,2026-06-21T16:00:00+0200,0.11,EUR/MWh,DE,DE_LU,day_ahead_price,value,2026-06-21T20:22:25Z
2026-06-21T20:21:09Z,2026-06-21T22:21:09+0200,4c728934-15fc-48ae-9cbd-ac5715da9ca9,2026-06-21T14:15:00Z,2026-06-21T16:15:00+0200,2.05,EUR/MWh,DE,DE_LU,day_ahead_price,value,2026-06-21T20:22:25Z
2026-06-21T20:21:09Z,2026-06-21T22:21:09+0200,4c728934-15fc-48ae-9cbd-ac5715da9ca9,2026-06-21T14:30:00Z,2026-06-21T16:30:00+0200,6.85,EUR/MWh,DE,DE_LU,day_ahead_price,value,2026-06-21T20:22:25Z
2026-06-21T20:21:09Z,2026-06-21T22:21:09+0200,4c728934-15fc-48ae-9cbd-ac5715da9ca9,2026-06-21T14:45:00Z,2026-06-21T16:45:00+0200,42.04,EUR/MWh,DE,DE_LU,day_ahead_price,value,2026-06-21T20:22:25Z
2026-06-21T20:21:09Z,2026-06-21T22:21:09+0200,4c728934-15fc-48ae-9cbd-ac5715da9ca9,2026-06-21T15:00:00Z,2026-06-21T17:00:00+0200,20.05,EUR/MWh,DE,DE_LU,day_ahead_price,value,2026-06-21T20:22:25Z
2026-06-21T20:21:09Z,2026-06-21T22:21:09+0200,4c728934-15fc-48ae-9cbd-ac5715da9ca9,2026-06-21T15:15:00Z,2026-06-21T17:15:00+0200,71.81,EUR/MWh,DE,DE_LU,day_ahead_price,value,2026-06-21T20:22:25Z
2026-06-21T20:21:09Z,2026-06-21T22:21:09+0200,4c728934-15fc-48ae-9cbd-ac5715da9ca9,2026-06-21T15:30:00Z,2026-06-21T17:30:00+0200,95.84,EUR/MWh,DE,DE_LU,day_ahead_price,value,2026-06-21T20:22:25Z
2026-06-21T20:21:09Z,2026-06-21T22:21:09+0200,4c728934-15fc-48ae-9cbd-ac5715da9ca9,2026-06-21T15:45:00Z,2026-06-21T17:45:00+0200,123.18,EUR/MWh,DE,DE_LU,day_ahead_price,value,2026-06-21T20:22:25Z
2026-06-21T20:21:09Z,2026-06-21T22:21:09+0200,4c728934-15fc-48ae-9cbd-ac5715da9ca9,2026-06-21T16:00:00Z,2026-06-21T18:00:00+0200,100.07,EUR/MWh,DE,DE_LU,day_ahead_price,value,2026-06-21T20:22:25Z
2026-06-21T20:21:09Z,2026-06-21T22:21:09+0200,4c728934-15fc-48ae-9cbd-ac5715da9ca9,2026-06-21T16:15:00Z,2026-06-21T18:15:00+0200,111.62,EUR/MWh,DE,DE_LU,day_ahead_price,value,2026-06-21T20:22:25Z
2026-06-21T20:21:09Z,2026-06-21T22:21:09+0200,4c728934-15fc-48ae-9cbd-ac5715da9ca9,2026-06-21T16:30:00Z,2026-06-21T18:30:00+0200,117.94,EUR/MWh,DE,DE_LU,day_ahead_price,value,2026-06-21T20:22:25Z
2026-06-21T20:21:09Z,2026-06-21T22:21:09+0200,4c728934-15fc-48ae-9cbd-ac5715da9ca9,2026-06-21T16:45:00Z,2026-06-21T18:45:00+0200,132.83,EUR/MWh,DE,DE_LU,day_ahead_price,value,2026-06-21T20:22:25Z
2026-06-21T20:21:09Z,2026-06-21T22:21:09+0200,4c728934-15fc-48ae-9cbd-ac5715da9ca9,2026-06-21T17:00:00Z,2026-06-21T19:00:00+0200,118.38,EUR/MWh,DE,DE_LU,day_ahead_price,value,2026-06-21T20:22:25Z
2026-06-21T20:21:09Z,2026-06-21T22:21:09+0200,4c728934-15fc-48ae-9cbd-ac5715da9ca9,2026-06-21T17:15:00Z,2026-06-21T19:15:00+0200,134.57,EUR/MWh,DE,DE_LU,day_ahead_price,value,2026-06-21T20:22:25Z
2026-06-21T20:21:09Z,2026-06-21T22:21:09+0200,4c728934-15fc-48ae-9cbd-ac5715da9ca9,2026-06-21T17:30:00Z,2026-06-21T19:30:00+0200,140.02,EUR/MWh,DE,DE_LU,day_ahead_price,value,2026-06-21T20:22:25Z
2026-06-21T20:21:09Z,2026-06-21T22:21:09+0200,4c728934-15fc-48ae-9cbd-ac5715da9ca9,2026-06-21T17:45:00Z,2026-06-21T19:45:00+0200,142.71,EUR/MWh,DE,DE_LU,day_ahead_price,value,2026-06-21T20:22:25Z
2026-06-21T20:21:09Z,2026-06-21T22:21:09+0200,4c728934-15fc-48ae-9cbd-ac5715da9ca9,2026-06-21T18:00:00Z,2026-06-21T20:00:00+0200,142.87,EUR/MWh,DE,DE_LU,day_ahead_price,value,2026-06-21T20:22:25Z
2026-06-21T20:21:09Z,2026-06-21T22:21:09+0200,4c728934-15fc-48ae-9cbd-ac5715da9ca9,2026-06-21T18:15:00Z,2026-06-21T20:15:00+0200,149.57,EUR/MWh,DE,DE_LU,day_ahead_price,value,2026-06-21T20:22:25Z
2026-06-21T20:21:09Z,2026-06-21T22:21:09+0200,4c728934-15fc-48ae-9cbd-ac5715da9ca9,2026-06-21T18:30:00Z,2026-06-21T20:30:00+0200,153.13,EUR/MWh,DE,DE_LU,day_ahead_price,value,2026-06-21T20:22:25Z
2026-06-21T20:21:09Z,2026-06-21T22:21:09+0200,4c728934-15fc-48ae-9cbd-ac5715da9ca9,2026-06-21T18:45:00Z,2026-06-21T20:45:00+0200,154.44,EUR/MWh,DE,DE_LU,day_ahead_price,value,2026-06-21T20:22:25Z
2026-06-21T20:21:09Z,2026-06-21T22:21:09+0200,4c728934-15fc-48ae-9cbd-ac5715da9ca9,2026-06-21T19:00:00Z,2026-06-21T21:00:00+0200,152.23,EUR/MWh,DE,DE_LU,day_ahead_price,value,2026-06-21T20:22:25Z
2026-06-21T20:21:09Z,2026-06-21T22:21:09+0200,4c728934-15fc-48ae-9cbd-ac5715da9ca9,2026-06-21T19:15:00Z,2026-06-21T21:15:00+0200,150.92,EUR/MWh,DE,DE_LU,day_ahead_price,value,2026-06-21T20:22:25Z
2026-06-21T20:21:09Z,2026-06-21T22:21:09+0200,4c728934-15fc-48ae-9cbd-ac5715da9ca9,2026-06-21T19:30:00Z,2026-06-21T21:30:00+0200,150.0,EUR/MWh,DE,DE_LU,day_ahead_price,value,2026-06-21T20:22:25Z
2026-06-21T20:21:09Z,2026-06-21T22:21:09+0200,4c728934-15fc-48ae-9cbd-ac5715da9ca9,2026-06-21T19:45:00Z,2026-06-21T21:45:00+0200,147.91,EUR/MWh,DE,DE_LU,day_ahead_price,value,2026-06-21T20:22:25Z
2026-06-21T20:21:09Z,2026-06-21T22:21:09+0200,4c728934-15fc-48ae-9cbd-ac5715da9ca9,2026-06-21T20:00:00Z,2026-06-21T22:00:00+0200,150.27,EUR/MWh,DE,DE_LU,day_ahead_price,value,2026-06-21T20:22:25Z
2026-06-21T20:21:09Z,2026-06-21T22:21:09+0200,4c728934-15fc-48ae-9cbd-ac5715da9ca9,2026-06-21T20:15:00Z,2026-06-21T22:15:00+0200,149.64,EUR/MWh,DE,DE_LU,day_ahead_price,value,2026-06-21T20:22:25Z
2026-06-21T20:21:09Z,2026-06-21T22:21:09+0200,4c728934-15fc-48ae-9cbd-ac5715da9ca9,2026-06-21T20:30:00Z,2026-06-21T22:30:00+0200,145.73,EUR/MWh,DE,DE_LU,day_ahead_price,value,2026-06-21T20:22:25Z
